Datum;Uhrzeit;Bezeichnung;Intervall;V33Z;V33B;V34Z;V34B;V51Z;V51B;V52Z;V52B;D71Z;D71B;V111Z;V111B;V112Z;V112B;D121Z;D121B;MP1Z;MP1B;MP2Z;MP2B;MP3Z;MP3B;MP4Z;MP4B;MP5Z;MP5B;MP6Z;MP6B;T6Z;T6B;T7Z;T7B;V10Z;V10B;V20Z;V20B;D11Z;D11B;D12Z;D12B;D31Z;D31B;D32Z;D32B;V122Z;V122B
13.09.2024;02:00;A 94;1;0;0;0;0;1;1;0;0;0;0;0;0;0;0;0;4;0;0;0;0;0;0;0;0;0;0;0;0;0;0;0;0;0;0;1;1;0;0;0;100;0;0;0;0;0;0
13.09.2024;01:59;A 94;1;0;0;2;5;1;1;0;0;0;0;0;0;0;0;1;11;0;0;0;0;0;0;0;0;0;0;0;0;0;0;0;0;0;0;1;1;0;0;0;100;0;0;1;10;3;3
13.09.2024;01:58;A 94;1;0;0;0;0;2;1;0;0;0;0;1;3;1;2;0;0;0;0;0;0;0;0;0;0;0;0;0;0;0;0;0;0;0;0;0;0;1;2;0;100;0;0;0;0;0;0
13.09.2024;01:57;A 94;1;1;7;0;0;0;0;0;0;0;0;2;7;4;5;0;0;0;0;0;0;0;0;0;0;0;0;0;0;0;0;0;0;0;0;0;0;3;3;0;100;1;8;0;0;0;0
13.09.2024;01:56;A 94;1;0;0;0;0;1;3;0;0;0;0;3;3;0;0;0;0;0;0;0;0;0;0;0;0;0;0;0;0;0;0;0;0;0;0;0;0;0;0;0;100;0;0;0;0;0;0
13.09.2024;01:55;A 94;1;0;0;0;0;2;4;1;4;0;0;2;3;0;0;0;0;0;0;0;0;0;0;0;0;0;0;0;0;0;0;0;0;0;0;0;0;1;1;0;100;0;0;0;0;0;0
13.09.2024;01:54;A 94;1;0;0;0;0;1;3;0;0;0;0;2;3;3;4;0;0;0;0;0;0;0;0;0;0;0;0;0;0;0;0;0;0;0;0;0;0;2;2;0;100;0;0;0;0;0;0
13.09.2024;01:53;A 94;1;1;7;0;0;0;0;0;0;0;0;3;10;0;0;0;0;0;0;0;0;0;0;0;0;0;0;0;0;0;0;0;0;0;0;0;0;2;2;0;100;1;7;0;0;0;0
13.09.2024;01:52;A 94;1;0;0;0;0;0;0;0;0;0;0;0;0;0;0;0;0;0;0;0;0;0;0;0;0;0;0;0;0;0;0;0;0;0;0;0;0;3;3;0;100;0;0;0;0;0;0
13.09.2024;01:51;A 94;1;1;18;0;0;2;3;0;0;0;0;2;7;0;0;0;0;0;0;0;0;0;0;0;0;0;0;0;0;0;0;0;0;0;0;2;1;0;0;0;100;2;8;0;0;0;0
13.09.2024;01:50;A 94;1;0;0;0;0;1;2;2;2;0;0;3;5;0;0;0;0;0;0;0;0;0;0;0;0;0;0;0;0;0;0;0;0;0;0;0;0;2;2;0;100;0;0;0;0;0;0
13.09.2024;01:49;A 94;1;2;6;0;0;1;2;0;0;0;0;1;3;0;0;0;0;0;0;0;0;0;0;0;0;0;0;0;0;0;0;0;0;0;0;0;0;2;2;0;100;1;9;0;0;0;0
13.09.2024;01:48;A 94;1;0;0;0;0;2;2;0;0;0;0;1;3;0;0;0;0;0;0;0;0;0;0;0;0;0;0;0;0;0;0;0;0;0;0;0;0;1;1;0;100;0;0;0;0;0;0
13.09.2024;01:47;A 94;1;0;0;0;0;1;6;0;0;0;0;1;3;0;0;0;0;0;0;0;0;0;0;0;0;0;0;0;0;0;0;0;0;0;0;1;1;1;1;0;100;0;0;0;0;0;0
13.09.2024;01:46;A 94;1;0;0;0;0;1;2;0;0;0;0;0;0;0;0;0;0;0;0;0;0;0;0;0;0;0;0;0;0;0;0;0;0;1;1;0;0;0;0;0;100;0;0;0;0;0;0
13.09.2024;01:45;A 94;1;0;0;0;0;0;0;1;3;0;0;4;8;0;0;0;0;0;0;0;0;0;0;0;0;0;0;0;0;0;0;0;0;0;0;0;0;3;3;0;100;0;0;0;0;0;0
13.09.2024;01:44;A 94;1;0;0;0;0;0;0;1;4;0;0;0;0;1;2;0;0;0;0;0;0;0;0;0;0;0;0;0;0;0;0;0;0;0;0;0;0;0;0;0;100;0;0;0;0;0;0
13.09.2024;01:43;A 94;1;0;0;0;0;2;4;1;3;0;0;0;0;0;0;0;0;0;0;0;0;0;0;0;0;0;0;0;0;0;0;0;0;0;0;1;1;0;0;0;100;0;0;0;0;0;0
13.09.2024;01:42;A 94;1;0;0;0;0;3;4;0;0;0;0;1;3;3;5;0;0;0;0;0;0;0;0;0;0;0;0;0;0;0;0;0;0;0;0;1;1;2;2;0;100;0;0;0;0;0;0
13.09.2024;01:41;A 94;1;0;0;0;0;1;2;0;0;0;0;2;3;0;0;0;0;0;0;0;0;0;0;0;0;0;0;0;0;0;0;0;0;0;0;1;1;0;0;0;100;0;0;0;0;0;0
13.09.2024;01:40;A 94;1;2;8;0;0;3;5;0;0;0;0;3;4;0;0;0;0;0;0;0;0;0;0;0;0;0;0;0;0;0;0;0;0;0;0;0;0;4;3;0;100;1;16;0;1;0;0
13.09.2024;01:39;A 94;1;1;6;1;6;0;0;2;2;0;0;0;0;0;0;0;0;0;0;0;0;0;0;0;0;0;0;0;0;0;0;0;0;0;0;0;0;0;0;0;100;1;9;1;9;0;0
13.09.2024;01:38;A 94;1;0;0;0;0;1;1;1;2;0;0;0;0;0;0;0;0;0;0;0;0;0;0;0;0;0;0;0;0;0;0;0;0;1;1;3;2;0;0;0;100;0;0;0;0;0;0
13.09.2024;01:37;A 94;1;0;0;0;0;3;6;0;0;0;0;3;3;0;0;0;0;0;0;0;0;0;0;0;0;0;0;0;0;0;0;0;0;0;0;1;1;1;2;0;100;0;0;0;0;0;0
13.09.2024;01:36;A 94;1;0;0;0;0;2;6;3;4;0;0;1;3;0;0;0;0;0;0;0;0;0;0;0;0;0;0;0;0;0;0;0;0;0;0;1;1;1;1;0;100;0;0;0;0;0;0
13.09.2024;01:35;A 94;1;0;0;0;0;1;2;1;3;0;0;0;0;0;0;0;0;0;0;0;0;0;0;0;0;0;0;0;0;0;0;0;0;0;0;0;0;1;1;0;100;0;0;0;0;0;0
13.09.2024;01:34;A 94;1;0;0;0;0;2;4;0;0;0;0;5;5;0;0;0;0;0;0;0;0;0;0;0;0;0;0;0;0;0;0;0;0;1;1;0;0;1;1;0;100;0;0;0;0;0;0
13.09.2024;01:33;A 94;1;0;0;0;0;1;2;0;0;0;0;2;2;0;0;0;0;0;0;0;0;0;0;0;0;0;0;0;0;0;0;0;0;0;0;0;0;1;1;0;100;0;0;0;0;0;0
13.09.2024;01:32;A 94;1;0;0;0;0;1;3;0;0;0;0;2;3;0;0;0;0;0;0;0;0;0;0;0;0;0;0;0;0;0;0;0;0;1;1;0;0;1;1;0;100;0;0;0;0;0;0
13.09.2024;01:31;A 94;1;0;0;0;0;1;8;0;0;0;0;1;3;0;0;1;4;0;0;0;0;0;0;0;0;0;0;0;0;0;0;0;0;0;0;0;0;1;1;0;100;0;0;0;0;3;3
13.09.2024;01:30;A 94;1;0;22;0;0;0;0;2;8;0;0;1;3;2;2;1;5;0;0;0;0;0;0;0;0;0;0;0;0;0;0;0;0;0;0;1;1;2;7;0;100;0;25;0;0;2;7
13.09.2024;01:29;A 94;1;1;22;0;0;2;5;2;2;0;0;0;0;0;0;0;0;0;0;0;0;0;0;0;0;0;0;0;0;0;0;0;0;0;0;1;1;1;1;0;100;1;13;0;0;0;0
13.09.2024;01:28;A 94;1;0;0;0;0;1;2;0;0;0;0;2;6;0;0;0;0;0;0;0;0;0;0;0;0;0;0;0;0;0;0;0;0;1;1;0;0;1;1;0;100;0;0;0;0;0;0
13.09.2024;01:27;A 94;1;0;0;0;0;0;0;0;0;0;0;1;3;0;0;0;0;0;0;0;0;0;0;0;0;0;0;0;0;0;0;0;0;0;0;0;0;1;1;0;100;0;0;0;0;0;0
13.09.2024;01:26;A 94;1;0;0;0;0;0;0;1;2;0;0;4;5;0;0;0;0;0;0;0;0;0;0;0;0;0;0;0;0;0;0;0;0;1;1;0;0;2;2;0;100;0;0;0;0;0;0
13.09.2024;01:25;A 94;1;1;6;0;0;3;27;0;0;0;0;0;0;0;0;0;0;0;0;0;0;0;0;0;0;0;0;0;0;0;0;0;0;0;0;0;0;1;1;0;100;1;8;0;0;0;0
13.09.2024;01:24;A 94;1;3;15;0;0;2;5;0;0;0;0;3;3;0;0;1;9;0;0;0;0;0;0;0;0;0;0;0;0;0;0;0;0;0;0;0;0;3;3;0;100;2;39;0;0;3;3
13.09.2024;01:23;A 94;1;0;0;0;0;2;8;0;0;0;0;0;0;0;0;2;6;0;0;0;0;0;0;0;0;0;0;0;0;0;0;0;0;0;0;0;0;1;1;0;100;0;0;0;0;4;3
13.09.2024;01:22;A 94;1;0;0;0;0;1;3;0;0;0;0;4;7;1;2;0;0;0;0;0;0;0;0;0;0;0;0;0;0;0;0;0;0;0;0;2;1;2;4;0;100;0;0;0;0;2;1
13.09.2024;01:21;A 94;1;0;0;0;0;0;0;0;0;0;0;0;0;0;0;0;0;0;0;0;0;0;0;0;0;0;0;0;0;0;0;0;0;0;0;0;0;0;0;0;100;0;0;0;0;0;0
13.09.2024;01:20;A 94;1;0;0;0;0;3;5;0;0;0;0;1;3;1;2;0;0;0;0;0;0;0;0;0;0;0;0;0;0;0;0;0;0;0;0;0;0;1;1;0;100;0;0;0;0;0;0
13.09.2024;01:19;A 94;1;0;0;0;0;3;5;1;2;0;0;0;0;0;0;0;0;0;0;0;0;0;0;0;0;0;0;0;0;0;0;0;0;0;0;2;1;0;0;0;100;0;0;0;0;0;0
13.09.2024;01:18;A 94;1;0;0;0;0;0;0;0;0;0;0;0;0;0;0;0;0;0;0;0;0;0;0;0;0;0;0;0;0;0;0;0;0;0;0;0;0;1;1;0;100;0;0;0;0;0;0
13.09.2024;01:17;A 94;1;0;0;0;0;4;12;0;0;0;0;4;5;0;0;1;5;0;0;0;0;0;0;0;0;0;0;0;0;0;0;0;0;0;0;1;1;1;1;0;100;0;0;0;0;1;4
13.09.2024;01:16;A 94;1;0;0;3;5;4;8;0;0;0;0;4;8;0;0;0;0;0;0;0;0;0;0;0;0;0;0;0;0;0;0;0;0;0;0;1;1;3;3;0;100;0;0;1;8;0;0
13.09.2024;01:15;A 94;1;0;0;0;0;2;8;0;0;0;0;5;9;0;0;0;0;0;0;0;0;0;0;0;0;0;0;0;0;0;0;0;0;0;0;0;0;3;3;0;100;0;0;0;0;0;0
13.09.2024;01:14;A 94;1;0;0;0;0;0;0;0;0;0;0;0;0;1;3;1;5;0;0;0;0;0;0;0;0;0;0;0;0;0;0;0;0;0;0;0;0;0;0;0;100;0;0;0;0;4;3
13.09.2024;01:13;A 94;1;0;0;0;0;3;21;1;3;0;0;1;3;0;0;0;0;0;0;0;0;0;0;0;0;0;0;0;0;0;0;0;0;2;3;0;0;2;2;0;100;1;16;0;0;0;0
13.09.2024;01:12;A 94;1;0;0;0;0;4;10;2;7;0;0;6;4;1;1;0;0;0;0;0;0;0;0;0;0;0;0;0;0;0;0;0;0;0;0;1;1;3;5;0;100;0;0;0;0;0;0
13.09.2024;01:11;A 94;1;0;0;0;0;6;10;2;1;0;0;1;3;0;0;0;0;0;0;0;0;0;0;0;0;0;0;0;0;0;0;0;0;0;0;0;0;0;0;0;100;0;0;0;0;0;0
13.09.2024;01:10;A 94;1;0;0;0;0;0;0;0;0;0;0;0;0;0;0;0;0;0;0;0;0;0;0;0;0;0;0;0;0;0;0;0;0;0;0;0;0;0;0;0;100;0;0;0;0;0;0
13.09.2024;01:09;A 94;1;0;0;0;0;3;5;0;0;0;0;3;5;0;0;1;2;0;0;0;0;0;0;0;0;0;0;0;0;0;0;0;0;0;0;0;0;2;2;0;100;0;0;0;0;1;7
13.09.2024;01:08;A 94;1;0;0;0;0;0;0;1;4;0;0;0;0;0;0;0;0;0;0;0;0;0;0;0;0;0;0;1;2;0;0;0;0;1;3;0;0;1;3;0;100;0;0;0;0;0;0
13.09.2024;01:07;A 94;1;4;9;0;0;5;14;2;2;0;0;1;4;1;1;0;0;0;0;0;0;0;0;1;2;1;2;0;0;0;0;0;0;0;0;0;0;3;3;0;100;2;9;0;0;0;0
13.09.2024;01:06;A 94;1;0;0;0;0;2;5;1;2;0;0;3;3;0;0;0;0;0;0;0;0;0;0;0;0;0;0;0;0;0;0;0;0;0;0;1;1;1;1;0;100;0;0;0;0;0;0
13.09.2024;01:05;A 94;1;0;0;0;0;5;9;1;1;0;0;5;8;0;0;0;0;0;0;0;0;0;0;0;0;0;0;0;0;0;0;0;0;0;0;0;0;3;3;0;100;0;0;0;0;0;0
13.09.2024;01:04;A 94;1;0;0;0;0;2;9;0;0;0;0;2;3;0;0;1;7;0;0;0;0;0;0;0;0;0;0;0;0;0;0;0;0;1;1;2;1;0;0;0;100;0;0;0;0;3;2
13.09.2024;01:03;A 94;1;0;0;0;0;4;10;0;0;0;0;0;0;0;0;0;0;0;0;0;0;0;0;0;0;0;0;0;0;0;0;0;0;0;0;1;1;0;0;0;100;0;0;0;0;0;0
13.09.2024;01:02;A 94;1;0;0;0;0;3;5;1;3;0;0;0;0;0;0;0;0;0;0;0;0;0;0;0;0;0;0;0;0;0;0;0;0;0;0;1;1;0;0;0;100;0;0;0;0;0;0
13.09.2024;01:01;A 94;1;0;0;0;0;1;2;0;0;0;0;3;7;0;0;0;0;0;0;0;0;0;0;0;0;0;0;0;0;0;0;0;0;0;0;0;0;2;2;0;100;0;0;0;0;0;0
13.09.2024;01:00;A 94;1;1;2;0;0;2;6;0;0;0;0;4;5;0;0;0;0;0;0;0;0;0;0;0;0;0;0;0;0;0;0;0;0;1;1;1;1;1;1;0;100;0;0;0;0;0;0
13.09.2024;00:59;A 94;1;0;0;0;0;1;2;1;2;0;0;0;0;0;0;0;0;0;0;0;0;0;0;0;0;0;0;0;0;0;0;0;0;0;0;0;0;0;0;0;100;0;0;0;0;0;0
13.09.2024;00:58;A 94;1;0;0;0;0;1;4;0;0;0;0;0;0;4;4;0;0;0;0;0;0;0;0;0;0;0;0;0;0;0;0;0;0;0;0;0;0;0;0;0;100;0;0;0;0;0;0
13.09.2024;00:57;A 94;1;0;0;0;0;0;0;0;0;0;0;2;3;0;0;0;0;0;0;0;0;0;0;0;0;0;0;0;0;0;0;0;0;0;0;0;0;1;1;0;100;0;0;0;0;0;0
13.09.2024;00:56;A 94;1;0;0;0;0;2;2;0;0;0;0;0;0;0;0;0;0;0;0;0;0;0;0;0;0;0;0;0;0;0;0;0;0;0;0;0;0;0;0;0;100;0;0;0;0;0;0
13.09.2024;00:55;A 94;1;2;8;0;0;1;1;1;2;0;0;2;3;0;0;0;0;0;0;0;0;0;0;0;0;0;0;0;0;0;0;0;0;1;2;1;1;3;3;0;100;1;5;0;0;0;0
13.09.2024;00:54;A 94;1;1;6;0;0;0;0;0;0;0;0;4;9;0;0;0;0;0;0;0;0;0;0;0;0;0;0;0;0;0;0;0;0;0;0;0;0;3;3;0;100;1;11;0;0;0;0
13.09.2024;00:53;A 94;1;0;0;0;0;2;2;0;0;0;0;2;2;1;2;0;0;0;0;0;0;0;0;0;0;0;0;0;0;0;0;0;0;0;0;0;0;0;0;0;100;0;0;0;0;0;0
13.09.2024;00:52;A 94;1;0;0;0;0;1;3;0;0;0;0;0;0;0;0;0;0;0;0;0;0;0;0;0;0;0;0;0;0;0;0;0;0;0;0;0;0;0;0;0;100;0;0;0;0;0;0
13.09.2024;00:51;A 94;1;0;0;0;0;1;2;0;0;0;0;0;0;0;0;1;3;0;0;0;0;0;0;0;0;0;0;0;0;0;0;0;0;0;0;0;0;0;0;0;100;0;0;0;0;2;4
13.09.2024;00:50;A 94;1;0;0;3;5;1;2;0;0;0;0;0;0;0;0;0;0;0;0;0;0;0;0;0;0;0;0;0;0;0;0;0;0;0;0;0;0;1;1;0;100;0;0;1;11;0;0
13.09.2024;00:49;A 94;1;0;0;0;0;0;0;0;0;0;0;0;0;0;0;0;0;0;0;0;0;0;0;0;0;0;0;0;0;0;0;0;0;0;0;0;0;0;0;0;100;0;0;0;0;0;0
13.09.2024;00:48;A 94;1;0;0;0;0;4;6;0;0;0;0;3;6;0;0;0;0;0;0;0;0;0;0;0;0;0;0;0;0;0;0;0;0;0;0;0;0;2;2;0;100;0;0;0;0;0;0
13.09.2024;00:47;A 94;1;0;0;0;0;0;0;0;0;0;0;0;0;1;3;0;0;0;0;0;0;0;0;0;0;0;0;0;0;0;0;0;0;0;0;0;0;0;0;0;100;0;0;0;0;0;0
13.09.2024;00:46;A 94;1;0;0;0;0;2;3;1;4;0;0;0;0;0;0;0;0;0;0;0;0;0;0;0;0;0;0;0;0;0;0;0;0;0;0;1;1;1;1;0;100;0;0;0;0;0;0
13.09.2024;00:45;A 94;1;0;0;0;0;1;5;0;0;0;0;2;3;2;2;0;0;0;0;0;0;0;0;0;0;0;0;0;0;0;0;0;0;0;0;2;1;1;1;0;100;0;0;0;0;0;0
13.09.2024;00:44;A 94;1;0;0;0;0;4;15;0;0;0;0;3;6;0;0;0;0;0;0;0;0;0;0;0;0;0;0;0;0;0;0;0;0;0;0;0;0;1;1;0;100;0;0;0;0;0;0
13.09.2024;00:43;A 94;1;0;0;0;0;1;3;0;0;0;0;3;2;2;2;0;0;0;0;0;0;0;0;0;0;0;0;0;0;0;0;0;0;0;0;0;0;1;1;0;100;0;0;0;0;0;0
13.09.2024;00:42;A 94;1;0;0;0;0;1;3;0;0;0;0;0;0;0;0;0;0;0;0;0;0;0;0;0;0;0;0;0;0;0;0;0;0;0;0;0;0;0;0;0;100;0;0;0;0;0;0
13.09.2024;00:41;A 94;1;2;5;0;0;1;3;1;6;0;0;3;2;2;2;0;0;0;0;0;0;0;0;0;0;0;0;0;0;0;0;0;0;1;1;0;0;3;4;0;100;1;12;0;0;0;0
13.09.2024;00:40;A 94;1;0;0;0;0;2;5;1;2;0;0;3;10;4;7;0;0;0;0;0;0;0;0;0;0;0;0;0;0;0;0;0;0;0;0;0;0;2;4;0;100;0;0;0;0;2;2
13.09.2024;00:39;A 94;1;1;1;0;0;2;4;0;0;0;0;0;0;0;0;0;0;0;0;0;0;0;0;0;0;0;0;0;0;0;0;0;0;1;1;0;0;0;0;0;100;0;0;0;0;0;0
13.09.2024;00:38;A 94;1;0;0;0;0;2;5;0;0;0;0;0;0;0;0;0;0;0;0;0;0;0;0;0;0;0;0;0;0;0;0;0;0;0;0;0;0;0;0;0;100;0;0;0;0;0;0
13.09.2024;00:37;A 94;1;0;0;0;0;4;7;0;0;0;0;5;6;0;0;0;0;0;0;0;0;0;0;0;0;0;0;0;0;0;0;0;0;0;0;0;0;4;6;0;100;0;0;0;0;0;0
13.09.2024;00:36;A 94;1;0;0;0;0;0;0;0;0;0;0;2;2;0;0;1;3;0;0;0;0;0;0;0;0;0;0;0;0;0;0;0;0;0;0;0;0;0;0;0;100;0;0;0;0;1;2
13.09.2024;00:35;A 94;1;0;0;0;0;0;0;1;2;0;0;3;7;0;0;0;0;0;0;0;0;0;0;0;0;0;0;0;0;0;0;0;0;0;0;0;0;3;3;0;100;0;0;0;0;2;3
13.09.2024;00:34;A 94;1;1;7;0;0;1;1;0;0;0;0;3;4;1;4;0;0;0;0;0;0;0;0;0;0;0;0;0;0;0;0;0;0;0;0;1;1;2;2;0;100;1;9;0;0;0;0
13.09.2024;00:33;A 94;1;0;0;0;0;1;3;1;2;0;0;1;2;1;2;2;5;0;0;0;0;0;0;0;0;0;0;0;0;0;0;0;0;1;1;0;0;1;2;0;100;0;0;0;0;2;13
13.09.2024;00:32;A 94;1;1;7;0;0;2;2;0;0;0;0;7;10;1;2;0;0;0;0;0;0;0;0;0;0;0;0;0;0;0;0;0;0;0;0;0;0;3;5;0;100;1;7;0;0;0;0
13.09.2024;00:31;A 94;1;0;0;0;0;3;10;0;0;0;0;4;4;0;0;0;0;0;0;0;0;0;0;0;0;0;0;0;0;0;0;0;0;0;0;0;0;1;2;0;100;0;0;0;0;0;0
13.09.2024;00:30;A 94;1;4;11;2;9;1;4;0;0;0;0;0;0;0;0;0;0;0;0;0;0;0;0;0;0;0;0;0;0;0;0;0;0;0;0;1;1;2;2;0;100;2;46;1;3;0;0
13.09.2024;00:29;A 94;1;0;0;0;0;3;4;1;3;0;0;3;2;0;0;0;0;0;0;0;0;0;0;0;0;0;0;0;0;0;0;0;0;1;1;1;1;1;1;0;100;0;0;0;0;0;0
13.09.2024;00:28;A 94;1;1;11;0;0;3;3;0;0;0;0;4;4;0;0;0;0;0;0;0;0;0;0;0;0;0;0;0;0;0;0;0;0;2;2;1;1;3;4;0;100;1;8;0;0;0;0
13.09.2024;00:27;A 94;1;1;10;1;6;2;2;1;6;0;0;4;5;0;0;0;0;0;0;0;0;0;0;0;0;0;0;0;0;0;0;0;0;1;1;1;1;2;2;0;100;1;6;1;4;0;0
13.09.2024;00:26;A 94;1;0;0;0;0;0;0;2;2;0;0;0;0;0;0;1;4;0;0;0;0;0;0;0;0;0;0;0;0;0;0;0;0;0;0;0;0;1;1;0;100;0;0;0;0;3;3
13.09.2024;00:25;A 94;1;2;4;0;0;2;6;0;0;0;0;4;9;0;0;0;0;0;0;0;0;0;0;0;0;0;0;0;0;0;0;0;0;1;1;0;0;5;7;0;100;1;13;0;0;0;0
13.09.2024;00:24;A 94;1;0;0;0;0;2;6;0;0;0;0;8;13;0;0;0;0;0;0;0;0;0;0;0;0;0;0;0;0;0;0;0;0;0;0;0;0;3;3;0;100;0;0;0;0;0;0
13.09.2024;00:23;A 94;1;0;0;3;4;2;7;0;0;0;0;1;3;1;3;1;5;0;0;0;0;0;0;0;0;0;0;0;0;0;0;0;0;0;0;2;1;0;0;0;100;0;0;1;16;3;3
13.09.2024;00:22;A 94;1;0;0;0;0;3;12;0;0;0;0;0;0;0;0;0;0;0;0;0;0;0;0;0;0;0;0;0;0;0;0;0;0;0;0;3;2;0;0;0;100;0;0;0;0;0;0
13.09.2024;00:21;A 94;1;2;7;0;0;4;10;0;0;0;0;6;6;0;0;0;0;0;0;0;0;0;0;0;0;0;0;0;0;0;0;0;0;0;0;0;0;3;4;0;100;1;12;0;0;0;0
13.09.2024;00:20;A 94;1;0;0;0;0;3;6;1;3;0;0;0;0;0;0;1;3;0;0;0;0;0;0;0;0;0;0;0;0;0;0;0;0;0;0;1;1;0;0;0;100;0;0;0;0;3;4
13.09.2024;00:19;A 94;1;0;0;0;0;0;0;0;0;0;0;2;3;0;0;1;2;0;0;0;0;0;0;0;0;0;0;0;0;0;0;0;0;1;1;0;0;2;3;0;100;0;0;0;0;1;2
13.09.2024;00:18;A 94;1;0;0;0;0;1;5;1;2;0;0;3;2;2;2;0;0;0;0;0;0;0;0;0;0;0;0;0;0;0;0;0;0;0;0;1;1;0;0;0;100;0;0;0;0;2;5
13.09.2024;00:17;A 94;1;0;0;0;0;5;7;0;0;0;0;0;0;0;0;0;0;0;0;0;0;0;0;0;0;0;0;0;0;0;0;0;0;3;4;3;2;0;0;0;100;0;0;0;0;0;0
13.09.2024;00:16;A 94;1;0;0;2;7;1;6;1;6;0;0;4;32;0;0;0;0;0;0;0;0;0;0;0;0;0;0;0;0;0;0;0;0;0;0;0;0;3;4;0;100;0;0;1;8;0;0
13.09.2024;00:15;A 94;1;0;0;0;0;9;18;0;0;0;0;1;3;0;0;1;6;0;0;0;0;0;0;0;0;0;0;0;0;0;0;0;0;0;0;2;2;1;1;0;100;0;0;0;0;3;2
13.09.2024;00:14;A 94;1;3;4;0;0;1;3;2;3;0;0;8;10;0;0;0;0;0;0;0;0;0;0;0;0;0;0;0;0;0;0;0;0;0;0;0;0;4;4;0;100;1;10;0;0;0;0
13.09.2024;00:13;A 94;1;0;0;0;0;2;4;0;0;0;0;0;0;0;0;0;0;0;0;0;0;0;0;0;0;0;0;0;0;0;0;0;0;0;0;0;0;0;0;0;100;0;0;0;0;0;0
13.09.2024;00:12;A 94;1;0;0;0;0;1;2;0;0;0;0;4;6;0;0;0;0;0;0;0;0;0;0;0;0;0;0;0;0;0;0;0;0;0;0;1;1;2;2;0;100;0;0;0;0;0;0
13.09.2024;00:11;A 94;1;1;1;0;0;2;6;0;0;0;0;2;3;1;3;0;0;0;0;0;0;0;0;0;0;0;0;0;0;0;0;0;0;0;0;0;0;2;2;0;100;1;10;0;0;0;0
13.09.2024;00:10;A 94;1;2;3;0;0;2;7;0;0;0;0;7;8;5;7;0;0;0;0;0;0;0;0;0;0;0;0;0;0;0;0;0;0;0;0;0;0;3;3;0;100;0;0;0;0;0;0
13.09.2024;00:09;A 94;1;0;0;0;0;5;16;0;0;0;0;5;6;1;3;1;18;0;0;0;0;0;0;0;0;0;0;0;0;0;0;0;0;1;1;1;1;3;3;0;100;0;0;0;0;3;3
13.09.2024;00:08;A 94;1;3;9;1;2;1;1;0;0;0;0;2;3;1;2;2;7;0;0;0;0;0;0;0;0;0;0;0;0;0;0;0;0;0;0;2;1;1;1;0;100;1;21;1;21;3;4
13.09.2024;00:07;A 94;1;0;0;0;0;1;7;0;0;0;0;5;11;3;6;0;0;0;0;0;0;0;0;0;0;0;1;1;2;0;0;0;0;0;0;1;1;4;5;0;100;0;0;0;0;2;1
13.09.2024;00:06;A 94;1;0;0;0;0;2;4;0;0;0;0;3;6;1;3;1;4;0;0;0;0;0;0;1;2;1;0;0;0;0;0;0;0;0;0;0;0;2;2;0;100;0;0;0;0;3;3
13.09.2024;00:05;A 94;1;0;0;0;0;3;12;0;0;0;0;4;8;0;0;1;31;0;1;1;2;1;2;0;0;0;0;0;0;0;0;0;0;0;0;0;0;3;3;0;100;0;0;0;0;3;2
13.09.2024;00:04;A 94;1;0;0;0;0;0;0;0;0;0;0;1;1;3;8;0;0;1;1;0;0;0;0;0;0;0;0;0;0;0;0;0;0;0;0;0;0;1;3;0;100;0;0;0;0;0;0
13.09.2024;00:03;A 94;1;0;0;1;7;2;6;0;0;0;0;0;0;0;0;0;0;0;0;0;0;0;0;0;0;0;0;0;0;0;0;0;0;0;0;0;0;0;0;0;100;0;0;1;7;0;0
13.09.2024;00:02;A 94;1;0;0;0;0;5;10;2;2;0;0;2;2;0;0;0;0;0;0;0;0;0;0;0;0;0;0;0;0;0;0;0;0;0;0;0;0;1;1;0;100;0;0;0;0;0;0
13.09.2024;00:01;A 94;1;0;0;3;7;2;8;0;0;0;0;0;0;0;0;0;0;0;0;0;0;0;0;0;0;0;0;0;0;0;0;0;0;1;1;4;3;0;0;0;100;0;0;1;10;0;0
13.09.2024;00:00;A 94;1;0;0;0;0;1;2;0;0;0;0;3;5;0;0;0;0;0;0;0;0;0;0;0;0;0;0;0;0;0;0;0;0;3;3;0;0;2;2;0;100;0;11;0;0;0;0
12.09.2024;23:59;A 94;1;2;5;0;0;8;21;2;2;0;0;1;3;2;5;1;4;0;0;0;0;1;2;1;2;1;2;1;2;0;0;0;0;1;1;2;1;1;2;0;100;1;1;0;0;3;3
12.09.2024;23:58;A 94;1;3;9;0;0;6;14;2;4;0;0;3;4;0;0;2;12;1;2;1;2;0;0;0;0;0;0;0;0;0;0;0;0;0;0;2;1;2;2;0;100;1;6;0;0;6;9
12.09.2024;23:57;A 94;1;1;10;0;0;0;0;0;0;0;0;5;9;0;0;1;17;0;0;0;0;0;0;0;0;0;0;0;0;0;0;0;0;0;0;0;0;3;4;0;100;1;28;0;0;2;5
12.09.2024;23:56;A 94;1;0;0;1;9;6;13;0;0;0;0;2;5;1;3;1;6;0;0;0;0;0;0;0;0;0;0;0;0;0;0;0;0;2;2;0;0;2;2;0;100;0;0;1;17;3;2
12.09.2024;23:55;A 94;1;0;0;2;7;2;3;0;0;0;0;0;0;0;0;1;3;0;0;0;0;0;0;0;0;0;0;0;0;0;0;0;0;1;1;2;1;1;1;0;100;0;0;1;7;0;0
12.09.2024;23:54;A 94;1;0;0;0;0;3;5;0;0;0;0;6;26;0;0;1;9;0;0;0;0;0;0;0;0;0;0;0;0;0;0;0;0;1;1;0;0;4;5;0;100;0;25;0;0;6;4
12.09.2024;23:53;A 94;1;4;13;0;0;1;2;1;3;1;3;1;3;0;0;0;0;0;0;0;0;0;0;0;0;0;0;0;0;0;0;0;0;1;1;3;3;2;2;0;100;2;13;0;0;0;0
12.09.2024;23:52;A 94;1;3;6;0;0;6;14;0;0;0;0;4;3;3;3;0;0;0;0;0;0;0;0;0;0;0;0;0;0;0;0;0;0;0;0;1;1;2;2;0;100;1;7;0;0;0;0
12.09.2024;23:51;A 94;1;0;0;0;0;1;7;0;0;0;0;4;9;0;0;0;0;0;0;0;0;0;0;0;0;0;0;0;0;0;0;0;0;0;0;1;1;3;3;0;100;0;0;0;0;0;0
12.09.2024;23:50;A 94;1;0;0;0;0;1;3;0;0;0;0;4;5;1;3;0;0;0;0;0;0;0;0;0;0;0;0;0;0;0;0;0;0;1;1;2;2;2;2;0;100;0;0;0;0;0;0
12.09.2024;23:49;A 94;1;0;0;0;0;1;2;1;4;0;0;5;12;2;3;2;9;0;0;0;0;0;0;0;0;0;0;0;0;0;0;0;0;0;0;1;1;4;4;0;100;0;0;0;0;4;3
12.09.2024;23:48;A 94;1;0;0;0;0;4;10;0;0;0;0;4;6;0;0;0;0;0;0;0;0;0;0;0;0;0;0;0;0;0;0;0;0;0;0;0;0;2;2;0;100;0;0;0;0;0;0
12.09.2024;23:47;A 94;1;0;0;0;0;3;7;1;2;0;0;2;3;0;0;0;0;0;0;0;0;0;0;0;0;0;0;0;0;0;0;0;0;0;0;1;1;2;2;0;100;0;0;0;0;0;0
12.09.2024;23:46;A 94;1;0;0;0;0;2;4;1;4;0;0;3;6;0;0;0;0;0;0;0;0;0;0;0;0;0;0;0;0;0;0;0;0;0;0;1;1;1;1;0;100;0;0;0;0;0;0
12.09.2024;23:45;A 94;1;0;0;0;0;0;0;2;2;0;0;12;14;2;6;1;2;0;0;0;0;0;0;0;0;0;0;0;0;0;0;0;0;1;1;1;1;5;5;0;100;0;0;0;0;1;5
12.09.2024;23:44;A 94;1;0;0;0;0;2;6;0;0;0;0;6;10;0;0;4;10;0;0;0;0;0;0;0;0;0;0;0;0;0;0;0;0;1;1;2;1;5;5;0;100;0;0;0;0;12;13
12.09.2024;23:43;A 94;1;0;4;0;0;1;2;0;0;0;0;8;16;0;0;1;19;0;0;0;0;0;0;0;0;0;0;0;0;0;0;0;0;0;0;0;0;6;7;0;100;1;22;0;0;3;3
12.09.2024;23:42;A 94;1;2;25;2;6;0;0;0;0;0;0;6;27;0;0;1;3;0;0;0;0;0;0;0;0;0;0;0;0;0;0;0;0;1;1;0;0;5;6;0;100;2;18;1;4;3;3
12.09.2024;23:41;A 94;1;0;0;1;12;2;4;2;3;0;0;3;5;0;0;0;0;0;0;0;0;0;0;0;0;0;0;0;0;0;0;1;2;2;2;1;1;2;2;0;100;0;0;2;3;0;0
12.09.2024;23:40;A 94;1;0;0;0;0;4;10;2;5;0;0;9;10;1;2;0;0;0;0;0;0;0;0;0;0;0;0;0;0;0;0;0;0;0;0;0;0;3;3;0;100;0;0;0;0;0;0
12.09.2024;23:39;A 94;1;0;0;0;0;2;4;2;2;0;0;3;5;0;0;1;7;0;0;0;0;0;0;0;0;0;0;0;0;0;0;0;0;1;1;1;1;2;2;0;100;0;0;0;0;0;0
12.09.2024;23:38;A 94;1;3;5;0;0;1;1;2;2;0;0;3;3;0;0;1;4;0;0;0;0;0;0;0;0;0;0;0;0;0;0;0;0;0;0;1;1;3;3;0;100;1;9;0;0;5;5
12.09.2024;23:37;A 94;1;0;0;0;0;1;2;0;0;0;0;7;11;0;0;3;11;0;0;0;0;0;0;0;0;0;0;0;0;0;0;0;0;0;0;0;0;3;3;0;100;0;0;0;0;9;9
12.09.2024;23:36;A 94;1;7;44;0;0;4;11;3;9;0;0;1;3;1;3;0;0;0;0;0;0;0;0;0;0;0;0;0;0;0;0;0;0;0;0;1;1;6;7;0;100;3;45;0;0;0;0
12.09.2024;23:35;A 94;1;3;8;0;0;3;6;1;2;0;0;6;11;7;19;0;0;0;0;0;0;0;0;0;0;0;0;0;0;0;0;1;2;0;0;1;1;3;4;0;100;1;7;0;0;1;1
12.09.2024;23:34;A 94;1;1;11;2;12;3;8;0;0;0;0;2;4;1;2;0;0;0;0;0;0;0;0;0;0;0;0;0;0;0;0;0;0;0;0;0;0;1;1;0;100;1;3;1;1;0;0
12.09.2024;23:33;A 94;1;0;0;0;0;4;10;2;8;0;0;9;19;1;2;1;3;0;0;0;0;0;0;0;0;0;0;0;0;0;0;0;0;1;1;0;0;8;10;0;100;0;2;0;10;3;3
12.09.2024;23:32;A 94;1;2;42;1;7;0;0;0;0;0;0;6;7;0;0;0;2;0;0;0;0;0;0;0;0;0;0;0;0;0;0;0;0;1;1;1;1;5;5;0;100;3;51;1;20;0;0
12.09.2024;23:31;A 94;1;2;9;0;0;3;23;0;0;0;0;8;28;0;0;3;6;0;0;0;0;0;0;0;0;0;0;0;0;0;0;0;0;3;3;2;2;5;5;0;100;1;35;0;0;6;7
12.09.2024;23:30;A 94;1;0;0;0;0;0;23;3;18;0;0;4;8;0;0;1;2;0;0;0;0;0;0;0;0;0;0;0;0;0;0;0;0;0;0;0;0;4;5;0;100;0;0;0;0;6;5
12.09.2024;23:29;A 94;1;1;3;0;0;3;31;5;30;0;57;7;16;4;3;0;98;0;0;0;0;1;2;0;0;0;0;1;2;0;0;0;0;1;1;1;1;5;10;0;100;1;80;0;0;0;0
12.09.2024;23:28;A 94;1;2;4;0;0;7;17;1;4;1;93;7;11;0;0;1;0;1;2;1;2;0;0;1;2;1;2;0;0;0;0;0;0;0;0;0;0;4;4;0;100;1;6;0;0;3;3
12.09.2024;23:27;A 94;1;3;7;1;11;2;6;0;0;0;0;5;13;0;0;0;0;0;0;0;0;0;0;0;0;0;0;0;0;0;0;1;2;0;0;2;1;4;4;0;100;1;11;1;3;0;0
12.09.2024;23:26;A 94;1;3;21;3;6;2;3;0;0;0;0;6;7;0;0;0;0;0;0;0;0;0;0;0;0;0;0;0;0;0;0;0;0;0;0;1;1;5;6;0;100;3;7;1;12;0;0
12.09.2024;23:25;A 94;1;1;10;0;0;1;2;1;5;0;0;0;0;0;0;0;0;0;0;0;0;0;0;0;0;0;0;0;0;0;0;0;0;1;1;3;2;1;1;0;100;1;2;0;0;0;0
12.09.2024;23:24;A 94;1;0;0;0;0;3;6;1;2;0;0;6;12;2;3;3;7;0;0;0;0;0;0;0;0;0;0;0;0;0;0;0;0;0;0;0;0;4;6;0;100;0;0;0;0;6;13
12.09.2024;23:23;A 94;1;0;0;0;0;3;12;1;2;0;0;6;14;0;0;0;0;0;0;0;0;0;0;0;0;0;0;0;0;0;0;0;0;1;1;2;1;6;8;0;100;0;0;0;0;0;0
12.09.2024;23:22;A 94;1;1;7;0;0;3;14;3;6;0;0;8;16;1;4;1;3;0;0;0;0;0;0;0;0;0;0;0;0;0;0;0;0;0;0;1;1;4;5;0;100;1;38;0;0;1;4
12.09.2024;23:21;A 94;1;0;0;1;11;5;13;0;1;0;0;5;8;0;0;0;0;0;0;0;0;0;0;0;0;0;0;0;0;0;0;0;0;0;0;0;0;4;5;0;100;0;0;1;5;0;0
12.09.2024;23:20;A 94;1;0;0;0;0;2;5;3;8;0;0;5;9;2;2;0;0;0;0;0;0;0;0;0;0;0;0;0;0;0;0;0;0;0;0;1;1;3;5;0;100;0;0;0;0;0;0
12.09.2024;23:19;A 94;1;2;6;1;7;1;2;0;0;0;24;0;0;0;0;0;0;0;0;0;0;0;0;0;0;0;0;0;0;0;0;0;0;1;2;0;0;5;5;0;100;1;27;1;29;0;0
12.09.2024;23:18;A 94;1;0;0;0;0;1;3;0;0;2;72;8;32;2;4;1;4;0;0;0;0;0;0;0;0;0;0;0;0;0;0;0;0;1;2;0;0;3;4;0;100;0;0;0;0;3;4
12.09.2024;23:17;A 94;1;0;0;0;0;3;16;2;8;0;0;7;10;3;6;2;42;0;0;0;0;0;0;0;0;0;0;0;0;0;0;0;0;1;0;3;2;2;2;0;100;0;0;0;0;3;10
12.09.2024;23:16;A 94;1;0;0;0;0;1;3;0;0;1;33;0;0;1;3;2;6;0;0;0;0;0;0;0;0;0;0;0;0;0;0;0;0;2;2;0;0;0;0;0;100;0;0;0;0;6;6
12.09.2024;23:15;A 94;1;0;0;0;0;6;12;3;6;0;0;6;10;1;3;0;0;0;0;0;0;0;0;0;0;0;0;0;0;0;0;0;0;0;0;1;1;4;6;0;100;0;0;0;0;0;0
12.09.2024;23:14;A 94;1;4;15;0;0;8;14;4;12;0;0;6;7;0;0;0;0;0;0;0;0;0;0;0;0;0;0;0;0;0;0;0;0;0;0;2;3;4;4;0;100;2;29;0;0;0;0
12.09.2024;23:13;A 94;1;4;12;1;6;6;18;2;7;0;0;6;8;0;0;2;49;0;0;0;0;0;0;0;0;0;0;0;0;0;0;0;0;1;1;0;0;4;4;0;100;2;34;1;24;2;10
12.09.2024;23:12;A 94;1;2;7;0;0;1;2;0;0;0;0;5;6;0;0;0;0;0;0;0;0;0;0;0;0;0;0;0;0;0;0;0;0;0;0;0;0;3;3;0;100;1;10;0;0;0;0
12.09.2024;23:11;A 94;1;2;7;0;0;1;12;0;0;0;0;10;17;1;3;1;4;0;0;0;0;0;0;0;0;1;2;1;2;0;0;0;0;1;1;3;2;5;8;0;100;1;8;0;0;0;0
12.09.2024;23:10;A 94;1;3;12;0;0;2;7;3;5;0;0;4;19;0;0;0;0;0;0;0;0;0;0;1;2;0;0;0;0;0;0;0;0;2;3;2;2;5;6;0;100;1;19;0;0;3;2
12.09.2024;23:09;A 94;1;5;28;2;6;3;9;2;12;0;0;2;1;1;3;1;12;0;0;0;0;0;0;0;0;0;0;0;0;0;0;0;0;1;1;1;1;3;3;0;100;2;34;1;46;4;3
12.09.2024;23:08;A 94;1;0;0;0;0;5;10;2;1;0;0;5;8;0;0;0;0;0;0;0;0;0;0;0;0;0;0;0;0;0;0;0;0;1;1;2;1;4;4;0;100;0;0;0;0;0;0
12.09.2024;23:07;A 94;1;0;0;0;0;1;5;0;0;0;0;5;11;0;0;0;2;0;0;0;0;0;0;0;0;0;0;0;0;0;0;0;0;3;2;3;2;1;1;0;100;0;0;0;0;0;0
12.09.2024;23:06;A 94;1;0;0;0;0;7;18;4;9;0;0;4;13;2;2;3;18;0;0;0;0;0;0;0;0;0;0;0;0;0;0;0;0;0;0;3;3;4;7;0;100;0;0;0;0;6;4
12.09.2024;23:05;A 94;1;2;2;1;4;4;33;3;33;0;0;1;2;0;0;1;2;0;0;1;2;1;2;0;0;0;0;0;0;0;0;0;0;0;0;1;1;2;2;0;100;1;10;1;1;6;9
12.09.2024;23:04;A 94;1;1;9;0;0;2;8;0;0;0;0;4;8;2;5;1;6;0;0;0;0;0;0;0;0;0;0;0;0;0;0;0;0;0;0;0;0;4;4;0;100;1;8;0;0;3;3
12.09.2024;23:03;A 94;1;0;0;0;0;2;3;0;0;0;0;6;13;3;9;0;0;0;0;0;0;0;0;0;0;0;0;0;0;0;0;0;0;0;0;1;1;5;6;0;100;0;10;1;9;0;0
12.09.2024;23:02;A 94;1;3;18;2;7;3;8;0;0;1;19;8;9;0;0;0;0;0;0;0;0;0;0;0;0;0;0;0;0;0;0;0;0;1;1;1;1;4;4;0;100;2;30;0;0;0;0
12.09.2024;23:01;A 94;1;0;0;0;0;2;5;0;0;0;0;6;16;1;7;0;0;0;0;0;0;1;2;0;0;0;0;0;0;0;0;0;0;2;2;2;2;5;7;0;100;0;0;0;0;0;0
12.09.2024;23:00;A 94;1;1;1;0;0;3;5;2;2;0;0;5;12;1;3;0;0;1;2;1;2;0;0;0;0;0;0;0;0;0;0;0;0;1;1;2;1;3;5;0;100;0;0;0;0;0;0
12.09.2024;22:59;A 94;1;0;0;2;10;2;5;0;0;0;0;5;6;0;0;1;7;0;0;0;0;0;0;0;0;1;2;1;2;0;0;0;0;0;0;1;1;3;6;0;100;0;0;1;4;3;3
12.09.2024;22:58;A 94;1;0;0;0;0;5;19;0;0;0;0;13;21;2;3;0;0;0;0;0;0;0;0;1;2;0;0;0;0;0;0;0;0;0;0;0;0;5;5;0;100;0;0;0;0;0;0
12.09.2024;22:57;A 94;1;2;16;3;6;6;14;1;7;0;0;2;3;0;0;0;0;0;0;0;0;0;0;0;0;0;0;0;0;0;0;0;0;0;0;3;2;1;1;0;100;2;16;1;8;0;0
12.09.2024;22:56;A 94;1;0;0;1;1;2;6;0;0;0;0;5;35;4;10;1;3;0;0;0;0;0;0;0;0;0;0;0;0;0;0;0;0;1;1;1;1;6;7;0;100;0;3;1;2;3;3
12.09.2024;22:55;A 94;1;18;19;2;2;2;3;0;1;0;0;10;13;0;0;1;43;0;0;0;0;0;0;0;0;0;0;0;0;0;0;0;0;2;2;3;3;5;6;0;100;2;29;0;23;2;3
12.09.2024;22:54;A 94;1;3;28;3;8;6;18;2;4;0;0;10;13;1;2;2;18;0;0;0;0;0;0;0;0;0;0;0;0;0;0;0;0;1;1;3;2;5;6;0;100;2;35;1;1;7;6
12.09.2024;22:53;A 94;1;0;0;1;7;3;6;0;0;0;0;7;9;0;0;0;0;0;0;0;0;0;0;0;0;0;0;0;0;0;0;0;0;2;2;0;0;3;3;0;100;0;0;1;9;0;0
12.09.2024;22:52;A 94;1;0;0;0;0;2;11;0;0;1;19;9;19;1;3;0;0;0;0;0;0;0;0;0;0;0;0;0;0;0;0;0;0;1;1;2;1;5;5;0;100;0;0;0;0;0;0
12.09.2024;22:51;A 94;1;0;0;0;0;4;10;0;0;0;0;5;5;0;0;0;0;0;0;0;0;0;0;0;0;0;0;0;0;0;0;0;0;1;1;2;2;2;2;0;100;0;0;0;0;0;0
12.09.2024;22:50;A 94;1;0;19;0;0;8;20;2;9;0;0;8;13;2;3;1;4;0;0;0;0;0;0;0;0;0;0;0;0;0;0;0;0;0;0;4;3;8;10;0;100;2;11;0;0;0;0
12.09.2024;22:49;A 94;1;1;2;0;0;2;13;0;0;0;0;11;33;1;3;1;51;0;0;0;0;0;0;0;0;0;0;0;0;0;0;0;0;0;0;0;0;3;5;0;100;0;0;0;0;6;50
12.09.2024;22:48;A 94;1;0;0;0;0;7;17;4;16;0;0;9;11;4;7;2;9;0;0;0;0;0;0;0;0;0;0;0;0;0;0;1;3;1;1;1;1;5;6;0;100;0;0;0;0;6;6
12.09.2024;22:47;A 94;1;0;0;0;0;7;21;4;8;0;0;10;11;0;0;6;19;0;0;0;0;0;0;0;0;0;0;0;0;0;0;0;0;0;0;1;1;3;3;0;100;0;0;0;0;5;22
12.09.2024;22:46;A 94;1;1;9;1;8;2;10;0;0;0;0;4;56;5;53;1;75;0;0;0;0;0;0;0;0;0;0;0;0;0;0;0;0;0;0;1;1;5;7;0;100;1;60;1;2;7;28
12.09.2024;22:45;A 94;1;0;0;1;6;6;18;0;0;0;0;12;26;8;13;2;65;0;0;0;0;0;0;0;0;0;0;0;0;0;0;1;1;1;1;3;2;8;18;0;100;1;1;1;2;2;8
12.09.2024;22:44;A 94;1;0;0;2;6;3;33;3;17;0;0;11;15;2;5;2;11;0;0;0;0;0;0;0;0;0;0;0;0;0;0;0;0;1;1;3;2;4;4;0;100;0;0;1;10;6;7
12.09.2024;22:43;A 94;1;4;36;0;0;7;38;2;10;0;0;4;6;3;6;0;0;0;0;0;0;0;0;0;0;0;0;0;0;0;0;0;0;1;1;3;2;6;6;0;100;3;21;0;58;0;0
12.09.2024;22:42;A 94;1;2;56;3;11;4;9;2;9;1;2;7;18;1;2;1;65;0;0;0;0;0;0;0;0;0;0;0;0;0;0;0;0;1;1;4;3;6;8;0;100;4;42;2;10;3;3
12.09.2024;22:41;A 94;1;0;0;1;13;2;8;0;0;0;0;13;42;7;14;3;34;0;0;0;0;0;0;0;0;0;0;0;0;0;0;0;0;2;1;1;1;6;7;0;100;0;0;2;63;9;7
12.09.2024;22:40;A 94;1;1;7;4;6;4;13;4;12;0;0;6;10;2;7;0;0;0;0;0;0;0;0;0;0;0;0;0;0;0;0;0;0;0;1;6;4;4;4;0;100;1;2;1;10;0;0
12.09.2024;22:39;A 94;1;2;19;0;0;6;19;1;2;0;0;7;11;0;0;2;5;0;0;0;0;0;0;0;0;0;0;0;0;0;0;0;0;2;1;2;1;4;4;0;100;2;10;0;0;6;6
12.09.2024;22:38;A 94;1;2;11;3;5;4;31;4;8;0;0;10;12;2;5;1;14;0;0;0;0;0;0;0;0;0;0;0;0;0;0;0;0;1;1;1;1;8;8;0;100;1;3;1;4;3;2
12.09.2024;22:37;A 94;1;1;2;0;0;6;25;1;11;0;0;9;17;3;16;0;0;0;0;0;0;0;0;0;0;0;0;0;0;1;1;0;0;0;0;0;0;5;6;0;100;0;0;0;0;0;0
12.09.2024;22:36;A 94;1;0;0;0;0;7;22;4;6;0;0;3;9;1;2;0;0;0;0;0;0;0;0;0;0;0;0;0;0;0;0;0;0;1;1;0;0;2;2;0;100;0;0;0;0;0;0
12.09.2024;22:35;A 94;1;0;0;0;0;4;8;7;13;0;0;4;8;0;0;2;9;0;0;0;0;0;0;0;0;0;0;0;0;0;0;0;0;0;0;4;3;3;3;0;100;0;0;0;0;3;12
12.09.2024;22:34;A 94;1;0;0;1;9;4;11;3;6;0;0;2;3;0;0;0;0;0;0;0;0;0;0;0;0;0;0;0;0;0;0;0;0;2;2;0;0;0;0;0;100;0;0;1;8;0;0
12.09.2024;22:33;A 94;1;0;0;0;0;5;17;1;3;0;0;5;8;2;4;0;0;0;0;0;0;0;0;0;0;0;0;0;0;0;0;0;0;1;1;1;1;5;5;0;100;0;0;0;0;0;0
12.09.2024;22:32;A 94;1;0;0;0;0;5;13;7;38;0;0;12;9;2;3;2;26;0;0;0;0;0;0;0;0;0;0;0;0;0;0;0;0;0;0;0;0;4;4;0;100;0;0;0;0;4;8
12.09.2024;22:31;A 94;1;2;15;1;4;4;14;4;9;0;0;7;16;0;0;1;1;0;0;0;0;0;0;0;0;0;0;0;0;0;0;0;0;2;2;1;1;4;5;0;100;1;17;1;6;3;8
12.09.2024;22:30;A 94;1;1;5;0;0;5;14;2;1;0;0;8;22;6;16;3;27;0;0;0;0;0;0;1;2;1;2;1;2;0;0;0;0;1;1;3;2;8;8;0;100;1;11;0;0;7;18
12.09.2024;22:29;A 94;1;1;10;0;0;4;25;4;15;0;0;8;23;1;3;0;0;0;0;0;0;0;0;0;0;0;0;0;0;0;0;0;0;2;1;1;1;4;5;0;100;1;33;0;15;0;0
12.09.2024;22:28;A 94;1;1;9;2;8;4;14;2;4;0;0;7;19;1;3;1;19;1;2;1;2;1;2;0;0;0;0;0;0;0;0;0;1;3;7;5;3;5;5;0;100;1;16;1;14;1;4
12.09.2024;22:27;A 94;1;0;0;2;9;4;8;2;5;0;0;5;19;3;5;0;0;0;0;0;0;0;0;0;0;0;0;0;0;0;0;1;1;2;2;1;1;5;7;0;100;0;0;1;23;0;0
12.09.2024;22:26;A 94;1;1;1;0;0;7;11;4;10;0;0;10;24;0;0;0;7;0;0;0;0;0;0;0;0;0;0;0;0;0;0;0;0;1;1;0;0;3;3;0;100;0;0;0;0;0;0
12.09.2024;22:25;A 94;1;2;7;0;0;4;8;2;2;0;0;10;13;4;10;3;20;0;0;0;0;0;0;0;0;0;0;0;0;0;0;0;0;1;1;0;0;7;7;0;100;1;18;0;0;8;10
12.09.2024;22:24;A 94;1;1;6;0;0;5;13;0;1;0;0;5;8;0;0;1;24;0;0;0;0;0;0;0;0;0;0;0;0;0;0;0;0;4;3;2;1;5;5;0;100;1;20;0;0;3;5
12.09.2024;22:23;A 94;1;3;42;2;6;3;3;1;4;0;0;7;21;0;0;1;59;0;0;0;0;0;0;0;0;0;0;0;0;0;0;0;0;3;4;6;4;9;11;0;100;1;87;1;29;2;3
12.09.2024;22:22;A 94;1;4;52;1;1;8;15;4;11;0;0;9;59;1;3;1;1;1;2;0;0;0;0;0;0;0;0;0;0;0;0;0;0;0;0;6;4;11;12;0;100;2;53;1;40;0;0
12.09.2024;22:21;A 94;1;4;33;1;5;2;8;3;4;0;0;6;38;4;10;3;7;0;0;0;0;0;0;0;0;0;0;0;0;0;0;0;0;3;4;0;0;7;9;0;100;4;18;0;0;12;16
12.09.2024;22:20;A 94;1;1;17;0;0;4;33;5;19;0;0;10;22;2;6;1;3;0;0;0;0;0;0;0;0;0;0;0;0;0;0;0;0;2;2;1;1;7;11;0;100;1;10;0;0;3;3
12.09.2024;22:19;A 94;1;3;18;2;20;7;23;0;12;0;0;8;28;1;3;0;50;0;0;0;0;0;0;0;0;0;0;0;0;0;0;0;0;2;2;1;1;8;8;0;100;2;46;2;14;0;0
12.09.2024;22:18;A 94;1;0;0;0;0;5;20;3;11;0;0;12;37;5;16;3;12;0;0;0;0;0;0;0;0;0;0;0;0;0;0;0;0;1;1;4;3;7;7;0;100;0;0;0;5;6;11
12.09.2024;22:17;A 94;1;1;18;2;5;3;17;1;2;0;0;5;9;1;3;0;0;0;0;0;0;0;0;0;0;0;0;0;0;0;0;0;0;4;4;0;0;5;6;0;100;2;11;1;4;0;0
12.09.2024;22:16;A 94;1;1;7;3;6;0;0;2;3;0;0;4;48;2;11;2;22;0;0;0;0;0;0;0;0;0;0;0;0;0;0;0;0;1;2;2;1;8;9;0;100;0;4;1;11;1;15
12.09.2024;22:15;A 94;1;3;9;2;4;5;35;3;9;0;0;6;9;1;3;0;0;0;0;0;0;0;0;0;0;0;0;0;0;0;0;0;0;6;10;4;3;5;5;0;100;1;11;1;13;5;7
12.09.2024;22:14;A 94;1;1;5;0;0;4;63;1;24;0;0;9;62;1;5;2;35;0;0;0;0;0;0;0;0;0;0;0;0;0;0;0;0;1;1;2;1;5;6;0;100;1;1;0;0;6;6
12.09.2024;22:13;A 94;1;2;33;0;0;3;14;3;16;0;0;3;5;1;3;2;59;0;0;0;0;0;0;0;0;0;0;0;0;0;0;1;2;3;2;5;3;4;5;0;100;2;43;0;0;2;10
12.09.2024;22:12;A 94;1;0;0;2;5;5;14;2;11;0;0;7;16;0;0;1;11;0;0;0;0;0;0;0;0;0;0;0;0;0;0;0;0;4;5;3;2;6;7;0;100;0;0;1;37;3;3
12.09.2024;22:11;A 94;1;0;0;0;0;4;6;7;15;0;0;4;9;2;5;2;6;0;0;0;0;0;0;0;0;1;2;1;2;0;0;0;0;2;2;5;4;2;4;0;100;0;0;0;0;6;7
12.09.2024;22:10;A 94;1;0;0;0;0;5;12;1;19;0;0;1;3;2;5;0;0;0;0;0;0;0;0;0;0;0;0;0;0;0;0;0;0;0;0;2;1;1;1;0;100;0;0;0;0;1;1
12.09.2024;22:09;A 94;1;3;16;0;0;4;23;2;4;0;0;5;9;2;6;1;4;0;0;0;0;0;0;0;0;0;0;0;0;0;0;0;0;0;0;0;0;5;6;0;100;2;25;0;0;3;3
12.09.2024;22:08;A 94;1;0;0;0;0;1;4;2;29;0;0;8;52;3;44;1;24;0;0;0;0;0;0;0;0;0;0;0;0;0;0;0;0;1;1;5;3;8;9;0;100;0;0;0;0;4;5
12.09.2024;22:07;A 94;1;3;10;2;3;5;24;5;17;0;0;7;18;7;38;1;43;0;0;0;0;0;0;0;0;0;0;0;0;0;0;1;1;0;0;5;3;7;9;0;100;1;8;1;3;3;3
12.09.2024;22:06;A 94;1;1;8;0;0;6;14;4;19;0;0;3;33;1;2;3;34;0;0;0;0;0;0;0;0;0;0;0;0;0;0;0;0;1;3;0;0;4;4;0;100;1;7;0;0;9;24
12.09.2024;22:05;A 94;1;0;0;0;0;5;13;5;6;0;0;5;8;2;5;1;3;0;0;0;0;0;0;0;0;0;0;0;0;0;0;0;0;1;1;0;0;3;3;0;100;0;0;0;0;0;0
12.09.2024;22:04;A 94;1;0;1;0;0;7;31;3;18;0;0;4;14;2;7;2;33;1;2;1;2;2;3;0;0;0;0;0;0;0;0;0;0;2;2;1;1;5;6;0;100;1;24;0;0;3;16
12.09.2024;22:03;A 94;1;3;21;2;10;5;77;3;16;0;0;10;18;5;14;1;58;1;2;1;2;0;0;0;0;0;0;0;0;0;0;0;0;1;3;1;1;6;8;0;100;1;2;1;4;3;1
12.09.2024;22:02;A 94;1;0;0;2;7;5;54;3;39;0;0;1;3;0;0;3;29;0;0;0;0;0;0;0;0;0;0;0;0;0;0;0;0;2;2;5;3;2;3;0;100;0;18;1;10;8;5
12.09.2024;22:01;A 94;1;1;14;0;0;2;40;3;8;0;0;5;11;0;0;4;77;0;0;0;0;0;0;0;0;0;0;0;0;0;0;0;0;1;1;7;5;6;7;0;100;2;13;0;5;10;61
12.09.2024;22:00;A 94;1;1;1;3;4;3;5;1;4;0;0;11;21;1;2;0;0;0;0;0;0;0;0;0;0;0;0;0;0;0;0;0;0;1;1;1;1;5;6;0;100;0;0;1;43;0;0
12.09.2024;21:59;A 94;1;0;0;1;6;0;0;0;0;0;0;11;22;5;14;2;60;0;0;0;0;0;0;0;0;0;0;0;0;0;0;0;0;2;2;5;4;7;9;0;100;0;0;1;69;6;5
12.09.2024;21:58;A 94;1;0;0;0;0;4;54;8;48;0;0;1;3;3;9;2;32;0;0;0;0;0;0;0;0;0;0;0;0;0;0;0;0;3;3;4;3;1;1;0;100;1;17;0;0;5;7
12.09.2024;21:57;A 94;1;1;7;0;0;5;12;1;7;0;0;8;36;1;1;0;13;0;0;0;0;0;0;0;0;0;0;0;0;0;0;0;0;0;0;1;1;4;5;0;100;0;0;0;0;0;0
12.09.2024;21:56;A 94;1;0;0;0;0;2;7;2;3;0;0;6;11;2;15;1;74;0;0;0;0;0;0;0;0;0;0;0;0;0;0;0;0;0;0;2;1;5;5;0;100;0;0;0;0;3;2
12.09.2024;21:55;A 94;1;1;2;0;0;3;6;0;0;0;0;3;32;1;4;0;0;0;0;0;0;0;0;0;0;0;0;0;0;0;0;0;0;1;1;3;2;6;7;0;100;0;0;0;0;0;0
12.09.2024;21:54;A 94;1;2;36;1;6;7;10;2;4;0;0;9;27;1;2;1;58;0;0;0;0;0;0;0;0;0;0;0;0;0;0;0;0;3;3;2;1;5;7;0;100;2;64;1;32;0;0
12.09.2024;21:53;A 94;1;0;0;0;0;5;43;6;24;0;0;9;15;1;2;1;75;0;0;0;0;0;0;0;0;0;0;0;0;0;0;0;0;1;1;2;2;3;4;0;100;0;0;0;0;6;8
12.09.2024;21:52;A 94;1;1;0;0;0;4;8;2;5;0;0;8;16;3;7;3;31;0;0;0;0;0;0;0;0;0;0;0;0;0;0;0;0;6;9;5;4;7;7;0;100;0;0;0;35;9;6
12.09.2024;21:51;A 94;1;0;0;1;7;9;30;8;17;0;0;10;29;3;8;1;11;0;0;0;0;0;0;0;0;0;0;0;0;0;0;0;0;2;3;2;2;8;11;0;100;0;0;1;22;3;4
12.09.2024;21:50;A 94;1;0;0;0;0;6;17;2;10;0;0;9;21;4;7;1;5;0;0;0;0;0;0;0;0;0;0;0;0;0;0;0;0;2;3;1;1;6;7;0;100;0;0;0;0;1;5
12.09.2024;21:49;A 94;1;0;0;0;0;6;38;2;79;0;0;5;11;0;0;3;63;0;0;0;0;0;0;0;0;0;0;0;0;0;0;0;0;0;0;1;1;5;5;0;100;0;0;0;0;0;63
12.09.2024;21:48;A 94;1;0;0;0;0;1;60;1;63;0;0;6;12;0;0;3;65;0;0;0;0;0;0;0;0;0;0;0;0;0;0;0;0;3;3;4;3;4;4;0;100;0;54;0;0;8;53
12.09.2024;21:47;A 94;1;1;38;1;4;3;26;1;2;0;0;2;34;2;7;1;29;0;0;0;0;0;0;0;0;0;0;0;0;0;0;1;1;0;0;3;3;6;7;0;100;2;74;1;29;8;27
12.09.2024;21:46;A 94;1;2;28;1;4;6;20;9;23;0;0;10;29;4;17;0;0;0;0;0;0;0;0;0;0;0;0;0;0;0;0;0;0;2;2;1;1;9;12;0;100;2;79;1;54;0;0
12.09.2024;21:45;A 94;1;3;30;0;0;3;6;3;3;0;0;8;30;4;10;1;81;0;0;0;0;0;0;0;0;0;0;0;0;0;0;0;0;0;0;1;1;7;9;0;100;1;44;0;0;1;7
12.09.2024;21:44;A 94;1;1;4;0;0;2;10;0;0;0;0;5;36;2;7;3;68;0;0;0;0;0;0;0;0;0;0;0;0;0;0;0;0;0;0;3;3;8;10;0;100;1;1;0;0;3;5
12.09.2024;21:43;A 94;1;0;0;0;0;5;10;3;9;0;0;11;22;1;0;2;35;0;0;0;0;0;0;0;0;0;0;0;0;0;0;0;0;1;1;2;1;6;6;0;100;0;0;0;0;1;39
12.09.2024;21:42;A 94;1;1;2;2;3;3;5;2;9;0;0;9;73;4;8;2;39;0;0;0;0;0;0;0;0;0;0;0;0;0;0;0;0;1;1;2;1;7;6;0;100;0;32;1;13;9;16
12.09.2024;21:41;A 94;1;1;9;0;0;3;46;4;7;0;0;4;16;0;0;1;82;0;0;0;0;0;0;0;0;0;0;0;0;0;0;1;2;0;0;2;2;4;4;0;100;1;28;0;0;6;8
12.09.2024;21:40;A 94;1;0;0;0;0;6;37;3;15;0;0;6;40;3;7;2;74;0;0;0;0;0;0;0;0;0;0;0;0;0;0;0;0;0;0;5;4;6;7;0;100;0;0;0;0;6;5
12.09.2024;21:39;A 94;1;0;0;0;0;1;2;0;0;0;0;4;12;4;12;1;34;0;0;0;0;0;0;0;0;0;0;0;0;0;0;4;52;2;1;1;1;5;5;0;100;0;79;0;0;3;4
12.09.2024;21:38;A 94;1;1;7;0;3;4;15;2;13;0;0;7;13;6;37;2;35;0;0;0;0;0;0;0;0;0;0;0;0;0;0;0;0;1;1;0;0;2;2;0;100;1;4;1;50;4;3
12.09.2024;21:37;A 94;1;0;0;1;5;7;21;4;10;0;0;9;33;4;14;2;34;0;0;0;0;0;0;0;0;0;0;0;0;0;0;0;0;3;10;4;3;6;6;0;100;0;0;0;0;4;9
12.09.2024;21:36;A 94;1;0;0;1;4;4;16;2;8;0;0;8;22;4;12;1;4;0;0;0;0;0;0;0;0;0;0;0;0;0;0;0;0;0;0;1;1;8;8;0;100;0;17;1;1;2;5
12.09.2024;21:35;A 94;1;1;9;0;0;0;33;4;38;0;0;9;34;1;20;5;91;0;0;0;0;0;0;0;0;0;0;0;0;0;0;0;0;2;2;2;2;9;10;0;100;1;66;0;0;5;82
12.09.2024;21:34;A 94;1;1;5;0;0;3;41;1;45;0;0;5;15;2;14;2;62;0;0;0;0;0;0;0;0;0;0;0;0;0;0;0;0;1;1;5;3;3;7;0;100;1;1;0;0;4;15
12.09.2024;21:33;A 94;1;2;24;2;14;5;23;3;35;0;0;12;42;3;14;3;49;0;0;0;0;0;0;1;2;1;2;1;2;0;0;0;0;3;4;2;1;9;10;0;100;1;58;2;16;5;13
12.09.2024;21:32;A 94;1;1;6;0;0;4;24;6;26;0;0;5;10;0;0;1;16;0;0;0;0;0;0;0;0;0;0;0;0;0;0;0;0;1;2;6;4;8;9;0;100;1;49;0;0;2;3
12.09.2024;21:31;A 94;1;1;6;0;0;7;18;5;15;0;0;14;27;1;3;1;21;0;0;0;0;0;0;0;0;0;0;0;0;0;0;0;0;1;1;2;1;7;8;0;100;2;6;0;0;2;5
12.09.2024;21:30;A 94;1;2;9;0;0;7;28;1;2;0;0;9;15;0;0;1;59;0;0;1;2;1;2;0;0;0;0;0;0;0;0;0;0;1;1;2;1;7;7;0;100;0;0;0;0;3;2
12.09.2024;21:29;A 94;1;1;8;0;0;7;22;5;11;0;0;10;25;2;5;8;53;1;2;0;0;0;0;0;0;0;0;0;0;0;0;0;0;0;0;2;2;11;12;0;100;1;76;0;0;8;52
12.09.2024;21:28;A 94;1;0;0;0;0;4;13;3;18;0;0;8;45;1;8;3;29;0;0;0;0;0;0;0;0;0;0;0;0;0;0;0;0;1;1;1;1;3;3;0;100;0;0;0;0;0;11
12.09.2024;21:27;A 94;1;0;0;0;0;6;70;3;8;0;0;3;10;2;6;3;8;0;0;0;0;0;0;0;0;0;0;0;0;0;0;0;0;2;2;6;4;3;3;0;100;0;32;0;0;2;16
12.09.2024;21:26;A 94;1;2;12;0;7;7;21;3;20;0;0;8;52;1;3;0;0;0;0;0;0;0;0;0;0;0;0;0;0;0;0;0;0;1;2;2;2;10;11;0;100;1;36;1;9;8;8
12.09.2024;21:25;A 94;1;2;17;2;44;5;15;3;4;0;0;9;17;4;10;3;25;0;0;0;0;0;0;0;0;0;0;0;0;0;0;0;0;1;1;3;2;5;6;0;100;1;24;1;72;10;15
12.09.2024;21:24;A 94;1;0;0;1;4;3;3;1;3;0;0;3;5;5;7;1;15;0;0;0;0;0;0;0;0;0;0;0;0;0;0;0;0;1;1;1;1;3;5;0;100;0;78;1;1;3;3
12.09.2024;21:23;A 94;1;2;11;0;0;2;58;2;48;0;0;4;12;2;9;2;36;0;0;0;0;0;0;0;0;0;0;0;0;0;0;0;0;3;3;3;2;8;10;0;100;1;1;0;0;4;15
12.09.2024;21:22;A 94;1;1;6;0;0;4;47;2;37;0;0;10;49;3;10;2;64;0;0;0;0;0;0;0;0;0;0;0;0;0;0;0;0;3;5;0;0;4;5;0;100;1;1;0;0;4;9
12.09.2024;21:21;A 94;1;0;0;0;0;6;43;1;25;0;0;8;14;2;5;2;68;1;2;0;0;0;0;0;0;0;0;0;0;0;0;1;1;2;2;0;0;3;3;0;100;0;0;0;14;7;9
12.09.2024;21:20;A 94;1;0;0;1;8;2;14;0;13;0;0;7;20;0;0;5;91;0;0;0;0;0;0;0;0;0;0;0;0;0;0;0;0;1;2;2;1;7;7;0;100;0;0;1;22;5;81
12.09.2024;21:19;A 94;1;1;65;0;0;0;0;5;14;0;0;6;16;5;11;2;85;0;0;0;0;0;0;0;0;0;0;0;0;0;0;0;0;2;2;2;2;6;8;0;100;1;82;0;0;5;7
12.09.2024;21:18;A 94;1;3;61;0;58;6;64;6;17;0;0;9;18;4;13;3;20;0;0;0;0;0;0;0;0;0;0;0;0;0;0;0;0;2;2;2;2;7;7;0;100;2;61;1;58;9;10
12.09.2024;21:17;A 94;1;4;19;1;70;4;28;3;13;0;0;9;25;2;10;0;8;0;0;0;0;0;0;0;0;0;0;0;0;0;0;0;0;1;2;6;5;5;6;0;100;2;8;3;64;3;3
12.09.2024;21:16;A 94;1;1;1;2;48;6;58;4;48;0;0;5;29;3;33;1;1;0;0;0;0;0;0;0;0;0;0;0;0;0;0;0;0;2;2;1;1;5;7;0;100;0;3;1;67;3;4
12.09.2024;21:15;A 94;1;2;12;1;6;5;19;2;24;0;0;5;39;2;10;2;31;0;0;0;0;0;0;0;0;0;0;0;0;0;0;0;0;4;6;0;0;9;11;0;100;1;5;1;34;7;5
12.09.2024;21:14;A 94;1;1;5;0;0;4;28;5;39;0;0;10;46;2;7;1;28;0;0;0;0;0;0;0;0;0;0;0;0;0;0;0;0;1;1;7;5;9;10;0;100;1;1;0;0;2;4
12.09.2024;21:13;A 94;1;0;1;1;3;6;75;2;6;0;0;15;34;4;10;1;25;0;0;0;0;0;0;0;0;0;0;0;0;0;0;0;0;1;1;7;5;7;7;0;100;1;54;1;51;3;3
12.09.2024;21:12;A 94;1;2;13;1;5;5;25;4;5;0;0;4;12;3;7;3;11;0;0;0;0;0;0;0;0;1;2;1;2;0;0;0;0;2;2;2;1;7;9;0;100;1;1;0;0;7;8
12.09.2024;21:11;A 94;1;3;6;0;0;10;65;5;15;0;0;4;13;2;6;1;44;0;0;0;0;0;0;0;0;0;0;0;0;0;0;0;0;2;1;7;5;6;6;0;100;1;11;0;0;5;5
12.09.2024;21:10;A 94;1;2;10;0;0;5;74;0;42;0;0;7;21;5;17;2;12;0;0;0;0;0;0;0;0;0;0;0;0;0;0;0;0;2;4;2;1;4;5;0;100;1;2;0;0;8;10
12.09.2024;21:09;A 94;1;1;21;0;0;2;17;4;22;0;0;14;25;2;6;2;62;0;0;0;0;0;0;0;0;0;0;0;0;0;0;1;2;2;5;6;4;9;10;0;100;1;2;0;0;1;52
12.09.2024;21:08;A 94;1;2;8;1;7;8;41;5;18;0;0;5;14;2;7;2;45;0;0;0;0;0;0;0;0;0;0;0;0;0;0;0;0;1;1;6;5;5;5;0;100;1;17;1;23;5;9
12.09.2024;21:07;A 94;1;1;12;1;6;5;9;5;10;0;0;5;5;0;0;3;17;0;0;0;0;0;0;0;0;0;0;0;0;0;0;0;0;2;4;2;1;6;8;0;100;1;4;1;13;2;15
12.09.2024;21:06;A 94;1;0;0;0;0;3;6;2;2;0;0;7;28;4;18;1;33;0;0;0;0;0;0;0;0;0;0;0;0;0;0;0;0;0;0;3;3;4;4;0;100;0;0;0;0;8;13
12.09.2024;21:05;A 94;1;0;0;0;0;1;27;5;23;0;0;6;31;1;2;3;65;0;0;0;0;0;0;0;0;0;0;0;0;0;0;0;0;2;3;1;1;11;12;0;100;0;0;0;0;6;68
12.09.2024;21:04;A 94;1;1;88;1;8;2;58;2;14;0;0;11;24;7;12;6;66;0;0;0;0;0;0;0;0;0;0;0;0;0;0;0;0;1;1;7;5;4;7;0;100;2;90;1;74;1;72
12.09.2024;21:03;A 94;1;1;9;0;0;3;59;3;40;0;0;3;9;0;0;2;74;1;2;1;2;1;2;0;0;1;2;1;2;0;0;0;0;1;2;0;0;4;7;0;100;1;9;0;55;7;11
12.09.2024;21:02;A 94;1;0;0;3;27;2;2;1;4;0;0;6;22;1;2;1;30;0;0;0;0;0;0;1;2;0;0;0;0;0;0;0;0;1;3;5;4;5;6;0;100;0;31;2;48;6;8
12.09.2024;21:01;A 94;1;1;14;0;4;2;70;2;68;0;0;8;23;2;10;1;96;0;0;0;0;0;0;0;0;0;0;0;0;0;0;0;0;2;3;2;2;8;9;0;100;3;55;1;7;0;3
12.09.2024;21:00;A 94;1;3;55;1;49;3;42;1;42;0;0;9;36;8;23;1;85;0;0;0;0;0;0;0;0;0;0;0;0;0;0;1;1;3;3;8;6;11;12;0;100;0;0;1;39;1;6
12.09.2024;20:59;A 94;1;3;67;4;20;4;23;4;15;0;0;3;6;6;9;5;89;0;0;0;0;0;0;0;0;0;0;0;0;0;0;0;0;3;2;7;5;7;8;0;100;2;82;3;32;4;74
12.09.2024;20:58;A 94;1;2;19;2;11;2;35;2;4;0;0;6;34;3;24;3;49;0;0;0;0;0;0;0;0;0;0;0;0;0;0;0;0;4;4;5;3;4;6;0;100;3;10;2;35;5;44
12.09.2024;20:57;A 94;1;0;36;1;25;4;47;7;21;0;0;6;20;2;33;4;23;0;0;1;2;1;2;0;0;0;0;0;0;0;0;0;0;0;0;1;1;8;9;0;100;1;36;2;39;7;16
12.09.2024;20:56;A 94;1;2;41;1;13;1;44;5;41;0;0;3;26;2;5;1;87;1;2;0;0;0;0;0;0;0;0;0;0;0;0;0;0;3;6;4;2;5;6;0;100;1;43;1;14;5;57
12.09.2024;20:55;A 94;1;0;0;0;0;10;21;2;4;0;0;10;46;6;29;1;61;0;0;0;0;0;0;0;0;0;0;0;0;0;0;0;0;1;1;1;1;16;21;0;100;0;0;0;0;6;6
12.09.2024;20:54;A 94;1;0;90;0;91;3;6;5;18;0;0;6;25;6;12;3;31;0;0;0;0;0;0;0;0;0;0;0;0;0;0;0;0;1;88;3;2;4;4;0;100;0;92;3;88;7;16
12.09.2024;20:53;A 94;1;3;83;2;17;5;32;8;53;0;0;4;19;1;2;1;25;0;0;0;0;0;0;0;0;0;0;0;0;0;0;0;0;2;14;2;1;10;10;0;100;3;71;1;63;2;2
12.09.2024;20:52;A 94;1;3;25;1;8;3;26;4;26;0;0;13;23;1;2;3;7;0;0;0;0;0;0;0;0;0;0;0;0;0;0;0;0;3;4;4;3;7;9;0;100;2;52;1;31;3;12
12.09.2024;20:51;A 94;1;1;2;0;0;4;52;1;46;0;0;6;10;2;7;0;0;0;0;0;0;0;0;0;0;0;0;0;0;0;0;0;0;2;2;1;1;5;5;0;100;1;7;0;3;6;10
12.09.2024;20:50;A 94;1;4;26;1;9;4;34;6;10;0;0;4;8;2;5;4;85;0;0;0;0;0;0;0;0;0;0;0;0;0;0;0;0;2;3;4;3;3;4;0;100;1;44;1;43;8;39
12.09.2024;20:49;A 94;1;1;1;0;0;8;22;3;4;0;0;4;20;3;8;0;0;0;0;0;0;0;0;0;0;0;0;0;0;0;0;0;0;4;5;0;0;5;5;0;100;0;0;0;0;4;7
12.09.2024;20:48;A 94;1;1;5;0;0;3;5;2;4;0;0;2;22;0;0;3;41;0;0;0;0;0;0;0;0;0;0;0;0;0;0;0;0;3;3;5;3;2;2;0;100;1;60;0;55;0;43
12.09.2024;20:47;A 94;1;2;47;1;7;4;43;3;35;0;0;10;33;4;8;4;26;0;0;0;0;0;0;0;0;0;0;0;0;0;0;1;1;1;2;5;4;14;15;0;100;4;53;1;6;4;38
12.09.2024;20:46;A 94;1;1;50;0;0;2;38;2;17;0;0;8;18;2;3;2;42;0;0;0;0;0;0;0;0;0;0;0;0;0;0;0;0;2;2;3;2;7;10;0;100;1;48;0;0;2;45
12.09.2024;20:45;A 94;1;2;10;0;0;6;15;1;1;0;0;7;22;5;9;2;6;0;0;0;0;0;0;0;0;0;0;0;0;0;0;0;0;2;2;6;4;11;13;0;100;1;52;0;0;3;75
12.09.2024;20:44;A 94;1;0;84;0;0;7;14;3;9;0;0;8;23;3;4;2;53;0;0;0;0;0;0;0;0;0;0;0;0;0;0;0;0;0;0;4;3;8;8;0;100;1;83;0;0;8;9
12.09.2024;20:43;A 94;1;3;89;1;64;7;33;5;17;0;0;8;37;2;9;1;34;0;0;0;0;0;0;0;0;0;0;0;0;0;0;0;0;2;3;5;4;7;8;0;100;4;64;3;60;3;5
12.09.2024;20:42;A 94;1;1;47;1;45;5;32;6;31;0;0;13;55;3;11;5;22;0;0;0;0;0;0;0;0;0;0;0;0;0;0;0;0;5;7;0;0;6;6;0;100;1;37;1;35;7;26
12.09.2024;20:41;A 94;1;0;34;0;29;1;61;2;81;0;0;9;31;1;3;0;0;0;0;0;0;0;0;0;0;0;0;0;0;0;0;0;0;1;1;10;7;15;20;0;100;5;24;4;26;3;94
12.09.2024;20:40;A 94;1;1;57;1;56;7;20;4;21;0;0;11;26;3;9;1;56;0;0;0;0;0;0;0;0;0;0;0;0;0;0;0;0;1;1;5;4;8;8;0;100;1;46;1;45;4;4
12.09.2024;20:39;A 94;1;0;0;0;0;4;7;1;6;0;0;10;22;4;10;7;61;0;0;0;0;0;0;1;2;1;2;1;2;0;0;0;0;2;2;5;5;6;7;0;100;0;0;0;0;13;45
12.09.2024;20:38;A 94;1;2;16;2;10;5;60;4;39;0;0;11;16;2;5;2;37;0;0;0;0;0;0;0;0;0;0;0;0;0;0;0;0;2;2;9;7;10;11;0;100;2;61;1;60;5;7
12.09.2024;20:37;A 94;1;2;20;2;24;3;21;5;26;0;0;12;27;7;16;4;48;0;0;0;0;0;0;0;0;0;0;0;0;0;0;0;0;1;1;1;1;8;11;0;100;2;60;2;61;5;16
12.09.2024;20:36;A 94;1;2;6;2;17;7;15;3;3;0;0;8;43;4;54;0;0;0;0;0;0;0;0;0;0;0;0;0;0;0;0;0;0;4;5;1;1;6;8;0;100;0;4;2;69;16;26
12.09.2024;20:35;A 94;1;1;6;2;13;8;17;2;14;0;0;6;14;1;11;1;84;0;0;0;0;0;0;0;0;0;0;0;0;0;0;0;0;0;0;1;1;6;7;0;100;1;39;1;9;2;5
12.09.2024;20:34;A 94;1;1;2;0;0;7;26;3;22;0;0;9;23;5;20;1;69;0;0;0;0;0;0;0;0;0;0;0;0;0;0;0;0;3;4;2;2;6;7;0;100;0;0;0;0;2;9
12.09.2024;20:33;A 94;1;1;46;0;0;9;32;7;47;0;0;7;16;6;10;2;87;1;2;1;2;1;2;0;0;0;0;0;0;0;0;0;0;1;0;5;4;8;9;0;100;2;58;0;54;5;6
12.09.2024;20:32;A 94;1;2;49;3;42;4;36;2;26;0;0;9;24;1;3;3;35;0;0;0;0;0;0;0;0;0;0;1;2;0;0;0;0;7;11;3;2;12;16;0;100;3;59;3;73;3;14
12.09.2024;20:31;A 94;1;4;34;1;8;7;15;3;13;2;22;8;14;4;9;1;45;0;0;0;0;0;0;1;2;1;2;0;0;0;0;0;0;3;4;4;3;9;12;0;100;3;24;1;10;5;26
12.09.2024;20:30;A 94;1;2;53;0;0;3;35;0;39;0;0;9;19;3;10;4;89;0;0;0;0;0;0;0;0;0;0;0;0;0;0;0;0;1;1;5;5;10;12;0;100;3;67;0;0;3;65
12.09.2024;20:29;A 94;1;1;89;3;26;9;18;3;26;0;0;8;22;5;11;8;64;0;0;0;0;0;0;0;0;0;0;0;0;0;0;0;0;2;1;4;3;9;10;0;100;2;73;2;72;11;40
12.09.2024;20:28;A 94;1;0;0;0;0;7;38;2;4;0;0;13;21;2;13;1;37;0;0;0;0;0;0;0;0;0;0;0;0;0;0;0;0;0;0;1;1;7;8;0;100;0;53;0;0;4;12
12.09.2024;20:27;A 94;1;3;19;1;10;7;49;5;6;0;0;4;14;2;5;3;52;0;0;0;0;0;0;0;0;0;0;0;0;0;0;0;0;3;4;2;1;6;6;0;100;2;33;2;14;7;13
12.09.2024;20:26;A 94;1;1;23;1;10;5;15;2;23;0;0;10;49;6;20;1;30;0;0;0;0;0;0;0;0;0;0;0;0;0;0;0;0;2;3;2;2;12;13;0;100;3;69;2;9;11;22
12.09.2024;20:25;A 94;1;1;93;2;9;11;23;3;4;0;0;9;26;3;10;2;49;0;0;0;0;0;0;0;0;0;0;0;0;0;0;0;0;0;0;12;9;8;11;0;100;1;79;1;72;8;42
12.09.2024;20:24;A 94;1;1;30;0;1;3;54;0;0;0;0;4;16;1;24;4;63;0;0;0;0;0;0;0;0;0;0;0;0;0;0;0;0;2;4;5;4;8;11;0;100;2;36;1;83;5;43
12.09.2024;20:23;A 94;1;3;6;1;7;7;72;5;10;0;0;7;34;4;8;4;88;0;0;0;0;1;2;0;0;0;0;0;0;0;0;0;0;5;6;3;2;3;3;0;100;0;0;0;55;4;42
12.09.2024;20:22;A 94;1;0;35;2;25;7;37;3;44;0;0;14;32;4;42;2;86;0;0;0;0;0;0;0;0;0;0;0;0;0;0;0;0;1;1;4;3;10;11;0;100;3;20;3;18;6;29
12.09.2024;20:21;A 94;1;1;4;0;0;4;51;2;4;0;0;8;26;4;6;1;52;0;0;0;0;0;0;0;0;0;0;0;0;0;0;0;0;1;1;4;3;6;8;0;100;0;0;0;0;6;15
12.09.2024;20:20;A 94;1;2;4;0;0;7;42;3;29;0;0;3;20;6;27;2;45;0;0;0;0;0;0;0;0;0;0;0;0;0;0;0;0;4;6;2;1;3;6;0;100;0;0;0;0;3;18
12.09.2024;20:19;A 94;1;0;0;1;11;5;42;2;7;0;0;15;40;7;22;3;62;1;2;0;0;0;0;0;0;0;0;0;0;0;0;0;0;2;3;3;3;15;21;0;100;1;0;2;2;12;15
12.09.2024;20:18;A 94;1;2;46;0;58;2;62;5;55;0;0;8;26;6;39;4;53;0;0;0;0;0;0;0;0;0;0;0;0;0;0;0;0;2;4;8;6;5;6;0;100;1;56;2;57;12;20
12.09.2024;20:17;A 94;1;1;13;2;13;4;55;1;41;0;0;9;55;8;19;2;9;0;0;0;0;0;0;0;0;0;0;0;0;0;0;0;0;1;3;2;1;13;14;0;100;1;46;1;58;13;17
12.09.2024;20:16;A 94;1;1;23;1;12;3;18;4;12;0;0;5;46;6;47;1;78;0;0;0;0;0;0;0;0;0;0;1;2;0;0;0;0;2;4;1;1;12;23;0;100;2;25;1;29;8;17
12.09.2024;20:15;A 94;1;1;70;1;7;2;36;0;20;0;0;10;50;8;30;2;84;0;0;0;0;0;0;1;2;1;2;0;0;0;0;0;0;1;1;7;5;13;16;0;100;1;61;1;44;2;13
12.09.2024;20:14;A 94;1;2;46;2;8;4;32;4;39;0;0;4;32;3;15;3;35;0;0;0;0;0;0;0;0;0;0;0;0;0;0;0;0;3;7;3;2;6;6;0;100;1;80;1;17;4;19
12.09.2024;20:13;A 94;1;4;16;0;0;4;25;6;26;0;0;6;14;5;8;1;33;0;0;0;0;0;0;0;0;0;0;0;0;0;0;0;0;2;3;2;1;7;8;0;100;1;18;0;0;2;3
12.09.2024;20:12;A 94;1;1;49;0;0;6;13;4;25;0;0;9;23;5;20;5;37;0;0;0;0;0;0;0;0;0;0;0;0;0;0;0;0;3;5;1;1;8;9;0;100;1;48;0;0;3;17
12.09.2024;20:11;A 94;1;2;58;0;0;7;33;4;15;0;0;8;21;1;6;2;3;0;0;0;0;0;0;0;0;0;0;0;0;0;0;0;0;1;3;5;4;9;9;0;100;2;44;0;0;3;7
12.09.2024;20:10;A 94;1;1;4;0;0;5;14;9;38;0;0;8;34;5;33;2;94;0;0;0;0;0;0;0;0;1;2;1;2;0;0;0;0;3;5;4;3;10;13;0;100;0;0;0;0;1;61
12.09.2024;20:09;A 94;1;4;16;0;0;4;20;3;9;0;0;9;32;2;6;1;85;0;0;0;0;0;0;0;0;0;0;0;0;0;0;0;0;0;0;0;0;8;8;0;100;2;35;0;0;4;16
12.09.2024;20:08;A 94;1;0;74;4;15;5;17;5;12;0;0;8;30;5;18;9;22;0;0;0;0;0;0;0;0;0;0;0;0;0;0;0;0;2;2;5;4;9;10;0;100;2;73;1;53;5;60
12.09.2024;20:07;A 94;1;2;14;1;8;8;71;0;0;0;0;11;26;4;11;2;19;0;0;0;0;0;0;0;0;0;0;0;0;0;0;0;0;1;1;4;3;8;9;0;100;1;57;1;1;10;53
12.09.2024;20:06;A 94;1;3;24;0;12;3;68;2;68;0;0;5;44;5;13;1;20;0;0;0;0;0;0;0;0;0;0;0;0;0;0;0;0;3;5;7;6;7;8;0;100;3;44;1;13;6;28
12.09.2024;20:05;A 94;1;1;14;3;53;4;24;4;28;0;0;3;49;7;27;3;87;0;0;0;0;0;0;0;0;0;0;0;0;0;0;0;0;1;1;0;0;13;15;0;100;1;52;1;52;6;94
12.09.2024;20:04;A 94;1;2;17;0;0;7;16;2;12;0;0;5;32;1;68;3;5;0;0;0;0;0;0;0;0;0;0;0;0;0;0;0;0;2;4;3;4;9;12;0;100;1;27;0;0;3;91
12.09.2024;20:03;A 94;1;2;13;0;0;4;69;5;62;0;0;7;65;5;51;3;7;0;0;0;0;0;0;0;0;0;0;0;0;0;0;0;0;2;3;3;3;10;11;0;100;1;13;0;0;5;69
12.09.2024;20:02;A 94;1;1;1;0;0;8;31;2;26;0;0;6;23;5;30;0;0;0;0;1;2;1;2;0;0;0;0;0;0;0;0;0;0;1;1;4;8;6;8;0;100;0;0;0;0;10;51
12.09.2024;20:01;A 94;1;2;9;2;27;4;23;1;10;0;0;9;32;4;17;2;26;1;2;0;0;0;0;0;0;0;0;0;0;0;0;0;0;2;3;3;2;8;9;0;100;0;54;2;31;6;39
12.09.2024;20:00;A 94;1;2;25;0;15;0;93;0;88;0;0;3;77;6;70;1;74;0;0;0;0;0;0;0;0;0;0;0;0;0;0;0;0;1;2;9;9;10;12;0;100;5;55;2;9;7;57
12.09.2024;19:59;A 94;1;0;100;1;20;7;24;3;13;0;0;7;36;3;16;1;73;0;0;0;0;0;0;0;0;0;0;0;0;1;1;0;0;2;3;2;1;9;10;0;100;0;100;0;100;5;18
12.09.2024;19:58;A 94;1;4;30;3;23;7;36;0;0;0;0;7;68;5;74;8;63;0;0;0;0;0;0;0;0;0;0;0;0;0;0;0;0;0;1;6;5;9;9;0;100;2;13;3;24;5;60
12.09.2024;19:57;A 94;1;1;43;0;21;2;55;1;59;0;0;4;90;6;84;3;80;0;0;0;0;0;0;0;0;0;0;0;0;0;0;0;0;1;0;2;2;15;16;0;100;3;33;1;22;4;69
12.09.2024;19:56;A 94;1;3;89;1;12;6;36;7;27;0;0;10;42;6;67;5;30;0;0;0;0;0;0;0;0;0;0;0;0;0;0;1;1;1;3;4;3;9;11;0;100;1;93;1;2;5;79
12.09.2024;19:55;A 94;1;2;18;0;0;7;26;3;17;0;0;4;39;4;54;4;29;0;0;0;0;0;0;0;0;0;0;0;0;0;0;0;0;2;2;9;6;3;3;0;100;1;27;0;58;4;46
12.09.2024;19:54;A 94;1;1;13;1;15;9;30;6;16;0;0;5;54;5;59;1;65;0;0;0;0;0;0;0;0;0;0;0;0;0;0;0;0;2;5;4;4;10;12;0;100;2;10;2;15;3;78
12.09.2024;19:53;A 94;1;2;25;1;7;3;17;4;22;0;0;8;38;6;17;3;62;0;0;0;0;0;0;0;0;0;0;0;0;0;0;0;0;2;4;1;1;10;12;0;100;1;7;0;0;4;37
12.09.2024;19:52;A 94;1;1;12;1;5;6;26;2;8;0;0;4;29;2;7;2;15;0;0;0;0;0;0;0;0;0;0;0;0;0;0;0;0;1;8;2;3;6;6;0;100;1;56;1;1;4;26
12.09.2024;19:51;A 94;1;5;43;0;0;7;33;5;37;0;0;3;12;1;1;0;0;0;0;0;0;0;0;0;0;0;0;0;0;0;0;0;0;3;5;6;7;8;9;0;100;3;25;0;13;1;4
12.09.2024;19:50;A 94;1;2;53;1;5;7;32;6;32;0;0;7;31;5;18;2;56;1;2;1;2;1;2;0;0;0;0;0;0;0;0;0;0;0;0;1;2;7;8;0;100;1;45;1;46;6;27
12.09.2024;19:49;A 94;1;0;82;1;10;3;47;2;61;0;0;4;23;7;24;6;34;1;2;0;0;0;0;0;0;0;0;0;0;0;0;0;0;3;6;7;8;11;12;0;100;3;78;2;71;3;48
12.09.2024;19:48;A 94;1;3;65;2;14;5;56;4;22;0;0;5;55;4;9;1;90;1;2;1;2;1;2;0;0;0;0;0;0;0;0;0;0;3;5;6;7;10;10;0;100;1;70;1;1;5;28
12.09.2024;19:47;A 94;1;5;11;0;0;5;20;3;11;0;0;7;46;9;22;5;80;0;0;0;0;0;0;0;0;0;0;0;0;0;0;0;0;2;3;0;0;15;18;0;100;1;45;0;0;4;91
12.09.2024;19:46;A 94;1;1;22;1;6;2;28;3;10;0;0;3;38;2;47;5;58;0;0;0;0;0;0;0;0;0;0;0;0;0;0;0;0;1;1;3;3;5;6;0;100;3;9;1;1;4;60
12.09.2024;19:45;A 94;1;0;15;0;0;9;30;4;18;0;0;6;64;2;30;1;98;0;0;0;0;0;0;1;2;1;2;1;2;0;0;0;0;2;3;4;4;14;19;0;100;3;10;0;0;1;69
12.09.2024;19:44;A 94;1;2;61;0;0;3;25;5;20;0;0;6;77;11;40;5;79;0;0;0;0;0;0;0;0;0;0;0;0;0;0;0;0;3;6;2;3;16;28;0;100;1;79;0;0;3;91
12.09.2024;19:43;A 94;1;0;81;0;74;1;24;1;10;0;0;2;58;4;19;4;43;0;0;0;0;0;0;0;0;0;0;0;0;0;0;0;0;3;6;0;0;11;15;0;100;7;66;5;8;2;49
12.09.2024;19:42;A 94;1;3;62;1;64;8;42;5;14;0;0;10;36;7;19;0;0;0;0;0;0;0;0;0;0;0;0;0;0;0;0;0;0;2;3;6;6;8;9;0;100;2;56;0;0;4;50
12.09.2024;19:41;A 94;1;1;0;0;0;3;34;2;40;0;0;8;46;3;8;8;81;0;0;0;0;0;0;0;0;0;0;0;0;0;0;0;0;2;3;1;2;14;14;0;100;0;0;0;0;0;94
12.09.2024;19:40;A 94;1;4;21;0;58;2;21;1;34;0;0;5;61;1;5;3;26;0;0;0;0;0;0;0;0;0;0;0;0;0;0;0;0;2;5;4;4;6;7;0;100;2;3;1;58;3;26
12.09.2024;19:39;A 94;1;2;27;2;54;4;50;4;62;0;0;2;13;2;9;1;39;0;0;0;0;0;0;0;0;0;0;0;0;1;1;0;0;3;6;0;0;9;10;0;100;3;21;4;47;1;7
12.09.2024;19:38;A 94;1;0;100;1;95;6;32;9;31;1;1;10;33;5;14;5;87;0;0;1;2;1;2;0;0;0;0;0;0;1;1;0;0;2;4;5;7;6;9;0;100;0;100;1;87;4;56
12.09.2024;19:37;A 94;1;5;23;0;0;3;86;3;26;0;0;6;30;8;31;3;57;1;2;0;0;0;0;0;0;0;0;0;0;0;0;0;0;3;5;7;8;9;10;0;100;2;52;0;0;6;32
12.09.2024;19:36;A 94;1;0;0;0;0;6;16;0;0;0;0;3;45;2;34;0;100;0;0;0;0;0;0;0;0;0;0;1;2;0;0;0;0;0;0;10;8;9;12;0;100;0;0;0;6;0;0
12.09.2024;19:35;A 94;1;2;2;1;7;11;44;7;30;0;0;9;40;3;12;4;80;0;0;0;0;0;0;1;2;1;2;0;0;0;0;0;0;1;2;3;3;13;15;0;100;0;0;1;29;5;24
12.09.2024;19:34;A 94;1;1;67;1;11;2;47;2;24;0;0;4;44;2;14;4;37;0;0;0;0;0;0;0;0;0;0;0;0;0;0;0;0;2;2;3;4;6;6;0;100;2;62;2;64;3;20
12.09.2024;19:33;A 94;1;4;26;2;14;7;28;6;52;0;0;6;63;7;27;0;0;0;0;0;0;0;0;0;0;0;0;0;0;0;0;0;0;3;5;5;7;11;13;0;100;2;17;3;6;6;17
12.09.2024;19:32;A 94;1;1;73;1;6;5;39;2;38;0;0;5;58;3;32;5;81;0;0;0;0;0;0;0;0;0;0;0;0;0;0;0;0;5;7;1;1;16;22;0;100;1;63;0;0;1;85
12.09.2024;19:31;A 94;1;2;72;0;69;2;39;1;31;0;0;2;58;3;49;6;38;0;0;0;0;0;0;0;0;0;0;0;0;0;0;0;0;3;5;4;5;11;11;0;100;4;63;3;60;3;53
12.09.2024;19:30;A 94;1;3;44;3;45;7;54;7;28;0;0;6;63;3;10;1;70;0;0;0;0;0;0;0;0;0;0;0;0;0;0;1;1;4;7;3;4;8;8;0;100;1;40;1;46;3;54
12.09.2024;19:29;A 94;1;1;1;1;11;4;14;0;0;0;0;8;32;3;8;4;78;0;0;0;0;0;0;0;0;0;0;0;0;0;0;0;0;1;2;3;5;10;11;0;100;0;0;1;17;2;78
12.09.2024;19:28;A 94;1;2;58;1;5;3;30;3;14;0;0;7;27;3;18;5;9;0;0;0;0;0;0;0;0;0;0;0;0;0;0;0;0;5;11;4;4;10;11;0;100;1;56;1;1;1;35
12.09.2024;19:27;A 94;1;2;45;0;0;7;25;6;26;0;0;6;65;7;25;0;2;0;0;0;0;0;0;0;0;0;0;0;0;0;0;0;0;1;1;2;2;11;12;0;100;1;51;0;0;2;35
12.09.2024;19:26;A 94;1;3;12;0;0;3;32;7;26;0;0;11;55;5;14;7;86;0;0;0;0;0;0;0;0;0;0;0;0;0;0;0;0;6;11;1;1;17;19;0;100;1;57;0;0;3;57
12.09.2024;19:25;A 94;1;1;56;1;14;2;65;2;40;0;0;3;47;5;22;12;76;0;0;0;0;0;0;0;0;0;0;0;0;0;0;0;0;3;5;13;17;7;8;0;100;2;77;1;58;2;72
12.09.2024;19:24;A 94;1;3;27;1;7;10;56;7;37;0;0;3;73;7;47;1;81;0;0;0;0;0;0;0;0;0;0;0;0;0;0;0;0;2;3;6;6;17;20;0;100;5;48;1;11;1;91
12.09.2024;19:23;A 94;1;2;11;0;1;7;18;6;17;0;0;3;37;3;14;7;82;0;0;0;0;0;0;0;0;0;0;0;0;0;0;0;0;2;4;4;7;15;18;0;100;1;78;1;99;0;93
12.09.2024;19:22;A 94;1;2;10;2;16;6;28;5;21;0;0;4;52;4;12;5;67;0;0;0;0;0;0;0;0;0;0;0;0;0;0;0;0;5;8;12;10;9;12;0;100;1;40;1;43;2;62
12.09.2024;19:21;A 94;1;0;26;1;26;7;65;6;32;0;0;10;40;5;21;2;40;1;2;1;2;1;2;0;0;0;0;0;0;0;0;0;0;1;2;7;7;11;13;0;100;2;23;3;21;3;36
12.09.2024;19:20;A 94;1;2;42;1;45;3;9;5;19;0;0;7;46;3;22;1;82;0;0;0;0;0;0;0;0;0;0;0;0;0;0;0;0;3;4;1;1;16;22;0;100;1;34;1;36;2;11
12.09.2024;19:19;A 94;1;0;79;0;68;8;39;2;21;0;0;5;55;2;20;10;79;1;2;0;0;0;0;0;0;0;0;0;0;0;0;0;0;3;6;6;9;15;15;0;100;4;70;2;67;2;54
12.09.2024;19:18;A 94;1;1;64;2;47;10;36;7;38;0;0;8;57;3;18;2;50;1;2;1;2;1;2;0;0;0;0;0;0;0;0;0;0;1;1;6;8;11;11;0;100;2;66;1;52;3;43
12.09.2024;19:17;A 94;1;0;8;0;0;8;25;4;24;0;0;9;42;4;20;6;83;0;0;0;0;0;0;0;0;0;0;0;0;0;0;0;0;4;9;4;2;14;16;0;100;1;99;0;0;1;98
12.09.2024;19:16;A 94;1;2;20;1;9;5;15;5;28;0;0;11;44;6;20;10;44;0;0;0;0;0;0;0;0;0;0;0;0;0;0;0;0;1;1;7;9;13;19;0;100;1;49;1;28;1;57
12.09.2024;19:15;A 94;1;0;17;0;0;11;78;7;38;0;0;5;81;7;61;1;90;0;0;0;0;0;0;1;2;1;2;1;2;0;0;0;0;1;2;8;6;15;19;0;100;2;15;0;0;3;65
12.09.2024;19:14;A 94;1;0;100;0;0;3;12;3;15;0;0;8;44;7;27;5;18;0;0;0;0;0;0;0;0;1;2;1;2;0;0;0;0;4;6;0;0;14;17;0;100;0;100;0;0;4;37
12.09.2024;19:13;A 94;1;1;92;0;0;5;51;4;12;0;0;2;58;5;36;2;28;0;0;0;0;0;0;0;0;0;0;0;0;0;0;0;0;4;6;5;5;6;6;0;100;2;83;0;65;6;18
12.09.2024;19:12;A 94;1;4;67;2;46;7;54;6;62;0;0;2;64;2;17;3;79;0;0;0;0;0;0;0;0;0;0;0;0;0;0;0;0;2;3;13;13;14;16;0;100;5;77;4;29;2;15
12.09.2024;19:11;A 94;1;2;92;1;99;13;55;7;35;0;0;5;46;4;29;4;89;0;0;0;0;0;0;0;0;0;0;0;0;0;0;0;0;4;7;7;8;12;14;0;100;1;91;1;79;0;100
12.09.2024;19:10;A 94;1;0;64;0;0;3;75;2;23;0;0;5;43;3;9;7;34;1;2;0;0;0;0;0;0;0;0;0;0;0;0;1;1;2;5;4;8;15;20;0;100;2;64;0;58;2;66
12.09.2024;19:09;A 94;1;1;98;2;26;10;48;10;39;0;0;8;70;5;20;1;1;0;0;0;0;0;0;0;0;0;0;0;0;0;0;0;0;3;5;7;9;14;16;0;100;4;80;3;70;3;48
12.09.2024;19:08;A 94;1;5;66;0;100;6;20;4;20;0;0;6;24;5;18;6;81;0;0;0;0;0;0;0;0;0;0;0;0;0;0;0;0;3;5;1;2;9;11;0;100;0;100;0;100;2;94
12.09.2024;19:07;A 94;1;2;89;1;89;4;30;3;21;0;0;7;40;3;13;6;61;0;0;0;0;0;0;0;0;0;0;0;0;0;0;0;0;6;10;2;3;10;15;0;100;4;80;5;75;5;54
12.09.2024;19:06;A 94;1;2;14;3;50;7;92;4;91;0;0;6;71;9;31;4;89;0;0;0;0;0;0;0;0;0;0;0;0;0;0;0;0;5;13;3;5;13;16;0;100;1;74;4;50;3;62
12.09.2024;19:05;A 94;1;1;7;0;0;6;54;7;58;0;0;9;30;4;23;9;89;0;0;0;0;0;0;0;0;0;0;0;0;0;0;0;0;4;12;6;6;12;12;0;100;1;58;0;0;0;100
12.09.2024;19:04;A 94;1;0;90;1;74;6;46;4;20;0;0;8;40;6;40;10;80;0;0;0;0;0;0;0;0;0;0;0;0;0;0;0;0;2;3;7;5;14;15;0;100;5;81;1;73;2;100
12.09.2024;19:03;A 94;1;2;76;1;35;3;93;6;46;0;0;4;71;5;60;4;90;1;2;1;2;1;2;0;0;1;2;1;2;0;0;0;0;2;3;2;3;13;21;0;100;2;66;1;48;2;99
12.09.2024;19:02;A 94;1;1;7;0;6;8;43;10;26;0;0;7;35;3;13;5;85;0;0;0;0;0;0;1;2;0;0;0;0;0;0;0;0;2;4;10;12;10;11;0;100;1;37;1;94;1;74
12.09.2024;19:01;A 94;1;1;51;3;42;1;36;3;12;0;0;8;43;6;20;4;28;0;0;0;0;0;0;0;0;0;0;0;0;0;0;0;0;2;3;4;4;16;21;0;100;2;63;2;41;2;36
12.09.2024;19:00;A 94;1;1;31;1;6;6;83;2;68;0;0;4;77;3;16;6;21;0;0;0;0;0;0;0;0;0;0;0;0;1;2;0;0;4;8;8;17;11;12;0;100;2;6;1;11;5;25
12.09.2024;18:59;A 94;1;2;74;0;0;10;62;6;44;0;0;9;58;6;20;5;92;1;2;0;0;0;0;0;0;0;0;0;0;1;1;0;0;3;5;1;2;17;21;0;100;1;2;0;0;1;95
12.09.2024;18:58;A 94;1;0;91;0;90;2;80;2;17;0;0;8;68;7;25;14;74;0;0;0;0;0;0;0;0;0;0;0;0;0;0;0;0;6;11;6;8;16;17;0;100;5;80;6;81;1;66
12.09.2024;18:57;A 94;1;3;33;3;16;6;36;9;24;0;0;7;56;3;40;1;97;0;0;0;0;0;0;0;0;0;0;0;0;0;0;0;0;3;7;7;7;13;15;0;100;4;76;3;38;1;98
12.09.2024;18:56;A 94;1;2;58;2;61;5;18;4;11;0;0;7;37;8;27;7;83;0;0;0;0;0;0;0;0;0;0;0;0;0;0;0;0;4;7;1;2;14;16;0;100;1;87;1;84;1;97
12.09.2024;18:55;A 94;1;1;39;0;60;6;44;3;8;0;0;6;59;3;8;4;76;0;0;0;0;0;0;0;0;0;0;0;0;0;0;0;0;3;5;5;5;11;13;0;100;2;59;1;60;5;50
12.09.2024;18:54;A 94;1;4;17;1;53;9;64;7;31;0;34;1;72;2;53;1;78;0;0;0;0;0;0;0;0;0;0;0;0;0;0;0;0;4;7;10;11;12;15;0;100;2;82;2;42;2;57
12.09.2024;18:53;A 94;1;2;34;1;26;8;51;4;13;1;75;9;34;4;13;4;81;0;0;0;0;1;2;0;0;0;0;0;0;0;0;0;0;7;12;3;2;10;12;0;100;1;40;1;19;1;67
12.09.2024;18:52;A 94;1;1;59;2;57;6;27;4;22;0;0;9;44;4;14;9;38;0;0;1;2;0;0;0;0;0;0;0;0;0;0;0;0;6;12;3;4;13;14;0;100;3;72;2;50;1;61
12.09.2024;18:51;A 94;1;1;34;0;24;8;22;4;14;0;0;4;73;6;74;1;88;0;0;0;0;0;0;0;0;0;0;0;0;0;0;0;0;8;12;8;9;19;25;0;100;5;59;4;16;6;61
12.09.2024;18:50;A 94;1;0;100;0;100;7;26;2;10;0;0;7;49;7;26;8;84;1;2;0;0;0;0;0;0;0;0;0;0;0;0;0;0;4;9;1;1;18;21;0;100;0;100;0;100;3;91
12.09.2024;18:49;A 94;1;3;85;2;26;5;39;4;28;0;0;5;58;4;52;6;45;0;0;0;0;0;0;0;0;0;0;0;0;0;0;0;0;5;9;8;10;11;22;0;100;3;79;3;68;4;56
12.09.2024;18:48;A 94;1;2;54;3;24;7;15;8;77;0;0;5;91;4;83;2;91;0;0;0;0;0;0;0;0;0;1;1;2;0;0;0;0;4;8;13;12;14;20;0;100;4;59;2;51;5;77
12.09.2024;18:47;A 94;1;2;52;1;8;7;46;6;62;0;0;9;69;9;34;8;86;0;0;1;2;1;2;1;2;1;1;0;0;0;0;0;0;5;9;3;5;16;21;0;100;1;43;1;71;3;52
12.09.2024;18:46;A 94;1;0;82;1;12;6;29;4;25;0;0;6;32;4;16;10;80;1;2;0;0;0;0;0;0;0;0;0;0;0;0;1;2;2;3;13;25;12;13;0;100;4;70;1;17;3;56
12.09.2024;18:45;A 94;1;3;11;1;4;7;67;8;78;0;0;9;56;2;36;1;95;0;0;0;0;0;0;0;0;0;0;0;0;0;0;0;0;5;8;9;11;12;14;0;100;1;15;1;11;3;91
12.09.2024;18:44;A 94;1;2;13;1;8;5;91;4;90;0;0;7;66;6;29;5;88;0;0;0;0;0;0;0;0;0;0;0;0;0;0;0;0;6;10;9;12;17;19;0;100;3;10;1;1;6;91
12.09.2024;18:43;A 94;1;1;87;0;79;3;89;7;75;0;0;6;24;3;15;11;72;0;0;0;0;0;0;0;0;0;0;0;0;1;2;0;0;3;8;6;7;13;14;0;100;4;77;2;77;1;99
12.09.2024;18:42;A 94;1;2;86;2;44;10;54;6;29;0;0;7;82;4;63;6;90;1;2;0;0;0;0;0;0;0;0;0;0;0;0;0;0;3;5;6;12;13;15;0;100;2;85;3;61;0;100
12.09.2024;18:41;A 94;1;2;64;1;42;6;57;11;47;0;0;4;54;6;24;6;87;0;0;0;0;0;0;0;0;0;0;0;0;0;0;0;0;1;1;7;8;18;22;0;100;1;83;1;36;0;100
12.09.2024;18:40;A 94;1;0;91;1;47;3;42;5;32;0;0;11;68;8;24;10;81;0;0;0;0;0;0;0;0;1;2;1;2;0;0;0;0;7;10;8;10;17;22;0;100;6;81;3;78;0;100
12.09.2024;18:39;A 94;1;2;52;1;11;12;74;11;60;0;0;6;70;6;37;1;85;0;0;0;0;0;0;1;2;0;0;0;0;0;0;0;0;6;10;8;10;16;20;0;100;2;63;1;31;4;88
12.09.2024;18:38;A 94;1;2;13;0;0;6;56;7;53;0;0;6;65;4;43;6;85;0;0;1;2;1;2;0;0;0;0;0;0;0;0;0;0;5;9;7;10;15;16;0;100;1;1;0;0;0;93
12.09.2024;18:37;A 94;1;0;76;0;84;6;19;4;28;0;0;6;56;4;39;7;81;1;2;0;0;0;0;0;0;0;0;0;0;0;0;3;6;8;17;10;19;14;15;0;100;2;74;4;78;1;96
12.09.2024;18:36;A 94;1;2;36;2;49;4;52;4;24;0;0;6;69;2;54;1;99;0;0;0;0;0;0;0;0;0;0;0;0;0;0;5;7;5;10;4;6;12;18;0;100;2;53;3;59;2;95
12.09.2024;18:35;A 94;1;2;25;1;54;4;54;0;38;0;0;7;50;3;41;6;12;0;0;0;0;0;0;0;0;0;0;0;0;0;0;0;0;3;6;9;11;12;13;0;100;1;33;1;48;3;89
12.09.2024;18:34;A 94;1;1;7;0;0;2;28;2;20;0;0;8;86;7;56;9;36;0;0;0;0;0;0;0;0;0;0;0;0;1;1;0;0;7;12;7;9;15;25;0;100;1;1;0;0;2;92
12.09.2024;18:33;A 94;1;0;27;1;32;3;94;4;68;0;0;5;90;2;62;2;84;0;0;0;0;0;0;0;0;0;0;1;2;0;0;0;0;3;5;10;10;14;19;0;100;1;27;3;26;3;93
12.09.2024;18:32;A 94;1;1;66;2;56;11;35;6;16;0;0;9;43;2;15;7;54;0;0;0;0;0;0;1;2;1;2;0;0;0;0;2;3;8;16;1;1;13;14;0;100;1;58;1;57;2;69
12.09.2024;18:31;A 94;1;2;50;0;0;5;21;4;22;0;0;12;74;9;31;4;7;1;2;0;0;0;0;0;0;0;0;0;0;0;0;0;0;6;11;10;17;21;25;0;100;2;50;0;0;2;14
12.09.2024;18:30;A 94;1;2;27;1;14;0;100;3;92;0;0;4;61;3;11;0;0;0;0;0;0;0;0;0;0;0;0;0;0;0;0;1;2;5;10;14;14;12;14;0;100;5;16;2;12;0;0
12.09.2024;18:29;A 94;1;1;78;2;38;3;86;6;70;0;0;7;78;4;50;3;84;0;0;0;0;0;0;0;0;0;0;0;0;0;0;0;0;5;15;9;17;19;24;0;100;2;71;1;67;3;56
12.09.2024;18:28;A 94;1;3;69;2;57;6;91;6;74;0;0;8;50;6;36;9;15;0;0;0;0;0;0;0;0;0;0;0;0;2;70;0;0;7;12;5;5;12;13;0;100;3;55;3;56;1;60
12.09.2024;18:27;A 94;1;0;28;1;22;5;86;6;81;0;0;5;78;4;46;4;6;0;0;0;0;0;0;0;0;0;0;0;0;1;0;1;3;4;8;9;10;11;15;0;100;2;26;2;23;3;55
12.09.2024;18:26;A 94;1;2;33;1;7;11;75;9;54;0;0;10;50;6;17;5;69;0;0;0;0;0;0;0;0;0;0;0;0;0;0;0;0;4;4;6;10;20;22;0;100;1;34;0;0;3;83
12.09.2024;18:25;A 94;1;1;74;1;75;5;90;4;85;0;0;3;18;3;9;8;48;0;0;0;0;0;0;0;0;0;0;0;0;0;0;0;0;10;32;5;6;10;13;0;100;6;75;2;74;0;56
12.09.2024;18:24;A 94;1;1;46;1;38;6;78;4;78;0;0;1;76;6;92;4;86;0;0;0;0;0;0;0;0;0;0;0;0;0;0;0;0;6;17;11;18;12;14;0;100;5;29;4;35;1;88
12.09.2024;18:23;A 94;1;2;33;2;27;10;69;7;55;0;0;9;73;11;57;5;10;0;0;0;0;0;0;0;0;0;0;0;0;0;0;0;0;6;11;4;5;19;26;0;100;1;38;1;48;0;100
12.09.2024;18:22;A 94;1;0;67;2;50;3;73;3;33;0;0;6;69;1;53;8;32;0;0;0;0;0;0;0;0;0;0;0;0;0;0;0;0;4;6;6;8;9;11;0;100;2;65;2;47;1;98
12.09.2024;18:21;A 94;1;1;57;1;37;6;85;5;74;0;0;4;54;5;61;4;70;0;0;0;0;0;0;0;0;0;0;0;0;0;0;2;4;4;8;8;10;16;20;0;100;7;33;5;29;2;83
12.09.2024;18:20;A 94;1;1;34;1;7;6;35;4;49;0;0;6;57;2;28;8;13;1;2;0;0;0;0;0;0;0;0;0;0;0;0;0;0;9;14;5;9;18;21;0;100;0;100;0;0;0;100
12.09.2024;18:19;A 94;1;3;83;1;71;3;86;3;86;0;0;5;64;3;55;2;33;0;0;0;0;0;0;0;0;0;0;0;0;0;0;0;0;6;9;1;73;16;19;0;100;7;73;5;63;2;61
12.09.2024;18:18;A 94;1;5;69;2;57;1;96;0;100;0;0;3;95;7;27;5;88;0;0;0;0;0;0;0;0;0;0;0;0;0;0;0;0;3;4;8;9;17;19;0;100;6;54;4;44;3;22
12.09.2024;18:17;A 94;1;2;76;1;88;7;57;9;61;0;0;6;42;5;26;4;76;0;0;1;2;1;2;1;2;1;2;1;2;0;0;1;2;9;15;14;19;14;17;0;100;1;74;0;100;4;16
12.09.2024;18:16;A 94;1;0;79;2;78;6;51;8;24;0;0;7;82;6;54;10;49;1;2;0;0;0;0;0;0;0;0;0;0;0;0;0;0;6;10;4;5;15;19;0;100;2;77;3;63;1;66
12.09.2024;18:15;A 94;1;2;86;1;42;2;95;4;97;0;0;2;96;4;82;4;92;0;0;0;0;0;0;0;0;0;0;0;0;0;0;0;0;9;15;4;28;22;24;0;100;9;77;6;32;1;98
12.09.2024;18:14;A 94;1;2;27;2;21;12;47;11;68;0;0;9;55;9;29;7;90;0;0;0;0;0;0;0;0;0;0;1;2;0;0;0;0;4;35;7;11;18;25;0;100;1;17;1;26;0;100
12.09.2024;18:13;A 94;1;1;43;1;59;3;17;3;8;0;0;10;52;8;31;13;69;0;0;0;0;0;0;0;0;1;2;0;0;0;0;0;0;3;6;4;6;16;22;0;100;1;76;3;46;6;93
12.09.2024;18:12;A 94;1;1;43;0;31;1;69;5;62;0;0;4;91;6;31;6;89;0;0;0;0;0;0;0;0;0;0;0;0;0;0;0;0;5;8;6;10;11;12;0;100;5;59;2;26;0;100
12.09.2024;18:11;A 94;1;2;28;1;73;8;43;7;41;0;0;5;33;4;13;8;92;0;0;0;0;0;0;0;0;0;0;0;0;0;0;2;4;5;8;3;4;12;15;0;100;1;69;1;65;0;100
12.09.2024;18:10;A 94;1;1;55;1;75;3;93;7;91;0;0;6;78;8;57;7;87;1;2;0;0;0;0;0;0;0;0;0;0;0;0;0;0;8;14;5;7;17;23;0;100;3;46;3;54;0;100
12.09.2024;18:09;A 94;1;2;20;0;29;2;98;2;100;0;0;3;62;8;32;5;89;0;0;0;0;0;0;0;0;0;0;0;0;0;0;0;0;6;9;7;12;12;13;0;100;4;13;2;28;0;100
12.09.2024;18:08;A 94;1;0;0;2;15;4;85;7;82;0;0;6;72;4;50;5;90;0;0;0;0;0;0;0;0;0;0;0;0;1;2;1;1;4;9;5;7;16;23;0;100;0;0;1;18;0;100
12.09.2024;18:07;A 94;1;1;89;2;8;5;88;5;55;0;0;6;65;5;43;11;79;0;0;0;0;0;0;0;0;0;0;0;0;0;0;2;4;5;8;13;43;14;16;0;100;4;80;2;73;3;98
12.09.2024;18:06;A 94;1;2;70;2;38;1;98;0;92;0;0;3;64;6;79;6;90;0;0;0;0;0;0;0;0;0;0;0;0;0;0;0;0;5;8;11;16;10;10;0;100;3;58;3;57;0;100
12.09.2024;18:05;A 94;1;3;37;2;35;6;79;5;87;0;0;4;68;2;52;5;95;0;0;0;0;0;0;0;0;0;0;0;0;1;5;0;0;5;8;4;6;14;17;0;100;2;59;1;85;0;100
12.09.2024;18:04;A 94;1;2;57;1;7;3;94;3;78;0;0;5;60;2;15;11;78;1;2;0;0;1;2;0;0;0;0;0;0;0;0;1;8;5;9;8;12;15;17;0;100;4;47;1;16;0;100
12.09.2024;18:03;A 94;1;0;35;0;0;3;81;5;79;0;0;4;17;3;75;5;90;1;2;1;2;0;0;0;0;0;0;0;0;0;0;0;0;4;7;11;14;10;10;0;100;4;28;0;21;0;100
12.09.2024;18:02;A 94;1;2;45;1;7;4;48;6;42;0;0;11;74;4;32;5;93;0;0;0;0;0;0;0;0;0;0;0;0;1;2;1;2;8;14;6;9;15;19;0;100;1;85;1;50;0;100
12.09.2024;18:01;A 94;1;0;84;0;82;3;88;8;96;0;0;8;67;5;35;4;84;0;0;0;0;0;0;0;0;1;2;1;2;0;0;0;0;7;13;10;27;19;24;0;100;4;77;3;76;0;100
12.09.2024;18:00;A 94;1;2;58;1;65;0;100;2;99;0;0;6;69;4;50;4;89;0;0;0;0;0;0;1;2;0;0;0;0;1;4;0;0;4;37;6;8;9;13;0;100;2;48;4;56;0;100
12.09.2024;17:59;A 94;1;1;37;2;12;6;73;12;74;0;0;10;74;9;45;6;90;0;0;0;0;0;0;0;0;0;0;0;0;0;0;0;0;7;32;8;8;21;27;0;100;1;93;1;43;0;100
12.09.2024;17:58;A 94;1;1;81;0;0;6;82;4;76;0;0;5;86;8;69;9;82;0;0;0;0;0;0;0;0;0;0;0;0;0;0;0;0;2;2;7;10;17;21;0;100;2;76;0;72;4;99
12.09.2024;17:57;A 94;1;4;55;3;35;0;100;1;99;0;0;2;97;3;67;5;88;0;0;0;0;0;0;0;0;0;0;0;0;0;0;0;0;8;10;6;7;12;13;0;100;5;59;4;45;1;98
12.09.2024;17:56;A 94;1;2;26;1;5;9;89;7;93;0;0;5;89;6;68;5;93;0;0;0;0;0;0;0;0;0;0;0;0;1;1;0;0;9;16;4;7;22;36;0;100;1;55;1;24;0;100
12.09.2024;17:55;A 94;1;0;90;1;29;3;85;4;92;0;0;10;72;8;37;10;80;0;0;0;0;0;0;0;0;0;0;0;0;0;0;0;0;4;18;6;8;15;17;0;100;6;80;5;81;0;100
12.09.2024;17:54;A 94;1;1;70;1;8;7;73;3;57;0;0;6;80;6;16;1;91;0;0;1;2;1;2;0;0;0;0;0;0;0;0;1;1;4;5;10;10;15;17;0;100;1;68;1;2;0;100
12.09.2024;17:53;A 94;1;1;5;0;1;5;75;6;81;0;0;9;85;3;59;6;82;0;0;0;0;0;0;0;0;0;0;0;0;0;0;0;0;5;8;11;13;23;31;0;100;1;54;1;1;1;92
12.09.2024;17:52;A 94;1;0;95;1;100;5;82;8;36;0;0;6;65;5;69;12;81;0;0;0;0;0;0;0;0;0;0;0;0;0;0;0;0;0;76;2;6;18;29;0;100;5;84;7;83;0;100
12.09.2024;17:51;A 94;1;3;48;3;81;2;97;1;99;0;0;1;92;1;100;3;86;0;0;0;0;0;0;0;0;0;0;0;0;0;0;1;1;6;39;5;7;8;12;0;100;2;88;3;62;1;99
12.09.2024;17:50;A 94;1;1;9;0;0;8;77;8;83;2;4;8;80;7;53;4;86;0;0;0;0;1;2;0;0;0;0;0;0;1;1;0;0;11;15;4;5;21;31;0;100;1;40;0;0;0;100
12.09.2024;17:49;A 94;1;2;65;1;63;7;74;6;87;0;0;4;89;6;66;8;81;1;2;1;2;0;0;0;0;0;0;0;0;0;0;0;0;7;11;11;17;18;27;0;100;5;56;5;76;0;100
12.09.2024;17:48;A 94;1;1;37;2;8;1;98;1;99;1;2;2;97;3;85;5;93;0;0;0;0;0;0;0;0;0;0;0;0;0;0;0;0;4;9;17;35;9;11;0;100;4;28;1;23;0;100
12.09.2024;17:47;A 94;1;1;46;0;6;5;71;9;78;1;0;5;65;5;51;7;90;0;0;0;0;0;0;0;0;0;0;1;2;0;0;1;1;7;11;11;14;19;27;0;100;1;95;1;95;1;100
12.09.2024;17:46;A 94;1;2;87;4;69;3;18;2;43;0;0;8;56;7;54;10;70;0;0;0;0;0;0;1;2;1;2;0;0;0;0;0;0;10;17;3;5;14;15;0;100;6;70;4;68;1;97
12.09.2024;17:45;A 94;1;2;80;1;7;5;92;8;83;0;0;5;66;7;31;6;82;0;0;0;0;0;0;0;0;0;0;0;0;0;0;0;0;13;21;13;22;16;20;0;100;2;75;1;73;1;100
12.09.2024;17:44;A 94;1;1;90;1;7;5;75;7;79;0;0;5;78;7;72;6;12;0;0;0;0;0;0;0;0;0;0;0;0;0;0;0;0;7;19;7;7;17;20;0;100;1;82;1;77;0;100
12.09.2024;17:43;A 94;1;2;56;1;69;3;52;4;44;0;0;5;84;5;47;9;33;0;0;0;0;0;0;0;0;0;0;0;0;1;2;0;0;11;21;4;4;15;23;0;100;3;65;2;71;1;97
12.09.2024;17:42;A 94;1;1;49;4;44;2;99;6;74;0;0;0;97;5;69;5;93;0;0;0;0;0;0;0;0;0;0;0;0;0;0;0;0;12;17;8;12;18;20;0;100;7;75;5;33;1;99
12.09.2024;17:41;A 94;1;2;21;2;21;8;58;10;58;0;0;7;91;6;76;5;90;0;0;0;0;0;0;0;0;0;0;0;0;0;0;0;0;6;10;2;3;23;30;0;100;1;85;1;86;0;100
12.09.2024;17:40;A 94;1;0;93;2;17;2;49;5;44;0;0;8;80;6;41;10;77;1;2;0;0;1;2;0;0;0;0;0;0;1;2;0;0;9;13;9;12;16;22;0;100;5;83;3;39;0;100
12.09.2024;17:39;A 94;1;1;75;0;28;1;99;2;77;0;0;4;74;5;74;4;84;1;2;1;2;0;0;0;0;0;0;0;0;0;0;1;1;2;3;10;13;12;13;0;100;6;57;2;25;1;96
12.09.2024;17:38;A 94;1;1;65;2;64;13;58;11;34;0;0;8;66;6;33;8;87;0;0;0;0;0;0;0;0;0;0;0;0;0;0;2;3;10;16;7;10;22;31;0;100;0;100;1;67;1;99
12.09.2024;17:37;A 94;1;3;20;0;0;3;87;8;74;0;0;5;71;5;55;13;79;0;0;0;0;0;0;0;0;0;0;0;0;0;0;1;1;5;7;8;10;12;15;0;100;2;78;0;0;4;81
12.09.2024;17:36;A 94;1;2;42;1;36;3;97;6;90;0;0;2;96;4;72;5;85;0;0;0;0;0;0;0;0;0;0;0;0;0;0;0;0;11;15;7;8;15;20;0;100;6;84;3;27;5;94
12.09.2024;17:35;A 94;1;1;61;1;80;6;81;6;95;0;0;7;88;4;71;4;93;0;0;0;0;0;0;0;0;0;0;0;0;0;0;0;0;8;14;8;13;19;27;0;100;1;49;1;70;0;100
12.09.2024;17:34;A 94;1;0;87;0;83;3;90;6;87;0;0;9;75;5;47;12;74;0;0;0;0;0;0;0;0;0;0;0;0;0;0;3;6;11;16;9;17;16;24;0;100;5;82;4;72;1;100
12.09.2024;17:33;A 94;1;1;54;1;31;7;93;7;94;0;0;4;90;5;35;5;88;0;0;0;0;0;0;1;2;1;2;1;2;1;2;0;0;9;19;12;11;19;21;0;100;5;39;2;27;1;100
12.09.2024;17:32;A 94;1;1;96;1;63;12;78;6;54;0;0;16;68;8;29;4;86;0;0;0;0;0;0;0;0;0;0;0;0;0;0;0;0;15;26;7;12;19;21;0;100;0;100;0;100;0;100
12.09.2024;17:31;A 94;1;2;15;2;12;4;92;2;96;0;0;8;40;5;21;9;80;1;2;0;0;0;0;0;0;0;0;0;0;0;0;0;0;5;8;11;15;12;16;0;100;3;74;3;73;0;100
12.09.2024;17:30;A 94;1;1;34;1;29;1;100;1;100;0;0;2;84;4;63;6;90;0;0;0;0;0;0;0;0;0;0;0;0;0;0;0;0;5;7;4;6;11;13;0;100;3;27;2;12;0;100
12.09.2024;17:29;A 94;1;1;7;1;2;8;75;6;91;0;0;8;80;5;60;5;93;0;0;0;0;0;0;0;0;0;0;0;0;1;1;0;0;9;16;8;7;24;37;0;100;1;23;0;0;0;100
12.09.2024;17:28;A 94;1;0;100;1;96;6;86;5;92;0;0;12;57;7;36;11;81;0;0;0;0;0;0;0;0;0;0;0;0;0;0;0;0;10;15;10;36;18;20;0;100;8;86;6;82;0;100
12.09.2024;17:27;A 94;1;1;46;2;31;5;92;7;89;0;0;9;77;7;39;5;90;0;0;0;0;0;0;0;0;0;0;0;0;0;0;3;11;8;12;7;8;11;13;0;100;1;36;2;19;6;95
12.09.2024;17:26;A 94;1;0;0;0;0;3;92;6;86;0;0;5;69;2;56;6;89;0;0;0;0;0;0;0;0;0;0;0;0;0;0;0;0;9;15;10;14;18;24;0;100;0;0;0;0;2;98
12.09.2024;17:25;A 94;1;0;89;1;49;3;80;7;84;0;0;9;80;4;59;10;78;0;0;0;0;0;0;0;0;0;0;0;0;0;0;2;2;14;23;13;28;20;24;0;100;5;80;4;76;0;100
12.09.2024;17:24;A 94;1;1;68;1;7;1;100;4;96;0;0;1;88;3;80;4;92;0;0;0;0;0;0;0;0;0;0;0;0;0;0;0;0;5;10;3;30;9;10;0;100;4;46;1;51;0;100
12.09.2024;17:23;A 94;1;3;43;1;9;4;82;9;78;0;0;4;75;4;72;4;9;0;0;0;0;1;2;0;0;0;0;0;0;0;0;1;1;10;38;10;25;17;20;0;100;2;14;1;17;0;100
12.09.2024;17:22;A 94;1;1;6;0;0;3;86;4;85;0;0;8;64;6;52;12;41;1;2;1;2;0;0;0;0;0;0;1;2;0;0;2;2;6;14;9;8;12;18;0;100;0;72;0;0;5;96
12.09.2024;17:21;A 94;1;1;47;0;26;0;100;3;98;0;0;3;88;4;80;6;91;1;2;0;0;0;0;1;2;1;2;0;0;0;0;1;1;6;18;8;7;12;14;0;100;5;60;1;25;0;100
12.09.2024;17:20;A 94;1;1;89;2;56;13;67;11;75;0;0;9;82;10;31;5;90;0;0;0;0;0;0;0;0;0;0;0;0;0;0;0;0;6;8;17;16;21;27;0;100;0;100;1;63;0;100
12.09.2024;17:19;A 94;1;2;70;1;38;5;79;6;91;0;0;4;85;10;55;10;86;0;0;0;0;0;0;0;0;0;0;0;0;0;0;1;1;6;26;8;10;21;48;0;100;4;72;2;30;4;97
12.09.2024;17:18;A 94;1;2;17;3;20;0;100;0;100;0;0;2;96;1;92;7;82;0;0;0;0;0;0;0;0;0;0;1;2;0;0;0;0;5;8;1;1;10;22;0;100;2;27;3;33;0;100
12.09.2024;17:17;A 94;1;1;8;2;6;5;91;10;87;0;0;4;80;3;65;4;94;0;0;0;0;0;0;0;0;1;2;0;0;0;0;1;1;6;8;7;7;18;41;0;100;1;56;1;83;0;100
12.09.2024;17:16;A 94;1;1;91;1;83;6;71;4;59;0;0;7;68;6;37;9;89;0;0;0;0;1;2;1;2;0;0;0;0;1;1;0;0;11;17;5;5;18;22;0;100;6;81;4;75;1;100
12.09.2024;17:15;A 94;1;2;50;3;42;2;91;3;95;0;0;2;99;6;56;5;89;1;2;1;2;0;0;0;0;0;0;0;0;0;0;0;0;11;17;11;13;18;23;0;100;5;66;3;59;1;100
12.09.2024;17:14;A 94;1;2;47;1;51;5;95;3;88;0;0;4;91;8;70;8;88;0;0;0;0;0;0;0;0;0;0;0;0;0;0;0;0;9;13;6;23;20;25;0;100;1;46;1;42;0;100
12.09.2024;17:13;A 94;1;2;76;0;81;4;92;2;82;0;0;6;88;7;60;14;70;1;2;0;0;0;0;0;0;0;0;0;0;0;0;0;0;9;44;6;4;16;52;0;100;4;65;3;79;3;99
12.09.2024;17:12;A 94;1;0;44;3;29;4;96;4;92;0;0;1;100;5;92;3;87;0;0;0;0;0;0;0;0;0;0;0;0;0;0;2;2;19;28;9;17;11;16;0;100;4;30;3;24;1;98
12.09.2024;17:11;A 94;1;0;100;0;0;11;58;16;60;0;0;9;67;6;24;5;93;0;0;0;0;0;0;0;0;0;0;0;0;0;0;0;0;2;5;9;9;19;24;0;100;1;92;0;0;0;100
12.09.2024;17:10;A 94;1;1;2;0;0;4;87;6;39;0;0;13;65;7;26;12;76;0;0;0;0;0;0;0;0;0;0;0;0;0;0;0;0;11;18;9;10;12;13;0;100;0;76;0;0;4;97
12.09.2024;17:09;A 94;1;2;46;1;4;3;85;4;94;0;0;1;84;5;61;4;86;0;0;0;0;0;0;0;0;0;0;0;0;0;0;0;0;11;15;17;27;18;22;0;100;5;62;1;1;0;100
12.09.2024;17:08;A 94;1;1;99;0;0;3;75;7;95;0;0;7;86;3;70;3;93;0;0;0;0;0;0;0;0;0;0;0;0;0;0;0;0;3;4;5;7;21;29;0;100;1;91;0;0;0;100
12.09.2024;17:07;A 94;1;0;90;1;86;5;88;7;79;0;0;5;89;5;58;13;52;0;0;0;0;0;0;0;0;0;0;0;0;0;0;0;0;7;11;13;29;14;25;0;100;5;81;4;80;2;99
12.09.2024;17:06;A 94;1;3;70;2;48;5;82;6;79;1;49;2;97;4;84;2;6;0;0;0;0;0;0;0;0;0;0;0;0;0;0;1;1;3;4;20;33;12;13;0;100;3;69;3;76;1;99
12.09.2024;17:05;A 94;1;2;75;10;54;10;70;12;76;1;81;7;80;8;65;5;92;0;0;0;0;0;0;0;0;0;0;1;2;0;0;0;0;7;18;6;8;17;26;0;100;1;87;1;78;0;100
12.09.2024;17:04;A 94;1;1;79;0;85;4;83;6;58;1;45;9;68;6;49;12;78;0;0;0;0;0;0;1;2;1;2;0;0;0;0;0;0;8;41;13;22;13;20;0;100;4;79;4;79;2;100
12.09.2024;17:03;A 94;1;1;45;2;46;6;89;6;89;0;0;1;92;6;82;6;85;2;3;1;2;1;2;0;0;0;0;0;0;0;0;0;0;10;38;9;11;16;19;0;100;5;34;3;64;5;91
12.09.2024;17:02;A 94;1;0;100;0;100;4;83;9;70;0;0;7;77;9;66;8;88;0;0;0;0;0;0;0;0;0;0;0;0;0;0;0;0;5;8;4;6;23;31;0;100;1;94;1;95;0;100
12.09.2024;17:01;A 94;1;1;100;2;91;4;39;5;46;0;0;7;86;5;41;9;50;0;0;0;0;0;0;0;0;0;0;0;0;0;0;0;0;10;17;7;11;21;28;0;100;7;80;5;79;0;100
12.09.2024;17:00;A 94;1;1;87;1;56;6;91;7;76;0;0;4;90;4;74;4;10;0;0;0;0;0;0;0;0;0;0;0;0;0;0;0;0;11;17;7;55;14;16;0;100;4;76;1;69;2;99
12.09.2024;16:59;A 94;1;1;94;1;8;6;60;10;41;0;1;6;78;9;81;5;84;0;0;0;0;0;0;0;0;0;0;0;0;0;0;0;0;7;12;4;32;22;26;0;100;1;86;1;60;1;100
12.09.2024;16:58;A 94;1;0;82;1;53;3;34;5;40;1;83;6;81;4;49;8;82;0;0;0;0;0;0;0;0;0;0;0;0;0;0;0;0;2;3;9;10;17;22;0;100;4;69;2;76;1;100
12.09.2024;16:57;A 94;1;1;40;3;44;3;80;6;83;1;58;1;84;4;62;6;90;0;0;0;0;0;0;0;0;0;0;0;0;0;0;0;0;8;17;11;13;12;14;0;100;3;31;5;76;2;92
12.09.2024;16:56;A 94;1;1;76;1;60;3;48;15;54;0;100;6;22;3;11;10;87;0;0;0;0;0;0;0;0;0;0;0;0;0;0;0;0;3;5;5;6;7;11;0;100;1;69;1;52;0;100
12.09.2024;16:55;A 94;1;2;67;0;0;7;75;8;47;1;12;8;34;1;5;8;81;0;0;0;0;0;0;0;0;0;0;0;0;0;0;0;0;7;10;12;12;15;18;0;100;4;78;0;0;1;100
12.09.2024;16:54;A 94;1;2;29;1;6;5;87;5;88;0;0;3;89;3;83;4;90;0;0;0;0;0;0;0;0;0;0;0;0;0;0;0;0;4;9;12;29;13;20;0;100;2;40;1;2;0;100
12.09.2024;16:53;A 94;1;1;6;0;0;5;76;10;86;0;5;3;85;6;81;5;92;0;0;0;0;1;2;0;0;0;0;0;0;0;0;0;0;7;16;8;9;22;36;0;100;1;46;0;0;0;100
12.09.2024;16:52;A 94;1;0;94;1;79;5;79;7;56;1;99;7;83;6;77;8;84;1;2;1;2;1;2;0;0;0;0;0;0;0;0;1;2;3;70;10;12;14;27;0;100;6;82;3;75;0;100
12.09.2024;16:51;A 94;1;2;60;2;58;1;99;1;100;0;0;0;100;2;83;6;86;0;0;0;0;0;0;0;0;0;0;0;0;0;0;0;0;8;19;3;5;17;21;0;100;7;52;6;52;0;100
12.09.2024;16:50;A 94;1;2;19;2;20;10;73;12;82;0;0;5;91;8;58;5;90;0;0;1;2;0;0;0;0;0;0;0;0;0;0;1;1;7;12;11;17;24;36;0;100;0;100;1;16;0;100
12.09.2024;16:49;A 94;1;2;68;1;40;4;62;5;78;0;0;7;84;9;65;9;84;1;2;0;0;0;0;1;2;1;2;1;2;0;0;0;0;10;24;6;48;18;27;0;100;6;87;5;28;0;100
12.09.2024;16:48;A 94;1;3;53;2;32;0;100;2;98;0;0;0;100;2;82;6;87;0;0;0;0;0;0;0;0;0;0;0;0;0;0;0;0;12;21;6;36;13;16;0;100;8;71;4;28;2;99
12.09.2024;16:47;A 94;1;2;57;2;54;7;83;10;90;0;0;9;75;9;63;9;88;0;0;0;0;0;0;0;0;0;0;0;0;0;0;1;3;7;12;8;9;21;29;0;100;1;79;1;69;0;100
12.09.2024;16:46;A 94;1;0;99;2;92;4;83;3;89;0;0;8;58;2;28;10;82;0;0;0;0;0;0;0;0;0;0;0;0;0;0;0;0;11;26;7;7;14;17;0;100;6;84;6;77;1;100
12.09.2024;16:45;A 94;1;1;88;2;66;0;96;3;94;0;54;3;84;3;83;4;92;0;0;0;0;0;0;0;0;0;0;0;0;0;0;0;0;4;5;8;10;17;19;0;100;7;73;6;75;1;99
12.09.2024;16:44;A 94;1;1;91;1;97;7;90;11;65;0;100;8;50;5;29;7;90;0;0;0;0;0;0;0;0;0;0;0;0;0;0;0;0;7;12;7;8;15;19;0;100;1;92;1;91;0;100
12.09.2024;16:43;A 94;1;3;76;1;79;4;83;6;91;1;0;7;77;7;66;11;71;0;0;0;0;0;0;0;0;0;0;0;0;0;0;1;1;11;16;9;11;15;20;0;100;3;78;3;8;1;95
12.09.2024;16:42;A 94;1;3;52;1;15;0;98;2;100;0;0;2;94;3;86;3;95;0;0;0;0;0;0;1;2;1;2;1;1;0;0;0;0;13;28;3;4;21;23;0;100;8;65;2;27;0;100
12.09.2024;16:41;A 94;1;1;76;1;8;5;88;7;92;0;0;3;99;1;97;2;97;0;0;0;0;0;0;0;0;0;0;0;0;1;1;1;3;2;3;9;9;18;22;0;100;1;70;1;28;0;100
12.09.2024;16:40;A 94;1;0;91;2;57;3;91;5;95;0;0;4;84;5;27;8;74;1;2;0;0;0;0;0;0;0;0;0;0;1;1;0;0;13;26;8;9;17;21;0;100;6;81;5;70;1;98
12.09.2024;16:39;A 94;1;3;73;3;11;3;98;4;98;0;0;4;65;3;38;3;90;0;0;0;0;0;0;0;0;0;0;0;0;0;0;0;0;18;38;10;9;15;16;0;100;5;57;3;23;0;100
12.09.2024;16:38;A 94;1;2;44;2;7;7;85;9;80;0;0;4;67;3;50;2;95;0;0;0;2;1;2;0;0;0;0;0;0;0;0;1;1;8;34;14;16;12;16;0;100;1;38;1;62;0;100
12.09.2024;16:37;A 94;1;1;8;0;0;4;92;2;87;0;0;7;56;8;33;9;49;1;2;1;0;0;0;0;0;0;0;0;0;1;7;0;0;4;8;11;17;14;17;0;100;1;27;0;0;3;68
12.09.2024;16:36;A 94;1;2;33;2;8;1;99;2;99;0;0;1;83;3;85;4;85;0;0;0;0;0;0;0;0;0;0;0;0;0;0;0;0;11;17;8;9;9;9;0;100;3;25;2;24;4;88
12.09.2024;16:35;A 94;1;2;15;1;7;7;78;11;83;0;0;3;81;6;73;5;88;0;0;0;0;0;0;0;0;0;0;0;0;0;0;1;1;9;13;6;9;22;30;0;100;1;21;1;23;0;100
12.09.2024;16:34;A 94;1;1;82;2;67;5;89;5;37;0;0;8;82;4;49;11;74;1;2;0;0;0;0;0;0;0;0;0;0;0;0;0;0;11;22;7;12;14;17;0;100;6;14;4;79;1;100
12.09.2024;16:33;A 94;1;2;45;1;41;4;90;5;95;0;0;6;79;6;46;5;86;0;0;0;0;0;0;0;0;0;0;0;0;0;0;1;1;9;15;10;7;18;19;0;100;4;31;4;71;0;100
12.09.2024;16:32;A 94;1;2;31;1;82;9;80;13;85;0;0;3;49;4;34;6;12;0;0;0;0;0;0;0;0;0;0;0;0;0;0;0;0;10;27;8;11;15;23;0;100;1;77;1;75;0;100
12.09.2024;16:31;A 94;1;0;81;2;30;4;81;8;91;0;0;9;58;6;42;7;51;0;0;0;0;0;0;1;2;1;2;1;2;0;0;0;0;10;17;8;11;13;16;0;100;3;77;4;19;0;100
12.09.2024;16:30;A 94;1;1;68;0;32;2;99;6;91;0;0;4;80;7;53;4;84;0;0;0;0;0;0;0;0;0;0;0;0;0;0;0;0;9;18;4;34;20;27;0;100;5;53;3;28;1;93
12.09.2024;16:29;A 94;1;1;68;2;51;3;76;10;78;0;0;4;60;3;47;7;90;0;0;0;0;0;0;0;0;0;0;0;0;0;0;0;0;10;14;13;18;13;18;0;100;1;99;1;54;0;100
12.09.2024;16:28;A 94;1;1;97;2;43;5;82;5;84;1;1;11;58;7;68;12;81;0;0;0;0;0;0;0;0;0;0;0;0;0;0;0;0;10;14;7;7;20;27;0;100;6;81;6;81;0;100
12.09.2024;16:27;A 94;1;0;100;1;30;6;78;5;85;0;40;3;90;5;79;4;91;0;0;0;0;0;0;0;0;0;0;0;0;0;0;0;0;7;12;16;17;17;21;0;100;2;94;3;84;0;100
12.09.2024;16:26;A 94;1;1;51;2;11;6;72;7;72;1;1;8;82;6;68;4;88;0;0;0;0;0;0;0;0;0;0;0;0;0;0;0;0;10;17;5;8;18;26;0;100;1;44;1;14;0;100
12.09.2024;16:25;A 94;1;0;87;1;66;5;91;3;93;0;0;5;92;7;68;9;78;0;0;0;0;0;0;0;0;0;0;1;2;0;0;0;0;11;23;10;17;16;28;0;100;4;78;2;75;0;100
12.09.2024;16:24;A 94;1;1;46;2;35;2;99;2;97;1;1;1;100;4;90;5;92;0;0;0;0;0;0;1;2;1;2;0;0;0;0;1;1;13;34;4;14;12;17;0;100;4;35;4;19;0;100
12.09.2024;16:23;A 94;1;2;55;0;0;5;89;5;91;0;0;7;81;8;67;6;84;0;0;0;0;0;0;0;0;0;0;0;0;0;0;1;1;6;9;13;13;25;39;0;100;1;54;0;0;0;100
12.09.2024;16:22;A 94;1;0;99;1;30;6;81;5;78;0;0;6;78;6;39;8;89;0;0;0;0;0;0;0;0;0;0;0;0;0;0;0;0;2;3;5;5;18;28;0;100;10;82;5;80;0;100
12.09.2024;16:21;A 94;1;3;58;2;10;1;99;3;97;0;0;2;59;3;40;6;87;0;0;0;0;0;0;0;0;0;0;0;0;0;0;0;0;10;16;5;5;9;10;0;100;6;61;3;46;0;100
12.09.2024;16:20;A 94;1;1;77;1;7;5;73;8;65;0;0;5;61;5;31;7;86;0;0;0;0;0;0;0;0;0;0;0;0;0;0;1;1;11;20;8;8;16;24;0;100;1;68;1;57;0;100
12.09.2024;16:19;A 94;1;0;87;2;79;7;75;8;86;0;0;4;51;4;37;7;83;1;2;0;0;0;0;0;0;0;0;0;0;0;0;0;0;3;85;9;10;16;21;0;100;2;82;4;74;0;100
12.09.2024;16:18;A 94;1;3;63;2;49;2;81;2;97;0;0;3;87;3;67;3;91;0;0;0;0;0;0;0;0;0;0;0;0;0;0;0;0;12;45;10;23;16;22;0;100;7;54;7;32;0;100
12.09.2024;16:17;A 94;1;1;32;1;19;5;64;10;83;0;0;12;53;9;34;6;93;0;0;1;2;1;2;0;0;0;0;0;0;0;0;1;3;2;29;15;11;16;22;0;100;1;25;1;13;1;100
12.09.2024;16:16;A 94;1;2;43;0;81;6;84;2;76;0;0;6;29;4;16;12;79;2;3;0;0;0;0;0;0;0;0;0;0;0;0;0;0;5;15;14;31;12;17;0;100;4;36;3;76;1;100
12.09.2024;16:15;A 94;1;1;5;3;13;4;88;5;97;0;0;2;90;6;55;5;87;0;0;0;0;0;0;1;2;1;2;1;2;0;0;0;0;14;18;15;14;14;19;0;100;1;23;2;81;1;98
12.09.2024;16:14;A 94;1;1;5;1;5;4;85;8;81;0;0;7;76;5;54;7;74;0;0;0;0;0;0;0;0;0;0;0;0;0;0;0;0;11;17;4;6;17;21;0;100;1;15;1;52;1;95
12.09.2024;16:13;A 94;1;2;75;2;59;4;87;3;91;0;0;5;31;6;30;10;47;0;0;0;0;0;0;0;0;0;0;0;0;0;0;2;3;15;26;14;55;14;23;0;100;4;68;2;53;7;62
12.09.2024;16:12;A 94;1;1;36;0;30;4;93;7;96;0;0;4;90;5;70;6;88;0;0;0;0;0;0;0;0;0;0;0;0;0;0;1;1;7;18;3;3;17;22;0;100;4;27;2;28;0;100
12.09.2024;16:11;A 94;1;2;45;2;34;9;91;6;86;0;0;3;86;10;68;3;93;0;0;0;0;0;0;0;0;0;0;0;0;0;0;0;0;3;5;6;6;25;32;0;100;1;39;1;29;0;100
12.09.2024;16:10;A 94;1;0;95;1;75;5;91;5;91;0;0;6;60;6;42;13;73;0;0;0;0;0;0;0;0;0;0;0;0;0;0;1;1;11;16;8;8;17;19;0;100;7;81;2;76;2;99
12.09.2024;16:09;A 94;1;2;77;3;14;2;86;4;75;0;0;14;59;6;24;6;90;0;0;0;0;0;0;0;0;0;0;0;0;0;0;1;1;17;53;12;65;20;23;0;100;3;69;2;19;0;100
12.09.2024;16:08;A 94;1;2;41;0;0;3;90;7;83;0;0;3;72;2;57;4;94;0;0;0;0;0;0;0;0;0;0;0;0;0;0;0;0;9;16;5;22;15;19;0;100;1;37;0;0;0;100
12.09.2024;16:07;A 94;1;3;23;1;5;4;89;5;88;0;0;6;88;7;54;10;71;0;0;0;0;0;0;0;0;0;0;0;0;0;0;1;1;10;15;10;14;13;34;0;100;4;72;1;1;0;100
12.09.2024;16:06;A 94;1;4;46;2;29;2;98;3;95;0;0;5;76;3;85;3;88;0;0;0;0;0;0;0;0;0;0;0;0;1;2;0;0;13;47;20;18;15;17;0;100;6;24;4;22;1;94
12.09.2024;16:05;A 94;1;1;95;1;95;8;68;13;41;0;0;7;47;3;25;5;91;0;0;0;0;0;0;0;0;0;0;0;0;3;8;0;0;5;7;8;9;19;25;0;100;0;100;0;100;0;100
12.09.2024;16:04;A 94;1;1;75;3;18;4;77;4;89;0;0;6;73;4;46;6;72;0;0;0;0;0;0;0;0;0;0;0;0;0;0;0;0;12;21;11;15;16;22;0;100;4;67;3;8;2;86
12.09.2024;16:03;A 94;1;2;69;0;27;8;25;8;21;1;37;2;91;2;72;1;94;2;3;1;2;1;2;0;0;0;0;0;0;0;0;0;0;9;14;10;12;14;18;0;100;4;59;6;18;4;29
12.09.2024;16:02;A 94;1;1;77;1;78;7;52;4;55;0;0;7;49;3;17;5;56;0;0;0;0;0;0;0;0;0;0;0;0;0;0;0;0;11;13;2;4;14;16;0;100;1;70;1;70;5;55
12.09.2024;16:01;A 94;1;0;85;0;79;5;45;3;21;0;0;5;31;6;23;5;21;0;0;0;0;0;0;1;2;1;2;1;2;0;0;0;0;9;13;7;8;16;22;0;100;7;74;5;72;4;20
12.09.2024;16:00;A 94;1;0;100;0;100;4;74;6;76;0;0;7;69;3;10;1;1;0;0;0;0;0;0;0;0;0;0;0;0;0;0;1;1;9;18;7;10;20;24;0;100;3;92;4;91;0;0
12.09.2024;15:59;A 94;1;2;55;2;30;9;49;8;53;0;0;9;61;14;53;8;75;0;0;0;0;0;0;0;0;0;0;0;0;0;0;0;0;2;3;7;6;15;18;0;100;1;82;1;45;3;49
12.09.2024;15:58;A 94;1;0;75;1;64;5;80;3;88;0;0;6;73;3;24;3;29;0;0;0;0;0;0;0;0;0;0;0;0;1;1;0;0;7;29;7;8;19;23;0;100;6;64;3;61;1;22
12.09.2024;15:57;A 94;1;5;65;2;52;8;81;6;85;0;0;7;73;6;52;1;90;0;0;0;0;0;0;0;0;0;0;0;0;2;3;1;1;9;16;14;16;16;17;0;100;5;82;1;66;1;7
12.09.2024;15:56;A 94;1;1;4;1;7;9;54;6;57;0;0;5;56;7;38;1;32;0;0;0;0;0;0;0;0;0;0;0;0;0;0;0;0;7;43;9;10;21;27;0;100;1;98;1;33;2;4
12.09.2024;15:55;A 94;1;3;34;1;56;3;85;5;93;0;0;4;60;1;44;5;32;1;2;0;0;0;0;0;0;0;0;0;0;0;0;0;0;10;14;6;9;9;12;0;100;3;58;2;67;1;36
12.09.2024;15:54;A 94;1;0;29;2;32;4;87;7;90;0;0;9;33;5;19;2;57;0;0;0;0;0;0;0;0;0;0;0;0;0;0;0;0;5;25;6;7;16;18;0;100;2;25;4;29;3;55
12.09.2024;15:53;A 94;1;2;17;2;16;3;92;5;90;0;0;4;61;3;39;1;2;0;0;0;0;0;0;0;0;0;0;0;0;0;0;0;0;3;9;5;6;11;15;0;100;1;83;1;42;4;5
12.09.2024;15:52;A 94;1;2;19;2;35;2;92;6;88;0;0;3;47;3;36;11;40;0;0;0;0;1;2;0;0;0;0;0;0;0;1;0;0;14;22;12;15;14;16;0;100;3;58;2;44;2;58
12.09.2024;15:51;A 94;1;3;34;1;23;1;100;2;94;0;0;3;90;3;59;5;90;0;0;0;0;0;0;0;0;0;0;0;0;1;0;1;2;8;12;6;6;14;16;0;100;4;27;2;13;0;100
12.09.2024;15:50;A 94;1;2;64;0;0;10;66;12;65;0;0;7;54;2;26;4;93;0;0;0;0;1;2;0;0;0;0;0;0;0;0;1;3;4;5;14;20;14;17;0;100;1;67;0;0;0;100
12.09.2024;15:49;A 94;1;0;84;1;54;3;80;7;53;0;0;6;73;3;48;6;90;1;2;0;0;0;0;0;0;0;0;0;0;0;0;0;0;12;21;2;57;14;17;0;100;4;79;3;79;0;100
12.09.2024;15:48;A 94;1;2;36;1;10;2;99;1;99;0;0;3;64;1;62;2;62;0;0;0;0;0;0;0;0;0;0;0;0;0;0;0;0;4;6;14;16;11;13;0;100;3;64;1;44;1;71
12.09.2024;15:47;A 94;1;1;75;1;6;6;88;4;73;0;0;8;63;4;48;6;89;0;0;0;0;0;0;0;0;0;0;1;2;0;0;1;2;15;28;11;9;13;18;0;100;1;70;1;71;0;99
12.09.2024;15:46;A 94;1;0;85;1;77;7;58;5;28;0;0;7;45;4;44;9;74;0;0;0;0;0;0;1;2;1;2;0;0;0;0;0;0;9;20;10;28;10;14;0;100;3;82;3;78;2;99
12.09.2024;15:45;A 94;1;5;51;3;22;4;61;5;43;0;0;2;56;6;37;1;36;0;0;0;0;0;0;0;0;0;0;0;0;1;1;0;0;9;16;9;18;17;24;0;100;7;28;5;22;2;41
12.09.2024;15:44;A 94;1;1;6;1;8;6;57;10;67;0;0;11;66;11;54;0;84;0;0;0;0;0;0;0;0;0;0;0;0;0;0;1;1;1;2;12;16;19;30;0;100;1;47;2;44;0;0
12.09.2024;15:43;A 94;1;0;97;0;100;6;51;6;30;0;0;7;36;9;25;11;74;0;0;0;0;0;0;0;0;0;0;0;0;0;0;0;0;2;75;7;11;13;16;0;100;5;89;7;87;2;68
12.09.2024;15:42;A 94;1;2;29;1;38;9;79;7;74;0;0;3;67;4;52;2;56;0;0;0;0;0;0;0;0;1;2;1;2;0;0;0;0;4;18;7;6;15;27;0;100;3;40;2;31;3;55
12.09.2024;15:41;A 94;1;1;91;2;46;7;87;7;85;0;0;10;77;7;35;4;91;0;0;0;0;0;0;1;2;0;0;0;0;0;0;0;0;1;95;15;18;18;25;0;100;1;86;1;60;3;60
12.09.2024;15:40;A 94;1;0;89;1;82;3;93;6;61;0;0;9;41;3;11;11;59;1;2;0;0;1;2;0;0;0;0;0;0;0;0;1;1;10;40;14;17;15;15;0;100;5;78;4;77;1;61
12.09.2024;15:39;A 94;1;2;64;1;38;1;96;5;92;0;0;7;73;6;35;4;86;1;2;1;2;0;0;0;0;0;0;0;0;0;0;0;0;9;14;12;23;19;24;0;100;5;63;3;65;2;78
12.09.2024;15:38;A 94;1;3;49;2;20;9;85;9;58;0;0;7;71;5;30;7;92;0;0;0;0;0;0;0;0;0;0;0;0;0;0;0;0;8;18;8;11;17;26;0;100;1;77;1;23;0;100
12.09.2024;15:37;A 94;1;0;78;1;61;4;85;3;70;0;0;6;52;4;31;7;77;0;0;0;0;0;0;0;0;0;0;0;0;0;0;0;0;14;20;7;8;17;23;0;100;5;70;6;42;2;84
12.09.2024;15:36;A 94;1;2;97;2;32;2;93;2;94;0;0;3;83;2;85;5;78;0;0;0;0;0;0;0;0;0;0;1;2;0;0;0;0;5;10;12;16;18;20;0;100;9;69;3;27;2;85
12.09.2024;15:35;A 94;1;2;77;2;60;9;83;10;80;0;0;5;50;7;24;4;89;0;0;0;0;0;0;1;2;1;2;0;0;0;0;0;0;9;18;8;11;17;22;0;100;1;86;1;82;0;100
12.09.2024;15:34;A 94;1;0;86;1;68;3;65;5;72;0;0;7;61;7;40;11;72;0;0;0;0;0;0;0;0;0;0;0;0;0;0;0;0;13;20;15;44;15;18;0;100;4;78;2;78;1;99
12.09.2024;15:33;A 94;1;1;94;1;28;1;98;1;98;0;0;3;84;4;86;7;87;1;2;0;0;0;0;0;0;0;0;0;0;0;0;2;3;13;22;8;18;13;19;0;100;5;46;2;61;1;100
12.09.2024;15:32;A 94;1;0;100;2;15;5;92;7;93;0;0;4;89;6;73;4;92;0;0;0;0;0;0;0;0;0;0;0;0;0;0;0;0;5;12;8;10;19;30;0;100;1;87;1;75;0;100
12.09.2024;15:31;A 94;1;0;100;0;77;10;82;4;91;0;0;8;58;5;37;7;82;0;0;0;0;0;0;0;0;0;0;0;0;0;0;1;3;7;28;13;17;10;11;0;100;3;77;1;77;0;100
12.09.2024;15:30;A 94;1;3;47;1;91;4;89;2;87;0;0;3;18;2;14;5;89;0;0;0;0;0;0;0;0;0;0;0;0;1;1;0;0;8;13;10;61;8;9;0;100;4;36;3;80;4;97
12.09.2024;15:29;A 94;1;0;0;1;76;9;78;12;73;0;0;7;73;7;54;4;89;0;0;0;0;0;0;0;0;0;0;0;0;0;0;0;0;13;23;11;29;16;23;0;100;0;0;1;67;1;84
12.09.2024;15:28;A 94;1;1;76;2;46;3;83;5;66;1;55;4;48;5;24;7;57;0;0;0;0;0;0;0;0;0;0;0;0;0;0;0;0;7;14;10;10;16;20;0;100;3;74;3;58;2;65
12.09.2024;15:27;A 94;1;3;34;0;29;5;87;4;82;1;19;4;63;3;44;4;49;0;0;0;0;0;0;0;0;0;0;0;0;0;0;0;0;10;17;12;9;10;14;0;100;4;58;2;27;4;42
12.09.2024;15:26;A 94;1;1;40;1;44;10;73;15;77;0;0;7;50;7;27;4;94;0;0;0;0;0;0;0;0;0;0;0;0;0;0;0;0;3;4;9;12;19;26;0;100;1;27;1;93;0;100
12.09.2024;15:25;A 94;1;2;26;2;42;3;78;4;76;0;0;4;63;4;48;8;75;0;0;1;2;1;2;0;0;0;0;0;0;0;0;0;0;11;24;13;13;12;16;0;100;2;64;2;34;3;94
12.09.2024;15:24;A 94;1;1;43;0;28;2;81;2;99;1;21;2;98;2;38;4;91;1;2;0;0;1;2;0;0;0;0;0;0;0;0;0;0;6;15;9;65;15;18;0;100;5;46;2;27;1;58
12.09.2024;15:23;A 94;1;0;100;1;87;10;46;15;61;0;0;4;85;6;55;4;84;0;0;1;2;0;0;0;0;0;0;0;0;0;0;0;0;17;30;12;24;17;31;0;100;0;100;0;100;3;95
12.09.2024;15:22;A 94;1;1;86;2;70;5;76;3;91;0;88;5;53;5;48;7;52;1;2;0;0;0;0;0;0;0;0;0;0;0;0;0;0;5;70;7;10;8;9;0;100;3;77;4;58;1;53
12.09.2024;15:21;A 94;1;2;48;1;26;2;95;3;98;1;6;5;69;3;42;2;4;1;2;0;0;0;0;0;0;0;0;0;0;0;0;0;0;16;30;12;20;14;18;0;100;4;53;2;25;2;77
12.09.2024;15:20;A 94;1;1;66;1;6;10;70;3;82;0;0;3;57;2;37;5;90;0;0;0;0;0;0;0;0;0;0;0;0;0;0;0;0;7;13;6;9;14;19;0;100;0;100;1;29;1;100
12.09.2024;15:19;A 94;1;2;11;1;54;2;81;6;91;0;95;6;75;2;60;8;86;0;0;0;0;0;0;0;0;0;0;0;0;0;0;0;0;14;27;10;32;14;22;0;100;2;9;2;48;0;100
12.09.2024;15:18;A 94;1;0;48;1;34;2;99;6;97;1;47;4;83;4;79;2;85;0;0;0;0;0;0;0;0;0;0;0;0;0;0;0;0;14;31;3;6;17;23;0;100;6;40;4;26;3;94
12.09.2024;15:17;A 94;1;1;65;1;41;9;72;8;73;1;2;7;60;4;33;3;79;0;0;0;0;0;0;0;0;0;0;0;0;0;0;0;0;9;24;18;21;13;18;0;100;0;100;1;96;3;19
12.09.2024;15:16;A 94;1;2;82;2;28;2;75;4;84;1;60;7;69;8;45;6;68;1;2;0;0;0;0;1;2;1;2;1;2;0;0;0;0;7;56;11;50;13;18;0;100;4;76;1;65;3;40
12.09.2024;15:15;A 94;1;1;56;1;31;0;82;5;96;0;0;7;33;2;6;3;33;0;0;0;0;0;0;0;0;0;0;0;0;0;0;0;0;4;37;7;8;18;22;0;100;4;44;3;32;1;43
12.09.2024;15:14;A 94;1;2;63;1;65;5;87;6;93;0;0;9;85;6;44;7;84;0;0;0;0;0;0;0;0;0;0;0;0;0;0;0;0;10;18;8;45;17;21;0;100;1;63;1;58;2;88
12.09.2024;15:13;A 94;1;1;9;2;51;3;80;2;70;0;0;4;31;2;29;8;37;0;0;0;0;0;0;0;0;0;0;0;0;0;0;1;1;13;21;6;10;11;16;0;100;2;64;5;28;1;51
12.09.2024;15:12;A 94;1;2;51;0;32;2;94;0;100;1;38;4;83;7;54;2;58;0;0;0;0;0;0;0;0;0;0;0;0;0;0;0;0;7;8;3;64;14;16;0;100;7;67;3;26;4;42
12.09.2024;15:11;A 94;1;1;52;2;79;6;79;12;85;0;0;3;49;8;37;4;89;0;0;0;0;0;0;0;0;0;0;0;0;0;0;0;0;6;9;7;29;15;21;0;100;1;46;1;90;1;97
12.09.2024;15:10;A 94;1;0;96;1;84;4;82;6;96;0;0;7;74;6;24;9;58;0;0;0;0;0;0;0;0;0;0;0;0;0;0;0;0;15;24;6;5;13;27;0;100;6;86;4;78;1;65
12.09.2024;15:09;A 94;1;2;71;3;48;5;96;3;96;0;0;3;91;3;48;4;66;0;0;0;0;0;0;0;0;0;0;0;0;0;0;0;0;8;16;5;5;17;20;0;100;8;71;5;30;5;52
12.09.2024;15:08;A 94;1;1;54;2;44;7;84;6;92;1;11;5;77;4;55;4;89;0;0;0;0;0;0;0;0;0;0;0;0;0;0;0;0;8;11;6;7;19;23;0;100;1;98;1;78;1;90
12.09.2024;15:07;A 94;1;4;53;2;86;5;91;4;88;0;100;5;45;5;24;6;37;0;0;0;0;0;0;0;0;0;0;0;0;0;0;0;0;3;5;11;15;10;11;0;100;7;34;8;70;1;46
12.09.2024;15:06;A 94;1;1;6;1;58;6;85;8;82;1;35;3;78;3;62;1;80;0;0;0;0;0;0;0;0;0;0;0;0;0;0;0;0;4;27;11;21;12;18;0;100;1;7;1;55;2;75
12.09.2024;15:05;A 94;1;2;65;1;6;4;90;7;77;0;0;6;32;3;35;2;82;0;0;1;2;1;2;0;0;0;0;0;0;0;0;0;0;8;29;5;5;10;13;0;100;1;63;1;61;0;85
12.09.2024;15:04;A 94;1;2;88;1;48;4;81;3;90;0;0;7;47;5;47;12;70;2;3;0;0;0;0;0;0;0;0;0;0;0;0;0;0;8;14;7;42;10;11;0;100;4;78;4;77;2;94
12.09.2024;15:03;A 94;1;1;79;1;31;6;63;7;43;0;0;4;59;5;48;1;92;0;0;0;0;0;0;0;0;1;2;1;2;0;0;0;0;8;13;15;17;16;22;0;100;6;58;5;36;3;69
12.09.2024;15:02;A 94;1;0;100;2;82;3;7;3;7;0;0;8;31;10;35;8;84;0;0;0;0;0;0;1;2;0;0;0;0;0;0;0;0;11;22;1;1;11;13;0;100;0;100;1;89;2;50
12.09.2024;15:01;A 94;1;2;40;0;21;3;70;5;40;0;24;5;48;3;21;5;17;0;0;0;0;0;0;0;0;0;0;0;0;0;0;0;0;10;46;6;3;12;13;0;100;2;71;1;22;1;13
12.09.2024;15:00;A 94;1;3;24;2;39;5;87;5;73;1;33;7;70;7;28;2;97;0;0;0;0;0;0;0;0;0;0;0;0;0;0;0;0;9;17;4;5;14;22;0;100;1;71;4;74;2;88
12.09.2024;14:59;A 94;1;2;14;2;55;8;86;5;91;0;0;2;48;4;38;5;82;0;0;0;0;0;0;0;0;0;0;0;0;0;0;0;0;7;12;4;4;17;21;0;100;2;20;2;68;1;86
12.09.2024;14:58;A 94;1;0;92;1;86;6;81;5;82;0;0;5;73;4;21;8;82;0;0;0;0;0;0;0;0;0;0;0;0;0;0;0;0;5;12;7;11;18;21;0;100;7;81;4;79;1;88
12.09.2024;14:57;A 94;1;0;100;2;57;3;94;4;95;0;63;3;85;4;42;6;85;0;0;0;0;0;0;0;0;0;0;0;0;0;0;0;0;8;40;7;9;20;25;0;100;3;90;3;79;0;100
12.09.2024;14:56;A 94;1;4;51;1;2;2;85;3;86;1;27;3;95;1;87;3;94;0;0;0;0;0;0;0;0;0;0;0;0;1;3;0;0;4;15;6;10;16;21;0;100;4;60;0;20;0;100
12.09.2024;14:55;A 94;1;1;7;1;9;4;89;8;31;0;17;0;100;5;74;1;95;0;0;0;0;0;0;0;0;0;0;0;0;0;0;0;0;6;9;9;11;15;18;0;100;1;28;1;23;0;100
12.09.2024;14:54;A 94;1;1;85;1;79;5;75;5;16;1;82;5;58;4;38;7;81;0;0;1;2;1;2;0;0;0;0;0;0;1;1;0;0;3;83;4;4;13;16;0;100;1;75;2;70;0;100
12.09.2024;14:53;A 94;1;1;75;1;77;5;84;9;65;0;0;6;60;4;50;5;43;1;2;0;0;0;0;0;0;0;0;0;0;0;0;0;0;3;5;9;14;13;16;0;100;2;74;2;74;0;100
12.09.2024;14:52;A 94;1;1;57;1;54;0;100;4;95;0;0;6;74;6;67;6;22;0;0;0;0;0;0;0;0;0;0;0;0;0;0;0;0;6;12;5;43;14;16;0;100;3;56;2;51;1;99
12.09.2024;14:51;A 94;1;0;100;2;74;1;95;1;88;0;0;2;94;2;90;0;100;0;0;0;0;1;2;0;0;0;0;0;0;0;0;0;0;10;22;5;10;19;25;0;100;10;68;7;59;3;93
12.09.2024;14:50;A 94;1;3;88;1;91;3;88;2;58;0;0;5;53;6;35;4;29;1;2;1;2;0;0;0;0;0;0;0;0;0;0;0;0;9;17;4;2;17;24;0;100;6;77;6;76;3;15
12.09.2024;14:49;A 94;1;1;53;3;56;7;64;4;61;0;0;7;57;6;35;6;65;0;0;0;0;0;0;0;0;0;0;0;0;0;0;0;0;4;65;7;9;22;27;0;100;2;48;2;57;4;45
12.09.2024;14:48;A 94;1;0;0;0;0;5;87;2;90;0;0;5;83;8;66;7;80;0;0;0;0;0;0;0;0;1;2;1;2;0;0;0;0;1;1;3;3;13;18;0;100;0;0;0;0;1;64
12.09.2024;14:47;A 94;1;0;72;0;63;3;79;2;90;0;0;3;47;1;44;6;35;0;0;0;0;0;0;1;2;0;0;0;0;0;0;0;0;10;26;5;10;12;17;0;100;4;54;7;54;3;39
12.09.2024;14:46;A 94;1;3;41;1;55;6;88;2;72;0;0;8;53;8;38;2;45;0;0;0;0;0;0;0;0;0;0;0;0;0;0;0;0;7;25;3;4;13;18;0;100;3;63;1;47;6;26
12.09.2024;14:45;A 94;1;0;10;0;5;3;79;3;64;0;0;4;76;9;25;4;91;0;0;0;0;0;0;0;0;0;0;1;2;0;0;0;0;3;5;3;3;14;18;0;100;4;6;2;5;0;100
12.09.2024;14:44;A 94;1;1;95;1;92;3;74;8;52;0;0;4;79;8;36;5;90;0;0;0;0;0;0;1;2;1;2;0;0;0;0;0;0;10;16;2;4;20;26;0;100;2;87;2;80;0;100
12.09.2024;14:43;A 94;1;0;81;1;4;7;64;4;21;0;0;8;65;11;55;4;86;0;0;0;0;0;0;0;0;0;0;0;0;0;0;0;0;8;15;11;10;15;17;0;100;3;78;1;1;0;100
12.09.2024;14:42;A 94;1;2;61;0;49;5;77;6;51;0;0;9;49;4;11;6;83;0;0;0;0;0;0;0;0;0;0;0;0;0;0;0;0;7;24;4;3;16;24;0;100;2;72;2;47;1;100
12.09.2024;14:41;A 94;1;1;63;2;50;4;91;4;97;0;51;2;76;3;43;4;93;0;0;0;0;0;0;0;0;0;0;0;0;0;0;0;0;7;14;17;27;11;14;0;100;5;47;4;44;1;97
12.09.2024;14:40;A 94;1;1;72;2;65;2;92;1;100;1;32;3;80;2;74;2;98;0;0;0;0;0;0;0;0;0;0;0;0;0;0;0;0;5;9;4;24;14;21;0;100;3;59;3;44;0;100
12.09.2024;14:39;A 94;1;1;58;1;57;6;91;5;85;0;0;4;57;3;55;5;88;1;2;0;0;0;0;0;0;0;0;1;2;1;1;0;0;1;51;10;11;14;23;0;100;1;49;2;47;0;100
12.09.2024;14:38;A 94;1;2;84;1;31;9;85;5;71;0;0;5;45;2;30;4;92;0;0;0;0;1;2;1;2;1;2;0;0;0;0;0;0;3;62;6;10;7;19;0;100;3;73;4;80;0;100
12.09.2024;14:37;A 94;1;1;36;2;59;3;98;8;83;0;0;5;89;4;58;6;79;1;2;1;2;0;0;0;0;0;0;0;0;0;0;0;0;4;14;5;4;15;33;0;100;1;47;2;81;2;94
12.09.2024;14:36;A 94;1;1;51;1;40;2;77;1;83;0;0;12;95;6;85;5;90;0;0;0;0;0;0;0;0;0;0;0;0;0;0;0;0;6;36;6;27;7;15;0;100;4;77;4;29;1;65
12.09.2024;14:35;A 94;1;1;67;1;51;3;79;9;71;0;0;3;76;1;64;2;97;1;2;0;0;0;0;0;0;0;0;0;0;0;0;0;0;6;56;12;23;20;28;0;100;4;51;1;44;0;100
12.09.2024;14:34;A 94;1;1;94;1;8;2;97;2;85;0;0;4;71;4;63;7;79;0;0;0;0;0;0;0;0;0;0;0;0;0;0;0;0;7;14;11;28;15;28;0;100;2;93;1;42;0;100
12.09.2024;14:33;A 94;1;4;86;4;31;12;64;9;51;0;0;7;72;6;45;6;86;0;0;0;0;0;0;0;0;0;0;0;0;0;0;0;0;2;66;0;0;14;26;0;100;3;82;5;50;0;100
12.09.2024;14:32;A 94;1;1;10;0;8;1;74;4;81;0;0;5;79;4;67;7;87;0;0;0;0;0;0;0;0;0;0;0;0;0;0;0;0;4;7;6;5;10;16;0;100;1;54;1;39;0;100
12.09.2024;14:31;A 94;1;1;42;1;29;7;93;3;82;0;0;4;92;4;85;3;89;0;0;0;0;0;0;0;0;0;0;0;0;0;0;0;0;2;5;11;11;16;20;0;100;5;57;2;24;0;100
12.09.2024;14:30;A 94;1;4;43;3;37;1;100;6;85;0;0;4;79;3;63;2;96;0;0;0;0;0;0;0;0;0;0;0;0;0;0;0;0;8;15;1;2;20;34;0;100;7;89;5;24;0;100
12.09.2024;14:29;A 94;1;1;99;0;100;5;79;8;79;0;0;8;60;11;56;6;25;0;0;0;0;0;0;0;0;0;0;0;0;0;0;0;0;11;27;10;12;17;25;0;100;1;97;1;97;0;100
12.09.2024;14:28;A 94;1;2;40;3;29;5;68;3;96;0;0;7;93;9;56;5;18;0;0;0;0;0;0;0;0;0;0;0;0;0;0;0;0;5;20;9;19;16;34;0;100;3;35;2;25;0;100
12.09.2024;14:27;A 94;1;0;64;0;52;3;90;2;92;0;0;7;81;5;62;7;24;0;0;0;0;0;0;0;0;0;0;0;0;0;0;0;0;9;15;15;32;12;15;0;100;5;56;2;50;0;100
12.09.2024;14:26;A 94;1;2;70;3;57;2;88;7;87;0;46;2;48;3;31;4;91;0;0;0;0;0;0;0;0;0;0;0;0;0;0;0;0;7;13;6;56;9;11;0;100;2;79;3;45;0;100
12.09.2024;14:25;A 94;1;1;11;0;0;8;74;8;68;1;4;10;54;4;27;2;97;0;0;0;0;0;0;0;0;0;0;0;0;0;0;0;0;0;0;6;10;17;20;0;100;2;30;0;0;0;100
12.09.2024;14:24;A 94;1;2;79;2;24;2;97;6;97;0;0;5;87;5;52;5;91;0;0;0;0;0;0;0;0;0;0;0;0;0;0;0;0;5;56;4;8;16;22;0;100;2;69;3;18;0;100
12.09.2024;14:23;A 94;1;1;5;0;0;6;86;9;87;0;0;7;63;8;31;3;85;0;0;0;0;0;0;0;0;0;0;0;0;0;0;1;1;3;5;10;8;11;18;0;100;1;1;0;0;0;100
12.09.2024;14:22;A 94;1;0;63;1;9;2;96;1;99;0;0;4;80;7;36;7;90;0;0;0;0;0;0;0;0;0;0;0;0;0;0;0;0;5;8;5;8;15;19;0;100;5;51;1;13;0;100
12.09.2024;14:21;A 94;1;0;100;1;40;3;96;2;94;0;57;2;96;0;88;4;87;1;2;0;0;0;0;0;0;0;0;0;0;0;0;0;0;9;17;5;11;14;22;0;100;5;86;5;31;0;100
12.09.2024;14:20;A 94;1;0;100;1;72;3;93;6;92;1;79;2;88;7;26;0;98;1;2;0;0;1;2;0;0;1;2;1;2;0;0;0;0;5;11;7;7;15;25;0;100;2;94;1;66;0;100
12.09.2024;14:19;A 94;1;1;41;0;0;3;88;5;57;1;35;4;89;7;50;3;92;0;0;1;2;1;2;1;2;0;0;0;0;0;0;1;1;11;18;4;22;18;24;0;100;1;94;0;94;0;100
12.09.2024;14:18;A 94;1;1;86;1;71;4;81;7;78;0;0;5;88;4;68;9;84;1;2;0;0;0;0;0;0;0;0;0;0;0;0;1;1;10;20;15;31;18;35;0;100;3;86;3;88;4;90
12.09.2024;14:17;A 94;1;3;67;1;54;1;90;3;82;1;67;6;70;2;52;6;89;0;0;0;0;0;0;0;0;0;0;1;2;0;0;0;0;6;9;12;12;10;13;0;100;4;83;2;65;0;100
12.09.2024;14:16;A 94;1;1;27;1;56;6;86;9;81;0;0;3;80;4;61;1;86;0;0;0;0;0;0;0;0;1;2;0;0;0;0;0;0;5;18;13;16;15;25;0;100;5;45;2;46;2;79
12.09.2024;14:15;A 94;1;1;83;2;23;8;56;3;53;0;0;6;44;5;34;2;73;0;0;0;0;0;0;0;0;0;0;0;0;0;0;0;0;3;4;5;7;13;18;0;100;0;0;1;17;3;39
12.09.2024;14:14;A 94;1;2;21;2;71;5;75;4;91;0;0;8;43;6;20;4;6;0;0;0;0;0;0;0;0;0;0;0;0;0;0;0;0;6;24;5;6;15;17;0;100;1;4;3;61;0;67
12.09.2024;14:13;A 94;1;2;62;3;67;6;59;2;75;0;0;7;59;4;38;6;44;0;0;0;0;0;0;0;0;0;0;0;0;0;0;0;0;8;14;6;19;15;17;0;100;3;63;3;70;2;94
12.09.2024;14:12;A 94;1;1;13;2;8;5;83;5;71;0;0;2;77;2;54;8;72;0;0;0;0;0;0;0;0;0;0;0;0;0;0;0;0;7;17;6;9;13;21;0;100;2;4;1;1;3;96
12.09.2024;14:11;A 94;1;1;6;0;5;2;72;11;54;0;39;2;98;4;49;0;0;1;2;0;0;0;0;0;0;0;0;0;0;0;0;0;0;4;7;4;9;7;10;0;100;2;6;1;1;3;41
12.09.2024;14:10;A 94;1;2;34;3;11;2;71;2;73;1;72;4;77;7;52;1;89;0;0;0;0;0;0;0;0;0;0;0;0;0;0;0;0;7;19;16;31;18;27;0;100;6;26;3;4;0;2
12.09.2024;14:09;A 94;1;0;100;1;7;4;69;5;35;0;0;5;30;2;12;8;81;0;0;0;0;0;0;0;0;0;0;0;0;0;0;0;0;11;27;6;11;8;10;0;100;1;97;1;92;3;55
12.09.2024;14:08;A 94;1;1;78;1;6;4;38;4;34;0;0;8;42;6;18;6;67;0;0;0;0;0;0;0;0;0;0;0;0;0;0;0;0;3;7;4;9;13;15;0;100;2;69;0;65;1;56
12.09.2024;14:07;A 94;1;3;10;1;11;4;93;4;78;0;0;7;52;8;50;6;82;0;0;0;0;0;0;0;0;0;0;0;0;0;0;0;0;6;11;5;7;9;9;0;100;2;69;1;75;1;98
12.09.2024;14:06;A 94;1;1;34;2;34;6;79;6;87;0;0;6;57;6;22;1;48;0;0;0;0;0;0;0;0;0;0;0;0;0;0;0;0;11;35;13;20;17;20;0;100;3;25;4;68;1;60
12.09.2024;14:05;A 94;1;1;56;1;8;6;83;5;52;0;15;5;74;7;34;6;91;0;0;0;0;0;0;0;0;0;0;0;0;0;0;0;0;6;15;9;15;10;13;0;100;1;48;1;8;1;94
12.09.2024;14:04;A 94;1;1;52;0;0;5;32;4;33;1;5;7;47;4;14;4;16;0;0;0;0;0;0;0;0;0;0;0;0;0;0;1;1;4;5;6;10;8;9;0;100;1;46;0;0;4;52
12.09.2024;14:03;A 94;1;1;2;2;56;3;79;5;75;0;0;8;36;4;22;5;51;0;0;0;0;1;2;0;0;0;0;1;2;0;0;0;0;4;33;6;8;9;11;0;100;0;0;3;60;1;64
12.09.2024;14:02;A 94;1;0;57;3;26;3;87;3;88;0;0;5;49;7;24;7;83;1;2;1;2;0;0;1;2;1;2;0;0;0;0;0;0;3;5;8;11;15;21;0;100;3;52;4;11;0;100
12.09.2024;14:01;A 94;1;2;85;0;21;3;94;4;93;1;48;2;71;2;69;2;87;0;0;0;0;0;0;0;0;0;0;0;0;0;0;1;1;8;13;7;10;15;19;0;100;8;82;2;19;2;92
12.09.2024;14:00;A 94;1;1;38;2;25;5;82;10;77;0;17;7;48;3;43;3;6;0;0;0;0;0;0;0;0;0;0;0;0;0;0;0;0;3;13;11;15;12;14;0;100;1;28;1;22;3;30
12.09.2024;13:59;A 94;1;1;7;1;8;5;91;8;93;1;14;2;48;2;32;2;74;0;0;0;0;0;0;0;0;0;0;0;0;0;0;0;0;4;6;4;6;14;17;0;100;1;65;1;27;0;73
12.09.2024;13:58;A 94;1;1;80;0;80;4;82;6;79;0;0;4;46;1;32;2;57;0;0;0;0;1;2;0;0;0;0;0;0;0;0;1;2;8;14;10;14;13;17;0;100;5;71;4;72;4;52
12.09.2024;13:57;A 94;1;2;73;2;97;0;100;3;94;0;0;4;59;3;54;7;84;0;0;1;2;0;0;0;0;0;0;0;0;0;0;0;0;2;51;3;4;8;13;0;100;2;75;5;80;2;70
12.09.2024;13:56;A 94;1;1;58;4;47;3;73;4;72;1;18;3;78;3;88;1;71;1;2;0;0;0;0;0;0;0;0;0;0;0;0;0;0;2;50;7;15;9;15;0;100;2;47;3;49;2;84
12.09.2024;13:55;A 94;1;4;32;3;25;4;87;3;74;0;0;1;84;4;71;4;91;0;0;0;0;0;0;0;0;0;0;0;0;0;0;0;0;7;27;8;13;14;27;0;100;2;49;3;9;2;60
12.09.2024;13:54;A 94;1;0;0;1;1;8;58;5;24;0;0;10;64;6;45;1;2;0;0;0;0;0;0;0;0;0;0;0;0;0;0;1;1;5;7;6;8;12;17;0;100;0;0;0;0;1;6
12.09.2024;13:53;A 94;1;3;73;3;66;2;77;2;67;0;0;4;85;5;29;4;8;0;0;0;0;0;0;0;0;0;0;0;0;0;0;0;0;8;13;6;13;19;36;0;100;4;60;5;58;0;40
12.09.2024;13:52;A 94;1;1;74;2;59;1;48;3;39;0;0;5;80;2;71;7;25;0;0;0;0;0;0;0;0;0;0;0;0;0;0;0;0;5;14;5;30;12;25;0;100;6;70;2;48;3;97
12.09.2024;13:51;A 94;1;1;51;2;50;5;71;7;25;0;44;3;94;4;75;1;70;0;0;0;0;0;0;0;0;0;0;0;0;0;0;0;0;6;29;4;9;15;25;0;100;4;33;2;62;3;44
12.09.2024;13:50;A 94;1;2;89;1;66;6;27;7;26;1;55;10;57;10;37;5;75;1;2;0;0;0;0;0;0;0;0;0;0;0;0;0;0;2;77;5;7;14;18;0;100;1;82;1;56;1;82
12.09.2024;13:49;A 94;1;2;42;1;81;1;55;3;50;0;0;6;47;3;12;3;36;0;0;0;0;0;0;0;0;0;0;0;0;0;0;0;0;0;0;6;8;15;18;0;100;2;68;2;73;3;19
12.09.2024;13:48;A 94;1;0;91;1;91;9;73;8;72;0;0;7;74;6;20;1;52;0;0;0;1;1;2;0;0;0;0;1;2;0;0;0;0;9;23;7;8;18;26;0;100;6;82;7;84;1;7
12.09.2024;13:47;A 94;1;0;100;3;47;4;82;3;87;0;0;7;65;5;14;8;79;1;2;1;1;0;0;1;2;1;2;0;0;0;0;0;0;5;15;9;48;13;16;0;100;1;94;4;59;1;42
12.09.2024;13:46;A 94;1;2;52;1;5;4;92;3;75;0;0;8;68;6;30;4;33;0;0;0;0;0;0;0;0;0;0;0;0;0;0;0;0;6;34;0;0;13;17;0;100;4;37;1;20;2;40
12.09.2024;13:45;A 94;1;0;100;1;9;5;74;6;74;0;0;6;82;6;50;5;75;0;0;0;0;0;0;0;0;0;0;0;0;0;0;0;0;1;98;8;15;14;17;0;100;1;93;1;83;3;92
12.09.2024;13:44;A 94;1;1;2;0;6;4;89;5;87;0;0;1;55;3;37;2;56;0;0;0;0;0;0;0;0;0;0;0;0;0;0;0;0;3;4;7;9;10;26;0;100;0;0;1;84;2;39
12.09.2024;13:43;A 94;1;2;90;2;65;3;92;3;79;0;0;5;66;7;37;3;36;0;0;0;0;0;0;0;0;0;0;0;0;0;0;0;0;8;18;4;5;12;18;0;100;7;73;3;59;1;28
12.09.2024;13:42;A 94;1;3;50;2;36;5;94;6;81;0;0;7;41;4;29;9;33;0;0;0;0;0;0;0;0;0;0;0;0;0;0;0;0;4;7;5;8;9;10;0;100;2;86;1;45;2;42
12.09.2024;13:41;A 94;1;1;29;2;15;1;84;1;62;0;0;4;68;5;62;1;79;0;0;0;0;0;0;0;0;0;0;0;0;0;0;0;0;7;17;10;20;12;12;0;100;3;61;2;8;2;73
12.09.2024;13:40;A 94;1;2;91;0;9;3;76;6;61;0;31;5;64;3;51;4;75;1;2;0;0;0;0;0;0;0;0;0;0;0;0;1;1;6;12;10;12;17;21;0;100;6;84;2;5;3;63
12.09.2024;13:39;A 94;1;1;93;0;100;10;71;4;47;0;100;9;47;10;34;3;65;0;0;0;0;0;0;1;2;1;2;1;2;0;0;0;0;4;7;7;18;14;20;0;100;1;3;1;96;2;55
12.09.2024;13:38;A 94;1;5;26;1;30;3;84;2;63;1;20;4;30;4;13;5;55;0;0;0;0;0;0;0;0;0;0;0;0;0;0;0;0;7;11;12;21;8;10;0;100;1;44;1;25;1;52
12.09.2024;13:37;A 94;1;2;44;2;40;4;84;4;82;0;0;6;62;3;55;3;72;0;0;0;0;0;0;0;0;0;0;0;0;0;0;0;0;4;36;7;13;13;15;0;100;2;47;3;31;3;48
12.09.2024;13:36;A 94;1;1;39;1;29;6;95;4;77;0;0;5;65;3;69;1;82;0;0;0;0;0;0;0;0;0;0;0;0;0;0;0;0;4;8;6;12;14;21;0;100;6;37;4;20;3;36
12.09.2024;13:35;A 94;1;2;20;1;24;7;63;6;50;0;0;3;49;3;28;2;7;0;0;0;0;0;0;0;0;0;0;0;0;0;0;0;0;9;13;7;11;12;15;0;100;1;65;1;18;2;8
12.09.2024;13:34;A 94;1;1;31;3;25;3;91;6;69;0;0;7;65;8;54;5;66;1;2;0;0;1;2;0;0;0;0;0;0;0;0;0;0;7;17;4;5;10;16;0;100;3;25;3;35;14;32
12.09.2024;13:33;A 94;1;2;50;0;69;4;53;2;20;0;0;7;71;4;48;3;54;1;2;1;2;0;0;0;0;0;0;0;0;0;0;1;2;4;7;6;7;13;16;0;100;4;61;4;61;4;21
12.09.2024;13:32;A 94;1;2;54;0;100;4;57;5;26;0;0;4;63;4;78;2;20;0;0;0;0;1;2;0;0;0;0;0;0;0;0;0;0;5;12;12;24;19;24;0;100;4;74;4;92;2;15
12.09.2024;13:31;A 94;1;0;22;1;98;2;89;3;87;0;46;0;100;7;46;5;22;1;2;1;2;0;0;0;0;0;0;0;0;0;0;0;0;7;19;3;5;8;12;0;100;0;23;4;88;2;13
12.09.2024;13:30;A 94;1;2;79;2;94;1;72;3;59;1;79;4;84;9;64;3;91;0;0;0;0;0;0;0;0;0;0;0;0;1;1;0;0;8;24;6;7;18;30;0;100;4;66;6;81;1;68
12.09.2024;13:29;A 94;1;0;100;0;100;8;74;7;24;0;0;9;43;4;22;10;76;0;0;0;0;0;0;0;0;0;0;0;0;0;0;0;0;1;98;6;9;10;13;0;100;0;100;2;96;2;95
12.09.2024;13:28;A 94;1;1;12;2;11;8;71;9;83;0;0;5;23;4;12;5;87;0;0;0;0;0;0;0;0;0;0;0;0;0;0;0;0;3;10;6;6;8;9;0;100;1;0;1;1;1;86
12.09.2024;13:27;A 94;1;2;33;1;25;2;96;2;92;0;0;3;67;1;44;8;79;0;0;0;0;0;0;0;0;0;0;0;0;0;0;0;0;4;5;9;12;13;18;0;100;5;26;2;19;5;55
12.09.2024;13:26;A 94;1;1;7;0;32;3;86;2;82;0;0;4;81;5;25;4;93;0;0;0;0;0;0;0;0;0;0;0;0;0;0;0;0;2;3;11;14;11;15;0;100;1;3;3;25;0;100
12.09.2024;13:25;A 94;1;1;1;2;74;7;52;9;59;0;0;12;61;7;44;1;93;1;2;1;2;1;2;0;0;0;0;0;0;0;0;0;0;3;13;3;4;18;20;0;100;0;0;1;68;1;93
12.09.2024;13:24;A 94;1;2;30;0;0;6;84;5;57;0;0;6;39;7;32;6;77;1;2;1;2;1;2;0;0;0;0;0;0;0;0;0;0;4;6;12;12;15;18;0;100;2;88;0;0;2;76
12.09.2024;13:23;A 94;1;2;51;1;6;6;82;4;77;0;0;3;74;4;18;5;48;0;0;0;0;0;0;0;0;0;0;0;0;0;0;0;0;2;3;6;50;12;18;0;100;2;50;1;27;2;59
12.09.2024;13:22;A 94;1;0;50;1;45;2;96;3;97;0;0;5;57;5;30;6;50;0;0;0;0;0;0;0;0;0;0;0;0;0;0;0;0;0;0;7;24;17;20;0;100;4;45;3;40;3;57
12.09.2024;13:21;A 94;1;1;50;2;52;3;72;2;65;0;0;8;35;8;33;3;94;0;0;0;0;0;0;0;0;0;0;0;0;0;0;0;0;13;28;9;14;9;10;0;100;1;60;1;88;0;100
12.09.2024;13:20;A 94;1;1;8;1;7;3;59;4;64;0;0;5;58;2;39;4;88;1;2;0;0;0;0;0;0;0;0;0;0;0;0;0;0;2;12;5;15;13;18;0;100;1;63;1;69;1;92
12.09.2024;13:19;A 94;1;0;93;1;26;7;80;3;68;0;0;3;56;6;32;5;73;0;0;0;0;0;0;0;0;0;0;0;0;0;0;0;0;3;9;8;53;14;29;0;100;1;92;3;86;3;85
12.09.2024;13:18;A 94;1;2;82;2;71;6;88;6;75;0;0;8;61;5;45;7;52;0;0;0;0;0;0;0;0;0;0;0;0;0;0;0;0;5;12;12;18;13;24;0;100;3;72;1;73;1;81
12.09.2024;13:17;A 94;1;1;55;2;35;4;80;6;59;0;0;3;58;5;34;4;13;0;0;0;0;0;0;0;0;0;0;0;0;0;0;0;0;2;5;9;16;13;19;0;100;4;42;2;56;4;69
12.09.2024;13:16;A 94;1;2;92;1;19;4;62;7;69;0;0;6;71;6;42;1;83;0;0;0;0;0;0;1;2;1;2;1;2;0;0;0;0;6;11;4;7;13;20;0;100;5;78;4;72;2;93
12.09.2024;13:15;A 94;1;2;43;2;42;3;73;5;62;0;0;3;57;3;53;2;86;0;0;0;0;0;0;0;0;0;0;0;0;0;0;0;0;4;15;4;5;14;22;0;100;3;68;3;30;1;13
12.09.2024;13:14;A 94;1;1;59;1;37;4;46;4;40;0;0;4;84;6;52;5;32;0;0;0;0;0;0;0;0;0;0;0;0;0;0;0;0;4;10;2;3;15;20;0;100;4;37;2;29;5;30
12.09.2024;13:13;A 94;1;0;63;2;8;3;52;3;35;0;0;5;90;4;62;2;35;0;0;0;0;0;0;0;0;0;0;0;0;0;0;0;0;1;7;5;8;16;23;0;100;2;60;1;48;0;36
12.09.2024;13:12;A 94;1;2;91;3;17;6;80;8;33;0;80;5;75;3;63;6;78;0;0;0;0;0;0;0;0;0;0;0;0;0;0;1;2;7;10;10;17;9;10;0;100;2;84;1;42;3;91
12.09.2024;13:11;A 94;1;1;8;1;16;11;85;10;63;1;36;2;65;7;36;1;85;0;0;0;0;0;0;0;0;0;0;0;0;0;0;0;0;8;30;4;5;11;15;0;100;1;41;2;56;2;91
12.09.2024;13:10;A 94;1;1;15;2;43;5;86;7;90;0;0;6;92;8;50;3;71;0;0;0;0;0;0;0;0;0;0;0;0;0;0;0;0;5;13;6;5;23;35;0;100;3;40;1;37;9;27
12.09.2024;13:09;A 94;1;1;96;1;83;7;81;10;65;0;0;9;85;9;47;3;62;1;2;0;0;0;0;0;0;0;1;1;2;0;0;0;0;7;12;9;8;23;33;0;100;6;78;5;72;2;14
12.09.2024;13:08;A 94;1;2;10;1;5;4;81;6;78;0;0;5;70;4;54;3;40;0;0;0;0;0;0;0;0;2;2;1;2;1;1;0;0;4;7;5;5;9;13;0;100;2;36;1;1;4;16
12.09.2024;13:07;A 94;1;0;53;1;55;2;95;2;92;0;0;6;35;3;7;6;77;0;0;0;0;0;0;1;2;0;0;0;0;0;0;0;0;0;45;6;4;12;16;0;100;2;50;4;47;4;32
12.09.2024;13:06;A 94;1;1;75;2;62;4;64;6;70;0;0;10;46;7;26;1;67;1;2;0;0;0;0;0;0;0;0;0;0;0;0;0;0;3;64;6;7;12;15;0;100;2;62;1;57;2;71
12.09.2024;13:05;A 94;1;2;56;0;7;2;70;4;82;0;0;2;68;8;73;3;56;0;0;0;0;1;2;0;0;0;0;0;0;0;0;0;0;4;6;7;9;10;14;0;100;1;53;1;1;3;53
12.09.2024;13:04;A 94;1;1;4;2;63;4;74;2;47;0;0;5;61;5;63;3;59;1;2;1;2;0;0;0;0;0;0;0;0;0;0;2;3;4;8;9;8;10;16;0;100;1;1;2;51;1;52
12.09.2024;13:03;A 94;1;0;74;0;69;5;53;4;35;0;0;6;61;5;45;3;46;0;0;0;0;0;0;0;0;0;0;0;0;0;0;1;4;0;69;3;2;14;18;0;100;1;73;1;70;1;54
12.09.2024;13:02;A 94;1;1;84;3;27;5;85;3;79;0;0;9;46;2;29;9;78;0;0;0;0;0;0;0;0;0;0;0;0;0;0;2;3;1;26;6;16;14;18;0;100;4;73;2;20;1;69
12.09.2024;13:01;A 94;1;2;52;0;12;4;83;5;89;0;0;3;90;8;81;1;72;0;0;0;0;0;0;0;0;0;0;0;0;0;0;0;0;6;11;5;6;13;16;0;100;2;67;1;12;2;81
12.09.2024;13:00;A 94;1;1;88;1;41;4;52;4;46;0;0;6;82;7;39;4;67;0;0;0;0;0;0;0;0;0;0;0;0;0;0;1;1;10;17;3;2;18;26;0;100;1;81;1;35;3;59
12.09.2024;12:59;A 94;1;2;55;0;0;5;72;4;35;0;0;7;84;9;30;6;70;0;0;0;0;0;0;0;0;0;0;0;0;0;0;0;0;2;3;7;7;17;21;0;100;2;89;0;93;0;79
12.09.2024;12:58;A 94;1;2;27;2;41;3;49;4;56;0;0;4;52;5;44;9;82;0;0;0;0;0;0;0;0;0;0;0;0;0;0;0;0;3;5;1;2;12;16;0;100;3;21;5;27;0;100
12.09.2024;12:57;A 94;1;0;46;1;17;1;97;1;80;0;0;4;76;4;72;2;74;0;0;0;0;0;0;0;0;0;0;0;0;0;0;0;0;3;5;8;7;16;25;0;100;3;42;1;39;3;68
12.09.2024;12:56;A 94;1;3;32;2;23;3;91;4;65;0;0;4;91;3;77;2;45;0;0;0;0;0;0;0;0;0;0;0;0;0;0;1;3;4;5;4;7;10;12;0;100;4;42;4;35;5;11
12.09.2024;12:55;A 94;1;0;0;1;8;9;33;5;18;0;0;3;36;0;21;5;90;0;0;0;0;0;0;0;0;0;0;0;0;0;0;1;2;3;11;4;6;9;14;0;100;1;2;2;46;0;100
12.09.2024;12:54;A 94;1;1;81;4;81;4;63;2;68;0;0;5;87;7;79;4;75;0;0;0;0;0;0;0;0;0;0;0;0;0;0;0;0;5;12;7;11;23;39;0;100;2;70;3;81;2;84
12.09.2024;12:53;A 94;1;0;93;2;87;6;87;7;87;0;0;5;53;6;50;4;82;0;0;0;0;1;2;0;0;0;0;0;0;0;0;1;1;5;12;2;4;12;14;0;100;3;84;5;78;3;71
12.09.2024;12:52;A 94;1;1;25;1;30;5;83;2;13;0;0;2;82;2;76;3;83;0;0;0;0;0;0;0;0;0;0;0;0;0;0;1;5;3;6;4;5;6;6;0;100;1;20;2;45;4;47
12.09.2024;12:51;A 94;1;2;8;1;27;7;74;9;75;0;0;7;28;5;9;3;42;0;0;0;0;0;0;0;0;0;0;0;0;0;0;6;14;3;7;7;15;13;15;0;100;2;23;1;22;2;14
12.09.2024;12:50;A 94;1;4;16;4;29;5;89;4;81;0;0;7;44;10;25;5;56;0;0;0;0;0;0;0;0;0;0;0;0;0;0;0;0;15;25;7;7;13;16;0;100;4;34;3;41;1;77
12.09.2024;12:49;A 94;1;3;36;0;3;7;64;6;73;0;0;9;35;3;8;5;11;1;2;0;0;0;0;0;0;0;0;0;0;2;3;1;3;3;7;8;12;13;15;0;100;2;93;0;0;1;67
12.09.2024;12:48;A 94;1;0;72;1;85;6;73;5;76;0;0;7;51;6;16;3;48;0;0;0;0;0;0;0;0;0;0;0;0;0;0;0;0;2;71;7;8;11;13;0;100;1;71;2;75;4;22
12.09.2024;12:47;A 94;1;3;63;1;51;5;82;0;90;0;0;2;10;1;6;4;34;0;0;1;2;1;2;0;0;0;0;0;0;0;0;0;0;7;13;10;13;11;14;0;100;6;49;3;43;2;28
12.09.2024;12:46;A 94;1;1;63;2;27;6;81;8;85;0;0;5;49;5;33;1;97;1;2;0;0;0;0;0;0;0;0;0;0;0;0;0;0;2;20;9;7;13;16;0;100;3;47;3;44;1;58
12.09.2024;12:45;A 94;1;2;38;2;78;7;59;4;49;0;10;3;83;6;57;5;57;0;0;0;0;0;0;0;0;0;0;0;0;0;0;0;0;5;25;9;10;18;26;0;100;1;71;1;78;6;60
12.09.2024;12:44;A 94;1;1;46;2;47;3;45;5;45;1;21;8;51;4;29;4;69;1;2;0;0;0;0;0;0;0;0;0;0;0;0;0;0;4;6;11;16;14;17;0;100;2;37;2;46;0;71
12.09.2024;12:43;A 94;1;0;0;3;10;4;49;4;52;0;0;6;58;9;50;9;69;0;0;0;0;0;0;0;0;0;0;0;0;0;0;0;0;11;19;7;13;14;22;0;100;0;70;1;49;3;90
12.09.2024;12:42;A 94;1;0;74;2;63;2;76;5;62;0;0;5;57;8;32;11;76;0;0;0;0;0;0;0;0;0;0;0;0;0;0;0;0;2;56;4;7;12;19;0;100;6;84;5;51;2;60
12.09.2024;12:41;A 94;1;3;95;3;64;5;68;3;49;0;0;6;53;5;45;4;92;0;0;0;0;0;0;0;0;0;0;1;2;0;0;0;0;2;56;6;5;15;25;0;100;4;85;2;80;1;98
12.09.2024;12:40;A 94;1;1;71;1;7;4;67;5;65;0;0;5;78;3;62;5;92;0;0;0;0;0;0;1;2;1;2;0;0;0;0;0;0;9;41;8;15;18;25;0;100;5;51;1;29;0;100
12.09.2024;12:39;A 94;1;1;83;2;33;2;74;1;45;0;0;1;47;4;50;7;86;0;0;0;0;0;0;0;0;0;0;0;0;0;0;0;0;2;72;6;9;7;11;0;100;1;72;2;68;0;100
12.09.2024;12:38;A 94;1;0;0;0;0;4;81;4;87;0;0;4;51;2;32;7;91;0;0;0;0;0;0;0;0;0;0;0;0;3;5;0;0;4;23;5;5;10;14;0;100;0;0;0;0;0;100
12.09.2024;12:37;A 94;1;1;52;1;44;1;99;3;94;0;0;2;71;3;52;7;70;0;0;0;0;0;0;0;0;0;0;0;0;0;0;0;0;5;9;5;8;13;19;0;100;2;49;2;42;1;97
12.09.2024;12:36;A 94;1;2;44;1;26;5;76;4;78;0;0;3;93;10;79;4;86;0;0;0;0;0;0;0;0;0;0;0;0;0;0;0;0;3;5;12;11;18;24;0;100;5;74;1;24;1;95
12.09.2024;12:35;A 94;1;3;91;2;18;4;80;4;82;0;0;9;34;5;50;3;94;0;0;0;0;0;0;0;0;0;0;0;0;0;0;0;0;6;13;9;14;13;17;0;100;5;75;3;61;0;100
12.09.2024;12:34;A 94;1;0;100;0;100;8;78;9;82;0;0;4;69;6;72;7;21;0;0;0;0;0;0;0;0;0;0;0;0;0;0;0;0;0;96;10;10;12;27;0;100;1;99;1;97;0;100
12.09.2024;12:33;A 94;1;1;19;1;85;5;78;4;74;1;77;5;61;5;47;3;44;0;0;0;0;1;2;0;0;0;0;1;2;0;0;1;1;2;14;5;4;10;15;0;100;1;11;4;12;1;88
12.09.2024;12:32;A 94;1;0;51;2;83;3;94;4;88;0;71;2;72;3;68;7;76;1;2;1;2;0;0;0;0;1;2;0;0;0;0;0;0;4;6;3;3;8;10;0;100;2;48;4;54;3;97
12.09.2024;12:31;A 94;1;4;64;2;34;3;63;5;50;1;62;3;71;4;56;1;90;0;0;0;0;0;0;1;2;0;0;0;0;0;0;1;1;6;12;7;8;13;17;0;100;3;81;1;43;2;97
12.09.2024;12:30;A 94;1;2;94;0;0;7;64;3;35;0;0;3;32;3;8;3;30;1;2;0;0;0;0;0;0;0;0;0;0;0;0;0;0;7;12;8;13;8;9;0;100;1;92;0;0;4;12
12.09.2024;12:29;A 94;1;1;10;0;0;6;55;2;33;0;0;6;85;6;48;5;64;0;0;0;0;0;0;0;0;0;0;0;0;0;0;0;0;2;6;10;17;14;25;0;100;1;78;0;0;2;71
12.09.2024;12:28;A 94;1;0;78;2;65;5;69;2;5;0;94;2;93;7;59;4;41;0;0;0;0;0;0;0;0;0;0;0;0;0;0;0;0;10;46;3;6;18;31;0;100;2;75;4;62;5;53
12.09.2024;12:27;A 94;1;2;60;0;0;6;80;1;73;2;72;5;63;5;58;4;16;0;0;0;0;0;0;0;0;0;0;0;0;0;0;0;0;2;7;6;8;13;16;0;100;4;48;0;44;3;10
12.09.2024;12:26;A 94;1;1;40;1;27;3;90;4;67;0;0;5;57;6;20;3;89;0;0;0;0;0;0;0;0;0;0;0;0;0;0;0;0;2;32;7;11;10;13;0;100;1;24;3;95;3;19
12.09.2024;12:25;A 94;1;1;13;1;9;2;54;4;55;0;18;4;87;6;55;6;82;0;0;0;0;0;0;0;0;0;0;0;0;0;0;0;0;4;14;2;2;19;21;0;100;0;100;1;1;3;78
12.09.2024;12:24;A 94;1;1;95;0;0;6;59;3;32;1;2;5;43;4;16;1;59;0;0;0;0;0;0;0;0;0;0;0;0;0;0;0;0;2;81;6;9;8;12;0;100;3;86;0;0;1;7
12.09.2024;12:23;A 94;1;3;63;0;0;4;75;5;53;0;0;5;57;5;46;8;45;0;0;0;0;0;0;0;0;0;0;0;0;0;0;0;0;4;18;4;49;12;14;0;100;2;80;0;0;1;57
12.09.2024;12:22;A 94;1;0;52;1;35;9;47;3;22;0;0;10;43;6;20;3;51;0;0;0;0;0;0;0;0;0;0;0;0;0;0;0;0;2;4;7;5;18;21;0;100;4;92;1;36;2;60
12.09.2024;12:21;A 94;1;3;60;1;56;8;38;7;62;0;41;4;85;4;44;1;48;0;0;1;2;1;2;0;0;0;0;0;0;0;0;0;0;8;14;6;6;12;15;0;100;2;84;1;47;4;19
12.09.2024;12:20;A 94;1;3;16;0;2;4;81;7;90;1;13;3;81;6;75;0;0;0;0;0;0;0;0;0;0;0;0;0;0;0;0;0;0;5;8;7;10;18;24;0;100;4;71;1;2;0;0
12.09.2024;12:19;A 94;1;3;79;1;82;9;76;6;72;0;0;7;68;4;52;5;75;1;2;0;0;0;0;0;0;0;0;0;0;0;0;0;0;4;13;6;12;18;25;0;100;2;77;2;76;3;76
12.09.2024;12:18;A 94;1;2;58;2;26;4;75;1;78;0;90;7;65;7;38;4;68;0;0;0;0;1;2;0;0;0;0;0;0;0;0;1;2;5;13;0;0;14;21;0;100;3;51;2;54;1;51
12.09.2024;12:17;A 94;1;0;53;0;0;4;23;2;4;1;35;4;70;4;65;6;73;1;2;1;2;0;0;1;2;1;2;1;2;0;0;0;0;7;26;3;3;13;16;0;100;3;51;0;46;2;74
12.09.2024;12:16;A 94;1;2;53;1;3;13;60;6;61;0;0;7;24;3;10;5;88;0;0;0;0;0;0;0;0;0;0;0;0;0;0;0;0;6;12;11;15;9;10;0;100;1;46;1;58;0;100
12.09.2024;12:15;A 94;1;0;0;1;6;6;64;8;63;0;0;9;67;3;10;4;90;0;0;0;0;0;0;0;0;0;0;0;0;0;0;0;0;3;5;4;3;18;23;0;100;0;0;1;52;0;100
12.09.2024;12:14;A 94;1;0;98;2;59;3;61;4;45;0;0;5;48;8;39;4;83;0;0;0;0;0;0;0;0;0;0;0;0;0;0;0;0;6;12;8;9;12;17;0;100;3;90;3;71;3;33
12.09.2024;12:13;A 94;1;1;73;0;7;3;61;2;77;0;0;5;67;4;38;2;48;0;0;0;0;0;0;0;0;0;0;0;0;0;0;0;0;2;9;8;64;11;14;0;100;2;63;1;47;1;8
12.09.2024;12:12;A 94;1;4;28;1;2;1;99;2;70;0;0;5;75;4;15;4;68;0;0;0;0;0;0;0;0;0;0;0;0;0;0;0;0;2;3;3;3;16;17;0;100;3;77;0;42;2;16
12.09.2024;12:11;A 94;1;2;15;1;11;8;59;6;62;0;0;5;67;6;26;1;1;1;2;0;0;0;0;1;2;1;2;1;2;0;0;0;0;0;0;4;6;16;21;0;100;2;78;1;50;2;13
12.09.2024;12:10;A 94;1;2;14;0;3;4;62;6;58;0;0;6;27;4;16;4;60;0;0;0;0;0;0;0;0;0;0;0;0;0;0;0;0;6;8;9;9;9;10;0;100;1;41;1;2;5;22
12.09.2024;12:09;A 94;1;1;6;1;27;6;82;6;73;0;0;10;64;6;35;3;75;0;0;0;0;0;0;0;0;0;0;0;0;0;0;0;0;2;4;7;8;19;24;0;100;1;4;2;95;4;45
12.09.2024;12:08;A 94;1;4;13;3;67;2;77;2;45;0;0;7;80;4;41;4;43;0;0;0;0;0;0;0;0;0;0;0;0;0;0;1;1;6;9;6;6;15;19;0;100;3;61;3;60;2;38
12.09.2024;12:07;A 94;1;1;51;1;54;5;42;6;27;0;0;5;49;4;14;2;7;0;0;0;0;0;0;0;0;0;0;0;0;0;0;0;0;5;9;6;6;14;17;0;100;4;45;3;46;1;5
12.09.2024;12:06;A 94;1;1;67;3;56;7;58;8;61;0;0;11;42;5;20;0;0;0;0;0;0;0;0;0;0;0;0;0;0;0;0;0;0;3;6;5;8;13;14;0;100;4;54;2;75;1;5
12.09.2024;12:05;A 94;1;1;68;1;64;6;47;9;32;0;0;5;44;4;13;2;34;0;0;0;0;0;0;0;0;0;0;0;0;0;0;0;0;5;15;7;9;12;16;0;100;1;60;1;62;3;10
12.09.2024;12:04;A 94;1;2;89;1;51;6;19;5;14;0;0;10;44;6;20;3;10;0;0;0;0;1;2;0;0;0;0;0;0;0;0;0;0;6;9;6;11;13;16;0;100;4;84;2;47;3;18
12.09.2024;12:03;A 94;1;1;9;0;0;4;36;2;7;1;52;6;33;4;15;5;42;1;2;1;2;0;0;0;0;0;1;1;2;0;0;0;0;7;24;7;12;7;13;0;100;1;36;0;0;1;56
12.09.2024;12:02;A 94;1;0;0;0;0;7;78;6;26;0;0;6;58;6;42;5;40;0;0;0;0;0;0;1;2;1;0;0;0;0;0;0;0;0;0;3;4;13;15;0;100;0;35;0;37;3;45
12.09.2024;12:01;A 94;1;1;45;1;36;4;38;7;37;0;0;6;43;7;38;0;0;0;0;0;0;0;0;0;0;0;0;0;0;0;0;0;0;3;5;8;6;19;23;0;100;7;41;5;59;3;50
12.09.2024;12:00;A 94;1;2;89;2;83;5;51;8;50;0;0;7;59;10;29;1;81;1;2;0;0;0;0;0;0;0;0;0;0;0;0;0;0;7;25;8;8;13;16;0;100;1;89;1;78;3;5
12.09.2024;11:59;A 94;1;2;13;0;0;6;72;6;64;0;0;10;65;1;29;3;83;0;0;0;0;0;0;0;0;0;0;0;0;0;0;0;0;0;0;7;10;19;28;0;100;2;56;0;0;2;53
12.09.2024;11:58;A 94;1;0;86;1;35;2;77;3;79;0;0;6;41;8;37;6;44;0;0;0;0;0;0;0;0;0;0;0;0;0;0;0;0;4;9;7;7;13;15;0;100;4;79;2;30;1;62
12.09.2024;11:57;A 94;1;2;76;0;0;5;85;6;97;0;0;1;65;3;53;4;90;0;0;0;0;0;0;0;0;0;0;0;0;0;0;0;0;4;5;8;13;11;14;0;100;6;63;0;0;0;100
12.09.2024;11:56;A 94;1;2;47;0;40;1;96;4;97;0;0;2;94;2;72;3;74;0;0;0;0;0;0;0;0;0;0;0;0;0;0;0;0;4;30;5;7;16;20;0;100;5;31;6;30;2;75
12.09.2024;11:55;A 94;1;1;94;2;62;4;74;5;59;0;0;6;73;6;58;3;93;0;0;0;0;0;0;0;0;0;0;0;0;0;0;0;0;1;84;9;13;14;20;0;100;2;84;2;65;0;100
12.09.2024;11:54;A 94;1;1;61;2;63;3;57;4;47;0;0;8;49;2;26;6;82;0;0;0;0;0;0;0;0;0;0;0;0;0;0;1;1;4;17;11;12;13;17;0;100;2;49;2;73;0;100
12.09.2024;11:53;A 94;1;0;73;1;10;1;77;2;73;0;0;3;86;4;65;6;73;1;2;1;2;0;0;0;0;0;0;0;0;0;0;0;0;0;0;3;5;18;25;0;100;4;69;1;35;2;84
12.09.2024;11:52;A 94;1;2;77;0;53;3;72;1;92;0;80;3;71;1;63;5;56;0;0;0;0;0;0;0;0;0;0;0;0;0;0;0;0;1;65;7;14;9;15;0;100;4;62;5;45;3;37
12.09.2024;11:51;A 94;1;2;47;1;37;6;53;2;59;1;21;2;67;3;51;0;100;1;2;0;0;0;0;0;0;0;0;0;0;0;0;2;2;4;35;7;17;10;15;0;100;1;68;1;29;2;46
12.09.2024;11:50;A 94;1;1;7;0;0;2;77;5;73;0;0;9;43;5;31;3;87;0;0;0;0;0;0;0;0;0;0;0;0;0;0;0;0;2;7;7;10;14;15;0;100;2;3;0;0;5;23
12.09.2024;11:49;A 94;1;0;100;0;99;8;41;4;42;0;0;7;51;4;11;5;34;0;0;0;0;0;0;0;0;0;0;0;0;1;1;0;0;1;2;8;15;17;20;0;100;4;95;3;95;4;32
12.09.2024;11:48;A 94;1;4;32;3;30;2;67;5;37;0;0;8;46;3;19;6;46;0;0;0;0;0;0;0;0;0;0;0;0;0;0;0;0;7;11;3;13;17;20;0;100;3;15;4;77;2;33
12.09.2024;11:47;A 94;1;2;43;4;15;1;61;3;57;0;0;5;50;6;46;3;55;0;0;0;0;0;0;0;0;0;0;0;0;0;0;0;0;2;29;7;12;13;15;0;100;3;34;4;51;1;7
12.09.2024;11:46;A 94;1;4;67;4;29;7;56;6;80;0;0;8;66;6;23;1;40;0;0;0;0;0;0;0;0;0;0;0;0;0;0;1;1;6;51;4;22;15;20;0;100;5;48;6;15;3;17
12.09.2024;11:45;A 94;1;1;56;3;52;6;35;11;40;0;0;6;53;9;43;3;27;0;0;0;0;0;0;0;0;0;0;0;0;0;0;0;0;5;65;4;5;12;17;0;100;1;48;1;59;3;56
12.09.2024;11:44;A 94;1;1;11;1;8;4;70;3;95;0;0;5;84;2;72;4;8;0;0;0;0;0;0;0;0;0;0;0;0;0;0;0;0;0;0;3;28;16;34;0;100;1;46;1;2;3;36
12.09.2024;11:43;A 94;1;2;85;2;33;5;82;3;59;0;0;4;82;6;78;6;44;0;0;0;0;0;0;0;0;0;0;0;0;0;0;0;0;6;12;16;31;14;24;0;100;4;75;2;75;0;56
12.09.2024;11:42;A 94;1;1;56;1;57;5;21;4;21;0;0;3;75;5;75;3;57;1;2;0;0;0;0;0;0;0;0;0;0;0;0;2;2;3;44;7;6;11;17;0;100;3;41;7;53;7;41
12.09.2024;11:41;A 94;1;1;64;3;80;5;52;6;35;0;0;1;61;4;48;3;76;0;0;0;0;0;0;0;0;0;0;0;0;0;0;0;0;5;65;2;39;8;14;0;100;1;71;3;62;2;12
12.09.2024;11:40;A 94;1;1;25;0;12;2;98;4;74;2;35;2;85;6;79;1;95;0;0;0;0;0;0;0;0;0;0;0;0;0;0;0;0;3;21;2;17;23;30;0;100;6;24;4;6;2;73
12.09.2024;11:39;A 94;1;0;100;1;93;7;66;10;80;1;1;8;35;2;12;6;28;0;0;0;0;0;0;0;0;0;0;0;0;0;0;1;1;5;11;8;14;10;13;0;100;1;97;2;84;1;90
12.09.2024;11:38;A 94;1;0;100;0;75;5;83;5;76;0;0;6;76;6;36;5;52;0;0;0;0;0;0;0;0;1;2;1;2;0;0;0;0;3;9;8;14;14;24;0;100;3;93;2;73;1;83
12.09.2024;11:37;A 94;1;1;94;2;83;1;89;3;83;0;0;2;68;1;56;5;72;0;0;0;0;0;0;1;2;0;0;0;0;0;0;0;0;3;5;1;2;13;15;0;100;6;71;7;76;2;85
12.09.2024;11:36;A 94;1;3;50;2;48;7;71;3;60;0;0;8;67;6;41;4;81;0;0;0;0;0;0;0;0;0;0;0;0;0;0;0;0;6;9;3;8;13;16;0;100;2;70;1;65;4;72
12.09.2024;11:35;A 94;1;1;9;1;7;5;71;9;59;0;0;4;56;4;49;2;97;0;0;0;0;1;2;0;0;1;2;1;2;0;0;0;0;3;9;4;5;12;21;0;100;2;60;1;57;0;100
12.09.2024;11:34;A 94;1;2;20;2;84;3;45;1;10;0;0;10;49;4;18;7;80;1;2;1;2;0;0;1;2;0;0;0;0;0;0;0;0;3;6;3;3;16;18;0;100;2;81;2;82;0;100
12.09.2024;11:33;A 94;1;0;65;1;64;1;58;5;60;0;0;5;66;1;51;3;38;0;0;0;0;0;0;0;0;0;0;0;0;0;0;0;0;1;7;3;6;8;10;0;100;3;60;2;58;3;59
12.09.2024;11:32;A 94;1;4;61;3;53;3;95;5;63;0;0;6;61;5;43;3;31;0;0;0;0;0;0;0;0;0;0;0;0;0;0;0;0;4;13;5;4;13;17;0;100;3;49;3;53;2;21
12.09.2024;11:31;A 94;1;0;38;0;14;4;83;3;42;0;0;3;34;4;13;2;85;0;0;0;0;0;0;0;0;0;0;0;0;0;0;0;0;5;7;9;9;16;24;0;100;7;26;1;15;2;65
12.09.2024;11:30;A 94;1;2;93;2;66;5;46;6;26;0;0;5;59;4;45;6;61;0;0;0;0;0;0;0;0;0;0;0;0;0;0;0;0;7;11;3;4;15;17;0;100;1;91;1;71;3;56
12.09.2024;11:29;A 94;1;2;98;0;81;8;41;5;28;0;0;5;43;7;38;3;43;1;2;0;0;0;0;0;0;0;0;0;0;0;0;0;0;7;16;3;10;5;6;0;100;4;86;1;83;3;13
12.09.2024;11:28;A 94;1;3;25;3;26;8;29;5;17;0;0;6;30;4;10;3;36;0;0;0;0;0;0;0;0;0;0;0;0;0;0;0;0;4;9;3;4;10;11;0;100;2;36;2;15;1;24
12.09.2024;11:27;A 94;1;1;57;1;51;2;96;5;16;0;0;5;35;6;20;3;22;0;0;0;0;0;0;0;0;0;0;0;0;0;0;0;0;4;11;2;6;13;17;0;100;4;47;3;46;4;16
12.09.2024;11:26;A 94;1;2;44;2;29;10;22;9;37;0;0;7;75;9;43;1;86;0;0;0;0;0;0;0;0;0;0;0;0;0;0;0;0;3;8;7;13;12;14;0;100;1;69;1;36;2;9
12.09.2024;11:25;A 94;1;0;0;0;0;8;66;8;58;0;0;1;37;2;24;2;11;0;0;0;0;0;0;0;0;0;0;0;0;0;0;0;0;3;5;4;23;10;15;0;100;0;0;0;0;1;41
12.09.2024;11:24;A 94;1;1;88;1;86;8;54;9;59;0;0;9;63;9;21;1;58;0;0;0;0;0;0;0;0;0;0;0;0;0;0;0;0;8;24;5;41;17;21;0;100;4;76;7;68;0;0
12.09.2024;11:23;A 94;1;0;60;0;0;3;74;2;55;0;0;4;62;4;36;1;34;0;0;1;2;1;2;0;0;0;0;0;0;0;0;0;0;10;38;2;5;8;10;0;100;2;59;0;54;1;3
12.09.2024;11:22;A 94;1;4;55;3;11;8;80;3;92;0;68;2;19;3;16;5;36;1;2;0;0;0;0;0;0;0;0;0;0;0;0;0;0;6;33;7;17;10;15;0;100;3;60;2;37;2;44
12.09.2024;11:21;A 94;1;0;27;1;5;9;69;4;73;2;56;4;67;8;33;2;48;0;0;0;0;0;0;0;0;0;0;0;0;0;0;0;0;4;6;6;7;11;15;0;100;2;22;1;19;5;48
12.09.2024;11:20;A 94;1;2;14;1;7;5;49;2;49;0;0;11;44;4;12;3;43;1;2;0;0;1;2;0;0;0;0;0;0;0;0;0;0;4;8;2;28;15;18;0;100;2;5;1;5;4;25
12.09.2024;11:19;A 94;1;1;93;1;8;5;41;3;58;0;0;4;32;3;13;5;29;1;2;1;2;0;0;0;0;0;0;0;0;0;0;0;0;3;6;7;34;9;11;0;100;1;96;1;82;0;76
12.09.2024;11:18;A 94;1;3;70;3;7;5;66;2;74;1;31;4;50;5;36;2;9;0;0;0;0;0;0;0;0;0;0;0;0;0;0;0;0;6;10;2;4;8;10;0;100;3;67;1;39;3;78
12.09.2024;11:17;A 94;1;1;49;0;36;2;67;7;63;0;0;6;66;4;24;1;8;0;0;0;0;0;0;0;0;0;0;0;0;0;0;0;0;2;3;4;4;15;20;0;100;4;37;2;31;2;51
12.09.2024;11:16;A 94;1;2;79;1;84;1;69;2;60;0;0;6;60;6;42;1;97;0;0;0;0;0;0;1;2;1;2;1;2;0;0;0;0;4;9;5;7;21;47;0;100;3;79;3;70;1;7
12.09.2024;11:15;A 94;1;1;7;1;88;4;48;5;48;0;21;2;96;5;84;1;84;0;0;0;0;0;0;0;0;0;0;0;0;0;0;0;0;4;7;9;14;12;20;0;100;1;17;1;82;4;15
12.09.2024;11:14;A 94;1;1;5;3;10;4;85;3;63;1;1;4;80;5;27;3;68;0;0;0;0;0;0;0;0;0;0;0;0;0;0;0;0;5;13;4;7;17;21;0;100;1;1;1;43;3;20
12.09.2024;11:13;A 94;1;0;88;1;89;6;83;6;86;0;0;7;57;8;35;8;56;0;0;0;0;0;0;0;0;0;0;0;0;0;0;0;0;3;11;2;3;16;25;0;100;4;79;6;79;0;62
12.09.2024;11:12;A 94;1;2;16;2;36;4;92;6;83;0;0;4;82;4;65;1;3;0;0;0;0;0;0;0;0;0;0;0;0;0;0;0;0;6;10;12;31;13;16;0;100;2;31;1;58;2;64
12.09.2024;11:11;A 94;1;1;34;1;39;23;39;8;59;0;0;9;49;4;16;2;3;0;0;0;0;0;0;1;2;1;2;1;2;0;0;0;0;5;10;2;38;17;24;0;100;2;57;3;60;2;11
12.09.2024;11:10;A 94;1;2;38;1;35;13;40;5;23;0;0;6;60;7;45;4;94;0;0;0;0;0;0;0;0;0;0;0;0;0;0;0;0;4;6;9;12;15;23;0;100;2;64;1;29;1;87
12.09.2024;11:09;A 94;1;1;87;1;94;6;21;4;42;0;0;10;51;4;25;2;21;1;2;0;0;0;0;0;0;0;0;0;0;0;0;0;0;3;73;7;9;14;19;0;100;4;74;5;80;2;17
12.09.2024;11:08;A 94;1;1;28;0;0;6;67;4;72;0;0;10;51;4;18;1;32;0;0;0;0;0;0;0;0;0;0;0;0;0;0;0;0;1;7;5;7;15;19;0;100;2;70;0;0;1;3
12.09.2024;11:07;A 94;1;1;65;1;6;7;25;4;84;0;0;4;70;8;28;5;74;0;0;0;0;0;0;0;0;1;2;1;2;0;0;0;0;2;8;2;3;16;23;0;100;6;48;1;28;1;26
12.09.2024;11:06;A 94;1;1;82;0;32;9;27;6;16;1;26;2;64;2;55;1;3;0;0;0;0;0;0;1;2;0;0;0;0;0;0;0;0;7;32;9;14;7;13;0;100;4;69;6;22;3;12
12.09.2024;11:05;A 94;1;1;95;2;74;4;43;2;29;0;0;5;23;3;9;3;68;0;0;0;0;0;0;0;0;0;0;0;0;0;0;0;0;2;90;10;17;6;8;0;100;1;84;1;80;3;32
12.09.2024;11:04;A 94;1;0;0;0;0;5;89;4;93;0;0;4;67;4;28;5;74;0;0;0;0;0;0;0;0;0;0;0;0;0;0;0;0;1;5;5;8;10;15;0;100;0;0;0;0;1;74
12.09.2024;11:03;A 94;1;3;35;1;6;4;73;2;60;0;0;8;65;4;12;7;43;0;0;0;0;0;0;0;0;0;0;0;0;0;0;0;0;4;7;6;9;14;17;0;100;3;35;1;72;2;63
12.09.2024;11:02;A 94;1;2;42;6;47;7;50;4;27;0;0;4;71;7;34;1;71;0;0;1;2;1;2;0;0;0;0;0;0;0;0;1;1;5;31;6;5;9;12;0;100;2;39;3;75;3;81
12.09.2024;11:01;A 94;1;0;24;0;29;4;88;2;76;0;0;4;71;7;28;3;5;2;3;0;0;0;0;0;0;0;0;0;0;0;0;0;0;6;10;3;4;13;17;0;100;1;25;3;27;0;6
12.09.2024;11:00;A 94;1;1;84;3;14;4;45;2;36;0;0;6;18;7;23;5;87;0;0;0;0;0;0;0;0;0;0;0;0;0;0;0;0;5;8;4;6;9;10;0;100;1;77;1;8;1;90
12.09.2024;10:59;A 94;1;1;90;1;18;5;60;5;39;0;0;3;20;3;9;1;55;0;0;0;0;0;0;0;0;0;0;0;0;0;0;0;0;1;28;12;12;9;12;0;100;3;85;2;10;1;3
12.09.2024;10:58;A 94;1;2;26;0;0;3;54;2;51;0;0;10;50;4;16;2;33;0;0;0;0;0;0;0;0;0;0;0;0;0;0;0;0;5;22;14;20;11;14;0;100;2;17;0;0;1;40
12.09.2024;10:57;A 94;1;1;14;0;36;3;56;4;53;0;0;3;74;3;62;1;77;1;2;1;2;1;2;0;0;0;0;0;0;0;0;0;0;2;6;4;6;13;17;0;100;3;34;3;32;4;62
12.09.2024;10:56;A 94;1;1;10;1;72;4;61;3;60;0;0;8;61;6;22;1;83;0;0;0;0;0;0;0;0;0;0;0;0;0;0;0;0;6;16;7;9;10;14;0;100;1;81;1;66;1;5
12.09.2024;10:55;A 94;1;1;6;0;0;9;53;5;48;0;0;7;60;3;33;2;84;0;0;0;0;0;0;0;0;0;0;0;0;0;0;0;0;5;8;3;15;15;17;0;100;1;69;0;0;1;7
12.09.2024;10:54;A 94;1;1;52;1;75;8;52;9;33;0;0;3;35;4;30;3;71;0;0;0;0;0;0;0;0;0;0;0;0;0;0;0;0;6;47;5;27;6;7;0;100;2;44;3;64;3;15
12.09.2024;10:53;A 94;1;2;23;1;27;7;43;6;25;0;0;3;43;3;40;3;19;0;0;0;0;0;0;0;0;0;0;0;0;0;0;0;0;6;12;5;7;11;15;0;100;1;68;2;71;3;18
12.09.2024;10:52;A 94;1;1;7;2;9;8;33;5;9;0;0;3;24;5;13;7;20;0;0;0;0;0;0;0;0;0;0;0;0;0;0;0;0;5;7;6;8;6;8;0;100;1;25;1;34;0;26
12.09.2024;10:51;A 94;1;0;46;2;25;4;59;4;35;0;0;3;81;7;69;4;95;0;0;0;0;0;0;0;0;0;0;0;0;0;0;0;0;3;9;4;9;16;23;0;100;7;32;3;25;0;100
12.09.2024;10:50;A 94;1;3;69;1;12;7;59;4;62;0;0;3;78;4;82;1;97;0;0;0;0;0;0;0;0;0;0;0;0;0;0;1;1;6;9;2;38;16;22;0;100;2;70;1;31;0;100
12.09.2024;10:49;A 94;1;1;65;2;58;13;62;4;53;0;0;7;70;6;52;3;88;1;2;0;0;0;0;0;0;0;0;0;0;0;0;0;0;5;8;4;36;11;18;0;100;3;53;3;51;25;85
12.09.2024;10:48;A 94;1;0;86;0;78;6;20;5;9;0;0;4;39;4;23;4;25;0;0;0;0;0;0;0;0;0;0;0;0;0;0;1;1;4;82;2;3;10;17;0;100;3;81;3;73;4;25
12.09.2024;10:47;A 94;1;1;88;2;35;6;72;2;14;0;0;10;53;6;45;5;18;0;0;0;0;0;0;1;2;1;2;1;2;0;0;0;0;3;39;2;3;16;25;0;100;2;82;1;39;0;27
12.09.2024;10:46;A 94;1;2;65;0;28;3;84;5;73;0;54;3;73;3;30;5;85;0;0;0;0;0;0;0;0;0;0;0;0;0;0;0;0;6;14;6;16;12;15;0;100;7;46;2;23;1;72
12.09.2024;10:45;A 94;1;2;76;0;100;13;59;10;49;1;36;6;54;7;25;5;51;0;0;0;0;0;0;0;0;0;0;0;0;0;0;0;0;6;20;11;23;16;21;0;100;0;100;0;100;1;68
12.09.2024;10:44;A 94;1;1;74;1;72;6;65;6;48;0;0;5;69;5;46;6;12;0;0;0;0;0;0;0;0;0;0;0;0;0;0;0;0;3;7;3;2;18;23;0;100;4;63;5;56;1;63
12.09.2024;10:43;A 94;1;1;58;1;57;4;74;6;58;1;81;5;54;4;46;1;34;0;0;0;0;0;0;0;0;0;0;0;0;0;0;0;0;0;9;11;20;9;12;0;100;1;60;2;54;3;11
12.09.2024;10:42;A 94;1;2;14;1;1;6;90;4;50;0;0;5;16;3;18;6;35;0;0;0;0;0;0;0;0;0;0;0;0;0;0;0;0;5;33;6;8;6;7;0;100;2;17;0;41;2;37
12.09.2024;10:41;A 94;1;1;26;1;32;3;66;3;52;0;0;4;80;5;22;2;92;0;0;0;0;0;0;0;0;0;0;0;0;0;0;0;0;3;4;21;40;15;24;0;100;2;23;3;77;2;75
12.09.2024;10:40;A 94;1;3;77;2;56;5;37;3;36;0;0;6;86;4;65;4;90;1;2;0;0;0;0;0;0;0;0;0;0;0;0;0;0;2;3;2;3;21;33;0;100;2;72;1;49;0;100
12.09.2024;10:39;A 94;1;1;84;1;7;13;51;11;35;0;0;7;64;8;47;1;10;0;0;0;0;0;0;0;0;0;0;0;0;0;0;0;0;3;5;6;6;16;19;0;100;2;74;1;19;2;13
12.09.2024;10:38;A 94;1;1;49;9;46;4;63;5;33;0;0;6;41;5;24;3;12;0;0;0;0;0;0;0;0;0;0;0;0;0;0;0;0;3;5;2;3;11;13;0;100;3;24;4;38;0;46
12.09.2024;10:37;A 94;1;1;61;2;27;3;44;4;32;0;0;4;61;5;44;4;20;0;0;0;0;0;0;0;0;0;0;0;0;0;0;0;0;3;11;4;20;17;23;0;100;4;50;3;29;2;52
12.09.2024;10:36;A 94;1;2;51;1;23;11;67;8;40;0;0;5;76;7;53;1;91;1;2;1;2;1;2;0;0;0;0;0;0;0;0;0;0;0;0;2;45;14;16;0;100;2;76;1;18;3;87
12.09.2024;10:35;A 94;1;3;60;2;16;6;41;4;31;0;0;6;76;5;57;4;14;0;0;0;0;0;0;0;0;0;0;0;0;0;0;0;0;2;8;11;31;12;20;0;100;2;49;2;2;0;97
12.09.2024;10:34;A 94;1;1;48;1;50;4;25;8;20;0;0;9;37;5;18;4;68;0;0;0;0;0;0;0;0;0;0;0;0;0;0;0;0;2;40;8;11;10;13;0;100;2;39;3;92;2;73
12.09.2024;10:33;A 94;1;2;25;3;28;4;74;5;31;0;0;6;66;6;39;2;32;0;0;0;0;0;0;0;0;0;0;0;0;0;0;1;1;5;17;11;49;15;19;0;100;2;27;6;25;3;18
12.09.2024;10:32;A 94;1;2;41;0;0;2;85;3;64;0;0;6;74;6;58;3;11;0;0;0;0;0;0;1;2;1;2;1;2;0;0;0;0;3;7;1;1;18;25;0;100;3;30;0;45;3;13
12.09.2024;10:31;A 94;1;0;25;2;34;7;65;7;16;0;0;8;42;5;22;2;5;1;2;0;0;0;0;0;0;0;0;0;0;0;0;0;0;4;7;7;9;12;14;0;100;3;20;4;23;1;6
12.09.2024;10:30;A 94;1;2;28;1;82;7;62;7;50;0;0;5;23;2;7;2;48;0;0;0;0;0;0;0;0;0;0;0;0;0;0;0;0;8;12;5;18;5;6;0;100;1;46;1;74;2;49
12.09.2024;10:29;A 94;1;1;6;0;0;4;80;2;93;0;0;5;56;3;23;2;24;0;0;0;0;0;0;0;0;0;0;0;0;0;0;0;0;0;0;4;11;16;23;0;100;1;64;0;0;2;14
12.09.2024;10:28;A 94;1;1;96;0;87;3;45;3;70;0;0;7;27;2;10;5;49;0;0;0;0;0;0;0;0;0;0;0;0;0;0;1;1;5;8;11;12;10;10;0;100;5;84;5;78;1;52
12.09.2024;10:27;A 94;1;2;51;1;40;2;89;1;87;0;0;12;55;8;28;8;42;0;0;0;0;0;0;0;0;0;0;0;0;0;0;0;0;3;6;6;36;12;14;0;100;2;36;1;32;4;50
12.09.2024;10:26;A 94;1;1;24;0;0;3;70;2;59;0;0;3;49;3;42;3;94;0;0;0;0;0;0;0;0;0;0;0;0;0;0;0;0;0;0;10;15;10;11;0;100;2;27;0;20;0;100
12.09.2024;10:25;A 94;1;1;21;1;9;6;85;7;82;0;0;3;80;4;63;4;93;0;0;0;0;0;0;0;0;0;0;0;0;0;0;0;0;2;3;9;14;18;25;0;100;4;12;1;65;2;84
12.09.2024;10:24;A 94;1;1;70;2;70;6;86;3;54;0;0;5;45;11;41;7;83;0;0;0;0;0;0;0;0;0;0;0;0;0;0;0;0;5;22;9;19;11;19;0;100;3;60;3;89;1;87
12.09.2024;10:23;A 94;1;1;69;3;61;2;51;2;36;0;0;5;41;4;41;7;84;0;0;0;0;0;0;0;0;0;0;0;0;0;0;0;0;4;14;7;8;9;10;0;100;2;78;3;52;1;88
12.09.2024;10:22;A 94;1;1;7;0;0;2;66;2;16;0;0;9;59;6;32;5;80;0;0;0;0;0;0;0;0;0;0;0;0;0;0;0;0;5;7;6;13;10;11;0;100;1;76;0;0;3;57
12.09.2024;10:21;A 94;1;1;36;0;0;0;66;2;60;0;0;5;23;5;25;4;90;0;0;0;0;0;0;0;0;0;0;0;0;0;0;0;0;4;6;6;49;9;11;0;100;2;40;0;18;2;88
12.09.2024;10:20;A 94;1;2;30;1;8;5;77;7;41;0;0;6;79;1;43;0;99;0;0;1;2;1;2;0;0;0;0;0;0;0;0;0;0;6;30;5;11;18;27;0;100;3;32;2;27;0;100
12.09.2024;10:19;A 94;1;1;84;1;84;5;68;6;23;0;0;8;59;6;37;5;86;2;3;0;0;0;0;0;0;0;0;0;0;0;0;0;0;5;12;9;14;13;19;0;100;5;67;4;69;1;96
12.09.2024;10:18;A 94;1;0;75;0;0;2;51;4;12;0;0;9;79;6;44;3;64;0;0;0;0;0;0;0;0;0;0;0;0;0;0;0;0;4;10;4;6;14;17;0;100;2;73;0;70;3;61
12.09.2024;10:17;A 94;1;1;55;1;45;7;17;2;5;0;0;2;69;6;48;3;64;1;2;1;2;1;2;0;0;0;0;0;0;0;0;0;0;5;12;6;11;14;25;0;100;1;50;1;79;2;66
12.09.2024;10:16;A 94;1;1;15;3;55;3;31;4;14;0;56;0;100;1;98;1;95;0;0;0;0;0;0;0;0;0;0;1;2;0;0;0;0;6;18;3;4;7;13;0;100;1;11;3;37;0;6
12.09.2024;10:15;A 94;1;1;78;0;0;3;36;6;31;1;17;5;32;3;26;1;83;0;0;0;0;0;0;1;2;1;2;0;0;0;0;0;0;3;75;9;11;16;9;0;100;1;66;0;0;2;8
12.09.2024;10:14;A 94;1;2;14;1;8;3;92;3;53;0;0;5;59;4;23;2;73;0;0;0;0;0;0;0;0;0;0;0;0;0;0;0;0;1;2;8;18;14;16;0;100;2;60;1;2;2;9
12.09.2024;10:13;A 94;1;2;18;1;5;5;83;4;48;0;0;5;32;3;13;3;66;0;0;0;0;0;0;0;0;0;0;0;0;0;0;0;0;4;16;4;8;12;15;0;100;2;72;1;1;3;13
12.09.2024;10:12;A 94;1;2;13;0;0;5;69;4;63;0;0;3;72;11;71;2;42;0;0;0;0;0;0;0;0;0;0;0;0;0;0;1;1;7;12;7;9;11;13;0;100;2;75;0;0;2;14
12.09.2024;10:11;A 94;1;3;50;1;33;3;79;5;66;1;26;2;16;2;46;1;2;0;0;0;0;0;0;0;0;0;0;0;0;0;0;0;0;8;15;10;13;16;22;0;100;6;56;4;28;0;0
12.09.2024;10:10;A 94;1;1;75;1;82;5;62;4;47;0;0;5;70;6;61;4;49;1;2;0;0;0;0;0;0;1;2;1;2;0;0;0;0;3;7;7;10;11;14;0;100;1;67;1;77;2;58
12.09.2024;10:09;A 94;1;1;78;1;8;8;74;5;45;1;6;5;67;5;27;2;7;0;0;0;0;0;0;0;0;0;0;0;0;0;0;0;0;4;11;7;19;15;21;0;100;3;89;1;8;4;14
12.09.2024;10:08;A 94;1;2;63;2;7;1;43;2;59;0;100;4;38;4;12;4;50;0;0;0;0;0;0;0;0;0;0;0;0;0;0;0;0;5;11;4;63;13;15;0;100;3;75;1;39;0;58
12.09.2024;10:07;A 94;1;1;64;0;52;3;29;1;81;1;3;9;51;7;45;5;79;0;0;0;0;0;0;0;0;0;0;0;0;0;0;0;0;1;2;4;72;16;18;0;100;5;72;2;50;1;87
12.09.2024;10:06;A 94;1;3;23;2;69;0;95;6;52;0;0;5;42;6;24;1;4;0;0;0;0;0;0;0;0;0;0;0;0;0;0;0;0;2;18;5;13;8;9;0;100;2;50;2;67;3;79
12.09.2024;10:05;A 94;1;1;10;1;3;0;100;2;75;0;0;3;17;2;6;2;94;0;0;0;0;0;0;0;0;0;0;0;0;0;0;0;0;3;9;14;15;9;9;0;100;3;4;0;0;3;41
12.09.2024;10:04;A 94;1;2;35;2;36;1;57;4;34;0;0;6;31;3;11;5;78;0;0;0;0;0;0;0;0;0;0;0;0;1;2;2;5;7;28;2;2;14;20;0;100;2;77;2;75;1;79
12.09.2024;10:03;A 94;1;3;56;1;11;6;56;3;42;0;0;5;65;4;29;2;56;1;2;0;0;0;0;0;0;0;0;0;0;0;0;0;0;7;16;5;35;10;16;0;100;2;58;1;50;2;19
12.09.2024;10:02;A 94;1;0;0;0;0;1;93;6;38;0;0;5;69;7;52;5;21;1;2;1;2;1;2;0;0;0;0;0;0;0;0;0;0;0;0;7;65;12;18;0;100;0;0;0;34;1;25
12.09.2024;10:01;A 94;1;1;43;1;41;6;63;2;61;0;0;2;94;4;83;2;89;0;0;0;0;0;0;1;2;1;2;1;2;0;0;0;0;2;19;2;46;17;26;0;100;6;30;8;38;1;99
12.09.2024;10:00;A 94;1;0;100;2;60;9;26;8;16;0;0;6;27;6;23;3;59;0;0;0;0;0;0;0;0;0;0;0;0;0;0;2;2;1;94;7;9;10;11;0;100;1;92;1;78;2;63
12.09.2024;09:59;A 94;1;1;89;1;10;7;35;4;17;0;0;4;18;5;15;4;63;0;0;0;0;0;0;0;0;0;0;0;0;0;0;0;0;3;7;2;3;9;11;0;100;2;87;1;31;0;66
12.09.2024;09:58;A 94;1;1;83;1;56;6;76;5;89;0;0;6;62;5;41;6;87;0;0;0;0;0;0;0;0;0;0;0;0;0;0;0;0;0;76;6;63;16;22;0;100;1;78;1;72;1;100
12.09.2024;09:57;A 94;1;2;51;3;39;3;97;2;94;0;0;2;65;3;62;2;88;0;0;0;0;0;0;0;0;0;0;0;0;0;0;1;2;3;20;5;81;3;5;0;100;2;45;3;52;1;83
12.09.2024;09:56;A 94;1;1;26;1;22;10;58;5;61;0;0;5;81;5;55;1;67;0;0;0;0;0;0;0;0;0;0;0;0;0;0;1;1;6;19;4;4;17;21;0;100;2;19;4;15;2;12
12.09.2024;09:55;A 94;1;1;98;2;41;2;35;5;60;0;0;6;69;8;47;2;85;1;2;0;0;0;0;0;0;0;0;0;0;0;0;0;0;2;93;5;6;17;21;0;100;1;88;1;84;2;10
12.09.2024;09:54;A 94;1;2;26;2;21;5;65;6;59;0;0;6;57;5;34;6;76;0;0;0;0;0;0;0;0;0;0;0;0;0;0;0;0;7;11;5;7;12;19;0;100;2;29;2;14;2;81
12.09.2024;09:53;A 94;1;0;87;2;22;6;78;4;12;0;0;5;44;7;40;5;85;0;0;0;0;0;0;0;0;0;0;0;0;0;0;0;0;5;8;5;22;9;11;0;100;4;80;2;20;1;91
12.09.2024;09:52;A 94;1;1;37;0;43;5;67;4;44;0;0;8;74;6;45;5;70;0;0;0;0;0;0;0;0;0;0;0;0;0;0;0;0;9;31;2;3;15;29;0;100;1;67;2;39;2;28
12.09.2024;09:51;A 94;1;2;51;1;91;4;85;4;80;0;56;1;93;6;73;2;5;0;0;1;2;1;2;0;0;0;0;0;0;0;0;0;0;1;6;4;5;18;26;0;100;5;58;5;80;2;5
12.09.2024;09:50;A 94;1;1;86;2;32;3;28;2;30;1;40;7;38;3;11;3;92;1;2;0;0;0;0;0;0;0;0;0;0;0;0;0;0;10;16;4;8;12;15;0;100;1;93;1;87;0;100
12.09.2024;09:49;A 94;1;2;89;1;76;11;41;5;36;0;0;7;40;6;25;3;51;0;0;0;0;0;0;0;0;0;0;0;0;0;0;0;0;1;83;6;9;7;75;0;100;3;89;1;79;4;30
12.09.2024;09:48;A 94;1;2;65;2;19;1;63;2;60;0;0;8;78;6;51;2;35;0;0;0;0;0;0;0;0;0;0;0;0;0;0;0;0;2;62;3;3;14;20;0;100;3;86;2;26;2;16
12.09.2024;09:47;A 94;1;0;52;0;46;2;87;5;83;1;67;6;84;4;22;3;17;0;0;0;0;0;0;0;0;0;0;0;0;0;0;0;0;3;5;4;6;15;29;0;100;4;94;2;43;2;19
12.09.2024;09:46;A 94;1;2;37;1;70;4;57;3;68;0;0;6;61;8;33;3;51;0;0;0;0;0;0;0;0;0;0;0;0;0;0;0;0;6;34;4;4;16;21;0;100;2;66;2;58;3;39
12.09.2024;09:45;A 94;1;2;62;1;55;4;55;3;58;0;0;5;95;4;85;5;49;0;0;0;0;0;0;0;0;0;0;0;0;0;0;0;0;2;40;6;8;19;23;0;100;4;59;4;42;5;57
12.09.2024;09:44;A 94;1;1;80;1;56;7;37;5;21;1;0;5;49;6;35;6;13;0;0;0;0;0;0;0;0;0;0;0;0;0;0;0;0;12;29;4;6;12;17;0;100;3;65;3;43;1;61
12.09.2024;09:43;A 94;1;1;8;2;11;4;61;3;55;0;0;6;63;4;28;1;49;1;2;0;0;0;0;0;0;0;0;0;0;0;0;0;0;3;5;2;2;11;14;0;100;1;34;2;27;2;60
12.09.2024;09:42;A 94;1;3;49;0;63;5;92;4;63;0;0;4;44;5;45;4;88;0;0;0;0;0;0;0;0;0;0;0;0;0;0;1;1;7;19;0;0;13;18;0;100;6;29;5;53;0;100
12.09.2024;09:41;A 94;1;1;65;2;62;7;27;10;29;0;0;2;55;5;60;0;100;0;0;0;0;0;0;0;0;0;0;1;2;0;0;0;0;6;16;4;8;10;11;0;100;0;7;1;58;2;67
12.09.2024;09:40;A 94;1;1;37;0;2;7;22;6;23;0;0;3;57;5;59;5;86;0;0;0;0;0;0;1;2;1;2;0;0;0;0;0;0;3;5;3;6;13;22;0;100;1;29;1;1;2;81
12.09.2024;09:39;A 94;1;0;100;2;91;6;24;2;5;0;0;5;75;8;57;5;79;0;0;0;0;0;0;0;0;0;0;0;0;0;0;0;0;3;8;5;6;14;26;0;100;0;100;1;97;1;90
12.09.2024;09:38;A 94;1;1;59;3;35;5;84;6;18;0;0;5;75;13;48;4;83;0;0;0;0;0;0;0;0;0;0;0;0;0;0;0;0;8;19;3;5;17;29;0;100;3;89;3;59;0;100
12.09.2024;09:37;A 94;1;2;50;0;58;9;86;4;82;0;0;4;49;3;46;7;71;0;0;0;0;0;0;0;0;0;0;0;0;0;0;0;0;4;15;1;2;13;17;0;100;2;72;4;53;0;100
12.09.2024;09:36;A 94;1;3;22;2;27;1;87;2;85;0;0;5;83;5;75;4;92;0;0;0;0;0;0;0;0;0;0;0;0;0;0;0;0;2;1;1;1;12;14;0;100;4;6;4;30;0;100
12.09.2024;09:35;A 94;1;1;11;1;13;8;76;7;64;0;0;4;57;6;46;0;99;0;0;0;0;0;0;0;0;0;0;0;0;0;0;1;1;1;3;4;4;12;19;0;100;2;6;3;51;1;96
12.09.2024;09:34;A 94;1;2;66;0;100;3;64;5;64;0;0;8;66;8;35;7;81;0;0;0;0;1;2;0;0;0;0;0;0;0;0;0;0;3;63;5;5;20;25;0;100;1;97;1;98;1;88
12.09.2024;09:33;A 94;1;2;59;1;20;13;74;2;54;0;0;5;82;6;60;3;82;1;2;1;2;0;0;0;0;1;2;1;2;0;0;0;0;5;16;8;11;15;25;0;100;4;71;1;73;4;79
12.09.2024;09:32;A 94;1;2;55;2;54;4;86;5;86;0;0;4;77;9;82;5;83;0;0;0;0;0;0;1;2;0;0;0;0;0;0;0;0;3;5;4;10;16;24;0;100;5;50;5;65;3;95
12.09.2024;09:31;A 94;1;1;34;1;21;4;55;4;56;0;42;2;93;8;69;1;80;1;2;0;0;0;0;0;0;0;0;0;0;0;0;0;0;3;10;10;12;15;19;0;100;5;29;2;25;1;90
12.09.2024;09:30;A 94;1;2;66;2;18;2;58;2;40;1;83;7;33;3;48;2;14;0;0;0;0;0;0;0;0;0;0;0;0;0;0;0;0;4;7;1;1;13;17;0;100;5;78;2;71;2;11
12.09.2024;09:29;A 94;1;1;95;1;60;2;48;2;21;0;0;11;53;10;34;6;9;0;0;0;0;0;0;0;0;0;0;0;0;0;0;0;0;6;12;5;5;16;20;0;100;2;84;2;51;6;34
12.09.2024;09:28;A 94;1;0;77;1;58;6;77;2;43;0;0;6;28;3;36;3;39;0;0;0;0;0;0;0;0;0;0;0;0;0;0;0;0;1;71;13;14;13;17;0;100;3;70;2;55;4;43
12.09.2024;09:27;A 94;1;3;71;3;11;2;99;0;98;0;0;9;63;10;38;8;53;0;0;0;0;0;0;0;0;0;0;0;0;0;0;0;0;4;28;4;4;17;18;0;100;2;59;1;1;1;40
12.09.2024;09:26;A 94;1;1;74;2;9;4;87;4;83;0;0;3;57;5;10;1;85;0;0;0;0;0;0;0;0;0;0;0;0;0;0;0;0;2;6;7;19;12;14;0;100;5;56;2;12;2;96
12.09.2024;09:25;A 94;1;1;43;1;14;8;60;7;34;0;0;2;81;3;66;4;88;0;0;0;0;0;0;0;0;0;0;0;0;0;0;1;1;4;22;8;20;15;19;0;100;3;27;2;25;1;88
12.09.2024;09:24;A 94;1;1;80;2;73;5;25;1;27;0;0;3;68;2;63;10;85;0;0;0;0;0;0;0;0;0;0;0;0;0;0;0;0;2;72;3;3;19;27;0;100;1;69;2;65;0;93
12.09.2024;09:23;A 94;1;0;91;2;62;5;50;3;31;1;2;5;87;5;67;8;80;0;0;0;0;0;0;0;0;0;0;0;0;0;0;1;1;3;9;3;4;18;29;0;100;6;82;2;72;1;99
12.09.2024;09:22;A 94;1;0;100;0;54;3;64;4;85;0;0;3;90;8;47;7;84;1;2;1;2;1;2;0;0;0;0;0;0;0;0;0;0;0;54;5;7;18;20;0;100;2;95;3;95;0;100
12.09.2024;09:21;A 94;1;3;58;4;38;2;93;2;99;0;0;3;51;4;19;4;93;1;2;0;0;0;0;0;0;0;0;0;0;0;0;0;0;6;31;5;6;10;12;0;100;5;31;4;22;0;100
12.09.2024;09:20;A 94;1;0;3;0;3;4;55;1;37;0;0;8;72;10;26;3;94;0;0;0;0;0;0;0;0;0;0;0;0;0;0;1;1;3;22;10;11;18;24;0;100;1;3;2;2;0;100
12.09.2024;09:19;A 94;1;3;26;2;16;4;85;5;74;0;0;9;67;6;43;6;81;0;0;0;0;0;0;0;0;0;0;0;0;0;0;0;0;3;11;4;10;19;31;0;100;2;13;2;22;0;100
12.09.2024;09:18;A 94;1;0;87;1;87;2;71;2;73;0;0;4;72;5;65;6;87;0;0;0;0;1;2;0;0;0;0;0;0;0;0;0;0;1;75;2;2;15;24;0;100;3;78;4;78;0;100
12.09.2024;09:17;A 94;1;3;80;1;73;3;96;2;89;0;0;3;76;5;66;3;81;1;2;1;2;0;0;0;0;0;0;0;0;0;0;0;0;3;34;2;3;14;16;0;100;5;66;4;56;1;86
12.09.2024;09:16;A 94;1;2;40;2;23;5;56;4;27;0;0;5;75;5;34;1;94;0;0;0;0;0;0;0;0;1;2;1;2;0;0;0;0;3;8;3;30;15;23;0;100;1;77;1;28;4;23
12.09.2024;09:15;A 94;1;1;8;1;33;11;52;9;48;0;0;6;74;5;37;4;89;0;0;0;0;0;0;1;2;0;0;0;0;0;0;0;0;2;10;6;10;18;23;0;100;1;16;1;24;2;76
12.09.2024;09:14;A 94;1;2;21;1;23;1;63;2;51;0;0;5;64;6;43;2;22;0;0;0;0;0;0;0;0;0;0;0;0;0;0;0;0;6;10;3;4;12;18;0;100;1;25;2;78;4;22
12.09.2024;09:13;A 94;1;2;89;1;77;6;59;2;55;0;0;7;76;7;42;2;5;0;0;0;0;0;0;0;0;0;0;0;0;0;0;0;0;6;11;6;11;18;21;0;100;5;73;2;69;4;8
12.09.2024;09:12;A 94;1;2;32;2;18;1;86;1;81;0;0;9;70;5;44;6;11;0;0;0;0;0;0;0;0;0;0;0;0;0;0;0;0;6;10;7;5;10;16;0;100;2;62;2;7;1;18
12.09.2024;09:11;A 94;1;3;49;0;29;2;86;2;76;0;0;3;85;3;78;1;94;1;2;0;0;0;0;1;2;1;2;1;2;0;0;0;0;6;14;2;2;15;19;0;100;8;49;5;20;2;58
12.09.2024;09:10;A 94;1;2;54;1;45;7;67;5;42;0;0;2;37;1;13;2;93;0;0;0;0;0;0;0;0;0;0;0;0;0;0;1;1;2;4;1;1;8;9;0;100;2;60;1;35;2;9
12.09.2024;09:09;A 94;1;1;66;1;9;6;77;6;79;0;0;8;49;9;28;7;58;0;0;0;0;0;0;0;0;0;0;0;0;0;0;0;0;4;7;1;2;13;15;0;100;1;97;1;37;6;54
12.09.2024;09:08;A 94;1;2;71;1;47;4;23;2;25;0;0;10;51;5;26;4;32;0;0;0;0;0;0;0;0;0;0;0;0;0;0;0;0;6;62;6;8;16;25;0;100;3;74;3;50;3;25
12.09.2024;09:07;A 94;1;1;65;1;40;5;83;6;62;0;0;6;69;6;29;4;28;0;0;0;0;0;0;0;0;0;0;0;0;0;0;0;0;3;61;9;18;14;19;0;100;2;54;2;32;5;24
12.09.2024;09:06;A 94;1;4;71;3;39;3;72;5;69;0;0;7;82;3;57;1;52;0;0;0;0;0;0;0;0;0;0;0;0;0;0;0;0;4;31;4;6;19;26;0;100;4;64;3;74;2;11
12.09.2024;09:05;A 94;1;1;56;2;20;1;86;2;65;0;0;6;88;5;47;3;89;1;2;0;0;0;0;0;0;0;0;0;0;0;0;0;0;2;9;10;13;24;39;0;100;5;38;4;22;1;77
12.09.2024;09:04;A 94;1;0;100;0;100;5;51;2;55;0;0;9;68;10;33;5;47;0;0;0;0;0;0;0;0;0;0;0;0;0;0;0;0;4;7;3;4;12;15;0;100;3;89;5;88;4;30
12.09.2024;09:03;A 94;1;0;100;1;100;3;62;1;73;0;0;2;41;3;40;3;44;0;0;0;0;1;2;0;0;0;0;0;0;0;0;0;0;1;70;5;11;33;45;0;100;2;93;3;82;1;46
12.09.2024;09:02;A 94;1;0;100;1;78;2;69;1;56;0;0;2;86;4;54;7;38;1;2;1;2;0;0;0;0;0;0;0;0;0;0;1;2;6;80;3;2;12;18;0;100;7;81;9;59;3;45
12.09.2024;09:01;A 94;1;0;100;3;72;1;96;3;93;0;0;6;87;4;71;3;93;0;0;0;0;0;0;0;0;0;0;1;2;0;0;0;0;3;90;10;19;17;32;0;100;7;87;8;67;0;100
12.09.2024;09:00;A 94;1;2;90;1;90;5;78;4;77;0;19;0;64;2;50;2;92;0;0;0;0;0;0;1;2;1;2;0;0;0;0;0;0;1;96;4;9;14;21;0;100;2;88;2;82;0;100
12.09.2024;08:59;A 94;1;4;88;1;70;1;81;2;92;1;66;4;72;7;60;7;60;0;0;0;0;0;0;0;0;0;0;0;0;0;0;0;0;3;75;8;7;14;26;0;100;4;58;4;60;5;74
12.09.2024;08:58;A 94;1;0;100;1;95;2;65;5;69;0;0;3;26;3;18;3;34;0;0;0;0;0;0;0;0;0;0;0;0;0;0;0;0;6;12;11;15;16;31;0;100;8;68;13;72;0;34
12.09.2024;08:57;A 94;1;0;100;0;100;1;78;3;58;0;0;3;98;7;73;5;55;0;0;0;0;0;0;0;0;0;0;0;0;0;0;0;0;4;7;2;18;22;48;0;100;3;91;2;97;5;48
12.09.2024;08:56;A 94;1;3;77;3;89;2;87;3;83;0;0;2;96;2;87;1;94;0;0;0;0;0;0;0;0;0;0;0;0;0;0;0;0;6;9;2;2;16;22;0;100;10;69;9;64;2;66
12.09.2024;08:55;A 94;1;1;69;4;91;8;49;3;27;0;0;3;51;2;46;5;87;0;0;0;0;0;0;0;0;0;0;0;0;0;0;0;0;4;7;10;14;13;15;0;100;2;60;2;83;1;95
12.09.2024;08:54;A 94;1;1;65;2;10;3;49;7;49;0;0;6;65;7;54;8;41;1;2;0;0;0;0;0;0;0;0;0;0;0;0;0;0;3;5;6;11;11;15;0;100;2;56;1;21;2;67
12.09.2024;08:53;A 94;1;1;85;0;78;5;32;3;35;0;0;8;51;8;48;8;42;0;0;0;0;0;0;0;0;0;0;0;0;1;1;0;0;5;8;6;9;20;26;0;100;5;76;3;72;0;48
12.09.2024;08:52;A 94;1;4;51;2;44;6;40;4;40;0;0;7;61;7;38;7;39;0;0;0;0;0;0;0;0;0;0;0;0;1;1;0;0;9;15;9;13;13;16;0;100;3;70;1;69;3;50
12.09.2024;08:51;A 94;1;1;7;1;41;2;70;8;68;0;0;5;85;6;63;1;93;0;0;0;0;1;2;0;0;0;0;0;0;0;0;0;0;4;33;5;4;12;23;0;100;1;38;1;34;2;86
12.09.2024;08:50;A 94;1;0;0;0;0;8;74;9;77;0;0;8;76;7;57;2;5;0;0;1;2;0;0;0;0;0;0;0;0;0;0;0;0;0;0;6;14;14;22;0;100;0;0;0;0;1;4
12.09.2024;08:49;A 94;1;1;6;0;0;4;97;5;88;0;0;3;95;9;74;7;73;0;0;0;0;0;0;0;0;0;0;1;2;0;0;0;0;3;9;10;12;19;39;0;100;1;80;0;0;1;75
12.09.2024;08:48;A 94;1;0;97;3;43;4;88;4;86;0;0;7;58;6;50;11;78;0;0;0;0;0;0;1;2;1;2;0;0;0;0;1;1;1;82;3;4;14;17;0;100;4;88;3;76;0;67
12.09.2024;08:47;A 94;1;1;94;1;60;4;96;5;87;0;0;5;70;9;54;8;70;0;0;0;0;0;0;0;0;0;0;0;0;0;0;0;0;3;39;8;9;15;21;0;100;4;83;3;78;2;89
12.09.2024;08:46;A 94;1;2;44;1;42;9;43;7;18;0;40;2;84;5;81;4;78;0;0;0;0;0;0;0;0;0;0;0;0;0;0;0;0;1;2;13;15;9;15;0;100;1;66;1;33;2;89
12.09.2024;08:45;A 94;1;1;12;0;0;3;80;4;68;1;26;4;81;3;71;4;79;0;0;0;0;0;0;0;0;0;0;0;0;0;0;0;0;1;2;9;14;13;16;0;100;2;34;0;0;5;27
12.09.2024;08:44;A 94;1;0;100;1;4;2;21;4;29;0;0;9;59;13;49;8;63;0;0;0;0;0;0;0;0;0;0;0;0;0;0;1;1;5;9;3;5;16;19;0;100;1;98;1;1;2;79
12.09.2024;08:43;A 94;1;1;98;3;52;2;61;2;66;0;0;6;90;9;58;13;75;0;0;0;0;0;0;0;0;0;0;0;0;0;0;1;4;7;17;5;6;16;23;0;100;3;85;3;48;0;100
12.09.2024;08:42;A 94;1;0;0;0;0;1;90;2;91;0;0;1;97;4;90;8;80;1;2;0;0;0;0;0;0;0;0;0;0;0;0;0;0;2;6;14;36;18;34;0;100;0;0;0;0;0;100
12.09.2024;08:41;A 94;1;0;0;0;25;0;100;0;100;0;0;0;100;1;85;3;94;0;0;0;0;0;0;0;0;0;0;1;2;0;0;0;0;0;0;5;9;10;21;0;100;0;0;1;24;0;100
12.09.2024;08:40;A 94;1;0;0;1;73;6;82;8;67;0;18;1;99;7;90;4;93;0;0;0;0;0;0;1;2;1;2;0;0;0;0;0;0;0;0;2;26;11;25;0;100;1;1;1;65;0;100
12.09.2024;08:39;A 94;1;2;71;1;55;5;71;6;70;1;87;7;71;7;51;10;68;0;0;0;0;0;0;0;0;0;0;0;0;1;1;0;0;4;6;11;58;20;28;0;100;2;85;1;83;2;98
12.09.2024;08:38;A 94;1;0;92;1;82;5;17;3;85;0;0;6;39;4;17;13;79;0;0;0;0;0;0;0;0;0;0;0;0;0;0;0;0;5;7;8;14;14;16;0;100;7;79;4;75;3;99
12.09.2024;08:37;A 94;1;0;100;2;85;5;20;9;27;0;0;7;60;10;46;9;85;0;0;0;0;0;0;0;0;0;0;0;0;0;0;0;0;5;9;11;21;20;34;0;100;4;91;2;87;0;100
12.09.2024;08:36;A 94;1;2;85;3;81;4;60;2;33;0;0;3;90;4;74;1;3;0;0;0;0;0;0;0;0;0;0;0;0;0;0;0;0;3;18;5;6;17;25;0;100;5;84;5;70;0;100
12.09.2024;08:35;A 94;1;0;100;1;25;2;65;5;69;1;32;0;88;1;72;7;13;0;0;0;0;1;2;0;0;0;0;0;0;0;0;0;0;1;86;8;39;20;27;0;100;5;90;6;22;2;98
12.09.2024;08:34;A 94;1;1;67;2;35;7;87;7;44;0;100;7;58;8;21;4;69;2;3;1;2;0;0;0;0;0;0;0;0;0;0;0;0;3;44;6;56;17;24;0;100;1;96;2;29;0;100
12.09.2024;08:33;A 94;1;1;30;1;6;1;94;3;89;1;16;0;100;9;62;8;81;0;0;0;0;0;0;0;0;0;0;0;0;0;0;0;0;8;30;5;11;23;37;0;100;3;93;1;1;1;99
12.09.2024;08:32;A 94;1;2;91;3;32;1;91;2;89;0;0;3;85;3;35;10;79;0;0;0;0;0;0;0;0;0;0;1;2;1;39;1;1;4;7;6;10;17;24;0;100;12;68;6;51;2;98
12.09.2024;08:31;A 94;1;3;88;1;31;4;82;7;86;0;0;7;50;8;45;5;86;0;0;0;0;0;0;1;2;1;2;0;0;0;0;0;0;7;22;8;18;16;24;0;100;4;77;4;84;0;100
12.09.2024;08:30;A 94;1;1;22;1;16;0;100;2;97;0;0;1;71;4;85;3;94;0;0;0;0;0;0;0;0;0;0;0;0;0;0;0;0;2;10;4;13;13;18;0;100;5;10;4;7;0;100
12.09.2024;08:29;A 94;1;1;75;1;67;3;62;3;78;0;0;6;89;5;70;8;80;0;0;0;0;0;0;0;0;0;0;0;0;0;0;1;1;1;67;0;22;19;33;0;100;2;65;3;58;1;100
12.09.2024;08:28;A 94;1;0;88;0;75;8;26;3;56;0;0;7;61;7;42;9;85;0;0;0;0;0;0;0;0;0;0;0;0;0;0;2;4;1;1;1;60;17;31;0;100;5;81;2;72;0;100
12.09.2024;08:27;A 94;1;0;100;5;63;4;74;6;79;0;0;3;95;9;80;7;86;1;2;0;0;0;0;0;0;0;0;0;0;0;0;0;0;9;18;8;13;21;36;0;100;2;94;5;72;0;100
12.09.2024;08:26;A 94;1;1;49;1;6;0;93;1;81;0;0;1;97;3;93;5;89;0;0;0;0;0;0;0;0;0;0;0;0;0;0;0;0;5;12;5;4;10;11;0;100;4;37;0;19;2;90
12.09.2024;08:25;A 94;1;2;74;1;6;6;65;6;58;0;0;6;76;11;58;5;87;0;0;0;0;0;0;0;0;0;0;0;0;0;0;1;1;2;5;9;15;19;26;0;100;1;85;1;11;0;100
12.09.2024;08:24;A 94;1;2;38;1;7;3;72;4;77;1;7;3;99;5;59;5;19;0;0;1;2;1;2;0;0;0;0;0;0;0;0;0;0;1;2;6;8;24;37;0;100;2;73;1;47;5;25
12.09.2024;08:23;A 94;1;0;92;0;89;3;61;1;20;0;100;6;77;8;49;7;40;0;0;0;0;0;0;0;0;0;0;0;0;0;0;0;0;5;80;7;8;16;25;0;100;6;83;5;80;3;49
12.09.2024;08:22;A 94;1;1;71;2;67;5;81;4;47;1;33;7;53;6;22;7;50;0;0;0;0;0;0;0;0;0;0;0;0;0;0;0;0;2;58;7;7;16;20;0;100;3;61;5;59;3;29
12.09.2024;08:21;A 94;1;0;100;2;28;3;76;4;74;0;0;1;88;4;73;2;74;0;0;0;0;1;2;0;0;0;0;0;0;0;0;0;0;2;92;1;4;18;28;0;100;1;96;2;82;3;76
12.09.2024;08:20;A 94;1;1;56;2;55;5;79;4;88;0;0;4;82;9;69;5;89;1;2;1;2;0;0;0;0;0;0;0;0;0;0;0;0;5;63;9;34;16;26;0;100;1;47;1;75;1;99
12.09.2024;08:19;A 94;1;1;7;1;6;2;93;1;100;0;0;1;99;5;91;7;85;0;0;0;0;0;0;0;0;0;0;0;0;0;0;0;0;3;5;6;62;13;28;0;100;1;17;1;18;0;100
12.09.2024;08:18;A 94;1;0;70;0;0;4;94;2;73;0;0;3;95;3;95;6;81;1;2;0;0;0;0;0;0;0;0;1;2;0;0;1;1;3;7;5;74;18;26;0;100;1;72;0;0;0;100
12.09.2024;08:17;A 94;1;2;80;0;46;1;95;5;75;0;0;0;100;4;93;6;68;0;0;0;0;0;0;0;0;0;0;0;0;0;0;0;0;8;16;1;2;19;36;0;100;5;63;1;48;2;47
12.09.2024;08:16;A 94;1;1;69;1;46;6;40;4;88;0;0;4;93;1;86;5;88;0;0;0;0;0;0;1;2;1;2;0;0;0;0;1;1;8;16;13;17;11;14;0;100;6;31;5;35;4;93
12.09.2024;08:15;A 94;1;1;65;1;17;0;75;4;99;0;32;5;69;1;3;3;92;0;0;0;0;0;0;0;0;0;0;0;0;1;3;0;0;5;11;4;6;16;18;0;100;2;4;1;8;0;100
12.09.2024;08:14;A 94;1;1;77;2;42;6;58;7;72;1;97;8;58;8;40;10;76;0;0;0;0;0;0;0;0;0;0;0;0;0;0;0;0;9;16;10;19;13;19;0;100;2;68;2;42;2;99
12.09.2024;08:13;A 94;1;2;25;1;53;3;89;2;82;0;0;4;92;12;49;10;78;0;0;0;0;0;0;0;0;0;0;0;0;0;0;1;1;12;39;11;30;23;28;0;100;2;20;3;45;1;99
12.09.2024;08:12;A 94;1;1;53;0;55;2;91;0;100;0;0;4;83;3;26;8;86;0;0;0;0;0;0;0;0;0;0;0;0;0;0;0;0;3;7;6;17;15;22;0;100;4;50;4;47;3;80
12.09.2024;08:11;A 94;1;3;36;1;25;2;65;2;71;0;0;3;89;5;74;3;86;0;0;0;0;0;0;0;0;0;0;0;0;0;0;1;2;2;3;5;6;17;21;0;100;4;30;2;20;1;98
12.09.2024;08:10;A 94;1;2;63;2;30;3;82;7;34;0;0;6;72;3;37;5;89;0;0;0;0;0;0;1;2;1;2;1;2;0;0;0;0;6;9;8;12;19;23;0;100;6;47;2;31;0;100
12.09.2024;08:09;A 94;1;0;100;0;100;3;34;3;33;0;0;10;43;7;31;12;77;1;2;0;0;0;0;0;0;0;0;0;0;0;0;0;0;5;13;5;7;14;16;0;100;1;98;1;99;0;100
12.09.2024;08:08;A 94;1;3;29;1;22;0;100;4;99;0;0;4;63;10;64;8;84;0;0;0;0;0;0;0;0;0;0;0;0;0;0;1;2;6;16;13;35;18;29;0;100;2;18;1;15;0;100
12.09.2024;08:07;A 94;1;2;41;1;27;1;88;0;100;0;0;3;92;2;78;9;83;0;0;0;0;0;0;0;0;0;0;0;0;0;0;0;0;3;5;9;14;18;25;0;100;4;51;2;48;0;100
12.09.2024;08:06;A 94;1;6;29;4;18;2;98;1;99;0;0;1;92;2;80;5;88;0;0;0;0;0;0;0;0;0;0;0;0;0;0;1;1;7;10;8;32;15;31;0;100;7;58;4;41;0;100
12.09.2024;08:05;A 94;1;1;5;2;16;4;91;2;97;0;0;3;95;2;85;3;93;0;0;0;0;1;2;0;0;0;0;0;0;1;2;0;0;4;5;6;13;12;32;0;100;2;65;3;52;0;100
12.09.2024;08:04;A 94;1;1;71;2;82;3;91;5;65;0;0;0;100;6;81;13;30;1;2;1;2;0;0;0;0;0;0;1;2;0;0;0;0;1;67;9;46;19;31;0;100;1;65;1;81;0;100
12.09.2024;08:03;A 94;1;0;82;0;85;4;85;2;84;0;0;4;95;3;82;7;42;0;0;0;0;0;0;0;0;1;2;0;0;0;0;1;1;3;75;3;3;20;28;0;100;3;77;5;77;3;97
12.09.2024;08:02;A 94;1;2;88;2;52;4;37;3;8;1;0;3;96;4;84;8;77;0;0;0;0;0;0;1;2;0;0;0;0;0;0;0;0;12;43;6;14;18;30;0;100;6;47;6;54;1;98
12.09.2024;08:01;A 94;1;0;34;1;34;4;78;5;67;0;0;1;99;7;63;6;83;0;0;0;0;0;0;0;0;0;0;0;0;0;0;0;0;2;5;7;63;15;22;0;100;4;28;3;52;1;100
12.09.2024;08:00;A 94;1;2;50;2;22;6;85;7;55;0;0;5;82;5;66;6;90;0;0;0;0;0;0;0;0;0;0;0;0;0;0;0;0;5;10;7;30;17;28;0;100;1;46;1;30;0;100
12.09.2024;07:59;A 94;1;2;56;1;6;4;66;7;64;0;0;5;81;8;81;10;82;0;0;0;0;0;0;0;0;0;0;0;0;0;0;0;0;1;2;10;14;20;30;0;100;2;53;1;42;0;100
12.09.2024;07:58;A 94;1;0;85;0;85;2;73;2;51;0;0;9;86;7;67;9;73;0;0;0;0;0;0;0;0;0;0;0;0;0;0;0;0;3;80;9;33;18;37;0;100;4;77;4;78;1;99
12.09.2024;07:57;A 94;1;0;100;1;94;3;81;3;70;0;0;2;99;3;91;5;86;0;0;0;0;0;0;0;0;0;0;0;0;0;0;0;0;4;40;11;13;20;39;0;100;3;95;3;87;0;100
12.09.2024;07:56;A 94;1;0;100;1;80;5;88;1;65;0;0;1;95;4;84;5;82;1;2;0;0;0;0;0;0;0;0;0;0;0;0;0;0;5;33;3;5;15;30;0;100;7;88;10;86;1;97
12.09.2024;07:55;A 94;1;0;100;1;98;10;56;9;34;0;0;8;85;7;71;7;89;0;0;0;0;0;0;0;0;0;0;0;0;0;0;0;0;3;93;5;27;24;38;0;100;3;93;1;93;0;100
12.09.2024;07:54;A 94;1;1;75;2;35;6;85;2;40;0;0;3;94;3;87;7;80;0;0;0;0;0;0;0;0;0;0;0;0;0;0;0;0;7;34;8;45;22;44;0;100;3;63;3;48;0;100
12.09.2024;07:53;A 94;1;0;100;0;85;5;45;7;27;0;0;5;91;7;71;7;86;0;0;0;0;0;0;0;0;0;0;0;0;0;0;0;0;5;26;4;6;17;27;0;100;4;87;5;79;0;100
12.09.2024;07:52;A 94;1;0;100;1;99;4;84;3;81;0;0;3;98;6;72;10;80;0;0;1;2;1;1;0;0;0;0;0;0;0;0;0;0;6;11;11;39;20;38;0;100;2;95;4;93;0;100
12.09.2024;07:51;A 94;1;3;64;3;37;1;96;3;99;0;0;1;93;5;82;5;90;0;0;0;0;0;0;0;0;0;0;0;0;0;0;0;0;7;15;8;19;16;24;0;100;7;46;5;36;0;100
12.09.2024;07:50;A 94;1;1;71;2;60;3;98;2;97;0;0;0;97;2;94;3;93;0;0;0;0;0;0;0;0;0;0;0;0;0;0;1;2;4;7;2;2;21;34;0;100;6;56;4;45;0;100
12.09.2024;07:49;A 94;1;1;80;2;74;2;95;7;75;0;0;4;92;5;89;7;79;0;0;0;0;0;0;0;0;0;0;0;0;0;0;1;1;10;27;4;13;23;35;0;100;1;70;2;64;0;100
12.09.2024;07:48;A 94;1;1;74;4;35;5;74;4;65;0;0;1;98;6;85;7;84;0;0;0;0;0;0;0;0;0;0;1;2;0;0;1;1;10;19;7;10;19;35;0;100;6;55;6;24;1;100
12.09.2024;07:47;A 94;1;1;58;1;50;1;97;1;98;0;0;1;100;1;95;6;81;0;0;0;0;0;0;0;0;0;0;0;0;0;0;0;0;6;10;6;7;19;33;0;100;4;50;4;52;0;100
12.09.2024;07:46;A 94;1;4;24;3;20;1;96;3;92;0;0;0;100;0;100;3;89;0;0;0;0;0;0;1;2;1;2;0;0;1;7;1;1;7;16;11;18;14;30;0;100;4;23;3;36;2;95
12.09.2024;07:45;A 94;1;0;28;0;20;4;86;5;53;0;0;0;100;1;99;4;92;0;0;0;0;0;0;0;0;0;0;0;0;1;2;1;1;5;9;6;11;19;63;0;100;10;84;6;10;0;100
12.09.2024;07:44;A 94;1;0;100;0;100;2;58;2;54;0;0;1;99;2;93;7;85;0;0;0;0;0;0;0;0;0;0;0;0;0;0;1;1;11;34;3;16;14;38;0;100;1;97;1;97;0;100
12.09.2024;07:43;A 94;1;0;100;0;100;2;69;2;58;1;1;1;99;4;66;10;80;0;0;0;0;0;0;0;0;0;0;0;0;0;0;0;0;0;83;7;6;19;63;0;100;2;92;5;93;2;99
12.09.2024;07:42;A 94;1;0;100;3;74;4;82;2;88;0;0;3;98;4;94;8;73;0;0;0;0;0;0;0;0;0;0;0;0;0;0;1;5;5;60;11;36;24;38;0;100;3;94;3;63;4;81
12.09.2024;07:41;A 94;1;1;72;3;18;0;80;0;81;0;0;0;100;1;99;3;76;0;0;0;0;0;0;0;0;1;2;1;2;0;0;0;0;6;15;4;10;18;29;0;100;6;54;3;22;1;88
12.09.2024;07:40;A 94;1;1;53;0;31;1;99;4;90;0;0;0;100;2;98;3;91;0;0;0;0;0;0;0;0;0;0;0;0;0;0;1;1;5;10;3;5;16;25;0;100;3;72;3;94;0;100
12.09.2024;07:39;A 94;1;3;90;2;93;3;98;9;76;1;0;2;98;5;83;7;76;0;0;0;0;0;0;0;0;0;0;0;0;1;1;0;0;7;11;3;9;23;48;0;100;4;87;3;78;0;100
12.09.2024;07:38;A 94;1;3;95;2;84;4;29;5;24;0;0;3;92;4;72;10;84;0;0;0;0;0;0;0;0;0;0;0;0;0;0;1;1;3;5;4;4;14;28;0;100;6;82;4;78;1;100
12.09.2024;07:37;A 94;1;1;82;1;69;2;92;2;66;0;0;2;83;4;83;9;75;0;0;0;0;0;0;0;0;0;0;0;0;0;0;0;0;6;47;12;23;22;45;0;100;10;58;8;67;3;93
12.09.2024;07:36;A 94;1;2;62;1;61;3;82;5;75;0;0;3;93;0;100;1;80;0;0;0;0;0;0;0;0;0;0;0;0;0;0;1;1;5;37;11;27;24;30;0;100;6;50;7;44;2;90
12.09.2024;07:35;A 94;1;0;100;1;94;5;48;2;49;0;0;5;79;4;61;3;76;0;0;0;0;1;2;0;0;0;0;0;0;0;0;0;0;3;9;10;8;26;32;0;100;2;90;2;95;2;65
12.09.2024;07:34;A 94;1;0;100;4;92;3;59;4;53;0;0;5;94;4;84;9;73;1;2;1;2;0;0;0;0;0;0;0;0;0;0;0;0;5;10;6;9;25;47;0;100;2;97;3;97;1;85
12.09.2024;07:33;A 94;1;0;100;1;88;1;90;3;78;0;0;2;97;4;91;8;47;0;0;0;0;0;0;0;0;0;0;1;2;0;0;0;0;9;19;5;12;19;42;0;100;3;96;4;74;0;100
12.09.2024;07:32;A 94;1;2;70;2;12;1;95;1;97;0;0;5;84;5;69;4;23;1;2;0;0;0;0;1;2;1;2;0;0;0;0;0;0;0;0;4;3;13;24;0;100;2;60;1;13;0;100
12.09.2024;07:31;A 94;1;2;78;1;41;5;26;6;28;0;0;3;90;3;78;6;82;0;0;0;0;0;0;0;0;0;0;0;0;1;1;0;0;11;22;12;23;14;24;0;100;9;69;6;31;1;95
12.09.2024;07:30;A 94;1;0;100;1;45;4;52;6;52;0;0;3;80;6;58;5;95;0;0;0;0;0;0;0;0;0;0;0;0;0;0;0;0;8;12;6;10;24;29;0;100;2;96;2;39;0;100
12.09.2024;07:29;A 94;1;2;85;2;59;5;74;2;95;0;0;2;98;5;75;8;40;0;0;0;0;0;0;0;0;0;0;0;0;0;0;0;0;4;6;7;11;18;32;0;100;2;76;2;71;3;59
12.09.2024;07:28;A 94;1;1;93;0;84;1;75;1;75;0;0;4;93;9;56;10;39;0;0;0;0;0;0;0;0;0;0;0;0;0;0;1;1;4;6;5;31;18;50;0;100;6;78;5;74;1;57
12.09.2024;07:27;A 94;1;1;77;1;57;1;92;1;89;0;0;0;100;2;79;11;43;0;0;0;0;0;0;0;0;0;0;0;0;0;0;0;0;6;10;4;8;19;30;0;100;4;66;3;51;3;57
12.09.2024;07:26;A 94;1;0;100;2;65;2;91;2;93;0;0;3;94;5;84;4;86;0;0;0;0;0;0;0;0;0;0;0;0;0;0;0;0;13;25;5;80;21;33;0;100;9;75;5;72;3;93
12.09.2024;07:25;A 94;1;1;64;2;54;5;63;10;69;0;0;6;67;3;37;6;94;0;0;0;0;0;0;0;0;0;0;0;0;0;0;0;0;2;6;10;33;21;28;0;100;1;55;1;56;0;100
12.09.2024;07:24;A 94;1;1;57;1;23;4;81;7;71;0;0;3;86;6;77;5;78;0;0;0;0;0;0;0;0;0;0;0;0;0;0;0;0;5;9;4;5;22;42;0;100;4;43;1;17;2;75
12.09.2024;07:23;A 94;1;0;97;0;93;2;40;2;14;0;0;6;94;6;81;12;71;1;2;0;0;0;0;1;2;1;2;1;2;0;0;0;0;6;8;1;2;22;32;0;100;7;83;6;83;0;100
12.09.2024;07:22;A 94;1;2;82;0;100;5;54;6;55;0;0;0;100;5;73;6;86;0;0;0;0;0;0;0;0;0;0;0;0;0;0;0;0;5;13;8;16;25;40;0;100;3;65;3;94;0;100
12.09.2024;07:21;A 94;1;1;87;2;51;0;98;2;93;0;0;2;86;1;87;5;89;0;0;0;0;0;0;0;0;0;0;1;2;0;0;2;11;8;14;10;15;24;32;0;100;11;62;5;40;1;87
12.09.2024;07:20;A 94;1;1;63;1;30;1;95;4;75;0;0;4;91;5;82;2;90;0;0;0;0;0;0;1;2;1;2;0;0;0;0;0;0;8;14;4;13;25;35;0;100;11;75;5;18;0;100
12.09.2024;07:19;A 94;1;2;63;1;57;1;61;1;56;0;0;11;57;9;35;9;77;0;0;0;0;0;0;0;0;0;0;0;0;0;0;0;0;5;7;7;38;18;23;0;100;1;98;1;97;1;100
12.09.2024;07:18;A 94;1;1;79;3;19;5;88;6;71;0;0;6;85;5;87;8;92;0;0;0;0;0;0;0;0;0;0;0;0;0;0;1;1;3;4;4;7;20;24;0;100;4;90;3;71;0;100
12.09.2024;07:17;A 94;1;3;31;1;9;2;48;2;1;0;0;4;92;3;80;10;76;0;0;0;0;0;0;0;0;0;0;0;0;0;0;1;5;6;9;6;8;16;30;0;100;3;25;1;6;2;84
12.09.2024;07:16;A 94;1;1;52;3;37;4;78;3;32;0;0;2;80;4;74;1;85;1;2;1;2;1;2;0;0;0;0;0;0;0;0;0;0;6;10;2;4;20;28;0;100;10;38;5;27;3;87
12.09.2024;07:15;A 94;1;1;81;2;45;3;51;5;46;0;0;7;69;6;61;5;82;0;0;0;0;0;0;0;0;0;0;1;2;0;0;1;2;12;20;4;9;19;24;0;100;2;71;1;56;2;84
12.09.2024;07:14;A 94;1;2;96;2;79;1;97;3;76;0;0;2;94;6;82;11;80;0;0;0;0;0;0;1;2;1;2;0;0;0;0;0;0;2;4;3;5;25;38;0;100;2;84;2;71;2;94
12.09.2024;07:13;A 94;1;0;93;2;72;3;90;3;70;0;0;3;99;5;58;5;83;0;0;0;0;0;0;0;0;0;0;0;0;0;0;0;0;6;10;7;11;23;34;0;100;7;81;3;73;0;100
12.09.2024;07:12;A 94;1;2;91;4;44;2;78;3;85;0;0;4;85;5;62;6;81;0;0;0;0;0;0;0;0;1;2;1;2;0;0;0;0;10;19;4;6;18;27;0;100;5;76;7;45;2;62
12.09.2024;07:11;A 94;1;1;63;0;0;0;81;1;91;0;0;3;88;4;60;3;90;1;2;0;0;0;0;0;0;0;0;0;0;0;0;0;0;3;6;1;7;13;14;0;100;4;53;0;0;1;97
12.09.2024;07:10;A 94;1;2;87;1;28;11;72;5;37;0;0;3;65;0;49;3;88;0;0;0;0;0;0;0;0;0;0;0;0;0;0;1;1;8;29;2;3;13;23;0;100;7;71;8;14;0;100
12.09.2024;07:09;A 94;1;1;71;1;75;9;79;6;17;0;0;7;49;9;33;8;35;0;0;0;0;0;0;0;0;0;0;1;2;0;0;1;1;2;5;3;2;15;22;0;100;1;59;1;67;5;40
12.09.2024;07:08;A 94;1;0;0;1;63;5;15;2;11;0;0;6;51;7;40;8;39;0;0;0;0;0;0;1;2;1;2;0;0;0;0;0;0;3;5;6;13;14;19;0;100;0;0;1;66;0;49
12.09.2024;07:07;A 94;1;0;60;1;61;1;92;4;64;0;0;4;78;4;36;11;45;0;0;0;0;0;0;0;0;0;0;0;0;0;0;0;0;5;9;7;18;16;18;0;100;4;52;5;62;2;72
12.09.2024;07:06;A 94;1;2;89;4;33;1;81;2;64;0;0;2;92;3;48;1;93;0;0;0;0;0;0;0;0;0;0;0;0;0;0;0;0;9;20;6;11;18;22;0;100;5;76;4;25;1;90
12.09.2024;07:05;A 94;1;3;24;1;2;1;85;1;65;0;0;2;68;4;15;3;63;0;0;0;0;0;0;0;0;0;0;0;0;0;0;0;0;8;21;3;5;7;8;0;100;2;15;0;0;6;28
12.09.2024;07:04;A 94;1;0;0;1;67;5;55;2;31;0;0;7;65;8;32;8;69;0;0;0;0;0;0;0;0;0;0;0;0;1;3;0;0;6;14;8;8;20;24;0;100;0;95;1;63;1;47
12.09.2024;07:03;A 94;1;3;21;3;17;6;24;4;12;0;0;3;88;8;79;8;83;0;0;0;0;1;2;0;0;0;0;0;0;0;0;0;0;6;9;2;4;19;27;0;100;4;4;2;8;0;65
12.09.2024;07:02;A 94;1;0;62;0;53;0;97;3;13;0;0;4;56;5;34;11;24;1;2;1;2;0;0;0;0;0;0;0;0;0;0;0;0;0;48;1;88;14;17;0;100;4;10;3;49;0;100
12.09.2024;07:01;A 94;1;2;65;3;52;5;41;4;36;0;0;5;83;3;73;4;89;0;0;0;0;0;0;0;0;0;0;0;0;0;0;0;0;5;41;4;5;12;13;0;100;2;23;3;56;1;91
12.09.2024;07:00;A 94;1;3;47;1;17;1;68;2;64;0;0;6;82;6;61;5;93;1;2;0;0;1;2;0;0;0;0;0;0;0;0;1;1;3;9;0;36;16;24;0;100;4;30;5;27;0;100
12.09.2024;06:59;A 94;1;1;46;1;39;1;70;2;61;0;0;2;95;7;65;10;48;0;0;1;2;0;0;0;0;0;0;0;0;0;0;0;0;4;12;2;34;17;24;0;100;2;33;2;29;0;100
12.09.2024;06:58;A 94;1;2;69;1;65;2;54;2;53;0;0;2;83;4;90;13;44;0;0;0;0;0;0;0;0;0;0;1;2;0;0;0;0;8;12;8;14;14;24;0;100;5;67;4;47;0;100
12.09.2024;06:57;A 94;1;1;68;2;47;0;100;1;93;0;0;5;86;4;68;10;81;0;0;0;0;0;0;1;2;1;2;0;0;0;0;2;2;4;6;1;1;16;28;0;100;7;55;3;49;0;100
12.09.2024;06:56;A 94;1;1;51;1;39;5;67;1;56;0;0;2;97;5;85;3;91;0;0;0;0;0;0;0;0;0;0;0;0;0;0;0;0;9;14;5;7;19;22;0;100;5;39;4;40;0;100
12.09.2024;06:55;A 94;1;1;44;1;8;5;84;6;53;0;0;3;78;2;62;5;92;0;0;0;0;0;0;0;0;0;0;0;0;0;0;0;0;4;6;0;41;21;27;0;100;7;25;1;1;0;100
12.09.2024;06:54;A 94;1;0;100;2;18;6;85;6;39;0;0;7;72;7;53;9;89;0;0;0;0;0;0;0;0;0;0;0;0;0;0;0;0;1;94;5;35;19;29;0;100;2;94;2;78;0;100
12.09.2024;06:53;A 94;1;2;88;2;32;2;31;6;25;0;0;8;68;7;33;11;75;1;2;0;0;0;0;0;0;0;0;0;0;0;0;0;0;4;6;6;6;16;24;0;100;7;58;4;14;1;99
12.09.2024;06:52;A 94;1;1;51;2;24;4;44;3;31;0;0;6;92;5;79;5;88;0;1;1;2;1;2;0;0;0;0;0;0;0;0;0;0;4;6;2;2;22;46;0;100;5;54;3;14;0;100
12.09.2024;06:51;A 94;1;2;38;2;33;0;98;3;96;0;0;1;87;2;89;4;89;1;0;0;0;0;0;0;0;0;0;0;0;0;0;0;0;3;3;3;1;11;13;0;100;4;62;4;24;1;98
12.09.2024;06:50;A 94;1;1;78;1;74;1;36;0;21;0;0;5;93;4;69;6;86;0;0;0;0;0;0;0;0;0;0;0;0;0;0;2;2;8;18;4;6;23;30;0;100;2;26;3;63;0;100
12.09.2024;06:49;A 94;1;1;76;2;77;4;62;4;63;0;0;8;79;4;53;11;72;0;0;0;0;0;0;0;0;0;0;0;0;0;0;0;0;3;69;2;3;17;23;0;100;2;64;2;76;1;99
12.09.2024;06:48;A 94;1;2;71;1;11;6;83;5;69;0;0;8;57;8;56;9;83;0;0;0;0;0;0;0;0;0;0;0;0;0;0;0;0;2;59;4;50;14;19;0;100;1;73;1;13;0;100
12.09.2024;06:47;A 94;1;1;61;0;46;6;53;3;18;0;0;5;56;5;34;10;83;0;0;0;0;0;0;0;0;0;0;0;0;0;0;0;0;1;2;8;11;11;12;0;100;3;69;1;46;0;100
12.09.2024;06:46;A 94;1;2;53;3;25;9;38;7;28;0;0;9;71;7;62;4;95;0;0;0;0;0;0;1;2;1;2;1;2;0;0;0;0;11;16;6;6;18;25;0;100;3;43;2;56;0;100
12.09.2024;06:45;A 94;1;2;24;1;13;6;49;0;36;0;0;7;47;5;27;5;87;0;0;0;0;0;0;0;0;0;0;0;0;0;0;0;0;3;4;3;6;16;19;0;100;1;23;1;1;0;100
12.09.2024;06:44;A 94;1;1;97;1;13;1;60;3;34;0;0;7;33;6;14;9;62;0;0;0;0;0;0;0;0;0;0;0;0;0;0;0;0;10;16;3;3;8;9;0;100;4;91;1;85;9;89
12.09.2024;06:43;A 94;1;2;15;3;22;6;67;3;61;0;0;7;55;7;43;10;43;0;0;0;0;0;0;0;0;0;0;0;0;0;0;0;0;4;11;12;13;20;27;0;100;2;76;2;43;4;56
12.09.2024;06:42;A 94;1;3;75;2;32;6;85;1;94;1;67;11;46;5;30;11;54;0;0;0;0;0;0;0;0;0;0;0;0;0;0;0;0;13;28;0;0;14;16;0;100;6;73;2;48;8;65
12.09.2024;06:41;A 94;1;3;92;4;14;0;81;0;86;0;0;1;80;2;64;6;90;0;0;0;0;0;0;0;0;0;0;0;0;0;0;0;0;3;10;3;4;15;18;0;100;7;76;2;39;8;88
12.09.2024;06:40;A 94;1;2;79;0;7;6;41;3;41;0;0;10;72;7;48;7;89;0;0;0;0;0;0;0;0;0;0;0;0;0;0;0;0;3;3;8;7;18;24;0;100;6;65;3;6;2;99
12.09.2024;06:39;A 94;1;0;100;3;61;5;10;2;9;0;0;17;41;7;18;7;87;1;2;0;0;0;0;0;0;0;0;0;0;0;0;1;1;8;9;1;1;17;20;0;100;2;98;2;89;3;98
12.09.2024;06:38;A 94;1;4;32;2;15;2;2;1;6;0;0;2;44;6;14;10;74;0;0;0;0;0;0;0;0;0;0;0;0;0;0;0;0;5;6;6;4;14;20;0;100;4;84;3;4;7;92
12.09.2024;06:37;A 94;1;2;63;1;43;4;37;3;45;0;0;9;73;7;40;12;78;0;0;0;0;0;0;0;0;0;0;0;0;0;0;0;0;3;49;8;10;14;18;0;100;3;67;2;50;8;93
12.09.2024;06:36;A 94;1;3;66;2;30;3;57;4;45;0;0;10;86;4;55;4;91;0;0;0;0;0;0;0;0;0;0;0;0;0;0;0;0;2;21;5;4;17;25;0;100;1;78;1;63;2;99
12.09.2024;06:35;A 94;1;1;11;1;46;4;41;2;30;0;0;8;43;2;35;4;86;0;0;0;0;0;0;0;0;0;0;0;0;0;0;0;0;2;2;6;6;9;10;0;100;2;35;1;37;0;100
12.09.2024;06:34;A 94;1;2;99;2;72;3;55;3;57;0;0;21;45;10;33;10;77;0;0;0;0;0;0;0;0;0;0;0;0;0;0;0;0;1;1;3;2;18;21;0;100;2;94;2;94;1;97
12.09.2024;06:33;A 94;1;5;72;1;2;4;15;1;2;0;0;3;47;6;49;10;81;0;0;0;0;1;2;0;0;0;0;0;0;0;0;0;0;3;3;0;1;16;24;0;100;5;68;0;0;7;94
12.09.2024;06:32;A 94;1;1;73;3;59;6;16;1;10;0;0;9;78;4;72;12;74;1;2;1;2;0;0;0;0;1;2;1;2;0;0;0;0;6;12;9;6;17;18;0;100;6;58;4;52;3;96
12.09.2024;06:31;A 94;1;0;100;2;68;8;16;4;9;0;0;16;34;2;4;0;98;0;0;0;0;0;0;1;2;0;0;0;0;0;0;1;1;5;6;4;4;14;17;0;100;0;100;1;61;0;100
12.09.2024;06:30;A 94;1;2;59;0;0;1;49;1;31;0;0;10;85;8;63;6;81;1;2;0;0;0;0;0;0;1;2;1;2;0;0;0;0;7;8;15;13;16;22;0;100;1;57;0;0;0;100
12.09.2024;06:29;A 94;1;0;0;0;0;1;41;5;18;0;0;14;61;7;27;6;84;0;0;0;0;0;0;1;2;0;0;0;0;0;0;1;1;2;4;6;4;14;17;0;100;0;0;0;0;0;100
12.09.2024;06:28;A 94;1;3;7;2;1;2;78;2;38;0;0;8;54;6;43;5;84;0;0;0;0;0;0;0;0;0;0;0;0;0;0;0;0;3;3;9;6;18;21;0;100;1;35;1;1;0;100
12.09.2024;06:27;A 94;1;2;69;3;18;6;65;6;13;0;0;5;12;2;9;5;91;0;0;0;0;0;0;0;0;0;0;0;0;0;0;0;0;10;9;8;5;5;5;0;100;4;85;3;15;2;98
12.09.2024;06:26;A 94;1;2;23;2;13;4;31;7;16;0;0;15;40;6;15;6;86;0;0;0;0;0;0;0;0;0;0;0;0;0;0;0;0;6;10;6;5;12;13;0;100;2;67;3;63;0;100
12.09.2024;06:25;A 94;1;1;49;5;20;3;77;8;72;0;0;8;32;8;24;6;87;0;0;0;0;0;0;0;0;0;0;0;0;0;0;0;0;7;11;7;5;11;12;0;100;5;59;2;50;0;100
12.09.2024;06:24;A 94;1;4;45;2;7;5;74;4;50;0;0;5;71;7;26;9;87;0;0;0;0;0;0;0;0;0;0;0;0;0;0;0;0;5;4;5;4;15;22;0;100;2;70;1;29;0;100
12.09.2024;06:23;A 94;1;5;16;0;0;7;76;2;10;0;0;6;61;2;37;4;10;0;0;0;0;0;0;0;0;0;0;0;0;1;2;0;0;3;2;2;1;9;10;0;100;2;39;0;0;1;97
12.09.2024;06:22;A 94;1;2;48;4;29;2;38;1;21;0;0;13;51;3;21;8;84;0;0;0;0;0;0;0;0;0;0;0;0;0;0;0;0;5;5;0;0;10;11;0;100;3;34;3;22;0;100
12.09.2024;06:21;A 94;1;1;28;0;57;10;27;3;6;0;0;2;32;3;25;2;95;0;0;0;0;0;0;0;0;0;0;0;0;0;0;0;0;3;3;3;2;4;5;0;100;1;57;2;55;0;100
12.09.2024;06:20;A 94;1;3;10;1;70;4;71;2;65;0;0;15;67;4;45;7;83;1;2;0;0;0;0;0;0;0;0;0;0;0;0;1;1;2;2;2;2;16;21;0;100;1;59;1;63;0;100
12.09.2024;06:19;A 94;1;1;15;2;13;3;23;3;22;0;0;6;61;6;25;8;84;1;2;1;2;1;2;0;0;0;0;0;0;0;0;2;3;2;3;3;2;9;11;0;100;2;5;3;59;0;100
12.09.2024;06:18;A 94;1;6;10;0;0;3;15;1;11;0;0;17;54;3;13;8;82;0;0;0;0;0;0;0;0;0;0;0;0;0;0;0;0;4;4;0;0;13;13;0;100;2;63;0;0;0;100
12.09.2024;06:17;A 94;1;3;40;0;0;5;47;5;33;0;0;6;30;2;20;5;88;0;0;0;0;0;0;0;0;0;0;0;0;0;0;0;0;5;5;5;4;6;7;0;100;2;66;0;0;0;100
12.09.2024;06:16;A 94;1;3;37;3;4;2;65;2;53;0;0;8;22;4;16;8;79;0;0;0;0;0;0;0;0;0;1;1;2;0;0;0;0;5;4;4;3;7;12;0;100;2;54;1;24;4;94
12.09.2024;06:15;A 94;1;1;53;2;7;1;39;1;27;0;0;8;35;6;18;11;85;0;0;0;0;0;0;1;2;1;1;0;0;0;0;0;0;4;5;1;1;14;15;0;100;2;62;1;31;0;100
12.09.2024;06:14;A 94;1;4;62;3;7;2;70;5;56;0;0;9;26;1;6;7;81;0;0;0;0;0;0;0;0;0;0;0;0;0;0;0;0;5;5;2;2;9;10;0;100;4;51;1;8;0;100
12.09.2024;06:13;A 94;1;1;2;0;0;4;16;2;8;0;0;8;26;3;7;6;88;0;0;0;0;0;0;0;0;0;0;0;0;0;0;0;0;3;3;0;0;11;12;0;100;0;15;0;0;0;100
12.09.2024;06:12;A 94;1;1;8;0;0;4;25;6;8;0;0;7;16;3;10;7;82;0;0;0;0;0;0;0;0;0;0;0;0;0;0;0;0;4;3;1;1;11;14;0;100;2;49;0;0;9;93
12.09.2024;06:11;A 94;1;5;42;2;6;3;59;4;35;0;0;16;33;5;11;7;42;0;0;0;0;0;0;0;0;0;0;0;0;0;0;0;0;5;8;2;2;15;18;0;100;5;54;1;5;7;89
12.09.2024;06:10;A 94;1;2;17;0;0;5;34;2;4;0;0;13;33;5;12;8;68;0;0;0;0;0;0;0;0;0;0;0;0;0;0;0;0;1;1;0;0;14;16;0;100;1;53;0;0;6;93
12.09.2024;06:09;A 94;1;4;40;0;0;2;82;4;19;0;0;7;79;6;67;6;82;0;0;0;0;0;0;0;0;0;0;0;0;0;0;0;0;5;5;0;0;7;7;0;100;3;47;0;0;9;92
12.09.2024;06:08;A 94;1;0;62;0;0;1;0;1;6;0;0;5;18;7;18;5;91;0;0;0;0;0;0;0;0;0;0;0;0;0;0;1;1;2;2;1;1;11;12;0;100;2;60;0;57;4;85
12.09.2024;06:07;A 94;1;5;33;2;6;0;67;0;61;1;3;6;12;0;0;0;100;1;2;0;0;0;0;0;0;0;0;0;0;0;0;0;0;4;4;1;1;4;4;0;100;4;23;1;1;0;0
12.09.2024;06:06;A 94;1;3;14;0;0;3;9;2;4;0;0;12;22;5;6;7;36;0;0;0;0;0;0;0;0;0;0;0;0;1;1;0;0;1;1;3;3;10;9;0;100;1;17;0;0;8;50
12.09.2024;06:05;A 94;1;2;10;0;0;1;1;1;2;0;0;6;16;3;21;3;32;0;0;0;0;0;0;0;0;0;0;0;0;0;0;0;0;8;10;3;2;5;6;0;100;1;6;0;0;8;12
12.09.2024;06:04;A 94;1;0;34;0;32;3;53;1;25;0;0;7;34;1;2;4;8;0;0;0;0;0;0;0;0;0;0;0;0;0;0;0;0;3;4;2;2;7;9;0;100;1;35;1;35;11;35
12.09.2024;06:03;A 94;1;6;38;5;18;4;9;3;10;0;0;14;27;3;9;5;17;0;0;0;0;0;0;0;0;0;0;0;0;0;0;0;0;1;1;2;2;12;12;0;100;3;31;1;19;8;22
12.09.2024;06:02;A 94;1;1;64;1;5;5;25;0;0;0;0;2;37;2;6;3;23;0;0;1;2;1;2;0;0;0;0;0;0;0;0;0;0;5;9;0;0;5;5;0;100;3;57;1;44;4;24
12.09.2024;06:01;A 94;1;0;0;0;0;4;38;3;44;0;0;19;31;6;9;9;80;1;2;0;0;0;0;0;0;0;0;0;0;0;0;0;0;1;1;0;0;11;11;0;100;0;0;0;0;15;53
12.09.2024;06:00;A 94;1;1;52;0;9;4;17;1;10;0;0;11;34;4;23;8;70;0;0;0;0;0;0;0;0;0;0;0;0;0;0;0;0;3;2;2;1;12;12;0;100;2;67;1;56;12;57
12.09.2024;05:59;A 94;1;4;11;1;0;7;25;4;26;0;0;8;26;2;17;6;89;0;0;0;0;0;0;0;0;0;0;0;0;0;0;0;0;3;3;4;3;8;9;0;100;1;9;0;0;8;61
12.09.2024;05:58;A 94;1;3;23;2;9;2;77;6;68;0;0;17;39;5;8;4;90;0;0;0;0;0;0;0;0;0;0;0;0;0;0;0;0;5;5;2;2;10;12;0;100;4;41;2;2;4;95
12.09.2024;05:57;A 94;1;4;25;0;0;4;42;7;14;0;0;4;14;3;11;5;46;0;0;0;0;0;0;0;0;0;0;0;0;0;0;0;0;3;4;3;3;5;6;0;100;3;46;0;27;9;55
12.09.2024;05:56;A 94;1;3;6;3;7;2;21;4;13;0;0;16;28;2;5;10;64;0;0;0;0;0;0;1;2;1;2;1;2;0;0;0;0;2;2;0;0;16;19;0;100;0;50;2;49;1;54
12.09.2024;05:55;A 94;1;5;11;1;1;6;57;2;5;0;0;11;34;5;13;10;83;0;0;0;0;0;0;0;0;0;0;0;0;0;0;0;0;5;5;2;2;8;8;0;100;2;22;0;0;0;100
12.09.2024;05:54;A 94;1;5;17;0;0;5;42;2;7;0;0;25;65;10;37;7;88;0;0;0;0;0;0;0;0;0;0;0;0;0;0;0;0;2;1;6;4;17;22;0;100;2;43;0;0;1;100
12.09.2024;05:53;A 94;1;3;74;1;4;5;23;5;21;0;0;14;46;4;28;0;100;0;0;1;2;1;2;0;0;0;0;0;0;0;0;0;0;3;2;3;2;13;13;0;100;4;66;1;1;0;100
12.09.2024;05:52;A 94;1;4;49;1;1;1;55;5;60;0;0;11;40;3;52;8;91;1;2;0;0;0;0;0;0;0;0;0;0;0;0;1;2;2;2;1;1;14;20;0;100;3;42;1;24;6;96
12.09.2024;05:51;A 94;1;8;42;1;15;7;15;1;2;0;0;7;15;1;11;4;92;0;0;0;0;0;0;0;0;0;0;0;0;0;0;0;0;2;4;3;2;6;6;0;100;3;48;1;57;1;99
12.09.2024;05:50;A 94;1;3;5;2;5;7;15;2;8;0;0;13;24;5;19;1;47;1;2;0;0;0;0;0;0;0;0;0;0;0;0;0;0;3;3;0;0;13;13;0;100;1;75;1;44;4;39
12.09.2024;05:49;A 94;1;5;17;1;5;0;0;2;6;0;0;4;10;2;5;8;13;0;0;0;0;0;0;0;0;0;0;0;0;0;0;0;0;0;0;1;1;4;4;0;100;2;34;1;2;10;27
12.09.2024;05:48;A 94;1;1;60;2;36;5;21;3;11;0;0;8;15;2;8;4;72;0;0;0;0;0;0;0;0;0;0;0;0;0;0;0;0;3;3;0;0;15;17;0;100;6;45;4;36;9;34
12.09.2024;05:47;A 94;1;3;6;0;0;2;10;1;3;0;0;7;18;1;6;9;66;0;0;0;0;0;0;0;0;0;0;0;0;0;0;0;0;3;3;1;1;6;6;0;100;1;59;0;0;10;51
12.09.2024;05:46;A 94;1;5;38;1;14;3;43;1;8;0;0;13;43;5;9;7;77;0;0;0;0;0;0;0;0;0;0;0;0;0;0;0;0;4;4;0;0;11;11;0;100;3;62;1;20;12;78
12.09.2024;05:45;A 94;1;2;16;3;5;4;22;0;0;0;0;12;34;4;9;8;77;0;0;0;0;0;0;0;0;0;0;0;0;0;0;0;0;2;1;2;1;8;9;0;100;2;46;1;33;11;83
12.09.2024;05:44;A 94;1;2;16;0;0;2;19;2;5;0;0;1;3;1;5;10;74;0;0;0;0;0;0;0;0;0;0;0;0;0;0;0;0;2;2;3;2;3;3;0;100;2;14;0;0;6;84
12.09.2024;05:43;A 94;1;2;7;4;7;3;52;0;0;0;0;14;37;6;14;9;83;0;0;0;0;0;0;0;0;0;0;0;0;0;0;0;0;5;4;1;1;14;15;0;100;1;14;2;2;7;90
12.09.2024;05:42;A 94;1;6;25;1;1;3;5;2;7;0;0;5;12;3;4;7;82;0;0;0;0;0;0;0;0;0;0;0;0;0;0;0;0;1;1;2;1;12;18;0;100;2;41;1;24;1;100
12.09.2024;05:41;A 94;1;3;23;7;23;5;13;2;53;0;0;11;50;7;19;7;77;0;0;0;0;0;0;0;0;0;0;0;0;0;0;0;0;7;6;2;1;11;13;0;100;4;4;2;26;7;95
12.09.2024;05:40;A 94;1;1;8;0;0;3;34;3;7;0;0;12;27;4;4;7;59;0;0;0;0;0;0;0;0;0;0;0;0;0;0;0;0;1;1;2;2;8;10;0;100;1;55;0;0;7;23
12.09.2024;05:39;A 94;1;6;31;0;0;5;19;1;5;0;0;8;38;8;13;5;69;0;0;0;0;0;0;0;0;0;0;0;0;0;0;0;0;2;4;2;1;6;7;0;100;3;34;0;0;8;48
12.09.2024;05:38;A 94;1;3;39;0;0;1;26;2;3;0;0;7;8;4;16;3;30;0;0;0;0;0;0;0;0;0;0;0;0;0;0;0;0;4;3;3;2;6;6;0;100;4;41;0;0;8;19
12.09.2024;05:37;A 94;1;0;0;0;0;1;46;1;37;0;0;14;26;4;12;8;61;0;0;0;0;0;0;0;0;0;0;0;0;0;0;0;0;1;1;0;0;8;10;0;100;0;0;0;0;22;32
12.09.2024;05:36;A 94;1;2;5;0;0;4;15;2;16;0;0;10;19;2;5;3;77;0;0;0;0;0;0;0;0;0;0;0;0;1;1;0;0;3;3;1;1;7;7;0;100;1;38;0;0;9;24
12.09.2024;05:35;A 94;1;4;7;6;20;2;20;0;1;0;0;12;18;2;5;0;100;0;0;0;0;0;0;0;0;0;0;0;0;0;0;0;0;4;5;0;0;6;5;0;100;2;3;2;45;6;18
12.09.2024;05:34;A 94;1;1;7;1;2;4;36;2;7;0;0;6;8;2;6;8;43;1;2;0;0;0;0;0;0;0;0;0;0;0;0;0;0;1;1;2;1;4;4;0;100;0;21;1;9;17;33
12.09.2024;05:33;A 94;1;3;16;0;0;2;6;2;2;0;0;10;21;4;8;4;62;0;0;0;0;0;0;0;0;0;0;0;0;0;0;0;0;1;1;1;1;10;9;0;100;2;41;0;0;9;8
12.09.2024;05:32;A 94;1;1;8;1;6;2;12;5;8;0;0;17;38;5;7;1;67;0;0;0;0;0;0;0;0;0;0;1;2;0;0;0;0;2;2;1;1;8;11;0;100;1;8;1;16;6;6
12.09.2024;05:31;A 94;1;3;5;0;0;4;11;2;9;0;0;10;23;3;10;7;28;0;0;0;0;0;0;1;2;1;2;0;0;0;0;0;0;1;1;0;0;10;11;0;100;1;28;0;0;19;19
12.09.2024;05:30;A 94;1;1;4;2;7;2;7;3;16;0;0;19;27;2;7;2;88;0;0;0;0;0;0;0;0;0;0;0;0;0;0;0;0;1;1;0;0;8;9;0;100;1;43;1;9;5;4
12.09.2024;05:29;A 94;1;0;0;0;0;3;41;1;26;0;0;14;20;0;0;6;80;0;0;0;0;0;0;0;0;0;0;0;1;0;0;0;0;0;0;1;1;7;8;0;100;0;40;0;0;9;60
12.09.2024;05:28;A 94;1;3;11;4;6;2;4;2;4;0;0;10;12;3;5;5;58;0;0;0;0;0;0;1;2;1;2;1;0;0;0;0;0;2;2;0;0;5;5;0;100;2;38;1;41;8;14
12.09.2024;05:27;A 94;1;0;0;0;0;2;3;1;15;0;0;7;8;0;0;4;19;0;0;0;0;0;0;0;0;0;0;0;0;0;0;0;0;0;0;2;1;2;2;0;100;0;0;0;0;9;22
12.09.2024;05:26;A 94;1;0;0;0;0;1;4;0;0;0;0;8;13;1;3;4;19;0;0;0;0;0;0;0;0;0;0;0;0;0;0;0;0;0;0;0;0;5;5;0;100;0;0;0;0;14;24
12.09.2024;05:25;A 94;1;2;3;0;0;1;2;2;4;0;0;5;7;0;0;4;71;0;0;0;0;0;0;0;0;0;0;0;0;0;0;1;2;1;1;1;1;5;5;0;100;1;1;0;0;9;11
12.09.2024;05:24;A 94;1;2;7;3;4;4;21;1;3;0;0;6;5;0;0;2;13;0;0;0;0;0;0;0;0;0;0;0;0;0;0;0;0;5;5;1;1;2;2;0;100;1;19;1;1;9;12
12.09.2024;05:23;A 94;1;2;22;1;7;3;18;2;7;0;0;1;2;1;3;4;21;0;0;0;0;0;0;0;0;0;0;0;0;0;0;0;0;1;2;2;2;3;4;0;100;2;28;1;13;9;15
12.09.2024;05:22;A 94;1;0;0;0;0;3;44;1;3;0;0;7;8;1;2;5;28;0;0;0;0;0;0;0;0;0;0;0;0;0;0;0;0;0;0;1;1;3;3;0;100;0;0;0;0;15;15
12.09.2024;05:21;A 94;1;1;1;0;0;6;25;1;7;0;0;5;5;1;2;5;78;0;0;0;0;0;0;0;0;0;0;0;0;0;0;0;0;2;1;1;1;2;2;0;100;0;0;0;0;9;15
12.09.2024;05:20;A 94;1;0;0;3;4;4;59;5;31;0;0;0;0;1;1;3;92;1;2;0;0;0;0;0;0;0;0;0;0;0;0;0;0;2;2;4;4;1;1;0;100;0;14;1;34;6;15
12.09.2024;05:19;A 94;1;2;8;0;0;2;4;2;1;0;0;10;11;0;0;3;24;0;0;0;0;0;0;0;0;0;0;0;0;0;0;0;0;1;1;0;0;5;5;0;100;1;22;0;0;8;7
12.09.2024;05:18;A 94;1;0;0;0;0;3;9;2;19;0;0;5;5;0;0;5;49;0;0;0;0;0;0;0;0;0;0;0;0;0;0;0;0;1;1;4;3;2;2;0;100;0;0;0;0;13;15
12.09.2024;05:17;A 94;1;0;0;1;5;0;0;0;0;0;0;1;2;0;0;2;66;0;0;0;0;0;0;0;0;0;0;0;0;0;0;0;0;0;0;1;1;3;3;0;100;0;0;1;22;3;3
12.09.2024;05:16;A 94;1;3;8;0;0;3;24;1;4;0;0;11;12;2;3;4;33;0;0;0;0;0;0;0;0;0;0;0;0;0;0;0;0;5;5;0;0;6;6;0;100;1;37;0;0;12;14
12.09.2024;05:15;A 94;1;2;5;0;0;2;54;2;7;0;0;6;9;1;2;3;11;0;0;0;0;0;0;0;0;0;0;0;0;0;0;0;0;2;1;2;1;4;5;0;100;1;20;0;0;5;8
12.09.2024;05:14;A 94;1;0;0;0;0;1;2;3;5;0;0;5;12;2;7;0;0;0;0;0;0;0;0;0;0;0;0;0;0;0;0;0;0;0;0;2;2;2;4;0;100;0;0;0;0;3;1
12.09.2024;05:13;A 94;1;0;0;0;0;4;35;1;2;0;0;6;5;0;0;2;10;0;0;0;0;0;0;0;0;0;0;0;0;0;0;0;0;1;1;1;1;2;2;0;100;0;0;0;0;6;3
12.09.2024;05:12;A 94;1;3;9;0;0;3;7;0;0;0;0;4;6;2;5;2;4;0;0;0;0;0;0;0;0;0;0;0;0;0;0;0;0;0;0;2;1;6;6;0;100;1;6;0;0;6;4
12.09.2024;05:11;A 94;1;0;0;0;0;1;35;2;10;0;0;11;17;3;4;0;0;0;0;0;0;0;0;0;0;0;0;0;0;0;0;0;0;1;1;4;3;3;3;0;100;0;0;0;0;0;0
12.09.2024;05:10;A 94;1;0;0;0;0;1;28;0;0;0;0;2;3;0;0;4;21;0;0;0;0;0;0;0;0;0;0;0;0;0;0;0;0;1;1;0;0;1;1;0;100;0;0;0;0;9;10
12.09.2024;05:09;A 94;1;2;8;0;0;2;33;1;7;0;0;5;10;0;0;3;63;0;0;0;0;0;0;0;0;0;0;0;0;0;0;0;0;0;0;0;0;6;6;0;100;1;22;0;0;12;10
12.09.2024;05:08;A 94;1;0;0;0;0;1;2;1;2;0;0;8;11;0;0;1;3;0;0;0;0;0;0;0;0;0;0;0;0;0;0;0;0;1;1;0;0;2;3;0;100;0;0;0;0;3;2
12.09.2024;05:07;A 94;1;0;0;0;0;1;2;1;1;0;0;2;3;0;0;1;15;0;0;0;0;0;0;0;0;0;0;0;0;0;0;0;0;1;1;0;0;3;3;0;100;0;0;0;0;3;2
12.09.2024;05:06;A 94;1;1;7;0;0;3;4;0;0;0;0;9;12;0;0;2;8;0;0;0;0;0;0;0;0;0;0;0;0;0;0;0;0;0;0;0;1;1;1;0;100;1;27;0;0;6;6
12.09.2024;05:05;A 94;1;0;0;0;0;0;0;0;0;0;0;5;12;2;2;2;9;0;0;0;0;0;0;0;0;0;0;0;0;0;0;0;0;0;0;1;0;4;4;0;100;0;0;0;0;6;4
12.09.2024;05:04;A 94;1;0;0;0;0;3;6;0;0;0;0;3;6;0;0;2;2;0;0;0;0;0;0;0;0;0;0;0;0;0;0;0;0;0;0;1;1;2;2;0;100;0;0;0;0;4;9
12.09.2024;05:03;A 94;1;0;0;0;0;2;27;2;3;0;0;5;10;2;2;2;14;0;0;0;0;0;0;0;0;0;0;0;0;0;0;0;0;1;1;0;0;4;5;0;100;0;0;0;0;6;7
12.09.2024;05:02;A 94;1;2;9;0;0;0;0;2;1;0;0;7;10;0;0;2;23;0;0;0;0;0;0;0;0;0;0;0;0;0;0;0;0;0;0;0;0;3;3;0;100;1;28;0;0;6;4
12.09.2024;05:01;A 94;1;1;9;0;0;0;0;2;3;0;0;4;8;0;0;2;21;0;0;0;0;0;0;0;0;0;0;0;0;0;0;0;0;0;0;0;0;4;4;0;100;1;13;0;0;6;7
12.09.2024;05:00;A 94;1;0;0;0;0;2;18;0;0;0;0;2;2;0;0;3;10;0;0;0;0;0;0;0;0;0;0;0;0;0;0;0;0;0;0;1;1;1;1;0;100;0;0;0;0;9;7
12.09.2024;04:59;A 94;1;0;0;0;0;3;7;1;2;0;0;5;9;0;0;1;12;0;0;0;0;0;0;0;0;0;0;0;0;0;0;0;0;0;0;1;1;5;5;0;100;0;30;0;0;3;3
12.09.2024;04:58;A 94;1;4;11;0;0;1;6;0;0;0;0;6;11;0;0;2;17;0;0;0;0;0;0;0;0;0;0;0;0;0;0;0;0;1;1;0;0;4;4;0;100;2;13;0;0;3;2
12.09.2024;04:57;A 94;1;1;6;0;0;2;7;0;0;0;0;2;4;0;0;2;48;0;0;0;0;0;0;0;0;0;0;0;0;0;0;0;0;2;2;2;1;1;1;0;100;0;0;0;0;9;10
12.09.2024;04:56;A 94;1;0;0;0;0;2;2;1;2;0;0;3;6;1;2;1;3;0;0;0;0;0;0;0;0;0;0;0;0;0;0;0;0;0;0;0;0;2;2;0;100;0;0;0;0;3;2
12.09.2024;04:55;A 94;1;3;14;3;3;1;2;0;0;0;0;3;7;0;0;0;0;0;0;0;0;0;0;0;0;0;0;0;0;0;0;0;0;2;2;0;0;2;2;0;100;1;3;1;5;0;0
12.09.2024;04:54;A 94;1;0;0;0;0;4;9;0;0;0;0;1;3;0;0;2;4;0;0;0;0;0;0;0;0;0;0;0;0;0;0;0;0;1;1;0;0;1;1;0;100;0;0;0;0;6;5
12.09.2024;04:53;A 94;1;0;0;0;0;1;2;0;0;0;0;0;0;0;0;2;5;0;0;0;0;0;0;0;0;0;0;0;0;0;0;0;0;0;0;1;1;0;0;0;100;0;0;0;0;6;7
12.09.2024;04:52;A 94;1;0;0;0;0;1;3;0;0;0;0;1;3;0;0;1;5;0;0;0;0;0;0;0;0;0;0;0;0;0;0;0;0;1;1;0;0;1;1;0;100;0;0;0;0;3;2
12.09.2024;04:51;A 94;1;0;0;0;0;4;10;1;3;0;0;0;0;0;0;2;44;1;2;1;2;1;2;0;0;0;0;0;0;0;0;0;0;0;0;0;0;0;0;0;100;0;0;0;0;6;5
12.09.2024;04:50;A 94;1;0;0;0;0;1;4;1;11;0;0;6;7;1;3;1;9;0;0;0;0;0;0;0;0;0;0;0;0;0;0;0;0;2;1;0;0;4;5;0;100;0;0;0;0;3;2
12.09.2024;04:49;A 94;1;1;8;0;0;0;0;0;0;0;0;0;0;1;2;2;34;0;0;0;0;0;0;0;0;0;0;0;0;0;0;0;0;0;0;0;0;0;0;0;100;1;25;0;0;6;4
12.09.2024;04:48;A 94;1;0;0;0;0;4;12;0;0;0;0;3;5;0;0;3;26;0;0;0;0;0;0;0;0;0;0;0;0;0;0;0;0;1;1;1;1;3;3;0;100;0;0;0;0;5;28
12.09.2024;04:47;A 94;1;0;0;1;7;2;10;0;0;0;0;1;3;1;6;0;0;0;0;0;0;0;0;0;0;0;0;0;0;0;0;0;0;1;1;0;0;1;1;0;100;0;0;1;7;1;1
12.09.2024;04:46;A 94;1;0;0;0;0;2;27;1;3;0;0;4;5;0;0;5;35;0;0;0;0;0;0;0;0;0;0;0;0;0;0;0;0;0;0;1;1;1;1;0;100;0;0;0;0;7;20
12.09.2024;04:45;A 94;1;0;0;0;0;2;43;2;2;0;0;5;7;2;5;4;17;0;0;0;0;0;0;0;0;0;0;0;0;0;0;0;0;1;1;1;1;3;4;0;100;0;0;0;0;9;8
12.09.2024;04:44;A 94;1;0;0;0;0;2;4;0;0;0;0;2;3;0;0;0;0;0;0;0;0;0;0;0;0;0;0;0;0;0;0;0;0;0;0;0;0;1;1;0;100;0;0;0;0;3;3
12.09.2024;04:43;A 94;1;0;0;0;0;2;4;0;0;0;0;3;5;0;0;3;9;0;0;0;0;0;0;0;0;0;0;0;0;0;0;0;0;0;0;0;0;3;3;0;100;0;0;0;0;9;9
12.09.2024;04:42;A 94;1;0;0;0;0;3;15;0;0;0;0;3;10;0;0;0;0;0;0;0;0;0;0;0;0;0;0;0;0;0;0;0;0;0;0;1;1;2;2;0;100;0;0;0;0;0;0
12.09.2024;04:41;A 94;1;2;2;0;0;3;16;0;0;0;0;5;7;0;0;1;3;0;0;0;0;0;0;0;0;0;0;0;0;0;0;0;0;2;2;1;1;2;2;0;100;0;0;0;0;2;3
12.09.2024;04:40;A 94;1;1;8;0;0;0;0;0;0;0;0;4;5;1;2;1;16;0;0;0;0;0;0;0;0;0;0;0;0;0;0;0;0;0;0;0;0;3;4;0;100;1;6;0;0;3;2
12.09.2024;04:39;A 94;1;0;0;0;0;4;9;0;0;0;0;5;9;1;1;1;4;0;0;0;0;0;0;0;0;0;0;0;0;0;0;0;0;0;0;2;1;3;4;0;100;0;0;0;0;3;9
12.09.2024;04:38;A 94;1;0;0;2;17;0;0;0;0;0;0;3;8;0;0;0;0;0;0;0;0;0;0;0;0;0;0;0;0;0;0;0;0;0;0;0;0;3;5;0;100;0;0;1;4;0;0
12.09.2024;04:37;A 94;1;1;10;0;0;2;5;0;0;0;0;0;0;0;0;0;0;0;0;0;0;0;0;0;0;0;0;0;0;0;0;0;0;3;15;0;0;0;0;0;100;1;13;0;0;0;0
12.09.2024;04:36;A 94;1;0;0;0;0;3;20;0;0;0;0;4;8;1;3;0;0;0;0;0;0;0;0;0;0;0;0;0;0;0;0;0;0;1;1;3;2;4;4;0;100;0;4;0;0;2;1
12.09.2024;04:35;A 94;1;1;7;0;0;0;0;0;0;0;0;1;4;2;2;0;3;0;0;0;0;0;0;0;0;0;0;0;0;0;0;0;0;3;2;0;0;1;2;0;100;2;6;0;0;0;0
12.09.2024;04:34;A 94;1;0;0;0;0;2;12;1;2;0;0;0;0;1;3;1;11;0;0;0;0;0;0;0;0;0;0;0;0;0;0;0;0;1;1;0;0;0;0;0;100;0;0;0;0;3;2
12.09.2024;04:33;A 94;1;1;2;0;4;0;0;0;0;0;0;2;6;1;1;2;5;0;0;0;0;0;0;0;0;0;0;0;0;0;0;0;0;1;1;0;0;2;2;0;100;0;0;1;12;6;6
12.09.2024;04:32;A 94;1;0;0;1;3;1;2;3;1;0;0;2;3;0;0;0;0;0;0;0;0;0;0;0;0;0;0;0;0;0;0;0;0;0;0;1;1;1;1;0;100;0;0;0;0;0;0
12.09.2024;04:31;A 94;1;0;0;0;0;3;7;0;0;0;0;1;3;0;0;0;0;0;0;0;0;0;0;0;0;0;0;0;0;0;0;0;0;0;0;1;1;1;1;0;100;0;0;0;0;0;0
12.09.2024;04:30;A 94;1;1;6;0;0;0;0;1;4;0;0;0;0;0;0;0;0;0;0;0;0;0;0;0;0;0;0;0;0;0;0;0;0;1;1;0;0;2;2;0;100;1;10;0;0;0;0
12.09.2024;04:29;A 94;1;0;0;0;0;0;0;0;0;0;0;5;11;0;0;2;5;0;0;0;0;0;0;0;0;0;0;0;0;0;0;0;0;1;1;0;0;3;3;0;100;0;0;0;0;3;8
12.09.2024;04:28;A 94;1;0;0;0;0;1;1;0;0;0;0;2;3;0;0;2;35;0;0;0;0;0;0;0;0;0;0;0;0;0;0;0;0;0;0;1;1;1;1;0;100;0;0;0;0;6;4
12.09.2024;04:27;A 94;1;0;0;0;0;2;2;0;0;0;0;2;8;2;3;0;0;0;0;0;0;0;0;0;0;0;0;0;0;0;0;0;0;0;0;0;0;2;4;0;100;0;0;0;0;0;0
12.09.2024;04:26;A 94;1;0;0;0;0;2;4;1;2;0;0;6;8;0;0;1;7;0;0;0;0;0;0;0;0;0;0;0;0;0;0;0;0;0;0;0;0;3;3;0;100;0;0;0;0;2;3
12.09.2024;04:25;A 94;1;0;0;0;0;1;10;0;0;0;0;1;3;0;0;0;0;0;0;0;0;0;0;0;0;0;0;0;0;0;0;0;0;0;0;1;2;1;1;0;100;0;0;0;0;0;0
12.09.2024;04:24;A 94;1;1;4;0;0;1;1;2;6;0;0;1;3;0;0;0;0;0;0;0;0;0;0;0;0;0;0;0;0;0;0;0;0;1;1;0;0;1;1;0;100;0;0;0;0;0;0
12.09.2024;04:23;A 94;1;0;0;3;5;0;0;0;0;0;0;4;8;2;5;0;0;0;0;0;0;0;0;0;0;0;0;1;2;0;0;0;0;0;0;0;0;2;5;0;100;0;0;1;8;0;0
12.09.2024;04:22;A 94;1;2;7;0;0;1;2;0;0;0;0;0;0;0;0;0;0;0;0;0;0;0;0;1;2;1;2;0;0;0;0;0;0;0;0;1;1;1;1;0;100;1;7;0;0;0;0
12.09.2024;04:21;A 94;1;0;0;0;1;0;0;0;0;0;0;2;2;0;0;0;0;0;0;0;0;0;0;0;0;0;0;0;0;0;0;0;0;1;1;1;1;2;2;0;100;0;0;1;11;0;0
12.09.2024;04:20;A 94;1;0;0;1;6;1;2;1;2;0;0;1;3;0;0;0;0;0;0;0;0;0;0;0;0;0;0;0;0;0;0;0;0;0;0;0;0;1;1;0;100;0;0;0;0;0;0
12.09.2024;04:19;A 94;1;0;0;0;0;3;11;0;0;0;0;3;3;0;0;2;9;0;0;0;0;0;0;0;0;0;0;0;0;0;0;0;0;0;0;1;1;2;3;0;100;0;0;0;0;5;5
12.09.2024;04:18;A 94;1;0;0;0;0;4;7;1;2;0;0;2;2;0;0;0;0;0;0;0;0;0;0;0;0;0;0;0;0;0;0;0;0;3;5;4;3;0;0;0;100;0;0;0;0;0;0
12.09.2024;04:17;A 94;1;0;0;0;0;1;3;2;2;0;0;0;0;0;0;2;6;0;0;0;0;0;0;0;0;0;0;0;0;0;0;0;0;1;1;1;1;0;0;0;100;0;0;0;0;3;6
12.09.2024;04:16;A 94;1;1;11;0;0;0;0;0;0;0;0;0;0;0;0;0;0;0;0;0;0;0;0;0;0;0;0;0;0;0;0;0;0;0;0;0;0;2;2;0;100;1;6;0;0;3;4
12.09.2024;04:15;A 94;1;0;0;0;0;1;3;1;5;0;0;3;2;0;0;0;0;0;0;0;0;0;0;0;0;0;0;0;0;0;0;0;0;0;0;0;0;0;0;0;100;0;0;0;0;0;0
12.09.2024;04:14;A 94;1;0;0;0;0;3;8;3;3;0;0;0;0;0;0;0;0;0;0;0;0;0;0;0;0;0;0;0;0;0;0;0;0;0;0;2;2;1;1;0;100;0;0;0;0;0;0
12.09.2024;04:13;A 94;1;0;0;0;0;0;0;0;0;0;0;3;3;0;0;0;0;0;0;0;0;0;0;0;0;0;0;0;0;0;0;0;0;0;0;0;0;0;0;0;100;0;0;0;0;0;0
12.09.2024;04:12;A 94;1;0;0;0;0;1;4;0;0;0;0;0;0;0;0;0;0;0;0;0;0;0;0;0;0;0;0;0;0;0;0;0;0;0;0;0;0;0;0;0;100;0;0;0;0;0;0
12.09.2024;04:11;A 94;1;0;0;0;0;0;0;1;2;0;0;1;3;0;0;0;0;0;0;0;0;0;0;0;0;0;0;0;0;0;0;0;0;1;1;0;0;1;1;0;100;0;0;0;0;0;0
12.09.2024;04:10;A 94;1;0;0;0;0;1;2;0;0;0;0;0;0;0;0;0;0;0;0;0;0;0;0;0;0;0;0;0;0;0;0;0;0;0;0;0;0;0;0;0;100;0;0;0;0;0;0
12.09.2024;04:09;A 94;1;0;0;0;0;2;6;0;0;0;0;1;3;0;0;0;0;0;0;0;0;0;0;0;0;0;0;0;0;0;0;0;0;0;0;0;0;1;1;0;100;0;0;0;0;0;0
12.09.2024;04:08;A 94;1;0;0;0;0;3;8;2;4;0;0;0;0;0;0;0;0;0;0;0;0;0;0;0;0;0;0;0;0;0;0;0;0;1;2;0;0;0;0;0;100;0;0;0;0;0;0
12.09.2024;04:07;A 94;1;0;0;0;0;1;2;0;0;0;0;1;3;0;0;0;0;0;0;0;0;0;0;0;0;0;0;0;0;0;0;0;0;0;0;0;0;1;1;0;100;0;0;0;0;0;0
12.09.2024;04:06;A 94;1;0;0;2;5;4;8;0;0;0;0;2;2;0;0;0;0;0;0;0;0;0;0;0;0;0;0;0;0;0;0;0;0;0;0;0;0;2;2;0;100;0;0;1;12;0;0
12.09.2024;04:05;A 94;1;0;0;0;0;0;0;1;5;0;0;1;3;0;0;0;0;0;0;0;0;0;0;0;0;0;0;0;0;0;0;0;0;0;0;1;1;1;1;0;100;0;0;0;0;0;0
12.09.2024;04:04;A 94;1;0;0;0;0;1;2;0;0;0;0;0;0;0;0;0;0;0;0;0;0;0;0;0;0;0;0;0;0;0;0;0;0;0;0;1;1;0;0;0;100;0;0;0;0;0;0
12.09.2024;04:03;A 94;1;0;0;0;0;1;7;0;0;0;0;3;7;0;0;0;0;0;0;0;0;0;0;0;0;0;0;0;0;0;0;0;0;0;0;0;0;2;2;0;100;0;0;0;0;0;0
12.09.2024;04:02;A 94;1;0;0;1;8;1;3;0;0;0;0;2;3;0;0;0;0;0;0;0;0;0;0;0;0;0;0;0;0;0;0;0;0;1;1;1;0;1;1;0;100;0;0;1;7;0;0
12.09.2024;04:01;A 94;1;1;8;0;0;1;3;1;5;0;0;0;0;0;0;0;0;0;0;0;0;0;0;0;0;0;0;0;0;0;0;0;0;1;1;1;1;1;1;0;100;1;7;0;0;0;0
12.09.2024;04:00;A 94;1;0;0;0;0;1;2;0;0;0;0;0;0;0;0;1;3;0;0;0;0;0;0;0;0;0;0;0;0;0;0;0;0;0;0;0;0;0;0;0;100;0;0;0;0;1;2
12.09.2024;03:59;A 94;1;0;0;0;0;4;18;0;0;0;0;2;2;0;0;0;0;0;0;0;0;0;0;0;0;0;0;0;0;0;0;0;0;0;0;1;1;1;1;0;100;0;0;0;0;1;2
12.09.2024;03:58;A 94;1;0;0;0;0;0;0;0;0;0;0;1;3;0;0;0;0;0;0;0;0;0;0;0;0;0;0;0;0;0;0;0;0;0;0;0;0;1;1;0;100;0;0;0;0;0;0
12.09.2024;03:57;A 94;1;1;9;0;0;3;12;0;0;0;0;0;0;0;0;1;6;0;0;0;0;0;0;0;0;0;0;0;0;0;0;0;0;1;1;0;0;1;2;0;100;1;11;0;0;3;5
12.09.2024;03:56;A 94;1;0;0;0;0;0;0;1;3;0;0;0;0;0;0;0;0;0;0;0;0;0;0;0;0;0;0;0;0;0;0;0;0;1;1;0;0;0;0;0;100;0;0;0;0;0;0
12.09.2024;03:55;A 94;1;0;0;0;0;0;0;2;2;0;0;0;0;0;0;0;0;0;0;0;0;0;0;0;0;0;0;0;0;0;0;0;0;0;0;0;0;0;0;0;100;0;0;0;0;0;0
12.09.2024;03:54;A 94;1;0;0;0;0;0;0;0;0;0;0;0;0;0;0;0;3;0;0;0;0;0;0;0;0;0;0;0;0;0;0;0;0;0;0;0;0;0;0;0;100;0;0;0;0;0;0
12.09.2024;03:53;A 94;1;0;0;0;0;0;0;0;0;0;0;2;3;0;0;1;7;0;0;0;0;0;0;0;0;0;0;0;0;0;0;0;0;0;0;1;1;1;2;0;100;0;0;0;0;1;12
12.09.2024;03:52;A 94;1;0;0;0;0;2;2;0;0;0;0;1;3;0;0;0;0;0;0;0;0;0;0;0;0;0;0;0;0;0;0;0;0;1;1;0;0;2;2;0;100;0;0;0;0;0;0
12.09.2024;03:51;A 94;1;0;0;0;0;0;1;0;0;0;0;2;3;0;0;0;0;0;0;0;0;0;0;0;0;0;0;0;0;0;0;0;0;0;0;0;0;0;0;0;100;0;0;0;0;0;0
12.09.2024;03:50;A 94;1;1;4;0;0;1;1;0;0;0;0;0;0;0;0;0;0;0;0;0;0;0;0;0;0;0;0;0;0;0;0;0;0;2;2;0;0;0;0;0;100;0;0;0;0;0;0
12.09.2024;03:49;A 94;1;0;0;0;0;1;6;0;0;0;0;2;2;0;0;0;0;0;0;0;0;0;0;0;0;0;0;0;0;0;0;0;0;3;8;0;0;1;2;0;100;0;0;0;0;0;0
12.09.2024;03:48;A 94;1;0;0;0;0;0;0;0;0;0;0;6;5;0;0;0;0;0;0;0;0;0;0;0;0;0;0;0;0;0;0;0;0;0;0;0;0;2;2;0;100;0;0;0;0;0;0
12.09.2024;03:47;A 94;1;0;0;0;0;0;0;0;0;0;0;2;2;0;0;0;0;0;0;0;0;0;0;0;0;0;0;0;0;0;0;0;0;0;0;0;0;1;1;0;100;0;0;0;0;0;0
12.09.2024;03:46;A 94;1;0;0;0;0;1;4;0;0;0;0;0;0;0;0;0;0;0;0;0;0;0;0;0;0;0;0;0;0;0;0;0;0;0;0;1;1;0;0;0;100;0;0;0;0;0;0
12.09.2024;03:45;A 94;1;1;8;0;0;0;0;0;0;0;0;0;0;0;0;0;0;0;0;0;0;0;0;0;0;0;0;0;0;0;0;0;0;0;0;0;0;1;1;0;100;1;9;0;0;0;0
12.09.2024;03:44;A 94;1;0;0;0;0;3;6;1;3;0;0;3;6;0;0;0;0;0;0;0;0;0;0;0;0;0;0;0;0;0;0;0;0;0;0;1;1;2;2;0;100;0;0;0;0;0;0
12.09.2024;03:43;A 94;1;0;0;0;0;1;3;0;0;0;0;0;2;0;0;0;0;0;0;0;0;0;0;0;0;0;0;0;0;0;0;0;0;0;0;1;1;1;1;0;100;0;0;0;0;0;0
12.09.2024;03:42;A 94;1;0;0;0;0;1;3;1;4;0;0;6;9;0;0;0;0;0;0;0;0;0;0;0;0;0;0;0;0;0;0;0;0;0;0;0;0;3;3;0;100;0;0;0;0;0;0
12.09.2024;03:41;A 94;1;0;0;0;0;2;4;0;0;0;0;2;2;0;0;0;0;0;0;0;0;0;0;0;0;0;0;0;0;0;0;0;0;0;0;0;0;1;1;0;100;0;0;0;0;0;0
12.09.2024;03:40;A 94;1;3;5;0;0;2;9;0;0;0;0;4;4;0;0;1;5;0;0;0;0;0;0;0;0;0;0;0;0;0;0;0;0;1;1;1;1;3;4;0;100;1;8;0;0;3;2
12.09.2024;03:39;A 94;1;1;8;0;0;2;8;0;0;0;0;4;7;2;2;0;0;0;0;0;0;0;0;0;0;0;0;0;0;0;0;0;0;1;1;0;0;2;3;0;100;1;12;0;0;0;0
12.09.2024;03:38;A 94;1;2;10;0;0;2;6;1;6;0;0;0;0;0;0;0;0;0;0;0;0;0;0;0;0;0;0;0;0;0;0;0;0;0;0;1;1;2;2;0;100;1;5;0;0;0;0
12.09.2024;03:37;A 94;1;1;7;0;0;1;4;0;0;0;0;4;12;0;0;0;0;0;0;0;0;0;0;0;0;0;0;0;0;0;0;0;0;1;1;0;0;4;7;0;100;1;9;0;0;0;0
12.09.2024;03:36;A 94;1;0;0;0;0;2;6;3;3;0;0;6;8;0;0;0;0;0;0;0;0;0;0;0;0;0;0;0;0;0;0;0;0;1;1;1;1;4;4;0;100;0;0;0;0;0;0
12.09.2024;03:35;A 94;1;0;0;0;0;1;5;1;2;0;0;2;3;0;0;0;0;0;0;0;0;0;0;0;0;0;0;0;0;0;0;0;0;0;0;1;1;0;1;0;100;0;0;0;0;0;0
12.09.2024;03:34;A 94;1;0;0;0;0;0;0;0;0;0;0;3;6;0;0;0;0;0;0;0;0;0;0;0;0;0;0;0;0;0;0;0;0;0;0;0;0;2;2;0;100;0;0;0;0;0;0
12.09.2024;03:33;A 94;1;0;0;0;0;3;8;0;0;0;0;3;5;1;2;0;0;0;0;0;0;0;0;0;0;0;0;0;0;0;0;0;0;1;1;0;0;2;2;0;100;0;0;0;0;0;0
12.09.2024;03:32;A 94;1;0;0;0;0;5;10;0;0;0;0;10;10;0;0;1;4;0;0;0;0;0;0;0;0;0;0;0;0;0;0;0;0;0;0;0;0;5;5;0;100;0;0;0;0;3;2
12.09.2024;03:31;A 94;1;0;0;0;0;1;2;0;0;0;0;3;2;0;0;0;0;0;0;0;0;0;0;0;0;0;0;0;0;0;0;0;0;0;0;2;1;0;0;0;100;0;0;0;0;0;0
12.09.2024;03:30;A 94;1;0;0;0;0;1;2;0;0;0;0;0;0;0;0;0;0;0;0;0;0;0;0;0;0;0;0;0;0;0;0;0;0;0;0;0;0;0;0;0;100;0;0;0;0;0;0
12.09.2024;03:29;A 94;1;0;0;0;0;1;2;0;0;0;0;2;3;0;0;0;0;0;0;0;0;0;0;0;0;0;0;0;0;0;0;0;0;0;0;1;1;1;1;0;100;0;0;0;0;0;0
12.09.2024;03:28;A 94;1;0;0;1;8;0;0;0;0;0;0;1;3;1;2;0;0;0;0;0;0;0;0;0;0;0;0;0;0;0;0;0;0;0;0;0;0;2;3;0;100;0;0;1;8;0;0
12.09.2024;03:27;A 94;1;1;11;3;6;0;0;0;0;0;0;0;0;0;0;0;0;0;0;0;0;0;0;0;0;0;0;0;0;0;0;0;0;1;1;0;0;1;3;0;100;1;5;2;39;0;0
12.09.2024;03:26;A 94;1;0;0;2;15;1;2;0;0;0;0;0;0;0;0;1;10;0;0;0;0;0;0;0;0;0;0;0;0;0;0;0;0;0;0;0;0;0;0;0;100;0;0;2;14;1;5
12.09.2024;03:25;A 94;1;0;0;0;0;0;0;0;0;0;0;4;5;0;0;0;0;0;0;0;0;0;0;0;0;0;0;0;0;0;0;0;0;0;0;0;0;2;2;0;100;0;0;0;0;0;0
12.09.2024;03:24;A 94;1;0;0;0;0;1;2;0;0;0;0;0;0;0;0;0;0;0;0;0;0;0;0;0;0;0;0;0;0;0;0;0;0;0;0;0;0;0;0;0;100;0;0;0;0;0;0
12.09.2024;03:23;A 94;1;0;0;0;0;0;0;0;0;0;0;1;4;0;0;1;3;0;0;0;0;0;0;0;0;0;0;0;0;0;0;0;0;0;0;0;0;1;1;0;100;0;0;0;0;2;2
12.09.2024;03:22;A 94;1;0;0;0;0;1;1;0;0;0;0;0;0;0;0;0;0;0;0;0;0;0;0;0;0;0;0;0;0;0;0;0;0;0;0;1;1;0;0;0;100;0;0;0;0;1;0
12.09.2024;03:21;A 94;1;0;0;0;0;0;0;0;0;0;0;8;8;0;0;0;0;0;0;0;0;0;0;0;0;0;0;0;0;0;0;0;0;0;0;0;0;3;3;0;100;0;0;0;0;0;0
12.09.2024;03:20;A 94;1;0;0;0;0;0;0;0;0;0;0;0;0;0;0;0;0;0;0;0;0;0;0;0;0;0;0;0;0;0;0;0;0;0;0;0;0;0;0;0;100;0;0;0;0;0;0
12.09.2024;03:18;A 94;1;0;0;0;0;3;6;1;4;0;0;3;3;0;0;0;0;0;0;0;0;0;0;0;0;0;0;0;0;0;0;0;0;0;0;0;0;1;1;0;100;0;0;0;0;0;0
12.09.2024;03:17;A 94;1;0;0;0;0;1;2;0;0;0;0;2;6;0;0;0;0;0;0;0;0;0;0;0;0;0;0;0;0;0;0;0;0;0;0;1;1;1;1;0;100;0;0;0;0;0;0
12.09.2024;03:16;A 94;1;0;0;0;0;2;7;0;0;0;0;3;2;0;0;0;0;0;0;0;0;0;0;0;0;0;0;0;0;0;0;0;0;1;2;0;0;1;1;0;100;0;0;0;0;0;0
12.09.2024;03:15;A 94;1;0;0;0;0;1;4;0;0;0;0;1;3;0;0;0;0;0;0;0;0;0;0;0;0;0;0;0;0;0;0;0;0;0;0;0;0;1;1;0;100;0;0;0;0;0;0
12.09.2024;03:14;A 94;1;0;0;0;0;1;2;0;0;0;0;1;1;0;0;0;0;0;0;0;0;0;0;0;0;0;0;0;0;0;0;0;0;0;0;0;0;1;3;0;100;0;0;0;0;0;0
12.09.2024;03:13;A 94;1;0;0;0;0;0;0;0;0;0;0;4;5;0;0;1;6;0;0;0;0;0;0;0;0;0;0;0;0;0;0;0;0;0;0;0;0;1;1;0;100;0;0;0;0;3;1
12.09.2024;03:12;A 94;1;0;0;0;0;0;0;0;0;0;0;7;7;0;0;0;0;0;0;0;0;0;0;0;0;0;0;0;0;0;0;0;0;0;0;0;0;3;4;0;100;0;0;0;0;0;0
12.09.2024;03:11;A 94;1;0;0;0;0;1;2;0;0;0;0;1;3;0;0;0;0;0;0;0;0;0;0;0;0;0;0;0;0;0;0;0;0;0;0;0;0;1;1;0;100;0;0;0;0;0;0
12.09.2024;03:10;A 94;1;0;0;0;0;1;3;0;0;0;0;2;3;2;5;0;0;0;0;0;0;0;0;0;0;0;0;0;0;0;0;0;0;0;0;0;0;1;1;0;100;0;0;0;0;1;0
12.09.2024;03:09;A 94;1;0;0;0;0;2;4;0;0;0;0;1;3;0;0;0;0;0;0;0;0;0;0;0;0;0;0;0;0;0;0;0;0;1;1;0;0;1;1;0;100;0;0;0;0;0;0
12.09.2024;03:08;A 94;1;0;0;0;0;0;0;0;0;0;0;1;3;0;0;1;3;0;0;0;0;0;0;0;0;0;0;0;0;0;0;0;0;0;0;0;0;1;1;0;100;0;0;0;0;3;3
12.09.2024;03:07;A 94;1;0;0;0;0;2;5;0;0;0;0;3;6;1;2;1;5;0;0;0;0;0;0;0;0;0;0;0;0;0;0;0;0;0;0;0;0;2;4;0;100;0;0;0;0;3;2
12.09.2024;03:06;A 94;1;0;0;0;0;1;2;0;0;0;0;0;0;0;0;0;0;0;0;0;0;0;0;0;0;0;0;0;0;0;0;0;0;0;0;0;0;1;1;0;100;0;0;0;0;0;0
12.09.2024;03:05;A 94;1;0;0;0;0;2;4;0;0;0;0;4;6;0;0;0;0;0;0;0;0;0;0;0;0;0;0;0;0;0;0;0;0;0;0;0;0;1;3;0;100;0;0;0;0;0;0
12.09.2024;03:04;A 94;1;0;0;0;0;1;2;0;0;0;0;4;6;0;0;0;0;0;0;0;0;0;0;0;0;0;0;0;0;0;0;0;0;0;0;0;0;2;2;0;100;0;0;0;0;0;0
12.09.2024;03:03;A 94;1;0;0;0;0;1;2;0;0;0;0;3;4;0;0;0;0;0;0;0;0;0;0;0;0;0;0;0;0;0;0;0;0;0;0;1;1;0;0;0;100;0;0;0;0;0;0
12.09.2024;03:02;A 94;1;0;0;0;0;0;0;0;0;0;0;0;0;0;0;0;0;0;0;0;0;0;0;0;0;0;0;0;0;0;0;0;0;0;0;0;0;0;0;0;100;0;0;0;0;0;0
12.09.2024;03:01;A 94;1;0;0;0;0;2;5;1;2;0;0;0;0;0;0;1;8;0;0;0;0;0;0;0;0;0;0;0;0;0;0;0;0;1;1;1;1;0;0;0;100;0;0;0;0;2;4
12.09.2024;03:00;A 94;1;0;0;0;0;3;6;0;0;0;0;0;0;0;0;0;0;0;0;0;0;0;0;0;0;0;0;0;0;0;0;0;0;2;2;0;0;0;0;0;100;0;0;0;0;0;0
12.09.2024;02:59;A 94;1;0;0;0;0;2;5;1;1;0;0;0;0;0;0;0;0;0;0;0;0;0;0;0;0;0;0;0;0;0;0;0;0;0;0;0;0;1;1;0;100;0;0;0;0;0;0
12.09.2024;02:58;A 94;1;0;0;0;0;1;2;0;0;0;0;1;3;0;0;0;0;0;0;0;0;0;0;0;0;0;0;0;0;0;0;0;0;2;2;0;0;0;0;0;100;0;0;0;0;0;0
12.09.2024;02:57;A 94;1;0;0;0;0;0;0;0;0;0;0;2;2;0;0;0;0;0;0;0;0;0;0;0;0;0;0;0;0;0;0;0;0;0;0;0;0;2;2;0;100;0;0;0;0;0;0
12.09.2024;02:56;A 94;1;0;0;0;0;0;0;0;0;0;0;2;3;0;0;0;0;0;0;0;0;0;0;0;0;0;0;0;0;0;0;0;0;0;0;0;0;0;0;0;100;0;0;0;0;0;0
12.09.2024;02:55;A 94;1;0;0;0;0;3;4;0;0;0;0;2;3;0;0;0;0;0;0;0;0;0;0;0;0;0;0;0;0;0;0;0;0;0;0;0;0;1;1;0;100;0;0;0;0;0;0
12.09.2024;02:54;A 94;1;0;0;0;0;0;0;0;0;0;0;1;3;0;0;1;11;0;0;0;0;0;0;0;0;0;0;0;0;0;0;0;0;0;0;0;0;1;1;0;100;0;0;0;0;3;6
12.09.2024;02:53;A 94;1;0;0;0;0;1;5;0;0;0;0;0;0;0;0;0;0;0;0;0;0;0;0;0;0;0;0;0;0;0;0;0;0;0;0;0;0;0;0;0;100;0;0;0;0;0;0
12.09.2024;02:52;A 94;1;0;0;0;0;2;4;1;2;0;0;0;0;0;0;0;0;0;0;0;0;0;0;0;0;0;0;0;0;0;0;0;0;1;1;0;0;1;1;0;100;0;0;0;0;0;0
12.09.2024;02:51;A 94;1;0;0;0;0;0;0;0;0;0;0;1;3;0;0;1;5;0;0;0;0;0;0;0;0;0;0;0;0;0;0;0;0;0;0;0;0;0;0;0;100;0;0;0;0;2;4
12.09.2024;02:50;A 94;1;0;0;0;0;0;0;0;0;0;0;0;0;0;0;0;0;0;0;0;0;0;0;0;0;0;0;0;0;0;0;0;0;1;1;0;0;0;0;0;100;0;0;0;0;0;0
12.09.2024;02:49;A 94;1;0;0;0;0;0;0;0;0;0;0;4;2;0;0;0;0;0;0;0;0;0;0;0;0;0;0;0;0;0;0;0;0;0;0;0;0;1;1;0;100;0;0;0;0;0;0
12.09.2024;02:48;A 94;1;0;0;0;0;0;0;0;0;0;0;1;2;0;0;0;0;0;0;0;0;0;0;0;0;0;0;0;0;0;0;0;0;0;0;0;0;2;2;0;100;0;0;0;0;0;0
12.09.2024;02:47;A 94;1;0;0;0;0;1;2;0;0;0;0;3;2;0;0;0;0;0;0;0;0;0;0;0;0;0;0;0;0;0;0;0;0;0;0;0;0;0;0;0;100;0;0;0;0;0;0
12.09.2024;02:46;A 94;1;1;8;0;0;2;5;0;0;0;0;1;3;0;0;0;0;0;0;0;0;0;0;0;0;0;0;0;0;0;0;0;0;0;0;0;0;3;3;0;100;1;8;0;0;0;0
12.09.2024;02:45;A 94;1;0;0;0;0;0;0;0;0;0;0;3;4;0;0;0;0;0;0;0;0;0;0;0;0;0;0;0;0;0;0;0;0;0;0;0;0;1;1;0;100;0;0;0;0;0;0
12.09.2024;02:44;A 94;1;1;9;0;0;3;6;0;0;0;0;1;2;0;0;0;0;0;0;0;0;0;0;0;0;0;0;0;0;0;0;0;0;1;1;2;1;1;1;0;100;1;9;0;0;0;0
12.09.2024;02:43;A 94;1;2;6;0;0;2;8;0;0;0;0;0;0;1;1;2;42;0;0;0;0;0;0;0;0;0;0;0;0;0;0;0;0;0;0;1;1;1;2;0;100;1;10;0;0;3;12
12.09.2024;02:42;A 94;1;0;0;0;0;3;8;0;0;0;0;0;0;0;0;0;0;0;0;0;0;0;0;0;0;0;0;0;0;0;0;0;0;0;0;0;0;1;1;0;100;0;0;0;0;0;0
12.09.2024;02:41;A 94;1;0;0;0;0;1;3;0;0;0;0;5;8;0;0;0;0;0;0;0;0;0;0;0;0;0;0;0;0;0;0;0;0;0;0;0;0;2;2;0;100;0;0;0;0;0;0
12.09.2024;02:40;A 94;1;0;0;0;0;2;4;0;0;0;0;2;6;0;0;1;6;0;0;0;0;0;0;0;0;0;0;0;0;0;0;0;0;0;0;0;0;2;2;0;100;0;0;0;0;2;3
12.09.2024;02:39;A 94;1;0;0;0;0;0;0;0;0;0;0;1;3;0;0;0;0;0;0;0;0;0;0;0;0;0;0;0;0;0;0;0;0;0;0;0;0;1;1;0;100;0;0;0;0;0;0
12.09.2024;02:38;A 94;1;0;0;0;0;2;4;1;3;0;0;0;0;0;0;0;0;0;0;0;0;0;0;0;0;0;0;0;0;0;0;0;0;0;0;0;0;0;0;0;100;0;0;0;0;0;0
12.09.2024;02:37;A 94;1;0;0;0;0;2;11;1;2;0;0;2;9;5;8;1;4;0;0;0;0;0;0;0;0;0;0;0;0;0;0;0;0;0;0;0;0;4;6;0;100;0;0;0;0;0;0
12.09.2024;02:36;A 94;1;2;6;0;0;1;6;0;0;0;0;4;7;0;0;0;0;0;0;0;0;0;0;0;0;0;0;0;0;0;0;0;0;1;1;0;0;2;2;0;100;1;6;0;0;3;3
12.09.2024;02:35;A 94;1;0;0;0;0;2;3;0;0;0;0;4;8;0;0;0;0;0;0;0;0;0;0;0;0;0;0;0;0;0;0;0;0;0;0;1;1;3;3;0;100;0;0;0;0;0;0
12.09.2024;02:34;A 94;1;0;0;0;0;1;1;0;0;0;0;0;0;0;0;0;0;0;0;0;0;0;0;0;0;0;0;0;0;0;0;0;0;0;0;0;0;0;0;0;100;0;0;0;0;0;0
12.09.2024;02:33;A 94;1;0;0;0;0;0;0;0;0;0;0;3;6;0;0;0;0;0;0;0;0;0;0;0;0;0;0;0;0;0;0;0;0;2;2;0;0;2;2;0;100;0;0;0;0;0;0
12.09.2024;02:32;A 94;1;2;18;2;4;1;1;2;1;0;0;0;0;0;0;0;0;1;2;0;0;0;0;0;0;0;0;0;0;0;0;0;0;4;8;1;1;1;4;0;100;1;9;1;1;0;0
12.09.2024;02:31;A 94;1;0;0;0;0;1;2;0;0;0;0;2;3;0;0;0;0;0;0;0;0;0;0;0;0;0;0;0;0;0;0;0;0;0;0;0;0;1;1;0;100;0;0;0;0;0;0
12.09.2024;02:30;A 94;1;0;0;0;0;0;0;1;1;0;0;0;0;0;0;0;0;0;0;0;0;0;0;0;0;0;0;0;0;0;0;0;0;0;0;2;1;0;0;0;100;0;0;0;0;0;0
12.09.2024;02:29;A 94;1;1;3;0;0;3;5;0;0;0;0;3;5;0;0;0;0;0;0;0;0;0;0;0;0;0;0;0;0;0;0;0;0;1;1;0;0;2;2;0;100;0;0;0;0;0;0
12.09.2024;02:28;A 94;1;0;0;0;0;1;2;1;3;0;0;0;0;0;0;0;0;0;0;0;0;0;0;0;0;0;0;0;0;0;0;0;0;0;0;2;1;0;0;0;100;0;0;0;0;0;0
12.09.2024;02:27;A 94;1;0;0;0;0;2;5;1;1;0;0;2;3;0;0;0;0;0;0;0;0;0;0;0;0;0;0;0;0;0;0;0;0;0;0;0;0;1;1;0;100;0;0;0;0;0;0
12.09.2024;02:26;A 94;1;1;3;5;21;1;1;1;4;0;0;0;0;0;0;0;0;0;0;0;0;0;0;0;0;0;0;0;0;0;0;0;0;0;0;2;2;1;1;0;100;1;9;2;21;0;0
12.09.2024;02:25;A 94;1;1;2;0;0;1;1;0;0;0;0;0;0;0;0;0;0;0;0;0;0;0;0;0;0;0;0;0;0;0;0;0;0;0;0;0;0;0;0;0;100;0;0;0;0;0;0
12.09.2024;02:24;A 94;1;0;0;0;0;1;4;1;2;0;0;0;0;0;0;0;0;0;0;0;0;0;0;0;0;0;0;0;0;0;0;0;0;0;0;0;0;0;0;0;100;0;0;0;0;0;0
12.09.2024;02:23;A 94;1;1;8;0;0;1;4;0;0;0;0;3;2;0;0;0;0;0;0;0;0;0;0;0;0;0;0;0;0;0;0;0;0;0;0;0;0;2;2;0;100;1;8;0;0;0;0
12.09.2024;02:22;A 94;1;0;0;0;0;2;2;1;1;0;0;0;0;0;0;0;0;0;0;0;0;0;0;0;0;0;0;0;0;0;0;0;0;0;0;0;0;0;0;0;100;0;0;0;0;0;0
12.09.2024;02:21;A 94;1;0;0;0;0;0;0;0;0;0;0;1;3;0;0;0;0;0;0;0;0;0;0;0;0;0;0;0;0;0;0;0;0;0;0;2;1;1;1;0;100;0;0;0;0;0;0
12.09.2024;02:20;A 94;1;0;0;0;7;4;8;1;24;0;0;0;0;0;0;0;0;0;0;0;0;0;0;0;0;0;0;0;0;0;0;0;0;0;0;1;1;1;1;0;100;0;0;0;10;0;0
12.09.2024;02:19;A 94;1;0;0;1;7;3;19;0;0;0;0;1;3;0;0;0;0;0;0;0;0;0;0;0;0;0;0;0;0;0;0;0;0;0;0;0;0;0;0;0;100;0;0;1;0;0;0
12.09.2024;02:18;A 94;1;0;0;0;0;2;9;0;0;0;0;0;0;0;0;1;11;0;0;0;0;0;0;0;0;0;0;0;0;0;0;0;0;0;0;0;0;0;0;0;100;0;0;0;0;2;6
12.09.2024;02:17;A 94;1;0;0;0;0;0;0;0;0;0;0;1;3;0;0;0;0;0;0;0;0;0;0;0;0;0;0;0;0;0;0;0;0;0;0;0;0;1;1;0;100;0;0;0;0;0;0
12.09.2024;02:16;A 94;1;3;5;1;6;0;0;0;0;0;0;3;11;3;8;0;0;0;0;0;0;0;0;0;0;0;0;0;0;0;0;0;0;0;0;0;0;3;4;0;100;1;3;1;14;0;0
12.09.2024;02:15;A 94;1;0;0;0;0;3;7;0;0;0;0;1;3;0;0;0;0;0;0;0;0;0;0;0;0;0;0;0;0;0;0;0;0;0;0;0;0;1;1;0;100;0;0;0;0;0;0
12.09.2024;02:14;A 94;1;0;0;3;6;0;2;0;0;0;0;2;6;3;3;0;0;0;0;0;0;0;0;0;0;0;0;0;0;0;0;0;0;0;0;2;2;2;2;0;100;0;0;1;13;2;1
12.09.2024;02:13;A 94;1;0;0;0;0;1;3;2;2;0;0;0;0;0;0;0;0;0;0;0;0;0;0;0;0;0;0;0;0;0;0;0;0;1;1;0;0;0;0;0;100;0;0;0;0;0;0
12.09.2024;02:12;A 94;1;0;0;0;0;2;7;1;2;0;0;2;3;0;0;0;0;0;0;0;0;0;0;0;0;0;0;0;0;0;0;0;0;1;1;0;0;1;1;0;100;0;0;0;0;0;0
12.09.2024;02:11;A 94;1;0;0;0;0;0;0;0;0;0;0;2;2;0;0;0;0;0;0;0;0;0;0;0;0;0;0;0;0;0;0;0;0;0;0;0;0;1;1;0;100;0;0;0;0;0;0
12.09.2024;02:10;A 94;1;0;0;0;0;1;5;0;0;0;0;0;0;0;0;0;0;0;0;0;0;0;0;0;0;0;0;0;0;0;0;0;0;0;0;0;0;0;0;0;100;0;0;0;0;0;0
12.09.2024;02:09;A 94;1;0;0;0;0;2;4;1;3;0;0;1;1;3;2;0;0;0;0;0;0;0;0;0;0;0;0;0;0;0;0;0;0;0;0;1;1;1;1;0;100;0;0;0;0;0;0
12.09.2024;02:08;A 94;1;0;0;0;0;0;0;0;0;0;0;1;3;0;0;0;0;0;0;0;0;0;0;0;0;0;0;0;0;0;0;0;0;0;0;0;0;2;2;0;100;0;0;0;0;0;0
12.09.2024;02:07;A 94;1;2;4;0;0;0;0;0;0;0;0;2;9;0;0;0;0;0;0;0;0;0;0;0;0;0;0;0;0;0;0;0;0;0;0;0;0;1;1;0;100;1;12;0;0;0;0
12.09.2024;02:06;A 94;1;0;0;0;0;2;6;0;0;0;0;0;0;0;0;0;0;0;0;0;0;0;0;0;0;0;0;0;0;0;0;0;0;0;0;0;0;0;0;0;100;0;0;0;0;0;0
12.09.2024;02:05;A 94;1;0;0;0;0;0;0;0;0;0;0;0;0;0;0;0;0;0;0;0;0;0;0;0;0;0;0;0;0;0;0;0;0;0;0;0;0;0;0;0;100;0;0;0;0;0;0
12.09.2024;02:04;A 94;1;0;0;0;0;2;5;0;0;0;0;2;7;2;2;0;0;0;0;0;0;0;0;0;0;0;0;0;0;0;0;0;0;0;0;1;1;2;2;0;100;0;0;0;0;0;0
12.09.2024;02:03;A 94;1;0;0;0;0;3;6;0;0;0;0;2;6;0;0;0;0;0;0;0;0;0;0;0;0;0;0;0;0;0;0;0;0;0;0;0;0;2;2;0;100;0;0;0;0;0;0
12.09.2024;02:02;A 94;1;0;0;0;0;1;2;0;0;0;0;0;0;0;0;0;0;0;0;0;0;0;0;0;0;0;0;0;0;0;0;0;0;0;0;0;0;0;0;0;100;0;0;0;0;0;0
12.09.2024;02:01;A 94;1;1;10;0;0;0;0;0;0;0;0;4;3;0;0;1;6;0;0;0;0;0;0;0;0;0;0;0;0;0;0;0;0;1;1;0;0;4;6;0;100;1;10;0;0;3;2
12.09.2024;02:00;A 94;1;0;0;0;0;0;0;1;3;0;0;2;5;0;0;1;12;0;0;0;0;0;0;0;0;0;0;0;0;0;0;0;0;0;0;0;0;0;0;0;100;0;0;0;0;1;6
