Datum;Uhrzeit;Bezeichnung;Intervall;V11Z;V11B;V12Z;V12B;V13Z;V13B;D21Z;D21B;D22Z;D22B;D23Z;D23B;D24Z;D24B;D31Z;D31B;D32Z;D32B;D33Z;D33B;V41Z;V41B;V42Z;V42B;V43Z;V43B;V44Z;V44B;MP1Z;MP1B;MP2Z;MP2B;MP3Z;MP3B;MP4_GZ;MP4_GB;MP4_LZ;MP4_LB;MP5_RZ;MP5_RB;MP6_RZ;MP6_RB;MP5_GZ;MP5_GB;MP6_GZ;MP6_GB;MP7Z;MP7B;MP8Z;MP8B;MP9Z;MP9B;Power_onZ;Power_onB;Fiber_reserveZ;Fiber_reserveB;LLB-TestZ;LLB-TestB;SyncZ;SyncB;foultZ;foultB
29.02.2024;01:00;A 41;1;0;0;0;0;0;0;0;0;0;0;0;0;0;0;0;0;0;0;0;0;1;35;0;0;1;16;0;0;0;0;0;0;0;0;0;0;0;0;0;0;0;0;0;0;0;0;0;0;0;0;0;0;0;0;0;0;0;0;0;0;0;0
29.02.2024;00:59;A 41;1;0;0;0;0;0;0;0;0;0;0;5;28;1;1;0;0;2;54;0;0;1;8;1;7;0;0;1;4;0;0;0;0;0;0;0;0;0;0;0;0;0;0;0;0;0;0;0;0;0;0;0;0;0;0;0;0;0;0;0;0;0;0
29.02.2024;00:58;A 41;1;1;2;0;0;0;0;0;0;0;0;0;0;0;0;0;0;1;1;1;2;0;0;0;0;0;0;0;0;0;0;0;0;0;0;0;0;0;0;0;0;0;0;0;0;0;0;0;0;0;0;0;0;0;0;0;0;0;0;0;0;0;0
29.02.2024;00:57;A 41;1;0;0;0;0;0;0;0;0;0;0;0;0;1;1;0;0;0;0;0;0;2;11;0;0;2;8;0;0;0;0;0;0;0;0;0;0;0;0;0;0;0;0;0;0;0;0;0;0;0;0;0;0;0;0;0;0;0;0;0;0;0;0
29.02.2024;00:56;A 41;1;0;0;0;0;0;0;0;0;0;0;0;0;0;7;0;0;0;0;1;1;1;8;0;0;1;5;0;0;0;0;0;0;0;0;0;0;0;0;0;0;0;0;0;0;0;0;0;0;0;0;0;0;0;0;0;0;0;0;0;0;0;0
29.02.2024;00:55;A 41;1;0;0;0;0;0;0;0;0;0;0;1;20;1;15;0;0;0;0;0;0;0;0;0;0;0;0;0;0;0;0;0;0;0;0;0;0;0;0;0;0;0;0;0;0;0;0;0;0;0;0;0;0;0;0;0;0;0;0;0;0;0;0
29.02.2024;00:54;A 41;1;1;1;0;0;0;0;0;0;0;0;0;0;0;0;0;0;0;0;0;0;0;0;0;0;0;0;0;0;0;0;0;0;0;0;0;0;0;0;0;0;0;0;0;0;0;0;0;0;0;0;0;0;0;0;0;0;0;0;0;0;0;0
29.02.2024;00:53;A 41;1;0;0;0;0;0;0;0;0;0;0;2;24;0;0;0;0;0;0;0;0;2;27;0;0;2;1;0;0;0;0;0;0;0;0;0;0;0;0;0;0;0;0;0;0;0;0;0;0;0;0;0;0;0;0;0;0;0;0;0;0;0;0
29.02.2024;00:52;A 41;1;0;0;0;0;1;1;0;0;0;0;1;20;0;0;0;0;0;0;0;0;2;9;0;0;0;0;0;0;0;0;0;0;0;0;0;0;0;0;0;0;0;0;0;0;0;0;0;0;0;0;0;0;0;0;0;0;0;0;0;0;0;0
29.02.2024;00:51;A 41;1;0;0;0;0;0;0;0;0;0;0;0;0;0;0;0;0;1;1;0;0;0;0;0;0;0;0;0;0;0;0;0;0;0;0;0;0;0;0;0;0;0;0;0;0;0;0;0;0;0;0;0;0;0;0;0;0;0;0;0;0;0;0
29.02.2024;00:50;A 41;1;0;0;0;0;0;0;0;0;0;0;1;2;0;0;0;0;0;0;0;0;0;0;1;5;0;0;1;12;0;0;0;0;0;0;0;0;0;0;0;0;0;0;0;0;0;0;0;0;0;0;0;0;0;0;0;0;0;0;0;0;0;0
29.02.2024;00:49;A 41;1;0;0;2;3;3;7;0;0;0;0;0;0;1;1;0;0;1;1;1;0;2;9;0;0;0;0;0;0;0;0;0;0;0;0;0;0;0;0;0;0;0;0;0;0;0;0;0;0;0;0;0;0;0;0;0;0;0;0;0;0;0;0
29.02.2024;00:48;A 41;1;0;0;1;1;2;2;0;0;0;0;0;0;0;0;1;1;2;1;0;0;0;0;0;0;0;0;0;0;0;0;0;0;0;0;0;0;0;0;0;0;0;0;0;0;0;0;0;0;0;0;0;0;0;0;0;0;0;0;0;0;0;0
29.02.2024;00:47;A 41;1;2;13;1;1;1;2;0;0;0;0;0;0;1;1;0;0;0;0;0;0;0;0;0;0;0;0;0;0;0;0;0;0;0;0;0;0;0;0;0;0;0;0;0;0;0;0;0;0;0;0;0;0;0;0;0;0;0;0;0;0;0;0
29.02.2024;00:46;A 41;1;0;0;1;1;1;1;0;0;0;0;0;0;1;1;0;0;0;0;0;0;0;0;0;0;0;0;0;0;0;0;0;0;0;0;0;0;0;0;0;0;0;0;0;0;0;0;0;0;0;0;0;0;0;0;0;0;0;0;0;0;0;0
29.02.2024;00:45;A 41;1;1;2;2;2;0;0;0;0;0;0;0;21;0;0;0;0;1;1;1;1;1;10;0;0;0;0;0;0;0;0;0;0;0;0;0;0;0;0;0;0;0;0;0;0;0;0;0;0;0;0;0;0;0;0;0;0;0;0;0;0;0;0
29.02.2024;00:44;A 41;1;0;0;0;0;0;0;0;0;0;0;1;1;0;0;0;0;0;0;0;0;0;0;0;0;0;0;0;0;0;0;0;0;0;0;0;0;0;0;0;0;0;0;0;0;0;0;0;0;0;0;0;0;0;0;0;0;0;0;0;0;0;0
29.02.2024;00:43;A 41;1;1;2;1;1;1;4;0;0;0;0;0;0;1;1;0;0;1;9;0;0;0;0;0;0;0;0;0;0;0;0;0;0;0;0;0;0;0;0;0;0;0;0;0;0;0;0;0;0;0;0;0;0;0;0;0;0;0;0;0;0;0;0
29.02.2024;00:42;A 41;1;0;0;0;0;0;0;0;0;0;0;0;0;0;0;0;0;0;0;0;0;0;0;1;13;0;0;1;5;0;0;0;0;0;0;0;0;0;0;0;0;0;0;0;0;0;0;0;0;0;0;0;0;0;0;0;0;0;0;0;0;0;0
29.02.2024;00:41;A 41;1;0;0;0;0;0;0;0;0;0;0;0;0;0;0;0;0;0;0;0;0;0;0;0;0;0;0;0;0;0;0;0;0;0;0;0;0;0;0;0;0;0;0;0;0;0;0;0;0;0;0;0;0;0;0;0;0;0;0;0;0;0;0
29.02.2024;00:40;A 41;1;0;0;0;0;0;0;0;0;0;0;0;14;0;0;0;0;0;0;0;0;1;12;0;0;1;1;0;0;0;0;0;0;0;0;0;0;0;0;0;0;0;0;0;0;0;0;0;0;0;0;0;0;0;0;0;0;0;0;0;0;0;0
29.02.2024;00:39;A 41;1;1;3;0;0;0;0;0;0;0;0;1;8;0;0;0;0;0;0;0;0;0;0;0;0;0;0;0;0;0;0;0;0;0;0;0;0;0;0;0;0;0;0;0;0;0;0;0;0;0;0;0;0;0;0;0;0;0;0;0;0;0;0
29.02.2024;00:38;A 41;1;2;3;0;0;0;0;0;0;0;0;0;0;0;0;1;1;2;6;1;6;1;11;0;0;1;4;0;0;0;0;0;0;0;0;0;0;0;0;0;0;0;0;0;0;0;0;0;0;0;0;0;0;0;0;0;0;0;0;0;0;0;0
29.02.2024;00:37;A 41;1;0;0;1;2;0;0;0;0;0;0;0;40;0;0;0;0;0;0;0;0;0;0;0;0;0;0;0;0;0;0;0;0;0;0;0;0;0;0;0;0;0;0;0;0;0;0;0;0;0;0;0;0;0;0;0;0;0;0;0;0;0;0
29.02.2024;00:36;A 41;1;0;0;1;1;0;0;0;0;0;0;1;0;0;0;0;0;1;1;0;0;1;13;0;0;0;0;1;6;0;0;0;0;0;0;0;0;0;0;0;0;0;0;0;0;0;0;0;0;0;0;0;0;0;0;0;0;0;0;0;0;0;0
29.02.2024;00:35;A 41;1;1;6;0;0;0;0;0;0;0;0;0;0;0;0;1;25;1;1;0;0;2;16;0;0;0;0;0;0;0;0;0;0;0;0;0;0;0;0;0;0;0;0;0;0;0;0;0;0;0;0;0;0;0;0;0;0;0;0;0;0;0;0
29.02.2024;00:34;A 41;1;0;0;0;0;0;0;0;0;0;0;0;0;1;5;1;8;1;7;0;0;0;0;0;0;0;0;0;0;0;0;0;0;0;0;0;0;0;0;1;2;1;2;0;0;0;0;0;0;0;0;0;0;0;0;0;0;0;0;0;0;0;0
29.02.2024;00:33;A 41;1;0;0;0;0;0;0;0;0;0;0;0;0;1;22;0;0;0;0;1;1;0;0;0;0;0;0;0;0;0;0;0;0;0;0;0;0;0;0;0;0;0;0;0;0;0;0;0;0;0;0;0;0;0;0;0;0;0;0;0;0;0;0
29.02.2024;00:32;A 41;1;1;3;0;0;0;0;0;0;0;0;0;0;0;0;0;0;0;0;0;0;0;0;0;0;2;21;0;0;0;0;0;0;0;0;0;0;0;0;0;0;0;0;0;0;0;0;0;0;0;0;0;0;0;0;0;0;0;0;0;0;0;0
29.02.2024;00:31;A 41;1;0;0;0;0;1;2;0;0;0;0;1;13;0;0;0;0;1;11;0;0;3;24;0;0;1;19;0;0;0;0;0;0;0;0;0;0;0;0;0;0;0;0;0;0;0;0;0;0;0;0;0;0;0;0;0;0;0;0;0;0;0;0
29.02.2024;00:30;A 41;1;0;0;0;0;0;0;0;0;0;0;1;31;0;0;0;0;0;0;0;0;1;11;1;10;1;27;2;9;0;0;0;0;0;0;0;0;0;0;0;0;0;0;0;0;0;0;0;0;0;0;0;0;0;0;0;0;0;0;0;0;0;0
29.02.2024;00:29;A 41;1;0;0;0;0;0;0;0;0;0;0;1;22;0;0;0;0;0;0;0;0;0;0;0;0;0;0;0;0;0;0;0;0;0;0;0;0;0;0;0;0;0;0;0;0;0;0;0;0;0;0;0;0;0;0;0;0;0;0;0;0;0;0
29.02.2024;00:28;A 41;1;0;0;0;0;1;31;0;0;0;0;0;0;2;6;1;39;1;1;1;2;0;0;0;0;0;0;0;0;0;0;0;0;0;0;0;0;1;2;0;0;0;0;0;0;0;0;0;0;0;0;0;0;0;0;0;0;0;0;0;0;0;0
29.02.2024;00:27;A 41;1;2;9;2;3;1;30;0;0;0;0;0;0;0;0;1;90;0;0;0;0;0;0;0;0;0;0;0;0;0;0;0;0;0;0;0;0;0;0;0;0;0;0;0;0;0;0;0;0;0;0;0;0;0;0;0;0;0;0;0;0;0;0
29.02.2024;00:26;A 41;1;1;2;1;1;1;2;0;0;0;0;0;0;1;1;0;0;0;0;1;1;1;10;0;0;2;9;0;0;0;0;0;0;0;0;0;0;0;0;0;0;0;0;0;0;0;0;0;0;0;0;0;0;0;0;0;0;0;0;0;0;0;0
29.02.2024;00:25;A 41;1;0;0;1;1;1;2;0;0;0;0;0;0;2;3;0;0;1;1;0;0;0;0;0;0;0;0;0;0;0;0;0;0;0;0;0;0;0;0;0;0;0;0;0;0;0;0;0;0;0;0;0;0;0;0;0;0;0;0;0;0;0;0
29.02.2024;00:24;A 41;1;0;0;1;1;0;0;0;0;0;0;0;0;0;0;0;0;1;1;0;0;1;12;1;6;0;0;0;0;0;0;0;0;0;0;0;0;0;0;0;0;0;0;0;0;0;0;0;0;0;0;0;0;0;0;0;0;0;0;0;0;0;0
29.02.2024;00:23;A 41;1;1;2;1;2;0;0;0;0;0;0;0;0;0;0;0;0;1;1;0;0;1;24;0;0;2;2;0;0;0;0;0;0;0;0;0;0;0;0;0;0;0;0;0;0;0;0;0;0;0;0;0;0;0;0;0;0;0;0;0;0;0;0
29.02.2024;00:22;A 41;1;0;0;0;0;0;0;0;0;0;0;0;0;0;0;0;0;0;0;0;0;0;0;0;0;0;0;0;0;0;0;0;0;0;0;0;0;0;0;0;0;0;0;0;0;0;0;0;0;0;0;0;0;0;0;0;0;0;0;0;0;0;0
29.02.2024;00:21;A 41;1;0;0;0;0;0;0;0;0;0;0;0;0;0;0;0;0;1;1;0;0;0;0;0;0;0;0;0;0;0;0;0;0;0;0;0;0;0;0;0;0;0;0;0;0;0;0;0;0;0;0;0;0;0;0;0;0;0;0;0;0;0;0
29.02.2024;00:20;A 41;1;1;4;0;0;0;0;0;0;0;0;2;3;0;0;1;18;0;0;0;0;1;14;2;26;0;0;1;12;0;0;0;0;0;0;0;0;0;0;0;0;0;0;0;0;0;0;0;0;0;0;0;0;0;0;0;0;0;0;0;0;0;0
29.02.2024;00:19;A 41;1;0;0;0;0;0;0;0;0;0;0;0;0;0;0;0;0;0;0;0;0;3;11;1;19;0;0;1;5;0;0;0;0;0;0;0;0;0;0;0;0;0;0;0;0;0;0;0;0;0;0;0;0;0;0;0;0;0;0;0;0;0;0
29.02.2024;00:18;A 41;1;0;0;0;0;0;0;0;0;0;0;1;1;0;0;0;0;1;1;0;0;2;12;0;0;1;1;0;0;0;0;0;0;0;0;0;0;0;0;0;0;0;0;0;0;0;0;0;0;0;0;0;0;0;0;0;0;0;0;0;0;0;0
29.02.2024;00:17;A 41;1;1;1;0;0;0;0;0;0;0;0;1;23;0;0;1;1;1;0;0;0;0;0;0;0;0;0;0;0;0;0;0;0;0;0;0;0;0;0;0;0;0;0;0;0;0;0;0;0;0;0;0;0;0;0;0;0;0;0;0;0;0;0
29.02.2024;00:16;A 41;1;0;0;1;3;2;33;0;0;0;0;2;20;0;0;0;0;0;0;0;0;0;0;0;0;0;0;0;0;0;0;0;0;0;0;0;0;0;0;0;0;0;0;0;0;0;0;0;0;0;0;0;0;0;0;0;0;0;0;0;0;0;0
29.02.2024;00:15;A 41;1;0;0;0;0;0;0;0;0;0;0;2;40;0;0;0;0;0;0;0;0;1;9;1;18;1;0;2;2;0;0;0;0;0;0;0;0;0;0;0;0;0;0;0;0;0;0;0;0;0;0;0;0;0;0;0;0;0;0;0;0;0;0
29.02.2024;00:14;A 41;1;0;0;0;0;0;0;0;0;0;0;1;44;0;0;0;0;0;0;0;0;1;2;0;0;1;2;0;0;0;0;0;0;0;0;0;0;0;0;0;0;0;0;0;0;0;0;0;0;0;0;0;0;0;0;0;0;0;0;0;0;0;0
29.02.2024;00:13;A 41;1;2;2;2;1;1;2;0;0;0;0;2;33;1;0;0;0;0;0;0;0;1;10;0;0;1;0;0;0;0;0;0;0;0;0;0;0;0;0;0;0;0;0;0;0;0;0;0;0;0;0;0;0;0;0;0;0;0;0;0;0;0;0
29.02.2024;00:12;A 41;1;0;5;0;0;0;0;0;0;0;0;1;13;0;0;0;0;1;2;0;0;0;0;0;0;0;0;0;0;0;0;0;0;0;0;0;0;0;0;0;0;0;0;0;0;0;0;0;0;0;0;0;0;0;0;0;0;0;0;0;0;0;0
29.02.2024;00:11;A 41;1;4;6;2;1;2;6;0;0;0;0;0;0;2;2;0;0;0;0;0;0;0;0;1;12;0;0;1;6;0;0;0;0;0;0;0;0;0;0;0;0;0;0;0;0;0;0;0;0;0;0;0;0;0;0;0;0;0;0;0;0;0;0
29.02.2024;00:10;A 41;1;1;2;0;0;0;0;0;0;0;0;0;0;0;0;0;0;0;0;0;0;1;22;0;0;1;4;0;0;0;0;0;0;0;0;0;0;0;0;0;0;0;0;0;0;0;0;0;0;0;0;0;0;0;0;0;0;0;0;0;0;0;0
29.02.2024;00:09;A 41;1;0;0;2;6;1;3;0;0;0;0;0;0;0;0;0;0;1;1;1;2;1;14;0;0;0;0;0;0;0;0;0;0;0;0;0;0;0;0;0;0;0;0;0;0;0;0;0;0;0;0;0;0;0;0;0;0;0;0;0;0;0;0
29.02.2024;00:08;A 41;1;0;0;0;0;0;0;0;0;0;0;0;0;0;0;0;0;0;0;0;0;0;0;0;0;0;0;0;0;0;0;0;0;0;0;0;0;0;0;0;0;0;0;0;0;0;0;0;0;0;0;0;0;0;0;0;0;0;0;0;0;0;0
29.02.2024;00:07;A 41;1;0;5;0;0;0;38;0;0;0;0;0;3;0;0;0;0;0;0;0;0;0;0;0;0;0;0;0;0;0;0;0;0;0;0;0;0;0;0;0;0;0;0;0;0;0;0;0;0;0;0;0;0;0;0;0;0;0;0;0;0;0;0
29.02.2024;00:06;A 41;1;1;0;0;1;1;3;0;0;0;0;3;48;0;0;0;0;1;1;1;1;0;0;0;0;0;0;0;0;0;0;0;0;0;0;0;0;0;0;0;0;0;0;0;0;0;0;0;0;0;0;0;0;0;0;0;0;0;0;0;0;0;0
29.02.2024;00:05;A 41;1;1;2;1;0;0;0;0;0;0;0;0;0;0;0;0;0;0;0;0;0;2;26;0;0;5;15;0;0;0;0;0;0;0;0;0;0;0;0;0;0;0;0;0;0;0;0;0;0;0;0;0;0;0;0;0;0;0;0;0;0;0;0
29.02.2024;00:04;A 41;1;1;2;2;4;1;2;0;0;0;0;1;23;0;0;0;0;0;0;0;0;2;13;0;0;1;26;0;0;0;0;0;0;0;0;0;0;0;0;0;0;0;0;0;0;0;0;0;0;0;0;0;0;0;0;0;0;0;0;0;0;0;0
29.02.2024;00:03;A 41;1;3;3;3;2;2;4;0;0;0;0;0;0;1;1;0;0;0;0;0;0;0;0;0;0;0;0;0;0;0;0;0;0;0;0;0;0;0;0;0;0;0;0;0;0;0;0;0;0;0;0;0;0;0;0;0;0;0;0;0;0;0;0
29.02.2024;00:02;A 41;1;0;0;0;0;1;3;0;0;0;0;0;48;1;5;1;7;1;6;2;32;0;0;0;0;0;47;0;0;0;0;0;0;0;0;0;0;0;0;0;0;1;2;0;0;0;0;0;0;0;0;0;0;0;0;0;0;0;0;0;0;0;0
29.02.2024;00:01;A 41;1;2;3;1;1;1;1;0;0;0;0;1;26;0;0;0;0;1;1;0;0;3;22;0;0;3;36;0;0;0;0;0;0;0;0;0;0;0;0;1;2;0;0;0;0;0;0;0;0;0;0;0;0;0;0;0;0;0;0;0;0;0;0
29.02.2024;00:00;A 41;1;1;1;0;0;2;5;0;0;0;0;2;14;3;7;1;1;1;1;2;2;2;15;0;1;3;9;0;0;0;0;0;0;0;0;0;0;0;0;0;0;0;0;0;0;0;0;0;0;0;0;0;0;0;0;0;0;0;0;0;0;0;0
28.02.2024;23:59;A 41;1;0;0;1;1;1;6;0;0;0;0;0;0;1;25;0;0;0;0;0;0;1;13;1;10;1;2;0;0;0;0;0;0;0;0;0;0;1;2;0;0;0;0;0;0;0;0;0;0;0;0;0;0;0;0;0;0;0;0;0;0;0;0
28.02.2024;23:58;A 41;1;0;0;0;0;0;0;0;0;0;0;0;0;0;0;0;0;0;0;0;0;0;0;0;0;0;0;0;0;0;0;0;0;0;0;0;0;0;0;0;0;0;0;0;0;0;0;0;0;0;0;0;0;0;0;0;0;0;0;0;0;0;0
28.02.2024;23:57;A 41;1;1;1;1;1;1;23;0;0;0;0;1;1;1;24;2;19;1;1;2;34;0;0;0;0;0;0;0;0;0;0;0;0;0;0;0;0;0;0;0;0;0;0;0;0;0;0;0;0;0;0;0;0;0;0;0;0;0;0;0;0;0;0
28.02.2024;23:56;A 41;1;0;0;1;2;0;0;0;0;0;0;1;7;0;0;1;22;1;0;2;8;0;0;1;17;0;0;1;12;0;0;0;0;0;0;0;0;0;0;0;0;0;0;0;0;0;0;0;0;0;0;0;0;0;0;0;0;0;0;0;0;0;0
28.02.2024;23:55;A 41;1;2;1;0;0;0;0;0;0;0;0;0;22;1;2;1;21;1;19;1;1;1;13;0;0;2;35;0;0;0;0;0;0;0;0;0;0;0;0;0;0;0;0;0;0;0;0;0;0;0;0;0;0;0;0;0;0;0;0;0;0;0;0
28.02.2024;23:54;A 41;1;0;0;1;1;1;8;0;0;0;0;4;24;0;0;0;0;1;1;1;2;0;0;0;0;0;0;2;36;0;0;0;0;0;0;0;0;0;0;0;0;0;0;0;0;0;0;0;0;0;0;0;0;0;0;0;0;0;0;0;0;0;0
28.02.2024;23:53;A 41;1;0;0;0;0;0;0;0;0;0;0;2;27;0;0;0;0;0;0;0;0;0;0;0;0;0;0;0;0;0;0;0;0;0;0;0;0;0;0;0;0;0;0;0;0;0;0;0;0;0;0;0;0;0;0;0;0;0;0;0;0;0;0
28.02.2024;23:52;A 41;1;1;3;1;3;0;0;0;0;0;0;0;0;2;27;0;12;2;2;1;1;0;0;0;0;0;0;0;0;0;0;0;0;0;0;0;0;0;0;0;0;0;0;0;0;0;0;0;0;0;0;0;0;0;0;0;0;0;0;0;0;0;0
28.02.2024;23:51;A 41;1;0;0;0;0;0;0;0;0;0;0;0;0;0;0;1;5;2;1;0;0;0;0;0;0;0;15;0;0;0;0;0;0;0;0;0;0;0;0;0;0;0;0;0;0;0;0;0;0;0;0;0;0;0;0;0;0;0;0;0;0;0;0
28.02.2024;23:50;A 41;1;1;1;0;0;0;0;0;0;0;0;0;0;0;0;0;0;1;1;0;0;1;11;0;0;1;13;0;0;0;0;0;0;0;0;0;0;0;0;0;0;0;0;0;0;0;0;0;0;0;0;0;0;0;0;0;0;0;0;0;0;0;0
28.02.2024;23:49;A 41;1;3;4;1;1;0;0;0;0;0;0;1;1;0;0;0;0;3;2;2;1;0;0;0;0;0;0;0;0;0;0;0;0;0;0;0;0;0;0;0;0;0;0;0;0;0;0;0;0;0;0;0;0;0;0;0;0;0;0;0;0;0;0
28.02.2024;23:48;A 41;1;0;0;1;3;0;0;0;0;0;0;1;3;0;0;0;0;0;0;0;0;1;2;0;0;0;0;2;14;0;0;0;0;0;0;0;0;0;0;0;0;0;0;0;0;0;0;0;0;0;0;0;0;0;0;0;0;0;0;0;0;0;0
28.02.2024;23:47;A 41;1;2;1;1;4;0;0;0;0;0;0;1;7;1;0;0;0;0;0;0;0;1;16;0;0;2;7;0;0;0;0;0;0;0;0;0;0;0;0;0;0;0;0;0;0;0;0;0;0;0;0;0;0;0;0;0;0;0;0;0;0;0;0
28.02.2024;23:46;A 41;1;0;0;0;0;0;0;0;0;0;0;0;0;0;0;0;0;0;0;0;0;1;3;2;25;0;0;1;4;0;0;0;0;0;0;0;0;0;0;0;0;0;0;0;0;0;0;0;0;0;0;0;0;0;0;0;0;0;0;0;0;0;0
28.02.2024;23:45;A 41;1;0;0;0;0;0;0;0;0;0;0;0;0;1;1;0;0;1;1;1;2;1;15;0;0;1;2;0;0;0;0;0;0;0;0;0;0;0;0;0;0;0;0;0;0;0;0;0;0;0;0;0;0;0;0;0;0;0;0;0;0;0;0
28.02.2024;23:44;A 41;1;0;0;1;1;1;2;0;0;0;0;0;19;0;0;0;0;1;1;0;0;0;0;0;0;0;0;0;0;0;0;0;0;0;0;0;0;0;0;0;0;0;0;0;0;0;0;0;0;0;0;0;0;0;0;0;0;0;0;0;0;0;0
28.02.2024;23:43;A 41;1;0;0;0;0;3;6;0;0;0;0;2;15;2;2;0;0;1;0;0;0;2;14;1;9;2;3;0;0;0;0;0;0;0;0;0;0;0;0;0;0;0;0;0;0;0;0;0;0;0;0;0;0;0;0;0;0;0;0;0;0;0;0
28.02.2024;23:42;A 41;1;2;2;0;0;0;0;0;0;0;0;0;5;0;0;1;1;1;2;0;0;2;11;0;0;0;0;0;0;0;0;0;0;0;0;0;0;0;0;0;0;0;0;0;0;0;0;0;0;0;0;0;0;0;0;0;0;0;0;0;0;0;0
28.02.2024;23:41;A 41;1;1;2;2;3;2;35;0;0;0;0;1;26;2;2;0;0;0;0;1;19;0;0;0;0;0;0;0;0;0;0;0;0;0;0;0;0;0;0;0;0;0;0;0;0;0;0;0;0;0;0;0;0;0;0;0;0;0;0;0;0;0;0
28.02.2024;23:40;A 41;1;1;2;0;0;0;0;0;0;0;0;0;0;0;0;0;0;1;1;1;1;0;0;0;0;0;0;0;0;0;0;0;0;0;0;0;0;0;0;0;0;0;0;0;0;0;0;0;0;0;0;0;0;0;0;0;0;0;0;0;0;0;0
28.02.2024;23:39;A 41;1;2;2;1;1;0;0;0;0;0;0;0;0;0;0;0;0;0;0;0;0;0;0;0;0;0;0;0;0;0;0;0;0;0;0;0;0;0;0;0;0;0;0;0;0;0;0;0;0;0;0;0;0;0;0;0;0;0;0;0;0;0;0
28.02.2024;23:38;A 41;1;0;0;1;3;0;0;0;0;0;0;0;0;0;0;1;2;1;24;2;9;1;11;1;13;2;1;1;14;0;0;0;0;0;0;0;0;0;0;0;0;0;0;0;0;0;0;0;0;0;0;0;0;0;0;0;0;0;0;0;0;0;0
28.02.2024;23:37;A 41;1;1;2;0;0;0;0;0;0;0;0;2;19;1;22;0;0;1;31;2;12;1;7;0;0;1;1;1;2;0;0;0;0;0;0;0;0;0;0;0;0;0;0;0;0;0;0;0;0;0;0;0;0;0;0;0;0;0;0;0;0;0;0
28.02.2024;23:36;A 41;1;0;0;0;0;0;0;0;0;0;0;2;34;0;0;0;0;1;4;0;0;1;15;2;19;1;2;3;4;0;0;0;0;0;0;0;0;0;0;0;0;0;0;0;0;0;0;0;0;0;0;0;0;0;0;0;0;0;0;0;0;0;0
28.02.2024;23:35;A 41;1;2;2;0;0;0;0;0;0;0;0;2;6;0;0;0;0;1;0;1;1;0;0;0;0;0;0;0;0;0;0;0;0;0;0;0;0;0;0;0;0;0;0;0;0;0;0;0;0;0;0;0;0;0;0;0;0;0;0;0;0;0;0
28.02.2024;23:34;A 41;1;1;2;1;1;2;4;0;0;0;0;1;18;0;0;0;0;0;0;0;0;0;0;0;0;0;0;0;0;0;0;0;0;0;0;0;0;0;0;0;0;0;0;0;0;0;0;0;0;0;0;0;0;0;0;0;0;0;0;0;0;0;0
28.02.2024;23:33;A 41;1;0;0;2;3;1;14;0;0;0;0;2;27;1;1;0;0;0;0;1;2;0;0;0;0;0;0;0;0;0;0;0;0;0;0;0;0;0;0;0;0;0;0;0;0;0;0;0;0;0;0;0;0;0;0;0;0;0;0;0;0;0;0
28.02.2024;23:32;A 41;1;0;0;0;0;0;0;0;0;0;0;2;80;1;4;1;6;2;6;0;0;1;10;0;0;0;0;0;0;0;0;0;0;0;0;0;0;0;0;1;2;1;2;0;0;0;0;0;0;0;0;0;0;0;0;0;0;0;0;0;0;0;0
28.02.2024;23:31;A 41;1;1;1;1;1;1;2;0;0;0;0;1;62;0;0;1;1;4;32;3;36;1;12;0;0;0;0;0;0;0;0;0;0;0;0;0;0;0;0;0;0;0;0;0;0;0;0;0;0;0;0;0;0;0;0;0;0;0;0;0;0;0;0
28.02.2024;23:30;A 41;1;0;0;2;2;3;11;0;0;0;0;2;43;1;1;1;20;1;21;0;5;1;15;1;13;0;0;2;3;0;0;0;0;0;0;0;0;0;0;0;0;0;0;0;0;0;0;0;0;0;0;0;0;0;0;0;0;0;0;0;0;0;0
28.02.2024;23:29;A 41;1;0;0;0;0;0;0;0;0;0;0;2;24;0;0;0;0;1;14;1;15;1;13;0;0;1;8;0;0;0;0;0;0;0;0;0;0;0;0;0;0;0;0;0;0;0;0;0;0;0;0;0;0;0;0;0;0;0;0;0;0;0;0
28.02.2024;23:28;A 41;1;0;0;0;0;0;0;0;0;0;0;1;4;1;4;0;0;1;78;3;84;1;9;0;0;0;0;0;0;0;0;0;0;0;0;0;0;1;2;0;0;0;0;0;0;0;0;0;0;0;0;0;0;0;0;0;0;0;0;0;0;0;0
28.02.2024;23:27;A 41;1;0;0;1;2;2;6;0;0;0;0;1;2;0;0;1;1;2;59;1;61;2;22;0;0;2;4;0;0;0;0;0;0;0;0;0;0;0;0;0;0;0;0;0;0;0;0;0;0;0;0;0;0;0;0;0;0;0;0;0;0;0;0
28.02.2024;23:26;A 41;1;0;0;5;10;4;20;0;0;0;0;0;13;1;52;0;0;1;1;2;3;0;21;0;0;5;16;0;0;0;0;0;0;0;0;0;0;0;0;0;0;0;0;0;0;0;0;0;0;0;0;0;0;0;0;0;0;0;0;0;0;0;0
28.02.2024;23:25;A 41;1;0;0;3;4;1;31;0;0;0;0;1;3;1;13;1;1;1;0;0;0;2;28;1;12;1;4;2;4;0;0;0;0;0;0;0;0;0;0;0;0;0;0;0;0;0;0;0;0;0;0;0;0;0;0;0;0;0;0;0;0;0;0
28.02.2024;23:24;A 41;1;0;0;1;2;1;2;0;0;0;0;4;5;2;5;1;1;2;3;0;0;0;0;0;0;0;0;0;0;0;0;0;0;0;0;0;0;0;0;0;0;0;0;0;0;0;0;0;0;0;0;0;0;0;0;0;0;0;0;0;0;0;0
28.02.2024;23:23;A 41;1;0;0;4;3;3;4;0;0;0;0;0;0;0;0;1;2;0;0;0;0;1;10;0;0;0;0;0;0;0;0;0;0;0;0;0;0;0;0;0;0;0;0;0;0;0;0;0;0;0;0;0;0;0;0;0;0;0;0;0;0;0;0
28.02.2024;23:22;A 41;1;2;2;1;1;2;4;0;0;0;0;1;1;0;0;1;33;0;0;0;0;2;21;0;0;3;14;0;0;0;0;0;0;0;0;0;0;0;0;0;0;0;0;0;0;0;0;0;0;0;0;0;0;0;0;0;0;0;0;0;0;0;0
28.02.2024;23:21;A 41;1;1;3;0;0;0;0;0;0;0;0;1;11;0;0;0;9;1;1;0;9;2;22;0;0;1;5;0;0;0;0;0;0;0;0;0;0;0;0;0;0;0;0;0;0;0;0;0;0;0;0;0;0;0;0;0;0;0;0;0;0;0;0
28.02.2024;23:20;A 41;1;1;2;0;0;0;0;0;0;0;0;0;25;1;1;2;5;1;0;1;17;1;5;1;8;1;2;1;1;0;0;0;0;0;0;0;0;0;0;0;0;0;0;0;0;0;0;0;0;0;0;0;0;0;0;0;0;0;0;0;0;0;0
28.02.2024;23:19;A 41;1;2;3;2;2;2;27;0;0;0;0;1;17;2;1;0;19;0;0;0;0;1;15;1;13;2;9;1;32;0;0;0;0;0;0;0;0;0;0;0;0;0;0;0;0;0;0;0;0;0;0;0;0;0;0;0;0;0;0;0;0;0;0
28.02.2024;23:18;A 41;1;0;0;4;9;2;22;0;0;0;0;1;6;3;9;1;64;2;22;1;15;2;17;1;16;2;13;3;8;0;0;0;0;0;0;0;0;0;0;0;0;0;0;0;0;0;0;0;0;0;0;0;0;0;0;0;0;0;0;0;0;0;0
28.02.2024;23:17;A 41;1;2;1;1;1;0;0;0;0;0;0;3;28;0;0;1;0;1;1;0;0;0;0;2;8;0;0;0;0;0;0;0;0;0;0;0;0;0;0;0;0;0;0;0;0;0;0;0;0;0;0;0;0;0;0;0;0;0;0;0;0;0;0
28.02.2024;23:16;A 41;1;0;0;1;1;0;0;0;0;0;0;3;41;0;0;1;56;1;45;0;0;0;0;0;0;0;0;0;0;0;0;0;0;0;0;0;0;0;0;0;0;0;0;0;0;0;0;0;0;0;0;0;0;0;0;0;0;0;0;0;0;0;0
28.02.2024;23:15;A 41;1;0;0;0;0;1;3;0;0;0;0;0;0;1;1;1;27;1;17;0;0;1;14;0;0;3;28;1;1;0;0;0;0;0;0;0;0;0;0;0;0;0;0;0;0;0;0;0;0;0;0;0;0;0;0;0;0;0;0;0;0;0;0
28.02.2024;23:14;A 41;1;0;0;1;2;0;0;0;0;0;0;1;22;0;0;1;16;0;0;0;0;1;3;1;8;0;10;2;4;0;0;0;0;0;0;0;0;0;0;0;0;0;0;0;0;0;0;0;0;0;0;0;0;0;0;0;0;0;0;0;0;0;0
28.02.2024;23:13;A 41;1;1;3;0;0;3;4;0;0;0;0;0;0;2;2;0;9;0;13;1;1;0;2;1;10;2;59;0;0;0;0;0;0;0;0;0;0;0;0;0;0;0;0;0;0;0;0;0;0;0;0;0;0;0;0;0;0;0;0;0;0;0;0
28.02.2024;23:12;A 41;1;2;4;1;1;4;47;0;0;0;0;0;0;1;5;1;21;1;93;0;0;2;23;0;0;1;3;0;0;0;0;0;0;0;0;0;0;1;2;0;0;0;0;0;0;0;0;0;0;0;0;0;0;0;0;0;0;0;0;0;0;0;0
28.02.2024;23:11;A 41;1;2;2;5;8;3;16;0;0;0;0;0;0;0;0;0;0;0;0;0;11;1;2;0;0;0;0;2;7;0;0;0;0;0;0;0;0;0;0;0;0;0;0;0;0;0;0;0;0;0;0;0;0;0;0;0;0;0;0;0;0;0;0
28.02.2024;23:10;A 41;1;5;7;4;4;1;32;0;0;0;0;4;55;1;8;0;0;2;13;1;12;0;0;0;0;0;0;0;0;0;0;0;0;0;0;0;0;0;0;0;0;0;0;0;0;0;0;0;0;0;0;0;0;0;0;0;0;0;0;0;0;0;0
28.02.2024;23:09;A 41;1;0;0;1;1;1;33;0;0;0;0;1;1;0;0;1;6;2;10;1;2;1;3;0;0;1;17;0;0;0;0;0;0;0;0;0;0;0;0;0;0;0;0;0;0;0;0;0;0;0;0;0;0;0;0;0;0;0;0;0;0;0;0
28.02.2024;23:08;A 41;1;2;2;1;1;0;0;0;0;0;0;1;1;1;26;1;1;2;4;0;0;1;12;0;0;2;6;0;0;0;0;0;0;0;0;0;0;0;0;0;0;0;0;0;0;0;0;0;0;0;0;0;0;0;0;0;0;0;0;0;0;0;0
28.02.2024;23:07;A 41;1;3;4;0;0;1;9;0;0;0;0;2;11;1;1;0;0;0;0;0;0;0;1;0;2;0;0;2;3;0;0;0;0;0;0;0;0;0;0;0;0;0;0;0;0;0;0;0;0;0;0;0;0;0;0;0;0;0;0;0;0;0;0
28.02.2024;23:06;A 41;1;1;2;1;1;0;0;0;0;0;0;0;0;1;1;2;17;0;0;0;0;3;21;2;5;1;1;0;0;0;0;0;0;0;0;0;0;0;0;0;0;0;0;0;0;0;0;0;0;0;0;0;0;0;0;0;0;0;0;0;0;0;0
28.02.2024;23:05;A 41;1;0;0;1;1;1;5;0;0;0;0;2;23;0;0;2;2;2;2;0;0;0;0;1;9;0;0;2;2;0;0;0;0;0;0;0;0;0;0;0;0;0;0;0;0;0;0;0;0;0;0;0;0;0;0;0;0;0;0;0;0;0;0
28.02.2024;23:04;A 41;1;1;2;1;2;0;0;0;0;0;0;5;21;0;0;0;0;0;0;0;0;2;22;0;0;2;16;0;0;0;0;0;0;0;0;0;0;0;0;0;0;0;0;0;0;0;0;0;0;0;0;0;0;0;0;0;0;0;0;0;0;0;0
28.02.2024;23:03;A 41;1;0;0;1;1;1;2;0;0;0;0;0;0;0;0;0;8;1;8;2;14;1;15;0;0;0;0;0;0;0;0;0;0;0;0;0;0;0;0;0;0;0;0;0;0;0;0;0;0;0;0;0;0;0;0;0;0;0;0;0;0;0;0
28.02.2024;23:02;A 41;1;0;0;2;2;1;3;0;0;0;0;2;24;0;0;1;11;3;38;1;14;1;6;0;0;1;1;0;0;0;0;0;0;0;0;0;0;0;0;0;0;0;0;0;0;0;0;0;0;0;0;0;0;0;0;0;0;0;0;0;0;0;0
28.02.2024;23:01;A 41;1;1;1;1;3;0;0;0;0;0;0;3;54;1;4;1;6;3;9;0;0;0;0;0;0;0;0;0;0;0;0;0;0;0;0;0;0;0;0;1;2;1;2;0;0;0;0;0;0;0;0;0;0;0;0;0;0;0;0;0;0;0;0
28.02.2024;23:00;A 41;1;1;2;0;1;0;0;0;0;0;0;1;14;0;0;1;7;1;7;1;1;1;6;0;0;0;0;0;0;0;0;0;0;0;0;0;0;0;0;0;0;0;0;0;0;0;0;0;0;0;0;0;0;0;0;0;0;0;0;0;0;0;0
28.02.2024;22:59;A 41;1;1;3;2;8;1;6;0;0;0;0;4;28;1;3;0;0;0;0;1;1;0;0;0;0;0;0;0;0;0;0;0;0;0;0;0;0;0;0;0;0;0;0;0;0;0;0;0;0;0;0;0;0;0;0;0;0;0;0;0;0;0;0
28.02.2024;22:58;A 41;1;2;2;0;0;1;3;0;0;0;0;2;5;2;6;1;17;1;1;0;0;5;27;1;18;2;3;0;4;0;0;0;0;0;0;0;0;1;2;0;0;0;0;0;0;0;0;0;0;0;0;0;0;0;0;0;0;0;0;0;0;0;0
28.02.2024;22:57;A 41;1;0;0;1;2;1;6;0;0;0;0;1;18;1;0;1;31;1;30;0;0;2;20;3;22;0;0;3;5;0;0;0;0;0;0;0;0;0;0;0;0;0;0;0;0;0;0;0;0;0;0;0;0;0;0;0;0;0;0;0;0;0;0
28.02.2024;22:56;A 41;1;0;0;1;3;1;29;0;0;0;0;4;44;0;0;2;4;4;46;0;0;0;0;2;19;0;0;2;11;0;0;0;0;0;0;0;0;0;0;0;0;0;0;0;0;0;0;0;0;0;0;0;0;0;0;0;0;0;0;0;0;0;0
28.02.2024;22:55;A 41;1;2;2;1;1;1;7;0;0;0;0;0;0;0;2;0;0;1;5;0;0;0;0;0;0;1;1;0;0;0;0;0;0;0;0;0;0;0;0;0;0;0;0;0;0;0;0;0;0;0;0;0;0;0;0;0;0;0;0;0;0;0;0
28.02.2024;22:54;A 41;1;2;2;1;2;0;0;0;0;0;0;0;0;1;1;0;9;1;1;1;2;3;33;1;15;1;9;1;16;0;0;0;0;0;0;0;0;0;0;0;0;0;0;0;0;0;0;0;0;0;0;0;0;0;0;0;0;0;0;0;0;0;0
28.02.2024;22:53;A 41;1;3;4;2;8;1;16;0;0;0;0;1;1;0;1;2;42;2;32;0;0;0;0;1;9;0;0;2;1;0;0;0;0;0;0;0;0;0;0;0;0;0;0;0;0;0;0;0;0;0;0;0;0;0;0;0;0;0;0;0;0;0;0
28.02.2024;22:52;A 41;1;1;2;2;8;2;7;0;0;0;0;0;28;1;16;2;1;6;7;2;3;2;25;1;8;2;3;2;5;0;0;0;0;0;0;0;0;0;0;0;0;0;0;0;0;0;0;0;0;0;0;0;0;0;0;0;0;0;0;0;0;0;0
28.02.2024;22:51;A 41;1;0;0;0;0;2;5;0;0;0;0;2;51;0;0;3;3;3;2;0;0;2;9;0;0;1;1;0;0;0;0;0;0;0;0;0;0;0;0;0;0;0;0;0;0;0;0;0;0;0;0;0;0;0;0;0;0;0;0;0;0;0;0
28.02.2024;22:50;A 41;1;4;6;1;1;0;0;0;0;0;0;6;28;2;4;0;0;3;3;0;0;3;29;1;18;2;32;2;41;0;0;0;0;0;0;0;0;0;0;0;0;0;0;0;0;0;0;0;0;0;0;0;0;0;0;0;0;0;0;0;0;0;0
28.02.2024;22:49;A 41;1;2;10;2;2;4;26;0;0;0;0;0;0;3;6;1;0;2;27;1;9;1;38;0;0;4;71;0;0;0;0;0;0;0;0;0;0;0;0;0;0;0;0;0;0;0;0;0;0;0;0;0;0;0;0;0;0;0;0;0;0;0;0
28.02.2024;22:48;A 41;1;0;0;2;3;1;4;0;0;0;0;4;8;0;0;0;0;0;0;0;0;2;53;1;14;4;7;1;2;0;0;0;0;0;0;0;0;0;0;0;0;0;0;0;0;0;0;0;0;0;0;0;0;0;0;0;0;0;0;0;0;0;0
28.02.2024;22:47;A 41;1;2;5;0;1;1;2;0;0;0;0;3;43;1;3;2;53;3;6;1;1;3;24;0;0;4;42;0;0;0;0;0;0;1;2;0;0;0;0;0;0;1;2;0;0;0;0;0;0;0;0;0;0;0;0;0;0;0;0;0;0;0;0
28.02.2024;22:46;A 41;1;2;4;4;6;0;2;0;0;0;0;1;61;0;0;0;0;2;2;0;0;3;26;0;0;1;83;0;0;1;2;1;2;0;0;0;0;0;0;1;2;0;0;0;0;0;0;0;0;0;0;0;0;0;0;0;0;0;0;0;0;0;0
28.02.2024;22:45;A 41;1;0;0;4;4;2;4;0;0;0;0;1;1;1;1;2;43;0;0;0;0;1;6;0;0;1;2;0;0;0;0;0;0;0;0;0;0;0;0;0;0;0;0;0;0;0;0;0;0;0;0;0;0;0;0;0;0;0;0;0;0;0;0
28.02.2024;22:44;A 41;1;1;5;2;1;2;5;0;0;0;0;2;2;2;5;1;1;2;33;0;0;1;17;0;0;1;5;0;0;0;0;0;0;0;0;0;0;0;0;0;0;0;0;0;0;0;0;0;0;0;0;0;0;0;0;0;0;0;0;0;0;0;0
28.02.2024;22:43;A 41;1;3;10;5;12;2;12;0;0;0;0;2;25;0;0;1;1;0;0;0;0;0;0;0;0;0;0;0;0;0;0;0;0;0;0;0;0;0;0;0;0;0;0;0;0;0;0;0;0;0;0;0;0;0;0;0;0;0;0;0;0;0;0
28.02.2024;22:42;A 41;1;2;2;2;2;1;54;0;0;0;0;4;47;1;5;0;60;2;25;1;13;1;10;0;0;2;4;0;0;0;0;0;0;0;0;0;0;1;2;0;0;0;0;0;0;0;0;0;0;0;0;0;0;0;0;0;0;0;0;0;0;0;0
28.02.2024;22:41;A 41;1;1;2;0;0;0;88;0;0;0;0;1;17;1;1;1;12;0;0;0;0;0;7;1;10;0;43;3;5;0;0;0;0;0;0;0;0;0;0;0;0;0;0;0;0;0;0;0;0;0;0;0;0;0;0;0;0;0;0;0;0;0;0
28.02.2024;22:40;A 41;1;1;1;1;1;1;100;0;0;0;0;1;1;0;0;2;13;2;1;0;0;3;27;0;0;3;9;0;0;0;0;0;0;0;0;0;0;0;0;0;0;0;0;0;0;0;0;0;0;0;0;0;0;0;0;0;0;0;0;0;0;0;0
28.02.2024;22:39;A 41;1;1;2;0;0;0;100;0;0;0;0;3;24;0;0;0;0;1;48;0;0;2;22;1;12;3;23;2;32;0;0;0;0;0;0;0;0;0;0;0;0;0;0;0;0;0;0;0;0;0;0;0;0;0;0;0;0;0;0;0;0;0;0
28.02.2024;22:38;A 41;1;0;0;0;0;0;100;0;0;0;0;2;33;1;1;0;0;1;25;0;0;1;18;1;0;0;28;0;30;0;0;0;0;0;0;0;0;0;0;0;0;0;0;0;0;0;0;0;0;0;0;0;0;0;0;0;0;0;0;0;0;0;0
28.02.2024;22:37;A 41;1;1;2;0;0;1;36;0;0;0;0;1;3;1;0;1;1;4;28;2;4;4;16;1;12;2;4;1;5;0;0;0;0;0;0;0;0;0;0;0;0;0;0;0;0;0;0;0;0;0;0;0;0;0;0;0;0;0;0;0;0;0;0
28.02.2024;22:36;A 41;1;3;3;1;1;1;16;0;0;0;0;1;32;1;1;0;4;1;2;1;1;3;26;2;16;2;2;1;2;0;0;0;0;0;0;0;0;0;0;0;0;0;0;0;0;0;0;0;0;0;0;0;0;0;0;0;0;0;0;0;0;0;0
28.02.2024;22:35;A 41;1;1;1;0;0;0;0;0;0;0;0;1;22;0;0;1;47;0;0;0;0;0;0;0;0;0;0;0;0;0;0;0;0;0;0;0;0;0;0;0;0;0;0;0;0;0;0;0;0;0;0;0;0;0;0;0;0;0;0;0;0;0;0
28.02.2024;22:34;A 41;1;2;1;1;1;1;2;0;0;0;0;1;22;0;0;1;1;1;1;1;1;0;0;0;0;0;0;0;0;0;0;0;0;0;0;0;0;0;0;0;0;0;0;0;0;0;0;0;0;0;0;0;0;0;0;0;0;0;0;0;0;0;0
28.02.2024;22:33;A 41;1;2;4;3;6;1;1;0;0;0;0;1;46;0;0;1;31;0;0;0;17;0;0;0;0;0;0;0;0;0;0;0;0;0;0;0;0;0;0;0;0;0;0;0;0;0;0;0;0;0;0;0;0;0;0;0;0;0;0;0;0;0;0
28.02.2024;22:32;A 41;1;2;3;1;1;0;0;0;0;0;0;3;77;1;4;2;22;1;5;1;19;0;0;0;0;0;0;0;0;0;0;0;0;0;0;0;0;0;0;1;2;1;2;0;0;0;0;0;0;0;0;0;0;0;0;0;0;0;0;0;0;0;0
28.02.2024;22:31;A 41;1;1;2;2;2;2;4;0;0;0;0;3;69;1;18;0;0;1;1;0;0;3;23;0;0;1;3;0;0;0;0;0;0;0;0;0;0;0;0;0;0;0;0;0;0;0;0;0;0;0;0;0;0;0;0;0;0;0;0;0;0;0;0
28.02.2024;22:30;A 41;1;0;0;1;1;1;4;0;0;0;0;4;25;2;5;0;0;0;0;0;0;0;0;0;0;0;0;0;0;0;0;0;0;0;0;0;0;0;0;0;0;0;0;0;0;0;0;0;0;0;0;0;0;0;0;0;0;0;0;0;0;0;0
28.02.2024;22:29;A 41;1;4;29;1;2;0;0;0;0;0;0;3;29;0;0;2;26;0;17;1;5;1;11;1;12;1;2;2;40;0;0;0;0;0;0;0;0;0;0;0;0;0;0;0;0;0;0;0;0;0;0;0;0;0;0;0;0;0;0;0;0;0;0
28.02.2024;22:28;A 41;1;4;28;3;9;0;0;0;0;0;0;4;6;4;7;0;100;2;79;0;0;1;13;1;8;0;0;2;1;0;0;0;0;0;0;0;0;1;2;0;0;0;0;0;0;0;0;0;0;0;0;0;0;0;0;0;0;0;0;0;0;0;0
28.02.2024;22:27;A 41;1;4;4;2;4;0;0;0;0;0;0;1;8;0;0;1;9;1;1;0;3;5;27;2;3;0;0;0;0;0;0;0;0;0;0;0;0;0;0;0;0;0;0;0;0;0;0;0;0;0;0;0;0;0;0;0;0;0;0;0;0;0;0
28.02.2024;22:26;A 41;1;2;3;1;3;0;0;0;0;0;0;2;35;0;0;0;0;0;0;1;50;6;55;5;12;3;6;1;6;0;0;0;0;0;0;0;0;0;0;0;0;0;0;0;0;0;0;0;0;0;0;0;0;0;0;0;0;0;0;0;0;0;0
28.02.2024;22:25;A 41;1;1;2;0;0;6;16;0;0;0;0;0;13;1;40;0;0;2;2;0;0;2;25;0;0;4;34;0;0;0;0;0;0;0;0;0;0;0;0;0;0;0;0;0;0;0;0;0;0;0;0;0;0;0;0;0;0;0;0;0;0;0;0
28.02.2024;22:24;A 41;1;2;6;2;3;5;25;0;0;0;0;1;13;2;2;0;22;0;22;0;0;2;11;2;8;1;20;0;0;0;0;0;0;0;0;0;0;0;0;0;0;0;0;0;0;0;0;0;0;0;0;0;0;0;0;0;0;0;0;0;0;0;0
28.02.2024;22:23;A 41;1;4;5;2;2;2;9;0;0;0;0;1;1;1;0;1;10;2;38;0;0;1;32;2;23;3;4;2;18;0;0;0;0;0;0;0;0;0;0;0;0;0;0;0;0;0;0;0;0;0;0;0;0;0;0;0;0;0;0;0;0;0;0
28.02.2024;22:22;A 41;1;3;4;3;6;2;28;0;0;0;0;2;22;0;0;3;3;2;9;1;1;1;17;0;0;2;5;0;0;0;0;0;0;0;0;0;0;0;0;0;0;0;0;0;0;0;0;0;0;0;0;0;0;0;0;0;0;0;0;0;0;0;0
28.02.2024;22:21;A 41;1;1;2;0;0;1;3;0;0;0;0;0;7;1;27;0;0;1;6;0;0;1;7;1;11;1;10;4;9;0;0;0;0;0;0;0;0;0;0;0;0;0;0;0;0;0;0;0;0;0;0;0;0;0;0;0;0;0;0;0;0;0;0
28.02.2024;22:20;A 41;1;2;3;2;6;0;0;0;0;0;0;3;16;2;1;1;1;1;1;0;0;4;31;3;46;2;19;1;3;0;0;0;0;0;0;0;0;0;0;0;0;0;0;0;0;0;0;0;0;0;0;0;0;0;0;0;0;0;0;0;0;0;0
28.02.2024;22:19;A 41;1;0;27;2;4;0;29;0;0;0;0;1;1;2;26;1;35;1;1;1;32;2;51;2;18;4;47;2;6;0;0;0;0;0;0;0;0;0;0;0;0;0;0;0;0;0;0;0;0;0;0;0;0;0;0;0;0;0;0;0;0;0;0
28.02.2024;22:18;A 41;1;7;19;2;3;1;100;0;0;0;0;3;56;0;0;1;25;1;0;1;28;1;10;1;3;0;0;0;0;0;0;0;0;0;0;0;0;0;0;0;0;0;0;0;0;0;0;0;0;0;0;0;0;0;0;0;0;0;0;0;0;0;0
28.02.2024;22:17;A 41;1;2;2;4;8;3;79;0;0;0;0;1;56;2;4;2;6;2;12;2;2;3;41;0;0;4;42;0;0;0;0;0;0;0;0;0;0;0;0;1;2;1;2;0;0;0;0;0;0;0;0;0;0;0;0;0;0;0;0;0;0;0;0
28.02.2024;22:16;A 41;1;3;4;2;4;0;97;0;0;0;0;0;0;0;0;0;18;2;30;0;0;3;36;2;15;4;31;2;34;0;0;0;0;0;0;0;0;0;0;0;0;0;0;0;0;0;0;0;0;0;0;0;0;0;0;0;0;0;0;0;0;0;0
28.02.2024;22:15;A 41;1;1;2;2;1;2;24;0;0;0;0;0;0;1;7;1;1;1;1;0;0;2;29;0;0;2;38;0;0;0;0;0;0;0;0;0;0;0;0;0;0;0;0;0;0;0;0;0;0;0;0;0;0;0;0;0;0;0;0;0;0;0;0
28.02.2024;22:14;A 41;1;3;7;3;4;2;46;0;0;0;0;2;37;2;11;1;1;0;0;0;0;3;10;0;0;1;2;2;24;0;0;0;0;0;0;0;0;0;0;0;0;0;0;0;0;0;0;0;0;0;0;0;0;0;0;0;0;0;0;0;0;0;0
28.02.2024;22:13;A 41;1;2;1;4;7;2;11;0;0;0;0;3;43;1;22;2;56;1;3;0;0;2;29;1;1;3;33;0;19;0;0;0;0;0;0;0;0;0;0;0;0;0;0;0;0;0;0;0;0;0;0;0;0;0;0;0;0;0;0;0;0;0;0
28.02.2024;22:12;A 41;1;0;0;1;3;3;19;0;0;0;0;3;32;2;6;2;70;1;0;0;0;1;61;1;4;1;22;1;29;0;0;0;0;0;0;0;0;1;2;0;0;0;0;0;0;0;0;0;0;0;0;0;0;0;0;0;0;0;0;0;0;0;0
28.02.2024;22:11;A 41;1;2;2;2;3;1;2;0;0;0;0;1;4;0;0;0;0;0;0;0;0;3;13;3;13;1;6;5;6;0;0;0;0;0;0;0;0;0;0;0;0;0;0;0;0;0;0;0;0;0;0;0;0;0;0;0;0;0;0;0;0;0;0
28.02.2024;22:10;A 41;1;3;3;2;2;4;5;0;0;0;0;1;42;1;0;2;3;4;6;1;1;2;39;1;13;2;84;0;0;0;0;0;0;0;0;0;0;0;0;1;2;1;2;0;0;0;0;0;0;0;0;0;0;0;0;0;0;0;0;0;0;0;0
28.02.2024;22:09;A 41;1;1;1;3;6;3;6;0;0;0;0;2;6;0;0;2;2;4;4;0;0;3;8;1;6;2;3;0;0;0;0;0;0;0;0;0;0;0;0;0;0;0;0;0;0;0;0;0;0;0;0;0;0;0;0;0;0;0;0;0;0;0;0
28.02.2024;22:08;A 41;1;0;0;3;4;3;10;0;0;0;0;4;15;2;1;2;64;1;13;0;0;3;38;2;8;3;18;0;0;0;0;0;0;0;0;0;0;0;0;0;0;0;0;0;0;0;0;0;0;0;0;0;0;0;0;0;0;0;0;0;0;0;0
28.02.2024;22:07;A 41;1;2;3;0;0;2;21;0;0;0;0;3;20;0;0;3;59;1;1;0;0;5;52;2;3;2;2;0;0;0;0;0;0;0;0;0;0;0;0;0;0;0;0;0;0;0;0;0;0;0;0;0;0;0;0;0;0;0;0;0;0;0;0
28.02.2024;22:06;A 41;1;2;9;5;11;2;21;0;0;0;0;4;7;2;1;3;24;2;2;0;0;1;14;1;8;1;62;1;2;0;0;0;0;0;0;0;0;0;0;0;0;0;0;0;0;0;0;0;0;0;0;0;0;0;0;0;0;0;0;0;0;0;0
28.02.2024;22:05;A 41;1;1;1;3;7;1;34;0;0;0;0;1;32;1;1;5;36;1;2;0;0;5;55;2;24;4;60;1;16;0;0;0;0;0;0;0;0;0;0;0;0;0;0;0;0;0;0;0;0;0;0;0;0;0;0;0;0;0;0;0;0;0;0
28.02.2024;22:04;A 41;1;3;3;1;2;0;0;0;0;0;0;2;10;0;0;0;0;2;47;1;50;4;45;4;36;6;30;4;6;0;0;0;0;0;0;0;0;0;0;0;0;0;0;0;0;0;0;0;0;0;0;0;0;0;0;0;0;0;0;0;0;0;0
28.02.2024;22:03;A 41;1;0;0;0;0;0;0;0;0;0;0;2;2;2;26;1;38;1;1;0;0;2;21;1;11;1;1;3;34;0;0;0;0;0;0;0;0;0;0;0;0;0;0;0;0;0;0;0;0;0;0;0;0;0;0;0;0;0;0;0;0;0;0
28.02.2024;22:02;A 41;1;0;0;4;10;3;28;0;0;0;0;1;71;1;4;2;58;0;0;0;0;4;42;4;35;4;50;2;66;0;0;0;0;0;0;0;0;0;0;0;0;0;0;0;0;0;0;0;0;0;0;0;0;0;0;0;0;0;0;0;0;0;0
28.02.2024;22:01;A 41;1;4;9;1;3;0;0;0;0;0;0;1;53;0;0;1;5;2;41;0;0;4;44;1;25;2;41;1;16;0;0;0;0;0;0;0;0;0;0;1;2;1;2;0;0;0;0;0;0;0;0;0;0;0;0;0;0;0;0;0;0;0;0
28.02.2024;22:00;A 41;1;1;2;3;8;3;43;0;0;0;0;3;77;0;0;0;0;1;1;1;27;3;28;0;0;3;25;0;0;0;0;0;0;0;0;0;0;0;0;0;0;0;0;0;0;0;0;0;0;0;0;0;0;0;0;0;0;0;0;0;0;0;0
28.02.2024;21:59;A 41;1;4;6;1;2;1;26;0;0;0;0;2;57;0;0;0;15;0;0;1;2;2;16;0;0;1;21;0;54;0;0;0;0;0;0;0;0;0;0;0;0;0;0;0;0;0;0;0;0;0;0;0;0;0;0;0;0;0;0;0;0;0;0
28.02.2024;21:58;A 41;1;2;2;4;4;4;50;0;0;0;0;2;2;3;5;1;81;0;0;1;2;1;12;2;25;1;25;3;33;0;0;0;0;0;0;0;0;1;2;0;0;0;0;0;0;0;0;0;0;0;0;0;0;0;0;0;0;0;0;0;0;0;0
28.02.2024;21:57;A 41;1;5;15;1;2;3;34;0;0;0;0;2;10;0;0;2;21;0;0;1;19;3;47;1;3;4;22;0;0;0;0;0;0;0;0;0;0;0;0;0;0;0;0;0;0;0;0;0;0;0;0;0;0;0;0;0;0;0;0;0;0;0;0
28.02.2024;21:56;A 41;1;3;10;5;9;1;26;0;0;0;0;2;3;1;1;0;0;0;0;1;5;2;9;0;0;0;0;1;41;0;0;0;0;0;0;0;0;0;0;0;0;0;0;0;0;0;0;0;0;0;0;0;0;0;0;0;0;0;0;0;0;0;0
28.02.2024;21:55;A 41;1;0;0;0;0;0;0;0;0;0;0;4;21;0;0;0;0;0;0;0;0;3;31;0;0;0;0;0;0;0;0;0;0;0;0;0;0;0;0;0;0;0;0;0;0;0;0;0;0;0;0;0;0;0;0;0;0;0;0;0;0;0;0
28.02.2024;21:54;A 41;1;1;3;0;0;0;0;0;0;0;0;1;21;0;0;0;0;1;21;0;0;0;3;0;0;0;0;0;0;0;0;0;0;0;0;0;0;0;0;0;0;0;0;0;0;0;0;0;0;0;0;0;0;0;0;0;0;0;0;0;0;0;0
28.02.2024;21:53;A 41;1;1;2;1;4;2;6;0;0;0;0;3;39;0;0;1;16;0;0;1;2;4;50;1;10;1;22;1;9;0;0;0;0;0;0;0;0;0;0;0;0;0;0;0;0;0;0;0;0;0;0;0;0;0;0;0;0;0;0;0;0;0;0
28.02.2024;21:52;A 41;1;1;2;2;3;1;61;0;0;0;0;3;57;0;0;1;1;2;1;0;0;1;9;2;12;0;0;3;31;0;0;0;0;0;0;0;0;0;0;0;0;0;0;0;0;0;0;0;0;0;0;0;0;0;0;0;0;0;0;0;0;0;0
28.02.2024;21:51;A 41;1;3;9;3;6;4;11;0;0;0;0;2;35;1;1;2;52;0;0;0;0;1;6;2;21;0;0;0;55;0;0;0;0;0;0;0;0;0;0;0;0;0;0;0;0;0;0;0;0;0;0;0;0;0;0;0;0;0;0;0;0;0;0
28.02.2024;21:50;A 41;1;4;9;5;7;7;14;0;0;0;0;9;64;1;1;1;1;1;1;0;0;3;30;1;10;2;21;1;6;0;0;0;0;0;0;0;0;0;0;0;0;0;0;0;0;0;0;0;0;0;0;0;0;0;0;0;0;0;0;0;0;0;0
28.02.2024;21:49;A 41;1;2;2;0;4;0;36;0;0;0;0;2;1;1;1;0;0;0;33;0;0;2;31;2;17;2;29;3;5;0;0;0;0;0;0;0;0;0;0;0;0;0;0;0;0;0;0;0;0;0;0;0;0;0;0;0;0;0;0;0;0;0;0
28.02.2024;21:48;A 41;1;4;12;5;10;5;16;0;0;0;0;5;54;2;1;0;0;2;11;0;0;1;8;1;7;2;3;0;0;0;0;0;0;1;2;0;0;0;0;0;0;0;0;0;0;0;0;0;0;0;0;0;0;0;0;0;0;0;0;0;0;0;0
28.02.2024;21:47;A 41;1;2;5;0;0;2;46;0;0;0;0;1;64;1;0;1;2;1;1;0;44;2;38;1;9;0;0;1;1;1;2;1;2;0;0;0;0;0;0;0;0;0;0;0;0;0;0;0;0;0;0;0;0;0;0;0;0;0;0;0;0;0;0
28.02.2024;21:46;A 41;1;1;3;4;9;3;16;0;0;0;0;3;70;0;0;2;8;5;10;2;11;1;14;0;0;0;0;0;0;0;0;0;0;0;0;0;0;0;0;1;2;1;2;0;0;0;0;0;0;0;0;0;0;0;0;0;0;0;0;0;0;0;0
28.02.2024;21:45;A 41;1;3;2;4;3;4;14;0;0;0;0;4;22;1;1;0;0;2;7;1;1;3;26;1;14;2;12;2;2;0;0;0;0;0;0;0;0;0;0;0;0;0;0;0;0;0;0;0;0;0;0;0;0;0;0;0;0;0;0;0;0;0;0
28.02.2024;21:44;A 41;1;3;10;2;4;2;4;0;0;0;0;6;57;1;0;2;52;0;1;0;3;3;34;0;0;2;20;0;0;0;0;0;0;0;0;0;0;0;0;0;0;0;0;0;0;0;0;0;0;0;0;0;0;0;0;0;0;0;0;0;0;0;0
28.02.2024;21:43;A 41;1;2;21;2;4;2;3;0;0;0;0;6;14;1;1;1;62;2;68;1;20;1;14;1;10;2;12;1;2;0;0;0;0;0;0;0;0;0;0;0;0;0;0;0;0;0;0;0;0;0;0;0;0;0;0;0;0;0;0;0;0;0;0
28.02.2024;21:42;A 41;1;1;2;3;7;2;19;0;0;0;0;4;68;1;4;0;26;1;28;1;1;4;73;1;1;6;63;0;0;0;0;0;0;0;0;0;0;1;2;0;0;0;0;0;0;0;0;0;0;0;0;0;0;0;0;0;0;0;0;0;0;0;0
28.02.2024;21:41;A 41;1;3;8;2;5;2;4;0;0;0;0;4;4;1;1;1;81;1;69;0;0;2;25;1;1;2;4;0;0;0;0;0;0;0;0;0;0;0;0;0;0;0;0;0;0;0;0;0;0;0;0;0;0;0;0;0;0;0;0;0;0;0;0
28.02.2024;21:40;A 41;1;2;3;2;5;1;5;0;0;0;0;4;68;1;2;1;24;3;28;3;44;4;22;0;0;2;60;1;23;0;0;0;0;0;0;0;0;0;0;0;0;0;0;0;0;0;0;0;0;0;0;0;0;0;0;0;0;0;0;0;0;0;0
28.02.2024;21:39;A 41;1;2;6;2;3;2;35;0;0;0;0;7;64;1;11;1;25;1;4;0;0;2;15;0;0;0;0;0;0;0;0;0;0;0;0;0;0;0;0;0;0;0;0;0;0;0;0;0;0;0;0;0;0;0;0;0;0;0;0;0;0;0;0
28.02.2024;21:38;A 41;1;0;0;1;2;5;47;0;0;0;0;3;55;1;7;0;0;0;0;0;0;1;12;2;16;1;1;4;41;0;0;0;0;0;0;0;0;0;0;0;0;0;0;0;0;0;0;0;0;0;0;0;0;0;0;0;0;0;0;0;0;0;0
28.02.2024;21:37;A 41;1;2;2;2;2;2;98;0;0;0;0;5;23;0;0;1;8;0;11;1;22;1;19;2;16;1;1;0;0;0;0;0;0;0;0;0;0;0;0;0;0;0;0;0;0;0;0;0;0;0;0;0;0;0;0;0;0;0;0;0;0;0;0
28.02.2024;21:36;A 41;1;3;4;2;2;1;35;0;0;0;0;5;30;1;1;0;0;1;69;2;34;4;32;3;15;4;26;3;29;0;0;0;0;0;0;0;0;0;0;0;0;0;0;0;0;0;0;0;0;0;0;0;0;0;0;0;0;0;0;0;0;0;0
28.02.2024;21:35;A 41;1;1;3;2;5;2;9;0;0;0;0;2;52;1;1;0;0;1;8;0;0;4;37;1;24;5;45;1;28;0;0;0;0;0;0;0;0;0;0;0;0;0;0;0;0;0;0;0;0;0;0;0;0;0;0;0;0;0;0;0;0;0;0
28.02.2024;21:34;A 41;1;3;5;1;1;3;8;0;0;0;0;0;0;2;2;3;3;5;4;1;2;4;37;3;31;2;2;2;2;0;0;0;0;0;0;0;0;0;0;0;0;0;0;0;0;0;0;0;0;0;0;0;0;0;0;0;0;0;0;0;0;0;0
28.02.2024;21:33;A 41;1;1;3;0;0;0;0;0;0;0;0;10;51;1;4;2;18;2;31;1;15;6;23;1;1;5;44;0;38;0;0;0;0;0;0;0;0;0;0;0;0;1;2;0;0;0;0;0;0;0;0;0;0;0;0;0;0;0;0;0;0;0;0
28.02.2024;21:32;A 41;1;1;1;3;5;1;19;0;0;0;0;1;56;0;0;1;11;2;2;1;11;12;64;0;0;1;95;0;100;0;0;0;0;0;0;0;0;0;0;1;2;0;0;0;0;0;0;0;0;0;0;0;0;0;0;0;0;0;0;0;0;0;0
28.02.2024;21:31;A 41;1;4;5;3;13;2;49;0;0;0;0;1;1;1;39;1;69;2;11;1;14;3;36;2;21;2;25;2;6;0;0;0;0;0;0;0;0;0;0;0;0;0;0;0;0;0;0;0;0;0;0;0;0;0;0;0;0;0;0;0;0;0;0
28.02.2024;21:30;A 41;1;2;4;2;4;6;47;0;0;0;0;8;9;1;2;1;18;1;17;5;29;1;11;1;11;0;67;2;10;0;0;0;0;0;0;0;0;0;0;0;0;0;0;0;0;0;0;0;0;0;0;0;0;0;0;0;0;0;0;0;0;0;0
28.02.2024;21:29;A 41;1;1;2;3;10;1;84;0;0;0;0;7;11;2;6;1;48;1;51;0;0;2;12;0;12;1;31;1;2;0;0;0;0;0;0;0;0;1;2;0;0;0;0;0;0;0;0;0;0;0;0;0;0;0;0;0;0;0;0;0;0;0;0
28.02.2024;21:28;A 41;1;0;2;2;3;2;9;0;0;0;0;6;44;0;0;1;7;1;1;0;0;0;0;1;1;0;0;0;0;0;0;0;0;0;0;0;0;0;0;0;0;0;0;0;0;0;0;0;0;0;0;0;0;0;0;0;0;0;0;0;0;0;0
28.02.2024;21:27;A 41;1;3;5;2;2;4;15;0;0;0;0;4;74;0;17;0;0;4;3;1;1;3;59;2;3;5;37;2;27;0;0;0;0;0;0;0;0;0;0;0;0;0;0;0;0;0;0;0;0;0;0;0;0;0;0;0;0;0;0;0;0;0;0
28.02.2024;21:26;A 41;1;7;15;3;3;7;19;0;0;0;0;4;48;1;17;1;1;2;14;3;22;2;19;0;0;4;41;0;0;0;0;0;0;0;0;0;0;0;0;0;0;0;0;0;0;0;0;0;0;0;0;0;0;0;0;0;0;0;0;0;0;0;0
28.02.2024;21:25;A 41;1;3;10;2;5;0;0;0;0;0;0;4;7;1;26;0;0;1;40;1;26;2;22;3;22;1;1;2;18;0;0;0;0;0;0;0;0;0;0;0;0;0;0;0;0;0;0;0;0;0;0;0;0;0;0;0;0;0;0;0;0;0;0
28.02.2024;21:24;A 41;1;2;2;0;0;0;0;0;0;0;0;2;29;1;1;1;41;3;3;2;3;2;14;1;1;1;9;0;5;0;0;0;0;0;0;0;0;0;0;0;0;0;0;0;0;0;0;0;0;0;0;0;0;0;0;0;0;0;0;0;0;0;0
28.02.2024;21:23;A 41;1;1;1;2;3;3;56;0;0;0;0;3;14;1;1;0;0;0;0;0;0;3;31;3;32;0;30;2;42;0;0;0;0;0;0;0;0;0;0;0;0;0;0;0;0;0;0;0;0;0;0;0;0;0;0;0;0;0;0;0;0;0;0
28.02.2024;21:22;A 41;1;4;6;3;7;3;9;0;0;0;0;1;1;1;0;0;0;2;16;3;33;4;38;2;7;3;59;2;2;0;0;0;0;0;0;0;0;0;0;0;0;0;0;0;0;0;0;0;0;0;0;0;0;0;0;0;0;0;0;0;0;0;0
28.02.2024;21:21;A 41;1;1;1;0;0;0;0;0;0;0;0;3;3;1;1;0;0;2;19;3;69;5;20;0;23;1;1;0;0;0;0;0;0;0;0;0;0;0;0;0;0;0;0;0;0;0;0;0;0;0;0;0;0;0;0;0;0;0;0;0;0;0;0
28.02.2024;21:20;A 41;1;1;4;3;7;5;9;0;0;0;0;5;50;1;35;0;0;1;1;1;25;2;10;2;14;0;0;2;12;0;0;0;0;0;0;0;0;0;0;0;0;0;0;0;0;0;0;0;0;0;0;0;0;0;0;0;0;0;0;0;0;0;0
28.02.2024;21:19;A 41;1;1;4;1;3;0;0;0;0;0;0;2;22;0;0;1;28;1;1;1;30;0;24;2;34;0;31;1;26;0;0;0;0;0;0;0;0;0;0;0;0;0;0;0;0;0;0;0;0;0;0;0;0;0;0;0;0;0;0;0;0;0;0
28.02.2024;21:18;A 41;1;3;9;2;4;3;8;0;0;0;0;4;47;1;0;1;25;0;0;2;48;8;37;3;6;4;37;0;0;0;0;0;0;0;0;0;0;0;0;0;0;0;0;0;0;0;0;0;0;0;0;0;0;0;0;0;0;0;0;0;0;0;0
28.02.2024;21:17;A 41;1;2;4;1;2;0;0;0;0;0;0;4;21;0;0;1;37;1;28;2;50;4;17;2;7;0;0;0;0;0;0;0;0;0;0;0;0;0;0;0;0;0;0;0;0;0;0;0;0;0;0;0;0;0;0;0;0;0;0;0;0;0;0
28.02.2024;21:16;A 41;1;4;5;0;0;1;2;0;0;0;0;8;37;1;5;2;10;2;6;2;19;3;58;1;6;1;1;0;0;0;0;0;0;0;0;0;0;0;0;1;2;1;2;0;0;0;0;0;0;0;0;0;0;0;0;0;0;0;0;0;0;0;0
28.02.2024;21:15;A 41;1;0;9;3;7;1;44;0;0;0;0;4;60;0;0;2;34;1;1;3;47;0;7;0;0;1;19;0;0;0;0;0;0;0;0;0;0;0;0;0;0;0;0;0;0;0;0;0;0;0;0;0;0;0;0;0;0;0;0;0;0;0;0
28.02.2024;21:14;A 41;1;2;25;2;3;4;54;0;0;0;0;5;33;1;0;0;0;0;0;0;0;3;33;2;19;4;39;2;6;0;0;0;0;0;0;0;0;0;0;0;0;0;0;0;0;0;0;0;0;0;0;0;0;0;0;0;0;0;0;0;0;0;0
28.02.2024;21:13;A 41;1;3;7;6;17;7;57;0;0;0;0;6;27;3;2;2;2;3;24;0;0;2;12;0;0;1;21;0;0;0;0;0;0;0;0;0;0;0;0;0;0;0;0;0;0;0;0;0;0;0;0;0;0;0;0;0;0;0;0;0;0;0;0
28.02.2024;21:12;A 41;1;1;2;1;1;0;0;0;0;0;0;3;26;2;9;1;88;2;81;1;77;6;26;1;6;3;57;0;0;0;0;0;0;0;0;0;0;1;2;0;0;0;0;0;0;0;0;0;0;0;0;0;0;0;0;0;0;0;0;0;0;0;0
28.02.2024;21:11;A 41;1;4;3;1;4;2;5;0;0;0;0;2;85;1;53;2;28;5;4;0;0;5;42;1;16;1;88;0;93;0;0;0;0;0;0;0;0;0;0;1;2;1;2;0;0;0;0;0;0;0;0;0;0;0;0;0;0;0;0;0;0;0;0
28.02.2024;21:10;A 41;1;4;8;2;4;1;10;0;0;0;0;3;57;0;0;1;20;5;1;2;3;2;43;1;9;5;8;2;42;0;0;0;0;0;0;0;0;0;0;0;0;0;0;0;0;0;0;0;0;0;0;0;0;0;0;0;0;0;0;0;0;0;0
28.02.2024;21:09;A 41;1;1;2;4;6;2;53;0;0;0;0;6;22;1;1;1;11;0;0;1;2;2;34;0;0;3;22;0;0;0;0;0;0;0;0;0;0;0;0;0;0;0;0;0;0;0;0;0;0;0;0;0;0;0;0;0;0;0;0;0;0;0;0
28.02.2024;21:08;A 41;1;1;3;3;5;1;67;0;0;0;0;4;59;1;1;2;17;2;1;1;36;2;23;0;10;2;15;1;6;0;0;0;0;0;0;0;0;0;0;0;0;0;0;0;0;0;0;0;0;0;0;0;0;0;0;0;0;0;0;0;0;0;0
28.02.2024;21:07;A 41;1;1;3;3;3;3;48;0;0;0;0;5;17;0;0;0;0;1;33;0;0;4;18;2;19;0;0;4;29;0;0;0;0;0;0;0;0;0;0;0;0;0;0;0;0;0;0;0;0;0;0;0;0;0;0;0;0;0;0;0;0;0;0
28.02.2024;21:06;A 41;1;6;8;2;3;1;2;0;0;0;0;2;8;1;1;1;1;3;24;1;18;2;5;0;0;1;3;0;0;0;0;0;0;0;0;0;0;0;0;0;0;0;0;0;0;0;0;0;0;0;0;0;0;0;0;0;0;0;0;0;0;0;0
28.02.2024;21:05;A 41;1;4;10;3;5;3;47;0;0;0;0;8;58;2;1;1;1;1;0;0;0;2;14;0;0;2;9;0;0;0;0;0;0;0;0;0;0;0;0;0;0;0;0;0;0;0;0;0;0;0;0;0;0;0;0;0;0;0;0;0;0;0;0
28.02.2024;21:04;A 41;1;4;4;2;3;2;4;0;0;0;0;1;22;0;0;1;1;2;4;2;3;3;17;1;15;3;34;0;0;0;0;0;0;0;0;0;0;0;0;0;0;0;0;0;0;0;0;0;0;0;0;0;0;0;0;0;0;0;0;0;0;0;0
28.02.2024;21:03;A 41;1;0;0;2;4;1;6;0;0;0;0;5;17;0;0;1;7;2;6;1;2;4;15;2;32;1;1;5;7;0;0;0;0;0;0;0;0;0;0;0;0;0;0;0;0;0;0;0;0;0;0;0;0;0;0;0;0;0;0;0;0;0;0
28.02.2024;21:02;A 41;1;2;3;1;1;1;2;0;0;0;0;3;40;0;31;0;4;1;3;0;0;1;25;1;15;3;40;2;6;0;0;0;0;0;0;0;0;0;0;0;0;1;2;0;0;0;0;0;0;0;0;0;0;0;0;0;0;0;0;0;0;0;0
28.02.2024;21:01;A 41;1;3;3;1;1;2;3;0;0;0;0;1;77;1;88;2;3;3;3;1;1;4;27;1;3;1;76;0;0;0;0;0;0;0;0;0;0;0;0;1;2;0;0;0;0;0;0;0;0;0;0;0;0;0;0;0;0;0;0;0;0;0;0
28.02.2024;21:00;A 41;1;1;2;5;13;0;0;0;0;0;0;4;11;2;10;0;0;0;0;0;0;2;38;1;17;5;17;3;51;0;0;0;0;0;0;0;0;0;0;0;0;0;0;0;0;0;0;0;0;0;0;0;0;0;0;0;0;0;0;0;0;0;0
28.02.2024;20:59;A 41;1;1;1;3;5;2;34;0;0;0;0;6;46;1;42;0;0;1;0;1;4;5;59;2;12;3;31;0;22;0;0;0;0;0;0;0;0;0;0;0;0;0;0;0;0;0;0;0;0;0;0;0;0;0;0;0;0;0;0;0;0;0;0
28.02.2024;20:58;A 41;1;1;4;3;4;1;9;0;0;0;0;2;49;0;0;0;0;2;1;0;0;4;46;3;30;2;35;2;27;0;0;0;0;0;0;0;0;0;0;0;0;0;0;0;0;0;0;0;0;0;0;0;0;0;0;0;0;0;0;0;0;0;0
28.02.2024;20:57;A 41;1;5;13;2;5;2;60;0;0;0;0;5;21;1;5;2;34;1;0;0;0;2;42;2;19;1;19;4;10;0;0;0;0;0;0;0;0;1;2;0;0;0;0;0;0;0;0;0;0;0;0;0;0;0;0;0;0;0;0;0;0;0;0
28.02.2024;20:56;A 41;1;1;3;1;4;0;0;0;0;0;0;1;14;0;0;0;0;0;0;0;0;2;12;1;15;2;4;1;34;0;0;0;0;0;0;0;0;0;0;0;0;0;0;0;0;0;0;0;0;0;0;0;0;0;0;0;0;0;0;0;0;0;0
28.02.2024;20:55;A 41;1;1;2;4;11;1;37;0;0;0;0;4;64;1;1;2;41;2;25;2;29;1;7;1;13;0;3;2;50;0;0;0;0;0;0;0;0;0;0;0;0;0;0;0;0;0;0;0;0;0;0;0;0;0;0;0;0;0;0;0;0;0;0
28.02.2024;20:54;A 41;1;3;5;2;3;4;11;0;0;0;0;3;51;1;1;0;6;1;1;1;8;3;34;1;4;2;14;0;0;0;0;0;0;0;0;0;0;0;0;0;0;0;0;0;0;0;0;0;0;0;0;0;0;0;0;0;0;0;0;0;0;0;0
28.02.2024;20:53;A 41;1;1;3;1;2;1;1;0;0;0;0;4;39;0;0;1;6;1;34;1;35;1;10;0;0;1;1;0;0;0;0;0;0;0;0;0;0;0;0;0;0;0;0;0;0;0;0;0;0;0;0;0;0;0;0;0;0;0;0;0;0;0;0
28.02.2024;20:52;A 41;1;3;3;5;11;2;37;0;0;0;0;3;32;0;0;2;6;4;19;1;22;2;12;3;29;1;9;2;61;0;0;0;0;0;0;0;0;0;0;0;0;0;0;0;0;0;0;0;0;0;0;0;0;0;0;0;0;0;0;0;0;0;0
28.02.2024;20:51;A 41;1;2;3;3;5;1;61;0;0;0;0;3;58;0;0;2;6;1;0;1;6;4;34;0;2;1;20;1;19;0;0;0;0;0;0;0;0;0;0;0;0;0;0;0;0;0;0;0;0;0;0;0;0;0;0;0;0;0;0;0;0;0;0
28.02.2024;20:50;A 41;1;4;4;3;6;2;6;0;0;0;0;2;34;1;1;0;1;1;0;1;7;4;37;2;26;2;28;2;8;0;0;0;0;0;0;0;0;0;0;0;0;0;0;0;0;0;0;0;0;0;0;0;0;0;0;0;0;0;0;0;0;0;0
28.02.2024;20:49;A 41;1;2;5;1;2;2;7;0;0;0;0;6;43;0;0;1;15;1;1;2;47;3;55;1;19;5;29;1;10;0;0;0;0;0;0;0;0;0;0;0;0;0;0;0;0;0;0;0;0;0;0;0;0;0;0;0;0;0;0;0;0;0;0
28.02.2024;20:48;A 41;1;3;4;1;3;2;3;0;0;0;0;7;59;0;0;1;16;0;0;0;0;4;31;1;11;1;10;2;2;0;0;0;0;0;0;0;0;0;0;0;0;0;0;0;0;0;0;0;0;0;0;0;0;0;0;0;0;0;0;0;0;0;0
28.02.2024;20:47;A 41;1;2;3;0;0;0;0;0;0;0;0;0;0;0;0;1;5;4;6;1;1;3;60;1;10;1;67;0;0;0;0;0;0;0;0;0;0;0;0;1;2;1;2;0;0;0;0;0;0;0;0;0;0;0;0;0;0;0;0;0;0;0;0
28.02.2024;20:46;A 41;1;2;3;3;4;3;32;0;0;0;0;3;53;1;0;1;19;2;5;0;0;3;14;0;0;1;22;0;0;0;0;0;0;0;0;0;0;0;0;0;0;0;0;0;0;0;0;0;0;0;0;0;0;0;0;0;0;0;0;0;0;0;0
28.02.2024;20:45;A 41;1;2;9;1;1;1;1;0;0;0;0;5;35;2;1;2;19;1;1;0;0;1;4;0;0;0;0;0;0;0;0;0;0;0;0;0;0;0;0;0;0;0;0;0;0;0;0;0;0;0;0;0;0;0;0;0;0;0;0;0;0;0;0
28.02.2024;20:44;A 41;1;0;0;4;9;3;5;0;0;0;0;3;51;1;1;1;28;3;53;1;29;3;32;1;11;4;16;1;9;0;0;0;0;0;0;0;0;0;0;0;0;0;0;0;0;0;0;0;0;0;0;0;0;0;0;0;0;0;0;0;0;0;0
28.02.2024;20:43;A 41;1;1;5;3;7;1;70;0;0;0;0;5;7;3;7;0;62;1;52;0;68;4;52;1;8;1;45;1;79;1;2;1;2;1;2;0;0;1;2;0;0;0;0;0;0;0;0;0;0;0;0;0;0;0;0;0;0;0;0;0;0;0;0
28.02.2024;20:42;A 41;1;4;6;1;3;2;7;0;0;0;0;1;1;1;0;3;32;1;0;1;33;6;65;3;17;5;7;3;12;0;0;0;0;0;0;0;0;0;0;0;0;0;0;0;0;0;0;0;0;0;0;0;0;0;0;0;0;0;0;0;0;0;0
28.02.2024;20:41;A 41;1;2;4;2;5;0;0;0;0;0;0;2;2;0;20;1;1;0;0;0;0;3;32;1;17;1;15;1;2;0;0;0;0;0;0;0;0;0;0;0;0;0;0;0;0;0;0;0;0;0;0;0;0;0;0;0;0;0;0;0;0;0;0
28.02.2024;20:40;A 41;1;1;1;2;2;2;70;0;0;0;0;1;48;1;5;0;21;2;2;2;5;3;40;0;23;3;6;2;13;0;0;0;0;0;0;0;0;0;0;0;0;0;0;0;0;0;0;0;0;0;0;0;0;0;0;0;0;0;0;0;0;0;0
28.02.2024;20:39;A 41;1;5;15;6;7;1;25;0;0;0;0;6;17;3;29;1;20;0;0;1;1;2;24;2;1;3;20;0;0;0;0;0;0;0;0;0;0;0;0;0;0;0;0;0;0;0;0;0;0;0;0;0;0;0;0;0;0;0;0;0;0;0;0
28.02.2024;20:38;A 41;1;1;2;2;3;2;14;0;0;0;0;3;40;1;1;1;1;0;0;0;0;1;16;0;0;1;22;0;0;0;0;0;0;0;0;0;0;0;0;0;0;0;0;0;0;0;0;0;0;0;0;0;0;0;0;0;0;0;0;0;0;0;0
28.02.2024;20:37;A 41;1;1;2;5;8;2;27;0;0;0;0;6;66;0;50;3;12;4;49;1;28;4;37;2;7;2;53;0;0;0;0;0;0;0;0;0;0;0;0;1;2;1;2;0;0;0;0;0;0;0;0;0;0;0;0;0;0;0;0;0;0;0;0
28.02.2024;20:36;A 41;1;3;4;2;9;2;4;0;0;0;0;1;81;1;59;2;2;4;4;1;1;2;23;0;0;1;21;0;0;0;0;0;0;0;0;0;0;0;0;0;0;0;0;0;0;0;0;0;0;0;0;0;0;0;0;0;0;0;0;0;0;0;0
28.02.2024;20:35;A 41;1;3;9;3;6;1;23;0;0;0;0;5;47;0;0;0;29;1;34;0;30;3;41;1;4;1;31;0;0;0;0;0;0;0;0;0;0;0;0;0;0;0;0;0;0;0;0;0;0;0;0;0;0;0;0;0;0;0;0;0;0;0;0
28.02.2024;20:34;A 41;1;2;8;1;2;2;8;0;0;0;0;2;2;2;3;1;6;7;6;1;45;1;22;0;0;1;1;0;0;0;0;0;0;0;0;0;0;0;0;0;0;0;0;0;0;0;0;0;0;0;0;0;0;0;0;0;0;0;0;0;0;0;0
28.02.2024;20:33;A 41;1;4;5;2;2;5;18;0;0;0;0;1;33;1;41;1;21;3;6;1;12;0;0;1;17;1;2;1;4;0;0;0;0;0;0;0;0;0;0;0;0;0;0;0;0;0;0;0;0;0;0;0;0;0;0;0;0;0;0;0;0;0;0
28.02.2024;20:32;A 41;1;3;4;1;1;0;0;0;0;0;0;2;27;1;23;3;24;3;6;0;0;5;42;2;18;5;33;0;76;0;0;0;0;0;0;0;0;0;0;1;2;1;2;0;0;0;0;0;0;0;0;0;0;0;0;0;0;0;0;0;0;0;0
28.02.2024;20:31;A 41;1;2;4;1;1;1;3;0;0;0;0;3;63;0;0;2;2;0;0;1;1;3;48;5;38;2;19;4;50;0;0;0;0;0;0;0;0;0;0;0;0;0;0;0;0;0;0;0;0;0;0;0;0;0;0;0;0;0;0;0;0;0;0
28.02.2024;20:30;A 41;1;1;2;0;0;2;7;0;0;0;0;3;21;1;6;1;10;3;3;2;2;1;23;0;0;3;50;0;0;0;0;0;0;0;0;0;0;0;0;0;0;0;0;0;0;0;0;0;0;0;0;0;0;0;0;0;0;0;0;0;0;0;0
28.02.2024;20:29;A 41;1;4;5;5;10;2;25;0;0;0;0;3;31;2;2;1;15;0;0;0;0;2;60;1;15;2;12;1;19;0;0;0;0;0;0;0;0;0;0;0;0;0;0;0;0;0;0;0;0;0;0;0;0;0;0;0;0;0;0;0;0;0;0
28.02.2024;20:28;A 41;1;3;7;1;3;3;7;0;0;0;0;6;37;1;32;1;61;1;1;0;0;0;69;2;16;7;40;1;2;0;0;0;0;0;0;0;0;0;0;0;0;0;0;0;0;0;0;0;0;0;0;0;0;0;0;0;0;0;0;0;0;0;0
28.02.2024;20:27;A 41;1;4;8;2;2;5;8;0;0;0;0;8;48;3;30;3;51;1;11;1;2;2;20;0;0;2;78;0;0;0;0;0;0;0;0;0;0;1;2;0;0;0;0;0;0;0;0;0;0;0;0;0;0;0;0;0;0;0;0;0;0;0;0
28.02.2024;20:26;A 41;1;1;2;2;2;0;0;0;0;0;0;6;8;1;0;1;11;0;0;3;43;0;58;0;0;5;53;0;0;0;0;0;0;0;0;0;0;0;0;0;0;0;0;0;0;0;0;0;0;0;0;0;0;0;0;0;0;0;0;0;0;0;0
28.02.2024;20:25;A 41;1;1;7;2;9;2;5;0;0;0;0;2;38;0;0;1;32;4;7;0;0;1;52;2;17;2;23;0;0;0;0;0;0;0;0;0;0;0;0;0;0;0;0;0;0;0;0;0;0;0;0;0;0;0;0;0;0;0;0;0;0;0;0
28.02.2024;20:24;A 41;1;4;6;3;4;4;12;0;0;0;0;2;2;1;0;2;5;4;16;1;1;3;14;1;9;1;43;2;2;0;0;0;0;0;0;0;0;0;0;0;0;0;0;0;0;0;0;0;0;0;0;0;0;0;0;0;0;0;0;0;0;0;0
28.02.2024;20:23;A 41;1;1;3;6;14;1;2;0;0;0;0;4;80;2;2;2;2;3;30;1;1;0;0;1;11;0;0;2;16;0;0;0;0;0;0;0;0;0;0;0;0;0;0;0;0;0;0;0;0;0;0;0;0;0;0;0;0;0;0;0;0;0;0
28.02.2024;20:22;A 41;1;4;8;4;8;4;10;0;0;0;0;3;62;1;0;1;1;0;0;0;0;0;0;2;19;1;3;3;36;0;0;0;0;0;0;0;0;0;0;0;0;0;0;0;0;0;0;0;0;0;0;0;0;0;0;0;0;0;0;0;0;0;0
28.02.2024;20:21;A 41;1;2;2;2;5;1;1;0;0;0;0;1;37;1;0;3;2;2;1;3;4;4;35;2;27;3;13;2;32;0;0;0;0;0;0;0;0;0;0;0;0;0;0;0;0;0;0;0;0;0;0;0;0;0;0;0;0;0;0;0;0;0;0
28.02.2024;20:20;A 41;1;5;10;3;16;3;55;0;0;0;0;2;23;0;12;2;5;3;35;2;3;1;12;2;23;1;3;1;2;0;0;0;0;0;0;0;0;0;0;0;0;0;0;0;0;0;0;0;0;0;0;0;0;0;0;0;0;0;0;0;0;0;0
28.02.2024;20:19;A 41;1;3;3;1;1;1;3;0;0;0;0;6;26;1;29;2;24;1;0;2;50;5;62;0;5;6;12;0;5;0;0;0;0;0;0;0;0;0;0;0;0;0;0;0;0;0;0;0;0;0;0;0;0;0;0;0;0;0;0;0;0;0;0
28.02.2024;20:18;A 41;1;3;7;4;6;1;3;0;0;0;0;1;67;0;0;1;1;1;26;6;12;6;63;2;31;2;50;2;20;0;0;0;0;0;0;0;0;0;0;0;0;0;0;0;0;0;0;0;0;0;0;0;0;0;0;0;0;0;0;0;0;0;0
28.02.2024;20:17;A 41;1;3;4;0;2;0;15;0;0;0;0;6;83;3;79;4;9;7;20;2;10;4;52;1;6;2;36;2;40;0;0;0;0;0;0;0;0;0;0;1;2;1;2;0;0;0;0;0;0;0;0;0;0;0;0;0;0;0;0;0;0;0;0
28.02.2024;20:16;A 41;1;3;7;5;29;2;56;0;0;0;0;3;76;0;0;3;13;4;17;1;10;5;80;3;29;2;44;4;10;0;0;0;0;0;0;0;0;0;0;0;0;0;0;0;0;0;0;0;0;0;0;0;0;0;0;0;0;0;0;0;0;0;0
28.02.2024;20:15;A 41;1;4;9;2;3;2;33;0;0;0;0;8;76;2;72;1;24;2;33;1;7;2;14;2;4;2;8;3;16;0;0;1;2;1;2;0;0;0;0;0;0;0;0;0;0;0;0;0;0;0;0;0;0;0;0;0;0;0;0;0;0;0;0
28.02.2024;20:14;A 41;1;2;23;5;24;3;30;0;0;0;0;2;52;2;35;0;0;1;8;0;0;2;50;1;17;5;43;1;41;1;2;0;0;0;0;0;0;1;2;0;0;0;0;0;0;0;0;0;0;0;0;0;0;0;0;0;0;0;0;0;0;0;0
28.02.2024;20:13;A 41;1;0;0;2;3;3;20;0;0;0;0;8;64;1;14;0;0;1;0;0;0;7;88;4;47;6;75;2;49;0;0;0;0;0;0;0;0;0;0;0;0;0;0;0;0;0;0;0;0;0;0;0;0;0;0;0;0;0;0;0;0;0;0
28.02.2024;20:12;A 41;1;2;4;3;5;2;4;0;0;0;0;3;70;1;49;0;0;1;0;0;0;5;69;0;0;1;54;1;3;0;0;0;0;0;0;0;0;0;0;0;0;0;0;0;0;0;0;0;0;0;0;0;0;0;0;0;0;0;0;0;0;0;0
28.02.2024;20:11;A 41;1;3;4;3;5;4;34;0;0;0;0;7;61;1;1;3;11;2;2;1;2;2;41;3;26;3;54;2;55;0;0;0;0;0;0;0;0;0;0;0;0;0;0;0;0;0;0;0;0;0;0;0;0;0;0;0;0;0;0;0;0;0;0
28.02.2024;20:10;A 41;1;1;2;2;2;1;10;0;0;0;0;6;89;0;0;1;1;2;5;1;5;2;65;2;51;6;54;1;40;0;0;0;0;0;0;0;0;0;0;0;0;0;0;0;0;0;0;0;0;0;0;0;0;0;0;0;0;0;0;0;0;0;0
28.02.2024;20:09;A 41;1;2;4;5;10;3;18;0;0;0;0;3;55;0;0;0;0;2;13;2;17;4;57;3;20;3;68;2;65;0;0;0;0;0;0;0;0;0;0;0;0;0;0;0;0;0;0;0;0;0;0;0;0;0;0;0;0;0;0;0;0;0;0
28.02.2024;20:08;A 41;1;2;5;4;11;3;11;0;0;0;0;7;56;0;47;1;14;2;45;1;5;3;70;1;2;3;47;2;32;0;0;0;0;0;0;0;0;0;0;0;0;0;0;0;0;0;0;0;0;0;0;0;0;0;0;0;0;0;0;0;0;0;0
28.02.2024;20:07;A 41;1;4;6;1;1;0;0;0;0;0;0;4;65;2;45;2;29;6;6;2;46;3;29;2;48;1;41;3;61;0;0;0;0;0;0;0;0;0;0;1;2;1;2;0;0;0;0;0;0;0;0;0;0;0;0;0;0;0;0;0;0;0;0
28.02.2024;20:06;A 41;1;6;16;2;4;0;0;0;0;0;0;6;17;2;15;2;5;1;10;0;0;8;83;5;31;7;64;2;63;0;0;0;0;0;0;0;0;0;0;0;0;0;0;0;0;0;0;0;0;0;0;0;0;0;0;0;0;0;0;0;0;0;0
28.02.2024;20:05;A 41;1;1;1;2;4;2;11;0;0;0;0;6;10;3;36;2;12;3;15;2;3;3;90;6;53;3;65;1;43;0;0;0;0;0;0;0;0;0;0;0;0;0;0;0;0;0;0;0;0;0;0;0;0;0;0;0;0;0;0;0;0;0;0
28.02.2024;20:04;A 41;1;5;9;4;19;3;41;0;0;0;0;5;63;1;58;1;45;2;43;0;0;2;81;3;50;3;32;2;41;0;0;0;0;0;0;0;0;0;0;0;0;0;0;0;0;0;0;0;0;0;0;0;0;0;0;0;0;0;0;0;0;0;0
28.02.2024;20:03;A 41;1;2;5;3;7;3;28;0;0;0;0;4;89;1;4;3;34;3;20;1;16;1;12;2;17;4;7;1;9;0;0;0;0;0;0;0;0;0;0;0;0;1;2;0;0;0;0;0;0;0;0;0;0;0;0;0;0;0;0;0;0;0;0
28.02.2024;20:02;A 41;1;1;2;1;3;4;8;0;0;0;0;9;80;1;30;2;24;3;25;1;32;3;61;1;11;2;78;2;70;0;0;0;0;0;0;0;0;0;0;1;2;0;0;0;0;0;0;0;0;0;0;0;0;0;0;0;0;0;0;0;0;0;0
28.02.2024;20:01;A 41;1;7;10;4;6;4;41;0;0;0;0;1;81;1;0;0;0;1;12;2;35;2;50;2;2;1;78;1;72;0;0;0;0;0;0;0;0;0;0;0;0;0;0;0;0;0;0;0;0;0;0;0;0;0;0;0;0;0;0;0;0;0;0
28.02.2024;20:00;A 41;1;2;14;3;10;1;38;0;0;0;0;8;72;0;61;0;0;1;0;1;21;2;22;1;47;2;60;0;91;0;0;0;0;0;0;0;0;0;0;0;0;0;0;0;0;0;0;0;0;0;0;0;0;0;0;0;0;0;0;0;0;0;0
28.02.2024;19:59;A 41;1;4;18;2;32;1;2;0;0;0;0;7;49;4;54;1;51;4;1;2;2;5;59;2;21;6;24;3;28;0;0;0;0;0;0;0;0;1;2;0;0;0;0;0;0;0;0;0;0;0;0;0;0;0;0;0;0;0;0;0;0;0;0
28.02.2024;19:58;A 41;1;1;1;2;3;3;5;0;0;0;0;0;100;1;72;1;3;3;5;1;1;2;90;3;14;1;90;1;85;0;0;0;0;0;0;0;0;0;0;0;0;0;0;0;0;0;0;0;0;0;0;0;0;0;0;0;0;0;0;0;0;0;0
28.02.2024;19:57;A 41;1;5;7;4;11;4;7;0;0;0;0;5;25;2;5;1;1;0;0;2;34;6;64;2;19;3;24;3;63;0;0;0;0;0;0;0;0;0;0;0;0;0;0;0;0;0;0;0;0;0;0;0;0;0;0;0;0;0;0;0;0;0;0
28.02.2024;19:56;A 41;1;2;17;1;2;3;61;0;0;0;0;4;30;3;3;1;27;0;0;2;74;0;59;4;31;6;40;1;2;0;0;0;0;0;0;0;0;0;0;0;0;0;0;0;0;0;0;0;0;0;0;0;0;0;0;0;0;0;0;0;0;0;0
28.02.2024;19:55;A 41;1;3;7;8;16;0;58;0;0;0;0;4;72;0;0;1;36;2;29;5;43;0;100;2;9;1;71;2;8;0;0;0;0;0;0;0;0;0;0;0;0;0;0;0;0;0;0;0;0;0;0;0;0;0;0;0;0;0;0;0;0;0;0
28.02.2024;19:54;A 41;1;6;10;5;28;5;78;0;0;0;0;8;74;3;25;3;13;0;0;1;6;4;43;0;0;3;71;0;0;0;0;0;0;0;0;0;0;0;0;0;0;0;0;0;0;0;0;0;0;0;0;0;0;0;0;0;0;0;0;0;0;0;0
28.02.2024;19:53;A 41;1;4;5;5;28;2;49;0;0;0;0;7;36;0;19;2;2;1;53;2;74;2;60;2;19;5;34;5;29;0;0;0;0;0;0;0;0;0;0;0;0;0;0;0;0;0;0;0;0;0;0;0;0;0;0;0;0;0;0;0;0;0;0
28.02.2024;19:52;A 41;1;5;6;4;5;5;16;0;0;0;0;0;100;1;80;3;10;3;2;2;3;3;77;2;17;1;55;3;39;0;0;0;0;0;0;0;0;0;0;0;0;0;0;0;0;0;0;0;0;0;0;0;0;0;0;0;0;0;0;0;0;0;0
28.02.2024;19:51;A 41;1;5;29;3;6;2;19;0;0;0;0;7;75;1;3;4;24;2;1;1;2;2;34;1;8;4;56;2;43;0;0;0;0;0;0;0;0;0;0;0;0;0;0;0;0;0;0;0;0;0;0;0;0;0;0;0;0;0;0;0;0;0;0
28.02.2024;19:50;A 41;1;5;24;3;16;2;77;0;0;0;0;7;54;1;1;1;1;1;1;1;2;5;52;0;0;2;19;0;0;0;0;0;0;0;0;0;0;0;0;0;0;0;0;0;0;0;0;0;0;0;0;0;0;0;0;0;0;0;0;0;0;0;0
28.02.2024;19:49;A 41;1;3;41;2;21;2;66;0;0;0;0;2;27;1;1;6;45;5;27;2;52;5;66;0;14;1;1;3;7;0;0;0;0;0;0;0;0;0;0;0;0;0;0;0;0;0;0;0;0;0;0;0;0;0;0;0;0;0;0;0;0;0;0
28.02.2024;19:48;A 41;1;5;19;4;7;20;94;0;0;0;0;2;61;2;4;1;6;1;1;2;15;5;82;5;24;3;53;1;26;0;0;0;0;0;0;0;0;0;0;0;0;1;2;0;0;0;0;0;0;0;0;0;0;0;0;0;0;0;0;0;0;0;0
28.02.2024;19:47;A 41;1;1;1;1;3;3;42;0;0;0;0;9;29;1;1;3;93;2;59;3;87;2;71;2;41;6;31;1;67;0;0;0;0;0;0;0;0;0;0;1;2;0;0;0;0;0;0;0;0;0;0;0;0;0;0;0;0;0;0;0;0;0;0
28.02.2024;19:46;A 41;1;4;14;4;6;2;72;0;0;0;0;1;77;0;0;5;21;7;13;1;1;6;41;4;32;3;43;5;65;0;0;0;0;0;0;0;0;0;0;0;0;0;0;0;0;0;0;0;0;0;0;0;0;0;0;0;0;0;0;0;0;0;0
28.02.2024;19:45;A 41;1;4;5;3;5;3;43;0;0;0;0;5;82;4;22;0;0;1;1;1;1;2;23;1;20;3;48;2;70;0;0;0;0;0;0;0;0;0;0;0;0;0;0;0;0;0;0;0;0;0;0;0;0;0;0;0;0;0;0;0;0;0;0
28.02.2024;19:44;A 41;1;5;17;4;7;5;50;0;0;0;0;8;73;1;1;1;23;2;7;3;69;2;73;2;25;2;23;2;18;0;0;0;0;0;0;0;0;0;0;0;0;0;0;0;0;0;0;0;0;0;0;0;0;0;0;0;0;0;0;0;0;0;0
28.02.2024;19:43;A 41;1;3;6;2;3;2;46;0;0;0;0;2;63;1;4;3;47;4;50;0;49;2;83;1;12;1;86;2;55;1;2;1;2;1;2;0;0;1;2;0;0;0;0;0;0;0;0;0;0;0;0;0;0;0;0;0;0;0;0;0;0;0;0
28.02.2024;19:42;A 41;1;4;7;4;7;2;3;0;0;0;0;9;72;0;0;1;34;2;25;1;49;1;13;3;48;0;0;3;87;0;0;0;0;0;0;0;0;0;0;0;0;0;0;0;0;0;0;0;0;0;0;0;0;0;0;0;0;0;0;0;0;0;0
28.02.2024;19:41;A 41;1;5;22;2;7;5;22;0;0;0;0;6;69;1;13;2;1;0;0;1;1;3;11;2;23;2;9;2;39;0;0;0;0;0;0;0;0;0;0;0;0;0;0;0;0;0;0;0;0;0;0;0;0;0;0;0;0;0;0;0;0;0;0
28.02.2024;19:40;A 41;1;7;10;3;4;4;8;0;0;0;0;6;56;1;35;3;49;2;44;3;39;3;29;2;13;0;0;3;51;0;0;0;0;0;0;0;0;0;0;0;0;1;2;0;0;0;0;0;0;0;0;0;0;0;0;0;0;0;0;0;0;0;0
28.02.2024;19:39;A 41;1;0;0;3;4;1;31;0;0;0;0;8;86;2;75;2;40;3;39;0;0;3;95;1;17;4;57;0;0;0;0;0;0;0;0;0;0;0;0;1;2;0;0;0;0;0;0;0;0;0;0;0;0;0;0;0;0;0;0;0;0;0;0
28.02.2024;19:38;A 41;1;4;13;4;22;2;52;0;0;0;0;4;47;1;32;1;36;1;1;2;7;4;40;1;10;5;13;3;15;0;0;0;0;0;0;0;0;0;0;0;0;0;0;0;0;0;0;0;0;0;0;0;0;0;0;0;0;0;0;0;0;0;0
28.02.2024;19:37;A 41;1;5;7;4;10;4;30;0;0;0;0;4;68;1;55;4;9;1;47;1;21;3;37;2;19;1;19;1;61;0;0;0;0;0;0;0;0;0;0;0;0;0;0;0;0;0;0;0;0;0;0;0;0;0;0;0;0;0;0;0;0;0;0
28.02.2024;19:36;A 41;1;1;2;3;3;5;8;0;0;0;0;7;82;2;75;0;0;1;55;0;0;5;34;0;79;2;78;0;100;0;0;0;0;0;0;0;0;0;0;0;0;0;0;0;0;0;0;0;0;0;0;0;0;0;0;0;0;0;0;0;0;0;0
28.02.2024;19:35;A 41;1;2;5;0;0;0;0;0;0;0;0;2;66;2;38;3;3;2;3;2;42;6;35;1;31;3;74;2;36;0;0;0;0;0;0;0;0;0;0;0;0;0;0;0;0;0;0;0;0;0;0;0;0;0;0;0;0;0;0;0;0;0;0
28.02.2024;19:34;A 41;1;3;4;7;12;2;32;0;0;0;0;1;92;0;100;3;26;1;1;0;26;3;24;2;34;1;33;2;39;0;0;0;0;0;0;0;0;0;0;0;0;0;0;0;0;0;0;0;0;0;0;0;0;0;0;0;0;0;0;0;0;0;0
28.02.2024;19:33;A 41;1;3;4;3;5;1;31;0;0;0;0;3;70;2;69;1;1;1;1;1;26;4;57;4;47;4;75;1;64;0;0;0;0;0;0;0;0;0;0;0;0;0;0;0;0;0;0;0;0;0;0;0;0;0;0;0;0;0;0;0;0;0;0
28.02.2024;19:32;A 41;1;4;13;3;37;1;97;0;0;0;0;4;30;1;51;2;8;3;26;0;0;1;60;3;21;10;62;4;16;0;0;0;0;0;0;0;0;0;0;1;2;1;2;0;0;0;0;0;0;0;0;0;0;0;0;0;0;0;0;0;0;0;0
28.02.2024;19:31;A 41;1;3;3;9;14;7;15;0;0;0;0;2;51;3;77;4;41;4;24;2;23;5;58;1;3;2;70;2;42;0;0;0;0;0;0;0;0;0;0;0;0;0;0;0;0;0;0;0;0;0;0;0;0;0;0;0;0;0;0;0;0;0;0
28.02.2024;19:30;A 41;1;4;5;4;8;1;2;0;0;0;0;6;69;6;83;1;21;0;0;2;1;5;69;3;50;3;66;2;60;0;0;0;0;0;0;0;0;0;0;0;0;0;0;0;0;0;0;0;0;0;0;0;0;0;0;0;0;0;0;0;0;0;0
28.02.2024;19:29;A 41;1;1;3;3;5;5;62;0;0;0;0;4;52;2;85;2;3;4;36;1;2;2;76;0;0;5;58;0;35;0;0;0;0;0;0;0;0;1;2;0;0;0;0;0;0;0;0;0;0;0;0;0;0;0;0;0;0;0;0;0;0;0;0
28.02.2024;19:28;A 41;1;3;8;6;14;4;19;0;0;0;0;1;32;1;51;3;3;4;3;1;1;4;72;4;40;1;75;2;60;0;0;0;0;0;0;0;0;0;0;0;0;0;0;0;0;0;0;0;0;0;0;0;0;0;0;0;0;0;0;0;0;0;0
28.02.2024;19:27;A 41;1;2;7;2;5;1;3;0;0;0;0;4;7;1;1;2;2;2;1;0;0;1;62;2;15;4;73;0;67;0;0;0;0;0;0;0;0;0;0;0;0;0;0;0;0;0;0;0;0;0;0;0;0;0;0;0;0;0;0;0;0;0;0
28.02.2024;19:26;A 41;1;1;1;3;4;3;19;0;0;0;0;13;37;0;0;1;23;0;0;2;71;3;54;2;30;4;15;4;39;0;0;0;0;0;0;0;0;0;0;0;0;0;0;0;0;0;0;0;0;0;0;0;0;0;0;0;0;0;0;0;0;0;0
28.02.2024;19:25;A 41;1;3;8;3;51;2;72;0;0;0;0;3;79;0;0;3;21;3;9;0;39;3;34;2;20;1;2;3;4;0;0;0;0;0;0;0;0;0;0;0;0;0;0;0;0;0;0;0;0;0;0;0;0;0;0;0;0;0;0;0;0;0;0
28.02.2024;19:24;A 41;1;4;12;5;24;1;55;0;0;0;0;8;72;0;0;3;3;4;3;2;19;5;55;3;50;2;3;0;80;0;0;0;0;1;2;0;0;0;0;0;0;0;0;0;0;0;0;0;0;0;0;0;0;0;0;0;0;0;0;0;0;0;0
28.02.2024;19:23;A 41;1;4;12;2;4;1;4;0;0;0;0;7;33;2;15;2;15;2;16;1;1;2;72;3;26;5;20;2;41;0;0;0;0;0;0;0;0;0;0;0;0;0;0;0;0;0;0;0;0;0;0;0;0;0;0;0;0;0;0;0;0;0;0
28.02.2024;19:22;A 41;1;3;50;7;14;3;54;0;0;0;0;1;56;1;40;4;26;2;34;3;55;5;58;1;14;2;52;1;37;0;0;0;0;0;0;0;0;0;0;0;0;0;0;0;0;0;0;0;0;0;0;0;0;0;0;0;0;0;0;0;0;0;0
28.02.2024;19:21;A 41;1;6;67;3;8;1;2;0;0;0;0;4;65;0;0;0;0;1;28;1;48;0;92;0;78;3;78;2;64;0;0;0;0;0;0;0;0;0;0;0;0;0;0;0;0;0;0;0;0;0;0;0;0;0;0;0;0;0;0;0;0;0;0
28.02.2024;19:20;A 41;1;1;2;3;6;0;1;0;0;0;0;9;39;1;1;3;36;1;7;0;0;3;49;1;1;4;46;0;0;0;0;0;0;0;0;0;0;0;0;0;0;0;0;0;0;0;0;0;0;0;0;0;0;0;0;0;0;0;0;0;0;0;0
28.02.2024;19:19;A 41;1;2;4;4;6;3;6;0;0;0;0;9;80;1;1;4;52;3;55;1;52;5;66;1;5;4;53;0;0;0;0;0;0;0;0;0;0;0;0;0;0;0;0;0;0;0;0;0;0;0;0;0;0;0;0;0;0;0;0;0;0;0;0
28.02.2024;19:18;A 41;1;4;12;4;13;2;29;0;0;0;0;4;82;1;4;3;22;4;42;2;11;4;55;1;2;3;76;0;0;0;0;0;0;0;0;0;0;0;0;1;2;1;2;0;0;0;0;0;0;0;0;0;0;0;0;0;0;0;0;0;0;0;0
28.02.2024;19:17;A 41;1;6;26;4;39;2;60;0;0;0;0;6;58;2;23;1;58;0;0;2;73;4;53;3;43;2;12;3;10;0;0;0;0;0;0;0;0;1;2;0;0;0;0;0;0;0;0;0;0;0;0;0;0;0;0;0;0;0;0;0;0;0;0
28.02.2024;19:16;A 41;1;4;5;7;19;2;69;0;0;0;0;2;59;1;58;3;9;3;5;1;1;2;48;3;30;1;27;0;0;0;0;0;0;0;0;0;0;0;0;0;0;0;0;0;0;0;0;0;0;0;0;0;0;0;0;0;0;0;0;0;0;0;0
28.02.2024;19:15;A 41;1;4;16;6;19;6;72;0;0;0;0;5;43;1;3;2;2;2;4;3;26;1;82;2;23;3;82;0;90;0;0;0;0;1;2;0;0;0;0;0;0;0;0;0;0;0;0;0;0;0;0;0;0;0;0;0;0;0;0;0;0;0;0
28.02.2024;19:14;A 41;1;4;85;4;86;1;52;0;0;0;0;13;34;2;21;3;50;3;2;1;2;3;77;7;26;6;52;3;42;1;2;1;2;0;0;0;0;0;0;0;0;0;0;0;0;0;0;0;0;0;0;0;0;0;0;0;0;0;0;0;0;0;0
28.02.2024;19:13;A 41;1;5;10;3;12;3;66;0;0;0;0;1;79;1;72;6;15;9;7;3;5;4;75;1;14;3;55;2;26;0;0;0;0;0;0;0;0;0;0;0;0;0;0;0;0;0;0;0;0;0;0;0;0;0;0;0;0;0;0;0;0;0;0
28.02.2024;19:12;A 41;1;2;5;4;14;3;14;0;0;0;0;9;73;0;62;0;0;0;2;0;4;6;48;2;39;1;55;4;45;0;0;0;0;0;0;0;0;0;0;0;0;0;0;0;0;0;0;0;0;0;0;0;0;0;0;0;0;0;0;0;0;0;0
28.02.2024;19:11;A 41;1;6;13;2;4;2;5;0;0;0;0;4;73;2;28;2;46;3;28;2;71;1;81;5;29;8;34;2;47;0;0;0;0;0;0;0;0;0;0;0;0;0;0;0;0;0;0;0;0;0;0;0;0;0;0;0;0;0;0;0;0;0;0
28.02.2024;19:10;A 41;1;5;22;9;16;4;73;0;0;0;0;8;50;3;60;0;48;1;0;1;1;3;77;2;40;3;16;0;100;0;0;0;0;0;0;0;0;0;0;0;0;0;0;0;0;0;0;0;0;0;0;0;0;0;0;0;0;0;0;0;0;0;0
28.02.2024;19:09;A 41;1;5;6;8;19;5;54;0;0;0;0;6;88;2;54;2;2;2;2;1;1;0;100;3;52;4;84;1;97;0;0;0;0;0;0;0;0;0;0;0;0;0;0;0;0;0;0;0;0;0;0;0;0;0;0;0;0;0;0;0;0;0;0
28.02.2024;19:08;A 41;1;3;27;5;15;1;44;0;0;0;0;3;76;1;47;4;66;4;3;2;3;1;79;5;52;4;31;3;28;0;0;0;0;0;0;0;0;0;0;1;2;1;2;0;0;0;0;0;0;0;0;0;0;0;0;0;0;0;0;0;0;0;0
28.02.2024;19:07;A 41;1;3;11;5;35;3;71;0;0;0;0;7;66;1;1;3;46;2;18;1;10;5;59;1;23;2;70;1;6;0;0;0;0;0;0;0;0;0;0;0;0;0;0;0;0;0;0;0;0;0;0;0;0;0;0;0;0;0;0;0;0;0;0
28.02.2024;19:06;A 41;1;4;8;4;7;4;21;0;0;0;0;8;82;1;58;3;2;3;3;3;19;0;100;1;10;4;42;1;60;0;0;0;0;0;0;0;0;1;2;0;0;0;0;0;0;0;0;0;0;0;0;0;0;0;0;0;0;0;0;0;0;0;0
28.02.2024;19:05;A 41;1;5;7;1;2;2;4;0;0;0;0;7;50;2;3;2;4;1;1;4;70;5;80;4;21;6;15;1;14;0;0;0;0;0;0;0;0;0;0;0;0;0;0;0;0;0;0;0;0;0;0;0;0;0;0;0;0;0;0;0;0;0;0
28.02.2024;19:04;A 41;1;4;20;5;20;2;62;0;0;0;0;0;100;0;0;6;6;3;2;4;33;4;54;3;23;2;44;1;57;0;0;0;0;1;2;0;0;0;0;0;0;0;0;0;0;0;0;0;0;0;0;0;0;0;0;0;0;0;0;0;0;0;0
28.02.2024;19:03;A 41;1;6;41;4;16;3;62;0;0;0;0;4;80;1;56;1;8;1;5;1;34;2;55;4;29;3;67;1;47;1;2;1;2;0;0;0;0;0;0;0;0;1;2;0;0;0;0;0;0;0;0;0;0;0;0;0;0;0;0;0;0;0;0
28.02.2024;19:02;A 41;1;3;53;6;17;2;51;0;0;0;0;10;24;1;3;3;59;3;50;1;36;3;64;0;0;5;23;0;60;0;0;0;0;0;0;0;0;0;0;1;2;0;0;0;0;0;0;0;0;0;0;0;0;0;0;0;0;0;0;0;0;0;0
28.02.2024;19:01;A 41;1;2;9;1;1;1;2;0;0;0;0;8;62;1;1;2;19;2;1;0;0;3;64;4;42;5;53;0;100;0;0;0;0;0;0;0;0;0;0;0;0;0;0;0;0;0;0;0;0;0;0;0;0;0;0;0;0;0;0;0;0;0;0
28.02.2024;19:00;A 41;1;5;18;7;20;5;10;0;0;0;0;6;87;2;3;3;3;3;3;2;12;0;100;2;46;5;83;1;82;0;0;0;0;0;0;0;0;0;0;0;0;1;2;0;0;0;0;0;0;0;0;0;0;0;0;0;0;0;0;0;0;0;0
28.02.2024;18:59;A 41;1;8;24;5;22;1;1;0;0;0;0;13;57;2;2;2;70;3;5;1;68;3;94;4;41;3;52;1;33;0;0;0;0;0;0;0;0;0;0;1;2;0;0;0;0;0;0;0;0;0;0;0;0;0;0;0;0;0;0;0;0;0;0
28.02.2024;18:58;A 41;1;5;27;1;56;2;55;0;0;0;0;7;77;0;0;5;46;6;40;2;7;5;64;6;30;3;62;2;53;0;0;0;0;0;0;0;0;0;0;0;0;0;0;0;0;0;0;0;0;0;0;0;0;0;0;0;0;0;0;0;0;0;0
28.02.2024;18:57;A 41;1;3;36;7;37;1;57;0;0;0;0;6;81;1;1;4;9;3;9;1;7;0;100;2;19;2;81;0;82;0;0;0;0;0;0;0;0;0;0;0;0;0;0;0;0;0;0;0;0;0;0;0;0;0;0;0;0;0;0;0;0;0;0
28.02.2024;18:56;A 41;1;3;49;4;21;3;81;0;0;0;0;18;40;2;16;1;56;2;17;1;96;1;98;1;26;10;50;1;71;0;0;0;0;0;0;0;0;1;2;0;0;0;0;0;0;0;0;0;0;0;0;0;0;0;0;0;0;0;0;0;0;0;0
28.02.2024;18:55;A 41;1;6;15;9;21;5;15;0;0;0;0;1;70;1;63;5;39;4;18;2;53;3;95;2;54;1;56;1;27;0;0;0;0;0;0;0;0;0;0;0;0;0;0;0;0;0;0;0;0;0;0;0;0;0;0;0;0;0;0;0;0;0;0
28.02.2024;18:54;A 41;1;7;14;4;4;2;38;0;0;0;0;2;80;0;0;5;10;5;9;1;31;5;48;2;10;1;18;0;100;0;0;1;2;1;2;0;0;0;0;0;0;0;0;0;0;0;0;0;0;0;0;0;0;0;0;0;0;0;0;0;0;0;0
28.02.2024;18:53;A 41;1;3;7;4;9;2;54;0;0;0;0;17;58;3;7;1;73;2;38;1;23;2;81;3;16;5;39;0;100;1;2;0;0;0;0;0;0;0;0;0;0;0;0;0;0;0;0;0;0;0;0;0;0;0;0;0;0;0;0;0;0;0;0
28.02.2024;18:52;A 41;1;3;9;4;13;0;100;0;0;0;0;3;93;1;3;3;68;5;63;1;3;1;53;5;79;5;23;2;93;0;0;0;0;0;0;0;0;0;0;1;2;1;2;0;0;0;0;0;0;0;0;0;0;0;0;0;0;0;0;0;0;0;0
28.02.2024;18:51;A 41;1;5;11;3;15;3;10;0;0;0;0;11;77;1;60;4;13;2;5;0;1;3;78;1;98;4;69;0;100;0;0;0;0;0;0;0;0;0;0;0;0;0;0;0;0;0;0;0;0;0;0;0;0;0;0;0;0;0;0;0;0;0;0
28.02.2024;18:50;A 41;1;1;1;5;15;1;4;0;0;0;0;14;70;4;47;1;37;1;73;1;29;2;76;8;52;7;47;0;100;0;0;0;0;0;0;0;0;0;0;0;0;0;0;0;0;0;0;0;0;0;0;0;0;0;0;0;0;0;0;0;0;0;0
28.02.2024;18:49;A 41;1;9;22;6;16;3;21;0;0;0;0;7;81;1;25;6;55;3;62;3;90;3;83;1;56;6;59;1;91;0;0;0;0;0;0;0;0;0;0;0;0;1;2;0;0;0;0;0;0;0;0;0;0;0;0;0;0;0;0;0;0;0;0
28.02.2024;18:48;A 41;1;3;5;9;16;9;27;0;0;0;0;7;85;1;50;5;23;2;15;7;46;0;100;4;43;5;90;0;85;0;0;0;0;0;0;0;0;0;0;1;2;0;0;0;0;0;0;0;0;0;0;0;0;0;0;0;0;0;0;0;0;0;0
28.02.2024;18:47;A 41;1;5;82;2;48;1;60;0;0;0;0;7;80;0;0;2;69;3;19;2;65;0;100;2;68;10;59;3;92;0;0;0;0;0;0;0;0;0;0;0;0;0;0;0;0;0;0;0;0;0;0;0;0;0;0;0;0;0;0;0;0;0;0
28.02.2024;18:46;A 41;1;3;49;6;38;8;72;0;0;0;0;9;81;0;0;2;53;2;11;1;51;0;100;2;62;5;66;0;100;0;0;0;0;0;0;0;0;0;0;0;0;0;0;0;0;0;0;0;0;0;0;0;0;0;0;0;0;0;0;0;0;0;0
28.02.2024;18:45;A 41;1;6;21;3;14;4;15;0;0;0;0;5;87;3;57;2;34;1;1;4;52;0;100;1;99;7;78;2;85;0;0;0;0;0;0;0;0;0;0;0;0;0;0;0;0;0;0;0;0;0;0;0;0;0;0;0;0;0;0;0;0;0;0
28.02.2024;18:44;A 41;1;5;29;7;34;1;16;0;0;0;0;7;79;1;39;2;40;1;36;1;2;1;70;1;14;3;32;2;71;0;0;0;0;0;0;0;0;1;2;0;0;0;0;0;0;0;0;0;0;0;0;0;0;0;0;0;0;0;0;0;0;0;0
28.02.2024;18:43;A 41;1;5;62;5;7;2;73;0;0;0;0;1;28;1;10;8;53;3;40;2;59;5;69;3;36;5;72;1;75;0;0;0;0;1;2;0;0;0;0;0;0;0;0;0;0;0;0;0;0;0;0;0;0;0;0;0;0;0;0;0;0;0;0
28.02.2024;18:42;A 41;1;4;10;3;6;4;38;0;0;0;0;11;74;3;31;0;4;2;5;2;41;1;100;4;31;12;72;1;71;1;2;1;2;0;0;0;0;0;0;0;0;1;2;0;0;0;0;0;0;0;0;0;0;0;0;0;0;0;0;0;0;0;0
28.02.2024;18:41;A 41;1;3;58;3;17;1;54;0;0;0;0;14;69;0;0;3;89;3;48;2;44;2;73;4;45;5;38;1;82;0;0;0;0;0;0;0;0;0;0;1;2;0;0;0;0;0;0;0;0;0;0;0;0;0;0;0;0;0;0;0;0;0;0
28.02.2024;18:40;A 41;1;5;14;4;63;4;43;0;0;0;0;8;79;0;15;3;52;3;54;2;48;2;92;3;34;4;79;1;82;0;0;0;0;0;0;0;0;0;0;0;0;1;2;0;0;0;0;0;0;0;0;0;0;0;0;0;0;0;0;0;0;0;0
28.02.2024;18:39;A 41;1;5;7;3;24;4;53;0;0;0;0;5;83;4;16;2;42;3;41;3;32;0;100;3;35;3;87;1;87;0;0;0;0;0;0;0;0;0;0;1;2;0;0;0;0;0;0;0;0;0;0;0;0;0;0;0;0;0;0;0;0;0;0
28.02.2024;18:38;A 41;1;5;12;3;10;2;84;0;0;0;0;13;62;2;3;5;82;5;81;2;68;0;100;2;25;12;55;2;34;0;0;0;0;0;0;0;0;0;0;0;0;0;0;0;0;0;0;0;0;0;0;0;0;0;0;0;0;0;0;0;0;0;0
28.02.2024;18:37;A 41;1;2;70;5;38;0;86;0;0;0;0;1;67;0;0;5;54;3;51;1;53;0;100;1;30;8;76;3;24;0;0;0;0;0;0;0;0;0;0;0;0;0;0;0;0;0;0;0;0;0;0;0;0;0;0;0;0;0;0;0;0;0;0
28.02.2024;18:36;A 41;1;2;51;4;47;0;100;0;0;0;0;4;82;0;0;7;24;5;33;8;80;0;100;0;100;2;85;0;100;0;0;0;0;0;0;0;0;0;0;0;0;0;0;0;0;0;0;0;0;0;0;0;0;0;0;0;0;0;0;0;0;0;0
28.02.2024;18:35;A 41;1;5;47;3;41;2;96;0;0;0;0;9;76;3;69;2;42;1;59;1;97;0;100;4;67;7;54;3;56;0;0;0;0;0;0;0;0;1;2;0;0;0;0;0;0;0;0;0;0;0;0;0;0;0;0;0;0;0;0;0;0;0;0
28.02.2024;18:34;A 41;1;4;16;9;51;5;61;0;0;0;0;7;82;1;32;7;39;3;49;3;71;1;99;0;17;3;61;1;82;0;0;0;0;1;2;0;0;0;0;0;0;0;0;0;0;0;0;0;0;0;0;0;0;0;0;0;0;0;0;0;0;0;0
28.02.2024;18:33;A 41;1;5;16;3;30;4;37;0;0;0;0;7;87;2;84;3;8;5;44;4;43;0;100;3;27;4;85;3;84;1;2;1;2;0;0;0;0;0;0;1;2;1;2;0;0;0;0;0;0;0;0;0;0;0;0;0;0;0;0;0;0;0;0
28.02.2024;18:32;A 41;1;5;9;4;5;3;79;0;0;0;0;15;67;2;44;1;1;2;60;1;17;0;100;3;32;5;41;6;21;0;0;0;0;0;0;0;0;0;0;0;0;0;0;0;0;0;0;0;0;0;0;0;0;0;0;0;0;0;0;0;0;0;0
28.02.2024;18:31;A 41;1;7;12;6;9;4;95;0;0;0;0;10;75;2;33;7;55;4;37;2;14;1;99;1;15;1;96;0;0;0;0;0;0;0;0;0;0;0;0;0;0;0;0;0;0;0;0;0;0;0;0;0;0;0;0;0;0;0;0;0;0;0;0
28.02.2024;18:30;A 41;1;8;30;6;23;1;88;0;0;0;0;5;86;0;0;0;1;2;1;0;0;2;90;0;77;2;24;0;81;0;0;0;0;0;0;0;0;0;0;0;0;0;0;0;0;0;0;0;0;0;0;0;0;0;0;0;0;0;0;0;0;0;0
28.02.2024;18:29;A 41;1;5;31;5;22;2;61;0;0;0;0;13;61;0;0;0;100;1;98;2;18;1;100;0;100;3;40;1;60;0;0;0;0;0;0;0;0;0;0;0;0;0;0;0;0;0;0;0;0;0;0;0;0;0;0;0;0;0;0;0;0;0;0
28.02.2024;18:28;A 41;1;9;20;2;50;1;100;0;0;0;0;8;82;2;10;5;69;5;60;1;1;0;100;0;100;6;24;1;22;0;0;0;0;0;0;0;0;0;0;1;2;1;2;0;0;0;0;0;0;0;0;0;0;0;0;0;0;0;0;0;0;0;0
28.02.2024;18:27;A 41;1;14;22;7;49;1;100;0;0;0;0;5;88;2;70;5;42;6;32;0;1;0;100;0;100;0;100;1;3;0;0;0;0;0;0;0;0;0;0;0;0;1;2;0;0;0;0;0;0;0;0;0;0;0;0;0;0;0;0;0;0;0;0
28.02.2024;18:26;A 41;1;9;67;6;76;2;94;0;0;0;0;14;66;3;35;2;43;2;92;3;95;0;100;0;100;9;43;0;25;0;0;0;0;0;0;0;0;0;0;1;2;0;0;0;0;0;0;0;0;0;0;0;0;0;0;0;0;0;0;0;0;0;0
28.02.2024;18:25;A 41;1;8;63;1;97;2;96;0;0;0;0;1;72;1;80;6;56;2;49;2;22;6;75;0;100;2;5;1;70;0;0;0;0;1;2;0;0;0;0;0;0;0;0;0;0;0;0;0;0;0;0;0;0;0;0;0;0;0;0;0;0;0;0
28.02.2024;18:24;A 41;1;7;38;3;89;7;91;0;0;0;0;5;84;1;66;6;40;6;50;1;7;5;28;0;100;6;68;1;90;0;0;0;0;0;0;0;0;0;0;0;0;0;0;0;0;0;0;0;0;0;0;0;0;0;0;0;0;0;0;0;0;0;0
28.02.2024;18:23;A 41;1;9;36;1;93;0;100;0;0;0;0;13;54;1;24;1;50;3;45;1;14;2;64;0;100;5;39;0;76;0;0;0;0;0;0;0;0;1;2;0;0;0;0;0;0;0;0;0;0;0;0;0;0;0;0;0;0;0;0;0;0;0;0
28.02.2024;18:22;A 41;1;9;65;2;99;1;100;0;0;0;0;1;93;1;53;8;44;5;55;2;52;4;84;0;100;6;79;0;100;0;0;0;0;0;0;0;0;0;0;0;0;0;0;0;0;0;0;0;0;0;0;0;0;0;0;0;0;0;0;0;0;0;0
28.02.2024;18:21;A 41;1;13;40;6;91;3;99;0;0;0;0;5;86;1;80;6;10;4;29;5;87;0;100;0;100;6;85;0;100;0;0;0;0;0;0;0;0;0;0;0;0;0;0;0;0;0;0;0;0;0;0;0;0;0;0;0;0;0;0;0;0;0;0
28.02.2024;18:20;A 41;1;10;73;4;66;0;100;0;0;0;0;14;68;3;45;3;82;2;60;0;99;0;100;0;100;4;54;0;100;0;0;0;0;0;0;0;0;0;0;0;0;0;0;0;0;0;0;0;0;0;0;0;0;0;0;0;0;0;0;0;0;0;0
28.02.2024;18:19;A 41;1;13;47;1;77;1;100;0;0;0;0;9;83;1;56;5;55;4;48;2;92;0;100;0;100;1;100;0;100;0;0;0;0;0;0;0;0;0;0;0;0;1;2;0;0;0;0;0;0;0;0;0;0;0;0;0;0;0;0;0;0;0;0
28.02.2024;18:18;A 41;1;14;25;3;82;0;100;0;0;0;0;5;86;2;86;7;51;3;28;2;97;0;100;0;100;1;100;1;95;0;0;0;0;0;0;0;0;0;0;1;2;0;0;0;0;0;0;0;0;0;0;0;0;0;0;0;0;0;0;0;0;0;0
28.02.2024;18:17;A 41;1;5;15;4;72;4;85;0;0;0;0;15;69;1;49;1;98;2;69;0;100;0;100;0;100;8;59;0;100;0;0;0;0;0;0;0;0;0;0;0;0;0;0;0;0;0;0;0;0;0;0;0;0;0;0;0;0;0;0;0;0;0;0
28.02.2024;18:16;A 41;1;9;64;1;69;1;97;0;0;0;0;10;82;1;29;6;62;3;53;4;59;0;100;0;100;6;69;0;100;0;0;0;0;0;0;0;0;0;0;0;0;0;0;0;0;0;0;0;0;0;0;0;0;0;0;0;0;0;0;0;0;0;0
28.02.2024;18:15;A 41;1;8;24;7;39;2;50;0;0;0;0;6;88;3;89;3;16;8;15;7;46;0;100;0;100;1;91;0;100;0;0;0;0;1;2;0;0;0;0;0;0;1;2;0;0;0;0;0;0;0;0;0;0;0;0;0;0;0;0;0;0;0;0
28.02.2024;18:14;A 41;1;8;46;5;45;2;55;0;0;0;0;9;73;2;78;3;63;2;2;2;95;0;100;0;100;6;64;0;100;1;2;1;2;0;0;0;0;1;2;1;2;0;0;0;0;0;0;0;0;0;0;0;0;0;0;0;0;0;0;0;0;0;0
28.02.2024;18:13;A 41;1;11;23;7;43;2;54;0;0;0;0;9;78;2;47;7;55;6;7;3;93;0;100;0;100;4;73;0;100;0;0;0;0;0;0;0;0;0;0;0;0;0;0;0;0;0;0;0;0;0;0;0;0;0;0;0;0;0;0;0;0;0;0
28.02.2024;18:12;A 41;1;6;44;4;36;3;93;0;0;0;0;7;84;1;80;2;5;1;2;3;68;0;100;0;100;4;59;0;100;0;0;0;0;0;0;0;0;1;2;0;0;0;0;0;0;0;0;0;0;0;0;0;0;0;0;0;0;0;0;0;0;0;0
28.02.2024;18:11;A 41;1;6;62;7;84;0;100;0;0;0;0;15;64;3;87;2;65;3;60;1;32;0;100;0;100;10;56;0;100;0;0;0;0;0;0;0;0;0;0;0;0;0;0;0;0;0;0;0;0;0;0;0;0;0;0;0;0;0;0;0;0;0;0
28.02.2024;18:10;A 41;1;4;58;3;91;0;100;0;0;0;0;10;79;1;41;5;54;4;50;5;83;0;100;0;100;1;100;0;100;0;0;0;0;0;0;0;0;0;0;0;0;0;0;0;0;0;0;0;0;0;0;0;0;0;0;0;0;0;0;0;0;0;0
28.02.2024;18:09;A 41;1;11;44;4;76;0;100;0;0;0;0;6;86;0;0;4;24;4;26;3;94;0;100;0;100;0;100;0;100;1;2;1;2;1;2;0;0;0;0;0;0;0;0;0;0;0;0;0;0;0;0;0;0;0;0;0;0;0;0;0;0;0;0
28.02.2024;18:08;A 41;1;5;25;2;96;0;100;0;0;0;0;9;80;0;64;3;31;2;26;0;100;0;100;0;100;1;93;0;100;0;0;0;0;0;0;0;0;0;0;0;0;0;0;0;0;0;0;0;0;0;0;0;0;0;0;0;0;0;0;0;0;0;0
28.02.2024;18:07;A 41;1;9;32;1;66;0;100;0;0;0;0;9;78;2;12;7;26;3;39;3;85;2;99;0;100;0;100;0;100;0;0;0;0;0;0;0;0;0;0;0;0;0;0;0;0;0;0;0;0;0;0;0;0;0;0;0;0;0;0;0;0;0;0
28.02.2024;18:06;A 41;1;7;37;4;68;1;100;0;0;0;0;5;86;1;79;1;2;2;4;3;83;0;100;0;100;0;100;0;100;0;0;0;0;0;0;0;0;0;0;1;2;1;2;0;0;0;0;0;0;0;0;0;0;0;0;0;0;0;0;0;0;0;0
28.02.2024;18:05;A 41;1;5;70;0;100;0;100;0;0;0;0;13;61;3;53;2;41;3;54;3;72;0;100;0;100;0;100;0;100;0;0;0;0;0;0;0;0;0;0;0;0;0;0;0;0;0;0;0;0;0;0;0;0;0;0;0;0;0;0;0;0;0;0
28.02.2024;18:04;A 41;1;5;49;9;34;0;100;0;0;0;0;7;80;1;19;4;49;4;40;0;42;0;100;0;100;0;100;0;100;0;0;0;0;0;0;0;0;0;0;1;2;1;2;0;0;0;0;0;0;0;0;0;0;0;0;0;0;0;0;0;0;0;0
28.02.2024;18:03;A 41;1;6;30;3;23;0;100;0;0;0;0;7;86;1;88;4;4;3;5;2;76;0;100;0;100;0;100;0;100;0;0;0;0;0;0;0;0;0;0;0;0;0;0;0;0;0;0;0;0;0;0;0;0;0;0;0;0;0;0;0;0;0;0
28.02.2024;18:02;A 41;1;4;25;7;31;0;100;0;0;0;0;15;58;2;31;2;43;3;42;2;86;0;100;0;100;0;100;0;100;0;0;0;0;0;0;0;0;0;0;0;0;0;0;0;0;0;0;0;0;0;0;0;0;0;0;0;0;0;0;0;0;0;0
28.02.2024;18:01;A 41;1;5;93;4;93;0;100;0;0;0;0;7;81;2;26;6;11;2;41;2;10;0;100;0;100;0;100;0;100;0;0;0;0;0;0;0;0;0;0;0;0;0;0;0;0;0;0;0;0;0;0;0;0;0;0;0;0;0;0;0;0;0;0
28.02.2024;18:00;A 41;1;10;51;4;90;0;100;0;0;0;0;8;76;2;94;2;1;4;34;3;27;0;100;0;100;0;100;0;100;0;0;0;0;0;0;0;0;1;2;0;0;0;0;0;0;0;0;0;0;0;0;0;0;0;0;0;0;0;0;0;0;0;0
28.02.2024;17:59;A 41;1;7;42;4;75;0;100;0;0;0;0;8;47;1;37;2;28;1;1;3;85;0;100;0;100;0;100;0;100;0;0;0;0;1;2;0;0;0;0;0;0;0;0;0;0;0;0;0;0;0;0;0;0;0;0;0;0;0;0;0;0;0;0
28.02.2024;17:58;A 41;1;8;64;3;84;0;100;0;0;0;0;6;34;1;52;4;56;3;53;3;89;0;100;0;100;0;100;0;100;1;2;1;2;0;0;0;0;0;0;0;0;1;2;0;0;0;0;0;0;0;0;0;0;0;0;0;0;0;0;0;0;0;0
28.02.2024;17:57;A 41;1;9;31;8;61;0;100;0;0;0;0;6;86;1;20;7;43;4;41;4;87;0;100;0;100;0;100;0;100;0;0;0;0;0;0;0;0;0;0;1;2;0;0;0;0;0;0;0;0;0;0;0;0;0;0;0;0;0;0;0;0;0;0
28.02.2024;17:56;A 41;1;6;34;3;92;0;100;0;0;0;0;13;47;1;31;3;66;0;99;0;100;0;100;0;100;0;100;0;100;0;0;0;0;0;0;0;0;0;0;0;0;0;0;0;0;0;0;0;0;0;0;0;0;0;0;0;0;0;0;0;0;0;0
28.02.2024;17:55;A 41;1;8;68;7;84;0;100;0;0;0;0;8;81;1;18;2;48;3;28;1;96;0;100;0;100;0;100;0;100;0;0;0;0;0;0;0;0;0;0;1;2;1;2;0;0;0;0;0;0;0;0;0;0;0;0;0;0;0;0;0;0;0;0
28.02.2024;17:54;A 41;1;7;45;1;99;0;100;0;0;0;0;3;95;3;72;9;19;4;4;2;93;0;100;0;100;0;100;0;100;0;0;0;0;0;0;0;0;0;0;0;0;0;0;0;0;0;0;0;0;0;0;0;0;0;0;0;0;0;0;0;0;0;0
28.02.2024;17:53;A 41;1;3;45;1;99;0;100;0;0;0;0;15;62;3;39;2;42;2;22;1;97;0;100;0;100;0;100;0;100;0;0;0;0;0;0;0;0;0;0;0;0;0;0;0;0;0;0;0;0;0;0;0;0;0;0;0;0;0;0;0;0;0;0
28.02.2024;17:52;A 41;1;7;75;1;92;0;100;0;0;0;0;8;80;4;58;10;62;6;54;3;48;0;100;0;100;0;100;0;100;0;0;0;0;0;0;0;0;0;0;0;0;0;0;0;0;0;0;0;0;0;0;0;0;0;0;0;0;0;0;0;0;0;0
28.02.2024;17:51;A 41;1;12;31;9;76;0;100;0;0;0;0;5;88;3;51;4;21;2;8;0;0;0;100;0;100;0;100;0;100;0;0;0;0;1;2;0;0;0;0;0;0;0;0;0;0;0;0;0;0;0;0;0;0;0;0;0;0;0;0;0;0;0;0
28.02.2024;17:50;A 41;1;4;74;0;100;0;100;0;0;0;0;14;67;1;30;2;25;0;94;1;2;0;100;1;85;0;100;0;100;0;0;1;2;0;0;0;0;0;0;0;0;0;0;0;0;0;0;0;0;0;0;0;0;0;0;0;0;0;0;0;0;0;0
28.02.2024;17:49;A 41;1;6;62;4;88;0;100;0;0;0;0;9;68;1;57;0;48;3;51;1;14;0;100;0;100;0;100;0;100;1;2;0;0;0;0;0;0;0;0;0;0;0;0;0;0;0;0;0;0;0;0;0;0;0;0;0;0;0;0;0;0;0;0
28.02.2024;17:48;A 41;1;9;34;2;87;0;100;0;0;0;0;5;90;1;6;5;30;4;20;2;21;0;100;0;100;0;100;0;100;0;0;0;0;0;0;0;0;0;0;1;2;1;2;0;0;0;0;0;0;0;0;0;0;0;0;0;0;0;0;0;0;0;0
28.02.2024;17:47;A 41;1;6;29;6;41;0;100;0;0;0;0;13;68;0;0;3;43;2;31;1;89;0;100;0;100;0;100;0;100;0;0;0;0;0;0;0;0;0;0;0;0;0;0;0;0;0;0;0;0;0;0;0;0;0;0;0;0;0;0;0;0;0;0
28.02.2024;17:46;A 41;1;10;47;7;76;0;100;0;0;0;0;9;74;0;0;2;56;2;51;2;53;0;100;0;100;0;100;0;100;0;0;0;0;0;0;0;0;0;0;0;0;0;0;0;0;0;0;0;0;0;0;0;0;0;0;0;0;0;0;0;0;0;0
28.02.2024;17:45;A 41;1;5;21;7;47;0;100;0;0;0;0;6;89;0;0;3;53;2;33;2;6;0;100;0;100;1;32;1;41;0;0;0;0;0;0;0;0;0;0;0;0;0;0;0;0;0;0;0;0;0;0;0;0;0;0;0;0;0;0;0;0;0;0
28.02.2024;17:44;A 41;1;1;95;1;95;1;95;0;0;0;0;13;51;3;48;2;61;1;46;1;76;0;100;0;100;1;99;1;99;0;0;0;0;0;0;0;0;1;2;0;0;0;0;0;0;0;0;0;0;0;0;0;0;0;0;0;0;0;0;0;0;0;0
28.02.2024;17:43;A 41;1;5;55;3;52;0;100;0;0;0;0;9;68;1;48;7;45;5;36;4;60;0;100;0;100;4;96;0;100;0;0;0;0;0;0;0;0;0;0;0;0;0;0;0;0;0;0;0;0;0;0;0;0;0;0;0;0;0;0;0;0;0;0
28.02.2024;17:42;A 41;1;7;14;6;20;0;100;0;0;0;0;5;86;2;95;6;10;8;13;1;38;0;100;0;100;1;99;0;100;0;0;0;0;0;0;0;0;0;0;1;2;1;2;0;0;0;0;0;0;0;0;0;0;0;0;0;0;0;0;0;0;0;0
28.02.2024;17:41;A 41;1;5;27;7;21;1;99;0;0;0;0;14;65;2;34;3;30;2;20;3;65;0;100;0;100;4;85;0;100;0;0;0;0;0;0;0;0;0;0;0;0;0;0;0;0;0;0;0;0;0;0;0;0;0;0;0;0;0;0;0;0;0;0
28.02.2024;17:40;A 41;1;6;58;2;75;0;100;0;0;0;0;6;82;2;54;8;51;7;47;3;84;2;76;0;100;3;73;0;100;0;0;0;0;0;0;0;0;0;0;0;0;0;0;0;0;0;0;0;0;0;0;0;0;0;0;0;0;0;0;0;0;0;0
28.02.2024;17:39;A 41;1;7;29;11;39;3;83;0;0;0;0;10;82;0;63;1;48;1;27;2;41;0;100;0;100;10;89;0;100;0;0;0;0;0;0;0;0;0;0;0;0;0;0;0;0;0;0;0;0;0;0;0;0;0;0;0;0;0;0;0;0;0;0
28.02.2024;17:38;A 41;1;2;80;5;69;0;100;0;0;0;0;7;86;4;51;3;92;0;87;2;69;0;100;0;100;4;68;0;100;0;0;0;0;1;2;0;0;1;2;0;0;0;0;0;0;0;0;0;0;0;0;0;0;0;0;0;0;0;0;0;0;0;0
28.02.2024;17:37;A 41;1;10;29;5;37;0;100;0;0;0;0;8;81;1;17;5;54;6;8;1;47;0;100;0;100;7;78;0;100;1;2;1;2;0;0;0;0;0;0;1;2;1;2;0;0;0;0;0;0;0;0;0;0;0;0;0;0;0;0;0;0;0;0
28.02.2024;17:36;A 41;1;7;19;7;21;0;100;0;0;0;0;5;85;0;0;8;12;7;8;4;59;0;100;0;100;1;84;0;100;0;0;0;0;0;0;0;0;0;0;0;0;0;0;0;0;0;0;0;0;0;0;0;0;0;0;0;0;0;0;0;0;0;0
28.02.2024;17:35;A 41;1;4;17;5;14;2;89;0;0;0;0;16;58;1;28;1;94;0;99;1;86;0;100;0;100;8;58;1;99;0;0;0;0;0;0;0;0;0;0;0;0;0;0;0;0;0;0;0;0;0;0;0;0;0;0;0;0;0;0;0;0;0;0
28.02.2024;17:34;A 41;1;4;78;6;43;1;90;0;0;0;0;9;73;2;32;4;54;5;46;3;49;0;100;0;100;2;95;0;100;0;0;0;0;0;0;0;0;0;0;0;0;0;0;0;0;0;0;0;0;0;0;0;0;0;0;0;0;0;0;0;0;0;0
28.02.2024;17:33;A 41;1;7;24;6;21;2;78;0;0;0;0;7;83;1;78;5;34;5;6;3;32;0;100;0;100;2;96;0;100;0;0;0;0;0;0;0;0;0;0;0;0;0;0;0;0;0;0;0;0;0;0;0;0;0;0;0;0;0;0;0;0;0;0
28.02.2024;17:32;A 41;1;5;20;4;49;1;32;0;0;0;0;17;62;2;2;2;58;2;38;1;85;0;100;0;100;12;66;0;100;0;0;0;0;1;2;0;0;0;0;0;0;0;0;0;0;0;0;0;0;0;0;0;0;0;0;0;0;0;0;0;0;0;0
28.02.2024;17:31;A 41;1;2;74;3;72;0;100;0;0;0;0;9;79;3;6;4;55;4;37;4;31;0;100;0;100;5;84;0;100;1;2;1;2;0;0;0;0;0;0;1;2;1;2;0;0;0;0;0;0;0;0;0;0;0;0;0;0;0;0;0;0;0;0
28.02.2024;17:30;A 41;1;8;52;4;44;3;54;0;0;0;0;7;75;0;0;4;38;4;7;7;43;0;100;0;100;4;93;0;100;0;0;0;0;0;0;0;0;0;0;0;0;1;2;0;0;0;0;0;0;0;0;0;0;0;0;0;0;0;0;0;0;0;0
28.02.2024;17:29;A 41;1;6;58;5;18;0;0;0;0;0;0;14;49;2;57;4;29;5;25;0;100;0;100;0;100;7;68;0;100;0;0;0;0;0;0;0;0;0;0;1;2;0;0;0;0;0;0;0;0;0;0;0;0;0;0;0;0;0;0;0;0;0;0
28.02.2024;17:28;A 41;1;3;75;3;46;1;48;0;0;0;0;7;86;1;23;8;46;5;45;4;87;0;100;0;100;4;94;0;100;0;0;0;0;0;0;0;0;0;0;0;0;0;0;0;0;0;0;0;0;0;0;0;0;0;0;0;0;0;0;0;0;0;0
28.02.2024;17:27;A 41;1;8;32;7;14;1;50;0;0;0;0;7;83;3;90;6;53;6;43;3;45;0;100;0;100;0;100;0;100;0;0;0;0;0;0;0;0;0;0;0;0;0;0;0;0;0;0;0;0;0;0;0;0;0;0;0;0;0;0;0;0;0;0
28.02.2024;17:26;A 41;1;5;16;4;14;1;8;0;0;0;0;7;83;2;93;1;63;2;55;0;0;0;100;0;100;6;79;0;100;0;0;0;0;0;0;0;0;1;2;0;0;0;0;0;0;0;0;0;0;0;0;0;0;0;0;0;0;0;0;0;0;0;0
28.02.2024;17:25;A 41;1;7;42;11;30;2;92;0;0;0;0;9;79;1;3;4;21;4;33;2;23;0;100;0;100;1;98;0;100;0;0;0;0;0;0;0;0;0;0;0;0;0;0;0;0;0;0;0;0;0;0;0;0;0;0;0;0;0;0;0;0;0;0
28.02.2024;17:24;A 41;1;9;35;11;26;2;84;0;0;0;0;5;86;1;1;7;16;3;5;3;6;0;100;0;100;4;90;0;100;0;0;0;0;0;0;0;0;0;0;0;0;0;0;0;0;0;0;0;0;0;0;0;0;0;0;0;0;0;0;0;0;0;0
28.02.2024;17:23;A 41;1;6;71;2;3;2;89;0;0;0;0;17;57;2;2;1;32;3;37;2;14;0;100;0;100;7;51;0;100;0;0;0;0;0;0;0;0;0;0;0;0;0;0;0;0;0;0;0;0;0;0;0;0;0;0;0;0;0;0;0;0;0;0
28.02.2024;17:22;A 41;1;4;55;7;30;1;95;0;0;0;0;5;89;1;4;7;57;7;51;2;54;2;90;0;100;3;70;0;100;0;0;0;0;0;0;0;0;0;0;1;2;1;2;0;0;0;0;0;0;0;0;0;0;0;0;0;0;0;0;0;0;0;0
28.02.2024;17:21;A 41;1;3;60;3;22;3;29;0;0;0;0;6;88;2;7;3;16;3;4;2;88;1;39;0;100;3;90;0;100;0;0;0;0;0;0;0;0;0;0;0;0;0;0;0;0;0;0;0;0;0;0;0;0;0;0;0;0;0;0;0;0;0;0
28.02.2024;17:20;A 41;1;1;94;3;33;0;100;0;0;0;0;13;67;4;40;2;68;2;26;2;42;2;84;0;100;8;44;0;100;0;0;0;0;0;0;0;0;0;0;0;0;0;0;0;0;0;0;0;0;0;0;0;0;0;0;0;0;0;0;0;0;0;0
28.02.2024;17:19;A 41;1;6;43;7;62;2;90;0;0;0;0;10;72;1;97;3;58;2;10;3;67;1;98;0;100;4;63;0;100;0;0;0;0;0;0;0;0;0;0;0;0;0;0;0;0;0;0;0;0;0;0;0;0;0;0;0;0;0;0;0;0;0;0
28.02.2024;17:18;A 41;1;7;29;5;16;3;64;0;0;0;0;9;83;4;88;6;18;4;4;2;3;0;100;0;100;6;88;0;100;0;0;0;0;0;0;0;0;0;0;0;0;0;0;0;0;0;0;0;0;0;0;0;0;0;0;0;0;0;0;0;0;0;0
28.02.2024;17:17;A 41;1;3;62;6;32;2;43;0;0;0;0;14;64;5;86;4;66;3;65;2;93;0;100;0;100;9;73;0;100;0;0;0;0;0;0;0;0;0;0;1;2;1;2;0;0;0;0;0;0;0;0;0;0;0;0;0;0;0;0;0;0;0;0
28.02.2024;17:16;A 41;1;7;48;9;35;1;82;0;0;0;0;9;82;1;39;6;49;3;46;3;91;0;100;0;100;5;50;0;100;0;0;0;0;1;2;0;0;0;0;0;0;0;0;0;0;0;0;0;0;0;0;0;0;0;0;0;0;0;0;0;0;0;0
28.02.2024;17:15;A 41;1;9;23;7;24;1;66;0;0;0;0;4;83;3;60;3;8;5;7;2;93;0;100;1;91;3;90;0;100;0;0;0;0;1;2;0;0;0;0;0;0;0;0;0;0;0;0;0;0;0;0;0;0;0;0;0;0;0;0;0;0;0;0
28.02.2024;17:14;A 41;1;2;60;2;74;0;100;0;0;0;0;14;64;1;28;2;79;2;76;2;38;0;100;4;40;5;64;2;94;0;0;1;2;0;0;0;0;0;0;0;0;0;0;0;0;0;0;0;0;0;0;0;0;0;0;0;0;0;0;0;0;0;0
28.02.2024;17:13;A 41;1;6;79;3;96;0;100;0;0;0;0;8;85;2;79;2;46;3;47;1;46;0;100;2;22;4;92;0;100;1;2;0;0;0;0;0;0;0;0;0;0;0;0;0;0;0;0;0;0;0;0;0;0;0;0;0;0;0;0;0;0;0;0
28.02.2024;17:12;A 41;1;11;38;1;98;0;100;0;0;0;0;6;87;2;16;4;31;6;28;5;47;1;98;3;37;1;99;0;100;0;0;0;0;0;0;0;0;1;2;1;2;2;3;0;0;0;0;0;0;0;0;0;0;0;0;0;0;0;0;0;0;0;0
28.02.2024;17:11;A 41;1;5;47;7;53;0;100;0;0;0;0;13;70;2;37;2;31;2;16;2;14;0;99;2;22;9;57;1;93;0;0;0;0;0;0;0;0;0;0;1;2;0;0;0;0;0;0;0;0;0;0;0;0;0;0;0;0;0;0;0;0;0;0
28.02.2024;17:10;A 41;1;6;39;3;73;0;100;0;0;0;0;8;81;0;100;7;62;6;20;5;43;3;96;1;20;7;66;1;28;0;0;0;0;0;0;0;0;0;0;0;0;0;0;0;0;0;0;0;0;0;0;0;0;0;0;0;0;0;0;0;0;0;0
28.02.2024;17:09;A 41;1;7;45;9;51;2;92;0;0;0;0;7;87;2;84;2;66;1;3;0;2;0;100;1;13;5;94;1;54;0;0;0;0;0;0;0;0;0;0;0;0;0;0;0;0;0;0;0;0;0;0;0;0;0;0;0;0;0;0;0;0;0;0
28.02.2024;17:08;A 41;1;6;70;7;74;2;96;0;0;0;0;15;66;2;36;2;30;2;36;1;68;0;100;1;12;11;74;0;47;0;0;0;0;0;0;0;0;0;0;0;0;0;0;0;0;0;0;0;0;0;0;0;0;0;0;0;0;0;0;0;0;0;0
28.02.2024;17:07;A 41;1;3;46;8;30;0;100;0;0;0;0;10;76;1;49;7;52;4;54;3;26;4;86;4;25;3;72;1;25;0;0;0;0;0;0;0;0;0;0;0;0;0;0;0;0;0;0;0;0;0;0;0;0;0;0;0;0;0;0;0;0;0;0
28.02.2024;17:06;A 41;1;5;29;6;18;2;23;0;0;0;0;6;82;1;72;2;3;4;21;4;44;1;86;0;0;2;88;0;86;0;0;0;0;0;0;0;0;0;0;0;0;0;0;0;0;0;0;0;0;0;0;0;0;0;0;0;0;0;0;0;0;0;0
28.02.2024;17:05;A 41;1;3;33;6;16;2;34;0;0;0;0;15;40;1;31;2;40;0;0;0;97;1;87;3;60;11;61;3;21;0;0;0;0;0;0;0;0;0;0;0;0;0;0;0;0;0;0;0;0;0;0;0;0;0;0;0;0;0;0;0;0;0;0
28.02.2024;17:04;A 41;1;5;85;7;38;0;99;0;0;0;0;8;67;2;67;4;63;4;55;2;93;0;100;0;0;1;97;0;0;0;0;0;0;0;0;0;0;0;0;0;0;0;0;0;0;0;0;0;0;0;0;0;0;0;0;0;0;0;0;0;0;0;0
28.02.2024;17:03;A 41;1;7;46;10;28;0;100;0;0;0;0;4;91;0;88;6;31;8;18;3;83;0;100;0;0;2;98;0;0;0;0;0;0;0;1;0;0;0;0;0;0;1;2;0;0;0;0;0;0;0;0;0;0;0;0;0;0;0;0;0;0;0;0
28.02.2024;17:02;A 41;1;5;63;7;45;1;58;0;0;0;0;16;70;3;71;3;42;2;79;1;1;0;100;2;9;7;63;1;41;0;0;0;0;1;1;0;0;1;2;1;2;0;0;0;0;0;0;0;0;0;0;0;0;0;0;0;0;0;0;0;0;0;0
28.02.2024;17:01;A 41;1;6;42;5;27;1;93;0;0;0;0;5;81;1;33;5;51;6;8;2;68;0;100;1;17;0;100;0;100;1;2;1;2;0;0;0;0;0;0;0;0;0;0;0;0;0;0;0;0;0;0;0;0;0;0;0;0;0;0;0;0;0;0
28.02.2024;17:00;A 41;1;4;10;9;20;3;32;0;0;0;0;8;83;2;72;4;40;6;21;3;35;0;100;1;13;2;86;0;100;0;0;0;0;0;0;0;0;0;0;0;0;1;2;0;0;0;0;0;0;0;0;0;0;0;0;0;0;0;0;0;0;0;0
28.02.2024;16:59;A 41;1;4;36;5;35;1;89;0;0;0;0;11;67;4;64;3;94;3;95;1;92;0;100;1;54;10;68;0;100;0;0;0;0;0;0;0;0;0;0;1;2;1;2;0;0;0;0;0;0;0;0;0;0;0;0;0;0;0;0;0;0;0;0
28.02.2024;16:58;A 41;1;6;64;5;62;6;75;0;0;0;0;8;81;2;46;2;32;3;24;2;11;0;100;0;100;6;74;0;100;0;0;0;0;0;0;0;0;0;0;1;2;0;0;0;0;0;0;0;0;0;0;0;0;0;0;0;0;0;0;0;0;0;0
28.02.2024;16:57;A 41;1;6;21;6;29;1;99;0;0;0;0;6;85;1;51;7;12;3;3;4;30;0;100;15;77;3;89;0;100;0;0;0;0;0;0;0;0;0;0;0;0;0;0;0;0;0;0;0;0;0;0;0;0;0;0;0;0;0;0;0;0;0;0
28.02.2024;16:56;A 41;1;7;38;5;60;0;100;0;0;0;0;12;63;0;18;1;68;3;20;2;86;6;98;0;52;4;54;1;99;0;0;0;0;0;0;0;0;0;0;0;0;0;0;0;0;0;0;0;0;0;0;0;0;0;0;0;0;0;0;0;0;0;0
28.02.2024;16:55;A 41;1;4;50;8;40;1;95;0;0;0;0;8;81;1;24;4;55;4;55;3;47;0;100;0;100;4;81;0;100;0;0;0;0;0;0;0;0;0;0;0;0;0;0;0;0;0;0;0;0;0;0;0;0;0;0;0;0;0;0;0;0;0;0
28.02.2024;16:54;A 41;1;8;21;7;21;2;89;0;0;0;0;5;88;3;91;3;31;4;28;1;3;0;100;0;100;2;99;0;100;0;0;0;0;0;0;0;0;0;0;0;0;0;0;0;0;0;0;0;0;0;0;0;0;0;0;0;0;0;0;0;0;0;0
28.02.2024;16:53;A 41;1;4;19;8;18;2;81;0;0;0;0;17;63;3;40;2;79;2;6;1;69;0;100;0;100;4;73;0;100;0;0;0;0;0;0;0;0;1;2;0;0;0;0;0;0;0;0;0;0;0;0;0;0;0;0;0;0;0;0;0;0;0;0
28.02.2024;16:52;A 41;1;3;86;5;66;1;93;0;0;0;0;8;78;1;47;6;39;4;52;4;58;0;100;1;96;0;100;0;100;0;0;0;0;0;0;0;0;0;0;0;0;0;0;0;0;0;0;0;0;0;0;0;0;0;0;0;0;0;0;0;0;0;0
28.02.2024;16:51;A 41;1;10;32;7;54;3;98;0;0;0;0;7;86;2;50;3;7;4;10;3;12;0;100;3;43;3;96;0;100;0;0;0;0;0;0;0;0;0;0;0;0;0;0;0;0;0;0;0;0;0;0;0;0;0;0;0;0;0;0;0;0;0;0
28.02.2024;16:50;A 41;1;5;38;6;49;0;100;0;0;0;0;13;69;3;7;2;16;1;35;2;18;1;99;1;56;9;80;0;100;0;0;0;0;1;2;0;0;0;0;0;0;0;0;0;0;0;0;0;0;0;0;0;0;0;0;0;0;0;0;0;0;0;0
28.02.2024;16:49;A 41;1;5;75;4;70;0;100;0;0;0;0;8;78;1;2;7;61;5;58;3;81;2;99;1;99;2;71;0;100;1;2;1;2;0;0;0;0;0;0;0;0;1;2;0;0;0;0;0;0;0;0;0;0;0;0;0;0;0;0;0;0;0;0
28.02.2024;16:48;A 41;1;6;47;10;21;2;40;0;0;0;0;6;84;2;9;2;22;5;35;7;83;4;45;1;57;2;89;0;100;0;0;0;0;0;0;0;0;0;0;1;2;0;0;0;0;0;0;0;0;0;0;0;0;0;0;0;0;0;0;0;0;0;0
28.02.2024;16:47;A 41;1;4;77;5;66;2;84;0;0;0;0;18;49;1;4;4;80;3;42;2;90;9;74;0;34;5;14;0;100;0;0;0;0;0;0;0;0;0;0;0;0;0;0;0;0;0;0;0;0;0;0;0;0;0;0;0;0;0;0;0;0;0;0
28.02.2024;16:46;A 41;1;4;80;1;68;0;78;0;0;0;0;6;82;1;13;2;51;3;40;3;75;2;23;1;61;3;7;0;100;0;0;0;0;0;0;0;0;1;2;0;0;0;0;0;0;0;0;0;0;0;0;0;0;0;0;0;0;0;0;0;0;0;0
28.02.2024;16:45;A 41;1;3;78;8;32;2;44;0;0;0;0;7;82;2;63;3;23;2;3;1;94;5;41;1;9;4;81;0;100;0;0;0;0;0;0;0;0;0;0;0;0;0;0;0;0;0;0;0;0;0;0;0;0;0;0;0;0;0;0;0;0;0;0
28.02.2024;16:44;A 41;1;3;45;5;50;1;83;0;0;0;0;17;65;0;22;3;80;2;56;3;40;1;74;2;46;4;50;0;100;0;0;0;0;0;0;0;0;0;0;0;0;0;0;0;0;0;0;0;0;0;0;0;0;0;0;0;0;0;0;0;0;0;0
28.02.2024;16:43;A 41;1;6;34;7;15;2;9;0;0;0;0;6;77;2;28;6;59;7;58;4;89;3;91;0;100;3;57;0;100;0;0;0;0;0;0;0;0;0;0;1;2;1;2;0;0;0;0;0;0;0;0;0;0;0;0;0;0;0;0;0;0;0;0
28.02.2024;16:42;A 41;1;9;47;7;27;2;13;0;0;0;0;6;82;3;65;7;40;2;34;1;98;4;89;0;100;5;59;0;100;0;0;0;0;0;0;0;0;0;0;0;0;0;0;0;0;0;0;0;0;0;0;0;0;0;0;0;0;0;0;0;0;0;0
28.02.2024;16:41;A 41;1;4;54;5;67;1;98;0;0;0;0;18;46;2;14;2;65;2;40;2;36;4;43;3;87;7;29;0;100;0;0;0;0;0;0;0;0;1;2;0;0;0;0;0;0;0;0;0;0;0;0;0;0;0;0;0;0;0;0;0;0;0;0
28.02.2024;16:40;A 41;1;3;38;9;21;2;56;0;0;0;0;3;85;1;34;3;42;7;44;0;0;2;93;2;98;5;84;0;100;0;0;0;0;0;0;0;0;0;0;1;2;1;2;0;0;0;0;0;0;0;0;0;0;0;0;0;0;0;0;0;0;0;0
28.02.2024;16:39;A 41;1;5;25;5;18;2;24;0;0;0;0;12;73;5;30;2;53;4;21;1;0;0;100;1;73;8;88;0;100;0;0;0;0;1;2;0;0;0;0;0;0;0;0;0;0;0;0;0;0;0;0;0;0;0;0;0;0;0;0;0;0;0;0
28.02.2024;16:38;A 41;1;4;74;6;45;1;7;0;0;0;0;10;75;2;32;2;50;2;8;0;0;0;100;1;58;8;72;0;100;0;0;1;2;0;0;0;0;0;0;0;0;0;0;0;0;0;0;0;0;0;0;0;0;0;0;0;0;0;0;0;0;0;0
28.02.2024;16:37;A 41;1;5;18;7;13;1;97;0;0;0;0;1;92;1;44;7;57;6;18;3;23;0;100;4;52;2;67;3;69;1;2;0;0;0;0;0;0;0;0;0;0;0;0;0;0;0;0;0;0;0;0;0;0;0;0;0;0;0;0;0;0;0;0
28.02.2024;16:36;A 41;1;5;24;4;19;2;59;0;0;0;0;4;74;1;2;5;14;4;5;4;32;0;100;5;94;3;80;0;100;0;0;0;0;0;0;0;0;0;0;0;0;0;0;0;0;0;0;0;0;0;0;0;0;0;0;0;0;0;0;0;0;0;0
28.02.2024;16:35;A 41;1;2;55;5;73;1;64;0;0;0;0;17;61;2;27;2;76;2;15;3;66;3;89;2;50;8;59;0;100;0;0;0;0;0;0;0;0;0;0;0;0;0;0;0;0;0;0;0;0;0;0;0;0;0;0;0;0;0;0;0;0;0;0
28.02.2024;16:34;A 41;1;4;47;7;60;1;70;0;0;0;0;8;77;1;53;5;35;3;5;4;84;0;100;2;39;4;80;1;90;0;0;0;0;1;2;0;0;0;0;0;0;0;0;0;0;0;0;0;0;0;0;0;0;0;0;0;0;0;0;0;0;0;0
28.02.2024;16:33;A 41;1;5;17;8;30;2;99;0;0;0;0;6;86;4;12;7;9;5;5;6;91;0;100;1;16;3;97;0;100;1;2;1;2;0;0;0;0;0;0;0;0;1;2;0;0;0;0;0;0;0;0;0;0;0;0;0;0;0;0;0;0;0;0
28.02.2024;16:32;A 41;1;4;16;6;13;3;82;0;0;0;0;14;62;0;0;2;37;3;26;2;96;12;78;5;14;8;35;0;100;0;0;0;0;0;0;0;0;0;0;1;2;0;0;0;0;0;0;0;0;0;0;0;0;0;0;0;0;0;0;0;0;0;0
28.02.2024;16:31;A 41;1;8;36;6;57;3;85;0;0;0;0;10;75;1;2;4;53;2;49;1;68;6;29;3;6;1;3;0;100;0;0;0;0;0;0;0;0;0;0;0;0;0;0;0;0;0;0;0;0;0;0;0;0;0;0;0;0;0;0;0;0;0;0
28.02.2024;16:30;A 41;1;2;21;6;23;2;74;0;0;0;0;8;83;1;1;5;25;7;30;3;52;5;51;0;79;0;77;0;100;0;0;0;0;0;0;0;0;0;0;0;0;1;2;0;0;0;0;0;0;0;0;0;0;0;0;0;0;0;0;0;0;0;0
28.02.2024;16:29;A 41;1;5;48;5;28;1;61;0;0;0;0;15;66;0;0;1;54;2;15;1;97;1;81;0;100;12;73;0;100;0;0;0;0;0;0;0;0;0;0;1;2;0;0;0;0;0;0;0;0;0;0;0;0;0;0;0;0;0;0;0;0;0;0
28.02.2024;16:28;A 41;1;5;26;7;47;3;75;0;0;0;0;9;80;0;0;11;59;7;50;4;91;3;78;0;100;4;69;0;100;0;0;0;0;0;0;0;0;0;0;0;0;0;0;0;0;0;0;0;0;0;0;0;0;0;0;0;0;0;0;0;0;0;0
28.02.2024;16:27;A 41;1;4;14;6;20;2;69;0;0;0;0;8;78;3;37;2;41;0;0;3;62;3;88;0;100;5;45;0;100;0;0;0;0;0;0;0;0;0;0;0;0;0;0;0;0;0;0;0;0;0;0;0;0;0;0;0;0;0;0;0;0;0;0
28.02.2024;16:26;A 41;1;2;7;2;4;1;78;0;0;0;0;15;60;2;2;2;54;1;41;2;67;1;68;0;100;6;44;0;100;0;0;0;0;0;0;0;0;0;0;0;0;0;0;0;0;0;0;0;0;0;0;0;0;0;0;0;0;0;0;0;0;0;0
28.02.2024;16:25;A 41;1;6;47;8;34;1;93;0;0;0;0;7;82;0;0;8;51;3;47;2;3;9;63;0;100;0;100;0;100;0;0;0;0;0;0;0;0;0;0;0;0;0;0;0;0;0;0;0;0;0;0;0;0;0;0;0;0;0;0;0;0;0;0
28.02.2024;16:24;A 41;1;4;15;6;16;1;62;0;0;0;0;5;88;1;36;3;23;4;36;2;9;1;99;0;100;9;78;0;100;0;0;0;0;0;0;0;0;1;2;0;0;1;2;0;0;0;0;0;0;0;0;0;0;0;0;0;0;0;0;0;0;0;0
28.02.2024;16:23;A 41;1;4;10;6;40;1;33;0;0;0;0;14;73;0;25;2;85;2;46;1;45;2;51;1;100;5;43;0;100;0;0;0;0;0;0;0;0;0;0;1;2;0;0;0;0;0;0;0;0;0;0;0;0;0;0;0;0;0;0;0;0;0;0
28.02.2024;16:22;A 41;1;6;78;9;32;0;93;0;0;0;0;7;85;2;67;4;50;4;47;2;31;3;62;0;100;4;72;0;100;0;0;0;0;0;0;0;0;0;0;0;0;0;0;0;0;0;0;0;0;0;0;0;0;0;0;0;0;0;0;0;0;0;0
28.02.2024;16:21;A 41;1;9;45;8;21;2;83;0;0;0;0;9;83;3;76;2;21;2;22;2;29;1;72;0;100;4;83;0;100;0;0;0;0;0;0;0;0;0;0;0;0;0;0;0;0;0;0;0;0;0;0;0;0;0;0;0;0;0;0;0;0;0;0
28.02.2024;16:20;A 41;1;5;69;9;31;3;92;0;0;0;0;16;62;4;87;2;34;1;14;2;70;2;77;1;86;9;74;0;100;0;0;0;0;0;0;0;0;0;0;0;0;0;0;0;0;0;0;0;0;0;0;0;0;0;0;0;0;0;0;0;0;0;0
28.02.2024;16:19;A 41;1;2;52;9;50;1;91;0;0;0;0;7;83;0;100;9;57;7;54;3;27;2;86;0;100;7;48;0;100;0;0;0;0;1;2;0;0;0;0;0;0;0;0;0;0;0;0;0;0;0;0;0;0;0;0;0;0;0;0;0;0;0;0
28.02.2024;16:18;A 41;1;4;32;7;16;4;15;0;0;0;0;4;94;1;76;5;13;1;2;3;52;0;100;0;100;4;88;0;100;1;2;1;2;0;0;0;0;0;0;1;2;1;2;0;0;0;0;0;0;0;0;0;0;0;0;0;0;0;0;0;0;0;0
28.02.2024;16:17;A 41;1;2;68;6;27;0;100;0;0;0;0;17;56;3;21;2;66;1;39;1;74;6;66;0;100;7;42;0;100;0;0;0;0;0;0;0;0;1;2;0;0;0;0;0;0;0;0;0;0;0;0;0;0;0;0;0;0;0;0;0;0;0;0
28.02.2024;16:16;A 41;1;3;73;3;58;2;59;0;0;0;0;8;74;2;50;2;56;5;38;2;28;11;44;0;100;2;52;0;100;0;0;0;0;0;0;0;0;0;0;0;0;0;0;0;0;0;0;0;0;0;0;0;0;0;0;0;0;0;0;0;0;0;0
28.02.2024;16:15;A 41;1;3;45;6;43;1;60;0;0;0;0;6;87;3;80;6;9;4;3;1;42;6;52;0;100;3;59;0;100;0;0;0;0;0;0;0;0;0;0;0;0;0;0;0;0;0;0;0;0;0;0;0;0;0;0;0;0;0;0;0;0;0;0
28.02.2024;16:14;A 41;1;5;55;8;28;1;85;0;0;0;0;17;60;1;30;1;32;1;49;5;91;3;65;0;100;10;52;0;100;0;0;0;0;0;0;0;0;0;0;0;0;0;0;0;0;0;0;0;0;0;0;0;0;0;0;0;0;0;0;0;0;0;0
28.02.2024;16:13;A 41;1;9;27;5;30;0;100;0;0;0;0;10;74;1;49;6;63;7;48;5;90;2;80;0;100;4;80;0;100;0;0;0;0;0;0;0;0;0;0;1;2;1;2;0;0;0;0;0;0;0;0;0;0;0;0;0;0;0;0;0;0;0;0
28.02.2024;16:12;A 41;1;8;37;6;13;5;33;0;0;0;0;6;83;4;55;8;34;3;4;2;96;0;100;0;100;4;84;0;100;0;0;0;0;0;0;0;0;0;0;0;0;0;0;0;0;0;0;0;0;0;0;0;0;0;0;0;0;0;0;0;0;0;0
28.02.2024;16:11;A 41;1;6;82;5;19;3;73;0;0;0;0;15;68;2;30;2;47;2;14;1;87;2;92;0;100;8;56;0;100;0;0;0;0;0;0;0;0;0;0;0;0;0;0;0;0;0;0;0;0;0;0;0;0;0;0;0;0;0;0;0;0;0;0
28.02.2024;16:10;A 41;1;7;57;8;31;0;100;0;0;0;0;9;73;3;27;9;60;8;55;3;31;0;100;0;100;4;42;0;100;0;0;0;0;0;0;0;0;0;0;0;0;0;0;0;0;0;0;0;0;0;0;0;0;0;0;0;0;0;0;0;0;0;0
28.02.2024;16:09;A 41;1;4;42;7;25;2;79;0;0;0;0;7;85;2;79;6;23;4;15;6;46;0;100;0;100;3;91;0;100;0;0;0;0;0;0;0;0;0;0;0;0;0;0;0;0;0;0;0;0;0;0;0;0;0;0;0;0;0;0;0;0;0;0
28.02.2024;16:08;A 41;1;3;48;5;18;1;51;0;0;0;0;17;63;2;14;2;45;3;77;1;80;6;73;0;100;7;50;0;100;0;0;0;0;0;0;0;0;0;0;0;0;0;0;0;0;0;0;0;0;0;0;0;0;0;0;0;0;0;0;0;0;0;0
28.02.2024;16:07;A 41;1;0;81;6;38;0;93;0;0;0;0;10;77;0;0;6;51;6;48;4;89;2;18;3;69;4;25;0;100;0;0;0;0;0;0;0;0;0;0;1;2;1;2;0;0;0;0;0;0;0;0;0;0;0;0;0;0;0;0;0;0;0;0
28.02.2024;16:06;A 41;1;5;52;10;35;4;51;0;0;0;0;6;84;0;0;2;1;3;22;6;50;0;100;2;25;4;90;0;100;0;0;0;0;0;0;0;0;0;0;0;0;0;0;0;0;0;0;0;0;0;0;0;0;0;0;0;0;0;0;0;0;0;0
28.02.2024;16:05;A 41;1;4;67;2;84;1;71;0;0;0;0;16;64;2;38;2;12;1;23;1;24;0;100;1;6;7;39;0;100;0;0;0;0;0;0;0;0;1;2;0;0;0;0;0;0;0;0;0;0;0;0;0;0;0;0;0;0;0;0;0;0;0;0
28.02.2024;16:04;A 41;1;4;57;7;75;4;95;0;0;0;0;7;85;1;36;3;23;3;34;1;14;1;98;2;29;4;71;0;100;0;0;0;0;1;2;0;0;0;0;0;0;0;0;0;0;0;0;0;0;0;0;0;0;0;0;0;0;0;0;0;0;0;0
28.02.2024;16:03;A 41;1;5;26;6;71;2;99;0;0;0;0;9;84;2;36;4;10;7;11;5;36;0;100;2;85;6;84;0;100;1;2;1;2;0;0;0;0;0;0;0;0;1;2;0;0;0;0;0;0;0;0;0;0;0;0;0;0;0;0;0;0;0;0
28.02.2024;16:02;A 41;1;6;30;3;41;1;49;0;0;0;0;14;70;1;2;4;83;3;96;1;49;0;100;3;20;7;69;0;100;0;0;0;0;0;0;0;0;0;0;1;2;0;0;0;0;0;0;0;0;0;0;0;0;0;0;0;0;0;0;0;0;0;0
28.02.2024;16:01;A 41;1;1;40;8;18;8;82;0;0;0;0;6;84;0;0;5;38;5;38;0;0;3;98;2;12;3;75;0;100;0;0;0;0;1;2;0;0;0;0;0;0;0;0;0;0;0;0;0;0;0;0;0;0;0;0;0;0;0;0;0;0;0;0
28.02.2024;16:00;A 41;1;3;32;5;10;3;57;0;0;0;0;10;78;5;15;3;26;2;21;3;20;6;41;3;21;3;47;0;100;1;2;1;2;0;0;0;0;0;0;0;0;0;0;0;0;0;0;0;0;0;0;0;0;0;0;0;0;0;0;0;0;0;0
28.02.2024;15:59;A 41;1;4;56;7;22;2;69;0;0;0;0;13;67;1;48;1;41;1;33;2;46;2;72;2;47;11;48;0;100;0;0;0;0;0;0;0;0;0;0;0;0;0;0;0;0;0;0;0;0;0;0;0;0;0;0;0;0;0;0;0;0;0;0
28.02.2024;15:58;A 41;1;4;36;6;23;2;47;0;0;0;0;5;86;1;82;4;40;8;43;2;2;3;98;4;32;4;88;0;100;0;0;0;0;0;0;0;0;0;0;1;2;1;2;0;0;0;0;0;0;0;0;0;0;0;0;0;0;0;0;0;0;0;0
28.02.2024;15:57;A 41;1;5;11;3;6;1;56;0;0;0;0;9;78;3;46;7;61;3;6;1;6;0;100;1;72;6;83;0;100;0;0;0;0;0;0;0;0;0;0;0;0;0;0;0;0;0;0;0;0;0;0;0;0;0;0;0;0;0;0;0;0;0;0
28.02.2024;15:56;A 41;1;3;8;5;14;1;28;0;0;0;0;8;77;3;61;2;67;1;70;2;70;3;75;2;46;5;38;0;100;0;0;0;0;0;0;0;0;1;2;0;0;0;0;0;0;0;0;0;0;0;0;0;0;0;0;0;0;0;0;0;0;0;0
28.02.2024;15:55;A 41;1;2;84;4;58;4;10;0;0;0;0;9;68;2;40;6;71;4;46;3;48;2;96;4;37;4;92;0;100;0;0;0;0;0;0;0;0;0;0;0;0;0;0;0;0;0;0;0;0;0;0;0;0;0;0;0;0;0;0;0;0;0;0
28.02.2024;15:54;A 41;1;5;34;4;13;0;38;0;0;0;0;11;74;1;4;6;33;6;9;2;20;4;79;3;45;5;36;0;100;0;0;0;0;0;0;0;0;0;0;0;0;1;2;0;0;0;0;0;0;0;0;0;0;0;0;0;0;0;0;0;0;0;0
28.02.2024;15:53;A 41;1;6;28;7;17;2;54;0;0;0;0;13;69;2;38;3;85;2;95;1;98;3;97;1;11;4;38;0;100;0;0;0;0;0;0;0;0;0;0;1;2;0;0;0;0;0;0;0;0;0;0;0;0;0;0;0;0;0;0;0;0;0;0
28.02.2024;15:52;A 41;1;9;55;3;29;0;100;0;0;0;0;8;80;1;47;4;55;2;49;2;61;1;74;2;32;5;53;0;100;0;0;0;0;0;0;0;0;0;0;0;0;1;2;0;0;0;0;0;0;0;0;0;0;0;0;0;0;0;0;0;0;0;0
28.02.2024;15:51;A 41;1;5;25;7;15;2;52;0;0;0;0;6;86;1;2;6;34;4;37;3;90;3;92;0;100;4;82;0;100;0;0;0;0;0;0;0;0;0;0;1;2;0;0;0;0;0;0;0;0;0;0;0;0;0;0;0;0;0;0;0;0;0;0
28.02.2024;15:50;A 41;1;4;78;4;12;1;94;0;0;0;0;15;63;1;10;2;40;1;1;4;95;3;89;0;100;9;48;0;100;0;0;0;0;0;0;0;0;0;0;0;0;0;0;0;0;0;0;0;0;0;0;0;0;0;0;0;0;0;0;0;0;0;0
28.02.2024;15:49;A 41;1;2;67;3;54;1;96;0;0;0;0;7;83;0;0;7;52;9;45;3;83;4;78;4;69;5;81;0;100;0;0;0;0;0;0;0;0;0;0;0;0;0;0;0;0;0;0;0;0;0;0;0;0;0;0;0;0;0;0;0;0;0;0
28.02.2024;15:48;A 41;1;4;27;8;38;3;66;0;0;0;0;8;84;1;8;3;29;1;1;2;16;3;77;3;52;5;86;0;100;0;0;0;0;0;0;0;0;0;0;0;0;0;0;0;0;0;0;0;0;0;0;0;0;0;0;0;0;0;0;0;0;0;0
28.02.2024;15:47;A 41;1;4;43;5;15;0;100;0;0;0;0;14;61;1;7;2;29;2;31;1;19;6;69;5;40;4;52;0;100;0;0;0;0;0;0;0;0;1;2;0;0;0;0;0;0;0;0;0;0;0;0;0;0;0;0;0;0;0;0;0;0;0;0
28.02.2024;15:46;A 41;1;3;57;7;61;0;100;0;0;0;0;8;80;0;0;7;19;7;15;2;41;7;61;1;100;3;79;0;100;0;0;0;0;1;2;0;0;0;0;0;0;0;0;0;0;0;0;0;0;0;0;0;0;0;0;0;0;0;0;0;0;0;0
28.02.2024;15:45;A 41;1;9;41;8;37;3;81;0;0;0;0;5;86;3;36;3;5;1;2;1;11;4;81;5;84;2;88;0;100;1;2;1;2;0;0;0;0;0;0;0;0;0;0;0;0;0;0;0;0;0;0;0;0;0;0;0;0;0;0;0;0;0;0
28.02.2024;15:44;A 41;1;3;7;6;72;1;87;0;0;0;0;16;62;0;25;2;43;3;44;2;67;6;82;0;37;4;45;0;100;0;0;0;0;0;0;0;0;0;0;0;0;0;0;0;0;0;0;0;0;0;0;0;0;0;0;0;0;0;0;0;0;0;0
28.02.2024;15:43;A 41;1;5;13;6;52;1;95;0;0;0;0;10;81;2;31;3;56;4;53;6;35;2;41;3;41;2;28;0;100;0;0;0;0;0;0;0;0;0;0;1;2;1;2;0;0;0;0;0;0;0;0;0;0;0;0;0;0;0;0;0;0;0;0
28.02.2024;15:42;A 41;1;6;37;4;40;3;60;0;0;0;0;6;88;2;64;5;29;3;25;4;54;3;48;9;23;4;83;0;100;0;0;0;0;0;0;0;0;0;0;0;0;0;0;0;0;0;0;0;0;0;0;0;0;0;0;0;0;0;0;0;0;0;0
28.02.2024;15:41;A 41;1;3;31;8;44;9;71;0;0;0;0;14;62;2;31;2;79;1;70;5;66;4;82;1;47;8;54;0;100;0;0;0;0;0;0;0;0;0;0;0;0;0;0;0;0;0;0;0;0;0;0;0;0;0;0;0;0;0;0;0;0;0;0
28.02.2024;15:40;A 41;1;3;72;4;60;4;23;0;0;0;0;7;81;1;39;6;31;4;45;2;92;3;77;3;73;5;81;0;100;0;0;0;0;0;0;0;0;0;0;1;2;1;2;0;0;0;0;0;0;0;0;0;0;0;0;0;0;0;0;0;0;0;0
28.02.2024;15:39;A 41;1;7;69;8;56;0;27;0;0;0;0;7;84;4;26;1;3;2;16;3;42;0;100;1;91;4;84;0;100;0;0;0;0;0;0;0;0;0;0;0;0;0;0;0;0;0;0;0;0;0;0;0;0;0;0;0;0;0;0;0;0;0;0
28.02.2024;15:38;A 41;1;4;41;5;13;1;80;0;0;0;0;16;53;2;20;4;85;1;61;2;11;5;94;2;50;7;57;0;100;0;0;0;0;0;0;0;0;0;0;0;0;0;0;0;0;0;0;0;0;0;0;0;0;0;0;0;0;0;0;0;0;0;0
28.02.2024;15:37;A 41;1;6;28;3;6;10;35;0;0;0;0;4;89;2;41;3;19;1;32;1;2;17;38;3;95;3;53;0;100;0;0;1;2;1;2;0;0;1;2;0;0;0;0;0;0;0;0;0;0;0;0;0;0;0;0;0;0;0;0;0;0;0;0
28.02.2024;15:36;A 41;1;5;16;7;13;3;27;0;0;0;0;10;42;0;0;0;0;1;19;2;25;1;98;3;62;8;83;0;100;1;2;0;0;0;0;0;0;0;0;0;0;0;0;0;0;0;0;0;0;0;0;0;0;0;0;0;0;0;0;0;0;0;0
28.02.2024;15:35;A 41;1;5;19;3;16;0;100;0;0;0;0;9;39;0;24;2;41;1;74;1;56;3;70;1;90;6;60;0;100;0;0;0;0;0;0;0;0;0;0;0;0;0;0;0;0;0;0;0;0;0;0;0;0;0;0;0;0;0;0;0;0;0;0
28.02.2024;15:34;A 41;1;10;36;3;31;0;100;0;0;0;0;7;71;1;52;6;58;3;48;3;34;6;92;1;49;6;18;0;100;0;0;0;0;0;0;0;0;0;0;0;0;0;0;0;0;0;0;0;0;0;0;0;0;0;0;0;0;0;0;0;0;0;0
28.02.2024;15:33;A 41;1;5;17;6;39;1;99;0;0;0;0;6;87;2;7;10;34;6;40;9;31;2;63;0;100;2;86;0;100;0;0;0;0;0;0;0;0;0;0;0;0;1;2;0;0;0;0;0;0;0;0;0;0;0;0;0;0;0;0;0;0;0;0
28.02.2024;15:32;A 41;1;5;52;3;68;1;48;0;0;0;0;14;59;3;30;3;71;2;85;2;87;2;97;13;19;10;63;1;54;0;0;0;0;0;0;0;0;0;0;1;2;0;0;0;0;0;0;0;0;0;0;0;0;0;0;0;0;0;0;0;0;0;0
28.02.2024;15:31;A 41;1;5;32;5;39;2;10;0;0;0;0;3;66;1;32;4;52;4;14;5;62;0;100;3;40;2;74;1;87;0;0;0;0;0;0;0;0;0;0;0;0;0;0;0;0;0;0;0;0;0;0;0;0;0;0;0;0;0;0;0;0;0;0
28.02.2024;15:30;A 41;1;3;27;5;34;3;46;0;0;0;0;7;85;1;83;3;35;2;1;1;14;1;100;0;93;4;85;0;100;0;0;0;0;0;0;0;0;0;0;0;0;0;0;0;0;0;0;0;0;0;0;0;0;0;0;0;0;0;0;0;0;0;0
28.02.2024;15:29;A 41;1;4;72;2;95;0;100;0;0;0;0;15;47;3;10;2;41;2;27;2;73;1;99;10;82;10;67;0;100;0;0;0;0;0;0;0;0;0;0;0;0;0;0;0;0;0;0;0;0;0;0;0;0;0;0;0;0;0;0;0;0;0;0
28.02.2024;15:28;A 41;1;6;60;7;44;4;93;0;0;0;0;8;84;0;0;4;48;7;47;4;84;0;100;2;96;4;88;0;100;0;0;0;0;0;0;0;0;0;0;1;2;1;2;0;0;0;0;0;0;0;0;0;0;0;0;0;0;0;0;0;0;0;0
28.02.2024;15:27;A 41;1;7;36;8;38;3;58;0;0;0;0;8;83;2;79;5;22;5;19;3;71;2;99;7;78;7;88;0;100;0;0;0;0;0;0;0;0;0;0;0;0;0;0;0;0;0;0;0;0;0;0;0;0;0;0;0;0;0;0;0;0;0;0
28.02.2024;15:26;A 41;1;4;51;5;47;1;57;0;0;0;0;7;37;1;32;3;70;2;70;2;96;4;88;4;24;6;55;3;44;0;0;0;0;0;0;0;0;1;2;0;0;0;0;0;0;0;0;0;0;0;0;0;0;0;0;0;0;0;0;0;0;0;0
28.02.2024;15:25;A 41;1;3;71;7;52;4;16;0;0;0;0;6;67;1;16;11;45;7;50;4;91;4;47;5;16;5;81;2;70;0;0;0;0;1;2;0;0;0;0;0;0;0;0;0;0;0;0;0;0;0;0;0;0;0;0;0;0;0;0;0;0;0;0
28.02.2024;15:24;A 41;1;7;42;8;37;5;47;0;0;0;0;7;57;2;4;2;3;1;30;2;31;2;74;4;25;4;90;0;92;1;2;1;2;0;0;0;0;0;0;0;0;0;0;0;0;0;0;0;0;0;0;0;0;0;0;0;0;0;0;0;0;0;0
28.02.2024;15:23;A 41;1;4;63;4;55;0;100;0;0;0;0;13;43;0;23;2;73;2;45;0;0;2;98;0;90;12;64;2;87;0;0;0;0;0;0;0;0;0;0;0;0;0;0;0;0;0;0;0;0;0;0;0;0;0;0;0;0;0;0;0;0;0;0
28.02.2024;15:22;A 41;1;1;39;5;35;1;62;0;0;0;0;1;64;4;46;5;39;4;34;3;6;7;64;0;100;2;51;0;100;0;0;0;0;1;2;0;0;0;0;1;2;1;2;0;0;0;0;0;0;0;0;0;0;0;0;0;0;0;0;0;0;0;0
28.02.2024;15:21;A 41;1;5;19;3;14;2;54;0;0;0;0;11;78;1;3;3;26;2;19;3;12;1;84;0;100;8;69;0;100;1;2;1;2;0;0;0;0;0;0;0;0;1;2;0;0;0;0;0;0;0;0;0;0;0;0;0;0;0;0;0;0;0;0
28.02.2024;15:20;A 41;1;6;28;5;18;3;36;0;0;0;0;13;62;6;79;1;97;1;99;0;98;2;85;1;91;6;12;0;100;0;0;0;0;0;0;0;0;0;0;1;2;0;0;0;0;0;0;0;0;0;0;0;0;0;0;0;0;0;0;0;0;0;0
28.02.2024;15:19;A 41;1;7;17;6;25;1;99;0;0;0;0;10;68;2;63;7;63;4;60;3;67;2;18;4;80;0;0;1;81;0;0;0;0;0;0;0;0;0;0;0;0;0;0;0;0;0;0;0;0;0;0;0;0;0;0;0;0;0;0;0;0;0;0
28.02.2024;15:18;A 41;1;7;43;7;50;5;71;0;0;0;0;5;83;1;33;2;4;3;6;1;38;4;38;1;1;3;86;0;84;0;0;0;0;0;0;0;0;0;0;0;0;0;0;0;0;0;0;0;0;0;0;0;0;0;0;0;0;0;0;0;0;0;0
28.02.2024;15:17;A 41;1;3;66;5;23;1;87;0;0;0;0;16;60;2;35;2;55;2;72;0;0;0;100;8;23;10;71;1;91;0;0;0;0;0;0;0;0;0;0;0;0;0;0;0;0;0;0;0;0;0;0;0;0;0;0;0;0;0;0;0;0;0;0
28.02.2024;15:16;A 41;1;4;49;7;27;1;88;0;0;0;0;5;88;0;100;4;43;3;18;6;76;0;100;0;55;5;79;0;100;0;0;0;0;0;0;0;0;0;0;1;2;1;2;0;0;0;0;0;0;0;0;0;0;0;0;0;0;0;0;0;0;0;0
28.02.2024;15:15;A 41;1;5;24;4;10;2;17;0;0;0;0;8;80;2;16;4;5;6;39;6;87;0;100;0;100;3;81;2;60;0;0;0;0;0;0;0;0;1;2;0;0;0;0;0;0;0;0;0;0;0;0;0;0;0;0;0;0;0;0;0;0;0;0
28.02.2024;15:14;A 41;1;2;19;5;27;16;31;0;0;0;0;5;76;0;0;3;38;3;43;0;97;0;100;0;100;9;80;1;60;0;0;0;0;0;0;0;0;0;0;0;0;0;0;0;0;0;0;0;0;0;0;0;0;0;0;0;0;0;0;0;0;0;0
28.02.2024;15:13;A 41;1;5;85;7;24;1;99;0;0;0;0;7;70;1;1;7;54;5;48;2;96;3;77;8;68;6;50;0;100;0;0;0;0;0;0;0;0;0;0;0;0;0;0;0;0;0;0;0;0;0;0;0;0;0;0;0;0;0;0;0;0;0;0
28.02.2024;15:12;A 41;1;3;64;4;23;2;71;0;0;0;0;9;75;0;0;5;37;4;7;3;58;5;91;0;100;4;84;0;100;0;0;0;0;0;0;0;0;0;0;0;0;0;0;0;0;0;0;0;0;0;0;0;0;0;0;0;0;0;0;0;0;0;0
28.02.2024;15:11;A 41;1;5;71;5;32;1;84;0;0;0;0;13;35;2;2;2;55;2;53;2;78;10;63;1;65;4;53;0;100;0;0;0;0;0;0;0;0;0;0;0;0;0;0;0;0;0;0;0;0;0;0;0;0;0;0;0;0;0;0;0;0;0;0
28.02.2024;15:10;A 41;1;3;25;4;5;0;93;0;0;0;0;7;48;1;1;2;49;5;56;2;13;3;21;0;100;3;63;0;100;0;0;0;0;0;0;0;0;0;0;0;0;1;2;0;0;0;0;0;0;0;0;0;0;0;0;0;0;0;0;0;0;0;0
28.02.2024;15:09;A 41;1;7;19;3;7;0;100;0;0;0;0;7;88;2;2;9;36;10;34;2;4;2;30;1;100;2;84;0;100;0;0;0;0;0;0;0;0;0;0;1;2;0;0;0;0;0;0;0;0;0;0;0;0;0;0;0;0;0;0;0;0;0;0
28.02.2024;15:08;A 41;1;5;35;8;45;1;94;0;0;0;0;8;42;3;4;3;21;3;26;2;84;4;83;0;100;4;40;0;100;0;0;0;0;0;0;0;0;0;0;0;0;0;0;0;0;0;0;0;0;0;0;0;0;0;0;0;0;0;0;0;0;0;0
28.02.2024;15:07;A 41;1;4;67;4;69;2;22;0;0;0;0;8;72;3;3;5;58;4;19;4;89;8;56;1;100;4;74;0;100;0;0;0;0;0;0;0;0;0;0;0;0;0;0;0;0;0;0;0;0;0;0;0;0;0;0;0;0;0;0;0;0;0;0
28.02.2024;15:06;A 41;1;7;41;5;33;2;48;0;0;0;0;7;86;1;0;5;31;3;21;2;27;0;100;0;100;3;75;0;100;0;0;1;2;1;2;0;0;0;0;0;0;0;0;0;0;0;0;0;0;0;0;0;0;0;0;0;0;0;0;0;0;0;0
28.02.2024;15:05;A 41;1;4;56;6;13;2;69;0;0;0;0;15;48;2;55;2;95;2;96;1;96;2;73;0;100;8;38;1;95;1;2;0;0;0;0;0;0;0;0;0;0;0;0;0;0;0;0;0;0;0;0;0;0;0;0;0;0;0;0;0;0;0;0
28.02.2024;15:04;A 41;1;7;20;2;13;2;86;0;0;0;0;9;79;2;92;5;51;2;31;1;0;7;50;0;100;4;53;0;100;0;0;0;0;0;0;0;0;0;0;0;0;0;0;0;0;0;0;0;0;0;0;0;0;0;0;0;0;0;0;0;0;0;0
28.02.2024;15:03;A 41;1;6;15;8;23;1;92;0;0;0;0;8;77;3;93;6;70;2;3;0;0;1;84;0;100;7;53;0;100;0;0;0;0;0;0;0;0;0;0;0;0;1;2;0;0;0;0;0;0;0;0;0;0;0;0;0;0;0;0;0;0;0;0
28.02.2024;15:02;A 41;1;3;10;4;16;1;98;0;0;0;0;13;66;4;80;1;64;1;69;2;53;3;64;0;100;11;41;3;96;0;0;0;0;0;0;0;0;1;2;1;2;0;0;0;0;0;0;0;0;0;0;0;0;0;0;0;0;0;0;0;0;0;0
28.02.2024;15:01;A 41;1;2;4;7;14;1;51;0;0;0;0;0;100;1;78;2;9;3;2;3;9;2;73;0;100;0;100;0;100;0;0;0;0;0;0;0;0;0;0;0;0;0;0;0;0;0;0;0;0;0;0;0;0;0;0;0;0;0;0;0;0;0;0
28.02.2024;15:00;A 41;1;4;24;5;12;2;25;0;0;0;0;13;69;1;42;1;6;0;0;1;9;14;75;0;100;7;73;0;100;0;0;0;0;0;0;0;0;1;2;0;0;0;0;0;0;0;0;0;0;0;0;0;0;0;0;0;0;0;0;0;0;0;0
28.02.2024;14:59;A 41;1;3;42;7;20;4;37;0;0;0;0;10;74;1;36;3;71;4;11;2;59;0;100;0;100;9;51;0;100;0;0;0;0;0;0;0;0;0;0;0;0;0;0;0;0;0;0;0;0;0;0;0;0;0;0;0;0;0;0;0;0;0;0
28.02.2024;14:58;A 41;1;4;12;4;18;2;17;0;0;0;0;7;79;3;54;6;53;8;45;2;33;0;100;0;100;4;89;0;100;0;0;0;0;0;0;0;0;0;0;1;2;1;2;0;0;0;0;0;0;0;0;0;0;0;0;0;0;0;0;0;0;0;0
28.02.2024;14:57;A 41;1;9;33;9;20;1;99;0;0;0;0;12;72;0;0;3;60;2;9;2;95;7;94;0;100;7;81;0;100;0;0;0;0;0;0;0;0;0;0;0;0;0;0;0;0;0;0;0;0;0;0;0;0;0;0;0;0;0;0;0;0;0;0
28.02.2024;14:56;A 41;1;2;5;3;8;2;80;0;0;0;0;6;81;1;7;6;15;3;17;3;6;0;100;0;100;4;71;0;100;0;0;0;0;0;0;0;0;0;0;1;2;1;2;0;0;0;0;0;0;0;0;0;0;0;0;0;0;0;0;0;0;0;0
28.02.2024;14:55;A 41;1;1;2;5;11;2;28;0;0;0;0;6;85;3;60;1;21;5;9;4;10;2;99;0;100;3;88;0;100;0;0;0;0;0;0;0;0;0;0;0;0;0;0;0;0;0;0;0;0;0;0;0;0;0;0;0;0;0;0;0;0;0;0
28.02.2024;14:54;A 41;1;6;23;6;11;3;11;0;0;0;0;10;74;3;52;5;29;0;1;2;3;8;65;0;100;4;77;0;100;0;0;0;1;1;2;0;0;0;0;0;0;0;0;0;0;0;0;0;0;0;0;0;0;0;0;0;0;0;0;0;0;0;0
28.02.2024;14:53;A 41;1;5;16;4;12;1;66;0;0;0;0;9;76;3;72;2;61;2;42;1;3;8;71;2;96;3;74;0;100;1;2;1;1;0;0;0;0;0;0;0;0;0;0;0;0;0;0;0;0;0;0;0;0;0;0;0;0;0;0;0;0;0;0
28.02.2024;14:52;A 41;1;3;12;6;9;2;55;0;0;0;0;13;68;3;85;3;8;2;9;3;58;4;75;0;100;7;62;0;100;0;0;0;0;0;0;0;0;0;0;0;0;0;0;0;0;0;0;0;0;0;0;0;0;0;0;0;0;0;0;0;0;0;0
28.02.2024;14:51;A 41;1;7;31;4;14;2;27;0;0;0;0;10;76;4;60;3;3;1;6;3;76;10;81;0;100;4;71;0;100;0;0;0;0;0;0;0;0;0;0;0;0;0;0;0;0;0;0;0;0;0;0;0;0;0;0;0;0;0;0;0;0;0;0
28.02.2024;14:50;A 41;1;1;81;7;32;0;82;0;0;0;0;13;70;2;95;5;40;3;5;2;53;2;95;0;100;5;82;0;100;0;0;0;0;0;0;0;0;0;0;0;0;0;0;0;0;0;0;0;0;0;0;0;0;0;0;0;0;0;0;0;0;0;0
28.02.2024;14:49;A 41;1;7;20;4;9;3;72;0;0;0;0;10;78;2;61;10;60;1;2;3;14;0;100;2;97;5;70;0;100;0;0;0;0;0;0;0;0;0;0;0;0;0;0;0;0;0;0;0;0;0;0;0;0;0;0;0;0;0;0;0;0;0;0
28.02.2024;14:48;A 41;1;5;18;8;13;5;23;0;0;0;0;1;95;1;97;6;22;3;7;3;41;3;89;0;100;2;90;0;100;0;0;0;0;0;0;0;0;0;0;1;2;1;2;0;0;0;0;0;0;0;0;0;0;0;0;0;0;0;0;0;0;0;0
28.02.2024;14:47;A 41;1;4;25;5;13;0;55;0;0;0;0;7;85;2;94;5;10;6;5;1;1;1;92;0;100;6;82;0;100;0;0;0;0;0;0;0;0;1;2;0;0;0;0;0;0;0;0;0;0;0;0;0;0;0;0;0;0;0;0;0;0;0;0
28.02.2024;14:46;A 41;1;3;24;6;28;3;36;0;0;0;0;11;69;1;6;5;11;1;1;1;1;6;75;0;100;6;74;0;100;0;0;0;0;0;0;0;0;0;0;0;0;0;0;0;0;0;0;0;0;0;0;0;0;0;0;0;0;0;0;0;0;0;0
28.02.2024;14:45;A 41;1;4;20;4;18;0;0;0;0;0;0;12;67;1;2;3;26;6;41;2;78;6;78;2;90;8;64;1;97;0;0;0;0;0;0;0;0;0;0;0;0;0;0;0;0;0;0;0;0;0;0;0;0;0;0;0;0;0;0;0;0;0;0
28.02.2024;14:44;A 41;1;3;55;6;31;1;74;0;0;0;0;9;81;1;3;6;11;5;45;2;3;3;97;8;64;4;77;1;93;0;0;1;2;1;2;0;0;0;0;0;0;0;0;0;0;0;0;0;0;0;0;0;0;0;0;0;0;0;0;0;0;0;0
28.02.2024;14:43;A 41;1;3;59;7;24;3;73;0;0;0;0;10;73;3;22;7;35;5;40;5;33;2;75;1;19;3;76;1;19;1;2;0;0;0;0;0;0;0;0;1;2;1;2;0;0;0;0;0;0;0;0;0;0;0;0;0;0;0;0;0;0;0;0
28.02.2024;14:42;A 41;1;7;45;6;29;2;80;0;0;0;0;7;84;1;38;6;31;0;0;3;25;2;76;4;28;4;66;1;74;0;0;0;0;0;0;0;0;0;0;0;0;0;0;0;0;0;0;0;0;0;0;0;0;0;0;0;0;0;0;0;0;0;0
28.02.2024;14:41;A 41;1;4;12;2;3;1;39;0;0;0;0;6;84;2;63;5;29;4;27;2;28;2;96;5;40;4;73;2;44;0;0;0;0;0;0;0;0;0;0;0;0;1;2;0;0;0;0;0;0;0;0;0;0;0;0;0;0;0;0;0;0;0;0
28.02.2024;14:40;A 41;1;5;34;8;15;4;28;0;0;0;0;7;81;0;0;4;29;3;25;2;9;5;73;1;4;4;88;1;24;0;0;0;0;0;0;0;0;0;0;1;2;0;0;0;0;0;0;0;0;0;0;0;0;0;0;0;0;0;0;0;0;0;0
28.02.2024;14:39;A 41;1;5;24;2;6;0;20;0;0;0;0;12;71;1;21;2;16;2;59;1;59;1;85;0;0;7;74;0;47;0;0;0;0;0;0;0;0;0;0;0;0;0;0;0;0;0;0;0;0;0;0;0;0;0;0;0;0;0;0;0;0;0;0
28.02.2024;14:38;A 41;1;4;9;4;5;2;57;0;0;0;0;10;74;1;49;4;5;2;35;1;5;2;77;1;9;1;52;1;85;0;0;0;0;0;0;0;0;1;2;0;0;0;0;0;0;0;0;0;0;0;0;0;0;0;0;0;0;0;0;0;0;0;0
28.02.2024;14:37;A 41;1;5;15;4;7;2;41;0;0;0;0;4;54;2;57;7;22;4;17;3;35;0;100;5;34;8;84;1;79;0;0;0;0;0;0;0;0;0;0;0;0;0;0;0;0;0;0;0;0;0;0;0;0;0;0;0;0;0;0;0;0;0;0
28.02.2024;14:36;A 41;1;2;47;6;12;3;66;0;0;0;0;10;77;2;14;7;53;3;24;2;11;0;100;3;23;7;79;0;100;0;0;0;0;0;0;0;0;0;0;0;0;0;0;0;0;0;0;0;0;0;0;0;0;0;0;0;0;0;0;0;0;0;0
28.02.2024;14:35;A 41;1;5;17;8;17;3;68;0;0;0;0;4;85;1;67;4;30;2;6;1;2;0;100;0;8;1;92;0;100;0;0;0;0;1;2;0;0;0;0;0;0;0;0;0;0;0;0;0;0;0;0;0;0;0;0;0;0;0;0;0;0;0;0
28.02.2024;14:34;A 41;1;3;11;5;13;1;50;0;0;0;0;7;65;0;0;4;18;3;25;3;10;0;100;4;34;6;88;1;77;1;2;1;2;0;0;0;0;0;0;0;0;0;0;0;0;0;0;0;0;0;0;0;0;0;0;0;0;0;0;0;0;0;0
28.02.2024;14:33;A 41;1;3;12;2;2;2;42;0;0;0;0;8;82;2;92;1;15;2;21;4;27;0;100;1;5;3;79;0;0;0;0;0;0;0;0;0;0;0;0;0;0;0;0;0;0;0;0;0;0;0;0;0;0;0;0;0;0;0;0;0;0;0;0
28.02.2024;14:32;A 41;1;4;12;4;10;1;42;0;0;0;0;10;78;3;76;4;49;4;5;1;1;0;100;2;19;6;89;1;61;0;0;0;0;0;0;0;0;0;0;1;2;1;2;0;0;0;0;0;0;0;0;0;0;0;0;0;0;0;0;0;0;0;0
28.02.2024;14:31;A 41;1;2;6;1;1;1;49;0;0;0;0;9;70;1;27;3;4;1;1;0;0;0;100;0;77;11;77;1;44;0;0;0;0;0;0;0;0;0;0;0;0;0;0;0;0;0;0;0;0;0;0;0;0;0;0;0;0;0;0;0;0;0;0
28.02.2024;14:30;A 41;1;5;39;3;5;1;61;0;0;0;0;2;66;0;0;3;26;3;4;1;4;0;100;5;54;2;97;0;100;0;0;0;0;0;0;0;0;0;0;0;0;1;2;0;0;0;0;0;0;0;0;0;0;0;0;0;0;0;0;0;0;0;0
28.02.2024;14:29;A 41;1;9;28;7;40;1;64;0;0;0;0;9;69;1;1;3;54;2;10;2;23;8;96;3;28;3;98;0;100;0;0;0;0;0;0;0;0;0;0;1;2;0;0;0;0;0;0;0;0;0;0;0;0;0;0;0;0;0;0;0;0;0;0
28.02.2024;14:28;A 41;1;4;15;6;12;2;65;0;0;0;0;9;80;0;0;4;38;2;6;2;3;2;50;3;61;2;66;0;100;0;0;0;0;0;0;0;0;0;0;0;0;0;0;0;0;0;0;0;0;0;0;0;0;0;0;0;0;0;0;0;0;0;0
28.02.2024;14:27;A 41;1;4;10;5;8;0;58;0;0;0;0;6;88;1;4;3;24;6;24;1;4;8;39;0;100;3;56;1;98;0;0;0;0;0;0;0;0;0;0;1;2;1;2;0;0;0;0;0;0;0;0;0;0;0;0;0;0;0;0;0;0;0;0
28.02.2024;14:26;A 41;1;2;33;6;20;1;45;0;0;0;0;6;80;1;14;1;3;1;21;0;0;4;49;29;78;5;83;0;100;0;0;0;0;0;0;0;0;0;0;0;0;0;0;0;0;0;0;0;0;0;0;0;0;0;0;0;0;0;0;0;0;0;0
28.02.2024;14:25;A 41;1;6;19;7;14;1;99;0;0;0;0;10;70;3;76;5;6;3;54;2;11;0;100;0;93;6;74;0;100;0;0;1;2;1;2;0;0;0;0;0;0;0;0;0;0;0;0;0;0;0;0;0;0;0;0;0;0;0;0;0;0;0;0
28.02.2024;14:24;A 41;1;5;16;5;13;2;46;0;0;0;0;9;56;2;93;3;29;2;56;2;16;1;100;0;100;7;75;0;100;1;2;0;0;0;0;0;0;0;0;0;0;0;0;0;0;0;0;0;0;0;0;0;0;0;0;0;0;0;0;0;0;0;0
28.02.2024;14:23;A 41;1;2;9;3;7;2;28;0;0;0;0;8;44;4;76;4;10;3;3;0;1;3;74;0;100;2;57;0;100;0;0;0;0;0;0;0;0;1;2;0;0;0;0;0;0;0;0;0;0;0;0;0;0;0;0;0;0;0;0;0;0;0;0
28.02.2024;14:22;A 41;1;5;15;5;10;3;61;0;0;0;0;11;70;2;45;6;6;4;3;6;58;2;63;3;88;6;53;0;100;0;0;0;0;0;0;0;0;0;0;0;0;0;0;0;0;0;0;0;0;0;0;0;0;0;0;0;0;0;0;0;0;0;0
28.02.2024;14:21;A 41;1;1;2;2;4;0;44;0;0;0;0;8;82;0;0;6;48;3;3;3;41;10;37;5;45;1;9;1;84;0;0;0;0;0;0;0;0;0;0;0;0;0;0;0;0;0;0;0;0;0;0;0;0;0;0;0;0;0;0;0;0;0;0
28.02.2024;14:20;A 41;1;4;9;5;11;1;68;0;0;0;0;7;70;1;1;3;52;2;14;2;54;4;76;3;28;5;48;0;92;0;0;0;0;0;0;0;0;0;0;0;0;0;0;0;0;0;0;0;0;0;0;0;0;0;0;0;0;0;0;0;0;0;0
28.02.2024;14:19;A 41;1;4;12;8;11;2;54;0;0;0;0;9;82;1;1;5;9;6;7;6;35;0;100;2;25;3;87;1;99;0;0;0;0;1;2;0;0;0;0;0;0;0;0;0;0;0;0;0;0;0;0;0;0;0;0;0;0;0;0;0;0;0;0
28.02.2024;14:18;A 41;1;7;20;5;17;2;62;0;0;0;0;7;82;3;57;6;48;3;36;1;29;1;92;3;17;5;73;0;100;1;2;1;2;0;0;0;0;0;0;0;0;0;0;0;0;0;0;0;0;0;0;0;0;0;0;0;0;0;0;0;0;0;0
28.02.2024;14:17;A 41;1;3;8;4;5;2;80;0;0;0;0;11;73;1;40;3;31;4;58;3;16;12;58;2;64;4;64;1;96;0;0;0;0;0;0;0;0;0;0;0;0;1;2;0;0;0;0;0;0;0;0;0;0;0;0;0;0;0;0;0;0;0;0
28.02.2024;14:16;A 41;1;6;19;5;24;0;100;0;0;0;0;9;77;2;56;0;0;1;14;0;0;0;52;4;30;5;85;1;58;0;0;0;0;0;0;0;0;0;0;1;2;0;0;0;0;0;0;0;0;0;0;0;0;0;0;0;0;0;0;0;0;0;0
28.02.2024;14:15;A 41;1;6;40;5;15;1;62;0;0;0;0;11;75;1;48;6;29;3;2;3;61;1;85;1;22;6;65;2;38;0;0;0;0;0;0;0;0;0;0;0;0;0;0;0;0;0;0;0;0;0;0;0;0;0;0;0;0;0;0;0;0;0;0
28.02.2024;14:14;A 41;1;4;17;4;39;0;71;0;0;0;0;9;75;0;1;1;49;1;14;2;20;8;75;7;15;1;63;0;98;0;0;0;0;0;0;0;0;0;0;0;0;0;0;0;0;0;0;0;0;0;0;0;0;0;0;0;0;0;0;0;0;0;0
28.02.2024;14:13;A 41;1;7;18;10;18;2;46;0;0;0;0;5;54;1;98;4;40;6;22;3;8;4;34;3;33;0;90;0;100;0;0;0;0;0;0;0;0;0;0;1;2;1;2;0;0;0;0;0;0;0;0;0;0;0;0;0;0;0;0;0;0;0;0
28.02.2024;14:12;A 41;1;2;5;3;5;1;59;0;0;0;0;3;82;3;57;9;24;3;34;3;15;3;93;2;19;7;70;2;26;0;0;0;0;0;0;0;0;1;2;0;0;0;0;0;0;0;0;0;0;0;0;0;0;0;0;0;0;0;0;0;0;0;0
28.02.2024;14:11;A 41;1;5;21;5;11;3;62;0;0;0;0;11;65;2;52;1;3;2;11;0;0;4;50;1;2;5;55;0;54;0;0;0;0;0;0;0;0;0;0;0;0;0;0;0;0;0;0;0;0;0;0;0;0;0;0;0;0;0;0;0;0;0;0
28.02.2024;14:10;A 41;1;2;33;5;24;2;47;0;0;0;0;8;56;2;16;2;33;2;3;3;5;6;62;3;16;6;57;1;96;0;0;0;0;0;0;0;0;0;0;0;0;0;0;0;0;0;0;0;0;0;0;0;0;0;0;0;0;0;0;0;0;0;0
28.02.2024;14:09;A 41;1;4;21;3;8;1;40;0;0;0;0;10;60;0;24;5;55;6;14;2;3;4;73;7;39;10;66;0;100;0;0;0;0;0;0;0;0;1;2;0;0;0;0;0;0;0;0;0;0;0;0;0;0;0;0;0;0;0;0;0;0;0;0
28.02.2024;14:08;A 41;1;4;31;4;12;0;86;0;0;0;0;7;38;1;47;4;59;2;17;2;58;2;96;7;70;5;63;1;99;0;0;0;0;0;0;0;0;0;0;0;0;0;0;0;0;0;0;0;0;0;0;0;0;0;0;0;0;0;0;0;0;0;0
28.02.2024;14:07;A 41;1;6;37;6;13;3;84;0;0;0;0;9;57;1;14;9;28;5;41;3;90;3;66;0;100;7;82;0;100;0;0;0;0;0;0;0;0;0;0;0;0;0;0;0;0;0;0;0;0;0;0;0;0;0;0;0;0;0;0;0;0;0;0
28.02.2024;14:06;A 41;1;1;12;1;1;1;36;0;0;0;0;6;88;1;3;4;16;6;16;6;33;5;35;5;72;2;93;0;100;0;0;0;0;1;2;0;0;0;0;1;2;1;2;0;0;0;0;0;0;0;0;0;0;0;0;0;0;0;0;0;0;0;0
28.02.2024;14:05;A 41;1;2;17;2;6;11;47;0;0;0;0;8;50;1;22;6;5;6;38;4;41;8;68;2;35;5;56;0;100;1;2;1;2;0;0;0;0;0;0;0;0;0;0;0;0;0;0;0;0;0;0;0;0;0;0;0;0;0;0;0;0;0;0
28.02.2024;14:04;A 41;1;4;14;3;10;1;3;0;0;0;0;4;52;1;48;0;0;2;23;1;1;2;85;6;33;6;61;3;78;0;0;0;0;0;0;0;0;0;0;0;0;0;0;0;0;0;0;0;0;0;0;0;0;0;0;0;0;0;0;0;0;0;0
28.02.2024;14:03;A 41;1;2;11;1;2;1;34;0;0;0;0;5;55;2;34;2;2;2;27;1;1;3;85;3;26;3;77;3;68;0;0;0;0;0;0;0;0;0;0;0;0;0;0;0;0;0;0;0;0;0;0;0;0;0;0;0;0;0;0;0;0;0;0
28.02.2024;14:02;A 41;1;5;27;3;6;2;32;0;0;0;0;9;80;1;14;4;65;7;41;1;18;1;99;1;40;4;82;0;100;0;0;0;0;0;0;0;0;0;0;1;2;1;2;0;0;0;0;0;0;0;0;0;0;0;0;0;0;0;0;0;0;0;0
28.02.2024;14:01;A 41;1;6;28;7;34;1;94;0;0;0;0;11;74;0;0;4;4;3;2;1;12;6;82;3;62;6;54;0;100;0;0;0;0;0;0;0;0;0;0;0;0;0;0;0;0;0;0;0;0;0;0;0;0;0;0;0;0;0;0;0;0;0;0
28.02.2024;14:00;A 41;1;5;20;9;22;2;90;0;0;0;0;9;83;1;4;4;4;4;2;2;1;7;57;1;89;6;32;0;100;0;0;0;0;0;0;0;0;0;0;0;0;0;0;0;0;0;0;0;0;0;0;0;0;0;0;0;0;0;0;0;0;0;0
28.02.2024;13:59;A 41;1;0;0;4;23;1;46;0;0;0;0;3;94;2;94;3;17;4;4;2;3;2;79;0;100;1;98;0;100;0;0;0;0;0;0;0;0;0;0;1;2;1;2;0;0;0;0;0;0;0;0;0;0;0;0;0;0;0;0;0;0;0;0
28.02.2024;13:58;A 41;1;1;14;3;6;5;27;0;0;0;0;10;72;2;33;5;12;2;1;4;22;6;61;0;100;4;81;0;100;0;0;0;0;1;2;0;0;0;0;0;0;0;0;0;0;0;0;0;0;0;0;0;0;0;0;0;0;0;0;0;0;0;0
28.02.2024;13:57;A 41;1;5;27;4;13;2;8;0;0;0;0;9;64;2;68;3;5;3;3;2;46;4;89;0;100;2;71;0;100;1;2;1;2;0;0;0;0;0;0;0;0;0;0;0;0;0;0;0;0;0;0;0;0;0;0;0;0;0;0;0;0;0;0
28.02.2024;13:56;A 41;1;2;40;3;10;1;20;0;0;0;0;10;76;2;8;2;47;1;1;2;22;2;79;2;100;5;61;0;100;0;0;0;0;0;0;0;0;0;0;0;0;0;0;0;0;0;0;0;0;0;0;0;0;0;0;0;0;0;0;0;0;0;0
28.02.2024;13:55;A 41;1;8;20;4;37;0;100;0;0;0;0;8;55;2;38;3;35;3;28;3;10;5;61;3;29;4;51;0;100;0;0;0;0;0;0;0;0;1;2;0;0;0;0;0;0;0;0;0;0;0;0;0;0;0;0;0;0;0;0;0;0;0;0
28.02.2024;13:54;A 41;1;3;9;9;16;3;62;0;0;0;0;3;51;1;40;10;46;6;3;4;6;6;62;3;42;4;78;1;58;0;0;0;0;0;0;0;0;0;0;0;0;0;0;0;0;0;0;0;0;0;0;0;0;0;0;0;0;0;0;0;0;0;0
28.02.2024;13:53;A 41;1;2;5;3;9;1;2;0;0;0;0;8;78;1;4;8;46;9;44;6;59;2;38;0;0;3;89;0;0;0;0;0;0;0;0;0;0;0;0;1;2;1;2;0;0;0;0;0;0;0;0;0;0;0;0;0;0;0;0;0;0;0;0
28.02.2024;13:52;A 41;1;1;3;1;3;0;61;0;0;0;0;6;77;0;0;4;36;2;2;4;21;5;87;1;8;4;75;1;3;0;0;0;0;0;0;0;0;0;0;0;0;0;0;0;0;0;0;0;0;0;0;0;0;0;0;0;0;0;0;0;0;0;0
28.02.2024;13:51;A 41;1;1;2;8;24;1;99;0;0;0;0;9;80;3;48;5;50;3;14;1;6;11;76;5;13;4;39;1;6;0;0;0;0;0;0;0;0;0;0;0;0;0;0;0;0;0;0;0;0;0;0;0;0;0;0;0;0;0;0;0;0;0;0
28.02.2024;13:50;A 41;1;5;35;5;10;1;37;0;0;0;0;12;73;4;60;5;12;3;40;1;2;5;47;1;11;5;47;1;22;0;0;0;0;0;0;0;0;0;0;0;0;0;0;0;0;0;0;0;0;0;0;0;0;0;0;0;0;0;0;0;0;0;0
28.02.2024;13:49;A 41;1;6;26;4;13;2;31;0;0;0;0;8;73;3;47;3;20;2;19;2;3;1;78;2;13;7;53;0;53;0;0;0;0;0;0;0;0;0;0;0;0;0;0;0;0;0;0;0;0;0;0;0;0;0;0;0;0;0;0;0;0;0;0
28.02.2024;13:48;A 41;1;5;22;6;20;1;68;0;0;0;0;10;74;2;12;4;49;4;19;2;6;3;98;2;32;12;79;1;63;0;0;0;0;0;0;0;0;0;0;0;0;0;0;0;0;0;0;0;0;0;0;0;0;0;0;0;0;0;0;0;0;0;0
28.02.2024;13:47;A 41;1;6;17;6;10;4;31;0;0;0;0;10;76;0;0;5;41;1;48;2;75;3;77;7;59;3;62;2;42;0;0;0;0;0;0;0;0;0;0;0;0;1;2;0;0;0;0;0;0;0;0;0;0;0;0;0;0;0;0;0;0;0;0
28.02.2024;13:46;A 41;1;3;37;4;11;2;46;0;0;0;0;8;80;1;14;4;47;3;11;2;36;5;72;2;19;3;73;1;55;0;0;0;0;0;0;0;0;1;2;1;2;0;0;0;0;0;0;0;0;0;0;0;0;0;0;0;0;0;0;0;0;0;0
28.02.2024;13:45;A 41;1;6;32;1;3;0;22;0;0;0;0;8;82;2;49;5;49;3;23;4;8;7;56;1;10;6;54;0;0;0;0;0;0;0;0;0;0;0;0;0;0;0;0;0;0;0;0;0;0;0;0;0;0;0;0;0;0;0;0;0;0;0;0
28.02.2024;13:44;A 41;1;2;6;2;5;1;37;0;0;0;0;10;72;1;14;3;42;4;22;1;1;3;39;1;11;2;69;4;12;0;0;0;0;1;2;0;0;0;0;0;0;0;0;0;0;0;0;0;0;0;0;0;0;0;0;0;0;0;0;0;0;0;0
28.02.2024;13:43;A 41;1;1;26;3;7;1;57;0;0;0;0;8;80;3;6;4;25;4;41;1;1;4;76;2;55;5;60;0;89;1;2;1;2;0;0;0;0;0;0;0;0;0;0;0;0;0;0;0;0;0;0;0;0;0;0;0;0;0;0;0;0;0;0
28.02.2024;13:42;A 41;1;4;25;9;22;3;44;0;0;0;0;9;76;2;6;4;60;2;54;1;2;4;28;9;39;4;44;3;63;0;0;0;0;0;0;0;0;0;0;1;2;1;2;0;0;0;0;0;0;0;0;0;0;0;0;0;0;0;0;0;0;0;0
28.02.2024;13:41;A 41;1;5;24;6;17;1;36;0;0;0;0;8;80;1;1;1;2;2;7;1;0;8;75;5;13;4;68;1;25;0;0;0;0;0;0;0;0;0;0;0;0;0;0;0;0;0;0;0;0;0;0;0;0;0;0;0;0;0;0;0;0;0;0
28.02.2024;13:40;A 41;1;4;30;4;8;2;28;0;0;0;0;10;72;0;9;10;23;5;7;3;13;2;52;2;13;9;55;3;62;0;0;0;0;0;0;0;0;0;0;0;0;0;0;0;0;0;0;0;0;0;0;0;0;0;0;0;0;0;0;0;0;0;0
28.02.2024;13:39;A 41;1;5;30;6;14;2;73;0;0;0;0;7;83;2;34;5;30;4;32;3;5;4;64;4;29;2;74;3;60;0;0;0;0;0;0;0;0;0;0;0;0;0;0;0;0;0;0;0;0;0;0;0;0;0;0;0;0;0;0;0;0;0;0
28.02.2024;13:38;A 41;1;4;37;3;7;4;17;0;0;0;0;3;93;1;46;2;13;2;3;2;2;7;69;3;19;1;88;1;44;0;0;0;0;0;0;0;0;0;0;1;2;1;2;0;0;0;0;0;0;0;0;0;0;0;0;0;0;0;0;0;0;0;0
28.02.2024;13:37;A 41;1;3;40;5;12;2;41;0;0;0;0;7;87;3;83;3;5;2;2;5;33;6;52;2;19;2;40;0;96;0;0;0;0;0;0;0;0;0;0;0;0;0;0;0;0;0;0;0;0;0;0;0;0;0;0;0;0;0;0;0;0;0;0
28.02.2024;13:36;A 41;1;3;11;4;7;1;58;0;0;0;0;12;78;3;81;1;1;1;1;3;8;0;74;2;29;6;62;3;70;0;0;0;0;0;0;0;0;1;2;0;0;0;0;0;0;0;0;0;0;0;0;0;0;0;0;0;0;0;0;0;0;0;0
28.02.2024;13:35;A 41;1;3;8;3;6;1;15;0;0;0;0;12;74;2;75;2;49;0;0;3;19;6;92;1;43;4;69;1;98;0;0;0;0;0;0;0;0;0;0;0;0;0;0;0;0;0;0;0;0;0;0;0;0;0;0;0;0;0;0;0;0;0;0
28.02.2024;13:34;A 41;1;4;17;5;12;2;40;0;0;0;0;10;82;3;37;2;22;2;2;2;3;4;90;2;60;5;72;1;79;1;2;1;2;1;2;0;0;0;0;0;0;0;0;0;0;0;0;0;0;0;0;0;0;0;0;0;0;0;0;0;0;0;0
28.02.2024;13:33;A 41;1;6;51;5;10;0;98;0;0;0;0;13;73;2;47;4;60;2;2;2;68;1;100;1;20;10;82;1;43;0;0;0;0;0;0;0;0;0;0;0;0;0;0;0;0;0;0;0;0;0;0;0;0;0;0;0;0;0;0;0;0;0;0
28.02.2024;13:32;A 41;1;3;5;8;12;3;70;0;0;0;0;4;86;2;87;7;36;5;32;6;54;5;80;3;31;2;78;1;60;0;0;0;0;0;0;0;0;0;0;1;2;1;2;0;0;0;0;0;0;0;0;0;0;0;0;0;0;0;0;0;0;0;0
28.02.2024;13:31;A 41;1;0;2;2;3;2;7;0;0;0;0;5;80;0;0;4;26;6;22;1;2;3;75;0;0;3;77;1;85;0;0;0;0;0;0;0;0;0;0;0;0;1;2;0;0;0;0;0;0;0;0;0;0;0;0;0;0;0;0;0;0;0;0
28.02.2024;13:30;A 41;1;7;19;7;14;2;7;0;0;0;0;7;83;2;82;2;18;4;17;0;0;3;75;1;3;6;83;0;67;0;0;0;0;0;0;0;0;0;0;1;2;0;0;0;0;0;0;0;0;0;0;0;0;0;0;0;0;0;0;0;0;0;0
28.02.2024;13:29;A 41;1;5;14;4;6;3;32;0;0;0;0;5;77;3;50;2;11;1;23;2;27;2;87;2;15;7;84;2;64;0;0;0;0;0;0;0;0;0;0;0;0;0;0;0;0;0;0;0;0;0;0;0;0;0;0;0;0;0;0;0;0;0;0
28.02.2024;13:28;A 41;1;2;31;7;14;3;44;0;0;0;0;6;49;1;31;1;1;1;1;2;47;2;96;3;18;2;70;2;58;0;0;0;0;0;0;0;0;0;0;0;0;0;0;0;0;0;0;0;0;0;0;0;0;0;0;0;0;0;0;0;0;0;0
28.02.2024;13:27;A 41;1;5;37;5;10;1;66;0;0;0;0;13;72;1;1;5;46;3;16;0;0;3;76;1;39;5;48;0;100;0;0;0;0;0;0;0;0;0;0;0;0;0;0;0;0;0;0;0;0;0;0;0;0;0;0;0;0;0;0;0;0;0;0
28.02.2024;13:26;A 41;1;2;6;8;17;4;12;0;0;0;0;8;82;0;5;5;5;3;9;2;4;7;82;7;34;7;87;0;100;1;2;1;2;1;2;0;0;0;0;0;0;0;0;0;0;0;0;0;0;0;0;0;0;0;0;0;0;0;0;0;0;0;0
28.02.2024;13:25;A 41;1;4;16;5;16;1;69;0;0;0;0;9;79;1;1;5;52;2;26;3;61;3;86;0;100;5;43;0;100;0;0;0;0;0;0;0;0;0;0;0;0;0;0;0;0;0;0;0;0;0;0;0;0;0;0;0;0;0;0;0;0;0;0
28.02.2024;13:24;A 41;1;5;48;6;35;4;90;0;0;0;0;5;87;1;46;7;21;3;26;4;62;4;36;2;34;4;23;1;65;0;0;0;0;0;0;0;0;0;0;0;0;0;0;0;0;0;0;0;0;0;0;0;0;0;0;0;0;0;0;0;0;0;0
28.02.2024;13:23;A 41;1;3;31;8;16;3;67;0;0;0;0;9;81;1;71;3;8;3;26;2;95;7;36;2;9;1;65;0;72;0;0;0;0;0;0;0;0;1;2;1;2;1;2;0;0;0;0;0;0;0;0;0;0;0;0;0;0;0;0;0;0;0;0
28.02.2024;13:22;A 41;1;4;10;3;5;2;29;0;0;0;0;8;84;3;6;4;67;4;41;4;85;6;43;2;38;2;67;1;60;0;0;0;0;0;0;0;0;0;0;0;0;0;0;0;0;0;0;0;0;0;0;0;0;0;0;0;0;0;0;0;0;0;0
28.02.2024;13:21;A 41;1;3;8;3;7;1;39;0;0;0;0;10;76;2;5;1;10;1;5;4;71;3;77;2;90;8;75;3;65;0;0;0;0;0;0;0;0;0;0;0;0;0;0;0;0;0;0;0;0;0;0;0;0;0;0;0;0;0;0;0;0;0;0
28.02.2024;13:20;A 41;1;5;19;6;20;3;20;0;0;0;0;9;83;0;13;4;63;3;60;4;86;0;100;1;67;4;82;1;39;0;0;0;0;0;0;0;0;0;0;0;0;1;2;0;0;0;0;0;0;0;0;0;0;0;0;0;0;0;0;0;0;0;0
28.02.2024;13:19;A 41;1;1;54;4;6;2;68;0;0;0;0;10;72;2;68;3;25;4;46;5;48;0;100;1;28;5;69;2;85;0;0;0;0;0;0;0;0;0;0;1;2;0;0;0;0;0;0;0;0;0;0;0;0;0;0;0;0;0;0;0;0;0;0
28.02.2024;13:18;A 41;1;4;23;4;8;1;34;0;0;0;0;3;87;1;54;4;49;4;5;0;44;5;56;9;27;2;72;1;99;0;0;0;0;1;2;0;0;0;0;0;0;0;0;0;0;0;0;0;0;0;0;0;0;0;0;0;0;0;0;0;0;0;0
28.02.2024;13:17;A 41;1;7;35;4;18;2;7;0;0;0;0;4;82;0;0;3;46;1;21;3;86;5;63;2;77;3;71;1;98;0;0;0;0;0;0;0;0;0;0;0;0;0;0;0;0;0;0;0;0;0;0;0;0;0;0;0;0;0;0;0;0;0;0
28.02.2024;13:16;A 41;1;4;31;4;11;3;38;0;0;0;0;6;36;1;69;3;58;2;39;2;33;3;52;3;51;4;57;2;69;0;0;0;0;0;0;0;0;0;0;0;0;0;0;0;0;0;0;0;0;0;0;0;0;0;0;0;0;0;0;0;0;0;0
28.02.2024;13:15;A 41;1;5;26;3;9;0;100;0;0;0;0;9;70;1;3;6;36;3;2;0;26;10;62;3;16;5;24;1;60;0;0;0;0;0;0;0;0;0;0;0;0;0;0;0;0;0;0;0;0;0;0;0;0;0;0;0;0;0;0;0;0;0;0
28.02.2024;13:14;A 41;1;4;13;5;15;1;66;0;0;0;0;12;68;2;35;4;77;1;1;2;12;1;65;1;35;7;24;0;100;0;0;0;0;0;0;0;0;0;0;0;0;0;0;0;0;0;0;0;0;0;0;0;0;0;0;0;0;0;0;0;0;0;0
28.02.2024;13:13;A 41;1;5;16;2;3;1;7;0;0;0;0;11;80;3;34;6;60;7;36;2;33;3;93;6;42;3;48;1;96;0;0;0;0;0;0;0;0;1;2;0;0;1;2;0;0;0;0;0;0;0;0;0;0;0;0;0;0;0;0;0;0;0;0
28.02.2024;13:12;A 41;1;3;6;6;11;1;52;0;0;0;0;9;80;4;13;1;1;3;2;2;76;6;72;4;22;4;57;1;49;0;0;0;0;0;0;0;0;0;0;1;2;0;0;0;0;0;0;0;0;0;0;0;0;0;0;0;0;0;0;0;0;0;0
28.02.2024;13:11;A 41;1;4;13;2;5;0;58;0;0;0;0;11;73;0;0;6;43;7;6;10;81;2;59;2;10;6;27;1;28;0;0;0;0;0;0;0;0;0;0;0;0;0;0;0;0;0;0;0;0;0;0;0;0;0;0;0;0;0;0;0;0;0;0
28.02.2024;13:10;A 41;1;1;4;2;5;1;60;0;0;0;0;7;81;2;76;4;32;4;6;8;82;2;78;2;21;2;85;1;80;0;0;0;0;0;0;0;0;0;0;0;0;0;0;0;0;0;0;0;0;0;0;0;0;0;0;0;0;0;0;0;0;0;0
28.02.2024;13:09;A 41;1;4;35;5;11;0;100;0;0;0;0;8;82;2;4;9;55;2;12;2;88;3;81;0;17;3;81;1;66;0;0;0;0;0;0;0;0;0;0;0;0;0;0;0;0;0;0;0;0;0;0;0;0;0;0;0;0;0;0;0;0;0;0
28.02.2024;13:08;A 41;1;6;21;3;7;3;40;0;0;0;0;12;67;4;40;3;27;2;2;4;92;3;95;4;30;5;76;2;9;0;0;0;0;0;0;0;0;0;0;0;0;0;0;0;0;0;0;0;0;0;0;0;0;0;0;0;0;0;0;0;0;0;0
28.02.2024;13:07;A 41;1;5;33;0;0;2;26;0;0;0;0;10;77;1;34;2;7;3;6;4;81;7;94;5;49;4;76;0;52;0;0;0;0;0;0;0;0;0;0;1;2;1;2;0;0;0;0;0;0;0;0;0;0;0;0;0;0;0;0;0;0;0;0
28.02.2024;13:06;A 41;1;3;31;3;8;1;3;0;0;0;0;13;70;2;19;3;21;2;1;3;59;4;78;2;18;10;79;0;100;0;0;0;0;0;0;0;0;0;0;0;0;0;0;0;0;0;0;0;0;0;0;0;0;0;0;0;0;0;0;0;0;0;0
28.02.2024;13:05;A 41;1;2;39;4;12;1;9;0;0;0;0;7;85;3;17;4;24;5;53;1;3;0;100;3;57;6;80;1;81;0;0;0;0;1;2;0;0;0;0;1;2;1;2;0;0;0;0;0;0;0;0;0;0;0;0;0;0;0;0;0;0;0;0
28.02.2024;13:04;A 41;1;4;10;3;7;6;58;0;0;0;0;5;56;1;1;3;30;5;22;0;0;1;70;3;20;1;46;1;17;1;2;1;2;0;0;0;0;0;0;0;0;0;0;0;0;0;0;0;0;0;0;0;0;0;0;0;0;0;0;0;0;0;0
28.02.2024;13:03;A 41;1;6;21;4;9;6;54;0;0;0;0;5;84;2;6;5;12;2;13;3;7;4;55;1;10;2;89;1;32;0;0;0;0;0;0;0;0;0;0;0;0;0;0;0;0;0;0;0;0;0;0;0;0;0;0;0;0;0;0;0;0;0;0
28.02.2024;13:02;A 41;1;4;13;3;4;3;30;0;0;0;0;7;68;1;0;5;12;1;4;1;4;4;61;5;42;4;63;2;81;0;0;0;0;0;0;0;0;0;0;0;0;0;0;0;0;0;0;0;0;0;0;0;0;0;0;0;0;0;0;0;0;0;0
28.02.2024;13:01;A 41;1;4;12;1;3;1;35;0;0;0;0;12;64;2;4;2;42;1;1;1;1;7;73;4;13;5;31;1;2;0;0;0;0;0;0;0;0;0;0;0;0;0;0;0;0;0;0;0;0;0;0;0;0;0;0;0;0;0;0;0;0;0;0
28.02.2024;13:00;A 41;1;3;9;3;9;2;50;0;0;0;0;10;71;0;33;2;32;4;10;2;3;1;83;1;12;4;42;1;35;0;0;0;0;0;0;0;0;0;0;0;0;0;0;0;0;0;0;0;0;0;0;0;0;0;0;0;0;0;0;0;0;0;0
28.02.2024;12:59;A 41;1;2;5;3;5;1;40;0;0;0;0;7;58;2;17;6;57;6;55;3;7;5;69;1;21;5;68;1;51;0;0;0;0;0;0;0;0;0;0;0;0;1;2;0;0;0;0;0;0;0;0;0;0;0;0;0;0;0;0;0;0;0;0
28.02.2024;12:58;A 41;1;3;12;4;9;1;4;0;0;0;0;5;59;0;0;7;40;7;33;2;29;7;74;5;23;4;53;1;37;0;0;0;0;1;2;0;0;0;0;1;2;0;0;0;0;0;0;0;0;0;0;0;0;0;0;0;0;0;0;0;0;0;0
28.02.2024;12:57;A 41;1;2;4;1;4;1;44;0;0;0;0;4;22;2;33;5;35;4;3;2;2;4;31;4;25;3;55;3;63;1;2;1;2;0;0;0;0;0;0;0;0;0;0;0;0;0;0;0;0;0;0;0;0;0;0;0;0;0;0;0;0;0;0
28.02.2024;12:56;A 41;1;1;28;6;10;2;51;0;0;0;0;7;55;2;11;3;29;4;22;0;0;3;69;3;32;6;76;1;80;0;0;0;0;0;0;0;0;0;0;0;0;0;0;0;0;0;0;0;0;0;0;0;0;0;0;0;0;0;0;0;0;0;0
28.02.2024;12:55;A 41;1;1;22;3;6;2;21;0;0;0;0;8;81;3;70;4;46;3;6;3;9;0;100;2;34;8;85;0;85;0;0;0;0;0;0;0;0;0;0;0;0;0;0;0;0;0;0;0;0;0;0;0;0;0;0;0;0;0;0;0;0;0;0
28.02.2024;12:54;A 41;1;6;17;1;2;0;0;0;0;0;0;12;70;2;92;3;56;1;2;0;0;4;97;5;34;8;49;0;100;0;0;0;0;0;0;0;0;1;2;0;0;0;0;0;0;0;0;0;0;0;0;0;0;0;0;0;0;0;0;0;0;0;0
28.02.2024;12:53;A 41;1;2;5;2;5;1;23;0;0;0;0;10;73;3;93;3;17;4;44;1;1;2;57;2;19;7;51;1;85;0;0;0;0;0;0;0;0;0;0;0;0;1;2;0;0;0;0;0;0;0;0;0;0;0;0;0;0;0;0;0;0;0;0
28.02.2024;12:52;A 41;1;4;12;2;5;2;67;0;0;0;0;9;76;3;88;4;7;7;11;4;8;4;83;2;19;5;78;1;76;0;0;0;0;0;0;0;0;0;0;1;2;0;0;0;0;0;0;0;0;0;0;0;0;0;0;0;0;0;0;0;0;0;0
28.02.2024;12:51;A 41;1;3;6;3;6;1;76;0;0;0;0;10;71;2;10;4;66;4;35;3;83;1;89;3;28;7;70;2;82;0;0;0;0;0;0;0;0;0;0;0;0;0;0;0;0;0;0;0;0;0;0;0;0;0;0;0;0;0;0;0;0;0;0
28.02.2024;12:50;A 41;1;4;10;1;2;0;0;0;0;0;0;8;82;3;21;5;26;2;25;6;59;2;96;3;23;5;70;1;66;0;0;0;0;0;0;0;0;0;0;0;0;0;0;0;0;0;0;0;0;0;0;0;0;0;0;0;0;0;0;0;0;0;0
28.02.2024;12:49;A 41;1;5;15;4;12;0;57;0;0;0;0;3;87;4;47;4;26;2;6;1;3;8;71;4;18;2;96;2;44;0;0;0;0;0;0;0;0;0;0;1;2;1;2;0;0;0;0;0;0;0;0;0;0;0;0;0;0;0;0;0;0;0;0
28.02.2024;12:48;A 41;1;4;8;2;4;0;100;0;0;0;0;10;72;1;56;7;8;6;5;3;8;5;87;3;29;8;66;2;32;0;0;0;0;0;0;0;0;1;2;0;0;0;0;0;0;0;0;0;0;0;0;0;0;0;0;0;0;0;0;0;0;0;0
28.02.2024;12:47;A 41;1;5;19;2;8;3;34;0;0;0;0;9;68;2;2;2;2;1;0;0;0;5;24;1;1;3;8;0;0;0;0;0;0;0;0;0;0;0;0;0;0;0;0;0;0;0;0;0;0;0;0;0;0;0;0;0;0;0;0;0;0;0;0
28.02.2024;12:46;A 41;1;3;6;3;11;1;12;0;0;0;0;13;66;1;1;2;2;2;1;2;4;3;72;1;9;5;54;1;30;0;0;0;0;0;0;0;0;0;0;0;0;0;0;0;0;0;0;0;0;0;0;0;0;0;0;0;0;0;0;0;0;0;0
28.02.2024;12:45;A 41;1;3;38;5;9;3;19;0;0;0;0;8;77;0;0;6;16;2;2;2;2;5;77;1;2;5;68;0;41;0;0;1;2;1;2;0;0;0;0;0;0;0;0;0;0;0;0;0;0;0;0;0;0;0;0;0;0;0;0;0;0;0;0
28.02.2024;12:44;A 41;1;5;19;1;3;1;83;0;0;0;0;12;73;2;9;5;66;4;59;3;77;1;9;4;27;3;58;0;100;1;2;0;0;0;0;0;0;0;0;0;0;0;0;0;0;0;0;0;0;0;0;0;0;0;0;0;0;0;0;0;0;0;0
28.02.2024;12:43;A 41;1;6;38;3;5;1;82;0;0;0;0;9;79;1;51;4;50;1;39;1;49;5;54;4;18;6;71;0;100;0;0;0;0;0;0;0;0;0;0;0;0;0;0;0;0;0;0;0;0;0;0;0;0;0;0;0;0;0;0;0;0;0;0
28.02.2024;12:42;A 41;1;3;23;6;11;0;100;0;0;0;0;7;83;0;0;3;24;5;31;4;24;3;56;1;73;3;49;0;100;0;0;0;0;0;0;0;0;0;0;0;0;0;0;0;0;0;0;0;0;0;0;0;0;0;0;0;0;0;0;0;0;0;0
28.02.2024;12:41;A 41;1;4;9;2;9;2;6;0;0;0;0;7;83;2;80;6;9;5;6;2;12;7;23;0;83;2;81;0;100;0;0;0;0;0;0;0;0;0;0;1;2;1;2;0;0;0;0;0;0;0;0;0;0;0;0;0;0;0;0;0;0;0;0
28.02.2024;12:40;A 41;1;3;12;4;29;0;0;0;0;0;0;9;72;4;15;5;7;6;4;6;47;2;85;0;100;4;78;2;97;0;0;0;0;0;0;0;0;0;0;0;0;0;0;0;0;0;0;0;0;0;0;0;0;0;0;0;0;0;0;0;0;0;0
28.02.2024;12:39;A 41;1;4;21;3;10;3;33;0;0;0;0;10;66;0;36;3;17;2;10;0;0;4;82;2;88;7;64;0;100;0;0;0;0;0;0;0;0;0;0;0;0;1;2;0;0;0;0;0;0;0;0;0;0;0;0;0;0;0;0;0;0;0;0
28.02.2024;12:38;A 41;1;4;10;4;9;2;37;0;0;0;0;13;69;5;9;3;71;2;4;2;25;5;22;2;43;3;38;1;97;0;0;0;0;0;0;0;0;0;0;1;2;0;0;0;0;0;0;0;0;0;0;0;0;0;0;0;0;0;0;0;0;0;0
28.02.2024;12:37;A 41;1;4;15;6;17;1;76;0;0;0;0;12;73;3;4;8;56;6;56;2;31;6;58;6;60;4;52;0;100;0;0;0;0;0;0;0;0;0;0;0;0;0;0;0;0;0;0;0;0;0;0;0;0;0;0;0;0;0;0;0;0;0;0
28.02.2024;12:36;A 41;1;7;28;6;11;3;18;0;0;0;0;6;80;1;1;0;0;0;36;0;40;7;51;3;64;1;73;1;72;1;2;1;2;1;2;0;0;0;0;0;0;0;0;0;0;0;0;0;0;0;0;0;0;0;0;0;0;0;0;0;0;0;0
28.02.2024;12:35;A 41;1;2;3;2;5;2;10;0;0;0;0;7;79;0;0;3;9;6;25;3;31;3;35;7;29;5;67;1;71;0;0;0;0;0;0;0;0;0;0;0;0;0;0;0;0;0;0;0;0;0;0;0;0;0;0;0;0;0;0;0;0;0;0
28.02.2024;12:34;A 41;1;4;8;1;9;0;57;0;0;0;0;7;81;3;33;7;15;5;12;6;19;3;28;2;18;1;81;1;65;0;0;0;0;0;0;0;0;0;0;0;0;0;0;0;0;0;0;0;0;0;0;0;0;0;0;0;0;0;0;0;0;0;0
28.02.2024;12:33;A 41;1;2;10;4;10;0;100;0;0;0;0;12;75;2;46;2;59;1;27;0;22;3;31;1;3;3;56;0;0;0;0;0;0;0;0;0;0;1;2;0;0;0;0;0;0;0;0;0;0;0;0;0;0;0;0;0;0;0;0;0;0;0;0
28.02.2024;12:32;A 41;1;8;24;3;6;0;100;0;0;0;0;6;79;1;79;4;45;3;26;2;11;3;93;2;21;10;71;2;28;0;0;0;0;0;0;0;0;0;0;0;0;1;2;0;0;0;0;0;0;0;0;0;0;0;0;0;0;0;0;0;0;0;0
28.02.2024;12:31;A 41;1;4;11;5;8;2;65;0;0;0;0;9;62;1;16;2;15;5;13;1;4;3;84;6;27;3;65;2;23;0;0;0;0;0;0;0;0;0;0;1;2;0;0;0;0;0;0;0;0;0;0;0;0;0;0;0;0;0;0;0;0;0;0
28.02.2024;12:30;A 41;1;4;27;4;9;1;26;0;0;0;0;11;69;0;3;5;69;4;19;5;79;4;49;2;21;6;58;2;16;0;0;0;0;0;0;0;0;0;0;0;0;0;0;0;0;0;0;0;0;0;0;0;0;0;0;0;0;0;0;0;0;0;0
28.02.2024;12:29;A 41;1;5;11;3;6;4;76;0;0;0;0;9;71;3;11;2;13;1;24;0;0;2;65;2;8;2;72;1;12;0;0;0;0;0;0;0;0;0;0;0;0;0;0;0;0;0;0;0;0;0;0;0;0;0;0;0;0;0;0;0;0;0;0
28.02.2024;12:28;A 41;1;2;34;4;8;3;18;0;0;0;0;3;64;1;1;3;22;3;25;2;57;5;18;1;13;2;18;2;92;0;0;0;0;0;0;0;0;0;0;1;2;1;2;0;0;0;0;0;0;0;0;0;0;0;0;0;0;0;0;0;0;0;0
28.02.2024;12:27;A 41;1;4;9;2;11;3;41;0;0;0;0;7;56;0;0;6;14;2;8;3;76;0;100;2;21;5;72;2;69;0;0;0;0;0;0;0;0;0;0;0;0;0;0;0;0;0;0;0;0;0;0;0;0;0;0;0;0;0;0;0;0;0;0
28.02.2024;12:26;A 41;1;3;8;5;10;2;8;0;0;0;0;11;62;2;2;1;46;1;44;0;0;7;47;4;14;4;68;2;52;0;0;0;0;1;2;0;0;0;0;0;0;0;0;0;0;0;0;0;0;0;0;0;0;0;0;0;0;0;0;0;0;0;0
28.02.2024;12:25;A 41;1;2;5;4;9;2;5;0;0;0;0;5;78;2;2;3;3;3;3;0;0;0;87;0;36;7;85;0;100;1;2;1;2;0;0;0;0;0;0;0;0;0;0;0;0;0;0;0;0;0;0;0;0;0;0;0;0;0;0;0;0;0;0
28.02.2024;12:24;A 41;1;5;14;3;9;2;41;0;0;0;0;10;59;1;13;3;64;0;0;0;0;0;100;4;72;5;66;1;73;0;0;0;0;0;0;0;0;0;0;0;0;0;0;0;0;0;0;0;0;0;0;0;0;0;0;0;0;0;0;0;0;0;0
28.02.2024;12:23;A 41;1;3;21;3;9;3;62;0;0;0;0;8;52;2;53;5;25;3;8;1;5;0;100;1;94;4;67;8;50;0;0;0;0;0;0;0;0;1;2;0;0;0;0;0;0;0;0;0;0;0;0;0;0;0;0;0;0;0;0;0;0;0;0
28.02.2024;12:22;A 41;1;5;15;6;12;2;6;0;0;0;0;4;74;2;45;3;8;5;9;3;19;1;95;1;69;1;87;0;0;0;0;0;0;0;0;0;0;0;0;1;2;1;2;0;0;0;0;0;0;0;0;0;0;0;0;0;0;0;0;0;0;0;0
28.02.2024;12:21;A 41;1;2;37;2;7;1;11;0;0;0;0;7;75;4;55;3;36;3;34;1;2;5;24;1;13;4;76;1;8;0;0;0;0;0;0;0;0;0;0;0;0;0;0;0;0;0;0;0;0;0;0;0;0;0;0;0;0;0;0;0;0;0;0
28.02.2024;12:20;A 41;1;3;26;3;8;1;55;0;0;0;0;6;81;0;0;5;6;4;19;3;7;7;38;4;35;1;74;2;68;0;0;0;0;0;0;0;0;0;0;0;0;0;0;0;0;0;0;0;0;0;0;0;0;0;0;0;0;0;0;0;0;0;0
28.02.2024;12:19;A 41;1;4;13;3;6;2;47;0;0;0;0;11;72;2;48;1;0;1;1;0;1;2;95;2;58;2;53;1;95;0;0;0;0;0;0;0;0;0;0;0;0;0;0;0;0;0;0;0;0;0;0;0;0;0;0;0;0;0;0;0;0;0;0
28.02.2024;12:18;A 41;1;2;8;7;20;2;72;0;0;0;0;8;80;0;0;3;59;1;53;3;17;3;85;4;41;6;65;4;35;0;0;0;0;0;0;0;0;0;0;1;2;1;2;0;0;0;0;0;0;0;0;0;0;0;0;0;0;0;0;0;0;0;0
28.02.2024;12:17;A 41;1;3;26;3;18;0;100;0;0;0;0;6;63;1;23;1;31;2;2;1;0;6;73;1;1;5;61;0;25;0;0;0;0;0;0;0;0;0;0;0;0;0;0;0;0;0;0;0;0;0;0;0;0;0;0;0;0;0;0;0;0;0;0
28.02.2024;12:16;A 41;1;7;27;5;15;1;50;0;0;0;0;11;72;1;36;7;62;6;27;3;15;3;54;4;28;7;66;1;95;0;0;0;0;0;0;0;0;0;0;0;0;0;0;0;0;0;0;0;0;0;0;0;0;0;0;0;0;0;0;0;0;0;0
28.02.2024;12:15;A 41;1;5;17;4;7;5;19;0;0;0;0;6;50;1;94;4;14;3;6;3;82;6;45;2;27;5;82;0;100;0;0;0;0;0;0;0;0;0;0;0;0;0;0;0;0;0;0;0;0;0;0;0;0;0;0;0;0;0;0;0;0;0;0
28.02.2024;12:14;A 41;1;3;32;2;7;1;4;0;0;0;0;7;86;2;37;4;30;4;34;4;88;0;100;0;100;7;79;0;100;0;0;0;0;1;2;0;0;1;2;0;0;0;0;0;0;0;0;0;0;0;0;0;0;0;0;0;0;0;0;0;0;0;0
28.02.2024;12:13;A 41;1;2;11;0;0;0;0;0;0;0;0;9;81;2;5;4;46;4;23;2;20;0;100;0;100;5;82;0;100;0;0;0;0;0;0;0;0;0;0;1;2;1;2;0;0;0;0;0;0;0;0;0;0;0;0;0;0;0;0;0;0;0;0
28.02.2024;12:12;A 41;1;1;3;2;4;1;39;0;0;0;0;9;75;2;2;5;11;6;38;2;17;9;91;3;91;5;82;0;100;0;0;0;0;0;0;0;0;0;0;0;0;0;0;0;0;0;0;0;0;0;0;0;0;0;0;0;0;0;0;0;0;0;0
28.02.2024;12:11;A 41;1;2;11;2;4;2;63;0;0;0;0;11;70;3;25;1;40;3;2;4;52;5;43;0;58;3;56;0;100;0;0;0;0;0;0;0;0;0;0;0;0;0;0;0;0;0;0;0;0;0;0;0;0;0;0;0;0;0;0;0;0;0;0
28.02.2024;12:10;A 41;1;3;12;2;5;1;36;0;0;0;0;12;75;0;14;1;33;4;54;3;63;7;48;2;91;3;35;0;100;0;0;0;0;0;0;0;0;0;0;0;0;0;0;0;0;0;0;0;0;0;0;0;0;0;0;0;0;0;0;0;0;0;0
28.02.2024;12:09;A 41;1;5;17;5;17;3;53;0;0;0;0;7;84;1;69;3;59;2;7;2;23;8;64;4;35;4;32;0;100;0;0;0;0;0;0;0;0;0;0;1;2;1;2;0;0;0;0;0;0;0;0;0;0;0;0;0;0;0;0;0;0;0;0
28.02.2024;12:08;A 41;1;1;21;3;5;4;45;0;0;0;0;6;77;1;13;4;9;5;20;7;41;6;43;0;100;1;75;0;100;0;0;0;0;0;0;0;0;0;0;0;0;0;0;0;0;0;0;0;0;0;0;0;0;0;0;0;0;0;0;0;0;0;0
28.02.2024;12:07;A 41;1;5;13;3;7;1;22;0;0;0;0;6;81;0;0;2;2;3;2;2;21;2;36;3;88;1;28;0;100;0;0;0;0;0;0;0;0;0;0;0;0;0;0;0;0;0;0;0;0;0;0;0;0;0;0;0;0;0;0;0;0;0;0
28.02.2024;12:06;A 41;1;3;9;3;6;5;18;0;0;0;0;5;73;1;54;4;6;3;2;3;35;4;89;0;100;4;54;0;100;0;0;0;0;0;0;0;0;0;0;0;0;0;0;0;0;0;0;0;0;0;0;0;0;0;0;0;0;0;0;0;0;0;0
28.02.2024;12:05;A 41;1;2;6;0;0;1;50;0;0;0;0;10;71;1;46;0;0;0;0;0;0;8;36;1;95;5;46;0;100;0;0;0;0;0;0;0;0;0;0;0;0;0;0;0;0;0;0;0;0;0;0;0;0;0;0;0;0;0;0;0;0;0;0
28.02.2024;12:04;A 41;1;0;0;6;8;2;51;0;0;0;0;13;57;1;13;2;15;1;8;3;25;1;84;7;45;9;54;2;52;0;0;0;0;0;0;0;0;0;0;0;0;0;0;0;0;0;0;0;0;0;0;0;0;0;0;0;0;0;0;0;0;0;0
28.02.2024;12:03;A 41;1;3;37;1;1;2;17;0;0;0;0;8;82;1;7;4;39;4;3;0;0;1;84;3;8;6;87;0;12;0;0;1;2;1;2;0;0;1;2;0;0;0;0;0;0;0;0;0;0;0;0;0;0;0;0;0;0;0;0;0;0;0;0
28.02.2024;12:02;A 41;1;5;19;2;5;4;59;0;0;0;0;7;83;3;6;4;35;3;54;2;51;5;93;1;8;6;80;1;22;1;2;0;0;0;0;0;0;0;0;1;2;1;2;0;0;0;0;0;0;0;0;0;0;0;0;0;0;0;0;0;0;0;0
28.02.2024;12:01;A 41;1;2;10;5;21;1;3;0;0;0;0;8;78;0;0;9;10;5;13;2;3;2;91;1;28;3;67;2;88;0;0;0;0;0;0;0;0;0;0;0;0;0;0;0;0;0;0;0;0;0;0;0;0;0;0;0;0;0;0;0;0;0;0
28.02.2024;12:00;A 41;1;0;0;2;5;0;34;0;0;0;0;9;75;0;0;1;34;1;34;2;27;4;50;8;31;3;74;0;82;0;0;0;0;0;0;0;0;0;0;0;0;1;2;0;0;0;0;0;0;0;0;0;0;0;0;0;0;0;0;0;0;0;0
28.02.2024;11:59;A 41;1;4;9;3;5;4;15;0;0;0;0;5;90;1;1;1;23;1;19;1;1;2;70;0;100;3;93;1;98;0;0;0;0;0;0;0;0;0;0;1;2;0;0;0;0;0;0;0;0;0;0;0;0;0;0;0;0;0;0;0;0;0;0
28.02.2024;11:58;A 41;1;3;21;3;5;2;7;0;0;0;0;8;63;1;3;2;24;2;12;1;1;7;52;0;100;1;66;1;96;0;0;0;0;0;0;0;0;0;0;0;0;0;0;0;0;0;0;0;0;0;0;0;0;0;0;0;0;0;0;0;0;0;0
28.02.2024;11:57;A 41;1;2;5;2;8;0;93;0;0;0;0;10;52;1;22;4;48;1;2;0;0;4;67;7;82;5;87;0;100;0;0;0;0;0;0;0;0;1;2;0;0;0;0;0;0;0;0;0;0;0;0;0;0;0;0;0;0;0;0;0;0;0;0
28.02.2024;11:56;A 41;1;1;3;3;5;1;62;0;0;0;0;11;53;0;0;5;75;4;29;2;35;4;41;2;39;4;59;1;61;0;0;0;0;0;0;0;0;0;0;0;0;0;0;0;0;0;0;0;0;0;0;0;0;0;0;0;0;0;0;0;0;0;0
28.02.2024;11:55;A 41;1;2;26;5;15;1;56;0;0;0;0;8;75;2;4;5;33;2;32;2;27;12;45;8;22;3;28;2;45;0;0;0;0;0;0;0;0;0;0;0;0;0;0;0;0;0;0;0;0;0;0;0;0;0;0;0;0;0;0;0;0;0;0
28.02.2024;11:54;A 41;1;5;15;4;10;2;42;0;0;0;0;4;86;1;72;3;30;4;10;2;30;1;30;2;20;1;33;1;75;0;0;0;0;1;2;0;0;0;0;0;0;0;0;0;0;0;0;0;0;0;0;0;0;0;0;0;0;0;0;0;0;0;0
28.02.2024;11:53;A 41;1;1;2;2;5;0;23;0;0;0;0;7;86;2;58;4;36;3;23;3;20;3;32;0;0;4;84;0;0;1;2;1;2;0;0;0;0;0;0;0;0;1;2;0;0;0;0;0;0;0;0;0;0;0;0;0;0;0;0;0;0;0;0
28.02.2024;11:52;A 41;1;2;11;1;3;2;16;0;0;0;0;8;75;1;4;1;21;2;25;5;45;3;91;2;11;6;85;1;73;0;0;0;0;0;0;0;0;0;0;1;2;0;0;0;0;0;0;0;0;0;0;0;0;0;0;0;0;0;0;0;0;0;0
28.02.2024;11:51;A 41;1;4;15;2;6;1;64;0;0;0;0;6;54;0;0;2;12;0;0;1;28;2;28;0;0;1;17;0;0;0;0;0;0;0;0;0;0;0;0;0;0;0;0;0;0;0;0;0;0;0;0;0;0;0;0;0;0;0;0;0;0;0;0
28.02.2024;11:50;A 41;1;4;30;3;12;3;10;0;0;0;0;4;62;0;0;3;3;3;3;3;11;0;65;2;10;6;54;2;28;0;0;0;0;0;0;0;0;0;0;0;0;0;0;0;0;0;0;0;0;0;0;0;0;0;0;0;0;0;0;0;0;0;0
28.02.2024;11:49;A 41;1;4;51;3;6;3;42;0;0;0;0;11;71;0;12;7;58;3;15;2;4;5;57;3;31;2;50;0;12;0;0;0;0;0;0;0;0;0;0;0;0;0;0;0;0;0;0;0;0;0;0;0;0;0;0;0;0;0;0;0;0;0;0
28.02.2024;11:48;A 41;1;2;4;2;2;2;12;0;0;0;0;10;80;2;63;3;36;4;35;2;25;7;40;4;15;4;21;2;13;0;0;0;0;0;0;0;0;0;0;1;2;1;2;0;0;0;0;0;0;0;0;0;0;0;0;0;0;0;0;0;0;0;0
28.02.2024;11:47;A 41;1;4;15;4;6;3;48;0;0;0;0;4;89;2;26;5;44;3;37;0;27;5;60;3;16;2;79;1;19;0;0;0;0;0;0;0;0;0;0;0;0;1;2;0;0;0;0;0;0;0;0;0;0;0;0;0;0;0;0;0;0;0;0
28.02.2024;11:46;A 41;1;4;18;1;12;1;3;0;0;0;0;4;86;2;1;6;27;5;22;3;10;7;57;4;6;4;72;0;78;0;0;0;0;0;0;0;0;0;0;1;2;0;0;0;0;0;0;0;0;0;0;0;0;0;0;0;0;0;0;0;0;0;0
28.02.2024;11:45;A 41;1;2;5;4;22;2;7;0;0;0;0;8;71;1;64;2;10;1;10;2;29;5;90;2;28;6;74;1;73;0;0;0;0;0;0;0;0;0;0;0;0;0;0;0;0;0;0;0;0;0;0;0;0;0;0;0;0;0;0;0;0;0;0
28.02.2024;11:44;A 41;1;2;8;3;12;1;7;0;0;0;0;9;62;2;6;4;36;1;17;1;7;0;100;3;70;7;74;0;100;0;0;0;0;0;0;0;0;0;0;0;0;0;0;0;0;0;0;0;0;0;0;0;0;0;0;0;0;0;0;0;0;0;0
28.02.2024;11:43;A 41;1;4;25;2;3;1;22;0;0;0;0;7;85;1;11;3;14;2;20;1;46;1;97;4;89;7;75;0;100;0;0;0;0;1;2;0;0;1;2;0;0;0;0;0;0;0;0;0;0;0;0;0;0;0;0;0;0;0;0;0;0;0;0
28.02.2024;11:42;A 41;1;2;5;3;5;1;89;0;0;0;0;4;58;2;40;3;11;3;3;3;7;4;61;2;58;6;58;1;61;1;2;1;2;0;0;0;0;0;0;0;0;0;0;0;0;0;0;0;0;0;0;0;0;0;0;0;0;0;0;0;0;0;0
28.02.2024;11:41;A 41;1;2;9;1;1;2;29;0;0;0;0;5;12;3;2;5;52;5;42;4;7;4;52;3;16;4;54;2;29;0;0;0;0;0;0;0;0;0;0;0;0;0;0;0;0;0;0;0;0;0;0;0;0;0;0;0;0;0;0;0;0;0;0
28.02.2024;11:40;A 41;1;5;17;3;7;1;69;0;0;0;0;8;69;0;0;3;54;1;22;0;0;7;50;1;6;3;24;0;100;0;0;0;0;0;0;0;0;0;0;0;0;0;0;0;0;0;0;0;0;0;0;0;0;0;0;0;0;0;0;0;0;0;0
28.02.2024;11:39;A 41;1;2;7;4;8;3;21;0;0;0;0;8;82;1;37;5;55;5;32;3;40;3;55;4;28;4;79;0;100;0;0;0;0;0;0;0;0;0;0;0;0;0;0;0;0;0;0;0;0;0;0;0;0;0;0;0;0;0;0;0;0;0;0
28.02.2024;11:38;A 41;1;2;5;0;0;0;15;0;0;0;0;5;86;2;30;4;39;2;24;1;30;3;50;1;50;6;66;1;100;0;0;0;0;0;0;0;0;0;0;1;2;1;2;0;0;0;0;0;0;0;0;0;0;0;0;0;0;0;0;0;0;0;0
28.02.2024;11:37;A 41;1;1;3;1;3;2;38;0;0;0;0;13;66;1;21;1;11;1;9;1;43;5;52;6;42;3;52;2;62;0;0;0;0;0;0;0;0;0;0;0;0;0;0;0;0;0;0;0;0;0;0;0;0;0;0;0;0;0;0;0;0;0;0
28.02.2024;11:36;A 41;1;2;8;2;4;3;58;0;0;0;0;11;67;1;33;2;4;1;3;1;5;5;44;2;41;3;32;0;72;0;0;0;0;0;0;0;0;0;0;0;0;0;0;0;0;0;0;0;0;0;0;0;0;0;0;0;0;0;0;0;0;0;0
28.02.2024;11:35;A 41;1;2;4;3;4;0;88;0;0;0;0;12;68;1;35;2;57;0;0;0;0;4;39;2;46;3;20;2;29;0;0;0;0;0;0;0;0;0;0;0;0;0;0;0;0;0;0;0;0;0;0;0;0;0;0;0;0;0;0;0;0;0;0
28.02.2024;11:34;A 41;1;6;18;4;13;1;82;0;0;0;0;7;80;1;24;6;28;1;1;4;61;3;40;1;9;4;51;1;54;0;0;1;2;1;2;0;0;1;2;0;0;0;0;0;0;0;0;0;0;0;0;0;0;0;0;0;0;0;0;0;0;0;0
28.02.2024;11:33;A 41;1;2;4;4;15;2;90;0;0;0;0;4;58;1;62;5;45;5;6;0;0;5;85;3;15;3;80;1;22;1;2;0;0;0;0;0;0;0;0;0;0;0;0;0;0;0;0;0;0;0;0;0;0;0;0;0;0;0;0;0;0;0;0
28.02.2024;11:32;A 41;1;1;9;0;0;1;3;0;0;0;0;6;86;1;5;2;36;1;30;4;47;4;73;4;44;2;60;1;12;0;0;0;0;0;0;0;0;0;0;0;0;1;2;0;0;0;0;0;0;0;0;0;0;0;0;0;0;0;0;0;0;0;0
28.02.2024;11:31;A 41;1;3;19;2;4;1;11;0;0;0;0;7;25;2;29;6;38;4;34;3;18;2;58;1;1;0;98;0;0;0;0;0;0;0;0;0;0;0;0;1;2;0;0;0;0;0;0;0;0;0;0;0;0;0;0;0;0;0;0;0;0;0;0
28.02.2024;11:30;A 41;1;4;32;5;8;4;58;0;0;0;0;4;58;1;2;2;15;1;0;0;0;3;28;3;42;2;75;1;37;0;0;0;0;0;0;0;0;0;0;0;0;0;0;0;0;0;0;0;0;0;0;0;0;0;0;0;0;0;0;0;0;0;0
28.02.2024;11:29;A 41;1;2;5;2;5;1;72;0;0;0;0;8;9;1;31;1;1;1;34;2;44;0;69;0;0;1;83;1;3;0;0;0;0;0;0;0;0;0;0;0;0;0;0;0;0;0;0;0;0;0;0;0;0;0;0;0;0;0;0;0;0;0;0
28.02.2024;11:28;A 41;1;2;4;4;8;1;51;0;0;0;0;7;39;3;66;3;74;1;68;3;13;0;100;3;19;0;100;0;46;0;0;0;0;0;0;0;0;1;2;0;0;1;2;0;0;0;0;0;0;0;0;0;0;0;0;0;0;0;0;0;0;0;0
28.02.2024;11:27;A 41;1;1;60;3;11;1;24;0;0;0;0;9;75;1;61;8;29;6;21;2;3;0;100;4;30;2;83;2;66;0;0;0;0;0;0;0;0;0;0;1;2;0;0;0;0;0;0;0;0;0;0;0;0;0;0;0;0;0;0;0;0;0;0
28.02.2024;11:26;A 41;1;5;41;4;12;3;55;0;0;0;0;3;83;1;79;9;41;8;31;3;20;8;67;1;10;0;100;2;76;1;2;1;2;1;2;0;0;0;0;0;0;0;0;0;0;0;0;0;0;0;0;0;0;0;0;0;0;0;0;0;0;0;0
28.02.2024;11:25;A 41;1;2;12;2;8;5;14;0;0;0;0;6;73;1;1;1;17;0;0;1;1;3;85;1;10;0;100;0;0;0;0;0;0;0;0;0;0;0;0;0;0;0;0;0;0;0;0;0;0;0;0;0;0;0;0;0;0;0;0;0;0;0;0
28.02.2024;11:24;A 41;1;5;13;4;11;3;38;0;0;0;0;5;81;0;0;3;6;1;1;1;6;5;36;3;26;1;99;2;72;0;0;0;0;0;0;0;0;0;0;0;0;0;0;0;0;0;0;0;0;0;0;0;0;0;0;0;0;0;0;0;0;0;0
28.02.2024;11:23;A 41;1;0;7;5;12;1;55;0;0;0;0;4;65;1;1;3;23;1;1;1;1;3;46;16;45;0;100;3;77;0;0;0;0;0;0;0;0;0;0;0;0;0;0;0;0;0;0;0;0;0;0;0;0;0;0;0;0;0;0;0;0;0;0
28.02.2024;11:22;A 41;1;5;37;3;7;1;41;0;0;0;0;9;56;1;1;4;21;3;16;1;1;0;78;4;69;1;99;0;100;0;0;0;0;0;0;0;0;0;0;0;0;0;0;0;0;0;0;0;0;0;0;0;0;0;0;0;0;0;0;0;0;0;0
28.02.2024;11:21;A 41;1;1;2;0;0;0;0;0;0;0;0;9;78;3;18;3;30;5;13;3;3;4;80;1;25;0;100;1;47;0;0;0;0;0;0;0;0;0;0;1;2;1;2;0;0;0;0;0;0;0;0;0;0;0;0;0;0;0;0;0;0;0;0
28.02.2024;11:20;A 41;1;5;15;0;0;1;38;0;0;0;0;4;59;1;51;3;17;2;50;4;13;1;23;1;13;0;100;1;48;0;0;0;0;0;0;0;0;0;0;0;0;0;0;0;0;0;0;0;0;0;0;0;0;0;0;0;0;0;0;0;0;0;0
28.02.2024;11:19;A 41;1;3;15;4;8;2;4;0;0;0;0;6;40;1;35;6;49;4;16;1;22;4;52;0;0;0;100;0;0;0;0;0;0;0;0;0;0;0;0;0;0;0;0;0;0;0;0;0;0;0;0;0;0;0;0;0;0;0;0;0;0;0;0
28.02.2024;11:18;A 41;1;5;19;2;2;1;19;0;0;0;0;5;88;4;3;5;23;4;5;2;19;2;39;2;10;1;99;1;52;0;0;0;0;0;0;0;0;0;0;0;0;1;2;0;0;0;0;0;0;0;0;0;0;0;0;0;0;0;0;0;0;0;0
28.02.2024;11:17;A 41;1;4;11;4;7;1;20;0;0;0;0;8;68;0;0;2;38;0;0;2;8;0;100;2;13;2;74;2;46;0;0;0;0;0;0;0;0;0;0;1;2;0;0;0;0;0;0;0;0;0;0;0;0;0;0;0;0;0;0;0;0;0;0
28.02.2024;11:16;A 41;1;3;13;3;6;1;26;0;0;0;0;3;50;0;0;2;10;0;0;1;2;3;91;3;29;7;74;0;71;0;0;0;0;0;0;0;0;0;0;0;0;0;0;0;0;0;0;0;0;0;0;0;0;0;0;0;0;0;0;0;0;0;0
28.02.2024;11:15;A 41;1;4;10;5;8;1;48;0;0;0;0;5;56;3;4;3;22;4;3;1;3;2;79;4;34;5;78;1;71;0;0;0;0;0;0;0;0;0;0;0;0;0;0;0;0;0;0;0;0;0;0;0;0;0;0;0;0;0;0;0;0;0;0
28.02.2024;11:14;A 41;1;2;5;2;5;1;40;0;0;0;0;6;66;0;21;3;23;4;48;1;2;2;99;2;65;8;70;1;71;0;0;0;0;0;0;0;0;0;0;0;0;0;0;0;0;0;0;0;0;0;0;0;0;0;0;0;0;0;0;0;0;0;0
28.02.2024;11:13;A 41;1;2;8;3;5;3;51;0;0;0;0;9;68;2;24;4;56;5;47;2;19;0;100;3;23;8;89;1;83;0;0;1;2;1;2;0;0;0;0;0;0;0;0;0;0;0;0;0;0;0;0;0;0;0;0;0;0;0;0;0;0;0;0
28.02.2024;11:12;A 41;1;4;12;4;11;3;43;0;0;0;0;4;41;1;95;3;57;3;17;1;28;0;100;1;57;3;98;1;49;0;0;0;0;0;0;0;0;0;0;1;2;1;2;0;0;0;0;0;0;0;0;0;0;0;0;0;0;0;0;0;0;0;0
28.02.2024;11:11;A 41;1;3;7;0;0;1;13;0;0;0;0;6;46;3;51;5;26;2;2;1;3;0;100;0;100;2;99;0;100;0;0;0;0;0;0;0;0;1;2;0;0;0;0;0;0;0;0;0;0;0;0;0;0;0;0;0;0;0;0;0;0;0;0
28.02.2024;11:10;A 41;1;3;7;1;1;1;23;0;0;0;0;6;69;1;56;0;0;0;0;0;0;5;38;2;42;2;2;0;100;0;0;0;0;0;0;0;0;0;0;0;0;0;0;0;0;0;0;0;0;0;0;0;0;0;0;0;0;0;0;0;0;0;0
28.02.2024;11:09;A 41;1;4;12;6;15;3;34;0;0;0;0;11;72;1;18;1;1;2;2;1;8;0;86;2;60;8;77;0;100;0;0;0;0;0;0;0;0;0;0;0;0;0;0;0;0;0;0;0;0;0;0;0;0;0;0;0;0;0;0;0;0;0;0
28.02.2024;11:08;A 41;1;2;7;2;3;1;6;0;0;0;0;9;74;2;5;2;42;2;17;2;40;0;100;3;64;6;82;4;65;0;0;0;0;0;0;0;0;0;0;1;2;1;2;0;0;0;0;0;0;0;0;0;0;0;0;0;0;0;0;0;0;0;0
28.02.2024;11:07;A 41;1;1;3;2;3;1;2;0;0;0;0;6;64;1;1;3;2;2;2;3;40;0;100;4;59;6;75;2;25;0;0;0;0;0;0;0;0;0;0;0;0;0;0;0;0;0;0;0;0;0;0;0;0;0;0;0;0;0;0;0;0;0;0
28.02.2024;11:06;A 41;1;3;12;3;6;1;84;0;0;0;0;8;62;0;0;3;40;2;26;1;43;4;84;1;12;5;48;2;13;0;0;0;0;0;0;0;0;0;0;0;0;0;0;0;0;0;0;0;0;0;0;0;0;0;0;0;0;0;0;0;0;0;0
28.02.2024;11:05;A 41;1;6;25;0;0;0;38;0;0;0;0;2;80;1;4;4;40;6;34;0;0;3;40;3;20;3;13;1;3;0;0;0;0;0;0;0;0;0;0;0;0;1;2;0;0;0;0;0;0;0;0;0;0;0;0;0;0;0;0;0;0;0;0
28.02.2024;11:04;A 41;1;3;12;2;3;3;36;0;0;0;0;5;76;1;1;4;3;3;9;4;42;1;79;5;12;4;51;1;10;0;0;0;0;0;0;0;0;0;0;1;2;0;0;0;0;0;0;0;0;0;0;0;0;0;0;0;0;0;0;0;0;0;0
28.02.2024;11:03;A 41;1;9;24;5;12;3;47;0;0;0;0;6;77;1;14;3;5;4;3;4;84;2;95;5;20;6;86;0;100;0;0;0;0;1;2;0;0;0;0;0;0;0;0;0;0;0;0;0;0;0;0;0;0;0;0;0;0;0;0;0;0;0;0
28.02.2024;11:02;A 41;1;1;3;2;2;1;28;0;0;0;0;3;69;1;85;4;5;2;28;2;7;7;92;3;35;6;54;2;88;1;2;1;2;0;0;0;0;1;2;0;0;0;0;0;0;0;0;0;0;0;0;0;0;0;0;0;0;0;0;0;0;0;0
28.02.2024;11:01;A 41;1;5;18;5;12;4;13;0;0;0;0;4;26;2;7;3;17;1;2;1;3;1;60;1;30;4;41;3;77;0;0;0;0;0;0;0;0;0;0;0;0;0;0;0;0;0;0;0;0;0;0;0;0;0;0;0;0;0;0;0;0;0;0
28.02.2024;11:00;A 41;1;5;11;5;8;3;57;0;0;0;0;3;17;1;1;3;3;2;4;1;5;4;84;2;19;9;70;1;4;0;0;0;0;0;0;0;0;0;0;0;0;0;0;0;0;0;0;0;0;0;0;0;0;0;0;0;0;0;0;0;0;0;0
28.02.2024;10:59;A 41;1;2;8;1;4;1;48;0;0;0;0;9;66;2;3;7;25;5;7;0;0;3;63;3;2;7;66;0;9;0;0;0;0;0;0;0;0;0;0;0;0;0;0;0;0;0;0;0;0;0;0;0;0;0;0;0;0;0;0;0;0;0;0
28.02.2024;10:58;A 41;1;3;36;6;6;1;54;0;0;0;0;5;74;1;27;1;13;1;1;1;31;3;96;3;22;4;72;3;25;0;0;0;0;0;0;0;0;0;0;1;2;1;2;0;0;0;0;0;0;0;0;0;0;0;0;0;0;0;0;0;0;0;0
28.02.2024;10:57;A 41;1;4;17;6;22;2;14;0;0;0;0;3;52;2;54;8;26;4;4;1;2;4;58;0;0;4;52;0;0;0;0;0;0;0;0;0;0;0;0;0;0;0;0;0;0;0;0;0;0;0;0;0;0;0;0;0;0;0;0;0;0;0;0
28.02.2024;10:56;A 41;1;3;8;1;2;1;9;0;0;0;0;6;81;2;2;7;19;5;14;1;22;8;34;1;11;2;24;1;26;0;0;1;2;1;2;0;0;0;0;0;0;0;0;0;0;0;0;0;0;0;0;0;0;0;0;0;0;0;0;0;0;0;0
28.02.2024;10:55;A 41;1;1;2;2;4;2;70;0;0;0;0;7;70;1;58;1;19;2;25;3;31;1;52;5;24;6;68;0;79;1;2;0;0;0;0;0;0;0;0;0;0;0;0;0;0;0;0;0;0;0;0;0;0;0;0;0;0;0;0;0;0;0;0
28.02.2024;10:54;A 41;1;3;8;5;18;1;71;0;0;0;0;5;57;2;51;3;67;2;12;0;0;3;39;9;39;2;44;1;73;0;0;0;0;0;0;0;0;1;2;0;0;0;0;0;0;0;0;0;0;0;0;0;0;0;0;0;0;0;0;0;0;0;0
28.02.2024;10:53;A 41;1;1;9;1;3;0;0;0;0;0;0;6;53;1;29;4;29;3;64;2;46;9;72;1;52;6;77;0;100;0;0;0;0;0;0;0;0;0;0;0;0;0;0;0;0;0;0;0;0;0;0;0;0;0;0;0;0;0;0;0;0;0;0
28.02.2024;10:52;A 41;1;3;12;1;1;2;5;0;0;0;0;8;73;2;5;3;11;4;37;2;7;7;79;2;60;8;84;1;36;0;0;0;0;0;0;0;0;0;0;1;2;1;2;0;0;0;0;0;0;0;0;0;0;0;0;0;0;0;0;0;0;0;0
28.02.2024;10:51;A 41;1;1;3;4;10;0;77;0;0;0;0;8;70;1;1;3;12;2;1;3;29;3;50;1;2;4;48;2;3;0;0;0;0;0;0;0;0;0;0;0;0;0;0;0;0;0;0;0;0;0;0;0;0;0;0;0;0;0;0;0;0;0;0
28.02.2024;10:50;A 41;1;3;6;3;9;3;71;0;0;0;0;4;92;1;1;1;19;2;11;1;12;1;95;1;5;1;98;0;0;0;0;0;0;0;0;0;0;0;0;0;0;1;2;0;0;0;0;0;0;0;0;0;0;0;0;0;0;0;0;0;0;0;0
28.02.2024;10:49;A 41;1;4;11;1;1;3;21;0;0;0;0;9;82;1;31;3;28;3;5;2;20;6;69;3;15;6;35;2;42;0;0;0;0;0;0;0;0;0;0;1;2;0;0;0;0;0;0;0;0;0;0;0;0;0;0;0;0;0;0;0;0;0;0
28.02.2024;10:48;A 41;1;2;28;3;8;0;0;0;0;0;0;7;56;1;3;0;0;2;1;2;64;1;69;3;6;7;60;0;0;0;0;0;0;0;0;0;0;0;0;0;0;0;0;0;0;0;0;0;0;0;0;0;0;0;0;0;0;0;0;0;0;0;0
28.02.2024;10:47;A 41;1;0;5;3;7;1;29;0;0;0;0;8;22;0;0;3;28;3;3;1;1;1;92;3;2;8;77;0;36;0;0;0;0;0;0;0;0;0;0;0;0;0;0;0;0;0;0;0;0;0;0;0;0;0;0;0;0;0;0;0;0;0;0
28.02.2024;10:46;A 41;1;2;22;3;8;1;11;0;0;0;0;3;24;0;22;1;40;2;10;4;42;6;52;1;18;3;72;1;61;0;0;0;0;0;0;0;0;0;0;0;0;0;0;0;0;0;0;0;0;0;0;0;0;0;0;0;0;0;0;0;0;0;0
28.02.2024;10:45;A 41;1;4;15;2;4;1;96;0;0;0;0;8;64;2;21;7;62;6;6;2;3;4;27;1;10;4;15;1;18;0;0;0;0;0;0;0;0;0;0;0;0;0;0;0;0;0;0;0;0;0;0;0;0;0;0;0;0;0;0;0;0;0;0
28.02.2024;10:44;A 41;1;3;8;6;12;5;64;0;0;0;0;2;60;0;3;3;39;3;23;1;29;2;29;0;3;3;62;0;10;0;0;0;0;0;0;0;0;0;0;0;0;0;0;0;0;0;0;0;0;0;0;0;0;0;0;0;0;0;0;0;0;0;0
28.02.2024;10:43;A 41;1;1;18;3;7;0;9;0;0;0;0;3;5;3;91;3;8;4;7;0;0;2;61;3;85;2;97;0;100;0;0;0;0;1;2;0;0;0;0;1;2;1;2;0;0;0;0;0;0;0;0;0;0;0;0;0;0;0;0;0;0;0;0
28.02.2024;10:42;A 41;1;1;14;2;3;2;13;0;0;0;0;3;73;2;64;1;2;1;1;0;0;0;90;4;20;6;79;1;84;1;2;1;2;0;0;0;0;1;2;0;0;0;0;0;0;0;0;0;0;0;0;0;0;0;0;0;0;0;0;0;0;0;0
28.02.2024;10:41;A 41;1;1;1;3;3;2;60;0;0;0;0;3;70;0;0;4;44;5;7;0;0;0;100;2;74;5;86;2;48;0;0;0;0;0;0;0;0;0;0;0;0;0;0;0;0;0;0;0;0;0;0;0;0;0;0;0;0;0;0;0;0;0;0
28.02.2024;10:40;A 41;1;3;26;0;0;1;47;0;0;0;0;2;60;1;33;3;3;3;2;0;0;0;100;3;53;8;79;2;51;0;0;0;0;0;0;0;0;0;0;0;0;0;0;0;0;0;0;0;0;0;0;0;0;0;0;0;0;0;0;0;0;0;0
28.02.2024;10:39;A 41;1;3;9;2;4;2;35;0;0;0;0;10;46;1;0;3;49;2;1;0;0;2;98;7;60;7;69;2;58;0;0;0;0;0;0;0;0;0;0;0;0;0;0;0;0;0;0;0;0;0;0;0;0;0;0;0;0;0;0;0;0;0;0
28.02.2024;10:38;A 41;1;2;5;2;2;3;61;0;0;0;0;8;82;2;26;3;56;2;22;3;35;0;100;4;53;7;84;0;100;0;0;0;0;0;0;0;0;0;0;0;0;0;0;0;0;0;0;0;0;0;0;0;0;0;0;0;0;0;0;0;0;0;0
28.02.2024;10:37;A 41;1;3;10;1;4;2;82;0;0;0;0;6;80;1;71;4;43;1;2;0;0;0;100;1;32;8;79;1;47;0;0;0;0;0;0;0;0;0;0;1;2;1;2;0;0;0;0;0;0;0;0;0;0;0;0;0;0;0;0;0;0;0;0
28.02.2024;10:36;A 41;1;7;16;4;10;1;99;0;0;0;0;3;83;1;74;9;10;6;4;6;32;1;89;1;5;3;86;1;67;0;0;0;0;0;0;0;0;0;0;0;0;0;0;0;0;0;0;0;0;0;0;0;0;0;0;0;0;0;0;0;0;0;0
28.02.2024;10:35;A 41;1;2;7;2;6;2;45;0;0;0;0;2;19;1;2;1;11;1;12;0;0;1;89;7;26;4;50;2;66;0;0;0;0;0;0;0;0;0;0;0;0;0;0;0;0;0;0;0;0;0;0;0;0;0;0;0;0;0;0;0;0;0;0
28.02.2024;10:34;A 41;1;2;10;3;8;0;100;0;0;0;0;8;28;0;65;4;48;8;40;2;5;0;69;3;23;4;68;0;56;0;0;0;0;1;2;0;0;0;0;0;0;0;0;0;0;0;0;0;0;0;0;0;0;0;0;0;0;0;0;0;0;0;0
28.02.2024;10:33;A 41;1;2;5;2;7;1;90;0;0;0;0;6;43;1;84;8;37;2;41;2;1;1;95;4;24;7;73;2;69;1;2;1;2;0;0;0;0;1;2;0;0;0;0;0;0;0;0;0;0;0;0;0;0;0;0;0;0;0;0;0;0;0;0
28.02.2024;10:32;A 41;1;3;7;2;9;3;11;0;0;0;0;3;71;2;24;6;10;7;9;3;8;2;59;2;16;6;84;1;50;0;0;0;0;0;0;0;0;0;0;1;2;1;2;0;0;0;0;0;0;0;0;0;0;0;0;0;0;0;0;0;0;0;0
28.02.2024;10:31;A 41;1;1;56;0;0;1;3;0;0;0;0;4;36;1;2;2;15;2;43;3;50;5;34;2;7;5;75;1;90;0;0;0;0;0;0;0;0;0;0;0;0;0;0;0;0;0;0;0;0;0;0;0;0;0;0;0;0;0;0;0;0;0;0
28.02.2024;10:30;A 41;1;5;25;2;5;3;8;0;0;0;0;8;26;1;2;4;27;3;18;2;44;2;67;5;29;2;62;2;46;0;0;0;0;0;0;0;0;0;0;0;0;0;0;0;0;0;0;0;0;0;0;0;0;0;0;0;0;0;0;0;0;0;0
28.02.2024;10:29;A 41;1;1;3;2;6;0;38;0;0;0;0;9;74;0;0;4;40;3;30;1;1;5;81;1;1;5;83;1;79;0;0;0;0;0;0;0;0;0;0;0;0;0;0;0;0;0;0;0;0;0;0;0;0;0;0;0;0;0;0;0;0;0;0
28.02.2024;10:28;A 41;1;2;4;1;1;2;53;0;0;0;0;9;81;3;29;6;10;5;5;1;1;2;77;6;80;5;70;2;75;0;0;0;0;0;0;0;0;0;0;0;0;1;2;0;0;0;0;0;0;0;0;0;0;0;0;0;0;0;0;0;0;0;0
28.02.2024;10:27;A 41;1;0;0;2;5;1;40;0;0;0;0;9;79;1;1;1;4;3;28;1;8;4;59;0;0;2;56;0;0;0;0;0;0;0;0;0;0;0;0;1;2;0;0;0;0;0;0;0;0;0;0;0;0;0;0;0;0;0;0;0;0;0;0
28.02.2024;10:26;A 41;1;2;7;5;13;2;47;0;0;0;0;3;57;0;0;3;28;2;21;4;26;3;34;1;14;2;54;1;48;1;2;1;2;1;2;0;0;0;0;0;0;0;0;0;0;0;0;0;0;0;0;0;0;0;0;0;0;0;0;0;0;0;0
28.02.2024;10:25;A 41;1;2;5;2;2;3;25;0;0;0;0;4;38;0;21;3;21;2;9;3;4;6;54;3;30;6;66;1;61;0;0;0;0;0;0;0;0;1;2;0;0;0;0;0;0;0;0;0;0;0;0;0;0;0;0;0;0;0;0;0;0;0;0
28.02.2024;10:24;A 41;1;4;11;2;5;4;32;0;0;0;0;3;80;1;10;6;7;6;6;2;4;4;24;1;7;4;69;3;6;0;0;0;0;0;0;0;0;0;0;0;0;0;0;0;0;0;0;0;0;0;0;0;0;0;0;0;0;0;0;0;0;0;0
28.02.2024;10:23;A 41;1;2;4;3;3;4;43;0;0;0;0;2;39;1;3;6;37;5;35;2;41;4;40;1;5;3;91;0;0;0;0;0;0;0;0;0;0;0;0;1;2;1;2;0;0;0;0;0;0;0;0;0;0;0;0;0;0;0;0;0;0;0;0
28.02.2024;10:22;A 41;1;1;2;5;12;1;52;0;0;0;0;7;70;0;0;1;8;2;8;3;5;6;78;2;14;6;75;2;47;0;0;0;0;0;0;0;0;0;0;0;0;0;0;0;0;0;0;0;0;0;0;0;0;0;0;0;0;0;0;0;0;0;0
28.02.2024;10:21;A 41;1;3;20;4;9;2;89;0;0;0;0;6;89;2;20;5;9;4;4;3;10;7;67;1;8;5;77;1;20;0;0;0;0;0;0;0;0;0;0;0;0;0;0;0;0;0;0;0;0;0;0;0;0;0;0;0;0;0;0;0;0;0;0
28.02.2024;10:20;A 41;1;4;27;1;2;1;30;0;0;0;0;12;69;0;0;5;44;1;1;0;0;2;90;2;17;9;70;2;27;0;0;0;0;0;0;0;0;0;0;0;0;0;0;0;0;0;0;0;0;0;0;0;0;0;0;0;0;0;0;0;0;0;0
28.02.2024;10:19;A 41;1;3;9;1;1;1;40;0;0;0;0;9;42;0;0;3;2;2;31;1;2;1;87;1;28;6;73;1;40;0;0;0;0;0;0;0;0;0;0;0;0;0;0;0;0;0;0;0;0;0;0;0;0;0;0;0;0;0;0;0;0;0;0
28.02.2024;10:18;A 41;1;1;3;1;1;2;37;0;0;0;0;3;73;0;0;4;21;3;5;1;1;2;46;2;17;2;56;1;48;0;0;0;0;0;0;0;0;0;0;1;2;1;2;0;0;0;0;0;0;0;0;0;0;0;0;0;0;0;0;0;0;0;0
28.02.2024;10:17;A 41;1;5;41;3;4;1;36;0;0;0;0;7;56;1;1;3;33;4;31;4;5;2;47;1;10;8;59;2;75;0;0;0;0;0;0;0;0;0;0;0;0;0;0;0;0;0;0;0;0;0;0;0;0;0;0;0;0;0;0;0;0;0;0
28.02.2024;10:16;A 41;1;2;5;1;2;0;43;0;0;0;0;2;82;1;66;5;38;2;1;1;13;10;60;3;12;3;84;2;45;0;0;0;0;0;0;0;0;0;0;0;0;0;0;0;0;0;0;0;0;0;0;0;0;0;0;0;0;0;0;0;0;0;0
28.02.2024;10:15;A 41;1;0;0;2;4;3;54;0;0;0;0;4;73;2;52;2;26;1;2;6;44;5;57;13;42;4;63;2;81;0;0;0;0;0;0;0;0;0;0;0;0;0;0;0;0;0;0;0;0;0;0;0;0;0;0;0;0;0;0;0;0;0;0
28.02.2024;10:14;A 41;1;3;11;1;18;1;17;0;0;0;0;2;57;2;5;9;15;3;2;2;96;2;39;8;55;4;58;3;76;0;0;0;0;1;2;0;0;1;2;0;0;0;0;0;0;0;0;0;0;0;0;0;0;0;0;0;0;0;0;0;0;0;0
28.02.2024;10:13;A 41;1;3;14;3;25;1;71;0;0;0;0;11;63;0;0;1;19;1;1;2;40;3;52;4;28;6;57;2;46;0;0;0;0;0;0;0;0;0;0;0;0;0;0;0;0;0;0;0;0;0;0;0;0;0;0;0;0;0;0;0;0;0;0
28.02.2024;10:12;A 41;1;0;0;1;2;0;0;0;0;0;0;5;56;1;1;5;49;3;31;3;21;1;84;1;17;6;70;1;10;0;0;0;0;0;0;0;0;0;0;0;0;0;0;0;0;0;0;0;0;0;0;0;0;0;0;0;0;0;0;0;0;0;0
28.02.2024;10:11;A 41;1;4;9;2;4;1;3;0;0;0;0;5;43;2;18;6;43;3;8;3;5;3;72;1;3;3;70;0;22;0;0;0;0;0;0;0;0;0;0;1;2;1;2;0;0;0;0;0;0;0;0;0;0;0;0;0;0;0;0;0;0;0;0
28.02.2024;10:10;A 41;1;4;12;1;3;1;1;0;0;0;0;6;60;1;40;4;19;0;47;0;0;3;25;3;23;2;44;2;81;0;0;0;0;0;0;0;0;0;0;0;0;0;0;0;0;0;0;0;0;0;0;0;0;0;0;0;0;0;0;0;0;0;0
28.02.2024;10:09;A 41;1;5;12;3;6;2;38;0;0;0;0;5;89;0;0;3;35;3;31;1;1;6;30;2;15;2;83;1;64;0;0;0;0;0;0;0;0;0;0;0;0;1;2;0;0;0;0;0;0;0;0;0;0;0;0;0;0;0;0;0;0;0;0
28.02.2024;10:08;A 41;1;5;17;2;3;2;5;0;0;0;0;6;88;0;0;6;27;3;22;1;14;4;42;0;0;4;88;0;0;0;0;0;0;0;0;0;0;0;0;1;2;0;0;0;0;0;0;0;0;0;0;0;0;0;0;0;0;0;0;0;0;0;0
28.02.2024;10:07;A 41;1;2;5;1;5;0;31;0;0;0;0;9;76;0;0;1;1;1;10;1;14;5;84;0;0;3;80;0;74;0;0;0;0;0;0;0;0;0;0;0;0;0;0;0;0;0;0;0;0;0;0;0;0;0;0;0;0;0;0;0;0;0;0
28.02.2024;10:06;A 41;1;4;13;1;1;1;29;0;0;0;0;2;58;1;1;6;5;6;46;2;18;1;86;0;77;4;75;1;97;0;0;0;0;0;0;0;0;0;0;0;0;0;0;0;0;0;0;0;0;0;0;0;0;0;0;0;0;0;0;0;0;0;0
28.02.2024;10:05;A 41;1;6;18;3;8;2;19;0;0;0;0;7;55;0;30;4;47;0;0;2;20;2;92;3;77;4;76;2;38;0;0;0;0;0;0;0;0;0;0;0;0;0;0;0;0;0;0;0;0;0;0;0;0;0;0;0;0;0;0;0;0;0;0
28.02.2024;10:04;A 41;1;3;10;1;1;2;42;0;0;0;0;5;43;2;44;2;2;1;1;1;20;0;100;6;37;7;86;0;29;0;0;0;0;0;0;0;0;0;0;0;0;0;0;0;0;0;0;0;0;0;0;0;0;0;0;0;0;0;0;0;0;0;0
28.02.2024;10:03;A 41;1;4;8;1;1;2;9;0;0;0;0;3;57;2;37;2;5;6;33;1;2;2;59;2;16;3;83;2;71;0;0;0;0;0;0;0;0;1;2;1;2;1;2;0;0;0;0;0;0;0;0;0;0;0;0;0;0;0;0;0;0;0;0
28.02.2024;10:02;A 41;1;3;15;2;3;2;36;0;0;0;0;3;52;1;57;3;3;3;6;1;32;3;41;1;15;3;85;1;29;0;0;0;0;1;2;0;0;0;0;0;0;0;0;0;0;0;0;0;0;0;0;0;0;0;0;0;0;0;0;0;0;0;0
28.02.2024;10:01;A 41;1;4;11;3;5;2;10;0;0;0;0;6;82;2;38;1;2;0;0;3;12;3;62;0;0;5;82;1;77;1;2;1;2;0;0;0;0;0;0;0;0;0;0;0;0;0;0;0;0;0;0;0;0;0;0;0;0;0;0;0;0;0;0
28.02.2024;10:00;A 41;1;3;8;3;8;1;37;0;0;0;0;4;81;0;0;4;15;3;2;1;1;0;100;1;39;8;83;3;26;0;0;0;0;0;0;0;0;0;0;0;0;0;0;0;0;0;0;0;0;0;0;0;0;0;0;0;0;0;0;0;0;0;0
28.02.2024;09:59;A 41;1;3;8;1;1;1;68;0;0;0;0;12;74;1;13;4;29;2;1;3;4;0;100;3;29;11;81;1;11;0;0;0;0;0;0;0;0;0;0;0;0;0;0;0;0;0;0;0;0;0;0;0;0;0;0;0;0;0;0;0;0;0;0
28.02.2024;09:58;A 41;1;0;0;1;1;2;43;0;0;0;0;9;67;1;3;1;26;2;2;4;14;0;100;0;0;10;80;0;0;0;0;0;0;0;0;0;0;0;0;0;0;0;0;0;0;0;0;0;0;0;0;0;0;0;0;0;0;0;0;0;0;0;0
28.02.2024;09:57;A 41;1;5;16;3;7;1;49;0;0;0;0;9;54;1;12;6;43;5;40;4;20;0;100;2;15;4;90;2;22;0;0;1;2;1;2;0;0;0;0;1;2;1;2;0;0;0;0;0;0;0;0;0;0;0;0;0;0;0;0;0;0;0;0
28.02.2024;09:56;A 41;1;3;30;1;6;1;5;0;0;0;0;5;76;1;1;5;57;5;54;2;30;6;46;2;8;2;30;1;76;1;2;0;0;0;0;0;0;0;0;0;0;0;0;0;0;0;0;0;0;0;0;0;0;0;0;0;0;0;0;0;0;0;0
28.02.2024;09:55;A 41;1;2;5;3;13;0;0;0;0;0;0;4;54;0;0;6;26;4;8;2;56;2;52;3;27;5;78;0;100;0;0;0;0;0;0;0;0;0;0;0;0;0;0;0;0;0;0;0;0;0;0;0;0;0;0;0;0;0;0;0;0;0;0
28.02.2024;09:54;A 41;1;5;23;1;5;0;0;0;0;0;0;9;80;2;55;5;35;4;30;5;45;4;61;3;60;5;69;1;99;0;0;0;0;0;0;0;0;0;0;0;0;0;0;0;0;0;0;0;0;0;0;0;0;0;0;0;0;0;0;0;0;0;0
28.02.2024;09:53;A 41;1;2;5;0;0;0;6;0;0;0;0;8;80;0;67;3;24;2;4;1;1;0;100;2;51;7;86;0;100;0;0;0;0;0;0;0;0;0;0;0;0;0;0;0;0;0;0;0;0;0;0;0;0;0;0;0;0;0;0;0;0;0;0
28.02.2024;09:52;A 41;1;2;6;2;4;1;10;0;0;0;0;10;81;1;59;3;52;2;2;0;0;0;100;4;49;8;69;0;100;0;0;0;0;0;0;0;0;1;2;0;0;0;0;0;0;0;0;0;0;0;0;0;0;0;0;0;0;0;0;0;0;0;0
28.02.2024;09:51;A 41;1;1;1;1;2;0;0;0;0;0;0;5;62;1;36;4;18;3;34;3;9;9;79;3;22;6;71;4;60;0;0;0;0;0;0;0;0;0;0;2;3;2;3;0;0;0;0;0;0;0;0;0;0;0;0;0;0;0;0;0;0;0;0
28.02.2024;09:50;A 41;1;2;6;2;6;3;16;0;0;0;0;6;40;1;36;4;27;5;4;0;0;6;75;3;30;7;68;3;27;0;0;0;0;0;0;0;0;0;0;0;0;0;0;0;0;0;0;0;0;0;0;0;0;0;0;0;0;0;0;0;0;0;0
28.02.2024;09:49;A 41;1;0;0;4;8;3;26;0;0;0;0;10;63;1;1;6;60;6;41;0;0;4;75;2;8;8;61;0;17;0;0;0;0;0;0;0;0;0;0;0;0;0;0;0;0;0;0;0;0;0;0;0;0;0;0;0;0;0;0;0;0;0;0
28.02.2024;09:48;A 41;1;3;8;6;12;1;76;0;0;0;0;7;81;0;0;5;28;4;26;1;2;0;100;3;56;7;87;2;25;0;0;0;0;0;0;0;0;0;0;0;0;0;0;0;0;0;0;0;0;0;0;0;0;0;0;0;0;0;0;0;0;0;0
28.02.2024;09:47;A 41;1;4;13;3;7;1;1;0;0;0;0;6;83;0;0;2;22;5;16;0;0;0;100;3;15;5;87;0;0;0;0;0;0;0;0;0;0;0;0;0;0;0;0;0;0;0;0;0;0;0;0;0;0;0;0;0;0;0;0;0;0;0;0
28.02.2024;09:46;A 41;1;5;16;2;7;0;0;0;0;0;0;6;77;0;0;3;37;3;4;0;1;0;100;0;70;6;78;3;71;0;0;0;0;1;2;0;0;0;0;0;0;0;0;0;0;0;0;0;0;0;0;0;0;0;0;0;0;0;0;0;0;0;0
28.02.2024;09:45;A 41;1;1;2;2;5;6;54;0;0;0;0;2;60;0;0;4;62;3;49;2;6;0;100;5;20;5;88;1;60;1;2;1;2;0;0;0;0;0;0;0;0;0;0;0;0;0;0;0;0;0;0;0;0;0;0;0;0;0;0;0;0;0;0
28.02.2024;09:44;A 41;1;1;4;0;0;1;60;0;0;0;0;11;68;0;0;3;35;0;0;1;23;4;67;3;24;7;49;1;35;0;0;0;0;0;0;0;0;0;0;0;0;0;0;0;0;0;0;0;0;0;0;0;0;0;0;0;0;0;0;0;0;0;0
28.02.2024;09:43;A 41;1;2;6;2;6;1;64;0;0;0;0;9;63;2;14;4;66;3;6;4;76;2;70;2;23;13;70;0;53;0;0;0;0;0;0;0;0;1;2;0;0;0;0;0;0;0;0;0;0;0;0;0;0;0;0;0;0;0;0;0;0;0;0
28.02.2024;09:42;A 41;1;6;36;6;12;2;53;0;0;0;0;12;73;0;1;3;49;4;43;0;0;1;100;6;33;11;78;0;100;0;0;0;0;0;0;0;0;0;0;0;0;0;0;0;0;0;0;0;0;0;0;0;0;0;0;0;0;0;0;0;0;0;0
28.02.2024;09:41;A 41;1;2;9;2;6;1;25;0;0;0;0;4;90;1;62;5;37;3;19;4;14;0;100;2;80;2;93;0;100;0;0;0;0;0;0;0;0;0;0;1;2;1;2;0;0;0;0;0;0;0;0;0;0;0;0;0;0;0;0;0;0;0;0
28.02.2024;09:40;A 41;1;2;2;6;10;4;15;0;0;0;0;5;89;0;0;5;18;3;12;2;3;0;100;4;36;4;93;1;85;0;0;0;0;0;0;0;0;0;0;0;0;0;0;0;0;0;0;0;0;0;0;0;0;0;0;0;0;0;0;0;0;0;0
28.02.2024;09:39;A 41;1;3;5;0;0;1;17;0;0;0;0;4;66;0;0;3;3;2;3;2;4;0;100;3;55;10;88;0;86;0;0;0;0;0;0;0;0;0;0;0;0;0;0;0;0;0;0;0;0;0;0;0;0;0;0;0;0;0;0;0;0;0;0
28.02.2024;09:38;A 41;1;0;0;4;8;3;41;0;0;0;0;6;76;3;10;1;1;0;0;1;3;1;97;1;77;7;75;0;100;0;0;0;0;0;0;0;0;0;0;0;0;0;0;0;0;0;0;0;0;0;0;0;0;0;0;0;0;0;0;0;0;0;0
28.02.2024;09:37;A 41;1;3;7;2;2;1;20;0;0;0;0;8;79;2;46;3;54;7;63;2;33;4;30;2;21;3;49;2;66;0;0;0;0;0;0;0;0;0;0;1;2;1;2;0;0;0;0;0;0;0;0;0;0;0;0;0;0;0;0;0;0;0;0
28.02.2024;09:36;A 41;1;4;7;4;7;2;55;0;0;0;0;12;71;1;14;4;49;5;40;2;62;1;78;3;19;8;44;1;33;0;0;0;0;0;0;0;0;0;0;0;0;0;0;0;0;0;0;0;0;0;0;0;0;0;0;0;0;0;0;0;0;0;0
28.02.2024;09:35;A 41;1;5;14;6;19;2;68;0;0;0;0;4;51;2;1;6;8;5;43;1;42;4;71;4;20;5;77;2;55;1;2;1;2;1;2;0;0;0;0;0;0;0;0;0;0;0;0;0;0;0;0;0;0;0;0;0;0;0;0;0;0;0;0
28.02.2024;09:34;A 41;1;0;0;0;0;0;0;0;0;0;0;1;73;0;0;4;30;4;33;3;22;3;90;3;25;5;84;1;62;0;0;0;0;0;0;0;0;0;0;0;0;0;0;0;0;0;0;0;0;0;0;0;0;0;0;0;0;0;0;0;0;0;0
28.02.2024;09:33;A 41;1;2;18;3;5;3;15;0;0;0;0;2;15;2;89;5;46;8;44;4;12;0;100;4;61;7;90;0;100;0;0;0;0;0;0;0;0;1;2;1;2;1;2;0;0;0;0;0;0;0;0;0;0;0;0;0;0;0;0;0;0;0;0
28.02.2024;09:32;A 41;1;0;0;1;2;0;0;0;0;0;0;11;79;2;74;3;36;6;5;4;5;0;100;0;84;7;84;0;100;0;0;0;0;0;0;0;0;0;0;0;0;0;0;0;0;0;0;0;0;0;0;0;0;0;0;0;0;0;0;0;0;0;0
28.02.2024;09:31;A 41;1;0;0;3;4;3;8;0;0;0;0;0;100;0;100;3;4;2;1;0;0;0;100;1;73;0;100;0;100;0;0;0;0;0;0;0;0;0;0;0;0;0;0;0;0;0;0;0;0;0;0;0;0;0;0;0;0;0;0;0;0;0;0
28.02.2024;09:30;A 41;1;3;9;5;11;2;47;0;0;0;0;7;34;1;7;4;25;1;42;0;0;3;66;2;20;9;51;1;27;0;0;0;0;0;0;0;0;0;0;0;0;0;0;0;0;0;0;0;0;0;0;0;0;0;0;0;0;0;0;0;0;0;0
28.02.2024;09:29;A 41;1;2;23;2;3;0;17;0;0;0;0;2;81;0;98;8;26;8;9;4;6;4;74;4;28;2;73;1;42;0;0;0;0;0;0;0;0;0;0;1;2;1;2;0;0;0;0;0;0;0;0;0;0;0;0;0;0;0;0;0;0;0;0
28.02.2024;09:28;A 41;1;3;40;4;11;2;95;0;0;0;0;6;73;1;2;6;48;1;5;0;2;1;43;2;7;4;78;1;3;0;0;0;0;0;0;0;0;0;0;0;0;0;0;0;0;0;0;0;0;0;0;0;0;0;0;0;0;0;0;0;0;0;0
28.02.2024;09:27;A 41;1;3;65;5;23;1;96;0;0;0;0;12;50;2;8;1;74;2;34;2;72;4;77;1;13;11;37;0;25;0;0;0;0;0;0;0;0;0;0;0;0;0;0;0;0;0;0;0;0;0;0;0;0;0;0;0;0;0;0;0;0;0;0
28.02.2024;09:26;A 41;1;1;47;3;6;0;97;0;0;0;0;2;7;0;0;15;55;6;48;8;53;4;90;2;33;1;73;1;84;0;0;0;0;0;0;0;0;0;0;0;0;0;0;0;0;0;0;0;0;0;0;0;0;0;0;0;0;0;0;0;0;0;0
28.02.2024;09:25;A 41;1;3;34;2;1;1;45;0;0;0;0;12;66;1;1;1;35;2;33;0;0;5;15;1;23;3;54;2;95;0;0;0;0;0;0;0;0;0;0;0;0;0;0;0;0;0;0;0;0;0;0;0;0;0;0;0;0;0;0;0;0;0;0
28.02.2024;09:24;A 41;1;1;80;6;40;1;80;0;0;0;0;9;85;1;3;5;78;4;38;2;81;3;37;6;25;8;54;4;62;0;0;0;0;1;2;0;0;0;0;0;0;0;0;0;0;0;0;0;0;0;0;0;0;0;0;0;0;0;0;0;0;0;0
28.02.2024;09:23;A 41;1;4;11;1;9;0;87;0;0;0;0;1;57;1;4;8;43;5;35;1;29;3;26;3;32;1;84;1;79;1;2;1;2;0;0;0;0;0;0;1;2;1;2;0;0;0;0;0;0;0;0;0;0;0;0;0;0;0;0;0;0;0;0
28.02.2024;09:22;A 41;1;1;7;1;6;1;61;0;0;0;0;7;65;1;35;1;59;2;29;2;10;3;37;2;12;4;66;2;4;0;0;0;0;0;0;0;0;1;2;0;0;0;0;0;0;0;0;0;0;0;0;0;0;0;0;0;0;0;0;0;0;0;0
28.02.2024;09:21;A 41;1;4;16;3;10;1;84;0;0;0;0;12;74;1;17;2;61;0;0;1;83;1;73;3;11;13;65;0;65;0;0;0;0;0;0;0;0;0;0;0;0;0;0;0;0;0;0;0;0;0;0;0;0;0;0;0;0;0;0;0;0;0;0
28.02.2024;09:20;A 41;1;0;5;3;5;1;68;0;0;0;0;0;100;1;28;10;45;9;33;5;56;3;66;0;14;3;68;0;100;0;0;0;0;0;0;0;0;0;0;1;2;1;2;0;0;0;0;0;0;0;0;0;0;0;0;0;0;0;0;0;0;0;0
28.02.2024;09:19;A 41;1;4;12;4;10;1;63;0;0;0;0;13;74;1;70;2;16;0;0;1;32;2;97;4;71;8;82;0;100;0;0;0;0;0;0;0;0;0;0;0;0;0;0;0;0;0;0;0;0;0;0;0;0;0;0;0;0;0;0;0;0;0;0
28.02.2024;09:18;A 41;1;2;12;4;13;0;100;0;0;0;0;10;78;2;13;7;16;5;37;1;2;1;58;3;24;9;32;2;13;0;0;0;0;0;0;0;0;0;0;0;0;0;0;0;0;0;0;0;0;0;0;0;0;0;0;0;0;0;0;0;0;0;0
28.02.2024;09:17;A 41;1;1;9;5;10;2;59;0;0;0;0;1;99;0;0;1;26;1;8;0;0;4;64;2;4;1;78;0;0;0;0;0;0;0;0;0;0;0;0;0;0;0;0;0;0;0;0;0;0;0;0;0;0;0;0;0;0;0;0;0;0;0;0
28.02.2024;09:16;A 41;1;4;9;5;9;2;73;0;0;0;0;11;61;1;48;2;31;1;1;2;15;3;81;1;8;11;71;1;63;0;0;0;0;0;0;0;0;0;0;0;0;0;0;0;0;0;0;0;0;0;0;0;0;0;0;0;0;0;0;0;0;0;0
28.02.2024;09:15;A 41;1;6;21;4;14;1;93;0;0;0;0;12;67;1;57;5;85;6;8;3;27;4;67;5;61;7;14;2;89;0;0;0;0;0;0;0;0;0;0;0;0;0;0;0;0;0;0;0;0;0;0;0;0;0;0;0;0;0;0;0;0;0;0
28.02.2024;09:14;A 41;1;0;51;3;7;0;53;0;0;0;0;2;64;1;1;5;47;2;39;1;41;2;45;2;26;6;84;1;8;0;0;0;0;0;0;0;0;0;0;0;0;0;0;0;0;0;0;0;0;0;0;0;0;0;0;0;0;0;0;0;0;0;0
28.02.2024;09:13;A 41;1;4;41;2;3;3;31;0;0;0;0;3;65;1;62;3;55;6;32;4;31;1;96;2;12;7;72;1;4;0;0;0;0;0;0;0;0;1;2;0;0;0;0;0;0;0;0;0;0;0;0;0;0;0;0;0;0;0;0;0;0;0;0
28.02.2024;09:12;A 41;1;2;8;8;20;2;71;0;0;0;0;7;67;1;54;5;44;7;42;4;23;1;25;0;0;7;53;0;14;0;0;0;0;0;0;0;0;0;0;1;2;1;2;0;0;0;0;0;0;0;0;0;0;0;0;0;0;0;0;0;0;0;0
28.02.2024;09:11;A 41;1;1;6;3;8;0;49;0;0;0;0;1;76;0;0;2;35;1;2;4;20;4;63;4;28;4;70;1;86;0;0;0;0;0;0;0;0;0;0;0;0;0;0;0;0;0;0;0;0;0;0;0;0;0;0;0;0;0;0;0;0;0;0
28.02.2024;09:10;A 41;1;1;3;1;1;1;86;0;0;0;0;2;80;0;81;3;60;2;2;2;3;3;45;2;75;6;77;1;96;0;0;0;0;0;0;0;0;0;0;0;0;0;0;0;0;0;0;0;0;0;0;0;0;0;0;0;0;0;0;0;0;0;0
28.02.2024;09:09;A 41;1;7;21;3;23;0;100;0;0;0;0;7;35;1;28;6;53;4;13;2;83;4;67;3;66;13;57;4;63;0;0;0;0;0;0;0;0;0;0;1;2;1;2;0;0;0;0;0;0;0;0;0;0;0;0;0;0;0;0;0;0;0;0
28.02.2024;09:08;A 41;1;1;31;1;3;1;26;0;0;0;0;2;54;0;96;4;28;2;23;4;56;3;51;4;51;3;70;1;81;0;0;0;0;1;2;0;0;0;0;0;0;0;0;0;0;0;0;0;0;0;0;0;0;0;0;0;0;0;0;0;0;0;0
28.02.2024;09:07;A 41;1;3;8;2;6;3;28;0;0;0;0;7;60;1;62;2;24;1;8;1;2;2;90;2;17;10;75;0;88;1;2;1;2;0;0;0;0;0;0;0;0;0;0;0;0;0;0;0;0;0;0;0;0;0;0;0;0;0;0;0;0;0;0
28.02.2024;09:06;A 41;1;3;40;3;7;2;54;0;0;0;0;10;73;2;11;3;56;2;57;1;22;2;59;4;42;5;45;2;78;0;0;0;0;0;0;0;0;1;2;0;0;0;0;0;0;0;0;0;0;0;0;0;0;0;0;0;0;0;0;0;0;0;0
28.02.2024;09:05;A 41;1;2;4;6;64;3;84;0;0;0;0;2;71;1;1;3;40;4;26;2;16;4;87;2;14;2;78;3;56;0;0;0;0;0;0;0;0;0;0;0;0;0;0;0;0;0;0;0;0;0;0;0;0;0;0;0;0;0;0;0;0;0;0
28.02.2024;09:04;A 41;1;3;7;6;14;1;87;0;0;0;0;7;82;2;6;9;37;2;3;2;12;6;43;3;15;0;68;1;3;0;0;0;0;0;0;0;0;0;0;0;0;0;0;0;0;0;0;0;0;0;0;0;0;0;0;0;0;0;0;0;0;0;0
28.02.2024;09:03;A 41;1;3;11;4;8;2;75;0;0;0;0;8;44;1;20;1;69;2;50;2;30;4;70;3;37;7;46;0;66;0;0;0;0;0;0;0;0;0;0;0;0;0;0;0;0;0;0;0;0;0;0;0;0;0;0;0;0;0;0;0;0;0;0
28.02.2024;09:02;A 41;1;4;17;2;10;0;100;0;0;0;0;0;100;1;93;9;25;13;27;8;51;4;34;5;43;1;65;1;72;0;0;0;0;0;0;0;0;0;0;1;2;1;2;0;0;0;0;0;0;0;0;0;0;0;0;0;0;0;0;0;0;0;0
28.02.2024;09:01;A 41;1;3;10;1;1;2;98;0;0;0;0;10;80;0;0;5;66;4;72;6;89;3;55;0;0;4;77;0;0;0;0;0;0;0;0;0;0;0;0;0;0;0;0;0;0;0;0;0;0;0;0;0;0;0;0;0;0;0;0;0;0;0;0
28.02.2024;09:00;A 41;1;3;8;6;18;2;90;0;0;0;0;10;77;0;0;6;50;5;65;4;78;8;29;0;0;3;60;0;15;0;0;0;0;0;0;0;0;0;0;1;2;1;2;0;0;0;0;0;0;0;0;0;0;0;0;0;0;0;0;0;0;0;0
28.02.2024;08:59;A 41;1;2;14;3;12;8;94;0;0;0;0;0;100;0;0;5;44;4;45;5;63;5;64;1;14;4;34;1;75;0;0;0;0;0;0;0;0;0;0;0;0;1;2;0;0;0;0;0;0;0;0;0;0;0;0;0;0;0;0;0;0;0;0
28.02.2024;08:58;A 41;1;6;35;2;13;1;92;0;0;0;0;9;79;1;1;3;67;3;69;2;77;4;71;2;76;10;80;0;100;0;0;0;0;0;0;0;0;0;0;1;2;0;0;0;0;0;0;0;0;0;0;0;0;0;0;0;0;0;0;0;0;0;0
28.02.2024;08:57;A 41;1;3;56;7;41;1;77;0;0;0;0;16;37;1;22;2;67;2;54;1;43;3;67;2;25;10;45;3;53;0;0;0;0;0;0;0;0;0;0;0;0;0;0;0;0;0;0;0;0;0;0;0;0;0;0;0;0;0;0;0;0;0;0
28.02.2024;08:56;A 41;1;0;59;0;0;1;51;0;0;0;0;6;87;2;11;7;52;11;51;8;78;4;84;3;12;4;63;2;74;0;0;0;0;0;0;0;0;0;0;0;0;0;0;0;0;0;0;0;0;0;0;0;0;0;0;0;0;0;0;0;0;0;0
28.02.2024;08:55;A 41;1;2;26;2;11;0;100;0;0;0;0;8;84;2;43;14;70;6;50;9;83;1;87;8;49;6;84;3;89;0;0;0;0;0;0;0;0;0;0;0;0;0;0;0;0;0;0;0;0;0;0;0;0;0;0;0;0;0;0;0;0;0;0
28.02.2024;08:54;A 41;1;5;73;8;19;0;100;0;0;0;0;3;57;0;14;3;96;0;100;0;100;4;80;3;35;10;38;5;42;0;0;0;0;0;0;0;0;1;2;0;0;0;0;0;0;0;0;0;0;0;0;0;0;0;0;0;0;0;0;0;0;0;0
28.02.2024;08:53;A 41;1;2;6;3;8;4;33;0;0;0;0;2;95;1;16;8;21;7;44;8;65;3;74;4;28;2;77;1;86;1;2;1;2;1;2;0;0;0;0;0;0;0;0;0;0;0;0;0;0;0;0;0;0;0;0;0;0;0;0;0;0;0;0
28.02.2024;08:52;A 41;1;3;8;2;5;3;47;0;0;0;0;6;73;1;4;8;13;6;44;7;87;3;27;0;0;2;74;0;72;0;0;0;0;0;0;0;0;0;0;1;2;1;2;0;0;0;0;0;0;0;0;0;0;0;0;0;0;0;0;0;0;0;0
28.02.2024;08:51;A 41;1;3;64;5;22;2;81;0;0;0;0;9;47;0;0;3;16;4;64;3;61;3;77;3;27;11;29;3;16;0;0;1;2;1;2;0;0;0;0;0;0;0;0;0;0;0;0;0;0;0;0;0;0;0;0;0;0;0;0;0;0;0;0
28.02.2024;08:50;A 41;1;2;8;1;4;1;54;0;0;0;0;2;51;1;1;4;47;2;48;3;53;0;100;1;21;8;83;2;42;1;2;0;0;0;0;0;0;0;0;0;0;0;0;0;0;0;0;0;0;0;0;0;0;0;0;0;0;0;0;0;0;0;0
28.02.2024;08:49;A 41;1;1;5;3;7;2;46;0;0;0;0;6;65;2;11;3;12;1;29;5;59;0;100;3;78;1;63;0;78;0;0;0;0;0;0;0;0;0;0;0;0;0;0;0;0;0;0;0;0;0;0;0;0;0;0;0;0;0;0;0;0;0;0
28.02.2024;08:48;A 41;1;2;47;4;16;1;98;0;0;0;0;10;36;2;21;4;79;5;71;3;93;2;82;3;64;11;61;2;83;0;0;0;0;0;0;0;0;0;0;0;0;0;0;0;0;0;0;0;0;0;0;0;0;0;0;0;0;0;0;0;0;0;0
28.02.2024;08:47;A 41;1;2;76;2;42;0;80;0;0;0;0;6;71;1;19;4;59;1;49;2;58;1;90;2;38;5;73;1;57;0;0;0;0;0;0;0;0;0;0;0;0;0;0;0;0;0;0;0;0;0;0;0;0;0;0;0;0;0;0;0;0;0;0
28.02.2024;08:46;A 41;1;6;40;6;32;2;96;0;0;0;0;2;74;2;5;3;45;5;18;3;32;0;100;3;13;7;82;2;6;0;0;0;0;0;0;0;0;0;0;0;0;0;0;0;0;0;0;0;0;0;0;0;0;0;0;0;0;0;0;0;0;0;0
28.02.2024;08:45;A 41;1;1;77;5;29;1;100;0;0;0;0;7;43;2;16;3;73;3;53;1;56;3;93;1;49;10;47;1;59;0;0;0;0;0;0;0;0;0;0;0;0;0;0;0;0;0;0;0;0;0;0;0;0;0;0;0;0;0;0;0;0;0;0
28.02.2024;08:44;A 41;1;1;45;1;38;0;77;0;0;0;0;1;96;0;100;6;39;5;37;3;52;2;83;2;66;3;85;2;73;0;0;0;0;0;0;0;0;0;0;0;0;0;0;0;0;0;0;0;0;0;0;0;0;0;0;0;0;0;0;0;0;0;0
28.02.2024;08:43;A 41;1;4;26;4;20;1;78;0;0;0;0;11;16;3;55;4;46;3;55;1;47;0;100;2;24;11;71;0;100;0;0;0;0;0;0;0;0;1;2;1;2;1;2;0;0;0;0;0;0;0;0;0;0;0;0;0;0;0;0;0;0;0;0
28.02.2024;08:42;A 41;1;5;34;7;28;1;86;0;0;0;0;9;21;0;16;5;68;4;82;3;77;2;95;4;39;13;55;4;59;0;0;0;0;0;0;0;0;0;0;0;0;0;0;0;0;0;0;0;0;0;0;0;0;0;0;0;0;0;0;0;0;0;0
28.02.2024;08:41;A 41;1;1;53;5;31;1;54;0;0;0;0;2;95;2;5;6;55;4;49;2;71;2;99;4;50;6;78;4;57;0;0;0;0;0;0;0;0;0;0;0;0;0;0;0;0;0;0;0;0;0;0;0;0;0;0;0;0;0;0;0;0;0;0
28.02.2024;08:40;A 41;1;3;14;3;7;1;34;0;0;0;0;11;78;0;0;6;34;6;8;1;27;0;100;3;30;7;75;4;53;0;0;0;0;0;0;0;0;0;0;0;0;0;0;0;0;0;0;0;0;0;0;0;0;0;0;0;0;0;0;0;0;0;0
28.02.2024;08:39;A 41;1;2;89;2;5;1;91;0;0;0;0;6;65;1;18;2;71;2;60;2;23;0;100;1;11;14;55;1;41;0;0;0;0;0;0;0;0;0;0;0;0;0;0;0;0;0;0;0;0;0;0;0;0;0;0;0;0;0;0;0;0;0;0
28.02.2024;08:38;A 41;1;1;50;2;44;1;52;0;0;0;0;4;91;2;23;4;40;1;35;3;80;2;37;1;17;1;47;2;6;0;0;0;0;0;0;0;0;0;0;0;0;0;0;0;0;0;0;0;0;0;0;0;0;0;0;0;0;0;0;0;0;0;0
28.02.2024;08:37;A 41;1;5;13;3;25;0;100;0;0;0;0;8;72;4;11;1;24;1;13;1;58;2;87;2;20;4;73;1;30;0;0;0;0;0;0;0;0;0;0;0;0;0;0;0;0;0;0;0;0;0;0;0;0;0;0;0;0;0;0;0;0;0;0
28.02.2024;08:36;A 41;1;4;12;1;100;0;100;0;0;0;0;17;59;1;13;2;30;1;30;0;0;4;87;0;0;11;50;0;4;1;2;1;2;1;2;0;0;1;2;0;0;0;0;0;0;0;0;0;0;0;0;0;0;0;0;0;0;0;0;0;0;0;0
28.02.2024;08:35;A 41;1;1;4;1;62;0;100;0;0;0;0;3;87;1;60;10;66;7;55;5;66;3;57;4;10;6;54;2;53;0;0;0;0;0;0;0;0;0;0;0;0;0;0;0;0;0;0;0;0;0;0;0;0;0;0;0;0;0;0;0;0;0;0
28.02.2024;08:34;A 41;1;5;13;7;14;0;100;0;0;0;0;9;77;1;67;3;40;1;29;1;43;1;97;1;7;3;77;3;68;0;0;0;0;1;2;0;0;0;0;0;0;0;0;0;0;0;0;0;0;0;0;0;0;0;0;0;0;0;0;0;0;0;0
28.02.2024;08:33;A 41;1;5;34;3;9;0;100;0;0;0;0;8;83;1;49;4;86;4;55;1;16;2;72;2;29;11;44;0;63;1;2;1;2;0;0;0;0;0;0;0;0;0;0;0;0;0;0;0;0;0;0;0;0;0;0;0;0;0;0;0;0;0;0
28.02.2024;08:32;A 41;1;0;52;3;15;1;99;0;0;0;0;0;100;2;12;7;56;7;58;5;68;6;60;9;26;2;55;1;94;0;0;0;0;0;0;0;0;0;0;1;2;1;2;0;0;0;0;0;0;0;0;0;0;0;0;0;0;0;0;0;0;0;0
28.02.2024;08:31;A 41;1;3;35;3;6;0;100;0;0;0;0;11;82;1;16;8;31;3;45;4;34;0;100;3;50;9;83;1;98;0;0;0;0;0;0;0;0;0;0;0;0;0;0;0;0;0;0;0;0;0;0;0;0;0;0;0;0;0;0;0;0;0;0
28.02.2024;08:30;A 41;1;3;10;5;65;0;100;0;0;0;0;20;54;0;0;1;99;0;99;1;77;1;95;5;35;12;54;4;63;0;0;0;0;0;0;0;0;0;0;0;0;0;0;0;0;0;0;0;0;0;0;0;0;0;0;0;0;0;0;0;0;0;0
28.02.2024;08:29;A 41;1;2;5;3;33;0;100;0;0;0;0;5;83;0;0;5;59;5;46;3;31;5;36;1;5;3;74;0;0;0;0;0;0;0;0;0;0;0;0;0;0;0;0;0;0;0;0;0;0;0;0;0;0;0;0;0;0;0;0;0;0;0;0
28.02.2024;08:28;A 41;1;4;22;4;16;0;100;0;0;0;0;10;75;1;59;9;37;8;50;4;28;2;83;3;19;9;84;1;85;0;0;0;0;0;0;0;0;0;0;0;0;0;0;0;0;0;0;0;0;0;0;0;0;0;0;0;0;0;0;0;0;0;0
28.02.2024;08:27;A 41;1;3;43;6;22;0;100;0;0;0;0;18;50;2;23;1;81;1;72;1;91;1;97;3;19;17;65;2;70;0;0;0;0;0;0;0;0;0;0;0;0;0;0;0;0;0;0;0;0;0;0;0;0;0;0;0;0;0;0;0;0;0;0
28.02.2024;08:26;A 41;1;1;2;2;3;0;100;0;0;0;0;10;78;2;20;8;64;9;60;4;65;5;96;2;19;7;52;1;46;0;0;0;0;0;0;0;0;0;0;0;0;0;0;0;0;0;0;0;0;0;0;0;0;0;0;0;0;0;0;0;0;0;0
28.02.2024;08:25;A 41;1;2;7;2;3;0;100;0;0;0;0;9;77;2;4;4;51;5;37;3;29;4;79;2;17;7;59;2;6;0;0;0;0;0;0;0;0;0;0;1;2;1;2;0;0;0;0;0;0;0;0;0;0;0;0;0;0;0;0;0;0;0;0
28.02.2024;08:24;A 41;1;5;16;3;52;0;100;0;0;0;0;9;75;0;20;7;69;7;56;3;32;6;48;3;19;7;22;0;60;0;0;0;0;0;0;0;0;1;2;0;0;0;0;0;0;0;0;0;0;0;0;0;0;0;0;0;0;0;0;0;0;0;0
28.02.2024;08:23;A 41;1;6;16;3;34;0;100;0;0;0;0;4;92;1;43;16;43;7;40;5;43;3;30;1;22;1;61;1;94;0;0;0;0;0;0;0;0;0;0;0;0;0;0;0;0;0;0;0;0;0;0;0;0;0;0;0;0;0;0;0;0;0;0
28.02.2024;08:22;A 41;1;2;6;6;12;0;100;0;0;0;0;9;81;0;0;0;3;1;4;0;0;1;46;3;28;5;76;5;31;0;0;0;0;0;0;0;0;0;0;0;0;0;0;0;0;0;0;0;0;0;0;0;0;0;0;0;0;0;0;0;0;0;0
28.02.2024;08:21;A 41;1;3;10;3;10;0;100;0;0;0;0;13;73;1;16;2;51;0;0;1;38;2;97;8;49;15;67;0;79;0;0;0;0;0;0;0;0;0;0;0;0;0;0;0;0;0;0;0;0;0;0;0;0;0;0;0;0;0;0;0;0;0;0
28.02.2024;08:20;A 41;1;4;63;3;87;0;100;0;0;0;0;4;81;1;49;6;61;6;57;2;33;0;100;4;58;4;72;1;55;0;0;0;0;0;0;0;0;0;0;0;0;0;0;0;0;0;0;0;0;0;0;0;0;0;0;0;0;0;0;0;0;0;0
28.02.2024;08:19;A 41;1;4;28;3;38;0;100;0;0;0;0;10;78;1;1;6;15;8;48;4;30;0;100;0;100;10;85;0;100;0;0;0;0;0;0;0;0;0;0;0;0;1;2;0;0;0;0;0;0;0;0;0;0;0;0;0;0;0;0;0;0;0;0
28.02.2024;08:18;A 41;1;4;69;1;35;0;100;0;0;0;0;10;77;0;0;4;90;2;84;3;97;0;100;3;23;15;63;2;75;0;0;0;0;0;0;0;0;0;0;1;2;0;0;0;0;0;0;0;0;0;0;0;0;0;0;0;0;0;0;0;0;0;0
28.02.2024;08:17;A 41;1;5;14;0;100;0;100;0;0;0;0;0;100;0;0;15;56;9;43;8;75;0;100;5;47;5;77;2;71;0;0;0;0;0;0;0;0;0;0;0;0;0;0;0;0;0;0;0;0;0;0;0;0;0;0;0;0;0;0;0;0;0;0
28.02.2024;08:16;A 41;1;4;24;0;100;0;100;0;0;0;0;5;87;2;41;8;74;7;65;2;89;0;100;2;71;8;74;0;100;0;0;0;0;0;0;0;0;1;2;0;0;0;0;0;0;0;0;0;0;0;0;0;0;0;0;0;0;0;0;0;0;0;0
28.02.2024;08:15;A 41;1;8;19;0;100;0;100;0;0;0;0;13;70;1;1;3;92;3;73;2;96;2;96;3;32;10;50;2;77;0;0;0;0;0;0;0;0;0;0;0;0;0;0;0;0;0;0;0;0;0;0;0;0;0;0;0;0;0;0;0;0;0;0
28.02.2024;08:14;A 41;1;1;60;0;100;1;99;0;0;0;0;3;91;0;0;10;62;9;57;7;84;3;94;1;46;5;65;2;98;0;0;0;0;0;0;0;0;0;0;0;0;0;0;0;0;0;0;0;0;0;0;0;0;0;0;0;0;0;0;0;0;0;0
28.02.2024;08:13;A 41;1;8;31;0;100;0;100;0;0;0;0;10;79;1;64;6;64;9;49;7;84;1;99;0;100;8;88;0;100;0;0;0;0;0;0;0;0;0;0;1;2;2;3;0;0;0;0;0;0;0;0;0;0;0;0;0;0;0;0;0;0;0;0
28.02.2024;08:12;A 41;1;5;72;1;15;0;100;0;0;0;0;7;79;1;55;4;89;3;83;2;94;1;91;0;100;13;77;2;98;0;0;0;0;0;0;0;0;0;0;1;2;0;0;0;0;0;0;0;0;0;0;0;0;0;0;0;0;0;0;0;0;0;0
28.02.2024;08:11;A 41;1;1;62;2;88;0;100;0;0;0;0;3;94;1;61;11;66;5;53;6;84;3;90;1;83;6;57;1;99;0;0;0;0;0;0;0;0;0;0;0;0;0;0;0;0;0;0;0;0;0;0;0;0;0;0;0;0;0;0;0;0;0;0
28.02.2024;08:10;A 41;1;6;46;1;87;0;100;0;0;0;0;8;80;0;0;13;71;9;53;8;81;0;100;0;100;8;86;1;95;0;0;0;0;1;2;0;0;0;0;0;0;0;0;0;0;0;0;0;0;0;0;0;0;0;0;0;0;0;0;0;0;0;0
28.02.2024;08:09;A 41;1;3;64;4;61;0;100;0;0;0;0;10;82;2;83;0;0;1;99;0;98;0;100;0;100;16;57;0;100;0;0;1;2;0;0;0;0;1;2;0;0;0;0;0;0;0;0;0;0;0;0;0;0;0;0;0;0;0;0;0;0;0;0
28.02.2024;08:08;A 41;1;4;25;6;20;0;100;0;0;0;0;3;93;1;48;12;64;9;19;3;92;0;100;4;77;1;71;2;96;1;2;0;0;0;0;0;0;0;0;0;0;0;0;0;0;0;0;0;0;0;0;0;0;0;0;0;0;0;0;0;0;0;0
28.02.2024;08:07;A 41;1;2;10;3;8;1;51;0;0;0;0;11;80;1;67;10;13;5;8;9;80;1;95;0;100;3;76;0;100;0;0;0;0;0;0;0;0;0;0;0;0;0;0;0;0;0;0;0;0;0;0;0;0;0;0;0;0;0;0;0;0;0;0
28.02.2024;08:06;A 41;1;5;47;4;14;1;72;0;0;0;0;13;74;2;52;1;72;2;61;1;25;0;100;0;100;16;57;2;96;0;0;0;0;0;0;0;0;0;0;0;0;0;0;0;0;0;0;0;0;0;0;0;0;0;0;0;0;0;0;0;0;0;0
28.02.2024;08:05;A 41;1;2;44;2;16;0;68;0;0;0;0;2;93;1;20;3;54;3;52;5;80;0;100;3;63;9;83;4;62;0;0;0;0;0;0;0;0;0;0;0;0;0;0;0;0;0;0;0;0;0;0;0;0;0;0;0;0;0;0;0;0;0;0
28.02.2024;08:04;A 41;1;1;7;3;8;1;88;0;0;0;0;8;80;2;6;7;37;9;14;3;38;0;100;4;52;7;83;1;100;0;0;0;0;0;0;0;0;0;0;1;2;1;2;0;0;0;0;0;0;0;0;0;0;0;0;0;0;0;0;0;0;0;0
28.02.2024;08:03;A 41;1;4;39;4;42;0;100;0;0;0;0;9;76;1;2;3;40;4;82;3;14;0;100;2;59;13;65;2;71;0;0;0;0;0;0;0;0;0;0;0;0;0;0;0;0;0;0;0;0;0;0;0;0;0;0;0;0;0;0;0;0;0;0
28.02.2024;08:02;A 41;1;4;28;3;26;0;100;0;0;0;0;0;100;1;1;12;45;11;42;7;62;2;94;3;71;2;88;3;96;0;0;0;0;0;0;0;0;0;0;1;2;1;2;0;0;0;0;0;0;0;0;0;0;0;0;0;0;0;0;0;0;0;0
28.02.2024;08:01;A 41;1;4;20;4;18;1;67;0;0;0;0;10;78;0;0;2;9;2;60;2;32;0;100;0;100;11;78;0;100;0;0;0;0;1;2;0;0;0;0;0;0;0;0;0;0;0;0;0;0;0;0;0;0;0;0;0;0;0;0;0;0;0;0
28.02.2024;08:00;A 41;1;3;68;4;9;1;87;0;0;0;0;7;80;3;5;4;58;4;27;2;94;0;100;0;100;14;68;2;98;0;0;1;2;0;0;0;0;0;0;0;0;0;0;0;0;0;0;0;0;0;0;0;0;0;0;0;0;0;0;0;0;0;0
28.02.2024;07:59;A 41;1;1;67;1;73;0;100;0;0;0;0;2;96;0;0;6;55;4;26;3;82;3;96;1;98;4;60;1;98;1;2;0;0;0;0;0;0;0;0;0;0;0;0;0;0;0;0;0;0;0;0;0;0;0;0;0;0;0;0;0;0;0;0
28.02.2024;07:58;A 41;1;9;27;4;93;0;100;0;0;0;0;7;86;0;0;9;12;6;8;5;51;0;98;0;100;9;85;0;100;0;0;0;0;0;0;0;0;0;0;0;0;0;0;0;0;0;0;0;0;0;0;0;0;0;0;0;0;0;0;0;0;0;0
28.02.2024;07:57;A 41;1;4;68;0;100;0;100;0;0;0;0;6;24;0;12;5;87;5;75;2;95;1;95;0;100;14;54;5;89;0;0;0;0;0;0;0;0;1;2;0;0;0;0;0;0;0;0;0;0;0;0;0;0;0;0;0;0;0;0;0;0;0;0
28.02.2024;07:56;A 41;1;5;21;1;97;0;100;0;0;0;0;2;76;1;14;9;63;9;51;4;73;0;100;0;100;6;81;1;99;0;0;0;0;0;0;0;0;0;0;0;0;0;0;0;0;0;0;0;0;0;0;0;0;0;0;0;0;0;0;0;0;0;0
28.02.2024;07:55;A 41;1;5;20;1;99;0;100;0;0;0;0;9;79;0;65;12;21;10;22;5;89;0;100;0;100;8;40;1;98;0;0;0;0;0;0;0;0;0;0;0;0;1;2;0;0;0;0;0;0;0;0;0;0;0;0;0;0;0;0;0;0;0;0
28.02.2024;07:54;A 41;1;6;74;0;100;0;100;0;0;0;0;4;39;2;95;4;91;4;62;1;98;3;88;0;100;10;44;7;90;0;0;0;0;0;0;0;0;0;0;1;2;0;0;0;0;0;0;0;0;0;0;0;0;0;0;0;0;0;0;0;0;0;0
28.02.2024;07:53;A 41;1;6;28;0;100;0;100;0;0;0;0;13;72;1;60;16;68;8;65;5;83;5;61;0;100;3;23;0;100;0;0;0;0;0;0;0;0;0;0;0;0;0;0;0;0;0;0;0;0;0;0;0;0;0;0;0;0;0;0;0;0;0;0
28.02.2024;07:52;A 41;1;6;44;0;100;0;100;0;0;0;0;6;85;0;77;12;21;10;25;5;86;2;64;0;100;4;88;0;100;0;0;0;0;0;0;0;0;0;0;0;0;1;2;0;0;0;0;0;0;0;0;0;0;0;0;0;0;0;0;0;0;0;0
28.02.2024;07:51;A 41;1;5;59;1;97;0;100;0;0;0;0;9;85;1;26;2;82;1;17;0;100;0;90;0;100;14;67;4;85;0;0;0;0;0;0;0;0;0;0;1;2;0;0;0;0;0;0;0;0;0;0;0;0;0;0;0;0;0;0;0;0;0;0
28.02.2024;07:50;A 41;1;6;58;1;98;0;100;0;0;0;0;1;100;1;1;15;58;8;51;6;86;6;79;4;70;5;71;2;84;0;0;0;0;1;2;0;0;0;0;0;0;0;0;0;0;0;0;0;0;0;0;0;0;0;0;0;0;0;0;0;0;0;0
28.02.2024;07:49;A 41;1;3;8;2;94;0;100;0;0;0;0;10;82;0;0;14;19;11;18;6;90;1;86;4;25;10;83;2;86;2;3;1;2;0;0;0;0;0;0;0;0;0;0;0;0;0;0;0;0;0;0;0;0;0;0;0;0;0;0;0;0;0;0
28.02.2024;07:48;A 41;1;5;15;0;100;0;100;0;0;0;0;4;52;2;11;4;95;5;61;2;96;3;78;1;68;11;42;0;100;0;0;0;0;0;0;0;0;1;2;0;0;0;0;0;0;0;0;0;0;0;0;0;0;0;0;0;0;0;0;0;0;0;0
28.02.2024;07:47;A 41;1;2;73;2;96;0;100;0;0;0;0;3;5;0;0;13;73;8;56;5;72;3;79;0;100;2;73;0;100;0;0;0;0;0;0;0;0;0;0;0;0;0;0;0;0;0;0;0;0;0;0;0;0;0;0;0;0;0;0;0;0;0;0
28.02.2024;07:46;A 41;1;6;66;2;88;0;100;0;0;0;0;10;53;1;5;11;42;9;33;3;33;2;47;5;79;10;85;0;100;0;0;0;0;0;0;0;0;0;0;0;0;0;0;0;0;0;0;0;0;0;0;0;0;0;0;0;0;0;0;0;0;0;0
28.02.2024;07:45;A 41;1;4;58;6;45;1;85;0;0;0;0;9;27;0;0;2;58;1;18;1;86;0;98;0;84;17;62;6;90;0;0;0;0;0;0;0;0;0;0;0;0;0;0;0;0;0;0;0;0;0;0;0;0;0;0;0;0;0;0;0;0;0;0
28.02.2024;07:44;A 41;1;2;62;1;66;0;92;0;0;0;0;1;84;1;0;5;56;6;57;2;71;2;96;1;95;7;67;4;81;0;0;0;0;0;0;0;0;0;0;0;0;0;0;0;0;0;0;0;0;0;0;0;0;0;0;0;0;0;0;0;0;0;0
28.02.2024;07:43;A 41;1;4;30;8;36;0;100;0;0;0;0;6;75;1;1;7;59;6;8;4;93;0;100;0;100;7;79;1;99;0;0;0;0;0;0;0;0;0;0;0;0;1;2;0;0;0;0;0;0;0;0;0;0;0;0;0;0;0;0;0;0;0;0
28.02.2024;07:42;A 41;1;3;87;2;70;0;100;0;0;0;0;12;49;0;0;3;78;3;48;2;69;2;91;1;100;15;48;2;89;0;0;0;0;0;0;0;0;0;0;1;2;0;0;0;0;0;0;0;0;0;0;0;0;0;0;0;0;0;0;0;0;0;0
28.02.2024;07:41;A 41;1;2;65;3;30;0;100;0;0;0;0;1;97;0;0;11;58;8;53;7;60;0;100;2;82;6;84;2;88;0;0;0;0;0;0;0;0;0;0;1;2;1;2;0;0;0;0;0;0;0;0;0;0;0;0;0;0;0;0;0;0;0;0
28.02.2024;07:40;A 41;1;6;41;4;19;0;100;0;0;0;0;10;78;0;0;6;42;7;32;1;2;1;93;0;100;7;86;1;99;0;0;0;0;0;0;0;0;0;0;0;0;0;0;0;0;0;0;0;0;0;0;0;0;0;0;0;0;0;0;0;0;0;0
28.02.2024;07:39;A 41;1;4;72;6;60;1;87;0;0;0;0;13;67;2;16;2;49;0;0;1;32;2;96;1;84;14;53;1;99;0;0;0;0;0;0;0;0;0;0;0;0;0;0;0;0;0;0;0;0;0;0;0;0;0;0;0;0;0;0;0;0;0;0
28.02.2024;07:38;A 41;1;3;33;4;21;0;97;0;0;0;0;3;90;1;0;10;63;8;60;3;56;2;90;0;100;5;72;1;100;0;0;0;0;0;0;0;0;0;0;0;0;0;0;0;0;0;0;0;0;0;0;0;0;0;0;0;0;0;0;0;0;0;0
28.02.2024;07:37;A 41;1;5;24;6;20;2;67;0;0;0;0;10;81;1;1;6;49;8;44;4;54;4;67;2;69;5;69;0;100;0;0;0;0;0;0;0;0;0;0;0;0;0;0;0;0;0;0;0;0;0;0;0;0;0;0;0;0;0;0;0;0;0;0
28.02.2024;07:36;A 41;1;2;77;4;10;1;96;0;0;0;0;10;71;1;72;3;90;3;60;2;41;1;68;5;78;13;38;2;90;0;0;0;0;0;0;0;0;1;2;0;0;0;0;0;0;0;0;0;0;0;0;0;0;0;0;0;0;0;0;0;0;0;0
28.02.2024;07:35;A 41;1;3;17;3;9;0;75;0;0;0;0;0;100;1;95;10;42;4;32;10;66;3;88;1;89;3;78;1;99;0;0;0;0;0;0;0;0;0;0;0;0;0;0;0;0;0;0;0;0;0;0;0;0;0;0;0;0;0;0;0;0;0;0
28.02.2024;07:34;A 41;1;4;13;6;22;0;100;0;0;0;0;11;77;1;1;6;15;4;40;4;92;1;99;0;100;10;78;1;99;0;0;0;0;1;2;0;0;0;0;0;0;0;0;0;0;0;0;0;0;0;0;0;0;0;0;0;0;0;0;0;0;0;0
28.02.2024;07:33;A 41;1;5;16;4;13;0;100;0;0;0;0;7;83;0;2;5;82;2;95;3;93;2;43;1;90;2;51;3;77;1;2;1;2;0;0;0;0;0;0;0;0;0;0;0;0;0;0;0;0;0;0;0;0;0;0;0;0;0;0;0;0;0;0
28.02.2024;07:32;A 41;1;4;56;1;50;0;100;0;0;0;0;3;94;1;2;11;68;9;60;5;65;2;50;4;59;9;70;1;90;0;0;0;0;0;0;0;0;0;0;1;2;1;2;0;0;0;0;0;0;0;0;0;0;0;0;0;0;0;0;0;0;0;0
28.02.2024;07:31;A 41;1;5;18;8;26;0;100;0;0;0;0;9;76;0;0;6;52;4;46;1;3;0;100;3;38;5;80;0;100;0;0;0;0;0;0;0;0;0;0;0;0;1;2;0;0;0;0;0;0;0;0;0;0;0;0;0;0;0;0;0;0;0;0
28.02.2024;07:30;A 41;1;4;15;6;24;1;58;0;0;0;0;10;78;0;14;4;91;4;68;2;28;0;100;0;88;12;57;3;96;0;0;0;0;0;0;0;0;0;0;1;2;0;0;0;0;0;0;0;0;0;0;0;0;0;0;0;0;0;0;0;0;0;0
28.02.2024;07:29;A 41;1;3;34;3;11;0;88;0;0;0;0;1;96;1;77;12;60;6;35;8;66;0;100;2;29;7;78;1;49;0;0;0;0;0;0;0;0;0;0;0;0;0;0;0;0;0;0;0;0;0;0;0;0;0;0;0;0;0;0;0;0;0;0
28.02.2024;07:28;A 41;1;2;7;3;9;2;62;0;0;0;0;13;79;0;0;5;13;1;2;1;6;0;100;2;57;8;81;1;81;0;0;0;0;0;0;0;0;0;0;0;0;0;0;0;0;0;0;0;0;0;0;0;0;0;0;0;0;0;0;0;0;0;0
28.02.2024;07:27;A 41;1;3;90;4;68;1;61;0;0;0;0;7;82;0;14;3;75;4;34;2;80;0;100;3;56;15;64;1;68;0;0;0;0;1;2;0;0;0;0;0;0;0;0;0;0;0;0;0;0;0;0;0;0;0;0;0;0;0;0;0;0;0;0
28.02.2024;07:26;A 41;1;1;73;3;60;0;84;0;0;0;0;1;49;1;55;8;62;8;58;6;82;0;100;4;27;5;74;2;50;1;2;1;2;0;0;0;0;0;0;0;0;0;0;0;0;0;0;0;0;0;0;0;0;0;0;0;0;0;0;0;0;0;0
28.02.2024;07:25;A 41;1;3;30;5;21;1;41;0;0;0;0;9;76;2;1;12;40;5;35;12;83;0;100;1;67;8;81;0;100;0;0;0;0;0;0;0;0;0;0;0;0;0;0;0;0;0;0;0;0;0;0;0;0;0;0;0;0;0;0;0;0;0;0
28.02.2024;07:24;A 41;1;4;58;6;13;1;52;0;0;0;0;12;73;1;11;9;76;2;79;2;92;3;89;2;27;7;62;1;38;0;0;0;0;0;0;0;0;1;2;0;0;0;0;0;0;0;0;0;0;0;0;0;0;0;0;0;0;0;0;0;0;0;0
28.02.2024;07:23;A 41;1;0;56;0;54;0;50;0;0;0;0;1;76;0;0;12;70;5;18;5;72;2;97;1;17;4;74;3;52;0;0;0;0;0;0;0;0;0;0;1;2;1;2;0;0;0;0;0;0;0;0;0;0;0;0;0;0;0;0;0;0;0;0
28.02.2024;07:22;A 41;1;1;54;6;32;9;74;0;0;0;0;2;34;0;0;9;59;5;11;3;95;0;100;0;100;8;83;1;99;0;0;0;0;0;0;0;0;0;0;0;0;0;0;0;0;0;0;0;0;0;0;0;0;0;0;0;0;0;0;0;0;0;0
28.02.2024;07:21;A 41;1;3;45;4;11;1;98;0;0;0;0;12;37;0;21;2;84;2;86;1;37;3;78;5;99;6;32;0;100;0;0;0;0;0;0;0;0;0;0;0;0;0;0;0;0;0;0;0;0;0;0;0;0;0;0;0;0;0;0;0;0;0;0
28.02.2024;07:20;A 41;1;1;51;2;8;1;81;0;0;0;0;1;87;1;87;7;51;8;35;2;67;2;27;2;56;5;8;3;77;0;0;0;0;0;0;0;0;0;0;1;2;1;2;0;0;0;0;0;0;0;0;0;0;0;0;0;0;0;0;0;0;0;0
28.02.2024;07:19;A 41;1;5;22;6;14;1;40;0;0;0;0;3;52;1;37;8;19;3;3;7;82;3;64;6;43;5;80;6;79;0;0;0;0;1;2;0;0;0;0;0;0;0;0;0;0;0;0;0;0;0;0;0;0;0;0;0;0;0;0;0;0;0;0
28.02.2024;07:18;A 41;1;3;36;4;26;1;55;0;0;0;0;6;21;0;0;4;80;2;20;3;38;0;93;2;78;15;61;4;71;1;2;1;2;0;0;0;0;0;0;0;0;0;0;0;0;0;0;0;0;0;0;0;0;0;0;0;0;0;0;0;0;0;0
28.02.2024;07:17;A 41;1;1;66;2;89;0;100;0;0;0;0;1;67;0;0;9;57;3;52;0;47;1;96;5;48;7;79;2;60;0;0;0;0;0;0;0;0;0;0;0;0;0;0;0;0;0;0;0;0;0;0;0;0;0;0;0;0;0;0;0;0;0;0
28.02.2024;07:16;A 41;1;2;35;2;23;1;74;0;0;0;0;7;68;2;33;2;11;1;23;7;51;3;83;2;75;10;53;0;100;0;0;0;0;0;0;0;0;0;0;0;0;0;0;0;0;0;0;0;0;0;0;0;0;0;0;0;0;0;0;0;0;0;0
28.02.2024;07:15;A 41;1;4;28;4;42;1;96;0;0;0;0;11;32;2;10;2;62;0;0;1;38;0;74;2;46;9;34;4;39;0;0;0;0;0;0;0;0;0;0;0;0;0;0;0;0;0;0;0;0;0;0;0;0;0;0;0;0;0;0;0;0;0;0
28.02.2024;07:14;A 41;1;1;53;2;49;0;66;0;0;0;0;1;91;0;0;9;42;5;5;7;78;1;95;2;34;2;72;4;76;0;0;0;0;0;0;0;0;0;0;0;0;0;0;0;0;0;0;0;0;0;0;0;0;0;0;0;0;0;0;0;0;0;0
28.02.2024;07:13;A 41;1;3;55;6;28;0;100;0;0;0;0;4;67;1;41;6;44;8;13;2;95;0;100;6;58;10;60;2;91;0;0;0;0;0;0;0;0;1;2;0;0;1;2;0;0;0;0;0;0;0;0;0;0;0;0;0;0;0;0;0;0;0;0
28.02.2024;07:12;A 41;1;5;75;4;16;1;92;0;0;0;0;8;34;1;3;4;84;3;42;3;23;2;83;2;27;10;39;2;32;0;0;0;0;0;0;0;0;0;0;1;2;0;0;0;0;0;0;0;0;0;0;0;0;0;0;0;0;0;0;0;0;0;0
28.02.2024;07:11;A 41;1;2;18;2;61;0;39;0;0;0;0;0;100;0;0;7;52;5;53;5;18;2;95;3;31;2;72;2;85;0;0;0;0;0;0;0;0;0;0;1;2;1;2;0;0;0;0;0;0;0;0;0;0;0;0;0;0;0;0;0;0;0;0
28.02.2024;07:10;A 41;1;3;12;6;34;2;83;0;0;0;0;10;75;1;1;4;11;4;24;6;18;1;77;1;80;6;57;0;100;0;0;0;0;0;0;0;0;0;0;0;0;0;0;0;0;0;0;0;0;0;0;0;0;0;0;0;0;0;0;0;0;0;0
28.02.2024;07:09;A 41;1;4;59;5;55;0;100;0;0;0;0;7;15;0;0;8;68;5;24;2;88;2;57;4;37;8;26;3;30;0;0;0;0;0;0;0;0;0;0;0;0;0;0;0;0;0;0;0;0;0;0;0;0;0;0;0;0;0;0;0;0;0;0
28.02.2024;07:08;A 41;1;2;8;3;8;1;52;0;0;0;0;1;88;0;0;6;47;6;12;1;37;0;100;3;20;4;79;2;40;0;0;0;0;0;0;0;0;0;0;0;0;0;0;0;0;0;0;0;0;0;0;0;0;0;0;0;0;0;0;0;0;0;0
28.02.2024;07:07;A 41;1;5;21;4;10;2;49;0;0;0;0;8;65;1;0;1;29;0;0;1;41;2;95;3;83;8;78;0;100;0;0;0;0;0;0;0;0;0;0;0;0;0;0;0;0;0;0;0;0;0;0;0;0;0;0;0;0;0;0;0;0;0;0
28.02.2024;07:06;A 41;1;3;59;3;38;3;17;0;0;0;0;13;58;1;1;4;82;3;74;0;0;2;76;1;98;15;58;1;72;0;0;0;0;0;0;0;0;0;0;0;0;0;0;0;0;0;0;0;0;0;0;0;0;0;0;0;0;0;0;0;0;0;0
28.02.2024;07:05;A 41;1;2;6;4;8;0;56;0;0;0;0;1;50;1;0;5;30;7;30;6;56;3;67;4;64;2;90;1;63;0;0;0;0;0;0;0;0;0;0;0;0;0;0;0;0;0;0;0;0;0;0;0;0;0;0;0;0;0;0;0;0;0;0
28.02.2024;07:04;A 41;1;1;7;6;12;1;38;0;0;0;0;7;43;2;39;10;51;6;12;5;89;3;48;1;37;3;68;2;63;0;0;0;0;0;0;0;0;1;2;0;0;1;2;0;0;0;0;0;0;0;0;0;0;0;0;0;0;0;0;0;0;0;0
28.02.2024;07:03;A 41;1;2;78;4;15;1;80;0;0;0;0;2;5;1;8;6;84;5;31;3;60;1;78;3;20;13;49;1;41;0;0;0;0;0;0;0;0;0;0;1;2;0;0;0;0;0;0;0;0;0;0;0;0;0;0;0;0;0;0;0;0;0;0
28.02.2024;07:02;A 41;1;2;56;2;6;1;48;0;0;0;0;2;41;1;1;3;55;3;51;0;45;2;98;3;45;3;67;2;6;0;0;0;0;0;0;0;0;0;0;0;0;0;0;0;0;0;0;0;0;0;0;0;0;0;0;0;0;0;0;0;0;0;0
28.02.2024;07:01;A 41;1;3;49;2;4;2;23;0;0;0;0;8;80;1;1;3;50;2;39;1;13;3;21;2;66;2;64;0;81;0;0;0;0;0;0;0;0;0;0;0;0;0;0;0;0;0;0;0;0;0;0;0;0;0;0;0;0;0;0;0;0;0;0
28.02.2024;07:00;A 41;1;3;5;2;5;1;94;0;0;0;0;7;63;0;0;4;88;4;89;1;9;4;67;4;45;8;24;3;47;0;0;0;0;0;0;0;0;0;0;0;0;0;0;0;0;0;0;0;0;0;0;0;0;0;0;0;0;0;0;0;0;0;0
28.02.2024;06:59;A 41;1;1;25;0;0;2;7;0;0;0;0;1;80;0;0;5;45;5;17;7;43;2;74;6;65;1;70;3;67;0;0;0;0;0;0;0;0;0;0;1;2;1;2;0;0;0;0;0;0;0;0;0;0;0;0;0;0;0;0;0;0;0;0
28.02.2024;06:58;A 41;1;5;13;4;8;1;35;0;0;0;0;8;61;2;2;6;51;4;4;3;14;6;78;3;75;7;76;2;58;0;0;0;0;0;0;0;0;0;0;0;0;0;0;0;0;0;0;0;0;0;0;0;0;0;0;0;0;0;0;0;0;0;0
28.02.2024;06:57;A 41;1;2;4;4;7;1;56;0;0;0;0;13;21;1;1;2;59;3;49;1;38;3;26;3;40;3;28;2;52;0;0;0;0;0;0;0;0;0;0;0;0;0;0;0;0;0;0;0;0;0;0;0;0;0;0;0;0;0;0;0;0;0;0
28.02.2024;06:56;A 41;1;5;51;1;54;0;70;0;0;0;0;0;0;1;1;4;41;2;25;3;79;1;32;4;63;3;52;1;45;1;2;1;2;1;2;0;0;0;0;0;0;0;0;0;0;0;0;0;0;0;0;0;0;0;0;0;0;0;0;0;0;0;0
28.02.2024;06:55;A 41;1;2;11;2;5;1;43;0;0;0;0;11;57;1;1;7;21;1;1;4;43;2;78;4;21;10;74;2;6;0;0;0;0;0;0;0;0;0;0;0;0;0;0;0;0;0;0;0;0;0;0;0;0;0;0;0;0;0;0;0;0;0;0
28.02.2024;06:54;A 41;1;3;60;1;8;1;70;0;0;0;0;10;25;0;0;3;83;2;55;2;50;0;100;0;0;14;50;0;13;0;0;0;0;0;0;0;0;0;0;0;0;0;0;0;0;0;0;0;0;0;0;0;0;0;0;0;0;0;0;0;0;0;0
28.02.2024;06:53;A 41;1;3;7;1;1;0;66;0;0;0;0;2;59;2;16;8;40;7;33;3;5;3;59;2;28;4;82;1;22;0;0;0;0;0;0;0;0;1;2;1;2;1;2;0;0;0;0;0;0;0;0;0;0;0;0;0;0;0;0;0;0;0;0
28.02.2024;06:52;A 41;1;4;14;2;14;0;100;0;0;0;0;8;64;1;1;7;11;2;2;2;35;0;100;1;19;8;78;1;3;0;0;0;0;0;0;0;0;0;0;0;0;0;0;0;0;0;0;0;0;0;0;0;0;0;0;0;0;0;0;0;0;0;0
28.02.2024;06:51;A 41;1;2;56;4;30;1;67;0;0;0;0;5;8;0;0;2;82;2;92;2;42;0;100;2;50;11;53;4;51;0;0;0;0;0;0;0;0;0;0;0;0;0;0;0;0;0;0;0;0;0;0;0;0;0;0;0;0;0;0;0;0;0;0
28.02.2024;06:50;A 41;1;2;6;4;11;0;84;0;0;0;0;0;0;1;3;9;50;7;46;4;41;0;100;0;100;3;74;2;79;0;0;0;0;0;0;0;0;0;0;0;0;0;0;0;0;0;0;0;0;0;0;0;0;0;0;0;0;0;0;0;0;0;0
28.02.2024;06:49;A 41;1;4;16;1;3;2;26;0;0;0;0;12;66;0;0;3;35;1;28;0;0;1;99;3;32;9;77;1;99;0;0;0;0;0;0;0;0;0;0;0;0;0;0;0;0;0;0;0;0;0;0;0;0;0;0;0;0;0;0;0;0;0;0
28.02.2024;06:48;A 41;1;2;46;2;5;1;25;0;0;0;0;5;15;1;1;5;72;9;55;1;77;2;75;2;43;3;43;2;20;0;0;0;0;0;0;0;0;0;0;1;2;1;2;0;0;0;0;0;0;0;0;0;0;0;0;0;0;0;0;0;0;0;0
28.02.2024;06:47;A 41;1;2;5;2;3;1;4;0;0;0;0;0;97;0;0;6;30;3;3;5;51;3;66;1;18;1;58;1;76;0;0;0;0;0;0;0;0;0;0;0;0;0;0;0;0;0;0;0;0;0;0;0;0;0;0;0;0;0;0;0;0;0;0
28.02.2024;06:46;A 41;1;2;5;1;2;0;3;0;0;0;0;11;66;0;0;0;0;0;0;1;49;1;91;2;88;10;79;1;70;0;0;0;0;0;0;0;0;0;0;0;0;0;0;0;0;0;0;0;0;0;0;0;0;0;0;0;0;0;0;0;0;0;0
28.02.2024;06:45;A 41;1;3;9;4;10;2;86;0;0;0;0;11;59;0;0;7;57;4;25;0;0;1;58;2;42;3;32;2;8;0;0;0;0;0;0;0;0;0;0;0;0;0;0;0;0;0;0;0;0;0;0;0;0;0;0;0;0;0;0;0;0;0;0
28.02.2024;06:44;A 41;1;1;35;0;0;1;43;0;0;0;0;1;96;1;1;3;33;2;6;4;18;3;45;3;33;5;26;1;45;0;0;0;0;1;2;0;0;0;0;0;0;0;0;0;0;0;0;0;0;0;0;0;0;0;0;0;0;0;0;0;0;0;0
28.02.2024;06:43;A 41;1;3;16;3;13;0;100;0;0;0;0;3;66;2;19;7;54;5;10;3;20;9;96;2;66;8;75;2;55;1;2;1;2;0;0;0;0;1;2;0;0;1;2;0;0;0;0;0;0;0;0;0;0;0;0;0;0;0;0;0;0;0;0
28.02.2024;06:42;A 41;1;3;12;5;35;3;90;0;0;0;0;4;9;0;0;3;77;3;70;2;40;1;67;2;32;11;38;1;12;0;0;0;0;0;0;0;0;0;0;1;2;0;0;0;0;0;0;0;0;0;0;0;0;0;0;0;0;0;0;0;0;0;0
28.02.2024;06:41;A 41;1;3;12;1;12;0;79;0;0;0;0;1;81;0;0;10;40;10;41;6;40;1;100;2;30;1;89;2;63;0;0;0;0;0;0;0;0;0;0;0;0;1;2;0;0;0;0;0;0;0;0;0;0;0;0;0;0;0;0;0;0;0;0
28.02.2024;06:40;A 41;1;1;3;4;13;2;49;0;0;0;0;7;59;0;0;1;32;2;11;0;0;0;97;2;32;7;74;2;3;0;0;0;0;0;0;0;0;0;0;1;2;0;0;0;0;0;0;0;0;0;0;0;0;0;0;0;0;0;0;0;0;0;0
28.02.2024;06:39;A 41;1;3;5;2;60;0;0;0;0;0;0;9;43;0;0;5;49;4;90;1;54;4;77;3;51;5;33;2;70;0;0;0;0;0;0;0;0;0;0;0;0;0;0;0;0;0;0;0;0;0;0;0;0;0;0;0;0;0;0;0;0;0;0
28.02.2024;06:38;A 41;1;1;3;3;5;1;15;0;0;0;0;0;99;0;0;1;1;4;5;4;5;4;51;3;22;0;100;1;100;0;0;0;0;0;0;0;0;0;0;0;0;0;0;0;0;0;0;0;0;0;0;0;0;0;0;0;0;0;0;0;0;0;0
28.02.2024;06:37;A 41;1;1;9;2;3;1;50;0;0;0;0;3;68;2;37;2;2;4;33;3;4;3;50;1;49;4;62;1;60;0;0;0;0;0;0;0;0;0;0;0;0;0;0;0;0;0;0;0;0;0;0;0;0;0;0;0;0;0;0;0;0;0;0
28.02.2024;06:36;A 41;1;2;4;3;7;2;57;0;0;0;0;6;15;0;0;4;54;2;3;2;10;2;74;3;48;10;31;2;7;0;0;0;0;0;0;0;0;0;0;0;0;0;0;0;0;0;0;0;0;0;0;0;0;0;0;0;0;0;0;0;0;0;0
28.02.2024;06:35;A 41;1;1;1;2;3;0;0;0;0;0;0;2;89;0;0;6;8;6;3;1;5;3;76;2;3;5;76;2;73;0;0;0;0;0;0;0;0;0;0;0;0;0;0;0;0;0;0;0;0;0;0;0;0;0;0;0;0;0;0;0;0;0;0
28.02.2024;06:34;A 41;1;2;8;1;2;3;8;0;0;0;0;2;58;1;23;1;37;0;0;1;20;4;67;2;9;4;17;0;0;0;0;0;0;1;2;0;0;0;0;0;0;0;0;0;0;0;0;0;0;0;0;0;0;0;0;0;0;0;0;0;0;0;0
28.02.2024;06:33;A 41;1;4;14;3;9;2;44;0;0;0;0;9;57;1;8;3;62;1;71;0;0;2;55;1;22;5;25;1;42;1;2;1;2;0;0;0;0;1;2;0;0;0;0;0;0;0;0;0;0;0;0;0;0;0;0;0;0;0;0;0;0;0;0
28.02.2024;06:32;A 41;1;2;3;1;1;2;4;0;0;0;0;1;99;0;0;5;4;5;3;0;0;0;100;2;74;0;100;0;100;0;0;0;0;0;0;0;0;0;0;0;0;0;0;0;0;0;0;0;0;0;0;0;0;0;0;0;0;0;0;0;0;0;0
28.02.2024;06:31;A 41;1;3;6;2;4;1;11;0;0;0;0;0;100;1;4;5;9;6;8;4;5;2;94;2;36;1;76;1;68;0;0;0;0;0;0;0;0;0;0;1;2;1;2;0;0;0;0;0;0;0;0;0;0;0;0;0;0;0;0;0;0;0;0
28.02.2024;06:30;A 41;1;2;9;3;5;1;16;0;0;0;0;3;41;0;0;0;0;0;0;2;9;2;39;2;30;1;64;2;49;0;0;0;0;0;0;0;0;0;0;0;0;0;0;0;0;0;0;0;0;0;0;0;0;0;0;0;0;0;0;0;0;0;0
28.02.2024;06:29;A 41;1;3;12;3;8;1;14;0;0;0;0;5;32;0;0;3;4;2;10;1;29;5;81;3;32;4;12;2;21;0;0;0;0;0;0;0;0;0;0;0;0;0;0;0;0;0;0;0;0;0;0;0;0;0;0;0;0;0;0;0;0;0;0
28.02.2024;06:28;A 41;1;3;7;2;6;1;9;0;0;0;0;7;42;1;1;4;46;2;4;2;12;0;68;2;34;6;49;0;54;0;0;0;0;0;0;0;0;0;0;0;0;0;0;0;0;0;0;0;0;0;0;0;0;0;0;0;0;0;0;0;0;0;0
28.02.2024;06:27;A 41;1;2;3;5;11;2;44;0;0;0;0;3;56;0;21;3;29;7;12;3;6;4;48;3;36;4;37;5;39;0;0;0;0;0;0;0;0;0;0;0;0;0;0;0;0;0;0;0;0;0;0;0;0;0;0;0;0;0;0;0;0;0;0
28.02.2024;06:26;A 41;1;7;25;3;17;4;18;0;0;0;0;6;17;1;42;2;16;1;0;2;11;4;42;2;17;3;12;2;16;0;0;0;0;0;0;0;0;0;0;0;0;0;0;0;0;0;0;0;0;0;0;0;0;0;0;0;0;0;0;0;0;0;0
28.02.2024;06:25;A 41;1;4;10;1;1;1;3;0;0;0;0;2;44;1;12;5;29;6;10;2;2;3;38;2;20;1;57;2;40;0;0;0;0;0;0;0;0;0;0;0;0;0;0;0;0;0;0;0;0;0;0;0;0;0;0;0;0;0;0;0;0;0;0
28.02.2024;06:24;A 41;1;0;0;2;3;2;4;0;0;0;0;7;87;2;3;3;44;3;17;4;14;4;30;3;41;2;52;2;45;0;0;0;0;1;2;0;0;0;0;0;0;1;2;0;0;0;0;0;0;0;0;0;0;0;0;0;0;0;0;0;0;0;0
28.02.2024;06:23;A 41;1;3;13;2;6;1;18;0;0;0;0;0;0;0;63;2;48;1;32;2;15;2;79;4;50;6;36;1;47;1;2;1;2;0;0;0;0;0;0;1;2;0;0;0;0;0;0;0;0;0;0;0;0;0;0;0;0;0;0;0;0;0;0
28.02.2024;06:22;A 41;1;3;6;2;8;2;18;0;0;0;0;6;52;2;27;2;6;2;6;0;0;1;74;3;29;7;76;1;68;0;0;0;0;0;0;0;0;1;2;1;2;1;2;0;0;0;0;0;0;0;0;0;0;0;0;0;0;0;0;0;0;0;0
28.02.2024;06:21;A 41;1;1;2;2;4;0;0;0;0;0;0;1;1;0;0;3;3;3;2;3;14;2;25;1;9;4;40;2;22;0;0;0;0;0;0;0;0;0;0;0;0;0;0;0;0;0;0;0;0;0;0;0;0;0;0;0;0;0;0;0;0;0;0
28.02.2024;06:20;A 41;1;0;0;1;1;1;3;0;0;0;0;7;26;0;19;8;65;6;61;3;60;3;56;2;11;4;68;1;30;0;0;0;0;0;0;0;0;0;0;0;0;0;0;0;0;0;0;0;0;0;0;0;0;0;0;0;0;0;0;0;0;0;0
28.02.2024;06:19;A 41;1;4;11;1;2;1;3;0;0;0;0;1;60;1;73;2;31;4;28;3;4;5;35;4;31;3;71;3;9;0;0;0;0;0;0;0;0;0;0;0;0;0;0;0;0;0;0;0;0;0;0;0;0;0;0;0;0;0;0;0;0;0;0
28.02.2024;06:18;A 41;1;1;12;1;3;0;0;0;0;0;0;6;43;0;0;5;46;1;2;2;24;1;35;2;20;2;42;1;24;0;0;0;0;0;0;0;0;0;0;0;0;0;0;0;0;0;0;0;0;0;0;0;0;0;0;0;0;0;0;0;0;0;0
28.02.2024;06:17;A 41;1;6;10;1;3;0;1;0;0;0;0;6;68;0;0;2;29;3;17;1;1;1;23;2;23;3;5;2;46;0;0;0;0;0;0;0;0;0;0;0;0;0;0;0;0;0;0;0;0;0;0;0;0;0;0;0;0;0;0;0;0;0;0
28.02.2024;06:16;A 41;1;1;1;2;9;2;7;0;0;0;0;2;2;1;2;2;4;3;50;2;3;1;40;2;16;5;58;0;69;0;0;0;0;0;0;0;0;0;0;0;0;0;0;0;0;0;0;0;0;0;0;0;0;0;0;0;0;0;0;0;0;0;0
28.02.2024;06:15;A 41;1;0;0;3;9;2;26;0;0;0;0;2;3;0;0;6;40;3;2;2;37;1;19;3;63;1;42;2;60;0;0;0;0;0;0;0;0;0;0;0;0;0;0;0;0;0;0;0;0;0;0;0;0;0;0;0;0;0;0;0;0;0;0
28.02.2024;06:14;A 41;1;2;9;4;7;3;7;0;0;0;0;2;34;0;0;2;2;1;0;0;0;1;27;2;28;1;41;2;18;1;2;1;2;1;2;0;0;0;0;0;0;0;0;0;0;0;0;0;0;0;0;0;0;0;0;0;0;0;0;0;0;0;0
28.02.2024;06:13;A 41;1;1;2;0;0;0;0;0;0;0;0;7;45;0;0;3;46;4;16;1;14;4;42;2;37;3;32;4;18;0;0;0;0;0;0;0;0;0;0;0;0;0;0;0;0;0;0;0;0;0;0;0;0;0;0;0;0;0;0;0;0;0;0
28.02.2024;06:12;A 41;1;0;0;0;0;0;0;0;0;0;0;2;63;2;11;6;35;3;37;1;26;4;63;4;29;7;68;2;3;0;0;0;0;0;0;0;0;1;2;1;2;1;2;0;0;0;0;0;0;0;0;0;0;0;0;0;0;0;0;0;0;0;0
28.02.2024;06:11;A 41;1;1;1;1;2;1;33;0;0;0;0;1;66;1;1;7;36;0;0;1;31;2;66;2;17;5;41;2;11;0;0;0;0;0;0;0;0;0;0;0;0;0;0;0;0;0;0;0;0;0;0;0;0;0;0;0;0;0;0;0;0;0;0
28.02.2024;06:10;A 41;1;0;0;1;1;1;7;0;0;0;0;5;44;0;0;4;13;3;2;5;31;4;68;3;59;3;60;1;96;0;0;0;0;0;0;0;0;0;0;0;0;0;0;0;0;0;0;0;0;0;0;0;0;0;0;0;0;0;0;0;0;0;0
28.02.2024;06:09;A 41;1;1;1;2;5;1;3;0;0;0;0;1;47;1;0;1;27;1;1;1;28;3;64;1;52;6;76;6;12;0;0;0;0;0;0;0;0;0;0;0;0;0;0;0;0;0;0;0;0;0;0;0;0;0;0;0;0;0;0;0;0;0;0
28.02.2024;06:08;A 41;1;3;6;0;0;0;0;0;0;0;0;6;52;0;0;3;28;5;28;2;27;7;93;4;20;8;82;1;2;0;0;0;0;0;0;0;0;0;0;0;0;0;0;0;0;0;0;0;0;0;0;0;0;0;0;0;0;0;0;0;0;0;0
28.02.2024;06:07;A 41;1;2;5;1;1;0;0;0;0;0;0;1;71;0;0;1;2;2;3;1;1;3;62;2;10;4;69;2;24;0;0;0;0;0;0;0;0;0;0;1;2;1;2;0;0;0;0;0;0;0;0;0;0;0;0;0;0;0;0;0;0;0;0
28.02.2024;06:06;A 41;1;0;0;0;0;1;2;0;0;0;0;2;43;0;0;2;23;2;2;1;1;2;36;3;31;6;38;1;18;0;0;0;0;0;0;0;0;0;0;0;0;0;0;0;0;0;0;0;0;0;0;0;0;0;0;0;0;0;0;0;0;0;0
28.02.2024;06:05;A 41;1;1;1;2;4;1;7;0;0;0;0;1;26;0;0;2;2;3;1;4;5;1;15;1;25;2;40;2;25;0;0;0;0;0;0;0;0;0;0;0;0;0;0;0;0;0;0;0;0;0;0;0;0;0;0;0;0;0;0;0;0;0;0
28.02.2024;06:04;A 41;1;2;3;1;3;2;26;0;0;0;0;2;22;0;0;1;33;2;37;0;0;4;77;10;39;5;53;2;45;0;0;0;0;0;0;0;0;0;0;0;0;0;0;0;0;0;0;0;0;0;0;0;0;0;0;0;0;0;0;0;0;0;0
28.02.2024;06:03;A 41;1;1;2;2;2;1;2;0;0;0;0;2;76;0;0;2;24;4;2;1;3;4;54;4;47;3;83;2;84;0;0;0;0;0;0;0;0;0;0;0;0;0;0;0;0;0;0;0;0;0;0;0;0;0;0;0;0;0;0;0;0;0;0
28.02.2024;06:02;A 41;1;1;1;1;1;1;2;0;0;0;0;2;70;1;1;1;33;2;1;3;4;4;60;3;12;6;32;2;64;0;0;0;0;0;0;0;0;0;0;0;0;0;0;0;0;0;0;0;0;0;0;0;0;0;0;0;0;0;0;0;0;0;0
28.02.2024;06:01;A 41;1;2;3;0;0;0;0;0;0;0;0;1;61;0;0;2;20;2;1;3;25;2;11;1;12;1;6;2;24;0;0;0;0;0;0;0;0;0;0;0;0;0;0;0;0;0;0;0;0;0;0;0;0;0;0;0;0;0;0;0;0;0;0
28.02.2024;06:00;A 41;1;0;0;2;3;2;61;0;0;0;0;6;46;0;0;1;54;0;49;2;14;4;35;0;0;5;7;0;0;0;0;0;0;0;0;0;0;0;0;0;0;0;0;0;0;0;0;0;0;0;0;0;0;0;0;0;0;0;0;0;0;0;0
28.02.2024;05:59;A 41;1;0;0;1;2;1;11;0;0;0;0;2;22;2;3;2;56;3;15;1;55;1;24;2;10;2;28;1;31;0;0;0;0;0;0;0;0;0;0;0;0;0;0;0;0;0;0;0;0;0;0;0;0;0;0;0;0;0;0;0;0;0;0
28.02.2024;05:58;A 41;1;2;5;2;3;1;2;0;0;0;0;5;40;1;4;5;60;0;80;1;73;3;41;1;10;3;22;1;60;0;0;0;0;0;0;0;0;1;2;0;0;0;0;0;0;0;0;0;0;0;0;0;0;0;0;0;0;0;0;0;0;0;0
28.02.2024;05:57;A 41;1;3;8;2;3;3;10;0;0;0;0;3;90;1;4;5;8;6;8;2;2;4;48;2;25;3;66;1;21;0;0;0;0;0;0;0;0;0;0;1;2;1;2;0;0;0;0;0;0;0;0;0;0;0;0;0;0;0;0;0;0;0;0
28.02.2024;05:56;A 41;1;0;0;4;13;2;7;0;0;0;0;4;32;2;18;2;8;1;0;2;13;1;18;1;19;4;9;2;52;0;0;0;0;0;0;0;0;0;0;0;0;0;0;0;0;0;0;0;0;0;0;0;0;0;0;0;0;0;0;0;0;0;0
28.02.2024;05:55;A 41;1;1;2;1;6;1;4;0;0;0;0;5;63;0;55;2;46;4;7;2;48;2;21;5;37;5;56;1;83;0;0;0;0;0;0;0;0;0;0;1;2;1;2;0;0;0;0;0;0;0;0;0;0;0;0;0;0;0;0;0;0;0;0
28.02.2024;05:54;A 41;1;2;3;1;2;0;0;0;0;0;0;1;45;1;58;6;25;3;3;6;31;2;8;1;13;0;0;1;2;0;0;0;0;0;0;0;0;0;0;0;0;0;0;0;0;0;0;0;0;0;0;0;0;0;0;0;0;0;0;0;0;0;0
28.02.2024;05:53;A 41;1;3;7;0;0;0;0;0;0;0;0;6;17;0;0;2;39;2;1;2;45;1;22;0;6;6;28;1;16;0;0;0;0;0;0;0;0;0;0;0;0;0;0;0;0;0;0;0;0;0;0;0;0;0;0;0;0;0;0;0;0;0;0
28.02.2024;05:52;A 41;1;0;0;0;0;0;0;0;0;0;0;4;53;0;0;8;19;5;4;4;7;1;67;2;40;2;44;1;64;0;0;0;0;0;0;0;0;0;0;0;0;0;0;0;0;0;0;0;0;0;0;0;0;0;0;0;0;0;0;0;0;0;0
28.02.2024;05:51;A 41;1;1;4;1;2;0;0;0;0;0;0;6;21;0;0;3;2;5;18;3;24;1;22;2;36;1;5;2;29;0;0;0;0;0;0;0;0;0;0;0;0;0;0;0;0;0;0;0;0;0;0;0;0;0;0;0;0;0;0;0;0;0;0
28.02.2024;05:50;A 41;1;0;0;0;0;0;0;0;0;0;0;5;21;1;0;0;2;0;1;0;1;1;18;2;16;4;33;5;28;0;0;0;0;0;0;0;0;0;0;0;0;0;0;0;0;0;0;0;0;0;0;0;0;0;0;0;0;0;0;0;0;0;0
28.02.2024;05:49;A 41;1;2;3;5;13;1;38;0;0;0;0;4;27;1;1;6;28;7;5;5;12;4;42;3;23;2;5;2;3;0;0;0;0;0;0;0;0;0;0;0;0;0;0;0;0;0;0;0;0;0;0;0;0;0;0;0;0;0;0;0;0;0;0
28.02.2024;05:48;A 41;1;0;0;0;0;0;0;0;0;0;0;3;13;0;0;4;34;2;14;3;8;1;26;1;10;3;51;2;2;0;0;0;0;0;0;0;0;0;0;0;0;0;0;0;0;0;0;0;0;0;0;0;0;0;0;0;0;0;0;0;0;0;0
28.02.2024;05:47;A 41;1;1;2;2;4;1;53;0;0;0;0;0;0;1;12;1;41;1;32;2;35;4;42;2;16;4;13;2;3;0;0;0;0;0;0;0;0;0;0;0;0;0;0;0;0;0;0;0;0;0;0;0;0;0;0;0;0;0;0;0;0;0;0
28.02.2024;05:46;A 41;1;3;7;2;5;1;12;0;0;0;0;6;40;0;0;1;15;2;20;0;0;1;18;3;37;1;3;4;18;0;0;0;0;0;0;0;0;0;0;0;0;0;0;0;0;0;0;0;0;0;0;0;0;0;0;0;0;0;0;0;0;0;0
28.02.2024;05:45;A 41;1;1;2;2;5;2;26;0;0;0;0;4;13;2;34;5;24;5;33;3;13;2;19;2;9;1;34;0;42;0;0;0;0;0;0;0;0;0;0;0;0;0;0;0;0;0;0;0;0;0;0;0;0;0;0;0;0;0;0;0;0;0;0
28.02.2024;05:44;A 41;1;1;2;1;2;1;23;0;0;0;0;2;2;0;0;5;46;2;6;3;64;2;47;3;31;7;57;2;8;0;0;0;0;0;0;0;0;0;0;0;0;0;0;0;0;0;0;0;0;0;0;0;0;0;0;0;0;0;0;0;0;0;0
28.02.2024;05:43;A 41;1;1;3;1;2;2;9;0;0;0;0;4;17;1;4;4;50;2;2;5;34;2;7;1;2;1;2;1;33;0;0;0;0;0;0;0;0;1;2;0;0;0;0;0;0;0;0;0;0;0;0;0;0;0;0;0;0;0;0;0;0;0;0
28.02.2024;05:42;A 41;1;0;0;0;0;0;0;0;0;0;0;3;37;0;0;4;8;3;6;2;2;3;21;1;4;0;82;1;79;0;0;0;0;0;0;0;0;0;0;1;2;1;2;0;0;0;0;0;0;0;0;0;0;0;0;0;0;0;0;0;0;0;0
28.02.2024;05:41;A 41;1;4;17;1;1;0;0;0;0;0;0;2;29;1;1;3;12;4;17;4;17;2;33;2;15;4;31;2;3;0;0;0;0;1;2;0;0;0;0;0;0;0;0;0;0;0;0;0;0;0;0;0;0;0;0;0;0;0;0;0;0;0;0
28.02.2024;05:40;A 41;1;0;0;1;1;1;4;0;0;0;0;2;25;1;1;3;28;4;38;2;37;4;28;1;13;3;36;2;10;1;2;1;2;0;0;0;0;0;0;0;0;0;0;0;0;0;0;0;0;0;0;0;0;0;0;0;0;0;0;0;0;0;0
28.02.2024;05:39;A 41;1;1;1;0;0;0;0;0;0;0;0;6;10;0;0;2;44;1;42;4;43;3;40;0;73;5;8;2;70;0;0;0;0;0;0;0;0;0;0;0;0;0;0;0;0;0;0;0;0;0;0;0;0;0;0;0;0;0;0;0;0;0;0
28.02.2024;05:38;A 41;1;1;2;0;0;0;0;0;0;0;0;4;93;0;0;3;7;6;35;2;3;3;71;3;35;2;98;1;88;0;0;0;0;0;0;0;0;0;0;1;2;1;2;0;0;0;0;0;0;0;0;0;0;0;0;0;0;0;0;0;0;0;0
28.02.2024;05:37;A 41;1;0;0;2;3;2;4;0;0;0;0;7;72;1;1;4;23;3;5;1;1;4;43;1;11;2;58;0;0;0;0;0;0;0;0;0;0;0;0;0;0;0;0;0;0;0;0;0;0;0;0;0;0;0;0;0;0;0;0;0;0;0;0
28.02.2024;05:36;A 41;1;0;0;1;2;1;2;0;0;0;0;1;29;0;0;2;24;2;4;0;0;2;21;1;2;2;5;0;37;0;0;0;0;0;0;0;0;0;0;0;0;0;0;0;0;0;0;0;0;0;0;0;0;0;0;0;0;0;0;0;0;0;0
28.02.2024;05:35;A 41;1;2;3;0;0;0;0;0;0;0;0;2;12;0;0;2;25;1;22;0;0;0;0;2;22;0;0;3;10;0;0;0;0;0;0;0;0;0;0;0;0;0;0;0;0;0;0;0;0;0;0;0;0;0;0;0;0;0;0;0;0;0;0
28.02.2024;05:34;A 41;1;0;0;1;3;1;5;0;0;0;0;1;74;1;1;2;10;0;11;4;42;1;9;1;10;1;1;2;4;0;0;0;0;0;0;0;0;0;0;0;0;0;0;0;0;0;0;0;0;0;0;0;0;0;0;0;0;0;0;0;0;0;0
28.02.2024;05:33;A 41;1;0;0;1;2;1;3;0;0;0;0;5;73;1;4;3;29;4;23;4;23;3;47;2;35;1;82;2;36;0;0;0;0;0;0;0;0;0;0;1;2;1;2;0;0;0;0;0;0;0;0;0;0;0;0;0;0;0;0;0;0;0;0
28.02.2024;05:32;A 41;1;0;0;1;1;1;2;0;0;0;0;2;24;1;1;2;2;3;2;1;1;3;45;0;0;6;14;0;0;0;0;0;0;0;0;0;0;0;0;0;0;0;0;0;0;0;0;0;0;0;0;0;0;0;0;0;0;0;0;0;0;0;0
28.02.2024;05:31;A 41;1;1;2;1;2;2;3;0;0;0;0;5;32;0;0;3;28;4;12;1;13;2;23;0;0;2;32;0;0;0;0;0;0;0;0;0;0;0;0;0;0;0;0;0;0;0;0;0;0;0;0;0;0;0;0;0;0;0;0;0;0;0;0
28.02.2024;05:30;A 41;1;0;0;1;3;0;0;0;0;0;0;1;37;0;0;1;53;1;16;0;0;3;38;1;17;1;3;1;15;0;0;0;0;0;0;0;0;0;0;0;0;0;0;0;0;0;0;0;0;0;0;0;0;0;0;0;0;0;0;0;0;0;0
28.02.2024;05:29;A 41;1;4;7;0;0;0;0;0;0;0;0;2;13;1;44;1;1;0;0;3;44;1;10;0;0;1;3;0;0;0;0;0;0;0;0;0;0;0;0;0;0;0;0;0;0;0;0;0;0;0;0;0;0;0;0;0;0;0;0;0;0;0;0
28.02.2024;05:28;A 41;1;1;2;0;0;0;0;0;0;0;0;1;35;1;4;4;50;2;45;1;41;1;9;0;0;1;2;0;0;0;0;0;0;0;0;0;0;1;2;0;0;0;0;0;0;0;0;0;0;0;0;0;0;0;0;0;0;0;0;0;0;0;0
28.02.2024;05:27;A 41;1;0;0;0;0;0;0;0;0;0;0;0;0;0;0;2;8;2;4;1;10;1;12;3;22;3;6;0;0;0;0;0;0;0;0;0;0;0;0;0;0;0;0;0;0;0;0;0;0;0;0;0;0;0;0;0;0;0;0;0;0;0;0
28.02.2024;05:26;A 41;1;1;5;0;0;0;7;0;0;0;0;3;14;0;0;4;25;2;3;3;48;5;30;0;21;2;5;3;51;0;0;1;2;1;2;0;0;0;0;0;0;0;0;0;0;0;0;0;0;0;0;0;0;0;0;0;0;0;0;0;0;0;0
28.02.2024;05:25;A 41;1;1;2;1;2;1;3;0;0;0;0;3;11;0;0;2;3;0;0;0;0;1;8;3;20;2;7;1;3;1;2;0;0;0;0;0;0;0;0;0;0;0;0;0;0;0;0;0;0;0;0;0;0;0;0;0;0;0;0;0;0;0;0
28.02.2024;05:24;A 41;1;0;0;0;0;0;0;0;0;0;0;1;8;0;0;2;20;1;1;1;9;0;0;1;12;0;35;1;8;0;0;0;0;0;0;0;0;0;0;0;0;0;0;0;0;0;0;0;0;0;0;0;0;0;0;0;0;0;0;0;0;0;0
28.02.2024;05:23;A 41;1;0;0;1;2;0;0;0;0;0;0;0;0;0;0;2;47;1;4;0;10;3;54;4;41;4;14;4;15;0;0;0;0;0;0;0;0;0;0;0;0;0;0;0;0;0;0;0;0;0;0;0;0;0;0;0;0;0;0;0;0;0;0
28.02.2024;05:22;A 41;1;1;1;0;0;0;0;0;0;0;0;2;23;0;0;0;15;3;17;1;12;0;0;0;0;0;0;0;0;0;0;0;0;0;0;0;0;0;0;0;0;0;0;0;0;0;0;0;0;0;0;0;0;0;0;0;0;0;0;0;0;0;0
28.02.2024;05:21;A 41;1;1;2;0;0;0;0;0;0;0;0;1;14;1;1;3;23;1;1;0;0;1;24;0;0;5;30;0;0;0;0;0;0;0;0;0;0;0;0;0;0;0;0;0;0;0;0;0;0;0;0;0;0;0;0;0;0;0;0;0;0;0;0
28.02.2024;05:20;A 41;1;1;1;0;0;0;0;0;0;0;0;0;10;0;0;1;29;0;0;1;23;1;9;2;7;0;0;0;11;0;0;0;0;0;0;0;0;0;0;0;0;0;0;0;0;0;0;0;0;0;0;0;0;0;0;0;0;0;0;0;0;0;0
28.02.2024;05:19;A 41;1;1;2;0;0;0;0;0;0;0;0;2;16;0;0;2;7;0;0;1;7;0;0;1;13;0;0;1;10;0;0;0;0;0;0;0;0;0;0;0;0;0;0;0;0;0;0;0;0;0;0;0;0;0;0;0;0;0;0;0;0;0;0
28.02.2024;05:18;A 41;1;0;0;0;0;0;0;0;0;0;0;0;0;1;1;1;5;0;0;2;27;1;36;1;18;4;8;2;6;0;0;0;0;0;0;0;0;0;0;0;0;0;0;0;0;0;0;0;0;0;0;0;0;0;0;0;0;0;0;0;0;0;0
28.02.2024;05:17;A 41;1;0;0;0;0;0;0;0;0;0;0;2;29;1;4;1;4;1;63;1;1;1;3;1;24;0;0;2;28;0;0;0;0;0;0;0;0;0;0;0;0;1;2;0;0;0;0;0;0;0;0;0;0;0;0;0;0;0;0;0;0;0;0
28.02.2024;05:16;A 41;1;0;0;0;0;0;0;0;0;0;0;1;88;0;0;3;5;3;4;1;1;1;14;2;19;0;0;2;27;0;0;0;0;0;0;0;0;0;0;1;2;0;0;0;0;0;0;0;0;0;0;0;0;0;0;0;0;0;0;0;0;0;0
28.02.2024;05:15;A 41;1;0;0;0;0;0;0;0;0;0;0;0;0;0;0;0;0;0;0;0;26;1;6;0;0;0;0;0;0;0;0;0;0;0;0;0;0;0;0;0;0;0;0;0;0;0;0;0;0;0;0;0;0;0;0;0;0;0;0;0;0;0;0
28.02.2024;05:14;A 41;1;0;0;2;3;2;5;0;0;0;0;1;15;0;0;1;1;2;2;3;7;1;0;1;7;0;0;2;6;0;0;0;0;0;0;0;0;0;0;0;0;0;0;0;0;0;0;0;0;0;0;0;0;0;0;0;0;0;0;0;0;0;0
28.02.2024;05:13;A 41;1;2;5;0;0;0;18;0;0;0;0;1;42;1;12;3;51;2;43;2;25;1;10;0;0;2;20;0;63;0;0;0;0;0;0;0;0;1;2;0;0;0;0;0;0;0;0;0;0;0;0;0;0;0;0;0;0;0;0;0;0;0;0
28.02.2024;05:12;A 41;1;0;0;1;6;0;100;0;0;0;0;1;1;0;0;0;0;1;34;1;72;1;9;3;25;0;0;1;21;0;0;0;0;0;0;0;0;0;0;0;0;0;0;0;0;0;0;0;0;0;0;0;0;0;0;0;0;0;0;0;0;0;0
28.02.2024;05:11;A 41;1;4;24;2;12;1;13;0;0;0;0;1;46;0;0;0;0;0;0;0;0;0;0;0;0;0;0;0;0;0;0;0;0;0;0;0;0;0;0;0;0;0;0;0;0;0;0;0;0;0;0;0;0;0;0;0;0;0;0;0;0;0;0
28.02.2024;05:10;A 41;1;0;0;0;0;0;0;0;0;0;0;1;44;0;0;1;9;2;1;1;11;0;0;1;11;0;0;2;3;0;0;0;0;0;0;0;0;0;0;0;0;0;0;0;0;0;0;0;0;0;0;0;0;0;0;0;0;0;0;0;0;0;0
28.02.2024;05:09;A 41;1;0;0;0;0;0;0;0;0;0;0;2;4;1;1;3;19;1;1;1;11;2;14;2;28;1;2;3;24;0;0;0;0;0;0;0;0;0;0;0;0;0;0;0;0;0;0;0;0;0;0;0;0;0;0;0;0;0;0;0;0;0;0
28.02.2024;05:08;A 41;1;3;7;0;0;0;0;0;0;0;0;1;49;1;1;4;7;4;6;1;2;0;10;0;0;1;5;1;45;0;0;0;0;0;0;0;0;0;0;1;2;1;2;0;0;0;0;0;0;0;0;0;0;0;0;0;0;0;0;0;0;0;0
28.02.2024;05:07;A 41;1;0;0;0;0;0;0;0;0;0;0;0;100;1;1;1;2;1;1;0;0;1;5;2;22;1;1;2;35;0;0;0;0;0;0;0;0;0;0;0;0;0;0;0;0;0;0;0;0;0;0;0;0;0;0;0;0;0;0;0;0;0;0
28.02.2024;05:06;A 41;1;0;0;0;0;0;0;0;0;0;0;1;13;0;0;0;0;0;0;0;0;2;14;0;0;3;3;0;0;0;0;0;0;0;0;0;0;0;0;0;0;0;0;0;0;0;0;0;0;0;0;0;0;0;0;0;0;0;0;0;0;0;0
28.02.2024;05:05;A 41;1;1;1;0;0;0;0;0;0;0;0;0;0;0;0;2;14;0;0;0;0;1;8;0;0;2;10;0;0;0;0;0;0;0;0;0;0;0;0;0;0;0;0;0;0;0;0;0;0;0;0;0;0;0;0;0;0;0;0;0;0;0;0
28.02.2024;05:04;A 41;1;0;0;1;2;0;0;0;0;0;0;2;35;0;0;1;1;1;0;0;0;1;6;1;4;0;0;1;7;0;0;0;0;0;0;0;0;0;0;0;0;0;0;0;0;0;0;0;0;0;0;0;0;0;0;0;0;0;0;0;0;0;0
28.02.2024;05:03;A 41;1;0;0;0;0;0;0;0;0;0;0;2;21;2;6;0;0;0;0;0;0;1;10;0;0;4;30;0;21;0;0;0;0;0;0;0;0;0;0;0;0;0;0;0;0;0;0;0;0;0;0;0;0;0;0;0;0;0;0;0;0;0;0
28.02.2024;05:02;A 41;1;0;0;0;0;0;0;0;0;0;0;0;100;0;0;1;6;3;7;1;1;2;15;0;0;2;97;2;85;0;0;0;0;0;0;0;0;0;0;1;2;1;2;0;0;0;0;0;0;0;0;0;0;0;0;0;0;0;0;0;0;0;0
28.02.2024;05:01;A 41;1;1;2;0;0;1;1;0;0;0;0;2;22;1;5;0;0;1;32;1;34;1;12;2;24;0;0;2;2;0;0;0;0;0;0;0;0;1;2;0;0;0;0;0;0;0;0;0;0;0;0;0;0;0;0;0;0;0;0;0;0;0;0
28.02.2024;05:00;A 41;1;0;0;0;0;0;0;0;0;0;0;0;2;0;0;1;30;3;29;0;0;0;12;0;0;2;3;0;0;0;0;0;0;0;0;0;0;0;0;0;0;0;0;0;0;0;0;0;0;0;0;0;0;0;0;0;0;0;0;0;0;0;0
28.02.2024;04:59;A 41;1;2;3;0;0;0;0;0;0;0;0;1;18;0;0;1;22;0;0;0;0;1;20;0;0;1;2;1;3;0;0;0;0;0;0;0;0;0;0;0;0;0;0;0;0;0;0;0;0;0;0;0;0;0;0;0;0;0;0;0;0;0;0
28.02.2024;04:58;A 41;1;2;4;0;0;0;0;0;0;0;0;1;25;0;0;1;1;1;1;1;0;1;12;1;10;0;0;0;0;0;0;0;0;0;0;0;0;0;0;0;0;0;0;0;0;0;0;0;0;0;0;0;0;0;0;0;0;0;0;0;0;0;0
28.02.2024;04:57;A 41;1;0;0;0;0;0;0;0;0;0;0;0;0;0;0;1;1;2;1;1;1;1;10;0;0;0;13;0;0;0;0;0;0;0;0;0;0;0;0;0;0;0;0;0;0;0;0;0;0;0;0;0;0;0;0;0;0;0;0;0;0;0;0
28.02.2024;04:56;A 41;1;0;0;0;0;0;0;0;0;0;0;0;0;1;22;0;0;1;4;0;0;1;13;0;0;1;3;0;0;0;0;0;0;0;0;0;0;0;0;0;0;0;0;0;0;0;0;0;0;0;0;0;0;0;0;0;0;0;0;0;0;0;0
28.02.2024;04:55;A 41;1;0;0;0;0;0;0;0;0;0;0;2;34;0;0;0;0;0;0;0;0;3;20;0;0;3;11;2;3;0;0;0;0;0;0;0;0;0;0;0;0;0;0;0;0;0;0;0;0;0;0;0;0;0;0;0;0;0;0;0;0;0;0
28.02.2024;04:54;A 41;1;0;0;0;0;0;0;0;0;0;0;0;0;0;0;2;3;2;1;0;0;1;2;1;3;0;0;3;11;0;0;0;0;0;0;0;0;0;0;0;0;0;0;0;0;0;0;0;0;0;0;0;0;0;0;0;0;0;0;0;0;0;0
28.02.2024;04:53;A 41;1;0;0;0;0;0;0;0;0;0;0;0;0;0;0;0;0;0;0;0;0;0;0;1;7;0;0;1;9;0;0;0;0;0;0;0;0;0;0;0;0;0;0;0;0;0;0;0;0;0;0;0;0;0;0;0;0;0;0;0;0;0;0
28.02.2024;04:52;A 41;1;0;0;0;0;0;0;0;0;0;0;1;28;0;0;1;1;1;0;1;1;0;0;0;0;0;0;0;0;0;0;0;0;0;0;0;0;0;0;0;0;0;0;0;0;0;0;0;0;0;0;0;0;0;0;0;0;0;0;0;0;0;0
28.02.2024;04:51;A 41;1;0;0;0;0;0;0;0;0;0;0;1;14;1;22;2;2;2;1;0;0;1;9;0;0;1;3;0;0;0;0;0;0;0;0;0;0;0;0;0;0;0;0;0;0;0;0;0;0;0;0;0;0;0;0;0;0;0;0;0;0;0;0
28.02.2024;04:50;A 41;1;0;0;0;0;0;0;0;0;0;0;0;0;0;0;0;0;1;1;0;0;1;11;0;3;1;2;2;26;0;0;0;0;0;0;0;0;0;0;0;0;0;0;0;0;0;0;0;0;0;0;0;0;0;0;0;0;0;0;0;0;0;0
28.02.2024;04:49;A 41;1;1;1;1;3;1;8;0;0;0;0;0;16;1;1;0;0;0;0;0;0;0;0;1;6;0;0;0;0;0;0;0;0;0;0;0;0;0;0;0;0;0;0;0;0;0;0;0;0;0;0;0;0;0;0;0;0;0;0;0;0;0;0
28.02.2024;04:48;A 41;1;0;0;0;0;0;0;0;0;0;0;1;36;0;0;1;38;0;0;0;0;0;0;0;0;0;0;0;0;0;0;0;0;0;0;0;0;0;0;0;0;0;0;0;0;0;0;0;0;0;0;0;0;0;0;0;0;0;0;0;0;0;0
28.02.2024;04:47;A 41;1;0;0;1;1;1;2;0;0;0;0;2;61;0;0;1;1;1;0;0;0;1;2;0;0;2;15;1;9;0;0;0;0;0;0;0;0;0;0;0;0;0;0;0;0;0;0;0;0;0;0;0;0;0;0;0;0;0;0;0;0;0;0
28.02.2024;04:46;A 41;1;0;0;0;0;0;0;0;0;0;0;1;49;0;0;0;0;0;0;1;1;3;18;1;10;0;0;0;0;0;0;0;0;0;0;0;0;0;0;0;0;0;0;0;0;0;0;0;0;0;0;0;0;0;0;0;0;0;0;0;0;0;0
28.02.2024;04:45;A 41;1;0;0;0;0;0;0;0;0;0;0;1;0;0;0;0;0;1;1;0;0;3;18;1;17;2;40;1;10;0;0;0;0;0;0;0;0;0;0;0;0;0;0;0;0;0;0;0;0;0;0;0;0;0;0;0;0;0;0;0;0;0;0
28.02.2024;04:44;A 41;1;0;0;1;1;1;1;0;0;0;0;0;0;0;0;0;0;1;1;0;0;0;0;0;0;0;0;0;0;0;0;0;0;0;0;0;0;0;0;0;0;0;0;0;0;0;0;0;0;0;0;0;0;0;0;0;0;0;0;0;0;0;0
28.02.2024;04:43;A 41;1;0;0;0;0;0;0;0;0;0;0;1;4;1;5;0;0;1;1;1;38;0;0;0;0;1;1;0;0;0;0;0;0;0;0;0;0;1;2;0;0;0;0;0;0;0;0;0;0;0;0;0;0;0;0;0;0;0;0;0;0;0;0
28.02.2024;04:42;A 41;1;0;0;1;2;0;0;0;0;0;0;0;0;0;0;1;1;1;1;0;0;2;23;0;0;1;3;0;0;0;0;0;0;0;0;0;0;0;0;0;0;0;0;0;0;0;0;0;0;0;0;0;0;0;0;0;0;0;0;0;0;0;0
28.02.2024;04:41;A 41;1;0;0;0;0;0;0;0;0;0;0;0;0;0;0;0;0;0;0;0;0;0;0;0;0;0;0;0;0;0;0;0;0;0;0;0;0;0;0;0;0;0;0;0;0;0;0;0;0;0;0;0;0;0;0;0;0;0;0;0;0;0;0
28.02.2024;04:40;A 41;1;1;2;0;0;0;0;0;0;0;0;0;0;0;0;0;0;0;0;0;0;0;0;0;0;0;0;0;0;0;0;0;0;0;0;0;0;0;0;0;0;0;0;0;0;0;0;0;0;0;0;0;0;0;0;0;0;0;0;0;0;0;0
28.02.2024;04:39;A 41;1;1;1;0;0;0;0;0;0;0;0;1;9;0;0;1;1;0;0;0;0;1;9;0;0;0;0;0;0;0;0;0;0;0;0;0;0;0;0;0;0;0;0;0;0;0;0;0;0;0;0;0;0;0;0;0;0;0;0;0;0;0;0
28.02.2024;04:38;A 41;1;1;2;0;0;0;0;0;0;0;0;0;0;0;0;0;0;1;1;0;0;0;0;0;0;0;0;0;0;0;0;0;0;0;0;0;0;0;0;0;0;0;0;0;0;0;0;0;0;0;0;0;0;0;0;0;0;0;0;0;0;0;0
28.02.2024;04:37;A 41;1;0;0;0;0;0;0;0;0;0;0;0;0;0;0;0;0;0;0;1;1;0;0;0;0;0;0;0;0;0;0;0;0;0;0;0;0;0;0;0;0;0;0;0;0;0;0;0;0;0;0;0;0;0;0;0;0;0;0;0;0;0;0
28.02.2024;04:36;A 41;1;1;2;0;0;0;0;0;0;0;0;0;0;0;0;1;4;0;0;0;0;0;0;1;7;2;4;1;8;0;0;0;0;0;0;0;0;0;0;0;0;0;0;0;0;0;0;0;0;0;0;0;0;0;0;0;0;0;0;0;0;0;0
28.02.2024;04:35;A 41;1;0;0;0;0;0;0;0;0;0;0;0;14;0;0;0;0;0;0;0;0;1;15;0;0;1;2;0;0;0;0;0;0;0;0;0;0;0;0;0;0;0;0;0;0;0;0;0;0;0;0;0;0;0;0;0;0;0;0;0;0;0;0
28.02.2024;04:34;A 41;1;0;0;0;0;0;0;0;0;0;0;1;6;0;0;1;3;1;2;0;0;1;5;0;10;0;0;2;5;0;0;0;0;0;0;0;0;0;0;0;0;0;0;0;0;0;0;0;0;0;0;0;0;0;0;0;0;0;0;0;0;0;0
28.02.2024;04:33;A 41;1;0;0;0;0;0;0;0;0;0;0;1;3;1;2;2;2;2;1;0;0;0;0;2;13;0;0;1;7;0;0;0;0;0;0;0;0;0;0;0;0;0;0;0;0;0;0;0;0;0;0;0;0;0;0;0;0;0;0;0;0;0;0
28.02.2024;04:32;A 41;1;0;0;0;0;0;0;0;0;0;0;1;23;0;0;0;0;0;0;0;0;0;0;0;0;0;0;0;0;0;0;0;0;0;0;0;0;0;0;0;0;0;0;0;0;0;0;0;0;0;0;0;0;0;0;0;0;0;0;0;0;0;0
28.02.2024;04:31;A 41;1;0;0;0;0;0;0;0;0;0;0;1;21;0;0;1;8;0;0;1;19;1;10;0;0;0;0;0;0;0;0;0;0;0;0;0;0;0;0;0;0;0;0;0;0;0;0;0;0;0;0;0;0;0;0;0;0;0;0;0;0;0;0
28.02.2024;04:30;A 41;1;0;0;0;0;0;0;0;0;0;0;0;0;1;38;1;1;1;1;0;0;0;0;2;14;0;0;2;3;0;0;0;0;0;0;0;0;0;0;0;0;0;0;0;0;0;0;0;0;0;0;0;0;0;0;0;0;0;0;0;0;0;0
28.02.2024;04:29;A 41;1;0;0;0;0;0;0;0;0;0;0;0;0;0;0;1;27;2;33;0;0;1;12;0;0;3;6;0;0;0;0;0;0;0;0;0;0;0;0;0;0;0;0;0;0;0;0;0;0;0;0;0;0;0;0;0;0;0;0;0;0;0;0
28.02.2024;04:28;A 41;1;0;0;0;0;0;0;0;0;0;0;0;0;0;0;0;0;1;1;0;0;0;0;0;0;0;0;0;0;0;0;0;0;0;0;0;0;0;0;0;0;0;0;0;0;0;0;0;0;0;0;0;0;0;0;0;0;0;0;0;0;0;0
28.02.2024;04:27;A 41;1;0;0;0;0;0;0;0;0;0;0;0;0;1;21;0;0;0;0;0;0;0;0;0;0;0;0;0;0;0;0;0;0;0;0;0;0;0;0;0;0;0;0;0;0;0;0;0;0;0;0;0;0;0;0;0;0;0;0;0;0;0;0
28.02.2024;04:26;A 41;1;0;0;0;0;0;0;0;0;0;0;0;0;0;0;1;1;2;2;0;0;0;0;0;0;0;0;0;0;0;0;0;0;0;0;0;0;0;0;0;0;0;0;0;0;0;0;0;0;0;0;0;0;0;0;0;0;0;0;0;0;0;0
28.02.2024;04:25;A 41;1;0;0;0;0;0;0;0;0;0;0;0;0;0;0;1;1;1;0;0;0;1;9;0;0;1;4;0;0;0;0;0;0;0;0;0;0;0;0;0;0;0;0;0;0;0;0;0;0;0;0;0;0;0;0;0;0;0;0;0;0;0;0
28.02.2024;04:24;A 41;1;0;0;0;0;0;0;0;0;0;0;0;0;1;22;0;0;0;0;0;0;0;0;0;0;0;0;0;0;0;0;0;0;0;0;0;0;0;0;0;0;0;0;0;0;0;0;0;0;0;0;0;0;0;0;0;0;0;0;0;0;0;0
28.02.2024;04:23;A 41;1;0;0;0;0;0;0;0;0;0;0;3;26;0;0;0;0;0;0;0;0;0;0;0;0;0;0;0;0;0;0;0;0;0;0;0;0;0;0;0;0;0;0;0;0;0;0;0;0;0;0;0;0;0;0;0;0;0;0;0;0;0;0
28.02.2024;04:22;A 41;1;0;0;0;0;0;0;0;0;0;0;0;0;0;0;0;0;0;0;0;0;0;0;0;0;0;0;0;0;0;0;0;0;0;0;0;0;0;0;0;0;0;0;0;0;0;0;0;0;0;0;0;0;0;0;0;0;0;0;0;0;0;0
28.02.2024;04:21;A 41;1;0;0;0;0;0;0;0;0;0;0;0;0;0;0;0;0;1;1;0;0;0;0;0;0;0;0;0;0;0;0;0;0;0;0;0;0;0;0;0;0;0;0;0;0;0;0;0;0;0;0;0;0;0;0;0;0;0;0;0;0;0;0
28.02.2024;04:20;A 41;1;0;0;0;0;0;0;0;0;0;0;1;21;0;0;0;0;0;0;0;0;0;0;0;0;0;0;0;0;0;0;0;0;0;0;0;0;0;0;0;0;0;0;0;0;0;0;0;0;0;0;0;0;0;0;0;0;0;0;0;0;0;0
28.02.2024;04:19;A 41;1;0;0;0;0;0;0;0;0;0;0;0;0;0;0;0;0;0;0;0;0;0;0;0;0;0;0;0;0;0;0;0;0;0;0;0;0;0;0;0;0;0;0;0;0;0;0;0;0;0;0;0;0;0;0;0;0;0;0;0;0;0;0
28.02.2024;04:18;A 41;1;0;0;0;0;0;0;0;0;0;0;0;0;0;0;1;8;0;0;0;0;1;38;0;0;2;5;0;0;0;0;0;0;0;0;0;0;0;0;0;0;0;0;0;0;0;0;0;0;0;0;0;0;0;0;0;0;0;0;0;0;0;0
28.02.2024;04:17;A 41;1;0;0;0;0;0;0;0;0;0;0;0;0;0;0;0;0;0;0;0;0;1;21;0;0;1;1;0;0;0;0;0;0;0;0;0;0;0;0;0;0;0;0;0;0;0;0;0;0;0;0;0;0;0;0;0;0;0;0;0;0;0;0
28.02.2024;04:16;A 41;1;0;0;0;0;1;2;0;0;0;0;0;0;1;1;0;0;0;0;0;0;0;0;0;0;0;0;0;0;0;0;0;0;0;0;0;0;0;0;0;0;0;0;0;0;0;0;0;0;0;0;0;0;0;0;0;0;0;0;0;0;0;0
28.02.2024;04:15;A 41;1;0;0;0;0;0;0;0;0;0;0;0;0;0;0;0;0;0;0;0;0;0;0;0;2;0;0;1;4;0;0;0;0;0;0;0;0;0;0;0;0;0;0;0;0;0;0;0;0;0;0;0;0;0;0;0;0;0;0;0;0;0;0
28.02.2024;04:14;A 41;1;0;0;0;0;0;0;0;0;0;0;0;0;0;0;0;0;0;0;0;0;1;2;1;20;0;0;0;0;0;0;0;0;0;0;0;0;0;0;0;0;0;0;0;0;0;0;0;0;0;0;0;0;0;0;0;0;0;0;0;0;0;0
28.02.2024;04:13;A 41;1;0;0;0;0;0;0;0;0;0;0;1;22;0;0;0;0;0;0;0;0;0;0;0;0;0;0;0;0;0;0;0;0;0;0;0;0;0;0;0;0;0;0;0;0;0;0;0;0;0;0;0;0;0;0;0;0;0;0;0;0;0;0
28.02.2024;04:12;A 41;1;0;0;0;0;0;0;0;0;0;0;0;0;0;0;0;0;0;0;0;0;1;10;0;0;1;2;0;0;0;0;0;0;0;0;0;0;0;0;0;0;0;0;0;0;0;0;0;0;0;0;0;0;0;0;0;0;0;0;0;0;0;0
28.02.2024;04:11;A 41;1;0;0;0;0;0;0;0;0;0;0;0;0;0;0;1;1;1;0;0;0;1;13;0;0;0;0;0;0;0;0;0;0;0;0;0;0;0;0;0;0;0;0;0;0;0;0;0;0;0;0;0;0;0;0;0;0;0;0;0;0;0;0
28.02.2024;04:10;A 41;1;0;0;0;0;0;0;0;0;0;0;0;0;0;0;0;0;0;0;0;0;1;13;1;25;0;0;1;4;0;0;0;0;0;0;0;0;0;0;0;0;0;0;0;0;0;0;0;0;0;0;0;0;0;0;0;0;0;0;0;0;0;0
28.02.2024;04:09;A 41;1;0;0;0;0;0;0;0;0;0;0;0;0;0;0;0;0;1;1;1;2;0;0;0;0;0;0;0;0;0;0;0;0;0;0;0;0;0;0;0;0;0;0;0;0;0;0;0;0;0;0;0;0;0;0;0;0;0;0;0;0;0;0
28.02.2024;04:08;A 41;1;0;0;0;0;0;0;0;0;0;0;0;0;0;0;0;0;2;2;0;0;1;12;0;0;0;0;0;0;0;0;0;0;0;0;0;0;0;0;0;0;0;0;0;0;0;0;0;0;0;0;0;0;0;0;0;0;0;0;0;0;0;0
28.02.2024;04:07;A 41;1;0;0;0;0;0;0;0;0;0;0;0;0;0;0;0;0;0;0;0;0;0;0;0;0;0;0;0;0;0;0;0;0;0;0;0;0;0;0;0;0;0;0;0;0;0;0;0;0;0;0;0;0;0;0;0;0;0;0;0;0;0;0
28.02.2024;04:06;A 41;1;0;0;0;0;0;0;0;0;0;0;0;0;0;0;0;0;1;1;1;2;2;13;0;0;2;24;0;0;0;0;0;0;0;0;0;0;0;0;0;0;0;0;0;0;0;0;0;0;0;0;0;0;0;0;0;0;0;0;0;0;0;0
28.02.2024;04:05;A 41;1;0;0;1;2;0;0;0;0;0;0;0;0;0;0;0;0;0;0;0;0;0;0;0;0;0;0;0;0;0;0;0;0;0;0;0;0;0;0;0;0;0;0;0;0;0;0;0;0;0;0;0;0;0;0;0;0;0;0;0;0;0;0
28.02.2024;04:04;A 41;1;0;0;0;0;0;0;0;0;0;0;0;0;0;0;0;0;1;1;0;0;0;0;0;0;0;0;0;0;0;0;0;0;0;0;0;0;0;0;0;0;0;0;0;0;0;0;0;0;0;0;0;0;0;0;0;0;0;0;0;0;0;0
28.02.2024;04:03;A 41;1;0;0;0;0;0;0;0;0;0;0;0;0;0;0;0;0;0;0;0;0;0;0;0;0;0;0;0;0;0;0;0;0;0;0;0;0;0;0;0;0;0;0;0;0;0;0;0;0;0;0;0;0;0;0;0;0;0;0;0;0;0;0
28.02.2024;04:02;A 41;1;0;0;0;0;0;0;0;0;0;0;0;0;0;0;0;0;0;0;1;1;0;0;1;11;0;0;2;4;0;0;0;0;0;0;0;0;0;0;0;0;0;0;0;0;0;0;0;0;0;0;0;0;0;0;0;0;0;0;0;0;0;0
28.02.2024;04:01;A 41;1;0;0;0;0;0;0;0;0;0;0;0;0;0;0;0;0;1;1;0;0;1;10;1;2;0;0;0;0;0;0;0;0;0;0;0;0;0;0;0;0;0;0;0;0;0;0;0;0;0;0;0;0;0;0;0;0;0;0;0;0;0;0
28.02.2024;04:00;A 41;1;0;0;0;0;0;0;0;0;0;0;0;0;0;0;0;0;0;0;0;0;0;0;0;0;0;0;0;0;0;0;0;0;0;0;0;0;0;0;0;0;0;0;0;0;0;0;0;0;0;0;0;0;0;0;0;0;0;0;0;0;0;0
28.02.2024;03:59;A 41;1;0;0;0;0;0;0;0;0;0;0;0;0;0;0;0;0;0;0;0;0;0;0;0;0;0;0;1;4;0;0;0;0;0;0;0;0;0;0;0;0;0;0;0;0;0;0;0;0;0;0;0;0;0;0;0;0;0;0;0;0;0;0
28.02.2024;03:58;A 41;1;1;1;0;0;0;0;0;0;0;0;0;0;0;0;0;0;0;0;0;0;0;0;1;11;0;0;0;0;0;0;0;0;0;0;0;0;0;0;0;0;0;0;0;0;0;0;0;0;0;0;0;0;0;0;0;0;0;0;0;0;0;0
28.02.2024;03:57;A 41;1;0;0;0;0;0;0;0;0;0;0;0;0;0;0;0;0;0;0;0;0;0;0;0;0;0;0;0;0;0;0;0;0;0;0;0;0;0;0;0;0;0;0;0;0;0;0;0;0;0;0;0;0;0;0;0;0;0;0;0;0;0;0
28.02.2024;03:56;A 41;1;0;0;0;0;0;0;0;0;0;0;0;0;0;0;0;0;1;1;0;0;0;0;0;0;0;0;0;0;0;0;0;0;0;0;0;0;0;0;0;0;0;0;0;0;0;0;0;0;0;0;0;0;0;0;0;0;0;0;0;0;0;0
28.02.2024;03:55;A 41;1;0;0;0;0;0;0;0;0;0;0;0;0;0;0;1;1;1;0;0;0;0;0;0;3;0;0;2;4;0;0;0;0;0;0;0;0;0;0;0;0;0;0;0;0;0;0;0;0;0;0;0;0;0;0;0;0;0;0;0;0;0;0
28.02.2024;03:54;A 41;1;0;0;0;0;0;2;0;0;0;0;0;0;1;1;0;0;0;0;0;0;0;0;1;6;0;0;0;0;0;0;0;0;0;0;0;0;0;0;0;0;0;0;0;0;0;0;0;0;0;0;0;0;0;0;0;0;0;0;0;0;0;0
28.02.2024;03:53;A 41;1;0;0;0;0;1;29;0;0;0;0;1;1;1;30;0;0;0;0;0;0;0;0;0;0;0;0;1;2;0;0;0;0;0;0;0;0;0;0;0;0;0;0;0;0;0;0;0;0;0;0;0;0;0;0;0;0;0;0;0;0;0;0
28.02.2024;03:52;A 41;1;0;0;0;0;0;0;0;0;0;0;0;0;0;0;0;0;0;0;0;0;1;0;0;0;0;0;1;2;0;0;0;0;0;0;0;0;0;0;0;0;0;0;0;0;0;0;0;0;0;0;0;0;0;0;0;0;0;0;0;0;0;0
28.02.2024;03:51;A 41;1;0;0;0;0;0;0;0;0;0;0;0;0;0;0;0;0;0;0;0;0;0;0;0;0;0;0;0;0;0;0;0;0;0;0;0;0;0;0;0;0;0;0;0;0;0;0;0;0;0;0;0;0;0;0;0;0;0;0;0;0;0;0
28.02.2024;03:50;A 41;1;0;0;0;0;0;0;0;0;0;0;0;0;0;0;0;0;0;0;0;0;0;0;0;0;0;0;0;0;0;0;0;0;0;0;0;0;0;0;0;0;0;0;0;0;0;0;0;0;0;0;0;0;0;0;0;0;0;0;0;0;0;0
28.02.2024;03:49;A 41;1;0;0;0;0;1;2;0;0;0;0;0;0;1;1;0;0;0;0;1;1;0;0;0;0;0;0;0;0;0;0;0;0;0;0;0;0;0;0;0;0;0;0;0;0;0;0;0;0;0;0;0;0;0;0;0;0;0;0;0;0;0;0
28.02.2024;03:48;A 41;1;0;0;0;0;0;0;0;0;0;0;0;0;1;5;1;7;1;6;0;0;0;0;0;0;0;0;0;0;0;0;0;0;0;0;0;0;0;0;1;2;1;2;0;0;0;0;0;0;0;0;0;0;0;0;0;0;0;0;0;0;0;0
28.02.2024;03:47;A 41;1;1;2;1;1;1;3;0;0;0;0;0;0;0;0;0;0;1;1;0;0;0;0;1;11;0;0;1;11;0;0;0;0;0;0;0;0;0;0;0;0;0;0;0;0;0;0;0;0;0;0;0;0;0;0;0;0;0;0;0;0;0;0
28.02.2024;03:46;A 41;1;0;0;0;0;0;0;0;0;0;0;0;0;0;0;0;0;0;0;0;0;0;0;0;0;0;0;0;0;0;0;0;0;0;0;0;0;0;0;0;0;0;0;0;0;0;0;0;0;0;0;0;0;0;0;0;0;0;0;0;0;0;0
28.02.2024;03:45;A 41;1;1;2;0;0;0;0;0;0;0;0;0;0;0;0;0;0;0;0;0;0;0;0;0;0;0;14;0;0;0;0;0;0;0;0;0;0;0;0;0;0;0;0;0;0;0;0;0;0;0;0;0;0;0;0;0;0;0;0;0;0;0;0
28.02.2024;03:44;A 41;1;0;0;0;0;0;0;0;0;0;0;0;0;0;0;0;0;1;1;0;0;2;21;0;0;2;18;0;0;0;0;0;0;0;0;0;0;0;0;0;0;0;0;0;0;0;0;0;0;0;0;0;0;0;0;0;0;0;0;0;0;0;0
28.02.2024;03:43;A 41;1;0;0;0;0;0;0;0;0;0;0;0;0;0;0;0;0;0;0;0;0;0;0;0;0;0;0;0;0;0;0;0;0;0;0;0;0;0;0;0;0;0;0;0;0;0;0;0;0;0;0;0;0;0;0;0;0;0;0;0;0;0;0
28.02.2024;03:42;A 41;1;0;0;2;4;1;1;0;0;0;0;0;0;1;1;0;0;0;0;0;0;0;0;0;0;0;0;0;0;0;0;0;0;0;0;0;0;0;0;0;0;0;0;0;0;0;0;0;0;0;0;0;0;0;0;0;0;0;0;0;0;0;0
28.02.2024;03:41;A 41;1;0;0;0;0;0;0;0;0;0;0;0;0;0;0;0;0;0;0;0;0;0;0;0;0;0;0;0;0;0;0;0;0;0;0;0;0;0;0;0;0;0;0;0;0;0;0;0;0;0;0;0;0;0;0;0;0;0;0;0;0;0;0
28.02.2024;03:40;A 41;1;0;0;0;0;0;0;0;0;0;0;0;0;1;3;0;0;0;0;0;0;0;0;0;0;0;0;0;0;0;0;0;0;0;0;0;0;0;0;0;0;0;0;0;0;0;0;0;0;0;0;0;0;0;0;0;0;0;0;0;0;0;0
28.02.2024;03:39;A 41;1;0;0;0;0;0;0;0;0;0;0;0;0;0;0;1;2;1;3;1;2;2;20;4;11;1;3;1;5;0;0;0;0;0;0;0;0;0;0;0;0;0;0;0;0;0;0;0;0;0;0;0;0;0;0;0;0;0;0;0;0;0;0
28.02.2024;03:38;A 41;1;1;1;0;0;0;0;0;0;0;0;0;0;0;0;0;0;0;0;0;0;0;0;0;0;0;0;0;0;0;0;0;0;0;0;0;0;0;0;0;0;0;0;0;0;0;0;0;0;0;0;0;0;0;0;0;0;0;0;0;0;0;0
28.02.2024;03:37;A 41;1;0;0;0;0;0;0;0;0;0;0;0;0;0;0;0;0;1;1;1;1;1;13;2;22;0;0;5;8;0;0;0;0;0;0;0;0;0;0;0;0;0;0;0;0;0;0;0;0;0;0;0;0;0;0;0;0;0;0;0;0;0;0
28.02.2024;03:36;A 41;1;0;0;0;0;0;0;0;0;0;0;0;0;0;0;0;0;0;0;0;0;0;0;0;0;0;0;0;0;0;0;0;0;0;0;0;0;0;0;0;0;0;0;0;0;0;0;0;0;0;0;0;0;0;0;0;0;0;0;0;0;0;0
28.02.2024;03:35;A 41;1;0;0;0;0;0;0;0;0;0;0;0;0;0;0;0;0;1;1;1;1;0;0;0;0;0;0;0;0;0;0;0;0;0;0;0;0;0;0;0;0;0;0;0;0;0;0;0;0;0;0;0;0;0;0;0;0;0;0;0;0;0;0
28.02.2024;03:34;A 41;1;0;0;0;0;0;0;0;0;0;0;0;0;0;0;0;0;0;0;0;0;0;0;0;0;0;0;0;0;0;0;0;0;0;0;0;0;0;0;0;0;0;0;0;0;0;0;0;0;0;0;0;0;0;0;0;0;0;0;0;0;0;0
28.02.2024;03:33;A 41;1;0;0;0;0;0;0;0;0;0;0;0;0;0;0;0;0;0;0;0;0;0;0;1;13;0;0;2;3;0;0;0;0;0;0;0;0;0;0;0;0;0;0;0;0;0;0;0;0;0;0;0;0;0;0;0;0;0;0;0;0;0;0
28.02.2024;03:32;A 41;1;1;1;0;0;0;0;0;0;0;0;0;0;0;0;0;0;0;0;0;0;0;0;0;0;0;0;0;0;0;0;0;0;0;0;0;0;0;0;0;0;0;0;0;0;0;0;0;0;0;0;0;0;0;0;0;0;0;0;0;0;0;0
28.02.2024;03:31;A 41;1;0;0;0;0;0;0;0;0;0;0;1;25;0;0;0;0;0;0;0;0;0;0;0;0;0;0;0;0;0;0;0;0;0;0;0;0;0;0;0;0;0;0;0;0;0;0;0;0;0;0;0;0;0;0;0;0;0;0;0;0;0;0
28.02.2024;03:30;A 41;1;1;2;0;0;0;0;0;0;0;0;0;0;0;0;0;0;0;0;0;0;0;0;0;0;0;0;0;0;0;0;0;0;0;0;0;0;0;0;0;0;0;0;0;0;0;0;0;0;0;0;0;0;0;0;0;0;0;0;0;0;0;0
28.02.2024;03:29;A 41;1;0;0;0;0;1;2;0;0;0;0;0;0;0;0;0;0;0;0;1;16;0;0;0;0;1;3;0;0;0;0;0;0;0;0;0;0;0;0;0;0;0;0;0;0;0;0;0;0;0;0;0;0;0;0;0;0;0;0;0;0;0;0
28.02.2024;03:28;A 41;1;0;0;0;0;0;0;0;0;0;0;0;0;0;0;0;0;0;0;0;0;2;7;1;12;0;0;0;0;0;0;0;0;0;0;0;0;0;0;0;0;0;0;0;0;0;0;0;0;0;0;0;0;0;0;0;0;0;0;0;0;0;0
28.02.2024;03:27;A 41;1;0;0;0;0;0;0;0;0;0;0;0;0;0;0;0;0;1;1;0;0;0;0;0;0;0;0;0;0;0;0;0;0;0;0;0;0;0;0;0;0;0;0;0;0;0;0;0;0;0;0;0;0;0;0;0;0;0;0;0;0;0;0
28.02.2024;03:26;A 41;1;0;0;0;0;0;0;0;0;0;0;0;11;0;0;0;0;0;0;0;0;0;0;1;17;0;0;2;16;0;0;0;0;0;0;0;0;0;0;0;0;0;0;0;0;0;0;0;0;0;0;0;0;0;0;0;0;0;0;0;0;0;0
28.02.2024;03:25;A 41;1;0;0;0;0;0;0;0;0;0;0;1;12;0;0;0;0;0;0;0;0;0;0;0;0;0;0;0;0;0;0;0;0;0;0;0;0;0;0;0;0;0;0;0;0;0;0;0;0;0;0;0;0;0;0;0;0;0;0;0;0;0;0
28.02.2024;03:24;A 41;1;0;0;0;0;0;0;0;0;0;0;0;0;0;0;0;0;0;0;0;0;0;0;0;0;0;11;0;0;0;0;0;0;0;0;0;0;0;0;0;0;0;0;0;0;0;0;0;0;0;0;0;0;0;0;0;0;0;0;0;0;0;0
28.02.2024;03:23;A 41;1;0;0;0;0;0;0;0;0;0;0;1;23;0;0;0;0;0;0;0;0;2;20;0;0;1;5;0;0;0;0;0;0;0;0;0;0;0;0;0;0;0;0;0;0;0;0;0;0;0;0;0;0;0;0;0;0;0;0;0;0;0;0
28.02.2024;03:22;A 41;1;0;0;0;0;0;0;0;0;0;0;0;0;0;0;0;0;0;0;0;0;0;0;0;0;0;0;0;0;0;0;0;0;0;0;0;0;0;0;0;0;0;0;0;0;0;0;0;0;0;0;0;0;0;0;0;0;0;0;0;0;0;0
28.02.2024;03:21;A 41;1;0;0;0;0;0;0;0;0;0;0;1;22;0;0;0;0;0;0;0;0;0;0;0;0;0;0;0;0;0;0;0;0;0;0;0;0;0;0;0;0;0;0;0;0;0;0;0;0;0;0;0;0;0;0;0;0;0;0;0;0;0;0
28.02.2024;03:20;A 41;1;0;0;0;0;0;0;0;0;0;0;0;0;0;0;0;0;0;0;0;0;0;0;0;0;0;0;0;0;0;0;0;0;0;0;0;0;0;0;0;0;0;0;0;0;0;0;0;0;0;0;0;0;0;0;0;0;0;0;0;0;0;0
28.02.2024;03:19;A 41;1;0;0;0;0;0;0;0;0;0;0;0;0;0;0;0;0;0;0;0;0;0;0;0;0;0;0;0;0;0;0;0;0;0;0;0;0;0;0;0;0;0;0;0;0;0;0;0;0;0;0;0;0;0;0;0;0;0;0;0;0;0;0
28.02.2024;03:18;A 41;1;0;0;0;0;0;0;0;0;0;0;0;0;0;0;0;0;0;0;0;0;0;0;0;0;0;0;0;0;0;0;0;0;0;0;0;0;0;0;0;0;0;0;0;0;0;0;0;0;0;0;0;0;0;0;0;0;0;0;0;0;0;0
28.02.2024;03:17;A 41;1;0;0;0;0;0;0;0;0;0;0;0;0;1;19;0;0;1;1;1;1;0;0;0;0;0;0;0;0;0;0;0;0;0;0;0;0;0;0;0;0;0;0;0;0;0;0;0;0;0;0;0;0;0;0;0;0;0;0;0;0;0;0
28.02.2024;03:16;A 41;1;0;0;0;0;0;0;0;0;0;0;1;27;0;0;0;0;0;0;0;0;0;0;0;0;0;0;0;0;0;0;0;0;0;0;0;0;0;0;0;0;0;0;0;0;0;0;0;0;0;0;0;0;0;0;0;0;0;0;0;0;0;0
28.02.2024;03:15;A 41;1;0;0;0;0;0;0;0;0;0;0;0;0;0;0;0;0;0;0;0;0;0;0;0;0;0;0;0;0;0;0;0;0;0;0;0;0;0;0;0;0;0;0;0;0;0;0;0;0;0;0;0;0;0;0;0;0;0;0;0;0;0;0
28.02.2024;03:14;A 41;1;0;0;0;0;0;0;0;0;0;0;0;0;0;0;0;0;0;0;0;0;0;0;0;0;0;0;0;0;0;0;0;0;0;0;0;0;0;0;0;0;0;0;0;0;0;0;0;0;0;0;0;0;0;0;0;0;0;0;0;0;0;0
28.02.2024;03:13;A 41;1;0;0;0;0;0;0;0;0;0;0;0;0;0;0;0;0;0;0;0;0;0;0;0;0;0;0;0;0;0;0;0;0;0;0;0;0;0;0;0;0;0;0;0;0;0;0;0;0;0;0;0;0;0;0;0;0;0;0;0;0;0;0
28.02.2024;03:12;A 41;1;0;0;1;2;0;0;0;0;0;0;0;0;1;0;1;1;1;1;0;0;0;0;0;0;0;0;0;0;0;0;0;0;0;0;0;0;0;0;0;0;0;0;0;0;0;0;0;0;0;0;0;0;0;0;0;0;0;0;0;0;0;0
28.02.2024;03:11;A 41;1;1;4;1;2;1;2;0;0;0;0;0;0;1;1;0;0;0;0;0;0;0;0;0;0;0;0;0;0;0;0;0;0;0;0;0;0;0;0;0;0;0;0;0;0;0;0;0;0;0;0;0;0;0;0;0;0;0;0;0;0;0;0
28.02.2024;03:10;A 41;1;0;0;0;0;0;0;0;0;0;0;0;0;0;0;0;0;0;0;0;0;0;0;0;0;0;0;0;0;0;0;0;0;0;0;0;0;0;0;0;0;0;0;0;0;0;0;0;0;0;0;0;0;0;0;0;0;0;0;0;0;0;0
28.02.2024;03:09;A 41;1;0;0;0;0;0;0;0;0;0;0;0;0;1;2;0;0;0;0;0;0;0;0;0;0;0;0;0;0;0;0;0;0;0;0;0;0;0;0;0;0;0;0;0;0;0;0;0;0;0;0;0;0;0;0;0;0;0;0;0;0;0;0
28.02.2024;03:08;A 41;1;0;0;1;1;1;4;0;0;0;0;1;23;0;0;0;0;0;0;0;0;0;0;0;0;0;0;0;0;0;0;0;0;0;0;0;0;0;0;0;0;0;0;0;0;0;0;0;0;0;0;0;0;0;0;0;0;0;0;0;0;0;0
28.02.2024;03:07;A 41;1;0;0;1;2;0;0;0;0;0;0;1;26;0;0;0;0;0;0;0;0;0;0;1;10;0;0;1;13;0;0;0;0;0;0;0;0;0;0;0;0;0;0;0;0;0;0;0;0;0;0;0;0;0;0;0;0;0;0;0;0;0;0
28.02.2024;03:06;A 41;1;1;2;0;0;0;0;0;0;0;0;0;0;0;0;0;0;0;0;0;0;0;0;0;0;0;0;0;0;0;0;0;0;0;0;0;0;0;0;0;0;0;0;0;0;0;0;0;0;0;0;0;0;0;0;0;0;0;0;0;0;0;0
28.02.2024;03:05;A 41;1;0;0;0;0;0;0;0;0;0;0;0;0;0;0;0;0;0;0;0;0;0;0;0;0;0;0;0;0;0;0;0;0;0;0;0;0;0;0;0;0;0;0;0;0;0;0;0;0;0;0;0;0;0;0;0;0;0;0;0;0;0;0
28.02.2024;03:04;A 41;1;0;0;0;0;0;0;0;0;0;0;0;0;0;0;1;1;0;0;0;0;0;0;0;0;0;0;0;0;0;0;0;0;0;0;0;0;0;0;0;0;0;0;0;0;0;0;0;0;0;0;0;0;0;0;0;0;0;0;0;0;0;0
28.02.2024;03:03;A 41;1;0;0;1;1;1;3;0;0;0;0;0;0;0;0;0;0;0;0;0;0;0;0;0;0;0;0;0;0;0;0;0;0;0;0;0;0;0;0;0;0;0;0;0;0;0;0;0;0;0;0;0;0;0;0;0;0;0;0;0;0;0;0
28.02.2024;03:02;A 41;1;1;1;0;0;0;0;0;0;0;0;0;0;0;0;0;0;0;0;0;0;0;0;0;0;0;0;0;0;0;0;0;0;0;0;0;0;0;0;0;0;0;0;0;0;0;0;0;0;0;0;0;0;0;0;0;0;0;0;0;0;0;0
28.02.2024;03:01;A 41;1;0;0;0;0;0;0;0;0;0;0;2;12;0;0;0;0;0;0;0;0;0;0;0;0;0;0;0;0;0;0;0;0;0;0;0;0;0;0;0;0;0;0;0;0;0;0;0;0;0;0;0;0;0;0;0;0;0;0;0;0;0;0
28.02.2024;03:00;A 41;1;0;0;0;0;0;0;0;0;0;0;0;0;0;0;0;0;0;0;0;0;0;0;0;0;0;0;0;0;0;0;0;0;0;0;0;0;0;0;0;0;0;0;0;0;0;0;0;0;0;0;0;0;0;0;0;0;0;0;0;0;0;0
28.02.2024;02:59;A 41;1;0;0;0;0;0;0;0;0;0;0;0;0;0;0;0;0;0;0;0;0;0;0;0;0;0;0;0;0;0;0;0;0;0;0;0;0;0;0;0;0;0;0;0;0;0;0;0;0;0;0;0;0;0;0;0;0;0;0;0;0;0;0
28.02.2024;02:58;A 41;1;0;0;0;0;0;0;0;0;0;0;0;0;0;0;0;0;1;1;1;0;1;9;0;0;0;0;0;0;0;0;0;0;0;0;0;0;0;0;0;0;0;0;0;0;0;0;0;0;0;0;0;0;0;0;0;0;0;0;0;0;0;0
28.02.2024;02:57;A 41;1;0;0;0;0;0;0;0;0;0;0;0;0;0;0;0;0;0;0;0;0;0;0;0;0;0;0;0;0;0;0;0;0;0;0;0;0;0;0;0;0;0;0;0;0;0;0;0;0;0;0;0;0;0;0;0;0;0;0;0;0;0;0
28.02.2024;02:56;A 41;1;0;0;0;0;0;0;0;0;0;0;0;0;0;0;1;1;0;0;0;0;0;0;0;0;0;0;0;0;0;0;0;0;0;0;0;0;0;0;0;0;0;0;0;0;0;0;0;0;0;0;0;0;0;0;0;0;0;0;0;0;0;0
28.02.2024;02:55;A 41;1;0;0;0;0;0;0;0;0;0;0;0;0;0;0;0;0;0;0;0;0;0;0;0;0;0;0;0;0;0;0;0;0;0;0;0;0;0;0;0;0;0;0;0;0;0;0;0;0;0;0;0;0;0;0;0;0;0;0;0;0;0;0
28.02.2024;02:54;A 41;1;0;0;0;0;0;0;0;0;0;0;0;0;0;0;0;0;0;0;0;0;0;0;0;0;0;0;0;0;0;0;0;0;0;0;0;0;0;0;0;0;0;0;0;0;0;0;0;0;0;0;0;0;0;0;0;0;0;0;0;0;0;0
28.02.2024;02:53;A 41;1;0;0;0;0;0;0;0;0;0;0;0;0;0;0;0;0;0;0;0;0;0;0;0;0;0;0;0;0;0;0;0;0;0;0;0;0;0;0;0;0;0;0;0;0;0;0;0;0;0;0;0;0;0;0;0;0;0;0;0;0;0;0
28.02.2024;02:52;A 41;1;0;0;0;0;0;0;0;0;0;0;0;0;0;0;0;0;0;0;0;0;0;0;0;0;0;0;0;0;0;0;0;0;0;0;0;0;0;0;0;0;0;0;0;0;0;0;0;0;0;0;0;0;0;0;0;0;0;0;0;0;0;0
28.02.2024;02:51;A 41;1;0;0;0;0;0;0;0;0;0;0;0;0;0;0;0;0;0;0;0;0;0;0;0;0;0;0;0;0;0;0;0;0;0;0;0;0;0;0;0;0;0;0;0;0;0;0;0;0;0;0;0;0;0;0;0;0;0;0;0;0;0;0
28.02.2024;02:50;A 41;1;1;2;0;0;0;0;0;0;0;0;0;0;0;0;0;0;0;0;0;0;0;0;0;0;0;0;0;0;0;0;0;0;0;0;0;0;0;0;0;0;0;0;0;0;0;0;0;0;0;0;0;0;0;0;0;0;0;0;0;0;0;0
28.02.2024;02:49;A 41;1;0;0;0;0;0;0;0;0;0;0;0;0;0;0;0;0;1;16;0;0;0;0;0;0;0;0;0;0;0;0;0;0;0;0;0;0;0;0;0;0;0;0;0;0;0;0;0;0;0;0;0;0;0;0;0;0;0;0;0;0;0;0
28.02.2024;02:48;A 41;1;0;0;0;0;0;0;0;0;0;0;0;0;0;0;0;0;1;1;0;0;1;6;0;0;0;0;0;0;0;0;0;0;0;0;0;0;0;0;0;0;0;0;0;0;0;0;0;0;0;0;0;0;0;0;0;0;0;0;0;0;0;0
28.02.2024;02:47;A 41;1;0;0;1;2;1;1;0;0;0;0;0;0;1;1;2;25;1;1;0;0;0;2;0;0;0;0;0;0;0;0;0;0;0;0;0;0;0;0;0;0;0;0;0;0;0;0;0;0;0;0;0;0;0;0;0;0;0;0;0;0;0;0
28.02.2024;02:46;A 41;1;0;0;0;0;0;0;0;0;0;0;0;0;0;0;0;0;1;1;1;0;1;20;1;5;0;0;0;0;0;0;0;0;0;0;0;0;0;0;0;0;0;0;0;0;0;0;0;0;0;0;0;0;0;0;0;0;0;0;0;0;0;0
28.02.2024;02:45;A 41;1;0;0;0;0;0;0;0;0;0;0;0;0;0;0;0;0;1;1;0;0;0;0;0;0;0;0;0;0;0;0;0;0;0;0;0;0;0;0;0;0;0;0;0;0;0;0;0;0;0;0;0;0;0;0;0;0;0;0;0;0;0;0
28.02.2024;02:44;A 41;1;1;1;0;0;0;0;0;0;0;0;0;0;0;0;0;0;0;0;0;0;0;0;1;18;0;0;1;3;0;0;0;0;0;0;0;0;0;0;0;0;0;0;0;0;0;0;0;0;0;0;0;0;0;0;0;0;0;0;0;0;0;0
28.02.2024;02:43;A 41;1;0;0;0;0;0;0;0;0;0;0;0;0;0;0;0;0;0;0;1;1;0;0;0;0;0;0;0;0;0;0;0;0;0;0;0;0;0;0;0;0;0;0;0;0;0;0;0;0;0;0;0;0;0;0;0;0;0;0;0;0;0;0
28.02.2024;02:42;A 41;1;0;0;2;3;1;2;0;0;0;0;0;0;0;0;0;0;0;0;0;0;0;0;0;0;0;0;0;0;0;0;0;0;0;0;0;0;0;0;0;0;0;0;0;0;0;0;0;0;0;0;0;0;0;0;0;0;0;0;0;0;0;0
28.02.2024;02:41;A 41;1;0;0;0;0;0;0;0;0;0;0;0;0;0;0;0;0;0;0;0;0;0;0;0;0;0;0;0;0;0;0;0;0;0;0;0;0;0;0;0;0;0;0;0;0;0;0;0;0;0;0;0;0;0;0;0;0;0;0;0;0;0;0
28.02.2024;02:40;A 41;1;0;0;0;0;0;0;0;0;0;0;0;0;0;0;0;0;0;0;0;0;0;0;0;0;0;0;0;0;0;0;0;0;0;0;0;0;0;0;0;0;0;0;0;0;0;0;0;0;0;0;0;0;0;0;0;0;0;0;0;0;0;0
28.02.2024;02:39;A 41;1;0;0;0;0;0;0;0;0;0;0;0;0;0;0;0;0;0;0;0;0;0;0;0;0;0;0;0;0;0;0;0;0;0;0;0;0;0;0;0;0;0;0;0;0;0;0;0;0;0;0;0;0;0;0;0;0;0;0;0;0;0;0
28.02.2024;02:38;A 41;1;0;0;0;0;0;0;0;0;0;0;0;0;0;0;0;0;0;0;0;0;0;0;0;0;0;0;0;0;0;0;0;0;0;0;0;0;0;0;0;0;0;0;0;0;0;0;0;0;0;0;0;0;0;0;0;0;0;0;0;0;0;0
28.02.2024;02:37;A 41;1;1;2;0;0;0;0;0;0;0;0;0;0;0;0;0;0;0;0;1;1;0;0;0;0;0;0;0;0;0;0;0;0;0;0;0;0;0;0;0;0;0;0;0;0;0;0;0;0;0;0;0;0;0;0;0;0;0;0;0;0;0;0
28.02.2024;02:36;A 41;1;0;0;0;0;0;0;0;0;0;0;0;0;1;22;0;0;0;0;1;1;0;0;0;0;0;0;0;0;0;0;0;0;0;0;0;0;0;0;0;0;0;0;0;0;0;0;0;0;0;0;0;0;0;0;0;0;0;0;0;0;0;0
28.02.2024;02:35;A 41;1;0;0;0;0;0;0;0;0;0;0;1;23;0;0;0;0;0;0;0;0;0;0;0;0;0;0;0;0;0;0;0;0;0;0;0;0;0;0;0;0;0;0;0;0;0;0;0;0;0;0;0;0;0;0;0;0;0;0;0;0;0;0
28.02.2024;02:34;A 41;1;1;1;0;0;0;0;0;0;0;0;0;0;0;0;0;0;1;1;1;2;0;0;0;0;0;0;0;0;0;0;0;0;0;0;0;0;0;0;0;0;0;0;0;0;0;0;0;0;0;0;0;0;0;0;0;0;0;0;0;0;0;0
28.02.2024;02:33;A 41;1;1;2;0;0;0;0;0;0;0;0;0;0;0;0;0;0;0;0;0;0;1;12;0;0;1;1;0;0;0;0;0;0;0;0;0;0;0;0;0;0;0;0;0;0;0;0;0;0;0;0;0;0;0;0;0;0;0;0;0;0;0;0
28.02.2024;02:32;A 41;1;0;0;0;0;0;0;0;0;0;0;0;0;0;0;0;0;0;0;0;0;0;0;0;0;0;0;0;0;0;0;0;0;0;0;0;0;0;0;0;0;0;0;0;0;0;0;0;0;0;0;0;0;0;0;0;0;0;0;0;0;0;0
28.02.2024;02:31;A 41;1;0;0;0;0;0;0;0;0;0;0;0;0;0;0;0;0;2;2;0;0;0;0;0;0;0;0;0;0;0;0;0;0;0;0;0;0;0;0;0;0;0;0;0;0;0;0;0;0;0;0;0;0;0;0;0;0;0;0;0;0;0;0
28.02.2024;02:30;A 41;1;0;0;0;0;0;0;0;0;0;0;0;0;0;0;0;0;0;0;0;0;0;0;0;0;0;0;0;0;0;0;0;0;0;0;0;0;0;0;0;0;0;0;0;0;0;0;0;0;0;0;0;0;0;0;0;0;0;0;0;0;0;0
28.02.2024;02:29;A 41;1;0;0;0;0;0;0;0;0;0;0;0;0;0;0;0;0;0;0;0;0;0;0;0;0;0;0;0;0;0;0;0;0;0;0;0;0;0;0;0;0;0;0;0;0;0;0;0;0;0;0;0;0;0;0;0;0;0;0;0;0;0;0
28.02.2024;02:28;A 41;1;1;2;0;0;0;0;0;0;0;0;1;23;0;0;1;2;0;0;0;0;0;0;0;0;0;0;0;0;0;0;0;0;0;0;0;0;0;0;0;0;0;0;0;0;0;0;0;0;0;0;0;0;0;0;0;0;0;0;0;0;0;0
28.02.2024;02:27;A 41;1;0;0;0;0;0;0;0;0;0;0;0;0;0;0;0;0;0;0;0;0;0;0;0;0;0;0;0;0;0;0;0;0;0;0;0;0;0;0;0;0;0;0;0;0;0;0;0;0;0;0;0;0;0;0;0;0;0;0;0;0;0;0
28.02.2024;02:26;A 41;1;0;0;0;0;0;0;0;0;0;0;0;0;0;0;0;0;0;0;1;1;0;0;0;0;0;0;0;0;0;0;0;0;0;0;0;0;0;0;0;0;0;0;0;0;0;0;0;0;0;0;0;0;0;0;0;0;0;0;0;0;0;0
28.02.2024;02:25;A 41;1;0;0;0;0;0;0;0;0;0;0;0;0;0;0;0;0;0;0;0;0;0;0;0;0;0;0;1;2;0;0;0;0;0;0;0;0;0;0;0;0;0;0;0;0;0;0;0;0;0;0;0;0;0;0;0;0;0;0;0;0;0;0
28.02.2024;02:24;A 41;1;0;0;0;0;0;0;0;0;0;0;0;0;0;0;0;0;0;0;0;0;1;7;1;8;0;0;1;2;0;0;0;0;0;0;0;0;0;0;0;0;0;0;0;0;0;0;0;0;0;0;0;0;0;0;0;0;0;0;0;0;0;0
28.02.2024;02:23;A 41;1;0;0;0;0;0;0;0;0;0;0;0;0;1;7;0;0;0;0;0;0;1;9;0;0;1;2;0;0;0;0;0;0;0;0;0;0;0;0;0;0;0;0;0;0;0;0;0;0;0;0;0;0;0;0;0;0;0;0;0;0;0;0
28.02.2024;02:22;A 41;1;0;0;0;0;0;0;0;0;0;0;0;0;0;0;0;0;0;0;0;0;2;9;0;0;0;0;0;0;0;0;0;0;0;0;0;0;0;0;0;0;0;0;0;0;0;0;0;0;0;0;0;0;0;0;0;0;0;0;0;0;0;0
28.02.2024;02:21;A 41;1;0;0;0;0;0;0;0;0;0;0;0;0;0;0;0;0;0;0;0;0;0;0;0;0;0;0;0;0;0;0;0;0;0;0;0;0;0;0;0;0;0;0;0;0;0;0;0;0;0;0;0;0;0;0;0;0;0;0;0;0;0;0
28.02.2024;02:20;A 41;1;0;0;0;0;0;0;0;0;0;0;0;0;0;0;0;0;0;0;0;0;0;0;0;0;0;0;0;0;0;0;0;0;0;0;0;0;0;0;0;0;0;0;0;0;0;0;0;0;0;0;0;0;0;0;0;0;0;0;0;0;0;0
28.02.2024;02:19;A 41;1;1;2;0;0;0;0;0;0;0;0;0;0;0;0;0;0;0;0;0;0;1;9;0;0;0;0;1;5;0;0;0;0;0;0;0;0;0;0;0;0;0;0;0;0;0;0;0;0;0;0;0;0;0;0;0;0;0;0;0;0;0;0
28.02.2024;02:18;A 41;1;0;0;0;0;0;0;0;0;0;0;0;0;0;0;0;0;0;0;0;0;2;1;0;0;0;0;0;0;0;0;0;0;0;0;0;0;0;0;0;0;0;0;0;0;0;0;0;0;0;0;0;0;0;0;0;0;0;0;0;0;0;0
28.02.2024;02:17;A 41;1;0;0;0;0;0;0;0;0;0;0;0;0;0;0;0;0;0;0;0;0;0;0;0;0;0;0;0;0;0;0;0;0;0;0;0;0;0;0;0;0;0;0;0;0;0;0;0;0;0;0;0;0;0;0;0;0;0;0;0;0;0;0
28.02.2024;02:16;A 41;1;0;0;0;0;0;0;0;0;0;0;0;0;0;0;0;0;1;1;1;0;0;0;0;0;0;0;0;0;0;0;0;0;0;0;0;0;0;0;0;0;0;0;0;0;0;0;0;0;0;0;0;0;0;0;0;0;0;0;0;0;0;0
28.02.2024;02:15;A 41;1;0;0;0;0;0;0;0;0;0;0;0;0;0;0;0;0;0;0;0;0;0;0;0;0;0;0;0;0;0;0;0;0;0;0;0;0;0;0;0;0;0;0;0;0;0;0;0;0;0;0;0;0;0;0;0;0;0;0;0;0;0;0
28.02.2024;02:14;A 41;1;1;3;0;0;0;0;0;0;0;0;1;25;0;0;0;0;1;1;0;0;0;0;0;0;0;0;0;0;0;0;0;0;0;0;0;0;0;0;0;0;0;0;0;0;0;0;0;0;0;0;0;0;0;0;0;0;0;0;0;0;0;0
28.02.2024;02:13;A 41;1;0;0;0;0;0;0;0;0;0;0;2;22;0;0;0;0;0;0;0;0;0;0;0;0;0;0;0;0;0;0;0;0;0;0;0;0;0;0;0;0;0;0;0;0;0;0;0;0;0;0;0;0;0;0;0;0;0;0;0;0;0;0
28.02.2024;02:12;A 41;1;0;0;0;0;0;0;0;0;0;0;0;0;0;0;0;0;0;0;0;0;0;0;0;0;0;0;0;0;0;0;0;0;0;0;0;0;0;0;0;0;0;0;0;0;0;0;0;0;0;0;0;0;0;0;0;0;0;0;0;0;0;0
28.02.2024;02:11;A 41;1;0;0;0;0;0;0;0;0;0;0;0;0;0;0;0;0;0;0;0;0;0;0;0;0;0;0;0;0;0;0;0;0;0;0;0;0;0;0;0;0;0;0;0;0;0;0;0;0;0;0;0;0;0;0;0;0;0;0;0;0;0;0
28.02.2024;02:10;A 41;1;0;0;0;0;0;0;0;0;0;0;0;0;0;0;0;0;2;2;0;0;0;0;0;0;0;0;0;0;0;0;0;0;0;0;0;0;0;0;0;0;0;0;0;0;0;0;0;0;0;0;0;0;0;0;0;0;0;0;0;0;0;0
28.02.2024;02:09;A 41;1;0;0;0;0;1;2;0;0;0;0;0;0;1;1;0;0;0;0;0;0;0;0;0;0;0;0;0;0;0;0;0;0;0;0;0;0;0;0;0;0;0;0;0;0;0;0;0;0;0;0;0;0;0;0;0;0;0;0;0;0;0;0
28.02.2024;02:08;A 41;1;0;0;1;2;0;0;0;0;0;0;0;0;1;22;0;0;0;0;1;1;0;0;0;0;0;0;0;0;0;0;0;0;0;0;0;0;0;0;0;0;0;0;0;0;0;0;0;0;0;0;0;0;0;0;0;0;0;0;0;0;0;0
28.02.2024;02:07;A 41;1;0;0;0;0;0;0;0;0;0;0;0;0;0;0;0;0;0;0;0;0;0;0;0;0;0;0;0;0;0;0;0;0;0;0;0;0;0;0;0;0;0;0;0;0;0;0;0;0;0;0;0;0;0;0;0;0;0;0;0;0;0;0
28.02.2024;02:06;A 41;1;0;0;0;0;0;0;0;0;0;0;0;0;0;0;0;0;0;0;0;0;1;9;0;0;1;2;0;0;0;0;0;0;0;0;0;0;0;0;0;0;0;0;0;0;0;0;0;0;0;0;0;0;0;0;0;0;0;0;0;0;0;0
28.02.2024;02:05;A 41;1;0;0;0;0;0;0;0;0;0;0;0;0;0;0;0;0;0;0;0;0;0;0;0;0;0;0;0;0;0;0;0;0;0;0;0;0;0;0;0;0;0;0;0;0;0;0;0;0;0;0;0;0;0;0;0;0;0;0;0;0;0;0
28.02.2024;02:04;A 41;1;0;0;0;0;0;0;0;0;0;0;1;5;0;0;0;0;0;0;0;0;1;14;0;0;0;0;0;0;0;0;0;0;0;0;0;0;0;0;0;0;0;0;0;0;0;0;0;0;0;0;0;0;0;0;0;0;0;0;0;0;0;0
28.02.2024;02:03;A 41;1;0;0;0;0;0;0;0;0;0;0;0;0;0;0;0;0;0;0;0;0;0;0;1;3;0;0;0;0;0;0;0;0;0;0;0;0;0;0;0;0;0;0;0;0;0;0;0;0;0;0;0;0;0;0;0;0;0;0;0;0;0;0
28.02.2024;02:02;A 41;1;0;0;0;0;0;0;0;0;0;0;0;0;0;0;0;0;0;0;0;0;0;0;0;0;0;0;0;0;0;0;0;0;0;0;0;0;0;0;0;0;0;0;0;0;0;0;0;0;0;0;0;0;0;0;0;0;0;0;0;0;0;0
28.02.2024;02:01;A 41;1;0;0;0;0;0;0;0;0;0;0;0;0;0;0;0;0;0;0;0;0;0;0;0;0;0;0;0;0;0;0;0;0;0;0;0;0;0;0;0;0;0;0;0;0;0;0;0;0;0;0;0;0;0;0;0;0;0;0;0;0;0;0
28.02.2024;02:00;A 41;1;0;0;0;0;0;0;0;0;0;0;0;0;0;0;0;0;0;0;0;0;0;0;0;0;0;0;0;0;0;0;0;0;0;0;0;0;0;0;0;0;0;0;0;0;0;0;0;0;0;0;0;0;0;0;0;0;0;0;0;0;0;0
28.02.2024;01:59;A 41;1;2;3;0;0;0;0;0;0;0;0;0;0;1;1;0;0;0;0;0;0;3;20;0;0;2;6;2;3;0;0;0;0;0;0;0;0;0;0;0;0;0;0;0;0;0;0;0;0;0;0;0;0;0;0;0;0;0;0;0;0;0;0
28.02.2024;01:58;A 41;1;0;0;1;2;0;0;0;0;0;0;0;0;0;0;0;0;0;0;0;0;0;0;0;0;0;0;0;0;0;0;0;0;0;0;0;0;0;0;0;0;0;0;0;0;0;0;0;0;0;0;0;0;0;0;0;0;0;0;0;0;0;0
28.02.2024;01:57;A 41;1;0;0;0;0;0;0;0;0;0;0;0;0;1;2;0;0;0;0;1;1;1;15;0;0;0;0;0;0;0;0;0;0;0;0;0;0;0;0;0;0;0;0;0;0;0;0;0;0;0;0;0;0;0;0;0;0;0;0;0;0;0;0
28.02.2024;01:56;A 41;1;0;0;0;0;0;0;0;0;0;0;0;0;0;0;0;0;0;0;0;0;0;0;0;0;0;0;0;0;0;0;0;0;0;0;0;0;0;0;0;0;0;0;0;0;0;0;0;0;0;0;0;0;0;0;0;0;0;0;0;0;0;0
28.02.2024;01:55;A 41;1;0;0;0;0;0;0;0;0;0;0;1;22;0;0;0;0;1;1;0;0;0;0;0;0;0;0;0;0;0;0;0;0;0;0;0;0;0;0;0;0;0;0;0;0;0;0;0;0;0;0;0;0;0;0;0;0;0;0;0;0;0;0
28.02.2024;01:54;A 41;1;0;0;0;0;0;0;0;0;0;0;0;0;0;0;0;0;0;0;0;0;0;0;0;0;0;0;0;0;0;0;0;0;0;0;0;0;0;0;0;0;0;0;0;0;0;0;0;0;0;0;0;0;0;0;0;0;0;0;0;0;0;0
28.02.2024;01:53;A 41;1;0;0;1;2;1;2;0;0;0;0;0;0;0;0;0;0;0;0;0;0;0;0;0;0;0;0;0;0;0;0;0;0;0;0;0;0;0;0;0;0;0;0;0;0;0;0;0;0;0;0;0;0;0;0;0;0;0;0;0;0;0;0
28.02.2024;01:52;A 41;1;0;0;0;0;0;0;0;0;0;0;0;0;0;0;0;0;0;0;0;0;0;0;0;0;0;0;0;0;0;0;0;0;0;0;0;0;0;0;0;0;0;0;0;0;0;0;0;0;0;0;0;0;0;0;0;0;0;0;0;0;0;0
28.02.2024;01:51;A 41;1;0;0;0;0;0;0;0;0;0;0;0;0;0;0;0;0;0;0;0;0;0;0;0;0;0;0;0;0;0;0;0;0;0;0;0;0;0;0;0;0;0;0;0;0;0;0;0;0;0;0;0;0;0;0;0;0;0;0;0;0;0;0
28.02.2024;01:50;A 41;1;0;0;0;0;0;0;0;0;0;0;0;0;0;0;0;0;0;0;0;0;0;0;0;0;0;0;0;0;0;0;0;0;0;0;0;0;0;0;0;0;0;0;0;0;0;0;0;0;0;0;0;0;0;0;0;0;0;0;0;0;0;0
28.02.2024;01:49;A 41;1;0;0;0;0;0;0;0;0;0;0;0;0;0;0;0;0;0;0;0;0;1;10;0;0;0;0;0;0;0;0;0;0;0;0;0;0;0;0;0;0;0;0;0;0;0;0;0;0;0;0;0;0;0;0;0;0;0;0;0;0;0;0
28.02.2024;01:48;A 41;1;0;0;0;0;0;0;0;0;0;0;0;0;0;0;0;0;0;0;0;0;0;0;0;0;0;0;0;0;0;0;0;0;0;0;0;0;0;0;0;0;0;0;0;0;0;0;0;0;0;0;0;0;0;0;0;0;0;0;0;0;0;0
28.02.2024;01:47;A 41;1;0;0;0;0;0;0;0;0;0;0;0;0;0;0;0;0;0;0;0;0;0;0;1;8;0;0;2;3;0;0;0;0;0;0;0;0;0;0;0;0;0;0;0;0;0;0;0;0;0;0;0;0;0;0;0;0;0;0;0;0;0;0
28.02.2024;01:46;A 41;1;0;0;0;0;0;0;0;0;0;0;0;0;0;0;0;0;0;0;0;0;0;0;0;0;0;0;0;0;0;0;0;0;0;0;0;0;0;0;0;0;0;0;0;0;0;0;0;0;0;0;0;0;0;0;0;0;0;0;0;0;0;0
28.02.2024;01:45;A 41;1;0;0;0;0;0;0;0;0;0;0;0;0;0;0;1;1;1;1;0;0;0;0;0;0;0;0;0;0;0;0;0;0;0;0;0;0;0;0;0;0;0;0;0;0;0;0;0;0;0;0;0;0;0;0;0;0;0;0;0;0;0;0
28.02.2024;01:44;A 41;1;0;0;0;0;0;0;0;0;0;0;1;21;0;0;1;1;0;0;0;0;0;0;0;0;0;0;0;0;0;0;0;0;0;0;0;0;0;0;0;0;0;0;0;0;0;0;0;0;0;0;0;0;0;0;0;0;0;0;0;0;0;0
28.02.2024;01:43;A 41;1;0;0;0;0;0;0;0;0;0;0;0;0;0;0;0;0;0;0;0;0;0;0;0;0;0;0;0;0;0;0;0;0;0;0;0;0;0;0;0;0;0;0;0;0;0;0;0;0;0;0;0;0;0;0;0;0;0;0;0;0;0;0
28.02.2024;01:42;A 41;1;0;0;0;0;0;0;0;0;0;0;0;0;0;0;1;1;0;0;0;0;0;0;0;0;0;0;0;0;0;0;0;0;0;0;0;0;0;0;0;0;0;0;0;0;0;0;0;0;0;0;0;0;0;0;0;0;0;0;0;0;0;0
28.02.2024;01:41;A 41;1;0;0;0;0;0;0;0;0;0;0;0;0;0;0;0;0;0;0;0;0;1;15;0;0;0;0;0;0;0;0;0;0;0;0;0;0;0;0;0;0;0;0;0;0;0;0;0;0;0;0;0;0;0;0;0;0;0;0;0;0;0;0
28.02.2024;01:40;A 41;1;1;1;0;0;0;0;0;0;0;0;0;0;0;0;0;0;0;0;0;0;0;0;2;20;0;0;1;5;0;0;0;0;0;0;0;0;0;0;0;0;0;0;0;0;0;0;0;0;0;0;0;0;0;0;0;0;0;0;0;0;0;0
28.02.2024;01:39;A 41;1;0;0;0;0;0;0;0;0;0;0;1;22;0;0;0;0;0;0;0;0;0;0;0;0;0;0;0;0;0;0;0;0;0;0;0;0;0;0;0;0;0;0;0;0;0;0;0;0;0;0;0;0;0;0;0;0;0;0;0;0;0;0
28.02.2024;01:38;A 41;1;0;0;0;0;0;0;0;0;0;0;0;38;0;35;0;0;0;0;0;0;0;0;0;0;0;0;0;0;0;0;0;0;0;0;0;0;0;0;0;0;0;0;0;0;0;0;0;0;0;0;0;0;0;0;0;0;0;0;0;0;0;0
28.02.2024;01:37;A 41;1;0;0;1;3;1;6;0;0;0;0;1;12;1;11;0;0;0;0;0;0;1;13;0;0;1;10;0;0;0;0;0;0;0;0;0;0;0;0;0;0;0;0;0;0;0;0;0;0;0;0;0;0;0;0;0;0;0;0;0;0;0;0
28.02.2024;01:36;A 41;1;0;0;0;0;0;0;0;0;0;0;0;0;0;0;0;0;0;0;0;0;3;22;0;0;1;11;0;0;0;0;0;0;0;0;0;0;0;0;0;0;0;0;0;0;0;0;0;0;0;0;0;0;0;0;0;0;0;0;0;0;0;0
28.02.2024;01:35;A 41;1;0;0;0;0;0;0;0;0;0;0;0;0;0;0;0;0;2;2;1;0;0;0;0;0;0;0;0;0;0;0;0;0;0;0;0;0;0;0;0;0;0;0;0;0;0;0;0;0;0;0;0;0;0;0;0;0;0;0;0;0;0;0
28.02.2024;01:34;A 41;1;0;0;0;0;0;0;0;0;0;0;1;22;0;0;0;0;0;0;0;0;0;0;0;0;0;0;0;0;0;0;0;0;0;0;0;0;0;0;0;0;0;0;0;0;0;0;0;0;0;0;0;0;0;0;0;0;0;0;0;0;0;0
28.02.2024;01:33;A 41;1;1;2;0;0;0;0;0;0;0;0;0;0;0;0;0;0;0;0;0;0;0;0;0;0;0;0;0;0;0;0;0;0;0;0;0;0;0;0;0;0;0;0;0;0;0;0;0;0;0;0;0;0;0;0;0;0;0;0;0;0;0;0
28.02.2024;01:32;A 41;1;0;0;0;0;0;0;0;0;0;0;0;0;0;0;0;0;0;0;0;0;0;0;0;0;0;0;0;0;0;0;0;0;0;0;0;0;0;0;0;0;0;0;0;0;0;0;0;0;0;0;0;0;0;0;0;0;0;0;0;0;0;0
28.02.2024;01:31;A 41;1;0;0;0;0;0;0;0;0;0;0;0;0;0;0;0;0;0;0;0;0;0;0;0;0;0;0;0;0;0;0;0;0;0;0;0;0;0;0;0;0;0;0;0;0;0;0;0;0;0;0;0;0;0;0;0;0;0;0;0;0;0;0
28.02.2024;01:30;A 41;1;0;0;1;1;1;5;0;0;0;0;0;0;0;0;1;14;0;0;0;0;1;6;0;0;0;0;0;0;0;0;0;0;0;0;0;0;0;0;0;0;0;0;0;0;0;0;0;0;0;0;0;0;0;0;0;0;0;0;0;0;0;0
28.02.2024;01:29;A 41;1;0;0;0;0;0;0;0;0;0;0;1;28;0;0;0;0;0;0;0;0;1;14;0;0;1;2;0;0;0;0;0;0;0;0;0;0;0;0;0;0;0;0;0;0;0;0;0;0;0;0;0;0;0;0;0;0;0;0;0;0;0;0
28.02.2024;01:28;A 41;1;0;0;0;0;0;0;0;0;0;0;0;0;0;0;0;0;0;0;0;0;0;0;0;0;0;0;0;0;0;0;0;0;0;0;0;0;0;0;0;0;0;0;0;0;0;0;0;0;0;0;0;0;0;0;0;0;0;0;0;0;0;0
28.02.2024;01:27;A 41;1;0;0;0;0;0;0;0;0;0;0;0;0;0;0;0;0;0;0;0;0;0;0;0;0;0;0;0;0;0;0;0;0;0;0;0;0;0;0;0;0;0;0;0;0;0;0;0;0;0;0;0;0;0;0;0;0;0;0;0;0;0;0
28.02.2024;01:26;A 41;1;0;0;1;2;1;2;0;0;0;0;0;0;0;0;0;0;1;1;0;0;1;11;0;0;1;2;0;0;0;0;0;0;0;0;0;0;0;0;0;0;0;0;0;0;0;0;0;0;0;0;0;0;0;0;0;0;0;0;0;0;0;0
28.02.2024;01:25;A 41;1;0;0;0;0;0;0;0;0;0;0;0;0;0;0;0;0;0;0;0;0;0;0;0;0;0;0;0;0;0;0;0;0;0;0;0;0;0;0;0;0;0;0;0;0;0;0;0;0;0;0;0;0;0;0;0;0;0;0;0;0;0;0
28.02.2024;01:24;A 41;1;0;0;0;0;0;0;0;0;0;0;0;0;0;0;0;0;0;0;0;0;0;0;0;0;0;2;0;0;0;0;0;0;0;0;0;0;0;0;0;0;0;0;0;0;0;0;0;0;0;0;0;0;0;0;0;0;0;0;0;0;0;0
28.02.2024;01:23;A 41;1;0;0;0;0;0;0;0;0;0;0;0;0;0;0;0;0;0;0;0;0;1;7;0;0;1;1;0;0;0;0;0;0;0;0;0;0;0;0;0;0;0;0;0;0;0;0;0;0;0;0;0;0;0;0;0;0;0;0;0;0;0;0
28.02.2024;01:22;A 41;1;0;0;0;0;0;0;0;0;0;0;0;0;0;0;0;0;0;0;0;0;0;0;0;0;0;0;0;0;0;0;0;0;0;0;0;0;0;0;0;0;0;0;0;0;0;0;0;0;0;0;0;0;0;0;0;0;0;0;0;0;0;0
28.02.2024;01:21;A 41;1;2;43;0;0;0;0;0;0;0;0;2;24;0;0;0;0;2;2;1;4;0;0;0;0;0;0;0;0;0;0;0;0;0;0;0;0;0;0;0;0;0;0;0;0;0;0;0;0;0;0;0;0;0;0;0;0;0;0;0;0;0;0
28.02.2024;01:20;A 41;1;0;0;0;0;1;2;0;0;0;0;0;0;0;0;0;0;1;1;0;0;0;0;0;0;0;0;0;0;0;0;0;0;0;0;0;0;0;0;0;0;0;0;0;0;0;0;0;0;0;0;0;0;0;0;0;0;0;0;0;0;0;0
28.02.2024;01:19;A 41;1;0;0;1;2;1;2;0;0;0;0;0;0;0;0;0;0;0;0;0;0;0;0;0;0;0;0;0;0;0;0;0;0;0;0;0;0;0;0;0;0;0;0;0;0;0;0;0;0;0;0;0;0;0;0;0;0;0;0;0;0;0;0
28.02.2024;01:18;A 41;1;0;0;0;0;0;0;0;0;0;0;1;22;0;0;0;0;0;0;0;0;0;0;0;0;0;0;0;0;0;0;0;0;0;0;0;0;0;0;0;0;0;0;0;0;0;0;0;0;0;0;0;0;0;0;0;0;0;0;0;0;0;0
28.02.2024;01:17;A 41;1;0;0;0;0;0;0;0;0;0;0;0;0;0;0;0;0;1;3;0;0;2;12;0;0;2;6;0;0;0;0;0;0;0;0;0;0;0;0;0;0;0;0;0;0;0;0;0;0;0;0;0;0;0;0;0;0;0;0;0;0;0;0
28.02.2024;01:16;A 41;1;0;0;0;0;0;0;0;0;0;0;0;0;0;0;0;0;0;0;0;0;0;0;0;0;0;0;0;0;0;0;0;0;0;0;0;0;0;0;0;0;0;0;0;0;0;0;0;0;0;0;0;0;0;0;0;0;0;0;0;0;0;0
28.02.2024;01:15;A 41;1;0;0;0;0;0;0;0;0;0;0;0;0;0;0;0;0;0;0;0;0;0;0;0;0;0;0;0;0;0;0;0;0;0;0;0;0;0;0;0;0;0;0;0;0;0;0;0;0;0;0;0;0;0;0;0;0;0;0;0;0;0;0
28.02.2024;01:14;A 41;1;1;2;0;0;0;0;0;0;0;0;0;0;0;0;0;0;0;0;0;0;0;0;0;0;0;0;0;0;0;0;0;0;0;0;0;0;0;0;0;0;0;0;0;0;0;0;0;0;0;0;0;0;0;0;0;0;0;0;0;0;0;0
28.02.2024;01:13;A 41;1;0;0;0;0;0;0;0;0;0;0;0;0;0;0;0;15;1;24;0;0;0;0;0;0;0;0;0;0;0;0;0;0;0;0;0;0;0;0;0;0;0;0;0;0;0;0;0;0;0;0;0;0;0;0;0;0;0;0;0;0;0;0
28.02.2024;01:12;A 41;1;0;0;0;0;0;0;0;0;0;0;1;21;0;0;1;12;1;8;0;0;0;0;0;0;0;0;0;0;0;0;0;0;0;0;0;0;0;0;0;0;0;0;0;0;0;0;0;0;0;0;0;0;0;0;0;0;0;0;0;0;0;0
28.02.2024;01:11;A 41;1;1;2;0;0;0;0;0;0;0;0;0;0;0;0;1;1;1;1;0;0;1;14;0;0;1;13;0;0;0;0;0;0;0;0;0;0;0;0;0;0;0;0;0;0;0;0;0;0;0;0;0;0;0;0;0;0;0;0;0;0;0;0
28.02.2024;01:10;A 41;1;0;0;0;0;0;0;0;0;0;0;1;22;0;0;0;0;0;0;0;0;1;9;1;13;0;0;1;4;0;0;0;0;0;0;0;0;0;0;0;0;0;0;0;0;0;0;0;0;0;0;0;0;0;0;0;0;0;0;0;0;0;0
28.02.2024;01:09;A 41;1;0;0;0;0;0;0;0;0;0;0;0;0;0;0;0;0;0;0;0;0;2;14;0;0;0;0;0;0;0;0;0;0;0;0;0;0;0;0;0;0;0;0;0;0;0;0;0;0;0;0;0;0;0;0;0;0;0;0;0;0;0;0
28.02.2024;01:08;A 41;1;0;0;0;0;0;0;0;0;0;0;0;0;0;0;0;0;0;0;0;0;1;8;1;3;0;0;0;0;0;0;0;0;0;0;0;0;0;0;0;0;0;0;0;0;0;0;0;0;0;0;0;0;0;0;0;0;0;0;0;0;0;0
28.02.2024;01:07;A 41;1;0;0;0;0;0;0;0;0;0;0;1;21;0;0;0;0;0;0;0;0;0;0;0;0;0;0;0;0;0;0;0;0;0;0;0;0;0;0;0;0;0;0;0;0;0;0;0;0;0;0;0;0;0;0;0;0;0;0;0;0;0;0
28.02.2024;01:06;A 41;1;0;0;1;3;0;0;0;0;0;0;0;0;0;0;0;0;0;0;0;0;2;22;0;0;2;6;0;0;0;0;0;0;0;0;0;0;0;0;0;0;0;0;0;0;0;0;0;0;0;0;0;0;0;0;0;0;0;0;0;0;0;0
28.02.2024;01:05;A 41;1;0;0;1;2;0;0;0;0;0;0;0;0;0;0;0;0;0;0;0;0;1;10;1;11;1;2;1;6;0;0;0;0;0;0;0;0;0;0;0;0;0;0;0;0;0;0;0;0;0;0;0;0;0;0;0;0;0;0;0;0;0;0
28.02.2024;01:04;A 41;1;1;2;0;0;0;0;0;0;0;0;0;0;0;0;1;1;1;1;1;0;0;0;0;0;0;0;0;0;0;0;0;0;0;0;0;0;0;0;0;0;0;0;0;0;0;0;0;0;0;0;0;0;0;0;0;0;0;0;0;0;0;0
28.02.2024;01:03;A 41;1;0;0;0;0;0;0;0;0;0;0;0;0;0;0;0;0;0;0;1;1;0;0;0;0;0;0;0;0;0;0;0;0;0;0;0;0;0;0;0;0;0;0;0;0;0;0;0;0;0;0;0;0;0;0;0;0;0;0;0;0;0;0
28.02.2024;01:02;A 41;1;0;0;0;0;0;0;0;0;0;0;0;0;0;0;0;0;1;1;1;2;1;12;0;0;0;0;0;6;0;0;0;0;0;0;0;0;0;0;0;0;0;0;0;0;0;0;0;0;0;0;0;0;0;0;0;0;0;0;0;0;0;0
28.02.2024;01:01;A 41;1;0;0;0;0;0;0;0;0;0;0;1;23;0;0;0;0;0;0;0;0;0;0;1;13;0;0;2;8;0;0;0;0;0;0;0;0;0;0;0;0;0;0;0;0;0;0;0;0;0;0;0;0;0;0;0;0;0;0;0;0;0;0
28.02.2024;01:00;A 41;1;0;0;0;0;0;0;0;0;0;0;0;0;0;0;0;0;0;0;0;0;0;0;0;0;1;3;0;0;0;0;0;0;0;0;0;0;0;0;0;0;0;0;0;0;0;0;0;0;0;0;0;0;0;0;0;0;0;0;0;0;0;0
