Datum;Uhrzeit;Bezeichnung;Intervall;D21Z;D21B;V22Z;V22B;D31Z;D31B;V32Z;V32B;D51Z;D51B;D52Z;D52B;V53Z;V53B;V54Z;V54B;D81Z;D81B;D82Z;D82B;D83Z;D83B;V84Z;V84B;V85Z;V85B;V86Z;V86B;TS55Z;TS55B;TF32Z;TF32B;TF33Z;TF33B;TF35Z;TF35B;TF38Z;TF38B;TF39Z;TF39B;TBS32Z;TBS32B;TBS33Z;TBS33B;TBS35Z;TBS35B;TBS38Z;TBS38B;TBS39Z;TBS39B;TF32aZ;TF32aB;TF33aZ;TF33aB;TF35aZ;TF35aB;TF38aZ;TF38aB;TF39aZ;TF39aB;TBS32aZ;TBS32aB;TBS33aZ;TBS33aB;TBS35aZ;TBS35aB;TBS38aZ;TBS38aB;TBS39aZ;TBS39aB
12.06.2024;02:00;A 21;1;0;0;0;0;0;0;0;0;0;0;0;0;0;0;0;0;0;0;2;1;1;0;0;0;2;3;2;4;0;0;0;0;0;0;0;0;0;0;0;0;0;0;0;0;0;0;0;0;0;0;0;0;0;0;0;0;0;0;0;0;0;0;0;0;0;0;0;0;0;0
12.06.2024;01:59;A 21;1;0;0;0;0;0;0;0;0;0;0;0;0;1;2;1;4;0;0;0;0;0;0;0;0;0;0;0;0;0;0;0;0;0;0;0;0;0;0;0;0;0;0;0;0;0;0;0;0;0;0;0;0;0;0;0;0;0;0;0;0;0;0;0;0;0;0;0;0;0;0
12.06.2024;01:58;A 21;1;0;0;0;0;0;0;0;0;0;0;0;0;0;0;0;0;0;0;0;0;0;0;0;0;0;0;0;0;0;0;0;0;0;0;0;0;0;0;0;0;0;0;0;0;0;0;0;0;0;0;0;0;0;0;0;0;0;0;0;0;0;0;0;0;0;0;0;0;0;0
12.06.2024;01:57;A 21;1;0;0;0;0;0;0;0;0;0;0;0;0;0;0;0;0;0;0;0;0;0;0;0;0;0;0;0;0;0;0;0;0;0;0;0;0;0;0;0;0;0;0;0;0;0;0;0;0;0;0;0;0;0;0;0;0;0;0;0;0;0;0;0;0;0;0;0;0;0;0
12.06.2024;01:56;A 21;1;0;0;0;0;0;0;0;0;0;0;0;0;0;0;0;0;0;0;0;0;0;0;0;0;0;0;0;0;0;0;0;0;0;0;0;0;0;0;0;0;0;0;0;0;0;0;0;0;0;0;0;0;0;0;0;0;0;0;0;0;0;0;0;0;0;0;0;0;0;0
12.06.2024;01:55;A 21;1;0;0;0;0;0;0;0;0;0;0;0;0;0;0;0;0;0;0;0;0;0;0;0;0;0;0;0;0;0;0;0;0;0;0;0;0;0;0;0;0;0;0;0;0;0;0;0;0;0;0;0;0;0;0;0;0;0;0;0;0;0;0;0;0;0;0;0;0;0;0
12.06.2024;01:54;A 21;1;0;0;0;0;0;0;0;0;0;0;0;0;0;0;0;0;0;0;0;0;0;0;1;1;0;0;0;0;0;0;0;0;0;0;0;0;0;0;0;0;0;0;0;0;0;0;0;0;0;0;0;0;0;0;0;0;0;0;0;0;0;0;0;0;0;0;0;0;0;0
12.06.2024;01:53;A 21;1;0;0;0;0;0;0;0;0;0;0;0;0;0;0;0;0;0;0;0;0;0;0;0;0;0;0;0;0;0;0;0;0;0;0;0;0;0;0;0;0;0;0;0;0;0;0;0;0;0;0;0;0;0;0;0;0;0;0;0;0;0;0;0;0;0;0;0;0;0;0
12.06.2024;01:52;A 21;1;1;0;1;2;0;0;1;3;0;0;0;0;0;0;0;0;0;0;0;0;0;0;0;0;0;0;0;0;0;0;0;0;0;0;0;0;0;0;0;0;0;0;0;0;0;0;0;0;0;0;0;0;0;0;0;0;0;0;0;0;0;0;0;0;0;0;0;0;0;0
12.06.2024;01:51;A 21;1;0;0;0;0;0;0;0;0;0;0;0;0;0;0;0;0;0;0;1;0;0;0;0;0;0;0;1;5;0;0;0;0;0;0;0;0;0;0;0;0;0;0;0;0;0;0;0;0;0;0;0;0;0;0;0;0;0;0;0;0;0;0;0;0;0;0;0;0;0;0
12.06.2024;01:50;A 21;1;1;0;1;2;0;0;0;0;0;0;0;0;0;0;0;0;0;0;0;0;0;0;0;0;0;0;0;0;0;0;0;0;0;0;0;0;0;0;0;0;0;0;0;0;0;0;0;0;0;0;0;0;0;0;0;0;0;0;0;0;0;0;0;0;0;0;0;0;0;0
12.06.2024;01:49;A 21;1;0;0;0;0;0;0;0;0;0;0;0;0;0;0;0;0;0;0;0;0;0;0;0;0;0;0;0;0;0;0;0;0;0;0;0;0;0;0;0;0;0;0;0;0;0;0;0;0;0;0;0;0;0;0;0;0;0;0;0;0;0;0;0;0;0;0;0;0;0;0
12.06.2024;01:48;A 21;1;0;0;0;0;0;0;0;0;0;0;0;0;0;0;0;0;0;0;2;0;2;1;0;0;2;7;0;0;0;0;0;0;0;0;0;0;0;0;0;0;0;0;0;0;0;0;0;0;0;0;0;0;0;0;0;0;0;0;0;0;0;0;0;0;0;0;0;0;0;0
12.06.2024;01:47;A 21;1;1;0;1;4;0;0;1;5;0;0;0;0;0;0;0;0;0;0;0;0;0;0;0;0;0;0;0;0;0;0;0;0;0;0;0;0;0;0;0;0;0;0;0;0;0;0;0;0;0;0;0;0;0;0;0;0;0;0;0;0;0;0;0;0;0;0;0;0;0;0
12.06.2024;01:46;A 21;1;1;0;1;1;1;0;0;0;0;0;0;0;0;0;0;0;0;0;0;0;0;0;0;0;0;0;0;0;0;0;0;0;0;0;0;0;0;0;0;0;0;0;0;0;0;0;0;0;0;0;0;0;0;0;0;0;0;0;0;0;0;0;0;0;0;0;0;0;0;0
12.06.2024;01:45;A 21;1;0;0;0;0;0;0;0;0;0;0;0;0;0;0;0;0;0;0;0;0;0;0;0;0;0;0;0;0;0;0;0;0;0;0;0;0;0;0;0;0;0;0;0;0;0;0;0;0;0;0;0;0;0;0;0;0;0;0;0;0;0;0;0;0;0;0;0;0;0;0
12.06.2024;01:44;A 21;1;0;0;0;0;0;0;0;0;0;0;0;0;0;0;0;0;0;0;0;4;0;5;0;0;1;1;0;0;0;0;0;0;0;0;0;0;0;0;0;0;0;0;0;0;0;0;0;0;0;0;0;0;0;0;0;0;0;0;0;0;0;0;0;0;0;0;0;0;0;0
12.06.2024;01:43;A 21;1;0;0;0;0;0;0;0;62;0;0;0;0;0;0;0;0;0;0;1;17;1;18;0;0;2;10;1;7;0;0;0;0;0;0;0;0;0;0;0;0;0;0;0;0;0;0;0;0;0;0;0;0;0;0;0;0;0;0;0;0;0;0;0;0;0;0;0;0;0;0
12.06.2024;01:42;A 21;1;0;0;0;0;0;0;0;100;0;0;0;0;0;0;0;0;0;0;1;2;1;3;0;0;1;5;2;5;0;0;0;0;0;0;0;0;0;0;0;0;0;0;0;0;0;0;0;0;0;0;0;0;0;0;0;0;0;0;0;0;0;0;0;0;0;0;0;0;0;0
12.06.2024;01:41;A 21;1;0;0;0;0;0;0;0;100;0;0;0;0;0;0;0;0;0;0;0;0;0;0;0;0;0;0;0;0;0;0;0;0;0;0;0;0;0;0;0;0;0;0;0;0;0;0;0;0;0;0;0;0;0;0;0;0;0;0;0;0;0;0;0;0;0;0;0;0;0;0
12.06.2024;01:40;A 21;1;0;0;0;0;0;0;0;100;0;0;0;0;0;0;0;0;0;0;1;27;1;27;0;0;0;27;0;0;0;0;0;0;0;0;0;0;0;0;0;0;0;0;0;0;0;0;0;0;0;0;0;0;0;0;0;0;0;0;0;0;0;0;0;0;0;0;0;0;0;0
12.06.2024;01:39;A 21;1;0;0;0;0;0;0;0;100;0;0;0;0;0;0;0;0;0;0;0;0;0;0;0;0;1;11;1;11;0;0;0;0;0;0;0;0;0;0;0;0;0;0;0;0;0;0;0;0;0;0;0;0;0;0;0;0;0;0;0;0;0;0;0;0;0;0;0;0;0;0
12.06.2024;01:38;A 21;1;0;0;0;0;0;0;0;100;0;0;0;0;0;0;0;0;0;0;0;0;0;0;0;0;0;0;0;0;0;0;0;0;0;0;0;0;0;0;0;0;0;0;0;0;0;0;0;0;0;0;0;0;0;0;0;0;0;0;0;0;0;0;0;0;0;0;0;0;0;0
12.06.2024;01:37;A 21;1;0;0;0;0;0;0;0;100;0;0;0;0;0;0;0;0;0;0;0;0;0;0;0;0;0;0;0;0;0;0;0;0;0;0;0;0;0;0;0;0;0;0;0;0;0;0;0;0;0;0;0;0;0;0;0;0;0;0;0;0;0;0;0;0;0;0;0;0;0;0
12.06.2024;01:36;A 21;1;0;0;0;0;0;0;0;100;0;0;0;0;0;0;0;0;0;0;0;0;0;0;0;0;0;0;0;0;0;0;0;0;0;0;0;0;0;0;0;0;0;0;0;0;0;0;0;0;0;0;0;0;0;0;0;0;0;0;0;0;0;0;0;0;0;0;0;0;0;0
12.06.2024;01:35;A 21;1;0;0;0;0;0;0;0;100;0;0;0;0;0;0;0;0;0;0;0;0;0;0;0;0;0;0;0;0;0;0;0;0;0;0;0;0;0;0;0;0;0;0;0;0;0;0;0;0;0;0;0;0;0;0;0;0;0;0;0;0;0;0;0;0;0;0;0;0;0;0
12.06.2024;01:34;A 21;1;0;0;0;0;0;0;0;100;0;0;0;0;0;0;0;0;0;0;1;0;1;0;0;0;1;6;1;7;0;0;0;0;0;0;0;0;0;0;0;0;0;0;0;0;0;0;0;0;0;0;0;0;0;0;0;0;0;0;0;0;0;0;0;0;0;0;0;0;0;0
12.06.2024;01:33;A 21;1;1;0;1;2;0;0;1;99;0;0;0;0;0;0;0;0;0;0;0;0;0;0;0;0;0;0;0;0;0;0;0;0;0;0;0;0;0;0;0;0;0;0;0;0;0;0;0;0;0;0;0;0;0;0;0;0;0;0;0;0;0;0;0;0;0;0;0;0;0;0
12.06.2024;01:32;A 21;1;0;0;0;0;0;0;0;100;0;0;0;0;0;0;0;0;0;0;0;0;0;0;1;6;0;0;0;0;0;0;0;0;0;0;0;0;0;0;0;0;0;0;0;0;0;0;0;0;0;0;0;0;0;0;0;0;0;0;0;0;0;0;0;0;0;0;0;0;0;0
12.06.2024;01:31;A 21;1;0;0;0;0;0;0;0;100;0;0;0;0;0;0;0;0;0;0;0;0;0;0;0;0;0;0;0;0;0;0;0;0;0;0;0;0;0;0;0;0;0;0;0;0;0;0;0;0;0;0;0;0;0;0;0;0;0;0;0;0;0;0;0;0;0;0;0;0;0;0
12.06.2024;01:30;A 21;1;0;0;0;0;0;0;0;100;0;0;0;0;0;0;0;0;0;0;0;0;0;0;0;0;0;0;0;0;0;0;0;0;0;0;0;0;0;0;0;0;0;0;0;0;0;0;0;0;0;0;0;0;0;0;0;0;0;0;0;0;0;0;0;0;0;0;0;0;0;0
12.06.2024;01:29;A 21;1;1;0;1;2;0;0;0;100;0;0;0;0;0;0;0;0;0;0;0;0;0;0;0;0;0;0;0;0;0;0;0;0;0;0;0;0;0;0;0;0;0;0;0;0;0;0;0;0;0;0;0;0;0;0;0;0;0;0;0;0;0;0;0;0;0;0;0;0;0;0
12.06.2024;01:28;A 21;1;0;0;0;0;0;0;0;100;0;0;0;0;0;0;0;0;0;0;0;0;0;0;0;0;0;0;0;0;0;0;0;0;0;0;0;0;0;0;0;0;0;0;0;0;0;0;0;0;0;0;0;0;0;0;0;0;0;0;0;0;0;0;0;0;0;0;0;0;0;0
12.06.2024;01:27;A 21;1;0;0;0;0;0;0;0;100;0;0;0;0;0;0;0;0;0;0;0;0;0;0;0;0;0;0;0;0;0;0;0;0;0;0;0;0;0;0;0;0;0;0;0;0;0;0;0;0;0;0;0;0;0;0;0;0;0;0;0;0;0;0;0;0;0;0;0;0;0;0
12.06.2024;01:26;A 21;1;2;1;2;3;1;0;1;36;0;0;0;0;0;0;0;0;0;0;1;1;0;0;0;0;0;0;1;6;0;0;0;0;0;0;0;0;0;0;0;0;0;0;0;0;0;0;0;0;0;0;0;0;0;0;0;0;0;0;0;0;0;0;0;0;0;0;0;0;0;0
12.06.2024;01:25;A 21;1;1;0;1;3;0;0;0;0;0;0;0;0;0;0;0;0;0;0;0;0;0;0;0;0;0;0;0;0;0;0;0;0;0;0;0;0;0;0;0;0;0;0;0;0;0;0;0;0;0;0;0;0;0;0;0;0;0;0;0;0;0;0;0;0;0;0;0;0;0;0
12.06.2024;01:24;A 21;1;0;0;0;0;0;0;0;0;1;11;1;42;0;0;2;10;0;0;0;0;0;0;0;0;0;0;0;0;0;0;0;0;0;0;0;0;0;0;0;0;0;0;0;0;0;0;0;0;0;0;0;0;0;0;0;0;0;0;0;0;0;0;0;0;0;0;0;0;0;0
12.06.2024;01:23;A 21;1;2;1;1;6;0;0;0;0;0;0;0;0;0;0;0;0;0;0;1;0;0;0;0;0;0;0;1;3;0;0;0;0;0;0;0;0;0;0;0;0;0;0;0;0;0;0;0;0;0;0;0;0;0;0;0;0;0;0;0;0;0;0;0;0;0;0;0;0;0;0
12.06.2024;01:22;A 21;1;0;0;0;0;0;0;0;0;0;0;0;0;0;0;0;0;0;0;2;1;1;0;0;0;1;3;1;8;0;0;0;0;0;0;0;0;0;0;0;0;0;0;0;0;0;0;0;0;0;0;0;0;0;0;0;0;0;0;0;0;0;0;0;0;0;0;0;0;0;0
12.06.2024;01:21;A 21;1;1;0;1;2;0;0;0;0;0;0;0;0;0;0;0;0;0;0;0;0;0;0;0;0;0;0;0;0;0;0;0;0;0;0;0;0;0;0;0;0;0;0;0;0;0;0;0;0;0;0;0;0;0;0;0;0;0;0;0;0;0;0;0;0;0;0;0;0;0;0
12.06.2024;01:20;A 21;1;0;0;0;0;0;0;0;0;0;0;0;0;0;0;0;0;0;0;0;0;0;0;0;0;0;0;0;0;0;0;0;0;0;0;0;0;0;0;0;0;0;0;0;0;0;0;0;0;0;0;0;0;0;0;0;0;0;0;0;0;0;0;0;0;0;0;0;0;0;0
12.06.2024;01:19;A 21;1;0;0;0;0;0;0;0;0;0;0;0;0;0;0;0;0;1;0;0;0;0;0;2;3;0;0;0;0;0;0;0;0;0;0;0;0;0;0;0;0;0;0;0;0;0;0;0;0;0;0;0;0;0;0;0;0;0;0;0;0;0;0;0;0;0;0;0;0;0;0
12.06.2024;01:18;A 21;1;0;0;0;0;0;0;0;0;0;0;0;0;0;0;0;0;0;0;0;0;0;0;0;0;0;0;0;0;0;0;0;0;0;0;0;0;0;0;0;0;0;0;0;0;0;0;0;0;0;0;0;0;0;0;0;0;0;0;0;0;0;0;0;0;0;0;0;0;0;0
12.06.2024;01:17;A 21;1;0;0;0;0;0;0;0;0;0;0;0;0;0;0;0;0;0;0;0;0;0;0;0;0;0;0;0;0;0;0;0;0;0;0;0;0;0;0;0;0;0;0;0;0;0;0;0;0;0;0;0;0;0;0;0;0;0;0;0;0;0;0;0;0;0;0;0;0;0;0
12.06.2024;01:16;A 21;1;2;1;2;5;0;0;0;0;0;0;0;0;0;0;0;0;0;0;0;0;0;0;0;0;0;0;0;0;0;0;0;0;0;0;0;0;0;0;0;0;0;0;0;0;0;0;0;0;0;0;0;0;0;0;0;0;0;0;0;0;0;0;0;0;0;0;0;0;0;0
12.06.2024;01:15;A 21;1;0;0;0;0;0;0;0;0;0;0;0;0;0;0;0;0;0;0;0;0;0;0;0;0;0;0;0;0;0;0;0;0;0;0;0;0;0;0;0;0;0;0;0;0;0;0;0;0;0;0;0;0;0;0;0;0;0;0;0;0;0;0;0;0;0;0;0;0;0;0
12.06.2024;01:14;A 21;1;1;0;1;1;0;0;0;0;0;0;0;0;0;0;0;0;0;0;0;0;0;0;0;0;0;0;0;0;0;0;0;0;0;0;0;0;0;0;0;0;0;0;0;0;0;0;0;0;0;0;0;0;0;0;0;0;0;0;0;0;0;0;0;0;0;0;0;0;0;0
12.06.2024;01:13;A 21;1;0;0;0;0;0;0;0;0;0;0;0;0;0;0;0;0;0;0;0;0;0;0;0;0;0;0;0;0;0;0;0;0;0;0;0;0;0;0;0;0;0;0;0;0;0;0;0;0;0;0;0;0;0;0;0;0;0;0;0;0;0;0;0;0;0;0;0;0;0;0
12.06.2024;01:12;A 21;1;0;0;0;0;0;0;0;0;0;0;0;0;0;0;0;0;0;0;0;0;0;0;0;0;0;0;0;0;0;0;0;0;0;0;0;0;0;0;0;0;0;0;0;0;0;0;0;0;0;0;0;0;0;0;0;0;0;0;0;0;0;0;0;0;0;0;0;0;0;0
12.06.2024;01:11;A 21;1;0;0;0;0;0;0;0;0;0;0;0;0;0;0;0;0;0;0;1;0;1;0;0;0;1;3;1;1;0;0;0;0;0;0;0;0;0;0;0;0;0;0;0;0;0;0;0;0;0;0;0;0;0;0;0;0;0;0;0;0;0;0;0;0;0;0;0;0;0;0
12.06.2024;01:10;A 21;1;0;0;0;0;0;0;0;0;0;0;0;0;0;0;0;0;0;0;1;0;1;0;0;0;1;4;2;3;0;0;0;0;0;0;0;0;0;0;0;0;0;0;0;0;0;0;0;0;0;0;0;0;0;0;0;0;0;0;0;0;0;0;0;0;0;0;0;0;0;0
12.06.2024;01:09;A 21;1;0;0;0;0;0;0;0;0;0;0;0;0;0;0;0;0;0;0;0;0;0;0;0;0;0;0;0;0;0;0;0;0;0;0;0;0;0;0;0;0;0;0;0;0;0;0;0;0;0;0;0;0;0;0;0;0;0;0;0;0;0;0;0;0;0;0;0;0;0;0
12.06.2024;01:08;A 21;1;0;0;0;0;0;0;0;0;1;27;1;26;2;2;2;6;0;0;1;0;1;0;0;0;1;4;0;0;0;0;0;0;0;0;0;0;0;0;0;0;0;0;0;0;0;0;0;0;0;0;0;0;0;0;0;0;0;0;0;0;0;0;0;0;0;0;0;0;0;0
12.06.2024;01:07;A 21;1;0;0;0;0;0;0;0;0;0;0;0;0;0;0;0;0;0;0;0;0;0;0;0;0;0;0;0;0;0;0;0;0;0;0;0;0;0;0;0;0;0;0;0;0;0;0;0;0;0;0;0;0;0;0;0;0;0;0;0;0;0;0;0;0;0;0;0;0;0;0
12.06.2024;01:06;A 21;1;0;0;0;0;0;0;0;0;0;0;0;0;0;0;0;0;0;0;0;0;0;0;0;0;0;0;0;0;0;0;0;0;0;0;0;0;0;0;0;0;0;0;0;0;0;0;0;0;0;0;0;0;0;0;0;0;0;0;0;0;0;0;0;0;0;0;0;0;0;0
12.06.2024;01:05;A 21;1;0;0;0;0;0;0;0;0;0;0;0;0;0;0;0;0;0;0;0;0;0;0;0;0;0;0;0;0;0;0;0;0;0;0;0;0;0;0;0;0;0;0;0;0;0;0;0;0;0;0;0;0;0;0;0;0;0;0;0;0;0;0;0;0;0;0;0;0;0;0
12.06.2024;01:04;A 21;1;2;2;2;8;0;0;0;0;0;0;0;0;0;0;0;0;0;0;0;0;0;0;0;0;0;0;0;0;0;0;0;0;0;0;0;0;0;0;0;0;0;0;0;0;0;0;0;0;0;0;0;0;0;0;0;0;0;0;0;0;0;0;0;0;0;0;0;0;0;0
12.06.2024;01:03;A 21;1;0;0;0;0;0;0;0;0;0;0;0;0;0;0;0;0;0;0;4;1;3;0;0;0;3;5;3;7;0;0;0;0;0;0;0;0;0;0;0;0;0;0;0;0;0;0;0;0;0;0;0;0;0;0;0;0;0;0;0;0;0;0;0;0;0;0;0;0;0;0
12.06.2024;01:02;A 21;1;1;0;1;2;0;0;0;0;0;0;0;0;0;0;0;0;1;0;0;0;0;0;2;2;0;0;0;0;0;0;0;0;0;0;0;0;0;0;0;0;0;0;0;0;0;0;0;0;0;0;0;0;0;0;0;0;0;0;0;0;0;0;0;0;0;0;0;0;0;0
12.06.2024;01:01;A 21;1;2;1;3;7;0;0;0;0;0;0;0;0;0;0;0;0;0;0;0;0;0;0;0;0;0;0;0;0;0;0;0;0;0;0;0;0;0;0;0;0;0;0;0;0;0;0;0;0;0;0;0;0;0;0;0;0;0;0;0;0;0;0;0;0;0;0;0;0;0;0
12.06.2024;01:00;A 21;1;0;0;0;0;0;0;0;0;0;0;0;0;0;0;0;0;0;0;1;0;1;0;0;0;1;4;2;1;0;0;0;0;0;0;0;0;0;0;0;0;0;0;0;0;0;0;0;0;0;0;0;0;0;0;0;0;0;0;0;0;0;0;0;0;0;0;0;0;0;0
12.06.2024;00:59;A 21;1;1;0;1;3;0;0;0;0;0;0;0;0;0;0;0;0;0;0;0;0;0;0;0;0;0;0;0;0;0;0;0;0;0;0;0;0;0;0;0;0;0;0;0;0;0;0;0;0;0;0;0;0;0;0;0;0;0;0;0;0;0;0;0;0;0;0;0;0;0;0
12.06.2024;00:58;A 21;1;1;0;1;2;0;0;0;0;1;3;1;1;2;2;1;9;0;0;1;0;1;0;0;0;1;3;2;3;0;0;0;0;0;0;0;0;0;0;0;0;0;0;0;0;0;0;0;0;0;0;0;0;0;0;0;0;0;0;0;0;0;0;0;0;0;0;0;0;0;0
12.06.2024;00:57;A 21;1;0;0;0;0;0;0;0;0;0;0;0;0;0;0;0;0;0;0;0;0;0;0;0;0;0;0;0;0;0;0;0;0;0;0;0;0;0;0;0;0;0;0;0;0;0;0;0;0;0;0;0;0;0;0;0;0;0;0;0;0;0;0;0;0;0;0;0;0;0;0
12.06.2024;00:56;A 21;1;2;2;1;5;0;0;0;0;0;0;0;0;0;0;0;0;0;0;0;0;0;0;0;0;0;0;0;0;0;0;0;0;0;0;0;0;0;0;0;0;0;0;0;0;0;0;0;0;0;0;0;0;0;0;0;0;0;0;0;0;0;0;0;0;0;0;0;0;0;0
12.06.2024;00:55;A 21;1;0;0;0;0;0;0;0;0;1;28;0;0;2;4;1;0;0;0;1;14;1;15;0;0;1;8;1;8;0;0;0;0;0;0;0;0;0;0;0;0;0;0;0;0;0;0;0;0;0;0;0;0;0;0;0;0;0;0;0;0;0;0;0;0;0;0;0;0;0;0
12.06.2024;00:54;A 21;1;1;0;1;3;0;0;0;0;0;0;0;0;0;0;0;0;0;0;2;1;1;0;0;0;1;3;3;9;0;0;0;0;0;0;0;0;0;0;0;0;0;0;0;0;0;0;0;0;0;0;0;0;0;0;0;0;0;0;0;0;0;0;0;0;0;0;0;0;0;0
12.06.2024;00:53;A 21;1;0;0;0;0;0;0;0;0;0;0;1;0;0;0;0;0;0;0;2;1;1;0;0;0;1;4;2;8;0;0;0;0;0;0;0;0;0;0;0;0;0;0;0;0;0;0;0;0;0;0;0;0;0;0;0;0;0;0;0;0;0;0;0;0;0;0;0;0;0;0
12.06.2024;00:52;A 21;1;0;0;0;0;0;0;0;0;0;0;0;0;0;0;0;0;0;0;0;0;0;0;0;0;0;0;0;0;0;0;0;0;0;0;0;0;0;0;0;0;0;0;0;0;0;0;0;0;0;0;0;0;0;0;0;0;0;0;0;0;0;0;0;0;0;0;0;0;0;0
12.06.2024;00:51;A 21;1;0;0;0;0;0;0;0;0;0;0;0;0;0;0;0;0;0;0;2;0;2;1;0;0;2;5;1;0;0;0;0;0;0;0;0;0;0;0;0;0;0;0;0;0;0;0;0;0;0;0;0;0;0;0;0;0;0;0;0;0;0;0;0;0;0;0;0;0;0;0
12.06.2024;00:50;A 21;1;1;0;1;3;0;0;0;0;0;0;0;0;0;0;0;0;0;0;0;0;0;0;0;0;0;0;0;0;0;0;0;0;0;0;0;0;0;0;0;0;0;0;0;0;0;0;0;0;0;0;0;0;0;0;0;0;0;0;0;0;0;0;0;0;0;0;0;0;0;0
12.06.2024;00:49;A 21;1;1;0;1;2;0;0;0;0;0;0;0;0;0;0;0;0;0;0;0;0;0;0;0;0;0;0;0;0;0;0;0;0;0;0;0;0;0;0;0;0;0;0;0;0;0;0;0;0;0;0;0;0;0;0;0;0;0;0;0;0;0;0;0;0;0;0;0;0;0;0
12.06.2024;00:48;A 21;1;0;0;0;0;0;0;0;0;0;0;0;0;0;0;0;0;1;0;1;0;1;0;3;5;1;3;1;4;0;0;0;0;0;0;0;0;0;0;0;0;0;0;0;0;0;0;0;0;0;0;0;0;0;0;0;0;0;0;0;0;0;0;0;0;0;0;0;0;0;0
12.06.2024;00:47;A 21;1;0;0;0;0;0;0;0;0;0;0;0;0;0;0;0;0;0;0;1;1;1;2;0;0;1;8;2;6;0;0;0;0;0;0;0;0;0;0;0;0;0;0;0;0;0;0;0;0;0;0;0;0;0;0;0;0;0;0;0;0;0;0;0;0;0;0;0;0;0;0
12.06.2024;00:46;A 21;1;1;0;1;2;0;0;1;1;0;0;0;0;0;0;0;0;0;0;0;0;0;0;0;0;0;0;0;0;0;0;0;0;0;0;0;0;0;0;0;0;0;0;0;0;0;0;0;0;0;0;0;0;0;0;0;0;0;0;0;0;0;0;0;0;0;0;0;0;0;0
12.06.2024;00:45;A 21;1;0;0;0;0;0;0;0;0;0;0;1;26;0;0;2;6;0;0;0;0;0;0;0;0;0;0;0;0;0;0;0;0;0;0;0;0;0;0;0;0;0;0;0;0;0;0;0;0;0;0;0;0;0;0;0;0;0;0;0;0;0;0;0;0;0;0;0;0;0;0
12.06.2024;00:44;A 21;1;1;0;1;2;0;0;0;0;0;0;0;0;0;0;0;0;0;0;0;0;0;0;0;0;0;0;0;0;0;0;0;0;0;0;0;0;0;0;0;0;0;0;0;0;0;0;0;0;0;0;0;0;0;0;0;0;0;0;0;0;0;0;0;0;0;0;0;0;0;0
12.06.2024;00:43;A 21;1;0;0;0;0;0;0;0;0;0;0;0;0;0;0;0;0;0;0;0;0;0;0;0;0;0;0;0;0;0;0;0;0;0;0;0;0;0;0;0;0;0;0;0;0;0;0;0;0;0;0;0;0;0;0;0;0;0;0;0;0;0;0;0;0;0;0;0;0;0;0
12.06.2024;00:42;A 21;1;0;0;0;0;0;0;0;0;0;0;0;0;0;0;0;0;0;0;0;0;0;0;0;0;0;0;0;0;0;0;0;0;0;0;0;0;0;0;0;0;0;0;0;0;0;0;0;0;0;0;0;0;0;0;0;0;0;0;0;0;0;0;0;0;0;0;0;0;0;0
12.06.2024;00:41;A 21;1;0;0;0;0;0;0;0;0;0;0;0;0;0;0;0;0;0;0;0;0;0;0;0;0;0;0;0;0;0;0;0;0;0;0;0;0;0;0;0;0;0;0;0;0;0;0;0;0;0;0;0;0;0;0;0;0;0;0;0;0;0;0;0;0;0;0;0;0;0;0
12.06.2024;00:40;A 21;1;3;2;3;10;0;0;0;0;0;0;0;0;0;0;0;0;0;0;1;0;1;0;0;0;1;4;3;7;0;0;0;0;0;0;0;0;0;0;0;0;0;0;0;0;0;0;0;0;0;0;0;0;0;0;0;0;0;0;0;0;0;0;0;0;0;0;0;0;0;0
12.06.2024;00:39;A 21;1;1;1;1;2;0;0;0;0;0;0;0;0;0;0;0;0;0;0;0;0;0;0;0;0;0;0;0;0;0;0;0;0;0;0;0;0;0;0;0;0;0;0;0;0;0;0;0;0;0;0;0;0;0;0;0;0;0;0;0;0;0;0;0;0;0;0;0;0;0;0
12.06.2024;00:38;A 21;1;1;1;1;2;0;0;0;0;0;0;1;0;0;0;0;0;0;0;1;0;1;0;0;0;1;3;1;4;0;0;0;0;0;0;0;0;0;0;0;0;0;0;0;0;0;0;0;0;0;0;0;0;0;0;0;0;0;0;0;0;0;0;0;0;0;0;0;0;0;0
12.06.2024;00:37;A 21;1;0;0;0;0;1;10;1;8;0;0;0;0;0;0;0;0;1;0;0;0;0;0;1;5;0;0;0;0;0;0;0;0;0;0;0;0;0;0;0;0;0;0;0;0;0;0;0;0;0;0;0;0;0;0;0;0;0;0;0;0;0;0;0;0;0;0;0;0;0;0
12.06.2024;00:36;A 21;1;0;0;0;0;0;0;0;0;0;0;0;0;0;0;0;0;0;0;1;0;1;0;0;0;1;3;1;3;0;0;0;0;0;0;0;0;0;0;0;0;0;0;0;0;0;0;0;0;0;0;0;0;0;0;0;0;0;0;0;0;0;0;0;0;0;0;0;0;0;0
12.06.2024;00:35;A 21;1;0;0;0;0;0;0;0;0;0;0;0;0;0;0;0;0;0;0;0;0;0;0;0;0;0;0;0;0;0;0;0;0;0;0;0;0;0;0;0;0;0;0;0;0;0;0;0;0;0;0;0;0;0;0;0;0;0;0;0;0;0;0;0;0;0;0;0;0;0;0
12.06.2024;00:34;A 21;1;0;0;0;0;0;0;0;0;0;0;0;0;0;0;0;0;0;0;0;0;0;0;0;0;0;0;0;0;0;0;0;0;0;0;0;0;0;0;0;0;0;0;0;0;0;0;0;0;0;0;0;0;0;0;0;0;0;0;0;0;0;0;0;0;0;0;0;0;0;0
12.06.2024;00:33;A 21;1;1;1;1;2;0;0;0;0;0;0;0;0;0;0;0;0;0;0;0;0;0;0;0;0;0;0;0;0;0;0;0;0;0;0;0;0;0;0;0;0;0;0;0;0;0;0;0;0;0;0;0;0;0;0;0;0;0;0;0;0;0;0;0;0;0;0;0;0;0;0
12.06.2024;00:32;A 21;1;1;1;1;4;0;0;0;0;0;0;0;0;0;0;0;0;0;0;0;0;0;0;0;0;0;0;0;0;0;0;0;0;0;0;0;0;0;0;0;0;0;0;0;0;0;0;0;0;0;0;0;0;0;0;0;0;0;0;0;0;0;0;0;0;0;0;0;0;0;0
12.06.2024;00:31;A 21;1;0;0;0;0;0;0;0;0;0;0;0;0;0;0;0;0;0;0;1;1;1;1;0;0;2;9;1;7;0;0;0;0;0;0;0;0;0;0;0;0;0;0;0;0;0;0;0;0;0;0;0;0;0;0;0;0;0;0;0;0;0;0;0;0;0;0;0;0;0;0
12.06.2024;00:30;A 21;1;1;0;2;4;0;0;0;0;1;28;1;26;2;4;2;4;0;0;2;1;0;0;0;0;0;0;2;8;0;0;0;0;0;0;0;0;0;0;0;0;0;0;0;0;0;0;0;0;0;0;0;0;0;0;0;0;0;0;0;0;0;0;0;0;0;0;0;0;0;0
12.06.2024;00:29;A 21;1;1;0;1;3;0;0;0;0;0;0;0;0;0;0;0;0;0;0;2;1;0;0;0;0;0;0;2;8;0;0;0;0;0;0;0;0;0;0;0;0;0;0;0;0;0;0;0;0;0;0;0;0;0;0;0;0;0;0;0;0;0;0;0;0;0;0;0;0;0;0
12.06.2024;00:28;A 21;1;1;0;1;2;0;0;0;0;0;0;0;0;0;0;0;0;0;0;0;0;0;0;0;0;0;0;0;0;0;0;0;0;0;0;0;0;0;0;0;0;0;0;0;0;0;0;0;0;0;0;0;0;0;0;0;0;0;0;0;0;0;0;0;0;0;0;0;0;0;0
12.06.2024;00:27;A 21;1;1;1;1;0;0;0;0;15;0;0;0;0;0;0;0;0;0;0;0;0;0;0;0;0;0;0;0;0;0;0;0;0;0;0;0;0;0;0;0;0;0;0;0;0;0;0;0;0;0;0;0;0;0;0;0;0;0;0;0;0;0;0;0;0;0;0;0;0;0;0
12.06.2024;00:26;A 21;1;0;0;0;0;0;0;1;3;0;0;0;0;0;0;0;0;0;0;1;0;0;0;0;0;0;0;1;5;0;0;0;0;0;0;0;0;0;0;0;0;0;0;0;0;0;0;0;0;0;0;0;0;0;0;0;0;0;0;0;0;0;0;0;0;0;0;0;0;0;0
12.06.2024;00:25;A 21;1;1;0;1;2;0;0;0;0;0;0;0;0;0;0;0;0;0;0;0;0;0;0;0;0;0;0;0;0;0;0;0;0;0;0;0;0;0;0;0;0;0;0;0;0;0;0;0;0;0;0;0;0;0;0;0;0;0;0;0;0;0;0;0;0;0;0;0;0;0;0
12.06.2024;00:24;A 21;1;0;0;0;0;0;0;0;0;0;0;0;0;0;0;0;0;0;0;0;0;0;0;0;0;0;0;0;0;0;0;0;0;0;0;0;0;0;0;0;0;0;0;0;0;0;0;0;0;0;0;0;0;0;0;0;0;0;0;0;0;0;0;0;0;0;0;0;0;0;0
12.06.2024;00:23;A 21;1;2;1;2;5;1;0;1;48;0;0;0;0;0;0;0;0;0;0;0;0;0;0;0;0;0;0;0;0;0;0;0;0;0;0;0;0;0;0;0;0;0;0;0;0;0;0;0;0;0;0;0;0;0;0;0;0;0;0;0;0;0;0;0;0;0;0;0;0;0;0
12.06.2024;00:22;A 21;1;2;1;2;4;0;0;3;7;0;0;0;0;0;0;0;0;0;0;1;0;1;0;0;0;1;4;1;3;0;0;0;0;0;0;0;0;0;0;0;0;0;0;0;0;0;0;0;0;0;0;0;0;0;0;0;0;0;0;0;0;0;0;0;0;0;0;0;0;0;0
12.06.2024;00:21;A 21;1;1;0;1;2;0;0;2;6;0;0;0;0;0;0;0;0;0;0;0;0;0;0;0;0;0;0;0;0;0;0;0;0;0;0;0;0;0;0;0;0;0;0;0;0;0;0;0;0;0;0;0;0;0;0;0;0;0;0;0;0;0;0;0;0;0;0;0;0;0;0
12.06.2024;00:20;A 21;1;0;0;0;0;0;0;0;0;0;0;0;0;0;0;0;0;0;0;1;0;1;0;0;0;1;2;1;5;0;0;0;0;0;0;0;0;0;0;0;0;0;0;0;0;0;0;0;0;0;0;0;0;0;0;0;0;0;0;0;0;0;0;0;0;0;0;0;0;0;0
12.06.2024;00:19;A 21;1;0;0;0;0;0;0;0;0;0;0;0;13;0;0;0;0;0;0;0;0;0;0;0;0;0;0;0;0;0;0;0;0;0;0;0;0;0;0;0;0;0;0;0;0;0;0;0;0;0;0;0;0;0;0;0;0;0;0;0;0;0;0;0;0;0;0;0;0;0;0
12.06.2024;00:18;A 21;1;0;0;0;0;0;0;0;0;0;0;1;13;0;0;2;5;0;0;0;0;0;0;0;0;0;0;0;0;0;0;0;0;0;0;0;0;0;0;0;0;0;0;0;0;0;0;0;0;0;0;0;0;0;0;0;0;0;0;0;0;0;0;0;0;0;0;0;0;0;0
12.06.2024;00:17;A 21;1;1;0;1;3;0;0;0;0;0;0;0;0;1;1;0;0;0;0;0;0;0;0;0;0;0;0;0;0;0;0;0;0;0;0;0;0;0;0;0;0;0;0;0;0;0;0;0;0;0;0;0;0;0;0;0;0;0;0;0;0;0;0;0;0;0;0;0;0;0;0
12.06.2024;00:16;A 21;1;0;0;0;0;0;0;0;0;0;0;0;0;0;0;0;0;0;0;1;1;0;0;0;0;0;0;2;4;0;0;0;0;0;0;0;0;0;0;0;0;0;0;0;0;0;0;0;0;0;0;0;0;0;0;0;0;0;0;0;0;0;0;0;0;0;0;0;0;0;0
12.06.2024;00:15;A 21;1;0;0;0;0;0;0;0;0;0;0;0;0;0;0;0;0;0;0;0;0;0;0;0;0;0;0;0;0;0;0;0;0;0;0;0;0;0;0;0;0;0;0;0;0;0;0;0;0;0;0;0;0;0;0;0;0;0;0;0;0;0;0;0;0;0;0;0;0;0;0
12.06.2024;00:14;A 21;1;2;1;2;6;0;0;0;0;0;0;0;0;0;0;0;0;0;0;0;0;0;0;0;0;0;0;0;0;0;0;0;0;0;0;0;0;0;0;0;0;0;0;0;0;0;0;0;0;0;0;0;0;0;0;0;0;0;0;0;0;0;0;0;0;0;0;0;0;0;0
12.06.2024;00:13;A 21;1;0;0;0;0;0;0;0;0;0;0;0;0;0;0;0;0;0;0;1;0;1;0;0;0;1;4;1;2;0;0;0;0;0;0;0;0;0;0;0;0;0;0;0;0;0;0;0;0;0;0;0;0;0;0;0;0;0;0;0;0;0;0;0;0;0;0;0;0;0;0
12.06.2024;00:12;A 21;1;0;0;0;0;0;0;0;0;0;0;0;0;0;0;0;0;0;0;1;0;1;0;0;0;1;4;0;0;0;0;0;0;0;0;0;0;0;0;0;0;0;0;0;0;0;0;0;0;0;0;0;0;0;0;0;0;0;0;0;0;0;0;0;0;0;0;0;0;0;0
12.06.2024;00:11;A 21;1;0;0;0;0;0;0;0;0;0;0;0;0;0;0;0;0;0;0;0;0;0;0;0;0;0;0;0;0;0;0;0;0;0;0;0;0;0;0;0;0;0;0;0;0;0;0;0;0;0;0;0;0;0;0;0;0;0;0;0;0;0;0;0;0;0;0;0;0;0;0
12.06.2024;00:10;A 21;1;0;0;0;0;0;0;0;0;0;0;0;0;0;0;0;0;0;0;1;0;1;0;0;0;1;3;0;0;0;0;0;0;0;0;0;0;0;0;0;0;0;0;0;0;0;0;0;0;0;0;0;0;0;0;0;0;0;0;0;0;0;0;0;0;0;0;0;0;0;0
12.06.2024;00:09;A 21;1;1;29;1;6;0;0;0;0;1;35;1;36;1;4;2;5;0;0;1;0;1;0;0;0;1;2;1;5;0;0;0;0;0;0;0;0;0;0;0;0;0;0;0;0;0;0;0;0;0;0;0;0;0;0;0;0;0;0;0;0;0;0;0;0;0;0;0;0;0;0
12.06.2024;00:08;A 21;1;4;9;3;19;0;0;0;0;0;0;1;27;0;0;0;0;0;0;0;0;0;0;0;0;0;0;0;0;0;0;0;0;0;0;0;0;0;0;0;0;0;0;0;0;0;0;0;0;0;0;0;0;0;0;0;0;0;0;0;0;0;0;0;0;0;0;0;0;0;0
12.06.2024;00:07;A 21;1;4;3;4;12;0;0;1;2;0;0;0;0;0;0;1;5;0;0;0;0;0;0;0;0;0;0;0;0;0;0;0;0;0;0;0;0;0;0;0;0;0;0;0;0;0;0;0;0;0;0;0;0;0;0;0;0;0;0;0;0;0;0;0;0;0;0;0;0;0;0
12.06.2024;00:06;A 21;1;2;4;2;3;0;0;0;0;0;0;0;0;0;0;0;0;0;0;1;0;0;0;0;0;0;0;1;3;0;0;0;0;0;0;0;0;0;0;0;0;0;0;0;0;0;0;0;0;0;0;0;0;0;0;0;0;0;0;0;0;0;0;0;0;0;0;0;0;0;0
12.06.2024;00:05;A 21;1;1;3;1;6;0;7;1;93;0;0;2;2;0;0;2;3;0;0;1;0;1;0;0;0;0;0;0;0;0;0;0;0;0;0;0;0;0;0;0;0;0;0;0;0;0;0;0;0;0;0;0;0;0;0;0;0;0;0;0;0;0;0;0;0;0;0;0;0;0;0
12.06.2024;00:04;A 21;1;0;0;0;0;1;3;1;10;0;0;0;0;0;0;0;0;0;0;2;1;1;0;0;0;2;7;2;10;0;0;0;0;0;0;0;0;0;0;0;0;0;0;0;0;0;0;0;0;0;0;0;0;0;0;0;0;0;0;0;0;0;0;0;0;0;0;0;0;0;0
12.06.2024;00:03;A 21;1;2;1;2;4;0;0;0;0;0;0;0;0;0;0;0;0;0;0;1;0;0;0;0;0;0;0;1;5;0;0;0;0;0;0;0;0;0;0;0;0;0;0;0;0;0;0;0;0;0;0;0;0;0;0;0;0;0;0;0;0;0;0;0;0;0;0;0;0;0;0
12.06.2024;00:02;A 21;1;1;27;1;4;0;0;0;0;0;0;1;29;0;0;0;0;0;0;0;0;0;0;0;0;0;0;0;0;0;0;0;0;0;0;0;0;0;0;0;0;0;0;0;0;0;0;0;0;0;0;0;0;0;0;0;0;0;0;0;0;0;0;0;0;0;0;0;0;0;0
12.06.2024;00:01;A 21;1;1;1;1;3;0;0;1;4;0;0;0;0;0;0;0;0;0;0;1;0;1;0;0;0;2;4;1;2;0;0;0;0;0;0;0;0;0;0;0;0;0;0;0;0;0;0;0;0;0;0;0;0;0;0;0;0;0;0;0;0;0;0;0;0;0;0;0;0;0;0
12.06.2024;00:00;A 21;1;0;0;0;0;0;0;0;0;0;0;0;0;0;0;0;0;0;0;1;0;1;0;0;0;1;4;1;4;0;0;0;0;0;0;0;0;0;0;0;0;0;0;0;0;0;0;0;0;0;0;0;0;0;0;0;0;0;0;0;0;0;0;0;0;0;0;0;0;0;0
11.06.2024;23:59;A 21;1;1;3;1;3;0;0;0;0;0;0;0;0;0;79;1;5;0;0;1;0;1;0;0;0;1;3;1;2;0;0;0;0;0;0;0;0;0;0;0;0;0;0;0;0;0;0;0;0;0;0;0;0;0;0;0;0;0;0;0;0;0;0;0;0;0;0;0;0;0;0
11.06.2024;23:58;A 21;1;1;26;1;7;0;0;0;0;0;0;1;25;1;51;0;0;0;0;2;13;0;0;0;0;0;0;1;8;0;0;0;0;0;0;0;0;0;0;0;0;0;0;0;0;0;0;0;0;0;0;0;0;0;0;0;0;0;0;0;0;0;0;0;0;0;0;0;0;0;0
11.06.2024;23:57;A 21;1;0;0;0;0;0;0;0;21;0;0;1;31;0;0;1;6;0;0;2;4;2;5;0;0;2;20;5;13;0;0;0;0;0;0;0;0;0;0;0;0;0;0;0;0;0;0;0;0;0;0;0;0;0;0;0;0;0;0;0;0;0;0;0;0;0;0;0;0;0;0
11.06.2024;23:56;A 21;1;3;2;2;10;1;14;1;51;0;0;1;0;0;0;0;0;0;0;0;0;0;0;0;0;0;0;0;0;0;0;0;0;0;0;0;0;0;0;0;0;0;0;0;0;0;0;0;0;0;0;0;0;0;0;0;0;0;0;0;0;0;0;0;0;0;0;0;0;0;0
11.06.2024;23:55;A 21;1;3;2;3;10;0;0;2;16;0;0;0;0;0;0;0;0;0;0;2;0;2;1;0;0;1;6;1;3;0;0;0;0;0;0;0;0;0;0;0;0;0;0;0;0;0;0;0;0;0;0;0;0;0;0;0;0;0;0;0;0;0;0;0;0;0;0;0;0;0;0
11.06.2024;23:54;A 21;1;2;1;2;5;0;0;0;0;0;0;0;0;0;0;0;0;0;0;1;1;0;0;0;0;0;0;1;5;0;0;0;0;0;0;0;0;0;0;0;0;0;0;0;0;0;0;0;0;0;0;0;0;0;0;0;0;0;0;0;0;0;0;0;0;0;0;0;0;0;0
11.06.2024;23:53;A 21;1;0;0;0;0;0;0;0;0;0;0;0;0;0;0;0;0;0;0;0;0;0;0;0;0;0;0;0;0;0;0;0;0;0;0;0;0;0;0;0;0;0;0;0;0;0;0;0;0;0;0;0;0;0;0;0;0;0;0;0;0;0;0;0;0;0;0;0;0;0;0
11.06.2024;23:52;A 21;1;2;1;2;4;0;0;0;0;0;0;0;0;0;0;0;0;0;0;2;1;0;0;0;0;0;0;2;8;0;0;0;0;0;0;0;0;0;0;0;0;0;0;0;0;0;0;0;0;0;0;0;0;0;0;0;0;0;0;0;0;0;0;0;0;0;0;0;0;0;0
11.06.2024;23:51;A 21;1;0;0;0;0;0;0;0;0;0;8;0;0;0;0;0;0;0;0;1;0;0;0;0;0;0;0;1;4;0;0;0;0;0;0;0;0;0;0;0;0;0;0;0;0;0;0;0;0;0;0;0;0;0;0;0;0;0;0;0;0;0;0;0;0;0;0;0;0;0;0
11.06.2024;23:50;A 21;1;1;0;1;2;0;0;2;6;1;35;1;0;2;5;0;0;0;0;1;1;0;0;0;0;0;0;2;4;0;0;0;0;0;0;0;0;0;0;0;0;0;0;0;0;0;0;0;0;0;0;0;0;0;0;0;0;0;0;0;0;0;0;0;0;0;0;0;0;0;0
11.06.2024;23:49;A 21;1;0;0;0;0;0;0;0;0;0;0;0;0;0;0;0;0;0;0;1;0;1;1;0;0;1;9;1;8;0;0;0;0;0;0;0;0;0;0;0;0;0;0;0;0;0;0;0;0;0;0;0;0;0;0;0;0;0;0;0;0;0;0;0;0;0;0;0;0;0;0
11.06.2024;23:48;A 21;1;3;2;2;9;0;0;5;30;0;0;0;0;0;0;1;4;0;0;1;0;0;0;0;0;0;0;1;6;0;0;0;0;0;0;0;0;0;0;0;0;0;0;0;0;0;0;0;0;0;0;0;0;0;0;0;0;0;0;0;0;0;0;0;0;0;0;0;0;0;0
11.06.2024;23:47;A 21;1;0;0;0;0;0;0;0;100;0;0;1;0;0;0;1;2;0;0;1;10;0;0;1;6;0;0;1;11;0;0;0;0;0;0;0;0;0;0;0;0;0;0;0;0;0;0;0;0;0;0;0;0;0;0;0;0;0;0;0;0;0;0;0;0;0;0;0;0;0;0
11.06.2024;23:46;A 21;1;0;0;0;0;1;14;2;30;0;0;0;0;0;0;0;0;0;0;0;0;0;0;0;0;0;0;0;0;0;0;0;0;0;0;0;0;0;0;0;0;0;0;0;0;0;0;0;0;0;0;0;0;0;0;0;0;0;0;0;0;0;0;0;0;0;0;0;0;0;0
11.06.2024;23:45;A 21;1;1;0;1;4;0;0;0;0;0;0;0;0;0;0;0;0;0;0;0;0;0;0;0;0;0;0;0;0;0;0;0;0;0;0;0;0;0;0;0;0;0;0;0;0;0;0;0;0;0;0;0;0;0;0;0;0;0;0;0;0;0;0;0;0;0;0;0;0;0;0
11.06.2024;23:44;A 21;1;2;1;2;6;0;0;2;82;0;0;0;0;0;0;0;0;0;0;0;0;0;0;1;8;0;0;0;0;0;0;0;0;0;0;0;0;0;0;0;0;0;0;0;0;0;0;0;0;0;0;0;0;0;0;0;0;0;0;0;0;0;0;0;0;0;0;0;0;0;0
11.06.2024;23:43;A 21;1;3;2;3;7;1;0;1;38;0;0;0;0;0;0;0;0;0;0;1;0;1;0;0;0;1;3;1;3;0;0;0;0;0;0;0;0;0;0;0;0;0;0;0;0;0;0;0;0;0;0;0;0;0;0;0;0;0;0;0;0;0;0;0;0;0;0;0;0;0;0
11.06.2024;23:42;A 21;1;3;2;2;9;1;22;3;28;0;0;1;1;0;0;1;1;0;0;1;11;0;0;0;0;0;0;1;11;0;0;0;0;0;0;0;0;0;0;0;0;0;0;0;0;0;0;0;0;0;0;0;0;0;0;0;0;0;0;0;0;0;0;0;0;0;0;0;0;0;0
11.06.2024;23:41;A 21;1;1;0;1;3;0;0;1;0;0;0;1;0;0;0;0;0;0;0;4;3;3;1;0;0;2;7;8;20;0;0;0;0;0;0;0;0;0;0;0;0;0;0;0;0;0;0;0;0;0;0;0;0;0;0;0;0;0;0;0;0;0;0;0;0;0;0;0;0;0;0
11.06.2024;23:40;A 21;1;0;0;0;0;0;0;0;0;0;0;0;0;0;0;0;0;0;0;1;30;0;0;0;0;0;0;0;32;0;0;0;0;0;0;0;0;0;0;0;0;0;0;0;0;0;0;0;0;0;0;0;0;0;0;0;0;0;0;0;0;0;0;0;0;0;0;0;0;0;0
11.06.2024;23:39;A 21;1;4;3;4;12;1;0;0;68;0;0;0;0;0;0;0;0;0;0;2;1;1;0;0;0;1;3;4;10;0;0;0;0;0;0;0;0;0;0;0;0;0;0;0;0;0;0;0;0;0;0;0;0;0;0;0;0;0;0;0;0;0;0;0;0;0;0;0;0;0;0
11.06.2024;23:38;A 21;1;1;0;1;3;0;0;0;100;0;0;0;0;0;0;0;0;0;0;2;32;2;36;2;2;1;16;2;19;0;0;0;0;0;0;0;0;0;0;0;0;0;0;0;0;0;0;0;0;0;0;0;0;0;0;0;0;0;0;0;0;0;0;0;0;0;0;0;0;0;0
11.06.2024;23:37;A 21;1;2;1;1;5;1;0;1;24;0;0;0;0;0;0;0;0;0;0;1;0;1;6;0;0;2;3;1;5;0;0;0;0;0;0;0;0;0;0;0;0;0;0;0;0;0;0;0;0;0;0;0;0;0;0;0;0;0;0;0;0;0;0;0;0;0;0;0;0;0;0
11.06.2024;23:36;A 21;1;2;1;1;1;0;0;0;76;0;0;0;0;0;0;0;0;0;0;1;0;2;41;0;0;2;19;1;5;0;0;0;0;0;0;0;0;0;0;0;0;0;0;0;0;0;0;0;0;0;0;0;0;0;0;0;0;0;0;0;0;0;0;0;0;0;0;0;0;0;0
11.06.2024;23:35;A 21;1;3;3;2;8;0;0;4;23;0;0;0;0;0;0;0;0;0;0;1;8;1;8;0;0;1;5;2;7;0;0;0;0;0;0;0;0;0;0;0;0;0;0;0;0;0;0;0;0;0;0;0;0;0;0;0;0;0;0;0;0;0;0;0;0;0;0;0;0;0;0
11.06.2024;23:34;A 21;1;3;2;2;9;0;0;1;1;0;0;0;0;0;0;0;0;0;0;0;0;0;0;0;0;0;0;0;0;0;0;0;0;0;0;0;0;0;0;0;0;0;0;0;0;0;0;0;0;0;0;0;0;0;0;0;0;0;0;0;0;0;0;0;0;0;0;0;0;0;0
11.06.2024;23:33;A 21;1;2;1;2;9;0;0;0;0;0;0;0;0;0;0;0;0;0;0;3;1;1;0;0;0;1;3;1;9;0;0;0;0;0;0;0;0;0;0;0;0;0;0;0;0;0;0;0;0;0;0;0;0;0;0;0;0;0;0;0;0;0;0;0;0;0;0;0;0;0;0
11.06.2024;23:32;A 21;1;6;4;2;13;0;0;0;0;0;0;0;0;0;0;0;0;0;0;0;0;0;0;0;0;0;0;0;0;0;0;0;0;0;0;0;0;0;0;0;0;0;0;0;0;0;0;0;0;0;0;0;0;0;0;0;0;0;0;0;0;0;0;0;0;0;0;0;0;0;0
11.06.2024;23:31;A 21;1;1;0;2;4;0;0;0;0;1;1;3;33;2;1;5;21;0;0;1;0;1;1;1;6;1;6;3;3;0;0;0;0;0;0;0;0;0;0;0;0;0;0;0;0;0;0;0;0;0;0;0;0;0;0;0;0;0;0;0;0;0;0;0;0;0;0;0;0;0;0
11.06.2024;23:30;A 21;1;3;2;2;11;0;0;3;5;0;0;0;0;0;0;0;0;0;0;1;0;1;0;0;0;1;4;1;0;0;0;0;0;0;0;0;0;0;0;0;0;0;0;0;0;0;0;0;0;0;0;0;0;0;0;0;0;0;0;0;0;0;0;0;0;0;0;0;0;0;0
11.06.2024;23:29;A 21;1;2;1;2;7;0;0;0;0;0;0;0;0;0;0;0;0;0;0;0;0;0;0;0;0;0;0;0;0;0;0;0;0;0;0;0;0;0;0;0;0;0;0;0;0;0;0;0;0;0;0;0;0;0;0;0;0;0;0;0;0;0;0;0;0;0;0;0;0;0;0
11.06.2024;23:28;A 21;1;2;1;1;6;0;0;0;0;0;0;0;0;0;0;0;0;0;0;2;3;2;1;0;0;1;6;2;8;0;0;0;0;0;0;0;0;0;0;0;0;0;0;0;0;0;0;0;0;0;0;0;0;0;0;0;0;0;0;0;0;0;0;0;0;0;0;0;0;0;0
11.06.2024;23:27;A 21;1;4;3;4;13;2;16;4;22;0;0;0;0;0;0;0;0;0;0;3;35;1;0;1;2;1;4;2;30;0;0;0;0;0;0;0;0;0;0;0;0;0;0;0;0;0;0;0;0;0;0;0;0;0;0;0;0;0;0;0;0;0;0;0;0;0;0;0;0;0;0
11.06.2024;23:26;A 21;1;2;1;2;5;0;0;5;24;0;0;0;0;0;0;0;0;0;0;1;21;1;22;0;0;2;6;1;6;0;0;0;0;0;0;0;0;0;0;0;0;0;0;0;0;0;0;0;0;0;0;0;0;0;0;0;0;0;0;0;0;0;0;0;0;0;0;0;0;0;0
11.06.2024;23:25;A 21;1;1;0;0;0;0;0;0;0;0;0;0;0;0;0;0;0;0;0;3;2;2;0;0;0;2;7;3;15;0;0;0;0;0;0;0;0;0;0;0;0;0;0;0;0;0;0;0;0;0;0;0;0;0;0;0;0;0;0;0;0;0;0;0;0;0;0;0;0;0;0
11.06.2024;23:24;A 21;1;4;25;3;34;0;0;0;0;0;0;0;0;0;0;0;0;0;0;1;25;0;0;0;0;0;0;1;9;0;0;0;0;0;0;0;0;0;0;0;0;0;0;0;0;0;0;0;0;0;0;0;0;0;0;0;0;0;0;0;0;0;0;0;0;0;0;0;0;0;0
11.06.2024;23:23;A 21;1;1;0;1;1;0;0;0;0;0;0;0;0;0;0;0;0;0;0;0;0;0;0;0;0;0;0;0;0;0;0;0;0;0;0;0;0;0;0;0;0;0;0;0;0;1;1;0;0;0;0;0;0;0;0;0;0;0;0;0;0;0;0;0;0;0;0;0;0;0;0
11.06.2024;23:22;A 21;1;2;18;1;24;0;0;0;0;0;0;0;0;0;0;0;0;0;0;1;40;1;42;0;0;2;48;0;0;0;0;0;0;0;0;0;0;0;0;0;0;0;0;0;0;0;0;0;0;0;0;0;0;0;0;1;1;0;0;0;0;0;0;0;0;0;0;0;0;0;0
11.06.2024;23:21;A 21;1;3;3;3;18;0;0;0;0;0;0;0;0;0;0;0;0;0;0;0;0;0;0;0;0;0;0;0;0;0;0;0;0;0;0;0;0;0;0;0;0;0;0;0;0;0;0;0;0;0;0;0;0;0;0;0;0;0;0;0;0;0;0;0;0;0;0;0;0;0;0
11.06.2024;23:20;A 21;1;2;1;2;5;0;0;0;0;0;0;0;0;0;0;0;0;0;0;2;4;0;0;0;0;0;0;2;14;0;0;0;0;0;0;0;0;0;0;0;0;0;0;0;0;0;0;0;0;0;0;0;0;0;0;0;0;0;0;0;0;1;1;0;0;0;0;0;0;0;0
11.06.2024;23:19;A 21;1;2;1;3;8;0;0;0;0;0;0;0;0;0;0;0;0;0;0;1;0;1;0;2;5;1;4;1;1;0;0;0;0;0;0;0;0;0;0;0;0;0;0;0;0;0;0;0;0;0;0;0;0;0;0;0;0;0;0;0;0;0;0;0;0;0;0;0;0;0;0
11.06.2024;23:18;A 21;1;0;0;0;0;0;0;0;0;1;1;1;1;2;3;1;5;0;0;1;24;0;0;0;0;0;0;2;8;0;0;0;0;0;0;0;0;0;0;0;0;0;0;0;0;0;0;0;0;0;0;0;0;0;0;0;0;0;0;0;0;0;0;0;0;0;0;0;0;0;0
11.06.2024;23:17;A 21;1;2;1;2;5;0;0;0;0;0;2;1;2;0;0;1;4;0;0;2;1;1;0;0;0;1;3;2;18;1;1;0;0;0;0;0;0;0;0;0;0;0;0;0;0;0;0;0;0;0;0;0;0;0;0;0;0;0;0;0;0;0;0;0;0;0;0;0;0;0;0
11.06.2024;23:16;A 21;1;0;0;0;0;0;0;0;0;1;25;0;0;1;6;1;3;0;0;1;0;1;0;0;0;1;3;1;5;0;0;0;0;0;0;0;0;0;0;0;0;0;0;0;0;0;0;0;0;0;0;0;0;0;0;0;0;0;0;0;0;0;0;0;0;0;0;0;0;0;0
11.06.2024;23:15;A 21;1;4;35;2;32;0;0;0;0;1;1;2;3;3;3;1;8;0;0;3;4;3;37;0;0;2;43;6;30;0;0;0;0;0;0;0;0;0;0;0;0;0;0;0;0;0;0;0;0;0;0;0;0;0;0;0;0;0;0;0;0;0;0;0;0;0;0;0;0;0;0
11.06.2024;23:14;A 21;1;0;0;0;0;1;55;0;29;0;36;1;0;0;0;0;0;0;0;4;57;2;49;0;0;1;67;4;51;0;0;0;0;0;0;0;0;0;0;0;0;0;0;0;0;0;0;0;0;0;0;0;0;0;0;0;0;0;0;0;0;0;0;0;0;0;0;0;0;0;0
11.06.2024;23:13;A 21;1;1;0;1;3;0;0;1;4;1;30;0;0;1;4;1;3;0;0;3;1;3;1;0;0;3;11;3;6;0;0;0;0;0;0;0;0;0;0;0;0;0;0;0;0;0;0;0;0;0;0;0;0;0;0;0;0;0;0;0;0;0;0;0;0;0;0;0;0;0;0
11.06.2024;23:12;A 21;1;3;2;3;7;1;0;1;2;0;0;0;0;0;0;0;0;1;0;4;19;2;17;0;0;4;13;4;20;0;0;0;0;0;0;0;0;0;0;0;0;0;0;0;0;0;0;0;0;0;0;0;0;0;0;0;0;0;0;0;0;0;0;0;0;0;0;0;0;0;0
11.06.2024;23:11;A 21;1;4;3;1;12;0;0;0;0;0;0;0;0;0;0;0;0;0;0;1;0;1;0;0;0;1;3;1;2;0;0;0;0;0;0;0;0;0;0;0;0;0;0;0;0;0;0;0;0;0;0;0;0;0;0;0;0;0;0;0;0;0;0;0;0;0;0;0;0;0;0
11.06.2024;23:10;A 21;1;2;1;2;7;1;1;5;74;0;0;0;0;0;0;0;0;0;0;2;1;1;1;0;0;1;6;1;5;0;0;0;0;0;0;0;0;0;0;0;0;0;0;0;0;0;0;0;0;0;0;0;0;0;0;0;0;0;0;0;0;0;0;0;0;0;0;0;0;0;0
11.06.2024;23:09;A 21;1;2;1;2;4;0;0;1;0;0;0;0;0;0;0;0;0;0;0;1;0;1;0;0;0;1;4;0;0;0;0;0;0;0;0;0;0;0;0;0;0;0;0;0;0;0;0;0;0;0;0;0;0;0;0;0;0;0;0;0;0;0;0;0;0;0;0;0;0;0;0
11.06.2024;23:08;A 21;1;1;0;1;2;0;0;1;2;0;0;0;0;0;0;0;0;0;0;5;2;3;2;0;0;3;9;3;13;0;0;0;0;0;0;0;0;0;0;0;0;0;0;0;0;0;0;0;0;0;0;0;0;0;0;0;0;0;0;0;0;0;0;0;0;0;0;0;0;0;0
11.06.2024;23:07;A 21;1;1;0;1;2;0;0;0;0;0;0;0;0;0;0;0;0;0;0;0;0;0;0;0;0;0;0;0;0;0;0;0;0;0;0;0;0;0;0;0;0;0;0;0;0;0;0;0;0;0;0;0;0;0;0;0;0;0;0;0;0;0;0;0;0;0;0;0;0;0;0
11.06.2024;23:06;A 21;1;1;0;1;2;1;58;1;60;0;0;1;42;0;0;1;8;0;0;1;1;0;0;0;0;0;0;1;7;0;0;0;0;0;0;0;0;0;0;0;0;0;0;0;0;0;0;0;0;0;0;0;0;0;0;0;0;0;0;0;0;0;0;0;0;0;0;0;0;0;0
11.06.2024;23:05;A 21;1;1;22;1;9;0;0;0;0;0;31;0;0;0;0;0;0;1;0;1;12;1;9;1;8;1;6;1;12;1;1;0;0;0;0;0;0;0;0;0;0;0;0;0;0;0;0;0;0;0;0;0;0;0;0;0;0;0;0;0;0;0;0;0;0;0;0;0;0;0;0
11.06.2024;23:04;A 21;1;2;1;2;6;0;0;0;0;1;1;0;0;1;4;1;7;0;0;4;17;1;0;0;0;1;3;4;20;0;0;0;0;0;0;0;0;0;0;0;0;0;0;0;0;0;0;0;0;0;0;0;0;0;0;0;0;0;0;0;0;0;0;0;0;0;0;0;0;0;0
11.06.2024;23:03;A 21;1;2;1;2;5;1;0;0;0;0;0;0;0;0;0;0;0;0;0;1;0;0;0;0;0;0;0;0;1;0;0;0;0;0;0;0;0;0;0;0;0;0;0;0;0;0;0;0;0;0;0;0;0;0;0;0;0;0;0;0;0;0;0;0;0;0;0;0;0;0;0
11.06.2024;23:02;A 21;1;1;8;1;8;0;0;0;0;0;0;0;0;0;0;0;0;2;1;3;22;3;23;1;3;5;32;4;15;0;0;0;0;0;0;0;0;0;0;0;0;0;0;0;0;0;0;0;0;0;0;0;0;0;0;0;0;0;0;0;0;0;0;0;0;0;0;0;0;0;0
11.06.2024;23:01;A 21;1;6;7;4;30;0;0;0;0;0;0;0;0;0;0;0;0;0;0;2;1;2;2;0;0;2;10;1;3;0;0;0;0;0;0;1;1;0;0;0;0;0;0;0;0;0;0;0;0;0;0;0;0;0;0;0;0;0;0;0;0;0;0;0;0;0;0;0;0;0;0
11.06.2024;23:00;A 21;1;4;3;3;12;0;0;0;0;0;0;0;0;0;0;0;0;1;0;0;15;0;0;1;3;0;0;0;0;0;0;0;0;0;0;0;0;0;0;0;0;0;0;0;0;0;0;0;0;0;0;0;0;0;0;0;0;0;0;0;0;0;0;0;0;0;0;0;0;0;0
11.06.2024;22:59;A 21;1;1;0;1;3;1;13;4;42;0;0;1;0;0;0;0;0;0;0;2;17;1;0;0;0;1;3;2;10;0;0;0;0;0;0;0;0;0;0;0;0;0;0;0;0;0;0;0;0;0;0;0;0;0;0;0;0;0;0;0;0;0;0;0;0;0;0;0;0;0;0
11.06.2024;22:58;A 21;1;3;2;2;8;1;0;3;11;0;0;0;0;0;0;0;0;1;0;0;0;0;0;1;4;0;0;0;0;0;0;0;0;0;0;0;0;0;0;0;0;0;0;0;0;0;0;0;0;0;0;0;0;0;0;0;0;0;0;0;0;0;0;0;0;0;0;0;0;0;0
11.06.2024;22:57;A 21;1;0;0;1;2;0;0;0;0;0;0;0;0;0;0;0;0;0;0;0;0;0;0;0;0;0;0;0;0;0;0;0;0;0;0;0;0;0;0;0;0;0;0;0;0;0;0;0;0;0;0;0;0;0;0;0;0;0;0;0;0;0;0;0;0;0;0;0;0;0;0
11.06.2024;22:56;A 21;1;5;4;5;17;1;0;1;2;0;0;0;0;0;0;0;0;0;0;0;0;0;0;0;0;0;0;0;0;0;0;0;0;0;0;0;0;0;0;0;0;0;0;0;0;0;0;0;0;0;0;0;0;0;0;0;0;0;0;0;0;0;0;0;0;0;0;0;0;0;0
11.06.2024;22:55;A 21;1;4;3;4;12;1;0;2;2;0;0;0;0;0;0;0;0;0;0;1;11;1;12;0;0;1;3;1;5;0;0;0;0;0;0;0;0;0;0;0;0;0;0;0;0;0;0;0;0;0;0;0;0;0;0;0;0;0;0;0;0;0;0;0;0;0;0;0;0;0;0
11.06.2024;22:54;A 21;1;0;0;0;0;1;16;1;9;0;0;0;0;0;0;0;0;0;0;1;35;1;35;3;10;1;6;1;6;0;0;0;0;0;0;0;0;0;0;0;0;1;1;0;0;0;0;0;0;0;0;0;0;0;0;0;0;0;0;0;0;0;0;0;0;0;0;0;0;0;0
11.06.2024;22:53;A 21;1;0;0;0;0;0;0;0;0;0;0;0;0;0;0;0;0;0;0;2;1;1;0;0;0;1;4;0;7;0;0;0;0;0;0;0;0;0;0;0;0;0;0;0;0;0;0;0;0;0;0;0;0;0;0;0;0;0;0;0;0;0;0;0;0;0;0;0;0;0;0
11.06.2024;22:52;A 21;1;4;2;3;10;0;0;0;0;0;0;1;37;0;0;2;3;0;0;2;0;2;1;1;3;3;6;3;7;0;0;0;0;0;0;0;0;0;0;0;0;0;0;0;0;0;0;0;0;0;0;0;0;0;0;0;0;0;0;0;0;0;0;0;0;0;0;0;0;0;0
11.06.2024;22:51;A 21;1;1;0;1;2;2;14;1;26;0;0;1;1;0;0;0;0;0;0;1;20;1;20;0;0;1;8;2;2;0;0;0;0;0;0;0;0;0;0;0;0;0;0;0;0;0;0;0;0;0;0;0;0;0;0;0;0;0;0;0;0;0;0;0;0;0;0;0;0;0;0
11.06.2024;22:50;A 21;1;4;3;4;11;1;12;1;16;0;0;0;0;0;0;0;0;0;0;3;2;1;0;0;0;1;2;0;6;0;0;0;0;0;0;0;0;0;0;0;0;0;0;0;0;0;0;0;0;0;0;0;0;0;0;0;0;0;0;0;0;0;0;0;0;0;0;0;0;0;0
11.06.2024;22:49;A 21;1;3;2;2;7;0;0;1;1;0;0;0;0;0;0;0;0;0;0;0;0;0;0;0;0;0;0;3;28;0;0;0;0;0;0;0;0;0;0;0;0;0;0;0;0;0;0;0;0;0;0;0;0;0;0;0;0;0;0;0;0;0;0;0;0;0;0;0;0;0;0
11.06.2024;22:48;A 21;1;2;1;3;7;0;0;0;0;0;0;0;0;0;0;0;0;0;0;3;1;2;1;0;0;2;8;2;10;0;0;0;0;0;0;0;0;0;0;0;0;0;0;0;0;0;0;0;0;0;0;0;0;0;0;0;0;0;0;0;0;0;0;0;0;0;0;0;0;0;0
11.06.2024;22:47;A 21;1;5;30;3;19;0;0;0;0;0;0;1;1;0;0;0;0;0;0;1;0;1;0;0;0;1;3;1;3;0;0;0;0;0;0;0;0;0;0;0;0;0;0;0;0;0;0;0;0;0;0;0;0;0;0;0;0;0;0;0;0;0;0;0;0;0;0;0;0;0;0
11.06.2024;22:46;A 21;1;1;21;1;5;0;0;0;0;0;0;1;28;0;0;2;5;0;0;2;3;1;0;0;0;1;4;2;5;0;0;0;0;0;0;0;0;0;0;0;0;0;0;0;0;0;0;0;0;0;0;0;0;0;0;0;0;0;0;0;0;0;0;0;0;0;0;0;0;0;0
11.06.2024;22:45;A 21;1;5;4;3;17;0;0;4;5;0;0;0;0;0;0;0;0;0;0;3;1;3;3;0;0;1;16;3;6;0;0;0;0;0;0;0;0;0;0;0;0;0;0;0;0;0;0;0;0;0;0;0;0;0;0;0;0;0;0;0;0;0;0;0;0;0;0;0;0;0;0
11.06.2024;22:44;A 21;1;3;2;2;8;0;0;0;0;0;0;0;0;0;0;0;0;0;0;2;2;1;1;1;4;1;11;2;16;0;0;0;0;0;0;0;0;0;0;0;0;0;0;0;0;0;0;0;0;0;0;0;0;0;0;0;0;0;0;0;0;0;0;0;0;0;0;0;0;0;0
11.06.2024;22:43;A 21;1;2;29;2;9;0;0;2;10;1;29;0;0;1;1;0;2;0;0;2;1;1;1;0;0;0;2;1;4;0;0;0;0;0;0;0;0;0;0;0;0;0;0;0;0;0;0;0;0;0;0;0;0;0;0;0;0;0;0;0;0;0;0;0;0;0;0;0;0;0;0
11.06.2024;22:42;A 21;1;0;0;0;0;0;0;0;0;1;26;1;1;3;2;4;4;0;0;1;31;1;32;0;0;1;39;3;34;0;0;0;0;0;0;0;0;0;0;0;0;0;0;0;0;0;0;0;0;0;0;0;0;0;0;0;0;0;0;0;0;0;0;0;0;0;0;0;0;0;0
11.06.2024;22:41;A 21;1;3;40;3;11;0;0;1;2;0;0;1;0;0;0;0;0;0;0;2;74;2;74;0;0;2;59;1;11;0;0;0;0;0;0;0;0;0;0;0;0;0;0;0;0;0;0;0;0;0;0;0;0;0;0;0;0;0;0;0;0;0;0;0;0;0;0;0;0;0;0
11.06.2024;22:40;A 21;1;3;24;2;11;0;0;2;2;0;0;1;1;0;0;0;0;0;0;1;0;1;2;0;0;1;13;1;1;0;0;0;0;0;0;0;0;0;0;0;0;0;0;0;0;1;1;0;0;0;0;0;0;0;0;0;0;0;0;0;0;0;0;0;0;0;0;0;0;0;0
11.06.2024;22:39;A 21;1;0;0;0;0;1;31;1;75;0;0;2;2;0;0;0;0;0;0;3;30;1;26;0;0;2;11;3;34;0;0;0;0;0;0;0;0;0;0;1;1;0;0;0;0;0;0;0;0;0;0;0;0;0;0;0;0;0;0;1;1;0;0;0;0;0;0;0;0;0;0
11.06.2024;22:38;A 21;1;7;5;6;22;1;0;0;0;0;0;0;0;0;0;0;0;0;0;2;22;2;23;0;0;2;10;4;5;0;0;0;0;0;0;0;0;0;0;0;0;0;0;0;0;0;0;0;0;0;0;0;0;0;0;0;0;0;0;0;0;0;0;0;0;0;0;0;0;0;0
11.06.2024;22:37;A 21;1;2;2;2;6;0;0;0;0;0;0;0;0;0;0;0;0;0;0;2;1;1;0;0;0;1;3;4;7;0;0;0;0;0;0;0;0;0;0;0;0;0;0;0;0;0;0;0;0;0;0;0;0;0;0;0;0;0;0;0;0;0;0;0;0;0;0;0;0;0;0
11.06.2024;22:36;A 21;1;2;1;2;3;0;0;0;0;0;0;0;0;0;0;0;0;0;0;3;1;2;1;0;0;2;7;4;11;0;0;0;0;0;0;0;0;0;0;0;0;0;0;0;0;0;0;0;0;0;0;0;0;0;0;0;0;0;0;0;0;0;0;0;0;0;0;0;0;0;0
11.06.2024;22:35;A 21;1;5;3;4;13;0;1;0;0;0;0;1;0;0;0;0;0;0;0;3;1;2;1;0;0;2;7;4;14;0;0;0;0;0;0;0;0;0;0;0;0;0;0;0;0;0;0;0;0;0;0;0;0;0;0;0;0;0;0;0;0;0;0;0;0;0;0;0;0;0;0
11.06.2024;22:34;A 21;1;6;4;3;22;2;27;2;26;0;0;0;0;0;0;0;0;0;0;1;16;1;22;0;0;1;14;1;15;0;0;0;0;0;0;0;0;0;0;0;0;0;0;0;0;0;0;0;0;0;0;0;0;0;0;0;0;0;0;2;10;0;0;0;0;0;0;0;0;0;0
11.06.2024;22:33;A 21;1;4;2;2;10;0;0;0;0;1;30;1;24;3;4;2;10;0;0;1;0;0;0;0;0;0;0;1;1;0;0;0;0;0;0;0;0;0;0;0;0;0;0;0;0;0;0;0;0;0;0;0;0;0;0;0;0;0;0;0;0;0;0;0;0;0;0;0;0;0;0
11.06.2024;22:32;A 21;1;3;37;2;9;0;0;0;0;1;3;1;1;0;0;1;0;1;0;3;1;1;0;2;4;0;1;2;7;0;0;0;0;0;0;0;0;0;0;0;0;0;0;0;0;0;0;0;0;0;0;0;0;0;0;0;0;0;0;0;0;0;0;0;0;0;0;0;0;0;0
11.06.2024;22:31;A 21;1;5;4;2;14;2;29;1;4;0;0;0;0;2;2;1;2;0;0;0;0;0;0;0;0;1;0;1;4;0;0;0;0;0;0;0;0;0;0;0;0;0;0;0;0;0;0;0;0;0;0;0;0;0;0;0;0;0;0;0;0;0;0;0;0;0;0;0;0;0;0
11.06.2024;22:30;A 21;1;2;1;3;5;1;26;1;10;0;0;0;1;0;0;0;0;0;0;1;7;1;9;0;0;1;11;1;3;0;0;0;0;0;0;0;0;0;0;0;0;0;0;0;0;0;0;0;0;0;0;0;0;0;0;0;0;0;0;0;0;0;0;0;0;0;0;0;0;0;0
11.06.2024;22:29;A 21;1;2;15;2;7;1;11;1;9;0;0;1;2;0;0;2;4;0;0;3;12;1;1;0;0;1;7;5;18;0;0;0;0;0;0;0;0;0;0;0;0;0;0;0;0;0;0;0;0;0;0;0;0;0;0;0;0;0;0;0;0;0;0;0;0;0;0;0;0;0;0
11.06.2024;22:28;A 21;1;0;0;0;0;0;0;0;0;1;26;2;24;2;6;1;17;0;0;0;0;0;0;0;0;0;0;0;0;0;0;0;0;0;0;0;0;0;0;0;0;0;0;0;0;0;0;0;0;0;0;0;0;0;0;0;0;0;0;0;0;0;0;0;0;0;0;0;0;0;0
11.06.2024;22:27;A 21;1;3;2;3;8;0;0;0;0;0;0;0;0;0;0;0;0;1;0;2;29;2;30;2;5;3;11;3;9;0;0;0;0;0;0;0;0;0;0;0;0;0;0;0;0;0;0;0;0;0;0;0;0;0;0;0;0;0;0;0;0;0;0;0;0;0;0;0;0;0;0
11.06.2024;22:26;A 21;1;3;2;3;8;1;0;0;0;0;0;0;0;0;0;0;0;0;0;2;1;2;1;0;0;2;8;1;8;0;0;0;0;0;0;0;0;0;0;0;0;0;0;0;0;0;0;0;0;0;0;0;0;0;0;0;0;0;0;0;0;0;0;0;0;0;0;0;0;0;0
11.06.2024;22:25;A 21;1;5;39;3;43;0;0;0;0;0;0;0;0;0;0;0;0;0;0;3;22;2;14;0;0;4;17;4;20;0;0;0;0;0;0;0;0;0;0;0;0;0;0;0;0;0;0;0;0;0;0;0;0;0;0;0;0;0;0;0;0;0;0;0;0;0;0;0;0;0;0
11.06.2024;22:24;A 21;1;0;0;0;0;0;0;0;0;1;36;1;18;0;2;1;4;1;0;3;12;3;5;1;4;2;26;3;27;0;0;0;0;0;0;0;0;0;0;0;0;1;1;0;0;0;0;0;0;0;0;0;0;0;0;0;0;0;0;0;0;1;1;0;0;0;0;0;0;0;0
11.06.2024;22:23;A 21;1;2;1;2;5;2;1;1;33;0;0;1;0;1;1;1;2;0;0;2;1;0;0;0;0;0;0;2;8;0;0;0;0;0;0;0;0;0;0;0;0;0;0;0;0;0;0;0;0;0;0;0;0;0;0;0;0;0;0;0;0;0;0;0;0;0;0;0;0;0;0
11.06.2024;22:22;A 21;1;1;0;0;2;0;0;0;0;0;0;0;0;0;0;0;0;0;0;4;3;1;0;0;0;1;3;4;12;0;0;0;0;0;0;0;0;0;0;0;0;0;0;0;0;0;0;0;0;0;0;0;0;0;0;0;0;0;0;0;0;0;0;0;0;0;0;0;0;0;0
11.06.2024;22:21;A 21;1;3;12;3;24;0;0;0;0;1;4;2;0;2;3;1;2;1;0;1;17;2;9;2;2;0;14;2;11;0;0;0;0;0;0;0;0;0;0;0;0;0;0;0;0;0;0;0;0;0;0;0;0;0;0;0;0;0;0;0;0;0;0;0;0;0;0;0;0;0;0
11.06.2024;22:20;A 21;1;5;27;2;47;2;5;1;5;0;0;0;0;0;0;0;0;0;0;2;19;0;0;0;0;1;3;3;23;0;0;0;0;1;1;0;0;0;0;0;0;0;0;0;0;0;0;0;0;0;0;0;0;0;0;0;0;0;0;0;0;0;0;0;0;0;0;0;0;0;0
11.06.2024;22:19;A 21;1;1;0;1;2;0;0;0;0;0;0;1;1;0;0;2;4;0;0;2;46;2;2;0;0;2;9;4;18;0;0;0;0;0;0;0;0;0;0;0;0;4;6;0;0;0;0;0;0;0;0;0;0;0;0;0;0;0;0;0;0;0;0;0;0;0;0;0;0;0;0
11.06.2024;22:18;A 21;1;2;1;3;8;2;1;1;1;0;0;0;0;0;0;0;0;0;0;1;0;1;0;0;0;1;4;1;0;0;0;0;0;0;0;0;0;0;0;0;0;0;0;0;0;0;0;0;0;0;0;0;0;0;0;0;0;0;0;0;0;0;0;0;0;0;0;0;0;0;0
11.06.2024;22:17;A 21;1;3;27;3;19;0;0;0;0;0;0;0;0;0;0;0;0;0;0;2;1;3;3;2;4;2;11;1;3;0;0;0;0;0;0;0;0;0;0;0;0;0;0;0;0;0;0;0;0;0;0;0;0;0;0;0;0;0;0;0;0;0;0;0;0;0;0;0;0;0;0
11.06.2024;22:16;A 21;1;4;21;3;32;0;0;0;0;0;0;1;16;0;0;0;0;0;0;1;29;0;0;0;0;0;0;0;3;0;0;0;0;0;0;0;0;0;0;0;0;1;1;0;0;0;0;0;0;0;0;0;0;0;0;0;0;0;0;0;0;0;0;0;0;0;0;0;0;0;0
11.06.2024;22:15;A 21;1;5;21;2;45;0;0;2;48;0;0;1;39;0;0;1;6;1;2;1;16;0;0;1;10;0;0;2;10;0;0;0;0;0;0;0;0;0;0;0;0;0;0;0;0;0;0;0;0;0;0;0;0;0;0;0;0;0;0;0;0;0;0;0;0;0;0;0;0;0;0
11.06.2024;22:14;A 21;1;2;4;2;18;0;0;5;6;0;0;1;71;0;0;2;8;0;0;2;13;1;11;0;0;2;9;1;20;0;0;0;0;0;0;0;0;0;0;0;0;0;0;0;0;0;0;0;0;0;0;0;0;0;0;0;0;0;0;0;0;0;0;0;0;0;0;0;0;0;0
11.06.2024;22:13;A 21;1;2;22;1;53;0;0;3;54;0;0;0;0;0;0;0;0;0;0;0;0;0;0;0;0;0;0;0;0;0;0;0;0;0;0;0;0;0;0;0;0;0;0;0;0;0;0;0;0;0;0;0;0;0;0;0;0;0;0;0;0;0;0;0;0;0;0;0;0;0;0
11.06.2024;22:12;A 21;1;5;50;3;67;2;0;3;23;0;0;0;0;0;0;0;0;0;0;2;33;2;33;0;0;2;37;2;31;1;1;0;0;0;0;0;0;0;0;0;0;0;0;0;0;0;0;0;0;0;0;0;0;0;0;0;0;0;0;0;0;0;0;0;0;0;0;0;0;0;0
11.06.2024;22:11;A 21;1;1;37;1;49;0;0;2;14;0;0;0;0;0;0;0;0;1;0;2;39;1;9;1;2;3;6;3;27;0;0;0;0;0;0;0;0;0;0;1;1;1;1;0;0;0;0;0;0;0;0;0;0;0;0;0;0;0;0;1;1;0;0;0;0;0;0;0;0;0;0
11.06.2024;22:10;A 21;1;4;14;3;25;0;0;6;22;1;69;1;48;0;5;1;1;0;0;4;23;4;2;2;2;5;15;6;19;0;0;0;0;0;0;0;0;0;0;0;0;0;0;0;0;0;0;0;0;0;0;0;0;0;0;0;0;0;0;0;0;0;0;0;0;0;0;0;0;0;0
11.06.2024;22:09;A 21;1;6;4;5;19;1;0;3;18;0;0;0;0;1;2;1;2;0;0;0;0;0;0;0;0;0;0;0;0;0;0;0;0;0;0;0;0;0;0;0;0;0;0;0;0;0;0;0;0;0;0;0;0;0;0;0;0;0;0;0;0;0;0;0;0;0;0;0;0;0;0
11.06.2024;22:08;A 21;1;6;7;2;27;0;10;0;0;0;0;1;0;0;0;0;0;0;0;3;6;3;24;0;0;2;18;3;18;0;0;0;0;0;0;0;0;0;0;0;0;0;0;0;0;0;0;0;0;0;0;0;0;0;0;0;0;0;0;0;0;0;0;0;0;0;0;0;0;0;0
11.06.2024;22:07;A 21;1;1;1;2;3;1;36;1;8;0;0;1;1;0;0;0;0;0;0;1;0;0;0;0;0;0;0;2;5;0;0;0;0;0;0;0;0;0;0;0;0;0;0;0;0;0;0;0;0;0;0;0;0;0;0;1;1;0;0;0;0;0;0;0;0;1;1;0;0;0;0
11.06.2024;22:06;A 21;1;2;1;2;4;0;0;0;0;0;0;0;0;0;0;0;0;0;0;3;14;1;9;0;0;1;11;3;20;0;0;0;0;0;0;0;0;0;0;0;0;0;0;0;0;0;0;0;0;0;0;0;0;0;0;0;0;0;0;0;0;0;0;0;0;0;0;0;0;0;0
11.06.2024;22:05;A 21;1;4;3;2;15;1;14;2;10;0;0;1;17;0;0;0;0;0;0;2;5;1;0;0;0;1;6;2;13;0;0;0;0;0;0;0;0;0;0;0;0;0;0;0;0;0;0;0;0;0;0;0;0;0;0;0;0;0;0;0;0;0;0;0;0;0;0;0;0;0;0
11.06.2024;22:04;A 21;1;6;12;2;27;0;0;0;0;0;0;2;15;0;0;1;4;0;0;0;0;0;0;0;0;0;0;0;0;0;0;0;0;0;0;0;0;0;0;0;0;0;0;0;0;0;0;0;0;0;0;0;0;0;0;0;0;0;0;0;0;0;0;0;0;0;0;0;0;0;0
11.06.2024;22:03;A 21;1;5;4;3;15;0;5;0;0;1;2;2;3;2;2;2;6;1;0;5;3;3;1;0;0;3;11;6;22;0;0;0;0;0;0;0;0;0;0;0;0;0;0;0;0;0;0;0;0;0;0;0;0;0;0;0;0;0;0;0;0;0;0;0;0;0;0;0;0;0;0
11.06.2024;22:02;A 21;1;7;18;3;33;2;25;3;12;0;0;1;0;0;0;0;0;0;0;2;1;2;1;2;4;2;8;3;1;0;0;0;0;0;0;0;0;0;0;0;0;0;0;0;0;0;0;0;0;0;0;0;0;0;0;0;0;0;0;0;0;0;0;0;0;0;0;0;0;0;0
11.06.2024;22:01;A 21;1;2;23;3;15;2;19;1;14;1;47;0;0;2;4;0;0;0;0;2;19;1;19;2;2;2;10;2;5;0;0;0;0;0;0;0;0;0;0;0;0;0;0;0;0;0;0;0;0;0;0;0;0;0;0;0;0;0;0;0;0;0;0;0;0;0;0;0;0;0;0
11.06.2024;22:00;A 21;1;2;10;3;14;0;0;1;2;0;0;2;5;0;0;3;5;0;0;1;0;1;0;0;0;1;4;0;0;0;0;0;0;0;0;0;0;0;0;0;0;0;0;0;0;0;0;0;0;0;0;0;0;0;0;0;0;0;0;0;0;0;0;0;0;0;0;0;0;0;0
11.06.2024;21:59;A 21;1;4;3;3;12;1;11;1;9;0;0;1;0;0;0;0;0;0;0;2;20;1;21;0;0;1;7;3;7;0;0;0;0;1;1;0;0;0;0;0;0;0;0;0;0;0;0;0;0;0;0;0;0;0;0;0;0;0;0;0;0;0;0;0;0;0;0;0;0;0;0
11.06.2024;21:58;A 21;1;7;8;3;21;0;0;0;0;1;27;0;0;2;6;1;4;1;0;2;1;2;1;0;0;2;7;1;2;0;0;0;0;0;0;0;0;0;0;0;0;0;0;0;0;0;0;0;0;0;0;0;0;0;0;0;0;0;0;0;0;0;0;0;0;0;0;0;0;0;0
11.06.2024;21:57;A 21;1;3;2;2;11;0;0;0;0;0;0;0;0;0;0;0;0;0;0;4;1;2;1;0;0;3;8;3;13;0;0;0;0;0;0;0;0;0;0;0;0;0;0;0;0;0;0;0;0;0;0;0;0;0;0;0;0;0;0;0;0;0;0;0;0;0;0;0;0;0;0
11.06.2024;21:56;A 21;1;3;2;2;11;1;0;3;6;0;0;0;0;0;0;0;0;0;0;5;4;3;4;0;0;3;15;5;10;0;0;0;0;0;0;0;0;0;0;0;0;0;0;0;0;0;0;0;0;0;0;0;0;0;0;0;0;0;0;0;0;0;0;0;0;0;0;0;0;0;0
11.06.2024;21:55;A 21;1;6;7;1;27;0;0;1;5;0;0;0;56;0;0;0;0;1;0;1;19;1;21;1;3;0;4;0;0;0;0;0;0;0;0;0;0;0;0;0;0;0;0;0;0;0;0;0;0;0;0;0;0;0;0;0;0;0;0;0;0;0;0;0;0;0;0;0;0;0;0
11.06.2024;21:54;A 21;1;3;3;1;24;0;0;0;0;0;0;2;43;0;0;2;13;0;0;1;0;1;0;0;0;2;5;1;1;1;1;0;0;0;0;0;0;0;0;0;0;0;0;0;0;0;0;0;0;0;0;0;0;0;0;0;0;0;0;0;0;0;0;0;0;0;0;0;0;0;0
11.06.2024;21:53;A 21;1;4;23;1;31;0;0;1;5;0;0;0;0;0;0;0;0;0;0;0;0;0;0;0;0;0;0;0;0;0;0;0;0;0;0;0;0;0;0;0;0;1;1;0;0;0;0;0;0;0;0;0;0;0;0;0;0;0;0;0;0;0;0;0;0;0;0;0;0;0;0
11.06.2024;21:52;A 21;1;1;24;3;46;0;0;0;0;0;0;0;0;0;0;0;0;0;0;2;3;1;0;2;3;0;0;1;11;0;0;0;0;0;0;2;3;0;0;0;0;0;0;0;0;0;0;0;0;0;0;0;0;0;0;1;1;0;0;0;0;0;0;0;0;0;0;0;0;0;0
11.06.2024;21:51;A 21;1;4;3;5;22;1;0;3;7;0;0;0;0;0;0;0;0;1;1;2;1;1;0;0;0;2;6;3;7;1;1;0;0;0;0;0;0;0;0;0;0;0;0;0;0;0;0;0;0;0;0;0;0;0;0;0;0;0;0;0;0;0;0;0;0;0;0;0;0;0;0
11.06.2024;21:50;A 21;1;1;32;1;8;0;0;0;0;0;0;1;1;0;0;1;4;0;0;2;46;2;41;0;0;1;17;4;24;0;0;0;0;0;0;0;0;0;0;0;0;0;0;0;0;0;0;0;0;0;0;0;0;0;0;0;0;0;0;0;0;0;0;0;0;0;0;0;0;0;0
11.06.2024;21:49;A 21;1;2;27;2;16;0;0;0;0;0;0;0;0;0;0;0;0;0;0;3;22;3;12;0;0;4;25;3;29;0;0;0;0;0;0;2;3;0;0;0;0;0;0;0;0;0;0;0;0;0;0;0;0;0;0;2;3;0;0;0;0;0;0;0;0;0;0;0;0;0;0
11.06.2024;21:48;A 21;1;1;17;1;6;0;0;0;0;0;0;1;34;0;0;0;5;0;0;4;31;4;33;0;0;2;48;3;24;0;0;0;0;0;0;0;0;0;0;0;0;0;0;0;0;0;0;0;0;0;0;0;0;0;0;0;0;0;0;0;0;0;0;0;0;0;0;0;0;0;0
11.06.2024;21:47;A 21;1;3;50;1;60;1;10;1;12;0;0;1;37;0;0;2;12;0;0;3;6;3;3;0;0;3;17;4;17;0;0;0;0;0;0;0;0;0;0;0;0;0;0;0;0;0;0;0;0;0;0;0;0;0;0;0;0;0;0;0;0;0;0;0;0;0;0;0;0;0;0
11.06.2024;21:46;A 21;1;2;13;4;29;0;0;0;0;0;0;1;1;1;1;1;3;1;0;0;22;1;19;1;0;0;10;0;21;0;0;0;0;0;0;0;0;0;0;0;0;1;1;0;0;0;0;0;0;0;0;0;0;0;0;0;0;0;0;0;0;0;0;0;0;0;0;0;0;0;0
11.06.2024;21:45;A 21;1;3;30;1;39;1;0;1;5;1;0;1;31;1;0;1;4;0;0;1;4;0;0;0;0;1;4;1;12;0;0;0;0;0;0;0;0;0;0;0;0;0;0;0;0;0;0;0;0;0;0;0;0;0;0;0;0;0;0;0;0;0;0;0;0;0;0;0;0;0;0
11.06.2024;21:44;A 21;1;6;5;7;37;2;13;3;14;0;0;1;2;0;0;1;9;0;0;1;0;1;0;0;0;1;4;1;4;0;0;0;0;0;0;0;0;0;0;0;0;0;0;0;0;0;0;0;0;0;0;0;0;0;0;0;0;0;0;0;0;0;0;0;0;0;0;0;0;0;0
11.06.2024;21:43;A 21;1;8;7;3;30;0;0;0;0;0;20;1;0;0;0;0;0;0;0;3;2;0;0;0;0;0;0;2;14;0;0;0;0;0;0;0;0;0;0;0;0;0;0;0;0;0;0;0;0;0;0;0;0;0;0;0;0;0;0;0;0;0;0;0;0;0;0;0;0;0;0
11.06.2024;21:42;A 21;1;3;2;2;11;2;6;2;10;1;10;1;1;3;14;1;1;0;0;3;13;0;0;1;3;0;0;2;23;0;0;0;0;0;0;0;0;0;0;0;0;0;0;0;0;0;0;0;0;0;0;0;0;0;0;0;0;0;0;0;0;0;0;0;0;0;0;0;0;0;0
11.06.2024;21:41;A 21;1;4;3;5;22;1;10;3;9;0;0;0;0;0;0;0;0;0;0;2;20;1;0;0;0;1;3;2;13;0;0;0;0;0;0;0;0;0;0;0;0;0;0;0;0;0;0;0;0;0;0;0;0;0;0;0;0;0;0;0;0;0;0;0;0;0;0;0;0;0;0
11.06.2024;21:40;A 21;1;1;0;1;4;0;0;0;0;0;0;0;0;0;0;0;0;0;0;4;1;2;2;1;3;1;14;2;12;0;0;0;0;0;0;0;0;0;0;0;0;0;0;0;0;0;0;0;0;0;0;0;0;0;0;0;0;0;0;0;0;0;0;0;0;0;0;0;0;0;0
11.06.2024;21:39;A 21;1;1;0;1;5;0;0;0;0;0;22;0;0;0;0;0;0;1;0;1;1;1;1;1;9;1;8;1;1;0;0;0;0;0;0;0;0;0;0;0;0;0;0;1;1;0;0;1;1;0;0;0;0;0;0;0;0;0;0;0;0;0;0;0;0;0;0;0;0;0;0
11.06.2024;21:38;A 21;1;1;0;1;5;0;0;0;0;1;23;2;4;1;3;2;16;0;0;1;0;1;0;1;6;1;3;1;3;0;0;0;0;0;0;0;0;0;0;0;0;0;0;0;0;0;0;0;0;0;0;0;0;0;0;0;0;0;0;0;0;0;0;0;0;0;0;0;0;0;0
11.06.2024;21:37;A 21;1;5;33;4;44;1;0;1;5;0;0;0;0;0;0;0;0;0;0;2;43;1;0;1;4;1;4;2;27;1;1;0;0;0;0;0;0;0;0;0;0;0;0;0;0;0;0;0;0;0;0;0;0;0;0;0;0;0;0;0;0;0;0;0;0;0;0;0;0;0;0
11.06.2024;21:36;A 21;1;8;7;5;27;0;0;0;0;0;23;0;0;0;0;0;0;1;0;3;4;3;25;1;3;1;37;1;10;0;0;1;1;0;0;0;0;0;0;0;0;0;0;0;0;0;0;0;0;0;0;0;0;0;0;0;0;0;0;0;0;0;0;0;0;0;0;0;0;0;0
11.06.2024;21:35;A 21;1;3;2;3;13;0;0;0;0;1;5;0;0;1;5;1;1;0;0;2;1;2;1;0;0;3;12;3;10;0;0;0;0;0;0;0;0;0;0;0;0;0;0;0;0;0;0;0;0;0;0;0;0;0;0;0;0;0;0;0;0;0;0;0;0;0;0;0;0;0;0
11.06.2024;21:34;A 21;1;2;1;2;8;0;0;0;0;0;0;0;0;0;0;0;0;0;0;2;1;0;0;0;0;0;0;2;6;0;0;0;0;0;0;0;0;0;0;0;0;0;0;0;0;0;0;0;0;0;0;0;0;0;0;0;0;0;0;0;0;0;0;0;0;0;0;0;0;0;0
11.06.2024;21:33;A 21;1;8;38;6;63;0;0;0;0;0;0;0;25;0;0;0;0;0;0;2;11;1;1;0;0;1;5;4;21;0;0;0;0;0;0;0;0;0;0;0;0;0;0;0;0;0;0;0;0;0;0;0;0;0;0;0;0;0;0;0;0;0;0;0;0;0;0;0;0;0;0
11.06.2024;21:32;A 21;1;3;2;3;10;1;12;1;5;0;0;1;28;0;0;1;5;0;0;1;0;1;0;0;0;1;2;1;0;0;0;0;0;0;0;0;0;0;0;0;0;0;0;0;0;0;0;0;0;0;0;0;0;0;0;0;0;0;0;0;0;0;0;0;0;0;0;0;0;0;0
11.06.2024;21:31;A 21;1;0;0;0;0;1;12;1;7;1;31;2;31;1;6;3;15;0;0;1;21;1;24;0;0;1;6;2;27;0;0;0;0;0;0;0;0;0;0;0;0;0;0;0;0;0;0;0;0;0;0;0;0;0;0;0;0;0;0;0;0;0;0;0;0;0;0;0;0;0;0
11.06.2024;21:30;A 21;1;7;4;4;17;0;0;0;0;0;0;0;0;0;0;0;0;1;0;2;0;1;0;1;2;1;4;1;3;0;0;0;0;0;0;0;0;0;0;0;0;0;0;0;0;0;0;0;0;0;0;0;0;0;0;0;0;0;0;0;0;0;0;0;0;0;0;0;0;0;0
11.06.2024;21:29;A 21;1;0;0;0;0;0;0;0;0;0;0;0;0;0;0;0;0;0;0;0;22;2;0;0;0;2;8;1;22;0;0;0;0;0;0;0;0;0;0;0;0;0;0;0;0;0;0;0;0;0;0;0;0;0;0;0;0;0;0;0;0;0;0;0;0;0;0;0;0;0;0
11.06.2024;21:28;A 21;1;2;1;3;6;0;12;0;0;0;0;1;0;0;0;1;0;0;0;3;25;2;36;1;4;0;43;2;32;0;0;0;0;1;1;0;0;0;0;0;0;1;1;0;0;0;0;0;0;0;0;0;0;0;0;0;0;0;0;0;0;1;1;0;0;0;0;0;0;0;0
11.06.2024;21:27;A 21;1;9;5;3;20;1;13;1;4;0;0;0;0;0;0;0;0;0;0;2;1;1;0;0;0;2;5;4;8;0;0;0;0;0;0;0;0;0;0;0;0;0;0;0;0;0;0;0;0;0;0;0;0;0;0;0;0;0;0;0;0;0;0;0;0;0;0;0;0;0;0
11.06.2024;21:26;A 21;1;1;12;1;3;0;0;0;0;0;0;1;0;0;0;0;0;1;0;5;41;4;41;1;4;2;51;3;51;0;0;0;0;0;0;0;0;0;0;0;0;0;0;0;0;0;0;0;0;0;0;0;0;0;0;0;0;0;0;0;0;0;0;0;0;0;0;0;0;0;0
11.06.2024;21:25;A 21;1;1;18;1;12;0;0;0;0;0;0;0;0;0;0;0;0;0;0;2;47;1;34;0;0;1;41;3;37;0;0;0;0;0;0;0;0;0;0;0;0;0;0;0;0;0;0;0;0;0;0;0;0;0;0;0;0;0;0;0;0;0;0;0;0;0;0;0;0;0;0
11.06.2024;21:24;A 21;1;3;3;2;12;1;0;0;0;0;0;2;1;0;0;0;0;1;0;1;14;1;19;2;13;1;25;1;4;0;0;0;0;0;0;0;0;0;0;0;0;0;0;0;0;1;3;0;0;0;0;0;0;0;0;0;0;0;0;0;0;0;0;0;0;0;0;0;0;0;0
11.06.2024;21:23;A 21;1;1;0;1;3;3;73;1;89;0;47;2;51;0;0;0;54;0;0;0;0;0;0;2;7;0;0;0;0;0;0;0;0;0;0;1;1;0;0;0;0;0;0;0;0;0;0;0;0;0;0;0;0;0;0;0;0;0;0;0;0;0;0;0;0;0;0;0;0;0;0
11.06.2024;21:22;A 21;1;5;4;5;17;0;0;0;0;0;100;1;19;0;0;2;8;0;0;3;2;0;0;0;0;0;0;2;9;0;0;0;0;0;0;0;0;0;0;0;0;0;0;0;0;0;0;0;0;0;0;0;0;0;0;0;0;0;0;0;0;0;0;0;0;0;0;0;0;0;0
11.06.2024;21:21;A 21;1;2;29;1;39;0;0;0;0;1;11;0;19;1;6;1;0;1;1;0;0;0;0;1;5;0;0;0;0;2;3;0;0;0;0;0;0;0;0;0;0;0;0;0;0;0;0;0;0;0;0;0;0;0;0;0;0;0;0;0;0;0;0;0;0;0;0;0;0;0;0
11.06.2024;21:20;A 21;1;1;0;1;3;0;0;0;0;0;0;3;8;0;0;2;6;2;1;0;0;0;0;3;11;0;0;0;0;1;1;0;0;0;0;0;0;0;0;0;0;0;0;0;0;0;0;0;0;0;0;0;0;0;0;0;0;0;0;0;0;0;0;0;0;0;0;0;0;0;0
11.06.2024;21:19;A 21;1;4;4;3;11;1;2;0;47;0;0;1;6;0;0;0;0;1;1;4;49;1;40;1;6;1;52;1;69;0;0;0;0;0;0;0;0;0;0;0;0;0;0;0;0;0;0;0;0;0;0;0;0;0;0;0;0;0;0;0;0;0;0;0;0;0;0;0;0;0;0
11.06.2024;21:18;A 21;1;4;45;1;64;0;0;1;12;1;1;2;34;1;2;3;9;1;0;6;5;2;37;1;3;0;47;5;30;0;0;0;0;1;1;0;0;0;0;0;0;0;0;0;0;0;0;0;0;0;0;0;0;0;0;0;0;0;0;0;0;0;0;0;0;0;0;0;0;0;0
11.06.2024;21:17;A 21;1;7;43;3;62;0;0;0;0;1;35;0;0;1;2;0;0;0;0;5;34;7;28;2;5;3;56;5;45;0;0;0;0;1;1;0;0;0;0;0;0;0;0;0;0;0;0;0;0;0;0;0;0;0;0;0;0;0;0;0;0;0;0;0;0;0;0;0;0;0;0
11.06.2024;21:16;A 21;1;8;42;3;59;0;0;0;0;1;0;0;0;0;0;0;0;1;0;2;21;1;17;1;5;0;19;1;13;1;1;0;0;0;0;0;0;0;0;0;0;0;0;0;0;0;0;0;0;0;0;0;0;0;0;0;0;0;0;0;0;0;0;0;0;0;0;0;0;0;0
11.06.2024;21:15;A 21;1;5;3;6;21;0;0;0;0;0;0;0;0;1;2;2;4;0;0;1;42;1;38;0;0;1;45;2;10;0;0;0;0;0;0;0;0;0;0;0;0;1;1;0;0;0;0;0;0;0;0;0;0;0;0;0;0;0;0;0;0;1;1;0;0;0;0;0;0;0;0
11.06.2024;21:14;A 21;1;3;2;3;10;2;14;1;4;0;0;0;0;1;0;1;1;0;0;2;1;2;1;0;0;2;7;3;6;0;0;0;0;0;0;0;0;0;0;0;0;0;0;0;0;0;0;0;0;0;0;0;0;0;0;0;0;0;0;0;0;0;0;0;0;0;0;0;0;0;0
11.06.2024;21:13;A 21;1;3;3;2;11;0;0;0;0;0;0;0;0;0;0;0;0;1;0;5;17;4;14;2;10;1;26;2;26;0;0;0;0;0;0;0;0;0;0;0;0;0;0;0;0;0;0;0;0;0;0;0;0;0;0;0;0;0;0;0;0;0;0;0;0;0;0;0;0;0;0
11.06.2024;21:12;A 21;1;5;5;1;13;0;0;0;0;0;0;0;0;0;0;0;0;0;0;2;29;1;23;1;5;2;24;4;36;0;0;0;0;0;0;0;0;0;0;0;0;0;0;0;0;0;0;1;1;0;0;0;0;0;0;0;0;0;0;0;0;0;0;0;0;0;0;1;3;0;0
11.06.2024;21:11;A 21;1;2;39;2;47;0;0;0;0;0;0;2;29;0;0;2;29;1;0;3;3;2;25;0;0;2;28;1;13;0;0;0;0;0;0;0;0;0;0;0;0;1;1;0;0;0;0;0;0;0;0;0;0;0;0;0;0;0;0;0;0;1;4;0;0;0;0;0;0;0;0
11.06.2024;21:10;A 21;1;1;0;1;3;1;45;1;6;0;0;0;0;0;0;0;0;0;0;5;5;4;39;1;2;3;53;3;53;0;0;0;0;0;0;0;0;0;0;1;1;0;0;0;0;0;0;0;0;0;0;0;0;0;0;0;0;0;0;1;1;0;0;0;0;0;0;0;0;0;0
11.06.2024;21:09;A 21;1;6;9;4;16;0;2;0;0;0;0;2;46;0;0;2;13;0;0;4;40;1;43;1;1;1;50;4;64;0;0;0;0;0;0;0;0;0;0;0;0;0;0;0;0;0;0;0;0;0;0;0;0;0;0;0;0;0;0;0;0;0;0;0;0;0;0;5;20;0;0
11.06.2024;21:08;A 21;1;7;30;8;43;2;48;2;14;0;0;1;0;0;0;1;1;0;0;1;13;0;0;0;0;0;0;1;19;0;0;0;0;0;0;0;0;0;0;0;0;0;0;0;0;0;0;0;0;0;0;0;0;0;0;0;0;0;0;0;0;0;0;0;0;0;0;0;0;0;0
11.06.2024;21:07;A 21;1;4;31;1;43;0;0;0;0;0;0;1;1;0;0;0;0;1;0;5;4;2;1;1;3;2;7;4;14;0;0;0;0;0;0;0;0;0;0;0;0;0;0;0;0;0;0;0;0;0;0;0;0;0;0;0;0;0;0;0;0;0;0;0;0;0;0;0;0;0;0
11.06.2024;21:06;A 21;1;2;13;1;25;0;0;0;0;0;1;0;0;0;0;0;0;0;0;0;55;0;0;1;2;0;0;0;0;0;0;0;0;0;0;0;0;0;0;0;0;0;0;0;0;0;0;1;1;0;0;0;0;0;0;0;0;0;0;0;0;0;0;0;0;0;0;0;0;0;0
11.06.2024;21:05;A 21;1;0;0;0;0;0;0;0;0;1;2;2;3;1;4;1;3;0;0;3;54;2;39;0;0;2;15;4;22;0;0;0;0;0;0;0;0;0;0;0;0;0;0;0;0;1;1;0;0;0;0;0;0;0;0;0;0;0;0;0;0;0;0;0;0;0;0;0;0;0;0
11.06.2024;21:04;A 21;1;1;0;1;2;0;1;0;0;0;0;0;0;0;0;0;0;0;0;2;31;0;0;0;0;0;0;3;41;0;0;0;0;0;0;0;0;0;0;0;0;0;0;0;0;0;0;0;0;0;0;0;0;0;0;1;3;0;0;0;0;0;0;0;0;0;0;0;0;0;0
11.06.2024;21:03;A 21;1;4;3;3;12;1;0;1;3;0;0;0;0;0;0;0;0;0;0;2;13;1;13;0;0;0;16;0;14;0;0;0;0;0;0;0;0;0;0;0;0;0;0;0;0;0;0;0;0;0;0;0;0;0;0;0;0;0;0;0;0;0;0;0;0;0;0;0;0;0;0
11.06.2024;21:02;A 21;1;2;3;2;18;0;82;0;0;0;40;1;40;0;0;1;3;0;0;1;57;1;53;0;0;1;64;1;63;0;0;0;0;0;0;0;0;0;0;0;0;0;0;0;0;0;0;0;0;0;0;0;0;0;0;0;0;0;0;0;0;0;0;0;0;0;0;0;0;0;0
11.06.2024;21:01;A 21;1;41;20;2;43;1;65;1;6;1;70;1;69;1;5;1;10;0;0;4;32;3;5;0;0;2;18;3;34;0;0;0;0;1;1;0;0;0;0;0;0;0;0;0;0;0;0;0;0;0;0;0;0;0;0;0;0;0;0;0;0;0;0;0;0;0;0;0;0;0;0
11.06.2024;21:00;A 21;1;4;3;4;13;1;0;0;0;0;0;1;1;0;0;0;0;1;0;5;50;3;27;2;4;1;38;4;58;0;0;0;0;0;0;0;0;0;0;0;0;0;0;0;0;2;4;0;0;0;0;0;0;0;0;0;0;0;0;0;0;0;0;0;0;0;0;0;0;0;0
11.06.2024;20:59;A 21;1;10;8;9;32;2;0;0;0;0;0;0;0;0;0;0;0;0;0;4;23;0;17;0;0;0;0;1;36;0;0;0;0;0;0;0;0;0;0;0;0;0;0;0;0;0;0;0;0;0;0;0;0;0;0;0;0;0;0;0;0;0;0;0;0;0;0;0;0;0;0
11.06.2024;20:58;A 21;1;6;12;5;26;0;89;0;0;0;0;0;0;0;0;0;0;0;0;2;49;2;42;0;0;1;11;1;60;0;0;0;0;0;0;0;0;0;0;0;0;0;0;0;0;0;0;0;0;0;0;0;0;0;0;0;0;0;0;0;0;0;0;0;0;0;0;0;0;0;0
11.06.2024;20:57;A 21;1;3;2;4;8;1;64;1;5;0;0;1;0;0;0;0;0;0;0;2;71;2;78;0;0;1;88;3;24;0;0;0;0;1;1;0;0;0;0;0;0;1;1;0;0;0;0;0;0;0;0;0;0;0;0;0;0;0;0;0;0;1;1;0;0;0;0;0;0;0;0
11.06.2024;20:56;A 21;1;6;5;3;18;1;20;1;6;0;0;2;1;0;0;0;0;0;0;5;13;4;9;0;0;2;19;2;21;0;0;0;0;0;0;0;0;0;0;0;0;0;0;1;1;0;0;0;0;0;0;0;0;0;0;0;0;0;0;0;0;0;0;0;0;0;0;0;0;0;0
11.06.2024;20:55;A 21;1;5;54;2;44;2;59;2;8;1;1;2;1;1;3;3;10;1;10;4;42;1;77;1;8;1;83;2;80;0;0;0;0;0;0;0;0;0;0;0;0;0;0;0;0;0;0;0;0;0;0;0;0;0;0;0;0;0;0;0;0;0;0;0;0;0;0;0;0;0;0
11.06.2024;20:54;A 21;1;1;0;1;1;0;70;0;0;1;15;0;19;0;3;0;0;0;0;1;35;0;0;1;2;0;0;1;42;0;0;0;0;1;1;0;0;0;0;0;0;0;0;0;0;0;0;0;0;0;0;0;0;0;0;0;0;0;0;0;0;0;0;0;0;0;0;0;0;0;0
11.06.2024;20:53;A 21;1;3;43;3;32;1;62;1;4;0;0;2;18;1;8;2;12;0;0;2;29;1;0;0;0;1;4;2;13;0;0;0;0;0;0;0;0;0;0;1;1;0;0;0;0;0;0;0;0;0;0;0;0;0;0;0;0;0;0;0;0;0;0;0;0;0;0;0;0;0;0
11.06.2024;20:52;A 21;1;5;8;2;41;1;65;1;4;0;0;1;3;0;0;1;3;0;0;5;23;1;21;0;0;1;3;4;38;0;0;1;1;0;0;0;0;0;0;0;0;1;1;0;0;0;0;0;0;0;0;0;0;0;0;0;0;0;0;0;0;0;0;0;0;0;0;0;0;0;0
11.06.2024;20:51;A 21;1;0;8;1;26;0;0;0;0;1;28;0;0;1;7;1;3;0;0;4;33;3;30;1;4;3;31;5;36;0;0;0;0;0;0;0;0;0;0;0;0;0;0;0;0;1;1;0;0;0;0;0;0;0;0;0;0;0;0;0;0;0;0;0;0;0;0;0;0;0;0
11.06.2024;20:50;A 21;1;2;46;2;12;0;0;0;0;0;0;0;0;0;0;0;0;0;0;3;10;2;1;0;0;2;12;3;23;0;0;0;0;0;0;0;0;0;0;0;0;0;0;0;0;0;0;0;0;0;0;0;0;0;0;0;0;0;0;0;0;1;1;0;0;0;0;0;0;0;0
11.06.2024;20:49;A 21;1;0;0;0;0;0;0;0;0;1;29;1;26;1;3;1;3;0;0;2;9;1;0;2;1;2;6;1;15;0;0;0;0;0;0;0;0;0;0;0;0;0;0;0;0;0;0;0;0;0;0;0;0;0;0;0;0;0;0;0;0;0;0;0;0;1;1;0;0;0;0
11.06.2024;20:48;A 21;1;7;44;4;49;0;0;0;0;0;0;0;0;0;0;0;0;0;0;5;13;5;15;1;3;1;34;1;24;0;0;0;0;0;0;0;0;0;0;0;0;0;0;0;0;0;0;0;0;0;0;0;0;0;0;0;0;0;0;0;0;0;0;0;0;0;0;0;0;0;0
11.06.2024;20:47;A 21;1;5;4;6;17;0;0;0;0;0;0;1;50;0;0;2;5;2;2;3;1;4;2;4;14;3;13;3;8;0;0;0;0;0;0;0;0;0;0;0;0;1;1;0;0;0;0;0;0;0;0;0;0;0;0;0;0;0;0;0;0;2;3;0;0;0;0;0;0;0;0
11.06.2024;20:46;A 21;1;0;0;0;0;0;6;0;0;0;0;1;0;0;0;2;1;2;0;6;3;3;2;2;10;3;12;7;21;0;0;0;0;0;0;0;0;0;0;0;0;0;0;0;0;0;0;0;0;0;0;0;0;0;0;0;0;0;0;0;0;0;0;0;0;0;0;0;0;0;0
11.06.2024;20:45;A 21;1;1;13;0;14;2;78;1;15;0;0;3;2;0;0;1;0;0;0;3;48;3;31;0;0;1;45;0;55;0;0;0;0;0;0;0;0;1;1;0;0;0;0;0;0;0;0;0;0;0;0;0;0;0;0;0;0;1;1;0;0;0;0;0;0;0;0;0;0;0;0
11.06.2024;20:44;A 21;1;3;21;3;32;1;47;2;50;0;0;0;0;0;0;1;1;2;0;6;32;3;2;1;0;2;11;4;49;0;0;0;0;0;0;0;0;0;0;0;0;2;3;0;0;0;0;0;0;0;0;0;0;0;0;0;0;0;0;0;0;0;0;0;0;0;0;0;0;0;0
11.06.2024;20:43;A 21;1;1;0;1;3;1;35;1;7;0;0;2;1;0;0;3;2;0;0;2;2;1;21;0;0;1;14;1;6;0;0;0;0;0;0;0;0;0;0;0;0;0;0;0;0;0;0;0;0;0;0;0;0;0;0;0;0;0;0;0;0;0;0;0;0;0;0;0;0;0;0
11.06.2024;20:42;A 21;1;4;28;1;35;2;12;1;18;0;0;0;53;0;0;0;0;0;0;1;34;1;56;1;3;1;40;0;0;0;0;0;0;0;0;0;0;0;0;0;0;0;0;0;0;0;0;0;0;0;0;0;0;0;0;0;0;0;0;0;0;0;0;0;0;0;0;0;0;0;0
11.06.2024;20:41;A 21;1;9;24;6;72;0;0;0;0;1;29;3;6;1;6;2;10;1;0;3;14;3;12;1;3;2;21;1;21;0;0;0;0;0;0;0;0;0;0;0;0;0;0;0;0;2;3;0;0;0;0;0;0;0;0;0;0;0;0;0;0;0;0;0;0;1;1;0;0;0;0
11.06.2024;20:40;A 21;1;3;47;3;57;0;0;0;0;0;0;1;0;0;0;1;1;1;0;1;42;1;8;1;1;1;20;3;50;0;0;0;0;0;0;0;0;0;0;0;0;0;0;0;0;0;0;0;0;0;0;0;0;0;0;0;0;0;0;0;0;0;0;0;0;0;0;0;0;0;0
11.06.2024;20:39;A 21;1;5;3;4;15;1;20;1;1;0;0;2;1;1;3;2;3;1;0;5;5;2;4;1;11;1;10;3;23;0;0;0;0;0;0;0;0;0;0;0;0;0;0;0;0;0;0;1;1;0;0;0;0;0;0;0;0;0;0;0;0;0;0;0;0;0;0;0;0;0;0
11.06.2024;20:38;A 21;1;2;1;1;4;0;0;0;0;0;0;0;0;0;0;0;4;0;1;5;6;4;59;0;0;3;73;5;74;0;0;0;0;0;0;0;0;0;0;0;0;1;1;0;0;0;0;0;0;0;0;0;0;0;0;0;0;0;0;0;0;1;1;0;0;0;0;0;0;0;0
11.06.2024;20:37;A 21;1;3;2;4;8;0;0;0;0;1;1;3;37;1;9;2;43;1;17;1;0;1;9;2;7;2;11;1;3;0;0;0;0;0;0;0;0;0;0;0;0;0;0;0;0;0;0;0;0;0;0;0;0;0;0;0;0;0;0;0;0;1;2;0;0;0;0;0;0;0;0
11.06.2024;20:36;A 21;1;3;40;3;45;1;2;2;11;0;0;1;43;0;0;1;8;1;0;3;27;3;15;1;4;2;35;3;16;0;0;0;0;0;0;0;0;0;0;0;0;1;1;0;0;0;0;0;0;0;0;0;0;0;0;0;0;0;0;0;0;0;0;0;0;0;0;0;0;0;0
11.06.2024;20:35;A 21;1;4;14;5;23;0;0;0;0;0;0;0;0;0;0;0;0;1;0;0;0;0;0;2;9;0;0;0;0;1;1;0;0;0;0;0;0;0;0;0;0;0;0;0;0;0;0;0;0;0;0;0;0;0;0;0;0;0;0;0;0;0;0;0;0;0;0;0;0;0;0
11.06.2024;20:34;A 21;1;2;10;2;9;0;0;0;0;0;35;0;0;0;0;0;0;1;0;3;1;2;1;1;1;2;6;2;5;0;0;0;0;0;0;0;0;0;0;0;0;0;0;0;0;1;1;0;0;0;0;0;0;0;0;0;0;0;0;0;0;0;0;0;0;0;0;0;0;0;0
11.06.2024;20:33;A 21;1;3;20;4;8;0;0;0;0;2;4;2;1;2;7;3;5;0;0;2;45;2;45;0;0;2;54;3;17;0;0;0;0;1;1;0;0;0;0;0;0;0;0;0;0;0;0;0;0;0;0;0;0;0;0;0;0;0;0;0;0;0;0;0;0;0;0;0;0;0;0
11.06.2024;20:32;A 21;1;8;33;3;38;2;21;1;3;0;0;2;1;0;0;2;0;0;0;2;41;2;21;1;8;2;17;3;17;0;0;0;0;0;0;0;0;0;0;0;0;0;0;0;0;0;0;0;0;0;0;0;0;0;0;0;0;0;0;0;0;0;0;0;0;0;0;0;0;0;0
11.06.2024;20:31;A 21;1;4;39;3;17;1;70;2;16;0;0;0;80;0;0;0;0;0;0;0;26;0;0;1;6;0;0;0;0;0;0;0;0;0;0;0;0;0;0;1;1;1;1;0;0;0;0;0;0;0;0;0;0;0;0;0;0;0;0;0;0;0;0;0;0;0;0;0;0;0;0
11.06.2024;20:30;A 21;1;3;2;2;9;0;97;0;0;1;1;2;5;1;4;1;6;3;1;4;14;3;2;6;16;2;11;2;12;1;1;0;0;0;0;0;0;0;0;0;0;0;0;0;0;0;0;0;0;0;0;0;0;0;0;0;0;0;0;0;0;0;0;0;0;0;0;0;0;0;0
11.06.2024;20:29;A 21;1;4;6;4;15;1;22;1;6;0;0;0;12;0;0;0;0;0;0;2;85;2;86;0;0;0;91;4;21;0;0;0;0;0;0;0;0;0;0;0;0;0;0;0;0;0;0;0;0;0;0;0;0;0;0;0;0;0;0;0;0;0;0;0;0;0;0;0;0;0;0
11.06.2024;20:28;A 21;1;1;1;1;3;0;0;0;0;0;0;1;38;0;0;1;5;1;1;2;1;1;1;1;5;1;7;1;4;0;0;0;0;0;0;0;0;0;0;0;0;0;0;0;0;0;0;0;0;0;0;0;0;0;0;0;0;0;0;0;0;0;0;0;0;0;0;0;0;0;0
11.06.2024;20:27;A 21;1;6;62;5;55;1;0;0;0;0;0;1;1;1;2;1;3;4;4;1;0;1;53;3;19;0;57;1;3;0;0;0;0;0;1;0;0;0;0;0;0;0;0;0;0;0;0;0;0;0;0;0;0;0;0;0;0;0;0;0;0;0;0;0;0;0;0;0;0;0;0
11.06.2024;20:26;A 21;1;11;66;1;85;0;0;0;0;0;0;0;0;0;0;0;0;0;0;6;61;6;69;1;6;5;34;3;13;0;0;0;0;2;2;0;0;0;0;0;0;0;0;0;0;1;1;0;0;0;0;0;0;0;0;0;0;0;0;0;0;1;1;0;0;0;0;0;0;0;0
11.06.2024;20:25;A 21;1;9;20;8;41;1;0;0;0;0;0;1;0;0;0;1;0;0;0;7;11;6;5;2;8;4;24;6;28;0;0;0;0;0;0;0;0;0;0;0;0;0;0;0;0;0;0;0;0;0;0;0;0;0;0;0;0;0;0;0;0;0;0;0;0;0;0;0;0;0;0
11.06.2024;20:24;A 21;1;2;1;4;7;0;0;0;0;0;0;2;1;0;0;0;0;0;0;4;52;1;16;0;0;2;6;3;68;0;0;0;0;0;0;0;0;0;0;0;0;0;0;0;0;0;0;0;0;0;0;0;0;0;0;0;0;0;0;0;0;0;0;0;0;0;0;0;0;0;0
11.06.2024;20:23;A 21;1;4;38;5;43;1;88;1;2;0;0;0;46;0;0;0;0;1;1;3;63;1;69;1;4;1;5;3;9;0;0;0;0;0;0;1;3;0;0;0;0;0;0;0;0;0;0;0;0;0;0;0;0;0;0;0;0;0;0;0;0;0;0;0;0;0;0;0;0;0;0
11.06.2024;20:22;A 21;1;0;0;0;0;1;12;1;6;0;0;1;48;0;0;1;7;0;0;2;74;1;1;0;0;1;7;2;19;0;0;0;0;0;0;0;0;0;0;0;0;1;1;0;0;0;0;0;0;0;0;0;0;0;0;0;0;0;0;0;0;0;0;0;0;0;0;0;0;0;0
11.06.2024;20:21;A 21;1;5;10;1;54;0;0;0;0;0;0;3;25;0;0;1;4;1;0;4;2;2;1;1;6;2;8;4;14;0;0;0;0;0;0;1;1;0;0;0;0;0;0;0;0;0;0;0;0;0;0;0;0;0;0;0;0;0;0;0;0;0;0;0;0;0;0;0;0;0;0
11.06.2024;20:20;A 21;1;4;45;2;56;1;42;1;7;0;9;0;0;0;0;0;0;0;0;3;23;0;0;1;1;0;0;2;26;0;0;0;0;0;0;0;0;0;0;0;0;0;0;0;0;0;0;0;0;0;0;0;0;0;0;0;0;0;0;0;0;0;0;0;0;0;0;0;0;0;0
11.06.2024;20:19;A 21;1;5;20;4;20;0;0;0;0;1;46;1;1;1;6;4;11;0;0;2;54;2;53;3;5;1;61;3;9;0;0;0;0;0;0;0;0;0;0;0;0;0;0;0;0;0;0;0;0;0;0;0;0;0;0;0;0;0;0;0;0;1;1;0;0;0;0;0;0;0;0
11.06.2024;20:18;A 21;1;8;6;6;24;2;0;0;0;0;0;1;1;0;0;1;0;0;0;2;1;0;0;1;4;0;0;1;3;0;0;0;0;0;0;0;0;0;0;0;0;0;0;0;0;0;0;0;0;0;0;0;0;0;0;0;0;0;0;0;0;0;0;0;0;0;0;0;0;0;0
11.06.2024;20:17;A 21;1;4;6;2;9;1;1;0;6;0;0;1;0;0;0;1;0;0;0;6;33;3;6;3;9;2;19;3;43;0;0;0;0;0;0;0;0;0;0;0;0;0;0;0;0;0;0;0;0;0;0;0;0;0;0;0;0;0;0;0;0;0;0;0;0;0;0;0;0;0;0
11.06.2024;20:16;A 21;1;5;12;4;30;1;76;2;28;1;0;1;0;1;2;2;2;0;0;7;58;3;3;2;6;2;10;7;22;0;0;0;0;0;0;0;0;0;0;0;0;0;0;0;0;0;0;0;0;0;0;0;0;0;0;0;0;0;0;0;0;0;0;0;0;0;0;0;0;0;0
11.06.2024;20:15;A 21;1;4;67;2;77;0;67;0;0;0;0;2;10;0;0;1;5;0;0;2;5;2;77;0;0;2;14;1;7;0;0;0;0;0;0;0;0;0;0;0;0;1;1;0;0;0;0;0;0;0;0;0;0;0;0;0;0;0;0;0;0;0;0;0;0;0;0;0;0;0;0
11.06.2024;20:14;A 21;1;1;0;1;3;1;41;1;4;1;0;1;0;1;3;1;1;0;0;1;0;1;0;0;0;1;3;0;0;0;0;0;0;0;0;0;0;0;0;0;0;0;0;0;0;0;0;0;0;0;0;0;0;0;0;0;0;0;0;0;0;0;0;0;0;0;0;0;0;0;0
11.06.2024;20:13;A 21;1;4;3;3;13;0;0;0;0;1;1;1;0;0;1;0;0;1;0;3;49;3;2;1;4;3;11;3;57;0;0;0;0;1;1;0;0;0;0;0;0;0;0;0;0;0;0;0;0;0;0;0;0;0;0;0;0;0;0;0;0;0;0;0;0;0;0;0;0;0;0
11.06.2024;20:12;A 21;1;2;2;2;6;1;40;0;7;1;1;2;0;2;5;1;1;2;0;1;67;1;3;1;3;1;8;1;73;0;0;0;0;0;0;0;0;0;0;1;1;4;8;0;0;0;0;0;0;0;0;0;0;0;0;0;0;0;0;1;1;1;1;0;0;0;0;0;0;0;0
11.06.2024;20:11;A 21;1;5;11;3;18;1;56;2;43;0;0;1;31;0;0;3;5;0;0;6;35;2;1;1;32;2;6;5;46;0;0;0;0;4;6;0;0;0;0;0;0;1;1;0;0;0;0;0;0;0;0;0;0;0;0;0;0;0;0;1;1;1;1;0;0;0;0;0;0;0;0
11.06.2024;20:10;A 21;1;7;9;5;21;1;75;1;6;0;0;0;0;0;0;0;0;1;0;2;26;2;27;3;98;2;32;2;28;0;0;0;0;0;0;0;0;0;0;1;1;0;0;0;0;0;0;0;0;0;0;0;0;0;0;0;0;0;0;1;1;0;0;0;0;0;0;0;0;0;0
11.06.2024;20:09;A 21;1;8;8;3;42;1;29;1;6;0;0;0;0;0;0;1;0;0;0;4;58;4;56;3;50;2;68;1;79;0;0;0;0;0;0;0;0;0;0;0;0;0;0;0;0;0;0;0;0;0;0;0;0;0;0;0;0;0;0;0;0;0;0;0;0;0;0;0;0;0;0
11.06.2024;20:08;A 21;1;5;56;2;39;2;79;0;2;0;0;1;39;0;0;0;0;0;0;4;20;2;13;1;2;0;16;2;37;0;0;0;0;0;0;0;0;0;0;0;0;0;0;0;0;0;0;0;0;0;0;0;0;0;0;0;0;0;0;0;0;0;0;0;0;0;0;0;0;0;0
11.06.2024;20:07;A 21;1;3;2;3;10;0;0;1;2;0;0;1;32;0;0;3;8;2;0;3;29;2;4;2;20;2;15;3;30;0;0;0;0;0;0;0;0;0;0;0;0;0;0;0;0;1;1;0;0;0;0;0;0;0;0;0;0;0;0;0;0;0;0;0;0;0;0;0;0;0;0
11.06.2024;20:06;A 21;1;8;19;4;28;0;42;0;0;0;0;1;35;0;0;1;8;0;0;2;75;1;28;4;25;1;48;0;80;0;0;0;0;0;0;0;0;0;0;0;0;0;0;0;0;0;0;0;0;0;0;0;0;0;0;0;0;0;0;0;0;0;0;0;0;0;0;0;0;0;0
11.06.2024;20:05;A 21;1;6;5;5;21;2;15;2;19;0;0;1;1;0;0;1;0;0;0;6;34;4;34;1;1;2;43;33;33;0;0;0;0;0;0;0;0;0;0;0;0;0;0;0;0;0;0;0;0;0;0;0;0;0;0;0;0;0;0;0;0;1;1;0;0;0;0;0;0;0;0
11.06.2024;20:04;A 21;1;3;1;3;7;1;78;1;3;0;0;0;0;0;0;0;0;0;0;1;30;1;19;2;7;1;28;5;22;0;0;0;0;0;0;0;0;0;0;0;0;0;0;0;0;0;0;0;0;0;0;0;0;0;0;0;0;0;0;0;0;0;0;0;0;0;0;0;0;0;0
11.06.2024;20:03;A 21;1;6;59;4;76;0;0;0;0;1;1;1;13;1;5;3;7;0;0;3;45;1;40;1;5;1;6;4;32;0;0;0;0;0;0;0;0;0;0;1;1;0;0;0;0;0;0;0;0;0;0;0;0;0;0;0;0;0;0;0;0;0;0;0;0;0;0;0;0;0;0
11.06.2024;20:02;A 21;1;4;3;4;13;0;0;0;0;0;0;1;51;0;0;1;5;0;0;2;1;1;0;0;0;1;3;2;5;0;0;0;0;1;3;0;0;0;0;0;0;0;0;0;0;0;0;0;0;0;0;0;0;0;0;0;0;0;0;0;0;0;0;0;0;0;0;0;0;0;0
11.06.2024;20:01;A 21;1;6;45;3;57;3;41;0;50;0;0;3;3;1;3;1;2;0;0;4;86;1;80;0;87;0;82;0;94;0;0;0;0;1;1;0;0;0;0;0;0;0;0;0;0;0;0;0;0;0;0;0;0;0;0;0;0;0;0;0;0;1;1;0;0;0;0;0;0;0;0
11.06.2024;20:00;A 21;1;4;7;3;21;1;29;2;26;0;0;1;46;0;0;1;4;0;0;13;45;4;41;4;13;1;56;4;48;0;0;0;0;0;0;0;0;0;0;0;0;1;1;0;0;0;0;0;0;0;0;0;0;0;0;0;0;0;0;0;0;1;1;0;0;0;0;0;0;0;0
11.06.2024;19:59;A 21;1;3;31;4;27;0;0;0;0;0;0;0;0;0;0;0;0;0;0;3;14;2;15;1;0;1;70;2;12;0;0;0;0;1;1;0;0;0;0;0;0;0;0;0;0;0;0;0;0;0;0;0;0;0;0;0;0;0;0;0;0;0;0;0;0;0;0;0;0;0;0
11.06.2024;19:58;A 21;1;7;55;2;72;0;51;0;0;0;0;1;8;0;0;0;0;2;5;3;37;0;0;2;93;0;100;1;55;0;0;0;0;0;0;0;0;0;0;0;0;0;0;0;0;1;1;0;0;0;0;0;0;0;0;0;0;0;0;0;0;0;0;0;0;1;2;0;0;0;0
11.06.2024;19:57;A 21;1;4;3;4;11;0;100;0;0;0;0;0;100;0;0;0;0;0;0;8;5;1;0;4;62;1;97;3;41;0;0;0;0;1;3;0;0;0;0;0;0;1;1;0;0;0;0;0;0;0;0;0;0;0;0;0;0;0;0;0;0;1;1;0;0;0;0;0;0;0;0
11.06.2024;19:56;A 21;1;9;53;6;47;7;25;2;21;0;0;3;59;0;0;3;27;0;0;0;0;0;0;0;36;0;35;0;0;0;0;0;0;1;0;0;0;0;0;0;0;0;0;0;0;1;1;0;0;0;0;0;0;0;0;0;0;0;0;0;0;0;0;0;0;0;0;0;0;0;0
11.06.2024;19:55;A 21;1;5;3;3;14;1;0;0;0;0;0;1;45;0;0;2;38;1;0;4;15;1;0;3;34;1;51;1;47;0;0;0;0;0;0;0;0;0;0;0;0;0;0;0;0;0;0;0;0;0;0;0;0;0;0;0;0;0;0;0;0;0;0;0;0;0;0;0;0;0;0
11.06.2024;19:54;A 21;1;3;5;0;9;1;3;0;0;0;0;1;0;0;0;1;0;1;0;3;1;1;0;2;5;1;3;3;9;0;0;0;0;0;0;0;0;0;0;0;0;0;0;0;0;0;0;0;0;0;0;0;0;0;0;0;0;0;0;0;0;0;0;0;0;0;0;0;0;0;0
11.06.2024;19:53;A 21;1;3;60;2;69;0;0;0;0;1;42;0;39;0;43;6;27;0;0;2;2;0;0;1;3;0;0;2;13;0;0;0;0;0;0;0;0;0;0;0;0;0;0;0;0;0;0;0;0;0;0;0;0;0;0;0;0;0;0;0;0;0;0;0;0;0;0;0;0;0;0
11.06.2024;19:52;A 21;1;7;50;1;67;0;0;0;0;1;49;1;7;2;42;8;23;2;1;4;1;2;1;2;12;2;6;3;9;0;0;0;0;0;0;0;0;0;0;0;0;0;0;0;0;0;0;0;0;0;0;0;0;0;0;0;0;0;0;0;0;0;0;0;0;0;0;0;0;0;0
11.06.2024;19:51;A 21;1;5;9;5;23;0;8;0;0;1;50;2;37;2;16;2;1;1;0;4;7;1;2;3;9;1;5;1;46;0;0;0;0;0;0;0;0;0;0;0;0;0;0;0;0;0;0;0;0;0;0;0;0;0;0;0;0;0;0;0;0;0;0;0;0;0;0;0;0;0;0
11.06.2024;19:50;A 21;1;3;61;2;66;1;17;1;4;0;40;0;0;0;0;0;0;0;0;7;52;4;45;3;1;3;58;2;64;0;0;0;0;0;0;0;0;0;0;0;0;0;0;0;0;0;0;0;0;0;0;0;0;0;0;0;0;0;0;0;0;0;0;0;0;0;0;0;0;0;0
11.06.2024;19:49;A 21;1;9;67;1;87;0;0;0;0;1;57;1;8;1;3;2;8;0;0;1;0;1;0;0;0;1;3;0;0;0;0;0;0;0;0;0;0;0;0;0;0;0;0;0;0;0;0;0;0;0;0;0;0;0;0;0;0;0;0;0;0;0;0;0;0;0;0;0;0;0;0
11.06.2024;19:48;A 21;1;7;13;1;30;0;0;0;0;1;84;1;2;1;4;2;9;1;1;9;4;6;4;3;12;4;20;5;22;0;0;0;0;0;0;0;0;0;0;0;0;0;0;0;0;0;0;0;0;0;0;0;0;0;0;0;0;0;0;0;0;0;0;0;0;0;0;0;0;0;0
11.06.2024;19:47;A 21;1;1;36;1;43;1;60;1;7;0;0;1;0;0;0;0;0;2;0;6;4;2;1;4;18;2;7;4;18;0;0;0;0;0;0;0;0;0;0;0;0;0;0;0;0;0;0;0;0;0;0;0;0;0;0;0;0;0;0;0;0;0;0;0;0;0;0;0;0;0;0
11.06.2024;19:46;A 21;1;4;4;4;17;3;36;0;38;0;0;3;2;0;0;3;2;2;14;5;73;0;0;1;73;0;0;6;82;0;0;0;0;0;0;0;0;0;0;0;0;0;0;0;0;0;0;0;0;0;0;0;0;0;0;0;0;0;0;0;0;0;0;0;0;0;0;0;0;0;0
11.06.2024;19:45;A 21;1;4;3;2;12;1;45;2;50;1;2;2;5;2;5;2;2;2;1;6;29;2;23;3;14;1;28;4;49;0;0;0;0;0;0;0;0;0;0;0;0;0;0;0;0;0;0;0;0;0;0;0;0;0;0;0;0;0;0;0;0;0;0;0;0;0;0;0;0;0;0
11.06.2024;19:44;A 21;1;5;52;3;62;1;85;1;4;0;0;2;2;0;0;1;0;1;0;2;45;1;46;3;7;1;54;3;23;0;0;0;0;1;1;0;0;0;0;0;0;0;0;0;0;0;0;0;0;0;0;0;0;0;0;0;0;0;0;0;0;0;0;0;0;0;0;0;0;0;0
11.06.2024;19:43;A 21;1;6;53;4;35;1;60;1;7;0;0;2;1;0;0;1;0;0;0;3;76;0;0;3;62;0;0;3;75;0;0;0;0;0;0;0;0;0;0;1;1;0;0;0;0;0;0;0;0;0;0;0;0;0;0;0;0;0;0;1;3;0;0;0;0;0;0;0;0;0;0
11.06.2024;19:42;A 21;1;7;12;4;20;1;72;1;5;1;74;1;3;1;3;2;6;2;0;3;3;1;0;3;13;1;4;3;16;0;0;0;0;0;0;1;1;0;0;0;0;0;0;0;0;0;0;0;0;0;0;0;0;0;0;1;1;0;0;0;0;0;0;0;0;0;0;0;0;0;0
11.06.2024;19:41;A 21;1;4;51;3;60;1;0;1;2;0;0;1;50;0;0;0;0;0;0;6;4;4;2;1;4;3;14;3;19;0;0;0;0;0;0;0;0;0;0;1;1;0;0;1;1;0;0;0;0;0;0;0;0;0;0;0;0;0;0;1;1;0;0;0;0;0;0;0;0;0;0
11.06.2024;19:40;A 21;1;7;35;4;52;1;60;0;59;0;0;2;46;0;0;2;12;0;0;4;90;1;38;2;4;1;10;1;85;0;0;0;0;0;0;0;0;0;0;0;0;0;0;0;0;0;0;0;0;0;0;0;0;0;0;0;0;0;0;0;0;0;0;0;0;0;0;1;1;0;0
11.06.2024;19:39;A 21;1;2;1;2;6;1;30;1;36;0;0;2;94;0;0;0;94;1;1;1;1;1;0;1;5;1;3;2;8;0;0;0;0;0;0;0;0;0;0;0;0;1;1;0;0;0;0;0;0;0;0;0;0;0;0;0;0;0;0;0;0;0;0;0;0;0;0;0;0;0;0
11.06.2024;19:38;A 21;1;1;50;1;6;0;0;0;0;0;0;3;5;0;0;4;19;0;0;5;12;2;1;0;0;2;6;3;15;0;0;0;0;0;0;0;0;0;0;0;0;0;0;0;0;0;0;0;0;0;0;0;0;0;0;0;0;0;0;0;0;0;0;0;0;0;0;0;0;0;0
11.06.2024;19:37;A 21;1;7;32;6;20;0;0;0;0;0;0;2;23;0;0;1;3;0;0;3;29;1;27;1;7;1;4;2;35;0;0;1;1;0;0;1;1;0;0;0;0;0;0;0;0;0;0;0;0;0;0;0;0;0;0;0;0;0;0;0;0;0;0;0;0;0;0;0;0;0;0
11.06.2024;19:36;A 21;1;4;3;3;14;0;0;0;0;2;1;0;87;3;11;0;0;0;0;4;47;4;27;0;0;2;46;2;58;0;0;0;0;1;1;0;0;0;0;0;0;0;0;0;0;0;0;0;0;0;0;0;0;0;0;0;0;0;0;0;0;0;0;0;0;0;0;0;0;0;0
11.06.2024;19:35;A 21;1;4;41;3;49;2;89;1;70;1;1;3;49;1;3;3;9;0;0;1;83;1;94;0;0;1;97;2;66;0;0;0;0;0;0;0;0;0;0;0;0;0;0;0;0;0;0;0;0;0;0;0;0;0;0;0;0;0;0;0;0;0;0;0;0;0;0;1;1;0;0
11.06.2024;19:34;A 21;1;8;51;2;66;4;51;1;43;0;0;1;51;0;2;2;10;0;0;4;8;2;16;1;8;2;17;3;50;0;0;0;0;0;0;0;0;0;0;0;0;0;0;0;0;0;0;0;0;0;0;0;0;0;0;0;0;0;0;0;0;0;0;0;0;0;0;0;0;0;0
11.06.2024;19:33;A 21;1;5;18;1;19;1;29;2;34;0;0;2;41;2;43;2;21;1;0;2;21;2;3;3;9;0;26;1;24;0;0;0;0;0;0;0;0;0;0;0;0;0;0;0;0;0;0;0;0;0;0;0;0;0;0;0;0;0;0;0;0;0;0;0;0;0;0;0;0;0;0
11.06.2024;19:32;A 21;1;2;31;1;38;1;50;1;6;1;1;2;2;1;1;2;6;0;0;5;50;3;2;2;10;3;76;4;70;0;0;0;0;0;0;0;0;0;0;0;0;0;0;0;0;0;0;0;0;0;0;0;0;0;0;0;0;0;0;0;0;0;0;0;0;0;0;0;0;0;0
11.06.2024;19:31;A 21;1;6;51;4;34;1;51;0;0;0;0;0;0;0;0;1;0;0;0;2;64;0;0;2;4;0;0;2;45;0;0;0;0;0;0;0;0;0;0;0;0;0;0;0;0;0;0;0;0;0;0;0;0;0;0;0;0;0;0;0;0;0;0;0;0;0;0;0;0;0;0
11.06.2024;19:30;A 21;1;5;10;1;22;3;57;2;65;0;0;4;3;0;0;2;1;1;0;7;43;5;43;2;6;3;53;6;60;0;0;0;0;0;0;0;0;0;0;0;0;1;1;0;0;0;0;0;0;0;0;0;0;0;0;0;0;0;0;3;5;0;0;0;0;0;0;0;0;0;0
11.06.2024;19:29;A 21;1;1;41;1;46;1;12;2;17;0;0;1;59;0;0;1;4;1;1;10;56;7;9;1;4;5;34;6;83;0;0;0;0;0;0;0;0;0;0;0;0;1;1;0;0;0;0;0;0;0;0;0;0;0;0;0;0;0;0;2;3;1;1;0;0;0;0;0;0;0;0
11.06.2024;19:28;A 21;1;5;17;4;24;2;29;2;27;0;0;1;70;0;0;2;10;1;0;6;4;6;73;1;5;2;88;4;86;0;0;0;0;0;0;0;0;0;0;0;0;0;0;0;0;0;0;0;0;0;0;0;0;0;0;0;0;0;0;0;0;0;0;0;0;0;0;0;0;0;0
11.06.2024;19:27;A 21;1;6;29;5;21;0;0;0;0;0;0;2;1;0;0;1;2;0;0;1;20;2;60;2;6;2;59;4;20;0;0;0;0;0;0;0;0;0;0;0;0;0;0;1;1;0;0;0;0;0;0;0;0;0;0;0;0;0;0;0;0;0;0;0;0;0;0;0;0;0;0
11.06.2024;19:26;A 21;1;4;28;2;39;2;87;1;66;1;1;2;2;1;1;1;9;1;0;1;28;0;0;1;3;1;5;2;26;0;0;0;0;0;0;0;0;0;0;0;0;1;1;0;0;0;0;0;0;0;0;0;0;0;0;0;0;0;0;0;0;0;0;0;0;0;0;0;0;0;0
11.06.2024;19:25;A 21;1;10;49;4;43;1;52;1;4;0;0;1;1;0;0;1;3;0;0;4;40;3;1;0;0;3;9;4;47;0;0;0;0;0;0;0;0;0;0;0;0;0;0;0;0;0;0;0;0;0;0;0;0;0;0;0;0;0;0;0;0;0;0;0;0;0;0;0;0;0;0
11.06.2024;19:24;A 21;1;4;2;4;14;0;0;0;0;0;0;2;55;0;0;2;7;0;0;9;47;8;29;0;0;3;52;2;61;0;0;0;0;0;0;0;0;0;0;0;0;0;0;0;0;0;0;0;0;0;0;0;0;0;0;0;0;0;0;0;0;0;0;0;0;0;0;0;0;0;0
11.06.2024;19:23;A 21;1;3;28;3;36;2;46;2;11;0;0;2;39;0;0;1;5;0;0;1;54;1;55;1;7;1;63;2;59;0;0;0;0;0;0;0;0;0;0;1;1;0;0;0;0;0;0;0;0;0;0;0;0;0;0;0;0;0;0;1;1;0;0;0;0;0;0;0;0;0;0
11.06.2024;19:22;A 21;1;8;22;6;43;0;37;0;0;0;0;1;0;0;0;2;3;1;0;1;53;0;0;2;39;0;0;1;57;0;0;0;0;0;0;1;1;0;0;0;0;0;0;0;0;0;0;0;0;0;0;0;0;0;0;0;0;0;0;0;0;0;0;0;0;0;0;0;0;0;0
11.06.2024;19:21;A 21;1;11;14;2;35;2;28;1;9;0;0;1;11;0;0;1;4;0;0;3;64;5;40;1;12;2;49;2;43;0;0;0;0;0;0;0;0;0;0;0;0;0;0;0;0;0;0;0;0;0;0;0;0;0;0;0;0;0;0;0;0;0;0;0;0;0;0;0;0;0;0
11.06.2024;19:20;A 21;1;1;27;1;33;1;88;2;9;0;0;3;62;0;0;0;68;0;0;4;14;3;2;1;1;3;9;4;19;0;0;0;0;0;0;0;0;0;0;0;0;0;0;0;0;0;0;0;0;0;0;0;0;0;0;0;0;0;0;1;1;0;0;0;0;0;0;0;0;0;0
11.06.2024;19:19;A 21;1;16;44;2;62;1;37;1;17;14;36;1;54;1;1;1;59;1;0;5;57;2;75;4;3;2;66;1;79;0;0;0;0;0;0;0;0;0;0;0;0;0;0;0;0;0;0;0;0;0;0;0;0;0;0;0;0;0;0;0;0;0;0;0;0;0;0;0;0;0;0
11.06.2024;19:18;A 21;1;10;9;7;29;1;61;3;15;1;4;3;36;1;6;2;25;0;0;3;1;2;2;4;9;2;12;1;5;0;0;0;0;0;0;0;0;0;0;0;0;0;0;0;0;0;0;0;0;0;0;0;0;0;0;0;0;3;7;0;0;0;0;0;0;0;0;0;0;0;0
11.06.2024;19:17;A 21;1;3;4;3;14;0;85;0;0;0;0;0;43;0;0;1;2;1;1;5;2;2;1;1;6;2;8;4;14;0;0;0;0;0;0;0;0;2;3;0;0;0;0;0;0;0;0;0;0;0;0;0;0;0;0;0;0;3;11;0;0;0;0;0;0;0;0;0;0;0;0
11.06.2024;19:16;A 21;1;12;36;3;67;1;53;1;7;0;0;2;50;0;0;3;10;4;3;4;35;3;36;3;10;3;18;5;13;1;1;0;0;0;0;0;0;0;0;0;0;0;0;0;0;0;0;0;0;0;0;0;0;0;0;0;0;0;0;0;0;0;0;0;0;0;0;0;0;0;0
11.06.2024;19:15;A 21;1;2;20;2;14;0;0;0;0;0;0;1;0;1;1;1;1;2;1;3;46;2;2;3;14;2;11;3;10;0;0;0;0;0;0;0;0;0;0;0;0;0;0;0;0;0;0;0;0;0;0;0;0;0;0;0;0;0;0;0;0;0;0;0;0;0;0;0;0;0;0
11.06.2024;19:14;A 21;1;4;24;2;19;0;0;0;0;0;0;1;40;0;0;1;5;1;0;3;36;2;1;2;3;2;7;3;45;0;0;0;0;0;0;0;0;0;0;0;0;0;0;0;0;1;1;1;1;0;0;0;0;0;0;0;0;0;0;0;0;0;0;0;0;0;0;1;1;0;0
11.06.2024;19:13;A 21;1;15;61;3;95;1;41;1;3;1;0;3;2;0;0;0;2;0;0;1;76;1;76;0;0;0;75;1;9;0;0;0;0;0;0;0;0;0;0;0;0;0;0;0;0;0;0;0;0;0;0;0;0;0;0;0;0;0;0;0;0;0;0;0;0;0;0;0;0;0;0
11.06.2024;19:12;A 21;1;6;13;4;24;2;35;1;6;0;0;2;2;0;0;4;3;0;0;3;2;1;0;1;3;2;10;4;14;0;0;0;0;0;0;0;0;0;0;0;0;1;1;0;0;0;0;0;0;0;0;0;0;0;0;0;0;0;0;0;0;1;1;0;0;0;0;0;0;0;0
11.06.2024;19:11;A 21;1;5;41;1;56;1;0;0;0;0;39;1;42;0;0;1;23;0;0;4;50;4;53;1;5;3;19;2;6;0;0;0;0;0;0;0;0;0;0;1;1;0;0;0;0;0;0;0;0;0;0;0;0;0;0;0;0;0;0;1;1;0;0;0;0;0;0;0;0;0;0
11.06.2024;19:10;A 21;1;12;59;0;84;0;37;0;0;1;37;2;4;1;5;3;11;1;1;2;75;0;74;2;3;1;75;2;12;0;0;0;0;0;0;1;1;1;1;0;0;1;1;0;0;0;0;0;0;0;0;0;0;0;0;0;0;1;1;0;0;0;0;0;0;0;0;0;0;0;0
11.06.2024;19:09;A 21;1;6;14;7;25;3;6;3;10;0;96;3;2;0;0;2;1;0;0;9;42;7;38;1;5;3;58;1;53;0;0;0;0;0;0;0;0;0;0;0;0;0;0;1;1;0;0;0;0;0;0;0;0;0;0;0;0;0;0;0;0;0;0;0;0;0;0;0;0;0;0
11.06.2024;19:08;A 21;1;5;47;5;20;3;59;2;20;1;45;0;0;2;11;2;2;0;0;1;90;1;84;2;19;1;92;0;100;0;0;0;0;0;0;0;0;0;0;0;0;0;0;1;1;0;0;0;0;0;0;0;0;0;0;0;0;0;0;0;0;0;0;0;0;0;0;0;0;0;0
11.06.2024;19:07;A 21;1;12;29;6;48;1;37;0;0;0;0;1;0;0;0;0;0;2;1;1;65;0;0;3;9;0;0;2;4;0;0;0;0;0;0;0;0;1;1;0;0;0;0;0;0;0;0;0;0;0;0;0;0;0;0;0;0;1;1;0;0;0;0;0;0;0;0;0;0;0;0
11.06.2024;19:06;A 21;1;9;14;3;42;1;59;1;5;1;1;2;1;1;3;2;4;1;0;4;45;2;1;1;4;2;7;2;15;1;1;0;0;1;1;0;0;0;0;0;0;0;0;0;0;0;0;0;0;0;0;0;0;0;0;0;0;0;0;0;0;0;0;0;0;0;0;0;0;0;0
11.06.2024;19:05;A 21;1;2;54;3;60;0;98;0;0;0;0;1;3;0;0;2;10;0;0;7;3;3;1;1;2;3;10;5;15;0;0;0;0;0;0;0;0;0;0;0;0;0;0;0;0;0;0;0;0;0;0;0;0;0;0;0;0;0;0;0;0;0;0;0;0;0;0;0;0;0;0
11.06.2024;19:04;A 21;1;10;48;5;68;1;87;1;3;2;3;1;0;0;5;1;0;0;0;4;67;4;69;0;0;0;81;1;73;0;0;0;0;0;0;0;0;0;0;0;0;0;0;0;0;0;0;0;0;0;0;0;0;0;0;0;0;0;0;0;0;0;0;0;0;0;0;0;0;0;0
11.06.2024;19:03;A 21;1;10;16;4;36;1;74;1;7;1;76;0;0;1;90;1;0;0;0;8;42;7;17;1;4;5;39;8;62;0;0;0;0;0;0;0;0;0;0;0;0;0;0;0;0;0;0;0;0;0;0;0;0;0;0;0;0;0;0;0;0;0;0;0;0;0;0;0;0;0;0
11.06.2024;19:02;A 21;1;5;40;4;57;0;89;0;0;0;44;1;37;0;100;1;5;3;2;2;37;1;0;2;10;1;3;4;33;0;0;0;0;0;0;0;0;0;0;0;0;0;0;0;0;0;0;0;0;0;0;0;0;0;0;0;0;0;0;0;0;0;0;0;0;0;0;0;0;0;0
11.06.2024;19:01;A 21;1;13;59;4;85;2;27;1;5;1;21;0;0;0;100;1;3;0;0;4;43;2;39;1;40;1;31;1;54;0;0;0;0;0;0;0;0;0;0;0;0;0;0;0;0;0;0;0;0;0;0;0;0;0;0;0;0;0;0;0;0;0;0;0;0;0;0;0;0;0;0
11.06.2024;19:00;A 21;1;4;19;3;29;0;3;0;0;1;17;1;1;2;39;2;9;0;0;6;54;4;38;1;1;4;54;3;62;0;0;0;0;0;0;0;0;0;0;0;0;0;0;0;0;0;0;0;0;0;0;0;0;0;0;0;0;0;0;0;0;0;0;0;0;0;0;0;0;0;0
11.06.2024;18:59;A 21;1;9;68;4;91;0;100;0;0;1;23;0;25;0;3;0;0;1;0;1;50;1;50;3;16;1;55;3;50;0;0;0;0;0;0;0;0;0;0;0;0;0;0;0;0;0;0;0;0;0;0;0;0;0;0;0;0;0;0;0;0;0;0;0;0;0;0;0;0;0;0
11.06.2024;18:58;A 21;1;8;40;3;58;2;69;1;5;0;0;1;56;1;1;2;6;0;0;2;60;1;49;0;0;1;19;1;67;0;0;0;0;0;0;0;0;0;0;0;0;0;0;0;0;0;0;0;0;0;0;0;0;0;0;0;0;0;0;0;0;0;0;0;0;0;0;0;0;0;0
11.06.2024;18:57;A 21;1;5;6;2;15;0;100;1;15;0;0;0;99;0;0;1;1;0;0;4;2;1;0;1;3;1;2;5;14;0;0;0;0;0;0;0;0;0;0;0;0;0;0;0;0;0;0;0;0;0;0;0;0;0;0;0;0;0;0;0;0;0;0;0;0;0;0;0;0;0;0
11.06.2024;18:56;A 21;1;3;35;1;48;1;3;1;5;1;0;2;14;1;2;2;8;2;1;2;24;2;25;1;3;2;27;4;9;0;0;0;0;0;0;0;0;0;0;0;0;0;0;0;0;0;0;0;0;0;0;0;0;0;0;0;0;0;0;0;0;0;0;0;0;0;0;0;0;0;0
11.06.2024;18:55;A 21;1;9;10;5;33;1;41;0;2;0;0;2;1;1;1;1;2;0;0;4;75;5;81;0;0;2;94;1;83;0;0;0;0;1;1;0;0;0;0;0;0;0;0;0;0;1;1;0;0;0;0;0;0;0;0;1;3;0;0;0;0;0;0;0;0;0;0;0;0;0;0
11.06.2024;18:54;A 21;1;6;8;3;22;0;0;2;4;1;66;2;2;1;2;2;6;2;2;1;49;1;51;4;16;1;59;1;10;0;0;0;0;0;0;0;0;0;0;0;0;0;0;0;0;0;0;0;0;0;0;0;0;0;0;0;0;0;0;0;0;0;0;0;0;0;0;0;0;0;0
11.06.2024;18:53;A 21;1;2;21;1;33;1;64;1;5;2;8;1;52;2;6;5;6;2;3;5;10;2;9;2;10;2;17;2;12;0;0;0;0;0;0;0;0;0;0;0;0;0;0;0;0;0;0;0;0;0;0;0;0;0;0;0;0;0;0;0;0;0;0;0;0;0;0;0;0;0;0
11.06.2024;18:52;A 21;1;7;24;4;47;0;31;0;0;0;0;3;24;0;0;2;8;1;0;4;69;5;69;0;0;0;79;0;75;0;0;0;0;0;0;0;0;0;0;0;0;0;0;0;0;0;0;0;0;0;0;0;0;0;0;0;0;0;0;0;0;0;0;0;0;0;0;0;0;0;0
11.06.2024;18:51;A 21;1;4;7;1;17;1;30;1;6;0;0;1;0;0;0;1;1;1;0;7;18;6;18;2;5;6;41;4;37;0;0;0;0;0;0;0;0;1;1;0;0;1;1;0;0;0;0;0;0;0;0;0;0;0;0;0;0;0;0;0;0;1;1;0;0;0;0;0;0;0;0
11.06.2024;18:50;A 21;1;4;38;5;32;0;0;0;0;0;0;3;28;0;0;3;8;1;0;6;29;1;0;1;3;1;2;6;28;0;0;0;0;0;0;0;0;0;0;0;0;0;0;0;0;0;0;0;0;0;0;0;0;0;0;0;0;0;0;0;0;0;0;0;0;0;0;0;0;0;0
11.06.2024;18:49;A 21;1;9;42;4;64;0;0;0;0;1;0;2;1;2;1;2;3;0;0;6;73;2;71;3;9;0;79;4;81;0;0;0;0;0;0;0;0;0;0;0;0;0;0;0;0;0;0;0;0;0;0;0;0;0;0;0;0;0;0;0;0;0;0;0;0;0;0;0;0;0;0
11.06.2024;18:48;A 21;1;6;5;3;17;2;4;0;5;1;66;1;91;2;7;2;5;0;0;4;40;4;16;2;4;4;47;4;60;0;0;0;0;0;0;0;0;1;1;0;0;0;0;0;0;0;0;0;0;0;0;0;0;0;0;0;0;1;2;0;0;0;0;0;0;0;0;0;0;0;0
11.06.2024;18:47;A 21;1;2;11;2;15;3;20;4;65;0;59;0;0;1;1;1;1;0;0;4;26;1;0;1;4;1;3;0;100;0;0;0;0;0;0;0;0;0;0;0;0;0;0;0;0;0;0;0;0;0;0;0;0;0;0;0;0;0;0;0;0;0;0;0;0;0;0;0;0;0;0
11.06.2024;18:46;A 21;1;9;37;7;53;0;0;0;0;1;35;1;2;1;6;2;6;2;28;4;50;5;50;1;35;0;77;4;71;0;0;0;0;0;0;0;0;0;0;0;0;0;0;0;0;0;0;0;0;0;0;0;0;0;0;0;0;0;0;0;0;0;0;0;0;0;0;0;0;0;0
11.06.2024;18:45;A 21;1;8;10;1;22;1;1;1;5;0;0;0;0;0;0;1;1;2;2;7;25;7;47;5;15;2;67;7;53;0;0;0;0;0;0;0;0;1;1;0;0;0;0;0;0;0;0;0;0;0;0;0;0;0;0;0;0;0;0;0;0;0;0;0;0;0;0;0;0;0;0
11.06.2024;18:44;A 21;1;3;55;2;70;0;0;0;0;0;0;1;1;0;0;1;4;1;0;1;28;1;28;2;9;1;35;1;36;0;0;0;0;0;0;0;0;0;0;0;0;0;0;0;0;0;0;0;0;0;0;0;0;0;0;0;0;0;0;0;0;0;0;0;0;0;0;0;0;0;0
11.06.2024;18:43;A 21;1;10;50;8;59;1;32;1;1;0;0;1;0;0;0;1;2;0;0;7;67;2;63;4;69;2;13;3;82;0;0;0;0;1;1;0;0;0;0;0;0;0;0;0;0;0;0;0;0;0;0;0;0;0;0;0;0;0;0;0;0;0;0;0;0;0;0;0;0;0;0
11.06.2024;18:42;A 21;1;5;21;4;20;1;40;1;4;1;1;3;3;1;3;2;6;2;0;8;30;7;25;4;32;5;30;6;52;0;0;0;0;0;0;0;0;0;0;0;0;0;0;0;0;0;0;0;0;0;0;0;0;0;0;0;0;0;0;0;0;0;0;0;0;0;0;0;0;0;0
11.06.2024;18:41;A 21;1;6;67;3;62;2;66;2;15;0;47;2;49;2;4;0;50;0;0;7;36;2;38;5;14;2;32;6;37;0;0;0;0;0;0;0;0;0;0;0;0;0;0;0;0;0;0;0;0;0;0;0;0;0;0;0;0;0;0;0;0;0;0;0;0;0;0;0;0;0;0
11.06.2024;18:40;A 21;1;12;60;2;85;0;0;0;0;1;15;1;39;1;6;2;44;2;4;7;47;3;46;0;45;1;54;2;59;0;0;0;0;0;0;0;0;0;0;0;0;0;0;0;0;0;0;0;0;0;0;0;0;0;0;0;0;0;0;0;0;0;0;0;0;0;0;0;0;0;0
11.06.2024;18:39;A 21;1;4;15;1;25;1;2;0;2;0;0;4;31;0;0;2;32;0;0;2;67;1;32;2;45;1;46;1;57;4;6;0;0;0;0;0;0;0;0;0;0;3;6;0;0;0;0;0;0;0;0;0;0;0;0;0;0;0;0;0;0;0;0;0;0;0;0;0;0;0;0
11.06.2024;18:38;A 21;1;1;48;1;54;1;75;2;52;1;1;1;0;1;1;2;3;0;0;4;1;4;2;2;8;3;14;5;12;0;0;0;0;0;0;0;0;0;0;0;0;1;1;0;0;0;0;0;0;0;0;0;0;0;0;0;0;0;0;0;0;0;0;0;0;0;0;0;0;0;0
11.06.2024;18:37;A 21;1;3;7;2;20;2;31;2;7;0;18;2;14;0;0;1;15;1;1;3;54;2;38;4;17;2;53;1;62;0;0;0;0;0;0;0;0;0;0;0;0;0;0;0;0;0;0;0;0;0;0;0;0;0;0;0;0;0;0;0;0;0;0;0;0;0;0;0;0;0;0
11.06.2024;18:36;A 21;1;10;12;3;32;2;0;1;3;1;5;1;60;1;4;2;44;2;0;6;36;5;35;3;7;0;45;1;44;1;1;0;0;0;0;0;0;0;0;0;0;0;0;0;0;3;5;0;0;0;0;0;0;0;0;0;0;0;0;0;0;0;0;0;0;3;5;0;0;0;0
11.06.2024;18:35;A 21;1;4;20;3;21;0;99;0;0;1;33;1;30;1;3;4;5;3;4;3;74;1;68;2;14;1;73;2;84;1;1;0;0;0;0;0;0;0;0;0;0;0;0;0;0;0;0;0;0;0;0;0;0;0;0;0;0;0;0;0;0;0;0;0;0;0;0;0;0;0;0
11.06.2024;18:34;A 21;1;4;49;2;63;1;44;1;5;2;62;4;56;2;6;5;9;1;0;4;50;1;48;1;2;1;51;3;20;0;0;0;0;0;0;0;0;0;0;0;0;0;0;0;0;0;0;0;0;0;0;0;0;0;0;0;0;0;0;0;0;0;0;0;0;0;0;0;0;0;0
11.06.2024;18:33;A 21;1;8;9;3;24;0;0;0;0;1;1;2;1;1;5;3;2;0;0;11;30;10;32;1;6;7;65;11;35;0;0;0;0;0;0;0;0;0;0;0;0;0;0;0;0;1;1;0;0;0;0;0;0;0;0;0;0;0;0;0;0;0;0;0;0;0;0;0;0;0;0
11.06.2024;18:32;A 21;1;5;6;2;44;1;48;1;4;0;48;2;18;0;0;2;9;2;1;7;58;2;56;1;6;2;66;5;28;1;3;0;0;0;0;0;0;0;0;0;0;0;0;0;0;1;1;0;0;0;0;0;0;0;0;0;0;0;0;0;0;0;0;0;0;0;0;0;0;0;0
11.06.2024;18:31;A 21;1;8;56;6;52;3;52;1;51;1;40;2;3;1;6;2;1;3;4;1;1;2;8;2;12;1;20;1;8;0;0;0;0;0;0;0;0;0;0;1;1;0;0;0;0;0;0;0;0;0;0;0;0;0;0;0;0;0;0;0;0;0;0;0;0;0;0;0;0;0;0
11.06.2024;18:30;A 21;1;9;12;2;33;1;58;2;6;0;0;1;44;0;0;1;4;0;0;4;2;1;0;3;6;0;1;4;16;0;0;0;0;0;0;0;0;0;0;0;0;0;0;0;0;0;0;0;0;0;0;0;0;0;0;0;0;0;0;0;0;0;0;0;0;0;0;0;0;0;0
11.06.2024;18:29;A 21;1;3;29;2;39;0;0;0;0;1;42;0;0;0;43;1;0;1;0;4;57;5;54;2;7;3;72;3;44;0;0;0;0;0;0;0;0;0;0;1;1;0;0;0;0;0;0;0;0;0;0;0;0;0;0;0;0;0;0;1;1;0;0;0;0;0;0;0;0;0;0
11.06.2024;18:28;A 21;1;11;8;8;28;2;0;2;3;1;82;1;1;2;8;3;7;1;0;6;80;4;76;1;4;1;86;1;94;0;0;0;0;0;0;0;0;0;0;0;0;0;0;0;0;0;0;0;0;0;0;0;0;0;0;0;0;0;0;0;0;0;0;0;0;0;0;1;1;0;0
11.06.2024;18:27;A 21;1;5;5;2;13;1;1;0;0;2;9;3;40;2;4;5;14;1;0;8;71;5;63;1;3;4;79;6;66;0;0;0;0;0;0;0;0;0;0;0;0;0;1;0;0;0;0;0;0;0;0;0;0;0;0;0;0;0;0;0;0;0;0;0;0;0;0;0;0;0;0
11.06.2024;18:26;A 21;1;3;17;1;29;2;91;1;55;2;12;2;48;2;7;0;47;1;0;5;56;4;35;4;10;2;51;3;36;0;0;1;1;1;1;0;0;0;0;0;0;1;0;0;0;0;0;0;0;0;0;0;0;0;0;0;0;0;0;0;0;0;0;0;0;0;0;0;0;0;0
11.06.2024;18:25;A 21;1;10;41;2;72;1;39;2;11;0;0;1;71;0;0;2;48;1;1;4;9;3;10;0;1;3;25;6;22;0;0;0;0;0;0;0;0;0;0;1;1;0;0;0;0;0;0;0;0;0;0;0;0;0;0;0;0;0;0;1;3;0;0;0;0;0;0;0;0;0;0
11.06.2024;18:24;A 21;1;6;7;2;18;0;0;0;0;0;0;2;11;0;0;1;7;0;0;3;23;2;1;2;8;2;8;0;28;0;0;0;0;0;0;0;0;0;0;0;0;2;3;0;0;0;0;0;0;0;0;0;0;0;0;0;0;0;0;0;0;1;1;0;0;0;0;0;0;0;0
11.06.2024;18:23;A 21;1;4;57;2;39;1;87;2;1;0;47;0;0;0;0;0;0;1;1;3;58;1;0;1;9;1;3;4;56;0;0;0;0;0;0;0;0;0;0;0;0;0;0;0;0;0;0;0;0;0;0;0;0;0;0;0;0;0;0;0;0;0;0;0;0;0;0;0;0;0;0
11.06.2024;18:22;A 21;1;7;24;2;41;3;75;2;7;1;35;1;0;2;7;1;2;1;2;5;50;4;53;2;14;0;61;1;59;0;0;0;0;0;0;1;1;0;0;0;0;0;0;0;0;0;0;0;0;0;0;0;0;0;0;0;0;0;0;0;0;0;0;0;0;0;0;0;0;0;0
11.06.2024;18:21;A 21;1;12;47;4;52;1;31;2;17;0;0;1;82;1;4;1;32;0;0;4;64;3;59;0;0;1;73;2;65;0;0;0;0;0;0;0;0;0;0;0;0;0;0;0;0;0;0;0;0;0;0;0;0;0;0;0;0;0;0;0;0;0;0;0;0;0;0;0;0;0;0
11.06.2024;18:20;A 21;1;2;42;2;49;0;0;0;0;0;0;2;10;0;0;2;39;0;0;5;70;4;68;0;0;2;67;2;87;0;0;0;0;0;0;0;0;0;0;0;0;0;0;0;0;0;0;0;0;0;0;0;0;0;0;0;0;0;0;0;0;0;0;0;0;0;0;0;0;0;0
11.06.2024;18:19;A 21;1;11;56;2;69;4;45;2;55;0;0;5;11;1;1;3;19;2;1;0;100;1;96;0;4;1;32;0;100;0;0;0;0;0;0;0;0;0;0;0;0;0;0;0;0;0;0;1;1;0;0;0;0;0;0;0;0;0;0;0;0;0;0;0;0;0;0;0;0;0;0
11.06.2024;18:18;A 21;1;8;20;3;38;1;59;2;17;1;32;1;93;1;5;1;75;1;0;10;43;1;18;7;26;2;26;7;69;0;0;0;0;0;0;0;0;0;0;0;0;0;0;0;0;1;1;0;0;0;0;0;0;0;0;0;0;0;0;0;0;0;0;0;0;0;0;0;0;0;0
11.06.2024;18:17;A 21;1;5;35;2;44;2;53;2;10;0;0;2;1;1;0;2;4;0;0;3;26;2;21;3;7;2;33;2;36;0;0;0;0;0;0;0;0;0;0;0;0;0;0;0;0;0;0;0;0;0;0;0;0;0;0;0;0;1;1;0;0;0;0;0;0;0;0;0;0;0;0
11.06.2024;18:16;A 21;1;11;19;7;33;0;0;0;0;0;0;0;0;1;1;0;0;1;0;11;47;9;46;3;34;2;67;4;71;0;0;0;0;0;0;1;1;0;0;0;0;1;1;0;0;0;0;0;0;0;0;0;0;0;0;1;1;0;0;0;0;1;3;0;0;0;0;0;0;0;0
11.06.2024;18:15;A 21;1;6;7;3;20;0;0;0;0;0;0;1;73;0;0;1;16;3;2;10;60;8;63;6;17;1;90;3;82;0;0;0;0;0;0;0;0;1;1;0;0;0;0;0;0;0;0;0;0;0;0;0;0;0;0;0;0;0;0;0;0;0;0;0;0;0;0;0;0;0;0
11.06.2024;18:14;A 21;1;4;23;3;38;2;13;2;20;1;1;3;56;1;0;2;14;0;0;2;91;2;89;1;15;1;95;2;89;0;0;0;0;0;0;0;0;0;0;0;0;0;0;0;0;0;0;0;0;0;0;0;0;0;0;0;0;0;0;0;0;0;0;0;0;0;0;0;0;0;0
11.06.2024;18:13;A 21;1;12;35;5;61;4;33;3;12;2;9;1;59;1;14;4;37;1;20;4;43;4;36;2;13;5;24;5;42;0;0;0;0;0;0;0;0;0;0;0;0;0;0;0;0;0;0;0;0;0;0;0;0;0;0;0;0;0;0;0;0;0;0;0;0;0;0;0;0;0;0
11.06.2024;18:12;A 21;1;10;17;1;34;1;1;1;2;1;18;0;0;2;11;4;4;0;0;8;37;5;34;4;48;2;46;3;52;0;0;0;0;0;0;0;0;1;2;0;0;1;1;0;0;0;0;0;0;0;0;0;0;0;0;0;0;0;0;0;0;0;0;0;0;0;0;0;0;0;0
11.06.2024;18:11;A 21;1;1;26;2;24;0;0;0;0;3;4;2;10;1;9;3;7;1;0;7;54;5;50;2;55;4;65;6;72;1;1;0;0;1;1;0;0;1;0;1;1;0;0;0;0;0;0;0;0;0;0;0;0;0;0;0;0;0;0;0;0;0;0;0;0;0;0;0;0;0;0
11.06.2024;18:10;A 21;1;9;66;4;84;1;50;0;0;1;1;4;14;3;9;1;22;0;0;3;82;2;80;2;35;1;85;2;89;0;0;0;0;0;0;0;0;0;0;0;0;0;0;0;0;0;0;0;0;0;0;0;0;0;0;0;0;0;0;0;0;0;0;0;0;0;0;0;0;0;0
11.06.2024;18:09;A 21;1;12;9;11;37;3;28;1;5;0;0;0;100;0;0;0;100;1;0;11;22;7;22;2;3;4;44;7;42;0;0;0;0;0;0;0;0;0;0;0;0;3;5;0;0;0;0;0;0;0;0;0;0;0;0;0;0;0;0;0;0;0;0;0;0;1;1;0;0;0;0
11.06.2024;18:08;A 21;1;7;14;5;30;0;0;0;0;0;0;2;69;0;0;3;38;1;0;2;63;2;47;1;6;1;59;2;62;0;0;0;0;0;0;0;0;0;0;0;0;4;8;0;0;0;0;0;0;0;0;0;0;0;0;0;0;0;0;0;0;1;1;0;0;0;0;0;0;0;0
11.06.2024;18:07;A 21;1;10;9;7;32;3;20;2;27;2;1;6;25;2;2;5;15;3;2;6;22;3;73;3;26;2;13;3;43;0;0;0;0;0;0;0;0;0;0;0;0;0;0;0;0;0;0;0;0;0;0;0;0;0;0;0;0;0;0;0;0;0;0;0;0;0;0;0;0;0;0
11.06.2024;18:06;A 21;1;12;14;4;40;2;33;2;26;2;59;1;1;2;31;3;7;1;1;6;3;4;25;1;7;4;19;6;17;0;0;0;0;1;1;0;0;0;0;0;0;1;1;0;0;0;0;0;0;0;0;0;0;0;0;0;0;0;0;0;0;0;0;0;0;0;0;0;0;0;0
11.06.2024;18:05;A 21;1;2;58;2;64;0;0;0;0;1;45;1;45;1;6;3;29;3;16;6;45;5;64;3;26;3;77;7;23;0;0;0;0;0;0;0;0;0;0;0;0;0;0;0;0;0;0;0;0;0;0;0;0;0;0;0;0;0;0;0;0;0;0;0;0;0;0;0;0;0;0
11.06.2024;18:04;A 21;1;8;50;2;42;3;25;1;55;2;7;3;13;1;7;2;8;0;0;3;73;4;74;1;10;2;90;5;40;0;0;0;0;0;0;0;0;0;0;0;0;0;0;0;0;0;0;0;0;0;0;0;0;0;0;0;0;0;0;0;0;0;0;0;0;0;0;0;0;0;0
11.06.2024;18:03;A 21;1;13;15;5;41;3;28;2;40;1;52;27;37;1;58;4;9;2;1;10;43;7;43;3;8;1;64;6;62;3;5;0;0;0;0;0;0;0;0;0;0;1;1;0;0;0;0;0;0;0;0;0;0;0;0;0;0;0;0;0;0;0;0;0;0;0;0;0;0;0;0
11.06.2024;18:02;A 21;1;2;43;2;52;1;95;2;95;2;4;2;4;4;20;1;5;1;1;4;61;2;57;1;5;2;68;4;75;0;0;0;0;0;0;1;1;1;1;0;0;0;0;0;0;0;0;0;0;0;0;0;0;0;0;0;0;0;0;0;0;0;0;0;0;0;0;0;0;0;0
11.06.2024;18:01;A 21;1;9;55;2;75;1;29;1;7;0;0;3;11;1;4;4;12;1;3;4;4;2;29;1;5;2;41;2;14;0;0;0;0;0;0;0;0;0;0;0;0;0;0;0;0;0;0;0;0;0;0;0;0;0;0;0;0;0;0;0;0;0;0;0;0;0;0;0;0;0;0
11.06.2024;18:00;A 21;1;5;4;4;15;0;0;0;0;0;0;1;94;0;0;3;26;1;2;9;17;8;19;0;6;4;42;5;38;0;0;0;0;0;0;0;0;0;0;0;0;3;5;0;0;0;0;0;0;0;0;0;0;0;0;0;0;0;0;0;0;1;2;0;0;0;0;0;0;0;0
11.06.2024;17:59;A 21;1;4;4;4;13;3;7;3;57;0;42;1;35;0;0;2;10;3;3;4;56;3;57;5;17;2;68;3;70;0;0;3;5;0;0;0;0;2;3;1;3;0;0;1;1;0;0;0;0;0;0;2;4;0;0;0;0;0;0;0;0;0;0;0;0;0;0;0;0;0;0
11.06.2024;17:58;A 21;1;13;40;6;75;1;1;1;3;1;18;0;0;1;9;2;1;2;6;5;81;6;50;1;10;0;100;0;92;1;1;0;0;0;0;0;0;0;0;0;0;0;0;0;0;0;0;0;0;0;0;0;0;0;0;0;0;0;0;0;0;0;0;0;0;0;0;0;0;0;0
11.06.2024;17:57;A 21;1;13;22;2;47;2;10;0;8;0;0;3;3;1;2;1;0;2;3;7;50;8;41;0;34;4;63;6;64;0;0;0;0;0;0;0;0;0;0;0;0;2;3;0;0;0;0;0;0;0;0;0;0;0;0;0;0;0;0;0;0;0;0;0;0;0;0;0;0;0;0
11.06.2024;17:56;A 21;1;2;29;2;37;0;100;1;71;1;66;5;74;0;0;1;89;1;0;2;52;1;46;4;65;1;51;5;47;0;0;1;1;0;0;0;0;0;0;0;0;0;0;1;1;0;0;0;0;0;0;1;2;0;0;0;0;0;0;0;0;0;0;0;0;0;0;0;0;0;0
11.06.2024;17:55;A 21;1;7;19;5;33;2;7;2;10;1;62;1;75;2;11;1;80;2;0;5;75;4;76;2;7;3;19;3;88;0;0;0;0;0;0;0;0;1;1;1;1;1;1;0;0;0;0;0;0;0;0;0;0;0;0;1;1;2;4;1;1;1;2;0;0;0;0;0;0;0;0
11.06.2024;17:54;A 21;1;9;59;3;77;3;4;1;6;1;48;3;57;2;11;3;12;1;1;3;54;2;69;0;0;1;46;4;40;0;0;0;0;0;0;0;0;0;0;0;0;0;0;0;0;0;0;0;0;0;0;0;0;0;0;0;0;0;0;0;0;0;0;0;0;0;0;0;0;0;0
11.06.2024;17:53;A 21;1;2;52;2;59;0;98;1;73;2;65;1;59;2;8;3;35;1;0;10;55;5;54;4;16;4;73;9;43;0;0;0;0;0;0;0;0;0;0;0;0;2;3;0;0;0;0;0;0;0;0;0;0;0;0;0;0;0;0;0;0;2;4;0;0;0;0;0;0;0;0
11.06.2024;17:52;A 21;1;12;22;3;64;2;74;2;10;1;12;3;42;1;2;2;23;1;1;3;64;2;53;2;16;1;64;2;76;0;0;1;1;0;0;1;1;2;3;0;0;0;0;0;0;0;0;0;0;0;0;0;0;0;0;0;0;1;1;0;0;0;0;0;0;0;0;0;0;0;0
11.06.2024;17:51;A 21;1;15;23;2;53;1;58;1;4;1;26;1;87;1;5;3;27;0;0;8;31;8;32;1;2;4;53;6;49;0;0;0;0;0;0;0;0;0;0;0;0;1;1;0;0;0;0;0;0;0;0;0;0;0;0;0;0;0;0;0;0;0;0;0;0;0;0;0;0;0;0
11.06.2024;17:50;A 21;1;2;29;3;34;2;42;2;12;1;62;2;61;1;20;1;62;4;1;5;52;4;46;4;20;3;62;4;53;0;0;0;0;0;0;0;0;0;0;0;0;0;0;0;0;0;0;0;0;0;0;0;0;0;0;0;0;0;0;0;0;0;0;0;0;2;3;0;0;0;0
11.06.2024;17:49;A 21;1;6;18;2;35;1;0;2;4;1;28;2;27;1;4;1;4;5;6;3;9;3;6;3;39;3;80;0;100;0;0;0;0;0;0;0;0;0;0;0;0;0;0;0;0;0;0;0;0;0;0;0;0;0;0;0;0;0;0;0;0;0;0;0;0;0;0;0;0;0;0
11.06.2024;17:48;A 21;1;4;3;2;12;0;0;0;0;1;26;1;27;1;4;2;9;0;0;10;50;6;37;2;6;2;32;0;100;0;0;0;0;0;0;0;0;0;0;0;0;0;0;0;0;0;0;0;0;0;0;0;0;0;0;0;0;0;0;0;0;0;0;0;0;0;0;0;0;0;0
11.06.2024;17:47;A 21;1;6;5;5;19;1;69;0;0;0;0;3;17;0;0;3;16;2;0;1;45;1;41;3;17;1;50;0;100;0;0;0;0;0;0;0;0;0;0;0;0;1;1;0;0;0;0;0;0;0;0;0;0;0;0;0;0;0;0;0;0;1;1;0;0;0;0;0;0;0;0
11.06.2024;17:46;A 21;1;11;55;3;81;2;80;1;60;3;12;2;8;0;17;1;0;0;0;3;87;2;87;1;6;1;86;0;100;0;0;0;0;0;0;0;0;0;0;0;0;1;1;0;0;0;0;0;0;0;0;0;0;0;0;0;0;0;0;0;0;1;2;0;0;0;0;0;0;0;0
11.06.2024;17:45;A 21;1;12;17;4;48;2;50;2;37;1;98;1;20;0;100;2;8;2;2;10;39;5;35;3;8;3;50;0;100;0;0;0;0;0;0;0;0;0;0;0;0;1;1;0;0;0;0;0;0;0;0;0;0;0;0;0;0;0;0;0;0;1;1;0;0;0;0;0;0;0;0
11.06.2024;17:44;A 21;1;1;21;1;27;1;61;2;7;1;1;1;58;4;14;0;59;1;0;10;69;8;19;3;10;3;51;0;100;0;0;0;0;0;0;0;0;1;1;0;0;0;0;0;0;0;0;0;0;0;0;0;0;0;0;0;0;0;0;0;0;0;0;0;0;0;0;0;0;0;0
11.06.2024;17:43;A 21;1;8;24;7;23;2;61;0;62;0;0;1;53;0;0;2;53;0;0;4;93;5;90;0;0;0;100;0;100;0;0;0;0;0;0;1;1;0;0;0;0;0;0;0;0;0;0;0;0;0;0;0;0;0;0;0;0;0;0;0;0;0;0;0;0;0;0;0;0;0;0
11.06.2024;17:42;A 21;1;9;17;2;30;3;35;5;37;1;68;2;38;1;8;2;19;0;0;2;67;3;37;0;0;3;57;1;76;0;0;0;0;0;0;0;0;0;0;0;0;0;0;0;0;0;0;0;0;0;0;0;0;0;0;0;0;0;0;0;0;0;0;0;0;0;0;0;0;0;0
11.06.2024;17:41;A 21;1;2;43;2;26;0;0;1;3;2;14;1;47;2;9;0;43;1;1;11;71;1;59;3;4;1;8;1;92;0;0;0;0;0;0;1;1;0;0;0;0;0;0;0;0;0;0;0;0;0;0;0;0;0;0;1;2;0;0;0;0;0;0;0;0;0;0;0;0;0;0
11.06.2024;17:40;A 21;1;13;49;4;81;3;48;2;16;0;0;2;22;0;0;2;6;1;1;5;89;5;87;0;88;0;100;0;100;0;0;0;0;0;0;0;0;0;0;0;0;0;0;0;0;1;1;0;0;0;0;0;0;0;0;0;0;0;0;0;0;0;0;0;0;0;0;1;1;0;0
11.06.2024;17:39;A 21;1;10;12;3;35;3;68;3;32;0;0;1;55;0;0;2;9;0;42;8;67;5;61;1;2;5;59;4;88;0;0;0;0;0;0;0;0;0;0;0;0;0;0;0;0;0;0;0;0;0;0;0;0;0;0;0;0;0;0;0;0;0;0;0;0;0;0;0;0;0;0
11.06.2024;17:38;A 21;1;6;27;3;42;0;100;1;52;2;2;3;2;2;6;3;7;5;19;5;12;2;18;4;20;2;20;3;24;0;0;0;0;0;0;0;0;0;0;0;0;0;0;0;0;0;0;0;0;0;0;0;0;0;0;0;0;0;0;0;0;0;0;0;0;0;0;0;0;0;0
11.06.2024;17:37;A 21;1;14;45;5;76;1;19;1;4;1;1;0;7;1;3;1;5;1;0;4;64;4;84;3;12;0;96;2;67;0;0;0;0;0;0;0;0;0;0;0;0;0;0;0;0;0;0;0;0;0;0;0;0;0;0;0;0;0;0;0;0;0;0;0;0;0;0;0;0;0;0
11.06.2024;17:36;A 21;1;6;18;0;32;4;31;1;5;0;0;3;29;1;4;1;4;0;0;7;67;5;73;1;4;3;86;3;86;0;0;0;0;0;0;0;0;0;0;0;0;0;0;0;0;0;0;5;8;0;0;0;0;0;0;0;0;0;0;0;0;0;0;0;0;0;0;5;17;0;0
11.06.2024;17:35;A 21;1;2;28;2;36;0;100;1;42;0;0;1;1;0;0;1;2;2;1;3;47;1;24;3;14;1;35;3;63;0;0;1;1;2;3;0;0;0;0;1;1;0;0;1;1;0;0;0;0;0;0;1;1;0;0;0;0;0;0;0;0;0;0;0;0;0;0;0;0;0;0
11.06.2024;17:34;A 21;1;8;44;3;47;1;8;1;6;2;6;1;4;1;11;1;4;2;2;2;14;2;47;4;19;1;10;1;26;0;0;0;0;0;0;0;0;0;0;0;0;0;0;0;0;1;1;0;0;0;0;0;0;0;0;0;0;0;0;0;0;0;0;0;0;1;1;0;0;0;0
11.06.2024;17:33;A 21;1;10;15;4;36;2;4;0;6;1;91;0;0;3;36;3;5;0;0;7;36;8;41;1;4;4;67;9;60;0;0;0;0;0;1;0;0;0;0;0;0;1;3;0;0;0;0;0;0;0;0;0;0;0;0;0;0;0;0;0;0;3;7;0;0;0;0;0;0;0;0
11.06.2024;17:32;A 21;1;1;17;2;20;1;59;2;63;0;0;1;57;0;0;0;0;0;0;4;54;4;16;2;16;3;35;6;61;0;0;0;0;1;0;0;0;0;0;0;0;0;0;0;0;0;0;0;0;0;0;0;0;0;0;0;0;0;0;0;0;0;0;0;0;0;0;0;0;0;0
11.06.2024;17:31;A 21;1;11;27;4;59;0;0;0;0;0;0;3;54;0;0;3;10;1;0;5;82;6;62;5;9;1;81;0;94;0;0;0;0;0;0;0;0;0;0;0;0;0;0;0;0;0;0;0;0;0;0;0;0;0;0;0;0;0;0;0;0;0;0;0;0;0;0;0;0;0;0
11.06.2024;17:30;A 21;1;13;17;1;42;1;0;0;0;0;0;1;76;0;0;2;12;0;0;12;39;4;23;0;0;2;36;7;65;0;0;0;0;0;0;0;0;0;0;0;0;0;0;0;0;0;0;0;0;0;0;0;0;0;0;0;0;0;0;0;0;2;3;0;0;0;0;0;0;0;0
11.06.2024;17:29;A 21;1;7;33;6;45;2;1;0;0;0;50;1;0;0;0;1;3;2;3;4;63;5;57;2;12;2;83;7;70;0;0;0;0;0;0;0;0;0;0;0;0;1;1;0;0;0;0;0;0;0;0;0;0;0;0;0;0;4;8;0;0;1;1;0;0;0;0;0;0;0;0
11.06.2024;17:28;A 21;1;6;58;2;41;0;0;0;0;1;21;10;6;2;9;1;3;1;0;1;60;0;48;3;20;1;49;2;17;0;0;0;0;0;0;0;0;0;0;0;0;0;0;0;0;0;0;0;0;0;0;0;0;0;0;0;0;0;0;0;0;0;0;0;0;0;0;0;0;0;0
11.06.2024;17:27;A 21;1;10;22;4;34;0;0;0;0;0;0;3;3;0;0;0;0;1;0;9;39;7;23;2;10;5;48;4;61;0;0;0;0;0;0;0;0;0;0;0;0;0;0;0;0;0;0;0;0;0;0;0;0;0;0;0;0;0;0;0;0;0;0;0;0;1;1;0;0;0;0
11.06.2024;17:26;A 21;1;2;25;2;16;3;90;2;61;1;21;3;14;1;4;2;12;0;0;6;49;1;0;0;0;1;3;5;44;1;1;0;0;0;0;0;0;0;0;0;0;0;0;0;0;0;0;0;0;0;0;0;0;0;0;0;0;0;0;0;0;0;0;0;0;0;0;0;0;0;0
11.06.2024;17:25;A 21;1;6;9;3;60;5;72;2;63;1;1;3;8;1;4;2;12;0;0;3;72;3;73;0;0;1;82;3;55;0;0;0;0;0;0;0;0;0;0;1;1;0;0;0;0;0;0;0;0;0;0;0;0;0;0;0;0;0;0;0;0;0;0;0;0;0;0;0;0;0;0
11.06.2024;17:24;A 21;1;18;28;3;68;1;75;3;56;0;0;1;48;0;0;3;15;1;0;7;37;8;35;2;8;3;57;3;56;0;0;0;0;0;0;0;0;0;0;0;0;0;0;0;0;0;0;0;0;0;0;0;0;0;0;0;0;0;0;0;0;0;0;0;0;0;0;0;0;0;0
11.06.2024;17:23;A 21;1;2;18;1;23;0;100;0;0;0;58;1;61;0;0;1;57;0;0;3;53;1;52;0;0;1;57;3;65;0;0;0;0;0;0;1;1;0;0;0;0;0;0;0;0;0;0;0;0;0;0;0;0;0;0;0;0;0;0;0;0;0;0;0;0;0;0;0;0;0;0
11.06.2024;17:22;A 21;1;11;32;6;58;3;92;0;47;1;24;4;47;1;6;1;18;0;0;5;69;5;42;0;0;1;57;2;36;0;0;0;0;0;0;0;0;0;0;0;0;0;0;0;0;0;0;0;0;0;0;0;0;0;0;0;0;0;0;0;0;0;0;0;0;0;0;0;0;0;0
11.06.2024;17:21;A 21;1;15;22;2;54;3;79;3;37;1;27;1;98;1;5;1;94;2;1;7;10;6;38;2;15;3;20;4;29;0;0;0;0;0;0;0;0;0;0;0;0;3;6;0;0;0;0;0;0;0;0;0;0;0;0;0;0;0;0;0;0;2;5;0;0;0;0;0;0;0;0
11.06.2024;17:20;A 21;1;1;37;1;47;0;98;3;89;1;0;1;46;1;1;2;9;2;0;7;25;5;25;2;9;4;32;6;22;0;0;0;0;0;0;0;0;0;0;0;0;0;0;0;0;0;0;0;0;0;0;0;0;0;0;0;0;0;0;0;0;0;0;0;0;0;0;0;0;0;0
11.06.2024;17:19;A 21;1;9;17;3;38;3;76;1;45;1;0;2;1;1;8;1;0;3;5;4;71;2;72;2;31;0;80;4;66;0;0;0;0;0;0;0;0;0;0;0;0;0;0;0;0;0;0;0;0;0;0;0;0;0;0;0;0;0;0;0;0;0;0;0;0;0;0;0;0;0;0
11.06.2024;17:18;A 21;1;14;18;4;46;1;56;2;51;0;0;0;0;0;0;1;1;1;0;4;41;6;21;1;9;3;48;7;40;0;0;0;0;0;0;0;0;0;0;0;0;0;0;0;0;0;0;0;0;0;0;0;0;0;0;0;0;0;0;0;0;0;0;0;0;0;0;0;0;0;0
11.06.2024;17:17;A 21;1;1;22;1;26;1;6;2;8;2;34;3;28;3;11;4;12;3;2;7;28;5;6;4;20;2;19;6;30;0;0;0;0;0;0;0;0;0;0;0;0;0;0;0;0;0;0;0;0;0;0;0;0;0;0;0;0;0;0;0;0;0;0;0;0;0;0;0;0;0;0
11.06.2024;17:16;A 21;1;14;25;11;53;2;53;0;56;0;0;0;0;0;0;1;1;0;0;3;44;2;3;0;0;0;100;3;47;0;0;1;1;0;0;0;0;0;0;0;0;0;0;1;1;0;0;0;0;0;0;0;0;0;0;1;1;0;0;0;0;0;0;0;0;0;0;0;0;0;0
11.06.2024;17:15;A 21;1;11;57;4;77;3;58;2;66;0;0;1;1;0;0;0;0;0;0;2;36;5;46;0;0;0;100;1;41;0;0;0;0;0;0;0;0;0;0;0;0;0;0;0;0;0;0;0;0;0;0;0;0;0;0;0;0;0;0;0;0;0;0;0;0;0;0;0;0;0;0
11.06.2024;17:14;A 21;1;2;36;2;43;1;72;2;61;0;0;0;0;0;0;0;0;2;1;10;50;6;51;3;12;4;70;7;56;0;0;0;0;0;0;0;0;0;0;0;0;0;0;0;0;0;0;0;0;0;0;0;0;0;0;0;0;0;0;0;0;0;0;0;0;0;0;0;0;0;0
11.06.2024;17:13;A 21;1;14;48;5;82;0;0;0;0;0;0;1;7;0;0;0;8;0;0;3;48;2;51;1;4;2;11;4;19;0;0;0;0;0;0;0;0;0;0;0;0;0;0;0;0;1;1;0;0;0;0;0;0;0;0;0;0;0;0;0;0;0;0;0;0;0;0;0;0;0;0
11.06.2024;17:12;A 21;1;15;30;1;66;0;0;0;0;0;0;4;67;0;0;4;36;1;0;12;7;8;5;2;6;7;30;10;38;0;0;0;0;0;0;0;0;0;0;0;0;1;1;0;0;0;0;0;0;0;0;0;0;0;0;1;3;0;0;0;0;0;0;0;0;0;0;0;0;0;0
11.06.2024;17:11;A 21;1;3;53;3;50;0;0;0;0;1;34;6;57;2;5;3;68;0;0;9;7;4;57;2;13;3;71;4;23;0;0;0;0;0;0;0;0;0;0;0;0;0;0;0;0;0;0;0;0;0;0;0;0;0;0;0;0;0;0;0;0;0;0;0;0;0;0;0;0;0;0
11.06.2024;17:10;A 21;1;12;70;1;99;3;7;0;60;2;12;2;55;0;16;1;52;3;35;3;32;0;0;3;23;0;0;3;44;0;0;0;0;0;0;0;0;0;0;0;0;0;0;0;0;0;0;0;0;0;0;0;0;0;0;0;0;0;0;0;0;0;0;0;0;0;0;0;0;0;0
11.06.2024;17:09;A 21;1;9;8;7;30;1;1;2;79;1;93;2;61;0;100;4;24;0;0;13;41;7;31;1;7;3;49;4;73;0;0;0;0;0;0;0;0;0;0;0;0;0;0;0;0;3;5;0;0;0;0;0;0;0;0;0;0;0;0;0;0;0;0;0;0;0;0;0;0;0;0
11.06.2024;17:08;A 21;1;2;5;1;19;1;94;1;73;0;48;1;1;1;0;2;5;1;0;2;42;2;34;1;8;1;42;1;53;0;0;0;0;0;0;0;0;0;0;0;0;0;0;0;0;1;1;0;0;0;0;0;0;0;0;0;0;0;0;0;0;0;0;0;0;0;0;0;0;0;0
11.06.2024;17:07;A 21;1;9;27;2;51;2;66;1;44;2;21;2;4;1;5;2;11;0;0;8;58;7;41;0;0;3;71;4;83;0;0;0;0;0;0;0;0;0;0;0;0;0;0;0;0;1;1;0;0;0;0;0;0;0;0;0;0;0;0;0;0;0;0;0;0;0;0;1;1;0;0
11.06.2024;17:06;A 21;1;12;19;2;42;0;100;1;45;0;0;1;51;1;3;2;51;0;0;9;5;6;9;1;5;3;24;5;21;0;0;0;0;1;3;0;0;0;0;0;0;0;0;0;0;0;0;0;0;0;0;0;0;0;0;0;0;0;0;0;0;0;0;0;0;0;0;0;0;0;0
11.06.2024;17:05;A 21;1;3;62;4;34;1;0;1;5;2;52;4;53;2;8;2;58;0;0;6;63;2;56;0;0;1;67;4;46;0;0;0;0;1;1;0;0;0;0;0;0;0;0;0;0;0;0;0;0;0;0;0;0;0;0;1;1;0;0;0;0;1;1;0;0;0;0;0;0;0;0
11.06.2024;17:04;A 21;1;7;5;8;19;1;48;0;2;1;13;2;93;1;8;2;36;2;2;4;91;2;81;0;5;0;87;0;100;0;0;0;0;0;0;0;0;0;0;0;0;0;0;0;0;0;0;0;0;0;0;0;0;0;0;1;1;0;0;0;0;0;0;0;0;0;0;0;0;0;0
11.06.2024;17:03;A 21;1;7;7;1;27;0;0;1;2;0;0;0;67;0;0;2;2;2;11;8;50;7;64;3;16;2;89;5;86;0;0;0;0;0;0;0;0;0;0;0;0;0;0;0;0;0;0;0;0;0;0;0;0;0;0;0;0;0;0;0;0;0;0;0;0;0;0;0;0;0;0
11.06.2024;17:02;A 21;1;2;25;2;33;1;0;0;0;2;22;2;66;2;28;3;30;2;1;5;12;3;61;3;26;3;66;4;76;0;0;0;0;0;0;0;0;0;0;0;0;0;0;0;0;0;0;0;0;0;0;0;0;0;0;0;0;0;0;0;0;0;0;0;0;0;0;0;0;0;0
11.06.2024;17:01;A 21;1;11;56;5;71;1;41;0;40;1;2;4;41;1;3;2;14;1;1;6;76;3;2;0;1;2;11;2;84;0;0;0;0;0;0;0;0;0;0;0;0;0;0;0;0;0;0;0;0;0;0;0;0;0;0;0;0;0;0;0;0;0;0;0;0;0;0;0;0;0;0
11.06.2024;17:00;A 21;1;11;33;1;55;2;61;2;20;1;73;2;1;2;18;2;5;0;34;11;54;3;38;3;27;1;50;3;87;0;0;0;0;0;0;0;0;0;0;0;0;0;0;0;0;1;1;1;1;0;0;0;0;0;0;0;0;0;0;0;0;0;0;0;0;0;0;1;1;0;0
11.06.2024;16:59;A 21;1;2;12;2;21;2;64;2;77;1;66;2;1;1;70;3;12;2;1;7;54;5;62;4;22;4;74;2;68;0;0;0;0;0;0;2;3;0;0;0;0;0;0;0;0;0;0;0;0;0;0;0;0;0;0;2;3;1;1;0;0;0;0;0;0;0;0;0;0;0;0
11.06.2024;16:58;A 21;1;5;61;1;77;2;55;1;59;1;41;4;11;2;34;5;12;1;0;4;87;2;77;1;10;2;88;2;98;0;0;0;0;0;0;2;3;0;0;0;0;0;0;0;0;0;0;0;0;0;0;0;0;0;0;2;3;0;0;0;0;0;0;0;0;0;0;0;0;0;0
11.06.2024;16:57;A 21;1;11;36;4;53;2;29;1;30;0;0;4;29;0;0;2;9;0;0;16;50;12;17;2;2;3;81;6;85;0;0;0;0;0;0;0;0;0;0;0;0;0;0;0;0;1;1;0;0;0;0;0;0;0;0;0;0;0;0;0;0;0;0;0;0;1;1;0;0;0;0
11.06.2024;16:56;A 21;1;7;47;4;60;1;84;2;15;0;0;3;34;2;5;3;11;0;0;2;89;2;19;1;4;0;100;1;95;0;0;0;0;0;0;0;0;0;0;0;0;0;0;0;0;0;0;0;0;0;0;0;0;0;0;0;0;0;0;0;0;0;0;0;0;0;0;0;0;0;0
11.06.2024;16:55;A 21;1;5;68;2;67;3;72;4;54;0;0;1;24;0;0;1;6;1;0;3;58;2;91;2;9;0;100;3;31;0;0;0;0;0;0;0;0;0;0;0;0;0;0;0;0;0;0;0;0;0;0;0;0;0;0;0;0;0;0;0;0;0;0;0;0;0;0;0;0;0;0
11.06.2024;16:54;A 21;1;5;36;5;15;0;0;0;0;1;49;3;88;1;4;1;72;1;1;4;19;1;3;1;1;1;8;3;29;0;0;0;0;0;0;0;0;0;0;0;0;0;0;0;0;0;0;0;0;0;0;0;0;0;0;0;0;0;0;0;0;0;0;0;0;0;0;0;0;0;0
11.06.2024;16:53;A 21;1;5;38;4;39;2;82;0;82;0;0;4;65;0;0;2;59;0;0;1;24;0;0;0;0;0;0;2;13;0;0;0;0;0;0;0;0;0;0;0;0;0;0;0;0;0;0;0;0;0;0;0;0;0;0;0;0;0;0;0;0;0;0;0;0;0;0;0;0;0;0
11.06.2024;16:52;A 21;1;14;54;2;82;2;83;2;74;0;0;1;57;0;0;2;35;0;0;7;30;5;62;1;5;1;80;4;49;0;0;0;0;1;1;0;0;0;0;0;0;0;0;0;0;0;0;0;0;0;0;0;0;0;0;0;0;0;0;0;0;1;1;0;0;0;0;0;0;0;0
11.06.2024;16:51;A 21;1;8;12;1;28;1;58;2;25;1;82;0;90;0;0;1;1;0;0;6;22;5;20;2;28;3;33;3;34;0;0;0;0;0;0;0;0;0;0;0;0;0;0;0;0;0;0;0;0;0;0;0;0;0;0;0;0;0;0;0;0;0;0;0;0;0;0;0;0;0;0
11.06.2024;16:50;A 21;1;7;39;1;55;1;85;1;88;2;51;3;67;1;63;3;15;3;1;5;71;2;58;1;66;2;68;4;84;0;0;0;0;0;0;0;0;0;0;0;0;0;0;0;0;0;0;0;0;0;0;0;0;0;0;0;0;0;0;0;0;1;2;0;0;0;0;0;0;0;0
11.06.2024;16:49;A 21;1;13;56;4;84;1;52;2;29;2;49;4;48;2;62;2;24;1;0;4;68;5;42;4;20;2;58;1;86;0;0;0;0;0;0;0;0;0;0;0;0;0;0;0;0;3;5;0;0;0;0;0;0;0;0;0;0;0;0;0;0;0;0;0;0;0;0;0;0;0;0
11.06.2024;16:48;A 21;1;12;9;8;33;0;1;0;0;4;3;0;100;1;0;1;49;0;0;15;60;11;52;1;4;2;80;5;96;1;1;0;0;0;0;0;0;0;0;0;0;0;0;0;0;0;0;0;0;0;0;0;0;0;0;0;0;0;0;0;0;0;0;0;0;0;0;0;0;0;0
11.06.2024;16:47;A 21;1;5;7;6;21;2;97;2;20;4;25;3;26;2;20;2;9;1;0;1;79;1;82;1;5;1;89;1;90;0;0;0;0;0;0;0;0;0;0;0;0;0;0;0;0;0;0;0;0;0;0;0;0;0;0;0;0;0;0;0;0;0;0;0;0;0;0;0;0;0;0
11.06.2024;16:46;A 21;1;9;31;7;51;3;73;2;15;1;5;3;3;0;100;3;11;0;0;4;89;2;86;2;7;0;89;1;49;0;0;0;0;0;0;0;0;0;0;0;0;2;3;0;0;0;0;0;0;0;0;0;0;0;0;0;0;0;0;0;0;1;3;0;0;0;0;0;0;0;0
11.06.2024;16:45;A 21;1;8;16;5;27;4;37;3;12;0;0;2;59;0;100;3;7;1;1;11;51;5;16;1;36;4;36;7;58;0;0;0;0;0;0;0;0;0;0;0;0;0;0;0;0;0;0;0;0;0;0;0;0;0;0;0;0;0;0;0;0;0;0;0;0;0;0;0;0;0;0
11.06.2024;16:44;A 21;1;1;19;2;22;1;78;1;4;0;0;3;55;0;100;3;11;1;0;6;50;4;2;3;13;4;15;5;24;0;0;0;0;0;0;0;0;0;0;0;0;0;0;0;0;0;0;0;0;0;0;0;0;0;0;0;0;0;0;0;0;0;0;0;0;0;0;0;0;0;0
11.06.2024;16:43;A 21;1;15;36;2;70;0;35;0;0;0;0;2;39;1;24;3;8;1;0;6;29;2;1;3;12;1;6;3;24;0;0;0;0;0;0;0;0;0;0;0;0;0;0;0;0;0;0;0;0;0;0;0;0;0;0;0;0;0;0;0;0;0;0;0;0;0;0;0;0;0;0
11.06.2024;16:42;A 21;1;13;21;2;51;2;13;1;5;0;0;1;78;0;0;1;5;1;1;6;52;5;36;1;6;0;42;0;59;0;0;0;0;0;0;0;0;0;0;0;0;0;0;0;0;0;0;0;0;0;0;0;0;0;0;0;0;0;0;0;0;0;0;0;0;0;0;0;0;0;0
11.06.2024;16:41;A 21;1;1;20;1;29;1;75;1;5;0;0;3;60;0;0;3;52;2;2;11;75;8;63;2;10;3;85;1;84;0;0;0;0;0;0;0;0;0;0;0;0;0;0;0;0;0;0;0;0;0;0;0;0;0;0;0;0;0;0;0;0;0;0;0;0;0;0;0;0;0;0
11.06.2024;16:40;A 21;1;13;42;4;75;1;18;1;5;0;6;1;44;0;0;2;8;1;0;2;90;4;89;2;11;0;100;0;100;0;0;0;0;0;0;0;0;0;0;0;0;0;0;0;0;0;0;0;0;0;0;0;0;0;0;0;0;0;0;0;0;0;0;0;0;0;0;0;0;0;0
11.06.2024;16:39;A 21;1;8;6;4;19;0;0;1;0;1;75;0;100;1;5;0;0;4;2;10;79;9;53;4;37;2;81;0;100;0;0;0;0;1;1;0;0;0;0;0;0;0;0;0;0;0;0;0;0;0;0;0;0;0;0;0;0;0;0;0;0;0;0;0;0;0;0;0;0;0;0
11.06.2024;16:38;A 21;1;6;14;6;27;1;77;1;5;0;0;3;15;0;0;2;22;0;0;1;67;1;52;5;21;1;58;1;73;0;0;0;0;0;0;1;1;0;0;0;0;0;0;0;0;0;0;0;0;0;0;0;0;0;0;0;0;0;0;0;0;0;0;0;0;0;0;0;0;0;0
11.06.2024;16:37;A 21;1;10;45;4;75;0;50;0;0;1;8;2;1;0;0;1;2;0;0;9;86;4;77;0;0;1;91;0;99;0;0;0;0;0;0;0;0;0;0;0;0;0;0;0;0;0;0;0;0;0;0;0;0;0;0;0;0;0;0;0;0;0;0;0;0;0;0;0;0;0;0
11.06.2024;16:36;A 21;1;10;10;5;33;0;100;0;0;1;87;0;0;1;5;1;1;0;0;15;9;9;6;0;0;6;40;7;40;0;0;0;0;1;1;0;0;0;0;0;0;1;1;0;0;0;0;0;0;0;0;0;0;0;0;0;0;0;0;0;0;1;1;0;0;0;0;0;0;0;0
11.06.2024;16:35;A 21;1;3;2;2;8;1;5;2;5;0;0;1;0;0;0;0;0;0;0;2;40;0;0;1;5;1;3;2;53;0;0;1;1;0;0;0;0;0;0;0;0;0;0;0;0;0;0;0;0;0;0;1;1;0;0;0;0;0;0;0;0;0;0;0;0;0;0;0;0;0;0
11.06.2024;16:34;A 21;1;10;36;3;64;1;23;2;9;0;0;2;2;0;0;0;0;1;0;4;44;2;1;3;15;2;7;2;54;0;0;0;0;0;0;0;0;0;0;0;0;0;0;0;0;0;0;0;0;0;0;0;0;0;0;0;0;0;0;0;0;0;0;0;0;0;0;0;0;0;0
11.06.2024;16:33;A 21;1;10;20;1;45;0;0;0;0;2;66;2;60;1;38;1;66;1;0;9;29;5;7;2;5;4;19;3;52;0;0;0;0;0;0;0;0;0;0;0;0;0;0;0;0;0;0;0;0;0;0;0;0;0;0;0;0;0;0;0;0;0;0;0;0;0;0;0;0;0;0
11.06.2024;16:32;A 21;1;2;29;1;35;0;0;0;0;2;2;2;1;1;6;1;2;1;0;8;65;2;39;2;7;2;45;5;84;0;0;0;0;1;1;0;0;0;0;0;0;0;0;0;0;0;0;0;0;0;0;0;0;0;0;0;0;0;0;0;0;0;0;0;0;0;0;0;0;0;0
11.06.2024;16:31;A 21;1;14;36;3;67;2;42;0;11;1;1;2;11;2;9;1;2;2;3;4;74;1;71;3;16;1;73;5;62;0;0;0;0;0;0;0;0;1;1;0;0;0;0;0;0;1;1;0;0;0;0;0;0;0;0;0;0;0;0;0;0;0;0;0;0;0;0;0;0;0;0
11.06.2024;16:30;A 21;1;5;50;0;58;0;0;1;1;0;0;1;9;0;0;2;8;0;0;13;52;12;51;2;10;4;86;5;86;0;0;0;0;0;0;0;0;0;0;0;0;0;0;0;0;0;0;0;0;0;0;0;0;0;0;0;0;0;0;0;0;0;0;0;0;0;0;0;0;0;0
11.06.2024;16:29;A 21;1;9;39;3;62;2;32;0;32;1;72;1;0;1;7;2;5;3;3;2;93;4;90;4;25;0;100;0;100;0;0;0;0;0;0;0;0;0;0;0;0;0;0;0;0;0;0;0;0;0;0;0;0;0;0;0;0;0;0;0;0;0;0;0;0;0;0;0;0;0;0
11.06.2024;16:28;A 21;1;7;63;7;68;1;57;2;41;1;35;3;24;1;5;3;32;2;0;2;95;2;65;3;13;1;73;6;64;0;0;0;0;0;0;0;0;0;0;0;0;0;0;0;0;0;0;0;0;0;0;0;0;0;0;0;0;0;0;0;0;0;0;0;0;0;0;0;0;0;0
11.06.2024;16:27;A 21;1;10;28;3;44;1;84;1;5;0;0;0;0;0;0;0;0;1;15;3;38;3;22;1;24;2;35;1;46;0;0;0;0;0;0;0;0;0;0;0;0;0;0;0;0;0;0;0;0;0;0;0;0;0;0;0;0;0;0;0;0;0;0;0;0;0;0;0;0;0;0
11.06.2024;16:26;A 21;1;6;39;2;51;1;85;5;58;1;41;4;49;1;3;1;51;4;49;4;72;4;74;4;62;2;87;4;86;0;0;0;0;0;0;0;0;0;0;0;0;0;0;0;0;0;0;0;0;0;0;0;0;0;0;0;0;0;0;0;0;0;0;0;0;0;0;0;0;0;0
11.06.2024;16:25;A 21;1;7;13;4;34;1;23;1;5;1;13;2;25;1;5;3;8;1;0;3;39;2;37;1;2;3;8;3;46;0;0;0;0;0;0;0;0;0;0;0;0;0;0;0;0;0;0;0;0;0;0;0;0;0;0;0;0;0;0;0;0;0;0;0;0;0;0;0;0;0;0
11.06.2024;16:24;A 21;1;10;9;7;27;0;0;0;0;1;1;3;81;2;8;2;71;0;0;8;47;8;46;0;0;2;47;5;56;0;0;0;0;0;0;0;0;0;0;0;0;0;0;0;0;0;0;0;0;0;0;0;0;0;0;0;0;0;0;0;0;0;0;0;0;0;0;0;0;0;0
11.06.2024;16:23;A 21;1;8;36;3;64;0;0;0;0;0;0;2;22;0;0;1;5;1;1;2;93;1;84;2;15;1;87;0;100;0;0;0;0;0;0;0;0;0;0;0;0;0;0;0;0;0;0;0;0;0;0;0;0;0;0;0;0;0;0;0;0;0;0;0;0;0;0;0;0;0;0
11.06.2024;16:22;A 21;1;10;37;3;60;2;71;1;31;0;0;1;46;0;0;1;5;1;0;3;80;3;77;1;3;0;100;0;100;0;0;0;0;0;0;1;1;1;1;0;0;0;0;0;0;0;0;0;0;0;0;0;0;0;0;1;1;1;1;0;0;0;0;0;0;0;0;0;0;0;0
11.06.2024;16:21;A 21;1;18;23;6;59;1;70;2;10;0;0;0;0;0;0;0;0;1;0;10;43;7;65;2;10;3;79;3;75;0;0;0;0;0;0;0;0;0;0;0;0;0;0;0;0;0;0;0;0;0;0;0;0;0;0;0;0;0;0;0;0;0;0;0;0;0;0;0;0;0;0
11.06.2024;16:20;A 21;1;1;32;2;37;1;60;1;8;0;0;0;0;1;0;0;0;1;0;11;53;6;57;1;5;6;74;4;64;0;0;0;0;0;0;0;0;0;0;0;0;0;0;0;0;0;0;0;0;0;0;0;0;0;0;0;0;0;0;0;0;1;1;0;0;0;0;0;0;0;0
11.06.2024;16:19;A 21;1;11;13;9;38;0;0;0;0;0;0;0;0;0;0;0;0;1;2;4;29;1;0;3;18;1;2;4;20;0;0;0;0;0;0;0;0;0;0;0;0;0;0;0;0;0;0;0;0;0;0;0;0;0;0;0;0;0;0;0;0;0;0;0;0;0;0;0;0;0;0
11.06.2024;16:18;A 21;1;11;12;5;31;0;0;0;0;0;0;2;69;0;0;2;61;2;1;6;26;5;24;2;8;2;38;2;37;0;0;0;0;1;1;0;0;0;0;0;0;0;0;0;0;0;0;0;0;0;0;0;0;0;0;0;0;0;0;0;0;0;0;0;0;0;0;0;0;0;0
11.06.2024;16:17;A 21;1;4;30;3;20;5;70;3;72;1;0;1;14;1;2;2;8;1;1;2;61;1;34;1;4;1;43;5;47;0;0;0;0;0;0;0;0;0;0;0;0;0;0;0;0;0;0;0;0;0;0;0;0;0;0;0;0;0;0;0;0;0;0;0;0;0;0;0;0;0;0
11.06.2024;16:16;A 21;1;14;28;5;59;2;45;0;49;0;0;1;0;0;0;0;0;0;0;5;84;4;86;0;0;0;93;0;90;0;0;0;0;0;0;0;0;0;0;0;0;0;0;0;0;0;0;0;0;0;0;0;0;0;0;0;0;0;0;0;0;0;0;0;0;0;0;0;0;0;0
11.06.2024;16:15;A 21;1;14;61;7;89;4;92;0;100;1;18;2;69;1;6;2;50;2;1;5;78;6;68;1;4;3;89;3;62;0;0;0;0;0;0;0;0;0;0;0;0;0;0;0;0;0;0;0;0;0;0;0;0;0;0;0;0;0;0;0;0;0;0;0;0;0;0;1;1;0;0
11.06.2024;16:14;A 21;1;2;2;2;10;1;98;0;100;0;0;2;18;0;0;2;9;2;2;8;37;5;4;2;10;6;25;6;62;0;0;0;0;0;0;0;0;0;0;0;0;0;0;0;0;0;0;0;0;0;0;0;0;0;0;0;0;0;0;0;0;0;0;0;0;0;0;0;0;0;0
11.06.2024;16:13;A 21;1;10;40;2;61;1;48;2;53;2;13;4;7;2;13;2;16;2;0;6;7;4;45;1;12;3;60;4;29;0;0;0;0;0;0;0;0;0;0;0;0;0;0;0;0;0;0;0;0;0;0;0;0;0;0;0;0;0;0;0;0;0;0;0;0;0;0;0;0;0;0
11.06.2024;16:12;A 21;1;15;22;7;53;0;0;0;0;2;6;1;3;1;4;4;17;0;0;13;9;4;3;1;2;1;14;6;44;0;0;0;0;0;0;0;0;0;0;0;0;0;0;0;0;1;1;0;0;0;0;0;0;0;0;0;0;0;0;0;0;0;0;0;0;0;0;0;0;0;0
11.06.2024;16:11;A 21;1;1;44;1;50;0;0;0;0;0;0;6;68;0;0;0;77;2;1;9;56;6;54;2;14;5;75;6;79;0;0;0;0;0;0;0;0;0;0;0;0;0;0;0;0;0;0;0;0;0;0;0;0;0;0;0;0;0;0;0;0;0;0;0;0;0;0;0;0;0;0
11.06.2024;16:10;A 21;1;17;29;13;55;1;42;0;44;0;0;1;53;0;0;2;21;0;0;9;85;6;82;1;4;0;97;0;96;0;0;0;0;0;0;0;0;0;0;0;0;0;0;0;0;0;0;0;0;0;0;0;0;0;0;0;0;0;0;0;0;0;0;0;0;0;0;1;2;0;0
11.06.2024;16:09;A 21;1;13;47;5;44;1;54;2;17;0;0;2;65;0;0;3;43;0;0;7;64;7;48;2;8;4;83;5;85;0;0;0;0;0;0;0;0;0;0;0;0;0;0;0;0;0;0;0;0;0;0;0;0;0;0;0;0;0;0;0;0;0;0;0;0;0;0;0;0;0;0
11.06.2024;16:08;A 21;1;7;64;3;46;1;34;1;5;3;52;2;48;0;54;1;48;2;5;4;70;2;1;1;33;2;85;2;82;0;0;0;0;2;3;0;0;0;0;0;0;0;0;0;0;0;0;0;0;0;0;0;0;0;0;0;0;1;1;0;0;0;0;0;0;0;0;0;0;0;0
11.06.2024;16:07;A 21;1;13;39;3;69;1;51;1;46;1;51;1;49;2;13;4;14;1;1;2;85;1;85;1;8;2;33;1;29;0;0;0;0;0;0;0;0;0;0;0;0;0;0;1;1;0;0;0;0;0;0;0;0;0;0;0;0;0;0;0;0;0;0;0;0;0;0;0;0;0;0
11.06.2024;16:06;A 21;1;17;32;5;68;2;25;1;5;1;77;1;42;1;5;2;11;2;1;13;49;10;25;2;12;3;56;2;76;0;0;0;0;0;0;0;0;0;0;0;0;0;0;0;0;0;0;0;0;0;0;0;0;0;0;0;0;0;0;0;0;0;0;0;0;0;0;0;0;0;0
11.06.2024;16:05;A 21;1;2;25;3;32;0;100;0;0;0;0;1;1;0;0;1;3;1;0;9;4;6;4;3;10;4;21;6;18;1;1;0;0;0;0;1;1;0;0;0;0;0;0;0;0;0;0;0;0;0;0;0;0;0;0;1;1;0;0;0;0;0;0;0;0;0;0;0;0;0;0
11.06.2024;16:04;A 21;1;9;35;5;58;1;64;1;4;1;0;1;1;0;0;1;3;0;0;5;57;2;1;0;0;3;8;4;18;1;1;0;0;0;0;0;0;0;0;0;0;0;0;0;0;0;0;0;0;0;0;0;0;0;0;0;0;0;0;0;0;0;0;0;0;0;0;0;0;0;0
11.06.2024;16:03;A 21;1;9;10;1;26;1;26;1;5;0;0;2;68;0;0;5;51;0;0;4;14;3;14;0;0;3;21;5;11;0;0;0;0;0;0;0;0;0;0;0;0;0;0;0;0;0;0;0;0;0;0;0;0;0;0;0;0;0;0;0;0;0;0;0;0;0;0;0;0;0;0
11.06.2024;16:02;A 21;1;7;62;9;34;0;83;0;0;0;0;1;44;0;0;1;44;0;0;1;27;2;29;2;15;1;38;2;5;0;0;0;0;1;3;0;0;0;0;0;0;0;0;0;0;0;0;0;0;0;0;0;0;0;0;0;0;0;0;0;0;0;0;0;0;0;0;0;0;0;0
11.06.2024;16:01;A 21;1;10;12;9;39;2;75;1;7;0;0;2;14;0;0;3;22;2;1;4;82;4;76;2;13;1;89;0;91;0;0;0;0;4;5;0;0;0;0;0;0;0;0;0;0;0;0;0;0;0;0;0;0;0;0;0;0;0;0;0;0;0;0;0;0;0;0;0;0;0;0
11.06.2024;16:00;A 21;1;13;17;5;49;1;75;2;12;0;95;2;2;0;1;1;15;2;2;7;56;9;49;1;45;2;78;3;80;0;0;0;0;0;0;0;0;0;0;0;0;1;1;0;0;0;0;0;0;0;0;0;0;0;0;0;0;0;0;0;0;1;1;0;0;0;0;0;0;0;0
11.06.2024;15:59;A 21;1;1;17;1;23;1;1;1;2;1;58;2;61;1;6;2;37;3;1;3;59;2;35;2;60;2;49;3;68;0;0;0;0;0;0;0;0;0;0;0;0;0;0;0;0;0;0;0;0;0;0;0;0;0;0;0;0;0;0;0;0;0;0;0;0;0;0;1;1;0;0
11.06.2024;15:58;A 21;1;17;51;12;56;3;35;1;42;1;66;1;8;1;6;2;5;0;0;2;74;2;76;1;5;0;79;0;78;0;0;0;0;0;0;0;0;0;0;0;0;0;0;0;0;0;0;0;0;0;0;0;0;0;0;0;0;0;0;0;0;0;0;0;0;0;0;1;1;0;0
11.06.2024;15:57;A 21;1;9;18;3;30;3;93;0;100;1;91;2;80;1;90;3;11;0;0;6;59;3;49;1;5;1;62;3;69;0;0;0;0;0;0;0;0;0;0;0;0;0;0;0;0;0;0;0;0;0;0;0;0;0;0;0;0;0;0;0;0;0;0;0;0;0;0;0;0;0;0
11.06.2024;15:56;A 21;1;5;45;3;50;0;100;2;77;1;26;0;35;1;3;0;0;4;4;7;85;4;22;2;15;3;28;2;60;0;0;0;0;0;0;0;0;0;0;0;0;0;0;0;0;0;0;0;0;0;0;0;0;0;0;0;0;0;0;0;0;0;0;0;0;0;0;0;0;0;0
11.06.2024;15:55;A 21;1;12;25;7;52;4;67;1;70;0;0;1;25;0;0;1;4;2;3;3;92;4;90;4;49;0;100;0;100;2;3;0;0;0;0;1;1;0;0;0;0;0;0;0;0;0;0;0;0;0;0;0;0;0;0;0;0;0;0;0;0;0;0;0;0;0;0;0;0;0;0
11.06.2024;15:54;A 21;1;12;44;4;46;1;79;2;20;0;0;1;0;1;4;1;3;1;0;12;66;8;46;1;2;4;80;4;95;0;0;0;0;0;0;0;0;0;0;0;0;0;0;0;0;0;0;0;0;0;0;0;0;0;0;0;0;0;0;0;0;0;0;0;0;0;0;0;0;0;0
11.06.2024;15:53;A 21;1;5;18;2;32;0;85;0;0;1;43;2;1;0;44;1;3;0;0;6;76;4;75;0;0;2;59;3;84;0;0;0;0;0;0;0;0;0;0;0;0;0;0;0;0;0;0;0;0;0;0;0;0;0;0;0;0;0;0;0;0;0;0;0;0;0;0;0;0;0;0
11.06.2024;15:52;A 21;1;5;7;4;21;2;66;2;13;1;56;1;0;2;18;2;4;0;0;2;93;3;5;0;0;1;92;1;91;0;0;0;0;0;0;0;0;0;0;0;0;1;1;0;0;0;0;0;0;0;0;0;0;0;0;0;0;0;0;0;0;2;6;0;0;0;0;0;0;0;0
11.06.2024;15:51;A 21;1;11;9;11;27;4;21;1;3;1;1;0;93;1;3;1;2;3;3;12;52;6;30;2;13;4;43;7;63;0;0;4;6;0;0;0;0;0;0;0;0;0;0;0;0;0;0;0;0;0;0;0;0;0;0;0;0;0;0;0;0;0;0;0;0;0;0;0;0;0;0
11.06.2024;15:50;A 21;1;3;9;3;14;1;92;4;36;0;0;2;5;0;0;1;6;0;0;6;62;6;9;2;9;1;27;3;82;0;0;0;0;0;0;0;0;0;0;0;0;0;0;0;0;1;1;0;0;0;0;0;0;0;0;0;0;0;0;0;0;0;0;0;0;0;0;0;0;0;0
11.06.2024;15:49;A 21;1;11;46;2;62;2;55;1;17;0;7;1;10;0;0;0;12;0;0;5;83;5;84;2;13;1;97;5;94;0;0;0;0;0;0;0;0;0;0;0;0;0;0;0;0;0;0;0;0;0;0;0;0;0;0;0;0;0;0;0;0;0;0;0;0;0;0;0;0;0;0
11.06.2024;15:48;A 21;1;5;7;0;18;1;69;2;47;1;78;0;100;1;3;2;71;2;1;7;61;5;12;2;6;5;33;5;76;0;0;0;0;1;1;0;0;0;0;0;0;1;1;0;0;0;0;1;1;0;0;0;0;0;0;0;0;0;0;0;0;1;2;0;0;1;1;0;0;0;0
11.06.2024;15:47;A 21;1;2;32;1;40;2;94;1;20;0;0;2;74;0;0;2;7;0;0;8;46;4;6;0;0;2;16;1;70;0;0;0;0;0;0;0;0;0;0;0;0;0;0;0;0;0;0;0;0;0;0;0;0;0;0;0;0;0;0;0;0;0;0;0;0;0;0;0;0;0;0
11.06.2024;15:46;A 21;1;11;22;10;44;4;89;0;74;0;0;1;69;0;0;1;7;0;0;3;90;4;88;1;9;0;100;0;100;0;0;0;0;0;0;2;3;0;0;0;0;1;1;0;0;0;0;0;0;0;0;0;0;0;0;0;0;0;0;0;0;1;1;0;0;0;0;0;0;0;0
11.06.2024;15:45;A 21;1;11;22;3;46;1;93;2;87;1;39;3;48;1;4;3;14;1;0;5;50;5;56;1;3;2;80;5;70;0;0;0;0;0;0;0;0;0;0;0;0;0;0;0;0;1;1;0;0;0;0;0;0;0;0;0;0;0;0;0;0;0;0;0;0;0;0;0;0;0;0
11.06.2024;15:44;A 21;1;2;33;2;39;0;0;0;0;2;3;1;54;6;21;1;5;2;3;9;7;9;24;3;17;7;53;5;28;0;0;0;0;0;0;0;0;0;0;1;1;0;0;0;0;0;0;0;0;0;0;0;0;0;0;0;0;0;0;0;0;0;0;0;0;0;0;0;0;0;0
11.06.2024;15:43;A 21;1;13;52;6;78;1;53;1;5;0;0;4;12;0;0;2;18;0;0;3;87;4;89;0;0;0;100;2;92;0;0;0;0;0;0;0;0;0;0;0;0;0;0;0;0;0;0;0;0;0;0;0;0;0;0;0;0;0;0;0;0;0;0;0;0;0;0;0;0;0;0
11.06.2024;15:42;A 21;1;15;14;8;38;1;7;1;7;0;0;1;68;0;0;2;58;0;0;9;25;7;19;3;3;3;48;6;53;0;0;0;0;0;0;0;0;0;0;0;0;0;0;0;0;0;0;0;0;0;0;0;0;0;0;0;0;0;0;0;0;0;0;0;0;0;0;0;0;0;0
11.06.2024;15:41;A 21;1;5;16;2;19;1;60;1;7;1;28;3;3;1;5;4;16;2;2;4;72;3;72;2;7;2;83;2;72;0;0;0;0;0;0;0;0;0;0;1;1;0;0;0;0;0;0;0;0;0;0;0;0;0;0;0;0;0;0;1;4;0;0;0;0;0;0;0;0;0;0
11.06.2024;15:40;A 21;1;9;32;3;59;2;2;1;5;3;21;2;22;2;21;2;2;1;1;4;89;3;75;0;87;2;91;0;93;0;0;0;0;0;0;0;0;1;1;0;0;0;0;0;0;0;0;0;0;0;0;0;0;0;0;0;0;2;3;0;0;1;1;0;0;0;0;0;0;0;0
11.06.2024;15:39;A 21;1;11;15;3;43;2;5;0;5;1;84;3;17;2;31;5;9;1;0;6;53;5;11;2;21;3;56;3;72;0;0;0;0;0;0;0;0;0;0;0;0;0;0;0;0;0;0;9;15;0;0;0;0;0;0;0;0;0;0;0;0;0;0;0;0;0;0;8;13;0;0
11.06.2024;15:38;A 21;1;2;36;3;42;0;100;2;23;0;0;1;0;1;1;0;0;1;1;6;49;5;78;1;0;3;87;7;76;0;0;0;0;0;0;0;0;0;0;0;0;0;0;0;0;0;0;1;1;0;0;0;0;0;0;0;0;0;0;0;0;0;0;0;0;0;0;1;2;0;0
11.06.2024;15:37;A 21;1;12;57;5;87;2;50;3;15;0;0;4;10;1;0;4;14;0;0;3;48;3;46;1;48;2;44;1;54;0;0;0;0;0;0;0;0;0;0;0;0;0;0;0;0;0;0;0;0;0;0;0;0;0;0;0;0;0;0;0;0;0;0;0;0;0;0;0;0;0;0
11.06.2024;15:36;A 21;1;14;27;3;55;2;36;2;7;0;0;1;68;0;0;2;49;2;1;7;49;7;6;1;15;6;34;2;65;0;0;0;0;0;0;0;0;0;0;0;0;1;1;0;0;0;0;0;0;0;0;0;0;0;0;0;0;0;0;0;0;1;1;0;0;0;0;0;0;0;0
11.06.2024;15:35;A 21;1;2;30;3;31;1;71;1;4;0;62;1;65;0;0;1;38;2;3;2;53;0;0;3;11;0;0;3;53;0;0;0;0;0;0;1;1;0;0;0;0;0;0;0;0;0;0;0;0;0;0;0;0;0;0;0;0;0;0;0;0;0;0;0;0;0;0;0;0;0;0
11.06.2024;15:34;A 21;1;11;41;6;65;0;50;0;0;1;16;2;36;1;5;2;18;0;0;4;73;5;85;1;4;0;98;4;83;0;0;0;0;1;1;0;0;0;0;0;0;0;0;0;0;0;0;0;0;0;0;0;0;0;0;0;0;0;0;0;0;0;0;0;0;0;0;0;0;0;0
11.06.2024;15:33;A 21;1;11;16;5;43;3;31;1;10;1;20;2;1;1;7;2;74;1;1;14;50;8;44;3;6;4;68;5;74;0;0;0;0;0;0;0;0;0;0;0;0;0;0;0;0;0;0;0;0;0;0;0;0;0;0;0;0;0;0;0;0;0;0;0;0;0;0;0;0;0;0
11.06.2024;15:32;A 21;1;1;15;1;23;1;61;2;62;1;11;2;4;1;5;2;65;2;2;4;56;6;67;1;7;2;87;2;60;0;0;0;0;1;1;0;0;0;0;0;0;1;1;0;0;0;0;0;0;0;0;0;0;0;0;0;0;0;0;0;0;0;0;0;0;0;0;0;0;0;0
11.06.2024;15:31;A 21;1;8;51;1;74;0;0;0;0;0;0;2;4;0;0;3;22;0;0;2;16;1;17;0;0;1;22;1;22;0;0;0;0;0;0;0;0;0;0;0;0;0;0;0;0;0;0;0;0;0;0;0;0;0;0;0;0;0;0;0;0;0;0;0;0;0;0;0;0;0;0
11.06.2024;15:30;A 21;1;14;32;5;64;2;18;1;6;0;0;1;0;0;0;0;0;0;0;6;67;7;65;1;12;1;85;0;79;0;0;0;0;0;0;0;0;0;0;0;0;0;0;0;0;0;0;0;0;0;0;0;0;0;0;0;0;0;0;0;0;0;0;0;0;0;0;0;0;0;0
11.06.2024;15:29;A 21;1;1;24;1;28;0;0;0;0;1;68;4;73;0;68;0;77;0;0;11;50;8;5;0;0;5;27;7;77;0;0;0;0;0;0;0;0;0;0;0;0;0;0;0;0;0;0;0;0;0;0;0;0;0;0;0;0;0;0;0;0;0;0;0;0;0;0;0;0;0;0
11.06.2024;15:28;A 21;1;6;7;5;18;2;4;0;0;1;39;0;100;2;22;0;100;3;4;4;69;4;70;2;38;0;83;0;77;0;0;0;0;0;0;0;0;0;0;0;0;0;0;1;1;1;1;1;1;0;0;0;0;0;0;0;0;0;0;0;0;0;0;0;0;0;0;0;0;0;0
11.06.2024;15:27;A 21;1;11;29;1;34;1;85;1;7;0;0;6;61;0;0;4;52;1;0;7;35;6;25;1;1;3;48;5;47;0;0;0;0;0;0;0;0;0;0;0;0;1;1;0;0;0;0;0;0;0;0;0;0;0;0;0;0;0;0;0;0;0;0;0;0;0;0;0;0;0;0
11.06.2024;15:26;A 21;1;3;40;1;55;1;85;1;5;2;42;2;44;1;1;2;6;0;0;2;70;1;70;1;0;1;76;3;78;0;0;0;0;0;0;0;0;0;0;0;0;0;0;0;0;0;0;0;0;0;0;0;0;0;0;0;0;0;0;0;0;0;0;0;0;0;0;0;0;0;0
11.06.2024;15:25;A 21;1;10;9;8;30;2;53;1;5;1;26;1;40;1;8;2;6;1;0;5;76;3;74;1;0;0;79;0;87;0;0;0;0;0;0;0;0;0;0;0;0;0;0;0;0;0;0;0;0;0;0;0;0;0;0;0;0;0;0;0;0;0;0;0;0;0;0;0;0;0;0
11.06.2024;15:24;A 21;1;5;19;1;29;1;94;2;13;1;2;2;69;1;17;2;76;1;0;11;30;5;22;2;3;4;40;5;55;0;0;0;0;0;0;1;3;0;0;0;0;0;0;0;0;0;0;0;0;0;0;0;0;0;0;1;1;0;0;0;0;0;0;0;0;0;0;0;0;0;0
11.06.2024;15:23;A 21;1;1;17;2;20;0;0;1;3;2;64;1;1;2;34;2;2;3;2;11;55;5;44;1;6;5;63;6;47;0;0;0;0;0;0;0;0;0;0;3;5;0;0;0;0;0;0;0;0;0;0;0;0;0;0;1;1;0;0;3;17;0;0;0;0;0;0;0;0;0;0
11.06.2024;15:22;A 21;1;11;63;3;90;0;0;0;0;1;29;4;16;1;5;0;22;1;0;4;61;3;56;2;14;0;65;2;70;0;0;0;0;0;0;0;0;0;0;0;0;0;0;0;0;0;0;0;0;0;0;0;0;0;0;0;0;0;0;0;0;0;0;0;0;0;0;0;0;0;0
11.06.2024;15:21;A 21;1;14;16;2;45;0;0;0;0;0;0;1;83;0;0;1;88;2;1;3;65;2;64;2;6;1;77;4;45;0;0;0;0;0;0;0;0;0;0;0;0;0;0;0;0;0;0;0;0;0;0;0;0;0;0;0;0;0;0;0;0;0;0;0;0;0;0;0;0;0;0
11.06.2024;15:20;A 21;1;3;20;3;22;1;63;1;6;0;0;2;45;0;0;2;10;1;1;3;51;3;52;2;5;2;66;2;58;0;0;0;0;0;0;0;0;0;0;0;0;0;0;0;0;1;1;0;0;0;0;0;0;0;0;0;0;0;0;0;0;0;0;0;0;0;0;0;0;0;0
11.06.2024;15:19;A 21;1;10;31;5;54;0;31;0;0;0;0;1;0;0;0;0;0;0;0;6;70;3;66;3;15;0;74;2;78;0;0;0;0;0;0;0;0;0;0;0;0;0;0;0;0;0;0;0;0;0;0;0;0;0;0;0;0;0;0;0;0;0;0;0;0;0;0;0;0;0;0
11.06.2024;15:18;A 21;1;9;9;2;25;2;34;1;6;0;0;1;93;0;0;1;53;1;3;10;35;10;24;0;0;5;60;4;55;0;0;0;0;0;0;0;0;1;1;0;0;2;3;0;0;0;0;0;0;0;0;0;0;0;0;0;0;0;0;0;0;1;1;0;0;0;0;0;0;0;0
11.06.2024;15:17;A 21;1;3;1;3;6;1;28;1;4;0;0;3;51;0;0;3;25;1;1;5;70;4;64;2;13;3;75;3;42;0;0;0;0;1;1;0;0;1;1;0;0;0;0;0;0;0;0;0;0;0;0;0;0;0;0;0;0;1;1;0;0;0;0;0;0;0;0;0;0;0;0
11.06.2024;15:16;A 21;1;14;18;10;48;3;63;0;70;0;0;2;23;0;0;2;9;2;3;2;92;3;94;2;12;0;100;0;100;0;0;0;0;0;0;0;0;0;0;0;0;0;0;0;0;0;0;0;0;0;0;0;0;0;0;0;0;0;0;0;0;0;0;0;0;0;0;0;0;0;0
11.06.2024;15:15;A 21;1;6;9;0;24;0;0;1;3;1;6;1;37;2;8;1;6;1;0;8;65;5;63;1;3;3;81;7;67;0;0;0;0;0;0;0;0;0;0;0;0;0;0;0;0;2;3;0;0;0;0;0;0;0;0;0;0;0;0;0;0;0;0;0;0;1;1;0;0;0;0
11.06.2024;15:14;A 21;1;4;32;4;35;2;0;1;4;1;1;1;63;2;4;2;2;0;0;7;17;6;21;0;0;5;46;3;19;0;0;0;0;0;0;0;0;0;0;0;0;1;0;0;0;0;0;0;0;0;0;0;0;0;0;0;0;0;0;0;0;0;0;0;0;0;0;0;0;0;0
11.06.2024;15:13;A 21;1;5;27;3;26;0;0;0;0;2;1;3;59;2;7;3;12;1;0;2;52;1;1;2;7;1;9;3;58;0;0;0;0;0;0;0;0;0;0;1;1;0;0;0;0;0;0;0;0;0;0;0;0;0;0;0;0;0;0;0;0;0;0;0;0;0;0;0;0;0;0
11.06.2024;15:12;A 21;1;6;7;1;18;1;0;0;0;1;93;2;91;0;2;2;69;0;0;8;17;3;11;0;0;3;10;6;38;0;0;0;0;0;0;0;0;0;0;0;0;0;0;0;0;0;0;0;0;0;0;0;0;0;0;0;0;0;0;0;0;0;0;0;0;0;0;0;0;0;0
11.06.2024;15:11;A 21;1;5;50;3;54;0;0;0;0;1;43;2;5;1;45;2;11;0;0;2;67;1;45;1;4;1;10;3;48;0;0;0;0;0;0;0;0;0;0;0;0;0;0;0;0;0;0;0;0;0;0;0;0;0;0;0;0;0;0;0;0;0;0;0;0;0;0;0;0;0;0
11.06.2024;15:10;A 21;1;11;22;9;36;1;0;0;0;1;91;1;0;2;24;2;3;1;0;10;42;5;38;1;3;1;50;4;72;0;0;0;0;0;0;0;0;0;0;1;1;0;0;0;0;0;0;0;0;0;0;0;0;0;0;0;0;0;0;1;1;0;0;0;0;0;0;0;0;0;0
11.06.2024;15:09;A 21;1;9;15;7;26;0;0;0;0;0;0;1;69;0;0;0;67;0;0;10;47;4;35;2;7;1;50;6;67;0;0;0;0;0;0;0;0;0;0;0;0;0;0;0;0;0;0;0;0;0;0;0;0;0;0;0;0;0;0;0;0;0;0;0;0;0;0;0;0;0;0
11.06.2024;15:08;A 21;1;1;0;2;4;1;68;1;5;0;0;6;64;1;2;2;79;1;1;2;74;2;72;1;5;2;79;5;82;0;0;0;0;0;0;0;0;0;0;0;0;0;0;0;0;0;0;0;0;0;0;0;0;0;0;0;0;0;0;0;0;0;0;0;0;0;0;0;0;0;0
11.06.2024;15:07;A 21;1;9;46;5;44;1;0;0;0;0;0;2;54;0;0;2;62;1;1;2;47;0;0;0;0;0;0;0;49;1;1;0;0;0;0;0;0;0;0;0;0;0;0;0;0;0;0;0;0;0;0;0;0;0;0;0;0;0;0;0;0;0;0;0;0;0;0;0;0;0;0
11.06.2024;15:06;A 21;1;10;12;5;27;0;0;0;0;0;0;1;59;0;0;3;18;0;0;9;22;5;17;3;12;1;29;5;49;0;0;0;0;0;0;0;0;0;0;0;0;0;0;0;0;0;0;0;0;0;0;0;0;0;0;0;0;0;0;0;0;0;0;0;0;0;0;0;0;0;0
11.06.2024;15:05;A 21;1;4;15;5;28;0;82;0;0;3;49;3;46;1;50;2;53;2;2;4;65;1;64;3;18;1;71;4;45;0;0;0;0;0;0;0;0;0;0;0;0;0;0;0;0;0;0;0;0;0;0;0;0;0;0;0;0;0;0;0;0;0;0;0;0;0;0;0;0;0;0
11.06.2024;15:04;A 21;1;9;17;4;35;2;21;1;5;1;32;2;29;1;74;2;68;1;0;5;19;1;0;1;3;1;3;5;42;0;0;0;0;0;0;0;0;0;0;0;0;0;0;0;0;0;0;0;0;0;0;0;0;0;0;1;1;0;0;0;0;0;0;0;0;0;0;0;0;0;0
11.06.2024;15:03;A 21;1;3;44;3;33;0;0;0;0;0;0;1;74;0;0;0;0;1;1;7;4;4;3;3;12;4;15;5;12;0;0;0;0;0;0;0;0;0;0;0;0;0;0;0;0;0;0;0;0;0;0;0;0;0;0;0;0;0;0;0;0;0;0;0;0;0;0;0;0;0;0
11.06.2024;15:02;A 21;1;14;55;5;88;4;4;2;9;1;1;3;39;0;0;3;14;1;0;4;26;4;4;1;3;3;20;2;39;0;0;0;0;0;0;0;0;0;0;0;0;0;0;0;0;0;0;0;0;0;0;0;0;0;0;0;0;0;0;0;0;0;0;0;0;0;0;0;0;0;0
11.06.2024;15:01;A 21;1;2;33;3;36;0;0;0;0;1;1;5;7;2;6;5;19;0;0;6;62;4;28;2;13;0;37;2;74;0;0;0;0;0;0;0;0;0;0;0;0;2;3;0;0;0;0;0;0;0;0;0;0;0;0;0;0;0;0;0;0;4;17;0;0;0;0;0;0;0;0
11.06.2024;15:00;A 21;1;7;62;2;83;1;44;1;6;0;0;2;23;0;0;2;7;0;0;1;77;1;16;0;0;1;27;2;41;0;0;4;6;0;0;2;3;0;0;0;0;0;0;0;0;0;0;1;1;0;0;0;0;0;0;0;0;0;0;0;0;0;0;0;0;0;0;0;0;0;0
11.06.2024;14:59;A 21;1;10;60;6;84;1;0;0;0;0;0;2;20;0;0;0;23;2;48;4;9;1;1;5;25;1;7;5;19;0;0;0;0;0;0;2;3;0;0;1;1;1;1;0;0;0;0;0;0;0;0;0;0;0;0;0;0;0;0;1;2;0;0;0;0;0;0;0;0;0;0
11.06.2024;14:58;A 21;1;2;1;2;5;2;49;2;13;0;0;1;61;0;0;3;16;0;0;5;39;3;5;1;5;2;16;4;28;0;0;0;0;0;0;0;0;0;0;0;0;0;0;0;0;0;0;0;0;0;0;0;0;0;0;0;0;0;0;0;0;0;0;0;0;0;0;0;0;0;0
11.06.2024;14:57;A 21;1;7;40;7;52;2;84;2;37;0;0;0;0;0;0;0;0;0;0;6;68;5;62;0;0;0;76;0;79;0;0;0;0;1;1;0;0;0;0;0;0;0;0;0;0;0;0;0;0;0;0;0;0;0;0;0;0;0;0;0;0;0;0;0;0;0;0;0;0;0;0
11.06.2024;14:56;A 21;1;10;31;2;54;3;90;1;81;1;78;0;0;1;4;0;0;0;0;6;87;5;81;1;5;0;100;0;100;0;0;0;0;0;0;0;0;0;0;0;0;0;0;0;0;1;1;0;0;0;0;0;0;0;0;0;0;0;0;0;0;0;0;0;0;0;0;0;0;0;0
11.06.2024;14:55;A 21;1;3;46;1;58;2;86;2;85;1;57;2;10;1;2;1;7;0;0;4;64;3;69;0;0;0;100;2;97;0;0;0;0;0;0;0;0;0;0;0;0;0;0;0;0;0;0;0;0;0;0;0;0;0;0;0;0;0;0;0;0;0;0;0;0;0;0;0;0;0;0
11.06.2024;14:54;A 21;1;6;64;3;82;0;100;1;51;0;0;0;0;0;0;1;0;1;2;2;40;3;12;2;15;4;24;4;33;0;0;0;0;0;0;0;0;0;0;0;0;0;0;0;0;0;0;0;0;0;0;0;0;0;0;0;0;0;0;0;0;0;0;0;0;0;0;0;0;0;0
11.06.2024;14:53;A 21;1;5;64;4;76;3;87;1;90;0;0;3;42;0;0;1;46;0;0;6;71;6;53;0;5;2;24;4;39;0;0;0;0;0;0;0;0;0;0;0;0;2;3;0;0;0;0;0;0;0;0;0;0;0;0;0;0;0;0;0;0;2;3;0;0;0;0;0;0;0;0
11.06.2024;14:52;A 21;1;5;15;5;30;1;1;2;6;1;25;2;50;0;26;3;17;1;0;3;82;3;82;3;3;1;95;1;93;0;0;0;0;3;5;0;0;0;0;0;0;0;0;0;0;0;0;0;0;0;0;0;0;0;0;0;0;0;0;0;0;0;0;0;0;0;0;0;0;0;0
11.06.2024;14:51;A 21;1;12;24;5;56;1;0;0;0;1;39;2;60;1;66;2;13;1;0;5;85;4;78;1;3;0;88;0;97;0;0;0;0;0;0;0;0;0;0;0;0;0;0;0;0;0;0;0;0;0;0;0;0;0;0;0;0;0;0;0;0;0;0;0;0;0;0;0;0;0;0
11.06.2024;14:50;A 21;1;5;49;0;60;3;66;2;33;0;0;1;65;1;68;2;65;0;0;6;83;5;68;1;4;3;83;0;100;1;1;0;0;1;1;0;0;0;0;0;0;1;1;0;0;0;0;0;0;0;0;0;0;0;0;0;0;0;0;0;0;0;0;0;0;0;0;0;0;0;0
11.06.2024;14:49;A 21;1;6;50;4;62;2;77;1;27;1;0;0;0;2;16;0;0;0;0;11;75;7;54;0;0;1;80;0;100;0;0;0;0;0;0;0;0;0;0;0;0;0;0;0;0;0;0;0;0;0;0;0;0;0;0;0;0;0;0;0;0;0;0;0;0;0;0;0;0;0;0
11.06.2024;14:48;A 21;1;6;37;5;53;1;36;1;41;0;0;0;0;1;2;0;0;2;1;1;96;1;61;1;11;2;64;1;97;0;0;0;0;0;0;0;0;0;0;0;0;0;0;1;1;0;0;0;0;0;0;0;0;0;0;0;0;0;0;0;0;0;0;0;0;0;0;0;0;0;0
11.06.2024;14:47;A 21;1;5;5;1;14;1;84;0;1;2;1;3;15;1;1;3;12;0;0;0;16;0;7;1;7;0;0;1;15;0;0;0;0;0;0;0;0;0;0;0;0;0;0;0;0;0;0;0;0;0;0;0;0;0;0;0;0;0;0;0;0;0;0;0;0;0;0;0;0;0;0
11.06.2024;14:46;A 21;1;9;54;1;78;2;91;3;18;1;1;4;43;1;2;1;48;1;0;5;73;2;31;2;5;2;10;3;89;0;0;0;0;1;1;1;1;0;0;0;0;0;0;0;0;0;0;0;0;0;0;0;0;0;0;0;0;0;0;0;0;0;0;0;0;0;0;0;0;0;0
11.06.2024;14:45;A 21;1;11;66;5;95;2;5;1;6;3;14;3;41;1;24;4;42;1;1;9;51;4;2;3;16;3;14;8;47;0;0;0;0;0;0;0;0;0;0;0;0;0;0;0;0;0;0;0;0;0;0;0;0;0;0;1;7;0;0;0;0;0;0;0;0;0;0;0;0;0;0
11.06.2024;14:44;A 21;1;3;55;1;58;0;45;0;0;0;4;1;7;1;8;1;9;2;2;5;77;7;82;3;18;0;99;2;31;0;0;0;0;1;1;0;0;5;9;0;0;0;0;0;0;0;0;0;0;0;0;0;0;0;0;0;0;0;0;0;0;0;0;0;0;0;0;0;0;0;0
11.06.2024;14:43;A 21;1;7;44;6;61;4;42;1;41;1;61;1;69;1;4;1;75;0;0;9;76;7;74;0;0;1;95;1;90;0;0;0;0;0;0;0;0;0;0;0;0;0;0;0;0;0;0;0;0;0;0;0;0;0;0;0;0;0;0;0;0;0;0;0;0;0;0;0;0;0;0
11.06.2024;14:42;A 21;1;10;41;5;58;1;82;3;55;0;0;2;1;0;0;1;4;1;0;6;75;6;4;3;9;5;26;3;90;0;0;0;0;0;0;0;0;0;0;0;0;0;0;0;0;0;0;0;0;0;0;0;0;0;0;0;0;0;0;0;0;0;0;0;0;0;0;0;0;0;0
11.06.2024;14:41;A 21;1;7;9;5;31;2;31;2;12;1;58;2;32;1;4;1;4;3;41;4;88;2;28;1;49;2;15;0;100;0;0;0;0;0;0;0;0;0;0;0;0;5;8;0;0;0;0;1;1;0;0;0;0;0;0;0;0;0;0;0;0;4;9;0;0;0;0;0;0;0;0
11.06.2024;14:40;A 21;1;6;5;1;18;1;63;1;5;2;65;1;40;2;39;2;9;1;17;3;60;2;10;5;26;0;15;1;67;0;0;0;0;0;0;0;0;0;0;0;0;0;0;0;0;0;0;0;0;0;0;0;0;0;0;0;0;0;0;0;0;0;0;0;0;0;0;0;0;0;0
11.06.2024;14:39;A 21;1;8;67;2;73;1;20;1;5;1;37;3;2;0;0;1;3;0;0;4;17;6;11;0;10;1;30;2;29;0;0;0;0;0;0;0;0;0;0;0;0;0;0;0;0;0;0;0;0;0;0;0;0;0;0;0;0;0;0;0;0;0;0;0;0;0;0;0;0;0;0
11.06.2024;14:38;A 21;1;7;57;1;81;1;66;1;6;1;52;1;31;1;4;2;17;0;0;1;95;1;96;1;36;0;100;5;77;0;0;0;0;1;1;0;0;0;0;0;0;0;0;0;0;0;0;0;0;0;0;0;0;0;0;0;0;0;0;0;0;0;0;0;0;0;0;0;0;0;0
11.06.2024;14:37;A 21;1;6;43;4;52;3;37;0;39;1;49;2;50;2;11;1;6;0;0;7;61;9;28;0;0;3;68;6;49;0;0;0;0;0;0;1;1;0;0;0;0;0;0;1;1;0;0;0;0;0;0;0;0;0;0;1;1;0;0;0;0;0;0;0;0;0;0;0;0;0;0
11.06.2024;14:36;A 21;1;13;44;5;77;1;74;1;52;0;0;2;17;0;0;3;14;0;0;3;18;1;1;0;0;1;8;1;26;0;0;0;0;0;0;0;0;0;0;0;0;0;0;0;0;0;0;0;0;0;0;0;0;0;0;0;0;0;0;0;0;0;0;0;0;0;0;0;0;0;0
11.06.2024;14:35;A 21;1;11;31;2;60;3;48;1;28;1;1;1;0;1;5;1;1;3;3;4;47;3;44;3;14;1;50;0;48;0;0;0;0;0;0;0;0;0;0;0;0;0;0;0;0;0;0;0;0;0;0;0;0;0;0;0;0;0;0;0;0;1;1;0;0;0;0;0;0;0;0
11.06.2024;14:34;A 21;1;1;37;2;39;1;78;2;77;0;71;0;0;0;0;0;0;1;0;7;81;9;57;2;9;2;90;1;96;0;0;0;0;0;0;0;0;1;1;0;0;1;1;0;0;0;0;0;0;0;0;0;0;0;0;0;0;1;1;0;0;1;1;0;0;0;0;0;0;0;0
11.06.2024;14:33;A 21;1;5;46;2;30;0;91;0;0;1;11;0;0;1;5;0;0;1;0;1;45;1;46;1;4;2;32;1;53;0;0;0;0;0;0;0;0;0;0;0;0;0;0;0;0;0;0;0;0;0;0;0;0;0;0;0;0;0;0;0;0;0;0;0;0;0;0;0;0;0;0
11.06.2024;14:32;A 21;1;5;66;4;78;1;18;0;0;0;0;3;2;0;0;2;7;0;0;2;0;4;42;0;0;2;68;1;0;0;0;0;0;0;0;0;0;0;0;0;0;0;0;0;0;0;0;0;0;0;0;0;0;0;0;0;0;0;0;0;0;1;1;0;0;0;0;0;0;0;0
11.06.2024;14:31;A 21;1;4;6;5;14;1;41;1;5;0;0;4;3;0;0;1;10;1;1;4;79;2;89;2;13;2;22;1;24;0;0;0;0;0;0;1;3;0;0;0;0;0;0;0;0;0;0;0;0;0;0;0;0;0;0;1;1;0;0;0;0;0;0;0;0;0;0;0;0;0;0
11.06.2024;14:30;A 21;1;6;16;6;28;0;68;0;66;0;1;1;1;0;0;2;1;1;0;1;96;2;76;0;98;1;41;0;100;0;0;0;0;0;0;0;0;0;0;0;0;0;0;0;0;0;0;0;0;0;0;0;0;0;0;0;0;0;0;0;0;0;0;0;0;0;0;0;0;0;0
11.06.2024;14:29;A 21;1;6;33;1;33;2;53;2;46;1;47;1;70;2;9;3;18;1;0;5;87;5;45;2;50;5;58;2;81;0;0;0;0;0;0;0;0;0;0;0;0;0;0;0;0;0;0;0;0;0;0;0;0;0;0;0;0;0;0;0;0;0;0;0;0;0;0;0;0;0;0
11.06.2024;14:28;A 21;1;11;33;7;60;2;90;1;20;0;0;2;73;0;0;2;44;1;1;5;19;2;9;3;13;2;18;3;32;0;0;0;0;0;0;0;0;1;1;0;0;0;0;0;0;1;1;0;0;0;0;0;0;0;0;0;0;0;0;0;0;0;0;0;0;1;1;0;0;0;0
11.06.2024;14:27;A 21;1;5;48;5;52;1;73;2;23;0;0;3;3;0;0;2;4;1;1;3;3;1;23;1;7;0;25;1;34;0;0;0;0;0;0;0;0;0;0;0;0;0;0;0;0;1;1;0;0;0;0;0;0;0;0;0;0;0;0;0;0;0;0;0;0;0;0;0;0;0;0
11.06.2024;14:26;A 21;1;10;63;9;66;2;25;2;29;0;0;2;57;3;7;2;53;0;0;7;27;3;23;1;9;3;31;4;48;0;0;0;0;0;0;0;0;0;0;0;0;1;1;0;0;0;0;0;0;0;0;0;0;0;0;0;0;0;0;0;0;1;2;0;0;0;0;0;0;0;0
11.06.2024;14:25;A 21;1;6;22;5;32;0;78;0;0;0;0;2;23;2;0;2;9;1;0;6;36;3;6;1;4;1;17;1;54;0;0;0;0;0;0;0;0;0;0;0;0;0;0;0;0;0;0;0;0;0;0;0;0;0;0;0;0;0;0;0;0;0;0;0;0;0;0;0;0;0;0
11.06.2024;14:24;A 21;1;10;32;3;58;4;56;3;18;1;1;1;23;1;3;1;4;1;0;5;3;3;76;1;3;1;92;6;17;0;0;0;0;0;0;0;0;0;0;0;0;0;0;0;0;0;0;0;0;0;0;0;0;0;0;0;0;0;0;0;0;0;0;0;0;0;0;0;0;0;0
11.06.2024;14:23;A 21;1;9;56;2;78;0;0;0;0;1;0;4;16;1;1;3;18;1;0;7;53;7;49;1;49;3;70;6;74;0;0;0;0;0;0;0;0;0;0;0;0;0;0;0;0;0;0;0;0;0;0;0;0;0;0;0;0;0;0;0;0;0;0;0;0;0;0;0;0;0;0
11.06.2024;14:22;A 21;1;7;42;3;59;1;15;1;4;0;0;1;32;0;0;1;40;0;0;5;75;4;69;3;22;2;86;3;74;0;0;0;0;0;0;0;0;0;0;0;0;0;0;0;0;0;0;0;0;0;0;0;0;0;0;0;0;0;0;0;0;0;0;0;0;0;0;0;0;0;0
11.06.2024;14:21;A 21;1;9;40;5;58;3;1;1;2;0;0;0;0;0;0;0;0;1;1;5;47;5;22;1;6;6;28;7;34;0;0;0;0;0;0;0;0;0;0;0;0;0;0;0;0;0;0;0;0;0;0;0;0;0;0;0;0;0;0;0;0;0;0;0;0;0;0;0;0;0;0
11.06.2024;14:20;A 21;1;7;61;4;33;0;0;0;0;0;0;1;0;0;0;1;2;1;0;2;8;1;0;2;7;1;4;4;12;0;0;0;0;0;0;0;0;0;0;0;0;1;1;0;0;0;0;0;0;0;0;0;0;0;0;0;0;0;0;0;0;0;0;0;0;0;0;0;0;0;0
11.06.2024;14:19;A 21;1;6;69;6;66;0;0;0;0;0;0;0;0;0;0;0;0;1;0;3;3;0;0;1;4;0;0;1;11;0;0;0;0;0;0;0;0;0;0;0;0;1;1;0;0;0;0;0;0;0;0;0;0;0;0;0;0;0;0;0;0;3;7;0;0;0;0;0;0;0;0
11.06.2024;14:18;A 21;1;4;65;1;77;0;0;0;0;0;37;1;42;1;2;1;15;1;0;7;76;4;10;2;57;0;21;1;96;0;0;0;0;0;0;0;0;0;0;0;0;0;0;0;0;0;0;0;0;0;0;0;0;0;0;0;0;0;0;0;0;0;0;0;0;0;0;0;0;0;0
11.06.2024;14:17;A 21;1;6;56;3;73;1;80;0;77;2;3;2;12;2;9;3;14;1;0;1;61;1;40;2;7;2;35;1;68;0;0;0;0;0;0;0;0;0;0;0;0;0;0;0;0;0;0;0;0;0;0;0;0;0;0;0;0;0;0;0;0;0;0;0;0;0;0;0;0;0;0
11.06.2024;14:16;A 21;1;7;47;6;20;3;66;1;76;2;12;3;75;2;13;4;21;0;0;3;75;1;71;2;8;1;2;2;81;0;0;0;0;0;0;0;0;0;0;0;0;0;0;0;0;0;0;0;0;0;0;0;0;0;0;0;0;0;0;0;0;0;0;0;0;0;0;0;0;0;0
11.06.2024;14:15;A 21;1;5;33;6;23;1;44;2;49;2;36;2;59;2;9;3;63;0;0;7;18;5;15;4;9;5;18;6;22;0;0;0;0;0;0;1;1;0;0;0;0;0;0;0;0;1;1;0;0;0;0;0;0;0;0;0;0;0;0;0;0;0;0;0;0;0;0;0;0;0;0
11.06.2024;14:14;A 21;1;10;29;5;49;0;13;0;0;1;62;3;3;1;7;4;2;0;0;6;51;3;31;1;3;3;19;0;62;0;0;0;0;0;0;0;0;0;0;0;0;0;0;0;0;1;1;0;0;0;0;0;0;0;0;0;0;0;0;0;0;0;0;0;0;0;0;0;0;0;0
11.06.2024;14:13;A 21;1;6;50;4;22;1;33;1;18;0;0;4;13;0;0;3;12;1;0;8;71;5;67;1;8;5;24;6;73;0;0;0;0;1;1;0;0;0;0;1;1;1;1;0;0;0;0;0;0;0;0;0;0;0;0;0;0;0;0;1;1;1;4;0;0;0;0;0;0;0;0
11.06.2024;14:12;A 21;1;5;34;5;51;2;34;3;16;1;36;1;18;1;4;1;4;0;0;6;47;4;84;2;10;1;40;3;62;0;0;0;0;0;0;0;0;0;0;0;0;0;0;0;0;0;0;0;0;0;0;0;0;0;0;0;0;0;0;0;0;0;0;0;0;0;0;0;0;0;0
11.06.2024;14:11;A 21;1;8;46;7;66;3;36;1;6;2;46;0;0;1;7;1;2;1;0;2;42;2;4;1;3;2;13;4;8;0;0;0;0;0;0;0;0;1;1;0;0;1;1;0;0;0;0;0;0;0;0;0;0;0;0;0;0;2;3;0;0;1;1;0;0;0;0;0;0;0;0
11.06.2024;14:10;A 21;1;4;35;3;44;0;0;0;0;0;0;1;11;1;3;1;7;1;0;4;83;4;76;2;9;1;93;1;96;2;3;0;0;0;0;0;0;0;0;2;3;0;0;0;0;0;0;0;0;0;0;0;0;0;0;0;0;0;0;2;10;0;0;0;0;0;0;0;0;0;0
11.06.2024;14:09;A 21;1;7;58;3;74;0;0;0;0;0;5;1;22;0;0;1;26;0;0;4;2;3;1;0;0;2;8;4;16;1;1;0;0;1;1;0;0;0;0;0;0;0;0;0;0;0;0;0;0;0;0;0;0;0;0;0;0;0;0;0;0;0;0;0;0;0;0;0;0;0;0
11.06.2024;14:08;A 21;1;4;46;3;49;0;0;0;0;1;13;1;31;1;4;1;4;0;0;3;68;3;63;3;11;0;69;1;80;0;0;0;0;0;0;0;0;1;1;0;0;0;0;0;0;0;0;0;0;0;0;0;0;0;0;0;0;2;4;0;0;0;0;0;0;0;0;0;0;0;0
11.06.2024;14:07;A 21;1;14;31;8;65;2;0;0;0;0;0;0;0;0;0;0;0;1;0;5;37;5;39;2;12;4;55;6;37;1;1;0;0;0;0;0;0;0;0;0;0;4;6;0;0;0;0;0;0;0;0;1;2;0;0;1;1;0;0;0;0;3;5;0;0;0;0;0;0;0;0
11.06.2024;14:06;A 21;1;7;53;3;78;2;36;1;6;0;0;3;34;0;0;2;8;0;0;4;33;4;33;0;0;4;48;4;17;1;1;0;0;0;0;0;0;1;1;0;0;0;0;0;0;0;0;0;0;0;0;0;0;0;0;0;0;1;1;0;0;0;0;0;0;0;0;0;0;0;0
11.06.2024;14:05;A 21;1;5;4;5;28;0;0;0;0;1;50;0;0;0;3;0;0;1;0;5;22;6;67;1;3;2;35;2;25;0;0;0;0;0;0;0;0;0;0;0;0;0;0;0;0;0;0;0;0;0;0;0;0;0;0;0;0;0;0;0;0;0;0;0;0;0;0;0;0;0;0
11.06.2024;14:04;A 21;1;4;24;2;39;1;50;1;7;0;0;0;41;1;2;1;47;0;0;6;26;6;84;0;0;1;92;3;31;0;0;0;0;0;0;0;0;0;0;0;0;0;0;0;0;0;0;0;0;0;0;0;0;0;0;0;0;0;0;0;0;0;0;0;0;0;0;0;0;0;0
11.06.2024;14:03;A 21;1;9;66;8;82;2;29;1;5;0;0;1;14;0;0;1;21;0;0;7;79;2;86;1;4;1;98;1;98;1;1;0;0;0;0;0;0;0;0;0;0;0;0;0;0;0;0;0;0;0;0;0;0;0;0;0;0;0;0;0;0;0;0;0;0;0;0;0;0;0;0
11.06.2024;14:02;A 21;1;8;44;3;61;2;58;1;12;0;0;2;1;0;0;0;0;0;0;5;62;3;45;1;3;1;57;2;87;0;0;0;0;0;0;0;0;0;0;0;0;0;0;0;0;0;0;0;0;0;0;0;0;0;0;0;0;0;0;0;0;0;0;0;0;0;0;0;0;0;0
11.06.2024;14:01;A 21;1;5;50;5;67;1;54;2;4;1;12;0;0;1;3;1;1;1;0;2;50;2;27;0;0;2;34;2;43;0;0;0;0;0;0;0;0;0;0;1;1;0;0;0;0;0;0;0;0;0;0;0;0;0;0;0;0;0;0;1;3;0;0;0;0;0;0;0;0;0;0
11.06.2024;14:00;A 21;1;7;6;7;20;1;0;0;0;0;0;0;0;0;0;0;0;1;1;4;20;4;5;2;13;2;33;1;24;0;0;0;0;0;0;0;0;0;0;0;0;0;0;0;0;0;0;0;0;0;0;0;0;0;0;0;0;0;0;0;0;0;0;0;0;0;0;0;0;0;0
11.06.2024;13:59;A 21;1;8;17;2;32;0;0;0;0;1;70;2;51;0;0;2;54;2;19;12;76;7;32;0;24;3;89;4;92;0;0;0;0;0;0;0;0;0;0;0;0;0;0;0;0;0;0;0;0;0;0;0;0;0;0;0;0;0;0;0;0;0;0;0;0;0;0;0;0;0;0
11.06.2024;13:58;A 21;1;6;63;3;76;0;0;0;0;0;0;5;8;1;3;5;15;1;1;4;37;4;25;3;37;3;25;2;51;0;0;0;0;0;0;0;0;0;0;0;0;0;0;0;0;0;0;0;0;0;0;0;0;0;0;0;0;0;0;0;0;0;0;0;0;0;0;0;0;0;0
11.06.2024;13:57;A 21;1;6;61;2;69;2;67;1;73;0;35;0;0;1;1;0;0;0;0;10;78;7;78;0;0;0;29;4;91;0;0;0;0;0;0;0;0;0;0;0;0;0;0;0;0;0;0;0;0;0;0;0;0;0;0;0;0;0;0;0;0;0;0;0;0;0;0;0;0;0;0
11.06.2024;13:56;A 21;1;9;72;2;90;2;66;1;3;2;21;3;2;2;6;3;6;1;0;3;87;4;91;1;4;0;100;0;94;0;0;0;0;0;0;0;0;0;0;0;0;0;0;0;0;0;0;0;0;0;0;0;0;0;0;0;0;0;0;0;0;0;0;0;0;0;0;0;0;0;0
11.06.2024;13:55;A 21;1;3;1;4;6;1;67;1;4;0;0;0;0;0;0;0;0;1;1;2;96;2;95;1;6;1;25;3;38;0;0;0;0;0;0;0;0;0;0;0;0;0;0;0;0;0;0;0;0;0;0;0;0;0;0;0;0;0;0;0;0;0;0;0;0;0;0;0;0;0;0
11.06.2024;13:54;A 21;1;9;28;6;46;1;39;1;4;0;0;1;0;0;0;0;0;1;0;9;49;4;3;1;3;5;22;7;50;3;5;1;1;0;0;1;1;0;0;0;0;0;0;0;0;0;0;0;0;0;0;0;0;0;0;0;0;0;0;0;0;0;0;0;0;0;0;0;0;0;0
11.06.2024;13:53;A 21;1;3;18;4;24;2;69;1;17;3;56;10;5;2;35;3;6;1;0;4;60;2;41;1;5;0;48;1;56;0;0;0;0;0;0;0;0;0;0;0;0;0;0;0;0;0;0;0;0;0;0;0;0;0;0;0;0;0;0;0;0;0;0;0;0;0;0;0;0;0;0
11.06.2024;13:52;A 21;1;6;28;10;25;5;24;2;26;1;35;2;1;1;4;2;1;0;0;4;45;4;65;0;0;1;80;3;46;0;0;0;0;0;0;0;0;0;0;0;0;0;0;0;0;1;1;0;0;0;0;0;0;0;0;0;0;0;0;0;0;0;0;0;0;1;1;0;0;0;0
11.06.2024;13:51;A 21;1;4;49;4;63;1;30;1;4;0;0;2;3;0;0;1;4;1;0;2;1;5;20;1;5;3;38;1;5;0;0;0;0;0;0;0;0;0;0;0;0;0;0;0;0;0;0;0;0;0;0;0;0;0;0;0;0;0;0;0;0;0;0;0;0;1;1;0;0;0;0
11.06.2024;13:50;A 21;1;3;66;3;10;0;0;0;0;0;0;2;1;0;0;0;0;0;0;7;66;7;60;2;1;2;90;2;92;0;0;0;0;0;0;0;0;0;0;0;0;0;0;0;0;0;0;0;0;0;0;0;0;0;0;0;0;0;0;0;0;0;0;0;0;0;0;0;0;0;0
11.06.2024;13:49;A 21;1;1;0;1;2;2;48;1;55;0;0;2;24;0;0;2;17;0;0;4;76;3;90;0;0;0;100;1;98;0;0;0;0;0;0;0;0;0;0;0;0;1;1;0;0;0;0;0;0;0;0;0;0;0;0;0;0;0;0;0;0;2;3;0;0;0;0;0;0;0;0
11.06.2024;13:48;A 21;1;8;52;3;74;2;36;0;0;1;1;4;24;1;5;2;8;0;0;2;88;4;88;0;86;0;100;0;100;1;1;0;0;0;0;0;0;0;0;3;6;1;1;0;0;0;0;0;0;0;0;0;0;0;0;0;0;0;0;3;9;1;1;0;0;0;0;0;0;0;0
11.06.2024;13:47;A 21;1;11;51;3;80;3;54;1;9;1;49;2;3;1;3;3;13;1;0;7;70;5;85;3;27;0;100;0;100;0;0;0;0;1;1;0;0;0;0;0;0;0;0;0;0;0;0;0;0;0;0;0;0;0;0;0;0;0;0;1;1;0;0;0;0;0;0;0;0;0;0
11.06.2024;13:46;A 21;1;7;54;5;67;1;19;1;1;0;0;1;26;0;0;3;9;2;1;7;82;5;78;3;13;0;100;0;100;0;0;0;0;0;0;0;0;0;0;0;0;0;0;0;0;0;0;0;0;0;0;0;0;0;0;0;0;0;0;0;0;0;0;0;0;0;0;0;0;0;0
11.06.2024;13:45;A 21;1;8;33;10;50;2;58;1;5;1;68;1;1;1;4;2;5;0;0;3;81;2;69;2;2;2;77;3;79;0;0;0;0;0;0;0;0;0;0;0;0;0;0;0;0;0;0;0;0;0;0;0;0;0;0;0;0;0;0;0;0;0;0;0;0;0;0;0;0;0;0
11.06.2024;13:44;A 21;1;5;7;0;20;2;3;0;0;0;0;2;5;0;0;0;61;0;0;0;0;0;0;0;0;0;0;0;0;0;0;0;0;0;0;1;1;0;0;0;0;4;8;0;0;0;0;0;0;0;0;0;0;0;0;0;0;0;0;0;0;4;13;0;0;0;0;0;0;0;0
11.06.2024;13:43;A 21;1;7;43;3;60;0;0;0;0;1;1;1;1;1;1;2;25;1;0;3;39;2;1;2;11;1;8;1;50;0;0;0;0;0;0;0;0;1;1;0;0;0;0;0;0;0;0;0;0;0;0;0;0;0;0;0;0;1;1;0;0;0;0;0;0;0;0;0;0;0;0
11.06.2024;13:42;A 21;1;3;31;1;40;1;64;2;8;1;1;2;1;1;3;1;3;0;0;3;81;3;86;0;0;3;41;3;22;0;0;0;0;1;1;0;0;2;3;0;0;0;0;0;0;0;0;0;0;0;0;0;0;0;0;0;0;0;0;0;0;0;0;0;0;0;0;0;0;0;0
11.06.2024;13:41;A 21;1;3;54;0;60;2;81;1;5;2;6;3;7;0;5;2;3;1;2;6;81;6;80;1;6;1;98;3;92;0;0;0;0;0;0;0;0;0;0;0;0;0;0;0;0;0;0;0;0;0;0;0;0;0;0;0;0;0;0;0;0;0;0;0;0;0;0;0;0;0;0
11.06.2024;13:40;A 21;1;2;5;3;10;1;39;1;6;2;58;3;58;2;37;6;21;0;0;6;53;6;84;0;0;0;100;2;66;0;0;1;1;0;0;0;0;0;0;0;0;1;1;0;0;0;0;0;0;0;0;0;0;0;0;0;0;0;0;0;0;1;1;0;0;0;0;0;0;0;0
11.06.2024;13:39;A 21;1;11;25;9;47;1;31;1;5;1;75;1;75;2;74;4;19;1;0;1;44;2;57;1;5;2;71;2;55;0;0;0;0;0;0;0;0;0;0;0;0;0;0;0;0;0;0;0;0;0;0;0;0;0;0;0;0;0;0;0;0;0;0;0;0;0;0;0;0;0;0
11.06.2024;13:38;A 21;1;12;61;2;56;1;64;1;8;2;65;2;44;2;8;3;12;3;1;7;25;4;2;6;17;4;15;4;47;0;0;0;0;0;0;0;0;0;0;0;0;1;1;0;0;0;0;0;0;0;0;0;0;0;0;0;0;0;0;0;0;0;0;0;0;0;0;0;0;0;0
11.06.2024;13:37;A 21;1;8;69;5;73;0;0;0;0;2;47;2;24;2;8;4;11;1;0;7;19;3;11;0;0;1;21;6;33;0;0;0;0;0;0;0;0;0;0;0;0;0;0;0;0;0;0;0;0;0;0;0;0;0;0;0;0;0;0;0;0;0;0;0;0;0;0;0;0;0;0
11.06.2024;13:36;A 21;1;6;54;1;70;3;21;1;5;0;37;1;0;0;0;1;3;0;0;7;82;5;82;0;0;1;61;5;18;0;0;0;0;0;0;0;0;0;0;0;0;0;0;0;0;0;0;0;0;0;0;0;0;0;0;0;0;0;0;0;0;0;0;0;0;0;0;0;0;0;0
11.06.2024;13:35;A 21;1;11;59;3;81;1;0;0;0;2;21;2;6;2;10;2;13;0;0;0;97;1;97;0;0;0;100;0;100;0;0;0;0;3;5;0;0;0;0;0;0;0;0;0;0;0;0;0;0;0;0;0;0;0;0;0;0;0;0;0;0;0;0;0;0;0;0;0;0;0;0
11.06.2024;13:34;A 21;1;5;5;6;24;1;30;0;0;0;0;1;64;0;0;2;69;0;0;8;44;4;36;0;0;4;27;6;55;0;0;0;0;0;0;0;0;0;0;1;1;0;0;2;4;0;0;0;0;0;0;0;0;0;0;0;0;0;0;1;1;0;0;0;0;0;0;0;0;0;0
11.06.2024;13:33;A 21;1;8;48;0;64;1;79;1;4;0;0;0;0;0;0;0;0;0;0;5;38;6;37;1;4;3;28;4;22;0;0;1;1;0;0;0;0;0;0;0;0;0;0;0;0;0;0;0;0;0;0;0;0;0;0;0;0;0;0;0;0;0;0;0;0;0;0;0;0;0;0
11.06.2024;13:32;A 21;1;11;33;2;61;1;18;1;18;0;0;0;93;0;0;0;0;1;0;7;83;5;50;1;53;2;62;0;100;0;0;0;0;0;1;0;0;0;0;0;0;0;0;0;0;1;1;0;0;0;0;0;0;0;0;0;0;0;0;0;0;0;0;0;0;0;0;0;0;0;0
11.06.2024;13:31;A 21;1;4;59;1;75;1;95;0;5;2;10;1;53;1;5;1;5;0;0;6;67;1;41;2;60;1;48;0;100;0;0;0;0;1;0;0;0;0;0;0;0;0;0;0;0;0;0;0;0;0;0;0;0;0;0;0;0;0;0;0;0;0;0;0;0;0;0;0;0;0;0
11.06.2024;13:30;A 21;1;2;1;2;6;0;0;1;0;0;0;2;3;0;0;2;6;0;0;6;51;4;14;0;0;0;24;0;100;0;0;0;0;0;0;0;0;0;0;1;1;0;0;0;0;0;0;0;0;0;0;0;0;0;0;0;0;0;0;1;1;0;0;0;0;0;0;0;0;0;0
11.06.2024;13:29;A 21;1;8;43;4;62;2;0;0;0;0;0;0;0;0;0;0;0;1;0;7;80;6;82;1;5;0;100;0;100;1;1;0;0;0;0;0;0;0;0;0;0;0;0;0;0;0;0;0;0;0;0;1;1;0;0;0;0;0;0;0;0;0;0;0;0;0;0;1;1;0;0
11.06.2024;13:28;A 21;1;4;3;5;11;0;70;0;0;2;8;1;0;1;9;0;0;0;0;0;100;2;98;1;4;0;100;0;100;0;0;0;0;0;0;0;0;0;0;0;0;0;0;4;6;0;0;2;3;0;0;0;0;0;0;0;0;0;0;0;0;0;0;0;0;0;0;2;3;0;0
11.06.2024;13:27;A 21;1;11;56;2;62;1;7;1;9;1;28;2;8;2;32;2;13;1;0;3;60;1;9;1;2;1;14;3;67;0;0;0;0;0;0;0;0;0;0;0;0;0;0;0;0;0;0;0;0;0;0;0;0;0;0;0;0;0;0;0;0;0;0;0;0;0;0;0;0;0;0
11.06.2024;13:26;A 21;1;9;44;1;80;2;32;0;0;0;0;1;29;0;0;2;34;1;0;5;33;2;6;3;9;2;20;2;49;0;0;0;0;0;0;1;1;0;0;0;0;0;0;0;0;0;0;0;0;0;0;0;0;0;0;1;1;0;0;0;0;0;0;0;0;0;0;0;0;0;0
11.06.2024;13:25;A 21;1;3;15;3;20;2;66;1;6;1;64;0;0;1;4;1;1;2;1;3;9;3;11;1;7;1;21;0;11;0;0;0;0;0;0;0;0;0;0;0;0;1;1;0;0;0;0;0;0;0;0;0;0;0;0;0;0;0;0;0;0;3;7;0;0;0;0;0;0;0;0
11.06.2024;13:24;A 21;1;8;47;5;69;0;0;0;0;2;24;3;6;1;30;3;20;0;0;8;74;7;52;1;3;3;86;6;78;0;0;0;0;2;4;0;0;0;0;0;0;0;0;0;0;0;0;0;0;0;0;0;0;0;0;0;0;0;0;0;0;1;2;0;0;0;0;0;0;0;0
11.06.2024;13:23;A 21;1;6;65;5;79;0;95;0;0;0;0;3;1;2;12;0;0;1;0;9;67;7;9;2;6;4;31;3;32;0;0;0;0;0;0;0;0;0;0;0;0;1;1;0;0;0;0;0;0;0;0;0;0;0;0;0;0;0;0;0;0;1;1;0;0;0;0;0;0;0;0
11.06.2024;13:22;A 21;1;7;56;4;30;5;88;0;95;1;25;3;3;1;5;1;2;1;0;2;11;1;0;0;0;0;0;1;27;0;0;0;0;0;0;0;0;0;0;0;0;0;0;0;0;0;0;0;0;0;0;0;0;0;0;0;0;0;0;0;0;2;4;0;0;0;0;0;0;0;0
11.06.2024;13:21;A 21;1;9;76;2;94;1;37;2;38;0;0;1;24;0;0;1;1;0;0;8;73;7;63;0;0;2;82;0;87;0;0;0;0;1;1;0;0;1;1;0;0;2;3;0;0;0;0;0;0;0;0;0;0;0;0;0;0;1;1;0;0;1;1;0;0;0;0;0;0;0;0
11.06.2024;13:20;A 21;1;10;63;4;84;2;52;2;12;0;0;2;54;1;2;2;7;3;5;1;78;1;39;1;91;1;50;1;83;0;0;0;0;1;1;0;0;0;0;0;0;0;0;0;0;0;0;0;0;0;0;0;0;0;0;0;0;0;0;0;0;0;0;0;0;0;0;0;0;0;0
11.06.2024;13:19;A 21;1;4;38;3;53;1;33;0;33;1;0;3;44;0;0;2;8;2;50;2;43;1;1;0;100;1;6;1;51;0;0;0;0;0;0;0;0;1;1;0;0;0;0;0;0;0;0;0;0;0;0;0;0;0;0;0;0;1;1;0;0;0;0;0;0;0;0;0;0;0;0
11.06.2024;13:18;A 21;1;9;37;6;59;1;75;3;45;0;0;2;15;0;0;2;6;1;0;3;49;4;44;0;100;1;58;1;57;1;1;0;0;0;0;0;0;0;0;0;0;1;1;0;0;0;0;0;0;0;0;0;0;0;0;0;0;0;0;0;0;2;3;0;0;0;0;0;0;0;0
11.06.2024;13:17;A 21;1;11;59;3;85;4;8;2;6;0;0;2;1;0;0;1;3;3;1;11;52;8;52;0;100;6;80;6;47;0;0;0;0;0;0;0;0;0;0;0;0;0;0;0;0;0;0;2;3;0;0;0;0;0;0;0;0;0;0;0;0;0;0;0;0;0;0;0;0;0;0
11.06.2024;13:16;A 21;1;4;51;5;18;0;2;0;0;0;56;1;0;0;0;2;2;0;0;2;94;4;89;0;100;0;100;0;100;0;0;0;0;1;1;0;0;0;0;0;0;0;0;0;0;0;0;1;1;0;0;0;0;0;0;0;0;0;0;0;0;3;6;0;0;0;0;0;0;0;0
11.06.2024;13:15;A 21;1;9;47;1;74;1;96;1;39;1;2;0;20;4;14;1;3;0;0;1;76;1;76;1;68;1;81;1;78;0;0;0;0;1;1;0;0;0;0;1;1;0;0;0;0;0;0;0;0;0;0;0;0;0;0;0;0;0;0;1;3;1;2;0;0;0;0;0;0;0;0
11.06.2024;13:14;A 21;1;4;60;0;70;2;17;1;4;0;0;2;42;0;0;4;14;0;0;3;7;2;7;0;0;1;14;3;10;0;0;0;0;0;0;0;0;0;0;0;0;0;0;0;0;0;0;0;0;0;0;0;0;0;0;0;0;0;0;0;0;0;0;0;0;0;0;0;0;0;0
11.06.2024;13:13;A 21;1;9;73;1;95;0;0;0;0;1;1;6;16;2;4;1;39;0;0;4;53;4;55;0;0;1;40;1;36;1;1;0;0;0;0;0;0;0;0;0;0;0;0;0;0;0;0;0;0;0;0;0;0;0;0;0;0;0;0;0;0;0;0;0;0;0;0;0;0;0;0
11.06.2024;13:12;A 21;1;5;71;1;88;0;0;0;0;0;0;4;44;0;0;3;75;2;1;8;70;7;73;1;38;5;60;1;57;0;0;0;0;1;1;0;0;0;0;0;0;0;0;0;0;0;0;0;0;0;0;0;0;0;0;0;0;0;0;0;0;0;0;0;0;0;0;0;0;0;0
11.06.2024;13:11;A 21;1;5;65;1;81;0;0;0;0;1;10;4;4;1;3;4;52;3;4;2;26;0;100;3;10;0;100;2;67;0;0;0;0;1;1;0;0;0;0;0;0;0;0;0;0;0;0;0;0;0;0;0;0;0;0;0;0;0;0;0;0;2;4;0;0;0;0;1;1;0;0
11.06.2024;13:10;A 21;1;5;61;3;70;0;0;0;0;0;0;1;14;1;1;2;6;1;0;5;40;2;3;2;8;1;11;1;45;0;0;0;0;0;0;0;0;0;0;0;0;0;0;0;0;0;0;0;0;0;0;0;0;0;0;0;0;0;0;0;0;0;0;0;0;0;0;0;0;0;0
11.06.2024;13:09;A 21;1;6;50;3;66;0;0;0;0;1;19;1;44;2;18;2;1;2;2;1;19;0;0;2;12;0;0;1;15;0;0;0;0;0;0;0;0;0;0;0;0;0;0;0;0;0;0;0;0;0;0;0;0;0;0;0;0;0;0;0;0;1;1;0;0;0;0;0;0;0;0
11.06.2024;13:08;A 21;1;6;69;4;68;1;2;1;3;0;0;2;20;0;0;3;9;0;0;4;24;2;57;0;0;2;59;2;7;0;0;0;0;0;0;0;0;0;0;0;0;2;3;0;0;0;0;0;0;0;0;0;0;0;0;0;0;3;5;0;0;1;5;0;0;0;0;0;0;0;0
11.06.2024;13:07;A 21;1;7;10;3;26;0;0;0;0;0;0;2;26;0;0;1;24;0;0;5;11;2;9;0;0;2;13;4;17;0;0;0;0;0;0;0;0;4;6;0;0;0;0;0;0;0;0;0;0;0;0;0;0;0;0;0;0;2;6;0;0;0;0;0;0;0;0;0;0;0;0
11.06.2024;13:06;A 21;1;9;60;1;81;0;0;0;0;1;4;1;49;1;1;2;34;0;0;5;80;2;76;1;4;0;81;1;50;0;0;0;0;0;0;0;0;0;0;0;0;0;0;0;0;1;1;0;0;0;0;0;0;0;0;0;0;0;0;0;0;0;0;0;0;0;0;0;0;0;0
11.06.2024;13:05;A 21;1;8;13;7;32;2;19;1;7;1;1;1;0;2;11;1;2;0;0;7;78;5;78;0;0;1;97;2;89;0;0;0;0;0;0;1;1;0;0;0;0;0;0;0;0;0;0;0;0;0;0;0;0;0;0;0;0;0;0;0;0;0;0;0;0;0;0;0;0;0;0
11.06.2024;13:04;A 21;1;2;12;2;16;1;10;0;0;0;0;3;24;1;12;2;26;1;0;2;80;2;95;1;69;1;95;4;75;0;0;0;0;0;0;0;0;0;0;0;0;0;0;0;0;0;0;0;0;0;0;0;0;0;0;1;1;0;0;0;0;0;0;0;0;0;0;0;0;0;0
11.06.2024;13:03;A 21;1;5;39;6;51;2;46;2;26;2;54;1;0;0;88;2;2;0;0;7;63;4;47;0;100;3;67;2;52;0;0;0;0;0;0;0;0;0;0;0;0;0;0;0;0;0;0;0;0;0;0;0;0;0;0;0;0;0;0;0;0;0;0;0;0;0;0;0;0;0;0
11.06.2024;13:02;A 21;1;11;15;5;34;2;70;1;78;0;56;4;64;0;100;2;63;0;0;6;20;6;13;0;100;1;28;3;42;0;0;0;0;2;3;0;0;0;0;0;0;0;0;0;0;0;0;0;0;0;0;0;0;0;0;0;0;0;0;0;0;0;0;0;0;0;0;0;0;0;0
11.06.2024;13:01;A 21;1;4;8;3;14;2;34;1;5;1;2;4;14;0;100;4;10;2;1;7;62;6;81;1;61;1;98;3;83;0;0;0;0;0;0;0;0;0;0;0;0;0;0;0;0;0;0;0;0;0;0;0;0;0;0;0;0;0;0;0;0;0;0;0;0;0;0;0;0;0;0
11.06.2024;13:00;A 21;1;7;19;5;43;2;18;2;19;1;1;2;26;0;100;1;2;0;0;2;86;1;15;0;100;1;25;1;95;0;0;0;0;0;0;0;0;0;0;0;0;0;0;0;0;0;0;0;0;0;0;0;0;0;0;0;0;0;0;0;0;0;0;0;0;0;0;0;0;0;0
11.06.2024;12:59;A 21;1;5;56;1;75;1;26;1;7;3;9;2;37;0;100;2;19;1;1;1;26;1;0;0;100;1;3;1;10;0;0;0;0;0;0;0;0;0;0;0;0;0;0;0;0;0;0;0;0;0;0;0;0;0;0;0;0;0;0;0;0;0;0;0;0;0;0;0;0;0;0
11.06.2024;12:58;A 21;1;6;13;7;47;0;0;0;0;1;70;2;33;0;100;4;22;1;0;4;3;1;0;0;100;1;3;3;14;0;0;0;0;0;0;0;0;0;0;0;0;0;0;0;0;0;0;0;0;0;0;0;0;0;0;0;0;0;0;0;0;0;0;0;0;0;0;0;0;0;0
11.06.2024;12:57;A 21;1;8;20;6;45;0;6;0;0;0;0;1;32;0;100;2;6;0;0;4;47;7;7;0;100;6;27;3;51;0;0;0;0;0;0;0;0;0;0;0;0;0;0;0;0;1;1;0;0;0;0;0;0;0;0;0;0;0;0;0;0;0;0;0;0;0;0;0;0;0;0
11.06.2024;12:56;A 21;1;8;55;3;53;3;38;2;17;1;0;5;5;0;100;3;4;1;3;6;90;5;42;0;100;0;52;0;100;0;0;0;0;0;0;0;0;0;0;0;0;0;0;0;0;0;0;0;0;0;0;0;0;0;0;0;0;0;0;0;0;0;0;0;0;0;0;0;0;0;0
11.06.2024;12:55;A 21;1;2;16;1;21;0;100;2;85;0;0;2;23;0;100;2;9;0;0;3;91;4;86;0;100;0;100;0;100;3;5;0;0;0;0;0;0;0;0;0;0;0;0;0;0;0;0;1;1;0;0;0;0;0;0;0;0;0;0;0;0;0;0;0;0;0;0;1;3;0;0
11.06.2024;12:54;A 21;1;9;65;2;63;2;92;2;73;1;1;2;45;0;100;3;5;1;0;1;27;1;28;1;87;2;26;1;34;0;0;0;0;1;1;0;0;0;0;0;0;0;0;0;0;0;0;1;1;0;0;0;0;0;0;0;0;0;0;0;0;0;0;0;0;0;0;1;1;0;0
11.06.2024;12:53;A 21;1;13;73;5;94;1;83;1;4;1;24;2;29;2;38;3;12;0;0;1;42;1;0;1;70;1;5;2;12;0;0;0;0;0;0;0;0;0;0;0;0;1;1;0;0;0;0;0;0;0;0;0;0;0;0;0;0;0;0;0;0;1;1;0;0;0;0;0;0;0;0
11.06.2024;12:52;A 21;1;6;60;5;74;1;7;1;5;1;51;3;8;1;5;3;13;2;2;8;34;7;51;3;72;2;70;7;24;0;0;0;0;0;0;0;0;0;0;0;0;0;0;0;0;0;0;0;0;0;0;0;0;0;0;0;0;0;0;0;0;0;0;0;0;0;0;0;0;0;0
11.06.2024;12:51;A 21;1;15;64;6;93;1;32;0;33;1;77;1;75;1;3;3;44;2;3;7;63;6;63;2;15;2;85;2;80;0;0;0;0;0;0;0;0;0;0;1;1;0;0;0;0;0;0;0;0;0;0;0;0;0;0;0;0;0;0;1;1;0;0;0;0;0;0;0;0;0;0
11.06.2024;12:50;A 21;1;5;22;2;39;2;84;2;37;1;51;1;50;1;2;1;2;0;0;9;68;6;70;1;6;20;78;6;62;0;0;0;0;0;0;0;0;0;0;0;0;0;0;0;0;0;0;0;0;0;0;0;0;0;0;0;0;0;0;0;0;0;0;0;0;0;0;0;0;0;0
11.06.2024;12:49;A 21;1;10;12;6;32;3;64;2;19;1;49;1;39;1;55;2;9;1;0;6;68;6;60;1;3;16;70;2;48;0;0;0;0;0;0;0;0;0;0;0;0;0;0;0;0;0;0;0;0;0;0;0;0;0;0;0;0;0;0;0;0;0;0;0;0;0;0;0;0;0;0
11.06.2024;12:48;A 21;1;6;61;1;81;1;34;2;36;0;32;2;32;0;0;2;9;0;0;3;82;2;83;0;0;2;94;2;84;0;0;0;0;0;0;0;0;0;0;1;1;0;0;0;0;0;0;0;0;0;0;0;0;0;0;0;0;0;0;1;1;0;0;0;0;0;0;0;0;0;0
11.06.2024;12:47;A 21;1;8;10;4;77;2;19;1;4;2;1;2;5;2;6;2;9;0;0;3;2;2;1;0;0;1;8;1;10;0;0;0;0;0;0;0;0;0;0;0;0;0;0;0;0;0;0;0;0;0;0;0;0;0;0;0;0;0;0;0;0;0;0;0;0;0;0;0;0;0;0
11.06.2024;12:46;A 21;1;4;40;3;14;0;0;0;0;1;0;0;7;2;8;0;0;0;0;8;9;4;8;3;9;4;26;7;29;0;0;0;0;0;0;0;0;0;0;0;0;0;0;0;0;0;0;0;0;0;0;0;0;0;0;0;0;0;0;0;0;0;0;0;0;0;0;0;0;0;0
11.06.2024;12:45;A 21;1;5;57;1;42;0;0;0;0;0;0;4;23;0;0;1;23;0;0;2;3;2;48;0;0;1;55;2;4;0;0;0;0;0;0;0;0;0;0;0;0;0;0;0;0;0;0;0;0;0;0;0;0;0;0;0;0;0;0;0;0;0;0;0;0;0;0;0;0;0;0
11.06.2024;12:44;A 21;1;9;43;4;69;2;33;1;19;1;1;1;1;0;0;3;47;0;0;4;67;5;69;0;0;0;79;1;70;0;0;0;0;0;0;0;0;0;0;0;0;0;0;0;0;0;0;0;0;0;0;0;0;0;0;0;0;0;0;0;0;0;0;0;0;0;0;0;0;0;0
11.06.2024;12:43;A 21;1;6;64;4;71;1;28;1;9;1;27;2;25;2;9;1;1;0;0;11;37;7;53;1;2;5;67;8;71;0;0;0;0;0;0;0;0;0;0;0;0;0;0;0;0;0;0;0;0;0;0;0;0;0;0;0;0;0;0;0;0;0;0;0;0;0;0;0;0;0;0
11.06.2024;12:42;A 21;1;8;26;6;49;0;0;0;0;0;0;0;89;0;0;0;0;0;0;3;54;2;41;1;41;3;38;2;53;0;0;0;0;0;0;0;0;0;0;0;0;0;0;0;0;0;0;0;0;0;0;0;0;0;0;0;0;0;0;0;0;0;0;0;0;0;0;0;0;0;0
11.06.2024;12:41;A 21;1;7;29;3;26;2;78;2;13;0;0;2;10;0;0;4;9;1;0;4;64;4;20;2;50;0;29;1;78;0;0;0;0;0;0;0;0;0;0;0;0;0;0;0;0;0;0;0;0;0;0;0;0;0;0;0;0;0;0;0;0;0;0;0;0;0;0;0;0;0;0
11.06.2024;12:40;A 21;1;11;37;3;61;0;79;0;0;1;0;5;46;1;6;0;51;0;0;4;32;2;31;0;0;2;39;4;43;0;0;0;0;0;0;0;0;0;0;0;0;0;0;0;0;0;0;0;0;0;0;0;0;0;0;0;0;0;0;0;0;0;0;0;0;0;0;0;0;0;0
11.06.2024;12:39;A 21;1;10;71;2;96;2;78;1;7;0;0;1;52;0;0;1;38;0;0;2;82;2;84;0;0;1;93;2;21;0;0;0;0;0;0;0;0;0;0;0;0;0;0;0;0;0;0;0;0;0;0;0;0;0;0;0;0;0;0;0;0;0;0;0;0;0;0;0;0;0;0
11.06.2024;12:38;A 21;1;5;58;0;70;0;44;1;3;1;1;3;31;1;2;2;19;0;0;6;18;3;15;0;0;3;29;5;29;0;0;0;0;0;0;0;0;0;0;0;0;0;0;0;0;0;0;0;0;0;0;0;0;0;0;0;0;0;0;0;0;0;0;0;0;0;0;0;0;0;0
11.06.2024;12:37;A 21;1;4;2;4;13;1;4;1;4;0;0;2;70;1;7;4;9;1;1;6;40;5;39;3;15;4;16;4;53;0;0;0;0;1;1;0;0;0;0;1;1;0;0;0;0;0;0;0;0;0;0;0;0;0;0;0;0;0;0;1;1;0;0;0;0;0;0;0;0;0;0
11.06.2024;12:36;A 21;1;6;17;2;31;1;7;0;7;0;0;2;1;0;0;1;0;1;2;4;83;1;36;3;8;1;7;2;95;0;0;0;0;0;0;0;0;0;0;0;0;0;0;0;0;0;0;1;1;0;0;0;0;0;0;0;0;0;0;0;0;0;0;0;0;0;0;0;0;0;0
11.06.2024;12:35;A 21;1;12;21;5;43;1;95;2;35;1;26;1;57;1;6;1;4;1;0;8;46;2;1;6;22;2;4;4;72;1;1;0;0;0;0;0;0;0;0;0;0;0;0;0;0;0;0;0;0;0;0;0;0;0;0;0;0;0;0;0;0;1;1;0;0;0;0;0;0;0;0
11.06.2024;12:34;A 21;1;8;51;2;64;1;84;1;5;0;0;1;23;0;0;2;8;0;0;4;12;3;12;1;27;1;18;3;41;0;0;0;0;0;0;0;0;0;0;0;0;1;1;0;0;0;0;0;0;0;0;0;0;0;0;0;0;0;0;0;0;1;1;0;0;0;0;0;0;0;0
11.06.2024;12:33;A 21;1;3;43;1;58;2;78;0;83;1;46;4;3;1;37;2;5;1;1;5;36;6;31;1;14;1;49;3;44;0;0;0;0;0;0;0;0;0;0;0;0;0;0;0;0;0;0;0;0;0;0;0;0;0;0;0;0;0;0;0;0;0;0;0;0;0;0;0;0;0;0
11.06.2024;12:32;A 21;1;3;47;1;52;2;51;3;47;1;12;0;0;2;5;1;1;0;0;1;96;2;94;2;25;0;100;0;100;0;0;0;0;0;0;0;0;0;0;0;0;0;0;0;0;0;0;0;0;0;0;0;0;0;0;0;0;0;0;0;0;0;0;0;0;0;0;0;0;0;0
11.06.2024;12:31;A 21;1;5;9;5;25;2;50;1;55;1;56;3;2;1;5;3;5;1;0;3;75;2;72;2;5;48;72;3;64;0;0;0;0;0;0;0;0;0;0;0;0;0;0;0;0;0;0;0;0;0;0;0;0;0;0;0;0;0;0;0;0;1;1;0;0;0;0;0;0;0;0
11.06.2024;12:30;A 21;1;7;30;3;45;1;47;2;46;0;0;1;1;0;0;1;1;0;0;5;53;6;54;0;0;3;62;6;17;0;0;0;0;0;0;0;0;0;0;0;0;1;1;2;3;0;0;1;1;0;0;0;0;0;0;0;0;0;0;0;0;0;0;0;0;0;0;1;1;0;0
11.06.2024;12:29;A 21;1;11;67;2;97;0;18;0;0;1;0;3;3;1;1;1;5;4;3;3;54;1;23;3;14;1;15;2;50;0;0;0;0;0;0;0;0;0;0;0;0;0;0;0;0;0;0;0;0;0;0;0;0;0;0;0;0;0;0;0;0;0;0;0;0;0;0;0;0;0;0
11.06.2024;12:28;A 21;1;16;60;4;94;3;67;3;12;0;0;0;0;0;0;0;0;1;2;5;66;4;24;2;12;2;39;4;80;0;0;0;0;0;0;0;0;0;0;0;0;0;0;0;0;0;0;0;0;0;0;0;0;0;0;0;0;0;0;0;0;0;0;0;0;0;0;0;0;0;0
11.06.2024;12:27;A 21;1;2;50;1;57;1;2;2;5;1;0;0;0;0;0;0;0;1;0;7;63;2;56;1;4;1;64;5;84;0;0;0;0;0;0;0;0;0;0;0;0;1;1;0;0;0;0;0;0;0;0;0;0;0;0;0;0;0;0;0;0;2;3;0;0;0;0;0;0;0;0
11.06.2024;12:26;A 21;1;2;1;2;5;0;0;0;0;0;0;0;27;0;0;0;0;0;0;4;2;1;0;1;5;2;5;3;13;0;0;0;0;0;0;0;0;0;0;0;0;0;0;0;0;0;0;0;0;0;0;0;0;0;0;0;0;0;0;0;0;0;0;0;0;0;0;0;0;0;0
11.06.2024;12:25;A 21;1;2;3;2;10;0;0;0;0;2;23;2;18;1;28;3;10;0;0;1;0;1;0;0;0;1;3;1;2;1;1;0;0;0;0;0;0;0;0;0;0;0;0;0;0;0;0;0;0;0;0;0;0;0;0;0;0;0;0;0;0;0;0;0;0;0;0;0;0;0;0
11.06.2024;12:24;A 21;1;10;65;2;86;1;49;0;49;1;45;0;3;1;35;0;0;0;0;4;78;4;79;0;0;0;91;1;93;0;0;0;0;0;0;0;0;0;0;0;0;0;0;0;0;0;0;0;0;0;0;0;0;0;0;0;0;0;0;0;0;0;0;0;0;0;0;0;0;0;0
11.06.2024;12:23;A 21;1;8;44;1;66;3;67;2;33;0;0;2;72;0;0;1;5;2;2;5;82;4;80;3;16;3;55;1;99;0;0;0;0;0;0;0;0;0;0;0;0;0;0;0;0;1;1;0;0;0;0;0;0;0;0;0;0;0;0;0;0;0;0;0;0;0;0;0;0;0;0
11.06.2024;12:22;A 21;1;8;18;6;35;1;81;2;78;1;0;1;0;1;4;1;2;1;0;7;40;7;37;0;2;1;64;3;28;0;0;0;0;0;0;1;1;0;0;0;0;0;0;0;0;0;0;0;0;0;0;0;0;0;0;1;1;0;0;0;0;0;0;0;0;0;0;0;0;0;0
11.06.2024;12:21;A 21;1;10;52;5;71;2;66;1;6;2;67;2;1;2;13;3;6;0;0;7;65;7;41;3;13;0;100;6;60;0;0;0;0;0;0;0;0;0;0;0;0;0;0;0;0;0;0;0;0;0;0;0;0;0;0;0;0;0;0;0;0;0;0;0;0;0;0;0;0;0;0
11.06.2024;12:20;A 21;1;8;36;7;26;0;100;0;25;1;6;1;1;0;0;2;3;1;0;2;68;1;57;1;4;1;64;1;83;0;0;0;0;0;0;0;0;0;0;0;0;0;0;0;0;1;1;0;0;0;0;0;0;0;0;0;0;0;0;0;0;0;0;0;0;0;0;0;0;0;0
11.06.2024;12:19;A 21;1;2;57;2;7;1;6;2;8;1;0;1;1;0;0;1;4;0;0;4;7;3;2;0;0;1;8;2;22;1;1;0;0;0;0;0;0;0;0;0;0;0;0;0;0;1;1;0;0;0;0;0;0;0;0;0;0;0;0;0;0;0;0;0;0;1;2;0;0;0;0
11.06.2024;12:18;A 21;1;12;52;2;75;3;40;2;11;0;8;2;1;0;0;1;0;0;0;3;86;4;88;0;0;1;99;2;92;0;0;0;0;0;0;0;0;0;0;0;0;0;0;0;0;0;0;0;0;0;0;0;0;0;0;0;0;0;0;0;0;0;0;0;0;0;0;0;0;0;0
11.06.2024;12:17;A 21;1;1;54;1;3;0;0;0;0;2;2;4;3;1;5;4;11;0;0;9;58;8;56;0;0;4;47;3;43;0;0;0;0;0;0;0;0;0;0;0;0;0;0;0;0;0;0;0;0;0;0;0;0;0;0;0;0;0;0;0;0;0;0;0;0;0;0;0;0;0;0
11.06.2024;12:16;A 21;1;9;56;5;64;0;0;0;0;1;1;1;0;1;3;1;1;1;0;6;3;2;2;2;3;2;13;4;22;0;0;0;0;0;0;0;0;0;0;0;0;0;0;0;0;0;0;0;0;0;0;0;0;0;0;0;0;0;0;0;0;0;0;0;0;0;0;0;0;0;0
11.06.2024;12:15;A 21;1;8;43;5;60;0;0;0;0;0;0;0;0;0;0;0;0;0;0;4;29;3;17;0;0;3;28;5;29;0;0;0;0;0;0;1;1;0;0;0;0;0;0;1;1;0;0;0;0;0;0;0;0;0;0;0;0;0;0;0;0;0;0;0;0;0;0;0;0;0;0
11.06.2024;12:14;A 21;1;9;21;3;47;0;0;0;0;1;49;2;49;1;7;2;19;0;0;2;27;2;25;2;2;2;15;1;24;0;0;0;0;0;0;0;0;0;0;0;0;0;0;0;0;0;0;0;0;0;0;0;0;0;0;0;0;0;0;0;0;0;0;0;0;0;0;0;0;0;0
11.06.2024;12:13;A 21;1;1;49;2;52;1;29;1;5;1;55;1;47;2;49;2;8;0;0;2;74;2;91;0;36;1;41;1;44;0;0;0;0;0;0;0;0;0;0;0;0;0;0;0;0;0;0;0;0;0;0;0;0;0;0;0;0;0;0;0;0;0;0;0;0;0;0;0;0;0;0
11.06.2024;12:12;A 21;1;8;27;5;47;0;98;0;0;1;5;1;1;1;6;2;6;1;2;4;69;3;79;2;39;3;29;3;34;0;0;0;0;0;0;0;0;1;1;0;0;0;0;0;0;0;0;0;0;0;0;0;0;0;0;0;0;0;0;0;0;0;0;0;0;0;0;0;0;0;0
11.06.2024;12:11;A 21;1;6;64;6;71;2;78;2;10;2;2;3;1;3;14;3;6;0;0;3;54;3;56;0;100;1;72;3;22;0;0;0;0;0;0;0;0;0;0;0;0;0;0;0;0;1;1;0;0;0;0;0;0;0;0;0;0;0;0;0;0;0;0;0;0;0;0;0;0;0;0
11.06.2024;12:10;A 21;1;4;4;2;15;2;32;2;11;0;0;1;0;0;0;0;0;0;0;3;33;3;33;0;100;2;27;2;46;0;0;0;0;0;0;0;0;0;0;0;0;0;0;0;0;0;0;0;0;0;0;0;0;0;0;0;0;0;0;0;0;0;0;0;0;0;0;0;0;0;0
11.06.2024;12:09;A 21;1;10;38;7;51;1;2;1;3;0;0;0;0;0;0;0;0;0;0;4;62;3;14;0;100;3;31;3;34;0;0;0;0;0;0;0;0;0;0;0;0;0;0;1;1;0;0;0;0;0;0;0;0;0;0;0;0;0;0;0;0;0;0;0;0;0;0;0;0;0;0
11.06.2024;12:08;A 21;1;7;25;4;51;1;1;1;4;1;45;1;4;1;4;1;2;0;0;5;38;4;22;0;100;5;40;2;21;0;0;0;0;0;0;0;0;0;0;0;0;0;0;0;0;0;0;0;0;0;0;0;0;0;0;0;0;0;0;0;0;0;0;0;0;0;0;0;0;0;0
11.06.2024;12:07;A 21;1;7;48;3;69;1;0;0;0;0;0;2;42;1;1;2;6;1;0;5;7;3;2;0;100;4;11;1;21;0;0;0;0;0;0;0;0;0;0;0;0;0;0;0;0;0;0;0;0;0;0;0;0;0;0;0;0;0;0;0;0;0;0;0;0;0;0;0;0;0;0
11.06.2024;12:06;A 21;1;5;54;6;61;0;0;0;0;2;7;1;0;2;6;2;3;0;0;9;75;9;76;1;1;1;99;2;94;0;0;0;0;0;0;0;0;0;0;0;0;0;0;0;0;0;0;0;0;0;0;0;0;0;0;1;1;0;0;0;0;0;0;0;0;0;0;0;0;0;0
11.06.2024;12:05;A 21;1;7;40;6;41;1;0;0;0;1;40;0;36;1;3;0;0;0;0;4;68;6;76;0;0;2;97;3;71;0;0;0;0;0;0;0;0;0;0;1;1;1;1;0;0;0;0;0;0;0;0;0;0;0;0;0;0;0;0;0;0;0;0;0;0;0;0;0;0;0;0
11.06.2024;12:04;A 21;1;6;28;2;57;0;0;0;0;3;31;3;30;1;57;2;30;0;0;2;84;3;83;0;0;1;94;1;89;0;0;0;0;0;0;0;0;0;0;0;0;0;0;0;0;0;0;0;0;0;0;0;0;0;0;0;0;0;0;0;0;0;0;0;0;0;0;0;0;0;0
11.06.2024;12:03;A 21;1;14;34;10;61;2;0;0;0;2;86;2;73;0;100;3;48;0;0;3;3;2;78;1;48;0;83;2;35;0;0;0;0;0;0;0;0;1;1;0;0;0;0;0;0;0;0;0;0;0;0;0;0;0;0;0;0;1;1;0;0;0;0;0;0;0;0;0;0;0;0
11.06.2024;12:02;A 21;1;4;49;4;53;0;0;0;0;0;0;2;2;1;33;1;2;0;0;5;39;2;38;1;40;1;83;5;95;0;0;0;0;0;0;0;0;0;0;0;0;0;0;0;0;0;0;0;0;0;0;0;0;0;0;0;0;0;0;0;0;0;0;0;0;0;0;0;0;0;0
11.06.2024;12:01;A 21;1;7;25;3;38;2;13;0;18;0;0;1;71;0;0;2;8;2;1;12;54;10;47;1;3;3;67;6;66;0;0;0;0;0;0;0;0;0;0;0;0;0;0;0;0;0;0;0;0;0;0;0;0;0;0;0;0;0;0;0;0;0;0;0;0;0;0;0;0;0;0
11.06.2024;12:00;A 21;1;6;49;4;59;1;94;2;36;1;44;1;38;1;9;4;12;0;0;4;24;0;19;1;4;1;3;2;38;0;0;0;0;0;0;0;0;0;0;0;0;0;0;0;0;0;0;0;0;0;0;0;0;0;0;0;0;0;0;0;0;0;0;0;0;0;0;0;0;0;0
11.06.2024;11:59;A 21;1;7;74;1;90;1;2;0;0;0;48;0;0;0;0;0;0;1;0;3;70;4;45;2;9;2;31;4;74;0;0;0;0;0;0;0;0;0;0;0;0;0;0;0;0;0;0;0;0;0;0;0;0;0;0;0;0;0;0;0;0;0;0;0;0;0;0;0;0;0;0
11.06.2024;11:58;A 21;1;6;61;2;78;1;3;1;8;1;26;2;31;1;5;3;22;1;0;1;10;0;0;1;2;1;2;1;19;0;0;0;0;0;0;0;0;0;0;0;0;0;0;0;0;0;0;0;0;0;0;0;0;0;0;0;0;0;0;0;0;0;0;0;0;0;0;0;0;0;0
11.06.2024;11:57;A 21;1;6;41;4;44;0;0;0;0;0;0;3;17;0;0;3;13;0;0;4;63;5;3;0;0;3;17;2;8;0;0;0;0;0;0;0;0;0;0;0;0;0;0;0;0;0;0;0;0;0;0;0;0;0;0;0;0;0;0;0;0;0;0;0;0;0;0;0;0;0;0
11.06.2024;11:56;A 21;1;7;19;3;52;0;0;0;0;0;0;0;0;0;0;0;0;2;0;7;43;4;22;3;2;1;32;5;38;0;0;0;0;0;0;1;1;0;0;0;0;1;1;0;0;0;0;0;0;0;0;0;0;0;0;0;0;0;0;0;0;0;0;0;0;0;0;0;0;0;0
11.06.2024;11:55;A 21;1;3;24;3;29;0;0;0;0;1;22;0;0;2;8;1;0;1;1;6;57;2;37;2;8;3;44;6;65;0;0;0;0;0;0;0;0;0;0;0;0;0;0;0;0;0;0;0;0;0;0;0;0;0;0;0;0;0;0;0;0;0;0;0;0;0;0;0;0;0;0
11.06.2024;11:54;A 21;1;9;25;7;36;0;0;0;0;1;66;1;47;2;9;2;20;1;0;4;5;3;23;0;0;3;33;2;7;0;0;0;0;0;0;0;0;0;0;0;0;0;0;0;0;0;0;0;0;0;0;0;0;0;0;0;0;0;0;0;0;0;0;0;0;0;0;0;0;0;0
11.06.2024;11:53;A 21;1;4;20;4;17;1;0;0;0;1;41;1;31;0;72;1;3;3;1;4;6;2;1;2;65;2;8;3;13;0;0;0;0;3;5;0;0;0;0;0;0;1;1;0;0;0;0;0;0;0;0;0;0;0;0;0;0;0;0;0;0;1;2;0;0;0;0;0;0;0;0
11.06.2024;11:52;A 21;1;5;54;1;68;0;0;0;0;1;0;2;2;1;4;2;6;3;1;3;81;3;76;3;35;1;88;1;92;0;0;0;0;0;0;0;0;0;0;0;0;1;1;0;0;0;0;0;0;0;0;0;0;0;0;0;0;0;0;0;0;2;3;0;0;0;0;0;0;0;0
11.06.2024;11:51;A 21;1;3;56;3;54;0;0;0;0;0;0;1;0;0;0;0;0;2;3;7;61;3;48;6;15;1;62;4;32;0;0;0;0;3;5;0;0;0;0;0;0;0;0;0;0;1;1;0;0;0;0;0;0;0;0;0;0;0;0;0;0;0;0;0;0;0;0;0;0;0;0
11.06.2024;11:50;A 21;1;6;65;4;78;1;66;1;57;0;19;0;13;0;0;0;0;1;1;2;88;3;87;1;5;1;98;3;69;0;0;0;0;1;1;0;0;0;0;0;0;0;0;0;0;0;0;0;0;0;0;0;0;0;0;0;0;0;0;0;0;1;1;0;0;0;0;0;0;0;0
11.06.2024;11:49;A 21;1;5;52;4;14;2;69;1;55;1;7;3;34;1;5;2;8;1;0;7;80;7;82;1;3;0;99;1;97;0;0;0;0;0;0;0;0;0;0;0;0;0;0;0;0;0;0;0;0;0;0;0;0;0;0;0;0;0;0;0;0;0;0;0;0;0;0;0;0;0;0
11.06.2024;11:48;A 21;1;6;31;6;41;1;93;0;100;0;0;1;64;0;0;2;15;0;0;4;21;3;18;0;0;1;46;2;41;0;0;0;0;0;0;0;0;0;0;0;0;0;0;0;0;1;3;0;0;0;0;0;0;0;0;0;0;0;0;0;0;0;0;0;0;0;0;0;0;0;0
11.06.2024;11:47;A 21;1;9;45;1;54;1;89;1;99;1;62;2;56;1;3;4;9;0;0;2;18;3;15;1;3;2;27;3;7;1;1;0;0;0;0;0;0;0;0;0;0;0;0;0;0;0;0;0;0;0;0;0;0;0;0;0;0;0;0;0;0;0;0;0;0;0;0;0;0;0;0
11.06.2024;11:46;A 21;1;10;54;8;79;0;0;0;0;1;34;0;69;1;4;0;0;1;0;9;52;4;30;1;4;1;45;2;53;0;0;0;0;0;0;0;0;0;0;0;0;1;1;0;0;0;0;0;0;0;0;0;0;0;0;0;0;0;0;0;0;0;0;0;0;0;0;0;0;0;0
11.06.2024;11:45;A 21;1;6;56;6;63;1;42;1;8;1;16;2;39;1;4;3;12;1;0;5;56;4;50;1;4;1;68;3;44;0;0;0;0;0;0;0;0;0;0;0;0;0;0;0;0;0;0;0;0;0;0;0;0;0;0;0;0;0;0;0;0;1;1;0;0;0;0;0;0;0;0
11.06.2024;11:44;A 21;1;6;62;5;75;2;87;1;32;0;0;0;0;0;0;0;0;0;0;4;21;2;3;0;0;2;10;2;39;0;0;0;0;0;0;1;1;0;0;0;0;0;0;0;0;0;0;0;0;0;0;0;0;0;0;1;4;0;0;0;0;0;0;0;0;0;0;0;0;0;0
11.06.2024;11:43;A 21;1;7;46;2;69;0;0;1;7;1;22;1;1;1;1;1;3;1;1;4;75;4;77;2;11;1;95;3;87;0;0;0;0;0;0;0;0;0;0;0;0;0;0;0;0;0;0;0;0;0;0;0;0;0;0;0;0;0;0;0;0;0;0;0;0;0;0;0;0;0;0
11.06.2024;11:42;A 21;1;7;59;3;54;1;1;1;3;2;42;1;3;2;15;2;1;0;0;7;80;6;7;3;9;2;29;2;96;0;0;0;0;0;0;0;0;0;0;0;0;0;0;0;0;0;0;0;0;0;0;0;0;0;0;0;0;0;0;0;0;0;0;0;0;0;0;0;0;0;0
11.06.2024;11:41;A 21;1;5;10;3;25;1;40;1;5;1;89;1;53;2;68;2;6;1;0;10;59;6;4;0;0;4;25;7;90;0;0;0;0;0;0;0;0;0;0;0;0;0;0;0;0;0;0;0;0;0;0;0;0;0;0;0;0;0;0;0;0;0;0;0;0;0;0;0;0;0;0
11.06.2024;11:40;A 21;1;3;24;2;48;1;66;1;6;0;0;0;0;0;0;0;0;0;0;3;16;5;7;0;0;4;26;5;8;0;0;0;0;0;0;0;0;0;0;0;0;0;0;0;0;0;0;0;0;0;0;0;0;0;0;0;0;0;0;0;0;0;0;0;0;0;0;0;0;0;0
11.06.2024;11:39;A 21;1;9;51;7;74;0;0;0;0;0;0;3;59;0;0;3;64;1;0;9;22;8;13;2;0;0;35;2;11;0;0;0;0;0;0;0;0;0;0;0;0;0;0;0;0;0;0;0;0;0;0;0;0;0;0;0;0;0;0;0;0;0;0;0;0;0;0;0;0;0;0
11.06.2024;11:38;A 21;1;3;3;2;14;0;0;0;0;0;0;0;0;0;0;0;0;0;0;3;24;2;61;1;4;2;48;3;30;0;0;0;0;3;5;0;0;0;0;0;0;0;0;0;0;0;0;0;1;0;0;0;0;0;0;0;0;0;0;0;0;0;0;0;0;0;0;1;1;0;0
11.06.2024;11:37;A 21;1;3;28;1;39;1;9;1;4;0;0;1;45;1;1;1;2;0;0;1;75;1;75;2;8;1;81;2;5;0;0;0;0;1;1;0;0;1;1;0;0;0;0;0;0;0;0;1;0;0;0;0;0;0;0;0;0;1;1;0;0;0;0;0;0;0;0;0;0;0;0
11.06.2024;11:36;A 21;1;11;61;3;86;1;52;0;0;0;0;1;40;1;1;1;5;0;0;2;49;1;1;1;4;1;7;2;12;0;0;0;0;0;0;0;0;0;0;0;0;0;0;0;0;0;0;0;0;0;0;0;0;0;0;1;1;0;0;0;0;0;0;0;0;0;0;0;0;0;0
11.06.2024;11:35;A 21;1;10;56;2;83;1;39;1;4;1;5;4;65;0;4;1;16;0;0;8;39;4;16;1;33;2;35;5;64;0;0;0;0;0;0;0;0;0;0;0;0;0;0;0;0;3;5;0;0;0;0;0;0;0;0;0;0;0;0;0;0;0;0;0;0;0;0;0;0;0;0
11.06.2024;11:34;A 21;1;3;24;3;21;0;0;0;0;1;19;1;22;1;21;1;27;0;0;8;21;5;22;1;4;2;39;2;23;0;0;0;0;0;0;0;0;0;0;0;0;0;0;0;0;0;0;0;0;0;0;0;0;0;0;0;0;0;0;0;0;0;0;0;0;0;0;0;0;0;0
11.06.2024;11:33;A 21;1;6;13;6;22;0;16;0;0;0;0;2;23;0;0;2;31;1;0;3;49;5;36;2;15;1;53;1;56;0;0;0;0;0;0;0;0;0;0;0;0;0;0;0;0;0;0;0;0;0;0;0;0;0;0;0;0;0;0;0;0;0;0;0;0;0;0;0;0;0;0
11.06.2024;11:32;A 21;1;9;13;3;35;1;9;1;6;1;1;0;0;1;4;0;0;1;0;5;13;1;3;3;9;1;11;3;26;0;0;0;0;0;0;0;0;0;0;0;0;0;0;0;0;0;0;0;0;0;0;0;0;0;0;0;0;0;0;0;0;0;0;0;0;0;0;0;0;0;0
11.06.2024;11:31;A 21;1;7;12;6;27;1;1;1;4;0;0;0;0;0;0;0;0;1;0;6;3;2;1;2;13;2;7;5;23;0;0;0;0;0;0;0;0;0;0;0;0;0;0;0;0;0;0;0;0;0;0;0;0;0;0;0;0;0;0;0;0;0;0;0;0;0;0;0;0;0;0
11.06.2024;11:30;A 21;1;5;8;2;56;1;0;0;0;0;38;2;41;0;0;2;5;0;0;2;1;1;0;1;5;0;3;2;6;0;0;0;0;0;0;0;0;0;0;0;0;0;0;0;0;0;0;0;0;0;0;0;0;0;0;0;0;0;0;0;0;1;1;0;0;0;0;0;0;0;0
11.06.2024;11:29;A 21;1;5;60;1;60;1;50;1;3;1;52;1;43;1;5;2;10;1;2;3;84;2;37;1;79;3;18;1;92;0;0;0;0;0;0;0;0;0;0;0;0;1;1;0;0;0;0;0;0;0;0;0;0;0;0;0;0;0;0;0;0;1;1;0;0;0;0;0;0;0;0
11.06.2024;11:28;A 21;1;7;41;7;35;1;8;1;6;1;73;1;1;1;6;1;4;0;0;4;57;3;54;0;0;2;62;2;63;0;0;0;0;0;0;0;0;0;0;0;0;0;0;0;0;0;0;0;0;0;0;0;0;0;0;0;0;0;0;0;0;0;0;0;0;0;0;0;0;0;0
11.06.2024;11:27;A 21;1;4;50;3;32;1;27;0;30;0;0;2;42;0;0;4;28;0;0;1;34;1;27;4;12;1;34;2;37;0;0;0;0;0;0;0;0;0;0;0;0;0;0;0;0;0;0;0;0;0;0;0;0;0;0;0;0;0;0;0;0;0;0;0;0;0;0;0;0;0;0
11.06.2024;11:26;A 21;1;7;17;0;31;1;78;2;21;2;70;4;2;1;4;2;6;0;0;4;3;1;0;2;6;1;3;4;16;0;0;0;0;0;0;0;0;0;0;0;0;0;0;0;0;0;0;0;0;0;0;0;0;0;0;0;0;0;0;0;0;0;0;0;0;0;0;0;0;0;0
11.06.2024;11:25;A 21;1;8;49;1;72;0;0;0;0;1;37;2;1;1;3;1;2;0;0;1;3;0;24;0;0;0;0;1;8;0;0;0;0;0;0;0;0;0;0;0;0;0;0;0;0;0;0;0;0;0;0;0;0;0;0;0;0;0;0;0;0;0;0;0;0;0;0;0;0;0;0
11.06.2024;11:24;A 21;1;5;57;5;70;1;61;1;66;0;0;0;0;0;0;0;0;0;0;5;5;4;10;1;5;3;17;4;14;0;0;0;0;0;0;0;0;0;0;0;0;0;0;0;0;0;0;0;0;0;0;0;0;0;0;0;0;0;0;0;0;0;0;0;0;0;0;0;0;0;0
11.06.2024;11:23;A 21;1;3;5;3;12;0;0;0;0;1;6;1;3;0;0;0;0;1;0;7;7;6;5;0;0;3;21;4;39;0;0;1;1;0;0;0;0;0;0;0;0;0;0;0;0;0;0;0;0;0;0;1;1;0;0;0;0;0;0;0;0;0;0;0;0;0;0;0;0;0;0
11.06.2024;11:22;A 21;1;5;52;3;28;0;57;0;0;1;2;4;16;1;2;3;9;0;0;4;69;3;72;1;10;3;40;4;20;0;0;0;0;0;0;0;0;0;0;0;0;0;0;0;0;0;0;0;0;0;0;0;0;0;0;0;0;0;0;0;0;0;0;0;0;0;0;0;0;0;0
11.06.2024;11:21;A 21;1;9;57;5;48;2;74;2;18;2;8;1;3;0;13;1;4;1;1;4;54;5;81;0;0;1;93;2;11;0;0;0;0;0;0;0;0;0;0;0;0;0;0;0;0;0;0;0;0;0;0;0;0;0;0;0;0;0;0;0;0;0;0;0;0;0;0;0;0;0;0
11.06.2024;11:20;A 21;1;9;35;2;59;4;30;2;11;1;60;1;60;2;10;2;3;1;0;5;9;3;11;1;1;3;27;3;21;0;0;0;0;0;0;0;0;0;0;0;0;0;0;0;0;0;0;0;0;0;0;0;0;0;0;0;0;0;0;0;0;0;0;0;0;0;0;0;0;0;0
11.06.2024;11:19;A 21;1;9;29;3;52;1;13;0;0;1;80;1;61;0;0;1;5;0;0;3;43;1;38;0;0;0;40;2;22;0;0;0;0;0;0;0;0;0;0;0;0;0;0;0;0;0;0;0;0;0;0;0;0;0;0;0;0;0;0;0;0;0;0;0;0;0;0;0;0;0;0
11.06.2024;11:18;A 21;1;15;51;4;85;2;36;1;9;0;0;0;0;0;0;0;0;2;23;5;68;5;6;2;8;2;45;3;61;0;0;0;0;0;0;0;0;0;0;0;0;0;0;0;0;0;0;0;0;0;0;0;0;0;0;0;0;0;0;0;0;0;0;0;0;0;0;0;0;0;0
11.06.2024;11:17;A 21;1;10;76;0;100;2;80;2;45;0;0;1;6;0;0;1;7;2;25;8;62;7;8;3;20;2;45;4;65;1;1;0;0;0;0;0;0;0;0;0;0;0;0;0;0;0;0;0;0;0;0;0;0;0;0;0;0;0;0;0;0;0;0;0;0;0;0;0;0;0;0
11.06.2024;11:16;A 21;1;1;65;2;62;0;0;0;0;0;0;0;0;0;0;1;2;0;0;0;98;0;97;1;57;1;86;1;88;0;0;0;0;0;0;0;0;0;0;0;0;0;0;0;0;0;0;0;0;0;0;0;0;0;0;0;0;0;0;0;0;0;0;0;0;0;0;0;0;0;0
11.06.2024;11:15;A 21;1;6;64;5;42;2;58;2;44;0;0;3;24;0;0;0;25;1;0;3;19;3;21;1;3;1;34;3;14;0;0;0;0;0;0;0;0;0;0;0;0;0;0;0;0;0;0;0;0;0;0;0;0;0;0;0;0;0;0;0;0;0;0;0;0;0;0;0;0;0;0
11.06.2024;11:14;A 21;1;6;49;3;56;1;84;1;41;1;0;1;32;1;1;3;40;1;0;4;5;3;7;1;4;1;21;3;21;0;0;0;0;0;0;0;0;0;0;0;0;0;0;0;0;0;0;0;0;0;0;0;0;0;0;0;0;0;0;0;0;0;0;0;0;0;0;0;0;0;0
11.06.2024;11:13;A 21;1;6;35;3;43;2;48;2;56;1;3;1;0;1;6;1;4;0;0;8;40;5;20;0;0;2;40;1;54;0;0;0;0;0;0;0;0;0;0;0;0;0;0;0;0;0;0;0;0;0;0;0;0;0;0;0;0;0;0;0;0;1;1;0;0;0;0;0;0;0;0
11.06.2024;11:12;A 21;1;5;36;6;48;1;1;1;9;0;0;1;34;0;0;1;6;0;0;3;17;3;19;0;0;1;14;3;8;0;0;0;0;0;0;0;0;0;0;0;0;0;0;0;0;0;0;0;0;0;0;0;0;0;0;0;0;0;0;0;0;0;0;0;0;0;0;0;0;0;0
11.06.2024;11:11;A 21;1;9;11;2;30;0;0;0;0;1;1;3;32;1;3;3;13;1;1;5;39;6;20;2;8;2;48;1;39;0;0;0;0;0;0;0;0;0;0;0;0;0;0;0;0;0;0;0;0;0;0;0;0;0;0;0;0;0;0;0;0;0;0;0;0;0;0;0;0;0;0
11.06.2024;11:10;A 21;1;1;42;1;50;3;83;2;82;0;0;1;0;0;0;1;0;1;0;5;88;4;20;1;3;1;35;2;70;0;0;0;0;0;0;0;0;1;1;0;0;0;0;0;0;0;0;0;0;0;0;0;0;0;0;0;0;1;1;0;0;0;0;0;0;0;0;0;0;0;0
11.06.2024;11:09;A 21;1;5;42;2;57;1;33;1;6;2;27;1;36;1;9;1;2;2;4;4;1;3;2;4;20;2;10;3;15;0;0;0;0;0;0;0;0;0;0;0;0;0;0;0;0;1;1;0;0;0;0;1;1;0;0;0;0;0;0;1;1;0;0;0;0;0;0;0;0;0;0
11.06.2024;11:08;A 21;1;5;3;3;14;1;2;1;5;2;25;3;43;2;30;2;40;2;2;2;47;1;0;2;15;1;4;2;12;0;0;0;0;0;0;0;0;0;0;0;0;0;0;0;0;0;0;0;0;0;0;0;0;0;0;0;0;0;0;0;0;0;0;0;0;0;0;0;0;0;0
11.06.2024;11:07;A 21;1;8;51;7;66;2;14;1;6;1;38;2;34;1;42;3;40;0;0;6;5;4;10;0;0;3;36;4;14;0;0;0;0;0;0;0;0;0;0;0;0;0;0;0;0;0;0;0;0;0;0;0;0;0;0;0;0;0;0;0;0;0;0;0;0;0;0;0;0;0;0
11.06.2024;11:06;A 21;1;12;54;5;81;1;0;0;0;0;0;1;68;0;0;1;6;0;0;2;51;0;0;0;0;0;0;1;35;0;0;0;0;0;0;0;0;0;0;0;0;0;0;0;0;0;0;0;0;0;0;0;0;0;0;0;0;0;0;0;0;0;0;0;0;0;0;0;0;0;0
11.06.2024;11:05;A 21;1;5;27;1;39;1;1;2;3;0;0;1;12;2;2;1;6;1;1;5;45;1;40;1;4;1;6;3;52;0;0;0;0;0;0;0;0;0;0;0;0;0;0;0;0;0;0;0;0;0;0;0;0;0;0;0;0;0;0;0;0;0;0;0;0;0;0;0;0;0;0
11.06.2024;11:04;A 21;1;9;14;3;36;1;0;1;5;0;0;0;0;0;0;0;0;0;0;6;58;7;15;1;6;1;53;4;34;0;0;0;0;0;0;0;0;0;0;0;0;0;0;0;0;0;0;0;0;0;0;0;0;0;0;0;0;0;0;0;0;0;0;0;0;0;0;0;0;0;0
11.06.2024;11:03;A 21;1;1;49;1;54;0;98;0;0;1;52;2;56;1;3;1;7;0;0;6;70;8;32;1;5;2;58;5;31;0;0;1;1;0;0;1;1;0;0;0;0;0;0;0;0;0;0;0;0;0;0;2;3;0;0;0;0;0;0;0;0;0;0;0;0;0;0;0;0;0;0
11.06.2024;11:02;A 21;1;7;59;2;79;1;75;1;5;0;24;1;34;1;2;1;4;2;6;3;91;2;92;3;12;0;100;2;99;0;0;0;0;0;0;0;0;0;0;0;0;0;0;0;0;0;0;0;0;0;0;0;0;0;0;0;0;0;0;0;0;0;0;0;0;0;0;0;0;0;0
11.06.2024;11:01;A 21;1;3;48;2;47;1;57;1;5;1;44;0;11;1;2;1;1;0;0;2;30;3;29;0;0;2;45;2;19;0;0;0;0;0;0;0;0;0;0;0;0;0;0;0;0;0;0;0;0;0;0;1;1;0;0;0;0;0;0;0;0;0;0;0;0;0;0;0;0;0;0
11.06.2024;11:00;A 21;1;5;11;4;20;1;38;1;5;0;0;1;41;0;0;1;5;2;0;3;59;2;54;2;6;0;60;0;65;0;0;0;0;1;1;0;0;0;0;0;0;0;0;0;0;0;0;0;0;0;0;0;0;0;0;0;0;0;0;0;0;0;0;0;0;0;0;0;0;0;0
11.06.2024;10:59;A 21;1;10;46;3;66;1;4;1;10;0;0;0;0;0;0;0;0;0;0;4;82;8;79;1;6;0;100;1;98;0;0;0;0;0;0;0;0;0;0;0;0;0;0;0;0;0;0;0;0;0;0;0;0;0;0;0;0;1;1;0;0;0;0;0;0;0;0;0;0;0;0
11.06.2024;10:58;A 21;1;10;21;5;47;1;1;0;0;0;0;1;0;0;0;0;0;1;0;9;51;5;58;1;5;3;73;5;68;0;0;0;0;0;0;0;0;0;0;0;0;0;0;0;0;0;0;0;0;0;0;0;0;0;0;0;0;0;0;0;0;0;0;0;0;0;0;0;0;0;0
11.06.2024;10:57;A 21;1;5;46;4;61;0;0;0;0;1;58;0;0;0;0;0;0;2;0;5;12;3;31;2;12;2;39;5;38;0;0;0;0;0;0;0;0;0;0;0;0;0;0;0;0;0;0;0;0;0;0;0;0;0;0;0;0;0;0;0;0;0;0;0;0;0;0;0;0;0;0
11.06.2024;10:56;A 21;1;5;4;5;15;1;18;1;5;4;54;1;58;3;58;3;56;1;0;1;2;1;33;3;11;1;7;2;3;0;0;0;0;0;0;0;0;0;0;0;0;0;0;0;0;0;0;0;0;0;0;0;0;0;0;0;0;0;0;0;0;0;0;0;0;0;0;0;0;0;0
11.06.2024;10:55;A 21;1;6;19;2;46;1;0;1;1;3;31;3;61;2;36;4;40;0;0;3;82;2;3;0;0;2;15;2;60;0;0;0;0;0;0;0;0;0;0;0;0;0;0;0;0;0;0;1;1;0;0;0;0;0;0;0;0;0;0;0;0;0;0;0;0;0;0;0;0;0;0
11.06.2024;10:54;A 21;1;8;55;5;34;0;0;0;0;1;22;1;70;1;29;1;75;0;0;1;97;0;96;1;4;8;68;2;41;0;0;0;0;0;0;0;0;0;0;0;0;0;0;0;0;0;0;0;0;0;0;0;0;0;0;0;0;0;0;0;0;0;0;0;0;0;0;0;0;0;0
11.06.2024;10:53;A 21;1;7;84;1;81;1;0;0;0;0;0;0;2;0;42;1;1;0;0;6;68;4;65;0;0;2;74;3;75;0;0;0;0;0;0;0;0;0;0;0;0;0;0;0;0;0;0;0;0;0;0;0;0;0;0;0;0;0;0;0;0;0;0;0;0;0;0;0;0;0;0
11.06.2024;10:52;A 21;1;8;42;5;36;0;0;0;0;0;0;2;78;0;100;1;4;2;28;5;66;8;58;3;14;3;82;0;100;0;0;0;0;0;0;0;0;0;0;0;0;0;0;0;0;0;0;0;0;0;0;0;0;0;0;0;0;0;0;0;0;1;1;0;0;0;0;0;0;0;0
11.06.2024;10:51;A 21;1;7;37;13;39;1;13;2;3;2;64;1;1;0;100;2;5;0;0;6;47;4;33;1;4;2;19;1;84;0;0;0;0;0;0;1;1;0;0;0;0;0;0;0;0;0;0;0;0;0;0;0;0;0;0;1;2;0;0;0;0;0;0;0;0;0;0;0;0;0;0
11.06.2024;10:50;A 21;1;4;19;5;18;1;26;1;4;2;73;1;0;0;100;1;2;0;0;7;86;6;38;1;37;0;56;0;100;0;0;0;0;0;0;0;0;0;0;0;0;0;0;0;0;0;0;0;0;0;0;0;0;0;0;0;0;0;0;0;0;0;0;0;0;0;0;0;0;0;0
11.06.2024;10:49;A 21;1;5;27;2;34;1;38;1;7;3;41;1;0;0;100;3;6;0;0;1;75;1;76;1;46;1;80;2;71;0;0;0;0;0;0;0;0;0;0;0;0;0;0;0;0;0;0;1;1;0;0;0;0;0;0;0;0;0;0;0;0;0;0;0;0;0;0;3;6;0;0
11.06.2024;10:48;A 21;1;4;34;1;48;0;81;0;0;1;18;0;0;2;38;1;1;0;0;4;12;3;13;1;4;2;23;4;10;0;0;0;0;0;0;0;0;0;0;0;0;0;0;0;0;0;0;0;0;0;0;0;0;0;0;0;0;0;0;0;0;0;0;0;0;0;0;0;0;0;0
11.06.2024;10:47;A 21;1;7;65;2;85;1;92;1;4;0;0;1;21;0;0;0;0;1;0;4;22;3;17;0;0;2;17;1;31;0;0;0;0;0;0;0;0;0;0;0;0;0;0;0;0;0;0;0;0;0;0;0;0;0;0;0;0;0;0;0;0;0;0;0;0;0;0;0;0;0;0
11.06.2024;10:46;A 21;1;4;25;3;20;2;87;1;54;0;0;1;54;0;0;1;6;1;1;7;79;6;81;3;20;0;96;1;92;0;0;0;0;0;0;0;0;0;0;0;0;0;0;0;0;0;0;0;0;0;0;0;0;0;0;0;0;0;0;0;0;0;0;0;0;0;0;0;0;0;0
11.06.2024;10:45;A 21;1;8;49;0;70;1;12;1;18;0;0;1;0;0;0;0;0;1;0;12;13;11;15;3;11;8;49;8;35;0;0;0;0;0;0;0;0;0;0;0;0;0;0;0;0;0;0;0;0;0;0;0;0;0;0;0;0;0;0;0;0;0;0;0;0;0;0;0;0;0;0
11.06.2024;10:44;A 21;1;8;43;2;60;2;16;0;20;0;0;1;1;0;0;0;0;0;0;6;54;5;46;0;0;1;60;1;66;0;0;0;0;0;0;0;0;0;0;0;0;0;0;0;0;0;0;0;0;0;0;0;0;0;0;0;0;0;0;0;0;0;0;0;0;0;0;0;0;0;0
11.06.2024;10:43;A 21;1;6;46;2;60;1;48;1;55;1;1;2;31;1;3;2;7;0;0;8;38;4;33;3;21;5;37;6;64;0;0;0;0;0;0;0;0;0;0;0;0;0;0;0;0;0;0;0;0;0;0;0;0;0;0;0;0;0;0;0;0;0;0;0;0;0;0;0;0;0;0
11.06.2024;10:42;A 21;1;6;63;5;69;1;29;1;4;2;56;0;0;1;60;2;4;0;0;2;23;1;20;2;12;0;21;0;28;0;0;0;0;0;0;0;0;0;0;0;0;0;0;0;0;0;0;0;0;0;0;0;0;0;0;1;1;0;0;0;0;0;0;0;0;0;0;0;0;0;0
11.06.2024;10:41;A 21;1;3;2;3;9;1;61;1;6;1;10;1;2;1;9;2;7;1;0;2;57;2;57;6;19;2;16;3;15;0;0;0;0;0;0;0;0;0;0;0;0;0;0;0;0;0;0;0;0;0;0;0;0;0;0;0;0;0;0;0;0;0;0;0;0;0;0;0;0;0;0
11.06.2024;10:40;A 21;1;3;27;2;40;1;62;1;62;2;25;1;21;2;27;2;4;2;1;3;90;2;82;2;11;3;18;1;48;0;0;0;0;0;0;0;0;1;1;0;0;0;0;0;0;0;0;0;0;0;0;0;0;0;0;0;0;1;1;0;0;0;0;0;0;0;0;0;0;0;0
11.06.2024;10:39;A 21;1;9;66;4;86;1;42;2;24;1;52;1;2;1;5;2;8;0;0;7;58;5;49;1;1;4;64;5;68;0;0;0;0;0;0;0;0;0;0;1;1;0;0;0;0;0;0;0;0;0;0;0;0;0;0;0;0;0;0;0;0;0;0;0;0;0;0;0;0;0;0
11.06.2024;10:38;A 21;1;4;34;2;49;0;0;0;0;0;0;1;0;0;0;0;0;1;1;11;36;8;7;1;2;7;43;8;46;0;0;0;0;0;0;0;0;0;0;0;0;0;0;0;0;0;0;0;0;0;0;0;0;0;0;0;0;0;0;0;0;0;0;0;0;0;0;0;0;0;0
11.06.2024;10:37;A 21;1;3;14;4;12;0;2;0;0;1;30;1;0;1;6;1;0;1;0;4;57;2;28;2;9;3;10;3;71;0;0;0;0;0;0;0;0;0;0;0;0;0;0;0;0;0;0;0;0;0;0;0;0;0;0;0;0;0;0;0;0;0;0;0;0;0;0;0;0;0;0
11.06.2024;10:36;A 21;1;9;9;4;27;1;52;1;5;1;20;2;22;1;5;2;9;0;24;6;34;6;13;0;2;3;66;4;40;0;0;0;0;0;0;0;0;0;0;0;0;0;0;0;0;0;0;0;0;0;0;0;0;0;0;0;0;0;0;0;0;0;0;0;0;0;0;0;0;0;0
11.06.2024;10:35;A 21;1;6;51;4;71;3;46;2;38;1;0;2;1;1;2;2;4;3;45;3;65;2;2;3;23;2;95;2;13;0;0;0;0;0;0;0;0;0;0;0;0;0;0;0;0;0;0;0;0;0;0;0;0;0;0;0;0;0;0;0;0;0;0;0;0;0;0;4;6;0;0
11.06.2024;10:34;A 21;1;5;44;3;55;0;62;0;0;0;0;2;34;0;0;0;36;1;1;1;1;2;5;2;7;2;17;2;5;0;0;0;0;0;0;0;0;0;0;0;0;0;0;0;0;0;0;2;3;0;0;0;0;0;0;0;0;0;0;0;0;0;0;0;0;0;0;2;3;0;0
11.06.2024;10:33;A 21;1;5;55;3;74;1;75;1;5;0;21;2;25;0;0;2;7;1;1;1;0;1;0;0;2;1;4;1;4;0;0;0;0;0;0;0;0;0;0;1;1;0;0;0;0;0;0;0;0;0;0;0;0;0;0;0;0;0;0;0;0;0;0;0;0;0;0;0;0;0;0
11.06.2024;10:32;A 21;1;6;51;1;66;1;23;1;4;1;51;1;2;0;52;3;10;4;65;4;49;1;47;6;53;1;55;6;47;1;1;0;0;0;0;0;0;0;0;0;0;0;0;0;0;0;0;1;1;0;0;0;0;0;0;0;0;0;0;0;0;0;0;0;0;0;0;0;0;0;0
11.06.2024;10:31;A 21;1;5;24;5;34;1;0;1;3;2;1;3;3;0;100;1;8;3;10;2;1;3;2;1;3;3;11;2;6;0;0;0;0;0;0;0;0;0;0;0;0;0;0;0;0;0;0;0;0;0;0;0;0;0;0;0;0;0;0;0;0;0;0;0;0;0;0;0;0;0;0
11.06.2024;10:30;A 21;1;5;5;4;19;0;0;0;0;0;0;1;58;2;43;2;7;3;2;6;14;4;3;2;10;2;18;4;34;0;0;0;0;0;0;0;0;0;0;0;0;0;0;0;0;0;0;0;0;0;0;0;0;0;0;0;0;0;0;0;0;0;0;0;0;0;0;0;0;0;0
11.06.2024;10:29;A 21;1;5;6;3;21;1;0;0;0;3;9;1;38;3;37;2;46;1;0;4;11;6;10;1;14;4;28;4;19;0;0;0;0;0;0;0;0;0;0;0;0;0;0;0;0;0;0;0;0;0;0;0;0;0;0;0;0;0;0;0;0;0;0;0;0;0;0;0;0;0;0
11.06.2024;10:28;A 21;1;2;1;1;4;0;0;0;0;0;0;1;16;0;0;1;6;1;0;1;78;1;65;1;81;1;75;1;84;1;1;0;0;0;0;0;0;0;0;0;0;0;0;0;0;0;0;1;1;0;0;0;0;0;0;0;0;0;0;0;0;0;0;0;0;0;0;2;3;0;0
11.06.2024;10:27;A 21;1;7;48;5;68;1;65;1;5;1;30;2;2;0;28;1;3;0;0;2;80;2;1;1;5;2;9;3;19;0;0;0;0;0;0;0;0;0;0;0;0;0;0;0;0;0;0;0;0;0;0;0;0;0;0;0;0;0;0;0;0;0;0;0;0;0;0;0;0;0;0
11.06.2024;10:26;A 21;1;3;56;2;64;3;78;1;69;2;50;2;20;3;38;2;21;1;1;2;91;3;76;1;5;1;87;0;95;0;0;0;0;0;0;0;0;0;0;0;0;1;1;0;0;0;0;0;0;0;0;0;0;0;0;0;0;0;0;0;0;0;0;0;0;0;0;0;0;0;0
11.06.2024;10:25;A 21;1;2;50;2;28;0;45;1;2;1;37;2;59;1;5;2;42;0;0;4;78;3;77;0;0;1;87;1;86;0;0;0;0;0;0;0;0;0;0;1;1;0;0;0;0;0;0;0;0;0;0;0;0;0;0;0;0;0;0;1;1;0;0;0;0;0;0;0;0;0;0
11.06.2024;10:24;A 21;1;11;20;8;46;1;80;1;5;1;65;1;39;1;4;3;18;0;0;10;82;6;83;1;5;0;100;1;99;0;0;0;0;0;0;0;0;0;0;0;0;2;3;0;0;0;0;0;0;0;0;0;0;0;0;0;0;0;0;0;0;1;2;0;0;0;0;0;0;0;0
11.06.2024;10:23;A 21;1;5;83;1;99;1;29;1;5;0;0;0;0;0;0;0;0;3;2;3;68;2;43;2;12;2;58;2;80;1;1;0;0;0;0;0;0;0;0;0;0;0;0;0;0;0;0;0;0;0;0;0;0;0;0;0;0;0;0;0;0;0;0;0;0;0;0;0;0;0;0
11.06.2024;10:22;A 21;1;6;9;3;25;1;0;0;0;0;0;2;45;0;0;2;34;0;0;4;30;5;14;1;4;2;34;1;37;0;0;0;0;0;0;0;0;0;0;0;0;1;1;0;0;0;0;0;0;0;0;0;0;0;0;0;0;0;0;0;0;0;0;0;0;0;0;0;0;0;0
11.06.2024;10:21;A 21;1;1;58;2;56;1;36;1;7;2;47;3;3;2;51;4;9;1;0;3;13;2;23;1;4;0;28;1;44;0;0;0;0;0;0;0;0;0;0;0;0;0;0;0;0;0;0;0;0;0;0;0;0;0;0;0;0;0;0;0;0;0;0;0;0;0;0;0;0;0;0
11.06.2024;10:20;A 21;1;8;67;3;85;1;76;0;79;1;0;0;0;1;4;0;0;0;0;6;16;5;48;0;1;2;25;2;35;0;0;0;0;0;0;0;0;0;0;0;0;0;0;0;0;0;0;0;0;0;0;0;0;0;0;0;0;0;0;0;0;0;0;0;0;2;3;0;0;0;0
11.06.2024;10:19;A 21;1;1;0;0;1;1;31;2;12;0;0;0;20;0;0;0;0;0;0;1;78;1;28;1;62;2;34;4;57;0;0;0;0;0;0;0;0;0;0;0;0;0;0;0;0;0;0;0;0;0;0;0;0;0;0;0;0;0;0;0;0;0;0;0;0;0;0;0;0;0;0
11.06.2024;10:18;A 21;1;9;47;6;71;0;33;0;0;0;0;1;52;1;5;1;7;1;2;2;68;2;62;1;2;0;96;2;62;0;0;0;0;0;0;0;0;0;0;0;0;0;0;0;0;0;0;0;0;0;0;0;0;0;0;0;0;0;0;0;0;0;0;0;0;0;0;0;0;0;0
11.06.2024;10:17;A 21;1;5;50;1;66;1;92;1;44;1;66;0;0;1;6;1;2;0;0;4;28;5;45;0;0;4;42;2;20;1;1;0;0;0;0;0;0;0;0;0;0;0;0;0;0;0;0;0;0;0;0;0;0;0;0;0;0;0;0;0;0;0;0;0;0;0;0;0;0;0;0
11.06.2024;10:16;A 21;1;5;44;3;57;2;65;1;10;2;44;2;12;2;52;2;35;1;0;8;48;8;51;2;7;0;69;2;60;0;0;0;0;0;0;0;0;0;0;0;0;1;1;0;0;0;0;0;0;0;0;0;0;0;0;0;0;0;0;0;0;0;0;0;0;0;0;0;0;0;0
11.06.2024;10:15;A 21;1;1;36;1;42;0;100;1;1;0;0;0;0;0;0;0;0;2;2;7;56;6;59;1;4;3;85;5;76;0;0;0;0;1;1;0;0;0;0;0;0;1;1;0;0;0;0;0;0;0;0;0;0;0;0;0;0;0;0;0;0;3;5;0;0;0;0;0;0;0;0
11.06.2024;10:14;A 21;1;6;59;5;81;0;100;0;0;0;2;0;0;0;0;0;0;0;0;1;9;1;10;0;0;0;11;1;13;0;0;0;0;0;0;0;0;0;0;0;0;0;0;0;0;0;0;0;0;0;0;0;0;0;0;0;0;0;0;0;0;0;0;0;0;0;0;0;0;0;0
11.06.2024;10:13;A 21;1;4;28;3;40;2;57;2;59;1;1;1;1;1;4;2;5;1;0;3;33;3;15;1;92;1;91;2;89;0;0;0;0;0;0;0;0;0;0;0;0;0;0;0;0;1;1;0;0;0;0;0;0;0;0;0;0;0;0;0;0;0;0;0;0;1;1;0;0;0;0
11.06.2024;10:12;A 21;1;7;70;3;70;0;0;0;0;0;0;0;0;0;0;0;0;1;1;5;45;3;55;1;43;1;60;3;63;0;0;0;0;0;0;0;0;0;0;0;0;0;0;0;0;0;0;0;0;0;0;0;0;0;0;0;0;0;0;0;0;0;0;0;0;0;0;0;0;0;0
11.06.2024;10:11;A 21;1;6;65;5;80;0;60;0;0;0;20;1;23;0;0;2;12;2;0;6;9;2;12;4;20;2;30;2;34;0;0;0;0;0;0;0;0;0;0;0;0;0;0;0;0;0;0;0;0;0;0;0;0;0;0;0;0;0;0;0;0;0;0;0;0;0;0;0;0;0;0
11.06.2024;10:10;A 21;1;1;30;2;3;1;70;1;5;1;48;1;46;1;7;2;2;0;0;9;37;8;5;1;4;7;27;8;61;0;0;0;0;0;0;0;0;0;0;0;0;0;0;0;0;0;0;0;0;0;0;0;0;0;0;0;0;0;0;0;0;0;0;0;0;0;0;0;0;0;0
11.06.2024;10:09;A 21;1;6;4;6;19;0;0;0;0;0;0;1;58;0;0;1;5;1;0;6;37;2;26;2;13;1;30;2;56;0;0;0;0;0;0;0;0;0;0;0;0;0;0;1;1;0;0;0;0;0;0;0;0;0;0;0;0;0;0;0;0;0;0;0;0;0;0;0;0;0;0
11.06.2024;10:08;A 21;1;4;10;3;17;2;54;2;19;0;0;2;2;1;2;1;6;2;1;1;45;1;34;1;10;1;41;1;51;0;0;0;0;0;0;0;0;0;0;0;0;0;0;0;0;0;0;0;0;0;0;0;0;0;0;0;0;0;0;0;0;0;0;0;0;0;0;0;0;0;0
11.06.2024;10:07;A 21;1;7;8;7;23;0;0;0;0;3;25;2;1;2;32;6;13;2;1;7;73;5;4;1;1;1;16;2;33;0;0;0;0;0;0;0;0;0;0;0;0;0;0;0;0;0;0;0;0;0;0;0;0;0;0;0;0;0;0;0;0;0;0;0;0;0;0;0;0;0;0
11.06.2024;10:06;A 21;1;6;33;1;51;2;83;1;28;1;1;2;4;1;3;1;5;1;0;4;38;2;4;4;13;1;9;4;41;0;0;0;0;0;0;0;0;0;0;0;0;0;0;0;0;0;0;0;0;0;0;0;0;0;0;0;0;0;0;0;0;0;0;0;0;0;0;0;0;0;0
11.06.2024;10:05;A 21;1;4;58;4;63;3;27;3;8;1;20;4;29;1;5;0;37;0;0;5;16;4;41;1;9;2;24;2;29;0;0;0;0;0;0;0;0;0;0;0;0;0;0;0;0;0;0;0;0;0;0;0;0;0;0;0;0;0;0;0;0;0;0;0;0;0;0;0;0;0;0
11.06.2024;10:04;A 21;1;9;35;4;55;0;0;0;0;1;63;1;50;2;18;4;65;0;0;3;85;2;87;0;0;1;92;1;95;0;0;1;1;0;0;1;3;0;0;0;0;0;0;0;0;0;0;0;0;0;0;1;1;0;0;0;0;0;0;0;0;0;0;0;0;0;0;0;0;0;0
11.06.2024;10:03;A 21;1;11;64;2;90;3;21;0;19;1;0;2;1;1;1;1;2;1;0;4;64;4;56;1;7;2;74;3;87;0;0;0;0;0;0;0;0;0;0;0;0;0;0;0;0;0;0;0;0;0;0;0;0;0;0;0;0;0;0;0;0;0;0;0;0;0;0;0;0;0;0
11.06.2024;10:02;A 21;1;6;32;1;50;1;90;2;31;1;0;3;35;1;2;3;34;0;0;3;14;3;5;1;9;2;19;4;9;0;0;0;0;0;0;0;0;0;0;0;0;1;1;0;0;0;0;0;0;0;0;0;0;0;0;0;0;0;0;0;0;1;2;0;0;0;0;0;0;0;0
11.06.2024;10:01;A 21;1;8;43;2;62;1;3;0;3;0;0;1;1;1;1;0;0;0;0;4;63;3;4;1;1;1;39;5;32;0;0;0;0;0;0;0;0;1;1;0;0;0;0;0;0;0;0;0;0;0;0;0;0;0;0;0;0;1;2;0;0;0;0;0;0;0;0;0;0;0;0
11.06.2024;10:00;A 21;1;5;24;6;38;2;23;2;17;0;54;0;0;0;0;0;0;1;0;3;17;6;19;1;9;4;90;1;23;0;0;0;0;0;0;0;0;0;0;0;0;0;0;0;0;0;0;0;0;0;0;0;0;0;0;0;0;0;0;0;0;0;0;0;0;0;0;0;0;0;0
11.06.2024;09:59;A 21;1;8;13;1;89;0;67;0;0;1;16;1;0;1;4;1;1;1;0;1;52;0;0;1;4;1;2;2;44;0;0;0;0;0;0;0;0;0;0;0;0;0;0;0;0;0;0;0;0;0;0;0;0;0;0;0;0;0;0;0;0;0;0;0;0;0;0;0;0;0;0
11.06.2024;09:58;A 21;1;4;56;1;71;1;1;1;8;2;14;1;25;1;15;0;25;1;1;1;27;1;1;2;39;1;9;1;37;0;0;0;0;2;3;0;0;0;0;0;0;0;0;0;0;0;0;0;0;0;0;0;0;0;0;0;0;0;0;0;0;0;0;0;0;0;0;0;0;0;0
11.06.2024;09:57;A 21;1;11;56;3;64;2;56;0;56;0;0;3;33;1;0;3;12;0;0;3;87;2;71;1;17;1;95;2;56;0;0;0;0;2;3;1;3;0;0;1;1;0;0;0;0;0;0;0;0;0;0;0;0;0;0;1;1;0;0;1;1;0;0;0;0;0;0;0;0;0;0
11.06.2024;09:56;A 21;1;3;29;0;36;2;38;2;39;0;0;1;0;0;0;0;0;1;0;8;79;4;74;2;6;2;69;1;95;0;0;0;0;0;0;0;0;0;0;0;0;0;0;0;0;0;0;0;0;0;0;0;0;0;0;0;0;0;0;0;0;0;0;0;0;0;0;0;0;0;0
11.06.2024;09:55;A 21;1;2;7;2;15;0;12;0;0;1;53;2;54;2;7;2;10;0;0;4;60;3;45;1;4;2;44;4;70;0;0;0;0;0;0;0;0;0;0;0;0;0;0;0;0;0;0;0;0;0;0;0;0;0;0;0;0;0;0;0;0;0;0;0;0;0;0;0;0;0;0
11.06.2024;09:54;A 21;1;6;17;2;29;1;31;1;7;1;73;1;0;0;72;0;0;1;0;7;30;3;27;1;3;2;39;5;36;0;0;0;0;0;0;0;0;0;0;0;0;0;0;0;0;0;0;0;0;0;0;0;0;0;0;0;0;0;0;0;0;0;0;0;0;0;0;0;0;0;0
11.06.2024;09:53;A 21;1;9;65;9;41;2;78;1;4;1;3;1;55;1;8;1;8;0;0;7;18;3;24;1;3;3;26;4;57;0;0;0;0;0;0;0;0;0;0;0;0;0;0;0;0;0;0;0;0;0;0;0;0;0;0;0;0;0;0;0;0;0;0;0;0;0;0;0;0;0;0
11.06.2024;09:52;A 21;1;5;38;3;50;3;84;0;85;0;0;2;67;0;0;2;41;2;2;9;52;9;77;4;27;0;100;6;14;0;0;0;0;0;0;0;0;0;0;0;0;0;0;0;0;0;0;0;0;0;0;0;0;0;0;0;0;0;0;0;0;0;0;0;0;0;0;0;0;0;0
11.06.2024;09:51;A 21;1;8;67;1;89;1;40;1;47;0;0;3;45;0;0;1;32;1;1;4;66;4;54;0;100;4;56;3;80;0;0;0;0;0;0;0;0;0;0;0;0;0;0;0;0;0;0;0;0;0;0;0;0;0;0;0;0;0;0;0;0;0;0;0;0;0;0;0;0;0;0
11.06.2024;09:50;A 21;1;5;43;0;52;0;32;0;0;1;3;1;63;3;11;6;55;1;1;4;92;3;91;4;14;0;99;1;64;0;0;0;0;0;0;0;0;0;0;1;1;0;0;0;0;0;0;0;0;0;0;0;0;0;0;0;0;0;0;1;1;0;0;0;0;0;0;0;0;0;0
11.06.2024;09:49;A 21;1;5;47;4;63;3;65;1;39;0;0;0;0;0;0;1;0;0;0;3;65;2;63;3;14;1;70;1;75;0;0;0;0;0;0;0;0;0;0;0;0;0;0;0;0;0;0;0;0;0;0;0;0;0;0;0;0;0;0;0;0;0;0;0;0;0;0;0;0;0;0
11.06.2024;09:48;A 21;1;10;31;9;57;2;49;2;39;1;2;1;1;1;4;0;0;2;3;7;24;9;69;1;0;1;97;5;44;0;0;0;0;0;0;0;0;0;0;0;0;0;0;0;0;0;0;0;0;0;0;0;0;0;0;0;0;0;0;0;0;0;0;0;0;0;0;0;0;0;0
11.06.2024;09:47;A 21;1;7;10;2;25;2;93;2;11;0;0;2;64;0;0;2;65;4;3;4;5;3;39;3;10;2;52;2;18;0;0;0;0;0;0;0;0;0;0;0;0;0;0;0;0;0;0;0;0;0;0;0;0;0;0;0;0;0;0;0;0;0;0;0;0;0;0;0;0;0;0
11.06.2024;09:46;A 21;1;3;43;4;43;1;1;1;1;2;51;1;40;1;40;1;6;3;0;2;11;4;56;4;14;1;71;0;18;0;0;0;0;0;0;0;0;0;0;0;0;0;0;0;0;0;0;0;0;0;0;0;0;0;0;0;0;0;0;0;0;0;0;0;0;0;0;0;0;0;0
11.06.2024;09:45;A 21;1;3;36;2;34;0;0;2;9;1;1;3;26;4;10;2;35;1;1;5;77;5;81;3;14;3;90;3;86;0;0;0;0;0;0;0;0;0;0;1;1;0;0;0;0;0;0;0;0;0;0;0;0;0;0;0;0;0;0;1;2;0;0;0;0;0;0;0;0;0;0
11.06.2024;09:44;A 21;1;6;61;3;74;1;55;1;63;0;0;3;19;0;0;1;8;0;0;4;30;4;88;3;16;2;98;3;87;0;0;0;0;0;0;0;0;0;0;0;0;0;0;0;0;0;0;0;0;0;0;0;0;0;0;0;0;0;0;0;0;0;0;0;0;0;0;0;0;0;0
11.06.2024;09:43;A 21;1;5;54;3;63;1;17;2;13;0;0;1;1;4;18;2;4;2;0;6;47;5;4;3;15;1;14;5;62;0;0;0;0;0;0;0;0;0;0;0;0;0;0;0;0;0;0;0;0;0;0;0;0;0;0;0;0;0;0;0;0;0;0;0;0;0;0;0;0;0;0
11.06.2024;09:42;A 21;1;11;69;2;85;1;0;0;0;0;0;0;0;1;2;0;0;0;0;4;48;4;23;0;45;5;18;2;57;0;0;0;0;0;0;0;0;0;0;0;0;0;0;0;0;0;0;0;0;0;0;0;0;0;0;0;0;0;0;0;0;0;0;0;0;0;0;0;0;0;0
11.06.2024;09:41;A 21;1;6;23;2;30;0;4;0;0;1;91;1;0;1;8;1;0;1;0;2;79;3;66;2;30;0;72;3;49;0;0;0;0;0;0;0;0;0;0;0;0;0;0;0;0;0;0;0;0;0;0;0;0;0;0;0;0;0;0;0;0;0;0;0;0;0;0;0;0;0;0
11.06.2024;09:40;A 21;1;10;56;4;80;1;95;0;3;1;0;2;36;2;68;3;7;2;2;5;47;3;46;1;70;0;100;3;12;0;0;0;0;0;0;0;0;0;0;0;0;0;0;0;0;0;0;0;0;0;0;0;0;0;0;0;0;0;0;0;0;0;0;0;0;0;0;0;0;0;0
11.06.2024;09:39;A 21;1;2;58;2;66;0;0;1;0;0;0;1;1;0;100;0;87;2;3;4;14;1;11;1;71;1;81;1;36;0;0;0;0;0;0;0;0;0;0;0;0;0;0;0;0;0;0;0;0;0;0;0;0;0;0;0;0;0;0;0;0;0;0;0;0;0;0;0;0;0;0
11.06.2024;09:38;A 21;1;4;61;4;14;2;84;0;86;0;0;3;44;0;100;0;100;0;0;5;80;3;91;0;100;0;100;1;98;0;0;0;0;0;0;0;0;0;0;0;0;0;0;0;0;0;0;0;0;0;0;0;0;0;0;0;0;0;0;0;0;0;0;0;0;0;0;0;0;0;0
11.06.2024;09:37;A 21;1;1;16;2;6;4;89;0;100;0;0;2;44;0;100;0;100;3;1;4;79;3;85;0;100;0;100;2;97;1;1;0;0;0;0;0;0;0;0;0;0;0;0;0;0;0;0;0;0;0;0;0;0;0;0;0;0;0;0;0;0;0;0;0;0;0;0;0;0;0;0
11.06.2024;09:36;A 21;1;9;57;8;72;1;80;4;44;0;0;1;3;0;100;0;100;1;0;5;3;1;70;0;100;0;100;1;97;0;0;0;0;0;0;0;0;0;0;0;0;0;0;0;0;0;0;0;0;0;0;0;0;0;0;0;0;0;0;0;0;0;0;0;0;0;0;0;0;0;0
11.06.2024;09:35;A 21;1;13;44;6;68;2;52;2;13;0;0;3;8;1;57;2;76;1;44;4;16;4;68;2;82;1;85;1;82;0;0;0;0;0;0;0;0;0;0;1;1;0;0;0;0;0;0;0;0;0;0;0;0;0;0;0;0;0;0;0;0;0;0;0;0;0;0;0;0;0;0
11.06.2024;09:34;A 21;1;2;25;2;31;1;81;2;5;0;0;2;10;1;4;2;17;3;3;6;18;3;14;2;7;3;36;3;42;0;0;0;0;1;3;0;0;0;0;0;0;0;0;0;0;0;0;0;0;0;0;0;0;0;0;1;1;0;0;0;0;0;0;0;0;0;0;0;0;0;0
11.06.2024;09:33;A 21;1;4;3;4;12;2;3;0;4;1;9;3;2;1;6;4;11;2;2;0;24;1;24;4;17;0;28;0;0;0;0;0;0;0;0;0;0;0;0;0;0;0;0;0;0;0;0;0;0;0;0;0;0;0;0;0;0;0;0;0;0;0;0;0;0;0;0;0;0;0;0
11.06.2024;09:32;A 21;1;4;18;4;14;1;82;2;39;3;57;2;1;1;58;3;80;0;0;3;57;2;57;0;41;2;65;2;22;0;0;0;0;0;0;0;0;0;0;0;0;1;1;0;0;0;0;0;0;0;0;0;0;0;0;0;0;0;0;0;0;1;1;0;0;0;0;0;0;0;0
11.06.2024;09:31;A 21;1;5;20;3;34;0;0;3;18;1;44;0;39;1;32;1;36;0;0;4;12;3;12;3;70;2;23;4;17;0;0;0;0;0;0;0;0;0;0;0;0;0;0;0;0;0;0;0;0;0;0;0;0;0;0;0;0;0;0;0;0;0;0;0;0;0;0;0;0;0;0
11.06.2024;09:30;A 21;1;5;7;3;14;0;0;1;9;1;70;1;69;2;40;2;37;2;1;8;33;7;35;2;36;3;51;3;66;0;0;0;0;0;0;0;0;0;0;0;0;0;0;0;0;0;0;0;0;0;0;0;0;0;0;0;0;0;0;0;0;0;0;0;0;0;0;0;0;0;0
11.06.2024;09:29;A 21;1;6;50;1;29;0;0;0;0;1;31;2;2;2;44;2;52;0;0;5;58;4;58;1;50;2;72;2;70;0;0;0;0;0;0;0;0;0;0;0;0;0;0;0;0;0;0;1;1;0;0;0;0;0;0;0;0;0;0;0;0;0;0;0;0;0;0;2;3;0;0
11.06.2024;09:28;A 21;1;3;37;4;48;0;0;0;0;0;5;1;36;0;86;0;88;1;0;2;53;2;54;0;84;1;61;2;13;0;0;0;0;0;0;0;0;0;0;0;0;1;1;0;0;0;0;0;0;0;0;0;0;0;0;0;0;0;0;0;0;1;1;0;0;0;0;0;0;0;0
11.06.2024;09:27;A 21;1;6;30;3;45;1;41;0;43;1;21;0;0;0;100;0;100;1;0;6;57;5;17;0;100;4;39;2;74;0;0;0;0;0;0;0;0;0;0;0;0;0;0;0;0;0;0;0;0;0;0;0;0;0;0;0;0;0;0;0;0;0;0;0;0;0;0;0;0;0;0
11.06.2024;09:26;A 21;1;5;7;1;15;1;93;2;94;2;85;1;0;0;100;0;100;1;1;8;21;4;4;0;100;3;21;0;69;0;0;0;0;0;0;0;0;0;0;0;0;0;0;0;0;0;0;0;0;0;0;0;0;0;0;0;0;0;0;0;0;0;0;0;0;0;0;0;0;0;0
11.06.2024;09:25;A 21;1;3;62;1;71;1;11;2;6;1;1;2;2;0;100;0;100;0;0;2;2;2;3;0;100;2;12;0;100;0;0;0;0;0;0;0;0;0;0;0;0;0;0;0;0;0;0;0;0;0;0;0;0;0;0;0;0;0;0;0;0;0;0;0;0;0;0;0;0;0;0
11.06.2024;09:24;A 21;1;6;49;0;64;1;0;1;2;0;0;1;0;1;84;1;99;1;0;8;52;6;50;1;81;1;71;1;85;0;0;0;0;0;0;0;0;0;0;0;0;0;0;0;0;0;0;0;0;0;0;0;0;0;0;0;0;0;0;0;0;0;0;0;0;0;0;0;0;0;0
11.06.2024;09:23;A 21;1;1;16;2;18;0;0;1;8;2;91;0;0;1;70;2;3;0;0;9;8;6;5;1;6;6;24;8;33;0;0;0;0;0;0;2;3;0;0;0;0;0;0;0;0;0;0;0;0;0;0;0;0;0;0;0;0;0;0;0;0;0;0;0;0;0;0;0;0;0;0
11.06.2024;09:22;A 21;1;5;32;5;41;2;58;2;57;2;50;1;3;1;40;2;8;0;0;1;51;1;37;1;2;1;14;4;13;0;0;0;0;0;0;0;0;0;0;0;0;0;0;0;0;0;0;0;0;0;0;0;0;0;0;0;0;0;0;0;0;0;0;0;0;0;0;0;0;0;0
11.06.2024;09:21;A 21;1;1;28;3;7;0;0;0;0;1;33;0;4;1;40;2;4;1;1;5;70;4;50;2;12;1;62;2;76;0;0;0;0;0;0;0;0;0;0;0;0;0;0;0;0;1;1;0;0;0;0;0;0;0;0;0;0;0;0;0;0;0;0;0;0;0;0;0;0;0;0
11.06.2024;09:20;A 21;1;11;29;1;60;0;0;0;0;0;0;2;21;0;0;1;7;2;0;10;21;8;29;1;6;3;54;3;38;1;1;0;0;0;0;0;0;0;0;0;0;0;0;0;0;0;0;0;0;0;0;0;0;0;0;0;0;0;0;0;0;0;0;0;0;0;0;0;0;0;0
11.06.2024;09:19;A 21;1;1;44;2;47;0;0;0;0;2;58;1;58;0;64;0;71;1;0;0;0;1;1;1;70;1;77;4;29;0;0;0;0;0;0;0;0;0;0;0;0;0;0;0;0;0;0;0;0;0;0;0;0;0;0;0;0;0;0;0;0;0;0;0;0;0;0;0;0;0;0
11.06.2024;09:18;A 21;1;5;30;8;40;0;57;0;0;2;46;2;54;2;53;2;64;3;5;2;52;3;54;2;49;1;79;1;79;0;0;0;0;0;0;0;0;0;0;0;0;0;0;0;0;0;0;0;0;0;0;0;0;0;0;0;0;0;0;0;0;0;0;0;0;0;0;0;0;0;0
11.06.2024;09:17;A 21;1;6;9;3;28;2;46;1;4;2;37;0;0;2;53;1;6;2;0;4;4;4;4;2;10;1;10;2;9;0;0;0;0;0;0;0;0;0;0;0;0;0;0;0;0;0;0;0;0;0;0;0;0;0;0;0;0;0;0;0;0;0;0;0;0;0;0;0;0;0;0
11.06.2024;09:16;A 21;1;2;61;1;66;0;0;0;0;1;28;0;0;2;6;0;0;0;0;4;53;4;6;2;17;4;60;3;71;0;0;0;0;0;0;0;0;0;0;0;0;0;0;0;0;1;3;0;0;0;0;1;2;0;0;1;1;0;0;0;0;0;0;0;0;0;0;1;1;0;0
11.06.2024;09:15;A 21;1;10;9;10;28;0;0;0;0;0;0;2;1;1;0;0;0;1;0;7;49;7;37;3;13;3;64;3;63;0;0;0;0;0;0;0;0;0;0;0;0;0;0;0;0;1;1;0;0;0;0;0;0;0;0;0;0;0;0;0;0;0;0;0;0;0;0;1;1;0;0
11.06.2024;09:14;A 21;1;2;13;2;11;0;0;0;0;0;0;1;1;0;0;0;0;2;0;6;82;6;36;2;7;2;50;0;100;0;0;0;0;0;0;0;0;0;0;1;1;0;0;0;0;0;0;0;0;0;0;0;0;0;0;0;0;0;0;0;0;0;0;0;0;0;0;0;0;0;0
11.06.2024;09:13;A 21;1;4;22;3;34;3;81;0;85;0;0;1;1;0;0;1;1;1;1;0;0;0;0;1;5;1;4;1;8;0;0;0;0;0;0;0;0;0;0;1;1;0;0;0;0;0;0;0;0;0;0;0;0;0;0;0;0;0;0;1;1;0;0;0;0;0;0;0;0;0;0
11.06.2024;09:12;A 21;1;7;46;4;55;1;51;2;45;0;0;2;2;0;0;1;4;4;2;13;38;8;6;3;24;5;30;6;63;0;0;0;0;0;0;0;0;0;0;0;0;0;0;0;0;0;0;0;0;0;0;0;0;0;0;0;0;0;0;0;0;0;0;0;0;0;0;0;0;0;0
11.06.2024;09:11;A 21;1;7;21;3;36;0;0;0;0;1;55;2;83;1;9;3;6;1;0;6;14;2;4;4;18;1;11;1;30;0;0;0;0;0;0;0;0;0;0;1;1;0;0;0;0;0;0;0;0;0;0;0;0;0;0;0;0;0;0;1;2;0;0;0;0;0;0;0;0;0;0
11.06.2024;09:10;A 21;1;4;30;3;20;1;17;2;4;1;1;4;48;1;4;2;28;0;0;2;64;2;5;1;65;2;15;3;72;0;0;0;0;0;0;0;0;0;0;0;0;1;1;0;0;0;0;0;0;0;0;0;0;0;0;0;0;0;0;0;0;1;2;0;0;0;0;0;0;0;0
11.06.2024;09:09;A 21;1;9;62;1;80;2;40;1;59;0;0;4;4;0;0;0;2;0;0;4;57;3;55;1;3;1;65;3;56;0;0;0;0;0;0;0;0;0;0;0;0;0;0;0;0;0;0;0;0;0;0;0;0;0;0;0;0;0;0;0;0;0;0;0;0;0;0;0;0;0;0
11.06.2024;09:08;A 21;1;4;22;6;11;0;100;1;97;0;0;0;97;0;0;1;1;1;0;4;37;1;0;1;2;0;4;4;10;0;0;0;0;0;0;0;0;0;0;0;0;0;0;0;0;0;0;0;0;0;0;0;0;0;0;0;0;0;0;0;0;0;0;0;0;0;0;0;0;0;0
11.06.2024;09:07;A 21;1;7;63;3;79;1;6;1;4;1;15;3;51;1;4;4;36;1;0;2;44;2;18;3;7;2;27;1;57;0;0;0;0;0;0;0;0;0;0;0;0;0;0;0;0;0;0;0;0;0;0;0;0;0;0;0;0;0;0;0;0;0;0;0;0;0;0;0;0;0;0
11.06.2024;09:06;A 21;1;5;12;5;23;1;38;1;3;2;6;2;12;0;73;1;10;2;0;5;55;6;34;1;87;1;50;5;62;0;0;0;0;0;0;0;0;0;0;0;0;0;0;0;0;0;0;0;0;0;0;0;0;0;0;0;0;0;0;0;0;0;0;0;0;0;0;0;0;0;0
11.06.2024;09:05;A 21;1;6;11;3;23;1;34;1;4;1;69;0;0;0;100;3;3;1;2;4;27;5;25;0;100;0;35;1;33;0;0;0;0;0;0;0;0;0;0;0;0;0;0;0;0;0;0;0;0;0;0;0;0;0;0;0;0;0;0;0;0;0;0;0;0;0;0;0;0;0;0
11.06.2024;09:04;A 21;1;4;47;2;58;0;0;0;0;0;0;1;20;0;100;1;6;1;0;5;58;4;41;0;100;2;53;4;58;0;0;0;0;0;0;0;0;0;0;0;0;0;0;0;0;0;0;0;0;0;0;0;0;0;0;0;0;0;0;0;0;0;0;0;0;0;0;0;0;0;0
11.06.2024;09:03;A 21;1;9;72;3;88;1;1;0;0;0;9;2;5;0;100;0;21;0;0;5;87;6;58;1;72;1;74;0;100;0;0;0;0;0;0;0;0;0;0;0;0;0;0;0;0;0;0;0;0;0;0;0;0;0;0;0;0;0;0;0;0;0;0;0;0;0;0;0;0;0;0
11.06.2024;09:02;A 21;1;6;6;5;19;0;0;0;0;1;10;0;0;1;14;2;10;1;0;12;27;7;18;5;16;3;35;3;53;0;0;0;0;0;0;0;0;0;0;0;0;0;0;0;0;0;0;0;0;0;0;0;0;0;0;1;1;0;0;0;0;1;1;0;0;0;0;0;0;0;0
11.06.2024;09:01;A 21;1;2;18;2;27;2;84;2;27;2;41;4;43;3;4;4;29;1;0;1;88;1;80;2;9;2;30;2;93;1;1;0;0;0;0;1;1;0;0;0;0;0;0;0;0;0;0;0;0;0;0;0;0;0;0;1;1;0;0;0;0;0;0;0;0;0;0;0;0;0;0
11.06.2024;09:00;A 21;1;6;6;6;22;3;45;1;5;1;55;1;47;1;2;3;16;1;0;5;61;1;51;2;7;1;56;1;62;0;0;0;0;0;0;2;3;0;0;0;0;0;0;0;0;0;0;0;0;0;0;0;0;0;0;2;5;0;0;0;0;0;0;0;0;0;0;0;0;0;0
11.06.2024;08:59;A 21;1;8;9;0;23;0;0;1;3;2;32;2;79;1;43;1;78;4;4;5;10;4;31;3;33;4;25;6;25;0;0;0;0;0;0;0;0;0;0;0;0;0;0;0;0;0;0;0;0;0;0;0;0;0;0;0;0;0;0;0;0;0;0;0;0;0;0;0;0;0;0
11.06.2024;08:58;A 21;1;5;65;2;72;1;0;0;0;1;32;1;33;0;32;1;38;0;0;2;1;3;2;0;0;3;15;4;10;0;0;0;0;0;0;0;0;0;0;0;0;0;0;0;0;0;0;0;0;0;0;0;0;0;0;0;0;0;0;0;0;0;0;0;0;0;0;0;0;0;0
11.06.2024;08:57;A 21;1;7;25;5;43;0;0;0;0;2;66;2;65;3;14;3;33;3;0;8;65;7;68;3;13;2;82;5;65;0;0;0;0;0;0;1;1;0;0;0;0;0;0;0;0;0;0;0;0;0;0;0;0;0;0;0;0;0;0;0;0;0;0;0;0;0;0;0;0;0;0
11.06.2024;08:56;A 21;1;0;0;0;0;1;1;1;1;2;86;2;83;0;88;0;85;1;0;8;19;2;12;1;3;1;23;2;39;0;0;0;0;0;0;0;0;0;0;0;0;0;0;0;0;0;0;0;0;0;0;0;0;0;0;0;0;0;0;0;1;0;0;0;0;0;0;0;0;0;0
11.06.2024;08:55;A 21;1;5;55;5;15;1;77;0;0;5;61;5;58;5;66;5;68;1;1;0;100;0;100;2;5;1;91;0;100;0;0;0;0;0;0;0;0;1;1;2;3;0;0;1;1;0;0;1;1;0;0;0;0;0;0;0;0;1;1;2;6;0;0;0;0;0;0;1;1;0;0
11.06.2024;08:54;A 21;1;9;38;5;53;1;58;1;1;1;44;1;30;3;47;1;36;2;0;8;27;5;17;3;12;5;27;6;49;0;0;0;0;0;0;0;0;0;0;0;0;0;0;0;0;0;0;0;0;0;0;0;0;0;0;1;1;0;0;0;0;0;0;0;0;0;0;0;0;0;0
11.06.2024;08:53;A 21;1;2;25;1;33;0;0;0;0;1;0;2;63;0;0;3;17;3;1;10;45;6;4;4;12;2;20;5;70;0;0;0;0;0;0;0;0;0;0;0;0;0;0;0;0;0;0;0;0;0;0;0;0;0;0;0;0;0;0;0;0;0;0;0;0;0;0;0;0;0;0
11.06.2024;08:52;A 21;1;1;0;2;3;0;0;0;0;2;28;4;46;2;16;0;51;1;0;5;26;1;0;3;16;2;6;2;46;0;0;0;0;0;0;0;0;0;0;0;0;0;0;0;0;0;0;0;0;0;0;0;0;0;0;0;0;0;0;0;0;0;0;0;0;0;0;0;0;0;0
11.06.2024;08:51;A 21;1;3;33;2;26;0;0;0;0;1;1;2;69;0;2;2;18;2;0;4;1;4;2;6;20;4;14;4;11;0;0;0;0;0;0;0;0;0;0;0;0;0;0;0;0;0;0;0;0;0;0;0;0;0;0;0;0;0;0;0;0;0;0;0;0;0;0;0;0;0;0
11.06.2024;08:50;A 21;1;0;0;1;4;0;0;0;0;0;0;4;2;1;1;5;35;1;2;4;28;5;26;0;26;4;31;4;38;0;0;0;0;0;0;0;0;1;1;0;0;0;0;0;0;0;0;0;0;0;0;0;0;0;0;0;0;0;0;0;0;0;0;0;0;0;0;0;0;0;0
11.06.2024;08:49;A 21;1;3;33;4;24;3;83;2;89;2;42;5;55;3;10;0;64;1;0;7;54;5;36;1;41;1;41;1;77;0;0;0;0;0;0;0;0;0;0;0;0;0;0;0;0;1;1;0;0;0;0;0;0;0;0;0;0;0;0;0;0;0;0;0;0;0;0;0;0;0;0
11.06.2024;08:48;A 21;1;13;48;4;73;0;0;1;55;0;0;1;48;1;9;3;32;2;2;3;79;2;92;4;19;0;100;3;42;0;0;0;0;1;1;0;0;0;0;0;0;0;0;1;1;0;0;0;0;0;0;0;0;0;0;0;0;0;0;0;0;0;0;0;0;0;0;0;0;0;0
11.06.2024;08:47;A 21;1;7;18;3;36;1;1;0;100;2;13;3;83;3;7;3;60;1;0;7;46;5;42;2;7;1;57;2;43;0;0;0;0;0;0;0;0;0;0;0;0;0;0;0;0;0;0;0;0;0;0;0;0;0;0;0;0;0;0;0;0;0;0;0;0;0;0;0;0;0;0
11.06.2024;08:46;A 21;1;2;51;2;59;1;0;0;100;5;53;5;11;0;59;1;71;2;0;2;70;2;19;5;12;2;28;2;78;0;0;0;0;0;0;0;0;1;1;0;0;1;1;0;0;0;0;0;0;0;0;1;2;0;0;0;0;1;1;0;0;0;0;0;0;0;0;0;0;0;0
11.06.2024;08:45;A 21;1;6;8;6;15;1;21;1;90;1;48;0;0;0;100;3;59;2;1;8;80;6;26;5;14;1;48;4;54;0;0;0;0;1;1;0;0;0;0;0;0;0;0;0;0;0;0;0;0;0;0;0;0;0;0;0;0;0;0;0;0;0;0;0;0;0;0;0;0;0;0
11.06.2024;08:44;A 21;1;6;15;3;29;0;0;0;0;1;1;4;5;0;100;2;23;3;1;8;58;6;17;5;22;3;26;2;40;0;0;1;1;0;0;0;0;0;0;0;0;0;0;0;0;0;0;0;0;0;0;1;1;0;0;0;0;0;0;0;0;0;0;0;0;0;0;0;0;0;0
11.06.2024;08:43;A 21;1;4;47;2;40;0;85;0;0;0;0;4;40;0;100;5;49;1;1;6;3;5;37;2;14;4;24;5;11;0;0;0;0;0;0;0;0;0;0;0;0;0;0;0;0;0;0;0;0;0;0;0;0;0;0;0;0;0;0;0;0;0;0;0;0;0;0;0;0;0;0
11.06.2024;08:42;A 21;1;7;46;6;35;1;70;1;4;0;0;5;6;0;100;0;19;2;0;4;8;2;19;4;22;8;27;1;20;0;0;0;0;0;0;0;0;0;0;0;0;0;0;0;0;0;0;0;0;0;0;0;0;0;0;0;0;0;0;0;0;0;0;0;0;0;0;0;0;0;0
11.06.2024;08:41;A 21;1;9;32;7;34;1;66;2;5;1;76;1;98;0;100;0;100;3;1;5;4;5;6;2;59;0;54;0;64;0;0;0;0;0;0;0;0;0;0;0;0;0;0;0;0;0;0;0;0;0;0;0;0;0;0;0;0;0;0;0;0;0;0;0;0;0;0;0;0;0;0
11.06.2024;08:40;A 21;1;5;58;3;55;0;0;1;19;1;20;2;29;2;14;4;25;0;0;2;23;1;63;0;0;2;28;2;19;0;0;0;0;0;0;0;0;0;0;0;0;1;1;0;0;0;0;0;0;0;0;0;0;0;0;0;0;0;0;0;0;0;0;0;0;0;0;0;0;0;0
11.06.2024;08:39;A 21;1;6;19;3;35;3;43;1;49;0;0;5;7;0;0;1;16;1;0;6;75;6;58;0;0;1;77;4;62;0;0;0;0;0;0;0;0;0;0;0;0;0;0;0;0;0;0;0;0;0;0;0;0;0;0;0;0;0;0;0;0;0;0;0;0;0;0;0;0;0;0
11.06.2024;08:38;A 21;1;3;4;3;11;1;29;1;34;0;96;0;0;0;11;0;100;2;2;12;46;10;27;2;16;3;57;0;70;0;0;0;0;0;0;0;0;0;0;0;0;0;0;0;0;0;0;0;0;0;0;0;0;0;0;0;0;0;0;0;0;0;0;0;0;0;0;0;0;0;0
11.06.2024;08:37;A 21;1;4;10;4;24;1;90;1;57;3;69;3;16;0;100;1;99;1;0;0;100;0;100;6;29;1;83;1;94;0;0;0;0;1;1;0;0;1;1;0;0;0;0;0;0;0;0;0;0;0;0;0;0;0;0;0;0;1;1;0;0;0;0;0;0;0;0;0;0;0;0
11.06.2024;08:36;A 21;1;8;46;4;65;3;25;1;26;2;52;2;50;5;55;3;32;1;1;6;65;6;31;3;37;4;58;4;76;0;0;0;0;0;0;0;0;0;0;0;0;0;0;0;0;0;0;0;0;0;0;0;0;0;0;0;0;0;0;0;0;0;0;0;0;0;0;0;0;0;0
11.06.2024;08:35;A 21;1;5;4;2;18;1;36;0;38;2;84;3;3;2;80;2;37;0;0;6;14;4;6;0;0;1;21;3;29;0;0;0;0;0;0;0;0;0;0;0;0;0;0;0;0;0;0;0;0;0;0;0;0;0;0;0;0;0;0;0;0;0;0;0;0;0;0;0;0;0;0
11.06.2024;08:34;A 21;1;4;19;2;36;1;61;2;12;1;8;2;37;0;0;2;13;2;0;1;70;0;0;2;5;1;12;3;61;0;0;0;0;1;1;0;0;0;0;0;0;0;0;0;0;0;0;0;0;0;0;0;0;0;0;0;0;0;0;0;0;0;0;0;0;0;0;0;0;0;0
11.06.2024;08:33;A 21;1;13;32;10;56;2;6;1;5;0;0;2;43;0;0;1;41;3;1;5;58;4;60;7;14;2;60;4;55;0;0;0;0;0;0;0;0;0;0;0;0;1;1;0;0;0;0;0;0;0;0;0;0;0;0;0;0;0;0;0;0;1;1;0;0;0;0;0;0;0;0
11.06.2024;08:32;A 21;1;6;6;6;18;3;1;0;0;0;84;0;0;0;0;1;3;1;2;7;56;6;52;3;14;2;62;1;50;2;3;0;0;0;0;0;0;0;0;0;0;0;0;0;0;0;0;0;0;0;0;0;0;0;0;0;0;0;0;0;0;0;0;0;0;0;0;0;0;0;0
11.06.2024;08:31;A 21;1;3;22;1;33;1;34;2;4;4;45;2;31;1;46;2;48;2;1;1;43;1;27;2;4;1;35;2;36;0;0;0;0;0;0;0;0;0;0;0;0;0;0;0;0;0;0;0;0;0;0;0;0;0;0;0;0;0;0;0;0;0;0;0;0;0;0;0;0;0;0
11.06.2024;08:30;A 21;1;4;3;4;12;1;25;0;0;1;31;2;53;3;38;5;36;2;3;8;61;5;56;2;52;2;70;0;74;0;0;0;0;0;0;0;0;0;0;0;0;1;1;0;0;1;1;0;0;0;0;0;0;0;0;0;0;0;0;0;0;1;1;0;0;0;0;0;0;0;0
11.06.2024;08:29;A 21;1;2;1;2;6;1;8;2;1;3;45;8;8;4;16;8;31;2;1;6;52;3;52;4;20;3;65;6;62;0;0;0;0;0;0;0;0;0;0;0;0;0;0;0;0;0;0;1;1;0;0;0;0;0;0;0;0;0;0;0;0;0;0;0;0;0;0;1;1;0;0
11.06.2024;08:28;A 21;1;2;15;2;7;0;0;0;0;0;30;2;36;0;0;1;45;3;2;2;7;1;5;3;14;1;17;2;17;0;0;0;0;0;0;0;0;0;0;1;1;0;0;0;0;0;0;0;0;0;0;0;0;0;0;0;0;0;0;0;0;0;0;0;0;0;0;0;0;0;0
11.06.2024;08:27;A 21;1;8;15;6;37;1;2;0;0;2;12;2;64;2;6;4;14;1;0;6;37;5;23;1;3;2;43;5;33;0;0;0;0;0;0;0;0;0;0;0;0;0;0;0;0;0;0;0;0;0;0;0;0;0;0;0;0;0;0;0;0;0;0;0;0;0;0;0;0;0;0
11.06.2024;08:26;A 21;1;4;5;4;15;0;0;0;0;2;21;1;1;2;7;2;11;1;0;9;22;6;17;1;2;3;34;5;36;0;0;0;0;0;0;0;0;0;0;0;0;2;3;0;0;0;0;0;0;0;0;0;0;0;0;0;0;0;0;0;0;1;4;0;0;0;0;0;0;0;0
11.06.2024;08:25;A 21;1;6;44;2;58;1;81;2;27;1;38;4;42;1;38;1;6;1;1;3;50;3;72;3;14;3;85;4;41;0;0;0;0;0;0;0;0;0;0;0;0;0;0;0;0;1;1;0;0;0;0;0;0;0;0;0;0;0;0;2;3;0;0;0;0;0;0;0;0;0;0
11.06.2024;08:24;A 21;1;5;33;2;43;1;52;1;7;2;35;2;68;2;39;3;16;3;0;6;25;7;23;6;21;4;44;4;47;0;0;0;0;0;0;0;0;0;0;0;0;0;0;0;0;0;0;0;0;0;0;0;0;0;0;0;0;0;0;0;0;0;0;0;0;0;0;0;0;0;0
11.06.2024;08:23;A 21;1;6;7;4;20;4;45;2;7;3;77;4;24;3;35;5;31;2;0;3;2;2;1;3;12;2;8;2;6;0;0;0;0;0;0;0;0;0;0;0;0;0;0;0;0;0;0;0;0;0;0;0;0;0;0;0;0;0;0;0;0;0;0;0;0;0;0;0;0;0;0
11.06.2024;08:22;A 21;1;4;54;4;28;0;0;0;0;1;40;3;8;1;3;1;52;0;0;4;8;4;8;0;0;2;23;1;17;0;0;0;0;0;0;0;0;0;0;0;0;2;3;0;0;0;0;0;0;0;0;0;0;0;0;0;0;0;0;0;0;0;0;0;0;0;0;0;0;0;0
11.06.2024;08:21;A 21;1;8;23;6;28;0;0;0;0;1;47;1;1;1;7;0;100;2;0;16;29;9;33;2;7;6;40;7;69;0;0;0;0;0;0;2;3;0;0;0;0;0;0;0;0;0;0;0;0;0;0;0;0;0;0;0;0;0;0;0;0;1;1;0;0;0;0;0;0;0;0
11.06.2024;08:20;A 21;1;1;0;1;3;0;0;0;0;0;0;1;54;0;0;0;100;3;0;7;29;6;35;6;18;2;50;3;38;0;0;0;0;0;0;0;0;0;0;0;0;0;0;0;0;4;6;0;0;0;0;0;0;0;0;0;0;0;0;0;0;0;0;0;0;2;4;0;0;0;0
11.06.2024;08:19;A 21;1;6;48;6;58;0;66;0;0;2;33;5;27;0;39;1;92;1;0;1;80;1;81;2;7;2;75;3;3;0;0;0;0;0;0;0;0;0;0;0;0;0;0;0;0;1;1;0;0;0;0;0;0;0;0;0;0;0;0;0;0;0;0;0;0;0;0;0;0;0;0
11.06.2024;08:18;A 21;1;7;24;5;32;4;69;1;51;1;64;5;5;2;37;0;100;4;1;4;39;5;3;4;23;2;19;4;18;1;1;0;0;0;0;0;0;1;1;1;1;0;0;0;0;0;0;0;0;0;0;0;0;0;0;0;0;1;2;1;1;0;0;0;0;0;0;0;0;0;0
11.06.2024;08:17;A 21;1;1;1;1;2;0;100;1;56;2;13;1;82;2;19;0;100;2;1;15;13;16;14;4;11;7;57;13;48;0;0;0;0;0;0;0;0;0;0;0;0;0;0;0;0;0;0;0;0;0;0;0;0;0;0;0;0;0;0;0;0;0;0;0;0;0;0;0;0;0;0
11.06.2024;08:16;A 21;1;3;2;2;8;1;0;1;8;2;2;4;10;2;4;0;100;2;2;3;67;5;63;3;67;2;72;1;79;0;0;0;0;0;0;0;0;0;0;0;0;0;0;0;0;0;0;0;0;0;0;0;0;0;0;0;0;0;0;0;0;0;0;0;0;0;0;1;2;0;0
11.06.2024;08:15;A 21;1;10;62;3;76;3;2;0;0;0;0;1;58;0;0;1;99;5;10;5;28;4;3;7;38;3;16;2;48;0;0;0;0;0;0;0;0;0;0;0;0;0;0;0;0;0;0;0;0;0;0;0;0;0;0;3;9;0;0;0;0;0;0;0;0;0;0;0;0;0;0
11.06.2024;08:14;A 21;1;6;18;5;26;0;0;0;0;2;11;1;12;1;17;0;100;2;1;11;20;8;19;4;17;0;39;4;42;0;0;0;0;0;0;0;0;0;0;0;0;1;1;0;0;0;0;0;0;0;0;0;0;0;0;0;0;0;0;0;0;0;0;0;0;0;0;0;0;0;0
11.06.2024;08:13;A 21;1;3;22;1;30;2;86;0;88;3;44;2;42;0;52;0;100;1;0;5;46;4;35;1;6;2;49;3;50;0;0;0;0;0;0;0;0;0;0;0;0;0;0;0;0;0;0;1;1;0;0;0;0;0;0;0;0;0;0;0;0;0;0;0;0;0;0;0;0;0;0
11.06.2024;08:12;A 21;1;2;11;2;15;2;45;2;59;2;59;4;64;5;60;2;77;2;0;14;42;9;15;2;8;6;47;6;83;0;0;0;0;0;0;0;0;1;1;0;0;0;0;0;0;0;0;0;0;0;0;0;0;0;0;0;0;1;1;0;0;0;0;0;0;0;0;0;0;0;0
11.06.2024;08:11;A 21;1;1;0;1;2;0;0;0;0;0;0;1;97;0;0;1;30;2;1;5;9;6;45;1;8;4;61;3;43;0;0;0;0;0;0;0;0;0;0;0;0;0;0;0;0;0;0;0;0;0;0;0;0;0;0;0;0;0;0;0;0;0;0;0;0;0;0;0;0;0;0
11.06.2024;08:10;A 21;1;2;1;3;7;0;0;1;1;1;4;2;49;2;7;2;14;1;1;3;75;3;54;3;13;4;43;6;34;0;0;0;0;0;0;0;0;0;0;0;0;0;0;0;0;0;0;0;0;0;0;0;0;0;0;0;0;0;0;0;0;0;0;0;0;0;0;0;0;0;0
11.06.2024;08:09;A 21;1;12;17;9;48;2;23;1;28;0;0;1;1;1;2;2;7;4;1;5;9;5;62;4;15;1;74;3;56;0;0;0;0;0;0;0;0;0;0;0;0;0;0;0;0;4;6;0;0;0;0;0;0;0;0;0;0;0;0;0;0;0;0;0;0;5;8;0;0;0;0
11.06.2024;08:08;A 21;1;6;9;2;23;2;91;2;95;1;20;2;60;1;3;1;67;2;0;7;7;6;33;4;13;19;64;8;18;0;0;0;0;0;0;0;0;0;0;0;0;0;0;0;0;0;0;0;0;0;0;0;0;0;0;0;0;0;0;0;0;0;0;0;0;0;0;0;0;0;0
11.06.2024;08:07;A 21;1;2;66;2;58;0;0;0;0;1;48;6;56;0;50;1;75;1;0;2;44;2;45;2;4;0;100;2;52;0;0;0;0;0;0;0;0;0;0;0;0;0;0;0;0;0;0;0;0;0;0;0;0;0;0;0;0;0;0;0;0;0;0;0;0;0;0;0;0;0;0
11.06.2024;08:06;A 21;1;4;28;3;38;0;0;0;0;2;42;4;36;4;31;5;43;2;0;6;65;8;76;4;22;0;100;4;48;0;0;0;0;0;0;0;0;1;1;0;0;0;0;0;0;0;0;0;0;0;0;0;0;0;0;0;0;1;1;0;0;0;0;0;0;0;0;0;0;0;0
11.06.2024;08:05;A 21;1;5;4;4;15;1;0;0;0;1;47;3;86;1;6;3;44;1;1;9;31;11;33;1;5;0;100;1;44;0;0;0;0;1;1;0;0;0;0;0;0;1;1;0;0;0;0;0;0;0;0;0;0;0;0;0;0;0;0;0;0;0;0;0;0;0;0;0;0;0;0
11.06.2024;08:04;A 21;1;1;1;2;8;0;90;0;0;1;1;2;61;1;2;1;14;1;0;5;63;3;65;2;11;0;100;0;100;0;0;0;0;0;0;0;0;1;1;0;0;0;0;0;0;0;0;0;0;0;0;0;0;0;0;0;0;0;0;0;0;0;0;0;0;0;0;0;0;0;0
11.06.2024;08:03;A 21;1;6;17;2;31;2;42;2;11;0;0;1;76;0;0;1;7;2;1;10;80;8;80;4;24;0;100;0;100;0;0;1;1;0;0;1;1;0;0;0;0;0;0;0;0;0;0;0;0;0;0;1;1;0;0;1;1;0;0;0;0;0;0;0;0;0;0;0;0;0;0
11.06.2024;08:02;A 21;1;6;42;6;38;0;0;1;4;2;31;3;65;4;13;2;75;2;1;3;91;2;91;3;11;0;100;0;100;0;0;0;0;0;0;1;1;0;0;0;0;0;0;0;0;0;0;0;0;0;0;0;0;0;0;1;1;0;0;0;0;0;0;0;0;0;0;0;0;0;0
11.06.2024;08:01;A 21;1;4;17;4;27;0;0;0;0;0;26;3;36;0;0;4;13;1;0;1;78;1;39;1;4;1;46;2;79;0;0;0;0;0;0;0;0;0;0;0;0;0;0;0;0;1;1;0;0;0;0;0;0;0;0;0;0;0;0;0;0;0;0;0;0;0;0;0;0;0;0
11.06.2024;08:00;A 21;1;8;10;7;29;3;43;2;18;8;20;7;20;2;23;3;35;6;4;5;49;4;63;2;39;3;57;3;57;0;0;0;0;0;0;0;0;0;0;0;0;0;0;0;0;0;0;0;0;0;0;0;0;0;0;0;0;0;0;0;0;0;0;0;0;0;0;0;0;0;0
11.06.2024;07:59;A 21;1;0;0;0;0;2;78;1;5;1;96;2;96;1;66;2;47;1;23;8;33;8;34;5;51;0;50;3;61;0;0;0;0;0;0;0;0;0;0;0;0;0;0;0;0;0;0;0;0;0;0;0;0;0;0;0;0;0;0;0;0;0;0;0;0;0;0;0;0;0;0
11.06.2024;07:58;A 21;1;1;29;1;7;2;94;1;97;3;60;1;48;3;61;4;14;4;13;6;71;3;54;6;57;5;76;2;93;0;0;0;0;0;0;0;0;0;0;0;0;0;0;0;0;0;0;0;0;0;0;0;0;0;0;0;0;0;0;0;0;0;0;0;0;0;0;0;0;0;0
11.06.2024;07:57;A 21;1;9;20;6;44;3;57;3;22;1;37;1;19;2;20;2;6;1;1;3;90;3;79;4;25;0;85;1;83;0;0;0;0;0;0;0;0;0;0;0;0;0;0;0;0;0;0;0;0;0;0;0;0;0;0;0;0;0;0;0;0;0;0;0;0;0;0;0;0;0;0
11.06.2024;07:56;A 21;1;1;1;1;3;0;0;0;0;1;73;2;81;0;5;1;83;2;1;3;76;3;75;4;19;1;86;2;36;0;0;0;0;0;0;0;0;0;0;0;0;0;0;2;3;0;0;0;0;0;0;0;0;0;0;0;0;0;0;0;0;0;0;0;0;0;0;1;4;0;0
11.06.2024;07:55;A 21;1;6;48;3;64;1;78;1;18;1;1;6;71;3;4;3;60;0;0;2;75;2;62;0;0;3;26;3;78;0;0;0;0;0;0;0;0;0;0;2;3;0;0;0;0;0;0;0;0;0;0;0;0;0;0;0;0;1;1;0;0;0;0;0;0;1;1;0;0;0;0
11.06.2024;07:54;A 21;1;9;9;7;35;3;83;1;52;0;1;2;31;0;0;2;38;2;1;5;77;2;47;2;10;1;65;1;91;1;1;0;0;0;0;0;0;0;0;0;0;0;0;0;0;0;0;0;0;0;0;0;0;0;0;0;0;0;0;0;0;0;0;0;0;0;0;0;0;0;0
11.06.2024;07:53;A 21;1;3;2;3;7;1;57;2;44;2;46;2;37;4;41;3;13;4;2;12;29;10;28;6;25;5;58;4;45;0;0;0;0;0;0;0;0;0;0;0;0;0;0;0;0;0;0;0;0;0;0;0;0;0;0;0;0;0;0;0;0;0;0;0;0;0;0;0;0;0;0
11.06.2024;07:52;A 21;1;4;3;3;13;3;33;2;15;0;46;2;52;0;0;0;53;0;0;8;48;6;48;2;7;2;66;3;64;0;0;0;0;0;0;0;0;0;0;0;0;0;0;0;0;0;0;0;0;0;0;0;0;0;0;0;0;0;0;0;0;0;0;0;0;0;0;0;0;0;0
11.06.2024;07:51;A 21;1;7;13;2;34;6;9;0;50;6;78;3;59;5;21;8;23;4;3;5;86;7;81;2;65;0;100;0;100;0;0;0;0;0;0;0;0;0;0;0;0;0;0;0;0;0;0;0;0;0;0;0;0;0;0;0;0;0;0;0;0;0;0;0;0;0;0;0;0;0;0
11.06.2024;07:50;A 21;1;8;6;6;22;0;68;0;100;0;99;0;96;0;100;0;0;2;0;10;53;10;43;3;15;4;83;0;100;0;0;0;0;0;0;0;0;0;0;0;0;0;0;0;0;0;0;0;0;0;0;0;0;0;0;0;0;0;0;0;0;0;0;0;0;0;0;0;0;0;0
11.06.2024;07:49;A 21;1;5;8;2;70;3;87;4;63;2;58;3;65;3;43;3;46;2;2;1;69;2;4;1;4;2;29;1;76;0;0;0;0;0;0;0;0;0;0;0;0;0;0;0;0;0;0;1;1;0;0;0;0;0;0;0;0;0;0;0;0;0;0;0;0;0;0;1;1;0;0
11.06.2024;07:48;A 21;1;3;43;2;7;3;69;1;78;1;27;3;75;1;12;3;82;1;1;8;51;9;54;2;8;1;74;3;65;0;0;0;0;0;0;0;0;0;0;1;1;1;1;0;0;2;3;0;0;0;0;0;0;0;0;0;0;0;0;1;1;0;0;0;0;0;0;0;0;0;0
11.06.2024;07:47;A 21;1;3;3;3;14;1;98;1;99;0;0;2;90;0;0;1;80;4;3;13;22;10;8;9;30;3;36;8;40;1;1;0;0;0;0;0;0;0;0;0;0;0;0;0;0;1;1;0;0;0;0;0;0;0;0;0;0;0;0;0;0;1;2;0;0;1;1;0;0;0;0
11.06.2024;07:46;A 21;1;4;50;3;67;2;80;1;87;1;1;3;39;3;8;3;47;3;1;1;38;0;0;4;18;2;4;4;15;0;0;0;0;0;0;0;0;0;0;0;0;0;0;0;0;0;0;0;0;0;0;0;0;0;0;0;0;0;0;0;0;0;0;0;0;0;0;0;0;0;0
11.06.2024;07:45;A 21;1;7;56;2;68;4;77;2;88;1;1;8;36;1;2;2;40;2;1;5;47;6;50;2;9;1;65;6;42;0;0;0;0;0;0;0;0;0;0;0;0;0;0;0;0;0;0;0;0;0;0;0;0;0;0;0;0;0;0;0;0;0;0;0;0;0;0;0;0;0;0
11.06.2024;07:44;A 21;1;10;21;9;36;0;100;1;76;0;0;0;99;0;0;1;98;3;1;10;16;9;20;2;7;5;44;5;29;0;0;0;0;1;1;0;0;0;0;0;0;0;0;0;0;0;0;0;0;0;0;1;1;0;0;1;1;0;0;0;0;0;0;0;0;0;0;0;0;0;0
11.06.2024;07:43;A 21;1;4;28;2;22;2;78;1;5;1;49;3;70;1;5;1;62;2;0;6;12;5;14;3;9;5;33;4;9;0;0;0;0;0;0;0;0;1;1;0;0;0;0;0;0;0;0;0;0;0;0;0;0;0;0;0;0;0;0;0;0;0;0;0;0;0;0;0;0;0;0
11.06.2024;07:42;A 21;1;5;37;3;50;1;0;1;1;3;9;4;57;2;9;3;66;0;0;11;33;11;11;3;15;8;53;5;36;0;0;0;0;0;0;0;0;0;0;0;0;0;0;0;0;0;0;0;0;0;0;0;0;0;0;0;0;0;0;0;0;0;0;0;0;0;0;0;0;0;0
11.06.2024;07:41;A 21;1;7;29;1;48;1;1;0;0;0;0;2;76;0;0;1;6;2;19;8;53;7;50;1;6;2;63;0;71;2;3;0;0;0;0;0;0;0;0;1;1;0;0;0;0;0;0;0;0;0;0;0;0;0;0;0;0;0;0;1;1;0;0;0;0;0;0;0;0;0;0
11.06.2024;07:40;A 21;1;3;42;4;45;2;19;1;19;1;75;2;61;1;13;2;69;1;0;4;79;3;71;3;24;2;61;1;75;1;1;0;0;0;0;0;0;0;0;0;0;1;1;0;0;1;1;0;0;0;0;0;0;0;0;0;0;0;0;0;0;1;1;0;0;1;1;0;0;0;0
11.06.2024;07:39;A 21;1;8;45;4;37;1;49;2;39;2;64;8;14;2;15;5;30;1;1;3;33;1;1;2;9;2;8;4;76;0;0;0;0;0;0;0;0;0;0;0;0;0;0;0;0;0;0;0;0;0;0;0;0;0;0;0;0;0;0;0;0;0;0;0;0;0;0;0;0;0;0
11.06.2024;07:38;A 21;1;2;2;1;8;0;0;0;0;1;97;1;86;1;91;0;100;2;5;13;35;10;33;3;15;5;59;4;65;0;0;0;0;0;0;0;0;0;0;0;0;0;0;2;3;0;0;0;0;0;0;0;0;0;0;0;0;0;0;0;0;0;0;0;0;0;0;0;0;0;0
11.06.2024;07:37;A 21;1;2;47;2;13;4;88;1;92;3;42;3;12;3;25;4;9;1;2;1;14;1;15;2;12;1;23;2;18;0;0;0;0;0;0;0;0;2;3;1;1;0;0;3;5;0;0;0;0;0;0;0;0;0;0;0;0;2;8;3;5;0;0;0;0;0;0;0;0;0;0
11.06.2024;07:36;A 21;1;7;6;6;22;4;78;2;83;6;57;4;58;3;41;6;18;1;0;4;68;4;43;3;16;1;56;2;50;1;1;0;0;0;0;0;0;0;0;0;0;0;0;2;4;1;1;0;0;0;0;0;0;0;0;0;0;0;0;0;0;0;0;0;0;1;1;0;0;0;0
11.06.2024;07:35;A 21;1;6;4;5;16;0;100;1;97;1;97;0;0;0;100;0;0;5;1;7;9;9;8;7;20;5;35;4;31;0;0;0;0;0;0;0;0;0;0;0;0;0;0;0;0;0;0;0;0;0;0;0;0;0;0;0;0;0;0;0;0;0;0;0;0;0;0;0;0;0;0
11.06.2024;07:34;A 21;1;6;11;4;38;2;71;2;10;1;59;3;39;3;24;3;6;1;1;2;1;0;0;4;16;1;0;2;8;0;0;0;0;0;0;0;0;0;0;0;0;0;0;0;0;0;0;0;0;0;0;0;0;0;0;0;0;0;0;0;0;0;0;0;0;0;0;0;0;0;0
11.06.2024;07:33;A 21;1;10;41;5;54;3;20;2;14;1;5;2;74;2;3;2;8;1;2;5;83;7;39;3;16;2;61;3;83;1;1;0;0;0;0;0;0;0;0;0;0;1;1;0;0;0;0;0;0;0;0;0;0;0;0;0;0;0;0;0;0;1;1;0;0;0;0;0;0;0;0
11.06.2024;07:32;A 21;1;4;8;3;17;0;0;0;0;0;0;5;87;0;0;2;97;4;1;7;28;5;11;3;27;2;18;1;47;1;1;0;0;0;0;0;0;0;0;0;0;0;0;0;0;3;6;0;0;0;0;0;0;0;0;0;0;0;0;0;0;0;0;0;0;0;0;0;0;0;0
11.06.2024;07:31;A 21;1;5;26;6;27;2;77;0;81;1;32;2;33;2;23;3;16;0;0;1;17;1;12;1;20;1;21;1;25;0;0;0;0;0;0;0;0;0;0;0;0;0;0;0;0;0;0;0;0;0;0;0;0;0;0;0;0;0;0;0;0;0;0;0;0;0;0;0;0;0;0
11.06.2024;07:30;A 21;1;4;50;1;50;1;84;1;50;1;47;1;60;2;6;2;40;2;33;6;38;5;33;2;20;3;49;1;52;0;0;0;0;0;0;0;0;0;0;1;1;0;0;0;0;0;0;0;0;0;0;0;0;0;0;0;0;0;0;1;2;0;0;0;0;0;0;0;0;0;0
11.06.2024;07:29;A 21;1;2;2;2;9;1;48;1;5;3;75;3;56;2;74;2;31;2;1;5;40;2;3;4;6;1;8;0;57;0;0;0;0;0;0;0;0;0;0;0;0;0;0;0;0;0;0;0;0;0;0;0;0;0;0;0;0;0;0;0;0;0;0;0;0;0;0;0;0;0;0
11.06.2024;07:28;A 21;1;7;31;4;47;0;71;0;0;0;36;1;41;0;0;2;42;0;0;4;18;1;18;1;3;1;26;3;31;0;0;0;0;0;0;0;0;0;0;0;0;0;0;0;0;0;0;0;0;0;0;0;0;0;0;0;0;0;0;0;0;0;0;0;0;0;0;0;0;0;0
11.06.2024;07:27;A 21;1;9;46;1;56;1;63;1;5;2;7;2;63;1;5;10;63;2;0;6;55;3;25;4;15;1;34;1;78;0;0;0;0;0;0;0;0;0;0;0;0;0;0;0;0;0;0;0;0;0;0;0;0;0;0;0;0;0;0;0;0;0;0;0;0;0;0;0;0;0;0
11.06.2024;07:26;A 21;1;5;8;3;16;2;30;1;5;1;37;0;84;1;3;0;0;3;2;3;7;2;4;1;20;1;8;2;11;0;0;0;0;0;0;0;0;0;0;0;0;1;1;0;0;0;0;0;0;0;0;0;0;0;0;0;0;0;0;0;0;1;1;0;0;0;0;0;0;0;0
11.06.2024;07:25;A 21;1;5;50;5;21;1;74;1;44;1;31;2;17;0;0;2;9;0;0;1;22;1;22;1;4;2;17;1;30;0;0;0;0;0;0;0;0;0;0;0;0;0;0;0;0;0;0;0;0;0;0;0;0;0;0;0;0;0;0;0;0;0;0;0;0;1;1;0;0;0;0
11.06.2024;07:24;A 21;1;8;47;2;65;1;50;1;4;2;59;0;0;2;7;1;1;4;1;5;63;3;4;2;8;2;15;3;29;0;0;0;0;0;0;0;0;0;0;0;0;0;0;0;0;0;0;0;0;0;0;0;0;0;0;0;0;1;3;0;0;0;0;0;0;1;1;0;0;0;0
11.06.2024;07:23;A 21;1;7;23;8;37;2;72;1;5;2;34;3;92;2;27;1;91;1;0;2;48;2;23;0;0;1;27;2;17;0;0;0;0;0;0;0;0;0;0;0;0;0;0;0;0;0;0;0;0;0;0;0;0;0;0;0;0;0;0;0;0;0;0;0;0;0;0;0;0;0;0
11.06.2024;07:22;A 21;1;3;33;2;42;1;93;0;97;1;47;6;62;2;0;1;62;0;0;1;66;1;17;1;4;1;23;2;11;0;0;0;0;0;0;0;0;0;0;0;0;0;0;0;0;0;0;0;0;0;0;0;0;0;0;0;0;0;0;0;0;0;0;0;0;0;0;0;0;0;0
11.06.2024;07:21;A 21;1;5;30;2;42;1;37;2;32;2;19;3;81;2;9;3;42;1;0;9;19;7;4;2;10;6;25;7;32;0;0;0;0;0;0;0;0;0;0;0;0;0;0;0;0;0;0;0;0;0;0;0;0;0;0;0;0;0;0;0;0;0;0;0;0;0;0;0;0;0;0
11.06.2024;07:20;A 21;1;3;8;4;18;0;0;0;0;3;87;3;78;0;94;3;36;0;0;3;3;3;3;0;0;0;10;2;7;0;0;0;0;0;0;0;0;0;0;0;0;0;0;0;0;0;0;0;0;0;0;0;0;0;0;0;0;0;0;0;0;0;0;0;0;0;0;0;0;0;0
11.06.2024;07:19;A 21;1;4;15;2;28;0;0;0;0;1;24;0;0;2;24;0;0;1;2;1;29;1;30;5;42;1;37;2;32;0;0;0;0;0;0;0;0;0;0;0;0;0;0;0;0;0;0;0;0;0;0;0;0;0;0;0;0;0;0;0;0;0;0;0;0;0;0;0;0;0;0
11.06.2024;07:18;A 21;1;3;14;3;23;0;0;0;0;0;0;0;0;0;0;0;0;1;0;2;51;2;14;1;4;1;23;3;37;0;0;0;0;0;0;0;0;0;0;0;0;1;1;0;0;0;0;0;0;0;0;0;0;0;0;0;0;0;0;0;0;1;1;0;0;0;0;0;0;0;0
11.06.2024;07:17;A 21;1;1;0;1;2;0;0;0;0;0;0;1;78;0;0;0;3;2;2;9;18;5;4;3;13;2;25;0;34;0;0;0;0;0;0;0;0;0;0;0;0;0;0;0;0;0;0;0;0;0;0;0;0;0;0;0;0;0;0;0;0;0;0;0;0;1;1;0;0;0;0
11.06.2024;07:16;A 21;1;6;44;3;56;2;30;1;11;1;38;1;40;1;13;2;22;0;0;2;23;1;0;0;0;1;8;1;31;0;0;0;0;0;0;0;0;0;0;0;0;0;0;0;0;0;0;0;0;0;0;1;1;0;0;1;1;0;0;0;0;0;0;0;0;0;0;0;0;0;0
11.06.2024;07:15;A 21;1;5;5;4;12;0;57;0;0;1;53;1;76;1;5;2;8;1;0;5;71;4;26;2;56;2;38;2;81;0;0;0;0;0;0;0;0;0;0;0;0;0;0;0;0;0;0;0;0;0;0;0;0;0;0;0;0;0;0;0;0;0;0;0;0;0;0;1;3;0;0
11.06.2024;07:14;A 21;1;1;1;1;10;1;4;1;12;0;0;3;58;0;0;0;63;0;0;0;0;0;0;0;0;0;0;0;0;0;0;0;0;0;0;0;0;0;0;0;0;0;0;0;0;0;0;0;0;0;0;0;0;0;0;0;0;0;0;0;0;0;0;0;0;0;0;0;0;0;0
11.06.2024;07:13;A 21;1;6;50;3;62;0;0;0;0;0;29;0;0;0;0;1;2;0;0;5;3;2;1;1;8;2;7;4;16;0;0;0;0;0;0;0;0;0;0;0;0;0;0;0;0;0;0;0;0;0;0;0;0;0;0;0;0;0;0;0;0;0;0;0;0;0;0;0;0;0;0
11.06.2024;07:12;A 21;1;9;47;2;67;0;0;0;0;2;33;1;4;1;8;0;4;0;0;3;42;1;6;1;2;1;11;4;32;0;0;0;0;0;0;0;0;0;0;0;0;0;0;0;0;0;0;0;0;0;0;0;0;0;0;0;0;0;0;0;0;0;0;0;0;0;0;0;0;0;0
11.06.2024;07:11;A 21;1;2;1;1;5;0;0;0;0;1;97;1;96;1;79;0;100;0;0;11;23;5;16;2;9;4;23;4;57;0;0;0;0;0;0;0;0;0;0;0;0;0;0;11;21;0;0;1;1;0;0;0;0;0;0;0;0;0;0;0;0;0;0;0;0;0;0;0;0;0;0
11.06.2024;07:10;A 21;1;4;2;4;10;2;26;1;4;2;5;4;29;3;13;2;36;1;0;2;34;0;0;0;0;1;2;2;46;0;0;0;0;0;0;0;0;0;0;0;0;0;0;1;0;0;0;0;0;0;0;0;0;0;0;0;0;0;0;0;0;0;0;0;0;0;0;0;0;0;0
11.06.2024;07:09;A 21;1;5;32;1;44;0;27;0;0;0;0;1;30;0;0;2;34;0;0;1;33;1;28;1;5;1;9;1;8;0;0;0;0;0;0;0;0;0;0;0;0;0;0;0;0;0;0;0;0;0;0;0;0;0;0;0;0;0;0;0;0;0;0;0;0;0;0;0;0;0;0
11.06.2024;07:08;A 21;1;2;1;1;8;1;88;1;4;1;31;2;43;1;4;2;11;1;0;1;0;0;0;0;0;0;0;1;3;0;0;0;0;0;0;0;0;0;0;0;0;0;0;0;0;0;0;0;0;0;0;0;0;0;0;0;0;0;0;0;0;0;0;0;0;0;0;0;0;0;0
11.06.2024;07:07;A 21;1;2;1;3;6;0;0;0;0;3;21;0;29;2;7;0;0;0;0;1;29;0;0;0;0;0;0;1;11;0;0;0;0;0;0;0;0;0;0;0;0;0;0;0;0;0;0;0;0;0;0;0;0;0;0;0;0;0;0;0;0;0;0;0;0;0;0;0;0;0;0
11.06.2024;07:06;A 21;1;3;34;3;39;1;26;0;0;0;0;1;50;0;0;1;5;0;0;8;37;3;34;1;4;3;52;4;38;0;0;0;0;0;0;0;0;0;0;0;0;0;0;0;0;0;0;0;0;0;0;0;0;0;0;0;0;0;0;0;0;0;0;0;0;0;0;0;0;0;0
11.06.2024;07:05;A 21;1;2;2;1;11;1;84;2;4;1;84;1;84;1;70;2;70;1;0;1;18;2;15;2;27;1;20;1;22;0;0;0;0;0;0;0;0;0;0;0;0;0;0;0;0;0;0;0;0;0;0;0;0;0;0;0;0;0;0;0;0;0;0;0;0;0;0;0;0;0;0
11.06.2024;07:04;A 21;1;2;39;5;16;0;0;0;0;1;6;4;55;1;4;4;46;0;0;2;68;1;68;1;33;1;75;2;42;0;0;0;0;0;0;1;1;0;0;0;0;0;0;0;0;0;0;0;0;0;0;0;0;0;0;1;1;0;0;0;0;0;0;0;0;0;0;0;0;0;0
11.06.2024;07:03;A 21;1;4;23;2;32;1;1;0;0;0;0;1;41;0;0;1;5;0;0;6;3;1;0;0;0;1;4;5;14;0;0;0;0;0;0;0;0;0;0;0;0;1;1;0;0;0;0;0;0;0;0;0;0;0;0;0;0;0;0;0;0;0;0;0;0;0;0;0;0;0;0
11.06.2024;07:02;A 21;1;0;0;1;2;0;0;0;0;1;1;4;88;1;8;2;87;1;0;3;1;1;0;1;4;1;3;2;8;0;0;0;0;0;0;0;0;0;0;0;0;0;0;0;0;0;0;0;0;0;0;0;0;0;0;0;0;0;0;0;0;0;0;0;0;0;0;0;0;0;0
11.06.2024;07:01;A 21;1;4;59;3;69;0;0;0;0;1;34;2;33;1;11;1;35;0;0;1;0;1;0;0;0;1;3;1;3;0;0;0;0;0;0;0;0;0;0;0;0;0;0;0;0;0;0;0;0;0;0;0;0;0;0;0;0;0;0;0;0;0;0;0;0;0;0;0;0;0;0
11.06.2024;07:00;A 21;1;8;27;5;35;2;1;2;5;1;42;1;71;1;5;2;75;0;0;6;39;2;34;0;0;2;45;4;44;0;0;0;0;0;0;0;0;0;0;0;0;0;0;0;0;0;0;0;0;0;0;0;0;0;0;0;0;0;0;0;0;0;0;0;0;0;0;0;0;0;0
11.06.2024;06:59;A 21;1;3;4;2;8;2;10;0;0;0;0;0;0;0;0;0;0;1;1;3;6;0;0;1;4;0;0;2;12;0;0;0;0;0;0;0;0;0;0;0;0;0;0;0;0;0;0;0;0;0;0;0;0;0;0;0;0;0;0;0;0;0;0;0;0;0;0;0;0;0;0
11.06.2024;06:58;A 21;1;4;31;2;48;1;59;1;5;0;31;2;33;0;0;1;5;0;0;1;22;0;0;1;3;0;0;1;29;0;0;0;0;0;0;0;0;1;4;0;0;0;0;0;0;0;0;0;0;0;0;0;0;0;0;0;0;0;0;0;0;0;0;0;0;0;0;0;0;0;0
11.06.2024;06:57;A 21;1;4;5;2;15;0;0;0;0;1;35;1;29;1;5;1;5;1;0;4;2;1;0;1;3;1;2;3;10;0;0;0;0;0;0;0;0;0;0;0;0;0;0;0;0;0;0;0;0;0;0;0;0;0;0;0;0;0;0;0;0;0;0;0;0;0;0;0;0;0;0
11.06.2024;06:56;A 21;1;0;0;0;0;1;6;0;10;0;0;1;1;0;0;1;2;2;18;4;36;2;32;2;41;2;20;0;46;0;0;0;0;0;0;0;0;0;0;0;0;0;0;0;0;0;0;0;0;0;0;0;0;0;0;0;0;0;0;0;0;0;0;0;0;0;0;0;0;0;0
11.06.2024;06:55;A 21;1;4;50;3;44;0;44;1;84;1;1;1;1;1;3;1;5;1;1;1;88;1;47;1;64;1;21;1;92;0;0;0;0;0;0;0;0;0;0;0;0;0;0;0;0;0;0;0;0;0;0;0;0;0;0;0;0;0;0;0;0;0;0;0;0;0;0;0;0;0;0
11.06.2024;06:54;A 21;1;4;20;2;34;1;10;2;2;0;0;1;0;1;0;0;0;0;0;2;0;1;0;0;1;1;3;1;3;0;0;0;0;0;0;0;0;0;0;0;0;0;0;0;0;0;0;0;0;0;0;0;0;0;0;0;0;0;0;0;0;0;0;0;0;0;0;0;0;0;0
11.06.2024;06:53;A 21;1;0;0;0;0;0;0;0;0;2;70;1;2;2;17;2;8;0;0;5;22;2;19;1;3;1;25;2;31;0;0;0;0;0;0;0;0;0;0;0;0;0;0;0;0;0;0;0;0;0;0;0;0;0;0;0;0;0;0;0;0;0;0;0;0;0;0;0;0;0;0
11.06.2024;06:52;A 21;1;3;53;3;16;1;81;1;5;1;50;1;49;1;51;1;40;0;0;3;63;2;47;3;5;1;55;3;53;0;0;0;0;0;0;0;0;0;0;0;0;0;0;0;0;0;0;0;0;0;0;0;0;0;0;0;0;0;0;0;0;0;0;0;0;0;0;0;0;0;0
11.06.2024;06:51;A 21;1;5;36;2;17;0;0;0;0;1;69;1;20;2;9;3;8;0;0;9;5;7;5;1;2;4;22;5;24;0;0;0;0;0;0;0;0;0;0;0;0;0;0;0;0;0;0;0;0;0;0;0;0;0;0;0;0;0;0;0;0;0;0;0;0;0;0;0;0;0;0
11.06.2024;06:50;A 21;1;1;6;1;9;0;0;0;0;0;0;0;0;2;2;0;0;0;0;1;0;1;0;0;0;1;3;1;3;0;0;0;0;0;0;0;0;0;0;0;0;0;0;0;0;0;0;0;0;0;0;0;0;0;0;0;0;0;0;0;0;0;0;0;0;0;0;0;0;0;0
11.06.2024;06:49;A 21;1;2;58;1;65;0;0;0;0;0;0;2;35;0;0;0;37;1;0;2;2;0;0;1;8;0;0;2;11;0;0;0;0;0;0;0;0;0;0;0;0;0;0;0;0;0;0;0;0;0;0;0;0;0;0;0;0;0;0;0;0;0;0;0;0;0;0;0;0;0;0
11.06.2024;06:48;A 21;1;5;38;2;44;0;0;0;0;0;0;1;66;0;0;2;43;1;1;2;10;1;0;4;14;1;4;2;26;0;0;0;0;0;0;0;0;0;0;0;0;0;0;0;0;0;0;0;0;0;0;0;0;0;0;0;0;0;0;0;0;0;0;0;0;0;0;0;0;0;0
11.06.2024;06:47;A 21;1;6;14;5;25;0;0;0;0;0;0;0;0;0;0;0;0;1;0;2;1;1;0;3;11;1;3;2;6;0;0;0;0;0;0;0;0;0;0;0;0;0;0;0;0;0;0;0;0;0;0;0;0;0;0;0;0;0;0;0;0;0;0;0;0;0;0;0;0;0;0
11.06.2024;06:46;A 21;1;2;25;2;10;0;0;0;0;1;26;1;0;0;5;0;0;1;0;2;2;0;0;1;3;0;0;2;10;0;0;0;0;0;0;0;0;0;0;0;0;0;0;0;0;0;0;0;0;0;0;0;0;0;0;0;0;0;0;0;0;0;0;0;0;0;0;0;0;0;0
11.06.2024;06:45;A 21;1;3;42;1;52;0;0;0;0;1;0;1;0;2;1;3;3;0;0;1;36;2;2;1;3;1;10;1;9;0;0;0;0;0;0;0;0;0;0;0;0;0;0;0;0;0;0;0;0;0;0;0;0;0;0;0;0;0;0;0;0;0;0;0;0;0;0;0;0;0;0
11.06.2024;06:44;A 21;1;3;17;4;25;0;0;0;0;2;38;4;74;2;9;3;34;1;0;6;15;1;1;3;9;0;3;4;19;0;0;0;0;0;0;0;0;0;0;0;0;0;0;0;0;0;0;0;0;0;0;0;0;0;0;0;0;0;0;0;0;0;0;0;0;0;0;0;0;0;0
11.06.2024;06:43;A 21;1;4;43;3;53;0;0;0;0;2;26;0;0;2;6;1;0;0;0;1;34;1;34;0;0;1;40;1;40;0;0;0;0;0;0;0;0;0;0;0;0;0;0;0;0;0;0;0;0;0;0;0;0;0;0;0;0;0;0;0;0;0;0;0;0;0;0;0;0;0;0
11.06.2024;06:42;A 21;1;10;28;3;50;2;20;0;0;0;0;0;0;0;0;0;0;2;4;1;44;1;22;1;8;1;13;1;46;0;0;0;0;0;0;0;0;0;0;0;0;0;0;0;0;0;0;0;0;0;0;0;0;0;0;0;0;0;0;0;0;0;0;0;0;0;0;0;0;0;0
11.06.2024;06:41;A 21;1;1;16;1;20;1;87;1;9;1;40;2;75;1;5;2;9;1;1;9;35;2;6;2;7;1;10;6;62;0;0;0;0;0;0;0;0;0;0;0;0;0;0;0;0;0;0;0;0;0;0;0;0;0;0;0;0;0;0;0;0;0;0;0;0;0;0;0;0;0;0
11.06.2024;06:40;A 21;1;1;38;1;7;1;41;1;7;0;0;0;0;0;0;1;0;0;0;0;0;1;12;1;4;1;20;0;0;0;0;0;0;0;0;0;0;0;0;0;0;0;0;0;0;0;0;0;0;0;0;0;0;0;0;0;0;0;0;0;0;0;0;0;0;0;0;0;0;0;0
11.06.2024;06:39;A 21;1;5;33;0;44;0;47;0;0;0;0;0;0;0;0;0;0;1;1;6;64;2;0;4;14;2;6;4;56;0;0;0;0;0;0;0;0;0;0;0;0;0;0;0;0;0;0;0;0;0;0;0;0;0;0;0;0;0;0;0;0;0;0;0;0;0;0;0;0;0;0
11.06.2024;06:38;A 21;1;2;26;1;32;1;46;0;0;1;81;1;78;1;30;2;14;0;0;1;10;0;2;0;10;0;2;0;11;0;0;0;0;0;0;0;0;0;0;0;0;0;0;0;0;0;0;0;0;0;0;0;0;0;0;0;0;0;0;0;0;0;0;0;0;0;0;0;0;0;0
11.06.2024;06:37;A 21;1;5;48;4;64;1;15;1;9;1;41;3;63;1;38;1;38;0;0;1;9;1;0;1;13;1;7;1;16;0;0;0;0;0;0;0;0;0;0;0;0;1;1;0;0;0;0;0;0;0;0;0;0;0;0;0;0;0;0;0;0;1;1;0;0;0;0;0;0;0;0
11.06.2024;06:36;A 21;1;2;46;1;50;0;0;0;0;2;34;2;20;2;40;5;40;1;0;3;13;2;13;3;10;2;24;3;9;0;0;0;0;0;0;0;0;0;0;0;0;0;0;0;0;0;0;0;0;0;0;0;0;0;0;0;0;0;0;0;0;0;0;0;0;0;0;0;0;0;0
11.06.2024;06:35;A 21;1;2;13;3;19;0;0;0;0;0;94;1;58;0;0;2;10;0;0;2;1;0;0;0;0;0;0;2;8;0;0;0;0;0;0;0;0;0;0;0;0;0;0;0;0;0;0;0;0;0;0;0;0;0;0;0;0;0;0;0;0;0;0;0;0;0;0;0;0;0;0
11.06.2024;06:34;A 21;1;4;4;4;14;0;0;0;0;1;63;0;0;1;4;1;0;0;0;4;2;0;0;0;0;0;0;4;14;0;0;0;0;0;0;0;0;0;0;0;0;0;0;0;0;0;0;0;0;0;0;0;0;0;0;0;0;0;0;0;0;0;0;0;0;0;0;0;0;0;0
11.06.2024;06:33;A 21;1;0;0;0;0;0;0;0;0;1;22;1;87;1;7;1;78;1;0;2;1;1;0;0;0;1;4;2;7;0;0;0;0;0;0;0;0;0;0;0;0;0;0;0;0;0;0;0;0;0;0;0;0;0;0;0;0;0;0;0;0;0;0;0;0;0;0;0;0;0;0
11.06.2024;06:32;A 21;1;2;10;1;52;0;0;0;0;0;0;1;22;0;0;1;5;0;0;2;1;1;0;1;2;1;3;2;5;0;0;0;0;0;0;0;0;0;0;0;0;0;0;0;0;0;0;0;0;0;0;0;0;0;0;0;0;0;0;0;0;0;0;0;0;0;0;0;0;0;0
11.06.2024;06:31;A 21;1;0;0;0;0;0;0;0;0;0;95;2;2;0;0;1;0;1;0;2;2;0;0;2;4;0;0;2;6;0;0;0;0;0;0;0;0;0;0;0;0;0;0;0;0;0;0;0;0;0;0;0;0;0;0;0;0;0;0;0;0;0;0;0;0;0;0;0;0;0;0
11.06.2024;06:30;A 21;1;3;2;3;9;0;0;0;0;1;10;0;0;1;4;1;1;1;0;3;41;0;0;1;43;0;0;3;25;0;0;0;0;0;0;0;0;0;0;0;0;0;0;0;0;0;0;0;0;0;0;0;0;0;0;0;0;0;0;0;0;0;0;0;0;0;0;0;0;0;0
11.06.2024;06:29;A 21;1;1;1;1;4;0;0;0;0;0;0;1;37;0;0;1;3;0;0;6;5;2;1;0;3;2;8;2;19;0;0;0;0;0;0;0;0;0;0;0;0;0;0;0;0;0;0;0;0;0;0;0;0;0;0;0;0;0;0;0;0;0;0;0;0;0;0;0;0;0;0
11.06.2024;06:28;A 21;1;4;3;3;12;0;25;0;0;0;0;2;14;0;0;1;6;1;1;4;63;2;59;3;10;2;13;6;70;0;0;0;0;0;0;0;0;0;0;0;0;0;0;0;0;0;0;0;0;0;0;0;0;0;0;0;0;0;0;0;0;0;0;0;0;0;0;0;0;0;0
11.06.2024;06:27;A 21;1;1;0;2;3;1;28;1;7;1;0;0;0;0;1;0;0;3;1;1;39;1;33;4;12;0;35;0;40;0;0;0;0;0;0;0;0;0;0;0;0;0;0;0;0;0;0;0;0;0;0;0;0;0;0;0;0;0;0;0;0;0;0;0;0;0;0;0;0;0;0
11.06.2024;06:26;A 21;1;1;25;0;25;0;0;0;0;0;0;0;0;1;1;0;0;0;0;3;34;0;21;1;3;1;26;3;28;0;0;0;0;0;0;0;0;0;0;0;0;0;0;0;0;0;0;0;0;0;0;0;0;0;0;0;0;0;0;0;0;0;0;0;0;0;0;0;0;0;0
11.06.2024;06:25;A 21;1;5;9;6;22;0;0;0;0;1;17;0;0;1;3;1;1;0;0;1;43;1;44;0;0;1;47;2;3;0;0;0;0;0;0;0;0;0;0;0;0;0;0;0;0;0;0;0;0;0;0;0;0;0;0;0;0;0;0;0;0;0;0;0;0;0;0;0;0;0;0
11.06.2024;06:24;A 21;1;0;0;0;0;0;0;0;0;1;0;1;0;1;3;1;2;1;1;1;0;1;0;1;8;1;4;1;3;0;0;0;0;0;0;0;0;0;0;0;0;0;0;0;0;0;0;0;0;0;0;0;0;0;0;0;0;0;0;0;0;0;0;0;0;0;0;0;0;0;0
11.06.2024;06:23;A 21;1;1;0;1;3;0;0;0;0;0;0;1;16;0;0;1;5;1;1;2;51;1;3;1;9;1;15;4;25;0;0;0;0;0;0;0;0;0;0;0;0;0;0;0;0;0;0;0;0;0;0;0;0;0;0;0;0;0;0;0;0;0;0;0;0;0;0;0;0;0;0
11.06.2024;06:22;A 21;1;1;0;1;2;0;0;0;0;0;27;0;28;0;0;0;0;0;0;2;56;2;57;0;0;2;67;4;16;0;0;0;0;0;0;0;0;0;0;0;0;0;0;0;0;0;0;0;0;0;0;0;0;0;0;0;0;0;0;0;0;0;0;0;0;0;0;0;0;0;0
11.06.2024;06:21;A 21;1;6;41;5;18;0;0;0;0;2;56;1;32;2;10;2;8;0;0;8;36;5;65;1;7;4;59;5;53;0;0;0;0;0;0;0;0;0;0;0;0;0;0;0;0;0;0;0;0;0;0;0;0;0;0;0;0;0;0;0;0;0;0;0;0;1;3;0;0;0;0
11.06.2024;06:20;A 21;1;4;24;3;14;0;0;0;0;1;45;0;0;1;3;2;6;0;0;1;0;1;0;0;0;2;11;1;4;0;0;0;0;0;0;0;0;0;0;0;0;0;0;0;0;0;0;0;0;0;0;0;0;0;0;0;0;0;0;0;0;0;0;0;0;0;0;0;0;0;0
11.06.2024;06:19;A 21;1;1;1;1;5;0;0;0;0;1;0;0;0;1;5;0;0;0;0;1;32;0;0;1;6;0;0;1;12;0;0;0;0;0;0;0;0;0;0;0;0;0;0;0;0;0;0;0;0;0;0;0;0;0;0;0;0;0;0;0;0;0;0;0;0;0;0;0;0;0;0
11.06.2024;06:18;A 21;1;0;0;0;0;0;0;0;0;0;0;0;0;0;0;0;0;0;0;5;2;2;4;0;3;2;5;4;10;0;0;0;0;0;0;0;0;0;0;0;0;0;0;0;0;0;0;0;0;0;0;0;0;0;0;0;0;0;0;0;0;0;0;0;0;0;0;0;0;0;0
11.06.2024;06:17;A 21;1;5;7;1;22;0;0;0;0;0;0;1;3;0;0;1;4;0;0;1;3;1;28;1;3;1;12;1;2;0;0;0;0;0;0;0;0;0;0;0;0;0;0;0;0;0;0;0;0;0;0;0;0;0;0;0;0;0;0;0;0;0;0;0;0;0;0;0;0;0;0
11.06.2024;06:16;A 21;1;3;31;4;21;0;0;0;0;0;0;1;1;0;0;0;0;1;0;1;0;0;0;1;3;0;0;1;5;0;0;0;0;0;0;0;0;0;0;0;0;0;0;0;0;0;0;0;0;0;0;0;0;0;0;0;0;0;0;0;0;0;0;0;0;0;0;0;0;0;0
11.06.2024;06:15;A 21;1;0;0;0;0;0;70;0;0;1;1;0;0;1;3;1;0;1;0;1;8;0;0;2;11;0;0;1;9;0;0;0;0;0;0;0;0;0;0;0;0;0;0;0;0;1;1;0;0;0;0;0;0;0;0;0;0;0;0;0;0;0;0;0;0;0;0;0;0;0;0
11.06.2024;06:14;A 21;1;2;11;2;9;1;2;1;4;0;0;0;0;0;0;0;0;0;0;1;0;0;0;1;4;0;0;1;3;0;0;0;0;0;0;0;0;0;0;0;0;0;0;0;0;0;0;0;0;0;0;0;0;0;0;0;0;0;0;0;0;0;0;0;0;0;0;0;0;0;0
11.06.2024;06:13;A 21;1;3;3;3;11;0;0;0;0;0;0;0;0;0;0;0;0;0;0;1;0;1;0;0;0;1;3;1;3;0;0;0;0;0;0;0;0;0;0;0;0;0;0;0;0;0;0;0;0;0;0;0;0;0;0;0;0;0;0;0;0;0;0;0;0;0;0;0;0;0;0
11.06.2024;06:12;A 21;1;1;12;1;11;0;0;0;0;1;1;0;0;1;3;0;0;1;0;2;3;0;0;3;11;0;0;2;13;0;0;0;0;0;0;0;0;0;0;0;0;0;0;0;0;0;0;0;0;0;0;0;0;0;0;0;0;0;0;0;0;0;0;0;0;0;0;0;0;0;0
11.06.2024;06:11;A 21;1;1;12;1;2;0;0;0;0;0;0;0;0;0;0;0;0;0;0;0;0;0;0;1;3;0;0;0;0;0;0;0;0;0;0;0;0;0;0;0;0;0;0;0;0;0;0;0;0;0;0;0;0;0;0;0;0;0;0;0;0;0;0;0;0;0;0;0;0;0;0
11.06.2024;06:10;A 21;1;1;9;1;5;0;0;0;0;0;0;1;12;0;0;1;6;0;0;3;1;1;0;1;5;1;3;2;6;0;0;0;0;0;0;0;0;0;0;0;0;0;0;0;0;0;0;0;0;0;0;0;0;0;0;0;0;0;0;0;0;0;0;0;0;0;0;0;0;0;0
11.06.2024;06:09;A 21;1;1;0;0;2;0;0;0;0;0;0;0;38;0;0;0;0;0;0;1;7;0;0;0;0;0;0;1;3;0;0;0;0;0;0;0;0;0;0;0;0;0;0;0;0;0;0;0;0;0;0;0;0;0;0;0;0;0;0;0;0;0;0;0;0;0;0;0;0;0;0
11.06.2024;06:08;A 21;1;3;3;4;11;0;0;0;0;1;0;2;56;1;2;2;6;0;0;1;7;0;0;0;0;0;0;1;10;0;0;0;0;0;0;0;0;0;0;0;0;0;0;0;0;0;0;0;0;0;0;0;0;0;0;0;0;0;0;0;0;0;0;0;0;0;0;0;0;0;0
11.06.2024;06:07;A 21;1;1;3;1;9;0;0;0;0;0;19;1;1;0;0;1;3;0;0;1;2;0;0;2;7;0;0;1;10;0;0;0;0;0;0;0;0;0;0;0;0;0;0;0;0;0;0;0;0;0;0;0;0;0;0;0;0;0;0;0;0;0;0;0;0;0;0;0;0;0;0
11.06.2024;06:06;A 21;1;4;3;4;12;2;0;0;0;1;29;0;0;1;6;1;0;0;0;2;31;1;32;0;0;1;37;3;9;0;0;0;0;0;0;0;0;0;0;0;0;0;0;0;0;0;0;0;0;0;0;0;0;0;0;0;0;0;0;0;0;0;0;0;0;0;0;0;0;0;0
11.06.2024;06:05;A 21;1;2;1;1;3;0;0;0;0;0;0;0;0;0;0;0;0;0;0;1;0;0;0;0;0;0;0;1;4;0;0;0;0;0;0;0;0;0;0;0;0;0;0;0;0;0;0;0;0;0;0;0;0;0;0;0;0;0;0;0;0;0;0;0;0;0;0;0;0;0;0
11.06.2024;06:04;A 21;1;2;3;1;6;1;0;0;0;0;0;0;0;0;0;0;0;0;0;0;0;0;0;0;0;0;0;0;0;0;0;0;0;0;0;0;0;0;0;0;0;0;0;0;0;1;1;0;0;0;0;0;0;0;0;0;0;0;0;0;0;0;0;0;0;0;0;0;0;0;0
11.06.2024;06:03;A 21;1;0;0;1;3;0;0;0;0;0;0;1;1;1;2;1;3;0;0;1;0;0;0;1;4;0;0;1;3;0;0;0;0;0;0;0;0;0;0;0;0;0;0;0;0;0;0;0;0;0;0;0;0;0;0;0;0;0;0;0;0;0;0;0;0;0;0;0;0;0;0
11.06.2024;06:02;A 21;1;1;15;1;5;0;0;0;0;0;0;0;0;0;0;0;0;0;0;2;1;0;0;0;0;0;0;2;6;0;0;0;0;0;0;0;0;0;0;0;0;0;0;0;0;0;0;0;0;0;0;0;0;0;0;0;0;0;0;0;0;0;0;0;0;0;0;0;0;0;0
11.06.2024;06:01;A 21;1;0;0;0;0;0;0;0;0;0;0;0;0;0;0;0;0;1;0;1;0;0;0;1;4;0;0;1;4;0;0;0;0;0;0;0;0;0;0;0;0;0;0;0;0;0;0;0;0;0;0;0;0;0;0;0;0;0;0;0;0;0;0;0;0;0;0;0;0;0;0
11.06.2024;06:00;A 21;1;3;16;3;28;1;7;0;0;0;0;2;2;0;0;1;0;0;0;2;2;0;0;0;0;0;0;2;11;0;0;0;0;0;0;0;0;0;0;0;0;0;0;0;0;0;0;0;0;0;0;0;0;0;0;0;0;0;0;0;0;0;0;0;0;0;0;0;0;0;0
11.06.2024;05:59;A 21;1;2;5;1;8;1;81;2;17;2;32;1;2;2;11;2;2;0;0;2;45;0;0;0;0;0;0;1;21;0;0;0;0;0;0;0;0;0;0;0;0;0;0;0;0;0;0;0;0;0;0;0;0;0;0;0;0;0;0;0;0;0;0;0;0;0;0;0;0;0;0
11.06.2024;05:58;A 21;1;3;42;3;55;0;0;0;0;0;0;0;0;0;0;0;0;0;0;1;0;1;0;0;0;1;3;2;6;0;0;0;0;0;0;0;0;0;0;0;0;1;1;0;0;0;0;0;0;0;0;0;0;0;0;0;0;0;0;0;0;0;0;0;0;0;0;0;0;0;0
11.06.2024;05:57;A 21;1;3;5;2;9;0;0;0;0;0;0;1;27;0;0;1;6;1;0;1;19;0;0;1;3;0;0;1;26;0;0;0;0;0;0;0;0;0;0;0;0;0;0;0;0;0;0;0;0;0;0;0;0;0;0;0;0;0;0;0;0;0;0;0;0;0;0;0;0;0;0
11.06.2024;05:56;A 21;1;1;0;1;3;0;0;0;0;0;0;0;0;0;0;0;0;0;0;1;21;0;0;1;4;0;0;1;23;0;0;0;0;0;0;0;0;0;0;0;0;0;0;0;0;0;0;0;0;0;0;0;0;0;0;0;0;0;0;0;0;0;0;0;0;0;0;0;0;0;0
11.06.2024;05:55;A 21;1;0;0;1;2;0;0;0;0;0;0;0;0;0;0;0;0;0;0;2;40;0;0;0;0;0;0;2;49;0;0;0;0;0;0;0;0;0;0;0;0;0;0;1;1;0;0;0;0;0;0;0;0;0;0;0;0;0;0;0;0;0;0;0;0;0;0;0;0;0;0
11.06.2024;05:54;A 21;1;2;1;2;4;1;0;0;0;0;0;0;0;0;0;0;0;0;0;2;1;1;0;0;0;1;3;2;7;0;0;0;0;0;0;0;0;0;0;0;0;0;0;1;1;0;0;0;0;0;0;0;0;0;0;0;0;0;0;0;0;0;0;0;0;0;0;0;0;0;0
11.06.2024;05:53;A 21;1;0;0;0;0;0;0;0;0;0;0;0;0;0;0;0;0;0;0;0;0;0;0;2;7;0;0;0;0;0;0;0;0;0;0;0;0;0;0;0;0;0;0;0;0;0;0;0;0;0;0;0;0;0;0;0;0;0;0;0;0;0;0;0;0;0;0;0;0;0;0
11.06.2024;05:52;A 21;1;1;0;1;3;0;0;0;0;0;0;0;0;0;0;0;0;0;0;0;0;0;0;0;0;0;0;0;0;0;0;0;0;0;0;0;0;0;0;0;0;0;0;0;0;0;0;0;0;0;0;0;0;0;0;0;0;0;0;0;0;0;0;0;0;0;0;0;0;0;0
11.06.2024;05:51;A 21;1;3;2;4;11;0;0;0;0;0;0;0;0;0;0;2;4;0;0;0;0;0;0;0;0;0;0;0;0;0;0;0;0;0;0;0;0;0;0;0;0;0;0;0;0;0;0;0;0;0;0;0;0;0;0;0;0;0;0;0;0;0;0;0;0;0;0;0;0;0;0
11.06.2024;05:50;A 21;1;0;0;0;0;0;0;0;0;0;0;0;0;0;0;0;0;0;0;1;0;0;0;0;0;0;0;1;3;0;0;0;0;0;0;0;0;0;0;0;0;0;0;0;0;0;0;0;0;0;0;0;0;0;0;0;0;0;0;0;0;0;0;0;0;0;0;0;0;0;0
11.06.2024;05:49;A 21;1;0;0;0;0;0;0;0;0;0;0;1;28;0;0;1;6;1;0;1;1;0;0;1;10;0;0;1;3;0;0;0;0;0;0;0;0;0;0;0;0;0;0;0;0;0;0;0;0;0;0;0;0;0;0;0;0;0;0;0;0;0;0;0;0;0;0;0;0;0;0
11.06.2024;05:48;A 21;1;1;0;1;3;0;0;0;0;1;26;0;0;1;5;1;1;0;0;0;0;0;0;1;0;0;0;0;0;0;0;0;0;0;0;0;0;0;0;0;0;0;0;0;0;0;0;0;0;0;0;0;0;0;0;0;0;0;0;0;0;0;0;0;0;0;0;0;0;0;0
11.06.2024;05:47;A 21;1;2;1;2;6;0;0;0;0;0;0;0;0;0;0;0;0;0;0;3;1;1;0;0;0;1;3;3;10;0;0;0;0;0;0;0;0;0;0;0;0;0;0;0;0;0;0;0;0;0;0;0;0;0;0;0;0;0;0;0;0;0;0;0;0;0;0;0;0;0;0
11.06.2024;05:46;A 21;1;1;0;1;3;0;0;0;0;0;0;0;0;0;0;0;0;0;0;1;0;0;0;0;0;0;0;1;3;0;0;0;0;0;0;0;0;0;0;0;0;0;0;0;0;0;0;0;0;0;0;0;0;0;0;0;0;0;0;0;0;0;0;0;0;0;0;0;0;0;0
11.06.2024;05:45;A 21;1;1;8;1;6;0;0;0;0;0;0;1;0;0;0;1;0;0;0;7;5;2;1;1;4;1;5;4;23;0;0;0;0;0;0;0;0;0;0;0;0;0;0;0;0;0;0;0;0;0;0;0;0;0;0;0;0;0;0;0;0;0;0;0;0;0;0;0;0;0;0
11.06.2024;05:44;A 21;1;1;0;1;3;0;0;0;0;1;27;0;0;1;5;1;2;0;0;1;29;0;0;1;4;0;0;2;37;0;0;0;0;0;0;0;0;0;0;0;0;0;0;0;0;0;0;0;0;0;0;0;0;0;0;0;0;0;0;0;0;0;0;0;0;0;0;0;0;0;0
11.06.2024;05:43;A 21;1;0;0;0;0;0;0;0;0;0;0;0;0;0;0;0;0;0;0;4;2;3;2;1;4;3;12;3;14;0;0;0;0;0;0;0;0;0;0;0;0;0;0;0;0;0;0;0;0;0;0;0;0;0;0;0;0;0;0;0;0;0;0;0;0;0;0;0;0;0;0
11.06.2024;05:42;A 21;1;0;0;0;0;0;0;0;0;0;0;0;0;0;0;0;0;0;0;4;2;0;0;0;0;0;0;3;14;0;0;0;0;0;0;0;0;0;0;0;0;0;0;0;0;0;0;0;0;0;0;0;0;0;0;0;0;0;0;0;0;0;0;0;0;0;0;0;0;0;0
11.06.2024;05:41;A 21;1;1;0;1;3;0;0;0;0;0;0;0;0;0;0;0;0;1;0;0;0;0;0;2;6;0;0;0;0;0;0;0;0;0;0;0;0;0;0;0;0;0;0;0;0;0;0;0;0;0;0;0;0;0;0;0;0;0;0;0;0;0;0;0;0;0;0;0;0;0;0
11.06.2024;05:40;A 21;1;0;0;0;0;0;0;0;0;0;0;0;0;0;0;0;0;0;0;2;25;1;24;0;0;0;29;3;15;0;0;0;0;0;0;0;0;0;0;0;0;0;0;0;0;0;0;0;0;0;0;0;0;0;0;0;0;0;0;0;0;0;0;0;0;0;0;0;0;0;0
11.06.2024;05:39;A 21;1;2;1;3;8;0;0;0;0;1;34;0;23;1;5;0;0;0;0;1;0;0;0;1;7;1;0;1;3;0;0;0;0;0;0;0;0;0;0;0;0;0;0;0;0;0;0;0;0;0;0;0;0;0;0;0;0;0;0;0;0;0;0;0;0;0;0;0;0;0;0
11.06.2024;05:38;A 21;1;0;0;0;0;0;0;0;0;0;0;1;3;0;0;1;6;0;0;0;0;0;0;0;0;0;0;0;0;0;0;0;0;0;0;0;0;0;0;0;0;0;0;0;0;0;0;0;0;0;0;0;0;0;0;0;0;0;0;0;0;0;0;0;0;0;0;0;0;0;0
11.06.2024;05:37;A 21;1;1;59;1;10;0;0;0;0;0;0;0;0;0;0;0;0;0;0;0;0;1;39;0;0;1;13;0;0;0;0;0;0;0;0;0;0;0;0;0;0;0;0;0;0;0;0;0;0;0;0;0;0;0;0;0;0;0;0;0;0;0;0;0;0;0;0;0;0;0;0
11.06.2024;05:36;A 21;1;1;0;1;6;0;0;0;0;0;0;0;0;0;0;0;0;0;0;2;1;1;0;0;0;1;4;2;6;0;0;0;0;0;0;0;0;0;0;0;0;0;0;0;0;1;1;0;0;0;0;0;0;0;0;0;0;0;0;0;0;0;0;0;0;0;0;0;0;0;0
11.06.2024;05:35;A 21;1;3;2;2;10;0;0;0;0;1;1;1;26;1;3;2;9;0;0;0;0;0;0;0;0;0;0;0;0;0;0;0;0;0;0;0;0;0;0;0;0;0;0;0;0;0;0;0;0;0;0;0;0;0;0;0;0;0;0;0;0;0;0;0;0;0;0;0;0;0;0
11.06.2024;05:34;A 21;1;1;1;1;4;0;0;0;0;0;0;1;1;0;0;1;0;0;0;1;1;0;0;0;0;0;0;1;5;0;0;0;0;0;0;0;0;0;0;0;0;0;0;0;0;0;0;0;0;0;0;0;0;0;0;0;0;0;0;0;0;0;0;0;0;0;0;0;0;0;0
11.06.2024;05:33;A 21;1;0;0;0;0;0;0;0;0;0;0;0;0;0;0;0;0;0;0;1;0;0;0;0;0;0;0;1;3;0;0;0;0;0;0;0;0;0;0;0;0;0;0;0;0;0;0;0;0;0;0;0;0;0;0;0;0;0;0;0;0;0;0;0;0;0;0;0;0;0;0
11.06.2024;05:32;A 21;1;2;1;2;7;1;0;0;0;0;0;0;0;0;0;0;0;0;0;0;0;0;0;0;0;0;0;0;0;0;0;0;0;0;0;0;0;0;0;0;0;0;0;0;0;0;0;0;0;0;0;0;0;0;0;0;0;0;0;0;0;0;0;0;0;0;0;0;0;0;0
11.06.2024;05:31;A 21;1;1;0;1;4;0;0;0;0;0;0;0;0;0;0;0;0;0;0;0;0;0;0;0;0;0;0;0;0;0;0;0;0;0;0;0;0;0;0;0;0;0;0;0;0;0;0;0;0;0;0;0;0;0;0;0;0;0;0;0;0;0;0;0;0;0;0;0;0;0;0
11.06.2024;05:30;A 21;1;0;0;0;0;0;0;0;0;0;0;0;0;0;0;0;0;0;0;0;0;0;0;0;0;0;0;0;0;0;0;0;0;0;0;0;0;0;0;0;0;0;0;0;0;0;0;0;0;0;0;0;0;0;0;0;0;0;0;0;0;0;0;0;0;0;0;0;0;0;0
11.06.2024;05:29;A 21;1;0;0;0;0;0;0;0;0;0;0;0;0;0;0;0;0;0;0;0;0;0;0;0;0;0;0;0;0;0;0;0;0;0;0;0;0;0;0;0;0;0;0;0;0;0;0;0;0;0;0;0;0;0;0;0;0;0;0;0;0;0;0;0;0;0;0;0;0;0;0
11.06.2024;05:28;A 21;1;1;28;1;8;0;0;0;0;0;18;0;0;0;0;0;0;0;0;1;1;0;0;1;2;0;0;1;5;0;0;0;0;0;0;0;0;0;0;0;0;0;0;0;0;0;0;0;0;0;0;0;0;0;0;0;0;0;0;0;0;0;0;0;0;0;0;0;0;0;0
11.06.2024;05:27;A 21;1;0;0;0;0;0;0;0;0;1;9;0;0;1;6;1;6;0;0;1;0;1;0;0;0;1;3;1;3;0;0;0;0;0;0;0;0;0;0;0;0;0;0;0;0;0;0;0;0;0;0;0;0;0;0;0;0;0;0;0;0;0;0;0;0;0;0;0;0;0;0
11.06.2024;05:26;A 21;1;4;3;4;20;0;0;0;0;0;0;0;0;0;0;0;0;1;0;0;0;0;0;2;8;0;0;0;0;0;0;0;0;0;0;0;0;0;0;0;0;0;0;0;0;0;0;0;0;0;0;0;0;0;0;0;0;0;0;0;0;0;0;0;0;0;0;0;0;0;0
11.06.2024;05:25;A 21;1;0;0;0;0;0;0;0;0;0;0;0;0;0;0;0;0;0;0;0;0;0;0;0;0;0;0;0;0;0;0;0;0;0;0;0;0;0;0;0;0;0;0;0;0;0;0;0;0;0;0;0;0;0;0;0;0;0;0;0;0;0;0;0;0;0;0;0;0;0;0
11.06.2024;05:24;A 21;1;1;0;1;3;0;0;0;0;0;0;0;0;0;0;0;0;0;0;1;0;0;0;0;0;0;0;1;4;0;0;0;0;0;0;0;0;0;0;0;0;0;0;0;0;0;0;0;0;0;0;0;0;0;0;0;0;0;0;0;0;0;0;0;0;0;0;0;0;0;0
11.06.2024;05:23;A 21;1;1;0;2;4;0;0;0;0;0;1;1;20;0;0;0;4;0;0;2;0;2;1;0;0;2;7;3;3;0;0;0;0;0;0;0;0;0;0;0;0;0;0;0;0;0;0;0;0;0;0;0;0;0;0;0;0;0;0;0;0;0;0;0;0;0;0;0;0;0;0
11.06.2024;05:22;A 21;1;0;0;0;0;0;0;0;0;1;2;1;1;1;6;1;9;0;0;1;0;1;0;0;0;0;1;0;1;0;0;0;0;0;0;0;0;0;0;0;0;0;0;0;0;0;0;0;0;0;0;0;0;0;0;0;0;0;0;0;0;0;0;0;0;0;0;0;0;0;0
11.06.2024;05:21;A 21;1;0;0;0;0;0;0;0;0;0;0;0;0;0;0;0;0;0;0;2;1;2;1;0;0;3;9;3;8;0;0;0;0;0;0;0;0;0;0;0;0;0;0;0;0;0;0;0;0;0;0;0;0;0;0;0;0;0;0;0;0;0;0;0;0;0;0;0;0;0;0
11.06.2024;05:20;A 21;1;1;0;1;3;0;0;0;0;0;0;0;0;0;0;0;0;0;0;0;0;0;0;0;0;0;0;0;0;0;0;0;0;0;0;0;0;0;0;0;0;0;0;0;0;0;0;0;0;0;0;0;0;0;0;0;0;0;0;0;0;0;0;0;0;0;0;0;0;0;0
11.06.2024;05:19;A 21;1;0;0;0;0;0;0;0;0;0;0;0;0;0;0;0;0;0;0;1;0;0;0;0;0;0;0;1;4;0;0;0;0;0;0;0;0;0;0;0;0;0;0;0;0;0;0;0;0;0;0;0;0;0;0;0;0;0;0;0;0;0;0;0;0;0;0;0;0;0;0
11.06.2024;05:18;A 21;1;2;1;2;8;0;0;0;0;0;0;0;0;0;0;0;0;0;0;1;0;0;0;0;0;0;0;1;4;0;0;0;0;0;0;0;0;0;0;0;0;0;0;0;0;0;0;0;0;0;0;0;0;0;0;0;0;0;0;0;0;0;0;0;0;0;0;0;0;0;0
11.06.2024;05:17;A 21;1;2;1;2;9;0;0;0;0;0;0;0;0;0;0;0;0;0;0;1;0;1;0;0;0;1;4;1;3;0;0;0;0;0;0;0;0;0;0;0;0;0;0;0;0;0;0;0;0;0;0;0;0;0;0;0;0;0;0;0;0;0;0;0;0;0;0;0;0;0;0
11.06.2024;05:16;A 21;1;2;2;2;10;0;0;0;0;0;0;0;0;0;0;0;0;0;0;1;0;1;0;0;0;1;4;1;3;0;0;0;0;0;0;0;0;0;0;0;0;0;0;0;0;0;0;0;0;0;0;0;0;0;0;0;0;0;0;0;0;0;0;0;0;0;0;0;0;0;0
11.06.2024;05:15;A 21;1;0;0;0;0;0;0;0;0;0;0;0;0;0;0;0;0;0;0;2;1;1;0;0;0;1;4;3;4;0;0;0;0;0;0;0;0;0;0;0;0;0;0;0;0;0;0;0;0;0;0;0;0;0;0;0;0;0;0;0;0;0;0;0;0;0;0;0;0;0;0
11.06.2024;05:14;A 21;1;0;0;0;0;0;0;0;0;0;0;0;0;0;0;0;0;0;0;0;0;0;0;0;0;0;0;1;2;0;0;0;0;0;0;0;0;0;0;0;0;0;0;0;0;0;0;0;0;0;0;0;0;0;0;0;0;0;0;0;0;0;0;0;0;0;0;0;0;0;0
11.06.2024;05:13;A 21;1;0;0;0;0;0;0;0;0;0;0;0;0;0;0;0;0;0;0;2;3;0;0;1;3;0;0;2;10;0;0;0;0;0;0;0;0;0;0;0;0;0;0;0;0;0;0;0;0;0;0;0;0;0;0;0;0;0;0;0;0;0;0;0;0;0;0;0;0;0;0
11.06.2024;05:12;A 21;1;0;0;0;0;0;0;0;0;0;0;0;0;0;0;0;0;0;0;0;0;0;0;0;0;0;0;0;0;0;0;0;0;0;0;0;0;0;0;0;0;0;0;0;0;0;0;0;0;0;0;0;0;0;0;0;0;0;0;0;0;0;0;0;0;0;0;0;0;0;0
11.06.2024;05:11;A 21;1;0;0;0;0;0;0;0;0;0;0;1;27;0;0;0;3;0;0;0;0;0;0;0;0;0;0;0;0;0;0;0;0;0;0;0;0;0;0;0;0;0;0;0;0;0;0;0;0;0;0;0;0;0;0;0;0;0;0;0;0;0;0;0;0;0;0;0;0;0;0
11.06.2024;05:10;A 21;1;1;0;1;5;1;0;1;0;0;0;0;0;1;0;1;6;0;0;1;0;0;0;0;0;0;0;1;4;0;0;0;0;0;0;0;0;0;0;0;0;0;0;0;0;0;0;0;0;0;0;0;0;0;0;0;0;0;0;0;0;0;0;0;0;0;0;0;0;0;0
11.06.2024;05:09;A 21;1;2;3;1;52;0;0;0;0;0;0;0;0;0;0;0;0;0;0;1;6;0;0;1;3;0;0;1;9;0;0;0;0;0;0;0;0;0;0;0;0;0;0;0;0;0;0;0;0;0;0;0;0;0;0;0;0;0;0;0;0;0;0;0;0;0;0;0;0;0;0
11.06.2024;05:08;A 21;1;0;0;0;0;0;0;0;0;0;0;0;0;0;0;0;0;0;0;2;0;2;1;0;0;2;7;2;4;1;1;0;0;0;0;0;0;0;0;0;0;0;0;0;0;0;0;0;0;0;0;0;0;0;0;0;0;0;0;0;0;0;0;0;0;0;0;0;0;0;0
11.06.2024;05:07;A 21;1;0;0;0;0;0;0;0;0;0;0;0;0;0;0;0;0;0;0;0;0;0;0;1;3;0;0;0;0;0;0;0;0;0;0;0;0;0;0;0;0;0;0;0;0;0;0;0;0;0;0;0;0;0;0;0;0;0;0;0;0;0;0;0;0;0;0;0;0;0;0
11.06.2024;05:06;A 21;1;0;0;0;0;0;0;0;0;0;0;0;0;0;0;0;0;0;0;1;0;0;0;0;0;0;0;1;3;0;0;0;0;0;0;0;0;0;0;0;0;0;0;0;0;0;0;0;0;0;0;0;0;0;0;0;0;0;0;0;0;0;0;0;0;0;0;0;0;0;0
11.06.2024;05:05;A 21;1;1;0;1;4;0;0;0;0;0;0;0;0;0;0;0;0;0;0;0;0;0;0;0;0;0;0;0;0;0;0;0;0;0;0;0;0;0;0;0;0;0;0;0;0;0;0;0;0;0;0;0;0;0;0;0;0;0;0;0;0;0;0;0;0;0;0;0;0;0;0
11.06.2024;05:04;A 21;1;0;0;0;0;0;0;0;0;0;0;0;0;0;0;0;0;0;0;0;0;0;0;0;0;0;0;0;0;0;0;0;0;0;0;0;0;0;0;0;0;0;0;0;0;0;0;0;0;0;0;0;0;0;0;0;0;0;0;0;0;0;0;0;0;0;0;0;0;0;0
11.06.2024;05:03;A 21;1;0;0;0;0;0;0;0;0;0;0;0;0;0;0;0;0;0;0;1;1;0;0;0;0;0;0;0;3;0;0;0;0;0;0;0;0;0;0;0;0;0;0;0;0;0;0;0;0;0;0;0;0;0;0;0;0;0;0;0;0;0;0;0;0;0;0;0;0;0;0
11.06.2024;05:02;A 21;1;0;0;0;0;0;0;0;0;0;0;0;0;0;0;0;0;0;0;0;0;0;0;0;0;0;0;1;0;0;0;0;0;0;0;0;0;0;0;0;0;0;0;0;0;0;0;0;0;0;0;0;0;0;0;0;0;0;0;0;0;0;0;0;0;0;0;0;0;0;0
11.06.2024;05:01;A 21;1;1;0;1;4;0;0;1;0;0;0;0;0;0;0;0;0;1;0;0;0;0;0;1;0;0;0;0;0;0;0;0;0;0;0;0;0;0;0;0;0;0;0;0;0;0;0;0;0;0;0;0;0;0;0;0;0;0;0;0;0;0;0;0;0;0;0;0;0;0;0
11.06.2024;05:00;A 21;1;0;0;0;0;0;0;0;0;0;0;0;0;0;0;0;0;0;0;1;0;0;0;0;0;0;0;1;3;0;0;0;0;0;0;0;0;0;0;0;0;0;0;0;0;0;0;0;0;0;0;0;0;0;0;0;0;0;0;0;0;0;0;0;0;0;0;0;0;0;0
11.06.2024;04:59;A 21;1;1;0;1;5;0;0;0;0;0;0;0;0;0;0;0;0;0;0;0;0;0;0;0;0;0;0;0;0;0;0;0;0;0;0;0;0;0;0;0;0;0;0;0;0;0;0;0;0;0;0;0;0;0;0;0;0;0;0;0;0;0;0;0;0;0;0;0;0;0;0
11.06.2024;04:58;A 21;1;1;9;1;11;0;0;0;0;0;0;0;11;0;0;0;0;0;0;0;0;0;0;0;0;0;0;0;0;0;0;0;0;0;0;0;0;0;0;0;0;0;0;0;0;0;0;0;0;0;0;0;0;0;0;0;0;0;0;0;0;0;0;0;0;0;0;0;0;0;0
11.06.2024;04:57;A 21;1;0;0;0;0;0;0;0;0;0;0;1;16;0;0;1;9;0;0;1;0;1;0;0;0;1;4;3;2;0;0;0;0;0;0;0;0;0;0;0;0;0;0;0;0;0;0;0;0;0;0;0;0;0;0;0;0;0;0;0;0;0;0;0;0;0;0;0;0;0;0
11.06.2024;04:56;A 21;1;0;0;0;0;0;0;0;0;0;0;0;0;0;0;0;0;0;0;0;0;0;0;0;0;0;0;0;0;0;0;0;0;0;0;0;0;0;0;0;0;0;0;0;0;0;0;0;0;0;0;0;0;0;0;0;0;0;0;0;0;0;0;0;0;0;0;0;0;0;0
11.06.2024;04:55;A 21;1;0;0;0;0;0;0;0;0;0;0;1;1;0;0;0;0;0;0;1;17;0;0;1;5;0;0;1;8;0;0;0;0;0;0;0;0;0;0;0;0;0;0;0;0;0;0;0;0;0;0;0;0;0;0;0;0;0;0;0;0;0;0;0;0;0;0;0;0;0;0
11.06.2024;04:54;A 21;1;1;0;1;2;0;0;0;0;0;0;0;0;0;0;0;0;0;0;0;0;0;0;0;0;0;0;0;0;0;0;0;0;0;0;0;0;0;0;0;0;0;0;0;0;0;0;0;0;0;0;0;0;0;0;0;0;0;0;0;0;0;0;0;0;0;0;0;0;0;0
11.06.2024;04:53;A 21;1;0;0;0;0;0;0;0;0;0;0;0;0;0;0;0;0;0;0;1;0;0;0;0;0;0;0;0;1;0;0;0;0;0;0;0;0;0;0;0;0;0;0;0;0;0;0;0;0;0;0;0;0;0;0;0;0;0;0;0;0;0;0;0;0;0;0;0;0;0;0
11.06.2024;04:52;A 21;1;0;0;0;0;0;0;0;0;0;0;0;0;0;0;0;0;1;0;0;0;0;0;0;0;0;0;1;4;0;0;0;0;0;0;0;0;0;0;0;0;0;0;0;0;0;0;0;0;0;0;0;0;0;0;0;0;0;0;0;0;0;0;0;0;0;0;0;0;0;0
11.06.2024;04:51;A 21;1;0;0;0;0;0;0;0;0;0;0;0;0;0;0;0;0;0;0;1;0;1;0;0;0;1;3;1;3;0;0;0;0;0;0;0;0;0;0;0;0;0;0;0;0;0;0;0;0;0;0;0;0;0;0;0;0;0;0;0;0;0;0;0;0;0;0;0;0;0;0
11.06.2024;04:50;A 21;1;0;0;0;0;0;0;0;0;0;0;0;0;0;0;0;0;0;0;0;0;0;0;0;0;0;0;0;0;0;0;0;0;0;0;0;0;0;0;0;0;0;0;0;0;0;0;0;0;0;0;0;0;0;0;0;0;0;0;0;0;0;0;0;0;0;0;0;0;0;0
11.06.2024;04:49;A 21;1;2;1;2;5;0;0;0;0;0;0;0;0;0;0;0;0;0;0;0;0;0;0;0;0;0;0;0;0;0;0;0;0;0;0;0;0;0;0;0;0;0;0;0;0;0;0;0;0;0;0;0;0;0;0;0;0;0;0;0;0;0;0;0;0;0;0;0;0;0;0
11.06.2024;04:48;A 21;1;1;0;1;2;0;0;0;0;0;0;0;0;0;0;0;0;0;0;0;0;0;0;0;0;0;0;0;0;0;0;0;0;0;0;0;0;0;0;0;0;0;0;0;0;0;0;0;0;0;0;0;0;0;0;0;0;0;0;0;0;0;0;0;0;0;0;0;0;0;0
11.06.2024;04:47;A 21;1;0;0;0;0;0;0;0;0;1;26;0;0;2;9;1;3;0;0;0;0;0;0;0;0;0;0;0;0;0;0;0;0;0;0;0;0;0;0;0;0;0;0;0;0;0;0;0;0;0;0;0;0;0;0;0;0;0;0;0;0;0;0;0;0;0;0;0;0;0;0
11.06.2024;04:46;A 21;1;3;2;3;6;0;0;0;0;0;0;0;0;0;0;0;0;0;0;0;0;0;0;0;0;0;0;0;0;0;0;0;0;0;0;0;0;0;0;0;0;0;0;0;0;0;0;0;0;0;0;0;0;0;0;0;0;0;0;0;0;0;0;0;0;0;0;0;0;0;0
11.06.2024;04:45;A 21;1;0;0;0;0;0;0;0;0;0;0;1;0;0;0;0;0;0;0;0;0;0;0;0;0;0;0;0;0;0;0;0;0;0;0;0;0;0;0;0;0;0;0;0;0;0;0;0;0;0;0;0;0;0;0;0;0;0;0;0;0;0;0;0;0;0;0;0;0;0;0
11.06.2024;04:44;A 21;1;0;0;0;0;1;12;2;7;0;0;0;0;0;0;0;0;0;0;0;0;0;0;0;0;0;0;0;0;0;0;0;0;0;0;0;0;0;0;0;0;0;0;0;0;0;0;0;0;0;0;0;0;0;0;0;0;0;0;0;0;0;0;0;0;0;0;0;0;0;0
11.06.2024;04:43;A 21;1;0;0;0;0;0;0;0;0;0;0;0;0;0;0;0;0;0;0;0;0;0;0;0;0;0;0;0;0;0;0;0;0;0;0;0;0;0;0;0;0;0;0;0;0;0;0;0;0;0;0;0;0;0;0;0;0;0;0;0;0;0;0;0;0;0;0;0;0;0;0
11.06.2024;04:42;A 21;1;0;0;0;0;0;0;0;0;0;0;0;0;0;0;0;0;0;0;2;2;0;0;1;1;0;0;2;12;0;0;0;0;0;0;0;0;0;0;0;0;0;0;0;0;0;0;0;0;0;0;0;0;0;0;0;0;0;0;0;0;0;0;0;0;0;0;0;0;0;0
11.06.2024;04:41;A 21;1;0;0;0;0;0;0;0;0;0;0;0;0;0;0;0;0;0;0;0;0;0;0;0;0;0;0;0;0;0;0;0;0;0;0;0;0;0;0;0;0;0;0;0;0;0;0;0;0;0;0;0;0;0;0;0;0;0;0;0;0;0;0;0;0;0;0;0;0;0;0
11.06.2024;04:40;A 21;1;0;0;0;0;0;0;0;0;0;0;0;0;0;0;0;0;0;0;0;0;0;0;0;0;0;0;0;0;0;0;0;0;0;0;0;0;0;0;0;0;0;0;0;0;0;0;0;0;0;0;0;0;0;0;0;0;0;0;0;0;0;0;0;0;0;0;0;0;0;0
11.06.2024;04:39;A 21;1;0;0;0;0;0;0;0;0;0;0;0;0;0;0;0;0;0;0;1;0;1;0;0;0;1;2;1;3;0;0;0;0;0;0;0;0;0;0;0;0;0;0;0;0;0;0;0;0;0;0;0;0;0;0;0;0;0;0;0;0;0;0;0;0;0;0;0;0;0;0
11.06.2024;04:38;A 21;1;1;0;1;2;0;0;0;0;0;0;0;0;0;0;0;0;0;0;0;0;0;0;0;0;0;0;0;0;0;0;0;0;0;0;0;0;0;0;0;0;0;0;0;0;0;0;0;0;0;0;0;0;0;0;0;0;0;0;0;0;0;0;0;0;0;0;0;0;0;0
11.06.2024;04:37;A 21;1;0;0;0;0;0;0;0;0;0;0;0;0;0;0;0;0;0;0;0;0;0;0;0;0;0;0;0;0;0;0;0;0;0;0;0;0;0;0;0;0;0;0;0;0;0;0;0;0;0;0;0;0;0;0;0;0;0;0;0;0;0;0;0;0;0;0;0;0;0;0
11.06.2024;04:36;A 21;1;0;0;0;0;0;0;0;0;0;0;0;0;0;0;0;0;0;0;0;0;0;0;0;0;0;0;0;0;0;0;0;0;0;0;0;0;0;0;0;0;0;0;0;0;0;0;0;0;0;0;0;0;0;0;0;0;0;0;0;0;0;0;0;0;0;0;0;0;0;0
11.06.2024;04:35;A 21;1;1;1;1;3;0;0;0;0;0;0;0;0;0;0;0;0;0;0;0;0;0;0;0;0;0;0;0;0;0;0;0;0;0;0;0;0;0;0;0;0;0;0;0;0;0;0;0;0;0;0;0;0;0;0;0;0;0;0;0;0;0;0;0;0;0;0;0;0;0;0
11.06.2024;04:34;A 21;1;1;1;1;4;0;0;0;0;0;0;0;0;0;0;0;0;0;0;0;0;0;0;0;0;0;0;0;0;0;0;0;0;0;0;0;0;0;0;0;0;0;0;0;0;0;0;0;0;0;0;0;0;0;0;0;0;0;0;0;0;0;0;0;0;0;0;0;0;0;0
11.06.2024;04:33;A 21;1;0;0;0;0;0;0;0;0;0;0;0;0;0;0;0;0;0;0;0;0;0;0;0;0;0;0;0;0;0;0;0;0;0;0;0;0;0;0;0;0;0;0;0;0;0;0;0;0;0;0;0;0;0;0;0;0;0;0;0;0;0;0;0;0;0;0;0;0;0;0
11.06.2024;04:32;A 21;1;0;0;0;0;0;0;0;0;0;0;0;0;0;0;0;0;0;0;0;0;0;0;0;0;0;0;0;0;0;0;0;0;0;0;0;0;0;0;0;0;0;0;0;0;0;0;0;0;0;0;0;0;0;0;0;0;0;0;0;0;0;0;0;0;0;0;0;0;0;0
11.06.2024;04:31;A 21;1;1;0;1;2;1;0;2;3;0;0;0;0;0;0;0;0;0;0;1;0;0;0;0;0;0;0;1;4;0;0;0;0;0;0;0;0;0;0;0;0;0;0;0;0;0;0;0;0;0;0;0;0;0;0;0;0;0;0;0;0;0;0;0;0;0;0;0;0;0;0
11.06.2024;04:30;A 21;1;1;0;1;3;0;0;0;0;0;0;0;0;0;0;0;0;0;0;1;0;1;0;0;0;1;3;1;5;0;0;0;0;0;0;0;0;0;0;0;0;0;0;0;0;0;0;0;0;0;0;0;0;0;0;0;0;0;0;0;0;0;0;0;0;0;0;0;0;0;0
11.06.2024;04:29;A 21;1;0;0;0;0;0;0;0;0;1;30;0;0;2;4;1;3;0;0;0;0;0;0;0;0;0;0;0;0;0;0;0;0;0;0;0;0;0;0;0;0;0;0;0;0;0;0;0;0;0;0;0;0;0;0;0;0;0;0;0;0;0;0;0;0;0;0;0;0;0;0
11.06.2024;04:28;A 21;1;0;0;0;0;0;0;0;0;0;0;0;0;0;0;0;0;0;0;0;0;0;0;0;0;0;0;0;0;0;0;0;0;0;0;0;0;0;0;0;0;0;0;0;0;0;0;0;0;0;0;0;0;0;0;0;0;0;0;0;0;0;0;0;0;0;0;0;0;0;0
11.06.2024;04:27;A 21;1;0;0;0;0;0;0;0;0;0;0;0;0;0;0;0;0;0;0;0;0;0;0;0;0;0;0;0;0;0;0;0;0;0;0;0;0;0;0;0;0;0;0;0;0;0;0;0;0;0;0;0;0;0;0;0;0;0;0;0;0;0;0;0;0;0;0;0;0;0;0
11.06.2024;04:26;A 21;1;0;0;0;0;0;0;0;0;0;0;0;0;0;0;0;0;0;0;0;0;0;0;0;0;0;0;0;0;0;0;0;0;0;0;0;0;0;0;0;0;0;0;0;0;0;0;0;0;0;0;0;0;0;0;0;0;0;0;0;0;0;0;0;0;0;0;0;0;0;0
11.06.2024;04:25;A 21;1;0;0;0;0;0;0;0;0;0;0;0;0;0;0;0;0;0;0;0;0;0;0;0;0;0;0;0;0;0;0;0;0;0;0;0;0;0;0;0;0;0;0;0;0;0;0;0;0;0;0;0;0;0;0;0;0;0;0;0;0;0;0;0;0;0;0;0;0;0;0
11.06.2024;04:24;A 21;1;1;0;1;2;0;0;0;0;0;0;0;0;0;0;0;0;0;0;0;0;0;0;0;0;0;0;0;0;0;0;0;0;0;0;0;0;0;0;0;0;0;0;0;0;0;0;0;0;0;0;0;0;0;0;0;0;0;0;0;0;0;0;0;0;0;0;0;0;0;0
11.06.2024;04:23;A 21;1;1;0;1;3;0;0;0;0;0;0;0;0;0;0;0;0;0;0;1;0;1;0;0;0;1;3;1;4;0;0;0;0;0;0;0;0;0;0;0;0;0;0;0;0;0;0;0;0;0;0;0;0;0;0;0;0;0;0;0;0;0;0;0;0;0;0;0;0;0;0
11.06.2024;04:22;A 21;1;1;1;1;4;0;0;0;0;0;0;0;0;0;0;0;0;0;0;1;0;1;0;0;0;1;4;1;1;0;0;0;0;0;0;0;0;0;0;0;0;0;0;0;0;0;0;0;0;0;0;0;0;0;0;0;0;0;0;0;0;0;0;0;0;0;0;0;0;0;0
11.06.2024;04:21;A 21;1;1;0;1;2;1;0;0;0;0;0;0;0;0;0;0;0;0;0;0;0;0;0;0;0;0;0;0;0;0;0;0;0;0;0;0;0;0;0;0;0;0;0;0;0;0;0;0;0;0;0;0;0;0;0;0;0;0;0;0;0;0;0;0;0;0;0;0;0;0;0
11.06.2024;04:20;A 21;1;0;0;0;0;0;0;0;0;0;0;0;0;0;0;0;0;0;0;0;0;0;0;0;0;0;0;0;0;0;0;0;0;0;0;0;0;0;0;0;0;0;0;0;0;0;0;0;0;0;0;0;0;0;0;0;0;0;0;0;0;0;0;0;0;0;0;0;0;0;0
11.06.2024;04:19;A 21;1;0;0;0;0;0;0;0;0;0;0;0;0;0;0;0;0;0;0;1;1;0;0;0;0;0;0;1;2;0;0;0;0;0;0;0;0;0;0;0;0;0;0;0;0;0;0;0;0;0;0;0;0;0;0;0;0;0;0;0;0;0;0;0;0;0;0;0;0;0;0
11.06.2024;04:18;A 21;1;1;0;1;2;0;0;0;0;0;0;0;0;0;0;0;0;0;0;1;0;0;0;0;0;0;0;1;5;0;0;0;0;0;0;0;0;0;0;0;0;0;0;0;0;0;0;0;0;0;0;0;0;0;0;0;0;0;0;0;0;0;0;0;0;0;0;0;0;0;0
11.06.2024;04:17;A 21;1;0;0;0;0;0;0;0;0;0;0;0;0;0;0;0;0;0;0;0;0;0;0;0;0;0;0;0;0;0;0;0;0;0;0;0;0;0;0;0;0;0;0;0;0;0;0;0;0;0;0;0;0;0;0;0;0;0;0;0;0;0;0;0;0;0;0;0;0;0;0
11.06.2024;04:16;A 21;1;1;0;1;1;1;0;1;2;0;0;0;0;0;0;0;0;0;0;0;0;0;0;0;0;0;0;0;0;0;0;0;0;0;0;0;0;0;0;0;0;0;0;0;0;0;0;0;0;0;0;0;0;0;0;0;0;0;0;0;0;0;0;0;0;0;0;0;0;0;0
11.06.2024;04:15;A 21;1;0;0;0;0;0;0;0;0;0;0;0;0;0;0;0;0;0;0;0;0;0;0;0;0;0;0;0;0;0;0;0;0;0;0;0;0;0;0;0;0;0;0;0;0;0;0;0;0;0;0;0;0;0;0;0;0;0;0;0;0;0;0;0;0;0;0;0;0;0;0
11.06.2024;04:14;A 21;1;0;0;0;0;0;0;0;0;0;0;0;0;0;0;0;0;0;0;0;0;0;0;0;0;0;0;0;0;0;0;0;0;0;0;0;0;0;0;0;0;0;0;0;0;0;0;0;0;0;0;0;0;0;0;0;0;0;0;0;0;0;0;0;0;0;0;0;0;0;0
11.06.2024;04:13;A 21;1;0;0;0;0;0;0;0;0;0;0;0;0;0;0;0;0;0;0;0;0;0;0;0;0;0;0;0;0;0;0;0;0;0;0;0;0;0;0;0;0;0;0;0;0;0;0;0;0;0;0;0;0;0;0;0;0;0;0;0;0;0;0;0;0;0;0;0;0;0;0
11.06.2024;04:12;A 21;1;0;0;0;0;0;0;0;0;0;0;0;0;0;0;0;0;0;0;0;0;0;0;2;2;0;0;0;0;0;0;0;0;0;0;0;0;0;0;0;0;0;0;0;0;0;0;0;0;0;0;0;0;0;0;0;0;0;0;0;0;0;0;0;0;0;0;0;0;0;0
11.06.2024;04:11;A 21;1;0;0;0;0;0;0;0;0;0;0;0;0;0;0;0;0;0;0;0;0;0;0;0;0;0;0;0;0;0;0;0;0;0;0;0;0;0;0;0;0;0;0;0;0;0;0;0;0;0;0;0;0;0;0;0;0;0;0;0;0;0;0;0;0;0;0;0;0;0;0
11.06.2024;04:10;A 21;1;1;0;1;3;0;0;0;0;0;0;0;0;0;0;0;0;0;0;0;0;0;0;0;0;0;0;0;0;0;0;0;0;0;0;0;0;0;0;0;0;0;0;0;0;0;0;0;0;0;0;0;0;0;0;0;0;0;0;0;0;0;0;0;0;0;0;0;0;0;0
11.06.2024;04:09;A 21;1;0;0;0;0;0;0;0;0;0;0;0;0;0;0;0;0;0;0;0;0;0;0;0;0;0;0;0;0;0;0;0;0;0;0;0;0;0;0;0;0;0;0;0;0;0;0;0;0;0;0;0;0;0;0;0;0;0;0;0;0;0;0;0;0;0;0;0;0;0;0
11.06.2024;04:08;A 21;1;1;1;1;5;0;0;0;0;0;0;0;0;0;0;0;0;0;0;1;1;1;1;0;0;1;3;1;6;0;0;0;0;0;0;0;0;0;0;0;0;0;0;0;0;0;0;0;0;0;0;0;0;0;0;0;0;0;0;0;0;0;0;0;0;0;0;0;0;0;0
11.06.2024;04:07;A 21;1;0;0;0;0;0;0;0;0;0;0;0;0;0;0;0;0;0;0;0;0;0;0;0;0;0;0;0;0;0;0;0;0;0;0;0;0;0;0;0;0;0;0;0;0;0;0;0;0;0;0;0;0;0;0;0;0;0;0;0;0;0;0;0;0;0;0;0;0;0;0
11.06.2024;04:06;A 21;1;0;0;0;0;0;0;0;0;0;0;0;0;0;0;0;0;0;0;0;0;0;0;0;0;0;0;0;0;0;0;0;0;0;0;0;0;0;0;0;0;0;0;0;0;0;0;0;0;0;0;0;0;0;0;0;0;0;0;0;0;0;0;0;0;0;0;0;0;0;0
11.06.2024;04:05;A 21;1;1;1;1;2;0;0;0;0;0;0;0;0;0;0;0;0;0;0;0;0;0;0;0;0;0;0;0;0;0;0;0;0;0;0;0;0;0;0;0;0;0;0;0;0;0;0;0;0;0;0;0;0;0;0;0;0;0;0;0;0;0;0;0;0;0;0;0;0;0;0
11.06.2024;04:04;A 21;1;0;0;0;0;0;0;0;0;0;0;0;0;0;0;0;0;0;0;0;0;0;0;0;0;0;0;0;0;0;0;0;0;0;0;0;0;0;0;0;0;0;0;0;0;0;0;0;0;0;0;0;0;0;0;0;0;0;0;0;0;0;0;0;0;0;0;0;0;0;0
11.06.2024;04:03;A 21;1;0;0;0;0;0;0;0;0;0;0;0;0;0;0;0;0;0;0;0;0;0;0;0;0;0;0;0;0;0;0;0;0;0;0;0;0;0;0;0;0;0;0;0;0;0;0;0;0;0;0;0;0;0;0;0;0;0;0;0;0;0;0;0;0;0;0;0;0;0;0
11.06.2024;04:02;A 21;1;0;0;0;0;0;0;0;0;0;0;0;0;0;0;0;0;0;0;1;0;0;0;0;0;0;0;1;5;0;0;0;0;0;0;0;0;0;0;0;0;0;0;0;0;0;0;0;0;0;0;0;0;0;0;0;0;0;0;0;0;0;0;0;0;0;0;0;0;0;0
11.06.2024;04:01;A 21;1;0;0;0;0;0;0;0;0;0;0;0;0;0;0;0;0;0;0;1;0;0;0;0;0;0;0;1;2;0;0;0;0;0;0;0;0;0;0;0;0;0;0;0;0;0;0;0;0;0;0;0;0;0;0;0;0;0;0;0;0;0;0;0;0;0;0;0;0;0;0
11.06.2024;04:00;A 21;1;0;0;0;0;0;0;0;0;0;0;0;0;0;0;0;0;0;0;0;0;0;0;0;0;0;0;0;0;0;0;0;0;0;0;0;0;0;0;0;0;0;0;0;0;0;0;0;0;0;0;0;0;0;0;0;0;0;0;0;0;0;0;0;0;0;0;0;0;0;0
11.06.2024;03:59;A 21;1;1;0;1;3;0;0;0;0;0;0;0;0;0;0;0;0;0;0;0;0;0;0;0;0;0;0;0;0;0;0;0;0;0;0;0;0;0;0;0;0;0;0;0;0;0;0;0;0;0;0;0;0;0;0;0;0;0;0;0;0;0;0;0;0;0;0;0;0;0;0
11.06.2024;03:58;A 21;1;0;0;0;0;0;0;0;0;0;0;0;0;0;0;0;0;0;0;0;0;0;0;0;0;0;0;0;0;0;0;0;0;0;0;0;0;0;0;0;0;0;0;0;0;0;0;0;0;0;0;0;0;0;0;0;0;0;0;0;0;0;0;0;0;0;0;0;0;0;0
11.06.2024;03:57;A 21;1;0;0;0;0;0;0;0;0;0;0;0;0;0;0;0;0;0;0;0;0;0;0;0;0;0;0;0;0;0;0;0;0;0;0;0;0;0;0;0;0;0;0;0;0;0;0;0;0;0;0;0;0;0;0;0;0;0;0;0;0;0;0;0;0;0;0;0;0;0;0
11.06.2024;03:56;A 21;1;0;0;0;0;0;0;0;0;0;0;0;0;0;0;0;0;0;0;2;1;1;0;0;0;1;2;2;9;0;0;0;0;0;0;0;0;0;0;0;0;0;0;0;0;0;0;0;0;0;0;0;0;0;0;0;0;0;0;0;0;0;0;0;0;0;0;0;0;0;0
11.06.2024;03:55;A 21;1;0;0;0;0;0;0;0;0;0;0;0;0;0;0;0;0;0;0;0;0;0;0;0;0;0;0;0;0;0;0;0;0;0;0;0;0;0;0;0;0;0;0;0;0;0;0;0;0;0;0;0;0;0;0;0;0;0;0;0;0;0;0;0;0;0;0;0;0;0;0
11.06.2024;03:54;A 21;1;1;7;1;5;0;0;0;0;0;24;0;0;0;0;0;0;0;0;0;0;0;0;0;0;0;0;0;0;0;0;0;0;0;0;0;0;0;0;0;0;0;0;0;0;0;0;0;0;0;0;0;0;0;0;0;0;0;0;0;0;0;0;0;0;0;0;0;0;0;0
11.06.2024;03:53;A 21;1;2;1;1;5;2;1;0;0;1;1;0;0;1;4;1;6;0;0;0;0;0;0;0;0;0;0;0;0;0;0;0;0;0;0;0;0;0;0;0;0;0;0;0;0;0;0;0;0;0;0;0;0;0;0;0;0;0;0;0;0;0;0;0;0;0;0;0;0;0;0
11.06.2024;03:52;A 21;1;0;0;0;0;0;0;0;0;0;0;0;0;0;0;0;0;0;0;0;0;0;0;0;0;0;0;0;0;0;0;0;0;0;0;0;0;0;0;0;0;0;0;0;0;0;0;0;0;0;0;0;0;0;0;0;0;0;0;0;0;0;0;0;0;0;0;0;0;0;0
11.06.2024;03:51;A 21;1;0;0;0;0;0;0;0;0;0;0;0;0;0;0;0;0;0;0;0;0;0;0;0;0;0;0;0;0;0;0;0;0;0;0;0;0;0;0;0;0;0;0;0;0;0;0;0;0;0;0;0;0;0;0;0;0;0;0;0;0;0;0;0;0;0;0;0;0;0;0
11.06.2024;03:50;A 21;1;0;0;0;0;0;0;0;0;0;0;0;0;0;0;0;0;0;0;0;0;0;0;0;0;0;0;0;0;0;0;0;0;0;0;0;0;0;0;0;0;0;0;0;0;0;0;0;0;0;0;0;0;0;0;0;0;0;0;0;0;0;0;0;0;0;0;0;0;0;0
11.06.2024;03:49;A 21;1;0;0;0;0;0;0;0;0;0;0;0;0;0;0;0;0;0;0;0;0;0;0;0;0;0;0;0;0;0;0;0;0;0;0;0;0;0;0;0;0;0;0;0;0;0;0;0;0;0;0;0;0;0;0;0;0;0;0;0;0;0;0;0;0;0;0;0;0;0;0
11.06.2024;03:48;A 21;1;1;0;1;2;0;0;0;0;0;0;0;0;0;0;0;0;0;0;0;0;0;0;0;0;0;0;0;0;0;0;0;0;0;0;0;0;0;0;0;0;0;0;0;0;0;0;0;0;0;0;0;0;0;0;0;0;0;0;0;0;0;0;0;0;0;0;0;0;0;0
11.06.2024;03:47;A 21;1;1;1;1;3;0;0;0;0;0;0;0;0;0;0;0;0;0;0;1;0;0;0;0;0;0;0;1;2;0;0;0;0;0;0;0;0;0;0;0;0;0;0;0;0;0;0;0;0;0;0;0;0;0;0;0;0;0;0;0;0;0;0;0;0;0;0;0;0;0;0
11.06.2024;03:46;A 21;1;0;0;0;0;0;0;0;0;0;0;0;0;0;0;0;0;1;0;0;0;0;0;2;2;0;0;0;0;0;0;0;0;0;0;0;0;0;0;0;0;0;0;0;0;0;0;0;0;0;0;0;0;0;0;0;0;0;0;0;0;0;0;0;0;0;0;0;0;0;0
11.06.2024;03:45;A 21;1;0;0;0;0;0;0;0;0;0;0;0;0;0;0;0;0;0;0;2;0;2;1;0;0;2;6;1;2;0;0;0;0;0;0;0;0;0;0;0;0;0;0;0;0;0;0;0;0;0;0;0;0;0;0;0;0;0;0;0;0;0;0;0;0;0;0;0;0;0;0
11.06.2024;03:44;A 21;1;0;0;0;0;0;0;0;0;0;0;0;0;0;0;0;0;0;0;0;0;0;0;0;0;0;0;0;0;0;0;0;0;0;0;0;0;0;0;0;0;0;0;0;0;0;0;0;0;0;0;0;0;0;0;0;0;0;0;0;0;0;0;0;0;0;0;0;0;0;0
11.06.2024;03:43;A 21;1;1;0;1;3;0;0;0;0;0;0;0;0;0;0;0;0;0;0;0;0;0;0;0;0;0;0;0;0;0;0;0;0;0;0;0;0;0;0;0;0;0;0;0;0;0;0;0;0;0;0;0;0;0;0;0;0;0;0;0;0;0;0;0;0;0;0;0;0;0;0
11.06.2024;03:42;A 21;1;0;0;0;0;0;0;0;0;0;0;0;0;0;0;0;0;0;0;1;0;1;0;0;0;1;4;0;0;0;0;0;0;0;0;0;0;0;0;0;0;0;0;0;0;0;0;0;0;0;0;0;0;0;0;0;0;0;0;0;0;0;0;0;0;0;0;0;0;0;0
11.06.2024;03:41;A 21;1;0;0;0;0;0;0;0;0;0;0;0;0;0;0;0;0;0;0;0;0;0;0;0;0;0;0;0;0;0;0;0;0;0;0;0;0;0;0;0;0;0;0;0;0;0;0;0;0;0;0;0;0;0;0;0;0;0;0;0;0;0;0;0;0;0;0;0;0;0;0
11.06.2024;03:40;A 21;1;0;0;0;0;0;0;0;0;0;0;0;0;0;0;0;0;0;0;1;0;1;0;0;0;1;2;1;0;0;0;0;0;0;0;0;0;0;0;0;0;0;0;0;0;0;0;0;0;0;0;0;0;0;0;0;0;0;0;0;0;0;0;0;0;0;0;0;0;0;0
11.06.2024;03:39;A 21;1;0;0;0;0;0;0;0;0;0;0;0;0;0;0;0;0;0;0;0;0;0;0;0;0;0;0;0;0;0;0;0;0;0;0;0;0;0;0;0;0;0;0;0;0;0;0;0;0;0;0;0;0;0;0;0;0;0;0;0;0;0;0;0;0;0;0;0;0;0;0
11.06.2024;03:38;A 21;1;0;0;0;0;0;0;0;0;0;0;0;0;0;0;0;0;0;0;0;0;0;0;0;0;0;0;0;0;0;0;0;0;0;0;0;0;0;0;0;0;0;0;0;0;0;0;0;0;0;0;0;0;0;0;0;0;0;0;0;0;0;0;0;0;0;0;0;0;0;0
11.06.2024;03:37;A 21;1;0;0;0;0;0;0;0;0;0;0;0;0;0;0;0;0;0;0;0;0;0;0;0;0;0;0;0;0;0;0;0;0;0;0;0;0;0;0;0;0;0;0;0;0;0;0;0;0;0;0;0;0;0;0;0;0;0;0;0;0;0;0;0;0;0;0;0;0;0;0
11.06.2024;03:36;A 21;1;0;0;0;0;0;0;0;0;0;0;0;0;0;0;0;0;0;0;0;0;0;0;0;0;0;0;0;0;0;0;0;0;0;0;0;0;0;0;0;0;0;0;0;0;0;0;0;0;0;0;0;0;0;0;0;0;0;0;0;0;0;0;0;0;0;0;0;0;0;0
11.06.2024;03:35;A 21;1;0;0;0;0;0;0;0;0;0;0;1;1;0;0;0;0;0;0;1;0;0;0;0;0;0;0;1;5;0;0;0;0;0;0;0;0;0;0;0;0;0;0;0;0;0;0;0;0;0;0;0;0;0;0;0;0;0;0;0;0;0;0;0;0;0;0;0;0;0;0
11.06.2024;03:34;A 21;1;0;0;0;0;0;0;0;0;0;0;1;0;0;0;0;0;0;0;0;0;0;0;0;0;0;0;0;0;0;0;0;0;0;0;0;0;0;0;0;0;0;0;0;0;0;0;0;0;0;0;0;0;0;0;0;0;0;0;0;0;0;0;0;0;0;0;0;0;0;0
11.06.2024;03:33;A 21;1;0;0;0;0;0;0;0;0;0;0;0;0;0;0;0;0;0;0;0;0;0;0;0;0;0;0;0;0;0;0;0;0;0;0;0;0;0;0;0;0;0;0;0;0;0;0;0;0;0;0;0;0;0;0;0;0;0;0;0;0;0;0;0;0;0;0;0;0;0;0
11.06.2024;03:32;A 21;1;1;0;2;5;0;0;0;0;0;0;0;0;0;0;0;0;0;0;0;0;0;0;0;0;0;0;0;0;0;0;0;0;0;0;0;0;0;0;0;0;0;0;0;0;0;0;0;0;0;0;0;0;0;0;0;0;0;0;0;0;0;0;0;0;0;0;0;0;0;0
11.06.2024;03:31;A 21;1;1;0;2;3;0;0;0;0;0;0;0;0;0;0;0;0;0;0;0;0;0;0;0;0;0;0;0;0;0;0;0;0;0;0;0;0;0;0;0;0;0;0;0;0;0;0;0;0;0;0;0;0;0;0;0;0;0;0;0;0;0;0;0;0;0;0;0;0;0;0
11.06.2024;03:30;A 21;1;0;0;0;0;0;0;0;0;0;0;0;0;0;0;0;0;0;0;0;0;0;0;0;0;0;0;0;0;0;0;0;0;0;0;0;0;0;0;0;0;0;0;0;0;0;0;0;0;0;0;0;0;0;0;0;0;0;0;0;0;0;0;0;0;0;0;0;0;0;0
11.06.2024;03:29;A 21;1;0;0;0;0;0;0;0;0;0;0;0;0;0;0;0;0;0;0;0;0;0;0;0;0;0;0;0;0;0;0;0;0;0;0;0;0;0;0;0;0;0;0;0;0;0;0;0;0;0;0;0;0;0;0;0;0;0;0;0;0;0;0;0;0;0;0;0;0;0;0
11.06.2024;03:28;A 21;1;1;0;1;2;0;0;0;0;0;0;0;0;0;0;0;0;0;0;1;1;0;0;1;1;0;0;1;6;0;0;0;0;0;0;0;0;0;0;0;0;0;0;0;0;0;0;0;0;0;0;0;0;0;0;0;0;0;0;0;0;0;0;0;0;0;0;0;0;0;0
11.06.2024;03:27;A 21;1;0;0;0;0;0;0;0;0;0;0;0;0;0;0;0;0;0;0;0;0;0;0;0;0;0;0;0;0;0;0;0;0;0;0;0;0;0;0;0;0;0;0;0;0;0;0;0;0;0;0;0;0;0;0;0;0;0;0;0;0;0;0;0;0;0;0;0;0;0;0
11.06.2024;03:26;A 21;1;0;0;0;0;0;0;0;0;0;0;1;29;2;6;2;4;0;0;1;19;0;0;0;0;0;0;2;4;0;0;0;0;0;0;0;0;0;0;0;0;0;0;0;0;0;0;0;0;0;0;0;0;0;0;0;0;0;0;0;0;0;0;0;0;0;0;0;0;0;0
11.06.2024;03:25;A 21;1;1;0;0;0;1;0;1;8;0;0;0;0;0;0;0;0;0;0;0;0;0;0;0;0;0;0;0;0;0;0;0;0;0;0;0;0;0;0;0;0;0;0;0;0;0;0;0;0;0;0;0;0;0;0;0;0;0;0;0;0;0;0;0;0;0;0;0;0;0;0
11.06.2024;03:24;A 21;1;0;0;0;0;0;0;0;0;0;0;0;0;0;0;0;0;0;0;0;0;0;0;0;0;0;0;0;0;0;0;0;0;0;0;0;0;0;0;0;0;0;0;0;0;0;0;0;0;0;0;0;0;0;0;0;0;0;0;0;0;0;0;0;0;0;0;0;0;0;0
11.06.2024;03:23;A 21;1;1;0;1;2;0;0;0;0;0;0;0;0;0;0;0;0;0;0;0;0;0;0;0;0;0;0;0;0;0;0;0;0;0;0;0;0;0;0;0;0;0;0;0;0;0;0;0;0;0;0;0;0;0;0;0;0;0;0;0;0;0;0;0;0;0;0;0;0;0;0
11.06.2024;03:22;A 21;1;0;0;0;0;0;0;0;0;0;0;0;0;0;0;0;0;0;0;0;0;0;0;0;0;0;0;0;0;0;0;0;0;0;0;0;0;0;0;0;0;0;0;0;0;0;0;0;0;0;0;0;0;0;0;0;0;0;0;0;0;0;0;0;0;0;0;0;0;0;0
11.06.2024;03:21;A 21;1;0;0;0;0;0;0;0;0;0;0;0;0;0;0;0;0;0;0;1;1;0;0;0;0;0;0;1;9;0;0;0;0;0;0;0;0;0;0;0;0;0;0;0;0;0;0;0;0;0;0;0;0;0;0;0;0;0;0;0;0;0;0;0;0;0;0;0;0;0;0
11.06.2024;03:20;A 21;1;0;0;0;0;0;0;0;0;0;0;0;0;0;0;0;0;0;0;0;0;0;0;0;0;0;0;0;0;0;0;0;0;0;0;0;0;0;0;0;0;0;0;0;0;0;0;0;0;0;0;0;0;0;0;0;0;0;0;0;0;0;0;0;0;0;0;0;0;0;0
11.06.2024;03:19;A 21;1;0;0;0;0;0;0;0;0;0;0;0;0;0;0;0;0;0;0;0;0;0;0;0;0;0;0;0;0;0;0;0;0;0;0;0;0;0;0;0;0;0;0;0;0;0;0;0;0;0;0;0;0;0;0;0;0;0;0;0;0;0;0;0;0;0;0;0;0;0;0
11.06.2024;03:18;A 21;1;0;0;0;0;0;0;0;0;0;0;0;0;0;0;0;0;0;0;0;0;0;0;0;0;0;0;0;0;0;0;0;0;0;0;0;0;0;0;0;0;0;0;0;0;0;0;0;0;0;0;0;0;0;0;0;0;0;0;0;0;0;0;0;0;0;0;0;0;0;0
11.06.2024;03:17;A 21;1;1;0;1;4;0;0;0;0;0;0;0;0;0;0;0;0;0;0;0;0;0;0;0;0;0;0;0;0;0;0;0;0;0;0;0;0;0;0;0;0;0;0;0;0;0;0;0;0;0;0;0;0;0;0;0;0;0;0;0;0;0;0;0;0;0;0;0;0;0;0
11.06.2024;03:16;A 21;1;0;0;0;0;0;0;0;0;0;0;0;0;0;0;0;0;0;0;0;0;0;0;0;0;0;0;0;0;0;0;0;0;0;0;0;0;0;0;0;0;0;0;0;0;0;0;0;0;0;0;0;0;0;0;0;0;0;0;0;0;0;0;0;0;0;0;0;0;0;0
11.06.2024;03:15;A 21;1;0;0;0;0;0;0;0;0;0;0;0;0;0;0;0;0;0;0;0;0;0;0;0;0;0;0;0;0;0;0;0;0;0;0;0;0;0;0;0;0;0;0;0;0;0;0;0;0;0;0;0;0;0;0;0;0;0;0;0;0;0;0;0;0;0;0;0;0;0;0
11.06.2024;03:14;A 21;1;0;0;0;0;0;0;0;0;0;0;0;0;0;0;0;0;0;0;0;0;0;0;0;0;0;0;0;0;0;0;0;0;0;0;0;0;0;0;0;0;0;0;0;0;0;0;0;0;0;0;0;0;0;0;0;0;0;0;0;0;0;0;0;0;0;0;0;0;0;0
11.06.2024;03:13;A 21;1;0;0;0;0;0;0;0;0;1;0;1;0;1;1;1;2;0;0;0;0;0;0;0;0;0;0;0;0;0;0;0;0;0;0;0;0;0;0;0;0;0;0;0;0;0;0;0;0;0;0;0;0;0;0;0;0;0;0;0;0;0;0;0;0;0;0;0;0;0;0
11.06.2024;03:12;A 21;1;0;0;0;0;0;0;0;0;0;0;0;0;0;0;0;0;0;0;0;0;0;0;0;0;0;0;0;0;0;0;0;0;0;0;0;0;0;0;0;0;0;0;0;0;0;0;0;0;0;0;0;0;0;0;0;0;0;0;0;0;0;0;0;0;0;0;0;0;0;0
11.06.2024;03:11;A 21;1;0;0;0;0;0;0;0;0;0;0;0;0;0;0;0;0;0;0;0;0;0;0;0;0;0;0;0;0;0;0;0;0;0;0;0;0;0;0;0;0;0;0;0;0;0;0;0;0;0;0;0;0;0;0;0;0;0;0;0;0;0;0;0;0;0;0;0;0;0;0
11.06.2024;03:10;A 21;1;0;0;0;0;0;0;0;0;0;0;0;0;0;0;0;0;0;0;0;0;0;0;0;0;0;0;0;0;0;0;0;0;0;0;0;0;0;0;0;0;0;0;0;0;0;0;0;0;0;0;0;0;0;0;0;0;0;0;0;0;0;0;0;0;0;0;0;0;0;0
11.06.2024;03:09;A 21;1;1;0;0;0;0;0;0;74;0;0;0;0;0;0;0;0;0;0;0;0;0;0;0;0;0;0;0;0;0;0;0;0;0;0;0;0;0;0;0;0;0;0;0;0;0;0;0;0;0;0;0;0;0;0;0;0;0;0;0;0;0;0;0;0;0;0;0;0;0;0
11.06.2024;03:08;A 21;1;1;0;2;4;0;0;1;0;0;0;0;0;0;0;0;0;0;0;1;0;0;0;0;0;0;0;1;5;0;0;0;0;0;0;0;0;0;0;0;0;0;0;0;0;0;0;0;0;0;0;0;0;0;0;0;0;0;0;0;0;0;0;0;0;0;0;0;0;0;0
11.06.2024;03:07;A 21;1;1;1;1;5;0;0;0;0;0;0;0;0;0;0;0;0;0;0;0;0;0;0;0;0;0;0;0;0;0;0;0;0;0;0;0;0;0;0;0;0;0;0;0;0;0;0;0;0;0;0;0;0;0;0;0;0;0;0;0;0;0;0;0;0;0;0;0;0;0;0
11.06.2024;03:06;A 21;1;0;0;0;0;0;0;0;0;0;0;0;0;0;0;0;0;0;0;0;0;0;0;0;0;0;0;0;0;0;0;0;0;0;0;0;0;0;0;0;0;0;0;0;0;0;0;0;0;0;0;0;0;0;0;0;0;0;0;0;0;0;0;0;0;0;0;0;0;0;0
11.06.2024;03:05;A 21;1;0;0;0;0;0;0;0;0;0;0;0;0;0;0;0;0;0;0;0;0;0;0;0;0;0;0;0;0;0;0;0;0;0;0;0;0;0;0;0;0;0;0;0;0;0;0;0;0;0;0;0;0;0;0;0;0;0;0;0;0;0;0;0;0;0;0;0;0;0;0
11.06.2024;03:04;A 21;1;0;0;0;0;0;0;0;0;0;0;0;0;0;0;0;0;0;0;0;0;0;0;0;0;0;0;0;0;0;0;0;0;0;0;0;0;0;0;0;0;0;0;0;0;0;0;0;0;0;0;0;0;0;0;0;0;0;0;0;0;0;0;0;0;0;0;0;0;0;0
11.06.2024;03:03;A 21;1;0;0;0;0;0;0;0;0;0;0;0;0;0;0;0;0;0;0;0;0;0;0;0;0;0;0;0;0;0;0;0;0;0;0;0;0;0;0;0;0;0;0;0;0;0;0;0;0;0;0;0;0;0;0;0;0;0;0;0;0;0;0;0;0;0;0;0;0;0;0
11.06.2024;03:02;A 21;1;0;0;0;0;0;0;0;0;0;0;0;0;0;0;0;0;0;0;0;0;0;0;0;0;0;0;0;0;0;0;0;0;0;0;0;0;0;0;0;0;0;0;0;0;0;0;0;0;0;0;0;0;0;0;0;0;0;0;0;0;0;0;0;0;0;0;0;0;0;0
11.06.2024;03:01;A 21;1;0;0;0;0;0;0;0;0;0;0;0;0;0;0;0;0;0;0;0;0;0;0;0;0;0;0;0;0;0;0;0;0;0;0;0;0;0;0;0;0;0;0;0;0;0;0;0;0;0;0;0;0;0;0;0;0;0;0;0;0;0;0;0;0;0;0;0;0;0;0
11.06.2024;03:00;A 21;1;0;0;0;0;0;0;0;0;0;0;0;0;0;0;0;0;0;0;0;0;0;0;0;0;0;0;0;0;0;0;0;0;0;0;0;0;0;0;0;0;0;0;0;0;0;0;0;0;0;0;0;0;0;0;0;0;0;0;0;0;0;0;0;0;0;0;0;0;0;0
11.06.2024;02:59;A 21;1;1;1;1;3;0;0;0;0;0;0;0;0;0;0;0;0;0;0;0;0;0;0;0;0;0;0;0;0;0;0;0;0;0;0;0;0;0;0;0;0;0;0;0;0;0;0;0;0;0;0;0;0;0;0;0;0;0;0;0;0;0;0;0;0;0;0;0;0;0;0
11.06.2024;02:58;A 21;1;0;0;0;0;0;0;0;0;0;0;0;0;0;0;0;0;0;0;0;0;0;0;0;0;0;0;0;0;0;0;0;0;0;0;0;0;0;0;0;0;0;0;0;0;0;0;0;0;0;0;0;0;0;0;0;0;0;0;0;0;0;0;0;0;0;0;0;0;0;0
11.06.2024;02:57;A 21;1;0;0;0;0;0;0;0;0;0;0;0;0;0;0;0;0;0;0;0;0;0;0;0;0;0;0;0;0;0;0;0;0;0;0;0;0;0;0;0;0;0;0;0;0;0;0;0;0;0;0;0;0;0;0;0;0;0;0;0;0;0;0;0;0;0;0;0;0;0;0
11.06.2024;02:56;A 21;1;0;0;0;0;0;0;0;0;0;0;0;0;0;0;0;0;0;0;0;0;0;0;0;0;0;0;0;0;0;0;0;0;0;0;0;0;0;0;0;0;0;0;0;0;0;0;0;0;0;0;0;0;0;0;0;0;0;0;0;0;0;0;0;0;0;0;0;0;0;0
11.06.2024;02:55;A 21;1;0;0;0;0;0;0;0;0;0;0;0;0;0;0;0;0;0;0;0;0;0;0;0;0;0;0;0;0;0;0;0;0;0;0;0;0;0;0;0;0;0;0;0;0;0;0;0;0;0;0;0;0;0;0;0;0;0;0;0;0;0;0;0;0;0;0;0;0;0;0
11.06.2024;02:54;A 21;1;2;1;2;4;0;0;0;0;0;0;0;0;0;0;0;0;0;0;1;0;1;0;0;0;1;4;1;3;0;0;0;0;0;0;0;0;0;0;0;0;0;0;0;0;0;0;0;0;0;0;0;0;0;0;0;0;0;0;0;0;0;0;0;0;0;0;0;0;0;0
11.06.2024;02:53;A 21;1;0;0;0;0;0;0;0;0;0;0;0;0;0;0;0;0;0;0;0;0;0;0;0;0;0;0;0;0;0;0;0;0;0;0;0;0;0;0;0;0;0;0;0;0;0;0;0;0;0;0;0;0;0;0;0;0;0;0;0;0;0;0;0;0;0;0;0;0;0;0
11.06.2024;02:52;A 21;1;0;0;0;0;0;0;0;0;0;0;0;0;0;0;0;0;0;0;0;0;0;0;0;0;0;0;0;0;0;0;0;0;0;0;0;0;0;0;0;0;0;0;0;0;0;0;0;0;0;0;0;0;0;0;0;0;0;0;0;0;0;0;0;0;0;0;0;0;0;0
11.06.2024;02:51;A 21;1;0;0;0;0;0;0;0;0;0;0;0;0;0;0;0;0;0;0;0;0;0;0;0;0;0;0;0;0;0;0;0;0;0;0;0;0;0;0;0;0;0;0;0;0;0;0;0;0;0;0;0;0;0;0;0;0;0;0;0;0;0;0;0;0;0;0;0;0;0;0
11.06.2024;02:50;A 21;1;0;0;0;0;0;0;0;0;0;0;0;0;0;0;0;0;0;0;0;0;0;0;0;0;0;0;0;0;0;0;0;0;0;0;0;0;0;0;0;0;0;0;0;0;0;0;0;0;0;0;0;0;0;0;0;0;0;0;0;0;0;0;0;0;0;0;0;0;0;0
11.06.2024;02:49;A 21;1;0;0;0;0;0;0;0;0;0;0;0;0;0;0;0;0;0;0;0;0;0;0;0;0;0;0;0;0;0;0;0;0;0;0;0;0;0;0;0;0;0;0;0;0;0;0;0;0;0;0;0;0;0;0;0;0;0;0;0;0;0;0;0;0;0;0;0;0;0;0
11.06.2024;02:48;A 21;1;0;0;0;0;0;0;0;0;0;0;0;0;0;0;0;0;0;0;0;0;0;0;0;0;0;0;0;0;0;0;0;0;0;0;0;0;0;0;0;0;0;0;0;0;0;0;0;0;0;0;0;0;0;0;0;0;0;0;0;0;0;0;0;0;0;0;0;0;0;0
11.06.2024;02:47;A 21;1;0;0;0;0;0;0;0;0;0;0;0;0;0;0;0;0;0;0;0;0;0;0;0;0;0;0;0;0;0;0;0;0;0;0;0;0;0;0;0;0;0;0;0;0;0;0;0;0;0;0;0;0;0;0;0;0;0;0;0;0;0;0;0;0;0;0;0;0;0;0
11.06.2024;02:46;A 21;1;0;0;0;0;0;0;0;0;0;0;0;0;0;0;0;0;0;0;0;0;0;0;0;0;0;0;0;0;0;0;0;0;0;0;0;0;0;0;0;0;0;0;0;0;0;0;0;0;0;0;0;0;0;0;0;0;0;0;0;0;0;0;0;0;0;0;0;0;0;0
11.06.2024;02:45;A 21;1;1;0;1;2;0;0;0;0;0;0;0;0;0;0;0;0;0;0;1;0;1;0;0;0;1;4;1;6;0;0;0;0;0;0;0;0;0;0;0;0;0;0;0;0;0;0;0;0;0;0;0;0;0;0;0;0;0;0;0;0;0;0;0;0;0;0;0;0;0;0
11.06.2024;02:44;A 21;1;1;0;1;2;0;0;0;0;0;0;0;0;0;0;0;0;0;0;0;0;0;0;0;0;0;0;0;0;0;0;0;0;0;0;0;0;0;0;0;0;0;0;0;0;0;0;0;0;0;0;0;0;0;0;0;0;0;0;0;0;0;0;0;0;0;0;0;0;0;0
11.06.2024;02:43;A 21;1;0;0;0;0;0;0;0;0;0;0;0;0;0;0;0;0;0;0;0;0;0;0;0;0;0;0;0;0;0;0;0;0;0;0;0;0;0;0;0;0;0;0;0;0;0;0;0;0;0;0;0;0;0;0;0;0;0;0;0;0;0;0;0;0;0;0;0;0;0;0
11.06.2024;02:42;A 21;1;1;0;1;3;0;0;0;0;0;0;0;0;0;0;0;0;0;0;1;0;1;0;0;0;1;5;1;2;0;0;0;0;0;0;0;0;0;0;0;0;0;0;0;0;0;0;0;0;0;0;0;0;0;0;0;0;0;0;0;0;0;0;0;0;0;0;0;0;0;0
11.06.2024;02:41;A 21;1;0;0;0;0;0;0;0;0;0;0;0;0;0;0;0;0;0;0;0;0;0;0;0;0;0;0;0;0;0;0;0;0;0;0;0;0;0;0;0;0;0;0;0;0;0;0;0;0;0;0;0;0;0;0;0;0;0;0;0;0;0;0;0;0;0;0;0;0;0;0
11.06.2024;02:40;A 21;1;0;0;0;0;0;0;0;0;0;0;0;0;0;0;0;0;0;0;1;0;0;0;0;0;0;0;1;5;0;0;0;0;0;0;0;0;0;0;0;0;0;0;0;0;0;0;0;0;0;0;0;0;0;0;0;0;0;0;0;0;0;0;0;0;0;0;0;0;0;0
11.06.2024;02:39;A 21;1;0;0;0;0;0;0;0;0;0;0;0;0;0;0;0;0;0;0;0;0;0;0;0;0;0;0;0;0;0;0;0;0;0;0;0;0;0;0;0;0;0;0;0;0;0;0;0;0;0;0;0;0;0;0;0;0;0;0;0;0;0;0;0;0;0;0;0;0;0;0
11.06.2024;02:38;A 21;1;0;0;0;0;0;0;0;0;0;0;0;0;0;0;0;0;0;0;0;0;1;0;0;0;1;3;0;0;0;0;0;0;0;0;0;0;0;0;0;0;0;0;0;0;0;0;0;0;0;0;0;0;0;0;0;0;0;0;0;0;0;0;0;0;0;0;0;0;0;0
11.06.2024;02:37;A 21;1;3;2;3;10;0;0;0;0;0;0;0;0;0;0;0;0;0;0;0;0;0;0;0;0;0;0;0;0;0;0;0;0;0;0;0;0;0;0;0;0;0;0;0;0;0;0;0;0;0;0;0;0;0;0;0;0;0;0;0;0;0;0;0;0;0;0;0;0;0;0
11.06.2024;02:36;A 21;1;0;0;0;0;0;0;0;0;0;0;0;0;0;0;0;0;1;0;0;0;0;0;1;6;0;0;0;0;0;0;0;0;0;0;0;0;0;0;0;0;0;0;0;0;0;0;0;0;0;0;0;0;0;0;0;0;0;0;0;0;0;0;0;0;0;0;0;0;0;0
11.06.2024;02:35;A 21;1;1;0;1;3;0;0;0;0;0;0;0;0;0;0;0;0;0;0;0;0;0;0;0;0;0;0;0;0;0;0;0;0;0;0;0;0;0;0;0;0;0;0;0;0;0;0;0;0;0;0;0;0;0;0;0;0;0;0;0;0;0;0;0;0;0;0;0;0;0;0
11.06.2024;02:34;A 21;1;0;0;0;0;0;0;0;0;0;0;0;0;0;0;0;0;0;0;1;0;1;0;0;0;1;2;2;2;0;0;0;0;0;0;0;0;0;0;0;0;0;0;0;0;0;0;0;0;0;0;0;0;0;0;0;0;0;0;0;0;0;0;0;0;0;0;0;0;0;0
11.06.2024;02:33;A 21;1;0;0;0;0;0;0;0;0;0;0;0;0;0;0;0;0;0;0;1;0;1;0;0;0;1;3;1;0;0;0;0;0;0;0;0;0;0;0;0;0;0;0;0;0;0;0;0;0;0;0;0;0;0;0;0;0;0;0;0;0;0;0;0;0;0;0;0;0;0;0
11.06.2024;02:32;A 21;1;1;0;1;2;0;0;0;0;0;0;0;0;0;0;0;0;0;0;1;0;1;0;0;0;1;2;1;3;0;0;0;0;0;0;0;0;0;0;0;0;0;0;0;0;0;0;0;0;0;0;0;0;0;0;0;0;0;0;0;0;0;0;0;0;0;0;0;0;0;0
11.06.2024;02:31;A 21;1;0;0;0;0;0;0;0;0;0;0;0;0;0;0;0;0;0;0;0;0;0;0;0;0;0;0;0;0;0;0;0;0;0;0;0;0;0;0;0;0;0;0;0;0;0;0;0;0;0;0;0;0;0;0;0;0;0;0;0;0;0;0;0;0;0;0;0;0;0;0
11.06.2024;02:30;A 21;1;0;0;0;0;0;0;0;0;0;0;0;0;0;0;0;0;0;0;0;0;0;0;0;0;0;0;0;0;0;0;0;0;0;0;0;0;0;0;0;0;0;0;0;0;0;0;0;0;0;0;0;0;0;0;0;0;0;0;0;0;0;0;0;0;0;0;0;0;0;0
11.06.2024;02:29;A 21;1;0;0;0;0;0;0;0;0;0;0;0;0;0;0;0;0;0;0;0;0;0;0;0;0;0;0;0;0;0;0;0;0;0;0;0;0;0;0;0;0;0;0;0;0;0;0;0;0;0;0;0;0;0;0;0;0;0;0;0;0;0;0;0;0;0;0;0;0;0;0
11.06.2024;02:28;A 21;1;0;0;0;0;1;14;1;16;0;0;0;0;0;0;0;0;0;0;0;0;0;0;0;0;0;0;0;0;0;0;0;0;0;0;0;0;0;0;0;0;0;0;0;0;0;0;0;0;0;0;0;0;0;0;0;0;0;0;0;0;0;0;0;0;0;0;0;0;0;0
11.06.2024;02:27;A 21;1;0;0;0;0;0;0;0;0;0;0;0;0;0;0;0;0;0;0;0;0;0;0;0;0;0;0;0;0;0;0;0;0;0;0;0;0;0;0;0;0;0;0;0;0;0;0;0;0;0;0;0;0;0;0;0;0;0;0;0;0;0;0;0;0;0;0;0;0;0;0
11.06.2024;02:26;A 21;1;0;0;0;0;1;7;0;1;0;0;1;0;0;0;0;0;0;0;0;0;0;0;0;0;0;0;0;0;0;0;0;0;0;0;0;0;0;0;0;0;0;0;0;0;0;0;0;0;0;0;0;0;0;0;0;0;0;0;0;0;0;0;0;0;0;0;0;0;0;0
11.06.2024;02:25;A 21;1;0;0;0;0;0;0;1;10;0;0;0;0;0;0;0;0;0;0;0;0;0;0;0;0;0;0;0;0;0;0;0;0;0;0;0;0;0;0;0;0;0;0;0;0;0;0;0;0;0;0;0;0;0;0;0;0;0;0;0;0;0;0;0;0;0;0;0;0;0;0
11.06.2024;02:24;A 21;1;0;0;0;0;0;0;0;0;0;0;0;0;0;0;0;0;1;0;0;0;0;0;2;3;0;0;0;0;0;0;0;0;0;0;0;0;0;0;0;0;0;0;0;0;0;0;0;0;0;0;0;0;0;0;0;0;0;0;0;0;0;0;0;0;0;0;0;0;0;0
11.06.2024;02:23;A 21;1;1;1;1;3;0;0;0;0;0;0;0;0;0;0;0;0;0;0;1;0;1;0;1;4;1;3;1;4;0;0;0;0;0;0;0;0;0;0;0;0;0;0;0;0;0;0;0;0;0;0;0;0;0;0;0;0;0;0;0;0;0;0;0;0;0;0;0;0;0;0
11.06.2024;02:22;A 21;1;1;0;2;2;0;0;0;0;0;0;0;0;0;0;0;0;0;0;0;0;0;0;0;0;0;0;0;0;0;0;0;0;0;0;0;0;0;0;0;0;0;0;0;0;0;0;0;0;0;0;0;0;0;0;0;0;0;0;0;0;0;0;0;0;0;0;0;0;0;0
11.06.2024;02:21;A 21;1;0;0;0;0;0;0;0;0;0;0;0;0;0;0;0;0;0;0;0;0;0;0;0;0;0;0;0;0;0;0;0;0;0;0;0;0;0;0;0;0;0;0;0;0;0;0;0;0;0;0;0;0;0;0;0;0;0;0;0;0;0;0;0;0;0;0;0;0;0;0
11.06.2024;02:20;A 21;1;0;0;0;0;0;0;0;0;0;0;0;0;0;0;0;0;0;0;1;0;0;0;0;0;0;0;1;5;0;0;0;0;0;0;0;0;0;0;0;0;0;0;0;0;0;0;0;0;0;0;0;0;0;0;0;0;0;0;0;0;0;0;0;0;0;0;0;0;0;0
11.06.2024;02:19;A 21;1;0;0;0;0;0;0;0;0;0;0;0;0;0;0;0;0;0;0;0;0;0;0;0;0;0;0;0;0;0;0;0;0;0;0;0;0;0;0;0;0;0;0;0;0;0;0;0;0;0;0;0;0;0;0;0;0;0;0;0;0;0;0;0;0;0;0;0;0;0;0
11.06.2024;02:18;A 21;1;0;0;0;0;0;0;0;0;0;0;0;0;0;0;0;0;0;0;0;0;0;0;0;0;0;0;0;0;0;0;0;0;0;0;0;0;0;0;0;0;0;0;0;0;0;0;0;0;0;0;0;0;0;0;0;0;0;0;0;0;0;0;0;0;0;0;0;0;0;0
11.06.2024;02:17;A 21;1;0;0;0;0;0;0;0;0;0;0;0;0;0;0;0;0;0;0;1;0;1;0;0;0;1;3;1;4;0;0;0;0;0;0;0;0;0;0;0;0;0;0;0;0;0;0;0;0;0;0;0;0;0;0;0;0;0;0;0;0;0;0;0;0;0;0;0;0;0;0
11.06.2024;02:16;A 21;1;0;0;0;0;0;0;0;0;0;0;0;0;0;0;0;0;0;0;0;0;0;0;0;0;0;0;0;0;0;0;0;0;0;0;0;0;0;0;0;0;0;0;0;0;0;0;0;0;0;0;0;0;0;0;0;0;0;0;0;0;0;0;0;0;0;0;0;0;0;0
11.06.2024;02:15;A 21;1;0;0;0;0;0;0;0;0;0;0;0;0;0;0;0;0;0;0;0;0;0;0;0;0;0;0;0;0;0;0;0;0;0;0;0;0;0;0;0;0;0;0;0;0;0;0;0;0;0;0;0;0;0;0;0;0;0;0;0;0;0;0;0;0;0;0;0;0;0;0
11.06.2024;02:14;A 21;1;0;0;0;0;0;0;0;0;0;0;0;0;0;0;0;0;0;0;0;0;0;0;0;0;0;0;0;0;0;0;0;0;0;0;0;0;0;0;0;0;0;0;0;0;0;0;0;0;0;0;0;0;0;0;0;0;0;0;0;0;0;0;0;0;0;0;0;0;0;0
11.06.2024;02:13;A 21;1;0;0;0;0;0;0;0;0;0;0;0;0;0;0;0;0;0;0;0;0;0;0;0;0;0;0;0;0;0;0;0;0;0;0;0;0;0;0;0;0;0;0;0;0;0;0;0;0;0;0;0;0;0;0;0;0;0;0;0;0;0;0;0;0;0;0;0;0;0;0
11.06.2024;02:12;A 21;1;0;0;0;0;0;0;0;0;0;0;0;0;0;0;0;0;0;0;0;0;0;0;0;0;0;0;0;0;0;0;0;0;0;0;0;0;0;0;0;0;0;0;0;0;0;0;0;0;0;0;0;0;0;0;0;0;0;0;0;0;0;0;0;0;0;0;0;0;0;0
11.06.2024;02:11;A 21;1;0;0;0;0;0;0;0;0;0;0;0;0;0;0;0;0;0;0;1;0;1;0;0;0;1;5;1;4;0;0;0;0;0;0;0;0;0;0;0;0;0;0;0;0;0;0;0;0;0;0;0;0;0;0;0;0;0;0;0;0;0;0;0;0;0;0;0;0;0;0
11.06.2024;02:10;A 21;1;0;0;0;0;0;0;0;0;0;0;0;0;0;0;0;0;0;0;0;0;0;0;0;0;0;0;0;0;0;0;0;0;0;0;0;0;0;0;0;0;0;0;0;0;0;0;0;0;0;0;0;0;0;0;0;0;0;0;0;0;0;0;0;0;0;0;0;0;0;0
11.06.2024;02:09;A 21;1;0;0;0;0;0;0;0;0;0;0;0;0;0;0;0;0;0;0;0;0;0;0;0;0;0;0;0;0;0;0;0;0;0;0;0;0;0;0;0;0;0;0;0;0;0;0;0;0;0;0;0;0;0;0;0;0;0;0;0;0;0;0;0;0;0;0;0;0;0;0
11.06.2024;02:08;A 21;1;0;0;0;0;0;0;0;0;0;0;0;0;0;0;0;0;0;0;0;0;0;0;0;0;0;0;0;0;0;0;0;0;0;0;0;0;0;0;0;0;0;0;0;0;0;0;0;0;0;0;0;0;0;0;0;0;0;0;0;0;0;0;0;0;0;0;0;0;0;0
11.06.2024;02:07;A 21;1;0;0;0;0;0;0;0;0;0;0;0;0;0;0;0;0;0;0;0;0;0;0;0;0;0;0;0;0;0;0;0;0;0;0;0;0;0;0;0;0;0;0;0;0;0;0;0;0;0;0;0;0;0;0;0;0;0;0;0;0;0;0;0;0;0;0;0;0;0;0
11.06.2024;02:06;A 21;1;0;0;0;0;0;0;0;0;0;0;0;0;0;0;0;0;0;0;0;0;0;0;0;0;0;0;0;0;0;0;0;0;0;0;0;0;0;0;0;0;0;0;0;0;0;0;0;0;0;0;0;0;0;0;0;0;0;0;0;0;0;0;0;0;0;0;0;0;0;0
11.06.2024;02:05;A 21;1;0;0;0;0;0;0;0;0;0;0;0;0;0;0;0;0;0;0;0;0;0;0;0;0;0;0;0;0;0;0;0;0;0;0;0;0;0;0;0;0;0;0;0;0;0;0;0;0;0;0;0;0;0;0;0;0;0;0;0;0;0;0;0;0;0;0;0;0;0;0
11.06.2024;02:04;A 21;1;0;0;0;0;0;0;0;0;0;0;0;0;0;0;0;0;0;0;0;0;0;0;0;0;0;0;0;0;0;0;0;0;0;0;0;0;0;0;0;0;0;0;0;0;0;0;0;0;0;0;0;0;0;0;0;0;0;0;0;0;0;0;0;0;0;0;0;0;0;0
11.06.2024;02:03;A 21;1;0;0;0;0;0;0;0;0;0;0;0;0;0;0;0;0;0;0;0;0;0;0;0;0;0;0;0;0;0;0;0;0;0;0;0;0;0;0;0;0;0;0;0;0;0;0;0;0;0;0;0;0;0;0;0;0;0;0;0;0;0;0;0;0;0;0;0;0;0;0
11.06.2024;02:02;A 21;1;1;0;1;1;0;0;0;0;0;0;0;0;0;0;0;0;0;0;0;0;0;0;0;0;0;0;0;0;0;0;0;0;0;0;0;0;0;0;0;0;0;0;0;0;0;0;0;0;0;0;0;0;0;0;0;0;0;0;0;0;0;0;0;0;0;0;0;0;0;0
11.06.2024;02:01;A 21;1;0;0;0;0;0;0;0;0;0;0;0;0;0;0;0;0;0;0;0;0;0;0;0;0;0;0;0;0;0;0;0;0;0;0;0;0;0;0;0;0;0;0;0;0;0;0;0;0;0;0;0;0;0;0;0;0;0;0;0;0;0;0;0;0;0;0;0;0;0;0
11.06.2024;02:00;A 21;1;0;0;0;0;0;0;0;0;0;0;0;0;0;0;0;0;0;0;0;0;0;0;0;0;0;0;0;0;0;0;0;0;0;0;0;0;0;0;0;0;0;0;0;0;0;0;0;0;0;0;0;0;0;0;0;0;0;0;0;0;0;0;0;0;0;0;0;0;0;0
