Datum;Uhrzeit;Bezeichnung;Intervall;D111Z;D111B;V112_AnfZ;V112_AnfB;D21Z;D21B;D22Z;D22B;V23_AnfZ;V23_AnfB;V24_AnfZ;V24_AnfB;D51Z;D51B;V52_AnfZ;V52_AnfB;V53_AnfZ;V53_AnfB;D81Z;D81B;D82Z;D82B;V83_AnfZ;V83_AnfB;V84_AnfZ;V84_AnfB;D85Z;D85B;TF32_AnfZ;TF32_AnfB;TBS32_AnfZ;TBS32_AnfB;TF35_AnfZ;TF35_AnfB;TBS35_AnfZ;TBS35_AnfB;TF38_AnfZ;TF38_AnfB;TF41_AnfZ;TF41_AnfB;TF32a_AnfZ;TF32a_AnfB;TBS32a_AnfZ;TBS32a_AnfB;TF35a_AnfZ;TF35a_AnfB;TBS35a_AnfZ;TBS35a_AnfB;TF38a_AnfZ;TF38a_AnfB;TF41a_AnfZ;TF41a_AnfB
25.11.2024;01:00;A126;1;0;0;0;0;0;0;0;0;0;0;0;0;0;0;0;0;0;0;0;0;0;0;0;0;0;0;0;0;0;0;0;0;0;0;0;0;0;0;0;0;0;0;0;0;0;0;0;0;0;0;0;0
25.11.2024;00:59;A126;1;0;0;0;0;0;0;0;0;0;0;0;0;1;1;0;0;0;0;1;1;1;0;1;1;0;0;0;0;0;0;0;0;0;0;0;0;0;0;0;0;0;0;0;0;0;0;0;0;0;0;0;0
25.11.2024;00:58;A126;1;0;0;0;0;0;0;0;0;0;0;0;0;0;0;0;0;0;0;0;0;0;0;0;0;0;0;0;0;0;0;0;0;0;0;0;0;0;0;0;0;0;0;0;0;0;0;0;0;0;0;0;0
25.11.2024;00:57;A126;1;0;0;0;0;0;0;0;0;0;0;0;0;0;0;0;0;0;0;0;0;0;0;0;0;0;0;0;0;0;0;0;0;0;0;0;0;0;0;0;0;0;0;0;0;0;0;0;0;0;0;0;0
25.11.2024;00:56;A126;1;0;0;0;0;1;0;1;0;1;2;1;1;0;0;0;0;0;0;0;0;0;0;0;0;0;0;0;0;0;0;0;0;0;0;0;0;0;0;0;0;0;0;0;0;0;0;0;0;0;0;0;0
25.11.2024;00:55;A126;1;0;0;1;1;0;0;0;0;0;0;0;0;0;0;0;0;0;0;1;1;1;1;1;3;2;9;0;0;0;0;0;0;0;0;0;0;0;0;0;0;0;0;0;0;0;0;0;0;0;0;0;0
25.11.2024;00:54;A126;1;0;0;0;0;1;1;0;0;1;3;0;0;0;0;0;0;0;0;0;0;0;0;0;0;0;0;0;0;0;0;0;0;0;0;0;0;0;0;0;0;0;0;0;0;0;0;0;0;0;0;0;0
25.11.2024;00:53;A126;1;0;0;0;0;1;0;0;0;2;1;0;0;0;0;0;0;0;0;0;0;0;0;0;0;0;0;0;0;0;0;0;0;0;0;0;0;0;0;0;0;0;0;0;0;0;0;0;0;0;0;0;0
25.11.2024;00:52;A126;1;0;0;1;5;1;24;0;0;2;4;0;0;0;0;0;0;0;0;0;0;1;15;0;0;1;5;0;0;0;0;0;0;0;0;0;0;0;0;0;0;0;0;0;0;0;0;0;0;0;0;0;0
25.11.2024;00:51;A126;1;0;0;1;2;1;1;0;0;1;3;0;0;0;0;0;0;0;0;0;0;0;0;0;0;0;0;0;0;0;0;0;0;0;0;0;0;0;0;0;0;0;0;0;0;0;0;0;0;0;0;0;0
25.11.2024;00:50;A126;1;0;0;0;0;0;0;0;0;0;0;0;0;0;0;0;0;0;0;0;0;1;1;0;0;1;6;0;0;0;0;0;0;0;0;0;0;0;0;0;0;0;0;0;0;0;0;0;0;0;0;0;0
25.11.2024;00:49;A126;1;0;0;0;0;1;0;0;0;2;1;0;0;0;0;0;0;0;0;0;0;0;0;0;0;0;0;0;0;0;0;0;0;0;0;0;0;0;0;0;0;0;0;0;0;0;0;0;0;0;0;0;0
25.11.2024;00:48;A126;1;0;0;0;1;1;2;0;0;2;5;0;0;0;0;0;0;0;0;0;0;0;0;0;0;0;0;0;0;0;0;0;0;0;0;0;0;0;0;0;0;0;0;0;0;0;0;0;0;0;0;0;0
25.11.2024;00:47;A126;1;0;0;1;0;0;0;0;0;0;0;0;0;0;0;0;0;0;0;0;0;0;0;0;0;0;0;0;0;0;0;0;0;0;0;0;0;0;0;0;0;0;0;0;0;0;0;0;0;0;0;0;0
25.11.2024;00:46;A126;1;0;0;0;0;0;0;0;0;0;0;0;0;0;0;0;0;0;0;1;1;2;2;0;0;2;13;0;0;0;0;0;0;0;0;0;0;0;0;0;0;0;0;0;0;0;0;0;0;0;0;0;0
25.11.2024;00:45;A126;1;1;0;0;0;0;0;0;0;0;0;0;0;0;0;0;0;0;0;0;0;0;0;0;0;0;0;0;0;0;0;0;0;0;0;0;0;0;0;0;0;0;0;0;0;0;0;0;0;0;0;0;0
25.11.2024;00:44;A126;1;0;0;1;1;0;0;0;0;0;0;0;0;0;0;0;0;0;0;0;0;0;0;0;0;0;0;0;0;0;0;0;0;0;0;0;0;0;0;0;0;0;0;0;0;0;0;0;0;0;0;0;0
25.11.2024;00:43;A126;1;0;0;0;0;1;0;0;0;2;1;0;0;0;0;0;0;0;0;0;0;1;1;0;0;1;5;0;0;0;0;0;0;0;0;0;0;0;0;0;0;0;0;0;0;0;0;0;0;0;0;0;0
25.11.2024;00:42;A126;1;0;0;0;0;1;0;1;0;1;2;0;0;0;0;0;0;0;0;0;0;1;0;0;0;0;0;0;0;0;0;0;0;0;0;0;0;0;0;0;0;0;0;0;0;0;0;0;0;0;0;0;0
25.11.2024;00:41;A126;1;0;0;0;0;2;2;0;0;4;4;0;0;0;0;0;0;0;0;0;0;1;1;0;0;1;7;0;0;0;0;0;0;0;0;0;0;0;0;0;0;0;0;0;0;0;0;0;0;0;0;0;0
25.11.2024;00:40;A126;1;0;0;0;0;0;0;0;0;0;0;0;0;0;0;0;0;0;0;0;0;2;3;1;6;1;11;0;0;0;0;0;0;0;0;0;0;0;0;0;0;0;0;0;0;0;0;0;0;0;0;0;0
25.11.2024;00:39;A126;1;0;0;0;0;0;0;0;0;0;0;0;0;0;0;0;0;0;0;0;0;0;0;0;0;0;0;0;0;0;0;0;0;0;0;0;0;0;0;0;0;0;0;0;0;0;0;0;0;0;0;0;0
25.11.2024;00:38;A126;1;0;0;1;3;2;1;1;1;1;2;1;5;0;0;0;0;0;0;0;0;0;0;0;0;0;0;0;0;0;0;0;0;0;0;0;0;0;0;0;0;0;0;0;0;0;0;0;0;0;0;0;0
25.11.2024;00:37;A126;1;0;0;0;0;0;0;0;0;0;0;0;0;0;0;0;0;0;0;0;0;0;0;0;0;0;0;0;0;0;0;0;0;0;0;0;0;0;0;0;0;0;0;0;0;0;0;0;0;0;0;0;0
25.11.2024;00:36;A126;1;0;0;0;0;0;0;0;0;0;0;0;0;1;11;0;11;1;1;0;0;0;0;0;0;0;0;0;0;0;0;0;0;0;0;0;0;0;0;0;0;0;0;0;0;0;0;0;0;0;0;0;0
25.11.2024;00:35;A126;1;0;0;0;0;0;0;0;0;0;0;0;0;1;1;1;1;0;0;0;0;0;0;0;0;0;0;0;0;0;0;0;0;0;0;0;0;0;0;0;0;0;0;0;0;0;0;0;0;0;0;0;0
25.11.2024;00:34;A126;1;0;0;0;0;1;0;0;0;1;2;0;0;0;0;0;0;0;0;1;1;0;0;1;7;0;0;0;0;0;0;0;0;0;0;0;0;0;0;0;0;0;0;0;0;0;0;0;0;0;0;0;0
25.11.2024;00:33;A126;1;0;0;0;0;0;0;0;0;0;0;0;0;0;0;0;0;0;0;0;0;0;0;0;0;0;0;0;0;0;0;0;0;0;0;0;0;0;0;0;0;0;0;0;0;0;0;0;0;0;0;0;0
25.11.2024;00:32;A126;1;0;0;0;0;0;0;0;0;0;0;0;0;0;0;0;0;0;0;0;0;0;0;0;0;0;0;0;0;0;0;0;0;0;0;0;0;0;0;0;0;0;0;0;0;0;0;0;0;0;0;0;0
25.11.2024;00:31;A126;1;0;0;1;1;2;0;1;0;3;2;2;1;0;0;0;0;0;0;0;0;1;0;0;0;0;0;0;0;0;0;0;0;0;0;0;0;0;0;0;0;0;0;0;0;0;0;0;0;0;0;0;0
25.11.2024;00:30;A126;1;0;0;0;0;0;0;0;0;0;0;0;0;0;0;0;0;0;0;0;0;0;0;0;0;0;0;0;0;0;0;0;0;0;0;0;0;0;0;0;0;0;0;0;0;0;0;0;0;0;0;0;0
25.11.2024;00:29;A126;1;0;0;0;0;0;0;0;0;0;0;0;0;0;0;0;0;0;0;0;0;0;0;0;0;0;0;0;0;0;0;0;0;0;0;0;0;0;0;0;0;0;0;0;0;0;0;0;0;0;0;0;0
25.11.2024;00:28;A126;1;0;0;1;3;0;0;0;0;0;0;0;0;0;0;0;0;0;0;0;0;0;0;0;0;0;0;0;0;0;0;0;0;0;0;0;0;0;0;0;0;0;0;0;0;0;0;0;0;0;0;0;0
25.11.2024;00:27;A126;1;0;0;0;0;1;2;1;0;0;1;0;0;0;0;0;0;0;0;0;0;0;0;0;0;0;0;0;0;0;0;0;0;0;0;0;0;0;0;0;0;0;0;0;0;0;0;0;0;0;0;0;0
25.11.2024;00:26;A126;1;0;0;0;0;0;0;0;0;1;3;0;0;0;0;0;0;0;0;0;0;0;0;0;0;0;0;0;0;0;0;0;0;0;0;0;0;0;0;0;0;0;0;0;0;0;0;0;0;0;0;0;0
25.11.2024;00:25;A126;1;0;0;0;0;1;0;0;0;1;1;0;0;0;0;0;0;0;0;0;0;0;0;0;0;0;0;0;0;0;0;0;0;0;0;0;0;0;0;0;0;0;0;0;0;0;0;0;0;0;0;0;0
25.11.2024;00:24;A126;1;0;0;0;0;0;0;1;0;0;0;0;0;0;0;0;0;0;0;2;2;3;5;3;12;1;12;0;0;0;0;0;0;0;0;0;0;0;0;0;0;0;0;0;0;0;0;0;0;0;0;0;0
25.11.2024;00:23;A126;1;0;0;0;0;1;0;0;0;1;3;0;0;0;0;0;0;0;0;0;0;0;0;0;0;1;5;0;0;0;0;0;0;0;0;0;0;0;0;0;0;0;0;0;0;0;0;0;0;0;0;0;0
25.11.2024;00:22;A126;1;0;0;0;0;0;0;0;0;0;0;0;0;0;0;0;0;0;0;0;0;0;0;0;0;0;0;0;0;0;0;0;0;0;0;0;0;0;0;0;0;0;0;0;0;0;0;0;0;0;0;0;0
25.11.2024;00:21;A126;1;0;0;0;0;0;2;0;0;0;0;0;0;0;0;0;0;0;0;0;0;1;1;0;0;1;6;0;0;0;0;0;0;0;0;0;0;0;0;0;0;0;0;0;0;0;0;0;0;0;0;0;0
25.11.2024;00:20;A126;1;0;0;1;2;1;32;0;0;1;6;0;0;0;0;0;0;0;0;1;1;0;0;0;0;0;0;0;0;0;0;0;0;0;0;0;0;0;0;0;0;0;0;0;0;0;0;0;0;0;0;0;0
25.11.2024;00:19;A126;1;0;0;0;0;1;0;0;0;1;1;0;0;0;0;0;0;0;0;0;0;0;0;0;0;0;0;0;0;0;0;0;0;0;0;0;0;0;0;0;0;0;0;0;0;0;0;0;0;0;0;0;0
25.11.2024;00:18;A126;1;0;0;0;0;0;0;0;0;0;0;0;0;0;0;0;0;0;0;1;0;1;1;2;6;1;5;0;0;0;0;0;0;0;0;0;0;0;0;0;0;0;0;0;0;0;0;0;0;0;0;0;0
25.11.2024;00:17;A126;1;0;0;0;0;0;0;0;0;0;0;0;0;0;0;0;0;0;0;0;0;0;0;0;0;0;0;0;0;0;0;0;0;0;0;0;0;0;0;0;0;0;0;0;0;0;0;0;0;0;0;0;0
25.11.2024;00:16;A126;1;0;0;0;0;1;17;0;0;2;8;0;0;0;0;0;0;0;0;0;0;0;0;0;0;0;0;0;0;0;0;0;0;0;0;0;0;0;0;0;0;0;0;0;0;0;0;0;0;0;0;0;0
25.11.2024;00:15;A126;1;0;0;1;8;1;0;1;0;1;1;0;0;0;0;0;0;0;0;0;0;1;0;0;0;0;0;0;0;0;0;0;0;0;0;0;0;0;0;0;0;0;0;0;0;0;0;0;0;0;0;0;0
25.11.2024;00:14;A126;1;0;0;0;0;1;0;0;0;1;1;0;0;0;0;0;0;0;0;0;0;0;0;0;0;0;0;0;0;0;0;0;0;0;0;0;0;0;0;0;0;0;0;0;0;0;0;0;0;0;0;0;0
25.11.2024;00:13;A126;1;0;0;0;0;0;0;0;0;0;0;0;0;0;0;0;0;0;0;0;0;0;0;0;0;0;0;0;0;0;0;0;0;0;0;0;0;0;0;0;0;0;0;0;0;0;0;0;0;0;0;0;0
25.11.2024;00:12;A126;1;0;0;1;1;1;1;0;0;2;3;0;0;0;0;0;0;0;0;1;20;0;0;1;4;0;0;0;0;0;0;0;0;0;0;0;0;0;0;0;0;0;0;0;0;0;0;0;0;0;0;0;0
25.11.2024;00:11;A126;1;0;0;1;1;2;1;0;0;2;4;0;0;0;0;0;0;0;0;0;0;0;0;0;0;0;0;0;0;0;0;0;0;0;0;0;0;0;0;0;0;0;0;0;0;0;0;0;0;0;0;0;0
25.11.2024;00:10;A126;1;0;0;0;0;0;0;0;0;0;0;0;0;0;0;0;0;0;0;0;0;0;0;0;0;0;0;0;0;0;0;0;0;0;0;0;0;0;0;0;0;0;0;0;0;0;0;0;0;0;0;0;0
25.11.2024;00:09;A126;1;0;0;0;0;1;0;0;0;2;2;0;0;0;0;0;0;0;0;0;0;0;0;0;0;0;0;0;0;0;0;0;0;0;0;0;0;0;0;0;0;0;0;0;0;0;0;0;0;0;0;0;0
25.11.2024;00:08;A126;1;0;0;0;0;2;2;1;0;2;4;0;0;0;0;0;0;0;0;0;0;0;0;0;0;0;0;0;0;0;0;0;0;0;0;0;0;0;0;0;0;0;0;0;0;0;0;0;0;0;0;0;0
25.11.2024;00:07;A126;1;0;0;0;0;1;0;0;0;1;2;0;0;0;0;0;0;0;0;0;0;0;0;0;0;0;0;0;0;0;0;0;0;0;0;0;0;0;0;0;0;0;0;0;0;0;0;0;0;0;0;0;0
25.11.2024;00:06;A126;1;0;0;0;0;0;0;0;0;0;0;0;0;0;2;0;0;1;14;0;0;1;29;0;0;1;7;0;0;0;0;0;0;0;0;0;0;0;0;0;0;0;0;0;0;0;0;0;0;0;0;0;0
25.11.2024;00:05;A126;1;0;0;0;0;1;0;0;0;1;2;0;0;1;0;2;3;0;0;0;0;0;0;0;0;0;0;0;0;0;0;0;0;0;0;0;0;0;0;0;0;0;0;0;0;0;0;0;0;0;0;0;0
25.11.2024;00:04;A126;1;0;0;0;0;0;0;0;0;0;0;0;0;0;0;0;0;0;0;0;0;0;0;0;0;0;0;0;0;0;0;0;0;0;0;0;0;0;0;0;0;0;0;0;0;0;0;0;0;0;0;0;0
25.11.2024;00:03;A126;1;0;0;0;0;0;0;0;0;0;0;0;0;0;0;0;0;0;0;0;0;2;2;0;0;1;9;0;0;0;0;0;0;0;0;0;0;0;0;0;0;0;0;0;0;0;0;0;0;0;0;0;0
25.11.2024;00:02;A126;1;0;0;0;0;0;0;0;0;0;0;0;0;0;0;0;0;0;0;0;0;0;0;0;0;0;0;0;0;0;0;0;0;0;0;0;0;0;0;0;0;0;0;0;0;0;0;0;0;0;0;0;0
25.11.2024;00:01;A126;1;0;0;0;0;1;1;0;0;1;2;0;0;0;0;0;0;0;0;0;0;0;0;0;0;0;0;0;0;0;0;0;0;0;0;0;0;0;0;0;0;0;0;0;0;0;0;0;0;0;0;0;0
25.11.2024;00:00;A126;1;1;0;0;0;0;0;0;0;0;0;0;0;0;0;0;0;0;0;0;0;2;2;0;0;1;4;0;0;0;0;0;0;0;0;0;0;0;0;0;0;0;0;0;0;0;0;0;0;0;0;0;0
24.11.2024;23:59;A126;1;0;0;0;0;1;1;1;0;2;3;0;0;0;0;0;0;0;0;1;0;2;1;2;4;2;2;0;0;0;0;0;0;0;0;0;0;0;0;0;0;0;0;0;0;0;0;0;0;0;0;0;0
24.11.2024;23:58;A126;1;0;0;0;0;0;0;0;0;0;0;0;0;0;0;0;0;0;0;0;0;0;0;0;0;0;0;0;0;0;0;0;0;0;0;0;0;0;0;0;0;0;0;0;0;0;0;0;0;0;0;0;0
24.11.2024;23:57;A126;1;0;0;0;0;0;0;0;0;0;0;0;0;0;0;0;0;0;0;0;0;0;0;0;0;0;0;0;0;0;0;0;0;0;0;0;0;0;0;0;0;0;0;0;0;0;0;0;0;0;0;0;0
24.11.2024;23:56;A126;1;0;0;0;0;1;1;0;0;0;0;0;0;0;0;0;0;0;0;1;1;1;1;1;6;1;7;0;0;0;0;0;0;0;0;0;0;0;0;0;0;0;0;0;0;0;0;0;0;0;0;0;0
24.11.2024;23:55;A126;1;0;0;0;0;1;1;1;0;2;6;0;0;0;0;0;0;0;0;0;0;2;3;0;0;1;16;0;0;0;0;0;0;0;0;0;0;0;0;0;0;0;0;0;0;0;0;0;0;0;0;0;0
24.11.2024;23:54;A126;1;0;0;0;0;1;0;0;0;2;2;0;0;0;0;0;0;0;0;1;0;0;0;0;0;1;0;0;0;0;0;0;0;0;0;0;0;0;0;0;0;0;0;0;0;0;0;0;0;0;0;0;0
24.11.2024;23:53;A126;1;0;0;0;0;0;0;0;0;0;0;0;0;0;0;0;0;0;0;0;0;0;0;0;0;0;0;0;0;0;0;0;0;0;0;0;0;0;0;0;0;0;0;0;0;0;0;0;0;0;0;0;0
24.11.2024;23:52;A126;1;1;0;0;0;0;0;0;0;0;0;0;0;0;0;0;0;0;0;0;0;1;1;0;0;1;7;0;0;0;0;0;0;0;0;0;0;0;0;0;0;0;0;0;0;0;0;0;0;0;0;0;0
24.11.2024;23:51;A126;1;0;0;0;0;0;0;0;0;0;0;0;0;0;0;0;0;0;0;0;0;0;0;0;0;0;0;0;0;0;0;0;0;0;0;0;0;0;0;0;0;0;0;0;0;0;0;0;0;0;0;0;0
24.11.2024;23:50;A126;1;0;0;0;0;0;0;0;0;0;0;0;0;0;0;0;0;0;0;0;0;0;0;0;0;0;0;0;0;0;0;0;0;0;0;0;0;0;0;0;0;0;0;0;0;0;0;0;0;0;0;0;0
24.11.2024;23:49;A126;1;0;0;0;0;0;0;0;0;0;0;0;0;0;0;0;0;0;0;1;1;0;0;0;0;0;0;0;0;0;0;0;0;0;0;0;0;0;0;0;0;0;0;0;0;0;0;0;0;0;0;0;0
24.11.2024;23:48;A126;1;0;0;0;0;0;0;0;0;0;0;0;0;0;0;0;0;0;0;1;1;1;0;0;0;0;0;0;0;0;0;0;0;0;0;0;0;0;0;0;0;0;0;0;0;0;0;0;0;0;0;0;0
24.11.2024;23:47;A126;1;0;0;0;0;0;0;0;0;0;0;0;0;0;0;0;0;0;0;0;0;1;1;0;0;0;0;0;0;0;0;0;0;0;0;0;0;0;0;0;0;0;0;0;0;0;0;0;0;0;0;0;0
24.11.2024;23:46;A126;1;0;0;0;0;1;0;1;0;2;1;0;0;0;0;0;0;0;0;0;0;0;0;1;1;1;6;0;0;0;0;0;0;0;0;0;0;0;0;0;0;0;0;0;0;0;0;0;0;0;0;0;0
24.11.2024;23:45;A126;1;0;0;0;0;0;0;0;0;0;0;0;0;0;0;0;0;0;0;0;0;1;1;1;3;1;5;0;0;0;0;0;0;0;0;0;0;0;0;0;0;0;0;0;0;0;0;0;0;0;0;0;0
24.11.2024;23:44;A126;1;0;0;0;0;0;0;0;0;0;0;0;0;0;0;0;0;0;0;0;0;0;0;0;0;0;0;0;0;0;0;0;0;0;0;0;0;0;0;0;0;0;0;0;0;0;0;0;0;0;0;0;0
24.11.2024;23:43;A126;1;0;0;0;0;2;1;0;0;2;3;0;0;0;0;0;0;0;0;2;2;1;4;0;0;2;8;0;0;0;0;0;0;0;0;0;0;0;0;0;0;0;0;0;0;0;0;0;0;0;0;0;0
24.11.2024;23:42;A126;1;0;0;0;0;3;3;0;0;3;6;0;0;0;0;0;0;0;0;1;3;1;3;0;0;1;1;0;0;0;0;0;0;0;0;0;0;0;0;0;0;0;0;0;0;0;0;0;0;0;0;0;0
24.11.2024;23:41;A126;1;0;0;0;0;0;0;0;0;1;1;0;0;0;0;0;0;0;0;0;0;1;1;0;0;1;6;0;0;0;0;0;0;0;0;0;0;0;0;0;0;0;0;0;0;0;0;0;0;0;0;0;0
24.11.2024;23:40;A126;1;0;0;1;1;1;0;0;0;1;3;0;0;0;0;0;0;0;0;0;0;1;1;0;0;1;4;0;0;0;0;0;0;0;0;0;0;0;0;0;0;0;0;0;0;0;0;0;0;0;0;0;0
24.11.2024;23:39;A126;1;0;0;0;0;1;1;0;0;2;2;0;0;0;0;0;0;0;0;0;0;0;0;0;0;0;0;0;0;0;0;0;0;0;0;0;0;0;0;0;0;0;0;0;0;0;0;0;0;0;0;0;0
24.11.2024;23:38;A126;1;0;0;1;1;0;0;1;21;0;0;1;4;0;0;0;0;0;0;1;8;0;0;2;14;0;0;0;0;0;0;0;0;0;0;0;0;0;0;0;0;0;0;0;0;0;0;0;0;0;0;0;0
24.11.2024;23:37;A126;1;0;0;1;1;1;1;1;0;2;2;0;0;0;0;0;0;0;0;0;0;0;0;0;0;0;0;0;0;0;0;0;0;0;0;0;0;0;0;0;0;0;0;0;0;0;0;0;0;0;0;0;0
24.11.2024;23:36;A126;1;0;0;0;0;1;0;0;0;1;1;0;0;0;0;0;0;0;0;0;0;1;1;1;0;1;4;0;0;0;0;0;0;0;0;0;0;0;0;0;0;0;0;0;0;0;0;0;0;0;0;0;0
24.11.2024;23:35;A126;1;0;0;0;0;0;0;0;0;0;0;0;0;0;0;0;0;0;0;0;0;0;0;0;0;0;0;0;0;0;0;0;0;0;0;0;0;0;0;0;0;0;0;0;0;0;0;0;0;0;0;0;0
24.11.2024;23:34;A126;1;0;0;0;0;0;0;1;7;0;0;1;5;0;0;0;0;0;0;1;1;3;5;2;5;1;6;0;0;0;0;0;0;0;0;0;0;0;0;0;0;0;0;0;0;0;0;0;0;0;0;0;0
24.11.2024;23:33;A126;1;0;0;1;3;0;0;0;0;0;0;0;0;0;0;0;0;0;0;0;0;0;0;0;0;0;0;0;0;0;0;0;0;0;0;0;0;0;0;0;0;0;0;0;0;0;0;0;0;0;0;0;0
24.11.2024;23:32;A126;1;0;0;1;2;1;0;1;1;1;2;1;5;0;0;0;0;0;0;0;0;1;0;0;0;0;0;0;0;0;0;0;0;0;0;0;0;0;0;0;0;0;0;0;0;0;0;0;0;0;0;0;0
24.11.2024;23:31;A126;1;0;0;0;0;0;0;0;0;0;0;0;0;0;0;0;0;0;0;0;0;0;0;0;0;0;0;0;0;0;0;0;0;0;0;0;0;0;0;0;0;0;0;0;0;0;0;0;0;0;0;0;0
24.11.2024;23:30;A126;1;0;0;1;3;1;0;0;0;1;2;0;0;0;0;0;0;0;0;1;1;2;3;1;8;1;6;0;0;0;0;0;0;0;0;0;0;0;0;0;0;0;0;0;0;0;0;0;0;0;0;0;0
24.11.2024;23:29;A126;1;0;0;0;0;0;0;1;1;0;0;1;3;0;0;0;0;0;0;3;5;3;3;1;16;0;0;0;0;0;0;0;0;0;0;0;0;0;0;0;0;0;0;0;0;0;0;0;0;0;0;0;0
24.11.2024;23:28;A126;1;0;0;0;0;0;0;0;0;0;0;0;0;0;0;0;0;0;0;0;0;0;0;0;0;0;0;0;0;0;0;0;0;0;0;0;0;0;0;0;0;0;0;0;0;0;0;0;0;0;0;0;0
24.11.2024;23:27;A126;1;0;0;1;2;1;0;0;0;1;1;0;0;0;0;0;0;0;0;0;0;0;0;0;0;0;0;0;0;0;0;0;0;0;0;0;0;0;0;0;0;0;0;0;0;0;0;0;0;0;0;0;0
24.11.2024;23:26;A126;1;0;0;0;0;1;0;0;0;1;1;0;0;0;0;0;0;0;0;0;0;0;0;0;0;0;0;0;0;0;0;0;0;0;0;0;0;0;0;0;0;0;0;0;0;0;0;0;0;0;0;0;0
24.11.2024;23:25;A126;1;0;0;2;10;1;31;0;0;1;3;0;0;0;0;0;0;0;0;0;0;0;0;0;0;0;0;0;0;0;0;0;0;0;0;0;0;0;0;0;0;0;0;0;0;0;0;0;0;0;0;0;0
24.11.2024;23:24;A126;1;0;0;0;0;0;0;0;0;0;0;0;0;0;0;0;0;0;0;1;1;1;1;0;0;1;6;0;0;0;0;0;0;0;0;0;0;0;0;0;0;0;0;0;0;0;0;0;0;0;0;0;0
24.11.2024;23:23;A126;1;0;0;0;0;0;0;0;0;0;0;0;0;0;0;0;0;0;0;0;0;0;0;0;0;0;0;0;0;0;0;0;0;0;0;0;0;0;0;0;0;0;0;0;0;0;0;0;0;0;0;0;0
24.11.2024;23:22;A126;1;0;0;0;0;0;0;0;0;0;0;0;0;0;0;0;0;0;0;1;0;1;1;0;0;1;6;0;0;0;0;0;0;0;0;0;0;0;0;0;0;0;0;0;0;0;0;0;0;0;0;0;0
24.11.2024;23:21;A126;1;0;0;0;0;1;0;0;0;1;0;0;0;0;0;0;0;0;0;0;0;0;0;0;0;0;0;0;0;0;0;0;0;0;0;0;0;0;0;0;0;0;0;0;0;0;0;0;0;0;0;0;0
24.11.2024;23:20;A126;1;0;0;0;0;2;2;0;0;3;4;0;0;0;0;0;0;0;0;0;0;1;6;0;0;1;18;0;0;0;0;0;0;0;0;0;0;0;0;0;0;0;0;0;0;0;0;0;0;0;0;0;0
24.11.2024;23:19;A126;1;1;2;0;0;0;2;1;1;0;1;0;0;1;0;1;0;1;0;1;1;3;2;0;0;1;2;0;0;0;0;0;0;0;0;0;0;0;0;0;0;0;0;0;0;0;0;0;0;0;0;0;0
24.11.2024;23:18;A126;1;0;0;0;0;1;1;1;1;1;6;0;0;0;0;0;0;0;0;1;0;0;0;0;0;0;0;0;0;0;0;0;0;0;0;0;0;0;0;0;0;0;0;0;0;0;0;0;0;0;0;0;0
24.11.2024;23:17;A126;1;0;0;0;0;1;0;0;0;1;1;0;0;0;0;0;0;0;0;0;0;0;0;0;0;0;0;0;0;0;0;0;0;0;0;0;0;0;0;0;0;0;0;0;0;0;0;0;0;0;0;0;0
24.11.2024;23:16;A126;1;0;0;0;0;3;2;1;0;2;8;1;2;0;0;0;0;0;0;0;0;0;0;0;0;0;0;0;0;0;0;0;0;0;0;0;0;0;0;0;0;0;0;0;0;0;0;0;0;0;0;0;0
24.11.2024;23:15;A126;1;0;0;1;1;0;0;0;0;0;0;0;0;0;0;0;0;0;0;0;0;0;0;0;0;0;0;0;0;0;0;0;0;0;0;0;0;0;0;0;0;0;0;0;0;0;0;0;0;0;0;0;0
24.11.2024;23:14;A126;1;0;0;1;2;0;0;0;0;0;0;0;0;0;0;0;0;0;0;1;17;0;0;1;1;1;1;0;0;0;0;0;0;0;0;0;0;0;0;0;0;0;0;0;0;0;0;0;0;0;0;0;0
24.11.2024;23:13;A126;1;0;0;0;0;0;0;0;0;0;0;0;0;0;0;0;0;0;0;0;0;0;0;0;0;0;0;0;0;0;0;0;0;0;0;0;0;0;0;0;0;0;0;0;0;0;0;0;0;0;0;0;0
24.11.2024;23:12;A126;1;1;22;2;6;0;0;0;0;0;0;0;0;1;0;0;0;0;0;0;0;2;24;0;0;2;23;0;0;0;0;0;0;0;0;0;0;0;0;0;0;0;0;0;0;0;0;0;0;0;0;0;0
24.11.2024;23:11;A126;1;0;0;1;1;1;0;0;0;1;2;0;0;0;0;0;0;0;0;0;0;1;1;0;0;1;7;0;0;0;0;0;0;0;0;0;0;0;0;0;0;0;0;0;0;0;0;0;0;0;0;0;0
24.11.2024;23:10;A126;1;0;0;0;0;0;0;0;0;0;0;0;0;0;0;0;0;0;0;0;0;0;0;0;0;0;0;0;0;0;0;0;0;0;0;0;0;0;0;0;0;0;0;0;0;0;0;0;0;0;0;0;0
24.11.2024;23:09;A126;1;0;0;0;0;0;0;0;0;0;0;0;0;0;0;0;0;0;0;0;0;0;0;0;0;0;0;0;0;0;0;0;0;0;0;0;0;0;0;0;0;0;0;0;0;0;0;0;0;0;0;0;0
24.11.2024;23:08;A126;1;0;0;0;0;0;0;0;0;0;0;0;0;0;0;0;0;0;0;1;0;0;0;1;6;0;0;0;0;0;0;0;0;0;0;0;0;0;0;0;0;0;0;0;0;0;0;0;0;0;0;0;0
24.11.2024;23:07;A126;1;0;0;0;0;2;5;0;0;2;6;0;0;0;0;0;0;0;0;0;0;0;0;0;0;0;0;0;0;0;0;0;0;0;0;0;0;0;0;0;0;0;0;0;0;0;0;0;0;0;0;0;0
24.11.2024;23:06;A126;1;0;0;3;4;0;0;0;0;0;0;0;0;0;0;0;0;0;0;0;0;0;0;0;0;1;6;0;0;0;0;0;0;0;0;0;0;0;0;0;0;0;0;0;0;0;0;0;0;0;0;0;0
24.11.2024;23:05;A126;1;0;0;0;0;3;3;0;0;1;8;1;2;0;0;0;0;0;0;0;0;0;0;0;0;0;0;0;0;0;0;0;0;0;0;0;0;0;0;0;0;0;0;0;0;0;0;0;0;0;0;0;0
24.11.2024;23:04;A126;1;0;0;0;0;2;1;0;0;3;4;0;0;0;0;0;0;0;0;1;1;2;2;2;18;1;12;0;0;0;0;0;0;0;0;0;0;0;0;0;0;0;0;0;0;0;0;0;0;0;0;0;0
24.11.2024;23:03;A126;1;0;0;0;0;0;0;0;0;0;0;0;0;0;0;0;0;0;0;0;0;0;0;0;0;0;0;0;0;0;0;0;0;0;0;0;0;0;0;0;0;0;0;0;0;0;0;0;0;0;0;0;0
24.11.2024;23:02;A126;1;0;0;0;0;2;2;0;0;2;5;0;0;0;0;0;0;0;0;0;0;1;1;0;0;1;6;0;0;0;0;0;0;0;0;0;0;0;0;0;0;0;0;0;0;0;0;0;0;0;0;0;0
24.11.2024;23:01;A126;1;0;0;2;6;1;0;0;0;2;2;0;0;0;0;0;0;0;0;0;0;1;1;0;0;0;0;0;0;0;0;0;0;0;0;0;0;0;0;0;0;0;0;0;0;0;0;0;0;0;0;0;0
24.11.2024;23:00;A126;1;0;0;0;0;0;0;0;0;0;0;0;0;0;0;0;0;0;0;2;2;3;4;2;2;3;18;0;0;0;0;0;0;0;0;0;0;0;0;0;0;0;0;0;0;0;0;0;0;0;0;0;0
24.11.2024;22:59;A126;1;0;0;1;1;0;0;0;0;0;0;0;0;0;0;0;0;0;0;0;0;1;1;0;0;0;0;0;0;0;0;0;0;0;0;0;0;0;0;0;0;0;0;0;0;0;0;0;0;0;0;0;0
24.11.2024;22:58;A126;1;0;0;0;0;0;0;0;0;0;0;0;0;0;0;0;0;0;0;0;0;0;0;1;0;1;7;0;0;0;0;0;0;0;0;0;0;0;0;0;0;0;0;0;0;0;0;0;0;0;0;0;0
24.11.2024;22:57;A126;1;0;0;0;0;0;0;0;0;0;0;0;0;0;0;0;0;0;0;0;17;4;16;0;0;0;30;0;0;0;0;0;0;0;0;0;0;0;0;0;0;0;0;0;0;0;0;0;0;0;0;0;0
24.11.2024;22:56;A126;1;0;0;1;2;0;0;0;0;0;0;0;0;0;0;0;0;0;0;1;0;1;6;0;0;1;14;0;0;0;0;0;0;0;0;0;0;0;0;0;0;0;0;0;0;0;0;0;0;0;0;0;0
24.11.2024;22:55;A126;1;1;2;1;9;2;1;0;0;2;5;0;0;1;0;0;0;0;0;2;2;0;0;2;12;0;0;0;0;0;0;0;0;0;0;0;0;0;0;0;0;0;0;0;0;0;0;0;0;0;0;0;0
24.11.2024;22:54;A126;1;0;0;0;0;1;0;0;0;1;3;0;0;0;0;0;0;0;0;0;0;1;1;0;0;1;1;0;0;0;0;0;0;0;0;0;0;0;0;0;0;0;0;0;0;0;0;0;0;0;0;0;0
24.11.2024;22:53;A126;1;0;0;0;0;1;0;1;0;1;1;0;0;0;0;0;0;0;0;0;0;1;0;0;0;0;3;0;0;0;0;0;0;0;0;0;0;0;0;0;0;0;0;0;0;0;0;0;0;0;0;0;0
24.11.2024;22:52;A126;1;0;0;0;0;0;0;0;0;0;0;0;0;0;0;0;0;0;0;0;0;2;2;0;0;4;13;0;0;0;0;0;0;0;0;0;0;0;0;0;0;0;0;0;0;0;0;0;0;0;0;0;0
24.11.2024;22:51;A126;1;0;0;0;0;1;1;1;0;1;2;0;0;1;1;1;2;1;0;0;0;1;1;0;0;1;7;0;0;0;0;0;0;0;0;0;0;0;0;0;0;0;0;0;0;0;0;0;0;0;0;0;0
24.11.2024;22:50;A126;1;0;0;1;1;1;1;1;1;1;2;1;7;0;0;0;0;0;0;0;0;2;33;0;0;2;46;0;0;0;0;0;0;0;0;0;0;0;0;0;0;0;0;0;0;0;0;0;0;0;0;0;0
24.11.2024;22:49;A126;1;0;0;1;2;1;1;1;0;1;3;0;0;0;0;0;0;0;0;0;0;1;0;0;0;0;0;0;0;0;0;0;0;0;0;0;0;0;0;0;0;0;0;0;0;0;0;0;0;0;0;0;0
24.11.2024;22:48;A126;1;0;0;0;0;3;2;1;0;4;6;0;0;0;0;0;0;0;0;0;0;0;0;0;0;0;0;0;0;0;0;0;0;0;0;0;0;0;0;0;0;0;0;0;0;0;0;0;0;0;0;0;0
24.11.2024;22:47;A126;1;0;0;2;4;1;30;0;0;1;4;0;0;0;0;0;0;0;0;0;0;2;27;0;0;2;9;0;0;0;0;0;0;0;0;0;0;0;0;0;0;0;0;0;0;0;0;0;0;0;0;0;0
24.11.2024;22:46;A126;1;0;0;0;0;2;1;2;2;3;5;1;7;0;0;0;0;0;0;0;0;1;0;0;0;0;0;0;0;0;0;0;0;0;0;0;0;0;0;0;0;0;0;0;0;0;0;0;0;0;0;0;0
24.11.2024;22:45;A126;1;0;0;0;0;0;0;1;1;0;0;2;2;0;0;0;0;0;0;0;0;0;0;0;0;0;0;0;0;0;0;0;0;0;0;0;0;0;0;0;0;0;0;0;0;0;0;0;0;0;0;0;0
24.11.2024;22:44;A126;1;1;2;0;0;0;0;0;0;0;0;0;0;0;0;0;0;0;0;1;0;1;15;1;1;0;12;0;0;0;0;0;0;0;0;0;0;0;0;0;0;0;0;0;0;0;0;0;0;0;0;0;0
24.11.2024;22:43;A126;1;0;0;0;0;1;1;0;0;2;4;0;0;1;1;1;5;1;0;0;0;1;13;0;0;2;14;0;0;0;0;0;0;0;0;0;0;0;0;0;0;0;0;0;0;0;0;0;0;0;0;0;0
24.11.2024;22:42;A126;1;0;0;1;2;0;0;0;0;0;0;0;0;1;1;1;7;1;0;0;0;4;4;0;0;2;17;0;0;0;0;0;0;0;0;0;0;0;0;0;0;0;0;0;0;0;0;0;0;0;0;0;0
24.11.2024;22:41;A126;1;0;0;0;0;1;0;0;0;1;1;0;0;0;0;0;0;0;0;0;0;1;1;0;0;1;5;0;0;0;0;0;0;0;0;0;0;0;0;0;0;0;0;0;0;0;0;0;0;0;0;0;0
24.11.2024;22:40;A126;1;0;0;0;0;1;0;0;0;1;2;0;0;0;0;0;0;0;0;1;4;3;4;1;9;0;0;0;0;0;0;0;0;0;0;0;0;0;0;0;0;0;0;0;0;0;0;0;0;0;0;0;0
24.11.2024;22:39;A126;1;0;0;0;0;1;8;0;0;1;4;0;0;1;1;2;2;1;0;0;0;0;0;0;0;1;4;0;0;0;0;0;0;0;0;0;0;0;0;0;0;0;0;0;0;0;0;0;0;0;0;0;0
24.11.2024;22:38;A126;1;1;0;4;11;1;0;0;0;2;2;0;0;1;0;0;0;0;0;0;0;0;0;0;0;0;0;0;0;0;0;0;0;0;0;0;0;0;0;0;0;0;0;0;0;0;0;0;0;0;0;0;0
24.11.2024;22:37;A126;1;0;0;3;5;0;0;0;0;0;0;0;0;0;0;0;0;0;0;0;0;2;3;0;0;1;11;0;0;0;0;0;0;0;0;0;0;0;0;0;0;0;0;0;0;0;0;0;0;0;0;0;0
24.11.2024;22:36;A126;1;0;0;0;0;0;0;0;0;0;0;0;0;0;0;0;0;0;0;0;0;1;1;1;2;1;6;0;0;0;0;0;0;0;0;0;0;0;0;0;0;0;0;0;0;0;0;0;0;0;0;0;0
24.11.2024;22:35;A126;1;0;0;0;0;0;0;0;0;0;0;0;0;0;0;0;0;0;0;0;0;0;0;0;0;0;0;0;0;0;0;0;0;0;0;0;0;0;0;0;0;0;0;0;0;0;0;0;0;0;0;0;0
24.11.2024;22:34;A126;1;0;0;0;0;3;7;1;1;1;54;1;2;0;0;0;0;0;0;0;0;0;0;0;0;0;0;0;0;0;0;0;0;0;0;0;0;0;0;0;0;0;0;0;0;0;0;0;0;0;0;0;0
24.11.2024;22:33;A126;1;0;0;0;0;0;0;0;0;1;23;0;0;0;0;0;0;0;0;0;0;1;1;0;0;1;5;0;0;0;0;0;0;0;0;0;0;0;0;0;0;0;0;0;0;0;0;0;0;0;0;0;0
24.11.2024;22:32;A126;1;0;0;0;0;3;2;1;0;2;7;0;0;0;0;0;0;0;0;0;0;2;0;0;0;0;0;0;0;0;0;0;0;0;0;0;0;0;0;0;0;0;0;0;0;0;0;0;0;0;0;0;0
24.11.2024;22:31;A126;1;0;0;0;0;3;2;2;0;4;9;0;0;0;0;0;0;0;0;1;1;1;1;1;6;2;5;0;0;0;0;0;0;0;0;0;0;0;0;0;0;0;0;0;0;0;0;0;0;0;0;0;0
24.11.2024;22:30;A126;1;0;0;1;2;1;1;0;0;1;3;0;0;0;0;0;0;0;0;1;25;0;0;1;9;0;0;0;0;0;0;0;0;0;0;0;0;0;0;0;0;0;0;0;0;0;0;0;0;0;0;0;0
24.11.2024;22:29;A126;1;0;0;1;0;1;10;0;0;1;10;0;0;0;0;0;0;0;0;2;34;1;33;2;14;1;4;0;0;0;0;0;0;0;0;0;0;0;0;0;0;0;0;0;0;0;0;0;0;0;0;0;0
24.11.2024;22:28;A126;1;1;2;1;2;1;13;0;0;1;6;0;0;0;0;0;0;0;0;0;0;1;44;0;0;1;6;0;0;0;0;0;0;0;0;0;0;0;0;0;0;0;0;0;0;0;0;0;0;0;0;0;0
24.11.2024;22:27;A126;1;0;0;0;0;1;0;1;2;1;2;1;4;0;0;0;0;0;0;0;0;1;0;0;0;0;0;0;0;0;0;0;0;0;0;0;0;0;0;0;0;0;0;0;0;0;0;0;0;0;0;0;0
24.11.2024;22:26;A126;1;0;0;0;0;1;0;1;0;1;2;2;4;0;0;0;0;0;0;1;1;1;0;0;0;0;0;0;0;0;0;0;0;0;0;0;0;0;0;0;0;0;0;0;0;0;0;0;0;0;0;0;0
24.11.2024;22:25;A126;1;0;0;0;0;2;1;0;0;3;2;0;0;0;0;0;0;0;0;0;0;4;6;0;0;1;22;0;0;0;0;0;0;0;0;0;0;0;0;0;0;0;0;0;0;0;0;0;0;0;0;0;0
24.11.2024;22:24;A126;1;0;0;0;0;0;0;1;1;0;0;2;2;0;0;0;0;0;0;0;0;0;20;0;0;0;0;0;0;0;0;0;0;0;0;0;0;0;0;0;0;0;0;0;0;0;0;0;0;0;0;0;0
24.11.2024;22:23;A126;1;0;0;2;3;1;0;0;0;1;1;0;0;0;0;0;0;0;0;0;0;3;9;0;0;1;11;0;0;0;0;0;0;0;0;0;0;0;0;0;0;0;0;0;0;0;0;0;0;0;0;0;0
24.11.2024;22:22;A126;1;0;0;0;0;1;0;1;0;1;1;0;0;0;0;0;0;0;0;0;0;0;0;0;0;1;4;0;0;0;0;0;0;0;0;0;0;0;0;0;0;0;0;0;0;0;0;0;0;0;0;0;0
24.11.2024;22:21;A126;1;0;0;1;2;0;7;0;0;0;7;0;0;0;0;0;0;0;0;1;1;0;0;1;5;0;0;0;0;0;0;0;0;0;0;0;0;0;0;0;0;0;0;0;0;0;0;0;0;0;0;0;0
24.11.2024;22:20;A126;1;0;0;0;0;1;0;0;0;1;27;0;0;0;0;0;0;0;0;3;21;2;25;1;5;2;39;0;0;0;0;0;0;0;0;0;0;0;0;0;0;0;0;0;0;0;0;0;0;0;0;0;0
24.11.2024;22:19;A126;1;0;0;1;1;0;0;0;0;0;0;0;0;0;0;0;0;0;0;0;0;2;2;0;0;1;8;0;0;0;0;0;0;0;0;0;0;0;0;0;0;0;0;0;0;0;0;0;0;0;0;0;0
24.11.2024;22:18;A126;1;0;0;1;3;4;3;0;0;2;9;0;0;0;0;0;0;0;0;0;1;1;1;0;0;0;0;0;0;0;0;0;0;0;0;0;0;0;0;0;0;0;0;0;0;0;0;0;0;0;0;0;0
24.11.2024;22:17;A126;1;1;12;2;8;0;0;0;0;0;0;0;0;0;0;0;0;0;0;1;1;1;0;0;0;0;0;0;0;0;0;0;0;0;0;0;0;0;0;0;0;0;0;0;0;0;0;0;0;0;0;0;0
24.11.2024;22:16;A126;1;0;0;1;2;2;22;0;0;3;6;0;0;0;0;0;0;0;0;0;0;0;0;0;0;0;0;0;0;0;0;0;0;0;0;0;0;1;1;1;1;0;0;0;0;0;0;0;0;0;0;0;0
24.11.2024;22:15;A126;1;0;0;0;0;2;1;0;0;3;7;0;0;0;0;0;0;0;0;1;0;2;3;0;2;0;5;0;0;0;0;0;0;0;0;0;0;0;0;0;0;0;0;0;0;0;0;0;0;0;0;0;0
24.11.2024;22:14;A126;1;0;0;1;2;3;45;0;0;4;35;0;0;0;0;0;0;0;0;0;0;0;0;1;1;1;4;0;0;0;0;0;0;0;0;0;0;0;0;0;0;0;0;0;0;0;0;0;0;0;0;0;0
24.11.2024;22:13;A126;1;0;0;1;3;1;1;0;0;1;3;0;0;0;0;0;0;0;0;0;0;0;0;0;0;0;0;0;0;0;0;0;0;0;0;0;0;0;0;0;0;0;0;0;0;0;0;0;0;0;0;0;0
24.11.2024;22:12;A126;1;0;0;1;2;3;2;1;0;4;7;0;0;0;0;0;0;0;0;1;1;1;0;0;0;0;0;0;0;0;0;0;0;0;0;0;0;0;0;0;0;0;0;0;0;0;0;0;0;0;0;0;0
24.11.2024;22:11;A126;1;0;0;0;0;0;0;0;0;0;0;0;0;0;0;0;0;0;0;0;0;4;7;1;1;3;26;0;0;0;0;0;0;0;0;0;0;0;0;0;0;0;0;0;0;0;0;0;0;0;0;0;0
24.11.2024;22:10;A126;1;0;0;0;0;0;0;0;0;0;0;0;0;1;3;1;5;1;1;0;0;0;0;0;0;0;0;0;0;0;0;0;0;0;0;0;0;0;0;0;0;0;0;0;0;0;0;0;0;0;0;0;0
24.11.2024;22:09;A126;1;0;0;0;0;0;0;0;0;0;0;0;0;0;0;0;0;0;0;0;0;3;3;0;0;2;11;0;0;0;0;0;0;0;0;0;0;0;0;0;0;0;0;0;0;0;0;0;0;0;0;0;0
24.11.2024;22:08;A126;1;0;0;0;0;1;0;0;0;2;1;0;0;1;9;0;0;0;0;0;0;1;14;0;0;2;8;0;0;0;0;0;0;0;0;0;0;0;0;0;0;0;0;0;0;0;0;0;0;0;0;0;0
24.11.2024;22:07;A126;1;0;0;1;2;1;7;0;0;2;8;0;0;1;2;1;6;1;1;0;0;0;0;0;0;0;0;0;0;0;0;0;0;0;0;0;0;0;0;0;0;0;0;0;0;0;0;0;0;0;0;0;0
24.11.2024;22:06;A126;1;0;0;0;0;2;31;2;3;1;6;2;6;1;1;0;0;0;0;1;18;2;1;1;12;0;0;0;0;0;0;0;0;0;0;0;0;0;0;0;0;0;0;0;0;0;0;0;0;0;0;0;0
24.11.2024;22:05;A126;1;0;0;1;2;1;0;0;0;2;3;0;0;0;0;0;0;0;0;0;0;0;0;0;0;0;0;0;0;0;0;0;0;0;0;0;0;0;0;0;0;0;0;0;0;0;0;0;0;0;0;0;0
24.11.2024;22:04;A126;1;0;0;0;0;4;4;0;0;2;11;0;0;0;0;0;0;0;0;0;0;2;2;0;0;1;7;0;0;0;0;0;0;0;0;0;0;0;0;0;0;0;0;0;0;0;0;0;0;0;0;0;0
24.11.2024;22:03;A126;1;1;0;1;2;1;2;0;0;1;4;0;0;0;0;0;0;0;0;0;0;0;0;0;0;0;0;0;0;0;0;0;0;0;0;0;0;0;0;0;0;0;0;0;0;0;0;0;0;0;0;0;0
24.11.2024;22:02;A126;1;0;0;2;2;3;43;0;0;2;48;0;0;1;2;1;5;1;0;1;1;1;3;0;0;2;3;0;0;0;0;0;0;0;0;0;0;0;0;0;0;0;0;0;0;0;0;0;0;0;0;0;0
24.11.2024;22:01;A126;1;0;0;1;7;1;0;0;0;1;1;0;0;0;0;0;0;0;0;1;1;3;4;1;8;2;12;0;0;0;0;0;0;0;0;0;0;0;0;0;0;0;0;0;0;0;0;0;0;0;0;0;0
24.11.2024;22:00;A126;1;0;0;0;0;0;0;0;0;0;0;0;0;1;7;0;0;1;9;1;2;1;1;1;17;2;11;0;0;0;0;0;0;0;0;0;0;0;0;0;0;0;0;0;0;0;0;0;0;0;0;0;0
24.11.2024;21:59;A126;1;0;0;0;0;2;36;0;0;3;28;0;0;0;0;0;0;0;0;0;0;0;0;0;0;0;0;0;0;0;0;0;0;0;0;0;0;0;0;0;0;0;0;0;0;0;0;0;0;0;0;0;0
24.11.2024;21:58;A126;1;1;2;1;3;4;3;0;0;4;11;0;0;0;0;0;0;0;0;2;4;0;0;1;6;0;0;0;0;0;0;0;0;0;0;0;0;0;0;0;0;0;0;0;0;0;0;0;0;0;0;0;0
24.11.2024;21:57;A126;1;0;0;4;9;0;0;0;0;0;0;0;0;0;0;0;0;0;0;1;1;2;20;0;0;0;7;0;0;0;0;0;0;0;0;0;0;0;0;0;0;0;0;0;0;0;0;0;0;0;0;0;0
24.11.2024;21:56;A126;1;0;0;0;0;2;1;0;0;2;4;0;0;1;16;1;9;1;0;0;0;1;13;0;0;2;8;0;0;0;0;0;0;0;0;0;0;0;0;0;0;0;0;0;0;0;0;0;0;0;0;0;0
24.11.2024;21:55;A126;1;0;0;0;0;1;0;0;0;1;1;0;0;0;0;0;0;0;0;1;1;1;1;1;1;2;7;0;0;0;0;0;0;0;0;0;0;0;0;0;0;0;0;0;0;0;0;0;0;0;0;0;0
24.11.2024;21:54;A126;1;0;0;0;0;0;0;0;0;0;0;0;0;1;3;1;3;1;16;0;0;0;0;0;0;0;0;0;0;0;0;0;0;0;0;0;0;0;0;0;0;0;0;0;0;0;0;0;0;0;0;0;0
24.11.2024;21:53;A126;1;0;0;0;0;0;0;0;0;0;0;0;0;0;0;0;0;0;0;0;0;2;2;0;0;2;16;0;0;0;0;0;0;0;0;0;0;0;0;0;0;0;0;0;0;0;0;0;0;0;0;0;0
24.11.2024;21:52;A126;1;0;0;1;2;2;2;2;39;2;6;3;7;0;0;0;0;0;0;0;0;1;36;0;0;1;8;0;0;0;0;0;0;0;0;0;0;0;0;0;0;0;0;0;0;0;0;0;0;0;0;0;0
24.11.2024;21:51;A126;1;0;0;0;0;1;0;1;0;1;1;0;0;0;0;0;0;0;0;0;0;0;0;0;0;0;0;0;0;0;0;0;0;0;0;0;0;0;0;0;0;0;0;0;0;0;0;0;0;0;0;0;0
24.11.2024;21:50;A126;1;0;0;0;0;1;0;0;0;2;1;0;0;0;0;0;0;0;0;0;0;1;33;0;0;1;9;0;0;0;0;0;0;0;0;0;0;0;0;0;0;0;0;0;0;0;0;0;0;0;0;0;0
24.11.2024;21:49;A126;1;0;0;2;3;0;0;0;0;0;0;0;0;1;1;0;0;0;0;1;1;3;7;1;1;2;16;0;0;0;0;0;0;0;0;0;0;0;0;0;0;0;0;0;0;0;0;0;0;0;0;0;0
24.11.2024;21:48;A126;1;0;0;0;0;3;2;3;2;4;7;1;4;0;0;0;0;0;0;0;0;0;0;0;0;0;0;0;0;0;0;0;0;0;0;0;0;0;0;0;0;0;0;0;0;0;0;0;0;0;0;0;0
24.11.2024;21:47;A126;1;0;0;0;0;1;1;0;0;1;3;0;0;1;0;0;0;0;0;1;0;1;1;0;0;1;4;0;0;0;0;0;0;0;0;0;0;0;0;0;0;0;0;0;0;0;0;0;0;0;0;0;0
24.11.2024;21:46;A126;1;0;0;0;0;0;29;0;0;0;0;0;0;1;39;1;6;1;0;2;24;1;8;1;33;3;11;0;0;0;0;0;0;0;0;0;0;0;0;0;0;0;0;0;0;0;0;0;0;0;0;0;0
24.11.2024;21:45;A126;1;0;0;2;4;3;11;0;0;5;9;0;0;1;15;1;11;1;1;0;0;2;2;0;0;1;6;0;0;0;0;0;0;0;0;0;0;0;0;0;0;0;0;0;0;0;0;0;0;0;0;0;0
24.11.2024;21:44;A126;1;0;0;0;0;1;1;0;0;2;3;0;0;1;1;1;3;1;0;1;1;2;14;0;0;3;15;0;0;0;0;0;0;0;0;0;0;0;0;0;0;0;0;0;0;0;0;0;0;0;0;0;0
24.11.2024;21:43;A126;1;0;0;0;0;1;0;1;1;1;2;2;3;0;0;0;0;0;0;0;0;1;1;0;0;1;6;0;0;0;0;0;0;0;0;0;0;0;0;0;0;0;0;0;0;0;0;0;0;0;0;0;0
24.11.2024;21:42;A126;1;0;0;0;0;1;0;0;0;2;1;0;0;0;0;0;0;0;0;1;0;1;1;0;0;2;7;0;0;0;0;0;0;0;0;0;0;0;0;0;0;0;0;0;0;0;0;0;0;0;0;0;0
24.11.2024;21:41;A126;1;0;0;0;0;1;0;0;0;1;1;0;0;0;0;0;0;0;0;1;1;0;0;0;0;0;0;0;0;0;0;0;0;0;0;0;0;0;0;0;0;0;0;0;0;0;0;0;0;0;0;0;0
24.11.2024;21:40;A126;1;0;0;2;6;1;5;0;0;1;2;0;0;0;0;0;0;0;0;2;5;3;5;1;29;4;11;0;0;0;0;0;0;0;0;0;0;0;0;0;0;0;0;0;0;0;0;0;0;0;0;0;0
24.11.2024;21:39;A126;1;0;0;1;6;1;14;0;0;2;4;0;0;0;0;0;0;0;0;0;0;0;0;0;100;0;0;0;0;0;0;0;0;0;0;0;0;0;0;0;0;0;0;0;0;0;0;0;0;1;1;0;0
24.11.2024;21:38;A126;1;0;0;0;3;1;1;0;0;1;3;0;0;0;0;0;0;0;0;0;0;3;21;2;62;1;27;0;0;0;0;0;0;0;0;0;0;0;0;0;0;0;0;0;0;0;0;0;0;0;0;0;0
24.11.2024;21:37;A126;1;0;0;1;0;7;6;2;1;8;14;1;2;0;0;0;0;0;0;0;0;0;0;0;0;1;3;0;0;0;0;0;0;0;0;0;0;0;0;0;0;0;0;0;0;0;0;0;0;0;0;0;0
24.11.2024;21:36;A126;1;0;0;0;0;4;9;1;0;4;16;2;1;0;0;0;0;0;0;0;0;2;17;0;0;1;11;0;0;0;0;0;0;0;0;0;0;0;0;0;0;0;0;0;0;0;0;0;0;0;0;0;0
24.11.2024;21:35;A126;1;0;0;1;1;1;1;0;0;3;22;0;0;0;0;0;0;0;0;0;0;1;1;0;0;1;4;0;0;0;0;0;0;0;0;0;0;0;0;0;0;0;0;0;0;0;0;0;0;0;0;0;0
24.11.2024;21:34;A126;1;0;0;1;2;0;0;0;0;0;0;0;0;0;0;0;0;0;0;1;0;1;0;1;3;0;0;0;0;0;0;0;0;0;0;0;0;0;0;0;0;0;0;0;0;0;0;0;0;0;0;0;0
24.11.2024;21:33;A126;1;1;2;0;0;0;10;0;0;0;0;0;0;0;0;0;0;0;0;0;7;2;3;0;0;1;12;0;0;0;0;0;0;0;0;0;0;0;0;0;0;0;0;0;0;0;0;0;0;0;0;0;0
24.11.2024;21:32;A126;1;0;0;2;9;1;27;0;0;2;10;0;0;0;0;0;0;0;0;1;30;0;0;1;6;0;0;0;0;0;0;0;0;0;0;0;0;0;0;0;0;0;0;0;0;0;0;0;0;0;0;0;0
24.11.2024;21:31;A126;1;0;0;1;2;1;1;0;0;0;3;0;0;0;0;0;0;0;0;1;1;1;0;1;4;0;0;0;0;0;0;0;0;0;0;0;0;0;0;0;0;0;0;0;0;0;0;0;0;0;0;0;0
24.11.2024;21:30;A126;1;0;0;0;0;0;0;0;0;1;0;0;0;0;0;0;0;0;0;0;0;1;1;1;1;1;2;0;0;0;0;0;0;0;0;0;0;0;0;0;0;0;0;0;0;0;0;0;0;0;0;0;0
24.11.2024;21:29;A126;1;0;0;1;2;1;15;0;0;1;25;0;0;0;0;0;0;0;0;0;0;0;0;0;0;0;0;0;0;0;0;0;0;0;0;0;0;0;0;0;0;0;0;0;0;0;0;0;0;0;0;0;0
24.11.2024;21:28;A126;1;2;3;1;3;0;0;0;0;0;0;0;0;0;0;0;0;0;0;3;47;2;47;3;50;1;45;0;0;0;0;0;0;0;0;0;0;0;0;0;0;0;0;0;0;0;0;0;0;0;0;0;0
24.11.2024;21:27;A126;1;0;0;0;0;1;1;0;0;0;0;0;0;0;0;0;0;0;0;0;0;2;2;1;3;1;12;0;0;0;0;0;0;0;0;0;0;0;0;0;0;0;0;0;0;0;0;0;0;0;0;0;0
24.11.2024;21:26;A126;1;0;0;1;2;1;1;0;0;1;3;0;0;0;0;0;0;0;0;0;0;2;1;0;0;1;6;0;0;0;0;0;0;0;0;0;0;0;0;0;0;0;0;0;0;0;0;0;0;0;0;0;0
24.11.2024;21:25;A126;1;0;0;0;0;0;10;0;0;0;0;0;0;0;0;0;0;0;0;1;1;1;0;1;7;0;0;0;0;0;0;0;0;0;0;0;0;0;0;0;0;0;0;0;0;0;0;0;0;0;0;0;0
24.11.2024;21:24;A126;1;0;0;1;2;2;63;0;0;1;4;0;0;1;2;1;4;1;1;0;0;1;38;0;0;0;0;0;0;0;0;0;0;0;0;0;0;0;0;0;0;0;0;0;0;0;0;0;0;0;0;0;0
24.11.2024;21:23;A126;1;0;0;3;5;0;0;0;0;1;3;0;0;0;0;0;0;0;0;1;1;1;0;1;6;1;6;0;0;0;0;0;0;0;0;0;0;0;0;0;0;0;0;0;0;0;0;0;0;0;0;0;0
24.11.2024;21:22;A126;1;0;0;0;0;6;16;0;0;8;18;1;0;0;0;0;0;0;0;2;7;2;25;1;1;2;17;0;0;0;0;0;0;0;0;0;0;0;0;0;0;0;0;0;0;0;0;0;0;0;0;0;0
24.11.2024;21:21;A126;1;0;0;1;1;0;0;0;0;0;0;0;0;0;0;0;0;0;0;0;0;1;0;0;0;1;7;0;0;0;0;0;0;0;0;0;0;0;0;0;0;0;0;0;0;0;0;0;0;0;0;0;0
24.11.2024;21:20;A126;1;1;0;2;4;2;9;0;0;1;22;0;0;0;0;0;0;0;0;0;0;3;5;0;0;2;25;0;0;0;0;0;0;0;0;0;0;0;0;0;0;0;0;0;0;0;0;0;0;0;0;0;0
24.11.2024;21:19;A126;1;0;0;0;0;4;3;0;0;3;15;0;0;0;0;0;0;0;0;1;4;0;0;0;0;0;0;0;0;0;0;0;0;0;0;0;0;0;0;0;0;0;0;0;0;0;0;0;0;0;0;0;0
24.11.2024;21:18;A126;1;0;0;0;0;3;3;0;0;3;8;0;0;0;0;0;0;0;0;0;0;1;1;0;0;1;6;0;0;0;0;0;0;0;0;0;0;0;0;0;0;0;0;0;0;0;0;0;0;0;0;0;0
24.11.2024;21:17;A126;1;0;0;1;1;2;2;0;0;1;5;0;0;0;0;0;0;0;0;1;3;3;3;0;0;1;8;0;0;0;0;0;0;0;0;0;0;0;0;0;0;0;0;0;0;0;0;0;0;0;0;0;0
24.11.2024;21:16;A126;1;0;0;1;1;0;0;0;0;0;0;0;0;0;0;0;0;0;0;0;0;0;0;0;0;0;0;0;0;0;0;0;0;0;0;0;0;0;0;0;0;0;0;0;0;0;0;0;0;0;0;0;0
24.11.2024;21:15;A126;1;0;0;1;2;0;0;0;0;0;0;0;0;0;0;0;0;0;0;0;0;0;0;0;0;0;0;0;0;0;0;0;0;0;0;0;0;0;0;0;0;0;0;0;0;0;0;0;0;0;0;0;0
24.11.2024;21:14;A126;1;0;0;0;0;1;1;0;0;1;2;0;0;0;0;0;0;0;0;0;0;1;1;0;0;1;8;0;0;0;0;0;0;0;0;0;0;0;0;0;0;0;0;0;0;0;0;0;0;0;0;0;0
24.11.2024;21:13;A126;1;0;0;0;0;4;4;2;0;4;10;0;0;0;0;0;0;0;0;0;0;0;0;0;0;0;0;0;0;0;0;0;0;0;0;0;0;0;0;0;0;0;0;0;0;0;0;0;0;0;0;0;0
24.11.2024;21:12;A126;1;0;0;1;5;1;18;0;0;1;4;0;0;0;0;0;0;0;0;1;1;0;0;1;4;0;0;0;0;0;0;0;0;0;0;0;0;0;0;0;0;0;0;0;0;0;0;0;0;1;1;0;0
24.11.2024;21:11;A126;1;0;0;2;3;2;34;1;2;2;8;1;8;0;0;0;0;0;0;0;0;2;3;0;0;2;14;0;0;0;0;0;0;0;0;0;0;0;0;0;0;0;0;0;0;0;0;0;0;0;0;0;0
24.11.2024;21:10;A126;1;0;0;1;2;2;8;0;0;3;6;0;0;1;14;1;8;1;0;0;15;0;13;0;0;0;0;0;0;0;0;0;0;0;0;0;0;0;0;0;0;0;0;0;0;0;0;0;0;0;0;0;0
24.11.2024;21:09;A126;1;0;0;1;1;0;0;0;0;0;0;0;0;0;0;0;0;0;0;1;9;2;29;1;11;2;7;0;0;0;0;0;0;0;0;0;0;0;0;0;0;0;0;0;0;0;0;0;0;0;0;0;0
24.11.2024;21:08;A126;1;0;0;1;2;1;12;0;0;2;3;0;0;0;0;0;0;0;0;0;0;0;0;0;0;1;0;0;0;0;0;0;0;0;0;0;0;0;0;0;0;0;0;0;0;0;0;0;0;0;0;0;0
24.11.2024;21:07;A126;1;0;0;0;0;0;0;0;0;0;0;0;0;1;1;0;0;0;0;1;1;0;0;1;5;0;0;0;0;0;0;0;0;0;0;0;0;0;0;0;0;0;0;0;0;0;0;0;0;0;0;0;0
24.11.2024;21:06;A126;1;0;0;1;2;5;8;0;0;4;42;0;0;0;0;0;0;0;0;2;2;2;1;1;3;2;4;0;0;0;0;0;0;0;0;0;0;0;0;0;0;0;0;0;0;0;0;0;0;0;0;0;0
24.11.2024;21:05;A126;1;0;0;2;4;0;0;0;0;0;0;0;0;0;0;0;0;0;0;0;0;0;0;0;0;0;0;0;0;0;0;0;0;0;0;0;0;0;0;0;0;0;0;0;0;0;0;0;0;0;0;0;0
24.11.2024;21:04;A126;1;1;18;1;7;0;0;0;0;0;0;0;0;1;0;0;0;0;0;1;0;1;2;0;0;1;6;0;0;0;0;0;0;0;0;0;0;0;0;0;0;0;0;0;0;0;0;0;0;0;0;0;0
24.11.2024;21:03;A126;1;0;0;0;0;1;0;0;0;0;2;0;0;0;0;0;0;0;0;0;0;3;3;0;0;3;19;0;0;0;0;0;0;0;0;0;0;0;0;0;0;0;0;0;0;0;0;0;0;0;0;0;0
24.11.2024;21:02;A126;1;0;0;2;3;1;0;0;0;2;2;0;0;0;0;0;0;0;0;1;1;2;2;1;9;1;4;0;0;0;0;0;0;0;0;0;0;0;0;0;0;0;0;0;0;0;0;0;0;0;0;0;0
24.11.2024;21:01;A126;1;0;0;0;0;1;7;0;0;0;0;0;0;0;0;0;0;0;0;0;0;0;0;0;0;0;0;0;0;0;0;0;0;0;0;0;0;0;0;0;0;0;0;0;0;0;0;0;0;0;0;0;0
24.11.2024;21:00;A126;1;0;0;1;2;0;0;0;0;1;4;0;0;0;0;0;0;0;0;1;1;0;0;0;0;0;0;0;0;0;0;0;0;0;0;0;0;0;0;0;0;0;0;0;0;0;0;0;0;0;0;0;0
24.11.2024;20:59;A126;1;0;0;0;0;2;14;1;1;3;7;1;2;0;0;0;0;0;0;0;0;2;2;0;0;0;4;0;0;0;0;0;0;0;0;0;0;0;0;0;0;0;0;0;0;0;0;0;0;0;0;0;0
24.11.2024;20:58;A126;1;0;0;2;3;1;0;0;0;2;2;0;0;0;0;0;0;0;0;0;0;0;0;0;0;1;5;0;0;0;0;0;0;0;0;0;0;0;0;0;0;0;0;0;0;0;0;0;0;0;0;0;0
24.11.2024;20:57;A126;1;0;0;3;6;3;2;0;0;3;7;0;0;0;0;0;0;0;0;0;0;1;1;0;0;1;5;0;0;0;0;0;0;0;0;0;0;0;0;0;0;0;0;0;0;0;0;0;0;0;0;0;0
24.11.2024;20:56;A126;1;1;1;0;0;1;0;0;0;2;1;0;0;0;0;0;0;0;0;1;0;2;3;0;0;2;10;0;0;0;0;0;0;0;0;0;0;0;0;0;0;0;0;0;0;0;0;0;0;0;0;0;0
24.11.2024;20:55;A126;1;1;0;0;0;4;35;0;0;5;24;0;0;0;0;0;0;0;0;1;1;1;21;1;3;2;4;0;0;0;0;0;0;0;0;0;0;0;0;0;0;0;0;0;0;0;0;0;0;0;0;0;0
24.11.2024;20:54;A126;1;0;0;0;0;0;0;0;0;0;0;0;0;0;0;0;0;0;0;0;0;1;1;0;0;1;5;0;0;0;0;0;0;0;0;0;0;0;0;0;0;0;0;0;0;0;0;0;0;0;0;0;0
24.11.2024;20:53;A126;1;0;0;0;0;3;22;1;25;3;12;0;0;0;0;0;0;0;0;2;1;4;6;0;0;3;22;0;0;0;0;0;0;0;0;0;0;0;0;0;0;0;0;0;0;0;0;0;0;0;0;0;0
24.11.2024;20:52;A126;1;1;2;0;0;2;16;0;0;3;5;1;7;0;0;0;0;0;0;2;1;1;1;1;4;1;3;0;0;0;0;0;0;0;0;0;0;0;0;0;0;0;0;0;0;0;0;0;0;0;0;0;0
24.11.2024;20:51;A126;1;0;0;1;2;1;31;0;0;1;5;0;0;1;20;1;4;1;1;0;0;1;0;0;0;0;0;0;0;0;0;0;0;0;0;0;0;0;0;0;0;0;0;0;0;0;0;0;0;0;0;0;0
24.11.2024;20:50;A126;1;0;0;2;2;0;0;0;0;0;0;0;0;0;0;0;0;0;0;0;0;2;2;0;0;3;12;0;0;0;0;0;0;0;0;0;0;0;0;0;0;0;0;0;0;0;0;0;0;0;0;0;0
24.11.2024;20:49;A126;1;0;0;0;0;3;3;0;0;1;9;0;0;0;0;0;0;0;0;0;0;2;46;0;0;1;45;0;0;0;0;0;0;0;0;0;0;0;0;0;0;0;0;0;0;0;0;0;0;0;0;0;0
24.11.2024;20:48;A126;1;0;0;2;4;4;13;0;0;6;11;0;0;1;20;2;6;2;1;1;2;2;4;0;0;1;16;0;0;0;0;0;0;0;0;0;0;0;0;0;0;0;0;0;0;0;0;0;0;0;0;0;0
24.11.2024;20:47;A126;1;0;0;0;0;2;4;0;0;2;6;0;0;2;23;3;8;2;1;0;0;0;0;0;0;1;1;0;0;0;0;0;0;0;0;0;0;0;0;0;0;0;0;0;0;0;0;0;0;0;0;0;0
24.11.2024;20:46;A126;1;0;0;1;2;3;3;1;0;3;14;0;0;0;0;0;0;0;0;3;5;2;11;1;4;1;6;0;0;0;0;0;0;0;0;0;0;0;0;0;0;0;0;0;0;0;0;0;0;0;0;0;0
24.11.2024;20:45;A126;1;0;0;0;0;1;9;0;0;1;6;0;0;0;0;0;0;0;0;1;1;0;0;1;5;0;0;0;0;0;0;0;0;0;0;0;0;0;0;0;0;0;0;0;0;0;0;0;0;0;0;0;0
24.11.2024;20:44;A126;1;0;0;1;0;0;0;0;0;0;0;0;0;0;0;0;0;0;0;0;0;2;2;0;0;1;7;0;0;0;0;0;0;0;0;0;0;0;0;0;0;0;0;0;0;0;0;0;0;0;0;0;0
24.11.2024;20:43;A126;1;0;0;0;0;1;27;0;0;1;5;0;0;0;0;0;0;0;0;0;0;1;30;0;0;1;7;0;0;0;0;0;0;0;0;0;0;0;0;0;0;0;0;0;0;0;0;0;0;0;0;0;0
24.11.2024;20:42;A126;1;1;1;1;2;5;15;0;0;6;14;1;0;0;0;0;0;0;0;0;0;3;9;0;0;4;16;0;0;0;0;0;0;0;0;0;0;0;0;0;0;0;0;0;0;0;0;0;0;0;0;0;0
24.11.2024;20:41;A126;1;0;0;0;0;1;0;0;0;1;2;0;0;0;0;0;0;0;0;0;0;0;0;0;0;0;0;0;0;0;0;0;0;0;0;0;0;0;0;0;0;0;0;0;0;0;0;0;0;0;0;0;0
24.11.2024;20:40;A126;1;0;0;1;1;4;8;1;0;3;15;0;0;0;0;0;0;0;0;2;47;3;28;1;20;1;16;0;0;0;0;0;0;0;0;0;0;0;0;0;0;0;0;0;0;0;0;0;0;0;0;0;0
24.11.2024;20:39;A126;1;0;0;5;12;2;51;0;0;3;6;0;0;0;0;0;0;0;0;1;0;1;0;1;7;0;0;0;0;0;0;0;0;0;0;0;0;1;1;0;0;0;0;0;0;0;0;0;0;0;0;0;0
24.11.2024;20:38;A126;1;0;0;0;0;2;18;0;0;3;8;0;0;2;3;1;7;1;1;0;0;1;0;0;0;0;0;0;0;0;0;0;0;0;0;0;0;0;0;0;0;0;0;0;0;0;0;0;0;0;0;0;0
24.11.2024;20:37;A126;1;0;0;1;2;4;11;1;1;4;26;1;5;1;1;0;0;0;0;1;18;4;29;0;0;1;48;0;0;0;0;0;0;0;0;1;1;0;0;0;0;0;0;0;0;0;0;0;0;0;0;0;0
24.11.2024;20:36;A126;1;0;0;3;7;0;9;0;0;1;19;0;0;0;0;0;0;0;0;1;1;0;0;3;9;0;0;0;0;0;0;0;0;0;0;0;0;0;0;0;0;0;0;0;0;0;0;0;0;0;0;0;0
24.11.2024;20:35;A126;1;0;0;0;0;3;2;0;0;3;10;0;0;1;19;1;6;1;0;1;1;1;1;1;4;1;5;0;0;0;0;0;0;0;0;0;0;0;0;0;0;0;0;0;0;0;0;0;0;0;0;0;0
24.11.2024;20:34;A126;1;0;0;1;1;1;27;1;0;1;2;0;0;1;36;1;6;1;7;4;28;0;0;1;13;0;0;0;0;0;0;0;0;0;0;0;0;0;0;0;0;0;0;0;0;0;0;0;0;0;0;0;0
24.11.2024;20:33;A126;1;0;0;0;0;5;6;0;0;6;12;0;0;1;1;0;0;0;0;1;19;0;0;2;22;0;0;0;0;0;0;0;0;0;0;0;0;0;0;0;0;0;0;0;0;0;0;0;0;0;0;0;0
24.11.2024;20:32;A126;1;0;0;1;2;4;23;0;0;5;10;0;0;0;0;0;0;0;0;1;24;0;0;0;0;0;0;0;0;0;0;0;0;0;0;0;0;0;0;0;0;0;0;0;0;0;0;0;0;0;0;0;0
24.11.2024;20:31;A126;1;0;0;1;2;2;2;0;0;3;5;0;0;0;0;0;0;0;0;1;0;0;0;0;0;0;0;0;0;0;0;0;0;0;0;0;0;0;0;0;0;0;0;0;0;0;0;0;0;0;0;0;0
24.11.2024;20:30;A126;1;0;0;0;0;0;0;0;0;0;0;0;0;0;0;0;0;0;0;0;0;1;0;1;4;1;6;0;0;0;0;0;0;0;0;0;0;0;0;0;0;0;0;0;0;0;0;0;0;0;0;0;0
24.11.2024;20:29;A126;1;0;0;0;0;5;5;0;0;5;10;0;0;0;0;0;0;0;0;0;0;2;3;0;0;2;12;0;0;0;0;0;0;0;0;0;0;0;0;0;0;0;0;0;0;0;0;0;0;0;0;0;0
24.11.2024;20:28;A126;1;0;0;0;0;1;0;0;0;1;2;0;0;0;0;0;0;0;0;0;0;2;2;0;0;2;10;0;0;0;0;0;0;0;0;0;0;0;0;0;0;0;0;0;0;0;0;0;0;0;0;0;0
24.11.2024;20:27;A126;1;0;0;3;12;6;21;0;0;2;22;0;0;0;0;0;0;0;0;0;0;1;1;0;0;1;6;0;0;0;0;0;0;0;0;0;0;0;0;0;0;0;0;0;0;0;0;0;0;0;0;0;0
24.11.2024;20:26;A126;1;0;0;1;3;0;0;0;0;1;4;0;0;0;0;0;0;0;0;0;0;2;5;0;0;4;8;0;0;0;0;0;0;0;0;0;0;0;0;0;0;0;0;0;0;0;0;0;0;0;0;0;0
24.11.2024;20:25;A126;1;1;2;2;3;0;0;0;0;0;0;0;0;0;0;0;0;0;0;1;10;1;35;1;2;1;45;0;0;0;0;0;0;0;0;0;0;0;0;0;0;0;0;0;0;0;0;0;0;0;0;0;0
24.11.2024;20:24;A126;1;0;0;1;2;2;1;1;0;4;3;0;0;0;0;0;0;0;0;1;1;2;3;0;0;1;12;0;0;0;0;0;0;0;0;0;0;0;0;0;0;0;0;0;0;0;0;0;0;0;0;0;0
24.11.2024;20:23;A126;1;2;7;0;0;1;0;0;0;1;3;0;0;1;16;1;11;1;0;0;0;0;0;0;0;0;0;0;0;0;0;0;0;0;0;0;0;0;0;0;0;0;0;0;0;0;0;0;0;0;0;0;0
24.11.2024;20:22;A126;1;0;0;2;10;4;37;0;0;3;49;0;0;0;0;0;0;0;0;0;0;3;4;0;0;2;17;0;0;0;0;0;0;0;0;0;0;0;0;0;0;0;0;0;0;0;0;0;0;0;0;0;0
24.11.2024;20:21;A126;1;0;0;0;0;1;0;0;0;1;2;0;0;0;0;0;0;0;0;0;0;0;0;0;0;0;0;0;0;0;0;0;0;0;0;0;0;0;0;0;0;0;0;0;0;0;0;0;0;0;0;0;0
24.11.2024;20:20;A126;1;0;0;0;0;3;4;1;1;4;9;0;0;0;0;0;0;0;0;0;0;1;0;0;0;1;0;0;0;0;0;0;0;0;0;0;0;0;0;0;0;0;0;0;0;0;0;0;0;0;0;0;0
24.11.2024;20:19;A126;1;0;0;0;0;7;9;3;3;7;22;0;0;0;0;0;0;0;0;2;4;4;8;0;0;4;13;0;0;0;0;0;0;0;0;0;0;0;0;0;0;0;0;0;0;0;0;0;0;0;0;0;0
24.11.2024;20:18;A126;1;0;0;1;1;4;21;0;0;1;35;0;0;0;0;0;0;0;0;0;0;0;0;0;0;0;0;0;0;0;0;0;0;0;0;0;0;0;0;0;0;0;0;0;0;0;0;0;0;0;0;0;0
24.11.2024;20:17;A126;1;0;0;0;0;3;2;1;1;4;8;1;4;0;0;0;0;0;0;1;1;1;1;1;1;0;0;0;0;0;0;0;0;0;0;0;0;0;0;0;0;0;0;0;0;0;0;0;0;0;0;0;0
24.11.2024;20:16;A126;1;0;0;0;0;1;36;1;1;1;28;1;3;1;1;0;5;1;0;1;1;2;3;0;0;1;7;0;0;0;0;0;0;0;0;0;0;0;0;0;0;0;0;0;0;0;0;0;0;0;0;0;0
24.11.2024;20:15;A126;1;0;0;1;2;3;2;0;0;2;6;0;0;0;0;1;0;0;0;0;0;0;0;0;0;0;0;0;0;0;0;0;0;0;0;0;0;0;0;0;0;0;0;0;0;0;0;0;0;0;0;0;0
24.11.2024;20:14;A126;1;0;0;0;0;4;2;2;1;5;8;1;1;0;0;0;0;0;0;0;0;1;0;0;0;0;0;0;0;0;0;0;0;0;0;0;0;0;0;0;0;0;0;0;0;0;0;0;0;0;0;0;0
24.11.2024;20:13;A126;1;0;0;2;3;1;0;0;0;1;2;0;0;0;0;0;0;0;0;0;0;0;1;0;0;0;0;0;0;0;0;0;0;0;0;0;0;0;0;0;0;0;0;0;0;0;0;0;0;0;0;0;0
24.11.2024;20:12;A126;1;1;10;3;14;2;16;0;0;3;7;0;0;0;0;0;0;0;0;1;2;2;8;0;0;1;51;0;0;0;0;0;0;0;0;0;0;0;0;0;0;0;0;0;0;0;0;0;0;0;0;0;0
24.11.2024;20:11;A126;1;0;0;0;0;6;56;0;0;4;30;1;1;0;0;0;0;0;0;0;0;2;33;0;0;1;11;0;0;0;0;0;0;0;0;0;0;0;0;0;0;0;0;0;0;0;0;0;0;0;0;0;0
24.11.2024;20:10;A126;1;0;0;3;6;1;8;0;0;1;4;0;0;0;0;0;0;0;0;1;31;1;3;1;0;2;3;0;0;0;0;0;0;0;0;0;0;0;0;0;0;0;0;0;0;0;0;0;0;0;0;0;0
24.11.2024;20:09;A126;1;0;0;1;2;2;23;0;0;2;5;0;0;0;0;0;0;0;0;2;17;2;28;0;0;0;43;0;0;0;0;0;0;0;0;0;0;0;0;0;0;0;0;0;0;0;0;0;0;0;0;0;0
24.11.2024;20:08;A126;1;0;0;1;1;4;19;0;0;5;10;0;0;0;0;0;0;0;0;1;2;0;0;1;9;1;5;0;0;0;0;0;0;0;0;0;0;0;0;0;0;0;0;0;0;0;0;0;0;0;0;0;0
24.11.2024;20:07;A126;1;1;0;0;0;1;27;0;0;2;4;0;0;0;0;0;0;0;0;0;0;2;3;0;0;1;5;0;0;0;0;0;0;0;0;0;0;0;0;0;0;0;0;0;0;0;0;0;0;0;0;0;0
24.11.2024;20:06;A126;1;0;0;0;0;4;34;0;0;6;20;0;0;0;0;0;0;0;0;2;11;2;4;0;12;1;8;0;0;0;0;0;0;0;0;0;0;0;0;0;0;0;0;0;0;0;0;0;0;0;0;0;0
24.11.2024;20:05;A126;1;0;0;2;2;2;1;1;0;2;3;0;0;0;0;0;0;0;0;1;1;2;5;4;13;2;18;0;0;0;0;0;0;0;0;0;0;0;0;0;0;0;0;0;0;0;0;0;0;0;0;0;0
24.11.2024;20:04;A126;1;0;0;0;0;3;2;0;0;2;6;0;0;0;0;0;0;0;0;0;0;1;1;0;0;2;5;0;0;0;0;0;0;0;0;0;0;0;0;0;0;0;0;0;0;0;0;0;0;0;0;0;0
24.11.2024;20:03;A126;1;0;0;2;2;1;1;0;0;2;3;0;0;0;0;0;0;0;0;0;0;1;33;0;0;1;9;0;0;0;0;0;0;0;0;0;0;0;0;0;0;0;0;0;0;0;0;0;0;0;0;0;0
24.11.2024;20:02;A126;1;0;0;0;0;0;0;0;0;0;0;0;0;0;0;0;0;0;0;2;4;3;8;1;0;2;14;0;0;0;0;0;0;0;0;0;0;0;0;0;0;0;0;0;0;0;0;0;0;0;0;0;0
24.11.2024;20:01;A126;1;0;0;1;2;2;1;2;1;1;2;0;2;0;0;0;0;0;0;0;0;0;0;0;0;0;0;0;0;0;0;0;0;0;0;0;0;0;0;0;0;0;0;0;0;0;0;0;0;0;0;0;0
24.11.2024;20:00;A126;1;0;0;0;0;1;0;0;0;1;2;1;2;0;0;0;0;0;0;2;4;1;5;1;4;1;6;0;0;0;0;0;0;0;0;0;0;0;0;0;0;0;0;0;0;0;0;0;0;0;0;0;0
24.11.2024;19:59;A126;1;0;0;0;0;1;0;0;0;1;2;0;0;1;5;1;7;1;12;1;31;2;42;0;0;7;45;0;0;0;0;0;0;0;0;0;0;0;0;0;0;0;0;0;0;0;0;0;0;0;0;0;0
24.11.2024;19:58;A126;1;1;1;3;10;0;0;0;0;0;0;0;0;1;0;0;0;0;0;1;18;1;18;0;0;2;26;0;0;0;0;0;0;0;0;0;0;0;0;0;0;0;0;0;0;0;0;0;0;0;0;0;0
24.11.2024;19:57;A126;1;0;0;0;0;2;43;0;0;2;8;0;0;0;0;0;0;0;0;1;1;2;2;0;0;1;9;0;0;0;0;0;0;0;0;0;0;0;0;0;0;0;0;0;0;0;0;0;0;0;0;0;0
24.11.2024;19:56;A126;1;0;0;1;2;5;6;1;0;4;12;0;0;0;0;0;0;0;0;1;1;4;6;1;6;3;21;0;0;0;0;0;0;0;0;0;0;0;0;0;0;0;0;0;0;0;0;0;0;0;0;0;0
24.11.2024;19:55;A126;1;0;0;1;2;0;0;0;0;0;0;0;0;0;0;0;0;0;0;1;0;4;28;0;0;3;23;0;0;0;0;0;0;0;0;0;0;0;0;0;0;0;0;0;0;0;0;0;0;0;0;0;0
24.11.2024;19:54;A126;1;0;0;0;0;3;2;0;0;3;6;0;0;0;0;0;0;0;0;0;0;1;1;0;0;0;1;0;0;0;0;0;0;0;0;0;0;0;0;0;0;0;0;0;0;0;0;0;0;0;0;0;0
24.11.2024;19:53;A126;1;0;0;1;1;1;0;0;0;0;0;0;0;1;1;0;0;0;0;3;4;1;0;1;5;1;3;0;0;0;0;0;0;0;0;0;0;0;0;0;0;0;0;0;0;0;0;0;0;0;0;0;0
24.11.2024;19:52;A126;1;1;1;1;1;3;31;0;0;2;31;0;0;0;0;0;0;0;0;1;2;2;36;1;15;3;17;0;0;0;0;0;0;0;0;0;0;0;0;0;0;0;0;0;0;0;0;0;0;0;0;0;0
24.11.2024;19:51;A126;1;0;0;3;13;3;23;0;0;4;18;0;0;0;0;0;0;0;0;0;0;3;25;1;2;1;10;0;0;0;0;0;0;0;0;0;0;0;0;0;0;0;0;0;0;0;0;0;0;0;0;0;0
24.11.2024;19:50;A126;1;0;0;1;1;2;1;1;0;4;4;0;0;0;0;0;0;0;0;1;1;2;5;1;1;1;10;0;0;0;0;0;0;0;0;0;0;0;0;0;0;0;0;0;0;0;0;0;0;0;0;0;0
24.11.2024;19:49;A126;1;0;0;2;4;5;30;1;36;4;15;2;15;0;0;0;0;0;0;1;30;4;53;2;8;5;54;0;0;0;0;0;0;0;0;0;0;0;0;0;0;0;0;0;0;0;0;0;0;0;0;0;0
24.11.2024;19:48;A126;1;0;0;1;2;2;3;0;0;3;7;0;0;0;0;0;0;0;0;3;2;5;19;1;13;2;24;0;0;0;0;0;0;0;0;0;0;0;0;0;0;0;0;0;0;0;0;0;0;0;0;1;1
24.11.2024;19:47;A126;1;0;0;1;4;4;3;0;0;6;11;0;0;0;0;0;0;0;0;2;2;3;5;0;0;5;13;0;0;0;0;0;0;0;0;0;0;0;0;0;0;0;0;0;0;0;0;0;0;0;0;0;0
24.11.2024;19:46;A126;1;0;0;0;5;1;1;0;0;1;3;0;0;1;6;0;0;1;1;0;27;2;35;0;0;0;32;0;0;0;0;0;0;0;0;0;0;0;0;0;0;0;0;0;0;0;0;0;0;0;0;0;0
24.11.2024;19:45;A126;1;0;0;4;31;0;0;0;0;0;0;0;0;1;1;0;0;0;0;2;12;2;9;3;12;1;20;0;0;0;0;0;0;0;0;0;0;0;0;0;0;0;0;0;0;0;0;0;0;0;0;0;0
24.11.2024;19:44;A126;1;1;0;1;1;1;1;0;0;1;2;0;0;0;14;0;0;1;1;1;34;1;1;0;0;0;0;0;0;0;0;0;0;0;0;0;0;0;0;0;0;1;1;0;0;0;0;0;0;0;0;0;0
24.11.2024;19:43;A126;1;0;0;0;0;5;16;0;0;2;25;0;0;1;7;2;4;0;0;1;1;0;11;1;6;0;0;0;0;0;0;0;0;0;0;0;0;0;0;0;0;0;0;0;0;0;0;0;0;0;0;0;0
24.11.2024;19:42;A126;1;0;0;1;2;3;31;0;0;5;33;0;0;0;0;0;0;0;0;1;3;1;18;1;11;0;0;0;0;0;0;0;0;0;0;0;0;0;0;0;0;0;0;0;0;0;0;0;0;0;0;0;0
24.11.2024;19:41;A126;1;0;0;0;0;6;5;0;0;3;14;0;0;0;0;0;0;0;0;0;0;1;1;1;1;1;3;0;0;0;0;0;0;0;0;0;0;0;0;0;0;0;0;0;0;0;0;0;0;0;0;0;0
24.11.2024;19:40;A126;1;0;0;0;0;0;0;0;0;0;0;0;0;0;0;0;0;0;0;2;2;3;3;1;4;2;12;0;0;0;0;0;0;0;0;0;0;0;0;0;0;0;0;0;0;0;0;0;0;0;0;0;0
24.11.2024;19:39;A126;1;0;0;1;1;1;35;0;0;1;4;0;0;0;0;0;0;0;0;1;3;1;3;2;8;0;0;0;0;0;0;0;0;0;0;0;0;0;0;0;0;0;0;0;0;0;0;0;0;0;0;0;0
24.11.2024;19:38;A126;1;0;0;0;0;1;0;0;0;1;1;0;0;0;0;0;0;0;0;0;0;0;0;0;0;0;0;0;0;0;0;0;0;0;0;0;0;0;0;0;0;0;0;0;0;0;0;0;0;0;0;0;0
24.11.2024;19:37;A126;1;0;0;1;3;3;34;0;0;4;7;0;0;1;25;2;4;2;1;0;0;3;3;0;0;1;9;0;0;0;0;0;0;0;0;0;0;0;0;0;0;0;0;0;0;0;0;0;0;0;0;0;0
24.11.2024;19:36;A126;1;0;0;1;1;3;7;1;1;3;9;1;3;2;3;2;5;0;0;1;1;1;1;1;4;1;5;0;0;0;0;0;0;0;0;0;0;0;0;0;0;0;0;0;0;0;0;0;0;0;0;0;0
24.11.2024;19:35;A126;1;0;0;1;1;2;5;1;2;2;7;0;0;0;0;0;0;0;0;0;0;1;8;0;0;0;9;0;0;0;0;0;0;0;0;0;0;0;0;0;0;0;0;0;0;0;0;0;0;0;0;0;0
24.11.2024;19:34;A126;1;0;0;2;4;2;43;0;0;2;10;0;0;1;1;0;0;0;0;1;36;1;10;0;36;1;24;0;0;0;0;0;0;0;0;0;0;0;0;0;0;0;0;0;0;0;0;0;0;0;0;0;0
24.11.2024;19:33;A126;1;0;0;1;1;3;25;1;0;2;8;2;1;0;0;0;0;0;0;2;6;1;0;2;9;0;0;0;0;0;0;0;0;0;0;0;0;0;0;0;0;0;0;0;0;0;0;0;0;0;0;1;1
24.11.2024;19:32;A126;1;0;0;2;4;2;24;0;0;2;6;0;0;1;16;1;6;1;0;0;0;3;32;0;0;3;46;0;0;0;0;0;0;0;0;0;0;0;0;0;0;0;0;0;0;0;0;0;0;0;0;0;0
24.11.2024;19:31;A126;1;0;0;0;0;3;2;1;0;5;5;0;0;0;0;0;0;0;0;0;0;0;0;0;0;0;0;0;0;0;0;0;0;0;0;0;0;0;0;0;0;0;0;0;0;0;0;0;0;0;0;0;0
24.11.2024;19:30;A126;1;0;0;1;1;2;31;1;31;1;7;0;5;0;0;0;0;0;0;2;3;0;0;1;13;0;0;0;0;0;0;0;0;0;0;0;0;0;0;0;0;0;0;0;0;0;0;0;0;0;0;0;0
24.11.2024;19:29;A126;1;0;0;1;1;1;0;0;0;2;3;1;0;1;16;0;2;1;0;1;8;2;23;1;6;1;5;0;0;0;0;0;0;0;0;0;0;0;0;0;0;0;0;0;0;0;0;0;0;0;0;0;0
24.11.2024;19:28;A126;1;0;0;1;1;4;7;0;0;2;18;0;0;1;0;1;1;0;0;1;22;1;7;1;9;1;9;0;0;0;0;0;0;0;0;0;0;0;0;0;0;0;0;0;0;0;0;0;0;0;0;0;0
24.11.2024;19:27;A126;1;0;0;0;0;1;1;2;19;1;2;1;4;1;1;0;0;0;0;1;13;1;0;1;5;0;0;0;0;0;0;0;0;0;0;0;0;0;0;0;0;0;0;0;0;0;0;0;0;0;0;0;0
24.11.2024;19:26;A126;1;0;0;2;5;1;1;0;0;2;3;0;0;0;0;0;0;0;0;0;0;0;0;0;0;0;0;0;0;0;0;0;0;0;0;0;0;0;0;0;0;0;0;0;0;0;0;0;0;0;0;0;0
24.11.2024;19:25;A126;1;1;0;3;4;2;7;2;37;1;2;2;4;0;0;0;0;0;0;0;0;1;1;1;7;1;12;0;0;0;0;0;0;0;0;0;0;0;0;0;0;0;0;0;0;0;0;0;0;0;0;0;0
24.11.2024;19:24;A126;1;0;0;1;3;5;4;1;2;4;13;1;7;0;0;0;0;0;0;0;0;2;2;0;0;0;4;0;0;0;0;0;0;0;0;0;0;0;0;0;0;0;0;0;0;0;0;0;0;0;0;0;0
24.11.2024;19:23;A126;1;0;0;1;2;5;11;0;0;1;35;0;0;2;4;1;10;2;1;0;0;1;3;0;0;1;8;0;0;0;0;0;0;0;0;0;0;0;0;0;0;0;0;0;0;0;0;0;0;0;0;0;0
24.11.2024;19:22;A126;1;0;0;1;1;3;18;0;0;3;21;0;0;0;0;1;8;0;0;1;12;3;21;1;1;1;23;0;0;0;0;0;0;0;0;0;0;0;0;0;0;0;0;0;0;0;0;0;0;0;0;0;0
24.11.2024;19:21;A126;1;0;0;1;4;2;19;0;0;3;26;0;0;0;0;0;0;0;0;2;17;1;0;3;10;1;32;0;0;0;0;0;0;0;0;0;0;0;0;0;0;0;0;0;0;0;0;0;0;0;0;0;0
24.11.2024;19:20;A126;1;0;0;2;4;1;0;0;2;1;3;0;0;0;0;0;0;0;0;0;0;1;0;0;0;0;0;0;0;0;0;0;0;0;0;0;0;0;0;0;0;0;0;0;0;0;0;0;0;0;0;0;0
24.11.2024;19:19;A126;1;0;0;1;4;3;3;1;24;3;7;2;3;0;0;0;0;0;0;2;4;2;3;1;16;2;10;0;0;0;0;0;0;0;0;0;0;0;0;0;0;0;0;0;0;0;0;0;0;0;0;0;0
24.11.2024;19:18;A126;1;0;0;1;5;5;13;1;1;1;28;1;2;0;0;0;0;0;0;0;0;1;0;0;0;0;0;0;0;0;0;0;0;0;0;0;0;0;0;0;0;0;0;0;0;0;0;0;0;0;0;0;0
24.11.2024;19:17;A126;1;0;0;0;0;1;0;0;0;2;28;0;0;0;0;0;0;0;0;1;1;0;0;1;5;0;0;0;0;0;0;0;0;0;0;0;0;0;0;0;0;0;0;0;0;0;0;0;0;0;0;0;0
24.11.2024;19:16;A126;1;0;0;1;0;3;2;1;0;3;8;0;0;0;0;0;0;0;0;0;0;2;41;0;0;2;14;0;0;0;0;0;0;0;0;0;0;0;0;0;0;0;0;0;0;0;0;0;0;0;0;0;0
24.11.2024;19:15;A126;1;0;0;0;0;3;3;0;0;3;7;0;0;0;0;0;0;0;0;0;0;1;1;0;0;1;7;0;0;0;0;0;0;0;0;0;0;0;0;0;0;0;0;0;0;0;0;0;0;0;0;0;0
24.11.2024;19:14;A126;1;0;0;0;0;2;34;1;0;2;4;0;0;0;1;0;0;1;0;0;0;1;1;0;0;1;6;0;0;0;0;0;0;0;0;0;0;0;0;0;0;0;0;0;0;0;0;0;0;0;0;0;0
24.11.2024;19:13;A126;1;0;0;3;6;2;12;0;0;3;9;0;0;2;41;1;5;1;0;0;0;1;14;0;0;1;5;0;0;0;0;0;0;0;0;0;0;0;0;0;0;0;0;0;0;0;0;0;0;0;0;0;0
24.11.2024;19:12;A126;1;0;0;2;2;5;19;0;0;3;27;0;0;0;0;0;0;0;0;2;39;2;27;3;47;2;13;0;0;0;0;0;0;0;0;0;0;0;0;0;0;0;0;0;0;0;0;0;0;0;0;0;0
24.11.2024;19:11;A126;1;0;0;2;2;1;29;0;0;2;3;0;0;1;1;2;3;1;0;0;0;2;3;0;0;1;6;0;0;0;0;0;0;0;0;0;0;0;0;0;0;0;0;0;0;0;0;0;0;0;0;0;0
24.11.2024;19:10;A126;1;0;0;1;2;3;22;0;0;4;8;0;0;0;0;0;0;0;0;1;1;1;4;0;0;1;6;0;0;0;0;0;0;0;0;0;0;0;0;0;0;0;0;0;0;0;0;0;0;0;0;0;0
24.11.2024;19:09;A126;1;0;13;1;1;2;1;0;0;2;5;0;0;0;0;0;0;0;0;1;1;1;29;1;6;1;7;0;0;0;0;0;0;0;0;0;0;0;0;0;0;0;0;0;0;0;0;0;0;0;0;0;0
24.11.2024;19:08;A126;1;1;5;2;9;1;38;0;0;1;4;0;0;0;0;0;0;0;0;0;0;1;35;0;0;1;8;0;0;0;0;0;0;0;0;0;0;0;0;0;0;0;0;0;0;0;0;0;0;0;0;0;0
24.11.2024;19:07;A126;1;0;0;1;1;3;3;1;2;2;5;1;10;2;25;2;13;2;2;1;1;2;33;0;0;2;14;0;0;0;0;0;0;0;0;0;0;0;0;0;0;0;0;0;0;0;0;0;0;0;0;0;0
24.11.2024;19:06;A126;1;0;0;1;2;1;0;1;1;1;2;1;2;0;0;0;0;0;0;0;0;1;1;0;0;0;0;0;0;0;0;0;0;0;0;0;0;0;0;0;0;0;0;0;0;0;0;0;0;0;0;0;0
24.11.2024;19:05;A126;1;1;2;0;0;3;2;0;0;3;5;1;5;1;10;0;6;1;0;1;1;2;1;1;5;1;3;0;0;0;0;0;0;0;0;0;0;0;0;0;0;0;0;0;0;0;0;0;0;0;0;0;0
24.11.2024;19:04;A126;1;0;0;2;4;4;12;1;19;6;14;2;4;1;0;1;0;0;0;2;3;1;3;0;0;1;7;0;0;0;0;0;0;0;0;0;0;0;0;0;0;0;0;0;0;0;0;0;0;0;0;0;0
24.11.2024;19:03;A126;1;0;0;2;6;0;7;1;1;0;0;1;5;0;0;0;0;0;0;0;8;2;15;0;0;0;19;0;0;0;0;0;0;0;0;0;0;0;0;0;0;0;0;0;0;0;0;0;0;0;0;0;0
24.11.2024;19:02;A126;1;0;0;1;3;6;25;3;3;3;22;2;6;1;26;2;5;1;0;1;15;3;24;1;7;4;32;0;0;0;0;0;0;0;0;0;0;0;0;0;0;0;0;0;0;0;0;0;0;0;0;0;0
24.11.2024;19:01;A126;1;0;0;2;4;2;17;1;16;2;5;2;3;0;0;0;0;0;0;0;0;2;2;0;0;1;5;0;0;0;0;0;0;0;0;0;0;0;0;0;0;0;0;0;0;0;0;0;0;0;0;0;0
24.11.2024;19:00;A126;1;0;0;1;1;3;3;1;0;3;8;0;0;0;0;0;0;0;0;0;0;0;0;0;0;0;0;0;0;0;0;0;0;0;0;0;0;0;0;0;0;0;0;0;0;0;0;0;0;0;0;0;0
24.11.2024;18:59;A126;1;0;0;3;9;0;0;0;0;0;0;0;0;0;0;0;0;0;0;0;0;1;52;0;0;1;8;0;0;0;0;0;0;0;0;0;0;0;0;0;0;0;0;0;0;0;0;0;0;0;0;0;0
24.11.2024;18:58;A126;1;1;27;3;10;5;9;0;0;3;12;0;0;1;0;0;0;0;0;0;0;3;21;0;0;4;25;0;0;0;0;0;0;0;0;0;0;0;0;0;0;0;0;0;0;0;0;0;0;0;0;0;0
24.11.2024;18:57;A126;1;0;0;1;2;2;38;1;0;4;41;0;0;1;0;0;0;0;0;1;2;3;8;0;0;3;16;0;0;0;0;0;0;0;0;0;0;0;0;0;0;0;0;0;0;0;0;0;0;0;0;0;0
24.11.2024;18:56;A126;1;0;0;1;1;4;33;0;0;2;45;0;0;1;1;0;0;0;0;0;0;0;0;0;0;0;0;0;0;0;0;0;0;0;0;0;0;0;0;0;0;0;0;0;0;0;0;0;0;0;0;0;0
24.11.2024;18:55;A126;1;0;0;2;3;4;59;0;0;3;58;0;0;0;0;0;0;0;0;2;2;1;1;1;9;0;0;0;0;0;0;0;0;0;0;0;0;0;0;0;0;0;0;0;0;0;0;0;0;0;0;0;0
24.11.2024;18:54;A126;1;0;0;3;10;1;6;0;0;1;8;0;0;1;7;1;8;1;0;0;0;1;1;0;0;0;5;0;0;0;0;0;0;0;0;0;0;0;0;0;0;0;0;0;0;0;0;0;0;0;0;0;0
24.11.2024;18:53;A126;1;0;0;2;5;3;17;0;0;3;9;0;0;0;0;0;0;0;0;1;0;2;3;0;0;3;12;0;0;0;0;0;0;0;0;0;0;0;0;0;0;0;0;0;0;0;0;0;0;0;0;0;0
24.11.2024;18:52;A126;1;0;0;2;3;4;42;2;1;6;39;0;0;0;0;0;0;0;0;0;0;2;4;0;0;3;11;0;0;0;0;0;0;0;0;0;0;0;0;0;0;0;0;0;0;0;0;0;0;0;0;0;0
24.11.2024;18:51;A126;1;0;0;1;2;1;13;0;0;1;5;0;0;0;0;0;0;0;0;0;0;1;1;0;0;2;8;0;0;0;0;0;0;0;0;0;0;0;0;0;0;0;0;0;0;0;0;0;0;0;0;0;0
24.11.2024;18:50;A126;1;0;0;1;2;5;31;0;0;3;39;0;0;0;0;0;0;0;0;0;0;0;0;0;0;0;0;0;0;0;0;0;0;0;0;0;0;0;0;0;0;0;0;0;0;0;0;0;0;0;0;0;0
24.11.2024;18:49;A126;1;0;0;1;5;0;0;0;0;1;6;0;0;0;0;0;0;0;0;1;2;1;1;2;7;0;2;0;0;0;0;0;0;0;0;0;0;0;0;0;0;0;0;0;0;0;0;0;0;0;0;0;0
24.11.2024;18:48;A126;1;0;0;1;1;4;4;0;0;5;10;0;0;0;0;0;0;0;0;1;1;3;26;0;0;2;25;0;0;0;0;0;0;0;0;0;0;0;0;0;0;0;0;0;0;0;0;0;0;0;0;0;0
24.11.2024;18:47;A126;1;0;0;1;2;1;2;0;0;2;4;0;0;0;0;0;0;0;0;0;0;1;4;0;0;1;16;0;0;0;0;0;0;0;0;0;0;0;0;0;0;0;0;0;0;0;0;0;0;0;0;0;0
24.11.2024;18:46;A126;1;0;0;1;1;4;3;1;1;4;9;1;5;0;0;0;0;0;0;1;2;0;0;1;0;0;0;0;0;0;0;0;0;0;0;0;0;0;0;0;0;0;0;0;0;0;0;0;0;0;0;0;0
24.11.2024;18:45;A126;1;0;0;1;2;5;11;0;0;5;20;0;0;1;1;1;4;1;0;0;0;1;1;0;0;2;3;0;0;0;0;0;0;0;0;0;0;0;0;0;0;0;0;0;0;0;0;0;0;0;0;0;0
24.11.2024;18:44;A126;1;0;0;3;4;1;1;0;0;1;3;0;0;0;0;0;0;0;0;1;2;3;11;0;0;0;10;0;0;0;0;0;0;0;0;0;0;0;0;0;0;0;0;0;0;0;0;0;0;0;0;0;0
24.11.2024;18:43;A126;1;0;0;0;0;2;52;0;0;4;38;0;0;1;30;1;5;2;32;1;16;1;34;1;15;2;13;0;0;0;0;0;0;0;0;0;0;0;0;0;0;0;0;0;0;0;0;0;0;0;0;0;0
24.11.2024;18:42;A126;1;0;0;1;1;2;8;0;0;4;6;0;0;0;0;0;0;0;0;1;1;0;0;1;5;0;0;0;0;0;0;0;0;0;0;0;0;0;0;0;0;0;0;0;0;0;0;0;0;0;0;0;0
24.11.2024;18:41;A126;1;0;0;1;3;0;0;0;0;0;0;0;0;1;1;1;6;1;0;0;0;2;2;0;0;4;13;0;0;0;0;0;0;0;0;0;0;0;0;0;0;0;0;0;0;0;0;0;0;0;0;0;0
24.11.2024;18:40;A126;1;0;0;2;5;3;44;0;0;2;51;0;0;0;0;0;0;0;0;3;19;4;46;3;27;1;46;0;0;0;0;0;0;0;0;0;0;0;0;0;0;0;0;0;0;0;0;0;0;0;0;0;0
24.11.2024;18:39;A126;1;0;0;1;3;3;26;2;1;5;44;0;0;0;0;0;0;0;0;0;0;2;3;0;0;2;11;0;0;0;0;0;0;0;0;0;0;0;0;0;0;0;0;0;0;0;0;0;0;0;0;0;0
24.11.2024;18:38;A126;1;0;0;1;2;4;5;1;0;5;6;0;0;0;0;0;0;0;0;1;1;4;4;1;7;2;7;0;0;0;0;0;0;0;0;0;0;0;0;0;0;0;0;0;0;0;0;0;0;0;0;0;0
24.11.2024;18:37;A126;1;1;1;1;1;2;46;0;0;4;48;0;0;0;0;0;0;0;0;2;35;3;32;1;27;1;6;0;0;0;0;0;0;0;0;0;0;0;0;0;0;0;0;0;0;0;0;0;0;0;0;0;0
24.11.2024;18:36;A126;1;0;0;1;2;1;15;0;0;2;12;0;0;0;0;0;0;0;0;1;0;1;4;0;0;2;10;0;0;0;0;0;0;0;0;0;0;0;0;0;0;0;0;0;0;0;0;0;0;0;0;0;0
24.11.2024;18:35;A126;1;0;0;2;5;1;28;0;0;2;3;0;0;0;0;0;0;0;0;1;3;1;15;1;6;2;15;0;0;0;0;0;0;0;0;0;0;0;0;0;0;0;0;0;0;0;0;0;0;0;0;0;0
24.11.2024;18:34;A126;1;0;0;2;5;4;3;0;0;4;8;0;0;0;0;0;0;0;0;2;3;4;12;1;7;1;18;0;0;0;0;0;0;0;0;0;0;0;0;0;0;0;0;0;0;0;0;0;0;0;0;0;0
24.11.2024;18:33;A126;1;0;0;1;3;1;0;0;0;1;2;0;0;0;0;0;0;0;0;0;0;3;28;0;0;4;42;0;0;0;0;0;0;0;0;0;0;0;0;0;0;0;0;0;0;0;0;0;0;0;0;0;0
24.11.2024;18:32;A126;1;0;0;1;1;0;0;0;0;0;0;0;0;1;1;0;0;0;0;2;21;1;2;2;30;1;7;0;0;0;0;0;0;0;0;0;0;0;0;0;0;0;0;0;0;0;0;0;0;0;0;0;0
24.11.2024;18:31;A126;1;0;0;5;10;2;2;1;1;2;5;2;2;1;11;0;0;1;0;0;0;2;25;0;0;2;20;0;0;0;0;0;0;0;0;0;0;0;0;0;0;0;0;0;0;0;0;0;0;0;0;0;0
24.11.2024;18:30;A126;1;0;0;0;0;4;18;0;0;5;14;0;0;0;0;0;0;0;0;0;0;0;0;0;0;1;1;0;0;0;0;0;0;0;0;0;0;0;0;0;0;0;0;0;0;0;0;0;0;0;0;0;0
24.11.2024;18:29;A126;1;0;0;2;3;2;2;1;3;3;5;1;3;1;0;0;0;0;0;1;30;0;0;1;7;0;0;0;0;0;0;0;0;0;0;0;0;0;0;0;0;0;0;0;0;0;0;0;0;0;0;0;0
24.11.2024;18:28;A126;1;0;0;0;0;2;1;1;0;2;3;0;0;0;0;0;0;0;0;0;0;4;5;1;10;2;20;0;0;0;0;0;0;0;0;0;0;0;0;0;0;0;0;0;0;0;0;0;0;0;0;0;0
24.11.2024;18:27;A126;1;0;0;2;2;1;21;0;0;2;4;0;0;1;2;1;4;1;0;0;0;0;0;0;0;0;0;0;0;0;0;0;0;0;0;0;0;0;0;0;0;0;0;0;0;0;0;0;0;0;0;0;0
24.11.2024;18:26;A126;1;0;0;3;11;4;4;0;0;3;11;0;0;0;0;0;0;0;0;1;1;4;3;2;1;2;9;0;0;0;0;0;0;0;0;0;0;0;0;0;0;0;0;0;0;0;0;0;0;0;0;0;0
24.11.2024;18:25;A126;1;0;0;1;3;2;3;0;0;3;6;0;0;1;2;2;6;1;0;2;3;0;0;0;0;0;0;0;0;0;0;0;0;0;0;0;0;0;0;0;0;0;0;0;0;0;0;0;0;0;0;0;0
24.11.2024;18:24;A126;1;0;0;1;1;1;0;2;3;1;2;2;7;1;5;0;0;1;1;0;0;4;12;0;0;2;23;0;0;0;0;0;0;0;0;0;0;0;0;0;0;0;0;0;0;0;0;0;0;0;0;0;0
24.11.2024;18:23;A126;1;0;0;1;2;3;2;1;2;4;5;1;6;1;12;1;4;0;0;0;0;3;11;0;0;1;12;0;0;0;0;0;0;0;0;0;0;0;0;0;0;0;0;0;0;0;0;0;0;0;0;0;0
24.11.2024;18:22;A126;1;0;0;0;0;0;0;1;14;0;0;0;1;2;3;0;0;1;0;0;0;1;21;0;0;2;4;0;0;0;0;0;0;0;0;0;0;0;0;0;0;0;0;0;0;0;0;0;0;0;0;0;0
24.11.2024;18:21;A126;1;0;0;1;1;2;1;0;0;2;3;1;3;0;0;0;0;0;0;1;2;2;17;0;0;2;5;0;0;0;0;0;0;0;0;0;0;0;0;0;0;0;0;0;0;0;0;0;0;0;0;0;0
24.11.2024;18:20;A126;1;0;0;0;0;1;1;0;0;1;3;0;0;0;0;0;0;0;0;0;0;1;1;0;0;1;7;0;0;0;0;0;0;0;0;0;0;0;0;0;0;0;0;0;0;0;0;0;0;0;0;0;0
24.11.2024;18:19;A126;1;0;0;0;0;3;6;3;2;3;11;0;0;1;12;2;4;1;1;0;0;3;4;1;0;3;16;0;0;0;0;0;0;0;0;0;0;0;0;0;0;0;0;0;0;0;0;0;0;0;0;0;0
24.11.2024;18:18;A126;1;0;0;0;0;2;39;0;0;1;4;0;0;0;0;0;0;0;0;0;0;2;2;0;0;2;11;0;0;0;0;0;0;0;0;0;0;0;0;0;0;0;0;0;0;0;0;0;0;0;0;0;0
24.11.2024;18:17;A126;1;0;0;0;0;2;11;0;0;4;7;0;0;2;2;1;3;1;0;0;0;2;26;0;0;1;5;0;0;0;0;0;0;0;0;0;0;0;0;0;0;0;0;0;0;0;0;0;0;0;0;0;0
24.11.2024;18:16;A126;1;1;33;1;5;1;1;1;0;1;3;0;0;1;12;1;3;1;1;1;1;0;0;2;3;0;0;0;0;0;0;0;0;0;0;0;0;0;0;0;0;0;0;0;0;0;0;0;0;0;0;0;0
24.11.2024;18:15;A126;1;0;0;1;1;5;44;0;0;4;16;0;0;0;0;0;0;0;0;0;0;1;43;0;0;1;6;0;0;0;0;0;0;0;0;0;0;0;0;0;0;0;0;0;0;0;0;0;0;0;0;0;0
24.11.2024;18:14;A126;1;1;1;1;2;6;47;1;45;5;57;1;3;1;2;0;0;1;0;2;17;3;37;1;12;3;17;0;0;0;0;0;0;0;0;0;0;0;0;0;0;0;0;0;0;0;0;0;0;0;0;0;0
24.11.2024;18:13;A126;1;0;0;1;3;1;39;1;7;1;8;1;7;2;1;4;9;1;0;1;28;4;49;1;3;2;51;0;0;0;0;0;0;0;0;0;0;0;0;0;0;0;0;0;0;0;0;0;0;0;0;0;0
24.11.2024;18:12;A126;1;1;0;5;9;4;5;0;0;2;7;0;0;1;29;1;6;1;0;3;35;1;14;2;27;0;12;0;0;0;0;0;0;0;0;0;0;0;0;0;0;0;0;0;0;0;0;0;0;0;0;0;0
24.11.2024;18:11;A126;1;0;0;2;3;2;10;1;34;1;2;3;14;1;1;0;0;1;0;1;17;3;53;2;10;5;40;0;0;0;0;0;0;0;0;0;0;0;0;0;0;0;0;0;0;0;0;0;0;0;0;0;0
24.11.2024;18:10;A126;1;0;0;0;0;0;0;1;10;0;0;2;3;1;22;1;2;1;0;2;0;3;13;1;5;3;17;0;0;0;0;0;0;0;0;0;0;0;0;0;0;0;0;0;0;0;0;0;0;0;0;0;0
24.11.2024;18:09;A126;1;0;0;1;0;3;41;0;0;4;18;0;0;1;4;1;6;1;1;1;1;3;28;2;12;4;21;0;0;0;0;0;0;0;0;0;0;0;0;0;0;0;0;0;0;0;0;0;0;0;0;0;0
24.11.2024;18:08;A126;1;0;0;2;6;1;37;0;40;1;2;0;0;1;2;0;0;1;1;2;30;1;38;1;10;1;37;0;0;0;0;0;0;0;0;0;0;0;0;0;0;0;0;0;0;0;0;0;0;0;0;0;0
24.11.2024;18:07;A126;1;0;0;0;0;2;41;1;1;4;8;3;5;2;6;3;9;1;16;1;2;1;6;0;0;1;9;0;0;0;0;0;0;0;0;0;0;0;0;0;0;0;0;0;0;0;0;0;0;0;0;0;0
24.11.2024;18:06;A126;1;0;0;1;1;3;6;1;2;2;12;2;5;0;0;0;0;0;0;4;5;1;19;2;10;0;8;0;0;0;0;0;0;0;0;0;0;0;0;0;0;0;0;0;0;0;0;0;0;0;0;0;0
24.11.2024;18:05;A126;1;0;0;1;6;2;6;1;0;4;41;1;2;1;1;1;1;1;0;1;0;2;2;1;7;2;7;0;0;1;1;0;0;0;0;0;0;0;0;0;0;0;0;0;0;0;0;0;0;0;0;0;0
24.11.2024;18:04;A126;1;1;28;4;15;2;14;0;0;1;14;0;0;2;2;2;16;2;1;0;0;0;0;0;0;0;0;0;0;0;0;0;0;0;0;0;0;0;0;0;0;0;0;0;0;0;0;0;0;0;0;0;0
24.11.2024;18:03;A126;1;0;0;1;1;2;2;2;1;2;2;1;4;2;3;0;0;0;0;1;24;4;23;0;0;1;10;0;0;0;0;0;0;1;1;0;0;0;0;0;0;0;0;0;0;0;0;0;0;0;0;0;0
24.11.2024;18:02;A126;1;0;0;3;4;5;22;0;0;7;32;0;0;1;1;1;4;1;0;2;44;3;45;1;51;4;46;0;0;0;0;0;0;0;0;0;0;0;0;0;0;0;0;0;0;0;0;0;0;0;0;0;0
24.11.2024;18:01;A126;1;0;0;1;1;0;0;0;0;0;0;0;0;0;0;0;0;0;0;0;0;4;30;0;0;2;35;0;0;0;0;0;0;0;0;0;0;0;0;0;0;0;0;0;0;0;0;0;0;0;0;0;0
24.11.2024;18:00;A126;1;0;0;1;0;5;34;0;0;6;11;0;0;0;3;0;0;1;1;0;0;0;0;0;0;0;0;0;0;0;0;0;0;0;0;0;0;0;0;0;0;0;0;0;0;0;0;0;0;0;0;0;0
24.11.2024;17:59;A126;1;0;0;1;2;3;20;1;2;3;10;1;3;3;18;1;11;2;1;2;18;7;22;3;21;4;44;0;0;0;0;0;0;0;0;0;0;0;0;0;0;0;0;0;0;0;0;0;0;0;0;0;0
24.11.2024;17:58;A126;1;0;0;1;1;4;27;0;0;5;10;0;0;2;39;3;25;1;0;1;2;1;2;0;3;0;0;0;0;0;0;0;0;0;0;0;0;0;0;0;0;0;0;0;0;0;0;0;0;0;0;0;0
24.11.2024;17:57;A126;1;1;0;3;6;2;2;0;0;3;6;0;0;0;0;0;0;0;0;3;3;1;0;1;4;3;12;0;0;0;0;0;0;0;0;0;0;0;0;0;0;0;0;0;0;0;0;0;0;0;0;0;0
24.11.2024;17:56;A126;1;0;0;2;7;6;55;1;0;1;34;0;0;1;35;1;5;1;0;1;1;1;0;1;7;0;0;0;0;0;0;0;0;0;0;0;0;0;0;0;0;0;0;0;0;0;0;0;0;0;0;0;0
24.11.2024;17:55;A126;1;1;0;1;1;3;9;0;0;1;35;0;0;0;0;0;0;0;0;2;3;1;1;1;10;2;4;0;0;0;0;0;0;0;0;0;0;0;0;0;0;0;0;0;0;0;0;0;0;0;0;0;0
24.11.2024;17:54;A126;1;0;0;0;0;6;9;0;0;6;22;0;0;1;0;0;0;0;0;1;0;1;0;0;0;0;0;0;0;0;0;0;0;0;0;0;0;0;0;0;0;0;0;0;0;0;0;0;0;0;0;0;0
24.11.2024;17:53;A126;1;1;31;1;4;4;18;0;2;5;13;0;0;0;29;0;0;1;0;0;0;2;41;0;0;1;48;0;0;0;0;0;0;0;0;0;0;0;0;0;0;0;0;0;0;0;0;0;0;0;0;0;0
24.11.2024;17:52;A126;1;0;0;1;1;4;15;2;12;7;12;2;5;3;22;2;16;2;13;1;1;4;5;0;0;1;19;0;0;0;0;0;0;0;0;0;0;0;0;0;0;0;0;0;0;0;0;0;0;0;0;0;0
24.11.2024;17:51;A126;1;1;20;1;5;3;20;0;0;1;30;0;0;0;0;0;0;0;0;0;0;2;54;0;0;1;50;0;0;0;0;0;0;0;0;0;0;0;0;0;0;0;0;0;0;0;0;0;0;0;0;0;0
24.11.2024;17:50;A126;1;0;0;3;3;1;10;0;0;1;2;0;0;1;1;0;0;0;0;1;1;3;4;0;0;3;17;0;0;0;0;0;0;0;0;0;0;0;0;0;0;0;0;0;0;0;0;0;0;0;0;0;0
24.11.2024;17:49;A126;1;1;10;1;5;2;14;1;29;3;6;2;3;1;1;1;6;1;0;2;21;3;7;0;26;0;0;0;0;0;0;0;0;0;0;0;0;0;0;0;0;0;0;0;0;0;0;0;0;0;0;0;0
24.11.2024;17:48;A126;1;1;5;4;14;2;44;0;0;1;27;0;0;2;7;1;5;1;0;1;24;2;33;4;32;1;12;0;0;0;0;0;0;0;0;0;0;0;0;0;0;0;0;0;0;0;0;0;0;0;0;0;0
24.11.2024;17:47;A126;1;1;25;0;60;7;61;0;0;5;70;0;0;0;0;0;0;0;0;0;0;3;78;0;0;2;18;0;0;0;0;0;0;0;0;0;0;0;0;0;0;0;0;0;0;0;0;0;0;0;0;0;0
24.11.2024;17:46;A126;1;0;0;1;97;1;24;0;0;3;18;0;0;0;0;0;0;0;0;1;1;2;35;0;0;2;19;0;0;0;0;0;0;0;0;0;0;0;0;0;0;0;0;0;0;0;0;0;0;0;0;0;0
24.11.2024;17:45;A126;1;0;0;0;0;2;37;1;1;2;33;1;2;2;5;0;0;1;0;1;1;0;0;0;0;0;0;0;0;0;0;0;0;0;0;0;0;0;0;0;0;0;0;0;0;0;0;0;0;0;0;0;0
24.11.2024;17:44;A126;1;0;0;2;2;0;0;0;0;1;4;0;0;0;0;0;0;0;0;0;0;2;26;0;0;4;17;0;0;0;0;0;0;0;0;0;0;0;0;0;0;0;0;0;0;0;0;0;0;0;0;0;0
24.11.2024;17:43;A126;1;0;0;2;4;2;36;1;33;1;6;2;4;0;0;0;0;0;0;1;0;0;6;0;0;0;0;0;0;0;0;0;0;0;0;0;0;0;0;0;0;0;0;0;0;0;0;0;0;0;0;0;0
24.11.2024;17:42;A126;1;0;0;2;3;4;29;1;8;8;16;2;6;2;2;0;0;0;0;3;23;5;39;0;1;2;44;0;0;0;0;0;0;0;0;0;0;0;0;0;0;0;0;0;0;0;0;0;0;0;0;0;0
24.11.2024;17:41;A126;1;1;0;1;6;3;48;0;0;4;27;0;0;3;32;1;17;2;1;0;0;0;0;1;4;0;0;0;0;0;0;0;0;0;0;0;0;0;0;0;0;0;0;0;0;0;0;0;0;0;0;0;0
24.11.2024;17:40;A126;1;0;0;2;3;3;3;2;3;2;8;3;6;2;3;0;0;0;0;3;24;7;44;3;22;2;56;0;0;0;0;0;0;0;0;0;0;0;0;0;0;0;0;0;0;0;0;0;0;0;0;0;0
24.11.2024;17:39;A126;1;0;0;4;10;4;12;1;1;2;33;2;4;2;4;1;5;2;2;0;0;2;2;0;0;1;7;0;0;0;0;0;0;0;0;0;0;0;0;0;0;0;0;0;0;0;0;0;0;0;0;0;0
24.11.2024;17:38;A126;1;1;7;1;11;4;8;0;0;2;62;0;0;2;22;0;0;1;2;1;1;4;23;0;0;4;31;0;0;0;0;0;0;0;0;0;0;0;0;0;0;0;0;0;0;0;0;0;0;0;0;1;1
24.11.2024;17:37;A126;1;0;0;1;1;1;1;0;4;2;3;0;0;2;2;2;7;1;0;2;34;3;44;1;4;4;34;0;0;0;0;0;0;0;0;0;0;0;0;0;0;0;0;0;0;0;0;0;0;0;0;0;0
24.11.2024;17:36;A126;1;0;0;2;5;1;1;1;5;1;4;1;3;0;0;0;0;0;0;0;0;5;16;0;0;1;34;0;0;0;0;0;0;0;0;0;0;0;0;0;0;0;0;0;0;0;0;0;0;0;0;0;0
24.11.2024;17:35;A126;1;0;0;2;3;3;5;0;0;0;8;0;0;2;3;0;0;1;1;1;0;2;5;0;0;1;4;0;0;0;0;0;0;0;0;0;0;0;0;0;0;0;0;0;0;0;0;0;0;0;0;0;0
24.11.2024;17:34;A126;1;0;0;2;7;5;53;0;0;4;61;0;0;1;2;3;9;2;1;2;39;1;25;2;1;2;14;0;0;0;0;0;0;0;0;0;0;0;0;0;0;1;1;1;1;0;0;0;0;0;0;0;0
24.11.2024;17:33;A126;1;0;0;2;4;1;15;0;0;3;9;0;0;0;0;0;0;0;0;1;10;1;13;3;11;1;17;0;0;0;0;0;0;0;0;0;0;0;0;0;0;0;0;0;0;0;0;0;0;0;0;0;0
24.11.2024;17:32;A126;1;1;0;0;0;1;0;0;0;1;1;0;0;0;0;0;0;0;0;1;1;4;4;1;6;4;16;0;0;0;0;0;0;0;0;0;0;0;0;0;0;0;0;0;0;0;0;0;0;0;0;0;0
24.11.2024;17:31;A126;1;0;0;0;0;3;6;0;0;2;8;0;0;0;0;0;0;0;0;1;7;3;22;1;8;2;13;0;0;0;0;0;0;0;0;0;0;0;0;0;0;0;0;0;0;0;0;0;0;0;0;0;0
24.11.2024;17:30;A126;1;0;0;4;8;2;35;0;0;5;16;0;0;0;0;0;0;0;0;1;11;2;6;1;8;2;16;0;0;0;0;0;0;0;0;0;0;0;0;0;0;0;0;0;0;0;0;0;0;0;0;0;0
24.11.2024;17:29;A126;1;0;0;0;0;6;7;0;0;6;11;0;0;0;0;0;0;0;0;1;1;4;5;0;0;3;20;0;0;0;0;0;0;0;0;0;0;0;0;0;0;0;0;0;0;0;0;0;0;0;0;0;0
24.11.2024;17:28;A126;1;0;0;1;1;5;50;1;20;6;63;2;4;1;1;0;0;0;0;0;28;0;0;0;0;0;0;0;0;0;0;0;0;0;0;0;0;0;0;0;0;0;0;0;0;0;0;0;0;0;0;0;0
24.11.2024;17:27;A126;1;0;0;1;3;4;28;0;22;4;33;0;0;0;0;0;0;0;0;3;13;2;3;2;2;2;7;0;0;0;0;0;0;0;0;0;0;0;0;0;0;0;0;0;0;0;0;0;0;0;0;0;0
24.11.2024;17:26;A126;1;1;2;3;9;5;17;1;17;5;30;1;4;0;0;0;0;0;0;1;1;1;1;1;1;0;0;0;0;0;0;0;0;0;0;0;0;0;0;0;0;0;0;0;0;0;0;0;0;0;0;0;0
24.11.2024;17:25;A126;1;0;0;2;4;5;44;1;2;4;32;2;16;1;1;2;4;1;0;1;1;2;2;0;0;1;5;0;0;0;0;0;0;0;0;0;0;0;0;0;0;0;0;0;0;0;0;0;0;0;0;0;0
24.11.2024;17:24;A126;1;0;0;1;2;3;2;0;0;3;4;0;0;0;0;0;0;0;0;2;3;2;1;1;6;1;4;0;0;0;0;0;0;0;0;0;0;0;0;0;0;0;0;0;0;0;0;0;0;0;0;0;0
24.11.2024;17:23;A126;1;1;1;2;7;7;9;1;0;6;26;0;0;1;2;1;3;1;2;0;0;1;0;0;0;0;0;0;0;0;0;0;0;0;0;0;0;0;0;0;0;0;0;0;0;0;0;0;0;0;0;0;0
24.11.2024;17:22;A126;1;0;0;2;6;6;41;1;2;5;48;1;3;2;12;1;7;1;0;2;12;2;8;2;18;1;14;0;0;0;0;0;0;0;0;0;0;0;0;0;0;0;0;0;0;0;0;0;0;0;0;0;0
24.11.2024;17:21;A126;1;0;0;1;2;0;0;0;0;0;0;0;0;0;0;0;0;0;0;2;43;1;27;4;33;1;8;0;0;0;0;0;0;0;0;0;0;0;0;0;0;0;0;0;0;0;0;0;0;0;0;0;0
24.11.2024;17:20;A126;1;0;0;2;4;4;48;0;1;5;54;0;0;1;3;1;6;1;1;0;0;4;6;0;0;1;17;0;0;0;0;0;0;0;0;0;0;0;0;0;0;0;0;0;0;0;0;0;0;0;0;0;0
24.11.2024;17:19;A126;1;2;6;3;7;6;48;1;0;5;59;2;3;1;8;1;9;1;0;1;15;1;14;1;12;1;0;0;0;0;0;0;0;0;0;0;0;0;0;0;0;0;0;0;0;0;0;0;0;0;0;0;0
24.11.2024;17:18;A126;1;0;0;2;6;6;28;1;1;9;21;1;7;1;0;0;0;0;0;4;17;1;1;1;16;0;0;0;0;0;0;0;0;0;0;0;0;0;0;0;0;0;0;0;0;0;0;0;0;0;0;0;0
24.11.2024;17:17;A126;1;0;0;1;2;1;5;1;19;1;3;1;16;2;3;3;10;2;1;2;40;1;1;2;49;2;1;0;0;0;0;0;0;0;0;0;0;0;0;0;0;0;0;0;0;0;0;0;0;0;0;0;0
24.11.2024;17:16;A126;1;0;0;1;2;2;21;1;15;2;7;1;7;1;26;1;16;2;1;0;0;3;19;0;0;1;29;0;0;0;0;0;0;0;0;0;0;0;0;0;0;0;0;0;0;0;0;0;0;0;0;0;0
24.11.2024;17:15;A126;1;0;0;3;5;5;38;1;3;3;35;1;7;2;21;1;2;0;0;2;9;3;31;1;2;5;23;0;0;1;1;1;1;0;0;0;0;0;0;0;0;0;0;0;0;0;0;0;0;0;0;0;0
24.11.2024;17:14;A126;1;0;0;2;3;2;6;1;1;2;6;2;2;0;0;0;0;0;0;0;0;1;0;0;0;1;6;0;0;0;0;0;0;0;0;0;0;0;0;0;0;0;0;0;0;0;0;0;0;0;0;0;0
24.11.2024;17:13;A126;1;0;0;3;20;0;0;3;46;0;0;5;16;2;4;1;10;1;1;0;0;2;1;0;0;2;3;0;0;0;0;0;0;0;0;0;0;0;0;0;0;0;0;0;0;0;0;0;0;0;0;0;0
24.11.2024;17:12;A126;1;0;0;2;4;0;0;0;0;0;0;0;0;1;17;1;9;1;0;1;1;2;8;0;0;2;21;0;0;0;0;0;0;0;0;0;0;0;0;0;0;0;0;0;0;0;0;0;0;0;0;0;0
24.11.2024;17:11;A126;1;0;0;3;7;1;0;3;3;1;2;4;5;2;0;0;0;0;0;2;1;3;2;1;0;2;12;0;0;0;0;0;0;0;0;0;0;0;0;0;0;0;0;0;0;0;0;0;0;0;0;0;0
24.11.2024;17:10;A126;1;0;0;1;0;5;28;0;0;3;14;0;0;0;0;0;0;0;0;1;43;4;20;4;34;4;61;0;0;0;0;0;0;0;0;0;0;0;0;0;0;0;0;0;0;0;0;0;0;0;0;0;0
24.11.2024;17:09;A126;1;0;0;2;4;2;43;1;18;3;34;0;18;2;1;2;6;2;1;1;32;2;30;4;32;2;38;0;0;0;0;0;0;0;0;0;0;0;0;0;0;0;0;0;0;0;0;0;0;0;0;0;0
24.11.2024;17:08;A126;1;0;0;3;5;5;27;1;8;5;19;1;15;2;4;1;3;1;27;1;9;1;18;2;25;4;9;0;0;0;0;0;0;0;0;0;0;0;0;0;0;0;0;0;0;0;0;0;0;0;0;0;0
24.11.2024;17:07;A126;1;0;0;1;1;1;2;0;0;1;37;0;0;0;0;0;0;0;0;1;1;1;1;0;0;1;3;0;0;0;0;0;0;0;0;0;0;0;0;0;0;0;0;0;0;0;0;0;0;0;0;0;0
24.11.2024;17:06;A126;1;0;0;0;0;1;0;0;0;1;1;0;0;0;0;0;0;0;0;0;0;0;0;0;0;0;0;0;0;0;0;0;0;0;0;0;0;0;0;0;0;0;0;0;0;0;0;0;0;0;0;0;0
24.11.2024;17:05;A126;1;0;0;2;4;3;6;1;14;2;13;2;15;1;1;2;17;1;0;0;0;2;29;0;0;0;17;0;0;1;1;0;0;1;1;0;0;0;0;0;0;1;1;1;1;0;0;0;0;0;0;0;0
24.11.2024;17:04;A126;1;0;0;1;1;2;2;1;9;3;9;1;6;2;2;2;8;2;1;1;1;1;33;1;13;1;43;0;0;0;0;0;0;0;0;0;0;0;0;0;0;0;0;0;0;0;0;0;0;0;0;0;0
24.11.2024;17:03;A126;1;1;9;1;9;4;39;0;0;7;32;0;0;2;3;1;5;1;8;1;26;6;63;1;2;2;77;0;0;0;0;0;0;0;0;0;0;0;0;0;0;1;1;0;0;0;0;0;0;0;0;0;0
24.11.2024;17:02;A126;1;1;16;3;10;3;3;0;0;4;25;0;0;1;0;0;0;0;0;0;0;1;1;0;0;2;3;0;0;0;0;0;0;0;0;0;0;0;0;0;0;0;0;0;0;0;0;0;0;0;0;0;0
24.11.2024;17:01;A126;1;0;0;0;0;6;6;0;0;9;14;0;0;0;0;0;0;0;0;0;0;3;7;0;0;1;15;0;0;0;0;0;0;0;0;0;0;0;0;0;0;0;0;0;0;0;0;0;0;0;0;0;0
24.11.2024;17:00;A126;1;1;1;2;4;0;0;0;0;0;0;0;0;0;0;0;0;0;0;3;4;4;7;3;8;6;32;0;0;0;0;0;0;0;0;0;0;0;0;0;0;0;0;0;0;0;0;0;0;0;0;0;0
24.11.2024;16:59;A126;1;0;0;0;0;1;1;0;0;1;4;0;0;0;0;0;0;0;0;2;52;2;38;1;29;0;47;0;0;0;0;0;0;0;0;0;0;0;0;0;0;0;0;0;0;0;0;0;0;0;0;0;0
24.11.2024;16:58;A126;1;0;0;2;3;4;14;0;0;5;14;0;0;1;16;0;3;1;0;0;0;1;0;0;0;1;1;0;0;0;0;0;0;0;0;0;0;0;0;0;0;0;0;0;0;0;0;0;0;0;0;0;0
24.11.2024;16:57;A126;1;1;1;0;0;5;13;0;0;4;20;0;0;0;0;1;5;0;0;1;3;1;1;0;3;0;0;0;0;0;0;0;0;0;0;0;0;0;0;0;0;0;0;0;0;0;0;0;0;0;0;0;0
24.11.2024;16:56;A126;1;0;0;0;0;3;25;0;0;1;28;0;0;1;32;1;5;1;2;3;26;1;29;2;49;0;0;0;0;0;0;0;0;0;0;0;0;0;0;0;0;0;0;0;0;0;0;0;0;0;0;0;0
24.11.2024;16:55;A126;1;0;0;3;6;5;21;0;0;9;41;0;0;2;1;1;9;0;0;2;2;1;1;2;13;1;8;0;0;0;0;0;0;0;0;0;0;0;0;0;0;0;0;0;0;0;0;0;0;0;0;0;0
24.11.2024;16:54;A126;1;1;11;2;11;3;41;0;0;4;14;0;0;0;0;0;0;0;0;0;0;2;25;0;0;2;11;0;0;0;0;0;0;0;0;0;0;0;0;0;0;0;0;1;1;0;0;0;0;0;0;0;0
24.11.2024;16:53;A126;1;0;0;3;7;2;1;0;0;2;3;0;0;0;0;0;0;0;0;0;0;0;0;0;0;1;3;0;0;0;0;0;0;0;0;0;0;0;0;0;0;0;0;0;0;0;0;0;0;0;0;0;0
24.11.2024;16:52;A126;1;0;0;2;2;4;13;1;1;2;18;2;2;1;1;0;0;0;0;1;6;5;29;1;10;2;29;0;0;0;0;0;0;0;0;0;0;0;0;0;0;0;0;0;0;0;0;0;0;0;0;0;0
24.11.2024;16:51;A126;1;0;0;1;2;1;28;0;0;2;32;0;0;3;2;4;8;3;2;1;16;1;16;0;0;1;25;0;0;0;0;0;0;0;0;0;0;0;0;0;0;0;0;0;0;0;0;0;0;0;0;0;0
24.11.2024;16:50;A126;1;0;0;3;6;1;1;0;0;2;3;0;0;1;0;0;0;0;0;4;55;3;45;2;24;1;51;0;0;0;0;0;0;0;0;0;0;0;0;0;0;1;1;1;1;0;0;0;0;0;0;1;1
24.11.2024;16:49;A126;1;0;0;0;0;1;0;4;3;1;3;4;11;1;51;1;4;1;1;2;40;4;35;3;49;4;49;0;0;0;0;0;0;0;0;0;0;0;0;0;0;0;0;0;0;1;1;0;0;0;0;0;0
24.11.2024;16:48;A126;1;0;0;3;6;3;17;1;31;3;24;1;10;1;33;4;32;3;4;2;20;0;0;1;23;0;0;0;0;0;0;0;0;0;0;0;0;0;0;0;0;0;0;0;0;0;0;0;0;0;0;0;0
24.11.2024;16:47;A126;1;0;13;1;1;2;31;1;1;4;49;1;2;1;22;1;32;0;12;0;0;1;1;1;2;0;0;0;0;0;0;0;0;0;0;0;0;0;0;0;0;0;0;0;0;0;0;0;0;0;0;0;0
24.11.2024;16:46;A126;1;1;29;2;12;3;22;0;0;4;19;0;0;2;21;2;9;2;31;2;28;0;0;2;35;0;0;0;0;0;0;0;0;0;0;0;0;0;0;0;0;0;0;0;0;0;0;0;0;0;0;0;0
24.11.2024;16:45;A126;1;0;0;1;25;2;53;0;0;2;14;0;0;0;0;0;0;0;0;1;1;1;1;1;5;1;7;0;0;0;0;0;0;0;0;0;0;0;0;0;0;0;0;0;0;0;0;0;0;0;0;0;0
24.11.2024;16:44;A126;1;0;0;5;13;2;48;0;0;2;24;0;0;0;0;0;0;0;0;0;0;0;0;0;0;0;0;0;0;0;0;0;0;0;0;0;0;0;0;0;0;0;0;0;0;0;0;0;0;0;0;0;0
24.11.2024;16:43;A126;1;0;0;2;3;2;1;1;31;2;13;1;4;0;0;0;0;0;0;0;0;1;3;0;0;1;6;0;0;0;0;0;0;0;0;0;0;0;0;0;0;0;0;0;0;0;0;0;0;0;0;0;0
24.11.2024;16:42;A126;1;1;1;0;0;4;3;0;0;4;11;1;4;0;0;0;0;0;0;1;1;2;1;1;7;1;7;0;0;0;0;0;0;0;0;0;0;0;0;0;0;0;0;0;0;0;0;0;0;0;0;0;0
24.11.2024;16:41;A126;1;1;0;0;0;5;40;0;0;1;56;0;0;3;2;0;0;2;9;4;9;3;53;1;49;4;31;0;0;0;0;0;0;0;0;0;0;0;0;0;0;0;0;0;0;0;0;0;0;0;0;0;0
24.11.2024;16:40;A126;1;0;0;1;1;3;24;0;0;3;30;0;0;1;3;1;3;1;27;0;0;1;1;0;0;1;7;0;0;0;0;0;0;0;0;0;0;0;0;0;0;0;0;0;0;0;0;0;0;0;0;0;0
24.11.2024;16:39;A126;1;0;0;1;0;5;19;0;0;2;34;0;0;0;0;0;0;0;0;3;6;3;12;4;17;1;10;0;0;0;0;0;0;0;0;0;0;0;0;0;0;0;0;0;0;0;0;0;0;0;0;0;0
24.11.2024;16:38;A126;1;1;1;1;6;4;26;0;0;2;48;0;0;0;0;0;0;0;0;0;0;2;18;0;0;3;16;0;0;0;0;0;0;0;0;0;0;0;0;0;0;0;0;0;0;0;0;0;0;0;0;0;0
24.11.2024;16:37;A126;1;0;0;0;4;2;21;0;0;3;13;0;0;0;0;0;0;0;0;1;6;2;25;1;6;2;17;0;0;1;1;1;2;0;0;0;0;0;0;0;0;0;0;0;0;0;0;0;0;0;0;0;0
24.11.2024;16:36;A126;1;0;0;2;5;1;0;1;0;1;2;0;0;0;0;0;0;0;0;2;2;1;1;2;9;1;5;0;0;0;0;0;0;0;0;0;0;0;0;0;0;0;0;0;0;0;0;0;0;0;0;0;0
24.11.2024;16:35;A126;1;0;0;0;0;2;16;1;19;1;7;2;19;0;0;0;0;0;0;0;0;4;25;0;0;1;14;0;0;0;0;0;0;0;0;0;0;0;0;0;0;0;0;0;0;0;0;0;0;0;0;0;0
24.11.2024;16:34;A126;1;0;0;2;0;2;2;0;0;2;8;0;0;0;36;0;0;1;2;1;1;5;47;1;6;3;58;0;0;0;0;0;0;0;0;0;0;0;0;0;0;0;0;0;0;0;0;0;0;0;0;0;0
24.11.2024;16:33;A126;1;0;0;1;7;1;55;0;0;1;4;0;0;3;30;4;19;2;3;1;22;4;39;0;22;2;41;0;0;0;0;0;0;0;0;0;0;0;0;2;3;0;0;0;0;0;0;0;0;0;0;0;0
24.11.2024;16:32;A126;1;1;0;0;0;5;13;1;1;6;20;1;3;1;0;0;0;0;0;2;17;4;25;2;32;3;21;0;0;0;0;0;0;0;0;0;0;0;0;0;0;0;0;0;0;0;0;0;0;0;0;0;0
24.11.2024;16:31;A126;1;1;0;0;0;3;7;1;19;0;12;1;7;0;0;0;0;0;0;1;1;2;2;1;4;1;3;0;0;0;0;0;0;0;0;0;0;0;0;0;0;0;0;0;0;0;0;0;0;0;0;0;0
24.11.2024;16:30;A126;1;1;2;1;2;2;28;0;0;3;39;0;0;0;0;0;0;0;0;2;34;0;0;0;30;0;0;0;0;0;0;0;0;0;0;0;0;0;0;1;1;0;0;0;0;0;0;0;0;0;0;0;0
24.11.2024;16:29;A126;1;0;0;1;3;0;0;0;0;0;0;0;0;1;1;1;3;1;0;1;7;2;3;1;16;2;12;0;0;0;0;0;0;0;0;0;0;1;1;0;0;0;0;0;0;0;0;0;0;0;0;0;0
24.11.2024;16:28;A126;1;1;0;0;0;2;1;0;0;2;5;0;0;1;0;0;0;0;0;1;1;4;8;1;4;2;19;0;0;0;0;0;0;0;0;0;0;0;0;0;0;0;0;0;0;0;0;0;0;0;0;0;0
24.11.2024;16:27;A126;1;0;9;1;0;4;7;0;0;3;18;0;0;0;0;0;0;0;0;2;1;3;4;4;6;2;10;0;0;0;0;0;0;0;0;0;0;0;0;0;0;0;0;0;0;0;0;0;0;0;0;0;0
24.11.2024;16:26;A126;1;1;12;1;10;5;42;2;1;4;48;1;3;0;17;0;0;1;1;1;45;1;3;2;6;2;26;0;0;0;0;0;0;0;0;0;0;0;0;0;0;0;0;0;0;0;0;0;0;0;0;0;0
24.11.2024;16:25;A126;1;0;0;1;5;5;52;0;0;1;50;0;0;3;34;1;3;1;0;2;4;2;6;2;5;1;19;0;0;0;0;0;0;0;0;0;0;0;0;0;0;0;0;0;0;0;0;0;0;0;0;0;0
24.11.2024;16:24;A126;1;0;0;1;5;0;0;0;0;1;5;0;0;1;2;1;10;1;4;0;0;1;1;0;0;1;3;0;0;0;0;0;0;0;0;0;0;0;0;0;0;0;0;0;0;0;0;0;0;0;0;0;0
24.11.2024;16:23;A126;1;0;0;0;0;2;2;0;0;2;7;0;0;0;0;0;0;0;0;2;2;3;5;3;8;2;9;0;0;0;0;0;0;0;0;0;0;0;0;0;0;0;0;0;0;0;0;0;0;0;0;0;0
24.11.2024;16:22;A126;1;0;0;0;0;5;38;0;0;4;24;0;0;1;1;0;1;1;1;1;1;1;1;1;3;1;4;0;0;0;0;0;0;0;0;0;0;0;0;0;0;0;0;0;0;0;0;0;0;0;0;0;0
24.11.2024;16:21;A126;1;0;0;0;0;3;39;1;0;2;40;0;0;1;17;2;9;1;1;1;1;3;19;0;0;1;7;0;0;0;0;0;0;0;0;0;0;0;0;0;0;0;0;0;0;0;0;0;0;0;0;0;0
24.11.2024;16:20;A126;1;0;0;1;0;1;45;1;22;2;8;1;5;2;28;2;20;2;5;0;0;1;27;0;0;0;3;0;0;0;0;0;0;0;0;0;0;0;0;0;0;0;0;0;0;0;0;0;0;0;0;0;0
24.11.2024;16:19;A126;1;0;0;0;0;5;35;1;1;4;17;1;3;2;1;0;0;0;0;2;2;0;0;2;7;1;4;0;0;0;0;0;0;0;0;0;0;0;0;0;0;0;0;0;0;0;0;0;0;0;0;0;0
24.11.2024;16:18;A126;1;1;0;0;0;4;9;0;0;4;41;0;0;0;0;0;0;0;0;1;3;5;7;1;6;3;12;0;0;0;0;0;0;0;0;0;0;0;0;0;0;0;0;0;0;0;0;0;0;0;0;0;0
24.11.2024;16:17;A126;1;0;0;0;0;3;8;0;0;2;18;0;0;1;27;1;34;1;3;1;1;0;0;1;3;0;0;0;0;0;0;0;0;0;0;0;0;0;0;0;0;0;0;0;0;0;0;0;0;0;0;0;0
24.11.2024;16:16;A126;1;0;0;0;0;1;4;0;0;1;5;0;0;2;2;0;0;1;1;1;38;1;1;1;41;0;0;0;0;0;0;0;0;0;0;0;0;0;0;0;0;0;0;0;0;0;0;0;0;0;0;0;0
24.11.2024;16:15;A126;1;0;0;0;0;2;1;1;1;2;5;1;2;0;0;0;0;0;0;1;1;0;0;1;3;1;3;0;0;0;0;0;0;0;0;0;0;0;0;0;0;0;0;0;0;0;0;0;0;0;0;0;0
24.11.2024;16:14;A126;1;0;0;0;0;2;13;0;0;1;10;0;0;0;0;0;0;0;0;2;2;0;0;3;9;0;0;0;0;0;0;0;0;0;0;0;0;0;0;0;0;0;0;0;0;0;0;0;0;0;0;0;0
24.11.2024;16:13;A126;1;0;0;1;3;3;2;1;1;4;8;1;2;0;0;0;0;0;0;0;0;1;1;0;0;1;3;0;0;0;0;0;0;0;0;0;0;0;0;0;0;0;0;0;0;0;0;0;0;0;0;0;0
24.11.2024;16:12;A126;1;0;0;0;0;3;3;0;0;3;8;0;0;0;0;0;0;1;2;0;0;1;1;0;0;1;3;0;0;0;0;0;0;0;0;0;0;0;0;0;0;0;0;0;0;0;0;0;0;0;0;0;0
24.11.2024;16:11;A126;1;0;0;0;0;2;1;2;1;2;4;1;3;1;18;1;5;0;0;2;2;5;7;2;7;3;18;0;0;0;0;0;0;0;0;0;0;0;0;0;0;0;0;0;0;0;0;0;0;0;0;0;0
24.11.2024;16:10;A126;1;0;0;0;0;3;49;2;13;1;29;2;10;2;2;0;0;0;0;0;0;0;22;1;1;0;0;0;0;0;0;0;0;0;0;0;0;0;0;0;0;0;0;0;0;0;0;0;0;0;0;0;0
24.11.2024;16:09;A126;1;1;2;0;0;1;10;0;0;3;13;0;0;0;14;0;0;1;2;1;11;2;24;1;9;2;11;0;0;0;0;0;0;0;0;0;0;0;0;0;0;0;0;0;0;0;0;0;0;1;1;0;0
24.11.2024;16:08;A126;1;0;0;0;0;3;11;1;2;4;13;1;5;2;25;1;5;1;0;1;1;1;2;1;3;1;4;0;0;0;0;0;0;0;0;0;0;0;0;0;0;0;0;0;0;0;0;0;0;0;0;0;0
24.11.2024;16:07;A126;1;0;0;2;3;4;13;1;0;4;16;0;0;0;0;0;0;0;0;1;1;2;1;1;6;1;4;0;0;0;0;0;0;0;0;0;0;0;0;0;0;0;0;0;0;0;0;0;0;0;0;0;0
24.11.2024;16:06;A126;1;0;0;0;0;3;4;0;0;1;9;0;0;0;0;0;0;0;0;1;1;0;0;1;3;0;0;0;0;0;0;0;0;0;0;0;0;0;0;0;0;0;0;0;0;0;0;0;0;0;0;0;0
24.11.2024;16:05;A126;1;0;0;0;0;3;57;0;0;3;68;0;0;4;69;1;79;4;64;0;0;0;0;0;0;0;0;0;0;1;1;0;0;0;0;0;0;0;0;0;0;0;0;0;0;0;0;0;0;0;0;0;0
24.11.2024;16:04;A126;1;0;0;0;0;5;39;0;18;3;43;0;0;3;2;1;1;1;0;3;4;3;24;3;11;2;29;0;0;0;0;0;0;0;0;0;0;0;0;0;0;0;0;0;0;0;0;0;0;0;0;0;0
24.11.2024;16:03;A126;1;0;0;1;1;2;10;1;0;4;18;1;4;0;0;0;0;0;0;1;1;0;0;1;4;0;0;0;0;0;0;0;0;0;0;0;0;0;0;0;0;0;0;0;0;0;0;0;0;0;0;0;0
24.11.2024;16:02;A126;1;1;0;0;0;2;1;3;4;2;5;3;9;0;0;0;0;0;0;0;0;4;3;0;0;1;6;0;0;0;0;0;0;0;0;0;0;0;0;0;0;0;0;0;0;0;0;0;0;0;0;0;0
24.11.2024;16:01;A126;1;0;0;0;0;0;0;0;0;0;0;0;0;0;0;0;0;0;0;1;1;0;0;1;3;1;0;0;0;0;0;0;0;0;0;0;0;0;0;0;0;0;0;0;0;0;0;0;0;0;0;0;0
24.11.2024;16:00;A126;1;0;0;1;1;2;2;0;0;1;3;0;0;0;0;0;0;0;0;0;0;2;10;0;0;1;9;0;0;0;0;0;0;0;0;0;0;0;0;0;0;0;0;0;0;0;0;0;0;0;0;0;0
24.11.2024;15:59;A126;1;0;0;1;12;1;25;2;35;2;25;1;1;1;1;0;0;0;0;2;3;2;34;1;30;2;34;0;0;0;0;0;0;0;0;0;0;0;0;0;0;0;0;0;0;0;0;0;0;0;0;0;0
24.11.2024;15:58;A126;1;0;0;0;0;2;4;0;0;2;9;0;0;2;0;0;0;0;0;1;0;0;0;1;4;0;0;0;0;0;0;0;0;0;0;0;0;1;1;0;0;0;0;0;0;0;0;0;0;0;0;0;0
24.11.2024;15:57;A126;1;1;5;1;1;2;52;1;16;2;8;1;6;1;1;0;0;0;0;1;30;0;36;0;1;2;0;0;0;0;0;0;0;0;0;0;0;0;0;0;0;0;0;0;0;0;0;0;0;0;0;0;0
24.11.2024;15:56;A126;1;1;0;3;9;5;45;0;0;3;60;0;0;2;27;0;4;1;2;1;1;3;2;1;6;3;11;0;0;0;0;0;0;0;0;0;0;0;0;0;0;0;0;0;0;0;0;0;0;0;0;0;0
24.11.2024;15:55;A126;1;0;0;0;0;4;3;2;1;4;10;1;3;0;0;1;1;0;0;0;0;1;0;1;0;0;0;0;0;0;0;0;0;0;0;0;0;0;0;0;0;0;0;0;0;0;0;0;0;0;0;0;0
24.11.2024;15:54;A126;1;0;0;0;0;1;0;0;0;1;2;0;0;1;18;11;19;1;1;2;2;2;2;1;5;2;6;0;0;0;0;0;0;0;0;0;0;1;1;0;0;0;0;0;0;0;0;0;0;0;0;0;0
24.11.2024;15:53;A126;1;0;0;0;0;6;11;0;0;3;22;0;0;0;0;0;0;0;0;3;3;2;1;5;13;2;5;0;0;0;0;0;0;0;0;0;0;0;0;0;0;0;0;0;0;0;0;0;0;0;0;0;0
24.11.2024;15:52;A126;1;0;0;1;1;1;35;1;2;3;25;0;7;0;0;0;0;0;0;1;1;1;1;2;7;1;3;0;0;0;0;0;0;0;0;0;0;0;0;0;0;0;0;0;0;0;0;0;0;0;0;0;0
24.11.2024;15:51;A126;1;0;0;0;0;3;24;1;1;2;20;2;38;1;2;0;0;1;2;1;19;3;24;2;7;2;30;0;0;0;0;0;0;0;0;0;0;0;0;0;0;0;0;0;0;0;0;0;0;0;0;0;0
24.11.2024;15:50;A126;1;0;0;1;1;3;26;0;0;4;13;0;0;1;15;1;8;0;0;0;0;0;0;0;0;0;0;0;0;0;0;0;0;0;0;0;0;0;0;0;0;0;0;0;0;0;0;0;0;0;0;0;0
24.11.2024;15:49;A126;1;1;19;1;4;3;2;1;0;2;7;0;0;1;0;0;0;0;0;2;2;2;3;2;7;2;7;0;0;0;0;0;0;0;0;0;0;0;0;0;0;0;0;0;0;0;0;0;0;0;0;0;0
24.11.2024;15:48;A126;1;0;0;0;0;1;1;0;0;2;3;0;0;0;0;0;0;0;0;1;1;1;1;1;3;1;3;0;0;0;0;0;0;0;0;0;0;0;0;0;0;0;0;0;0;0;0;0;0;0;0;0;0
24.11.2024;15:47;A126;1;0;0;0;0;2;0;0;0;2;3;0;0;0;0;0;0;0;0;2;4;0;0;2;10;0;0;0;0;0;0;0;0;0;0;0;0;0;0;0;0;0;0;0;0;0;0;0;0;0;0;0;0
24.11.2024;15:46;A126;1;0;0;0;0;1;0;0;0;1;3;0;0;1;19;1;8;1;3;2;2;2;38;2;6;2;10;0;0;0;0;0;0;0;0;0;0;0;0;0;0;0;0;0;0;0;0;0;0;0;0;0;0
24.11.2024;15:45;A126;1;0;0;0;0;3;2;0;0;3;8;0;0;0;0;0;0;0;0;3;29;2;5;1;22;3;15;0;0;0;0;0;0;0;0;0;0;0;0;0;0;0;0;0;0;0;0;0;0;0;0;0;0
24.11.2024;15:44;A126;1;0;0;1;0;0;0;0;0;0;0;0;0;0;0;0;0;0;0;1;6;0;0;1;5;0;0;0;0;0;0;0;0;0;0;0;0;0;0;0;0;0;0;0;0;0;0;0;0;0;0;0;0
24.11.2024;15:43;A126;1;1;0;0;0;1;0;1;1;1;1;1;3;0;0;0;0;0;0;0;0;1;1;0;0;1;4;0;0;0;0;0;0;0;0;0;0;0;0;0;0;0;0;0;0;0;0;0;0;0;0;0;0
24.11.2024;15:42;A126;1;0;0;0;0;3;2;0;0;3;7;0;0;0;0;0;0;0;0;1;2;2;3;1;4;2;8;0;0;0;0;0;0;0;0;0;0;0;0;0;0;0;0;0;0;0;0;0;0;0;0;0;0
24.11.2024;15:41;A126;1;0;0;0;0;1;0;2;1;1;1;1;3;0;0;0;0;1;1;1;1;5;5;2;3;3;16;0;0;0;0;0;0;0;0;0;0;0;0;0;0;0;0;0;0;0;0;0;0;0;0;0;0
24.11.2024;15:40;A126;1;0;0;0;0;2;2;0;0;1;7;0;0;0;0;0;0;0;0;0;0;0;0;0;0;0;0;0;0;0;0;0;0;0;0;0;0;0;0;0;0;0;0;0;0;0;0;0;0;0;0;0;0
24.11.2024;15:39;A126;1;0;0;0;96;2;2;0;0;0;96;0;96;0;0;0;96;0;96;2;9;1;2;0;96;0;96;0;0;0;0;0;0;0;0;0;0;0;0;0;0;0;0;0;0;0;0;0;0;0;0;0;0
24.11.2024;15:35;A126;1;0;0;0;0;3;7;2;2;0;0;0;0;2;19;0;0;0;0;0;0;2;5;0;0;0;0;0;0;0;0;0;0;0;0;0;0;0;0;0;0;0;0;0;0;0;0;0;0;0;0;0;0
24.11.2024;15:34;A126;1;2;6;0;0;1;1;0;0;0;0;0;0;1;0;0;0;0;0;1;1;0;0;0;0;0;0;0;0;0;0;0;0;0;0;0;0;0;0;0;0;0;0;0;0;0;0;0;0;0;0;0;0
24.11.2024;15:33;A126;1;1;0;0;0;3;3;1;2;0;0;0;0;0;0;0;0;0;0;0;0;1;2;0;0;0;0;0;0;0;0;0;0;0;0;0;0;0;0;0;0;0;0;0;0;0;0;0;0;0;0;0;0
24.11.2024;15:32;A126;1;0;0;0;0;3;3;0;0;0;0;0;0;0;0;0;0;0;0;0;0;1;2;0;0;0;0;0;0;0;0;0;0;0;0;0;0;0;0;0;0;0;0;0;0;0;0;0;0;0;0;0;0
24.11.2024;15:31;A126;1;0;0;0;0;3;3;1;2;0;0;0;0;2;0;0;0;0;0;3;5;0;0;0;0;0;0;0;0;0;0;0;0;0;0;0;0;0;0;0;0;0;0;0;0;0;0;0;0;0;0;0;0
24.11.2024;15:30;A126;1;0;0;0;0;4;4;0;0;0;0;0;0;3;3;0;0;0;0;2;1;3;8;0;0;0;0;0;0;0;0;0;0;0;0;0;0;0;0;0;0;0;0;0;0;0;0;0;0;0;0;0;0
24.11.2024;15:29;A126;1;0;0;0;0;0;0;0;0;0;0;0;0;0;0;0;0;0;0;2;2;1;1;0;0;0;0;0;0;0;0;0;0;0;0;0;0;0;0;0;0;0;0;0;0;0;0;0;0;0;0;0;0
24.11.2024;15:28;A126;1;0;0;0;0;3;3;0;0;0;0;0;0;1;1;0;0;0;0;0;0;1;1;0;0;0;0;0;0;0;0;0;0;0;0;0;0;0;0;0;0;0;0;0;0;0;0;0;0;0;0;0;0
24.11.2024;15:27;A126;1;2;37;0;0;3;2;1;0;0;0;0;0;0;0;0;0;0;0;0;0;6;6;0;0;0;0;0;0;0;0;0;0;0;0;0;0;0;0;0;0;0;0;0;0;0;0;0;0;0;0;0;0
24.11.2024;15:26;A126;1;0;0;0;0;5;5;1;4;0;0;0;0;1;1;0;0;0;0;0;0;3;8;0;0;0;0;0;0;0;0;0;0;0;0;0;0;0;0;0;0;0;0;0;0;0;0;0;0;0;0;0;0
24.11.2024;15:25;A126;1;2;9;0;0;1;1;0;0;0;0;0;0;1;1;0;0;0;0;1;1;0;0;0;0;0;0;0;0;0;0;0;0;0;0;0;0;0;0;0;0;0;0;0;0;0;0;0;0;0;0;0;0
24.11.2024;15:24;A126;1;0;0;0;0;0;0;1;1;0;0;0;0;1;1;0;0;0;0;1;1;4;6;0;0;0;0;0;0;0;0;0;0;0;0;0;0;0;0;0;0;0;0;0;0;0;0;0;0;0;0;0;0
24.11.2024;15:23;A126;1;0;0;0;0;2;1;1;2;0;0;0;0;0;0;0;0;0;0;2;2;2;5;0;0;0;0;0;0;0;0;0;0;0;0;0;0;0;0;0;0;0;0;0;0;0;0;0;0;0;0;0;0
24.11.2024;15:22;A126;1;0;0;0;0;1;0;0;0;0;0;0;0;3;5;0;0;0;0;0;0;4;7;0;0;0;0;0;0;0;0;0;0;0;0;0;0;0;0;0;0;0;0;0;0;0;0;0;0;0;0;0;0
24.11.2024;15:21;A126;1;1;1;0;0;2;2;1;4;0;0;0;0;2;2;0;0;0;0;5;5;2;1;0;0;0;0;0;0;0;0;0;0;0;0;0;0;0;0;0;0;0;0;0;0;0;0;0;0;0;0;0;0
24.11.2024;15:20;A126;1;0;0;0;0;4;3;1;1;0;0;0;0;1;0;0;0;0;0;0;0;1;1;0;0;0;0;0;0;0;0;0;0;0;0;0;0;0;0;0;0;0;0;0;0;0;0;0;0;0;0;0;0
24.11.2024;15:19;A126;1;0;0;0;0;5;6;1;1;0;0;0;0;0;0;0;0;0;0;0;0;0;0;0;0;0;0;0;0;0;0;0;0;0;0;0;0;0;0;0;0;0;0;0;0;0;0;0;0;0;0;0;0
24.11.2024;15:18;A126;1;1;1;0;0;2;1;2;6;0;0;0;0;0;0;0;0;0;0;0;0;1;1;0;0;0;0;0;0;0;0;0;0;0;0;0;0;0;0;0;0;0;0;0;0;0;0;0;0;0;0;0;0
24.11.2024;15:17;A126;1;0;0;0;0;0;0;1;1;0;0;0;0;0;0;0;0;0;0;2;5;5;5;0;0;0;0;0;0;0;0;0;0;0;0;0;0;0;0;0;0;0;0;0;0;0;0;0;0;0;0;0;0
24.11.2024;15:16;A126;1;0;0;0;0;2;1;1;1;0;0;0;0;4;4;0;0;0;0;3;4;1;4;0;0;0;0;0;0;0;0;0;0;0;0;0;0;0;0;0;0;0;0;0;0;0;0;0;0;0;0;0;0
24.11.2024;15:15;A126;1;0;0;0;0;1;1;0;0;0;0;0;0;0;0;0;0;0;0;0;0;1;7;0;0;0;0;0;0;0;0;0;0;0;0;0;0;0;0;0;0;0;0;0;0;0;0;0;0;0;0;0;0
24.11.2024;15:14;A126;1;0;0;0;0;1;1;0;0;0;0;0;0;0;0;0;0;0;0;1;1;3;8;0;0;0;0;0;0;0;0;0;0;0;0;0;0;0;0;0;0;0;0;0;0;0;0;0;0;0;0;0;0
24.11.2024;15:13;A126;1;0;0;0;0;1;0;0;0;0;0;0;0;0;0;0;0;0;0;1;1;0;0;0;0;0;0;0;0;0;0;0;0;0;0;0;0;0;0;0;0;0;0;0;0;0;0;0;0;0;0;0;0
24.11.2024;15:12;A126;1;1;9;0;0;2;2;0;0;0;0;0;0;1;1;0;0;0;0;2;3;0;0;0;0;0;0;0;0;0;0;0;0;0;0;0;0;0;0;0;0;0;0;0;0;0;0;0;0;0;0;0;0
24.11.2024;15:11;A126;1;1;3;0;0;3;2;0;0;0;0;0;0;1;1;0;0;0;0;0;0;2;1;0;0;0;0;0;0;0;0;0;0;0;0;0;0;0;0;0;0;0;0;0;0;0;0;0;0;0;0;0;0
24.11.2024;15:10;A126;1;0;0;0;0;0;0;0;0;0;0;0;0;0;0;0;0;0;0;4;4;3;2;0;0;0;0;0;0;0;0;0;0;0;0;0;0;0;0;0;0;0;0;0;0;0;0;0;0;0;0;0;0
24.11.2024;15:09;A126;1;0;0;0;0;3;2;0;0;0;0;0;0;0;0;0;0;0;0;0;0;2;3;0;0;0;0;0;0;0;0;0;0;0;0;0;0;0;0;0;0;0;0;0;0;0;0;0;0;0;0;0;0
24.11.2024;15:08;A126;1;1;0;0;0;1;1;0;0;0;0;0;0;0;0;0;0;0;0;1;1;1;1;0;0;0;0;0;0;0;0;0;0;0;0;0;0;0;0;0;0;0;0;0;0;0;0;0;0;0;0;0;0
24.11.2024;15:07;A126;1;0;0;0;0;5;5;2;1;0;0;0;0;0;0;0;0;0;0;1;1;1;1;0;0;0;0;0;0;0;0;0;0;0;0;0;0;0;0;0;0;0;0;0;0;0;0;0;0;0;0;0;0
24.11.2024;15:06;A126;1;0;0;0;0;8;6;1;1;0;0;0;0;2;1;0;0;0;0;1;0;4;4;0;0;0;0;0;0;0;0;0;0;0;0;0;0;0;0;0;0;0;0;0;0;0;0;0;0;0;0;0;0
24.11.2024;15:05;A126;1;1;0;0;0;3;9;3;3;0;0;0;0;0;0;0;0;0;0;3;5;5;5;0;0;0;0;0;0;0;0;0;0;0;0;0;0;0;0;0;0;0;0;0;0;0;0;0;0;0;0;0;0
24.11.2024;15:04;A126;1;0;0;0;0;0;0;0;0;0;0;0;0;0;0;0;0;0;0;0;0;1;1;0;0;0;0;0;0;0;0;0;0;0;0;0;0;0;0;0;0;0;0;0;0;0;0;0;0;0;0;0;0
24.11.2024;15:03;A126;1;0;0;0;0;5;9;0;0;0;0;0;0;0;0;0;0;0;0;1;2;2;4;0;0;0;0;0;0;0;0;0;0;0;0;0;0;0;0;0;0;0;0;0;0;0;0;0;0;0;0;0;0
24.11.2024;15:02;A126;1;0;0;0;0;4;4;2;2;0;0;0;0;0;0;0;0;0;0;1;1;4;5;0;0;0;0;0;0;0;0;0;0;0;0;0;0;0;0;0;0;0;0;0;0;0;0;0;0;0;0;0;0
24.11.2024;15:01;A126;1;0;6;0;0;6;4;2;1;0;0;0;0;1;1;0;0;0;0;1;19;0;0;0;0;0;0;0;0;0;0;0;0;0;0;0;0;0;0;0;0;0;0;0;0;0;0;0;0;0;0;0;0
24.11.2024;15:00;A126;1;3;6;0;0;3;3;0;0;0;0;0;0;0;0;0;0;0;0;0;1;0;0;0;0;0;0;0;0;0;0;0;0;0;0;0;0;0;0;0;0;0;0;0;0;0;0;0;0;0;0;0;0
24.11.2024;14:59;A126;1;0;0;0;0;3;3;1;1;0;0;0;0;0;0;0;0;0;0;2;2;3;4;0;0;0;0;0;0;0;0;0;0;0;0;0;0;0;0;0;0;0;0;0;0;0;0;0;0;0;0;0;0
24.11.2024;14:58;A126;1;1;1;0;0;1;0;0;0;0;0;0;0;0;0;0;0;0;0;0;0;3;5;0;0;0;0;0;0;0;0;0;0;0;0;0;0;0;0;0;0;0;0;0;0;0;0;0;0;0;0;0;0
24.11.2024;14:57;A126;1;0;0;0;0;1;0;0;0;0;0;0;0;0;0;0;0;0;0;1;1;1;1;0;0;0;0;0;0;0;0;0;0;0;0;0;0;0;0;0;0;0;0;0;0;0;0;0;0;0;0;0;0
24.11.2024;14:56;A126;1;0;0;0;0;4;3;0;0;0;0;0;0;0;0;0;0;0;0;0;0;0;0;0;0;0;0;0;0;0;0;0;0;0;0;0;0;0;0;0;0;0;0;0;0;0;0;0;0;0;0;0;0
24.11.2024;14:55;A126;1;2;14;0;0;4;4;1;0;0;0;0;0;1;1;0;0;0;0;0;0;2;3;0;0;0;0;0;0;0;0;0;0;0;0;0;0;0;0;0;0;0;0;0;0;0;0;0;0;0;0;0;0
24.11.2024;14:54;A126;1;0;0;0;0;3;2;1;0;0;0;0;0;1;1;0;0;0;0;1;1;0;0;0;0;0;0;0;0;0;0;0;0;0;0;0;0;0;0;0;0;0;0;0;0;0;0;0;0;0;0;0;0
24.11.2024;14:53;A126;1;1;2;0;0;0;0;0;0;0;0;0;0;0;0;0;0;0;0;2;3;0;0;0;0;0;0;0;0;0;0;0;0;0;0;0;0;0;0;0;0;0;0;0;0;0;0;0;0;0;0;0;0
24.11.2024;14:52;A126;1;0;0;0;0;1;0;1;0;0;0;0;0;0;0;0;0;0;0;0;0;2;3;0;0;0;0;0;0;0;0;0;0;0;0;0;0;0;0;0;0;0;0;0;0;0;0;0;0;0;0;0;0
24.11.2024;14:51;A126;1;1;1;0;0;1;0;1;0;0;0;0;0;0;0;0;0;0;0;0;0;1;1;0;0;0;0;0;0;0;0;0;0;0;0;0;0;0;0;0;0;0;0;0;0;0;0;0;0;0;0;0;0
24.11.2024;14:50;A126;1;0;0;0;0;4;4;1;1;0;0;0;0;0;0;0;0;0;0;1;1;3;1;0;0;0;0;0;0;0;0;0;0;0;0;0;0;0;0;0;0;0;0;0;0;0;0;0;0;0;0;0;0
24.11.2024;14:49;A126;1;0;0;0;0;3;6;1;1;0;0;0;0;3;5;0;0;0;0;0;0;4;6;0;0;0;0;0;0;0;0;0;0;0;0;0;0;0;0;0;0;0;0;0;0;0;0;0;0;0;0;0;0
24.11.2024;14:48;A126;1;1;14;0;0;4;6;1;2;0;0;0;0;2;1;0;0;0;0;3;5;6;7;0;0;0;0;0;0;0;0;0;0;0;0;0;0;0;0;0;0;0;0;0;0;0;0;0;0;0;0;0;0
24.11.2024;14:47;A126;1;0;0;0;0;0;0;0;0;0;0;0;0;3;5;0;0;0;0;1;4;1;3;0;0;0;0;0;0;0;0;0;0;0;0;0;0;0;0;0;0;0;0;0;0;0;0;0;0;0;0;0;0
24.11.2024;14:46;A126;1;0;0;0;0;3;2;0;0;0;0;0;0;0;0;0;0;0;0;0;0;1;1;0;0;0;0;0;0;0;0;0;0;0;0;0;0;0;0;0;0;0;0;0;0;0;0;0;0;0;0;0;0
24.11.2024;14:45;A126;1;1;5;0;0;3;11;0;0;0;0;0;0;2;4;0;0;0;0;0;0;1;1;0;0;0;0;0;0;0;0;0;0;0;0;0;0;0;0;0;0;0;0;0;0;0;0;0;0;0;0;0;0
24.11.2024;14:44;A126;1;0;0;0;0;4;5;1;1;0;0;0;0;1;1;0;0;0;0;1;1;1;0;0;0;0;0;0;0;0;0;0;0;0;0;0;0;0;0;0;0;0;0;0;0;0;0;0;0;0;0;0;0
24.11.2024;14:43;A126;1;2;12;0;0;2;1;3;2;0;0;0;0;0;0;0;0;0;0;2;2;2;1;0;0;0;0;0;0;0;0;0;0;0;0;0;0;0;0;0;0;0;0;0;0;0;0;0;0;0;0;0;0
24.11.2024;14:42;A126;1;0;0;0;0;3;1;2;2;0;0;0;0;0;0;0;0;0;0;1;1;2;7;0;0;0;0;0;0;0;0;0;0;0;0;0;0;0;0;0;0;0;0;0;0;0;0;0;0;0;0;0;0
24.11.2024;14:41;A126;1;1;0;0;0;1;1;0;0;0;0;0;0;1;1;0;0;0;0;2;2;2;4;0;0;0;0;0;0;0;0;0;0;0;0;0;0;0;0;0;0;0;0;0;0;0;0;0;0;0;0;0;0
24.11.2024;14:40;A126;1;0;0;0;0;2;1;1;2;0;0;0;0;2;2;0;0;0;0;3;4;3;3;0;0;0;0;0;0;0;0;0;0;0;0;0;0;0;0;0;0;0;0;0;0;0;0;0;0;0;0;0;0
24.11.2024;14:39;A126;1;0;0;0;0;4;3;1;1;0;0;0;0;0;0;0;0;0;0;1;2;2;2;0;0;0;0;0;0;0;0;0;0;0;0;0;0;0;0;0;0;0;0;0;0;0;0;0;0;0;0;0;0
24.11.2024;14:38;A126;1;2;13;0;0;0;0;0;0;0;0;0;0;1;1;0;0;0;0;1;1;4;5;0;0;0;0;0;0;0;0;0;0;0;0;0;0;0;0;0;0;0;0;0;0;0;0;0;0;0;0;0;0
24.11.2024;14:37;A126;1;1;2;0;0;3;2;3;3;0;0;0;0;0;0;0;0;0;0;0;0;3;2;0;0;0;0;0;0;0;0;0;0;0;0;0;0;0;0;0;0;0;0;0;0;0;0;0;0;0;0;0;0
24.11.2024;14:36;A126;1;0;0;0;0;2;2;1;0;0;0;0;0;0;0;0;0;0;0;0;0;1;1;0;0;0;0;0;0;0;0;0;0;0;0;0;0;0;0;0;0;0;0;0;0;0;0;0;0;0;0;0;0
24.11.2024;14:35;A126;1;2;8;0;0;3;8;0;0;0;0;0;0;1;0;0;0;0;0;2;2;3;4;0;0;0;0;0;0;0;0;0;0;0;0;0;0;0;0;0;0;0;0;0;0;0;0;0;0;0;0;0;0
24.11.2024;14:34;A126;1;0;0;0;0;2;2;0;0;0;0;0;0;1;1;0;0;0;0;1;1;1;1;0;0;0;0;0;0;0;0;0;0;0;0;0;0;0;0;0;0;0;0;0;0;0;0;0;0;0;0;0;0
24.11.2024;14:33;A126;1;0;0;0;0;1;1;0;0;0;0;0;0;2;1;0;0;0;0;2;3;2;3;0;0;0;0;0;0;0;0;0;0;0;0;0;0;0;0;0;0;0;0;0;0;0;0;0;0;0;0;0;0
24.11.2024;14:32;A126;1;1;0;0;0;3;2;0;0;0;0;0;0;0;0;0;0;0;0;2;4;3;11;0;0;0;0;0;0;0;0;0;0;0;0;0;0;0;0;0;0;0;0;0;0;0;0;0;0;0;0;0;0
24.11.2024;14:31;A126;1;1;1;0;0;4;3;1;0;0;0;0;0;0;0;0;0;0;0;2;2;2;1;0;0;0;0;0;0;0;0;0;0;0;0;0;0;0;0;0;0;0;0;0;0;0;0;0;0;0;0;0;0
24.11.2024;14:30;A126;1;0;0;0;0;2;2;0;0;0;0;0;0;0;0;0;0;0;0;0;0;2;3;0;0;0;0;0;0;0;0;0;0;0;0;0;0;0;0;0;0;0;0;0;0;0;0;0;0;0;0;0;0
24.11.2024;14:29;A126;1;0;0;0;0;0;0;0;0;0;0;0;0;0;0;0;0;0;0;0;0;1;1;0;0;0;0;0;0;0;0;0;0;0;0;0;0;0;0;0;0;0;0;0;0;0;0;0;0;0;0;0;0
24.11.2024;14:28;A126;1;0;0;0;0;4;3;1;1;0;0;0;0;0;0;0;0;0;0;0;0;1;0;0;0;0;0;0;0;0;0;0;0;0;0;0;0;0;0;0;0;0;0;0;0;0;0;0;0;0;0;0;0
24.11.2024;14:27;A126;1;0;0;0;0;2;2;1;0;0;0;0;0;0;0;0;0;0;0;0;0;1;0;0;0;0;0;0;0;0;0;0;0;0;0;0;0;0;0;0;0;0;0;0;0;0;0;0;0;0;0;0;0
24.11.2024;14:26;A126;1;0;0;0;0;3;3;2;1;0;0;0;0;2;2;0;0;0;0;0;0;4;5;0;0;0;0;0;0;0;0;0;0;0;0;0;0;0;0;0;0;0;0;0;0;0;0;0;0;0;0;0;0
24.11.2024;14:25;A126;1;0;0;0;0;3;3;1;2;0;0;0;0;0;0;0;0;0;0;0;0;1;1;0;0;0;0;0;0;0;0;0;0;0;0;0;0;0;0;0;0;0;0;0;0;0;0;0;0;0;0;0;0
24.11.2024;14:24;A126;1;0;0;0;0;4;3;1;1;0;0;0;0;0;0;0;0;0;0;1;3;2;1;0;0;0;0;0;0;0;0;0;0;0;0;0;0;0;0;0;0;0;0;0;0;0;0;0;0;0;0;0;0
24.11.2024;14:23;A126;1;0;0;0;0;2;1;0;0;0;0;0;0;3;3;0;0;0;0;0;0;1;1;0;0;0;0;0;0;0;0;0;0;0;0;0;0;0;0;0;0;0;0;0;0;0;0;0;0;0;0;0;0
24.11.2024;14:22;A126;1;0;0;0;0;1;2;0;0;0;0;0;0;0;0;0;0;0;0;3;4;3;3;0;0;0;0;0;0;0;0;0;0;0;0;0;0;0;0;0;0;0;0;0;0;0;0;0;0;0;0;0;0
24.11.2024;14:21;A126;1;0;0;0;0;3;3;0;0;0;0;0;0;0;0;0;0;0;0;2;2;3;3;0;0;0;0;0;0;0;0;0;0;0;0;0;0;0;0;0;0;0;0;0;0;0;0;0;0;0;0;0;0
24.11.2024;14:20;A126;1;0;0;0;0;2;6;1;1;0;0;0;0;0;0;0;0;0;0;1;0;1;1;0;0;0;0;0;0;0;0;0;0;0;0;0;0;0;0;0;0;0;0;0;0;0;0;0;0;0;0;0;0
24.11.2024;14:19;A126;1;0;0;0;0;2;1;0;0;0;0;0;0;0;0;0;0;0;0;0;0;0;0;0;0;0;0;0;0;0;0;0;0;0;0;0;0;0;0;0;0;0;0;0;0;0;0;0;0;0;0;0;0
24.11.2024;14:18;A126;1;0;0;0;0;2;4;0;0;0;0;0;0;0;0;0;0;0;0;0;0;5;19;0;0;0;0;0;0;0;0;0;0;0;0;0;0;0;0;0;0;0;0;0;0;0;0;0;0;0;0;0;0
24.11.2024;14:17;A126;1;0;0;0;0;3;2;0;0;0;0;0;0;1;0;0;0;0;0;2;5;3;3;0;0;0;0;0;0;0;0;0;0;0;0;0;0;0;0;0;0;0;0;0;0;0;0;0;0;0;0;0;0
24.11.2024;14:16;A126;1;1;0;0;0;2;2;0;0;0;0;0;0;0;0;0;0;0;0;0;0;4;5;0;0;0;0;0;0;0;0;0;0;0;0;0;0;0;0;0;0;0;0;0;0;0;0;0;0;0;0;0;0
24.11.2024;14:15;A126;1;0;0;0;0;3;2;0;0;0;0;0;0;0;0;0;0;0;0;1;1;1;1;0;0;0;0;0;0;0;0;0;0;0;0;0;0;0;0;0;0;0;0;0;0;0;0;0;0;0;0;0;0
24.11.2024;14:14;A126;1;1;2;0;0;5;4;0;0;0;0;0;0;0;0;0;0;0;0;1;1;0;0;0;0;0;0;0;0;0;0;0;0;0;0;0;0;0;0;0;0;0;0;0;0;0;0;0;0;0;0;0;0
24.11.2024;14:13;A126;1;0;0;0;0;4;3;1;0;0;0;0;0;0;0;0;0;0;0;0;0;1;0;0;0;0;0;0;0;0;0;0;0;0;0;0;0;0;0;0;0;0;0;0;0;0;0;0;0;0;0;0;0
24.11.2024;14:12;A126;1;0;0;0;0;5;4;1;0;0;0;0;0;1;1;0;0;0;0;2;2;4;3;0;0;0;0;0;0;0;0;0;0;0;0;0;0;0;0;0;0;0;0;0;0;0;0;0;0;0;0;0;0
24.11.2024;14:11;A126;1;0;0;0;0;2;1;0;0;0;0;0;0;0;0;0;0;0;0;0;0;1;1;0;0;0;0;0;0;0;0;0;0;0;0;0;0;0;0;0;0;0;0;0;0;0;0;0;0;0;0;0;0
24.11.2024;14:10;A126;1;0;0;0;0;4;3;0;0;0;0;0;0;0;0;0;0;0;0;1;1;0;0;0;0;0;0;0;0;0;0;0;0;0;0;0;0;0;0;0;0;0;0;0;0;0;0;0;0;0;0;0;0
24.11.2024;14:09;A126;1;0;0;0;0;4;3;0;0;0;0;0;0;0;0;0;0;0;0;1;1;2;2;0;0;0;0;0;0;0;0;0;0;0;0;0;0;0;0;0;0;0;0;0;0;0;0;0;0;0;0;0;0
24.11.2024;14:08;A126;1;0;0;0;0;2;2;1;1;0;0;0;0;1;0;0;0;0;0;2;2;4;4;0;0;0;0;0;0;0;0;0;0;0;0;0;0;0;0;0;0;0;0;0;0;0;0;0;0;0;0;0;0
24.11.2024;14:07;A126;1;0;0;0;0;0;0;1;1;0;0;0;0;0;0;0;0;0;0;2;2;5;6;0;0;0;0;0;0;0;0;0;0;0;0;0;0;0;0;0;0;0;0;0;0;0;0;0;0;0;0;0;0
24.11.2024;14:06;A126;1;0;0;0;0;2;1;0;0;0;0;0;0;0;0;0;0;0;0;0;0;4;5;0;0;0;0;0;0;0;0;0;0;0;0;0;0;0;0;0;0;0;0;0;0;0;0;0;0;0;0;0;0
24.11.2024;14:05;A126;1;0;0;0;0;4;8;3;4;0;0;0;0;0;0;0;0;0;0;2;2;1;1;0;0;0;0;0;0;0;0;0;0;0;0;0;0;0;0;0;0;0;0;0;0;0;0;0;0;0;0;0;0
24.11.2024;14:04;A126;1;0;0;0;0;2;1;0;0;0;0;0;0;0;0;0;0;0;0;0;0;2;3;0;0;0;0;0;0;0;0;0;0;0;0;0;0;0;0;0;0;0;0;0;0;0;0;0;0;0;0;0;0
24.11.2024;14:03;A126;1;3;7;0;0;5;7;0;0;0;0;0;0;0;0;0;0;0;0;0;0;1;2;0;0;0;0;0;0;0;0;0;0;0;0;0;0;0;0;0;0;0;0;0;0;0;0;0;0;0;0;0;0
24.11.2024;14:02;A126;1;1;0;0;0;1;1;0;0;0;0;0;0;0;0;0;0;0;0;0;0;3;6;0;0;0;0;0;0;0;0;0;0;0;0;0;0;0;0;0;0;0;0;0;0;0;0;0;0;0;0;0;0
24.11.2024;14:01;A126;1;1;1;0;0;4;3;0;0;0;0;0;0;0;0;0;0;0;0;1;1;6;8;0;0;0;0;0;0;0;0;0;0;0;0;0;0;0;0;0;0;0;0;0;0;0;0;0;0;0;0;0;0
24.11.2024;14:00;A126;1;0;0;0;0;2;1;1;0;0;0;0;0;1;0;0;0;0;0;1;1;0;0;0;0;0;0;0;0;0;0;0;0;0;0;0;0;0;0;0;0;0;0;0;0;0;0;0;0;0;0;0;0
24.11.2024;13:59;A126;1;0;0;0;0;0;0;0;0;0;0;0;0;0;0;0;0;0;0;0;0;1;2;0;0;0;0;0;0;0;0;0;0;0;0;0;0;0;0;0;0;0;0;0;0;0;0;0;0;0;0;0;0
24.11.2024;13:58;A126;1;0;0;0;0;2;2;1;0;0;0;0;0;0;0;0;0;0;0;0;0;1;1;0;0;0;0;0;0;0;0;0;0;0;0;0;0;0;0;0;0;0;0;0;0;0;0;0;0;0;0;0;0
24.11.2024;13:57;A126;1;0;0;0;0;4;5;1;1;0;0;0;0;3;2;0;0;0;0;1;1;4;6;0;0;0;0;0;0;0;0;0;0;0;0;0;0;0;0;0;0;0;0;0;0;0;0;0;0;0;0;0;0
24.11.2024;13:56;A126;1;1;0;0;0;1;1;1;1;0;0;0;0;3;2;0;0;0;0;1;2;1;1;0;0;0;0;0;0;0;0;0;0;0;0;0;0;0;0;0;0;0;0;0;0;0;0;0;0;0;0;0;0
24.11.2024;13:55;A126;1;0;0;0;0;2;2;0;0;0;0;0;0;0;0;0;0;0;0;5;9;1;1;0;0;0;0;0;0;0;0;0;0;0;0;0;0;0;0;0;0;0;0;0;0;0;0;0;0;0;0;0;0
24.11.2024;13:54;A126;1;0;0;0;0;3;2;0;0;0;0;0;0;1;1;0;0;0;0;0;0;0;0;0;0;0;0;0;0;0;0;0;0;0;0;0;0;0;0;0;0;0;0;0;0;0;0;0;0;0;0;0;0
24.11.2024;13:53;A126;1;0;0;0;0;2;1;1;1;0;0;0;0;1;1;0;0;0;0;0;0;4;5;0;0;0;0;0;0;0;0;0;0;0;0;0;0;0;0;0;0;0;0;0;0;0;0;0;0;0;0;0;0
24.11.2024;13:52;A126;1;1;0;0;0;8;9;0;0;0;0;0;0;0;0;0;0;0;0;1;1;2;2;0;0;0;0;0;0;0;0;0;0;0;0;0;0;0;0;0;0;0;0;0;0;0;0;0;0;0;0;0;0
24.11.2024;13:51;A126;1;0;0;0;0;4;5;1;1;0;0;0;0;1;0;0;0;0;0;0;0;1;2;0;0;0;0;0;0;0;0;0;0;0;0;0;0;0;0;0;0;0;0;0;0;0;0;0;0;0;0;0;0
24.11.2024;13:50;A126;1;0;0;0;0;3;2;0;0;0;0;0;0;0;0;0;0;0;0;0;0;2;9;0;0;0;0;0;0;0;0;0;0;0;0;0;0;0;0;0;0;0;0;0;0;0;0;0;0;0;0;0;0
24.11.2024;13:49;A126;1;0;0;0;0;3;2;0;0;0;0;0;0;2;3;0;0;0;0;0;0;2;2;0;0;0;0;0;0;0;0;0;0;0;0;0;0;0;0;0;0;0;0;0;0;0;0;0;0;0;0;0;0
24.11.2024;13:48;A126;1;0;0;0;0;0;0;0;0;0;0;0;0;1;1;0;0;0;0;3;6;5;5;0;0;0;0;0;0;0;0;0;0;0;0;0;0;0;0;0;0;0;0;0;0;0;0;0;0;0;0;0;0
24.11.2024;13:47;A126;1;0;0;0;0;3;2;1;1;0;0;0;0;1;1;0;0;0;0;1;1;0;0;0;0;0;0;0;0;0;0;0;0;0;0;0;0;0;0;0;0;0;0;0;0;0;0;0;0;0;0;0;0
24.11.2024;13:46;A126;1;0;0;0;0;1;1;1;0;0;0;0;0;2;3;0;0;0;0;3;5;2;1;0;0;0;0;0;0;0;0;0;0;0;0;0;0;0;0;0;0;0;0;0;0;0;0;0;0;0;0;0;0
24.11.2024;13:45;A126;1;0;0;0;0;2;2;0;0;0;0;0;0;0;0;0;0;0;0;1;1;0;0;0;0;0;0;0;0;0;0;0;0;0;0;0;0;0;0;0;0;0;0;0;0;0;0;0;0;0;0;0;0
24.11.2024;13:44;A126;1;0;0;0;0;6;9;1;2;0;0;0;0;0;0;0;0;0;0;0;0;1;1;0;0;0;0;0;0;0;0;0;0;0;0;0;0;0;0;0;0;0;0;0;0;0;0;0;0;0;0;0;0
24.11.2024;13:43;A126;1;0;0;0;0;5;5;0;0;0;0;0;0;0;0;0;0;0;0;0;0;1;1;0;0;0;0;0;0;0;0;0;0;0;0;0;0;0;0;0;0;0;0;0;0;0;0;0;0;0;0;0;0
24.11.2024;13:42;A126;1;0;0;0;0;5;5;2;3;0;0;0;0;2;2;0;0;0;0;0;0;3;2;0;0;0;0;0;0;0;0;0;0;0;0;0;0;0;0;0;0;0;0;0;0;0;0;0;0;0;0;0;0
24.11.2024;13:41;A126;1;0;0;0;0;2;2;0;0;0;0;0;0;0;0;0;0;0;0;2;3;2;3;0;0;0;0;0;0;0;0;0;0;0;0;0;0;0;0;0;0;0;0;0;0;0;0;0;0;0;0;0;0
24.11.2024;13:40;A126;1;0;0;0;0;1;0;0;0;0;0;0;0;0;0;0;0;0;0;4;7;1;1;0;0;0;0;0;0;0;0;0;0;0;0;0;0;0;0;0;0;0;0;0;0;0;0;0;0;0;0;0;0
24.11.2024;13:39;A126;1;0;0;0;0;5;4;0;0;0;0;0;0;1;1;0;0;0;0;3;6;2;1;0;0;0;0;0;0;0;0;0;0;0;0;0;0;0;0;0;0;0;0;0;0;0;0;0;0;0;0;0;0
24.11.2024;13:38;A126;1;0;0;0;0;5;5;1;3;0;0;0;0;0;0;0;0;0;0;0;0;2;3;0;0;0;0;0;0;0;0;0;0;0;0;0;0;0;0;0;0;0;0;0;0;0;0;0;0;0;0;0;0
24.11.2024;13:37;A126;1;1;0;0;0;2;2;1;0;0;0;0;0;0;0;0;0;0;0;3;18;3;4;0;0;0;0;0;0;0;0;0;0;0;0;0;0;0;0;0;0;0;0;0;0;0;0;0;0;0;0;0;0
24.11.2024;13:36;A126;1;0;0;0;0;2;33;0;0;0;0;0;0;0;0;0;0;0;0;0;0;1;0;0;0;0;0;0;0;0;0;0;0;0;0;0;0;0;0;0;0;0;0;0;0;0;0;0;0;0;0;0;0
24.11.2024;13:35;A126;1;0;0;0;0;3;6;1;1;0;0;0;0;1;1;0;0;0;0;2;4;4;4;0;0;0;0;0;0;0;0;0;0;0;0;0;0;0;0;0;0;0;0;0;0;0;0;0;0;0;0;0;0
24.11.2024;13:34;A126;1;0;0;0;0;2;2;0;0;0;0;0;0;0;0;0;0;0;0;0;0;1;1;0;0;0;0;0;0;0;0;0;0;0;0;0;0;0;0;0;0;0;0;0;0;0;0;0;0;0;0;0;0
24.11.2024;13:33;A126;1;0;0;0;0;3;3;0;0;0;0;0;0;1;1;0;0;0;0;1;0;0;0;0;0;0;0;0;0;0;0;0;0;0;0;0;0;0;0;0;0;0;0;0;0;0;0;0;0;0;0;0;0
24.11.2024;13:32;A126;1;0;0;0;0;2;2;0;0;0;0;0;0;0;0;0;0;0;0;0;0;1;2;0;0;0;0;0;0;0;0;0;0;0;0;0;0;0;0;0;0;0;0;0;0;0;0;0;0;0;0;0;0
24.11.2024;13:31;A126;1;0;0;0;0;0;0;0;0;0;0;0;0;1;1;0;0;0;0;3;7;0;0;0;0;0;0;0;0;0;0;0;0;0;0;0;0;0;0;0;0;0;0;0;0;0;0;0;0;0;0;0;0
24.11.2024;13:30;A126;1;1;2;0;0;3;4;0;0;0;0;0;0;1;1;0;0;0;0;0;0;0;0;0;0;0;0;0;0;0;0;0;0;0;0;0;0;0;0;0;0;0;0;0;0;0;0;0;0;0;0;0;0
24.11.2024;13:29;A126;1;0;0;0;0;1;0;1;3;0;0;0;0;2;2;0;0;0;0;1;1;2;3;0;0;0;0;0;0;0;0;0;0;0;0;0;0;0;0;0;0;0;0;0;0;0;0;0;0;0;0;0;0
24.11.2024;13:28;A126;1;0;0;0;0;1;0;0;0;0;0;0;0;0;0;0;0;0;0;0;0;4;9;0;0;0;0;0;0;0;0;0;0;0;0;0;0;0;0;0;0;0;0;0;0;0;0;0;0;0;0;0;0
24.11.2024;13:27;A126;1;1;1;0;0;2;24;1;1;0;0;0;0;1;2;0;0;0;0;0;0;0;0;0;0;0;0;0;0;0;0;0;0;0;0;0;0;0;0;0;0;0;0;0;0;0;0;0;0;0;0;0;0
24.11.2024;13:26;A126;1;0;0;0;0;3;1;3;1;0;0;0;0;1;1;0;0;0;0;0;0;2;2;0;0;0;0;0;0;0;0;0;0;0;0;0;0;0;0;0;0;0;0;0;0;0;0;0;0;0;0;0;0
24.11.2024;13:25;A126;1;0;0;0;0;0;0;0;0;0;0;0;0;1;1;0;0;0;0;0;0;3;3;0;0;0;0;0;0;0;0;0;0;0;0;0;0;0;0;0;0;0;0;0;0;0;0;0;0;0;0;0;0
24.11.2024;13:24;A126;1;0;0;0;0;1;0;0;0;0;0;0;0;1;1;0;0;0;0;2;2;0;0;0;0;0;0;0;0;0;0;0;0;0;0;0;0;0;0;0;0;0;0;0;0;0;0;0;0;0;0;0;0
24.11.2024;13:23;A126;1;0;0;0;0;1;0;0;0;0;0;0;0;0;0;0;0;0;0;1;1;4;4;0;0;0;0;0;0;0;0;0;0;0;0;0;0;0;0;0;0;0;0;0;0;0;0;0;0;0;0;0;0
24.11.2024;13:22;A126;1;0;0;0;0;7;8;5;4;0;0;0;0;3;3;0;0;0;0;0;0;3;5;0;0;0;0;0;0;0;0;0;0;0;0;0;0;0;0;0;0;0;0;0;0;0;0;0;0;0;0;0;0
24.11.2024;13:21;A126;1;1;0;0;0;0;0;2;6;0;0;0;0;0;0;0;0;0;0;2;9;6;9;0;0;0;0;0;0;0;0;0;0;0;0;0;0;0;0;0;0;0;0;0;0;0;0;0;0;0;0;0;0
24.11.2024;13:20;A126;1;1;0;0;0;2;6;0;0;0;0;0;0;2;2;0;0;0;0;1;4;6;9;0;0;0;0;0;0;0;0;0;0;0;0;0;0;0;0;0;0;0;0;0;0;0;0;0;0;0;0;0;0
24.11.2024;13:19;A126;1;0;0;0;0;3;2;0;0;0;0;0;0;0;0;0;0;0;0;1;1;2;1;0;0;0;0;0;0;0;0;0;0;0;0;0;0;0;0;0;0;0;0;0;0;0;0;0;0;0;0;0;0
24.11.2024;13:18;A126;1;0;0;0;0;0;0;0;0;0;0;0;0;0;0;0;0;0;0;1;1;0;0;0;0;0;0;0;0;0;0;0;0;0;0;0;0;0;0;0;0;0;0;0;0;0;0;0;0;0;0;0;0
24.11.2024;13:17;A126;1;0;0;0;0;4;3;2;1;0;0;0;0;1;1;0;0;0;0;0;0;1;0;0;0;0;0;0;0;0;0;0;0;0;0;0;0;0;0;0;0;0;0;0;0;0;0;0;0;0;0;0;0
24.11.2024;13:16;A126;1;0;0;0;0;1;1;0;0;0;0;0;0;2;2;0;0;0;0;0;0;0;0;0;0;0;0;0;0;0;0;0;0;0;0;0;0;0;0;0;0;0;0;0;0;0;0;0;0;0;0;0;0
24.11.2024;13:15;A126;1;0;0;0;0;0;0;0;0;0;0;0;0;2;2;0;0;0;0;2;2;3;4;0;0;0;0;0;0;0;0;0;0;0;0;0;0;0;0;0;0;0;0;0;0;0;0;0;0;0;0;0;0
24.11.2024;13:14;A126;1;0;0;0;0;1;1;0;0;0;0;0;0;0;0;0;0;0;0;0;0;1;1;0;0;0;0;0;0;0;0;0;0;0;0;0;0;0;0;0;0;0;0;0;0;0;0;0;0;0;0;0;0
24.11.2024;13:13;A126;1;1;1;0;0;6;5;0;0;0;0;0;0;0;0;0;0;0;0;0;0;2;3;0;0;0;0;0;0;0;0;0;0;0;0;0;0;0;0;0;0;0;0;0;0;0;0;0;0;0;0;0;0
24.11.2024;13:12;A126;1;0;0;0;0;5;4;0;0;0;0;0;0;0;0;0;0;0;0;3;3;1;1;0;0;0;0;0;0;0;0;0;0;0;0;0;0;0;0;0;0;0;0;0;0;0;0;0;0;0;0;0;0
24.11.2024;13:11;A126;1;0;0;0;0;4;4;0;0;0;0;0;0;0;0;0;0;0;0;0;0;2;3;0;0;0;0;0;0;0;0;0;0;0;0;0;0;0;0;0;0;0;0;0;0;0;0;0;0;0;0;0;0
24.11.2024;13:10;A126;1;0;0;0;0;4;4;0;0;0;0;0;0;0;0;0;0;0;0;0;0;1;1;0;0;0;0;0;0;0;0;0;0;0;0;0;0;0;0;0;0;0;0;0;0;0;0;0;0;0;0;0;0
24.11.2024;13:09;A126;1;1;6;0;0;4;3;1;0;0;0;0;0;1;1;0;0;0;0;2;3;1;0;0;0;0;0;0;0;0;0;0;0;0;0;0;0;0;0;0;0;0;0;0;0;0;0;0;0;0;0;0;0
24.11.2024;13:08;A126;1;0;0;0;0;3;2;0;0;0;0;0;0;1;1;0;0;0;0;4;9;1;1;0;0;0;0;0;0;0;0;0;0;0;0;0;0;0;0;0;0;0;0;0;0;0;0;0;0;0;0;0;0
24.11.2024;13:07;A126;1;0;0;0;0;3;3;0;0;0;0;0;0;4;6;0;0;0;0;1;1;1;2;0;0;0;0;0;0;0;0;0;0;0;0;0;0;0;0;0;0;0;0;0;0;0;0;0;0;0;0;0;0
24.11.2024;13:06;A126;1;0;0;0;0;6;24;1;22;0;0;0;0;1;0;0;0;0;0;1;1;1;0;0;0;0;0;0;0;0;0;0;0;0;0;0;0;0;0;0;0;0;0;0;0;0;0;0;0;0;0;0;0
24.11.2024;13:05;A126;1;0;0;0;0;2;1;0;0;0;0;0;0;1;1;0;0;0;0;1;1;4;3;0;0;0;0;0;0;0;0;0;0;0;0;0;0;0;0;0;0;0;0;0;0;0;0;0;0;0;0;0;0
24.11.2024;13:04;A126;1;0;0;0;0;3;2;1;1;0;0;0;0;2;2;0;0;0;0;1;1;3;4;0;0;0;0;0;0;0;0;0;0;0;0;0;0;0;0;0;0;0;0;0;0;0;0;0;0;0;0;0;0
24.11.2024;13:03;A126;1;1;0;0;0;0;0;1;3;0;0;0;0;2;2;0;0;0;0;0;0;3;4;0;0;0;0;0;0;0;0;0;0;0;0;0;0;0;0;0;0;0;0;0;0;0;0;0;0;0;0;0;0
24.11.2024;13:02;A126;1;0;0;0;0;4;4;1;1;0;0;0;0;3;3;0;0;0;0;0;0;1;1;0;0;0;0;0;0;0;0;0;0;0;0;0;0;0;0;0;0;0;0;0;0;0;0;0;0;0;0;0;0
24.11.2024;13:01;A126;1;0;0;0;0;6;5;1;1;0;0;0;0;2;4;0;0;0;0;2;2;2;2;0;0;0;0;0;0;0;0;0;0;0;0;0;0;0;0;0;0;0;0;0;0;0;0;0;0;0;0;0;0
24.11.2024;13:00;A126;1;0;0;0;0;1;0;0;0;0;0;0;0;0;0;0;0;0;0;0;0;2;3;0;0;0;0;0;0;0;0;0;0;0;0;0;0;0;0;0;0;0;0;0;0;0;0;0;0;0;0;0;0
24.11.2024;12:59;A126;1;0;0;0;0;3;2;0;0;0;0;0;0;1;1;0;0;0;0;0;0;0;0;0;0;0;0;0;0;0;0;0;0;0;0;0;0;0;0;0;0;0;0;0;0;0;0;0;0;0;0;0;0
24.11.2024;12:58;A126;1;0;0;0;0;3;2;2;1;0;0;0;0;0;0;0;0;0;0;1;0;2;1;0;0;0;0;0;0;0;0;0;0;0;0;0;0;0;0;0;0;0;0;0;0;0;0;0;0;0;0;0;0
24.11.2024;12:57;A126;1;0;0;0;0;3;3;0;0;0;0;0;0;3;2;0;0;0;0;2;2;3;3;0;0;0;0;0;0;0;0;0;0;0;0;0;0;0;0;0;0;0;0;0;0;0;0;0;0;0;0;0;0
24.11.2024;12:56;A126;1;0;0;0;0;1;10;0;0;0;0;0;0;1;1;0;0;0;0;1;1;0;0;0;0;0;0;0;0;0;0;0;0;0;0;0;0;0;0;0;0;0;0;0;0;0;0;0;0;0;0;0;0
24.11.2024;12:55;A126;1;0;0;0;0;1;2;1;4;0;0;0;0;4;4;0;0;0;0;1;1;3;4;0;0;0;0;0;0;0;0;0;0;0;0;0;0;0;0;0;0;0;0;0;0;0;0;0;0;0;0;0;0
24.11.2024;12:54;A126;1;0;0;0;0;1;1;1;1;0;0;0;0;1;1;0;0;0;0;0;0;0;0;0;0;0;0;0;0;0;0;0;0;0;0;0;0;0;0;0;0;0;0;0;0;0;0;0;0;0;0;0;0
24.11.2024;12:53;A126;1;0;0;0;0;2;1;0;0;0;0;0;0;1;1;0;0;0;0;1;1;2;2;0;0;0;0;0;0;0;0;0;0;0;0;0;0;0;0;0;0;0;0;0;0;0;0;0;0;0;0;0;0
24.11.2024;12:52;A126;1;0;0;0;0;0;0;1;2;0;0;0;0;2;12;0;0;0;0;2;2;4;4;0;0;0;0;0;0;0;0;0;0;0;0;0;0;0;0;0;0;0;0;0;0;0;0;0;0;0;0;0;0
24.11.2024;12:51;A126;1;1;0;0;0;3;2;2;0;0;0;0;0;1;1;0;0;0;0;0;0;2;2;0;0;0;0;0;0;0;0;0;0;0;0;0;0;0;0;0;0;0;0;0;0;0;0;0;0;0;0;0;0
24.11.2024;12:50;A126;1;0;0;0;0;2;2;1;0;0;0;0;0;2;2;0;0;0;0;1;4;0;0;0;0;0;0;0;0;0;0;0;0;0;0;0;0;0;0;0;0;0;0;0;0;0;0;0;0;0;0;0;0
24.11.2024;12:49;A126;1;0;0;0;0;0;0;0;0;0;0;0;0;0;0;0;0;0;0;1;0;0;0;0;0;0;0;0;0;0;0;0;0;0;0;0;0;0;0;0;0;0;0;0;0;0;0;0;0;0;0;0;0
24.11.2024;12:48;A126;1;0;0;0;0;3;3;0;0;0;0;0;0;2;3;0;0;0;0;0;0;2;4;0;0;0;0;0;0;0;0;0;0;0;0;0;0;0;0;0;0;0;0;0;0;0;0;0;0;0;0;0;0
24.11.2024;12:47;A126;1;1;3;0;0;1;5;0;0;0;0;0;0;0;0;0;0;0;0;1;2;2;3;0;0;0;0;0;0;0;0;0;0;0;0;0;0;0;0;0;0;0;0;0;0;0;0;0;0;0;0;0;0
24.11.2024;12:46;A126;1;1;3;0;0;2;2;2;2;0;0;0;0;2;2;0;0;0;0;0;0;3;11;0;0;0;0;0;0;0;0;0;0;0;0;0;0;0;0;0;0;0;0;0;0;0;0;0;0;0;0;0;0
24.11.2024;12:45;A126;1;0;0;0;0;7;6;0;0;0;0;0;0;1;1;0;0;0;0;0;0;1;0;0;0;0;0;0;0;0;0;0;0;0;0;0;0;0;0;0;0;0;0;0;0;0;0;0;0;0;0;0;0
24.11.2024;12:44;A126;1;0;0;0;0;0;0;0;0;0;0;0;0;2;2;0;0;0;0;2;3;6;8;0;0;0;0;0;0;0;0;0;0;0;0;0;0;0;0;0;0;0;0;0;0;0;0;0;0;0;0;0;0
24.11.2024;12:43;A126;1;1;2;0;0;1;1;0;0;0;0;0;0;1;0;0;0;0;0;1;1;2;2;0;0;0;0;0;0;0;0;0;0;0;0;0;0;0;0;0;0;0;0;0;0;0;0;0;0;0;0;0;0
24.11.2024;12:42;A126;1;0;0;0;0;1;1;0;0;0;0;0;0;0;0;0;0;0;0;0;0;1;1;0;0;0;0;0;0;0;0;0;0;0;0;0;0;0;0;0;0;0;0;0;0;0;0;0;0;0;0;0;0
24.11.2024;12:41;A126;1;0;0;0;0;5;4;1;1;0;0;0;0;0;0;0;0;0;0;1;1;2;2;0;0;0;0;0;0;0;0;0;0;0;0;0;0;0;0;0;0;0;0;0;0;0;0;0;0;0;0;0;0
24.11.2024;12:40;A126;1;0;0;0;0;2;2;0;0;0;0;0;0;1;1;0;0;0;0;2;2;1;1;0;0;0;0;0;0;0;0;0;0;0;0;0;0;0;0;0;0;0;0;0;0;0;0;0;0;0;0;0;0
24.11.2024;12:39;A126;1;0;0;0;0;3;2;0;0;0;0;0;0;0;0;0;0;0;0;0;0;0;0;0;0;0;0;0;0;0;0;0;0;0;0;0;0;0;0;0;0;0;0;0;0;0;0;0;0;0;0;0;0
24.11.2024;12:38;A126;1;0;0;0;0;5;8;4;5;0;0;0;0;4;7;0;0;0;0;2;42;9;14;0;0;0;0;0;0;0;0;0;0;0;0;0;0;0;0;0;0;0;0;0;0;0;0;0;0;0;0;0;0
24.11.2024;12:37;A126;1;0;0;0;0;5;15;1;0;0;0;0;0;0;0;0;0;0;0;0;0;3;3;0;0;0;0;0;0;0;0;0;0;0;0;0;0;0;0;0;0;0;0;0;0;0;0;0;0;0;0;0;0
24.11.2024;12:36;A126;1;1;22;0;0;6;5;1;1;0;0;0;0;0;0;0;0;0;0;0;0;2;3;0;0;0;0;0;0;0;0;0;0;0;0;0;0;0;0;0;0;0;0;0;0;0;0;0;0;0;0;0;0
24.11.2024;12:35;A126;1;1;2;0;0;0;0;0;0;0;0;0;0;1;1;0;0;0;0;1;1;2;6;0;0;0;0;0;0;0;0;0;0;0;0;0;0;0;0;0;0;0;0;0;0;0;0;0;0;0;0;0;0
24.11.2024;12:34;A126;1;0;0;0;0;4;5;2;2;0;0;0;0;0;0;0;0;0;0;0;0;2;1;0;0;0;0;0;0;0;0;0;0;0;0;0;0;0;0;0;0;0;0;0;0;0;0;0;0;0;0;0;0
24.11.2024;12:33;A126;1;0;0;0;0;4;3;0;0;0;0;0;0;0;0;0;0;0;0;0;0;2;3;0;0;0;0;0;0;0;0;0;0;0;0;0;0;0;0;0;0;0;0;0;0;0;0;0;0;0;0;0;0
24.11.2024;12:32;A126;1;0;0;0;0;2;2;0;0;0;0;0;0;1;2;0;0;0;0;3;4;1;1;0;0;0;0;0;0;0;0;0;0;0;0;0;0;0;0;0;0;0;0;0;0;0;0;0;0;0;0;0;0
24.11.2024;12:31;A126;1;0;0;0;0;2;1;0;0;0;0;0;0;1;1;0;0;0;0;0;0;3;3;0;0;0;0;0;0;0;0;0;0;0;0;0;0;0;0;0;0;0;0;0;0;0;0;0;0;0;0;0;0
24.11.2024;12:30;A126;1;0;0;0;0;2;1;1;1;0;0;0;0;1;1;0;0;0;0;0;0;1;1;0;0;0;0;0;0;0;0;0;0;0;0;0;0;0;0;0;0;0;0;0;0;0;0;0;0;0;0;0;0
24.11.2024;12:29;A126;1;0;0;0;0;2;3;2;3;0;0;0;0;4;8;0;0;0;0;0;0;4;5;0;0;0;0;0;0;0;0;0;0;0;0;0;0;0;0;0;0;0;0;0;0;0;0;0;0;0;0;0;0
24.11.2024;12:28;A126;1;0;0;0;0;2;1;1;1;0;0;0;0;1;1;0;0;0;0;0;0;1;2;0;0;0;0;0;0;0;0;0;0;0;0;0;0;0;0;0;0;0;0;0;0;0;0;0;0;0;0;0;0
24.11.2024;12:27;A126;1;0;0;0;0;3;3;2;2;0;0;0;0;0;0;0;0;0;0;2;3;3;4;0;0;0;0;0;0;0;0;0;0;0;0;0;0;0;0;0;0;0;0;0;0;0;0;0;0;0;0;0;0
24.11.2024;12:26;A126;1;0;0;0;0;1;1;2;3;0;0;0;0;1;1;0;0;0;0;0;0;3;3;0;0;0;0;0;0;0;0;0;0;0;0;0;0;0;0;0;0;0;0;0;0;0;0;0;0;0;0;0;0
24.11.2024;12:25;A126;1;0;0;0;0;5;5;0;0;0;0;0;0;2;2;0;0;0;0;0;0;3;4;0;0;0;0;0;0;0;0;0;0;0;0;0;0;0;0;0;0;0;0;0;0;0;0;0;0;0;0;0;0
24.11.2024;12:24;A126;1;0;0;0;0;3;2;1;1;0;0;0;0;0;0;0;0;0;0;3;4;6;10;0;0;0;0;0;0;0;0;0;0;0;0;0;0;0;0;0;0;0;0;0;0;0;0;0;0;0;0;0;0
24.11.2024;12:23;A126;1;0;0;0;0;9;8;0;0;0;0;0;0;2;2;0;0;0;0;0;0;1;1;0;0;0;0;0;0;0;0;0;0;0;0;0;0;0;0;0;0;0;0;0;0;0;0;0;0;0;0;0;0
24.11.2024;12:22;A126;1;0;0;0;0;5;4;0;0;0;0;0;0;4;4;0;0;0;0;2;2;1;1;0;0;0;0;0;0;0;0;0;0;0;0;0;0;0;0;0;0;0;0;0;0;0;0;0;0;0;0;0;0
24.11.2024;12:21;A126;1;0;0;0;0;6;6;1;1;0;0;0;0;4;5;0;0;0;0;2;3;1;0;0;0;0;0;0;0;0;0;0;0;0;0;0;0;0;0;0;0;0;0;0;0;0;0;0;0;0;0;0;0
24.11.2024;12:20;A126;1;0;12;0;0;4;32;2;9;0;0;0;0;2;30;0;0;0;0;2;5;7;32;0;0;0;0;0;0;0;0;0;0;0;0;0;0;0;0;0;0;0;0;0;0;0;0;0;0;0;0;0;0
24.11.2024;12:19;A126;1;1;4;0;0;2;7;1;2;0;0;0;0;3;3;0;0;0;0;1;4;2;6;0;0;0;0;0;0;0;0;0;0;0;0;0;0;0;0;0;0;0;0;0;0;0;0;0;0;0;0;0;0
24.11.2024;12:18;A126;1;0;0;0;0;0;0;0;0;0;0;0;0;1;1;0;0;0;0;0;0;2;2;0;0;0;0;0;0;0;0;0;0;0;0;0;0;0;0;0;0;0;0;0;0;0;0;0;0;0;0;0;0
24.11.2024;12:17;A126;1;0;0;0;0;3;3;0;0;0;0;0;0;0;0;0;0;0;0;0;0;0;0;0;0;0;0;0;0;0;0;0;0;0;0;0;0;0;0;0;0;0;0;0;0;0;0;0;0;0;0;0;0
24.11.2024;12:16;A126;1;0;0;0;0;3;2;0;0;0;0;0;0;1;1;0;0;0;0;0;0;0;0;0;0;0;0;0;0;0;0;0;0;0;0;0;0;0;0;0;0;0;0;0;0;0;0;0;0;0;0;0;0
24.11.2024;12:15;A126;1;0;0;0;0;3;3;2;2;0;0;0;0;1;2;0;0;0;0;0;0;3;6;0;0;0;0;0;0;0;0;0;0;0;0;0;0;0;0;0;0;0;0;0;0;0;0;0;0;0;0;0;0
24.11.2024;12:14;A126;1;0;0;0;0;2;1;0;0;0;0;0;0;0;0;0;0;0;0;0;0;3;4;0;0;0;0;0;0;0;0;0;0;0;0;0;0;0;0;0;0;0;0;0;0;0;0;0;0;0;0;0;0
24.11.2024;12:13;A126;1;0;0;0;0;2;1;1;0;0;0;0;0;3;4;0;0;0;0;0;0;3;1;0;0;0;0;0;0;0;0;0;0;0;0;0;0;0;0;0;0;0;0;0;0;0;0;0;0;0;0;0;0
24.11.2024;12:12;A126;1;0;0;0;0;2;1;1;2;0;0;0;0;0;0;0;0;0;0;0;0;1;1;0;0;0;0;0;0;0;0;0;0;0;0;0;0;0;0;0;0;0;0;0;0;0;0;0;0;0;0;0;0
24.11.2024;12:11;A126;1;0;0;0;0;4;4;0;0;0;0;0;0;2;1;0;0;0;0;0;0;3;10;0;0;0;0;0;0;0;0;0;0;0;0;0;0;0;0;0;0;0;0;0;0;0;0;0;0;0;0;0;0
24.11.2024;12:10;A126;1;0;0;0;0;5;4;1;0;0;0;0;0;0;0;0;0;0;0;0;0;2;0;0;0;0;0;0;0;0;0;0;0;0;0;0;0;0;0;0;0;0;0;0;0;0;0;0;0;0;0;0;0
24.11.2024;12:09;A126;1;0;0;0;0;5;4;2;3;0;0;0;0;3;6;0;0;0;0;3;3;4;6;0;0;0;0;0;0;0;0;0;0;0;0;0;0;0;0;0;0;0;0;0;0;0;0;0;0;0;0;0;0
24.11.2024;12:08;A126;1;0;0;0;0;6;4;3;3;0;0;0;0;1;1;0;0;0;0;0;0;2;1;0;0;0;0;0;0;0;0;0;0;0;0;0;0;0;0;0;0;0;0;0;0;0;0;0;0;0;0;0;0
24.11.2024;12:07;A126;1;0;0;0;0;6;7;1;1;0;0;0;0;2;2;0;0;0;0;0;0;0;0;0;0;0;0;0;0;0;0;0;0;0;0;0;0;0;0;0;0;0;0;0;0;0;0;0;0;0;0;0;0
24.11.2024;12:06;A126;1;1;2;0;0;0;0;0;0;0;0;0;0;2;2;0;0;0;0;2;19;1;0;0;0;0;0;0;0;0;0;0;0;0;0;0;0;0;0;0;0;0;0;0;0;0;0;0;0;0;0;0;0
24.11.2024;12:05;A126;1;0;0;0;0;4;13;1;1;0;0;0;0;0;0;0;0;0;0;0;0;2;6;0;0;0;0;0;0;0;0;0;0;0;0;0;0;0;0;0;0;0;0;0;0;0;0;0;0;0;0;0;0
24.11.2024;12:04;A126;1;0;0;0;0;0;0;1;2;0;0;0;0;1;1;0;0;0;0;0;0;1;0;0;0;0;0;0;0;0;0;0;0;0;0;0;0;0;0;0;0;0;0;0;0;0;0;0;0;0;0;0;0
24.11.2024;12:03;A126;1;0;0;0;0;0;0;0;0;0;0;0;0;0;0;0;0;0;0;2;2;2;2;0;0;0;0;0;0;0;0;0;0;0;0;0;0;0;0;0;0;0;0;0;0;0;0;0;0;0;0;0;0
24.11.2024;12:02;A126;1;0;0;0;0;1;0;1;1;0;0;0;0;0;0;0;0;0;0;0;0;2;2;0;0;0;0;0;0;0;0;0;0;0;0;0;0;0;0;0;0;0;0;0;0;0;0;0;0;0;0;0;0
24.11.2024;12:01;A126;1;0;0;0;0;1;1;0;0;0;0;0;0;1;1;0;0;0;0;2;3;2;4;0;0;0;0;0;0;0;0;0;0;0;0;0;0;0;0;0;0;0;0;0;0;0;0;0;0;0;0;0;0
24.11.2024;12:00;A126;1;0;0;0;0;0;0;0;0;0;0;0;0;0;0;1;3;0;0;1;1;4;8;2;7;5;12;0;0;0;0;0;0;0;0;0;0;0;0;0;0;0;0;0;0;0;0;0;0;0;0;0;0
24.11.2024;11:59;A126;1;0;0;0;0;1;0;0;0;1;2;0;0;0;0;0;0;0;0;0;0;1;1;0;0;1;4;0;0;0;0;0;0;0;0;0;0;0;0;0;0;0;0;0;0;0;0;0;0;0;0;0;0
24.11.2024;11:58;A126;1;0;0;0;0;3;2;0;0;3;8;0;0;0;0;0;0;0;0;2;7;1;32;2;12;1;6;0;0;0;0;0;0;0;0;0;0;0;0;0;0;0;0;0;0;0;0;0;0;0;0;0;0
24.11.2024;11:57;A126;1;0;0;1;2;2;2;0;0;2;8;0;0;0;0;0;0;0;0;0;0;2;28;0;0;3;10;0;0;0;0;0;0;0;0;0;0;0;0;0;0;0;0;0;0;0;0;0;0;0;0;0;0
24.11.2024;11:56;A126;1;0;0;0;0;2;22;0;0;0;3;1;7;2;3;0;0;1;1;2;2;2;24;2;7;2;8;0;0;0;0;0;0;0;0;0;0;0;0;0;0;0;0;0;0;0;0;0;0;0;0;0;0
24.11.2024;11:55;A126;1;0;0;0;0;1;0;1;1;2;6;1;3;1;0;0;0;0;0;0;0;4;4;0;0;3;10;0;0;0;0;0;0;0;0;0;0;0;0;0;0;0;0;0;0;0;0;0;0;0;0;0;0
24.11.2024;11:54;A126;1;0;0;0;0;0;0;1;1;0;0;1;2;0;0;0;0;0;0;0;0;1;1;0;0;1;2;0;0;0;0;0;0;0;0;0;0;0;0;0;0;0;0;0;0;0;0;0;0;0;0;0;0
24.11.2024;11:53;A126;1;0;0;0;0;0;0;0;0;0;0;0;0;0;0;0;0;0;0;1;1;1;1;1;4;1;3;0;0;0;0;0;0;0;0;0;0;0;0;0;0;0;0;0;0;0;0;0;0;0;0;0;0
24.11.2024;11:52;A126;1;0;0;0;0;1;1;0;0;0;4;0;0;0;0;0;0;0;0;1;1;1;1;1;4;1;3;0;0;0;0;0;0;0;0;0;0;0;0;0;0;0;0;0;0;0;0;0;0;0;0;0;0
24.11.2024;11:51;A126;1;0;0;0;0;2;20;0;0;3;8;0;0;3;3;1;14;2;2;1;1;0;0;1;3;0;0;0;0;0;0;0;0;0;0;0;0;0;0;0;0;0;0;0;0;0;0;0;0;0;0;0;0
24.11.2024;11:50;A126;1;0;0;0;0;0;0;1;1;0;0;1;3;0;0;0;0;0;0;1;1;2;1;1;3;1;3;0;0;0;0;0;0;0;0;0;0;0;0;0;0;0;0;0;0;0;0;0;0;0;0;0;0
24.11.2024;11:49;A126;1;1;9;1;5;1;2;1;8;1;5;1;4;1;0;0;0;0;0;1;0;0;0;0;0;0;0;0;0;0;0;0;0;0;0;0;0;0;0;0;0;0;0;0;0;0;0;0;0;0;0;0;0
24.11.2024;11:48;A126;1;0;0;0;0;2;1;1;1;2;4;1;2;0;0;0;0;0;0;1;1;1;1;1;3;0;0;0;0;0;0;0;0;0;0;0;0;0;0;0;0;0;0;0;0;0;0;0;0;0;0;0;0
24.11.2024;11:47;A126;1;0;0;0;0;1;0;1;1;1;2;1;2;0;0;0;0;0;0;1;2;2;1;1;6;1;3;0;0;0;0;0;0;0;0;0;0;0;0;0;0;0;0;0;0;0;0;0;0;0;0;0;0
24.11.2024;11:46;A126;1;0;0;0;0;2;1;1;0;2;4;0;0;0;0;0;0;0;0;0;0;1;1;0;0;1;4;0;0;0;0;0;0;0;0;0;0;0;0;0;0;0;0;0;0;0;0;0;0;0;0;0;0
24.11.2024;11:45;A126;1;0;0;0;0;4;3;2;1;4;11;1;2;0;0;0;0;0;0;1;1;1;0;1;3;0;0;0;0;0;0;0;0;0;0;0;0;0;0;0;0;0;0;0;0;0;0;0;0;0;0;0;0
24.11.2024;11:44;A126;1;0;0;0;0;2;1;0;0;2;5;0;0;0;0;0;0;0;0;0;0;0;0;0;0;0;0;0;0;0;0;0;0;0;0;0;0;0;0;0;0;0;0;0;0;0;0;0;0;0;0;0;0
24.11.2024;11:43;A126;1;0;0;0;0;1;32;0;0;1;6;0;0;2;2;1;4;1;1;1;1;0;0;0;2;0;0;0;0;0;0;0;0;0;0;0;0;0;0;0;0;0;0;0;0;0;0;0;0;0;0;0;0
24.11.2024;11:42;A126;1;0;0;0;0;4;33;0;0;2;42;0;0;1;4;1;5;1;8;0;0;1;30;1;0;1;6;0;0;0;0;0;0;0;0;0;0;0;0;0;0;0;0;0;0;0;0;0;0;0;0;0;0
24.11.2024;11:41;A126;1;1;1;0;0;2;2;0;0;2;7;0;0;0;0;0;0;0;0;0;0;2;30;0;0;2;9;0;0;0;0;0;0;0;0;0;0;0;0;0;0;0;0;0;0;0;0;0;0;0;0;0;0
24.11.2024;11:40;A126;1;1;1;0;0;3;2;0;0;2;8;0;0;1;4;0;6;2;4;1;3;5;12;1;6;3;17;0;0;0;0;0;0;0;0;0;0;0;0;0;0;0;0;0;0;0;0;0;0;0;0;0;0
24.11.2024;11:39;A126;1;0;0;0;0;2;2;0;2;2;6;0;0;2;29;3;27;1;20;0;0;1;2;2;4;1;5;0;0;0;0;0;0;0;0;0;0;0;0;0;0;0;0;0;0;0;0;0;0;0;0;0;0
24.11.2024;11:38;A126;1;0;0;0;0;2;1;1;21;2;7;1;4;0;0;0;0;0;0;2;17;1;6;1;8;0;0;0;0;0;0;0;0;0;0;0;0;0;0;0;0;1;1;1;1;0;0;0;0;0;0;0;0
24.11.2024;11:37;A126;1;0;0;1;2;2;42;1;27;1;46;1;5;0;0;0;0;0;0;0;0;1;14;0;0;1;5;0;0;0;0;0;0;0;0;0;0;0;0;0;0;0;0;0;0;0;0;0;0;0;0;0;0
24.11.2024;11:36;A126;1;2;1;0;0;3;20;2;2;4;18;0;0;1;0;0;0;0;0;1;1;2;3;1;3;2;7;0;0;0;0;0;0;0;0;0;0;0;0;0;0;0;0;0;0;0;0;0;0;0;0;0;0
24.11.2024;11:35;A126;1;0;0;0;0;0;0;0;0;0;0;0;0;0;0;0;0;0;0;0;0;1;1;0;0;1;4;0;0;0;0;0;0;0;0;0;0;0;0;0;0;0;0;0;0;0;0;0;0;0;0;0;0
24.11.2024;11:34;A126;1;0;0;0;0;4;3;1;1;4;10;1;3;0;0;0;0;0;0;0;0;0;0;0;0;0;0;0;0;0;0;0;0;0;0;0;0;0;0;0;0;0;0;0;0;0;0;0;0;0;0;0;0
24.11.2024;11:33;A126;1;0;0;0;0;3;60;1;3;3;30;1;6;1;16;1;8;1;2;0;0;0;27;0;0;0;0;0;0;0;0;0;0;0;0;0;0;0;0;0;0;0;0;0;0;0;0;0;0;0;0;0;0
24.11.2024;11:32;A126;1;0;0;1;5;1;1;1;1;1;3;1;4;0;0;0;0;0;0;0;0;2;6;0;0;2;5;0;0;0;0;0;0;0;0;0;0;0;0;0;0;0;0;0;0;0;0;0;0;0;0;0;0
24.11.2024;11:31;A126;1;1;1;2;1;1;0;0;0;1;2;0;0;1;19;0;0;1;4;0;0;3;3;0;0;3;10;0;0;0;0;0;0;0;0;0;0;0;0;0;0;0;0;0;0;0;0;1;1;0;0;0;0
24.11.2024;11:30;A126;1;0;0;0;0;0;0;0;0;0;0;0;0;2;29;3;16;2;3;0;0;1;1;0;0;1;3;0;0;0;0;0;0;0;0;0;0;0;0;0;0;0;0;0;0;0;0;0;0;0;0;0;0
24.11.2024;11:29;A126;1;0;0;0;0;1;0;0;0;1;2;0;0;0;0;0;0;0;0;2;2;0;0;2;6;0;0;0;0;0;0;0;0;0;0;0;0;0;0;0;0;0;0;0;0;0;0;0;0;0;0;0;0
24.11.2024;11:28;A126;1;0;0;0;0;0;0;0;0;0;0;0;0;1;0;0;0;0;0;1;15;1;3;1;6;1;7;0;0;0;0;0;0;0;0;0;0;0;0;0;0;0;0;0;0;0;0;0;0;0;0;0;0
24.11.2024;11:27;A126;1;1;2;0;0;1;22;0;0;1;6;0;0;0;0;0;0;0;0;2;2;0;0;2;7;0;0;0;0;0;0;0;0;0;0;0;0;0;0;0;0;0;0;0;0;0;0;0;0;0;0;0;0
24.11.2024;11:26;A126;1;0;0;0;0;0;0;0;0;0;0;0;0;0;0;0;0;0;0;0;0;2;2;0;0;2;6;0;0;0;0;0;0;0;0;0;0;0;0;0;0;0;0;0;0;0;0;0;0;0;0;0;0
24.11.2024;11:25;A126;1;0;0;0;0;1;0;0;0;1;2;0;0;0;0;0;0;0;0;0;0;0;0;0;0;0;0;0;0;0;0;0;0;0;0;0;0;0;0;0;0;0;0;0;0;0;0;0;0;0;0;0;0
24.11.2024;11:24;A126;1;0;0;0;0;3;2;0;0;2;7;0;0;0;0;0;0;0;0;1;1;1;1;1;3;1;3;0;0;0;0;0;0;0;0;0;0;0;0;0;0;0;0;0;0;0;0;0;0;0;0;0;0
24.11.2024;11:23;A126;1;0;0;0;0;2;1;0;0;3;6;0;0;0;0;0;0;0;0;0;0;4;5;0;0;4;14;0;0;0;0;0;0;0;0;0;0;0;0;0;0;0;0;0;0;0;0;0;0;0;0;0;0
24.11.2024;11:22;A126;1;0;0;0;0;3;15;1;0;2;21;0;0;0;0;0;0;0;0;0;0;0;0;0;0;0;0;0;0;0;0;0;0;0;0;0;0;0;0;0;0;0;0;0;0;0;0;0;0;0;0;0;0
24.11.2024;11:21;A126;1;2;2;1;4;1;1;0;0;1;3;0;0;0;0;0;0;0;0;0;0;1;1;0;0;1;4;0;0;0;0;0;0;0;0;0;0;0;0;0;0;0;0;0;0;0;0;0;0;0;0;0;0
24.11.2024;11:20;A126;1;0;0;0;0;0;0;0;0;1;2;2;5;0;0;0;0;0;0;0;0;0;0;0;0;0;0;0;0;0;0;0;0;0;0;0;0;0;0;0;0;0;0;0;0;0;0;0;0;0;0;0;0
24.11.2024;11:19;A126;1;0;0;1;1;2;1;1;9;0;0;0;0;0;0;0;0;0;0;3;28;5;31;3;35;3;41;0;0;0;0;0;0;0;0;0;0;0;0;0;0;0;0;0;0;0;0;0;0;0;0;0;0
24.11.2024;11:18;A126;1;0;0;0;0;3;40;1;1;3;9;1;3;2;5;1;4;1;28;0;0;0;0;0;0;0;0;0;0;0;0;0;0;0;0;0;0;0;0;0;0;0;0;0;0;0;0;0;0;0;0;0;0
24.11.2024;11:17;A126;1;0;0;0;0;1;2;1;1;1;4;0;0;0;0;0;0;0;0;3;4;1;1;3;11;1;3;0;0;0;0;0;0;0;0;0;0;0;0;0;0;0;0;0;0;0;0;0;0;0;0;0;0
24.11.2024;11:16;A126;1;0;0;1;11;1;0;0;0;1;2;0;0;0;0;0;0;0;0;1;1;0;0;1;2;0;0;0;0;0;0;0;0;0;0;0;0;0;0;0;0;0;0;0;0;0;0;0;0;0;0;0;0
24.11.2024;11:15;A126;1;0;0;0;0;1;1;0;0;1;2;0;0;0;0;0;0;0;0;0;0;0;0;0;0;0;0;0;0;0;0;0;0;0;0;0;0;0;0;0;0;0;0;0;0;0;0;0;0;0;0;0;0
24.11.2024;11:14;A126;1;0;0;0;0;1;1;0;0;1;2;0;0;0;0;0;0;0;0;1;1;1;1;1;3;1;3;0;0;0;0;0;0;0;0;0;0;0;0;0;0;0;0;0;0;0;0;0;0;0;0;0;0
24.11.2024;11:13;A126;1;0;0;0;0;1;0;0;0;1;2;0;0;0;1;0;0;1;3;0;0;0;0;0;0;0;0;0;0;0;0;0;0;0;0;0;0;0;0;0;0;0;0;0;0;0;0;0;0;0;0;0;0
24.11.2024;11:12;A126;1;0;0;0;0;1;0;0;0;1;2;0;0;1;15;2;17;1;0;0;0;0;0;0;0;0;0;0;0;0;0;0;0;0;0;0;0;0;0;0;0;0;0;0;0;0;0;0;0;0;0;0;0
24.11.2024;11:11;A126;1;0;0;0;0;2;39;0;0;1;6;0;0;2;14;1;7;1;0;1;9;0;0;1;6;0;0;0;0;0;0;0;0;0;0;0;0;0;0;0;0;0;0;0;0;0;0;0;0;0;0;0;0
24.11.2024;11:10;A126;1;0;0;0;0;2;2;0;0;2;5;0;0;0;0;0;0;0;0;0;0;0;0;0;0;1;0;0;0;0;0;0;0;0;0;0;0;0;0;0;0;0;0;0;0;0;0;0;0;0;0;0;0
24.11.2024;11:09;A126;1;0;0;0;0;1;10;0;0;1;5;0;0;0;0;0;0;0;0;0;0;1;0;0;0;1;2;0;0;0;0;0;0;0;0;0;0;0;0;0;0;0;0;0;0;0;0;0;0;0;0;0;0
24.11.2024;11:08;A126;1;0;0;0;0;1;0;0;0;1;2;0;0;0;0;2;2;1;0;0;0;2;0;0;0;0;0;0;0;0;0;0;0;0;0;0;0;0;0;0;0;0;0;0;0;0;0;0;0;0;0;0;0
24.11.2024;11:07;A126;1;1;35;1;6;1;10;0;0;0;10;0;0;1;0;0;0;0;0;0;0;5;47;0;0;3;33;0;0;0;0;0;0;0;0;0;0;0;0;0;0;0;0;0;0;0;0;0;0;0;0;0;0
24.11.2024;11:06;A126;1;0;0;0;0;4;26;1;1;4;39;0;0;1;0;0;0;0;0;1;2;1;2;1;5;1;4;0;0;0;0;0;0;0;0;0;0;0;0;0;0;0;0;0;0;0;0;0;0;0;0;0;0
24.11.2024;11:05;A126;1;0;0;0;0;0;0;0;0;0;0;0;0;0;0;0;0;1;0;0;0;0;0;0;0;0;0;0;0;0;0;0;0;0;0;0;0;0;0;0;0;0;0;0;0;0;0;0;0;0;0;0;0
24.11.2024;11:04;A126;1;0;0;0;0;2;1;2;3;2;5;2;7;2;1;0;0;0;0;0;0;2;0;0;0;0;0;0;0;0;0;0;0;0;0;0;0;0;0;0;0;0;0;0;0;0;0;0;0;0;0;0;0
24.11.2024;11:03;A126;1;0;0;0;0;0;0;1;1;0;0;1;2;2;19;2;9;2;3;0;0;0;0;0;0;0;0;0;0;0;0;0;0;0;0;0;0;0;0;0;0;0;0;0;0;0;0;0;0;0;0;0;0
24.11.2024;11:02;A126;1;0;0;0;0;0;0;1;1;0;0;1;3;0;0;0;0;0;0;2;2;2;2;2;6;2;6;0;0;0;0;0;0;0;0;0;0;0;0;0;0;0;0;0;0;0;0;0;0;0;0;0;0
24.11.2024;11:01;A126;1;0;0;0;0;1;1;0;0;1;4;0;0;0;0;0;0;0;0;0;0;0;0;0;0;0;0;0;0;0;0;0;0;0;0;0;0;0;0;0;0;0;0;0;0;0;0;0;0;0;0;0;0
24.11.2024;11:00;A126;1;0;0;0;0;1;1;1;1;1;2;1;3;0;0;0;0;0;0;0;0;0;0;0;0;0;0;0;0;0;0;0;0;0;0;0;0;0;0;0;0;0;0;0;0;0;0;0;0;0;0;0;0
24.11.2024;10:59;A126;1;0;0;0;0;0;0;0;0;0;0;0;0;1;2;1;7;1;2;1;1;2;2;1;3;1;4;0;0;0;0;0;0;0;0;0;0;0;0;0;0;0;0;0;0;0;0;0;0;0;0;0;0
24.11.2024;10:58;A126;1;0;0;1;1;2;26;0;0;2;9;0;0;0;0;0;0;0;0;0;0;0;0;0;0;0;0;0;0;0;0;0;0;0;0;0;0;0;0;0;0;0;0;0;0;0;0;0;0;0;0;0;0
24.11.2024;10:57;A126;1;1;0;0;0;2;13;2;15;1;2;1;4;1;0;0;0;0;0;1;1;2;2;1;3;1;4;0;0;0;0;0;0;0;0;0;0;0;0;0;0;0;0;0;0;0;0;0;0;0;0;0;0
24.11.2024;10:56;A126;1;0;0;0;0;1;12;0;0;1;5;1;8;1;31;1;6;2;7;1;1;0;0;1;3;0;0;0;0;0;0;0;0;0;0;0;0;0;0;0;0;0;0;0;0;0;0;0;0;0;0;0;0
24.11.2024;10:55;A126;1;1;1;1;2;4;49;0;0;2;37;0;0;2;19;1;6;1;3;0;0;0;0;0;0;0;0;0;0;0;0;0;0;0;0;0;0;0;0;0;0;0;0;0;0;0;0;0;0;0;0;0;0
24.11.2024;10:54;A126;1;0;0;0;0;2;8;0;0;2;8;1;3;0;0;1;1;0;0;2;1;0;0;1;2;1;2;0;0;0;0;0;0;0;0;0;0;0;0;0;0;0;0;0;0;0;0;0;0;0;0;0;0
24.11.2024;10:53;A126;1;0;0;1;1;2;2;1;16;2;7;1;16;1;11;1;5;1;2;0;0;3;31;0;0;2;9;0;0;0;0;0;0;0;0;0;0;0;0;0;0;0;0;0;0;0;0;0;0;0;0;0;0
24.11.2024;10:52;A126;1;0;0;0;0;0;0;1;1;0;0;1;3;1;2;0;0;2;1;1;1;1;1;1;3;1;3;0;0;1;1;1;1;0;0;0;0;0;0;0;0;0;0;0;0;0;0;0;0;0;0;0;0
24.11.2024;10:51;A126;1;0;0;0;0;3;2;3;2;3;7;2;6;0;0;0;0;0;0;0;0;2;2;0;0;1;3;0;0;0;0;0;0;0;0;0;0;0;0;0;0;0;0;0;0;0;0;0;0;0;0;0;0
24.11.2024;10:50;A126;1;0;0;0;0;0;0;0;0;0;0;0;0;0;0;0;0;0;0;0;0;1;1;0;0;1;3;0;0;0;0;0;0;0;0;0;0;0;0;0;0;0;0;0;0;0;0;0;0;0;0;0;0
24.11.2024;10:49;A126;1;0;0;0;0;1;0;0;0;1;2;0;0;0;0;0;0;0;0;1;3;2;2;2;8;1;2;0;0;0;0;0;0;0;0;0;0;0;0;0;0;1;1;1;1;0;0;0;0;0;0;0;0
24.11.2024;10:48;A126;1;0;0;1;5;3;10;2;36;4;10;2;7;0;0;0;0;0;0;0;0;1;0;0;0;0;0;0;0;0;0;0;0;0;0;0;0;0;0;0;0;0;0;0;0;0;0;0;0;0;0;0;0
24.11.2024;10:47;A126;1;0;0;0;0;2;1;0;0;2;5;0;0;0;0;0;0;0;0;2;3;1;0;2;7;0;0;0;0;0;0;0;0;0;0;0;0;0;0;0;0;0;0;0;0;0;0;0;0;0;0;0;0
24.11.2024;10:46;A126;1;0;0;0;0;2;1;1;1;2;4;2;4;0;0;0;0;0;0;0;0;2;2;0;0;1;4;0;0;0;0;0;0;0;0;0;0;0;0;0;0;0;0;0;0;0;0;0;0;0;0;0;0
24.11.2024;10:45;A126;1;1;3;1;4;2;1;1;41;2;5;1;4;1;1;0;0;0;0;0;1;1;0;0;0;0;0;0;0;0;0;0;0;0;0;0;0;0;0;0;0;0;0;0;0;0;0;0;0;0;0;0;0
24.11.2024;10:44;A126;1;0;0;0;0;1;1;0;0;1;3;0;0;0;0;0;0;0;0;1;0;3;5;1;3;2;8;0;0;0;0;0;0;0;0;0;0;0;0;0;0;0;0;0;0;0;0;0;0;0;0;0;0
24.11.2024;10:43;A126;1;0;0;0;0;2;1;1;0;2;5;0;0;0;0;0;0;0;0;1;1;1;1;1;3;1;8;0;0;0;0;0;0;0;0;0;0;0;0;0;0;0;0;0;0;0;0;0;0;0;0;0;0
24.11.2024;10:42;A126;1;0;0;0;0;0;0;0;0;0;0;0;0;1;16;1;6;1;2;2;5;1;1;1;13;0;0;0;0;0;0;0;0;0;0;0;0;0;0;0;0;0;0;0;0;0;0;0;0;0;0;0;0
24.11.2024;10:41;A126;1;0;0;0;0;0;0;2;22;0;0;2;9;1;19;1;5;1;20;1;3;4;9;1;6;2;9;0;0;0;0;0;0;0;0;0;0;0;0;0;0;0;0;0;0;0;0;0;0;0;0;0;0
24.11.2024;10:40;A126;1;0;0;0;0;1;1;1;2;2;5;1;7;1;0;0;0;0;0;1;2;2;1;1;5;0;0;0;0;0;0;0;0;0;0;0;0;0;0;0;0;0;0;0;0;0;0;0;0;0;0;0;0
24.11.2024;10:39;A126;1;1;20;2;5;2;1;1;0;2;1;3;3;0;0;0;0;0;0;1;4;1;1;1;5;1;3;0;0;0;0;0;0;0;0;0;0;0;0;0;0;0;0;0;0;0;0;0;0;0;0;0;0
24.11.2024;10:38;A126;1;0;0;0;0;0;0;0;0;0;0;0;0;0;16;0;1;1;3;0;0;1;1;0;0;1;5;0;0;0;0;0;0;0;0;0;0;0;0;0;0;0;0;0;0;0;0;0;0;0;0;0;0
24.11.2024;10:37;A126;1;0;0;0;0;2;2;0;0;2;6;0;0;2;2;2;13;6;13;1;0;2;2;0;0;1;3;0;0;0;0;0;0;0;0;0;0;0;0;0;0;0;0;0;0;0;0;0;0;0;0;0;0
24.11.2024;10:36;A126;1;0;2;0;0;2;25;0;0;1;38;0;0;1;2;0;0;0;0;0;0;0;0;0;0;0;0;0;0;0;0;0;0;0;0;0;0;0;0;0;0;0;0;0;0;0;0;0;0;0;0;0;0
24.11.2024;10:35;A126;1;1;17;2;12;0;8;0;0;1;15;0;0;1;33;0;2;1;1;0;0;1;11;0;0;1;5;0;0;0;0;0;0;0;0;0;0;0;0;0;0;0;0;0;0;0;0;0;0;0;0;0;0
24.11.2024;10:34;A126;1;0;0;0;0;3;19;0;0;3;18;0;0;1;31;2;9;1;2;1;1;2;25;1;3;2;7;0;0;0;0;0;0;0;0;0;0;0;0;0;0;1;1;0;0;0;0;0;0;0;0;0;0
24.11.2024;10:33;A126;1;0;0;0;0;1;1;0;0;1;3;0;0;1;1;0;0;0;0;2;2;2;3;2;7;2;7;0;0;0;0;0;0;0;0;0;0;0;0;0;0;0;0;0;0;0;0;0;0;0;0;0;0
24.11.2024;10:32;A126;1;0;0;0;0;2;18;0;0;2;13;0;0;0;0;0;0;0;0;0;0;0;0;0;0;0;0;0;0;0;0;0;0;0;0;0;0;0;0;0;0;0;0;0;0;0;0;0;0;0;0;0;0
24.11.2024;10:31;A126;1;0;0;0;0;1;7;0;0;1;5;0;0;1;16;1;8;1;3;0;0;2;2;0;0;1;3;0;0;0;0;0;0;0;0;0;0;0;0;0;0;0;0;0;0;0;0;0;0;0;0;0;0
24.11.2024;10:30;A126;1;0;0;0;0;0;0;0;0;0;0;0;0;0;0;0;0;0;0;1;2;4;5;1;5;4;14;0;0;0;0;0;0;0;0;0;0;0;0;0;0;0;0;0;0;0;0;0;0;0;0;0;0
24.11.2024;10:29;A126;1;1;0;0;0;1;17;1;19;1;5;2;6;0;0;0;0;0;0;0;0;3;3;0;0;2;13;0;0;0;0;0;0;0;0;0;0;0;0;0;0;0;0;0;0;0;0;0;0;0;0;0;0
24.11.2024;10:28;A126;1;0;0;0;0;2;35;0;0;2;28;0;0;3;4;1;7;2;3;0;0;0;0;0;0;0;0;0;0;0;0;0;0;0;0;0;0;0;0;0;0;0;0;0;0;0;0;0;0;0;0;0;0
24.11.2024;10:27;A126;1;0;0;0;0;1;1;2;2;1;3;2;5;2;1;0;0;0;0;3;51;1;0;2;55;0;0;0;0;0;0;0;0;0;0;0;0;0;0;0;0;0;0;0;0;0;0;0;0;0;0;0;0
24.11.2024;10:26;A126;1;3;22;0;27;0;0;0;0;0;0;0;0;2;1;1;3;2;1;1;19;0;0;1;25;0;0;0;0;0;0;0;0;0;0;0;0;0;0;0;0;0;0;0;0;0;0;0;0;0;0;0;0
24.11.2024;10:25;A126;1;1;19;2;12;0;0;0;0;0;0;0;0;2;1;0;0;1;0;1;1;2;2;1;4;2;7;0;0;0;0;0;0;0;0;0;0;0;0;0;0;0;0;0;0;0;0;0;0;0;0;0;0
24.11.2024;10:24;A126;1;0;0;0;0;1;0;1;1;1;2;1;3;0;0;0;0;0;0;0;0;0;0;0;0;0;0;0;0;0;0;0;0;0;0;0;0;0;0;0;0;0;0;0;0;0;0;0;0;0;0;0;0
24.11.2024;10:23;A126;1;0;0;0;0;0;0;0;0;0;0;0;0;1;0;0;0;0;0;1;1;0;0;1;4;0;0;0;0;0;0;0;0;0;0;0;0;0;0;0;0;0;0;0;0;0;0;0;0;0;0;0;0
24.11.2024;10:22;A126;1;0;0;0;0;1;0;0;0;1;2;0;0;0;0;0;0;0;0;1;1;0;0;0;2;0;0;0;0;0;0;0;0;0;0;0;0;0;0;0;0;0;0;0;0;0;0;0;0;0;0;0;0
24.11.2024;10:21;A126;1;0;0;0;0;1;1;1;2;1;3;1;3;0;0;0;0;0;0;0;0;0;0;1;0;0;0;0;0;0;0;0;0;0;0;0;0;0;0;0;0;0;0;0;0;0;0;0;0;0;0;0;0
24.11.2024;10:20;A126;1;0;0;0;0;0;0;1;0;0;0;1;4;0;0;0;0;0;0;0;0;2;2;0;0;2;7;0;0;0;0;0;0;0;0;0;0;0;0;0;0;0;0;0;0;0;0;0;0;0;0;0;0
24.11.2024;10:19;A126;1;0;0;0;0;3;3;1;1;3;9;1;3;0;0;0;0;0;0;1;1;1;3;1;3;1;5;0;0;0;0;0;0;0;0;0;0;0;0;0;0;0;0;0;0;0;0;0;0;0;0;0;0
24.11.2024;10:18;A126;1;0;0;0;0;1;0;1;0;1;2;0;0;0;0;0;0;0;0;1;2;8;10;1;5;4;17;0;0;0;0;0;0;0;0;0;0;0;0;0;0;0;0;0;0;0;0;0;0;0;0;0;0
24.11.2024;10:17;A126;1;0;0;1;3;1;42;0;0;1;4;0;0;0;0;0;0;0;0;0;0;0;0;0;0;1;3;0;0;0;0;0;0;0;0;0;0;0;0;0;0;0;0;0;0;0;0;0;0;0;0;0;0
24.11.2024;10:16;A126;1;0;0;0;0;4;4;2;3;3;12;1;4;0;0;0;0;0;0;0;0;3;3;1;2;2;6;0;0;0;0;0;0;0;0;0;0;0;0;0;0;0;0;0;0;0;0;0;0;0;0;0;0
24.11.2024;10:15;A126;1;0;0;0;0;0;0;0;0;0;0;0;0;0;0;0;0;0;0;0;0;0;0;0;0;0;0;0;0;0;0;0;0;0;0;0;0;0;0;0;0;0;0;0;0;0;0;0;0;0;0;0;0
24.11.2024;10:14;A126;1;0;0;0;0;0;0;0;0;0;0;0;0;1;1;1;3;1;1;0;0;1;1;0;0;1;3;0;0;0;0;0;0;0;0;0;0;0;0;0;0;0;0;0;0;0;0;0;0;0;0;0;0
24.11.2024;10:13;A126;1;0;0;1;0;3;3;1;1;2;7;1;3;0;0;0;0;0;0;1;0;3;4;1;2;2;11;0;0;0;0;0;0;0;0;0;0;0;0;0;0;0;0;0;0;0;0;0;0;0;0;0;0
24.11.2024;10:12;A126;1;0;0;0;0;1;25;1;19;2;6;1;5;1;0;0;0;1;0;0;0;1;1;0;0;1;4;0;0;0;0;0;0;0;0;0;0;0;0;0;0;0;0;0;0;0;0;0;0;0;0;0;0
24.11.2024;10:11;A126;1;0;0;0;0;0;0;1;2;0;0;1;4;0;0;0;0;0;0;3;4;0;0;2;10;0;0;0;0;0;0;0;0;0;0;0;0;0;0;0;0;0;0;0;0;0;0;0;0;0;0;0;0
24.11.2024;10:10;A126;1;0;0;0;0;2;1;0;0;2;5;0;0;1;17;1;23;1;3;0;0;0;0;0;0;0;0;0;0;0;0;0;0;0;0;0;0;0;0;0;0;0;0;0;0;0;0;0;0;0;0;0;0
24.11.2024;10:09;A126;1;0;0;0;0;0;0;0;0;0;0;0;0;0;0;0;0;0;0;0;0;1;1;0;0;1;2;0;0;0;0;0;0;0;0;0;0;0;0;0;0;0;0;0;0;0;0;0;0;0;0;0;0
24.11.2024;10:08;A126;1;0;0;1;2;0;0;0;0;0;0;0;0;0;0;0;0;0;0;0;0;0;0;0;0;0;0;0;0;0;0;0;0;0;0;0;0;0;0;0;0;0;0;0;0;0;0;0;0;0;0;0;0
24.11.2024;10:07;A126;1;1;22;1;5;4;4;0;0;3;12;0;0;0;0;0;0;0;0;1;0;1;0;1;2;0;0;0;0;0;0;0;0;0;0;0;0;0;0;0;0;0;0;0;0;0;0;0;0;0;0;0;0
24.11.2024;10:06;A126;1;0;0;0;0;4;9;0;0;2;13;0;7;0;0;0;0;0;0;0;0;1;0;0;0;0;0;0;0;0;0;0;0;0;0;0;0;0;0;0;0;0;0;0;0;0;0;0;0;0;0;0;0
24.11.2024;10:05;A126;1;0;0;0;0;0;0;0;0;1;36;1;6;0;0;0;0;0;0;0;0;1;1;0;0;1;3;0;0;0;0;0;0;0;0;0;0;0;0;0;0;0;0;0;0;0;0;0;0;0;0;0;0
24.11.2024;10:04;A126;1;0;0;0;0;0;0;1;1;0;0;1;3;1;0;0;0;0;0;0;0;0;0;0;0;0;0;0;0;0;0;0;0;0;0;0;0;0;0;0;0;0;0;0;0;0;0;0;0;0;0;0;0
24.11.2024;10:03;A126;1;0;0;0;0;1;0;0;0;1;2;0;0;0;0;0;0;0;0;0;0;1;1;0;0;1;3;0;0;0;0;0;0;0;0;0;0;0;0;0;0;0;0;0;0;0;0;0;0;0;0;0;0
24.11.2024;10:02;A126;1;0;0;0;0;0;0;1;1;0;0;1;3;0;0;0;0;0;0;1;1;2;2;1;3;1;3;0;0;0;0;0;0;0;0;0;0;0;0;0;0;0;0;0;0;0;0;0;0;0;0;0;0
24.11.2024;10:01;A126;1;0;0;1;0;3;20;0;0;3;21;0;0;0;0;0;0;0;0;0;0;0;0;0;0;0;0;0;0;0;0;0;0;0;0;0;0;0;0;0;0;0;0;0;0;0;0;0;0;0;0;0;0
24.11.2024;10:00;A126;1;0;0;0;0;5;4;1;1;4;14;1;3;0;0;0;0;0;0;0;0;2;3;0;0;2;8;0;0;0;0;0;0;0;0;0;0;0;0;0;0;0;0;0;0;0;0;0;0;0;0;0;0
24.11.2024;09:59;A126;1;0;0;0;0;3;3;1;1;3;10;1;3;0;0;0;0;0;0;0;0;1;0;0;0;0;0;0;0;0;0;0;0;0;0;0;0;0;0;0;0;0;0;0;0;0;0;0;0;0;0;0;0
24.11.2024;09:58;A126;1;0;0;0;0;2;15;0;0;2;8;0;0;0;0;0;0;0;0;0;0;1;2;0;0;1;3;0;0;0;0;0;0;0;0;0;0;0;0;0;0;0;0;0;0;0;0;0;0;0;0;0;0
24.11.2024;09:57;A126;1;0;0;0;0;1;1;0;0;1;2;0;0;1;0;0;0;0;0;1;0;0;0;0;0;0;0;0;0;0;0;0;0;0;0;0;0;0;0;0;0;0;0;0;0;0;0;0;0;0;0;0;0
24.11.2024;09:56;A126;1;0;0;0;0;5;4;1;1;5;13;1;3;0;0;0;0;0;0;0;0;2;1;0;0;0;0;0;0;0;0;0;0;0;0;0;0;0;0;0;0;0;0;0;0;0;0;0;0;0;0;0;0
24.11.2024;09:55;A126;1;0;0;0;0;1;0;1;1;1;2;1;3;0;0;0;0;0;0;0;0;1;1;0;0;1;3;0;0;0;0;0;0;0;0;0;0;0;0;0;0;0;0;0;0;0;0;0;0;0;0;0;0
24.11.2024;09:54;A126;1;0;0;0;0;4;43;1;1;1;46;1;3;1;5;0;7;2;3;1;30;2;21;1;5;1;5;0;0;0;0;0;0;0;0;0;0;0;0;0;0;0;0;0;0;0;0;0;0;0;0;0;0
24.11.2024;09:53;A126;1;0;0;0;0;4;9;1;0;2;19;1;2;4;24;3;22;1;0;1;1;1;0;0;3;0;0;0;0;0;0;0;0;0;0;0;0;0;0;0;0;0;0;0;0;1;1;0;0;0;0;0;0
24.11.2024;09:52;A126;1;0;0;0;0;1;1;0;0;1;2;0;0;0;0;0;0;0;0;1;1;0;0;2;3;0;0;0;0;0;0;0;0;0;0;0;0;0;0;0;0;0;0;0;0;0;0;0;0;0;0;0;0
24.11.2024;09:51;A126;1;0;0;0;0;1;0;1;1;0;0;1;3;0;0;0;0;0;0;0;0;3;4;0;0;3;10;0;0;0;0;0;0;0;0;0;0;0;0;0;0;0;0;0;0;0;0;0;0;0;0;0;0
24.11.2024;09:50;A126;1;0;0;0;0;3;2;0;0;3;8;0;0;0;0;0;0;0;0;0;0;0;0;0;0;0;0;0;0;0;0;0;0;0;0;0;0;0;0;0;0;0;0;0;0;0;0;0;0;0;0;0;0
24.11.2024;09:49;A126;1;0;0;0;0;1;0;0;0;1;2;0;0;0;0;0;0;0;0;1;0;3;5;1;2;1;11;0;0;0;0;0;0;0;0;0;0;0;0;0;0;0;0;0;0;0;0;0;0;0;0;0;0
24.11.2024;09:48;A126;1;0;0;0;0;1;0;0;0;1;2;0;0;1;0;0;0;0;0;1;1;0;0;1;5;0;0;0;0;0;0;0;0;0;0;0;0;0;0;0;0;0;0;0;0;0;0;0;0;0;0;0;0
24.11.2024;09:47;A126;1;0;0;0;0;0;0;0;0;0;0;0;0;0;0;0;0;0;0;3;5;2;2;2;11;2;6;0;0;0;0;0;0;0;0;0;0;0;0;0;0;0;0;0;0;0;0;0;0;0;0;0;0
24.11.2024;09:46;A126;1;0;0;0;0;3;2;0;0;3;6;0;0;0;0;0;0;0;0;2;1;0;0;1;3;0;0;0;0;0;0;0;0;0;0;0;0;0;0;0;0;0;0;0;0;0;0;0;0;0;0;0;0
24.11.2024;09:45;A126;1;0;0;0;0;0;0;0;0;0;0;0;0;1;17;1;6;1;1;1;1;1;1;0;0;1;3;0;0;0;0;0;0;0;0;0;0;0;0;0;0;0;0;0;0;0;0;0;0;0;0;0;0
24.11.2024;09:44;A126;1;0;0;0;0;2;1;1;1;2;4;1;3;0;0;0;0;0;0;1;1;0;0;2;6;0;0;0;0;0;0;0;0;0;0;0;0;0;0;0;0;0;0;0;0;0;0;0;0;0;0;0;0
24.11.2024;09:43;A126;1;0;0;1;0;2;12;1;1;2;9;1;5;0;0;0;0;0;0;1;1;1;1;1;3;1;3;0;0;0;0;0;0;0;0;0;0;0;0;0;0;0;0;0;0;0;0;0;0;0;0;0;0
24.11.2024;09:42;A126;1;0;0;0;0;3;2;2;1;2;7;1;3;0;0;0;0;0;0;1;1;0;0;1;5;0;0;0;0;0;0;0;0;0;0;0;0;0;0;0;0;0;0;0;0;0;0;0;0;0;0;0;0
24.11.2024;09:41;A126;1;0;0;0;0;1;0;0;0;2;4;0;0;0;0;0;0;0;0;0;0;0;0;0;0;0;0;0;0;0;0;0;0;0;0;0;0;0;0;0;0;0;0;0;0;0;0;0;0;0;0;0;0
24.11.2024;09:40;A126;1;0;0;0;0;1;0;0;0;1;2;0;0;0;0;0;0;0;0;1;2;2;2;1;5;1;6;0;0;0;0;0;0;0;0;0;0;0;0;0;0;0;0;0;0;0;0;0;0;0;0;0;0
24.11.2024;09:39;A126;1;0;0;0;0;3;2;2;1;3;7;0;0;0;0;0;0;0;0;0;0;2;1;0;0;1;3;0;0;0;0;0;0;0;0;0;0;0;0;0;0;0;0;0;0;0;0;0;0;0;0;0;0
24.11.2024;09:38;A126;1;0;0;0;0;2;1;0;0;2;6;0;0;0;0;0;0;0;0;0;0;0;0;0;0;0;0;0;0;0;0;0;0;0;0;0;0;0;0;0;0;0;0;0;0;0;0;0;0;0;0;0;0
24.11.2024;09:37;A126;1;0;0;0;0;2;1;0;0;2;5;0;0;1;0;0;0;0;0;1;1;0;0;1;3;0;0;0;0;0;0;0;0;0;0;0;0;0;0;0;0;0;0;0;0;0;0;0;0;0;0;0;0
24.11.2024;09:36;A126;1;0;0;0;0;0;0;0;0;0;0;0;0;1;1;0;0;0;0;0;0;0;0;0;0;0;0;0;0;0;0;0;0;0;0;0;0;0;0;0;0;0;0;0;0;0;0;0;0;0;0;0;0
24.11.2024;09:35;A126;1;0;0;0;0;1;2;0;0;1;5;0;0;0;0;0;0;0;0;1;1;2;1;1;3;1;2;0;0;0;0;0;0;0;0;0;0;0;0;0;0;0;0;0;0;0;0;0;0;0;0;0;0
24.11.2024;09:34;A126;1;0;0;0;0;3;2;0;0;3;8;0;0;0;0;0;0;0;0;2;2;2;2;1;5;1;3;0;0;0;0;0;0;0;0;0;0;0;0;0;0;0;0;0;0;0;0;0;0;0;0;0;0
24.11.2024;09:33;A126;1;0;0;0;0;2;5;0;0;2;8;0;0;0;0;0;0;0;0;0;0;0;0;1;2;1;2;0;0;0;0;0;0;0;0;0;0;0;0;0;0;0;0;0;0;0;0;0;0;0;0;0;0
24.11.2024;09:32;A126;1;0;0;0;0;1;1;2;2;1;3;1;3;4;3;0;0;1;0;4;4;2;1;4;13;0;0;0;0;0;0;0;0;0;0;0;0;0;0;0;0;0;0;0;0;0;0;0;0;0;0;0;0
24.11.2024;09:31;A126;1;0;0;0;0;0;0;1;1;0;0;1;3;0;0;0;0;0;0;0;0;0;0;0;0;0;0;0;0;0;0;0;0;0;0;0;0;0;0;0;0;0;0;0;0;0;0;0;0;0;0;0;0
24.11.2024;09:30;A126;1;0;0;0;0;0;0;1;1;0;0;1;3;1;0;0;0;1;0;0;0;1;2;0;0;1;42;0;0;0;0;0;0;0;0;0;0;0;0;0;0;0;0;0;0;0;0;0;0;0;0;0;0
24.11.2024;09:29;A126;1;0;0;0;0;1;22;0;0;1;2;0;0;1;1;1;2;1;3;1;1;0;0;1;3;0;0;0;0;0;0;0;0;0;0;0;0;0;0;0;0;0;0;0;0;0;0;0;0;0;0;0;0
24.11.2024;09:28;A126;1;0;0;0;0;2;15;1;1;2;9;1;4;1;1;0;0;0;0;2;2;0;0;1;7;0;0;0;0;0;0;0;0;0;0;0;0;0;0;0;0;0;0;0;0;0;0;0;0;0;0;0;0
24.11.2024;09:27;A126;1;0;0;0;0;3;2;0;0;2;7;0;0;0;0;0;0;0;0;1;1;1;3;1;3;1;7;0;0;0;0;0;0;0;0;0;0;0;0;0;0;0;0;0;0;0;0;0;0;0;0;0;0
24.11.2024;09:26;A126;1;0;0;0;0;0;0;1;1;0;0;1;3;1;0;0;0;0;0;0;0;0;0;0;0;0;0;0;0;0;0;0;0;0;0;0;0;0;0;0;0;0;0;0;0;0;0;0;0;0;0;0;0
24.11.2024;09:25;A126;1;1;1;1;2;0;0;0;0;0;0;0;0;1;0;0;0;1;1;1;29;2;26;0;2;2;27;0;0;0;0;0;0;0;0;0;0;0;0;0;0;0;0;0;0;0;0;0;0;0;0;0;0
24.11.2024;09:24;A126;1;0;24;0;0;1;33;1;4;1;5;1;9;3;15;1;12;1;2;0;0;0;0;1;5;0;0;0;0;0;0;0;0;0;0;0;0;0;0;0;0;0;0;0;0;0;0;0;0;0;0;0;0
24.11.2024;09:23;A126;1;1;17;1;4;3;19;5;33;3;13;3;48;1;24;1;6;1;3;0;0;3;8;0;0;3;12;0;0;0;0;0;0;0;0;0;0;0;0;0;0;0;0;0;0;0;0;0;0;0;0;0;0
24.11.2024;09:22;A126;1;1;18;1;4;3;2;0;0;4;7;0;0;2;1;0;0;0;0;2;2;2;30;2;6;1;9;0;0;0;0;0;0;0;0;0;0;0;0;0;0;0;0;0;0;0;0;0;0;0;0;1;1
24.11.2024;09:21;A126;1;0;0;0;0;1;9;1;1;1;4;1;4;1;1;0;0;0;0;1;1;0;0;1;3;0;0;0;0;0;0;0;0;0;0;0;0;0;0;0;0;0;0;0;0;0;0;0;0;0;0;0;0
24.11.2024;09:20;A126;1;1;26;1;4;1;0;1;1;1;2;1;3;4;3;0;0;1;0;2;33;1;1;1;6;1;3;0;0;0;0;0;0;0;0;0;0;0;0;0;0;0;0;0;0;0;0;0;0;0;0;0;0
24.11.2024;09:19;A126;1;0;0;0;0;3;43;1;1;3;13;1;3;2;3;1;6;1;2;2;4;1;0;3;9;0;0;0;0;0;0;0;0;0;0;0;0;0;0;0;0;0;0;0;0;0;0;0;0;0;0;0;0
24.11.2024;09:18;A126;1;0;0;0;0;1;0;0;0;1;2;0;0;3;3;0;0;2;0;3;45;2;3;3;15;2;8;0;0;0;0;0;0;0;0;0;0;0;0;0;0;0;0;0;0;0;0;0;0;0;0;0;0
24.11.2024;09:17;A126;1;1;13;1;3;1;1;0;0;1;3;0;0;2;1;0;0;0;0;2;25;3;2;3;22;0;0;0;0;0;0;0;0;0;0;0;0;0;0;0;0;0;0;0;0;0;0;0;0;0;0;0;0
24.11.2024;09:16;A126;1;2;58;3;8;3;13;1;3;3;51;1;3;0;0;0;0;0;0;3;3;2;3;1;7;1;3;0;0;1;1;0;0;0;0;0;0;0;0;0;0;0;0;0;0;0;0;0;0;0;0;0;0
24.11.2024;09:15;A126;1;1;18;1;4;0;0;0;0;0;0;0;0;1;1;0;0;1;0;1;38;0;0;1;5;0;0;0;0;0;0;0;0;0;0;0;0;0;0;0;0;0;0;0;0;0;0;0;0;0;0;0;0
24.11.2024;09:14;A126;1;0;0;0;0;0;0;1;1;0;0;1;4;0;0;0;0;0;0;1;0;1;28;1;3;1;7;0;0;0;0;0;0;0;0;0;0;0;0;0;0;0;0;0;0;0;0;0;0;0;0;0;0
24.11.2024;09:13;A126;1;0;0;1;5;1;0;0;0;1;2;0;0;0;0;0;0;0;0;1;1;0;0;1;3;0;0;0;0;0;0;0;0;0;0;0;0;0;0;0;0;0;0;0;0;0;0;0;0;0;0;0;0
24.11.2024;09:12;A126;1;0;0;0;0;3;2;0;0;3;8;0;0;0;0;0;0;0;0;1;1;2;3;1;5;2;8;0;0;0;0;0;0;0;0;0;0;0;0;0;0;0;0;0;0;0;0;0;0;0;0;0;0
24.11.2024;09:11;A126;1;0;0;0;0;1;0;0;0;1;2;0;0;0;0;0;0;0;0;0;0;1;1;0;0;0;0;0;0;0;0;0;0;0;0;0;0;0;0;0;0;0;0;0;0;0;0;0;0;0;0;0;0
24.11.2024;09:10;A126;1;0;0;0;0;0;0;0;0;0;0;0;0;1;1;0;0;1;0;0;0;1;1;0;0;2;6;0;0;0;0;0;0;0;0;0;0;0;0;0;0;0;0;0;0;0;0;0;0;0;0;0;0
24.11.2024;09:09;A126;1;0;0;0;0;1;0;0;0;1;3;0;0;0;0;0;0;0;0;1;1;2;2;1;4;2;6;0;0;0;0;0;0;0;0;0;0;0;0;0;0;0;0;0;0;0;0;0;0;0;0;0;0
24.11.2024;09:08;A126;1;0;0;0;0;2;1;0;0;1;5;0;0;0;0;0;0;0;0;0;0;1;1;0;0;1;3;0;0;0;0;0;0;0;0;0;0;0;0;0;0;0;0;0;0;0;0;0;0;0;0;0;0
24.11.2024;09:07;A126;1;0;0;0;0;1;0;0;0;1;2;0;0;0;0;0;0;0;0;0;0;1;1;0;0;0;0;0;0;0;0;0;0;0;0;0;0;0;0;0;0;0;0;0;0;0;0;0;0;0;0;0;0
24.11.2024;09:06;A126;1;0;0;0;0;0;0;1;0;0;0;1;3;0;0;0;0;0;0;1;1;2;1;1;4;1;3;0;0;0;0;0;0;0;0;0;0;0;0;0;0;0;0;0;0;0;0;0;0;0;0;0;0
24.11.2024;09:05;A126;1;0;0;0;0;1;0;0;0;1;2;0;0;0;0;0;0;0;0;0;0;0;0;0;0;0;0;0;0;0;0;0;0;0;0;0;0;0;0;0;0;0;0;0;0;0;0;0;0;0;0;0;0
24.11.2024;09:04;A126;1;0;0;0;0;1;0;0;0;1;3;0;0;0;0;0;0;0;0;0;0;0;0;0;0;0;0;0;0;0;0;0;0;0;0;0;0;0;0;0;0;0;0;0;0;0;0;0;0;0;0;0;0
24.11.2024;09:03;A126;1;0;0;0;0;1;0;0;22;1;2;0;0;0;0;0;0;0;0;0;0;0;0;0;0;0;0;0;0;0;0;0;0;0;0;0;0;0;0;0;0;0;0;0;0;0;0;0;0;0;0;0;0
24.11.2024;09:02;A126;1;0;0;0;0;0;0;2;10;0;0;2;9;1;1;0;0;0;0;1;1;2;2;1;3;2;6;0;0;0;0;0;0;0;0;0;0;0;0;0;0;0;0;0;0;0;0;0;0;0;0;0;0
24.11.2024;09:01;A126;1;0;0;0;0;1;0;1;0;1;2;0;0;0;0;0;0;0;0;0;0;0;0;0;0;0;0;0;0;0;0;0;0;0;0;0;0;0;0;0;0;0;0;0;0;0;0;0;0;0;0;0;0
24.11.2024;09:00;A126;1;0;0;0;0;0;0;0;0;0;0;0;0;2;1;1;3;1;3;0;0;0;0;0;0;0;0;0;0;0;0;0;0;0;0;0;0;0;0;0;0;0;0;0;0;0;0;0;0;0;0;0;0
24.11.2024;08:59;A126;1;0;0;0;0;2;15;0;0;1;13;0;0;0;0;0;0;0;0;2;1;1;1;1;2;1;4;0;0;0;0;0;0;0;0;0;0;0;0;0;0;0;0;0;0;0;0;0;0;0;0;0;0
24.11.2024;08:58;A126;1;0;0;0;0;1;0;2;2;1;2;1;4;1;0;0;0;0;0;0;0;0;0;0;0;0;0;0;0;0;0;0;0;0;0;0;0;0;0;0;0;0;0;0;0;0;0;0;0;0;0;0;0
24.11.2024;08:57;A126;1;0;0;0;0;2;28;1;0;1;36;1;1;0;0;0;0;0;0;0;0;1;0;0;0;0;0;0;0;0;0;0;0;0;0;0;0;0;0;0;0;0;0;0;0;0;0;0;0;0;0;0;0
24.11.2024;08:56;A126;1;0;0;0;0;0;0;0;0;0;0;0;0;2;2;0;0;0;0;1;1;1;1;1;5;1;3;0;0;0;0;0;0;0;0;0;0;0;0;0;0;0;0;0;0;0;0;0;0;0;0;0;0
24.11.2024;08:55;A126;1;0;0;0;0;1;0;0;0;1;2;0;0;1;0;0;0;0;0;1;1;0;0;1;5;0;0;0;0;0;0;0;0;0;0;0;0;0;0;0;0;0;0;0;0;0;0;0;0;0;0;0;0
24.11.2024;08:54;A126;1;0;0;0;0;0;0;0;0;0;0;0;0;0;0;0;0;0;0;1;0;0;0;1;1;0;0;0;0;0;0;0;0;0;0;0;0;0;0;0;0;0;0;0;0;0;0;0;0;0;0;0;0
24.11.2024;08:53;A126;1;0;0;0;0;3;2;0;0;3;8;0;0;0;0;0;0;0;0;0;0;0;0;0;0;0;0;0;0;0;0;0;0;0;0;0;0;0;0;0;0;0;0;0;0;0;0;0;0;0;0;0;0
24.11.2024;08:52;A126;1;1;18;1;12;1;20;1;1;1;4;0;0;2;0;0;0;0;0;0;0;1;23;0;0;1;6;0;0;0;0;0;0;0;0;0;0;0;0;0;0;0;0;0;0;0;0;0;0;0;0;0;0
24.11.2024;08:51;A126;1;0;0;0;0;0;0;0;0;0;0;1;3;0;0;0;0;0;0;0;0;1;1;0;0;1;3;0;0;0;0;0;0;0;0;0;0;0;0;0;0;0;0;0;0;0;0;0;0;0;0;0;0
24.11.2024;08:50;A126;1;0;0;0;0;1;1;0;0;1;5;0;0;0;0;0;0;0;0;0;0;0;0;0;0;0;0;0;0;0;0;0;0;0;0;0;0;0;0;0;0;0;0;0;0;0;0;0;0;0;0;0;0
24.11.2024;08:49;A126;1;0;0;0;0;0;0;0;0;0;0;0;0;0;0;0;0;0;0;1;0;1;1;0;0;1;3;0;0;0;0;0;0;0;0;0;0;0;0;0;0;0;0;0;0;0;0;0;0;0;0;0;0
24.11.2024;08:48;A126;1;0;0;0;0;1;0;0;0;1;2;0;0;0;0;0;0;0;0;0;0;2;2;0;0;1;5;0;0;0;0;0;0;0;0;0;0;0;0;0;0;0;0;0;0;0;0;0;0;0;0;0;0
24.11.2024;08:47;A126;1;0;0;0;0;1;0;0;0;1;2;0;0;0;0;0;0;0;0;0;0;0;0;0;0;1;0;0;0;0;0;0;0;0;0;0;0;0;0;0;0;0;0;0;0;0;0;0;0;0;0;0;0
24.11.2024;08:46;A126;1;0;0;0;0;1;1;0;0;1;4;0;0;0;0;0;0;0;0;0;0;0;0;0;0;0;0;0;0;0;0;0;0;0;0;0;0;0;0;0;0;0;0;0;0;0;0;0;0;0;0;0;0
24.11.2024;08:45;A126;1;0;0;0;0;0;0;0;0;0;0;0;0;0;0;0;0;0;0;0;0;0;0;0;0;0;0;0;0;0;0;0;0;0;0;0;0;0;0;0;0;0;0;0;0;0;0;0;0;0;0;0;0
24.11.2024;08:44;A126;1;0;0;1;2;0;0;0;0;0;0;0;0;0;0;0;0;0;0;0;0;0;0;0;0;0;0;0;0;0;0;0;0;0;0;0;0;0;0;0;0;0;0;0;0;0;0;0;0;0;0;0;0
24.11.2024;08:43;A126;1;0;0;0;0;0;0;0;0;0;0;0;0;0;0;0;0;0;0;0;0;0;0;0;0;0;0;0;0;0;0;0;0;0;0;0;0;0;0;0;0;0;0;0;0;0;0;0;0;0;0;0;0
24.11.2024;08:42;A126;1;0;0;0;0;1;0;0;0;1;2;0;0;0;0;0;0;0;0;0;0;0;0;0;0;0;0;0;0;0;0;0;0;0;0;0;0;0;0;0;0;0;0;0;0;0;0;0;0;0;0;0;0
24.11.2024;08:41;A126;1;0;0;0;0;1;1;1;1;1;3;1;3;0;0;0;0;0;0;0;0;2;2;0;0;2;7;0;0;0;0;0;0;0;0;0;0;0;0;0;0;0;0;0;0;0;0;0;0;0;0;0;0
24.11.2024;08:40;A126;1;0;0;0;0;0;0;0;0;0;0;0;0;0;0;0;0;0;0;2;3;1;2;2;9;0;0;0;0;0;0;0;0;0;0;0;0;0;0;0;0;0;0;0;0;0;0;0;0;0;0;0;0
24.11.2024;08:39;A126;1;0;0;0;0;0;0;0;0;0;0;0;0;0;0;0;0;0;0;1;4;2;5;2;7;1;4;0;0;0;0;0;0;0;0;0;0;0;0;0;0;0;0;0;0;0;0;0;0;0;0;0;0
24.11.2024;08:38;A126;1;0;0;0;0;0;0;0;0;0;0;0;0;0;0;0;0;0;0;0;0;0;0;1;5;0;0;0;0;0;0;0;0;0;0;0;0;0;0;0;0;0;0;0;0;0;0;0;0;0;0;0;0
24.11.2024;08:37;A126;1;0;0;0;0;2;1;0;0;2;5;0;0;0;0;0;0;0;0;0;0;0;0;0;0;0;0;0;0;0;0;0;0;0;0;0;0;0;0;0;0;0;0;0;0;0;0;0;0;0;0;0;0
24.11.2024;08:36;A126;1;0;0;0;0;1;8;0;0;1;39;0;0;0;0;0;0;0;0;0;0;0;0;0;0;0;0;0;0;0;0;0;0;0;0;0;0;0;0;0;0;0;0;0;0;0;0;0;0;0;0;0;0
24.11.2024;08:35;A126;1;0;0;1;1;2;5;0;0;2;5;0;0;0;0;0;0;0;0;0;47;2;12;0;0;1;23;0;0;0;0;0;0;0;0;0;0;0;0;0;0;0;0;0;0;0;0;0;0;0;0;0;0
24.11.2024;08:34;A126;1;0;0;0;0;1;5;0;0;1;12;0;0;1;19;1;7;1;2;2;9;1;0;2;50;1;3;0;0;0;0;0;0;0;0;0;0;0;0;0;0;0;0;0;0;0;0;0;0;0;0;0;0
24.11.2024;08:33;A126;1;0;0;0;0;0;0;0;0;0;0;0;0;1;1;0;0;0;0;1;1;1;1;1;3;1;3;0;0;0;0;0;0;0;0;0;0;0;0;0;0;0;0;0;0;0;0;0;0;0;0;0;0
24.11.2024;08:32;A126;1;0;0;0;0;0;0;0;0;0;0;0;0;0;0;0;0;0;0;0;0;0;0;0;0;0;0;0;0;0;0;0;0;0;0;0;0;0;0;0;0;0;0;0;0;0;0;0;0;0;0;0;0
24.11.2024;08:31;A126;1;0;0;0;0;1;1;0;0;1;4;0;0;0;0;0;0;0;0;1;1;0;0;1;4;0;0;0;0;0;0;0;0;0;0;0;0;0;0;0;0;0;0;0;0;0;0;0;0;0;0;0;0
24.11.2024;08:30;A126;1;0;0;0;0;0;0;0;0;0;0;0;0;0;0;0;0;0;0;0;0;0;0;0;0;0;0;0;0;0;0;0;0;0;0;0;0;0;0;0;0;0;0;0;0;0;0;0;0;0;0;0;0
24.11.2024;08:29;A126;1;0;0;0;0;0;0;0;0;0;0;0;0;0;0;0;0;0;0;0;0;0;0;0;0;0;0;0;0;0;0;0;0;0;0;0;0;0;0;0;0;0;0;0;0;0;0;0;0;0;0;0;0
24.11.2024;08:28;A126;1;0;0;0;0;1;0;0;0;1;2;0;0;0;0;0;0;0;0;0;0;0;0;0;0;0;0;0;0;0;0;0;0;0;0;0;0;0;0;0;0;0;0;0;0;0;0;0;0;0;0;0;0
24.11.2024;08:27;A126;1;0;0;0;0;0;0;0;0;0;0;0;0;0;0;0;0;0;0;0;0;1;1;0;0;1;3;0;0;0;0;0;0;0;0;0;0;0;0;0;0;0;0;0;0;0;0;0;0;0;0;0;0
24.11.2024;08:26;A126;1;0;0;0;0;0;0;0;0;0;0;0;0;0;0;0;0;0;0;0;0;2;3;1;1;2;8;0;0;0;0;0;0;0;0;0;0;0;0;0;0;0;0;0;0;0;0;0;0;0;0;0;0
24.11.2024;08:25;A126;1;0;0;0;0;0;0;0;0;0;0;0;0;0;0;0;0;0;0;0;0;2;2;0;0;2;6;0;0;0;0;0;0;0;0;0;0;0;0;0;0;0;0;0;0;0;0;0;0;0;0;0;0
24.11.2024;08:24;A126;1;0;0;0;0;1;0;1;0;1;2;0;0;0;0;0;0;0;0;0;0;1;0;0;0;0;0;0;0;0;0;0;0;0;0;0;0;0;0;0;0;0;0;0;0;0;0;0;0;0;0;0;0
24.11.2024;08:23;A126;1;0;0;0;0;1;0;0;0;1;2;0;0;0;0;0;0;0;0;0;0;0;0;0;0;0;0;0;0;0;0;0;0;0;0;0;0;0;0;0;0;0;0;0;0;0;0;0;0;0;0;0;0
24.11.2024;08:22;A126;1;0;0;0;0;2;1;0;0;1;5;0;0;0;0;0;0;0;0;0;0;0;0;0;0;0;0;0;0;0;0;0;0;0;0;0;0;0;0;0;0;0;0;0;0;0;0;0;0;0;0;0;0
24.11.2024;08:21;A126;1;0;0;0;0;0;0;0;0;0;0;0;0;0;0;0;0;0;0;0;0;0;0;0;0;0;0;0;0;0;0;0;0;0;0;0;0;0;0;0;0;0;0;0;0;0;0;0;0;0;0;0;0
24.11.2024;08:20;A126;1;0;0;0;0;0;0;0;0;0;0;0;0;0;0;0;0;0;0;0;0;0;0;0;0;0;0;0;0;0;0;0;0;0;0;0;0;0;0;0;0;0;0;0;0;0;0;0;0;0;0;0;0
24.11.2024;08:19;A126;1;0;0;0;0;0;0;0;0;0;0;0;0;0;0;0;0;0;0;0;0;0;0;0;0;0;0;0;0;0;0;0;0;0;0;0;0;0;0;0;0;0;0;0;0;0;0;0;0;0;0;0;0
24.11.2024;08:18;A126;1;0;0;0;0;0;0;0;0;0;0;0;0;0;0;0;0;0;0;0;0;0;0;0;0;0;0;0;0;0;0;0;0;0;0;0;0;0;0;0;0;0;0;0;0;0;0;0;0;0;0;0;0
24.11.2024;08:17;A126;1;0;0;1;3;0;0;0;0;0;0;0;0;1;20;1;7;1;2;2;16;1;0;3;13;0;0;0;0;0;0;0;0;0;0;0;0;0;0;0;0;0;0;0;0;0;0;0;0;0;0;0;0
24.11.2024;08:16;A126;1;0;0;0;0;0;0;0;0;0;0;0;0;0;0;0;0;0;0;0;0;0;0;0;0;0;0;0;0;0;0;0;0;0;0;0;0;0;0;0;0;0;0;0;0;0;0;0;0;0;0;0;0
24.11.2024;08:15;A126;1;0;0;0;0;0;0;0;0;0;0;0;0;0;0;0;0;0;0;0;0;0;0;0;0;0;0;0;0;0;0;0;0;0;0;0;0;0;0;0;0;0;0;0;0;0;0;0;0;0;0;0;0
24.11.2024;08:14;A126;1;0;0;0;0;0;0;0;0;0;0;0;0;1;3;1;4;1;17;0;0;0;0;0;0;0;0;0;0;0;0;0;0;0;0;0;0;0;0;0;0;0;0;0;0;0;0;0;0;0;0;0;0
24.11.2024;08:13;A126;1;0;0;1;2;1;0;0;0;1;2;0;0;1;0;0;0;0;0;1;1;0;0;1;3;0;0;0;0;0;0;0;0;0;0;0;0;0;0;0;0;0;0;0;0;0;0;0;0;0;0;0;0
24.11.2024;08:12;A126;1;0;0;0;0;1;0;0;0;1;2;0;0;0;0;0;0;0;0;0;0;0;0;0;0;0;0;0;0;0;0;0;0;0;0;0;0;0;0;0;0;0;0;0;0;0;0;0;0;0;0;0;0
24.11.2024;08:11;A126;1;0;0;0;0;0;0;0;0;0;0;0;0;0;0;0;0;0;0;0;0;0;0;0;0;0;0;0;0;0;0;0;0;0;0;0;0;0;0;0;0;0;0;0;0;0;0;0;0;0;0;0;0
24.11.2024;08:10;A126;1;0;0;0;0;0;0;0;0;0;0;0;0;0;0;0;0;0;0;0;0;0;0;0;0;0;0;0;0;0;0;0;0;0;0;0;0;0;0;0;0;0;0;0;0;0;0;0;0;0;0;0;0
24.11.2024;08:09;A126;1;0;0;0;0;2;1;0;0;2;6;0;0;0;0;0;0;0;0;0;0;0;0;0;0;0;0;0;0;0;0;0;0;0;0;0;0;0;0;0;0;0;0;0;0;0;0;0;0;0;0;0;0
24.11.2024;08:08;A126;1;0;0;1;0;0;0;0;0;0;0;0;0;0;0;0;0;0;0;0;0;0;0;0;0;0;0;0;0;0;0;0;0;0;0;0;0;0;0;0;0;0;0;0;0;0;0;0;0;0;0;0;0
24.11.2024;08:07;A126;1;0;0;0;0;0;0;0;0;0;0;0;0;0;0;0;0;0;0;0;0;0;0;0;0;0;0;0;0;0;0;0;0;0;0;0;0;0;0;0;0;0;0;0;0;0;0;0;0;0;0;0;0
24.11.2024;08:06;A126;1;0;0;0;0;0;0;0;0;0;0;0;0;0;0;0;0;0;0;0;0;1;1;0;0;1;3;0;0;0;0;0;0;0;0;0;0;0;0;0;0;0;0;0;0;0;0;0;0;0;0;0;0
24.11.2024;08:05;A126;1;0;0;0;0;1;0;0;0;0;0;0;0;0;0;0;0;0;0;0;0;0;0;0;0;0;0;0;0;0;0;0;0;0;0;0;0;0;0;0;0;0;0;0;0;0;0;0;0;0;0;0;0
24.11.2024;08:04;A126;1;0;0;0;0;1;1;0;0;2;5;0;0;0;0;0;0;0;0;0;0;1;0;0;0;0;0;0;0;0;0;0;0;0;0;0;0;0;0;0;0;0;0;0;0;0;0;0;0;0;0;0;0
24.11.2024;08:03;A126;1;0;0;0;0;0;0;0;0;0;0;0;0;0;0;0;0;0;0;0;0;1;1;0;0;1;3;0;0;0;0;0;0;0;0;0;0;0;0;0;0;0;0;0;0;0;0;0;0;0;0;0;0
24.11.2024;08:02;A126;1;0;0;0;0;0;0;0;0;0;0;0;0;0;0;0;0;0;0;0;0;0;0;0;0;0;0;0;0;0;0;0;0;0;0;0;0;0;0;0;0;0;0;0;0;0;0;0;0;0;0;0;0
24.11.2024;08:01;A126;1;0;0;0;0;0;0;0;0;0;0;0;0;0;0;0;0;0;0;0;0;0;0;0;0;0;0;0;0;0;0;0;0;0;0;0;0;0;0;0;0;0;0;0;0;0;0;0;0;0;0;0;0
24.11.2024;08:00;A126;1;0;0;0;0;0;0;0;0;0;0;0;0;0;0;0;0;0;0;0;0;0;0;0;0;0;0;0;0;0;0;0;0;0;0;0;0;0;0;0;0;0;0;0;0;0;0;0;0;0;0;0;0
24.11.2024;07:59;A126;1;0;0;0;0;1;0;0;0;1;2;0;0;0;0;0;0;0;0;0;0;0;0;0;0;0;0;0;0;0;0;0;0;0;0;0;0;0;0;0;0;0;0;0;0;0;0;0;0;0;0;0;0
24.11.2024;07:58;A126;1;0;0;0;0;1;13;0;0;1;6;0;0;0;0;0;0;0;0;0;0;0;0;0;0;0;0;0;0;0;0;0;0;0;0;0;0;0;0;0;0;0;0;0;0;0;0;0;0;0;0;0;0
24.11.2024;07:57;A126;1;0;0;1;7;0;0;0;0;0;0;0;0;0;0;0;0;0;0;0;0;0;0;0;0;0;0;0;0;0;0;0;0;0;0;0;0;0;0;0;0;0;0;0;0;0;0;0;0;0;0;0;0
24.11.2024;07:56;A126;1;0;0;0;0;3;2;0;0;3;7;0;0;0;0;0;0;0;0;0;0;0;0;0;0;0;0;0;0;0;0;0;0;0;0;0;0;0;0;0;0;0;0;0;0;0;0;0;0;0;0;0;0
24.11.2024;07:55;A126;1;0;0;0;0;0;0;0;0;0;0;0;0;0;0;0;0;0;0;0;0;0;0;0;0;0;0;0;0;0;0;0;0;0;0;0;0;0;0;0;0;0;0;0;0;0;0;0;0;0;0;0;0
24.11.2024;07:54;A126;1;0;0;0;0;0;0;0;0;0;0;0;0;0;0;0;0;0;0;0;0;0;0;0;0;0;0;0;0;0;0;0;0;0;0;0;0;0;0;0;0;0;0;0;0;0;0;0;0;0;0;0;0
24.11.2024;07:53;A126;1;0;0;1;1;0;0;0;0;0;0;0;0;1;0;0;0;0;0;1;13;0;0;2;10;0;0;0;0;0;0;0;0;0;0;0;0;0;0;0;0;0;0;0;0;0;0;0;0;0;0;0;0
24.11.2024;07:52;A126;1;0;0;1;1;0;0;0;0;0;0;0;0;0;0;0;0;0;0;0;0;1;1;0;0;1;3;0;0;0;0;0;0;0;0;0;0;0;0;0;0;0;0;0;0;0;0;0;0;0;0;0;0
24.11.2024;07:51;A126;1;0;0;0;0;0;0;1;1;0;0;1;3;0;0;0;0;0;0;0;0;0;0;0;0;0;0;0;0;0;0;0;0;0;0;0;0;0;0;0;0;0;0;0;0;0;0;0;0;0;0;0;0
24.11.2024;07:50;A126;1;0;0;0;0;0;0;0;0;0;0;0;0;0;0;0;0;0;0;0;0;0;0;0;0;0;0;0;0;0;0;0;0;0;0;0;0;0;0;0;0;0;0;0;0;0;0;0;0;0;0;0;0
24.11.2024;07:49;A126;1;0;0;0;0;0;0;0;0;0;0;0;0;0;0;0;0;0;0;0;0;0;0;0;0;0;0;0;0;0;0;0;0;0;0;0;0;0;0;0;0;0;0;0;0;0;0;0;0;0;0;0;0
24.11.2024;07:48;A126;1;0;0;0;0;0;0;0;0;0;0;0;0;0;0;0;0;0;0;0;0;1;1;0;0;1;6;0;0;0;0;0;0;0;0;0;0;0;0;0;0;0;0;0;0;0;0;0;0;0;0;0;0
24.11.2024;07:47;A126;1;0;0;0;0;2;1;0;0;2;5;0;0;0;0;0;0;0;0;0;0;0;0;0;0;0;0;0;0;0;0;0;0;0;0;0;0;0;0;0;0;0;0;0;0;0;0;0;0;0;0;0;0
24.11.2024;07:46;A126;1;0;0;1;2;0;0;0;0;0;0;0;0;0;0;0;0;0;0;0;0;0;0;0;0;0;0;0;0;0;0;0;0;0;0;0;0;0;0;0;0;0;0;0;0;0;0;0;0;0;0;0;0
24.11.2024;07:45;A126;1;0;0;1;5;0;0;0;0;0;0;0;0;0;0;0;0;0;0;0;0;0;0;0;0;0;0;0;0;0;0;0;0;0;0;0;0;0;0;0;0;0;0;0;0;0;0;0;0;0;0;0;0
24.11.2024;07:44;A126;1;0;0;0;0;0;0;0;0;0;0;0;0;0;0;0;0;0;0;0;0;0;0;0;0;0;0;0;0;0;0;0;0;0;0;0;0;0;0;0;0;0;0;0;0;0;0;0;0;0;0;0;0
24.11.2024;07:43;A126;1;0;0;0;0;0;0;0;0;0;0;0;0;0;0;0;0;0;0;0;0;0;0;0;0;0;0;0;0;0;0;0;0;0;0;0;0;0;0;0;0;0;0;0;0;0;0;0;0;0;0;0;0
24.11.2024;07:42;A126;1;0;0;0;0;0;0;0;0;0;0;0;0;0;0;0;0;0;0;1;0;0;0;0;0;0;0;0;0;0;0;0;0;0;0;0;0;0;0;0;0;0;0;0;0;0;0;0;0;0;0;0;0
24.11.2024;07:41;A126;1;0;0;0;0;0;0;0;0;0;0;0;0;0;0;0;0;0;0;0;0;0;0;0;0;0;0;0;0;0;0;0;0;0;0;0;0;0;0;0;0;0;0;0;0;0;0;0;0;0;0;0;0
24.11.2024;07:40;A126;1;0;0;0;0;0;0;0;0;0;0;0;0;0;0;0;0;0;0;0;0;0;0;0;0;0;0;0;0;0;0;0;0;0;0;0;0;0;0;0;0;0;0;0;0;0;0;0;0;0;0;0;0
24.11.2024;07:39;A126;1;0;0;0;0;0;0;0;0;0;0;0;0;0;0;0;0;0;0;0;0;0;0;0;0;0;0;0;0;0;0;0;0;0;0;0;0;0;0;0;0;0;0;0;0;0;0;0;0;0;0;0;0
24.11.2024;07:38;A126;1;0;0;1;1;0;0;0;0;0;0;0;0;0;0;0;0;0;0;0;0;0;0;0;0;0;0;0;0;0;0;0;0;0;0;0;0;0;0;0;0;0;0;0;0;0;0;0;0;0;0;0;0
24.11.2024;07:37;A126;1;0;0;0;0;0;0;0;0;0;0;0;0;0;0;0;0;0;0;1;1;0;0;0;0;0;0;0;0;0;0;0;0;0;0;0;0;0;0;0;0;0;0;0;0;0;0;0;0;0;0;0;0
24.11.2024;07:36;A126;1;0;0;0;0;0;0;0;0;0;0;0;0;0;0;0;0;0;0;1;0;1;1;0;0;1;5;0;0;0;0;0;0;0;0;0;0;0;0;0;0;0;0;0;0;0;0;0;0;0;0;0;0
24.11.2024;07:35;A126;1;0;0;0;0;2;4;2;2;2;8;0;0;0;0;0;0;0;0;0;0;0;0;0;0;0;0;0;0;0;0;0;0;0;0;0;0;0;0;0;0;0;0;0;0;0;0;0;0;0;0;0;0
24.11.2024;07:34;A126;1;0;0;0;0;0;0;0;0;0;0;0;0;0;0;0;0;0;0;0;0;0;0;0;0;0;0;0;0;0;0;0;0;0;0;0;0;0;0;0;0;0;0;0;0;0;0;0;0;0;0;0;0
24.11.2024;07:33;A126;1;0;0;0;0;0;0;0;0;0;0;0;0;0;0;0;0;0;0;0;0;0;0;0;0;0;0;0;0;0;0;0;0;0;0;0;0;0;0;0;0;0;0;0;0;0;0;0;0;0;0;0;0
24.11.2024;07:32;A126;1;0;0;0;0;1;0;0;0;1;2;0;0;0;0;0;0;0;0;1;1;0;0;1;1;0;0;0;0;0;0;0;0;0;0;0;0;0;0;0;0;0;0;0;0;0;0;0;0;0;0;0;0
24.11.2024;07:31;A126;1;0;0;0;0;2;1;0;0;2;4;0;0;0;0;0;0;0;0;0;0;0;0;0;0;0;0;0;0;0;0;0;0;0;0;0;0;0;0;0;0;0;0;0;0;0;0;0;0;0;0;0;0
24.11.2024;07:30;A126;1;0;0;0;0;0;0;0;0;0;0;0;0;0;0;0;0;0;0;0;0;1;0;0;0;1;5;0;0;0;0;0;0;0;0;0;0;0;0;0;0;0;0;0;0;0;0;0;0;0;0;0;0
24.11.2024;07:29;A126;1;0;0;0;0;0;0;0;0;0;0;0;0;0;0;0;0;0;0;0;0;0;0;0;0;0;0;0;0;0;0;0;0;0;0;0;0;0;0;0;0;0;0;0;0;0;0;0;0;0;0;0;0
24.11.2024;07:28;A126;1;0;0;0;0;0;0;0;0;0;0;0;0;0;0;0;0;0;0;0;0;0;0;0;0;0;0;0;0;0;0;0;0;0;0;0;0;0;0;0;0;0;0;0;0;0;0;0;0;0;0;0;0
24.11.2024;07:27;A126;1;0;0;0;0;0;0;0;0;0;0;0;0;0;0;0;0;0;0;0;0;1;1;0;0;1;5;0;0;0;0;0;0;0;0;0;0;0;0;0;0;0;0;0;0;0;0;0;0;0;0;0;0
24.11.2024;07:26;A126;1;0;0;0;0;0;0;0;0;0;0;0;0;0;0;0;0;0;0;0;0;0;0;0;0;0;0;0;0;0;0;0;0;0;0;0;0;0;0;0;0;0;0;0;0;0;0;0;0;0;0;0;0
24.11.2024;07:25;A126;1;0;0;0;0;0;0;0;0;0;0;0;0;0;0;0;0;0;0;0;0;0;0;0;0;0;0;0;0;0;0;0;0;0;0;0;0;0;0;0;0;0;0;0;0;0;0;0;0;0;0;0;0
24.11.2024;07:24;A126;1;0;0;0;0;0;0;0;0;0;0;0;0;0;0;0;0;0;0;0;0;0;0;0;0;0;0;0;0;0;0;0;0;0;0;0;0;0;0;0;0;0;0;0;0;0;0;0;0;0;0;0;0
24.11.2024;07:23;A126;1;0;0;0;0;0;0;0;0;0;0;0;0;0;0;0;0;0;0;0;0;0;0;0;0;0;0;0;0;0;0;0;0;0;0;0;0;0;0;0;0;0;0;0;0;0;0;0;0;0;0;0;0
24.11.2024;07:22;A126;1;0;0;1;1;1;1;0;0;1;3;0;0;0;0;0;0;0;0;0;0;0;0;0;0;0;0;0;0;0;0;0;0;0;0;0;0;0;0;0;0;0;0;0;0;0;0;0;0;0;0;0;0
24.11.2024;07:21;A126;1;0;0;0;0;1;1;0;0;1;1;0;0;0;0;0;0;0;0;0;0;0;0;0;0;0;0;0;0;0;0;0;0;0;0;0;0;0;0;0;0;0;0;0;0;0;0;0;0;0;0;0;0
24.11.2024;07:20;A126;1;0;0;0;0;0;0;0;0;0;0;0;0;0;0;0;0;0;0;0;0;0;0;0;0;0;0;0;0;0;0;0;0;0;0;0;0;0;0;0;0;0;0;0;0;0;0;0;0;0;0;0;0
24.11.2024;07:19;A126;1;0;0;1;0;0;0;0;0;0;0;0;0;0;0;0;0;0;0;0;0;0;0;0;0;0;0;0;0;0;0;0;0;0;0;0;0;0;0;0;0;0;0;0;0;0;0;0;0;0;0;0;0
24.11.2024;07:18;A126;1;0;0;0;0;1;0;0;0;1;2;0;0;0;0;0;0;0;0;0;0;1;0;0;0;1;3;0;0;0;0;0;0;0;0;0;0;0;0;0;0;0;0;0;0;0;0;0;0;0;0;0;0
24.11.2024;07:17;A126;1;0;0;0;0;2;2;0;0;3;5;0;0;0;0;0;0;0;0;1;6;1;1;1;10;0;0;0;0;0;0;0;0;0;0;0;0;0;0;0;0;0;0;0;0;0;0;0;0;0;0;0;0
24.11.2024;07:16;A126;1;0;0;0;0;0;0;0;0;0;0;0;0;0;0;0;0;0;0;0;0;0;0;0;0;0;0;0;0;0;0;0;0;0;0;0;0;0;0;0;0;0;0;0;0;0;0;0;0;0;0;0;0
24.11.2024;07:15;A126;1;0;0;1;2;0;0;0;0;0;0;0;0;0;0;0;0;0;0;0;0;0;0;0;0;0;0;0;0;0;0;0;0;0;0;0;0;0;0;0;0;0;0;0;0;0;0;0;0;0;0;0;0
24.11.2024;07:14;A126;1;0;0;0;0;1;0;0;0;2;2;0;0;0;0;0;0;0;0;0;0;0;0;0;0;0;0;0;0;0;0;0;0;0;0;0;0;0;0;0;0;0;0;0;0;0;0;0;0;0;0;0;0
24.11.2024;07:13;A126;1;0;0;0;0;0;0;0;0;0;0;0;0;0;0;0;0;0;0;0;0;0;0;0;0;0;0;0;0;0;0;0;0;0;0;0;0;0;0;0;0;0;0;0;0;0;0;0;0;0;0;0;0
24.11.2024;07:12;A126;1;0;0;0;0;0;0;0;0;0;0;0;0;0;0;0;0;0;0;0;0;0;0;0;0;0;0;0;0;0;0;0;0;0;0;0;0;0;0;0;0;0;0;0;0;0;0;0;0;0;0;0;0
24.11.2024;07:11;A126;1;0;0;0;0;1;0;0;0;0;0;0;0;0;0;0;0;0;0;1;0;1;1;2;5;1;6;0;0;0;0;0;0;0;0;0;0;0;0;0;0;0;0;0;0;0;0;0;0;0;0;0;0
24.11.2024;07:10;A126;1;0;0;0;0;0;0;0;0;0;0;0;0;0;0;0;0;0;0;1;1;1;0;1;4;0;0;0;0;0;0;0;0;0;0;0;0;0;0;0;0;0;0;0;0;0;0;0;0;0;0;0;0
24.11.2024;07:09;A126;1;0;0;0;0;0;0;0;0;0;0;0;0;0;0;0;0;0;0;0;0;0;0;0;0;0;0;0;0;0;0;0;0;0;0;0;0;0;0;0;0;0;0;0;0;0;0;0;0;0;0;0;0
24.11.2024;07:08;A126;1;0;0;0;0;0;0;0;0;0;0;0;0;0;0;0;0;0;0;0;0;0;0;0;0;0;0;0;0;0;0;0;0;0;0;0;0;0;0;0;0;0;0;0;0;0;0;0;0;0;0;0;0
24.11.2024;07:07;A126;1;0;0;0;0;1;1;0;0;2;3;0;0;0;0;0;0;0;0;0;0;0;0;0;0;0;0;0;0;0;0;0;0;0;0;0;0;0;0;0;0;0;0;0;0;0;0;0;0;0;0;0;0
24.11.2024;07:06;A126;1;0;0;0;0;1;0;0;0;1;1;0;0;0;0;0;0;0;0;1;1;0;0;1;6;0;0;0;0;0;0;0;0;0;0;0;0;0;0;0;0;0;0;0;0;0;0;0;0;0;0;0;0
24.11.2024;07:05;A126;1;0;0;0;0;0;0;0;0;0;0;0;0;0;0;0;0;0;0;0;0;0;0;0;0;0;0;0;0;0;0;0;0;0;0;0;0;0;0;0;0;0;0;0;0;0;0;0;0;0;0;0;0
24.11.2024;07:04;A126;1;0;0;0;0;0;0;0;0;0;0;0;0;0;0;0;0;0;0;0;0;0;0;0;0;0;0;0;0;0;0;0;0;0;0;0;0;0;0;0;0;0;0;0;0;0;0;0;0;0;0;0;0
24.11.2024;07:03;A126;1;0;0;0;0;0;0;0;0;0;0;0;0;0;0;0;0;0;0;1;1;0;0;0;0;0;0;0;0;0;0;0;0;0;0;0;0;0;0;0;0;0;0;0;0;0;0;0;0;0;0;0;0
24.11.2024;07:01;A126;1;0;0;0;0;1;0;0;0;1;2;0;0;0;0;0;0;0;0;0;0;0;0;0;0;0;0;0;0;0;0;0;0;0;0;0;0;0;0;0;0;0;0;0;0;0;0;0;0;0;0;0;0
24.11.2024;07:00;A126;1;0;0;0;0;1;1;0;0;1;2;0;0;0;0;0;0;0;0;0;0;2;2;0;0;2;12;0;0;0;0;0;0;0;0;0;0;0;0;0;0;0;0;0;0;0;0;0;0;0;0;0;0
24.11.2024;06:59;A126;1;0;0;0;0;0;0;0;0;0;0;0;0;0;0;0;0;0;0;0;0;0;0;0;0;0;0;0;0;0;0;0;0;0;0;0;0;0;0;0;0;0;0;0;0;0;0;0;0;0;0;0;0
24.11.2024;06:58;A126;1;0;0;1;2;1;0;0;0;2;1;0;0;0;0;0;0;0;0;0;0;0;0;0;0;0;0;0;0;0;0;0;0;0;0;0;0;0;0;0;0;0;0;0;0;0;0;0;0;0;0;0;0
24.11.2024;06:57;A126;1;0;0;0;0;0;0;0;0;0;0;0;0;0;0;0;0;0;0;0;0;0;0;0;0;0;0;0;0;0;0;0;0;0;0;0;0;0;0;0;0;0;0;0;0;0;0;0;0;0;0;0;0
24.11.2024;06:56;A126;1;0;0;0;0;1;0;0;0;2;2;0;0;0;0;0;0;0;0;0;0;1;0;0;0;0;0;0;0;0;0;0;0;0;0;0;0;0;0;0;0;0;0;0;0;0;0;0;0;0;0;0;0
24.11.2024;06:55;A126;1;0;0;0;0;0;0;0;0;0;0;0;0;0;0;0;0;0;0;0;0;0;0;0;0;0;0;0;0;0;0;0;0;0;0;0;0;0;0;0;0;0;0;0;0;0;0;0;0;0;0;0;0
24.11.2024;06:54;A126;1;0;0;0;0;1;2;0;0;1;3;0;0;1;3;0;2;1;1;0;0;0;0;0;0;0;0;0;0;0;0;0;0;0;0;0;0;0;0;0;0;0;0;0;0;0;0;0;0;0;0;0;0
24.11.2024;06:53;A126;1;0;0;0;0;0;0;0;0;0;0;0;0;0;0;1;3;0;0;0;0;0;0;0;0;0;0;0;0;0;0;0;0;0;0;0;0;0;0;0;0;0;0;0;0;0;0;0;0;0;0;0;0
24.11.2024;06:52;A126;1;0;0;1;2;0;0;0;0;0;0;0;0;0;0;0;0;0;0;0;0;0;0;0;0;0;0;0;0;0;0;0;0;0;0;0;0;0;0;0;0;0;0;0;0;0;0;0;0;0;0;0;0
24.11.2024;06:51;A126;1;0;0;0;0;2;1;1;0;2;3;0;0;0;0;0;0;0;0;0;0;0;0;0;0;0;0;0;0;0;0;0;0;0;0;0;0;0;0;0;0;0;0;0;0;0;0;0;0;0;0;0;0
24.11.2024;06:50;A126;1;1;2;0;0;1;0;1;0;1;1;0;0;0;0;0;0;0;0;1;1;1;0;1;2;0;0;0;0;0;0;0;0;0;0;0;0;0;0;0;0;0;0;0;0;0;0;0;0;0;0;0;0
24.11.2024;06:49;A126;1;0;0;1;2;0;0;0;0;0;0;0;0;0;0;0;0;0;0;0;0;0;0;0;0;0;0;0;0;0;0;0;0;0;0;0;0;0;0;0;0;0;0;0;0;0;0;0;0;0;0;0;0
24.11.2024;06:48;A126;1;0;0;0;0;0;0;1;1;0;0;2;3;0;0;0;0;0;0;0;0;0;0;0;0;0;0;0;0;0;0;0;0;0;0;0;0;0;0;0;0;0;0;0;0;0;0;0;0;0;0;0;0
24.11.2024;06:47;A126;1;0;0;0;0;0;0;0;0;0;0;0;0;0;0;0;0;0;0;0;0;0;0;0;0;0;0;0;0;0;0;0;0;0;0;0;0;0;0;0;0;0;0;0;0;0;0;0;0;0;0;0;0
24.11.2024;06:46;A126;1;0;0;0;0;0;0;0;0;0;0;0;0;0;0;0;0;0;0;0;0;0;0;0;0;0;0;0;0;0;0;0;0;0;0;0;0;0;0;0;0;0;0;0;0;0;0;0;0;0;0;0;0
24.11.2024;06:45;A126;1;0;0;0;0;0;0;0;0;0;0;0;0;0;0;0;0;0;0;0;0;0;0;0;0;0;0;0;0;0;0;0;0;0;0;0;0;0;0;0;0;0;0;0;0;0;0;0;0;0;0;0;0
24.11.2024;06:44;A126;1;0;0;0;0;1;1;0;0;1;2;0;0;0;0;0;0;0;0;0;0;0;0;0;0;0;0;0;0;0;0;0;0;0;0;0;0;0;0;0;0;0;0;0;0;0;0;0;0;0;0;0;0
24.11.2024;06:43;A126;1;0;0;0;0;1;1;0;0;2;3;0;0;0;0;0;0;0;0;0;0;1;1;0;0;1;7;0;0;0;0;0;0;0;0;0;0;0;0;0;0;0;0;0;0;0;0;0;0;0;0;0;0
24.11.2024;06:42;A126;1;0;0;0;0;2;2;0;0;2;5;0;0;0;0;0;0;0;0;0;0;0;0;0;0;0;0;0;0;0;0;0;0;0;0;0;0;0;0;0;0;0;0;0;0;0;0;0;0;0;0;0;0
24.11.2024;06:41;A126;1;0;0;0;0;0;0;0;0;0;0;0;0;0;0;0;0;0;0;0;0;0;0;0;0;0;0;0;0;0;0;0;0;0;0;0;0;0;0;0;0;0;0;0;0;0;0;0;0;0;0;0;0
24.11.2024;06:40;A126;1;0;0;0;0;0;0;0;0;0;0;0;0;0;0;0;0;0;0;0;0;0;0;0;0;0;0;0;0;0;0;0;0;0;0;0;0;0;0;0;0;0;0;0;0;0;0;0;0;0;0;0;0
24.11.2024;06:39;A126;1;0;0;0;0;0;0;0;0;0;0;0;0;0;0;0;0;0;0;0;0;0;18;0;0;0;0;0;0;0;0;0;0;0;0;0;0;0;0;0;0;0;0;0;0;0;0;0;0;0;0;0;0
24.11.2024;06:38;A126;1;0;0;0;0;0;0;0;0;0;0;0;0;1;3;1;7;1;1;0;0;1;12;0;0;0;0;0;0;0;0;0;0;0;0;0;0;0;0;0;0;0;0;0;0;0;0;0;0;0;0;0;0
24.11.2024;06:37;A126;1;0;0;0;0;1;1;1;0;2;2;0;0;0;0;0;0;0;0;0;0;2;0;0;0;0;0;0;0;0;0;0;0;0;0;0;0;0;0;0;0;0;0;0;0;0;0;0;0;0;0;0;0
24.11.2024;06:36;A126;1;0;0;0;0;1;0;0;0;1;2;0;0;0;0;0;0;0;0;0;0;0;0;0;0;0;0;0;0;0;0;0;0;0;0;0;0;0;0;0;0;0;0;0;0;0;0;0;0;0;0;0;0
24.11.2024;06:35;A126;1;0;0;0;0;1;4;2;3;1;7;0;0;0;0;0;0;0;0;0;0;0;0;0;0;0;0;0;0;0;0;0;0;0;0;0;0;0;0;0;0;0;0;0;0;0;0;0;0;0;0;0;0
24.11.2024;06:34;A126;1;0;0;0;0;0;0;0;0;0;0;0;0;0;0;0;0;0;0;0;0;0;0;0;0;0;0;0;0;0;0;0;0;0;0;0;0;0;0;0;0;0;0;0;0;0;0;0;0;0;0;0;0
24.11.2024;06:33;A126;1;0;0;0;0;1;0;1;0;1;3;0;0;0;0;0;0;0;0;0;0;1;1;0;0;1;6;0;0;0;0;0;0;0;0;0;0;0;0;0;0;0;0;0;0;0;0;0;0;0;0;0;0
24.11.2024;06:32;A126;1;0;0;0;0;1;0;0;0;1;3;0;0;0;0;0;0;0;0;0;0;0;0;0;0;0;0;0;0;0;0;0;0;0;0;0;0;0;0;0;0;0;0;0;0;0;0;0;0;0;0;0;0
24.11.2024;06:31;A126;1;0;0;0;0;1;1;0;0;1;2;1;3;0;0;0;0;0;0;0;0;0;0;0;0;0;0;0;0;0;0;0;0;0;0;0;0;0;0;0;0;0;0;0;0;0;0;0;0;0;0;0;0
24.11.2024;06:30;A126;1;0;0;0;0;0;0;0;0;0;0;0;0;0;0;0;0;0;0;1;2;2;1;1;5;1;4;0;0;0;0;0;0;0;0;0;0;0;0;0;0;0;0;0;0;0;0;0;0;0;0;0;0
24.11.2024;06:29;A126;1;0;0;0;0;0;0;0;0;0;0;0;0;0;0;0;0;0;0;0;0;0;0;0;0;0;0;0;0;0;0;0;0;0;0;0;0;0;0;0;0;0;0;0;0;0;0;0;0;0;0;0;0
24.11.2024;06:28;A126;1;0;0;1;3;0;0;0;0;0;0;0;0;0;0;0;0;0;0;0;0;0;0;0;0;0;0;0;0;0;0;0;0;0;0;0;0;0;0;0;0;0;0;0;0;0;0;0;0;0;0;0;0
24.11.2024;06:27;A126;1;0;0;0;0;0;0;0;0;0;0;0;0;0;0;0;0;0;0;0;0;1;1;0;0;1;6;0;0;0;0;0;0;0;0;0;0;0;0;0;0;0;0;0;0;0;0;0;0;0;0;0;0
24.11.2024;06:26;A126;1;0;0;1;1;0;0;0;0;0;0;0;0;0;0;0;0;0;0;0;0;0;0;0;0;0;0;0;0;0;0;0;0;0;0;0;0;0;0;0;0;0;0;0;0;0;0;0;0;0;0;0;0
24.11.2024;06:25;A126;1;0;0;1;2;0;0;1;1;0;0;2;2;1;0;0;0;0;0;0;0;0;0;0;0;0;0;0;0;0;0;0;0;0;0;0;0;0;0;0;0;0;0;0;0;0;0;0;0;0;0;0;0
24.11.2024;06:24;A126;1;0;0;0;0;0;0;0;0;0;0;0;0;0;0;0;0;0;0;0;0;0;0;0;0;0;0;0;0;0;0;0;0;0;0;0;0;0;0;0;0;0;0;0;0;0;0;0;0;0;0;0;0
24.11.2024;06:23;A126;1;0;0;0;0;0;0;0;0;0;0;0;0;0;0;0;0;0;0;0;0;0;0;0;0;0;0;0;0;0;0;0;0;0;0;0;0;0;0;0;0;0;0;0;0;0;0;0;0;0;0;0;0
24.11.2024;06:22;A126;1;0;0;1;1;0;0;0;0;0;0;0;0;0;0;0;0;0;0;0;0;1;36;0;0;1;8;0;0;0;0;0;0;0;0;0;0;0;0;0;0;0;0;0;0;0;0;0;0;0;0;0;0
24.11.2024;06:21;A126;1;0;0;0;0;0;0;0;0;0;0;0;0;0;0;0;0;0;0;0;0;0;0;0;0;0;0;0;0;0;0;0;0;0;0;0;0;0;0;0;0;0;0;0;0;0;0;0;0;0;0;0;0
24.11.2024;06:20;A126;1;0;0;0;0;0;0;0;0;0;0;0;0;0;0;0;0;0;0;0;0;0;0;0;0;0;0;0;0;0;0;0;0;0;0;0;0;0;0;0;0;0;0;0;0;0;0;0;0;0;0;0;0
24.11.2024;06:19;A126;1;0;0;0;0;0;0;0;0;0;0;0;0;0;0;0;0;0;0;0;0;0;0;0;0;0;0;0;0;0;0;0;0;0;0;0;0;0;0;0;0;0;0;0;0;0;0;0;0;0;0;0;0
24.11.2024;06:18;A126;1;0;0;1;2;0;0;0;0;0;0;0;0;0;0;0;0;0;0;0;0;0;0;0;0;0;0;0;0;0;0;0;0;0;0;0;0;0;0;0;0;0;0;0;0;0;0;0;0;0;0;0;0
24.11.2024;06:17;A126;1;0;0;0;0;0;0;0;0;0;0;0;0;0;0;0;0;0;0;1;5;2;3;1;10;0;0;0;0;0;0;0;0;0;0;0;0;0;0;0;0;0;0;0;0;0;0;0;0;0;0;0;0
24.11.2024;06:16;A126;1;0;0;0;0;0;0;0;0;0;0;0;0;0;0;0;0;0;0;0;0;0;0;0;0;0;0;0;0;0;0;0;0;0;0;0;0;0;0;0;0;0;0;0;0;0;0;0;0;0;0;0;0
24.11.2024;06:15;A126;1;0;0;0;0;0;0;0;0;0;0;0;0;0;0;0;0;0;0;0;0;0;0;0;0;0;0;0;0;0;0;0;0;0;0;0;0;0;0;0;0;0;0;0;0;0;0;0;0;0;0;0;0
24.11.2024;06:14;A126;1;0;0;0;0;1;1;0;0;2;2;0;0;0;0;0;0;0;0;0;0;0;0;0;0;0;0;0;0;0;0;0;0;0;0;0;0;0;0;0;0;0;0;0;0;0;0;0;0;0;0;0;0
24.11.2024;06:13;A126;1;0;0;1;2;1;1;1;0;1;2;0;0;0;0;0;0;0;0;0;0;1;0;0;0;0;0;0;0;0;0;0;0;0;0;0;0;0;0;0;0;0;0;0;0;0;0;0;0;0;0;0;0
24.11.2024;06:12;A126;1;0;0;0;0;1;0;0;0;1;3;0;0;0;0;0;0;0;0;1;1;1;0;0;0;0;0;0;0;0;0;0;0;0;0;0;0;0;0;0;0;0;0;0;0;0;0;0;0;0;0;0;0
24.11.2024;06:11;A126;1;0;0;0;0;1;1;0;0;1;3;0;0;0;0;0;0;0;0;0;0;0;0;0;0;0;0;0;0;0;0;0;0;0;0;0;0;0;0;0;0;0;0;0;0;0;0;0;0;0;0;0;0
24.11.2024;06:10;A126;1;0;0;0;0;0;0;0;0;0;0;0;0;0;0;0;0;0;0;0;0;0;0;0;0;0;0;0;0;0;0;0;0;0;0;0;0;0;0;0;0;0;0;0;0;0;0;0;0;0;0;0;0
24.11.2024;06:09;A126;1;0;0;0;0;0;0;0;0;0;0;0;0;0;0;0;0;0;0;1;1;1;0;1;4;1;3;0;0;0;0;0;0;0;0;0;0;0;0;0;0;0;0;0;0;0;0;0;0;0;0;0;0
24.11.2024;06:08;A126;1;0;0;0;0;0;0;0;0;0;0;0;0;0;0;0;0;0;0;0;0;0;0;1;2;0;0;0;0;0;0;0;0;0;0;0;0;0;0;0;0;0;0;0;0;0;0;0;0;0;0;0;0
24.11.2024;06:07;A126;1;0;0;0;0;0;0;0;0;0;0;0;0;0;0;0;0;0;0;0;0;0;0;0;0;0;0;0;0;0;0;0;0;0;0;0;0;0;0;0;0;0;0;0;0;0;0;0;0;0;0;0;0
24.11.2024;06:06;A126;1;0;0;0;0;0;0;0;0;0;0;0;0;0;0;0;0;0;0;0;0;0;0;0;0;0;0;0;0;0;0;0;0;0;0;0;0;0;0;0;0;0;0;0;0;0;0;0;0;0;0;0;0
24.11.2024;06:05;A126;1;0;0;0;0;0;0;0;0;0;0;0;0;0;0;0;0;0;0;0;0;0;0;0;0;0;0;0;0;0;0;0;0;0;0;0;0;0;0;0;0;0;0;0;0;0;0;0;0;0;0;0;0
24.11.2024;06:04;A126;1;0;0;0;0;1;0;1;0;2;2;1;2;0;0;0;0;0;0;0;0;0;0;0;0;0;0;0;0;0;0;0;0;0;0;0;0;0;0;0;0;0;0;0;0;0;0;0;0;0;0;0;0
24.11.2024;06:03;A126;1;0;0;0;0;1;1;0;0;1;2;0;0;0;0;0;0;0;0;0;0;1;1;0;0;2;6;0;0;0;0;0;0;0;0;0;0;0;0;0;0;0;0;0;0;0;0;0;0;0;0;0;0
24.11.2024;06:02;A126;1;0;0;1;2;0;0;0;0;0;0;0;0;1;0;0;0;0;0;1;1;0;0;1;2;0;0;0;0;0;0;0;0;0;0;0;0;0;0;0;0;0;0;0;0;0;0;0;0;0;0;0;0
24.11.2024;06:01;A126;1;0;0;0;0;0;0;0;0;0;0;0;0;0;0;0;0;0;0;0;0;0;0;0;0;0;0;0;0;0;0;0;0;0;0;0;0;0;0;0;0;0;0;0;0;0;0;0;0;0;0;0;0
24.11.2024;06:00;A126;1;0;0;0;0;1;0;0;0;1;1;0;0;0;0;0;0;0;0;0;0;0;0;0;0;0;0;0;0;0;0;0;0;0;0;0;0;0;0;0;0;0;0;0;0;0;0;0;0;0;0;0;0
24.11.2024;05:59;A126;1;0;0;0;0;1;0;0;0;1;2;0;0;0;0;0;0;0;0;0;0;0;0;0;0;0;0;0;0;0;0;0;0;0;0;0;0;0;0;0;0;0;0;0;0;0;0;0;0;0;0;0;0
24.11.2024;05:58;A126;1;0;0;0;0;0;0;0;0;0;0;0;0;0;0;0;0;0;0;1;2;1;1;0;0;0;0;0;0;0;0;0;0;0;0;0;0;0;0;0;0;0;0;0;0;0;0;0;0;0;0;0;0
24.11.2024;05:57;A126;1;0;0;0;0;1;1;1;0;1;1;0;0;0;0;0;0;0;0;0;0;0;0;0;0;0;0;0;0;0;0;0;0;0;0;0;0;0;0;0;0;0;0;0;0;0;0;0;0;0;0;0;0
24.11.2024;05:56;A126;1;0;0;0;0;0;0;0;0;0;0;0;0;0;0;0;0;0;0;0;0;0;0;0;0;0;0;0;0;0;0;0;0;0;0;0;0;0;0;0;0;0;0;0;0;0;0;0;0;0;0;0;0
24.11.2024;05:55;A126;1;0;0;0;0;0;0;0;0;0;0;0;0;0;0;0;0;0;0;0;0;0;0;0;0;0;0;0;0;0;0;0;0;0;0;0;0;0;0;0;0;0;0;0;0;0;0;0;0;0;0;0;0
24.11.2024;05:54;A126;1;0;0;0;0;0;0;0;0;0;0;0;0;0;0;0;0;0;0;0;0;0;0;0;0;0;0;0;0;0;0;0;0;0;0;0;0;0;0;0;0;0;0;0;0;0;0;0;0;0;0;0;0
24.11.2024;05:53;A126;1;0;0;0;0;0;0;0;0;0;0;0;0;0;0;0;0;0;0;0;0;0;0;0;0;0;0;0;0;0;0;0;0;0;0;0;0;0;0;0;0;0;0;0;0;0;0;0;0;0;0;0;0
24.11.2024;05:52;A126;1;0;0;0;0;0;0;0;0;0;0;0;0;0;0;0;0;0;0;0;0;0;0;0;0;0;0;0;0;0;0;0;0;0;0;0;0;0;0;0;0;0;0;0;0;0;0;0;0;0;0;0;0
24.11.2024;05:51;A126;1;0;0;0;0;1;1;0;0;1;2;0;0;0;0;0;0;0;0;0;0;0;0;0;0;0;0;0;0;0;0;0;0;0;0;0;0;0;0;0;0;0;0;0;0;0;0;0;0;0;0;0;0
24.11.2024;05:50;A126;1;0;0;0;0;0;0;0;0;0;0;0;0;0;0;0;0;0;0;0;0;0;0;0;0;0;0;0;0;0;0;0;0;0;0;0;0;0;0;0;0;0;0;0;0;0;0;0;0;0;0;0;0
24.11.2024;05:49;A126;1;0;0;0;0;2;1;0;0;1;2;1;1;0;0;0;0;0;0;1;0;1;1;0;0;2;4;0;0;0;0;0;0;0;0;0;0;0;0;0;0;0;0;0;0;0;0;0;0;0;0;0;0
24.11.2024;05:48;A126;1;0;0;0;0;0;0;0;0;0;0;0;0;0;0;0;0;0;0;0;0;0;0;0;0;0;0;0;0;0;0;0;0;0;0;0;0;0;0;0;0;0;0;0;0;0;0;0;0;0;0;0;0
24.11.2024;05:47;A126;1;0;0;0;0;0;0;0;0;0;0;0;0;0;0;0;0;0;0;0;0;0;0;0;0;0;0;0;0;0;0;0;0;0;0;0;0;0;0;0;0;0;0;0;0;0;0;0;0;0;0;0;0
24.11.2024;05:46;A126;1;0;0;0;0;2;10;0;0;2;6;0;0;0;0;0;0;0;0;0;0;0;0;0;0;0;0;0;0;0;0;0;0;0;0;0;0;0;0;0;0;0;0;0;0;0;0;0;0;0;0;0;0
24.11.2024;05:45;A126;1;0;0;2;6;1;0;0;0;1;2;0;0;0;0;0;0;0;0;0;0;0;0;0;0;0;0;0;0;0;0;0;0;0;0;0;0;0;0;0;0;0;0;0;0;0;0;0;0;0;0;0;0
24.11.2024;05:44;A126;1;0;0;0;0;0;0;0;0;0;0;0;0;0;0;0;0;0;0;0;0;0;0;0;0;0;0;0;0;0;0;0;0;0;0;0;0;0;0;0;0;0;0;0;0;0;0;0;0;0;0;0;0
24.11.2024;05:43;A126;1;0;0;0;0;2;1;0;0;2;3;0;0;0;0;0;0;0;0;0;0;0;0;0;0;0;0;0;0;0;0;0;0;0;0;0;0;0;0;0;0;0;0;0;0;0;0;0;0;0;0;0;0
24.11.2024;05:42;A126;1;0;0;1;2;0;0;0;0;0;0;0;0;0;0;0;0;0;0;0;0;0;0;0;0;0;0;0;0;0;0;0;0;0;0;0;0;0;0;0;0;0;0;0;0;0;0;0;0;0;0;0;0
24.11.2024;05:41;A126;1;0;0;0;0;0;0;0;0;0;0;0;0;0;0;0;0;0;0;0;0;0;0;0;0;0;0;0;0;0;0;0;0;0;0;0;0;0;0;0;0;0;0;0;0;0;0;0;0;0;0;0;0
24.11.2024;05:40;A126;1;0;0;0;0;0;0;0;0;0;0;0;0;0;0;0;0;0;0;0;0;0;0;0;0;0;0;0;0;0;0;0;0;0;0;0;0;0;0;0;0;0;0;0;0;0;0;0;0;0;0;0;0
24.11.2024;05:39;A126;1;0;0;0;0;1;1;0;0;1;3;0;0;0;0;0;0;0;0;0;0;0;0;0;0;0;0;0;0;0;0;0;0;0;0;0;0;0;0;0;0;0;0;0;0;0;0;0;0;0;0;0;0
24.11.2024;05:38;A126;1;0;0;1;2;0;0;1;4;0;0;1;7;0;0;0;0;0;0;0;0;1;0;0;0;0;0;0;0;0;0;0;0;0;0;0;0;0;0;0;0;0;0;0;0;0;0;0;0;0;0;0;0
24.11.2024;05:37;A126;1;0;0;0;0;0;0;0;0;0;0;0;0;0;0;0;0;0;0;0;0;0;0;0;0;0;0;0;0;0;0;0;0;0;0;0;0;0;0;0;0;0;0;0;0;0;0;0;0;0;0;0;0
24.11.2024;05:36;A126;1;0;0;0;0;0;0;0;0;0;0;0;0;1;27;1;3;1;0;0;0;0;0;0;0;0;0;0;0;0;0;0;0;0;0;0;0;0;0;0;0;0;0;0;0;0;0;0;0;0;0;0;0
24.11.2024;05:35;A126;1;0;0;0;0;0;0;0;0;0;0;0;0;1;0;0;0;0;0;1;1;0;0;0;0;0;0;0;0;0;0;0;0;0;0;0;0;0;0;0;0;0;0;0;0;0;0;0;0;0;0;0;0
24.11.2024;05:34;A126;1;0;0;0;0;0;0;0;0;0;0;0;0;0;0;0;0;0;0;1;0;1;1;1;2;1;5;0;0;0;0;0;0;0;0;0;0;0;0;0;0;0;0;0;0;0;0;0;0;0;0;0;0
24.11.2024;05:33;A126;1;0;0;1;2;0;0;0;0;0;0;0;0;0;0;0;0;0;0;0;0;0;0;0;0;0;0;0;0;0;0;0;0;0;0;0;0;0;0;0;0;0;0;0;0;0;0;0;0;0;0;0;0
24.11.2024;05:32;A126;1;0;0;0;0;0;0;0;0;0;0;0;0;0;0;0;0;0;0;0;0;0;0;0;0;0;0;0;0;0;0;0;0;0;0;0;0;0;0;0;0;0;0;0;0;0;0;0;0;0;0;0;0
24.11.2024;05:31;A126;1;0;0;1;1;0;0;1;0;0;0;0;0;0;0;0;0;0;0;2;3;1;1;1;12;1;6;0;0;0;0;0;0;0;0;0;0;0;0;0;0;0;0;0;0;0;0;0;0;0;0;0;0
24.11.2024;05:30;A126;1;0;0;0;0;2;2;0;0;2;4;0;0;0;0;0;0;0;0;0;0;0;0;0;0;0;0;0;0;0;0;0;0;0;0;0;0;0;0;0;0;0;0;0;0;0;0;0;0;0;0;0;0
24.11.2024;05:29;A126;1;0;0;0;0;3;2;0;0;4;6;0;0;0;0;0;0;0;0;0;0;0;0;0;0;0;0;0;0;0;0;0;0;0;0;0;0;0;0;0;0;0;0;0;0;0;0;0;0;0;0;0;0
24.11.2024;05:28;A126;1;0;0;0;0;0;0;0;0;0;0;0;0;0;0;0;0;0;0;0;0;0;0;0;0;0;0;0;0;0;0;0;0;0;0;0;0;0;0;0;0;0;0;0;0;0;0;0;0;0;0;0;0
24.11.2024;05:27;A126;1;0;0;0;0;1;0;1;0;1;1;1;1;0;0;0;0;0;0;0;0;1;0;0;0;0;0;0;0;0;0;0;0;0;0;0;0;0;0;0;0;0;0;0;0;0;0;0;0;0;0;0;0
24.11.2024;05:26;A126;1;0;0;0;0;0;0;0;0;0;0;0;0;0;0;0;0;0;0;0;0;0;0;0;0;0;0;0;0;0;0;0;0;0;0;0;0;0;0;0;0;0;0;0;0;0;0;0;0;0;0;0;0
24.11.2024;05:25;A126;1;0;0;0;0;2;1;2;1;2;6;1;2;0;0;0;0;0;0;0;0;1;0;0;0;0;0;0;0;0;0;0;0;0;0;0;0;0;0;0;0;0;0;0;0;0;0;0;0;0;0;0;0
24.11.2024;05:24;A126;1;0;0;0;0;0;0;0;0;0;0;0;0;0;0;0;0;0;0;0;0;0;0;0;0;0;0;0;0;0;0;0;0;0;0;0;0;0;0;0;0;0;0;0;0;0;0;0;0;0;0;0;0
24.11.2024;05:23;A126;1;0;0;1;2;1;26;0;0;1;11;0;0;0;0;0;0;0;0;0;0;1;1;0;0;1;4;0;0;0;0;0;0;0;0;0;0;0;0;0;0;0;0;0;0;0;0;0;0;0;0;0;0
24.11.2024;05:22;A126;1;0;0;0;0;0;0;0;0;0;0;0;0;0;0;0;0;0;0;0;0;0;0;0;0;0;0;0;0;0;0;0;0;0;0;0;0;0;0;0;0;0;0;0;0;0;0;0;0;0;0;0;0
24.11.2024;05:21;A126;1;0;0;0;0;0;0;0;0;0;0;0;0;0;0;0;0;0;0;0;0;0;0;0;0;0;0;0;0;0;0;0;0;0;0;0;0;0;0;0;0;0;0;0;0;0;0;0;0;0;0;0;0
24.11.2024;05:20;A126;1;0;0;1;1;0;0;0;0;0;0;0;0;0;0;0;0;0;0;0;0;0;0;0;0;0;0;0;0;0;0;0;0;0;0;0;0;0;0;0;0;0;0;0;0;0;0;0;0;0;0;0;0
24.11.2024;05:19;A126;1;0;0;0;0;0;0;0;0;0;0;0;0;0;0;0;0;0;0;0;0;0;0;0;0;0;0;0;0;0;0;0;0;0;0;0;0;0;0;0;0;0;0;0;0;0;0;0;0;0;0;0;0
24.11.2024;05:18;A126;1;0;0;0;0;0;0;0;0;0;0;0;0;0;0;0;0;0;0;0;0;0;0;0;0;0;0;0;0;0;0;0;0;0;0;0;0;0;0;0;0;0;0;0;0;0;0;0;0;0;0;0;0
24.11.2024;05:17;A126;1;0;0;1;3;0;0;0;0;0;0;0;0;0;0;0;0;0;0;0;0;0;0;0;0;0;0;0;0;0;0;0;0;0;0;0;0;0;0;0;0;0;0;0;0;0;0;0;0;0;0;0;0
24.11.2024;05:16;A126;1;0;0;0;0;0;0;0;0;0;0;0;0;0;0;0;0;0;0;0;0;0;0;0;0;0;0;0;0;0;0;0;0;0;0;0;0;0;0;0;0;0;0;0;0;0;0;0;0;0;0;0;0
24.11.2024;05:15;A126;1;0;0;0;0;0;0;0;0;0;0;0;0;0;0;0;0;0;0;0;0;0;0;0;0;0;0;0;0;0;0;0;0;0;0;0;0;0;0;0;0;0;0;0;0;0;0;0;0;0;0;0;0
24.11.2024;05:14;A126;1;0;0;0;0;2;1;0;0;2;4;1;1;0;0;0;0;0;0;0;0;1;0;0;0;0;0;0;0;0;0;0;0;0;0;0;0;0;0;0;0;0;0;0;0;0;0;0;0;0;0;0;0
24.11.2024;05:13;A126;1;0;0;1;1;1;0;0;0;1;4;0;0;0;0;0;0;0;0;1;1;0;0;0;0;0;0;0;0;0;0;0;0;0;0;0;0;0;0;0;0;0;0;0;0;0;0;0;0;0;0;0;0
24.11.2024;05:12;A126;1;0;0;0;0;1;0;0;0;1;1;0;0;0;0;0;0;0;0;0;0;0;0;0;0;0;0;0;0;0;0;0;0;0;0;0;0;0;0;0;0;0;0;0;0;0;0;0;0;0;0;0;0
24.11.2024;05:11;A126;1;0;0;0;0;0;0;0;0;0;0;0;0;0;0;0;0;0;0;0;0;1;1;0;0;1;6;0;0;0;0;0;0;0;0;0;0;0;0;0;0;0;0;0;0;0;0;0;0;0;0;0;0
24.11.2024;05:10;A126;1;0;0;0;0;2;1;0;0;2;6;0;0;0;0;0;0;0;0;0;0;0;0;0;0;0;0;0;0;0;0;0;0;0;0;0;0;0;0;0;0;0;0;0;0;0;0;0;0;0;0;0;0
24.11.2024;05:09;A126;1;0;0;0;0;0;0;0;0;0;0;0;0;0;0;0;0;0;0;0;0;0;0;0;0;0;0;0;0;0;0;0;0;0;0;0;0;0;0;0;0;0;0;0;0;0;0;0;0;0;0;0;0
24.11.2024;05:08;A126;1;0;0;0;0;0;0;0;0;0;0;0;0;0;0;0;0;0;0;0;0;2;2;0;0;4;12;0;0;0;0;0;0;0;0;0;0;0;0;0;0;0;0;0;0;0;0;0;0;0;0;0;0
24.11.2024;05:07;A126;1;0;0;0;0;1;0;1;0;1;2;1;3;0;0;0;0;0;0;0;0;2;2;0;0;1;4;0;0;0;0;0;0;0;0;0;0;0;0;0;0;0;0;0;0;0;0;0;0;0;0;0;0
24.11.2024;05:06;A126;1;0;0;0;0;0;0;0;0;0;0;0;0;0;0;0;0;0;0;0;0;1;1;0;0;1;6;0;0;0;0;0;0;0;0;0;0;0;0;0;0;0;0;0;0;0;0;0;0;0;0;0;0
24.11.2024;05:05;A126;1;0;0;0;0;0;0;0;0;0;0;0;0;0;0;0;0;0;0;0;0;0;0;0;0;0;0;0;0;0;0;0;0;0;0;0;0;0;0;0;0;0;0;0;0;0;0;0;0;0;0;0;0
24.11.2024;05:04;A126;1;0;0;0;0;0;0;0;0;0;0;0;0;0;0;0;0;0;0;0;0;0;0;0;0;0;0;0;0;0;0;0;0;0;0;0;0;0;0;0;0;0;0;0;0;0;0;0;0;0;0;0;0
24.11.2024;05:03;A126;1;0;0;0;0;0;0;0;0;0;0;0;0;0;0;0;0;0;0;0;0;0;0;0;0;0;0;0;0;0;0;0;0;0;0;0;0;0;0;0;0;0;0;0;0;0;0;0;0;0;0;0;0
24.11.2024;05:02;A126;1;0;0;1;0;1;0;0;0;1;2;0;0;0;0;0;0;0;0;0;0;0;0;0;0;0;0;0;0;0;0;0;0;0;0;0;0;0;0;0;0;0;0;0;0;0;0;0;0;0;0;0;0
24.11.2024;05:01;A126;1;0;0;0;0;0;0;0;0;0;0;0;0;0;0;0;0;0;0;0;0;0;0;0;0;0;0;0;0;0;0;0;0;0;0;0;0;0;0;0;0;0;0;0;0;0;0;0;0;0;0;0;0
24.11.2024;05:00;A126;1;0;0;0;0;1;1;0;0;1;2;0;0;0;0;0;0;0;0;0;0;0;0;0;0;0;0;0;0;0;0;0;0;0;0;0;0;0;0;0;0;0;0;0;0;0;0;0;0;0;0;0;0
24.11.2024;04:59;A126;1;0;0;0;0;0;0;0;0;0;0;0;0;0;0;0;0;0;0;0;0;1;1;0;2;0;4;0;0;0;0;0;0;0;0;0;0;0;0;0;0;0;0;0;0;0;0;0;0;0;0;0;0
24.11.2024;04:58;A126;1;0;0;0;0;0;0;0;0;0;0;0;0;0;0;0;0;0;0;0;0;3;2;2;9;1;9;0;0;0;0;0;0;0;0;0;0;0;0;0;0;0;0;0;0;0;0;0;0;0;0;0;0
24.11.2024;04:57;A126;1;0;0;0;0;2;1;1;0;2;4;0;0;0;0;0;0;0;0;1;1;0;0;1;3;0;0;0;0;0;0;0;0;0;0;0;0;0;0;0;0;0;0;0;0;0;0;0;0;0;0;0;0
24.11.2024;04:56;A126;1;0;0;0;0;0;0;0;0;0;0;0;0;0;0;0;0;0;0;0;0;0;0;0;0;0;0;0;0;0;0;0;0;0;0;0;0;0;0;0;0;0;0;0;0;0;0;0;0;0;0;0;0
24.11.2024;04:55;A126;1;0;0;0;0;0;0;0;0;0;0;0;0;0;0;0;0;0;0;0;0;1;7;1;2;2;13;0;0;0;0;0;0;0;0;0;0;0;0;0;0;0;0;0;0;0;0;0;0;0;0;0;0
24.11.2024;04:54;A126;1;0;0;0;0;0;0;0;0;0;0;0;0;0;0;0;0;0;0;0;0;0;0;0;0;0;0;0;0;0;0;0;0;0;0;0;0;0;0;0;0;0;0;0;0;0;0;0;0;0;0;0;0
24.11.2024;04:53;A126;1;1;1;0;0;0;0;1;1;0;0;1;3;0;0;0;0;0;0;0;0;1;1;0;0;1;7;0;0;0;0;0;0;0;0;0;0;0;0;0;0;0;0;0;0;0;0;0;0;0;0;0;0
24.11.2024;04:52;A126;1;0;0;0;0;0;0;0;0;0;0;0;0;0;0;0;0;0;0;0;0;0;0;0;0;0;0;0;0;0;0;0;0;0;0;0;0;0;0;0;0;0;0;0;0;0;0;0;0;0;0;0;0
24.11.2024;04:51;A126;1;0;0;0;0;1;0;1;0;1;1;1;1;0;0;0;0;0;0;0;0;0;0;0;0;0;0;0;0;0;0;0;0;0;0;0;0;0;0;0;0;0;0;0;0;0;0;0;0;0;0;0;0
24.11.2024;04:50;A126;1;0;0;0;0;0;0;0;0;0;0;0;0;1;1;0;0;0;0;0;0;0;0;0;0;0;0;0;0;0;0;0;0;0;0;0;0;0;0;0;0;0;0;0;0;0;0;0;0;0;0;0;0
24.11.2024;04:49;A126;1;0;0;1;1;0;0;0;0;0;0;0;0;0;0;0;0;0;0;1;19;0;0;2;8;1;7;0;0;0;0;0;0;0;0;0;0;0;0;0;0;0;0;0;0;0;0;0;0;0;0;0;0
24.11.2024;04:48;A126;1;0;0;0;0;0;0;0;0;0;0;0;0;0;0;0;0;0;0;0;0;0;0;0;0;0;0;0;0;0;0;0;0;0;0;0;0;0;0;0;0;0;0;0;0;0;0;0;0;0;0;0;0
24.11.2024;04:47;A126;1;0;0;0;0;0;0;0;0;0;0;0;0;0;0;0;0;0;0;0;0;0;0;0;0;0;0;0;0;0;0;0;0;0;0;0;0;0;0;0;0;0;0;0;0;0;0;0;0;0;0;0;0
24.11.2024;04:46;A126;1;0;0;1;2;0;0;0;0;0;0;0;0;0;0;0;0;0;0;0;0;0;0;0;0;0;0;0;0;0;0;0;0;0;0;0;0;0;0;0;0;0;0;0;0;0;0;0;0;0;0;0;0
24.11.2024;04:45;A126;1;0;0;0;0;0;0;1;1;0;0;1;5;1;1;0;0;0;0;0;0;1;1;0;0;1;2;0;0;0;0;0;0;0;0;0;0;0;0;0;0;0;0;0;0;0;0;0;0;0;0;0;0
24.11.2024;04:44;A126;1;0;0;0;0;0;0;0;0;0;0;0;0;0;0;0;0;0;0;0;0;0;0;0;0;0;0;0;0;0;0;0;0;0;0;0;0;0;0;0;0;0;0;0;0;0;0;0;0;0;0;0;0
24.11.2024;04:43;A126;1;1;0;0;0;1;3;0;0;1;4;0;0;0;0;0;0;0;0;0;0;1;1;0;0;1;6;0;0;0;0;0;0;0;0;0;0;0;0;0;0;0;0;0;0;0;0;0;0;0;0;0;0
24.11.2024;04:42;A126;1;0;0;0;0;0;0;0;0;0;0;0;0;0;0;0;0;0;0;0;0;1;1;0;0;1;7;0;0;0;0;0;0;0;0;0;0;0;0;0;0;0;0;0;0;0;0;0;0;0;0;0;0
24.11.2024;04:41;A126;1;0;0;0;0;1;0;1;0;1;2;2;2;0;0;0;0;0;0;0;0;0;0;0;0;0;0;0;0;0;0;0;0;0;0;0;0;0;0;0;0;0;0;0;0;0;0;0;0;0;0;0;0
24.11.2024;04:40;A126;1;0;0;0;0;1;0;0;0;1;1;0;0;0;0;0;0;0;0;0;0;1;1;0;0;2;5;0;0;0;0;0;0;0;0;0;0;0;0;0;0;0;0;0;0;0;0;0;0;0;0;0;0
24.11.2024;04:39;A126;1;0;0;0;0;1;0;0;0;1;2;0;0;0;0;0;0;0;0;0;0;0;0;0;0;0;0;0;0;0;0;0;0;0;0;0;0;0;0;0;0;0;0;0;0;0;0;0;0;0;0;0;0
24.11.2024;04:38;A126;1;0;0;1;2;0;0;0;0;0;0;0;0;0;0;0;0;0;0;0;0;1;1;0;0;1;6;0;0;0;0;0;0;0;0;0;0;0;0;0;0;0;0;0;0;0;0;0;0;0;0;0;0
24.11.2024;04:37;A126;1;0;0;0;0;3;2;3;1;3;7;2;3;0;0;0;0;0;0;0;0;1;1;0;0;1;5;0;0;0;0;0;0;0;0;0;0;0;0;0;0;0;0;0;0;0;0;0;0;0;0;0;0
24.11.2024;04:36;A126;1;0;0;0;0;0;0;0;0;0;0;0;0;0;0;0;0;0;0;0;0;0;0;1;0;1;1;0;0;0;0;0;0;0;0;0;0;0;0;0;0;0;0;0;0;0;0;0;0;0;0;0;0
24.11.2024;04:35;A126;1;0;0;0;0;0;0;0;0;0;0;0;0;0;0;0;0;0;0;0;0;0;0;0;0;0;0;0;0;0;0;0;0;0;0;0;0;0;0;0;0;0;0;0;0;0;0;0;0;0;0;0;0
24.11.2024;04:34;A126;1;0;0;1;1;0;0;0;0;0;0;0;0;1;1;1;4;1;0;1;0;2;1;0;0;1;5;0;0;0;0;0;0;0;0;0;0;0;0;0;0;0;0;0;0;0;0;0;0;0;0;0;0
24.11.2024;04:33;A126;1;0;0;1;2;0;0;0;0;0;0;0;0;0;0;0;0;0;0;0;0;0;0;0;0;0;0;0;0;0;0;0;0;0;0;0;0;0;0;0;0;0;0;0;0;0;0;0;0;0;0;0;0
24.11.2024;04:32;A126;1;0;0;0;0;1;0;1;1;1;3;1;5;0;0;0;0;0;0;0;0;0;0;0;0;0;0;0;0;0;0;0;0;0;0;0;0;0;0;0;0;0;0;0;0;0;0;0;0;0;0;0;0
24.11.2024;04:31;A126;1;0;0;0;0;1;1;0;0;1;2;0;0;0;0;0;0;0;0;0;0;0;0;0;0;0;0;0;0;0;0;0;0;0;0;0;0;0;0;0;0;0;0;0;0;0;0;0;0;0;0;0;0
24.11.2024;04:30;A126;1;0;0;0;0;0;0;0;0;0;0;0;0;0;0;0;0;0;0;0;0;1;0;0;0;0;0;0;0;0;0;0;0;0;0;0;0;0;0;0;0;0;0;0;0;0;0;0;0;0;0;0;0
24.11.2024;04:29;A126;1;0;0;0;0;1;0;1;0;2;1;0;0;0;0;0;0;0;0;0;0;0;0;0;0;0;0;0;0;0;0;0;0;0;0;0;0;0;0;0;0;0;0;0;0;0;0;0;0;0;0;0;0
24.11.2024;04:28;A126;1;0;0;0;0;0;0;0;0;0;0;0;0;0;0;0;0;0;0;0;0;0;0;0;0;0;0;0;0;0;0;0;0;0;0;0;0;0;0;0;0;0;0;0;0;0;0;0;0;0;0;0;0
24.11.2024;04:27;A126;1;0;0;0;0;0;0;0;0;0;0;0;0;0;0;0;0;0;0;0;0;0;0;0;0;0;0;0;0;0;0;0;0;0;0;0;0;0;0;0;0;0;0;0;0;0;0;0;0;0;0;0;0
24.11.2024;04:26;A126;1;0;0;0;0;1;4;0;0;1;2;0;0;0;0;0;0;0;0;0;0;0;0;0;0;0;0;0;0;0;0;0;0;0;0;0;0;0;0;0;0;0;0;0;0;0;0;0;0;0;0;0;0
24.11.2024;04:25;A126;1;0;0;1;1;1;12;0;0;2;4;0;0;0;0;0;0;0;0;0;0;0;0;0;0;0;0;0;0;0;0;0;0;0;0;0;0;0;0;0;0;0;0;0;0;0;0;0;0;0;0;0;0
24.11.2024;04:24;A126;1;0;0;0;0;2;1;1;0;3;2;1;4;0;0;0;0;0;0;0;0;0;0;0;0;0;0;0;0;0;0;0;0;0;0;0;0;0;0;0;0;0;0;0;0;0;0;0;0;0;0;0;0
24.11.2024;04:23;A126;1;0;0;0;0;0;0;0;0;0;0;0;0;0;0;0;0;0;0;0;0;0;0;0;0;0;0;0;0;0;0;0;0;0;0;0;0;0;0;0;0;0;0;0;0;0;0;0;0;0;0;0;0
24.11.2024;04:22;A126;1;0;0;0;0;0;0;0;0;0;0;0;0;0;0;0;0;0;0;0;0;0;0;0;0;0;0;0;0;0;0;0;0;0;0;0;0;0;0;0;0;0;0;0;0;0;0;0;0;0;0;0;0
24.11.2024;04:21;A126;1;0;0;0;0;0;0;0;0;0;0;0;0;0;0;0;0;0;0;0;0;0;0;0;0;0;0;0;0;0;0;0;0;0;0;0;0;0;0;0;0;0;0;0;0;0;0;0;0;0;0;0;0
24.11.2024;04:20;A126;1;0;0;0;0;2;1;0;0;2;5;1;0;0;0;0;0;0;0;0;0;1;1;0;0;1;6;0;0;0;0;0;0;0;0;0;0;0;0;0;0;0;0;0;0;0;0;0;0;0;0;0;0
24.11.2024;04:19;A126;1;0;0;1;3;0;0;0;0;0;0;0;0;0;0;0;0;0;0;0;0;0;0;0;0;0;0;0;0;0;0;0;0;0;0;0;0;0;0;0;0;0;0;0;0;0;0;0;0;0;0;0;0
24.11.2024;04:18;A126;1;0;0;0;0;0;0;0;0;0;0;0;0;0;0;0;0;0;0;0;0;1;1;0;0;1;8;0;0;0;0;0;0;0;0;0;0;0;0;0;0;0;0;0;0;0;0;0;0;0;0;0;0
24.11.2024;04:17;A126;1;0;0;1;1;0;0;0;0;0;0;0;0;0;0;0;0;0;0;1;1;2;3;1;3;1;21;0;0;0;0;0;0;0;0;0;0;0;0;0;0;0;0;0;0;0;0;0;0;0;0;0;0
24.11.2024;04:16;A126;1;0;0;0;0;0;0;0;0;0;0;0;0;0;0;0;0;0;0;0;0;0;0;0;0;0;0;0;0;0;0;0;0;0;0;0;0;0;0;0;0;0;0;0;0;0;0;0;0;0;0;0;0
24.11.2024;04:15;A126;1;0;0;1;6;1;19;0;0;1;5;1;1;0;0;0;0;0;0;0;0;0;0;0;0;0;0;0;0;0;0;0;0;0;0;0;0;0;0;0;0;0;0;0;0;0;0;0;0;0;0;0;0
24.11.2024;04:14;A126;1;0;0;0;0;0;0;0;0;0;0;0;0;0;0;0;0;0;0;0;0;0;0;0;0;0;0;0;0;0;0;0;0;0;0;0;0;0;0;0;0;0;0;0;0;0;0;0;0;0;0;0;0
24.11.2024;04:13;A126;1;0;0;0;0;1;0;0;0;1;2;1;1;0;0;0;0;0;0;0;0;0;0;0;0;0;0;0;0;0;0;0;0;0;0;0;0;0;0;0;0;0;0;0;0;0;0;0;0;0;0;0;0
24.11.2024;04:12;A126;1;0;0;0;0;0;0;0;0;0;0;0;0;0;0;0;0;0;0;0;0;2;2;0;0;2;12;0;0;0;0;0;0;0;0;0;0;0;0;0;0;0;0;0;0;0;0;0;0;0;0;0;0
24.11.2024;04:11;A126;1;0;0;2;3;0;0;0;0;0;0;0;0;0;0;0;0;0;0;0;0;0;0;0;0;0;0;0;0;0;0;0;0;0;0;0;0;0;0;0;0;0;0;0;0;0;0;0;0;0;0;0;0
24.11.2024;04:10;A126;1;0;0;0;0;1;0;0;0;1;2;0;0;0;0;0;0;0;0;0;0;0;0;0;0;0;0;0;0;0;0;0;0;0;0;0;0;0;0;0;0;0;0;0;0;0;0;0;0;0;0;0;0
24.11.2024;04:09;A126;1;0;0;0;0;0;0;0;0;0;0;0;0;0;0;0;0;0;0;0;0;0;0;0;0;0;0;0;0;0;0;0;0;0;0;0;0;0;0;0;0;0;0;0;0;0;0;0;0;0;0;0;0
24.11.2024;04:08;A126;1;0;0;0;0;1;0;0;0;1;1;0;0;0;0;0;0;0;0;0;0;0;0;0;0;0;0;0;0;0;0;0;0;0;0;0;0;0;0;0;0;0;0;0;0;0;0;0;0;0;0;0;0
24.11.2024;04:07;A126;1;0;0;0;0;1;1;0;0;1;3;0;0;0;0;0;0;0;0;0;0;0;0;0;0;0;0;0;0;0;0;0;0;0;0;0;0;0;0;0;0;0;0;0;0;0;0;0;0;0;0;0;0
24.11.2024;04:06;A126;1;0;0;2;6;1;0;0;0;0;0;0;0;0;0;0;0;0;0;0;0;0;0;0;0;0;0;0;0;0;0;0;0;0;0;0;0;0;0;0;0;0;0;0;0;0;0;0;0;0;0;0;0
24.11.2024;04:05;A126;1;0;0;0;0;0;0;0;0;0;0;0;0;0;0;0;0;0;0;0;0;0;0;0;0;0;0;0;0;0;0;0;0;0;0;0;0;0;0;0;0;0;0;0;0;0;0;0;0;0;0;0;0
24.11.2024;04:04;A126;1;0;0;2;5;0;0;0;0;0;0;0;0;0;0;0;0;0;0;0;0;0;0;1;1;0;0;0;0;0;0;0;0;0;0;0;0;0;0;0;0;0;0;0;0;0;0;0;0;0;0;0;0
24.11.2024;04:03;A126;1;0;0;2;4;2;1;1;0;2;3;1;1;0;0;0;0;0;0;0;0;0;0;0;0;0;0;0;0;0;0;0;0;0;0;0;0;0;0;0;0;0;0;0;0;0;0;0;0;0;0;0;0
24.11.2024;04:02;A126;1;0;0;0;0;1;0;1;0;1;1;1;1;0;0;0;0;0;0;0;0;0;0;0;0;0;0;0;0;0;0;0;0;0;0;0;0;0;0;0;0;0;0;0;0;0;0;0;0;0;0;0;0
24.11.2024;04:01;A126;1;0;0;0;0;0;0;0;0;0;0;0;0;0;0;0;0;0;0;0;0;0;0;0;0;0;0;0;0;0;0;0;0;0;0;0;0;0;0;0;0;0;0;0;0;0;0;0;0;0;0;0;0
24.11.2024;04:00;A126;1;0;0;1;1;0;0;0;0;0;0;0;0;0;0;0;0;0;0;0;0;0;0;0;0;0;0;0;0;0;0;0;0;0;0;0;0;0;0;0;0;0;0;0;0;0;0;0;0;0;0;0;0
24.11.2024;03:59;A126;1;0;0;0;0;0;0;0;0;0;0;0;0;0;0;0;0;0;0;0;0;0;0;0;0;0;0;0;0;0;0;0;0;0;0;0;0;0;0;0;0;0;0;0;0;0;0;0;0;0;0;0;0
24.11.2024;03:58;A126;1;0;0;0;0;0;0;0;0;0;0;0;0;1;16;1;6;1;0;0;0;0;0;0;0;0;0;0;0;0;0;0;0;0;0;0;0;0;0;0;0;0;0;0;0;0;0;0;0;0;0;0;0
24.11.2024;03:57;A126;1;0;0;0;0;0;0;0;0;0;0;0;0;1;1;0;0;0;0;2;2;1;0;1;3;1;3;0;0;0;0;0;0;0;0;0;0;0;0;0;0;0;0;0;0;0;0;0;0;0;0;0;0
24.11.2024;03:56;A126;1;0;0;0;0;0;0;0;0;0;0;0;0;0;0;0;0;0;0;0;0;0;0;0;0;0;0;0;0;0;0;0;0;0;0;0;0;0;0;0;0;0;0;0;0;0;0;0;0;0;0;0;0
24.11.2024;03:55;A126;1;0;0;0;0;0;0;0;0;0;0;0;0;1;1;2;3;1;0;0;0;0;0;0;0;0;0;0;0;0;0;0;0;0;0;0;0;0;0;0;0;0;0;0;0;0;0;0;0;0;0;0;0
24.11.2024;03:54;A126;1;1;19;1;6;0;0;0;0;0;0;0;0;1;0;0;0;0;0;0;0;0;0;0;0;0;0;0;0;0;0;0;0;0;0;0;0;0;0;0;0;0;0;0;0;0;0;0;0;0;0;0;0
24.11.2024;03:53;A126;1;0;0;0;0;0;0;0;0;0;0;0;0;0;0;0;0;0;0;0;0;1;2;2;5;1;9;0;0;0;0;0;0;0;0;0;0;0;0;0;0;0;0;0;0;0;0;0;0;0;0;0;0
24.11.2024;03:52;A126;1;0;0;0;0;1;0;1;0;2;2;0;0;0;0;0;0;0;0;1;2;2;1;1;7;1;4;0;0;0;0;0;0;0;0;0;0;0;0;0;0;0;0;0;0;0;0;0;0;0;0;0;0
24.11.2024;03:51;A126;1;0;0;0;0;3;18;0;0;2;14;0;0;0;0;0;0;0;0;0;0;0;0;0;0;0;0;0;0;0;0;0;0;0;0;0;0;0;0;0;0;0;0;0;0;0;0;0;0;0;0;0;0
24.11.2024;03:50;A126;1;0;0;1;2;1;0;0;0;1;2;0;0;0;0;0;0;0;0;0;0;0;0;0;0;0;0;0;0;0;0;0;0;0;0;0;0;0;0;0;0;0;0;0;0;0;0;0;0;0;0;0;0
24.11.2024;03:49;A126;1;0;0;0;0;0;0;0;0;0;0;0;0;0;0;0;0;0;0;0;0;0;0;0;0;0;0;0;0;0;0;0;0;0;0;0;0;0;0;0;0;0;0;0;0;0;0;0;0;0;0;0;0
24.11.2024;03:48;A126;1;0;0;0;0;0;0;0;0;0;0;0;0;0;0;0;0;0;0;0;0;0;0;0;0;0;0;0;0;0;0;0;0;0;0;0;0;0;0;0;0;0;0;0;0;0;0;0;0;0;0;0;0
24.11.2024;03:47;A126;1;0;0;0;0;0;0;0;0;0;0;0;0;0;0;0;0;0;0;0;0;0;0;0;0;0;0;0;0;0;0;0;0;0;0;0;0;0;0;0;0;0;0;0;0;0;0;0;0;0;0;0;0
24.11.2024;03:46;A126;1;0;0;0;0;0;0;0;0;0;0;0;0;0;0;0;0;0;0;0;0;0;0;0;0;0;0;0;0;0;0;0;0;0;0;0;0;0;0;0;0;0;0;0;0;0;0;0;0;0;0;0;0
24.11.2024;03:45;A126;1;0;0;0;0;0;0;0;0;0;0;0;0;0;0;0;0;0;0;0;0;0;0;0;0;0;0;0;0;0;0;0;0;0;0;0;0;0;0;0;0;0;0;0;0;0;0;0;0;0;0;0;0
24.11.2024;03:44;A126;1;0;0;0;0;0;0;0;0;0;0;0;0;0;0;0;0;0;0;0;0;0;0;0;0;0;0;0;0;0;0;0;0;0;0;0;0;0;0;0;0;0;0;0;0;0;0;0;0;0;0;0;0
24.11.2024;03:43;A126;1;0;0;0;0;0;0;0;0;0;0;0;0;0;0;0;0;0;0;0;0;0;0;0;0;0;0;0;0;0;0;0;0;0;0;0;0;0;0;0;0;0;0;0;0;0;0;0;0;0;0;0;0
24.11.2024;03:42;A126;1;0;0;0;0;1;0;0;0;1;3;0;0;0;0;0;0;0;0;0;0;0;0;0;0;0;0;0;0;0;0;0;0;0;0;0;0;0;0;0;0;0;0;0;0;0;0;0;0;0;0;0;0
24.11.2024;03:41;A126;1;0;0;0;0;0;0;0;0;0;0;0;0;0;0;0;0;0;0;0;0;0;0;0;0;0;0;0;0;0;0;0;0;0;0;0;0;0;0;0;0;0;0;0;0;0;0;0;0;0;0;0;0
24.11.2024;03:40;A126;1;0;0;0;0;0;0;0;0;0;0;0;0;0;0;0;0;0;0;1;6;0;0;0;0;0;0;0;0;0;0;0;0;0;0;0;0;0;0;0;0;0;0;0;0;0;0;0;0;0;0;0;0
24.11.2024;03:39;A126;1;0;0;1;1;0;0;0;0;0;0;0;0;0;0;0;0;0;0;0;0;1;22;0;4;1;1;0;0;0;0;0;0;0;0;0;0;0;0;0;0;0;0;0;0;0;0;0;0;0;0;0;0
24.11.2024;03:38;A126;1;0;0;1;1;0;0;0;0;0;0;0;0;0;0;0;0;0;0;0;0;0;0;1;0;0;0;0;0;0;0;0;0;0;0;0;0;0;0;0;0;0;0;0;0;0;0;0;0;0;0;0;0
24.11.2024;03:37;A126;1;0;0;0;0;0;0;0;0;0;0;0;0;0;0;0;0;0;0;0;0;2;2;0;0;1;9;0;0;0;0;0;0;0;0;0;0;0;0;0;0;0;0;0;0;0;0;0;0;0;0;0;0
24.11.2024;03:36;A126;1;0;0;0;0;0;0;0;0;0;0;0;0;0;0;0;0;0;0;0;0;0;0;0;0;0;0;0;0;0;0;0;0;0;0;0;0;0;0;0;0;0;0;0;0;0;0;0;0;0;0;0;0
24.11.2024;03:35;A126;1;0;0;0;0;1;0;0;0;1;1;0;0;0;0;0;0;0;0;0;0;1;0;0;0;0;0;0;0;0;0;0;0;0;0;0;0;0;0;0;0;0;0;0;0;0;0;0;0;0;0;0;0
24.11.2024;03:34;A126;1;0;0;0;0;0;0;0;0;0;0;0;0;0;0;0;0;0;0;0;0;1;0;0;0;1;5;0;0;0;0;0;0;0;0;0;0;0;0;0;0;0;0;0;0;0;0;0;0;0;0;0;0
24.11.2024;03:33;A126;1;0;0;0;0;2;1;2;1;2;4;3;5;0;0;0;0;0;0;0;0;1;0;0;0;0;0;0;0;0;0;0;0;0;0;0;0;0;0;0;0;0;0;0;0;0;0;0;0;0;0;0;0
24.11.2024;03:32;A126;1;0;0;0;0;0;0;0;0;0;0;0;0;0;0;0;0;0;0;0;0;0;0;0;0;0;0;0;0;0;0;0;0;0;0;0;0;0;0;0;0;0;0;0;0;0;0;0;0;0;0;0;0
24.11.2024;03:31;A126;1;0;0;0;0;1;0;1;0;1;1;0;0;0;0;0;0;0;0;0;0;1;0;0;0;0;0;0;0;0;0;0;0;0;0;0;0;0;0;0;0;0;0;0;0;0;0;0;0;0;0;0;0
24.11.2024;03:30;A126;1;0;0;0;0;0;0;0;0;0;0;0;0;0;0;0;0;0;0;0;0;0;0;0;0;0;0;0;0;0;0;0;0;0;0;0;0;0;0;0;0;0;0;0;0;0;0;0;0;0;0;0;0
24.11.2024;03:29;A126;1;0;0;0;0;0;0;0;0;0;0;0;0;1;0;0;0;0;0;0;0;1;1;0;0;1;6;0;0;0;0;0;0;0;0;0;0;0;0;0;0;0;0;0;0;0;0;0;0;0;0;0;0
24.11.2024;03:28;A126;1;0;0;0;0;1;0;1;0;1;2;1;0;0;0;0;0;0;0;1;0;0;0;0;0;0;0;0;0;0;0;0;0;0;0;0;0;0;0;0;0;0;0;0;0;0;0;0;0;0;0;0;0
24.11.2024;03:27;A126;1;0;0;0;0;0;0;0;0;0;0;0;0;0;0;0;0;0;0;0;0;0;0;0;0;0;0;0;0;0;0;0;0;0;0;0;0;0;0;0;0;0;0;0;0;0;0;0;0;0;0;0;0
24.11.2024;03:26;A126;1;0;0;0;0;0;0;0;0;0;0;0;0;0;0;0;0;0;0;0;0;0;0;0;0;0;0;0;0;0;0;0;0;0;0;0;0;0;0;0;0;0;0;0;0;0;0;0;0;0;0;0;0
24.11.2024;03:25;A126;1;0;0;0;0;0;0;0;0;0;0;0;0;0;0;0;0;0;0;0;0;0;0;0;0;0;0;0;0;0;0;0;0;0;0;0;0;0;0;0;0;0;0;0;0;0;0;0;0;0;0;0;0
24.11.2024;03:24;A126;1;0;0;0;0;0;0;0;0;0;0;0;0;0;0;0;0;0;0;0;0;0;0;0;0;0;0;0;0;0;0;0;0;0;0;0;0;0;0;0;0;0;0;0;0;0;0;0;0;0;0;0;0
24.11.2024;03:23;A126;1;1;0;0;0;1;19;0;0;0;0;0;0;0;0;0;0;0;0;2;20;2;4;2;4;0;0;0;0;0;0;0;0;0;0;0;0;0;0;0;0;0;0;0;0;0;0;0;0;0;0;0;0
24.11.2024;03:22;A126;1;0;0;1;7;0;0;0;0;1;4;0;0;0;0;0;0;0;0;0;0;0;0;0;0;0;0;0;0;0;0;0;0;0;0;0;0;0;0;0;0;0;0;0;0;0;0;0;0;0;0;0;0
24.11.2024;03:21;A126;1;0;0;0;0;0;0;0;0;0;0;0;0;0;0;0;0;0;0;0;0;1;1;0;0;0;3;0;0;0;0;0;0;0;0;0;0;0;0;0;0;0;0;0;0;0;0;0;0;0;0;0;0
24.11.2024;03:20;A126;1;0;0;0;0;0;0;0;0;0;0;0;0;0;0;0;0;0;0;0;0;0;0;0;0;1;5;0;0;0;0;0;0;0;0;0;0;0;0;0;0;0;0;0;0;0;0;0;0;0;0;0;0
24.11.2024;03:19;A126;1;0;0;0;0;0;0;0;0;0;0;0;0;0;0;0;0;0;0;0;0;0;0;0;0;0;0;0;0;0;0;0;0;0;0;0;0;0;0;0;0;0;0;0;0;0;0;0;0;0;0;0;0
24.11.2024;03:18;A126;1;0;0;0;0;0;0;0;0;0;0;0;0;0;0;0;0;0;0;0;0;1;1;0;0;1;6;0;0;0;0;0;0;0;0;0;0;0;0;0;0;0;0;0;0;0;0;0;0;0;0;0;0
24.11.2024;03:17;A126;1;0;0;0;0;1;0;0;0;0;0;0;0;0;0;0;0;0;0;0;0;0;0;0;0;0;0;0;0;0;0;0;0;0;0;0;0;0;0;0;0;0;0;0;0;0;0;0;0;0;0;0;0
24.11.2024;03:16;A126;1;0;0;0;0;0;0;0;0;1;1;0;0;0;0;0;0;0;0;0;0;0;0;0;0;0;0;0;0;0;0;0;0;0;0;0;0;0;0;0;0;0;0;0;0;0;0;0;0;0;0;0;0
24.11.2024;03:15;A126;1;0;0;0;0;1;0;0;0;2;1;0;0;0;0;0;0;0;0;0;0;0;0;0;0;0;0;0;0;0;0;0;0;0;0;0;0;0;0;0;0;0;0;0;0;0;0;0;0;0;0;0;0
24.11.2024;03:14;A126;1;0;0;0;0;1;1;0;0;2;2;0;0;0;0;0;0;0;0;1;0;1;1;0;0;1;5;0;0;0;0;0;0;0;0;0;0;0;0;0;0;0;0;0;0;0;0;0;0;0;0;0;0
24.11.2024;03:13;A126;1;0;0;0;0;2;1;0;0;2;6;0;0;0;0;0;0;0;0;0;0;0;0;0;0;0;0;0;0;0;0;0;0;0;0;0;0;0;0;0;0;0;0;0;0;0;0;0;0;0;0;0;0
24.11.2024;03:12;A126;1;0;0;1;3;0;0;0;0;0;0;0;0;0;0;0;0;0;0;0;0;0;0;0;0;0;0;0;0;0;0;0;0;0;0;0;0;0;0;0;0;0;0;0;0;0;0;0;0;0;0;0;0
24.11.2024;03:11;A126;1;0;0;1;3;1;0;1;0;2;2;0;0;0;0;0;0;0;0;0;0;0;0;0;0;0;0;0;0;0;0;0;0;0;0;0;0;0;0;0;0;0;0;0;0;0;0;0;0;0;0;0;0
24.11.2024;03:10;A126;1;0;0;0;0;0;0;0;0;0;0;0;0;0;0;0;0;0;0;0;0;0;0;0;0;0;0;0;0;0;0;0;0;0;0;0;0;0;0;0;0;0;0;0;0;0;0;0;0;0;0;0;0
24.11.2024;03:09;A126;1;0;0;0;0;1;0;0;0;1;2;0;0;0;0;0;0;0;0;0;0;1;1;0;0;0;0;0;0;0;0;0;0;0;0;0;0;0;0;0;0;0;0;0;0;0;0;0;0;0;0;0;0
24.11.2024;03:08;A126;1;0;0;0;0;1;1;0;0;1;2;0;0;0;0;0;0;0;0;0;0;0;0;0;0;2;7;0;0;0;0;0;0;0;0;0;0;0;0;0;0;0;0;0;0;0;0;0;0;0;0;0;0
24.11.2024;03:07;A126;1;0;0;0;0;1;0;0;0;2;2;0;0;0;0;0;0;0;0;0;0;1;1;0;0;1;5;0;0;0;0;0;0;0;0;0;0;0;0;0;0;0;0;0;0;0;0;0;0;0;0;0;0
24.11.2024;03:06;A126;1;1;0;0;0;0;0;0;0;0;0;0;0;0;0;0;0;0;0;0;0;0;0;0;0;0;0;0;0;0;0;0;0;0;0;0;0;0;0;0;0;0;0;0;0;0;0;0;0;0;0;0;0
24.11.2024;03:05;A126;1;0;0;0;0;0;0;0;0;0;0;0;0;0;0;0;0;0;0;0;0;3;2;1;10;3;12;0;0;0;0;0;0;0;0;0;0;0;0;0;0;0;0;0;0;0;0;0;0;0;0;0;0
24.11.2024;03:04;A126;1;0;0;0;0;0;0;0;0;0;0;0;0;0;0;0;0;0;0;0;0;0;0;0;0;0;0;0;0;0;0;0;0;0;0;0;0;0;0;0;0;0;0;0;0;0;0;0;0;0;0;0;0
24.11.2024;03:03;A126;1;0;0;0;0;1;1;0;0;0;0;0;0;0;0;0;0;0;0;0;0;0;0;0;0;0;0;0;0;0;0;0;0;0;0;0;0;0;0;0;0;0;0;0;0;0;0;0;0;0;0;0;0
24.11.2024;03:02;A126;1;0;0;0;0;2;2;0;0;3;8;0;0;0;0;0;0;0;0;0;0;0;0;0;0;0;0;0;0;0;0;0;0;0;0;0;0;0;0;0;0;0;0;0;0;0;0;0;0;0;0;0;0
24.11.2024;03:01;A126;1;0;0;0;0;0;0;0;0;0;0;0;0;0;0;0;0;0;0;0;0;2;3;0;0;1;9;0;0;0;0;0;0;0;0;0;0;0;0;0;0;0;0;0;0;0;0;0;0;0;0;0;0
24.11.2024;03:00;A126;1;0;0;0;0;1;0;0;0;1;2;0;0;0;0;0;0;0;0;0;0;0;0;0;0;1;2;0;0;0;0;0;0;0;0;0;0;0;0;0;0;0;0;0;0;0;0;0;0;0;0;0;0
24.11.2024;02:59;A126;1;0;0;0;0;0;0;0;0;0;0;0;0;0;0;0;0;0;0;0;0;0;0;0;0;0;0;0;0;0;0;0;0;0;0;0;0;0;0;0;0;0;0;0;0;0;0;0;0;0;0;0;0
24.11.2024;02:58;A126;1;0;0;0;0;2;1;0;0;2;6;1;2;0;0;0;0;0;0;0;0;0;0;0;0;0;0;0;0;0;0;0;0;0;0;0;0;0;0;0;0;0;0;0;0;0;0;0;0;0;0;0;0
24.11.2024;02:57;A126;1;0;0;1;4;0;0;0;0;0;0;0;0;0;0;0;0;0;0;0;0;0;0;0;0;0;0;0;0;0;0;0;0;0;0;0;0;0;0;0;0;0;0;0;0;0;0;0;0;0;0;0;0
24.11.2024;02:56;A126;1;1;1;0;0;1;1;0;0;1;2;0;0;0;0;0;0;0;0;1;1;0;0;0;0;0;0;0;0;0;0;0;0;0;0;0;0;0;0;0;0;0;0;0;0;0;0;0;0;0;0;0;0
24.11.2024;02:55;A126;1;0;0;0;0;0;0;0;0;0;0;0;0;0;0;0;0;0;0;0;0;2;2;0;0;2;6;0;0;0;0;0;0;0;0;0;0;0;0;0;0;0;0;0;0;0;0;0;0;0;0;0;0
24.11.2024;02:54;A126;1;0;0;0;0;1;0;1;0;2;3;0;0;0;0;0;0;0;0;0;0;0;0;0;0;0;0;0;0;0;0;0;0;0;0;0;0;0;0;0;0;0;0;0;0;0;0;0;0;0;0;0;0
24.11.2024;02:53;A126;1;0;0;0;0;2;1;0;0;2;7;1;1;0;0;0;0;0;0;0;0;0;0;0;0;0;0;0;0;0;0;0;0;0;0;0;0;0;0;0;0;0;0;0;0;0;0;0;0;0;0;0;0
24.11.2024;02:52;A126;1;0;0;0;0;0;0;0;0;0;0;0;0;0;0;0;0;0;0;0;0;0;0;0;0;0;0;0;0;0;0;0;0;0;0;0;0;0;0;0;0;0;0;0;0;0;0;0;0;0;0;0;0
24.11.2024;02:51;A126;1;0;0;0;0;0;0;0;0;0;0;0;0;0;0;0;0;0;0;0;0;1;1;0;0;1;6;0;0;0;0;0;0;0;0;0;0;0;0;0;0;0;0;0;0;0;0;0;0;0;0;0;0
24.11.2024;02:50;A126;1;0;0;0;0;0;0;0;0;0;0;0;0;0;0;0;0;0;0;0;0;0;0;0;0;0;0;0;0;0;0;0;0;0;0;0;0;0;0;0;0;0;0;0;0;0;0;0;0;0;0;0;0
24.11.2024;02:49;A126;1;0;0;0;0;2;1;1;0;2;5;1;3;0;0;0;0;0;0;0;0;0;0;0;0;0;0;0;0;0;0;0;0;0;0;0;0;0;0;0;0;0;0;0;0;0;0;0;0;0;0;0;0
24.11.2024;02:48;A126;1;0;0;1;1;0;0;0;0;0;0;0;0;0;0;0;0;0;0;0;0;1;9;0;0;1;9;0;0;0;0;0;0;0;0;0;0;0;0;0;0;0;0;0;0;0;0;0;0;0;0;0;0
24.11.2024;02:47;A126;1;0;0;3;5;1;0;1;0;1;1;0;0;0;0;0;0;0;0;1;1;1;0;0;0;0;0;0;0;0;0;0;0;0;0;0;0;0;0;0;0;0;0;0;0;0;0;0;0;0;0;0;0
24.11.2024;02:46;A126;1;0;0;2;3;0;0;0;0;0;0;0;0;0;0;0;0;0;0;0;0;1;1;0;0;1;6;0;0;0;0;0;0;0;0;0;0;0;0;0;0;0;0;0;0;0;0;0;0;0;0;0;0
24.11.2024;02:45;A126;1;0;0;0;0;0;0;1;0;0;0;0;2;0;0;0;0;0;0;0;0;2;1;0;0;1;5;0;0;0;0;0;0;0;0;0;0;0;0;0;0;0;0;0;0;0;0;0;0;0;0;0;0
24.11.2024;02:44;A126;1;0;0;1;1;1;12;0;0;1;5;1;1;0;0;0;0;0;0;0;0;0;0;0;0;0;0;0;0;0;0;0;0;0;0;0;0;0;0;0;0;0;0;0;0;0;0;0;0;0;0;0;0
24.11.2024;02:43;A126;1;0;0;0;0;2;1;1;0;2;4;0;0;0;0;0;0;0;0;0;0;0;0;0;0;0;0;0;0;0;0;0;0;0;0;0;0;0;0;0;0;0;0;0;0;0;0;0;0;0;0;0;0
24.11.2024;02:42;A126;1;0;0;0;0;2;1;0;0;2;5;0;0;0;0;0;0;0;0;2;1;2;1;2;6;1;5;0;0;0;0;0;0;0;0;0;0;0;0;0;0;0;0;0;0;0;0;0;0;0;0;0;0
24.11.2024;02:41;A126;1;0;0;0;0;0;0;0;0;0;0;0;0;0;0;0;0;0;0;1;0;0;0;0;0;0;0;0;0;0;0;0;0;0;0;0;0;0;0;0;0;0;0;0;0;0;0;0;0;0;0;0;0
24.11.2024;02:40;A126;1;1;0;0;0;0;0;0;0;0;0;0;0;0;0;0;0;0;0;0;0;1;1;0;0;1;4;0;0;0;0;0;0;0;0;0;0;0;0;0;0;0;0;0;0;0;0;0;0;0;0;0;0
24.11.2024;02:39;A126;1;0;0;0;0;1;1;1;0;1;3;1;2;0;0;0;0;0;0;0;0;0;0;0;0;0;0;0;0;0;0;0;0;0;0;0;0;0;0;0;0;0;0;0;0;0;0;0;0;0;0;0;0
24.11.2024;02:38;A126;1;0;0;1;1;1;0;1;0;1;2;0;0;0;0;0;0;0;0;0;0;0;0;0;0;0;0;0;0;0;0;0;0;0;0;0;0;0;0;0;0;0;0;0;0;0;0;0;0;0;0;0;0
24.11.2024;02:37;A126;1;0;0;0;0;0;0;0;0;0;0;0;0;0;0;0;0;0;0;0;0;0;0;0;0;0;0;0;0;0;0;0;0;0;0;0;0;0;0;0;0;0;0;0;0;0;0;0;0;0;0;0;0
24.11.2024;02:36;A126;1;0;0;0;0;2;13;0;0;3;5;0;0;0;1;0;0;0;0;0;0;0;0;0;0;0;0;0;0;0;0;0;0;0;0;0;0;0;0;0;0;0;0;0;0;0;0;0;0;0;0;0;0
24.11.2024;02:35;A126;1;0;0;0;0;1;0;0;0;1;2;1;0;1;0;0;0;0;0;1;1;0;0;0;0;0;0;0;0;0;0;0;0;0;0;0;0;0;0;0;0;0;0;0;0;0;0;0;0;0;0;0;0
24.11.2024;02:34;A126;1;0;0;1;2;0;0;0;0;0;0;0;0;0;0;0;0;0;0;0;0;1;2;1;0;2;13;0;0;0;0;0;0;0;0;0;0;0;0;0;0;0;0;0;0;0;0;0;0;0;0;0;0
24.11.2024;02:33;A126;1;0;0;0;0;0;0;1;0;0;0;1;4;0;0;0;0;0;0;0;0;1;0;0;0;0;0;0;0;0;0;0;0;0;0;0;0;0;0;0;0;0;0;0;0;0;0;0;0;0;0;0;0
24.11.2024;02:32;A126;1;0;0;0;0;2;2;0;0;2;6;0;0;0;0;0;0;0;0;0;0;0;0;0;0;0;0;0;0;0;0;0;0;0;0;0;0;0;0;0;0;0;0;0;0;0;0;0;0;0;0;0;0
24.11.2024;02:31;A126;1;0;0;1;2;1;1;0;0;1;3;0;0;0;0;0;0;0;0;0;0;0;0;0;0;0;0;0;0;0;0;0;0;0;0;0;0;0;0;0;0;0;0;0;0;0;0;0;0;0;0;0;0
24.11.2024;02:30;A126;1;0;0;0;0;1;1;0;0;1;3;0;0;0;0;0;0;0;0;0;0;0;0;0;0;0;0;0;0;0;0;0;0;0;0;0;0;0;0;0;0;0;0;0;0;0;0;0;0;0;0;0;0
24.11.2024;02:29;A126;1;1;0;0;0;0;0;0;0;0;0;0;0;0;0;0;0;0;0;0;0;1;1;0;0;1;5;0;0;0;0;0;0;0;0;0;0;0;0;0;0;0;0;0;0;0;0;0;0;0;0;0;0
24.11.2024;02:28;A126;1;0;0;0;0;0;0;0;0;0;0;0;0;0;0;0;0;0;0;1;1;2;2;0;0;3;14;0;0;0;0;0;0;0;0;0;0;0;0;0;0;0;0;0;0;0;0;0;0;0;0;0;0
24.11.2024;02:27;A126;1;0;0;1;2;0;0;0;0;0;0;0;0;1;1;0;0;0;0;1;1;1;1;1;8;1;1;0;0;0;0;0;0;0;0;0;0;0;0;0;0;0;0;0;0;0;0;0;0;0;0;0;0
24.11.2024;02:26;A126;1;0;0;1;1;0;0;0;0;0;0;0;0;0;0;0;0;0;0;0;0;0;0;0;0;0;0;0;0;0;0;0;0;0;0;0;0;0;0;0;0;0;0;0;0;0;0;0;0;0;0;0;0
24.11.2024;02:25;A126;1;0;0;0;0;3;2;1;0;3;8;0;0;0;0;0;0;0;0;0;0;0;0;0;0;0;0;0;0;0;0;0;0;0;0;0;0;0;0;0;0;0;0;0;0;0;0;0;0;0;0;0;0
24.11.2024;02:24;A126;1;0;0;0;0;1;0;0;0;1;2;0;0;0;0;0;0;0;0;0;0;0;0;0;0;0;0;0;0;0;0;0;0;0;0;0;0;0;0;0;0;0;0;0;0;0;0;0;0;0;0;0;0
24.11.2024;02:23;A126;1;0;0;0;0;1;1;1;0;1;2;0;0;0;0;0;0;0;0;0;0;1;1;0;0;1;5;0;0;0;0;0;0;0;0;0;0;0;0;0;0;0;0;0;0;0;0;0;0;0;0;0;0
24.11.2024;02:22;A126;1;0;0;0;0;1;0;1;0;1;1;1;1;0;0;0;0;0;0;0;0;1;0;0;0;0;0;0;0;0;0;0;0;0;0;0;0;0;0;0;0;0;0;0;0;0;0;0;0;0;0;0;0
24.11.2024;02:21;A126;1;0;0;0;0;2;1;2;2;2;4;1;2;0;0;0;0;0;0;0;0;1;0;0;0;0;0;0;0;0;0;0;0;0;0;0;0;0;0;0;0;0;0;0;0;0;0;0;0;0;0;0;0
24.11.2024;02:20;A126;1;0;0;0;0;0;0;0;0;0;0;0;0;0;0;0;0;0;0;0;0;1;1;0;0;1;9;0;0;0;0;0;0;0;0;0;0;0;0;0;0;0;0;0;0;0;0;0;0;0;0;0;0
24.11.2024;02:19;A126;1;0;0;0;0;1;0;0;0;1;3;0;0;0;0;0;0;0;0;0;0;0;0;0;0;0;0;0;0;0;0;0;0;0;0;0;0;0;0;0;0;0;0;0;0;0;0;0;0;0;0;0;0
24.11.2024;02:18;A126;1;0;0;0;0;0;0;0;0;0;0;0;0;0;0;0;0;0;0;0;0;0;0;0;0;0;0;0;0;0;0;0;0;0;0;0;0;0;0;0;0;0;0;0;0;0;0;0;0;0;0;0;0
24.11.2024;02:17;A126;1;0;0;0;0;0;0;0;0;0;0;0;0;0;0;0;0;0;0;0;0;0;0;0;0;0;0;0;0;0;0;0;0;0;0;0;0;0;0;0;0;0;0;0;0;0;0;0;0;0;0;0;0
24.11.2024;02:16;A126;1;0;0;1;2;0;0;0;0;0;0;0;0;0;0;0;0;0;0;0;0;1;1;1;4;0;0;0;0;0;0;0;0;0;0;0;0;0;0;0;0;0;0;0;0;0;0;0;0;0;0;0;0
24.11.2024;02:15;A126;1;0;0;1;1;0;0;0;0;0;0;0;0;0;0;0;0;0;0;0;0;0;0;0;0;0;0;0;0;0;0;0;0;0;0;0;0;0;0;0;0;0;0;0;0;0;0;0;0;0;0;0;0
24.11.2024;02:14;A126;1;0;0;0;0;0;0;0;0;0;0;0;0;0;0;0;0;0;0;1;0;1;1;0;0;1;6;0;0;0;0;0;0;0;0;0;0;0;0;0;0;0;0;0;0;0;0;0;0;0;0;0;0
24.11.2024;02:13;A126;1;0;0;0;0;1;0;0;0;1;1;0;0;0;0;0;0;0;0;0;0;0;0;0;0;0;0;0;0;0;0;0;0;0;0;0;0;0;0;0;0;0;0;0;0;0;0;0;0;0;0;0;0
24.11.2024;02:12;A126;1;0;0;0;0;0;0;0;0;0;0;0;0;0;0;0;0;0;0;0;0;0;0;0;0;0;0;0;0;0;0;0;0;0;0;0;0;0;0;0;0;0;0;0;0;0;0;0;0;0;0;0;0
24.11.2024;02:11;A126;1;1;1;0;0;0;2;0;0;0;0;0;0;0;0;0;0;0;0;0;0;2;8;0;0;1;9;0;0;0;0;0;0;0;0;0;0;0;0;0;0;0;0;0;0;0;0;0;0;0;0;0;0
24.11.2024;02:10;A126;1;0;0;1;2;1;27;0;0;1;4;0;0;0;0;0;0;0;0;0;0;1;26;0;0;1;2;0;0;0;0;0;0;0;0;0;0;0;0;0;0;0;0;0;0;0;0;0;0;0;0;0;0
24.11.2024;02:09;A126;1;0;0;1;11;0;0;1;1;0;0;1;3;0;0;0;0;0;0;0;0;1;1;0;0;0;0;0;0;0;0;0;0;0;0;0;0;0;0;0;0;0;0;0;0;0;0;0;0;0;0;0;0
24.11.2024;02:08;A126;1;0;0;1;6;0;0;0;0;0;0;0;0;0;0;0;0;0;0;0;0;0;0;0;0;0;0;0;0;0;0;0;0;0;0;0;0;0;0;0;0;0;0;0;0;0;0;0;0;0;0;0;0
24.11.2024;02:07;A126;1;0;0;2;7;2;2;0;0;3;6;0;0;0;0;0;0;0;0;1;0;0;0;0;0;0;0;0;0;0;0;0;0;0;0;0;0;0;0;0;0;0;0;0;0;0;0;0;0;0;0;0;0
24.11.2024;02:06;A126;1;0;0;1;2;0;0;0;0;0;0;0;0;0;0;0;0;0;0;0;0;0;0;0;0;0;0;0;0;0;0;0;0;0;0;0;0;0;0;0;0;0;0;0;0;0;0;0;0;0;0;0;0
24.11.2024;02:05;A126;1;0;0;0;0;0;0;0;0;0;0;0;0;0;0;0;0;0;0;0;0;0;0;0;0;0;0;0;0;0;0;0;0;0;0;0;0;0;0;0;0;0;0;0;0;0;0;0;0;0;0;0;0
24.11.2024;02:04;A126;1;0;0;0;0;1;1;0;0;2;2;0;0;0;0;0;0;0;0;0;0;0;0;0;0;0;0;0;0;0;0;0;0;0;0;0;0;0;0;0;0;0;0;0;0;0;0;0;0;0;0;0;0
24.11.2024;02:03;A126;1;0;0;0;0;0;0;0;0;0;0;0;0;0;0;0;0;0;0;0;0;1;1;0;0;0;6;0;0;0;0;0;0;0;0;0;0;0;0;0;0;0;0;0;0;0;0;0;0;0;0;0;0
24.11.2024;02:02;A126;1;0;0;0;0;1;0;0;0;1;2;0;0;0;0;0;0;0;0;0;0;0;0;0;0;1;0;0;0;0;0;0;0;0;0;0;0;0;0;0;0;0;0;0;0;0;0;0;0;0;0;0;0
24.11.2024;02:01;A126;1;0;0;2;4;0;0;0;0;0;0;0;0;0;0;0;0;0;0;0;0;0;0;0;0;0;0;0;0;0;0;0;0;0;0;0;0;0;0;0;0;0;0;0;0;0;0;0;0;0;0;0;0
24.11.2024;02:00;A126;1;0;0;1;3;1;19;0;0;1;4;0;0;0;0;0;0;0;0;1;0;0;0;0;0;0;0;0;0;0;0;0;0;0;0;0;0;0;0;0;0;0;0;0;0;0;0;0;0;0;0;0;0
24.11.2024;01:59;A126;1;0;0;0;0;2;2;2;0;1;7;0;0;0;0;0;0;0;0;0;0;0;0;0;0;1;4;0;0;0;0;0;0;0;0;0;0;0;0;0;0;0;0;0;0;0;0;0;0;0;0;0;0
24.11.2024;01:58;A126;1;0;0;1;1;0;0;0;0;0;0;0;0;0;0;0;0;0;0;0;0;0;0;0;0;0;0;0;0;0;0;0;0;0;0;0;0;0;0;0;0;0;0;0;0;0;0;0;0;0;0;0;0
24.11.2024;01:57;A126;1;0;0;0;0;1;0;1;0;1;2;1;0;0;0;0;0;0;0;0;0;0;0;0;0;0;0;0;0;0;0;0;0;0;0;0;0;0;0;0;0;0;0;0;0;0;0;0;0;0;0;0;0
24.11.2024;01:56;A126;1;0;0;1;1;0;0;0;0;0;0;0;0;0;0;0;0;0;0;0;8;0;0;0;0;0;0;0;0;0;0;0;0;0;0;0;0;0;0;0;0;0;0;0;0;0;0;0;0;0;0;0;0
24.11.2024;01:55;A126;1;0;0;1;2;2;2;0;0;3;5;0;0;0;0;0;0;0;0;1;15;0;0;1;6;0;0;0;0;0;0;0;0;0;0;0;0;0;0;0;0;0;0;0;0;0;0;0;0;0;0;0;0
24.11.2024;01:54;A126;1;1;0;3;3;0;0;0;0;0;0;0;0;0;0;0;0;0;0;0;0;1;0;0;0;0;0;0;0;0;0;0;0;0;0;0;0;0;0;0;0;0;0;0;0;0;0;0;0;0;0;0;0
24.11.2024;01:53;A126;1;0;0;2;3;0;0;0;0;0;0;0;0;2;13;1;7;1;1;0;0;0;0;0;0;0;0;0;0;0;0;0;0;0;0;0;0;0;0;0;0;0;0;0;0;0;0;0;0;0;0;0;0
24.11.2024;01:52;A126;1;0;0;0;0;1;0;0;0;0;0;0;0;1;1;1;3;3;2;1;32;1;1;0;0;1;6;0;0;0;0;0;0;0;0;0;0;0;0;0;0;0;0;0;0;0;0;0;0;0;0;0;0
24.11.2024;01:51;A126;1;0;0;1;1;1;0;0;0;1;4;0;0;0;0;0;0;0;0;0;0;0;0;0;0;0;0;0;0;0;0;0;0;0;0;0;0;0;0;0;0;0;0;0;0;0;0;0;0;0;0;0;0
24.11.2024;01:50;A126;1;0;0;0;0;0;0;0;0;0;0;0;0;0;0;0;0;0;0;1;1;0;0;0;0;0;0;0;0;0;0;0;0;0;0;0;0;0;0;0;0;0;0;0;0;0;0;0;0;0;0;0;0
24.11.2024;01:49;A126;1;0;0;2;2;0;0;0;0;0;0;0;0;0;0;0;0;0;0;0;0;1;1;0;0;1;5;0;0;0;0;0;0;0;0;0;0;0;0;0;0;0;0;0;0;0;0;0;0;0;0;0;0
24.11.2024;01:48;A126;1;0;0;0;0;0;0;0;0;0;0;0;0;0;0;0;0;0;0;1;1;1;1;1;1;1;8;0;0;0;0;0;0;0;0;0;0;0;0;0;0;0;0;0;0;0;0;0;0;0;0;0;0
24.11.2024;01:47;A126;1;0;0;1;4;1;0;1;0;1;3;1;1;0;0;0;0;0;0;0;0;0;0;0;0;0;0;0;0;0;0;0;0;0;0;0;0;0;0;0;0;0;0;0;0;0;0;0;0;0;0;0;0
24.11.2024;01:46;A126;1;0;0;0;0;1;1;1;0;1;2;0;0;0;0;0;0;0;0;0;0;0;0;0;0;0;0;0;0;0;0;0;0;0;0;0;0;0;0;0;0;0;0;0;0;0;0;0;0;0;0;0;0
24.11.2024;01:45;A126;1;0;0;1;1;1;17;0;0;1;4;0;0;0;0;0;0;0;0;1;13;0;0;0;0;0;0;0;0;0;0;0;0;0;0;0;0;0;0;0;0;0;0;0;0;0;0;0;0;0;0;0;0
24.11.2024;01:44;A126;1;0;0;0;0;1;1;0;0;1;3;0;0;0;0;0;0;0;0;0;0;2;6;0;0;1;11;0;0;0;0;0;0;0;0;0;0;0;0;0;0;0;0;0;0;0;0;0;0;0;0;0;0
24.11.2024;01:43;A126;1;0;0;1;3;1;1;0;0;1;3;0;0;0;0;0;0;0;0;0;0;1;1;0;0;0;3;0;0;0;0;0;0;0;0;0;0;0;0;0;0;0;0;0;0;0;0;0;0;0;0;0;0
24.11.2024;01:42;A126;1;0;0;0;0;0;0;0;0;0;0;0;0;0;0;0;0;0;0;0;0;0;0;0;0;1;2;0;0;0;0;0;0;0;0;0;0;0;0;0;0;0;0;0;0;0;0;0;0;0;0;0;0
24.11.2024;01:41;A126;1;0;0;0;0;0;0;0;0;0;0;0;0;0;0;0;0;0;0;1;1;1;1;0;0;0;2;0;0;0;0;0;0;0;0;0;0;0;0;0;0;0;0;0;0;0;0;0;0;0;0;0;0
24.11.2024;01:40;A126;1;0;0;0;0;1;1;0;0;1;4;0;0;0;0;0;0;0;0;0;0;1;0;0;0;1;4;0;0;0;0;0;0;0;0;0;0;0;0;0;0;0;0;0;0;0;0;0;0;0;0;0;0
24.11.2024;01:39;A126;1;0;0;0;0;1;0;1;0;1;2;0;0;0;0;0;0;0;0;0;0;1;0;0;0;0;0;0;0;0;0;0;0;0;0;0;0;0;0;0;0;0;0;0;0;0;0;0;0;0;0;0;0
24.11.2024;01:38;A126;1;0;0;0;0;0;0;0;0;0;0;0;0;0;0;0;0;0;0;0;0;0;0;0;0;0;0;0;0;0;0;0;0;0;0;0;0;0;0;0;0;0;0;0;0;0;0;0;0;0;0;0;0
24.11.2024;01:37;A126;1;0;0;1;1;1;1;0;0;1;2;0;0;0;0;0;0;0;0;0;0;1;1;0;0;2;5;0;0;0;0;0;0;0;0;0;0;0;0;0;0;0;0;0;0;0;0;0;0;0;0;0;0
24.11.2024;01:36;A126;1;0;0;1;2;3;2;1;0;2;8;2;3;0;0;0;0;0;0;0;0;1;0;0;0;0;0;0;0;0;0;0;0;0;0;0;0;0;0;0;0;0;0;0;0;0;0;0;0;0;0;0;0
24.11.2024;01:35;A126;1;0;0;0;0;1;1;0;0;3;2;0;0;0;0;0;0;0;0;0;0;0;0;0;0;0;0;0;0;0;0;0;0;0;0;0;0;0;0;0;0;0;0;0;0;0;0;0;0;0;0;0;0
24.11.2024;01:34;A126;1;0;0;0;0;1;0;0;0;1;2;0;0;0;0;0;0;0;0;0;0;0;0;0;0;0;0;0;0;0;0;0;0;0;0;0;0;0;0;0;0;0;0;0;0;0;0;0;0;0;0;0;0
24.11.2024;01:33;A126;1;0;0;0;0;0;0;0;0;0;0;0;0;0;0;0;0;0;0;0;0;0;0;0;0;0;0;0;0;0;0;0;0;0;0;0;0;0;0;0;0;0;0;0;0;0;0;0;0;0;0;0;0
24.11.2024;01:32;A126;1;0;0;0;0;1;0;1;1;0;0;2;2;0;0;0;0;0;0;0;0;1;0;0;0;0;0;0;0;0;0;0;0;0;0;0;0;0;0;0;0;0;0;0;0;0;0;0;0;0;0;0;0
24.11.2024;01:31;A126;1;0;0;0;0;0;0;0;0;0;0;0;0;0;0;0;0;0;0;1;10;3;42;4;16;1;51;0;0;0;0;0;0;0;0;0;0;0;0;0;0;0;0;0;0;0;0;0;0;0;0;0;0
24.11.2024;01:30;A126;1;0;0;1;2;0;0;0;0;0;0;0;0;0;0;0;0;0;0;0;0;0;0;0;0;0;0;0;0;0;0;0;0;0;0;0;0;0;0;0;0;0;0;0;0;0;0;0;0;0;0;0;0
24.11.2024;01:29;A126;1;1;14;3;12;1;0;3;2;1;2;1;1;1;0;0;0;0;0;2;15;3;6;1;9;1;2;0;0;0;0;0;0;0;0;0;0;0;0;0;0;0;0;0;0;0;0;0;0;0;0;0;0
24.11.2024;01:28;A126;1;0;0;1;1;0;0;0;0;0;0;0;0;0;0;0;0;0;0;0;0;0;0;0;0;1;8;0;0;0;0;0;0;0;0;0;0;0;0;0;0;0;0;0;0;0;0;0;0;0;0;0;0
24.11.2024;01:27;A126;1;0;0;0;0;0;0;0;0;0;0;0;0;0;0;0;0;0;0;0;0;2;38;0;0;1;3;0;0;0;0;0;0;0;0;0;0;0;0;0;0;0;0;0;0;0;0;0;0;0;0;0;0
24.11.2024;01:26;A126;1;0;0;1;2;1;1;0;0;2;5;0;0;0;0;0;0;0;0;1;14;0;0;0;0;1;8;0;0;0;0;0;0;0;0;0;0;0;0;0;0;0;0;0;0;0;0;0;0;0;0;0;0
24.11.2024;01:25;A126;1;0;0;0;0;2;1;1;0;1;2;1;0;1;7;1;6;1;12;2;2;0;0;2;11;0;0;0;0;0;0;0;0;0;0;0;0;0;0;0;0;0;0;0;0;0;0;0;0;0;0;0;0
24.11.2024;01:24;A126;1;0;0;0;0;3;2;0;0;4;9;0;0;0;0;0;0;0;0;0;0;0;0;0;0;0;0;0;0;0;0;0;0;0;0;0;0;0;0;0;0;0;0;0;0;0;0;0;0;0;0;0;0
24.11.2024;01:23;A126;1;0;0;0;0;0;0;0;0;0;0;0;0;0;0;0;0;0;0;0;0;0;0;0;0;0;0;0;0;0;0;0;0;0;0;0;0;0;0;0;0;0;0;0;0;0;0;0;0;0;0;0;0
24.11.2024;01:22;A126;1;0;0;3;6;0;0;0;0;0;0;0;0;0;0;0;0;0;0;0;0;3;35;0;0;1;43;0;0;0;0;0;0;0;0;0;0;0;0;0;0;0;0;0;0;0;0;0;0;0;0;0;0
24.11.2024;01:21;A126;1;0;0;1;5;0;0;1;34;0;0;1;7;0;0;0;0;0;0;0;0;1;1;0;0;0;0;0;0;0;0;0;0;0;0;0;0;0;0;0;0;0;0;0;0;0;0;0;0;0;0;0;0
24.11.2024;01:20;A126;1;0;0;0;0;0;0;0;0;0;0;0;0;0;0;0;0;0;0;0;0;0;26;0;0;0;0;0;0;0;0;0;0;0;0;0;0;0;0;0;0;0;0;0;0;0;0;0;0;0;0;0;0
24.11.2024;01:19;A126;1;0;0;1;2;3;2;2;0;1;7;0;0;0;0;0;0;0;0;1;1;2;0;1;1;2;3;0;0;0;0;0;0;0;0;0;0;0;0;0;0;0;0;0;0;0;0;0;0;0;0;0;0
24.11.2024;01:18;A126;1;0;0;0;0;1;9;0;0;0;0;0;0;0;0;0;0;0;0;0;0;2;2;0;0;3;10;0;0;0;0;0;0;0;0;0;0;0;0;0;0;0;0;0;0;0;0;0;0;0;0;0;0
24.11.2024;01:17;A126;1;0;0;1;2;1;26;0;0;2;8;2;2;0;0;0;0;0;0;1;0;2;2;0;0;2;3;0;0;0;0;0;0;0;0;0;0;0;0;0;0;0;0;0;0;0;0;0;0;0;0;0;0
24.11.2024;01:16;A126;1;0;0;0;0;0;0;0;0;0;0;0;0;0;0;0;0;0;0;0;0;0;16;0;0;0;0;0;0;0;0;0;0;0;0;0;0;0;0;0;0;0;0;0;0;0;0;0;0;0;0;0;0
24.11.2024;01:15;A126;1;0;0;0;0;0;0;0;0;0;0;0;0;1;5;1;6;1;1;0;0;1;10;0;0;1;7;0;0;0;0;0;0;0;0;0;0;0;0;0;0;0;0;0;0;0;0;0;0;0;0;0;0
24.11.2024;01:14;A126;1;1;2;1;8;1;0;1;0;1;1;2;3;1;0;0;0;0;0;2;4;2;1;1;9;0;0;0;0;0;0;0;0;0;0;0;0;0;0;0;0;0;0;0;0;0;0;0;0;0;0;0;0
24.11.2024;01:13;A126;1;0;0;3;4;2;1;0;0;1;5;0;0;0;0;0;0;0;0;0;0;0;0;0;0;0;0;0;0;0;0;0;0;0;0;0;0;0;0;0;0;0;0;0;0;0;0;0;0;1;1;0;0
24.11.2024;01:12;A126;1;1;20;2;7;2;1;1;0;2;5;0;0;0;0;0;0;0;0;0;0;1;0;0;0;0;0;0;0;0;0;0;0;0;0;0;0;0;0;0;0;0;0;0;0;0;0;0;0;0;0;0;0
24.11.2024;01:11;A126;1;1;2;1;1;0;0;0;0;0;0;0;0;0;0;0;0;0;0;0;0;0;0;0;0;0;0;0;0;0;0;0;0;0;0;0;0;0;0;0;0;0;0;0;0;0;0;0;0;0;0;0;0
24.11.2024;01:10;A126;1;0;0;1;1;0;0;0;0;0;0;0;0;0;0;0;0;0;0;2;2;0;0;1;4;0;0;0;0;0;0;0;0;0;0;0;0;0;0;0;0;0;0;0;0;0;0;0;0;0;0;0;0
24.11.2024;01:09;A126;1;0;0;1;0;1;11;0;0;1;3;0;0;2;13;1;5;2;1;0;0;0;0;0;0;0;0;0;0;0;0;0;0;0;0;0;0;0;0;0;0;0;0;0;0;0;0;0;0;0;0;0;0
24.11.2024;01:08;A126;1;0;1;1;3;0;0;0;0;0;0;0;0;1;1;0;0;0;0;1;29;0;0;0;0;0;0;0;0;0;0;0;0;0;0;0;0;0;0;0;0;0;0;0;0;0;0;0;0;0;0;0;0
24.11.2024;01:07;A126;1;1;0;0;0;1;0;0;0;1;2;0;0;0;0;0;0;0;0;0;0;1;1;0;0;1;4;0;0;0;0;0;0;0;0;0;0;0;0;0;0;0;0;0;0;0;0;0;0;0;0;0;0
24.11.2024;01:06;A126;1;0;0;0;0;1;1;0;0;1;4;0;0;0;0;0;0;0;0;0;0;1;0;0;0;0;0;0;0;0;0;0;0;0;0;0;0;0;0;0;0;0;0;0;0;0;0;0;0;0;0;0;0
24.11.2024;01:05;A126;1;1;16;1;1;1;2;0;0;2;6;0;0;0;0;0;0;0;0;0;0;0;0;0;0;0;0;0;0;0;0;0;0;0;0;0;0;0;0;0;0;0;0;0;0;0;0;0;0;0;0;0;0
24.11.2024;01:04;A126;1;0;0;0;0;0;0;1;1;0;0;1;3;0;0;0;0;0;0;1;1;1;1;1;6;1;9;0;0;0;0;0;0;0;0;0;0;0;0;0;0;0;0;0;0;0;0;0;0;0;0;0;0
24.11.2024;01:03;A126;1;0;0;0;0;1;41;0;0;1;4;0;0;1;3;1;19;1;0;0;0;0;0;0;0;0;0;0;0;0;0;0;0;0;0;0;0;0;0;0;0;0;0;0;0;0;0;0;0;0;0;0;0
24.11.2024;01:02;A126;1;0;0;1;3;4;33;2;0;5;12;0;0;0;0;0;0;0;0;1;18;1;1;1;4;1;7;0;0;0;0;0;0;0;0;0;0;0;0;0;0;0;0;0;0;0;0;0;0;0;0;0;0
24.11.2024;01:01;A126;1;0;0;0;0;2;1;0;0;2;4;0;0;0;0;0;0;0;0;0;0;2;3;0;0;1;9;0;0;0;0;0;0;0;0;0;0;0;0;0;0;0;0;0;0;0;0;0;0;0;0;0;0
24.11.2024;01:00;A126;1;0;0;0;0;1;1;0;0;2;2;0;0;0;0;0;0;0;0;0;0;2;2;0;0;2;12;0;0;0;0;0;0;0;0;0;0;0;0;0;0;0;0;0;0;0;0;0;0;0;0;0;0
