Datum;Uhrzeit;Bezeichnung;Intervall;IR21Z;IR21B;D31Z;D31B;D32Z;D32B;D41Z;D41B;D42Z;D42B;D43Z;D43B;MP1Z;MP1B;MP2Z;MP2B;MP3Z;MP3B;MP4Z;MP4B;MP5Z;MP5B;MP6Z;MP6B;MP7Z;MP7B;MP8Z;MP8B;MP9Z;MP9B;T1_2Z;T1_2B;T5_6Z;T5_6B
11.05.2024;02:00;A160;1;0;0;0;0;0;0;0;0;0;0;0;0;0;0;0;0;0;0;0;0;0;0;0;0;0;0;0;0;0;0;0;0;0;0
11.05.2024;01:59;A160;1;0;0;0;0;0;0;0;0;0;0;0;0;0;0;0;0;0;0;0;0;0;0;0;0;0;0;0;0;0;0;0;0;0;0
11.05.2024;01:58;A160;1;1;7;0;0;0;0;0;0;0;0;1;0;0;0;0;0;0;0;0;0;0;0;0;0;0;0;0;0;0;0;0;0;0;0
11.05.2024;01:57;A160;1;1;4;0;0;0;0;1;1;0;0;1;1;0;0;0;0;0;0;0;0;0;0;0;0;0;0;0;0;0;0;0;0;0;0
11.05.2024;01:56;A160;1;0;0;0;0;0;0;1;11;0;0;1;1;0;0;0;0;0;0;0;0;0;0;0;0;0;0;0;0;0;0;0;0;0;0
11.05.2024;01:55;A160;1;2;11;1;19;1;1;0;0;0;0;0;0;0;0;0;0;0;0;0;0;0;0;0;0;0;0;0;0;0;0;0;0;0;0
11.05.2024;01:54;A160;1;0;0;1;1;2;26;0;0;0;0;0;0;0;0;0;0;0;0;0;0;0;0;0;0;0;0;0;0;0;0;0;0;0;0
11.05.2024;01:53;A160;1;0;0;1;9;1;3;0;0;0;0;0;0;0;0;0;0;0;0;0;0;0;0;0;0;0;0;0;0;0;0;0;0;0;0
11.05.2024;01:52;A160;1;0;0;0;0;0;0;0;0;0;0;0;0;0;0;0;0;0;0;0;0;0;0;0;0;0;0;0;0;0;0;0;0;0;0
11.05.2024;01:51;A160;1;1;5;1;1;1;1;0;10;0;0;0;0;0;0;0;0;0;0;0;0;0;0;0;0;0;0;0;0;0;0;0;0;0;0
11.05.2024;01:50;A160;1;2;12;0;0;0;0;2;22;0;0;2;4;0;0;0;0;0;0;0;0;0;0;0;0;0;0;0;0;0;0;0;0;0;0
11.05.2024;01:49;A160;1;1;10;0;0;0;0;1;4;0;0;1;7;0;0;0;0;0;0;0;0;0;0;0;0;0;0;0;0;0;0;0;0;0;0
11.05.2024;01:48;A160;1;1;5;0;0;0;0;1;11;0;0;1;1;0;0;0;0;0;0;0;0;0;0;0;0;0;0;0;0;0;0;0;0;0;0
11.05.2024;01:47;A160;1;2;13;1;2;1;1;0;0;0;0;0;0;0;0;0;0;0;0;0;0;0;0;0;0;0;0;0;0;0;0;0;0;0;0
11.05.2024;01:46;A160;1;0;0;0;0;0;0;0;0;0;0;0;0;0;0;0;0;0;0;0;0;0;0;0;0;0;0;0;0;0;0;0;0;0;0
11.05.2024;01:45;A160;1;2;11;0;0;0;0;1;15;0;0;1;2;0;0;0;0;0;0;0;0;0;0;0;0;0;0;0;0;0;0;0;0;0;0
11.05.2024;01:44;A160;1;2;12;0;0;0;0;0;0;0;0;0;0;0;0;0;0;0;0;0;0;0;0;0;0;0;0;0;0;0;0;0;0;0;0
11.05.2024;01:43;A160;1;3;22;1;61;2;2;1;18;0;0;1;1;0;0;0;0;0;0;0;0;0;0;0;0;0;0;0;0;0;0;0;0;0;0
11.05.2024;01:42;A160;1;0;0;1;3;1;1;0;0;0;0;0;0;0;0;0;0;0;0;0;0;0;0;0;0;0;0;0;0;0;0;0;0;0;0
11.05.2024;01:41;A160;1;0;0;1;19;1;1;0;0;0;0;1;1;0;0;0;0;0;0;0;0;0;0;0;0;0;0;0;0;0;0;0;0;0;0
11.05.2024;01:40;A160;1;1;7;0;0;0;0;0;0;0;0;0;0;0;0;0;0;0;0;0;0;0;0;0;0;0;0;0;0;0;0;0;0;0;0
11.05.2024;01:39;A160;1;2;11;2;2;2;2;0;0;0;0;0;0;0;0;0;0;0;0;0;0;0;0;0;0;0;0;0;0;0;0;0;0;0;0
11.05.2024;01:38;A160;1;2;7;0;18;0;0;2;42;0;0;1;1;0;0;0;0;0;0;0;0;0;0;0;0;0;0;0;0;0;0;0;0;0;0
11.05.2024;01:37;A160;1;2;16;2;18;2;2;0;0;0;0;1;1;0;0;0;0;0;0;0;0;0;0;0;0;0;0;0;0;1;3;0;0;0;0
11.05.2024;01:36;A160;1;0;5;1;1;1;1;1;5;3;2;1;5;0;0;0;0;0;0;0;0;0;0;0;0;1;3;1;3;0;0;0;0;0;0
11.05.2024;01:35;A160;1;2;13;1;6;1;5;2;29;0;0;2;3;0;0;0;0;0;0;0;0;0;0;0;0;0;0;0;0;0;0;0;0;0;0
11.05.2024;01:34;A160;1;5;31;0;0;0;0;0;0;0;0;0;0;0;0;0;0;0;0;0;0;0;0;0;0;0;0;0;0;0;0;0;0;0;0
11.05.2024;01:33;A160;1;0;5;1;1;1;1;2;32;0;0;2;5;0;0;0;0;0;0;0;0;0;0;0;0;0;0;0;0;0;0;0;0;0;0
11.05.2024;01:32;A160;1;3;15;0;0;0;0;1;20;0;0;1;2;0;0;0;0;0;0;0;0;0;0;0;0;0;0;0;0;0;0;0;0;0;0
11.05.2024;01:31;A160;1;1;5;0;0;0;0;0;0;0;0;0;0;0;0;0;0;0;0;0;0;0;0;0;0;0;0;0;0;0;0;0;0;0;0
11.05.2024;01:30;A160;1;2;20;2;33;3;3;0;0;0;0;0;0;0;0;0;0;0;0;0;0;0;0;0;0;0;0;0;0;0;0;0;0;0;0
11.05.2024;01:29;A160;1;2;19;0;0;0;0;1;13;0;0;1;1;0;0;0;0;0;0;0;0;0;0;0;0;0;0;0;0;0;0;0;0;0;0
11.05.2024;01:28;A160;1;3;18;1;1;1;1;1;12;0;0;1;1;0;0;0;0;0;0;0;0;0;0;0;0;0;0;0;0;0;0;0;0;0;0
11.05.2024;01:27;A160;1;1;5;0;0;0;0;1;10;0;0;1;1;0;0;0;0;0;0;0;0;0;0;0;0;0;0;0;0;0;0;0;0;0;0
11.05.2024;01:26;A160;1;3;20;0;0;0;0;0;0;0;0;0;0;0;0;0;0;0;0;0;0;0;0;0;0;0;0;0;0;0;0;0;0;0;0
11.05.2024;01:25;A160;1;2;19;0;0;1;1;2;39;0;0;2;3;0;0;0;0;0;0;0;0;0;0;0;0;0;0;0;0;0;0;0;0;0;0
11.05.2024;01:24;A160;1;2;12;1;35;2;2;0;0;0;0;0;0;0;0;0;0;0;0;0;0;0;0;0;0;0;0;0;0;0;0;0;0;0;0
11.05.2024;01:23;A160;1;3;26;1;11;1;1;2;2;0;0;1;3;1;3;1;3;1;3;0;0;0;0;0;0;0;0;0;0;0;0;0;0;0;0
11.05.2024;01:22;A160;1;1;10;0;0;0;0;1;64;0;0;1;1;0;0;0;0;0;0;0;0;0;0;0;0;0;0;0;0;0;0;0;0;0;0
11.05.2024;01:21;A160;1;2;9;1;3;1;1;1;13;0;0;1;1;0;0;0;0;0;0;0;0;0;0;0;0;0;0;0;0;0;0;0;0;0;0
11.05.2024;01:20;A160;1;2;8;1;43;1;2;1;33;0;0;1;1;0;0;0;0;0;0;0;0;0;0;0;0;0;0;0;0;0;0;0;0;1;3
11.05.2024;01:19;A160;1;2;12;1;8;1;2;0;0;0;0;0;0;0;0;0;0;0;0;0;0;0;0;0;0;0;0;0;0;0;0;0;0;0;0
11.05.2024;01:18;A160;1;1;11;0;0;0;0;0;0;0;0;0;0;0;0;0;0;0;0;0;0;0;0;0;0;0;0;0;0;0;0;0;0;0;0
11.05.2024;01:17;A160;1;1;7;1;47;1;8;0;0;0;0;0;0;0;0;0;0;0;0;0;0;0;0;0;0;0;0;0;0;0;0;0;0;0;0
11.05.2024;01:16;A160;1;1;6;1;9;1;2;1;1;0;0;1;0;0;0;0;0;0;0;0;0;0;0;0;0;0;0;0;0;0;0;0;0;0;0
11.05.2024;01:15;A160;1;1;5;0;0;0;0;0;0;0;0;1;0;0;0;0;0;0;0;0;0;0;0;0;0;0;0;0;0;0;0;0;0;0;0
11.05.2024;01:14;A160;1;1;8;0;0;1;1;0;0;0;0;0;0;0;0;0;0;0;0;0;0;0;0;0;0;0;0;0;0;0;0;0;0;0;0
11.05.2024;01:13;A160;1;2;16;0;0;1;1;0;8;0;0;0;0;0;0;0;0;0;0;0;0;0;0;0;0;0;0;0;0;0;0;0;0;0;0
11.05.2024;01:12;A160;1;1;4;0;0;0;0;1;5;0;0;1;1;0;0;0;0;0;0;0;0;0;0;0;0;0;0;0;0;0;0;0;0;0;0
11.05.2024;01:11;A160;1;0;0;0;0;0;0;1;14;0;0;1;1;0;0;0;0;0;0;0;0;0;0;0;0;0;0;0;0;0;0;0;0;0;0
11.05.2024;01:10;A160;1;0;0;1;1;1;2;0;0;0;0;0;0;0;0;0;0;0;0;0;0;0;0;0;0;0;0;0;0;0;0;0;0;0;0
11.05.2024;01:09;A160;1;1;11;0;0;0;0;0;0;0;0;0;0;0;0;0;0;0;0;0;0;0;0;0;0;0;0;0;0;0;0;0;0;0;0
11.05.2024;01:08;A160;1;1;5;0;0;0;0;0;0;0;0;0;0;0;0;0;0;0;0;0;0;0;0;0;0;0;0;0;0;0;0;0;0;0;0
11.05.2024;01:07;A160;1;0;0;0;0;0;0;0;0;0;0;0;0;0;0;0;0;0;0;0;0;0;0;0;0;0;0;0;0;0;0;0;0;0;0
11.05.2024;01:06;A160;1;0;0;0;0;0;0;0;0;0;0;0;0;0;0;0;0;0;0;0;0;0;0;0;0;0;0;0;0;0;0;0;0;0;0
11.05.2024;01:05;A160;1;1;8;1;0;1;1;0;0;0;0;0;0;0;0;0;0;0;0;0;0;0;0;0;0;0;0;0;0;0;0;0;0;0;0
11.05.2024;01:04;A160;1;1;3;0;0;0;0;0;15;0;0;0;0;0;0;0;0;0;0;0;0;0;0;0;0;0;0;0;0;0;0;0;0;0;0
11.05.2024;01:03;A160;1;5;26;0;0;0;0;1;6;0;0;1;1;0;0;0;0;0;0;0;0;0;0;0;0;0;0;0;0;0;0;0;0;0;0
11.05.2024;01:02;A160;1;0;0;0;0;0;0;1;20;0;0;1;6;0;0;0;0;0;0;0;0;0;0;0;0;0;0;0;0;0;0;0;0;0;0
11.05.2024;01:01;A160;1;0;0;0;0;0;0;0;0;0;0;0;0;0;0;0;0;0;0;0;0;0;0;0;0;0;0;0;0;0;0;0;0;0;0
11.05.2024;01:00;A160;1;1;10;1;5;1;3;0;0;0;0;0;0;0;0;0;0;0;0;0;0;0;0;0;0;0;0;0;0;0;0;0;0;0;0
11.05.2024;00:59;A160;1;0;0;0;30;0;0;1;1;0;0;2;5;0;0;0;0;0;0;0;0;0;0;0;0;0;0;0;0;0;0;0;0;0;0
11.05.2024;00:58;A160;1;1;12;1;6;1;3;1;13;0;0;1;1;0;0;0;0;0;0;0;0;0;0;0;0;0;0;0;0;0;0;0;0;0;0
11.05.2024;00:57;A160;1;2;16;1;1;1;2;0;0;0;0;0;0;0;0;0;0;0;0;0;0;0;0;0;0;0;0;0;0;0;0;0;0;0;0
11.05.2024;00:56;A160;1;4;25;1;1;1;0;0;0;0;0;1;5;0;0;0;0;0;0;0;0;0;0;0;0;0;0;0;0;0;0;0;0;0;0
11.05.2024;00:55;A160;1;2;16;1;1;1;2;1;38;0;0;1;2;0;0;0;0;0;0;0;0;0;0;0;0;0;0;0;0;0;0;0;0;0;0
11.05.2024;00:54;A160;1;1;17;0;0;0;0;1;12;0;0;1;2;0;0;0;0;0;0;0;0;0;0;0;0;0;0;0;0;0;0;0;0;0;0
11.05.2024;00:53;A160;1;2;13;0;0;0;0;1;13;0;0;1;1;0;0;0;0;0;0;0;0;0;0;0;0;0;0;0;0;0;0;0;0;0;0
11.05.2024;00:52;A160;1;2;13;1;1;1;1;3;33;0;0;3;3;0;0;0;0;0;0;0;0;0;0;0;0;0;0;0;0;0;0;0;0;0;0
11.05.2024;00:51;A160;1;1;9;1;5;1;5;0;0;0;0;0;0;0;0;0;0;0;0;0;0;0;0;0;0;0;0;0;0;0;0;0;0;0;0
11.05.2024;00:50;A160;1;1;15;0;0;0;0;0;0;0;0;0;0;0;0;0;0;0;0;0;0;0;0;0;0;0;0;0;0;0;0;0;0;0;0
11.05.2024;00:49;A160;1;1;5;0;0;0;0;0;0;0;0;0;0;0;0;0;0;0;0;0;0;0;0;0;0;0;0;0;0;0;0;0;0;0;0
11.05.2024;00:48;A160;1;2;16;0;0;0;0;1;35;0;0;1;1;0;0;0;0;0;0;0;0;0;0;0;0;0;0;0;0;0;0;0;0;0;0
11.05.2024;00:47;A160;1;0;0;1;18;1;2;0;0;0;0;0;0;0;0;0;0;0;0;0;0;0;0;0;0;0;0;0;0;0;0;0;0;0;0
11.05.2024;00:46;A160;1;0;0;0;0;0;0;1;16;0;0;1;1;0;0;0;0;0;0;0;0;0;0;0;0;0;0;0;0;0;0;0;0;0;0
11.05.2024;00:45;A160;1;1;6;0;0;0;0;0;0;0;0;0;0;0;0;0;0;0;0;0;0;0;0;0;0;0;0;0;0;0;0;0;0;0;0
11.05.2024;00:44;A160;1;1;8;0;0;1;1;1;20;0;0;1;1;0;0;0;0;0;0;0;0;0;0;0;0;0;0;0;0;0;0;0;0;0;0
11.05.2024;00:43;A160;1;1;7;0;0;0;0;0;0;0;0;0;0;0;0;0;0;0;0;0;0;0;0;0;0;0;0;0;0;0;0;0;0;0;0
11.05.2024;00:42;A160;1;1;6;1;1;1;1;0;0;0;0;0;0;0;0;0;0;0;0;0;0;0;0;0;0;0;0;0;0;0;0;0;0;0;0
11.05.2024;00:41;A160;1;1;6;0;0;0;0;0;0;0;0;0;0;0;0;0;0;0;0;0;0;0;0;0;0;0;0;0;0;0;0;0;0;0;0
11.05.2024;00:40;A160;1;1;13;1;1;1;1;0;0;0;0;0;0;0;0;0;0;0;0;0;0;0;0;0;0;0;0;0;0;0;0;0;0;0;0
11.05.2024;00:39;A160;1;3;19;0;0;0;0;1;4;2;3;1;5;0;0;0;0;0;0;0;0;0;0;0;0;1;3;1;3;1;3;0;0;0;0
11.05.2024;00:38;A160;1;1;9;1;1;1;0;0;0;0;0;0;0;0;0;0;0;0;0;0;0;0;0;0;0;0;0;0;0;0;0;0;0;0;0
11.05.2024;00:37;A160;1;1;5;0;0;0;0;3;17;0;0;3;6;0;0;0;0;0;0;0;0;0;0;0;0;0;0;0;0;0;0;0;0;0;0
11.05.2024;00:36;A160;1;2;8;1;18;1;2;1;13;0;0;1;2;0;0;0;0;0;0;0;0;0;0;0;0;0;0;0;0;0;0;0;0;0;0
11.05.2024;00:35;A160;1;2;12;2;3;2;4;0;0;0;0;0;0;0;0;0;0;0;0;0;0;0;0;0;0;0;0;0;0;0;0;1;2;0;0
11.05.2024;00:34;A160;1;4;21;2;2;2;1;1;9;0;0;0;0;0;0;0;0;0;0;0;0;0;0;0;0;0;0;0;0;0;0;0;0;0;0
11.05.2024;00:33;A160;1;3;22;1;31;1;2;2;2;0;0;2;3;0;0;0;0;0;0;0;0;0;0;0;0;0;0;0;0;0;0;0;0;0;0
11.05.2024;00:32;A160;1;2;19;0;0;0;0;0;0;0;0;0;0;0;0;0;0;0;0;0;0;0;0;0;0;0;0;0;0;0;0;0;0;0;0
11.05.2024;00:31;A160;1;1;7;2;21;2;4;0;0;0;0;0;0;0;0;0;0;0;0;0;0;0;0;0;0;0;0;0;0;0;0;0;0;0;0
11.05.2024;00:30;A160;1;3;16;0;26;0;0;2;21;2;7;2;15;0;0;0;0;0;0;0;0;0;0;0;0;0;0;0;0;0;0;0;0;0;0
11.05.2024;00:29;A160;1;1;10;3;6;3;4;1;1;0;0;0;0;0;0;0;0;0;0;0;0;0;0;0;0;0;0;0;0;0;0;0;0;0;0
11.05.2024;00:28;A160;1;3;25;1;1;1;1;1;1;0;0;1;1;0;0;0;0;0;0;0;0;0;0;0;0;0;0;0;0;0;0;0;0;0;0
11.05.2024;00:27;A160;1;4;23;0;0;0;0;4;18;0;0;4;6;1;3;1;3;1;3;0;0;0;0;0;0;0;0;0;0;0;0;0;0;0;0
11.05.2024;00:26;A160;1;2;10;0;0;0;0;1;8;0;0;1;3;0;0;0;0;0;0;0;0;0;0;0;0;0;0;0;0;0;0;0;0;0;0
11.05.2024;00:25;A160;1;1;7;0;0;0;0;0;0;0;0;0;0;0;0;0;0;0;0;0;0;0;0;0;0;0;0;0;0;0;0;0;0;0;0
11.05.2024;00:24;A160;1;4;34;2;1;2;2;0;0;0;0;0;0;0;0;0;0;0;0;0;0;0;0;0;0;0;0;0;0;0;0;0;0;0;0
11.05.2024;00:23;A160;1;0;0;0;0;0;0;1;11;0;0;1;2;0;0;0;0;0;0;0;0;0;0;0;0;0;0;0;0;0;0;0;0;0;0
11.05.2024;00:22;A160;1;2;18;0;0;0;0;1;4;0;0;0;0;0;0;0;0;0;0;0;0;0;0;0;0;0;0;0;0;0;0;0;0;0;0
11.05.2024;00:21;A160;1;2;13;0;0;0;0;2;24;0;0;3;4;0;0;0;0;0;0;0;0;0;0;0;0;0;0;0;0;0;0;0;0;0;0
11.05.2024;00:20;A160;1;1;7;0;0;0;0;0;0;0;0;0;0;0;0;0;0;0;0;0;0;0;0;0;0;0;0;0;0;0;0;0;0;0;0
11.05.2024;00:19;A160;1;1;16;1;1;1;1;2;28;0;0;2;2;0;0;0;0;0;0;0;0;0;0;0;0;0;0;0;0;0;0;0;0;0;0
11.05.2024;00:18;A160;1;1;4;4;15;1;3;1;12;0;0;1;1;0;0;0;0;0;0;0;0;0;0;0;0;0;0;0;0;0;0;0;0;0;0
11.05.2024;00:17;A160;1;3;14;1;2;1;2;0;0;0;0;0;0;0;0;0;0;0;0;0;0;0;0;0;0;0;0;0;0;0;0;0;0;0;0
11.05.2024;00:16;A160;1;2;20;1;1;0;0;2;3;0;0;2;2;0;0;0;0;0;0;0;0;0;0;0;0;0;0;0;0;0;0;0;0;0;0
11.05.2024;00:15;A160;1;4;17;0;18;0;0;1;42;0;0;1;0;0;0;0;0;0;0;0;0;0;0;0;0;0;0;0;0;0;0;0;0;0;0
11.05.2024;00:14;A160;1;3;16;2;21;2;3;1;12;0;0;1;1;0;0;0;0;0;0;0;0;0;0;0;0;0;0;0;0;0;0;0;0;0;0
11.05.2024;00:13;A160;1;0;0;1;18;1;2;1;14;0;0;1;1;0;0;0;0;0;0;0;0;0;0;0;0;0;0;0;0;0;0;0;0;0;0
11.05.2024;00:12;A160;1;1;8;0;0;0;0;1;11;0;0;1;2;0;0;0;0;0;0;0;0;0;0;0;0;0;0;0;0;0;0;0;0;0;0
11.05.2024;00:11;A160;1;3;21;0;0;0;0;1;6;0;0;1;3;0;0;0;0;0;0;0;0;0;0;0;0;0;0;0;0;0;0;0;0;0;0
11.05.2024;00:10;A160;1;0;3;0;0;0;0;0;0;0;0;0;0;0;0;0;0;0;0;0;0;0;0;0;0;0;0;0;0;0;0;0;0;0;0
11.05.2024;00:09;A160;1;4;21;1;5;1;1;2;37;0;0;1;3;0;0;0;0;0;0;0;0;0;0;0;0;0;0;0;0;0;0;0;0;0;0
11.05.2024;00:08;A160;1;1;9;1;1;2;2;0;0;0;0;1;1;0;0;0;0;0;0;0;0;0;0;0;0;0;0;0;0;0;0;0;0;0;0
11.05.2024;00:07;A160;1;2;27;1;3;1;3;0;0;0;0;0;0;0;0;0;0;0;0;0;0;0;0;0;0;0;0;0;0;0;0;0;0;0;0
11.05.2024;00:06;A160;1;3;24;0;0;0;0;2;15;0;0;2;4;0;0;0;0;0;0;0;0;0;0;0;0;1;3;1;3;1;3;0;0;0;0
11.05.2024;00:05;A160;1;1;10;0;0;0;0;1;10;0;0;1;2;0;0;0;0;0;0;0;0;0;0;0;0;0;0;0;0;0;0;0;0;0;0
11.05.2024;00:04;A160;1;1;11;0;0;0;0;1;18;1;5;1;6;0;0;0;0;0;0;0;0;0;0;0;0;1;3;1;3;1;3;0;0;0;0
11.05.2024;00:03;A160;1;1;7;0;0;0;0;0;0;0;0;0;0;0;0;0;0;0;0;0;0;0;0;0;0;0;0;0;0;0;0;0;0;0;0
11.05.2024;00:02;A160;1;2;18;0;0;0;0;0;0;0;0;0;0;0;0;0;0;0;0;0;0;0;0;0;0;0;0;0;0;0;0;0;0;0;0
11.05.2024;00:01;A160;1;1;6;0;0;1;1;1;11;0;0;1;2;0;0;0;0;0;0;0;0;0;0;0;0;0;0;0;0;0;0;0;0;0;0
11.05.2024;00:00;A160;1;2;19;1;23;0;0;1;43;0;0;0;2;0;0;0;0;0;0;0;0;0;0;0;0;0;0;0;0;0;0;0;0;0;0
10.05.2024;23:59;A160;1;1;3;0;0;1;2;2;16;0;0;4;5;0;0;0;0;0;0;0;0;0;0;0;0;0;0;0;0;0;0;0;0;0;0
10.05.2024;23:58;A160;1;1;11;2;44;2;2;0;0;0;0;0;0;0;0;0;0;0;0;0;0;0;0;0;0;0;0;0;0;0;0;0;0;0;0
10.05.2024;23:57;A160;1;3;23;0;0;0;0;1;19;0;0;2;2;0;0;0;0;0;0;0;0;0;0;0;0;0;0;0;0;0;0;0;0;0;0
10.05.2024;23:56;A160;1;3;30;2;2;1;1;1;18;0;0;1;1;0;0;0;0;0;0;0;0;0;0;0;0;0;0;0;0;0;0;0;0;0;0
10.05.2024;23:55;A160;1;2;16;0;0;0;0;4;29;0;0;3;3;0;0;0;0;0;1;0;0;0;0;0;0;0;0;0;0;0;0;0;0;0;0
10.05.2024;23:54;A160;1;3;25;0;0;0;0;1;1;0;0;2;1;1;3;1;3;1;2;0;0;0;0;0;0;0;0;0;0;0;0;0;0;0;0
10.05.2024;23:53;A160;1;0;0;1;18;0;0;1;11;0;0;1;1;0;0;0;0;0;0;0;0;0;0;0;0;0;0;0;0;0;0;0;0;0;0
10.05.2024;23:52;A160;1;2;19;3;31;4;36;0;20;0;0;0;0;0;0;0;0;0;0;0;0;0;0;0;0;0;0;0;0;0;0;0;0;0;0
10.05.2024;23:51;A160;1;0;2;1;1;1;1;3;42;0;0;3;4;0;0;0;0;0;0;0;0;0;0;0;0;0;0;0;0;0;0;0;0;0;0
10.05.2024;23:50;A160;1;1;8;0;0;0;0;0;0;0;0;0;0;0;0;0;0;0;0;0;0;0;0;0;0;0;0;0;0;0;0;0;0;0;0
10.05.2024;23:49;A160;1;5;34;0;0;1;1;3;21;0;0;3;4;0;0;0;0;0;0;0;0;0;0;0;0;0;0;0;0;0;0;0;0;0;0
10.05.2024;23:48;A160;1;2;19;0;0;0;0;1;9;0;0;1;1;0;0;0;0;0;0;0;0;0;0;0;0;0;0;0;0;0;0;0;0;0;0
10.05.2024;23:47;A160;1;2;24;0;0;0;0;0;0;0;0;0;0;0;0;0;0;0;0;0;0;0;0;0;0;0;0;0;0;0;0;0;0;0;0
10.05.2024;23:46;A160;1;1;8;1;18;1;3;2;15;0;0;2;3;0;0;0;0;0;0;0;0;0;0;0;0;0;0;0;0;0;0;0;0;0;0
10.05.2024;23:45;A160;1;3;29;0;0;0;0;1;23;0;0;1;1;0;0;0;0;0;0;0;0;0;0;0;0;0;0;0;0;0;0;0;0;0;0
10.05.2024;23:44;A160;1;2;23;0;0;1;0;2;29;0;0;2;2;0;0;0;0;0;0;0;0;0;0;0;0;0;0;0;0;0;0;0;0;0;0
10.05.2024;23:43;A160;1;5;26;0;0;0;0;3;14;0;0;4;6;0;0;0;0;0;0;0;0;0;0;0;0;0;0;0;0;0;0;0;0;0;0
10.05.2024;23:42;A160;1;1;5;1;21;1;1;1;30;0;0;1;2;0;0;0;0;0;0;0;0;0;0;0;0;0;0;0;0;0;0;0;0;0;0
10.05.2024;23:41;A160;1;2;18;0;0;1;1;1;1;0;0;2;4;0;0;0;0;0;0;0;0;0;0;0;0;0;0;0;0;0;0;0;0;0;0
10.05.2024;23:40;A160;1;2;27;0;0;1;1;2;54;0;0;3;6;0;0;0;0;0;0;0;0;0;0;0;0;0;0;0;0;0;0;1;3;0;0
10.05.2024;23:39;A160;1;3;26;0;0;0;0;3;17;2;3;3;9;0;0;0;0;0;0;0;0;0;0;0;0;1;3;1;3;1;3;0;0;0;0
10.05.2024;23:38;A160;1;3;23;2;20;2;4;1;26;0;0;1;2;0;0;0;0;0;0;0;0;0;0;0;0;0;0;0;0;0;0;0;0;0;0
10.05.2024;23:37;A160;1;0;0;1;23;1;2;0;15;0;0;0;0;0;0;0;0;0;0;0;0;0;0;0;0;0;0;0;0;0;0;0;0;0;0
10.05.2024;23:36;A160;1;3;25;0;24;0;0;1;0;0;0;1;1;0;0;0;0;0;0;0;0;0;0;0;0;0;0;0;0;1;3;0;0;0;0
10.05.2024;23:35;A160;1;1;8;1;44;2;3;4;16;2;2;4;30;0;0;0;0;0;0;0;0;0;0;0;0;1;3;1;3;0;0;0;0;0;0
10.05.2024;23:34;A160;1;1;6;1;19;0;0;1;22;0;0;1;1;0;0;0;0;0;0;0;0;0;0;0;0;0;0;0;0;0;0;0;0;0;0
10.05.2024;23:33;A160;1;1;9;1;1;2;5;1;1;0;0;2;1;0;0;0;0;0;0;0;0;0;0;0;0;0;0;0;0;0;0;0;0;0;0
10.05.2024;23:32;A160;1;1;17;1;1;2;2;1;27;0;0;1;1;0;0;0;0;0;0;0;0;0;0;0;0;0;0;0;0;0;0;0;7;0;0
10.05.2024;23:31;A160;1;3;31;2;17;1;0;2;14;0;0;2;3;0;0;0;0;0;0;0;0;0;0;0;0;0;0;0;0;0;0;1;5;0;0
10.05.2024;23:30;A160;1;4;41;2;16;3;6;2;62;0;0;2;3;0;0;0;0;0;0;0;0;0;0;0;0;0;0;0;0;0;0;0;0;0;0
10.05.2024;23:29;A160;1;1;17;2;2;2;2;1;20;1;1;1;2;0;0;0;0;0;0;0;0;0;0;0;0;0;0;0;0;0;0;0;0;0;0
10.05.2024;23:28;A160;1;1;2;0;22;0;0;1;38;0;0;0;0;0;0;0;0;0;0;0;0;0;0;0;0;0;0;0;0;0;0;0;0;0;0
10.05.2024;23:27;A160;1;3;29;1;4;1;3;1;64;0;0;2;3;0;0;0;0;1;3;0;0;0;0;0;0;0;0;0;0;0;0;0;0;0;0
10.05.2024;23:26;A160;1;3;27;2;2;2;2;2;46;0;0;2;3;1;3;1;3;0;0;0;0;0;0;0;0;0;0;0;0;0;0;0;0;0;0
10.05.2024;23:25;A160;1;3;28;0;0;0;0;0;0;0;0;0;0;0;0;0;0;0;0;0;0;0;0;0;0;0;0;0;0;0;0;0;0;0;0
10.05.2024;23:24;A160;1;3;28;1;25;2;3;1;51;0;0;1;1;0;0;0;0;0;0;0;0;0;0;0;0;0;0;0;0;0;0;0;0;0;0
10.05.2024;23:23;A160;1;1;19;2;1;3;1;1;14;0;0;1;2;0;0;0;0;0;0;0;0;0;0;0;0;0;0;0;0;0;0;0;0;0;0
10.05.2024;23:22;A160;1;4;28;0;0;1;1;2;12;0;0;2;3;0;0;0;0;0;0;0;0;0;0;0;0;0;0;0;0;0;0;0;0;0;0
10.05.2024;23:21;A160;1;2;17;0;0;1;1;1;1;0;0;1;1;0;0;0;0;0;0;0;0;0;0;0;0;0;0;0;0;0;0;0;0;0;0
10.05.2024;23:20;A160;1;3;25;1;27;1;2;2;41;0;0;1;1;0;0;0;0;0;0;0;0;0;0;0;0;0;0;0;0;0;0;0;0;0;0
10.05.2024;23:19;A160;1;2;27;2;27;2;5;1;9;0;0;2;3;0;0;0;0;0;0;0;0;0;0;0;0;0;0;0;0;0;0;0;0;0;0
10.05.2024;23:18;A160;1;1;11;2;18;1;1;0;0;0;0;0;0;0;0;0;0;0;0;0;0;0;0;0;0;0;0;0;0;0;0;0;0;0;0
10.05.2024;23:17;A160;1;1;11;0;0;1;1;1;12;0;0;1;1;0;0;0;0;0;0;0;0;0;0;0;0;0;0;0;0;0;0;0;0;0;0
10.05.2024;23:16;A160;1;4;28;1;15;4;4;0;0;0;0;0;0;0;0;0;0;0;0;0;0;0;0;0;0;0;0;0;0;0;0;0;0;0;0
10.05.2024;23:15;A160;1;1;6;1;1;1;1;0;0;0;0;0;0;0;0;0;0;0;0;0;0;0;0;0;0;0;0;0;0;0;0;0;0;0;0
10.05.2024;23:14;A160;1;3;28;0;0;0;0;1;0;0;0;2;1;0;0;0;0;0;0;0;0;0;0;0;0;0;0;0;0;0;0;0;0;0;0
10.05.2024;23:13;A160;1;1;22;0;0;0;0;0;0;0;0;0;0;0;0;0;0;0;0;0;0;0;0;0;0;0;0;0;0;0;0;0;0;0;0
10.05.2024;23:12;A160;1;4;36;0;0;0;0;5;40;3;3;5;13;0;0;0;0;0;0;0;0;0;0;0;0;0;0;0;0;1;3;0;0;0;0
10.05.2024;23:11;A160;1;2;24;0;0;0;0;0;0;0;0;0;0;0;0;0;0;0;0;0;0;0;0;0;0;1;3;1;3;0;0;0;0;0;0
10.05.2024;23:10;A160;1;1;32;0;0;0;0;1;10;0;0;1;1;0;0;0;0;0;0;0;0;0;0;0;0;0;0;0;0;0;0;0;0;0;0
10.05.2024;23:09;A160;1;2;19;0;0;0;0;1;15;0;0;1;1;0;0;0;0;0;0;0;0;0;0;0;0;0;0;0;0;0;0;0;0;0;0
10.05.2024;23:08;A160;1;1;10;0;0;0;0;1;1;0;0;0;0;0;0;0;0;0;0;0;0;0;0;0;0;0;0;0;0;0;0;0;0;0;0
10.05.2024;23:07;A160;1;3;14;1;1;1;1;1;10;0;0;2;2;0;0;0;0;0;0;0;0;0;0;0;0;0;0;0;0;0;0;0;0;0;0
10.05.2024;23:06;A160;1;1;9;0;4;0;0;1;1;1;1;1;1;0;0;0;0;0;0;0;0;0;0;0;0;0;0;0;0;0;0;0;0;0;0
10.05.2024;23:05;A160;1;5;42;1;30;1;1;1;24;0;0;0;1;0;0;0;0;0;0;0;0;0;0;0;0;0;0;0;0;0;0;0;0;0;0
10.05.2024;23:04;A160;1;3;15;2;66;2;4;2;5;0;0;2;3;0;0;0;0;0;0;0;0;0;0;0;0;0;0;0;0;0;0;0;0;0;0
10.05.2024;23:03;A160;1;2;22;0;0;0;0;3;20;0;0;4;10;0;0;0;0;0;0;0;0;0;0;0;0;0;0;0;0;0;0;0;0;0;0
10.05.2024;23:02;A160;1;1;8;0;0;0;0;0;0;0;0;0;0;0;0;0;0;0;0;0;0;0;0;0;0;0;0;0;0;0;0;0;0;0;0
10.05.2024;23:01;A160;1;4;43;0;0;0;0;1;33;0;0;1;2;0;0;0;0;0;0;0;0;0;0;0;0;0;0;0;0;0;0;0;0;0;0
10.05.2024;23:00;A160;1;3;47;1;1;1;1;3;62;2;6;3;25;0;0;0;0;0;0;0;0;0;0;0;0;0;0;0;0;0;0;0;0;0;0
10.05.2024;22:59;A160;1;2;19;0;0;0;0;2;41;1;1;3;3;1;3;1;3;1;3;0;0;0;0;0;0;0;0;0;0;0;0;0;0;0;0
10.05.2024;22:58;A160;1;4;46;2;2;2;2;1;57;0;0;3;11;0;0;0;0;0;0;0;0;0;0;0;0;0;0;0;0;0;0;0;0;0;0
10.05.2024;22:57;A160;1;1;8;1;17;1;2;1;1;0;0;1;2;0;0;0;0;0;0;0;0;0;0;0;0;0;0;0;0;0;0;0;0;0;0
10.05.2024;22:56;A160;1;4;28;0;0;0;0;1;1;0;0;2;1;0;0;0;0;0;0;0;0;0;0;0;0;0;0;0;0;0;0;0;0;0;0
10.05.2024;22:55;A160;1;1;38;1;1;1;1;5;60;0;0;4;7;0;0;0;0;0;0;0;0;0;0;0;0;0;0;0;0;0;0;0;0;0;0
10.05.2024;22:54;A160;1;2;13;1;32;1;1;2;30;0;0;3;5;0;0;0;0;0;0;0;0;0;0;0;0;0;0;0;0;0;0;0;0;0;0
10.05.2024;22:53;A160;1;2;15;0;0;0;0;1;31;0;0;0;0;0;0;0;0;0;0;0;0;0;0;0;0;0;0;0;0;0;0;0;0;0;0
10.05.2024;22:52;A160;1;3;23;1;1;2;1;1;35;0;0;2;3;0;0;0;0;0;0;0;0;0;0;0;0;0;0;0;0;0;0;0;0;0;0
10.05.2024;22:51;A160;1;1;26;1;8;1;2;2;52;0;0;2;3;0;0;0;0;0;0;0;0;0;0;0;0;0;0;0;0;0;0;0;0;0;0
10.05.2024;22:50;A160;1;2;25;2;1;2;2;1;42;0;0;1;2;0;0;0;0;0;0;0;0;0;0;0;0;0;0;0;0;0;0;0;0;0;0
10.05.2024;22:49;A160;1;2;17;1;3;1;1;3;47;0;0;3;4;0;0;0;0;0;0;0;0;0;0;0;0;0;0;0;0;0;0;0;0;0;0
10.05.2024;22:48;A160;1;5;41;1;0;3;1;0;0;0;0;0;0;0;0;0;0;0;0;0;0;0;0;0;0;0;0;0;0;0;0;0;0;0;0
10.05.2024;22:47;A160;1;2;12;0;0;0;0;1;12;0;0;1;1;0;0;0;0;0;0;0;0;0;0;0;0;0;0;0;0;0;0;0;0;0;0
10.05.2024;22:46;A160;1;4;33;0;0;0;0;0;0;0;0;0;0;0;0;0;0;0;0;0;0;0;0;0;0;0;0;0;0;0;0;0;0;0;0
10.05.2024;22:45;A160;1;1;17;3;27;3;4;1;19;0;0;2;2;0;0;0;0;0;0;0;0;0;0;0;0;0;0;0;0;0;0;0;0;0;0
10.05.2024;22:44;A160;1;2;28;3;19;4;5;2;15;0;0;2;3;0;0;0;0;0;0;0;0;0;0;0;0;0;0;0;0;0;0;0;0;0;0
10.05.2024;22:43;A160;1;3;44;1;13;1;1;3;2;0;0;2;2;0;0;0;0;0;0;0;0;0;0;0;0;0;0;0;0;0;0;0;0;0;0
10.05.2024;22:42;A160;1;1;1;1;29;1;2;4;23;0;0;4;7;0;0;0;0;0;0;0;0;0;0;0;0;0;0;0;0;0;0;0;0;0;0
10.05.2024;22:41;A160;1;2;18;1;34;1;2;3;35;0;0;2;2;0;0;0;0;0;0;0;0;0;0;0;0;0;0;0;0;0;0;0;0;0;0
10.05.2024;22:40;A160;1;2;16;1;18;0;0;2;44;1;0;2;3;0;0;0;0;0;0;0;0;0;0;0;0;0;0;0;0;0;0;0;0;0;0
10.05.2024;22:39;A160;1;5;17;3;66;4;10;2;67;1;1;3;8;0;0;0;0;0;0;0;0;0;0;0;0;0;0;0;0;0;0;0;0;0;0
10.05.2024;22:38;A160;1;4;47;1;51;1;2;3;21;2;3;3;9;0;0;0;0;0;0;0;0;0;0;0;0;0;1;1;3;2;7;0;0;0;0
10.05.2024;22:37;A160;1;0;0;1;4;1;2;2;23;0;0;1;2;0;0;0;0;0;0;0;0;0;0;0;0;2;5;1;3;0;0;0;0;0;0
10.05.2024;22:36;A160;1;1;15;3;25;3;2;1;40;0;0;2;4;0;0;0;0;0;0;0;0;0;0;0;0;0;0;0;0;0;0;0;0;0;0
10.05.2024;22:35;A160;1;3;33;2;7;2;2;2;27;1;1;2;3;0;0;0;0;0;0;0;0;0;0;0;0;0;0;0;0;0;0;0;0;0;0
10.05.2024;22:34;A160;1;3;13;1;61;1;1;2;36;0;0;1;6;0;0;0;0;0;0;0;0;0;0;0;0;0;0;0;0;0;0;0;0;0;0
10.05.2024;22:33;A160;1;3;22;1;25;1;2;3;42;0;0;4;5;0;0;0;0;0;0;0;0;0;0;0;0;0;0;0;0;0;0;0;0;0;0
10.05.2024;22:32;A160;1;3;27;1;21;1;2;1;16;0;0;1;1;0;0;0;0;0;0;0;0;0;0;0;0;0;0;0;0;0;0;0;0;0;0
10.05.2024;22:31;A160;1;2;20;1;3;1;2;0;0;0;0;0;0;0;0;0;0;0;0;0;0;0;0;0;0;0;0;0;0;0;0;0;0;0;0
10.05.2024;22:30;A160;1;3;20;2;45;3;3;2;14;0;0;1;0;0;0;0;0;0;0;0;0;0;0;0;0;0;0;0;0;0;0;0;0;0;0
10.05.2024;22:29;A160;1;2;28;2;2;2;2;1;40;0;0;2;5;0;0;0;0;0;0;0;0;0;0;0;0;0;0;0;0;0;0;0;0;0;0
10.05.2024;22:28;A160;1;4;27;2;2;1;1;3;17;0;0;3;4;0;0;0;0;0;0;0;0;0;0;0;0;0;0;0;0;0;0;0;0;0;0
10.05.2024;22:27;A160;1;1;18;0;0;1;1;2;18;0;0;2;2;0;0;0;0;0;0;0;0;0;0;0;0;0;0;0;0;0;0;0;0;0;0
10.05.2024;22:26;A160;1;2;20;1;46;1;2;2;65;0;0;2;2;0;0;0;0;0;0;0;0;0;0;0;0;0;0;0;0;0;0;0;0;0;0
10.05.2024;22:25;A160;1;3;29;0;0;1;1;1;6;0;0;1;1;0;0;0;0;0;0;0;0;0;0;0;0;0;0;0;0;0;0;0;0;1;3
10.05.2024;22:24;A160;1;4;47;1;1;0;0;2;63;0;0;4;6;0;0;0;0;1;3;0;0;0;0;0;0;0;0;0;0;0;0;0;0;0;0
10.05.2024;22:23;A160;1;1;16;1;1;1;1;1;4;0;0;2;4;1;3;1;3;0;0;0;0;0;0;0;0;0;0;0;0;0;0;0;0;0;0
10.05.2024;22:22;A160;1;0;1;0;22;0;0;0;0;0;0;0;0;0;0;0;0;0;0;0;0;0;0;0;0;0;0;0;0;0;0;0;0;0;0
10.05.2024;22:21;A160;1;5;25;2;27;2;3;3;33;2;1;3;23;0;0;0;0;0;0;0;0;0;0;0;0;0;0;0;0;0;0;0;0;0;0
10.05.2024;22:20;A160;1;3;39;0;0;0;0;5;16;0;0;5;7;0;0;0;0;0;0;0;0;0;0;0;0;0;0;0;0;0;0;0;0;0;0
10.05.2024;22:19;A160;1;3;28;1;6;1;3;2;24;0;0;2;3;0;0;0;0;0;0;0;0;0;0;0;0;0;0;0;0;0;0;0;0;0;0
10.05.2024;22:18;A160;1;4;27;2;24;1;2;2;34;0;0;2;3;0;0;0;0;0;0;0;0;0;0;0;0;0;0;0;0;0;0;1;3;0;0
10.05.2024;22:17;A160;1;3;16;0;0;1;1;2;13;0;0;2;3;0;0;0;0;0;0;0;0;0;0;0;0;0;0;0;0;0;0;0;0;0;0
10.05.2024;22:16;A160;1;2;19;0;0;1;0;1;31;0;0;1;1;0;0;0;0;0;0;0;0;0;0;0;0;0;0;0;0;0;0;0;0;0;0
10.05.2024;22:15;A160;1;3;26;1;1;1;1;2;2;0;0;2;2;0;0;0;0;0;0;0;0;0;0;0;0;0;0;0;0;0;0;0;0;1;3
10.05.2024;22:14;A160;1;2;7;2;53;3;6;2;26;0;0;2;2;0;0;0;0;0;0;0;0;0;0;0;0;0;0;0;0;0;0;0;0;0;0
10.05.2024;22:13;A160;1;4;33;1;40;1;1;5;51;0;0;4;7;0;0;0;0;0;0;0;0;0;0;0;0;0;0;0;0;0;0;0;0;0;0
10.05.2024;22:12;A160;1;2;17;1;22;1;3;2;17;0;0;3;5;0;0;0;0;0;0;0;0;0;0;0;0;0;0;0;0;0;0;1;1;0;0
10.05.2024;22:11;A160;1;2;7;2;44;1;2;2;51;1;2;2;3;0;0;0;0;0;0;0;0;0;0;0;0;0;0;0;0;0;0;0;0;0;0
10.05.2024;22:10;A160;1;2;31;0;20;1;2;2;54;0;0;1;1;0;0;0;0;0;0;0;0;0;0;0;0;0;0;0;0;0;0;0;0;0;0
10.05.2024;22:09;A160;1;1;8;1;47;1;3;2;6;2;1;3;8;0;0;0;0;0;0;0;0;0;0;0;0;1;3;1;3;1;3;0;0;0;0
10.05.2024;22:08;A160;1;3;22;0;0;0;0;2;17;0;0;3;3;0;0;0;0;0;0;0;0;0;0;0;0;0;0;0;0;0;0;0;0;0;0
10.05.2024;22:07;A160;1;3;26;1;57;2;2;1;19;0;0;1;1;0;0;0;0;0;0;0;0;0;0;0;0;0;0;0;0;0;0;0;0;0;0
10.05.2024;22:06;A160;1;2;25;3;31;4;5;4;41;0;0;4;12;0;0;0;0;0;0;0;0;0;0;0;0;0;0;0;0;0;0;0;0;0;0
10.05.2024;22:05;A160;1;2;33;0;0;0;0;3;62;0;0;1;3;0;0;0;0;0;0;0;0;0;0;0;0;0;0;0;0;0;0;1;2;0;0
10.05.2024;22:04;A160;1;3;43;1;1;1;1;2;26;0;0;5;11;0;0;0;0;0;0;0;0;0;0;0;0;0;0;0;0;0;0;0;0;0;0
10.05.2024;22:03;A160;1;5;36;0;0;1;1;1;4;0;0;1;1;0;0;0;0;0;0;0;0;0;0;0;0;0;0;0;0;0;0;2;3;0;0
10.05.2024;22:02;A160;1;1;13;1;1;1;1;4;63;0;0;4;9;0;0;0;0;0;0;0;0;0;0;0;0;0;0;0;0;0;0;0;0;0;0
10.05.2024;22:01;A160;1;3;18;0;0;0;0;3;21;0;0;4;13;0;0;0;0;0;0;0;0;0;0;0;0;0;0;0;0;0;0;0;0;0;0
10.05.2024;22:00;A160;1;3;25;1;1;1;1;1;14;0;0;1;1;0;0;0;0;0;0;0;0;0;0;0;0;0;0;0;0;0;0;0;0;0;0
10.05.2024;21:59;A160;1;2;47;1;24;1;2;3;35;0;0;3;4;0;0;0;0;0;0;0;0;0;0;0;0;0;0;0;0;0;0;0;0;0;0
10.05.2024;21:58;A160;1;5;32;0;0;0;0;3;21;2;1;3;5;0;0;0;0;0;0;0;0;0;0;0;0;0;0;1;3;1;3;0;0;0;0
10.05.2024;21:57;A160;1;1;2;0;0;0;0;3;49;1;1;4;7;0;0;0;0;0;0;0;0;0;0;0;0;1;3;0;0;0;0;0;0;0;0
10.05.2024;21:56;A160;1;1;9;0;0;0;1;2;32;1;1;2;2;0;0;0;0;0;0;0;0;0;0;0;0;0;0;0;0;0;0;0;0;0;0
10.05.2024;21:55;A160;1;4;34;1;1;1;0;4;53;0;0;6;7;0;0;1;3;1;3;0;0;0;0;0;0;0;0;0;0;0;0;0;0;0;0
10.05.2024;21:54;A160;1;1;7;2;22;2;4;1;16;0;0;1;1;1;3;0;0;0;0;0;0;0;0;0;0;0;0;0;0;0;0;0;0;0;0
10.05.2024;21:53;A160;1;4;31;0;0;0;0;5;11;0;0;3;9;0;0;0;0;0;0;0;0;0;0;0;0;0;0;0;0;0;0;0;0;0;0
10.05.2024;21:52;A160;1;3;34;2;23;2;1;1;58;0;0;3;8;0;0;0;0;0;0;0;0;0;0;0;0;0;0;0;0;0;0;0;0;0;0
10.05.2024;21:51;A160;1;3;31;2;16;2;2;3;49;0;0;2;4;0;0;0;0;0;0;0;0;0;0;0;0;0;0;0;0;0;0;0;0;0;0
10.05.2024;21:50;A160;1;3;42;3;21;3;4;1;27;0;0;2;3;0;0;0;0;0;0;0;0;0;0;0;0;0;0;0;0;0;0;0;0;0;0
10.05.2024;21:49;A160;1;3;31;2;48;2;5;1;11;1;7;1;2;0;0;0;0;0;0;0;0;0;0;0;0;0;0;0;0;0;0;0;0;0;0
10.05.2024;21:48;A160;1;3;24;0;0;1;1;0;0;0;0;0;0;0;0;0;0;0;0;0;0;0;0;0;0;0;0;0;0;0;0;0;0;0;0
10.05.2024;21:47;A160;1;3;23;1;1;1;1;0;0;0;0;0;0;0;0;0;0;0;0;0;0;0;0;0;0;0;0;0;0;0;0;0;0;0;0
10.05.2024;21:46;A160;1;3;7;1;18;1;1;3;38;0;0;3;3;0;0;0;0;0;0;0;0;0;0;0;0;0;0;0;0;0;0;0;0;0;0
10.05.2024;21:45;A160;1;2;24;2;2;2;2;2;22;1;1;2;3;0;0;0;0;0;0;0;0;0;0;0;0;0;0;0;0;0;0;0;0;0;0
10.05.2024;21:44;A160;1;2;28;0;0;0;0;0;38;0;0;2;4;0;0;0;0;0;0;0;0;0;0;0;0;0;0;0;0;0;0;0;0;0;0
10.05.2024;21:43;A160;1;4;48;2;3;2;2;3;8;0;0;3;3;0;0;0;0;0;0;0;0;0;0;0;0;0;0;0;0;0;0;0;0;0;0
10.05.2024;21:42;A160;1;2;17;0;0;0;0;3;9;2;3;3;7;0;0;0;0;0;0;0;0;0;0;0;0;1;3;1;3;1;3;1;2;0;0
10.05.2024;21:41;A160;1;4;35;1;19;2;1;2;16;0;0;2;3;0;0;0;0;0;0;0;0;0;0;0;0;0;0;0;0;0;0;0;0;0;0
10.05.2024;21:40;A160;1;2;24;1;28;2;3;1;26;0;0;1;1;0;0;0;0;0;0;0;0;0;0;0;0;0;0;0;0;0;0;0;0;0;0
10.05.2024;21:39;A160;1;4;29;0;0;0;0;6;33;0;0;6;8;0;0;0;0;0;0;0;0;0;0;0;0;0;0;0;0;0;0;0;0;0;0
10.05.2024;21:38;A160;1;2;16;0;0;0;0;1;13;0;0;1;1;0;0;0;0;0;0;0;0;0;0;0;0;0;0;0;0;0;0;0;0;0;0
10.05.2024;21:37;A160;1;1;14;3;43;3;5;3;7;0;0;2;2;0;0;0;0;0;0;0;0;0;0;0;0;0;0;0;0;0;0;0;0;0;0
10.05.2024;21:36;A160;1;3;27;0;0;0;0;3;40;0;0;5;8;0;0;0;0;0;0;0;0;0;0;0;0;0;0;0;0;0;0;0;0;0;0
10.05.2024;21:35;A160;1;4;41;1;1;1;1;0;0;0;0;0;0;0;0;0;0;0;0;0;0;0;0;0;0;0;0;0;0;0;0;1;2;0;0
10.05.2024;21:34;A160;1;1;7;0;0;0;0;0;0;0;0;0;0;0;0;0;0;0;0;0;0;0;0;0;0;0;0;0;0;0;0;0;0;0;0
10.05.2024;21:33;A160;1;3;27;3;43;3;9;2;51;0;0;2;3;0;0;0;0;0;0;0;0;0;0;0;0;0;0;0;0;0;0;0;0;0;0
10.05.2024;21:32;A160;1;1;14;1;1;1;1;1;14;0;0;1;2;0;0;0;0;0;0;0;0;0;0;0;0;0;0;0;0;0;0;0;0;0;0
10.05.2024;21:31;A160;1;4;40;1;1;1;1;0;6;3;1;1;0;0;0;0;0;0;0;0;0;0;0;0;0;0;0;0;0;0;0;0;0;0;0
10.05.2024;21:30;A160;1;3;40;2;39;1;2;3;36;0;0;3;28;0;0;0;0;0;0;0;0;0;0;0;0;0;0;0;0;0;0;0;0;0;0
10.05.2024;21:29;A160;1;2;24;2;2;2;2;1;73;1;1;3;3;1;3;1;3;1;3;0;0;0;0;0;0;0;0;0;0;0;0;0;0;0;0
10.05.2024;21:28;A160;1;3;45;2;2;3;2;1;14;1;1;2;6;0;0;0;0;0;0;0;0;0;0;0;0;0;0;0;0;0;0;0;0;0;0
10.05.2024;21:27;A160;1;3;57;1;15;1;1;3;18;2;2;3;5;0;0;0;0;0;0;0;0;0;0;0;0;0;0;0;0;0;0;1;3;0;0
10.05.2024;21:26;A160;1;2;10;2;6;2;2;2;12;0;0;2;3;0;0;0;0;0;0;0;0;0;0;0;0;0;0;0;0;0;0;0;0;0;0
10.05.2024;21:25;A160;1;2;27;0;0;1;1;1;21;0;0;0;0;0;0;0;0;0;0;0;0;0;0;0;0;0;0;0;0;0;0;0;0;0;0
10.05.2024;21:24;A160;1;4;23;1;2;2;3;2;59;0;0;3;5;0;0;0;0;0;0;0;0;0;0;0;0;0;0;0;0;0;0;1;14;0;0
10.05.2024;21:23;A160;1;3;34;1;1;1;1;3;43;0;0;3;3;0;0;0;0;0;0;0;0;0;0;0;0;0;0;0;0;0;0;0;0;0;0
10.05.2024;21:22;A160;1;2;20;2;47;1;2;3;51;0;0;3;3;0;0;0;0;0;0;0;0;0;0;0;0;0;0;0;0;0;0;0;0;0;0
10.05.2024;21:21;A160;1;2;18;1;16;2;2;0;0;0;0;1;3;0;0;0;0;0;0;0;0;0;0;0;0;0;0;0;0;0;0;0;0;0;0
10.05.2024;21:20;A160;1;3;24;1;5;1;2;2;19;0;0;2;7;0;0;0;0;0;0;0;0;0;0;0;0;0;0;0;0;0;0;0;0;0;0
10.05.2024;21:19;A160;1;2;23;2;2;2;2;1;28;0;0;1;2;0;0;0;0;0;0;0;0;0;0;0;0;0;0;0;0;0;0;1;2;0;0
10.05.2024;21:18;A160;1;2;35;1;1;1;1;1;47;0;0;1;1;0;0;0;0;0;0;0;0;0;0;0;0;0;0;0;0;0;0;0;0;0;0
10.05.2024;21:17;A160;1;2;12;0;0;0;0;1;24;0;0;1;1;0;0;0;0;0;0;0;0;0;0;0;0;0;0;0;0;0;0;0;0;0;0
10.05.2024;21:16;A160;1;5;38;1;3;1;1;4;32;0;0;3;4;0;0;0;0;0;0;0;0;0;0;0;0;0;0;0;0;0;0;0;0;0;0
10.05.2024;21:15;A160;1;2;18;1;1;1;1;2;62;0;0;3;4;0;0;0;0;0;0;0;0;0;0;0;0;0;0;0;0;0;0;0;0;0;0
10.05.2024;21:14;A160;1;2;30;0;0;0;7;0;0;0;0;0;0;0;0;0;0;0;0;0;0;0;0;0;0;0;0;0;0;0;0;1;5;0;0
10.05.2024;21:13;A160;1;2;21;2;47;0;100;3;9;0;0;3;7;0;0;0;0;0;0;0;0;0;0;0;0;0;0;0;0;0;0;0;0;0;0
10.05.2024;21:12;A160;1;3;39;1;18;0;100;2;59;2;4;2;46;0;0;0;0;0;0;0;0;0;0;0;0;0;0;0;0;0;0;1;3;0;0
10.05.2024;21:11;A160;1;3;30;0;0;0;100;1;37;0;0;1;1;0;0;0;0;0;0;0;0;0;0;0;0;0;0;0;0;0;0;0;0;0;0
10.05.2024;21:10;A160;1;3;25;1;8;0;100;3;58;0;0;3;4;0;0;0;0;0;0;0;0;0;0;0;0;0;0;0;0;0;0;0;0;0;0
10.05.2024;21:09;A160;1;2;12;2;34;1;90;3;38;0;0;3;4;0;0;0;0;0;0;0;0;0;0;0;0;0;0;0;0;0;0;0;0;0;0
10.05.2024;21:08;A160;1;5;51;0;0;0;0;3;8;2;3;2;5;0;0;0;0;0;0;0;0;0;0;0;0;0;0;0;2;1;3;0;0;0;0
10.05.2024;21:07;A160;1;2;12;1;17;1;2;1;11;0;0;2;4;0;0;0;0;0;0;0;0;0;0;0;0;1;3;1;1;0;0;0;0;0;0
10.05.2024;21:06;A160;1;4;42;1;1;1;1;1;30;0;0;0;0;0;0;0;0;0;0;0;0;0;0;0;0;0;0;0;0;0;0;0;0;0;0
10.05.2024;21:05;A160;1;1;16;2;2;2;1;0;0;1;67;1;2;0;0;0;0;0;0;0;0;0;0;0;0;0;0;0;0;0;0;1;7;0;0
10.05.2024;21:04;A160;1;1;14;2;2;2;2;2;28;0;0;2;3;0;0;0;0;0;0;0;0;0;0;0;0;0;0;0;0;0;0;0;0;0;0
10.05.2024;21:03;A160;1;1;10;0;0;0;0;2;45;0;0;2;2;0;0;0;0;0;0;0;0;0;0;0;0;0;0;0;0;0;0;0;0;0;0
10.05.2024;21:02;A160;1;1;9;2;6;1;2;2;50;2;5;2;2;0;0;0;0;0;0;0;0;0;0;0;0;0;0;0;0;0;0;0;0;0;0
10.05.2024;21:01;A160;1;4;45;0;0;1;1;3;21;0;0;3;6;1;3;1;3;1;3;0;0;0;0;0;0;0;0;0;0;0;0;0;0;0;0
10.05.2024;21:00;A160;1;3;26;1;4;1;1;2;55;0;0;2;4;0;0;0;0;0;0;0;0;0;0;0;0;0;0;0;0;0;0;0;0;0;0
10.05.2024;20:59;A160;1;4;28;1;33;1;1;3;71;0;0;2;2;0;0;0;0;0;0;0;0;0;0;0;0;0;0;0;0;0;0;0;0;0;0
10.05.2024;20:58;A160;1;3;26;0;31;1;1;1;62;0;0;2;3;0;0;0;0;0;0;0;0;0;0;0;0;0;0;0;0;0;0;1;2;0;0
10.05.2024;20:57;A160;1;2;23;1;18;1;1;5;35;2;4;3;19;0;0;0;0;0;0;0;0;0;0;0;0;0;0;1;3;1;3;0;0;0;0
10.05.2024;20:56;A160;1;3;40;1;2;2;2;1;1;0;0;3;11;0;0;0;0;0;0;0;0;0;0;0;0;1;3;0;0;0;0;0;0;0;0
10.05.2024;20:55;A160;1;2;18;3;40;3;4;4;5;0;0;4;4;0;0;0;0;0;0;0;0;0;0;0;0;0;0;0;0;0;0;0;0;0;0
10.05.2024;20:54;A160;1;2;22;2;33;2;2;1;32;0;0;1;1;0;0;0;0;0;0;0;0;0;0;0;0;0;0;0;0;0;0;0;0;0;0
10.05.2024;20:53;A160;1;5;46;0;0;1;2;1;14;0;0;1;1;0;0;0;0;0;0;0;0;0;0;0;0;0;0;0;0;0;0;0;0;0;0
10.05.2024;20:52;A160;1;0;0;0;0;0;0;6;68;0;0;6;10;0;0;0;0;0;0;0;0;0;0;0;0;0;0;0;0;0;0;0;0;0;0
10.05.2024;20:51;A160;1;2;13;0;0;0;0;1;15;0;0;2;4;0;0;0;0;0;0;0;0;0;0;0;0;0;0;0;0;0;0;0;0;0;0
10.05.2024;20:50;A160;1;1;7;1;50;1;2;1;48;0;0;1;1;0;0;0;0;0;0;0;0;0;0;0;0;0;0;0;0;0;0;0;0;0;0
10.05.2024;20:49;A160;1;2;24;0;0;0;0;4;33;1;2;4;5;0;0;0;0;0;0;0;0;0;0;0;0;0;0;0;0;0;0;0;0;0;0
10.05.2024;20:48;A160;1;3;21;0;0;0;0;4;23;0;3;4;5;0;0;0;0;0;0;0;0;0;0;0;0;0;0;0;0;0;0;0;0;0;0
10.05.2024;20:47;A160;1;3;39;3;78;3;55;3;28;1;46;3;7;1;3;1;3;1;3;0;0;0;0;0;0;0;0;0;1;1;3;0;0;0;0
10.05.2024;20:46;A160;1;4;36;2;23;2;5;0;0;0;0;0;0;0;0;0;0;0;0;0;0;0;0;0;0;1;3;1;2;0;0;0;0;1;1
10.05.2024;20:45;A160;1;3;37;2;2;3;3;2;6;1;60;2;3;0;0;0;0;0;0;0;0;0;0;0;0;0;0;0;0;0;0;0;0;0;0
10.05.2024;20:44;A160;1;2;43;2;1;2;1;3;45;0;0;3;3;0;0;0;0;0;0;0;0;0;0;0;0;0;0;0;0;0;0;0;0;0;0
10.05.2024;20:43;A160;1;2;22;1;1;1;1;2;68;0;0;3;3;0;0;0;0;0;0;0;0;0;0;0;0;0;0;0;0;0;0;0;0;0;0
10.05.2024;20:42;A160;1;2;27;1;4;1;1;1;0;0;0;1;1;0;0;0;0;0;0;0;0;0;0;0;0;0;0;0;0;0;0;0;0;0;0
10.05.2024;20:41;A160;1;4;37;2;3;2;2;2;45;0;0;2;3;0;0;0;0;0;0;0;0;0;0;0;0;0;0;0;0;0;0;0;0;0;0
10.05.2024;20:40;A160;1;5;59;1;33;2;2;2;7;0;0;0;0;0;0;0;0;0;0;0;0;0;0;0;0;0;0;0;0;0;0;0;0;0;0
10.05.2024;20:39;A160;1;2;16;2;37;3;5;3;77;0;0;4;5;0;0;0;0;0;0;0;0;0;0;0;0;0;0;0;0;0;0;1;2;0;0
10.05.2024;20:38;A160;1;2;36;2;2;2;2;1;5;0;0;2;3;0;0;0;0;0;0;0;0;0;0;0;0;0;0;0;0;0;0;0;0;0;0
10.05.2024;20:37;A160;1;4;47;1;2;1;1;3;44;0;0;3;4;0;0;0;0;0;0;0;0;0;0;0;0;0;0;0;0;0;0;0;0;0;0
10.05.2024;20:36;A160;1;3;15;3;41;3;4;4;60;0;0;4;5;0;0;0;0;0;0;0;0;0;0;0;0;0;0;0;0;0;0;0;0;0;0
10.05.2024;20:35;A160;1;3;45;1;25;1;1;2;38;0;0;2;3;0;0;0;0;0;0;0;0;0;0;0;0;0;0;0;0;0;0;0;0;0;0
10.05.2024;20:34;A160;1;3;26;2;8;2;2;2;26;0;0;2;2;0;0;0;0;0;0;0;0;0;0;0;0;0;0;0;0;0;0;0;0;0;0
10.05.2024;20:33;A160;1;1;17;0;0;0;0;4;21;0;0;2;4;0;0;0;0;0;0;0;0;0;0;0;0;0;0;0;0;0;0;0;0;0;0
10.05.2024;20:32;A160;1;4;47;1;1;2;1;5;76;2;2;10;14;0;2;1;3;1;3;0;0;0;0;0;0;0;0;0;0;1;3;0;0;0;0
10.05.2024;20:31;A160;1;1;14;2;15;2;4;5;28;2;6;6;32;1;2;0;0;0;0;0;0;0;0;0;0;1;3;1;3;0;0;0;0;0;0
10.05.2024;20:30;A160;1;1;16;1;30;1;1;3;62;0;0;2;4;0;0;0;0;0;0;0;0;0;0;0;0;0;0;0;0;0;0;0;0;0;0
10.05.2024;20:29;A160;1;3;23;0;0;0;0;1;12;0;0;2;2;0;0;0;0;0;0;0;0;0;0;0;0;0;0;0;0;0;0;0;0;0;0
10.05.2024;20:28;A160;1;3;38;0;0;0;0;5;24;0;0;4;4;0;0;0;0;0;0;0;0;0;0;0;0;0;0;0;0;0;0;0;0;0;0
10.05.2024;20:27;A160;1;1;11;1;4;1;2;2;16;1;6;2;6;0;0;0;0;0;0;0;0;0;0;0;0;1;3;1;3;1;3;0;0;0;0
10.05.2024;20:26;A160;1;1;12;2;35;2;2;0;0;0;0;0;0;0;0;0;0;0;0;0;0;0;0;0;0;0;0;0;0;0;0;0;0;0;0
10.05.2024;20:25;A160;1;2;19;0;0;0;0;6;36;0;0;6;20;0;0;0;0;0;0;0;0;0;0;0;0;0;0;0;0;0;0;0;0;0;0
10.05.2024;20:24;A160;1;2;24;1;16;1;1;2;40;0;0;2;2;0;0;0;0;0;0;0;0;0;0;0;0;0;0;0;0;0;0;0;0;0;0
10.05.2024;20:23;A160;1;1;18;2;35;2;4;3;43;0;0;3;10;0;0;0;0;0;0;0;0;0;0;0;0;0;0;0;0;0;0;0;0;0;0
10.05.2024;20:22;A160;1;2;26;2;22;2;3;2;24;0;0;2;5;0;0;0;0;0;0;0;0;0;0;0;0;0;0;0;0;0;0;0;0;0;0
10.05.2024;20:21;A160;1;4;29;1;55;2;3;4;68;0;0;3;3;0;0;0;0;0;0;0;0;0;0;0;0;0;0;0;0;0;0;0;0;0;0
10.05.2024;20:20;A160;1;2;21;0;0;0;0;3;33;0;0;2;6;0;0;0;0;0;0;0;0;0;0;0;0;0;0;0;0;0;0;0;0;0;0
10.05.2024;20:19;A160;1;3;43;1;1;1;1;1;23;0;0;5;7;1;3;1;3;1;3;0;0;0;0;0;0;0;0;0;0;0;0;0;0;0;0
10.05.2024;20:18;A160;1;3;34;1;28;3;2;2;2;0;0;2;2;0;0;0;0;0;0;0;0;0;0;0;0;0;0;0;0;0;0;0;0;0;0
10.05.2024;20:17;A160;1;3;32;4;60;3;6;5;61;0;0;5;26;0;0;0;0;0;0;0;0;0;0;0;0;0;0;0;0;0;0;1;2;0;0
10.05.2024;20:16;A160;1;1;35;2;64;2;2;4;22;2;4;4;13;0;0;0;0;0;0;0;0;0;0;0;0;1;3;1;3;1;3;0;0;0;0
10.05.2024;20:15;A160;1;3;46;2;31;1;2;1;50;0;0;1;1;0;0;0;0;0;0;0;0;0;0;0;0;0;0;0;0;0;0;0;0;0;0
10.05.2024;20:14;A160;1;2;36;3;3;3;3;4;88;0;0;2;8;0;0;0;0;0;0;0;0;0;0;0;0;0;0;0;0;0;0;0;0;0;0
10.05.2024;20:13;A160;1;4;30;3;49;3;48;11;65;0;0;11;51;0;0;0;0;0;0;0;0;0;0;0;0;0;0;0;0;0;0;0;0;0;0
10.05.2024;20:12;A160;1;8;31;3;62;3;4;5;89;3;3;3;84;0;0;0;0;0;0;0;0;0;0;0;0;0;0;0;0;0;0;0;0;0;0
10.05.2024;20:11;A160;1;3;48;1;31;2;5;35;55;1;6;28;51;0;0;0;0;0;0;0;0;0;0;0;0;0;0;0;0;0;0;0;0;0;0
10.05.2024;20:10;A160;1;1;11;1;1;0;0;2;8;1;12;8;14;0;0;0;0;0;0;0;0;0;0;0;0;0;0;0;0;0;0;0;0;0;0
10.05.2024;20:09;A160;1;5;43;3;10;4;8;0;0;0;0;0;0;0;0;0;0;0;0;0;0;0;0;0;0;0;0;0;0;0;0;0;0;0;0
10.05.2024;20:08;A160;1;3;32;1;0;1;1;2;54;0;0;1;1;0;0;0;0;0;0;0;0;0;0;0;0;0;0;0;0;0;0;0;0;0;0
10.05.2024;20:07;A160;1;3;16;4;46;3;5;4;58;0;0;4;5;0;0;0;0;0;0;0;0;0;0;0;0;0;0;0;0;0;0;0;0;0;0
10.05.2024;20:06;A160;1;5;43;0;0;0;0;6;25;0;0;5;21;0;0;0;0;0;0;0;0;0;0;0;0;0;0;0;0;0;0;0;0;0;0
10.05.2024;20:05;A160;1;4;41;2;13;1;1;1;75;0;0;3;5;0;0;0;0;0;0;0;0;0;0;0;0;0;0;0;0;0;0;0;0;0;0
10.05.2024;20:04;A160;1;2;52;2;22;2;2;5;27;1;1;5;42;0;0;0;0;0;0;0;0;0;0;0;0;0;0;0;0;0;0;0;0;1;3
10.05.2024;20:03;A160;1;4;48;1;2;1;1;8;35;1;0;8;16;0;0;0;0;0;0;0;0;0;0;0;0;0;0;0;0;1;3;0;0;0;0
10.05.2024;20:02;A160;1;2;30;1;1;1;1;0;0;1;2;0;0;0;0;0;0;0;0;0;0;0;0;0;0;1;3;1;3;0;0;0;0;0;0
10.05.2024;20:01;A160;1;2;27;0;7;0;0;0;34;0;0;1;0;1;3;1;3;1;3;0;0;0;0;0;0;0;0;0;0;0;0;0;0;0;0
10.05.2024;19:57;A160;1;3;29;1;23;2;5;3;34;1;1;3;12;0;0;0;0;0;0;0;0;0;0;0;0;0;0;0;0;0;0;0;0;0;0
10.05.2024;19:56;A160;1;3;33;0;0;0;0;3;39;1;0;3;9;0;0;0;0;0;0;0;0;0;0;0;0;0;0;0;0;0;0;0;0;0;0
10.05.2024;19:54;A160;1;3;59;2;15;2;2;3;38;0;0;3;4;0;0;0;0;0;0;0;0;0;0;0;0;0;0;0;0;0;0;0;0;0;0
10.05.2024;19:53;A160;1;5;43;2;23;1;2;3;35;1;1;3;4;0;0;0;0;0;0;0;0;0;0;0;0;0;0;0;0;0;0;0;0;0;0
10.05.2024;19:52;A160;1;3;35;2;58;3;5;2;45;0;0;2;3;0;0;0;0;0;0;0;0;0;0;0;0;0;0;0;0;0;0;1;4;0;0
10.05.2024;19:51;A160;1;6;47;1;30;2;2;3;81;0;0;1;1;0;0;0;0;0;0;0;0;0;0;0;0;0;0;0;0;0;0;0;0;0;0
10.05.2024;19:50;A160;1;5;49;2;3;3;3;6;79;0;0;7;59;0;0;0;0;0;0;0;0;0;0;0;0;0;0;0;0;0;0;0;0;0;0
10.05.2024;19:49;A160;1;4;79;3;14;3;2;4;64;0;0;4;6;0;0;0;0;0;0;0;0;0;0;0;0;0;0;0;0;0;0;0;0;0;0
10.05.2024;19:48;A160;1;4;30;2;75;2;3;2;30;1;0;3;13;0;0;0;0;0;0;0;0;0;0;0;0;1;3;1;3;1;3;0;0;0;0
10.05.2024;19:43;A160;1;4;58;3;83;3;76;2;63;2;2;5;10;0;0;0;0;0;0;0;0;0;0;0;0;0;0;0;0;0;0;0;0;0;0
