Datum;Uhrzeit;Bezeichnung;Intervall;V231Z;V231B;V241Z;V241B;V211Z;V211B;V222Z;V222B;D51Z;D51B;D52Z;D52B;V511Z;V511B;V521Z;V521B;V55Z;V55B;V51_1Z;V51_1B;ST51Z;ST51B;ST55_1Z;ST55_1B;T38Z;T38B;TB38Z;TB38B;TB35Z;TB35B;V821Z;V821B;V811Z;V811B;D21Z;D21B;D22Z;D22B;D23Z;D23B;D24Z;D24B;D81Z;D81B;D82Z;D82B;VK1_4_StoeZ;VK1_4_StoeB;VK5_7_StoeZ;VK5_7_StoeB
04.05.2024;02:00;A 38;1;0;0;0;0;0;0;0;0;0;0;0;0;0;0;0;0;0;0;0;0;0;0;0;0;0;0;1;0;0;0;1;6;0;0;0;0;0;0;0;0;0;0;0;0;0;0;0;0;0;0
04.05.2024;01:59;A 38;1;1;0;0;0;1;5;0;0;1;0;0;0;1;6;0;0;0;0;0;0;0;0;0;0;0;0;0;0;0;0;0;0;0;0;0;0;0;0;0;0;0;0;0;0;0;0;0;0;0;0
04.05.2024;01:58;A 38;1;0;0;0;0;0;0;0;0;0;0;0;0;0;0;0;0;0;0;0;0;0;0;0;0;0;0;0;0;0;0;0;0;0;0;0;0;0;0;0;0;0;0;0;0;0;0;0;0;0;0
04.05.2024;01:57;A 38;1;0;0;0;0;0;0;0;0;0;0;0;0;0;0;0;0;0;0;0;0;0;0;0;0;1;0;3;2;0;0;5;13;0;0;0;0;0;0;0;0;0;0;0;0;0;0;0;0;0;0
04.05.2024;01:56;A 38;1;0;0;0;0;0;0;0;0;0;0;0;0;0;0;0;0;0;0;0;0;0;0;0;0;0;0;0;0;0;0;0;0;0;0;0;0;0;0;0;0;0;0;0;0;0;0;0;0;0;0
04.05.2024;01:55;A 38;1;2;1;0;0;3;8;0;0;2;1;0;0;2;6;0;0;0;0;0;0;0;0;0;0;0;0;0;1;0;0;0;0;0;0;0;0;0;0;0;0;0;0;0;0;0;0;0;0;0;0
04.05.2024;01:54;A 38;1;0;0;0;0;0;0;0;0;0;0;0;0;1;2;0;0;0;0;0;0;0;0;0;0;0;0;5;11;1;7;1;16;0;0;0;0;0;0;0;0;1;3;1;4;3;2;0;0;0;0
04.05.2024;01:53;A 38;1;0;0;0;0;0;0;0;0;0;0;0;0;0;0;0;0;0;0;0;0;0;0;0;0;0;0;0;0;0;0;0;0;0;0;0;0;0;0;0;0;0;0;0;0;0;0;0;0;0;0
04.05.2024;01:52;A 38;1;1;0;0;0;1;5;0;0;3;2;1;0;2;8;0;0;0;0;0;0;0;0;0;0;0;0;0;0;0;0;0;0;0;0;0;0;0;0;0;0;0;0;0;0;0;0;0;0;0;0
04.05.2024;01:51;A 38;1;2;1;0;0;1;10;0;0;0;0;0;0;1;2;0;0;0;0;0;0;0;0;0;0;0;0;0;0;0;0;0;0;0;0;0;0;0;0;0;0;0;0;0;0;0;0;0;0;0;0
04.05.2024;01:50;A 38;1;0;0;0;0;0;0;0;0;0;0;0;0;0;0;0;0;0;0;0;0;0;0;0;0;0;0;0;0;0;0;0;0;0;0;0;0;0;0;0;0;0;0;0;0;0;0;0;0;0;0
04.05.2024;01:49;A 38;1;0;0;0;0;0;0;0;0;0;0;0;0;0;0;0;0;0;0;0;0;0;0;0;0;0;0;0;0;0;0;0;0;0;0;0;0;0;0;0;0;0;0;0;0;0;0;0;0;0;0
04.05.2024;01:48;A 38;1;0;0;0;0;0;0;0;0;0;0;0;0;0;0;0;0;0;0;0;0;0;0;0;0;0;0;0;0;0;0;0;0;0;0;0;0;0;0;0;0;0;0;0;0;0;0;0;0;0;0
04.05.2024;01:47;A 38;1;0;0;0;0;0;0;0;0;0;0;0;0;0;0;0;0;0;0;0;0;0;0;0;0;0;0;0;0;0;0;0;0;0;0;0;0;0;0;0;0;0;0;0;0;0;0;0;0;0;0
04.05.2024;01:46;A 38;1;2;1;0;0;2;11;0;0;2;1;0;0;2;10;0;0;0;0;0;0;0;0;0;0;0;0;0;0;0;0;0;0;0;0;0;0;0;0;0;0;0;0;0;0;0;0;0;0;0;0
04.05.2024;01:45;A 38;1;0;0;0;0;0;0;0;0;0;0;0;0;0;0;0;0;0;0;0;0;0;0;0;0;0;0;2;1;1;1;2;12;0;0;0;0;0;0;0;0;0;0;0;0;0;0;0;0;0;0
04.05.2024;01:44;A 38;1;0;0;0;0;0;0;0;0;0;0;0;0;0;0;0;0;0;0;0;0;0;0;0;0;1;0;1;0;0;0;1;4;0;0;0;0;0;0;0;0;0;0;0;0;0;0;0;0;0;0
04.05.2024;01:43;A 38;1;0;0;0;0;0;0;0;0;1;1;1;0;1;4;0;0;0;0;0;0;0;0;0;0;0;0;1;0;0;0;1;5;0;0;0;0;0;0;0;0;0;0;0;0;0;0;0;0;0;0
04.05.2024;01:42;A 38;1;1;0;0;0;2;5;0;0;0;0;0;0;0;0;0;0;0;0;0;0;0;0;0;0;0;0;0;0;0;0;0;0;0;0;0;0;0;0;0;0;0;0;0;0;0;0;0;0;0;0
04.05.2024;01:41;A 38;1;1;0;0;0;1;4;0;0;1;0;0;0;1;5;0;0;0;0;0;0;0;0;0;0;0;0;0;0;0;0;0;0;0;0;0;0;0;0;0;0;0;0;0;0;0;0;0;0;0;0
04.05.2024;01:40;A 38;1;0;0;0;0;0;0;0;0;0;0;0;0;0;0;0;0;0;0;0;0;0;0;0;0;0;0;0;0;0;0;0;0;0;0;0;0;0;0;0;0;0;0;0;0;0;0;0;0;0;0
04.05.2024;01:39;A 38;1;2;1;0;0;1;9;0;0;2;1;0;0;1;9;0;0;0;0;0;0;0;0;0;0;1;0;1;0;1;1;2;0;0;0;0;0;0;0;0;0;0;0;0;0;0;0;0;0;0;0
04.05.2024;01:38;A 38;1;0;0;0;0;0;0;0;0;0;0;0;0;0;0;0;0;0;0;0;0;0;0;0;0;0;0;1;0;0;0;2;4;0;0;0;0;0;0;0;0;0;0;0;0;0;0;0;0;0;0
04.05.2024;01:37;A 38;1;1;0;0;0;2;6;0;0;1;0;0;0;1;3;0;0;0;0;0;0;0;0;0;0;1;0;2;2;0;0;2;13;0;0;0;0;0;0;0;0;0;0;0;0;0;0;0;0;0;0
04.05.2024;01:36;A 38;1;0;0;0;0;0;0;0;0;0;0;0;0;0;0;0;0;0;0;0;0;0;0;0;0;0;0;2;34;0;0;2;15;0;0;0;0;0;0;0;0;1;5;2;7;0;0;0;0;0;0
04.05.2024;01:35;A 38;1;3;2;0;0;3;13;0;0;2;1;1;0;2;9;1;2;0;0;0;0;0;0;0;0;0;0;0;0;0;0;0;0;0;0;0;0;0;0;0;0;0;0;0;0;0;0;0;0;0;0
04.05.2024;01:34;A 38;1;0;0;0;0;0;0;0;0;0;0;0;0;0;0;0;0;0;0;0;0;0;0;0;0;0;0;0;0;0;0;0;0;0;0;0;0;0;0;0;0;0;0;0;0;0;0;0;0;0;0
04.05.2024;01:33;A 38;1;2;1;0;0;4;6;0;0;2;1;1;0;3;6;1;0;0;0;0;0;0;0;0;0;0;0;0;0;0;0;0;0;0;0;0;0;0;0;0;0;0;0;0;0;0;0;0;0;0;0
04.05.2024;01:32;A 38;1;0;0;0;0;0;0;0;0;0;0;0;0;0;0;0;0;0;0;0;0;0;0;0;0;0;0;1;0;0;0;1;3;0;0;0;0;0;0;0;0;0;0;0;0;0;0;0;0;0;0
04.05.2024;01:31;A 38;1;0;0;0;0;0;0;0;0;0;0;0;0;0;0;0;0;0;0;0;0;0;0;0;0;0;0;0;0;0;0;0;0;0;0;0;0;0;0;0;0;0;0;0;0;0;0;0;0;0;0
04.05.2024;01:30;A 38;1;0;0;0;0;0;0;0;0;0;0;0;0;0;0;0;0;0;0;0;0;0;0;0;0;0;0;1;0;1;2;1;8;0;0;0;0;0;0;0;0;0;0;0;0;0;0;0;0;0;0
04.05.2024;01:29;A 38;1;0;0;0;0;0;0;0;0;0;0;0;0;0;0;0;0;0;0;0;0;0;0;0;0;1;0;1;0;1;4;1;2;0;0;0;0;0;0;0;0;0;0;0;0;0;0;0;0;0;0
04.05.2024;01:28;A 38;1;0;0;0;0;0;0;0;0;0;0;0;0;0;0;0;0;0;0;0;0;0;0;0;0;0;0;0;0;0;0;0;0;0;0;0;0;0;0;0;0;0;0;0;0;0;0;0;0;0;0
04.05.2024;01:27;A 38;1;0;0;0;0;0;0;0;0;0;0;0;0;0;0;0;0;0;0;0;0;0;0;0;0;0;0;0;0;0;0;0;0;0;0;0;0;0;0;0;0;0;0;0;0;0;0;0;0;0;0
04.05.2024;01:26;A 38;1;2;1;0;0;1;8;0;0;2;2;1;0;2;8;0;0;0;0;0;0;0;0;0;0;0;0;0;0;0;0;0;0;0;0;0;0;0;0;0;0;0;0;0;0;0;0;0;0;0;0
04.05.2024;01:25;A 38;1;0;0;0;0;0;0;0;0;0;0;0;0;0;0;0;0;0;0;0;0;0;0;0;0;1;0;3;2;1;3;3;10;0;0;0;0;0;0;0;0;0;0;0;0;0;0;0;0;0;0
04.05.2024;01:24;A 38;1;1;0;0;0;1;5;0;0;1;0;0;0;1;5;0;0;0;0;0;0;0;0;0;0;1;0;1;28;0;0;2;10;0;0;0;0;0;0;0;0;0;0;0;0;1;6;0;0;0;0
04.05.2024;01:23;A 38;1;0;0;0;0;0;0;0;0;0;0;0;0;0;0;0;0;0;0;0;0;0;0;0;0;0;0;1;46;0;0;1;12;0;0;0;0;0;0;0;0;0;0;0;0;0;0;0;0;0;0
04.05.2024;01:22;A 38;1;3;2;0;0;2;13;0;0;3;1;3;0;3;9;1;2;0;0;0;0;0;0;0;0;1;0;1;0;0;0;1;6;0;0;0;0;0;0;0;0;0;0;0;0;0;0;0;0;0;0
04.05.2024;01:21;A 38;1;0;0;0;0;0;0;0;0;0;0;0;0;0;0;0;0;0;0;0;0;0;0;0;0;0;0;2;2;0;0;1;10;0;0;0;0;0;0;0;0;0;0;0;0;0;0;0;0;0;0
04.05.2024;01:20;A 38;1;1;0;0;0;2;5;0;0;1;0;0;0;1;2;0;0;0;0;0;0;0;0;0;0;0;0;0;0;0;0;0;0;0;0;0;0;0;0;0;0;0;0;0;0;0;0;0;0;0;0
04.05.2024;01:19;A 38;1;0;0;0;0;0;0;0;0;0;0;0;0;0;0;0;0;0;0;0;0;0;0;0;0;1;0;2;1;0;0;1;14;0;0;0;0;0;0;0;0;0;0;0;0;0;0;0;0;0;0
04.05.2024;01:18;A 38;1;1;0;0;0;1;5;0;0;1;0;0;0;1;5;0;0;0;0;0;0;0;0;0;0;0;0;1;0;0;0;2;6;0;0;0;0;0;0;0;0;0;0;0;0;0;0;0;0;0;0
04.05.2024;01:17;A 38;1;2;1;0;0;3;10;0;0;2;1;1;0;2;9;0;0;0;0;0;0;0;0;0;0;0;0;2;0;0;0;1;8;0;0;0;0;0;0;0;0;0;0;0;0;0;0;0;0;0;0
04.05.2024;01:16;A 38;1;0;0;0;0;0;0;0;0;0;0;0;0;0;0;0;0;0;0;0;0;0;0;0;0;0;0;1;0;0;0;1;5;0;0;0;0;0;0;0;0;0;0;0;0;0;0;0;0;0;0
04.05.2024;01:15;A 38;1;1;0;0;0;1;3;0;0;1;0;1;0;1;2;0;0;0;0;0;0;0;0;0;0;1;0;1;1;1;4;1;3;0;0;0;0;0;0;0;0;0;0;0;0;0;0;0;0;0;0
04.05.2024;01:14;A 38;1;0;0;0;0;0;0;0;0;0;0;0;0;0;0;0;0;0;0;0;0;0;0;0;0;0;0;1;0;0;0;2;6;0;0;0;0;0;0;0;0;0;0;0;0;0;0;0;0;0;0
04.05.2024;01:13;A 38;1;3;2;0;0;2;13;0;0;3;2;1;0;2;13;0;0;0;0;0;0;0;0;0;0;0;0;1;0;1;4;1;3;0;0;0;0;0;0;0;0;0;0;0;0;0;0;0;0;0;0
04.05.2024;01:12;A 38;1;0;0;0;0;0;0;0;0;0;0;0;0;0;0;0;0;0;0;0;0;0;0;0;0;0;0;0;0;0;0;0;0;0;0;0;0;0;0;0;0;0;0;0;0;0;0;0;0;0;0
04.05.2024;01:11;A 38;1;1;0;0;0;2;4;0;0;1;0;0;0;1;3;0;0;0;0;0;0;0;0;0;0;1;0;1;1;0;0;1;7;0;0;0;0;0;0;0;0;0;0;0;0;0;0;0;0;0;0
04.05.2024;01:10;A 38;1;0;0;0;0;0;0;0;0;0;0;0;0;0;0;0;0;0;0;0;0;0;0;0;0;0;0;2;1;1;1;2;11;0;0;0;0;0;0;0;0;0;0;0;0;0;0;0;0;0;0
04.05.2024;01:09;A 38;1;0;0;0;0;0;0;0;0;0;0;0;0;0;0;0;0;0;0;0;0;0;0;0;0;0;0;0;0;0;0;0;0;0;0;0;0;0;0;0;0;0;0;0;0;0;0;0;0;0;0
04.05.2024;01:08;A 38;1;2;1;0;0;0;2;0;0;2;1;0;0;1;8;0;0;0;0;1;0;0;0;0;0;1;1;1;0;1;5;1;7;0;0;0;0;0;0;0;0;0;0;0;0;0;0;0;0;0;0
04.05.2024;01:07;A 38;1;0;40;0;0;2;46;0;41;1;2;5;1;1;6;0;0;0;0;0;0;0;0;0;0;0;0;3;65;0;0;1;17;0;0;0;0;0;0;0;0;1;6;1;6;0;0;0;0;0;0
04.05.2024;01:06;A 38;1;1;18;0;0;1;28;1;19;0;0;0;0;0;0;0;0;0;0;0;0;0;0;0;0;1;0;1;0;3;13;2;10;0;0;0;0;0;0;0;0;0;0;0;0;0;0;0;0;0;0
04.05.2024;01:05;A 38;1;0;0;0;0;0;0;0;0;0;0;0;0;0;0;0;0;0;0;0;0;0;0;0;0;1;0;2;1;0;0;2;13;0;0;0;0;0;0;0;0;0;0;0;0;0;0;0;0;0;0
04.05.2024;01:04;A 38;1;0;0;0;0;0;0;0;0;0;0;0;0;0;0;0;0;0;0;0;0;0;0;0;0;0;0;0;0;0;0;0;0;0;0;0;0;0;0;0;0;0;0;0;0;0;0;0;0;0;0
04.05.2024;01:03;A 38;1;0;0;0;0;0;0;0;0;0;0;0;0;0;0;0;0;0;0;0;0;0;0;0;0;0;0;0;0;0;0;0;0;0;0;0;0;0;0;0;0;0;0;0;0;0;0;0;0;0;0
04.05.2024;01:02;A 38;1;0;0;0;0;0;0;0;0;0;0;0;0;0;0;0;0;0;0;0;0;0;0;0;0;0;0;2;1;0;0;2;12;0;0;0;0;0;0;0;0;0;0;0;0;0;0;0;0;0;0
04.05.2024;01:01;A 38;1;0;0;0;0;0;0;0;0;0;0;0;0;0;0;0;0;0;0;0;0;0;0;0;0;1;0;1;0;1;1;2;2;0;0;0;0;0;0;0;0;0;0;0;0;0;0;0;0;0;0
04.05.2024;01:00;A 38;1;1;0;0;0;2;4;0;0;1;0;0;0;1;3;0;0;0;0;0;0;0;0;0;0;1;0;1;0;0;0;2;7;0;0;0;0;0;0;0;0;0;0;0;0;0;0;0;0;0;0
04.05.2024;00:59;A 38;1;1;1;0;0;2;5;0;0;1;1;0;0;1;3;0;0;0;0;0;0;0;0;0;0;0;0;0;0;0;0;0;0;0;0;0;0;0;0;0;0;0;0;0;0;0;0;0;0;0;0
04.05.2024;00:58;A 38;1;0;0;0;0;0;0;0;0;0;0;0;0;0;0;0;0;0;0;0;0;0;0;0;0;0;0;2;1;0;0;2;13;0;0;0;0;0;0;0;0;0;0;0;0;0;0;0;0;0;0
04.05.2024;00:57;A 38;1;0;0;0;0;0;0;0;0;0;0;0;0;0;0;0;0;0;0;0;0;0;0;0;0;0;0;1;0;0;0;2;3;0;0;0;0;0;0;0;0;0;0;0;0;0;0;0;0;0;0
04.05.2024;00:56;A 38;1;1;0;0;0;1;2;0;0;1;0;0;0;1;2;0;0;0;0;0;0;0;0;0;0;0;0;0;0;0;0;0;0;0;0;0;0;0;0;0;0;0;0;0;0;0;0;0;0;0;0
04.05.2024;00:55;A 38;1;1;0;0;0;1;8;0;0;1;0;0;0;1;5;0;0;0;0;0;0;0;0;0;0;0;0;1;82;0;0;0;7;0;0;0;0;0;0;0;0;0;0;0;0;1;7;0;0;0;0
04.05.2024;00:54;A 38;1;0;0;0;0;0;0;0;0;0;0;0;0;0;0;0;0;0;0;0;0;0;0;0;0;2;0;4;3;3;3;3;20;0;0;0;0;0;0;0;0;0;0;0;0;0;0;0;0;0;0
04.05.2024;00:53;A 38;1;3;2;0;0;2;9;0;0;3;2;0;0;1;8;0;0;0;0;0;0;0;0;0;0;0;0;1;1;0;0;1;8;0;0;0;0;0;0;0;0;0;0;0;0;0;0;0;0;0;0
04.05.2024;00:52;A 38;1;0;0;0;0;0;0;0;0;0;0;0;0;0;0;0;0;0;0;0;0;0;0;0;0;0;0;1;0;0;0;1;6;0;0;0;0;0;0;0;0;0;0;0;0;0;0;0;0;0;0
04.05.2024;00:51;A 38;1;2;1;0;0;3;10;0;0;2;1;0;0;2;8;0;0;0;0;0;0;0;0;0;0;0;0;1;1;0;0;1;6;0;0;0;0;0;0;0;0;0;0;0;0;0;0;0;0;0;0
04.05.2024;00:50;A 38;1;1;0;0;0;2;4;0;0;1;0;0;0;1;4;0;0;0;0;0;0;0;0;0;0;0;0;2;1;0;0;3;11;0;0;0;0;0;0;0;0;0;0;0;0;0;0;0;0;0;0
04.05.2024;00:49;A 38;1;0;0;0;0;0;0;0;0;0;0;0;0;0;0;0;0;0;0;0;0;0;0;0;0;1;0;4;3;0;0;4;18;0;0;0;0;0;0;0;0;0;0;0;0;0;0;0;0;0;0
04.05.2024;00:48;A 38;1;0;0;0;0;0;0;0;0;0;0;0;0;0;0;0;0;0;0;0;0;0;0;0;0;1;0;4;2;1;1;5;23;0;0;0;0;0;0;0;0;0;0;0;0;0;0;0;0;0;0
04.05.2024;00:47;A 38;1;0;0;0;0;0;0;0;0;0;0;0;0;0;0;0;0;0;0;0;0;0;0;0;0;0;0;2;1;0;0;2;14;0;0;0;0;0;0;0;0;0;0;0;0;0;0;0;0;0;0
04.05.2024;00:46;A 38;1;3;2;0;0;3;12;0;0;3;2;0;0;4;10;0;0;0;0;0;0;0;0;0;0;1;1;1;0;1;5;0;0;0;0;0;0;0;0;0;0;0;0;0;0;0;0;0;0;0;0
04.05.2024;00:45;A 38;1;0;0;0;0;1;2;0;0;0;0;0;0;0;0;0;0;0;0;0;0;0;0;0;0;1;0;2;1;0;0;3;13;0;0;0;0;0;0;0;0;0;0;0;0;0;0;0;0;0;0
04.05.2024;00:44;A 38;1;0;0;0;0;0;0;0;0;0;0;0;0;0;0;0;0;0;0;0;0;0;0;0;0;1;0;2;1;0;0;0;6;0;0;0;0;0;0;0;0;0;0;0;0;0;0;0;0;0;0
04.05.2024;00:43;A 38;1;0;0;0;0;0;0;0;0;0;0;0;0;0;0;0;0;0;0;0;0;0;0;0;0;0;0;0;0;0;0;1;3;0;0;0;0;0;0;0;0;0;0;0;0;0;0;0;0;0;0
04.05.2024;00:42;A 38;1;2;1;0;0;4;10;0;0;2;1;0;0;2;7;0;0;0;0;0;0;0;0;0;0;0;0;0;0;0;0;0;0;0;0;0;0;0;0;0;0;0;0;0;0;0;0;0;0;0;0
04.05.2024;00:41;A 38;1;0;0;0;0;0;0;0;0;0;0;0;0;0;0;0;0;0;0;0;0;0;0;0;0;1;0;1;0;1;5;2;2;0;0;0;0;0;0;0;0;0;0;0;0;0;0;0;0;0;0
04.05.2024;00:40;A 38;1;2;1;1;0;1;9;0;0;1;0;1;0;1;5;1;3;0;0;0;0;0;0;0;0;0;0;0;0;0;0;0;0;0;0;0;0;0;0;0;0;0;0;0;0;0;0;0;0;0;0
04.05.2024;00:39;A 38;1;0;0;0;0;0;0;0;0;0;0;0;0;0;0;0;0;0;0;0;0;0;0;0;0;0;0;0;0;0;0;0;0;0;0;0;0;0;0;0;0;0;0;0;0;0;0;0;0;0;0
04.05.2024;00:38;A 38;1;1;1;0;0;2;9;0;0;2;4;0;0;1;11;0;0;0;0;0;0;0;0;0;0;0;0;2;1;0;0;1;9;0;0;0;0;0;0;0;0;0;0;0;0;0;0;0;0;0;0
04.05.2024;00:37;A 38;1;0;0;0;0;0;0;0;0;1;2;0;0;1;5;0;0;1;22;0;0;4;8;0;0;0;0;5;25;0;0;1;37;0;0;0;0;0;0;0;0;1;6;0;1;0;0;0;0;0;0
04.05.2024;00:36;A 38;1;2;2;0;0;1;10;0;0;2;10;0;0;2;14;0;0;1;17;0;0;2;2;0;0;0;0;1;25;0;0;1;35;0;0;0;0;0;0;0;0;0;0;1;6;0;0;0;0;0;0
04.05.2024;00:35;A 38;1;0;0;0;0;0;0;0;0;0;0;0;0;0;0;0;0;0;0;0;0;0;0;0;0;0;0;0;0;0;0;0;0;0;0;0;0;0;0;0;0;0;0;0;0;0;0;0;0;0;0
04.05.2024;00:34;A 38;1;0;0;0;0;0;0;0;0;0;0;0;0;0;0;0;0;0;0;0;0;0;0;0;0;0;0;0;0;0;0;0;0;0;0;0;0;0;0;0;0;0;0;0;0;0;0;0;0;0;0
04.05.2024;00:33;A 38;1;1;1;0;0;2;6;0;0;1;0;0;0;1;2;0;0;0;0;0;0;0;0;0;0;0;0;1;0;0;0;1;6;0;0;0;0;0;0;0;0;0;0;0;0;0;0;0;0;0;0
04.05.2024;00:32;A 38;1;0;0;0;0;0;0;0;0;0;0;0;0;0;0;0;0;0;0;0;0;0;0;0;0;0;0;0;0;0;0;0;0;0;0;0;0;0;0;0;0;0;0;0;0;0;0;0;0;0;0
04.05.2024;00:31;A 38;1;1;37;0;0;1;7;0;0;2;14;0;0;2;12;0;0;1;27;0;0;5;4;0;0;0;0;4;32;1;1;3;27;0;0;0;0;0;0;0;0;0;0;0;0;0;0;0;0;0;0
04.05.2024;00:30;A 38;1;0;0;0;0;0;0;0;0;0;0;0;0;0;0;0;0;0;0;0;0;0;0;0;0;1;0;3;2;1;3;4;15;0;0;0;0;0;0;0;0;0;0;0;0;0;0;0;0;0;0
04.05.2024;00:29;A 38;1;1;1;0;0;2;7;0;0;1;1;0;0;1;7;0;0;0;0;0;0;0;0;0;0;0;0;0;0;0;0;0;0;0;0;0;0;0;0;0;0;0;0;0;0;0;0;0;0;0;0
04.05.2024;00:28;A 38;1;0;0;0;0;0;0;0;0;0;0;0;0;0;0;0;0;0;0;0;0;0;0;0;0;1;0;2;1;0;0;2;13;0;0;0;0;0;0;0;0;0;0;0;0;0;0;0;0;0;0
04.05.2024;00:27;A 38;1;2;1;0;0;2;8;0;0;2;1;1;0;1;8;0;0;0;0;0;0;0;0;0;0;0;0;5;4;0;0;0;0;0;0;0;0;0;0;0;0;0;0;0;0;1;7;0;0;0;0
04.05.2024;00:26;A 38;1;0;0;0;0;0;0;0;0;0;0;0;0;0;0;0;0;0;0;0;0;0;0;0;0;0;0;0;0;0;0;0;0;0;0;0;0;0;0;0;0;0;0;0;0;0;0;0;0;0;0
04.05.2024;00:25;A 38;1;0;0;0;0;0;0;0;0;0;0;0;0;0;0;0;0;0;0;0;0;0;0;0;0;0;0;1;0;0;0;2;3;0;0;0;0;0;0;0;0;0;0;0;0;0;0;0;0;0;0
04.05.2024;00:24;A 38;1;0;0;0;0;0;0;0;0;0;0;0;0;0;0;0;0;0;0;0;0;0;0;0;0;0;0;1;0;0;0;1;7;0;0;0;0;0;0;0;0;0;0;0;0;0;0;0;0;0;0
04.05.2024;00:23;A 38;1;1;0;0;0;2;3;0;0;1;0;0;0;1;2;0;0;0;0;0;0;0;0;0;0;0;0;0;0;0;0;0;0;0;0;0;0;0;0;0;0;0;0;0;0;0;0;0;0;0;0
04.05.2024;00:22;A 38;1;4;4;0;0;2;20;0;0;4;3;0;0;2;17;0;0;0;0;0;0;0;0;0;0;0;0;1;0;0;0;2;5;0;0;0;0;0;0;0;0;0;0;0;0;0;0;0;0;0;0
04.05.2024;00:21;A 38;1;0;0;0;0;0;0;0;0;0;0;0;0;0;0;0;0;0;0;0;0;0;0;0;0;0;0;1;1;0;0;3;12;0;0;0;0;0;0;0;0;0;0;0;0;0;0;0;0;0;0
04.05.2024;00:20;A 38;1;0;0;0;0;0;0;0;0;0;0;0;0;0;0;0;0;0;0;1;0;0;0;0;0;0;0;1;39;0;0;2;11;0;0;0;0;0;0;0;0;0;0;0;0;0;0;0;0;0;0
04.05.2024;00:19;A 38;1;0;0;0;0;0;0;0;0;0;0;0;0;0;0;0;0;0;0;0;0;0;0;0;0;1;0;3;2;2;3;1;10;0;0;0;0;0;0;0;0;0;0;0;0;0;0;0;0;0;0
04.05.2024;00:18;A 38;1;3;2;0;0;5;14;0;0;3;2;0;0;3;10;0;0;0;0;0;0;0;0;0;0;0;0;1;0;0;0;1;5;0;0;0;0;0;0;0;0;0;0;0;0;0;0;0;0;0;0
04.05.2024;00:17;A 38;1;1;0;0;0;2;4;0;0;1;0;0;0;1;2;0;0;0;0;0;0;0;0;0;0;0;0;1;0;0;0;1;7;0;0;0;0;0;0;0;0;0;0;0;0;0;0;0;0;0;0
04.05.2024;00:16;A 38;1;1;0;0;0;2;5;0;0;1;0;0;0;1;3;0;0;0;0;0;0;0;0;0;0;0;0;2;1;0;0;1;11;0;0;0;0;0;0;0;0;0;0;0;0;0;0;0;0;0;0
04.05.2024;00:15;A 38;1;2;1;0;0;1;12;0;0;2;1;0;0;1;6;0;0;0;0;0;0;0;0;0;0;0;0;0;0;0;0;1;3;0;0;0;0;0;0;0;0;0;0;0;0;0;0;0;0;0;0
04.05.2024;00:14;A 38;1;0;0;0;0;0;0;0;0;0;0;0;0;0;0;0;0;0;0;0;0;0;0;0;0;0;0;0;0;0;0;0;0;0;0;0;0;0;0;0;0;0;0;0;0;0;0;0;0;0;0
04.05.2024;00:13;A 38;1;2;2;0;0;2;11;0;0;2;2;1;0;1;9;0;0;0;0;0;0;0;0;0;0;2;1;1;0;1;5;1;5;0;0;0;0;0;0;0;0;0;0;0;0;0;0;0;0;0;0
04.05.2024;00:12;A 38;1;0;0;0;0;0;0;0;0;0;0;0;0;0;0;0;0;0;0;0;0;0;0;0;0;1;0;1;0;1;5;1;0;0;0;0;0;0;0;0;0;0;0;0;0;0;0;0;0;0;0
04.05.2024;00:11;A 38;1;2;1;0;0;2;10;0;0;2;1;0;0;1;10;0;0;0;0;0;0;0;0;0;0;0;0;1;0;0;0;1;4;0;0;0;0;0;0;0;0;0;0;0;0;0;0;0;0;0;0
04.05.2024;00:10;A 38;1;0;0;0;0;0;0;0;0;0;0;0;0;0;0;0;0;0;0;0;0;0;0;0;0;1;0;3;2;0;0;4;21;0;0;0;0;0;0;0;0;0;0;0;0;0;0;0;0;0;0
04.05.2024;00:09;A 38;1;0;0;0;0;0;0;0;0;0;0;1;13;0;0;1;22;0;0;0;37;0;0;0;0;0;0;3;62;0;0;2;72;0;0;0;0;0;0;0;0;0;0;0;0;0;0;0;0;0;0
04.05.2024;00:08;A 38;1;0;0;0;0;0;0;0;0;4;3;1;0;0;8;1;2;0;0;1;17;0;0;3;3;1;6;4;69;1;7;4;83;0;0;0;0;0;0;0;0;3;5;1;7;0;0;0;0;0;0
04.05.2024;00:07;A 38;1;5;68;0;0;2;27;0;0;1;0;0;0;1;9;0;0;0;0;1;0;0;0;0;0;1;22;0;0;1;6;0;0;0;0;0;0;0;0;0;0;0;0;0;0;0;0;0;0;0;0
04.05.2024;00:06;A 38;1;0;0;0;0;0;0;0;0;0;0;0;0;0;0;0;0;0;0;0;0;0;0;0;0;1;1;1;1;1;6;0;2;0;0;0;0;0;0;0;0;0;0;0;0;0;0;0;0;0;0
04.05.2024;00:05;A 38;1;4;4;0;0;3;21;0;0;4;3;2;0;4;18;0;0;0;0;0;0;0;0;0;0;0;0;2;1;0;0;4;19;0;0;0;0;0;0;0;0;0;0;0;0;0;0;0;0;0;0
04.05.2024;00:04;A 38;1;0;0;0;0;0;0;0;0;0;0;0;0;0;0;0;0;0;0;0;0;0;0;0;0;0;0;0;0;0;0;0;0;0;0;0;0;0;0;0;0;0;0;0;0;0;0;0;0;0;0
04.05.2024;00:03;A 38;1;1;0;0;0;1;4;0;0;2;1;0;0;2;5;0;0;0;0;0;0;0;0;0;0;0;0;1;0;0;0;1;7;0;0;0;0;0;0;0;0;0;0;0;0;0;0;0;0;0;0
04.05.2024;00:02;A 38;1;1;0;0;0;2;2;0;0;0;0;0;0;0;0;0;0;0;0;0;0;0;0;0;0;2;0;6;5;0;0;5;32;0;0;0;0;0;0;0;0;0;0;0;0;0;0;0;0;0;0
04.05.2024;00:01;A 38;1;2;2;0;0;4;14;0;0;2;1;0;0;1;11;0;0;0;0;0;0;0;0;0;0;0;0;1;0;0;0;1;5;0;0;0;0;0;0;0;0;0;0;0;0;0;0;0;0;0;0
04.05.2024;00:00;A 38;1;0;0;0;0;0;0;0;0;0;0;0;0;0;0;0;0;0;0;0;0;0;0;0;0;2;1;4;3;1;6;3;23;0;0;0;0;0;0;0;0;0;0;0;0;0;0;0;0;0;0
03.05.2024;23:59;A 38;1;1;0;0;0;1;5;0;0;1;0;0;0;1;3;0;0;0;0;0;0;0;0;0;0;0;0;0;0;0;0;0;0;0;0;0;0;0;0;0;0;0;0;0;0;0;0;0;0;0;0
03.05.2024;23:58;A 38;1;0;0;0;0;0;0;0;0;0;0;0;0;0;0;0;0;0;0;0;0;0;0;0;0;0;0;0;0;0;0;0;0;0;0;0;0;0;0;0;0;0;0;0;0;0;0;0;0;0;0
03.05.2024;23:57;A 38;1;1;0;0;0;1;4;0;0;1;0;0;0;1;4;0;0;0;0;0;0;0;0;0;0;1;0;1;0;0;0;1;5;0;0;0;0;0;0;0;0;0;0;0;0;0;0;0;0;0;0
03.05.2024;23:56;A 38;1;0;0;0;0;0;0;0;0;1;0;0;0;0;0;0;0;0;0;0;0;0;0;0;0;1;0;1;0;0;0;1;6;0;0;0;0;0;0;0;0;0;0;0;0;0;0;0;0;0;0
03.05.2024;23:55;A 38;1;2;1;0;0;3;9;0;0;1;0;0;0;2;8;0;0;0;0;0;0;0;0;0;0;1;0;6;6;1;5;3;15;0;0;0;0;0;0;0;0;0;0;0;0;1;6;0;0;0;0
03.05.2024;23:54;A 38;1;0;0;0;0;0;0;0;0;0;0;0;0;0;0;0;0;0;0;0;0;0;0;0;0;0;0;0;0;0;0;0;0;0;0;0;0;0;0;0;0;0;0;0;0;0;0;0;0;0;0
03.05.2024;23:53;A 38;1;0;0;0;0;0;0;0;0;0;0;0;0;0;0;0;0;0;0;0;0;0;0;0;0;0;0;4;3;0;0;4;25;0;0;0;0;0;0;0;0;0;0;0;0;0;0;0;0;0;0
03.05.2024;23:52;A 38;1;1;0;0;0;1;5;0;0;1;0;1;0;1;4;1;2;0;0;0;0;0;0;0;0;2;0;4;3;2;10;6;16;0;0;0;0;0;0;0;0;0;0;0;0;0;0;0;0;0;0
03.05.2024;23:51;A 38;1;2;1;0;0;4;8;0;0;1;0;0;0;1;4;0;0;0;0;0;0;0;0;0;0;0;0;3;2;1;2;3;18;0;0;0;0;0;0;0;0;0;0;0;0;0;0;0;0;0;0
03.05.2024;23:50;A 38;1;2;1;0;0;2;8;0;0;2;1;0;0;1;7;0;0;0;0;0;0;0;0;0;0;0;0;1;0;0;0;1;7;0;0;0;0;0;0;0;0;0;0;0;0;0;0;0;0;0;0
03.05.2024;23:49;A 38;1;0;0;0;0;0;0;0;0;0;0;0;0;0;0;0;0;0;0;0;0;0;0;0;0;0;0;1;0;2;5;2;2;0;0;0;0;0;0;0;0;0;0;0;0;0;0;0;0;0;0
03.05.2024;23:48;A 38;1;4;4;0;0;1;20;0;0;4;3;1;12;1;14;1;3;0;0;0;16;0;0;0;0;1;0;2;1;0;0;1;11;0;0;0;0;0;0;0;0;0;0;0;0;0;0;0;0;0;0
03.05.2024;23:47;A 38;1;0;0;0;0;0;0;0;0;0;0;0;0;0;0;0;0;0;0;1;21;0;0;0;0;2;0;2;1;1;0;2;9;0;0;0;0;0;0;0;0;0;0;0;0;0;0;0;0;0;0
03.05.2024;23:46;A 38;1;0;0;0;0;0;0;0;0;0;0;0;0;0;0;0;0;0;0;0;0;0;0;0;0;2;0;3;2;3;5;5;12;0;0;0;0;0;0;0;0;0;0;0;0;0;0;0;0;0;0
03.05.2024;23:45;A 38;1;0;0;0;0;0;0;0;0;0;0;0;0;0;0;0;0;0;0;0;0;0;0;0;0;0;0;2;1;0;0;3;15;0;0;0;0;0;0;0;0;0;0;0;0;0;0;0;0;0;0
03.05.2024;23:44;A 38;1;3;2;1;0;1;12;0;0;2;1;1;0;2;9;1;2;0;0;0;0;0;0;0;0;0;0;0;0;0;0;0;0;0;0;0;0;0;0;0;0;0;0;0;0;0;0;0;0;0;0
03.05.2024;23:43;A 38;1;1;0;0;0;1;5;0;0;1;0;0;0;2;5;0;0;0;0;0;0;0;0;0;0;0;0;1;0;1;4;1;5;0;0;0;0;0;0;0;0;0;0;0;0;0;0;0;0;0;0
03.05.2024;23:42;A 38;1;2;44;0;0;3;54;0;0;3;3;0;0;2;17;0;0;0;18;0;0;0;0;0;0;0;0;0;0;0;0;0;0;0;0;0;0;0;0;0;0;0;0;0;0;0;0;0;0;0;0
03.05.2024;23:41;A 38;1;3;2;0;0;2;15;0;0;3;2;1;0;3;12;0;0;1;14;0;0;3;4;0;0;1;0;5;3;1;1;4;24;0;0;0;0;0;0;0;0;0;0;0;0;0;0;0;0;0;0
03.05.2024;23:40;A 38;1;1;0;0;0;1;2;0;0;2;1;0;0;1;5;0;0;0;0;0;0;0;0;0;0;0;0;3;2;0;0;3;13;0;0;0;0;0;0;0;0;0;0;0;0;0;0;0;0;0;0
03.05.2024;23:39;A 38;1;6;5;0;0;2;26;0;0;5;4;0;0;1;21;0;0;0;0;0;0;0;0;0;0;0;0;0;0;0;0;0;0;0;0;0;0;0;0;0;0;1;0;0;0;0;0;0;0;0;0
03.05.2024;23:38;A 38;1;0;0;0;0;0;0;0;0;0;0;0;0;0;0;0;0;0;0;0;0;0;0;0;0;0;0;1;0;1;1;1;6;0;0;0;0;0;0;0;0;1;4;2;10;0;0;0;0;0;0
03.05.2024;23:37;A 38;1;0;0;0;0;0;0;0;0;0;0;0;0;0;0;0;0;0;0;0;0;0;0;0;0;0;0;1;0;0;0;1;5;0;0;0;0;0;0;0;0;0;0;0;0;0;0;0;0;0;0
03.05.2024;23:36;A 38;1;0;0;0;0;0;0;0;0;0;0;0;0;0;0;0;0;0;0;0;0;0;0;0;0;1;0;1;0;1;4;1;5;0;0;0;0;0;0;0;0;0;0;0;0;0;0;0;0;0;0
03.05.2024;23:35;A 38;1;1;0;0;0;2;4;0;0;1;0;0;0;1;4;0;0;0;0;0;0;0;0;0;0;0;0;0;0;0;0;0;0;0;0;0;0;0;0;0;0;0;0;0;0;0;0;0;0;0;0
03.05.2024;23:34;A 38;1;0;0;0;0;0;0;0;0;0;0;0;0;0;0;0;0;0;0;0;0;0;0;0;0;1;0;3;2;0;0;2;16;0;0;0;0;0;0;0;0;0;0;0;0;0;0;0;0;0;0
03.05.2024;23:33;A 38;1;2;1;0;0;4;8;0;0;2;1;0;0;3;7;0;0;0;0;0;0;0;0;0;0;0;0;3;2;0;0;3;18;0;0;0;0;0;0;0;0;0;0;0;0;0;0;0;0;0;0
03.05.2024;23:32;A 38;1;2;1;0;0;0;2;0;0;3;2;0;0;1;8;0;0;0;0;0;0;0;0;0;0;1;0;1;0;0;0;1;4;0;0;0;0;0;0;0;0;0;0;0;0;0;0;0;0;0;0
03.05.2024;23:31;A 38;1;1;0;0;0;1;6;0;0;0;0;0;0;0;0;0;0;0;0;0;0;0;0;0;0;1;0;1;0;1;7;0;0;0;0;0;0;0;0;0;0;0;0;0;0;0;0;0;0;0;0
03.05.2024;23:30;A 38;1;4;3;0;0;5;20;0;0;4;3;0;0;4;15;0;0;0;0;0;0;0;0;0;0;1;0;2;1;1;4;2;8;0;0;0;0;0;0;0;0;0;0;0;0;0;0;0;0;0;0
03.05.2024;23:29;A 38;1;0;0;0;0;0;0;0;0;0;0;0;0;0;0;0;0;0;0;0;0;0;0;0;0;0;0;1;0;0;0;1;5;0;0;0;0;0;0;0;0;0;0;0;0;0;0;0;0;0;0
03.05.2024;23:28;A 38;1;3;2;0;0;3;14;0;0;3;2;0;0;4;13;0;0;0;0;0;0;0;0;0;0;2;0;3;2;0;0;3;17;0;0;0;0;0;0;0;0;0;0;0;0;0;0;0;0;0;0
03.05.2024;23:27;A 38;1;0;0;0;0;0;0;0;0;0;0;0;0;0;0;0;0;0;0;0;0;0;0;0;0;0;0;0;0;0;0;0;0;0;0;0;0;0;0;0;0;0;0;0;0;0;0;0;0;0;0
03.05.2024;23:26;A 38;1;2;1;1;0;2;12;0;0;1;0;1;0;1;5;1;3;0;0;0;0;0;0;0;0;1;1;6;12;1;7;1;32;0;0;0;0;0;0;0;0;0;0;0;0;0;0;0;0;0;0
03.05.2024;23:25;A 38;1;0;0;0;0;0;0;0;0;0;0;0;0;0;0;0;0;0;0;0;0;0;0;0;0;0;0;0;100;0;0;0;100;0;0;0;0;0;0;0;0;0;0;0;0;1;7;0;0;0;0
03.05.2024;23:24;A 38;1;0;0;0;0;0;0;0;0;1;15;0;0;1;7;0;0;1;27;0;0;5;4;0;0;0;0;4;44;0;0;2;27;0;0;0;0;0;0;0;0;0;0;0;0;0;0;0;0;0;0
03.05.2024;23:23;A 38;1;0;0;0;0;0;0;0;0;1;1;1;2;2;12;1;10;1;0;1;42;0;0;0;0;1;0;3;52;1;4;6;21;0;0;0;0;0;0;0;0;0;0;0;0;0;0;0;0;0;0
03.05.2024;23:22;A 38;1;2;1;0;0;3;11;0;0;3;4;0;0;3;16;1;1;0;0;1;4;0;0;3;5;0;0;3;7;0;0;4;20;0;0;0;0;0;0;0;0;0;0;0;0;0;0;0;0;0;0
03.05.2024;23:21;A 38;1;0;0;0;0;0;0;0;0;1;1;1;1;0;0;1;5;0;0;1;26;0;0;4;6;1;0;2;1;0;0;1;14;0;0;0;0;0;0;0;0;0;0;0;0;0;0;0;0;0;0
03.05.2024;23:20;A 38;1;4;2;0;0;1;12;0;0;4;3;0;0;1;11;0;0;0;0;0;0;0;0;0;0;0;0;1;0;0;0;2;5;0;0;0;0;0;0;0;0;0;0;0;0;0;0;0;0;0;0
03.05.2024;23:19;A 38;1;1;1;0;0;1;7;0;0;1;1;0;0;1;6;0;0;0;0;0;0;0;0;0;0;2;0;7;5;1;2;4;33;0;0;0;0;0;0;0;0;0;0;0;0;0;0;0;0;0;0
03.05.2024;23:18;A 38;1;1;0;0;0;1;3;0;0;1;0;0;0;1;1;0;0;0;0;0;0;0;0;0;0;1;0;5;4;0;0;6;32;0;0;0;0;0;0;0;0;0;0;0;0;0;0;0;0;0;0
03.05.2024;23:17;A 38;1;1;22;0;0;2;7;0;0;2;13;1;0;3;12;1;0;0;8;0;0;0;0;0;0;0;0;3;38;0;0;4;27;0;0;0;0;0;0;0;0;0;0;0;0;0;0;0;0;0;0
03.05.2024;23:16;A 38;1;0;0;0;0;0;0;0;0;0;0;0;0;0;0;0;0;1;24;0;0;3;3;0;0;1;0;1;0;1;4;2;13;0;0;0;0;0;0;0;0;0;0;0;0;0;0;0;0;0;0
03.05.2024;23:15;A 38;1;3;2;0;0;4;18;0;0;3;5;0;0;3;17;0;0;0;0;0;0;0;0;0;0;0;0;4;4;0;0;2;19;0;0;0;0;0;0;0;0;0;0;0;0;0;0;0;0;0;0
03.05.2024;23:14;A 38;1;0;0;0;0;0;0;0;0;1;4;0;0;2;4;0;0;1;38;0;0;2;2;0;0;1;0;3;2;1;5;4;23;0;0;0;0;0;0;0;0;0;0;0;0;0;0;0;0;0;0
03.05.2024;23:13;A 38;1;7;5;0;0;4;30;0;0;7;5;0;0;3;26;0;0;0;0;0;0;0;0;0;0;1;0;0;0;1;4;0;0;0;0;0;0;0;0;0;0;0;0;0;0;0;0;0;0;0;0
03.05.2024;23:12;A 38;1;5;33;0;0;1;52;0;0;6;20;0;0;2;23;0;0;0;0;0;0;0;0;0;0;0;0;0;0;0;0;0;0;0;0;0;0;0;0;0;0;0;0;0;0;0;0;0;0;0;0
03.05.2024;23:11;A 38;1;1;1;0;0;1;7;0;0;1;0;0;0;1;4;0;0;1;13;1;0;3;4;0;0;1;0;1;0;1;4;1;7;0;0;0;0;0;0;0;0;0;0;0;0;0;0;0;0;0;0
03.05.2024;23:10;A 38;1;2;1;0;0;0;5;0;0;2;1;0;0;1;10;0;0;0;0;0;0;0;0;0;0;0;0;0;0;0;0;0;0;0;0;0;0;0;0;0;0;0;0;0;0;0;0;0;0;0;0
03.05.2024;23:09;A 38;1;1;0;1;0;2;9;1;0;1;0;1;0;1;2;1;3;0;0;0;0;0;0;0;0;0;0;3;2;0;0;4;19;0;0;0;0;0;0;0;0;0;0;0;0;0;0;0;0;0;0
03.05.2024;23:08;A 38;1;4;3;1;0;2;12;1;0;4;3;1;0;2;16;1;2;0;0;0;0;0;0;0;0;1;1;1;0;1;5;1;6;0;0;0;0;0;0;0;0;0;0;0;0;0;0;0;0;0;0
03.05.2024;23:07;A 38;1;4;3;0;0;4;23;0;0;3;2;0;0;3;12;0;0;0;0;0;0;0;0;0;0;0;0;1;4;0;0;1;10;0;0;0;0;0;0;0;0;1;5;1;6;0;0;0;0;0;0
03.05.2024;23:06;A 38;1;7;6;0;0;10;34;0;0;7;5;1;0;6;31;0;0;0;0;0;0;0;0;0;0;1;0;5;3;1;1;4;24;0;0;0;0;0;0;0;0;0;0;0;0;0;0;0;0;0;0
03.05.2024;23:05;A 38;1;2;2;0;0;1;6;0;0;5;5;0;0;0;19;0;0;0;0;1;0;0;0;0;0;1;0;3;30;1;4;3;37;0;0;0;0;0;0;0;0;0;0;0;0;0;0;0;0;0;0
03.05.2024;23:04;A 38;1;6;37;0;0;1;63;0;0;5;12;0;0;3;28;0;0;0;34;0;0;0;0;0;0;1;0;2;35;1;5;2;25;0;0;0;0;0;0;0;0;0;0;0;0;0;0;0;0;0;0
03.05.2024;23:03;A 38;1;1;8;0;0;2;8;0;0;4;5;0;0;2;25;0;0;3;47;0;0;12;14;0;0;0;0;1;0;0;0;2;5;0;0;0;0;0;0;0;0;0;0;0;0;0;0;0;0;0;0
03.05.2024;23:02;A 38;1;4;3;0;0;3;25;0;0;2;1;0;0;2;14;0;0;0;0;0;0;1;1;0;0;1;0;3;2;2;2;3;14;0;0;0;0;0;0;0;0;0;0;0;0;0;0;0;0;0;0
03.05.2024;23:01;A 38;1;0;0;0;0;0;0;0;0;0;0;0;0;0;0;0;0;0;0;0;0;0;0;0;0;0;0;4;2;0;0;6;20;0;0;0;0;0;0;0;0;0;0;0;0;0;0;0;0;0;0
03.05.2024;23:00;A 38;1;2;1;0;0;1;8;0;0;3;3;0;0;2;10;1;2;0;0;0;7;0;0;0;0;0;0;6;37;0;0;4;44;0;0;0;0;0;0;0;0;0;0;0;0;0;0;0;0;0;0
03.05.2024;22:59;A 38;1;6;5;0;0;2;26;0;0;5;3;3;1;3;18;2;3;0;0;1;19;0;0;7;4;2;0;2;1;3;3;5;13;0;0;0;0;0;0;0;0;0;0;0;0;0;0;0;0;0;0
03.05.2024;22:58;A 38;1;0;0;0;0;0;0;0;0;0;0;0;0;0;0;0;0;0;0;0;0;0;0;0;0;0;0;1;0;0;0;1;6;0;0;0;0;0;0;0;0;0;0;0;0;0;0;0;0;0;0
03.05.2024;22:57;A 38;1;7;6;0;0;4;38;0;0;7;6;0;0;3;34;0;0;0;0;0;0;0;0;0;0;0;0;4;5;0;0;2;10;0;0;0;0;0;0;0;0;0;0;0;0;1;5;0;0;0;0
03.05.2024;22:56;A 38;1;2;8;0;0;2;15;0;0;2;1;0;0;2;11;0;0;0;0;0;0;0;0;0;0;0;0;0;0;0;0;0;0;0;0;0;0;0;0;0;0;0;0;0;0;0;0;0;0;0;0
03.05.2024;22:55;A 38;1;1;0;0;0;1;5;0;0;1;0;0;0;1;5;0;0;0;0;0;0;0;0;0;0;0;0;3;2;0;0;2;17;0;0;0;0;0;0;0;0;0;0;0;0;0;0;0;0;0;0
03.05.2024;22:54;A 38;1;0;0;0;0;0;0;0;0;0;0;0;0;0;0;0;0;0;0;0;0;0;0;0;0;0;0;6;4;0;0;3;34;0;0;0;0;0;0;0;0;0;0;0;0;0;0;0;0;0;0
03.05.2024;22:53;A 38;1;1;0;0;0;2;2;0;0;1;0;0;0;1;2;0;0;0;0;0;0;0;0;0;0;0;0;4;3;0;0;4;29;0;0;0;0;0;0;0;0;1;7;1;8;0;0;0;0;0;0
03.05.2024;22:52;A 38;1;0;0;0;0;0;0;0;0;0;0;0;0;0;0;0;0;0;0;0;0;0;0;0;0;0;0;0;0;0;0;0;0;0;0;0;0;0;0;0;0;0;0;0;0;0;0;0;0;0;0
03.05.2024;22:51;A 38;1;2;1;0;0;1;10;0;0;2;1;1;0;1;7;0;0;0;0;0;0;0;0;0;0;0;0;3;2;0;0;2;14;0;0;0;0;0;0;0;0;0;0;0;0;0;0;0;0;0;0
03.05.2024;22:50;A 38;1;1;1;0;0;1;7;0;0;1;0;0;0;1;3;0;0;0;0;0;0;0;0;0;0;0;0;1;0;0;0;1;5;0;0;0;0;0;0;0;0;0;0;0;0;0;0;0;0;0;0
03.05.2024;22:49;A 38;1;3;2;1;0;2;13;1;1;4;3;2;5;2;29;1;12;0;0;0;0;0;0;0;0;2;0;4;2;0;0;3;17;0;0;0;0;0;0;0;0;0;0;0;0;0;0;0;0;0;0
03.05.2024;22:48;A 38;1;1;0;0;0;1;4;0;0;1;0;0;0;2;5;1;1;1;25;1;6;4;4;4;6;0;0;5;4;0;0;4;27;0;0;0;0;0;0;0;0;0;0;0;0;0;0;0;0;0;0
03.05.2024;22:47;A 38;1;0;0;0;0;0;0;0;0;1;13;0;0;0;7;0;0;0;0;0;0;0;0;0;0;0;0;1;22;0;0;1;4;0;0;0;0;0;0;0;0;0;0;0;0;0;0;0;0;0;0
03.05.2024;22:46;A 38;1;4;3;0;0;5;20;0;0;4;3;1;0;4;17;0;0;1;27;0;0;2;2;0;0;0;0;1;9;0;0;1;7;0;0;0;0;0;0;0;0;0;0;0;0;0;0;0;0;0;0
03.05.2024;22:45;A 38;1;0;0;0;0;0;0;0;0;1;4;1;2;1;10;1;9;1;26;1;23;4;5;5;8;0;0;1;29;0;0;2;10;0;0;0;0;0;0;0;0;0;0;0;0;0;0;0;0;0;0
03.05.2024;22:44;A 38;1;2;1;0;0;3;9;0;0;2;1;0;0;3;6;0;0;0;0;0;0;0;0;0;0;2;0;7;5;0;0;3;30;0;0;0;0;0;0;0;0;0;0;0;0;0;0;0;0;0;0
03.05.2024;22:43;A 38;1;0;0;0;0;0;0;0;0;0;0;0;0;0;0;0;0;0;0;0;0;0;0;0;0;3;1;10;6;1;4;7;44;0;0;0;0;0;0;0;0;0;0;0;0;0;0;0;0;0;0
03.05.2024;22:42;A 38;1;7;7;0;0;2;28;0;0;7;6;1;0;2;26;0;0;0;0;0;0;0;0;0;0;0;0;3;12;0;0;1;21;0;0;0;0;0;0;0;0;0;0;0;0;0;0;0;0;0;0
03.05.2024;22:41;A 38;1;0;0;0;0;0;0;0;0;1;1;0;0;1;6;1;2;1;29;0;0;3;7;0;0;0;0;2;39;0;0;4;56;0;0;0;0;0;0;0;0;0;0;0;0;0;0;0;0;0;0
03.05.2024;22:40;A 38;1;4;3;0;0;1;18;0;0;5;13;3;18;1;25;0;17;0;0;0;0;0;0;0;0;2;2;7;10;0;0;6;45;0;0;0;0;0;0;0;0;0;0;0;0;0;0;0;0;0;0
03.05.2024;22:39;A 38;1;1;0;0;0;0;0;0;0;3;3;1;0;1;11;2;7;0;84;2;73;0;0;7;11;0;0;15;15;0;0;1;41;0;0;0;0;0;0;0;0;0;0;0;0;1;7;0;0;0;0
03.05.2024;22:38;A 38;1;7;6;1;0;2;29;0;0;4;3;1;0;2;14;0;0;1;50;0;0;5;6;0;0;0;0;0;0;0;0;0;0;0;0;0;0;0;0;0;0;0;0;0;0;0;0;0;0;0;0
03.05.2024;22:37;A 38;1;3;14;0;0;0;21;0;0;4;3;8;1;1;15;0;0;0;0;0;0;0;0;0;0;1;0;1;0;0;0;1;4;0;0;0;0;0;0;0;0;1;5;1;7;0;0;0;0;0;0
03.05.2024;22:36;A 38;1;3;11;0;0;7;21;0;0;3;2;0;0;2;15;0;0;0;0;0;0;0;0;0;0;1;1;5;4;1;6;2;27;0;0;1;1;0;0;1;1;0;0;0;0;0;0;0;0;0;0
03.05.2024;22:35;A 38;1;2;64;0;0;5;13;0;0;3;12;0;0;4;13;0;0;5;26;3;0;5;9;0;0;0;0;2;7;1;0;5;22;0;0;0;0;0;0;0;0;0;0;0;0;0;0;0;0;0;0
03.05.2024;22:34;A 38;1;1;0;0;0;1;4;0;0;0;0;0;0;1;2;0;0;0;0;0;0;0;0;0;0;0;0;3;2;0;0;6;16;0;0;0;0;0;0;0;0;0;0;0;0;0;0;0;0;0;0
03.05.2024;22:33;A 38;1;5;3;0;0;6;14;0;0;5;3;0;0;3;18;0;0;0;0;0;0;0;0;0;0;0;0;2;2;0;0;2;7;0;0;0;0;0;0;0;0;0;0;0;0;0;0;0;0;0;0
03.05.2024;22:32;A 38;1;3;13;0;0;2;12;0;0;4;3;1;0;2;12;1;2;0;0;0;0;0;0;0;0;0;0;3;57;1;1;2;70;0;0;0;0;0;0;0;0;0;0;0;0;0;0;0;0;0;0
03.05.2024;22:31;A 38;1;3;15;1;0;2;41;1;1;4;16;2;1;3;35;3;9;3;48;1;0;9;15;3;3;0;0;3;2;0;0;3;9;0;0;1;1;0;0;1;1;0;0;0;0;0;0;0;0;0;0
03.05.2024;22:30;A 38;1;1;0;0;0;1;2;0;0;2;10;0;0;3;6;0;0;0;34;0;0;3;4;0;0;0;0;2;1;0;0;2;15;0;0;0;0;0;0;0;0;0;0;0;0;0;0;0;0;0;0
03.05.2024;22:29;A 38;1;6;4;0;0;1;25;0;0;6;5;0;0;1;24;0;0;1;22;0;0;7;7;0;0;1;0;4;2;0;0;3;24;0;0;0;0;0;0;0;0;0;0;0;0;0;0;0;0;0;0
03.05.2024;22:28;A 38;1;1;0;0;0;1;6;0;0;1;0;0;0;2;4;0;0;0;0;0;0;0;0;0;0;0;0;10;8;0;0;9;59;0;0;0;0;0;0;0;0;0;0;0;0;0;0;0;0;0;0
03.05.2024;22:27;A 38;1;3;2;0;0;2;14;0;0;4;19;0;0;3;16;0;0;0;7;0;0;0;0;0;0;1;0;4;36;1;4;4;28;0;0;0;0;0;0;0;0;0;0;0;0;0;0;0;0;0;0
03.05.2024;22:26;A 38;1;0;0;0;0;0;0;0;0;1;0;0;0;0;2;0;0;1;20;0;0;2;2;0;0;0;0;6;4;2;4;4;31;0;0;0;0;0;0;0;0;0;0;0;0;0;0;0;0;0;0
03.05.2024;22:25;A 38;1;4;2;2;1;1;15;1;1;3;3;2;1;3;22;1;5;0;0;0;0;0;0;0;0;0;0;4;3;0;0;6;29;0;0;0;0;0;0;0;0;0;0;0;0;0;0;0;0;0;0
03.05.2024;22:24;A 38;1;10;8;1;0;1;49;1;0;10;7;1;0;4;44;1;2;1;90;0;0;3;3;0;0;1;0;9;10;1;3;1;25;0;0;0;0;0;0;0;0;0;0;0;0;1;7;0;0;0;0
03.05.2024;22:23;A 38;1;1;1;0;0;2;3;0;0;1;1;0;0;1;4;0;0;1;13;0;0;3;7;0;0;0;0;0;0;0;0;0;0;0;0;0;0;0;0;0;0;0;0;0;0;0;0;0;0;0;0
03.05.2024;22:22;A 38;1;3;2;0;0;3;17;0;0;4;9;0;0;4;23;0;0;0;0;0;0;0;0;0;0;0;0;4;54;0;0;1;55;0;0;0;0;0;0;0;0;1;3;1;4;0;0;0;0;0;0
03.05.2024;22:21;A 38;1;0;0;0;0;0;0;0;0;0;0;0;0;0;0;0;0;1;19;0;0;3;6;0;0;0;0;2;23;0;0;3;13;0;0;0;0;0;0;0;0;0;0;0;0;0;0;0;0;0;0
03.05.2024;22:20;A 38;1;12;9;1;0;5;54;0;0;11;7;1;1;7;42;1;4;0;0;0;0;0;0;0;0;1;0;12;14;0;0;4;59;0;0;0;0;0;0;0;0;0;0;0;0;0;0;0;0;0;0
03.05.2024;22:19;A 38;1;3;5;1;3;0;8;0;3;5;7;2;1;4;29;1;7;1;31;0;0;5;7;0;0;0;0;1;49;0;0;1;64;0;0;1;1;0;0;1;1;0;0;0;0;0;0;0;0;0;0
03.05.2024;22:18;A 38;1;2;54;1;29;6;40;1;36;2;12;2;2;3;13;2;9;1;1;2;35;3;5;5;8;0;0;1;32;0;0;1;8;0;0;0;0;1;1;0;0;0;0;0;0;0;0;0;0;0;0
03.05.2024;22:17;A 38;1;0;0;0;0;0;0;0;0;3;4;0;0;1;12;0;0;1;42;0;0;0;0;0;0;2;0;2;1;0;0;3;8;0;0;0;0;0;0;0;0;0;0;0;0;0;0;0;0;0;0
03.05.2024;22:16;A 38;1;4;3;0;0;2;16;0;0;2;1;0;0;2;9;0;0;0;0;0;0;3;4;0;0;0;0;1;0;0;0;1;6;0;0;0;0;0;0;0;0;0;0;0;0;0;0;0;0;0;0
03.05.2024;22:15;A 38;1;2;1;0;0;4;9;0;0;2;1;0;0;2;5;0;0;0;0;0;0;0;0;0;0;0;0;5;4;0;0;5;24;0;0;0;0;0;0;0;0;0;0;0;0;0;0;0;0;0;0
03.05.2024;22:14;A 38;1;3;2;0;0;2;16;0;0;3;2;0;0;2;12;0;0;0;0;0;0;0;0;0;0;1;0;0;0;1;5;0;0;0;0;0;0;0;0;0;0;0;0;0;0;0;0;0;0;0;0
03.05.2024;22:13;A 38;1;10;9;2;1;2;44;1;0;8;7;2;1;5;30;1;4;0;0;0;0;0;0;0;0;0;0;7;5;0;0;5;33;0;0;0;0;0;0;0;0;0;0;0;0;0;0;0;0;0;0
03.05.2024;22:12;A 38;1;0;0;0;0;0;0;0;0;0;0;0;0;0;0;0;0;0;0;0;0;0;0;0;0;2;1;5;4;2;7;3;18;0;0;0;0;0;0;0;0;0;0;0;0;0;0;0;0;0;0
03.05.2024;22:11;A 38;1;4;3;0;0;2;15;0;0;4;3;0;0;2;17;0;0;0;0;0;0;0;0;0;0;0;0;2;1;1;0;4;13;0;0;0;0;0;0;0;0;0;0;0;0;0;0;0;0;0;0
03.05.2024;22:10;A 38;1;1;0;0;0;1;4;0;0;1;0;0;0;1;3;0;0;0;0;0;0;0;0;0;0;1;0;5;6;0;0;2;19;0;0;0;0;0;0;0;0;0;0;0;0;0;0;0;0;0;0
03.05.2024;22:09;A 38;1;2;2;0;0;1;9;0;0;3;18;0;0;2;16;0;0;0;5;0;0;0;0;0;0;0;0;6;39;0;0;1;70;0;0;0;0;0;0;0;0;0;0;0;0;1;20;0;0;0;0
03.05.2024;22:08;A 38;1;1;50;1;40;2;35;1;4;3;8;2;1;2;16;1;3;1;29;0;0;3;6;0;0;0;0;8;48;0;0;0;69;0;0;0;0;0;0;0;0;0;0;0;0;0;0;0;0;0;0
03.05.2024;22:07;A 38;1;3;19;0;0;7;28;0;0;2;2;0;0;2;9;0;0;1;86;1;1;0;0;0;0;3;1;6;15;3;12;2;31;0;0;0;0;0;0;0;0;1;5;1;8;0;0;0;0;0;0
03.05.2024;22:06;A 38;1;3;32;1;1;1;40;2;3;6;7;1;1;3;41;1;3;0;0;0;0;0;0;0;0;1;0;1;2;2;3;2;8;0;0;0;0;0;0;0;0;0;0;0;0;0;0;0;0;0;0
03.05.2024;22:05;A 38;1;1;18;0;0;2;22;0;0;2;3;0;0;3;12;2;8;2;11;2;31;5;7;4;4;0;0;0;35;0;0;0;0;0;0;0;0;0;0;0;0;0;0;0;0;0;0;0;0;0;0
03.05.2024;22:04;A 38;1;0;0;0;0;0;0;0;0;2;2;0;0;1;9;0;0;0;0;1;32;0;0;3;7;0;0;2;10;0;0;2;14;0;0;0;0;0;0;0;0;0;0;0;0;0;0;0;0;0;0
03.05.2024;22:03;A 38;1;3;2;0;0;1;14;0;0;1;0;0;0;1;5;0;0;0;0;0;0;0;0;0;0;2;0;5;3;1;4;6;24;0;0;0;0;0;0;0;0;0;0;0;0;0;0;0;0;0;0
03.05.2024;22:02;A 38;1;3;2;0;0;1;11;0;0;3;2;0;0;1;11;0;0;0;0;0;0;0;0;0;0;1;0;3;2;1;1;2;12;0;0;0;0;0;0;0;0;0;0;0;0;0;0;0;0;0;0
03.05.2024;22:01;A 38;1;1;24;0;21;0;26;0;0;3;10;1;0;1;14;1;3;0;0;0;0;0;0;0;0;0;0;2;12;0;0;4;20;0;0;0;0;0;0;0;0;0;0;0;0;0;0;0;0;0;0
03.05.2024;22:00;A 38;1;2;36;1;17;2;53;1;5;1;0;0;0;2;13;0;0;1;29;0;0;3;5;0;0;0;0;2;24;0;0;1;12;0;0;0;0;0;0;0;0;0;0;0;0;0;0;0;0;0;0
03.05.2024;21:59;A 38;1;0;0;0;0;0;0;0;0;0;0;0;0;0;0;0;0;0;0;0;0;0;0;0;0;1;0;1;0;0;0;2;8;0;0;0;0;0;0;0;0;0;0;0;0;0;0;0;0;0;0
03.05.2024;21:58;A 38;1;4;3;0;0;2;19;0;0;4;3;0;0;3;19;0;0;0;0;0;0;0;0;0;0;0;0;4;3;0;0;3;17;0;0;0;0;0;0;0;0;0;0;0;0;0;0;0;0;0;0
03.05.2024;21:57;A 38;1;0;0;0;0;0;0;0;0;0;0;0;0;0;0;0;0;0;0;0;0;0;0;0;0;1;0;4;3;3;3;6;25;0;0;0;0;0;0;0;0;0;0;0;0;0;0;0;0;0;0
03.05.2024;21:56;A 38;1;6;4;0;0;5;21;0;0;6;3;1;0;3;18;0;0;0;0;0;0;0;0;0;0;0;0;11;24;0;0;4;55;0;0;0;0;0;0;0;0;0;0;0;0;0;0;0;0;0;0
03.05.2024;21:55;A 38;1;4;24;0;0;0;30;0;0;5;4;1;0;1;19;0;0;0;0;0;0;0;0;0;0;0;0;0;100;0;0;0;100;0;0;0;0;0;0;0;0;0;0;0;0;1;4;0;0;0;0
03.05.2024;21:54;A 38;1;2;3;0;0;2;21;0;0;1;1;0;0;2;7;0;0;0;0;0;0;0;0;0;0;1;0;4;29;0;0;5;56;0;0;0;0;0;0;0;0;0;0;0;0;0;0;0;0;0;0
03.05.2024;21:53;A 38;1;4;3;0;0;4;20;0;0;5;4;1;0;3;22;0;0;0;0;0;0;0;0;0;0;1;0;3;2;0;0;2;16;0;0;0;0;0;0;0;0;0;0;0;0;0;0;0;0;0;0
03.05.2024;21:52;A 38;1;2;1;0;0;2;17;0;0;1;0;0;0;2;5;0;0;0;0;0;0;0;0;0;0;0;0;2;1;2;4;1;5;0;0;0;0;0;0;0;0;0;0;0;0;0;0;0;0;0;0
03.05.2024;21:51;A 38;1;4;4;0;0;5;21;0;0;4;3;0;0;3;22;0;0;0;0;0;0;0;0;0;0;0;0;2;55;0;0;1;13;0;0;0;0;0;0;0;0;3;2;3;3;0;0;0;0;0;0
03.05.2024;21:50;A 38;1;0;0;0;0;0;0;0;0;1;17;1;8;1;11;2;10;0;0;2;30;0;0;5;6;0;0;1;18;0;0;1;7;0;0;0;0;0;0;0;0;0;0;0;0;0;0;0;0;0;0
03.05.2024;21:49;A 38;1;5;41;1;1;1;60;1;3;6;16;1;0;2;27;1;3;0;22;0;0;0;0;0;0;0;0;6;53;0;0;2;68;0;0;0;0;0;0;0;0;0;0;0;0;0;0;0;0;0;0
03.05.2024;21:48;A 38;1;0;0;0;0;0;0;0;0;1;9;0;0;1;12;0;0;2;47;0;0;5;7;0;0;0;0;3;46;0;0;4;23;0;0;0;0;0;0;0;0;0;0;0;0;0;0;0;0;0;0
03.05.2024;21:47;A 38;1;5;3;0;0;4;17;0;0;5;3;0;0;3;16;0;0;0;0;0;0;0;0;0;0;1;0;2;1;0;0;2;12;0;0;0;0;0;0;0;0;0;0;0;0;0;0;0;0;0;0
03.05.2024;21:46;A 38;1;2;22;0;0;0;25;0;0;3;11;0;0;1;14;0;0;0;0;0;0;0;0;0;0;0;0;2;1;0;0;2;15;0;0;0;0;0;0;0;0;0;0;0;0;0;0;0;0;0;0
03.05.2024;21:45;A 38;1;2;23;0;0;3;28;0;0;2;5;0;0;3;9;0;0;1;32;0;0;2;2;0;0;0;0;2;2;0;0;2;17;0;0;0;0;0;0;0;0;0;0;0;0;0;0;0;0;0;0
03.05.2024;21:44;A 38;1;2;64;1;42;5;16;2;8;4;3;1;0;3;13;1;3;0;19;0;0;0;0;0;0;0;0;1;0;0;0;1;6;0;0;0;0;0;0;0;0;0;0;0;0;0;0;0;0;0;0
03.05.2024;21:43;A 38;1;1;5;0;0;1;10;0;0;0;0;0;0;0;0;0;0;1;7;0;0;3;5;1;1;1;0;1;0;1;4;3;2;0;0;0;0;0;0;0;0;0;0;0;0;0;0;0;0;0;0
03.05.2024;21:42;A 38;1;3;3;0;0;3;18;0;0;2;10;1;0;2;10;1;2;0;0;0;0;0;0;0;0;0;0;1;0;0;0;1;7;0;0;0;0;0;0;0;0;0;0;0;0;0;0;0;0;0;0
03.05.2024;21:41;A 38;1;1;1;0;0;0;0;0;0;4;4;0;0;2;13;1;1;0;0;1;26;0;0;5;6;0;0;2;1;0;0;2;10;0;0;0;0;0;0;0;0;0;0;0;0;0;0;0;0;0;0
03.05.2024;21:40;A 38;1;2;41;0;0;1;58;0;0;0;0;0;0;0;0;0;0;0;0;1;0;0;0;0;0;0;0;1;0;0;0;1;8;0;0;0;0;0;0;0;0;0;0;0;0;0;0;0;0;0;0
03.05.2024;21:39;A 38;1;2;1;0;0;2;10;0;0;2;1;0;0;1;6;0;0;0;0;0;0;0;0;0;0;2;1;6;37;1;4;3;54;0;0;0;0;0;0;0;0;0;0;0;0;1;7;0;0;0;0
03.05.2024;21:38;A 38;1;9;7;3;2;2;39;3;4;6;5;3;2;2;28;1;1;0;0;0;0;0;0;0;0;0;0;1;72;0;0;1;88;0;0;0;0;0;0;0;0;0;0;0;0;0;0;0;0;0;0
03.05.2024;21:37;A 38;1;4;3;0;0;3;19;0;0;4;3;0;0;2;16;0;0;0;0;0;0;0;0;0;0;0;0;2;79;0;0;0;85;0;0;0;0;0;0;0;0;4;4;2;4;0;0;0;0;0;0
03.05.2024;21:36;A 38;1;4;3;0;0;4;18;0;0;4;2;0;0;4;14;0;0;0;0;0;0;0;0;0;0;3;2;3;2;2;13;5;25;0;0;0;0;0;0;0;0;0;0;0;0;0;0;0;0;0;0
03.05.2024;21:35;A 38;1;0;0;0;0;0;0;0;0;2;1;0;0;0;5;0;0;0;0;1;0;0;0;0;0;0;0;4;27;0;0;3;44;0;0;0;0;0;0;0;0;0;0;0;0;0;0;0;0;0;0
03.05.2024;21:34;A 38;1;6;5;0;0;2;24;0;0;5;4;0;0;4;23;0;0;0;0;0;0;0;0;0;0;2;1;5;3;2;8;3;23;0;0;0;0;0;0;0;0;0;0;0;0;0;0;0;0;0;0
03.05.2024;21:33;A 38;1;2;3;0;0;2;7;0;0;3;3;0;0;1;10;0;0;0;0;0;0;0;0;0;0;0;0;0;0;0;0;1;1;0;0;0;0;0;0;0;0;0;0;0;0;0;0;0;0;0;0
03.05.2024;21:32;A 38;1;2;20;0;0;1;33;0;0;0;0;0;0;0;0;0;0;0;0;1;0;0;0;0;0;0;0;1;24;0;0;1;9;0;0;0;0;0;0;0;0;0;0;0;0;0;0;0;0;0;0
03.05.2024;21:31;A 38;1;2;1;1;0;1;5;1;0;1;0;2;0;1;2;1;1;0;0;0;0;0;0;0;0;0;0;3;2;0;0;2;13;0;0;0;0;0;0;0;0;0;0;0;0;0;0;0;0;0;0
03.05.2024;21:30;A 38;1;2;2;0;0;3;9;0;0;2;2;0;0;1;9;0;0;0;0;0;0;0;0;0;0;0;0;2;1;0;0;3;12;0;0;0;0;0;0;0;0;0;0;0;0;0;0;0;0;0;0
03.05.2024;21:29;A 38;1;5;32;2;3;3;37;1;6;6;7;2;0;3;28;1;5;0;7;0;0;0;0;0;0;0;0;2;45;0;0;0;47;0;0;0;0;0;0;0;0;0;0;0;0;0;0;0;0;0;0
03.05.2024;21:28;A 38;1;1;0;0;0;2;3;0;0;1;0;0;0;1;4;0;0;1;16;0;0;4;7;0;0;0;0;2;3;0;0;3;19;0;0;0;0;0;0;0;0;0;0;0;0;0;0;0;0;0;0
03.05.2024;21:27;A 38;1;3;2;0;0;2;19;0;0;3;2;0;0;3;14;0;0;0;0;0;0;0;0;0;0;0;0;2;1;0;0;4;11;0;0;0;0;0;0;0;0;0;0;0;0;0;0;0;0;0;0
03.05.2024;21:26;A 38;1;0;0;0;0;0;0;0;0;0;51;0;0;0;0;0;0;0;0;0;0;0;0;0;0;1;1;3;1;1;6;1;9;0;0;0;0;0;0;0;0;0;0;0;0;0;0;0;0;0;0
03.05.2024;21:25;A 38;1;8;7;0;0;4;33;0;0;8;10;0;0;4;35;0;0;0;0;0;0;0;0;0;0;0;56;7;64;0;0;0;81;0;0;1;1;0;0;1;1;0;0;0;0;1;6;0;0;0;0
03.05.2024;21:24;A 38;1;0;0;0;0;0;0;0;0;3;2;0;0;0;5;0;0;0;0;1;0;0;0;0;0;1;52;2;79;2;10;4;66;0;0;0;0;0;0;0;0;0;0;0;0;0;0;0;0;0;0
03.05.2024;21:23;A 38;1;7;6;1;0;3;27;0;0;4;5;2;1;2;30;2;6;0;0;0;0;0;0;0;0;4;46;5;91;5;17;1;92;0;0;1;1;0;0;0;0;1;5;2;7;0;0;0;0;0;0
03.05.2024;21:22;A 38;1;4;19;1;1;0;29;1;8;5;8;1;0;2;25;1;3;2;45;0;0;3;3;0;0;0;0;4;31;0;0;1;24;0;0;0;0;0;0;0;0;0;0;0;0;0;0;0;0;0;0
03.05.2024;21:21;A 38;1;1;14;0;0;1;30;0;0;1;6;0;0;2;11;0;0;1;28;0;0;3;5;0;0;0;0;1;28;1;3;4;22;0;0;0;0;0;0;0;0;0;0;0;0;0;0;0;0;0;0
03.05.2024;21:20;A 38;1;11;9;1;0;2;46;1;0;10;8;2;1;2;44;1;3;0;0;0;0;0;0;0;0;1;0;6;5;0;0;4;37;0;0;0;0;0;0;0;0;0;0;0;0;0;0;0;0;0;0
03.05.2024;21:19;A 38;1;1;5;0;0;3;7;0;0;2;2;0;0;3;10;0;0;0;21;0;0;0;0;0;0;0;0;1;6;0;0;2;13;0;0;0;0;0;0;0;0;0;0;0;0;0;0;0;0;0;0
03.05.2024;21:18;A 38;1;9;8;0;0;1;43;0;0;9;8;0;0;3;36;0;0;1;15;0;0;3;3;0;0;1;0;4;3;1;1;4;19;0;0;0;0;0;0;0;0;0;0;0;0;0;0;0;0;0;0
03.05.2024;21:17;A 38;1;1;1;0;0;1;7;0;0;1;1;0;0;1;8;0;0;0;0;0;0;0;0;0;0;3;1;6;5;0;0;4;33;0;0;0;0;0;0;0;0;0;0;0;0;0;0;0;0;0;0
03.05.2024;21:16;A 38;1;2;1;0;0;2;12;0;0;2;1;0;0;2;11;0;0;0;0;0;0;0;0;0;0;5;2;4;3;2;6;2;19;0;0;0;0;0;0;0;0;0;0;0;0;0;0;0;0;0;0
03.05.2024;21:15;A 38;1;3;12;0;0;1;18;0;0;4;3;0;0;2;14;0;0;0;0;0;0;0;0;0;0;1;0;6;8;1;3;2;21;0;0;0;0;0;0;0;0;0;0;0;0;0;0;0;0;0;0
03.05.2024;21:14;A 38;1;1;42;0;0;1;45;0;0;1;1;0;0;1;6;0;0;0;0;1;0;0;0;0;0;2;1;6;45;0;3;3;61;0;0;0;0;0;0;0;0;0;0;0;0;0;0;0;0;0;0
03.05.2024;21:13;A 38;1;3;16;1;0;2;14;0;0;3;2;1;0;0;11;2;2;0;0;1;0;0;0;0;0;1;0;2;44;2;7;2;50;0;0;0;0;0;0;0;0;0;0;0;0;0;0;0;0;0;0
03.05.2024;21:12;A 38;1;5;4;0;0;4;38;0;0;4;7;0;0;5;35;0;0;0;0;0;0;0;0;0;0;2;1;4;3;2;2;5;24;0;0;0;0;0;0;0;0;0;0;0;0;0;0;0;0;0;0
03.05.2024;21:11;A 38;1;2;3;1;0;0;8;2;1;2;1;1;0;2;16;1;2;2;27;0;0;10;10;0;0;2;1;5;6;1;3;3;21;0;0;0;0;0;0;0;0;0;0;0;0;0;0;0;0;0;0
03.05.2024;21:10;A 38;1;1;6;0;0;1;12;0;0;3;3;0;0;2;16;0;0;0;62;1;0;0;0;0;0;2;46;6;37;6;17;2;53;0;0;0;0;0;0;0;0;0;0;0;0;0;0;0;0;0;0
03.05.2024;21:09;A 38;1;5;57;0;0;2;62;0;0;3;2;1;0;1;10;1;2;1;9;0;0;3;4;0;0;2;31;7;46;2;20;4;90;0;0;1;1;0;0;1;1;0;0;0;0;0;0;0;0;0;0
03.05.2024;21:08;A 38;1;1;5;0;0;1;5;0;0;2;2;3;0;1;10;0;0;0;0;0;0;0;0;0;0;0;0;5;4;0;0;0;0;0;0;0;0;0;0;0;0;2;5;1;5;1;5;0;0;0;0
03.05.2024;21:06;A 38;1;2;3;0;0;2;11;0;0;5;4;2;0;3;20;1;6;0;0;0;0;0;0;0;0;0;0;1;1;0;0;0;3;0;0;0;0;0;0;0;0;0;0;0;0;0;0;0;0;0;0
03.05.2024;21:05;A 38;1;3;29;1;19;1;43;3;9;1;0;1;5;0;2;2;17;0;0;1;26;0;0;1;1;2;11;2;6;1;6;3;34;0;0;0;0;0;0;0;0;0;0;0;0;0;0;0;0;0;0
03.05.2024;21:04;A 38;1;2;3;1;1;2;20;1;3;4;4;1;0;3;19;2;7;0;33;0;0;0;0;0;0;0;0;4;58;4;9;1;73;0;0;0;0;0;0;0;0;0;0;0;0;0;0;0;0;0;0
03.05.2024;21:03;A 38;1;11;33;0;0;3;70;0;0;10;8;0;0;5;46;0;0;1;31;0;0;3;4;0;0;1;13;3;8;2;14;2;24;0;0;0;0;0;0;0;0;0;0;0;0;0;0;0;0;0;0
03.05.2024;21:02;A 38;1;5;69;1;29;2;76;0;3;5;4;1;0;1;18;1;4;0;0;0;0;0;0;0;0;1;23;3;29;0;0;0;34;0;0;1;1;0;0;1;1;0;0;0;0;0;0;0;0;0;0
03.05.2024;21:01;A 38;1;2;50;0;0;1;30;1;5;3;4;0;22;2;22;0;22;0;0;2;1;0;0;0;0;5;42;7;50;6;51;1;79;0;0;0;0;0;0;0;0;0;0;0;0;0;0;0;0;0;0
03.05.2024;21:00;A 38;1;11;38;1;0;5;61;1;2;8;7;3;29;5;35;3;40;1;32;0;0;2;3;0;0;3;6;4;21;3;13;3;45;0;0;1;1;0;0;0;0;0;0;0;0;0;0;0;0;0;0
03.05.2024;20:58;A 38;1;3;1;1;0;1;8;0;0;9;1;4;1;2;7;1;2;0;0;0;0;0;0;0;0;1;0;7;10;0;0;2;35;0;0;0;0;0;0;0;0;1;5;1;6;0;0;0;0;0;0
03.05.2024;20:57;A 38;1;2;1;0;0;2;7;0;0;2;1;0;0;2;6;0;0;0;0;0;0;0;0;0;0;1;0;2;1;0;0;3;27;0;0;0;0;0;0;0;0;0;0;0;0;0;0;0;0;0;0
03.05.2024;20:56;A 38;1;5;33;2;13;1;43;2;7;5;19;4;2;2;21;2;11;0;0;0;0;0;0;0;0;0;16;8;27;0;0;3;50;0;0;0;0;0;0;0;0;0;0;0;0;0;0;0;0;0;0
03.05.2024;20:55;A 38;1;2;36;0;0;2;16;0;0;2;1;0;0;2;11;0;0;0;81;0;0;0;0;0;0;1;54;8;61;1;9;3;93;0;0;0;0;0;0;0;0;0;0;0;0;1;5;0;0;0;0
03.05.2024;20:54;A 38;1;7;15;1;10;1;48;1;4;5;4;4;2;2;23;2;7;1;50;0;0;3;5;0;0;1;75;1;59;3;9;3;56;0;0;0;0;0;0;0;0;0;0;0;0;0;0;0;0;0;0
03.05.2024;20:53;A 38;1;0;0;0;0;0;0;0;0;0;0;0;0;0;0;0;0;0;0;0;0;0;0;0;0;3;30;2;1;1;9;2;11;0;0;0;0;0;0;0;0;0;0;0;0;0;0;0;0;0;0
03.05.2024;20:50;A 38;1;5;31;1;0;4;40;1;1;6;7;3;22;3;27;1;27;0;0;0;0;0;0;0;0;1;0;4;3;1;4;3;17;0;0;0;0;0;0;0;0;0;0;0;0;0;0;0;0;0;0
03.05.2024;20:49;A 38;1;6;5;2;1;4;25;2;1;5;4;2;1;4;23;3;12;1;55;2;31;3;6;6;28;2;0;2;1;0;0;2;12;0;0;2;3;0;0;1;1;0;0;0;0;0;0;0;0;0;0
03.05.2024;20:48;A 38;1;3;2;0;0;2;12;0;0;7;7;0;0;2;23;0;0;0;0;0;0;0;0;0;0;1;1;2;22;2;9;1;27;0;0;0;0;0;0;0;0;1;5;0;1;0;0;0;0;0;0
03.05.2024;20:47;A 38;1;6;51;2;40;2;77;1;46;3;10;2;1;3;32;1;7;1;56;0;0;0;0;0;0;1;0;3;45;0;0;2;24;0;0;0;0;0;0;0;0;0;0;1;4;0;0;0;0;0;0
03.05.2024;20:42;A 38;1;0;30;0;0;0;0;0;0;2;3;0;0;2;16;0;0;0;2;0;0;0;0;0;0;0;0;2;3;0;0;0;0;0;0;0;0;0;0;0;0;0;0;0;0;1;4;0;0;0;0
03.05.2024;20:41;A 38;1;3;5;0;0;3;22;0;0;2;1;0;0;2;8;0;0;1;21;0;0;1;8;1;8;1;0;4;3;0;0;3;19;0;0;0;0;0;0;0;0;0;0;0;0;0;0;0;0;0;0
03.05.2024;20:37;A 38;1;0;0;0;0;0;0;0;0;0;0;0;0;0;0;0;0;0;0;0;0;0;0;0;0;0;0;1;30;0;0;1;38;0;0;0;0;0;0;0;0;0;0;0;0;0;0;0;0;0;0
03.05.2024;20:33;A 38;1;0;0;0;0;1;1;0;0;0;0;0;0;0;0;0;0;0;0;0;0;0;0;0;0;0;0;0;0;0;0;0;0;0;0;0;0;0;0;0;0;0;0;0;0;0;0;0;0;0;0
03.05.2024;19:58;A 38;1;9;7;2;1;5;31;2;2;83;17;2;1;4;32;2;6;0;0;1;60;0;0;1;9;0;0;3;18;1;5;4;18;0;0;0;0;0;0;0;0;0;0;0;0;0;0;0;0;0;0
03.05.2024;19:57;A 38;1;1;0;0;0;1;3;0;0;8;1;0;0;1;4;0;0;0;0;0;0;0;0;0;0;2;2;1;1;1;9;1;6;0;0;0;0;0;0;0;0;0;0;0;0;0;0;0;0;0;0
03.05.2024;19:56;A 38;1;3;2;0;0;3;9;0;0;3;2;1;0;3;13;0;0;0;0;0;0;0;0;0;0;2;0;4;3;1;4;2;16;0;0;0;0;0;0;0;0;0;0;0;0;0;0;0;0;0;0
03.05.2024;19:55;A 38;1;0;0;0;0;0;0;0;0;1;0;0;0;0;2;0;0;0;0;0;0;0;0;0;0;1;0;7;6;0;0;4;29;0;0;0;0;0;0;0;0;0;0;0;0;0;0;0;0;0;0
03.05.2024;19:54;A 38;1;4;57;1;49;4;15;1;4;5;18;2;0;5;23;1;3;0;45;0;0;0;0;0;0;5;51;7;8;2;28;3;42;0;0;0;0;0;0;0;0;0;0;0;0;0;0;0;0;0;0
03.05.2024;19:53;A 38;1;0;0;0;0;0;0;0;0;1;1;0;0;1;5;0;0;1;71;0;0;1;7;1;0;3;1;10;9;1;5;3;33;0;0;0;0;0;0;0;0;0;0;0;0;1;6;0;0;0;0
03.05.2024;19:52;A 38;1;6;50;0;0;4;25;0;0;6;5;0;0;3;22;0;0;0;0;0;0;0;0;0;0;0;0;0;0;0;0;0;0;0;0;0;0;0;0;0;0;0;0;0;0;0;0;0;0;0;0
03.05.2024;19:51;A 38;1;3;1;0;0;4;9;0;0;2;1;0;0;2;6;0;0;0;0;0;0;0;0;0;0;0;0;5;4;0;0;4;22;0;0;0;0;0;0;0;0;0;0;0;0;0;0;0;0;0;0
03.05.2024;19:50;A 38;1;3;70;0;0;0;76;0;0;6;15;1;11;2;39;1;12;1;25;0;23;0;26;0;0;0;0;12;14;0;0;1;79;0;0;0;0;0;0;0;0;0;0;0;0;0;0;0;0;0;0
03.05.2024;19:49;A 38;1;4;4;0;0;4;18;0;0;2;1;1;0;2;9;1;3;1;93;1;58;2;53;1;9;1;0;2;57;1;3;3;45;0;0;0;0;0;0;0;0;1;6;1;6;0;0;0;0;0;0
03.05.2024;19:48;A 38;1;5;4;1;0;3;16;1;1;6;4;1;0;4;22;1;2;0;0;0;0;1;2;0;0;0;0;2;1;0;0;2;9;0;0;0;0;0;0;0;0;0;0;0;0;0;0;0;0;0;0
03.05.2024;19:47;A 38;1;4;3;0;0;3;15;0;0;4;17;2;0;3;19;0;0;0;0;0;0;0;0;0;0;0;0;1;12;0;0;1;10;0;0;0;0;0;0;0;0;0;0;0;0;0;0;0;0;0;0
03.05.2024;19:46;A 38;1;11;9;0;0;7;34;0;0;10;8;0;0;4;33;0;0;0;96;0;0;0;0;0;0;0;0;3;3;0;0;1;10;0;0;0;0;0;0;0;0;0;0;0;0;0;0;0;0;0;0
03.05.2024;19:45;A 38;1;0;0;0;0;0;0;0;0;0;0;0;0;0;0;0;0;1;24;0;0;1;7;0;0;2;1;3;1;1;5;2;12;0;0;0;0;0;0;0;0;0;0;0;0;0;0;0;0;0;0
03.05.2024;19:44;A 38;1;11;23;0;0;6;51;0;0;9;8;2;13;4;38;2;17;0;0;0;0;0;0;0;0;1;1;5;3;1;5;3;22;0;0;0;0;0;0;0;0;0;0;0;0;0;0;0;0;0;0
03.05.2024;19:43;A 38;1;0;0;0;0;0;0;0;0;1;0;1;5;0;0;1;11;0;0;0;78;0;0;0;0;1;0;5;5;1;4;1;16;0;0;0;0;0;0;0;0;0;0;0;0;0;0;0;0;0;0
03.05.2024;19:42;A 38;1;12;23;0;0;1;55;0;0;12;10;0;0;1;37;0;0;0;0;1;26;0;0;1;6;0;0;2;74;0;0;2;20;0;0;0;0;0;0;0;0;0;0;0;0;1;7;0;0;0;0
03.05.2024;19:41;A 38;1;2;43;0;40;1;46;0;0;4;17;1;0;3;28;2;5;0;0;0;0;0;0;0;0;2;0;11;38;0;0;3;73;0;0;0;0;0;0;0;0;0;0;0;0;0;0;0;0;0;0
03.05.2024;19:40;A 38;1;12;36;1;9;7;67;1;5;11;8;1;0;6;37;1;3;0;0;1;38;0;0;1;9;0;0;1;0;0;0;1;7;0;0;0;0;0;0;0;0;0;0;0;0;0;0;0;0;0;0
03.05.2024;19:39;A 38;1;3;37;2;30;2;47;1;3;4;4;1;0;3;29;1;3;1;40;0;0;1;8;0;0;0;0;3;15;0;0;3;35;0;0;0;0;0;0;0;0;0;0;0;0;0;0;0;0;0;0
03.05.2024;19:38;A 38;1;10;9;0;0;4;34;0;0;11;8;2;0;4;34;0;0;1;82;0;0;0;0;0;0;5;1;16;13;0;0;7;61;0;0;0;0;0;0;0;0;1;6;0;0;0;0;0;0;0;0
03.05.2024;19:37;A 38;1;3;4;1;0;1;13;0;2;166;24;1;0;2;21;1;3;1;25;0;0;1;12;0;0;0;0;0;0;0;0;0;0;0;0;0;0;0;0;0;0;0;0;1;6;0;0;0;0;0;0
03.05.2024;19:36;A 38;1;4;62;2;38;2;68;3;13;2;10;2;1;2;18;2;8;1;24;0;0;1;13;0;0;0;0;1;2;0;0;1;9;0;0;0;0;0;0;0;0;0;0;0;0;0;0;0;0;0;0
03.05.2024;19:35;A 38;1;7;49;0;0;2;64;1;2;8;7;0;0;3;28;0;0;0;0;0;0;0;0;0;0;0;0;4;3;0;0;2;16;0;0;0;0;0;0;0;0;0;0;0;0;0;0;0;0;0;0
03.05.2024;19:34;A 38;1;11;25;1;0;3;54;1;0;9;6;1;0;3;26;1;3;0;0;1;0;0;0;0;0;2;1;7;5;1;5;2;30;0;0;0;0;0;0;0;0;0;0;0;0;0;0;0;0;0;0
03.05.2024;19:33;A 38;1;3;3;0;0;2;10;0;0;3;2;1;0;2;12;0;0;0;0;1;1;0;0;0;0;1;0;5;4;1;5;5;24;0;0;0;0;0;0;0;0;0;0;0;0;0;0;0;0;0;0
03.05.2024;19:32;A 38;1;9;8;1;0;7;33;2;2;9;7;2;1;7;35;1;3;0;0;0;0;0;0;0;0;3;0;12;28;0;0;3;56;0;0;0;0;0;0;0;0;0;0;0;0;0;0;0;0;0;0
03.05.2024;19:31;A 38;1;0;0;0;0;0;0;0;0;0;0;0;0;0;0;0;0;0;0;0;0;0;0;0;0;0;0;1;97;0;0;0;100;0;0;0;0;0;0;0;0;0;0;0;0;1;7;0;0;0;0
03.05.2024;19:30;A 38;1;9;7;0;0;3;28;0;0;9;7;0;0;1;29;0;0;0;0;0;0;0;0;0;0;0;0;2;1;0;0;3;16;0;0;0;0;0;0;0;0;0;0;0;0;0;0;0;0;0;0
03.05.2024;19:29;A 38;1;2;11;0;0;2;23;0;0;4;17;1;4;2;33;1;7;1;19;0;17;1;16;0;0;1;0;9;45;0;0;2;83;0;0;0;0;0;0;0;0;0;0;0;0;0;0;0;0;0;0
03.05.2024;19:28;A 38;1;5;4;1;0;3;18;1;0;5;4;2;1;3;18;2;2;1;71;0;100;1;10;0;0;0;0;1;28;0;0;1;12;0;0;0;0;0;0;0;0;1;5;1;5;0;0;0;0;0;0
03.05.2024;19:27;A 38;1;1;15;0;0;1;8;0;0;2;12;0;0;2;24;0;0;0;0;1;64;0;0;1;42;1;1;3;13;1;10;2;17;0;0;1;1;0;0;0;0;0;0;0;0;0;0;0;0;0;0
03.05.2024;19:26;A 38;1;11;23;2;1;6;34;1;1;10;7;3;1;7;34;2;5;0;0;1;74;0;0;1;87;2;1;3;22;1;3;1;12;0;0;0;0;0;0;0;0;0;0;0;0;0;0;0;0;0;0
03.05.2024;19:25;A 38;1;10;54;0;0;1;33;0;0;12;10;0;0;1;36;0;0;0;0;0;0;0;0;0;0;0;0;3;18;0;0;2;15;0;0;0;0;0;0;0;0;0;0;0;0;0;0;0;0;0;0
03.05.2024;19:24;A 38;1;3;68;0;0;1;80;0;0;1;4;1;11;2;13;1;8;1;32;0;47;1;9;0;0;1;31;9;39;1;11;2;75;0;0;0;0;0;0;1;1;0;0;0;0;0;0;0;0;0;0
03.05.2024;19:23;A 38;1;7;9;0;0;1;27;0;0;9;7;0;0;3;31;0;0;0;0;1;39;0;0;1;8;1;0;7;7;1;5;3;20;0;0;0;0;0;0;0;0;0;0;0;0;1;6;0;0;0;0
03.05.2024;19:22;A 38;1;5;49;0;0;3;69;0;0;3;2;0;0;2;10;0;0;0;0;0;0;0;0;0;0;2;0;6;4;0;0;3;21;0;0;0;0;0;0;0;0;0;0;0;0;0;0;0;0;0;0
03.05.2024;19:21;A 38;1;1;3;0;0;3;24;0;0;2;10;1;14;3;26;1;17;1;12;0;30;1;16;0;0;0;0;2;29;0;0;2;20;0;0;0;0;0;0;0;0;0;0;0;0;0;0;0;0;0;0
03.05.2024;19:20;A 38;1;10;10;0;0;3;31;0;0;10;9;0;0;2;34;0;0;0;0;1;77;0;0;1;11;1;0;10;7;1;5;4;37;0;0;0;0;0;0;0;0;0;0;0;0;0;0;0;0;0;0
03.05.2024;19:19;A 38;1;8;17;0;0;2;37;0;0;9;8;0;0;3;33;0;0;0;0;0;0;0;0;0;0;2;1;14;16;1;5;5;49;0;0;0;0;0;0;0;0;0;0;0;0;0;0;0;0;0;0
03.05.2024;19:18;A 38;1;1;61;0;0;1;66;0;0;1;10;0;0;1;18;0;0;0;68;0;0;0;0;0;0;0;19;5;65;0;0;3;58;0;0;0;0;0;0;0;0;1;5;0;2;0;0;0;0;0;0
03.05.2024;19:17;A 38;1;1;10;0;0;1;6;0;0;1;1;0;0;1;6;0;0;1;18;0;0;1;15;0;0;1;36;2;53;1;11;2;69;0;0;0;0;0;0;0;0;0;0;1;4;0;0;0;0;0;0
03.05.2024;19:16;A 38;1;15;11;1;0;7;41;0;0;14;9;1;0;6;42;1;3;0;0;0;0;0;0;0;0;2;1;4;2;1;4;3;17;0;0;0;0;0;0;0;0;0;0;0;0;0;0;0;0;0;0
03.05.2024;19:15;A 38;1;2;40;1;20;3;19;1;4;4;17;1;0;2;32;1;4;0;28;0;0;0;0;0;0;1;0;2;1;0;0;3;12;0;0;0;0;0;0;0;0;0;0;0;0;0;0;0;0;0;0
03.05.2024;19:14;A 38;1;8;7;0;0;5;30;0;0;42;10;1;0;4;26;1;3;1;87;0;0;1;8;0;0;2;0;7;5;0;0;6;32;0;0;0;0;0;0;0;0;0;0;0;0;0;0;0;0;0;0
03.05.2024;19:13;A 38;1;1;1;0;0;1;3;0;0;109;13;0;0;1;3;0;0;0;0;0;0;0;0;0;0;0;0;6;43;0;0;3;35;0;0;0;0;0;0;0;0;0;0;0;0;1;7;0;0;0;0
03.05.2024;19:12;A 38;1;12;29;1;25;2;65;1;9;12;9;2;1;2;37;1;5;0;0;0;0;0;0;0;0;0;0;1;53;0;0;1;10;0;0;0;0;0;0;0;0;0;0;0;0;0;0;0;0;0;0
03.05.2024;19:11;A 38;1;8;50;0;38;1;63;0;0;9;7;1;0;2;29;1;4;0;0;0;0;0;0;0;0;0;0;1;0;0;0;1;4;0;0;0;0;0;0;0;0;0;0;0;0;0;0;0;0;0;0
03.05.2024;19:10;A 38;1;9;28;4;11;5;54;3;9;5;4;3;1;4;21;2;7;0;0;1;0;0;0;0;0;2;1;5;4;2;11;2;20;0;0;0;0;0;0;0;0;0;0;0;0;0;0;0;0;0;0
03.05.2024;19:09;A 38;1;2;2;0;0;1;8;0;0;2;1;0;0;1;7;0;0;0;0;0;0;0;0;0;0;1;0;3;2;0;0;3;15;0;0;0;0;0;0;0;0;0;0;0;0;0;0;0;0;0;0
03.05.2024;19:08;A 38;1;7;5;2;0;5;23;1;0;5;8;3;1;4;21;3;6;0;0;0;0;0;0;0;0;0;0;9;69;0;0;0;90;0;0;0;0;0;0;0;0;1;5;1;5;0;0;0;0;0;0
03.05.2024;19:07;A 38;1;0;0;0;0;0;0;0;0;13;7;0;0;1;14;0;0;0;71;1;0;0;0;0;0;3;1;5;45;4;10;6;53;0;0;0;0;0;0;0;0;0;0;0;0;0;0;0;0;0;0
03.05.2024;19:06;A 38;1;6;65;0;0;1;85;0;0;5;4;2;13;2;20;1;5;1;31;0;32;1;9;0;0;1;0;7;31;0;0;1;57;0;0;0;0;0;0;0;0;0;0;0;0;0;0;0;0;0;0
03.05.2024;19:05;A 38;1;1;1;0;0;2;4;0;0;1;0;1;12;1;4;1;8;0;0;1;11;0;0;1;10;0;0;4;37;0;0;0;47;0;0;0;0;0;0;0;0;0;0;0;0;0;0;0;0;0;0
03.05.2024;19:04;A 38;1;13;10;1;0;4;33;0;0;12;9;1;0;5;35;1;3;0;0;1;53;0;0;1;11;1;0;6;23;1;4;3;49;0;0;0;0;0;0;0;0;0;0;0;0;0;0;0;0;0;0
03.05.2024;19:03;A 38;1;0;0;0;0;1;3;0;0;3;0;8;1;0;0;0;0;0;0;0;0;0;0;0;0;0;0;4;81;0;0;0;100;0;0;1;1;0;0;0;0;1;5;5;5;0;0;0;0;0;0
03.05.2024;19:02;A 38;1;10;7;0;0;6;30;0;0;16;10;0;0;6;40;0;0;0;0;0;0;0;0;0;0;1;0;10;65;1;5;1;91;0;0;0;0;0;0;0;0;0;0;0;0;1;7;0;0;0;0
03.05.2024;19:01;A 38;1;3;35;0;0;2;45;0;0;0;0;0;0;1;1;0;0;0;0;0;0;0;0;0;0;2;0;2;36;1;4;2;51;0;0;0;0;0;0;0;0;0;0;0;0;0;0;0;0;0;0
03.05.2024;19:00;A 38;1;5;53;0;0;2;55;0;0;5;5;1;0;2;20;0;0;0;0;0;0;0;0;0;0;0;0;6;5;0;0;2;26;0;0;1;1;0;0;0;0;0;0;0;0;0;0;0;0;0;0
03.05.2024;18:59;A 38;1;0;0;0;0;0;0;0;0;0;0;0;0;0;0;0;0;0;0;0;0;0;0;0;0;2;0;4;2;1;4;3;21;0;0;0;0;0;0;0;0;0;0;0;0;0;0;0;0;0;0
03.05.2024;18:58;A 38;1;10;9;2;1;5;34;0;0;9;7;1;0;5;32;1;4;0;0;0;0;0;0;0;0;2;0;7;6;0;0;3;31;0;0;0;0;0;0;0;0;0;0;0;0;0;0;0;0;0;0
03.05.2024;18:57;A 38;1;3;23;0;0;1;33;0;0;4;6;0;0;3;21;0;0;0;29;0;0;0;0;0;0;1;0;6;51;0;0;3;60;0;0;0;0;0;0;0;0;0;0;0;0;0;0;0;0;0;0
03.05.2024;18:56;A 38;1;8;36;2;1;1;42;2;3;19;9;2;14;4;30;1;18;1;69;0;0;1;10;0;0;2;1;9;11;1;5;3;39;0;0;0;0;0;0;0;0;0;0;0;0;0;0;0;0;0;0
03.05.2024;18:55;A 38;1;1;24;0;0;1;8;0;0;3;0;1;4;0;0;1;10;0;0;1;82;0;0;1;41;1;0;2;1;1;5;2;7;0;0;0;0;0;0;0;0;0;0;0;0;0;0;0;0;0;0
03.05.2024;18:54;A 38;1;11;14;0;0;7;39;0;0;12;10;0;0;4;46;0;0;0;0;1;69;0;0;1;7;0;49;5;54;0;0;2;66;0;0;0;0;0;0;0;0;0;0;0;0;1;7;0;0;0;0
03.05.2024;18:53;A 38;1;3;68;1;41;1;59;0;41;4;13;2;1;3;30;1;9;0;0;0;0;0;0;0;0;3;33;8;41;1;10;3;89;0;0;0;0;0;0;0;0;0;0;0;0;0;0;0;0;0;0
03.05.2024;18:52;A 38;1;10;34;2;9;3;56;2;16;8;5;3;1;2;22;1;2;1;3;0;0;1;14;0;0;2;0;6;4;1;3;4;25;0;0;0;0;0;0;0;0;0;0;0;0;0;0;0;0;0;0
03.05.2024;18:51;A 38;1;2;43;0;0;2;8;0;0;13;30;4;0;4;25;0;0;0;14;0;0;0;0;0;0;2;38;3;2;1;14;3;13;0;0;0;0;0;0;0;0;1;7;1;9;0;0;0;0;0;0
03.05.2024;18:50;A 38;1;14;33;2;1;2;69;4;8;14;11;2;1;4;44;2;7;1;34;0;0;1;9;0;0;1;0;7;28;1;5;5;54;0;0;0;0;0;0;0;0;0;0;0;0;0;0;0;0;0;0
03.05.2024;18:49;A 38;1;8;34;0;0;2;56;0;0;9;19;0;0;3;33;0;0;0;0;1;0;0;0;0;0;1;0;4;17;1;6;2;29;0;0;0;0;0;0;0;0;0;0;0;0;0;0;0;0;0;0
03.05.2024;18:48;A 38;1;6;56;0;0;4;76;0;0;6;7;0;0;4;29;0;0;1;66;0;0;0;4;0;0;0;24;6;79;0;0;1;94;0;0;0;0;0;0;0;0;1;6;1;5;0;0;0;0;0;0
03.05.2024;18:47;A 38;1;2;25;1;22;0;29;0;22;3;3;2;2;1;11;1;7;0;0;0;0;1;4;0;0;1;18;1;99;1;13;1;80;0;0;1;1;0;0;1;1;0;0;0;0;0;0;0;0;0;0
03.05.2024;18:46;A 38;1;11;33;1;18;7;64;2;14;15;12;1;0;8;36;1;2;0;0;1;0;0;0;0;0;3;1;4;3;1;4;2;22;0;0;0;0;0;0;0;0;0;0;0;0;0;0;0;0;0;0
03.05.2024;18:45;A 38;1;2;28;0;0;1;36;0;0;4;17;0;0;2;29;1;5;1;1;0;40;1;6;0;0;4;6;9;43;3;65;3;75;0;0;0;0;0;0;0;0;0;0;0;0;0;0;0;0;0;0
03.05.2024;18:44;A 38;1;9;18;0;0;6;29;0;0;82;25;0;0;8;55;0;0;0;0;1;54;0;0;1;10;1;0;2;94;1;5;0;97;0;0;0;0;0;0;0;0;0;0;0;0;1;7;0;0;0;0
03.05.2024;18:43;A 38;1;1;44;0;0;1;6;0;0;113;17;0;0;1;9;0;0;1;78;1;0;1;69;0;0;1;0;15;50;1;5;2;76;0;0;0;0;0;0;0;0;0;0;0;0;1;8;0;0;0;0
03.05.2024;18:42;A 38;1;7;47;1;34;2;68;1;5;9;25;1;0;1;49;1;3;2;61;0;0;1;29;0;0;0;0;0;0;0;0;0;0;0;0;0;0;0;0;0;0;0;0;0;0;1;41;0;0;0;0
03.05.2024;18:41;A 38;1;2;42;1;40;0;47;0;0;4;25;3;8;3;19;3;18;1;64;0;0;2;15;0;0;3;1;9;38;1;6;3;47;0;0;0;0;0;0;0;0;0;0;0;0;0;0;0;0;0;0
03.05.2024;18:40;A 38;1;11;37;1;15;6;67;1;9;9;6;1;0;5;30;1;3;1;8;0;94;1;12;0;0;1;0;3;22;0;0;3;17;0;0;0;0;0;0;0;0;0;0;0;0;0;0;0;0;0;0
03.05.2024;18:39;A 38;1;3;2;0;0;3;12;0;0;3;2;0;0;3;12;0;0;0;0;1;10;0;0;2;9;1;0;1;0;0;3;1;3;0;0;0;0;0;0;0;0;0;0;0;0;0;0;0;0;0;0
03.05.2024;18:38;A 38;1;6;5;0;0;3;22;0;0;6;5;1;0;4;22;0;0;0;0;0;0;0;0;0;0;0;0;3;31;1;0;1;47;0;0;0;0;0;0;0;0;1;5;1;5;0;0;0;0;0;0
03.05.2024;18:37;A 38;1;1;0;0;0;1;2;0;0;3;2;0;0;2;11;0;0;0;0;0;0;0;0;0;0;0;0;9;7;0;0;4;35;0;0;0;0;0;0;0;0;0;0;0;0;0;0;0;0;0;0
03.05.2024;18:36;A 38;1;7;56;2;18;2;69;2;9;6;10;2;1;3;29;2;7;0;29;0;0;0;0;0;0;0;0;2;33;0;0;3;21;0;0;0;0;0;0;0;0;0;0;0;0;0;0;0;0;0;0
03.05.2024;18:35;A 38;1;2;46;0;0;2;36;0;0;5;18;1;5;3;35;1;11;2;21;1;0;1;8;0;0;2;8;5;28;1;8;1;43;0;0;0;0;0;0;0;0;0;0;0;0;0;0;0;0;0;0
03.05.2024;18:34;A 38;1;8;26;0;0;6;34;0;0;7;4;1;0;6;23;0;0;0;98;1;3;0;80;1;4;0;0;6;50;0;0;1;71;0;0;0;0;0;0;0;0;1;6;1;6;0;0;0;0;0;0
03.05.2024;18:33;A 38;1;0;0;0;0;0;0;0;0;0;0;1;11;0;0;1;9;1;17;0;28;2;19;1;3;0;0;1;18;0;0;2;11;0;0;0;0;0;0;0;0;0;0;0;0;0;0;0;0;0;0
03.05.2024;18:32;A 38;1;12;39;3;1;2;64;0;0;10;9;4;2;3;35;2;10;0;0;1;31;0;0;1;8;2;0;13;22;1;3;9;54;0;0;0;0;0;0;0;0;0;0;0;0;0;0;0;0;0;0
03.05.2024;18:31;A 38;1;5;10;1;0;1;27;1;1;6;5;1;1;2;19;1;4;0;0;1;0;0;0;0;0;3;1;7;19;1;4;3;32;0;0;0;0;0;0;0;0;0;0;0;0;0;0;0;0;0;0
03.05.2024;18:30;A 38;1;7;42;0;0;2;80;0;0;4;21;1;7;2;34;1;9;1;1;2;29;1;7;2;28;1;0;3;4;0;0;2;20;0;0;0;0;0;0;0;0;0;0;0;0;0;0;0;0;0;0
03.05.2024;18:29;A 38;1;1;0;0;0;1;2;0;0;1;0;0;0;1;2;0;0;0;0;0;0;0;0;0;0;1;0;8;6;0;0;4;34;0;0;0;0;0;0;0;0;0;0;0;0;0;0;0;0;0;0
03.05.2024;18:28;A 38;1;8;5;1;0;6;24;0;0;7;5;1;0;4;23;3;4;0;0;0;0;0;0;0;0;1;0;11;9;0;0;1;38;0;0;0;0;0;0;0;0;0;0;0;0;0;0;0;0;0;0
03.05.2024;18:27;A 38;1;0;0;0;0;0;0;0;0;2;4;1;0;2;19;1;3;0;36;0;0;0;0;0;0;5;22;4;10;3;30;3;22;0;0;0;0;0;0;0;0;0;0;0;0;0;0;0;0;0;0
03.05.2024;18:26;A 38;1;12;11;2;1;4;41;2;3;11;16;1;0;4;45;1;2;1;23;0;0;1;8;0;0;6;2;13;22;2;8;4;63;0;0;0;0;0;0;0;0;0;0;0;0;0;0;0;0;0;0
03.05.2024;18:25;A 38;1;2;17;0;0;3;5;0;0;3;5;0;0;4;12;0;0;1;55;0;0;1;9;0;0;0;3;10;20;0;0;3;46;0;0;0;0;0;0;0;0;0;0;0;0;0;0;0;0;0;0
03.05.2024;18:24;A 38;1;8;59;1;0;3;26;1;0;7;6;2;1;5;31;1;4;1;77;1;0;1;7;0;0;1;19;11;49;1;9;4;70;0;0;0;0;0;0;0;0;0;0;0;0;1;5;0;0;0;0
03.05.2024;18:23;A 38;1;3;16;0;0;3;14;0;0;1;0;0;0;1;5;0;0;0;100;0;0;0;0;0;0;2;0;2;1;0;0;1;5;0;0;0;0;0;0;0;0;0;0;0;0;0;0;0;0;0;0
03.05.2024;18:22;A 38;1;8;9;0;0;2;29;0;0;8;7;0;0;2;31;0;0;1;2;1;0;1;14;0;0;3;1;10;8;2;7;4;41;0;0;0;0;0;0;0;0;0;0;0;0;0;0;0;0;0;0
03.05.2024;18:21;A 38;1;0;0;0;0;0;0;0;0;3;11;2;19;2;18;2;26;1;2;1;47;1;12;1;46;2;1;4;12;1;9;4;24;0;0;0;0;0;0;0;0;0;0;0;0;0;0;0;0;0;0
03.05.2024;18:20;A 38;1;17;35;3;1;8;57;0;0;14;21;4;2;9;47;3;9;0;0;1;41;0;0;3;7;6;3;6;5;1;10;3;27;0;0;0;0;0;0;0;0;0;0;0;0;0;0;0;0;0;0
03.05.2024;18:19;A 38;1;2;46;0;0;1;7;0;0;2;2;0;0;3;16;0;0;1;84;0;0;0;83;0;0;0;0;3;2;0;0;2;12;0;0;0;0;0;0;0;0;0;0;0;0;0;0;0;0;0;0
03.05.2024;18:18;A 38;1;12;55;1;0;9;65;1;1;12;10;2;2;6;42;2;11;1;93;1;3;1;14;0;14;2;2;3;72;1;10;1;80;0;0;0;0;0;0;0;0;1;6;1;21;0;0;0;0;0;0
03.05.2024;18:17;A 38;1;11;64;0;22;1;69;0;0;13;16;2;12;2;58;1;7;0;0;0;0;1;4;1;9;3;13;10;41;1;3;6;80;0;0;0;0;0;0;0;0;0;0;0;0;0;0;0;0;0;0
03.05.2024;18:16;A 38;1;1;27;1;17;1;41;1;8;0;0;0;0;1;4;1;5;9;22;1;34;1;6;1;9;1;12;3;29;1;10;2;45;0;0;0;0;0;0;0;0;0;0;0;0;0;0;0;0;0;0
03.05.2024;18:15;A 38;1;2;20;0;0;1;5;0;0;4;17;0;0;3;31;0;0;2;46;0;0;1;55;0;0;0;0;6;28;0;0;3;42;0;0;0;0;0;0;0;0;0;0;0;0;0;0;0;0;0;0
03.05.2024;18:14;A 38;1;13;54;1;1;5;88;1;4;16;30;6;22;5;76;2;34;1;74;1;0;2;80;0;1;4;2;5;15;2;12;5;29;0;0;0;0;0;0;0;0;0;0;0;0;0;0;0;0;0;0
03.05.2024;18:13;A 38;1;2;14;0;0;2;31;0;0;1;0;0;0;1;4;3;2;2;57;3;37;2;51;3;27;2;1;9;8;1;4;2;38;0;0;0;0;0;0;0;0;0;0;0;0;0;0;0;0;0;0
03.05.2024;18:12;A 38;1;8;38;1;5;2;51;1;5;12;19;2;15;2;51;3;48;2;5;0;2;0;9;0;0;0;0;1;56;0;0;2;12;0;0;1;1;0;0;1;1;0;0;0;0;2;22;0;0;0;0
03.05.2024;18:11;A 38;1;1;46;0;0;1;6;0;0;0;0;0;0;0;0;0;0;0;100;0;100;1;7;0;0;0;0;5;36;0;0;1;50;0;0;0;0;0;0;0;0;0;0;0;0;0;0;0;0;0;0
03.05.2024;18:10;A 38;1;10;8;1;0;6;34;0;0;9;7;1;0;8;32;1;3;1;5;1;29;1;6;1;8;1;0;9;12;0;0;1;35;0;0;0;0;0;0;1;1;0;0;0;0;0;0;0;0;0;0
03.05.2024;18:09;A 38;1;3;3;0;0;1;15;0;0;2;2;1;0;1;9;1;3;0;0;0;0;0;0;0;0;1;18;1;26;2;13;1;40;0;0;0;0;0;0;0;0;1;5;1;6;0;0;0;0;0;0
03.05.2024;18:08;A 38;1;15;19;0;0;2;68;0;0;16;28;0;11;3;64;0;2;0;0;0;0;0;0;0;0;2;13;7;20;1;10;4;40;0;0;0;0;0;0;0;0;0;0;0;0;0;0;0;0;0;0
03.05.2024;18:07;A 38;1;1;0;0;0;3;31;0;0;2;3;1;3;2;10;1;9;1;82;1;76;1;7;1;4;2;5;5;13;2;13;4;35;0;0;0;0;0;0;0;0;0;0;0;0;0;0;0;0;0;0
03.05.2024;18:06;A 38;1;6;13;2;44;3;74;2;37;7;8;4;4;2;20;2;14;1;27;1;34;1;7;3;9;3;45;7;58;2;49;4;86;0;0;0;0;0;0;0;0;0;0;0;0;0;0;0;0;0;0
03.05.2024;18:05;A 38;1;1;0;0;0;1;2;0;0;1;0;0;0;1;3;0;0;0;0;1;51;0;0;1;11;0;0;3;16;0;0;1;37;0;0;0;0;0;0;0;0;0;0;0;0;0;0;0;0;0;0
03.05.2024;18:04;A 38;1;6;5;1;0;2;18;1;1;7;5;3;1;2;19;1;3;0;0;0;0;0;0;0;0;3;2;2;1;2;9;2;8;0;0;1;1;0;0;0;0;0;0;0;0;0;0;0;0;0;0
03.05.2024;18:03;A 38;1;2;34;0;0;2;34;0;0;4;10;0;0;2;33;0;0;2;51;0;0;0;54;0;0;0;0;6;27;0;0;5;52;0;0;0;0;0;0;0;0;0;0;0;0;0;0;0;0;0;0
03.05.2024;18:02;A 38;1;14;42;1;0;2;70;1;0;17;20;2;1;3;66;3;4;1;36;0;0;2;17;0;0;3;1;17;33;0;0;5;85;0;0;0;0;0;0;0;0;0;0;0;0;0;0;0;0;0;0
03.05.2024;18:01;A 38;1;10;49;0;0;5;77;0;0;13;11;1;1;4;47;1;5;2;30;1;39;2;17;1;9;0;0;1;30;0;0;1;7;0;0;0;0;0;0;0;0;0;0;0;0;0;0;0;0;0;0
03.05.2024;18:00;A 38;1;9;63;1;0;1;88;0;0;6;19;0;0;2;26;0;0;0;28;0;0;0;0;0;0;2;0;5;34;0;0;4;36;0;0;0;0;0;0;0;0;0;0;0;0;0;0;0;0;0;0
03.05.2024;17:59;A 38;1;1;34;0;0;1;5;0;0;3;14;1;6;2;27;1;11;3;31;1;3;1;37;0;0;1;0;6;49;0;0;2;52;0;0;0;0;0;0;0;0;0;0;0;0;0;0;0;0;0;0
03.05.2024;17:58;A 38;1;7;21;2;10;2;42;2;7;6;5;2;1;3;22;1;7;0;100;0;0;0;100;1;12;1;0;8;77;0;0;0;100;0;0;0;0;0;0;0;0;1;6;1;32;0;0;0;0;0;0
03.05.2024;17:57;A 38;1;0;0;0;0;0;0;0;0;0;0;0;0;0;0;0;0;1;69;0;0;2;31;0;0;1;0;6;58;1;6;4;47;0;0;0;0;0;0;0;0;0;0;0;0;0;0;0;0;0;0
03.05.2024;17:56;A 38;1;6;4;0;0;5;21;0;0;8;11;1;9;5;36;0;14;0;0;0;0;0;0;0;0;2;1;7;11;1;5;6;39;0;0;1;1;0;0;0;0;0;0;0;0;0;0;0;0;0;0
03.05.2024;17:55;A 38;1;1;0;0;0;1;2;0;0;1;0;0;0;1;2;1;0;1;1;1;89;1;6;0;87;5;1;11;9;0;0;3;40;0;0;0;0;0;0;0;0;0;0;0;0;0;0;0;0;0;0
03.05.2024;17:54;A 38;1;11;8;0;0;8;35;0;0;11;8;1;0;6;37;1;2;0;0;1;27;0;0;3;36;2;1;7;5;1;5;5;27;0;0;0;0;0;0;0;0;0;0;0;0;0;0;0;0;0;0
03.05.2024;17:53;A 38;1;1;12;1;1;2;8;1;2;3;10;3;6;2;19;3;22;1;26;1;26;0;26;0;27;2;8;11;58;2;9;1;95;0;0;0;0;0;0;0;0;0;0;0;0;0;0;0;0;0;0
03.05.2024;17:52;A 38;1;11;11;0;0;1;37;0;0;11;10;1;0;1;33;1;2;0;100;1;61;0;100;2;30;0;0;7;87;0;0;0;100;0;0;0;0;0;0;0;0;0;0;0;0;1;5;0;0;0;0
03.05.2024;17:51;A 38;1;0;0;0;0;0;0;0;0;5;32;1;20;2;49;1;27;4;75;0;46;3;79;0;0;1;0;3;57;0;0;3;54;0;0;1;1;0;0;1;1;0;0;0;0;0;0;0;0;0;0
03.05.2024;17:50;A 38;1;11;36;1;0;3;45;1;1;13;18;4;6;7;51;1;15;1;25;1;74;5;42;1;13;2;1;17;29;1;5;5;73;0;0;1;1;0;0;1;1;0;0;0;0;0;0;0;0;0;0
03.05.2024;17:49;A 38;1;6;32;0;0;5;24;0;0;7;5;0;0;8;30;1;9;1;81;1;79;1;66;1;9;0;0;3;26;0;0;2;30;0;0;0;0;0;0;0;0;0;0;0;0;0;0;0;0;0;0
03.05.2024;17:48;A 38;1;11;37;0;0;7;48;0;0;12;20;1;0;6;61;0;0;2;89;1;62;1;15;1;10;0;0;6;47;0;0;2;69;0;0;0;0;0;0;0;0;1;6;1;8;0;0;0;0;0;0
03.05.2024;17:47;A 38;1;4;71;0;0;1;54;0;0;5;6;2;12;3;26;2;17;1;24;1;2;2;27;0;0;1;0;4;3;0;0;3;23;0;0;0;0;0;0;0;0;0;0;0;0;0;0;0;0;0;0
03.05.2024;17:46;A 38;1;12;31;1;0;9;65;0;0;11;8;1;0;5;35;1;3;1;75;2;53;1;5;2;69;1;0;3;2;0;0;1;11;0;0;0;0;0;0;0;0;0;0;0;0;0;0;0;0;0;0
03.05.2024;17:45;A 38;1;0;0;0;0;0;0;0;0;3;14;2;19;1;27;1;28;2;35;2;23;0;36;1;22;2;4;4;43;2;11;4;20;0;0;0;0;0;0;0;0;0;0;0;0;0;0;0;0;0;0
03.05.2024;17:44;A 38;1;9;16;2;1;3;38;2;3;11;18;3;6;4;54;2;16;1;69;0;0;2;66;1;3;0;0;10;12;0;0;3;71;0;0;0;0;0;0;0;0;0;0;0;0;0;0;0;0;0;0
03.05.2024;17:43;A 38;1;0;0;0;0;0;0;0;0;0;0;0;0;0;0;0;0;2;64;1;50;1;73;1;10;1;44;5;54;0;0;1;42;0;0;0;0;0;0;0;0;0;0;0;0;1;7;0;0;0;0
03.05.2024;17:42;A 38;1;5;27;1;1;2;37;1;2;7;25;4;21;1;50;2;30;1;30;1;29;0;30;0;1;1;52;1;52;1;7;1;11;0;0;1;1;0;0;0;0;0;0;0;0;0;0;0;0;0;0
03.05.2024;17:41;A 38;1;1;0;0;0;1;4;0;0;3;2;0;0;2;10;0;0;1;77;0;0;2;12;1;8;3;1;6;5;1;4;2;24;0;0;0;0;0;0;0;0;0;0;0;0;0;0;0;0;0;0
03.05.2024;17:40;A 38;1;14;13;0;0;8;45;0;0;15;12;2;0;6;51;1;3;0;0;0;0;0;0;0;0;2;0;10;8;0;0;3;36;0;0;0;0;0;0;0;0;0;0;0;0;0;0;0;0;0;0
03.05.2024;17:39;A 38;1;4;61;1;1;3;33;1;3;3;10;0;0;4;16;0;0;0;49;0;0;0;0;0;0;0;0;5;7;0;0;2;34;0;0;0;0;0;0;0;0;0;0;0;0;0;0;0;0;0;0
03.05.2024;17:38;A 38;1;13;10;0;0;6;48;0;0;14;29;3;16;6;64;1;25;1;60;0;0;1;14;0;0;0;0;5;42;0;0;1;63;0;0;0;0;0;0;0;0;1;5;1;6;0;0;0;0;0;0
03.05.2024;17:37;A 38;1;6;6;0;0;0;26;0;0;11;10;1;0;3;40;2;8;2;39;2;79;2;20;1;9;2;1;4;4;3;11;0;15;0;0;0;0;0;0;0;0;0;0;0;0;0;0;0;0;0;0
03.05.2024;17:36;A 38;1;3;29;0;0;2;44;0;0;1;13;2;19;1;24;1;29;0;47;1;49;0;45;1;60;1;0;12;66;0;0;0;100;0;0;1;1;0;0;0;0;0;0;0;0;0;0;0;0;0;0
03.05.2024;17:35;A 38;1;10;28;0;0;3;53;0;0;13;18;3;23;1;68;1;27;1;16;1;25;1;27;2;28;1;69;0;99;1;8;0;100;0;0;0;0;0;0;0;0;0;0;0;0;1;6;0;0;0;0
03.05.2024;17:34;A 38;1;6;45;0;0;4;64;0;0;6;4;0;0;4;24;1;6;2;3;2;70;2;14;3;52;0;0;9;38;0;0;2;65;0;0;0;0;0;0;0;0;0;0;0;0;0;0;0;0;0;0
03.05.2024;17:33;A 38;1;3;18;1;56;2;30;1;3;5;28;2;19;2;46;2;11;3;37;2;7;3;36;3;18;1;1;3;49;1;7;2;56;0;0;0;0;1;1;1;1;0;0;0;0;0;0;0;0;0;0
03.05.2024;17:32;A 38;1;12;10;1;0;6;36;0;0;12;21;2;13;5;53;1;8;1;27;1;1;2;30;0;0;0;0;13;29;0;0;3;63;0;0;0;0;0;0;0;0;0;0;0;0;0;0;0;0;0;0
03.05.2024;17:31;A 38;1;5;5;0;0;0;17;0;0;7;7;1;0;2;28;1;2;1;64;0;85;1;11;0;0;3;1;4;2;3;8;4;14;0;0;1;1;0;0;1;1;0;0;0;0;0;0;0;0;0;0
03.05.2024;17:30;A 38;1;3;56;2;51;2;62;2;53;2;12;3;16;2;15;2;18;0;47;1;52;0;0;1;10;0;0;10;58;0;0;2;89;0;0;0;0;0;0;0;0;0;0;0;0;0;0;0;0;0;0
03.05.2024;17:29;A 38;1;3;27;0;21;1;31;0;0;5;34;1;0;1;46;1;3;1;27;1;6;1;10;1;9;2;46;7;57;2;42;2;75;0;0;1;1;0;0;0;0;1;6;1;6;0;0;0;0;0;0
03.05.2024;17:28;A 38;1;7;28;3;5;3;47;2;8;6;25;2;1;3;40;1;4;0;95;0;0;0;0;0;0;1;0;5;4;1;4;1;19;0;0;0;0;0;0;0;0;0;0;0;0;0;0;0;0;0;0
03.05.2024;17:27;A 38;1;4;44;0;0;2;37;0;0;4;21;3;17;4;40;1;24;1;62;2;47;1;8;0;49;1;35;7;52;1;10;2;78;0;0;0;0;0;0;0;0;0;0;0;0;0;0;0;0;0;0
03.05.2024;17:26;A 38;1;13;35;0;0;7;42;0;0;16;25;3;14;5;65;0;15;1;42;1;43;1;10;2;13;2;3;10;20;2;15;4;39;0;0;1;1;0;0;0;0;0;0;0;0;0;0;0;0;0;0
03.05.2024;17:25;A 38;1;7;33;0;0;3;26;0;0;9;7;2;6;1;34;1;13;1;81;2;74;1;30;1;66;1;0;4;8;0;0;1;20;0;0;0;0;0;0;0;0;0;0;0;0;0;0;0;0;0;0
03.05.2024;17:24;A 38;1;4;70;1;59;3;70;0;0;4;12;2;16;4;29;2;27;3;3;3;7;3;28;3;19;2;2;14;67;2;13;0;100;0;0;0;0;0;0;0;0;0;0;0;0;0;0;0;0;0;0
03.05.2024;17:23;A 38;1;2;26;0;0;1;35;0;0;4;16;0;0;3;28;0;0;1;49;0;0;0;48;0;0;3;31;12;69;2;25;0;100;0;0;0;0;0;0;0;0;0;0;0;0;0;0;0;0;0;0
03.05.2024;17:22;A 38;1;16;14;2;1;6;58;2;2;14;10;2;1;6;51;2;6;0;100;0;0;1;45;0;0;1;74;0;100;2;80;0;100;0;0;0;0;0;0;0;0;0;0;0;0;1;6;0;0;0;0
03.05.2024;17:21;A 38;1;1;1;0;0;1;7;0;0;4;18;1;0;2;35;1;3;3;40;1;0;2;47;1;4;1;15;9;38;1;14;2;64;0;0;0;0;0;0;0;0;0;0;0;0;0;0;0;0;0;0
03.05.2024;17:20;A 38;1;11;38;0;0;5;60;0;0;12;24;0;0;5;41;0;0;1;35;1;0;2;32;0;0;1;14;6;22;1;4;2;39;0;0;0;0;0;0;0;0;0;0;0;0;0;0;0;0;0;0
03.05.2024;17:19;A 38;1;1;41;0;0;2;38;0;0;1;1;0;0;1;7;0;0;0;80;0;0;0;0;0;0;2;1;6;27;2;13;4;42;0;0;0;0;0;0;0;0;0;0;0;0;0;0;0;0;0;0
03.05.2024;17:18;A 38;1;4;3;0;0;1;14;0;0;4;3;0;0;1;13;0;0;1;0;0;0;1;8;0;0;2;33;10;52;2;14;4;67;0;0;1;1;0;0;0;0;1;6;1;6;0;0;0;0;0;0
03.05.2024;17:17;A 38;1;0;0;0;0;0;0;0;0;2;13;2;17;1;25;1;26;0;2;0;1;0;0;0;0;4;27;7;16;2;34;3;47;0;0;0;0;0;0;0;0;0;0;0;0;0;0;0;0;0;0
03.05.2024;17:16;A 38;1;6;5;0;0;4;21;0;0;6;4;0;0;4;20;0;0;2;97;2;69;1;56;2;32;2;0;4;3;1;10;1;17;0;0;0;0;0;0;0;0;0;0;0;0;0;0;0;0;0;0
03.05.2024;17:15;A 38;1;1;1;0;0;1;4;0;0;6;22;3;20;2;40;1;31;3;51;2;50;1;80;1;48;1;0;4;4;1;5;2;23;0;0;0;0;0;0;0;0;0;0;0;0;0;0;0;0;0;0
03.05.2024;17:14;A 38;1;11;54;0;0;4;77;0;0;13;24;2;9;8;61;1;14;2;46;1;14;3;32;1;10;2;4;11;27;1;9;5;63;0;0;0;0;0;0;0;0;0;0;0;0;0;0;0;0;0;0
03.05.2024;17:13;A 38;1;3;59;1;15;2;62;1;5;4;5;1;0;1;20;1;4;1;28;2;67;1;9;3;22;4;24;9;29;1;34;0;47;0;0;0;0;0;0;0;0;0;0;0;0;0;0;0;0;0;0
03.05.2024;17:12;A 38;1;10;46;0;0;3;77;0;0;9;8;0;0;4;31;0;0;1;70;0;0;0;13;0;0;4;20;8;73;4;34;2;94;0;0;1;1;0;0;0;0;0;0;0;0;1;6;0;0;0;0
03.05.2024;17:11;A 38;1;2;2;1;0;2;11;1;1;4;21;2;1;2;41;2;7;1;2;0;0;1;4;0;0;0;0;0;100;0;0;0;100;0;0;0;0;0;0;0;0;0;0;0;0;0;0;0;0;0;0
03.05.2024;17:10;A 38;1;11;10;0;0;4;42;0;0;12;10;0;0;7;47;0;0;2;74;0;0;2;41;0;0;1;0;11;21;2;4;5;64;0;0;1;1;1;1;0;0;0;0;0;0;0;0;0;0;0;0
03.05.2024;17:09;A 38;1;6;9;0;0;5;33;0;0;7;20;1;1;3;46;2;6;2;20;0;0;0;25;0;0;1;1;6;84;1;6;0;96;0;0;0;0;0;0;0;0;1;6;1;6;0;0;0;0;0;0
03.05.2024;17:08;A 38;1;2;25;0;0;2;9;0;0;6;11;1;12;2;33;0;13;1;84;0;0;2;38;0;0;4;2;13;11;1;5;5;59;0;0;0;0;0;0;0;0;0;0;0;0;0;0;0;0;0;0
03.05.2024;17:07;A 38;1;6;49;0;0;3;22;0;0;9;9;0;0;2;34;1;8;3;82;0;80;1;61;8;4;0;0;0;0;0;0;0;0;0;0;0;0;0;0;0;0;0;0;0;0;0;0;0;0;0;0
03.05.2024;17:06;A 38;1;8;34;1;22;1;65;1;7;6;19;1;11;2;45;1;9;1;30;1;46;2;29;1;18;2;3;3;10;1;8;1;18;0;0;0;0;0;0;0;0;0;0;0;0;0;0;0;0;0;0
03.05.2024;17:05;A 38;1;1;0;0;0;1;3;0;0;2;7;1;1;2;14;1;16;1;0;1;46;1;9;1;10;2;0;10;45;0;0;5;62;0;0;0;0;0;0;0;0;0;0;0;0;0;0;0;0;0;0
03.05.2024;17:04;A 38;1;5;30;1;20;2;41;1;1;7;18;4;9;4;36;2;20;2;52;1;1;3;19;3;7;1;0;8;28;0;0;2;48;0;0;0;0;0;0;0;0;0;0;0;0;0;0;0;0;0;0
03.05.2024;17:03;A 38;1;4;28;2;23;2;35;1;5;7;8;1;0;2;31;2;12;2;80;2;69;0;83;2;61;1;0;9;74;0;0;1;99;0;0;0;0;0;0;0;0;0;0;0;0;1;6;0;0;0;0
03.05.2024;17:02;A 38;1;4;57;0;0;3;67;1;2;7;17;3;18;0;33;0;24;1;81;0;0;2;72;0;0;2;22;4;61;1;8;1;86;0;0;1;1;0;0;0;0;0;0;0;0;0;0;0;0;0;0
03.05.2024;17:01;A 38;1;1;0;1;0;2;2;1;1;0;0;1;36;1;8;2;9;4;85;2;86;0;94;0;88;4;1;7;5;0;0;4;35;0;0;0;0;0;0;0;0;0;0;0;0;0;0;0;0;0;0
03.05.2024;17:00;A 38;1;10;8;1;0;8;32;1;2;10;7;2;1;5;35;1;3;1;39;1;2;2;16;2;15;2;1;5;4;1;5;5;24;0;0;0;0;0;0;0;0;0;0;0;0;0;0;0;0;0;0
03.05.2024;16:59;A 38;1;8;50;0;0;2;70;0;0;11;15;1;11;4;52;1;9;2;4;0;0;0;7;0;0;3;6;13;28;1;9;4;68;0;0;0;0;0;0;0;0;0;0;0;0;0;0;0;0;0;0
03.05.2024;16:58;A 38;1;5;35;0;0;3;45;0;0;4;3;3;0;2;13;0;0;0;98;1;79;1;95;1;10;2;18;13;34;0;23;0;62;0;0;0;0;0;0;0;0;1;5;0;0;0;0;0;0;0;0
03.05.2024;16:57;A 38;1;2;2;0;0;2;8;0;0;5;26;3;25;2;44;1;37;3;52;2;32;2;52;1;40;1;77;1;86;3;46;1;94;0;0;0;0;0;0;0;0;0;0;1;5;0;0;0;0;0;0
03.05.2024;16:56;A 38;1;4;4;0;0;3;17;0;0;8;24;2;8;0;48;0;15;2;84;1;83;2;56;2;86;0;0;9;14;0;0;4;41;0;0;0;0;0;0;0;0;0;0;0;0;0;0;0;0;0;0
03.05.2024;16:55;A 38;1;3;3;1;1;1;10;1;3;7;7;1;0;3;31;2;4;4;79;2;4;3;63;2;18;0;0;5;4;0;0;3;20;0;0;0;0;0;0;0;0;0;0;0;0;0;0;0;0;0;0
03.05.2024;16:54;A 38;1;3;28;1;12;1;42;1;6;8;12;2;12;1;24;2;16;1;43;0;41;1;46;0;0;2;3;1;0;1;14;0;1;0;0;0;0;0;0;0;0;0;0;0;0;0;0;0;0;0;0
03.05.2024;16:53;A 38;1;3;8;0;0;0;11;0;0;34;13;2;2;0;26;0;4;1;41;1;12;2;40;1;7;2;1;18;45;1;6;3;97;0;0;0;0;0;0;0;0;0;0;0;0;1;7;0;0;0;0
03.05.2024;16:52;A 38;1;5;54;2;43;1;71;2;17;2;4;3;16;2;30;1;33;1;55;2;56;1;20;1;39;1;0;3;89;0;0;0;100;0;0;0;0;0;0;0;0;0;0;0;0;0;0;0;0;0;0
03.05.2024;16:51;A 38;1;4;3;0;0;1;12;0;0;9;23;2;12;5;44;1;18;2;61;1;64;2;18;1;8;1;0;9;59;0;0;3;70;0;0;0;0;0;0;1;1;0;0;0;0;0;0;0;0;0;0
03.05.2024;16:50;A 38;1;13;17;0;0;5;59;0;0;12;27;2;17;5;61;2;16;1;68;2;40;1;10;1;13;0;0;9;36;0;0;1;60;0;0;0;0;0;0;0;0;0;0;0;0;0;0;0;0;0;0
03.05.2024;16:49;A 38;1;10;10;0;0;3;33;0;0;13;12;0;0;4;44;0;0;1;84;2;17;0;5;2;12;1;0;5;20;2;7;3;23;0;0;0;0;0;0;0;0;0;0;0;0;0;0;0;0;0;0
03.05.2024;16:48;A 38;1;4;52;0;0;2;68;0;0;7;21;1;14;3;42;1;11;5;55;0;46;2;66;0;0;4;4;12;67;3;22;0;100;0;0;0;0;0;0;0;0;0;3;0;0;0;0;0;0;0;0
03.05.2024;16:47;A 38;1;9;16;2;1;2;40;2;4;14;16;4;2;2;52;2;9;1;37;0;100;1;9;0;0;1;1;5;9;1;9;0;100;0;0;0;0;0;0;0;0;1;1;3;5;1;7;0;0;0;0
03.05.2024;16:46;A 38;1;4;72;2;45;1;88;2;39;6;22;2;18;1;43;2;17;4;7;2;15;0;67;2;19;0;0;2;1;0;0;2;52;0;0;0;0;0;0;0;0;0;0;0;0;0;0;0;0;0;0
03.05.2024;16:45;A 38;1;1;36;0;0;1;7;0;0;3;25;2;28;1;47;2;34;4;48;1;42;1;62;1;31;1;0;7;45;0;0;1;67;0;0;2;3;0;0;1;1;0;0;0;0;0;0;0;0;0;0
03.05.2024;16:44;A 38;1;9;6;0;0;5;32;0;0;9;6;0;0;6;32;0;0;0;100;1;59;0;100;1;8;2;1;8;7;1;4;3;35;0;0;1;1;0;0;1;1;0;0;0;0;0;0;0;0;0;0
03.05.2024;16:43;A 38;1;4;3;0;0;2;14;0;0;5;4;3;2;3;16;1;8;1;27;0;0;2;18;0;0;2;0;10;8;0;0;3;38;0;0;0;0;0;0;0;0;0;0;0;0;0;0;0;0;0;0
03.05.2024;16:42;A 38;1;8;67;2;22;3;67;2;8;7;18;2;14;3;47;3;14;1;30;1;18;1;22;1;9;0;0;7;31;0;0;3;60;0;0;0;0;0;0;0;0;0;0;0;0;0;0;0;0;0;0
03.05.2024;16:41;A 38;1;13;42;3;29;2;72;1;33;16;22;5;17;4;65;5;22;2;1;0;0;2;14;1;1;1;0;7;5;0;0;3;30;0;0;0;0;0;0;0;0;0;0;0;0;0;0;0;0;0;0
03.05.2024;16:40;A 38;1;1;44;1;27;1;51;1;42;1;1;1;1;1;5;1;8;2;31;1;4;2;24;1;10;1;0;5;4;1;1;4;26;0;0;0;0;0;0;0;0;0;0;0;0;0;0;0;0;0;0
03.05.2024;16:39;A 38;1;3;14;2;2;1;21;2;6;5;20;2;1;4;39;1;5;1;40;0;0;0;41;0;0;1;0;3;11;1;5;3;23;0;0;1;1;0;0;0;0;0;0;0;0;0;0;0;0;0;0
03.05.2024;16:38;A 38;1;13;10;0;0;7;41;0;0;16;26;5;19;6;70;1;30;1;55;0;0;2;49;0;0;1;0;11;59;1;4;0;90;0;0;0;0;0;0;0;0;1;6;1;6;0;0;0;0;0;0
03.05.2024;16:37;A 38;1;1;1;0;0;0;2;0;0;3;2;0;0;2;14;1;5;3;86;4;88;1;68;0;96;1;0;8;11;2;4;4;41;0;0;1;1;0;0;0;0;0;0;0;0;0;0;0;0;0;0
03.05.2024;16:36;A 38;1;11;9;0;0;8;37;0;0;12;30;5;13;7;62;1;8;5;75;2;61;2;28;4;42;2;8;1;4;2;18;2;36;0;0;0;0;0;0;0;0;1;6;1;6;0;0;0;0;0;0
03.05.2024;16:35;A 38;1;3;5;0;0;0;48;0;0;5;14;2;8;2;36;2;20;2;67;1;1;3;75;1;5;2;5;4;22;2;18;4;19;0;0;0;0;0;0;0;0;0;0;0;0;0;0;0;0;0;0
03.05.2024;16:34;A 38;1;5;26;0;0;4;49;0;0;9;24;2;12;4;47;0;1;1;19;1;69;1;9;1;9;0;0;10;25;0;0;1;50;0;0;0;0;0;0;0;0;0;0;0;0;0;0;0;0;0;0
03.05.2024;16:33;A 38;1;7;32;0;0;1;25;0;0;9;8;1;0;3;33;1;10;3;86;2;80;0;92;1;31;0;29;7;76;0;0;0;100;0;0;0;0;0;0;0;0;0;0;0;0;1;7;0;0;0;0
03.05.2024;16:32;A 38;1;3;47;0;0;1;63;0;0;6;20;2;7;2;30;0;12;1;34;0;0;1;45;1;11;2;17;4;34;1;12;2;54;0;0;0;0;0;0;2;3;0;0;0;0;0;0;0;0;0;0
03.05.2024;16:31;A 38;1;9;34;0;0;4;62;0;0;10;9;0;0;4;44;1;6;2;68;3;54;2;19;3;23;4;2;6;4;3;18;2;26;0;0;0;0;0;0;0;0;0;0;0;0;0;0;0;0;0;0
03.05.2024;16:30;A 38;1;6;67;1;31;2;81;1;8;7;19;4;3;3;41;2;12;3;41;1;1;1;47;1;5;1;3;5;39;1;9;5;50;0;0;1;1;0;0;0;0;0;0;0;0;0;0;0;0;0;0
03.05.2024;16:29;A 38;1;6;51;0;0;3;62;1;7;11;24;2;16;4;58;2;23;3;54;1;2;2;57;1;9;2;1;9;39;1;6;2;61;0;0;0;0;0;0;0;0;0;0;0;0;0;0;0;0;0;0
03.05.2024;16:28;A 38;1;7;26;0;0;5;47;0;0;6;5;0;0;2;21;0;0;2;75;1;98;1;89;1;23;2;1;8;16;1;4;5;45;0;0;0;0;0;0;0;0;0;0;0;0;0;0;0;0;0;0
03.05.2024;16:27;A 38;1;0;0;0;0;0;0;0;0;5;14;5;18;2;28;1;33;3;41;5;72;0;44;2;51;1;0;4;43;1;4;2;61;0;0;0;0;0;0;0;0;0;0;0;0;1;0;0;0;0;0
03.05.2024;16:26;A 38;1;13;16;0;0;6;74;1;2;16;24;1;19;6;78;1;24;2;11;1;38;1;26;1;15;4;6;7;6;2;22;6;32;0;0;1;1;0;0;0;0;0;0;0;0;0;0;0;0;0;0
03.05.2024;16:25;A 38;1;0;0;0;0;0;0;0;0;1;0;0;0;0;2;0;0;3;69;10;7;3;43;1;5;1;0;9;7;0;0;4;37;0;0;0;0;0;0;0;0;0;0;0;0;0;0;0;0;0;0
03.05.2024;16:24;A 38;1;4;48;0;0;2;52;0;0;5;9;1;6;2;35;1;11;1;37;1;28;0;35;0;5;1;0;5;55;0;0;3;24;0;0;0;0;0;0;0;0;0;0;0;0;0;0;0;0;0;0
03.05.2024;16:23;A 38;1;0;0;0;0;0;0;0;0;8;13;7;23;1;37;1;44;9;59;5;45;1;88;1;63;2;39;10;58;2;23;2;83;0;0;0;0;0;0;0;0;0;0;0;0;0;0;0;0;0;0
03.05.2024;16:22;A 38;1;7;26;2;9;3;32;1;3;6;4;2;1;5;21;2;5;0;100;0;100;0;100;0;100;0;0;2;87;0;0;1;96;0;0;0;0;0;0;0;0;0;0;0;0;1;6;0;0;0;0
03.05.2024;16:21;A 38;1;2;13;0;0;2;14;0;0;6;17;1;16;3;43;1;21;4;64;1;42;3;79;2;11;1;0;8;60;0;0;3;80;0;0;0;0;0;0;0;0;0;0;0;0;0;0;0;0;0;0
03.05.2024;16:20;A 38;1;4;25;1;0;3;13;0;0;8;17;5;17;4;36;1;26;1;67;1;48;5;36;1;9;2;1;11;25;1;5;3;57;0;0;0;0;0;0;0;0;0;0;0;0;0;0;0;0;0;0
03.05.2024;16:19;A 38;1;3;42;0;0;2;7;0;0;4;3;2;1;2;18;1;8;3;83;3;85;2;91;1;89;3;1;9;25;1;5;6;61;0;0;0;0;0;0;0;0;0;0;0;0;0;0;0;0;0;0
03.05.2024;16:18;A 38;1;14;44;0;0;8;84;0;0;15;55;3;1;6;89;1;1;0;1;1;43;1;6;2;38;0;0;8;64;0;0;2;89;0;0;0;0;0;0;0;0;1;5;1;6;0;0;0;0;0;0
03.05.2024;16:17;A 38;1;9;79;0;0;0;100;0;0;9;63;1;22;2;56;1;28;2;40;0;0;2;16;0;0;0;37;3;38;0;0;0;46;0;0;1;1;0;0;0;0;0;0;0;0;0;0;0;0;0;0
03.05.2024;16:16;A 38;1;8;31;0;0;6;48;0;0;9;25;2;0;5;33;0;0;0;94;0;0;0;0;0;0;2;24;10;8;3;17;3;45;0;0;0;0;0;0;0;0;0;0;0;0;0;0;0;0;0;0
03.05.2024;16:15;A 38;1;6;68;1;1;3;40;1;5;9;64;3;12;5;60;2;31;3;53;2;48;2;61;2;21;2;10;5;7;1;9;2;27;0;0;1;1;0;0;1;1;0;0;0;0;0;0;0;0;0;0
03.05.2024;16:14;A 38;1;12;14;0;0;5;50;0;0;15;21;1;5;2;60;0;5;1;48;1;14;2;40;1;11;2;1;15;13;1;8;2;46;0;0;0;0;0;0;0;0;0;0;0;0;1;6;0;0;0;0
03.05.2024;16:13;A 38;1;5;4;0;0;3;15;0;0;8;19;2;15;4;47;2;25;5;70;1;67;0;76;0;66;0;0;4;3;0;0;1;12;0;0;0;0;0;0;0;0;0;0;0;0;0;0;0;0;0;0
03.05.2024;16:12;A 38;1;9;35;0;0;2;66;0;0;9;19;3;12;2;48;1;28;3;67;3;61;3;74;2;59;2;36;3;59;1;49;3;63;0;0;0;0;0;0;0;0;0;0;0;0;0;0;0;0;0;0
03.05.2024;16:11;A 38;1;11;52;1;0;1;76;0;0;13;26;3;8;3;59;2;26;2;48;2;38;3;59;4;46;0;0;12;45;0;0;1;83;0;0;0;0;0;0;0;0;0;0;0;0;0;0;0;0;0;0
03.05.2024;16:10;A 38;1;10;42;1;1;6;74;1;2;12;12;2;1;4;50;2;8;1;36;1;1;1;11;1;12;2;1;7;26;2;8;2;49;0;0;0;0;0;0;0;0;0;0;0;0;0;0;0;0;0;0
03.05.2024;16:09;A 38;1;4;63;0;0;1;75;0;0;4;17;3;15;2;38;1;28;3;54;3;44;0;63;1;28;1;12;6;17;1;7;1;24;0;0;0;0;0;0;0;0;0;0;0;0;0;0;0;0;0;0
03.05.2024;16:08;A 38;1;7;8;0;0;2;28;1;1;10;24;1;0;4;55;0;0;1;26;0;0;1;36;1;8;4;76;6;85;1;73;0;100;0;0;0;0;0;0;0;0;1;6;1;6;0;0;0;0;0;0
03.05.2024;16:07;A 38;1;0;0;0;0;0;0;0;0;0;0;0;0;0;0;0;0;1;96;0;0;0;0;0;0;1;49;8;76;2;9;1;62;0;0;0;0;0;0;0;0;0;0;0;0;1;7;0;0;0;0
03.05.2024;16:06;A 38;1;6;36;2;13;1;54;2;12;8;27;3;8;2;41;1;36;1;63;2;13;2;21;2;17;1;54;1;63;1;9;1;9;0;0;0;0;0;0;0;0;0;0;0;0;0;0;0;0;0;0
03.05.2024;16:05;A 38;1;2;65;1;56;1;14;0;3;9;23;7;11;1;54;3;42;7;54;4;22;1;59;3;34;2;1;10;58;1;5;3;71;0;0;1;1;0;0;0;0;0;0;0;0;0;0;0;0;0;0
03.05.2024;16:04;A 38;1;12;16;1;0;8;51;1;0;11;56;2;1;4;83;2;3;0;100;1;94;0;100;1;81;2;64;5;74;1;7;3;94;0;0;1;1;0;0;0;0;1;6;1;13;0;0;0;0;0;0
03.05.2024;16:03;A 38;1;3;11;0;0;1;22;0;0;7;22;2;5;2;47;1;23;5;58;1;36;1;73;1;42;1;1;6;51;1;8;2;71;0;0;1;1;0;0;0;0;0;0;0;0;0;0;0;0;0;0
03.05.2024;16:02;A 38;1;10;12;1;0;4;65;1;2;15;28;5;21;6;75;1;33;2;33;1;24;4;38;2;17;2;0;10;27;3;3;3;56;0;0;0;0;0;0;0;0;0;0;0;0;0;0;0;0;0;0
03.05.2024;16:01;A 38;1;9;8;3;2;5;64;2;2;10;8;3;2;5;32;3;12;3;95;3;90;0;96;1;56;4;2;5;5;3;15;4;27;0;0;0;0;0;0;0;0;0;0;0;0;0;0;0;0;0;0
03.05.2024;16:00;A 38;1;3;55;0;0;2;66;0;0;3;17;3;15;2;33;1;27;3;67;3;58;4;81;1;68;2;0;7;28;0;0;3;34;0;0;0;0;0;0;0;0;0;0;0;0;0;0;0;0;0;0
03.05.2024;15:59;A 38;1;9;59;1;0;1;79;0;0;14;55;5;24;5;77;4;43;4;47;3;50;4;60;2;60;1;0;14;40;1;5;4;86;0;0;0;0;0;0;0;0;0;0;0;0;0;0;0;0;0;0
03.05.2024;15:58;A 38;1;7;32;0;0;3;56;0;0;6;24;0;0;4;28;0;0;2;42;1;1;2;52;1;11;1;0;6;4;0;0;4;28;0;0;0;0;0;0;0;0;0;0;0;0;0;0;0;0;0;0
03.05.2024;15:57;A 38;1;0;0;1;1;1;3;1;3;4;15;4;19;1;31;4;22;4;36;1;32;1;47;1;6;0;0;5;19;0;0;4;29;0;0;1;1;0;0;1;1;0;0;0;0;0;0;0;0;0;0
03.05.2024;15:56;A 38;1;7;39;0;0;5;36;1;2;11;33;1;21;5;63;0;20;2;74;1;12;3;68;1;10;1;20;13;38;0;0;2;70;0;0;0;0;0;0;0;0;0;0;0;0;0;0;0;0;0;0
03.05.2024;15:55;A 38;1;2;15;1;0;2;11;1;2;5;4;2;4;2;23;3;15;2;81;1;79;0;84;0;39;4;13;5;19;1;25;3;39;0;0;0;0;0;0;0;0;0;0;0;0;0;0;0;0;0;0
03.05.2024;15:54;A 38;1;16;55;0;0;7;93;0;0;15;54;1;35;2;92;1;3;1;57;0;100;1;67;1;39;2;1;21;26;2;9;1;53;0;0;0;0;0;0;1;7;0;0;0;0;1;9;0;0;0;0
03.05.2024;15:53;A 38;1;4;86;0;38;0;100;0;0;6;87;5;48;1;92;3;33;4;3;4;43;1;13;2;25;2;1;5;35;1;6;0;47;0;0;0;0;0;0;0;0;1;1;0;0;0;0;0;0;0;0
03.05.2024;15:52;A 38;1;7;27;1;16;6;51;1;4;6;26;0;0;5;23;0;0;2;93;0;0;1;41;1;3;1;0;7;5;0;0;3;35;0;0;0;0;0;0;0;0;0;0;0;0;0;0;0;0;0;0
03.05.2024;15:51;A 38;1;1;4;0;0;1;8;0;0;7;19;4;13;2;39;1;29;5;39;3;35;2;54;0;38;1;1;1;1;1;6;1;10;0;0;0;0;0;0;0;0;0;0;0;0;0;0;0;0;0;0
03.05.2024;15:50;A 38;1;10;10;0;0;6;35;1;1;11;23;1;11;5;50;0;0;1;73;1;70;2;79;2;59;2;2;9;24;1;5;4;52;0;0;1;1;0;0;0;0;0;0;0;0;0;0;0;0;0;0
03.05.2024;15:49;A 38;1;1;0;0;0;1;3;0;0;2;3;1;7;2;13;1;5;2;29;1;24;3;26;2;8;4;1;6;11;2;6;3;34;0;0;0;0;0;0;0;0;0;0;0;0;0;0;0;0;0;0
03.05.2024;15:48;A 38;1;7;7;2;1;5;27;2;4;9;20;3;5;5;50;3;11;1;4;2;1;1;7;2;6;2;3;1;0;2;15;1;5;0;0;0;0;0;0;0;0;1;6;1;7;0;0;0;0;0;0
03.05.2024;15:47;A 38;1;4;55;1;0;1;63;0;0;13;29;8;32;2;68;1;45;8;71;4;5;2;96;0;16;2;15;5;44;3;14;3;32;0;0;0;0;1;1;0;0;0;0;0;0;0;0;0;0;0;0
03.05.2024;15:46;A 38;1;8;27;2;1;6;51;1;1;6;4;2;1;5;20;2;5;1;95;1;97;0;100;0;100;3;2;9;10;1;8;3;53;0;0;0;0;0;0;0;0;0;0;0;0;0;0;0;0;0;0
03.05.2024;15:45;A 38;1;3;35;0;0;1;40;0;0;8;21;4;16;2;46;1;27;4;87;4;71;1;53;2;22;1;53;13;67;0;54;0;100;0;0;1;1;0;0;1;1;0;0;0;0;0;0;0;0;0;0
03.05.2024;15:44;A 38;1;10;43;0;0;11;61;0;0;13;14;3;12;7;57;0;19;0;100;1;61;1;58;2;50;2;34;9;74;3;26;0;100;0;0;0;0;0;0;0;0;0;0;0;0;1;30;0;0;0;0
03.05.2024;15:43;A 38;1;1;23;0;0;1;9;0;0;1;0;1;0;1;3;2;6;3;92;1;85;1;65;1;80;0;0;8;76;0;0;0;100;0;0;0;0;0;0;0;0;0;0;0;0;1;7;0;0;0;0
03.05.2024;15:42;A 38;1;9;26;3;2;4;53;3;8;12;33;7;31;1;67;3;48;4;38;5;36;2;36;2;39;0;0;1;92;0;0;0;100;0;0;0;0;0;0;0;0;0;0;0;0;0;0;0;0;0;0
03.05.2024;15:41;A 38;1;7;29;1;18;2;43;1;12;11;33;5;23;3;64;1;38;2;60;1;72;3;34;2;29;0;71;8;79;1;8;1;77;0;0;2;3;0;0;2;3;1;5;1;7;0;0;0;0;0;0
03.05.2024;15:40;A 38;1;4;37;1;21;4;51;1;4;3;2;0;0;4;11;1;2;3;42;3;12;2;39;2;20;1;15;2;6;1;14;2;15;0;0;0;0;0;0;0;0;0;0;0;0;0;0;0;0;0;0
03.05.2024;15:39;A 38;1;0;0;0;0;0;0;0;0;3;16;1;1;1;31;1;6;2;31;1;1;1;16;1;6;0;0;7;46;0;0;3;79;0;0;0;0;0;0;0;0;0;0;0;0;0;0;0;0;0;0
03.05.2024;15:38;A 38;1;8;29;1;0;4;23;1;0;14;23;2;1;5;54;2;7;3;47;0;0;2;17;0;0;1;4;6;19;0;4;2;35;0;0;0;0;0;0;0;0;0;0;0;0;0;0;0;0;0;0
03.05.2024;15:37;A 38;1;10;45;0;0;3;29;0;0;12;9;0;0;5;39;0;0;4;38;0;0;1;58;0;0;3;2;9;16;2;13;4;52;0;0;1;1;0;0;0;0;0;0;0;0;0;0;0;0;0;0
03.05.2024;15:36;A 38;1;5;46;2;41;3;55;2;35;7;30;4;21;3;49;3;41;3;34;2;33;3;29;0;40;0;0;7;39;1;0;1;60;0;0;0;0;0;0;0;0;0;0;0;0;0;0;0;0;0;0
03.05.2024;15:35;A 38;1;6;57;0;47;0;70;0;0;12;32;5;27;3;69;3;49;4;33;3;12;2;21;1;27;2;21;6;47;2;14;1;60;0;0;0;0;0;0;1;2;0;0;0;0;0;0;0;0;0;0
03.05.2024;15:34;A 38;1;7;31;1;19;5;51;1;4;6;4;0;0;4;22;0;0;1;83;2;39;2;92;2;50;1;0;12;14;1;4;5;56;0;0;1;1;0;0;1;2;0;0;0;0;0;0;0;0;0;0
03.05.2024;15:33;A 38;1;1;2;1;32;2;9;1;4;6;31;6;25;2;48;2;44;5;37;4;38;1;50;0;41;0;0;5;37;0;0;2;57;0;0;0;0;0;0;0;0;0;0;0;0;0;0;0;0;0;0
03.05.2024;15:32;A 38;1;10;37;0;0;6;43;0;0;17;25;4;15;5;72;0;23;1;79;1;28;2;74;1;40;2;11;13;27;0;0;4;66;0;0;1;1;0;0;1;1;0;0;0;0;0;0;0;0;0;0
03.05.2024;15:31;A 38;1;1;29;0;0;1;5;0;0;3;3;0;0;1;13;1;8;5;89;3;85;0;98;0;93;1;0;7;25;1;9;2;61;0;0;0;0;1;1;0;0;0;0;0;0;0;0;0;0;0;0
03.05.2024;15:30;A 38;1;6;35;0;0;1;60;0;0;11;26;7;13;1;57;1;39;8;72;7;80;3;80;2;98;1;0;3;16;1;4;4;22;0;0;0;0;1;2;0;0;0;0;0;0;0;0;0;0;0;0
03.05.2024;15:29;A 38;1;8;8;0;0;2;28;0;0;9;10;4;2;1;36;2;9;0;100;1;77;1;74;2;55;1;0;11;15;0;0;5;49;0;0;0;0;0;0;0;0;0;0;0;0;0;0;0;0;0;0
03.05.2024;15:28;A 38;1;9;23;2;1;3;45;1;4;8;23;3;3;2;47;3;13;4;81;1;38;3;57;1;9;0;0;6;82;0;0;0;100;0;0;0;0;0;0;0;0;1;6;1;8;0;0;0;0;0;0
03.05.2024;15:27;A 38;1;1;56;0;0;2;59;0;0;6;18;4;27;2;43;1;41;6;59;3;49;1;74;1;59;1;0;4;25;1;6;1;41;0;0;0;0;0;0;1;1;0;0;0;0;0;0;0;0;0;0
03.05.2024;15:26;A 38;1;9;9;1;0;7;38;0;0;15;36;8;24;4;74;2;45;8;74;6;25;1;98;1;54;4;2;10;41;2;9;5;69;0;0;0;0;0;0;0;0;0;0;0;0;0;0;0;0;0;0
03.05.2024;15:25;A 38;1;13;17;0;0;2;44;1;2;19;18;3;2;2;56;0;4;1;97;1;97;0;100;0;100;2;1;11;26;2;10;1;60;0;0;0;0;0;0;0;0;0;0;0;0;0;0;0;0;0;0
03.05.2024;15:24;A 38;1;1;64;0;0;1;72;0;0;4;15;5;10;1;32;1;30;8;79;7;74;1;97;1;92;1;11;11;71;1;7;0;100;0;0;0;0;0;0;0;0;0;0;0;0;0;0;0;0;0;0
03.05.2024;15:23;A 38;1;10;39;0;0;3;64;0;15;15;42;6;26;1;77;1;45;0;100;1;94;0;100;1;64;0;0;0;100;0;0;0;100;0;0;0;0;0;0;0;0;0;0;0;0;1;6;0;0;0;0
03.05.2024;15:22;A 38;1;3;39;0;0;3;53;1;22;3;7;0;0;3;16;2;9;5;85;5;87;0;100;0;100;1;0;8;7;0;0;2;38;0;0;0;0;0;0;0;0;0;0;0;0;0;0;0;0;0;0
03.05.2024;15:21;A 38;1;0;0;0;0;0;0;0;0;7;20;6;18;1;40;1;35;8;67;6;64;1;87;3;77;4;38;9;58;3;54;2;90;0;0;0;0;1;1;0;0;0;0;0;0;0;0;0;0;0;0
03.05.2024;15:20;A 38;1;6;5;0;27;4;22;0;0;14;30;11;19;3;67;0;43;4;91;5;49;1;90;1;61;1;9;10;11;0;8;3;47;0;0;1;1;0;0;0;0;0;0;0;0;0;0;0;0;0;0
03.05.2024;15:19;A 38;1;1;0;1;38;1;5;1;2;3;2;0;0;2;13;1;2;4;91;5;91;0;100;0;100;3;2;11;12;2;11;3;39;0;0;1;1;0;0;0;0;0;0;0;0;0;0;0;0;0;0
03.05.2024;15:18;A 38;1;11;8;1;0;7;32;1;1;8;20;3;1;6;36;4;7;2;76;1;47;2;68;2;19;3;69;9;79;0;74;0;100;0;0;3;8;0;0;0;0;1;6;1;6;0;0;0;0;0;0
03.05.2024;15:17;A 38;1;1;0;0;0;1;3;0;0;3;14;1;0;3;16;1;4;3;61;1;0;4;25;1;4;2;44;11;66;2;22;0;100;0;0;0;0;0;0;0;0;0;0;0;0;0;0;0;0;0;0
03.05.2024;15:16;A 38;1;11;9;0;0;6;36;0;0;12;11;1;0;7;44;1;3;1;57;0;0;1;5;2;12;0;83;5;88;0;0;0;100;0;0;0;0;0;0;0;0;0;0;0;0;1;7;0;0;0;0
03.05.2024;15:15;A 38;1;2;6;0;0;2;18;0;0;5;27;3;23;2;47;2;33;3;50;2;44;0;54;1;11;1;26;1;44;1;10;2;50;0;0;0;0;0;0;0;0;0;0;0;0;0;0;0;0;0;0
03.05.2024;15:14;A 38;1;17;29;1;25;9;70;0;0;21;30;4;15;6;83;3;29;1;19;0;0;2;9;1;6;3;1;13;28;1;5;1;64;0;0;1;1;0;0;0;0;0;0;0;0;0;0;0;0;0;0
03.05.2024;15:13;A 38;1;7;49;1;34;4;25;1;6;9;9;1;0;1;36;1;10;5;87;2;82;0;95;2;79;1;0;5;34;0;0;2;56;0;0;0;0;0;0;0;0;0;0;0;0;0;0;0;0;0;0
03.05.2024;15:12;A 38;1;8;45;1;1;1;72;1;4;6;5;0;0;2;22;0;0;1;72;1;59;1;85;1;8;3;21;7;44;2;22;1;65;0;0;0;0;0;0;0;0;0;0;0;0;0;0;0;0;0;0
03.05.2024;15:11;A 38;1;2;42;0;0;1;45;0;0;5;36;4;7;3;45;1;31;1;1;2;4;0;0;1;8;4;2;12;33;2;9;5;74;0;0;2;3;0;0;2;4;0;0;0;0;0;0;0;0;0;0
03.05.2024;15:10;A 38;1;8;36;0;0;6;57;0;0;8;32;0;0;4;29;0;0;1;96;2;74;1;62;2;81;5;1;8;6;1;4;4;34;0;0;0;0;0;0;0;0;0;0;0;0;0;0;0;0;0;0
03.05.2024;15:09;A 38;1;2;15;0;0;1;11;0;0;9;23;2;13;3;50;1;23;5;65;2;47;2;69;0;50;2;4;4;20;1;27;4;35;0;0;0;0;0;0;0;0;0;0;0;0;0;0;0;0;0;0
03.05.2024;15:08;A 38;1;13;12;2;1;8;43;1;2;9;7;4;3;7;30;4;12;0;100;1;89;1;93;1;47;2;3;7;8;1;7;4;36;0;0;0;0;0;0;0;0;0;0;0;0;0;0;0;0;0;0
03.05.2024;15:07;A 38;1;3;4;1;2;1;15;1;4;7;14;3;10;3;40;2;23;2;74;1;55;2;26;1;56;2;67;5;78;2;78;4;93;0;0;0;0;0;0;0;0;1;5;1;7;0;0;0;0;0;0
03.05.2024;15:06;A 38;1;7;42;1;13;2;69;1;7;7;21;3;11;4;41;3;24;2;53;3;68;2;27;3;48;2;1;2;1;1;5;3;10;0;0;0;0;0;0;1;1;0;0;0;0;0;0;0;0;0;0
03.05.2024;15:05;A 38;1;6;61;1;0;0;74;0;0;15;40;7;28;2;80;1;45;7;41;4;54;2;34;3;26;4;20;12;49;2;14;1;81;0;0;0;0;0;0;0;0;0;0;0;0;0;0;0;0;0;0
03.05.2024;15:04;A 38;1;7;33;0;0;7;52;0;0;6;5;0;0;3;21;0;0;1;97;1;97;0;100;0;100;0;0;9;17;0;0;1;48;0;0;0;0;0;0;0;0;0;0;0;0;0;0;0;0;0;0
03.05.2024;15:03;A 38;1;4;42;0;0;2;47;0;0;7;24;2;3;3;45;1;10;3;59;1;58;2;82;1;59;0;0;0;100;0;0;0;100;0;0;1;1;0;0;1;1;0;0;0;0;1;7;0;0;0;0
03.05.2024;15:02;A 38;1;4;66;1;10;3;70;1;6;8;22;5;20;3;48;2;38;6;68;5;47;4;88;2;41;2;49;10;61;4;17;2;93;0;0;0;0;0;0;0;0;0;0;0;0;0;0;0;0;0;0
03.05.2024;15:01;A 38;1;5;50;3;29;1;56;2;15;5;50;6;3;2;23;2;11;1;91;0;100;1;96;1;45;1;0;5;78;1;5;1;76;0;0;0;0;0;0;0;0;1;6;1;6;0;0;0;0;0;0
03.05.2024;15:00;A 38;1;4;38;0;0;1;65;0;0;9;20;2;7;2;47;2;11;3;40;2;63;3;50;2;12;0;0;5;22;0;0;5;37;0;0;0;0;0;0;0;0;0;0;0;0;0;0;0;0;0;0
03.05.2024;14:59;A 38;1;5;47;2;29;0;54;1;37;9;20;5;23;2;47;3;38;2;29;2;10;1;13;1;13;2;0;12;41;1;1;5;50;0;0;0;0;1;2;0;0;0;0;0;0;0;0;0;0;0;0
03.05.2024;14:58;A 38;1;9;33;0;0;7;61;0;0;8;6;0;0;6;30;0;0;2;92;2;80;1;50;2;80;8;5;12;18;3;18;4;49;0;0;0;0;0;0;0;0;0;0;0;0;0;0;0;0;0;0
03.05.2024;14:57;A 38;1;0;0;0;0;0;0;0;0;6;19;3;17;1;36;1;29;5;37;2;32;2;56;1;25;0;0;2;2;0;0;1;8;0;0;0;0;0;0;0;0;0;0;0;0;0;0;0;0;0;0
03.05.2024;14:56;A 38;1;9;42;0;0;5;37;1;0;11;33;1;14;4;68;0;7;1;71;1;66;1;84;1;9;1;0;10;32;0;0;2;57;0;0;3;6;0;0;0;0;0;0;0;0;0;0;0;0;0;0
03.05.2024;14:55;A 38;1;7;61;0;5;1;33;0;0;11;13;2;2;1;46;2;13;2;66;1;1;3;34;1;8;0;0;6;48;0;0;5;65;0;0;0;0;0;0;0;0;0;0;0;0;0;0;0;0;0;0
03.05.2024;14:54;A 38;1;1;41;1;46;1;55;1;13;5;14;2;11;2;38;1;25;4;67;2;65;0;75;1;61;1;41;8;60;1;14;2;74;0;0;2;3;0;0;2;3;0;0;0;0;0;0;0;0;0;0
03.05.2024;14:53;A 38;1;8;39;0;0;2;36;0;0;10;9;1;0;1;32;0;0;0;100;1;84;1;26;0;15;4;8;9;62;2;33;2;91;0;0;0;0;0;0;0;0;0;0;0;0;0;1;0;0;0;0
03.05.2024;14:52;A 38;1;6;41;0;0;2;57;0;0;6;80;1;2;0;100;1;11;2;69;1;15;2;56;2;10;2;4;2;92;2;11;1;25;0;0;1;1;0;0;0;0;0;0;0;0;1;27;0;0;0;0
03.05.2024;14:51;A 38;1;7;75;1;28;0;97;1;6;13;29;4;14;3;61;2;28;5;59;3;51;3;61;2;43;2;2;14;64;2;14;0;100;0;0;0;0;0;0;0;0;0;0;0;0;0;0;0;0;0;0
03.05.2024;14:50;A 38;1;4;8;0;0;1;53;0;0;6;21;3;25;2;41;1;37;5;54;4;36;2;56;3;22;2;0;8;64;0;3;1;89;0;0;0;0;0;0;0;0;0;0;0;0;0;0;0;0;0;0
03.05.2024;14:49;A 38;1;12;62;1;26;0;94;1;12;15;62;13;4;4;44;2;7;1;71;0;0;2;84;1;7;0;0;2;83;1;0;2;12;0;0;1;1;0;0;1;1;1;6;1;6;0;0;0;0;0;0
03.05.2024;14:48;A 38;1;4;34;0;0;1;56;0;0;6;15;0;0;3;44;0;0;3;40;0;0;2;30;0;0;0;0;3;7;0;0;3;25;0;0;0;0;0;0;0;0;0;0;0;0;0;0;0;0;0;0
03.05.2024;14:47;A 38;1;11;58;0;0;2;77;0;0;18;28;3;5;4;72;1;20;6;33;2;6;1;26;0;9;5;21;14;48;2;13;1;93;0;0;0;0;0;0;0;0;0;0;0;0;0;0;0;0;0;0
03.05.2024;14:46;A 38;1;8;12;2;0;5;37;0;0;5;4;2;1;4;16;2;6;0;99;1;14;0;100;2;25;0;0;12;33;0;0;2;57;0;0;0;0;0;0;0;0;0;0;0;0;1;10;0;0;0;0
03.05.2024;14:45;A 38;1;3;3;0;0;4;11;0;0;7;13;2;7;1;47;2;23;5;59;1;1;2;68;1;10;0;0;0;0;0;0;0;0;0;0;0;0;0;0;0;0;0;0;0;0;0;0;0;0;0;0
03.05.2024;14:44;A 38;1;11;26;0;0;11;50;0;0;17;27;5;12;7;75;1;27;3;73;0;0;2;56;0;0;2;1;12;39;1;6;2;74;0;0;0;0;0;0;0;0;0;0;0;0;0;0;0;0;0;0
03.05.2024;14:43;A 38;1;3;2;0;0;2;6;0;0;6;4;1;0;2;18;0;0;3;92;3;85;1;88;1;55;2;1;8;8;1;4;3;40;0;0;0;0;0;0;0;0;0;0;0;0;0;0;0;0;0;0
03.05.2024;14:42;A 38;1;8;64;1;1;3;48;1;4;10;23;5;21;3;53;3;35;5;36;2;31;2;56;2;39;4;1;7;50;1;4;3;34;0;0;0;0;0;0;0;0;0;0;0;0;0;0;0;0;0;0
03.05.2024;14:41;A 38;1;3;54;0;50;0;58;0;0;11;51;7;29;1;64;2;49;7;52;5;28;1;72;2;43;2;1;8;53;2;11;3;69;0;0;0;0;0;0;0;0;0;0;0;0;0;0;0;0;0;0
03.05.2024;14:40;A 38;1;5;32;4;28;6;50;3;6;4;28;2;1;3;17;2;5;1;97;0;98;1;92;1;97;2;1;7;23;1;5;3;32;0;0;0;0;0;0;1;1;0;0;0;0;0;0;0;0;0;0
03.05.2024;14:39;A 38;1;2;1;1;0;3;9;1;2;6;18;5;19;3;39;2;34;4;69;4;47;1;81;1;62;1;0;3;3;0;0;3;14;0;0;1;1;0;0;1;1;0;0;0;0;0;0;0;0;0;0
03.05.2024;14:38;A 38;1;6;27;1;0;2;21;0;0;11;26;5;11;3;62;2;32;3;74;1;33;2;80;2;33;2;1;16;19;1;6;2;54;0;0;0;0;0;0;0;0;1;6;1;7;1;8;0;0;0;0
03.05.2024;14:37;A 38;1;6;38;0;0;1;19;0;0;8;8;0;0;0;24;0;0;3;91;3;92;0;100;1;70;5;1;11;9;1;5;2;41;0;0;1;1;0;0;1;1;0;0;0;0;0;0;0;0;0;0
03.05.2024;14:36;A 38;1;6;45;0;0;2;67;0;0;6;11;3;9;2;38;1;24;2;66;4;37;1;42;2;51;0;0;1;0;0;0;3;7;0;0;1;1;0;0;0;0;0;0;0;0;0;0;0;0;0;0
03.05.2024;14:35;A 38;1;7;62;0;0;0;74;0;0;17;44;5;18;2;82;2;39;8;67;5;58;2;48;4;53;1;0;8;7;0;0;3;36;0;0;0;0;0;0;0;0;0;0;0;0;0;0;0;0;0;0
03.05.2024;14:34;A 38;1;6;32;0;0;5;52;0;0;5;3;0;0;4;17;0;0;1;97;1;96;0;100;1;79;0;0;7;6;0;0;3;24;0;0;1;1;0;0;1;1;0;0;0;0;0;0;0;0;0;0
03.05.2024;14:33;A 38;1;5;40;0;0;1;53;0;0;9;28;0;0;2;54;0;0;2;81;1;34;2;35;2;22;0;0;5;64;0;0;1;85;0;0;0;0;0;0;0;0;1;5;2;6;0;0;0;0;0;0
03.05.2024;14:32;A 38;1;7;65;2;14;8;56;2;14;13;29;5;25;4;69;1;39;2;32;0;0;3;26;0;0;1;0;7;24;1;6;5;45;0;0;1;1;0;0;0;0;0;0;0;0;0;0;0;0;0;0
03.05.2024;14:31;A 38;1;10;42;2;1;4;37;2;2;12;9;3;2;4;36;4;12;4;43;3;22;1;59;3;29;2;0;8;7;0;0;3;32;0;0;0;0;0;0;0;0;0;0;0;0;0;0;0;0;0;0
03.05.2024;14:30;A 38;1;3;72;1;45;3;73;1;5;6;24;1;16;2;44;1;11;3;49;2;25;2;58;2;22;1;0;9;64;1;4;2;63;0;0;1;1;0;0;1;1;0;0;0;0;0;0;0;0;0;0
03.05.2024;14:29;A 38;1;5;58;1;48;0;68;0;0;12;37;4;27;2;75;4;24;5;64;2;2;3;69;2;6;3;35;10;38;0;1;4;75;0;0;1;1;0;0;1;1;0;0;0;0;0;0;0;0;0;0
03.05.2024;14:28;A 38;1;9;34;1;23;5;59;2;12;11;10;0;0;3;40;0;0;1;97;1;52;1;54;1;8;1;0;14;17;1;4;0;58;0;0;0;0;0;0;0;0;0;0;0;0;0;0;0;0;0;0
03.05.2024;14:27;A 38;1;7;80;0;0;0;100;0;0;9;24;2;8;3;54;2;21;3;19;1;3;3;22;0;47;3;8;14;67;1;11;0;100;0;0;1;1;0;0;1;1;0;0;0;0;0;0;0;0;0;0
03.05.2024;14:26;A 38;1;3;66;1;60;1;79;1;4;6;22;2;12;2;40;2;16;5;54;1;46;0;61;2;33;4;11;11;73;2;14;0;100;0;0;0;0;0;0;0;0;0;0;0;0;1;0;0;0;0;0
03.05.2024;14:25;A 38;1;11;17;0;0;2;47;2;1;16;17;0;0;2;57;1;0;0;100;0;100;0;100;0;0;0;0;1;96;0;0;0;100;0;0;0;0;0;0;0;0;0;0;0;0;1;8;0;0;0;0
03.05.2024;14:24;A 38;1;5;62;1;31;2;80;1;7;5;17;5;13;1;40;1;33;6;84;4;76;0;100;2;70;1;1;6;50;0;0;3;64;0;0;0;0;0;0;0;0;0;0;0;0;0;0;0;0;0;0
03.05.2024;14:23;A 38;1;17;40;0;21;3;82;0;0;21;27;2;1;6;74;2;9;3;76;2;81;2;83;3;54;3;1;14;25;2;9;4;73;0;0;0;0;0;0;0;0;0;0;0;0;0;0;0;0;0;0
03.05.2024;14:22;A 38;1;3;20;1;4;1;37;1;6;9;15;0;0;1;40;0;0;1;81;0;0;2;36;1;7;1;0;7;22;1;4;4;49;0;0;0;0;0;0;0;0;0;0;0;0;0;0;0;0;0;0
03.05.2024;14:21;A 38;1;5;81;0;0;1;59;0;0;4;84;3;7;0;100;3;15;4;58;1;47;3;69;1;2;3;35;7;38;1;47;3;53;0;0;0;0;2;3;0;0;0;0;0;0;0;0;0;0;0;0
03.05.2024;14:20;A 38;1;12;65;3;2;5;82;2;4;8;45;7;16;3;74;6;39;1;42;3;39;2;42;2;13;0;0;5;43;0;0;4;61;0;0;1;1;0;0;1;2;0;0;0;0;0;0;0;0;0;0
03.05.2024;14:19;A 38;1;14;34;0;18;2;71;0;0;17;23;5;5;5;61;3;16;1;47;2;39;1;8;2;52;0;6;5;32;0;0;1;45;0;0;1;1;0;0;1;1;0;0;0;0;0;0;0;0;0;0
03.05.2024;14:18;A 38;1;4;59;2;49;4;70;1;4;3;19;2;3;3;28;3;24;3;71;2;68;0;77;2;49;3;29;7;72;3;34;5;75;0;0;0;0;0;0;0;0;1;5;0;2;0;0;0;0;0;0
03.05.2024;14:17;A 38;1;9;48;0;28;1;75;0;0;12;49;5;22;4;76;2;40;3;75;2;3;1;89;2;13;1;59;1;78;1;69;1;86;0;0;1;1;0;0;1;2;0;0;1;3;0;0;0;0;0;0
03.05.2024;14:16;A 38;1;9;32;1;23;8;58;1;3;8;27;1;0;7;32;0;0;0;99;2;97;0;100;1;51;3;2;7;41;1;13;0;57;0;0;0;0;0;0;0;0;0;0;0;0;2;18;0;0;0;0
03.05.2024;14:15;A 38;1;2;1;0;0;2;7;0;0;5;24;0;0;3;42;0;0;4;67;0;0;1;87;1;7;0;0;0;100;0;0;0;100;0;0;0;0;0;0;0;0;0;0;0;0;0;0;0;0;0;0
03.05.2024;14:14;A 38;1;4;3;0;0;2;14;0;0;10;22;3;14;2;52;0;26;3;3;0;0;2;86;1;3;4;1;7;11;0;0;6;42;0;0;1;1;0;0;0;0;0;0;0;0;0;0;0;0;0;0
03.05.2024;14:13;A 38;1;12;12;0;0;5;36;0;0;16;13;2;1;6;51;1;1;3;89;3;69;1;98;2;62;1;0;9;8;0;0;1;34;0;0;0;0;0;0;0;0;0;0;0;0;0;0;0;0;0;0
03.05.2024;14:12;A 38;1;4;50;2;31;1;63;1;16;5;15;4;13;2;32;2;35;5;69;2;49;2;91;0;51;1;41;12;69;1;9;0;100;0;0;0;0;0;0;0;0;0;0;0;0;0;0;0;0;0;0
03.05.2024;14:11;A 38;1;4;35;0;26;0;43;0;0;9;35;5;24;1;59;1;47;3;79;2;80;4;58;2;85;0;85;4;92;0;0;0;100;0;0;0;0;0;0;0;0;1;6;1;5;0;0;0;0;0;0
03.05.2024;14:10;A 38;1;8;22;1;10;5;47;1;6;12;17;1;0;3;44;0;0;2;64;2;20;3;28;2;34;2;29;7;57;2;25;3;79;0;0;0;0;0;0;0;0;1;7;1;6;0;0;0;0;0;0
03.05.2024;14:09;A 38;1;2;18;0;0;2;28;0;0;3;22;2;4;1;32;2;10;3;63;0;62;2;50;0;0;0;0;8;29;0;0;1;56;0;0;0;0;0;0;1;1;0;0;0;0;0;0;0;0;0;0
03.05.2024;14:08;A 38;1;12;45;0;31;8;43;0;0;13;32;4;27;5;76;2;41;2;47;1;73;0;2;2;12;0;0;1;94;0;0;0;100;0;0;0;0;0;0;0;0;0;0;0;0;1;5;0;0;0;0
03.05.2024;14:07;A 38;1;4;28;1;22;1;13;1;5;6;5;0;0;1;17;0;0;1;97;2;67;1;60;2;36;1;0;5;4;1;1;4;34;0;0;1;1;0;0;1;2;0;0;0;0;0;0;0;0;0;0
03.05.2024;14:06;A 38;1;7;48;1;28;3;57;1;4;7;11;3;12;2;42;2;24;3;63;1;34;2;44;1;20;2;2;2;2;1;6;2;11;0;0;0;0;0;0;0;0;0;0;0;0;0;0;0;0;0;0
03.05.2024;14:05;A 38;1;4;49;0;0;3;14;0;0;7;24;1;19;5;39;1;9;2;34;2;19;2;17;1;11;0;0;3;14;0;0;1;29;0;0;0;0;0;0;0;0;0;0;0;0;0;0;0;0;0;0
03.05.2024;14:04;A 38;1;6;31;2;1;6;21;1;1;4;2;2;1;3;12;2;7;1;10;1;10;1;10;0;83;2;0;8;6;0;0;3;28;0;0;0;0;0;0;0;0;0;0;0;0;0;0;0;0;0;0
03.05.2024;14:03;A 38;1;1;37;0;0;1;6;0;0;4;17;2;15;2;19;1;25;0;44;1;47;0;0;2;9;1;1;3;3;1;8;3;27;0;0;0;0;0;0;1;1;0;0;0;0;0;0;0;0;0;0
03.05.2024;14:02;A 38;1;11;62;2;4;3;61;2;7;11;32;4;20;6;69;4;17;1;46;1;49;1;18;1;5;3;28;10;40;1;38;4;75;0;0;0;0;0;0;0;0;0;0;0;0;0;0;0;0;0;0
03.05.2024;14:01;A 38;1;7;30;0;0;2;27;1;3;9;9;0;0;2;32;1;0;1;97;4;3;1;19;1;11;2;0;7;5;0;0;3;30;0;0;0;0;0;0;1;1;0;0;0;0;0;0;0;0;0;0
03.05.2024;14:00;A 38;1;6;47;0;0;1;73;0;0;7;12;0;0;3;42;1;0;4;51;0;34;2;52;0;0;1;27;4;33;1;9;3;39;0;0;0;0;0;0;0;0;0;0;0;0;0;0;0;0;0;0
03.05.2024;13:59;A 38;1;6;46;3;22;1;60;2;11;8;10;5;7;4;42;3;23;3;73;1;27;2;78;1;12;3;1;12;37;1;4;4;49;0;0;0;0;0;0;0;0;0;0;0;0;0;0;0;0;0;0
03.05.2024;13:58;A 38;1;6;36;0;0;5;53;0;0;5;4;0;0;3;19;0;0;0;96;1;97;0;100;1;6;0;0;1;0;0;0;2;14;0;0;0;0;0;0;0;0;0;0;0;0;0;0;0;0;0;0
03.05.2024;13:57;A 38;1;0;0;0;0;0;0;0;0;4;20;0;0;2;29;0;0;4;51;1;30;3;63;2;8;0;0;3;4;0;0;1;24;0;0;0;0;0;0;0;0;0;0;0;0;0;0;0;0;0;0
03.05.2024;13:56;A 38;1;14;13;0;0;5;47;0;0;17;25;2;6;7;70;1;15;2;49;0;0;3;39;0;0;2;0;8;6;0;0;5;38;0;0;0;0;0;0;0;0;0;0;0;0;0;0;0;0;0;0
03.05.2024;13:55;A 38;1;4;3;0;0;1;10;0;0;7;6;1;1;2;22;2;5;1;86;2;54;0;86;2;55;0;0;8;6;0;0;2;28;0;0;0;0;0;0;0;0;0;0;0;0;0;0;0;0;0;0
03.05.2024;13:54;A 38;1;10;47;0;0;3;68;0;0;7;6;0;0;2;22;0;0;1;46;0;0;2;45;0;0;2;1;1;0;2;12;1;0;0;0;0;0;0;0;0;0;0;0;0;0;0;0;0;0;0;0
03.05.2024;13:53;A 38;1;7;59;0;0;2;81;0;0;10;28;1;21;2;57;1;8;2;13;0;10;0;16;0;0;4;3;11;68;1;5;0;89;0;0;1;1;0;0;1;6;0;0;0;0;0;0;0;0;0;0
03.05.2024;13:52;A 38;1;9;8;0;0;9;35;0;0;9;7;0;0;8;35;0;0;0;100;1;61;0;100;1;9;1;1;7;83;0;0;0;100;0;0;0;0;0;0;1;1;1;7;0;0;1;8;0;0;0;0
03.05.2024;13:51;A 38;1;3;8;0;0;3;19;0;0;6;13;1;2;4;31;1;8;1;74;1;33;2;34;1;11;1;0;5;30;0;0;3;54;0;0;0;0;0;0;0;0;0;0;1;68;0;0;0;0;0;0
03.05.2024;13:50;A 38;1;13;11;0;0;6;38;0;0;14;26;1;0;5;56;0;0;1;25;0;0;1;9;0;0;5;3;8;6;2;12;2;24;0;0;1;1;0;0;0;0;0;0;0;0;0;0;0;0;0;0
03.05.2024;13:49;A 38;1;0;0;0;0;0;0;0;0;2;2;0;0;1;10;0;0;3;82;0;0;1;55;0;0;1;0;4;3;0;4;4;17;0;0;2;3;0;0;0;0;0;0;0;0;0;0;0;0;0;0
03.05.2024;13:48;A 38;1;2;2;1;0;1;8;1;2;1;1;1;0;1;7;1;2;1;75;0;0;2;26;0;0;2;1;4;3;2;4;3;19;0;0;3;6;0;0;0;0;0;0;0;0;0;0;0;0;0;0
03.05.2024;13:47;A 38;1;4;46;0;39;0;54;0;0;6;14;3;16;3;26;2;25;0;1;0;0;0;0;0;0;3;4;13;47;2;20;0;83;0;0;0;0;0;0;0;0;0;0;0;0;0;0;0;0;0;0
03.05.2024;13:46;A 38;1;4;62;1;15;4;54;1;5;5;6;1;21;4;38;0;5;2;34;1;58;2;41;1;10;2;28;14;60;1;22;1;98;0;0;0;0;0;0;0;0;0;0;0;0;0;0;0;0;0;0
03.05.2024;13:45;A 38;1;6;39;1;1;1;25;1;3;6;5;2;1;2;20;2;7;0;88;0;88;0;0;0;0;5;44;8;80;4;34;0;100;0;0;1;1;0;0;1;1;0;0;0;0;1;8;0;0;0;0
03.05.2024;13:44;A 38;1;6;51;2;36;5;68;2;34;5;3;1;0;4;16;1;3;1;73;1;73;1;11;0;0;1;17;8;78;1;10;0;100;0;0;0;0;0;0;0;0;0;0;0;0;1;8;0;0;0;0
03.05.2024;13:43;A 38;1;2;21;0;0;2;17;0;0;5;15;2;14;2;33;2;23;2;55;2;51;0;59;2;47;1;2;5;81;1;5;0;100;0;0;0;0;0;0;0;0;0;0;0;0;0;0;0;0;0;0
03.05.2024;13:42;A 38;1;17;44;0;27;5;86;0;0;18;29;2;10;4;66;2;14;1;52;0;4;2;51;3;16;0;100;0;100;0;0;0;100;0;0;1;1;0;0;0;0;0;0;0;0;1;6;0;0;0;0
03.05.2024;13:41;A 38;1;2;92;1;21;0;100;2;16;3;8;0;0;2;21;0;0;1;42;1;5;1;4;2;11;1;28;4;70;1;5;1;93;0;0;0;0;0;0;0;0;0;0;0;0;0;0;0;0;0;0
03.05.2024;13:40;A 38;1;5;36;0;0;4;55;0;0;4;3;0;0;4;17;0;0;0;96;1;18;2;0;1;8;3;3;4;3;2;12;4;18;0;0;0;0;0;0;0;0;0;0;0;0;0;0;0;0;0;0
03.05.2024;13:39;A 38;1;3;33;0;0;1;39;0;0;6;20;2;1;2;38;1;3;3;86;0;0;1;20;0;0;0;0;5;65;0;0;1;76;0;0;0;0;0;0;0;0;1;5;1;6;0;0;0;0;0;0
03.05.2024;13:38;A 38;1;7;33;0;0;6;54;0;0;6;4;0;0;6;21;0;0;0;100;0;0;0;100;0;0;2;2;13;36;1;11;5;66;0;0;0;0;0;0;1;1;0;0;0;0;0;0;0;0;0;0
03.05.2024;13:37;A 38;1;2;3;0;0;1;8;1;3;4;6;0;0;2;22;0;0;1;28;0;0;2;28;0;0;1;0;6;76;2;4;0;100;0;0;1;1;0;0;1;1;1;2;0;0;1;4;0;0;0;0
03.05.2024;13:36;A 38;1;9;37;0;0;4;55;1;0;9;29;1;19;2;51;1;9;1;36;0;36;0;37;0;0;0;0;1;17;0;0;1;32;0;0;0;0;0;0;0;0;0;0;0;0;0;0;0;0;0;0
03.05.2024;13:35;A 38;1;10;42;2;1;3;65;2;4;10;46;2;1;4;31;2;6;0;100;1;40;1;95;1;13;3;1;9;29;3;7;5;65;0;0;0;0;0;0;0;0;0;0;0;0;0;0;0;0;0;0
03.05.2024;13:34;A 38;1;9;35;0;0;3;60;0;0;8;28;0;0;3;27;0;0;1;5;0;0;1;8;0;0;1;0;9;8;0;0;1;31;0;0;1;1;0;0;1;2;0;0;0;0;0;0;0;0;0;0
03.05.2024;13:33;A 38;1;2;7;0;0;1;15;0;0;7;17;0;0;2;41;0;0;4;34;0;0;0;45;0;0;1;0;4;35;0;0;3;22;0;0;0;0;0;0;0;0;0;0;0;0;0;0;0;0;0;0
03.05.2024;13:32;A 38;1;8;14;0;0;6;31;0;0;9;24;0;0;3;35;0;0;1;40;0;0;1;52;0;0;4;2;12;38;3;11;3;62;0;0;0;0;0;0;0;0;0;0;0;0;1;0;0;0;0;0
03.05.2024;13:31;A 38;1;12;13;1;0;3;40;1;0;13;9;2;1;10;39;2;7;1;5;1;0;1;9;0;0;2;1;8;18;0;1;2;38;0;0;0;0;0;0;1;1;0;0;0;0;0;0;0;0;0;0
03.05.2024;13:30;A 38;1;3;49;0;0;2;68;0;0;4;23;3;9;2;41;3;28;3;21;3;2;3;30;2;17;4;15;7;61;2;31;4;48;0;0;0;0;0;0;1;1;0;0;0;0;0;0;0;0;0;0
03.05.2024;13:29;A 38;1;0;0;0;0;0;0;0;0;5;19;5;23;1;31;1;38;3;28;5;27;2;39;1;39;1;4;14;71;1;7;0;100;0;0;0;0;0;0;0;0;0;0;0;0;0;0;0;0;0;0
03.05.2024;13:28;A 38;1;4;4;1;0;2;15;1;2;3;3;2;1;2;14;2;6;0;100;0;100;1;43;1;61;0;0;8;79;0;0;0;100;0;0;0;0;0;0;0;0;1;6;1;8;0;0;0;0;0;0
03.05.2024;13:27;A 38;1;0;0;0;0;0;0;0;0;3;16;1;0;1;27;1;5;3;44;2;27;1;55;3;13;1;0;5;4;1;4;2;22;0;0;0;0;0;0;0;0;0;0;0;0;0;0;0;0;0;0
03.05.2024;13:26;A 38;1;10;7;1;0;5;33;1;1;12;21;2;2;8;57;2;22;1;39;1;0;2;40;1;5;0;0;15;41;0;0;2;78;0;0;0;0;0;0;0;0;0;0;0;0;0;0;0;0;0;0
03.05.2024;13:25;A 38;1;3;2;0;0;1;5;0;0;5;4;1;0;2;15;2;1;2;38;1;48;2;31;1;14;1;0;6;22;0;0;4;30;0;0;0;0;0;0;0;0;0;0;0;0;0;0;0;0;0;0
03.05.2024;13:24;A 38;1;4;56;1;12;2;61;1;6;3;17;1;0;2;15;1;3;0;37;0;0;0;0;0;0;3;2;8;40;2;10;2;69;0;0;0;0;0;0;0;0;0;0;0;0;0;0;0;0;0;0
03.05.2024;13:23;A 38;1;10;50;0;39;1;73;0;0;13;26;1;0;4;36;2;8;1;65;1;1;1;9;0;0;2;1;9;27;2;11;2;64;0;0;1;1;0;0;1;2;0;0;0;0;0;0;0;0;0;0
03.05.2024;13:22;A 38;1;7;36;1;14;5;56;1;6;8;7;0;0;3;26;0;0;1;93;0;0;0;3;1;8;3;1;5;4;1;9;3;21;0;0;0;0;0;0;0;0;0;0;0;0;0;0;0;0;0;0
03.05.2024;13:21;A 38;1;6;23;0;0;2;33;0;0;10;21;4;19;3;52;1;31;2;48;2;48;2;43;1;53;3;25;3;21;1;42;1;36;0;0;0;0;0;0;0;0;0;0;0;0;0;0;0;0;0;0
03.05.2024;13:20;A 38;1;13;10;1;0;6;44;1;0;9;6;1;0;7;34;1;2;0;100;0;100;0;0;1;55;3;1;17;20;2;8;6;72;0;0;0;0;0;0;0;0;0;2;0;0;0;0;0;0;0;0
03.05.2024;13:19;A 38;1;2;69;3;60;0;79;2;69;5;82;4;7;0;97;2;20;2;23;3;8;2;17;2;13;1;0;3;86;0;0;2;53;0;0;1;1;0;0;0;0;1;3;1;7;0;0;0;0;0;0
03.05.2024;13:18;A 38;1;7;45;1;1;3;66;1;6;5;7;1;7;2;31;1;14;0;30;0;32;0;0;0;0;2;26;5;23;2;14;5;43;0;0;0;0;0;0;0;0;0;0;0;0;0;0;0;0;0;0
03.05.2024;13:17;A 38;1;1;43;0;0;0;46;0;47;5;19;3;10;3;42;2;25;2;8;2;65;1;12;1;8;3;0;11;41;0;0;2;71;0;0;1;1;0;0;0;0;0;0;0;0;0;0;0;0;0;0
03.05.2024;13:16;A 38;1;8;32;0;0;7;35;1;3;7;5;0;0;5;24;0;0;1;97;2;69;1;92;1;85;0;0;11;10;0;0;5;55;0;0;0;0;0;0;0;0;0;0;0;0;0;0;0;0;0;0
03.05.2024;13:15;A 38;1;1;1;0;0;0;2;0;0;6;16;0;0;2;36;0;0;2;54;0;0;1;59;0;0;0;0;5;45;1;5;1;67;0;0;1;1;0;0;0;0;0;0;0;0;0;0;0;0;0;0
03.05.2024;13:14;A 38;1;11;51;0;0;4;72;0;0;10;21;2;13;5;51;1;24;2;54;1;19;1;66;0;19;2;11;12;64;2;20;0;94;0;0;0;0;0;0;0;0;0;0;0;0;0;0;0;0;0;0
03.05.2024;13:13;A 38;1;1;0;0;0;1;3;0;0;2;1;0;0;1;4;0;0;0;100;1;97;1;67;1;49;0;0;8;83;0;0;0;100;0;0;0;0;0;0;0;0;0;0;0;0;1;6;0;0;0;0
03.05.2024;13:12;A 38;1;5;43;0;0;3;56;1;3;5;15;0;0;2;31;0;0;1;66;0;0;1;9;1;8;3;1;7;74;1;7;2;95;0;0;0;0;0;0;0;0;0;0;0;0;0;0;0;0;0;0
03.05.2024;13:11;A 38;1;9;60;0;0;0;84;0;0;10;11;2;2;4;49;2;9;1;24;0;0;1;9;1;0;1;0;7;44;0;0;3;62;0;0;0;0;0;0;0;0;0;0;0;0;0;0;0;0;0;0
03.05.2024;13:10;A 38;1;8;26;0;0;5;48;0;0;6;4;1;0;5;19;1;2;2;39;1;67;2;32;3;13;3;1;8;19;1;7;5;36;0;0;0;0;0;0;1;1;0;0;0;0;0;0;0;0;0;0
03.05.2024;13:09;A 38;1;1;8;0;0;1;7;0;0;4;11;1;13;2;28;1;12;2;33;1;12;0;36;1;9;2;0;5;22;0;0;5;30;0;0;0;0;0;0;0;0;0;0;0;0;0;0;0;0;0;0
03.05.2024;13:08;A 38;1;11;25;0;0;8;51;0;0;12;9;0;0;10;45;0;0;0;100;0;0;1;80;0;0;2;32;11;69;2;15;0;91;0;0;0;0;0;0;0;0;1;5;1;6;0;0;0;0;0;0
03.05.2024;13:07;A 38;1;10;33;1;0;2;61;0;0;11;11;0;0;0;37;0;0;1;17;0;0;1;11;0;0;1;0;6;5;0;0;2;33;0;0;1;1;0;0;1;1;0;0;0;0;0;0;0;0;0;0
03.05.2024;13:06;A 38;1;4;50;0;0;1;66;0;0;6;22;1;7;2;33;2;10;0;41;1;42;1;1;1;5;2;1;7;31;2;11;3;60;0;0;0;0;0;0;0;0;0;0;0;0;0;0;0;0;0;0
03.05.2024;13:05;A 38;1;9;52;0;0;2;72;0;0;10;40;2;15;5;61;1;8;1;67;1;56;2;13;1;2;4;34;10;40;2;29;4;72;0;0;0;0;0;0;0;0;0;0;0;0;0;0;0;0;0;0
03.05.2024;13:04;A 38;1;7;29;0;0;6;53;0;0;6;25;2;0;6;27;0;0;1;55;1;27;1;4;2;9;4;38;8;39;4;21;5;74;0;0;0;0;0;0;0;0;0;0;0;0;0;6;0;0;0;0
03.05.2024;13:03;A 38;1;5;47;0;38;2;62;0;0;6;51;2;1;4;72;1;3;0;0;0;0;0;0;0;0;1;91;1;98;1;9;0;100;0;0;1;1;0;0;0;0;0;0;0;0;1;0;0;0;0;0
03.05.2024;13:02;A 38;1;9;43;1;35;6;33;1;2;12;31;1;14;5;63;0;13;0;0;0;0;0;0;0;0;1;0;3;3;0;0;4;26;0;0;0;0;0;0;0;0;0;0;0;0;0;0;0;0;0;0
03.05.2024;13:01;A 38;1;3;27;1;9;3;15;2;4;5;8;1;2;4;25;1;11;3;82;1;78;0;89;0;0;1;0;5;4;0;0;3;22;0;0;0;0;0;0;0;0;0;0;0;0;0;0;0;0;0;0
03.05.2024;13:00;A 38;1;12;39;2;1;7;46;2;4;14;13;11;3;7;58;2;10;2;80;1;85;2;75;2;25;1;0;5;63;1;5;0;75;0;0;1;1;0;0;0;0;1;7;1;6;0;0;0;0;0;0
03.05.2024;12:59;A 38;1;5;78;0;48;2;80;0;0;14;29;1;0;2;56;1;4;3;55;1;0;3;26;0;0;4;23;10;64;2;27;4;92;0;0;0;0;0;0;1;1;0;0;0;0;0;0;0;0;0;0
03.05.2024;12:58;A 38;1;7;30;2;16;6;49;1;3;7;5;1;0;5;27;1;2;2;88;0;0;1;96;0;0;4;2;9;6;4;15;7;49;0;0;0;0;0;0;0;0;0;0;0;0;0;0;0;0;0;0
03.05.2024;12:57;A 38;1;2;35;0;0;2;33;0;0;2;2;2;23;1;7;2;32;0;0;0;46;1;5;0;0;3;12;6;18;2;15;4;42;0;0;1;1;1;1;2;4;0;0;0;0;0;0;0;0;0;0
03.05.2024;12:56;A 38;1;11;8;2;1;6;37;2;2;7;6;3;1;5;28;3;5;0;0;2;30;0;0;1;9;3;2;16;15;2;10;5;68;0;0;0;0;0;0;0;0;0;0;0;0;0;0;0;0;0;0
03.05.2024;12:55;A 38;1;7;5;1;0;4;22;0;0;8;6;1;0;6;29;1;3;0;0;0;0;0;0;0;0;1;61;10;74;0;0;0;100;0;0;0;0;0;0;1;1;0;0;0;0;1;6;0;0;0;0
03.05.2024;12:54;A 38;1;12;14;0;0;5;51;0;0;11;18;1;0;4;45;0;0;0;29;0;0;0;0;0;0;1;37;1;87;1;10;2;62;0;0;0;0;0;0;0;0;0;0;0;0;0;0;0;0;0;0
03.05.2024;12:53;A 38;1;6;46;0;0;0;57;0;0;9;19;3;17;2;49;2;25;1;48;1;0;1;11;1;6;1;0;4;17;0;0;4;31;0;0;0;0;0;0;0;0;0;0;0;0;0;0;0;0;0;0
03.05.2024;12:52;A 38;1;13;40;0;0;6;73;0;0;13;10;1;1;6;39;1;3;2;76;1;39;2;18;1;10;2;1;5;4;1;5;1;21;0;0;0;0;0;0;0;0;1;3;0;0;0;0;0;0;0;0
03.05.2024;12:51;A 38;1;2;38;0;0;4;50;0;0;5;24;3;20;2;43;2;13;2;49;0;45;0;52;0;0;2;28;3;24;2;36;3;27;0;0;1;1;0;0;0;0;0;0;0;0;0;0;0;0;0;0
03.05.2024;12:50;A 38;1;13;44;5;33;7;63;2;3;14;24;5;13;7;68;6;28;2;33;1;27;5;14;2;9;5;25;7;8;1;31;5;35;0;0;0;0;0;0;2;3;0;0;0;0;0;0;0;0;0;0
03.05.2024;12:49;A 38;1;3;32;1;26;2;16;1;5;4;3;0;0;2;14;0;0;3;79;1;74;0;93;1;9;7;11;13;12;3;30;2;43;0;0;0;0;0;0;0;0;0;0;0;0;0;0;0;0;0;0
03.05.2024;12:48;A 38;1;17;47;2;1;3;90;2;5;17;14;12;5;5;55;3;17;0;0;0;0;1;1;0;0;2;2;7;69;2;13;1;97;0;0;0;0;0;0;0;0;1;7;1;7;0;0;0;0;0;0
03.05.2024;12:47;A 38;1;11;56;1;0;3;90;0;0;10;23;2;14;3;45;1;2;0;0;1;44;0;0;1;9;0;0;4;18;0;0;1;29;0;0;1;1;0;0;0;0;0;0;0;0;0;0;0;0;0;0
03.05.2024;12:46;A 38;1;2;13;0;0;3;13;0;0;2;0;1;3;2;7;1;8;1;1;1;81;1;4;1;21;0;0;2;10;0;0;3;15;0;0;0;0;0;0;0;0;0;0;0;0;0;0;0;0;0;0
03.05.2024;12:45;A 38;1;3;3;0;0;1;12;0;0;4;14;1;16;2;18;1;21;1;1;1;59;1;9;1;6;2;4;3;3;1;7;3;16;0;0;0;0;0;0;0;0;0;0;0;0;0;0;0;0;0;0
03.05.2024;12:44;A 38;1;0;0;0;0;0;0;0;0;3;18;1;15;1;32;1;23;1;1;1;19;0;3;1;9;2;7;11;44;1;9;2;73;0;0;0;0;0;0;0;0;0;0;0;0;0;0;0;0;0;0
03.05.2024;12:43;A 38;1;1;0;0;0;1;3;0;0;1;0;0;0;1;4;0;0;2;86;1;8;1;98;2;19;2;1;20;31;2;10;1;87;0;0;0;0;1;1;0;0;0;0;0;0;0;0;0;0;0;0
03.05.2024;12:42;A 38;1;12;45;0;0;5;69;0;0;13;29;2;15;5;49;2;11;0;0;0;5;0;0;0;0;1;0;3;89;1;5;0;100;0;0;0;0;0;0;0;0;0;0;0;0;1;7;0;0;0;0
03.05.2024;12:41;A 38;1;2;43;1;1;2;48;1;2;2;35;2;5;2;34;2;16;2;51;1;29;2;18;1;12;3;1;3;34;1;8;3;51;0;0;1;1;0;0;0;0;1;1;0;0;0;0;0;0;0;0
03.05.2024;12:40;A 38;1;9;28;1;0;6;56;0;0;7;28;1;0;4;29;1;3;1;94;0;93;0;0;0;0;3;2;2;1;2;13;4;13;0;0;0;0;0;0;0;0;0;0;0;0;0;0;0;0;0;0
03.05.2024;12:39;A 38;1;13;15;1;0;3;43;1;0;13;11;2;0;4;46;1;2;0;0;1;24;1;9;1;7;1;0;15;14;1;4;6;61;0;0;0;0;0;0;0;0;0;0;0;0;0;0;0;0;0;0
03.05.2024;12:38;A 38;1;1;51;0;0;2;59;0;0;3;32;1;21;2;36;2;15;2;50;1;47;0;57;0;48;1;3;9;27;0;0;1;88;0;0;0;0;0;0;1;1;0;0;0;0;0;0;0;0;0;0
03.05.2024;12:37;A 38;1;3;48;1;0;1;52;1;1;5;52;1;0;2;64;1;2;0;100;0;100;1;50;1;25;1;80;1;94;1;10;1;84;0;0;0;0;0;0;0;0;1;6;1;6;0;0;0;0;0;0
03.05.2024;12:36;A 38;1;9;42;0;0;6;55;0;0;10;25;3;17;3;65;2;20;2;34;1;7;2;17;2;10;5;62;9;59;1;87;2;93;0;0;0;0;0;0;0;0;0;0;0;0;0;57;0;0;0;0
03.05.2024;12:35;A 38;1;13;29;2;1;4;55;1;2;12;12;2;1;3;46;2;6;1;57;1;27;2;58;1;10;1;0;5;3;0;0;0;14;0;0;0;0;0;0;0;0;0;0;0;0;1;11;0;0;0;0
03.05.2024;12:34;A 38;1;1;36;0;0;1;51;0;0;3;7;0;0;2;26;0;0;1;56;0;0;0;55;0;0;0;0;2;1;1;4;2;10;0;0;1;1;0;0;1;3;0;0;0;0;0;0;0;0;0;0
03.05.2024;12:33;A 38;1;12;54;0;39;4;83;0;0;14;15;1;0;5;61;1;4;2;35;1;0;1;47;0;0;5;25;6;17;3;26;5;27;0;0;0;0;0;0;0;0;0;0;0;0;0;0;0;0;0;0
03.05.2024;12:32;A 38;1;9;37;1;2;8;64;1;7;8;5;0;0;6;29;0;0;2;91;0;0;1;74;0;0;2;1;8;6;2;9;5;35;0;0;0;0;0;0;0;0;0;0;0;0;0;0;0;0;0;0
03.05.2024;12:31;A 38;1;2;20;0;0;1;28;0;0;6;7;1;6;2;31;1;12;2;37;0;34;1;42;0;0;0;0;4;2;0;0;4;19;0;0;1;1;1;1;0;0;0;0;0;0;0;0;0;0;0;0
03.05.2024;12:30;A 38;1;12;25;3;1;5;57;3;29;8;6;3;1;3;29;5;10;1;94;1;88;1;63;0;10;0;0;1;0;0;0;1;5;0;0;0;0;0;0;0;0;0;0;0;0;0;0;0;0;0;0
03.05.2024;12:29;A 38;1;5;60;0;49;1;73;0;0;6;5;1;0;3;25;1;2;0;2;0;0;1;6;1;2;2;39;13;49;1;9;2;89;0;0;1;1;0;0;1;1;0;0;0;0;0;0;0;0;0;0
03.05.2024;12:28;A 38;1;4;30;1;17;4;43;1;3;3;2;2;0;2;11;0;0;1;29;0;0;1;10;0;0;3;2;7;45;3;15;2;64;0;0;1;1;0;0;1;1;1;5;1;6;0;0;0;0;0;0
03.05.2024;12:27;A 38;1;7;61;0;0;1;75;1;3;8;8;1;0;6;41;1;3;1;11;1;0;1;13;0;0;2;0;2;33;1;4;1;42;0;0;0;0;0;0;0;0;0;0;0;0;0;0;0;0;0;0
03.05.2024;12:26;A 38;1;2;24;1;0;4;24;1;1;4;16;2;1;2;35;2;8;1;57;0;0;1;16;0;0;1;0;3;2;0;0;2;14;0;0;0;0;0;0;0;0;0;0;0;0;0;0;0;0;0;0
03.05.2024;12:25;A 38;1;5;72;1;50;3;84;3;10;7;16;1;0;3;39;1;1;2;36;1;0;2;18;1;6;1;0;4;20;0;0;3;24;0;0;1;1;0;0;0;0;0;0;0;0;0;0;0;0;0;0
03.05.2024;12:24;A 38;1;5;38;0;0;4;40;0;0;3;2;0;0;4;15;0;0;0;0;0;0;0;0;0;0;1;59;12;67;1;8;0;92;0;0;1;1;0;0;0;0;0;0;0;0;0;0;0;0;0;0
03.05.2024;12:23;A 38;1;12;20;0;0;1;51;0;0;13;28;1;1;2;59;1;5;0;0;0;0;0;0;0;0;1;0;11;10;1;6;4;32;0;0;0;0;0;0;1;1;0;0;0;0;1;7;0;0;0;0
03.05.2024;12:22;A 38;1;1;7;0;0;2;8;0;0;1;2;0;0;1;9;0;0;1;77;0;0;1;65;0;0;0;0;1;0;0;0;1;4;0;0;0;0;0;0;0;0;0;0;0;0;0;0;0;0;0;0
03.05.2024;12:21;A 38;1;9;19;2;14;7;42;1;14;10;9;3;2;5;39;2;9;1;2;0;0;1;13;0;0;1;0;10;25;0;0;4;54;0;0;0;0;0;0;0;0;0;0;0;0;0;0;0;0;0;0
03.05.2024;12:20;A 38;1;7;61;3;39;4;62;3;27;7;9;4;4;4;31;2;7;0;0;0;0;0;0;0;0;0;0;8;22;0;0;2;38;0;0;2;3;0;0;0;0;0;0;0;0;0;0;0;0;0;0
03.05.2024;12:19;A 38;1;6;63;0;0;4;79;0;0;6;55;3;9;3;72;1;19;1;68;2;4;1;14;2;27;4;19;5;46;2;15;5;69;0;0;0;0;0;0;0;0;0;0;0;0;0;0;0;0;0;0
03.05.2024;12:18;A 38;1;5;3;0;0;4;14;0;0;4;3;1;0;3;13;1;1;1;7;1;2;1;12;0;0;0;0;2;68;0;0;2;13;0;0;0;0;0;0;0;0;1;6;1;7;0;0;0;0;0;0
03.05.2024;12:17;A 38;1;11;10;0;0;4;38;0;0;11;7;1;0;4;36;1;1;0;0;0;0;0;0;0;0;5;2;9;7;3;10;4;42;0;0;0;0;0;0;0;0;0;0;0;0;0;0;0;0;0;0
03.05.2024;12:16;A 38;1;3;62;1;48;1;67;1;4;4;8;2;4;3;22;2;15;0;17;1;0;0;0;1;4;3;2;6;5;2;10;3;31;0;0;0;0;0;0;0;0;0;0;0;0;0;0;0;0;0;0
03.05.2024;12:15;A 38;1;7;46;0;0;5;71;0;0;9;11;1;0;6;43;0;0;2;31;0;0;2;16;0;0;2;1;3;2;1;4;3;14;0;0;0;0;0;0;0;0;0;0;0;0;0;0;0;0;0;0
03.05.2024;12:14;A 38;1;9;40;1;13;2;72;1;6;13;21;1;0;2;61;0;0;2;41;0;0;1;12;0;0;0;0;8;27;0;0;2;48;0;0;0;0;0;0;0;0;0;0;0;0;0;0;0;0;0;0
03.05.2024;12:13;A 38;1;7;35;1;15;1;58;0;0;9;10;2;3;2;34;2;9;1;68;2;38;5;17;1;12;3;6;11;20;0;9;2;57;0;0;0;0;0;0;0;0;0;0;0;0;0;0;0;0;0;0
03.05.2024;12:12;A 38;1;6;52;2;46;4;77;3;14;7;12;2;5;5;44;2;18;2;71;1;59;0;74;1;10;2;39;7;68;2;50;1;73;0;0;0;0;0;0;0;0;0;0;0;0;1;7;0;0;0;0
03.05.2024;12:11;A 38;1;6;79;0;0;1;69;0;0;8;60;0;0;2;40;0;0;1;61;0;0;2;60;0;0;0;0;9;72;0;0;0;40;0;0;0;0;0;0;0;0;0;0;0;0;0;0;0;0;0;0
03.05.2024;12:10;A 38;1;6;53;0;0;3;68;0;0;5;3;0;0;3;17;0;0;2;81;0;0;1;30;0;0;0;27;7;38;0;0;0;100;0;0;0;0;0;0;0;0;1;6;1;5;0;0;0;0;0;0
03.05.2024;12:09;A 38;1;0;0;0;0;0;0;0;0;3;12;0;0;1;28;0;0;4;25;0;0;1;42;0;0;1;1;1;10;1;10;1;19;0;0;0;0;0;0;0;0;0;0;0;0;0;0;0;0;0;0
03.05.2024;12:08;A 38;1;4;24;0;0;3;14;0;0;5;4;1;0;3;16;1;3;1;14;0;0;1;28;0;0;2;1;4;5;1;5;3;21;0;0;0;0;0;0;0;0;0;0;0;0;0;0;0;0;0;0
03.05.2024;12:07;A 38;1;6;50;0;0;1;44;0;0;6;13;0;0;1;21;0;0;0;0;0;0;0;0;0;0;2;1;14;27;1;5;1;58;0;0;1;1;0;0;0;0;0;0;0;0;0;0;0;0;0;0
03.05.2024;12:06;A 38;1;1;44;0;0;1;53;0;0;1;15;0;0;1;9;0;0;1;19;0;0;1;10;0;0;0;0;1;40;0;0;2;45;0;0;0;0;0;0;0;0;0;0;0;0;0;0;0;0;0;0
03.05.2024;12:05;A 38;1;10;12;0;0;5;41;1;3;13;11;1;0;6;49;0;3;0;0;0;0;0;0;0;0;3;3;6;8;0;0;4;27;0;0;1;1;0;0;1;2;0;0;0;0;0;0;0;0;0;0
03.05.2024;12:04;A 38;1;4;32;1;1;3;49;1;5;3;2;1;6;3;11;3;6;1;0;1;1;1;6;1;2;0;0;8;10;0;0;2;80;0;0;0;0;0;0;0;0;0;0;0;0;0;0;0;0;0;0
03.05.2024;12:03;A 38;1;4;67;2;42;2;81;1;49;10;27;3;13;3;54;2;16;3;37;1;34;1;46;1;1;5;52;12;38;3;21;2;75;0;0;1;1;0;0;0;0;0;0;0;0;0;0;0;0;0;0
03.05.2024;12:02;A 38;1;6;16;0;0;4;35;0;0;7;23;0;0;2;48;0;0;1;53;1;59;4;50;1;4;1;51;5;58;1;5;2;71;0;0;0;0;0;0;0;0;0;0;0;0;1;6;0;0;0;0
03.05.2024;12:01;A 38;1;4;86;0;0;2;99;0;0;5;54;2;16;4;78;3;19;2;32;1;1;2;25;1;5;3;21;3;47;2;13;3;52;0;0;0;0;0;0;0;0;0;0;0;0;0;0;0;0;0;0
03.05.2024;12:00;A 38;1;3;4;1;0;2;18;1;0;1;0;1;0;1;4;1;3;2;70;1;0;2;34;1;7;4;1;6;5;1;4;1;17;0;0;0;0;0;0;0;0;0;0;0;0;0;0;0;0;0;0
03.05.2024;11:59;A 38;1;7;49;1;16;1;64;1;4;8;19;2;13;2;30;2;14;1;17;0;13;0;17;0;0;2;41;12;63;2;8;1;99;0;0;1;1;0;0;0;0;0;0;0;0;0;0;0;0;0;0
03.05.2024;11:58;A 38;1;2;1;0;0;2;6;0;0;5;5;0;0;2;16;0;0;0;100;1;53;0;100;1;10;1;68;6;83;1;22;0;100;0;0;0;0;0;0;0;0;1;5;4;7;0;0;0;0;0;0
03.05.2024;11:57;A 38;1;5;47;1;24;2;64;1;6;2;1;1;0;2;11;1;4;1;43;0;0;2;36;0;0;2;7;2;65;2;14;2;79;0;0;0;0;0;0;1;1;0;0;0;0;0;0;0;0;0;0
03.05.2024;11:56;A 38;1;0;0;0;0;0;0;0;0;4;19;1;0;1;21;0;0;0;35;0;0;0;0;0;0;0;0;7;57;0;0;3;79;0;0;0;0;0;0;0;0;0;0;0;0;0;0;0;0;0;0
03.05.2024;11:55;A 38;1;10;28;0;0;4;61;0;0;8;21;3;15;6;39;4;15;2;39;1;18;2;12;2;10;1;16;2;53;1;10;0;57;0;0;1;1;0;0;1;1;0;0;0;0;0;0;0;0;0;0
03.05.2024;11:54;A 38;1;7;7;1;0;3;23;1;1;7;7;1;0;2;25;1;2;1;93;0;100;0;4;0;0;4;2;17;30;1;5;4;80;0;0;0;0;0;0;0;0;0;0;0;0;0;0;0;0;0;0
03.05.2024;11:53;A 38;1;2;2;0;0;2;8;0;0;3;14;0;0;2;19;0;0;0;0;1;3;1;4;1;14;0;0;1;57;0;0;1;12;0;0;1;1;0;0;0;0;0;0;0;0;1;6;0;0;0;0
03.05.2024;11:52;A 38;1;13;12;2;1;4;43;0;0;12;10;2;1;4;42;2;6;2;35;1;0;2;31;1;3;1;0;5;4;0;0;3;23;0;0;0;0;0;0;0;0;0;0;0;0;0;0;0;0;0;0
03.05.2024;11:51;A 38;1;0;0;0;0;0;0;0;0;1;1;0;0;1;5;0;0;0;0;0;0;0;0;0;0;1;0;2;1;0;0;2;9;0;0;1;1;0;0;0;0;0;0;0;0;0;0;0;0;0;0
03.05.2024;11:50;A 38;1;1;62;0;0;1;8;0;0;3;11;0;0;1;24;0;0;0;51;0;0;0;0;0;0;2;35;10;56;4;49;4;88;0;0;0;0;0;0;0;0;0;0;0;0;0;0;0;0;0;0
03.05.2024;11:49;A 38;1;6;30;1;2;4;47;1;5;6;19;3;4;3;29;2;13;1;48;0;21;1;6;1;3;3;5;9;50;2;30;6;54;0;0;0;0;0;0;0;0;0;0;0;0;0;0;0;0;0;0
03.05.2024;11:48;A 38;1;10;15;1;0;6;47;2;4;8;7;2;2;7;37;3;15;1;0;1;40;1;10;1;8;3;1;10;15;1;5;0;85;0;0;0;0;0;0;0;0;1;6;1;7;0;0;0;0;0;0
03.05.2024;11:47;A 38;1;2;9;2;1;1;19;1;12;2;19;3;23;2;17;2;17;0;2;1;43;0;0;1;18;0;0;5;45;0;0;1;71;0;0;0;0;0;0;0;0;0;0;0;0;0;0;0;0;0;0
03.05.2024;11:46;A 38;1;5;4;0;0;4;17;0;0;5;4;1;0;3;20;0;0;0;100;1;31;0;0;1;11;0;0;5;5;0;0;1;23;0;0;0;0;0;0;0;0;0;0;0;0;0;0;0;0;0;0
03.05.2024;11:45;A 38;1;5;19;0;9;1;29;0;0;6;5;1;0;2;23;1;4;1;21;0;0;1;9;0;0;2;2;19;24;1;8;4;76;0;0;1;1;0;0;1;1;0;0;0;0;0;0;0;0;0;0
03.05.2024;11:44;A 38;1;1;45;1;34;2;53;1;4;0;0;1;13;0;0;1;8;0;0;0;67;0;0;0;0;1;69;8;78;2;14;0;100;0;0;0;0;0;0;0;0;0;0;0;0;0;6;0;0;0;0
03.05.2024;11:43;A 38;1;8;59;1;35;2;77;1;4;10;19;1;0;5;43;2;3;1;0;1;31;1;6;1;9;1;58;1;88;1;9;2;86;0;0;0;0;0;0;0;0;0;0;0;0;1;1;0;0;0;0
03.05.2024;11:42;A 38;1;5;4;0;0;2;21;0;0;5;9;0;0;2;20;1;5;0;0;1;35;0;0;0;0;1;0;8;57;0;0;2;84;0;0;0;0;0;0;0;0;0;0;0;0;0;0;0;0;0;0
03.05.2024;11:41;A 38;1;11;50;0;0;1;76;1;1;12;11;1;0;3;42;2;2;0;0;1;6;0;0;1;18;2;8;14;53;1;8;3;93;0;0;0;0;0;0;0;0;0;0;0;0;0;0;0;0;0;0
03.05.2024;11:40;A 38;1;1;7;0;0;1;16;0;0;1;13;1;9;1;7;1;18;0;0;0;0;0;0;0;0;0;0;1;1;0;0;2;12;0;0;2;3;0;0;2;3;0;0;0;0;0;0;0;0;0;0
03.05.2024;11:39;A 38;1;8;6;0;0;6;27;0;0;9;6;1;0;6;28;1;4;1;95;1;28;1;24;1;9;1;0;2;1;0;0;1;8;0;0;0;0;0;0;0;0;0;0;0;0;0;0;0;0;0;0
03.05.2024;11:38;A 38;1;4;3;0;0;3;13;0;0;4;8;1;1;3;17;1;5;1;22;0;0;1;9;0;0;2;23;7;46;1;11;4;69;0;0;1;1;0;0;0;0;1;6;1;6;0;0;0;0;0;0
03.05.2024;11:37;A 38;1;5;49;1;38;5;22;1;5;5;14;1;1;4;24;1;7;1;68;1;58;0;68;0;8;2;0;7;45;0;0;5;76;0;0;0;0;0;0;0;0;0;0;0;0;0;0;0;0;0;0
03.05.2024;11:36;A 38;1;3;3;0;0;1;10;0;0;5;5;1;0;1;21;0;0;1;32;0;0;2;50;2;4;1;0;5;4;0;0;4;24;0;0;0;0;0;0;0;0;0;0;0;0;0;0;0;0;0;0
03.05.2024;11:35;A 38;1;6;22;1;1;2;43;1;4;5;4;2;11;2;19;2;12;1;1;0;33;1;38;1;1;2;29;5;40;1;10;3;58;0;0;0;0;0;0;0;0;0;0;0;0;0;0;0;0;0;0
03.05.2024;11:34;A 38;1;5;48;1;39;0;77;2;10;7;23;2;13;2;45;2;11;1;18;1;33;0;19;1;12;1;0;11;51;0;0;1;90;0;0;0;0;0;0;0;0;0;0;0;0;0;0;0;0;0;0
03.05.2024;11:33;A 38;1;10;14;1;2;5;51;2;13;13;16;3;2;5;57;0;4;1;83;1;37;2;52;1;12;3;3;6;33;1;13;5;51;0;0;1;1;0;0;0;0;0;0;0;0;0;9;0;0;0;0
03.05.2024;11:32;A 38;1;5;78;2;39;0;100;2;40;6;22;3;2;4;42;3;15;2;53;1;1;0;62;1;7;0;0;5;90;0;0;0;100;0;0;0;0;0;0;0;0;0;0;0;0;1;4;0;0;0;0
03.05.2024;11:31;A 38;1;3;46;0;0;2;57;0;0;0;0;0;0;0;0;0;0;0;0;0;0;1;2;0;0;2;6;1;12;2;14;1;24;0;0;1;1;0;0;0;0;0;0;0;0;0;0;0;0;0;0
03.05.2024;11:30;A 38;1;10;10;0;0;7;36;0;0;11;11;1;0;5;47;1;3;0;0;0;0;0;0;0;0;1;0;11;10;0;0;2;44;0;0;0;0;0;0;0;0;0;0;0;0;0;0;0;0;0;0
03.05.2024;11:29;A 38;1;4;23;0;0;2;35;0;0;2;1;0;0;1;6;0;0;2;34;1;1;2;19;0;0;0;0;2;22;0;0;2;25;0;0;0;0;0;0;0;0;0;0;0;0;0;0;0;0;0;0
03.05.2024;11:28;A 38;1;9;20;0;0;4;51;0;0;10;23;1;5;5;49;1;9;0;0;0;0;0;0;0;0;0;0;4;76;0;0;1;67;0;0;0;0;0;0;0;0;1;5;1;6;0;0;0;0;0;0
03.05.2024;11:27;A 38;1;2;18;0;0;2;17;0;0;2;1;0;0;1;9;0;0;0;91;0;93;0;0;0;0;1;0;5;59;0;0;1;74;0;0;0;0;0;0;0;0;0;0;0;0;0;0;0;0;0;0
03.05.2024;11:26;A 38;1;15;13;1;0;8;51;0;0;14;11;2;1;7;51;1;3;1;6;1;2;1;9;1;8;2;1;9;8;1;4;6;51;0;0;0;0;0;0;0;0;0;0;0;0;0;0;0;0;0;0
03.05.2024;11:25;A 38;1;6;15;1;2;0;30;1;5;8;12;2;5;1;31;0;10;0;0;0;0;0;0;0;0;1;1;5;87;1;9;0;99;0;0;1;1;0;0;0;0;0;0;0;0;1;7;0;0;0;0
03.05.2024;11:24;A 38;1;3;45;2;26;1;57;4;27;3;2;2;13;1;11;2;25;0;0;2;62;0;0;0;7;0;0;4;37;0;0;4;62;0;0;0;0;0;0;0;0;0;0;0;0;0;0;0;0;0;0
03.05.2024;11:23;A 38;1;1;12;1;9;1;24;1;6;5;20;0;0;1;35;0;0;1;60;0;0;1;12;1;5;1;0;6;8;0;0;1;25;0;0;0;0;0;0;0;0;0;0;0;0;0;0;0;0;0;0
03.05.2024;11:22;A 38;1;12;68;1;53;3;96;0;0;12;78;2;11;1;62;2;19;2;44;1;14;2;16;0;6;1;25;2;45;1;11;1;57;0;0;0;0;0;0;0;0;1;7;1;7;0;0;0;0;0;0
03.05.2024;11:21;A 38;1;7;79;0;0;0;100;1;3;10;25;1;1;3;56;1;5;2;4;1;0;2;18;3;13;2;36;3;51;3;18;1;62;0;0;0;0;0;0;0;0;0;0;0;0;0;0;0;0;0;0
03.05.2024;11:20;A 38;1;5;4;1;0;3;20;1;1;3;10;3;12;3;30;3;30;0;3;2;4;0;0;0;5;3;2;9;45;2;14;4;74;0;0;0;0;1;1;0;0;0;0;0;0;0;0;0;0;0;0
03.05.2024;11:19;A 38;1;5;5;0;0;0;14;0;0;5;4;0;0;2;20;0;0;1;23;1;22;1;10;2;14;0;0;7;4;0;0;5;36;0;0;0;0;0;0;0;0;0;0;0;0;0;0;0;0;0;0
03.05.2024;11:18;A 38;1;3;37;0;0;3;34;0;0;4;3;0;0;2;17;0;0;0;0;0;0;0;0;0;0;2;0;9;9;0;0;5;53;0;0;0;0;0;0;0;0;0;0;0;0;0;0;0;0;0;0
03.05.2024;11:17;A 38;1;12;44;1;0;3;47;1;1;10;10;1;0;4;39;1;2;0;0;1;1;0;0;0;0;2;1;7;5;1;5;3;29;0;0;0;1;0;0;0;1;0;0;0;0;0;0;0;0;0;0
03.05.2024;11:16;A 38;1;2;2;0;0;2;4;0;0;4;3;0;0;1;11;0;0;0;0;0;0;0;0;0;0;1;0;6;5;0;0;3;27;0;0;1;0;0;0;1;0;0;0;0;0;0;0;0;0;0;0
03.05.2024;11:15;A 38;1;6;63;0;0;1;85;0;0;5;13;1;13;2;28;1;20;1;31;0;34;0;0;0;0;0;0;5;48;0;0;3;55;0;0;0;0;0;0;0;0;0;0;0;0;0;0;0;0;0;0
03.05.2024;11:14;A 38;1;9;11;0;0;2;36;0;0;11;11;4;2;4;45;1;1;0;0;2;47;1;15;1;6;2;1;11;12;1;12;1;45;0;0;0;0;0;0;0;0;0;0;0;0;0;0;0;0;0;0
03.05.2024;11:13;A 38;1;3;67;0;0;3;67;0;0;1;1;0;0;3;8;1;0;0;0;0;42;0;0;0;0;0;0;6;61;0;0;3;71;0;0;0;0;0;0;0;0;0;0;0;0;0;0;0;0;0;0
03.05.2024;11:12;A 38;1;5;23;0;0;2;32;0;0;7;24;1;0;3;29;1;4;1;3;1;12;1;10;1;14;0;0;1;58;0;0;1;13;0;0;1;1;0;0;1;2;0;0;0;0;1;6;0;0;0;0
03.05.2024;11:11;A 38;1;5;73;0;0;3;80;0;0;6;13;1;0;2;22;0;0;2;16;0;0;2;16;0;0;1;0;4;3;1;1;3;19;0;0;0;0;0;0;0;0;0;0;0;0;0;0;0;0;0;0
03.05.2024;11:10;A 38;1;5;45;0;8;2;58;2;3;5;5;1;1;2;26;1;4;1;26;0;0;2;10;0;0;1;0;4;9;1;5;1;21;0;0;0;0;0;0;0;0;0;0;0;0;3;2;0;0;0;0
03.05.2024;11:09;A 38;1;1;23;1;17;2;28;1;4;1;0;0;0;1;4;0;0;0;0;1;1;0;0;0;0;7;6;7;47;0;3;6;76;0;0;0;0;0;0;0;0;0;0;0;0;0;0;0;0;0;0
03.05.2024;11:08;A 38;1;11;29;2;1;2;55;1;1;10;9;12;3;4;35;2;8;0;0;0;0;0;0;1;0;1;0;4;48;1;2;3;18;0;0;0;0;0;0;0;0;1;8;1;8;0;0;0;0;0;0
03.05.2024;11:07;A 38;1;1;7;0;0;1;14;0;0;0;0;0;0;0;0;0;0;0;0;0;0;0;0;0;0;0;0;5;38;0;0;3;64;0;0;0;0;0;0;0;0;0;0;0;0;0;0;0;0;0;0
03.05.2024;11:06;A 38;1;6;6;0;0;6;24;0;0;8;8;1;1;6;34;0;0;0;0;0;0;0;0;0;0;1;0;3;2;0;0;3;16;0;0;0;1;0;0;0;0;0;0;0;0;0;0;0;0;0;0
03.05.2024;11:05;A 38;1;6;47;0;0;4;68;1;2;7;20;1;0;3;43;1;4;2;35;0;0;0;38;0;0;3;24;8;38;1;10;4;64;0;0;1;0;0;0;0;0;0;0;0;0;0;0;0;0;0;0
03.05.2024;11:04;A 38;1;13;11;1;0;7;45;1;1;14;13;3;1;6;54;1;5;1;54;0;0;1;64;0;0;0;0;4;91;1;82;0;100;0;0;1;1;0;0;0;0;0;0;0;0;1;7;0;0;0;0
03.05.2024;11:03;A 38;1;2;44;0;0;2;14;0;0;1;11;0;0;1;8;0;0;1;53;0;0;1;10;0;0;0;0;3;23;0;0;2;41;0;0;0;0;0;0;0;0;0;0;0;0;0;0;0;0;0;0
03.05.2024;11:02;A 38;1;8;10;1;0;5;27;0;0;9;7;1;0;6;32;1;3;0;0;0;0;0;0;0;0;2;0;2;1;1;3;2;10;0;0;0;0;0;0;0;0;0;0;0;0;0;0;0;0;0;0
03.05.2024;11:01;A 38;1;1;31;0;0;2;40;0;0;3;23;0;0;1;17;0;0;0;48;0;0;2;54;0;0;3;3;6;26;2;12;4;48;0;0;1;1;0;0;1;1;0;0;0;0;0;0;0;0;0;0
03.05.2024;11:00;A 38;1;8;7;1;0;4;24;0;0;7;5;2;1;4;27;1;3;1;12;0;0;1;9;0;0;0;0;3;2;0;0;3;14;0;0;0;0;0;0;0;0;0;0;0;0;0;0;0;0;0;0
03.05.2024;10:59;A 38;1;10;69;2;1;2;98;0;0;6;5;2;1;2;22;3;9;0;0;0;0;0;0;0;0;1;2;7;49;0;0;1;78;0;0;0;0;0;0;0;0;0;0;0;0;0;0;0;0;0;0
03.05.2024;10:58;A 38;1;5;9;0;5;3;30;0;0;4;16;7;3;3;20;2;8;0;0;1;0;0;0;0;0;4;38;15;51;2;46;0;100;0;0;0;0;0;0;0;0;1;7;1;8;0;0;0;0;0;0
03.05.2024;10:57;A 38;1;4;23;1;38;2;52;1;9;6;22;0;10;2;29;0;0;0;0;1;24;0;0;1;14;3;39;6;48;2;20;2;76;0;0;1;1;0;0;1;1;0;0;0;0;0;0;0;0;0;0
03.05.2024;10:56;A 38;1;1;32;0;0;2;18;0;0;1;7;1;15;1;10;1;6;1;30;1;33;1;13;2;7;2;1;4;31;0;0;7;36;0;0;1;1;0;0;1;1;0;0;0;0;0;0;0;0;0;0
03.05.2024;10:55;A 38;1;14;13;0;0;7;48;0;0;14;12;0;0;8;54;0;0;0;0;0;0;0;0;0;0;0;0;3;4;0;0;0;11;0;0;1;1;0;0;1;1;0;0;0;0;0;0;0;0;0;0
03.05.2024;10:54;A 38;1;1;0;0;0;2;7;0;0;1;0;0;0;1;3;0;0;0;0;0;0;0;0;0;0;2;2;8;72;1;8;1;45;0;0;0;0;0;0;0;0;0;0;0;0;1;8;0;0;0;0
03.05.2024;10:53;A 38;1;9;24;1;1;2;56;1;3;9;9;3;14;2;45;2;15;1;17;1;1;0;0;1;3;0;0;1;40;0;0;1;23;0;0;0;0;0;0;0;0;0;0;0;0;0;0;0;0;0;0
03.05.2024;10:52;A 38;1;1;1;0;0;1;4;0;0;1;1;0;0;1;4;0;0;1;55;0;0;1;8;0;0;0;0;7;37;0;0;3;55;0;0;0;0;0;0;0;0;0;0;0;0;0;0;0;0;0;0
03.05.2024;10:51;A 38;1;10;28;1;1;1;56;1;2;10;19;3;11;4;50;3;19;1;3;0;1;1;7;0;0;0;0;1;0;0;0;1;4;0;0;1;1;0;0;0;0;0;0;0;0;0;0;0;0;0;0
03.05.2024;10:50;A 38;1;13;31;0;0;1;57;0;0;14;13;1;2;3;48;0;0;1;36;1;93;1;9;0;6;1;5;10;19;1;5;0;43;0;0;0;0;0;0;0;0;0;0;0;0;0;0;0;0;0;0
03.05.2024;10:49;A 38;1;1;33;0;0;1;47;0;0;0;0;1;10;0;0;1;8;0;0;0;69;0;0;1;3;2;17;7;12;1;10;4;39;0;0;0;0;0;0;0;0;0;0;0;0;0;0;0;0;0;0
03.05.2024;10:48;A 38;1;5;4;1;1;2;19;0;0;6;5;12;3;2;21;0;0;0;0;1;48;0;0;1;8;1;18;9;32;0;0;0;53;0;0;0;0;0;0;0;0;1;5;0;0;0;0;0;0;0;0
03.05.2024;10:47;A 38;1;6;5;0;0;4;20;0;0;5;5;0;0;3;14;1;5;0;0;1;27;0;0;0;6;1;59;1;67;1;9;2;73;0;0;0;0;0;0;0;0;0;0;1;5;0;0;0;0;0;0
03.05.2024;10:46;A 38;1;11;36;1;23;0;63;0;24;13;17;3;2;2;52;2;9;0;0;0;0;0;0;1;1;0;0;13;29;0;0;1;56;0;0;0;0;0;0;0;0;0;0;0;0;0;0;0;0;0;0
03.05.2024;10:45;A 38;1;3;42;1;2;4;28;2;8;3;2;0;0;3;16;0;0;1;80;0;0;1;44;0;0;0;0;10;52;0;0;2;72;0;0;0;0;0;0;0;0;0;0;0;0;1;8;0;0;0;0
03.05.2024;10:44;A 38;1;8;47;4;13;3;53;3;12;8;7;4;3;3;24;3;15;1;43;0;0;1;9;0;0;0;0;0;0;0;0;0;0;0;0;0;0;0;0;0;0;0;0;0;0;0;0;0;0;0;0
03.05.2024;10:43;A 38;1;4;8;0;0;3;14;0;0;3;2;0;0;2;11;0;0;0;0;0;0;0;0;0;0;3;0;9;7;0;0;4;36;0;0;1;1;0;0;1;3;0;0;0;0;0;0;0;0;0;0
03.05.2024;10:42;A 38;1;8;9;1;0;4;33;1;1;8;8;1;0;3;31;1;2;0;0;0;0;0;0;0;0;1;0;2;1;0;0;2;10;0;0;1;1;0;0;0;0;0;0;0;0;0;0;0;0;0;0
03.05.2024;10:41;A 38;1;8;8;0;0;3;28;1;1;9;9;1;1;3;33;1;5;0;0;0;0;0;0;0;0;3;1;10;9;0;2;5;48;0;0;0;0;0;0;0;0;0;0;0;0;0;0;0;0;0;0
03.05.2024;10:40;A 38;1;5;44;0;0;2;64;0;0;4;17;0;0;2;16;1;3;0;0;1;33;0;0;0;1;0;0;5;5;1;2;5;31;0;0;0;0;0;0;0;0;0;0;0;0;0;0;0;0;0;0
03.05.2024;10:39;A 38;1;2;65;2;4;1;81;1;68;4;5;3;13;4;23;5;28;0;0;1;40;0;0;2;10;0;0;7;54;0;0;2;78;0;0;0;0;0;0;0;0;0;0;0;0;0;0;0;0;0;0
03.05.2024;10:38;A 38;1;12;11;2;1;6;45;2;4;11;8;5;1;7;37;2;5;0;0;1;84;0;0;1;7;0;0;7;10;0;0;1;24;0;0;0;0;0;0;0;0;0;0;0;0;0;0;0;0;0;0
03.05.2024;10:37;A 38;1;2;51;0;0;1;9;0;0;5;3;0;0;2;14;0;0;0;0;0;0;0;0;0;0;1;0;3;84;0;0;1;97;0;0;0;0;0;0;0;0;1;5;1;6;0;0;0;0;0;0
03.05.2024;10:36;A 38;1;9;10;0;0;5;39;0;0;7;6;0;0;6;27;0;0;0;0;0;0;0;0;0;0;2;1;5;11;1;9;3;35;0;0;0;0;0;0;0;0;0;0;0;0;0;0;0;0;0;0
03.05.2024;10:35;A 38;1;1;0;0;0;2;5;0;0;2;1;0;0;1;5;0;0;0;0;0;0;0;0;0;0;2;1;8;11;2;11;6;44;0;0;0;0;0;0;0;0;0;0;0;0;0;0;0;0;0;0
03.05.2024;10:34;A 38;1;7;56;0;0;4;62;0;0;7;20;0;0;5;37;0;0;0;28;0;0;0;0;0;0;0;0;1;79;0;0;1;89;0;0;1;1;0;0;0;0;0;0;0;0;1;7;0;0;0;0
03.05.2024;10:33;A 38;1;5;5;0;0;4;20;0;0;8;6;0;0;5;26;0;0;1;42;0;0;1;13;0;0;3;1;5;5;1;2;4;21;0;0;0;0;0;0;0;0;0;0;0;0;0;0;0;0;0;0
03.05.2024;10:32;A 38;1;3;2;0;0;2;11;0;0;1;1;1;12;2;7;1;10;0;24;1;2;2;12;1;19;1;0;3;2;0;0;3;16;0;0;0;0;0;0;0;0;0;0;0;0;0;0;0;0;0;0
03.05.2024;10:31;A 38;1;4;20;0;0;3;34;0;0;4;3;0;0;2;19;0;0;1;89;0;0;0;9;1;0;2;4;11;58;1;9;0;85;0;0;0;0;0;0;0;0;0;0;0;0;0;0;0;0;0;0
03.05.2024;10:30;A 38;1;2;1;0;0;2;7;0;0;2;1;1;0;2;7;0;0;0;0;0;0;1;1;0;0;0;0;0;0;0;0;1;7;0;0;1;1;0;0;1;1;0;0;0;0;0;0;0;0;0;0
03.05.2024;10:29;A 38;1;10;8;0;0;5;31;0;0;10;6;1;0;5;31;0;0;0;0;0;0;0;0;0;0;1;0;5;4;0;0;4;24;0;0;0;0;0;0;0;0;0;0;0;0;0;0;0;0;0;0
03.05.2024;10:28;A 38;1;6;50;0;0;2;65;0;0;7;53;1;0;3;76;0;0;0;0;0;0;0;0;0;0;1;26;2;30;1;10;1;39;0;0;0;0;0;0;0;0;1;6;1;6;0;0;0;0;0;0
03.05.2024;10:27;A 38;1;7;17;0;0;5;39;0;0;6;6;0;0;4;29;0;0;0;0;0;0;0;0;0;0;4;1;9;8;1;4;5;38;0;0;0;0;0;0;0;0;0;0;0;0;0;0;0;0;0;0
03.05.2024;10:26;A 38;1;1;2;0;0;1;9;0;0;2;8;1;10;2;16;1;10;1;16;0;41;1;10;0;0;3;2;3;37;1;15;1;51;0;0;0;0;0;0;0;0;0;0;0;0;0;0;0;0;0;0
03.05.2024;10:25;A 38;1;7;6;0;0;4;20;0;0;7;5;1;0;4;25;1;2;0;0;1;32;0;0;1;26;0;0;11;9;0;0;4;44;0;0;0;0;0;0;0;0;0;0;0;0;0;0;0;0;0;0
03.05.2024;10:24;A 38;1;1;19;0;0;2;18;0;0;3;7;0;0;1;14;0;0;1;56;0;0;0;55;0;0;1;8;3;10;1;4;4;27;0;0;0;0;0;0;0;0;0;0;0;0;0;0;0;0;0;0
03.05.2024;10:23;A 38;1;5;4;0;0;2;16;0;0;5;20;1;14;4;22;1;21;1;56;1;2;2;31;0;4;0;100;0;100;0;0;0;100;0;0;0;0;0;0;0;0;0;0;0;0;1;5;0;0;0;0
03.05.2024;10:22;A 38;1;6;6;0;0;3;19;0;0;8;7;1;0;3;30;0;0;1;24;0;0;3;26;1;20;4;10;11;22;1;11;6;62;0;0;0;0;0;0;0;0;0;0;0;0;0;0;0;0;0;0
03.05.2024;10:21;A 38;1;6;6;0;0;3;23;0;0;7;7;1;0;2;28;0;0;0;0;0;0;0;0;0;0;1;0;7;8;0;0;1;24;0;0;0;0;0;0;0;0;0;0;0;0;0;0;0;0;0;0
03.05.2024;10:20;A 38;1;4;58;1;44;2;75;1;4;1;0;1;0;1;4;1;4;0;0;0;0;0;0;0;0;0;0;2;45;0;0;1;61;0;0;0;0;0;0;0;0;0;0;0;0;0;0;0;0;0;0
03.05.2024;10:19;A 38;1;0;0;0;0;0;0;0;0;0;0;0;0;0;0;0;0;0;0;0;0;0;0;0;0;2;31;10;38;1;31;4;70;0;0;0;0;0;0;0;0;1;5;1;5;0;0;0;0;0;0
03.05.2024;10:18;A 38;1;9;24;1;0;7;30;1;1;7;6;3;2;6;31;3;10;0;0;0;0;0;0;0;0;1;56;0;100;2;49;0;100;0;0;0;0;0;0;1;1;0;0;0;0;0;0;0;0;0;0
03.05.2024;10:17;A 38;1;3;28;0;0;1;13;0;0;3;2;0;0;1;14;0;0;0;0;0;0;0;0;0;0;2;1;5;27;0;0;4;46;0;0;0;0;0;0;0;0;0;0;0;0;0;0;0;0;0;0
03.05.2024;10:16;A 38;1;8;7;0;0;6;31;0;0;8;21;1;0;6;27;0;0;0;0;0;0;0;0;0;0;2;1;2;1;2;10;2;10;0;0;0;0;0;0;0;0;0;0;0;0;0;0;0;0;0;0
03.05.2024;10:15;A 38;1;8;29;1;10;1;48;0;0;3;55;8;13;1;90;2;81;0;0;0;0;0;0;0;0;4;1;10;11;1;5;3;45;0;0;0;0;0;0;0;0;0;0;0;0;0;0;0;0;0;0
03.05.2024;10:14;A 38;1;1;36;1;35;4;37;1;3;1;19;1;10;1;24;2;11;1;71;1;1;1;45;1;3;0;0;1;26;0;0;2;33;0;0;0;0;0;0;0;0;0;0;0;0;0;0;0;0;0;0
03.05.2024;10:13;A 38;1;12;18;1;1;5;52;1;3;14;11;1;0;7;51;1;3;1;20;0;0;1;9;0;0;0;0;6;4;0;0;4;24;0;0;0;0;0;0;0;0;0;0;0;0;0;0;0;0;0;0
03.05.2024;10:12;A 38;1;4;12;0;0;4;29;0;0;3;56;1;9;3;15;1;11;0;63;0;61;0;0;0;0;1;0;6;27;1;5;2;50;0;0;0;0;0;0;0;0;0;0;0;0;0;2;0;0;0;0
03.05.2024;10:11;A 38;1;12;45;2;21;5;78;2;7;12;11;3;1;5;48;2;7;1;48;1;44;1;16;1;12;0;0;1;71;0;0;1;78;0;0;0;0;0;0;0;0;0;0;0;0;1;4;0;0;0;0
03.05.2024;10:10;A 38;1;1;47;2;43;1;51;1;11;2;2;2;1;1;9;1;7;0;0;0;0;0;0;0;0;0;0;0;0;0;0;0;0;0;0;0;0;0;0;0;0;0;0;0;0;0;0;0;0;0;0
03.05.2024;10:09;A 38;1;9;12;0;0;6;42;2;6;8;8;1;0;5;33;1;3;0;0;0;0;0;0;0;0;0;0;5;4;0;0;4;26;0;0;1;1;0;0;0;0;0;0;0;0;0;0;0;0;0;0
03.05.2024;10:08;A 38;1;9;10;1;0;1;34;1;2;11;9;1;4;3;41;1;3;0;0;0;0;0;0;0;0;4;1;5;26;1;4;3;27;0;0;0;0;0;0;0;0;1;6;1;6;0;0;0;0;0;0
03.05.2024;10:07;A 38;1;2;50;0;0;2;56;0;0;0;0;1;12;0;0;1;9;0;0;0;69;0;0;0;0;1;0;4;3;0;0;3;18;0;0;0;0;0;0;0;0;0;0;0;0;0;0;0;0;0;0
03.05.2024;10:06;A 38;1;1;1;0;0;1;4;0;0;1;0;0;0;1;5;0;0;0;0;1;61;0;0;1;4;3;1;7;7;0;0;5;35;0;0;0;0;0;0;0;0;0;0;0;0;1;0;0;0;0;0
03.05.2024;10:05;A 38;1;7;6;1;0;4;24;0;0;5;4;2;1;5;20;2;6;0;0;0;0;0;0;0;0;2;0;6;6;0;0;3;31;0;0;0;0;0;0;0;0;0;0;0;0;0;0;0;0;0;0
03.05.2024;10:04;A 38;1;4;5;0;0;3;19;1;4;7;7;0;0;3;27;1;4;0;0;0;0;0;0;0;0;4;3;39;30;2;13;3;69;0;0;0;0;0;0;0;0;0;0;0;0;1;8;0;0;0;0
03.05.2024;10:03;A 38;1;7;33;0;0;2;21;0;0;6;9;0;0;5;36;0;0;0;0;0;0;0;0;0;0;0;0;20;62;0;0;1;89;0;0;0;0;0;0;0;0;0;0;0;0;0;0;0;0;0;0
03.05.2024;10:02;A 38;1;8;28;0;0;5;31;0;0;8;6;0;0;4;29;0;0;1;68;0;0;1;14;0;0;2;1;2;1;2;5;3;10;0;0;0;0;0;0;0;0;0;0;0;0;0;0;0;0;0;0
03.05.2024;10:01;A 38;1;6;34;0;0;3;34;0;0;6;19;0;0;2;21;0;0;0;0;0;0;0;0;0;0;0;0;7;27;0;0;1;43;0;0;0;0;0;0;0;0;0;0;0;0;0;0;0;0;0;0
03.05.2024;10:00;A 38;1;11;50;0;0;4;57;0;0;11;13;1;1;6;46;1;5;1;70;1;38;3;6;1;7;3;1;9;24;0;0;3;60;0;0;0;0;0;0;0;0;0;0;0;0;0;0;0;0;0;0
03.05.2024;09:59;A 38;1;3;52;0;0;1;57;0;0;4;7;5;18;1;26;1;7;1;1;0;25;1;4;1;2;1;39;7;84;1;9;0;100;0;0;0;0;0;0;0;0;1;7;1;31;0;0;0;0;0;0
03.05.2024;09:58;A 38;1;6;68;1;6;2;92;1;6;5;4;1;0;2;19;1;3;0;0;1;55;0;0;1;8;0;0;6;68;0;0;3;64;0;0;0;0;0;0;0;0;0;0;0;0;0;0;0;0;0;0
03.05.2024;09:57;A 38;1;0;0;0;0;0;0;0;0;0;0;0;0;0;0;0;0;0;0;0;0;0;0;0;0;0;0;1;29;0;0;2;10;0;0;1;1;0;0;0;0;0;0;0;0;0;0;0;0;0;0
03.05.2024;09:56;A 38;1;12;9;4;3;7;37;1;2;8;6;3;1;6;30;3;9;0;0;1;0;0;0;0;0;0;0;3;2;0;0;3;15;0;0;0;0;0;0;0;0;0;0;0;0;0;0;0;0;0;0
03.05.2024;09:55;A 38;1;9;52;0;0;3;74;0;0;12;24;1;0;5;57;1;3;1;2;0;0;1;6;1;5;2;0;7;32;0;0;3;55;0;0;0;0;0;0;0;0;0;0;0;0;0;0;0;0;0;0
03.05.2024;09:54;A 38;1;8;31;0;0;2;55;0;0;10;10;0;0;1;36;0;0;2;95;0;0;1;16;0;0;0;0;7;37;0;0;3;61;0;0;0;0;0;0;0;0;0;0;0;0;1;6;0;0;0;0
03.05.2024;09:53;A 38;1;6;77;2;42;0;100;1;25;4;61;5;16;5;39;3;29;1;16;1;33;3;26;3;16;1;0;2;64;0;0;2;76;0;0;0;0;0;0;0;0;0;0;0;0;0;0;0;0;0;0
03.05.2024;09:52;A 38;1;1;36;1;26;1;53;1;44;1;2;0;0;1;13;0;0;44;22;0;0;0;9;1;0;1;1;9;33;1;7;1;44;0;0;0;0;0;0;0;0;0;0;0;0;0;0;0;0;0;0
03.05.2024;09:51;A 38;1;0;0;0;0;0;0;0;0;1;1;0;0;0;1;0;0;0;40;0;0;1;2;0;0;2;20;7;30;2;26;1;58;0;0;0;0;0;0;0;0;0;0;0;0;0;0;0;0;0;0
03.05.2024;09:50;A 38;1;11;10;0;0;9;35;0;0;11;9;0;0;7;45;0;0;1;63;0;0;2;2;1;0;3;1;3;2;1;3;3;16;0;0;0;0;0;0;0;0;0;0;0;0;0;0;0;0;0;0
03.05.2024;09:49;A 38;1;1;1;0;0;1;6;0;0;0;0;0;0;0;0;0;0;0;0;0;0;0;0;0;0;2;1;2;40;0;0;0;45;0;0;0;0;0;0;0;0;0;0;0;0;0;0;0;0;0;0
03.05.2024;09:48;A 38;1;1;5;0;5;0;6;0;0;2;1;1;0;1;8;1;4;0;0;0;0;0;0;0;0;1;0;6;28;0;0;3;62;0;0;1;1;0;0;0;0;1;6;1;6;0;0;0;0;0;0
03.05.2024;09:47;A 38;1;8;61;2;17;3;80;3;13;8;7;3;13;2;27;1;16;0;0;0;0;0;0;0;0;0;10;6;16;0;0;2;32;0;0;0;0;0;0;0;0;0;0;0;0;0;0;0;0;0;0
03.05.2024;09:46;A 38;1;8;50;0;0;1;73;1;5;9;9;4;9;1;32;2;19;1;39;1;7;1;7;1;16;1;12;1;21;1;10;1;29;0;0;0;0;0;0;0;0;0;0;0;0;0;0;0;0;0;0
03.05.2024;09:45;A 38;1;2;46;2;43;2;52;2;10;1;1;0;0;1;4;1;3;0;0;1;27;0;0;1;7;0;0;2;44;0;0;2;47;0;0;0;0;0;0;0;0;0;0;0;0;0;0;0;0;0;0
03.05.2024;09:44;A 38;1;1;1;0;0;1;6;0;0;2;1;0;0;2;8;0;0;0;0;0;0;0;0;0;0;1;0;3;8;1;4;3;24;0;0;0;0;0;0;0;0;0;0;0;0;0;0;0;0;0;0
03.05.2024;09:43;A 38;1;11;10;1;0;4;35;1;0;9;6;2;1;3;29;1;4;0;0;0;0;0;0;0;0;2;0;13;11;0;0;5;52;0;0;1;1;0;0;0;0;0;0;0;0;0;0;0;0;0;0
03.05.2024;09:42;A 38;1;5;4;1;0;3;17;0;0;4;18;1;0;3;29;1;2;0;0;0;0;0;0;0;0;2;1;7;61;1;5;2;83;0;0;0;0;0;0;0;0;0;0;0;0;1;6;0;0;0;0
03.05.2024;09:41;A 38;1;1;1;0;0;0;1;0;0;2;2;0;0;2;12;1;0;1;17;0;0;1;11;0;0;2;1;4;43;1;4;4;65;0;0;0;0;0;0;0;0;0;0;0;0;0;0;0;0;0;0
03.05.2024;09:40;A 38;1;8;28;0;17;2;52;0;0;11;18;1;0;3;49;1;4;0;0;0;0;0;0;0;0;0;0;3;15;0;0;0;17;0;0;0;0;0;0;0;0;0;0;0;0;0;0;0;0;0;0
03.05.2024;09:39;A 38;1;2;25;1;8;3;24;1;6;2;11;0;0;2;21;0;0;3;77;0;0;1;81;1;4;1;0;3;35;1;5;2;52;0;0;0;0;0;0;0;0;0;0;0;0;0;0;0;0;0;0
03.05.2024;09:38;A 38;1;7;7;1;0;6;27;1;2;8;7;2;1;6;34;3;7;1;10;0;0;3;7;1;2;0;0;10;52;0;0;1;80;0;0;0;0;0;0;0;0;1;7;0;0;1;7;0;0;0;0
03.05.2024;09:37;A 38;1;5;44;1;0;3;62;1;0;4;4;0;0;2;16;0;0;0;0;0;0;0;0;0;0;0;0;1;61;0;0;1;69;0;0;1;1;0;0;0;0;0;8;1;6;0;0;0;0;0;0
03.05.2024;09:36;A 38;1;13;31;1;12;5;68;1;14;12;12;1;1;3;47;1;6;0;0;0;0;0;0;0;0;6;17;6;37;2;13;1;59;0;0;0;0;0;0;0;0;2;19;0;0;0;0;0;0;0;0
03.05.2024;09:35;A 38;1;2;1;0;0;3;7;0;0;2;1;0;0;2;6;0;0;0;0;0;0;0;0;0;0;5;4;7;5;2;23;3;23;0;0;1;1;0;0;0;0;0;0;0;0;0;0;0;0;0;0
03.05.2024;09:34;A 38;1;15;37;0;0;2;75;0;0;16;14;1;12;5;56;0;1;0;0;0;0;0;0;0;0;2;13;11;26;2;9;3;55;0;0;0;0;0;0;0;0;0;0;0;0;0;0;0;0;0;0
03.05.2024;09:33;A 38;1;11;11;0;0;4;47;0;0;13;10;1;0;4;40;1;7;0;0;0;79;0;0;0;0;3;22;2;36;3;18;2;49;0;0;0;0;0;0;0;0;0;0;0;0;0;0;0;0;0;0
03.05.2024;09:32;A 38;1;5;51;0;0;2;74;0;0;3;4;1;0;5;16;0;0;1;39;2;23;1;33;2;13;0;0;0;0;0;0;0;0;0;0;0;0;0;0;0;0;0;0;0;0;0;0;0;0;0;0
03.05.2024;09:31;A 38;1;4;34;0;26;2;45;0;0;6;19;3;1;5;40;1;4;1;49;0;0;1;7;0;0;5;38;5;4;4;31;2;20;0;0;0;0;0;0;0;0;1;6;1;6;0;0;0;0;0;0
03.05.2024;09:30;A 38;1;10;30;1;7;4;68;1;6;8;7;1;0;5;34;1;3;1;63;1;0;2;10;0;0;6;3;8;7;4;12;5;30;0;0;0;0;0;0;0;0;0;0;0;0;0;0;0;0;0;0
03.05.2024;09:29;A 38;1;0;0;0;0;0;0;0;0;0;0;0;0;0;0;0;0;0;0;0;0;0;0;0;0;5;29;6;29;2;48;2;41;0;0;0;0;0;0;0;0;0;0;0;0;0;0;0;0;0;0
03.05.2024;09:28;A 38;1;11;37;1;15;5;61;1;6;13;26;2;1;5;43;1;3;0;0;0;0;1;2;0;0;1;0;2;16;1;4;2;11;0;0;0;0;0;0;0;0;0;0;0;0;0;0;0;0;0;0
03.05.2024;09:27;A 38;1;2;33;0;0;4;32;0;0;4;4;2;1;2;18;1;4;0;81;0;0;0;0;1;4;2;1;1;1;1;8;1;9;0;0;1;1;0;0;0;0;0;0;0;0;0;0;0;0;0;0
03.05.2024;09:26;A 38;1;6;65;2;44;2;87;2;10;4;3;1;0;2;15;1;4;1;72;0;0;1;4;0;0;1;0;7;11;0;0;2;35;0;0;0;0;0;0;0;0;0;0;0;0;0;0;0;0;0;0
03.05.2024;09:25;A 38;1;3;5;0;0;0;8;0;0;6;6;2;1;1;20;1;7;0;0;0;0;0;0;0;0;3;5;11;15;2;14;4;41;0;0;1;1;0;0;1;1;0;0;0;0;1;7;0;0;0;0
03.05.2024;09:24;A 38;1;8;53;2;44;9;77;2;35;5;3;0;0;6;22;1;1;0;0;0;0;0;0;0;0;1;0;3;2;0;0;3;13;0;0;0;0;0;0;0;0;0;0;0;0;0;0;0;0;0;0
03.05.2024;09:23;A 38;1;0;0;0;0;1;0;0;0;1;8;0;0;1;15;0;0;0;33;0;0;0;0;0;0;1;0;1;0;1;4;1;4;0;0;0;0;0;0;0;0;1;7;0;0;0;0;0;0;0;0
03.05.2024;09:22;A 38;1;15;12;0;0;10;52;0;0;14;10;4;2;11;52;1;3;1;15;0;0;1;8;0;0;0;0;3;2;0;0;3;13;0;0;0;0;0;0;0;0;0;0;0;0;0;0;0;0;0;0
03.05.2024;09:21;A 38;1;5;6;0;0;3;21;1;3;5;13;1;1;4;33;0;0;0;0;0;0;0;0;0;0;4;2;4;3;4;13;4;19;0;0;1;1;0;0;0;0;0;0;0;0;0;0;0;0;0;0
03.05.2024;09:20;A 38;1;11;9;1;0;6;37;1;1;11;8;1;0;4;42;1;4;0;0;0;0;0;0;0;0;1;1;0;0;1;5;0;0;0;0;0;0;0;0;0;0;0;0;0;0;0;0;0;0;0;0
03.05.2024;09:19;A 38;1;2;77;0;0;1;90;1;5;4;27;0;0;2;42;1;2;1;33;2;11;0;0;2;7;4;53;3;2;2;33;3;15;0;0;0;0;0;0;0;0;0;0;0;0;0;0;0;0;0;0
03.05.2024;09:18;A 38;1;9;11;1;0;7;40;1;2;8;58;1;0;6;44;1;3;1;48;0;0;1;10;0;0;1;53;3;69;1;10;2;80;0;0;1;1;0;0;1;1;1;6;1;7;0;0;0;0;0;0
03.05.2024;09:17;A 38;1;5;77;0;0;2;23;0;0;5;14;3;17;3;23;1;24;1;50;1;51;0;50;0;51;1;0;2;9;0;0;2;18;0;0;0;0;0;0;0;0;0;0;0;0;0;0;0;0;0;0
03.05.2024;09:16;A 38;1;2;1;2;1;3;11;1;4;2;1;2;1;2;8;1;5;0;100;1;88;1;13;2;38;3;1;3;3;0;0;2;16;0;0;0;0;0;0;0;0;0;0;0;0;0;0;0;0;0;0
03.05.2024;09:15;A 38;1;5;5;1;0;0;14;0;0;7;6;1;0;1;21;1;4;1;3;0;0;1;7;0;0;4;1;6;5;2;5;3;23;0;0;0;0;0;0;0;0;0;0;0;0;0;0;0;0;0;0
03.05.2024;09:14;A 38;1;7;35;0;0;1;61;0;0;6;20;2;2;3;41;1;4;1;34;0;30;1;5;0;0;3;2;2;1;1;14;3;14;0;0;0;0;0;0;0;0;0;0;0;0;0;0;0;0;0;0
03.05.2024;09:13;A 38;1;3;2;0;0;2;10;0;0;4;3;0;0;3;21;1;0;1;83;1;90;1;10;0;10;7;5;4;3;2;22;2;18;0;0;0;0;0;0;0;0;0;0;0;0;0;0;0;0;0;0
03.05.2024;09:12;A 38;1;12;12;0;0;6;44;0;0;11;10;0;0;5;43;0;0;0;0;0;0;0;0;1;0;1;1;4;78;1;5;0;86;0;0;0;0;0;0;0;0;0;0;0;0;1;7;0;0;0;0
03.05.2024;09:11;A 38;1;3;3;0;0;3;16;0;0;3;3;0;0;2;14;0;0;0;0;0;0;0;0;0;0;5;49;7;56;3;65;5;81;0;0;0;0;0;0;0;0;0;0;0;0;0;0;0;0;0;0
03.05.2024;09:10;A 38;1;11;11;0;0;5;39;0;0;11;10;1;0;4;40;0;0;0;0;0;0;0;0;0;0;3;1;2;2;2;9;2;10;0;0;1;1;0;0;0;0;0;0;0;0;0;0;0;0;0;0
03.05.2024;09:09;A 38;1;8;21;0;0;2;42;0;0;9;8;1;0;4;37;0;0;0;0;0;0;0;0;0;0;2;1;5;7;2;9;1;18;0;0;0;0;0;0;0;0;0;0;0;0;0;0;0;0;0;0
03.05.2024;09:08;A 38;1;4;45;0;0;5;59;0;0;4;18;6;0;2;17;0;0;0;66;0;0;0;0;0;0;3;26;3;36;1;41;1;48;0;0;0;0;0;0;0;0;1;6;0;3;0;0;0;0;0;0
03.05.2024;09:07;A 38;1;0;0;0;0;0;0;0;0;0;0;0;0;0;0;0;0;1;27;0;0;1;9;0;0;1;82;0;100;2;87;1;44;0;0;0;0;0;0;0;0;0;0;1;3;0;0;0;0;0;0
03.05.2024;09:06;A 38;1;6;6;0;0;4;21;0;0;6;5;0;0;3;23;0;0;0;0;1;0;0;0;0;0;5;4;6;13;3;19;3;29;0;0;0;0;0;0;0;0;0;0;0;0;0;0;0;0;0;0
03.05.2024;09:05;A 38;1;6;6;1;0;2;19;2;4;8;7;1;0;2;30;1;4;0;0;0;0;0;0;0;0;2;1;2;1;3;14;2;9;0;0;1;1;0;0;1;1;0;0;0;0;0;0;0;0;0;0
03.05.2024;09:04;A 38;1;10;38;0;0;1;57;0;0;3;5;0;0;3;22;0;0;2;2;1;0;2;14;0;0;1;0;6;9;1;4;3;42;0;0;0;0;0;0;0;0;0;0;0;0;0;0;0;0;0;0
03.05.2024;09:03;A 38;1;3;46;2;40;1;58;1;48;4;55;2;1;2;71;1;10;0;0;0;0;0;0;0;0;2;78;6;7;1;11;2;14;0;0;0;0;0;0;0;0;0;0;0;0;1;7;0;0;0;0
03.05.2024;09:02;A 38;1;4;61;1;55;2;70;1;6;3;21;2;19;3;21;2;28;0;32;2;1;0;0;1;8;3;3;5;18;2;20;4;26;0;0;0;0;0;0;0;0;0;0;0;0;0;0;0;0;0;0
03.05.2024;09:01;A 38;1;1;1;0;0;1;4;0;0;1;1;0;0;1;5;0;0;1;39;0;0;1;10;0;0;8;5;8;6;4;27;4;26;0;0;0;0;0;0;0;0;0;0;0;0;0;0;0;0;0;0
03.05.2024;09:00;A 38;1;6;5;0;0;4;19;0;0;6;4;0;0;3;20;0;0;0;0;0;0;0;0;0;0;4;2;8;7;1;6;5;44;0;0;1;3;0;0;2;3;0;0;0;0;0;0;0;0;0;0
03.05.2024;08:59;A 38;1;1;12;0;0;1;6;0;0;3;13;0;0;3;26;1;2;0;34;0;32;0;0;0;0;3;7;2;1;4;21;1;7;0;0;0;0;0;0;0;0;0;0;0;0;0;0;0;0;0;0
03.05.2024;08:58;A 38;1;13;10;1;0;6;38;0;0;12;9;4;1;7;40;1;4;1;49;1;82;1;10;1;13;3;1;5;3;1;1;5;20;0;0;0;0;0;0;0;0;0;0;0;0;0;0;0;0;0;0
03.05.2024;08:57;A 38;1;5;54;2;24;0;69;1;36;8;7;3;2;2;25;3;11;0;0;0;0;0;0;0;0;2;3;0;0;1;11;0;0;0;0;0;0;0;0;0;0;1;6;2;8;0;0;0;0;0;0
03.05.2024;08:56;A 38;1;6;45;0;0;2;64;0;0;6;7;1;1;3;34;0;0;2;39;0;0;2;13;0;0;2;1;3;3;2;14;2;17;0;0;0;0;0;0;0;0;0;0;0;0;0;0;0;0;0;0
03.05.2024;08:55;A 38;1;1;0;0;0;1;3;0;0;1;0;0;0;1;4;0;0;1;47;0;0;1;8;0;0;9;6;5;4;5;37;4;18;0;0;0;0;0;0;0;0;0;0;0;0;0;0;0;0;0;0
03.05.2024;08:54;A 38;1;12;24;1;1;7;37;2;5;12;14;1;1;8;50;3;4;0;0;0;0;0;0;0;0;4;8;6;14;1;19;0;30;0;0;0;0;0;0;0;0;0;0;0;0;0;0;0;0;0;0
03.05.2024;08:53;A 38;1;3;40;0;0;3;17;0;0;5;8;2;1;3;30;1;6;1;73;0;0;0;0;0;0;2;47;8;81;3;39;0;100;0;0;0;0;0;0;0;0;0;0;0;0;1;8;0;0;0;0
03.05.2024;08:52;A 38;1;14;25;2;17;9;44;2;4;14;15;3;2;7;63;3;8;0;0;0;0;1;5;0;0;1;56;1;86;1;14;1;95;0;0;1;1;0;0;0;0;0;0;0;0;0;0;0;0;0;0
03.05.2024;08:51;A 38;1;8;37;1;26;3;44;1;3;10;9;2;1;3;31;1;6;2;22;0;0;2;24;0;0;1;0;4;3;1;4;1;15;0;0;0;0;0;0;0;0;0;0;0;0;0;0;0;0;0;0
03.05.2024;08:50;A 38;1;3;37;1;30;1;49;1;4;3;14;0;0;1;11;1;1;1;28;0;0;1;8;0;0;4;48;3;35;2;66;4;55;0;0;0;0;0;0;0;0;0;0;0;0;0;0;0;0;0;0
03.05.2024;08:49;A 38;1;9;70;3;51;1;91;3;62;9;13;3;2;2;42;2;14;0;0;0;11;0;0;0;0;4;3;5;52;3;19;0;65;0;0;0;0;0;0;0;0;0;0;0;0;1;4;0;0;0;0
03.05.2024;08:48;A 38;1;2;29;0;0;2;13;0;0;2;1;0;0;2;8;0;0;0;0;0;100;0;0;0;0;1;0;7;9;1;5;2;42;0;0;0;0;0;0;0;0;1;6;1;7;0;0;0;0;0;0
03.05.2024;08:47;A 38;1;7;23;1;1;4;26;1;2;5;3;0;0;3;16;0;0;0;0;1;79;0;0;1;7;2;1;5;4;2;9;1;17;0;0;1;1;0;0;0;0;0;0;0;0;0;0;0;0;0;0
03.05.2024;08:46;A 38;1;10;10;0;0;7;38;0;0;10;8;0;0;5;36;0;0;0;1;0;0;0;0;0;0;6;7;11;32;2;14;5;55;0;0;0;0;0;0;0;0;0;0;0;0;0;0;0;0;0;0
03.05.2024;08:45;A 38;1;10;38;1;25;1;62;0;31;11;23;3;13;4;41;2;12;1;78;0;0;6;83;1;2;5;20;9;28;1;26;1;49;0;0;0;0;0;0;0;0;1;2;0;0;0;0;0;0;0;0
03.05.2024;08:44;A 38;1;4;39;1;21;4;54;1;28;5;2;0;0;4;18;1;6;1;68;1;81;3;12;0;1;6;77;8;59;2;94;2;70;0;0;0;0;0;0;0;0;0;0;0;0;1;7;0;0;0;0
03.05.2024;08:43;A 38;1;5;37;0;0;0;49;0;0;8;22;2;14;1;52;1;24;0;2;0;0;1;1;1;8;1;77;1;85;1;88;3;49;0;0;1;1;0;0;0;0;0;0;0;0;0;0;0;0;0;0
03.05.2024;08:42;A 38;1;8;26;1;0;6;51;1;1;7;5;1;0;4;26;0;0;1;97;2;49;1;40;3;15;9;7;5;4;5;39;4;27;0;0;0;0;0;0;0;0;0;0;0;0;0;0;0;0;0;0
03.05.2024;08:41;A 38;1;4;5;0;0;3;13;3;2;6;7;0;0;3;24;0;0;1;44;0;0;1;4;1;2;5;3;2;1;4;24;2;8;0;0;1;1;0;0;0;0;0;0;0;0;0;0;0;0;0;0
03.05.2024;08:40;A 38;1;11;55;0;0;6;57;1;2;11;15;2;12;7;56;1;22;0;0;1;4;0;0;1;5;5;4;6;24;4;21;4;34;0;0;0;0;0;0;0;0;0;0;0;0;0;0;0;0;0;0
03.05.2024;08:39;A 38;1;3;21;0;0;2;13;0;0;2;2;1;0;1;6;1;3;1;54;0;100;1;11;0;100;8;6;8;7;4;30;5;38;0;0;0;0;0;0;0;0;0;0;0;0;0;0;0;0;0;0
03.05.2024;08:38;A 38;1;7;67;1;0;2;68;1;2;7;12;2;1;3;43;2;5;0;0;2;43;0;0;3;47;3;10;4;53;3;23;2;61;0;0;0;0;0;0;0;0;1;6;1;7;0;0;0;0;0;0
03.05.2024;08:37;A 38;1;6;54;0;0;3;66;0;0;8;39;0;0;5;49;0;0;1;0;0;0;0;0;0;0;6;31;1;0;2;43;1;5;0;0;2;3;0;0;2;3;0;0;0;0;0;0;0;0;0;0
03.05.2024;08:36;A 38;1;6;29;0;0;5;51;0;0;5;24;0;0;5;20;0;0;1;97;0;0;0;0;0;0;3;2;7;6;3;11;5;35;0;0;0;0;0;0;0;0;0;0;0;0;0;0;0;0;0;0
03.05.2024;08:35;A 38;1;10;13;0;0;2;34;0;0;11;10;0;0;3;38;0;0;0;0;0;0;1;10;0;0;7;36;4;39;2;57;1;44;0;0;0;0;0;0;0;0;0;0;0;0;0;22;0;0;0;0
03.05.2024;08:34;A 38;1;3;55;0;0;2;60;0;0;2;1;0;0;2;9;0;0;0;0;0;0;0;0;0;0;0;0;0;0;1;0;1;5;0;0;0;0;0;0;0;0;0;0;0;0;1;13;0;0;0;0
03.05.2024;08:33;A 38;1;5;6;1;1;2;23;1;4;7;6;3;2;3;24;0;11;0;0;1;0;0;0;0;0;3;1;5;6;2;4;3;23;0;0;0;0;0;0;0;0;0;0;0;0;0;0;0;0;0;0
03.05.2024;08:32;A 38;1;2;14;3;6;3;27;2;8;2;1;1;8;0;7;2;9;0;0;0;51;0;0;0;0;2;1;4;3;1;8;2;19;0;0;0;0;0;0;0;0;0;0;0;0;0;0;0;0;0;0
03.05.2024;08:31;A 38;1;11;58;0;42;3;84;0;0;11;21;1;0;4;54;2;7;0;0;1;59;0;0;1;10;10;44;11;41;4;68;6;60;0;0;0;0;0;0;0;0;0;0;0;0;0;0;0;0;0;0
03.05.2024;08:30;A 38;1;7;25;2;1;5;48;1;6;5;3;2;1;4;15;2;5;0;100;0;0;0;0;0;0;3;2;2;15;2;21;2;12;0;0;0;0;0;0;0;0;0;0;0;0;0;0;0;0;0;0
03.05.2024;08:29;A 38;1;2;2;0;0;1;11;0;0;3;17;0;0;2;18;0;0;1;66;0;0;2;5;1;1;4;18;3;29;2;32;2;20;0;0;0;0;0;0;0;0;1;6;1;6;1;1;0;0;0;0
03.05.2024;08:28;A 38;1;10;9;0;0;7;36;0;0;10;7;0;0;7;35;0;0;1;70;1;0;1;9;0;0;4;3;4;27;3;18;5;25;0;0;0;0;0;0;0;0;0;0;0;0;0;0;0;0;0;0
03.05.2024;08:27;A 38;1;2;2;0;0;0;5;0;0;5;4;0;0;0;15;0;0;0;0;0;0;0;0;0;0;5;3;5;9;2;16;3;36;0;0;1;1;0;0;0;0;0;0;0;0;0;0;0;0;0;0
03.05.2024;08:26;A 38;1;6;39;0;0;2;61;0;0;4;15;1;0;3;26;0;0;0;33;0;0;0;0;0;0;1;0;6;6;1;5;4;29;0;0;0;0;0;0;0;0;1;1;0;0;0;0;0;0;0;0
03.05.2024;08:25;A 38;1;3;45;0;42;1;5;0;0;5;11;2;11;3;21;2;11;1;40;0;2;2;4;1;2;3;2;3;2;2;13;3;18;0;0;0;0;0;0;0;0;0;0;0;0;0;0;0;0;0;0
03.05.2024;08:24;A 38;1;10;37;1;5;3;54;2;12;10;9;0;1;3;36;1;0;1;96;1;32;0;2;1;5;6;5;5;4;4;21;3;25;0;0;0;0;0;0;0;0;0;0;0;0;0;0;0;0;0;0
03.05.2024;08:23;A 38;1;1;49;0;0;2;52;0;0;2;17;2;23;1;12;1;32;1;58;1;58;2;45;0;57;3;15;6;71;2;37;1;32;0;0;1;1;0;0;1;1;0;0;0;0;0;0;0;0;0;0
03.05.2024;08:22;A 38;1;17;40;0;0;3;78;0;0;20;29;0;0;3;89;0;0;1;40;1;47;1;9;1;57;0;100;1;94;1;74;1;90;0;0;1;1;0;0;1;1;0;0;0;0;1;8;0;0;0;0
03.05.2024;08:21;A 38;1;1;28;0;0;2;34;0;0;0;0;0;0;1;3;0;0;2;87;0;0;0;91;0;0;2;29;3;2;2;14;4;19;0;0;0;0;0;0;0;0;1;1;0;0;0;0;0;0;0;0
03.05.2024;08:20;A 38;1;11;11;0;0;5;35;1;3;10;8;0;0;5;36;0;0;1;39;0;0;2;26;1;2;2;1;1;0;2;9;1;5;0;0;0;0;0;0;0;0;0;0;0;0;0;0;0;0;0;0
03.05.2024;08:19;A 38;1;7;41;1;30;3;68;1;0;9;22;2;1;2;38;2;7;0;0;0;0;0;0;0;0;7;6;2;1;2;31;2;10;0;0;0;0;0;0;0;0;0;0;0;0;0;0;0;0;0;0
03.05.2024;08:18;A 38;1;4;35;1;26;5;51;1;5;3;2;0;0;4;11;0;0;1;10;1;0;1;8;0;0;5;4;5;4;2;17;2;22;0;0;0;0;0;0;0;0;0;0;0;0;0;0;0;0;0;0
03.05.2024;08:17;A 38;1;3;41;0;0;1;7;0;0;4;49;2;19;2;18;1;29;0;8;2;4;0;0;1;6;2;77;3;70;1;14;2;77;0;0;0;0;0;0;0;0;1;7;1;8;0;0;0;0;0;0
03.05.2024;08:16;A 38;1;8;36;1;1;5;57;1;2;8;35;1;0;6;36;1;2;1;9;0;0;1;10;1;7;7;50;5;45;4;68;2;59;0;0;0;0;0;0;0;0;0;0;0;0;0;0;0;0;0;0
03.05.2024;08:15;A 38;1;3;2;0;0;1;9;0;0;5;4;0;0;2;17;0;0;1;98;1;0;0;0;0;0;4;51;10;69;3;33;1;89;0;0;0;0;0;0;0;0;0;0;0;0;1;8;0;0;0;0
03.05.2024;08:14;A 38;1;12;15;1;0;6;65;1;2;10;21;3;1;3;58;2;7;0;27;0;0;3;7;0;0;3;52;2;92;2;15;0;100;0;0;1;1;0;0;1;1;0;0;0;0;0;0;0;0;0;0
03.05.2024;08:13;A 38;1;7;31;1;1;3;47;1;6;7;6;2;1;3;30;1;4;1;40;0;0;1;8;0;0;5;28;12;49;5;37;4;87;0;0;0;0;0;0;0;0;0;0;0;0;0;0;0;0;0;0
03.05.2024;08:12;A 38;1;12;13;1;0;9;45;3;4;15;13;2;1;7;54;2;6;0;0;1;0;0;0;0;0;4;4;4;14;2;25;4;39;0;0;1;1;0;0;0;0;0;0;0;0;0;0;0;0;0;0
03.05.2024;08:11;A 38;1;9;73;1;17;3;98;1;10;8;58;2;48;1;34;2;5;0;0;1;0;0;0;0;0;6;36;7;51;4;63;3;75;0;0;0;0;0;0;0;0;0;0;0;0;0;0;0;0;0;0
03.05.2024;08:10;A 38;1;5;58;0;0;2;70;0;0;3;5;1;0;2;13;1;2;0;0;0;42;0;0;0;0;5;35;5;47;1;56;3;58;0;0;1;1;0;0;0;0;1;0;0;0;0;0;0;0;0;0
03.05.2024;08:09;A 38;1;7;59;1;38;1;76;1;7;8;9;1;0;3;33;1;4;0;0;1;27;1;11;2;12;2;48;5;77;2;14;2;86;0;0;0;0;0;0;0;0;1;5;1;7;0;0;0;0;0;0
03.05.2024;08:08;A 38;1;7;36;0;0;3;56;2;5;6;5;0;0;2;24;1;1;0;0;0;0;0;0;0;0;1;36;2;19;1;10;2;16;0;0;0;0;0;0;0;0;0;0;0;0;0;0;0;0;0;0
03.05.2024;08:07;A 38;1;5;57;0;49;0;68;0;0;7;10;2;0;2;41;1;4;0;0;0;0;0;0;0;0;7;45;7;6;1;41;3;34;0;0;1;1;0;0;1;1;0;0;0;0;0;0;0;0;0;0
03.05.2024;08:06;A 38;1;8;27;1;12;6;50;1;3;6;4;2;1;4;24;1;2;1;63;0;0;2;70;0;0;1;0;4;3;2;9;2;16;0;0;0;0;0;0;0;0;0;0;0;0;0;0;0;0;0;0
03.05.2024;08:05;A 38;1;13;14;0;0;6;43;0;0;14;11;8;9;4;53;6;20;0;0;1;0;0;0;0;0;6;71;5;70;2;89;3;88;0;0;0;0;0;0;1;1;0;0;0;0;1;7;0;0;0;0
03.05.2024;08:04;A 38;1;3;82;2;42;0;100;2;11;3;54;1;0;1;68;2;12;0;0;0;0;0;0;0;0;4;37;3;52;3;57;2;64;0;0;1;1;0;0;0;0;0;0;0;0;0;0;0;0;0;0
03.05.2024;08:03;A 38;1;9;11;0;0;3;46;1;0;11;9;0;0;3;43;0;0;0;83;0;0;0;0;0;0;3;2;5;3;3;16;5;27;0;0;0;0;0;0;0;0;0;0;0;0;0;0;0;0;0;0
03.05.2024;08:02;A 38;1;4;31;0;0;2;48;0;0;2;14;0;0;2;20;0;0;2;42;0;0;4;19;0;0;2;16;2;27;2;23;3;17;0;0;0;0;1;1;0;0;0;0;0;0;0;0;0;0;0;0
03.05.2024;08:01;A 38;1;0;0;0;0;0;0;0;0;2;2;1;0;1;7;2;0;0;0;0;0;0;0;0;0;9;6;11;9;4;32;8;51;0;0;1;1;0;0;1;1;1;1;0;0;0;0;0;0;0;0
03.05.2024;08:00;A 38;1;14;14;1;0;5;48;3;5;12;11;1;0;3;42;1;2;0;0;0;0;0;0;0;0;3;2;2;1;1;15;1;6;0;0;0;0;0;0;1;1;0;0;0;0;0;0;0;0;0;0
03.05.2024;07:59;A 38;1;5;4;2;0;1;11;1;0;10;22;5;1;1;45;2;4;2;52;0;0;1;36;0;0;5;56;5;31;5;32;5;52;0;0;0;0;0;0;0;0;0;0;0;0;0;0;0;0;0;0
03.05.2024;07:58;A 38;1;10;9;0;0;7;41;0;0;9;8;1;0;8;39;0;0;0;100;0;0;3;9;0;0;4;13;15;30;0;17;1;70;0;0;0;0;0;0;0;0;2;7;0;0;1;2;0;0;0;0
03.05.2024;07:57;A 38;1;3;54;1;1;2;67;1;3;3;12;1;0;1;32;1;3;2;65;0;0;3;64;0;0;2;67;1;57;3;64;1;66;0;0;0;0;0;0;0;0;0;0;1;6;0;0;0;0;0;0
03.05.2024;07:56;A 38;1;5;24;0;0;6;26;0;0;5;4;0;0;2;19;0;0;1;52;0;0;4;58;0;0;2;19;4;9;1;9;4;24;0;0;0;0;0;0;0;0;0;0;0;0;0;0;0;0;0;0
03.05.2024;07:55;A 38;1;5;65;1;53;0;80;2;11;7;17;2;1;3;32;2;8;0;0;0;0;0;0;0;0;2;47;5;47;2;17;4;30;0;0;1;1;0;0;0;0;0;0;0;0;0;0;0;0;0;0
03.05.2024;07:54;A 38;1;6;19;1;2;5;39;1;5;5;3;1;0;3;20;0;0;0;0;0;0;0;0;0;0;6;46;7;42;2;69;2;72;0;0;1;1;0;0;0;0;0;0;0;0;0;0;0;0;0;0
03.05.2024;07:53;A 38;1;12;47;0;0;0;70;0;0;13;13;0;0;1;42;0;0;1;13;0;0;0;0;0;0;6;71;5;71;0;86;0;81;0;0;0;0;0;0;0;0;0;0;0;0;1;31;0;0;0;0
03.05.2024;07:52;A 38;1;4;90;0;0;0;100;0;0;5;37;0;0;2;35;0;0;1;27;0;0;1;12;0;0;6;68;4;40;1;94;1;70;0;0;1;1;0;0;0;0;0;0;0;0;0;0;0;0;0;0
03.05.2024;07:51;A 38;1;4;27;0;0;1;38;0;0;7;6;1;0;0;15;1;3;1;98;0;0;0;1;0;0;8;24;6;22;6;56;2;48;0;0;0;0;0;0;0;0;0;0;0;0;0;0;0;0;0;0
03.05.2024;07:50;A 38;1;8;31;1;1;2;55;1;5;6;5;1;0;2;26;1;3;0;0;0;0;1;9;0;0;1;0;5;4;0;0;0;20;0;0;1;1;0;0;0;0;0;0;0;0;0;0;0;0;0;0
03.05.2024;07:49;A 38;1;3;2;0;0;2;11;0;0;2;1;0;0;2;8;0;0;0;0;0;0;0;0;0;0;7;4;3;2;4;24;3;16;0;0;0;0;0;0;0;0;0;0;0;0;0;0;0;0;0;0
03.05.2024;07:48;A 38;1;11;12;0;0;7;43;0;0;13;27;2;15;3;64;1;25;2;15;1;14;2;17;0;13;3;61;8;74;1;70;1;84;0;0;1;1;0;0;0;0;1;6;1;8;0;0;0;0;0;0
03.05.2024;07:47;A 38;1;14;19;1;2;5;51;1;4;16;15;2;1;4;53;1;5;1;77;1;63;3;61;2;44;3;71;6;50;3;20;3;79;0;0;1;1;0;0;0;0;0;0;0;0;1;7;0;0;0;0
03.05.2024;07:46;A 38;1;3;78;2;2;5;50;1;44;2;1;2;16;2;7;1;8;0;0;0;0;0;0;0;0;5;42;2;16;4;53;1;10;0;0;1;1;0;0;0;0;0;0;0;0;0;0;0;0;0;0
03.05.2024;07:45;A 38;1;5;29;0;0;1;21;0;0;6;5;0;0;2;21;1;1;0;0;1;80;0;0;1;3;4;26;6;4;3;23;3;29;0;0;0;0;0;0;0;0;0;0;0;0;0;0;0;0;0;0
03.05.2024;07:44;A 38;1;11;10;0;0;10;42;1;2;9;8;2;1;8;39;0;0;0;0;1;0;0;0;0;0;5;4;4;3;4;25;2;15;0;0;0;0;0;0;0;0;0;0;0;0;0;0;0;0;0;0
03.05.2024;07:43;A 38;1;9;55;0;0;1;69;0;0;11;44;2;3;2;71;1;12;0;2;1;3;0;0;0;0;11;44;6;39;2;76;5;65;0;0;0;0;0;0;0;0;0;0;0;0;0;0;0;0;0;0
03.05.2024;07:42;A 38;1;11;31;0;0;7;60;0;0;11;24;1;0;6;59;1;4;1;45;0;0;2;4;3;20;3;8;3;12;2;20;3;19;0;0;0;0;0;0;0;0;0;0;0;0;0;0;0;0;0;0
03.05.2024;07:41;A 38;1;5;69;0;0;3;93;0;0;6;22;2;14;2;30;1;23;1;2;1;51;1;3;1;23;3;1;4;3;1;10;3;19;0;0;0;0;0;0;0;0;0;0;0;0;0;0;0;0;0;0
03.05.2024;07:40;A 38;1;10;76;1;44;2;62;1;3;10;17;1;0;2;44;1;3;0;17;1;6;0;0;2;9;7;35;6;4;5;54;6;29;0;0;1;1;0;0;0;0;0;0;0;0;0;0;0;0;0;0
03.05.2024;07:39;A 38;1;7;58;2;1;2;77;1;5;7;6;2;1;2;27;1;6;1;63;0;0;3;7;0;0;1;17;2;28;1;9;2;38;0;0;0;0;0;0;0;0;1;6;1;24;0;0;0;0;0;0
03.05.2024;07:38;A 38;1;4;51;1;35;2;70;1;6;5;5;2;2;2;21;1;5;0;32;0;0;0;0;0;0;2;1;7;36;2;11;1;63;0;0;0;0;0;0;0;0;0;0;0;0;0;0;0;0;0;0
03.05.2024;07:37;A 38;1;3;2;0;43;2;9;0;0;3;2;2;1;2;9;1;4;1;49;0;0;1;12;0;0;7;17;4;24;5;41;2;44;0;0;0;0;0;0;0;0;0;0;0;0;0;0;0;0;0;0
03.05.2024;07:36;A 38;1;9;7;1;10;7;34;1;5;9;6;0;0;7;31;0;0;0;0;1;0;0;0;0;0;1;0;4;3;1;4;2;19;0;0;0;0;0;0;0;0;0;0;0;0;0;0;0;0;0;0
03.05.2024;07:35;A 38;1;5;4;1;0;2;13;0;0;7;5;1;0;2;22;1;2;0;0;0;0;0;0;0;0;7;5;4;3;4;30;5;20;0;0;0;0;0;0;0;0;0;0;0;0;0;0;0;0;0;0
03.05.2024;07:34;A 38;1;14;42;1;5;5;65;1;9;11;9;1;3;5;43;1;9;0;0;0;0;0;0;0;0;3;34;8;40;3;17;2;62;0;0;0;0;0;0;0;0;1;4;0;0;0;0;0;0;0;0
03.05.2024;07:33;A 38;1;7;22;0;0;4;29;0;0;8;6;1;0;4;27;0;0;0;0;0;0;0;0;0;0;6;7;8;32;3;27;3;42;0;0;1;1;0;0;0;0;0;0;0;0;1;6;0;0;0;0
03.05.2024;07:32;A 38;1;10;41;0;0;5;66;0;0;8;7;0;0;4;30;0;0;0;0;1;2;0;0;0;0;0;0;1;1;0;0;2;19;0;0;0;0;0;0;0;0;0;0;0;0;0;0;0;0;0;0
03.05.2024;07:31;A 38;1;12;50;0;0;1;80;0;0;13;12;0;0;2;45;0;0;0;0;1;0;0;0;0;0;6;47;6;6;3;64;3;28;0;0;0;0;0;0;0;0;0;0;0;0;0;0;0;0;0;0
03.05.2024;07:30;A 38;1;9;11;0;0;5;50;0;0;7;5;1;0;3;27;1;3;0;0;0;0;0;0;0;0;3;6;4;3;2;21;4;19;0;0;1;1;0;0;1;1;0;0;0;0;0;0;0;0;0;0
03.05.2024;07:29;A 38;1;2;37;0;30;1;4;0;0;3;4;6;2;3;18;2;7;0;0;0;5;0;0;0;0;4;61;3;76;4;34;0;81;0;0;0;0;0;0;0;0;1;6;1;6;0;0;0;0;0;0
03.05.2024;07:28;A 38;1;10;55;1;4;5;55;1;5;10;8;1;0;3;35;0;0;0;0;1;31;0;0;2;6;5;4;4;3;4;18;4;27;0;0;0;0;0;0;0;0;0;0;0;0;0;0;0;0;0;0
03.05.2024;07:27;A 38;1;5;13;0;0;4;23;0;0;7;5;1;0;3;24;1;3;0;0;0;0;0;0;0;0;2;1;3;2;2;8;3;15;0;0;0;0;0;0;1;1;0;0;0;0;0;0;0;0;0;0
03.05.2024;07:26;A 38;1;9;16;2;0;4;42;0;0;5;5;0;0;3;23;0;0;0;0;0;0;0;0;0;0;3;40;1;36;2;19;1;10;0;0;0;0;0;0;0;0;0;0;0;0;0;0;0;0;0;0
03.05.2024;07:25;A 38;1;3;2;0;0;3;11;0;0;3;2;0;0;2;12;0;0;0;0;0;0;0;0;0;0;7;9;3;5;2;28;1;16;0;0;0;0;0;0;1;1;0;0;0;0;0;0;0;0;0;0
03.05.2024;07:24;A 38;1;12;19;1;1;4;52;1;4;12;11;1;0;2;42;2;3;0;0;0;0;0;0;0;0;1;94;1;77;0;100;2;7;0;0;0;0;0;0;0;0;0;0;0;0;1;6;0;0;0;0
03.05.2024;07:23;A 38;1;2;1;0;0;2;8;0;0;4;3;0;0;2;13;0;0;0;0;0;0;0;0;0;0;4;2;1;1;3;12;1;6;0;0;0;0;0;0;0;0;0;0;0;0;0;0;0;0;0;0
03.05.2024;07:22;A 38;1;10;34;0;0;3;58;0;0;11;18;0;0;4;61;0;0;0;0;0;0;0;0;0;0;8;5;7;12;5;35;5;41;0;0;0;0;0;0;0;0;0;0;0;0;1;0;0;0;0;0
03.05.2024;07:21;A 38;1;6;9;0;0;3;27;0;0;8;7;0;0;3;28;0;0;2;86;0;0;3;66;0;0;4;2;5;4;2;9;4;25;0;0;0;0;0;0;0;0;0;0;0;0;0;0;0;0;0;0
03.05.2024;07:20;A 38;1;8;15;1;0;3;42;1;2;10;9;1;0;2;32;1;3;1;53;0;0;3;34;1;4;4;14;1;1;2;35;1;8;0;0;0;0;0;0;0;0;0;0;0;0;0;0;0;0;0;0
03.05.2024;07:19;A 38;1;10;72;0;0;1;97;0;0;10;15;0;0;4;55;0;0;2;17;0;0;0;19;0;0;9;21;10;57;5;48;5;88;0;0;1;1;0;0;0;0;0;0;0;0;0;0;0;0;0;0
03.05.2024;07:18;A 38;1;9;25;3;1;6;44;2;2;6;4;3;1;5;26;2;6;0;100;0;0;1;8;0;0;2;71;8;82;1;47;1;88;0;0;0;0;0;0;0;0;1;6;1;12;0;0;0;0;0;0
03.05.2024;07:17;A 38;1;0;0;0;0;0;0;0;0;0;0;0;0;0;0;0;0;1;50;1;0;6;25;0;0;8;46;8;57;3;73;3;72;0;0;1;1;0;0;0;0;0;0;0;0;0;0;0;0;0;0
03.05.2024;07:16;A 38;1;6;19;0;0;5;32;0;0;10;21;0;0;7;59;0;0;3;11;1;12;2;25;0;0;3;19;0;41;1;36;0;0;0;0;0;0;0;0;0;0;0;0;0;0;0;0;0;0;0;0
03.05.2024;07:15;A 38;1;6;43;0;0;1;54;0;0;7;6;0;0;2;22;0;0;0;100;1;23;1;20;1;84;6;76;5;85;0;82;2;81;0;0;1;1;0;0;0;0;0;0;0;0;1;4;0;0;0;0
03.05.2024;07:14;A 38;1;10;53;0;0;4;89;0;0;10;48;1;0;4;41;0;0;1;17;0;0;1;2;1;5;8;36;5;74;1;69;1;86;0;0;1;1;0;0;0;0;0;0;0;0;1;22;0;0;0;0
03.05.2024;07:13;A 38;1;3;91;2;42;0;100;1;32;5;42;2;1;2;22;1;5;0;0;2;1;0;0;0;0;4;37;2;34;3;25;2;47;0;0;0;0;0;0;0;0;0;0;0;0;0;0;0;0;0;0
03.05.2024;07:12;A 38;1;10;24;1;0;8;56;2;7;9;7;3;1;6;34;1;3;1;10;0;0;1;5;1;5;12;9;4;3;6;49;4;23;0;0;0;0;0;0;0;0;0;0;0;0;0;0;0;0;0;0
03.05.2024;07:11;A 38;1;6;4;1;0;3;19;0;0;5;3;1;0;5;21;1;2;0;0;1;0;0;0;0;0;6;5;0;0;3;26;1;0;0;0;1;1;0;0;0;0;0;0;0;0;0;0;0;0;0;0
03.05.2024;07:10;A 38;1;9;7;0;0;7;32;0;0;9;7;0;0;5;33;0;0;0;0;0;0;0;0;0;0;12;7;12;16;4;31;3;55;0;0;0;0;0;0;0;0;1;1;0;0;0;0;0;0;0;0
03.05.2024;07:09;A 38;1;9;63;1;17;0;84;1;8;11;9;2;0;4;43;1;4;0;0;0;0;0;0;0;0;2;80;2;79;1;87;1;92;0;0;0;0;0;0;0;0;1;6;1;7;0;0;0;0;0;0
03.05.2024;07:08;A 38;1;5;53;0;0;3;67;0;0;4;2;0;0;1;15;0;0;0;0;0;0;0;0;0;0;4;30;3;17;3;26;3;20;0;0;0;0;0;0;0;0;0;0;0;0;0;0;0;0;0;0
03.05.2024;07:07;A 38;1;3;63;1;43;1;72;0;5;5;10;1;0;5;37;1;4;0;0;0;0;0;0;0;0;8;50;2;9;0;66;2;17;0;0;1;1;0;0;1;1;0;0;0;0;0;0;0;0;0;0
03.05.2024;07:06;A 38;1;10;9;0;0;6;41;2;2;11;9;3;1;6;37;0;0;1;77;1;0;1;8;0;0;6;5;4;2;2;32;4;18;0;0;1;1;0;0;1;2;0;0;0;0;0;0;0;0;0;0
03.05.2024;07:05;A 38;1;3;22;1;0;2;28;1;3;3;3;1;0;3;22;1;3;2;2;1;1;3;6;1;1;5;46;1;9;5;39;1;34;0;0;0;0;0;0;0;0;0;0;0;0;0;0;0;0;0;0
03.05.2024;07:04;A 38;1;5;3;0;0;6;17;0;0;6;5;1;0;5;24;1;1;0;0;0;0;0;0;0;0;9;70;6;70;2;92;1;89;0;0;0;0;0;0;0;0;0;0;0;0;1;7;0;0;0;0
03.05.2024;07:03;A 38;1;2;33;0;0;1;7;0;0;6;22;0;0;1;45;0;0;2;29;0;0;4;25;0;0;3;52;4;62;2;69;3;81;0;0;1;1;0;0;1;1;0;0;0;0;0;0;0;0;0;0
03.05.2024;07:02;A 38;1;4;48;0;0;1;65;0;0;1;0;0;0;1;4;0;0;0;0;0;0;0;0;0;0;9;10;1;16;1;36;1;12;0;0;0;0;0;0;0;0;0;0;0;0;0;0;0;0;0;0
03.05.2024;07:01;A 38;1;2;1;0;0;1;7;0;0;2;1;0;0;1;7;0;0;0;0;1;0;0;0;0;0;10;8;5;4;5;49;4;25;0;0;0;0;0;0;0;0;0;0;0;0;0;0;0;0;0;0
03.05.2024;07:00;A 38;1;4;2;0;0;3;12;0;0;5;3;0;0;3;17;0;0;0;0;0;0;0;0;0;0;8;6;5;3;3;34;5;25;0;0;1;1;0;0;0;0;0;0;0;0;0;0;0;0;0;0
03.05.2024;06:59;A 38;1;4;23;0;0;2;19;0;0;4;3;0;0;3;15;0;0;1;31;0;0;1;5;1;1;10;12;5;5;2;43;3;27;0;0;0;0;0;0;0;0;0;0;0;0;0;0;0;0;0;0
03.05.2024;06:58;A 38;1;10;41;2;1;8;47;1;1;11;9;9;2;6;44;2;5;0;0;0;0;0;0;0;0;2;72;3;71;1;85;1;85;0;0;0;0;0;0;0;0;1;6;1;7;0;0;0;0;0;0
03.05.2024;06:57;A 38;1;5;32;0;0;1;23;0;0;8;7;0;0;1;24;0;0;0;0;1;0;0;0;0;0;6;14;2;2;4;29;2;10;0;0;0;0;0;0;0;0;0;0;0;0;0;0;0;0;0;0
03.05.2024;06:56;A 38;1;6;58;1;44;2;61;1;8;5;25;2;1;3;43;2;7;2;4;3;36;1;31;4;22;3;4;0;0;2;18;3;3;0;0;0;0;0;0;0;0;0;0;0;0;0;0;0;0;0;0
03.05.2024;06:55;A 38;1;2;1;0;0;1;8;0;0;4;3;0;0;2;16;0;0;0;0;1;72;0;0;1;4;5;3;3;2;3;21;2;14;0;0;0;0;0;0;1;1;0;0;0;0;0;0;0;0;0;0
03.05.2024;06:54;A 38;1;9;7;0;0;6;34;0;0;7;5;0;0;5;27;0;0;0;0;1;0;0;0;0;0;10;31;8;9;1;62;2;40;0;0;0;0;0;0;0;0;0;0;0;0;1;2;0;0;0;0
03.05.2024;06:53;A 38;1;1;1;0;0;1;7;0;0;1;0;0;0;1;5;0;0;0;0;0;0;0;0;0;0;5;42;9;58;3;61;1;87;0;0;0;0;0;0;0;0;0;0;0;0;0;0;0;0;0;0
03.05.2024;06:52;A 38;1;7;18;0;0;4;31;0;0;8;27;0;0;3;48;0;0;0;0;0;0;0;0;0;0;3;92;3;91;0;97;0;100;0;0;1;1;0;0;0;0;0;0;0;0;1;7;0;0;0;0
03.05.2024;06:51;A 38;1;14;48;0;0;4;81;0;0;16;14;0;0;3;59;1;0;1;30;0;0;1;10;0;0;5;20;3;10;2;26;2;27;0;0;0;0;0;0;0;0;0;0;0;0;0;0;0;0;0;0
03.05.2024;06:50;A 38;1;1;61;0;0;1;69;0;0;2;14;1;4;2;23;1;9;2;50;2;2;3;4;4;10;5;63;9;48;2;90;3;79;0;0;0;0;0;0;1;1;0;0;0;0;0;0;0;0;0;0
03.05.2024;06:49;A 38;1;3;2;0;0;3;10;0;0;3;3;0;0;3;14;0;0;1;78;0;0;2;8;0;0;4;4;2;3;3;18;2;15;0;0;0;0;0;0;0;0;0;0;0;0;0;0;0;0;0;0
03.05.2024;06:48;A 38;1;8;8;0;0;6;35;1;2;8;6;0;0;5;31;0;0;0;0;0;0;0;0;0;0;4;54;6;66;2;58;1;89;0;0;0;0;0;0;1;1;1;6;1;8;2;1;0;0;0;0
03.05.2024;06:47;A 38;1;0;0;0;0;0;0;0;0;0;0;0;0;0;0;0;0;0;0;0;0;0;0;0;0;2;18;0;0;3;19;0;0;0;0;0;0;0;0;0;0;0;0;0;0;0;0;0;0;0;0
03.05.2024;06:46;A 38;1;9;7;0;0;9;36;0;0;9;6;0;0;8;36;0;0;0;0;2;1;0;0;0;0;8;5;6;4;5;35;5;25;0;0;0;0;0;0;0;0;0;0;0;0;0;0;0;0;0;0
03.05.2024;06:45;A 38;1;8;50;0;0;1;67;0;0;12;30;2;19;3;69;3;32;0;0;1;1;0;0;2;1;11;43;12;17;0;71;1;84;0;0;0;0;0;0;0;0;0;0;0;0;0;0;0;0;0;0
03.05.2024;06:44;A 38;1;7;43;0;0;3;62;0;0;6;5;0;0;4;22;0;0;3;40;1;28;2;15;3;15;8;57;6;50;2;79;1;93;0;0;0;0;0;0;0;0;0;0;0;0;1;7;0;0;0;0
03.05.2024;06:43;A 38;1;0;0;0;0;0;0;0;0;1;2;1;4;1;5;2;13;0;0;1;1;0;0;1;6;1;89;1;84;1;98;2;86;0;0;1;1;0;0;1;1;0;0;0;0;0;0;0;0;0;0
03.05.2024;06:42;A 38;1;5;4;1;0;4;20;1;1;4;3;1;0;3;16;1;3;0;98;0;0;0;0;0;0;6;4;5;4;4;24;4;30;0;0;0;0;0;0;0;0;0;0;0;0;0;0;0;0;0;0
03.05.2024;06:41;A 38;1;4;4;0;0;2;15;0;0;4;3;0;0;2;15;0;0;1;35;0;0;2;4;0;0;7;5;4;3;3;29;4;21;0;0;0;0;0;0;0;0;0;0;0;0;0;0;0;0;0;0
03.05.2024;06:40;A 38;1;11;9;1;0;6;45;0;0;11;9;2;1;7;48;2;5;0;0;0;0;0;0;0;0;10;13;9;23;5;62;6;60;0;0;0;0;0;0;0;0;0;0;0;0;1;0;0;0;0;0
03.05.2024;06:39;A 38;1;0;0;0;0;0;0;0;0;2;4;0;0;2;13;1;0;2;19;0;0;4;15;0;0;3;43;1;41;0;47;1;45;0;0;1;1;0;0;0;0;0;0;0;0;0;0;0;0;0;0
03.05.2024;06:38;A 38;1;9;9;1;0;4;36;3;1;10;8;2;1;5;40;2;6;0;96;0;0;0;0;0;0;8;79;6;77;0;100;2;87;0;0;1;1;0;0;1;3;1;6;1;7;0;0;0;0;0;0
03.05.2024;06:37;A 38;1;6;24;1;0;4;50;0;0;5;10;0;0;4;23;1;0;2;63;1;0;2;4;1;1;1;66;1;62;1;79;2;21;0;0;0;0;0;0;0;0;0;0;0;0;0;0;0;0;0;0
03.05.2024;06:36;A 38;1;1;0;0;0;0;1;0;0;3;3;0;0;0;11;0;0;0;0;1;0;0;0;0;0;6;4;14;13;3;21;5;61;0;0;0;0;0;0;0;0;0;0;0;0;0;0;0;0;0;0
03.05.2024;06:35;A 38;1;7;11;1;17;3;72;1;4;7;12;1;0;2;30;1;3;0;33;0;0;0;0;0;0;4;25;1;0;3;39;2;8;0;0;0;0;0;0;0;0;0;0;0;0;0;0;0;0;0;0
03.05.2024;06:34;A 38;1;1;0;0;0;1;3;0;0;2;18;0;14;1;22;0;0;1;14;0;0;3;6;0;0;5;13;2;55;1;35;2;11;0;0;0;0;0;0;0;0;0;0;0;0;1;9;0;0;0;0
03.05.2024;06:33;A 38;1;1;1;0;0;1;4;0;0;5;10;1;6;3;29;1;10;1;74;1;21;2;60;0;0;3;1;5;33;1;9;3;38;0;0;0;0;0;0;0;0;0;0;0;0;0;0;0;0;0;0
03.05.2024;06:32;A 38;1;6;36;0;0;1;61;0;0;5;19;1;0;2;37;1;5;2;38;1;0;4;4;0;0;3;12;4;3;2;25;1;11;0;0;0;0;0;0;1;1;0;0;0;0;0;0;0;0;0;0
03.05.2024;06:31;A 38;1;6;35;1;0;0;48;1;2;8;18;2;0;1;30;1;4;1;36;0;0;5;15;0;0;7;4;11;30;2;27;4;66;0;0;0;0;0;0;1;1;0;0;0;0;0;0;0;0;0;0
03.05.2024;06:30;A 38;1;4;16;0;0;4;31;0;0;7;9;2;3;4;36;0;12;1;56;1;0;2;4;0;0;3;5;8;28;4;31;3;39;0;0;0;0;0;0;0;0;1;2;0;0;0;0;0;0;0;0
03.05.2024;06:29;A 38;1;7;58;0;0;2;32;0;0;5;7;3;8;3;41;2;24;4;71;3;5;0;76;2;3;5;50;6;50;2;74;3;75;0;0;0;0;0;0;0;0;0;0;0;0;0;0;0;0;0;0
03.05.2024;06:28;A 38;1;4;59;1;38;0;65;1;6;4;9;4;26;1;78;2;42;1;67;2;1;2;57;4;16;1;65;4;82;1;14;1;99;0;0;0;0;0;0;0;1;1;7;1;6;0;0;0;0;0;0
03.05.2024;06:27;A 38;1;5;65;0;0;2;83;0;0;5;5;0;0;2;23;1;1;2;65;0;0;2;7;0;0;6;13;7;47;4;39;3;63;0;0;1;1;0;0;1;0;0;0;0;0;0;0;0;0;0;0
03.05.2024;06:26;A 38;1;0;0;0;0;0;0;0;0;2;54;1;3;0;61;1;9;1;20;0;17;1;1;0;0;7;51;6;46;0;69;1;76;0;0;0;0;0;0;0;0;0;0;0;0;1;2;0;0;0;0
03.05.2024;06:25;A 38;1;7;6;0;0;5;33;0;0;7;5;0;0;4;38;0;0;0;100;0;100;1;0;0;0;5;23;5;4;3;30;3;32;0;0;0;0;0;0;0;0;0;0;0;0;0;0;0;0;0;0
03.05.2024;06:24;A 38;1;2;4;0;0;0;5;0;0;3;2;0;0;1;12;0;0;1;19;1;14;2;12;4;3;5;38;3;3;1;30;3;22;0;0;1;1;0;0;0;0;0;0;0;0;0;0;0;0;0;0
03.05.2024;06:23;A 38;1;1;55;0;0;2;55;0;0;0;0;0;0;0;0;0;0;0;0;0;0;0;0;0;0;6;24;1;3;4;45;0;5;0;0;0;0;0;0;0;0;0;0;0;0;0;0;0;0;0;0
03.05.2024;06:22;A 38;1;1;0;0;0;1;3;0;0;4;3;0;0;1;10;0;0;0;0;0;0;0;0;0;0;1;94;2;93;0;100;0;100;0;0;1;1;0;0;1;1;0;0;0;0;1;9;0;0;0;0
03.05.2024;06:21;A 38;1;5;4;0;0;2;21;0;0;2;1;0;0;1;13;0;0;0;0;2;1;0;0;0;0;8;37;3;33;2;85;2;41;0;0;0;0;0;0;1;2;0;0;0;0;0;0;0;0;0;0
03.05.2024;06:20;A 38;1;9;7;0;0;2;30;0;0;10;7;0;0;4;36;0;0;0;0;0;0;0;0;0;0;4;2;1;0;3;26;1;5;0;0;0;0;0;0;0;0;0;0;0;0;0;0;0;0;0;0
03.05.2024;06:19;A 38;1;3;2;0;0;4;15;0;0;3;5;0;0;2;22;0;0;0;0;0;0;0;0;0;0;3;34;2;36;3;20;1;39;0;0;0;0;0;0;0;0;0;0;0;0;0;0;0;0;0;0
03.05.2024;06:18;A 38;1;9;6;1;0;4;33;0;0;8;6;2;0;6;31;1;4;1;52;0;0;2;2;0;0;4;5;6;14;3;33;1;28;0;0;0;0;0;0;0;0;0;0;0;0;1;1;0;0;0;0
03.05.2024;06:17;A 38;1;2;17;0;0;0;22;0;0;3;2;0;0;2;16;0;0;0;0;0;0;0;0;0;0;4;41;3;60;3;60;2;62;0;0;1;1;0;0;0;0;1;7;1;8;1;2;0;0;0;0
03.05.2024;06:16;A 38;1;4;49;0;0;5;65;0;0;4;3;1;0;2;14;0;0;0;0;1;0;0;0;0;0;1;0;1;0;4;11;1;6;0;0;0;0;0;0;0;0;0;0;0;0;0;0;0;0;0;0
03.05.2024;06:15;A 38;1;3;3;0;0;1;9;0;0;6;7;0;0;1;22;1;2;1;1;1;0;0;0;0;0;3;2;2;1;2;16;2;15;0;0;0;0;0;0;0;0;0;0;0;0;0;0;0;0;0;0
03.05.2024;06:14;A 38;1;6;19;0;0;2;41;0;0;3;1;0;0;2;12;0;0;0;0;1;0;0;0;0;0;5;29;0;0;3;51;0;0;0;0;0;0;0;0;0;0;0;0;0;0;0;0;0;0;0;0
03.05.2024;06:13;A 38;1;0;0;0;0;0;0;0;0;0;0;0;0;0;0;0;0;0;0;1;0;0;0;0;0;9;60;4;59;2;82;4;81;0;0;0;0;0;0;0;0;0;0;0;0;0;0;0;0;0;0
03.05.2024;06:12;A 38;1;5;4;1;0;2;23;0;0;4;3;1;0;2;21;1;4;0;0;0;0;0;0;0;0;10;46;4;42;1;94;1;56;0;0;0;0;0;0;0;0;0;0;0;0;1;7;0;0;0;0
03.05.2024;06:11;A 38;1;2;19;0;14;0;22;0;0;5;8;1;0;1;34;2;7;0;0;0;0;0;0;0;0;0;100;1;97;1;25;1;10;0;0;0;0;0;0;1;1;0;0;0;0;0;0;0;0;0;0
03.05.2024;06:10;A 38;1;3;22;2;19;2;40;1;4;1;0;1;0;1;5;2;6;1;87;0;0;3;3;0;0;4;25;3;2;2;58;2;29;0;0;0;0;0;0;0;0;0;0;0;0;0;0;0;0;0;0
03.05.2024;06:09;A 38;1;3;7;0;0;0;14;0;0;4;3;0;0;1;15;0;0;1;15;1;0;1;1;0;0;9;7;7;5;4;62;6;36;0;0;0;0;0;0;0;0;0;0;0;0;0;0;0;0;0;0
03.05.2024;06:08;A 38;1;1;3;0;0;1;14;0;0;0;0;0;0;0;0;0;0;0;0;0;0;0;0;1;2;1;0;1;1;0;0;1;5;0;0;0;0;0;0;0;0;0;0;0;0;0;0;0;0;0;0
03.05.2024;06:07;A 38;1;5;4;0;0;1;18;0;0;5;4;1;0;2;21;0;0;0;0;0;0;0;0;0;0;12;53;5;44;0;74;1;60;0;0;1;1;0;0;1;1;1;6;1;6;0;0;0;0;0;0
03.05.2024;06:06;A 38;1;0;0;0;0;1;3;0;0;0;0;0;0;0;0;0;0;0;0;0;0;0;0;0;0;1;94;1;76;0;100;2;80;0;0;0;0;0;0;0;0;0;0;0;0;0;0;0;0;0;0
03.05.2024;06:05;A 38;1;6;5;1;0;3;28;1;1;6;5;2;0;3;29;1;3;0;0;0;0;0;0;0;0;6;5;5;4;3;54;3;33;0;0;0;0;0;0;0;0;0;0;0;0;0;0;0;0;0;0
03.05.2024;06:04;A 38;1;1;13;0;0;1;11;0;0;3;4;0;0;2;23;1;3;1;32;1;0;0;0;0;0;11;56;7;37;0;100;3;69;0;0;0;0;0;0;0;0;0;0;0;0;1;1;0;0;0;0
03.05.2024;06:03;A 38;1;3;3;0;0;2;13;0;0;3;2;0;0;2;14;0;0;0;100;0;0;0;0;0;0;8;81;7;8;1;47;2;15;0;0;0;0;0;0;0;0;0;0;0;0;2;8;0;0;0;0
03.05.2024;06:02;A 38;1;0;0;0;0;0;0;0;0;2;3;0;0;0;6;0;0;1;73;0;0;1;0;0;0;1;45;0;0;1;16;0;0;0;0;0;0;0;0;0;0;0;0;0;0;1;2;0;0;0;0
03.05.2024;06:01;A 38;1;4;36;0;0;2;47;0;0;2;2;0;0;1;12;0;0;0;0;0;0;0;0;0;0;7;62;3;19;0;86;1;36;0;0;0;0;0;0;0;0;0;0;0;0;0;0;0;0;0;0
03.05.2024;06:00;A 38;1;0;0;0;0;0;0;0;0;1;2;0;0;1;11;1;1;1;37;1;0;0;0;0;0;2;33;2;34;4;42;2;21;0;0;0;0;0;0;1;1;0;0;0;0;0;0;0;0;0;0
03.05.2024;05:59;A 38;1;6;5;1;0;2;31;0;0;6;6;2;2;3;28;3;13;3;7;2;1;4;13;0;0;9;37;1;30;3;70;1;17;0;0;1;1;0;0;0;0;0;0;0;0;0;0;0;0;0;0
03.05.2024;05:58;A 38;1;2;8;1;21;0;30;1;4;2;1;1;0;1;9;1;8;0;0;1;0;0;0;0;0;3;24;4;25;3;56;2;25;0;0;0;0;0;0;0;0;0;0;0;0;1;5;0;0;0;0
03.05.2024;05:57;A 38;1;1;0;0;0;2;21;0;0;1;0;0;0;2;8;1;0;0;0;2;1;0;0;0;0;10;36;3;5;2;93;2;25;0;0;0;0;0;0;0;0;0;0;0;0;0;0;0;0;0;0
03.05.2024;05:56;A 38;1;4;3;0;0;2;28;0;0;6;4;0;0;3;30;0;0;0;0;0;0;0;0;0;0;1;0;4;3;2;27;2;25;0;0;0;0;0;0;0;0;0;0;0;0;1;3;0;0;0;0
03.05.2024;05:55;A 38;1;3;2;0;0;1;8;0;0;2;1;0;0;1;11;0;0;0;0;0;0;0;0;0;0;8;6;3;2;1;56;3;22;0;0;1;1;0;0;0;0;0;0;0;0;0;0;0;0;0;0
03.05.2024;05:54;A 38;1;5;30;0;0;4;29;0;0;5;3;3;0;6;28;0;0;0;0;0;0;0;0;0;0;11;68;6;61;1;91;0;71;0;0;0;0;0;0;0;0;1;6;0;36;0;0;0;0;0;0
03.05.2024;05:53;A 38;1;1;8;0;0;1;9;0;0;0;0;0;0;0;0;0;0;0;0;1;0;0;0;0;0;4;67;7;24;2;70;3;63;0;0;1;1;0;0;0;0;0;0;1;2;11;27;0;0;0;0
03.05.2024;05:52;A 38;1;4;12;0;0;1;38;0;0;4;2;0;0;1;20;0;0;0;0;0;0;0;0;0;0;3;89;0;0;1;12;0;0;0;0;0;0;0;0;0;0;0;0;0;0;0;0;0;0;0;0
03.05.2024;05:51;A 38;1;0;0;0;0;0;0;0;0;3;17;1;16;1;20;2;13;1;36;1;1;0;0;2;1;7;35;3;17;2;68;2;40;0;0;0;0;0;0;1;1;0;0;0;0;0;0;0;0;0;0
03.05.2024;05:50;A 38;1;5;5;0;0;2;27;0;0;4;3;1;0;3;18;1;4;1;16;0;0;1;7;0;0;9;61;4;53;0;83;1;76;0;0;0;0;0;0;0;0;0;0;0;0;0;0;0;0;0;0
03.05.2024;05:49;A 38;1;1;0;0;0;1;10;0;0;0;0;0;0;0;0;0;0;0;0;0;0;0;0;0;0;5;84;5;83;0;100;0;92;0;0;1;1;0;0;0;0;0;0;0;0;0;0;0;0;0;0
03.05.2024;05:48;A 38;1;3;2;1;0;1;16;1;0;2;2;1;1;1;11;1;7;0;0;0;0;0;0;0;0;6;11;3;13;3;76;3;44;0;0;0;0;0;0;0;0;0;0;0;0;2;26;0;0;0;0
03.05.2024;05:47;A 38;1;2;60;1;51;1;76;1;7;2;1;1;0;1;16;1;9;0;0;0;0;0;0;0;0;1;51;3;15;6;50;1;34;0;0;0;0;0;0;0;0;0;0;0;0;0;0;0;0;0;0
03.05.2024;05:46;A 38;1;1;29;0;0;1;10;0;0;1;0;0;0;2;11;1;1;0;0;2;0;0;0;0;0;3;62;8;63;3;85;3;87;0;0;0;0;0;0;1;1;0;0;0;0;0;0;0;0;0;0
03.05.2024;05:45;A 38;1;4;30;0;0;0;37;0;0;4;3;0;0;1;16;0;0;0;0;0;0;0;0;0;0;6;82;4;73;0;100;0;85;0;0;1;1;0;0;1;1;0;0;0;0;1;87;0;0;0;0
03.05.2024;05:44;A 38;1;1;9;0;0;2;20;0;0;1;1;0;0;1;7;0;0;0;0;1;0;0;0;0;0;10;58;3;38;1;99;4;56;0;0;0;0;0;0;0;0;0;0;0;0;2;45;0;0;0;0
03.05.2024;05:43;A 38;1;5;4;0;0;2;26;0;0;5;3;0;0;2;23;0;0;0;0;1;0;0;0;0;0;3;2;5;3;2;40;3;32;0;0;0;0;0;0;0;0;0;0;0;0;0;0;0;0;0;0
03.05.2024;05:42;A 38;1;0;0;0;0;0;0;0;0;0;0;0;0;0;0;0;0;0;0;1;1;0;0;0;0;2;33;1;0;2;31;1;5;0;0;1;1;0;0;0;0;0;0;0;0;0;0;0;0;0;0
03.05.2024;05:41;A 38;1;5;3;0;0;1;32;0;0;5;3;0;0;2;29;0;0;0;0;0;0;0;0;0;0;10;10;2;1;5;72;2;16;0;0;0;0;0;0;0;0;0;0;0;0;3;21;0;0;0;0
03.05.2024;05:40;A 38;1;0;0;0;0;0;0;0;0;0;0;0;0;0;0;0;0;0;0;0;0;0;0;0;0;5;88;2;81;0;100;2;18;0;0;0;0;0;0;0;0;0;0;0;0;0;100;0;0;0;0
03.05.2024;05:39;A 38;1;6;5;0;0;1;34;0;0;6;4;1;0;2;31;1;0;0;0;0;0;0;0;0;0;4;3;10;12;1;46;4;53;0;0;0;0;0;0;0;0;0;0;0;0;1;53;0;0;0;0
03.05.2024;05:38;A 38;1;0;11;0;0;0;0;0;0;1;1;0;0;0;24;0;0;0;0;0;0;0;0;0;0;1;2;1;57;1;18;1;44;0;0;0;0;0;0;0;0;0;0;0;0;0;0;0;0;0;0
03.05.2024;05:37;A 38;1;4;27;1;0;4;30;1;0;3;2;1;0;5;51;1;3;0;0;0;0;0;0;0;0;3;42;1;48;1;51;1;14;0;0;0;0;0;0;0;0;1;5;1;1;1;18;0;0;0;0
03.05.2024;05:36;A 38;1;0;0;0;0;0;0;0;0;0;0;0;0;0;0;0;0;0;0;2;1;0;0;0;0;7;34;3;57;7;90;5;28;0;0;0;0;0;0;0;0;0;0;0;0;2;3;0;0;0;0
03.05.2024;05:35;A 38;1;0;0;0;0;0;0;0;0;0;0;0;0;0;0;0;0;0;0;1;0;0;0;0;0;6;18;5;3;1;56;5;29;0;0;1;1;0;0;0;0;0;0;0;0;1;15;0;0;0;0
03.05.2024;05:34;A 38;1;2;1;0;0;2;16;0;0;2;1;0;0;2;13;0;0;0;0;0;0;0;0;0;0;5;4;1;0;3;45;3;17;0;0;0;0;0;0;0;0;0;0;0;0;0;0;0;0;0;0
03.05.2024;05:33;A 38;1;1;1;0;0;1;7;0;0;1;1;0;0;1;9;0;0;0;0;0;0;0;0;0;0;8;21;6;4;4;70;3;52;0;0;0;0;0;0;0;0;0;0;0;0;3;13;0;0;0;0
03.05.2024;05:32;A 38;1;3;17;0;0;2;29;0;0;3;2;1;0;3;41;0;0;0;0;0;0;0;0;0;0;3;14;1;0;3;41;3;19;0;0;1;1;0;0;0;0;0;0;0;0;0;0;0;0;0;0
03.05.2024;05:31;A 38;1;0;0;0;0;0;0;0;0;1;1;0;0;1;9;0;0;0;0;1;0;0;0;0;0;9;33;5;4;1;60;1;45;0;0;0;0;1;1;0;0;0;0;0;0;0;0;0;0;0;0
03.05.2024;05:30;A 38;1;1;0;0;0;1;6;0;0;1;0;0;0;1;6;0;0;1;60;0;0;0;0;0;0;9;36;7;10;3;97;3;66;0;0;0;0;0;0;0;0;0;0;0;0;2;17;0;0;0;0
03.05.2024;05:29;A 38;1;2;15;0;0;1;16;0;0;3;2;0;0;0;30;0;0;0;0;1;0;0;0;0;0;2;7;1;38;3;52;2;46;0;0;0;0;0;0;0;0;0;0;0;0;0;0;0;0;0;0
03.05.2024;05:28;A 38;1;1;42;0;0;2;52;0;0;0;0;0;0;5;54;0;0;0;0;1;0;0;0;0;0;10;63;2;7;5;91;3;40;0;0;0;0;0;0;0;0;0;0;0;0;1;13;0;0;0;0
03.05.2024;05:27;A 38;1;1;0;0;48;1;10;0;0;1;0;1;1;2;10;0;61;0;0;1;0;0;0;0;0;1;88;1;73;0;100;7;61;0;0;1;1;0;0;1;1;0;0;0;0;2;13;0;0;0;0
03.05.2024;05:26;A 38;1;1;0;1;14;2;18;1;3;1;0;0;0;1;10;1;12;0;0;1;0;0;0;0;0;7;15;1;0;6;62;5;42;0;0;0;0;0;0;0;0;0;0;0;0;0;0;0;0;0;0
03.05.2024;05:25;A 38;1;0;0;0;0;0;0;0;0;0;0;0;0;0;0;0;0;0;0;1;0;0;0;0;0;7;5;1;0;3;81;5;27;0;0;0;0;0;0;0;0;0;0;0;0;0;0;0;0;0;0
03.05.2024;05:24;A 38;1;0;0;0;0;0;0;0;0;0;0;0;0;0;0;0;0;0;0;0;0;0;0;0;0;2;6;4;11;2;64;1;22;0;0;1;1;0;0;0;0;0;0;0;0;0;0;0;0;0;0
03.05.2024;05:23;A 38;1;3;41;0;0;1;63;0;0;3;2;0;0;1;60;0;0;0;0;0;0;0;0;0;0;7;76;3;57;0;100;4;67;0;0;0;0;0;0;0;0;0;0;0;0;0;20;0;0;0;0
03.05.2024;05:22;A 38;1;1;0;0;0;1;11;0;0;2;2;5;0;2;23;1;1;0;0;0;0;0;0;0;0;1;67;1;96;0;100;1;75;0;0;0;0;0;0;0;0;1;5;1;6;1;60;0;0;0;0
03.05.2024;05:21;A 38;1;3;17;0;0;1;41;0;0;3;2;0;0;5;52;0;0;0;0;1;1;0;0;0;0;0;0;0;0;1;97;1;7;0;0;0;0;0;0;0;0;0;0;0;0;0;0;0;0;0;0
03.05.2024;05:20;A 38;1;0;0;0;0;0;0;0;0;0;0;0;0;2;1;0;0;0;0;1;0;0;0;0;0;3;2;2;1;5;32;1;18;0;0;0;0;0;0;0;0;0;0;0;0;0;0;0;0;0;0
03.05.2024;05:19;A 38;1;4;4;0;0;4;41;0;0;4;3;0;0;3;50;0;0;0;0;0;0;0;0;0;0;6;7;6;4;4;39;2;33;0;0;0;0;0;0;0;0;0;0;0;0;0;0;0;0;0;0
03.05.2024;05:18;A 38;1;0;0;0;0;0;0;0;0;0;0;0;0;0;0;0;0;0;0;2;1;0;0;0;0;5;11;2;3;1;51;3;25;0;0;0;0;0;0;0;0;0;0;0;0;2;14;0;0;0;0
03.05.2024;05:17;A 38;1;3;2;0;0;1;16;0;0;3;2;0;0;3;24;0;0;0;0;2;1;0;0;0;0;6;4;4;2;3;42;2;19;0;0;0;0;0;0;1;1;0;0;0;0;0;0;0;0;0;0
03.05.2024;05:16;A 38;1;0;0;0;0;0;0;0;0;0;0;0;0;0;0;0;0;0;0;0;0;0;0;0;0;1;2;2;1;7;37;3;16;0;0;0;0;0;0;0;0;0;0;0;0;0;0;0;0;0;0
03.05.2024;05:15;A 38;1;0;0;0;0;0;0;0;0;0;0;0;0;0;0;0;0;0;0;1;1;0;0;0;0;4;3;2;41;1;29;1;24;0;0;0;0;0;0;0;0;0;0;0;0;1;0;0;0;0;0
03.05.2024;05:14;A 38;1;4;27;0;0;0;35;0;0;5;4;0;0;0;48;0;0;0;0;1;0;0;0;0;0;3;2;5;9;8;54;3;27;0;0;0;0;0;0;0;0;0;0;0;0;0;0;0;0;0;0
03.05.2024;05:13;A 38;1;1;20;0;0;1;36;0;0;0;0;0;0;3;29;0;0;0;0;1;0;0;0;0;0;1;0;2;1;3;16;1;11;0;0;0;0;0;0;0;0;0;0;0;0;1;1;0;0;0;0
03.05.2024;05:12;A 38;1;1;1;0;0;0;7;0;0;2;1;0;0;0;24;0;0;0;0;0;0;0;0;0;0;1;0;2;1;0;13;0;14;0;0;0;0;0;0;0;0;0;0;0;0;0;0;0;0;0;0
03.05.2024;05:11;A 38;1;1;1;0;0;1;14;0;0;0;0;0;0;3;7;0;0;0;0;1;0;0;0;0;0;0;0;0;0;1;4;1;1;0;0;0;0;0;0;0;0;0;0;0;0;0;0;0;0;0;0
03.05.2024;05:10;A 38;1;1;1;0;0;0;2;0;0;1;0;0;0;1;11;0;0;0;0;2;1;0;0;0;0;9;7;6;7;2;76;5;57;0;0;0;0;0;0;0;0;0;0;0;0;0;0;0;0;0;0
03.05.2024;05:09;A 38;1;0;0;0;0;1;7;0;0;1;15;1;17;1;9;0;0;0;56;0;53;0;0;0;0;3;24;3;26;1;55;1;47;0;0;0;0;0;0;0;0;0;0;0;0;1;0;0;0;0;0
03.05.2024;05:08;A 38;1;3;2;1;0;1;12;1;1;2;1;1;0;1;13;1;5;1;36;1;27;1;10;1;7;0;0;3;4;8;10;5;14;0;0;0;0;0;0;0;0;1;6;1;5;1;6;0;0;0;0
03.05.2024;05:07;A 38;1;0;0;0;0;0;0;0;0;0;0;0;0;0;0;2;3;0;0;1;0;0;0;0;0;3;2;1;0;10;45;3;5;0;0;0;0;0;0;0;0;0;0;0;0;0;0;0;0;0;0
03.05.2024;05:06;A 38;1;0;0;0;0;0;0;0;0;1;16;0;0;1;23;1;2;1;35;1;1;0;0;0;0;0;0;0;0;0;0;0;0;0;0;0;0;0;0;0;0;0;0;0;0;0;0;0;0;0;0
03.05.2024;05:05;A 38;1;0;0;0;0;0;0;0;0;1;0;0;0;0;0;0;0;1;8;0;0;0;0;0;0;4;3;0;0;4;35;2;21;0;0;0;0;0;0;0;0;0;0;0;0;0;0;0;0;0;0
03.05.2024;05:04;A 38;1;2;1;0;0;2;12;0;0;1;0;0;0;2;18;0;0;0;0;0;0;0;0;0;0;2;1;2;1;2;24;2;32;0;0;0;0;0;0;0;0;0;0;0;0;0;0;0;0;0;0
03.05.2024;05:03;A 38;1;0;0;0;0;0;0;0;0;1;0;1;0;0;6;0;0;0;0;0;0;0;0;0;0;3;2;1;0;1;15;1;11;0;0;0;0;0;0;0;0;0;0;0;0;0;0;0;0;0;0
03.05.2024;05:02;A 38;1;1;0;0;0;1;10;0;0;0;0;0;0;3;7;0;0;0;0;0;0;0;0;0;0;6;4;2;1;2;60;3;34;0;0;0;0;0;0;0;0;0;0;0;0;0;0;0;0;0;0
03.05.2024;05:01;A 38;1;0;0;0;0;0;0;0;0;0;0;0;0;0;0;0;0;0;0;0;0;0;0;0;0;4;2;1;0;6;51;1;45;0;0;0;0;0;0;0;0;0;0;0;0;0;0;0;0;0;0
03.05.2024;05:00;A 38;1;0;0;0;0;0;0;0;0;0;0;0;0;0;0;0;0;0;0;0;0;1;10;0;0;1;1;1;0;2;21;1;52;0;0;0;0;0;0;0;0;0;0;0;0;0;0;0;0;0;0
03.05.2024;04:59;A 38;1;1;0;0;0;0;2;0;0;1;0;0;0;0;10;0;0;0;0;1;0;0;0;0;0;1;1;2;1;2;25;2;41;0;0;0;0;0;0;0;0;0;0;0;0;0;0;0;0;0;0
03.05.2024;04:58;A 38;1;0;0;0;0;1;7;0;0;0;0;0;0;4;12;4;3;0;0;0;0;0;0;0;0;2;1;1;0;1;60;3;54;0;0;0;0;0;0;0;0;0;0;0;0;0;0;0;0;0;0
03.05.2024;04:57;A 38;1;3;2;0;0;1;20;0;0;3;2;0;0;6;29;0;0;0;0;0;0;0;0;0;0;2;1;1;0;3;59;2;65;0;0;0;0;0;0;0;0;0;0;0;0;0;0;0;0;0;0
03.05.2024;04:56;A 38;1;0;0;0;0;0;0;0;0;0;0;0;0;0;0;0;0;0;0;0;0;0;0;0;0;0;30;0;31;0;0;0;0;0;0;0;0;0;0;0;0;0;0;0;0;0;0;0;0;0;0
03.05.2024;04:55;A 38;1;1;0;0;0;1;8;0;0;1;0;0;0;1;11;0;0;0;0;1;0;0;0;0;0;4;11;5;7;2;85;3;66;0;0;0;0;0;0;0;0;0;0;0;0;0;0;0;0;0;0
03.05.2024;04:54;A 38;1;0;0;0;0;0;0;0;0;0;0;0;0;0;0;0;0;0;0;0;0;0;0;0;0;1;1;6;5;1;93;2;30;0;0;0;0;0;0;0;0;0;0;0;0;1;8;0;0;0;0
03.05.2024;04:53;A 38;1;0;0;0;0;0;0;0;0;0;0;0;0;0;0;0;0;0;0;0;0;0;0;0;0;0;0;1;0;1;8;0;11;0;0;0;0;0;0;0;0;0;0;0;0;0;0;0;0;0;0
03.05.2024;04:52;A 38;1;0;0;0;0;0;0;0;0;1;0;1;0;0;6;0;0;0;0;0;0;0;0;0;0;0;0;1;0;0;9;1;12;0;0;0;0;0;0;0;0;0;0;0;0;0;0;0;0;0;0
03.05.2024;04:51;A 38;1;1;0;0;0;2;11;0;0;0;0;0;0;1;6;1;2;0;0;0;0;0;0;0;0;1;0;3;2;3;36;5;37;0;0;0;0;0;0;0;0;0;0;0;0;0;0;0;0;0;0
03.05.2024;04:50;A 38;1;0;0;0;0;0;0;0;0;0;0;0;0;0;0;2;1;0;0;0;0;0;0;0;0;1;0;0;0;2;14;6;60;0;0;0;0;0;0;0;0;0;0;0;0;0;0;0;0;0;0
03.05.2024;04:49;A 38;1;0;0;0;0;0;0;0;0;0;0;0;0;0;0;0;0;0;0;0;0;0;0;0;0;5;2;6;5;3;58;3;85;0;0;0;0;0;0;0;0;0;0;0;0;0;0;0;0;0;0
03.05.2024;04:48;A 38;1;1;0;0;0;1;8;0;0;1;0;0;0;1;8;0;0;0;0;0;0;0;0;0;0;3;2;0;0;7;41;0;40;0;0;0;0;0;0;0;0;0;0;0;0;0;0;0;0;0;0
03.05.2024;04:47;A 38;1;0;0;0;0;0;0;0;0;0;0;0;0;0;0;0;0;0;0;0;0;0;0;0;0;2;1;2;1;7;61;6;70;0;0;0;0;0;0;0;0;0;0;0;0;0;0;0;0;0;0
03.05.2024;04:46;A 38;1;0;0;0;0;0;0;0;0;0;0;0;0;0;0;0;0;0;0;0;0;0;0;0;0;0;0;0;0;5;8;6;10;0;0;0;0;0;0;0;0;0;0;0;0;0;0;0;0;0;0
03.05.2024;04:45;A 38;1;0;0;0;0;0;0;0;0;0;0;0;0;0;0;0;0;0;0;0;0;0;0;0;0;1;0;1;0;1;32;3;9;0;0;0;0;0;0;0;0;0;0;0;0;0;0;0;0;0;0
03.05.2024;04:44;A 38;1;0;0;0;0;0;0;0;0;0;0;0;0;0;0;0;0;0;0;1;0;0;0;0;0;1;0;1;1;3;32;0;2;0;0;0;0;0;0;0;0;0;0;0;0;0;0;0;0;0;0
03.05.2024;04:43;A 38;1;1;0;0;0;1;8;0;0;1;0;0;0;2;11;0;0;0;0;0;0;0;0;0;0;0;0;0;0;1;5;2;20;0;0;0;0;0;0;0;0;0;0;0;0;0;0;0;0;0;0
03.05.2024;04:42;A 38;1;3;2;0;0;1;25;0;0;3;2;0;0;9;33;0;0;0;0;0;0;0;0;0;0;0;0;0;0;0;0;0;0;0;0;0;0;0;0;0;0;0;0;0;0;0;0;0;0;0;0
03.05.2024;04:41;A 38;1;1;1;0;0;1;9;0;0;1;0;0;0;1;16;0;0;0;0;0;0;0;0;0;0;1;0;1;0;1;34;2;24;0;0;0;0;0;0;0;0;0;0;0;0;0;0;0;0;0;0
03.05.2024;04:40;A 38;1;1;0;0;0;0;8;0;0;1;0;0;0;2;20;0;0;0;0;0;0;0;0;0;0;1;1;1;0;13;33;1;14;0;0;0;0;0;0;0;0;0;0;0;0;0;0;0;0;0;0
03.05.2024;04:39;A 38;1;0;0;0;0;1;0;0;0;0;0;0;0;3;4;1;2;0;0;0;0;0;0;0;0;1;0;0;0;3;12;4;20;0;0;1;1;0;0;0;0;0;0;0;0;0;0;0;0;0;0
03.05.2024;04:38;A 38;1;0;0;0;0;0;0;0;0;0;0;0;0;0;0;0;0;0;0;1;0;0;0;0;0;0;0;1;0;1;5;1;7;0;0;0;0;0;0;0;0;1;6;1;6;0;0;0;0;0;0
03.05.2024;04:37;A 38;1;0;0;0;0;0;0;0;0;0;0;0;0;0;0;5;4;0;0;0;0;0;0;0;0;1;0;0;0;2;15;2;7;0;0;0;0;0;0;0;0;0;0;0;0;0;0;0;0;0;0
03.05.2024;04:36;A 38;1;0;0;0;0;0;0;0;0;0;0;0;0;0;0;0;0;0;0;0;0;0;0;0;0;0;0;0;0;0;0;0;0;0;0;0;0;0;0;0;0;0;0;0;0;0;0;0;0;0;0
03.05.2024;04:35;A 38;1;1;0;0;0;1;6;0;0;1;0;0;0;2;25;0;0;0;0;0;0;0;0;0;0;4;3;0;0;1;34;1;0;0;0;0;0;0;0;0;0;0;0;0;0;0;0;0;0;0;0
03.05.2024;04:34;A 38;1;0;0;0;0;0;0;0;0;0;0;0;0;0;0;0;0;0;0;0;0;0;0;0;0;2;1;1;0;3;29;3;2;0;0;0;0;0;0;0;0;0;0;0;0;0;0;0;0;0;0
03.05.2024;04:33;A 38;1;0;0;0;0;0;0;0;0;0;0;0;0;0;0;0;0;0;0;0;0;0;0;0;0;0;0;0;0;0;0;0;0;0;0;0;0;0;0;0;0;0;0;0;0;0;0;0;0;0;0
03.05.2024;04:32;A 38;1;0;0;0;0;0;0;0;0;0;0;0;0;0;0;0;0;0;0;0;0;0;0;0;0;0;0;0;0;0;0;0;0;0;0;0;0;0;0;0;0;0;0;0;0;0;0;0;0;0;0
03.05.2024;04:31;A 38;1;0;0;0;0;0;0;0;0;0;0;0;0;0;0;0;0;0;0;0;0;0;0;0;0;0;0;0;0;0;0;0;0;0;0;0;0;0;0;0;0;0;0;0;0;0;0;0;0;0;0
03.05.2024;04:30;A 38;1;0;0;0;0;0;0;0;0;0;0;0;0;0;0;0;0;0;0;0;0;0;0;0;0;0;0;0;0;0;0;0;0;0;0;0;0;0;0;0;0;0;0;0;0;0;0;0;0;0;0
03.05.2024;04:29;A 38;1;0;0;0;0;0;0;0;0;0;0;0;0;0;0;0;0;1;25;0;0;1;8;0;0;0;0;0;0;0;0;0;0;0;0;0;0;0;0;0;0;0;0;0;0;0;0;0;0;0;0
03.05.2024;04:28;A 38;1;0;0;0;0;0;0;0;0;0;0;0;0;0;0;0;0;0;0;0;0;0;0;0;0;0;0;3;2;1;12;1;13;0;0;0;0;0;0;0;0;0;0;0;0;0;0;0;0;0;0
03.05.2024;04:27;A 38;1;0;0;0;0;0;0;0;0;0;0;0;0;0;0;0;0;0;0;0;0;0;0;0;0;1;0;1;0;1;11;1;5;0;0;0;0;0;0;0;0;0;0;0;0;0;0;0;0;0;0
03.05.2024;04:26;A 38;1;0;0;0;0;0;0;0;0;0;0;0;0;0;0;0;0;0;0;1;0;0;0;0;0;1;0;1;1;1;3;1;19;0;0;0;0;0;0;0;0;0;0;0;0;0;0;0;0;0;0
03.05.2024;04:25;A 38;1;0;0;0;0;0;0;0;0;0;0;0;0;0;0;0;0;0;0;1;0;0;0;0;0;1;28;3;8;1;38;1;62;0;0;0;0;0;0;0;0;0;0;0;0;1;6;0;0;0;0
03.05.2024;04:24;A 38;1;1;14;0;0;1;14;0;0;1;1;0;0;2;39;0;0;0;0;0;0;0;0;0;0;1;60;1;65;1;90;1;84;0;0;0;0;0;0;0;0;0;0;0;0;0;0;0;0;0;0
03.05.2024;04:23;A 38;1;0;0;0;0;0;0;0;0;0;0;0;0;0;0;0;0;0;0;0;0;0;0;0;0;1;0;0;0;1;16;1;5;0;0;0;0;0;0;0;0;0;0;0;0;0;0;0;0;0;0
03.05.2024;04:22;A 38;1;0;0;0;0;0;0;0;0;0;0;0;0;0;0;1;0;0;0;0;0;0;0;0;0;0;0;0;0;5;8;0;0;0;0;0;0;0;0;0;0;0;0;0;0;0;0;0;0;0;0
03.05.2024;04:21;A 38;1;0;0;0;0;0;0;0;0;0;0;0;0;0;0;3;4;0;0;0;0;0;0;0;0;0;0;0;0;3;21;0;0;0;0;0;0;0;0;0;0;0;0;0;0;0;0;0;0;0;0
03.05.2024;04:20;A 38;1;1;0;0;0;1;13;0;0;1;0;1;0;5;27;0;0;0;0;0;0;0;0;0;0;0;0;0;0;19;46;0;0;0;0;0;0;0;0;0;0;0;0;0;0;0;0;0;0;0;0
03.05.2024;04:19;A 38;1;0;0;0;0;0;0;0;0;0;0;0;0;0;0;0;0;0;0;0;0;0;0;0;0;1;0;1;0;9;54;3;32;0;0;0;0;0;0;0;0;0;0;0;0;0;0;0;0;0;0
03.05.2024;04:18;A 38;1;0;0;0;0;0;0;0;0;0;0;0;0;0;0;0;0;0;0;0;0;0;0;0;0;0;0;0;0;3;24;0;0;0;0;0;0;0;0;0;0;0;0;0;0;0;0;0;0;0;0
03.05.2024;04:17;A 38;1;0;0;0;0;0;0;0;0;0;0;0;0;0;0;0;0;0;0;0;0;0;0;0;0;0;0;0;0;1;99;0;0;0;0;0;0;0;0;0;0;0;0;0;0;0;0;0;0;0;0
03.05.2024;04:16;A 38;1;0;0;0;0;0;0;0;0;0;0;0;0;0;0;0;0;0;0;0;0;0;0;0;0;1;0;0;0;2;75;1;14;0;0;0;0;0;0;0;0;0;0;0;0;0;0;0;0;0;0
03.05.2024;04:15;A 38;1;0;0;0;0;0;0;0;0;0;0;0;0;0;0;0;0;0;0;1;0;0;0;0;0;1;0;0;0;2;26;2;13;0;0;0;0;0;0;0;0;0;0;0;0;0;0;0;0;0;0
03.05.2024;04:14;A 38;1;0;0;0;0;0;0;0;0;0;0;0;0;0;0;0;0;0;0;0;0;0;0;0;0;0;0;0;0;0;0;0;0;0;0;0;0;0;0;0;0;0;0;0;0;0;0;0;0;0;0
03.05.2024;04:13;A 38;1;1;1;0;0;1;5;0;0;1;1;0;0;1;8;0;0;0;0;0;0;0;0;0;0;1;0;0;0;2;10;0;0;0;0;0;0;0;0;0;0;0;0;0;0;0;0;0;0;0;0
03.05.2024;04:12;A 38;1;0;0;0;0;0;0;0;0;0;0;0;0;0;0;0;0;0;0;0;0;0;0;0;0;0;0;1;0;4;34;1;9;0;0;0;0;0;0;0;0;0;0;0;0;0;0;0;0;0;0
03.05.2024;04:11;A 38;1;1;0;0;0;1;4;0;0;1;0;0;0;1;6;0;0;0;0;0;0;0;0;0;0;0;0;1;0;4;7;1;9;0;0;0;0;0;0;0;0;0;0;0;0;0;0;0;0;0;0
03.05.2024;04:10;A 38;1;0;0;0;0;0;0;0;0;0;0;0;0;0;0;0;0;0;0;0;0;0;0;0;0;0;0;0;0;0;0;0;0;0;0;0;0;0;0;0;0;0;0;0;0;0;0;0;0;0;0
03.05.2024;04:09;A 38;1;1;1;0;0;1;6;0;0;1;0;0;0;1;11;0;0;0;0;0;0;0;0;0;0;0;0;4;6;0;0;2;18;0;0;0;0;0;0;0;0;0;0;0;0;1;8;0;0;0;0
03.05.2024;04:08;A 38;1;0;0;0;0;0;0;0;0;0;0;0;0;0;0;2;1;0;0;0;0;0;0;0;0;0;0;0;0;2;3;0;0;0;0;0;0;0;0;0;0;0;0;0;0;0;0;0;0;0;0
03.05.2024;04:07;A 38;1;0;0;0;0;0;0;0;0;0;0;0;0;0;0;4;2;0;0;0;0;0;0;0;0;0;0;0;0;6;5;0;0;0;0;0;0;0;0;0;0;1;7;3;7;0;0;0;0;0;0
03.05.2024;04:06;A 38;1;0;0;0;0;0;0;0;0;0;0;0;0;0;0;0;0;0;0;0;0;0;0;0;0;0;0;0;0;2;8;0;0;0;0;0;0;0;0;0;0;0;0;0;0;0;0;0;0;0;0
03.05.2024;04:05;A 38;1;1;0;0;0;1;6;0;0;1;0;1;0;4;19;0;0;0;0;0;0;0;0;0;0;0;0;0;0;7;7;0;0;0;0;0;0;0;0;0;0;0;0;0;0;0;0;0;0;0;0
03.05.2024;04:04;A 38;1;0;0;0;0;0;0;0;0;0;0;0;0;0;0;0;0;0;0;0;0;0;0;0;0;0;0;0;0;1;0;0;0;0;0;0;0;0;0;0;0;0;0;0;0;0;0;0;0;0;0
03.05.2024;04:03;A 38;1;0;0;0;0;0;0;0;0;0;0;0;0;0;0;0;0;0;0;0;0;0;0;0;0;0;0;1;0;2;13;1;13;0;0;0;0;0;0;0;0;0;0;0;0;0;0;0;0;0;0
03.05.2024;04:02;A 38;1;1;0;0;0;1;8;0;0;1;0;1;0;4;18;2;5;0;0;0;0;0;0;0;0;0;0;0;0;2;1;0;0;0;0;0;0;0;0;0;0;0;0;0;0;0;0;0;0;0;0
03.05.2024;04:01;A 38;1;0;0;0;0;0;0;0;0;0;0;0;0;0;0;0;0;0;0;0;0;0;0;0;0;0;0;0;0;0;0;0;0;0;0;0;0;0;0;0;0;0;0;0;0;0;0;0;0;0;0
03.05.2024;04:00;A 38;1;0;0;0;0;0;0;0;0;0;0;0;0;0;0;0;0;0;0;0;0;0;0;0;0;1;1;1;0;2;18;1;8;0;0;0;0;0;0;0;0;0;0;0;0;0;0;0;0;0;0
03.05.2024;03:59;A 38;1;0;0;0;0;0;0;0;0;0;0;0;0;0;0;0;0;0;0;0;0;0;0;0;0;0;0;0;0;2;5;0;0;0;0;0;0;0;0;0;0;0;0;0;0;0;0;0;0;0;0
03.05.2024;03:58;A 38;1;2;1;0;0;2;17;0;0;2;1;1;0;3;24;1;5;0;0;0;0;0;0;0;0;1;0;1;0;11;22;1;8;0;0;0;0;0;0;0;0;0;0;0;0;0;0;0;0;0;0
03.05.2024;03:57;A 38;1;0;0;0;0;0;0;0;0;0;0;0;0;0;0;0;0;0;0;0;0;0;0;0;0;0;0;0;0;0;0;0;0;0;0;0;0;0;0;0;0;0;0;0;0;0;0;0;0;0;0
03.05.2024;03:56;A 38;1;0;0;0;0;0;0;0;0;0;0;0;0;0;0;0;0;0;0;0;0;0;0;0;0;0;0;0;0;0;0;0;0;0;0;0;0;0;0;0;0;0;0;0;0;0;0;0;0;0;0
03.05.2024;03:55;A 38;1;0;0;0;0;0;0;0;0;0;0;0;0;0;0;0;0;0;0;0;0;0;0;0;0;0;0;0;0;0;0;0;0;0;0;0;0;0;0;0;0;0;0;0;0;0;0;0;0;0;0
03.05.2024;03:54;A 38;1;1;0;0;0;1;9;0;0;1;0;0;0;3;17;0;0;0;0;0;0;0;0;0;0;0;0;0;0;0;0;0;0;0;0;0;0;0;0;0;0;0;0;0;0;0;0;0;0;0;0
03.05.2024;03:53;A 38;1;0;0;0;0;0;0;0;0;0;0;0;0;0;0;0;0;0;0;0;0;0;0;0;0;0;0;1;0;1;7;1;13;0;0;0;0;0;0;0;0;0;0;0;0;0;0;0;0;0;0
03.05.2024;03:52;A 38;1;0;0;0;0;0;0;0;0;0;0;0;0;0;0;0;0;0;0;0;0;0;0;0;0;0;0;0;0;4;58;0;0;0;0;0;0;0;0;0;0;0;0;0;0;0;0;0;0;0;0
03.05.2024;03:51;A 38;1;0;0;0;0;0;0;0;0;0;0;0;0;0;0;0;0;0;0;0;0;0;0;0;0;0;0;1;1;0;100;1;11;0;0;0;0;0;0;0;0;0;0;0;0;0;0;0;0;0;0
03.05.2024;03:50;A 38;1;0;0;0;0;0;0;0;0;0;0;0;0;0;0;1;0;0;0;0;0;0;0;0;0;0;0;0;0;6;82;0;0;0;0;0;0;0;0;0;0;0;0;0;0;0;0;0;0;0;0
03.05.2024;03:49;A 38;1;0;0;0;0;0;0;0;0;0;0;0;0;0;0;0;0;0;0;0;0;0;0;0;0;0;0;0;0;0;0;0;0;0;0;0;0;0;0;0;0;0;0;0;0;0;0;0;0;0;0
03.05.2024;03:48;A 38;1;0;0;0;0;0;0;0;0;0;0;0;0;0;0;0;0;0;0;0;0;0;0;0;0;0;0;1;0;1;14;1;13;0;0;0;0;0;0;0;0;0;0;0;0;0;0;0;0;0;0
03.05.2024;03:47;A 38;1;1;1;0;0;1;11;0;0;1;1;1;0;5;20;0;0;0;0;0;0;0;0;0;0;0;0;1;0;2;15;1;13;0;0;0;0;0;0;0;0;0;0;0;0;0;0;0;0;0;0
03.05.2024;03:46;A 38;1;0;0;0;0;0;0;0;0;0;0;0;0;0;0;0;0;0;0;0;0;0;0;0;0;0;0;2;1;0;75;1;17;0;0;0;0;0;0;0;0;0;0;0;0;1;0;0;0;0;0
03.05.2024;03:45;A 38;1;1;0;0;0;1;5;0;0;1;0;0;0;1;7;0;0;0;0;0;0;0;0;0;0;0;0;0;0;0;100;1;2;0;0;0;0;0;0;0;0;0;0;0;0;0;0;0;0;0;0
03.05.2024;03:44;A 38;1;0;0;0;0;0;0;0;0;0;0;0;0;0;0;0;0;0;0;0;0;0;0;0;0;0;0;0;0;0;100;0;0;0;0;0;0;0;0;0;0;0;0;0;0;0;0;0;0;0;0
03.05.2024;03:43;A 38;1;0;0;0;0;0;0;0;0;0;0;0;0;0;0;0;0;0;0;0;0;0;0;0;0;0;0;0;0;0;100;0;0;0;0;0;0;0;0;0;0;0;0;0;0;0;0;0;0;0;0
03.05.2024;03:42;A 38;1;0;0;0;0;0;0;0;0;0;0;0;0;0;0;0;0;0;0;0;0;0;0;0;0;1;0;1;1;2;70;1;6;0;0;0;0;0;0;0;0;0;0;0;0;1;0;0;0;0;0
03.05.2024;03:41;A 38;1;0;0;0;0;0;0;0;0;0;0;0;0;0;0;0;0;0;0;0;0;0;0;0;0;0;0;0;0;0;0;0;0;0;0;0;0;0;0;0;0;0;0;0;0;0;0;0;0;0;0
03.05.2024;03:40;A 38;1;0;0;0;0;0;0;0;0;0;0;0;0;0;0;0;0;0;0;0;0;0;0;0;0;0;0;0;0;0;0;0;0;0;0;0;0;0;0;0;0;0;0;0;0;0;0;0;0;0;0
03.05.2024;03:39;A 38;1;0;0;0;0;0;0;0;0;0;0;0;0;0;0;0;0;0;0;0;0;0;0;0;0;0;0;3;6;0;0;2;16;0;0;0;0;0;0;0;0;0;0;0;0;0;0;0;0;0;0
03.05.2024;03:38;A 38;1;1;1;0;0;1;11;0;0;1;1;0;0;1;17;1;0;0;0;0;0;0;0;0;0;0;0;1;3;1;14;3;14;0;0;0;0;0;0;0;0;0;0;0;0;0;0;0;0;0;0
03.05.2024;03:37;A 38;1;0;0;0;0;0;0;0;0;0;0;0;0;0;0;0;0;0;0;0;0;0;0;0;0;0;0;0;0;1;1;0;0;0;0;0;0;0;0;0;0;0;0;0;0;0;0;0;0;0;0
03.05.2024;03:36;A 38;1;0;0;0;0;0;0;0;0;0;0;0;0;0;0;3;2;0;0;0;0;0;0;0;0;0;0;0;0;0;0;0;0;0;0;0;0;0;0;0;0;0;0;0;0;0;0;0;0;0;0
03.05.2024;03:35;A 38;1;0;0;0;0;0;0;0;0;0;0;0;0;0;0;0;0;0;0;0;0;0;0;0;0;0;0;0;0;0;0;0;0;0;0;0;0;0;0;0;0;0;0;0;0;0;0;0;0;0;0
03.05.2024;03:34;A 38;1;1;0;0;0;1;11;0;0;1;0;1;0;5;17;1;1;0;0;0;0;0;0;0;0;0;0;0;0;0;0;1;6;0;0;0;0;0;0;0;0;0;0;0;0;0;0;0;0;0;0
03.05.2024;03:33;A 38;1;0;0;0;0;0;0;0;0;0;0;0;0;0;0;0;0;0;0;0;0;0;0;0;0;0;0;0;0;0;0;0;0;0;0;0;0;0;0;0;0;0;0;0;0;0;0;0;0;0;0
03.05.2024;03:32;A 38;1;0;0;0;0;0;0;0;0;0;0;0;0;0;0;0;0;0;0;0;0;0;0;0;0;0;0;0;0;8;31;2;12;0;0;0;0;0;0;0;0;0;0;0;0;0;0;0;0;0;0
03.05.2024;03:31;A 38;1;0;0;0;0;0;0;0;0;0;0;0;0;0;0;0;0;0;0;0;0;0;0;0;0;0;0;2;1;3;92;2;17;0;0;0;0;0;0;0;0;0;0;0;0;0;0;0;0;0;0
03.05.2024;03:30;A 38;1;0;0;0;0;0;0;0;0;0;0;0;0;0;0;0;0;0;0;0;0;0;0;0;0;0;0;0;0;0;100;0;6;0;0;0;0;0;0;0;0;0;0;0;0;0;0;0;0;0;0
03.05.2024;03:29;A 38;1;2;1;0;0;1;4;0;0;2;1;0;0;2;26;0;0;0;0;0;0;0;0;0;0;0;0;0;0;0;100;2;34;0;0;0;0;0;0;0;0;0;0;0;0;0;0;0;0;0;0
03.05.2024;03:28;A 38;1;0;0;0;0;1;5;0;0;0;0;0;0;1;6;0;0;0;0;0;0;0;0;0;0;0;0;0;0;1;75;0;0;0;0;0;0;0;0;0;0;0;0;0;0;0;0;0;0;0;0
03.05.2024;03:27;A 38;1;0;0;0;0;0;0;0;0;0;0;0;0;0;0;0;0;0;0;0;0;0;0;0;0;0;0;0;0;0;0;0;0;0;0;0;0;0;0;0;0;0;0;0;0;0;0;0;0;0;0
03.05.2024;03:26;A 38;1;0;0;0;0;0;0;0;0;0;0;0;0;0;0;0;0;0;0;0;0;0;0;0;0;0;0;1;0;1;2;1;5;0;0;0;0;0;0;0;0;0;0;0;0;0;0;0;0;0;0
03.05.2024;03:25;A 38;1;1;0;0;0;1;6;0;0;1;0;0;0;6;23;0;0;0;0;0;0;0;0;0;0;0;0;0;0;0;0;5;4;0;0;0;0;0;0;0;0;0;0;0;0;0;0;0;0;0;0
03.05.2024;03:24;A 38;1;0;0;0;0;0;0;0;0;0;0;0;0;0;0;0;0;0;0;0;0;0;0;0;0;0;0;0;0;0;0;0;0;0;0;0;0;0;0;0;0;0;0;0;0;0;0;0;0;0;0
03.05.2024;03:23;A 38;1;0;0;0;0;0;0;0;0;0;0;0;0;0;0;0;0;0;0;0;0;0;0;0;0;0;0;0;0;0;0;0;0;0;0;0;0;0;0;0;0;0;0;0;0;0;0;0;0;0;0
03.05.2024;03:22;A 38;1;0;0;0;0;0;0;0;0;0;0;0;0;0;0;0;0;0;0;0;0;0;0;0;0;0;0;0;0;1;1;0;63;0;0;0;0;0;0;0;0;0;0;0;0;0;0;0;0;0;0
03.05.2024;03:21;A 38;1;1;0;0;0;1;7;0;0;1;0;1;0;3;17;0;0;0;0;0;0;0;0;0;0;0;0;1;0;2;8;1;11;0;0;0;0;0;0;0;0;0;0;0;0;0;0;0;0;0;0
03.05.2024;03:20;A 38;1;0;0;0;0;0;0;0;0;0;0;0;0;0;0;0;0;0;0;0;0;0;0;0;0;0;0;0;0;2;2;0;0;0;0;0;0;0;0;0;0;0;0;0;0;0;0;0;0;0;0
03.05.2024;03:19;A 38;1;0;0;0;0;0;0;0;0;0;0;0;0;0;0;0;0;0;0;0;0;0;0;0;0;1;0;1;0;5;48;1;12;0;0;0;0;0;0;0;0;0;0;0;0;0;0;0;0;0;0
03.05.2024;03:18;A 38;1;0;0;0;0;0;0;0;0;0;0;0;0;0;0;0;0;0;0;0;0;0;0;0;0;0;0;0;0;2;14;0;0;0;0;0;0;0;0;0;0;0;0;0;0;0;0;0;0;0;0
03.05.2024;03:17;A 38;1;0;0;0;0;0;0;0;0;0;0;0;0;0;0;0;0;0;0;0;0;0;0;0;0;0;0;0;0;1;0;0;0;0;0;0;0;0;0;0;0;0;0;0;0;0;0;0;0;0;0
03.05.2024;03:16;A 38;1;0;0;0;0;0;0;0;0;0;0;0;0;0;0;0;0;0;0;0;0;0;0;0;0;0;0;0;0;4;3;0;0;0;0;0;0;0;0;0;0;0;0;0;0;0;0;0;0;0;0
03.05.2024;03:15;A 38;1;0;0;0;0;0;0;0;0;0;0;0;0;0;0;0;0;0;0;0;0;0;0;0;0;0;0;0;0;0;0;0;0;0;0;0;0;0;0;0;0;0;0;0;0;0;0;0;0;0;0
03.05.2024;03:14;A 38;1;1;1;0;0;1;8;0;0;1;1;1;0;1;11;0;0;0;0;0;0;0;0;0;0;0;0;1;0;6;21;1;8;0;0;0;0;0;0;0;0;0;0;0;0;0;0;0;0;0;0
03.05.2024;03:13;A 38;1;0;0;0;0;0;0;0;0;0;0;0;0;0;0;0;0;0;0;0;0;0;0;0;0;0;0;0;0;6;47;0;0;0;0;0;0;0;0;0;0;0;0;0;0;0;0;0;0;0;0
03.05.2024;03:12;A 38;1;0;0;0;0;0;0;0;0;0;0;0;0;0;0;0;0;0;0;0;0;0;0;0;0;0;0;0;0;1;0;0;0;0;0;0;0;0;0;0;0;0;0;0;0;0;0;0;0;0;0
03.05.2024;03:11;A 38;1;0;0;0;0;0;0;0;0;0;0;0;0;0;0;0;0;0;0;0;0;0;0;0;0;0;0;1;0;2;14;1;8;0;0;0;0;0;0;0;0;0;0;0;0;0;0;0;0;0;0
03.05.2024;03:10;A 38;1;0;0;0;0;0;0;0;0;0;0;0;0;0;0;0;0;0;0;0;0;0;0;0;0;1;0;1;0;3;10;1;4;0;0;0;0;0;0;0;0;0;0;0;0;0;0;0;0;0;0
03.05.2024;03:09;A 38;1;1;0;0;0;0;2;0;0;2;1;1;0;0;11;0;0;0;0;0;0;0;0;0;0;0;0;1;0;2;14;2;8;0;0;0;0;0;0;0;0;0;0;0;0;0;0;0;0;0;0
03.05.2024;03:08;A 38;1;1;0;0;0;1;12;0;0;0;0;0;0;4;9;0;0;0;0;0;0;0;0;0;0;1;0;1;0;3;10;1;7;0;0;0;0;0;0;0;0;0;0;0;0;0;0;0;0;0;0
03.05.2024;03:07;A 38;1;0;0;0;0;0;0;0;0;0;0;0;0;0;0;0;0;0;0;0;0;0;0;0;0;0;0;0;0;4;19;0;0;0;0;0;0;0;0;0;0;0;0;0;0;0;0;0;0;0;0
03.05.2024;03:06;A 38;1;0;0;0;0;0;0;0;0;0;0;0;0;0;0;0;0;0;0;0;0;0;0;0;0;0;0;0;0;10;11;0;0;0;0;0;0;0;0;0;0;0;0;0;0;0;0;0;0;0;0
03.05.2024;03:05;A 38;1;0;0;0;0;0;0;0;0;0;0;0;0;0;0;0;0;0;0;0;0;0;0;0;0;0;0;0;0;10;15;2;32;0;0;0;0;0;0;0;0;0;0;0;0;0;0;0;0;0;0
03.05.2024;03:04;A 38;1;0;0;0;0;0;0;0;0;0;0;0;0;0;0;0;0;0;0;0;0;0;0;0;0;0;0;0;0;6;6;1;0;0;0;0;0;0;0;0;0;0;0;0;0;0;0;0;0;0;0
03.05.2024;03:03;A 38;1;2;1;0;0;1;16;0;0;2;1;0;0;4;25;1;0;0;0;0;0;0;0;0;0;0;0;0;0;1;0;0;0;0;0;0;0;0;0;0;0;0;0;0;0;0;0;0;0;0;0
03.05.2024;03:02;A 38;1;0;0;0;0;0;0;0;0;0;0;0;0;0;0;0;0;0;0;0;0;0;0;0;0;0;0;0;0;1;0;0;0;0;0;0;0;0;0;0;0;0;0;0;0;0;0;0;0;0;0
03.05.2024;03:01;A 38;1;0;0;0;0;0;0;0;0;0;0;0;0;0;0;0;0;0;0;0;0;0;0;0;0;0;0;0;0;1;0;0;0;0;0;0;0;0;0;0;0;0;0;0;0;0;0;0;0;0;0
03.05.2024;03:00;A 38;1;1;1;0;0;0;6;0;0;1;1;1;0;0;20;0;0;0;0;0;0;0;0;0;0;0;0;0;0;13;11;0;0;0;0;0;0;0;0;0;0;0;0;0;0;0;0;0;0;0;0
03.05.2024;02:59;A 38;1;0;0;0;0;1;7;0;0;0;0;0;0;6;13;0;0;0;0;0;0;0;0;0;0;0;0;0;0;1;0;0;0;0;0;0;0;0;0;0;0;0;0;0;0;0;0;0;0;0;0
03.05.2024;02:58;A 38;1;0;0;0;0;0;0;0;0;1;0;1;0;0;8;0;0;0;0;0;0;0;0;0;0;0;0;0;0;6;3;0;0;0;0;0;0;0;0;0;0;0;0;0;0;0;0;0;0;0;0
03.05.2024;02:57;A 38;1;1;0;0;0;1;7;0;0;0;0;0;0;2;5;0;0;0;0;0;0;0;0;0;0;0;0;0;0;1;0;0;0;0;0;0;0;0;0;0;0;0;0;0;0;0;0;0;0;0;0
03.05.2024;02:56;A 38;1;0;0;0;0;0;0;0;0;0;0;0;0;0;0;0;0;0;0;0;0;0;0;0;0;0;0;0;0;3;3;0;0;0;0;0;0;0;0;0;0;0;0;0;0;0;0;0;0;0;0
03.05.2024;02:55;A 38;1;0;0;0;0;0;0;0;0;0;0;0;0;0;0;0;0;0;0;0;0;0;0;0;0;0;0;0;0;3;2;0;0;0;0;0;0;0;0;0;0;0;0;0;0;0;0;0;0;0;0
03.05.2024;02:54;A 38;1;0;0;0;0;0;0;0;0;0;0;0;0;0;0;1;0;0;0;0;0;0;0;0;0;0;0;0;0;3;2;0;0;0;0;0;0;0;0;0;0;0;0;0;0;0;0;0;0;0;0
03.05.2024;02:53;A 38;1;0;0;0;0;0;0;0;0;0;0;0;0;0;0;1;0;0;0;0;0;0;0;0;0;0;0;1;0;2;35;1;11;0;0;0;0;0;0;0;0;0;0;0;0;0;0;0;0;0;0
03.05.2024;02:52;A 38;1;0;0;0;0;0;0;0;0;0;0;0;0;0;0;0;0;0;0;0;0;0;0;0;0;1;0;1;1;1;25;1;11;0;0;0;0;0;0;0;0;0;0;0;0;0;0;0;0;0;0
03.05.2024;02:51;A 38;1;0;0;0;0;0;0;0;0;0;0;0;0;0;0;0;0;0;0;0;0;0;0;0;0;0;0;0;0;0;100;0;0;0;0;0;0;0;0;0;0;0;0;0;0;0;0;0;0;0;0
03.05.2024;02:50;A 38;1;0;0;0;0;0;0;0;0;0;0;0;0;0;0;0;0;0;0;0;0;0;0;0;0;0;0;0;0;0;100;0;0;0;0;0;0;0;0;0;0;0;0;0;0;0;0;0;0;0;0
03.05.2024;02:49;A 38;1;0;0;0;0;0;0;0;0;0;0;0;0;0;0;1;0;0;0;0;0;0;0;0;0;0;0;0;0;1;28;0;0;0;0;0;0;0;0;0;0;0;0;0;0;0;0;0;0;0;0
03.05.2024;02:48;A 38;1;0;0;0;0;0;0;0;0;0;0;0;0;0;0;0;0;0;0;0;0;0;0;0;0;0;0;1;0;2;15;1;10;0;0;0;0;0;0;0;0;0;0;0;0;0;0;0;0;0;0
03.05.2024;02:47;A 38;1;0;0;0;0;0;0;0;0;0;0;0;0;0;0;0;0;0;0;0;0;0;0;0;0;0;0;0;0;0;0;0;0;0;0;0;0;0;0;0;0;0;0;0;0;0;0;0;0;0;0
03.05.2024;02:46;A 38;1;0;0;0;0;0;0;0;0;0;0;0;0;0;0;0;0;0;0;0;0;0;0;0;0;0;0;0;0;0;0;0;0;0;0;0;0;0;0;0;0;0;0;0;0;0;0;0;0;0;0
03.05.2024;02:45;A 38;1;0;0;0;0;0;0;0;0;0;0;0;0;0;0;3;2;0;0;0;0;0;0;0;0;0;0;0;0;0;0;0;0;0;0;0;0;0;0;0;0;0;0;0;0;0;0;0;0;0;0
03.05.2024;02:44;A 38;1;0;0;0;0;0;0;0;0;0;0;0;0;0;0;1;0;0;0;0;0;0;0;0;0;0;0;0;0;2;3;0;0;0;0;0;0;0;0;0;0;0;0;0;0;0;0;0;0;0;0
03.05.2024;02:43;A 38;1;0;0;0;0;0;0;0;0;0;0;0;0;0;0;12;9;0;0;0;0;0;0;0;0;0;0;0;0;3;2;0;0;0;0;0;0;0;0;0;0;0;0;0;0;0;0;0;0;0;0
03.05.2024;02:42;A 38;1;0;0;0;0;0;0;0;0;0;0;0;0;0;0;0;0;0;0;0;0;0;0;0;0;0;0;0;0;1;0;0;0;0;0;0;0;0;0;0;0;0;0;0;0;0;0;0;0;0;0
03.05.2024;02:41;A 38;1;1;0;0;0;1;5;0;0;1;0;1;0;2;9;0;0;0;0;0;0;0;0;0;0;0;0;2;1;6;44;4;44;0;0;0;0;0;0;0;0;0;0;0;0;0;0;0;0;0;0
03.05.2024;02:40;A 38;1;0;0;0;0;0;0;0;0;0;0;0;0;0;0;0;0;0;0;0;0;0;0;0;0;0;0;0;0;12;15;0;0;0;0;0;0;0;0;0;0;0;0;0;0;0;0;0;0;0;0
03.05.2024;02:39;A 38;1;1;1;0;0;1;7;0;0;1;0;0;0;1;20;0;0;0;0;0;0;0;0;0;0;0;0;0;0;0;0;0;0;0;0;0;0;0;0;0;0;0;0;0;0;0;0;0;0;0;0
03.05.2024;02:38;A 38;1;1;41;0;0;0;0;0;0;1;0;0;0;0;55;0;0;1;3;0;0;0;4;0;0;0;0;0;0;1;0;0;0;0;0;0;0;0;0;0;0;0;0;0;0;0;0;0;0;0;0
03.05.2024;02:37;A 38;1;0;0;0;0;1;16;0;0;0;0;0;0;3;24;5;3;0;0;1;1;1;4;0;0;1;0;1;0;3;27;1;7;0;0;0;0;0;0;0;0;0;0;0;0;0;0;0;0;0;0
03.05.2024;02:36;A 38;1;0;0;0;0;0;0;0;0;0;0;0;0;0;0;13;9;0;0;0;0;0;0;0;0;0;0;0;0;4;18;0;0;0;0;0;0;0;0;0;0;0;0;0;0;0;0;0;0;0;0
03.05.2024;02:35;A 38;1;0;0;0;0;0;0;0;0;0;0;0;0;0;0;0;0;0;0;0;0;0;0;0;0;0;0;0;0;3;3;0;0;0;0;0;0;0;0;0;0;0;0;0;0;0;0;0;0;0;0
03.05.2024;02:34;A 38;1;0;0;0;0;0;0;0;0;0;0;0;0;0;0;0;0;0;0;0;0;0;0;0;0;1;0;1;1;3;15;1;20;0;0;0;0;0;0;0;0;0;0;0;0;0;0;0;0;0;0
03.05.2024;02:33;A 38;1;0;0;0;0;0;0;0;0;0;0;0;0;0;0;4;4;0;0;0;0;0;0;0;0;0;0;0;0;2;1;0;0;0;0;0;0;0;0;0;0;0;0;0;0;0;0;0;0;0;0
03.05.2024;02:32;A 38;1;0;0;0;0;0;0;0;0;0;0;0;0;0;0;15;11;0;0;0;0;0;0;0;0;0;0;0;0;3;2;0;0;0;0;0;0;0;0;0;0;0;0;0;0;0;0;0;0;0;0
03.05.2024;02:31;A 38;1;0;0;0;0;0;0;0;0;0;0;0;0;0;0;0;0;0;0;0;0;0;0;0;0;0;0;0;0;3;2;0;0;0;0;0;0;0;0;0;0;0;0;0;0;0;0;0;0;0;0
03.05.2024;02:30;A 38;1;1;1;0;0;0;0;0;0;0;0;0;0;0;6;1;1;0;0;1;0;0;0;0;0;1;0;1;0;3;14;5;17;0;0;0;0;0;0;0;0;0;0;0;0;0;0;0;0;0;0
03.05.2024;02:29;A 38;1;0;0;0;0;1;10;0;0;0;0;0;0;8;18;0;0;0;0;0;0;0;0;0;0;0;0;0;0;0;0;0;0;0;0;0;0;0;0;0;0;0;0;0;0;0;0;0;0;0;0
03.05.2024;02:28;A 38;1;0;0;0;0;0;0;0;0;0;0;0;0;0;0;0;0;0;0;0;0;0;0;0;0;0;0;0;0;0;0;0;0;0;0;0;0;0;0;0;0;0;0;0;0;0;0;0;0;0;0
03.05.2024;02:27;A 38;1;0;0;0;0;0;0;0;0;0;0;0;0;0;0;0;0;0;0;0;0;0;0;0;0;0;0;0;0;0;0;0;0;0;0;0;0;0;0;0;0;0;0;0;0;0;0;0;0;0;0
03.05.2024;02:26;A 38;1;1;0;0;0;1;4;0;0;1;0;0;0;1;14;0;0;0;0;0;0;0;0;0;0;1;0;1;0;1;15;1;7;0;0;0;0;0;0;0;0;0;0;0;0;0;0;0;0;0;0
03.05.2024;02:25;A 38;1;0;0;0;0;0;0;0;0;0;0;0;0;0;0;0;0;0;0;0;0;0;0;0;0;0;0;0;0;0;0;0;0;0;0;0;0;0;0;0;0;0;0;0;0;0;0;0;0;0;0
03.05.2024;02:24;A 38;1;1;1;0;0;0;2;0;0;1;2;0;0;0;21;0;0;0;0;0;0;0;0;0;0;0;0;0;0;1;3;0;0;0;0;0;0;0;0;0;0;0;0;0;0;0;0;0;0;0;0
03.05.2024;02:23;A 38;1;1;0;0;0;2;22;0;0;1;0;0;0;2;11;0;0;0;0;0;0;0;0;0;0;0;0;0;0;1;1;0;0;0;0;0;0;0;0;0;0;0;0;0;0;0;0;0;0;0;0
03.05.2024;02:22;A 38;1;0;0;0;0;0;0;0;0;0;0;0;0;0;0;0;0;0;0;0;0;0;0;0;0;0;0;1;0;2;10;1;7;0;0;0;0;0;0;0;0;0;0;0;0;0;0;0;0;0;0
03.05.2024;02:21;A 38;1;0;0;0;0;0;0;0;0;0;0;0;0;0;0;0;0;0;0;0;0;0;0;0;0;0;0;1;0;1;31;1;11;0;0;0;0;0;0;0;0;0;0;0;0;0;0;0;0;0;0
03.05.2024;02:20;A 38;1;0;0;0;0;0;0;0;0;0;0;0;0;0;0;0;0;0;0;0;0;0;0;0;0;1;1;1;2;1;7;2;11;0;0;0;0;0;0;0;0;0;0;0;0;0;0;0;0;0;0
03.05.2024;02:19;A 38;1;0;0;0;0;0;0;0;0;0;0;0;0;0;0;0;0;0;0;0;0;0;0;0;0;0;0;0;0;0;0;0;0;0;0;0;0;0;0;0;0;0;0;0;0;0;0;0;0;0;0
03.05.2024;02:18;A 38;1;1;0;0;0;1;10;0;0;1;0;0;0;5;18;0;0;0;0;0;0;0;0;0;0;0;0;0;0;0;0;0;0;0;0;0;0;0;0;0;0;0;0;0;0;0;0;0;0;0;0
03.05.2024;02:17;A 38;1;1;0;0;0;1;10;0;0;1;0;0;0;2;13;0;0;0;0;0;0;0;0;0;0;0;0;0;0;0;0;0;0;0;0;0;0;0;0;0;0;0;0;0;0;0;0;0;0;0;0
03.05.2024;02:16;A 38;1;0;0;0;0;0;0;0;0;0;0;0;0;0;0;0;0;0;0;0;0;0;0;0;0;0;0;0;0;0;0;0;0;0;0;0;0;0;0;0;0;0;0;0;0;0;0;0;0;0;0
03.05.2024;02:15;A 38;1;0;0;0;0;0;0;0;0;0;0;0;0;0;0;0;0;0;0;0;0;0;0;0;0;0;0;0;0;3;2;0;0;0;0;0;0;0;0;0;0;0;0;0;0;0;0;0;0;0;0
03.05.2024;02:14;A 38;1;0;0;0;0;0;0;0;0;0;0;0;0;0;0;0;0;0;0;0;0;0;0;0;0;0;0;0;0;1;0;0;0;0;0;0;0;0;0;0;0;0;0;0;0;0;0;0;0;0;0
03.05.2024;02:13;A 38;1;0;0;0;0;0;0;0;0;0;0;0;0;0;0;0;0;0;0;0;0;0;0;0;0;0;0;0;0;0;0;0;0;0;0;0;0;0;0;0;0;0;0;0;0;0;0;0;0;0;0
03.05.2024;02:12;A 38;1;1;0;0;0;1;3;0;0;1;0;1;0;3;7;1;3;0;0;0;0;0;0;0;0;0;0;0;0;0;0;0;0;0;0;0;0;0;0;0;0;0;0;0;0;0;0;0;0;0;0
03.05.2024;02:11;A 38;1;0;0;0;0;0;0;0;0;0;0;0;0;0;0;1;0;0;0;0;0;0;0;0;0;0;0;0;0;0;0;0;0;0;0;0;0;0;0;0;0;0;0;0;0;0;0;0;0;0;0
03.05.2024;02:10;A 38;1;1;0;0;0;1;5;0;0;1;0;1;0;1;9;0;0;0;0;0;0;0;0;0;0;0;0;0;0;5;4;0;0;0;0;0;0;0;0;0;0;0;0;0;0;0;0;0;0;0;0
03.05.2024;02:09;A 38;1;0;0;0;0;0;0;0;0;0;0;0;0;0;0;0;0;0;0;0;0;0;0;0;0;0;0;0;0;2;3;0;0;0;0;0;0;0;0;0;0;0;0;0;0;0;0;0;0;0;0
03.05.2024;02:08;A 38;1;0;0;0;0;0;0;0;0;0;0;0;0;0;0;0;0;0;0;0;0;0;0;0;0;1;0;1;1;1;18;1;10;0;0;0;0;0;0;0;0;0;0;0;0;0;0;0;0;0;0
03.05.2024;02:07;A 38;1;0;0;0;0;0;0;0;0;0;0;0;0;0;0;0;0;0;0;0;0;0;0;0;0;0;0;0;0;0;0;0;0;0;0;0;0;0;0;0;0;0;0;0;0;0;0;0;0;0;0
03.05.2024;02:06;A 38;1;0;0;0;0;0;0;0;0;0;0;0;0;0;0;0;0;0;0;0;0;0;0;0;0;0;0;0;0;5;7;0;0;0;0;0;0;0;0;0;0;0;0;0;0;0;0;0;0;0;0
03.05.2024;02:05;A 38;1;0;0;0;0;0;0;0;0;0;0;0;0;0;0;0;0;0;0;0;0;0;0;0;0;0;0;0;0;7;5;1;44;0;0;0;0;0;0;0;0;0;0;0;0;0;0;0;0;0;0
03.05.2024;02:04;A 38;1;0;0;0;0;0;0;0;0;0;0;0;0;0;0;0;0;0;0;0;0;0;0;0;0;0;0;0;0;0;0;0;0;0;0;0;0;0;0;0;0;0;0;0;0;0;0;0;0;0;0
03.05.2024;02:03;A 38;1;0;0;0;0;0;0;0;0;2;1;1;0;0;7;0;0;0;0;0;0;0;0;0;0;0;0;0;0;0;0;0;0;0;0;0;0;0;0;0;0;0;0;0;0;0;0;0;0;0;0
03.05.2024;02:01;A 38;1;1;0;0;0;1;6;0;0;1;0;0;0;1;10;0;0;0;0;0;0;0;0;0;0;0;0;0;0;6;6;0;0;0;0;0;0;0;0;0;0;0;0;0;0;0;0;0;0;0;0
03.05.2024;02:00;A 38;1;0;0;0;0;0;0;0;0;0;0;0;0;0;0;0;0;0;0;0;0;0;0;0;0;0;0;0;0;0;0;0;0;0;0;0;0;0;0;0;0;0;0;0;0;0;0;0;0;0;0
