Datum;Uhrzeit;Bezeichnung;Intervall;V21Z;V21B;V22Z;V22B;D51_1Z;D51_1B;D51_2Z;D51_2B;V52Z;V52B;V81Z;V81B;V82Z;V82B;D111_1Z;D111_1B;D111_2Z;D111_2B;V112Z;V112B;MP1Z;MP1B;MP2Z;MP2B;MP3Z;MP3B;MP4Z;MP4B;MP5Z;MP5B;MP6Z;MP6B;MP7Z;MP7B;MP8Z;MP8B;MP9Z;MP9B;MP10Z;MP10B;MP11Z;MP11B;T1_sZ;T1_sB;T1_bZ;T1_bB;T2_sZ;T2_sB;T2_bZ;T2_bB;T3_bZ;T3_bB;T4_bZ;T4_bB;T5_sZ;T5_sB;T5_bZ;T5_bB;T6_sZ;T6_sB;T6_bZ;T6_bB;T7_bZ;T7_bB;T8_bZ;T8_bB;VK1_4iOZ;VK1_4iOB
01.02.2025;01:00;A 65;1;0;0;1;6;0;0;1;7;2;4;0;100;1;15;0;0;0;0;0;0;0;0;0;0;0;0;0;0;0;0;0;0;0;0;0;0;0;0;0;0;0;0;0;0;0;0;;;;;;;;;;;;;;;;;;;;;;
01.02.2025;00:59;A 65;1;1;0;1;6;0;0;0;0;0;0;0;100;1;6;0;0;0;0;0;0;0;0;0;0;0;0;0;0;0;0;0;0;0;0;0;0;0;0;0;0;0;0;0;0;0;0;;;;;;;;;;;;;;;;;;;;;;
01.02.2025;00:58;A 65;1;1;0;1;4;0;0;0;0;0;0;0;100;0;0;0;0;0;0;0;0;0;0;0;0;0;0;0;0;0;0;0;0;0;0;0;0;0;0;0;0;0;0;0;0;0;0;;;;;;;;;;;;;;;;;;;;;;
01.02.2025;00:57;A 65;1;0;0;0;0;0;0;0;0;0;0;0;100;1;4;0;0;0;0;0;0;0;0;0;0;0;0;0;0;0;0;0;0;0;0;0;0;0;0;0;0;0;0;0;0;0;0;;;;;;;;;;;;;;;;;;;;;;
01.02.2025;00:56;A 65;1;1;1;1;3;1;33;1;33;1;5;0;100;0;0;0;0;0;0;0;0;0;0;0;0;0;0;0;0;0;0;0;0;0;0;0;0;0;0;0;0;0;0;0;0;0;0;;;;;;;;;;;;;;;;;;;;;;
01.02.2025;00:55;A 65;1;1;0;1;4;0;0;0;0;0;0;0;100;2;10;0;0;0;0;0;0;0;0;0;0;0;0;0;0;0;0;0;0;0;0;0;0;0;0;0;0;0;0;0;0;0;0;;;;;;;;;;;;;;;;;;;;;;
01.02.2025;00:54;A 65;1;0;0;0;0;0;0;0;0;0;0;0;100;3;14;0;0;0;0;0;0;0;0;0;0;0;0;0;0;0;0;0;0;0;0;0;0;0;0;0;0;0;0;0;0;0;0;;;;;;;;;;;;;;;;;;;;;;
01.02.2025;00:53;A 65;1;0;0;0;0;0;0;0;0;0;0;0;100;1;6;0;0;0;0;0;0;0;0;0;0;0;0;0;0;0;0;0;0;0;0;0;0;0;0;0;0;0;0;0;0;0;0;;;;;;;;;;;;;;;;;;;;;;
01.02.2025;00:52;A 65;1;0;0;0;0;1;24;1;2;3;4;0;100;1;12;0;0;0;0;0;0;0;0;0;0;0;0;0;0;0;0;0;0;0;0;0;0;0;0;0;0;0;0;0;0;0;0;;;;;;;;;;;;;;;;;;;;;;
01.02.2025;00:51;A 65;1;0;0;0;0;0;0;0;0;0;0;0;100;0;0;0;0;0;0;0;0;0;0;0;0;0;0;0;0;0;0;0;0;0;0;0;0;0;0;0;0;0;0;0;0;0;0;;;;;;;;;;;;;;;;;;;;;;
01.02.2025;00:50;A 65;1;3;4;2;15;0;0;0;0;0;0;0;100;2;7;0;0;0;0;0;0;0;0;0;0;0;0;0;0;0;0;0;0;0;0;0;0;0;0;0;0;0;0;0;0;0;0;;;;;;;;;;;;;;;;;;;;;;
01.02.2025;00:49;A 65;1;0;0;0;0;1;3;1;36;1;1;0;100;0;0;0;0;0;0;0;0;0;0;0;0;0;0;0;0;0;0;0;0;0;0;0;0;0;0;0;0;0;0;0;0;0;0;;;;;;;;;;;;;;;;;;;;;;
01.02.2025;00:48;A 65;1;0;0;0;0;1;30;1;32;1;3;0;100;1;4;0;0;0;0;0;0;0;0;0;0;0;0;0;0;0;0;0;0;0;0;0;0;0;0;0;0;0;0;0;0;0;0;;;;;;;;;;;;;;;;;;;;;;
01.02.2025;00:47;A 65;1;0;0;0;0;0;0;1;5;2;4;0;100;0;0;0;0;0;0;0;0;0;0;0;0;0;0;0;0;0;0;0;0;0;0;0;0;0;0;0;0;0;0;0;0;0;0;;;;;;;;;;;;;;;;;;;;;;
01.02.2025;00:46;A 65;1;0;0;0;0;0;0;0;0;0;0;0;100;0;0;0;0;0;0;0;0;0;0;0;0;0;0;0;0;0;0;0;0;0;0;0;0;0;0;0;0;0;0;0;0;0;0;;;;;;;;;;;;;;;;;;;;;;
01.02.2025;00:45;A 65;1;0;0;0;0;0;0;0;0;0;0;0;100;1;6;0;0;0;0;0;0;0;0;0;0;0;0;0;0;0;0;0;0;0;0;0;0;0;0;0;0;0;0;0;0;0;0;;;;;;;;;;;;;;;;;;;;;;
01.02.2025;00:44;A 65;1;0;0;0;0;0;0;0;0;0;0;0;100;2;9;0;0;0;0;0;0;0;0;0;0;0;0;0;0;0;0;0;0;0;0;0;0;0;0;0;0;0;0;0;0;0;0;;;;;;;;;;;;;;;;;;;;;;
01.02.2025;00:43;A 65;1;1;0;0;3;0;0;0;0;0;0;0;100;1;8;0;0;0;0;0;0;0;0;0;0;0;0;0;0;0;0;0;0;0;0;0;0;0;0;0;0;0;0;0;0;0;0;;;;;;;;;;;;;;;;;;;;;;
01.02.2025;00:42;A 65;1;1;1;2;8;0;0;0;0;0;0;0;100;1;7;0;0;0;0;0;0;0;0;0;0;0;0;0;0;0;0;0;0;0;0;0;0;0;0;0;0;0;0;0;0;0;0;;;;;;;;;;;;;;;;;;;;;;
01.02.2025;00:41;A 65;1;0;0;0;0;0;0;0;0;0;0;0;100;2;10;0;0;0;0;0;0;0;0;0;0;0;0;0;0;0;0;0;0;0;0;0;0;0;0;0;0;0;0;0;0;0;0;;;;;;;;;;;;;;;;;;;;;;
01.02.2025;00:40;A 65;1;0;0;0;0;0;0;0;0;0;0;0;100;1;4;0;0;0;0;0;0;0;0;0;0;0;0;0;0;0;0;0;0;0;0;0;0;0;0;0;0;0;0;0;0;0;0;;;;;;;;;;;;;;;;;;;;;;
01.02.2025;00:39;A 65;1;0;0;0;0;0;0;0;0;0;0;0;100;2;14;0;0;0;0;0;0;0;0;0;0;0;0;0;0;0;0;0;0;0;0;0;0;0;0;0;0;0;0;0;0;0;0;;;;;;;;;;;;;;;;;;;;;;
01.02.2025;00:38;A 65;1;1;0;1;4;0;0;0;0;0;0;0;100;0;0;0;0;0;0;0;0;0;0;0;0;0;0;0;0;0;0;0;0;0;0;0;0;0;0;0;0;0;0;0;0;0;0;;;;;;;;;;;;;;;;;;;;;;
01.02.2025;00:37;A 65;1;0;0;1;7;0;0;0;0;0;0;0;100;1;4;0;0;0;0;0;0;0;0;0;0;0;0;0;0;0;0;0;0;0;0;0;0;0;0;0;0;0;0;0;0;0;0;;;;;;;;;;;;;;;;;;;;;;
01.02.2025;00:36;A 65;1;0;0;0;0;0;0;0;0;0;0;0;100;1;5;0;0;0;0;0;0;0;0;0;0;0;0;0;0;0;0;0;0;0;0;0;0;0;0;0;0;0;0;0;0;0;0;;;;;;;;;;;;;;;;;;;;;;
01.02.2025;00:35;A 65;1;0;0;1;4;0;0;0;0;0;0;0;100;0;0;0;0;0;0;0;0;0;0;0;0;0;0;0;0;0;0;0;0;0;0;0;0;0;0;0;0;0;0;0;0;0;0;;;;;;;;;;;;;;;;;;;;;;
01.02.2025;00:34;A 65;1;1;0;1;5;0;0;0;0;0;0;0;100;1;6;0;0;0;0;0;0;0;0;0;0;0;0;0;0;0;0;0;0;0;0;0;0;0;0;0;0;0;0;0;0;0;0;;;;;;;;;;;;;;;;;;;;;;
01.02.2025;00:33;A 65;1;0;0;0;0;0;0;0;0;0;0;0;100;0;0;0;0;0;0;0;0;0;0;0;0;0;0;0;0;0;0;0;0;0;0;0;0;0;0;0;0;0;0;0;0;0;0;;;;;;;;;;;;;;;;;;;;;;
01.02.2025;00:32;A 65;1;0;0;0;0;0;0;0;0;0;0;0;100;3;10;0;0;0;0;0;0;0;0;0;0;0;0;0;0;0;0;0;0;0;0;0;0;0;0;0;0;0;0;0;0;0;0;;;;;;;;;;;;;;;;;;;;;;
01.02.2025;00:31;A 65;1;4;53;2;22;0;0;0;0;0;0;0;100;0;0;0;0;0;0;0;0;0;0;0;0;0;0;0;0;0;0;0;0;0;0;0;0;0;0;0;0;0;0;0;0;0;0;;;;;;;;;;;;;;;;;;;;;;
01.02.2025;00:30;A 65;1;1;7;1;15;0;0;0;0;0;0;0;100;3;69;0;0;1;1;1;3;0;0;0;0;0;0;0;0;0;0;0;0;0;0;0;0;0;0;0;0;0;0;0;0;0;0;;;;;;;;;;;;;;;;;;;;;;
01.02.2025;00:29;A 65;1;0;14;0;0;0;0;0;0;0;0;0;100;1;4;0;0;0;0;0;0;0;0;0;0;0;0;0;0;0;0;0;0;0;0;0;0;0;0;0;0;0;0;0;0;0;0;;;;;;;;;;;;;;;;;;;;;;
01.02.2025;00:28;A 65;1;1;9;1;6;1;2;1;29;2;5;0;100;2;9;0;0;0;0;0;0;0;0;0;0;0;0;0;0;0;0;0;0;0;0;0;0;0;0;0;0;0;0;0;0;0;0;;;;;;;;;;;;;;;;;;;;;;
01.02.2025;00:27;A 65;1;0;0;0;0;0;0;0;0;0;0;0;100;0;0;0;0;0;0;0;0;0;0;0;0;0;0;0;0;0;0;0;0;0;0;0;0;0;0;0;0;0;0;0;0;0;0;;;;;;;;;;;;;;;;;;;;;;
01.02.2025;00:26;A 65;1;0;0;0;0;0;0;0;0;0;0;0;100;2;12;0;0;0;0;0;0;0;0;0;0;0;0;0;0;0;0;0;0;0;0;0;0;0;0;0;0;0;0;0;0;0;0;;;;;;;;;;;;;;;;;;;;;;
01.02.2025;00:25;A 65;1;0;0;0;0;0;0;0;0;0;0;0;100;0;0;0;0;0;0;0;0;0;0;0;0;0;0;0;0;0;0;0;0;0;0;0;0;0;0;0;0;0;0;0;0;0;0;;;;;;;;;;;;;;;;;;;;;;
01.02.2025;00:24;A 65;1;0;0;0;0;0;0;0;0;0;0;0;100;0;0;0;0;0;0;0;0;0;0;0;0;0;0;0;0;0;0;0;0;0;0;0;0;0;0;0;0;0;0;0;0;0;0;;;;;;;;;;;;;;;;;;;;;;
01.02.2025;00:23;A 65;1;0;0;0;0;1;32;1;32;1;2;0;100;2;13;0;0;0;0;0;0;0;0;0;0;0;0;0;0;0;0;0;0;0;0;0;0;0;0;0;0;0;0;0;0;0;0;;;;;;;;;;;;;;;;;;;;;;
01.02.2025;00:22;A 65;1;1;0;1;5;0;0;0;0;0;0;0;100;0;0;0;0;0;0;0;0;0;0;0;0;0;0;0;0;0;0;0;0;0;0;0;0;0;0;0;0;0;0;0;0;0;0;;;;;;;;;;;;;;;;;;;;;;
01.02.2025;00:21;A 65;1;1;0;1;5;0;0;0;0;0;0;0;100;1;3;0;0;0;0;0;0;0;0;0;0;0;0;0;0;0;0;0;0;0;0;0;0;0;0;0;0;0;0;0;0;0;0;;;;;;;;;;;;;;;;;;;;;;
01.02.2025;00:20;A 65;1;3;5;2;14;0;0;0;0;0;0;0;100;3;16;0;0;0;0;0;0;0;0;0;0;0;0;0;0;0;0;0;0;0;0;0;0;0;0;0;0;0;0;0;0;0;0;;;;;;;;;;;;;;;;;;;;;;
01.02.2025;00:19;A 65;1;0;33;3;22;0;0;0;0;0;0;0;100;1;5;0;1;0;0;0;0;0;0;0;0;0;0;0;0;0;0;0;0;0;0;0;0;0;0;0;0;0;0;0;0;0;0;;;;;;;;;;;;;;;;;;;;;;
01.02.2025;00:18;A 65;1;2;15;2;11;0;0;0;0;0;0;0;100;0;0;1;33;1;33;3;4;0;0;0;0;0;0;0;0;0;0;0;0;0;0;0;0;0;0;0;0;0;0;0;0;0;0;;;;;;;;;;;;;;;;;;;;;;
01.02.2025;00:17;A 65;1;0;0;0;0;0;0;0;0;0;0;0;100;0;0;0;0;0;0;0;0;0;0;0;0;0;0;0;0;0;0;0;0;0;0;0;0;0;0;0;0;0;0;0;0;0;0;;;;;;;;;;;;;;;;;;;;;;
01.02.2025;00:16;A 65;1;0;0;0;0;0;0;0;0;0;0;0;100;2;8;0;0;0;0;0;0;0;0;0;0;0;0;0;0;0;0;0;0;0;0;0;0;0;0;0;0;0;0;0;0;0;0;;;;;;;;;;;;;;;;;;;;;;
01.02.2025;00:15;A 65;1;0;0;0;0;0;0;0;0;0;0;0;100;2;14;0;1;0;0;0;0;0;0;0;0;0;0;0;0;0;0;0;0;0;0;0;0;0;0;0;0;0;0;0;0;0;0;;;;;;;;;;;;;;;;;;;;;;
01.02.2025;00:14;A 65;1;0;0;0;0;0;0;0;0;0;0;0;100;0;0;1;31;1;32;1;3;0;0;0;0;0;0;0;0;0;0;0;0;0;0;0;0;0;0;0;0;0;0;0;0;0;0;;;;;;;;;;;;;;;;;;;;;;
01.02.2025;00:13;A 65;1;1;0;0;0;0;0;0;0;0;0;0;100;0;0;0;0;0;0;0;0;0;0;0;0;0;0;0;0;0;0;0;0;0;0;0;0;0;0;0;0;0;0;0;0;0;0;;;;;;;;;;;;;;;;;;;;;;
01.02.2025;00:12;A 65;1;0;0;0;0;1;31;1;31;1;4;0;100;0;0;0;0;0;0;0;0;0;0;0;0;0;0;0;0;0;0;0;0;0;0;0;0;0;0;0;0;0;0;0;0;0;0;;;;;;;;;;;;;;;;;;;;;;
01.02.2025;00:11;A 65;1;0;0;0;0;0;0;0;0;0;0;0;100;3;9;0;0;0;0;0;0;0;0;0;0;0;0;0;0;0;0;0;0;0;0;0;0;0;0;0;0;0;0;0;0;0;0;;;;;;;;;;;;;;;;;;;;;;
01.02.2025;00:10;A 65;1;0;20;0;0;0;0;0;0;0;0;0;100;1;6;0;0;0;0;0;0;0;0;0;0;0;0;0;0;0;0;0;0;0;0;0;0;0;0;0;0;0;0;0;0;0;0;;;;;;;;;;;;;;;;;;;;;;
01.02.2025;00:09;A 65;1;1;25;1;7;1;33;1;32;2;2;0;100;0;0;0;0;0;0;0;0;0;0;0;0;0;0;0;0;0;0;0;0;0;0;0;0;0;0;0;0;0;0;0;0;0;0;;;;;;;;;;;;;;;;;;;;;;
01.02.2025;00:08;A 65;1;0;0;0;0;1;2;0;23;0;0;0;100;1;4;0;0;0;0;0;0;0;0;0;0;0;0;0;0;0;0;0;0;0;0;0;0;0;0;0;0;0;0;0;0;0;0;;;;;;;;;;;;;;;;;;;;;;
01.02.2025;00:07;A 65;1;1;0;1;4;0;0;1;4;1;7;0;100;2;6;0;0;0;0;0;0;0;0;0;0;0;0;0;0;0;0;0;0;0;0;0;0;0;0;0;0;0;0;0;0;0;0;;;;;;;;;;;;;;;;;;;;;;
01.02.2025;00:06;A 65;1;0;0;0;0;0;0;0;0;0;0;0;100;1;13;0;0;0;0;0;0;0;0;0;0;0;0;0;0;0;0;0;0;0;0;0;0;0;0;0;0;0;0;0;0;0;0;;;;;;;;;;;;;;;;;;;;;;
01.02.2025;00:05;A 65;1;0;0;0;0;0;0;0;0;0;0;0;100;2;8;2;0;1;0;0;0;0;0;0;0;0;0;0;0;0;0;0;0;0;0;0;0;0;0;0;0;0;0;0;0;0;0;;;;;;;;;;;;;;;;;;;;;;
01.02.2025;00:04;A 65;1;0;0;0;0;1;1;1;1;1;2;0;100;1;14;0;0;0;0;0;0;0;0;0;0;0;0;0;0;0;0;0;0;0;0;0;0;0;0;0;0;0;0;0;0;0;0;;;;;;;;;;;;;;;;;;;;;;
01.02.2025;00:03;A 65;1;0;0;0;0;0;0;0;0;0;0;0;100;0;0;0;0;0;0;0;0;0;0;0;0;0;0;0;0;0;0;0;0;0;0;0;0;0;0;0;0;0;0;0;0;0;0;;;;;;;;;;;;;;;;;;;;;;
01.02.2025;00:02;A 65;1;3;15;2;30;0;0;0;0;0;0;0;100;2;16;0;0;1;0;1;4;0;0;0;0;0;0;0;0;0;0;0;0;0;0;0;0;0;0;0;0;0;0;0;0;0;0;;;;;;;;;;;;;;;;;;;;;;
01.02.2025;00:01;A 65;1;0;0;0;0;0;0;0;0;0;0;0;100;1;4;0;0;0;0;0;0;0;0;0;0;0;0;0;0;0;0;0;0;0;0;0;0;0;0;0;0;0;0;0;0;0;0;;;;;;;;;;;;;;;;;;;;;;
01.02.2025;00:00;A 65;1;1;28;1;6;0;56;0;55;0;0;0;100;1;29;0;0;0;0;0;0;0;0;0;0;0;0;0;0;0;0;0;0;0;0;0;0;0;0;0;0;0;0;0;0;0;0;;;;;;;;;;;;;;;;;;;;;;
31.01.2025;23:59;A 65;1;2;1;2;6;1;37;1;39;2;5;0;100;1;36;0;0;0;0;0;0;0;0;0;0;0;0;0;0;0;0;0;0;0;0;0;0;0;0;0;0;0;0;0;0;0;0;;;;;;;;;;;;;;;;;;;;;;
31.01.2025;23:58;A 65;1;1;0;1;3;1;29;1;29;1;6;0;100;1;8;0;0;0;0;0;0;0;0;0;0;0;0;0;0;0;0;0;0;0;0;0;0;0;0;0;0;0;0;0;0;0;0;;;;;;;;;;;;;;;;;;;;;;
31.01.2025;23:57;A 65;1;3;2;2;9;0;0;0;0;0;0;0;100;0;0;0;0;0;0;0;0;0;0;0;0;0;0;0;0;0;0;0;0;0;0;0;0;0;0;0;0;0;0;0;0;0;0;;;;;;;;;;;;;;;;;;;;;;
31.01.2025;23:56;A 65;1;0;0;0;0;0;0;0;0;0;0;0;100;0;0;0;0;0;0;0;0;0;0;0;0;0;0;0;0;0;0;0;0;0;0;0;0;0;0;0;0;0;0;0;0;0;0;;;;;;;;;;;;;;;;;;;;;;
31.01.2025;23:55;A 65;1;2;3;1;9;0;0;0;0;0;0;0;100;0;0;1;29;1;29;2;6;0;0;0;0;0;0;0;0;0;0;0;0;0;0;0;0;0;0;0;0;0;0;0;0;0;0;;;;;;;;;;;;;;;;;;;;;;
31.01.2025;23:54;A 65;1;0;0;0;0;0;0;0;0;0;0;0;100;1;4;0;0;0;0;0;0;0;0;0;0;0;0;0;0;0;0;0;0;0;0;0;0;0;0;0;0;0;0;0;0;0;0;;;;;;;;;;;;;;;;;;;;;;
31.01.2025;23:53;A 65;1;4;3;2;27;0;0;0;0;0;0;0;100;1;9;0;0;0;0;0;0;0;0;0;0;0;0;0;0;0;0;0;0;0;0;0;0;0;0;0;0;0;0;0;0;0;0;;;;;;;;;;;;;;;;;;;;;;
31.01.2025;23:52;A 65;1;0;0;0;0;0;0;0;0;0;0;0;100;1;5;0;0;0;0;0;0;0;0;0;0;0;0;0;0;0;0;0;0;0;0;0;0;0;0;0;0;0;0;0;0;0;0;;;;;;;;;;;;;;;;;;;;;;
31.01.2025;23:51;A 65;1;1;0;1;5;0;0;0;0;0;0;0;100;1;6;0;0;0;0;0;0;0;0;0;0;0;0;0;0;0;0;0;0;0;0;0;0;0;0;0;0;0;0;0;0;0;0;;;;;;;;;;;;;;;;;;;;;;
31.01.2025;23:50;A 65;1;0;0;0;0;0;0;0;0;0;0;0;100;0;0;0;0;0;0;0;0;0;0;0;0;0;0;0;0;0;0;0;0;0;0;0;0;0;0;0;0;0;0;0;0;0;0;;;;;;;;;;;;;;;;;;;;;;
31.01.2025;23:49;A 65;1;1;0;1;5;0;0;0;0;0;0;0;100;2;10;0;0;0;0;0;0;0;0;0;0;0;0;0;0;0;0;0;0;0;0;0;0;0;0;0;0;0;0;0;0;0;0;;;;;;;;;;;;;;;;;;;;;;
31.01.2025;23:48;A 65;1;2;2;1;8;0;0;0;0;0;0;0;100;1;4;0;0;0;0;0;0;0;0;0;0;0;0;0;0;0;0;0;0;0;0;0;0;0;0;0;0;0;0;0;0;0;0;;;;;;;;;;;;;;;;;;;;;;
31.01.2025;23:47;A 65;1;1;0;2;7;0;0;0;0;0;0;0;100;1;6;0;0;0;0;0;0;0;0;0;0;0;0;0;0;0;0;0;0;0;0;0;0;0;0;0;0;0;0;0;0;0;0;;;;;;;;;;;;;;;;;;;;;;
31.01.2025;23:46;A 65;1;0;0;0;0;0;0;0;0;0;0;0;100;1;4;0;0;0;0;0;0;0;0;0;0;0;0;0;0;0;0;0;0;0;0;0;0;0;0;0;0;0;0;0;0;0;0;;;;;;;;;;;;;;;;;;;;;;
31.01.2025;23:45;A 65;1;0;0;0;0;1;33;1;34;1;3;0;100;0;0;0;0;0;0;0;0;0;0;0;0;0;0;0;0;0;0;0;0;0;0;0;0;0;0;0;0;0;0;0;0;0;0;;;;;;;;;;;;;;;;;;;;;;
31.01.2025;23:44;A 65;1;1;0;1;4;0;0;0;0;0;0;0;100;1;3;0;0;0;0;2;1;0;0;0;0;0;0;0;0;0;0;0;0;0;0;0;0;0;0;0;0;0;0;0;0;0;0;;;;;;;;;;;;;;;;;;;;;;
31.01.2025;23:43;A 65;1;0;0;0;0;0;0;0;0;0;0;0;100;1;5;0;0;0;0;0;0;0;0;0;0;0;0;0;0;0;0;0;0;0;0;0;0;0;0;0;0;0;0;0;0;0;0;;;;;;;;;;;;;;;;;;;;;;
31.01.2025;23:42;A 65;1;1;0;0;0;0;0;0;0;0;0;0;100;2;8;0;0;0;0;0;0;0;0;0;0;0;0;0;0;0;0;0;0;0;0;0;0;0;0;0;0;0;0;0;0;0;0;;;;;;;;;;;;;;;;;;;;;;
31.01.2025;23:41;A 65;1;1;0;1;4;0;0;0;0;0;0;0;100;0;2;0;0;0;0;0;0;0;0;0;0;0;0;0;0;0;0;0;0;0;0;0;0;0;0;0;0;0;0;0;0;0;0;;;;;;;;;;;;;;;;;;;;;;
31.01.2025;23:40;A 65;1;1;0;1;4;0;0;0;0;0;0;0;100;2;10;2;1;1;2;1;2;0;0;0;0;0;0;0;0;0;0;0;0;0;0;0;0;0;0;0;0;0;0;0;0;0;0;;;;;;;;;;;;;;;;;;;;;;
31.01.2025;23:39;A 65;1;0;0;0;0;0;0;0;0;0;0;0;100;0;0;0;0;0;0;0;0;0;0;0;0;0;0;0;0;0;0;0;0;0;0;0;0;0;0;0;0;0;0;0;0;0;0;;;;;;;;;;;;;;;;;;;;;;
31.01.2025;23:38;A 65;1;1;1;0;0;0;0;0;0;0;0;0;100;0;0;0;0;0;0;0;0;0;0;0;0;0;0;0;0;0;0;0;0;0;0;0;0;0;0;0;0;0;0;0;0;0;0;;;;;;;;;;;;;;;;;;;;;;
31.01.2025;23:37;A 65;1;0;0;1;6;2;4;2;5;2;38;0;100;2;11;0;0;0;0;0;0;0;0;0;0;0;0;0;0;0;0;0;0;0;0;0;0;0;0;0;0;0;0;0;0;0;0;;;;;;;;;;;;;;;;;;;;;;
31.01.2025;23:36;A 65;1;2;1;1;11;0;0;0;0;0;0;0;100;0;0;0;0;0;0;0;0;0;0;0;0;0;0;0;0;0;0;0;0;0;0;0;0;0;0;0;0;0;0;0;0;0;0;;;;;;;;;;;;;;;;;;;;;;
31.01.2025;23:35;A 65;1;0;0;0;0;0;0;0;0;0;0;0;100;0;0;0;0;0;0;0;0;0;0;0;0;0;0;0;0;0;0;0;0;0;0;0;0;0;0;0;0;0;0;0;0;0;0;;;;;;;;;;;;;;;;;;;;;;
31.01.2025;23:34;A 65;1;1;1;1;4;0;0;0;0;0;0;0;100;1;12;0;0;0;0;0;0;0;0;0;0;0;0;0;0;0;0;0;0;0;0;0;0;0;0;0;0;0;0;0;0;0;0;;;;;;;;;;;;;;;;;;;;;;
31.01.2025;23:33;A 65;1;0;0;0;0;0;0;0;0;0;0;0;100;1;2;0;0;0;0;0;0;0;0;0;0;0;0;0;0;0;0;0;0;0;0;0;0;0;0;0;0;0;0;0;0;0;0;;;;;;;;;;;;;;;;;;;;;;
31.01.2025;23:32;A 65;1;1;1;1;4;0;0;0;0;0;0;0;100;2;15;1;0;0;0;0;0;0;0;0;0;0;0;0;0;0;0;0;0;0;0;0;0;0;0;0;0;0;0;0;0;0;0;;;;;;;;;;;;;;;;;;;;;;
31.01.2025;23:31;A 65;1;2;11;1;15;0;0;0;0;0;0;0;100;2;48;0;0;0;0;0;0;0;0;0;0;0;0;0;0;0;0;0;0;0;0;0;0;0;0;0;0;0;0;0;0;0;0;;;;;;;;;;;;;;;;;;;;;;
31.01.2025;23:30;A 65;1;1;1;1;9;0;20;0;19;0;0;0;100;1;16;1;0;1;0;1;1;0;0;0;0;0;0;0;0;0;0;0;0;0;0;0;0;0;0;0;0;0;0;0;0;0;0;;;;;;;;;;;;;;;;;;;;;;
31.01.2025;23:29;A 65;1;0;0;0;0;1;6;1;7;1;6;0;100;1;9;0;0;0;0;0;0;0;0;0;0;0;0;0;0;0;0;0;0;0;0;0;0;0;0;0;0;0;0;0;0;0;0;;;;;;;;;;;;;;;;;;;;;;
31.01.2025;23:28;A 65;1;2;2;1;4;0;0;0;0;0;0;0;100;1;3;0;0;0;0;0;0;0;0;0;0;0;0;0;0;0;0;0;0;0;0;0;0;0;0;0;0;0;0;0;0;0;0;;;;;;;;;;;;;;;;;;;;;;
31.01.2025;23:27;A 65;1;1;0;1;4;0;0;0;0;0;0;0;100;1;7;0;0;0;0;0;0;0;0;0;0;0;0;0;0;0;0;0;0;0;0;0;0;0;0;1;0;0;0;0;0;0;0;;;;;;;;;;;;;;;;;;;;;;
31.01.2025;23:26;A 65;1;0;0;0;0;1;30;1;31;0;0;0;100;1;2;0;0;0;0;0;0;0;0;0;0;0;0;0;0;0;0;0;0;0;0;0;0;0;0;0;0;0;0;1;0;0;0;;;;;;;;;;;;;;;;;;;;;;
31.01.2025;23:25;A 65;1;1;0;1;5;0;0;0;0;2;3;0;100;4;14;0;0;0;0;0;0;0;0;0;0;0;0;0;0;0;0;0;0;0;0;0;0;0;0;0;0;0;0;0;0;0;0;;;;;;;;;;;;;;;;;;;;;;
31.01.2025;23:24;A 65;1;0;0;0;0;0;0;0;0;0;0;0;100;0;0;0;0;0;0;0;0;0;0;0;0;0;0;0;0;0;0;0;0;0;0;0;0;0;0;0;0;0;0;0;0;0;0;;;;;;;;;;;;;;;;;;;;;;
31.01.2025;23:23;A 65;1;0;0;1;2;0;0;0;0;0;0;0;100;2;13;0;0;0;0;0;0;0;0;0;0;1;0;0;0;0;0;0;0;0;0;0;0;1;0;0;0;0;0;0;0;0;0;;;;;;;;;;;;;;;;;;;;;;
31.01.2025;23:22;A 65;1;0;0;1;21;0;0;0;0;0;0;0;100;2;9;0;0;0;0;0;0;0;0;0;0;0;0;0;0;0;0;0;0;0;0;0;0;0;0;0;0;0;0;0;0;0;0;;;;;;;;;;;;;;;;;;;;;;
31.01.2025;23:21;A 65;1;1;0;1;43;0;0;0;0;0;0;0;100;2;8;0;0;0;0;0;0;0;0;0;0;0;0;0;0;0;0;0;0;0;0;0;0;0;0;0;0;0;0;0;0;0;0;;;;;;;;;;;;;;;;;;;;;;
31.01.2025;23:20;A 65;1;2;1;2;10;0;0;0;0;0;0;0;100;2;14;0;0;0;0;0;0;0;0;0;0;0;0;0;0;0;0;0;0;0;0;0;0;0;0;0;0;0;0;0;0;0;0;;;;;;;;;;;;;;;;;;;;;;
31.01.2025;23:19;A 65;1;0;0;0;0;0;0;0;0;0;0;0;100;0;0;0;0;0;0;0;0;0;0;0;0;0;0;0;0;0;0;0;0;0;0;0;0;0;0;0;0;0;0;0;0;0;0;;;;;;;;;;;;;;;;;;;;;;
31.01.2025;23:18;A 65;1;0;0;0;0;0;0;0;0;0;0;0;100;1;4;0;0;0;0;0;0;0;0;0;0;0;0;0;0;0;0;0;0;0;0;0;0;0;0;0;0;0;0;0;0;0;0;;;;;;;;;;;;;;;;;;;;;;
31.01.2025;23:17;A 65;1;2;2;2;10;0;0;0;0;0;0;0;100;0;7;0;0;0;0;0;0;0;0;0;0;0;0;0;0;0;0;0;0;0;0;0;0;0;0;0;0;0;0;0;0;0;0;;;;;;;;;;;;;;;;;;;;;;
31.01.2025;23:16;A 65;1;0;0;0;0;1;20;0;0;2;2;0;100;2;19;0;0;0;0;0;0;0;0;0;0;0;0;0;0;0;0;0;0;0;0;0;0;0;0;0;0;0;0;0;0;0;0;;;;;;;;;;;;;;;;;;;;;;
31.01.2025;23:15;A 65;1;1;0;1;6;0;0;0;0;1;1;0;100;0;0;0;0;0;0;0;0;0;0;0;0;0;0;0;0;0;0;0;0;0;0;0;0;0;0;0;0;0;0;0;0;0;0;;;;;;;;;;;;;;;;;;;;;;
31.01.2025;23:14;A 65;1;0;0;0;0;1;5;1;28;2;5;0;100;0;0;0;0;0;0;0;0;0;0;0;0;0;0;0;0;0;0;0;0;0;0;0;0;0;0;0;0;0;0;0;0;0;0;;;;;;;;;;;;;;;;;;;;;;
31.01.2025;23:13;A 65;1;3;4;2;14;1;3;1;11;3;16;0;100;1;5;0;0;0;0;0;0;0;0;0;0;0;0;0;0;0;0;0;0;0;0;0;0;0;0;0;0;0;0;0;0;0;0;;;;;;;;;;;;;;;;;;;;;;
31.01.2025;23:12;A 65;1;0;0;0;0;1;23;1;26;1;7;0;100;0;0;0;0;0;0;0;0;0;0;0;0;0;0;0;0;0;0;0;0;0;0;0;0;0;0;0;0;0;0;0;0;0;0;;;;;;;;;;;;;;;;;;;;;;
31.01.2025;23:11;A 65;1;1;19;1;6;0;0;0;0;0;0;0;100;0;0;1;30;1;31;2;5;0;0;0;0;0;0;0;0;0;0;0;0;0;0;0;0;0;0;0;0;0;0;0;0;0;0;;;;;;;;;;;;;;;;;;;;;;
31.01.2025;23:10;A 65;1;1;0;1;6;0;0;0;0;0;0;0;100;2;10;0;0;0;0;0;0;0;0;0;0;0;0;0;0;0;0;0;0;0;0;0;0;0;0;0;0;0;0;0;0;0;0;;;;;;;;;;;;;;;;;;;;;;
31.01.2025;23:09;A 65;1;1;0;1;3;1;27;1;29;1;5;0;100;1;4;0;0;0;0;0;0;0;0;0;0;0;0;0;0;0;0;0;0;0;0;0;0;0;0;0;0;0;0;0;0;0;0;;;;;;;;;;;;;;;;;;;;;;
31.01.2025;23:08;A 65;1;2;1;2;11;0;0;0;0;0;0;0;100;1;14;1;11;1;29;3;5;0;0;0;0;0;0;0;0;0;0;0;0;0;0;0;0;0;0;0;0;0;0;0;0;0;0;;;;;;;;;;;;;;;;;;;;;;
31.01.2025;23:07;A 65;1;0;0;0;0;0;0;0;0;0;0;0;100;2;10;0;0;0;0;0;0;0;0;0;0;0;0;0;0;0;0;0;0;0;0;0;0;0;0;0;0;0;0;0;0;0;0;;;;;;;;;;;;;;;;;;;;;;
31.01.2025;23:06;A 65;1;1;0;1;4;0;0;0;0;0;0;0;100;1;5;0;0;0;0;0;0;0;0;0;0;0;0;0;0;0;0;0;0;0;0;0;0;0;0;0;0;0;0;0;0;0;0;;;;;;;;;;;;;;;;;;;;;;
31.01.2025;23:05;A 65;1;1;0;1;5;0;0;0;0;0;0;0;100;0;0;0;0;0;0;0;0;0;0;0;0;0;0;0;0;0;0;0;0;0;0;0;0;0;0;0;0;0;0;0;0;0;0;;;;;;;;;;;;;;;;;;;;;;
31.01.2025;23:04;A 65;1;0;0;0;0;0;0;0;0;0;0;0;100;1;6;0;0;0;0;0;0;0;0;0;0;0;0;0;0;0;0;0;0;0;0;0;0;0;0;0;0;0;0;0;0;0;0;;;;;;;;;;;;;;;;;;;;;;
31.01.2025;23:03;A 65;1;1;3;2;8;0;0;1;0;2;4;0;100;1;5;0;0;0;0;0;0;0;0;0;0;0;0;0;0;0;0;0;0;0;0;0;0;0;0;0;0;0;0;0;0;0;0;;;;;;;;;;;;;;;;;;;;;;
31.01.2025;23:02;A 65;1;0;0;0;0;1;31;1;30;1;31;0;100;2;87;0;0;0;0;0;0;0;0;0;0;0;0;0;0;0;0;0;0;0;0;0;0;0;0;0;0;0;0;0;0;0;0;;;;;;;;;;;;;;;;;;;;;;
31.01.2025;23:01;A 65;1;2;15;1;17;1;76;1;78;3;74;0;100;1;12;0;0;0;0;0;0;0;0;0;0;0;0;0;0;0;0;0;0;0;0;0;0;0;0;0;0;0;0;0;0;0;0;;;;;;;;;;;;;;;;;;;;;;
31.01.2025;23:00;A 65;1;1;1;1;5;0;0;0;0;0;0;0;100;0;0;0;0;0;0;0;0;0;0;0;0;0;0;0;0;0;0;0;0;0;0;0;0;0;0;0;0;0;0;0;0;0;0;;;;;;;;;;;;;;;;;;;;;;
31.01.2025;22:59;A 65;1;1;0;1;5;0;0;0;0;0;0;0;100;1;3;0;0;0;0;0;0;0;0;0;0;0;0;0;0;0;0;0;0;0;0;0;0;0;0;0;0;0;0;0;0;0;0;;;;;;;;;;;;;;;;;;;;;;
31.01.2025;22:58;A 65;1;3;2;3;14;1;2;2;54;4;24;0;100;0;0;0;0;0;0;0;0;0;0;0;0;0;0;0;0;0;0;0;0;0;0;0;0;0;0;0;0;0;0;0;0;0;0;;;;;;;;;;;;;;;;;;;;;;
31.01.2025;22:57;A 65;1;0;0;0;0;0;62;0;61;2;8;0;100;2;10;0;0;0;0;0;0;0;0;0;0;0;0;0;0;0;0;0;0;0;0;0;0;0;0;0;0;0;0;0;0;0;0;;;;;;;;;;;;;;;;;;;;;;
31.01.2025;22:56;A 65;1;1;0;0;0;1;0;1;3;1;2;0;100;0;0;1;56;1;56;2;6;0;0;0;0;0;0;0;0;0;0;0;0;0;0;0;0;0;0;0;0;0;0;0;0;0;0;;;;;;;;;;;;;;;;;;;;;;
31.01.2025;22:55;A 65;1;2;2;2;11;0;0;0;0;0;57;0;100;2;20;0;0;0;0;0;0;0;0;0;0;0;0;0;0;0;0;0;0;0;0;0;0;0;0;0;0;0;0;0;0;0;0;;;;;;;;;;;;;;;;;;;;;;
31.01.2025;22:54;A 65;1;1;0;1;4;0;0;0;0;1;50;0;100;2;21;0;0;0;0;0;0;0;0;0;0;0;0;0;0;0;0;0;0;0;0;0;0;0;0;0;0;0;0;0;0;0;0;;;;;;;;;;;;;;;;;;;;;;
31.01.2025;22:53;A 65;1;2;1;2;12;0;0;0;0;0;0;0;100;2;11;0;0;0;0;0;0;0;0;0;0;0;0;0;0;0;0;0;0;0;0;0;0;0;0;0;0;0;0;0;0;0;0;;;;;;;;;;;;;;;;;;;;;;
31.01.2025;22:52;A 65;1;1;1;1;6;1;31;1;31;1;6;0;100;0;0;0;0;0;0;0;0;0;0;0;0;0;0;0;0;0;0;0;0;0;0;0;0;0;0;0;0;0;0;0;0;0;0;;;;;;;;;;;;;;;;;;;;;;
31.01.2025;22:51;A 65;1;1;0;1;4;0;0;0;0;0;0;0;100;1;5;0;0;0;0;0;0;0;0;0;0;0;0;0;0;0;0;0;0;0;0;0;0;0;0;0;0;0;0;0;0;0;0;;;;;;;;;;;;;;;;;;;;;;
31.01.2025;22:50;A 65;1;4;2;3;14;1;35;1;35;2;5;0;100;1;4;0;0;0;0;0;0;0;0;0;0;0;0;0;0;0;0;0;0;0;0;0;0;0;0;0;0;0;0;0;0;0;0;;;;;;;;;;;;;;;;;;;;;;
31.01.2025;22:49;A 65;1;2;1;2;11;0;0;0;0;0;0;0;100;2;11;0;0;0;0;0;0;0;0;0;0;0;0;0;0;0;0;0;0;0;0;0;0;0;0;0;0;0;0;0;0;0;0;;;;;;;;;;;;;;;;;;;;;;
31.01.2025;22:48;A 65;1;2;51;1;15;1;2;0;20;0;0;0;100;1;5;0;0;0;0;0;0;0;0;0;0;0;0;0;0;0;0;0;0;0;0;0;0;0;0;0;0;0;0;0;0;0;0;;;;;;;;;;;;;;;;;;;;;;
31.01.2025;22:47;A 65;1;3;40;4;25;1;0;1;53;1;5;0;100;2;8;0;0;0;0;0;0;0;0;0;0;0;0;0;0;0;0;0;0;0;0;0;0;0;0;0;0;0;0;0;0;0;0;;;;;;;;;;;;;;;;;;;;;;
31.01.2025;22:46;A 65;1;1;10;1;14;0;0;1;56;1;1;0;100;1;4;0;0;0;0;0;0;0;0;0;0;0;0;0;0;0;0;0;0;0;0;0;0;0;0;0;0;0;0;0;0;0;0;;;;;;;;;;;;;;;;;;;;;;
31.01.2025;22:45;A 65;1;1;1;0;3;0;87;0;86;0;0;0;100;1;56;0;0;0;0;0;0;0;0;0;0;0;0;0;0;0;0;0;0;0;0;0;0;0;0;0;0;0;0;0;0;0;0;;;;;;;;;;;;;;;;;;;;;;
31.01.2025;22:44;A 65;1;1;1;2;4;1;14;1;15;1;1;0;100;1;2;0;0;0;0;0;0;0;0;0;0;0;0;0;0;0;0;0;0;0;0;0;0;0;0;0;0;0;0;0;0;0;0;;;;;;;;;;;;;;;;;;;;;;
31.01.2025;22:43;A 65;1;1;0;1;5;1;28;1;30;1;5;0;100;2;10;0;0;0;0;0;0;0;0;0;0;0;0;0;0;0;0;0;0;0;0;0;0;0;0;0;0;0;0;0;0;0;0;;;;;;;;;;;;;;;;;;;;;;
31.01.2025;22:42;A 65;1;1;0;1;3;0;0;0;0;0;0;0;100;3;21;0;0;0;0;0;0;0;0;0;0;0;0;0;0;0;0;0;0;0;0;0;0;0;0;0;0;0;0;0;0;0;0;;;;;;;;;;;;;;;;;;;;;;
31.01.2025;22:41;A 65;1;2;17;2;13;0;0;0;0;0;0;0;100;3;14;0;0;0;0;0;0;0;0;0;0;0;0;0;0;0;0;0;0;0;0;0;0;0;0;0;0;0;0;0;0;0;0;;;;;;;;;;;;;;;;;;;;;;
31.01.2025;22:40;A 65;1;1;5;1;6;2;8;2;7;1;8;0;100;2;18;0;0;0;0;0;0;0;0;0;0;0;0;0;0;0;0;0;0;0;0;0;0;0;0;0;0;0;0;0;0;0;0;;;;;;;;;;;;;;;;;;;;;;
31.01.2025;22:39;A 65;1;1;42;2;4;2;30;2;31;3;34;0;100;1;3;0;11;0;11;0;0;0;0;0;0;0;0;0;0;0;0;0;0;0;0;0;0;0;0;0;0;0;0;0;0;0;0;;;;;;;;;;;;;;;;;;;;;;
31.01.2025;22:38;A 65;1;2;3;2;14;1;32;1;32;2;5;0;100;1;7;2;58;2;59;2;10;0;0;0;0;0;0;0;0;0;0;0;0;0;0;0;0;0;0;0;0;0;0;0;0;0;0;;;;;;;;;;;;;;;;;;;;;;
31.01.2025;22:37;A 65;1;1;0;1;5;1;8;1;9;1;4;0;100;3;21;1;12;1;13;1;2;0;0;0;0;0;0;0;0;0;0;0;0;0;0;0;0;0;0;0;0;0;0;0;0;0;0;;;;;;;;;;;;;;;;;;;;;;
31.01.2025;22:36;A 65;1;1;12;1;6;2;2;2;35;2;33;0;100;0;0;1;15;1;15;1;2;0;0;0;0;0;0;0;0;0;0;0;0;0;0;0;0;0;0;0;0;0;0;1;0;0;0;;;;;;;;;;;;;;;;;;;;;;
31.01.2025;22:35;A 65;1;1;1;1;6;1;31;1;33;1;4;0;100;1;4;0;0;0;0;0;0;0;0;0;0;0;0;0;0;0;0;0;0;0;0;0;0;0;0;0;0;0;0;0;0;0;0;;;;;;;;;;;;;;;;;;;;;;
31.01.2025;22:34;A 65;1;2;2;2;12;0;0;0;0;0;0;0;100;0;0;0;0;0;0;0;0;0;0;0;0;0;0;0;0;0;0;0;0;0;0;0;0;0;0;0;0;0;0;0;0;0;0;;;;;;;;;;;;;;;;;;;;;;
31.01.2025;22:33;A 65;1;2;18;2;11;1;7;1;6;0;4;0;100;1;6;0;0;0;0;0;0;0;0;0;0;0;0;0;0;0;0;0;0;0;0;0;0;0;0;0;0;0;0;0;0;0;0;;;;;;;;;;;;;;;;;;;;;;
31.01.2025;22:32;A 65;1;3;19;2;28;3;25;3;28;3;15;0;100;1;5;0;0;0;0;0;0;0;0;0;0;0;0;0;0;0;0;0;0;0;0;0;0;0;0;0;0;0;0;0;0;0;0;;;;;;;;;;;;;;;;;;;;;;
31.01.2025;22:31;A 65;1;1;17;2;18;0;0;1;58;4;54;0;100;0;1;0;0;0;0;0;0;0;0;0;0;0;0;0;0;0;0;0;0;0;0;0;0;0;0;0;0;0;0;0;0;0;0;;;;;;;;;;;;;;;;;;;;;;
31.01.2025;22:30;A 65;1;1;43;1;3;1;37;1;37;1;7;0;100;21;92;0;0;0;0;0;0;0;0;0;0;1;0;0;0;0;0;0;0;0;0;0;0;1;0;0;0;0;0;0;0;0;0;;;;;;;;;;;;;;;;;;;;;;
31.01.2025;22:29;A 65;1;2;1;1;11;0;0;0;0;0;0;0;100;2;26;0;0;0;0;0;0;0;0;0;0;0;0;0;0;0;0;0;0;0;0;0;0;0;0;0;0;0;0;0;0;0;0;;;;;;;;;;;;;;;;;;;;;;
31.01.2025;22:28;A 65;1;1;0;1;7;0;0;0;0;0;0;0;100;0;0;0;0;0;0;1;2;0;0;0;0;0;0;0;0;0;0;0;0;0;0;0;0;0;0;0;0;0;0;0;0;0;0;;;;;;;;;;;;;;;;;;;;;;
31.01.2025;22:27;A 65;1;3;3;4;17;0;0;0;0;0;0;0;100;1;4;0;0;0;0;0;0;0;0;0;0;0;0;0;0;0;0;0;0;0;0;0;0;0;0;0;0;0;0;0;0;0;0;;;;;;;;;;;;;;;;;;;;;;
31.01.2025;22:26;A 65;1;1;1;1;4;0;0;0;0;0;0;0;100;0;0;0;0;0;0;0;0;0;0;0;0;0;0;0;0;0;0;0;0;0;0;0;0;0;0;0;0;0;0;0;0;0;0;;;;;;;;;;;;;;;;;;;;;;
31.01.2025;22:25;A 65;1;1;0;1;4;0;0;0;0;0;0;0;100;0;0;0;0;0;0;0;0;0;0;0;0;0;0;0;0;0;0;0;0;0;0;0;0;0;0;0;0;0;0;0;0;0;0;;;;;;;;;;;;;;;;;;;;;;
31.01.2025;22:24;A 65;1;2;28;3;19;1;32;1;33;1;2;0;100;3;17;0;0;0;0;0;0;0;0;0;0;0;0;0;0;0;0;0;0;0;0;0;0;0;0;0;0;0;0;0;0;0;0;;;;;;;;;;;;;;;;;;;;;;
31.01.2025;22:23;A 65;1;1;0;0;0;0;0;0;0;0;0;0;100;1;5;0;0;0;0;0;0;0;0;0;0;0;0;0;0;0;0;0;0;0;0;0;0;0;0;0;0;0;0;0;0;0;0;;;;;;;;;;;;;;;;;;;;;;
31.01.2025;22:22;A 65;1;2;39;1;10;0;0;0;0;0;0;0;100;2;9;0;10;0;10;0;0;0;0;0;0;0;0;0;0;0;0;0;0;0;0;0;0;0;0;0;0;0;0;0;0;0;0;;;;;;;;;;;;;;;;;;;;;;
31.01.2025;22:21;A 65;1;2;2;3;20;0;0;0;0;0;0;0;100;0;0;1;31;1;33;1;6;0;0;0;0;0;0;0;0;0;0;0;0;0;0;0;0;0;0;0;0;0;0;0;0;0;0;;;;;;;;;;;;;;;;;;;;;;
31.01.2025;22:20;A 65;1;3;3;2;14;0;0;0;0;0;0;0;100;0;0;0;0;0;0;0;0;0;0;0;0;0;0;0;0;0;0;0;0;0;0;0;0;0;0;0;0;0;0;0;0;0;0;;;;;;;;;;;;;;;;;;;;;;
31.01.2025;22:19;A 65;1;1;0;1;5;0;0;0;0;0;0;0;100;1;6;0;0;0;0;0;0;0;0;0;0;0;0;0;0;0;0;0;0;0;0;0;0;0;0;0;0;0;0;0;0;0;0;;;;;;;;;;;;;;;;;;;;;;
31.01.2025;22:18;A 65;1;1;20;1;8;1;27;1;26;0;27;0;100;1;15;0;0;0;0;0;0;0;0;0;0;0;0;0;0;0;0;0;0;0;0;0;0;0;0;0;0;0;0;0;0;0;0;;;;;;;;;;;;;;;;;;;;;;
31.01.2025;22:17;A 65;1;3;12;1;24;1;32;1;35;2;53;0;100;0;0;0;0;0;0;0;0;0;0;0;0;0;0;0;0;0;0;0;0;0;0;0;0;0;0;0;0;0;0;0;0;0;0;;;;;;;;;;;;;;;;;;;;;;
31.01.2025;22:16;A 65;1;1;0;1;4;0;0;0;0;0;0;0;100;1;7;0;0;0;0;0;0;0;0;0;0;0;0;0;0;0;0;0;0;0;0;0;0;0;0;0;0;0;0;0;0;0;0;;;;;;;;;;;;;;;;;;;;;;
31.01.2025;22:15;A 65;1;1;0;1;6;0;0;0;0;0;0;0;100;2;6;0;0;0;0;0;0;0;0;0;0;0;0;0;0;0;0;0;0;0;0;0;0;0;0;0;0;0;0;0;0;0;0;;;;;;;;;;;;;;;;;;;;;;
31.01.2025;22:14;A 65;1;1;1;1;7;0;0;0;0;0;0;0;100;4;56;0;0;0;0;0;0;0;0;0;0;0;0;0;0;0;0;0;0;0;0;0;0;0;0;0;0;0;0;0;0;0;0;;;;;;;;;;;;;;;;;;;;;;
31.01.2025;22:13;A 65;1;0;12;0;0;1;3;1;28;2;10;0;100;2;45;0;0;0;0;0;0;0;0;0;0;0;0;0;0;0;0;0;0;0;0;0;0;0;0;0;0;0;0;0;0;0;0;;;;;;;;;;;;;;;;;;;;;;
31.01.2025;22:12;A 65;1;2;33;2;22;0;0;0;0;0;0;0;100;0;0;0;0;0;0;0;0;0;0;0;0;1;0;0;0;1;0;0;0;0;0;0;0;1;0;0;0;0;0;0;0;0;0;;;;;;;;;;;;;;;;;;;;;;
31.01.2025;22:11;A 65;1;4;3;2;16;0;0;0;0;0;0;0;100;2;10;0;0;0;0;0;0;0;0;0;0;0;0;0;0;0;0;0;0;0;0;0;0;0;0;0;0;0;0;0;0;0;0;;;;;;;;;;;;;;;;;;;;;;
31.01.2025;22:10;A 65;1;0;0;0;0;1;3;1;11;1;4;0;100;0;0;0;0;0;0;0;0;0;0;0;0;0;0;0;0;0;0;0;0;0;0;0;0;0;0;0;0;0;0;0;0;0;0;;;;;;;;;;;;;;;;;;;;;;
31.01.2025;22:09;A 65;1;2;16;2;26;0;0;0;0;1;28;0;100;0;0;1;1;1;1;2;2;0;0;0;0;0;0;0;0;0;0;0;0;0;0;0;0;0;0;0;0;0;0;1;0;0;0;;;;;;;;;;;;;;;;;;;;;;
31.01.2025;22:08;A 65;1;0;0;0;0;0;0;0;0;0;0;0;100;1;9;0;0;0;0;0;0;0;0;0;0;0;0;0;0;0;0;1;0;0;0;0;0;0;0;0;0;0;0;0;0;0;0;;;;;;;;;;;;;;;;;;;;;;
31.01.2025;22:07;A 65;1;4;4;2;15;0;0;0;0;1;1;0;100;1;6;0;0;0;0;0;0;0;0;0;0;0;0;0;0;0;0;3;0;0;0;0;0;0;0;0;0;0;0;0;0;0;0;;;;;;;;;;;;;;;;;;;;;;
31.01.2025;22:06;A 65;1;1;0;2;11;0;0;0;0;0;0;0;100;1;5;0;0;0;0;0;0;0;0;0;0;0;0;0;0;0;0;0;0;0;0;0;0;0;0;0;0;0;0;0;0;0;0;;;;;;;;;;;;;;;;;;;;;;
31.01.2025;22:05;A 65;1;3;2;1;13;1;3;0;59;0;0;0;100;1;5;0;0;0;0;0;0;0;0;0;0;0;0;0;0;0;0;0;0;0;0;0;0;0;0;0;0;0;0;0;0;0;0;;;;;;;;;;;;;;;;;;;;;;
31.01.2025;22:04;A 65;1;1;0;2;5;0;0;2;30;2;7;0;100;0;0;0;0;0;0;0;0;0;0;0;0;0;0;0;0;0;0;0;0;0;0;0;0;0;0;0;0;0;0;0;0;0;0;;;;;;;;;;;;;;;;;;;;;;
31.01.2025;22:03;A 65;1;2;24;2;9;1;25;1;24;1;11;0;100;0;0;0;0;0;0;0;0;0;0;0;0;0;0;0;0;0;0;0;0;0;0;0;0;0;0;0;0;0;0;0;0;0;0;;;;;;;;;;;;;;;;;;;;;;
31.01.2025;22:02;A 65;1;0;4;0;1;1;16;1;17;2;4;0;100;2;14;0;0;0;0;0;0;0;0;0;0;0;0;0;0;0;0;0;0;0;0;0;0;0;0;0;0;0;0;0;0;0;0;;;;;;;;;;;;;;;;;;;;;;
31.01.2025;22:01;A 65;1;2;14;2;20;0;0;0;0;0;0;0;100;1;3;1;0;1;2;0;0;0;0;0;0;0;0;0;0;0;0;0;0;0;0;0;0;0;0;0;0;0;0;0;0;0;0;;;;;;;;;;;;;;;;;;;;;;
31.01.2025;22:00;A 65;1;1;1;2;6;1;27;1;28;1;8;0;100;2;12;1;5;1;5;1;1;0;0;0;0;0;0;0;0;0;0;0;0;0;0;0;0;0;0;0;0;0;0;0;0;0;0;;;;;;;;;;;;;;;;;;;;;;
31.01.2025;21:59;A 65;1;1;1;1;4;0;0;0;0;0;0;0;100;2;7;0;0;0;0;0;0;0;0;0;0;0;0;0;0;0;0;0;0;0;0;0;0;0;0;0;0;0;0;0;0;0;0;;;;;;;;;;;;;;;;;;;;;;
31.01.2025;21:58;A 65;1;1;0;1;7;0;0;0;0;0;0;0;100;1;2;0;0;0;0;0;0;0;0;0;0;0;0;0;0;0;0;0;0;0;0;0;0;0;0;0;0;0;0;0;0;0;0;;;;;;;;;;;;;;;;;;;;;;
31.01.2025;21:57;A 65;1;0;0;0;0;0;0;0;0;0;0;0;100;0;0;0;0;0;0;0;0;0;0;0;0;0;0;0;0;0;0;0;0;0;0;0;0;0;0;0;0;0;0;0;0;0;0;;;;;;;;;;;;;;;;;;;;;;
31.01.2025;21:56;A 65;1;0;0;0;0;0;0;0;0;0;0;0;100;0;0;0;0;0;0;0;0;0;0;0;0;0;0;0;0;0;0;0;0;0;0;0;0;0;0;0;0;0;0;0;0;0;0;;;;;;;;;;;;;;;;;;;;;;
31.01.2025;21:55;A 65;1;2;29;2;14;1;0;1;31;2;5;0;100;1;10;0;0;0;0;0;0;0;0;0;0;0;0;0;0;0;0;0;0;0;0;0;0;0;0;0;0;0;0;0;0;0;0;;;;;;;;;;;;;;;;;;;;;;
31.01.2025;21:54;A 65;1;1;49;3;16;0;44;0;43;0;0;0;100;1;5;0;0;0;0;0;0;0;0;0;0;0;0;0;0;0;0;0;0;0;0;0;0;0;0;0;0;0;0;0;0;0;0;;;;;;;;;;;;;;;;;;;;;;
31.01.2025;21:53;A 65;1;1;32;1;5;1;13;1;14;1;6;0;100;2;61;0;54;0;53;0;0;0;0;1;0;0;0;0;0;0;0;0;0;0;0;0;0;0;0;0;0;0;0;0;0;0;0;;;;;;;;;;;;;;;;;;;;;;
31.01.2025;21:52;A 65;1;0;0;0;0;1;28;1;29;2;5;0;100;0;0;1;6;1;7;2;5;0;0;0;0;0;0;0;0;0;0;0;0;0;0;0;0;0;0;0;0;0;0;0;0;0;0;;;;;;;;;;;;;;;;;;;;;;
31.01.2025;21:51;A 65;1;0;0;0;0;0;0;0;0;0;0;0;100;1;0;0;0;0;0;0;0;0;0;0;0;0;0;0;0;0;0;0;0;0;0;0;0;0;0;0;0;0;0;0;0;0;0;;;;;;;;;;;;;;;;;;;;;;
31.01.2025;21:50;A 65;1;0;0;0;0;0;33;0;32;0;0;0;100;1;4;0;0;0;0;0;0;0;0;0;0;0;0;0;0;0;0;0;0;0;0;0;0;0;0;0;0;0;0;0;0;0;0;;;;;;;;;;;;;;;;;;;;;;
31.01.2025;21:49;A 65;1;1;22;1;6;1;1;1;2;2;4;0;100;0;0;0;0;0;0;0;0;0;0;0;0;0;0;0;0;0;0;0;0;0;0;0;0;0;0;0;0;0;0;0;0;0;0;;;;;;;;;;;;;;;;;;;;;;
31.01.2025;21:48;A 65;1;3;42;6;57;0;0;0;0;2;5;0;100;3;18;0;0;0;0;0;0;0;0;0;0;0;0;0;0;0;0;0;0;0;0;0;0;0;0;0;0;0;0;0;0;0;0;;;;;;;;;;;;;;;;;;;;;;
31.01.2025;21:47;A 65;1;1;0;0;2;1;50;1;50;0;37;0;100;4;27;0;39;0;38;0;0;0;0;0;0;0;0;0;0;0;0;0;0;0;0;0;0;0;0;0;0;0;0;0;0;0;0;;;;;;;;;;;;;;;;;;;;;;
31.01.2025;21:46;A 65;1;1;10;2;16;3;35;2;66;6;43;0;100;0;0;1;31;1;32;2;3;0;0;0;0;0;0;0;0;0;0;0;0;0;0;0;0;1;0;0;0;0;0;0;0;0;0;;;;;;;;;;;;;;;;;;;;;;
31.01.2025;21:45;A 65;1;1;32;1;7;1;2;1;2;1;4;0;100;2;59;1;29;1;28;1;5;0;0;0;0;0;0;0;0;0;0;0;0;0;0;0;0;0;0;0;0;0;0;0;0;0;0;;;;;;;;;;;;;;;;;;;;;;
31.01.2025;21:44;A 65;1;2;2;2;10;0;0;0;0;0;0;0;100;1;6;0;0;0;0;0;0;0;0;0;0;0;0;0;0;0;0;0;0;0;0;0;0;0;0;0;0;0;0;0;0;0;0;;;;;;;;;;;;;;;;;;;;;;
31.01.2025;21:43;A 65;1;2;2;2;11;0;0;0;0;0;0;0;100;3;9;0;0;0;0;0;0;0;0;0;0;0;0;0;0;0;0;0;0;0;0;0;0;0;0;0;0;0;0;0;0;0;0;;;;;;;;;;;;;;;;;;;;;;
31.01.2025;21:42;A 65;1;1;35;1;6;1;30;1;31;1;5;0;100;1;16;0;0;0;0;0;0;0;0;0;0;0;0;0;0;0;0;0;0;0;0;0;0;0;0;0;0;0;0;0;0;0;0;;;;;;;;;;;;;;;;;;;;;;
31.01.2025;21:41;A 65;1;0;0;0;0;1;31;1;31;2;5;0;100;0;0;1;14;1;14;1;1;0;0;0;0;0;0;0;0;0;0;0;0;0;0;0;0;0;0;0;0;0;0;0;0;0;0;;;;;;;;;;;;;;;;;;;;;;
31.01.2025;21:40;A 65;1;0;0;0;0;1;5;1;7;1;2;0;100;1;0;0;0;0;0;0;0;0;0;0;0;0;0;0;0;0;0;0;0;0;0;0;0;0;0;0;0;0;0;0;0;0;0;;;;;;;;;;;;;;;;;;;;;;
31.01.2025;21:39;A 65;1;2;1;2;12;0;0;0;0;0;0;0;100;1;5;0;0;0;0;0;0;0;0;0;0;0;0;0;0;0;0;0;0;0;0;0;0;0;0;0;0;0;0;0;0;0;0;;;;;;;;;;;;;;;;;;;;;;
31.01.2025;21:38;A 65;1;1;0;1;6;1;26;1;29;1;4;0;100;0;0;0;0;0;0;0;0;0;0;0;0;0;0;0;0;0;0;0;0;0;0;0;0;0;0;0;0;0;0;0;0;0;0;;;;;;;;;;;;;;;;;;;;;;
31.01.2025;21:37;A 65;1;1;0;1;3;0;0;0;0;0;0;0;100;1;20;1;33;1;33;6;23;0;0;0;0;0;0;0;0;0;0;0;0;0;0;0;0;0;0;0;0;0;0;0;0;0;0;;;;;;;;;;;;;;;;;;;;;;
31.01.2025;21:36;A 65;1;0;0;0;0;0;0;0;0;0;0;0;100;2;11;0;0;0;0;0;0;0;0;0;0;0;0;0;0;0;0;0;0;0;0;0;0;0;0;0;0;0;0;0;0;0;0;;;;;;;;;;;;;;;;;;;;;;
31.01.2025;21:35;A 65;1;0;0;0;0;1;28;1;28;1;11;0;100;1;5;0;0;0;0;0;0;0;0;0;0;0;0;0;0;0;0;0;0;0;0;0;0;0;0;0;0;0;0;0;0;0;0;;;;;;;;;;;;;;;;;;;;;;
31.01.2025;21:34;A 65;1;0;0;0;0;0;0;0;0;0;0;0;100;0;0;0;0;0;0;0;0;0;0;0;0;0;0;0;0;0;0;0;0;0;0;0;0;0;0;0;0;0;0;0;0;0;0;;;;;;;;;;;;;;;;;;;;;;
31.01.2025;21:33;A 65;1;1;0;1;4;1;25;1;26;2;8;0;100;1;4;0;0;0;0;0;0;0;0;0;0;0;0;0;0;0;0;0;0;0;0;0;0;0;0;0;0;0;0;0;0;0;0;;;;;;;;;;;;;;;;;;;;;;
31.01.2025;21:32;A 65;1;4;73;2;85;0;47;0;46;0;0;0;100;1;9;0;0;0;0;0;0;0;0;0;0;0;0;0;0;0;0;0;0;0;0;0;0;0;0;0;0;0;0;0;0;0;0;;;;;;;;;;;;;;;;;;;;;;
31.01.2025;21:31;A 65;1;0;0;0;0;1;71;1;72;2;4;0;100;1;6;0;0;0;0;0;0;0;0;0;0;0;0;0;0;0;0;0;0;0;0;0;0;0;0;0;0;0;0;0;0;0;0;;;;;;;;;;;;;;;;;;;;;;
31.01.2025;21:30;A 65;1;1;1;1;8;3;69;3;69;2;24;0;100;0;14;1;0;1;0;2;1;0;0;0;0;1;0;0;0;0;0;0;0;0;0;0;0;0;0;0;0;0;0;0;0;0;0;;;;;;;;;;;;;;;;;;;;;;
31.01.2025;21:29;A 65;1;2;1;2;11;1;17;1;18;2;2;0;100;2;9;0;0;0;0;0;0;0;0;0;0;0;0;0;0;0;0;0;0;0;0;0;0;0;0;0;0;0;0;0;0;0;0;;;;;;;;;;;;;;;;;;;;;;
31.01.2025;21:28;A 65;1;3;46;3;47;0;13;0;0;0;0;0;100;2;9;0;0;0;0;0;0;0;0;0;0;0;0;0;0;0;0;0;0;0;0;0;0;0;0;0;0;0;0;0;0;0;0;;;;;;;;;;;;;;;;;;;;;;
31.01.2025;21:27;A 65;1;2;6;4;13;1;16;1;7;1;3;0;100;2;13;0;0;0;0;0;0;0;0;0;0;0;0;0;0;0;0;0;0;0;0;0;0;0;0;0;0;0;0;0;0;0;0;;;;;;;;;;;;;;;;;;;;;;
31.01.2025;21:26;A 65;1;1;30;2;21;0;0;0;0;0;0;0;100;0;0;0;0;0;0;0;0;0;0;1;0;0;0;0;0;0;0;1;0;0;0;0;0;0;0;0;0;0;0;0;0;0;0;;;;;;;;;;;;;;;;;;;;;;
31.01.2025;21:25;A 65;1;3;47;2;14;1;37;1;37;2;5;0;100;5;23;0;0;0;0;0;0;0;0;1;0;0;0;0;0;0;0;1;0;0;0;0;0;0;0;0;0;0;0;0;0;0;0;;;;;;;;;;;;;;;;;;;;;;
31.01.2025;21:24;A 65;1;1;2;0;0;0;0;0;0;0;0;0;100;0;0;0;0;0;0;0;0;0;0;0;0;0;0;0;0;0;0;0;0;0;0;0;0;0;0;0;0;0;0;0;0;0;0;;;;;;;;;;;;;;;;;;;;;;
31.01.2025;21:23;A 65;1;3;33;3;18;2;3;2;52;0;0;0;100;2;55;0;0;0;0;0;0;0;0;0;0;0;0;0;0;0;0;0;0;0;0;0;0;0;0;0;0;0;0;0;0;0;0;;;;;;;;;;;;;;;;;;;;;;
31.01.2025;21:22;A 65;1;1;0;0;0;1;27;1;27;2;10;0;100;1;2;1;1;1;1;2;3;0;0;0;0;0;0;0;0;0;0;0;0;0;0;0;0;0;0;0;0;0;0;0;0;0;0;;;;;;;;;;;;;;;;;;;;;;
31.01.2025;21:21;A 65;1;0;0;1;6;0;0;0;0;0;0;0;100;1;6;0;0;0;0;0;0;0;0;0;0;0;0;0;0;0;0;0;0;0;0;0;0;0;0;0;0;0;0;0;0;0;0;;;;;;;;;;;;;;;;;;;;;;
31.01.2025;21:20;A 65;1;4;3;4;21;0;0;0;0;0;0;0;100;2;9;0;0;0;0;0;0;0;0;0;0;0;0;0;0;0;0;1;0;0;0;0;0;0;0;0;0;0;0;0;0;0;0;;;;;;;;;;;;;;;;;;;;;;
31.01.2025;21:19;A 65;1;3;2;4;17;0;0;0;0;0;0;0;100;1;5;0;0;0;0;0;0;0;0;0;0;0;0;0;0;0;0;0;0;0;0;0;0;0;0;0;0;0;0;0;0;0;0;;;;;;;;;;;;;;;;;;;;;;
31.01.2025;21:18;A 65;1;0;0;0;0;0;0;0;0;0;0;0;100;1;3;0;0;0;0;0;0;0;0;0;0;0;0;0;0;0;0;0;0;0;0;0;0;0;0;0;0;0;0;0;0;0;0;;;;;;;;;;;;;;;;;;;;;;
31.01.2025;21:17;A 65;1;3;16;3;19;0;0;0;0;1;1;0;100;1;8;1;0;0;0;0;0;2;0;0;0;0;0;0;0;2;0;0;0;0;0;0;0;0;0;0;0;0;0;0;0;0;0;;;;;;;;;;;;;;;;;;;;;;
31.01.2025;21:16;A 65;1;0;0;0;0;0;0;0;0;0;0;0;100;3;16;0;0;0;0;0;0;0;0;0;0;0;0;0;0;0;0;0;0;0;0;0;0;0;0;0;0;0;0;0;0;0;0;;;;;;;;;;;;;;;;;;;;;;
31.01.2025;21:15;A 65;1;0;5;0;0;0;0;0;0;0;0;0;100;4;61;0;0;0;0;0;0;0;0;0;0;0;0;0;0;0;0;0;0;0;0;0;0;0;0;0;0;0;0;0;0;0;0;;;;;;;;;;;;;;;;;;;;;;
31.01.2025;21:14;A 65;1;1;35;2;6;1;27;1;27;2;5;0;100;0;100;0;0;0;0;0;0;0;0;0;0;0;0;0;0;0;0;0;0;0;0;0;0;0;0;0;0;0;0;0;0;0;0;;;;;;;;;;;;;;;;;;;;;;
31.01.2025;21:13;A 65;1;0;0;0;0;3;7;2;8;0;12;0;100;1;5;0;0;0;0;0;0;0;0;0;0;0;0;0;0;0;0;0;0;0;0;0;0;0;0;0;0;0;0;0;0;0;0;;;;;;;;;;;;;;;;;;;;;;
31.01.2025;21:12;A 65;1;1;10;1;3;0;0;1;17;2;13;0;100;2;8;0;0;0;0;0;0;0;0;0;0;0;0;0;0;0;0;0;0;0;0;0;0;0;0;0;0;0;0;0;0;0;0;;;;;;;;;;;;;;;;;;;;;;
31.01.2025;21:11;A 65;1;2;28;2;10;2;17;2;19;2;29;0;100;0;0;2;37;2;37;3;6;0;0;0;0;0;0;0;0;0;0;0;0;0;0;0;0;0;0;0;0;0;0;0;0;0;0;;;;;;;;;;;;;;;;;;;;;;
31.01.2025;21:10;A 65;1;1;1;1;6;0;3;0;0;0;0;0;100;1;4;0;0;0;0;0;0;0;0;0;0;0;0;0;0;0;0;0;0;0;0;0;0;0;0;0;0;0;0;0;0;0;0;;;;;;;;;;;;;;;;;;;;;;
31.01.2025;21:09;A 65;1;4;4;3;25;1;46;0;0;0;0;0;100;4;29;0;0;0;0;0;0;0;0;0;0;0;0;0;0;0;0;0;0;0;0;0;0;0;0;0;0;0;0;0;0;0;0;;;;;;;;;;;;;;;;;;;;;;
31.01.2025;21:08;A 65;1;1;1;2;9;1;2;1;32;1;2;0;100;0;0;0;0;0;0;0;0;0;0;0;0;0;0;0;0;0;0;0;0;0;0;0;0;0;0;0;0;0;0;0;0;0;0;;;;;;;;;;;;;;;;;;;;;;
31.01.2025;21:07;A 65;1;1;1;2;15;0;42;0;41;0;0;0;100;0;0;1;13;0;41;0;0;0;0;0;0;0;0;0;0;0;0;0;0;0;0;0;0;0;0;0;0;0;0;0;0;0;0;;;;;;;;;;;;;;;;;;;;;;
31.01.2025;21:06;A 65;1;1;43;2;7;2;53;2;54;3;17;0;100;2;23;1;15;1;16;1;5;0;0;0;0;0;0;0;0;0;0;0;0;0;0;0;0;0;0;0;0;0;0;0;0;0;0;;;;;;;;;;;;;;;;;;;;;;
31.01.2025;21:05;A 65;1;2;2;2;12;4;5;7;42;3;68;0;100;2;22;0;0;0;0;0;0;0;0;0;0;0;0;0;0;0;0;0;0;0;0;0;0;0;0;0;0;0;0;0;0;0;0;;;;;;;;;;;;;;;;;;;;;;
31.01.2025;21:04;A 65;1;2;1;2;6;1;1;1;1;2;3;0;100;2;9;0;0;0;0;0;0;0;0;0;0;0;0;0;0;0;0;0;0;0;0;0;0;0;0;0;0;0;0;0;0;0;0;;;;;;;;;;;;;;;;;;;;;;
31.01.2025;21:03;A 65;1;1;2;2;7;1;38;1;37;0;33;0;100;1;8;2;37;2;36;4;13;0;0;0;0;0;0;0;0;0;0;0;0;0;0;0;0;0;0;0;0;0;0;0;0;0;0;;;;;;;;;;;;;;;;;;;;;;
31.01.2025;21:02;A 65;1;4;17;1;31;1;49;1;55;3;62;0;100;2;27;1;58;1;59;1;1;0;0;0;0;0;0;1;0;0;0;0;0;0;0;0;0;0;0;0;0;0;0;0;0;0;0;;;;;;;;;;;;;;;;;;;;;;
31.01.2025;21:01;A 65;1;3;6;1;17;0;0;0;0;0;0;0;100;3;10;0;0;0;0;0;0;0;0;0;0;0;0;0;0;0;0;0;0;0;0;0;0;0;0;0;0;0;0;0;0;0;0;;;;;;;;;;;;;;;;;;;;;;
31.01.2025;21:00;A 65;1;2;39;3;12;0;0;0;0;1;4;0;100;0;0;0;0;0;0;0;0;0;0;0;0;0;0;0;0;0;0;0;0;0;0;0;0;0;0;0;0;0;0;0;0;0;0;;;;;;;;;;;;;;;;;;;;;;
31.01.2025;20:59;A 65;1;0;0;0;0;0;0;0;0;0;0;0;100;0;0;0;0;0;0;0;0;0;0;0;0;0;0;0;0;0;0;0;0;0;0;0;0;0;0;0;0;0;0;0;0;0;0;;;;;;;;;;;;;;;;;;;;;;
31.01.2025;20:58;A 65;1;4;57;1;27;0;0;0;0;0;0;0;100;1;9;0;0;0;0;0;0;0;0;0;0;0;0;0;0;0;0;0;0;0;0;0;0;0;0;0;0;1;0;0;0;0;0;;;;;;;;;;;;;;;;;;;;;;
31.01.2025;20:57;A 65;1;2;1;3;30;0;0;0;0;0;0;0;100;1;6;0;20;0;19;0;0;0;0;0;0;0;0;0;0;0;0;0;0;0;0;0;0;1;0;0;0;0;0;0;0;0;0;;;;;;;;;;;;;;;;;;;;;;
31.01.2025;20:56;A 65;1;1;0;1;5;0;0;0;0;0;0;0;100;2;10;1;11;1;12;2;5;0;0;0;0;0;0;0;0;0;0;0;0;0;0;0;0;0;0;0;0;0;0;0;0;0;0;;;;;;;;;;;;;;;;;;;;;;
31.01.2025;20:55;A 65;1;2;30;2;18;0;0;0;0;0;0;0;100;1;2;0;0;0;0;0;0;0;0;0;0;0;0;0;0;0;0;0;0;0;0;0;0;0;0;0;0;0;0;0;0;0;0;;;;;;;;;;;;;;;;;;;;;;
31.01.2025;20:54;A 65;1;2;1;1;11;0;0;0;0;0;0;0;100;0;0;0;0;0;0;0;0;0;0;0;0;0;0;1;0;0;0;0;0;0;0;0;0;0;0;0;0;0;0;0;0;0;0;;;;;;;;;;;;;;;;;;;;;;
31.01.2025;20:53;A 65;1;2;1;2;9;0;0;0;0;0;0;0;100;3;11;0;0;0;0;0;0;0;0;0;0;0;0;0;0;0;0;0;0;0;0;0;0;0;0;0;0;0;0;0;0;0;0;;;;;;;;;;;;;;;;;;;;;;
31.01.2025;20:52;A 65;1;0;0;0;0;1;27;1;27;1;9;0;100;0;0;0;0;0;0;0;0;0;0;0;0;0;0;0;0;0;0;0;0;0;0;0;0;0;0;0;0;0;0;0;0;0;0;;;;;;;;;;;;;;;;;;;;;;
31.01.2025;20:51;A 65;1;4;50;1;67;1;4;1;4;1;7;0;100;0;0;0;0;0;0;0;0;0;0;0;0;0;0;0;0;0;0;0;0;0;0;0;0;0;0;0;0;0;0;0;0;0;0;;;;;;;;;;;;;;;;;;;;;;
31.01.2025;20:50;A 65;1;0;17;0;0;2;56;2;58;2;41;0;100;0;0;1;6;1;6;2;4;0;0;0;0;0;0;0;0;0;0;0;0;0;0;0;0;0;0;0;0;0;0;0;0;0;0;;;;;;;;;;;;;;;;;;;;;;
31.01.2025;20:49;A 65;1;3;43;5;26;2;3;2;60;4;20;0;100;0;43;0;0;0;0;0;0;0;0;0;0;2;0;0;0;0;0;0;0;0;0;0;0;0;0;0;0;0;0;0;0;0;0;;;;;;;;;;;;;;;;;;;;;;
31.01.2025;20:48;A 65;1;1;50;1;7;0;0;0;0;0;0;0;100;1;21;0;0;0;0;0;0;0;0;0;0;0;0;0;0;0;0;0;0;0;0;0;0;0;0;1;0;0;0;0;0;0;0;;;;;;;;;;;;;;;;;;;;;;
31.01.2025;20:47;A 65;1;3;65;5;66;0;37;0;36;0;0;0;100;2;20;0;0;0;0;0;0;0;0;0;0;0;0;0;0;0;0;0;0;0;0;0;0;0;0;0;0;0;0;0;0;0;0;;;;;;;;;;;;;;;;;;;;;;
31.01.2025;20:46;A 65;1;0;0;1;3;1;32;1;33;2;2;0;100;3;16;0;0;0;0;0;0;0;0;0;0;0;0;0;0;0;0;0;0;0;0;0;0;0;0;0;0;0;0;0;0;0;0;;;;;;;;;;;;;;;;;;;;;;
31.01.2025;20:45;A 65;1;1;0;1;5;0;0;0;0;0;0;0;100;0;0;0;0;0;0;0;0;0;0;0;0;0;0;0;0;0;0;0;0;0;0;0;0;0;0;0;0;0;0;0;0;0;0;;;;;;;;;;;;;;;;;;;;;;
31.01.2025;20:44;A 65;1;1;21;1;8;1;31;1;32;0;7;0;100;1;5;0;0;0;0;0;0;0;0;0;0;0;0;0;0;0;0;0;0;0;0;0;0;0;0;0;0;0;0;0;0;0;0;;;;;;;;;;;;;;;;;;;;;;
31.01.2025;20:43;A 65;1;3;3;2;19;0;0;0;0;1;0;0;100;1;24;2;0;1;1;0;0;0;0;0;0;0;0;0;0;0;0;0;0;0;0;0;0;0;0;0;0;0;0;0;0;0;0;;;;;;;;;;;;;;;;;;;;;;
31.01.2025;20:42;A 65;1;3;2;3;18;0;0;0;0;0;0;0;100;1;22;1;30;1;30;2;6;0;0;0;0;0;0;0;0;0;0;0;0;0;0;0;0;0;0;0;0;0;0;0;0;0;0;;;;;;;;;;;;;;;;;;;;;;
31.01.2025;20:41;A 65;1;3;15;2;9;4;12;3;7;1;74;0;100;0;35;0;0;0;0;0;0;0;0;0;0;0;0;0;0;0;0;0;0;0;0;0;0;0;0;0;0;0;0;0;0;0;0;;;;;;;;;;;;;;;;;;;;;;
31.01.2025;20:40;A 65;1;2;59;3;25;2;6;2;70;1;74;0;100;0;100;0;0;0;0;0;0;0;0;0;0;0;0;0;0;0;0;0;0;0;0;0;0;0;0;0;0;0;0;0;0;0;0;;;;;;;;;;;;;;;;;;;;;;
31.01.2025;20:39;A 65;1;1;55;2;18;2;5;2;43;3;38;0;100;1;48;0;0;0;0;0;0;0;0;0;0;0;0;0;0;0;0;0;0;0;0;0;0;0;0;0;0;0;0;0;0;0;0;;;;;;;;;;;;;;;;;;;;;;
31.01.2025;20:38;A 65;1;3;37;0;39;4;61;3;68;2;65;0;100;2;36;0;0;0;0;0;0;0;0;0;0;0;0;0;0;1;0;0;0;0;0;0;0;0;0;0;0;1;0;0;0;0;0;;;;;;;;;;;;;;;;;;;;;;
31.01.2025;20:37;A 65;1;1;1;1;16;0;0;1;27;1;4;0;100;3;15;0;0;0;0;0;0;0;0;0;0;0;0;0;0;0;0;0;0;0;0;0;0;0;0;0;0;0;0;0;0;0;0;;;;;;;;;;;;;;;;;;;;;;
31.01.2025;20:36;A 65;1;0;0;0;0;0;45;0;44;0;0;0;100;0;0;0;0;0;0;0;0;0;0;0;0;0;0;0;0;0;0;0;0;0;0;0;0;0;0;0;0;0;0;0;0;0;0;;;;;;;;;;;;;;;;;;;;;;
31.01.2025;20:35;A 65;1;1;0;1;8;1;8;1;10;1;4;0;100;2;16;0;0;0;0;0;0;0;0;0;0;0;0;0;0;0;0;0;0;0;0;0;0;0;0;0;0;0;0;0;0;0;0;;;;;;;;;;;;;;;;;;;;;;
31.01.2025;20:34;A 65;1;5;9;1;23;1;54;1;57;2;6;0;100;0;5;0;0;0;0;0;0;0;0;0;0;0;0;0;0;0;0;0;0;0;0;0;0;0;0;0;0;0;0;0;0;0;0;;;;;;;;;;;;;;;;;;;;;;
31.01.2025;20:33;A 65;1;1;19;1;29;2;7;2;8;1;12;0;100;3;19;0;0;0;0;0;0;0;0;0;0;0;0;0;0;0;0;0;0;0;0;0;0;1;0;0;0;0;0;0;0;0;0;;;;;;;;;;;;;;;;;;;;;;
31.01.2025;20:32;A 65;1;4;26;0;36;2;59;2;60;5;17;0;100;1;6;0;0;0;0;0;0;0;0;0;0;0;0;0;0;0;0;0;0;0;0;0;0;0;0;0;0;1;0;0;0;0;0;;;;;;;;;;;;;;;;;;;;;;
31.01.2025;20:31;A 65;1;3;30;4;9;1;2;1;91;0;0;0;100;2;10;0;0;0;0;0;0;0;0;0;0;0;0;0;0;0;0;0;0;0;0;0;0;0;0;0;0;0;0;0;0;0;0;;;;;;;;;;;;;;;;;;;;;;
31.01.2025;20:30;A 65;1;3;22;1;33;1;29;1;31;3;13;0;100;0;0;0;0;0;0;0;0;0;0;0;0;0;0;0;0;0;0;0;0;0;0;0;0;0;0;1;0;0;0;0;0;0;0;;;;;;;;;;;;;;;;;;;;;;
31.01.2025;20:29;A 65;1;3;12;2;23;0;68;0;0;1;1;0;100;1;7;0;0;0;0;0;0;0;0;0;0;0;0;0;0;0;0;0;0;0;0;0;0;0;0;0;0;0;0;0;0;0;0;;;;;;;;;;;;;;;;;;;;;;
31.01.2025;20:28;A 65;1;2;8;1;18;2;8;2;10;1;9;0;100;1;6;1;28;1;3;0;45;0;0;0;0;0;0;0;0;0;0;0;0;0;0;0;0;1;0;0;0;0;0;0;0;0;0;;;;;;;;;;;;;;;;;;;;;;
31.01.2025;20:27;A 65;1;0;0;0;0;2;5;1;1;3;12;0;100;1;3;1;65;0;0;2;44;0;0;0;0;0;0;0;0;0;0;0;0;0;0;0;0;0;0;0;0;0;0;0;0;0;0;;;;;;;;;;;;;;;;;;;;;;
31.01.2025;20:26;A 65;1;0;0;0;0;1;41;0;40;1;3;0;100;2;5;0;0;0;0;0;0;0;0;0;0;0;0;0;0;0;0;0;0;0;0;0;0;0;0;0;0;0;0;0;0;0;0;;;;;;;;;;;;;;;;;;;;;;
31.01.2025;20:25;A 65;1;2;2;1;4;0;0;1;1;2;10;0;100;0;0;0;0;0;0;0;0;0;0;0;0;0;0;0;0;0;0;0;0;0;0;0;0;0;0;0;0;0;0;0;0;0;0;;;;;;;;;;;;;;;;;;;;;;
31.01.2025;20:24;A 65;1;1;1;1;6;0;0;1;0;1;9;0;100;4;32;1;12;2;13;1;2;0;0;0;0;0;0;0;0;0;0;0;0;0;0;0;0;0;0;0;0;0;0;0;0;0;0;;;;;;;;;;;;;;;;;;;;;;
31.01.2025;20:23;A 65;1;2;19;3;20;2;18;2;45;0;50;0;100;1;87;0;0;0;0;0;0;0;0;0;0;0;0;0;0;0;0;0;0;0;0;0;0;0;0;0;0;0;0;0;0;0;0;;;;;;;;;;;;;;;;;;;;;;
31.01.2025;20:22;A 65;1;4;5;2;25;0;0;1;29;2;31;0;100;1;2;0;0;0;0;0;0;0;0;0;0;0;0;0;0;0;0;0;0;0;0;0;0;0;0;1;0;0;0;0;0;0;0;;;;;;;;;;;;;;;;;;;;;;
31.01.2025;20:21;A 65;1;1;1;0;0;4;14;3;65;0;69;0;100;2;11;1;0;1;1;0;0;0;0;0;0;0;0;0;0;0;0;0;0;0;0;0;0;0;0;0;0;0;0;0;0;0;0;;;;;;;;;;;;;;;;;;;;;;
31.01.2025;20:20;A 65;1;3;10;2;17;1;25;3;62;5;30;0;100;1;18;1;6;1;7;1;9;0;0;0;0;0;0;0;0;0;0;0;0;0;0;0;0;0;0;0;0;0;0;0;0;0;0;;;;;;;;;;;;;;;;;;;;;;
31.01.2025;20:19;A 65;1;2;2;1;8;3;40;3;40;1;44;0;100;2;54;2;32;2;32;2;10;0;0;0;0;0;0;1;0;0;0;0;0;0;0;0;0;0;0;0;0;0;0;0;0;0;0;;;;;;;;;;;;;;;;;;;;;;
31.01.2025;20:18;A 65;1;3;23;3;19;1;65;1;67;3;15;0;100;0;36;0;0;0;0;0;0;0;0;0;0;0;0;0;0;0;0;0;0;0;0;0;0;0;0;0;0;0;0;0;0;0;0;;;;;;;;;;;;;;;;;;;;;;
31.01.2025;20:17;A 65;1;2;8;2;16;2;6;1;88;1;79;0;100;0;100;1;38;1;39;1;4;0;0;0;0;0;0;0;0;0;0;0;0;0;0;0;0;1;0;0;0;0;0;0;0;0;0;;;;;;;;;;;;;;;;;;;;;;
31.01.2025;20:16;A 65;1;1;0;1;1;0;0;1;11;2;6;0;100;1;20;0;0;0;0;0;0;0;0;0;0;0;0;0;0;0;0;0;0;0;0;0;0;0;0;0;0;0;0;0;0;0;0;;;;;;;;;;;;;;;;;;;;;;
31.01.2025;20:15;A 65;1;2;1;3;15;0;0;0;0;0;0;0;100;1;6;0;0;0;0;0;0;0;0;0;0;0;0;0;0;0;0;0;0;0;0;0;0;0;0;0;0;0;0;0;0;0;0;;;;;;;;;;;;;;;;;;;;;;
31.01.2025;20:14;A 65;1;1;1;0;0;0;47;0;46;0;0;0;100;1;7;0;0;0;0;0;0;0;0;0;0;0;0;0;0;0;0;0;0;0;0;0;0;0;0;0;0;0;0;0;0;0;0;;;;;;;;;;;;;;;;;;;;;;
31.01.2025;20:13;A 65;1;1;1;1;6;2;38;1;37;1;3;0;100;1;70;0;0;0;0;0;0;0;0;0;0;0;0;0;0;0;0;0;0;0;0;0;0;0;0;0;0;0;0;0;0;0;0;;;;;;;;;;;;;;;;;;;;;;
31.01.2025;20:12;A 65;1;1;41;2;14;1;1;1;1;4;6;0;100;5;23;0;0;0;0;0;0;3;0;0;0;0;0;1;0;0;0;0;0;0;0;0;0;0;0;0;0;0;0;0;0;0;0;;;;;;;;;;;;;;;;;;;;;;
31.01.2025;20:11;A 65;1;1;1;1;4;0;0;0;0;0;0;0;100;5;21;0;0;0;0;0;0;0;0;0;0;0;0;0;0;0;0;0;0;0;0;0;0;0;0;0;0;0;0;0;0;0;0;;;;;;;;;;;;;;;;;;;;;;
31.01.2025;20:10;A 65;1;1;1;1;7;1;39;1;40;0;2;0;100;1;43;0;0;0;0;0;0;0;0;0;0;0;0;0;0;0;0;0;0;3;0;0;0;0;0;0;0;0;0;0;0;0;0;;;;;;;;;;;;;;;;;;;;;;
31.01.2025;20:09;A 65;1;2;44;6;29;0;43;0;41;2;5;0;100;1;92;0;0;0;0;0;0;1;0;0;0;0;0;0;0;0;0;0;0;0;0;0;0;0;0;0;0;0;0;0;0;0;0;;;;;;;;;;;;;;;;;;;;;;
31.01.2025;20:08;A 65;1;5;5;5;26;1;70;1;71;1;7;0;100;1;8;0;0;0;0;0;0;0;0;0;0;0;0;0;0;0;0;0;0;0;0;0;0;0;0;1;0;0;0;0;0;0;0;;;;;;;;;;;;;;;;;;;;;;
31.01.2025;20:07;A 65;1;3;55;2;11;2;61;2;59;0;61;0;100;2;32;1;1;1;1;0;0;0;0;0;0;0;0;0;0;0;0;0;0;1;0;0;0;0;0;0;0;0;0;0;0;0;0;;;;;;;;;;;;;;;;;;;;;;
31.01.2025;20:06;A 65;1;0;0;0;0;3;56;3;60;5;67;0;100;2;13;1;0;1;0;0;0;0;0;0;0;0;0;0;0;0;0;0;0;0;0;0;0;0;0;0;0;0;0;0;0;0;0;;;;;;;;;;;;;;;;;;;;;;
31.01.2025;20:05;A 65;1;1;2;1;7;0;0;0;0;0;0;0;100;2;14;0;0;0;0;0;0;0;0;0;0;0;0;0;0;0;0;0;0;0;0;0;0;0;0;0;0;0;0;0;0;0;0;;;;;;;;;;;;;;;;;;;;;;
31.01.2025;20:04;A 65;1;4;10;1;28;0;52;2;54;1;60;0;100;2;10;0;0;0;0;0;0;0;0;0;0;0;0;0;0;0;0;0;0;0;0;0;0;0;0;0;0;0;0;0;0;0;0;;;;;;;;;;;;;;;;;;;;;;
31.01.2025;20:03;A 65;1;3;44;4;20;3;74;4;37;1;78;0;100;0;0;0;0;0;0;0;0;0;0;0;0;0;0;0;0;0;0;0;0;0;0;0;0;0;0;0;0;0;0;0;0;0;0;;;;;;;;;;;;;;;;;;;;;;
31.01.2025;20:02;A 65;1;5;5;3;22;1;60;1;23;4;28;0;100;0;0;0;0;0;0;0;0;0;0;0;0;0;0;0;0;0;0;0;0;0;0;0;0;0;0;0;0;0;0;0;0;0;0;;;;;;;;;;;;;;;;;;;;;;
31.01.2025;20:01;A 65;1;2;13;3;19;2;52;3;52;0;57;0;100;0;0;0;41;0;40;0;0;0;0;0;0;0;0;0;0;0;0;0;0;0;0;0;0;0;0;0;0;0;0;0;0;0;0;;;;;;;;;;;;;;;;;;;;;;
31.01.2025;20:00;A 65;1;3;2;3;15;3;47;3;50;4;45;0;100;1;6;2;69;2;70;1;7;0;0;0;0;0;0;0;0;0;0;0;0;0;0;0;0;0;0;0;0;0;0;0;0;0;0;;;;;;;;;;;;;;;;;;;;;;
31.01.2025;19:59;A 65;1;4;3;2;18;0;0;0;0;1;1;0;100;0;0;0;0;0;0;2;4;0;0;0;0;0;0;0;0;0;0;0;0;0;0;0;0;0;0;0;0;0;0;0;0;0;0;;;;;;;;;;;;;;;;;;;;;;
31.01.2025;19:58;A 65;1;1;1;1;6;1;3;1;57;1;7;0;100;1;8;1;30;1;31;1;6;0;0;0;0;0;0;0;0;0;0;0;0;0;0;0;0;0;0;0;0;0;0;0;0;0;0;;;;;;;;;;;;;;;;;;;;;;
31.01.2025;19:57;A 65;1;1;28;3;20;2;60;2;7;0;59;0;100;0;0;1;9;1;9;1;5;0;0;0;0;0;0;0;0;0;0;0;0;0;0;0;0;0;0;0;0;0;0;0;0;0;0;;;;;;;;;;;;;;;;;;;;;;
31.01.2025;19:56;A 65;1;2;23;2;20;4;59;4;49;3;58;0;100;1;13;0;0;0;0;0;0;0;0;0;0;0;0;0;0;0;0;0;0;0;0;0;0;0;0;0;0;0;0;0;0;0;0;;;;;;;;;;;;;;;;;;;;;;
31.01.2025;19:55;A 65;1;6;5;4;28;1;83;1;86;2;37;0;100;2;13;0;0;0;0;0;0;0;0;0;0;0;0;0;0;0;0;0;0;0;0;0;0;0;0;0;0;0;0;0;0;0;0;;;;;;;;;;;;;;;;;;;;;;
31.01.2025;19:54;A 65;1;2;1;2;8;1;89;0;89;0;0;0;100;3;18;1;17;1;17;1;3;0;0;0;0;0;0;0;0;0;0;0;0;0;0;0;0;0;0;0;0;0;0;0;0;0;0;;;;;;;;;;;;;;;;;;;;;;
31.01.2025;19:53;A 65;1;2;24;1;10;1;63;2;63;3;6;0;100;1;2;0;0;0;0;0;0;0;0;1;0;0;0;0;0;0;0;3;0;0;0;0;0;0;0;0;0;0;0;0;0;0;0;;;;;;;;;;;;;;;;;;;;;;
31.01.2025;19:52;A 65;1;6;65;1;82;4;39;4;40;1;41;0;100;2;22;4;2;3;2;0;0;0;0;0;0;0;0;0;0;0;0;0;0;0;0;1;0;0;0;0;0;0;0;0;0;0;0;;;;;;;;;;;;;;;;;;;;;;
31.01.2025;19:51;A 65;1;2;39;2;12;1;74;1;76;1;83;0;100;6;23;0;0;0;0;0;0;0;0;0;0;0;0;0;0;0;0;0;0;0;0;0;0;0;0;0;0;0;0;0;0;0;0;;;;;;;;;;;;;;;;;;;;;;
31.01.2025;19:50;A 65;1;1;8;1;9;3;77;3;78;5;24;0;100;4;22;0;0;0;0;0;0;0;0;0;0;0;0;0;0;0;0;0;0;0;0;0;0;0;0;1;0;0;0;0;0;0;0;;;;;;;;;;;;;;;;;;;;;;
31.01.2025;19:49;A 65;1;7;25;1;52;0;0;0;0;0;0;0;100;3;17;0;0;0;0;0;0;0;0;0;0;0;0;0;0;0;0;0;0;0;0;0;0;0;0;0;0;0;0;0;0;0;0;;;;;;;;;;;;;;;;;;;;;;
31.01.2025;19:48;A 65;1;3;52;3;58;3;4;3;86;1;14;0;100;4;28;0;0;0;0;0;0;0;0;0;0;0;0;0;0;0;0;0;0;0;0;0;0;0;0;0;0;0;0;0;0;0;0;;;;;;;;;;;;;;;;;;;;;;
31.01.2025;19:47;A 65;1;2;8;3;27;0;6;1;56;3;13;0;100;1;1;0;2;0;2;0;0;0;0;0;0;0;0;0;0;0;0;0;0;0;0;0;0;0;0;0;0;0;0;0;0;0;0;;;;;;;;;;;;;;;;;;;;;;
31.01.2025;19:46;A 65;1;3;3;1;13;1;41;1;43;1;1;0;100;4;11;1;56;1;56;1;2;0;0;0;0;0;0;0;0;0;0;0;0;0;0;0;0;0;0;0;0;0;0;0;0;0;0;;;;;;;;;;;;;;;;;;;;;;
31.01.2025;19:45;A 65;1;0;0;1;1;4;40;4;43;3;16;0;100;9;33;1;65;0;65;0;0;0;0;0;0;0;0;0;0;0;0;1;0;1;0;0;0;0;0;0;0;0;0;0;0;0;0;;;;;;;;;;;;;;;;;;;;;;
31.01.2025;19:44;A 65;1;3;38;4;32;0;0;0;0;0;0;0;100;1;12;1;37;1;37;1;4;0;0;0;0;0;0;0;0;0;0;0;0;0;0;0;0;0;0;0;0;0;0;0;0;0;0;;;;;;;;;;;;;;;;;;;;;;
31.01.2025;19:43;A 65;1;6;50;1;75;0;0;0;0;1;1;0;100;2;99;0;0;0;0;0;0;0;0;0;0;0;0;0;0;0;0;0;0;0;0;0;0;0;0;0;0;0;0;0;0;0;0;;;;;;;;;;;;;;;;;;;;;;
31.01.2025;19:42;A 65;1;1;0;1;5;1;77;1;78;0;0;0;100;2;31;2;1;2;1;3;7;0;0;0;0;0;0;0;0;0;0;0;0;0;0;0;0;0;0;0;0;0;0;0;0;0;0;;;;;;;;;;;;;;;;;;;;;;
31.01.2025;19:41;A 65;1;0;0;0;0;0;0;0;0;2;4;0;100;3;22;0;0;0;0;0;0;0;0;0;0;0;0;0;0;0;0;0;0;0;0;0;0;0;0;0;0;0;0;0;0;0;0;;;;;;;;;;;;;;;;;;;;;;
31.01.2025;19:40;A 65;1;4;86;1;63;1;47;1;47;1;24;0;100;2;68;3;46;3;45;0;57;0;0;0;0;0;0;1;0;0;0;0;0;0;0;0;0;0;0;0;0;0;0;0;0;0;0;;;;;;;;;;;;;;;;;;;;;;
31.01.2025;19:39;A 65;1;7;8;5;44;1;89;1;92;3;11;0;100;0;100;1;58;1;59;1;65;0;0;0;0;0;0;0;0;0;0;0;0;0;0;0;0;0;0;0;0;0;0;0;0;0;0;;;;;;;;;;;;;;;;;;;;;;
31.01.2025;19:38;A 65;1;2;2;2;11;0;0;0;0;1;1;0;100;3;17;2;40;2;40;2;16;0;0;0;0;0;0;0;0;0;0;0;0;0;0;0;0;0;0;0;0;0;0;0;0;0;0;;;;;;;;;;;;;;;;;;;;;;
31.01.2025;19:37;A 65;1;0;0;0;0;2;69;3;71;0;78;0;100;3;13;2;11;2;11;2;7;0;0;0;0;0;0;0;0;0;0;0;0;0;0;0;0;0;0;0;0;0;0;0;0;0;0;;;;;;;;;;;;;;;;;;;;;;
31.01.2025;19:36;A 65;1;1;61;2;37;5;73;5;75;4;66;0;100;3;18;1;24;1;23;0;0;0;0;0;0;0;0;0;0;0;0;0;0;0;0;0;0;0;0;0;0;0;0;0;0;0;0;;;;;;;;;;;;;;;;;;;;;;
31.01.2025;19:35;A 65;1;3;6;3;32;1;65;1;66;2;63;0;100;1;6;1;29;1;30;1;6;0;0;0;0;0;0;0;0;0;0;0;0;0;0;0;0;0;0;0;0;0;0;0;0;0;0;;;;;;;;;;;;;;;;;;;;;;
31.01.2025;19:34;A 65;1;1;1;2;7;1;12;1;12;1;6;0;100;2;22;0;0;0;0;0;0;0;0;0;0;1;0;0;0;0;0;0;0;0;0;0;0;0;0;0;0;0;0;0;0;0;0;;;;;;;;;;;;;;;;;;;;;;
31.01.2025;19:33;A 65;1;0;0;0;0;1;6;1;7;2;5;0;100;3;23;1;1;1;1;1;4;0;0;0;0;0;0;0;0;0;0;0;0;0;0;0;0;0;0;0;0;0;0;1;0;0;0;;;;;;;;;;;;;;;;;;;;;;
31.01.2025;19:32;A 65;1;2;49;1;40;0;13;1;13;0;18;0;100;3;11;0;0;0;0;0;0;0;0;0;0;0;0;0;0;0;0;2;0;0;0;0;0;0;0;0;0;0;0;0;0;0;0;;;;;;;;;;;;;;;;;;;;;;
31.01.2025;19:31;A 65;1;3;33;4;22;1;54;1;56;1;68;0;100;2;26;0;0;0;0;0;0;0;0;0;0;0;0;0;0;0;0;0;0;0;0;0;0;1;0;0;0;0;0;0;0;0;0;;;;;;;;;;;;;;;;;;;;;;
31.01.2025;19:30;A 65;1;3;32;2;19;0;0;0;0;0;0;0;100;3;31;0;0;0;0;0;0;0;0;0;0;0;0;0;0;0;0;0;0;0;0;0;0;0;0;0;0;0;0;0;0;0;0;;;;;;;;;;;;;;;;;;;;;;
31.01.2025;19:29;A 65;1;1;4;0;17;3;44;3;56;2;19;0;100;3;75;1;56;2;56;0;0;0;0;0;0;0;0;0;0;0;0;1;0;0;0;0;0;0;0;0;0;0;0;0;0;0;0;;;;;;;;;;;;;;;;;;;;;;
31.01.2025;19:28;A 65;1;1;33;1;45;2;6;2;27;3;12;0;100;2;38;3;8;3;9;3;10;0;0;0;0;0;0;0;0;0;0;0;0;0;0;0;0;0;0;0;0;0;0;0;0;0;0;;;;;;;;;;;;;;;;;;;;;;
31.01.2025;19:27;A 65;1;4;21;2;41;2;8;2;9;2;13;0;100;2;8;1;0;1;1;0;0;0;0;0;0;0;0;0;0;0;0;0;0;0;0;0;0;0;0;0;0;0;0;0;0;0;0;;;;;;;;;;;;;;;;;;;;;;
31.01.2025;19:26;A 65;1;1;3;1;5;1;5;0;100;2;75;0;100;2;11;1;33;1;33;1;4;0;0;1;0;0;0;0;0;0;0;0;0;0;0;0;0;0;0;0;0;0;0;0;0;0;0;;;;;;;;;;;;;;;;;;;;;;
31.01.2025;19:25;A 65;1;4;3;2;23;1;57;2;76;2;4;0;100;1;4;0;0;0;0;0;0;0;0;0;0;0;0;0;0;0;0;0;0;0;0;0;0;0;0;0;0;0;0;0;0;0;0;;;;;;;;;;;;;;;;;;;;;;
31.01.2025;19:24;A 65;1;2;2;2;11;1;73;1;74;2;6;0;100;2;10;0;0;0;0;0;0;0;0;0;0;0;0;0;0;0;0;0;0;0;0;0;0;0;0;0;0;0;0;0;0;0;0;;;;;;;;;;;;;;;;;;;;;;
31.01.2025;19:23;A 65;1;4;59;2;84;1;32;1;32;1;35;0;100;2;30;0;0;0;0;0;0;0;0;0;0;0;0;0;0;0;0;0;0;0;0;0;0;0;0;0;0;0;0;0;0;0;0;;;;;;;;;;;;;;;;;;;;;;
31.01.2025;19:22;A 65;1;1;34;1;17;2;82;2;83;0;100;0;100;3;54;1;1;1;1;0;0;0;0;0;0;0;0;0;0;0;0;0;0;0;0;0;0;0;0;0;0;0;0;0;0;0;0;;;;;;;;;;;;;;;;;;;;;;
31.01.2025;19:21;A 65;1;1;10;1;7;1;43;1;42;1;95;0;100;1;37;1;0;0;0;1;40;0;0;0;0;0;0;0;0;0;0;0;0;0;0;1;0;0;0;0;0;0;0;0;0;0;0;;;;;;;;;;;;;;;;;;;;;;
31.01.2025;19:20;A 65;1;3;63;0;81;1;35;1;36;2;11;0;100;2;26;0;0;0;0;0;0;0;0;0;0;0;0;0;0;0;0;0;0;0;0;0;0;0;0;0;0;0;0;0;0;0;0;;;;;;;;;;;;;;;;;;;;;;
31.01.2025;19:19;A 65;1;7;56;1;91;2;19;1;17;0;11;0;100;2;81;1;9;1;8;0;0;0;0;0;0;1;0;0;0;0;0;0;0;0;0;0;0;1;0;0;0;0;0;0;0;0;0;;;;;;;;;;;;;;;;;;;;;;
31.01.2025;19:18;A 65;1;2;12;2;16;0;100;0;100;1;82;0;100;1;8;1;18;1;18;4;42;0;0;0;0;0;0;0;0;0;0;0;0;0;0;1;0;0;0;0;0;0;0;0;0;0;0;;;;;;;;;;;;;;;;;;;;;;
31.01.2025;19:17;A 65;1;5;63;1;65;2;79;3;80;5;24;0;100;1;2;0;0;0;0;2;8;0;0;0;0;0;0;0;0;0;0;0;0;0;0;0;0;0;0;0;0;0;0;0;0;0;0;;;;;;;;;;;;;;;;;;;;;;
31.01.2025;19:16;A 65;1;4;26;3;62;3;74;3;75;2;42;0;100;3;18;3;4;4;5;2;7;0;0;0;0;0;0;0;0;0;0;0;0;0;0;0;0;0;0;0;0;0;0;0;0;0;0;;;;;;;;;;;;;;;;;;;;;;
31.01.2025;19:15;A 65;1;4;26;5;26;2;51;1;57;3;34;0;100;2;9;0;6;0;6;0;0;0;0;0;0;0;0;0;0;0;0;0;0;0;0;0;0;0;0;0;0;0;0;1;0;0;0;;;;;;;;;;;;;;;;;;;;;;
31.01.2025;19:14;A 65;1;2;14;2;15;0;0;1;8;2;5;0;100;3;51;1;94;1;95;2;3;0;0;0;0;0;0;0;0;0;0;1;0;0;0;0;0;0;0;1;0;0;0;0;0;0;0;;;;;;;;;;;;;;;;;;;;;;
31.01.2025;19:13;A 65;1;1;7;2;9;1;24;1;24;2;5;0;100;0;0;1;58;1;58;0;3;0;0;0;0;0;0;0;0;0;0;0;0;0;0;0;0;0;0;1;0;0;0;0;0;0;0;;;;;;;;;;;;;;;;;;;;;;
31.01.2025;19:12;A 65;1;2;20;2;13;1;44;1;44;1;3;0;100;1;4;1;3;1;3;2;8;0;0;0;0;0;0;0;0;0;0;0;0;0;0;0;0;0;0;0;0;0;0;1;0;0;0;;;;;;;;;;;;;;;;;;;;;;
31.01.2025;19:11;A 65;1;3;26;3;20;4;11;6;14;1;33;0;100;1;4;0;0;0;0;0;0;0;0;0;0;0;0;0;0;0;0;0;0;0;0;0;0;0;0;1;0;0;0;0;0;0;0;;;;;;;;;;;;;;;;;;;;;;
31.01.2025;19:10;A 65;1;4;20;0;28;1;86;1;88;4;89;0;100;2;9;0;0;0;0;0;0;0;0;0;0;0;0;0;0;0;0;0;0;0;0;0;0;0;0;0;0;0;0;0;0;0;0;;;;;;;;;;;;;;;;;;;;;;
31.01.2025;19:09;A 65;1;6;63;3;65;5;6;5;78;2;90;0;100;1;3;0;0;0;0;0;0;0;0;0;0;0;0;0;0;0;0;0;0;0;0;0;0;0;0;0;0;0;0;0;0;0;0;;;;;;;;;;;;;;;;;;;;;;
31.01.2025;19:08;A 65;1;1;47;2;12;6;48;6;72;2;80;0;100;3;15;0;41;0;40;0;0;0;0;0;0;0;0;0;0;0;0;0;0;0;0;0;0;0;0;0;0;0;0;1;0;0;0;;;;;;;;;;;;;;;;;;;;;;
31.01.2025;19:07;A 65;1;1;1;1;17;2;38;2;43;4;56;0;100;6;40;1;4;1;5;1;5;0;0;0;0;0;0;0;0;0;0;0;0;0;0;0;0;0;0;0;0;0;0;0;0;0;0;;;;;;;;;;;;;;;;;;;;;;
31.01.2025;19:06;A 65;1;4;8;4;50;0;0;1;92;2;4;0;100;5;22;0;0;0;0;0;0;0;0;0;0;0;0;0;0;0;0;0;0;0;0;0;0;0;0;0;0;0;0;0;0;0;0;;;;;;;;;;;;;;;;;;;;;;
31.01.2025;19:05;A 65;1;5;54;1;32;0;77;2;77;0;76;0;100;3;21;1;0;1;0;0;0;0;0;0;0;0;0;1;0;0;0;0;0;0;0;0;0;0;0;0;0;0;0;0;0;0;0;;;;;;;;;;;;;;;;;;;;;;
31.01.2025;19:04;A 65;1;4;19;2;44;1;43;1;45;1;51;0;100;4;32;0;0;0;0;0;0;0;0;0;0;0;0;0;0;0;0;0;0;0;0;0;0;0;0;0;0;0;0;0;0;0;0;;;;;;;;;;;;;;;;;;;;;;
31.01.2025;19:03;A 65;1;2;11;1;22;1;12;1;12;0;15;0;100;3;9;0;0;0;0;0;0;0;0;0;0;0;0;1;0;0;0;0;0;0;0;0;0;0;0;0;0;0;0;0;0;0;0;;;;;;;;;;;;;;;;;;;;;;
31.01.2025;19:02;A 65;1;1;11;1;14;0;100;0;100;1;22;0;100;2;46;0;0;0;0;0;0;0;0;0;0;0;0;0;0;0;0;0;0;0;0;0;0;0;0;0;0;0;0;0;0;0;0;;;;;;;;;;;;;;;;;;;;;;
31.01.2025;19:01;A 65;1;2;19;2;13;4;10;4;45;3;41;0;100;3;21;0;0;0;0;0;0;0;0;0;0;1;0;0;0;0;0;0;0;0;0;0;0;0;0;0;0;0;0;0;0;0;0;;;;;;;;;;;;;;;;;;;;;;
31.01.2025;19:00;A 65;1;3;50;1;21;2;4;1;26;2;13;0;100;1;70;0;0;0;0;0;0;0;0;1;0;0;0;0;0;0;0;0;0;0;0;0;0;0;0;0;0;0;0;0;0;0;0;;;;;;;;;;;;;;;;;;;;;;
31.01.2025;18:59;A 65;1;2;9;2;7;0;0;1;53;1;2;0;100;1;8;0;0;0;0;0;0;0;0;0;0;0;0;0;0;0;0;0;0;0;0;0;0;0;0;0;0;0;0;0;0;0;0;;;;;;;;;;;;;;;;;;;;;;
31.01.2025;18:58;A 65;1;4;4;3;30;1;94;1;93;2;7;0;100;3;17;0;0;0;0;0;0;0;0;0;0;0;0;0;0;0;0;0;0;0;0;0;0;0;0;0;0;0;0;0;0;0;0;;;;;;;;;;;;;;;;;;;;;;
31.01.2025;18:57;A 65;1;2;1;3;11;2;71;2;72;1;4;0;100;4;49;0;0;0;0;0;0;0;0;0;0;0;0;0;0;0;0;0;0;0;0;0;0;0;0;0;0;0;0;0;0;0;0;;;;;;;;;;;;;;;;;;;;;;
31.01.2025;18:56;A 65;1;2;15;3;28;3;19;2;55;3;33;0;100;0;0;1;37;1;37;1;27;0;0;0;0;0;0;0;0;0;0;0;0;0;0;0;0;0;0;0;0;0;0;0;0;0;0;;;;;;;;;;;;;;;;;;;;;;
31.01.2025;18:55;A 65;1;3;29;2;22;3;5;4;57;2;17;0;100;0;70;1;64;1;64;4;9;0;0;0;0;0;0;0;0;1;0;0;0;0;0;0;0;0;0;0;0;0;0;0;0;0;0;;;;;;;;;;;;;;;;;;;;;;
31.01.2025;18:54;A 65;1;6;40;0;50;3;23;1;1;1;5;0;100;2;60;0;0;0;0;0;0;0;0;0;0;0;0;0;0;0;0;0;0;0;0;0;0;1;0;0;0;0;0;0;0;0;0;;;;;;;;;;;;;;;;;;;;;;
31.01.2025;18:53;A 65;1;2;40;1;49;1;95;1;95;0;99;0;100;1;44;0;0;0;0;0;0;0;0;0;0;0;0;0;0;0;0;0;0;0;0;0;0;1;0;0;0;0;0;1;0;0;0;;;;;;;;;;;;;;;;;;;;;;
31.01.2025;18:52;A 65;1;1;1;1;5;3;64;3;65;3;73;0;100;1;4;0;0;0;0;0;0;0;0;0;0;1;0;0;0;0;0;0;0;0;0;0;0;0;0;0;0;0;0;0;0;0;0;;;;;;;;;;;;;;;;;;;;;;
31.01.2025;18:51;A 65;1;0;0;0;0;2;45;2;46;2;54;0;100;1;58;0;0;0;0;0;0;0;0;0;0;0;0;0;0;1;0;0;0;1;0;0;0;0;0;0;0;0;0;0;0;0;0;;;;;;;;;;;;;;;;;;;;;;
31.01.2025;18:50;A 65;1;1;0;1;10;3;5;3;5;4;9;0;100;3;20;0;0;0;0;0;0;0;0;0;0;0;0;0;0;0;0;0;0;0;0;0;0;0;0;0;0;0;0;0;0;0;0;;;;;;;;;;;;;;;;;;;;;;
31.01.2025;18:49;A 65;1;3;47;6;32;3;9;2;66;0;69;0;100;2;73;0;58;0;58;0;0;0;0;0;0;0;0;0;0;0;0;0;0;0;0;0;0;0;0;0;0;0;0;0;0;0;0;;;;;;;;;;;;;;;;;;;;;;
31.01.2025;18:48;A 65;1;2;2;2;9;0;0;1;50;3;40;0;100;4;35;1;64;1;65;2;4;0;0;0;0;1;0;0;0;1;0;0;0;0;0;0;0;0;0;0;0;0;0;0;0;0;0;;;;;;;;;;;;;;;;;;;;;;
31.01.2025;18:47;A 65;1;1;1;1;6;0;0;0;0;0;0;0;100;3;20;0;1;0;1;0;0;0;0;0;0;0;0;0;0;0;0;0;0;0;0;0;0;0;0;0;0;0;0;0;0;0;0;;;;;;;;;;;;;;;;;;;;;;
31.01.2025;18:46;A 65;1;4;5;2;22;2;69;2;70;3;53;0;100;1;3;1;0;1;1;2;32;0;0;1;0;0;0;0;0;0;0;1;0;0;0;0;0;0;0;0;0;0;0;0;0;0;0;;;;;;;;;;;;;;;;;;;;;;
31.01.2025;18:45;A 65;1;3;33;2;10;1;49;1;48;1;6;0;100;3;17;1;14;1;14;2;4;0;0;0;0;0;0;0;0;0;0;0;0;0;0;0;0;0;0;0;0;0;0;0;0;0;0;;;;;;;;;;;;;;;;;;;;;;
31.01.2025;18:44;A 65;1;5;16;2;25;2;27;2;27;3;9;0;100;4;63;0;0;0;0;0;0;0;0;1;0;0;0;0;0;0;0;1;0;0;0;0;0;0;0;0;0;0;0;0;0;0;0;;;;;;;;;;;;;;;;;;;;;;
31.01.2025;18:43;A 65;1;7;10;3;57;0;0;0;0;1;2;0;100;3;62;0;0;0;0;0;0;0;0;0;0;0;0;0;0;0;0;0;0;0;0;0;0;0;0;0;0;0;0;0;0;0;0;;;;;;;;;;;;;;;;;;;;;;
31.01.2025;18:42;A 65;1;4;17;4;29;1;39;1;40;2;7;0;100;0;0;0;0;0;0;0;0;0;0;0;0;0;0;0;0;0;0;0;0;0;0;0;0;0;0;0;0;0;0;0;0;0;0;;;;;;;;;;;;;;;;;;;;;;
31.01.2025;18:41;A 65;1;2;49;1;5;0;69;3;24;0;0;0;100;0;0;1;2;1;2;1;4;0;0;0;0;0;0;0;0;0;0;1;0;0;0;0;0;0;0;0;0;0;0;0;0;0;0;;;;;;;;;;;;;;;;;;;;;;
31.01.2025;18:40;A 65;1;2;4;6;27;3;68;3;70;1;49;0;100;2;26;0;0;0;0;0;0;0;0;0;0;3;0;0;0;0;0;0;0;0;0;0;0;1;0;0;0;1;0;0;0;0;0;;;;;;;;;;;;;;;;;;;;;;
31.01.2025;18:39;A 65;1;3;6;2;22;4;50;4;50;1;68;0;100;2;60;0;0;1;0;0;0;0;0;0;0;0;0;0;0;0;0;0;0;0;0;0;0;0;0;0;0;0;0;0;0;0;0;;;;;;;;;;;;;;;;;;;;;;
31.01.2025;18:38;A 65;1;5;19;1;35;1;59;1;61;1;67;0;100;4;31;0;0;0;0;0;0;0;0;0;0;0;0;0;0;0;0;2;0;0;0;0;0;0;0;0;0;0;0;0;0;0;0;;;;;;;;;;;;;;;;;;;;;;
31.01.2025;18:37;A 65;1;1;51;3;61;2;72;3;74;1;4;0;100;1;14;0;0;0;0;0;0;0;0;0;0;0;0;0;0;0;0;0;0;0;0;0;0;0;0;0;0;0;0;0;0;0;0;;;;;;;;;;;;;;;;;;;;;;
31.01.2025;18:36;A 65;1;5;66;3;51;0;0;0;0;3;13;0;100;3;16;1;40;1;40;1;2;0;0;0;0;0;0;0;0;0;0;0;0;0;0;0;0;0;0;0;0;0;0;0;0;0;0;;;;;;;;;;;;;;;;;;;;;;
31.01.2025;18:35;A 65;1;5;23;7;55;0;0;0;0;1;1;0;100;1;4;1;52;1;53;1;6;0;0;0;0;0;0;1;0;0;0;0;0;0;0;0;0;0;0;0;0;1;0;0;0;0;0;;;;;;;;;;;;;;;;;;;;;;
31.01.2025;18:34;A 65;1;6;5;5;28;0;0;0;0;1;4;0;100;2;24;1;8;1;8;1;12;0;0;1;0;0;0;1;0;0;0;0;0;0;0;0;0;0;0;2;0;0;0;0;0;0;0;;;;;;;;;;;;;;;;;;;;;;
31.01.2025;18:33;A 65;1;2;2;3;10;1;6;1;3;1;4;0;100;3;30;1;58;1;54;1;1;0;0;0;0;0;0;0;0;0;0;0;0;0;0;0;0;0;0;0;0;0;0;0;0;0;0;;;;;;;;;;;;;;;;;;;;;;
31.01.2025;18:32;A 65;1;4;16;5;36;0;0;0;0;0;0;0;100;2;67;2;18;1;18;2;6;0;0;0;0;0;0;0;0;0;0;0;0;0;0;0;0;0;0;1;0;0;0;0;0;0;0;;;;;;;;;;;;;;;;;;;;;;
31.01.2025;18:31;A 65;1;2;52;2;41;3;10;3;10;2;19;0;100;3;12;0;0;0;0;0;0;0;0;0;0;0;0;0;0;0;0;0;0;0;0;0;0;0;0;0;0;0;0;0;0;0;0;;;;;;;;;;;;;;;;;;;;;;
31.01.2025;18:30;A 65;1;4;5;5;27;1;65;1;65;1;2;0;100;3;32;0;0;0;0;0;0;0;0;0;0;5;1;0;0;0;0;2;0;0;0;0;0;4;1;0;0;0;0;0;0;0;0;;;;;;;;;;;;;;;;;;;;;;
31.01.2025;18:29;A 65;1;0;0;0;0;3;11;2;78;2;55;0;100;4;87;2;62;3;62;0;67;0;0;0;0;0;0;0;0;0;0;0;0;0;0;0;0;0;0;0;0;0;0;0;0;0;0;;;;;;;;;;;;;;;;;;;;;;
31.01.2025;18:28;A 65;1;2;2;2;13;0;24;1;50;1;7;0;100;1;10;1;31;1;31;3;27;0;0;0;0;0;0;0;0;1;0;0;0;0;0;0;0;0;0;0;0;0;0;0;0;0;0;;;;;;;;;;;;;;;;;;;;;;
31.01.2025;18:27;A 65;1;2;6;2;14;1;67;1;69;1;7;0;100;0;0;0;0;0;0;0;0;0;0;0;0;0;0;0;0;2;0;1;0;0;0;0;0;0;0;0;0;0;0;0;0;0;0;;;;;;;;;;;;;;;;;;;;;;
31.01.2025;18:26;A 65;1;4;5;2;11;1;54;1;54;1;4;0;100;0;0;1;0;1;1;0;0;0;0;0;0;0;0;0;0;0;0;0;0;0;0;0;0;0;0;0;0;0;0;0;0;0;0;;;;;;;;;;;;;;;;;;;;;;
31.01.2025;18:25;A 65;1;5;23;6;63;2;70;0;71;0;0;0;100;2;13;1;11;1;11;1;3;0;0;0;0;0;0;0;0;0;0;0;0;0;0;0;0;0;0;0;0;0;0;0;0;0;0;;;;;;;;;;;;;;;;;;;;;;
31.01.2025;18:24;A 65;1;0;0;1;41;3;50;3;52;3;32;0;100;4;51;0;0;0;0;0;0;0;0;0;0;0;0;0;0;1;0;0;0;0;0;0;0;0;0;0;0;0;0;0;0;0;0;;;;;;;;;;;;;;;;;;;;;;
31.01.2025;18:23;A 65;1;7;61;4;80;4;81;4;82;2;30;0;100;2;57;0;0;0;0;0;0;0;0;0;0;0;0;0;0;0;0;0;0;0;0;0;0;1;0;0;0;0;0;0;0;0;0;;;;;;;;;;;;;;;;;;;;;;
31.01.2025;18:22;A 65;1;4;4;1;24;1;62;1;65;4;54;0;100;4;56;0;0;0;0;0;0;0;0;0;0;1;0;0;0;0;0;0;0;0;0;0;0;0;0;0;0;0;0;0;0;0;0;;;;;;;;;;;;;;;;;;;;;;
31.01.2025;18:21;A 65;1;4;68;2;86;3;53;4;53;5;54;0;100;0;0;0;42;0;42;0;0;0;0;0;0;1;0;0;0;0;0;0;0;0;0;0;0;4;1;0;0;0;0;1;0;0;0;;;;;;;;;;;;;;;;;;;;;;
31.01.2025;18:20;A 65;1;1;1;1;54;5;54;4;75;1;36;0;100;3;20;3;26;4;28;5;17;0;0;0;0;0;0;0;0;0;0;0;0;0;0;0;0;0;0;0;0;0;0;1;0;0;0;;;;;;;;;;;;;;;;;;;;;;
31.01.2025;18:19;A 65;1;5;9;3;29;1;2;2;45;4;11;0;100;3;12;0;0;0;0;0;0;0;0;0;0;0;0;0;0;0;0;0;0;0;0;0;0;1;0;0;0;0;0;0;0;0;0;;;;;;;;;;;;;;;;;;;;;;
31.01.2025;18:18;A 65;1;5;5;3;18;1;3;0;91;1;15;0;100;3;18;0;90;0;89;0;0;0;0;0;0;0;0;0;0;0;0;0;0;0;0;0;0;0;0;0;0;0;0;0;0;0;0;;;;;;;;;;;;;;;;;;;;;;
31.01.2025;18:17;A 65;1;2;1;2;10;1;3;2;43;2;8;0;100;4;44;1;9;1;10;1;5;1;0;0;0;0;0;0;0;1;0;0;0;0;0;0;0;0;0;0;0;0;0;0;0;0;0;;;;;;;;;;;;;;;;;;;;;;
31.01.2025;18:16;A 65;1;6;26;3;40;1;33;1;32;2;4;0;100;2;8;0;0;0;0;0;0;0;0;0;0;0;0;0;0;0;0;0;0;0;0;0;0;0;0;0;0;0;0;0;0;0;0;;;;;;;;;;;;;;;;;;;;;;
31.01.2025;18:15;A 65;1;5;47;3;73;1;48;1;49;3;5;0;100;22;24;2;1;1;1;0;0;0;0;0;0;0;0;0;0;0;0;0;0;0;0;0;0;1;0;0;0;0;0;0;0;0;0;;;;;;;;;;;;;;;;;;;;;;
31.01.2025;18:14;A 65;1;10;51;0;100;0;100;0;100;0;0;0;100;0;26;0;0;0;0;0;66;0;0;0;0;0;0;0;0;0;0;0;0;0;0;0;0;0;0;0;0;0;0;0;0;0;0;;;;;;;;;;;;;;;;;;;;;;
31.01.2025;18:13;A 65;1;2;97;0;100;3;16;3;18;4;16;0;100;2;65;1;1;1;0;0;100;0;0;0;0;0;0;0;0;0;0;0;0;0;0;0;0;1;0;0;0;0;0;0;0;0;0;;;;;;;;;;;;;;;;;;;;;;
31.01.2025;18:12;A 65;1;1;11;2;25;1;14;1;88;1;45;0;100;2;29;3;45;2;44;1;69;0;0;0;0;0;0;0;0;0;0;0;0;0;0;0;0;0;0;0;0;0;0;0;0;0;0;;;;;;;;;;;;;;;;;;;;;;
31.01.2025;18:11;A 65;1;0;0;0;0;4;10;4;73;5;30;0;100;6;52;0;0;0;0;0;0;0;0;0;0;0;0;0;0;0;0;0;0;1;0;0;0;0;0;0;0;0;0;0;0;0;0;;;;;;;;;;;;;;;;;;;;;;
31.01.2025;18:10;A 65;1;5;30;1;54;2;74;1;86;1;93;0;100;0;69;1;0;1;1;0;0;0;0;0;0;0;0;2;0;0;0;0;0;0;0;0;0;0;0;2;0;0;0;0;0;0;0;;;;;;;;;;;;;;;;;;;;;;
31.01.2025;18:09;A 65;1;1;96;2;43;4;6;3;76;4;51;0;100;3;88;3;10;3;10;3;28;0;0;0;0;0;0;0;0;0;0;0;0;0;0;0;0;0;0;0;0;0;0;0;0;0;0;;;;;;;;;;;;;;;;;;;;;;
31.01.2025;18:08;A 65;1;4;19;5;37;2;44;4;72;3;52;0;100;1;7;0;0;0;0;1;0;0;0;0;0;0;0;0;0;0;0;0;0;0;0;0;0;0;0;0;0;0;0;0;0;0;0;;;;;;;;;;;;;;;;;;;;;;
31.01.2025;18:07;A 65;1;5;53;1;65;4;38;4;39;5;16;0;100;2;11;1;8;2;8;0;0;0;0;0;0;0;0;0;0;0;0;1;0;0;0;0;0;0;0;0;0;0;0;0;0;0;0;;;;;;;;;;;;;;;;;;;;;;
31.01.2025;18:06;A 65;1;10;30;3;75;1;45;1;47;4;13;0;100;3;36;1;21;1;22;1;3;0;0;0;0;0;0;0;0;0;0;1;0;0;0;0;0;1;0;0;0;0;0;0;0;0;0;;;;;;;;;;;;;;;;;;;;;;
31.01.2025;18:05;A 65;1;3;77;0;100;6;84;6;82;2;95;0;100;0;100;0;0;0;0;0;0;0;0;0;0;0;0;0;0;0;0;0;0;0;0;1;0;0;0;1;0;0;0;0;0;0;0;;;;;;;;;;;;;;;;;;;;;;
31.01.2025;18:04;A 65;1;2;56;2;77;2;94;2;95;0;100;0;100;1;70;4;2;1;2;1;0;0;0;0;0;0;0;0;0;0;0;0;0;0;0;0;0;0;0;0;0;0;0;0;0;0;0;;;;;;;;;;;;;;;;;;;;;;
31.01.2025;18:03;A 65;1;4;18;2;34;1;85;1;86;1;93;0;100;2;60;3;1;2;2;2;13;0;0;0;0;0;0;0;0;0;0;0;0;0;0;0;0;0;0;0;0;0;0;0;0;0;0;;;;;;;;;;;;;;;;;;;;;;
31.01.2025;18:02;A 65;1;7;19;1;44;4;73;4;74;4;38;0;100;0;100;3;10;4;9;2;62;1;0;0;0;0;0;0;0;0;0;0;0;0;0;1;0;0;0;0;0;0;0;0;0;0;0;;;;;;;;;;;;;;;;;;;;;;
31.01.2025;18:01;A 65;1;2;54;2;15;5;14;4;55;10;52;0;100;2;38;1;39;1;6;0;0;0;0;0;0;0;0;0;0;0;0;0;0;0;0;0;0;0;0;1;0;0;0;0;0;0;0;;;;;;;;;;;;;;;;;;;;;;
31.01.2025;18:00;A 65;1;4;34;5;41;2;45;3;64;11;64;0;100;2;8;1;30;1;30;1;18;0;0;1;0;1;0;0;0;0;0;1;0;0;0;0;0;0;0;0;0;0;0;1;0;0;0;;;;;;;;;;;;;;;;;;;;;;
31.01.2025;17:59;A 65;1;6;25;5;37;2;59;2;61;2;52;0;100;4;42;0;11;0;10;0;0;0;0;3;0;0;0;0;0;0;0;0;0;0;0;0;0;0;0;0;0;0;0;0;0;0;0;;;;;;;;;;;;;;;;;;;;;;
31.01.2025;17:58;A 65;1;5;21;3;36;1;63;1;65;3;23;0;100;4;29;1;90;1;90;0;47;0;0;0;0;0;0;0;0;0;0;0;0;0;0;0;0;0;0;0;0;0;0;1;0;0;0;;;;;;;;;;;;;;;;;;;;;;
31.01.2025;17:57;A 65;1;7;18;3;43;2;74;2;74;1;5;0;100;2;12;0;0;0;0;1;20;0;0;0;0;0;0;0;0;0;0;0;0;0;0;0;0;0;0;0;0;0;0;0;0;0;0;;;;;;;;;;;;;;;;;;;;;;
31.01.2025;17:56;A 65;1;3;81;0;100;4;46;4;46;1;63;0;100;2;35;0;42;0;41;0;0;0;0;0;0;0;0;0;0;0;0;0;0;0;0;0;0;2;0;2;0;0;0;1;0;0;0;;;;;;;;;;;;;;;;;;;;;;
31.01.2025;17:55;A 65;1;4;68;3;90;1;94;1;95;3;92;0;100;1;65;1;11;1;11;1;2;0;0;0;0;0;0;0;0;0;0;0;0;0;0;0;0;1;0;0;0;0;0;0;0;0;0;;;;;;;;;;;;;;;;;;;;;;
31.01.2025;17:54;A 65;1;3;28;4;42;0;0;0;0;0;0;0;100;3;49;2;62;2;62;4;5;0;0;0;0;0;0;0;0;0;0;0;0;0;0;0;0;1;0;0;0;0;0;0;0;0;0;;;;;;;;;;;;;;;;;;;;;;
31.01.2025;17:53;A 65;1;9;58;4;59;1;1;2;1;1;3;0;100;2;62;0;0;0;0;0;0;0;0;0;0;0;0;0;0;0;0;1;0;0;0;0;0;0;0;0;0;0;0;0;0;0;0;;;;;;;;;;;;;;;;;;;;;;
31.01.2025;17:52;A 65;1;4;59;6;84;2;32;2;35;0;33;0;100;0;83;0;22;0;21;0;0;0;0;0;0;0;0;0;0;0;0;0;0;0;0;0;0;1;0;0;0;0;0;0;0;0;0;;;;;;;;;;;;;;;;;;;;;;
31.01.2025;17:51;A 65;1;2;58;1;17;6;83;7;85;2;97;0;100;0;100;1;47;1;47;2;5;1;0;0;0;0;0;0;0;1;0;0;0;0;0;0;0;0;0;0;0;1;0;0;0;0;0;;;;;;;;;;;;;;;;;;;;;;
31.01.2025;17:50;A 65;1;4;43;1;32;1;89;1;91;1;96;0;100;3;51;0;0;1;2;1;3;0;0;0;0;0;0;0;0;0;0;0;0;0;0;0;0;1;0;0;0;0;0;0;0;0;0;;;;;;;;;;;;;;;;;;;;;;
31.01.2025;17:49;A 65;1;3;27;2;44;5;8;5;51;3;56;0;100;2;12;0;72;0;71;0;0;0;0;0;0;0;0;0;0;0;0;0;0;0;0;0;0;0;0;0;0;0;0;0;0;0;0;;;;;;;;;;;;;;;;;;;;;;
31.01.2025;17:48;A 65;1;7;64;4;74;1;44;1;43;4;10;0;100;1;77;1;51;1;51;1;5;0;0;0;0;0;0;0;0;0;0;0;0;0;0;0;0;0;0;0;0;0;0;0;0;0;0;;;;;;;;;;;;;;;;;;;;;;
31.01.2025;17:47;A 65;1;8;61;6;63;5;29;4;33;1;18;0;100;1;54;3;18;2;18;1;12;0;0;0;0;0;0;1;0;0;0;0;0;0;0;0;0;0;0;1;0;0;0;0;0;0;0;;;;;;;;;;;;;;;;;;;;;;
31.01.2025;17:46;A 65;1;8;19;4;47;0;0;1;91;2;96;0;100;0;100;2;1;1;1;2;5;0;0;0;0;3;0;0;0;0;0;0;0;0;0;0;0;3;0;0;0;0;0;0;0;0;0;;;;;;;;;;;;;;;;;;;;;;
31.01.2025;17:45;A 65;1;2;48;4;52;3;51;4;53;4;22;0;100;0;100;0;0;1;1;3;6;0;0;0;0;0;0;0;0;0;0;0;0;0;0;0;0;0;0;0;0;0;0;0;0;0;0;;;;;;;;;;;;;;;;;;;;;;
31.01.2025;17:44;A 65;1;6;79;0;92;2;40;1;41;1;20;0;100;0;100;1;20;1;20;1;24;1;0;0;0;0;0;0;0;0;0;1;0;0;0;0;0;1;0;0;0;0;0;0;0;0;0;;;;;;;;;;;;;;;;;;;;;;
31.01.2025;17:43;A 65;1;5;68;1;92;3;39;4;37;2;48;0;100;0;100;0;0;0;0;0;0;0;0;0;0;0;0;0;0;2;0;0;0;1;0;0;0;0;0;0;0;0;0;0;0;0;0;;;;;;;;;;;;;;;;;;;;;;
31.01.2025;17:42;A 65;1;6;47;4;70;2;88;3;92;1;90;0;100;0;100;0;1;0;0;0;0;0;0;0;0;0;0;0;0;0;0;0;0;0;0;0;0;1;0;0;0;0;0;1;0;0;0;;;;;;;;;;;;;;;;;;;;;;
31.01.2025;17:41;A 65;1;0;0;0;0;0;100;0;100;0;100;0;100;1;87;2;32;2;33;1;37;0;0;0;0;0;0;0;0;2;0;0;0;0;0;1;0;0;0;0;0;0;0;0;0;0;0;;;;;;;;;;;;;;;;;;;;;;
31.01.2025;17:40;A 65;1;3;32;3;22;1;38;1;39;1;51;0;100;2;19;0;40;0;40;0;40;0;0;0;0;0;0;1;0;0;0;0;0;0;0;0;0;0;0;1;0;0;0;0;0;0;0;;;;;;;;;;;;;;;;;;;;;;
31.01.2025;17:39;A 65;1;4;50;6;34;4;14;4;14;1;22;0;100;1;81;1;29;1;29;1;36;0;0;0;0;0;0;0;0;0;0;1;0;0;0;0;0;0;0;0;0;0;0;0;0;0;0;;;;;;;;;;;;;;;;;;;;;;
31.01.2025;17:38;A 65;1;4;4;4;52;0;100;0;100;0;100;0;100;1;3;1;79;1;80;1;8;0;0;0;0;0;0;0;0;0;0;0;0;0;0;0;0;0;0;0;0;0;0;0;0;0;0;;;;;;;;;;;;;;;;;;;;;;
31.01.2025;17:37;A 65;1;8;15;4;37;1;50;1;51;2;31;0;100;3;16;0;0;0;0;0;0;0;0;0;0;0;0;0;0;0;0;0;0;0;0;0;0;1;0;0;0;0;0;0;0;0;0;;;;;;;;;;;;;;;;;;;;;;
31.01.2025;17:36;A 65;1;2;53;1;69;3;42;3;42;1;48;0;100;2;44;1;0;0;0;2;1;0;0;0;0;0;0;0;0;0;0;0;0;1;0;0;0;0;0;0;0;0;0;1;0;0;0;;;;;;;;;;;;;;;;;;;;;;
31.01.2025;17:35;A 65;1;4;40;2;18;3;33;2;41;5;28;0;100;2;11;0;6;0;6;0;5;0;0;0;0;0;0;1;0;0;0;1;0;1;0;0;0;0;0;2;0;1;0;0;0;0;0;;;;;;;;;;;;;;;;;;;;;;
31.01.2025;17:34;A 65;1;7;32;3;58;0;0;0;100;1;35;0;100;1;81;1;83;1;83;1;90;0;0;0;0;0;0;0;0;0;0;0;0;0;0;0;0;0;0;0;0;0;0;0;0;0;0;;;;;;;;;;;;;;;;;;;;;;
31.01.2025;17:33;A 65;1;7;79;0;100;3;50;4;72;2;61;0;100;1;64;0;0;0;0;0;0;0;0;0;0;0;0;0;0;0;0;0;0;0;0;0;0;1;0;1;0;0;0;0;0;0;0;;;;;;;;;;;;;;;;;;;;;;
31.01.2025;17:32;A 65;1;3;74;1;84;2;92;2;94;0;100;0;100;5;57;4;1;4;3;3;9;0;0;0;0;0;0;0;0;0;0;0;0;0;0;0;0;0;0;0;0;0;0;1;0;0;0;;;;;;;;;;;;;;;;;;;;;;
31.01.2025;17:31;A 65;1;2;50;1;52;2;50;3;54;4;55;0;100;3;36;2;1;1;1;2;3;0;0;0;0;0;0;0;0;0;0;0;0;0;0;0;0;1;0;0;0;0;0;0;0;0;0;;;;;;;;;;;;;;;;;;;;;;
31.01.2025;17:30;A 65;1;4;29;5;47;5;78;5;79;1;91;0;100;4;30;0;0;1;0;0;0;0;0;1;0;0;0;0;0;0;0;1;0;0;0;0;0;0;0;0;0;0;0;0;0;0;0;;;;;;;;;;;;;;;;;;;;;;
31.01.2025;17:29;A 65;1;3;7;4;20;0;0;0;0;2;2;0;100;1;9;0;0;1;1;1;0;0;0;0;0;1;0;0;0;0;0;0;0;1;0;0;0;1;0;0;0;0;0;0;0;0;0;;;;;;;;;;;;;;;;;;;;;;
31.01.2025;17:28;A 65;1;5;37;3;43;4;11;4;12;1;53;0;100;3;63;0;37;0;37;0;36;0;0;0;0;0;0;0;0;1;0;0;0;0;0;1;0;0;0;0;0;0;0;0;0;0;0;;;;;;;;;;;;;;;;;;;;;;
31.01.2025;17:27;A 65;1;6;57;0;69;1;9;1;8;5;21;0;100;0;62;3;34;3;34;1;48;0;0;0;0;0;0;2;0;0;0;3;0;0;0;0;0;0;0;1;0;0;0;0;0;0;0;;;;;;;;;;;;;;;;;;;;;;
31.01.2025;17:26;A 65;1;9;22;7;47;1;13;1;15;4;22;0;100;3;20;1;65;1;66;1;71;1;0;0;0;0;0;0;0;1;0;0;0;0;0;0;0;0;0;0;0;0;0;0;0;0;0;;;;;;;;;;;;;;;;;;;;;;
31.01.2025;17:25;A 65;1;7;10;2;33;0;0;0;0;1;0;0;100;3;11;1;1;1;1;1;3;0;0;0;0;0;0;0;0;0;0;0;0;0;0;0;0;0;0;0;0;0;0;0;0;0;0;;;;;;;;;;;;;;;;;;;;;;
31.01.2025;17:24;A 65;1;2;16;3;21;1;38;1;37;1;44;0;100;2;62;1;0;2;3;3;13;0;0;1;0;0;0;0;0;0;0;2;0;0;0;0;0;0;0;0;0;0;0;0;0;0;0;;;;;;;;;;;;;;;;;;;;;;
31.01.2025;17:23;A 65;1;6;53;2;60;1;75;1;75;2;53;0;100;3;22;0;7;0;7;0;5;0;0;0;0;0;0;0;0;0;0;0;0;0;0;0;0;0;0;0;0;0;0;0;0;0;0;;;;;;;;;;;;;;;;;;;;;;
31.01.2025;17:22;A 65;1;5;42;4;43;0;100;0;100;1;0;0;100;1;70;1;93;1;94;0;100;0;0;0;0;1;0;0;0;0;0;0;0;0;0;0;0;0;0;0;0;0;0;0;0;0;0;;;;;;;;;;;;;;;;;;;;;;
31.01.2025;17:21;A 65;1;2;3;2;9;3;80;3;80;3;75;0;100;1;80;0;54;0;54;1;55;0;0;0;0;0;0;0;0;0;0;0;0;0;0;0;0;0;0;0;0;1;0;0;0;0;0;;;;;;;;;;;;;;;;;;;;;;
31.01.2025;17:20;A 65;1;4;24;1;36;3;44;4;45;2;60;0;100;1;23;1;29;1;29;8;31;0;0;0;0;0;0;0;0;0;0;0;0;0;0;0;0;0;0;0;0;0;0;0;0;0;0;;;;;;;;;;;;;;;;;;;;;;
31.01.2025;17:19;A 65;1;6;24;5;32;1;57;1;58;4;27;0;100;1;4;1;28;1;28;0;100;0;0;0;0;0;0;0;0;0;0;1;0;0;0;0;0;0;0;0;0;0;0;0;0;0;0;;;;;;;;;;;;;;;;;;;;;;
31.01.2025;17:18;A 65;1;5;7;5;17;1;92;1;91;3;9;0;100;4;21;0;0;0;0;0;100;0;0;0;0;0;0;0;0;0;0;0;0;0;0;0;0;1;0;0;0;0;0;0;0;0;0;;;;;;;;;;;;;;;;;;;;;;
31.01.2025;17:17;A 65;1;4;78;2;78;4;48;4;51;4;46;0;100;2;63;0;0;0;0;0;100;0;0;0;0;0;0;3;0;0;0;0;0;0;0;0;0;0;0;1;0;0;0;0;0;0;0;;;;;;;;;;;;;;;;;;;;;;
31.01.2025;17:16;A 65;1;1;5;1;12;3;6;2;45;3;53;0;100;2;42;0;0;0;0;0;100;0;0;1;0;0;0;0;0;0;0;5;1;0;0;0;0;0;0;0;0;0;0;0;0;0;0;;;;;;;;;;;;;;;;;;;;;;
31.01.2025;17:15;A 65;1;5;23;4;26;3;14;4;51;1;69;0;100;3;16;0;0;0;0;1;31;0;0;3;0;0;0;0;0;0;0;18;4;0;0;0;0;0;0;1;0;0;0;2;0;0;0;;;;;;;;;;;;;;;;;;;;;;
31.01.2025;17:14;A 65;1;7;30;4;36;0;100;0;100;1;57;0;100;3;55;2;0;1;1;2;6;0;0;0;0;0;0;0;0;0;0;0;0;0;0;0;0;1;0;0;0;0;0;1;0;0;0;;;;;;;;;;;;;;;;;;;;;;
31.01.2025;17:13;A 65;1;2;74;2;77;5;85;4;88;2;69;0;100;0;100;2;3;2;32;2;43;0;0;0;0;0;0;0;0;0;0;2;0;0;0;0;0;0;0;0;0;0;0;0;0;0;0;;;;;;;;;;;;;;;;;;;;;;
31.01.2025;17:12;A 65;1;3;63;3;42;5;71;6;70;0;100;0;100;4;89;1;0;1;1;1;2;0;0;0;0;0;0;0;0;0;0;0;0;0;0;0;0;0;0;0;0;0;0;0;0;0;0;;;;;;;;;;;;;;;;;;;;;;
31.01.2025;17:11;A 65;1;0;0;1;1;4;77;4;76;2;84;0;100;2;94;1;7;1;7;0;8;0;0;1;0;0;0;0;0;0;0;0;0;0;0;0;0;3;0;0;0;0;0;0;0;0;0;;;;;;;;;;;;;;;;;;;;;;
31.01.2025;17:10;A 65;1;0;14;0;9;1;90;1;92;2;90;0;100;2;11;1;75;1;75;2;69;0;0;5;1;0;0;0;0;0;0;1;0;0;0;0;0;0;0;0;0;0;0;0;0;0;0;;;;;;;;;;;;;;;;;;;;;;
31.01.2025;17:09;A 65;1;4;15;3;26;1;4;3;26;3;36;0;100;0;0;1;3;2;5;1;25;0;0;0;0;0;0;0;0;0;0;0;0;0;0;0;0;0;0;0;0;4;1;0;0;0;0;;;;;;;;;;;;;;;;;;;;;;
31.01.2025;17:08;A 65;1;5;64;4;69;4;47;4;47;1;53;0;100;3;24;0;31;0;31;0;30;0;0;0;0;0;0;0;0;0;0;1;0;0;0;0;0;0;0;0;0;2;0;0;0;0;0;;;;;;;;;;;;;;;;;;;;;;
31.01.2025;17:07;A 65;1;0;0;0;2;1;59;1;61;3;48;0;100;3;9;1;61;1;62;1;67;0;0;0;0;0;0;0;0;0;0;0;0;0;0;0;0;3;0;0;0;0;0;0;0;0;0;;;;;;;;;;;;;;;;;;;;;;
31.01.2025;17:06;A 65;1;6;29;5;48;1;2;0;0;0;0;0;100;0;40;0;0;1;0;1;1;0;0;0;0;0;0;0;0;0;0;1;0;0;0;0;0;0;0;0;0;0;0;0;0;0;0;;;;;;;;;;;;;;;;;;;;;;
31.01.2025;17:05;A 65;1;5;36;5;41;3;87;3;86;1;90;0;100;2;41;2;76;2;76;0;79;0;0;0;0;3;0;0;0;0;0;0;0;0;0;0;0;0;0;0;0;1;0;0;0;0;0;;;;;;;;;;;;;;;;;;;;;;
31.01.2025;17:04;A 65;1;1;3;1;4;3;49;3;52;4;61;0;100;3;89;1;36;1;36;2;33;0;0;0;0;0;0;0;0;0;0;0;0;0;0;2;0;0;0;0;0;0;0;0;0;0;0;;;;;;;;;;;;;;;;;;;;;;
31.01.2025;17:03;A 65;1;12;39;4;55;1;93;1;95;1;55;0;100;3;41;0;0;0;0;0;0;0;0;0;0;0;0;0;0;0;0;0;0;0;0;0;0;0;0;1;0;0;0;0;0;0;0;;;;;;;;;;;;;;;;;;;;;;
31.01.2025;17:02;A 65;1;6;68;4;71;4;80;4;79;2;98;0;100;2;35;0;0;0;0;0;0;0;0;0;0;0;0;0;0;0;0;0;0;1;0;0;0;0;0;0;0;0;0;0;0;0;0;;;;;;;;;;;;;;;;;;;;;;
31.01.2025;17:01;A 65;1;3;16;1;20;1;76;1;77;1;91;0;100;0;32;0;0;0;0;0;0;0;0;0;0;0;0;0;0;0;0;0;0;0;0;0;0;0;0;0;0;0;0;0;0;0;0;;;;;;;;;;;;;;;;;;;;;;
31.01.2025;17:00;A 65;1;1;41;2;45;5;52;5;53;0;70;0;100;0;100;4;45;4;45;4;42;0;0;0;0;0;0;0;0;0;0;0;0;0;0;1;0;0;0;0;0;0;0;1;0;0;0;;;;;;;;;;;;;;;;;;;;;;
31.01.2025;16:59;A 65;1;8;78;3;54;2;51;2;51;2;29;0;100;1;49;1;10;1;11;1;8;0;0;1;0;0;0;0;0;0;0;2;0;0;0;2;0;0;0;0;0;0;0;0;0;0;0;;;;;;;;;;;;;;;;;;;;;;
31.01.2025;16:58;A 65;1;8;32;6;57;1;96;0;100;0;100;0;100;1;50;1;0;1;1;2;5;0;0;0;0;0;0;0;0;0;0;0;0;0;0;0;0;0;0;0;0;0;0;0;0;0;0;;;;;;;;;;;;;;;;;;;;;;
31.01.2025;16:57;A 65;1;5;26;6;53;4;11;4;84;0;100;0;100;2;80;3;47;3;46;1;61;2;0;0;0;0;0;0;0;0;0;0;0;0;0;0;0;0;0;0;0;0;0;0;0;0;0;;;;;;;;;;;;;;;;;;;;;;
31.01.2025;16:56;A 65;1;2;17;1;29;3;43;3;38;0;100;0;100;2;84;0;0;0;0;0;0;0;0;0;0;0;0;0;0;0;0;0;0;0;0;0;0;0;0;0;0;0;0;0;0;0;0;;;;;;;;;;;;;;;;;;;;;;
31.01.2025;16:55;A 65;1;1;15;1;2;1;94;1;5;0;100;0;100;4;61;0;0;0;0;0;0;1;0;0;0;0;0;0;0;0;0;0;0;0;0;0;0;1;0;2;0;0;0;0;0;0;0;;;;;;;;;;;;;;;;;;;;;;
31.01.2025;16:54;A 65;1;3;17;4;15;3;84;4;84;0;100;0;100;2;12;1;72;3;4;1;78;0;0;0;0;0;0;0;0;0;0;9;2;0;0;0;0;0;0;0;0;0;0;0;0;0;0;;;;;;;;;;;;;;;;;;;;;;
31.01.2025;16:53;A 65;1;1;25;1;5;2;94;2;96;0;100;0;100;4;47;3;46;1;0;2;17;0;0;0;0;0;0;0;0;0;0;0;0;0;0;0;0;1;0;0;0;1;0;0;0;0;0;;;;;;;;;;;;;;;;;;;;;;
31.01.2025;16:52;A 65;1;5;35;4;35;1;96;1;95;0;100;0;100;5;28;1;94;1;94;1;97;0;0;0;0;0;0;0;0;0;0;0;0;0;0;0;0;0;0;0;0;0;0;0;0;0;0;;;;;;;;;;;;;;;;;;;;;;
31.01.2025;16:51;A 65;1;3;19;0;24;1;96;1;97;1;75;0;100;5;79;1;23;1;23;1;30;0;0;0;0;0;0;0;0;0;0;0;0;0;0;1;0;0;0;4;1;0;0;0;0;0;0;;;;;;;;;;;;;;;;;;;;;;
31.01.2025;16:50;A 65;1;4;57;4;62;3;65;3;65;3;83;0;100;0;0;0;0;0;0;0;0;0;0;0;0;0;0;0;0;0;0;0;0;0;0;0;0;0;0;0;0;0;0;1;0;0;0;;;;;;;;;;;;;;;;;;;;;;
31.01.2025;16:49;A 65;1;3;24;3;38;2;83;2;83;4;44;0;100;2;12;1;10;1;11;1;16;0;0;0;0;0;0;0;0;1;0;0;0;0;0;0;0;0;0;0;0;0;0;1;0;0;0;;;;;;;;;;;;;;;;;;;;;;
31.01.2025;16:48;A 65;1;5;65;3;67;7;54;7;20;2;69;0;100;2;45;1;11;1;11;1;7;0;0;0;0;0;0;0;0;0;0;0;0;0;0;0;0;0;0;0;0;0;0;0;0;0;0;;;;;;;;;;;;;;;;;;;;;;
31.01.2025;16:47;A 65;1;5;21;4;22;4;50;4;11;3;34;0;100;3;17;2;7;1;7;0;3;0;0;0;0;0;0;0;0;0;0;0;0;1;0;0;0;0;0;0;0;0;0;0;0;0;0;;;;;;;;;;;;;;;;;;;;;;
31.01.2025;16:46;A 65;1;7;27;3;29;0;100;0;100;1;89;0;100;1;37;1;6;1;8;1;16;0;0;0;0;0;0;0;0;0;0;0;0;0;0;0;0;0;0;0;0;0;0;0;0;0;0;;;;;;;;;;;;;;;;;;;;;;
31.01.2025;16:45;A 65;1;4;51;5;52;3;63;1;15;1;6;0;100;7;69;1;22;1;22;1;26;1;0;0;0;0;0;0;0;0;0;0;0;0;0;0;0;0;0;0;0;0;0;0;0;0;0;;;;;;;;;;;;;;;;;;;;;;
31.01.2025;16:44;A 65;1;4;44;3;32;2;16;2;17;3;16;0;100;4;29;1;42;1;42;0;43;0;0;0;0;0;0;0;0;0;0;0;0;0;0;0;0;0;0;0;0;0;0;0;0;0;0;;;;;;;;;;;;;;;;;;;;;;
31.01.2025;16:43;A 65;1;2;62;0;62;3;10;2;33;0;35;0;100;1;86;5;61;5;61;0;100;1;0;1;0;0;0;0;0;3;0;1;0;0;0;5;1;0;0;0;0;0;0;0;0;0;0;;;;;;;;;;;;;;;;;;;;;;
31.01.2025;16:42;A 65;1;14;52;7;84;0;0;2;87;2;91;0;100;1;57;3;2;3;2;0;100;0;0;1;0;0;0;0;0;0;0;1;0;0;0;0;0;0;0;0;0;1;0;0;0;0;0;;;;;;;;;;;;;;;;;;;;;;
31.01.2025;16:41;A 65;1;3;47;2;58;1;91;2;92;1;65;0;100;1;91;1;94;1;94;0;100;1;0;0;0;0;0;0;0;0;0;0;0;0;0;0;0;0;0;0;0;0;0;0;0;0;0;;;;;;;;;;;;;;;;;;;;;;
31.01.2025;16:40;A 65;1;2;41;2;22;4;67;4;52;1;59;0;100;1;97;3;53;3;51;1;70;0;0;0;0;0;0;1;0;0;0;0;0;0;0;0;0;1;0;1;0;0;0;0;0;0;0;;;;;;;;;;;;;;;;;;;;;;
31.01.2025;16:39;A 65;1;7;33;2;23;5;74;5;11;2;89;0;100;0;44;1;95;1;96;1;81;0;0;0;0;1;0;6;1;0;0;0;0;0;0;0;0;1;0;1;0;0;0;0;0;0;0;;;;;;;;;;;;;;;;;;;;;;
31.01.2025;16:38;A 65;1;8;12;5;23;2;47;2;51;2;48;0;100;5;25;3;56;2;57;2;41;0;0;0;0;0;0;0;0;0;0;0;0;0;0;0;0;1;0;1;0;0;0;1;0;0;0;;;;;;;;;;;;;;;;;;;;;;
31.01.2025;16:37;A 65;1;1;46;2;27;2;65;2;6;2;52;0;100;2;16;0;0;0;0;0;0;0;0;0;0;0;0;0;0;0;0;0;0;0;0;0;0;0;0;0;0;0;0;1;0;0;0;;;;;;;;;;;;;;;;;;;;;;
31.01.2025;16:36;A 65;1;7;37;4;51;0;43;0;42;1;2;0;100;3;56;0;0;0;0;0;0;0;0;1;0;1;0;0;0;0;0;1;0;0;0;1;0;1;0;2;0;1;0;0;0;0;0;;;;;;;;;;;;;;;;;;;;;;
31.01.2025;16:35;A 65;1;2;43;1;48;2;26;2;27;3;9;0;100;2;39;1;7;1;6;1;6;0;0;0;0;1;0;0;0;0;0;0;0;0;0;0;0;0;0;1;0;0;0;0;0;0;0;;;;;;;;;;;;;;;;;;;;;;
31.01.2025;16:34;A 65;1;4;48;3;37;0;0;0;0;0;0;0;100;1;39;1;18;1;19;1;5;0;0;0;0;0;0;0;0;0;0;1;0;0;0;0;0;0;0;0;0;0;0;0;0;0;0;;;;;;;;;;;;;;;;;;;;;;
31.01.2025;16:33;A 65;1;4;56;4;24;3;20;3;20;5;19;0;100;2;94;1;0;1;0;1;4;0;0;0;0;0;0;0;0;0;0;0;0;0;0;0;0;0;0;0;0;0;0;1;0;0;0;;;;;;;;;;;;;;;;;;;;;;
31.01.2025;16:32;A 65;1;7;62;6;56;1;1;2;3;0;57;0;100;0;100;1;57;1;2;0;60;0;0;0;0;1;0;1;0;0;0;0;0;0;0;0;0;0;0;0;0;0;0;0;0;0;0;;;;;;;;;;;;;;;;;;;;;;
31.01.2025;16:31;A 65;1;2;84;2;37;0;0;0;0;3;42;0;100;0;100;0;100;0;0;1;57;0;0;0;0;0;0;0;0;0;0;0;0;0;0;0;0;0;0;0;0;0;0;0;0;0;0;;;;;;;;;;;;;;;;;;;;;;
31.01.2025;16:30;A 65;1;2;70;1;12;0;0;0;0;0;0;0;100;0;100;0;100;0;0;0;0;0;0;0;0;0;0;0;0;0;0;0;0;0;0;0;0;0;0;0;0;0;0;1;0;0;0;;;;;;;;;;;;;;;;;;;;;;
31.01.2025;16:29;A 65;1;1;32;2;5;0;0;0;0;0;0;0;100;1;29;1;79;1;69;3;7;0;0;0;0;1;0;0;0;0;0;0;0;0;0;0;0;0;0;0;0;0;0;0;0;0;0;;;;;;;;;;;;;;;;;;;;;;
31.01.2025;16:28;A 65;1;4;25;3;17;2;3;0;32;0;0;0;100;2;83;0;0;1;0;2;4;0;0;1;0;0;0;0;0;1;0;2;0;0;0;0;0;0;0;0;0;0;0;0;0;0;0;;;;;;;;;;;;;;;;;;;;;;
31.01.2025;16:27;A 65;1;3;43;2;46;1;9;2;35;1;13;0;100;7;70;0;6;0;6;2;8;0;0;0;0;0;0;0;0;0;0;0;0;0;0;0;0;0;0;0;0;0;0;0;0;0;0;;;;;;;;;;;;;;;;;;;;;;
31.01.2025;16:26;A 65;1;2;12;2;22;0;100;0;100;1;74;0;100;2;50;1;20;1;20;1;25;0;0;1;0;0;0;0;0;0;0;4;0;0;0;0;0;0;0;0;0;0;0;0;0;0;0;;;;;;;;;;;;;;;;;;;;;;
31.01.2025;16:25;A 65;1;1;2;1;3;5;77;5;78;0;97;0;100;3;37;0;0;0;0;0;0;1;0;0;0;0;0;0;0;1;0;0;0;0;0;0;0;0;0;1;0;0;0;1;0;0;0;;;;;;;;;;;;;;;;;;;;;;
31.01.2025;16:24;A 65;1;3;21;3;10;4;79;3;83;0;100;0;100;3;10;2;36;2;35;0;43;0;0;0;0;0;0;0;0;0;0;0;0;0;0;0;0;0;0;0;0;0;0;1;0;0;0;;;;;;;;;;;;;;;;;;;;;;
31.01.2025;16:23;A 65;1;4;47;3;20;2;19;2;66;2;66;0;100;4;50;1;68;1;68;1;72;0;0;0;0;0;0;0;0;0;0;0;0;0;0;1;0;0;0;1;0;0;0;1;0;0;0;;;;;;;;;;;;;;;;;;;;;;
31.01.2025;16:22;A 65;1;5;47;2;42;3;83;3;84;2;96;0;100;1;7;1;70;1;71;1;79;0;0;0;0;0;0;0;0;0;0;0;0;0;0;0;0;0;0;0;0;0;0;3;0;0;0;;;;;;;;;;;;;;;;;;;;;;
31.01.2025;16:21;A 65;1;2;34;4;28;0;96;1;95;0;100;0;100;2;9;0;0;0;0;0;0;0;0;0;0;0;0;0;0;0;0;0;0;0;0;0;0;0;0;0;0;0;0;0;0;0;0;;;;;;;;;;;;;;;;;;;;;;
31.01.2025;16:20;A 65;1;5;60;5;52;5;59;5;61;3;35;0;100;2;72;1;0;0;0;1;3;0;0;0;0;0;0;0;0;0;0;0;0;0;0;0;0;1;0;0;0;0;0;0;0;0;0;;;;;;;;;;;;;;;;;;;;;;
31.01.2025;16:19;A 65;1;7;70;3;64;2;91;2;91;0;100;0;100;1;45;2;0;0;0;0;0;0;0;0;0;0;0;0;0;0;0;1;0;0;0;0;0;0;0;0;0;0;0;0;0;0;0;;;;;;;;;;;;;;;;;;;;;;
31.01.2025;16:18;A 65;1;5;9;4;21;2;68;2;69;2;59;0;100;1;5;1;96;1;96;1;62;0;0;0;0;0;0;0;0;0;0;0;0;0;0;0;0;0;0;0;0;0;0;0;0;0;0;;;;;;;;;;;;;;;;;;;;;;
31.01.2025;16:17;A 65;1;3;25;2;21;1;22;1;23;1;11;0;100;3;63;1;0;1;0;1;6;0;0;0;0;0;0;0;0;0;0;1;0;1;0;0;0;0;0;0;0;0;0;0;0;0;0;;;;;;;;;;;;;;;;;;;;;;
31.01.2025;16:16;A 65;1;7;83;1;90;0;42;0;41;0;0;0;100;0;100;1;0;1;0;1;6;0;0;0;0;0;0;0;0;0;0;0;0;1;0;1;0;1;0;0;0;1;0;0;0;0;0;;;;;;;;;;;;;;;;;;;;;;
31.01.2025;16:15;A 65;1;3;7;3;19;1;38;1;42;1;7;0;100;2;57;0;0;0;0;0;0;0;0;0;0;0;0;0;0;0;0;0;0;0;0;0;0;0;0;1;0;0;0;0;0;0;0;;;;;;;;;;;;;;;;;;;;;;
31.01.2025;16:14;A 65;1;2;5;3;12;1;77;1;79;0;4;0;100;1;75;0;0;0;0;0;0;0;0;0;0;0;0;0;0;0;0;0;0;0;0;1;0;0;0;0;0;1;0;1;0;0;0;;;;;;;;;;;;;;;;;;;;;;
31.01.2025;16:13;A 65;1;6;9;6;23;0;72;0;71;2;6;0;100;2;6;0;0;0;0;0;0;0;0;0;0;0;0;1;0;0;0;0;0;0;0;0;0;0;0;2;0;0;0;0;0;0;0;;;;;;;;;;;;;;;;;;;;;;
31.01.2025;16:12;A 65;1;5;48;1;80;5;49;4;86;0;68;0;100;2;12;1;46;1;45;0;47;0;0;0;0;0;0;0;0;1;0;0;0;0;0;0;0;0;0;0;0;1;0;0;0;0;0;;;;;;;;;;;;;;;;;;;;;;
31.01.2025;16:11;A 65;1;2;68;1;64;2;4;4;69;0;100;0;100;0;59;2;79;2;80;1;95;0;0;0;0;0;0;0;0;0;0;1;0;0;0;0;0;0;0;1;0;0;0;0;0;0;0;;;;;;;;;;;;;;;;;;;;;;
31.01.2025;16:10;A 65;1;2;6;3;12;3;36;0;100;0;100;0;100;3;88;1;92;1;92;0;100;0;0;0;0;0;0;0;0;1;0;0;0;0;0;0;0;0;0;1;0;0;0;1;0;0;0;;;;;;;;;;;;;;;;;;;;;;
31.01.2025;16:09;A 65;1;1;2;2;8;5;74;5;76;2;96;0;100;1;16;0;0;0;0;0;100;0;0;0;0;2;0;0;0;0;0;0;0;0;0;0;0;0;0;1;0;1;0;0;0;0;0;;;;;;;;;;;;;;;;;;;;;;
31.01.2025;16:08;A 65;1;2;44;3;24;5;57;5;66;2;73;0;100;2;8;2;8;3;9;4;13;0;0;0;0;0;0;0;0;0;0;0;0;0;0;0;0;0;0;0;0;0;0;0;0;0;0;;;;;;;;;;;;;;;;;;;;;;
31.01.2025;16:07;A 65;1;5;21;5;22;3;14;3;15;1;20;0;100;4;11;0;0;0;0;0;0;0;0;0;0;0;0;0;0;0;0;1;0;0;0;0;0;1;0;0;0;0;0;0;0;0;0;;;;;;;;;;;;;;;;;;;;;;
31.01.2025;16:06;A 65;1;6;27;3;34;1;73;1;75;2;55;0;100;2;75;0;0;0;0;0;0;0;0;0;0;0;0;0;0;1;0;0;0;0;0;0;0;0;0;0;0;0;0;0;0;0;0;;;;;;;;;;;;;;;;;;;;;;
31.01.2025;16:05;A 65;1;2;37;2;25;5;8;3;78;0;92;0;100;4;58;0;0;0;0;1;10;0;0;0;0;0;0;0;0;1;0;0;0;0;0;1;0;0;0;0;0;0;0;0;0;0;0;;;;;;;;;;;;;;;;;;;;;;
31.01.2025;16:04;A 65;1;3;85;5;69;5;61;6;64;4;87;0;100;1;18;1;70;1;70;1;3;0;0;0;0;0;0;0;0;0;0;0;0;0;0;0;0;1;0;0;0;1;0;0;0;0;0;;;;;;;;;;;;;;;;;;;;;;
31.01.2025;16:03;A 65;1;8;78;1;92;0;0;0;0;1;0;0;100;0;100;1;30;1;31;2;7;0;0;0;0;0;0;0;0;0;0;0;0;0;0;0;0;0;0;0;0;0;0;0;0;0;0;;;;;;;;;;;;;;;;;;;;;;
31.01.2025;16:02;A 65;1;5;61;2;32;4;10;2;81;1;82;0;100;0;100;1;3;1;3;1;6;0;0;0;0;1;0;0;0;1;0;0;0;0;0;0;0;0;0;0;0;0;0;0;0;0;0;;;;;;;;;;;;;;;;;;;;;;
31.01.2025;16:01;A 65;1;5;71;3;81;1;1;2;71;2;64;0;100;0;100;1;2;1;2;0;78;0;0;2;0;0;0;0;0;0;0;0;0;0;0;2;0;0;0;0;0;0;0;0;0;0;0;;;;;;;;;;;;;;;;;;;;;;
31.01.2025;16:00;A 65;1;2;46;1;53;2;4;3;68;1;45;0;100;0;100;2;16;0;0;4;23;0;0;0;0;0;0;0;0;0;0;0;0;0;0;0;0;1;0;3;0;0;0;0;0;0;0;;;;;;;;;;;;;;;;;;;;;;
31.01.2025;15:59;A 65;1;6;36;2;43;7;43;3;91;1;84;0;100;2;46;1;1;1;0;0;2;0;0;0;0;1;0;2;0;0;0;0;0;0;0;0;0;0;0;8;1;0;0;2;0;0;0;;;;;;;;;;;;;;;;;;;;;;
31.01.2025;15:58;A 65;1;2;3;1;4;2;7;1;94;0;100;0;100;3;12;2;79;2;79;3;85;0;0;0;0;0;0;0;0;1;0;0;0;0;0;0;0;0;0;0;0;0;0;2;0;0;0;;;;;;;;;;;;;;;;;;;;;;
31.01.2025;15:57;A 65;1;4;52;2;57;3;12;4;83;2;84;0;100;5;23;0;4;0;3;0;0;0;0;0;0;0;0;0;0;0;0;0;0;0;0;0;0;0;0;0;0;0;0;0;0;0;0;;;;;;;;;;;;;;;;;;;;;;
31.01.2025;15:56;A 65;1;4;39;4;51;1;85;2;66;2;59;0;100;4;53;0;100;0;100;0;99;0;0;0;0;0;0;0;0;0;0;0;0;1;0;1;0;0;0;0;0;0;0;0;0;0;0;;;;;;;;;;;;;;;;;;;;;;
31.01.2025;15:55;A 65;1;5;57;4;43;3;9;2;19;2;17;0;100;1;6;3;29;3;29;2;44;0;0;0;0;0;0;0;0;0;0;0;0;0;0;0;0;1;0;0;0;0;0;1;0;0;0;;;;;;;;;;;;;;;;;;;;;;
31.01.2025;15:54;A 65;1;8;19;7;30;0;0;1;90;2;67;0;100;7;37;1;85;1;86;1;92;0;0;0;0;0;0;1;0;0;0;0;0;0;0;0;0;0;0;3;0;1;0;0;0;0;0;;;;;;;;;;;;;;;;;;;;;;
31.01.2025;15:53;A 65;1;2;33;3;44;3;63;3;64;4;18;0;100;0;100;0;0;0;0;1;1;0;0;0;0;0;0;0;0;1;0;0;0;0;0;0;0;0;0;0;0;0;0;0;0;0;0;;;;;;;;;;;;;;;;;;;;;;
31.01.2025;15:52;A 65;1;2;14;4;22;1;44;1;43;1;43;0;100;0;100;2;42;2;42;0;47;0;0;0;0;0;0;0;0;0;0;0;0;0;0;0;0;0;0;0;0;0;0;0;0;0;0;;;;;;;;;;;;;;;;;;;;;;
31.01.2025;15:51;A 65;1;3;5;3;14;3;50;3;58;2;73;0;100;0;100;1;68;1;68;2;46;0;0;0;0;0;0;0;0;0;0;0;0;0;0;1;0;0;0;0;0;0;0;0;0;0;0;;;;;;;;;;;;;;;;;;;;;;
31.01.2025;15:50;A 65;1;1;5;1;2;2;56;2;55;2;57;0;100;2;63;2;19;2;19;1;32;0;0;0;0;0;0;0;0;0;0;2;0;0;0;0;0;0;0;1;0;0;0;0;0;0;0;;;;;;;;;;;;;;;;;;;;;;
31.01.2025;15:49;A 65;1;6;50;4;28;3;16;3;16;1;24;0;100;3;57;1;3;1;3;1;7;0;0;0;0;1;0;0;0;0;0;0;0;0;0;0;0;1;0;0;0;0;0;0;0;0;0;;;;;;;;;;;;;;;;;;;;;;
31.01.2025;15:48;A 65;1;5;61;4;57;2;36;2;35;1;31;0;100;1;82;1;23;2;24;1;10;1;0;0;0;0;0;0;0;1;0;0;0;0;0;0;0;1;0;0;0;0;0;0;0;0;0;;;;;;;;;;;;;;;;;;;;;;
31.01.2025;15:47;A 65;1;7;46;2;61;1;51;2;62;1;20;0;100;5;39;0;0;0;0;0;0;0;0;0;0;0;0;0;0;0;0;0;0;0;0;0;0;0;0;0;0;0;0;0;0;0;0;;;;;;;;;;;;;;;;;;;;;;
31.01.2025;15:46;A 65;1;4;18;3;26;0;0;1;44;2;26;0;100;1;68;0;0;0;0;0;0;0;0;0;0;0;0;0;0;0;0;0;0;0;0;0;0;0;0;1;0;0;0;0;0;0;0;;;;;;;;;;;;;;;;;;;;;;
31.01.2025;15:45;A 65;1;3;20;3;16;2;7;2;4;3;12;0;100;3;40;2;74;2;73;1;44;0;0;0;0;0;0;0;0;0;0;0;0;0;0;0;0;1;0;0;0;0;0;0;0;0;0;;;;;;;;;;;;;;;;;;;;;;
31.01.2025;15:44;A 65;1;3;22;4;20;0;37;1;37;4;14;0;100;2;68;3;45;2;44;3;41;0;0;0;0;2;0;0;0;0;0;0;0;0;0;0;0;0;0;0;0;0;0;0;0;0;0;;;;;;;;;;;;;;;;;;;;;;
31.01.2025;15:43;A 65;1;12;43;6;61;1;78;1;78;2;17;0;100;3;42;1;59;1;59;1;6;0;0;1;0;0;0;0;0;1;0;0;0;0;0;0;0;0;0;0;0;0;0;0;0;0;0;;;;;;;;;;;;;;;;;;;;;;
31.01.2025;15:42;A 65;1;3;57;1;58;4;78;5;81;0;100;0;100;4;43;0;0;0;0;0;0;0;0;0;0;0;0;0;0;0;0;0;0;0;0;0;0;0;0;0;0;1;0;0;0;0;0;;;;;;;;;;;;;;;;;;;;;;
31.01.2025;15:41;A 65;1;3;40;3;47;0;100;0;100;0;100;0;100;0;26;0;0;2;1;2;6;0;0;1;0;0;0;0;0;0;0;1;0;0;0;0;0;0;0;0;0;0;0;0;0;0;0;;;;;;;;;;;;;;;;;;;;;;
31.01.2025;15:40;A 65;1;2;43;2;55;8;78;5;88;0;100;0;100;2;89;1;2;1;2;1;12;0;0;0;0;1;0;0;0;0;0;0;0;0;0;0;0;0;0;0;0;0;0;0;0;0;0;;;;;;;;;;;;;;;;;;;;;;
31.01.2025;15:39;A 65;1;6;38;3;54;1;45;1;46;4;45;0;100;1;4;0;4;0;4;0;0;0;0;0;0;1;0;0;0;0;0;0;0;0;0;0;0;0;0;1;0;0;0;0;0;0;0;;;;;;;;;;;;;;;;;;;;;;
31.01.2025;15:38;A 65;1;11;34;7;49;1;8;1;9;3;8;0;100;3;30;1;80;1;80;1;9;0;0;1;0;0;0;0;0;0;0;2;0;0;0;0;0;0;0;0;0;1;0;0;0;0;0;;;;;;;;;;;;;;;;;;;;;;
31.01.2025;15:37;A 65;1;4;74;5;72;2;72;1;72;4;12;0;100;3;18;2;2;2;3;2;21;0;0;1;0;0;0;0;0;0;0;1;0;0;0;0;0;0;0;0;0;0;0;0;0;0;0;;;;;;;;;;;;;;;;;;;;;;
31.01.2025;15:36;A 65;1;4;75;3;41;2;49;3;66;3;66;0;100;2;58;0;39;0;38;2;21;0;0;0;0;0;0;0;0;0;0;0;0;0;0;0;0;0;0;0;0;0;0;0;0;0;0;;;;;;;;;;;;;;;;;;;;;;
31.01.2025;15:35;A 65;1;7;72;1;78;5;83;5;83;1;90;0;100;0;100;1;22;1;22;2;29;0;0;2;0;0;0;0;0;1;0;0;0;0;0;0;0;0;0;0;0;0;0;0;0;0;0;;;;;;;;;;;;;;;;;;;;;;
31.01.2025;15:34;A 65;1;5;67;4;39;0;100;0;100;0;100;0;100;3;72;0;0;0;0;0;0;0;0;0;0;0;0;0;0;0;0;0;0;0;0;0;0;0;0;0;0;2;0;0;0;0;0;;;;;;;;;;;;;;;;;;;;;;
31.01.2025;15:33;A 65;1;10;70;0;100;3;85;3;87;1;75;0;100;0;63;1;1;1;1;1;4;0;0;0;0;0;0;0;0;0;0;0;0;2;0;0;0;0;0;1;0;1;0;1;0;0;0;;;;;;;;;;;;;;;;;;;;;;
31.01.2025;15:32;A 65;1;2;17;3;48;0;100;0;100;1;94;0;100;1;56;0;100;0;99;0;100;0;0;0;0;0;0;0;0;1;0;5;1;0;0;0;0;0;0;0;0;0;0;0;0;0;0;;;;;;;;;;;;;;;;;;;;;;
31.01.2025;15:31;A 65;1;1;52;0;47;3;23;4;37;1;29;0;100;3;24;1;61;1;61;1;66;0;0;0;0;0;0;0;0;0;0;1;0;0;0;0;0;0;0;0;0;0;0;0;0;0;0;;;;;;;;;;;;;;;;;;;;;;
31.01.2025;15:30;A 65;1;6;64;4;44;0;0;1;96;0;100;0;100;1;82;0;0;0;0;0;0;0;0;0;0;0;0;0;0;0;0;0;0;0;0;0;0;0;0;0;0;0;0;0;0;0;0;;;;;;;;;;;;;;;;;;;;;;
31.01.2025;15:29;A 65;1;3;52;4;28;1;1;1;1;2;8;0;100;1;12;0;0;0;0;1;10;0;0;0;0;0;0;0;0;0;0;0;0;0;0;0;0;0;0;0;0;0;0;0;0;0;0;;;;;;;;;;;;;;;;;;;;;;
31.01.2025;15:28;A 65;1;3;49;3;16;0;30;0;29;0;0;0;100;2;14;2;29;2;29;3;31;0;0;0;0;1;0;0;0;0;0;1;0;0;0;0;0;0;0;0;0;0;0;0;0;0;0;;;;;;;;;;;;;;;;;;;;;;
31.01.2025;15:27;A 65;1;2;35;2;7;1;6;1;7;1;5;0;100;4;36;2;76;2;77;3;69;0;0;0;0;0;0;0;0;0;0;0;0;0;0;0;0;0;0;0;0;0;0;0;0;0;0;;;;;;;;;;;;;;;;;;;;;;
31.01.2025;15:26;A 65;1;5;11;3;15;2;6;2;6;4;23;0;100;1;31;1;1;1;1;2;7;0;0;0;0;1;0;0;0;0;0;0;0;0;0;0;0;0;0;0;0;0;0;0;0;0;0;;;;;;;;;;;;;;;;;;;;;;
31.01.2025;15:25;A 65;1;2;54;4;27;1;67;1;66;1;80;0;100;2;49;2;4;2;5;0;64;0;0;0;0;0;0;0;0;0;0;0;0;0;0;0;0;0;0;0;0;0;0;0;0;0;0;;;;;;;;;;;;;;;;;;;;;;
31.01.2025;15:24;A 65;1;7;42;5;50;6;69;6;69;2;79;0;100;3;52;2;1;2;1;2;33;0;0;0;0;1;0;0;0;0;0;0;0;0;0;0;0;0;0;0;0;0;0;0;0;0;0;;;;;;;;;;;;;;;;;;;;;;
31.01.2025;15:23;A 65;1;2;3;1;6;0;100;0;100;0;100;0;100;1;39;0;0;0;0;0;0;0;0;1;0;0;0;0;0;0;0;1;0;0;0;0;0;0;0;0;0;0;0;0;0;0;0;;;;;;;;;;;;;;;;;;;;;;
31.01.2025;15:22;A 65;1;7;60;7;71;2;45;1;93;0;100;0;100;1;71;1;50;1;49;1;51;0;0;0;0;0;0;0;0;0;0;0;0;0;0;1;0;0;0;0;0;0;0;0;0;0;0;;;;;;;;;;;;;;;;;;;;;;
31.01.2025;15:21;A 65;1;6;46;3;48;0;0;1;93;1;98;0;100;2;57;1;27;1;27;3;34;0;0;0;0;0;0;0;0;0;0;0;0;1;0;0;0;2;0;0;0;0;0;0;0;0;0;;;;;;;;;;;;;;;;;;;;;;
31.01.2025;15:20;A 65;1;1;86;3;60;4;38;5;40;1;52;0;100;2;22;1;38;1;36;3;37;0;0;0;0;0;0;0;0;0;0;0;0;0;0;0;0;0;0;0;0;0;0;0;0;0;0;;;;;;;;;;;;;;;;;;;;;;
31.01.2025;15:19;A 65;1;2;5;2;9;4;53;5;56;1;91;0;100;3;35;1;19;1;19;1;11;0;0;1;0;0;0;0;0;0;0;0;0;0;0;0;0;0;0;0;0;0;0;0;0;0;0;;;;;;;;;;;;;;;;;;;;;;
31.01.2025;15:18;A 65;1;9;18;3;29;1;96;1;95;0;100;0;100;3;37;1;85;1;2;1;4;0;0;0;0;0;0;0;0;1;0;0;0;0;0;0;0;0;0;0;0;0;0;0;0;0;0;;;;;;;;;;;;;;;;;;;;;;
31.01.2025;15:17;A 65;1;2;83;1;93;4;71;4;71;3;77;0;100;0;100;1;53;1;54;2;60;0;0;0;0;0;0;0;0;0;0;0;0;0;0;0;0;0;0;0;0;0;0;0;0;0;0;;;;;;;;;;;;;;;;;;;;;;
31.01.2025;15:16;A 65;1;1;73;4;32;6;61;6;64;1;72;0;100;4;21;0;0;0;0;0;0;0;0;0;0;0;0;0;0;0;0;0;0;0;0;0;0;0;0;0;0;0;0;0;0;0;0;;;;;;;;;;;;;;;;;;;;;;
31.01.2025;15:15;A 65;1;5;55;4;38;7;64;6;70;2;92;0;100;4;38;0;6;0;6;1;6;0;0;0;0;0;0;0;0;0;0;0;0;0;0;0;0;0;0;0;0;0;0;0;0;0;0;;;;;;;;;;;;;;;;;;;;;;
31.01.2025;15:14;A 65;1;4;87;2;57;0;0;1;94;1;89;0;100;3;80;1;13;1;14;1;20;1;0;0;0;0;0;3;0;0;0;0;0;0;0;0;0;1;0;2;0;0;0;0;0;0;0;;;;;;;;;;;;;;;;;;;;;;
31.01.2025;15:13;A 65;1;4;92;0;100;2;83;3;78;0;100;0;100;3;76;1;72;3;73;0;74;0;0;0;0;0;0;0;0;0;0;3;0;1;0;0;0;0;0;0;0;0;0;0;0;0;0;;;;;;;;;;;;;;;;;;;;;;
31.01.2025;15:12;A 65;1;5;88;0;100;4;45;4;85;3;93;0;100;2;41;2;68;2;68;3;43;0;0;1;0;0;0;0;0;1;0;1;0;0;0;1;0;0;0;2;0;0;0;1;0;0;0;;;;;;;;;;;;;;;;;;;;;;
31.01.2025;15:11;A 65;1;7;78;2;66;3;20;2;26;1;35;0;100;4;21;1;66;2;67;2;10;0;0;0;0;0;0;0;0;0;0;0;0;0;0;0;0;0;0;0;0;0;0;0;0;0;0;;;;;;;;;;;;;;;;;;;;;;
31.01.2025;15:10;A 65;1;1;1;3;17;4;86;3;88;4;38;0;100;0;58;0;0;0;0;0;0;0;0;0;0;0;0;1;0;0;0;0;0;0;0;0;0;0;0;0;0;0;0;0;0;0;0;;;;;;;;;;;;;;;;;;;;;;
31.01.2025;15:09;A 65;1;2;2;2;6;1;97;1;96;0;100;0;100;1;55;1;66;1;66;1;70;0;0;2;0;0;0;0;0;0;0;2;0;0;0;0;0;1;0;0;0;0;0;0;0;0;0;;;;;;;;;;;;;;;;;;;;;;
31.01.2025;15:08;A 65;1;2;22;2;9;5;5;4;39;5;67;0;100;0;0;0;32;0;32;0;0;0;0;0;0;0;0;0;0;0;0;0;0;0;0;0;0;0;0;0;0;0;0;0;0;0;0;;;;;;;;;;;;;;;;;;;;;;
31.01.2025;15:07;A 65;1;4;38;2;14;2;5;3;77;4;48;0;100;2;10;1;41;1;42;1;5;0;0;0;0;0;0;0;0;0;0;0;0;0;0;0;0;0;0;0;0;0;0;0;0;0;0;;;;;;;;;;;;;;;;;;;;;;
31.01.2025;15:06;A 65;1;9;17;8;35;1;59;1;63;2;56;0;100;3;36;0;0;0;0;0;0;0;0;0;0;0;0;0;0;0;0;0;0;0;0;0;0;0;0;0;0;0;0;0;0;0;0;;;;;;;;;;;;;;;;;;;;;;
31.01.2025;15:05;A 65;1;2;36;3;33;2;57;3;60;1;75;0;100;2;49;0;0;0;0;0;0;0;0;0;0;1;0;0;0;1;0;0;0;0;0;0;0;0;0;0;0;0;0;0;0;0;0;;;;;;;;;;;;;;;;;;;;;;
31.01.2025;15:04;A 65;1;4;50;3;60;1;43;1;42;2;43;0;100;2;93;0;0;0;0;2;23;0;0;0;0;0;0;0;0;0;0;0;0;0;0;0;0;1;0;0;0;0;0;0;0;0;0;;;;;;;;;;;;;;;;;;;;;;
31.01.2025;15:03;A 65;1;5;78;0;85;3;70;3;71;4;32;0;100;2;55;0;0;1;0;1;2;0;0;1;0;1;0;0;0;0;0;1;0;0;0;0;0;0;0;0;0;0;0;0;0;0;0;;;;;;;;;;;;;;;;;;;;;;
31.01.2025;15:02;A 65;1;6;86;4;55;5;85;5;85;0;100;0;100;3;60;0;0;0;0;1;3;0;0;0;0;0;0;0;0;0;0;0;0;0;0;0;0;0;0;0;0;0;0;0;0;0;0;;;;;;;;;;;;;;;;;;;;;;
31.01.2025;15:01;A 65;1;2;17;2;23;1;92;1;93;4;70;0;100;0;100;0;0;0;0;0;0;0;0;0;0;1;0;0;0;0;0;0;0;0;0;0;0;0;0;0;0;0;0;0;0;0;0;;;;;;;;;;;;;;;;;;;;;;
31.01.2025;15:00;A 65;1;1;62;3;11;0;48;4;43;3;62;0;100;3;96;0;0;0;0;0;0;0;0;0;0;0;0;0;0;0;0;0;0;0;0;0;0;0;0;0;0;0;0;1;0;0;0;;;;;;;;;;;;;;;;;;;;;;
31.01.2025;14:59;A 65;1;7;53;3;63;3;40;2;15;3;15;0;100;0;0;0;8;0;7;0;0;1;0;0;0;1;0;0;0;1;0;0;0;1;0;0;0;0;0;1;0;0;0;0;0;0;0;;;;;;;;;;;;;;;;;;;;;;
31.01.2025;14:58;A 65;1;2;17;0;16;0;0;1;36;3;11;0;100;1;10;1;84;1;84;1;9;0;0;0;0;0;0;0;0;0;0;0;0;0;0;0;0;0;0;0;0;0;0;0;0;0;0;;;;;;;;;;;;;;;;;;;;;;
31.01.2025;14:57;A 65;1;2;54;3;28;1;88;1;87;3;39;0;100;2;18;3;5;6;6;2;36;0;0;0;0;0;0;0;0;0;0;2;0;0;0;0;0;0;0;0;0;0;0;0;0;0;0;;;;;;;;;;;;;;;;;;;;;;
31.01.2025;14:56;A 65;1;5;36;2;42;2;46;2;49;3;10;0;100;0;100;1;1;1;1;1;2;0;0;0;0;0;0;0;0;0;0;1;0;0;0;0;0;0;0;0;0;0;0;0;0;0;0;;;;;;;;;;;;;;;;;;;;;;
31.01.2025;14:55;A 65;1;7;64;0;68;1;10;0;6;2;6;0;100;0;100;1;9;1;9;2;13;0;0;0;0;1;0;0;0;0;0;0;0;0;0;0;0;0;0;0;0;0;0;0;0;0;0;;;;;;;;;;;;;;;;;;;;;;
31.01.2025;14:54;A 65;1;2;90;0;100;3;85;4;88;0;30;0;100;0;100;1;42;2;42;1;35;0;0;0;0;0;0;0;0;0;0;0;0;0;0;0;0;0;0;0;0;0;0;0;0;0;0;;;;;;;;;;;;;;;;;;;;;;
31.01.2025;14:53;A 65;1;3;7;2;29;0;100;0;100;1;80;0;100;2;17;1;9;1;9;1;9;0;0;0;0;0;0;0;0;0;0;1;0;0;0;1;0;0;0;0;0;0;0;0;0;0;0;;;;;;;;;;;;;;;;;;;;;;
31.01.2025;14:52;A 65;1;1;46;2;10;2;18;2;19;3;23;0;100;1;91;1;5;2;6;2;12;0;0;0;0;0;0;0;0;0;0;0;0;0;0;0;0;1;0;0;0;0;0;0;0;0;0;;;;;;;;;;;;;;;;;;;;;;
31.01.2025;14:51;A 65;1;11;76;3;70;2;63;2;64;1;72;0;100;0;100;0;0;2;1;1;12;0;0;0;0;1;0;0;0;0;0;0;0;0;0;0;0;1;0;0;0;0;0;0;0;0;0;;;;;;;;;;;;;;;;;;;;;;
31.01.2025;14:50;A 65;1;2;14;3;19;1;59;1;61;2;64;0;100;0;100;0;0;0;0;0;0;0;0;0;0;0;0;0;0;0;0;2;0;0;0;0;0;0;0;0;0;0;0;0;0;0;0;;;;;;;;;;;;;;;;;;;;;;
31.01.2025;14:49;A 65;1;1;44;2;11;2;76;2;75;0;82;0;100;1;55;5;14;1;53;1;1;0;0;0;0;0;0;1;0;0;0;1;0;0;0;0;0;0;0;0;0;1;0;0;0;0;0;;;;;;;;;;;;;;;;;;;;;;
31.01.2025;14:48;A 65;1;3;39;3;39;5;82;6;78;1;92;0;100;2;63;1;3;1;15;1;23;0;0;0;0;0;0;0;0;0;0;0;0;0;0;0;0;0;0;0;0;0;0;0;0;0;0;;;;;;;;;;;;;;;;;;;;;;
31.01.2025;14:47;A 65;1;7;38;6;50;2;17;2;86;2;78;0;100;3;20;2;1;1;0;1;7;0;0;0;0;1;0;0;0;0;0;0;0;0;0;0;0;1;0;0;0;0;0;0;0;0;0;;;;;;;;;;;;;;;;;;;;;;
31.01.2025;14:46;A 65;1;4;47;6;36;1;1;1;12;1;25;0;100;1;66;1;0;2;2;1;12;0;0;0;0;0;0;0;0;0;0;0;0;0;0;1;0;0;0;1;0;0;0;0;0;0;0;;;;;;;;;;;;;;;;;;;;;;
31.01.2025;14:45;A 65;1;1;74;2;28;4;19;3;41;3;50;0;100;0;100;0;31;4;3;4;12;0;0;0;0;0;0;0;0;0;0;0;0;0;0;0;0;0;0;0;0;0;0;1;0;0;0;;;;;;;;;;;;;;;;;;;;;;
31.01.2025;14:44;A 65;1;9;10;8;28;0;0;0;100;3;21;0;100;1;19;0;100;0;0;1;44;0;0;0;0;0;0;1;0;0;0;1;0;0;0;0;0;0;0;1;0;0;0;0;0;0;0;;;;;;;;;;;;;;;;;;;;;;
31.01.2025;14:43;A 65;1;7;44;3;62;4;9;4;21;2;25;0;100;0;0;1;32;1;8;1;11;0;0;0;0;1;0;0;0;0;0;0;0;0;0;0;0;0;0;0;0;0;0;0;0;0;0;;;;;;;;;;;;;;;;;;;;;;
31.01.2025;14:42;A 65;1;8;42;3;51;0;0;1;89;2;78;0;100;2;25;1;64;1;64;1;74;0;0;0;0;0;0;0;0;0;0;1;0;0;0;0;0;0;0;0;0;0;0;0;0;0;0;;;;;;;;;;;;;;;;;;;;;;
31.01.2025;14:41;A 65;1;2;56;2;66;4;82;4;81;0;88;0;100;1;13;2;1;1;2;1;9;0;0;0;0;0;0;0;0;0;0;0;0;0;0;0;0;1;0;0;0;0;0;0;0;0;0;;;;;;;;;;;;;;;;;;;;;;
31.01.2025;14:40;A 65;1;4;23;4;32;3;38;2;75;5;29;0;100;2;81;0;0;0;0;0;0;0;0;0;0;0;0;0;0;0;0;0;0;0;0;0;0;0;0;1;0;0;0;0;0;0;0;;;;;;;;;;;;;;;;;;;;;;
31.01.2025;14:39;A 65;1;3;29;3;9;4;26;3;50;3;22;0;100;2;13;1;7;1;7;0;9;0;0;1;0;0;0;0;0;0;0;0;0;0;0;0;0;0;0;0;0;1;0;0;0;0;0;;;;;;;;;;;;;;;;;;;;;;
31.01.2025;14:38;A 65;1;5;29;2;36;1;94;1;96;1;27;0;100;3;48;1;72;1;72;1;76;0;0;0;0;0;0;1;0;0;0;0;0;0;0;0;0;1;0;1;0;0;0;0;0;0;0;;;;;;;;;;;;;;;;;;;;;;
31.01.2025;14:37;A 65;1;6;72;4;66;4;7;4;59;6;65;0;100;3;50;0;0;0;0;0;0;0;0;0;0;0;0;0;0;0;0;9;2;0;0;0;0;0;0;0;0;0;0;1;0;0;0;;;;;;;;;;;;;;;;;;;;;;
31.01.2025;14:36;A 65;1;8;75;2;97;1;1;1;25;2;6;0;100;2;64;1;3;1;3;1;32;0;0;0;0;0;0;0;0;0;0;1;0;0;0;0;0;0;0;0;0;0;0;0;0;0;0;;;;;;;;;;;;;;;;;;;;;;
31.01.2025;14:35;A 65;1;4;6;4;23;1;8;2;8;0;11;0;100;3;11;1;8;1;8;1;12;0;0;0;0;0;0;0;0;0;0;0;0;0;0;0;0;0;0;1;0;0;0;0;0;0;0;;;;;;;;;;;;;;;;;;;;;;
31.01.2025;14:34;A 65;1;4;52;1;56;2;35;2;36;2;33;0;100;0;78;1;83;1;84;1;83;0;0;0;0;0;0;0;0;0;0;0;0;0;0;0;0;0;0;0;0;0;0;1;0;0;0;;;;;;;;;;;;;;;;;;;;;;
31.01.2025;14:33;A 65;1;6;50;2;61;1;65;1;66;6;41;0;100;1;53;0;100;0;100;0;7;2;0;0;0;0;0;0;0;0;0;0;0;0;0;0;0;0;0;0;0;0;0;1;0;0;0;;;;;;;;;;;;;;;;;;;;;;
31.01.2025;14:32;A 65;1;4;75;4;43;3;12;4;35;5;47;0;100;0;100;2;0;2;1;2;9;0;0;0;0;0;0;0;0;0;0;0;0;1;0;0;0;0;0;0;0;0;0;0;0;0;0;;;;;;;;;;;;;;;;;;;;;;
31.01.2025;14:31;A 65;1;5;20;2;29;2;8;2;4;3;23;0;100;0;100;0;0;0;0;0;0;0;0;0;0;0;0;0;0;0;0;3;0;0;0;0;0;1;0;0;0;0;0;1;0;0;0;;;;;;;;;;;;;;;;;;;;;;
31.01.2025;14:30;A 65;1;6;27;2;43;1;71;0;74;2;75;0;100;4;79;0;0;0;0;0;0;0;0;0;0;0;0;0;0;0;0;2;0;0;0;0;0;1;0;0;0;0;0;0;0;0;0;;;;;;;;;;;;;;;;;;;;;;
31.01.2025;14:29;A 65;1;9;54;4;72;0;46;1;77;2;8;0;100;2;14;1;41;1;42;1;48;0;0;0;0;0;0;0;0;0;0;1;0;0;0;0;0;1;0;1;0;0;0;0;0;0;0;;;;;;;;;;;;;;;;;;;;;;
31.01.2025;14:28;A 65;1;4;34;2;20;4;61;4;63;1;58;0;100;2;80;0;0;0;0;2;13;0;0;0;0;0;0;0;0;0;0;0;0;0;0;0;0;0;0;0;0;0;0;0;0;0;0;;;;;;;;;;;;;;;;;;;;;;
31.01.2025;14:27;A 65;1;3;11;3;11;1;79;1;81;3;65;0;100;2;7;1;1;1;1;1;4;0;0;0;0;0;0;0;0;0;0;1;0;0;0;0;0;0;0;1;0;0;0;0;0;0;0;;;;;;;;;;;;;;;;;;;;;;
31.01.2025;14:26;A 65;1;6;10;6;22;2;50;2;51;3;30;0;100;3;12;0;0;0;0;0;0;0;0;0;0;0;0;0;0;0;0;0;0;0;0;0;0;0;0;1;0;0;0;0;0;0;0;;;;;;;;;;;;;;;;;;;;;;
31.01.2025;14:25;A 65;1;8;15;7;72;3;5;3;5;4;13;0;100;0;1;1;0;1;1;1;10;3;0;0;0;0;0;0;0;2;0;0;0;0;0;0;0;0;0;0;0;0;0;0;0;0;0;;;;;;;;;;;;;;;;;;;;;;
31.01.2025;14:24;A 65;1;3;5;3;15;4;29;4;28;2;39;0;100;3;40;0;0;1;1;0;0;1;0;0;0;0;0;0;0;1;0;0;0;0;0;0;0;0;0;1;0;0;0;0;0;0;0;;;;;;;;;;;;;;;;;;;;;;
31.01.2025;14:23;A 65;1;6;8;5;22;0;100;0;100;0;100;0;100;4;38;0;0;0;0;0;0;0;0;0;0;0;0;0;0;0;0;1;0;0;0;0;0;0;0;0;0;0;0;0;0;0;0;;;;;;;;;;;;;;;;;;;;;;
31.01.2025;14:22;A 65;1;4;21;3;13;5;63;4;87;0;100;0;100;0;100;0;46;0;46;1;51;0;0;0;0;0;0;1;0;1;0;0;0;0;0;0;0;0;0;0;0;0;0;0;0;0;0;;;;;;;;;;;;;;;;;;;;;;
31.01.2025;14:21;A 65;1;4;16;5;31;0;0;1;74;3;70;0;100;2;24;1;16;1;17;3;29;0;0;0;0;0;0;0;0;0;0;0;0;0;0;0;0;0;0;0;0;0;0;0;0;0;0;;;;;;;;;;;;;;;;;;;;;;
31.01.2025;14:20;A 65;1;2;11;2;11;0;0;0;0;0;0;0;100;3;76;0;0;0;0;0;0;0;0;0;0;0;0;0;0;0;0;0;0;0;0;1;0;0;0;0;0;0;0;0;0;0;0;;;;;;;;;;;;;;;;;;;;;;
31.01.2025;14:19;A 65;1;3;37;5;17;3;7;3;13;4;30;0;100;1;5;0;0;0;0;0;0;0;0;0;0;0;0;0;0;0;0;0;0;0;0;0;0;0;0;0;0;0;0;0;0;0;0;;;;;;;;;;;;;;;;;;;;;;
31.01.2025;14:18;A 65;1;2;12;3;13;0;0;1;79;3;86;0;100;2;19;0;0;0;0;0;0;0;0;0;0;0;0;0;0;0;0;0;0;0;0;0;0;0;0;0;0;0;0;0;0;0;0;;;;;;;;;;;;;;;;;;;;;;
31.01.2025;14:17;A 65;1;2;50;2;43;2;74;2;74;2;6;0;100;3;39;0;0;0;0;4;10;0;0;0;0;0;0;0;0;0;0;0;0;0;0;0;0;1;0;0;0;0;0;0;0;0;0;;;;;;;;;;;;;;;;;;;;;;
31.01.2025;14:16;A 65;1;5;38;6;30;3;7;2;75;3;42;0;100;2;17;0;68;0;67;0;0;0;0;0;0;0;0;1;0;0;0;0;0;0;0;1;0;0;0;0;0;1;0;0;0;0;0;;;;;;;;;;;;;;;;;;;;;;
31.01.2025;14:15;A 65;1;3;10;3;16;2;4;3;67;1;21;0;100;5;59;1;39;1;39;1;6;0;0;0;0;0;0;0;0;0;0;0;0;0;0;0;0;0;0;0;0;0;0;0;0;0;0;;;;;;;;;;;;;;;;;;;;;;
31.01.2025;14:14;A 65;1;3;3;3;9;0;96;1;96;0;100;0;100;1;74;2;2;2;46;2;3;0;0;0;0;0;0;0;0;0;0;0;0;0;0;0;0;0;0;1;0;0;0;0;0;0;0;;;;;;;;;;;;;;;;;;;;;;
31.01.2025;14:13;A 65;1;1;48;1;6;6;84;6;86;0;100;0;100;1;12;2;1;1;1;2;4;0;0;0;0;0;0;0;0;1;0;0;0;0;0;0;0;0;0;0;0;0;0;0;0;0;0;;;;;;;;;;;;;;;;;;;;;;
31.01.2025;14:12;A 65;1;3;52;3;15;4;18;4;88;0;100;0;100;3;12;1;74;1;74;0;78;0;0;0;0;0;0;0;0;0;0;0;0;0;0;0;0;0;0;0;0;1;0;0;0;0;0;;;;;;;;;;;;;;;;;;;;;;
31.01.2025;14:11;A 65;1;4;50;3;34;0;0;1;39;2;47;0;100;1;31;1;98;1;99;0;100;0;0;0;0;1;0;0;0;0;0;0;0;0;0;0;0;1;0;0;0;0;0;0;0;0;0;;;;;;;;;;;;;;;;;;;;;;
31.01.2025;14:10;A 65;1;1;36;2;33;0;0;1;1;1;4;0;100;2;28;0;0;0;0;1;4;0;0;0;0;0;0;0;0;0;0;1;0;0;0;0;0;1;0;4;1;0;0;1;0;0;0;;;;;;;;;;;;;;;;;;;;;;
31.01.2025;14:09;A 65;1;1;1;1;2;1;35;2;35;2;12;0;100;2;9;2;4;1;4;2;17;0;0;0;0;0;0;0;0;0;0;0;0;0;0;1;0;0;0;0;0;0;0;0;0;0;0;;;;;;;;;;;;;;;;;;;;;;
31.01.2025;14:08;A 65;1;3;35;3;34;2;19;2;19;1;21;0;100;0;93;0;0;0;0;0;0;0;0;0;0;1;0;0;0;0;0;0;0;0;0;0;0;0;0;0;0;0;0;0;0;0;0;;;;;;;;;;;;;;;;;;;;;;
31.01.2025;14:07;A 65;1;3;43;4;20;1;42;1;45;4;31;0;100;1;51;1;4;0;4;0;5;0;0;0;0;0;0;0;0;0;0;0;0;0;0;0;0;0;0;0;0;0;0;0;0;0;0;;;;;;;;;;;;;;;;;;;;;;
31.01.2025;14:06;A 65;1;7;34;8;31;0;0;0;0;0;0;0;100;0;0;1;99;1;99;0;100;0;0;0;0;0;0;0;0;0;0;0;0;0;0;0;0;0;0;0;0;0;0;0;0;0;0;;;;;;;;;;;;;;;;;;;;;;
31.01.2025;14:05;A 65;1;3;34;2;10;2;19;2;20;3;16;0;100;0;0;0;69;0;68;1;74;0;0;0;0;1;0;0;0;0;0;0;0;0;0;0;0;0;0;0;0;0;0;0;0;0;0;;;;;;;;;;;;;;;;;;;;;;
31.01.2025;14:04;A 65;1;4;44;3;60;3;7;3;7;3;12;0;100;0;1;1;17;1;17;1;26;1;0;0;0;0;0;0;0;1;0;0;0;0;0;0;0;0;0;0;0;0;0;0;0;0;0;;;;;;;;;;;;;;;;;;;;;;
31.01.2025;14:03;A 65;1;5;20;2;36;3;13;3;20;2;33;0;100;2;62;1;0;1;0;1;4;0;0;0;0;1;0;0;0;0;0;0;0;0;0;0;0;0;0;0;0;1;0;0;0;0;0;;;;;;;;;;;;;;;;;;;;;;
31.01.2025;14:02;A 65;1;7;59;0;73;3;89;3;91;0;100;0;100;2;45;1;1;1;1;1;5;0;0;0;0;0;0;0;0;0;0;0;0;0;0;0;0;0;0;0;0;0;0;0;0;0;0;;;;;;;;;;;;;;;;;;;;;;
31.01.2025;14:01;A 65;1;3;46;3;58;1;46;1;48;1;55;0;100;4;77;2;91;2;4;3;85;0;0;0;0;0;0;0;0;0;0;0;0;0;0;0;0;1;0;0;0;0;0;0;0;0;0;;;;;;;;;;;;;;;;;;;;;;
31.01.2025;14:00;A 65;1;1;0;0;0;1;4;0;43;2;5;0;100;3;16;2;40;2;4;3;15;0;0;0;0;0;0;0;0;0;0;1;0;0;0;0;0;1;0;0;0;0;0;0;0;0;0;;;;;;;;;;;;;;;;;;;;;;
31.01.2025;13:59;A 65;1;6;31;3;24;2;32;4;31;3;29;0;100;3;58;0;0;0;0;0;0;0;0;0;0;0;0;0;0;0;0;0;0;0;0;0;0;0;0;0;0;0;0;0;0;0;0;;;;;;;;;;;;;;;;;;;;;;
31.01.2025;13:58;A 65;1;7;46;1;47;1;75;1;76;3;60;0;100;2;24;2;1;1;1;0;0;0;0;0;0;0;0;0;0;0;0;0;0;0;0;0;0;0;0;0;0;0;0;0;0;0;0;;;;;;;;;;;;;;;;;;;;;;
31.01.2025;13:57;A 65;1;2;56;2;67;1;72;1;71;0;84;0;100;1;73;1;0;1;0;1;2;0;0;0;0;0;0;0;0;2;0;0;0;0;0;0;0;1;0;0;0;0;0;0;0;0;0;;;;;;;;;;;;;;;;;;;;;;
31.01.2025;13:56;A 65;1;2;42;1;11;5;74;5;76;3;70;0;100;2;59;0;0;2;2;0;0;0;0;0;0;0;0;0;0;0;0;0;0;1;0;0;0;0;0;0;0;0;0;0;0;0;0;;;;;;;;;;;;;;;;;;;;;;
31.01.2025;13:55;A 65;1;5;70;3;28;4;78;4;79;1;93;0;100;1;85;2;10;2;10;0;29;0;0;0;0;0;0;0;0;1;0;0;0;0;0;0;0;1;0;0;0;0;0;0;0;0;0;;;;;;;;;;;;;;;;;;;;;;
31.01.2025;13:54;A 65;1;5;19;3;19;0;100;0;100;1;81;0;100;3;30;0;0;0;0;0;100;0;0;0;0;0;0;0;0;1;0;0;0;0;0;0;0;0;0;0;0;0;0;0;0;0;0;;;;;;;;;;;;;;;;;;;;;;
31.01.2025;13:53;A 65;1;9;40;8;45;2;77;2;77;2;73;0;100;4;19;1;0;1;1;1;3;0;0;0;0;0;0;0;0;2;0;0;0;0;0;0;0;0;0;0;0;0;0;0;0;0;0;;;;;;;;;;;;;;;;;;;;;;
31.01.2025;13:52;A 65;1;2;92;1;99;7;67;7;68;2;79;0;100;3;27;0;0;0;0;0;0;0;0;0;0;0;0;0;0;0;0;0;0;0;0;0;0;0;0;0;0;0;0;0;0;0;0;;;;;;;;;;;;;;;;;;;;;;
31.01.2025;13:51;A 65;1;5;53;4;59;4;87;3;88;1;87;0;100;2;58;1;1;2;1;2;5;0;0;1;0;0;0;1;0;0;0;0;0;0;0;0;0;1;0;0;0;1;0;0;0;0;0;;;;;;;;;;;;;;;;;;;;;;
31.01.2025;13:50;A 65;1;6;50;5;28;1;3;1;97;0;100;0;100;6;93;1;15;1;14;1;7;0;0;0;0;1;0;0;0;0;0;0;0;0;0;0;0;1;0;0;0;0;0;0;0;0;0;;;;;;;;;;;;;;;;;;;;;;
31.01.2025;13:49;A 65;1;1;1;2;11;6;63;6;82;0;100;0;100;2;23;0;0;0;0;0;0;0;0;0;0;1;0;0;0;0;0;0;0;0;0;0;0;0;0;0;0;0;0;0;0;0;0;;;;;;;;;;;;;;;;;;;;;;
31.01.2025;13:48;A 65;1;5;62;4;64;4;36;3;75;2;83;0;100;3;9;1;26;1;26;0;30;0;0;0;0;0;0;0;0;0;0;0;0;0;0;1;0;0;0;0;0;0;0;0;0;0;0;;;;;;;;;;;;;;;;;;;;;;
31.01.2025;13:47;A 65;1;1;1;0;2;0;0;1;87;1;40;0;100;2;8;1;92;1;93;1;99;0;0;0;0;0;0;0;0;0;0;0;0;0;0;0;0;0;0;0;0;0;0;0;0;0;0;;;;;;;;;;;;;;;;;;;;;;
31.01.2025;13:46;A 65;1;2;3;3;8;0;0;0;0;1;7;0;100;4;18;0;0;0;0;0;0;0;0;0;0;0;0;0;0;0;0;0;0;0;0;0;0;0;0;0;0;0;0;0;0;0;0;;;;;;;;;;;;;;;;;;;;;;
31.01.2025;13:45;A 65;1;2;28;2;33;1;68;2;69;0;74;0;100;2;12;0;0;0;0;0;0;0;0;0;0;0;0;0;0;0;0;0;0;0;0;0;0;0;0;0;0;0;0;1;0;0;0;;;;;;;;;;;;;;;;;;;;;;
31.01.2025;13:44;A 65;1;3;65;6;52;5;80;6;82;0;100;0;100;1;80;1;2;1;2;1;6;0;0;0;0;0;0;0;0;0;0;0;0;0;0;0;0;0;0;0;0;1;0;0;0;0;0;;;;;;;;;;;;;;;;;;;;;;
31.01.2025;13:43;A 65;1;9;16;5;20;1;78;0;100;1;41;0;100;3;18;0;0;0;0;0;0;0;0;0;0;0;0;0;0;0;0;0;0;0;0;0;0;0;0;0;0;0;0;0;0;0;0;;;;;;;;;;;;;;;;;;;;;;
31.01.2025;13:42;A 65;1;4;87;3;65;2;36;3;36;1;56;0;100;4;51;0;33;0;33;0;32;0;0;0;0;0;0;0;0;0;0;1;0;0;0;0;0;0;0;0;0;0;0;0;0;0;0;;;;;;;;;;;;;;;;;;;;;;
31.01.2025;13:41;A 65;1;2;5;2;13;0;100;0;100;3;23;0;100;5;42;1;52;1;52;1;57;0;0;1;0;0;0;1;0;0;0;0;0;0;0;0;0;0;0;0;0;0;0;0;0;0;0;;;;;;;;;;;;;;;;;;;;;;
31.01.2025;13:40;A 65;1;3;30;3;26;3;57;3;59;3;18;0;100;0;89;0;0;0;0;0;0;0;0;0;0;0;0;0;0;0;0;0;0;0;0;1;0;2;0;0;0;0;0;0;0;0;0;;;;;;;;;;;;;;;;;;;;;;
31.01.2025;13:39;A 65;1;4;7;4;18;1;3;1;3;0;3;0;100;2;22;0;0;0;0;0;0;1;0;0;0;0;0;0;0;0;0;0;0;0;0;0;0;0;0;0;0;0;0;0;0;0;0;;;;;;;;;;;;;;;;;;;;;;
31.01.2025;13:38;A 65;1;1;1;2;2;2;79;2;81;1;91;0;100;0;6;0;0;0;0;0;0;0;0;0;0;0;0;0;0;0;0;0;0;0;0;0;0;0;0;0;0;0;0;0;0;0;0;;;;;;;;;;;;;;;;;;;;;;
31.01.2025;13:37;A 65;1;4;4;3;11;0;0;0;0;0;0;0;100;2;39;0;0;0;0;0;0;0;0;0;0;0;0;0;0;0;0;0;0;0;0;0;0;0;0;0;0;0;0;1;0;0;0;;;;;;;;;;;;;;;;;;;;;;
31.01.2025;13:36;A 65;1;3;6;5;19;3;38;6;45;1;50;0;100;0;0;0;31;0;31;0;34;0;0;0;0;0;0;0;0;0;0;0;0;0;0;0;0;0;0;0;0;0;0;0;0;0;0;;;;;;;;;;;;;;;;;;;;;;
31.01.2025;13:35;A 65;1;7;28;5;53;2;33;3;35;4;19;0;100;0;38;2;75;2;76;1;85;0;0;0;0;0;0;0;0;0;0;0;0;0;0;0;0;0;0;0;0;0;0;0;0;0;0;;;;;;;;;;;;;;;;;;;;;;
31.01.2025;13:34;A 65;1;6;48;2;55;0;0;0;0;3;8;0;100;7;77;1;80;1;80;2;80;0;0;0;0;0;0;0;0;1;0;0;0;0;0;0;0;0;0;1;0;0;0;0;0;0;0;;;;;;;;;;;;;;;;;;;;;;
31.01.2025;13:33;A 65;1;5;50;2;37;2;78;2;79;2;7;0;100;0;15;2;0;1;0;5;10;0;0;0;0;1;0;0;0;0;0;0;0;0;0;0;0;0;0;0;0;0;0;0;0;0;0;;;;;;;;;;;;;;;;;;;;;;
31.01.2025;13:32;A 65;1;2;64;4;32;4;80;4;82;4;44;0;100;4;48;0;0;1;0;0;0;0;0;0;0;0;0;0;0;0;0;0;0;0;0;0;0;0;0;0;0;0;0;0;0;0;0;;;;;;;;;;;;;;;;;;;;;;
31.01.2025;13:31;A 65;1;6;53;3;40;4;14;5;28;3;50;0;100;1;90;1;6;1;5;1;3;0;0;0;0;1;0;0;0;0;0;0;0;0;0;0;0;0;0;0;0;1;0;0;0;0;0;;;;;;;;;;;;;;;;;;;;;;
31.01.2025;13:30;A 65;1;3;6;3;13;1;29;0;100;0;100;0;100;1;99;1;75;1;75;1;5;0;0;0;0;0;0;0;0;0;0;0;0;0;0;0;0;1;0;0;0;0;0;0;0;0;0;;;;;;;;;;;;;;;;;;;;;;
31.01.2025;13:29;A 65;1;1;15;1;3;4;71;5;76;1;99;0;100;0;0;2;63;2;62;1;69;0;0;0;0;0;0;0;0;0;0;0;0;1;0;0;0;0;0;0;0;0;0;1;0;0;0;;;;;;;;;;;;;;;;;;;;;;
31.01.2025;13:28;A 65;1;1;1;1;4;2;55;2;57;2;64;0;100;1;5;1;12;1;13;1;19;0;0;0;0;0;0;0;0;0;0;0;0;0;0;0;0;0;0;0;0;0;0;0;0;0;0;;;;;;;;;;;;;;;;;;;;;;
31.01.2025;13:27;A 65;1;4;45;4;15;3;50;3;51;2;34;0;100;0;0;0;0;0;0;2;0;0;0;1;0;0;0;0;0;0;0;0;0;0;0;0;0;1;0;0;0;0;0;0;0;0;0;;;;;;;;;;;;;;;;;;;;;;
31.01.2025;13:26;A 65;1;9;34;3;42;1;75;1;76;7;28;0;100;2;8;0;0;0;0;0;0;0;0;0;0;0;0;0;0;0;0;0;0;0;0;0;0;0;0;0;0;0;0;0;0;0;0;;;;;;;;;;;;;;;;;;;;;;
31.01.2025;13:25;A 65;1;5;62;7;25;2;70;3;71;2;79;0;100;1;7;0;0;0;0;0;0;0;0;0;0;0;0;0;0;0;0;0;0;0;0;0;0;0;0;0;0;0;0;0;0;0;0;;;;;;;;;;;;;;;;;;;;;;
31.01.2025;13:24;A 65;1;6;19;5;23;3;71;2;75;3;21;0;100;2;8;0;0;0;0;0;0;0;0;0;0;0;0;0;0;0;0;0;0;0;0;0;0;1;0;0;0;0;0;0;0;0;0;;;;;;;;;;;;;;;;;;;;;;
31.01.2025;13:23;A 65;1;3;43;3;44;1;5;2;6;1;13;0;100;4;63;0;0;0;0;0;0;0;0;0;0;0;0;0;0;0;0;1;0;0;0;0;0;2;0;0;0;0;0;0;0;0;0;;;;;;;;;;;;;;;;;;;;;;
31.01.2025;13:22;A 65;1;5;65;4;50;1;89;2;89;1;73;0;100;1;60;0;0;0;0;0;0;0;0;0;0;0;0;1;0;0;0;0;0;0;0;0;0;0;0;0;0;0;0;0;0;0;0;;;;;;;;;;;;;;;;;;;;;;
31.01.2025;13:21;A 65;1;0;0;0;0;2;71;1;75;2;39;0;100;0;100;0;0;0;0;0;0;0;0;0;0;0;0;0;0;0;0;0;0;0;0;0;0;2;0;0;0;0;0;0;0;0;0;;;;;;;;;;;;;;;;;;;;;;
31.01.2025;13:20;A 65;1;2;2;1;4;1;45;1;44;3;6;0;100;1;28;0;0;0;0;0;0;0;0;0;0;0;0;0;0;0;0;0;0;0;0;0;0;1;0;0;0;0;0;0;0;0;0;;;;;;;;;;;;;;;;;;;;;;
31.01.2025;13:19;A 65;1;10;40;6;56;3;37;4;39;2;24;0;100;2;19;0;0;0;0;1;1;0;0;0;0;0;0;0;0;0;0;0;0;0;0;0;0;0;0;0;0;0;0;0;0;0;0;;;;;;;;;;;;;;;;;;;;;;
31.01.2025;13:18;A 65;1;4;9;2;15;1;59;2;58;2;62;0;100;3;19;2;84;2;84;1;93;0;0;0;0;0;0;0;0;0;0;0;0;0;0;0;0;0;0;0;0;0;0;0;0;0;0;;;;;;;;;;;;;;;;;;;;;;
31.01.2025;13:17;A 65;1;2;29;2;37;1;16;1;18;2;8;0;100;1;14;0;0;0;0;0;0;0;0;1;0;0;0;0;0;0;0;1;0;0;0;0;0;0;0;0;0;0;0;1;0;0;0;;;;;;;;;;;;;;;;;;;;;;
31.01.2025;13:16;A 65;1;4;69;5;46;2;39;2;39;2;5;0;100;5;83;0;0;0;0;1;1;0;0;0;0;0;0;0;0;0;0;0;0;0;0;0;0;0;0;0;0;0;0;0;0;0;0;;;;;;;;;;;;;;;;;;;;;;
31.01.2025;13:15;A 65;1;5;57;5;23;4;24;4;26;3;31;0;100;4;16;0;4;0;3;0;0;0;0;0;0;0;0;0;0;0;0;0;0;0;0;0;0;0;0;0;0;0;0;0;0;0;0;;;;;;;;;;;;;;;;;;;;;;
31.01.2025;13:14;A 65;1;6;29;5;26;1;46;1;87;2;65;0;100;2;18;1;7;1;7;1;8;0;0;2;0;4;1;0;0;0;0;1;0;0;0;0;0;1;0;0;0;0;0;0;0;0;0;;;;;;;;;;;;;;;;;;;;;;
31.01.2025;13:13;A 65;1;6;61;2;44;1;20;1;20;1;5;0;100;4;11;3;49;3;49;1;60;0;0;0;0;0;0;0;0;0;0;0;0;1;0;0;0;1;0;0;0;0;0;0;0;0;0;;;;;;;;;;;;;;;;;;;;;;
31.01.2025;13:12;A 65;1;3;41;1;45;2;15;2;16;3;27;0;100;0;99;0;0;0;0;0;0;0;0;0;0;0;0;0;0;0;0;0;0;0;0;0;0;0;0;0;0;0;0;0;0;0;0;;;;;;;;;;;;;;;;;;;;;;
31.01.2025;13:11;A 65;1;4;18;2;36;2;32;3;32;0;41;0;100;1;92;0;0;0;0;0;0;0;0;0;0;0;0;1;0;0;0;0;0;0;0;0;0;1;0;1;0;0;0;1;0;0;0;;;;;;;;;;;;;;;;;;;;;;
31.01.2025;13:10;A 65;1;5;13;2;18;0;100;0;100;2;41;0;100;1;5;0;0;0;0;0;0;0;0;0;0;0;0;0;0;0;0;0;0;0;0;0;0;0;0;0;0;0;0;0;0;0;0;;;;;;;;;;;;;;;;;;;;;;
31.01.2025;13:09;A 65;1;3;60;4;57;3;81;3;81;2;78;0;100;3;17;1;2;1;2;1;65;1;0;0;0;0;0;2;0;1;0;0;0;0;0;0;0;0;0;2;0;0;0;0;0;0;0;;;;;;;;;;;;;;;;;;;;;;
31.01.2025;13:08;A 65;1;4;12;4;35;5;36;4;59;3;72;0;100;4;91;1;29;1;28;0;24;0;0;0;0;0;0;0;0;0;0;2;0;0;0;0;0;0;0;0;0;0;0;0;0;0;0;;;;;;;;;;;;;;;;;;;;;;
31.01.2025;13:07;A 65;1;6;66;5;68;0;0;2;56;3;68;0;100;3;69;1;38;1;39;1;46;0;0;0;0;1;0;0;0;0;0;0;0;0;0;0;0;1;0;0;0;0;0;0;0;0;0;;;;;;;;;;;;;;;;;;;;;;
31.01.2025;13:06;A 65;1;5;20;2;22;1;45;1;46;3;7;0;100;1;26;1;81;1;81;2;67;1;0;0;0;0;0;0;0;1;0;0;0;0;0;0;0;0;0;0;0;0;0;0;0;0;0;;;;;;;;;;;;;;;;;;;;;;
31.01.2025;13:05;A 65;1;5;61;1;64;1;70;1;71;1;1;0;100;1;32;0;0;0;0;0;0;1;0;0;0;0;0;1;0;1;0;0;0;0;0;0;0;0;0;0;0;0;0;0;0;0;0;;;;;;;;;;;;;;;;;;;;;;
31.01.2025;13:04;A 65;1;2;64;2;54;4;75;4;75;1;85;0;100;2;46;1;69;1;68;0;73;0;0;0;0;0;0;0;0;0;0;0;0;0;0;0;0;0;0;0;0;0;0;0;0;0;0;;;;;;;;;;;;;;;;;;;;;;
31.01.2025;13:03;A 65;1;4;37;1;40;4;19;3;21;6;33;0;100;5;25;1;13;1;14;1;24;0;0;0;0;0;0;0;0;0;0;0;0;0;0;0;0;0;0;0;0;0;0;0;0;0;0;;;;;;;;;;;;;;;;;;;;;;
31.01.2025;13:02;A 65;1;2;28;3;15;1;1;0;0;0;0;0;100;2;14;1;63;1;64;1;70;0;0;0;0;0;0;0;0;0;0;1;0;0;0;0;0;0;0;0;0;0;0;0;0;0;0;;;;;;;;;;;;;;;;;;;;;;
31.01.2025;13:01;A 65;1;1;9;0;8;0;0;0;0;0;0;0;100;5;35;0;0;0;0;0;0;0;0;0;0;0;0;0;0;0;0;0;0;0;0;0;0;0;0;0;0;0;0;0;0;0;0;;;;;;;;;;;;;;;;;;;;;;
31.01.2025;13:00;A 65;1;2;32;4;24;5;54;4;56;1;69;0;100;0;100;1;44;3;44;0;45;0;0;0;0;0;0;0;0;0;0;0;0;0;0;0;0;0;0;0;0;2;0;0;0;0;0;;;;;;;;;;;;;;;;;;;;;;
31.01.2025;12:59;A 65;1;4;38;2;26;3;73;3;74;2;63;0;100;2;49;1;77;1;78;1;82;0;0;0;0;0;0;0;0;0;0;0;0;0;0;0;0;0;0;0;0;0;0;0;0;0;0;;;;;;;;;;;;;;;;;;;;;;
31.01.2025;12:58;A 65;1;3;18;2;23;1;54;1;55;2;50;0;100;1;0;0;0;0;0;0;0;1;0;0;0;0;0;0;0;0;0;0;0;0;0;0;0;0;0;0;0;0;0;0;0;0;0;;;;;;;;;;;;;;;;;;;;;;
31.01.2025;12:57;A 65;1;4;33;5;31;0;75;1;77;2;69;0;100;5;16;0;0;0;0;0;0;0;0;0;0;0;0;0;0;0;0;0;0;0;0;0;0;1;0;0;0;1;0;0;0;0;0;;;;;;;;;;;;;;;;;;;;;;
31.01.2025;12:56;A 65;1;3;49;5;35;2;70;2;73;3;56;0;100;3;12;1;42;1;42;1;45;0;0;0;0;0;0;0;0;1;0;0;0;0;0;0;0;0;0;0;0;0;0;0;0;0;0;;;;;;;;;;;;;;;;;;;;;;
31.01.2025;12:55;A 65;1;3;45;4;21;5;84;6;85;2;86;0;100;4;84;3;79;3;79;1;89;0;0;0;0;0;0;0;0;0;0;0;0;0;0;0;0;0;0;0;0;0;0;0;0;0;0;;;;;;;;;;;;;;;;;;;;;;
31.01.2025;12:54;A 65;1;4;20;3;26;1;47;1;49;2;50;0;100;0;100;2;78;2;79;1;87;0;0;0;0;0;0;0;0;0;0;0;0;0;0;0;0;0;0;0;0;0;0;0;0;0;0;;;;;;;;;;;;;;;;;;;;;;
31.01.2025;12:53;A 65;1;1;69;4;33;5;10;4;77;2;89;0;100;2;44;0;0;0;0;0;0;1;0;0;0;0;0;0;0;0;0;0;0;0;0;1;0;0;0;0;0;0;0;0;0;0;0;;;;;;;;;;;;;;;;;;;;;;
31.01.2025;12:52;A 65;1;4;63;1;65;3;25;4;70;2;77;0;100;0;0;0;0;0;0;1;1;0;0;0;0;0;0;0;0;0;0;0;0;0;0;0;0;0;0;0;0;0;0;0;0;0;0;;;;;;;;;;;;;;;;;;;;;;
31.01.2025;12:51;A 65;1;2;19;1;28;2;57;2;57;2;33;0;100;2;6;0;8;0;8;0;6;0;0;0;0;0;0;0;0;0;0;1;0;0;0;0;0;0;0;0;0;0;0;0;0;0;0;;;;;;;;;;;;;;;;;;;;;;
31.01.2025;12:50;A 65;1;6;22;2;29;1;91;1;93;1;95;0;100;0;16;1;87;1;88;1;93;0;0;0;0;0;0;0;0;1;0;1;0;0;0;0;0;0;0;0;0;0;0;0;0;0;0;;;;;;;;;;;;;;;;;;;;;;
31.01.2025;12:49;A 65;1;5;89;1;91;3;7;2;77;2;70;0;100;2;66;1;0;1;0;2;6;1;0;0;0;0;0;0;0;1;0;0;0;0;0;0;0;0;0;0;0;0;0;0;0;0;0;;;;;;;;;;;;;;;;;;;;;;
31.01.2025;12:48;A 65;1;6;63;3;83;4;48;5;56;2;70;0;100;2;81;0;0;0;0;0;0;0;0;1;0;0;0;0;0;0;0;0;0;0;0;0;0;0;0;0;0;0;0;0;0;0;0;;;;;;;;;;;;;;;;;;;;;;
31.01.2025;12:47;A 65;1;5;46;2;59;5;72;5;70;2;93;0;100;1;82;2;13;2;13;3;16;0;0;0;0;0;0;0;0;0;0;1;0;0;0;0;0;0;0;0;0;0;0;0;0;0;0;;;;;;;;;;;;;;;;;;;;;;
31.01.2025;12:46;A 65;1;8;33;3;48;1;98;0;100;1;94;0;100;2;57;1;29;1;29;3;24;0;0;1;0;0;0;1;0;0;0;0;0;0;0;0;0;0;0;0;0;0;0;0;0;0;0;;;;;;;;;;;;;;;;;;;;;;
31.01.2025;12:45;A 65;1;2;41;2;55;5;8;6;83;1;99;0;100;3;66;0;0;0;0;0;49;0;0;1;0;0;0;0;0;1;0;1;0;0;0;0;0;0;0;1;0;0;0;0;0;0;0;;;;;;;;;;;;;;;;;;;;;;
31.01.2025;12:44;A 65;1;0;0;1;2;7;9;5;80;3;87;0;100;1;70;0;0;0;0;0;100;0;0;0;0;0;0;0;0;0;0;1;0;0;0;0;0;0;0;0;0;0;0;0;0;0;0;;;;;;;;;;;;;;;;;;;;;;
31.01.2025;12:43;A 65;1;7;14;1;68;1;10;2;34;2;32;0;100;2;63;1;1;1;1;0;100;0;0;0;0;0;0;0;0;0;0;0;0;0;0;0;0;0;0;0;0;0;0;0;0;0;0;;;;;;;;;;;;;;;;;;;;;;
31.01.2025;12:42;A 65;1;3;44;4;11;5;85;5;87;0;100;0;100;1;88;0;0;0;0;0;100;0;0;0;0;0;0;0;0;0;0;0;0;0;0;0;0;0;0;0;0;0;0;0;0;0;0;;;;;;;;;;;;;;;;;;;;;;
31.01.2025;12:41;A 65;1;4;30;2;34;1;91;1;94;2;99;0;100;0;100;0;0;0;0;0;100;0;0;1;0;0;0;0;0;0;0;1;0;0;0;0;0;0;0;0;0;0;0;0;0;0;0;;;;;;;;;;;;;;;;;;;;;;
31.01.2025;12:40;A 65;1;2;62;4;56;1;80;1;78;1;99;0;100;1;74;2;80;2;80;0;100;0;0;0;0;0;0;0;0;0;0;1;0;0;0;0;0;0;0;0;0;0;0;0;0;0;0;;;;;;;;;;;;;;;;;;;;;;
31.01.2025;12:39;A 65;1;4;56;1;58;1;54;1;55;4;13;0;100;0;53;1;32;1;32;0;100;0;0;0;0;1;0;1;0;0;0;0;0;0;0;0;0;0;0;2;0;0;0;0;0;0;0;;;;;;;;;;;;;;;;;;;;;;
31.01.2025;12:38;A 65;1;5;13;5;39;1;26;1;27;2;6;0;100;4;49;0;0;0;0;0;100;0;0;0;0;0;0;1;0;0;0;0;0;0;0;0;0;0;0;2;0;0;0;0;0;0;0;;;;;;;;;;;;;;;;;;;;;;
31.01.2025;12:37;A 65;1;1;20;3;6;3;6;2;66;4;54;0;100;4;69;0;0;0;0;1;40;0;0;0;0;0;0;0;0;0;0;0;0;0;0;0;0;0;0;0;0;0;0;0;0;0;0;;;;;;;;;;;;;;;;;;;;;;
31.01.2025;12:36;A 65;1;5;40;1;50;7;7;5;79;1;45;0;100;3;96;1;1;1;1;1;4;0;0;0;0;0;0;0;0;0;0;0;0;0;0;0;0;0;0;0;0;0;0;0;0;0;0;;;;;;;;;;;;;;;;;;;;;;
31.01.2025;12:35;A 65;1;4;43;0;53;0;0;1;51;2;57;0;100;5;48;0;0;0;0;0;0;0;0;0;0;0;0;0;0;0;0;0;0;0;0;0;0;0;0;0;0;0;0;0;0;0;0;;;;;;;;;;;;;;;;;;;;;;
31.01.2025;12:34;A 65;1;1;1;2;6;2;4;2;41;3;14;0;100;5;35;0;0;0;0;0;0;0;0;0;0;0;0;0;0;0;0;0;0;0;0;0;0;0;0;0;0;0;0;0;0;0;0;;;;;;;;;;;;;;;;;;;;;;
31.01.2025;12:33;A 65;1;5;44;5;24;2;5;1;67;0;71;0;100;2;62;2;1;2;1;0;0;0;0;1;0;0;0;0;0;0;0;1;0;1;0;0;0;0;0;0;0;0;0;0;0;0;0;;;;;;;;;;;;;;;;;;;;;;
31.01.2025;12:32;A 65;1;7;80;0;90;5;17;5;53;4;57;0;100;0;94;0;0;0;0;1;2;1;0;0;0;0;0;0;0;1;0;0;0;0;0;0;0;0;0;1;0;0;0;0;0;0;0;;;;;;;;;;;;;;;;;;;;;;
31.01.2025;12:31;A 65;1;2;61;2;47;2;78;3;80;3;80;0;100;0;100;1;0;1;0;1;1;0;0;0;0;0;0;0;0;0;0;0;0;0;0;0;0;1;0;1;0;0;0;0;0;0;0;;;;;;;;;;;;;;;;;;;;;;
31.01.2025;12:30;A 65;1;8;28;5;34;1;94;1;95;0;100;0;100;1;53;0;0;0;0;0;0;0;0;0;0;0;0;0;0;0;0;1;0;0;0;0;0;0;0;0;0;0;0;0;0;0;0;;;;;;;;;;;;;;;;;;;;;;
31.01.2025;12:29;A 65;1;4;14;4;24;4;71;4;74;4;82;0;100;2;23;0;0;0;0;0;0;0;0;0;0;0;0;0;0;0;0;0;0;0;0;0;0;0;0;0;0;0;0;0;0;0;0;;;;;;;;;;;;;;;;;;;;;;
31.01.2025;12:28;A 65;1;6;13;4;28;2;71;3;73;2;53;0;100;2;10;2;5;2;3;3;14;0;0;0;0;0;0;0;0;0;0;1;0;0;0;0;0;0;0;0;0;0;0;0;0;0;0;;;;;;;;;;;;;;;;;;;;;;
31.01.2025;12:27;A 65;1;3;84;2;82;3;60;3;63;1;65;0;100;5;35;0;0;0;0;0;0;0;0;0;0;0;0;0;0;0;0;0;0;0;0;0;0;0;0;0;0;0;0;0;0;0;0;;;;;;;;;;;;;;;;;;;;;;
31.01.2025;12:26;A 65;1;5;38;2;44;1;1;1;1;4;8;0;100;2;68;0;0;0;0;0;0;0;0;0;0;0;0;0;0;0;0;0;0;0;0;0;0;0;0;0;0;0;0;0;0;0;0;;;;;;;;;;;;;;;;;;;;;;
31.01.2025;12:25;A 65;1;4;30;3;18;1;2;0;56;0;0;0;100;2;30;0;0;0;0;0;0;0;0;0;0;0;0;0;0;0;0;0;0;0;0;0;0;2;0;0;0;0;0;0;0;0;0;;;;;;;;;;;;;;;;;;;;;;
31.01.2025;12:24;A 65;1;6;65;4;85;2;57;2;74;2;40;0;100;2;52;2;0;2;1;0;1;0;0;0;0;0;0;0;0;0;0;0;0;0;0;0;0;0;0;0;0;0;0;0;0;0;0;;;;;;;;;;;;;;;;;;;;;;
31.01.2025;12:23;A 65;1;5;53;5;61;1;57;2;58;2;51;0;100;2;67;0;0;0;0;1;1;0;0;1;0;0;0;0;0;0;0;0;0;0;0;0;0;0;0;0;0;0;0;0;0;0;0;;;;;;;;;;;;;;;;;;;;;;
31.01.2025;12:22;A 65;1;3;53;2;34;6;72;6;73;1;81;0;100;1;54;0;0;0;0;0;0;0;0;0;0;0;0;0;0;0;0;0;0;0;0;0;0;0;0;1;0;0;0;0;0;0;0;;;;;;;;;;;;;;;;;;;;;;
31.01.2025;12:21;A 65;1;1;2;3;10;5;73;5;75;2;94;0;100;3;56;0;0;0;0;0;0;1;0;0;0;0;0;0;0;0;0;0;0;0;0;0;0;0;0;0;0;1;0;0;0;0;0;;;;;;;;;;;;;;;;;;;;;;
31.01.2025;12:20;A 65;1;4;36;2;43;2;88;2;87;0;100;0;100;2;95;0;0;0;0;0;0;0;0;0;0;1;0;0;0;0;0;1;0;0;0;0;0;0;0;0;0;1;0;0;0;0;0;;;;;;;;;;;;;;;;;;;;;;
31.01.2025;12:19;A 65;1;0;0;0;0;1;64;1;65;1;72;0;100;2;28;0;0;0;0;0;0;0;0;0;0;0;0;0;0;0;0;0;0;0;0;2;0;1;0;0;0;0;0;0;0;0;0;;;;;;;;;;;;;;;;;;;;;;
31.01.2025;12:18;A 65;1;4;22;9;32;3;6;2;59;1;61;0;100;2;14;2;28;2;28;1;36;0;0;3;0;0;0;0;0;0;0;0;0;0;0;0;0;1;0;0;0;0;0;0;0;0;0;;;;;;;;;;;;;;;;;;;;;;
31.01.2025;12:17;A 65;1;4;49;3;68;0;0;1;29;2;9;0;100;3;41;0;0;0;0;0;0;0;0;0;0;0;0;1;0;0;0;0;0;1;0;0;0;0;0;0;0;0;0;1;0;0;0;;;;;;;;;;;;;;;;;;;;;;
31.01.2025;12:16;A 65;1;6;71;2;73;3;9;3;52;2;33;0;100;5;46;1;26;1;25;1;8;1;0;0;0;0;0;0;0;1;0;0;0;0;0;0;0;0;0;0;0;0;0;0;0;0;0;;;;;;;;;;;;;;;;;;;;;;
31.01.2025;12:15;A 65;1;2;4;3;9;2;2;2;4;4;13;0;100;5;74;5;14;5;15;1;57;0;0;0;0;1;0;0;0;0;0;1;0;0;0;0;0;0;0;0;0;0;0;0;0;0;0;;;;;;;;;;;;;;;;;;;;;;
31.01.2025;12:14;A 65;1;5;37;3;25;3;60;3;60;2;61;0;100;3;62;2;0;1;1;2;32;0;0;0;0;0;0;0;0;0;0;0;0;0;0;0;0;2;0;0;0;0;0;0;0;0;0;;;;;;;;;;;;;;;;;;;;;;
31.01.2025;12:13;A 65;1;5;45;3;59;2;82;2;81;2;13;0;100;1;88;0;56;0;56;0;60;1;0;0;0;0;0;0;0;0;0;0;0;0;0;0;0;0;0;1;0;0;0;0;0;0;0;;;;;;;;;;;;;;;;;;;;;;
31.01.2025;12:12;A 65;1;5;82;3;92;1;24;1;25;1;5;0;100;1;44;2;14;2;14;2;19;0;0;0;0;0;0;0;0;0;0;0;0;0;0;0;0;0;0;0;0;0;0;0;0;0;0;;;;;;;;;;;;;;;;;;;;;;
31.01.2025;12:11;A 65;1;3;92;0;100;2;59;3;58;0;65;0;100;3;75;1;0;1;0;1;1;0;0;0;0;0;0;0;0;0;0;0;0;0;0;0;0;1;0;0;0;0;0;0;0;0;0;;;;;;;;;;;;;;;;;;;;;;
31.01.2025;12:10;A 65;1;4;85;0;100;2;91;2;89;0;100;0;100;0;100;2;53;2;54;0;61;0;0;0;0;0;0;0;0;0;0;0;0;0;0;0;0;0;0;0;0;1;0;0;0;0;0;;;;;;;;;;;;;;;;;;;;;;
31.01.2025;12:09;A 65;1;2;77;2;84;4;26;3;90;0;100;0;100;1;61;1;54;1;55;1;9;0;0;0;0;0;0;0;0;0;0;1;0;0;0;0;0;0;0;0;0;0;0;0;0;0;0;;;;;;;;;;;;;;;;;;;;;;
31.01.2025;12:08;A 65;1;3;60;2;15;3;22;3;19;5;31;0;100;1;3;0;0;0;0;1;9;0;0;0;0;0;0;0;0;0;0;0;0;0;0;0;0;0;0;0;0;0;0;0;0;0;0;;;;;;;;;;;;;;;;;;;;;;
31.01.2025;12:07;A 65;1;4;10;3;16;0;0;0;0;1;2;0;100;2;7;1;15;1;15;2;11;0;0;1;0;0;0;0;0;0;0;0;0;0;0;0;0;0;0;1;0;0;0;0;0;0;0;;;;;;;;;;;;;;;;;;;;;;
31.01.2025;12:06;A 65;1;5;59;4;71;2;5;4;55;1;68;0;100;4;25;0;0;1;1;0;0;0;0;0;0;0;0;4;1;0;0;0;0;0;0;0;0;0;0;1;0;0;0;0;0;0;0;;;;;;;;;;;;;;;;;;;;;;
31.01.2025;12:05;A 65;1;3;67;5;22;2;62;3;63;1;71;0;100;12;46;1;53;1;53;0;53;0;0;3;0;0;0;0;0;0;0;0;0;0;0;0;0;0;0;0;0;0;0;0;0;0;0;;;;;;;;;;;;;;;;;;;;;;
31.01.2025;12:04;A 65;1;5;67;5;25;1;84;1;84;1;97;0;100;2;90;0;0;0;0;1;5;0;0;0;0;0;0;0;0;0;0;0;0;0;0;0;0;0;0;0;0;0;0;0;0;0;0;;;;;;;;;;;;;;;;;;;;;;
31.01.2025;12:03;A 65;1;4;72;2;28;1;66;1;65;4;11;0;100;2;85;1;0;1;0;1;2;1;0;0;0;0;0;0;0;0;0;0;0;0;0;0;0;0;0;0;0;0;0;0;0;0;0;;;;;;;;;;;;;;;;;;;;;;
31.01.2025;12:02;A 65;1;1;13;2;16;2;2;3;5;3;27;0;100;1;78;0;0;0;0;0;0;0;0;0;0;0;0;0;0;0;0;0;0;0;0;0;0;0;0;1;0;0;0;0;0;0;0;;;;;;;;;;;;;;;;;;;;;;
31.01.2025;12:01;A 65;1;3;31;2;9;4;14;3;57;1;76;0;100;2;22;1;1;1;0;1;3;0;0;0;0;0;0;0;0;0;0;1;0;0;0;0;0;0;0;0;0;0;0;0;0;0;0;;;;;;;;;;;;;;;;;;;;;;
31.01.2025;12:00;A 65;1;6;52;3;64;3;15;5;82;2;78;0;100;2;58;0;0;0;0;0;0;0;0;1;0;1;0;0;0;0;0;0;0;0;0;0;0;0;0;0;0;0;0;1;0;0;0;;;;;;;;;;;;;;;;;;;;;;
31.01.2025;11:59;A 65;1;7;11;5;17;0;100;0;100;0;100;0;100;4;37;0;0;0;0;0;0;0;0;0;0;0;0;0;0;1;0;0;0;0;0;0;0;0;0;0;0;0;0;0;0;0;0;;;;;;;;;;;;;;;;;;;;;;
31.01.2025;11:58;A 65;1;6;41;4;58;5;83;5;84;0;100;0;100;1;27;0;0;0;0;0;0;0;0;0;0;0;0;0;0;0;0;0;0;0;0;0;0;2;0;0;0;0;0;1;0;0;0;;;;;;;;;;;;;;;;;;;;;;
31.01.2025;11:57;A 65;1;4;12;6;25;4;31;5;79;1;96;0;100;2;32;0;0;0;0;0;0;0;0;0;0;0;0;0;0;0;0;0;0;0;0;0;0;0;0;0;0;0;0;0;0;0;0;;;;;;;;;;;;;;;;;;;;;;
31.01.2025;11:56;A 65;1;3;3;4;12;0;0;1;16;3;10;0;100;2;9;0;0;0;0;0;0;0;0;0;0;1;0;0;0;0;0;0;0;0;0;0;0;0;0;0;0;0;0;0;0;0;0;;;;;;;;;;;;;;;;;;;;;;
31.01.2025;11:55;A 65;1;5;48;4;52;2;62;2;59;3;14;0;100;4;14;0;55;0;54;0;54;0;0;0;0;0;0;0;0;0;0;0;0;0;0;0;0;0;0;0;0;0;0;0;0;0;0;;;;;;;;;;;;;;;;;;;;;;
31.01.2025;11:54;A 65;1;6;88;0;100;3;66;3;68;1;68;0;100;33;45;2;67;2;67;1;77;0;0;0;0;1;0;0;0;0;0;0;0;0;0;0;0;0;0;0;0;0;0;0;0;0;0;;;;;;;;;;;;;;;;;;;;;;
31.01.2025;11:53;A 65;1;4;90;1;74;4;76;3;78;4;56;0;100;1;78;1;23;1;24;1;31;0;0;1;0;0;0;0;0;0;0;1;0;0;0;0;0;0;0;0;0;0;0;0;0;0;0;;;;;;;;;;;;;;;;;;;;;;
31.01.2025;11:52;A 65;1;3;17;3;29;0;0;2;80;2;82;0;100;0;0;1;2;0;100;0;99;0;0;1;0;0;0;0;0;0;0;1;0;0;0;0;0;0;0;0;0;0;0;0;0;0;0;;;;;;;;;;;;;;;;;;;;;;
31.01.2025;11:51;A 65;1;2;32;2;31;4;31;3;31;3;42;0;100;0;97;2;1;2;15;1;20;0;0;0;0;0;0;0;0;3;0;0;0;0;0;0;0;0;0;0;0;0;0;0;0;0;0;;;;;;;;;;;;;;;;;;;;;;
31.01.2025;11:50;A 65;1;5;12;2;37;1;57;1;56;1;57;0;100;2;33;2;36;2;36;1;47;1;0;0;0;0;0;0;0;1;0;0;0;0;0;1;0;0;0;0;0;0;0;0;0;0;0;;;;;;;;;;;;;;;;;;;;;;
31.01.2025;11:49;A 65;1;7;74;2;90;3;76;3;77;2;80;0;100;2;85;2;62;2;61;1;41;0;0;0;0;0;0;0;0;0;0;0;0;0;0;0;0;0;0;0;0;0;0;0;0;0;0;;;;;;;;;;;;;;;;;;;;;;
31.01.2025;11:48;A 65;1;3;67;4;65;5;19;5;56;6;29;0;100;0;99;1;0;0;53;1;5;0;0;0;0;0;0;0;0;1;0;0;0;1;0;0;0;0;0;0;0;0;0;0;0;0;0;;;;;;;;;;;;;;;;;;;;;;
31.01.2025;11:47;A 65;1;3;64;3;76;3;60;3;15;6;71;0;100;0;100;3;1;2;19;1;5;0;0;0;0;0;0;0;0;0;0;0;0;0;0;0;0;2;0;0;0;0;0;0;0;0;0;;;;;;;;;;;;;;;;;;;;;;
31.01.2025;11:46;A 65;1;8;65;4;67;3;63;3;63;5;45;0;100;0;100;0;0;0;0;0;0;0;0;2;0;1;0;0;0;0;0;0;0;0;0;0;0;0;0;0;0;0;0;0;0;0;0;;;;;;;;;;;;;;;;;;;;;;
31.01.2025;11:45;A 65;1;7;62;3;53;1;1;1;1;2;5;0;100;0;100;0;0;0;0;0;0;0;0;4;1;0;0;0;0;0;0;0;0;0;0;0;0;0;0;0;0;0;0;0;0;0;0;;;;;;;;;;;;;;;;;;;;;;
31.01.2025;11:44;A 65;1;1;94;1;50;1;3;1;52;9;17;0;100;0;100;3;58;3;58;0;65;0;0;0;0;0;0;0;0;0;0;0;0;0;0;0;0;0;0;0;0;0;0;1;0;0;0;;;;;;;;;;;;;;;;;;;;;;
31.01.2025;11:43;A 65;1;7;63;3;33;2;53;3;54;2;67;0;100;0;100;0;0;0;0;1;5;0;0;2;0;0;0;0;0;0;0;1;0;0;0;0;0;0;0;0;0;0;0;3;0;0;0;;;;;;;;;;;;;;;;;;;;;;
31.01.2025;11:42;A 65;1;6;84;2;65;2;72;2;71;3;48;0;100;0;100;0;27;0;27;0;27;0;0;0;0;0;0;0;0;0;0;0;0;0;0;0;0;0;0;1;0;0;0;0;0;0;0;;;;;;;;;;;;;;;;;;;;;;
31.01.2025;11:41;A 65;1;2;33;2;22;1;39;1;38;5;42;0;100;0;100;1;36;1;37;1;42;0;0;0;0;0;0;0;0;0;0;0;0;1;0;0;0;0;0;0;0;0;0;0;0;0;0;;;;;;;;;;;;;;;;;;;;;;
31.01.2025;11:40;A 65;1;3;28;7;16;2;70;2;71;1;64;0;100;0;100;0;61;0;61;0;62;0;0;0;0;0;0;0;0;0;0;0;0;0;0;1;0;0;0;0;0;0;0;0;0;0;0;;;;;;;;;;;;;;;;;;;;;;
31.01.2025;11:39;A 65;1;5;19;5;17;5;77;5;79;2;89;0;100;0;100;1;14;1;15;1;24;0;0;0;0;0;0;0;0;1;0;0;0;0;0;0;0;0;0;0;0;0;0;0;0;0;0;;;;;;;;;;;;;;;;;;;;;;
31.01.2025;11:38;A 65;1;3;15;4;14;3;86;3;87;0;100;0;100;0;100;1;21;1;21;1;27;0;0;0;0;1;0;0;0;1;0;0;0;0;0;0;0;0;0;0;0;0;0;0;0;0;0;;;;;;;;;;;;;;;;;;;;;;
31.01.2025;11:37;A 65;1;7;35;5;35;3;82;4;87;0;100;0;100;1;67;0;56;0;55;0;0;0;0;0;0;0;0;0;0;0;0;0;0;1;0;0;0;0;0;0;0;0;0;0;0;0;0;;;;;;;;;;;;;;;;;;;;;;
31.01.2025;11:36;A 65;1;6;54;3;68;2;45;2;30;3;45;0;100;2;11;2;2;2;2;2;10;0;0;0;0;1;0;0;0;0;0;0;0;0;0;0;0;0;0;0;0;0;0;0;0;0;0;;;;;;;;;;;;;;;;;;;;;;
31.01.2025;11:35;A 65;1;5;58;3;77;1;52;1;51;3;10;0;100;3;47;0;0;0;0;0;0;0;0;1;0;0;0;0;0;0;0;0;0;0;0;0;0;0;0;0;0;1;0;0;0;0;0;;;;;;;;;;;;;;;;;;;;;;
31.01.2025;11:34;A 65;1;2;21;3;8;2;36;1;76;2;10;0;100;4;32;1;3;1;3;1;8;0;0;0;0;0;0;0;0;0;0;1;0;0;0;0;0;7;1;0;0;1;0;0;0;0;0;;;;;;;;;;;;;;;;;;;;;;
31.01.2025;11:33;A 65;1;9;39;3;65;0;0;1;79;2;6;0;100;0;54;0;0;0;0;0;0;0;0;0;0;0;0;2;0;0;0;0;0;0;0;0;0;3;0;2;0;0;0;0;0;0;0;;;;;;;;;;;;;;;;;;;;;;
31.01.2025;11:32;A 65;1;2;6;1;6;2;90;2;89;3;65;0;100;1;36;2;3;2;4;3;31;2;0;0;0;0;0;0;0;0;0;0;0;0;0;0;0;0;0;0;0;0;0;0;0;0;0;;;;;;;;;;;;;;;;;;;;;;
31.01.2025;11:31;A 65;1;5;75;3;88;5;67;5;66;4;68;0;100;4;18;1;42;2;42;1;47;0;0;2;0;0;0;0;0;0;0;0;0;0;0;0;0;0;0;0;0;0;0;0;0;0;0;;;;;;;;;;;;;;;;;;;;;;
31.01.2025;11:30;A 65;1;4;44;4;18;2;77;3;78;2;77;0;100;2;63;1;21;1;21;1;27;1;0;0;0;0;0;0;0;0;0;0;0;0;0;0;0;0;0;0;0;0;0;0;0;0;0;;;;;;;;;;;;;;;;;;;;;;
31.01.2025;11:29;A 65;1;5;38;5;30;2;67;2;70;2;41;0;100;2;60;0;0;0;0;0;0;0;0;0;0;0;0;0;0;0;0;0;0;0;0;0;0;0;0;0;0;0;0;0;0;0;0;;;;;;;;;;;;;;;;;;;;;;
31.01.2025;11:28;A 65;1;4;45;3;43;0;0;0;0;3;2;0;100;3;24;2;60;2;60;1;22;0;0;1;0;0;0;0;0;0;0;0;0;0;0;0;0;0;0;0;0;0;0;0;0;0;0;;;;;;;;;;;;;;;;;;;;;;
31.01.2025;11:27;A 65;1;3;74;3;73;3;54;3;54;0;58;0;100;2;34;2;45;2;45;2;9;0;0;0;0;0;0;0;0;0;0;0;0;0;0;0;0;0;0;0;0;0;0;0;0;0;0;;;;;;;;;;;;;;;;;;;;;;
31.01.2025;11:26;A 65;1;4;5;4;18;1;39;1;40;3;44;0;100;3;31;1;64;1;64;1;5;0;0;0;0;0;0;0;0;0;0;0;0;0;0;0;0;0;0;0;0;0;0;0;0;0;0;;;;;;;;;;;;;;;;;;;;;;
31.01.2025;11:25;A 65;1;5;53;6;26;1;2;1;35;5;27;0;100;2;65;2;3;2;4;0;57;0;0;0;0;0;0;0;0;0;0;0;0;0;0;0;0;0;0;0;0;0;0;0;0;0;0;;;;;;;;;;;;;;;;;;;;;;
31.01.2025;11:24;A 65;1;3;12;2;24;0;50;0;49;2;6;0;100;2;16;2;21;3;23;2;58;0;0;0;0;0;0;0;0;0;0;0;0;0;0;0;0;0;0;0;0;0;0;0;0;0;0;;;;;;;;;;;;;;;;;;;;;;
31.01.2025;11:23;A 65;1;6;60;3;68;2;64;2;66;1;60;0;100;0;16;0;0;0;0;1;18;0;0;0;0;0;0;0;0;0;0;0;0;0;0;0;0;0;0;0;0;0;0;1;0;0;0;;;;;;;;;;;;;;;;;;;;;;
31.01.2025;11:22;A 65;1;6;56;4;61;3;86;4;87;0;100;0;100;1;91;0;0;0;0;1;4;0;0;0;0;0;0;0;0;0;0;0;0;0;0;0;0;0;0;0;0;0;0;0;0;0;0;;;;;;;;;;;;;;;;;;;;;;
31.01.2025;11:21;A 65;1;2;30;3;20;1;51;1;71;2;81;0;100;2;91;0;0;0;0;0;0;0;0;0;0;0;0;0;0;0;0;2;0;0;0;0;0;1;0;0;0;0;0;0;0;0;0;;;;;;;;;;;;;;;;;;;;;;
31.01.2025;11:20;A 65;1;4;12;2;14;2;69;2;67;1;68;0;100;2;63;0;0;0;0;2;5;0;0;0;0;0;0;0;0;0;0;0;0;0;0;0;0;0;0;0;0;0;0;0;0;0;0;;;;;;;;;;;;;;;;;;;;;;
31.01.2025;11:19;A 65;1;4;32;4;16;3;4;3;54;3;54;0;100;1;88;0;0;0;0;0;0;0;0;0;0;0;0;0;0;0;0;0;0;0;0;0;0;0;0;0;0;0;0;0;0;0;0;;;;;;;;;;;;;;;;;;;;;;
31.01.2025;11:18;A 65;1;4;32;3;14;1;2;1;5;2;27;0;100;3;50;1;2;1;2;1;9;0;0;0;0;0;0;0;0;0;0;0;0;0;0;0;0;0;0;0;0;0;0;0;0;0;0;;;;;;;;;;;;;;;;;;;;;;
31.01.2025;11:17;A 65;1;3;29;3;38;3;60;3;61;3;79;0;100;2;64;1;7;1;7;1;8;0;0;0;0;0;0;0;0;0;0;1;0;0;0;0;0;0;0;3;0;0;0;0;0;0;0;;;;;;;;;;;;;;;;;;;;;;
31.01.2025;11:16;A 65;1;7;71;6;28;5;46;4;86;0;100;0;100;3;15;1;4;1;28;1;37;0;0;0;0;0;0;0;0;0;0;0;0;0;0;0;0;0;0;0;0;0;0;1;0;0;0;;;;;;;;;;;;;;;;;;;;;;
31.01.2025;11:15;A 65;1;2;30;4;29;0;0;1;20;1;27;0;100;2;31;0;0;1;0;1;1;0;0;0;0;0;0;1;0;0;0;0;0;0;0;0;0;0;0;0;0;0;0;0;0;0;0;;;;;;;;;;;;;;;;;;;;;;
31.01.2025;11:14;A 65;1;6;52;3;64;4;12;3;63;2;71;0;100;2;90;1;49;1;49;0;44;0;0;0;0;1;0;0;0;0;0;0;0;0;0;0;0;2;0;0;0;1;0;0;0;0;0;;;;;;;;;;;;;;;;;;;;;;
31.01.2025;11:13;A 65;1;3;67;4;53;2;6;2;93;1;98;0;100;3;56;2;16;2;6;1;80;1;0;0;0;0;0;0;0;1;0;1;0;0;0;0;0;0;0;0;0;1;0;2;0;0;0;;;;;;;;;;;;;;;;;;;;;;
31.01.2025;11:12;A 65;1;8;68;7;92;2;12;4;86;1;69;0;100;0;0;2;31;1;1;2;31;0;0;0;0;0;0;0;0;0;0;1;0;0;0;0;0;0;0;0;0;0;0;0;0;0;0;;;;;;;;;;;;;;;;;;;;;;
31.01.2025;11:11;A 65;1;2;27;1;37;0;100;0;100;1;85;0;100;3;13;0;0;0;0;0;0;0;0;0;0;0;0;0;0;0;0;0;0;0;0;0;0;2;0;0;0;0;0;0;0;0;0;;;;;;;;;;;;;;;;;;;;;;
31.01.2025;11:10;A 65;1;1;40;1;5;2;88;2;89;4;80;0;100;1;6;0;54;1;55;1;71;0;0;0;0;0;0;0;0;2;0;0;0;0;0;0;0;0;0;0;0;0;0;0;0;0;0;;;;;;;;;;;;;;;;;;;;;;
31.01.2025;11:09;A 65;1;5;51;5;26;2;61;2;65;2;31;0;100;5;22;1;4;2;5;1;10;0;0;0;0;0;0;0;0;0;0;1;0;0;0;0;0;0;0;0;0;0;0;0;0;0;0;;;;;;;;;;;;;;;;;;;;;;
31.01.2025;11:08;A 65;1;2;2;2;6;1;50;2;52;4;17;0;100;2;61;0;0;0;0;0;0;1;0;0;0;0;0;0;0;1;0;0;0;0;0;0;0;0;0;1;0;0;0;0;0;0;0;;;;;;;;;;;;;;;;;;;;;;
31.01.2025;11:07;A 65;1;4;50;4;28;2;21;2;21;4;19;0;100;1;78;1;58;1;57;0;59;1;0;0;0;0;0;0;0;0;0;0;0;0;0;0;0;0;0;0;0;0;0;0;0;0;0;;;;;;;;;;;;;;;;;;;;;;
31.01.2025;11:06;A 65;1;2;2;2;11;1;54;1;53;2;25;0;100;4;28;2;15;2;15;2;18;0;0;0;0;0;0;0;0;0;0;0;0;0;0;0;0;0;0;0;0;0;0;0;0;0;0;;;;;;;;;;;;;;;;;;;;;;
31.01.2025;11:05;A 65;1;3;45;3;11;2;61;2;63;1;57;0;100;2;84;0;0;0;0;0;0;0;0;0;0;0;0;0;0;0;0;0;0;0;0;0;0;0;0;0;0;0;0;0;0;0;0;;;;;;;;;;;;;;;;;;;;;;
31.01.2025;11:04;A 65;1;4;43;5;45;4;57;4;58;5;48;0;100;2;41;0;0;0;0;0;0;0;0;0;0;0;0;0;0;0;0;1;0;1;0;0;0;1;0;0;0;0;0;0;0;0;0;;;;;;;;;;;;;;;;;;;;;;
31.01.2025;11:03;A 65;1;2;23;2;14;0;0;0;0;1;3;0;100;1;86;0;0;0;0;0;0;0;0;0;0;0;0;0;0;0;0;0;0;0;0;0;0;0;0;0;0;0;0;0;0;0;0;;;;;;;;;;;;;;;;;;;;;;
31.01.2025;11:02;A 65;1;4;58;2;41;1;80;2;90;1;47;0;100;0;100;0;0;0;0;0;0;0;0;0;0;0;0;0;0;0;0;0;0;0;0;0;0;0;0;0;0;0;0;0;0;0;0;;;;;;;;;;;;;;;;;;;;;;
31.01.2025;11:01;A 65;1;1;91;1;97;5;63;6;66;2;93;0;100;1;88;1;0;1;1;1;3;0;0;0;0;0;0;0;0;0;0;0;0;0;0;0;0;1;0;0;0;1;0;0;0;0;0;;;;;;;;;;;;;;;;;;;;;;
31.01.2025;11:00;A 65;1;5;55;3;33;2;59;2;59;2;53;0;100;1;4;1;3;1;9;0;55;0;0;0;0;0;0;2;0;0;0;0;0;0;0;1;0;0;0;0;0;0;0;0;0;0;0;;;;;;;;;;;;;;;;;;;;;;
31.01.2025;10:59;A 65;1;4;8;2;17;1;65;1;66;1;60;0;100;3;21;0;0;0;0;0;100;0;0;0;0;0;0;0;0;0;0;0;0;0;0;0;0;0;0;0;0;0;0;0;0;0;0;;;;;;;;;;;;;;;;;;;;;;
31.01.2025;10:58;A 65;1;4;65;4;74;2;26;3;83;1;59;0;100;2;90;1;17;1;17;0;100;0;0;0;0;0;0;0;0;0;0;0;0;0;0;0;0;3;0;0;0;0;0;0;0;0;0;;;;;;;;;;;;;;;;;;;;;;
31.01.2025;10:57;A 65;1;5;56;3;17;2;37;3;37;5;21;0;100;2;91;0;0;0;0;1;83;0;0;0;0;0;0;0;0;0;0;0;0;0;0;0;0;0;0;0;0;0;0;0;0;0;0;;;;;;;;;;;;;;;;;;;;;;
31.01.2025;10:56;A 65;1;7;68;4;96;1;58;1;56;1;11;0;100;2;13;2;10;2;10;1;84;0;0;0;0;0;0;0;0;0;0;0;0;0;0;0;0;1;0;0;0;0;0;0;0;0;0;;;;;;;;;;;;;;;;;;;;;;
31.01.2025;10:55;A 65;1;10;73;0;100;3;80;3;80;1;73;0;100;3;62;2;64;2;62;0;100;0;0;0;0;0;0;0;0;0;0;1;0;0;0;0;0;0;0;0;0;0;0;0;0;0;0;;;;;;;;;;;;;;;;;;;;;;
31.01.2025;10:54;A 65;1;7;81;1;98;3;67;4;68;2;87;0;100;2;34;1;0;1;0;1;6;0;0;1;0;0;0;0;0;0;0;0;0;0;0;0;0;0;0;0;0;2;0;1;0;0;0;;;;;;;;;;;;;;;;;;;;;;
31.01.2025;10:53;A 65;1;2;58;5;55;5;13;4;88;0;100;0;100;4;27;1;0;1;0;1;2;2;0;0;0;0;0;0;0;0;0;0;0;0;0;0;0;1;0;0;0;0;0;0;0;0;0;;;;;;;;;;;;;;;;;;;;;;
31.01.2025;10:52;A 65;1;3;25;4;11;1;1;2;25;3;30;0;100;1;41;0;0;1;1;0;0;0;0;0;0;0;0;0;0;0;0;1;0;0;0;0;0;0;0;0;0;0;0;0;0;0;0;;;;;;;;;;;;;;;;;;;;;;
31.01.2025;10:51;A 65;1;1;96;0;93;2;59;2;58;0;60;0;100;1;93;0;0;0;0;1;4;0;0;0;0;0;0;0;0;0;0;0;0;0;0;0;0;0;0;0;0;0;0;0;0;0;0;;;;;;;;;;;;;;;;;;;;;;
31.01.2025;10:50;A 65;1;3;73;3;71;3;84;3;84;1;96;0;100;0;100;1;53;1;53;0;58;0;0;0;0;0;0;0;0;1;0;0;0;1;0;1;0;0;0;0;0;1;0;0;0;0;0;;;;;;;;;;;;;;;;;;;;;;
31.01.2025;10:49;A 65;1;3;7;3;13;3;87;3;83;0;100;0;100;2;64;1;0;1;1;2;5;1;0;0;0;0;0;0;0;0;0;1;0;0;0;0;0;0;0;0;0;0;0;0;0;0;0;;;;;;;;;;;;;;;;;;;;;;
31.01.2025;10:48;A 65;1;6;71;5;41;2;79;2;79;2;88;0;100;1;68;0;0;1;0;1;1;0;0;0;0;0;0;0;0;0;0;0;0;0;0;2;0;0;0;0;0;0;0;0;0;0;0;;;;;;;;;;;;;;;;;;;;;;
31.01.2025;10:47;A 65;1;5;56;3;45;5;28;5;79;3;74;0;100;0;100;1;1;1;1;1;4;0;0;0;0;0;0;0;0;0;0;0;0;0;0;0;0;0;0;0;0;0;0;0;0;0;0;;;;;;;;;;;;;;;;;;;;;;
31.01.2025;10:46;A 65;1;5;88;3;37;1;59;2;59;1;66;0;100;0;100;0;0;0;0;0;0;0;0;0;0;0;0;0;0;1;0;1;0;0;0;0;0;0;0;0;0;0;0;1;0;0;0;;;;;;;;;;;;;;;;;;;;;;
31.01.2025;10:45;A 65;1;1;91;2;12;5;86;5;88;0;100;0;100;0;100;1;1;1;1;1;5;0;0;0;0;0;0;0;0;0;0;0;0;0;0;0;0;0;0;0;0;0;0;0;0;0;0;;;;;;;;;;;;;;;;;;;;;;
31.01.2025;10:44;A 65;1;4;29;3;17;4;77;4;80;2;87;0;100;0;100;1;30;1;31;1;38;0;0;0;0;0;0;0;0;0;0;0;0;0;0;2;0;0;0;0;0;0;0;0;0;0;0;;;;;;;;;;;;;;;;;;;;;;
31.01.2025;10:43;A 65;1;3;6;5;35;3;89;3;89;0;100;0;100;1;66;2;31;2;30;2;10;0;0;1;0;1;0;0;0;1;0;2;0;0;0;1;0;1;0;9;2;1;0;0;0;0;0;;;;;;;;;;;;;;;;;;;;;;
31.01.2025;10:42;A 65;1;8;54;4;67;1;70;1;71;2;39;0;100;2;45;2;9;2;9;2;18;0;0;0;0;0;0;0;0;0;0;0;0;0;0;0;0;0;0;0;0;0;0;0;0;0;0;;;;;;;;;;;;;;;;;;;;;;
31.01.2025;10:41;A 65;1;3;27;6;37;0;0;0;0;1;1;0;100;3;46;1;81;1;81;1;89;0;0;0;0;8;2;0;0;0;0;0;0;0;0;1;0;1;0;0;0;0;0;0;0;0;0;;;;;;;;;;;;;;;;;;;;;;
31.01.2025;10:40;A 65;1;3;27;2;41;1;8;3;28;3;43;0;100;2;44;1;17;0;0;1;9;0;0;0;0;2;0;0;0;0;0;0;0;0;0;0;0;4;1;0;0;1;0;0;0;0;0;;;;;;;;;;;;;;;;;;;;;;
31.01.2025;10:39;A 65;1;4;40;3;48;1;57;3;59;2;71;0;100;5;69;0;0;0;0;0;0;0;0;0;0;0;0;0;0;0;0;0;0;0;0;0;0;0;0;0;0;0;0;0;0;0;0;;;;;;;;;;;;;;;;;;;;;;
31.01.2025;10:38;A 65;1;2;30;3;16;2;71;2;71;3;63;0;100;2;64;1;0;1;0;1;5;0;0;1;0;0;0;2;0;0;0;1;0;0;0;0;0;0;0;1;0;0;0;0;0;0;0;;;;;;;;;;;;;;;;;;;;;;
31.01.2025;10:37;A 65;1;2;5;2;8;3;62;3;65;3;53;0;100;3;65;0;0;0;0;1;10;0;0;0;0;0;0;0;0;0;0;0;0;0;0;0;0;0;0;0;0;0;0;0;0;0;0;;;;;;;;;;;;;;;;;;;;;;
31.01.2025;10:36;A 65;1;4;59;5;20;4;8;4;61;1;74;0;100;2;64;0;0;0;0;0;0;0;0;0;0;0;0;0;0;0;0;1;0;0;0;0;0;0;0;0;0;0;0;0;0;0;0;;;;;;;;;;;;;;;;;;;;;;
31.01.2025;10:35;A 65;1;5;46;5;21;1;45;2;72;3;39;0;100;11;57;0;0;0;0;0;0;0;0;0;0;0;0;0;0;0;0;0;0;0;0;0;0;0;0;0;0;0;0;0;0;0;0;;;;;;;;;;;;;;;;;;;;;;
31.01.2025;10:34;A 65;1;8;65;4;54;1;60;1;59;4;63;0;100;3;76;0;55;2;56;1;55;0;0;0;0;0;0;0;0;0;0;0;0;0;0;0;0;0;0;0;0;0;0;0;0;0;0;;;;;;;;;;;;;;;;;;;;;;
31.01.2025;10:33;A 65;1;4;17;1;22;3;21;2;80;0;83;0;100;3;83;1;2;1;3;1;8;0;0;0;0;0;0;1;0;0;0;0;0;0;0;1;0;0;0;1;0;0;0;0;0;0;0;;;;;;;;;;;;;;;;;;;;;;
31.01.2025;10:32;A 65;1;5;69;5;75;3;5;3;75;4;26;0;100;1;96;0;0;0;0;1;0;0;0;0;0;0;0;0;0;0;0;0;0;0;0;0;0;0;0;0;0;0;0;0;0;0;0;;;;;;;;;;;;;;;;;;;;;;
31.01.2025;10:31;A 65;1;5;60;2;68;3;15;4;33;3;35;0;100;1;93;1;1;1;1;1;4;0;0;0;0;0;0;0;0;0;0;0;0;0;0;0;0;0;0;0;0;0;0;0;0;0;0;;;;;;;;;;;;;;;;;;;;;;
31.01.2025;10:30;A 65;1;3;85;2;94;1;1;1;1;1;4;0;100;1;87;0;57;0;57;0;56;1;0;0;0;0;0;0;0;0;0;0;0;0;0;0;0;2;0;0;0;0;0;0;0;0;0;;;;;;;;;;;;;;;;;;;;;;
31.01.2025;10:29;A 65;1;4;17;2;11;3;5;2;4;3;8;0;100;0;0;2;11;2;12;1;72;0;0;0;0;0;0;0;0;0;0;0;0;0;0;0;0;0;0;0;0;0;0;0;0;0;0;;;;;;;;;;;;;;;;;;;;;;
31.01.2025;10:28;A 65;1;5;19;5;20;3;49;4;50;4;35;0;100;3;23;1;1;1;1;2;12;0;0;0;0;0;0;0;0;0;0;0;0;0;0;0;0;0;0;0;0;0;0;0;0;0;0;;;;;;;;;;;;;;;;;;;;;;
31.01.2025;10:27;A 65;1;3;6;6;38;0;58;0;56;0;0;0;100;2;22;1;1;1;1;0;0;0;0;0;0;0;0;0;0;0;0;0;0;0;0;0;0;0;0;0;0;0;0;0;0;0;0;;;;;;;;;;;;;;;;;;;;;;
31.01.2025;10:26;A 65;1;4;56;4;13;2;8;2;10;5;23;0;100;2;48;0;0;0;0;0;0;0;0;0;0;0;0;0;0;0;0;0;0;0;0;0;0;1;0;0;0;0;0;0;0;0;0;;;;;;;;;;;;;;;;;;;;;;
31.01.2025;10:25;A 65;1;1;45;1;5;2;31;2;29;2;17;0;100;1;4;0;0;0;0;0;0;0;0;0;0;0;0;0;0;0;0;0;0;1;0;0;0;1;0;0;0;0;0;0;0;0;0;;;;;;;;;;;;;;;;;;;;;;
31.01.2025;10:24;A 65;1;4;20;2;28;2;5;2;5;0;54;0;100;6;44;1;13;1;13;1;6;0;0;0;0;0;0;1;0;0;0;0;0;0;0;0;0;0;0;0;0;0;0;0;0;0;0;;;;;;;;;;;;;;;;;;;;;;
31.01.2025;10:23;A 65;1;7;50;2;60;2;8;2;7;0;100;0;100;23;36;0;0;0;0;0;0;0;0;0;0;0;0;0;0;1;0;0;0;0;0;0;0;0;0;2;0;0;0;0;0;0;0;;;;;;;;;;;;;;;;;;;;;;
31.01.2025;10:22;A 65;1;3;32;2;43;0;100;0;100;0;100;0;100;2;21;0;38;0;38;0;0;0;0;0;0;0;0;0;0;0;0;0;0;0;0;0;0;0;0;2;0;0;0;0;0;0;0;;;;;;;;;;;;;;;;;;;;;;
31.01.2025;10:21;A 65;1;1;2;1;4;2;70;2;70;5;35;0;100;1;76;1;21;1;21;1;5;0;0;0;0;0;0;0;0;0;0;0;0;0;0;0;0;0;0;0;0;0;0;1;0;0;0;;;;;;;;;;;;;;;;;;;;;;
31.01.2025;10:20;A 65;1;0;0;1;2;5;40;4;78;4;64;0;100;0;100;1;36;1;35;0;37;0;0;0;0;0;0;0;0;0;0;1;0;0;0;0;0;0;0;0;0;0;0;1;0;0;0;;;;;;;;;;;;;;;;;;;;;;
31.01.2025;10:19;A 65;1;3;5;2;6;0;42;0;100;1;37;0;100;1;13;1;60;1;60;1;66;0;0;0;0;0;0;0;0;0;0;0;0;0;0;0;0;0;0;0;0;0;0;0;0;0;0;;;;;;;;;;;;;;;;;;;;;;
31.01.2025;10:18;A 65;1;1;33;3;34;2;2;2;6;3;13;0;100;1;63;0;0;0;0;0;0;0;0;0;0;0;0;0;0;0;0;0;0;0;0;0;0;1;0;0;0;0;0;0;0;0;0;;;;;;;;;;;;;;;;;;;;;;
31.01.2025;10:17;A 65;1;2;2;2;7;2;51;2;51;2;18;0;100;1;5;1;36;1;36;1;46;0;0;0;0;0;0;0;0;0;0;0;0;0;0;0;0;0;0;0;0;0;0;0;0;0;0;;;;;;;;;;;;;;;;;;;;;;
31.01.2025;10:16;A 65;1;4;5;5;13;3;48;3;30;3;13;0;100;1;6;0;0;0;0;0;0;1;0;0;0;0;0;0;0;1;0;0;0;0;0;0;0;0;0;0;0;0;0;0;0;0;0;;;;;;;;;;;;;;;;;;;;;;
31.01.2025;10:15;A 65;1;1;1;1;3;3;52;3;52;3;12;0;100;3;42;0;0;0;0;0;0;0;0;0;0;0;0;0;0;0;0;0;0;0;0;0;0;0;0;0;0;0;0;0;0;0;0;;;;;;;;;;;;;;;;;;;;;;
31.01.2025;10:14;A 65;1;3;61;3;15;3;32;3;53;2;68;0;100;2;7;0;0;0;0;0;0;0;0;0;0;0;0;0;0;0;0;0;0;0;0;0;0;0;0;0;0;1;0;0;0;0;0;;;;;;;;;;;;;;;;;;;;;;
31.01.2025;10:13;A 65;1;5;14;4;20;2;3;3;30;5;16;0;100;2;15;0;47;0;47;0;0;0;0;0;0;0;0;0;0;0;0;0;0;0;0;0;0;0;0;0;0;0;0;1;0;0;0;;;;;;;;;;;;;;;;;;;;;;
31.01.2025;10:12;A 65;1;3;39;3;41;2;36;2;36;4;24;0;100;1;57;1;16;1;16;1;10;0;0;0;0;0;0;1;0;1;0;0;0;0;0;0;0;0;0;1;0;0;0;0;0;0;0;;;;;;;;;;;;;;;;;;;;;;
31.01.2025;10:11;A 65;1;3;67;3;38;2;70;2;70;3;44;0;100;0;100;1;2;1;2;1;8;0;0;0;0;0;0;0;0;0;0;0;0;1;0;0;0;0;0;0;0;0;0;0;0;0;0;;;;;;;;;;;;;;;;;;;;;;
31.01.2025;10:10;A 65;1;2;91;1;91;4;19;3;76;4;31;0;100;1;98;1;0;1;1;2;2;0;0;0;0;0;0;0;0;0;0;0;0;0;0;0;0;0;0;0;0;0;0;0;0;0;0;;;;;;;;;;;;;;;;;;;;;;
31.01.2025;10:09;A 65;1;6;26;5;44;4;7;4;65;1;76;0;100;3;10;0;0;0;0;0;0;0;0;0;0;0;0;0;0;0;0;0;0;0;0;0;0;0;0;0;0;0;0;0;0;0;0;;;;;;;;;;;;;;;;;;;;;;
31.01.2025;10:08;A 65;1;3;3;2;7;4;8;6;79;1;98;0;100;2;53;1;40;1;41;1;48;0;0;0;0;0;0;0;0;0;0;0;0;0;0;0;0;0;0;0;0;0;0;0;0;0;0;;;;;;;;;;;;;;;;;;;;;;
31.01.2025;10:07;A 65;1;2;3;2;7;4;65;4;65;2;60;0;100;4;19;1;58;1;58;0;62;0;0;0;0;0;0;0;0;0;0;0;0;0;0;0;0;0;0;0;0;0;0;0;0;0;0;;;;;;;;;;;;;;;;;;;;;;
31.01.2025;10:06;A 65;1;4;57;4;19;1;14;3;43;4;31;0;100;1;4;3;1;2;2;0;100;0;0;0;0;0;0;0;0;0;0;0;0;0;0;0;0;0;0;0;0;0;0;0;0;0;0;;;;;;;;;;;;;;;;;;;;;;
31.01.2025;10:05;A 65;1;4;19;3;13;3;11;2;67;2;44;0;100;3;38;4;6;3;8;0;100;0;0;0;0;0;0;0;0;0;0;0;0;0;0;0;0;0;0;0;0;0;0;0;0;0;0;;;;;;;;;;;;;;;;;;;;;;
31.01.2025;10:04;A 65;1;4;48;3;66;3;45;4;13;2;53;0;100;2;95;1;7;1;7;2;30;0;0;1;0;1;0;0;0;0;0;0;0;0;0;0;0;0;0;1;0;0;0;0;0;0;0;;;;;;;;;;;;;;;;;;;;;;
31.01.2025;10:03;A 65;1;2;29;2;6;2;52;3;53;1;52;0;100;0;100;0;0;0;0;0;0;0;0;0;0;0;0;0;0;0;0;0;0;0;0;1;0;0;0;0;0;0;0;0;0;0;0;;;;;;;;;;;;;;;;;;;;;;
31.01.2025;10:02;A 65;1;5;57;2;75;4;68;4;70;2;63;0;100;1;97;1;38;1;37;2;5;0;0;0;0;0;0;0;0;0;0;0;0;0;0;1;0;0;0;0;0;0;0;0;0;0;0;;;;;;;;;;;;;;;;;;;;;;
31.01.2025;10:01;A 65;1;1;12;1;15;1;87;1;89;2;59;0;100;1;12;1;10;1;10;1;8;0;0;0;0;0;0;0;0;0;0;0;0;0;0;0;0;0;0;0;0;0;0;0;0;0;0;;;;;;;;;;;;;;;;;;;;;;
31.01.2025;10:00;A 65;1;4;23;3;40;1;3;1;32;3;10;0;100;1;5;0;0;0;0;0;0;0;0;1;0;0;0;0;0;0;0;1;0;0;0;0;0;0;0;0;0;0;0;0;0;0;0;;;;;;;;;;;;;;;;;;;;;;
31.01.2025;09:59;A 65;1;4;82;3;57;0;0;0;0;0;0;0;100;1;83;4;58;3;57;0;64;0;0;0;0;0;0;0;0;0;0;0;0;0;0;0;0;0;0;0;0;0;0;0;0;0;0;;;;;;;;;;;;;;;;;;;;;;
31.01.2025;09:58;A 65;1;5;31;7;45;4;62;4;65;3;23;0;100;3;48;1;1;1;1;3;13;0;0;0;0;0;0;0;0;0;0;0;0;0;0;0;0;0;0;0;0;0;0;0;0;0;0;;;;;;;;;;;;;;;;;;;;;;
31.01.2025;09:57;A 65;1;6;9;5;23;0;0;0;0;1;4;0;100;2;36;0;54;0;54;0;51;0;0;0;0;0;0;0;0;0;0;0;0;0;0;0;0;0;0;0;0;0;0;0;0;0;0;;;;;;;;;;;;;;;;;;;;;;
31.01.2025;09:56;A 65;1;5;31;3;11;1;29;1;29;1;6;0;100;2;6;1;17;1;17;1;25;0;0;0;0;0;0;0;0;0;0;0;0;0;0;0;0;0;0;0;0;0;0;0;0;0;0;;;;;;;;;;;;;;;;;;;;;;
31.01.2025;09:55;A 65;1;3;66;2;72;3;27;3;28;2;37;0;100;1;8;2;0;0;0;1;5;0;0;0;0;0;0;0;0;0;0;0;0;0;0;1;0;0;0;0;0;0;0;0;0;0;0;;;;;;;;;;;;;;;;;;;;;;
31.01.2025;09:54;A 65;1;1;1;0;0;2;52;3;53;0;61;0;100;3;28;1;0;1;0;2;3;0;0;0;0;0;0;0;0;0;0;0;0;0;0;0;0;0;0;0;0;0;0;0;0;0;0;;;;;;;;;;;;;;;;;;;;;;
31.01.2025;09:53;A 65;1;4;5;4;13;4;75;5;79;2;98;0;100;5;27;1;2;1;2;1;7;0;0;0;0;0;0;0;0;0;0;0;0;1;0;0;0;0;0;0;0;0;0;0;0;0;0;;;;;;;;;;;;;;;;;;;;;;
31.01.2025;09:52;A 65;1;1;38;2;6;2;92;2;94;0;100;0;100;1;65;0;0;0;0;0;0;0;0;0;0;0;0;0;0;0;0;0;0;0;0;0;0;0;0;1;0;1;0;0;0;0;0;;;;;;;;;;;;;;;;;;;;;;
31.01.2025;09:51;A 65;1;1;60;1;28;0;100;0;100;0;100;0;100;1;53;1;85;1;85;1;8;0;0;0;0;0;0;0;0;0;0;0;0;0;0;0;0;0;0;0;0;0;0;0;0;0;0;;;;;;;;;;;;;;;;;;;;;;
31.01.2025;09:50;A 65;1;4;89;2;93;4;67;5;71;4;67;0;100;1;99;0;0;0;0;2;5;0;0;0;0;0;0;0;0;0;0;1;0;0;0;0;0;0;0;1;0;0;0;0;0;0;0;;;;;;;;;;;;;;;;;;;;;;
31.01.2025;09:49;A 65;1;4;81;2;82;2;55;1;56;2;60;0;100;1;71;1;2;1;1;1;3;0;0;1;0;0;0;0;0;0;0;0;0;0;0;0;0;0;0;1;0;0;0;0;0;0;0;;;;;;;;;;;;;;;;;;;;;;
31.01.2025;09:48;A 65;1;4;60;3;17;5;56;6;57;4;71;0;100;1;5;0;0;0;0;0;0;1;0;0;0;0;0;0;0;0;0;0;0;0;0;0;0;0;0;0;0;0;0;0;0;0;0;;;;;;;;;;;;;;;;;;;;;;
31.01.2025;09:47;A 65;1;4;19;1;27;1;58;1;60;1;6;0;100;2;28;0;0;0;0;0;0;0;0;0;0;0;0;0;0;0;0;0;0;0;0;0;0;0;0;0;0;0;0;0;0;0;0;;;;;;;;;;;;;;;;;;;;;;
31.01.2025;09:46;A 65;1;4;83;1;97;1;1;0;53;1;1;0;100;1;94;0;0;0;0;0;0;0;0;1;0;0;0;0;0;0;0;1;0;0;0;0;0;0;0;0;0;0;0;0;0;0;0;;;;;;;;;;;;;;;;;;;;;;
31.01.2025;09:45;A 65;1;5;60;5;50;6;64;7;67;1;84;0;100;2;59;0;0;0;0;0;0;0;0;0;0;0;0;0;0;0;0;0;0;0;0;0;0;0;0;0;0;0;0;0;0;0;0;;;;;;;;;;;;;;;;;;;;;;
31.01.2025;09:44;A 65;1;4;6;2;17;3;83;3;85;4;88;0;100;0;0;0;0;0;0;0;0;0;0;0;0;0;0;0;0;0;0;0;0;0;0;0;0;0;0;0;0;0;0;0;0;0;0;;;;;;;;;;;;;;;;;;;;;;
31.01.2025;09:43;A 65;1;4;36;3;39;4;71;4;72;1;67;0;100;3;20;0;0;1;0;1;4;1;0;1;0;0;0;0;0;2;0;1;0;0;0;0;0;0;0;0;0;0;0;0;0;0;0;;;;;;;;;;;;;;;;;;;;;;
31.01.2025;09:42;A 65;1;6;86;2;93;4;86;4;87;2;58;0;100;0;85;0;0;0;0;0;0;0;0;0;0;0;0;0;0;0;0;0;0;0;0;0;0;0;0;0;0;0;0;0;0;0;0;;;;;;;;;;;;;;;;;;;;;;
31.01.2025;09:41;A 65;1;5;21;5;39;1;53;1;54;2;40;0;100;1;4;0;0;0;0;0;0;0;0;0;0;0;0;0;0;0;0;0;0;0;0;0;0;0;0;0;0;0;0;0;0;0;0;;;;;;;;;;;;;;;;;;;;;;
31.01.2025;09:40;A 65;1;1;44;1;5;3;6;2;48;0;50;0;100;1;38;0;0;0;0;0;0;0;0;1;0;0;0;0;0;0;0;0;0;0;0;0;0;0;0;0;0;0;0;0;0;0;0;;;;;;;;;;;;;;;;;;;;;;
31.01.2025;09:39;A 65;1;8;12;7;26;0;0;1;62;2;36;0;100;3;11;0;0;0;0;0;0;0;0;0;0;0;0;0;0;0;0;0;0;0;0;0;0;0;0;0;0;0;0;0;0;0;0;;;;;;;;;;;;;;;;;;;;;;
31.01.2025;09:38;A 65;1;2;2;3;9;0;56;0;55;0;0;0;100;3;16;0;55;0;55;1;55;0;0;0;0;0;0;0;0;0;0;0;0;0;0;0;0;0;0;0;0;0;0;0;0;0;0;;;;;;;;;;;;;;;;;;;;;;
31.01.2025;09:37;A 65;1;4;14;3;12;3;47;3;50;2;15;0;100;3;42;2;54;2;54;2;22;0;0;1;0;0;0;0;0;0;0;1;0;0;0;0;0;0;0;0;0;0;0;0;0;0;0;;;;;;;;;;;;;;;;;;;;;;
31.01.2025;09:36;A 65;1;3;8;3;19;2;59;1;56;2;47;0;100;3;37;0;0;0;0;0;0;0;0;0;0;0;0;0;0;0;0;0;0;0;0;0;0;0;0;0;0;0;0;0;0;0;0;;;;;;;;;;;;;;;;;;;;;;
31.01.2025;09:35;A 65;1;2;8;2;8;2;22;2;27;5;19;0;100;2;92;3;1;4;1;3;11;0;0;0;0;1;0;0;0;0;0;0;0;1;0;0;0;0;0;0;0;0;0;0;0;0;0;;;;;;;;;;;;;;;;;;;;;;
31.01.2025;09:34;A 65;1;6;46;7;42;2;28;3;30;2;38;0;100;3;63;1;61;1;60;1;62;0;0;0;0;0;0;0;0;0;0;0;0;0;0;0;0;0;0;0;0;0;0;0;0;0;0;;;;;;;;;;;;;;;;;;;;;;
31.01.2025;09:33;A 65;1;2;37;2;11;6;40;7;15;1;70;0;100;2;11;1;5;1;5;1;10;0;0;0;0;0;0;0;0;0;0;0;0;1;0;0;0;0;0;0;0;0;0;0;0;0;0;;;;;;;;;;;;;;;;;;;;;;
31.01.2025;09:32;A 65;1;6;90;0;98;3;6;3;58;1;74;0;100;1;24;0;0;0;0;0;0;0;0;0;0;0;0;0;0;0;0;0;0;0;0;0;0;0;0;0;0;0;0;0;0;0;0;;;;;;;;;;;;;;;;;;;;;;
31.01.2025;09:31;A 65;1;3;52;3;55;3;80;3;80;1;99;0;100;2;32;0;0;0;0;0;0;0;0;0;0;0;0;0;0;0;0;0;0;0;0;0;0;0;0;0;0;0;0;0;0;0;0;;;;;;;;;;;;;;;;;;;;;;
31.01.2025;09:30;A 65;1;7;58;1;49;1;45;1;46;2;9;0;100;0;100;0;0;0;0;0;0;0;0;0;0;0;0;0;0;0;0;1;0;0;0;0;0;0;0;0;0;0;0;0;0;0;0;;;;;;;;;;;;;;;;;;;;;;
31.01.2025;09:29;A 65;1;1;50;2;53;3;73;3;72;1;34;0;100;1;82;1;1;1;1;1;2;0;0;0;0;0;0;0;0;0;0;0;0;0;0;0;0;0;0;0;0;0;0;0;0;0;0;;;;;;;;;;;;;;;;;;;;;;
31.01.2025;09:28;A 65;1;0;0;0;0;4;26;3;29;2;14;0;100;0;0;1;0;1;1;1;1;0;0;0;0;0;0;0;0;0;0;0;0;0;0;0;0;0;0;0;0;0;0;0;0;0;0;;;;;;;;;;;;;;;;;;;;;;
31.01.2025;09:27;A 65;1;2;21;3;12;0;0;1;55;1;9;0;100;0;23;0;0;0;0;0;0;0;0;0;0;0;0;0;0;0;0;0;0;0;0;0;0;0;0;0;0;0;0;0;0;0;0;;;;;;;;;;;;;;;;;;;;;;
31.01.2025;09:26;A 65;1;5;6;5;19;2;84;1;85;1;5;0;100;3;24;1;2;1;2;1;6;0;0;0;0;0;0;0;0;0;0;0;0;0;0;0;0;0;0;0;0;0;0;0;0;0;0;;;;;;;;;;;;;;;;;;;;;;
31.01.2025;09:25;A 65;1;2;32;2;20;1;4;2;5;3;12;0;100;3;11;2;53;2;52;1;58;0;0;0;0;0;0;0;0;0;0;0;0;0;0;0;0;0;0;1;0;0;0;0;0;0;0;;;;;;;;;;;;;;;;;;;;;;
31.01.2025;09:24;A 65;1;2;60;3;16;3;28;3;27;1;39;0;100;1;59;0;0;0;0;3;8;1;0;0;0;0;0;0;0;0;0;0;0;0;0;0;0;0;0;0;0;0;0;0;0;0;0;;;;;;;;;;;;;;;;;;;;;;
31.01.2025;09:23;A 65;1;4;7;3;15;2;87;1;89;2;79;0;100;3;20;0;0;0;0;0;2;0;0;0;0;0;0;0;0;1;0;0;0;0;0;0;0;0;0;0;0;0;0;0;0;0;0;;;;;;;;;;;;;;;;;;;;;;
31.01.2025;09:22;A 65;1;10;40;0;51;0;97;1;96;2;65;0;100;4;20;1;40;1;41;2;12;0;0;0;0;0;0;0;0;1;0;0;0;0;0;0;0;0;0;0;0;0;0;0;0;0;0;;;;;;;;;;;;;;;;;;;;;;
31.01.2025;09:21;A 65;1;5;72;4;80;1;70;1;72;4;39;0;100;0;22;0;0;0;0;0;0;0;0;0;0;0;0;0;0;0;0;0;0;0;0;1;0;2;0;0;0;0;0;0;0;0;0;;;;;;;;;;;;;;;;;;;;;;
31.01.2025;09:20;A 65;1;0;0;0;0;0;100;0;100;5;27;0;100;1;16;0;0;0;0;0;0;0;0;0;0;0;0;0;0;0;0;0;0;0;0;0;0;0;0;0;0;0;0;0;0;0;0;;;;;;;;;;;;;;;;;;;;;;
31.01.2025;09:19;A 65;1;5;40;2;15;0;100;0;100;1;0;0;100;1;3;1;0;2;1;0;0;0;0;0;0;0;0;0;0;0;0;0;0;0;0;0;0;0;0;0;0;0;0;1;0;0;0;;;;;;;;;;;;;;;;;;;;;;
31.01.2025;09:18;A 65;1;2;6;2;9;0;100;0;100;3;55;0;100;1;4;1;1;1;1;1;4;0;0;0;0;0;0;0;0;0;0;0;0;0;0;0;0;1;0;0;0;0;0;0;0;0;0;;;;;;;;;;;;;;;;;;;;;;
31.01.2025;09:17;A 65;1;2;58;3;62;4;62;3;67;1;59;0;100;3;14;1;52;1;51;1;24;0;0;0;0;0;0;0;0;0;0;0;0;0;0;0;0;0;0;0;0;0;0;0;0;0;0;;;;;;;;;;;;;;;;;;;;;;
31.01.2025;09:16;A 65;1;2;41;2;9;1;20;1;19;0;20;0;100;3;60;3;48;2;64;1;35;0;0;0;0;0;0;0;0;0;0;0;0;0;0;0;0;0;0;0;0;0;0;0;0;0;0;;;;;;;;;;;;;;;;;;;;;;
31.01.2025;09:15;A 65;1;2;2;2;6;1;92;1;93;3;45;0;100;5;28;2;1;2;33;2;41;0;0;0;0;0;0;0;0;0;0;0;0;0;0;0;0;0;0;0;0;0;0;0;0;0;0;;;;;;;;;;;;;;;;;;;;;;
31.01.2025;09:14;A 65;1;4;7;2;12;2;75;2;76;2;30;0;100;2;23;0;0;0;0;0;0;0;0;0;0;0;0;0;0;1;0;0;0;0;0;0;0;0;0;0;0;0;0;0;0;0;0;;;;;;;;;;;;;;;;;;;;;;
31.01.2025;09:13;A 65;1;3;3;1;8;0;0;0;0;0;0;0;100;1;80;1;1;1;1;1;7;0;0;0;0;0;0;0;0;0;0;0;0;0;0;0;0;0;0;0;0;0;0;0;0;0;0;;;;;;;;;;;;;;;;;;;;;;
31.01.2025;09:12;A 65;1;3;64;2;77;1;32;1;32;0;32;0;100;0;65;0;0;0;0;0;0;0;0;0;0;0;0;1;0;0;0;0;0;0;0;0;0;0;0;2;0;1;0;0;0;0;0;;;;;;;;;;;;;;;;;;;;;;
31.01.2025;09:11;A 65;1;5;29;3;32;1;95;1;95;2;55;0;100;1;40;0;0;0;0;0;0;0;0;0;0;0;0;0;0;0;0;0;0;0;0;0;0;0;0;0;0;0;0;0;0;0;0;;;;;;;;;;;;;;;;;;;;;;
31.01.2025;09:10;A 65;1;3;25;2;12;0;0;1;5;4;34;0;100;0;0;2;1;1;1;0;0;0;0;0;0;0;0;0;0;0;0;1;0;0;0;0;0;0;0;0;0;0;0;0;0;0;0;;;;;;;;;;;;;;;;;;;;;;
31.01.2025;09:09;A 65;1;3;42;4;31;1;56;1;54;0;54;0;100;2;11;0;0;0;0;0;0;0;0;0;0;0;0;0;0;0;0;0;0;0;0;0;0;1;0;0;0;0;0;0;0;0;0;;;;;;;;;;;;;;;;;;;;;;
31.01.2025;09:08;A 65;1;1;3;1;15;2;62;2;65;4;38;0;100;3;9;1;2;1;3;0;29;0;0;0;0;0;0;0;0;1;0;0;0;0;0;0;0;0;0;0;0;0;0;0;0;0;0;;;;;;;;;;;;;;;;;;;;;;
31.01.2025;09:07;A 65;1;3;36;2;11;0;0;0;0;1;1;0;100;5;31;2;14;2;4;2;55;0;0;0;0;1;0;0;0;0;0;0;0;0;0;0;0;0;0;0;0;0;0;0;0;0;0;;;;;;;;;;;;;;;;;;;;;;
31.01.2025;09:06;A 65;1;5;31;5;22;0;0;1;1;2;4;0;100;2;5;0;0;0;0;1;3;0;0;1;0;0;0;0;0;0;0;0;0;0;0;0;0;1;0;0;0;0;0;0;0;0;0;;;;;;;;;;;;;;;;;;;;;;
31.01.2025;09:05;A 65;1;2;37;1;7;3;14;3;19;3;34;0;100;3;30;1;53;1;53;1;56;0;0;0;0;0;0;0;0;0;0;0;0;0;0;0;0;0;0;0;0;0;0;0;0;0;0;;;;;;;;;;;;;;;;;;;;;;
31.01.2025;09:04;A 65;1;2;38;4;32;0;26;0;25;1;1;0;100;0;0;1;72;1;72;1;78;0;0;0;0;1;0;0;0;0;0;0;0;0;0;0;0;1;0;0;0;1;0;0;0;0;0;;;;;;;;;;;;;;;;;;;;;;
31.01.2025;09:03;A 65;1;5;48;1;56;1;28;1;29;2;6;0;100;3;23;1;68;1;68;1;73;0;0;1;0;0;0;0;0;0;0;0;0;0;0;0;0;0;0;0;0;0;0;0;0;0;0;;;;;;;;;;;;;;;;;;;;;;
31.01.2025;09:02;A 65;1;7;62;1;86;0;0;0;0;1;6;0;100;2;36;1;37;1;36;2;10;0;0;0;0;0;0;0;0;0;0;0;0;0;0;0;0;0;0;0;0;0;0;0;0;0;0;;;;;;;;;;;;;;;;;;;;;;
31.01.2025;09:01;A 65;1;1;0;2;9;2;18;1;18;3;31;0;100;0;76;0;0;0;0;0;0;0;0;0;0;0;0;1;0;0;0;0;0;0;0;0;0;0;0;1;0;0;0;0;0;0;0;;;;;;;;;;;;;;;;;;;;;;
31.01.2025;09:00;A 65;1;7;37;2;59;6;39;6;38;2;59;0;100;2;72;2;0;0;0;0;0;0;0;0;0;1;0;0;0;0;0;0;0;0;0;1;0;0;0;0;0;0;0;0;0;0;0;;;;;;;;;;;;;;;;;;;;;;
31.01.2025;08:59;A 65;1;3;27;3;17;2;63;2;64;2;65;0;100;1;3;0;0;0;0;0;0;0;0;0;0;0;0;0;0;0;0;0;0;0;0;0;0;0;0;0;0;0;0;0;0;0;0;;;;;;;;;;;;;;;;;;;;;;
31.01.2025;08:58;A 65;1;4;6;4;18;2;96;2;94;2;51;0;100;3;17;2;0;0;0;2;5;0;0;0;0;0;0;0;0;0;0;0;0;0;0;0;0;0;0;0;0;0;0;0;0;0;0;;;;;;;;;;;;;;;;;;;;;;
31.01.2025;08:57;A 65;1;3;41;2;9;3;24;2;74;2;9;0;100;2;23;1;58;1;58;0;62;0;0;0;0;1;0;0;0;0;0;0;0;0;0;0;0;0;0;0;0;0;0;0;0;0;0;;;;;;;;;;;;;;;;;;;;;;
31.01.2025;08:56;A 65;1;5;23;5;19;0;0;1;27;2;12;0;100;2;8;1;49;1;49;1;55;0;0;0;0;0;0;0;0;0;0;0;0;0;0;0;0;0;0;0;0;0;0;0;0;0;0;;;;;;;;;;;;;;;;;;;;;;
31.01.2025;08:55;A 65;1;2;3;4;10;0;0;0;0;1;1;0;100;3;12;2;4;0;0;1;15;0;0;0;0;0;0;0;0;0;0;0;0;0;0;0;0;0;0;0;0;0;0;0;0;0;0;;;;;;;;;;;;;;;;;;;;;;
31.01.2025;08:54;A 65;1;3;4;2;7;1;25;1;1;4;9;0;100;2;39;0;100;0;100;1;1;0;0;0;0;0;0;0;0;0;0;0;0;0;0;1;0;0;0;0;0;0;0;0;0;0;0;;;;;;;;;;;;;;;;;;;;;;
31.01.2025;08:53;A 65;1;3;84;2;41;2;53;2;5;2;41;0;100;0;100;2;40;2;41;2;37;0;0;0;0;0;0;0;0;1;0;0;0;0;0;0;0;1;0;0;0;0;0;0;0;0;0;;;;;;;;;;;;;;;;;;;;;;
31.01.2025;08:52;A 65;1;2;17;3;27;1;74;1;74;0;72;0;100;1;48;1;72;1;72;1;76;0;0;0;0;0;0;0;0;0;0;0;0;0;0;1;0;0;0;0;0;1;0;0;0;0;0;;;;;;;;;;;;;;;;;;;;;;
31.01.2025;08:51;A 65;1;15;37;11;66;1;95;1;96;1;50;0;100;1;0;1;82;1;84;1;92;0;0;0;0;0;0;0;0;1;0;0;0;0;0;0;0;0;0;0;0;0;0;0;0;0;0;;;;;;;;;;;;;;;;;;;;;;
31.01.2025;08:50;A 65;1;1;2;0;1;1;3;1;63;1;10;0;100;2;9;2;3;2;3;1;12;0;0;1;0;0;0;0;0;0;0;1;0;0;0;0;0;0;0;0;0;0;0;0;0;0;0;;;;;;;;;;;;;;;;;;;;;;
31.01.2025;08:49;A 65;1;4;66;4;76;5;71;4;73;2;39;0;100;0;4;1;0;1;0;2;4;0;0;0;0;0;0;0;0;0;0;0;0;0;0;0;0;0;0;0;0;0;0;0;0;0;0;;;;;;;;;;;;;;;;;;;;;;
31.01.2025;08:48;A 65;1;2;38;3;12;2;61;3;32;1;35;0;100;4;14;2;5;2;5;2;13;0;0;0;0;0;0;0;0;0;0;0;0;0;0;0;0;0;0;0;0;0;0;0;0;0;0;;;;;;;;;;;;;;;;;;;;;;
31.01.2025;08:47;A 65;1;0;44;0;25;1;27;1;2;6;12;0;100;4;58;1;1;1;1;0;6;0;0;0;0;1;0;0;0;0;0;0;0;0;0;0;0;0;0;0;0;0;0;0;0;0;0;;;;;;;;;;;;;;;;;;;;;;
31.01.2025;08:46;A 65;1;3;41;3;17;2;73;3;76;1;83;0;100;3;25;1;89;1;89;0;100;0;0;0;0;0;0;0;0;0;0;0;0;0;0;0;0;0;0;0;0;0;0;0;0;0;0;;;;;;;;;;;;;;;;;;;;;;
31.01.2025;08:45;A 65;1;2;41;2;38;1;63;1;63;0;62;0;100;3;41;1;22;1;22;1;26;0;0;0;0;0;0;0;0;0;0;0;0;0;0;0;0;0;0;0;0;0;0;0;0;0;0;;;;;;;;;;;;;;;;;;;;;;
31.01.2025;08:44;A 65;1;3;6;3;13;2;48;2;63;3;53;0;100;3;10;0;0;0;0;0;0;1;0;0;0;0;0;0;0;0;0;0;0;0;0;0;0;0;0;0;0;0;0;0;0;0;0;;;;;;;;;;;;;;;;;;;;;;
31.01.2025;08:43;A 65;1;6;77;4;63;1;44;1;45;1;50;0;100;0;89;0;37;0;37;0;35;0;0;0;0;0;0;0;0;0;0;0;0;0;0;0;0;0;0;0;0;0;0;0;0;0;0;;;;;;;;;;;;;;;;;;;;;;
31.01.2025;08:42;A 65;1;8;11;6;28;0;100;0;100;2;15;0;100;1;92;1;60;1;60;1;68;0;0;0;0;0;0;0;0;0;0;0;0;0;0;0;0;0;0;0;0;0;0;0;0;0;0;;;;;;;;;;;;;;;;;;;;;;
31.01.2025;08:41;A 65;1;2;5;2;15;1;8;1;10;2;10;0;100;2;8;0;0;0;0;0;0;0;0;0;0;0;0;0;0;0;0;0;0;0;0;0;0;0;0;0;0;0;0;0;0;0;0;;;;;;;;;;;;;;;;;;;;;;
31.01.2025;08:40;A 65;1;1;54;1;4;1;40;1;39;0;0;0;100;1;11;0;0;0;0;0;0;0;0;0;0;0;0;0;0;0;0;0;0;0;0;0;0;0;0;0;0;0;0;0;0;0;0;;;;;;;;;;;;;;;;;;;;;;
31.01.2025;08:39;A 65;1;2;40;2;26;3;44;3;47;3;31;0;100;0;100;0;0;0;0;0;0;0;0;0;0;0;0;0;0;0;0;0;0;0;0;0;0;0;0;0;0;0;0;0;0;0;0;;;;;;;;;;;;;;;;;;;;;;
31.01.2025;08:38;A 65;1;1;9;0;7;0;0;0;0;2;3;0;100;2;7;0;0;0;0;0;0;0;0;0;0;0;0;0;0;0;0;0;0;0;0;0;0;0;0;0;0;0;0;0;0;0;0;;;;;;;;;;;;;;;;;;;;;;
31.01.2025;08:37;A 65;1;4;42;5;26;1;70;2;70;1;83;0;100;2;21;0;0;0;0;0;0;0;0;1;0;0;0;0;0;0;0;1;0;0;0;0;0;0;0;0;0;0;0;0;0;0;0;;;;;;;;;;;;;;;;;;;;;;
31.01.2025;08:36;A 65;1;5;72;6;73;6;67;6;68;2;83;0;100;2;70;0;0;0;0;0;0;0;0;0;0;0;0;0;0;0;0;0;0;0;0;0;0;0;0;0;0;0;0;0;0;0;0;;;;;;;;;;;;;;;;;;;;;;
31.01.2025;08:35;A 65;1;4;54;4;62;6;55;7;57;2;62;0;100;2;9;1;6;0;7;0;4;0;0;0;0;0;0;0;0;0;0;0;0;0;0;0;0;0;0;0;0;0;0;0;0;0;0;;;;;;;;;;;;;;;;;;;;;;
31.01.2025;08:34;A 65;1;4;33;2;39;1;95;1;96;2;62;0;100;3;20;0;0;1;42;1;53;0;0;1;0;0;0;0;0;0;0;0;0;0;0;0;0;0;0;0;0;0;0;0;0;0;0;;;;;;;;;;;;;;;;;;;;;;
31.01.2025;08:33;A 65;1;7;65;3;52;1;75;1;74;2;72;0;100;0;0;1;66;1;1;2;9;0;0;0;0;2;0;0;0;0;0;0;0;0;0;0;0;8;2;0;0;0;0;0;0;0;0;;;;;;;;;;;;;;;;;;;;;;
31.01.2025;08:32;A 65;1;4;75;3;80;4;76;4;77;1;68;0;100;1;83;2;8;2;2;2;8;0;0;0;0;0;0;0;0;0;0;0;0;0;0;0;0;0;0;0;0;0;0;0;0;0;0;;;;;;;;;;;;;;;;;;;;;;
31.01.2025;08:31;A 65;1;1;5;2;7;2;36;2;37;3;34;0;100;2;20;0;0;0;0;0;0;1;0;0;0;0;0;0;0;0;0;0;0;0;0;0;0;0;0;0;0;0;0;0;0;0;0;;;;;;;;;;;;;;;;;;;;;;
31.01.2025;08:30;A 65;1;1;2;1;7;2;81;2;81;1;84;0;100;3;25;0;0;0;0;0;0;0;0;1;0;0;0;0;0;0;0;0;0;0;0;0;0;0;0;0;0;0;0;0;0;0;0;;;;;;;;;;;;;;;;;;;;;;
31.01.2025;08:29;A 65;1;4;22;3;16;1;3;1;8;2;8;0;100;2;22;0;0;0;0;1;2;0;0;0;0;0;0;0;0;0;0;0;0;0;0;0;0;0;0;0;0;0;0;0;0;0;0;;;;;;;;;;;;;;;;;;;;;;
31.01.2025;08:28;A 65;1;4;52;4;36;4;9;3;12;0;40;0;100;2;66;1;26;1;25;0;28;0;0;0;0;2;0;0;0;0;0;0;0;0;0;0;0;0;0;0;0;0;0;0;0;0;0;;;;;;;;;;;;;;;;;;;;;;
31.01.2025;08:27;A 65;1;2;39;2;19;0;4;2;20;2;63;0;100;6;21;1;18;1;19;2;13;0;0;0;0;0;0;1;0;0;0;0;0;0;0;0;0;0;0;0;0;0;0;0;0;0;0;;;;;;;;;;;;;;;;;;;;;;
31.01.2025;08:26;A 65;1;4;28;3;23;2;4;2;93;3;70;0;100;0;16;2;57;2;64;2;75;0;0;1;0;1;0;0;0;0;0;0;0;0;0;0;0;0;0;0;0;0;0;0;0;0;0;;;;;;;;;;;;;;;;;;;;;;
31.01.2025;08:25;A 65;1;1;5;1;8;5;65;6;66;1;84;0;100;1;58;0;0;0;0;0;0;0;0;0;0;0;0;0;0;0;0;0;0;0;0;0;0;0;0;0;0;0;0;0;0;0;0;;;;;;;;;;;;;;;;;;;;;;
31.01.2025;08:24;A 65;1;2;4;3;10;5;74;6;77;1;66;0;100;1;9;0;17;0;17;0;0;0;0;0;0;0;0;0;0;0;0;0;0;0;0;0;0;0;0;0;0;0;0;0;0;0;0;;;;;;;;;;;;;;;;;;;;;;
31.01.2025;08:23;A 65;1;3;4;4;12;0;100;0;100;0;100;0;100;3;13;1;80;1;80;2;13;0;0;0;0;0;0;0;0;0;0;0;0;0;0;0;0;0;0;1;0;0;0;0;0;0;0;;;;;;;;;;;;;;;;;;;;;;
31.01.2025;08:22;A 65;1;4;69;2;45;4;60;3;84;0;100;0;100;1;5;1;2;1;2;0;39;0;0;0;0;0;0;0;0;0;0;0;0;0;0;0;0;0;0;0;0;0;0;0;0;0;0;;;;;;;;;;;;;;;;;;;;;;
31.01.2025;08:21;A 65;1;4;31;4;48;0;0;0;100;0;100;0;100;3;33;1;28;1;1;3;29;0;0;1;0;0;0;0;0;0;0;0;0;0;0;0;0;0;0;0;0;0;0;0;0;0;0;;;;;;;;;;;;;;;;;;;;;;
31.01.2025;08:20;A 65;1;4;38;4;22;1;29;2;54;4;54;0;100;0;0;2;2;2;2;1;10;0;0;0;0;0;0;0;0;0;0;1;0;0;0;0;0;1;0;0;0;0;0;0;0;0;0;;;;;;;;;;;;;;;;;;;;;;
31.01.2025;08:19;A 65;1;3;14;3;15;1;36;1;36;2;11;0;100;2;10;0;0;0;0;0;0;0;0;0;0;0;0;0;0;0;0;0;0;0;0;0;0;0;0;0;0;0;0;0;0;0;0;;;;;;;;;;;;;;;;;;;;;;
31.01.2025;08:18;A 65;1;5;23;1;31;1;88;1;90;1;5;0;100;1;4;0;99;0;0;2;3;0;0;0;0;0;0;0;0;0;0;0;0;0;0;0;0;1;0;1;0;0;0;0;0;0;0;;;;;;;;;;;;;;;;;;;;;;
31.01.2025;08:17;A 65;1;5;70;3;79;2;75;2;74;1;91;0;100;3;5;2;50;2;50;2;47;0;0;0;0;0;0;0;0;0;0;0;0;0;0;0;0;0;0;0;0;0;0;0;0;0;0;;;;;;;;;;;;;;;;;;;;;;
31.01.2025;08:16;A 65;1;2;72;2;52;6;14;5;80;0;100;0;100;1;10;0;64;0;64;0;63;0;0;0;0;0;0;0;0;0;0;0;0;0;0;0;0;0;0;0;0;0;0;0;0;0;0;;;;;;;;;;;;;;;;;;;;;;
31.01.2025;08:15;A 65;1;3;52;2;36;1;4;2;25;5;21;0;100;4;23;2;28;2;28;3;48;0;0;0;0;0;0;0;0;0;0;0;0;0;0;0;0;0;0;0;0;0;0;0;0;0;0;;;;;;;;;;;;;;;;;;;;;;
31.01.2025;08:14;A 65;1;4;13;5;65;1;68;1;69;4;16;0;100;2;11;1;96;0;100;0;100;0;0;0;0;0;0;0;0;0;0;0;0;0;0;0;0;0;0;0;0;0;0;0;0;0;0;;;;;;;;;;;;;;;;;;;;;;
31.01.2025;08:13;A 65;1;5;38;3;43;1;1;1;1;4;13;0;100;2;23;1;2;1;25;1;32;0;0;0;0;0;0;0;0;0;0;0;0;0;0;1;0;0;0;0;0;0;0;0;0;0;0;;;;;;;;;;;;;;;;;;;;;;
31.01.2025;08:12;A 65;1;5;75;0;84;7;11;5;45;3;60;0;100;4;47;1;36;2;36;4;18;0;0;0;0;0;0;1;0;0;0;0;0;0;0;0;0;0;0;1;0;0;0;0;0;0;0;;;;;;;;;;;;;;;;;;;;;;
31.01.2025;08:11;A 65;1;1;60;3;62;5;11;6;86;0;100;0;100;2;86;2;93;2;93;0;100;0;0;0;0;0;0;0;0;0;0;0;0;0;0;0;0;2;0;0;0;0;0;0;0;0;0;;;;;;;;;;;;;;;;;;;;;;
31.01.2025;08:10;A 65;1;0;0;0;0;0;0;0;100;0;100;0;100;1;28;1;56;1;56;1;63;0;0;0;0;0;0;0;0;0;0;0;0;0;0;0;0;1;0;1;0;0;0;0;0;0;0;;;;;;;;;;;;;;;;;;;;;;
31.01.2025;08:09;A 65;1;2;69;2;15;3;69;3;85;2;82;0;100;1;13;2;56;2;56;0;63;0;0;0;0;0;0;0;0;2;0;0;0;0;0;0;0;0;0;0;0;0;0;0;0;0;0;;;;;;;;;;;;;;;;;;;;;;
31.01.2025;08:08;A 65;1;3;29;1;38;2;31;3;31;3;23;0;100;3;59;2;7;2;7;1;37;0;0;0;0;0;0;0;0;0;0;0;0;0;0;0;0;1;0;0;0;0;0;0;0;0;0;;;;;;;;;;;;;;;;;;;;;;
31.01.2025;08:07;A 65;1;4;70;1;61;2;79;1;81;1;5;0;100;2;10;1;2;1;2;2;43;0;0;0;0;0;0;0;0;0;0;0;0;1;0;0;0;0;0;0;0;0;0;0;0;0;0;;;;;;;;;;;;;;;;;;;;;;
31.01.2025;08:06;A 65;1;5;29;1;46;1;89;2;1;1;67;0;100;4;24;1;25;1;25;1;27;0;0;0;0;0;0;0;0;1;0;0;0;0;0;0;0;0;0;0;0;0;0;0;0;0;0;;;;;;;;;;;;;;;;;;;;;;
31.01.2025;08:05;A 65;1;1;50;1;60;4;74;4;74;1;93;0;100;1;4;0;0;0;0;1;4;0;0;0;0;0;0;0;0;0;0;0;0;0;0;0;0;1;0;0;0;0;0;0;0;0;0;;;;;;;;;;;;;;;;;;;;;;
31.01.2025;08:04;A 65;1;2;45;2;47;5;43;6;45;2;69;0;100;2;19;1;0;0;0;1;6;0;0;0;0;0;0;0;0;0;0;0;0;0;0;0;0;0;0;0;0;0;0;0;0;0;0;;;;;;;;;;;;;;;;;;;;;;
31.01.2025;08:03;A 65;1;5;70;0;74;4;84;4;86;0;100;0;100;2;85;0;18;0;17;0;0;0;0;0;0;0;0;0;0;0;0;0;0;0;0;0;0;0;0;1;0;0;0;0;0;0;0;;;;;;;;;;;;;;;;;;;;;;
31.01.2025;08:02;A 65;1;5;57;1;72;3;86;3;88;0;100;0;100;2;80;1;51;1;51;1;5;0;0;0;0;0;0;0;0;0;0;0;0;0;0;0;0;0;0;1;0;0;0;0;0;0;0;;;;;;;;;;;;;;;;;;;;;;
31.01.2025;08:01;A 65;1;1;37;6;41;1;94;1;2;0;100;0;100;2;69;1;3;2;2;1;15;0;0;0;0;0;0;0;0;0;0;0;0;0;0;0;0;0;0;0;0;0;0;0;0;0;0;;;;;;;;;;;;;;;;;;;;;;
31.01.2025;08:00;A 65;1;4;14;4;29;2;86;2;33;2;85;0;100;1;26;1;1;1;1;1;3;0;0;0;0;0;0;0;0;0;0;1;0;0;0;0;0;0;0;0;0;0;0;0;0;0;0;;;;;;;;;;;;;;;;;;;;;;
31.01.2025;07:59;A 65;1;7;34;2;53;1;41;1;43;4;31;0;100;3;51;0;0;0;0;0;0;0;0;0;0;0;0;0;0;0;0;0;0;0;0;0;0;1;0;0;0;0;0;0;0;0;0;;;;;;;;;;;;;;;;;;;;;;
31.01.2025;07:58;A 65;1;9;70;1;93;1;1;1;1;2;13;0;100;3;14;0;0;0;0;1;0;0;0;0;0;0;0;0;0;0;0;0;0;0;0;0;0;1;0;1;0;0;0;0;0;0;0;;;;;;;;;;;;;;;;;;;;;;
31.01.2025;07:57;A 65;1;4;64;3;70;0;70;0;69;0;0;0;100;2;60;1;71;1;71;0;73;0;0;1;0;0;0;0;0;0;0;0;0;0;0;0;0;0;0;0;0;0;0;0;0;0;0;;;;;;;;;;;;;;;;;;;;;;
31.01.2025;07:56;A 65;1;3;31;1;40;2;55;2;55;1;7;0;100;1;10;1;58;1;58;6;64;0;0;0;0;0;0;0;0;0;0;0;0;0;0;0;0;0;0;0;0;0;0;0;0;0;0;;;;;;;;;;;;;;;;;;;;;;
31.01.2025;07:55;A 65;1;7;47;0;69;3;41;2;43;4;29;0;100;2;55;3;25;3;25;3;36;0;0;0;0;0;0;0;0;0;0;0;0;0;0;0;0;1;0;6;1;0;0;0;0;0;0;;;;;;;;;;;;;;;;;;;;;;
31.01.2025;07:54;A 65;1;3;81;3;83;3;87;2;88;3;14;0;100;1;59;0;0;0;0;0;0;0;0;0;0;0;0;1;0;0;0;0;0;0;0;0;0;0;0;1;0;0;0;0;0;0;0;;;;;;;;;;;;;;;;;;;;;;
31.01.2025;07:53;A 65;1;4;16;2;58;1;31;2;33;3;29;0;100;2;56;0;0;0;0;0;0;0;0;0;0;1;0;0;0;0;0;0;0;0;0;1;0;0;0;0;0;0;0;0;0;0;0;;;;;;;;;;;;;;;;;;;;;;
31.01.2025;07:52;A 65;1;1;51;1;4;4;10;3;45;0;51;0;100;2;47;0;34;0;34;0;34;0;0;0;0;0;0;0;0;0;0;0;0;0;0;0;0;0;0;0;0;0;0;0;0;0;0;;;;;;;;;;;;;;;;;;;;;;
31.01.2025;07:51;A 65;1;6;86;0;97;1;7;2;59;4;76;0;100;3;40;1;29;1;29;1;36;0;0;0;0;0;0;0;0;0;0;0;0;0;0;0;0;0;0;0;0;0;0;0;0;0;0;;;;;;;;;;;;;;;;;;;;;;
31.01.2025;07:50;A 65;1;1;31;1;33;0;100;0;100;0;100;0;100;3;29;0;100;0;100;1;22;0;0;0;0;1;0;0;0;0;0;1;0;0;0;0;0;1;0;0;0;0;0;0;0;0;0;;;;;;;;;;;;;;;;;;;;;;
31.01.2025;07:49;A 65;1;2;22;2;31;4;76;5;81;1;80;0;100;3;64;1;5;1;5;1;5;0;0;0;0;0;0;0;0;0;0;0;0;0;0;0;0;0;0;0;0;0;0;0;0;0;0;;;;;;;;;;;;;;;;;;;;;;
31.01.2025;07:48;A 65;1;1;61;2;11;3;42;3;75;3;29;0;100;1;96;0;0;0;0;0;0;0;0;0;0;1;0;0;0;0;0;0;0;0;0;0;0;1;0;0;0;0;0;0;0;0;0;;;;;;;;;;;;;;;;;;;;;;
31.01.2025;07:47;A 65;1;5;40;5;36;2;9;3;51;3;25;0;100;3;15;1;2;0;3;0;2;0;0;0;0;0;0;0;0;0;0;0;0;0;0;0;0;0;0;1;0;0;0;0;0;0;0;;;;;;;;;;;;;;;;;;;;;;
31.01.2025;07:46;A 65;1;1;8;0;0;1;0;1;6;1;12;0;100;2;22;0;0;1;0;0;100;0;0;0;0;0;0;0;0;0;0;0;0;0;0;0;0;0;0;0;0;0;0;0;0;0;0;;;;;;;;;;;;;;;;;;;;;;
31.01.2025;07:45;A 65;1;4;51;5;24;2;72;2;71;2;6;0;100;2;35;0;0;0;0;1;0;0;0;0;0;0;0;0;0;0;0;0;0;0;0;0;0;1;0;0;0;0;0;0;0;0;0;;;;;;;;;;;;;;;;;;;;;;
31.01.2025;07:44;A 65;1;6;66;2;87;2;77;2;77;1;16;0;100;0;62;0;0;0;0;0;0;0;0;0;0;0;0;0;0;0;0;0;0;1;0;0;0;2;0;0;0;0;0;0;0;0;0;;;;;;;;;;;;;;;;;;;;;;
31.01.2025;07:43;A 65;1;6;46;0;100;6;72;7;77;2;47;0;100;2;52;1;36;1;36;1;2;0;0;0;0;0;0;0;0;0;0;0;0;0;0;0;0;0;0;0;0;0;0;0;0;0;0;;;;;;;;;;;;;;;;;;;;;;
31.01.2025;07:42;A 65;1;6;38;1;82;2;81;2;92;0;100;0;100;1;6;0;26;0;25;0;0;0;0;0;0;0;0;0;0;0;0;0;0;1;0;0;0;0;0;0;0;0;0;0;0;0;0;;;;;;;;;;;;;;;;;;;;;;
31.01.2025;07:41;A 65;1;2;15;2;21;0;100;0;100;1;86;0;100;1;8;0;100;0;100;0;0;0;0;0;0;0;0;0;0;0;0;0;0;0;0;0;0;0;0;0;0;0;0;0;0;0;0;;;;;;;;;;;;;;;;;;;;;;
31.01.2025;07:40;A 65;1;2;51;3;9;4;59;4;60;4;47;0;100;3;15;1;9;1;10;1;7;0;0;0;0;0;0;0;0;0;0;0;0;0;0;0;0;0;0;2;0;0;0;0;0;0;0;;;;;;;;;;;;;;;;;;;;;;
31.01.2025;07:39;A 65;1;10;32;0;75;1;82;1;83;3;74;0;100;6;33;0;0;0;0;0;0;0;0;0;0;1;0;0;0;0;0;0;0;0;0;0;0;0;0;0;0;0;0;0;0;0;0;;;;;;;;;;;;;;;;;;;;;;
31.01.2025;07:38;A 65;1;4;48;0;100;2;12;2;12;3;9;0;100;1;28;1;8;1;7;0;0;0;0;0;0;0;0;0;0;0;0;0;0;0;0;0;0;0;0;0;0;0;0;0;0;0;0;;;;;;;;;;;;;;;;;;;;;;
31.01.2025;07:37;A 65;1;4;83;0;100;2;57;2;58;2;21;0;100;0;100;0;0;0;0;0;0;0;0;0;0;0;0;0;0;0;0;0;0;0;0;0;0;0;0;0;0;0;0;0;0;0;0;;;;;;;;;;;;;;;;;;;;;;
31.01.2025;07:36;A 65;1;3;33;4;45;2;92;3;93;0;100;0;100;5;91;0;0;0;0;0;0;0;0;1;0;0;0;0;0;0;0;0;0;0;0;0;0;0;0;0;0;0;0;0;0;0;0;;;;;;;;;;;;;;;;;;;;;;
31.01.2025;07:35;A 65;1;8;14;2;69;3;38;3;48;2;37;0;100;2;11;0;0;0;0;0;0;0;0;0;0;0;0;0;0;0;0;0;0;0;0;0;0;0;0;0;0;0;0;0;0;0;0;;;;;;;;;;;;;;;;;;;;;;
31.01.2025;07:34;A 65;1;3;13;0;15;1;4;0;93;2;46;0;100;5;46;1;90;1;90;0;90;0;0;0;0;0;0;0;0;0;0;0;0;0;0;0;0;1;0;0;0;0;0;0;0;0;0;;;;;;;;;;;;;;;;;;;;;;
31.01.2025;07:33;A 65;1;5;49;2;71;0;68;1;79;3;10;0;100;5;90;0;0;0;0;1;3;0;0;0;0;1;0;0;0;0;0;0;0;0;0;0;0;1;0;0;0;0;0;0;0;0;0;;;;;;;;;;;;;;;;;;;;;;
31.01.2025;07:32;A 65;1;3;91;0;100;4;66;5;67;0;74;0;100;3;30;0;0;0;0;0;0;0;0;0;0;0;0;0;0;0;0;0;0;0;0;0;0;0;0;0;0;0;0;0;0;0;0;;;;;;;;;;;;;;;;;;;;;;
31.01.2025;07:31;A 65;1;2;7;2;42;0;100;0;100;3;42;0;100;2;13;0;0;0;0;0;0;0;0;0;0;0;0;0;0;0;0;0;0;0;0;0;0;0;0;0;0;0;0;0;0;0;0;;;;;;;;;;;;;;;;;;;;;;
31.01.2025;07:30;A 65;1;4;32;5;46;4;7;4;21;2;16;0;100;3;42;0;0;0;0;1;4;0;0;0;0;1;0;0;0;0;0;2;0;0;0;0;0;1;0;0;0;0;0;0;0;0;0;;;;;;;;;;;;;;;;;;;;;;
31.01.2025;07:29;A 65;1;2;22;3;45;1;81;1;80;2;69;0;100;0;100;0;0;0;0;0;0;0;0;0;0;1;0;0;0;0;0;0;0;0;0;0;0;0;0;0;0;0;0;0;0;0;0;;;;;;;;;;;;;;;;;;;;;;
31.01.2025;07:28;A 65;1;2;14;2;17;6;22;5;41;1;46;0;100;2;49;0;0;1;16;0;0;0;0;0;0;0;0;0;0;0;0;0;0;0;0;0;0;0;0;1;0;0;0;0;0;0;0;;;;;;;;;;;;;;;;;;;;;;
31.01.2025;07:27;A 65;1;6;17;4;44;0;0;1;70;1;80;0;100;4;26;1;0;1;55;3;4;0;0;0;0;0;0;0;0;0;0;0;0;0;0;0;0;0;0;0;0;0;0;0;0;0;0;;;;;;;;;;;;;;;;;;;;;;
31.01.2025;07:26;A 65;1;0;0;1;3;2;82;2;82;0;8;0;100;3;17;0;0;0;0;0;0;0;0;0;0;0;0;0;0;0;0;0;0;0;0;0;0;0;0;0;0;0;0;0;0;0;0;;;;;;;;;;;;;;;;;;;;;;
31.01.2025;07:25;A 65;1;3;33;3;20;1;53;1;52;3;13;0;100;2;73;0;0;0;0;0;0;0;0;0;0;0;0;0;0;0;0;0;0;0;0;0;0;0;0;0;0;0;0;0;0;0;0;;;;;;;;;;;;;;;;;;;;;;
31.01.2025;07:24;A 65;1;1;0;1;4;1;44;1;47;1;8;0;100;1;6;0;0;0;0;0;0;0;0;0;0;0;0;0;0;0;0;0;0;0;0;0;0;0;0;0;0;0;0;0;0;0;0;;;;;;;;;;;;;;;;;;;;;;
31.01.2025;07:23;A 65;1;0;0;0;0;0;0;0;0;0;0;0;100;8;57;0;0;0;0;0;0;0;0;0;0;0;0;1;0;0;0;0;0;0;0;0;0;0;0;0;0;0;0;0;0;0;0;;;;;;;;;;;;;;;;;;;;;;
31.01.2025;07:22;A 65;1;3;23;2;10;3;71;3;71;1;19;0;100;0;37;0;74;0;74;0;0;0;0;0;0;0;0;0;0;0;0;0;0;0;0;0;0;0;0;0;0;0;0;0;0;0;0;;;;;;;;;;;;;;;;;;;;;;
31.01.2025;07:21;A 65;1;4;16;3;55;1;97;1;96;1;96;0;100;3;39;1;95;1;96;1;71;0;0;0;0;0;0;0;0;0;0;0;0;0;0;0;0;12;3;0;0;0;0;0;0;0;0;;;;;;;;;;;;;;;;;;;;;;
31.01.2025;07:20;A 65;1;1;0;2;19;1;37;1;38;2;9;0;100;3;71;1;46;1;46;1;10;0;0;0;0;1;0;0;0;0;0;0;0;0;0;0;0;2;0;0;0;0;0;0;0;0;0;;;;;;;;;;;;;;;;;;;;;;
31.01.2025;07:19;A 65;1;3;27;6;52;1;9;1;9;0;1;0;100;1;7;1;6;1;5;0;10;0;0;0;0;0;0;0;0;0;0;0;0;0;0;0;0;0;0;0;0;0;0;0;0;0;0;;;;;;;;;;;;;;;;;;;;;;
31.01.2025;07:18;A 65;1;3;25;2;29;1;85;1;87;4;18;0;100;0;0;1;5;1;5;1;11;0;0;0;0;1;0;0;0;0;0;0;0;0;0;0;0;0;0;0;0;0;0;0;0;0;0;;;;;;;;;;;;;;;;;;;;;;
31.01.2025;07:17;A 65;1;2;22;4;21;2;29;2;9;3;12;0;100;4;30;1;72;1;71;2;1;0;0;0;0;0;0;0;0;0;0;0;0;0;0;0;0;1;0;0;0;0;0;1;0;0;0;;;;;;;;;;;;;;;;;;;;;;
31.01.2025;07:16;A 65;1;2;10;2;28;2;33;1;3;0;0;0;100;2;47;1;69;1;69;2;21;0;0;0;0;0;0;0;0;0;0;1;0;0;0;0;0;0;0;0;0;0;0;0;0;0;0;;;;;;;;;;;;;;;;;;;;;;
31.01.2025;07:15;A 65;1;1;3;1;7;0;0;1;42;1;6;0;100;3;20;1;35;1;35;1;6;0;0;0;0;0;0;0;0;0;0;0;0;0;0;0;0;1;0;0;0;0;0;0;0;0;0;;;;;;;;;;;;;;;;;;;;;;
31.01.2025;07:14;A 65;1;2;6;1;10;0;0;0;0;0;0;0;100;4;95;0;0;0;0;0;0;0;0;0;0;0;0;0;0;0;0;0;0;0;0;0;0;0;0;0;0;0;0;0;0;0;0;;;;;;;;;;;;;;;;;;;;;;
31.01.2025;07:13;A 65;1;2;7;2;15;3;6;3;76;1;76;0;100;2;18;0;0;0;0;0;0;0;0;0;0;0;0;0;0;0;0;0;0;0;0;0;0;0;0;0;0;0;0;0;0;0;0;;;;;;;;;;;;;;;;;;;;;;
31.01.2025;07:12;A 65;1;5;54;4;71;1;2;1;2;1;7;0;100;2;11;0;0;0;0;0;0;0;0;0;0;0;0;0;0;0;0;0;0;0;0;0;0;0;0;0;0;0;0;0;0;0;0;;;;;;;;;;;;;;;;;;;;;;
31.01.2025;07:11;A 65;1;3;54;2;58;1;1;1;65;3;12;0;100;0;46;0;0;0;0;0;0;0;0;0;0;0;0;0;0;0;0;0;0;0;0;0;0;0;0;0;0;0;0;0;0;0;0;;;;;;;;;;;;;;;;;;;;;;
31.01.2025;07:10;A 65;1;2;31;2;15;2;85;2;84;2;21;0;100;1;11;0;84;0;84;0;0;0;0;0;0;0;0;0;0;0;0;0;0;0;0;0;0;0;0;0;0;0;0;0;0;0;0;;;;;;;;;;;;;;;;;;;;;;
31.01.2025;07:09;A 65;1;1;1;1;6;1;52;1;52;0;51;0;100;0;0;1;6;1;6;1;5;0;0;0;0;0;0;0;0;0;0;0;0;0;0;0;0;0;0;0;0;0;0;0;0;0;0;;;;;;;;;;;;;;;;;;;;;;
31.01.2025;07:08;A 65;1;1;1;1;6;1;71;1;73;2;13;0;100;2;22;0;0;0;0;0;0;0;0;0;0;0;0;0;0;0;0;0;0;0;0;0;0;1;0;0;0;0;0;0;0;0;0;;;;;;;;;;;;;;;;;;;;;;
31.01.2025;07:07;A 65;1;3;17;1;11;1;18;1;19;1;7;0;100;1;3;0;0;0;0;0;0;0;0;0;0;0;0;0;0;0;0;0;0;0;0;0;0;0;0;0;0;0;0;0;0;0;0;;;;;;;;;;;;;;;;;;;;;;
31.01.2025;07:06;A 65;1;1;0;3;26;0;0;0;0;0;0;0;100;5;31;0;0;0;0;0;0;0;0;0;0;0;0;0;0;0;0;0;0;0;0;0;0;1;0;0;0;0;0;0;0;0;0;;;;;;;;;;;;;;;;;;;;;;
31.01.2025;07:05;A 65;1;4;3;3;21;0;0;0;0;0;0;0;100;3;27;0;0;0;0;0;0;0;0;0;0;0;0;0;0;0;0;0;0;0;0;0;0;0;0;0;0;0;0;0;0;0;0;;;;;;;;;;;;;;;;;;;;;;
31.01.2025;07:04;A 65;1;1;2;1;7;3;31;2;31;1;24;0;100;0;0;0;0;0;0;0;0;0;0;0;0;0;0;0;0;0;0;0;0;0;0;0;0;0;0;0;0;0;0;1;0;0;0;;;;;;;;;;;;;;;;;;;;;;
31.01.2025;07:03;A 65;1;0;30;0;0;2;23;3;6;2;16;0;100;2;26;0;0;0;0;0;0;0;0;0;0;0;0;0;0;0;0;0;0;0;0;0;0;0;0;0;0;0;0;0;0;0;0;;;;;;;;;;;;;;;;;;;;;;
31.01.2025;07:02;A 65;1;5;43;1;54;0;1;0;0;1;78;0;100;1;6;0;0;0;0;0;0;0;0;0;0;0;0;0;0;0;0;0;0;0;0;0;0;0;0;0;0;0;0;0;0;0;0;;;;;;;;;;;;;;;;;;;;;;
31.01.2025;07:01;A 65;1;2;36;2;48;1;65;1;67;1;74;0;100;2;11;0;0;0;0;0;0;0;0;0;0;0;0;0;0;0;0;0;0;0;0;0;0;0;0;0;0;0;0;0;0;0;0;;;;;;;;;;;;;;;;;;;;;;
31.01.2025;07:00;A 65;1;2;5;1;10;0;35;1;36;2;25;0;100;2;28;0;0;0;0;0;0;0;0;0;0;0;0;0;0;0;0;0;0;0;0;0;0;0;0;0;0;0;0;0;0;0;0;;;;;;;;;;;;;;;;;;;;;;
31.01.2025;06:59;A 65;1;3;51;1;68;2;61;2;23;3;10;0;100;2;41;0;0;0;0;0;0;0;0;0;0;0;0;0;0;0;0;0;0;0;0;0;0;0;0;0;0;0;0;0;0;0;0;;;;;;;;;;;;;;;;;;;;;;
31.01.2025;06:58;A 65;1;1;0;1;5;1;27;1;30;1;3;0;100;1;28;0;0;0;0;0;0;0;0;0;0;0;0;0;0;0;0;0;0;0;0;0;0;0;0;0;0;0;0;0;0;0;0;;;;;;;;;;;;;;;;;;;;;;
31.01.2025;06:57;A 65;1;0;0;0;0;0;64;0;63;0;0;0;100;1;3;0;0;0;0;0;0;0;0;0;0;0;0;0;0;0;0;0;0;0;0;0;0;0;0;0;0;0;0;0;0;0;0;;;;;;;;;;;;;;;;;;;;;;
31.01.2025;06:56;A 65;1;5;58;1;28;2;39;1;77;1;10;0;100;1;6;1;40;1;40;2;16;0;0;0;0;0;0;0;0;0;0;0;0;0;0;0;0;0;0;0;0;0;0;0;0;0;0;;;;;;;;;;;;;;;;;;;;;;
31.01.2025;06:55;A 65;1;0;11;1;7;0;0;1;27;1;6;0;100;0;13;1;78;1;78;2;9;0;0;1;0;1;0;0;0;0;0;2;0;0;0;0;0;4;1;0;0;0;0;0;0;0;0;;;;;;;;;;;;;;;;;;;;;;
31.01.2025;06:54;A 65;1;1;1;1;8;1;1;1;2;1;9;0;100;1;99;0;0;0;0;0;0;0;0;0;0;2;0;0;0;0;0;0;0;0;0;0;0;1;0;0;0;0;0;0;0;0;0;;;;;;;;;;;;;;;;;;;;;;
31.01.2025;06:53;A 65;1;1;0;1;4;0;0;0;0;0;0;0;100;3;28;0;0;0;0;0;0;0;0;0;0;6;1;0;0;0;0;0;0;0;0;0;0;2;0;0;0;0;0;0;0;0;0;;;;;;;;;;;;;;;;;;;;;;
31.01.2025;06:52;A 65;1;2;52;3;14;1;1;1;1;1;7;0;100;1;10;1;23;1;23;1;23;0;0;0;0;0;0;0;0;0;0;0;0;0;0;0;0;0;0;0;0;0;0;0;0;0;0;;;;;;;;;;;;;;;;;;;;;;
31.01.2025;06:51;A 65;1;3;18;3;32;0;0;0;0;0;0;0;100;5;26;1;29;1;30;1;35;0;0;0;0;2;0;0;0;0;0;0;0;0;0;0;0;0;0;0;0;0;0;0;0;0;0;;;;;;;;;;;;;;;;;;;;;;
31.01.2025;06:50;A 65;1;1;8;1;4;0;0;0;0;0;0;0;100;1;49;0;0;0;0;0;0;0;0;0;0;0;0;0;0;0;0;0;0;0;0;0;0;0;0;0;0;0;0;0;0;0;0;;;;;;;;;;;;;;;;;;;;;;
31.01.2025;06:49;A 65;1;1;27;1;8;0;82;0;80;0;0;0;100;1;84;0;0;0;0;0;0;0;0;0;0;0;0;0;0;0;0;0;0;0;0;0;0;0;0;0;0;0;0;0;0;0;0;;;;;;;;;;;;;;;;;;;;;;
31.01.2025;06:48;A 65;1;6;42;3;48;1;26;1;26;1;8;0;100;0;0;1;2;1;2;1;5;0;0;0;0;0;0;0;0;0;0;0;0;0;0;0;0;0;0;0;0;0;0;0;0;0;0;;;;;;;;;;;;;;;;;;;;;;
31.01.2025;06:47;A 65;1;1;3;2;11;1;37;1;38;1;8;0;100;4;17;0;0;0;0;0;0;0;0;0;0;0;0;0;0;0;0;0;0;0;0;0;0;0;0;0;0;0;0;0;0;0;0;;;;;;;;;;;;;;;;;;;;;;
31.01.2025;06:46;A 65;1;2;2;3;31;2;86;2;88;3;14;0;100;0;0;0;0;0;0;0;0;0;0;0;0;0;0;0;0;0;0;0;0;0;0;0;0;0;0;0;0;0;0;0;0;0;0;;;;;;;;;;;;;;;;;;;;;;
31.01.2025;06:45;A 65;1;3;16;2;22;0;70;0;68;1;2;0;100;1;3;0;0;0;0;0;0;0;0;0;0;0;0;0;0;0;0;0;0;0;0;0;0;0;0;0;0;0;0;0;0;0;0;;;;;;;;;;;;;;;;;;;;;;
31.01.2025;06:44;A 65;1;2;15;3;13;1;51;1;52;1;3;0;100;1;8;0;0;1;0;0;0;0;0;0;0;0;0;0;0;0;0;0;0;0;0;0;0;0;0;0;0;0;0;0;0;0;0;;;;;;;;;;;;;;;;;;;;;;
31.01.2025;06:43;A 65;1;1;0;1;6;1;30;1;31;2;11;0;100;3;11;0;0;0;0;0;0;0;0;0;0;0;0;0;0;0;0;0;0;0;0;0;0;0;0;0;0;0;0;0;0;0;0;;;;;;;;;;;;;;;;;;;;;;
31.01.2025;06:42;A 65;1;3;17;1;26;1;2;1;50;1;8;0;100;2;13;0;0;0;0;0;0;0;0;0;0;0;0;0;0;0;0;0;0;0;0;0;0;0;0;0;0;0;0;0;0;0;0;;;;;;;;;;;;;;;;;;;;;;
31.01.2025;06:41;A 65;1;1;40;2;19;1;55;1;54;2;22;0;100;0;1;1;29;1;29;1;36;0;0;0;0;0;0;0;0;0;0;0;0;0;0;0;0;0;0;0;0;0;0;0;0;0;0;;;;;;;;;;;;;;;;;;;;;;
31.01.2025;06:40;A 65;1;2;2;3;13;2;69;2;70;2;17;0;100;3;38;0;0;0;0;0;0;0;0;0;0;0;0;0;0;0;0;0;0;0;0;0;0;0;0;0;0;0;0;0;0;0;0;;;;;;;;;;;;;;;;;;;;;;
31.01.2025;06:39;A 65;1;2;1;2;13;1;19;1;20;2;16;0;100;1;60;0;0;0;0;0;0;0;0;0;0;0;0;0;0;0;0;0;0;0;0;0;0;0;0;0;0;0;0;0;0;0;0;;;;;;;;;;;;;;;;;;;;;;
31.01.2025;06:38;A 65;1;1;0;1;5;1;2;1;4;1;8;0;100;0;0;1;73;1;71;2;9;0;0;0;0;0;0;0;0;0;0;0;0;0;0;0;0;0;0;0;0;0;0;0;0;0;0;;;;;;;;;;;;;;;;;;;;;;
31.01.2025;06:37;A 65;1;3;20;1;21;0;0;0;0;0;0;0;100;0;0;0;0;2;0;2;2;0;0;0;0;0;0;0;0;0;0;0;0;0;0;0;0;0;0;0;0;0;0;0;0;0;0;;;;;;;;;;;;;;;;;;;;;;
31.01.2025;06:36;A 65;1;2;55;2;30;1;76;1;78;0;0;0;100;0;0;0;0;0;0;0;0;0;0;0;0;0;0;0;0;0;0;0;0;0;0;0;0;0;0;0;0;0;0;0;0;0;0;;;;;;;;;;;;;;;;;;;;;;
31.01.2025;06:35;A 65;1;1;1;1;6;1;2;1;4;1;17;0;100;2;10;0;0;0;0;0;0;0;0;0;0;0;0;0;0;0;0;0;0;0;0;0;0;0;0;0;0;0;0;0;0;0;0;;;;;;;;;;;;;;;;;;;;;;
31.01.2025;06:34;A 65;1;3;13;2;20;0;0;0;0;0;0;0;100;1;41;0;0;0;0;0;0;0;0;0;0;0;0;0;0;0;0;0;0;0;0;0;0;0;0;0;0;0;0;0;0;0;0;;;;;;;;;;;;;;;;;;;;;;
31.01.2025;06:33;A 65;1;1;1;0;100;0;0;0;0;0;0;0;100;1;30;1;50;0;0;0;52;0;0;0;0;0;0;0;0;0;0;0;0;0;0;0;0;0;0;0;0;0;0;0;0;0;0;;;;;;;;;;;;;;;;;;;;;;
31.01.2025;06:32;A 65;1;2;49;0;100;0;27;0;26;0;25;0;100;2;11;2;45;2;3;3;65;0;0;0;0;0;0;0;0;0;0;0;0;0;0;0;0;0;0;0;0;0;0;0;0;0;0;;;;;;;;;;;;;;;;;;;;;;
31.01.2025;06:31;A 65;1;1;15;1;29;1;26;1;28;1;35;0;100;0;0;0;0;0;0;1;0;0;0;0;0;0;0;0;0;0;0;0;0;0;0;0;0;0;0;0;0;0;0;0;0;0;0;;;;;;;;;;;;;;;;;;;;;;
31.01.2025;06:30;A 65;1;1;10;1;10;1;33;1;34;1;7;0;100;1;6;0;0;0;0;0;0;0;0;0;0;0;0;0;0;0;0;0;0;0;0;0;0;0;0;0;0;0;0;0;0;0;0;;;;;;;;;;;;;;;;;;;;;;
31.01.2025;06:29;A 65;1;1;0;1;5;1;12;1;12;0;0;0;100;0;3;0;0;0;0;0;0;0;0;0;0;0;0;0;0;0;0;0;0;0;0;0;0;0;0;0;0;0;0;0;0;0;0;;;;;;;;;;;;;;;;;;;;;;
31.01.2025;06:28;A 65;1;1;1;1;6;1;92;1;94;2;10;0;100;3;70;0;0;0;0;0;0;0;0;0;0;0;0;0;0;0;0;0;0;0;0;0;0;0;0;0;0;0;0;0;0;0;0;;;;;;;;;;;;;;;;;;;;;;
31.01.2025;06:27;A 65;1;1;1;2;8;0;46;0;45;0;0;0;100;0;0;0;0;0;0;0;0;0;0;0;0;0;0;0;0;0;0;0;0;0;0;0;0;0;0;0;0;0;0;0;0;0;0;;;;;;;;;;;;;;;;;;;;;;
31.01.2025;06:26;A 65;1;1;0;1;6;1;34;1;35;1;9;0;100;1;5;0;0;0;0;0;0;0;0;0;0;0;0;0;0;0;0;0;0;0;0;0;0;0;0;0;0;0;0;0;0;0;0;;;;;;;;;;;;;;;;;;;;;;
31.01.2025;06:25;A 65;1;3;2;3;14;0;0;0;0;0;0;0;100;0;0;0;0;0;0;0;0;0;0;0;0;0;0;0;0;0;0;0;0;0;0;0;0;0;0;0;0;0;0;0;0;0;0;;;;;;;;;;;;;;;;;;;;;;
31.01.2025;06:24;A 65;1;0;0;0;0;0;44;0;43;0;0;0;100;2;8;0;0;0;0;0;0;0;0;0;0;0;0;0;0;0;0;0;0;0;0;0;0;0;0;0;0;0;0;0;0;0;0;;;;;;;;;;;;;;;;;;;;;;
31.01.2025;06:23;A 65;1;2;2;2;11;1;50;1;51;1;9;0;100;2;17;0;0;0;0;0;0;0;0;0;0;0;0;0;0;0;0;0;0;0;0;0;0;0;0;0;0;0;0;0;0;0;0;;;;;;;;;;;;;;;;;;;;;;
31.01.2025;06:22;A 65;1;1;14;1;9;1;50;1;50;1;8;0;100;1;89;0;0;0;0;0;0;0;0;0;0;0;0;0;0;0;0;0;0;0;0;0;0;0;0;0;0;0;0;0;0;0;0;;;;;;;;;;;;;;;;;;;;;;
31.01.2025;06:21;A 65;1;1;13;1;19;0;0;0;0;0;0;0;100;0;0;0;0;0;0;0;0;0;0;0;0;0;0;0;0;0;0;0;0;0;0;0;0;0;0;0;0;0;0;0;0;0;0;;;;;;;;;;;;;;;;;;;;;;
31.01.2025;06:20;A 65;1;1;0;1;7;0;0;0;0;0;0;0;100;2;49;0;0;0;0;0;0;0;0;0;0;0;0;0;0;0;0;0;0;0;0;0;0;0;0;0;0;0;0;0;0;0;0;;;;;;;;;;;;;;;;;;;;;;
31.01.2025;06:19;A 65;1;0;0;0;0;0;0;0;0;0;0;0;100;1;30;0;0;0;0;0;0;0;0;0;0;1;0;0;0;0;0;0;0;0;0;0;0;0;0;0;0;0;0;0;0;0;0;;;;;;;;;;;;;;;;;;;;;;
31.01.2025;06:18;A 65;1;1;1;1;5;0;45;0;44;1;41;0;100;2;55;0;0;0;0;0;0;0;0;0;0;0;0;0;0;0;0;0;0;0;0;0;0;0;0;0;0;0;0;0;0;0;0;;;;;;;;;;;;;;;;;;;;;;
31.01.2025;06:17;A 65;1;1;0;2;5;1;42;1;44;1;53;0;100;1;7;0;0;0;0;0;0;0;0;0;0;0;0;0;0;0;0;0;0;0;0;0;0;0;0;0;0;0;0;0;0;0;0;;;;;;;;;;;;;;;;;;;;;;
31.01.2025;06:16;A 65;1;1;0;1;6;0;0;0;0;0;0;0;100;1;0;0;0;0;0;0;0;0;0;0;0;0;0;0;0;0;0;0;0;0;0;0;0;0;0;0;0;0;0;0;0;0;0;;;;;;;;;;;;;;;;;;;;;;
31.01.2025;06:15;A 65;1;2;2;1;74;0;0;0;0;1;7;0;100;0;0;0;0;0;0;0;0;0;0;0;0;0;0;0;0;0;0;0;0;0;0;0;0;0;0;0;0;0;0;0;0;0;0;;;;;;;;;;;;;;;;;;;;;;
31.01.2025;06:14;A 65;1;0;0;1;2;1;48;1;47;0;46;0;100;3;18;1;3;1;3;1;4;0;0;0;0;0;0;0;0;0;0;0;0;0;0;0;0;0;0;0;0;0;0;0;0;0;0;;;;;;;;;;;;;;;;;;;;;;
31.01.2025;06:13;A 65;1;4;7;0;16;1;45;1;46;2;21;0;100;0;0;0;0;0;0;0;0;0;0;0;0;0;0;0;0;0;0;0;0;0;0;0;0;0;0;0;0;0;0;0;0;0;0;;;;;;;;;;;;;;;;;;;;;;
31.01.2025;06:12;A 65;1;2;13;2;32;0;0;0;0;0;0;0;100;0;0;0;0;0;0;0;0;0;0;0;0;0;0;0;0;0;0;0;0;0;0;0;0;0;0;0;0;0;0;0;0;0;0;;;;;;;;;;;;;;;;;;;;;;
31.01.2025;06:11;A 65;1;1;2;1;6;0;0;1;1;0;10;0;100;0;0;0;0;0;0;0;0;0;0;0;0;0;0;0;0;0;0;0;0;0;0;0;0;0;0;0;0;0;0;0;0;0;0;;;;;;;;;;;;;;;;;;;;;;
31.01.2025;06:10;A 65;1;0;0;0;0;0;17;0;16;1;0;0;100;0;55;0;17;0;17;1;0;0;0;0;0;0;0;0;0;0;0;0;0;0;0;0;0;0;0;0;0;0;0;0;0;0;0;;;;;;;;;;;;;;;;;;;;;;
31.01.2025;06:09;A 65;1;0;0;0;0;1;27;1;28;4;14;0;100;1;71;2;49;2;49;3;8;0;0;0;0;0;0;0;0;0;0;0;0;0;0;0;0;0;0;0;0;0;0;0;0;0;0;;;;;;;;;;;;;;;;;;;;;;
31.01.2025;06:08;A 65;1;1;0;1;2;1;14;1;15;1;19;0;100;0;0;0;0;0;0;0;0;0;0;0;0;0;0;0;0;0;0;0;0;0;0;0;0;0;0;0;0;0;0;0;0;0;0;;;;;;;;;;;;;;;;;;;;;;
31.01.2025;06:07;A 65;1;1;1;2;8;0;43;0;41;0;0;0;100;0;0;2;2;1;2;0;0;0;0;0;0;0;0;0;0;0;0;0;0;0;0;0;0;0;0;0;0;0;0;0;0;0;0;;;;;;;;;;;;;;;;;;;;;;
31.01.2025;06:06;A 65;1;1;0;1;4;1;11;1;13;1;8;0;100;2;11;0;0;0;0;0;0;0;0;0;0;0;0;0;0;0;0;0;0;0;0;0;0;0;0;0;0;0;0;0;0;0;0;;;;;;;;;;;;;;;;;;;;;;
31.01.2025;06:05;A 65;1;1;0;1;7;0;44;0;43;0;0;0;100;0;0;0;0;0;0;0;0;0;0;0;0;0;0;0;0;0;0;0;0;0;0;0;0;0;0;0;0;0;0;0;0;0;0;;;;;;;;;;;;;;;;;;;;;;
31.01.2025;06:04;A 65;1;0;0;0;0;1;8;1;10;2;3;0;100;1;5;0;0;0;0;0;0;0;0;0;0;0;0;0;0;0;0;0;0;0;0;0;0;0;0;0;0;0;0;0;0;0;0;;;;;;;;;;;;;;;;;;;;;;
31.01.2025;06:03;A 65;1;2;58;1;62;1;27;1;26;1;27;0;100;0;0;1;0;1;0;1;1;0;0;0;0;0;0;0;0;0;0;0;0;0;0;0;0;0;0;0;0;0;0;0;0;0;0;;;;;;;;;;;;;;;;;;;;;;
31.01.2025;06:02;A 65;1;1;14;1;25;1;96;1;98;1;77;0;100;2;58;0;0;0;0;0;0;0;0;0;0;0;0;0;0;0;0;0;0;0;0;0;0;0;0;0;0;0;0;0;0;0;0;;;;;;;;;;;;;;;;;;;;;;
31.01.2025;06:01;A 65;1;0;0;0;0;0;0;0;0;1;4;0;100;1;7;0;0;0;0;0;0;0;0;0;0;0;0;0;0;0;0;0;0;0;0;0;0;0;0;0;0;0;0;0;0;0;0;;;;;;;;;;;;;;;;;;;;;;
31.01.2025;06:00;A 65;1;0;0;0;0;1;28;1;29;1;5;0;100;2;6;0;0;0;0;0;0;0;0;0;0;0;0;0;0;0;0;0;0;0;0;0;0;0;0;0;0;0;0;0;0;0;0;;;;;;;;;;;;;;;;;;;;;;
31.01.2025;05:59;A 65;1;1;0;1;2;0;0;0;0;0;0;0;100;0;0;0;0;0;0;0;0;0;0;0;0;0;0;0;0;0;0;0;0;0;0;0;0;0;0;0;0;0;0;0;0;0;0;;;;;;;;;;;;;;;;;;;;;;
31.01.2025;05:58;A 65;1;2;1;2;37;0;0;0;0;0;0;0;100;0;0;0;0;0;0;0;0;0;0;0;0;0;0;0;0;0;0;0;0;0;0;0;0;0;0;0;0;0;0;0;0;0;0;;;;;;;;;;;;;;;;;;;;;;
31.01.2025;05:57;A 65;1;0;0;1;9;0;0;0;0;0;0;0;100;0;0;0;0;0;0;0;0;0;0;0;0;0;0;0;0;0;0;0;0;0;0;0;0;0;0;0;0;0;0;0;0;0;0;;;;;;;;;;;;;;;;;;;;;;
31.01.2025;05:56;A 65;1;0;0;1;2;0;0;0;0;0;0;0;100;0;0;0;0;0;0;0;0;0;0;0;0;0;0;0;0;0;0;0;0;0;0;0;0;0;0;0;0;0;0;0;0;0;0;;;;;;;;;;;;;;;;;;;;;;
31.01.2025;05:55;A 65;1;2;15;0;41;1;14;1;13;0;0;0;100;2;7;0;0;0;0;0;0;0;0;0;0;0;0;0;0;0;0;0;0;0;0;0;0;0;0;0;0;0;0;0;0;0;0;;;;;;;;;;;;;;;;;;;;;;
31.01.2025;05:54;A 65;1;1;1;2;9;1;11;1;12;1;10;0;100;0;4;0;0;0;0;0;0;0;0;0;0;0;0;0;0;0;0;0;0;0;0;0;0;0;0;0;0;0;0;0;0;0;0;;;;;;;;;;;;;;;;;;;;;;
31.01.2025;05:53;A 65;1;0;0;0;0;0;0;0;0;0;0;0;100;1;4;0;0;0;0;0;0;1;0;0;0;0;0;0;0;0;0;0;0;0;0;0;0;0;0;0;0;0;0;0;0;0;0;;;;;;;;;;;;;;;;;;;;;;
31.01.2025;05:52;A 65;1;0;0;0;0;0;0;0;0;0;0;0;100;1;4;0;0;0;0;0;0;0;0;0;0;0;0;0;0;0;0;0;0;0;0;0;0;0;0;0;0;0;0;0;0;0;0;;;;;;;;;;;;;;;;;;;;;;
31.01.2025;05:51;A 65;1;1;0;0;4;0;0;0;0;0;0;0;100;1;3;1;31;1;31;2;5;0;0;0;0;0;0;0;0;0;0;0;0;0;0;0;0;0;0;0;0;0;0;0;0;0;0;;;;;;;;;;;;;;;;;;;;;;
31.01.2025;05:50;A 65;1;0;0;1;2;1;29;1;29;1;3;0;100;0;0;0;0;0;0;0;0;0;0;0;0;0;0;0;0;0;0;0;0;0;0;0;0;0;0;0;0;0;0;0;0;0;0;;;;;;;;;;;;;;;;;;;;;;
31.01.2025;05:49;A 65;1;1;0;2;11;0;0;0;0;0;0;0;100;0;0;0;0;0;0;0;0;0;0;0;0;0;0;0;0;0;0;0;0;0;0;0;0;0;0;0;0;0;0;0;0;0;0;;;;;;;;;;;;;;;;;;;;;;
31.01.2025;05:48;A 65;1;1;7;1;8;0;0;0;0;0;0;0;100;1;9;0;0;0;0;0;0;0;0;0;0;0;0;0;0;0;0;0;0;0;0;0;0;0;0;0;0;0;0;0;0;0;0;;;;;;;;;;;;;;;;;;;;;;
31.01.2025;05:47;A 65;1;1;13;1;18;0;90;1;90;1;6;0;100;2;9;0;0;0;0;0;0;0;0;0;0;0;0;0;0;0;0;0;0;0;0;0;0;0;0;0;0;0;0;0;0;0;0;;;;;;;;;;;;;;;;;;;;;;
31.01.2025;05:46;A 65;1;0;0;0;0;1;33;1;34;1;8;0;100;0;0;0;0;0;0;0;0;0;0;0;0;0;0;0;0;0;0;0;0;0;0;0;0;0;0;0;0;0;0;0;0;0;0;;;;;;;;;;;;;;;;;;;;;;
31.01.2025;05:45;A 65;1;2;12;3;15;0;0;0;0;0;0;0;100;0;34;0;0;0;0;0;0;0;0;0;0;0;0;0;0;0;0;0;0;0;0;0;0;0;0;0;0;0;0;0;0;0;0;;;;;;;;;;;;;;;;;;;;;;
31.01.2025;05:44;A 65;1;0;0;1;0;0;0;0;0;0;0;0;100;1;28;0;12;0;11;0;0;0;0;0;0;0;0;0;0;0;0;0;0;0;0;0;0;0;0;0;0;0;0;0;0;0;0;;;;;;;;;;;;;;;;;;;;;;
31.01.2025;05:43;A 65;1;1;3;2;8;0;0;0;0;0;0;0;100;2;9;1;2;1;3;2;22;0;0;0;0;0;0;0;0;0;0;0;0;0;0;0;0;0;0;0;0;0;0;0;0;0;0;;;;;;;;;;;;;;;;;;;;;;
31.01.2025;05:42;A 65;1;1;0;0;0;0;0;0;0;0;0;0;100;0;0;0;0;0;0;0;0;0;0;0;0;0;0;0;0;0;0;0;0;0;0;0;0;0;0;0;0;0;0;0;0;0;0;;;;;;;;;;;;;;;;;;;;;;
31.01.2025;05:41;A 65;1;2;26;1;5;0;0;0;0;0;0;0;100;1;4;0;0;0;0;0;0;0;0;0;0;0;0;0;0;0;0;0;0;0;0;0;0;0;0;0;0;0;0;0;0;0;0;;;;;;;;;;;;;;;;;;;;;;
31.01.2025;05:40;A 65;1;1;15;1;6;1;26;1;26;1;6;0;100;0;0;0;0;0;0;0;0;0;0;0;0;0;0;0;0;0;0;0;0;0;0;0;0;0;0;0;0;0;0;0;0;0;0;;;;;;;;;;;;;;;;;;;;;;
31.01.2025;05:39;A 65;1;2;2;1;7;0;0;0;0;0;0;0;100;2;7;0;0;0;0;0;0;0;0;0;0;0;0;0;0;0;0;0;0;0;0;0;0;0;0;0;0;0;0;0;0;0;0;;;;;;;;;;;;;;;;;;;;;;
31.01.2025;05:38;A 65;1;1;0;1;4;0;0;0;0;0;0;0;100;2;7;0;0;0;0;0;0;0;0;0;0;0;0;0;0;0;0;0;0;0;0;0;0;0;0;0;0;0;0;0;0;0;0;;;;;;;;;;;;;;;;;;;;;;
31.01.2025;05:37;A 65;1;0;0;0;0;0;0;0;0;2;6;0;100;2;8;0;0;0;0;0;0;0;0;0;0;0;0;0;0;0;0;0;0;0;0;0;0;0;0;0;0;0;0;0;0;0;0;;;;;;;;;;;;;;;;;;;;;;
31.01.2025;05:36;A 65;1;0;0;0;0;0;0;0;0;0;0;0;100;2;17;0;0;0;0;0;0;0;0;0;0;0;0;0;0;0;0;0;0;0;0;0;0;0;0;0;0;0;0;0;0;0;0;;;;;;;;;;;;;;;;;;;;;;
31.01.2025;05:35;A 65;1;2;1;1;8;0;0;0;0;0;0;0;100;0;0;0;0;0;0;0;0;0;0;0;0;0;0;0;0;0;0;0;0;0;0;0;0;0;0;0;0;0;0;0;0;0;0;;;;;;;;;;;;;;;;;;;;;;
31.01.2025;05:34;A 65;1;0;0;0;0;0;9;0;9;0;0;0;100;2;11;0;0;0;0;0;0;0;0;0;0;0;0;0;0;0;0;0;0;0;0;0;0;0;0;0;0;0;0;0;0;0;0;;;;;;;;;;;;;;;;;;;;;;
31.01.2025;05:33;A 65;1;1;33;0;0;3;19;2;25;2;9;0;100;1;7;0;4;0;4;0;0;0;0;0;0;0;0;0;0;0;0;0;0;0;0;0;0;0;0;0;0;0;0;0;0;0;0;;;;;;;;;;;;;;;;;;;;;;
31.01.2025;05:32;A 65;1;1;13;3;28;1;0;1;55;1;8;0;100;0;0;1;37;1;38;1;2;0;0;0;0;0;0;0;0;0;0;0;0;0;0;0;0;0;0;0;0;0;0;0;0;0;0;;;;;;;;;;;;;;;;;;;;;;
31.01.2025;05:31;A 65;1;2;1;2;11;0;0;0;0;0;0;0;100;0;0;0;0;0;0;0;0;0;0;0;0;0;0;0;0;0;0;0;0;0;0;0;0;0;0;0;0;0;0;0;0;0;0;;;;;;;;;;;;;;;;;;;;;;
31.01.2025;05:30;A 65;1;0;0;0;0;0;0;0;33;0;0;0;100;1;8;0;0;0;0;0;0;0;0;0;0;0;0;0;0;0;0;0;0;0;0;0;0;0;0;0;0;0;0;0;0;0;0;;;;;;;;;;;;;;;;;;;;;;
31.01.2025;05:29;A 65;1;1;0;0;3;0;0;1;11;1;7;0;100;1;49;0;0;0;0;0;0;0;0;0;0;0;0;0;0;0;0;0;0;0;0;0;0;0;0;0;0;0;0;0;0;0;0;;;;;;;;;;;;;;;;;;;;;;
31.01.2025;05:28;A 65;1;1;0;2;8;0;0;0;0;0;0;0;100;1;3;0;0;0;0;0;0;0;0;0;0;0;0;0;0;0;0;0;0;0;0;0;0;0;0;0;0;0;0;0;0;0;0;;;;;;;;;;;;;;;;;;;;;;
31.01.2025;05:27;A 65;1;0;0;0;0;0;0;0;0;0;0;0;100;1;4;0;0;0;0;0;0;0;0;0;0;2;0;0;0;0;0;0;0;0;0;0;0;0;0;0;0;0;0;0;0;0;0;;;;;;;;;;;;;;;;;;;;;;
31.01.2025;05:26;A 65;1;2;1;2;9;0;0;0;0;0;0;0;100;0;0;0;0;0;0;0;0;0;0;0;0;0;0;0;0;0;0;0;0;0;0;0;0;0;0;0;0;0;0;0;0;0;0;;;;;;;;;;;;;;;;;;;;;;
31.01.2025;05:25;A 65;1;0;0;0;0;0;0;0;0;0;0;0;100;1;10;0;0;0;0;0;0;0;0;0;0;0;0;0;0;0;0;0;0;0;0;0;0;0;0;0;0;0;0;0;0;0;0;;;;;;;;;;;;;;;;;;;;;;
31.01.2025;05:24;A 65;1;0;0;0;0;0;0;0;0;0;0;0;100;2;3;0;0;0;0;0;0;0;0;0;0;0;0;0;0;0;0;0;0;0;0;0;0;0;0;0;0;0;0;0;0;0;0;;;;;;;;;;;;;;;;;;;;;;
31.01.2025;05:23;A 65;1;0;0;2;3;1;64;2;66;2;13;0;100;0;0;0;0;0;0;0;0;0;0;0;0;0;0;0;0;0;0;0;0;0;0;0;0;0;0;0;0;0;0;0;0;0;0;;;;;;;;;;;;;;;;;;;;;;
31.01.2025;05:22;A 65;1;1;0;1;4;1;15;1;18;1;9;0;100;1;5;0;0;0;0;0;0;0;0;0;0;0;0;0;0;0;0;0;0;0;0;0;0;0;0;0;0;0;0;0;0;0;0;;;;;;;;;;;;;;;;;;;;;;
31.01.2025;05:21;A 65;1;0;0;0;0;0;0;0;0;0;0;0;100;0;0;0;0;0;0;0;0;0;0;0;0;0;0;0;0;0;0;0;0;0;0;0;0;0;0;0;0;0;0;0;0;0;0;;;;;;;;;;;;;;;;;;;;;;
31.01.2025;05:20;A 65;1;0;0;0;0;0;0;0;0;0;0;0;100;1;4;0;0;0;0;0;0;0;0;0;0;0;0;0;0;0;0;0;0;0;0;0;0;0;0;0;0;0;0;0;0;0;0;;;;;;;;;;;;;;;;;;;;;;
31.01.2025;05:19;A 65;1;1;0;0;0;0;9;0;8;0;0;0;100;0;0;0;0;0;0;0;0;0;0;0;0;0;0;0;0;0;0;0;0;0;0;0;0;0;0;0;0;0;0;0;0;0;0;;;;;;;;;;;;;;;;;;;;;;
31.01.2025;05:18;A 65;1;0;0;1;4;1;25;1;26;1;6;0;100;0;0;0;0;0;0;0;0;0;0;0;0;0;0;0;0;0;0;0;0;0;0;0;0;0;0;0;0;0;0;0;0;0;0;;;;;;;;;;;;;;;;;;;;;;
31.01.2025;05:17;A 65;1;2;15;1;22;0;0;0;0;0;0;0;100;0;0;0;0;0;0;0;0;0;0;0;0;0;0;0;0;0;0;0;0;0;0;0;0;0;0;0;0;0;0;0;0;0;0;;;;;;;;;;;;;;;;;;;;;;
31.01.2025;05:16;A 65;1;0;0;0;0;0;0;0;0;0;0;0;100;1;5;0;26;0;26;1;28;0;0;0;0;0;0;0;0;0;0;0;0;0;0;0;0;0;0;0;0;0;0;0;0;0;0;;;;;;;;;;;;;;;;;;;;;;
31.01.2025;05:15;A 65;1;0;0;0;0;0;0;0;0;0;0;0;100;1;52;1;39;1;40;1;48;0;0;0;0;0;0;0;0;0;0;0;0;0;0;0;0;0;0;0;0;0;0;0;0;0;0;;;;;;;;;;;;;;;;;;;;;;
31.01.2025;05:14;A 65;1;0;0;0;0;0;0;0;0;0;0;0;100;0;0;0;0;0;0;0;0;0;0;0;0;0;0;0;0;0;0;0;0;0;0;0;0;0;0;0;0;0;0;0;0;0;0;;;;;;;;;;;;;;;;;;;;;;
31.01.2025;05:13;A 65;1;0;0;0;0;0;0;0;0;0;0;0;100;0;0;0;0;0;0;1;28;0;0;0;0;0;0;0;0;0;0;0;0;0;0;0;0;0;0;0;0;0;0;0;0;0;0;;;;;;;;;;;;;;;;;;;;;;
31.01.2025;05:12;A 65;1;0;0;0;0;0;0;0;0;0;0;0;100;0;0;0;0;0;0;0;0;0;0;0;0;0;0;0;0;0;0;0;0;0;0;0;0;0;0;0;0;0;0;0;0;0;0;;;;;;;;;;;;;;;;;;;;;;
31.01.2025;05:11;A 65;1;2;2;1;5;0;0;0;0;0;0;0;100;0;0;0;0;0;0;0;0;0;0;0;0;0;0;0;0;0;0;0;0;0;0;0;0;0;0;0;0;0;0;0;0;0;0;;;;;;;;;;;;;;;;;;;;;;
31.01.2025;05:10;A 65;1;0;0;1;3;0;0;0;0;0;0;0;100;0;0;0;0;0;0;0;0;0;0;0;0;0;0;0;0;0;0;0;0;0;0;0;0;0;0;0;0;0;0;0;0;0;0;;;;;;;;;;;;;;;;;;;;;;
31.01.2025;05:09;A 65;1;0;0;0;0;0;0;0;0;0;0;0;100;1;5;0;0;0;0;0;0;0;0;0;0;0;0;0;0;0;0;0;0;0;0;0;0;0;0;0;0;0;0;0;0;0;0;;;;;;;;;;;;;;;;;;;;;;
31.01.2025;05:08;A 65;1;0;0;0;0;0;0;0;0;0;0;0;100;0;0;0;0;0;0;0;0;0;0;0;0;0;0;0;0;0;0;0;0;0;0;0;0;0;0;0;0;0;0;0;0;0;0;;;;;;;;;;;;;;;;;;;;;;
31.01.2025;05:07;A 65;1;0;0;1;3;0;0;0;0;0;0;0;100;2;8;0;0;0;0;0;0;0;0;0;0;0;0;0;0;0;0;0;0;0;0;0;0;0;0;0;0;0;0;0;0;0;0;;;;;;;;;;;;;;;;;;;;;;
31.01.2025;05:06;A 65;1;0;0;0;0;2;5;1;28;1;10;0;100;0;0;0;0;0;0;0;0;0;0;0;0;0;0;0;0;0;0;0;0;0;0;0;0;0;0;0;0;0;0;0;0;0;0;;;;;;;;;;;;;;;;;;;;;;
31.01.2025;05:05;A 65;1;1;0;1;4;1;29;1;29;1;8;0;100;0;0;0;0;0;0;0;0;0;0;0;0;0;0;0;0;0;0;0;0;0;0;0;0;0;0;0;0;0;0;0;0;0;0;;;;;;;;;;;;;;;;;;;;;;
31.01.2025;05:04;A 65;1;1;0;1;5;0;5;0;4;0;0;0;100;0;0;0;0;0;0;0;0;0;0;0;0;0;0;0;0;0;0;0;0;0;0;0;0;0;0;0;0;0;0;0;0;0;0;;;;;;;;;;;;;;;;;;;;;;
31.01.2025;05:03;A 65;1;0;0;0;0;1;15;1;17;1;12;0;100;0;0;0;0;0;0;0;0;0;0;0;0;0;0;0;0;0;0;0;0;0;0;0;0;0;0;0;0;0;0;0;0;0;0;;;;;;;;;;;;;;;;;;;;;;
31.01.2025;05:02;A 65;1;0;1;0;0;0;0;0;0;0;0;0;100;0;0;0;0;0;0;0;0;0;0;0;0;0;0;0;0;0;0;0;0;0;0;0;0;0;0;0;0;0;0;0;0;0;0;;;;;;;;;;;;;;;;;;;;;;
31.01.2025;05:01;A 65;1;1;11;1;19;0;0;0;0;0;0;0;100;0;0;1;0;2;0;0;0;0;0;0;0;0;0;0;0;0;0;0;0;0;0;0;0;0;0;0;0;0;0;0;0;0;0;;;;;;;;;;;;;;;;;;;;;;
31.01.2025;05:00;A 65;1;1;0;1;2;1;1;1;1;0;0;0;100;0;0;0;0;0;0;0;0;0;0;0;0;0;0;0;0;0;0;0;0;0;0;0;0;0;0;0;0;0;0;0;0;0;0;;;;;;;;;;;;;;;;;;;;;;
31.01.2025;04:59;A 65;1;1;2;1;11;0;0;0;0;0;0;0;100;1;69;0;0;0;0;0;0;0;0;0;0;0;0;0;0;0;0;0;0;0;0;0;0;0;0;0;0;0;0;0;0;0;0;;;;;;;;;;;;;;;;;;;;;;
31.01.2025;04:58;A 65;1;1;0;2;7;0;0;0;0;0;0;0;100;0;0;0;0;0;0;0;0;0;0;0;0;0;0;0;0;0;0;0;0;0;0;0;0;0;0;0;0;0;0;0;0;0;0;;;;;;;;;;;;;;;;;;;;;;
31.01.2025;04:57;A 65;1;1;0;1;7;0;0;0;0;0;0;0;100;1;5;0;0;0;0;0;0;0;0;0;0;0;0;0;0;0;0;0;0;0;0;0;0;0;0;0;0;0;0;0;0;0;0;;;;;;;;;;;;;;;;;;;;;;
31.01.2025;04:56;A 65;1;0;0;0;0;0;0;0;0;0;0;0;100;0;0;0;0;0;0;0;0;0;0;0;0;0;0;0;0;0;0;0;0;0;0;0;0;0;0;0;0;0;0;0;0;0;0;;;;;;;;;;;;;;;;;;;;;;
31.01.2025;04:55;A 65;1;0;0;0;0;0;0;0;0;0;0;0;100;1;6;0;0;0;0;0;0;0;0;0;0;0;0;0;0;0;0;0;0;0;0;0;0;0;0;0;0;0;0;0;0;0;0;;;;;;;;;;;;;;;;;;;;;;
31.01.2025;04:54;A 65;1;0;0;0;0;0;0;0;0;0;0;0;100;0;0;0;0;0;0;0;0;0;0;0;0;0;0;0;0;0;0;0;0;0;0;0;0;0;0;0;0;0;0;0;0;0;0;;;;;;;;;;;;;;;;;;;;;;
31.01.2025;04:53;A 65;1;0;0;0;0;0;0;0;0;0;0;0;100;0;0;0;0;0;0;0;0;0;0;0;0;0;0;0;0;0;0;0;0;0;0;0;0;0;0;0;0;0;0;0;0;0;0;;;;;;;;;;;;;;;;;;;;;;
31.01.2025;04:52;A 65;1;1;0;1;6;0;0;0;0;0;0;0;100;0;0;0;0;0;0;0;0;0;0;0;0;0;0;0;0;0;0;0;0;0;0;0;0;0;0;0;0;0;0;0;0;0;0;;;;;;;;;;;;;;;;;;;;;;
31.01.2025;04:51;A 65;1;0;0;0;0;0;0;0;0;0;0;0;100;0;0;0;0;0;0;0;0;0;0;0;0;0;0;0;0;0;0;0;0;0;0;0;0;0;0;0;0;0;0;0;0;0;0;;;;;;;;;;;;;;;;;;;;;;
31.01.2025;04:50;A 65;1;1;1;1;10;0;4;0;4;0;0;0;100;1;4;0;0;0;0;0;0;0;0;0;0;0;0;0;0;0;0;0;0;0;0;0;0;0;0;0;0;0;0;0;0;0;0;;;;;;;;;;;;;;;;;;;;;;
31.01.2025;04:49;A 65;1;0;0;0;0;1;16;1;19;2;13;0;100;0;0;0;0;0;0;0;0;0;0;0;0;0;0;0;0;0;0;0;0;0;0;0;0;0;0;0;0;0;0;0;0;0;0;;;;;;;;;;;;;;;;;;;;;;
31.01.2025;04:48;A 65;1;0;0;0;0;1;27;1;27;1;5;0;100;0;0;0;0;0;0;0;0;0;0;0;0;0;0;0;0;0;0;0;0;0;0;0;0;0;0;0;0;0;0;0;0;0;0;;;;;;;;;;;;;;;;;;;;;;
31.01.2025;04:47;A 65;1;0;0;0;0;0;0;0;0;0;0;0;100;0;0;0;0;0;0;0;0;0;0;0;0;0;0;0;0;0;0;0;0;0;0;0;0;0;0;0;0;0;0;0;0;0;0;;;;;;;;;;;;;;;;;;;;;;
31.01.2025;04:46;A 65;1;0;0;0;0;0;0;0;0;0;0;0;100;0;0;0;0;0;0;0;0;0;0;0;0;0;0;0;0;0;0;0;0;0;0;0;0;0;0;0;0;0;0;0;0;0;0;;;;;;;;;;;;;;;;;;;;;;
31.01.2025;04:45;A 65;1;0;0;0;0;0;31;0;29;0;0;0;100;1;7;0;0;0;0;0;0;0;0;0;0;0;0;0;0;0;0;0;0;0;0;0;0;0;0;0;0;0;0;0;0;0;0;;;;;;;;;;;;;;;;;;;;;;
31.01.2025;04:44;A 65;1;0;0;0;0;2;6;2;32;3;14;0;100;0;0;0;0;0;0;0;0;0;0;0;0;0;0;0;0;0;0;0;0;0;0;0;0;0;0;0;0;0;0;0;0;0;0;;;;;;;;;;;;;;;;;;;;;;
31.01.2025;04:43;A 65;1;0;0;0;0;0;0;0;0;0;0;0;100;0;0;0;0;0;0;0;0;0;0;0;0;0;0;0;0;0;0;0;0;0;0;0;0;0;0;0;0;0;0;0;0;0;0;;;;;;;;;;;;;;;;;;;;;;
31.01.2025;04:42;A 65;1;0;0;0;0;0;0;0;0;0;0;0;100;0;0;0;0;0;0;0;0;0;0;0;0;0;0;0;0;0;0;0;0;0;0;0;0;0;0;0;0;0;0;0;0;0;0;;;;;;;;;;;;;;;;;;;;;;
31.01.2025;04:41;A 65;1;0;0;0;0;0;0;0;0;0;0;0;100;0;0;0;0;0;0;0;0;0;0;0;0;0;0;0;0;0;0;0;0;0;0;0;0;0;0;0;0;0;0;0;0;0;0;;;;;;;;;;;;;;;;;;;;;;
31.01.2025;04:40;A 65;1;0;0;0;0;0;0;0;0;0;0;0;100;0;0;0;0;0;0;0;0;0;0;0;0;0;0;0;0;0;0;0;0;0;0;0;0;0;0;0;0;0;0;0;0;0;0;;;;;;;;;;;;;;;;;;;;;;
31.01.2025;04:39;A 65;1;0;0;0;0;0;0;0;0;0;0;0;100;0;0;0;0;0;0;0;0;0;0;0;0;0;0;0;0;0;0;0;0;0;0;0;0;0;0;0;0;0;0;0;0;0;0;;;;;;;;;;;;;;;;;;;;;;
31.01.2025;04:38;A 65;1;0;0;0;0;0;0;0;0;0;0;0;100;1;6;0;0;0;0;0;0;0;0;0;0;0;0;0;0;0;0;0;0;0;0;0;0;0;0;0;0;0;0;0;0;0;0;;;;;;;;;;;;;;;;;;;;;;
31.01.2025;04:37;A 65;1;0;0;0;0;0;0;0;0;0;0;0;100;0;0;0;0;0;0;0;0;0;0;0;0;0;0;0;0;0;0;0;0;0;0;0;0;0;0;0;0;0;0;0;0;0;0;;;;;;;;;;;;;;;;;;;;;;
31.01.2025;04:36;A 65;1;0;0;0;0;0;0;0;0;0;0;0;100;1;5;0;0;0;0;0;0;0;0;0;0;0;0;0;0;0;0;0;0;0;0;0;0;0;0;0;0;0;0;0;0;0;0;;;;;;;;;;;;;;;;;;;;;;
31.01.2025;04:35;A 65;1;0;0;0;0;0;0;0;0;0;0;0;100;0;0;0;0;0;0;0;0;0;0;0;0;0;0;0;0;0;0;0;0;0;0;0;0;0;0;0;0;0;0;0;0;0;0;;;;;;;;;;;;;;;;;;;;;;
31.01.2025;04:34;A 65;1;0;0;0;0;0;0;0;0;0;0;0;100;1;4;0;0;0;0;0;0;0;0;0;0;0;0;0;0;0;0;0;0;0;0;0;0;0;0;0;0;0;0;0;0;0;0;;;;;;;;;;;;;;;;;;;;;;
31.01.2025;04:33;A 65;1;0;0;0;0;0;0;0;0;0;0;0;100;0;0;0;0;0;0;0;0;0;0;0;0;0;0;0;0;0;0;0;0;0;0;0;0;0;0;0;0;0;0;0;0;0;0;;;;;;;;;;;;;;;;;;;;;;
31.01.2025;04:32;A 65;1;0;0;0;0;0;0;0;0;0;0;0;100;0;0;0;0;0;0;0;0;0;0;0;0;0;0;0;0;0;0;0;0;0;0;0;0;0;0;0;0;0;0;0;0;0;0;;;;;;;;;;;;;;;;;;;;;;
31.01.2025;04:31;A 65;1;2;14;2;26;0;0;0;0;0;0;0;100;1;56;0;0;0;0;0;0;0;0;0;0;0;0;0;0;0;0;0;0;0;0;0;0;0;0;0;0;0;0;0;0;0;0;;;;;;;;;;;;;;;;;;;;;;
31.01.2025;04:30;A 65;1;0;0;0;0;0;0;0;0;0;0;0;100;0;100;0;0;0;0;0;0;0;0;0;0;0;0;0;0;0;0;0;0;0;0;0;0;0;0;0;0;0;0;0;0;0;0;;;;;;;;;;;;;;;;;;;;;;
31.01.2025;04:29;A 65;1;0;0;0;0;0;0;0;0;0;0;0;100;1;86;0;38;0;37;0;0;0;0;0;0;0;0;0;0;0;0;0;0;0;0;0;0;0;0;0;0;0;0;0;0;0;0;;;;;;;;;;;;;;;;;;;;;;
31.01.2025;04:28;A 65;1;0;0;0;0;0;0;0;0;0;0;0;100;1;25;1;64;1;64;0;0;0;0;0;0;0;0;0;0;0;0;0;0;0;0;0;0;0;0;0;0;0;0;0;0;0;0;;;;;;;;;;;;;;;;;;;;;;
31.01.2025;04:27;A 65;1;0;0;0;0;0;0;0;0;0;0;0;100;0;0;0;0;0;0;0;0;0;0;0;0;0;0;0;0;0;0;0;0;0;0;0;0;0;0;0;0;0;0;0;0;0;0;;;;;;;;;;;;;;;;;;;;;;
31.01.2025;04:26;A 65;1;0;0;0;0;0;0;0;0;0;0;0;100;0;0;0;0;0;0;0;0;0;0;0;0;0;0;0;0;0;0;0;0;0;0;0;0;0;0;0;0;0;0;0;0;0;0;;;;;;;;;;;;;;;;;;;;;;
31.01.2025;04:25;A 65;1;0;0;0;0;0;0;0;0;0;0;0;100;0;0;0;0;0;0;0;0;0;0;0;0;0;0;0;0;0;0;0;0;0;0;0;0;0;0;0;0;0;0;0;0;0;0;;;;;;;;;;;;;;;;;;;;;;
31.01.2025;04:24;A 65;1;0;0;0;0;0;0;0;0;0;0;0;100;1;5;0;0;0;0;0;0;0;0;0;0;0;0;0;0;0;0;0;0;0;0;0;0;0;0;0;0;0;0;0;0;0;0;;;;;;;;;;;;;;;;;;;;;;
31.01.2025;04:23;A 65;1;0;0;0;0;0;0;0;0;0;0;0;100;0;0;0;0;0;0;0;0;0;0;0;0;0;0;0;0;0;0;0;0;0;0;0;0;0;0;0;0;0;0;0;0;0;0;;;;;;;;;;;;;;;;;;;;;;
31.01.2025;04:22;A 65;1;0;0;0;0;0;0;0;0;0;0;0;100;0;0;0;0;0;0;0;0;0;0;0;0;0;0;0;0;0;0;0;0;0;0;0;0;0;0;0;0;0;0;0;0;0;0;;;;;;;;;;;;;;;;;;;;;;
31.01.2025;04:21;A 65;1;0;0;0;0;0;0;0;0;0;0;0;100;1;3;0;0;0;0;0;0;0;0;0;0;0;0;0;0;0;0;0;0;0;0;0;0;0;0;0;0;0;0;0;0;0;0;;;;;;;;;;;;;;;;;;;;;;
31.01.2025;04:20;A 65;1;0;0;0;0;0;0;0;0;0;0;0;100;0;0;0;0;0;0;0;0;0;0;0;0;0;0;0;0;0;0;0;0;0;0;0;0;0;0;0;0;0;0;0;0;0;0;;;;;;;;;;;;;;;;;;;;;;
31.01.2025;04:19;A 65;1;0;0;0;0;0;0;0;0;0;0;0;100;1;50;0;0;0;0;0;0;0;0;0;0;0;0;0;0;0;0;0;0;0;0;0;0;0;0;0;0;0;0;0;0;0;0;;;;;;;;;;;;;;;;;;;;;;
31.01.2025;04:18;A 65;1;0;0;1;3;0;0;0;0;0;0;0;100;0;0;0;0;0;0;0;0;0;0;0;0;0;0;0;0;0;0;0;0;0;0;0;0;0;0;0;0;0;0;0;0;0;0;;;;;;;;;;;;;;;;;;;;;;
31.01.2025;04:17;A 65;1;0;0;0;0;0;0;0;0;0;0;0;100;0;0;0;0;0;0;0;0;0;0;0;0;0;0;0;0;0;0;0;0;0;0;0;0;0;0;0;0;0;0;0;0;0;0;;;;;;;;;;;;;;;;;;;;;;
31.01.2025;04:16;A 65;1;0;0;0;0;0;0;0;0;0;0;0;100;0;0;0;0;0;0;0;0;0;0;0;0;0;0;0;0;0;0;0;0;0;0;0;0;0;0;0;0;0;0;0;0;0;0;;;;;;;;;;;;;;;;;;;;;;
31.01.2025;04:15;A 65;1;0;0;0;0;0;0;0;0;0;0;0;100;1;5;0;0;0;0;0;0;0;0;0;0;0;0;0;0;0;0;0;0;0;0;0;0;0;0;0;0;0;0;0;0;0;0;;;;;;;;;;;;;;;;;;;;;;
31.01.2025;04:14;A 65;1;0;0;0;0;0;0;1;3;1;11;0;100;0;0;0;0;0;0;0;0;0;0;0;0;0;0;0;0;0;0;0;0;0;0;0;0;0;0;0;0;0;0;0;0;0;0;;;;;;;;;;;;;;;;;;;;;;
31.01.2025;04:13;A 65;1;0;0;0;0;0;0;0;0;0;0;0;100;0;0;0;0;0;0;0;0;0;0;0;0;0;0;0;0;0;0;0;0;0;0;0;0;0;0;0;0;0;0;0;0;0;0;;;;;;;;;;;;;;;;;;;;;;
31.01.2025;04:12;A 65;1;0;0;0;0;0;0;0;0;0;0;0;100;0;0;0;0;0;0;0;0;0;0;0;0;0;0;0;0;0;0;0;0;0;0;0;0;0;0;0;0;0;0;0;0;0;0;;;;;;;;;;;;;;;;;;;;;;
31.01.2025;04:11;A 65;1;0;0;0;0;0;0;0;0;0;0;0;100;0;0;0;0;0;0;0;0;0;0;0;0;0;0;0;0;0;0;0;0;0;0;0;0;0;0;0;0;0;0;0;0;0;0;;;;;;;;;;;;;;;;;;;;;;
31.01.2025;04:10;A 65;1;0;0;0;0;0;0;0;0;0;0;0;100;0;0;0;0;0;0;0;0;0;0;0;0;0;0;0;0;0;0;0;0;0;0;0;0;0;0;0;0;0;0;0;0;0;0;;;;;;;;;;;;;;;;;;;;;;
31.01.2025;04:09;A 65;1;0;0;0;0;0;0;0;0;0;0;0;100;0;0;0;0;0;0;0;0;0;0;0;0;0;0;0;0;0;0;0;0;0;0;0;0;0;0;0;0;0;0;0;0;0;0;;;;;;;;;;;;;;;;;;;;;;
31.01.2025;04:08;A 65;1;0;0;0;0;0;0;0;0;0;0;0;100;0;0;0;0;0;0;0;0;0;0;0;0;0;0;0;0;0;0;0;0;0;0;0;0;0;0;0;0;0;0;0;0;0;0;;;;;;;;;;;;;;;;;;;;;;
31.01.2025;04:07;A 65;1;0;0;0;0;0;0;0;0;0;0;0;100;0;0;0;0;0;0;0;0;0;0;0;0;0;0;0;0;0;0;0;0;0;0;0;0;0;0;0;0;0;0;0;0;0;0;;;;;;;;;;;;;;;;;;;;;;
31.01.2025;04:06;A 65;1;0;0;0;0;0;0;0;0;0;0;0;100;2;4;0;0;0;0;0;0;0;0;0;0;0;0;0;0;0;0;0;0;0;0;0;0;0;0;0;0;0;0;0;0;0;0;;;;;;;;;;;;;;;;;;;;;;
31.01.2025;04:05;A 65;1;0;0;0;0;0;0;0;0;0;0;0;100;0;0;0;0;0;0;0;0;0;0;0;0;0;0;0;0;0;0;0;0;0;0;0;0;0;0;0;0;0;0;0;0;0;0;;;;;;;;;;;;;;;;;;;;;;
31.01.2025;04:04;A 65;1;0;0;0;0;0;0;0;0;0;0;0;100;0;0;0;0;0;0;0;0;0;0;0;0;0;0;0;0;0;0;0;0;0;0;0;0;0;0;0;0;0;0;0;0;0;0;;;;;;;;;;;;;;;;;;;;;;
31.01.2025;04:03;A 65;1;0;0;0;0;0;0;0;0;0;0;0;100;0;0;0;0;0;0;0;0;0;0;0;0;0;0;0;0;0;0;0;0;0;0;0;0;0;0;0;0;0;0;0;0;0;0;;;;;;;;;;;;;;;;;;;;;;
31.01.2025;04:02;A 65;1;0;0;0;0;0;0;0;0;0;0;0;100;0;0;0;0;0;0;0;0;0;0;0;0;0;0;0;0;0;0;0;0;0;0;0;0;0;0;0;0;0;0;0;0;0;0;;;;;;;;;;;;;;;;;;;;;;
31.01.2025;04:01;A 65;1;1;13;1;18;0;0;0;0;0;0;0;100;1;5;0;0;0;0;0;0;0;0;0;0;0;0;0;0;0;0;0;0;0;0;0;0;0;0;0;0;0;0;0;0;0;0;;;;;;;;;;;;;;;;;;;;;;
31.01.2025;04:00;A 65;1;0;0;0;0;0;0;0;0;0;0;0;100;0;0;0;0;0;0;0;0;0;0;0;0;0;0;0;0;0;0;0;0;0;0;0;0;0;0;0;0;0;0;0;0;0;0;;;;;;;;;;;;;;;;;;;;;;
31.01.2025;03:59;A 65;1;0;0;0;0;0;0;0;0;0;0;0;100;0;0;0;0;0;0;0;0;0;0;0;0;0;0;0;0;0;0;0;0;0;0;0;0;0;0;0;0;0;0;0;0;0;0;;;;;;;;;;;;;;;;;;;;;;
31.01.2025;03:58;A 65;1;0;0;0;0;0;0;0;0;0;0;0;100;0;0;0;0;0;0;0;0;0;0;0;0;0;0;0;0;0;0;0;0;0;0;0;0;0;0;0;0;0;0;0;0;0;0;;;;;;;;;;;;;;;;;;;;;;
31.01.2025;03:57;A 65;1;0;0;0;0;0;0;0;0;0;0;0;100;1;5;0;0;0;0;0;0;0;0;0;0;0;0;0;0;0;0;0;0;0;0;0;0;0;0;0;0;0;0;0;0;0;0;;;;;;;;;;;;;;;;;;;;;;
31.01.2025;03:56;A 65;1;0;0;1;3;0;0;0;0;0;0;0;100;0;0;0;0;0;0;0;0;0;0;0;0;0;0;0;0;0;0;0;0;0;0;0;0;0;0;0;0;0;0;0;0;0;0;;;;;;;;;;;;;;;;;;;;;;
31.01.2025;03:55;A 65;1;0;0;0;0;0;0;0;0;0;0;0;100;0;0;0;0;0;0;0;0;0;0;0;0;0;0;0;0;0;0;0;0;0;0;0;0;0;0;0;0;0;0;0;0;0;0;;;;;;;;;;;;;;;;;;;;;;
31.01.2025;03:54;A 65;1;0;0;0;0;0;0;0;0;0;0;0;100;0;0;0;0;0;0;0;0;0;0;0;0;0;0;0;0;0;0;0;0;0;0;0;0;0;0;0;0;0;0;0;0;0;0;;;;;;;;;;;;;;;;;;;;;;
31.01.2025;03:53;A 65;1;0;0;0;0;0;0;0;0;0;0;0;100;0;17;0;0;0;0;0;0;0;0;0;0;0;0;0;0;0;0;0;0;0;0;0;0;0;0;0;0;0;0;0;0;0;0;;;;;;;;;;;;;;;;;;;;;;
31.01.2025;03:52;A 65;1;0;0;0;0;0;0;0;0;0;0;0;100;1;61;0;0;0;0;0;0;0;0;0;0;0;0;0;0;0;0;0;0;0;0;0;0;0;0;0;0;0;0;0;0;0;0;;;;;;;;;;;;;;;;;;;;;;
31.01.2025;03:51;A 65;1;0;0;0;0;0;0;0;0;0;0;0;100;0;0;0;0;0;0;0;0;0;0;0;0;0;0;0;0;0;0;0;0;0;0;0;0;0;0;0;0;0;0;0;0;0;0;;;;;;;;;;;;;;;;;;;;;;
31.01.2025;03:50;A 65;1;0;0;0;0;0;0;0;0;0;0;0;100;0;0;0;0;0;0;0;0;0;0;0;0;0;0;0;0;0;0;0;0;0;0;0;0;0;0;0;0;0;0;0;0;0;0;;;;;;;;;;;;;;;;;;;;;;
31.01.2025;03:49;A 65;1;0;0;0;0;0;0;0;0;0;0;0;100;0;0;0;0;0;0;0;0;0;0;0;0;0;0;0;0;0;0;0;0;0;0;0;0;0;0;0;0;0;0;0;0;0;0;;;;;;;;;;;;;;;;;;;;;;
31.01.2025;03:48;A 65;1;0;0;0;0;0;0;0;0;0;0;0;100;0;0;0;0;0;0;0;0;0;0;0;0;0;0;0;0;0;0;0;0;0;0;0;0;0;0;0;0;0;0;0;0;0;0;;;;;;;;;;;;;;;;;;;;;;
31.01.2025;03:47;A 65;1;1;0;1;3;0;0;0;0;0;0;0;100;0;0;0;0;0;0;0;0;0;0;0;0;0;0;0;0;0;0;0;0;0;0;0;0;0;0;0;0;0;0;0;0;0;0;;;;;;;;;;;;;;;;;;;;;;
31.01.2025;03:46;A 65;1;0;0;0;0;0;0;0;0;0;13;0;100;0;0;0;0;0;0;0;0;0;0;0;0;0;0;0;0;0;0;0;0;0;0;0;0;0;0;0;0;0;0;0;0;0;0;;;;;;;;;;;;;;;;;;;;;;
31.01.2025;03:45;A 65;1;0;0;0;0;0;0;0;0;1;28;0;100;1;4;0;0;0;0;0;0;0;0;0;0;0;0;0;0;0;0;0;0;0;0;0;0;0;0;0;0;0;0;0;0;0;0;;;;;;;;;;;;;;;;;;;;;;
31.01.2025;03:44;A 65;1;0;0;0;0;0;0;0;0;0;0;0;100;0;0;0;0;0;0;0;0;0;0;0;0;0;0;0;0;0;0;0;0;0;0;0;0;0;0;0;0;0;0;0;0;0;0;;;;;;;;;;;;;;;;;;;;;;
31.01.2025;03:43;A 65;1;0;0;0;0;0;0;0;0;0;0;0;100;0;0;0;0;0;0;0;0;0;0;0;0;0;0;0;0;0;0;0;0;0;0;0;0;0;0;0;0;0;0;0;0;0;0;;;;;;;;;;;;;;;;;;;;;;
31.01.2025;03:42;A 65;1;0;0;0;0;0;0;0;0;0;0;0;100;1;3;0;0;0;0;0;0;0;0;0;0;0;0;0;0;0;0;0;0;0;0;0;0;0;0;0;0;0;0;0;0;0;0;;;;;;;;;;;;;;;;;;;;;;
31.01.2025;03:41;A 65;1;0;0;0;0;0;0;0;0;0;0;0;100;0;0;0;0;0;0;0;0;0;0;0;0;0;0;0;0;0;0;0;0;0;0;0;0;0;0;0;0;0;0;0;0;0;0;;;;;;;;;;;;;;;;;;;;;;
31.01.2025;03:40;A 65;1;0;0;0;0;1;23;1;24;1;10;0;100;0;0;0;0;0;0;0;0;0;0;0;0;0;0;0;0;0;0;0;0;0;0;0;0;0;0;0;0;0;0;0;0;0;0;;;;;;;;;;;;;;;;;;;;;;
31.01.2025;03:39;A 65;1;0;0;0;0;0;0;0;0;0;0;0;100;0;0;0;0;0;0;0;0;0;0;0;0;0;0;0;0;0;0;0;0;0;0;0;0;0;0;0;0;0;0;0;0;0;0;;;;;;;;;;;;;;;;;;;;;;
31.01.2025;03:38;A 65;1;0;0;0;0;0;0;0;0;0;0;0;100;0;0;0;0;0;0;0;0;0;0;0;0;0;0;0;0;0;0;0;0;0;0;0;0;0;0;0;0;0;0;0;0;0;0;;;;;;;;;;;;;;;;;;;;;;
31.01.2025;03:37;A 65;1;0;0;0;0;0;0;0;0;0;0;0;100;0;0;0;0;0;0;0;0;0;0;0;0;0;0;0;0;0;0;0;0;0;0;0;0;0;0;0;0;0;0;0;0;0;0;;;;;;;;;;;;;;;;;;;;;;
31.01.2025;03:36;A 65;1;0;0;0;0;0;0;0;0;0;0;0;100;0;0;0;0;0;0;0;0;0;0;0;0;0;0;0;0;0;0;0;0;0;0;0;0;0;0;0;0;0;0;0;0;0;0;;;;;;;;;;;;;;;;;;;;;;
31.01.2025;03:35;A 65;1;0;0;0;0;0;0;0;0;0;0;0;100;0;0;0;0;0;0;0;0;0;0;0;0;0;0;0;0;0;0;0;0;0;0;0;0;0;0;0;0;0;0;0;0;0;0;;;;;;;;;;;;;;;;;;;;;;
31.01.2025;03:34;A 65;1;0;0;0;0;0;0;0;0;0;0;0;100;0;0;0;0;0;0;0;0;0;0;0;0;0;0;0;0;0;0;0;0;0;0;0;0;0;0;0;0;0;0;0;0;0;0;;;;;;;;;;;;;;;;;;;;;;
31.01.2025;03:33;A 65;1;0;0;0;0;0;0;0;0;0;0;0;100;0;0;0;0;0;0;0;0;0;0;0;0;0;0;0;0;0;0;0;0;0;0;0;0;0;0;0;0;0;0;0;0;0;0;;;;;;;;;;;;;;;;;;;;;;
31.01.2025;03:32;A 65;1;0;0;0;0;0;0;0;0;0;0;0;100;0;0;0;0;0;0;0;0;0;0;0;0;0;0;0;0;0;0;0;0;0;0;0;0;0;0;0;0;0;0;0;0;0;0;;;;;;;;;;;;;;;;;;;;;;
31.01.2025;03:31;A 65;1;0;0;0;0;0;0;0;0;0;0;0;100;0;0;0;0;0;0;0;0;0;0;0;0;0;0;0;0;0;0;0;0;0;0;0;0;0;0;0;0;0;0;0;0;0;0;;;;;;;;;;;;;;;;;;;;;;
31.01.2025;03:30;A 65;1;0;0;0;0;0;0;0;0;0;0;0;100;1;5;0;0;0;0;0;0;0;0;0;0;0;0;0;0;0;0;0;0;0;0;0;0;0;0;0;0;0;0;0;0;0;0;;;;;;;;;;;;;;;;;;;;;;
31.01.2025;03:29;A 65;1;0;0;0;0;0;0;0;0;0;0;0;100;0;0;0;0;0;0;0;0;0;0;0;0;0;0;0;0;0;0;0;0;0;0;0;0;0;0;0;0;0;0;0;0;0;0;;;;;;;;;;;;;;;;;;;;;;
31.01.2025;03:28;A 65;1;0;0;0;0;0;0;0;0;0;0;0;100;0;0;0;0;0;0;0;0;0;0;0;0;0;0;0;0;0;0;0;0;0;0;0;0;0;0;0;0;0;0;0;0;0;0;;;;;;;;;;;;;;;;;;;;;;
31.01.2025;03:27;A 65;1;0;0;0;0;0;0;0;0;0;0;0;100;0;0;0;0;0;0;0;0;0;0;0;0;0;0;0;0;0;0;0;0;0;0;0;0;0;0;0;0;0;0;0;0;0;0;;;;;;;;;;;;;;;;;;;;;;
31.01.2025;03:26;A 65;1;0;0;0;0;0;0;0;0;0;0;0;100;0;0;0;0;0;0;0;0;0;0;0;0;0;0;0;0;0;0;0;0;0;0;0;0;0;0;0;0;0;0;0;0;0;0;;;;;;;;;;;;;;;;;;;;;;
31.01.2025;03:25;A 65;1;0;0;0;0;0;0;0;0;0;0;0;100;0;0;0;0;0;0;0;0;0;0;0;0;0;0;0;0;0;0;0;0;0;0;0;0;0;0;0;0;0;0;0;0;0;0;;;;;;;;;;;;;;;;;;;;;;
31.01.2025;03:24;A 65;1;0;0;0;0;0;0;0;0;0;0;0;100;0;0;0;0;0;0;0;0;0;0;0;0;0;0;0;0;0;0;0;0;0;0;0;0;0;0;0;0;0;0;0;0;0;0;;;;;;;;;;;;;;;;;;;;;;
31.01.2025;03:23;A 65;1;0;0;0;0;0;0;0;0;0;0;0;100;0;0;0;0;0;0;0;0;0;0;0;0;0;0;0;0;0;0;0;0;0;0;0;0;0;0;0;0;0;0;0;0;0;0;;;;;;;;;;;;;;;;;;;;;;
31.01.2025;03:22;A 65;1;0;0;0;0;0;0;0;0;0;0;0;100;0;0;0;0;0;0;0;0;0;0;0;0;0;0;0;0;0;0;0;0;0;0;0;0;0;0;0;0;0;0;0;0;0;0;;;;;;;;;;;;;;;;;;;;;;
31.01.2025;03:21;A 65;1;0;0;0;0;0;0;0;0;0;0;0;100;0;0;0;0;0;0;0;0;0;0;0;0;0;0;0;0;0;0;0;0;0;0;0;0;0;0;0;0;0;0;0;0;0;0;;;;;;;;;;;;;;;;;;;;;;
31.01.2025;03:20;A 65;1;0;0;0;0;0;0;0;0;0;0;0;100;0;0;0;0;0;0;0;0;0;0;0;0;0;0;0;0;0;0;0;0;0;0;0;0;0;0;0;0;0;0;0;0;0;0;;;;;;;;;;;;;;;;;;;;;;
31.01.2025;03:19;A 65;1;0;0;0;0;0;0;0;0;0;0;0;100;0;0;0;0;0;0;0;0;0;0;0;0;0;0;0;0;0;0;0;0;0;0;0;0;0;0;0;0;0;0;0;0;0;0;;;;;;;;;;;;;;;;;;;;;;
31.01.2025;03:18;A 65;1;0;0;0;0;0;0;0;0;0;0;0;100;0;0;0;0;0;0;0;0;0;0;0;0;0;0;0;0;0;0;0;0;0;0;0;0;0;0;0;0;0;0;0;0;0;0;;;;;;;;;;;;;;;;;;;;;;
31.01.2025;03:17;A 65;1;0;0;1;4;0;0;0;0;0;0;0;100;0;0;0;0;0;0;0;0;0;0;0;0;0;0;0;0;0;0;0;0;0;0;0;0;0;0;0;0;0;0;0;0;0;0;;;;;;;;;;;;;;;;;;;;;;
31.01.2025;03:16;A 65;1;0;0;2;9;0;0;0;0;0;0;0;100;0;0;0;0;0;0;0;0;0;0;0;0;0;0;0;0;0;0;0;0;0;0;0;0;0;0;0;0;0;0;0;0;0;0;;;;;;;;;;;;;;;;;;;;;;
31.01.2025;03:15;A 65;1;0;0;0;0;0;0;0;0;0;0;0;100;1;5;0;0;0;0;0;0;0;0;0;0;0;0;0;0;0;0;0;0;0;0;0;0;0;0;0;0;0;0;0;0;0;0;;;;;;;;;;;;;;;;;;;;;;
31.01.2025;03:14;A 65;1;0;0;0;0;0;0;0;0;0;0;0;100;0;0;0;0;0;0;0;0;0;0;0;0;0;0;0;0;0;0;0;0;0;0;0;0;0;0;0;0;0;0;0;0;0;0;;;;;;;;;;;;;;;;;;;;;;
31.01.2025;03:13;A 65;1;1;2;2;8;0;0;0;0;0;0;0;100;0;0;0;0;0;0;0;0;0;0;0;0;0;0;0;0;0;0;0;0;0;0;0;0;0;0;0;0;0;0;0;0;0;0;;;;;;;;;;;;;;;;;;;;;;
31.01.2025;03:12;A 65;1;0;0;0;0;0;0;0;0;0;0;0;100;0;0;0;0;0;0;0;0;0;0;0;0;0;0;0;0;0;0;0;0;0;0;0;0;0;0;0;0;0;0;0;0;0;0;;;;;;;;;;;;;;;;;;;;;;
31.01.2025;03:11;A 65;1;0;0;0;0;0;0;0;0;0;0;0;100;0;0;0;0;0;0;0;0;0;0;0;0;0;0;0;0;0;0;0;0;0;0;0;0;0;0;0;0;0;0;0;0;0;0;;;;;;;;;;;;;;;;;;;;;;
31.01.2025;03:10;A 65;1;0;0;0;0;0;0;0;0;0;0;0;100;0;0;0;0;0;0;0;0;0;0;0;0;0;0;0;0;0;0;0;0;0;0;0;0;0;0;0;0;0;0;0;0;0;0;;;;;;;;;;;;;;;;;;;;;;
31.01.2025;03:09;A 65;1;1;1;1;5;0;0;0;0;0;0;0;100;0;0;0;0;0;0;0;0;0;0;0;0;0;0;0;0;0;0;0;0;0;0;0;0;0;0;0;0;0;0;0;0;0;0;;;;;;;;;;;;;;;;;;;;;;
31.01.2025;03:08;A 65;1;0;0;0;0;0;0;0;0;0;0;0;100;0;0;0;0;0;0;0;0;0;0;0;0;0;0;0;0;0;0;0;0;0;0;0;0;0;0;0;0;0;0;0;0;0;0;;;;;;;;;;;;;;;;;;;;;;
31.01.2025;03:07;A 65;1;0;0;0;0;0;0;0;0;0;0;0;100;0;0;0;0;0;0;0;0;0;0;0;0;0;0;0;0;0;0;0;0;0;0;0;0;0;0;0;0;0;0;0;0;0;0;;;;;;;;;;;;;;;;;;;;;;
31.01.2025;03:06;A 65;1;0;0;0;0;0;0;0;0;0;0;0;100;0;0;0;0;0;0;0;0;0;0;0;0;0;0;0;0;0;0;0;0;0;0;0;0;0;0;0;0;0;0;0;0;0;0;;;;;;;;;;;;;;;;;;;;;;
31.01.2025;03:05;A 65;1;0;0;0;0;0;0;0;0;0;0;0;100;0;0;0;0;0;0;0;0;0;0;0;0;0;0;0;0;0;0;0;0;0;0;0;0;0;0;0;0;0;0;0;0;0;0;;;;;;;;;;;;;;;;;;;;;;
31.01.2025;03:04;A 65;1;0;0;0;0;0;0;0;0;0;0;0;100;0;0;0;0;0;0;0;0;0;0;0;0;0;0;0;0;0;0;0;0;0;0;0;0;0;0;0;0;0;0;0;0;0;0;;;;;;;;;;;;;;;;;;;;;;
31.01.2025;03:03;A 65;1;0;0;0;0;0;0;0;0;0;0;0;100;0;0;0;0;0;0;0;0;0;0;0;0;0;0;0;0;0;0;0;0;0;0;0;0;0;0;0;0;0;0;0;0;0;0;;;;;;;;;;;;;;;;;;;;;;
31.01.2025;03:02;A 65;1;0;0;0;0;0;0;0;0;0;0;0;100;0;0;0;0;0;0;0;0;0;0;0;0;0;0;0;0;0;0;0;0;0;0;0;0;0;0;0;0;0;0;0;0;0;0;;;;;;;;;;;;;;;;;;;;;;
31.01.2025;03:01;A 65;1;0;0;0;0;0;0;0;0;0;0;0;100;0;0;0;0;0;0;0;0;0;0;0;0;0;0;0;0;0;0;0;0;0;0;0;0;0;0;0;0;0;0;0;0;0;0;;;;;;;;;;;;;;;;;;;;;;
31.01.2025;03:00;A 65;1;1;0;1;5;0;0;0;0;0;0;0;100;0;0;0;0;0;0;0;0;0;0;0;0;0;0;0;0;0;0;0;0;0;0;0;0;0;0;0;0;0;0;0;0;0;0;;;;;;;;;;;;;;;;;;;;;;
31.01.2025;02:59;A 65;1;0;0;0;0;0;0;0;0;0;0;0;100;0;0;0;0;0;0;0;0;0;0;0;0;0;0;0;0;0;0;0;0;0;0;0;0;0;0;0;0;0;0;0;0;0;0;;;;;;;;;;;;;;;;;;;;;;
31.01.2025;02:58;A 65;1;0;0;0;0;0;0;0;0;0;0;0;100;0;0;0;0;0;0;0;0;0;0;0;0;0;0;0;0;0;0;0;0;0;0;0;0;0;0;0;0;0;0;0;0;0;0;;;;;;;;;;;;;;;;;;;;;;
31.01.2025;02:57;A 65;1;0;0;0;0;0;0;0;0;0;0;0;100;0;0;0;0;0;0;0;0;0;0;0;0;0;0;0;0;0;0;0;0;0;0;0;0;0;0;0;0;0;0;0;0;0;0;;;;;;;;;;;;;;;;;;;;;;
31.01.2025;02:56;A 65;1;0;0;0;0;0;0;0;0;0;0;0;100;1;6;0;0;0;0;0;0;0;0;0;0;0;0;0;0;0;0;0;0;0;0;0;0;0;0;0;0;0;0;0;0;0;0;;;;;;;;;;;;;;;;;;;;;;
31.01.2025;02:55;A 65;1;0;0;0;0;0;0;0;0;0;0;0;100;0;0;0;0;0;0;0;0;0;0;0;0;0;0;0;0;0;0;0;0;0;0;0;0;0;0;0;0;0;0;0;0;0;0;;;;;;;;;;;;;;;;;;;;;;
31.01.2025;02:54;A 65;1;0;0;0;0;0;0;0;0;0;0;0;100;0;0;0;0;0;0;0;0;0;0;0;0;0;0;0;0;0;0;0;0;0;0;0;0;0;0;0;0;0;0;0;0;0;0;;;;;;;;;;;;;;;;;;;;;;
31.01.2025;02:53;A 65;1;0;0;0;0;0;0;0;0;0;0;0;100;0;0;0;0;0;0;0;0;0;0;0;0;0;0;0;0;0;0;0;0;0;0;0;0;0;0;0;0;0;0;0;0;0;0;;;;;;;;;;;;;;;;;;;;;;
31.01.2025;02:52;A 65;1;0;0;0;0;0;0;0;0;0;0;0;100;0;0;0;0;0;0;0;0;0;0;0;0;0;0;0;0;0;0;0;0;0;0;0;0;0;0;0;0;0;0;0;0;0;0;;;;;;;;;;;;;;;;;;;;;;
31.01.2025;02:51;A 65;1;0;0;0;0;0;0;0;0;0;0;0;100;0;0;0;0;0;0;0;0;0;0;0;0;0;0;0;0;0;0;0;0;0;0;0;0;0;0;0;0;0;0;0;0;0;0;;;;;;;;;;;;;;;;;;;;;;
31.01.2025;02:50;A 65;1;0;0;0;0;0;0;0;0;0;0;0;100;0;0;1;28;1;27;1;6;0;0;0;0;0;0;0;0;0;0;0;0;0;0;0;0;0;0;0;0;0;0;0;0;0;0;;;;;;;;;;;;;;;;;;;;;;
31.01.2025;02:49;A 65;1;0;0;0;0;0;0;0;0;0;0;0;100;1;3;0;0;0;0;0;0;0;0;0;0;0;0;0;0;0;0;0;0;0;0;0;0;0;0;0;0;0;0;0;0;0;0;;;;;;;;;;;;;;;;;;;;;;
31.01.2025;02:48;A 65;1;0;0;0;0;0;0;0;0;0;0;0;100;0;4;0;0;0;0;0;0;0;0;0;0;0;0;0;0;0;0;0;0;0;0;0;0;0;0;0;0;0;0;0;0;0;0;;;;;;;;;;;;;;;;;;;;;;
31.01.2025;02:47;A 65;1;1;0;1;4;0;0;0;0;0;0;0;100;1;0;0;0;0;0;0;0;0;0;0;0;0;0;0;0;0;0;0;0;0;0;0;0;0;0;0;0;0;0;0;0;0;0;;;;;;;;;;;;;;;;;;;;;;
31.01.2025;02:46;A 65;1;0;0;0;0;0;0;0;0;0;0;0;100;0;0;0;0;0;0;0;0;0;0;0;0;0;0;0;0;0;0;0;0;0;0;0;0;0;0;0;0;0;0;0;0;0;0;;;;;;;;;;;;;;;;;;;;;;
31.01.2025;02:45;A 65;1;0;0;0;0;0;0;0;0;0;0;0;100;0;0;0;0;0;0;0;0;0;0;0;0;0;0;0;0;0;0;0;0;0;0;0;0;0;0;0;0;0;0;0;0;0;0;;;;;;;;;;;;;;;;;;;;;;
31.01.2025;02:44;A 65;1;0;0;0;0;0;0;0;0;0;0;0;100;0;0;0;0;0;0;0;0;0;0;0;0;0;0;0;0;0;0;0;0;0;0;0;0;0;0;0;0;0;0;0;0;0;0;;;;;;;;;;;;;;;;;;;;;;
31.01.2025;02:43;A 65;1;0;0;0;0;0;0;0;0;0;0;0;100;0;0;0;0;0;0;0;0;0;0;0;0;0;0;0;0;0;0;0;0;0;0;0;0;0;0;0;0;0;0;0;0;0;0;;;;;;;;;;;;;;;;;;;;;;
31.01.2025;02:42;A 65;1;0;0;0;0;0;0;0;0;0;0;0;100;0;0;0;0;0;0;0;0;0;0;0;0;0;0;0;0;0;0;0;0;0;0;0;0;0;0;0;0;0;0;0;0;0;0;;;;;;;;;;;;;;;;;;;;;;
31.01.2025;02:41;A 65;1;0;0;0;0;0;0;0;0;0;0;0;100;0;0;0;0;0;0;0;0;0;0;0;0;0;0;0;0;0;0;0;0;0;0;0;0;0;0;0;0;0;0;0;0;0;0;;;;;;;;;;;;;;;;;;;;;;
31.01.2025;02:40;A 65;1;0;0;0;0;0;0;0;0;0;0;0;100;0;0;0;0;0;0;0;0;0;0;0;0;0;0;0;0;0;0;0;0;0;0;0;0;0;0;0;0;0;0;0;0;0;0;;;;;;;;;;;;;;;;;;;;;;
31.01.2025;02:39;A 65;1;0;0;0;0;0;0;0;0;0;0;0;100;0;0;0;0;0;0;0;0;0;0;0;0;0;0;0;0;0;0;0;0;0;0;0;0;0;0;0;0;0;0;0;0;0;0;;;;;;;;;;;;;;;;;;;;;;
31.01.2025;02:38;A 65;1;0;0;0;0;0;0;0;0;0;0;0;100;0;0;0;0;0;0;0;0;0;0;0;0;0;0;0;0;0;0;0;0;0;0;0;0;0;0;0;0;0;0;0;0;0;0;;;;;;;;;;;;;;;;;;;;;;
31.01.2025;02:37;A 65;1;0;0;0;0;0;0;0;0;0;0;0;100;0;0;0;0;0;0;0;0;0;0;0;0;0;0;0;0;0;0;0;0;0;0;0;0;0;0;0;0;0;0;0;0;0;0;;;;;;;;;;;;;;;;;;;;;;
31.01.2025;02:36;A 65;1;0;0;0;0;0;0;0;0;0;0;0;100;0;0;0;0;0;0;0;0;0;0;0;0;0;0;0;0;0;0;0;0;0;0;0;0;0;0;0;0;0;0;0;0;0;0;;;;;;;;;;;;;;;;;;;;;;
31.01.2025;02:35;A 65;1;0;0;0;0;1;2;1;22;1;12;0;100;0;0;0;0;0;0;0;0;0;0;0;0;0;0;0;0;0;0;0;0;0;0;0;0;0;0;0;0;0;0;0;0;0;0;;;;;;;;;;;;;;;;;;;;;;
31.01.2025;02:34;A 65;1;0;0;0;0;0;0;0;0;0;0;0;100;0;0;0;0;0;0;0;0;0;0;0;0;0;0;0;0;0;0;0;0;0;0;0;0;0;0;0;0;0;0;0;0;0;0;;;;;;;;;;;;;;;;;;;;;;
31.01.2025;02:33;A 65;1;0;0;0;0;0;0;0;0;0;0;0;100;0;0;0;0;0;0;0;0;0;0;0;0;0;0;0;0;0;0;0;0;0;0;0;0;0;0;0;0;0;0;0;0;0;0;;;;;;;;;;;;;;;;;;;;;;
31.01.2025;02:32;A 65;1;0;0;0;0;0;0;0;0;0;0;0;100;1;5;0;0;0;0;0;0;0;0;0;0;0;0;0;0;0;0;0;0;0;0;0;0;0;0;0;0;0;0;0;0;0;0;;;;;;;;;;;;;;;;;;;;;;
31.01.2025;02:31;A 65;1;0;0;0;0;0;0;0;0;0;0;0;100;0;0;0;0;0;0;0;0;0;0;0;0;0;0;0;0;0;0;0;0;0;0;0;0;0;0;0;0;0;0;0;0;0;0;;;;;;;;;;;;;;;;;;;;;;
31.01.2025;02:30;A 65;1;0;0;2;4;0;0;0;0;0;0;0;100;0;0;0;0;0;0;0;0;0;0;0;0;0;0;0;0;0;0;0;0;0;0;0;0;0;0;0;0;0;0;0;0;0;0;;;;;;;;;;;;;;;;;;;;;;
31.01.2025;02:29;A 65;1;1;0;1;3;0;0;0;0;0;0;0;100;0;0;0;0;0;0;0;0;0;0;0;0;0;0;0;0;0;0;0;0;0;0;0;0;0;0;0;0;0;0;0;0;0;0;;;;;;;;;;;;;;;;;;;;;;
31.01.2025;02:28;A 65;1;0;0;0;0;0;0;0;0;0;0;0;100;0;0;0;0;0;0;0;0;0;0;0;0;0;0;0;0;0;0;0;0;0;0;0;0;0;0;0;0;0;0;0;0;0;0;;;;;;;;;;;;;;;;;;;;;;
31.01.2025;02:27;A 65;1;0;0;0;0;0;0;0;0;0;0;0;100;0;0;0;0;0;0;0;0;0;0;0;0;0;0;0;0;0;0;0;0;0;0;0;0;0;0;0;0;0;0;0;0;0;0;;;;;;;;;;;;;;;;;;;;;;
31.01.2025;02:26;A 65;1;0;0;0;0;0;0;0;0;0;0;0;100;0;0;0;0;0;0;0;0;0;0;0;0;0;0;0;0;0;0;0;0;0;0;0;0;0;0;0;0;0;0;0;0;0;0;;;;;;;;;;;;;;;;;;;;;;
31.01.2025;02:25;A 65;1;0;0;0;0;0;0;0;0;0;0;0;100;0;0;0;0;0;0;0;0;0;0;0;0;0;0;0;0;0;0;0;0;0;0;0;0;0;0;0;0;0;0;0;0;0;0;;;;;;;;;;;;;;;;;;;;;;
31.01.2025;02:24;A 65;1;1;0;1;4;0;0;0;0;0;0;0;100;0;0;0;0;0;0;0;0;0;0;0;0;0;0;0;0;0;0;0;0;0;0;0;0;0;0;0;0;0;0;0;0;0;0;;;;;;;;;;;;;;;;;;;;;;
31.01.2025;02:23;A 65;1;0;0;0;0;0;0;0;0;0;0;0;100;0;0;0;0;0;0;0;0;0;0;0;0;0;0;0;0;0;0;0;0;0;0;0;0;0;0;0;0;0;0;0;0;0;0;;;;;;;;;;;;;;;;;;;;;;
31.01.2025;02:22;A 65;1;0;0;0;0;0;0;0;0;0;0;0;100;0;0;0;0;0;0;0;0;0;0;0;0;0;0;0;0;0;0;0;0;0;0;0;0;0;0;0;0;0;0;0;0;0;0;;;;;;;;;;;;;;;;;;;;;;
31.01.2025;02:21;A 65;1;0;0;0;0;0;0;0;0;0;0;0;100;0;0;0;0;0;0;0;0;0;0;0;0;0;0;0;0;0;0;0;0;0;0;0;0;0;0;0;0;0;0;0;0;0;0;;;;;;;;;;;;;;;;;;;;;;
31.01.2025;02:20;A 65;1;0;0;0;0;0;0;0;0;0;0;0;100;0;0;0;0;0;0;0;0;0;0;0;0;0;0;0;0;0;0;0;0;0;0;0;0;0;0;0;0;0;0;0;0;0;0;;;;;;;;;;;;;;;;;;;;;;
31.01.2025;02:19;A 65;1;0;0;0;0;0;0;0;0;0;0;0;100;0;0;0;0;0;0;0;0;0;0;0;0;0;0;0;0;0;0;0;0;0;0;0;0;0;0;0;0;0;0;0;0;0;0;;;;;;;;;;;;;;;;;;;;;;
31.01.2025;02:18;A 65;1;0;0;0;0;0;0;0;0;0;0;0;100;0;0;0;0;0;0;0;0;0;0;0;0;0;0;0;0;0;0;0;0;0;0;0;0;0;0;0;0;0;0;0;0;0;0;;;;;;;;;;;;;;;;;;;;;;
31.01.2025;02:17;A 65;1;0;0;0;0;0;0;0;0;0;0;0;100;1;6;0;0;0;0;0;0;0;0;0;0;0;0;0;0;0;0;0;0;0;0;0;0;0;0;0;0;0;0;0;0;0;0;;;;;;;;;;;;;;;;;;;;;;
31.01.2025;02:16;A 65;1;0;0;0;0;0;0;0;0;0;0;0;100;0;0;0;0;0;0;0;0;0;0;0;0;0;0;0;0;0;0;0;0;0;0;0;0;0;0;0;0;0;0;0;0;0;0;;;;;;;;;;;;;;;;;;;;;;
31.01.2025;02:15;A 65;1;0;0;0;0;0;0;0;0;0;0;0;100;0;0;0;0;0;0;0;0;0;0;0;0;0;0;0;0;0;0;0;0;0;0;0;0;0;0;0;0;0;0;0;0;0;0;;;;;;;;;;;;;;;;;;;;;;
31.01.2025;02:14;A 65;1;0;0;0;0;0;0;0;0;0;0;0;100;0;0;0;0;0;0;0;0;0;0;0;0;0;0;0;0;0;0;0;0;0;0;0;0;0;0;0;0;0;0;0;0;0;0;;;;;;;;;;;;;;;;;;;;;;
31.01.2025;02:13;A 65;1;0;0;0;0;0;0;0;0;0;0;0;100;0;0;0;0;0;0;0;0;0;0;0;0;0;0;0;0;0;0;0;0;0;0;0;0;0;0;0;0;0;0;0;0;0;0;;;;;;;;;;;;;;;;;;;;;;
31.01.2025;02:12;A 65;1;0;0;0;0;0;0;0;0;0;0;0;100;1;4;0;0;0;0;0;0;0;0;0;0;0;0;0;0;0;0;0;0;0;0;0;0;0;0;0;0;0;0;0;0;0;0;;;;;;;;;;;;;;;;;;;;;;
31.01.2025;02:11;A 65;1;0;0;0;0;0;0;0;0;0;0;0;100;0;0;0;0;0;0;0;0;0;0;0;0;0;0;0;0;0;0;0;0;0;0;0;0;0;0;0;0;0;0;0;0;0;0;;;;;;;;;;;;;;;;;;;;;;
31.01.2025;02:10;A 65;1;0;0;0;0;0;0;0;0;0;0;0;100;0;0;0;0;0;0;0;0;0;0;0;0;0;0;0;0;0;0;0;0;0;0;0;0;0;0;0;0;0;0;0;0;0;0;;;;;;;;;;;;;;;;;;;;;;
31.01.2025;02:09;A 65;1;0;0;0;0;0;0;0;0;0;0;0;100;0;0;0;0;0;0;0;0;0;0;0;0;0;0;0;0;0;0;0;0;0;0;0;0;0;0;0;0;0;0;0;0;0;0;;;;;;;;;;;;;;;;;;;;;;
31.01.2025;02:08;A 65;1;0;0;0;0;0;0;0;0;0;0;0;100;0;0;0;0;0;0;0;0;0;0;0;0;0;0;0;0;0;0;0;0;0;0;0;0;0;0;0;0;0;0;0;0;0;0;;;;;;;;;;;;;;;;;;;;;;
31.01.2025;02:07;A 65;1;0;0;0;0;0;0;0;0;0;0;0;100;0;0;0;0;0;0;0;0;0;0;0;0;0;0;0;0;0;0;0;0;0;0;0;0;0;0;0;0;0;0;0;0;0;0;;;;;;;;;;;;;;;;;;;;;;
31.01.2025;02:06;A 65;1;0;0;0;0;0;0;0;0;0;0;0;100;0;0;0;0;0;0;0;0;0;0;0;0;0;0;0;0;0;0;0;0;0;0;0;0;0;0;0;0;0;0;0;0;0;0;;;;;;;;;;;;;;;;;;;;;;
31.01.2025;02:05;A 65;1;0;0;0;0;0;0;0;0;0;0;0;100;0;0;0;0;0;0;0;0;0;0;0;0;0;0;0;0;0;0;0;0;0;0;0;0;0;0;0;0;0;0;0;0;0;0;;;;;;;;;;;;;;;;;;;;;;
31.01.2025;02:04;A 65;1;0;0;0;0;0;0;0;0;0;0;0;100;1;5;0;0;0;0;0;0;0;0;0;0;0;0;0;0;0;0;0;0;0;0;0;0;0;0;0;0;0;0;0;0;0;0;;;;;;;;;;;;;;;;;;;;;;
31.01.2025;02:03;A 65;1;0;0;0;0;0;0;0;0;0;0;0;100;0;0;0;0;0;0;0;0;0;0;0;0;0;0;0;0;0;0;0;0;0;0;0;0;0;0;0;0;0;0;0;0;0;0;;;;;;;;;;;;;;;;;;;;;;
31.01.2025;02:02;A 65;1;0;0;0;0;0;0;0;0;0;0;0;100;0;0;0;0;0;0;0;0;0;0;0;0;0;0;0;0;0;0;0;0;0;0;0;0;0;0;0;0;0;0;0;0;0;0;;;;;;;;;;;;;;;;;;;;;;
31.01.2025;02:01;A 65;1;0;0;0;0;0;0;0;0;0;0;0;100;0;0;0;0;0;0;0;0;0;0;0;0;0;0;0;0;0;0;0;0;0;0;0;0;0;0;0;0;0;0;0;0;0;0;;;;;;;;;;;;;;;;;;;;;;
31.01.2025;02:00;A 65;1;0;0;0;0;0;0;0;0;0;0;0;100;1;4;0;0;0;0;0;0;0;0;0;0;0;0;0;0;0;0;0;0;0;0;0;0;0;0;0;0;0;0;0;0;0;0;;;;;;;;;;;;;;;;;;;;;;
31.01.2025;01:59;A 65;1;0;0;0;0;0;0;0;0;0;0;0;100;0;0;0;0;0;0;0;0;0;0;0;0;0;0;0;0;0;0;0;0;0;0;0;0;0;0;0;0;0;0;0;0;0;0;;;;;;;;;;;;;;;;;;;;;;
31.01.2025;01:58;A 65;1;0;0;0;0;0;0;0;0;0;0;0;100;1;6;0;0;0;0;0;20;0;0;0;0;0;0;0;0;0;0;0;0;0;0;0;0;0;0;0;0;0;0;0;0;0;0;;;;;;;;;;;;;;;;;;;;;;
31.01.2025;01:57;A 65;1;0;0;0;0;0;0;0;0;0;0;0;100;0;0;0;0;0;0;0;100;0;0;0;0;0;0;0;0;0;0;0;0;0;0;0;0;0;0;0;0;0;0;0;0;0;0;;;;;;;;;;;;;;;;;;;;;;
31.01.2025;01:56;A 65;1;0;0;0;0;0;0;0;0;0;0;0;100;0;0;1;28;1;25;3;53;0;0;0;0;0;0;0;0;0;0;0;0;0;0;0;0;0;0;0;0;0;0;0;0;0;0;;;;;;;;;;;;;;;;;;;;;;
31.01.2025;01:55;A 65;1;0;0;0;0;0;0;0;0;0;0;0;100;0;0;0;0;0;0;0;0;0;0;0;0;0;0;0;0;0;0;0;0;0;0;0;0;0;0;0;0;0;0;0;0;0;0;;;;;;;;;;;;;;;;;;;;;;
31.01.2025;01:54;A 65;1;0;0;0;0;0;0;0;0;0;0;0;100;1;5;0;0;0;0;0;0;0;0;0;0;0;0;0;0;0;0;0;0;0;0;0;0;0;0;0;0;0;0;0;0;0;0;;;;;;;;;;;;;;;;;;;;;;
31.01.2025;01:53;A 65;1;0;0;0;0;0;0;0;0;0;0;0;100;1;3;0;0;0;0;0;0;0;0;0;0;0;0;0;0;0;0;0;0;0;0;0;0;0;0;0;0;0;0;0;0;0;0;;;;;;;;;;;;;;;;;;;;;;
31.01.2025;01:52;A 65;1;0;0;0;0;0;0;0;0;0;0;0;100;0;0;0;0;0;0;0;0;0;0;0;0;0;0;0;0;0;0;0;0;0;0;0;0;0;0;0;0;0;0;0;0;0;0;;;;;;;;;;;;;;;;;;;;;;
31.01.2025;01:51;A 65;1;0;0;0;0;0;0;1;26;1;5;0;100;0;0;0;0;0;0;0;0;0;0;0;0;0;0;0;0;0;0;0;0;0;0;0;0;0;0;0;0;0;0;0;0;0;0;;;;;;;;;;;;;;;;;;;;;;
31.01.2025;01:50;A 65;1;0;0;0;0;0;0;0;0;0;0;0;100;0;0;0;0;0;0;0;0;0;0;0;0;0;0;0;0;0;0;0;0;0;0;0;0;0;0;0;0;0;0;0;0;0;0;;;;;;;;;;;;;;;;;;;;;;
31.01.2025;01:49;A 65;1;0;0;0;0;0;7;0;6;0;0;0;100;1;4;0;0;0;0;0;0;0;0;0;0;0;0;0;0;0;0;0;0;0;0;0;0;0;0;0;0;0;0;0;0;0;0;;;;;;;;;;;;;;;;;;;;;;
31.01.2025;01:48;A 65;1;0;0;0;0;1;18;1;20;1;9;0;100;0;0;0;0;0;0;0;0;0;0;0;0;0;0;0;0;0;0;0;0;0;0;0;0;0;0;0;0;0;0;0;0;0;0;;;;;;;;;;;;;;;;;;;;;;
31.01.2025;01:47;A 65;1;0;0;0;0;0;0;0;0;0;0;0;100;1;2;0;0;0;0;0;0;0;0;0;0;0;0;0;0;0;0;0;0;0;0;0;0;0;0;0;0;0;0;0;0;0;0;;;;;;;;;;;;;;;;;;;;;;
31.01.2025;01:46;A 65;1;0;0;0;0;0;0;0;0;0;0;0;100;0;0;0;0;0;0;0;0;0;0;0;0;0;0;0;0;0;0;0;0;0;0;0;0;0;0;0;0;0;0;0;0;0;0;;;;;;;;;;;;;;;;;;;;;;
31.01.2025;01:45;A 65;1;0;0;0;0;0;0;0;0;0;0;0;100;0;0;0;0;0;0;0;0;0;0;0;0;0;0;0;0;0;0;0;0;0;0;0;0;0;0;0;0;0;0;0;0;0;0;;;;;;;;;;;;;;;;;;;;;;
31.01.2025;01:44;A 65;1;0;0;0;0;0;0;0;0;0;0;0;100;0;0;0;0;0;0;0;0;0;0;0;0;0;0;0;0;0;0;0;0;0;0;0;0;0;0;0;0;0;0;0;0;0;0;;;;;;;;;;;;;;;;;;;;;;
31.01.2025;01:43;A 65;1;0;0;0;0;0;0;0;0;0;0;0;100;0;0;0;0;0;0;0;0;0;0;0;0;0;0;0;0;0;0;0;0;0;0;0;0;0;0;0;0;0;0;0;0;0;0;;;;;;;;;;;;;;;;;;;;;;
31.01.2025;01:42;A 65;1;0;0;0;0;0;0;0;0;0;0;0;100;0;0;0;0;0;0;0;0;0;0;0;0;0;0;0;0;0;0;0;0;0;0;0;0;0;0;0;0;0;0;0;0;0;0;;;;;;;;;;;;;;;;;;;;;;
31.01.2025;01:41;A 65;1;0;0;0;0;0;0;0;0;0;0;0;100;1;4;0;0;0;0;0;0;0;0;0;0;0;0;0;0;0;0;0;0;0;0;0;0;0;0;0;0;0;0;0;0;0;0;;;;;;;;;;;;;;;;;;;;;;
31.01.2025;01:40;A 65;1;0;0;0;0;0;0;0;0;0;0;0;100;0;0;0;0;0;0;0;0;0;0;0;0;0;0;0;0;0;0;0;0;0;0;0;0;0;0;0;0;0;0;0;0;0;0;;;;;;;;;;;;;;;;;;;;;;
31.01.2025;01:39;A 65;1;0;0;0;0;0;0;0;0;0;0;0;100;0;0;0;0;0;0;0;0;0;0;0;0;0;0;0;0;0;0;0;0;0;0;0;0;0;0;0;0;0;0;0;0;0;0;;;;;;;;;;;;;;;;;;;;;;
31.01.2025;01:38;A 65;1;0;0;0;0;0;0;0;0;0;0;0;100;0;0;0;0;0;0;0;0;0;0;0;0;0;0;0;0;0;0;0;0;0;0;0;0;0;0;0;0;0;0;0;0;0;0;;;;;;;;;;;;;;;;;;;;;;
31.01.2025;01:37;A 65;1;0;0;0;0;0;0;0;0;0;0;0;100;0;0;0;0;0;0;0;0;0;0;0;0;0;0;0;0;0;0;0;0;0;0;0;0;0;0;0;0;0;0;0;0;0;0;;;;;;;;;;;;;;;;;;;;;;
31.01.2025;01:36;A 65;1;0;0;0;0;0;0;0;0;0;0;0;100;0;0;0;0;0;0;0;0;0;0;0;0;0;0;0;0;0;0;0;0;0;0;0;0;0;0;0;0;0;0;0;0;0;0;;;;;;;;;;;;;;;;;;;;;;
31.01.2025;01:35;A 65;1;0;0;0;0;0;0;0;0;0;0;0;100;0;0;0;0;0;0;0;0;0;0;0;0;0;0;0;0;0;0;0;0;0;0;0;0;0;0;0;0;0;0;0;0;0;0;;;;;;;;;;;;;;;;;;;;;;
31.01.2025;01:34;A 65;1;0;0;0;0;0;0;0;0;0;0;0;100;0;0;0;0;0;0;0;0;0;0;0;0;0;0;0;0;0;0;0;0;0;0;0;0;0;0;0;0;0;0;0;0;0;0;;;;;;;;;;;;;;;;;;;;;;
31.01.2025;01:33;A 65;1;0;0;0;0;0;0;0;0;0;0;0;100;0;0;0;0;0;0;0;0;0;0;0;0;0;0;0;0;0;0;0;0;0;0;0;0;0;0;0;0;0;0;0;0;0;0;;;;;;;;;;;;;;;;;;;;;;
31.01.2025;01:32;A 65;1;1;0;1;4;0;0;0;0;0;0;0;100;0;0;0;0;0;0;0;0;0;0;0;0;0;0;0;0;0;0;0;0;0;0;0;0;0;0;0;0;0;0;0;0;0;0;;;;;;;;;;;;;;;;;;;;;;
31.01.2025;01:31;A 65;1;0;0;0;0;0;0;0;0;0;0;0;100;0;0;0;0;0;0;0;0;0;0;0;0;0;0;0;0;0;0;0;0;0;0;0;0;0;0;0;0;0;0;0;0;0;0;;;;;;;;;;;;;;;;;;;;;;
31.01.2025;01:30;A 65;1;0;0;0;0;0;0;0;0;0;0;0;100;0;0;0;0;0;0;0;0;0;0;0;0;0;0;0;0;0;0;0;0;0;0;0;0;0;0;0;0;0;0;0;0;0;0;;;;;;;;;;;;;;;;;;;;;;
31.01.2025;01:29;A 65;1;0;0;0;0;0;0;0;0;0;0;0;100;0;0;0;0;0;0;0;0;0;0;0;0;0;0;0;0;0;0;0;0;0;0;0;0;0;0;0;0;0;0;0;0;0;0;;;;;;;;;;;;;;;;;;;;;;
31.01.2025;01:28;A 65;1;0;0;0;0;0;0;0;0;0;0;0;100;0;0;0;0;0;0;0;0;0;0;0;0;0;0;0;0;0;0;0;0;0;0;0;0;0;0;0;0;0;0;0;0;0;0;;;;;;;;;;;;;;;;;;;;;;
31.01.2025;01:27;A 65;1;1;0;0;4;0;0;0;0;0;0;0;100;0;0;0;0;0;0;0;0;0;0;0;0;0;0;0;0;0;0;0;0;0;0;0;0;0;0;0;0;0;0;0;0;0;0;;;;;;;;;;;;;;;;;;;;;;
31.01.2025;01:26;A 65;1;0;0;1;1;0;0;0;0;0;0;0;100;0;0;0;0;0;0;0;0;0;0;0;0;0;0;0;0;0;0;0;0;0;0;0;0;0;0;0;0;0;0;0;0;0;0;;;;;;;;;;;;;;;;;;;;;;
31.01.2025;01:25;A 65;1;0;0;0;0;0;0;0;0;0;0;0;100;0;0;0;0;0;0;0;0;0;0;0;0;0;0;0;0;0;0;0;0;0;0;0;0;0;0;0;0;0;0;0;0;0;0;;;;;;;;;;;;;;;;;;;;;;
31.01.2025;01:24;A 65;1;0;0;0;0;0;0;0;0;0;0;0;100;0;0;0;0;0;0;0;0;0;0;0;0;0;0;0;0;0;0;0;0;0;0;0;0;0;0;0;0;0;0;0;0;0;0;;;;;;;;;;;;;;;;;;;;;;
31.01.2025;01:23;A 65;1;0;0;0;0;0;0;0;0;0;0;0;100;0;0;0;0;0;0;0;0;0;0;0;0;0;0;0;0;0;0;0;0;0;0;0;0;0;0;0;0;0;0;0;0;0;0;;;;;;;;;;;;;;;;;;;;;;
31.01.2025;01:22;A 65;1;0;0;0;0;0;0;0;0;0;0;0;100;0;0;0;0;0;0;0;0;0;0;0;0;0;0;0;0;0;0;0;0;0;0;0;0;0;0;0;0;0;0;0;0;0;0;;;;;;;;;;;;;;;;;;;;;;
31.01.2025;01:21;A 65;1;0;0;0;0;0;0;0;0;0;0;0;100;0;0;0;0;0;0;0;0;0;0;0;0;0;0;0;0;0;0;0;0;0;0;0;0;0;0;0;0;0;0;0;0;0;0;;;;;;;;;;;;;;;;;;;;;;
31.01.2025;01:20;A 65;1;0;0;0;0;0;0;0;0;0;0;0;100;0;0;0;0;0;0;0;0;0;0;0;0;0;0;0;0;0;0;0;0;0;0;0;0;0;0;0;0;0;0;0;0;0;0;;;;;;;;;;;;;;;;;;;;;;
31.01.2025;01:19;A 65;1;0;0;0;0;0;0;0;0;0;0;0;100;0;0;0;0;0;0;0;0;0;0;0;0;0;0;0;0;0;0;0;0;0;0;0;0;0;0;0;0;0;0;0;0;0;0;;;;;;;;;;;;;;;;;;;;;;
31.01.2025;01:18;A 65;1;1;0;1;5;0;0;0;0;0;0;0;100;0;0;0;0;0;0;0;0;0;0;0;0;0;0;0;0;0;0;0;0;0;0;0;0;0;0;0;0;0;0;0;0;0;0;;;;;;;;;;;;;;;;;;;;;;
31.01.2025;01:17;A 65;1;0;0;0;0;0;0;0;0;0;0;0;100;0;0;0;0;0;0;0;0;0;0;0;0;0;0;0;0;0;0;0;0;0;0;0;0;0;0;0;0;0;0;0;0;0;0;;;;;;;;;;;;;;;;;;;;;;
31.01.2025;01:16;A 65;1;0;0;0;0;1;19;1;22;1;14;0;100;0;0;0;0;0;0;0;0;0;0;0;0;0;0;0;0;0;0;0;0;0;0;0;0;0;0;0;0;0;0;0;0;0;0;;;;;;;;;;;;;;;;;;;;;;
31.01.2025;01:15;A 65;1;0;0;1;3;0;0;0;0;0;0;0;100;0;0;0;0;0;0;0;0;0;0;0;0;0;0;0;0;0;0;0;0;0;0;0;0;0;0;0;0;0;0;0;0;0;0;;;;;;;;;;;;;;;;;;;;;;
31.01.2025;01:14;A 65;1;0;0;0;0;0;0;0;0;0;0;0;100;0;0;0;0;0;0;0;0;0;0;0;0;0;0;0;0;0;0;0;0;0;0;0;0;0;0;0;0;0;0;0;0;0;0;;;;;;;;;;;;;;;;;;;;;;
31.01.2025;01:13;A 65;1;0;0;0;0;0;0;0;0;0;0;0;100;0;0;0;0;0;0;0;0;0;0;0;0;0;0;0;0;0;0;0;0;0;0;0;0;0;0;0;0;0;0;0;0;0;0;;;;;;;;;;;;;;;;;;;;;;
31.01.2025;01:12;A 65;1;0;0;0;0;0;0;0;0;0;0;0;100;0;0;0;0;0;0;0;0;0;0;0;0;0;0;0;0;0;0;0;0;0;0;0;0;0;0;0;0;0;0;0;0;0;0;;;;;;;;;;;;;;;;;;;;;;
31.01.2025;01:11;A 65;1;0;0;0;0;0;0;0;0;0;0;0;100;0;0;0;0;0;0;0;0;0;0;0;0;0;0;0;0;0;0;0;0;0;0;0;0;0;0;0;0;0;0;0;0;0;0;;;;;;;;;;;;;;;;;;;;;;
31.01.2025;01:10;A 65;1;0;0;0;0;0;0;0;0;0;0;0;100;0;2;0;0;0;0;0;0;0;0;0;0;0;0;0;0;0;0;0;0;0;0;0;0;0;0;0;0;0;0;0;0;0;0;;;;;;;;;;;;;;;;;;;;;;
31.01.2025;01:09;A 65;1;1;11;1;18;0;0;0;0;0;0;0;100;1;3;0;0;0;0;0;0;0;0;0;0;0;0;0;0;0;0;0;0;0;0;0;0;0;0;0;0;0;0;0;0;0;0;;;;;;;;;;;;;;;;;;;;;;
31.01.2025;01:08;A 65;1;0;0;0;0;0;0;0;0;0;0;0;100;0;0;0;0;0;0;0;0;0;0;0;0;0;0;0;0;0;0;0;0;0;0;0;0;0;0;0;0;0;0;0;0;0;0;;;;;;;;;;;;;;;;;;;;;;
31.01.2025;01:07;A 65;1;0;0;0;0;0;0;0;0;0;0;0;100;1;4;0;0;0;0;0;0;0;0;0;0;0;0;0;0;0;0;0;0;0;0;0;0;0;0;0;0;0;0;0;0;0;0;;;;;;;;;;;;;;;;;;;;;;
31.01.2025;01:06;A 65;1;0;0;0;0;0;0;0;0;0;0;0;100;0;0;0;0;0;0;0;0;0;0;0;0;0;0;0;0;0;0;0;0;0;0;0;0;0;0;0;0;0;0;0;0;0;0;;;;;;;;;;;;;;;;;;;;;;
31.01.2025;01:05;A 65;1;0;0;0;0;0;0;0;0;0;0;0;100;0;0;0;0;0;0;0;0;0;0;0;0;0;0;0;0;0;0;0;0;0;0;0;0;0;0;0;0;0;0;0;0;0;0;;;;;;;;;;;;;;;;;;;;;;
31.01.2025;01:04;A 65;1;0;0;0;0;0;0;0;0;0;0;0;100;0;0;0;0;0;0;0;0;0;0;0;0;0;0;0;0;0;0;0;0;0;0;0;0;0;0;0;0;0;0;0;0;0;0;;;;;;;;;;;;;;;;;;;;;;
31.01.2025;01:03;A 65;1;0;0;0;0;0;18;0;17;0;0;0;100;0;0;0;0;0;0;0;0;0;0;0;0;0;0;0;0;0;0;0;0;0;0;0;0;0;0;0;0;0;0;0;0;0;0;;;;;;;;;;;;;;;;;;;;;;
31.01.2025;01:02;A 65;1;1;0;1;4;1;10;1;12;1;5;0;100;0;0;0;0;0;0;0;0;0;0;0;0;0;0;0;0;0;0;0;0;0;0;0;0;0;0;0;0;0;0;0;0;0;0;;;;;;;;;;;;;;;;;;;;;;
31.01.2025;01:01;A 65;1;0;0;0;0;0;0;0;0;0;0;0;100;2;67;0;0;0;0;0;0;0;0;0;0;0;0;0;0;0;0;0;0;0;0;0;0;0;0;0;0;0;0;0;0;0;0;;;;;;;;;;;;;;;;;;;;;;
31.01.2025;01:00;A 65;1;1;0;1;6;0;0;0;0;0;0;0;100;0;0;0;0;0;0;0;0;0;0;0;0;0;0;0;0;0;0;0;0;0;0;0;0;0;0;0;0;0;0;0;0;0;0;;;;;;;;;;;;;;;;;;;;;;
