Datum;Uhrzeit;Bezeichnung;Intervall;D51Z;D51B;D52Z;D52B;V51Z;V51B;D111Z;D111B;V111Z;V111B;D112Z;D112B;TF35aZ;TF35aB;TB35aZ;TB35aB;TF35bZ;TF35bB;TB35bZ;TB35bB
29.09.2024;19:46;A149;1;4;4;5;4;3;24;2;11;2;11;1;0;0;0;0;0;0;0;0;0
29.09.2024;19:45;A149;1;2;2;2;1;2;16;2;11;2;22;3;4;0;0;0;0;0;0;1;1
29.09.2024;19:44;A149;1;7;7;6;5;5;38;3;2;3;11;4;4;0;0;0;0;0;0;0;0
29.09.2024;19:43;A149;1;2;2;2;1;3;25;3;3;3;13;3;3;0;0;0;0;0;0;0;0
29.09.2024;19:42;A149;1;2;1;3;2;1;6;10;11;3;46;10;13;0;0;0;0;0;0;0;0
29.09.2024;19:41;A149;1;3;3;3;5;1;12;2;6;3;19;2;4;0;0;1;3;0;0;0;0
29.09.2024;19:40;A149;1;2;2;4;3;4;34;2;1;3;7;2;1;1;1;3;4;0;0;0;0
29.09.2024;19:39;A149;1;4;6;3;2;3;28;3;6;1;23;3;5;0;0;0;0;0;0;0;0
29.09.2024;19:38;A149;1;4;4;4;3;2;24;7;7;5;34;5;5;0;0;0;0;0;0;0;0
29.09.2024;19:35;A149;1;2;2;2;1;2;26;2;1;0;0;1;1;0;0;0;0;0;0;0;0
29.09.2024;19:34;A149;1;1;0;0;0;0;0;1;0;4;8;1;0;0;0;0;0;0;0;0;0
29.09.2024;19:30;A149;1;3;2;2;1;4;14;5;5;5;20;4;4;0;0;0;0;0;0;0;0
29.09.2024;19:29;A149;1;3;4;2;2;3;28;3;2;3;14;4;3;0;0;0;0;0;0;0;0
29.09.2024;19:28;A149;1;2;1;3;2;3;13;3;2;4;14;2;1;0;0;0;0;0;0;0;0
29.09.2024;19:27;A149;1;0;0;0;0;0;0;2;2;3;4;4;5;0;0;0;0;0;0;0;0
29.09.2024;19:26;A149;1;3;6;5;3;2;19;4;13;2;30;4;4;0;0;1;2;0;0;0;0
29.09.2024;19:25;A149;1;6;6;3;2;3;25;3;5;2;20;3;5;0;0;0;0;0;0;0;0
29.09.2024;19:24;A149;1;7;36;6;7;3;77;5;5;5;19;7;8;0;0;0;0;0;0;0;0
29.09.2024;19:23;A149;1;2;2;4;3;2;12;2;2;2;4;2;1;0;0;0;0;0;0;0;0
29.09.2024;19:22;A149;1;4;3;2;2;2;16;4;4;3;20;5;5;0;0;0;0;1;1;0;0
29.09.2024;19:21;A149;1;3;2;4;2;3;22;7;9;4;42;6;6;0;0;0;0;0;0;0;0
29.09.2024;19:20;A149;1;3;4;3;2;2;17;0;0;0;0;1;1;0;0;0;0;0;0;0;0
29.09.2024;19:19;A149;1;5;5;4;4;5;39;3;5;1;20;3;7;1;1;1;1;0;0;0;0
29.09.2024;19:18;A149;1;3;4;3;2;4;29;2;1;1;10;2;2;0;0;0;0;0;0;0;0
29.09.2024;19:17;A149;1;2;2;3;3;2;15;3;3;2;19;3;4;0;0;0;0;0;0;0;0
29.09.2024;19:16;A149;1;3;3;3;2;2;22;1;0;1;5;2;2;0;0;0;0;0;0;0;0
29.09.2024;19:15;A149;1;2;1;2;1;2;16;2;2;2;15;3;5;0;0;0;0;0;0;0;0
29.09.2024;19:14;A149;1;1;2;1;0;1;7;9;43;4;75;6;7;0;0;0;0;0;0;0;0
29.09.2024;19:13;A149;1;3;2;3;2;2;21;2;2;2;14;6;7;1;1;1;1;0;0;0;0
29.09.2024;19:12;A149;1;3;2;3;2;2;14;5;24;7;32;3;2;0;0;0;0;1;1;1;1
29.09.2024;19:11;A149;1;2;2;1;0;1;17;4;4;3;21;6;7;0;0;0;0;0;0;0;0
29.09.2024;19:10;A149;1;3;4;4;3;2;19;3;4;1;16;1;2;0;0;0;0;0;0;0;0
29.09.2024;19:09;A149;1;4;28;4;8;2;55;7;5;3;13;8;7;0;0;0;0;0;0;0;0
29.09.2024;19:08;A149;1;2;2;1;0;1;17;5;5;4;29;6;7;0;0;0;0;0;0;0;0
29.09.2024;19:07;A149;1;4;4;5;4;3;26;3;4;3;20;3;3;1;1;0;0;0;0;0;0
29.09.2024;19:06;A149;1;4;3;4;2;1;7;4;7;2;25;4;45;0;0;0;0;0;0;0;0
29.09.2024;19:05;A149;1;2;4;0;0;0;10;6;8;4;28;5;5;0;0;0;0;0;0;0;0
29.09.2024;19:04;A149;1;5;7;7;6;5;34;3;6;4;30;3;3;0;0;3;6;0;0;0;0
29.09.2024;19:03;A149;1;3;4;3;1;5;15;1;1;1;6;2;5;0;0;0;0;1;1;2;7
29.09.2024;19:02;A149;1;2;20;2;1;2;17;4;24;4;27;2;1;1;1;1;1;0;0;0;0
29.09.2024;19:01;A149;1;1;0;0;0;0;0;4;3;4;20;5;4;0;0;0;0;0;0;0;0
29.09.2024;19:00;A149;1;3;11;3;2;3;27;6;24;2;22;2;2;0;0;1;1;0;0;0;0
29.09.2024;18:59;A149;1;2;2;2;1;2;13;4;3;3;20;7;7;0;0;0;0;0;0;0;0
29.09.2024;18:58;A149;1;3;2;2;1;2;17;2;3;2;14;2;2;0;0;0;0;0;0;0;0
29.09.2024;18:57;A149;1;2;3;3;2;3;21;1;0;1;4;1;1;0;0;0;0;0;0;0;0
29.09.2024;18:56;A149;1;4;9;2;1;2;27;5;12;4;21;5;5;0;0;0;0;1;1;0;0
29.09.2024;18:55;A149;1;1;36;3;6;1;48;4;4;4;22;4;3;0;0;0;0;0;0;0;0
29.09.2024;18:54;A149;1;2;1;1;0;1;4;8;7;5;33;7;7;0;0;0;0;0;0;0;0
29.09.2024;18:53;A149;1;3;2;3;2;1;14;4;4;5;22;5;7;0;0;0;0;0;0;0;0
29.09.2024;18:52;A149;1;4;3;2;2;1;18;6;6;4;23;5;6;0;0;0;0;0;0;0;0
29.09.2024;18:51;A149;1;2;2;3;3;2;15;3;3;3;14;3;3;0;0;0;0;0;0;0;0
29.09.2024;18:50;A149;1;9;9;9;8;1;30;7;9;5;38;4;9;0;0;0;0;0;0;0;0
29.09.2024;18:49;A149;1;5;7;5;5;3;28;6;6;4;29;9;9;0;0;0;0;0;0;0;0
29.09.2024;18:48;A149;1;0;0;0;0;0;0;1;1;0;2;0;0;0;0;0;0;0;0;0;0
29.09.2024;18:47;A149;1;5;5;5;3;5;27;4;4;3;22;5;5;0;0;0;0;1;1;1;2
29.09.2024;18:46;A149;1;7;8;5;4;3;43;5;5;4;21;4;5;0;0;0;0;0;0;0;0
29.09.2024;18:45;A149;1;3;8;5;3;3;12;4;6;3;28;3;3;1;1;0;0;0;0;0;0
29.09.2024;18:44;A149;1;3;3;3;2;2;24;3;14;4;22;4;4;0;0;0;0;0;0;0;0
29.09.2024;18:43;A149;1;6;11;6;8;3;36;8;8;2;27;8;10;0;0;0;0;0;0;0;0
29.09.2024;18:42;A149;1;5;5;8;7;3;31;3;1;3;5;2;1;0;0;0;0;1;1;0;0
29.09.2024;18:41;A149;1;4;5;2;1;3;11;5;7;1;19;4;10;0;0;0;0;0;0;0;0
29.09.2024;18:40;A149;1;3;4;5;2;3;17;4;6;3;24;4;5;0;0;0;0;0;0;0;0
29.09.2024;18:39;A149;1;3;44;4;5;2;59;5;5;2;26;6;9;0;0;0;0;1;1;0;0
29.09.2024;18:38;A149;1;1;1;1;0;1;8;1;1;1;6;2;3;0;0;0;0;0;0;0;0
29.09.2024;18:37;A149;1;0;0;0;0;0;0;1;1;1;4;2;2;0;0;0;0;0;0;0;0
29.09.2024;18:36;A149;1;7;7;6;5;6;35;4;4;3;18;3;3;0;0;0;0;0;0;0;0
29.09.2024;18:35;A149;1;4;4;4;3;4;23;5;5;4;20;5;5;0;0;0;0;0;0;0;0
29.09.2024;18:34;A149;1;0;0;1;0;0;0;1;1;1;6;1;1;0;0;0;0;0;0;0;0
29.09.2024;18:33;A149;1;2;2;1;1;1;12;3;12;3;14;3;3;0;0;0;0;1;1;2;4
29.09.2024;18:32;A149;1;4;3;5;4;4;19;5;5;4;22;5;4;0;0;0;0;1;1;2;7
29.09.2024;18:31;A149;1;3;2;4;3;3;18;1;0;1;4;1;1;0;0;0;0;0;0;0;0
29.09.2024;18:30;A149;1;5;4;5;3;3;20;1;1;1;5;1;1;0;0;0;0;0;0;0;0
29.09.2024;18:29;A149;1;1;0;1;0;1;4;4;4;3;21;3;4;0;0;0;0;0;0;0;0
29.09.2024;18:28;A149;1;0;0;0;0;0;0;3;3;2;13;6;6;0;0;0;0;1;1;0;0
29.09.2024;18:27;A149;1;3;40;3;4;3;59;6;4;1;15;1;1;0;0;0;0;0;0;0;0
29.09.2024;18:26;A149;1;5;12;2;1;1;26;4;10;5;23;6;6;0;0;0;0;1;1;0;0
29.09.2024;18:25;A149;1;5;5;7;7;3;27;1;1;1;6;2;2;0;0;0;0;0;0;0;0
29.09.2024;18:24;A149;1;3;4;5;4;2;23;3;1;1;4;0;0;0;0;0;0;0;0;0;0
29.09.2024;18:23;A149;1;3;2;2;1;1;9;2;2;2;12;3;3;0;0;0;0;0;0;0;0
29.09.2024;18:22;A149;1;2;1;1;0;2;9;3;2;3;13;3;2;0;0;0;0;0;0;0;0
29.09.2024;18:21;A149;1;6;11;10;6;2;16;7;45;2;65;4;15;0;0;0;0;0;0;0;0
29.09.2024;18:20;A149;1;6;9;5;5;1;23;1;0;1;8;4;49;0;0;0;0;0;0;1;1
29.09.2024;18:19;A149;1;5;4;4;3;2;20;3;3;2;10;2;1;0;0;0;0;0;0;0;0
29.09.2024;18:18;A149;1;1;0;1;0;0;0;3;3;2;13;4;3;0;0;0;0;0;0;0;0
29.09.2024;18:17;A149;1;4;5;3;2;2;15;6;8;4;34;3;3;0;0;0;0;1;1;1;1
29.09.2024;18:16;A149;1;2;9;3;2;2;35;4;23;5;39;5;4;0;0;0;0;1;3;6;16
29.09.2024;18:15;A149;1;1;1;0;0;0;3;3;9;3;17;3;3;0;0;0;0;0;0;0;0
29.09.2024;18:14;A149;1;4;6;5;6;4;26;5;4;2;9;4;4;1;1;1;1;0;0;0;0
29.09.2024;18:13;A149;1;4;4;2;1;3;17;4;4;4;18;4;3;0;0;0;0;0;0;0;0
29.09.2024;18:12;A149;1;3;3;5;3;3;14;2;1;1;5;1;1;0;0;0;0;0;0;0;0
29.09.2024;18:11;A149;1;3;23;4;3;1;28;7;7;3;18;5;6;0;0;0;0;0;0;0;0
29.09.2024;18:10;A149;1;5;18;5;6;3;32;6;16;3;32;3;17;0;0;0;0;0;0;0;0
29.09.2024;18:09;A149;1;2;2;2;1;3;17;5;5;3;25;8;13;0;0;0;0;0;0;0;0
29.09.2024;18:08;A149;1;6;17;7;6;4;39;0;0;0;0;0;0;0;0;0;0;0;0;0;0
29.09.2024;18:07;A149;1;3;2;1;0;2;32;7;6;4;29;7;8;1;1;1;1;0;0;0;0
29.09.2024;18:06;A149;1;2;2;4;4;1;10;3;2;4;16;3;1;0;0;0;0;0;0;0;0
29.09.2024;18:05;A149;1;4;4;5;5;3;22;4;16;3;26;3;2;0;0;0;0;0;0;0;0
29.09.2024;18:04;A149;1;7;6;5;4;4;23;4;3;5;22;5;4;0;0;0;0;1;1;0;0
29.09.2024;18:03;A149;1;3;3;4;3;3;22;1;1;1;7;2;2;0;0;0;0;0;0;0;0
29.09.2024;18:02;A149;1;2;2;3;2;2;8;4;4;3;17;4;4;0;0;0;0;0;0;0;0
29.09.2024;18:01;A149;1;3;2;2;1;2;11;5;4;2;21;6;6;0;0;0;0;0;0;0;0
29.09.2024;18:00;A149;1;3;2;3;2;5;15;4;4;3;18;2;3;0;0;0;0;0;0;0;0
29.09.2024;17:59;A149;1;4;11;1;0;1;16;4;14;3;31;6;5;0;0;0;0;0;0;0;0
29.09.2024;17:58;A149;1;7;22;6;5;5;37;3;8;3;23;4;5;1;1;0;0;0;0;0;0
29.09.2024;17:57;A149;1;2;22;2;4;2;35;0;0;0;0;1;4;0;0;0;0;1;1;1;1
29.09.2024;17:56;A149;1;4;3;2;1;1;16;4;4;4;23;4;4;0;0;0;0;0;0;0;0
29.09.2024;17:55;A149;1;1;1;3;2;1;4;5;5;3;21;4;4;0;0;0;0;0;0;0;0
29.09.2024;17:54;A149;1;5;7;5;4;5;26;5;10;6;20;5;5;0;0;0;0;0;0;0;0
29.09.2024;17:53;A149;1;6;5;6;4;3;22;4;4;3;18;4;4;0;0;0;0;0;0;0;0
29.09.2024;17:52;A149;1;4;4;5;3;1;12;3;5;1;16;0;0;0;0;1;2;0;0;0;0
29.09.2024;17:51;A149;1;8;10;5;3;5;29;6;9;1;32;5;19;0;0;0;0;1;1;1;1
29.09.2024;17:50;A149;1;2;16;4;4;1;29;2;5;1;17;5;5;1;1;0;0;0;0;0;0
29.09.2024;17:49;A149;1;4;3;4;3;4;26;6;5;4;24;6;7;1;1;1;1;0;0;0;0
29.09.2024;17:48;A149;1;6;23;6;5;5;47;6;31;2;53;6;8;0;0;0;0;1;1;1;1
29.09.2024;17:47;A149;1;2;2;4;3;2;14;1;0;2;6;2;2;0;0;0;0;0;0;0;0
29.09.2024;17:46;A149;1;4;4;2;1;1;14;3;2;3;13;2;2;0;0;0;0;0;0;0;0
29.09.2024;17:45;A149;1;3;5;4;5;3;21;4;4;2;10;5;9;0;0;0;0;0;0;0;0
29.09.2024;17:44;A149;1;4;6;4;4;3;23;0;0;0;0;0;0;1;1;0;0;0;0;0;0
29.09.2024;17:43;A149;1;5;9;4;3;3;23;3;5;1;14;1;1;0;0;0;0;2;3;0;0
29.09.2024;17:42;A149;1;3;3;3;2;3;19;1;0;2;7;3;4;0;0;0;0;0;0;0;0
29.09.2024;17:41;A149;1;3;24;2;1;1;31;10;8;4;27;8;8;0;0;0;0;0;0;0;0
29.09.2024;17:40;A149;1;3;19;3;5;2;32;0;0;0;0;0;0;0;0;0;0;0;0;0;0
29.09.2024;17:39;A149;1;2;1;2;1;2;15;3;3;3;17;2;2;0;0;0;0;0;0;1;1
29.09.2024;17:38;A149;1;7;8;7;9;3;38;3;2;3;11;3;2;0;0;0;0;0;0;0;0
29.09.2024;17:37;A149;1;4;3;4;3;2;16;1;0;0;0;1;0;1;1;1;1;0;0;0;0
29.09.2024;17:36;A149;1;4;6;5;4;4;22;2;4;2;13;1;1;0;0;0;0;0;0;0;0
29.09.2024;17:35;A149;1;6;6;5;5;4;39;3;3;2;12;4;8;0;0;0;0;0;0;0;0
29.09.2024;17:34;A149;1;3;5;4;4;2;13;3;6;3;16;2;1;0;0;0;0;0;0;0;0
29.09.2024;17:33;A149;1;2;2;3;2;2;12;6;5;5;23;5;7;0;0;0;0;0;0;0;0
29.09.2024;17:32;A149;1;6;6;7;5;3;36;0;0;0;0;2;1;0;0;0;0;0;0;0;0
29.09.2024;17:31;A149;1;2;4;3;2;2;16;4;5;3;21;4;4;0;0;0;0;0;0;0;0
29.09.2024;17:30;A149;1;7;5;7;4;3;23;4;5;3;19;4;4;1;1;0;0;0;0;0;0
29.09.2024;17:29;A149;1;2;2;2;1;2;10;3;2;2;14;3;3;0;0;0;0;0;0;0;0
29.09.2024;17:28;A149;1;4;4;2;1;3;17;5;5;3;22;3;3;0;0;0;0;0;0;0;0
29.09.2024;17:27;A149;1;7;32;7;6;3;32;6;6;7;26;9;9;0;0;0;0;1;1;1;1
29.09.2024;17:26;A149;1;3;3;4;3;2;16;2;1;2;9;2;2;0;0;0;0;0;0;0;0
29.09.2024;17:25;A149;1;4;4;4;3;3;20;3;3;3;14;3;3;0;0;0;0;0;0;0;0
29.09.2024;17:24;A149;1;4;44;4;4;4;60;7;6;2;15;5;5;0;0;0;0;0;0;0;0
29.09.2024;17:23;A149;1;6;5;6;5;4;28;6;6;3;29;7;7;0;0;0;0;0;0;0;0
29.09.2024;17:22;A149;1;3;2;4;3;3;20;5;5;4;26;5;5;0;0;0;0;0;0;0;0
29.09.2024;17:21;A149;1;5;4;5;3;4;20;5;3;3;17;4;3;0;0;0;0;0;0;0;0
29.09.2024;17:20;A149;1;7;49;4;3;2;41;1;2;1;6;1;3;2;3;0;0;0;0;0;0
29.09.2024;17:19;A149;1;9;9;11;8;6;43;5;3;5;17;5;3;1;1;1;3;0;0;0;0
29.09.2024;17:18;A149;1;2;1;4;4;2;15;3;2;2;11;3;2;0;0;0;0;0;0;0;0
29.09.2024;17:17;A149;1;5;4;5;4;5;24;7;6;4;26;4;4;0;0;0;0;0;0;0;0
29.09.2024;17:16;A149;1;1;3;1;2;1;7;3;3;1;5;6;5;0;0;0;0;0;0;0;0
29.09.2024;17:15;A149;1;5;5;3;2;2;22;4;12;2;22;5;3;0;0;0;0;0;0;0;0
29.09.2024;17:14;A149;1;3;3;4;2;1;6;4;6;2;21;4;6;0;0;0;0;0;0;0;0
29.09.2024;17:13;A149;1;4;4;4;3;3;23;1;0;1;3;1;0;0;0;0;0;0;0;0;0
29.09.2024;17:12;A149;1;6;6;5;4;5;30;6;5;4;23;6;5;0;0;0;0;0;0;0;0
29.09.2024;17:11;A149;1;0;18;1;0;0;17;6;26;2;19;5;6;0;0;0;0;0;0;1;1
29.09.2024;17:10;A149;1;5;25;4;5;3;47;4;3;4;16;4;3;0;0;0;0;0;0;0;0
29.09.2024;17:09;A149;1;3;2;5;4;2;12;7;8;5;34;6;6;0;0;0;0;0;0;0;0
29.09.2024;17:08;A149;1;2;2;2;1;2;11;3;2;3;11;4;3;0;0;0;0;0;0;0;0
29.09.2024;17:07;A149;1;3;2;2;1;2;12;3;2;2;12;3;2;0;0;0;0;1;1;0;0
29.09.2024;17:06;A149;1;5;8;8;7;5;29;7;15;5;28;4;37;0;0;0;0;0;0;0;0
29.09.2024;17:05;A149;1;5;7;6;3;2;9;8;44;3;55;11;21;0;0;0;0;0;0;0;0
29.09.2024;17:04;A149;1;3;3;4;4;3;25;6;5;4;24;6;6;1;1;2;3;0;0;0;0
29.09.2024;17:03;A149;1;4;3;3;2;4;18;11;11;2;36;9;12;0;0;0;0;0;0;0;0
29.09.2024;17:02;A149;1;0;0;1;0;0;0;1;1;2;7;3;2;0;0;0;0;0;0;0;0
29.09.2024;17:01;A149;1;1;0;1;0;1;4;2;2;2;12;2;2;0;0;0;0;0;0;0;0
29.09.2024;17:00;A149;1;4;25;4;3;4;39;7;7;3;34;5;5;0;0;0;0;0;0;0;0
29.09.2024;16:59;A149;1;7;8;5;4;3;32;4;2;3;11;5;4;0;0;0;0;0;0;0;0
29.09.2024;16:58;A149;1;5;25;7;5;3;45;5;16;3;18;3;5;0;0;0;0;0;0;1;1
29.09.2024;16:57;A149;1;6;62;7;9;2;85;5;36;2;62;8;10;0;0;0;0;1;1;1;1
29.09.2024;16:56;A149;1;2;2;2;2;2;12;3;3;2;15;3;3;0;0;0;0;0;0;0;0
29.09.2024;16:55;A149;1;5;11;5;6;3;24;5;10;2;21;3;3;0;0;0;0;0;0;0;0
29.09.2024;16:54;A149;1;3;3;4;3;2;11;4;6;3;28;7;10;1;1;0;0;0;0;0;0
29.09.2024;16:53;A149;1;4;4;4;2;5;16;1;3;1;10;1;6;0;0;0;0;0;0;0;0
29.09.2024;16:52;A149;1;3;2;3;2;4;14;2;2;2;10;2;2;0;0;0;0;0;0;0;0
29.09.2024;16:51;A149;1;5;5;5;4;4;25;4;6;2;18;4;4;0;0;0;0;0;0;0;0
29.09.2024;16:50;A149;1;3;2;3;2;1;16;5;5;3;20;6;7;0;0;0;0;0;0;0;0
29.09.2024;16:49;A149;1;2;2;1;0;1;7;1;1;2;10;2;1;0;0;0;0;0;0;0;0
29.09.2024;16:48;A149;1;5;5;4;3;3;16;5;7;1;17;2;2;0;0;0;0;0;0;0;0
29.09.2024;16:47;A149;1;3;2;3;2;3;14;5;5;4;25;8;8;0;0;0;0;0;0;0;0
29.09.2024;16:46;A149;1;7;7;3;3;3;33;6;7;2;30;5;5;0;0;0;0;0;0;0;0
29.09.2024;16:45;A149;1;2;1;4;3;3;9;7;7;5;32;7;6;0;0;0;0;0;0;0;0
29.09.2024;16:44;A149;1;3;5;4;3;2;9;4;10;1;17;3;3;0;0;0;0;4;8;1;1
29.09.2024;16:43;A149;1;4;39;3;3;1;54;7;19;4;31;8;11;0;0;0;0;0;0;1;1
29.09.2024;16:42;A149;1;1;20;3;4;1;28;4;3;4;24;5;4;0;0;0;0;0;0;0;0
29.09.2024;16:41;A149;1;3;2;2;1;3;12;7;6;3;27;7;7;0;0;0;0;0;0;0;0
29.09.2024;16:40;A149;1;8;8;9;7;3;31;6;5;4;24;5;6;0;0;0;0;0;0;0;0
29.09.2024;16:39;A149;1;1;0;1;0;1;4;5;5;4;26;6;6;0;0;0;0;0;0;0;0
29.09.2024;16:38;A149;1;5;5;4;3;4;21;8;10;3;36;5;5;0;0;0;0;0;0;0;0
29.09.2024;16:37;A149;1;3;3;3;2;1;13;1;0;2;8;4;6;0;0;0;0;0;0;0;0
29.09.2024;16:36;A149;1;6;5;4;2;3;14;5;7;3;27;3;9;0;0;0;0;0;0;0;0
29.09.2024;16:35;A149;1;2;2;1;0;2;9;7;7;5;31;6;6;0;0;0;0;0;0;0;0
29.09.2024;16:34;A149;1;6;6;6;4;4;27;6;6;4;30;6;6;0;0;0;0;0;0;0;0
29.09.2024;16:33;A149;1;3;3;5;5;2;18;3;3;2;13;4;4;0;0;0;0;0;0;0;0
29.09.2024;16:32;A149;1;1;2;1;0;1;7;1;1;1;5;1;1;0;0;0;0;0;0;0;0
29.09.2024;16:31;A149;1;3;2;2;1;2;13;1;0;1;4;1;1;0;0;0;0;0;0;0;0
29.09.2024;16:30;A149;1;2;1;2;1;1;6;9;10;4;42;9;12;0;0;0;0;0;0;0;0
29.09.2024;16:29;A149;1;6;6;4;3;2;23;1;23;1;6;1;1;0;0;0;0;0;0;0;0
29.09.2024;16:28;A149;1;4;3;4;3;4;19;6;7;4;24;5;4;1;0;1;0;0;0;0;0
29.09.2024;16:27;A149;1;1;0;1;1;0;0;4;12;3;22;3;3;0;0;0;0;0;0;0;0
29.09.2024;16:26;A149;1;2;14;1;0;2;20;2;2;2;16;6;6;2;3;1;2;0;0;0;0
29.09.2024;16:25;A149;1;2;88;2;1;0;96;4;4;2;9;3;3;0;0;0;0;0;0;0;0
29.09.2024;16:24;A149;1;2;3;4;7;3;27;4;3;4;18;5;7;0;0;0;0;0;0;0;0
29.09.2024;16:23;A149;1;4;3;4;3;3;16;3;14;2;15;3;4;0;0;0;0;0;0;0;0
29.09.2024;16:22;A149;1;2;3;2;1;2;16;3;10;3;19;4;5;0;0;0;0;0;0;0;0
29.09.2024;16:21;A149;1;3;4;6;3;1;4;5;7;2;26;3;10;0;0;0;0;0;0;0;0
29.09.2024;16:20;A149;1;9;8;7;6;5;34;6;7;5;28;7;11;0;0;0;0;0;0;0;0
29.09.2024;16:19;A149;1;2;2;2;2;1;13;2;8;1;7;2;2;0;0;0;0;0;0;0;0
29.09.2024;16:18;A149;1;3;2;3;2;3;11;3;5;2;20;2;2;2;3;3;5;0;0;0;0
29.09.2024;16:17;A149;1;2;2;2;1;2;12;2;1;2;8;2;2;0;0;0;0;1;1;1;1
29.09.2024;16:16;A149;1;3;2;3;2;3;13;3;2;2;12;3;3;0;0;0;0;0;0;0;0
29.09.2024;16:15;A149;1;7;9;4;3;2;28;1;2;2;4;3;2;1;1;1;2;0;0;0;0
29.09.2024;16:14;A149;1;1;3;4;5;1;12;3;2;1;9;2;2;0;0;0;0;0;0;0;0
29.09.2024;16:13;A149;1;3;3;2;1;3;15;2;1;1;6;1;1;0;0;0;0;0;0;0;0
29.09.2024;16:12;A149;1;3;2;3;2;2;11;3;4;3;17;3;2;0;0;0;0;0;0;0;0
29.09.2024;16:11;A149;1;1;1;2;1;1;4;4;3;4;20;4;5;0;0;0;0;0;0;0;0
29.09.2024;16:10;A149;1;4;42;4;3;2;59;5;41;2;51;3;5;0;0;0;0;0;0;0;0
29.09.2024;16:09;A149;1;7;37;6;7;4;46;9;35;3;68;3;6;0;0;0;0;1;1;1;1
29.09.2024;16:08;A149;1;3;3;4;3;3;19;3;13;2;27;6;40;1;1;1;1;0;0;0;0
29.09.2024;16:07;A149;1;9;11;7;8;4;48;2;2;2;10;3;4;0;0;0;0;0;0;0;0
29.09.2024;16:06;A149;1;3;4;5;3;3;19;5;5;3;24;6;12;0;0;0;0;0;0;0;0
29.09.2024;16:05;A149;1;6;10;5;4;4;25;2;1;2;7;2;1;0;0;0;0;0;0;0;0
29.09.2024;16:04;A149;1;1;1;1;0;1;6;3;2;2;12;3;3;0;0;0;0;0;0;0;0
29.09.2024;16:03;A149;1;1;1;1;1;1;5;2;2;2;11;1;1;0;0;0;0;0;0;0;0
29.09.2024;16:02;A149;1;4;3;4;2;3;18;2;3;2;15;4;6;0;0;0;0;0;0;0;0
29.09.2024;16:01;A149;1;3;2;2;1;1;10;5;4;3;21;5;4;0;0;0;0;0;0;0;0
29.09.2024;16:00;A149;1;3;3;3;3;2;16;1;0;1;3;0;0;0;0;0;0;0;0;1;2
29.09.2024;15:59;A149;1;5;6;7;5;5;23;4;24;3;31;5;6;0;0;0;0;0;0;0;0
29.09.2024;15:58;A149;1;3;6;3;4;3;19;13;13;6;48;10;11;0;0;0;0;0;0;0;0
29.09.2024;15:57;A149;1;7;8;5;4;4;31;4;4;2;15;6;7;0;0;0;0;0;0;0;0
29.09.2024;15:56;A149;1;3;3;5;4;2;17;6;6;3;24;4;4;0;0;0;0;0;0;0;0
29.09.2024;15:55;A149;1;6;36;5;4;0;68;12;11;4;37;12;14;0;0;0;0;0;0;0;0
29.09.2024;15:54;A149;1;2;2;2;4;2;12;1;0;1;3;1;0;0;0;0;0;0;0;0;0
29.09.2024;15:53;A149;1;7;7;8;6;3;22;8;11;3;40;7;28;0;0;0;0;0;0;0;0
29.09.2024;15:52;A149;1;4;2;0;0;0;9;5;6;2;27;6;12;0;0;0;0;0;0;0;0
29.09.2024;15:51;A149;1;4;5;6;5;3;18;4;7;3;20;3;3;0;0;0;0;0;0;0;0
29.09.2024;15:50;A149;1;7;8;8;7;3;37;5;3;6;22;6;8;0;0;0;0;0;0;0;0
29.09.2024;15:49;A149;1;1;1;1;0;1;5;5;4;4;19;5;5;0;0;0;0;0;0;0;0
29.09.2024;15:48;A149;1;7;7;8;7;4;35;6;7;4;27;4;4;1;1;1;1;0;0;0;0
29.09.2024;15:47;A149;1;4;6;3;2;4;22;2;4;3;18;3;3;0;0;0;0;0;0;0;0
29.09.2024;15:46;A149;1;3;4;4;2;3;19;2;2;2;11;2;2;0;0;0;0;0;0;0;0
29.09.2024;15:45;A149;1;6;7;6;5;4;31;1;1;1;6;2;3;0;0;0;0;0;0;0;0
29.09.2024;15:44;A149;1;4;23;3;2;4;38;3;3;3;18;3;2;0;0;0;0;0;0;0;0
29.09.2024;15:43;A149;1;4;5;5;4;4;23;3;3;2;12;2;2;1;1;0;0;0;0;0;0
29.09.2024;15:42;A149;1;7;61;8;6;2;69;7;12;6;41;9;15;0;0;0;0;0;0;0;0
29.09.2024;15:41;A149;1;6;12;5;7;4;36;5;5;4;18;4;6;0;0;0;0;0;0;0;0
29.09.2024;15:40;A149;1;4;4;5;4;3;21;3;3;2;13;3;2;0;0;0;0;0;0;0;0
29.09.2024;15:39;A149;1;4;4;4;3;3;20;2;2;2;10;2;2;0;0;0;0;0;0;0;0
29.09.2024;15:38;A149;1;1;1;1;0;1;4;3;2;2;9;3;2;0;0;0;0;0;0;0;0
29.09.2024;15:37;A149;1;4;4;2;1;3;20;0;0;0;0;0;0;0;0;0;0;0;0;0;0
29.09.2024;15:36;A149;1;3;2;5;3;4;23;0;0;0;0;0;0;0;0;0;0;0;0;0;0
29.09.2024;15:35;A149;1;5;5;4;3;2;19;2;3;1;8;1;5;0;0;0;0;0;0;0;0
29.09.2024;15:34;A149;1;5;5;6;4;5;27;3;4;3;15;3;3;0;0;0;0;0;0;0;0
29.09.2024;15:33;A149;1;1;1;1;0;1;7;1;0;1;6;1;1;0;0;0;0;0;0;0;0
29.09.2024;15:32;A149;1;2;5;1;2;1;11;5;3;3;12;5;4;0;0;0;0;0;0;0;0
29.09.2024;15:31;A149;1;8;8;8;6;8;42;4;3;3;13;3;2;0;0;0;0;0;0;0;0
29.09.2024;15:30;A149;1;1;2;0;0;0;3;1;1;1;6;1;1;0;0;0;0;0;0;0;0
29.09.2024;15:29;A149;1;2;2;3;2;3;12;5;26;2;36;4;4;0;0;0;0;0;0;0;0
29.09.2024;15:28;A149;1;4;43;1;0;1;53;9;30;4;43;12;14;0;0;0;0;1;1;1;1
29.09.2024;15:27;A149;1;4;5;6;7;4;30;4;3;2;13;3;3;0;0;0;0;1;1;1;2
29.09.2024;15:26;A149;1;5;4;6;6;3;20;3;3;3;11;3;3;0;0;0;0;0;0;0;0
29.09.2024;15:25;A149;1;2;2;2;1;2;11;1;0;1;3;2;2;0;0;0;0;0;0;0;0
29.09.2024;15:24;A149;1;2;2;3;1;2;9;1;19;1;4;1;1;0;0;0;0;0;0;0;0
29.09.2024;15:23;A149;1;5;5;5;4;2;21;4;9;2;15;3;3;0;0;0;0;1;1;1;1
29.09.2024;15:22;A149;1;2;2;3;2;2;14;1;0;2;8;2;2;0;0;0;0;0;0;0;0
29.09.2024;15:21;A149;1;7;9;9;6;5;25;2;6;2;18;2;5;0;0;0;0;0;0;0;0
29.09.2024;15:20;A149;1;3;3;2;2;1;15;1;0;1;4;1;1;0;0;0;0;0;0;0;0
29.09.2024;15:19;A149;1;5;5;6;5;5;24;6;5;5;23;6;6;0;0;0;0;0;0;0;0
29.09.2024;15:18;A149;1;3;2;10;5;2;9;9;9;4;37;6;6;0;0;0;0;0;0;0;0
29.09.2024;15:17;A149;1;4;4;5;4;4;17;6;15;5;29;8;8;0;0;0;0;0;0;0;0
29.09.2024;15:16;A149;1;4;3;4;2;4;21;3;8;4;18;3;3;0;0;0;0;0;0;0;0
29.09.2024;15:15;A149;1;4;4;4;3;3;18;7;7;4;32;8;9;0;0;0;0;0;0;0;0
29.09.2024;15:14;A149;1;4;21;4;5;1;38;3;23;3;25;4;3;0;0;0;0;0;0;1;1
29.09.2024;15:13;A149;1;3;3;3;2;2;8;4;6;3;24;2;3;0;0;0;0;0;0;0;0
29.09.2024;15:12;A149;1;4;24;4;3;3;39;3;23;2;13;4;4;0;0;0;0;0;0;0;0
29.09.2024;15:11;A149;1;1;40;4;4;1;47;6;8;3;25;4;4;0;0;0;0;1;1;1;1
29.09.2024;15:10;A149;1;3;12;3;2;3;19;2;20;3;16;5;4;0;0;0;0;1;1;0;0
29.09.2024;15:09;A149;1;3;4;3;2;3;17;4;4;2;14;3;3;0;0;0;0;0;0;0;0
29.09.2024;15:08;A149;1;1;0;1;0;1;4;3;3;3;16;4;3;0;0;0;0;0;0;0;0
29.09.2024;15:07;A149;1;5;9;5;6;2;19;8;13;6;42;6;12;0;0;0;0;0;0;0;0
29.09.2024;15:06;A149;1;5;5;4;3;3;24;2;2;2;9;4;18;0;0;0;0;0;0;0;0
29.09.2024;15:05;A149;1;1;0;4;3;1;3;5;4;3;19;6;5;0;0;0;0;0;0;0;0
29.09.2024;15:04;A149;1;10;26;9;6;5;55;5;40;3;40;4;7;0;0;1;1;0;0;0;0
29.09.2024;15:03;A149;1;1;1;2;2;1;5;5;21;5;32;5;6;1;1;2;4;0;0;0;0
29.09.2024;15:02;A149;1;8;8;6;5;5;32;5;4;3;16;5;7;0;0;0;0;0;0;0;0
29.09.2024;15:01;A149;1;3;2;5;3;3;15;5;7;3;23;5;4;0;0;0;0;0;0;0;0
29.09.2024;15:00;A149;1;5;9;4;4;2;25;4;9;3;31;5;5;0;0;0;0;0;0;0;0
29.09.2024;14:59;A149;1;3;3;3;2;2;12;3;3;4;13;3;2;0;0;0;0;0;0;1;1
29.09.2024;14:58;A149;1;3;3;3;2;3;31;7;8;6;32;7;6;0;0;0;0;0;0;0;0
29.09.2024;14:57;A149;1;3;2;4;3;2;11;3;2;3;16;4;4;0;0;0;0;0;0;0;0
29.09.2024;14:56;A149;1;3;41;3;4;2;55;7;8;6;32;5;5;0;0;0;0;1;1;1;1
29.09.2024;14:55;A149;1;2;2;2;1;1;11;1;1;1;10;3;3;0;0;0;0;0;0;0;0
29.09.2024;14:54;A149;1;3;3;1;0;3;13;5;6;4;26;4;4;0;0;0;0;0;0;0;0
29.09.2024;14:53;A149;1;2;1;4;3;1;7;5;4;3;22;5;5;0;0;0;0;0;0;0;0
29.09.2024;14:52;A149;1;6;5;4;3;3;17;5;4;5;18;4;3;0;0;0;0;0;0;0;0
29.09.2024;14:51;A149;1;5;6;7;4;2;19;3;5;3;17;3;6;0;0;0;0;0;0;0;0
29.09.2024;14:50;A149;1;4;3;2;1;1;11;4;3;4;15;4;4;0;0;0;0;0;0;0;0
29.09.2024;14:49;A149;1;4;4;4;3;4;21;1;1;1;5;2;2;0;0;0;0;0;0;0;0
29.09.2024;14:48;A149;1;4;5;4;6;4;24;6;5;5;20;4;4;0;0;0;0;0;0;0;0
29.09.2024;14:47;A149;1;1;0;1;1;0;2;4;4;4;21;5;5;0;0;0;0;0;0;0;0
29.09.2024;14:46;A149;1;7;9;8;6;7;35;1;0;1;3;1;0;0;0;0;0;0;0;0;0
29.09.2024;14:45;A149;1;7;7;6;4;4;30;2;1;2;8;2;2;0;0;0;0;0;0;0;0
29.09.2024;14:44;A149;1;1;1;2;1;2;7;1;1;1;7;1;1;0;0;0;0;1;1;0;0
29.09.2024;14:43;A149;1;5;5;5;4;3;23;3;2;1;9;2;1;0;0;0;0;0;0;0;0
29.09.2024;14:42;A149;1;5;7;4;4;3;21;4;6;3;22;2;4;0;0;0;0;0;0;0;0
29.09.2024;14:41;A149;1;3;39;3;4;2;55;5;19;3;13;6;6;0;0;0;0;1;1;1;1
29.09.2024;14:40;A149;1;3;3;3;2;3;15;5;5;5;25;4;4;0;0;0;0;0;0;0;0
29.09.2024;14:39;A149;1;9;8;9;6;7;35;9;11;3;37;7;10;0;0;0;0;0;0;0;0
29.09.2024;14:38;A149;1;1;1;2;2;1;7;1;0;0;0;4;12;0;0;0;0;0;0;0;0
29.09.2024;14:37;A149;1;4;5;4;3;3;19;2;2;1;6;1;0;0;0;0;0;0;0;0;0
29.09.2024;14:36;A149;1;8;8;7;6;3;28;4;4;2;19;5;5;0;0;0;0;0;0;0;0
29.09.2024;14:35;A149;1;3;2;5;3;3;19;4;3;3;11;2;1;0;0;0;0;0;0;0;0
29.09.2024;14:34;A149;1;4;4;4;3;4;21;4;4;1;16;3;2;0;0;0;0;0;0;0;0
29.09.2024;14:33;A149;1;3;4;2;2;3;20;3;10;4;18;5;6;0;0;0;0;0;0;0;0
29.09.2024;14:32;A149;1;4;3;5;3;6;33;2;1;1;4;1;1;0;0;0;0;0;0;0;0
29.09.2024;14:31;A149;1;6;5;6;4;5;29;4;5;2;21;2;2;0;0;0;0;0;0;0;0
29.09.2024;14:30;A149;1;3;3;4;3;4;15;4;22;2;15;4;3;0;0;0;0;0;0;0;0
29.09.2024;14:29;A149;1;7;7;6;5;6;32;3;4;4;17;4;5;0;0;0;0;0;0;0;0
29.09.2024;14:28;A149;1;2;1;1;0;0;1;2;2;2;12;3;3;0;0;0;0;1;1;0;0
29.09.2024;14:27;A149;1;3;42;4;4;3;58;3;7;5;22;5;6;0;0;0;0;0;0;0;0
29.09.2024;14:26;A149;1;1;1;3;4;2;17;3;2;3;13;2;2;0;0;0;0;0;0;0;0
29.09.2024;14:25;A149;1;1;1;0;0;1;7;4;3;4;19;5;4;0;0;0;0;0;0;0;0
29.09.2024;14:24;A149;1;1;4;4;2;0;8;9;15;3;50;7;9;0;0;0;0;0;0;0;0
29.09.2024;14:23;A149;1;2;20;3;2;2;28;4;7;3;25;4;14;1;1;0;0;0;0;0;0
29.09.2024;14:22;A149;1;1;1;1;0;1;5;3;3;1;16;6;7;0;0;0;0;0;0;0;0
29.09.2024;14:21;A149;1;5;5;4;3;2;31;4;3;3;15;3;3;1;1;1;1;0;0;0;0
29.09.2024;14:20;A149;1;5;24;6;4;4;49;3;17;1;12;1;1;0;0;0;0;1;1;0;0
29.09.2024;14:19;A149;1;3;2;4;2;3;16;7;6;4;29;7;7;0;0;0;0;0;0;0;0
29.09.2024;14:18;A149;1;3;3;4;3;2;14;5;20;5;27;5;6;0;0;0;0;0;0;0;0
29.09.2024;14:17;A149;1;7;8;7;6;7;37;3;2;3;12;4;3;0;0;0;0;0;0;1;1
29.09.2024;14:16;A149;1;1;0;1;0;1;4;2;2;2;12;2;2;0;0;0;0;0;0;0;0
29.09.2024;14:15;A149;1;5;8;5;5;4;28;5;6;2;9;4;11;0;0;0;0;0;0;0;0
29.09.2024;14:14;A149;1;2;1;1;0;1;5;5;4;4;28;6;6;0;0;0;0;0;0;0;0
29.09.2024;14:13;A149;1;9;11;8;7;5;43;4;3;2;11;3;3;0;0;0;0;0;0;0;0
29.09.2024;14:12;A149;1;6;42;8;10;1;63;5;7;3;17;5;5;0;0;0;0;0;0;0;0
29.09.2024;14:11;A149;1;7;14;6;4;3;24;4;6;2;20;4;6;2;3;1;1;0;0;0;0
29.09.2024;14:10;A149;1;1;2;2;1;2;10;5;5;1;21;2;2;0;0;0;0;1;1;1;1
29.09.2024;14:09;A149;1;4;4;3;2;4;18;1;1;1;5;4;4;0;0;0;0;0;0;0;0
29.09.2024;14:08;A149;1;1;5;2;3;1;12;4;3;1;5;3;2;0;0;0;0;0;0;0;0
29.09.2024;14:07;A149;1;2;4;4;3;1;8;4;10;2;24;2;2;1;1;0;0;0;0;0;0
29.09.2024;14:06;A149;1;5;7;4;3;4;18;2;7;2;24;3;12;0;0;0;0;1;1;0;0
29.09.2024;14:05;A149;1;1;1;1;0;1;4;4;11;3;25;4;4;0;0;0;0;0;0;0;0
29.09.2024;14:04;A149;1;3;7;1;0;1;8;8;25;1;51;7;8;0;0;0;0;0;0;0;0
29.09.2024;14:03;A149;1;8;9;8;7;4;30;7;10;4;36;8;12;0;0;1;1;0;0;0;0
29.09.2024;14:02;A149;1;2;1;2;1;2;8;5;7;2;31;4;4;0;0;0;0;0;0;0;0
29.09.2024;14:01;A149;1;4;4;4;3;3;20;4;4;3;21;4;4;0;0;0;0;0;0;0;0
29.09.2024;14:00;A149;1;1;1;1;1;1;5;7;17;3;35;7;10;0;0;0;0;1;1;1;1
29.09.2024;13:59;A149;1;9;9;10;8;7;46;7;9;5;33;4;5;0;0;0;0;0;0;0;0
29.09.2024;13:58;A149;1;0;0;0;0;0;0;3;3;3;17;5;5;0;0;0;0;0;0;0;0
29.09.2024;13:57;A149;1;4;3;3;2;3;12;10;9;7;39;7;7;0;0;0;0;0;0;0;0
29.09.2024;13:56;A149;1;5;25;2;1;2;33;6;7;3;23;9;10;0;0;0;0;0;0;0;0
29.09.2024;13:55;A149;1;3;4;4;5;3;18;6;7;5;26;6;6;0;0;0;0;0;0;0;0
29.09.2024;13:54;A149;1;2;1;2;1;1;5;5;4;6;27;8;10;0;0;0;0;0;0;0;0
29.09.2024;13:53;A149;1;8;7;5;3;5;32;3;3;3;14;3;3;0;0;0;0;0;0;0;0
29.09.2024;13:52;A149;1;8;8;8;6;3;34;0;0;0;0;0;0;0;0;0;0;0;0;0;0
29.09.2024;13:51;A149;1;5;6;6;4;4;22;2;6;1;17;3;14;0;0;0;0;0;0;0;0
29.09.2024;13:50;A149;1;3;3;5;7;4;16;6;14;4;31;3;3;0;0;0;0;0;0;0;0
29.09.2024;13:49;A149;1;3;4;3;2;1;16;2;2;2;11;5;5;0;0;0;0;0;0;0;0
29.09.2024;13:48;A149;1;2;4;4;2;2;9;2;4;2;13;2;3;0;0;0;0;0;0;0;0
29.09.2024;13:47;A149;1;6;7;6;5;4;30;3;4;1;15;2;2;0;0;0;0;0;0;0;0
29.09.2024;13:46;A149;1;3;6;3;4;1;18;4;4;2;5;5;3;0;0;0;0;0;0;0;0
29.09.2024;13:45;A149;1;3;2;2;2;2;13;6;6;4;29;6;5;0;0;0;0;0;0;0;0
29.09.2024;13:44;A149;1;2;2;3;2;2;10;4;3;4;17;4;3;0;0;0;0;0;0;0;0
29.09.2024;13:43;A149;1;3;2;2;1;2;10;4;4;5;20;5;5;0;0;0;0;0;0;0;0
29.09.2024;13:42;A149;1;5;5;4;2;3;26;1;0;1;4;4;4;0;0;0;0;0;0;0;0
29.09.2024;13:41;A149;1;5;22;5;4;3;46;4;2;1;3;3;2;0;0;0;0;1;1;0;0
29.09.2024;13:40;A149;1;3;19;4;4;1;25;4;6;2;21;4;4;0;0;0;0;0;0;0;0
29.09.2024;13:39;A149;1;1;0;0;0;0;0;3;3;2;13;3;8;0;0;0;0;0;0;0;0
29.09.2024;13:38;A149;1;6;40;5;5;3;59;3;2;1;7;2;1;1;1;0;0;1;1;0;0
29.09.2024;13:37;A149;1;1;1;2;1;1;7;0;0;0;0;0;0;0;0;0;0;0;0;0;0
29.09.2024;13:36;A149;1;4;5;2;1;2;21;4;4;4;20;5;6;0;0;0;0;0;0;0;0
29.09.2024;13:35;A149;1;6;6;5;3;4;24;2;1;2;7;2;1;0;0;0;0;0;0;0;0
29.09.2024;13:34;A149;1;3;2;6;4;3;14;5;4;4;20;4;3;0;0;0;0;0;0;0;0
29.09.2024;13:33;A149;1;3;3;3;2;2;15;3;3;3;13;4;4;0;0;0;0;0;0;0;0
29.09.2024;13:32;A149;1;2;2;1;0;1;7;3;4;3;16;3;2;0;0;0;0;0;0;0;0
29.09.2024;13:31;A149;1;3;4;4;4;4;27;3;3;3;14;4;5;0;0;0;0;0;0;0;0
29.09.2024;13:30;A149;1;5;4;4;2;4;20;7;11;6;37;7;9;0;0;0;0;0;0;1;1
29.09.2024;13:29;A149;1;4;3;3;2;2;15;2;2;2;12;2;2;0;0;0;0;0;0;0;0
29.09.2024;13:28;A149;1;7;6;9;7;5;31;2;5;2;12;1;0;1;1;1;1;0;0;0;0
29.09.2024;13:27;A149;1;3;34;2;3;1;48;3;2;3;11;5;3;0;0;0;0;0;0;0;0
29.09.2024;13:26;A149;1;3;4;5;4;4;19;2;4;2;13;2;4;0;0;0;0;0;0;0;0
29.09.2024;13:25;A149;1;5;5;6;4;5;23;5;4;4;18;6;5;0;0;0;0;0;0;0;0
29.09.2024;13:24;A149;1;2;1;1;1;1;5;3;2;3;12;2;1;0;0;0;0;0;0;0;0
29.09.2024;13:23;A149;1;5;5;5;4;4;28;4;6;4;20;5;6;0;0;0;0;0;0;0;0
29.09.2024;13:22;A149;1;3;3;3;2;3;19;1;0;2;5;1;1;0;0;0;0;0;0;0;0
29.09.2024;13:21;A149;1;3;5;4;3;2;8;8;12;6;45;4;11;0;0;0;0;0;0;0;0
29.09.2024;13:20;A149;1;5;5;6;6;4;25;2;1;1;6;5;10;0;0;0;0;0;0;0;0
29.09.2024;13:19;A149;1;3;3;2;2;4;20;0;0;0;0;0;0;0;0;0;0;0;0;0;0
29.09.2024;13:18;A149;1;2;1;2;0;3;8;2;2;2;10;2;1;0;0;0;0;0;0;0;0
29.09.2024;13:17;A149;1;4;4;2;1;3;28;2;1;2;8;2;2;0;0;0;0;0;0;0;0
29.09.2024;13:16;A149;1;4;9;5;7;1;23;3;4;2;6;1;1;0;0;0;0;0;0;0;0
29.09.2024;13:15;A149;1;0;0;2;3;1;7;4;3;3;11;3;2;0;0;0;0;0;0;0;0
29.09.2024;13:14;A149;1;2;2;2;1;2;11;3;3;3;20;3;4;0;0;0;0;0;0;0;0
29.09.2024;13:13;A149;1;5;6;2;1;2;20;0;0;1;3;1;0;0;0;0;0;0;0;0;0
29.09.2024;13:12;A149;1;2;2;5;4;2;14;1;0;1;3;1;0;0;0;0;0;0;0;0;0
29.09.2024;13:11;A149;1;2;40;2;3;2;51;5;6;3;12;5;5;0;0;0;0;0;0;0;0
29.09.2024;13:10;A149;1;4;5;2;1;2;13;3;5;3;19;3;4;0;0;0;0;0;0;0;0
29.09.2024;13:09;A149;1;2;1;2;1;2;7;4;5;2;19;5;8;0;0;0;0;1;1;0;0
29.09.2024;13:08;A149;1;3;2;4;3;2;15;5;6;2;21;5;6;0;0;0;0;3;5;0;0
29.09.2024;13:07;A149;1;6;8;6;2;3;17;6;10;4;34;3;6;0;0;0;0;0;0;0;0
29.09.2024;13:06;A149;1;2;2;3;2;2;11;3;4;3;17;5;27;0;0;0;0;0;0;0;0
29.09.2024;13:05;A149;1;1;1;1;1;1;6;0;0;0;0;1;5;1;1;0;0;0;0;0;0
29.09.2024;13:04;A149;1;2;3;2;1;1;10;1;1;1;5;1;1;0;0;0;0;0;0;0;0
29.09.2024;13:03;A149;1;5;5;5;4;3;23;2;1;2;6;2;5;0;0;0;0;0;0;0;0
29.09.2024;13:02;A149;1;2;1;3;2;2;11;3;3;2;13;2;2;0;0;0;0;0;0;0;0
29.09.2024;13:01;A149;1;2;1;1;0;1;5;4;18;2;37;5;6;0;0;1;1;0;0;0;0
29.09.2024;13:00;A149;1;3;4;3;2;2;19;1;1;1;7;1;1;0;0;0;0;0;0;0;0
29.09.2024;12:59;A149;1;2;1;2;1;1;7;4;12;3;24;3;2;1;1;0;0;1;1;1;1
29.09.2024;12:58;A149;1;3;3;3;2;3;17;2;13;2;8;2;1;0;0;0;0;0;0;0;0
29.09.2024;12:57;A149;1;6;6;2;1;3;23;11;13;4;46;9;12;0;0;0;0;0;0;0;0
29.09.2024;12:56;A149;1;2;2;6;5;2;15;4;12;4;22;6;7;0;0;0;0;0;0;0;0
29.09.2024;12:55;A149;1;6;14;4;2;4;22;6;8;4;27;5;8;0;0;0;0;0;0;0;0
29.09.2024;12:54;A149;1;4;44;1;2;1;59;2;1;1;6;3;2;0;0;0;0;1;1;0;0
29.09.2024;12:53;A149;1;7;17;7;6;4;45;1;0;1;3;1;0;0;0;0;0;0;0;0;0
29.09.2024;12:52;A149;1;3;2;3;2;3;10;7;12;6;43;7;9;1;1;0;0;0;0;0;0
29.09.2024;12:51;A149;1;4;4;3;2;1;7;2;3;2;13;4;26;0;0;0;0;0;0;0;0
29.09.2024;12:50;A149;1;7;6;4;2;6;32;5;2;4;14;3;2;0;0;0;0;0;0;0;0
29.09.2024;12:49;A149;1;2;2;4;3;2;11;3;35;3;23;4;3;0;0;2;3;0;0;0;0
29.09.2024;12:48;A149;1;2;3;2;1;2;16;0;0;0;0;0;0;0;0;0;0;0;0;0;0
29.09.2024;12:47;A149;1;4;4;5;4;4;24;2;3;2;11;2;2;0;0;0;0;0;0;0;0
29.09.2024;12:46;A149;1;2;1;1;1;2;8;4;4;4;18;4;4;0;0;0;0;0;0;0;0
29.09.2024;12:45;A149;1;1;4;2;4;1;11;5;5;5;15;5;5;0;0;0;0;0;0;0;0
29.09.2024;12:44;A149;1;5;27;5;4;3;45;2;1;2;4;1;0;0;0;0;0;1;1;0;0
29.09.2024;12:43;A149;1;2;2;2;2;1;9;4;4;4;19;4;4;0;0;0;0;0;0;0;0
29.09.2024;12:42;A149;1;4;26;5;2;3;38;5;7;3;25;5;7;0;0;0;0;1;1;1;2
29.09.2024;12:41;A149;1;4;5;4;5;4;27;2;2;1;10;1;0;0;0;0;0;0;0;0;0
29.09.2024;12:40;A149;1;2;2;3;2;1;10;2;1;2;9;3;3;0;0;0;0;0;0;0;0
29.09.2024;12:39;A149;1;3;14;2;1;3;15;2;2;2;14;2;1;0;0;0;0;0;0;0;0
29.09.2024;12:38;A149;1;1;1;2;1;2;11;3;3;3;14;4;5;0;0;0;0;0;0;0;0
29.09.2024;12:37;A149;1;4;3;5;2;1;8;6;8;2;32;5;34;0;0;0;0;0;0;0;0
29.09.2024;12:36;A149;1;5;6;3;2;2;21;3;10;2;19;3;8;0;0;0;0;0;0;0;0
29.09.2024;12:35;A149;1;1;2;2;2;2;15;2;8;2;11;2;2;0;0;0;0;0;0;0;0
29.09.2024;12:34;A149;1;3;5;2;1;2;26;1;8;2;10;1;0;0;0;0;0;0;0;1;2
29.09.2024;12:33;A149;1;3;3;3;2;3;20;7;14;4;34;7;9;0;0;0;0;0;0;0;0
29.09.2024;12:32;A149;1;4;30;3;2;3;27;4;47;1;35;3;3;1;1;0;0;0;0;0;0
29.09.2024;12:31;A149;1;2;2;3;3;3;16;2;2;4;16;3;3;0;0;1;2;0;0;0;0
29.09.2024;12:30;A149;1;2;2;2;2;2;12;4;3;4;17;3;3;0;0;0;0;0;0;0;0
29.09.2024;12:29;A149;1;4;17;3;2;3;23;2;2;2;9;3;2;0;0;0;0;0;0;0;0
29.09.2024;12:28;A149;1;3;34;3;4;2;53;7;6;4;20;5;5;0;0;0;0;0;0;0;0
29.09.2024;12:27;A149;1;2;1;3;2;2;10;4;5;3;21;6;5;0;0;0;0;0;0;0;0
29.09.2024;12:26;A149;1;6;14;5;8;4;44;6;7;3;12;4;3;0;0;0;0;0;0;0;0
29.09.2024;12:25;A149;1;1;2;1;0;0;4;2;2;2;10;3;3;0;0;0;0;0;0;0;0
29.09.2024;12:24;A149;1;6;7;5;4;4;42;2;6;2;15;3;2;0;0;0;0;1;1;0;0
29.09.2024;12:23;A149;1;2;1;3;2;2;8;3;3;2;11;2;1;0;0;0;0;0;0;0;0
29.09.2024;12:22;A149;1;5;5;5;3;5;27;7;6;5;30;7;7;0;0;0;0;0;0;0;0
29.09.2024;12:21;A149;1;4;5;4;3;4;25;2;1;2;8;2;1;0;0;0;0;0;0;0;0
29.09.2024;12:20;A149;1;6;35;4;3;4;54;3;3;2;11;4;5;0;0;0;0;0;0;0;0
29.09.2024;12:19;A149;1;4;3;4;3;3;12;10;10;6;39;7;7;1;1;0;0;0;0;0;0
29.09.2024;12:18;A149;1;4;3;5;3;4;22;3;3;3;14;5;5;0;0;0;0;0;0;0;0
29.09.2024;12:17;A149;1;2;3;2;1;2;15;6;6;5;32;8;9;0;0;0;0;0;0;0;0
29.09.2024;12:16;A149;1;2;1;2;1;1;3;6;6;3;26;6;6;1;1;0;0;0;0;0;0
29.09.2024;12:15;A149;1;4;3;3;2;3;14;6;6;6;28;5;5;0;0;0;0;0;0;0;0
29.09.2024;12:14;A149;1;3;7;2;3;2;20;4;4;2;8;5;5;0;0;0;0;0;0;0;0
29.09.2024;12:13;A149;1;3;3;5;3;3;9;7;9;3;31;7;9;0;0;0;0;0;0;0;0
29.09.2024;12:12;A149;1;2;2;2;1;2;12;5;6;3;27;5;4;0;0;0;0;0;0;0;0
29.09.2024;12:11;A149;1;5;7;5;4;4;30;6;7;4;29;2;2;0;0;0;0;0;0;0;0
29.09.2024;12:10;A149;1;3;27;3;2;2;36;2;2;2;13;4;5;0;0;0;0;1;1;0;0
29.09.2024;12:09;A149;1;0;0;0;0;0;0;3;3;3;14;3;3;0;0;0;0;0;0;0;0
29.09.2024;12:08;A149;1;4;5;4;3;2;13;6;9;2;32;6;34;0;0;0;0;0;0;0;0
29.09.2024;12:07;A149;1;5;5;4;3;4;26;1;0;1;4;2;15;0;0;0;0;0;0;0;0
29.09.2024;12:06;A149;1;0;0;1;0;0;0;1;1;1;6;2;2;0;0;0;0;0;0;0;0
29.09.2024;12:05;A149;1;5;4;4;3;2;20;5;16;5;20;4;3;0;0;0;0;0;0;0;0
29.09.2024;12:04;A149;1;2;2;2;2;2;10;1;0;2;8;1;1;0;0;0;0;0;0;0;0
29.09.2024;12:03;A149;1;2;3;3;2;1;11;1;1;1;3;1;0;0;0;0;0;0;0;0;0
29.09.2024;12:02;A149;1;3;3;3;2;2;16;4;23;4;29;4;4;0;0;0;0;0;0;1;2
29.09.2024;12:01;A149;1;4;4;2;1;2;12;8;8;6;35;6;7;0;0;0;0;0;0;0;0
29.09.2024;12:00;A149;1;4;5;4;4;3;29;5;5;5;25;7;8;0;0;0;0;0;0;0;0
29.09.2024;11:59;A149;1;0;0;1;0;0;0;4;7;3;18;3;3;0;0;0;0;0;0;0;0
29.09.2024;11:58;A149;1;4;4;2;1;3;19;5;13;3;25;5;5;0;0;0;0;0;0;0;0
29.09.2024;11:57;A149;1;4;25;5;4;3;46;7;5;3;16;4;3;0;0;0;0;0;0;0;0
29.09.2024;11:56;A149;1;1;26;2;3;1;35;3;3;2;17;4;5;0;0;0;0;0;0;0;0
29.09.2024;11:55;A149;1;7;7;5;3;5;22;4;7;2;20;3;3;0;0;0;0;0;0;0;0
29.09.2024;11:54;A149;1;2;7;2;3;2;19;3;4;3;16;5;7;0;0;0;0;0;0;0;0
29.09.2024;11:53;A149;1;1;1;1;0;1;7;2;1;4;12;3;2;0;0;0;0;0;0;0;0
29.09.2024;11:52;A149;1;4;14;4;3;4;20;3;3;3;13;3;3;0;0;0;0;0;0;0;0
29.09.2024;11:51;A149;1;7;8;5;4;4;35;5;4;2;18;4;4;0;0;0;0;0;0;0;0
29.09.2024;11:50;A149;1;0;0;2;1;0;0;8;8;5;39;9;10;0;0;0;0;0;0;0;0
29.09.2024;11:49;A149;1;2;2;1;0;1;7;2;3;2;12;2;2;0;0;0;0;0;0;0;0
29.09.2024;11:48;A149;1;3;3;3;1;2;19;3;2;3;11;3;2;0;0;0;0;0;0;0;0
29.09.2024;11:47;A149;1;1;1;3;2;2;16;1;1;1;4;1;1;0;0;0;0;0;0;0;0
29.09.2024;11:46;A149;1;4;7;4;5;3;21;7;8;5;21;4;3;0;0;0;0;0;0;0;0
29.09.2024;11:45;A149;1;2;8;1;0;1;6;4;11;4;20;3;3;0;0;0;0;0;0;0;0
29.09.2024;11:44;A149;1;7;6;9;6;5;29;3;4;3;18;5;5;0;0;0;0;0;0;0;0
29.09.2024;11:43;A149;1;2;3;1;0;1;4;2;4;2;13;2;4;1;2;0;0;0;0;0;0
29.09.2024;11:42;A149;1;2;2;2;1;2;11;1;1;1;5;2;1;1;0;0;0;0;0;0;0
29.09.2024;11:41;A149;1;6;7;6;5;4;31;2;1;1;4;1;0;0;0;0;0;0;0;0;0
29.09.2024;11:40;A149;1;3;3;4;2;2;13;3;2;3;14;3;4;0;0;0;0;0;0;0;0
29.09.2024;11:39;A149;1;1;1;1;0;1;7;7;9;4;35;6;7;0;0;0;0;0;0;0;0
29.09.2024;11:38;A149;1;1;8;1;0;1;9;5;4;3;22;7;6;1;1;0;0;1;1;1;1
29.09.2024;11:37;A149;1;4;5;5;3;2;12;5;8;2;24;2;5;0;0;0;0;0;0;0;0
29.09.2024;11:36;A149;1;1;1;1;0;1;4;1;1;1;6;4;30;0;0;0;0;0;0;0;0
29.09.2024;11:35;A149;1;1;2;1;0;2;6;5;6;2;19;5;6;1;1;0;0;0;0;0;0
29.09.2024;11:34;A149;1;4;3;4;3;3;19;2;2;29;30;3;3;0;0;0;0;1;1;0;0
29.09.2024;11:33;A149;1;5;5;4;4;2;22;4;4;6;19;4;5;0;0;0;0;0;0;0;0
29.09.2024;11:32;A149;1;4;4;4;3;4;20;6;5;2;23;4;5;0;0;0;0;0;0;0;0
29.09.2024;11:31;A149;1;2;2;2;1;2;12;1;0;1;4;3;2;0;0;0;0;0;0;0;0
29.09.2024;11:30;A149;1;3;3;3;2;3;14;2;2;2;10;1;0;0;0;0;0;0;0;0;0
29.09.2024;11:29;A149;1;0;0;0;0;0;0;1;1;1;5;2;2;0;0;0;0;0;0;0;0
29.09.2024;11:28;A149;1;2;2;2;1;2;10;1;1;1;6;1;1;0;0;0;0;1;1;1;1
29.09.2024;11:27;A149;1;1;1;1;0;1;8;2;2;2;10;1;1;0;0;0;0;0;0;0;0
29.09.2024;11:26;A149;1;4;33;4;3;4;52;4;3;2;8;5;6;0;0;0;0;0;0;0;0
29.09.2024;11:25;A149;1;3;2;3;4;2;9;4;5;4;23;3;3;0;0;0;0;0;0;0;0
29.09.2024;11:24;A149;1;1;0;1;0;1;4;2;2;2;9;4;5;0;0;0;0;0;0;0;0
29.09.2024;11:23;A149;1;3;3;3;1;1;3;4;5;3;20;4;6;0;0;0;0;0;0;0;0
29.09.2024;11:22;A149;1;0;0;0;0;0;0;1;20;1;6;2;2;0;0;0;0;0;0;0;0
29.09.2024;11:21;A149;1;2;2;1;0;1;5;1;0;1;4;1;1;0;0;1;1;0;0;0;0
29.09.2024;11:20;A149;1;2;2;3;2;2;19;3;2;3;13;3;2;0;0;0;0;0;0;0;0
29.09.2024;11:19;A149;1;4;5;5;3;4;22;4;5;2;13;3;4;0;0;0;0;0;0;0;0
29.09.2024;11:18;A149;1;2;2;3;2;2;10;1;1;2;10;2;2;0;0;0;0;0;0;0;0
29.09.2024;11:17;A149;1;4;7;2;1;2;20;4;2;3;11;3;2;0;0;0;0;0;0;0;0
29.09.2024;11:16;A149;1;4;5;6;6;2;24;1;1;1;4;1;1;0;0;0;0;0;0;0;0
29.09.2024;11:15;A149;1;2;2;2;1;1;11;1;1;1;5;1;1;0;0;0;0;0;0;0;0
29.09.2024;11:14;A149;1;6;6;5;4;5;28;4;3;3;13;3;2;0;0;0;0;0;0;0;0
29.09.2024;11:13;A149;1;3;2;2;2;1;12;1;2;1;4;1;0;0;0;0;0;1;1;1;2
29.09.2024;11:12;A149;1;3;3;5;4;3;20;1;1;1;4;1;1;0;0;0;0;0;0;0;0
29.09.2024;11:11;A149;1;0;0;0;0;0;0;2;2;2;13;2;2;0;0;0;0;0;0;0;0
29.09.2024;11:10;A149;1;4;4;4;3;2;21;3;3;5;16;4;4;0;0;0;0;0;0;0;0
29.09.2024;11:09;A149;1;3;2;5;5;1;13;5;13;3;18;2;2;0;0;0;0;0;0;0;0
29.09.2024;11:08;A149;1;5;6;4;3;5;25;1;3;2;11;4;25;0;0;0;0;0;0;0;0
29.09.2024;11:07;A149;1;3;3;3;2;3;20;2;1;2;7;2;2;0;0;0;0;0;0;0;0
29.09.2024;11:06;A149;1;1;26;1;0;1;6;3;3;3;13;3;3;0;0;1;1;0;0;0;0
29.09.2024;11:05;A149;1;1;0;1;0;1;4;3;3;2;15;2;2;0;0;0;0;0;0;0;0
29.09.2024;11:04;A149;1;3;2;3;2;3;12;5;4;4;22;5;4;0;0;0;0;0;0;0;0
29.09.2024;11:03;A149;1;0;0;0;0;0;0;2;12;2;13;3;3;0;0;0;0;0;0;0;0
29.09.2024;11:02;A149;1;3;2;3;2;3;16;4;6;2;21;4;4;0;0;0;0;0;0;0;0
29.09.2024;11:01;A149;1;1;1;1;0;1;6;2;1;2;8;2;1;0;0;0;0;0;0;0;0
29.09.2024;11:00;A149;1;0;0;0;0;0;0;2;3;2;10;1;1;0;0;0;0;0;0;0;0
29.09.2024;10:59;A149;1;4;4;4;4;3;17;3;5;1;17;1;1;0;0;2;9;0;0;0;0
29.09.2024;10:58;A149;1;4;25;3;2;3;20;3;17;2;23;6;11;1;1;0;0;0;0;0;0
29.09.2024;10:57;A149;1;3;3;4;3;7;28;4;4;4;16;4;4;1;1;0;0;0;0;0;0
29.09.2024;10:56;A149;1;2;2;2;1;2;12;4;17;2;24;4;4;1;1;1;1;0;0;0;0
29.09.2024;10:55;A149;1;4;32;0;0;1;45;3;17;2;12;1;3;0;0;0;0;0;0;0;0
29.09.2024;10:54;A149;1;3;3;6;6;4;26;3;4;3;15;3;3;1;1;1;1;0;0;0;0
29.09.2024;10:53;A149;1;1;1;1;0;1;7;0;0;0;0;0;0;0;0;0;0;0;0;0;0
29.09.2024;10:52;A149;1;1;1;1;1;1;6;3;4;2;15;2;3;0;0;0;0;0;0;0;0
29.09.2024;10:51;A149;1;2;2;1;1;1;8;1;0;2;7;2;1;0;0;0;0;0;0;0;0
29.09.2024;10:50;A149;1;4;4;4;3;3;19;2;2;2;7;2;1;0;0;0;0;0;0;0;0
29.09.2024;10:49;A149;1;0;0;0;0;0;0;4;4;3;20;3;3;0;0;0;0;0;0;0;0
29.09.2024;10:48;A149;1;1;0;1;0;1;7;4;9;5;18;6;7;0;0;0;0;0;0;0;0
29.09.2024;10:47;A149;1;3;3;3;2;3;18;1;1;1;6;2;3;0;0;0;0;0;0;0;0
29.09.2024;10:46;A149;1;6;8;6;6;4;31;2;3;1;10;2;1;0;0;0;0;0;0;0;0
29.09.2024;10:45;A149;1;0;0;0;0;0;0;3;7;4;20;2;2;0;0;0;0;0;0;0;0
29.09.2024;10:44;A149;1;2;2;2;1;2;12;5;4;3;21;5;5;0;0;0;0;0;0;0;0
29.09.2024;10:43;A149;1;0;0;0;0;0;0;2;3;2;15;2;2;0;0;0;0;0;0;0;0
29.09.2024;10:42;A149;1;7;8;6;4;5;27;3;8;3;16;3;5;0;0;0;0;0;0;0;0
29.09.2024;10:41;A149;1;3;3;3;2;3;20;2;2;2;9;2;2;0;0;0;0;0;0;0;0
29.09.2024;10:40;A149;1;1;5;2;1;1;18;3;3;3;16;2;2;0;0;0;0;0;0;0;0
29.09.2024;10:39;A149;1;0;0;1;0;1;0;3;2;3;13;4;3;1;1;1;1;0;0;0;0
29.09.2024;10:38;A149;1;3;5;3;2;4;27;3;3;3;14;3;3;0;0;0;0;0;0;0;0
29.09.2024;10:37;A149;1;3;2;4;4;2;19;0;0;0;0;0;0;0;0;0;0;0;0;0;0
29.09.2024;10:36;A149;1;6;6;7;5;4;19;2;5;1;14;1;11;0;0;0;0;0;0;0;0
29.09.2024;10:35;A149;1;0;0;1;0;0;0;2;1;2;8;2;35;0;0;0;0;0;0;0;0
29.09.2024;10:34;A149;1;1;0;1;0;1;4;7;8;3;27;4;4;0;0;0;0;0;0;0;0
29.09.2024;10:33;A149;1;2;2;2;1;1;10;1;1;2;10;5;5;0;0;0;0;0;0;0;0
29.09.2024;10:32;A149;1;0;0;0;0;0;0;1;1;1;5;1;0;0;0;0;0;0;0;0;0
29.09.2024;10:31;A149;1;2;1;2;1;2;7;2;2;2;10;3;4;0;0;0;0;0;0;0;0
29.09.2024;10:30;A149;1;1;1;1;0;2;6;0;0;0;0;0;0;0;0;0;0;0;0;0;0
29.09.2024;10:29;A149;1;7;18;8;6;3;38;1;0;1;3;2;1;0;0;0;0;0;0;0;0
29.09.2024;10:28;A149;1;2;62;3;2;3;21;2;2;0;0;0;0;1;1;0;0;0;0;0;0
29.09.2024;10:27;A149;1;2;1;3;2;2;8;3;9;5;20;3;2;0;0;0;0;0;0;0;0
29.09.2024;10:26;A149;1;2;2;2;2;1;11;0;0;0;0;3;4;0;0;0;0;0;0;0;0
29.09.2024;10:25;A149;1;4;38;4;7;3;56;5;3;2;6;2;1;0;0;0;0;0;0;0;0
29.09.2024;10:24;A149;1;0;0;0;0;0;0;2;2;1;7;1;1;0;0;0;0;0;0;0;0
29.09.2024;10:23;A149;1;0;0;0;0;0;0;0;0;1;2;1;0;0;0;0;0;0;0;0;0
29.09.2024;10:22;A149;1;1;1;1;0;1;4;3;3;3;18;1;2;1;1;0;0;0;0;0;0
29.09.2024;10:21;A149;1;3;13;2;4;3;23;1;1;1;5;4;3;0;0;0;0;0;0;0;0
29.09.2024;10:20;A149;1;5;15;5;3;2;27;3;2;3;11;3;2;0;0;1;1;0;0;0;0
29.09.2024;10:19;A149;1;6;21;6;5;7;52;4;15;2;12;4;4;0;0;0;0;0;0;0;0
29.09.2024;10:18;A149;1;2;2;2;4;2;11;0;0;1;5;1;1;0;0;0;0;1;1;0;0
29.09.2024;10:17;A149;1;4;5;5;3;3;11;4;6;2;19;2;4;0;0;0;0;0;0;0;0
29.09.2024;10:16;A149;1;0;0;0;0;0;0;2;2;3;14;3;3;0;0;0;0;0;0;0;0
29.09.2024;10:15;A149;1;2;2;2;1;2;11;2;2;2;10;3;3;0;0;0;0;0;0;0;0
29.09.2024;10:14;A149;1;1;1;1;0;1;7;3;3;2;13;3;3;0;0;0;0;0;0;0;0
29.09.2024;10:13;A149;1;4;6;5;3;4;23;2;4;1;13;2;3;0;0;0;0;0;0;0;0
29.09.2024;10:12;A149;1;0;0;1;0;0;0;3;3;2;16;3;3;0;0;0;0;0;0;0;0
29.09.2024;10:11;A149;1;1;1;1;0;1;8;1;12;1;4;0;0;0;0;0;0;0;0;0;0
29.09.2024;10:10;A149;1;3;6;2;4;4;13;8;10;6;34;6;17;0;0;0;0;0;0;0;0
29.09.2024;10:09;A149;1;2;2;2;1;1;5;3;3;3;15;4;6;0;0;0;0;0;0;0;0
29.09.2024;10:08;A149;1;2;2;2;1;2;10;2;2;2;10;3;5;0;0;0;0;0;0;0;0
29.09.2024;10:07;A149;1;3;3;3;2;2;14;2;2;2;11;2;2;0;0;0;0;0;0;0;0
29.09.2024;10:06;A149;1;3;2;3;2;3;13;0;0;0;0;0;0;0;0;0;0;0;0;0;0
29.09.2024;10:05;A149;1;1;1;1;0;3;8;2;3;2;10;1;0;0;0;0;0;0;0;0;0
29.09.2024;10:04;A149;1;1;1;1;0;1;5;4;3;3;20;5;5;0;0;0;0;0;0;0;0
29.09.2024;10:03;A149;1;0;0;0;0;0;0;1;9;1;8;0;0;0;0;0;0;0;0;0;0
29.09.2024;10:02;A149;1;0;0;0;0;0;0;3;13;2;14;3;3;0;0;0;0;1;1;1;1
29.09.2024;10:01;A149;1;6;8;3;2;3;32;1;1;2;8;1;0;0;0;0;0;0;0;0;0
29.09.2024;10:00;A149;1;1;1;3;2;2;7;4;4;4;17;4;3;0;0;0;0;0;0;0;0
29.09.2024;09:59;A149;1;3;14;2;1;1;28;3;5;3;15;3;5;0;0;0;0;0;0;0;0
29.09.2024;09:58;A149;1;2;24;3;4;1;35;3;2;2;12;2;2;0;0;0;0;0;0;0;0
29.09.2024;09:57;A149;1;2;3;4;4;2;7;4;5;4;20;5;8;0;0;0;0;0;0;0;0
29.09.2024;09:56;A149;1;4;10;4;4;4;29;4;10;3;31;3;5;0;0;0;0;0;0;0;0
29.09.2024;09:55;A149;1;2;2;2;1;2;11;3;3;3;15;4;3;0;0;0;0;2;3;0;0
29.09.2024;09:54;A149;1;3;3;2;2;2;10;3;5;3;19;2;1;0;0;0;0;0;0;0;0
29.09.2024;09:53;A149;1;1;1;0;0;0;0;4;4;3;18;4;5;0;0;0;0;0;0;0;0
29.09.2024;09:52;A149;1;2;2;2;1;3;17;5;5;3;22;5;5;0;0;0;0;0;0;1;1
29.09.2024;09:51;A149;1;2;1;3;2;2;10;3;7;3;18;3;3;0;0;0;0;0;0;0;0
29.09.2024;09:50;A149;1;2;2;2;1;2;8;2;3;1;15;1;1;0;0;0;0;0;0;0;0
29.09.2024;09:49;A149;1;1;0;0;0;1;4;1;1;1;12;1;1;0;0;0;0;1;1;0;0
29.09.2024;09:48;A149;1;2;18;3;3;1;27;3;34;3;17;2;3;0;0;0;0;3;5;0;0
29.09.2024;09:47;A149;1;2;2;1;0;1;12;1;1;0;1;1;1;0;0;0;0;0;0;0;0
29.09.2024;09:46;A149;1;1;1;1;0;1;7;1;1;2;8;2;1;0;0;0;0;0;0;0;0
29.09.2024;09:45;A149;1;1;1;1;1;1;5;4;9;4;20;4;4;0;0;0;0;0;0;0;0
29.09.2024;09:44;A149;1;4;12;3;2;2;24;3;27;4;20;2;1;0;0;0;0;1;1;0;1
29.09.2024;09:43;A149;1;2;1;1;0;1;6;2;3;1;12;2;2;0;0;0;0;1;1;1;0
29.09.2024;09:42;A149;1;4;10;4;3;4;22;2;20;2;8;1;0;0;0;0;0;0;0;0;0
29.09.2024;09:41;A149;1;1;2;2;1;0;0;2;6;1;15;3;4;1;1;1;1;0;0;0;0
29.09.2024;09:40;A149;1;3;1;0;0;0;0;3;5;1;40;4;5;0;0;0;0;0;0;0;0
29.09.2024;09:39;A149;1;1;1;1;0;1;7;1;2;1;5;1;1;0;0;0;0;0;0;0;0
29.09.2024;09:38;A149;1;0;0;1;0;1;6;4;4;2;20;3;3;0;0;0;0;0;0;1;1
29.09.2024;09:37;A149;1;2;1;2;1;3;8;7;7;5;33;8;8;0;0;0;0;1;1;2;3
29.09.2024;09:36;A149;1;4;7;4;2;4;21;4;8;2;28;4;11;0;0;0;0;0;0;0;0
29.09.2024;09:35;A149;1;0;0;0;0;0;0;1;1;1;5;1;1;0;0;0;0;0;0;0;0
29.09.2024;09:34;A149;1;2;2;1;0;1;5;5;5;4;21;5;7;0;0;0;0;0;0;0;0
29.09.2024;09:33;A149;1;2;2;3;2;1;9;0;0;0;0;0;0;0;0;0;0;0;0;0;0
29.09.2024;09:32;A149;1;0;0;0;0;0;0;0;0;0;0;0;0;0;0;0;0;0;0;0;0
29.09.2024;09:31;A149;1;3;25;3;2;3;32;1;1;1;6;1;0;0;0;0;0;1;1;0;0
29.09.2024;09:30;A149;1;1;0;1;0;1;4;1;1;1;6;1;1;0;0;0;0;0;0;0;0
29.09.2024;09:29;A149;1;1;2;1;0;1;5;0;0;0;0;0;0;0;0;0;0;0;0;0;0
29.09.2024;09:28;A149;1;5;5;1;1;1;18;4;6;3;22;6;7;0;0;0;0;0;0;0;0
29.09.2024;09:27;A149;1;1;36;4;6;1;47;4;5;2;8;2;1;0;0;0;0;1;1;0;0
29.09.2024;09:26;A149;1;1;0;1;0;2;12;1;0;1;3;1;1;0;0;0;0;0;0;0;0
29.09.2024;09:25;A149;1;0;0;3;3;0;0;3;13;2;8;1;0;0;0;0;0;0;0;0;0
29.09.2024;09:24;A149;1;1;2;0;0;0;0;1;3;1;12;3;4;0;0;0;0;0;0;0;0
29.09.2024;09:23;A149;1;1;0;1;0;1;2;4;3;3;15;3;3;0;0;0;0;0;0;0;0
29.09.2024;09:22;A149;1;3;3;3;2;3;19;1;0;2;6;2;1;0;0;0;0;0;0;0;0
29.09.2024;09:21;A149;1;2;2;2;1;1;4;2;3;2;13;2;2;0;0;0;0;0;0;0;0
29.09.2024;09:20;A149;1;3;2;2;1;4;24;1;0;1;4;1;1;0;0;0;0;0;0;0;0
29.09.2024;09:19;A149;1;4;4;4;3;4;28;1;0;1;4;1;1;0;0;0;0;0;0;0;0
29.09.2024;09:18;A149;1;0;0;0;0;0;0;2;2;2;11;4;4;0;0;0;0;0;0;0;0
29.09.2024;09:17;A149;1;3;6;3;5;2;18;2;3;3;2;0;0;0;0;0;0;0;0;0;0
29.09.2024;09:16;A149;1;2;1;1;0;1;0;2;1;2;7;1;0;0;0;0;0;0;0;0;0
29.09.2024;09:15;A149;1;0;0;0;0;0;0;1;2;1;7;2;2;0;0;0;0;0;0;0;0
29.09.2024;09:14;A149;1;2;2;2;2;1;11;1;0;1;3;1;0;0;0;0;0;0;0;0;0
29.09.2024;09:13;A149;1;1;0;1;0;1;4;2;2;2;10;2;1;0;0;0;0;0;0;0;0
29.09.2024;09:12;A149;1;1;0;0;0;0;0;5;4;5;23;3;2;0;0;0;0;0;0;0;0
29.09.2024;09:11;A149;1;5;6;6;4;2;22;2;3;1;12;3;4;0;0;0;0;0;0;0;0
29.09.2024;09:10;A149;1;1;1;1;0;1;5;1;0;1;3;1;0;0;0;0;0;0;0;0;0
29.09.2024;09:09;A149;1;1;3;2;2;1;5;2;2;2;9;2;2;0;0;0;0;0;0;0;0
29.09.2024;09:08;A149;1;3;2;3;2;2;19;1;2;1;6;1;6;0;0;0;0;0;0;0;0
29.09.2024;09:07;A149;1;1;0;0;0;0;0;1;1;1;5;1;1;0;0;0;0;0;0;0;0
29.09.2024;09:06;A149;1;0;0;0;0;0;0;2;1;2;9;2;1;0;0;0;0;0;0;0;0
29.09.2024;09:05;A149;1;1;1;1;0;1;5;2;2;1;6;2;2;0;0;0;0;0;0;0;0
29.09.2024;09:04;A149;1;2;2;1;0;2;12;0;0;0;0;0;0;0;0;0;0;0;0;0;0
29.09.2024;09:03;A149;1;1;1;2;1;1;7;0;0;0;0;0;0;0;0;0;0;0;0;0;0
29.09.2024;09:02;A149;1;2;2;0;0;0;3;2;2;2;11;2;2;0;0;0;0;0;0;0;0
29.09.2024;09:01;A149;1;0;0;2;1;1;7;0;0;0;0;1;2;0;0;0;0;0;0;0;0
29.09.2024;09:00;A149;1;0;0;0;0;0;0;1;1;1;4;1;1;0;0;0;0;0;0;0;0
29.09.2024;08:59;A149;1;2;2;2;1;3;12;2;4;1;8;1;1;0;0;0;0;0;0;0;0
29.09.2024;08:58;A149;1;3;32;2;3;1;41;4;16;4;19;4;6;0;0;0;0;1;1;1;1
29.09.2024;08:57;A149;1;0;0;1;0;0;0;0;0;0;0;0;0;0;0;0;0;0;0;0;0
29.09.2024;08:56;A149;1;1;1;1;0;1;6;1;1;1;5;1;1;0;0;0;0;0;0;0;0
29.09.2024;08:55;A149;1;1;3;2;2;0;0;2;5;1;16;1;4;0;0;0;0;0;0;0;0
29.09.2024;08:54;A149;1;0;0;0;0;0;0;1;1;2;5;2;1;0;0;0;0;0;0;0;0
29.09.2024;08:53;A149;1;1;0;1;0;1;4;3;3;2;14;3;3;0;0;0;0;0;0;0;0
29.09.2024;08:52;A149;1;1;1;1;0;1;9;2;1;2;8;3;3;0;0;0;0;0;0;0;0
29.09.2024;08:51;A149;1;0;0;0;0;0;0;1;2;1;8;2;4;0;0;0;0;0;0;0;0
29.09.2024;08:50;A149;1;0;0;0;0;0;0;5;5;4;25;5;5;0;0;0;0;0;0;0;0
29.09.2024;08:49;A149;1;2;2;2;1;2;12;2;1;1;7;2;2;0;0;0;0;0;0;0;0
29.09.2024;08:48;A149;1;0;0;0;0;0;0;2;2;2;9;2;1;0;0;0;0;0;0;0;0
29.09.2024;08:47;A149;1;1;1;1;0;1;6;0;0;0;0;0;0;0;0;0;0;0;0;0;0
29.09.2024;08:46;A149;1;0;0;0;0;0;0;0;0;0;0;0;0;0;0;0;0;0;0;0;0
29.09.2024;08:45;A149;1;2;6;2;3;2;20;5;6;3;14;4;4;0;0;0;0;0;0;0;0
29.09.2024;08:44;A149;1;2;3;2;2;1;4;3;4;3;17;3;4;0;0;0;0;0;0;0;0
29.09.2024;08:43;A149;1;1;1;1;0;1;7;2;1;2;8;2;2;0;0;0;0;0;0;0;0
29.09.2024;08:42;A149;1;0;0;0;0;0;0;2;2;1;9;2;2;0;0;0;0;0;0;0;0
29.09.2024;08:41;A149;1;2;1;3;2;2;10;1;1;1;7;1;1;0;0;0;0;0;0;0;0
29.09.2024;08:40;A149;1;2;1;3;2;4;8;3;3;3;12;4;4;0;0;0;0;0;0;0;0
29.09.2024;08:39;A149;1;0;0;0;0;0;0;3;3;3;18;3;3;0;0;0;0;0;0;0;0
29.09.2024;08:38;A149;1;0;0;0;0;1;0;0;0;0;0;0;0;0;0;0;0;0;0;0;0
29.09.2024;08:37;A149;1;3;5;2;3;2;13;3;5;3;19;3;12;0;0;0;0;0;0;0;0
29.09.2024;08:36;A149;1;3;4;4;3;3;21;0;0;0;0;1;1;0;0;0;0;0;0;0;0
29.09.2024;08:35;A149;1;3;3;2;1;3;16;0;0;0;0;0;0;0;0;0;0;0;0;0;0
29.09.2024;08:34;A149;1;2;2;4;2;3;15;2;2;3;9;2;1;0;0;0;0;0;0;0;0
29.09.2024;08:33;A149;1;0;0;0;0;0;0;1;0;1;5;1;1;0;0;0;0;0;0;0;0
29.09.2024;08:32;A149;1;0;0;0;0;0;0;0;0;0;0;0;0;0;0;0;0;0;0;0;0
29.09.2024;08:31;A149;1;3;3;3;2;4;20;0;0;0;0;0;0;0;0;0;0;0;0;0;0
29.09.2024;08:30;A149;1;1;1;1;0;1;7;1;1;2;5;2;3;0;0;0;0;0;0;0;0
29.09.2024;08:29;A149;1;0;0;0;0;0;0;4;5;3;21;1;1;0;0;0;0;0;0;0;0
29.09.2024;08:28;A149;1;0;0;0;0;0;0;0;0;0;0;3;3;0;0;0;0;0;0;0;0
29.09.2024;08:27;A149;1;2;4;3;3;1;5;1;3;1;7;1;4;0;0;0;0;0;0;0;0
29.09.2024;08:26;A149;1;2;3;1;0;2;7;0;0;0;0;0;0;0;0;0;0;0;0;0;0
29.09.2024;08:25;A149;1;2;35;3;6;2;49;3;3;1;1;2;1;0;0;0;0;0;0;0;0
29.09.2024;08:24;A149;1;1;1;1;0;1;8;1;2;1;8;1;1;0;0;0;0;0;0;0;0
29.09.2024;08:23;A149;1;2;2;1;0;2;12;2;2;2;9;1;1;0;0;0;0;0;0;0;0
29.09.2024;08:22;A149;1;2;2;2;1;1;8;3;3;1;8;3;2;0;0;0;0;0;0;0;0
29.09.2024;08:21;A149;1;1;0;1;0;1;4;3;3;3;20;4;4;0;0;0;0;0;0;0;0
29.09.2024;08:20;A149;1;1;1;1;0;1;7;0;0;0;0;0;0;0;0;0;0;0;0;0;0
29.09.2024;08:19;A149;1;0;0;0;0;0;0;0;0;0;0;0;0;0;0;0;0;0;0;0;0
29.09.2024;08:18;A149;1;0;0;0;0;0;0;0;0;0;0;0;0;0;0;0;0;0;0;0;0
29.09.2024;08:17;A149;1;2;2;2;1;2;11;3;2;3;12;3;3;0;0;0;0;0;0;0;0
29.09.2024;08:16;A149;1;1;1;1;1;1;5;0;0;0;0;0;0;0;0;0;0;0;0;0;0
29.09.2024;08:15;A149;1;0;0;0;0;0;0;1;1;1;5;1;1;0;0;0;0;0;0;0;0
29.09.2024;08:14;A149;1;1;0;0;0;0;0;0;0;0;0;0;0;0;0;0;0;0;0;0;0
29.09.2024;08:13;A149;1;1;0;0;0;3;6;1;0;0;2;0;0;0;0;0;0;0;0;0;0
29.09.2024;08:12;A149;1;2;3;2;1;1;1;3;5;4;20;4;5;0;0;0;0;0;0;0;0
29.09.2024;08:11;A149;1;0;0;1;0;0;0;1;1;1;5;2;3;0;0;0;0;0;0;0;0
29.09.2024;08:10;A149;1;1;1;1;1;1;3;1;1;1;5;1;1;0;0;0;0;0;0;0;0
29.09.2024;08:09;A149;1;2;2;2;1;3;9;0;0;0;0;0;0;0;0;0;0;0;0;0;0
29.09.2024;08:08;A149;1;3;5;4;3;2;11;1;4;1;12;0;0;0;0;0;0;0;0;0;0
29.09.2024;08:07;A149;1;1;1;1;0;1;5;0;0;0;0;1;6;0;0;0;0;0;0;0;0
29.09.2024;08:06;A149;1;1;0;0;0;0;0;2;2;2;10;2;1;0;0;0;0;0;0;0;0
29.09.2024;08:05;A149;1;0;0;0;0;0;0;0;0;0;0;0;0;0;0;0;0;0;0;0;0
29.09.2024;08:04;A149;1;0;0;0;0;0;0;0;0;0;0;0;0;0;0;0;0;0;0;0;0
29.09.2024;08:03;A149;1;0;0;0;0;0;0;0;0;0;0;0;0;0;0;0;0;0;0;0;0
29.09.2024;08:02;A149;1;0;0;0;0;0;0;3;3;2;14;3;3;0;0;0;0;0;0;0;0
29.09.2024;08:01;A149;1;1;0;0;0;0;0;2;2;1;11;2;2;0;0;0;0;0;0;0;0
29.09.2024;08:00;A149;1;2;3;2;1;1;11;0;0;0;0;0;0;0;0;0;0;0;0;0;0
29.09.2024;07:59;A149;1;1;0;1;0;0;0;1;1;1;5;1;0;0;0;0;0;0;0;0;0
29.09.2024;07:58;A149;1;1;1;1;0;1;5;1;1;1;5;1;1;0;0;0;0;0;0;0;0
29.09.2024;07:57;A149;1;1;0;0;0;0;0;2;0;2;2;2;1;0;0;0;0;0;0;0;0
29.09.2024;07:56;A149;1;3;5;2;1;3;19;1;2;2;4;1;2;0;0;0;0;0;0;0;0
29.09.2024;07:55;A149;1;3;5;5;5;2;10;2;8;2;15;1;2;0;0;0;0;0;0;0;0
29.09.2024;07:54;A149;1;0;0;1;1;0;0;1;1;1;7;2;2;0;0;0;0;0;0;0;0
29.09.2024;07:53;A149;1;3;13;3;3;2;15;1;1;1;4;1;1;0;0;0;0;0;0;0;0
29.09.2024;07:52;A149;1;1;1;2;2;1;8;1;0;0;0;0;0;0;0;0;0;0;0;0;0
29.09.2024;07:51;A149;1;1;1;0;0;1;6;0;0;0;0;2;0;0;0;0;0;0;0;0;0
29.09.2024;07:50;A149;1;1;3;3;5;1;12;3;4;0;4;1;0;0;0;0;0;0;0;0;0
29.09.2024;07:49;A149;1;2;2;2;1;2;12;2;3;2;14;0;0;0;0;0;0;0;0;0;0
29.09.2024;07:48;A149;1;1;0;2;2;1;5;1;1;2;10;2;2;0;0;0;0;0;0;0;0
29.09.2024;07:47;A149;1;2;1;1;0;1;7;2;2;2;9;3;4;0;0;0;0;0;0;0;0
29.09.2024;07:46;A149;1;1;0;0;0;0;0;2;2;2;12;1;1;0;0;0;0;0;0;0;0
29.09.2024;07:45;A149;1;2;2;1;0;2;16;0;0;0;0;1;0;0;0;0;0;0;0;0;0
29.09.2024;07:44;A149;1;2;2;2;1;2;10;1;0;1;4;1;1;0;0;0;0;0;0;0;0
29.09.2024;07:43;A149;1;0;0;1;0;0;0;2;2;2;9;2;2;0;0;0;0;0;0;0;0
29.09.2024;07:42;A149;1;1;1;1;0;1;8;3;2;2;13;3;2;0;0;0;0;0;0;0;0
29.09.2024;07:41;A149;1;0;0;0;0;0;0;1;1;1;6;1;1;0;0;0;0;0;0;0;0
29.09.2024;07:40;A149;1;1;1;1;1;1;7;0;0;0;0;0;0;0;0;0;0;0;0;0;0
29.09.2024;07:39;A149;1;0;0;0;0;0;0;3;7;2;21;3;5;0;0;0;0;0;0;0;0
29.09.2024;07:38;A149;1;1;2;1;1;0;0;1;2;1;6;1;2;0;0;0;0;0;0;0;0
29.09.2024;07:37;A149;1;2;1;0;0;1;7;0;0;0;0;0;0;0;0;0;0;0;0;0;0
29.09.2024;07:36;A149;1;1;1;3;2;1;6;1;0;0;0;1;0;0;0;0;0;0;0;0;0
29.09.2024;07:35;A149;1;1;3;2;2;0;0;2;5;1;12;1;1;0;0;0;0;0;0;0;0
29.09.2024;07:34;A149;1;3;4;2;1;2;20;1;1;1;6;1;5;0;0;0;0;0;0;0;0
29.09.2024;07:33;A149;1;0;0;1;0;1;3;0;0;1;4;1;1;0;0;0;0;0;0;0;0
29.09.2024;07:32;A149;1;0;0;0;0;0;0;0;0;0;0;0;0;0;0;0;0;0;0;0;0
29.09.2024;07:31;A149;1;0;0;0;0;0;0;0;0;0;0;0;0;0;0;0;0;0;0;0;0
29.09.2024;07:30;A149;1;1;0;0;0;0;0;1;1;1;7;1;1;0;0;0;0;0;0;0;0
29.09.2024;07:29;A149;1;0;0;0;0;0;0;0;0;0;0;0;0;0;0;0;0;0;0;0;0
29.09.2024;07:28;A149;1;1;0;0;0;0;0;2;2;2;12;2;2;0;0;0;0;0;0;0;0
29.09.2024;07:27;A149;1;1;1;1;0;1;7;0;0;0;0;0;0;0;0;0;0;0;0;0;0
29.09.2024;07:26;A149;1;2;1;3;3;2;10;1;1;1;7;1;0;0;0;0;0;0;0;0;0
29.09.2024;07:25;A149;1;0;0;0;0;0;0;0;0;0;0;0;0;0;0;0;0;0;0;0;0
29.09.2024;07:24;A149;1;1;4;1;2;1;11;1;3;1;4;2;2;0;0;0;0;0;0;0;0
29.09.2024;07:23;A149;1;3;3;1;0;1;5;1;3;1;12;1;3;0;0;0;0;0;0;0;0
29.09.2024;07:22;A149;1;0;0;0;0;0;0;1;1;1;6;1;0;0;0;0;0;0;0;0;0
29.09.2024;07:21;A149;1;0;0;0;0;0;0;0;0;0;0;0;0;0;0;0;0;0;0;0;0
29.09.2024;07:20;A149;1;0;0;0;0;0;0;0;0;0;0;0;0;0;0;0;0;0;0;0;0
29.09.2024;07:19;A149;1;0;0;0;0;0;0;1;1;1;6;1;0;0;0;0;0;0;0;0;0
29.09.2024;07:18;A149;1;0;0;0;0;0;0;1;1;1;8;1;1;0;0;0;0;0;0;0;0
29.09.2024;07:17;A149;1;1;1;0;0;1;8;0;0;0;0;0;0;0;0;0;0;0;0;0;0
29.09.2024;07:16;A149;1;2;2;3;2;3;14;0;0;0;0;0;0;0;0;0;0;0;0;0;0
29.09.2024;07:15;A149;1;1;1;1;0;1;12;1;0;1;8;1;0;0;0;0;0;0;0;0;0
29.09.2024;07:14;A149;1;2;5;2;2;2;24;2;1;1;5;1;1;0;0;0;0;0;0;0;0
29.09.2024;07:13;A149;1;1;2;2;5;1;8;1;0;0;0;0;0;0;0;0;0;0;0;0;0
29.09.2024;07:12;A149;1;1;2;1;0;0;0;1;2;1;9;1;3;0;0;0;0;0;0;0;0
29.09.2024;07:11;A149;1;1;1;2;1;1;9;1;1;1;1;1;0;0;0;0;0;0;0;0;0
29.09.2024;07:10;A149;1;0;0;0;0;0;0;0;0;0;0;0;0;0;0;0;0;0;0;0;0
29.09.2024;07:09;A149;1;0;0;0;0;0;0;1;0;1;4;1;1;0;0;0;0;0;0;0;0
29.09.2024;07:08;A149;1;1;1;1;0;1;6;1;1;1;4;0;0;0;0;0;0;0;0;0;0
29.09.2024;07:07;A149;1;0;0;1;0;0;0;1;0;1;4;1;1;0;0;0;0;0;0;0;0
29.09.2024;07:06;A149;1;3;4;4;1;2;5;3;7;2;19;2;2;0;0;0;0;0;0;0;0
29.09.2024;07:05;A149;1;0;0;0;0;0;0;0;0;1;4;2;8;0;0;0;0;0;0;0;0
29.09.2024;07:04;A149;1;0;0;0;0;0;0;0;0;0;0;0;0;0;0;0;0;0;0;0;0
29.09.2024;07:03;A149;1;0;0;0;0;0;0;0;0;0;0;1;1;0;0;0;0;0;0;0;0
29.09.2024;07:02;A149;1;1;6;1;6;1;20;2;3;0;0;1;2;0;0;0;0;0;0;0;0
29.09.2024;07:01;A149;1;0;0;0;0;0;0;0;0;0;0;0;0;0;0;0;0;0;0;0;0
29.09.2024;07:00;A149;1;2;2;1;0;3;8;1;1;2;5;1;1;0;0;0;0;0;0;0;0
29.09.2024;06:59;A149;1;0;0;1;0;1;3;0;0;0;0;0;0;0;0;0;0;0;0;0;0
29.09.2024;06:58;A149;1;0;0;0;0;0;0;0;0;0;0;0;0;0;0;0;0;0;0;0;0
29.09.2024;06:57;A149;1;1;1;1;0;1;8;0;0;0;0;0;0;0;0;0;0;0;0;0;0
29.09.2024;06:56;A149;1;1;1;1;1;1;7;1;1;1;6;1;1;0;0;0;0;0;0;0;0
29.09.2024;06:55;A149;1;0;0;0;0;0;0;0;0;0;0;0;0;0;0;0;0;0;0;0;0
29.09.2024;06:54;A149;1;1;37;0;0;1;45;3;4;1;9;3;4;0;0;0;0;0;0;0;0
29.09.2024;06:53;A149;1;0;0;1;3;1;3;1;1;1;8;1;1;0;0;0;0;0;0;0;0
29.09.2024;06:52;A149;1;2;2;2;1;2;14;0;0;0;0;0;0;0;0;0;0;0;0;0;0
29.09.2024;06:51;A149;1;0;0;0;0;0;0;2;2;4;7;2;2;0;0;0;0;0;0;0;0
29.09.2024;06:50;A149;1;1;2;1;1;1;12;0;0;0;0;0;0;0;0;0;0;0;0;0;0
29.09.2024;06:49;A149;1;0;0;0;0;0;0;1;1;2;10;0;0;0;0;0;0;0;0;0;0
29.09.2024;06:48;A149;1;0;0;0;0;0;0;1;1;1;7;2;1;0;0;0;0;0;0;0;0
29.09.2024;06:47;A149;1;0;0;0;0;0;0;0;0;0;0;0;0;0;0;0;0;0;0;0;0
29.09.2024;06:46;A149;1;1;1;1;0;1;10;0;0;0;0;0;0;0;0;0;0;0;0;0;0
29.09.2024;06:45;A149;1;0;0;0;0;0;0;0;0;0;0;0;0;0;0;0;0;0;0;0;0
29.09.2024;06:44;A149;1;1;4;1;3;1;14;2;2;0;0;2;2;0;0;0;0;0;0;0;0
29.09.2024;06:43;A149;1;0;0;0;0;0;0;0;0;0;0;0;0;0;0;0;0;0;0;0;0
29.09.2024;06:42;A149;1;0;0;0;0;0;0;1;1;2;7;1;1;0;0;0;0;0;0;0;0
29.09.2024;06:41;A149;1;1;2;2;1;0;0;1;2;2;10;1;3;0;0;0;0;0;0;0;0
29.09.2024;06:40;A149;1;2;3;2;2;1;15;1;1;1;6;1;1;0;0;0;0;0;0;0;0
29.09.2024;06:39;A149;1;0;0;0;0;0;0;0;0;0;0;0;0;0;0;0;0;0;0;0;0
29.09.2024;06:38;A149;1;0;0;0;0;0;0;1;0;2;8;1;0;0;0;0;0;0;0;0;0
29.09.2024;06:37;A149;1;0;0;0;0;0;0;1;1;1;3;1;1;0;0;0;0;0;0;0;0
29.09.2024;06:36;A149;1;2;3;1;2;0;0;3;5;4;17;2;2;0;0;0;0;0;0;0;0
29.09.2024;06:35;A149;1;2;3;2;1;1;19;0;0;0;0;1;6;0;0;0;0;0;0;0;0
29.09.2024;06:34;A149;1;1;0;2;1;2;7;0;0;0;0;0;0;0;0;0;0;0;0;0;0
29.09.2024;06:33;A149;1;1;0;1;0;1;9;0;0;0;0;0;0;0;0;0;0;0;0;0;0
29.09.2024;06:32;A149;1;1;1;1;1;1;10;1;1;1;5;1;1;0;0;0;0;0;0;0;0
29.09.2024;06:31;A149;1;0;0;0;0;0;0;0;0;0;0;0;0;0;0;0;0;0;0;0;0
29.09.2024;06:30;A149;1;0;0;0;0;0;0;0;0;0;0;0;0;0;0;0;0;0;0;0;0
29.09.2024;06:29;A149;1;0;0;0;0;0;0;0;0;0;0;0;0;0;0;0;0;0;0;0;0
29.09.2024;06:28;A149;1;0;0;0;0;0;0;0;0;0;0;0;0;0;0;0;0;0;0;0;0
29.09.2024;06:27;A149;1;0;0;0;0;0;0;0;0;0;0;0;0;0;0;0;0;0;0;0;0
29.09.2024;06:26;A149;1;0;0;0;0;0;0;1;1;1;9;1;1;0;0;0;0;0;0;0;0
29.09.2024;06:25;A149;1;0;0;0;0;0;0;2;2;2;10;1;1;0;0;0;0;0;0;0;0
29.09.2024;06:24;A149;1;1;4;1;3;1;13;2;3;0;0;3;4;0;0;0;0;0;0;0;0
29.09.2024;06:23;A149;1;0;0;0;0;0;0;1;0;1;5;1;1;0;0;0;0;0;0;0;0
29.09.2024;06:22;A149;1;1;1;1;0;1;4;3;3;0;12;0;0;0;0;0;0;0;0;0;0
29.09.2024;06:21;A149;1;1;0;1;0;1;8;2;2;3;19;5;5;0;0;0;0;0;0;0;0
29.09.2024;06:20;A149;1;1;1;1;0;1;9;0;0;0;0;0;0;0;0;0;0;0;0;0;0
29.09.2024;06:19;A149;1;3;4;1;0;1;8;1;4;1;15;1;3;0;0;0;0;0;0;0;0
29.09.2024;06:18;A149;1;0;0;0;0;0;0;0;0;0;0;0;0;0;0;0;0;0;0;0;0
29.09.2024;06:17;A149;1;0;0;0;0;0;0;1;1;1;2;1;0;0;0;0;0;0;0;0;0
29.09.2024;06:16;A149;1;1;1;1;0;1;5;1;1;0;4;0;0;0;0;0;0;0;0;0;0
29.09.2024;06:15;A149;1;2;2;2;1;1;17;0;0;1;5;1;1;0;0;0;0;0;0;0;0
29.09.2024;06:14;A149;1;0;0;0;0;0;0;2;2;2;11;1;1;0;0;0;0;0;0;0;0
29.09.2024;06:13;A149;1;1;1;1;0;1;9;0;0;0;0;1;0;0;0;0;0;0;0;0;0
29.09.2024;06:12;A149;1;1;0;0;0;1;1;0;0;0;0;0;0;0;0;0;0;0;0;0;0
29.09.2024;06:11;A149;1;2;2;3;2;3;18;0;0;0;0;0;0;0;0;0;0;0;0;0;0
29.09.2024;06:10;A149;1;0;0;0;0;0;0;0;0;0;0;0;0;0;0;0;0;0;0;0;0
29.09.2024;06:09;A149;1;0;0;0;0;0;0;1;1;1;1;1;1;0;0;0;0;0;0;0;0
29.09.2024;06:08;A149;1;1;2;1;0;0;0;3;5;3;24;3;5;0;0;0;0;0;0;0;0
29.09.2024;06:07;A149;1;1;1;1;1;1;13;0;0;0;0;0;0;0;0;0;0;0;0;0;0
29.09.2024;06:06;A149;1;0;0;0;0;0;0;0;0;0;0;0;0;0;0;0;0;0;0;0;0
29.09.2024;06:05;A149;1;0;0;0;0;0;0;0;0;0;0;0;0;0;0;0;0;0;0;0;0
29.09.2024;06:04;A149;1;0;0;0;0;0;0;1;1;1;8;1;1;0;0;0;0;0;0;0;0
29.09.2024;06:03;A149;1;1;1;1;0;1;8;0;0;0;0;0;0;0;0;0;0;0;0;0;0
29.09.2024;06:02;A149;1;0;0;0;0;0;0;0;0;0;0;0;0;0;0;0;0;0;0;0;0
29.09.2024;06:01;A149;1;1;4;1;4;1;13;2;3;0;0;2;2;0;0;0;0;0;0;0;0
29.09.2024;06:00;A149;1;0;0;0;0;0;0;0;0;0;0;0;0;0;0;0;0;0;0;0;0
29.09.2024;05:59;A149;1;1;1;1;0;1;7;1;1;2;6;0;0;0;0;0;0;0;0;0;0
29.09.2024;05:58;A149;1;1;1;1;0;1;11;0;0;0;0;1;1;0;0;0;0;0;0;0;0
29.09.2024;05:57;A149;1;0;0;0;0;0;0;1;2;1;5;1;0;0;0;0;0;0;0;0;0
29.09.2024;05:56;A149;1;1;1;1;0;1;7;0;0;0;0;0;0;0;0;0;0;0;0;0;0
29.09.2024;05:55;A149;1;2;1;0;0;0;0;2;2;2;6;2;2;0;0;0;0;0;0;0;0
29.09.2024;05:54;A149;1;0;0;0;0;0;0;0;0;0;0;0;0;0;0;0;0;0;0;0;0
29.09.2024;05:53;A149;1;0;0;0;0;0;0;0;0;0;0;0;0;0;0;0;0;0;0;0;0
29.09.2024;05:52;A149;1;0;0;0;0;0;0;0;0;0;0;0;0;0;0;0;0;0;0;0;0
29.09.2024;05:51;A149;1;1;1;1;0;1;11;1;0;1;5;1;1;0;0;0;0;0;0;0;0
29.09.2024;05:50;A149;1;1;1;1;0;1;9;1;0;1;5;1;1;0;0;0;0;0;0;0;0
29.09.2024;05:49;A149;1;0;0;0;0;0;0;0;0;0;0;0;0;0;0;0;0;0;0;0;0
29.09.2024;05:48;A149;1;0;0;0;0;0;0;0;0;0;0;0;0;0;0;0;0;0;0;0;0
29.09.2024;05:47;A149;1;2;2;2;1;2;15;2;1;1;8;3;3;0;0;0;0;0;0;0;0
29.09.2024;05:46;A149;1;0;0;0;0;0;0;0;0;0;0;1;0;0;0;0;0;0;0;0;0
29.09.2024;05:45;A149;1;1;1;0;0;0;6;1;1;1;5;1;1;0;0;0;0;0;0;0;0
29.09.2024;05:44;A149;1;0;0;1;0;1;1;0;0;0;0;1;0;0;0;0;0;0;0;0;0
29.09.2024;05:43;A149;1;4;4;3;2;2;20;5;6;5;19;4;6;0;0;0;0;0;0;0;0
29.09.2024;05:42;A149;1;0;0;0;0;0;0;0;0;0;0;2;2;0;0;0;0;0;0;0;0
29.09.2024;05:41;A149;1;0;0;0;0;0;0;1;1;1;5;1;0;0;0;0;0;0;0;0;0
29.09.2024;05:40;A149;1;0;0;0;0;0;0;1;1;1;6;1;0;0;0;0;0;0;0;0;0
29.09.2024;05:39;A149;1;0;0;0;0;0;0;0;0;0;0;0;0;0;0;0;0;0;0;0;0
29.09.2024;05:38;A149;1;0;0;0;0;0;0;2;2;2;16;3;3;0;0;0;0;0;0;0;0
29.09.2024;05:37;A149;1;0;0;0;0;0;0;0;0;0;0;0;0;0;0;0;0;0;0;0;0
29.09.2024;05:36;A149;1;0;0;0;0;0;0;3;3;1;18;3;3;0;0;0;0;0;0;0;0
29.09.2024;05:35;A149;1;0;0;0;0;0;0;0;0;0;0;0;0;0;0;0;0;0;0;0;0
29.09.2024;05:34;A149;1;0;0;0;0;0;0;0;0;0;0;0;0;0;0;0;0;0;0;0;0
29.09.2024;05:33;A149;1;0;0;0;0;0;0;3;3;2;12;2;2;0;0;0;0;0;0;0;0
29.09.2024;05:32;A149;1;0;0;0;0;0;0;1;1;1;2;2;1;0;0;0;0;0;0;0;0
29.09.2024;05:31;A149;1;1;2;1;0;0;0;2;11;3;8;1;3;0;0;0;0;0;0;0;0
29.09.2024;05:30;A149;1;0;0;0;0;0;0;1;1;1;7;1;0;0;0;0;0;0;0;0;0
29.09.2024;05:29;A149;1;0;0;0;0;0;0;0;0;0;0;0;0;0;0;0;0;0;0;0;0
29.09.2024;05:28;A149;1;0;0;0;0;0;0;1;0;1;2;1;1;0;0;0;0;0;0;0;0
29.09.2024;05:27;A149;1;0;0;0;0;0;0;1;1;1;5;1;0;0;0;0;0;0;0;0;0
29.09.2024;05:26;A149;1;1;1;1;0;1;10;1;1;1;5;1;0;0;0;0;0;1;1;1;1
29.09.2024;05:25;A149;1;0;0;0;0;0;0;2;2;3;10;2;1;0;0;0;0;0;0;0;0
29.09.2024;05:24;A149;1;1;1;1;0;2;7;1;1;1;8;1;0;0;0;0;0;0;0;0;0
29.09.2024;05:23;A149;1;0;0;0;0;0;0;2;2;2;7;1;1;0;0;0;0;0;0;0;0
29.09.2024;05:22;A149;1;0;0;0;0;0;0;1;1;2;9;2;2;0;0;0;0;0;0;0;0
29.09.2024;05:21;A149;1;0;0;0;0;0;0;0;0;0;0;0;0;0;0;0;0;0;0;0;0
29.09.2024;05:20;A149;1;1;1;1;1;1;9;0;0;0;0;0;0;0;0;0;0;0;0;0;0
29.09.2024;05:19;A149;1;2;1;2;1;4;10;0;0;0;0;0;0;0;0;0;0;0;0;0;0
29.09.2024;05:18;A149;1;0;0;0;0;0;0;0;0;0;0;0;0;0;0;0;0;0;0;0;0
29.09.2024;05:17;A149;1;0;0;0;0;0;0;0;0;0;0;0;0;0;0;0;0;0;0;0;0
29.09.2024;05:16;A149;1;0;0;0;0;0;0;0;0;0;0;0;0;0;0;0;0;0;0;0;0
29.09.2024;05:15;A149;1;0;0;0;0;0;0;0;0;0;0;0;0;0;0;0;0;0;0;0;0
29.09.2024;05:14;A149;1;1;1;1;0;1;7;0;0;0;0;0;0;0;0;0;0;0;0;0;0
29.09.2024;05:13;A149;1;0;0;0;0;0;0;0;0;0;0;0;0;0;0;0;0;0;0;0;0
29.09.2024;05:12;A149;1;0;0;0;0;0;0;0;0;0;0;0;0;0;0;0;0;0;0;0;0
29.09.2024;05:11;A149;1;1;2;1;0;0;0;1;3;1;11;1;2;0;0;0;0;0;0;0;0
29.09.2024;05:10;A149;1;1;1;1;0;1;9;0;0;0;0;0;0;0;0;0;0;0;0;0;0
29.09.2024;05:09;A149;1;0;0;0;0;0;0;0;0;0;0;0;0;0;0;0;0;0;0;0;0
29.09.2024;05:08;A149;1;0;0;0;0;0;0;1;1;1;5;1;0;0;0;0;0;0;0;0;0
29.09.2024;05:07;A149;1;0;0;0;0;0;0;0;0;0;0;0;0;0;0;0;0;0;0;0;0
29.09.2024;05:06;A149;1;0;0;0;0;0;0;2;2;1;12;1;1;0;0;0;0;0;0;0;0
29.09.2024;05:05;A149;1;1;1;1;0;1;6;1;0;1;0;2;1;0;0;0;0;0;0;0;0
29.09.2024;05:04;A149;1;0;0;0;0;0;0;1;0;1;6;1;0;0;0;0;0;0;0;0;0
29.09.2024;05:03;A149;1;0;0;0;0;0;0;0;0;0;0;0;0;0;0;0;0;0;0;0;0
29.09.2024;05:02;A149;1;2;2;3;1;0;0;1;4;1;13;1;3;0;0;0;0;0;0;0;0
29.09.2024;05:01;A149;1;0;0;0;0;0;0;0;0;0;0;0;0;0;0;0;0;0;0;0;0
29.09.2024;05:00;A149;1;0;0;0;0;0;0;0;0;0;0;0;0;0;0;0;0;0;0;0;0
29.09.2024;04:59;A149;1;0;0;0;0;0;0;1;1;1;5;1;1;0;0;0;0;0;0;0;0
29.09.2024;04:58;A149;1;0;0;0;0;0;0;1;1;1;7;1;1;0;0;0;0;0;0;0;0
29.09.2024;04:57;A149;1;0;0;0;0;0;0;0;0;0;0;0;0;0;0;0;0;0;0;0;0
29.09.2024;04:56;A149;1;1;0;0;0;0;0;1;1;2;6;1;0;0;0;0;0;0;0;0;0
29.09.2024;04:55;A149;1;0;0;0;0;0;0;0;0;0;0;0;0;0;0;0;0;0;0;0;0
29.09.2024;04:54;A149;1;1;0;1;0;1;5;1;0;1;0;1;0;0;0;0;0;0;0;0;0
29.09.2024;04:53;A149;1;0;0;0;0;0;0;0;0;0;0;0;0;0;0;0;0;0;0;0;0
29.09.2024;04:52;A149;1;0;0;0;0;0;0;1;0;1;1;1;1;0;0;0;0;0;0;0;0
29.09.2024;04:51;A149;1;0;0;0;0;0;0;1;1;1;3;0;0;0;0;0;0;0;0;0;0
29.09.2024;04:50;A149;1;2;2;2;1;2;17;1;1;2;7;2;1;0;0;0;0;0;0;0;0
29.09.2024;04:49;A149;1;0;0;0;0;0;0;0;0;0;0;0;0;0;0;0;0;0;0;0;0
29.09.2024;04:48;A149;1;0;0;0;0;0;0;0;0;0;0;0;0;0;0;0;0;0;0;0;0
29.09.2024;04:47;A149;1;0;0;0;0;0;0;0;0;0;0;0;0;0;0;0;0;0;0;0;0
29.09.2024;04:46;A149;1;0;0;0;0;0;0;0;0;0;0;0;0;0;0;0;0;0;0;0;0
29.09.2024;04:45;A149;1;0;0;0;0;0;0;1;1;1;11;1;1;0;0;0;0;0;0;0;0
29.09.2024;04:44;A149;1;2;2;2;1;2;19;0;0;0;0;0;0;0;0;0;0;0;0;0;0
29.09.2024;04:43;A149;1;1;1;1;0;1;8;0;0;0;0;0;0;0;0;0;0;0;0;0;0
29.09.2024;04:42;A149;1;0;0;0;0;0;0;0;0;0;0;0;0;0;0;0;0;0;0;0;0
29.09.2024;04:41;A149;1;2;2;2;1;4;16;1;0;0;0;0;0;0;0;0;0;0;0;0;0
29.09.2024;04:40;A149;1;0;0;0;0;0;0;1;0;1;6;1;0;0;0;0;0;0;0;0;0
29.09.2024;04:39;A149;1;1;1;1;1;2;10;0;0;0;0;0;0;0;0;0;0;0;0;0;0
29.09.2024;04:38;A149;1;0;0;0;0;0;0;0;0;0;0;0;0;0;0;0;0;0;0;0;0
29.09.2024;04:37;A149;1;2;2;2;1;2;15;0;0;0;0;0;0;0;0;0;0;0;0;0;0
29.09.2024;04:36;A149;1;0;0;0;0;0;0;1;1;1;6;1;0;0;0;0;0;0;0;0;0
29.09.2024;04:35;A149;1;1;1;1;0;1;6;0;0;0;0;0;0;0;0;0;0;0;0;0;0
29.09.2024;04:34;A149;1;0;0;0;0;0;0;1;1;1;7;1;0;0;0;0;0;0;0;0;0
29.09.2024;04:33;A149;1;0;0;0;0;0;0;0;0;0;0;0;0;0;0;0;0;0;0;0;0
29.09.2024;04:32;A149;1;0;0;0;0;0;0;0;0;0;0;0;0;0;0;0;0;0;0;0;0
29.09.2024;04:31;A149;1;0;0;0;0;0;0;1;1;2;4;1;1;0;0;0;0;0;0;0;0
29.09.2024;04:30;A149;1;1;1;1;0;1;7;1;1;2;3;1;1;0;0;0;0;0;0;0;0
29.09.2024;04:29;A149;1;0;0;0;0;0;0;0;0;0;0;0;0;0;0;0;0;0;0;0;0
29.09.2024;04:28;A149;1;1;1;0;0;1;8;2;2;1;6;1;0;0;0;0;0;0;0;0;0
29.09.2024;04:27;A149;1;0;0;1;1;0;0;0;0;0;0;0;0;0;0;0;0;0;0;0;0
29.09.2024;04:26;A149;1;0;0;0;0;0;0;0;0;0;0;0;0;0;0;0;0;0;0;0;0
29.09.2024;04:25;A149;1;0;0;0;0;0;0;0;0;0;0;0;0;0;0;0;0;0;0;0;0
29.09.2024;04:24;A149;1;1;1;1;0;1;8;0;0;0;0;0;0;0;0;0;0;0;0;0;0
29.09.2024;04:23;A149;1;3;2;3;2;4;23;1;0;0;0;0;0;0;0;0;0;0;0;0;0
29.09.2024;04:22;A149;1;1;1;1;0;1;10;2;1;1;8;1;1;0;0;0;0;0;0;0;0
29.09.2024;04:21;A149;1;2;2;0;0;0;10;0;0;0;0;0;0;0;0;0;0;0;0;0;0
29.09.2024;04:20;A149;1;0;0;2;2;1;0;0;0;0;0;0;0;0;0;0;0;0;0;0;0
29.09.2024;04:19;A149;1;1;1;1;0;1;10;0;0;0;0;0;0;0;0;0;0;0;0;0;0
29.09.2024;04:18;A149;1;2;2;0;0;0;7;1;1;1;4;1;1;0;0;0;0;0;0;0;0
29.09.2024;04:17;A149;1;0;0;2;1;1;7;0;0;0;0;0;0;0;0;0;0;0;0;0;0
29.09.2024;04:16;A149;1;1;2;0;0;0;8;0;0;0;0;0;0;0;0;0;0;0;0;0;0
29.09.2024;04:15;A149;1;1;1;2;1;3;18;0;0;0;0;0;0;0;0;0;0;0;0;0;0
29.09.2024;04:14;A149;1;0;0;0;0;0;0;0;0;0;0;0;0;0;0;0;0;0;0;0;0
29.09.2024;04:13;A149;1;1;1;1;0;1;9;0;0;0;0;0;0;0;0;0;0;0;0;0;0
29.09.2024;04:12;A149;1;0;0;0;0;0;0;0;0;0;0;0;0;0;0;0;0;0;0;0;0
29.09.2024;04:11;A149;1;0;0;0;0;0;0;0;0;0;0;0;0;0;0;0;0;0;0;0;0
29.09.2024;04:10;A149;1;0;0;0;0;0;0;0;0;0;0;0;0;0;0;0;0;0;0;0;0
29.09.2024;04:09;A149;1;0;0;0;0;0;0;0;0;0;0;0;0;0;0;0;0;0;0;0;0
29.09.2024;04:08;A149;1;0;0;0;0;0;0;0;0;0;0;0;0;0;0;0;0;0;0;0;0
29.09.2024;04:07;A149;1;0;0;0;0;0;0;1;1;1;7;1;1;0;0;0;0;0;0;0;0
29.09.2024;04:06;A149;1;0;0;0;0;0;0;1;1;1;5;1;0;0;0;0;0;0;0;0;0
29.09.2024;04:05;A149;1;0;0;0;0;0;0;0;0;0;0;0;0;0;0;0;0;0;0;0;0
29.09.2024;04:04;A149;1;0;0;0;0;0;0;3;3;3;6;2;2;0;0;0;0;0;0;0;0
29.09.2024;04:03;A149;1;1;0;1;0;1;7;2;2;1;11;3;3;0;0;0;0;0;0;0;0
29.09.2024;04:02;A149;1;1;1;1;0;1;7;0;0;0;0;0;0;0;0;0;0;0;0;0;0
29.09.2024;04:01;A149;1;1;0;0;0;0;0;1;1;1;7;1;1;0;0;0;0;0;0;0;0
29.09.2024;04:00;A149;1;0;0;0;0;0;0;0;0;0;0;0;0;0;0;0;0;0;0;0;0
29.09.2024;03:59;A149;1;0;0;0;0;0;0;0;0;0;0;0;0;0;0;0;0;0;0;0;0
29.09.2024;03:58;A149;1;1;0;1;0;0;0;1;1;1;1;1;1;0;0;0;0;0;0;0;0
29.09.2024;03:57;A149;1;0;0;0;0;0;0;0;0;0;0;0;0;0;0;0;0;0;0;0;0
29.09.2024;03:56;A149;1;1;1;1;0;1;6;0;0;0;0;0;0;0;0;0;0;0;0;0;0
29.09.2024;03:55;A149;1;0;0;0;0;0;0;0;0;0;0;0;0;0;0;0;0;0;0;0;0
29.09.2024;03:54;A149;1;2;1;1;0;1;7;1;1;1;8;1;1;0;0;0;0;0;0;0;0
29.09.2024;03:53;A149;1;0;0;0;0;0;0;0;0;0;0;0;0;0;0;0;0;0;0;0;0
29.09.2024;03:52;A149;1;0;0;0;0;0;0;0;0;0;0;0;0;0;0;0;0;0;0;0;0
29.09.2024;03:51;A149;1;0;0;0;0;0;0;0;0;0;0;0;0;0;0;0;0;0;0;0;0
29.09.2024;03:50;A149;1;2;2;2;2;3;18;0;0;0;0;0;0;0;0;0;0;0;0;0;0
29.09.2024;03:49;A149;1;0;0;0;0;0;0;0;0;0;0;0;0;0;0;0;0;0;0;0;0
29.09.2024;03:48;A149;1;0;0;0;0;0;0;0;0;0;0;0;0;0;0;0;0;0;0;0;0
29.09.2024;03:47;A149;1;0;0;0;0;0;0;0;0;0;0;0;0;0;0;0;0;0;0;0;0
29.09.2024;03:46;A149;1;1;1;1;0;1;10;0;0;0;0;0;0;0;0;0;0;0;0;0;0
29.09.2024;03:45;A149;1;0;0;0;0;0;0;0;0;0;0;0;0;0;0;0;0;0;0;0;0
29.09.2024;03:44;A149;1;1;0;0;0;0;0;1;1;1;1;1;1;0;0;0;0;0;0;0;0
29.09.2024;03:43;A149;1;2;2;2;1;2;13;0;0;0;0;0;0;0;0;0;0;0;0;0;0
29.09.2024;03:42;A149;1;2;1;1;0;2;17;3;3;1;7;1;0;0;0;0;0;0;0;0;0
29.09.2024;03:41;A149;1;0;0;1;0;0;0;1;1;2;9;2;1;0;0;0;0;0;0;0;0
29.09.2024;03:40;A149;1;0;0;0;0;0;0;0;0;0;0;0;0;0;0;0;0;0;0;0;0
29.09.2024;03:39;A149;1;2;2;2;1;2;12;0;0;0;0;0;0;0;0;0;0;0;0;0;0
29.09.2024;03:38;A149;1;0;0;0;0;0;0;0;0;0;0;0;0;0;0;0;0;0;0;0;0
29.09.2024;03:37;A149;1;1;1;1;0;2;9;1;0;0;0;0;0;0;0;0;0;0;0;0;0
29.09.2024;03:36;A149;1;0;0;1;0;0;0;1;1;1;4;1;1;0;0;0;0;0;0;0;0
29.09.2024;03:35;A149;1;0;0;0;0;0;0;1;1;1;6;1;1;0;0;0;0;0;0;0;0
29.09.2024;03:34;A149;1;0;0;0;0;0;0;0;0;0;0;0;0;0;0;0;0;0;0;0;0
29.09.2024;03:33;A149;1;1;1;0;0;0;5;1;0;0;0;1;0;0;0;0;0;0;0;0;0
29.09.2024;03:32;A149;1;0;0;1;0;1;2;0;0;0;0;0;0;0;0;0;0;0;0;0;0
29.09.2024;03:31;A149;1;0;0;0;0;0;0;0;0;0;0;0;0;0;0;0;0;0;0;0;0
29.09.2024;03:30;A149;1;0;0;0;0;0;0;0;0;0;0;0;0;0;0;0;0;0;0;0;0
29.09.2024;03:29;A149;1;1;1;1;0;3;5;1;0;0;0;0;0;0;0;0;0;0;0;0;0
29.09.2024;03:28;A149;1;1;1;0;0;1;11;1;1;1;3;1;1;0;0;0;0;0;0;0;0
29.09.2024;03:27;A149;1;0;0;2;1;1;7;1;1;1;6;1;1;0;0;0;0;0;0;0;0
29.09.2024;03:26;A149;1;1;0;0;0;0;0;1;1;1;2;1;1;0;0;0;0;0;0;0;0
29.09.2024;03:25;A149;1;2;1;0;0;0;9;2;2;2;12;2;1;0;0;0;0;0;0;0;0
29.09.2024;03:24;A149;1;0;0;1;0;1;0;0;0;0;0;0;0;0;0;0;0;0;0;0;0
29.09.2024;03:23;A149;1;1;0;1;0;3;2;2;1;1;4;1;1;0;0;0;0;0;0;0;0
29.09.2024;03:22;A149;1;2;0;0;0;0;0;2;1;1;7;2;1;0;0;0;0;0;0;0;0
29.09.2024;03:21;A149;1;0;0;0;0;0;0;1;1;0;0;0;0;0;0;0;0;0;0;0;0
29.09.2024;03:20;A149;1;0;0;0;0;0;0;0;0;1;4;1;0;0;0;0;0;0;0;0;0
29.09.2024;03:19;A149;1;0;0;0;0;0;0;0;0;0;0;0;0;0;0;0;0;0;0;0;0
29.09.2024;03:18;A149;1;0;0;0;0;0;0;0;0;0;0;0;0;0;0;0;0;0;0;0;0
29.09.2024;03:17;A149;1;0;0;0;0;0;0;0;0;0;0;0;0;0;0;0;0;0;0;0;0
29.09.2024;03:16;A149;1;0;0;0;0;0;0;1;1;1;5;1;1;0;0;0;0;0;0;0;0
29.09.2024;03:15;A149;1;0;0;0;0;0;0;0;0;0;0;0;0;0;0;0;0;0;0;0;0
29.09.2024;03:14;A149;1;0;0;0;0;0;0;0;0;0;0;0;0;0;0;0;0;0;0;0;0
29.09.2024;03:13;A149;1;1;1;1;0;1;9;0;0;0;0;0;0;0;0;0;0;0;0;0;0
29.09.2024;03:12;A149;1;2;1;2;1;2;14;1;0;2;2;0;0;0;0;0;0;0;0;0;0
29.09.2024;03:11;A149;1;1;0;1;0;0;0;1;1;1;7;2;1;0;0;0;0;0;0;0;0
29.09.2024;03:10;A149;1;1;1;1;1;1;7;0;0;0;0;0;0;0;0;0;0;0;0;0;0
29.09.2024;03:09;A149;1;1;1;1;0;1;11;2;1;0;0;1;0;0;0;0;0;0;0;0;0
29.09.2024;03:08;A149;1;0;0;0;0;0;0;0;0;0;0;0;0;0;0;0;0;0;0;0;0
29.09.2024;03:07;A149;1;1;1;1;1;1;11;1;1;2;5;1;1;0;0;0;0;0;0;0;0
29.09.2024;03:06;A149;1;0;0;0;0;0;0;0;0;0;0;0;0;0;0;0;0;0;0;0;0
29.09.2024;03:05;A149;1;1;1;1;0;0;0;1;1;1;0;1;1;0;0;0;0;0;0;0;0
29.09.2024;03:04;A149;1;0;0;0;0;0;0;1;1;1;8;1;0;0;0;0;0;0;0;0;0
29.09.2024;03:03;A149;1;2;2;2;1;2;16;1;0;0;0;0;0;0;0;0;0;0;0;0;0
29.09.2024;03:02;A149;1;1;1;1;1;1;10;0;0;0;0;0;0;0;0;0;0;0;0;0;0
29.09.2024;03:01;A149;1;1;0;0;0;0;0;3;4;1;15;1;1;0;0;0;0;0;0;0;0
29.09.2024;03:00;A149;1;0;0;0;0;0;0;2;2;3;17;4;3;0;0;0;0;0;0;0;0
29.09.2024;02:59;A149;1;0;0;0;0;0;0;0;0;0;0;0;0;0;0;0;0;0;0;0;0
29.09.2024;02:58;A149;1;0;0;0;0;0;0;0;0;0;0;0;0;0;0;0;0;0;0;0;0
29.09.2024;02:57;A149;1;0;0;0;0;0;0;0;0;0;0;0;0;0;0;0;0;0;0;0;0
29.09.2024;02:56;A149;1;1;0;1;0;1;6;0;0;0;0;0;0;0;0;0;0;0;0;0;0
29.09.2024;02:55;A149;1;0;0;0;0;0;0;0;0;0;0;0;0;0;0;0;0;0;0;0;0
29.09.2024;02:54;A149;1;1;1;0;0;1;7;0;0;0;0;0;0;0;0;0;0;0;0;0;0
29.09.2024;02:53;A149;1;0;0;1;0;0;0;1;1;1;8;1;1;0;0;0;0;0;0;0;0
29.09.2024;02:52;A149;1;0;0;0;0;0;0;0;0;0;0;0;0;0;0;0;0;0;0;0;0
29.09.2024;02:51;A149;1;1;0;0;0;0;0;2;1;2;11;1;0;0;0;0;0;0;0;0;0
29.09.2024;02:50;A149;1;0;0;0;0;0;0;0;0;1;1;1;1;0;0;0;0;0;0;0;0
29.09.2024;02:49;A149;1;2;2;2;1;2;16;0;0;0;0;0;0;0;0;0;0;0;0;0;0
29.09.2024;02:48;A149;1;0;0;0;0;0;0;0;0;0;0;0;0;0;0;0;0;0;0;0;0
29.09.2024;02:47;A149;1;0;0;0;0;0;0;2;3;2;14;2;3;0;0;0;0;0;0;0;0
29.09.2024;02:46;A149;1;0;0;0;0;0;0;0;0;0;0;0;0;0;0;0;0;0;0;0;0
29.09.2024;02:45;A149;1;1;1;1;0;1;8;3;2;3;14;1;1;0;0;0;0;0;0;0;0
29.09.2024;02:44;A149;1;2;3;2;1;2;19;0;0;0;0;1;0;0;0;0;0;0;0;0;0
29.09.2024;02:43;A149;1;0;0;0;0;0;0;0;0;0;0;0;0;0;0;0;0;0;0;0;0
29.09.2024;02:42;A149;1;1;1;1;1;1;10;2;1;2;5;1;0;0;0;0;0;0;0;0;0
29.09.2024;02:41;A149;1;0;0;0;0;0;0;0;0;0;0;0;0;0;0;0;0;0;0;0;0
29.09.2024;02:40;A149;1;2;1;1;0;1;5;3;3;5;13;3;3;0;0;0;0;0;0;0;0
29.09.2024;02:39;A149;1;1;1;1;1;1;10;1;1;1;5;1;0;0;0;0;0;0;0;0;0
29.09.2024;02:38;A149;1;2;3;1;0;1;18;1;0;0;0;1;0;0;0;0;0;0;0;0;0
29.09.2024;02:37;A149;1;2;3;5;3;2;8;1;3;1;9;0;0;0;0;0;0;0;0;0;0
29.09.2024;02:36;A149;1;0;0;0;0;0;0;0;0;0;0;1;5;0;0;0;0;0;0;0;0
29.09.2024;02:35;A149;1;0;0;0;0;0;0;0;0;0;0;0;0;0;0;0;0;0;0;0;0
29.09.2024;02:34;A149;1;1;0;0;0;0;0;1;1;1;6;1;0;0;0;0;0;0;0;0;0
29.09.2024;02:33;A149;1;0;0;0;0;0;0;1;0;1;6;1;0;0;0;0;0;0;0;0;0
29.09.2024;02:32;A149;1;0;0;0;0;0;0;0;0;0;0;0;0;0;0;0;0;0;0;0;0
29.09.2024;02:31;A149;1;0;0;0;0;0;0;0;0;0;0;0;0;0;0;0;0;0;0;0;0
29.09.2024;02:30;A149;1;0;0;0;0;0;0;0;0;0;0;0;0;0;0;0;0;0;0;0;0
29.09.2024;02:29;A149;1;3;3;2;1;2;18;0;0;0;0;0;0;0;0;0;0;0;0;0;0
29.09.2024;02:28;A149;1;1;0;2;1;1;9;0;0;0;0;0;0;0;0;0;0;0;0;0;0
29.09.2024;02:27;A149;1;2;0;1;0;2;4;2;1;2;8;2;1;0;0;0;0;0;0;0;0
29.09.2024;02:26;A149;1;0;0;0;0;0;0;2;2;3;9;2;2;0;0;0;0;0;0;0;0
29.09.2024;02:25;A149;1;0;0;0;0;0;0;0;0;0;0;0;0;0;0;0;0;0;0;0;0
29.09.2024;02:24;A149;1;2;41;2;3;3;17;3;2;0;0;2;2;0;0;0;0;1;1;0;0
29.09.2024;02:23;A149;1;1;0;0;0;0;0;1;1;1;8;1;1;0;0;0;0;0;0;0;0
29.09.2024;02:22;A149;1;0;0;0;0;0;0;2;2;2;10;1;1;0;0;0;0;0;0;0;0
29.09.2024;02:21;A149;1;0;0;0;0;0;0;0;0;0;0;1;1;0;0;0;0;0;0;0;0
29.09.2024;02:20;A149;1;1;2;1;0;1;9;0;0;0;0;0;0;0;0;0;0;0;0;0;0
29.09.2024;02:19;A149;1;0;0;0;0;0;0;0;0;0;0;0;0;0;0;0;0;0;0;0;0
29.09.2024;02:18;A149;1;0;0;0;0;0;0;0;0;0;0;0;0;0;0;0;0;0;0;0;0
29.09.2024;02:17;A149;1;0;0;0;0;0;0;1;20;1;9;0;0;0;0;0;0;0;0;0;0
29.09.2024;02:16;A149;1;1;1;1;0;1;8;0;0;0;0;1;0;0;0;0;0;0;0;0;0
29.09.2024;02:15;A149;1;1;1;1;1;1;9;1;0;1;4;1;1;0;0;0;0;0;0;0;0
29.09.2024;02:14;A149;1;0;0;0;0;0;0;0;0;0;0;0;0;0;0;0;0;0;0;0;0
29.09.2024;02:13;A149;1;3;3;3;2;1;15;0;0;0;0;0;0;0;0;0;0;0;0;0;0
29.09.2024;02:12;A149;1;0;0;0;0;0;0;0;0;0;0;0;0;0;0;0;0;0;0;0;0
29.09.2024;02:11;A149;1;1;1;1;0;1;9;0;0;0;0;0;0;0;0;0;0;0;0;0;0
29.09.2024;02:10;A149;1;0;0;0;0;0;0;0;0;0;0;0;0;0;0;0;0;0;0;0;0
29.09.2024;02:09;A149;1;1;1;1;0;1;8;1;9;2;2;1;1;0;0;0;0;0;0;0;0
29.09.2024;02:08;A149;1;0;0;0;0;0;0;0;0;0;0;0;0;0;0;0;0;0;0;0;0
29.09.2024;02:07;A149;1;3;2;2;1;3;23;1;0;2;3;1;0;0;0;0;0;0;0;0;0
29.09.2024;02:06;A149;1;0;0;1;1;0;0;1;1;1;7;1;0;0;0;0;0;0;0;0;0
29.09.2024;02:05;A149;1;1;0;0;0;0;0;2;1;2;7;2;1;0;0;0;0;0;0;0;0
29.09.2024;02:04;A149;1;0;0;0;0;0;0;0;0;0;0;0;0;0;0;0;0;0;0;0;0
29.09.2024;02:03;A149;1;3;3;3;2;2;25;0;0;0;0;0;0;0;0;0;0;0;0;0;0
29.09.2024;02:02;A149;1;0;0;0;0;0;0;0;0;0;0;0;0;0;0;0;0;0;0;0;0
29.09.2024;02:01;A149;1;0;0;0;0;0;0;1;1;1;6;1;1;0;0;0;0;0;0;0;0
29.09.2024;02:00;A149;1;1;1;1;0;1;10;1;0;1;4;1;1;0;0;0;0;0;0;0;0
