Datum;Uhrzeit;Bezeichnung;Intervall;D21Z;D21B;V22Z;V22B;D51Z;D51B;V52Z;V52B;D81Z;D81B;V82Z;V82B;D111Z;D111B;V112Z;V112B;TF32Z;TF32B;TF35Z;TF35B;TF38Z;TF38B;TF41Z;TF41B;TB32Z;TB32B;TB35Z;TB35B;TB38Z;TB38B;TB41Z;TB41B
29.11.2024;01:00;A 35;1;0;0;0;0;0;0;0;0;0;0;0;0;1;0;1;2;0;0;0;0;0;0;0;0;0;0;0;0;0;0;0;0
29.11.2024;00:59;A 35;1;0;0;0;0;0;0;0;0;0;0;0;0;0;0;0;0;0;0;0;0;0;0;0;0;0;0;0;0;0;0;0;0
29.11.2024;00:58;A 35;1;0;0;0;0;0;0;0;0;0;0;0;0;1;1;1;4;0;0;0;0;0;0;0;0;0;0;0;0;0;0;0;0
29.11.2024;00:57;A 35;1;0;0;0;0;0;0;0;0;0;5;0;0;1;1;1;7;0;0;0;0;1;1;0;0;0;0;0;0;0;0;0;0
29.11.2024;00:56;A 35;1;0;0;0;0;0;0;0;0;1;34;2;8;1;3;2;21;0;0;0;0;0;0;0;0;0;0;0;0;0;0;0;0
29.11.2024;00:55;A 35;1;0;0;0;0;0;0;0;0;0;0;0;0;1;0;1;5;0;0;0;0;0;0;0;0;0;0;0;0;0;0;0;0
29.11.2024;00:54;A 35;1;0;0;0;0;0;0;0;0;0;0;0;0;1;1;1;6;0;0;0;0;0;0;0;0;0;0;0;0;0;0;0;0
29.11.2024;00:53;A 35;1;0;0;0;0;1;0;1;3;1;0;0;0;0;0;0;0;0;0;0;0;0;0;0;0;0;0;0;0;0;0;0;0
29.11.2024;00:52;A 35;1;0;0;0;0;0;0;0;0;0;0;0;0;0;0;0;0;0;0;0;0;0;0;0;0;0;0;0;0;0;0;0;0
29.11.2024;00:51;A 35;1;0;0;0;0;1;1;2;3;0;0;0;0;0;0;0;0;0;0;0;0;0;0;0;0;0;0;0;0;0;0;0;0
29.11.2024;00:50;A 35;1;0;0;0;0;2;1;2;5;2;0;0;0;2;5;2;25;0;0;0;0;0;0;0;0;0;0;0;0;0;0;0;0
29.11.2024;00:49;A 35;1;0;0;0;0;1;9;3;7;1;0;0;0;1;1;1;0;0;0;0;0;0;0;0;0;0;0;0;0;0;0;0;0
29.11.2024;00:48;A 35;1;0;0;0;0;1;0;1;3;0;0;0;0;1;1;1;6;0;0;0;0;0;0;0;0;0;0;0;0;0;0;0;0
29.11.2024;00:47;A 35;1;0;0;0;0;0;0;0;0;0;0;0;0;2;2;2;10;0;0;0;0;0;0;0;0;0;0;0;0;0;0;0;0
29.11.2024;00:46;A 35;1;0;0;0;0;2;3;3;6;0;0;0;0;0;0;0;0;0;0;0;0;0;0;0;0;0;0;0;0;0;0;0;0
29.11.2024;00:45;A 35;1;0;0;0;0;0;0;0;0;0;0;0;0;1;1;1;7;0;0;0;0;0;0;0;0;0;0;0;0;0;0;0;0
29.11.2024;00:44;A 35;1;0;0;0;0;1;3;2;4;0;0;0;0;1;2;1;11;0;0;0;0;0;0;0;0;0;0;0;0;0;0;0;0
29.11.2024;00:43;A 35;1;0;0;0;0;0;0;0;0;0;0;0;0;0;0;0;0;0;0;0;0;0;0;0;0;0;0;0;0;0;0;0;0
29.11.2024;00:42;A 35;1;0;0;0;0;2;3;2;9;0;0;0;0;1;1;2;6;0;0;0;0;0;0;0;0;0;0;0;0;0;0;0;0
29.11.2024;00:41;A 35;1;0;0;0;0;0;0;0;0;0;0;0;0;0;0;0;0;0;0;0;0;0;0;0;0;0;0;0;0;0;0;0;0
29.11.2024;00:40;A 35;1;0;0;0;0;0;0;0;0;0;0;0;0;1;1;3;5;0;0;0;0;0;0;0;0;0;0;0;0;0;0;0;0
29.11.2024;00:39;A 35;1;0;0;0;0;0;0;0;0;0;0;0;0;0;0;0;0;0;0;0;0;0;0;0;0;0;0;0;0;0;0;0;0
29.11.2024;00:38;A 35;1;0;0;0;0;0;0;0;0;1;17;1;7;0;0;0;0;0;0;0;0;0;0;0;0;0;0;0;0;0;0;0;0
29.11.2024;00:37;A 35;1;0;0;0;0;0;0;0;0;0;0;0;0;0;0;0;0;0;0;0;0;0;0;0;0;0;0;0;0;0;0;0;0
29.11.2024;00:36;A 35;1;0;0;0;0;0;0;0;0;0;0;0;0;1;1;1;6;0;0;0;0;0;0;0;0;0;0;0;0;0;0;0;0
29.11.2024;00:35;A 35;1;0;0;0;0;0;0;0;0;0;0;0;0;1;1;2;2;0;0;0;0;0;0;0;0;0;0;0;0;0;0;0;0
29.11.2024;00:34;A 35;1;0;0;0;0;0;0;0;0;0;0;0;0;0;0;0;0;0;0;0;0;0;0;0;0;0;0;0;0;0;0;0;0
29.11.2024;00:33;A 35;1;0;0;0;0;0;0;0;0;0;0;0;0;1;2;1;10;0;0;0;0;0;0;0;0;0;0;0;0;0;0;0;0
29.11.2024;00:32;A 35;1;0;0;0;0;1;1;2;2;0;0;0;0;1;0;3;4;0;0;0;0;0;0;0;0;0;0;0;0;0;0;0;0
29.11.2024;00:31;A 35;1;0;0;0;0;0;0;0;0;1;37;1;9;1;0;1;2;0;0;0;0;0;0;0;0;0;0;0;0;0;0;0;0
29.11.2024;00:30;A 35;1;0;0;0;0;0;0;0;0;0;0;0;0;2;2;1;13;0;0;0;0;0;0;0;0;0;0;0;0;0;0;0;0
29.11.2024;00:29;A 35;1;0;0;0;0;1;1;2;4;0;0;0;0;2;2;3;19;0;0;0;0;0;0;0;0;0;0;0;0;0;0;0;0
29.11.2024;00:28;A 35;1;0;0;0;0;0;0;0;0;0;0;0;0;1;1;1;4;0;0;0;0;0;0;0;0;0;0;0;0;0;0;0;0
29.11.2024;00:27;A 35;1;0;0;0;0;0;0;0;0;0;0;0;0;0;0;0;0;0;0;0;0;0;0;0;0;0;0;0;0;0;0;0;0
29.11.2024;00:26;A 35;1;0;0;0;0;3;10;6;33;0;0;0;0;1;4;1;16;0;0;0;0;0;0;0;0;0;0;0;0;0;0;0;0
29.11.2024;00:25;A 35;1;1;0;1;6;1;0;1;2;0;0;0;0;0;0;0;0;0;0;0;0;0;0;0;0;0;0;0;0;0;0;0;0
29.11.2024;00:24;A 35;1;0;0;0;0;2;1;2;4;0;0;0;0;1;0;2;2;0;0;0;0;0;0;0;0;0;0;0;0;0;0;0;0
29.11.2024;00:23;A 35;1;0;0;0;0;1;1;2;4;0;0;0;0;1;5;10;26;0;0;0;0;0;0;0;0;0;0;0;0;0;0;0;0
29.11.2024;00:22;A 35;1;0;0;0;0;1;1;1;6;0;0;0;0;0;0;0;0;0;0;0;0;0;0;0;0;0;0;0;0;0;0;0;0
29.11.2024;00:21;A 35;1;0;0;0;0;0;0;0;0;0;0;0;0;1;1;1;7;0;0;0;0;0;0;0;0;0;0;0;0;0;0;0;0
29.11.2024;00:20;A 35;1;0;0;0;0;0;0;0;0;0;0;0;0;0;0;0;0;0;0;0;0;0;0;0;0;0;0;0;0;0;0;0;0
29.11.2024;00:19;A 35;1;1;1;0;0;2;1;2;4;0;0;0;0;1;1;1;6;0;0;0;0;0;0;0;0;0;0;0;0;0;0;0;0
29.11.2024;00:18;A 35;1;2;0;0;0;1;1;2;3;0;0;0;0;2;1;1;9;0;0;0;0;0;0;0;0;0;0;0;0;0;0;0;0
29.11.2024;00:17;A 35;1;1;0;0;0;1;0;2;2;0;0;0;0;1;0;1;3;0;0;0;0;0;0;0;0;0;0;0;0;0;0;0;0
29.11.2024;00:16;A 35;1;0;0;0;0;0;0;0;0;1;36;1;9;0;0;0;0;0;0;0;0;0;0;0;0;0;0;0;0;0;0;0;0
29.11.2024;00:15;A 35;1;0;0;0;0;0;0;0;0;0;0;0;0;0;0;0;0;0;0;0;0;0;0;0;0;0;0;0;0;0;0;0;0
29.11.2024;00:14;A 35;1;0;0;0;0;0;0;0;0;0;0;0;0;1;1;2;4;0;0;0;0;0;0;0;0;0;0;0;0;0;0;0;0
29.11.2024;00:13;A 35;1;0;0;0;0;1;0;2;2;0;0;0;0;2;2;3;16;0;0;0;0;0;0;0;0;0;0;0;0;0;0;0;0
29.11.2024;00:12;A 35;1;0;0;0;0;2;5;3;13;0;0;0;0;0;0;0;0;0;0;0;0;0;0;0;0;0;0;0;0;0;0;0;0
29.11.2024;00:11;A 35;1;0;0;0;0;0;0;0;0;1;0;0;0;1;0;1;4;0;0;0;0;0;0;0;0;0;0;0;0;0;0;0;0
29.11.2024;00:10;A 35;1;0;0;0;0;2;6;7;22;0;0;0;0;3;3;3;16;0;0;0;0;0;0;0;0;0;0;0;0;0;0;0;0
29.11.2024;00:09;A 35;1;0;0;0;0;2;5;1;13;0;0;0;0;0;0;0;0;0;0;0;0;0;0;0;0;0;0;0;0;0;0;0;0
29.11.2024;00:08;A 35;1;0;0;0;0;2;4;1;8;0;0;0;0;0;0;0;0;0;0;0;0;0;0;0;0;0;0;0;0;0;0;0;0
29.11.2024;00:07;A 35;1;0;0;0;0;1;0;1;4;0;0;0;0;1;1;1;5;0;0;0;0;0;0;0;0;0;0;0;0;0;0;0;0
29.11.2024;00:06;A 35;1;0;0;0;0;1;2;2;4;0;0;0;0;1;1;2;3;0;0;0;0;0;0;0;0;0;0;0;0;0;0;0;0
29.11.2024;00:05;A 35;1;1;11;1;6;2;2;4;9;0;0;2;3;1;1;2;5;0;0;0;0;0;0;0;0;0;0;0;0;0;0;0;0
29.11.2024;00:04;A 35;1;0;0;0;0;0;0;2;23;0;0;0;0;1;1;1;7;0;0;0;0;0;0;0;0;0;0;0;0;0;0;0;0
29.11.2024;00:03;A 35;1;0;0;0;0;1;6;2;7;0;0;0;0;3;3;3;15;0;0;0;0;0;0;0;0;0;0;0;0;0;0;0;0
29.11.2024;00:02;A 35;1;1;2;1;6;0;0;0;0;1;9;0;2;3;2;4;9;0;0;0;0;0;0;0;0;0;0;0;0;0;0;0;0
29.11.2024;00:01;A 35;1;0;0;0;0;1;1;2;2;0;0;1;4;0;0;0;0;0;0;0;0;0;0;0;0;0;0;0;0;0;0;0;0
29.11.2024;00:00;A 35;1;0;0;0;0;1;1;1;3;0;0;0;0;1;1;1;5;0;0;0;0;0;0;0;0;0;0;0;0;0;0;0;0
28.11.2024;23:59;A 35;1;0;0;0;0;0;0;0;0;0;0;0;0;1;0;1;5;0;0;0;0;0;0;0;0;0;0;0;0;0;0;0;0
28.11.2024;23:58;A 35;1;0;0;0;0;0;0;0;0;0;0;0;0;0;0;0;0;0;0;0;0;0;0;0;0;0;0;0;0;0;0;0;0
28.11.2024;23:57;A 35;1;0;0;0;0;0;0;0;0;0;0;0;0;4;3;4;18;0;0;0;0;0;0;0;0;0;0;0;0;0;0;0;0
28.11.2024;23:56;A 35;1;0;0;0;0;1;0;0;3;0;0;0;0;2;4;3;20;0;0;0;0;0;0;0;0;0;0;0;0;0;0;0;0
28.11.2024;23:55;A 35;1;0;0;0;0;1;0;2;3;0;0;0;0;0;0;0;0;0;0;0;0;0;0;0;0;0;0;0;0;0;0;0;0
28.11.2024;23:54;A 35;1;0;0;0;0;0;0;0;0;0;0;0;0;2;7;5;49;0;0;0;0;0;0;1;1;0;0;0;0;0;0;1;1
28.11.2024;23:53;A 35;1;0;0;0;0;1;1;1;6;0;0;0;0;1;1;1;4;0;0;0;0;0;0;0;0;0;0;0;0;0;0;0;0
28.11.2024;23:52;A 35;1;0;0;0;0;3;9;7;18;0;0;0;0;3;4;3;19;0;0;0;0;0;0;0;0;0;0;0;0;0;0;0;0
28.11.2024;23:51;A 35;1;0;0;0;0;1;0;1;2;0;0;0;0;4;3;3;17;0;0;0;0;0;0;0;0;0;0;0;0;0;0;0;0
28.11.2024;23:50;A 35;1;0;0;0;0;0;0;0;0;1;1;1;6;1;1;1;4;0;0;0;0;0;0;0;0;0;0;0;0;0;0;0;0
28.11.2024;23:49;A 35;1;0;0;0;0;1;0;2;2;1;23;1;10;3;4;2;33;0;0;0;0;0;0;0;0;0;0;0;0;0;0;0;0
28.11.2024;23:48;A 35;1;0;0;0;0;0;0;0;0;0;0;0;0;4;5;5;34;0;0;0;0;0;0;0;0;0;0;0;0;0;0;0;0
28.11.2024;23:47;A 35;1;0;0;0;0;4;5;6;28;1;0;0;0;2;1;3;5;0;0;0;0;0;0;0;0;0;0;0;0;0;0;0;0
28.11.2024;23:46;A 35;1;0;0;0;0;0;0;0;0;0;0;0;0;1;1;1;6;0;0;0;0;0;0;0;0;0;0;0;0;0;0;0;0
28.11.2024;23:45;A 35;1;0;0;0;0;0;0;0;0;1;10;1;5;4;5;4;34;0;0;0;0;0;0;0;0;0;0;0;0;0;0;0;0
28.11.2024;23:44;A 35;1;0;0;0;0;3;2;5;10;0;0;0;0;4;6;3;29;0;0;0;0;0;0;0;0;0;0;0;0;0;0;0;0
28.11.2024;23:43;A 35;1;0;0;0;0;1;0;2;3;0;0;0;0;2;2;2;10;0;0;0;0;0;0;0;0;0;0;0;0;0;0;0;0
28.11.2024;23:42;A 35;1;0;0;0;0;0;0;0;0;1;1;1;8;5;11;2;47;0;0;0;0;0;0;0;0;0;0;0;0;0;0;0;0
28.11.2024;23:41;A 35;1;0;0;0;0;0;0;0;0;0;0;0;0;1;1;1;5;0;0;0;0;0;0;0;0;0;0;0;0;0;0;0;0
28.11.2024;23:40;A 35;1;0;0;0;0;2;2;3;9;1;18;1;26;0;0;0;0;0;0;0;0;0;0;0;0;0;0;0;0;0;0;0;0
28.11.2024;23:39;A 35;1;0;0;0;0;2;1;1;5;0;0;0;0;1;1;1;6;0;0;0;0;0;0;0;0;0;0;0;0;0;0;0;0
28.11.2024;23:38;A 35;1;0;0;0;0;1;0;1;4;1;21;1;11;1;1;1;6;0;0;0;0;0;0;0;0;0;0;0;0;0;0;0;0
28.11.2024;23:37;A 35;1;0;37;1;6;0;0;0;0;0;0;0;0;1;1;1;13;0;0;0;0;0;0;0;0;0;0;0;0;0;0;0;0
28.11.2024;23:36;A 35;1;1;0;0;0;0;0;0;0;0;0;0;0;6;5;4;25;0;0;0;0;0;0;0;0;0;0;0;0;0;0;0;0
28.11.2024;23:35;A 35;1;0;0;0;0;3;10;5;25;0;0;0;0;2;3;3;22;0;0;0;0;0;0;0;0;0;0;0;0;0;0;0;0
28.11.2024;23:34;A 35;1;0;0;0;0;1;1;2;3;0;0;0;0;1;1;1;7;0;0;0;0;0;0;0;0;0;0;0;0;0;0;0;0
28.11.2024;23:33;A 35;1;0;0;0;0;0;0;0;0;0;0;0;0;0;0;0;0;0;0;0;0;0;0;0;0;0;0;0;0;0;0;0;0
28.11.2024;23:32;A 35;1;0;0;0;0;2;3;1;16;0;0;0;0;3;4;3;22;0;0;0;0;0;0;0;0;0;0;0;0;0;0;0;0
28.11.2024;23:31;A 35;1;0;0;0;0;3;4;5;8;0;0;0;0;1;1;1;6;0;0;0;0;0;0;1;1;0;0;0;0;0;0;1;1
28.11.2024;23:30;A 35;1;0;0;0;0;0;0;0;0;0;0;0;0;2;5;3;12;0;0;0;0;0;0;0;0;0;0;0;0;0;0;0;0
28.11.2024;23:29;A 35;1;1;1;0;0;2;3;1;14;0;0;0;0;0;0;0;0;0;0;0;0;0;0;0;0;0;0;0;0;0;0;0;0
28.11.2024;23:28;A 35;1;0;0;0;0;1;1;1;4;2;0;0;0;1;0;1;3;0;0;0;0;0;0;0;0;0;0;0;0;0;0;0;0
28.11.2024;23:27;A 35;1;0;0;0;0;0;0;0;0;0;0;0;0;0;0;0;0;0;0;0;0;0;0;0;0;0;0;0;0;0;0;0;0
28.11.2024;23:26;A 35;1;0;0;0;0;3;6;3;40;0;0;0;0;2;9;2;26;0;0;0;0;0;0;0;0;0;0;0;0;0;0;0;0
28.11.2024;23:25;A 35;1;0;0;0;0;2;2;2;4;0;0;0;0;2;2;2;13;0;0;0;0;0;0;0;0;0;0;0;0;0;0;0;0
28.11.2024;23:24;A 35;1;0;0;0;0;0;0;0;0;0;0;0;0;6;10;1;42;0;0;0;0;0;0;0;0;0;0;0;0;0;0;0;0
28.11.2024;23:23;A 35;1;0;0;0;0;2;2;3;11;0;0;0;0;0;0;1;0;0;0;0;0;0;0;0;0;0;0;0;0;0;0;0;0
28.11.2024;23:22;A 35;1;0;0;0;0;1;0;1;6;0;0;0;0;1;0;1;5;0;0;0;0;0;0;0;0;0;0;0;0;0;0;0;0
28.11.2024;23:21;A 35;1;0;0;0;0;0;0;0;0;0;0;0;0;0;0;0;0;0;0;0;0;0;0;0;0;0;0;0;0;0;0;0;0
28.11.2024;23:20;A 35;1;0;0;0;0;2;2;2;10;1;0;0;0;3;4;2;20;0;0;0;0;0;0;0;0;0;0;0;0;0;0;0;0
28.11.2024;23:19;A 35;1;0;0;0;0;2;1;4;6;0;0;0;0;1;1;1;9;0;0;0;0;0;0;0;0;0;0;0;0;0;0;0;0
28.11.2024;23:18;A 35;1;0;0;0;0;0;0;0;0;0;0;0;0;2;2;2;13;0;0;0;0;0;0;0;0;0;0;0;0;0;0;0;0
28.11.2024;23:17;A 35;1;0;0;0;0;2;1;2;6;2;26;4;19;2;2;3;17;0;0;0;0;0;0;0;0;0;0;0;0;0;0;0;0
28.11.2024;23:16;A 35;1;0;0;0;0;0;0;1;2;1;1;1;4;3;4;2;21;0;0;0;0;0;0;0;0;0;0;0;0;0;0;0;0
28.11.2024;23:15;A 35;1;0;0;0;0;3;3;4;9;0;0;0;0;3;4;3;22;0;0;0;0;0;0;0;0;0;0;0;0;0;0;0;0
28.11.2024;23:14;A 35;1;0;0;0;0;2;2;1;7;0;0;0;0;0;0;0;0;0;0;0;0;0;0;0;0;0;0;0;0;0;0;0;0
28.11.2024;23:13;A 35;1;0;0;0;0;1;0;2;2;0;0;0;0;1;0;2;2;0;0;0;0;0;0;0;0;0;0;0;0;0;0;0;0
28.11.2024;23:12;A 35;1;0;0;0;0;1;0;1;3;1;1;1;7;0;0;0;3;0;0;0;0;0;0;0;0;0;0;0;0;0;0;0;0
28.11.2024;23:11;A 35;1;0;0;0;0;2;3;2;15;0;0;0;0;1;1;1;3;0;0;0;0;0;0;0;0;0;0;0;0;0;0;0;0
28.11.2024;23:10;A 35;1;2;0;1;6;3;2;3;6;0;0;0;0;7;10;2;49;0;0;0;0;0;0;0;0;0;0;0;0;0;0;0;0
28.11.2024;23:09;A 35;1;0;0;0;0;0;0;0;0;1;12;1;6;3;4;3;17;0;0;0;0;0;0;0;0;0;0;0;0;1;1;0;0
28.11.2024;23:08;A 35;1;0;0;0;0;3;2;3;8;0;0;0;0;1;1;1;4;0;0;0;0;0;0;0;0;0;0;0;0;0;0;0;0
28.11.2024;23:07;A 35;1;0;0;0;0;1;2;1;5;0;0;0;0;2;2;1;11;0;0;0;0;0;0;0;0;0;0;0;0;0;0;0;0
28.11.2024;23:06;A 35;1;0;0;0;0;1;0;2;2;0;0;0;0;0;0;0;0;0;0;0;0;0;0;0;0;0;0;0;0;0;0;0;0
28.11.2024;23:05;A 35;1;0;0;0;0;2;4;3;7;0;33;0;0;8;24;3;65;0;0;0;0;0;0;0;0;0;0;0;0;0;0;0;0
28.11.2024;23:04;A 35;1;0;0;0;0;1;1;2;3;1;0;1;9;2;4;1;19;0;0;0;0;0;0;0;0;0;0;0;0;0;0;0;0
28.11.2024;23:03;A 35;1;2;0;1;6;6;20;5;47;1;38;1;4;2;8;2;22;0;0;0;0;0;0;0;0;0;0;0;0;0;0;0;0
28.11.2024;23:02;A 35;1;0;0;0;0;2;2;4;5;4;26;1;24;4;6;3;23;0;0;0;0;0;0;0;0;0;0;0;0;0;0;0;0
28.11.2024;23:01;A 35;1;2;0;0;0;5;6;5;17;1;13;1;19;8;16;1;54;0;0;0;0;0;0;0;0;0;0;0;0;0;0;0;0
28.11.2024;23:00;A 35;1;0;0;0;0;1;1;1;7;1;1;1;4;5;5;4;40;0;0;0;0;0;0;0;0;0;0;0;0;0;0;0;0
28.11.2024;22:59;A 35;1;2;0;1;6;2;1;3;6;0;0;0;0;1;1;1;4;0;0;0;0;0;0;0;0;0;0;0;0;0;0;0;0
28.11.2024;22:58;A 35;1;0;31;1;6;2;2;3;7;0;0;0;0;3;3;9;15;0;0;0;0;0;0;0;0;0;0;0;0;0;0;0;0
28.11.2024;22:57;A 35;1;1;11;0;0;0;0;0;0;0;0;0;0;5;9;3;39;0;0;0;0;0;0;0;0;0;0;0;0;0;0;0;0
28.11.2024;22:56;A 35;1;0;0;0;0;1;1;2;7;0;0;0;0;1;1;1;4;0;0;0;0;0;0;0;0;0;0;0;0;0;0;0;0
28.11.2024;22:55;A 35;1;1;1;1;6;0;0;0;0;0;0;0;0;4;7;1;26;0;0;0;0;0;0;0;0;0;0;0;0;0;0;0;0
28.11.2024;22:54;A 35;1;0;0;0;0;2;3;3;14;0;0;0;0;1;0;1;4;0;0;0;0;0;0;0;0;0;0;0;0;0;0;0;0
28.11.2024;22:53;A 35;1;0;0;0;0;1;1;2;2;0;0;0;0;7;16;3;47;0;0;0;0;0;0;0;0;0;0;0;0;0;0;0;0
28.11.2024;22:52;A 35;1;0;0;0;0;3;10;4;26;0;0;0;0;1;6;2;29;0;0;0;0;0;0;0;0;0;0;0;0;0;0;0;0
28.11.2024;22:51;A 35;1;0;0;0;0;3;2;3;14;1;13;2;12;1;1;1;7;0;0;0;0;0;0;0;0;0;0;0;0;0;0;0;0
28.11.2024;22:50;A 35;1;0;0;0;0;1;1;1;3;0;0;0;0;3;5;3;37;0;0;0;0;0;0;0;0;0;0;0;0;0;0;0;0
28.11.2024;22:49;A 35;1;0;0;0;0;1;1;2;6;0;0;0;0;1;1;1;17;0;0;0;0;0;0;0;0;0;0;0;0;0;0;0;0
28.11.2024;22:48;A 35;1;0;0;0;0;1;0;2;1;0;0;0;0;6;10;5;72;0;0;0;0;0;0;0;0;0;0;0;0;0;0;0;0
28.11.2024;22:47;A 35;1;0;0;0;0;1;1;1;5;0;0;0;0;4;6;3;30;0;0;0;0;0;0;0;0;0;0;0;0;0;0;0;0
28.11.2024;22:46;A 35;1;0;0;0;0;3;5;3;22;0;0;0;0;5;7;4;29;0;0;0;0;0;0;0;0;0;0;0;0;0;0;0;0
28.11.2024;22:45;A 35;1;1;16;1;6;5;7;5;58;0;0;0;0;8;16;4;77;0;0;0;0;0;0;0;0;0;0;0;0;0;0;0;0
28.11.2024;22:44;A 35;1;0;0;0;0;5;7;7;27;0;0;0;0;5;5;7;28;0;0;0;0;0;0;0;0;0;0;0;0;0;0;0;0
28.11.2024;22:43;A 35;1;0;0;0;0;0;0;0;0;0;23;0;0;3;3;6;19;0;0;0;0;0;0;0;0;0;0;0;0;0;0;0;0
28.11.2024;22:42;A 35;1;0;0;0;0;1;0;1;3;1;32;1;4;8;16;2;42;0;0;0;0;0;0;0;0;0;0;0;0;0;0;0;0
28.11.2024;22:41;A 35;1;0;0;0;0;0;0;0;0;2;35;2;28;5;4;3;21;0;0;0;0;0;0;0;0;0;0;0;0;0;0;0;0
28.11.2024;22:40;A 35;1;0;0;0;0;1;1;2;2;2;22;2;13;5;7;3;34;0;0;0;0;0;0;0;0;0;0;0;0;0;0;0;0
28.11.2024;22:39;A 35;1;2;43;1;9;1;1;1;5;1;0;0;0;8;24;5;69;0;0;0;0;0;0;0;0;0;0;0;0;0;0;0;0
28.11.2024;22:38;A 35;1;0;0;0;0;1;1;3;5;0;0;0;0;4;8;1;31;0;0;0;0;0;0;0;0;0;0;0;0;0;0;0;0
28.11.2024;22:37;A 35;1;0;0;0;0;2;3;4;11;1;21;1;8;1;0;2;16;0;0;0;0;0;0;0;0;0;0;0;0;0;0;0;0
28.11.2024;22:36;A 35;1;0;0;0;0;6;30;6;62;0;0;0;0;4;6;2;32;0;0;0;0;0;0;0;0;0;0;0;0;0;0;0;0
28.11.2024;22:35;A 35;1;0;0;0;0;2;6;2;13;0;0;0;0;2;3;4;10;0;0;0;0;0;0;0;0;0;0;0;0;0;0;0;0
28.11.2024;22:34;A 35;1;0;0;0;0;1;0;1;2;0;0;0;0;1;0;1;1;0;0;0;0;0;0;0;0;0;0;0;0;0;0;0;0
28.11.2024;22:33;A 35;1;0;0;0;0;3;4;2;28;0;0;0;0;8;8;4;36;0;0;0;0;0;0;0;0;0;0;0;0;0;0;0;0
28.11.2024;22:32;A 35;1;0;0;0;0;2;2;4;8;0;0;0;0;3;5;1;39;0;0;0;0;0;0;0;0;0;0;0;0;0;0;0;0
28.11.2024;22:31;A 35;1;0;0;0;0;0;0;0;0;0;0;0;0;2;3;1;12;0;0;0;0;0;0;0;0;0;0;0;0;0;0;0;0
28.11.2024;22:30;A 35;1;0;0;0;0;1;1;2;19;0;0;0;0;2;2;4;8;0;0;0;0;0;0;0;0;0;0;0;0;0;0;0;0
28.11.2024;22:29;A 35;1;0;0;0;0;6;8;6;21;0;0;0;0;3;4;1;30;0;0;0;0;0;0;0;0;0;0;0;0;0;0;0;0
28.11.2024;22:28;A 35;1;0;0;0;0;2;3;1;13;0;0;0;0;4;11;1;27;0;0;0;0;0;0;0;0;0;0;0;0;0;0;0;0
28.11.2024;22:27;A 35;1;0;0;0;0;0;0;0;0;0;0;0;0;2;15;1;26;0;0;0;0;0;0;0;0;0;0;0;0;0;0;0;0
28.11.2024;22:26;A 35;1;0;10;0;17;3;3;5;13;5;5;2;5;6;7;4;37;0;0;0;0;0;0;0;0;0;0;0;0;0;0;0;0
28.11.2024;22:25;A 35;1;1;18;1;2;2;2;4;9;1;34;2;7;3;3;3;16;0;0;0;0;0;0;1;1;0;0;0;0;0;0;1;1
28.11.2024;22:24;A 35;1;0;2;1;6;5;5;6;15;1;3;0;2;2;2;3;12;0;0;0;0;0;0;0;0;0;0;0;0;0;0;0;0
28.11.2024;22:23;A 35;1;1;9;0;0;0;0;0;0;1;43;3;50;5;20;1;70;0;0;0;0;0;0;1;1;0;0;0;0;0;0;1;1
28.11.2024;22:22;A 35;1;0;0;0;0;3;2;4;5;0;0;0;0;5;4;5;24;0;0;0;0;0;0;0;0;0;0;0;0;0;0;0;0
28.11.2024;22:21;A 35;1;0;0;0;0;1;0;1;2;0;0;0;0;5;7;2;40;0;0;0;0;0;0;0;0;0;0;0;0;0;0;0;0
28.11.2024;22:20;A 35;1;0;0;0;0;1;1;2;3;2;0;0;0;2;1;1;3;0;0;0;0;0;0;0;0;0;0;0;0;0;0;0;0
28.11.2024;22:19;A 35;1;0;0;0;0;2;3;3;8;0;0;0;0;2;2;2;10;0;0;0;0;0;0;0;0;0;0;0;0;0;0;0;0
28.11.2024;22:18;A 35;1;1;38;1;6;2;2;2;10;0;0;0;0;4;4;6;15;0;0;0;0;0;0;0;0;0;0;0;0;0;0;0;0
28.11.2024;22:17;A 35;1;1;1;0;0;0;0;0;0;0;0;0;0;1;1;1;6;0;0;0;0;0;0;0;0;0;0;0;0;0;0;0;0
28.11.2024;22:16;A 35;1;0;4;1;6;5;8;3;40;0;0;0;0;0;0;0;0;0;0;0;0;0;0;0;0;0;0;0;0;0;0;0;0
28.11.2024;22:15;A 35;1;3;13;1;6;2;2;4;5;0;0;0;0;3;3;2;14;0;0;0;0;0;0;0;0;0;0;0;0;0;0;0;0
28.11.2024;22:14;A 35;1;1;0;1;6;3;2;5;6;0;0;0;0;3;2;1;16;0;0;0;0;0;0;0;0;0;0;0;0;0;0;0;0
28.11.2024;22:13;A 35;1;0;0;0;0;5;25;3;55;0;0;0;0;2;3;0;11;0;0;0;0;0;0;0;0;0;0;0;0;0;0;0;0
28.11.2024;22:12;A 35;1;2;5;2;17;4;5;4;17;0;0;0;0;9;25;2;68;0;0;0;0;0;0;0;0;0;0;0;0;0;0;0;0
28.11.2024;22:11;A 35;1;1;5;1;6;1;1;2;3;1;25;2;10;4;6;3;32;0;0;0;0;0;0;0;0;0;0;0;0;0;0;0;0
28.11.2024;22:10;A 35;1;0;0;0;0;2;2;4;8;0;0;0;0;3;2;4;14;0;0;0;0;0;0;0;0;0;0;0;0;0;0;0;0
28.11.2024;22:09;A 35;1;2;14;1;6;5;5;5;17;0;0;0;0;6;10;6;34;0;0;0;0;0;0;0;0;0;0;0;0;0;0;0;0
28.11.2024;22:08;A 35;1;1;2;0;0;2;5;6;21;0;0;0;0;9;35;3;75;0;0;0;0;0;0;0;0;0;0;0;0;0;0;0;0
28.11.2024;22:07;A 35;1;0;0;0;0;5;6;5;22;0;0;0;0;9;9;4;44;0;0;0;0;0;0;0;0;0;0;0;0;0;0;0;0
28.11.2024;22:06;A 35;1;1;3;1;11;3;3;5;14;3;0;0;0;4;5;4;24;0;0;0;0;0;0;0;0;0;0;0;0;0;0;0;0
28.11.2024;22:05;A 35;1;0;0;0;0;1;0;1;3;1;1;1;4;3;3;2;18;0;0;0;0;0;0;0;0;0;0;0;0;0;0;0;0
28.11.2024;22:04;A 35;1;1;30;1;6;2;32;2;40;0;0;0;0;6;9;4;36;0;0;0;0;0;0;0;0;0;0;0;0;0;0;0;0
28.11.2024;22:03;A 35;1;1;32;1;6;3;4;6;14;0;0;0;0;8;13;2;50;0;0;0;0;0;0;0;0;0;0;0;0;0;0;0;0
28.11.2024;22:02;A 35;1;0;0;0;0;2;1;3;5;4;48;2;46;4;5;3;48;0;0;0;0;0;0;0;0;0;0;0;0;0;0;0;0
28.11.2024;22:01;A 35;1;0;0;0;0;1;0;1;2;0;0;0;0;2;2;2;17;0;0;0;0;0;0;0;0;0;0;0;0;0;0;0;0
28.11.2024;22:00;A 35;1;0;0;0;0;1;1;1;5;0;0;0;0;4;8;2;40;0;0;0;0;0;0;0;0;0;0;0;0;0;0;0;0
28.11.2024;21:59;A 35;1;0;0;0;0;1;0;0;0;2;0;0;0;5;15;3;38;0;0;0;0;0;0;0;0;0;0;0;0;0;0;0;0
28.11.2024;21:58;A 35;1;0;0;0;0;5;6;8;23;1;1;0;0;5;5;3;21;0;0;0;0;0;0;0;0;0;0;0;0;0;0;0;0
28.11.2024;21:57;A 35;1;1;44;0;0;4;6;4;28;0;0;0;0;5;5;4;27;0;0;0;0;0;0;0;0;0;0;0;0;0;0;0;0
28.11.2024;21:56;A 35;1;0;0;0;0;3;2;4;3;0;0;1;6;4;7;2;25;0;0;0;0;0;0;0;0;0;0;0;0;0;0;0;0
28.11.2024;21:55;A 35;1;1;38;1;6;3;2;5;7;0;0;0;0;3;11;1;88;0;0;0;0;0;0;0;0;0;0;0;0;0;0;0;0
28.11.2024;21:54;A 35;1;0;0;0;0;4;6;3;31;1;0;0;0;7;10;4;39;0;0;0;0;0;0;0;0;0;0;0;0;0;0;0;0
28.11.2024;21:53;A 35;1;0;0;0;0;2;19;4;37;2;6;1;11;5;7;4;27;0;0;0;0;0;0;0;0;0;0;0;0;0;0;0;0
28.11.2024;21:52;A 35;1;0;0;0;0;0;0;0;0;3;39;1;47;7;20;8;53;0;0;0;0;0;0;0;0;0;0;0;0;0;0;0;0
28.11.2024;21:51;A 35;1;0;0;0;0;3;3;3;9;1;12;1;15;6;15;1;42;0;0;0;0;0;0;0;0;0;0;0;0;0;0;0;0
28.11.2024;21:50;A 35;1;0;0;0;0;0;0;0;0;1;1;0;0;8;30;1;55;0;0;0;0;0;0;0;0;0;0;0;0;0;0;0;0
28.11.2024;21:49;A 35;1;0;0;0;0;3;4;3;25;3;48;1;48;3;9;0;26;0;0;0;0;0;0;0;0;0;0;0;0;0;0;0;0
28.11.2024;21:48;A 35;1;0;0;0;0;3;5;1;24;0;0;1;5;5;10;3;50;0;0;0;0;0;0;0;0;0;0;0;0;0;0;0;0
28.11.2024;21:47;A 35;1;0;0;0;0;5;12;2;57;0;0;0;0;4;4;4;23;0;0;0;0;0;0;0;0;0;0;0;0;0;0;0;0
28.11.2024;21:46;A 35;1;2;0;0;0;0;0;0;0;1;31;2;8;3;4;1;19;0;0;0;0;0;0;0;0;0;0;0;0;0;0;0;0
28.11.2024;21:45;A 35;1;1;1;0;0;1;0;2;1;1;1;0;0;2;2;2;5;0;0;0;0;0;0;0;0;0;0;0;0;0;0;0;0
28.11.2024;21:44;A 35;1;1;28;1;7;1;0;1;3;0;20;0;0;3;3;4;15;0;0;0;0;0;0;0;0;0;0;0;0;0;0;0;0
28.11.2024;21:43;A 35;1;0;0;0;0;5;20;3;42;1;51;1;5;3;2;2;10;0;0;0;0;0;0;0;0;0;0;0;0;0;0;0;0
28.11.2024;21:42;A 35;1;0;0;0;0;7;18;5;60;1;1;1;4;5;5;5;31;0;0;0;0;0;0;0;0;0;0;0;0;0;0;0;0
28.11.2024;21:41;A 35;1;0;0;0;0;5;3;6;11;0;0;0;0;9;24;1;59;0;0;0;0;0;0;0;0;0;0;0;0;0;0;0;0
28.11.2024;21:40;A 35;1;2;43;2;13;4;7;3;21;2;15;2;10;2;2;4;12;0;0;0;0;0;0;0;0;0;0;0;0;0;0;0;0
28.11.2024;21:39;A 35;1;0;0;0;1;3;4;6;10;0;0;1;6;5;7;2;53;0;0;0;0;0;0;0;0;0;0;0;0;0;0;0;0
28.11.2024;21:38;A 35;1;1;3;1;4;2;2;4;5;0;0;0;0;6;13;2;78;0;0;0;0;0;0;0;0;0;0;0;0;0;0;0;0
28.11.2024;21:37;A 35;1;0;0;0;0;4;6;3;22;3;14;1;11;7;7;3;33;0;0;0;0;0;0;0;0;0;0;0;0;0;0;0;0
28.11.2024;21:36;A 35;1;0;0;0;0;3;3;4;14;0;0;0;0;3;3;4;14;0;0;0;0;0;0;0;0;0;0;0;0;0;0;0;0
28.11.2024;21:35;A 35;1;0;0;0;0;6;39;1;59;1;1;1;6;5;7;3;25;0;0;0;0;0;0;0;0;0;0;0;0;0;0;0;0
28.11.2024;21:34;A 35;1;0;0;0;0;0;0;0;2;0;0;0;0;5;29;2;57;0;0;0;0;0;0;1;1;0;0;0;0;0;0;1;1
28.11.2024;21:33;A 35;1;0;9;0;0;1;1;3;5;1;1;1;12;6;6;4;34;0;0;0;0;1;1;0;0;0;0;0;0;1;1;0;0
28.11.2024;21:32;A 35;1;2;46;2;14;6;7;4;18;0;0;0;0;1;1;1;7;0;0;0;0;0;0;0;0;0;0;0;0;0;0;0;0
28.11.2024;21:31;A 35;1;3;11;2;13;2;4;6;29;0;0;0;0;5;4;7;20;0;0;2;3;0;0;0;0;0;0;1;1;0;0;0;0
28.11.2024;21:30;A 35;1;0;28;1;6;1;1;2;2;0;0;0;0;9;19;2;49;0;0;0;0;0;0;0;0;0;0;0;0;0;0;0;0
28.11.2024;21:29;A 35;1;1;2;0;0;4;4;3;34;0;0;0;0;4;5;6;27;0;0;0;0;0;0;0;0;0;0;0;0;0;0;0;0
28.11.2024;21:28;A 35;1;0;0;0;0;3;3;4;14;0;0;0;0;2;2;4;31;0;0;0;0;0;0;0;0;0;0;0;0;0;0;0;0
28.11.2024;21:27;A 35;1;3;16;2;13;2;2;3;7;1;1;1;4;7;12;4;69;0;0;0;0;0;0;0;0;0;0;0;0;0;0;0;0
28.11.2024;21:26;A 35;1;3;39;1;8;1;0;1;2;0;0;0;0;12;16;5;67;0;0;0;0;0;0;0;0;0;0;0;0;0;0;0;0
28.11.2024;21:25;A 35;1;1;22;0;0;4;3;2;10;1;2;1;8;10;65;0;100;0;0;0;0;0;0;0;0;0;0;0;0;0;0;0;0
28.11.2024;21:24;A 35;1;3;28;1;12;4;7;6;33;0;9;0;0;5;35;2;77;0;0;0;0;0;0;0;0;0;0;0;0;0;0;0;0
28.11.2024;21:23;A 35;1;1;35;0;0;1;1;1;2;1;28;1;9;3;7;3;43;0;0;0;0;0;0;0;0;0;0;0;0;0;0;0;0
28.11.2024;21:22;A 35;1;0;0;0;0;0;0;0;0;0;0;0;0;3;2;4;12;0;0;0;0;0;0;0;0;0;0;0;0;0;0;0;0
28.11.2024;21:21;A 35;1;0;0;0;0;4;5;6;40;0;0;0;0;5;4;5;21;0;0;0;0;0;0;0;0;0;0;0;0;0;0;0;0
28.11.2024;21:20;A 35;1;1;1;0;0;3;4;5;11;0;0;0;0;3;3;3;16;0;0;0;0;0;0;0;0;0;0;0;0;0;0;0;0
28.11.2024;21:19;A 35;1;0;0;0;0;6;20;4;52;0;0;0;0;6;6;5;27;0;0;0;0;0;0;0;0;0;0;0;0;0;0;0;0
28.11.2024;21:18;A 35;1;0;0;0;0;2;2;3;22;0;0;0;0;5;8;2;42;0;0;0;0;0;0;0;0;0;0;0;0;0;0;0;0
28.11.2024;21:17;A 35;1;0;0;0;0;2;2;3;8;1;1;1;6;4;5;1;22;0;0;0;0;0;0;0;0;0;0;0;0;0;0;0;0
28.11.2024;21:16;A 35;1;0;0;0;0;3;4;6;19;0;0;0;0;6;7;4;34;0;0;0;0;0;0;0;0;0;0;0;0;0;0;0;0
28.11.2024;21:15;A 35;1;0;0;0;0;3;2;2;7;2;25;2;12;3;3;4;16;0;0;0;0;0;0;0;0;0;0;0;0;0;0;0;0
28.11.2024;21:14;A 35;1;0;0;0;0;1;1;2;4;2;2;1;8;11;20;3;67;0;0;0;0;0;0;0;0;0;0;0;0;0;0;0;0
28.11.2024;21:13;A 35;1;0;0;0;0;3;3;3;10;1;16;1;4;7;29;2;55;0;0;0;0;0;0;0;0;0;0;0;0;0;0;0;0
28.11.2024;21:12;A 35;1;0;0;0;0;5;18;2;40;2;0;0;0;5;10;2;37;0;0;0;0;0;0;0;0;0;0;0;0;0;0;0;0
28.11.2024;21:11;A 35;1;0;0;0;0;0;0;0;0;0;0;0;0;7;11;6;52;0;0;0;0;0;0;0;0;0;0;0;0;0;0;0;0
28.11.2024;21:10;A 35;1;0;0;0;0;1;0;1;2;0;0;0;0;0;0;0;1;0;0;0;0;0;0;1;1;0;0;0;0;0;0;0;0
28.11.2024;21:09;A 35;1;0;0;0;0;6;16;6;49;2;0;1;4;7;9;12;64;0;0;0;0;0;0;0;0;0;0;0;0;0;0;0;0
28.11.2024;21:08;A 35;1;1;0;1;6;2;2;3;6;3;46;2;58;6;21;4;50;0;0;0;0;0;0;0;0;0;0;0;0;0;0;0;0
28.11.2024;21:07;A 35;1;0;0;0;0;2;2;3;9;0;0;0;0;2;2;1;13;0;0;0;0;0;0;0;0;0;0;0;0;0;0;0;0
28.11.2024;21:06;A 35;1;0;36;1;6;1;0;2;1;0;0;0;0;4;4;5;21;0;0;0;0;0;0;0;0;0;0;0;0;0;0;0;0
28.11.2024;21:05;A 35;1;1;7;0;0;2;2;3;8;1;4;2;15;0;0;0;0;0;0;0;0;0;0;0;0;0;0;0;0;0;0;0;0
28.11.2024;21:04;A 35;1;1;0;0;0;4;22;3;32;0;0;0;0;6;8;9;28;0;0;0;0;0;0;0;0;0;0;0;0;0;0;0;0
28.11.2024;21:03;A 35;1;0;0;0;0;8;42;7;56;0;0;1;4;8;11;8;54;0;0;0;0;0;0;0;0;0;0;0;0;0;0;0;0
28.11.2024;21:02;A 35;1;0;0;0;0;0;0;0;0;2;0;0;0;8;8;5;35;0;0;0;0;0;0;0;0;0;0;0;0;0;0;0;0
28.11.2024;21:01;A 35;1;0;0;0;0;5;11;7;30;1;40;1;9;9;20;5;48;0;0;0;0;0;0;0;0;0;0;0;0;0;0;0;0
28.11.2024;21:00;A 35;1;0;0;0;0;2;3;3;12;1;1;0;0;0;0;0;10;0;0;0;0;0;0;0;0;0;0;0;0;0;0;0;0
28.11.2024;20:59;A 35;1;0;0;0;0;3;2;4;14;4;14;6;23;6;16;1;47;0;0;0;0;0;0;0;0;0;0;0;0;0;0;0;0
28.11.2024;20:58;A 35;1;2;3;2;13;2;4;5;10;0;0;0;0;4;31;4;86;0;0;0;0;0;0;0;0;0;0;0;0;0;0;0;0
28.11.2024;20:57;A 35;1;2;0;0;0;3;2;4;8;1;0;2;5;6;9;5;34;0;0;0;0;0;0;0;0;0;0;0;0;0;0;0;0
28.11.2024;20:56;A 35;1;0;0;0;0;4;4;5;14;0;0;0;0;6;6;3;28;0;0;0;0;0;0;0;0;0;0;0;0;0;0;0;0
28.11.2024;20:55;A 35;1;0;0;0;0;1;1;2;7;1;3;2;6;6;16;3;44;0;0;0;0;0;0;0;0;0;0;0;0;0;0;0;0
28.11.2024;20:54;A 35;1;0;0;0;0;2;2;4;7;0;0;0;0;1;0;1;3;0;0;0;0;0;0;0;0;0;0;0;0;0;0;0;0
28.11.2024;20:53;A 35;1;0;55;0;0;8;12;6;47;2;0;0;0;4;4;2;24;0;0;0;0;0;0;0;0;0;0;0;0;0;0;0;0
28.11.2024;20:52;A 35;1;1;6;0;0;1;8;7;43;1;28;1;8;4;3;3;15;0;0;0;0;0;0;0;0;0;0;0;0;0;0;0;0
28.11.2024;20:51;A 35;1;2;33;1;9;4;4;5;21;1;43;1;7;7;11;5;56;0;0;0;0;0;0;0;0;0;0;0;0;0;0;0;0
28.11.2024;20:50;A 35;1;3;5;2;14;2;2;2;5;0;0;0;0;5;5;4;48;0;0;0;0;0;0;0;0;0;0;0;0;0;0;0;0
28.11.2024;20:49;A 35;1;1;0;0;0;3;3;4;10;0;0;0;0;6;5;3;61;0;0;0;0;0;0;0;0;0;0;0;0;1;1;0;0
28.11.2024;20:48;A 35;1;0;0;0;0;4;4;6;17;1;9;0;6;4;6;3;55;0;0;0;0;0;0;0;0;0;0;0;0;0;0;0;0
28.11.2024;20:47;A 35;1;0;0;0;0;4;3;6;9;0;0;1;1;6;14;3;36;0;0;0;0;0;0;0;0;0;0;0;0;0;0;0;0
28.11.2024;20:46;A 35;1;0;0;0;0;2;10;0;20;4;2;1;3;8;26;4;58;0;0;0;0;0;0;0;0;0;0;0;0;0;0;0;0
28.11.2024;20:45;A 35;1;1;34;2;13;6;23;5;56;1;8;2;8;6;25;6;79;0;0;0;0;0;0;0;0;0;0;0;0;0;0;0;0
28.11.2024;20:44;A 35;1;2;21;2;13;3;3;3;7;0;0;0;0;5;11;3;41;0;0;0;0;0;0;0;0;0;0;0;0;0;0;0;0
28.11.2024;20:43;A 35;1;0;0;0;0;3;2;2;6;0;0;0;0;5;8;5;64;0;0;0;0;0;0;0;0;0;0;0;0;0;0;0;0
28.11.2024;20:42;A 35;1;0;0;0;0;2;1;3;7;1;9;1;7;8;31;7;82;0;0;0;0;0;0;1;1;0;0;0;0;0;0;1;1
28.11.2024;20:41;A 35;1;0;0;0;0;6;14;3;52;1;47;1;6;5;4;5;15;0;0;0;0;0;0;1;1;0;0;0;0;0;0;1;1
28.11.2024;20:40;A 35;1;2;3;2;14;3;3;5;17;0;0;0;0;8;16;3;46;0;0;0;0;0;0;0;0;0;0;0;0;0;0;0;0
28.11.2024;20:39;A 35;1;0;0;0;0;4;6;4;19;0;0;1;7;6;16;5;46;0;0;0;0;0;0;0;0;0;0;0;0;0;0;0;0
28.11.2024;20:38;A 35;1;0;0;0;0;3;22;2;36;0;0;0;0;2;3;2;17;0;0;0;0;0;0;0;0;0;0;0;0;0;0;0;0
28.11.2024;20:37;A 35;1;1;0;1;6;3;2;3;9;1;34;4;10;6;12;8;52;0;0;0;0;0;0;0;0;0;0;0;0;0;0;0;0
28.11.2024;20:36;A 35;1;3;0;1;6;3;6;2;27;0;0;0;0;12;24;2;63;0;0;0;0;0;0;0;0;0;0;0;0;0;0;0;0
28.11.2024;20:35;A 35;1;1;7;1;6;4;9;3;26;2;33;2;12;7;13;3;73;0;0;0;0;0;0;0;0;0;0;0;0;0;0;0;0
28.11.2024;20:34;A 35;1;1;40;0;0;2;2;4;4;1;28;1;7;5;6;6;22;0;0;0;0;0;0;0;0;0;0;0;0;0;0;0;0
28.11.2024;20:33;A 35;1;1;26;1;6;1;1;1;1;1;10;1;10;2;1;2;7;0;0;0;0;0;0;0;0;0;0;0;0;0;0;0;0
28.11.2024;20:32;A 35;1;0;0;0;0;3;5;5;10;1;48;2;43;10;46;0;80;0;0;0;0;0;0;0;0;0;0;0;0;0;0;0;0
28.11.2024;20:31;A 35;1;0;0;0;0;7;12;4;66;0;0;0;0;10;8;4;37;0;0;0;0;0;0;0;0;0;0;0;0;0;0;0;0
28.11.2024;20:30;A 35;1;3;6;1;6;1;0;2;1;2;1;0;0;9;11;5;39;0;0;0;0;0;0;0;0;0;0;0;0;0;0;0;0
28.11.2024;20:29;A 35;1;1;1;0;0;5;6;3;50;0;0;0;0;6;16;1;62;0;0;0;0;0;0;1;1;0;0;0;0;0;0;1;1
28.11.2024;20:28;A 35;1;1;2;1;6;7;13;6;35;0;0;0;0;10;26;2;57;0;0;2;3;0;0;0;0;0;0;2;3;0;0;0;0
28.11.2024;20:27;A 35;1;0;0;0;0;3;19;2;33;1;8;1;5;4;63;1;83;0;0;0;0;0;0;0;0;0;0;0;0;0;0;0;0
28.11.2024;20:26;A 35;1;0;0;0;0;1;1;2;2;2;51;3;25;4;4;2;14;0;0;0;0;0;0;0;0;0;0;0;0;0;0;1;1
28.11.2024;20:25;A 35;1;0;0;0;0;5;4;4;13;0;0;0;0;3;3;3;17;0;0;0;0;0;0;0;0;0;0;0;0;0;0;0;0
28.11.2024;20:24;A 35;1;0;0;0;0;2;1;4;10;1;35;0;0;7;9;3;37;0;0;0;0;0;0;0;0;0;0;0;0;0;0;0;0
28.11.2024;20:23;A 35;1;5;29;2;18;1;1;2;2;2;41;1;37;7;15;3;49;0;0;0;0;0;0;0;0;0;0;0;0;0;0;0;0
28.11.2024;20:22;A 35;1;0;0;0;0;3;2;4;38;1;42;2;18;15;41;2;81;0;0;0;0;0;0;0;0;0;0;0;0;0;0;0;0
28.11.2024;20:21;A 35;1;0;0;0;0;6;8;6;22;2;41;3;12;6;17;4;73;0;0;0;0;0;0;0;0;0;0;0;0;0;0;0;0
28.11.2024;20:20;A 35;1;1;27;1;6;4;4;3;10;1;49;1;9;5;9;1;39;0;0;0;0;0;0;0;0;0;0;0;0;0;0;0;0
28.11.2024;20:19;A 35;1;0;0;0;0;4;4;2;11;1;26;1;9;12;13;4;47;0;0;0;0;0;0;0;0;0;0;0;0;0;0;0;0
28.11.2024;20:18;A 35;1;1;10;0;0;4;3;6;9;0;0;0;0;6;5;3;28;0;0;0;0;0;0;0;0;0;0;0;0;0;0;0;0
28.11.2024;20:17;A 35;1;0;0;0;0;4;3;5;8;2;15;2;12;5;4;2;16;0;0;0;0;0;0;0;0;0;0;0;0;0;0;0;0
28.11.2024;20:16;A 35;1;0;0;0;0;2;1;2;4;1;19;1;14;1;0;1;4;0;0;0;0;0;0;0;0;0;0;0;0;0;0;0;0
28.11.2024;20:15;A 35;1;0;0;0;0;2;1;2;6;1;36;2;20;8;7;1;28;0;0;0;0;0;0;0;0;0;0;0;0;0;0;0;0
28.11.2024;20:14;A 35;1;0;0;0;0;9;9;9;30;1;58;3;13;8;15;1;57;0;0;0;0;0;0;0;0;0;0;0;0;0;0;0;0
28.11.2024;20:13;A 35;1;2;0;1;7;2;1;3;4;3;89;1;87;8;18;4;64;0;0;0;0;0;0;0;0;0;0;1;1;0;0;0;0
28.11.2024;20:12;A 35;1;3;1;1;6;4;3;6;10;0;0;1;2;4;5;4;28;0;0;0;0;0;0;0;0;0;0;0;0;0;0;0;0
28.11.2024;20:11;A 35;1;0;51;1;6;6;39;6;57;4;0;0;0;2;1;1;4;0;0;0;0;0;0;0;0;0;0;0;0;0;0;0;0
28.11.2024;20:10;A 35;1;3;30;1;6;1;3;1;4;1;31;0;0;7;10;3;66;0;0;0;0;0;0;0;0;0;0;0;0;0;0;0;0
28.11.2024;20:09;A 35;1;0;0;0;0;3;49;1;63;3;74;1;20;7;5;6;31;0;0;1;1;0;0;0;0;0;0;1;1;0;0;0;0
28.11.2024;20:08;A 35;1;1;1;1;6;4;15;2;61;1;48;1;57;5;5;4;22;0;0;0;0;0;0;0;0;0;0;0;0;0;0;0;0
28.11.2024;20:07;A 35;1;0;0;0;0;3;2;3;8;2;0;0;0;5;5;3;20;0;0;0;0;0;0;0;0;0;0;0;0;0;0;0;0
28.11.2024;20:06;A 35;1;0;0;0;0;6;5;5;26;1;0;0;0;5;4;1;24;0;0;0;0;0;0;0;0;0;0;0;0;0;0;0;0
28.11.2024;20:05;A 35;1;0;0;0;0;4;3;4;15;0;0;0;0;3;2;2;14;0;0;0;0;0;0;0;0;0;0;0;0;0;0;0;0
28.11.2024;20:04;A 35;1;0;54;1;6;1;1;1;3;0;0;0;0;7;12;4;42;0;0;1;1;0;0;0;0;0;0;0;0;0;0;0;0
28.11.2024;20:03;A 35;1;3;63;2;13;7;15;2;44;0;0;0;0;10;22;2;79;0;0;1;1;0;0;0;0;0;0;0;0;0;0;0;0
28.11.2024;20:02;A 35;1;4;20;0;0;7;8;5;31;0;0;0;0;7;52;0;83;0;0;0;0;0;0;0;0;0;0;0;0;0;0;0;0
28.11.2024;20:01;A 35;1;0;0;0;0;2;1;3;5;1;88;1;10;3;3;5;10;0;0;0;0;0;0;0;0;0;0;0;0;0;0;0;0
28.11.2024;20:00;A 35;1;0;18;1;6;5;5;5;14;2;78;1;6;6;11;2;35;0;0;0;0;0;0;2;3;0;0;0;0;0;0;0;0
28.11.2024;19:59;A 35;1;1;92;0;0;8;9;11;21;1;19;2;19;10;18;4;67;0;0;0;0;0;0;4;6;0;0;0;0;0;0;0;0
28.11.2024;19:58;A 35;1;0;0;0;0;6;5;5;21;2;72;0;74;4;4;4;14;0;0;0;0;0;0;0;0;0;0;0;0;0;0;0;0
28.11.2024;19:57;A 35;1;0;0;0;0;2;1;4;5;1;44;4;29;10;18;3;73;0;0;0;0;0;0;2;3;0;0;0;0;0;0;1;1
28.11.2024;19:56;A 35;1;1;0;1;6;4;5;4;20;0;0;0;0;7;24;4;47;0;0;0;0;0;0;0;0;0;0;0;0;0;0;0;0
28.11.2024;19:55;A 35;1;0;0;0;0;5;5;6;6;1;52;1;5;7;9;7;40;0;0;0;0;0;0;0;0;0;0;0;0;0;0;0;0
28.11.2024;19:54;A 35;1;1;1;0;0;7;45;2;69;3;18;0;0;5;18;2;46;0;0;0;0;0;0;0;0;0;0;0;0;0;0;0;0
28.11.2024;19:53;A 35;1;2;2;1;6;7;9;6;23;1;68;1;5;3;4;5;16;0;0;0;0;0;0;0;0;0;0;0;0;0;0;0;0
28.11.2024;19:52;A 35;1;0;56;1;6;3;39;6;19;0;0;0;0;2;1;3;5;0;0;0;0;0;0;0;0;0;0;0;0;0;0;0;0
28.11.2024;19:51;A 35;1;3;54;1;6;1;1;2;7;3;21;1;4;6;5;4;26;0;0;0;0;0;0;0;0;0;0;0;0;0;0;0;0
28.11.2024;19:50;A 35;1;1;2;1;6;7;10;4;26;1;73;1;5;4;7;0;19;0;0;0;0;0;0;0;0;0;0;0;0;0;0;0;0
28.11.2024;19:49;A 35;1;0;0;0;0;7;8;6;23;0;0;0;0;5;3;7;18;0;0;0;0;0;0;0;0;0;0;0;0;0;0;0;0
28.11.2024;19:48;A 35;1;0;27;0;0;1;0;1;3;0;0;0;0;10;13;7;51;0;0;0;0;0;0;0;0;0;0;0;0;0;0;0;0
28.11.2024;19:47;A 35;1;1;65;1;6;11;10;9;34;0;0;0;0;7;34;0;70;0;0;0;0;0;0;0;0;0;0;0;0;0;0;0;0
28.11.2024;19:46;A 35;1;1;62;1;6;2;5;2;11;1;63;0;62;5;5;7;21;0;0;0;0;0;0;0;0;0;0;0;0;0;0;1;1
28.11.2024;19:45;A 35;1;1;12;0;0;4;3;6;10;2;49;2;26;6;5;5;24;0;0;0;0;0;0;0;0;0;0;0;0;0;0;0;0
28.11.2024;19:44;A 35;1;0;0;0;0;6;4;6;12;0;0;0;0;4;4;1;16;0;0;0;0;0;0;0;0;0;0;0;0;0;0;0;0
28.11.2024;19:43;A 35;1;0;0;0;0;6;5;3;19;2;5;2;7;3;5;2;17;0;0;0;0;0;0;0;0;0;0;0;0;0;0;0;0
28.11.2024;19:42;A 35;1;0;8;1;6;4;47;3;62;0;0;0;0;7;12;3;46;0;0;0;0;0;0;0;0;0;0;0;0;0;0;0;0
28.11.2024;19:41;A 35;1;1;57;0;0;6;8;2;29;0;0;0;0;5;21;1;34;0;0;0;0;0;0;2;3;0;0;0;0;0;0;2;3
28.11.2024;19:40;A 35;1;0;0;0;0;3;3;5;43;2;73;1;51;6;16;5;45;0;0;0;0;1;1;0;0;0;0;0;0;0;0;0;0
28.11.2024;19:39;A 35;1;0;0;0;0;1;0;1;4;3;41;2;15;5;3;3;17;0;0;0;0;0;0;0;0;0;0;0;0;0;0;0;0
28.11.2024;19:38;A 35;1;1;42;0;0;10;23;3;52;3;1;0;0;8;16;1;44;0;0;0;0;0;0;0;0;0;0;0;0;0;0;0;0
28.11.2024;19:37;A 35;1;1;44;1;6;13;38;5;75;0;0;0;0;3;4;6;24;0;0;0;0;0;0;0;0;0;0;0;0;0;0;0;0
28.11.2024;19:36;A 35;1;2;24;2;13;1;1;1;6;0;0;0;0;6;9;7;39;0;0;0;0;0;0;0;0;0;0;0;0;0;0;0;0
28.11.2024;19:35;A 35;1;1;78;1;6;5;4;5;19;2;0;0;0;7;12;1;44;0;0;0;0;0;0;0;0;0;0;0;0;0;0;0;0
28.11.2024;19:34;A 35;1;0;0;0;0;7;6;5;26;2;3;1;5;2;2;2;11;0;0;0;0;0;0;0;0;0;0;0;0;0;0;0;0
28.11.2024;19:33;A 35;1;1;28;1;11;3;3;3;15;0;0;0;0;7;12;6;67;0;0;0;0;0;0;0;0;0;0;0;0;0;0;0;0
28.11.2024;19:32;A 35;1;1;43;0;0;10;9;8;38;0;0;0;0;4;4;3;32;0;0;0;0;0;0;0;0;0;0;0;0;0;0;0;0
28.11.2024;19:31;A 35;1;1;0;1;6;8;7;5;28;4;31;4;42;5;4;3;19;0;0;0;0;0;0;0;0;0;0;0;0;0;0;0;0
28.11.2024;19:30;A 35;1;0;0;1;6;7;8;3;35;1;37;2;39;7;9;5;52;0;0;0;0;0;0;0;0;0;0;0;0;0;0;0;0
28.11.2024;19:29;A 35;1;1;72;0;0;6;7;3;20;0;100;0;100;5;15;0;39;0;0;0;0;0;0;0;0;0;0;0;0;0;0;0;0
28.11.2024;19:28;A 35;1;2;67;1;6;3;4;4;11;1;4;2;8;6;9;5;41;0;0;0;0;0;0;0;0;0;0;0;0;0;0;0;0
28.11.2024;19:27;A 35;1;1;1;1;6;8;53;0;79;1;9;1;8;12;21;4;43;1;1;0;0;0;0;0;0;1;1;0;0;0;0;0;0
28.11.2024;19:26;A 35;1;3;29;0;0;2;32;3;37;1;63;1;68;12;31;2;92;0;0;0;0;0;0;0;0;0;0;0;0;0;0;0;0
28.11.2024;19:25;A 35;1;3;1;2;13;9;9;4;33;0;0;0;0;3;16;1;67;0;0;0;0;0;0;0;0;0;0;0;0;0;0;0;0
28.11.2024;19:24;A 35;1;0;0;0;0;5;7;4;29;0;0;0;0;10;32;3;71;0;0;0;0;0;0;0;0;1;1;0;0;0;0;0;0
28.11.2024;19:23;A 35;1;2;0;1;6;5;4;6;18;0;0;0;0;6;15;2;39;0;0;0;0;0;0;0;0;0;0;0;0;0;0;0;0
28.11.2024;19:22;A 35;1;2;43;1;6;10;10;6;38;1;66;1;7;5;5;4;26;0;0;0;0;0;0;0;0;0;0;0;0;0;0;0;0
28.11.2024;19:21;A 35;1;1;0;0;0;6;6;4;20;0;30;0;0;11;19;1;59;0;0;0;0;0;0;0;0;0;0;0;0;0;0;0;0
28.11.2024;19:20;A 35;1;0;0;0;0;11;12;8;51;1;75;1;7;12;26;3;66;0;0;0;0;0;0;0;0;0;0;0;0;0;0;0;0
28.11.2024;19:19;A 35;1;2;59;1;8;8;7;5;33;3;71;2;63;6;9;5;39;0;0;0;0;0;0;0;0;0;0;0;0;0;0;0;0
28.11.2024;19:18;A 35;1;0;0;0;0;1;1;2;3;2;18;0;22;6;7;5;26;0;0;0;0;0;0;0;0;0;0;0;0;0;0;0;0
28.11.2024;19:17;A 35;1;0;0;0;0;8;7;10;27;1;80;2;40;7;22;0;78;0;0;0;0;0;0;0;0;0;0;0;0;0;0;0;0
28.11.2024;19:16;A 35;1;0;0;0;0;11;9;11;38;1;61;1;9;12;36;1;97;0;0;0;0;0;0;1;1;0;0;0;0;0;0;0;0
28.11.2024;19:15;A 35;1;0;23;1;9;5;6;5;19;1;32;0;31;6;13;4;55;0;0;1;1;0;0;0;0;0;0;0;0;0;0;0;0
28.11.2024;19:14;A 35;1;1;46;0;0;11;13;11;34;1;98;1;55;9;16;5;37;0;0;0;0;0;0;1;1;0;0;0;0;0;0;1;1
28.11.2024;19:13;A 35;1;0;0;0;0;6;7;4;43;2;15;4;19;2;1;3;7;0;0;0;0;0;0;0;0;0;0;0;0;0;0;0;0
28.11.2024;19:12;A 35;1;0;0;0;0;0;0;0;0;3;22;0;25;10;19;2;47;0;0;0;0;0;0;0;0;0;0;0;0;2;3;0;0
28.11.2024;19:11;A 35;1;0;0;0;0;6;10;6;28;1;43;1;53;15;18;2;59;0;0;0;0;0;0;0;0;0;0;0;0;0;0;0;0
28.11.2024;19:10;A 35;1;0;0;0;0;10;11;12;35;1;2;1;6;8;25;3;51;0;0;1;1;0;0;0;0;0;0;1;1;0;0;0;0
28.11.2024;19:09;A 35;1;0;0;0;0;2;1;1;3;1;23;0;21;7;30;1;55;0;0;0;0;0;0;0;0;0;0;0;0;0;0;0;0
28.11.2024;19:08;A 35;1;1;0;1;6;8;11;6;50;1;72;2;32;6;18;1;62;0;0;0;0;0;0;0;0;0;0;0;0;0;0;0;0
28.11.2024;19:07;A 35;1;0;0;0;0;15;16;8;63;1;0;2;3;13;17;7;54;0;0;0;0;0;0;0;0;0;0;0;0;0;0;0;0
28.11.2024;19:06;A 35;1;0;0;0;0;2;2;2;8;5;27;2;34;11;20;2;72;0;0;1;1;0;0;0;0;0;0;1;1;0;0;0;0
28.11.2024;19:05;A 35;1;0;0;0;0;10;10;9;26;1;62;1;70;13;16;3;57;0;0;0;0;0;0;0;0;0;0;0;0;0;0;0;0
28.11.2024;19:04;A 35;1;1;0;1;6;3;3;5;7;2;71;2;12;3;2;5;13;0;0;0;0;0;0;0;0;0;0;0;0;0;0;0;0
28.11.2024;19:03;A 35;1;2;10;1;6;3;3;3;8;1;0;0;0;9;10;6;48;0;0;0;0;0;0;0;0;0;0;0;0;0;0;0;0
28.11.2024;19:02;A 35;1;1;84;1;6;7;7;11;16;0;0;0;0;9;16;3;80;0;0;0;0;0;0;0;0;0;0;0;0;0;0;1;1
28.11.2024;19:01;A 35;1;2;84;0;0;7;7;5;22;2;0;0;0;2;1;1;5;0;0;0;0;0;0;0;0;0;0;0;0;0;0;0;0
28.11.2024;19:00;A 35;1;1;78;1;6;0;0;0;0;0;0;0;0;13;32;3;73;0;0;0;0;0;0;0;0;0;0;0;0;0;0;0;0
28.11.2024;18:59;A 35;1;1;58;0;0;10;11;8;27;0;0;0;0;14;19;5;52;0;0;0;0;0;0;0;0;0;0;0;0;0;0;0;0
28.11.2024;18:58;A 35;1;0;0;0;0;8;6;8;18;2;22;2;11;2;2;3;15;0;0;0;0;0;0;0;0;0;0;0;0;0;0;0;0
28.11.2024;18:57;A 35;1;0;21;0;0;3;31;6;54;1;36;1;16;9;21;3;52;2;3;0;0;0;0;0;0;0;0;0;0;0;0;0;0
28.11.2024;18:56;A 35;1;2;4;1;6;9;8;9;23;1;45;1;6;12;56;3;91;0;0;0;0;0;0;0;0;0;0;0;0;0;0;0;0
28.11.2024;18:55;A 35;1;1;77;1;6;13;14;9;46;0;0;0;0;2;3;0;12;0;0;0;0;0;0;0;0;0;0;0;0;0;0;0;0
28.11.2024;18:54;A 35;1;0;33;1;6;9;16;0;100;0;37;0;0;10;15;4;52;0;0;0;0;0;0;0;0;0;0;0;0;0;0;0;0
28.11.2024;18:53;A 35;1;1;66;0;0;2;6;2;43;1;58;1;11;10;17;4;61;0;0;0;0;1;1;0;0;0;0;0;0;1;1;0;0
28.11.2024;18:52;A 35;1;2;32;2;17;11;17;3;63;1;22;1;9;6;7;5;26;0;0;0;0;0;0;0;0;0;0;0;0;0;0;0;0
28.11.2024;18:51;A 35;1;3;26;1;6;1;1;2;2;2;1;1;3;11;21;3;59;0;0;0;0;0;0;0;0;0;0;0;0;0;0;0;0
28.11.2024;18:50;A 35;1;1;74;2;13;9;7;7;21;0;0;0;0;9;13;1;41;0;0;0;0;0;0;1;1;0;0;0;0;0;0;1;1
28.11.2024;18:49;A 35;1;3;21;2;13;7;6;4;21;1;85;2;63;5;5;6;26;0;0;0;0;0;0;0;0;0;0;0;0;0;0;0;0
28.11.2024;18:48;A 35;1;0;35;1;6;5;8;3;20;2;35;2;19;9;19;1;53;0;0;0;0;0;0;0;0;0;0;0;0;0;0;0;0
28.11.2024;18:47;A 35;1;3;26;0;0;10;7;11;22;0;1;0;0;13;47;3;83;0;0;0;0;0;0;0;0;0;0;0;0;0;0;1;1
28.11.2024;18:46;A 35;1;1;1;1;6;7;8;6;20;4;9;0;99;18;27;1;98;0;0;1;1;0;0;0;0;0;0;1;1;0;0;0;0
28.11.2024;18:45;A 35;1;1;10;1;6;2;2;2;7;4;46;0;100;6;57;0;100;0;0;0;0;0;0;0;0;0;0;0;0;0;0;0;0
28.11.2024;18:44;A 35;1;0;0;0;0;13;43;5;84;1;69;1;74;3;12;0;100;0;0;0;0;1;1;0;0;0;0;0;0;1;1;0;0
28.11.2024;18:43;A 35;1;1;13;2;13;7;56;1;80;2;89;0;100;9;13;4;44;0;0;0;0;0;0;0;0;0;0;0;0;0;0;0;0
28.11.2024;18:42;A 35;1;1;1;1;6;4;51;0;77;4;64;4;74;12;13;8;51;0;0;1;1;0;0;0;0;0;0;0;0;0;0;0;0
28.11.2024;18:41;A 35;1;0;0;0;0;5;9;2;33;10;66;2;66;10;24;1;62;0;0;1;1;0;0;1;1;0;0;1;1;0;0;0;0
28.11.2024;18:40;A 35;1;0;79;1;6;10;8;6;34;1;78;1;6;7;11;4;37;0;0;3;5;0;0;1;1;0;0;1;1;0;0;0;0
28.11.2024;18:39;A 35;1;2;49;0;0;1;1;1;6;4;23;2;37;11;18;2;61;0;0;1;1;1;1;0;0;0;0;1;1;0;0;0;0
28.11.2024;18:38;A 35;1;1;3;1;6;9;25;5;67;1;77;1;7;10;20;0;82;0;0;0;0;0;0;0;0;0;0;0;0;0;0;0;0
28.11.2024;18:37;A 35;1;2;84;2;13;13;14;10;68;2;30;1;34;11;50;5;74;0;0;1;1;0;0;1;1;0;0;0;0;0;0;1;1
28.11.2024;18:36;A 35;1;1;37;1;6;6;6;2;26;0;35;0;0;9;20;1;65;0;0;0;0;0;0;0;0;0;0;0;0;0;0;0;0
28.11.2024;18:35;A 35;1;0;100;1;8;8;7;8;34;1;86;1;10;17;17;9;59;0;0;0;0;0;0;0;0;0;0;0;0;0;0;0;0
28.11.2024;18:34;A 35;1;2;1;0;0;8;10;5;31;0;58;0;0;6;6;5;32;0;0;0;0;0;0;0;0;0;0;0;0;0;0;0;0
28.11.2024;18:33;A 35;1;1;1;1;6;4;4;3;15;2;49;1;11;12;36;3;90;0;0;0;0;0;0;0;0;0;0;0;0;0;0;0;0
28.11.2024;18:32;A 35;1;0;0;0;0;10;10;10;37;2;0;0;0;8;26;0;67;0;0;0;0;0;0;0;0;0;0;0;0;0;0;0;0
28.11.2024;18:31;A 35;1;2;74;1;6;11;13;14;42;4;11;1;79;11;11;2;39;0;0;0;0;0;0;0;0;0;0;0;0;0;0;0;0
28.11.2024;18:30;A 35;1;0;33;0;0;1;1;2;2;2;35;1;35;9;20;6;60;0;0;0;0;0;0;0;0;0;0;0;0;0;0;0;0
28.11.2024;18:29;A 35;1;0;100;0;0;6;21;4;63;1;63;3;39;14;18;4;54;0;0;0;0;0;0;0;0;0;0;0;0;0;0;0;0
28.11.2024;18:28;A 35;1;1;0;0;0;12;14;6;67;1;77;1;3;7;19;4;45;0;0;0;0;0;0;0;0;0;0;0;0;0;0;0;0
28.11.2024;18:27;A 35;1;0;0;0;0;1;0;1;3;5;37;1;44;6;20;3;41;0;0;0;0;0;0;0;0;0;0;0;0;0;0;0;0
28.11.2024;18:26;A 35;1;1;0;1;6;7;6;4;24;1;40;2;16;17;27;2;77;0;0;0;0;0;0;0;0;0;0;0;0;0;0;0;0
28.11.2024;18:25;A 35;1;2;2;2;16;4;10;5;32;3;65;0;74;4;12;0;100;0;0;0;0;0;0;1;1;0;0;0;0;1;1;0;0
28.11.2024;18:24;A 35;1;5;10;1;6;2;2;1;9;4;61;2;57;10;20;1;63;0;0;0;0;0;0;0;0;0;0;0;0;0;0;0;0
28.11.2024;18:23;A 35;1;0;0;0;0;10;9;6;35;1;68;1;76;13;22;3;63;0;0;0;0;0;0;0;0;0;0;0;0;0;0;0;0
28.11.2024;18:22;A 35;1;1;0;1;6;13;13;6;51;5;73;2;20;7;7;3;34;0;0;0;0;0;0;0;0;0;0;0;0;0;0;0;0
28.11.2024;18:21;A 35;1;2;37;1;6;2;2;2;8;4;44;0;53;7;28;1;74;0;0;0;0;1;1;0;0;0;0;0;0;1;1;0;0
28.11.2024;18:20;A 35;1;1;0;0;0;8;39;2;81;2;96;3;94;18;23;1;99;0;0;0;0;0;0;0;0;0;0;0;0;0;0;0;0
28.11.2024;18:19;A 35;1;2;68;2;13;10;15;8;46;2;82;1;94;11;49;0;100;0;0;0;0;0;0;0;0;0;0;0;0;0;0;0;0
28.11.2024;18:18;A 35;1;0;0;0;0;9;10;5;74;1;39;1;6;7;19;4;69;0;0;1;0;0;0;0;0;0;0;1;1;0;0;0;0
28.11.2024;18:17;A 35;1;2;0;1;6;10;10;9;36;1;42;1;10;15;20;4;80;0;0;0;0;0;0;0;0;0;0;0;0;0;0;0;0
28.11.2024;18:16;A 35;1;1;71;2;13;9;10;6;34;2;57;2;14;5;5;3;23;0;0;0;0;0;0;0;0;0;0;0;0;0;0;0;0
28.11.2024;18:15;A 35;1;1;0;0;0;12;29;4;90;6;10;0;54;9;34;5;73;0;0;0;0;0;0;0;0;0;0;0;0;0;0;0;0
28.11.2024;18:14;A 35;1;0;0;0;0;4;6;4;18;1;1;0;100;13;17;1;64;0;0;0;0;0;0;0;0;0;0;0;0;0;0;0;0
28.11.2024;18:13;A 35;1;1;74;2;13;10;7;7;30;4;91;0;100;4;4;4;21;0;0;0;0;0;0;0;0;0;0;0;0;0;0;0;0
28.11.2024;18:12;A 35;1;2;47;2;13;7;52;1;81;3;63;1;82;14;27;1;78;0;0;1;1;0;0;0;0;0;0;0;0;0;0;0;0
28.11.2024;18:11;A 35;1;0;100;0;0;8;13;7;39;0;100;1;3;18;21;1;73;0;0;0;0;0;0;0;0;0;0;0;0;0;0;0;0
28.11.2024;18:10;A 35;1;3;73;3;20;4;36;6;51;3;35;3;26;13;30;3;97;0;0;0;0;1;1;0;0;0;0;0;0;0;0;0;0
28.11.2024;18:09;A 35;1;0;35;0;0;10;61;2;94;4;43;3;53;11;50;2;83;0;0;0;0;0;0;0;0;0;0;0;0;0;0;0;0
28.11.2024;18:08;A 35;1;1;67;0;0;12;48;3;80;3;90;0;100;15;26;2;82;0;0;0;0;0;0;0;0;0;0;0;0;0;0;0;0
28.11.2024;18:07;A 35;1;1;0;1;7;4;57;2;72;2;95;0;100;11;15;3;60;0;0;0;0;0;0;1;1;0;0;0;0;0;0;1;1
28.11.2024;18:06;A 35;1;0;0;0;0;3;3;1;11;6;84;0;100;11;31;0;100;0;0;0;0;0;0;0;0;0;0;0;0;0;0;0;0
28.11.2024;18:05;A 35;1;3;1;1;6;9;41;3;71;1;91;1;98;10;68;0;100;0;0;0;0;0;0;0;0;0;0;0;0;0;0;0;0
28.11.2024;18:04;A 35;1;2;80;2;15;15;32;11;71;2;89;1;92;14;27;0;100;0;0;0;0;0;0;0;0;0;0;0;0;0;0;0;0
28.11.2024;18:03;A 35;1;1;1;1;6;2;1;1;8;4;66;5;77;12;58;0;100;0;0;0;0;0;0;0;0;0;0;0;0;0;0;0;0
28.11.2024;18:02;A 35;1;2;0;1;6;10;10;6;35;2;92;0;100;14;43;2;90;0;0;0;0;1;1;0;0;0;0;0;0;0;0;0;0
28.11.2024;18:01;A 35;1;0;0;0;0;13;11;6;42;3;93;0;100;18;24;2;81;0;0;0;0;0;0;0;0;0;0;0;0;0;0;0;0
28.11.2024;18:00;A 35;1;1;21;1;6;6;9;3;43;4;88;0;100;15;27;0;100;0;0;0;0;0;0;0;0;0;0;1;1;0;0;0;0
28.11.2024;17:59;A 35;1;2;0;1;6;10;12;7;40;1;75;2;68;9;71;0;100;0;0;0;0;0;0;0;0;0;0;0;0;0;0;0;0
28.11.2024;17:58;A 35;1;0;0;0;0;15;16;5;56;2;90;0;94;13;52;0;100;0;0;0;0;0;0;2;3;0;0;0;0;0;0;2;3
28.11.2024;17:57;A 35;1;3;10;2;16;11;57;1;96;3;88;1;61;10;39;3;83;0;0;1;1;0;0;0;0;0;0;1;1;0;0;0;0
28.11.2024;17:56;A 35;1;2;4;2;16;8;42;4;61;1;94;0;100;10;27;2;72;0;0;0;0;0;0;0;0;0;0;0;0;0;0;0;0
28.11.2024;17:55;A 35;1;3;92;2;13;13;34;2;64;2;94;0;100;8;15;5;50;0;0;0;0;1;1;0;0;0;0;0;0;1;1;0;0
28.11.2024;17:54;A 35;1;3;77;0;0;9;51;3;77;1;40;1;47;12;15;5;60;0;0;1;1;0;0;1;1;0;0;5;8;0;0;1;1
28.11.2024;17:53;A 35;1;1;76;0;0;8;6;4;33;1;1;0;4;13;34;2;74;0;0;0;0;0;0;0;0;0;0;0;0;0;0;0;0
28.11.2024;17:52;A 35;1;2;92;1;6;14;15;8;55;0;87;1;0;10;11;2;45;0;0;0;0;0;0;0;0;0;0;0;0;0;0;0;0
28.11.2024;17:51;A 35;1;1;56;0;0;11;50;4;87;2;67;2;22;15;18;2;63;0;0;1;1;0;0;0;0;0;0;1;1;0;0;0;0
28.11.2024;17:50;A 35;1;0;0;0;0;12;26;10;73;0;100;0;100;14;29;3;71;0;0;1;1;0;0;0;0;0;0;1;1;0;0;1;1
28.11.2024;17:49;A 35;1;5;64;2;16;9;46;5;69;1;7;2;11;14;49;0;100;0;0;3;5;0;0;0;0;0;0;2;3;0;0;0;0
28.11.2024;17:48;A 35;1;7;48;1;6;8;53;4;83;2;39;1;37;11;35;0;100;0;0;2;3;0;0;0;0;0;0;1;1;0;0;0;0
28.11.2024;17:47;A 35;1;2;24;1;6;5;26;5;46;1;70;1;8;11;57;0;100;0;0;1;1;0;0;0;0;0;0;2;3;0;0;0;0
28.11.2024;17:46;A 35;1;1;0;1;6;11;25;5;63;2;23;1;37;17;46;1;97;0;0;0;0;0;0;0;0;0;0;0;0;0;0;0;0
28.11.2024;17:45;A 35;1;2;15;2;13;4;52;2;69;2;17;1;4;11;63;0;100;0;0;0;0;0;0;0;0;0;0;0;0;0;0;0;0
28.11.2024;17:44;A 35;1;3;16;1;6;8;8;7;29;1;45;1;6;15;55;4;95;0;0;0;0;0;0;0;0;0;0;0;0;0;0;0;0
28.11.2024;17:43;A 35;1;2;71;2;13;16;18;7;66;2;92;0;93;21;38;2;96;0;0;0;0;0;0;0;0;0;0;0;0;0;0;0;0
28.11.2024;17:42;A 35;1;3;0;0;0;7;8;4;32;3;92;0;100;9;72;0;100;0;0;0;0;2;3;2;3;0;0;0;0;3;5;2;3
28.11.2024;17:41;A 35;1;0;0;0;4;10;9;5;37;3;27;1;36;17;42;1;87;0;0;0;0;0;0;0;0;0;0;0;0;0;0;0;0
28.11.2024;17:40;A 35;1;2;91;1;7;12;15;9;53;1;94;0;100;3;3;2;9;0;0;0;0;0;0;0;0;0;0;0;0;0;0;0;0
28.11.2024;17:39;A 35;1;5;12;2;13;11;51;5;97;1;48;3;28;4;3;1;14;0;0;0;0;0;0;0;0;0;0;0;0;0;0;0;0
28.11.2024;17:38;A 35;1;1;86;0;6;4;6;3;38;2;0;1;6;6;38;0;97;0;0;0;0;1;1;0;0;0;0;0;0;0;0;0;0
28.11.2024;17:37;A 35;1;4;72;1;0;17;15;7;75;4;6;1;9;20;27;1;98;0;0;0;0;0;0;0;0;0;0;0;0;0;0;0;0
28.11.2024;17:36;A 35;1;0;35;0;0;10;34;5;75;1;38;0;42;10;20;4;71;0;0;0;0;0;0;0;0;0;0;0;0;0;0;0;0
28.11.2024;17:35;A 35;1;1;27;0;0;9;19;6;60;1;70;2;62;20;43;2;95;0;0;0;0;0;0;0;0;0;0;0;0;0;0;0;0
28.11.2024;17:34;A 35;1;1;1;1;6;14;20;11;72;1;71;1;6;16;20;4;83;0;0;0;0;0;0;0;0;0;0;0;0;0;0;0;0
28.11.2024;17:33;A 35;1;1;36;2;14;10;13;5;74;1;34;0;0;12;34;3;64;0;0;0;0;0;0;0;0;0;0;0;0;0;0;0;0
28.11.2024;17:32;A 35;1;1;39;1;6;13;24;6;72;1;48;3;9;12;28;3;68;0;0;1;1;0;0;0;0;0;0;1;1;0;0;0;0
28.11.2024;17:31;A 35;1;1;87;0;0;9;66;3;99;0;85;0;0;7;12;3;35;0;0;0;0;0;0;0;0;0;0;0;0;0;0;0;0
28.11.2024;17:30;A 35;1;5;85;1;7;10;32;2;96;2;65;1;8;11;65;0;100;0;0;0;0;0;0;0;0;0;0;0;0;0;0;0;0
28.11.2024;17:29;A 35;1;1;97;0;0;4;3;4;12;1;0;1;8;10;69;0;100;0;0;0;0;0;0;0;0;0;0;0;0;0;0;0;0
28.11.2024;17:28;A 35;1;1;87;1;8;11;12;5;38;2;1;0;0;7;11;3;35;0;0;0;0;0;0;0;0;0;0;0;0;0;0;0;0
28.11.2024;17:27;A 35;1;2;63;1;6;4;3;2;13;0;0;0;0;14;25;2;89;0;0;0;0;0;0;0;0;0;0;0;0;0;0;0;0
28.11.2024;17:26;A 35;1;1;69;0;0;9;30;6;54;2;0;0;0;13;52;0;100;0;0;0;0;0;0;0;0;0;0;0;0;0;0;0;0
28.11.2024;17:25;A 35;1;0;0;0;0;9;15;6;40;1;67;1;5;15;48;0;100;0;0;0;0;0;0;0;0;0;0;0;0;0;0;0;0
28.11.2024;17:24;A 35;1;2;38;1;8;9;8;9;28;1;33;0;0;14;43;1;83;0;0;0;0;0;0;0;0;0;0;0;0;0;0;0;0
28.11.2024;17:23;A 35;1;1;0;0;0;8;7;5;29;1;24;2;7;17;25;4;93;0;0;0;0;0;0;1;1;0;0;0;0;0;0;1;1
28.11.2024;17:22;A 35;1;1;88;1;15;11;12;8;36;3;93;0;99;16;20;4;73;0;0;1;1;0;0;0;0;0;0;1;1;0;0;0;0
28.11.2024;17:21;A 35;1;3;74;4;24;6;17;1;73;2;68;3;45;11;67;0;100;1;1;0;0;0;0;0;0;0;0;0;0;0;0;0;0
28.11.2024;17:20;A 35;1;1;51;1;6;8;7;8;27;1;3;0;0;8;47;0;100;0;0;0;0;0;0;0;0;0;0;0;0;0;0;0;0
28.11.2024;17:19;A 35;1;3;74;2;17;4;4;5;17;3;7;2;16;15;17;4;65;0;0;0;0;0;0;0;0;0;0;0;0;0;0;0;0
28.11.2024;17:18;A 35;1;6;15;3;20;6;9;3;63;2;42;1;43;11;27;4;72;0;0;0;0;0;0;0;0;0;0;0;0;0;0;0;0
28.11.2024;17:17;A 35;1;1;1;1;7;15;41;3;93;1;17;3;23;13;48;6;80;0;0;0;0;0;0;0;0;0;0;0;0;0;0;0;0
28.11.2024;17:16;A 35;1;1;1;1;9;22;27;3;98;3;55;2;66;16;39;3;94;0;0;0;0;0;0;0;0;0;0;0;0;0;0;0;0
28.11.2024;17:15;A 35;1;5;43;2;12;6;79;0;100;1;34;0;0;7;15;3;65;0;0;1;1;0;0;0;0;0;0;1;1;0;0;0;0
28.11.2024;17:14;A 35;1;2;72;3;20;3;15;2;42;2;94;0;8;16;38;4;90;0;0;1;1;0;0;0;0;0;0;0;0;0;0;0;0
28.11.2024;17:13;A 35;1;2;62;0;0;10;9;4;37;3;73;2;85;5;6;3;18;0;0;0;0;0;0;1;1;0;0;0;0;0;0;1;1
28.11.2024;17:12;A 35;1;1;9;0;0;3;3;1;12;4;0;0;0;11;33;2;59;0;0;0;0;0;0;0;0;0;0;0;0;0;0;1;1
28.11.2024;17:11;A 35;1;2;0;1;6;7;5;8;26;0;0;0;0;10;18;3;67;0;0;0;0;0;0;0;0;0;0;0;0;0;0;0;0
28.11.2024;17:10;A 35;1;2;88;1;8;5;4;3;20;2;88;1;59;8;20;1;78;0;0;0;0;0;0;1;1;0;0;0;0;0;0;1;1
28.11.2024;17:09;A 35;1;2;52;2;14;8;13;4;46;1;2;1;9;10;56;1;83;0;0;0;0;0;0;0;0;0;0;0;0;0;0;0;0
28.11.2024;17:08;A 35;1;1;6;0;0;9;10;5;56;0;0;0;0;17;23;3;79;0;0;0;0;0;0;0;0;0;0;0;0;0;0;0;0
28.11.2024;17:07;A 35;1;1;15;1;6;12;12;9;63;1;82;1;47;4;6;2;17;0;0;0;0;0;0;0;0;0;0;0;0;0;0;0;0
28.11.2024;17:06;A 35;1;1;0;1;6;5;44;2;73;4;53;2;44;9;19;6;51;0;0;1;1;0;0;0;0;0;0;0;0;0;0;0;0
28.11.2024;17:05;A 35;1;0;0;0;0;6;7;1;46;2;90;0;100;7;22;0;67;0;0;0;0;0;0;1;1;0;0;0;0;0;0;0;0
28.11.2024;17:04;A 35;1;0;84;1;8;13;16;9;62;4;81;3;72;14;22;1;79;0;0;0;0;0;0;0;0;0;0;0;0;0;0;0;0
28.11.2024;17:03;A 35;1;3;58;2;17;1;1;2;6;1;11;1;10;10;36;3;73;0;0;0;0;0;0;0;0;0;0;0;0;0;0;0;0
28.11.2024;17:02;A 35;1;3;12;3;23;9;17;25;65;3;3;2;4;15;24;3;90;0;0;0;0;0;0;0;0;0;0;0;0;0;0;0;0
28.11.2024;17:01;A 35;1;0;60;0;0;10;42;5;72;3;32;1;38;10;17;4;55;0;0;0;0;0;0;0;0;0;0;0;0;0;0;0;0
28.11.2024;17:00;A 35;1;3;44;1;6;5;7;2;75;0;36;0;0;6;15;1;66;0;0;0;0;1;1;0;0;0;0;0;0;1;1;0;0
28.11.2024;16:59;A 35;1;1;44;1;6;15;42;5;83;2;4;2;21;4;43;2;73;0;0;0;0;0;0;0;0;0;0;0;0;0;0;0;0
28.11.2024;16:58;A 35;1;2;28;2;13;13;28;7;87;3;2;0;0;14;48;1;96;1;1;0;0;0;0;1;2;0;0;0;0;0;0;1;2
28.11.2024;16:57;A 35;1;2;40;1;9;7;12;3;63;2;41;0;42;9;41;3;78;0;0;0;0;1;1;1;0;0;0;0;0;1;1;1;0
28.11.2024;16:56;A 35;1;3;3;2;10;15;38;7;81;1;85;2;36;11;57;0;100;0;0;0;0;0;0;1;1;0;0;0;0;0;0;1;1
28.11.2024;16:55;A 35;1;5;44;2;16;8;30;6;56;4;1;0;0;6;12;6;41;0;0;0;0;0;0;0;0;0;0;0;0;0;0;0;0
28.11.2024;16:54;A 35;1;1;1;1;8;11;63;1;93;0;0;0;0;8;51;2;83;0;0;0;0;0;0;0;0;0;0;0;0;0;0;0;0
28.11.2024;16:53;A 35;1;3;1;1;8;9;8;11;55;2;1;0;0;16;57;3;98;0;0;0;0;0;0;0;0;0;0;0;0;0;0;0;0
28.11.2024;16:52;A 35;1;3;47;1;11;14;14;7;74;0;85;0;0;17;41;0;100;0;0;0;0;0;0;1;1;0;0;0;0;0;0;0;0
28.11.2024;16:51;A 35;1;5;41;2;13;3;2;2;10;4;67;1;63;13;47;0;100;0;0;0;0;0;0;0;0;0;0;0;0;0;0;0;0
28.11.2024;16:50;A 35;1;0;100;0;0;11;25;3;85;2;39;1;46;21;34;0;100;0;0;0;0;0;0;0;0;0;0;0;0;0;0;0;0
28.11.2024;16:49;A 35;1;3;70;1;16;10;45;4;74;2;67;1;32;5;79;2;99;0;0;0;0;1;1;1;1;0;0;0;0;0;0;1;1
28.11.2024;16:48;A 35;1;3;54;4;31;9;57;3;87;3;92;1;61;8;66;0;100;0;0;0;0;0;0;0;0;0;0;0;0;0;0;0;0
28.11.2024;16:47;A 35;1;1;9;2;10;11;29;4;61;1;57;1;67;12;67;0;100;0;0;0;0;0;0;0;0;0;0;0;0;0;0;0;0
28.11.2024;16:46;A 35;1;4;74;2;29;9;44;3;70;1;64;1;6;13;60;0;100;0;0;0;0;1;1;0;0;0;0;0;0;1;1;0;0
28.11.2024;16:45;A 35;1;5;12;5;30;5;67;0;96;1;13;2;12;10;70;0;100;0;0;0;0;0;0;0;0;0;0;0;0;0;0;0;0
28.11.2024;16:44;A 35;1;1;60;1;6;8;14;4;53;1;1;1;4;9;67;0;100;0;0;0;0;0;0;0;0;0;0;0;0;0;0;0;0
28.11.2024;16:43;A 35;1;3;91;1;16;13;13;9;64;0;0;0;0;12;55;0;100;0;0;0;0;0;0;1;1;0;0;0;0;0;0;1;1
28.11.2024;16:42;A 35;1;4;88;1;11;5;6;2;23;4;42;0;54;8;60;0;100;1;1;1;1;0;0;0;0;1;1;0;0;0;0;0;0
28.11.2024;16:41;A 35;1;0;100;2;15;9;16;8;51;0;100;0;100;15;42;0;100;0;0;1;1;0;0;1;1;0;0;0;0;0;0;1;1
28.11.2024;16:40;A 35;1;4;52;2;13;8;15;8;66;3;92;1;91;8;70;0;100;0;0;0;0;0;0;1;1;0;0;0;0;0;0;0;0
28.11.2024;16:39;A 35;1;3;47;2;17;3;11;1;39;2;52;2;45;12;61;0;100;0;0;0;0;0;0;0;0;0;0;0;0;0;0;0;0
28.11.2024;16:38;A 35;1;2;64;2;18;8;8;7;31;2;0;0;0;15;52;3;97;0;0;0;0;0;0;0;0;0;0;0;0;0;0;1;1
28.11.2024;16:37;A 35;1;4;42;2;8;11;10;6;35;1;1;1;5;15;36;3;97;0;0;0;0;0;0;0;0;0;0;0;0;0;0;0;0
28.11.2024;16:36;A 35;1;4;1;2;17;9;50;4;78;3;39;1;33;6;81;0;100;0;0;0;0;0;0;0;0;0;0;0;0;1;1;1;1
28.11.2024;16:35;A 35;1;1;1;1;13;11;12;10;52;2;46;1;8;9;61;0;100;0;0;0;0;0;0;1;1;0;0;0;0;0;0;1;1
28.11.2024;16:34;A 35;1;3;67;1;9;6;7;7;21;3;91;0;99;8;65;0;100;0;0;0;0;0;0;1;1;0;0;0;0;0;0;0;0
28.11.2024;16:33;A 35;1;4;39;2;17;4;4;4;15;3;91;0;100;7;69;0;100;1;1;0;0;0;0;0;0;0;0;0;0;1;1;0;0
28.11.2024;16:32;A 35;1;1;79;3;22;6;5;6;17;3;22;3;35;11;54;0;100;0;0;0;0;0;0;1;1;0;0;0;0;0;0;0;0
28.11.2024;16:31;A 35;1;2;89;1;6;12;14;8;42;2;1;3;5;11;49;0;100;0;0;0;0;0;0;0;0;0;0;0;0;0;0;0;0
28.11.2024;16:30;A 35;1;1;62;1;6;9;65;1;90;3;43;1;40;7;49;0;100;0;0;0;0;0;0;1;1;0;0;0;0;0;0;1;1
28.11.2024;16:29;A 35;1;1;29;0;5;7;34;4;57;1;63;1;12;7;67;0;100;0;0;0;0;0;0;0;0;0;0;0;0;0;0;0;0
28.11.2024;16:28;A 35;1;2;92;1;7;8;51;7;69;4;19;1;26;9;69;0;100;0;0;0;0;0;0;0;0;0;0;0;0;0;0;0;0
28.11.2024;16:27;A 35;1;2;44;1;6;1;0;1;3;1;42;0;40;9;73;0;100;0;0;0;0;0;0;1;1;0;0;0;0;0;0;1;1
28.11.2024;16:26;A 35;1;3;93;1;10;9;10;9;32;2;46;1;53;12;52;0;100;0;0;0;0;0;0;4;6;0;0;0;0;0;0;0;0
28.11.2024;16:25;A 35;1;3;91;2;13;11;9;8;34;2;92;0;100;13;49;0;100;0;0;0;0;1;1;0;0;0;0;0;0;1;1;0;0
28.11.2024;16:24;A 35;1;5;84;2;22;4;3;2;10;4;83;1;94;10;68;0;100;0;0;0;0;0;0;0;0;0;0;0;0;1;1;0;0
28.11.2024;16:23;A 35;1;1;62;0;0;8;7;8;23;1;96;1;85;11;66;0;100;5;8;0;0;0;0;0;0;0;0;0;0;0;0;0;0
28.11.2024;16:22;A 35;1;2;94;2;13;13;13;8;47;2;82;0;100;12;51;1;98;0;0;1;1;0;0;2;3;0;0;1;1;0;0;0;0
28.11.2024;16:21;A 35;1;3;44;2;17;6;6;3;25;4;87;1;91;4;9;0;100;0;0;1;1;4;6;1;1;0;0;1;1;0;0;1;1
28.11.2024;16:20;A 35;1;0;100;0;0;10;22;6;48;0;100;0;100;18;38;0;100;0;0;0;0;0;0;0;0;0;0;0;0;0;0;0;0
28.11.2024;16:19;A 35;1;6;53;3;20;6;44;6;61;2;23;2;18;3;80;0;100;0;0;1;1;1;1;0;0;0;0;0;0;0;0;0;0
28.11.2024;16:18;A 35;1;2;2;1;6;6;7;3;24;4;11;1;56;8;59;2;94;0;0;0;0;0;0;0;0;0;0;0;0;0;0;0;0
28.11.2024;16:17;A 35;1;0;0;0;0;13;30;7;63;0;97;0;100;21;37;5;94;0;0;0;0;0;0;0;0;0;0;0;0;0;0;0;0
28.11.2024;16:16;A 35;1;2;63;1;6;12;31;8;71;4;86;0;100;6;49;0;100;0;0;2;3;1;1;0;0;0;0;0;0;0;0;0;0
28.11.2024;16:15;A 35;1;4;71;2;22;10;62;0;100;5;78;1;90;9;65;1;95;0;0;1;1;0;0;0;0;0;0;0;0;0;0;0;0
28.11.2024;16:14;A 35;1;3;35;0;12;9;23;6;71;2;97;0;100;14;51;0;100;0;0;1;1;0;0;0;0;0;0;2;3;0;0;0;0
28.11.2024;16:13;A 35;1;3;91;1;9;15;23;9;72;2;45;1;67;10;61;0;100;0;0;0;0;0;0;0;0;0;0;0;0;0;0;0;0
28.11.2024;16:12;A 35;1;1;25;0;0;4;6;2;19;1;41;0;43;6;77;0;100;0;0;0;0;0;0;0;0;0;0;0;0;0;0;1;1
28.11.2024;16:11;A 35;1;1;19;0;0;7;6;6;20;1;83;1;88;15;52;0;100;0;0;0;0;0;0;1;1;0;0;0;0;0;0;2;3
28.11.2024;16:10;A 35;1;1;38;0;0;11;49;7;73;1;42;1;9;8;60;0;100;0;0;0;0;1;1;0;0;0;0;0;0;1;1;0;0
28.11.2024;16:09;A 35;1;3;43;2;16;6;7;5;35;1;39;0;39;8;80;0;100;0;0;0;0;0;0;0;0;1;1;0;0;0;0;0;0
28.11.2024;16:08;A 35;1;1;89;0;0;10;9;8;30;1;31;1;38;9;52;0;100;0;0;0;0;0;0;1;1;0;0;0;0;0;0;1;1
28.11.2024;16:07;A 35;1;1;87;1;6;8;6;5;23;1;0;0;0;18;45;2;95;0;0;0;0;0;0;0;0;0;0;0;0;0;0;0;0
28.11.2024;16:06;A 35;1;4;37;1;6;3;4;2;16;0;33;0;0;7;77;0;100;0;0;0;0;0;0;0;0;0;0;0;0;0;0;0;0
28.11.2024;16:05;A 35;1;1;41;0;0;7;14;9;37;4;37;1;10;16;47;0;100;0;0;0;0;0;0;0;0;0;0;0;0;0;0;0;0
28.11.2024;16:04;A 35;1;2;62;1;12;8;41;6;68;1;13;1;6;6;41;0;100;0;0;0;0;0;0;0;0;0;0;0;0;0;0;0;0
28.11.2024;16:03;A 35;1;1;26;2;12;11;50;5;85;0;36;0;0;6;74;0;100;0;0;1;1;0;0;0;0;0;0;0;0;0;0;0;0
28.11.2024;16:02;A 35;1;1;1;0;0;13;24;7;73;1;75;1;6;18;35;0;100;0;0;0;0;0;0;1;1;0;0;0;0;0;0;1;1
28.11.2024;16:01;A 35;1;5;3;1;11;6;62;4;85;2;3;1;7;7;68;0;100;0;0;0;0;0;0;1;1;0;0;0;0;0;0;0;0
28.11.2024;16:00;A 35;1;2;40;1;6;7;54;3;82;3;44;0;54;11;27;0;100;0;0;0;0;0;0;0;0;0;0;0;0;0;0;0;0
28.11.2024;15:59;A 35;1;0;100;0;0;10;8;9;29;1;75;2;36;8;58;1;99;0;0;0;0;1;1;0;0;0;0;0;0;1;1;0;0
28.11.2024;15:58;A 35;1;2;94;1;6;12;12;12;38;4;8;0;99;13;56;0;100;1;1;1;1;1;1;0;0;0;0;1;1;0;0;0;0
28.11.2024;15:57;A 35;1;3;34;1;6;3;3;3;15;3;73;1;98;7;39;0;100;0;0;0;0;0;0;2;3;0;0;0;0;0;0;1;1
28.11.2024;15:56;A 35;1;0;2;0;0;8;9;5;60;1;99;0;100;6;75;0;100;0;0;1;1;0;0;0;0;0;0;1;1;0;0;0;0
28.11.2024;15:55;A 35;1;2;91;2;13;14;13;12;62;1;85;2;53;15;40;0;100;0;0;0;0;0;0;0;0;0;0;0;0;0;0;0;0
28.11.2024;15:54;A 35;1;2;47;1;46;10;52;6;92;2;38;0;42;13;49;0;100;0;0;0;0;0;0;0;0;0;0;0;0;0;0;1;1
28.11.2024;15:53;A 35;1;1;16;1;12;9;8;6;21;1;33;1;39;15;60;1;97;0;0;0;0;0;0;0;0;0;0;0;0;0;0;0;0
28.11.2024;15:52;A 35;1;3;14;2;13;8;8;8;28;3;82;0;87;24;34;0;100;0;0;0;0;0;0;0;0;0;0;0;0;0;0;0;0
28.11.2024;15:51;A 35;1;3;39;1;6;5;4;5;17;3;37;1;49;9;9;4;33;0;0;0;0;1;1;0;0;0;0;1;1;0;0;0;0
28.11.2024;15:50;A 35;1;0;100;0;0;9;18;6;41;0;100;1;97;7;7;4;30;0;0;0;0;0;0;0;0;0;0;0;0;0;0;0;0
28.11.2024;15:49;A 35;1;4;86;1;16;8;35;7;56;4;36;2;54;5;21;2;96;0;0;0;0;0;0;1;1;0;0;0;0;0;0;1;1
28.11.2024;15:48;A 35;1;5;86;2;25;6;6;5;24;1;42;1;43;11;56;4;89;0;0;0;0;0;0;0;0;0;0;0;0;0;0;1;1
28.11.2024;15:47;A 35;1;1;91;1;7;9;17;6;41;2;3;2;13;15;20;8;62;0;0;0;0;0;0;1;1;0;0;0;0;0;0;0;0
28.11.2024;15:46;A 35;1;0;61;2;14;10;47;7;90;1;61;2;5;5;77;0;100;0;0;2;3;0;0;1;1;0;0;10;16;0;0;0;0
28.11.2024;15:45;A 35;1;3;73;3;20;8;20;2;97;3;23;4;13;11;52;1;99;0;0;0;0;0;0;0;1;0;0;0;0;0;0;0;1
28.11.2024;15:44;A 35;1;0;100;0;0;8;10;7;48;1;82;1;6;12;54;4;92;0;0;0;0;0;0;2;2;0;0;0;0;0;0;2;2
28.11.2024;15:43;A 35;1;1;4;0;0;7;11;6;52;2;73;0;76;12;58;0;100;0;0;0;0;0;0;0;0;0;0;0;0;0;0;0;0
28.11.2024;15:42;A 35;1;1;37;1;6;3;6;6;22;7;86;0;100;8;26;2;44;0;0;0;0;0;0;0;0;0;0;0;0;0;0;1;1
28.11.2024;15:41;A 35;1;4;92;1;15;10;11;6;34;1;91;1;97;16;49;3;95;0;0;0;0;0;0;1;1;0;0;0;0;0;0;1;1
28.11.2024;15:40;A 35;1;3;5;2;22;11;10;10;35;2;31;2;16;16;18;14;64;0;0;0;0;0;0;0;0;0;0;0;0;0;0;0;0
28.11.2024;15:39;A 35;1;4;45;1;16;10;12;7;58;3;2;1;5;10;52;2;85;0;0;1;1;0;0;0;0;0;0;0;0;0;0;0;0
28.11.2024;15:38;A 35;1;1;40;0;0;9;17;7;42;3;2;0;0;14;40;5;79;0;0;0;0;0;0;0;0;0;0;0;0;0;0;0;0
28.11.2024;15:37;A 35;1;3;66;2;21;11;16;9;64;0;59;0;0;17;52;1;99;0;0;0;0;0;0;0;0;0;0;0;0;0;0;0;0
28.11.2024;15:36;A 35;1;3;70;2;19;7;58;1;79;1;50;1;5;8;9;5;30;0;0;0;0;0;0;0;0;0;0;0;0;0;0;0;0
28.11.2024;15:35;A 35;1;1;3;0;0;7;44;7;63;0;0;0;0;5;44;0;94;0;0;0;0;0;0;0;0;0;0;0;0;0;0;0;0
28.11.2024;15:34;A 35;1;1;86;1;8;13;24;9;59;1;87;1;77;19;46;1;99;0;0;0;0;0;0;0;0;0;0;0;0;0;0;0;0
28.11.2024;15:33;A 35;1;3;46;3;18;0;0;0;0;2;63;2;9;10;56;2;88;0;0;0;0;1;1;0;0;0;0;0;0;16;26;1;1
28.11.2024;15:32;A 35;1;3;69;0;0;13;47;7;83;4;10;1;13;17;36;0;100;0;0;0;0;0;0;0;0;0;0;0;0;0;0;0;0
28.11.2024;15:31;A 35;1;2;17;1;6;12;17;10;47;0;0;0;0;4;45;2;94;0;0;0;0;1;1;0;0;0;0;0;0;1;1;0;0
28.11.2024;15:30;A 35;1;1;38;1;6;2;1;2;5;0;37;0;0;9;25;1;94;0;0;0;0;0;0;0;0;0;0;0;0;0;0;1;1
28.11.2024;15:29;A 35;1;1;55;0;0;5;6;6;15;1;74;1;6;11;46;0;100;0;0;0;0;0;0;0;0;0;0;0;0;0;0;0;0
28.11.2024;15:28;A 35;1;1;87;1;6;8;10;7;29;1;89;0;90;21;30;3;97;0;0;0;0;0;0;3;5;0;0;0;0;0;0;0;0
28.11.2024;15:27;A 35;1;3;8;3;20;3;2;5;8;3;51;2;13;8;73;0;100;0;0;0;0;0;0;0;0;1;1;0;0;0;0;0;0
28.11.2024;15:26;A 35;1;1;81;0;0;6;5;6;46;1;35;1;5;9;45;1;98;0;0;0;0;0;0;0;0;0;0;0;0;0;0;0;0
28.11.2024;15:25;A 35;1;2;0;1;6;10;50;5;95;2;2;2;3;12;15;6;54;0;0;0;0;0;0;1;1;0;0;0;0;0;0;0;0
28.11.2024;15:24;A 35;1;3;40;0;0;18;29;5;93;0;0;0;0;9;16;1;99;0;0;0;0;0;0;0;0;0;0;0;0;0;0;0;0
28.11.2024;15:23;A 35;1;1;73;0;0;9;9;12;28;0;0;0;0;14;26;3;97;0;0;1;1;0;0;1;1;0;0;1;1;0;0;0;0
28.11.2024;15:22;A 35;1;1;1;1;6;7;5;6;19;0;84;0;42;22;32;3;98;0;0;0;0;0;0;0;0;0;0;0;0;0;0;0;0
28.11.2024;15:21;A 35;1;0;0;0;0;7;14;3;80;4;28;2;41;13;61;2;96;0;0;0;0;1;1;0;0;0;0;0;0;2;3;0;0
28.11.2024;15:20;A 35;1;0;0;0;0;8;7;8;23;1;63;2;22;5;45;2;80;0;0;0;0;0;0;0;0;0;0;0;0;0;0;0;0
28.11.2024;15:19;A 35;1;1;0;1;6;10;8;11;28;1;85;0;87;8;7;6;32;0;0;0;0;0;0;0;0;0;0;0;0;0;0;5;8
28.11.2024;15:18;A 35;1;3;39;2;18;5;11;5;50;2;25;1;27;10;54;0;95;0;0;0;0;0;0;1;1;0;0;0;0;1;1;1;1
28.11.2024;15:17;A 35;1;3;76;1;6;14;22;12;54;2;0;0;0;19;41;1;98;0;0;0;0;0;0;0;0;0;0;0;0;0;0;0;0
28.11.2024;15:16;A 35;1;6;18;2;13;10;44;6;69;3;2;1;4;5;54;0;100;0;0;0;0;0;0;1;1;0;0;0;0;0;0;3;5
28.11.2024;15:15;A 35;1;1;19;1;6;5;44;4;64;1;0;0;0;10;52;3;84;0;0;1;1;1;1;0;0;0;0;0;0;1;1;0;0
28.11.2024;15:14;A 35;1;1;40;0;0;12;24;11;57;1;1;0;0;20;35;5;81;0;0;0;0;0;0;1;1;0;0;0;0;0;0;0;0
28.11.2024;15:13;A 35;1;1;1;1;6;3;78;1;84;3;64;0;74;14;54;5;89;0;0;0;0;0;0;0;0;0;0;0;0;0;0;0;0
28.11.2024;15:12;A 35;1;3;41;1;13;7;8;5;33;4;87;0;100;11;17;3;82;0;0;0;0;0;0;0;0;0;0;0;0;0;0;2;3
28.11.2024;15:11;A 35;1;2;93;1;6;7;7;7;22;2;95;0;100;7;41;1;67;0;0;0;0;0;0;1;1;0;0;0;0;0;0;0;0
28.11.2024;15:10;A 35;1;3;55;1;6;10;10;8;33;2;9;0;100;6;7;2;31;0;0;0;0;0;0;0;0;0;0;0;0;0;0;0;0
28.11.2024;15:09;A 35;1;5;45;2;23;4;3;3;12;4;47;2;83;10;14;4;78;0;0;0;0;1;1;0;0;0;0;0;0;0;0;0;0
28.11.2024;15:08;A 35;1;1;94;2;13;9;8;8;24;0;100;0;100;16;24;9;74;0;0;0;0;0;0;0;0;0;0;0;0;0;0;0;0
28.11.2024;15:07;A 35;1;2;72;1;16;6;5;5;19;1;2;1;7;9;13;4;52;0;0;0;0;0;0;0;0;0;0;0;0;0;0;0;0
28.11.2024;15:06;A 35;1;1;79;0;0;4;3;4;10;1;0;0;0;14;59;1;99;0;0;0;0;0;0;0;0;0;0;0;0;0;0;0;0
28.11.2024;15:05;A 35;1;1;8;0;0;11;11;9;33;0;68;0;0;16;46;4;84;0;0;0;0;0;0;0;0;0;0;0;0;0;0;1;1
28.11.2024;15:04;A 35;1;3;1;1;6;6;6;6;21;4;63;2;56;4;5;4;23;0;0;0;0;0;0;0;0;0;0;0;0;0;0;0;0
28.11.2024;15:03;A 35;1;1;0;1;6;10;20;11;46;0;100;0;0;17;19;11;62;0;0;0;0;0;0;0;0;0;0;0;0;0;0;0;0
28.11.2024;15:02;A 35;1;1;1;1;6;13;57;9;93;1;76;1;59;7;78;0;100;0;0;0;0;0;0;0;0;0;0;0;0;0;0;1;1
28.11.2024;15:01;A 35;1;2;65;1;16;11;24;13;53;4;89;1;26;9;40;7;64;0;0;0;0;0;0;1;1;0;0;0;0;0;0;0;0
28.11.2024;15:00;A 35;1;3;21;2;13;4;42;5;54;3;86;1;29;13;22;4;62;0;0;0;0;0;0;1;1;0;0;0;0;0;0;0;0
28.11.2024;14:59;A 35;1;0;0;1;6;5;13;3;58;1;41;1;36;9;51;1;79;0;0;0;0;0;0;0;0;0;0;0;0;1;1;0;0
28.11.2024;14:58;A 35;1;2;27;0;0;11;15;8;45;1;66;1;5;19;45;1;99;0;0;0;0;0;0;0;0;0;0;0;0;0;0;0;0
28.11.2024;14:57;A 35;1;0;78;1;6;11;12;10;41;1;1;0;0;8;63;1;96;0;0;2;3;0;0;1;1;0;0;2;3;0;0;0;0
28.11.2024;14:56;A 35;1;3;20;1;6;9;14;10;55;0;0;0;0;8;12;7;30;0;0;0;0;0;0;0;0;0;0;0;0;0;0;1;1
28.11.2024;14:55;A 35;1;0;25;1;6;4;36;2;55;0;0;0;0;13;62;3;89;0;0;0;0;0;0;0;0;0;0;0;0;0;0;0;0
28.11.2024;14:54;A 35;1;1;58;2;13;11;56;4;88;5;7;1;12;9;13;8;40;0;0;0;0;0;0;0;0;0;0;0;0;0;0;0;0
28.11.2024;14:53;A 35;1;3;76;1;6;8;55;10;77;1;3;0;4;14;28;6;70;0;0;0;0;0;0;0;0;0;0;0;0;0;0;0;0
28.11.2024;14:52;A 35;1;1;40;0;2;16;26;4;78;1;86;2;77;9;8;4;56;0;0;0;0;0;0;0;0;0;0;0;0;0;0;0;0
28.11.2024;14:51;A 35;1;3;71;1;3;4;38;1;71;1;63;1;68;8;15;5;47;0;0;0;0;0;0;0;0;0;0;0;0;0;0;0;0
28.11.2024;14:50;A 35;1;1;79;1;12;11;29;7;71;5;84;2;80;7;16;11;34;0;0;0;0;0;0;0;0;0;0;0;0;0;0;0;0
28.11.2024;14:49;A 35;1;2;57;2;39;9;31;9;66;1;62;0;67;6;52;2;96;0;0;1;1;0;0;1;1;0;0;0;0;0;0;1;1
28.11.2024;14:48;A 35;1;3;50;1;7;10;20;6;76;3;85;1;95;7;22;3;57;0;0;0;0;0;0;0;0;0;0;0;0;1;1;0;0
28.11.2024;14:47;A 35;1;1;61;1;6;9;55;3;73;4;86;4;84;8;36;6;63;0;0;1;1;0;0;2;3;0;0;0;0;0;0;3;4
28.11.2024;14:46;A 35;1;4;76;2;13;7;42;2;77;3;81;5;16;8;27;1;97;0;0;0;0;0;0;1;1;0;0;0;0;1;1;1;1
28.11.2024;14:45;A 35;1;1;46;0;11;9;51;6;81;2;70;2;30;14;22;5;69;0;0;0;0;0;0;0;0;0;0;0;0;0;0;0;0
28.11.2024;14:44;A 35;1;5;9;2;12;12;40;5;84;3;76;1;85;9;9;3;47;0;0;0;0;0;0;0;0;0;0;0;0;0;0;0;0
28.11.2024;14:43;A 35;1;5;64;2;13;8;38;5;63;1;26;1;30;14;16;4;60;0;0;0;0;0;0;1;1;0;0;0;0;0;0;0;0
28.11.2024;14:42;A 35;1;1;37;1;6;11;48;6;75;1;50;1;55;11;14;4;51;0;0;0;0;0;0;0;0;0;0;0;0;0;0;0;0
28.11.2024;14:41;A 35;1;2;37;1;6;7;22;1;80;1;1;1;4;9;27;2;67;0;0;0;0;1;1;0;0;0;0;0;0;0;0;0;0
28.11.2024;14:40;A 35;1;1;18;0;0;7;59;2;79;2;32;0;35;6;5;5;26;0;0;0;0;0;0;0;0;0;0;0;0;0;0;0;0
28.11.2024;14:39;A 35;1;0;12;0;0;8;46;3;68;2;28;1;26;15;47;2;86;0;0;0;0;0;0;0;0;0;0;0;0;0;0;0;0
28.11.2024;14:38;A 35;1;2;47;1;6;14;38;6;73;1;35;1;5;13;34;1;75;0;0;0;0;0;0;1;1;0;0;0;0;0;0;0;0
28.11.2024;14:37;A 35;1;1;8;0;0;5;19;6;56;4;75;1;86;9;55;0;100;0;0;0;0;0;0;0;0;0;0;0;0;0;0;0;0
28.11.2024;14:36;A 35;1;1;0;1;6;12;21;6;69;3;86;4;54;7;6;3;51;0;0;0;0;0;0;0;0;0;0;0;0;0;0;0;0
28.11.2024;14:35;A 35;1;1;50;2;13;9;57;1;78;2;77;1;6;5;10;2;29;0;0;0;0;0;0;0;0;0;0;0;0;0;0;1;1
28.11.2024;14:34;A 35;1;3;54;1;6;10;15;5;79;3;70;3;40;14;20;4;73;0;0;0;0;0;0;0;0;0;0;0;0;0;0;0;0
28.11.2024;14:33;A 35;1;2;79;1;6;7;9;4;71;1;57;8;14;12;17;2;47;0;0;0;0;0;0;1;1;0;0;0;0;0;0;0;0
28.11.2024;14:32;A 35;1;1;56;1;6;4;4;4;18;1;52;2;47;7;6;7;35;0;0;0;0;0;0;0;0;0;0;0;0;0;0;1;1
28.11.2024;14:31;A 35;1;1;90;0;0;14;33;9;70;1;54;1;8;7;9;7;32;0;0;0;0;0;0;0;0;0;0;0;0;0;0;0;0
28.11.2024;14:30;A 35;1;0;0;0;0;6;40;2;63;2;46;1;55;6;8;3;33;0;0;0;0;0;0;0;0;0;0;0;0;0;0;0;0
28.11.2024;14:29;A 35;1;1;1;1;6;7;33;3;58;1;68;0;1;10;12;4;66;1;1;0;0;0;0;0;0;1;1;0;0;0;0;0;0
28.11.2024;14:28;A 35;1;1;26;1;6;10;17;5;68;0;0;1;5;2;2;2;17;0;0;1;1;0;0;0;0;0;0;1;1;0;0;0;0
28.11.2024;14:27;A 35;1;3;2;2;13;12;42;8;72;2;0;0;0;10;11;5;57;0;0;0;0;0;0;0;0;0;0;0;0;0;0;0;0
28.11.2024;14:26;A 35;1;3;25;1;6;8;61;2;82;3;19;1;28;14;47;1;99;0;0;0;0;0;0;1;1;0;0;0;0;0;0;1;1
28.11.2024;14:25;A 35;1;1;13;1;6;7;57;3;79;1;0;0;0;13;63;1;99;0;0;0;0;0;0;0;0;0;0;0;0;0;0;0;0
28.11.2024;14:24;A 35;1;1;48;0;0;5;4;4;54;2;1;1;3;10;49;1;91;0;0;1;1;0;0;0;0;0;0;0;0;0;0;1;1
28.11.2024;14:23;A 35;1;2;0;1;6;6;14;5;57;2;94;1;98;5;4;5;29;0;0;0;0;0;0;0;0;0;0;0;0;0;0;1;1
28.11.2024;14:22;A 35;1;1;36;1;8;10;17;8;40;4;49;3;47;5;45;3;70;0;0;0;0;0;0;0;0;0;0;0;0;0;0;0;0
28.11.2024;14:21;A 35;1;0;0;0;0;6;5;7;17;0;0;0;0;13;20;5;78;0;0;0;0;0;0;0;0;0;0;0;0;0;0;0;0
28.11.2024;14:20;A 35;1;0;46;0;0;12;12;16;67;2;46;0;49;12;57;4;95;0;0;0;0;0;0;0;0;0;0;0;0;1;1;1;1
28.11.2024;14:19;A 35;1;1;24;0;0;5;50;1;64;3;19;1;28;12;39;6;95;0;0;0;0;0;0;0;0;0;0;0;0;0;0;2;3
28.11.2024;14:18;A 35;1;0;0;0;0;5;41;2;54;2;38;1;48;9;27;4;76;0;0;0;0;0;0;0;0;0;0;0;0;0;0;1;1
28.11.2024;14:17;A 35;1;1;18;0;2;7;15;5;64;2;18;2;27;9;27;2;98;0;0;0;0;0;0;0;0;0;0;0;0;0;0;0;0
28.11.2024;14:16;A 35;1;1;3;1;4;11;29;9;59;1;40;1;45;13;18;5;64;0;0;0;0;0;0;0;0;0;0;0;0;0;0;0;0
28.11.2024;14:15;A 35;1;1;68;1;6;11;41;8;79;2;4;2;13;10;12;6;57;0;0;0;0;0;0;0;0;0;0;0;0;0;0;0;0
28.11.2024;14:14;A 35;1;5;63;1;11;5;49;3;61;2;1;2;5;5;10;3;45;0;0;0;0;0;0;1;1;0;0;0;0;0;0;2;3
28.11.2024;14:13;A 35;1;1;44;1;6;8;58;4;83;0;0;0;0;6;13;4;41;0;0;1;1;0;0;0;0;0;0;0;0;0;0;0;0
28.11.2024;14:12;A 35;1;3;22;2;18;5;18;1;75;0;0;0;0;9;14;5;48;0;0;0;0;0;0;0;0;0;0;0;0;0;0;0;0
28.11.2024;14:11;A 35;1;1;21;1;6;9;45;5;66;1;13;0;0;9;10;5;39;1;1;0;0;0;0;0;0;0;0;0;0;0;0;0;0
28.11.2024;14:10;A 35;1;2;46;2;13;9;17;8;72;2;26;2;28;11;25;2;82;0;0;0;0;0;0;0;0;0;0;0;0;0;0;0;0
28.11.2024;14:09;A 35;1;2;19;0;0;9;15;9;36;1;65;2;15;5;5;6;23;0;0;0;0;0;0;1;1;0;0;0;0;0;0;1;1
28.11.2024;14:08;A 35;1;3;54;1;6;11;14;12;44;1;80;1;35;10;9;7;34;0;0;0;0;0;0;0;0;0;0;0;0;0;0;0;0
28.11.2024;14:07;A 35;1;2;53;2;18;5;54;2;66;2;43;3;33;8;9;2;38;0;0;0;0;0;0;0;0;0;0;0;0;0;0;0;0
28.11.2024;14:06;A 35;1;3;37;1;6;6;8;7;30;1;1;0;0;8;14;5;49;0;0;0;0;0;0;0;0;0;0;0;0;0;0;0;0
28.11.2024;14:05;A 35;1;1;2;2;13;7;48;6;74;3;5;1;16;11;19;7;57;1;1;0;0;0;0;0;0;1;1;0;0;0;0;0;0
28.11.2024;14:04;A 35;1;1;31;0;0;4;5;4;13;0;0;0;0;8;18;6;64;0;0;0;0;0;0;1;1;0;0;0;0;0;0;1;1
28.11.2024;14:03;A 35;1;4;2;2;21;8;50;7;69;0;0;0;0;8;18;7;46;0;0;0;0;0;0;0;0;0;0;0;0;0;0;0;0
28.11.2024;14:02;A 35;1;2;51;0;0;12;23;9;47;1;23;3;11;15;27;5;59;0;0;1;1;0;0;0;0;0;0;1;1;0;0;1;1
28.11.2024;14:01;A 35;1;3;62;2;22;11;47;6;80;2;44;2;55;7;52;1;98;0;0;0;0;0;0;0;0;0;0;0;0;0;0;1;1
28.11.2024;14:00;A 35;1;2;14;0;0;5;50;1;65;1;6;1;6;3;3;4;14;1;1;0;0;3;5;0;0;1;1;0;0;12;20;0;0
28.11.2024;13:59;A 35;1;1;34;0;0;8;11;11;37;1;49;0;49;10;18;3;50;0;0;0;0;0;0;0;0;0;0;0;0;0;0;1;1
28.11.2024;13:58;A 35;1;0;28;1;6;6;6;7;21;2;48;4;30;10;19;3;71;0;0;0;0;0;0;0;0;0;0;0;0;0;0;2;3
28.11.2024;13:57;A 35;1;3;51;1;8;9;18;4;80;4;14;1;36;7;8;4;32;0;0;0;0;0;0;0;0;0;0;0;0;0;0;1;1
28.11.2024;13:56;A 35;1;2;26;1;13;4;10;3;18;3;58;1;65;4;3;4;17;0;0;0;0;0;0;0;0;0;0;0;0;0;0;0;0
28.11.2024;13:55;A 35;1;2;19;2;13;17;40;11;82;2;0;1;0;5;17;2;81;0;0;0;0;0;0;0;0;0;0;0;0;0;0;1;1
28.11.2024;13:54;A 35;1;1;1;1;6;4;29;2;61;1;0;1;0;11;20;4;55;0;0;0;0;0;0;1;1;0;0;0;0;0;0;0;0
28.11.2024;13:53;A 35;1;3;67;2;18;11;25;8;73;2;0;0;0;8;20;5;67;0;0;0;0;0;0;0;0;0;0;0;0;0;0;0;0
28.11.2024;13:52;A 35;1;1;12;1;6;9;24;4;79;2;53;0;56;11;27;1;63;0;0;0;0;0;0;2;3;0;0;0;0;0;0;1;1
28.11.2024;13:51;A 35;1;0;0;0;0;11;60;5;91;5;85;2;78;11;27;3;73;0;0;0;0;0;0;0;0;0;0;0;0;0;0;0;0
28.11.2024;13:50;A 35;1;0;0;0;0;5;44;3;87;4;38;2;48;16;24;3;79;0;0;0;0;0;0;0;0;0;0;0;0;0;0;0;0
28.11.2024;13:49;A 35;1;0;0;0;2;10;10;10;66;0;1;0;0;12;12;8;52;0;0;1;1;0;0;0;0;0;0;1;1;0;0;0;0
28.11.2024;13:48;A 35;1;1;49;1;4;19;29;8;80;3;89;2;38;6;5;6;31;0;0;0;0;0;0;0;0;0;0;0;0;0;0;0;0
28.11.2024;13:47;A 35;1;3;56;2;14;7;22;3;79;3;63;1;61;4;17;2;60;0;0;1;1;1;1;0;0;0;0;1;1;0;0;0;0
28.11.2024;13:46;A 35;1;2;52;1;6;9;40;7;65;1;65;1;74;3;33;2;52;0;0;0;0;0;0;0;0;0;0;0;0;0;0;0;0
28.11.2024;13:45;A 35;1;2;0;1;6;9;46;4;73;3;63;2;73;9;15;3;55;0;0;0;0;0;0;0;0;0;0;0;0;0;0;0;0
28.11.2024;13:44;A 35;1;0;0;0;0;11;58;2;83;1;69;3;8;9;9;5;42;0;0;0;0;0;0;0;0;0;0;0;0;0;0;0;0
28.11.2024;13:43;A 35;1;1;1;0;0;6;40;2;68;0;13;0;12;4;3;4;22;0;0;0;0;0;0;0;0;0;0;0;0;0;0;0;0
28.11.2024;13:42;A 35;1;0;0;0;0;11;12;4;36;1;0;1;8;8;33;4;62;0;0;0;0;0;0;3;5;0;0;0;0;0;0;0;0
28.11.2024;13:41;A 35;1;0;0;0;0;13;22;5;65;1;0;0;0;10;11;5;57;0;0;0;0;0;0;1;1;0;0;0;0;0;0;1;1
28.11.2024;13:40;A 35;1;3;71;2;13;7;16;3;54;1;18;1;7;4;5;4;24;0;0;0;0;0;0;0;0;0;0;0;0;0;0;0;0
28.11.2024;13:39;A 35;1;2;54;1;15;9;25;5;84;1;59;0;59;6;10;3;32;0;0;0;0;0;0;0;0;0;0;0;0;0;0;0;0
28.11.2024;13:38;A 35;1;5;43;1;12;7;51;2;70;2;25;2;35;10;13;3;75;0;0;0;0;0;0;0;0;0;0;0;0;0;0;0;0
28.11.2024;13:37;A 35;1;2;31;0;0;8;44;4;76;2;17;1;20;11;61;1;95;0;0;0;0;0;0;0;0;0;0;0;0;0;0;0;0
28.11.2024;13:36;A 35;1;1;76;0;5;8;44;3;70;3;4;0;5;14;46;1;99;0;0;0;0;0;0;1;1;0;0;0;0;0;0;1;1
28.11.2024;13:35;A 35;1;6;36;4;26;3;39;1;55;0;0;2;1;5;49;3;66;0;0;0;0;0;0;0;0;1;3;0;0;0;0;0;0
28.11.2024;13:34;A 35;1;3;55;0;0;10;50;5;82;4;5;1;84;14;23;3;83;0;0;0;0;0;0;1;1;1;0;0;0;0;0;3;5
28.11.2024;13:33;A 35;1;1;74;0;0;10;27;4;57;2;81;1;48;4;12;3;76;0;0;0;0;0;0;1;1;0;0;1;1;0;0;0;0
28.11.2024;13:32;A 35;1;0;0;0;0;3;51;2;63;7;21;3;39;3;4;2;28;0;0;10;17;0;0;1;1;1;1;6;10;0;0;0;0
28.11.2024;13:31;A 35;1;2;21;1;8;8;44;0;98;7;35;0;44;9;50;5;92;0;0;4;6;0;0;1;1;0;0;10;16;0;0;0;0
28.11.2024;13:30;A 35;1;1;27;1;6;7;29;1;82;2;35;3;30;11;20;3;63;1;1;0;0;0;0;1;1;0;0;0;0;0;0;0;0
28.11.2024;13:29;A 35;1;1;26;0;0;5;10;3;56;0;0;0;0;13;14;6;53;0;0;0;0;0;0;0;0;0;0;0;0;0;0;0;0
28.11.2024;13:28;A 35;1;0;0;0;0;4;3;4;12;2;3;1;0;13;26;2;68;0;0;0;0;0;0;0;0;0;0;0;0;0;0;0;0
28.11.2024;13:27;A 35;1;1;82;0;0;9;35;3;57;0;0;0;0;11;20;2;64;0;0;0;0;0;0;0;0;0;0;0;0;0;0;0;0
28.11.2024;13:26;A 35;1;0;0;0;0;14;39;5;78;0;77;1;1;9;13;3;39;0;0;0;0;0;0;0;0;0;0;0;0;0;0;0;0
28.11.2024;13:25;A 35;1;3;0;1;6;4;37;3;65;2;13;2;13;4;31;1;51;0;0;0;0;0;0;0;0;0;0;0;0;0;0;1;1
28.11.2024;13:24;A 35;1;1;31;2;14;8;49;4;71;0;0;0;0;6;8;5;57;0;0;0;0;0;0;0;0;0;0;0;0;0;0;0;0
28.11.2024;13:23;A 35;1;2;22;2;13;11;50;2;83;1;0;0;0;7;8;7;31;0;0;0;0;0;0;0;0;0;0;0;0;0;0;0;0
28.11.2024;13:22;A 35;1;1;43;0;0;4;12;1;62;1;11;1;0;4;8;2;30;0;0;0;0;2;3;0;0;0;0;0;0;0;0;0;0
28.11.2024;13:21;A 35;1;1;92;0;0;10;9;9;31;1;59;2;9;14;31;3;72;0;0;0;0;0;0;1;1;0;0;0;0;0;0;2;3
28.11.2024;13:20;A 35;1;2;0;1;6;3;2;3;8;2;17;2;13;4;46;1;93;0;0;0;0;1;1;0;0;0;0;1;1;2;3;0;0
28.11.2024;13:19;A 35;1;0;0;0;0;10;12;12;42;1;0;2;2;10;24;3;82;0;0;0;0;1;1;0;0;0;0;0;0;2;3;1;1
28.11.2024;13:18;A 35;1;0;0;0;0;14;51;2;82;4;21;3;9;8;10;5;47;0;0;0;0;0;0;0;0;0;0;0;0;0;0;0;0
28.11.2024;13:17;A 35;1;5;32;3;25;10;28;1;99;1;14;1;9;7;75;1;98;0;0;0;0;0;0;0;0;0;0;0;0;0;0;0;0
28.11.2024;13:16;A 35;1;3;46;1;6;5;80;0;100;1;0;0;0;7;18;2;71;0;0;0;0;2;3;0;0;0;0;0;0;0;0;0;0
28.11.2024;13:15;A 35;1;3;13;0;0;5;46;2;61;2;20;2;28;10;21;2;76;0;0;0;0;0;0;0;0;0;0;0;0;0;0;0;0
28.11.2024;13:14;A 35;1;3;21;1;8;10;45;5;77;2;73;1;79;6;48;3;71;0;0;0;0;0;0;1;1;0;0;0;0;0;0;1;1
28.11.2024;13:13;A 35;1;3;69;2;11;9;71;0;100;2;90;4;43;10;18;2;55;0;0;0;0;0;0;0;0;0;0;1;1;0;0;0;0
28.11.2024;13:12;A 35;1;1;1;0;0;5;32;3;46;3;76;0;79;8;9;3;39;0;0;0;0;0;0;0;0;0;0;0;0;0;0;0;0
28.11.2024;13:11;A 35;1;0;0;0;0;5;9;3;53;2;65;2;44;8;11;3;38;0;0;1;1;0;0;1;3;0;0;0;0;0;0;0;0
28.11.2024;13:10;A 35;1;2;36;3;20;10;41;5;69;1;39;1;6;5;4;5;20;0;0;0;0;0;0;2;1;0;0;0;0;0;0;0;0
28.11.2024;13:09;A 35;1;3;53;1;6;8;17;4;72;1;0;1;0;8;8;4;38;0;0;2;3;0;0;1;1;0;0;1;1;0;0;0;0
28.11.2024;13:08;A 35;1;3;75;1;12;5;5;5;52;1;2;0;3;7;26;2;74;0;0;0;0;0;0;0;0;0;0;0;0;0;0;0;0
28.11.2024;13:07;A 35;1;0;0;0;0;3;7;2;41;2;3;2;40;10;34;2;67;0;0;0;0;0;0;0;0;0;0;0;0;0;0;0;0
28.11.2024;13:06;A 35;1;1;29;0;0;8;12;8;39;2;34;2;39;4;45;4;70;0;0;0;0;0;0;0;0;0;0;0;0;0;0;0;0
28.11.2024;13:05;A 35;1;0;71;0;0;11;24;6;71;1;77;1;15;6;6;7;51;0;0;0;0;1;1;0;0;0;0;0;0;0;0;0;0
28.11.2024;13:04;A 35;1;1;56;1;6;8;17;3;79;1;14;1;9;2;1;2;7;0;0;0;0;0;0;0;0;0;0;0;0;0;0;0;0
28.11.2024;13:03;A 35;1;1;66;1;6;9;52;2;77;2;29;0;39;6;12;2;57;0;0;0;0;0;0;0;0;0;0;0;0;0;0;0;0
28.11.2024;13:02;A 35;1;2;20;0;0;8;9;11;43;4;34;1;49;4;4;3;18;0;0;0;0;0;0;0;0;0;0;0;0;0;0;0;0
28.11.2024;13:01;A 35;1;2;18;2;17;6;9;5;61;2;0;1;1;8;19;2;62;0;0;0;0;0;0;0;0;0;0;0;0;0;0;0;0
28.11.2024;13:00;A 35;1;1;66;0;0;9;25;6;48;0;0;0;0;7;38;4;64;0;0;0;0;0;0;0;0;0;0;0;0;0;0;1;1
28.11.2024;12:59;A 35;1;0;0;0;0;8;57;4;85;1;1;0;0;9;19;3;58;0;0;0;0;0;0;0;0;0;0;0;0;0;0;0;0
28.11.2024;12:58;A 35;1;0;0;0;0;13;27;8;62;1;75;1;51;7;8;4;49;0;0;0;0;1;1;0;0;0;0;0;0;0;0;0;0
28.11.2024;12:57;A 35;1;5;14;2;19;5;56;2;73;2;28;4;27;2;1;2;7;0;0;0;0;0;0;1;1;0;0;0;0;0;0;1;1
28.11.2024;12:56;A 35;1;0;35;2;13;11;60;2;85;0;0;0;0;5;6;4;35;0;0;1;1;0;0;1;1;0;0;2;3;0;0;0;0
28.11.2024;12:55;A 35;1;2;45;1;6;10;51;3;77;0;20;0;0;10;19;2;48;0;0;0;0;0;0;0;0;0;0;0;0;0;0;0;0
28.11.2024;12:54;A 35;1;1;71;1;6;5;3;5;14;1;84;1;18;8;28;4;68;0;0;0;0;0;0;0;0;0;0;0;0;0;0;0;0
28.11.2024;12:53;A 35;1;4;34;1;6;8;6;7;21;1;11;1;16;9;10;5;48;0;0;0;0;0;0;0;0;0;0;0;0;0;0;0;0
28.11.2024;12:52;A 35;1;0;0;0;0;9;24;4;47;3;40;23;26;15;15;9;62;0;0;1;1;0;0;0;0;0;0;1;1;0;0;0;0
28.11.2024;12:51;A 35;1;0;0;0;0;5;52;2;69;2;37;7;47;5;56;1;95;0;0;0;0;1;1;0;0;0;0;0;0;0;0;0;0
28.11.2024;12:50;A 35;1;0;0;0;0;11;45;8;82;2;59;0;61;7;36;3;90;0;0;0;0;0;0;1;1;0;0;0;0;0;0;0;0
28.11.2024;12:49;A 35;1;0;0;1;6;7;21;5;69;0;0;1;6;7;11;6;51;0;0;0;0;0;0;1;1;0;0;0;0;0;0;2;3
28.11.2024;12:48;A 35;1;4;18;1;6;8;23;3;83;3;5;2;15;7;9;6;48;0;0;0;0;1;1;0;0;0;0;0;0;0;0;0;0
28.11.2024;12:47;A 35;1;3;26;2;13;4;51;1;69;2;26;0;26;5;16;2;56;0;0;1;1;0;0;0;0;0;0;0;0;0;0;0;0
28.11.2024;12:46;A 35;1;1;50;0;0;15;37;0;100;1;53;1;60;10;21;3;51;0;0;0;0;0;0;0;0;0;0;0;0;0;0;1;1
28.11.2024;12:45;A 35;1;1;9;1;6;7;39;2;72;2;0;0;0;13;42;1;98;0;0;1;1;0;0;0;0;0;0;0;0;0;0;0;0
28.11.2024;12:44;A 35;1;0;0;1;6;17;27;11;80;1;43;2;28;10;17;7;56;0;0;0;0;0;0;0;0;0;0;0;0;0;0;0;0
28.11.2024;12:43;A 35;1;4;26;0;0;3;68;2;75;0;51;0;49;6;9;7;39;0;0;2;3;0;0;0;0;0;0;0;0;0;0;0;0
28.11.2024;12:42;A 35;1;1;2;1;9;11;58;3;90;3;39;1;49;8;7;6;30;0;0;0;0;0;0;0;0;0;0;0;0;0;0;0;0
28.11.2024;12:41;A 35;1;1;23;1;6;7;42;4;68;1;26;1;31;9;20;5;85;0;0;0;0;0;0;0;0;0;0;0;0;0;0;0;0
28.11.2024;12:40;A 35;1;2;54;1;6;5;4;5;15;1;50;2;93;9;11;1;80;0;0;0;0;0;0;0;0;0;0;0;0;0;0;0;0
28.11.2024;12:39;A 35;1;1;0;1;6;10;26;5;53;1;17;2;36;21;37;3;97;0;0;0;0;0;0;0;0;0;0;0;0;0;0;0;0
28.11.2024;12:38;A 35;1;2;1;1;6;8;56;7;80;2;46;1;57;5;50;1;97;0;0;0;0;0;0;1;1;0;0;0;0;0;0;1;1
28.11.2024;12:37;A 35;1;0;0;1;6;6;31;5;51;0;0;1;64;6;14;2;41;1;1;0;0;0;0;0;0;1;1;0;0;0;0;0;0
28.11.2024;12:36;A 35;1;0;59;3;21;8;7;7;23;1;2;4;58;10;15;4;52;0;0;0;0;0;0;0;0;0;0;0;0;0;0;0;0
28.11.2024;12:35;A 35;1;1;27;1;4;9;46;6;72;2;29;3;44;9;72;0;100;0;0;0;0;0;0;0;0;0;0;0;0;0;0;0;0
28.11.2024;12:34;A 35;1;0;0;0;0;8;20;4;79;2;2;0;67;9;19;2;80;0;0;2;3;0;0;0;0;0;0;4;6;0;0;0;0
28.11.2024;12:33;A 35;1;0;16;2;13;10;19;4;89;0;11;0;100;7;12;3;44;0;0;0;0;1;1;0;0;0;0;0;0;1;1;0;0
28.11.2024;12:32;A 35;1;3;88;1;13;14;63;5;97;2;56;0;100;8;6;5;24;0;0;1;1;0;0;1;1;0;0;0;0;0;0;0;0
28.11.2024;12:31;A 35;1;3;70;1;6;13;41;8;78;2;80;2;66;6;9;4;36;0;0;0;0;0;0;0;0;0;0;0;0;0;0;0;0
28.11.2024;12:30;A 35;1;2;29;3;20;15;38;9;75;0;0;3;55;2;2;2;9;0;0;1;1;0;0;0;0;0;0;1;1;0;0;0;0
28.11.2024;12:29;A 35;1;4;31;2;23;8;48;7;65;0;50;0;49;5;10;3;35;0;0;0;0;0;0;1;1;0;0;0;0;0;0;0;0
28.11.2024;12:28;A 35;1;4;46;1;1;8;53;3;90;4;42;2;62;7;40;3;84;0;0;0;0;0;0;0;0;0;0;0;0;0;0;0;0
28.11.2024;12:27;A 35;1;1;55;3;21;7;47;4;87;1;32;0;35;10;34;3;87;0;0;0;0;0;0;0;0;0;0;0;0;0;0;0;0
28.11.2024;12:26;A 35;1;2;4;1;6;5;45;3;59;1;67;9;88;12;17;6;54;0;0;0;0;0;0;0;0;0;0;0;0;0;0;0;0
28.11.2024;12:25;A 35;1;0;0;0;0;5;48;1;63;0;0;0;100;12;13;3;48;0;0;1;1;0;0;0;0;0;0;0;0;0;0;0;0
28.11.2024;12:24;A 35;1;1;1;1;6;8;14;4;43;3;69;0;100;5;6;2;31;0;0;0;0;0;0;1;1;0;0;0;0;0;0;1;1
28.11.2024;12:23;A 35;1;0;0;0;0;8;10;4;31;2;45;0;100;10;10;4;34;0;0;0;0;0;0;0;0;0;0;0;0;0;0;0;0
28.11.2024;12:22;A 35;1;1;20;1;6;7;46;2;64;1;41;0;100;3;3;2;17;0;0;0;0;0;0;0;0;0;0;0;0;0;0;0;0
28.11.2024;12:21;A 35;1;0;0;1;6;9;7;8;25;1;46;0;100;8;12;4;35;0;0;0;0;0;0;1;1;0;0;0;0;0;0;0;0
28.11.2024;12:20;A 35;1;3;21;2;13;8;60;1;85;3;48;0;100;9;8;6;35;0;0;0;0;0;0;0;0;0;0;0;0;0;0;0;0
28.11.2024;12:19;A 35;1;4;44;4;41;3;45;0;56;1;17;1;47;4;7;3;54;0;0;0;0;0;0;0;0;0;0;1;1;0;0;0;0
28.11.2024;12:18;A 35;1;3;50;1;4;9;34;6;59;0;0;2;96;9;11;2;50;0;0;0;0;0;0;0;0;0;0;0;0;1;1;0;0
28.11.2024;12:17;A 35;1;1;76;0;0;8;21;2;48;0;0;2;89;9;27;4;90;0;0;0;0;0;0;1;1;0;0;0;0;0;0;0;0
28.11.2024;12:16;A 35;1;1;27;1;6;10;48;3;80;0;56;1;3;6;46;1;97;0;0;0;0;0;0;0;0;0;0;0;0;0;0;0;0
28.11.2024;12:15;A 35;1;3;4;1;6;13;16;6;85;3;72;1;79;1;6;0;100;0;0;0;0;0;0;0;0;0;0;0;0;0;0;0;0
28.11.2024;12:14;A 35;1;1;49;1;6;11;61;3;84;1;26;0;100;6;10;2;41;0;0;0;0;0;0;0;0;0;0;0;0;0;0;0;0
28.11.2024;12:13;A 35;1;1;64;0;0;9;56;5;82;4;9;3;47;7;6;6;24;0;0;0;0;0;0;0;0;0;0;0;0;0;0;0;0
28.11.2024;12:12;A 35;1;1;12;1;6;8;65;2;87;4;54;2;66;4;4;3;40;0;0;0;0;0;0;0;0;0;0;0;0;0;0;0;0
28.11.2024;12:11;A 35;1;1;22;0;0;9;8;11;36;0;0;1;2;4;3;3;16;0;0;0;0;0;0;0;0;0;0;0;0;0;0;0;0
28.11.2024;12:10;A 35;1;0;93;0;0;10;11;9;36;0;0;0;13;8;6;5;38;0;0;0;0;0;0;0;0;0;0;0;0;0;0;0;0
28.11.2024;12:09;A 35;1;2;78;1;8;7;7;6;58;5;83;0;100;11;13;1;76;0;0;0;0;0;0;0;0;0;0;0;0;0;0;0;0
28.11.2024;12:08;A 35;1;1;23;0;0;5;7;3;21;1;53;0;100;5;6;6;33;1;1;0;0;0;0;1;1;2;3;0;0;0;0;0;0
28.11.2024;12:07;A 35;1;1;34;2;13;10;65;3;86;1;53;2;52;6;20;2;47;0;0;0;0;0;0;2;3;0;0;0;0;0;0;1;1
28.11.2024;12:06;A 35;1;0;0;2;13;9;36;5;68;2;61;1;80;11;26;3;76;1;1;0;0;0;0;0;0;0;0;0;0;0;0;0;0
28.11.2024;12:05;A 35;1;0;0;2;13;12;63;4;93;1;39;1;96;10;16;2;69;0;0;0;0;0;0;0;0;0;0;0;0;0;0;0;0
28.11.2024;12:04;A 35;1;0;0;0;0;6;12;4;53;0;0;0;100;5;5;4;25;0;0;0;0;0;0;1;1;0;0;1;1;0;0;2;3
28.11.2024;12:03;A 35;1;0;0;1;6;13;40;6;68;2;53;1;79;6;9;3;35;0;0;1;1;0;0;0;0;1;1;0;0;0;0;0;0
28.11.2024;12:02;A 35;1;1;79;1;6;7;19;7;41;2;2;3;68;5;9;7;29;0;0;0;0;0;0;1;1;0;0;0;0;0;0;1;1
28.11.2024;12:01;A 35;1;3;19;1;6;6;12;6;68;2;62;0;100;5;4;4;20;0;0;0;0;0;0;0;0;0;0;0;0;0;0;0;0
28.11.2024;12:00;A 35;1;0;0;1;6;5;59;5;70;4;50;3;79;5;4;3;38;0;0;0;0;0;0;1;1;0;0;0;0;0;0;0;0
28.11.2024;11:59;A 35;1;3;33;4;26;8;56;4;79;1;7;2;7;7;15;3;67;0;0;0;0;0;0;0;0;0;0;0;0;0;0;0;0
28.11.2024;11:58;A 35;1;2;59;0;0;7;63;3;80;4;2;1;5;12;45;3;98;0;0;0;0;0;0;0;0;0;0;0;0;0;0;0;0
28.11.2024;11:57;A 35;1;1;1;1;8;11;52;3;89;0;0;0;0;6;15;0;62;0;0;0;0;0;0;0;0;0;0;0;0;0;0;0;0
28.11.2024;11:56;A 35;1;1;6;1;4;14;29;8;66;1;1;0;0;12;45;4;83;0;0;0;0;0;0;0;0;0;0;0;0;0;0;1;1
28.11.2024;11:55;A 35;1;2;48;1;6;7;54;1;75;0;0;0;0;3;5;2;17;0;0;0;0;0;0;0;0;0;0;0;0;0;0;0;0
28.11.2024;11:54;A 35;1;3;55;2;20;3;53;1;63;0;0;1;0;2;3;4;11;0;0;0;0;0;0;0;0;0;0;0;0;0;0;0;0
28.11.2024;11:53;A 35;1;5;63;1;6;12;47;6;84;2;2;1;5;2;2;2;10;0;0;0;0;0;0;0;0;0;0;0;0;0;0;0;0
28.11.2024;11:52;A 35;1;1;30;2;17;7;69;4;94;2;18;1;20;8;14;2;75;1;1;0;0;0;0;0;0;0;0;0;0;0;0;0;0
28.11.2024;11:51;A 35;1;3;36;1;6;11;62;3;96;3;4;0;5;10;18;1;84;0;0;1;1;0;0;0;0;0;0;0;0;0;0;0;0
28.11.2024;11:50;A 35;1;1;9;1;6;4;14;2;52;2;78;3;42;7;8;6;33;0;0;1;1;0;0;0;0;0;0;0;0;0;0;0;0
28.11.2024;11:49;A 35;1;1;94;1;6;14;34;8;72;1;96;4;90;9;13;0;50;0;0;0;0;0;0;0;0;0;0;0;0;0;0;0;0
28.11.2024;11:48;A 35;1;0;0;1;6;8;39;5;57;2;72;0;100;6;6;3;29;0;0;0;0;0;0;0;0;0;0;0;0;0;0;0;0
28.11.2024;11:47;A 35;1;2;16;0;0;12;39;4;71;2;39;2;53;3;9;2;74;0;0;0;0;0;0;0;0;0;0;0;0;0;0;0;0
28.11.2024;11:46;A 35;1;1;0;1;6;11;50;5;77;2;34;0;35;6;20;3;61;0;0;0;0;0;0;1;1;0;0;0;0;0;0;0;0
28.11.2024;11:45;A 35;1;0;6;1;6;10;22;3;90;1;50;1;58;8;49;2;78;0;0;0;0;0;0;0;0;0;0;0;0;0;0;0;0
28.11.2024;11:44;A 35;1;2;58;0;0;12;66;0;100;3;16;1;28;4;16;3;54;0;0;0;0;0;0;0;0;0;0;0;0;0;0;0;0
28.11.2024;11:43;A 35;1;0;0;0;0;4;82;2;96;1;2;1;6;9;9;4;36;0;0;0;0;0;0;0;0;0;0;0;0;0;0;1;1
28.11.2024;11:42;A 35;1;0;0;0;0;9;40;2;78;4;41;3;50;3;5;1;34;0;0;0;0;0;0;0;0;0;0;0;0;0;0;0;0
28.11.2024;11:41;A 35;1;1;3;0;0;14;51;5;91;6;29;1;85;3;5;2;33;0;0;0;0;0;0;0;0;0;0;0;0;0;0;0;0
28.11.2024;11:40;A 35;1;1;7;2;13;9;65;1;87;2;0;7;56;7;10;2;47;0;0;0;0;0;0;0;0;0;0;0;0;0;0;1;1
28.11.2024;11:39;A 35;1;0;0;0;2;8;69;2;95;1;43;0;42;5;28;3;64;0;0;0;0;0;0;0;0;0;0;0;0;0;0;0;0
28.11.2024;11:38;A 35;1;0;0;1;3;8;42;3;95;2;82;1;88;10;17;1;83;0;0;0;0;0;0;0;0;0;0;0;0;0;0;2;3
28.11.2024;11:37;A 35;1;0;0;0;0;5;41;2;62;5;52;5;48;9;23;5;70;0;0;0;0;0;0;0;0;0;0;0;0;0;0;0;0
28.11.2024;11:36;A 35;1;2;0;0;3;10;31;5;87;1;2;1;21;8;19;1;45;0;0;0;0;0;0;1;1;0;0;0;0;0;0;1;1
28.11.2024;11:35;A 35;1;2;14;4;36;16;52;8;91;2;86;0;100;2;2;2;32;0;0;0;0;0;0;2;3;0;0;0;0;0;0;2;3
28.11.2024;11:34;A 35;1;0;0;0;0;17;35;6;74;0;78;0;100;7;9;3;33;0;0;0;0;0;0;0;0;0;0;0;0;0;0;0;0
28.11.2024;11:33;A 35;1;0;68;1;6;9;50;8;74;2;65;0;100;4;3;1;17;0;0;0;0;0;0;1;1;0;0;0;0;0;0;1;1
28.11.2024;11:32;A 35;1;3;79;0;0;10;16;10;72;1;55;0;100;6;7;4;27;0;0;0;0;0;0;0;0;0;0;0;0;0;0;0;0
28.11.2024;11:31;A 35;1;3;70;1;6;8;54;3;82;3;38;0;100;11;19;3;77;0;0;0;0;0;0;0;0;0;0;0;0;0;0;0;0
28.11.2024;11:30;A 35;1;1;54;1;6;6;6;6;32;1;68;0;100;4;6;3;63;0;0;0;0;0;0;0;0;0;0;0;0;0;0;0;0
28.11.2024;11:29;A 35;1;1;3;0;0;8;25;4;46;2;92;0;100;11;10;6;40;0;0;0;0;0;0;0;0;0;0;0;0;0;0;0;0
28.11.2024;11:28;A 35;1;0;0;0;0;10;31;3;76;1;1;1;7;7;8;5;37;0;0;0;0;0;0;0;0;0;0;0;0;0;0;0;0
28.11.2024;11:27;A 35;1;1;16;1;6;11;49;9;75;0;0;0;0;4;5;4;20;0;0;0;0;0;0;0;0;0;0;0;0;0;0;0;0
28.11.2024;11:26;A 35;1;2;6;1;6;9;19;6;73;2;3;2;10;3;5;3;51;0;0;0;0;0;0;1;1;0;0;0;0;0;0;0;0
28.11.2024;11:25;A 35;1;3;6;1;6;9;55;2;76;2;30;0;0;4;5;3;31;0;0;0;0;0;0;0;0;0;0;0;0;0;0;0;0
28.11.2024;11:24;A 35;1;3;19;3;20;7;10;8;62;2;55;2;35;3;3;4;33;0;0;0;0;0;0;1;1;0;0;0;0;0;0;0;0
28.11.2024;11:23;A 35;1;0;0;0;0;8;57;7;76;2;31;2;38;10;22;2;91;0;0;0;0;0;0;0;0;0;0;0;0;0;0;0;0
28.11.2024;11:22;A 35;1;0;0;0;0;16;52;7;94;1;11;2;16;7;7;8;29;0;0;0;0;0;0;0;0;0;0;0;0;0;0;0;0
28.11.2024;11:21;A 35;1;2;0;1;6;10;48;6;73;3;73;1;85;5;7;4;28;0;0;0;0;0;0;0;0;0;0;0;0;0;0;1;1
28.11.2024;11:20;A 35;1;1;74;2;13;13;43;7;70;0;0;0;0;2;1;2;7;0;0;0;0;0;0;1;1;0;0;0;0;0;0;0;0
28.11.2024;11:19;A 35;1;3;10;1;6;10;54;3;76;1;3;1;8;6;66;2;96;0;0;0;0;0;0;0;0;0;0;0;0;0;0;0;0
28.11.2024;11:18;A 35;1;2;49;2;13;7;6;6;24;1;26;1;8;4;13;2;40;0;0;0;0;0;0;0;0;0;0;0;0;0;0;0;0
28.11.2024;11:17;A 35;1;1;48;1;6;10;62;9;93;2;35;0;54;7;9;5;39;0;0;0;0;0;0;0;0;0;0;0;0;0;0;0;0
28.11.2024;11:16;A 35;1;1;0;0;0;14;69;2;97;4;51;0;100;3;5;3;35;0;0;0;0;0;0;0;0;0;0;0;0;0;0;0;0
28.11.2024;11:15;A 35;1;1;1;1;6;15;21;13;86;1;28;0;100;7;42;2;89;0;0;0;0;0;0;1;1;0;0;0;0;0;0;0;0
28.11.2024;11:14;A 35;1;3;0;1;6;4;17;1;39;1;87;0;100;3;4;2;23;0;0;0;0;0;0;1;1;0;0;0;0;0;0;0;0
28.11.2024;11:13;A 35;1;1;1;1;6;9;55;3;87;2;67;2;38;2;3;2;8;0;0;0;0;0;0;1;1;0;0;0;0;0;0;1;1
28.11.2024;11:12;A 35;1;3;16;1;13;8;51;4;71;4;71;1;70;1;1;1;6;0;0;0;0;0;0;0;0;0;0;0;0;0;0;0;0
28.11.2024;11:11;A 35;1;2;11;1;6;8;61;3;81;1;45;3;15;5;4;5;17;0;0;0;0;0;0;0;0;0;0;0;0;0;0;0;0
28.11.2024;11:10;A 35;1;2;18;1;13;10;60;4;84;0;0;0;0;2;2;2;11;0;0;0;0;0;0;0;0;0;0;0;0;0;0;0;0
28.11.2024;11:09;A 35;1;3;43;0;0;9;27;6;73;1;1;0;3;5;5;2;20;0;0;0;0;0;0;0;0;0;0;0;0;0;0;0;0
28.11.2024;11:08;A 35;1;0;0;0;2;1;3;1;3;2;56;1;80;8;15;2;63;0;0;0;0;0;0;0;0;0;0;1;1;0;0;0;0
28.11.2024;11:07;A 35;1;0;84;1;4;10;13;9;37;1;56;2;48;6;6;4;28;1;1;0;0;0;0;0;0;1;1;0;0;0;0;0;0
28.11.2024;11:06;A 35;1;1;20;0;0;6;41;4;60;3;44;2;55;7;30;2;98;0;0;0;0;0;0;0;0;0;0;0;0;0;0;0;0
28.11.2024;11:05;A 35;1;1;52;1;6;7;45;4;67;1;18;1;22;6;9;5;61;0;0;0;0;0;0;1;1;0;0;0;0;0;0;1;1
28.11.2024;11:04;A 35;1;3;54;1;6;8;26;6;50;0;32;1;3;6;13;3;53;0;0;0;0;0;0;1;1;0;0;0;0;0;0;1;1
28.11.2024;11:03;A 35;1;2;26;2;13;8;53;5;75;3;9;2;27;7;14;3;57;0;0;1;1;0;0;0;0;0;0;0;0;0;0;0;0
28.11.2024;11:02;A 35;1;1;40;0;0;9;38;7;65;2;7;0;8;7;6;5;23;0;0;0;0;0;0;0;0;0;0;0;0;0;0;0;0
28.11.2024;11:01;A 35;1;1;1;1;6;8;53;4;77;3;78;2;18;7;14;3;48;0;0;0;0;1;1;2;3;0;0;0;0;0;0;0;0
28.11.2024;11:00;A 35;1;0;0;0;0;15;19;10;56;2;89;0;100;6;8;1;35;0;0;0;0;0;0;0;0;0;0;0;0;0;0;0;0
28.11.2024;10:59;A 35;1;0;0;0;0;2;3;1;13;3;72;2;73;5;12;6;38;0;0;1;1;0;0;2;3;0;0;1;1;0;0;0;0
28.11.2024;10:58;A 35;1;2;0;1;6;5;10;5;58;1;5;1;10;5;6;3;29;0;0;0;0;0;0;0;0;0;0;0;0;0;0;0;0
28.11.2024;10:57;A 35;1;0;43;1;6;7;11;4;63;0;46;0;46;4;4;4;20;0;0;0;0;0;0;0;0;0;0;0;0;0;0;0;0
28.11.2024;10:56;A 35;1;2;58;1;10;4;3;4;13;3;54;2;69;4;3;2;13;0;0;0;0;0;0;0;0;0;0;0;0;0;0;0;0
28.11.2024;10:55;A 35;1;1;55;0;0;2;3;3;13;1;13;0;14;7;8;4;28;0;0;0;0;0;0;0;0;0;0;0;0;0;0;0;0
28.11.2024;10:54;A 35;1;0;0;0;0;15;49;9;91;1;59;1;66;7;11;1;38;0;0;0;0;0;0;0;0;0;0;0;0;0;0;0;0
28.11.2024;10:53;A 35;1;3;1;1;6;13;49;5;88;1;83;1;6;10;34;3;95;0;0;0;0;0;0;1;1;0;0;0;0;0;0;1;1
28.11.2024;10:52;A 35;1;2;77;2;18;11;35;4;67;3;7;1;8;5;7;4;26;0;0;0;0;0;0;1;1;0;0;0;0;0;0;1;1
28.11.2024;10:51;A 35;1;2;62;0;0;11;18;5;78;0;0;0;0;5;27;2;65;0;0;0;0;0;0;0;0;0;0;0;0;0;0;0;0
28.11.2024;10:50;A 35;1;0;0;0;0;11;44;11;75;0;0;0;0;5;4;5;20;0;0;0;0;0;0;0;0;0;0;0;0;0;0;1;0
28.11.2024;10:49;A 35;1;1;29;1;12;10;57;2;83;1;28;1;4;9;12;4;42;0;0;0;0;0;0;0;0;0;0;0;0;0;0;0;0
28.11.2024;10:48;A 35;1;4;91;2;13;8;41;1;72;2;71;2;23;6;11;2;32;0;0;0;0;0;0;0;0;0;0;0;0;0;0;2;4
28.11.2024;10:47;A 35;1;1;95;0;0;13;35;9;71;1;95;1;33;12;13;7;54;0;0;0;0;0;0;1;1;0;0;0;0;0;0;1;0
28.11.2024;10:46;A 35;1;2;3;1;6;3;18;1;23;0;0;1;1;4;31;1;98;0;0;0;0;0;0;0;0;0;0;0;0;0;0;0;0
28.11.2024;10:45;A 35;1;1;27;1;6;4;18;4;33;2;80;1;84;7;8;4;40;0;0;0;0;0;0;0;0;0;0;0;0;0;0;0;0
28.11.2024;10:44;A 35;1;2;60;1;11;9;43;5;62;1;63;1;72;2;2;2;43;0;0;0;0;0;0;1;1;1;1;0;0;0;0;1;1
28.11.2024;10:43;A 35;1;2;49;1;10;11;51;6;87;2;76;2;51;4;7;3;26;0;0;0;0;0;0;0;0;0;0;0;0;0;0;0;0
28.11.2024;10:42;A 35;1;3;63;2;13;12;52;5;81;3;62;1;48;8;10;6;77;0;0;0;0;0;0;0;0;0;0;0;0;0;0;0;0
28.11.2024;10:41;A 35;1;5;87;1;10;10;62;1;89;1;73;2;40;9;13;2;36;0;0;0;0;0;0;0;0;0;0;0;0;0;0;0;0
28.11.2024;10:40;A 35;1;1;53;1;6;7;43;3;66;0;0;0;0;8;26;7;57;0;0;0;0;0;0;0;0;0;0;1;1;0;0;1;1
28.11.2024;10:39;A 35;1;2;16;1;6;11;29;7;59;4;67;0;90;4;8;3;85;0;0;0;0;0;0;0;0;0;0;0;0;0;0;0;0
28.11.2024;10:38;A 35;1;1;15;1;6;4;18;2;50;2;45;2;78;7;14;2;55;0;0;0;0;0;0;0;0;0;0;0;0;0;0;0;0
28.11.2024;10:37;A 35;1;0;0;0;0;8;8;4;25;2;57;3;48;4;38;2;55;0;0;0;0;0;0;1;1;0;0;0;0;0;0;0;0
28.11.2024;10:36;A 35;1;0;0;0;0;6;6;7;21;3;45;0;0;5;25;2;46;0;0;0;0;0;0;0;0;0;0;0;0;0;0;0;0
28.11.2024;10:35;A 35;1;0;0;0;0;6;5;4;21;3;20;1;21;9;11;4;38;0;0;0;0;0;0;0;0;0;0;0;0;0;0;0;0
28.11.2024;10:34;A 35;1;2;24;1;6;9;23;8;72;0;10;3;4;9;16;4;51;0;0;0;0;0;0;0;0;0;0;0;0;0;0;0;0
28.11.2024;10:33;A 35;1;4;42;3;31;9;45;7;68;1;49;1;8;4;11;3;41;0;0;0;0;0;0;0;0;0;0;0;0;0;0;0;0
28.11.2024;10:32;A 35;1;2;40;1;3;11;35;6;66;2;7;1;8;5;20;1;48;0;0;0;0;0;0;0;0;0;0;0;0;0;0;0;0
28.11.2024;10:31;A 35;1;1;78;1;11;12;46;7;78;3;64;1;72;9;13;3;61;0;0;4;6;1;1;0;0;0;0;0;0;1;1;0;0
28.11.2024;10:30;A 35;1;3;18;2;14;10;48;7;71;2;3;2;9;2;2;2;11;0;0;0;0;3;5;0;0;0;0;0;0;0;0;0;0
28.11.2024;10:29;A 35;1;2;0;1;6;12;53;5;83;3;33;0;36;6;11;3;59;0;0;0;0;0;0;1;1;0;0;0;0;0;0;1;1
28.11.2024;10:28;A 35;1;1;3;0;0;8;11;1;73;2;35;1;43;10;23;2;61;0;0;1;1;0;0;0;0;0;0;1;1;0;0;0;0
28.11.2024;10:27;A 35;1;0;0;1;6;7;49;3;67;4;72;2;85;4;3;3;15;0;0;0;0;0;0;0;0;0;0;0;0;0;0;0;0
28.11.2024;10:26;A 35;1;1;50;1;6;9;56;4;80;1;82;1;51;6;10;2;29;1;1;0;0;1;1;0;0;1;1;0;0;1;1;0;0
28.11.2024;10:25;A 35;1;2;67;0;0;17;47;3;95;1;86;1;10;5;24;0;41;0;0;0;0;0;0;0;0;0;0;0;0;0;0;0;0
28.11.2024;10:24;A 35;1;2;47;2;13;6;27;2;46;2;61;1;67;9;47;2;96;0;0;0;0;0;0;1;1;0;0;0;0;0;0;1;1
28.11.2024;10:23;A 35;1;0;0;0;0;8;10;5;74;3;67;2;52;4;16;4;33;0;0;0;0;0;0;0;0;0;0;0;0;0;0;0;0
28.11.2024;10:22;A 35;1;2;26;2;13;7;47;4;71;3;47;2;12;8;39;4;88;0;0;0;0;0;0;0;0;0;0;0;0;0;0;0;0
28.11.2024;10:21;A 35;1;3;58;2;13;11;54;2;92;4;2;2;11;1;1;1;5;0;0;0;0;0;0;0;0;0;0;0;0;0;0;0;0
28.11.2024;10:20;A 35;1;5;51;1;18;3;4;4;55;1;14;0;15;5;7;2;49;0;0;0;0;0;0;0;0;0;0;0;0;0;0;0;0
28.11.2024;10:19;A 35;1;1;69;0;0;14;41;8;78;2;30;1;37;13;28;1;70;0;0;0;0;0;0;0;0;0;0;0;0;0;0;0;0
28.11.2024;10:18;A 35;1;0;0;1;6;6;31;5;45;1;75;2;18;4;69;2;78;0;0;0;0;0;0;1;1;0;0;0;0;0;0;1;1
28.11.2024;10:17;A 35;1;4;1;0;0;7;12;4;70;1;12;1;7;3;6;3;55;0;0;0;0;0;0;1;1;0;0;0;0;0;0;1;1
28.11.2024;10:16;A 35;1;1;52;2;18;12;48;8;75;3;31;2;8;2;1;2;3;0;0;0;0;0;0;0;0;0;0;0;0;0;0;0;0
28.11.2024;10:15;A 35;1;4;76;3;24;11;49;10;73;0;39;0;37;4;7;2;25;0;0;0;0;0;0;0;0;0;0;0;0;0;0;0;0
28.11.2024;10:14;A 35;1;1;63;1;6;9;35;3;81;2;46;1;45;5;6;4;27;0;0;2;3;0;0;0;0;0;0;0;0;0;0;0;0
28.11.2024;10:13;A 35;1;5;21;1;10;9;59;1;92;4;83;2;30;7;12;2;35;0;0;1;1;1;1;0;0;0;0;0;0;0;0;0;0
28.11.2024;10:12;A 35;1;1;0;0;0;9;34;5;55;1;72;2;44;6;6;4;23;0;0;0;0;0;0;0;0;0;0;0;0;0;0;0;0
28.11.2024;10:11;A 35;1;0;0;0;0;16;46;5;87;0;91;0;90;6;5;4;24;0;0;0;0;0;0;1;1;0;0;0;0;0;0;0;0
28.11.2024;10:10;A 35;1;1;1;1;6;3;84;1;93;3;17;2;21;6;8;7;39;0;0;0;0;0;0;3;5;0;0;0;0;0;0;0;0
28.11.2024;10:09;A 35;1;1;54;2;17;11;48;6;88;3;1;1;0;1;1;1;7;0;0;0;0;0;0;0;0;0;0;0;0;0;0;0;0
28.11.2024;10:08;A 35;1;4;62;3;20;8;55;4;81;2;34;1;6;2;4;2;11;0;0;0;0;0;0;0;0;0;0;0;0;0;0;0;0
28.11.2024;10:07;A 35;1;1;13;0;0;10;55;4;81;1;24;1;5;4;6;3;25;0;0;0;0;0;0;0;0;0;0;0;0;0;0;1;1
28.11.2024;10:06;A 35;1;2;0;0;0;15;47;5;84;2;0;0;0;5;6;4;22;0;0;0;0;0;0;0;0;0;0;0;0;0;0;0;0
28.11.2024;10:05;A 35;1;1;3;1;9;10;52;5;83;0;0;0;0;3;2;3;12;0;0;1;1;0;0;0;0;0;0;0;0;0;0;0;0
28.11.2024;10:04;A 35;1;2;88;1;3;13;38;5;73;2;50;2;47;3;3;3;14;0;0;0;0;0;0;0;0;0;0;0;0;0;0;0;0
28.11.2024;10:03;A 35;1;0;0;0;0;12;60;2;98;2;41;1;48;3;22;1;88;0;0;0;0;0;0;0;0;0;0;0;0;0;0;0;0
28.11.2024;10:02;A 35;1;1;32;1;6;7;52;3;76;2;43;0;37;4;6;4;27;0;0;0;0;0;0;0;0;0;0;0;0;0;0;0;0
28.11.2024;10:01;A 35;1;0;45;1;6;10;61;3;89;2;4;1;12;0;0;0;0;0;0;0;0;0;0;0;0;0;0;0;0;0;0;0;0
28.11.2024;10:00;A 35;1;3;37;1;6;14;61;5;96;1;30;1;34;5;4;4;20;0;0;0;0;0;0;0;0;0;0;0;0;0;0;0;0
28.11.2024;09:59;A 35;1;0;10;0;0;10;60;3;91;2;29;2;44;8;11;3;40;0;0;0;0;0;0;0;0;0;0;0;0;0;0;1;1
28.11.2024;09:58;A 35;1;1;35;0;1;11;50;4;82;2;6;1;11;5;9;2;32;0;0;0;0;0;0;0;0;0;0;0;0;0;0;0;0
28.11.2024;09:57;A 35;1;1;74;1;10;16;54;2;97;2;62;1;68;2;2;2;8;0;0;0;0;0;0;0;0;0;0;0;0;0;0;0;0
28.11.2024;09:56;A 35;1;2;2;2;8;17;39;6;82;2;23;1;7;0;0;0;0;0;0;0;0;0;0;0;0;0;0;0;0;0;0;0;0
28.11.2024;09:55;A 35;1;3;2;1;8;11;62;2;96;1;60;1;65;1;2;1;10;1;1;0;0;0;0;1;1;1;1;0;0;0;0;1;1
28.11.2024;09:54;A 35;1;2;14;1;6;13;33;3;92;2;44;2;13;2;1;2;4;0;0;0;0;0;0;0;0;0;0;0;0;0;0;0;0
28.11.2024;09:53;A 35;1;0;27;1;7;12;65;2;98;2;43;0;38;1;1;1;6;0;0;0;0;0;0;0;0;0;0;0;0;0;0;0;0
28.11.2024;09:52;A 35;1;1;11;1;11;16;60;4;97;1;72;1;83;4;6;3;45;0;0;0;0;0;0;0;0;0;0;1;1;0;0;0;0
28.11.2024;09:51;A 35;1;4;1;1;1;5;35;2;54;1;65;1;6;3;5;2;76;0;0;0;0;0;0;0;0;0;0;0;0;0;0;0;0
28.11.2024;09:50;A 35;1;1;1;1;5;9;31;5;57;1;84;0;85;5;6;4;36;0;0;0;0;0;0;0;0;0;0;0;0;0;0;0;0
28.11.2024;09:49;A 35;1;1;1;0;0;8;53;2;77;2;71;2;39;6;13;3;93;0;0;0;0;0;0;0;0;0;0;0;0;0;0;0;0
28.11.2024;09:48;A 35;1;0;0;0;0;10;37;3;65;2;9;1;9;2;1;2;7;0;0;0;0;0;0;0;0;0;0;0;0;0;0;0;0
28.11.2024;09:47;A 35;1;0;0;0;0;13;37;5;85;1;1;1;4;3;2;3;13;0;0;0;0;0;0;1;1;0;0;0;0;0;0;1;1
28.11.2024;09:46;A 35;1;1;31;1;11;7;8;9;63;3;33;1;15;3;3;3;16;0;0;0;0;1;1;0;0;0;0;0;0;0;0;0;0
28.11.2024;09:45;A 35;1;1;61;2;13;15;47;8;94;2;0;1;1;6;22;3;67;0;0;0;0;1;1;1;1;0;0;0;0;0;0;0;0
28.11.2024;09:44;A 35;1;1;1;0;0;10;58;4;89;3;21;1;30;4;14;3;72;0;0;0;0;0;0;0;0;0;0;0;0;0;0;0;0
28.11.2024;09:43;A 35;1;1;1;1;6;16;29;5;92;2;83;2;41;4;9;3;32;1;1;0;0;0;0;0;0;0;0;0;0;0;0;0;0
28.11.2024;09:42;A 35;1;1;1;0;0;7;16;4;62;3;65;0;66;7;8;4;56;0;0;0;0;0;0;0;0;0;0;0;0;0;0;0;0
28.11.2024;09:41;A 35;1;0;0;0;0;14;22;7;86;3;80;2;66;9;48;2;76;0;0;0;0;0;0;0;0;0;0;0;0;0;0;0;0
28.11.2024;09:40;A 35;1;1;1;1;6;11;64;1;99;4;67;2;77;5;21;1;34;0;0;0;0;0;0;0;0;0;0;0;0;0;0;1;1
28.11.2024;09:39;A 35;1;1;2;1;6;7;57;1;98;2;31;2;37;2;2;2;12;0;0;0;0;0;0;0;0;0;0;0;0;0;0;0;0
28.11.2024;09:38;A 35;1;2;16;2;17;7;43;3;73;1;16;1;21;6;8;3;28;0;0;0;0;1;1;0;0;0;0;0;0;0;0;0;0
28.11.2024;09:37;A 35;1;1;37;0;0;12;44;7;75;1;76;1;82;4;3;4;14;0;0;0;0;0;0;0;0;0;0;0;0;0;0;0;0
28.11.2024;09:36;A 35;1;1;64;1;10;10;29;6;67;2;82;0;84;2;1;2;7;0;0;0;0;0;0;2;3;0;0;0;0;0;0;1;1
28.11.2024;09:35;A 35;1;2;0;1;6;12;18;6;63;4;51;2;64;4;4;3;17;0;0;0;0;0;0;0;0;0;0;0;0;0;0;0;0
28.11.2024;09:34;A 35;1;4;44;2;17;10;64;5;90;3;54;0;60;2;77;2;92;0;0;0;0;0;0;0;0;0;0;0;0;0;0;0;0
28.11.2024;09:33;A 35;1;1;24;1;6;13;55;4;93;30;65;2;69;4;5;4;29;0;0;0;0;0;0;1;1;0;0;0;0;0;0;0;0
28.11.2024;09:32;A 35;1;2;54;0;10;9;53;3;83;36;27;1;56;7;27;5;57;0;0;0;0;0;0;1;1;0;0;0;0;0;0;0;0
28.11.2024;09:31;A 35;1;0;96;1;1;16;27;14;63;1;57;2;28;2;2;2;10;0;0;0;0;0;0;0;0;0;0;0;0;0;0;0;0
28.11.2024;09:30;A 35;1;2;16;1;6;12;60;6;96;0;34;0;0;9;19;2;49;0;0;1;1;0;0;0;0;0;0;0;0;0;0;0;0
28.11.2024;09:29;A 35;1;0;0;0;0;15;37;9;77;3;3;1;7;2;1;2;6;0;0;0;0;0;0;1;1;0;0;4;6;0;0;1;1
28.11.2024;09:28;A 35;1;1;14;1;6;4;51;1;89;7;32;1;35;3;26;2;44;1;1;0;0;0;0;0;0;0;0;0;0;0;0;0;0
28.11.2024;09:27;A 35;1;2;36;1;6;8;8;3;26;2;3;2;8;8;32;2;80;0;0;0;0;0;0;0;0;0;0;0;0;0;0;0;0
28.11.2024;09:26;A 35;1;1;53;0;0;13;14;8;47;0;0;0;0;1;1;0;9;0;0;0;0;0;0;0;0;0;0;0;0;0;0;0;0
28.11.2024;09:25;A 35;1;1;3;0;6;5;4;3;15;2;71;1;48;2;2;2;4;0;0;0;0;0;0;0;0;0;0;0;0;0;0;0;0
28.11.2024;09:24;A 35;1;3;54;2;7;5;4;5;16;4;60;1;53;3;2;2;11;0;0;0;0;0;0;0;0;0;0;0;0;0;0;0;0
28.11.2024;09:23;A 35;1;1;42;0;0;14;13;10;43;1;90;2;73;5;11;3;57;0;0;0;0;0;0;0;0;0;0;0;0;0;0;0;0
28.11.2024;09:22;A 35;1;1;4;1;6;12;10;9;34;1;12;1;7;4;13;2;34;0;0;0;0;0;0;0;0;0;0;0;0;0;0;0;0
28.11.2024;09:21;A 35;1;1;13;0;0;9;20;3;79;1;0;2;1;11;20;5;44;0;0;0;0;0;0;0;0;0;0;0;0;0;0;3;5
28.11.2024;09:20;A 35;1;1;1;1;6;11;8;9;27;1;0;2;3;3;31;1;63;0;0;0;0;0;0;0;0;0;0;0;0;0;0;0;0
28.11.2024;09:19;A 35;1;0;81;0;0;13;15;10;44;0;0;0;0;3;5;2;23;0;0;0;0;0;0;1;1;0;0;0;0;0;0;0;0
28.11.2024;09:18;A 35;1;2;17;0;0;6;5;5;20;2;32;0;29;5;22;4;58;0;0;0;0;0;0;0;0;0;0;0;0;0;0;1;1
28.11.2024;09:17;A 35;1;0;0;0;0;11;26;7;78;1;80;1;87;8;17;2;84;0;0;0;0;0;0;0;0;0;0;0;0;0;0;2;3
28.11.2024;09:16;A 35;1;0;86;1;6;15;33;11;64;2;88;0;96;2;1;2;6;0;0;0;0;0;0;0;0;0;0;0;0;0;0;1;1
28.11.2024;09:15;A 35;1;2;6;1;6;11;58;2;95;4;36;2;50;4;5;1;16;0;0;0;0;0;0;0;0;0;0;0;0;0;0;0;0
28.11.2024;09:14;A 35;1;0;0;0;0;11;43;7;73;1;52;1;59;8;13;1;38;0;0;0;0;0;0;0;0;0;0;0;0;0;0;0;0
28.11.2024;09:13;A 35;1;0;0;0;0;18;41;9;87;1;50;1;10;2;2;2;12;0;0;0;0;0;0;0;0;0;0;0;0;0;0;0;0
28.11.2024;09:12;A 35;1;2;17;2;13;7;9;5;59;2;18;0;0;8;7;4;35;0;0;0;0;0;0;1;1;0;0;0;0;0;0;0;0
28.11.2024;09:11;A 35;1;1;33;0;0;5;4;3;12;3;58;2;13;3;4;3;16;0;0;0;0;0;0;0;0;0;0;0;0;0;0;1;1
28.11.2024;09:10;A 35;1;1;76;2;13;3;5;4;45;6;13;0;97;3;2;3;11;0;0;0;0;0;0;0;0;0;0;1;1;0;0;0;0
28.11.2024;09:09;A 35;1;3;33;1;6;9;22;4;67;3;83;0;100;2;1;2;7;0;0;0;0;0;0;0;0;0;0;0;0;1;1;0;1
28.11.2024;09:08;A 35;1;0;0;1;6;12;17;6;43;1;58;1;68;5;4;4;18;0;0;0;0;0;0;3;4;0;0;0;0;0;0;1;0
28.11.2024;09:07;A 35;1;1;27;0;0;7;23;1;85;0;0;0;0;3;2;3;10;0;0;0;0;1;1;1;1;0;0;0;0;1;1;1;1
28.11.2024;09:06;A 35;1;1;14;0;0;7;51;3;78;5;43;0;52;3;4;3;24;0;0;0;0;0;0;0;0;0;0;0;0;0;0;0;0
28.11.2024;09:05;A 35;1;0;0;0;0;12;11;11;50;1;93;0;100;6;44;0;65;0;0;0;0;0;0;0;0;0;0;0;0;0;0;1;1
28.11.2024;09:04;A 35;1;2;73;1;11;15;18;11;54;3;86;0;100;11;18;4;54;0;0;0;0;0;0;0;0;0;0;0;0;0;0;0;0
28.11.2024;09:03;A 35;1;1;28;2;15;5;6;5;19;6;86;1;74;9;19;2;75;0;0;0;0;0;0;0;0;0;0;0;0;0;0;0;0
28.11.2024;09:02;A 35;1;1;69;0;0;11;10;7;35;0;100;0;100;4;9;2;21;0;0;0;0;0;0;1;1;0;0;0;0;0;0;0;0
28.11.2024;09:01;A 35;1;0;0;0;0;15;14;8;47;1;11;1;15;3;2;3;11;0;0;0;0;0;0;1;1;0;0;0;0;0;0;0;0
28.11.2024;09:00;A 35;1;0;0;1;6;13;13;9;46;2;32;0;0;5;5;3;20;0;0;0;0;0;0;0;0;0;0;0;0;0;0;0;0
28.11.2024;08:59;A 35;1;0;0;0;0;17;25;10;70;0;100;0;0;1;1;1;4;0;0;0;0;0;0;0;0;0;0;0;0;0;0;0;0
28.11.2024;08:58;A 35;1;1;1;0;0;10;35;8;64;3;64;1;72;2;2;2;14;0;0;0;0;0;0;0;0;0;0;0;0;0;0;0;0
28.11.2024;08:57;A 35;1;1;33;1;6;5;5;5;19;4;71;3;85;3;3;2;16;0;0;0;0;0;0;0;0;0;0;0;0;0;0;0;0
28.11.2024;08:56;A 35;1;1;81;0;0;15;45;2;98;1;45;1;51;5;26;3;42;0;0;0;0;0;0;1;1;0;0;0;0;0;0;0;0
28.11.2024;08:55;A 35;1;1;1;1;6;13;47;9;80;3;11;2;20;4;20;4;41;1;1;0;0;0;0;0;0;1;1;0;0;0;0;0;0
28.11.2024;08:54;A 35;1;0;0;0;0;4;4;4;14;8;41;1;44;10;38;5;71;0;0;0;0;0;0;0;0;0;0;0;0;0;0;0;0
28.11.2024;08:53;A 35;1;0;0;0;0;17;15;12;47;1;87;10;61;5;14;1;49;0;0;0;0;0;0;0;0;0;0;0;0;0;0;0;0
28.11.2024;08:52;A 35;1;1;0;1;6;12;15;8;42;5;21;1;21;3;34;2;57;0;0;0;0;0;0;0;0;0;0;0;0;0;0;0;0
28.11.2024;08:51;A 35;1;4;15;2;31;8;54;1;77;0;0;0;0;7;25;4;43;0;0;0;0;0;0;0;0;0;0;0;0;0;0;0;0
28.11.2024;08:50;A 35;1;1;93;0;0;12;11;10;34;1;0;1;1;3;9;3;71;0;0;0;0;0;0;0;0;0;0;0;0;0;0;1;1
28.11.2024;08:49;A 35;1;3;3;1;6;10;10;8;33;5;67;2;83;2;3;2;15;0;0;0;0;0;0;0;0;0;0;0;0;0;0;0;0
28.11.2024;08:48;A 35;1;5;45;3;35;11;15;8;50;5;44;0;49;7;32;4;60;0;0;0;0;0;0;1;1;0;0;0;0;0;0;1;1
28.11.2024;08:47;A 35;1;1;53;0;0;12;35;7;62;1;73;2;82;2;1;2;19;0;0;0;0;0;0;0;0;0;0;0;0;0;0;0;0
28.11.2024;08:46;A 35;1;1;1;0;0;14;35;11;64;3;81;0;90;3;4;2;18;0;0;0;0;0;0;0;0;0;0;0;0;0;0;0;0
28.11.2024;08:45;A 35;1;0;0;0;0;11;55;5;90;1;80;1;76;5;5;5;22;0;0;0;0;0;0;0;0;0;0;0;0;0;0;0;0
28.11.2024;08:44;A 35;1;0;0;0;0;6;28;2;75;2;4;2;8;2;2;2;12;0;0;0;0;0;0;0;0;0;0;0;0;0;0;0;0
28.11.2024;08:43;A 35;1;3;36;2;17;18;18;9;75;3;54;3;70;3;3;3;13;0;0;0;0;0;0;0;0;0;0;0;0;0;0;0;0
28.11.2024;08:42;A 35;1;1;1;1;6;4;3;5;31;1;37;1;43;10;16;6;49;0;0;0;0;0;0;1;1;0;0;0;0;0;0;1;1
28.11.2024;08:41;A 35;1;1;0;0;1;14;21;5;81;2;55;2;62;2;8;2;43;0;0;0;0;0;0;0;0;0;0;0;0;0;0;0;0
28.11.2024;08:40;A 35;1;1;85;2;12;13;18;11;66;2;15;1;24;2;1;2;8;0;0;1;1;0;0;0;0;0;0;1;1;0;0;0;0
28.11.2024;08:39;A 35;1;2;32;1;6;13;58;1;99;1;0;1;0;5;13;3;47;0;0;1;1;0;0;0;0;0;0;2;3;0;0;0;0
28.11.2024;08:38;A 35;1;2;33;1;6;23;35;5;94;0;0;0;0;2;4;2;11;0;0;0;0;0;0;0;0;0;0;0;0;0;0;0;0
28.11.2024;08:37;A 35;1;3;44;0;0;2;12;1;64;3;28;2;34;3;4;3;35;0;0;0;0;1;1;0;0;0;0;0;0;1;1;0;0
28.11.2024;08:36;A 35;1;0;0;0;0;11;48;2;80;1;35;0;36;7;8;3;34;0;0;0;0;0;0;0;0;0;0;1;1;0;0;0;0
28.11.2024;08:35;A 35;1;0;0;0;0;16;47;9;85;2;71;1;79;2;2;2;15;0;0;0;0;0;0;0;0;0;0;0;0;0;0;0;0
28.11.2024;08:34;A 35;1;3;29;2;12;16;29;11;69;1;83;1;84;2;2;2;12;0;0;0;0;0;0;0;0;0;0;0;0;0;0;0;0
28.11.2024;08:33;A 35;1;1;32;1;6;9;14;3;79;1;36;1;41;7;17;2;43;0;0;0;0;0;0;0;0;0;0;0;0;0;0;0;0
28.11.2024;08:32;A 35;1;1;6;0;0;14;18;9;54;1;82;1;88;8;24;1;78;0;0;0;0;0;0;0;0;0;0;0;0;0;0;0;0
28.11.2024;08:31;A 35;1;0;82;1;11;15;15;11;50;2;25;1;36;4;4;4;18;0;0;0;0;0;0;0;0;0;0;0;0;0;0;0;0
28.11.2024;08:30;A 35;1;2;40;2;17;13;59;6;93;1;38;0;40;5;8;2;23;0;0;0;0;0;0;0;0;0;0;0;0;0;0;0;0
28.11.2024;08:29;A 35;1;3;54;0;0;10;10;8;42;2;83;1;90;5;8;3;28;0;0;0;0;0;0;0;0;0;0;0;0;0;0;0;0
28.11.2024;08:28;A 35;1;3;0;0;0;17;16;14;60;3;96;0;100;1;1;1;3;0;0;0;0;0;0;0;0;0;0;0;0;0;0;0;0
28.11.2024;08:27;A 35;1;4;36;1;23;10;30;4;91;5;68;2;63;9;19;2;71;0;0;0;0;0;0;1;1;0;0;0;0;0;0;0;0
28.11.2024;08:26;A 35;1;2;0;0;0;13;14;12;46;1;10;1;20;9;22;1;90;0;0;0;0;0;0;2;3;0;0;0;0;0;0;1;1
28.11.2024;08:25;A 35;1;4;17;2;13;12;12;11;37;0;0;0;0;1;1;1;6;0;0;0;0;0;0;1;1;0;0;0;0;0;0;1;1
28.11.2024;08:24;A 35;1;0;0;0;0;8;36;1;90;0;0;0;0;10;21;2;63;0;0;0;0;0;0;0;0;0;0;0;0;0;0;0;0
28.11.2024;08:23;A 35;1;0;0;0;1;12;44;7;73;1;8;1;10;8;10;3;34;0;0;0;0;0;0;0;0;0;0;0;0;1;1;0;0
28.11.2024;08:22;A 35;1;2;88;2;12;19;31;12;74;3;92;0;100;2;1;2;8;0;0;0;0;0;0;0;0;0;0;0;0;0;0;1;1
28.11.2024;08:21;A 35;1;3;25;1;6;10;32;2;77;4;75;3;60;9;34;4;81;0;0;0;0;0;0;2;3;0;0;0;0;0;0;2;3
28.11.2024;08:20;A 35;1;0;0;0;0;11;36;7;64;1;96;0;100;4;9;2;36;0;0;0;0;0;0;0;0;0;0;0;0;0;0;0;0
28.11.2024;08:19;A 35;1;0;0;0;0;14;41;8;80;2;84;2;92;4;4;3;19;0;0;0;0;0;0;0;0;0;0;0;0;0;0;0;0
28.11.2024;08:18;A 35;1;1;32;1;6;6;8;4;71;4;91;1;60;6;42;4;66;0;0;0;0;0;0;0;0;0;0;0;0;0;0;0;0
28.11.2024;08:17;A 35;1;1;53;0;0;14;33;4;66;1;80;1;86;4;23;0;37;0;0;0;0;0;0;0;0;0;0;0;0;0;0;0;0
28.11.2024;08:16;A 35;1;2;2;1;6;11;28;8;62;4;72;1;49;5;21;1;40;0;0;0;0;0;0;0;0;0;0;0;0;0;0;0;0
28.11.2024;08:15;A 35;1;0;0;0;0;10;12;6;66;4;41;1;39;2;3;2;15;0;0;0;0;0;0;0;0;0;0;0;0;1;1;0;0
28.11.2024;08:14;A 35;1;0;0;0;0;12;38;7;66;3;78;1;85;4;6;1;22;0;0;0;0;0;0;0;0;0;0;0;0;0;1;0;0
28.11.2024;08:13;A 35;1;1;41;1;6;22;37;8;86;2;91;0;92;2;2;2;26;0;0;0;0;1;1;0;0;0;0;0;0;1;0;0;0
28.11.2024;08:12;A 35;1;2;36;1;10;13;59;4;94;3;38;2;55;3;6;2;43;0;0;1;1;0;0;0;0;0;0;1;1;0;0;0;0
28.11.2024;08:11;A 35;1;2;35;1;6;11;39;5;68;1;1;1;2;7;13;4;41;0;0;0;0;0;0;0;0;0;0;0;0;0;0;0;0
28.11.2024;08:10;A 35;1;0;0;0;0;18;32;11;72;3;32;1;40;1;1;1;5;0;0;0;0;0;0;0;0;0;0;0;0;0;0;0;0
28.11.2024;08:09;A 35;1;1;10;1;6;9;51;1;85;3;27;1;34;5;5;4;20;1;1;0;0;0;0;0;0;1;1;0;0;0;0;1;1
28.11.2024;08:08;A 35;1;0;0;0;0;11;11;9;66;1;97;0;100;10;18;2;46;0;0;0;0;0;0;0;0;0;0;0;0;0;0;1;1
28.11.2024;08:07;A 35;1;2;0;1;6;18;28;11;73;3;90;1;61;1;0;1;3;0;0;0;0;0;0;0;0;0;0;0;0;0;0;0;0
28.11.2024;08:06;A 35;1;0;17;0;0;3;57;0;81;3;38;3;16;7;7;5;37;0;0;0;0;0;0;0;0;0;0;0;0;0;0;0;0
28.11.2024;08:05;A 35;1;1;73;0;0;14;53;5;86;2;96;1;7;4;7;1;26;0;0;0;0;0;0;0;0;0;0;0;0;0;0;0;0
28.11.2024;08:04;A 35;1;0;83;0;1;20;33;9;83;5;60;1;75;2;1;3;41;0;0;0;0;0;0;0;0;0;0;0;0;0;0;0;0
28.11.2024;08:03;A 35;1;1;18;1;11;13;58;5;94;4;37;1;21;5;19;2;47;0;0;0;0;0;0;0;0;0;0;0;0;0;0;0;0
28.11.2024;08:02;A 35;1;0;0;0;0;16;22;8;69;1;29;4;8;8;11;3;35;0;0;0;0;0;0;1;1;0;0;0;0;0;0;0;0
28.11.2024;08:01;A 35;1;1;34;2;13;14;51;8;89;4;4;1;11;3;4;2;89;0;0;0;0;0;0;0;0;0;0;0;0;0;0;0;0
28.11.2024;08:00;A 35;1;1;0;0;0;14;61;5;94;4;45;1;59;5;12;3;29;0;0;0;0;0;0;1;1;0;0;0;0;0;0;0;0
28.11.2024;07:59;A 35;1;0;0;0;0;21;28;11;81;0;100;0;100;5;3;5;20;0;0;0;0;0;0;0;0;0;0;0;0;0;0;0;0
28.11.2024;07:58;A 35;1;4;33;2;24;11;47;4;96;5;85;0;100;1;2;1;13;1;1;1;1;0;0;0;0;1;1;1;1;0;0;0;0
28.11.2024;07:57;A 35;1;3;34;2;13;10;21;3;88;4;85;0;100;6;12;2;37;0;0;0;0;0;0;0;0;0;0;0;0;0;0;0;0
28.11.2024;07:56;A 35;1;2;29;2;13;11;46;5;77;3;86;0;100;5;11;2;45;0;0;0;0;0;0;0;0;0;0;0;0;0;0;0;0
28.11.2024;07:55;A 35;1;1;76;0;0;18;26;11;69;3;93;0;100;4;4;4;34;0;0;0;0;0;0;0;0;0;0;0;0;0;0;0;0
28.11.2024;07:54;A 35;1;5;5;3;20;9;47;1;81;5;86;0;100;8;11;3;75;0;0;0;0;0;0;0;0;0;0;0;0;0;0;0;0
28.11.2024;07:53;A 35;1;2;2;0;0;7;41;5;69;1;98;0;100;9;21;5;88;0;0;0;0;0;0;0;0;0;0;0;0;0;0;0;0
28.11.2024;07:52;A 35;1;1;87;1;6;20;49;2;95;2;95;0;100;1;0;1;3;0;0;1;1;0;0;0;0;0;0;0;0;0;0;0;0
28.11.2024;07:51;A 35;1;1;69;1;6;7;19;2;67;5;75;3;29;4;3;4;15;0;0;1;1;0;0;0;0;0;0;0;0;0;0;0;0
28.11.2024;07:50;A 35;1;3;6;1;6;13;46;3;80;1;98;0;100;10;27;2;75;0;0;0;0;0;0;0;0;0;0;0;0;0;0;0;0
28.11.2024;07:49;A 35;1;0;81;2;19;20;30;9;92;3;95;0;100;2;3;9;18;0;0;0;0;0;0;0;0;0;0;0;0;0;0;0;0
28.11.2024;07:48;A 35;1;2;64;2;13;13;59;1;96;3;50;3;65;6;17;2;78;0;0;0;0;0;0;1;1;0;0;0;0;0;0;0;0
28.11.2024;07:47;A 35;1;1;89;1;6;17;26;7;71;2;67;1;72;5;8;4;72;0;0;0;0;0;0;0;0;0;0;0;0;0;0;0;0
28.11.2024;07:46;A 35;1;2;0;1;6;3;19;1;88;2;64;1;68;0;0;0;0;1;1;0;0;0;0;0;0;1;1;0;0;0;0;0;0
28.11.2024;07:45;A 35;1;0;0;0;0;13;57;2;90;1;38;1;22;4;8;4;61;0;0;0;0;0;0;1;1;0;0;0;0;0;0;0;0
28.11.2024;07:44;A 35;1;2;0;1;6;18;43;2;94;5;28;1;10;6;10;1;35;0;0;0;0;0;0;1;1;0;0;0;0;0;0;1;1
28.11.2024;07:43;A 35;1;1;0;0;0;12;37;14;62;7;49;1;77;2;13;1;38;0;0;0;0;0;0;0;0;0;0;0;0;0;0;1;1
28.11.2024;07:42;A 35;1;0;7;1;6;10;28;1;72;2;10;0;0;4;3;3;14;0;0;0;0;0;0;1;1;0;0;0;0;0;0;1;1
28.11.2024;07:41;A 35;1;1;0;0;0;13;27;6;64;1;13;1;6;6;9;1;34;0;0;0;0;0;0;0;0;0;0;0;0;0;0;0;0
28.11.2024;07:40;A 35;1;3;29;1;6;16;20;6;68;3;70;2;74;1;0;1;2;0;0;0;0;0;0;0;0;0;0;0;0;0;0;0;0
28.11.2024;07:39;A 35;1;4;35;2;16;13;30;2;93;2;40;0;42;5;11;1;29;0;0;0;0;0;0;0;0;0;0;0;0;0;0;0;0
28.11.2024;07:38;A 35;1;1;90;0;0;15;37;7;71;1;98;1;80;2;2;3;7;0;0;0;0;0;0;0;0;0;0;0;0;0;0;0;0
28.11.2024;07:37;A 35;1;1;0;1;6;18;27;8;79;4;12;3;18;4;3;4;13;0;0;0;0;2;3;0;0;0;0;0;0;0;0;0;0
28.11.2024;07:36;A 35;1;1;31;1;8;3;72;1;81;1;15;2;6;6;10;3;33;0;0;0;0;1;1;0;0;0;0;0;0;0;0;0;0
28.11.2024;07:35;A 35;1;1;97;2;13;24;35;4;91;1;0;0;0;6;8;2;30;0;0;0;0;0;0;0;0;0;0;0;0;0;0;0;0
28.11.2024;07:34;A 35;1;0;56;1;6;5;48;2;86;4;10;1;14;2;1;2;8;0;0;0;0;0;0;0;0;0;0;0;0;0;0;0;0
28.11.2024;07:33;A 35;1;2;57;0;0;10;38;5;71;0;26;1;4;3;2;3;10;0;0;0;0;0;0;0;0;0;0;0;0;0;0;0;0
28.11.2024;07:32;A 35;1;0;0;0;0;11;12;7;61;1;60;1;5;5;36;1;55;0;0;0;0;0;0;1;1;0;0;0;0;0;0;1;1
28.11.2024;07:31;A 35;1;0;0;0;0;16;18;15;75;2;80;3;42;3;2;4;11;0;0;0;0;0;0;1;1;0;0;0;0;0;0;1;1
28.11.2024;07:30;A 35;1;3;36;3;20;9;13;0;81;5;83;0;63;6;10;1;35;0;0;0;0;0;0;0;0;0;0;0;0;0;0;0;0
28.11.2024;07:29;A 35;1;1;63;0;0;10;12;11;43;2;47;2;56;5;5;5;24;0;0;0;0;0;0;0;0;0;0;0;0;0;0;0;0
28.11.2024;07:28;A 35;1;4;66;1;14;10;11;10;63;2;0;0;0;1;2;2;7;0;0;0;0;0;0;0;0;0;0;0;0;0;0;0;0
28.11.2024;07:27;A 35;1;2;78;2;13;5;8;12;18;1;44;0;35;8;22;5;49;0;0;0;0;0;0;0;0;0;0;0;0;0;0;0;0
28.11.2024;07:26;A 35;1;3;84;2;13;20;46;9;87;1;44;3;23;5;39;2;59;0;0;0;0;0;0;0;0;0;0;0;0;0;0;0;0
28.11.2024;07:25;A 35;1;1;63;1;6;17;35;15;81;6;86;1;93;2;3;2;11;0;0;0;0;0;0;0;0;0;0;0;0;0;0;0;0
28.11.2024;07:24;A 35;1;0;0;0;0;10;49;4;77;3;44;1;47;7;18;3;54;0;0;0;0;0;0;0;0;0;0;0;0;0;0;0;0
28.11.2024;07:23;A 35;1;1;0;0;4;6;23;6;56;1;31;2;12;4;6;5;12;0;0;0;0;0;0;0;0;0;0;0;0;0;0;0;0
28.11.2024;07:22;A 35;1;3;35;2;8;4;52;4;52;2;18;1;8;2;1;2;8;0;0;0;0;0;0;0;0;0;0;0;0;0;0;0;0
28.11.2024;07:21;A 35;1;0;33;1;6;6;7;9;24;0;34;0;0;7;10;1;37;0;0;0;0;0;0;0;0;0;0;0;0;0;0;0;0
28.11.2024;07:20;A 35;1;1;74;0;0;11;9;13;42;3;35;1;7;5;20;4;60;0;0;0;0;0;0;0;0;0;0;0;0;0;0;3;5
28.11.2024;07:19;A 35;1;0;0;0;0;18;20;11;74;2;88;1;58;2;2;2;14;0;0;0;0;0;0;0;0;0;0;0;0;0;0;0;0
28.11.2024;07:18;A 35;1;0;32;0;0;14;57;6;81;2;23;1;6;7;7;2;31;0;0;0;0;0;0;0;0;0;0;0;0;0;0;0;0
28.11.2024;07:17;A 35;1;1;38;1;6;16;56;3;99;1;1;0;0;3;6;1;50;0;0;0;0;0;0;0;0;0;0;0;0;0;0;0;0
28.11.2024;07:16;A 35;1;2;33;1;6;13;24;7;51;2;2;0;0;0;0;0;0;0;0;2;3;0;0;0;0;0;0;3;5;0;0;0;0
28.11.2024;07:15;A 35;1;0;24;0;0;3;2;1;7;3;32;0;39;4;4;3;20;0;0;0;0;0;0;0;0;0;0;0;0;0;0;0;0
28.11.2024;07:14;A 35;1;0;100;0;0;5;7;2;20;0;100;0;100;3;19;2;61;0;0;0;0;0;0;0;0;0;0;0;0;0;0;0;0
28.11.2024;07:13;A 35;1;1;12;0;0;9;22;5;68;2;34;4;24;1;1;2;6;0;0;0;0;0;0;0;0;0;0;0;0;0;0;0;0
28.11.2024;07:12;A 35;1;0;0;0;0;4;5;2;14;3;25;1;28;6;7;3;27;0;0;0;0;0;0;0;0;0;0;0;0;0;0;0;0
28.11.2024;07:11;A 35;1;0;0;0;0;15;16;5;52;1;42;1;47;0;0;0;0;0;0;0;0;0;0;0;0;0;0;0;0;0;0;0;0
28.11.2024;07:10;A 35;1;0;0;0;0;12;9;10;42;3;88;0;95;4;3;3;15;0;0;0;0;0;0;0;0;0;0;0;0;0;0;0;0
28.11.2024;07:09;A 35;1;0;0;0;0;7;10;4;63;5;88;1;72;7;8;4;32;0;0;0;0;0;0;0;0;0;0;0;0;0;0;0;0
28.11.2024;07:08;A 35;1;0;0;0;0;18;21;7;73;3;49;2;49;4;6;3;20;0;0;0;0;0;0;0;0;0;0;0;0;0;0;0;0
28.11.2024;07:07;A 35;1;0;0;0;0;19;23;8;76;2;85;1;88;3;3;2;15;0;0;0;0;0;0;0;0;0;0;0;0;0;0;0;0
28.11.2024;07:06;A 35;1;0;0;0;0;5;5;5;13;1;59;2;46;3;3;1;15;0;0;0;0;0;0;0;0;0;0;0;0;0;0;0;0
28.11.2024;07:05;A 35;1;0;0;0;0;17;18;9;51;1;32;1;8;6;5;5;18;0;0;0;0;0;0;0;0;0;0;0;0;0;0;0;0
28.11.2024;07:04;A 35;1;0;0;0;0;8;32;3;87;0;0;2;3;2;1;2;21;0;0;0;0;2;3;0;0;0;0;0;0;1;1;0;0
28.11.2024;07:03;A 35;1;1;4;1;6;7;6;9;18;1;16;0;0;6;14;4;54;0;0;0;0;0;0;0;0;0;0;0;0;0;0;0;0
28.11.2024;07:02;A 35;1;0;0;0;0;11;8;15;23;1;32;1;5;3;3;5;10;0;0;0;0;0;0;0;0;0;0;0;0;0;0;0;0
28.11.2024;07:01;A 35;1;0;0;0;0;9;7;10;22;2;32;3;18;2;11;1;27;0;0;0;0;0;0;0;0;0;0;0;0;0;0;0;0
28.11.2024;07:00;A 35;1;0;0;0;0;5;30;7;43;1;7;1;7;3;9;4;42;0;0;1;1;0;0;0;0;0;0;1;1;0;0;0;0
28.11.2024;06:59;A 35;1;0;0;0;0;14;13;11;37;0;0;0;0;6;9;3;27;0;0;0;0;0;0;0;0;0;0;0;0;0;0;0;0
28.11.2024;06:58;A 35;1;0;0;0;0;16;17;8;48;1;43;2;9;1;0;1;3;0;0;0;0;0;0;0;0;0;0;0;0;0;0;0;0
28.11.2024;06:57;A 35;1;0;0;0;0;7;7;2;13;1;1;1;4;3;3;7;8;0;0;0;0;0;0;0;0;0;0;0;0;0;0;0;0
28.11.2024;06:56;A 35;1;0;0;0;0;21;27;8;75;0;0;0;0;4;4;5;19;0;0;0;0;0;0;0;0;0;0;0;0;0;0;0;0
28.11.2024;06:55;A 35;1;0;0;0;0;17;26;8;82;2;85;1;82;0;0;0;0;0;0;0;0;0;0;0;0;0;0;0;0;0;0;0;0
28.11.2024;06:54;A 35;1;0;30;0;0;8;48;7;66;2;59;2;11;4;4;4;16;0;0;0;0;0;0;0;0;0;0;0;0;0;0;0;0
28.11.2024;06:53;A 35;1;1;43;0;0;9;10;11;30;1;0;0;0;0;0;0;0;0;0;0;0;0;0;0;0;0;0;0;0;0;0;0;0
28.11.2024;06:52;A 35;1;0;0;0;0;12;12;12;34;2;75;2;78;1;0;2;1;0;0;0;0;0;0;0;0;0;0;0;0;0;0;0;0
28.11.2024;06:51;A 35;1;0;36;1;9;7;7;4;19;4;41;1;49;4;6;3;21;0;0;0;0;0;0;0;0;0;0;0;0;0;0;0;0
28.11.2024;06:50;A 35;1;1;63;0;0;12;19;3;41;1;95;0;100;1;2;1;7;0;0;0;0;0;0;0;0;0;0;0;0;0;0;0;0
28.11.2024;06:49;A 35;1;0;0;0;0;10;36;13;54;3;73;1;81;1;0;1;4;0;0;0;0;0;0;0;0;0;0;0;0;0;0;0;0
28.11.2024;06:48;A 35;1;1;7;0;0;11;35;3;65;3;26;2;41;5;4;4;23;0;0;0;0;0;0;0;0;0;0;0;0;0;0;0;0
28.11.2024;06:47;A 35;1;1;88;1;8;8;8;4;13;0;0;0;0;4;34;2;53;0;0;0;0;0;0;0;0;0;0;0;0;0;0;0;0
28.11.2024;06:46;A 35;1;0;0;0;0;13;11;7;29;4;91;0;98;3;3;3;18;0;0;0;0;0;0;0;0;0;0;0;0;0;0;0;0
28.11.2024;06:45;A 35;1;0;0;0;0;4;5;7;37;4;67;1;83;4;7;2;21;0;0;0;0;0;0;0;0;0;0;0;0;0;0;0;0
28.11.2024;06:44;A 35;1;0;0;0;0;11;13;12;35;1;7;2;14;4;3;2;15;0;0;0;0;0;0;0;0;0;0;0;0;0;0;0;0
28.11.2024;06:43;A 35;1;0;0;0;0;8;15;5;49;1;29;3;30;1;1;1;5;0;0;0;0;0;0;0;0;0;0;0;0;0;0;0;0
28.11.2024;06:42;A 35;1;0;0;0;0;11;33;0;100;0;32;1;31;6;6;1;24;0;0;0;0;0;0;0;0;0;0;0;0;0;0;0;0
28.11.2024;06:41;A 35;1;0;0;0;0;17;36;7;68;0;100;0;100;1;1;1;5;0;0;0;0;0;0;0;0;0;0;0;0;0;0;2;3
28.11.2024;06:40;A 35;1;0;48;1;6;6;68;1;88;1;78;1;26;2;2;2;12;0;0;0;0;0;0;0;0;0;0;0;0;0;0;0;0
28.11.2024;06:39;A 35;1;1;25;0;0;4;4;3;12;2;48;1;29;3;4;4;17;0;0;0;0;0;0;0;0;0;0;0;0;0;0;0;0
28.11.2024;06:38;A 35;1;0;0;0;0;11;12;8;48;1;80;2;62;0;0;0;0;0;0;1;1;0;0;0;0;0;0;1;1;0;0;2;3
28.11.2024;06:37;A 35;1;0;62;1;6;11;17;5;80;2;43;2;30;0;0;0;0;0;0;0;0;0;0;0;0;0;0;0;0;0;0;0;0
28.11.2024;06:36;A 35;1;1;8;0;0;14;64;2;98;0;0;0;0;0;0;0;0;0;0;0;0;0;0;0;0;0;0;0;0;0;0;0;0
28.11.2024;06:35;A 35;1;0;0;0;0;5;31;3;47;0;0;0;0;5;9;4;24;0;0;0;0;0;0;0;0;0;0;0;0;0;0;0;0
28.11.2024;06:34;A 35;1;0;0;0;0;13;44;4;76;2;19;5;25;2;1;2;3;0;0;0;0;0;0;0;0;0;0;0;0;0;0;0;0
28.11.2024;06:33;A 35;1;0;0;0;0;7;9;3;27;0;0;0;0;3;2;2;7;0;0;0;0;0;0;0;0;0;0;0;0;0;0;0;0
28.11.2024;06:32;A 35;1;0;0;0;0;6;21;3;42;2;56;0;59;5;7;0;35;0;0;1;1;0;0;0;0;0;0;1;1;0;0;0;0
28.11.2024;06:31;A 35;1;0;0;0;0;7;6;7;19;0;100;1;7;4;11;2;24;0;0;0;0;0;0;0;0;0;0;0;0;0;0;0;0
28.11.2024;06:30;A 35;1;0;0;0;0;5;6;9;16;3;54;1;41;0;0;0;0;0;0;0;0;0;0;0;0;0;0;0;0;0;0;0;0
28.11.2024;06:29;A 35;1;1;1;0;0;11;10;8;33;1;58;2;32;3;2;3;12;0;0;0;0;0;0;0;0;0;0;0;0;0;0;0;0
28.11.2024;06:28;A 35;1;0;0;0;0;13;12;8;35;0;0;0;0;1;0;1;2;0;0;0;0;0;0;0;0;0;0;0;0;0;0;0;0
28.11.2024;06:27;A 35;1;0;0;0;0;8;14;3;29;3;76;3;16;4;4;2;18;0;0;0;0;0;0;0;0;0;0;0;0;0;0;0;0
28.11.2024;06:26;A 35;1;0;0;0;0;8;10;13;20;0;0;0;0;0;0;0;1;0;0;0;0;0;0;0;0;0;0;0;0;0;0;0;0
28.11.2024;06:25;A 35;1;0;0;0;0;11;39;9;74;2;8;1;6;2;3;1;12;0;0;0;0;0;0;0;0;0;0;0;0;0;0;0;0
28.11.2024;06:24;A 35;1;1;13;1;7;7;6;8;20;1;18;2;26;5;18;2;47;0;0;0;0;0;0;0;0;0;0;0;0;0;0;0;0
28.11.2024;06:23;A 35;1;0;0;0;0;14;23;6;62;1;3;1;4;0;0;0;0;0;0;0;0;0;0;0;0;0;0;0;0;0;0;0;0
28.11.2024;06:22;A 35;1;0;0;0;0;17;33;5;66;0;0;0;0;3;3;2;43;0;0;0;0;0;0;0;0;0;0;0;0;0;0;0;0
28.11.2024;06:21;A 35;1;0;0;0;0;5;8;4;28;2;59;4;14;3;9;3;41;0;0;0;0;0;0;0;0;0;0;0;0;0;0;0;0
28.11.2024;06:20;A 35;1;0;0;0;0;11;12;11;57;0;71;0;0;2;4;3;39;0;0;0;0;0;0;0;0;0;0;0;0;0;0;0;0
28.11.2024;06:19;A 35;1;0;65;0;0;5;6;8;20;2;71;3;38;1;1;1;7;0;0;0;0;0;0;0;0;0;0;0;0;0;0;0;0
28.11.2024;06:18;A 35;1;2;83;1;6;11;13;6;38;2;52;4;14;2;1;1;6;0;0;0;0;0;0;0;0;0;0;0;0;0;0;0;0
28.11.2024;06:17;A 35;1;1;2;0;0;12;33;2;58;1;1;1;2;3;2;2;7;0;0;0;0;0;0;0;0;0;0;0;0;0;0;0;0
28.11.2024;06:16;A 35;1;1;1;0;0;7;42;4;73;1;0;0;0;2;2;4;12;0;0;0;0;0;0;0;0;0;0;0;0;0;0;0;0
28.11.2024;06:15;A 35;1;0;0;0;0;9;11;7;52;0;11;0;0;2;1;2;7;0;0;0;0;0;0;0;0;0;0;0;0;0;0;0;0
28.11.2024;06:14;A 35;1;0;0;0;0;13;11;16;36;1;76;1;7;1;0;1;5;0;0;0;0;0;0;0;0;0;0;0;0;0;0;0;0
28.11.2024;06:13;A 35;1;1;6;1;6;1;1;2;8;1;31;1;19;0;0;0;0;0;0;0;0;0;0;0;0;0;0;0;0;0;0;0;0
28.11.2024;06:12;A 35;1;0;0;0;0;10;23;8;39;3;55;1;62;1;1;1;6;0;0;0;0;0;0;0;0;0;0;0;0;0;0;0;0
28.11.2024;06:11;A 35;1;0;0;0;0;7;26;1;41;1;1;1;4;0;0;0;0;0;0;0;0;0;0;0;0;0;0;0;0;0;0;0;0
28.11.2024;06:10;A 35;1;0;0;0;0;10;33;4;70;0;23;0;0;1;0;1;2;0;0;0;0;0;0;0;0;0;0;0;0;0;0;0;0
28.11.2024;06:09;A 35;1;0;0;0;0;4;33;3;49;1;37;3;11;1;0;1;45;0;0;0;0;0;0;0;0;0;0;0;0;0;0;0;0
28.11.2024;06:08;A 35;1;0;0;0;0;3;4;4;15;0;0;0;0;3;5;2;44;0;0;0;0;0;0;0;0;0;0;0;0;0;0;0;0
28.11.2024;06:07;A 35;1;1;48;1;7;3;4;4;14;0;0;0;0;3;5;2;13;0;0;0;0;0;0;0;0;0;0;0;0;0;0;0;0
28.11.2024;06:06;A 35;1;0;0;0;0;5;25;7;40;0;0;0;0;4;6;0;28;0;0;0;0;0;0;0;0;0;0;0;0;0;0;0;0
28.11.2024;06:05;A 35;1;0;0;0;0;10;21;6;43;1;50;1;6;2;1;2;11;0;0;0;0;0;0;0;0;0;0;0;0;0;0;0;0
28.11.2024;06:04;A 35;1;0;0;0;0;5;4;8;16;0;0;0;0;0;0;0;0;0;0;0;0;0;0;0;0;0;0;0;0;0;0;0;0
28.11.2024;06:03;A 35;1;0;0;0;0;7;5;12;15;0;0;0;0;0;0;0;0;0;0;0;0;0;0;0;0;0;0;0;0;0;0;0;0
28.11.2024;06:02;A 35;1;0;0;0;0;13;10;17;47;0;0;0;0;0;16;1;21;0;0;0;0;0;0;0;0;0;0;0;0;0;0;1;1
28.11.2024;06:01;A 35;1;2;17;0;0;9;13;4;48;0;0;0;0;3;17;2;25;0;0;0;0;0;0;0;0;0;0;0;0;0;0;0;0
28.11.2024;06:00;A 35;1;0;0;0;0;16;61;2;97;1;2;1;3;1;0;1;6;0;0;0;0;0;0;0;0;0;0;0;0;0;0;0;0
28.11.2024;05:59;A 35;1;0;0;0;0;8;39;7;66;0;0;0;0;1;2;1;8;0;0;0;0;0;0;0;0;0;0;0;0;0;0;0;0
28.11.2024;05:58;A 35;1;0;0;0;0;11;46;2;69;0;0;0;0;2;1;2;7;0;0;0;0;0;0;0;0;0;0;0;0;0;0;0;0
28.11.2024;05:57;A 35;1;0;0;0;0;7;22;4;31;4;1;0;0;1;0;1;4;0;0;0;0;0;0;0;0;0;0;0;0;0;0;0;0
28.11.2024;05:56;A 35;1;0;0;0;0;3;2;6;8;0;0;0;0;0;0;0;0;0;0;0;0;0;0;0;0;0;0;0;0;0;0;0;0
28.11.2024;05:55;A 35;1;0;0;0;0;11;32;1;76;1;1;2;7;0;0;0;0;0;0;0;0;0;0;0;0;0;0;0;0;0;0;0;0
28.11.2024;05:54;A 35;1;3;4;1;6;10;12;5;39;2;0;4;12;1;0;1;7;0;0;0;0;0;0;0;0;0;0;0;0;0;0;0;0
28.11.2024;05:53;A 35;1;0;0;0;0;7;45;5;57;1;4;1;6;2;2;2;8;0;0;0;0;0;0;0;0;0;0;0;0;0;0;0;0
28.11.2024;05:52;A 35;1;0;0;0;0;7;9;6;38;0;0;0;0;1;1;1;6;0;0;0;0;0;0;0;0;0;0;0;0;0;0;0;0
28.11.2024;05:51;A 35;1;0;0;0;0;2;7;2;27;0;0;0;0;1;3;1;6;0;0;0;0;0;0;0;0;0;0;0;0;0;0;0;0
28.11.2024;05:50;A 35;1;0;0;0;0;9;16;7;49;1;1;2;4;1;1;1;4;0;0;0;0;0;0;0;0;0;0;0;0;0;0;0;0
28.11.2024;05:49;A 35;1;0;0;0;0;21;46;5;74;0;0;0;0;1;0;2;2;0;0;0;0;0;0;0;0;0;0;0;0;0;0;0;0
28.11.2024;05:48;A 35;1;0;0;0;0;7;11;7;32;0;16;0;0;0;0;0;0;0;0;0;0;0;0;0;0;0;0;0;0;0;0;0;0
28.11.2024;05:47;A 35;1;0;0;0;0;14;18;4;56;1;48;1;9;2;2;3;12;0;0;0;0;0;0;0;0;0;0;0;0;0;0;0;0
28.11.2024;05:46;A 35;1;0;0;0;0;8;15;5;68;1;1;1;4;3;8;5;31;0;0;0;0;0;0;0;0;0;0;0;0;0;0;0;0
28.11.2024;05:45;A 35;1;0;0;0;0;4;8;5;38;0;0;0;0;0;0;0;0;0;0;0;0;0;0;0;0;0;0;0;0;0;0;0;0
28.11.2024;05:44;A 35;1;0;0;0;0;6;27;6;45;0;0;0;0;2;3;3;20;0;0;0;0;0;0;0;0;0;0;0;0;0;0;0;0
28.11.2024;05:43;A 35;1;0;0;0;0;4;4;3;46;0;0;0;0;1;1;1;5;0;0;0;0;0;0;0;0;0;0;0;0;0;0;0;0
28.11.2024;05:42;A 35;1;0;0;0;0;11;16;7;46;0;0;0;0;1;0;1;5;0;0;0;0;0;0;0;0;0;0;0;0;0;0;0;0
28.11.2024;05:41;A 35;1;1;0;0;0;4;56;7;66;1;56;1;7;0;0;0;4;0;0;0;0;0;0;0;0;0;0;0;0;0;0;0;0
28.11.2024;05:40;A 35;1;0;0;0;0;16;46;6;84;1;0;0;0;1;0;1;3;0;0;0;0;0;0;0;0;0;0;0;0;0;0;0;0
28.11.2024;05:39;A 35;1;0;0;0;0;1;1;2;4;0;0;0;0;1;1;1;6;0;0;0;0;0;0;0;0;0;0;0;0;0;0;0;0
28.11.2024;05:38;A 35;1;0;0;0;0;10;39;3;71;0;0;0;0;0;0;0;0;0;0;0;0;0;0;0;0;0;0;0;0;0;0;0;0
28.11.2024;05:37;A 35;1;0;0;0;0;5;8;6;21;0;0;0;0;1;1;1;6;0;0;0;0;0;0;0;0;0;0;0;0;0;0;0;0
28.11.2024;05:36;A 35;1;0;0;0;0;5;5;7;22;0;0;0;0;1;1;1;6;0;0;0;0;0;0;0;0;0;0;0;0;0;0;0;0
28.11.2024;05:35;A 35;1;0;0;0;0;8;24;7;46;0;0;0;0;2;1;2;12;0;0;0;0;0;0;0;0;0;0;0;0;0;0;0;0
28.11.2024;05:34;A 35;1;0;0;0;0;3;8;2;20;1;1;1;5;1;1;1;11;0;0;0;0;0;0;0;0;0;0;0;0;0;0;0;0
28.11.2024;05:33;A 35;1;0;0;0;0;6;11;6;54;1;46;1;6;2;2;2;18;0;0;0;0;0;0;0;0;0;0;0;0;0;0;0;0
28.11.2024;05:32;A 35;1;0;0;0;0;10;20;5;66;0;0;0;0;2;1;2;10;0;0;0;0;0;0;0;0;0;0;0;0;0;0;0;0
28.11.2024;05:31;A 35;1;0;0;0;0;3;34;2;84;0;0;0;0;0;0;0;0;1;1;0;0;0;0;0;0;1;1;0;0;0;0;0;0
28.11.2024;05:30;A 35;1;0;0;0;0;5;7;2;22;0;0;0;0;1;1;1;13;0;0;0;0;0;0;0;0;0;0;0;0;0;0;0;0
28.11.2024;05:29;A 35;1;0;0;0;0;6;8;4;22;1;11;0;10;1;5;1;21;0;0;0;0;0;0;0;0;0;0;0;0;0;0;0;0
28.11.2024;05:28;A 35;1;0;0;0;0;1;1;3;4;1;17;1;25;0;0;0;0;0;0;0;0;0;0;0;0;0;0;0;0;0;0;0;0
28.11.2024;05:27;A 35;1;0;0;0;0;2;2;4;9;0;0;0;0;2;2;2;11;0;0;0;0;0;0;0;0;0;0;0;0;0;0;0;0
28.11.2024;05:26;A 35;1;0;0;0;0;2;6;6;13;0;0;0;0;3;3;2;18;0;0;0;0;0;0;0;0;0;0;0;0;0;0;0;0
28.11.2024;05:25;A 35;1;0;0;0;0;5;9;5;61;0;0;0;0;3;2;5;21;0;0;0;0;0;0;0;0;0;0;0;0;0;0;0;0
28.11.2024;05:24;A 35;1;0;0;0;0;2;2;2;5;0;0;0;0;1;1;1;3;0;0;0;0;0;0;0;0;0;0;0;0;0;0;0;0
28.11.2024;05:23;A 35;1;0;0;0;0;3;3;5;11;0;0;0;0;1;1;1;7;0;0;0;0;0;0;0;0;0;0;0;0;0;0;0;0
28.11.2024;05:22;A 35;1;0;0;0;0;4;3;7;11;0;0;0;0;2;1;2;8;0;0;0;0;0;0;0;0;0;0;0;0;0;0;0;0
28.11.2024;05:21;A 35;1;0;0;0;0;5;5;3;18;1;32;1;4;1;8;1;46;0;0;0;0;0;0;0;0;0;0;0;0;0;0;0;0
28.11.2024;05:20;A 35;1;0;0;0;0;4;5;8;13;1;1;2;8;0;0;0;0;0;0;0;0;0;0;0;0;0;0;0;0;0;0;0;0
28.11.2024;05:19;A 35;1;0;0;0;0;2;21;0;29;0;0;0;0;1;1;1;5;0;0;0;0;0;0;0;0;0;0;0;0;0;0;0;0
28.11.2024;05:18;A 35;1;0;0;0;0;3;14;7;20;0;0;0;0;1;1;1;6;0;0;0;0;0;0;0;0;0;0;0;0;0;0;0;0
28.11.2024;05:17;A 35;1;0;0;0;0;4;25;2;40;1;22;2;6;2;3;4;19;0;0;0;0;0;0;0;0;0;0;0;0;0;0;0;0
28.11.2024;05:16;A 35;1;0;0;0;0;2;1;2;4;0;0;0;0;2;2;4;23;0;0;0;0;0;0;0;0;0;0;0;0;0;0;0;0
28.11.2024;05:15;A 35;1;0;0;0;0;4;6;5;19;0;0;0;0;1;5;1;26;0;0;0;0;0;0;0;0;0;0;0;0;0;0;0;0
28.11.2024;05:14;A 35;1;0;0;0;0;3;3;7;11;0;0;0;0;0;0;0;0;0;0;0;0;0;0;0;0;0;0;0;0;0;0;0;0
28.11.2024;05:13;A 35;1;0;0;0;0;1;1;2;4;0;0;0;0;0;0;0;0;0;0;0;0;0;0;0;0;0;0;0;0;0;0;0;0
28.11.2024;05:12;A 35;1;0;0;0;0;3;3;2;8;0;0;0;0;0;0;0;0;0;0;0;0;0;0;0;0;0;0;0;0;0;0;0;0
28.11.2024;05:11;A 35;1;0;0;0;0;3;3;5;13;0;0;0;0;1;1;2;5;0;0;0;0;0;0;0;0;0;0;0;0;0;0;0;0
28.11.2024;05:10;A 35;1;0;0;0;0;4;4;4;15;0;0;0;0;0;0;0;0;0;0;0;0;0;0;0;0;0;0;0;0;0;0;0;0
28.11.2024;05:09;A 35;1;0;0;0;0;8;36;4;67;0;0;0;0;0;0;0;0;0;0;0;0;0;0;0;0;0;0;0;0;0;0;0;0
28.11.2024;05:08;A 35;1;0;0;0;0;1;1;2;3;0;0;0;0;1;2;1;7;0;0;0;0;0;0;0;0;0;0;0;0;0;0;0;0
28.11.2024;05:07;A 35;1;0;0;0;0;3;3;6;14;0;0;0;0;0;0;0;0;0;0;0;0;0;0;0;0;0;0;0;0;0;0;0;0
28.11.2024;05:06;A 35;1;0;0;0;0;2;3;2;7;0;0;0;0;0;0;0;0;0;0;0;0;0;0;0;0;0;0;0;0;0;0;0;0
28.11.2024;05:05;A 35;1;0;0;0;0;2;4;0;24;1;1;1;3;1;0;1;5;0;0;0;0;0;0;0;0;0;0;0;0;0;0;0;0
28.11.2024;05:04;A 35;1;0;0;0;0;2;2;2;3;0;0;0;0;0;0;0;0;0;0;0;0;0;0;0;0;0;0;0;0;0;0;0;0
28.11.2024;05:03;A 35;1;0;0;0;0;4;3;5;9;0;0;0;0;2;5;3;8;0;0;0;0;0;0;0;0;0;0;0;0;0;0;0;0
28.11.2024;05:02;A 35;1;0;0;0;0;0;0;0;0;0;0;0;0;1;0;2;3;0;0;0;0;0;0;0;0;0;0;0;0;0;0;0;0
28.11.2024;05:01;A 35;1;0;0;0;0;2;3;3;10;0;0;0;0;0;0;0;0;0;0;0;0;0;0;0;0;0;0;0;0;0;0;0;0
28.11.2024;05:00;A 35;1;0;0;0;0;0;0;0;0;0;0;0;0;0;0;0;22;0;0;0;0;0;0;0;0;0;0;0;0;0;0;0;0
28.11.2024;04:59;A 35;1;0;0;0;0;2;1;3;6;0;0;0;0;2;6;3;14;0;0;0;0;0;0;0;0;0;0;0;0;0;0;0;0
28.11.2024;04:58;A 35;1;0;0;0;0;3;13;4;14;0;0;0;0;0;0;0;0;0;0;0;0;0;0;0;0;0;0;0;0;0;0;0;0
28.11.2024;04:57;A 35;1;0;0;0;0;3;7;2;17;0;0;0;0;0;0;0;0;0;0;0;0;0;0;0;0;0;0;0;0;0;0;0;0
28.11.2024;04:56;A 35;1;0;0;0;0;1;1;1;3;0;0;0;0;0;0;0;0;0;0;0;0;0;0;0;0;0;0;0;0;0;0;0;0
28.11.2024;04:55;A 35;1;0;0;0;0;0;0;0;0;0;0;0;0;0;0;0;0;0;0;0;0;0;0;0;0;0;0;0;0;0;0;0;0
28.11.2024;04:54;A 35;1;0;0;0;0;1;1;2;5;1;0;0;0;0;0;0;0;0;0;0;0;0;0;0;0;0;0;0;0;0;0;0;0
28.11.2024;04:53;A 35;1;0;0;0;0;2;3;3;16;0;0;0;0;0;0;0;0;0;0;0;0;0;0;0;0;0;0;0;0;0;0;0;0
28.11.2024;04:52;A 35;1;0;0;0;0;2;10;1;16;0;0;0;0;0;0;0;0;0;0;0;0;0;0;0;0;0;0;0;0;0;0;0;0
28.11.2024;04:51;A 35;1;0;0;0;0;1;1;2;3;0;0;0;0;0;0;0;0;0;0;0;0;0;0;0;0;0;0;0;0;0;0;0;0
28.11.2024;04:50;A 35;1;0;0;0;0;2;2;4;4;0;0;0;0;0;0;0;0;0;0;0;0;0;0;0;0;0;0;0;0;0;0;0;0
28.11.2024;04:49;A 35;1;0;0;0;0;1;1;1;3;0;0;0;0;0;0;0;0;0;0;0;0;0;0;0;0;0;0;0;0;0;0;0;0
28.11.2024;04:48;A 35;1;0;0;0;0;0;0;0;0;0;0;0;0;1;1;1;5;0;0;0;0;0;0;0;0;0;0;0;0;0;0;0;0
28.11.2024;04:47;A 35;1;0;0;0;0;0;0;0;0;1;1;1;4;2;3;1;13;0;0;0;0;0;0;0;0;0;0;0;0;0;0;0;0
28.11.2024;04:46;A 35;1;0;0;0;0;0;0;0;0;0;0;0;0;0;0;0;0;0;0;0;0;0;0;0;0;0;0;0;0;0;0;0;0
28.11.2024;04:45;A 35;1;0;0;0;0;2;2;1;10;0;0;0;0;1;0;1;7;0;0;0;0;0;0;0;0;0;0;0;0;0;0;0;0
28.11.2024;04:44;A 35;1;0;0;0;0;1;1;1;5;0;0;0;0;0;0;0;0;0;0;0;0;0;0;0;0;0;0;0;0;0;0;0;0
28.11.2024;04:43;A 35;1;0;0;0;0;0;0;0;0;0;0;0;0;0;0;0;0;0;0;0;0;0;0;0;0;0;0;0;0;0;0;0;0
28.11.2024;04:42;A 35;1;0;0;0;0;3;12;4;17;0;0;0;0;0;0;0;0;0;0;0;0;0;0;0;0;0;0;0;0;0;0;0;0
28.11.2024;04:41;A 35;1;0;0;0;0;0;0;0;0;0;0;0;0;0;0;0;0;0;0;0;0;0;0;0;0;0;0;0;0;0;0;0;0
28.11.2024;04:40;A 35;1;0;0;0;0;1;1;2;3;0;0;0;0;0;0;0;0;0;0;0;0;0;0;0;0;0;0;0;0;0;0;0;0
28.11.2024;04:39;A 35;1;0;0;0;0;2;3;3;5;0;0;0;0;1;1;1;5;0;0;0;0;0;0;0;0;0;0;0;0;0;0;0;0
28.11.2024;04:38;A 35;1;0;0;0;0;1;0;1;4;0;0;0;0;0;0;0;0;0;0;0;0;0;0;0;0;0;0;0;0;0;0;0;0
28.11.2024;04:37;A 35;1;0;0;0;0;1;1;2;3;0;0;0;0;1;1;1;5;0;0;0;0;0;0;0;0;0;0;0;0;0;0;0;0
28.11.2024;04:36;A 35;1;0;0;0;0;1;3;2;2;0;0;0;0;0;0;0;0;0;0;0;0;0;0;0;0;0;0;0;0;0;0;0;0
28.11.2024;04:35;A 35;1;0;0;0;0;0;0;0;0;0;0;0;0;0;0;0;0;0;0;0;0;0;0;0;0;0;0;0;0;0;0;0;0
28.11.2024;04:34;A 35;1;0;0;0;0;2;3;3;10;0;0;0;0;1;1;1;5;0;0;0;0;0;0;0;0;0;0;0;0;0;0;0;0
28.11.2024;04:33;A 35;1;0;0;0;0;0;0;0;0;0;0;0;0;0;0;0;0;0;0;0;0;0;0;0;0;0;0;0;0;0;0;0;0
28.11.2024;04:32;A 35;1;0;0;0;0;1;1;2;3;0;0;0;0;0;0;0;0;0;0;0;0;0;0;0;0;0;0;0;0;0;0;0;0
28.11.2024;04:31;A 35;1;0;0;0;0;0;0;0;1;0;0;0;0;0;0;0;0;0;0;0;0;0;0;0;0;0;0;0;0;0;0;0;0
28.11.2024;04:30;A 35;1;0;0;0;0;3;5;4;18;0;0;0;0;0;0;0;0;0;0;0;0;0;0;0;0;0;0;0;0;0;0;0;0
28.11.2024;04:29;A 35;1;0;0;0;0;1;3;2;3;0;0;0;0;1;2;1;7;0;0;0;0;0;0;0;0;0;0;0;0;0;0;0;0
28.11.2024;04:28;A 35;1;0;0;0;0;0;0;0;0;0;0;0;0;0;0;0;0;0;0;0;0;0;0;0;0;0;0;0;0;0;0;0;0
28.11.2024;04:27;A 35;1;0;0;0;0;2;2;2;8;0;0;0;0;0;0;0;0;0;0;0;0;0;0;0;0;0;0;0;0;0;0;0;0
28.11.2024;04:26;A 35;1;0;0;0;0;0;0;0;0;0;0;0;0;0;0;0;0;0;0;0;0;0;0;0;0;0;0;0;0;0;0;0;0
28.11.2024;04:25;A 35;1;0;0;0;0;0;0;0;0;0;0;0;0;0;0;0;0;0;0;0;0;0;0;0;0;0;0;0;0;0;0;0;0
28.11.2024;04:24;A 35;1;0;0;0;0;0;0;0;0;0;0;0;0;0;0;0;0;0;0;0;0;0;0;0;0;0;0;0;0;0;0;0;0
28.11.2024;04:23;A 35;1;0;0;0;0;0;0;0;0;0;0;0;0;0;0;0;0;0;0;0;0;0;0;0;0;0;0;0;0;0;0;0;0
28.11.2024;04:22;A 35;1;0;0;0;0;0;0;0;0;0;0;0;0;0;0;0;0;0;0;0;0;0;0;0;0;0;0;0;0;0;0;0;0
28.11.2024;04:21;A 35;1;0;0;0;0;0;0;0;0;0;0;0;0;0;0;0;0;0;0;0;0;0;0;0;0;0;0;0;0;0;0;0;0
28.11.2024;04:20;A 35;1;0;0;0;0;2;4;4;12;0;0;0;0;0;0;0;0;0;0;0;0;0;0;0;0;0;0;0;0;0;0;0;0
28.11.2024;04:19;A 35;1;0;0;0;0;0;0;0;0;0;0;0;0;0;0;0;0;0;0;0;0;0;0;0;0;0;0;0;0;0;0;0;0
28.11.2024;04:18;A 35;1;0;0;0;0;1;0;1;3;0;0;0;0;0;0;0;0;0;0;0;0;0;0;0;0;0;0;0;0;0;0;0;0
28.11.2024;04:17;A 35;1;0;0;0;0;0;0;0;0;1;1;1;3;0;0;0;0;0;0;0;0;0;0;0;0;0;0;0;0;0;0;0;0
28.11.2024;04:16;A 35;1;0;0;0;0;0;0;0;0;0;0;0;0;0;0;0;0;0;0;0;0;0;0;0;0;0;0;0;0;0;0;0;0
28.11.2024;04:15;A 35;1;0;0;0;0;0;0;0;0;0;0;0;0;0;0;0;0;0;0;0;0;0;0;0;0;0;0;0;0;0;0;0;0
28.11.2024;04:14;A 35;1;0;0;0;0;0;0;0;0;0;0;0;0;0;0;0;0;0;0;0;0;0;0;0;0;0;0;0;0;0;0;0;0
28.11.2024;04:13;A 35;1;0;0;0;0;0;0;0;0;0;0;0;0;0;0;0;0;0;0;0;0;0;0;0;0;0;0;0;0;0;0;0;0
28.11.2024;04:12;A 35;1;0;0;0;0;3;14;4;22;0;0;0;0;0;0;0;0;0;0;0;0;0;0;0;0;0;0;0;0;0;0;0;0
28.11.2024;04:11;A 35;1;0;0;0;0;2;2;3;10;0;0;0;0;1;0;1;4;0;0;0;0;0;0;0;0;0;0;0;0;0;0;0;0
28.11.2024;04:10;A 35;1;0;0;0;0;1;1;1;2;0;0;0;0;0;0;0;0;0;0;0;0;0;0;0;0;0;0;0;0;0;0;0;0
28.11.2024;04:09;A 35;1;0;0;0;0;0;0;0;0;0;0;0;0;0;0;0;0;0;0;0;0;0;0;0;0;0;0;0;0;0;0;0;0
28.11.2024;04:08;A 35;1;0;0;0;0;0;0;0;0;0;0;0;0;0;0;0;0;0;0;0;0;0;0;0;0;0;0;0;0;0;0;0;0
28.11.2024;04:07;A 35;1;0;0;0;0;0;0;0;0;0;0;0;0;0;0;0;0;0;0;0;0;0;0;0;0;0;0;0;0;0;0;0;0
28.11.2024;04:06;A 35;1;0;0;0;0;2;7;5;18;0;0;0;0;0;0;0;0;0;0;0;0;0;0;0;0;0;0;0;0;0;0;0;0
28.11.2024;04:05;A 35;1;1;3;0;0;0;0;0;0;1;0;0;0;0;0;0;0;0;0;0;0;0;0;0;0;0;0;0;0;0;0;0;0
28.11.2024;04:04;A 35;1;1;0;0;0;0;0;0;0;0;0;0;0;0;0;0;0;0;0;0;0;0;0;0;0;0;0;0;0;0;0;0;0
28.11.2024;04:03;A 35;1;0;0;0;0;1;1;2;4;0;0;0;0;0;0;0;0;0;0;0;0;0;0;0;0;0;0;0;0;0;0;0;0
28.11.2024;04:02;A 35;1;0;0;0;0;0;0;0;0;0;0;0;0;0;0;0;0;0;0;0;0;0;0;0;0;0;0;0;0;0;0;0;0
28.11.2024;04:01;A 35;1;0;0;0;0;0;0;0;0;1;0;0;0;0;0;0;0;0;0;0;0;0;0;0;0;0;0;0;0;0;0;0;0
28.11.2024;04:00;A 35;1;0;0;0;0;1;1;1;2;0;0;0;0;1;1;1;5;0;0;0;0;0;0;0;0;0;0;0;0;0;0;0;0
28.11.2024;03:59;A 35;1;0;0;0;0;0;0;0;0;0;0;0;0;0;0;0;0;0;0;0;0;0;0;0;0;0;0;0;0;0;0;0;0
28.11.2024;03:58;A 35;1;0;0;0;0;0;0;0;0;1;1;1;4;0;0;0;0;0;0;0;0;0;0;0;0;0;0;0;0;0;0;0;0
28.11.2024;03:57;A 35;1;0;0;0;0;1;0;2;2;1;2;0;2;1;0;1;5;0;0;0;0;0;0;0;0;0;0;0;0;0;0;0;0
28.11.2024;03:56;A 35;1;0;0;0;0;0;0;0;0;0;0;1;0;0;0;0;0;0;0;0;0;0;0;0;0;0;0;0;0;0;0;0;0
28.11.2024;03:55;A 35;1;0;0;0;0;0;0;0;0;1;2;1;2;1;0;1;3;0;0;0;0;0;0;0;0;0;0;0;0;0;0;0;0
28.11.2024;03:54;A 35;1;0;0;0;0;0;0;0;0;0;0;0;0;1;0;1;4;0;0;0;0;0;0;0;0;0;0;0;0;0;0;0;0
28.11.2024;03:53;A 35;1;0;0;0;0;0;0;0;0;0;0;0;0;0;0;0;0;0;0;0;0;0;0;0;0;0;0;0;0;0;0;0;0
28.11.2024;03:52;A 35;1;0;0;0;0;1;0;1;1;0;0;0;0;0;0;0;0;0;0;0;0;0;0;0;0;0;0;0;0;0;0;0;0
28.11.2024;03:51;A 35;1;0;0;0;0;0;0;0;0;0;0;0;0;0;0;0;0;0;0;0;0;0;0;0;0;0;0;0;0;0;0;0;0
28.11.2024;03:50;A 35;1;0;0;0;0;0;0;0;0;0;0;0;0;0;0;0;0;0;0;0;0;0;0;0;0;0;0;0;0;0;0;0;0
28.11.2024;03:49;A 35;1;0;0;0;0;0;0;0;0;0;0;0;0;0;0;0;0;0;0;0;0;0;0;0;0;0;0;0;0;0;0;0;0
28.11.2024;03:48;A 35;1;0;0;0;0;1;1;2;4;0;0;0;0;0;0;0;0;0;0;0;0;0;0;0;0;0;0;0;0;0;0;0;0
28.11.2024;03:47;A 35;1;0;0;0;0;1;1;2;3;0;0;0;0;0;0;0;0;0;0;0;0;0;0;0;0;0;0;0;0;0;0;0;0
28.11.2024;03:46;A 35;1;0;0;0;0;0;0;0;0;0;0;0;0;0;0;0;0;0;0;0;0;0;0;0;0;0;0;0;0;0;0;0;0
28.11.2024;03:45;A 35;1;0;0;0;0;0;0;0;0;0;0;0;0;0;0;0;0;0;0;0;0;0;0;0;0;0;0;0;0;0;0;0;0
28.11.2024;03:44;A 35;1;0;0;0;0;1;1;2;5;0;0;0;0;0;0;0;0;0;0;0;0;0;0;0;0;0;0;0;0;0;0;0;0
28.11.2024;03:43;A 35;1;0;0;0;0;0;0;0;0;0;0;0;0;0;0;0;0;0;0;0;0;0;0;0;0;0;0;0;0;0;0;0;0
28.11.2024;03:42;A 35;1;0;0;0;0;0;0;0;0;0;0;0;0;0;0;1;1;0;0;0;0;0;0;0;0;0;0;0;0;0;0;0;0
28.11.2024;03:41;A 35;1;0;0;0;0;0;0;0;0;0;0;0;0;1;1;1;8;0;0;0;0;0;0;0;0;0;0;0;0;0;0;0;0
28.11.2024;03:40;A 35;1;0;0;0;0;0;0;0;0;0;0;0;0;0;0;0;0;0;0;0;0;0;0;0;0;0;0;0;0;0;0;0;0
28.11.2024;03:39;A 35;1;0;0;0;0;0;0;0;0;0;0;0;0;0;0;0;0;0;0;0;0;0;0;0;0;0;0;0;0;0;0;0;0
28.11.2024;03:38;A 35;1;0;0;0;0;0;0;0;0;0;0;0;0;0;0;0;0;0;0;0;0;0;0;0;0;0;0;0;0;0;0;0;0
28.11.2024;03:37;A 35;1;0;0;0;0;0;0;0;0;1;31;1;9;0;0;0;0;0;0;0;0;0;0;0;0;0;0;0;0;0;0;0;0
28.11.2024;03:36;A 35;1;0;0;0;0;0;0;0;0;0;0;0;0;0;0;0;0;0;0;0;0;0;0;0;0;0;0;0;0;0;0;0;0
28.11.2024;03:35;A 35;1;0;0;0;0;1;1;2;5;0;0;0;0;1;1;0;7;0;0;0;0;0;0;0;0;0;0;0;0;0;0;0;0
28.11.2024;03:34;A 35;1;0;0;0;0;0;0;0;0;0;0;0;0;0;0;1;1;0;0;0;0;0;0;0;0;0;0;0;0;0;0;0;0
28.11.2024;03:33;A 35;1;0;0;0;0;1;1;2;5;1;0;0;0;1;2;0;32;0;0;0;0;0;0;0;0;0;0;0;0;0;0;0;0
28.11.2024;03:32;A 35;1;0;0;0;0;0;0;0;0;0;0;0;0;2;3;1;16;0;0;0;0;0;0;0;0;0;0;0;0;0;0;0;0
28.11.2024;03:31;A 35;1;0;0;0;0;0;0;0;0;0;0;0;0;0;0;0;0;0;0;0;0;0;0;0;0;0;0;0;0;0;0;0;0
28.11.2024;03:30;A 35;1;0;0;0;0;1;1;2;4;0;0;0;0;0;0;0;0;0;0;0;0;0;0;0;0;0;0;0;0;0;0;0;0
28.11.2024;03:29;A 35;1;0;0;0;0;0;0;0;0;0;0;0;0;0;0;0;0;0;0;0;0;0;0;0;0;0;0;0;0;0;0;0;0
28.11.2024;03:28;A 35;1;0;0;0;0;0;0;0;0;0;0;0;0;0;0;0;0;0;0;0;0;0;0;0;0;0;0;0;0;0;0;0;0
28.11.2024;03:27;A 35;1;0;0;0;0;2;3;5;12;0;0;0;0;1;1;1;8;0;0;0;0;0;0;0;0;0;0;0;0;0;0;0;0
28.11.2024;03:26;A 35;1;0;0;0;0;0;0;0;0;0;0;0;0;0;0;0;0;0;0;0;0;0;0;0;0;0;0;0;0;0;0;0;0
28.11.2024;03:25;A 35;1;0;0;0;0;0;0;0;0;0;0;0;0;0;0;0;0;0;0;0;0;0;0;0;0;0;0;0;0;0;0;0;0
28.11.2024;03:24;A 35;1;0;0;0;0;0;0;0;0;1;4;1;8;1;1;1;5;0;0;0;0;0;0;0;0;0;0;0;0;0;0;0;0
28.11.2024;03:23;A 35;1;0;0;0;0;0;0;0;0;0;0;0;0;0;0;0;0;0;0;0;0;0;0;0;0;0;0;0;0;0;0;0;0
28.11.2024;03:22;A 35;1;0;0;0;0;0;0;0;0;0;0;0;0;0;0;0;0;0;0;0;0;0;0;0;0;0;0;0;0;0;0;0;0
28.11.2024;03:21;A 35;1;0;0;0;0;0;0;0;0;0;0;0;0;0;0;0;0;0;0;0;0;0;0;0;0;0;0;0;0;0;0;0;0
28.11.2024;03:20;A 35;1;0;0;0;0;0;0;0;0;1;1;1;3;0;0;0;0;0;0;0;0;0;0;0;0;0;0;0;0;0;0;0;0
28.11.2024;03:19;A 35;1;0;0;0;0;0;0;0;0;0;0;0;0;0;0;0;0;0;0;0;0;0;0;0;0;0;0;0;0;0;0;0;0
28.11.2024;03:18;A 35;1;0;0;0;0;1;0;2;2;0;0;0;0;0;0;0;0;0;0;0;0;0;0;0;0;0;0;0;0;0;0;0;0
28.11.2024;03:17;A 35;1;0;0;0;0;0;0;0;0;0;0;0;0;1;1;1;9;0;0;0;0;0;0;0;0;0;0;0;0;0;0;0;0
28.11.2024;03:16;A 35;1;0;0;0;0;0;0;0;0;0;0;0;0;0;0;0;0;0;0;0;0;0;0;0;0;0;0;0;0;0;0;0;0
28.11.2024;03:15;A 35;1;0;0;0;0;0;0;0;0;1;19;2;7;1;0;1;5;0;0;0;0;0;0;0;0;0;0;0;0;0;0;0;0
28.11.2024;03:14;A 35;1;0;0;0;0;0;0;0;0;0;0;0;0;0;0;0;0;0;0;0;0;0;0;0;0;0;0;0;0;0;0;0;0
28.11.2024;03:13;A 35;1;0;0;0;0;1;3;3;4;0;0;0;0;0;0;0;0;0;0;0;0;0;0;0;0;0;0;0;0;0;0;0;0
28.11.2024;03:12;A 35;1;0;0;0;0;0;0;0;0;0;0;0;0;1;0;1;6;0;0;0;0;0;0;0;0;0;0;0;0;0;0;0;0
28.11.2024;03:11;A 35;1;0;0;0;0;0;0;0;0;0;0;0;0;0;0;0;0;0;0;0;0;0;0;0;0;0;0;0;0;0;0;0;0
28.11.2024;03:10;A 35;1;0;0;0;0;0;0;0;0;0;0;0;0;0;0;0;0;0;0;0;0;0;0;0;0;0;0;0;0;0;0;0;0
28.11.2024;03:09;A 35;1;0;0;0;0;0;0;0;0;0;0;0;0;0;0;0;0;0;0;0;0;0;0;0;0;0;0;0;0;0;0;0;0
28.11.2024;03:08;A 35;1;0;0;0;0;0;0;0;0;0;0;0;0;1;1;1;7;0;0;0;0;0;0;0;0;0;0;0;0;0;0;0;0
28.11.2024;03:07;A 35;1;0;0;0;0;1;1;2;3;0;0;0;0;0;0;0;0;0;0;0;0;0;0;0;0;0;0;0;0;0;0;0;0
28.11.2024;03:06;A 35;1;0;0;0;0;1;1;2;3;0;0;0;0;1;0;1;5;0;0;0;0;0;0;0;0;0;0;0;0;0;0;0;0
28.11.2024;03:05;A 35;1;0;0;0;0;0;0;0;0;0;0;0;0;0;0;0;0;0;0;0;0;0;0;0;0;0;0;0;0;0;0;0;0
28.11.2024;03:04;A 35;1;0;0;0;0;2;1;4;3;0;0;0;0;1;0;1;6;0;0;0;0;0;0;0;0;0;0;0;0;0;0;0;0
28.11.2024;03:03;A 35;1;0;0;0;0;0;0;0;0;0;0;0;0;0;0;0;0;0;0;0;0;0;0;0;0;0;0;0;0;0;0;0;0
28.11.2024;03:02;A 35;1;0;0;0;0;0;0;0;0;0;0;0;0;0;0;0;0;0;0;0;0;0;0;0;0;0;0;0;0;0;0;0;0
28.11.2024;03:01;A 35;1;1;36;1;6;0;0;0;0;0;0;0;0;0;0;0;0;0;0;0;0;0;0;0;0;0;0;0;0;0;0;0;0
28.11.2024;03:00;A 35;1;0;0;0;0;2;2;3;9;0;0;0;0;2;3;1;17;0;0;0;0;0;0;0;0;0;0;0;0;0;0;0;0
28.11.2024;02:59;A 35;1;0;0;0;0;0;0;0;0;0;0;0;0;0;0;0;0;0;0;0;0;0;0;0;0;0;0;0;0;0;0;0;0
28.11.2024;02:58;A 35;1;0;0;0;0;0;0;0;0;0;0;0;0;1;1;1;10;0;0;0;0;0;0;0;0;0;0;0;0;0;0;0;0
28.11.2024;02:57;A 35;1;0;0;0;0;0;0;0;0;0;0;0;0;0;0;0;0;0;0;0;0;0;0;0;0;0;0;0;0;0;0;0;0
28.11.2024;02:56;A 35;1;0;0;0;0;0;0;0;0;0;0;0;0;0;0;0;0;0;0;0;0;0;0;0;0;0;0;0;0;0;0;0;0
28.11.2024;02:55;A 35;1;0;0;0;0;0;0;0;0;0;0;0;0;0;0;0;0;0;0;0;0;0;0;0;0;0;0;0;0;0;0;0;0
28.11.2024;02:54;A 35;1;0;0;0;0;1;2;2;3;0;0;0;0;0;0;0;0;0;0;0;0;0;0;0;0;0;0;0;0;0;0;0;0
28.11.2024;02:53;A 35;1;0;0;0;0;0;0;0;0;0;0;0;0;0;0;0;0;0;0;0;0;0;0;0;0;0;0;0;0;0;0;0;0
28.11.2024;02:52;A 35;1;0;0;0;0;1;1;2;6;0;0;0;0;0;0;0;0;0;0;0;0;0;0;0;0;0;0;0;0;0;0;0;0
28.11.2024;02:51;A 35;1;0;0;0;0;1;1;1;3;0;0;0;0;1;1;1;6;0;0;0;0;0;0;0;0;0;0;0;0;0;0;0;0
28.11.2024;02:50;A 35;1;0;0;0;0;0;0;0;0;0;0;0;0;0;0;0;0;0;0;0;0;0;0;0;0;0;0;0;0;0;0;0;0
28.11.2024;02:49;A 35;1;0;0;0;0;0;0;0;0;0;0;0;0;0;0;0;0;0;0;0;0;0;0;0;0;0;0;0;0;0;0;0;0
28.11.2024;02:48;A 35;1;0;0;0;0;0;0;0;0;0;0;0;0;0;0;0;0;0;0;0;0;0;0;0;0;0;0;0;0;0;0;0;0
28.11.2024;02:47;A 35;1;0;0;0;0;1;1;3;6;0;0;0;0;1;1;1;10;0;0;0;0;0;0;0;0;0;0;0;0;0;0;0;0
28.11.2024;02:46;A 35;1;0;0;0;0;0;0;0;0;0;0;0;0;1;4;1;13;0;0;0;0;0;0;0;0;0;0;0;0;0;0;0;0
28.11.2024;02:45;A 35;1;0;0;0;0;0;0;0;0;0;0;0;0;0;0;0;0;0;0;0;0;0;0;0;0;0;0;0;0;0;0;0;0
28.11.2024;02:44;A 35;1;0;0;0;0;0;0;0;0;0;0;0;0;0;0;0;0;0;0;0;0;0;0;0;0;0;0;0;0;0;0;0;0
28.11.2024;02:43;A 35;1;0;0;0;0;1;1;2;4;0;0;0;0;0;0;0;0;0;0;0;0;0;0;0;0;0;0;0;0;0;0;0;0
28.11.2024;02:42;A 35;1;0;0;0;0;0;0;0;0;0;0;0;0;0;0;0;0;0;0;0;0;0;0;0;0;0;0;0;0;0;0;0;0
28.11.2024;02:41;A 35;1;0;0;0;0;0;0;0;0;0;0;0;0;0;0;0;0;0;0;0;0;0;0;0;0;0;0;0;0;0;0;0;0
28.11.2024;02:40;A 35;1;0;0;0;0;1;0;1;3;0;0;0;0;0;0;0;0;0;0;0;0;0;0;0;0;0;0;0;0;0;0;0;0
28.11.2024;02:39;A 35;1;0;2;1;6;0;0;0;0;0;0;0;0;0;0;0;0;0;0;0;0;0;0;0;0;0;0;0;0;0;0;0;0
28.11.2024;02:38;A 35;1;1;7;0;0;0;0;0;0;0;0;0;0;0;0;0;0;0;0;0;0;0;0;0;0;0;0;0;0;0;0;0;0
28.11.2024;02:37;A 35;1;0;0;0;0;0;0;0;0;0;0;0;0;0;0;0;0;0;0;0;0;0;0;0;0;0;0;0;0;0;0;0;0
28.11.2024;02:36;A 35;1;0;0;0;0;0;0;0;0;0;0;0;0;0;0;0;0;0;0;0;0;0;0;0;0;0;0;0;0;0;0;0;0
28.11.2024;02:35;A 35;1;0;0;0;0;0;0;0;0;0;0;0;0;0;0;0;0;0;0;0;0;0;0;0;0;0;0;0;0;0;0;0;0
28.11.2024;02:34;A 35;1;0;0;0;0;0;0;0;0;0;0;0;0;0;0;0;0;0;0;0;0;0;0;0;0;0;0;0;0;0;0;0;0
28.11.2024;02:33;A 35;1;0;0;0;0;0;0;0;0;0;0;0;0;2;2;1;12;0;0;0;0;0;0;0;0;0;0;0;0;0;0;0;0
28.11.2024;02:32;A 35;1;0;0;0;0;0;0;0;0;0;0;0;0;2;2;1;14;0;0;0;0;0;0;0;0;0;0;0;0;0;0;0;0
28.11.2024;02:31;A 35;1;0;0;0;0;0;0;0;0;0;0;0;0;0;0;1;6;0;0;0;0;0;0;0;0;0;0;0;0;0;0;0;0
28.11.2024;02:30;A 35;1;0;0;0;0;0;0;0;0;0;0;0;0;1;0;1;4;0;0;0;0;0;0;0;0;0;0;0;0;0;0;0;0
28.11.2024;02:29;A 35;1;0;0;0;0;1;0;1;3;0;0;0;0;0;0;0;0;0;0;0;0;0;0;0;0;0;0;0;0;0;0;0;0
28.11.2024;02:28;A 35;1;0;0;0;0;0;0;0;0;0;0;0;0;0;0;0;0;0;0;0;0;0;0;0;0;0;0;0;0;0;0;0;0
28.11.2024;02:27;A 35;1;0;0;0;0;1;0;1;3;0;0;0;0;0;0;0;0;0;0;0;0;0;0;0;0;0;0;0;0;0;0;0;0
28.11.2024;02:26;A 35;1;0;0;0;0;0;0;0;0;0;0;0;0;0;0;0;0;0;0;0;0;0;0;0;0;0;0;0;0;0;0;0;0
28.11.2024;02:25;A 35;1;0;0;0;0;0;0;0;0;0;0;0;0;0;0;0;0;0;0;0;0;0;0;0;0;0;0;0;0;0;0;0;0
28.11.2024;02:24;A 35;1;0;0;0;0;1;1;2;5;0;0;0;0;0;0;0;0;0;0;0;0;0;0;0;0;0;0;0;0;0;0;0;0
28.11.2024;02:23;A 35;1;0;0;0;0;1;0;1;4;0;0;0;0;0;0;0;0;0;0;0;0;0;0;0;0;0;0;0;0;0;0;0;0
28.11.2024;02:22;A 35;1;0;0;0;0;0;0;0;0;0;0;0;0;0;0;0;0;0;0;0;0;0;0;0;0;0;0;0;0;0;0;0;0
28.11.2024;02:21;A 35;1;0;0;0;0;0;0;0;0;0;0;0;0;1;1;1;11;0;0;0;0;0;0;0;0;0;0;0;0;0;0;0;0
28.11.2024;02:20;A 35;1;0;0;0;0;2;1;2;6;0;0;0;0;0;0;0;0;0;0;0;0;0;0;0;0;0;0;0;0;0;0;0;0
28.11.2024;02:19;A 35;1;0;0;0;0;1;1;1;5;0;0;0;0;0;0;0;0;0;0;0;0;0;0;0;0;0;0;0;0;0;0;0;0
28.11.2024;02:18;A 35;1;0;0;0;0;1;0;2;3;0;0;0;0;0;0;0;0;0;0;0;0;0;0;0;0;0;0;0;0;0;0;0;0
28.11.2024;02:17;A 35;1;0;0;0;0;0;0;0;0;0;0;0;0;0;0;0;0;0;0;0;0;0;0;0;0;0;0;0;0;0;0;0;0
28.11.2024;02:16;A 35;1;0;0;0;0;0;0;0;0;0;0;0;0;1;2;2;11;0;0;0;0;0;0;0;0;0;0;0;0;0;0;0;0
28.11.2024;02:15;A 35;1;0;0;0;0;0;0;0;0;0;0;0;0;0;0;0;0;0;0;0;0;0;0;0;0;0;0;0;0;0;0;0;0
28.11.2024;02:14;A 35;1;0;0;0;0;0;0;0;0;0;0;0;0;0;0;0;2;0;0;0;0;0;0;0;0;0;0;0;0;0;0;0;0
28.11.2024;02:13;A 35;1;0;0;0;0;0;0;0;0;0;0;0;0;1;0;1;6;0;0;0;0;0;0;0;0;0;0;0;0;0;0;0;0
28.11.2024;02:12;A 35;1;0;0;0;0;0;0;0;0;0;0;0;0;1;1;1;6;0;0;0;0;0;0;0;0;0;0;0;0;0;0;0;0
28.11.2024;02:11;A 35;1;0;0;0;0;0;0;0;0;0;0;0;0;0;0;0;0;0;0;0;0;0;0;0;0;0;0;0;0;0;0;0;0
28.11.2024;02:10;A 35;1;0;0;0;0;0;0;0;0;0;0;0;0;0;0;0;0;0;0;0;0;0;0;0;0;0;0;0;0;0;0;0;0
28.11.2024;02:09;A 35;1;0;0;0;0;0;0;0;0;0;0;0;0;0;0;0;0;0;0;0;0;0;0;0;0;0;0;0;0;0;0;0;0
28.11.2024;02:08;A 35;1;0;0;0;0;0;0;0;0;0;0;0;0;1;0;1;7;0;0;0;0;0;0;0;0;0;0;0;0;0;0;0;0
28.11.2024;02:07;A 35;1;0;0;0;0;0;0;0;0;0;0;0;0;0;0;0;0;0;0;0;0;0;0;0;0;0;0;0;0;0;0;0;0
28.11.2024;02:06;A 35;1;0;0;0;0;2;3;2;16;0;0;0;0;0;0;0;0;0;0;0;0;0;0;0;0;0;0;0;0;0;0;0;0
28.11.2024;02:05;A 35;1;0;0;0;0;1;1;1;5;0;0;0;0;0;0;0;0;0;0;0;0;0;0;0;0;0;0;0;0;0;0;0;0
28.11.2024;02:04;A 35;1;0;0;0;0;1;1;1;4;0;0;0;0;0;0;0;0;0;0;0;0;0;0;0;0;0;0;0;0;0;0;0;0
28.11.2024;02:03;A 35;1;0;0;0;0;1;5;2;8;0;0;0;0;1;1;1;9;0;0;0;0;0;0;0;0;0;0;0;0;0;0;0;0
28.11.2024;02:02;A 35;1;0;0;0;0;0;0;0;0;0;0;0;0;0;0;0;0;0;0;0;0;0;0;0;0;0;0;0;0;0;0;0;0
28.11.2024;02:01;A 35;1;0;0;0;0;1;0;1;4;0;0;0;0;1;1;1;7;0;0;0;0;0;0;0;0;0;0;0;0;0;0;0;0
28.11.2024;02:00;A 35;1;0;0;0;0;1;2;1;9;0;9;0;0;0;0;0;0;0;0;0;0;0;0;0;0;0;0;0;0;0;0;0;0
28.11.2024;01:59;A 35;1;0;0;0;0;0;0;0;0;1;25;1;6;0;0;0;0;0;0;0;0;0;0;0;0;0;0;0;0;0;0;0;0
28.11.2024;01:58;A 35;1;0;0;0;0;0;0;0;0;0;0;0;0;0;0;0;0;0;0;0;0;0;0;0;0;0;0;0;0;0;0;0;0
28.11.2024;01:57;A 35;1;0;0;0;0;0;0;0;0;1;0;0;0;1;1;1;15;0;0;0;0;0;0;0;0;0;0;0;0;0;0;0;0
28.11.2024;01:56;A 35;1;0;0;0;0;1;1;2;3;0;0;0;0;1;0;1;5;0;0;0;0;0;0;0;0;0;0;0;0;0;0;0;0
28.11.2024;01:55;A 35;1;0;0;0;0;1;1;0;4;0;0;0;0;0;0;0;0;0;0;0;0;0;0;0;0;0;0;0;0;0;0;0;0
28.11.2024;01:54;A 35;1;0;0;0;0;0;0;1;0;0;0;0;0;0;0;0;0;0;0;0;0;0;0;0;0;0;0;0;0;0;0;0;0
28.11.2024;01:53;A 35;1;0;0;0;0;0;0;0;0;0;0;0;0;1;1;2;9;0;0;0;0;0;0;0;0;0;0;0;0;0;0;0;0
28.11.2024;01:52;A 35;1;0;0;0;0;1;2;2;5;0;0;0;0;0;0;0;0;0;0;0;0;0;0;0;0;0;0;0;0;0;0;0;0
28.11.2024;01:51;A 35;1;0;0;0;0;0;0;0;0;0;0;0;0;0;0;0;0;0;0;0;0;0;0;0;0;0;0;0;0;0;0;0;0
28.11.2024;01:50;A 35;1;0;0;0;0;0;0;0;0;0;0;0;0;0;0;0;0;0;0;0;0;0;0;0;0;0;0;0;0;0;0;0;0
28.11.2024;01:49;A 35;1;0;0;0;0;0;0;0;0;0;0;0;0;1;0;1;6;0;0;0;0;0;0;0;0;0;0;0;0;0;0;0;0
28.11.2024;01:48;A 35;1;0;0;0;0;0;0;0;0;0;0;0;0;1;1;1;10;0;0;0;0;0;0;0;0;0;0;0;0;0;0;0;0
28.11.2024;01:47;A 35;1;0;0;0;0;0;0;0;0;0;0;0;0;1;1;1;8;0;0;0;0;0;0;0;0;0;0;0;0;0;0;0;0
28.11.2024;01:46;A 35;1;0;0;0;0;0;0;0;0;0;0;0;0;0;0;0;0;0;0;0;0;0;0;0;0;0;0;0;0;0;0;0;0
28.11.2024;01:45;A 35;1;0;0;0;0;0;0;0;0;0;0;0;0;0;0;0;0;0;0;0;0;0;0;0;0;0;0;0;0;0;0;0;0
28.11.2024;01:44;A 35;1;0;0;0;0;0;0;0;0;0;0;0;0;0;0;0;0;0;0;0;0;0;0;0;0;0;0;0;0;0;0;0;0
28.11.2024;01:43;A 35;1;0;0;0;0;1;1;1;5;0;0;0;0;0;0;0;0;0;0;0;0;0;0;0;0;0;0;0;0;0;0;0;0
28.11.2024;01:42;A 35;1;0;0;0;0;0;0;0;0;0;0;0;0;1;1;1;13;0;0;0;0;0;0;0;0;0;0;0;0;0;0;0;0
28.11.2024;01:41;A 35;1;0;0;0;0;0;0;0;0;0;0;0;0;0;0;0;0;0;0;0;0;0;0;0;0;0;0;0;0;0;0;0;0
28.11.2024;01:40;A 35;1;0;0;0;0;1;1;1;6;0;0;0;0;0;0;0;0;0;0;0;0;0;0;0;0;0;0;0;0;0;0;0;0
28.11.2024;01:39;A 35;1;0;0;0;0;0;0;0;0;0;0;0;0;1;0;1;8;0;0;0;0;0;0;0;0;0;0;0;0;0;0;0;0
28.11.2024;01:38;A 35;1;0;0;0;0;0;0;0;0;0;0;0;0;0;0;0;0;0;0;0;0;0;0;0;0;0;0;0;0;0;0;0;0
28.11.2024;01:37;A 35;1;0;0;0;0;0;0;0;0;0;0;0;0;0;0;0;0;0;0;0;0;0;0;0;0;0;0;0;0;0;0;0;0
28.11.2024;01:36;A 35;1;0;0;0;0;0;0;0;0;0;0;0;0;1;1;1;9;0;0;0;0;0;0;0;0;0;0;0;0;0;0;0;0
28.11.2024;01:35;A 35;1;0;0;0;0;0;0;0;0;0;0;0;0;1;2;1;16;0;0;0;0;0;0;0;0;0;0;0;0;0;0;0;0
28.11.2024;01:34;A 35;1;0;0;0;0;0;0;0;0;0;0;0;0;1;1;1;12;0;0;0;0;0;0;0;0;0;0;0;0;0;0;0;0
28.11.2024;01:33;A 35;1;0;0;0;0;0;0;0;0;0;0;0;0;0;0;0;0;0;0;0;0;0;0;0;0;0;0;0;0;0;0;0;0
28.11.2024;01:32;A 35;1;0;0;0;0;0;0;0;0;0;0;0;0;0;0;0;0;0;0;0;0;0;0;0;0;0;0;0;0;0;0;0;0
28.11.2024;01:31;A 35;1;0;0;0;0;0;0;0;0;0;0;0;0;1;1;1;10;0;0;0;0;0;0;0;0;0;0;0;0;0;0;0;0
28.11.2024;01:30;A 35;1;0;0;0;0;0;0;0;0;0;0;0;0;0;0;0;0;0;0;0;0;0;0;0;0;0;0;0;0;0;0;0;0
28.11.2024;01:29;A 35;1;0;0;0;0;0;0;0;0;0;0;0;0;0;0;0;0;0;0;0;0;0;0;0;0;0;0;0;0;0;0;0;0
28.11.2024;01:28;A 35;1;0;0;0;0;0;0;0;0;0;0;0;0;0;0;0;0;0;0;0;0;0;0;0;0;0;0;0;0;0;0;0;0
28.11.2024;01:27;A 35;1;0;0;0;0;0;0;0;0;0;0;0;0;0;0;0;0;0;0;0;0;0;0;0;0;0;0;0;0;0;0;0;0
28.11.2024;01:26;A 35;1;0;0;0;0;1;0;1;3;0;0;0;0;0;0;0;0;0;0;0;0;0;0;0;0;0;0;0;0;0;0;0;0
28.11.2024;01:25;A 35;1;0;0;0;0;0;0;0;0;0;0;0;0;0;0;0;0;0;0;0;0;0;0;0;0;0;0;0;0;0;0;0;0
28.11.2024;01:24;A 35;1;0;0;0;0;0;0;0;0;0;0;0;0;0;0;0;0;0;0;0;0;0;0;0;0;0;0;0;0;0;0;0;0
28.11.2024;01:23;A 35;1;0;0;0;0;0;0;0;0;0;0;0;0;0;0;0;0;0;0;0;0;0;0;0;0;0;0;0;0;0;0;0;0
28.11.2024;01:22;A 35;1;0;0;0;0;1;1;1;5;0;0;0;0;1;1;1;10;0;0;0;0;0;0;0;0;0;0;0;0;0;0;0;0
28.11.2024;01:21;A 35;1;0;0;0;0;0;0;0;0;0;0;0;0;1;2;1;10;0;0;0;0;0;0;0;0;0;0;0;0;0;0;0;0
28.11.2024;01:20;A 35;1;0;0;0;0;1;1;1;7;0;0;0;0;1;0;1;6;0;0;0;0;0;0;0;0;0;0;0;0;0;0;0;0
28.11.2024;01:19;A 35;1;0;0;0;0;0;0;0;0;0;0;0;0;0;0;0;0;0;0;0;0;0;0;0;0;0;0;0;0;0;0;0;0
28.11.2024;01:18;A 35;1;0;0;0;0;0;0;0;0;0;0;0;0;0;0;0;0;0;0;0;0;0;0;0;0;0;0;0;0;0;0;0;0
28.11.2024;01:17;A 35;1;0;0;0;0;3;6;2;29;0;0;0;0;0;0;0;0;0;0;0;0;0;0;0;0;0;0;0;0;0;0;0;0
28.11.2024;01:16;A 35;1;0;0;0;0;1;1;1;6;0;0;0;0;0;0;0;0;0;0;0;0;0;0;0;0;0;0;0;0;0;0;0;0
28.11.2024;01:15;A 35;1;0;0;0;0;0;0;0;0;0;0;0;0;0;0;0;0;0;0;0;0;0;0;0;0;0;0;0;0;0;0;0;0
28.11.2024;01:14;A 35;1;0;0;0;0;0;0;0;0;0;0;0;0;0;0;0;0;0;0;0;0;0;0;0;0;0;0;0;0;0;0;0;0
28.11.2024;01:13;A 35;1;0;0;0;0;0;0;0;0;0;0;0;0;0;0;0;0;0;0;0;0;0;0;0;0;0;0;0;0;0;0;0;0
28.11.2024;01:12;A 35;1;0;0;0;0;0;0;0;0;0;0;0;0;0;0;0;0;0;0;0;0;0;0;0;0;0;0;0;0;0;0;0;0
28.11.2024;01:11;A 35;1;0;0;0;0;0;0;0;0;0;0;0;0;1;1;1;12;0;0;0;0;0;0;0;0;0;0;0;0;0;0;0;0
28.11.2024;01:10;A 35;1;0;0;0;0;0;0;0;0;0;0;0;0;0;0;0;0;0;0;0;0;0;0;0;0;0;0;0;0;0;0;0;0
28.11.2024;01:09;A 35;1;0;0;0;0;0;0;0;0;0;0;0;0;0;0;0;0;0;0;0;0;0;0;0;0;0;0;0;0;0;0;0;0
28.11.2024;01:08;A 35;1;0;0;0;0;1;2;2;7;0;0;0;0;1;1;1;11;0;0;0;0;0;0;0;0;0;0;0;0;0;0;0;0
28.11.2024;01:07;A 35;1;0;0;0;0;1;1;1;7;0;0;0;0;0;0;0;0;0;0;0;0;0;0;0;0;0;0;0;0;0;0;0;0
28.11.2024;01:06;A 35;1;0;0;0;0;1;0;1;2;0;0;0;0;1;1;1;9;0;0;0;0;0;0;0;0;0;0;0;0;0;0;0;0
28.11.2024;01:05;A 35;1;0;0;0;0;2;4;1;45;0;0;0;0;0;0;0;0;0;0;0;0;0;0;0;0;0;0;0;0;0;0;0;0
28.11.2024;01:04;A 35;1;0;0;0;0;0;0;0;0;0;0;0;0;0;0;0;0;0;0;0;0;0;0;0;0;0;0;0;0;0;0;0;0
28.11.2024;01:03;A 35;1;0;0;0;0;1;1;1;4;0;0;0;0;2;1;1;13;0;0;0;0;0;0;0;0;0;0;0;0;0;0;0;0
28.11.2024;01:02;A 35;1;0;0;0;0;0;0;0;0;0;0;0;0;1;0;2;11;0;0;0;0;0;0;0;0;0;0;0;0;0;0;0;0
28.11.2024;01:01;A 35;1;0;0;0;0;0;0;0;0;0;0;0;0;1;1;1;16;0;0;0;0;0;0;0;0;0;0;0;0;0;0;0;0
28.11.2024;01:00;A 35;1;0;0;0;0;0;0;0;0;0;0;0;0;1;0;1;8;0;0;0;0;0;0;0;0;0;0;0;0;0;0;0;0
