Datum;Uhrzeit;Bezeichnung;Intervall;D21Z;D21B;D22Z;D22B;D41Z;D41B;D42Z;D42B;H75_M1_736Z;H75_M1_736B;AH75/HH81_M2_7XZ;AH75/HH81_M2_7XB;AD75/HD81_M2_7XZ;AD75/HD81_M2_7XB;AH81_M4_738Z;AH81_M4_738B;AH81_M5_769Z;AH81_M5_769B;AD81_M5_769Z;AD81_M5_769B;AH75_M7_770Z;AH75_M7_770B;T1_T2Z;T1_T2B;T5_T6Z;T5_T6B;T7_T8Z;T7_T8B;T11_T12Z;T11_T12B
29.11.2024;01:00;A  7;1;3;2;1;1;0;0;0;0;0;0;0;0;0;0;0;0;0;0;0;0;0;0;0;0;0;0;0;0;0;0
29.11.2024;00:59;A  7;1;2;1;1;1;0;0;0;0;0;0;0;0;0;0;0;0;0;0;0;0;0;0;0;0;0;0;0;0;0;0
29.11.2024;00:58;A  7;1;0;0;0;0;2;2;0;0;0;0;0;0;0;0;0;0;0;0;0;0;0;0;0;0;0;0;0;0;0;0
29.11.2024;00:57;A  7;1;0;0;0;0;0;0;0;0;0;0;0;0;0;0;0;0;0;0;0;0;0;0;0;0;0;0;0;0;0;0
29.11.2024;00:56;A  7;1;0;0;0;0;0;0;0;0;0;0;0;0;0;0;0;0;0;0;0;0;0;0;0;0;0;0;0;0;0;0
29.11.2024;00:55;A  7;1;2;3;0;0;0;0;0;0;0;0;0;0;0;0;0;0;0;0;0;0;1;2;0;0;0;0;0;0;0;0
29.11.2024;00:54;A  7;1;0;0;0;0;0;0;0;0;0;0;0;0;0;0;0;0;1;2;0;0;0;0;0;0;0;0;0;0;0;0
29.11.2024;00:53;A  7;1;0;0;0;0;0;0;0;0;0;0;0;0;0;0;0;0;0;0;0;0;0;0;0;0;0;0;0;0;0;0
29.11.2024;00:52;A  7;1;0;0;0;0;0;0;0;0;0;0;0;0;0;0;0;0;0;0;0;0;0;0;0;0;0;0;0;0;0;0
29.11.2024;00:51;A  7;1;2;1;1;1;2;1;0;0;0;0;0;0;0;0;0;0;0;0;0;0;0;0;0;0;0;0;0;0;0;0
29.11.2024;00:50;A  7;1;0;0;0;0;1;1;0;0;0;0;0;0;0;0;1;2;0;0;0;0;0;0;0;0;0;0;0;0;0;0
29.11.2024;00:49;A  7;1;1;1;0;0;0;0;0;0;1;2;1;2;0;0;0;0;0;0;0;0;0;0;0;0;0;0;0;0;0;0
29.11.2024;00:48;A  7;1;1;1;0;0;0;0;0;0;0;0;0;0;0;0;0;0;0;0;0;0;0;0;0;0;0;0;0;0;0;0
29.11.2024;00:47;A  7;1;0;0;1;1;2;1;1;1;0;0;0;0;0;0;0;0;0;0;0;0;0;0;0;0;0;0;0;0;0;0
29.11.2024;00:46;A  7;1;0;0;0;0;0;0;0;0;0;0;0;0;0;0;0;0;1;2;0;0;1;2;0;0;0;0;0;0;0;0
29.11.2024;00:45;A  7;1;0;0;0;0;0;0;1;1;0;0;0;0;0;0;0;0;0;0;0;0;0;0;0;0;0;0;0;0;0;0
29.11.2024;00:44;A  7;1;1;1;1;0;1;1;0;0;0;0;0;0;0;0;0;0;0;0;0;0;0;0;0;0;0;0;0;0;0;0
29.11.2024;00:43;A  7;1;0;0;0;0;0;0;1;1;0;0;0;0;0;0;0;0;0;0;0;0;0;0;0;0;0;0;0;0;0;0
29.11.2024;00:42;A  7;1;0;0;0;0;1;1;1;1;0;0;0;0;0;0;0;0;1;2;0;0;1;2;0;0;0;0;0;0;0;0
29.11.2024;00:41;A  7;1;1;1;0;0;0;0;0;0;0;0;0;0;0;0;0;0;0;0;0;0;1;2;0;0;0;0;0;0;0;0
29.11.2024;00:40;A  7;1;0;0;0;0;2;2;0;0;0;0;0;0;0;0;0;0;2;3;0;0;1;2;0;0;0;0;0;0;0;0
29.11.2024;00:39;A  7;1;2;1;0;0;1;1;0;0;0;0;0;0;0;0;0;0;0;0;0;0;0;0;0;0;0;0;0;0;0;0
29.11.2024;00:38;A  7;1;1;1;0;0;0;0;0;0;0;0;0;0;0;0;1;2;0;0;0;0;0;0;0;0;0;0;0;0;0;0
29.11.2024;00:37;A  7;1;0;0;0;0;0;0;0;0;1;2;1;2;0;0;0;0;0;0;0;0;0;0;0;0;0;0;0;0;0;0
29.11.2024;00:36;A  7;1;1;1;0;0;2;1;0;0;0;0;0;0;0;0;0;0;0;0;0;0;0;0;0;0;0;0;0;0;0;0
29.11.2024;00:35;A  7;1;0;0;0;0;0;0;0;0;0;0;0;0;0;0;0;0;0;0;0;0;0;0;0;0;0;0;0;0;0;0
29.11.2024;00:34;A  7;1;1;1;0;0;0;0;0;0;0;0;0;0;0;0;0;0;0;0;0;0;0;0;0;0;0;0;0;0;0;0
29.11.2024;00:33;A  7;1;2;2;0;0;0;0;0;0;0;0;0;0;0;0;0;0;0;0;0;0;0;0;0;0;0;0;0;0;0;0
29.11.2024;00:32;A  7;1;0;0;0;0;0;0;2;1;0;0;0;0;0;0;0;0;0;0;0;0;0;0;0;0;0;0;0;0;0;0
29.11.2024;00:31;A  7;1;0;0;0;0;0;0;0;0;0;0;0;0;0;0;0;0;0;0;0;0;0;0;0;0;0;0;0;0;0;0
29.11.2024;00:30;A  7;1;0;0;0;0;0;0;0;0;0;0;0;0;0;0;0;0;0;0;0;0;0;0;0;0;0;0;0;0;0;0
29.11.2024;00:29;A  7;1;0;0;1;1;0;0;0;0;0;0;0;0;0;0;0;0;0;0;0;0;0;0;0;0;0;0;0;0;0;0
29.11.2024;00:28;A  7;1;3;3;0;0;0;0;0;0;0;0;0;0;0;0;0;0;0;0;0;0;0;0;0;0;0;0;0;0;0;0
29.11.2024;00:27;A  7;1;2;2;0;0;0;0;1;0;0;0;0;0;0;0;0;0;0;0;0;0;0;0;0;0;0;0;0;0;0;0
29.11.2024;00:26;A  7;1;1;1;0;0;0;0;0;0;0;0;0;0;0;0;0;0;0;0;0;0;0;0;0;0;0;0;0;0;0;0
29.11.2024;00:25;A  7;1;0;0;0;0;0;0;1;1;0;0;0;0;0;0;0;0;0;0;0;0;0;0;0;0;0;0;0;0;0;0
29.11.2024;00:24;A  7;1;0;0;0;0;1;1;0;0;0;0;0;0;0;0;0;0;0;0;0;0;0;0;0;0;0;0;0;0;0;0
29.11.2024;00:23;A  7;1;1;1;0;0;1;1;0;0;0;0;0;0;0;0;0;0;0;0;0;0;0;0;0;0;0;0;0;0;0;0
29.11.2024;00:22;A  7;1;0;0;0;0;0;0;0;0;0;0;0;0;0;0;0;0;0;0;0;0;0;0;0;0;0;0;0;0;0;0
29.11.2024;00:21;A  7;1;0;0;0;0;1;1;0;0;0;0;0;0;0;0;1;2;0;0;0;0;0;0;0;0;0;0;0;0;0;0
29.11.2024;00:20;A  7;1;0;0;1;1;0;0;0;0;2;3;2;3;0;0;1;2;0;0;0;0;0;0;0;0;0;0;0;0;0;0
29.11.2024;00:19;A  7;1;1;1;0;0;0;0;0;0;1;2;0;0;0;0;0;0;0;0;0;0;0;0;0;0;0;0;0;0;0;0
29.11.2024;00:18;A  7;1;3;4;1;1;0;0;1;1;0;0;0;0;0;0;0;0;0;0;0;0;0;0;0;0;0;0;0;0;0;0
29.11.2024;00:17;A  7;1;2;3;0;0;1;1;0;0;0;0;0;0;0;0;0;0;0;0;0;0;0;0;0;0;0;0;0;0;0;0
29.11.2024;00:16;A  7;1;0;0;0;0;0;0;0;0;0;0;0;0;0;0;0;0;0;0;0;0;1;2;0;0;0;0;0;0;0;0
29.11.2024;00:15;A  7;1;2;1;1;1;0;0;0;0;0;0;0;0;0;0;0;0;1;2;0;0;0;0;0;0;0;0;0;0;0;0
29.11.2024;00:14;A  7;1;1;0;1;1;2;2;2;1;0;0;0;0;0;0;0;0;0;0;0;0;0;0;0;0;0;0;0;0;0;0
29.11.2024;00:13;A  7;1;2;1;0;0;0;0;0;0;0;0;0;0;0;0;0;0;0;0;0;0;0;0;0;0;0;0;0;0;0;0
29.11.2024;00:12;A  7;1;0;0;0;0;0;0;0;0;0;0;0;0;0;0;0;0;0;0;0;0;0;0;0;0;0;0;0;0;0;0
29.11.2024;00:11;A  7;1;2;1;0;0;1;1;0;0;0;0;0;0;0;0;0;0;1;2;0;0;1;2;0;0;0;0;0;0;0;0
29.11.2024;00:10;A  7;1;0;0;0;0;0;0;0;0;0;0;0;0;0;0;0;0;1;2;0;0;2;3;0;0;0;0;0;0;0;0
29.11.2024;00:09;A  7;1;2;2;0;0;0;0;0;0;0;0;0;0;0;0;1;2;1;2;0;0;0;0;0;0;0;0;0;0;0;0
29.11.2024;00:08;A  7;1;1;1;0;0;0;0;1;1;1;2;1;2;0;0;0;0;0;0;0;0;0;0;0;0;0;0;0;0;0;0
29.11.2024;00:07;A  7;1;0;0;0;0;1;1;0;0;0;0;0;0;0;0;0;0;0;0;0;0;0;0;0;0;0;0;0;0;0;0
29.11.2024;00:06;A  7;1;1;1;0;0;0;0;0;0;0;0;0;0;0;0;0;0;0;0;0;0;0;0;0;0;0;0;0;0;0;0
29.11.2024;00:05;A  7;1;1;1;0;0;0;0;1;1;0;0;0;0;0;0;0;0;0;0;0;0;0;0;0;0;0;0;0;0;0;0
29.11.2024;00:04;A  7;1;0;0;0;0;0;0;0;0;0;0;0;0;0;0;0;0;0;0;0;0;0;0;0;0;0;0;0;0;0;0
29.11.2024;00:03;A  7;1;0;0;0;0;3;1;1;1;0;0;0;0;0;0;0;0;0;0;0;0;0;0;0;0;0;0;0;0;0;0
29.11.2024;00:02;A  7;1;2;1;0;0;0;0;0;0;0;0;0;0;0;0;0;0;0;0;0;0;0;0;0;0;0;0;0;0;0;0
29.11.2024;00:01;A  7;1;2;1;1;1;0;0;0;0;0;0;0;0;0;0;0;0;0;0;0;0;0;0;0;0;0;0;0;0;0;0
29.11.2024;00:00;A  7;1;2;1;1;1;0;0;0;0;0;0;0;0;0;0;0;0;0;0;0;0;0;0;0;0;1;2;0;0;0;0
28.11.2024;23:59;A  7;1;3;2;1;1;1;1;0;0;0;0;0;0;0;0;0;0;0;0;0;0;0;0;0;0;0;0;0;0;0;0
28.11.2024;23:58;A  7;1;1;1;0;0;1;1;2;2;0;0;0;0;0;0;0;0;0;0;0;0;0;0;0;0;0;0;0;0;0;0
28.11.2024;23:57;A  7;1;3;2;0;0;0;0;0;0;0;0;0;0;0;0;0;0;0;0;0;0;0;0;0;0;0;0;0;0;0;0
28.11.2024;23:56;A  7;1;2;1;1;1;0;0;0;0;0;0;0;0;0;0;0;0;0;0;0;0;0;0;0;0;0;0;0;0;0;0
28.11.2024;23:55;A  7;1;1;1;1;1;0;0;1;1;0;0;0;0;0;0;0;0;0;0;0;0;0;0;0;0;0;0;0;0;0;0
28.11.2024;23:54;A  7;1;0;0;0;0;0;0;0;0;0;0;0;0;0;0;1;2;0;0;0;0;0;0;0;0;0;0;0;0;0;0
28.11.2024;23:53;A  7;1;7;5;0;0;1;1;1;1;1;2;2;3;0;0;2;3;0;0;0;0;0;0;0;0;0;0;0;0;0;0
28.11.2024;23:52;A  7;1;3;1;1;1;1;1;0;0;2;3;1;2;0;0;0;0;0;0;0;0;0;0;0;0;0;0;0;0;0;0
28.11.2024;23:51;A  7;1;2;2;2;2;1;1;0;0;0;0;0;0;0;0;0;0;0;0;0;0;1;2;0;0;0;0;0;0;0;0
28.11.2024;23:50;A  7;1;0;0;0;0;0;0;0;0;0;0;0;0;0;0;0;0;1;2;0;0;0;0;0;0;0;0;0;0;0;0
28.11.2024;23:49;A  7;1;1;0;0;0;0;0;0;0;0;0;0;0;0;0;0;0;0;0;0;0;0;0;0;0;0;0;0;0;0;0
28.11.2024;23:48;A  7;1;1;2;0;0;0;0;0;0;0;0;0;0;0;0;0;0;0;0;0;0;0;0;0;0;0;0;0;0;0;0
28.11.2024;23:47;A  7;1;2;1;0;0;0;0;0;0;0;0;0;0;0;0;0;0;0;0;0;0;0;0;0;0;0;0;0;0;0;0
28.11.2024;23:46;A  7;1;2;1;1;1;0;0;0;0;0;0;0;0;0;0;0;0;0;0;0;0;0;0;0;0;0;0;0;0;0;0
28.11.2024;23:45;A  7;1;3;2;0;0;2;2;0;0;0;0;0;0;0;0;0;0;0;0;0;0;0;0;0;0;0;0;0;0;0;0
28.11.2024;23:44;A  7;1;4;2;3;2;0;0;0;0;0;0;0;0;0;0;0;0;0;0;0;0;0;0;0;0;0;0;3;12;0;0
28.11.2024;23:43;A  7;1;0;0;0;0;1;1;1;1;0;0;0;0;0;0;0;0;0;0;0;0;1;2;1;3;0;0;0;0;0;0
28.11.2024;23:42;A  7;1;2;1;1;1;0;0;1;1;0;0;0;0;0;0;0;0;1;2;0;0;0;0;0;0;0;0;0;0;0;0
28.11.2024;23:41;A  7;1;1;1;0;0;1;1;1;1;0;0;0;0;0;0;0;0;0;0;0;0;0;0;0;0;0;0;0;0;0;0
28.11.2024;23:40;A  7;1;5;3;2;1;3;2;0;0;0;0;0;0;0;0;0;0;0;0;0;0;1;2;0;0;0;0;0;0;0;0
28.11.2024;23:39;A  7;1;4;3;1;1;0;0;0;0;0;0;0;0;0;0;0;0;1;2;0;0;0;0;0;0;0;0;0;0;0;0
28.11.2024;23:38;A  7;1;0;0;0;0;0;0;0;0;0;0;0;0;0;0;1;2;0;0;0;0;0;0;0;0;0;0;0;0;0;0
28.11.2024;23:37;A  7;1;3;2;3;2;0;0;0;0;1;2;1;2;0;0;0;0;0;0;0;0;0;0;0;0;0;0;0;0;0;0
28.11.2024;23:36;A  7;1;4;3;1;1;3;2;1;1;0;0;0;0;0;0;0;0;0;0;0;0;0;0;0;0;1;2;0;0;0;0
28.11.2024;23:35;A  7;1;0;0;1;1;1;1;2;2;0;0;0;0;0;0;0;0;0;0;0;0;0;0;0;0;0;0;0;0;0;0
28.11.2024;23:34;A  7;1;0;0;0;0;0;0;0;0;0;0;0;0;0;0;0;0;0;0;0;0;0;0;0;0;0;0;0;0;0;0
28.11.2024;23:33;A  7;1;2;1;0;0;1;1;1;1;0;0;0;0;0;0;0;0;0;0;0;0;0;0;0;0;0;0;0;0;0;0
28.11.2024;23:32;A  7;1;4;4;0;0;3;2;2;1;0;0;0;0;0;0;0;0;0;0;0;0;0;0;0;0;0;0;0;0;0;0
28.11.2024;23:31;A  7;1;1;1;1;1;0;0;0;0;0;0;0;0;0;0;0;0;0;0;0;0;0;0;0;0;0;0;0;0;0;0
28.11.2024;23:30;A  7;1;5;3;0;0;1;1;0;0;0;0;0;0;0;0;0;0;0;0;0;0;0;0;0;0;0;0;0;0;0;0
28.11.2024;23:29;A  7;1;1;1;1;1;1;1;0;0;0;0;0;0;0;0;0;0;0;0;0;0;0;0;0;0;0;0;0;0;0;0
28.11.2024;23:28;A  7;1;3;1;2;2;1;1;0;0;0;0;0;0;0;0;0;0;0;0;0;0;0;0;0;0;0;0;0;0;0;0
28.11.2024;23:27;A  7;1;3;2;2;1;0;0;0;0;0;0;0;0;0;0;0;0;0;0;0;0;0;0;0;0;0;0;0;0;0;0
28.11.2024;23:26;A  7;1;1;1;1;1;1;1;0;0;0;0;0;0;0;0;0;0;0;0;0;0;0;0;0;0;0;0;0;0;0;0
28.11.2024;23:25;A  7;1;2;2;1;1;2;1;2;1;0;0;0;0;0;0;0;0;0;0;0;0;0;0;0;0;0;0;0;0;0;0
28.11.2024;23:24;A  7;1;3;1;5;4;0;0;0;0;1;2;0;0;0;0;0;0;0;0;0;0;0;0;0;0;0;0;0;0;0;0
28.11.2024;23:23;A  7;1;0;0;0;0;0;0;1;1;0;0;0;0;0;0;0;0;0;0;0;0;0;0;0;0;0;0;0;0;0;0
28.11.2024;23:22;A  7;1;0;0;0;0;2;2;0;0;0;0;0;0;0;0;0;0;0;0;0;0;0;0;1;2;0;0;0;0;0;0
28.11.2024;23:21;A  7;1;6;4;2;1;0;0;0;0;1;2;1;2;0;0;2;3;0;0;0;0;1;2;0;0;0;0;0;0;0;0
28.11.2024;23:20;A  7;1;2;1;1;1;1;1;0;0;2;3;1;2;0;0;0;0;1;2;0;0;0;0;0;0;0;0;0;0;0;0
28.11.2024;23:19;A  7;1;1;0;1;1;1;1;0;0;0;0;0;0;0;0;0;0;0;0;0;0;0;0;0;0;0;0;0;0;0;0
28.11.2024;23:18;A  7;1;2;1;2;1;2;1;2;1;0;0;0;0;0;0;0;0;0;0;0;0;0;0;0;0;0;0;0;0;0;0
28.11.2024;23:17;A  7;1;4;3;0;0;0;0;1;1;0;0;0;0;0;0;0;0;0;0;0;0;0;0;0;0;0;0;0;0;0;0
28.11.2024;23:16;A  7;1;2;1;4;3;1;1;0;0;0;0;0;0;0;0;0;0;0;0;0;0;0;0;0;0;0;0;0;0;0;0
28.11.2024;23:15;A  7;1;0;0;0;0;1;1;1;1;0;0;0;0;0;0;0;0;0;0;0;0;0;0;0;0;0;0;0;0;0;0
28.11.2024;23:14;A  7;1;4;3;1;1;0;0;0;0;0;0;0;0;0;0;0;0;0;0;0;0;0;0;0;0;0;0;0;0;0;0
28.11.2024;23:13;A  7;1;3;2;2;1;2;2;0;0;0;0;0;0;0;0;0;0;0;0;0;0;0;0;0;0;0;0;0;0;0;0
28.11.2024;23:12;A  7;1;1;1;0;0;2;2;1;1;0;0;0;0;0;0;0;0;0;0;0;0;2;3;0;0;0;0;0;0;0;0
28.11.2024;23:11;A  7;1;5;3;2;1;1;1;0;0;0;0;0;0;0;0;0;0;2;3;0;0;0;0;0;0;0;0;0;0;0;0
28.11.2024;23:10;A  7;1;2;1;1;1;1;1;3;2;0;0;0;0;0;0;0;0;1;2;0;0;1;2;0;0;0;0;1;2;0;0
28.11.2024;23:09;A  7;1;4;4;0;0;2;1;0;0;0;0;0;0;0;0;0;0;0;0;0;0;0;0;0;0;0;0;0;0;0;0
28.11.2024;23:08;A  7;1;1;1;0;0;1;1;1;1;0;0;0;0;0;0;1;2;1;2;0;0;1;2;0;0;1;2;0;0;1;2
28.11.2024;23:07;A  7;1;8;5;2;1;3;3;2;1;1;2;1;2;0;0;0;0;0;0;0;0;0;0;0;0;0;0;0;0;0;0
28.11.2024;23:06;A  7;1;2;2;1;1;1;1;1;1;0;0;0;0;0;0;0;0;0;0;0;0;0;0;1;2;0;0;0;0;0;0
28.11.2024;23:05;A  7;1;4;3;0;0;1;1;0;0;0;0;0;0;0;0;0;0;0;0;0;0;0;0;0;0;0;0;0;0;0;0
28.11.2024;23:04;A  7;1;3;2;3;2;2;2;1;1;0;0;1;2;0;0;1;2;0;0;0;0;0;0;0;0;1;2;0;0;0;0
28.11.2024;23:03;A  7;1;4;3;2;2;0;0;0;0;1;2;0;0;0;0;0;0;0;0;0;0;0;0;0;0;0;0;0;0;0;0
28.11.2024;23:02;A  7;1;2;2;0;0;0;0;0;0;0;0;0;0;0;0;0;0;0;0;0;0;0;0;0;0;0;0;0;0;0;0
28.11.2024;23:01;A  7;1;3;2;0;0;1;1;1;1;1;2;0;0;0;0;0;0;0;0;0;0;0;0;0;0;0;0;0;0;0;0
28.11.2024;23:00;A  7;1;4;3;4;3;0;0;0;0;0;0;0;0;0;0;0;0;0;0;0;0;0;0;0;0;0;0;0;0;0;0
28.11.2024;22:59;A  7;1;4;3;4;3;0;0;0;0;0;0;0;0;0;0;0;0;0;0;0;0;0;0;0;0;0;0;0;0;0;0
28.11.2024;22:58;A  7;1;4;2;2;1;2;2;2;1;0;0;0;0;0;0;0;0;0;0;0;0;0;0;0;0;0;0;0;0;0;0
28.11.2024;22:57;A  7;1;3;2;1;1;2;1;0;0;0;0;0;0;0;0;0;0;0;0;0;0;1;2;0;0;0;0;0;0;0;0
28.11.2024;22:56;A  7;1;3;2;3;2;2;1;1;1;0;0;0;0;0;0;0;0;1;2;0;0;1;2;0;0;0;0;0;0;0;0
28.11.2024;22:55;A  7;1;2;2;0;0;1;1;2;2;0;0;0;0;0;0;0;0;1;2;0;0;0;0;0;0;0;0;0;0;0;0
28.11.2024;22:54;A  7;1;5;5;1;1;3;2;3;2;0;0;0;0;0;0;1;2;0;0;0;0;0;0;0;0;0;0;0;0;0;0
28.11.2024;22:53;A  7;1;5;9;3;3;3;3;0;0;1;2;1;2;0;0;1;2;0;0;0;0;0;0;2;4;1;2;0;0;0;0
28.11.2024;22:52;A  7;1;6;3;5;3;0;0;1;1;1;2;1;2;0;0;2;3;0;0;0;0;1;2;0;0;0;0;0;0;0;0
28.11.2024;22:51;A  7;1;11;7;6;5;1;1;0;0;2;3;2;3;0;0;0;0;1;2;0;0;0;0;0;0;0;0;0;0;0;0
28.11.2024;22:50;A  7;1;3;1;1;1;1;1;0;0;0;0;0;0;0;0;0;0;0;0;0;0;0;0;0;0;0;0;0;0;0;0
28.11.2024;22:49;A  7;1;5;4;2;1;0;0;0;0;0;0;0;0;0;0;0;0;0;0;0;0;0;0;0;0;0;0;0;0;0;0
28.11.2024;22:48;A  7;1;7;6;3;2;0;0;1;1;0;0;0;0;0;0;0;0;0;0;0;0;0;0;0;0;0;0;0;0;0;0
28.11.2024;22:47;A  7;1;3;2;2;2;1;1;1;1;0;0;0;0;0;0;0;0;0;0;0;0;0;0;0;0;0;0;0;0;0;0
28.11.2024;22:46;A  7;1;6;4;1;1;0;0;0;0;0;0;0;0;0;0;0;0;0;0;0;0;0;0;0;0;0;0;0;0;0;0
28.11.2024;22:45;A  7;1;2;1;2;1;1;1;0;0;0;0;0;0;0;0;0;0;0;0;0;0;0;0;0;0;0;0;0;0;0;0
28.11.2024;22:44;A  7;1;7;5;1;1;2;1;1;1;0;0;0;0;0;0;0;0;0;0;0;0;0;0;0;0;0;0;0;0;0;0
28.11.2024;22:43;A  7;1;7;5;3;2;1;1;0;0;0;0;0;0;0;0;0;0;0;0;0;0;1;2;0;0;0;0;0;0;0;0
28.11.2024;22:42;A  7;1;7;5;2;1;2;1;0;0;0;0;0;0;0;0;0;0;1;2;0;0;0;0;0;0;0;0;0;0;0;0
28.11.2024;22:41;A  7;1;7;5;4;3;3;2;0;0;0;0;0;0;0;0;0;0;0;0;0;0;0;0;0;0;0;0;0;0;0;0
28.11.2024;22:40;A  7;1;7;5;2;1;3;2;2;1;0;0;0;0;0;0;0;0;1;2;0;0;1;2;0;0;0;0;0;0;0;0
28.11.2024;22:39;A  7;1;2;2;0;0;3;2;1;0;0;0;0;0;0;0;0;0;0;0;0;0;0;0;2;4;0;0;0;0;0;0
28.11.2024;22:38;A  7;1;6;3;2;1;0;0;0;0;0;0;1;2;0;0;1;2;0;0;0;0;0;0;0;0;1;2;0;0;0;0
28.11.2024;22:37;A  7;1;4;2;4;3;2;2;0;0;1;2;0;0;0;0;0;0;0;0;0;0;0;0;0;0;0;0;0;0;0;0
28.11.2024;22:36;A  7;1;5;5;2;2;1;1;0;0;0;0;0;0;0;0;0;0;1;2;0;0;1;2;0;0;0;0;0;0;0;0
28.11.2024;22:35;A  7;1;11;7;3;2;0;0;1;1;0;0;0;0;0;0;1;2;0;0;0;0;0;0;0;0;1;2;0;0;0;0
28.11.2024;22:34;A  7;1;4;3;2;1;3;2;2;1;1;2;2;3;0;0;1;2;0;0;0;0;0;0;0;0;2;5;0;0;0;0
28.11.2024;22:33;A  7;1;3;2;0;0;2;2;2;1;1;2;0;0;0;0;0;0;0;0;0;0;0;0;1;2;0;0;0;0;0;0
28.11.2024;22:32;A  7;1;3;2;1;1;3;3;2;1;0;0;0;0;0;0;0;0;0;0;0;0;0;0;0;0;0;0;0;0;0;0
28.11.2024;22:31;A  7;1;3;2;0;0;3;2;0;0;0;0;0;0;0;0;0;0;0;0;0;0;0;0;0;0;0;0;0;0;0;0
28.11.2024;22:30;A  7;1;5;3;2;1;3;2;1;1;0;0;0;0;0;0;0;0;0;0;0;0;0;0;0;0;0;0;0;0;0;0
28.11.2024;22:29;A  7;1;9;7;2;1;3;2;0;0;0;0;0;0;0;0;0;0;0;0;0;0;0;0;0;0;0;0;0;0;0;0
28.11.2024;22:28;A  7;1;3;2;0;0;1;1;0;0;0;0;0;0;0;0;0;0;0;0;0;0;0;0;1;2;0;0;0;0;0;0
28.11.2024;22:27;A  7;1;5;4;2;2;2;1;2;1;0;0;0;0;0;0;0;0;0;0;0;0;1;2;0;0;1;2;0;0;0;0
28.11.2024;22:26;A  7;1;3;1;3;2;4;3;1;1;0;0;0;0;0;0;0;0;1;2;0;0;0;0;0;0;2;5;0;0;0;0
28.11.2024;22:25;A  7;1;4;3;2;2;2;1;1;1;1;2;0;0;0;0;0;0;1;2;0;0;1;2;0;0;1;3;0;0;0;0
28.11.2024;22:24;A  7;1;8;4;6;4;2;1;0;0;0;0;0;0;0;0;1;2;0;0;0;0;0;0;0;0;1;2;0;0;0;0
28.11.2024;22:23;A  7;1;5;3;3;2;0;0;0;0;0;2;1;2;0;0;1;2;0;0;0;0;0;0;0;0;0;0;0;0;0;0
28.11.2024;22:22;A  7;1;3;2;2;1;2;2;0;0;2;2;1;2;0;0;1;2;0;0;0;0;1;2;0;0;1;3;0;0;0;0
28.11.2024;22:21;A  7;1;5;5;1;1;0;0;0;0;2;3;1;2;0;0;0;0;1;2;0;0;0;0;0;0;0;0;0;0;0;0
28.11.2024;22:20;A  7;1;3;2;2;1;1;1;0;0;0;0;0;0;0;0;0;0;0;0;0;0;0;0;0;0;1;2;0;0;0;0
28.11.2024;22:19;A  7;1;1;0;0;0;2;2;0;0;0;0;0;0;0;0;0;0;0;0;0;0;0;0;0;0;0;0;0;0;0;0
28.11.2024;22:18;A  7;1;4;2;2;1;1;1;1;1;0;0;0;0;0;0;0;0;0;0;0;0;0;0;0;0;0;0;0;0;0;0
28.11.2024;22:17;A  7;1;4;2;0;0;2;2;0;0;0;0;0;0;0;0;0;0;0;0;0;0;0;0;0;0;0;0;0;0;0;0
28.11.2024;22:16;A  7;1;4;4;4;7;0;0;1;1;0;0;0;0;0;0;0;0;0;0;0;0;0;0;0;0;0;0;0;0;0;0
28.11.2024;22:15;A  7;1;4;2;3;2;2;1;5;4;0;0;0;0;0;0;0;0;0;0;0;0;0;0;0;0;0;0;1;2;0;0
28.11.2024;22:14;A  7;1;4;3;3;2;0;0;0;0;0;0;0;0;0;0;0;0;0;0;0;0;0;0;0;0;0;0;0;0;0;0
28.11.2024;22:13;A  7;1;8;5;5;3;2;2;1;1;0;0;0;0;0;0;0;0;0;0;0;0;0;0;0;0;2;5;0;0;0;0
28.11.2024;22:12;A  7;1;4;3;0;0;2;2;2;1;0;0;0;0;0;0;0;0;0;0;0;0;2;3;0;0;0;0;0;0;0;0
28.11.2024;22:11;A  7;1;1;0;1;1;1;1;0;0;0;0;0;0;0;0;0;0;2;3;0;0;0;0;0;0;0;0;0;0;0;0
28.11.2024;22:10;A  7;1;4;3;3;2;0;0;0;0;0;0;0;0;0;0;0;0;1;2;0;0;1;2;0;0;0;0;0;0;0;0
28.11.2024;22:09;A  7;1;2;2;0;0;2;1;1;1;0;0;0;0;0;0;0;0;0;0;0;0;0;0;0;0;0;0;0;0;0;0
28.11.2024;22:08;A  7;1;3;1;2;1;0;0;0;0;0;0;1;2;0;0;1;2;0;0;0;0;0;0;0;0;0;0;0;0;0;0
28.11.2024;22:07;A  7;1;7;6;2;1;1;1;0;0;1;2;0;0;0;0;0;0;0;0;0;0;1;2;0;0;0;0;0;0;0;0
28.11.2024;22:06;A  7;1;2;2;1;1;2;1;1;1;0;0;0;0;0;0;0;0;1;2;0;0;0;0;1;2;2;9;0;0;1;2
28.11.2024;22:05;A  7;1;4;2;2;2;2;1;1;1;0;0;0;0;0;0;1;2;0;0;0;0;0;0;0;0;1;2;0;0;0;0
28.11.2024;22:04;A  7;1;6;3;3;2;2;2;1;1;1;2;1;2;0;0;1;2;0;0;0;0;0;0;0;0;0;0;0;0;0;0
28.11.2024;22:03;A  7;1;7;4;3;2;2;2;0;0;1;2;1;2;0;0;0;0;0;0;0;0;0;0;0;0;1;2;0;0;0;0
28.11.2024;22:02;A  7;1;7;6;2;2;2;1;1;1;0;0;0;0;0;0;0;0;0;0;0;0;0;0;0;0;0;0;0;0;0;0
28.11.2024;22:01;A  7;1;7;6;1;1;0;0;2;1;0;0;0;0;0;0;0;0;0;0;0;0;0;0;0;0;0;0;0;0;0;0
28.11.2024;22:00;A  7;1;2;1;1;1;3;2;0;0;0;0;0;0;0;0;0;0;0;0;0;0;0;0;0;0;0;0;1;3;0;0
28.11.2024;21:59;A  7;1;4;3;1;1;1;1;0;0;0;0;0;0;0;0;0;0;0;0;0;0;0;0;1;2;0;0;0;0;0;0
28.11.2024;21:58;A  7;1;1;1;1;1;2;2;2;2;0;0;0;0;0;0;0;0;0;0;0;0;1;2;0;0;0;0;0;0;1;4
28.11.2024;21:57;A  7;1;5;4;4;3;2;1;0;0;0;0;0;0;0;0;0;0;1;2;0;0;0;0;1;2;0;0;2;7;2;6
28.11.2024;21:56;A  7;1;2;1;1;1;0;0;1;1;0;0;0;0;0;0;0;0;1;2;0;0;1;2;0;0;0;0;0;0;0;0
28.11.2024;21:55;A  7;1;4;3;1;1;2;2;1;1;0;0;0;0;0;0;0;0;0;0;0;0;0;0;0;0;0;0;0;0;0;0
28.11.2024;21:54;A  7;1;3;2;0;0;0;0;0;0;1;2;0;0;0;0;0;0;0;0;0;0;0;0;0;0;0;0;0;0;1;2
28.11.2024;21:53;A  7;1;5;2;4;2;0;0;0;0;0;0;0;0;0;0;1;2;0;0;0;0;0;0;0;0;0;0;1;2;0;0
28.11.2024;21:52;A  7;1;4;3;1;1;2;1;2;2;1;2;1;2;0;0;0;0;0;0;0;0;1;2;0;0;0;0;0;0;0;0
28.11.2024;21:51;A  7;1;5;3;0;0;0;0;0;0;0;0;0;0;0;0;0;0;1;2;0;0;0;0;0;0;0;0;0;0;0;0
28.11.2024;21:50;A  7;1;4;2;1;1;2;1;3;2;1;2;0;0;0;0;2;3;0;0;0;0;0;0;0;0;1;2;0;0;1;2
28.11.2024;21:49;A  7;1;5;3;5;4;0;0;1;1;2;3;2;3;0;0;0;0;0;0;0;0;0;0;1;2;0;0;0;0;0;0
28.11.2024;21:48;A  7;1;4;2;2;1;1;1;1;1;0;0;0;0;0;0;0;0;0;0;0;0;0;0;0;0;0;0;0;0;0;0
28.11.2024;21:47;A  7;1;8;7;3;2;5;4;1;0;0;0;0;0;0;0;0;0;0;0;0;0;0;0;0;0;0;0;0;0;0;0
28.11.2024;21:46;A  7;1;8;4;5;3;2;1;2;1;0;0;0;0;0;0;0;0;0;0;0;0;0;0;0;0;0;0;0;0;0;0
28.11.2024;21:45;A  7;1;4;3;2;2;2;2;1;1;0;0;0;0;0;0;0;0;0;0;0;0;0;0;0;0;1;2;0;0;0;0
28.11.2024;21:44;A  7;1;3;2;0;0;3;2;0;0;0;0;0;0;0;0;0;0;0;0;0;0;0;0;0;0;0;0;0;0;0;0
28.11.2024;21:43;A  7;1;5;3;0;0;4;3;1;1;0;0;0;0;0;0;0;0;0;0;0;0;0;0;0;0;0;0;0;0;0;0
28.11.2024;21:42;A  7;1;6;5;3;2;2;2;3;2;0;0;0;0;0;0;0;0;0;0;0;0;2;3;0;0;0;0;0;0;0;0
28.11.2024;21:41;A  7;1;2;1;0;0;0;0;0;0;0;0;0;0;0;0;0;0;2;3;0;0;0;0;0;0;0;0;0;0;0;0
28.11.2024;21:40;A  7;1;3;2;1;1;0;0;0;0;0;0;0;0;0;0;0;0;0;0;0;0;0;0;0;0;0;0;0;0;0;0
28.11.2024;21:39;A  7;1;2;1;2;1;0;0;0;0;0;0;0;0;0;0;0;0;0;0;0;0;0;0;0;0;0;0;0;0;0;0
28.11.2024;21:38;A  7;1;0;0;0;0;1;0;1;1;0;0;1;2;0;0;1;2;0;0;0;0;0;0;1;2;1;2;0;0;0;0
28.11.2024;21:37;A  7;1;4;2;2;1;2;1;0;0;1;2;0;0;0;0;0;0;0;0;0;0;1;2;0;0;0;0;0;0;1;2
28.11.2024;21:36;A  7;1;4;2;2;2;0;0;1;1;0;0;0;0;0;0;0;0;1;2;0;0;0;0;0;0;0;0;0;0;0;0
28.11.2024;21:35;A  7;1;3;2;1;1;2;1;2;2;0;0;0;0;0;0;2;3;0;0;0;0;0;0;1;3;0;0;1;2;0;0
28.11.2024;21:34;A  7;1;9;7;4;3;3;2;1;1;1;2;2;3;0;0;0;0;0;0;0;0;0;0;0;0;1;2;1;3;0;0
28.11.2024;21:33;A  7;1;10;6;5;3;1;1;1;1;1;2;0;0;0;0;0;0;0;0;0;0;0;0;0;0;0;0;1;2;0;0
28.11.2024;21:32;A  7;1;1;1;0;0;1;1;2;2;0;0;0;0;0;0;0;0;0;0;0;0;0;0;0;0;0;0;0;0;0;0
28.11.2024;21:31;A  7;1;6;4;1;1;4;3;1;1;0;0;0;0;0;0;0;0;0;0;0;0;0;0;0;0;0;0;0;0;0;0
28.11.2024;21:30;A  7;1;4;4;2;1;3;3;1;1;0;0;0;0;0;0;0;0;0;0;0;0;0;0;0;0;0;0;0;0;0;0
28.11.2024;21:29;A  7;1;5;4;2;2;0;0;0;0;0;0;0;0;0;0;0;0;0;0;0;0;0;0;0;0;0;0;1;2;0;0
28.11.2024;21:28;A  7;1;1;1;0;0;0;0;0;0;0;0;0;0;0;0;0;0;0;0;0;0;0;0;0;0;0;0;0;0;0;0
28.11.2024;21:27;A  7;1;2;1;4;3;1;1;0;0;0;0;0;0;0;0;0;0;0;0;0;0;0;0;0;0;0;0;0;0;0;0
28.11.2024;21:26;A  7;1;7;9;2;2;3;3;1;1;0;0;0;0;0;0;0;0;1;2;0;0;2;3;0;0;0;0;0;0;0;0
28.11.2024;21:25;A  7;1;7;3;3;2;2;2;0;0;0;0;0;0;0;0;0;0;1;2;0;0;0;0;0;0;0;0;0;0;0;0
28.11.2024;21:24;A  7;1;3;2;2;1;1;1;2;2;1;2;1;2;0;0;1;2;0;0;0;0;0;0;0;0;0;0;0;0;0;0
28.11.2024;21:23;A  7;1;3;2;1;1;1;1;0;0;1;2;0;0;0;0;0;0;0;0;0;0;0;0;2;6;0;0;0;0;0;0
28.11.2024;21:22;A  7;1;7;5;4;3;4;3;0;0;0;0;0;0;0;0;0;0;0;0;0;0;1;2;0;0;0;0;0;0;0;0
28.11.2024;21:21;A  7;1;6;3;5;3;1;1;0;0;0;0;0;0;0;0;1;2;1;2;0;0;0;0;0;0;1;2;0;0;0;0
28.11.2024;21:20;A  7;1;2;2;1;1;4;3;1;1;1;2;1;2;0;0;1;2;0;0;0;0;0;0;1;2;1;3;0;0;1;2
28.11.2024;21:19;A  7;1;5;3;2;2;2;2;1;1;2;3;1;2;0;0;0;0;0;0;0;0;0;0;0;0;1;2;0;0;0;0
28.11.2024;21:18;A  7;1;7;4;4;3;2;2;1;1;0;0;0;0;0;0;0;0;0;0;0;0;0;0;0;0;0;0;0;0;0;0
28.11.2024;21:17;A  7;1;2;1;0;0;5;4;2;1;0;0;0;0;0;0;0;0;0;0;0;0;0;0;0;0;0;0;0;0;0;0
28.11.2024;21:16;A  7;1;4;3;0;0;6;5;1;1;0;0;0;0;0;0;0;0;0;0;0;0;0;0;0;0;0;0;0;0;0;0
28.11.2024;21:15;A  7;1;5;6;0;0;3;2;3;2;0;0;0;0;0;0;0;0;0;0;0;0;0;0;0;0;0;0;0;0;0;0
28.11.2024;21:14;A  7;1;7;5;3;2;3;2;1;0;0;0;0;0;0;0;0;0;1;2;0;0;1;2;1;2;2;4;0;0;0;0
28.11.2024;21:13;A  7;1;7;5;3;2;1;1;1;1;0;0;0;0;0;0;0;0;0;0;0;0;0;0;0;0;1;2;0;0;0;0
28.11.2024;21:12;A  7;1;9;6;3;2;0;0;0;0;0;0;0;0;0;0;0;0;0;0;0;0;0;0;0;0;0;0;0;0;1;2
28.11.2024;21:11;A  7;1;5;5;5;4;1;1;1;1;0;0;0;0;0;0;0;0;0;0;0;0;1;2;0;0;2;4;2;5;0;0
28.11.2024;21:10;A  7;1;3;1;2;1;1;1;1;1;0;0;1;2;0;0;1;2;1;2;0;0;0;0;0;0;1;2;0;0;0;0
28.11.2024;21:09;A  7;1;2;1;1;1;1;1;0;0;1;2;0;0;0;0;0;0;0;0;0;0;0;0;1;2;0;0;0;0;0;0
28.11.2024;21:08;A  7;1;1;1;0;0;1;1;0;0;0;0;0;0;0;0;0;0;0;0;0;0;0;0;0;0;0;0;0;0;1;2
28.11.2024;21:07;A  7;1;0;0;0;0;4;3;1;1;0;0;0;0;0;0;1;2;1;2;0;0;1;2;0;0;0;0;0;0;0;0
28.11.2024;21:06;A  7;1;3;2;0;0;2;2;0;0;1;2;1;2;0;0;0;0;0;0;0;0;0;0;0;0;0;0;0;0;0;0
28.11.2024;21:05;A  7;1;4;3;2;2;0;0;0;0;0;0;0;0;0;0;0;0;1;2;0;0;1;2;0;0;0;0;0;0;0;0
28.11.2024;21:04;A  7;1;6;5;2;1;3;3;1;1;0;0;0;0;0;0;1;2;0;0;0;0;0;0;0;0;0;0;0;0;0;0
28.11.2024;21:03;A  7;1;4;3;3;2;2;2;0;0;1;2;1;2;0;0;0;0;0;0;0;0;0;0;0;0;0;0;1;2;0;0
28.11.2024;21:02;A  7;1;2;1;1;1;1;1;0;0;0;0;0;0;0;0;0;0;0;0;0;0;0;0;0;0;0;0;0;0;0;0
28.11.2024;21:01;A  7;1;4;2;1;1;3;2;2;2;0;0;0;0;0;0;1;2;0;0;0;0;0;0;1;3;0;0;0;0;0;0
28.11.2024;21:00;A  7;1;8;4;3;2;1;1;0;0;1;2;1;2;0;0;0;0;0;0;0;0;0;0;0;0;0;0;0;0;0;0
28.11.2024;20:59;A  7;1;2;1;5;26;0;0;0;0;0;0;0;0;0;0;0;0;0;0;0;0;0;0;0;0;0;0;1;2;0;0
28.11.2024;20:58;A  7;1;4;3;2;1;6;5;2;2;0;0;0;0;0;0;0;0;0;0;0;0;1;2;0;0;1;2;0;0;0;0
28.11.2024;20:57;A  7;1;3;3;3;4;5;4;1;0;0;0;0;0;0;0;0;0;1;2;0;0;1;2;0;0;1;2;0;0;0;0
28.11.2024;20:56;A  7;1;5;3;3;2;2;2;0;0;0;0;1;2;0;0;1;2;1;2;0;0;0;0;0;0;1;2;0;0;0;0
28.11.2024;20:55;A  7;1;7;4;6;5;3;2;1;1;1;2;0;0;0;0;0;0;0;0;0;0;0;0;0;0;1;24;0;0;0;0
28.11.2024;20:54;A  7;1;5;3;2;2;2;1;1;1;1;2;0;0;0;0;0;0;0;0;0;0;0;0;0;0;0;0;0;0;0;0
28.11.2024;20:53;A  7;1;4;5;1;1;0;0;0;0;0;0;0;0;0;0;0;0;0;0;0;0;0;0;0;0;0;0;0;0;0;0
28.11.2024;20:52;A  7;1;7;6;6;6;3;2;1;1;0;0;0;0;0;0;0;0;0;0;0;0;2;3;0;0;0;0;1;2;0;0
28.11.2024;20:51;A  7;1;6;4;3;2;2;2;0;0;0;0;0;0;0;0;1;2;2;3;0;0;0;0;0;0;1;4;1;3;0;0
28.11.2024;20:50;A  7;1;6;3;3;2;1;1;0;0;2;3;2;3;0;0;1;2;0;0;0;0;0;0;0;0;0;0;0;0;0;0
28.11.2024;20:49;A  7;1;2;1;1;1;2;1;0;0;0;0;0;0;0;0;0;0;0;0;0;0;0;0;0;0;0;0;0;0;0;0
28.11.2024;20:48;A  7;1;4;3;2;1;4;3;0;0;0;0;0;0;0;0;0;0;0;0;0;0;0;0;0;0;0;0;0;0;0;0
28.11.2024;20:47;A  7;1;3;2;1;1;0;0;0;0;0;0;0;0;0;0;0;0;0;0;0;0;1;2;0;0;0;0;0;0;0;0
28.11.2024;20:46;A  7;1;5;3;3;2;2;3;0;0;0;0;0;0;0;0;0;0;1;2;0;0;0;0;0;0;0;0;0;0;0;0
28.11.2024;20:45;A  7;1;8;7;1;1;4;3;2;2;0;0;0;0;0;0;0;0;0;0;0;0;0;0;1;2;1;2;0;0;0;0
28.11.2024;20:44;A  7;1;4;4;2;2;1;1;0;0;1;2;0;0;0;0;0;0;0;0;0;0;0;0;1;3;1;2;0;0;0;0
28.11.2024;20:43;A  7;1;5;5;1;1;4;3;1;1;0;0;0;0;0;0;0;0;0;0;0;0;0;0;0;0;0;0;1;2;0;0
28.11.2024;20:42;A  7;1;5;2;3;2;2;4;0;0;0;0;0;0;0;0;0;0;0;0;0;0;0;0;0;0;0;0;0;0;0;0
28.11.2024;20:41;A  7;1;2;2;1;1;0;0;0;0;0;0;0;0;0;0;0;0;0;0;0;0;2;3;0;0;0;0;0;0;0;0
28.11.2024;20:40;A  7;1;2;1;1;1;1;1;0;0;0;0;0;0;0;0;0;0;2;3;0;0;0;0;0;0;0;0;0;0;0;0
28.11.2024;20:39;A  7;1;6;4;2;1;2;2;0;0;0;0;0;0;0;0;1;2;1;2;0;0;1;2;0;0;1;2;0;0;0;0
28.11.2024;20:38;A  7;1;6;5;2;2;5;4;2;1;1;2;1;2;0;0;0;0;0;0;0;0;1;2;0;0;0;0;0;0;0;0
28.11.2024;20:37;A  7;1;2;1;4;2;1;1;0;0;0;0;0;0;0;0;0;0;1;2;0;0;1;2;0;0;0;0;0;0;0;0
28.11.2024;20:36;A  7;1;4;2;2;1;2;1;1;0;0;0;0;0;0;0;0;0;1;2;0;0;0;0;0;0;0;0;0;0;0;0
28.11.2024;20:35;A  7;1;4;3;2;1;3;3;0;0;0;0;0;0;0;0;1;2;0;0;0;0;0;0;0;0;1;2;0;0;1;2
28.11.2024;20:34;A  7;1;1;1;1;1;2;4;0;0;1;2;1;2;0;0;1;2;0;0;0;0;0;0;0;0;0;0;0;0;0;0
28.11.2024;20:33;A  7;1;7;5;2;1;2;2;0;0;1;2;1;2;0;0;0;0;0;0;0;0;1;2;0;0;0;0;0;0;0;0
28.11.2024;20:32;A  7;1;4;3;3;2;2;1;1;1;0;0;0;0;0;0;0;0;1;2;0;0;0;0;0;0;0;0;0;0;0;0
28.11.2024;20:31;A  7;1;3;2;2;2;4;4;3;2;0;0;1;2;0;0;1;2;0;0;0;0;0;0;0;0;1;2;0;0;0;0
28.11.2024;20:30;A  7;1;6;4;1;1;2;2;0;0;1;2;0;0;0;0;1;2;0;0;0;0;0;0;1;3;1;2;0;0;0;0
28.11.2024;20:29;A  7;1;3;2;1;1;3;3;2;2;1;2;1;2;0;0;1;2;0;0;0;0;1;2;3;7;0;0;1;2;0;0
28.11.2024;20:28;A  7;1;3;3;1;1;1;1;2;1;1;2;1;2;0;0;0;0;1;2;0;0;1;2;0;0;0;0;0;0;0;0
28.11.2024;20:27;A  7;1;4;3;2;2;2;1;3;1;0;0;0;0;0;0;0;0;1;2;0;0;1;2;0;0;0;0;0;0;0;0
28.11.2024;20:26;A  7;1;6;4;1;1;4;3;0;0;0;0;0;0;0;0;0;0;0;0;0;0;0;0;0;0;0;0;0;0;0;0
28.11.2024;20:25;A  7;1;6;4;2;1;0;0;0;0;0;0;0;0;0;0;1;2;1;2;0;0;0;0;0;0;0;0;0;0;0;0
28.11.2024;20:24;A  7;1;3;1;0;0;3;3;2;1;2;3;1;2;0;0;0;0;0;0;0;0;1;2;0;0;0;0;0;0;0;0
28.11.2024;20:23;A  7;1;5;3;2;1;2;2;2;2;0;0;0;0;0;0;0;0;1;2;0;0;1;2;0;0;0;0;0;0;0;0
28.11.2024;20:22;A  7;1;6;4;1;1;2;2;2;2;0;0;0;0;0;0;1;2;1;2;0;0;0;0;0;0;0;0;0;0;0;0
28.11.2024;20:21;A  7;1;4;3;3;1;2;2;1;1;1;2;1;2;0;0;0;0;0;0;0;0;0;0;0;0;0;0;1;2;0;0
28.11.2024;20:20;A  7;1;4;3;2;1;3;2;0;0;0;0;0;0;0;0;1;2;0;0;0;0;0;0;0;0;1;2;0;0;0;0
28.11.2024;20:19;A  7;1;7;4;3;2;2;3;2;2;1;2;1;2;0;0;0;0;0;0;0;0;0;0;0;0;0;0;0;0;0;0
28.11.2024;20:18;A  7;1;8;5;5;4;4;3;2;2;0;0;0;0;0;0;1;2;0;0;0;0;0;0;0;0;0;0;0;0;0;0
28.11.2024;20:17;A  7;1;6;3;5;3;2;1;0;0;1;2;1;2;0;0;0;0;0;0;0;0;0;0;0;0;0;0;0;0;0;0
28.11.2024;20:16;A  7;1;5;3;4;3;6;5;3;2;0;0;0;0;0;0;0;0;1;2;0;0;1;2;0;0;0;0;0;0;0;0
28.11.2024;20:15;A  7;1;4;5;1;1;4;5;0;0;0;0;0;0;0;0;0;0;0;0;0;0;0;0;1;2;0;0;0;0;0;0
28.11.2024;20:14;A  7;1;8;6;4;3;1;1;1;1;0;0;0;0;0;0;0;0;0;0;0;0;0;0;1;2;0;0;0;0;0;0
28.11.2024;20:13;A  7;1;3;2;2;1;0;0;0;0;0;0;0;0;0;0;1;2;0;0;0;0;1;2;1;2;0;0;0;0;1;2
28.11.2024;20:12;A  7;1;7;6;2;2;3;2;4;3;2;3;1;2;0;0;1;2;1;2;0;0;0;0;2;7;0;0;0;0;0;0
28.11.2024;20:11;A  7;1;3;1;3;2;3;4;1;1;1;2;1;2;0;0;0;0;1;2;0;0;1;2;0;0;0;0;1;2;0;0
28.11.2024;20:10;A  7;1;2;1;2;1;4;3;4;2;0;0;0;0;0;0;0;0;0;0;0;0;0;0;0;0;0;0;1;3;0;0
28.11.2024;20:09;A  7;1;10;7;3;2;6;5;2;2;0;0;0;0;0;0;0;0;0;0;0;0;0;0;0;0;0;0;0;0;0;0
28.11.2024;20:08;A  7;1;3;2;3;2;1;1;2;1;0;0;0;0;0;0;0;0;0;0;0;0;0;0;0;0;1;5;0;0;0;0
28.11.2024;20:07;A  7;1;3;3;1;1;4;7;0;0;0;0;0;0;0;0;0;0;0;0;0;0;1;2;1;4;0;0;0;0;0;0
28.11.2024;20:06;A  7;1;4;2;5;4;3;3;3;2;0;0;0;0;0;0;0;0;1;2;0;0;0;0;1;2;1;2;1;2;0;0
28.11.2024;20:05;A  7;1;10;6;3;2;1;2;0;0;0;0;1;2;0;0;1;2;0;0;0;0;0;0;0;0;0;0;0;0;0;0
28.11.2024;20:04;A  7;1;5;3;3;2;5;3;4;3;1;2;1;2;0;0;1;2;0;0;0;0;0;0;0;0;1;2;0;0;1;2
28.11.2024;20:03;A  7;1;3;2;0;0;3;3;0;0;1;2;0;0;0;0;0;0;0;0;0;0;0;0;3;11;0;0;0;0;0;0
28.11.2024;20:02;A  7;1;8;5;3;2;3;2;3;2;0;0;0;0;0;0;0;0;0;0;0;0;1;2;0;0;3;12;0;0;0;0
28.11.2024;20:01;A  7;1;4;4;0;0;3;3;3;2;0;0;1;2;0;0;1;2;1;2;0;0;0;0;0;0;0;0;0;0;0;0
28.11.2024;20:00;A  7;1;6;4;4;4;3;3;1;1;1;2;0;0;0;0;0;0;2;3;0;0;2;3;0;0;0;0;0;0;0;0
28.11.2024;19:59;A  7;1;5;3;4;2;6;6;3;2;0;0;0;0;0;0;0;0;0;0;0;0;0;0;0;0;0;0;0;0;0;0
28.11.2024;19:58;A  7;1;6;3;3;2;1;1;0;0;0;0;1;2;0;0;1;2;0;0;0;0;0;0;0;0;0;0;0;0;0;0
28.11.2024;19:57;A  7;1;0;0;0;0;4;3;2;1;1;2;0;0;0;0;0;0;0;0;0;0;0;0;0;0;0;0;0;0;0;0
28.11.2024;19:56;A  7;1;4;3;2;1;3;3;1;1;0;0;0;0;0;0;0;0;0;0;0;0;1;2;0;0;0;0;0;0;0;0
28.11.2024;19:55;A  7;1;2;4;0;0;1;1;1;1;1;2;0;0;0;0;1;2;1;2;0;0;0;0;0;0;1;2;0;0;0;0
28.11.2024;19:54;A  7;1;8;4;5;3;2;2;1;1;1;2;1;2;0;0;0;0;0;0;0;0;0;0;0;0;0;0;0;0;0;0
28.11.2024;19:53;A  7;1;4;2;2;1;3;2;2;1;0;0;0;0;0;0;0;0;0;0;0;0;1;2;0;0;0;0;0;0;1;2
28.11.2024;19:52;A  7;1;8;7;0;0;0;0;1;1;0;0;1;2;0;0;1;2;1;2;0;0;0;0;2;4;1;2;0;0;0;0
28.11.2024;19:51;A  7;1;10;15;6;4;3;3;2;2;1;2;0;0;0;0;1;2;0;0;0;0;1;2;0;0;1;2;0;0;0;0
28.11.2024;19:50;A  7;1;6;4;3;3;2;1;2;2;1;2;1;2;0;0;0;0;1;2;0;0;0;0;1;2;0;0;0;0;0;0
28.11.2024;19:49;A  7;1;8;6;5;5;2;2;0;0;0;0;1;2;0;0;1;2;0;0;0;0;0;0;0;0;0;0;0;0;0;0
28.11.2024;19:48;A  7;1;5;4;2;2;1;1;1;1;1;2;0;0;0;0;0;0;0;0;0;0;0;0;0;0;1;41;0;0;0;0
28.11.2024;19:47;A  7;1;4;2;1;1;2;2;4;6;1;2;0;0;0;0;1;2;0;0;0;0;0;0;1;2;0;0;0;0;0;0
28.11.2024;19:46;A  7;1;7;3;4;2;2;2;1;1;0;0;1;2;0;0;0;0;0;0;0;0;1;2;1;2;1;2;0;0;0;0
28.11.2024;19:45;A  7;1;4;5;0;0;3;3;4;3;1;2;0;0;0;0;0;0;1;2;0;0;0;0;0;0;0;0;0;0;0;0
28.11.2024;19:44;A  7;1;5;4;3;3;5;6;2;2;0;0;0;0;0;0;0;0;0;0;0;0;0;0;1;2;1;2;0;0;0;0
28.11.2024;19:43;A  7;1;0;0;0;0;2;1;2;1;0;0;0;0;0;0;0;0;0;0;0;0;0;0;0;0;1;2;0;0;0;0
28.11.2024;19:42;A  7;1;2;2;2;4;4;3;2;2;0;0;0;0;0;0;0;0;0;0;0;0;1;2;1;3;0;0;0;0;1;2
28.11.2024;19:41;A  7;1;8;6;2;2;2;2;1;1;0;0;0;0;0;0;0;0;1;2;0;0;1;2;0;0;1;2;0;0;0;0
28.11.2024;19:40;A  7;1;4;3;4;3;2;1;2;2;0;0;0;0;0;0;1;2;1;2;0;0;0;0;1;2;1;3;0;0;0;0
28.11.2024;19:39;A  7;1;1;1;0;0;3;2;2;2;1;2;1;2;0;0;0;0;0;0;0;0;1;2;0;0;0;0;0;0;0;0
28.11.2024;19:38;A  7;1;4;6;2;3;5;4;3;2;0;0;0;0;0;0;0;0;1;2;0;0;0;0;0;0;0;0;1;3;0;0
28.11.2024;19:37;A  7;1;10;7;8;9;1;1;3;2;0;0;0;0;0;0;0;0;0;0;0;0;1;2;0;0;0;0;1;3;0;0
28.11.2024;19:36;A  7;1;5;12;2;1;6;5;2;1;0;0;0;0;0;0;1;2;1;2;0;0;0;0;0;0;0;0;1;3;0;0
28.11.2024;19:35;A  7;1;9;8;3;2;3;3;3;2;1;2;1;2;0;0;1;2;0;0;0;0;0;0;0;0;1;2;1;2;0;0
28.11.2024;19:34;A  7;1;2;1;0;0;1;1;0;0;1;2;1;2;0;0;0;0;0;0;0;0;0;0;0;0;0;0;0;0;0;0
28.11.2024;19:33;A  7;1;5;3;3;2;4;3;2;2;0;0;0;0;0;0;0;0;0;0;0;0;0;0;0;0;0;0;0;0;0;0
28.11.2024;19:32;A  7;1;5;2;4;2;5;4;1;1;0;0;0;0;0;0;0;0;0;0;0;0;1;2;0;0;0;0;0;0;0;0
28.11.2024;19:31;A  7;1;3;2;1;1;3;2;1;1;0;0;0;0;0;0;1;2;1;2;0;0;0;0;1;2;0;0;0;0;0;0
28.11.2024;19:30;A  7;1;6;7;2;2;4;3;5;4;1;2;1;2;0;0;0;0;0;0;0;0;0;0;0;0;0;0;0;0;0;0
28.11.2024;19:29;A  7;1;7;4;1;1;5;5;0;0;0;0;0;0;0;0;1;2;0;0;0;0;0;0;0;0;1;2;0;0;0;0
28.11.2024;19:28;A  7;1;8;9;1;1;0;0;1;1;1;3;2;3;0;0;1;2;0;0;0;0;1;2;0;0;0;0;0;0;0;0
28.11.2024;19:27;A  7;1;6;6;1;2;5;4;2;1;1;0;0;0;0;0;0;0;1;2;0;0;0;0;1;3;0;0;0;0;0;0
28.11.2024;19:26;A  7;1;4;2;3;2;3;2;3;2;1;2;0;0;0;0;0;0;0;0;0;0;1;2;1;2;1;4;0;0;0;0
28.11.2024;19:25;A  7;1;16;10;8;6;4;3;2;1;0;0;1;2;0;0;1;2;1;2;0;0;0;0;0;0;0;0;0;0;0;0
28.11.2024;19:24;A  7;1;11;10;3;2;6;5;2;1;1;2;0;0;0;0;0;0;0;0;0;0;0;0;0;0;0;0;0;0;0;0
28.11.2024;19:23;A  7;1;5;4;4;3;4;5;1;1;0;0;0;0;0;0;0;0;0;0;0;0;1;2;2;4;0;0;0;0;0;0
28.11.2024;19:22;A  7;1;7;4;3;2;2;2;3;2;0;0;0;0;0;0;0;0;1;2;0;0;0;0;1;2;1;2;0;0;0;0
28.11.2024;19:21;A  7;1;4;2;1;1;6;4;3;2;1;2;0;0;0;0;1;2;0;0;0;0;1;2;1;9;0;0;0;0;0;0
28.11.2024;19:20;A  7;1;4;3;3;3;2;1;1;1;1;2;1;2;0;0;1;2;1;1;0;0;1;2;0;0;0;0;0;0;2;6
28.11.2024;19:19;A  7;1;12;9;5;4;4;8;1;1;1;2;1;2;0;0;0;0;1;2;0;0;0;0;0;0;1;2;0;0;0;0
28.11.2024;19:18;A  7;1;9;6;2;1;1;1;1;1;0;0;0;0;0;0;0;0;0;0;0;0;0;0;1;2;1;4;7;23;0;0
28.11.2024;19:17;A  7;1;8;5;3;2;4;3;2;2;0;0;0;0;0;0;0;0;0;0;0;0;0;0;1;2;0;0;0;0;0;0
28.11.2024;19:16;A  7;1;8;5;5;3;4;3;2;1;0;0;0;0;0;0;0;0;0;0;0;0;1;2;0;0;1;2;0;0;0;0
28.11.2024;19:15;A  7;1;6;8;3;4;5;4;3;3;0;0;0;0;0;0;1;2;1;2;0;0;0;0;1;2;1;4;0;0;0;0
28.11.2024;19:14;A  7;1;7;7;3;2;8;7;3;2;1;2;1;2;0;0;0;0;0;0;0;0;1;2;1;2;0;0;1;2;0;0
28.11.2024;19:13;A  7;1;11;9;3;2;4;4;3;3;0;0;0;0;0;0;0;0;1;2;0;0;1;2;0;0;0;0;1;2;1;2
28.11.2024;19:12;A  7;1;6;4;1;1;3;2;3;2;0;0;1;2;0;0;1;2;1;2;0;0;0;0;0;0;1;7;1;3;0;0
28.11.2024;19:11;A  7;1;6;5;9;9;3;3;0;0;1;2;0;0;0;0;0;0;0;0;0;0;0;0;0;0;1;2;0;0;1;2
28.11.2024;19:10;A  7;1;3;2;2;2;4;4;1;1;0;0;1;2;0;0;1;2;0;0;0;0;0;0;0;0;0;0;1;4;0;0
28.11.2024;19:09;A  7;1;5;3;2;2;5;3;2;2;1;2;0;0;0;0;0;0;0;0;0;0;0;0;0;0;0;0;0;0;0;0
28.11.2024;19:08;A  7;1;3;2;0;0;5;5;3;1;0;0;0;0;0;0;0;0;0;0;0;0;0;0;0;0;1;2;0;0;0;0
28.11.2024;19:07;A  7;1;5;3;1;1;3;3;2;2;0;0;0;0;0;0;0;0;0;0;0;0;1;2;0;0;0;0;0;0;0;0
28.11.2024;19:06;A  7;1;9;7;5;5;3;3;2;1;0;0;0;0;0;0;1;2;1;2;0;0;0;0;1;3;1;2;0;0;0;0
28.11.2024;19:05;A  7;1;7;6;6;5;6;5;5;6;0;0;1;2;0;0;0;1;0;0;0;0;1;2;1;3;2;6;0;0;0;0
28.11.2024;19:04;A  7;1;7;5;4;5;4;4;4;3;1;2;1;2;0;0;1;0;1;2;0;0;0;0;2;9;1;3;2;13;0;0
28.11.2024;19:03;A  7;1;7;5;0;0;4;4;3;2;0;0;0;0;0;0;1;2;0;0;0;0;0;0;0;0;0;0;0;0;0;0
28.11.2024;19:02;A  7;1;7;7;5;5;8;7;3;1;1;2;1;2;0;0;2;3;0;0;0;0;1;2;1;2;0;0;0;0;1;2
28.11.2024;19:01;A  7;1;6;5;2;2;5;4;2;2;2;3;2;3;0;0;0;0;1;2;0;0;0;0;0;0;1;2;0;0;0;0
28.11.2024;19:00;A  7;1;6;5;4;3;6;4;1;1;0;0;0;0;0;0;0;0;0;0;0;0;0;0;0;0;0;0;0;0;0;0
28.11.2024;18:59;A  7;1;8;6;4;3;6;7;4;2;0;0;0;0;0;0;0;0;0;0;0;0;2;3;0;0;1;2;0;0;0;0
28.11.2024;18:58;A  7;1;9;8;5;3;10;9;3;2;0;0;0;0;0;0;0;0;2;3;0;0;0;0;1;2;1;2;0;0;0;0
28.11.2024;18:57;A  7;1;3;2;1;1;3;3;2;2;0;0;0;0;0;0;0;0;0;0;0;0;0;0;0;0;0;0;0;0;0;0
28.11.2024;18:56;A  7;1;3;4;1;1;6;5;3;2;0;0;0;0;0;0;1;2;1;2;0;0;2;3;1;3;0;0;0;0;1;2
28.11.2024;18:55;A  7;1;11;8;3;2;6;6;5;3;1;2;1;2;0;0;0;0;1;2;0;0;1;2;1;2;1;2;0;0;0;0
28.11.2024;18:54;A  7;1;4;4;1;2;9;8;4;3;0;0;0;0;0;0;0;0;1;2;0;0;0;0;1;7;1;2;0;0;0;0
28.11.2024;18:53;A  7;1;8;6;4;3;10;10;5;3;0;0;0;0;0;0;0;0;0;0;0;0;0;0;2;7;0;0;0;0;0;0
28.11.2024;18:52;A  7;1;9;8;4;3;2;1;4;3;1;2;1;2;0;0;1;2;0;0;0;0;0;0;0;0;0;0;0;0;0;0
28.11.2024;18:51;A  7;1;7;5;3;2;1;13;1;1;0;0;0;0;0;0;0;0;0;0;0;0;0;0;1;3;1;2;0;0;0;0
28.11.2024;18:50;A  7;1;9;6;2;1;11;33;3;2;0;0;0;0;0;0;1;2;0;0;0;0;0;0;2;4;0;0;0;0;1;2
28.11.2024;18:49;A  7;1;4;3;3;2;2;2;1;1;0;0;1;2;0;0;0;0;0;0;0;0;0;0;0;0;0;0;0;0;0;0
28.11.2024;18:48;A  7;1;5;3;2;1;5;4;2;2;2;3;0;0;0;0;0;0;0;0;0;0;0;0;1;2;0;0;0;0;0;0
28.11.2024;18:47;A  7;1;6;6;4;4;6;5;5;3;0;0;0;0;0;0;1;2;0;0;0;0;1;2;1;2;1;3;0;0;0;0
28.11.2024;18:46;A  7;1;11;9;6;4;3;3;2;1;2;3;1;2;0;0;0;0;1;2;0;0;1;2;0;0;1;1;1;2;0;0
28.11.2024;18:45;A  7;1;5;7;2;2;3;3;4;2;0;0;0;0;0;0;1;2;1;2;0;0;1;2;1;2;1;2;0;0;0;0
28.11.2024;18:44;A  7;1;9;6;6;5;5;26;3;3;1;2;1;2;0;0;0;0;1;2;0;0;0;0;0;0;0;0;0;0;0;0
28.11.2024;18:43;A  7;1;10;6;7;4;4;4;4;4;0;0;0;0;0;0;0;0;0;0;0;0;0;0;1;4;0;0;0;0;0;0
28.11.2024;18:42;A  7;1;2;1;2;2;5;4;3;2;0;0;0;0;0;0;0;0;0;0;0;0;0;0;1;2;1;2;0;0;0;0
28.11.2024;18:41;A  7;1;8;7;7;6;7;6;5;4;0;0;1;2;0;0;1;3;0;0;0;0;1;2;1;2;1;2;1;2;1;2
28.11.2024;18:40;A  7;1;8;5;4;2;5;5;2;1;2;3;1;2;0;0;1;0;1;2;0;0;0;0;0;0;0;0;0;0;0;0
28.11.2024;18:39;A  7;1;8;11;7;12;5;3;3;2;0;0;0;0;0;0;0;0;1;2;0;0;2;3;1;2;0;0;1;3;1;2
28.11.2024;18:38;A  7;1;7;5;2;1;10;11;9;8;0;0;0;0;0;0;0;0;1;1;0;0;0;0;0;0;1;2;0;0;0;0
28.11.2024;18:37;A  7;1;7;6;2;2;3;3;2;2;0;0;0;0;0;0;0;0;0;0;0;0;0;0;0;0;1;2;0;0;0;0
28.11.2024;18:36;A  7;1;4;3;1;1;2;2;3;2;0;0;0;0;0;0;0;0;1;2;0;0;1;2;1;2;0;0;0;0;0;0
28.11.2024;18:35;A  7;1;6;3;5;3;7;26;3;3;0;0;0;0;0;0;1;2;0;0;0;0;0;0;2;5;1;2;0;0;0;0
28.11.2024;18:34;A  7;1;7;5;5;5;7;9;3;2;1;2;1;2;0;0;0;0;0;0;0;0;0;0;1;3;0;0;0;0;0;0
28.11.2024;18:33;A  7;1;4;2;4;3;5;3;6;5;0;0;0;0;0;0;0;0;0;0;0;0;0;0;1;2;1;2;0;0;0;0
28.11.2024;18:32;A  7;1;10;7;2;1;7;5;3;2;1;2;1;2;0;0;2;3;0;0;0;0;1;2;0;0;0;0;0;0;0;0
28.11.2024;18:31;A  7;1;13;12;6;5;6;5;2;1;2;4;2;3;0;0;1;2;1;2;0;0;0;0;0;0;1;2;0;0;0;0
28.11.2024;18:30;A  7;1;7;8;2;2;4;3;2;1;1;1;0;0;0;0;1;2;0;0;0;0;0;0;1;3;0;0;0;0;1;2
28.11.2024;18:29;A  7;1;9;6;5;4;9;11;7;7;1;2;1;2;0;0;0;0;0;0;0;0;0;0;1;2;1;3;0;0;0;0
28.11.2024;18:28;A  7;1;6;4;3;2;4;3;3;2;0;0;0;0;0;0;0;0;0;0;0;0;0;0;1;2;1;2;0;0;0;0
28.11.2024;18:27;A  7;1;7;6;2;1;8;6;5;3;0;0;0;0;0;0;0;0;0;0;0;0;1;2;0;0;0;0;0;0;0;0
28.11.2024;18:26;A  7;1;12;9;7;5;4;4;0;0;0;0;0;0;0;0;1;2;1;2;0;0;0;0;2;8;0;0;1;2;0;0
28.11.2024;18:25;A  7;1;6;4;1;1;8;7;7;5;1;2;1;2;0;0;0;0;0;0;0;0;0;0;1;0;1;2;0;0;0;0
28.11.2024;18:24;A  7;1;5;4;1;1;7;7;1;1;0;0;0;0;0;0;0;0;0;0;0;0;0;0;0;0;1;2;0;0;0;0
28.11.2024;18:23;A  7;1;7;5;3;2;6;5;4;3;0;0;0;0;0;0;1;2;0;0;0;0;1;2;0;0;1;2;0;0;1;2
28.11.2024;18:22;A  7;1;8;10;3;3;6;5;6;4;3;5;2;3;0;0;2;3;1;2;0;0;1;2;1;4;0;0;0;0;1;2
28.11.2024;18:21;A  7;1;5;4;2;1;4;3;3;2;0;0;1;2;0;0;0;0;1;2;0;0;0;0;3;12;1;2;0;0;0;0
28.11.2024;18:20;A  7;1;8;5;8;6;9;10;4;4;1;2;0;0;0;0;0;0;0;0;0;0;1;2;0;0;0;0;0;0;0;0
28.11.2024;18:19;A  7;1;7;5;4;3;5;6;0;0;0;0;0;0;0;0;0;0;1;2;0;0;0;0;0;0;0;0;0;0;0;0
28.11.2024;18:18;A  7;1;10;7;3;3;7;5;3;2;0;0;0;0;0;0;0;0;2;3;0;0;3;5;0;0;1;4;1;3;1;2
28.11.2024;18:17;A  7;1;10;11;7;6;9;9;5;5;0;0;0;0;0;0;0;0;1;2;0;0;0;0;1;4;1;2;0;0;0;0
28.11.2024;18:16;A  7;1;10;9;2;1;6;5;0;0;0;0;0;0;0;0;0;0;0;0;0;0;0;0;0;0;0;0;1;2;0;0
28.11.2024;18:15;A  7;1;6;7;1;1;4;3;3;3;0;0;0;0;0;0;1;2;0;0;0;0;0;0;2;5;2;5;0;1;1;2
28.11.2024;18:14;A  7;1;11;9;7;6;7;8;6;6;1;2;1;2;0;0;0;0;0;0;0;0;0;0;2;7;0;0;1;1;0;0
28.11.2024;18:13;A  7;1;10;7;4;3;7;6;4;2;0;0;0;0;0;0;0;0;0;0;0;0;1;2;1;2;1;2;0;0;1;2
28.11.2024;18:12;A  7;1;5;5;1;1;6;4;5;3;0;0;0;0;0;0;0;0;1;2;0;0;0;0;0;0;0;0;0;0;0;0
28.11.2024;18:11;A  7;1;14;10;4;3;4;4;6;5;1;2;1;2;0;0;1;2;0;0;0;0;0;0;2;4;1;2;0;0;1;2
28.11.2024;18:10;A  7;1;11;9;8;8;5;5;1;1;1;2;1;2;0;0;1;2;0;0;0;0;0;0;1;2;0;0;0;0;0;0
28.11.2024;18:09;A  7;1;7;7;4;3;5;4;2;2;1;2;0;0;0;0;1;2;0;0;0;0;0;0;2;5;1;2;0;0;1;2
28.11.2024;18:08;A  7;1;11;7;4;3;6;5;3;2;1;2;1;2;0;0;0;0;0;0;0;0;0;0;0;0;0;0;0;0;0;0
28.11.2024;18:07;A  7;1;7;5;7;6;7;6;5;4;0;0;0;0;0;0;0;0;0;0;0;0;1;2;1;2;1;2;1;4;1;2
28.11.2024;18:06;A  7;1;3;1;2;1;4;3;3;2;0;0;0;0;0;0;1;2;1;2;0;0;0;0;0;2;0;0;0;0;0;0
28.11.2024;18:05;A  7;1;17;21;7;5;10;19;7;5;1;2;1;2;0;0;0;0;0;0;0;0;0;0;2;3;1;2;0;0;0;0
28.11.2024;18:04;A  7;1;6;4;2;2;3;2;3;2;0;0;0;0;0;0;0;0;0;0;0;0;1;2;1;2;0;0;0;0;1;2
28.11.2024;18:03;A  7;1;10;25;7;5;10;9;2;2;0;0;0;0;0;0;0;0;2;3;0;0;2;3;0;0;1;3;0;0;0;0
28.11.2024;18:02;A  7;1;12;12;6;5;10;25;4;2;0;0;0;0;0;0;0;0;1;2;0;0;1;2;1;4;0;0;1;2;0;0
28.11.2024;18:01;A  7;1;13;10;8;6;8;9;7;7;0;0;0;0;0;0;0;0;1;2;0;0;0;0;0;0;1;2;0;0;0;2
28.11.2024;18:00;A  7;1;7;7;1;1;6;5;6;4;0;0;0;0;0;0;1;2;0;0;0;0;0;0;1;2;0;0;1;5;1;2
28.11.2024;17:59;A  7;1;13;12;7;7;5;4;6;4;1;2;1;2;0;0;0;0;0;0;0;0;1;2;0;0;1;2;0;0;0;0
28.11.2024;17:58;A  7;1;14;9;6;5;11;30;6;5;0;0;0;0;0;0;0;0;1;2;0;0;1;2;1;4;1;2;0;0;0;0
28.11.2024;17:57;A  7;1;11;19;4;5;5;4;3;2;0;0;0;0;0;0;1;2;1;2;0;0;0;0;1;1;1;2;0;0;1;2
28.11.2024;17:56;A  7;1;11;7;7;5;10;10;5;4;1;2;1;2;0;0;2;3;0;0;0;0;0;0;1;4;2;4;0;0;0;0
28.11.2024;17:55;A  7;1;9;8;4;4;12;13;4;3;1;2;2;3;0;0;0;0;0;0;0;0;1;2;1;3;1;3;0;0;0;0
28.11.2024;17:54;A  7;1;9;9;4;3;7;5;2;1;1;2;0;0;0;0;1;2;1;2;0;0;0;0;1;2;0;0;0;0;1;2
28.11.2024;17:53;A  7;1;4;3;6;4;7;6;3;3;0;0;1;2;0;0;1;2;0;0;0;0;0;0;1;2;3;7;1;2;0;0
28.11.2024;17:52;A  7;1;12;11;9;8;9;9;4;3;2;3;1;2;0;0;0;0;0;0;0;0;0;0;1;2;0;0;1;2;0;0
28.11.2024;17:51;A  7;1;8;6;1;1;7;7;3;2;0;0;0;0;0;0;0;0;0;0;0;0;0;0;2;12;1;2;0;0;0;0
28.11.2024;17:50;A  7;1;13;18;9;11;6;6;2;2;0;0;0;0;0;0;0;0;0;0;0;0;0;0;1;8;0;0;0;0;0;0
28.11.2024;17:49;A  7;1;17;11;12;11;7;7;7;6;0;0;0;0;0;0;0;0;0;0;0;0;1;2;1;2;1;2;0;0;0;0
28.11.2024;17:48;A  7;1;12;43;4;5;5;5;2;2;0;0;0;0;0;0;0;0;1;2;0;0;1;2;1;4;0;0;1;2;0;0
28.11.2024;17:47;A  7;1;10;21;11;10;10;9;5;3;0;0;0;0;0;0;0;0;1;2;0;0;0;0;0;0;1;4;0;0;0;0
28.11.2024;17:46;A  7;1;5;8;0;0;11;11;5;4;0;0;0;0;0;0;0;0;0;0;0;0;0;0;1;2;1;2;0;0;0;0
28.11.2024;17:45;A  7;1;0;0;0;0;7;9;7;5;0;0;0;0;0;0;1;2;0;0;0;0;0;0;1;2;0;0;0;0;0;0
28.11.2024;17:44;A  7;1;13;15;9;6;11;15;3;3;1;2;1;2;0;0;0;0;0;0;0;0;0;0;1;2;1;2;0;0;1;2
28.11.2024;17:43;A  7;1;3;3;5;5;7;7;5;6;0;0;0;0;0;0;0;0;0;0;0;0;1;2;1;2;1;2;1;3;3;7
28.11.2024;17:42;A  7;1;5;4;1;1;5;5;6;5;1;2;0;0;0;0;1;2;1;2;0;0;0;0;3;7;2;4;0;0;0;0
28.11.2024;17:41;A  7;1;8;6;7;5;11;12;7;6;1;2;1;2;0;0;0;0;0;0;0;0;1;2;1;3;1;2;0;0;0;0
28.11.2024;17:40;A  7;1;12;10;7;6;12;39;4;5;0;0;0;0;0;0;1;2;1;2;0;0;0;0;1;6;2;4;0;2;0;0
28.11.2024;17:39;A  7;1;6;6;3;7;5;5;4;16;1;2;1;2;0;0;1;2;0;0;0;0;0;0;1;2;0;0;1;0;0;0
28.11.2024;17:38;A  7;1;12;14;6;7;9;14;10;39;1;2;1;2;0;0;0;0;0;0;0;0;0;0;1;2;3;16;0;2;1;2
28.11.2024;17:37;A  7;1;10;7;5;4;16;14;10;9;0;0;1;2;0;0;1;2;0;0;0;0;1;2;1;4;0;0;1;0;0;0
28.11.2024;17:36;A  7;1;4;3;2;1;6;6;7;6;1;2;1;2;0;0;2;3;1;2;0;0;1;2;1;2;0;0;0;0;0;0
28.11.2024;17:35;A  7;1;9;30;7;13;7;9;8;7;2;3;1;2;0;0;0;0;1;2;0;0;0;0;0;0;0;0;1;2;0;0
28.11.2024;17:34;A  7;1;9;7;7;5;9;9;4;2;0;0;0;0;0;0;0;0;0;0;0;0;0;0;0;0;1;2;0;0;1;2
28.11.2024;17:33;A  7;1;9;7;3;3;4;3;4;3;0;0;0;0;0;0;0;0;0;0;0;0;1;2;1;2;0;0;0;0;0;0
28.11.2024;17:32;A  7;1;9;5;7;5;9;8;3;2;0;0;0;0;0;0;0;0;1;2;0;0;0;0;0;0;2;4;0;0;0;0
28.11.2024;17:31;A  7;1;12;7;9;7;6;8;4;3;0;0;0;0;0;0;1;2;0;0;0;0;0;0;2;5;0;0;0;0;0;0
28.11.2024;17:30;A  7;1;6;6;1;1;5;4;5;4;0;0;1;2;0;0;0;0;0;0;0;0;1;2;0;0;2;4;0;0;0;0
28.11.2024;17:29;A  7;1;8;7;4;4;7;8;9;7;1;2;0;0;0;0;0;0;1;2;0;0;0;0;1;2;0;0;0;0;0;0
28.11.2024;17:28;A  7;1;8;8;8;9;6;7;5;5;0;0;0;0;0;0;0;0;0;0;0;0;0;0;3;7;1;2;1;2;2;4
28.11.2024;17:27;A  7;1;6;5;2;2;6;5;3;2;0;0;0;0;0;0;1;2;0;1;0;0;1;2;1;4;1;2;0;0;0;0
28.11.2024;17:26;A  7;1;9;9;4;4;9;8;6;5;1;2;1;2;0;0;0;0;1;0;0;0;0;0;1;2;0;0;0;0;0;0
28.11.2024;17:25;A  7;1;15;35;10;9;5;4;5;4;0;0;0;0;0;0;0;0;0;0;0;0;0;0;0;0;1;2;0;0;0;0
28.11.2024;17:24;A  7;1;10;12;2;2;4;4;3;2;0;0;0;0;0;0;0;0;0;0;0;0;0;0;2;5;2;4;1;2;0;0
28.11.2024;17:23;A  7;1;4;2;7;7;6;7;3;2;0;0;0;0;0;0;1;2;0;0;0;0;0;0;1;4;1;4;0;0;1;4
28.11.2024;17:22;A  7;1;11;9;6;4;1;1;1;1;1;2;1;2;0;0;0;0;0;0;0;0;2;3;2;5;1;2;0;0;0;0
28.11.2024;17:21;A  7;1;8;8;2;1;5;4;5;4;0;0;0;0;0;0;1;2;2;3;0;0;0;0;0;0;1;2;1;2;1;5
28.11.2024;17:20;A  7;1;9;7;5;5;8;9;6;5;1;2;1;2;0;0;0;0;0;0;0;0;0;0;1;2;1;2;0;0;0;0
28.11.2024;17:19;A  7;1;8;5;7;6;7;6;3;3;0;0;0;0;0;0;0;0;0;0;0;0;1;2;3;10;1;2;0;0;1;2
28.11.2024;17:18;A  7;1;9;9;2;2;3;3;4;3;0;0;0;0;0;0;1;2;1;2;0;0;0;0;0;0;0;0;1;3;0;0
28.11.2024;17:17;A  7;1;16;12;5;4;8;9;5;5;2;3;1;2;0;0;0;0;0;0;0;0;0;0;2;7;2;4;0;0;1;2
28.11.2024;17:16;A  7;1;9;5;5;4;6;4;3;2;0;0;1;2;0;0;1;2;0;0;0;0;0;0;0;0;1;2;1;2;0;0
28.11.2024;17:15;A  7;1;7;5;1;1;6;5;4;3;1;2;0;0;0;0;0;0;0;0;0;0;0;0;1;2;3;7;0;0;0;0
28.11.2024;17:14;A  7;1;10;35;9;19;10;8;7;5;0;0;0;0;0;0;0;0;0;0;0;0;1;2;1;2;0;0;1;2;1;2
28.11.2024;17:13;A  7;1;16;14;13;10;5;4;1;1;0;0;0;0;0;0;0;0;1;2;0;0;2;3;1;2;1;2;1;2;1;2
28.11.2024;17:12;A  7;1;5;6;4;5;6;6;5;4;1;2;0;0;0;0;1;2;1;2;0;0;0;0;1;2;1;2;1;2;0;0
28.11.2024;17:11;A  7;1;14;17;6;5;5;5;6;5;1;2;2;3;0;0;1;2;1;1;0;0;0;0;0;0;1;4;0;0;0;0
28.11.2024;17:10;A  7;1;12;10;4;4;9;8;3;3;1;2;0;0;0;0;0;0;0;0;0;0;0;0;0;0;1;2;0;0;0;0
28.11.2024;17:09;A  7;1;10;9;3;3;4;4;5;4;0;0;0;0;0;0;0;0;0;0;0;0;0;0;0;0;1;2;0;0;0;0
28.11.2024;17:08;A  7;1;6;16;7;9;8;9;5;5;0;0;1;2;0;0;1;2;1;2;0;0;1;2;2;4;2;4;0;0;0;0
28.11.2024;17:07;A  7;1;11;9;4;3;9;9;12;9;1;2;1;2;0;0;1;2;0;0;0;0;0;0;0;0;2;6;0;0;0;0
28.11.2024;17:06;A  7;1;8;8;7;5;6;5;4;3;1;2;0;0;0;0;0;0;0;0;0;0;0;0;0;0;1;2;0;0;0;0
28.11.2024;17:05;A  7;1;9;13;9;25;4;4;7;6;0;0;0;0;0;0;0;0;1;2;0;0;1;2;0;0;1;2;0;0;1;2
28.11.2024;17:04;A  7;1;11;12;12;28;12;40;4;3;0;0;0;0;0;0;0;0;0;0;0;0;0;0;1;3;1;2;1;2;1;2
28.11.2024;17:03;A  7;1;6;38;6;17;2;2;3;3;0;0;1;2;0;0;1;2;0;0;0;0;0;0;1;2;1;2;2;7;0;0
28.11.2024;17:02;A  7;1;5;5;3;2;5;4;3;2;1;2;0;0;0;0;0;0;0;0;0;0;1;2;1;2;0;0;2;6;0;0
28.11.2024;17:01;A  7;1;9;9;7;10;6;6;4;3;0;0;0;0;0;0;0;0;1;2;0;0;0;0;1;4;1;2;0;0;0;0
28.11.2024;17:00;A  7;1;6;5;8;7;3;11;5;4;0;0;0;0;0;0;1;2;0;0;0;0;1;2;1;2;2;5;0;0;0;0
28.11.2024;16:59;A  7;1;11;23;10;9;11;23;7;6;1;2;1;2;0;0;0;0;1;2;0;0;0;0;1;4;1;2;1;2;0;0
28.11.2024;16:58;A  7;1;13;21;7;6;7;18;6;6;0;0;0;0;0;0;0;0;0;0;0;0;0;0;1;3;1;3;0;0;0;0
28.11.2024;16:57;A  7;1;7;20;6;7;6;5;4;4;0;0;0;0;0;0;0;0;0;1;0;0;1;2;1;2;2;4;3;8;3;7
28.11.2024;16:56;A  7;1;7;5;8;6;14;14;4;3;0;0;0;0;0;0;1;2;2;2;0;0;2;3;0;0;1;2;1;2;1;2
28.11.2024;16:55;A  7;1;9;8;6;5;7;9;7;6;1;2;1;2;0;0;0;0;1;2;0;0;0;0;0;0;1;2;0;0;0;0
28.11.2024;16:54;A  7;1;8;7;3;3;5;4;6;3;0;0;1;2;0;0;1;2;0;0;0;0;0;0;0;0;1;2;0;0;0;0
28.11.2024;16:53;A  7;1;6;3;6;5;5;5;2;2;1;2;0;0;0;0;0;0;0;0;0;0;0;0;0;0;0;0;0;0;0;0
28.11.2024;16:52;A  7;1;9;10;5;3;12;12;4;3;0;0;0;0;0;0;0;0;0;0;0;0;0;0;0;0;0;0;1;2;1;2
28.11.2024;16:51;A  7;1;6;9;0;0;5;5;3;2;0;0;0;0;0;0;1;2;0;0;0;0;1;2;1;4;1;2;0;0;0;0
28.11.2024;16:50;A  7;1;9;31;4;3;10;9;6;4;1;2;1;2;0;0;1;2;1;2;0;0;0;0;0;0;2;4;0;0;0;0
28.11.2024;16:49;A  7;1;10;16;6;4;10;10;3;4;0;0;1;2;0;0;0;0;0;0;0;0;1;2;1;3;1;11;1;2;0;0
28.11.2024;16:48;A  7;1;6;7;2;2;6;9;7;5;1;2;0;0;0;0;0;0;1;2;0;0;0;0;1;2;0;0;0;0;0;0
28.11.2024;16:47;A  7;1;9;28;6;5;7;20;5;5;0;0;0;0;0;0;0;0;0;0;0;0;0;0;1;2;1;4;0;0;0;0
28.11.2024;16:46;A  7;1;13;12;9;6;6;7;4;3;0;0;1;2;0;0;1;2;0;0;0;0;0;0;1;4;0;2;1;3;1;2
28.11.2024;16:45;A  7;1;4;3;1;1;4;3;1;0;1;2;0;0;0;0;0;0;0;0;0;0;0;0;2;4;1;1;0;0;0;0
28.11.2024;16:44;A  7;1;8;5;3;2;9;10;5;4;1;2;0;0;0;0;0;0;0;0;0;0;1;2;1;2;1;2;0;0;0;0
28.11.2024;16:43;A  7;1;12;29;9;9;5;4;2;3;0;0;0;0;0;0;0;0;1;2;0;0;0;0;1;5;0;0;0;0;0;0
28.11.2024;16:42;A  7;1;7;9;3;3;3;2;5;4;0;0;0;0;0;0;1;2;1;2;0;0;1;2;0;0;2;17;1;2;0;0
28.11.2024;16:41;A  7;1;6;13;5;7;9;9;4;2;2;3;1;2;0;0;0;0;0;0;0;0;0;0;0;0;1;2;0;0;0;0
28.11.2024;16:40;A  7;1;16;15;7;6;9;30;7;6;0;0;0;0;0;0;0;0;0;0;0;0;0;0;2;6;1;2;1;2;0;0
28.11.2024;16:39;A  7;1;10;9;7;7;9;13;6;5;0;0;0;0;0;0;0;0;0;0;0;0;0;0;0;0;0;2;1;4;0;0
28.11.2024;16:38;A  7;1;15;27;11;25;10;32;7;7;0;0;0;0;0;0;2;3;0;0;0;0;1;2;2;5;2;2;0;0;0;0
28.11.2024;16:37;A  7;1;9;6;9;8;10;11;4;5;2;3;2;3;0;0;0;0;1;2;0;0;1;2;1;2;0;0;1;2;0;0
28.11.2024;16:36;A  7;1;7;7;4;4;7;4;5;4;0;0;0;0;0;0;0;0;1;2;0;0;0;0;0;0;0;0;0;0;0;0
28.11.2024;16:35;A  7;1;7;6;5;3;10;9;5;3;0;0;0;0;0;0;0;0;0;0;0;0;1;2;2;5;1;2;0;0;0;0
28.11.2024;16:34;A  7;1;8;6;4;3;3;3;6;7;0;0;0;0;0;0;0;0;1;2;0;0;0;0;2;10;0;0;1;2;0;0
28.11.2024;16:33;A  7;1;6;4;6;6;6;4;7;6;0;0;0;0;0;0;1;2;0;0;0;0;0;0;2;6;1;2;1;3;0;0
28.11.2024;16:32;A  7;1;12;9;7;5;8;9;4;7;1;2;1;2;0;0;0;0;0;0;0;0;1;2;1;2;0;0;2;14;0;0
28.11.2024;16:31;A  7;1;15;10;9;7;5;4;3;2;0;0;2;3;0;0;2;3;1;2;0;0;0;0;3;7;0;0;0;0;0;0
28.11.2024;16:30;A  7;1;9;6;5;5;5;4;2;2;2;3;0;0;0;0;0;0;0;0;0;0;0;0;1;4;0;0;0;0;0;0
28.11.2024;16:29;A  7;1;12;9;8;6;7;13;5;4;0;0;0;0;0;0;2;3;0;0;0;0;1;2;0;0;1;2;0;0;1;2
28.11.2024;16:28;A  7;1;9;12;3;2;4;4;6;4;1;2;2;3;0;0;0;0;1;2;0;0;1;2;2;5;1;20;0;0;1;2
28.11.2024;16:27;A  7;1;7;6;4;5;5;3;4;3;0;0;0;0;0;0;0;0;1;2;0;0;0;0;1;2;0;0;1;3;0;0
28.11.2024;16:26;A  7;1;11;19;6;3;9;8;6;4;0;0;0;0;0;0;1;2;0;0;0;0;1;2;0;0;3;9;0;0;0;0
28.11.2024;16:25;A  7;1;8;7;6;5;7;7;4;3;1;2;1;2;0;0;0;0;1;2;0;0;1;2;2;8;1;2;1;2;0;0
28.11.2024;16:24;A  7;1;5;3;2;1;2;2;2;1;0;0;0;0;0;0;0;0;1;2;0;0;0;0;0;0;3;7;0;0;0;0
28.11.2024;16:23;A  7;1;5;3;6;4;4;4;4;4;0;0;0;0;0;0;0;0;0;0;0;0;0;0;0;0;1;2;0;0;0;0
28.11.2024;16:22;A  7;1;10;10;6;6;4;3;4;3;0;0;0;0;0;0;0;0;0;0;0;0;0;0;1;3;1;2;0;0;0;0
28.11.2024;16:21;A  7;1;5;3;3;2;8;5;1;1;0;0;0;0;0;0;1;2;0;0;0;0;0;0;2;5;2;5;0;0;0;0
28.11.2024;16:20;A  7;1;15;13;10;12;6;5;2;2;1;2;1;2;0;0;0;0;0;0;0;0;1;2;2;4;0;0;0;0;0;0
28.11.2024;16:19;A  7;1;12;8;8;7;5;5;3;2;0;0;1;2;0;0;1;2;1;2;0;0;0;0;2;5;1;3;0;0;1;2
28.11.2024;16:18;A  7;1;9;30;2;2;4;5;4;3;1;2;0;0;0;0;0;0;0;0;0;0;1;2;2;10;1;7;0;0;0;0
28.11.2024;16:17;A  7;1;15;12;9;7;8;8;3;3;0;0;0;0;0;0;1;2;1;2;0;0;1;2;2;4;3;7;0;0;0;0
28.11.2024;16:16;A  7;1;9;7;6;6;8;8;7;6;1;2;1;2;0;0;1;2;1;2;0;0;0;0;0;0;1;2;0;0;0;0
28.11.2024;16:15;A  7;1;5;9;0;0;5;4;6;4;1;2;1;2;0;0;0;0;0;0;0;0;0;0;0;0;0;0;0;0;0;0
28.11.2024;16:14;A  7;1;7;4;3;2;4;4;4;5;0;0;0;0;0;0;0;0;0;0;0;0;0;0;1;2;1;2;0;0;0;0
28.11.2024;16:13;A  7;1;7;4;2;1;5;6;2;1;1;1;0;0;0;0;0;0;0;0;0;0;1;2;1;2;0;0;0;0;0;0
28.11.2024;16:12;A  7;1;4;3;1;1;6;6;4;3;0;0;0;0;0;0;0;0;1;2;0;0;0;0;0;0;1;2;0;0;1;2
28.11.2024;16:11;A  7;1;7;6;2;1;7;7;7;5;1;2;0;0;0;0;0;0;0;0;0;0;0;0;2;5;0;0;0;0;0;0
28.11.2024;16:10;A  7;1;12;9;7;5;5;7;5;4;0;0;1;2;0;0;1;2;0;0;0;0;0;0;1;3;4;13;0;0;0;0
28.11.2024;16:09;A  7;1;4;2;2;1;4;4;4;3;1;2;0;0;0;0;0;0;0;0;0;0;0;0;0;0;0;0;0;0;0;0
28.11.2024;16:08;A  7;1;14;18;7;5;8;7;7;5;0;0;0;0;0;0;0;0;0;0;0;0;0;0;1;4;1;5;0;0;0;0
28.11.2024;16:07;A  7;1;7;17;5;8;7;9;2;1;0;0;0;0;0;0;1;2;0;0;0;0;1;2;1;2;2;5;0;0;0;0
28.11.2024;16:06;A  7;1;7;7;2;2;4;3;4;3;0;0;2;3;0;0;1;2;1;2;0;0;1;2;2;7;2;5;0;0;1;2
28.11.2024;16:05;A  7;1;9;8;4;3;7;5;5;3;2;3;0;0;0;0;0;0;1;2;0;0;1;2;0;0;0;0;1;2;0;0
28.11.2024;16:04;A  7;1;10;7;5;3;6;9;6;4;0;0;0;0;0;0;0;0;1;2;0;0;1;3;1;4;0;0;1;4;0;0
28.11.2024;16:03;A  7;1;5;6;1;1;3;3;4;3;0;0;0;0;0;0;1;2;2;3;0;0;1;1;1;2;1;17;0;0;0;0
28.11.2024;16:02;A  7;1;7;3;5;3;10;20;5;4;1;2;1;2;0;0;0;0;0;0;0;0;1;2;1;2;0;0;3;9;0;0
28.11.2024;16:01;A  7;1;11;14;9;9;4;4;4;4;0;0;1;2;0;0;1;2;1;2;0;0;0;0;1;2;0;0;0;0;0;0
28.11.2024;16:00;A  7;1;11;7;3;2;6;13;3;2;1;2;0;0;0;0;0;0;0;0;0;0;0;0;1;2;1;3;0;0;0;0
28.11.2024;15:59;A  7;1;12;12;10;27;9;23;7;6;0;0;0;0;0;0;0;0;0;0;0;0;0;0;1;3;1;2;1;3;0;0
28.11.2024;15:58;A  7;1;11;7;7;5;9;26;3;2;0;0;1;2;0;0;1;2;0;0;0;0;2;3;1;2;1;3;1;2;0;0
28.11.2024;15:57;A  7;1;10;19;4;3;7;6;5;3;1;2;0;0;0;0;1;2;1;2;0;0;0;0;1;2;1;2;0;0;1;2
28.11.2024;15:56;A  7;1;11;9;11;8;6;6;4;3;1;2;1;2;0;0;0;0;1;2;0;0;0;0;2;6;1;2;0;0;1;2
28.11.2024;15:55;A  7;1;12;11;3;6;5;4;1;1;0;0;1;2;0;0;1;2;0;0;0;0;0;0;1;2;0;0;1;2;0;0
28.11.2024;15:54;A  7;1;10;9;4;2;4;3;5;4;1;2;0;0;0;0;0;0;0;0;0;0;1;2;1;2;1;2;0;0;0;0
28.11.2024;15:53;A  7;1;12;9;7;5;9;11;9;7;0;0;0;0;0;0;1;2;1;2;0;0;0;0;1;4;0;0;0;0;0;0
28.11.2024;15:52;A  7;1;9;7;5;3;4;3;2;2;1;2;1;2;0;0;1;2;0;0;0;0;0;0;0;0;0;0;0;0;0;0
28.11.2024;15:51;A  7;1;7;6;4;4;6;5;7;6;1;2;1;2;0;0;0;0;0;0;0;0;0;0;0;0;2;15;0;0;0;0
28.11.2024;15:50;A  7;1;9;7;5;3;6;5;6;5;0;0;0;0;0;0;0;0;0;0;0;0;1;2;1;2;2;9;1;2;0;0
28.11.2024;15:49;A  7;1;9;12;9;7;7;5;2;1;1;2;0;0;0;0;0;0;1;2;0;0;0;0;0;0;2;6;0;0;0;0
28.11.2024;15:48;A  7;1;10;7;6;6;7;6;3;2;0;0;0;0;0;0;1;2;0;0;0;0;1;2;2;9;1;2;0;0;0;0
28.11.2024;15:47;A  7;1;6;10;8;7;12;11;5;3;1;2;1;2;0;0;0;0;1;2;0;0;0;0;1;2;0;0;1;2;0;0
28.11.2024;15:46;A  7;1;13;10;7;5;7;8;2;2;1;2;1;2;0;0;1;2;0;0;0;0;0;0;1;2;1;2;2;4;1;2
28.11.2024;15:45;A  7;1;4;4;1;1;7;5;5;3;0;0;0;0;0;0;1;2;0;0;0;0;0;0;2;8;1;2;0;0;1;2
28.11.2024;15:44;A  7;1;8;5;3;2;8;11;8;6;1;2;1;2;0;0;0;0;0;0;0;0;0;0;1;2;0;0;0;0;0;0
28.11.2024;15:43;A  7;1;8;6;7;21;6;6;1;1;0;0;0;0;0;0;0;0;0;0;0;0;0;0;1;4;0;0;0;0;0;0
28.11.2024;15:42;A  7;1;8;6;5;4;4;3;3;2;0;0;0;0;0;0;0;0;0;0;0;0;1;2;0;0;1;2;0;0;0;0
28.11.2024;15:41;A  7;1;9;6;7;5;5;5;5;4;0;0;0;0;0;0;0;0;1;1;0;0;1;2;1;2;0;0;0;0;0;0
28.11.2024;15:40;A  7;1;10;9;5;3;7;6;3;2;1;2;0;0;0;0;0;0;1;2;0;0;0;0;0;0;0;0;0;0;0;0
28.11.2024;15:39;A  7;1;7;7;1;1;6;5;3;3;0;0;0;0;0;0;1;2;0;0;0;0;0;0;1;4;0;0;1;2;0;0
28.11.2024;15:38;A  7;1;10;20;8;28;6;5;3;2;1;2;1;2;0;0;0;0;0;0;0;0;2;3;1;2;0;0;2;4;1;2
28.11.2024;15:37;A  7;1;10;10;9;18;4;3;0;0;0;0;0;0;0;0;0;0;2;3;0;0;1;2;1;2;1;17;0;0;0;0
28.11.2024;15:36;A  7;1;6;5;3;3;4;3;3;2;0;0;0;0;0;0;1;2;1;2;0;0;0;0;1;2;3;7;1;2;0;0
28.11.2024;15:35;A  7;1;9;9;4;3;3;3;2;2;1;2;1;2;0;0;0;0;0;0;0;0;0;0;0;1;0;0;0;0;0;0
28.11.2024;15:34;A  7;1;8;5;6;3;10;13;2;1;1;2;0;0;0;0;0;0;0;0;0;0;0;0;1;1;1;2;0;0;1;2
28.11.2024;15:33;A  7;1;12;7;5;3;9;7;3;2;0;0;0;0;0;0;2;3;0;1;0;0;1;2;0;0;0;0;0;0;1;2
28.11.2024;15:32;A  7;1;7;4;3;2;7;6;3;2;1;2;2;3;0;0;1;2;1;1;0;0;1;2;1;5;0;0;0;0;0;0
28.11.2024;15:31;A  7;1;7;5;2;1;4;3;2;2;1;2;1;2;0;0;0;0;1;2;0;0;0;0;1;3;0;0;0;0;0;0
28.11.2024;15:30;A  7;1;10;6;1;1;7;6;5;3;1;2;0;0;0;0;1;2;0;0;0;0;0;0;2;4;0;0;0;0;0;0
28.11.2024;15:29;A  7;1;5;6;4;7;3;2;4;4;1;2;1;2;0;0;0;0;0;0;0;0;0;0;1;2;0;0;0;0;0;0
28.11.2024;15:28;A  7;1;10;7;6;4;9;11;3;2;0;0;1;2;0;0;1;2;0;0;0;0;0;0;2;5;1;4;0;0;0;0
28.11.2024;15:27;A  7;1;12;8;3;2;4;3;3;2;1;2;0;0;0;0;0;0;0;0;0;0;0;0;0;0;0;0;0;0;0;0
28.11.2024;15:26;A  7;1;12;9;6;3;9;7;7;6;0;0;0;0;0;0;0;0;1;2;0;0;1;2;0;0;0;0;0;0;6;15
28.11.2024;15:25;A  7;1;7;10;7;9;6;5;5;4;0;0;1;2;0;0;1;2;0;0;0;0;0;0;0;0;0;0;0;0;0;0
28.11.2024;15:24;A  7;1;4;4;2;2;6;5;3;2;1;2;0;0;0;0;1;2;1;2;0;0;1;2;0;0;3;13;0;0;0;0
28.11.2024;15:23;A  7;1;3;2;4;5;8;8;5;5;1;2;1;2;0;0;1;2;0;0;0;0;0;0;1;2;5;13;0;0;0;0
28.11.2024;15:22;A  7;1;12;9;5;3;2;2;4;3;1;2;1;2;0;0;0;0;0;0;0;0;0;0;0;0;0;0;0;0;0;0
28.11.2024;15:21;A  7;1;12;9;3;2;4;10;6;4;0;0;0;0;0;0;0;0;0;0;0;0;0;1;0;0;0;0;0;0;0;0
28.11.2024;15:20;A  7;1;10;20;3;3;7;21;6;6;0;0;0;0;0;0;0;0;1;2;0;0;1;1;1;2;1;2;0;0;3;8
28.11.2024;15:19;A  7;1;10;31;6;13;4;3;4;2;0;0;1;2;0;0;1;2;0;0;0;0;1;2;1;2;2;4;0;0;0;0
28.11.2024;15:18;A  7;1;10;19;5;6;2;2;4;2;1;2;0;0;0;0;0;0;1;2;0;0;0;0;0;0;2;5;0;0;0;0
28.11.2024;15:17;A  7;1;15;13;3;2;6;7;5;4;0;0;0;0;0;0;0;0;0;0;0;0;0;0;1;2;2;6;0;0;0;0
28.11.2024;15:16;A  7;1;10;6;10;7;5;4;0;0;0;0;0;0;0;0;0;0;0;0;0;0;1;2;1;2;1;2;0;0;0;0
28.11.2024;15:15;A  7;1;6;3;2;1;3;2;5;3;0;0;0;0;0;0;0;0;1;2;0;0;0;0;1;2;1;2;1;3;0;0
28.11.2024;15:14;A  7;1;10;10;7;5;5;5;5;6;0;0;0;0;0;0;0;0;0;0;0;0;1;2;0;0;0;0;0;0;0;0
28.11.2024;15:13;A  7;1;13;9;5;3;3;3;3;2;0;0;0;0;0;0;0;0;1;2;0;0;0;0;0;0;0;0;1;3;0;0
28.11.2024;15:12;A  7;1;9;9;4;3;7;5;4;2;0;0;0;0;0;0;0;0;1;2;0;0;1;2;0;0;1;3;0;0;1;2
28.11.2024;15:11;A  7;1;9;8;3;2;7;6;5;4;0;0;1;2;0;0;1;2;0;0;0;0;0;0;0;0;0;0;1;2;0;0
28.11.2024;15:10;A  7;1;8;8;5;4;4;4;2;1;1;2;1;2;0;0;1;2;0;0;0;0;0;0;0;1;0;0;0;0;0;0
28.11.2024;15:09;A  7;1;12;9;7;5;5;13;4;3;2;3;0;0;0;0;0;0;0;0;0;0;0;0;1;1;1;2;0;0;0;0
28.11.2024;15:08;A  7;1;9;8;6;5;9;33;6;7;0;0;1;2;0;0;1;2;1;2;0;0;1;2;0;0;1;2;0;0;0;0
28.11.2024;15:07;A  7;1;8;4;4;3;3;2;2;1;1;2;0;0;0;0;1;2;0;0;0;0;0;0;1;2;0;0;0;0;1;2
28.11.2024;15:06;A  7;1;9;7;2;2;5;4;1;1;1;2;1;2;0;0;0;0;0;0;0;0;0;0;0;0;1;2;0;0;0;0
28.11.2024;15:05;A  7;1;10;8;8;6;2;2;2;3;0;0;0;0;0;0;0;0;0;0;0;0;2;3;1;3;0;0;0;0;1;2
28.11.2024;15:04;A  7;1;9;7;2;2;4;3;5;4;0;0;0;0;0;0;0;0;2;3;0;0;0;0;1;2;0;0;1;3;0;0
28.11.2024;15:03;A  7;1;4;2;1;1;6;7;6;4;0;0;0;0;0;0;0;0;0;0;0;0;0;0;1;4;1;2;0;0;0;0
28.11.2024;15:02;A  7;1;6;5;5;5;2;2;2;2;0;0;0;0;0;0;0;0;0;0;0;0;1;2;0;0;1;2;1;4;0;0
28.11.2024;15:01;A  7;1;6;8;7;7;3;2;4;3;1;2;1;2;0;0;2;3;1;2;0;0;0;0;0;0;0;0;0;0;0;0
28.11.2024;15:00;A  7;1;12;9;5;3;8;5;4;2;1;2;1;2;0;0;0;0;0;0;0;0;1;2;1;4;1;2;0;0;0;0
28.11.2024;14:59;A  7;1;5;4;2;2;4;3;5;4;0;0;0;0;0;0;0;0;1;2;0;0;0;0;0;0;0;0;0;0;0;0
28.11.2024;14:58;A  7;1;7;15;7;8;6;7;4;2;0;0;0;0;0;0;2;3;0;0;0;0;1;2;1;2;1;7;2;5;1;2
28.11.2024;14:57;A  7;1;9;11;6;6;6;5;3;2;1;2;2;3;0;0;0;0;1;2;0;0;0;0;3;8;2;3;0;0;0;0
28.11.2024;14:56;A  7;1;6;5;3;2;6;6;6;7;1;2;0;0;0;0;1;2;0;0;0;0;1;2;1;3;3;24;1;2;0;0
28.11.2024;14:55;A  7;1;5;6;1;1;3;2;2;1;1;2;1;2;0;0;0;0;1;2;0;0;0;0;0;0;1;2;0;0;0;0
28.11.2024;14:54;A  7;1;5;4;3;3;7;6;6;4;0;0;0;0;0;0;0;0;0;0;0;0;1;2;4;11;1;2;0;0;0;0
28.11.2024;14:53;A  7;1;9;6;5;3;1;1;1;1;0;0;0;0;0;0;0;0;1;2;0;0;1;2;0;0;0;0;0;0;0;0
28.11.2024;14:52;A  7;1;11;22;7;15;5;3;1;1;0;0;1;2;0;0;1;2;1;2;0;0;0;0;1;4;0;0;2;4;0;0
28.11.2024;14:51;A  7;1;8;6;2;2;8;6;6;5;1;2;1;2;0;0;1;2;0;0;0;0;0;0;1;2;2;6;0;0;0;0
28.11.2024;14:50;A  7;1;7;5;5;7;0;0;0;0;1;2;0;0;0;0;0;0;0;0;0;0;1;2;0;2;0;0;0;0;0;0
28.11.2024;14:49;A  7;1;6;7;6;5;6;5;3;2;0;0;0;0;0;0;0;0;1;2;0;0;0;0;1;0;0;0;1;2;0;0
28.11.2024;14:48;A  7;1;10;8;3;2;3;2;4;2;0;0;0;0;0;0;1;2;0;0;0;0;1;2;1;2;1;2;0;0;0;0
28.11.2024;14:47;A  7;1;4;5;6;12;10;9;7;6;1;2;1;2;0;0;0;0;1;2;0;0;0;0;1;3;1;4;0;0;1;2
28.11.2024;14:46;A  7;1;2;1;0;0;4;4;6;7;0;0;0;0;0;0;1;2;0;0;0;0;0;0;1;5;1;3;0;0;0;0
28.11.2024;14:45;A  7;1;7;4;3;2;8;6;7;8;1;2;1;2;0;0;0;0;0;0;0;0;1;2;2;3;1;2;0;0;0;0
28.11.2024;14:44;A  7;1;5;3;1;1;6;4;4;2;0;0;0;0;0;0;0;0;1;2;0;0;0;0;2;4;0;0;1;2;0;0
28.11.2024;14:43;A  7;1;3;1;4;3;4;2;5;3;0;0;0;0;0;0;0;0;0;0;0;0;0;0;0;0;0;0;0;0;0;0
28.11.2024;14:42;A  7;1;5;3;3;2;3;2;3;2;1;2;0;0;0;0;1;2;0;0;0;0;0;0;1;3;0;0;0;0;0;0
28.11.2024;14:41;A  7;1;9;13;7;6;3;3;2;2;1;2;1;2;0;0;1;2;0;0;0;0;1;2;0;0;1;3;0;0;0;0
28.11.2024;14:40;A  7;1;11;7;6;5;10;9;4;3;2;3;1;2;0;0;0;0;1;2;0;0;1;2;2;5;1;2;0;0;0;0
28.11.2024;14:39;A  7;1;9;8;6;7;5;4;4;3;0;0;0;0;0;0;1;2;1;2;0;0;0;0;1;2;1;2;0;0;0;0
28.11.2024;14:38;A  7;1;5;7;1;2;4;3;3;2;1;2;1;2;0;0;0;0;0;0;0;0;0;0;2;8;1;4;0;0;0;0
28.11.2024;14:37;A  7;1;7;23;3;14;4;3;6;5;0;0;0;0;0;0;0;0;0;0;0;0;1;2;1;3;0;0;0;0;1;2
28.11.2024;14:36;A  7;1;10;9;5;3;6;5;2;1;0;0;0;0;0;0;1;2;2;3;0;0;1;2;1;2;1;2;0;0;0;0
28.11.2024;14:35;A  7;1;5;3;8;8;2;2;1;1;1;2;1;2;0;0;0;0;1;2;0;0;1;1;1;5;1;2;0;0;0;0
28.11.2024;14:34;A  7;1;10;10;5;3;4;3;6;3;0;0;0;0;0;0;1;2;0;0;0;0;0;0;1;2;1;2;0;0;0;0
28.11.2024;14:33;A  7;1;4;4;3;5;6;5;2;2;1;2;1;2;0;0;0;0;0;0;0;0;0;0;0;0;1;2;0;0;0;0
28.11.2024;14:32;A  7;1;9;6;6;5;4;6;1;1;0;0;0;0;0;0;0;0;0;0;0;0;0;0;0;0;1;4;0;0;0;0
28.11.2024;14:31;A  7;1;7;11;5;7;11;11;3;2;0;0;0;0;0;0;0;0;0;0;0;0;0;0;1;3;1;0;0;0;0;0
28.11.2024;14:30;A  7;1;6;6;3;2;8;7;6;4;0;0;0;0;0;0;1;2;0;0;0;0;0;0;1;2;1;2;0;0;0;0
28.11.2024;14:29;A  7;1;6;4;3;2;1;1;0;0;1;2;1;2;0;0;1;2;0;0;0;0;0;0;1;2;1;2;1;2;0;0
28.11.2024;14:28;A  7;1;8;6;2;1;6;6;1;1;0;0;1;2;0;0;0;0;0;0;0;0;0;0;2;14;0;0;0;0;0;0
28.11.2024;14:27;A  7;1;1;1;3;2;4;4;4;3;1;2;1;2;0;0;1;2;0;0;0;0;1;2;0;0;0;0;0;0;0;0
28.11.2024;14:26;A  7;1;11;8;3;2;6;5;2;1;1;2;0;0;0;0;0;0;1;2;0;0;0;0;1;3;1;4;1;2;0;0
28.11.2024;14:25;A  7;1;5;6;1;1;5;4;1;1;0;0;0;0;0;0;0;0;0;0;0;0;0;0;1;3;0;0;0;0;0;0
28.11.2024;14:24;A  7;1;10;8;2;1;5;4;3;2;0;1;1;2;0;0;1;2;1;2;0;0;1;2;1;2;0;0;0;0;0;0
28.11.2024;14:23;A  7;1;10;12;4;20;1;1;3;2;2;3;0;0;0;0;0;0;0;0;0;0;1;2;2;6;1;2;0;0;0;0
28.11.2024;14:22;A  7;1;11;7;5;5;9;9;7;7;0;0;0;0;0;0;0;0;1;2;0;0;0;0;1;2;1;2;0;0;1;2
28.11.2024;14:21;A  7;1;8;9;4;3;5;4;3;2;0;0;0;0;0;0;0;0;1;2;0;0;1;2;0;0;0;0;1;2;0;0
28.11.2024;14:20;A  7;1;11;8;2;2;2;5;3;2;0;0;0;0;0;0;1;2;0;0;0;0;1;2;2;5;1;2;2;4;1;2
28.11.2024;14:19;A  7;1;10;7;3;3;5;5;5;4;1;2;1;2;0;0;0;0;1;2;0;0;0;0;1;2;0;0;0;0;0;0
28.11.2024;14:18;A  7;1;7;5;3;5;5;4;4;3;0;0;0;0;0;0;0;0;0;0;0;0;0;0;0;1;0;0;2;5;0;0
28.11.2024;14:17;A  7;1;3;20;3;4;5;4;3;5;0;0;1;2;0;0;1;2;0;0;0;0;0;0;2;3;1;2;1;2;0;0
28.11.2024;14:16;A  7;1;8;28;1;16;12;11;6;3;1;2;0;0;0;0;0;0;0;0;0;0;1;2;0;0;1;3;0;0;1;2
28.11.2024;14:15;A  7;1;9;7;5;6;6;5;2;2;0;0;0;0;0;0;0;0;1;2;0;0;0;0;1;2;1;9;0;0;0;0
28.11.2024;14:14;A  7;1;12;16;7;10;5;5;3;3;0;0;1;2;0;0;1;2;0;0;0;0;2;3;1;4;0;0;2;4;0;0
28.11.2024;14:13;A  7;1;9;5;4;3;6;5;5;5;1;2;0;0;0;0;1;2;2;3;0;0;0;0;1;3;0;0;0;0;0;0
28.11.2024;14:12;A  7;1;6;3;3;2;6;5;5;3;1;2;1;2;0;0;0;0;1;2;0;0;1;2;1;2;2;5;0;0;0;0
28.11.2024;14:11;A  7;1;6;6;5;4;3;3;3;5;1;2;1;2;0;0;1;2;0;0;0;0;0;0;0;0;1;2;0;0;0;0
28.11.2024;14:10;A  7;1;8;4;4;2;7;5;2;1;1;2;0;0;0;0;0;0;0;0;0;0;0;0;0;0;1;15;0;0;0;0
28.11.2024;14:09;A  7;1;10;7;3;3;5;4;5;4;0;0;0;0;0;0;0;0;0;0;0;0;0;0;0;0;0;0;0;0;0;0
28.11.2024;14:08;A  7;1;13;9;2;27;4;4;0;0;0;0;0;0;0;0;2;3;1;2;0;0;1;2;1;2;1;2;1;2;0;0
28.11.2024;14:07;A  7;1;7;5;5;7;3;2;4;3;2;3;2;3;0;0;0;0;0;0;0;0;1;2;0;0;1;2;0;0;0;0
28.11.2024;14:06;A  7;1;6;4;6;5;4;3;3;2;0;0;0;0;0;0;0;0;1;2;0;0;0;0;0;0;0;0;0;0;0;0
28.11.2024;14:05;A  7;1;7;5;1;1;6;6;1;1;0;0;0;1;0;0;1;2;0;0;0;0;0;0;1;2;1;4;0;0;1;2
28.11.2024;14:04;A  7;1;9;5;3;4;5;3;4;3;1;2;1;1;0;0;0;0;0;0;0;0;0;0;1;2;0;0;0;0;0;0
28.11.2024;14:03;A  7;1;7;7;1;1;6;7;4;3;0;0;0;0;0;0;0;0;0;0;0;0;1;2;1;4;0;0;0;0;0;0
28.11.2024;14:02;A  7;1;10;18;1;1;7;5;4;2;0;0;1;2;0;0;1;2;1;2;0;0;0;0;0;0;1;2;3;7;0;0
28.11.2024;14:01;A  7;1;8;8;2;2;8;9;4;2;1;2;0;0;0;0;0;0;0;0;0;0;0;0;0;0;0;0;1;2;1;2
28.11.2024;14:00;A  7;1;10;8;4;3;2;1;2;1;0;0;0;0;0;0;0;0;0;0;0;0;1;2;0;0;1;2;0;0;0;0
28.11.2024;13:59;A  7;1;13;13;5;4;1;1;2;1;0;0;0;0;0;0;1;2;1;2;0;0;1;2;1;4;0;0;0;0;0;0
28.11.2024;13:58;A  7;1;3;2;1;1;6;4;2;1;1;2;1;2;0;0;1;2;1;2;0;0;1;2;1;2;2;5;2;4;1;2
28.11.2024;13:57;A  7;1;7;5;4;3;5;4;1;1;1;2;1;2;0;0;1;2;1;2;0;0;0;0;1;4;0;0;1;4;0;0
28.11.2024;13:56;A  7;1;6;5;3;2;4;4;1;1;1;2;1;2;0;0;0;0;0;0;0;0;1;2;0;0;1;2;0;0;0;0
28.11.2024;13:55;A  7;1;7;6;2;2;8;7;0;0;0;0;0;0;0;0;0;0;2;3;0;0;1;2;0;0;0;0;1;2;0;0
28.11.2024;13:54;A  7;1;2;2;0;0;9;9;5;5;0;0;0;0;0;0;1;2;0;0;0;0;0;0;1;2;1;3;0;0;0;0
28.11.2024;13:53;A  7;1;8;5;5;4;4;3;0;0;1;2;1;2;0;0;0;0;1;2;0;0;2;3;0;0;1;7;0;0;0;0
28.11.2024;13:52;A  7;1;9;6;2;1;4;3;3;2;0;0;0;0;0;0;0;0;1;2;0;0;0;0;0;0;0;0;0;0;0;0
28.11.2024;13:51;A  7;1;11;33;5;9;4;3;1;1;0;0;0;0;0;0;0;0;0;0;0;0;0;0;0;0;0;0;0;0;1;2
28.11.2024;13:50;A  7;1;7;25;4;24;9;10;8;7;0;0;0;0;0;0;1;2;0;0;0;0;0;0;2;5;2;6;0;0;1;2
28.11.2024;13:49;A  7;1;12;9;9;8;2;3;0;0;1;2;1;2;0;0;0;0;0;0;0;0;0;0;0;0;0;0;1;2;0;0
28.11.2024;13:48;A  7;1;0;0;0;0;9;7;4;2;0;0;0;0;0;0;0;0;0;0;0;0;0;0;1;4;0;0;0;0;0;0
28.11.2024;13:47;A  7;1;2;3;2;3;2;2;2;2;0;0;0;0;0;0;0;0;0;0;0;0;2;3;2;5;0;0;0;0;0;0
28.11.2024;13:46;A  7;1;7;5;4;3;5;4;3;2;0;0;0;0;0;0;0;0;2;3;0;0;0;0;1;2;2;5;0;0;0;0
28.11.2024;13:45;A  7;1;7;13;6;7;4;4;4;4;0;0;0;0;0;0;1;2;0;0;0;0;1;2;1;3;1;2;1;5;0;0
28.11.2024;13:44;A  7;1;7;11;4;3;3;3;2;2;1;2;1;2;0;0;1;2;1;2;0;0;1;2;1;2;1;4;0;0;0;0
28.11.2024;13:43;A  7;1;10;11;3;2;7;12;6;6;2;3;1;2;0;0;0;0;1;2;0;0;0;0;1;4;1;2;1;2;0;0
28.11.2024;13:42;A  7;1;7;5;5;3;5;4;6;4;0;0;0;0;0;0;0;0;0;0;0;0;0;0;2;5;2;4;0;0;0;0
28.11.2024;13:41;A  7;1;3;2;0;0;3;4;0;0;0;0;0;0;0;0;0;0;0;0;0;0;0;0;1;3;2;17;1;14;1;2
28.11.2024;13:40;A  7;1;6;4;5;3;5;4;5;4;0;0;0;0;0;0;0;0;0;0;0;0;1;2;1;2;0;0;0;0;1;2
28.11.2024;13:39;A  7;1;8;5;3;2;4;3;3;3;1;2;1;2;0;0;1;2;1;2;0;0;0;0;1;5;1;6;0;0;0;0
28.11.2024;13:38;A  7;1;8;14;5;4;1;1;1;1;1;2;0;0;0;0;1;2;0;0;0;0;1;2;1;4;1;3;0;0;0;0
28.11.2024;13:37;A  7;1;10;8;3;2;7;6;4;3;1;2;1;2;0;0;1;2;1;2;0;0;1;2;2;4;2;6;1;7;0;0
28.11.2024;13:36;A  7;1;8;9;4;5;3;2;7;4;1;2;1;2;0;0;1;2;1;2;0;0;0;0;1;2;0;0;0;0;0;0
28.11.2024;13:35;A  7;1;7;5;0;0;6;6;3;3;1;2;1;2;0;0;1;2;0;0;0;0;0;0;1;2;1;3;0;0;3;9
28.11.2024;13:34;A  7;1;6;5;8;6;5;5;6;5;1;2;1;2;0;0;1;2;0;0;0;0;0;0;1;4;0;0;1;4;0;0
28.11.2024;13:33;A  7;1;2;6;4;13;3;3;2;3;0;0;1;2;0;0;2;3;0;0;0;0;0;0;1;3;3;8;0;0;0;0
28.11.2024;13:32;A  7;1;8;6;4;2;1;1;1;1;1;2;2;3;0;0;0;0;0;0;0;0;0;0;1;2;0;0;0;0;0;0
28.11.2024;13:31;A  7;1;3;2;2;2;9;7;5;3;2;3;0;0;0;0;0;0;0;0;0;0;0;0;0;0;0;0;0;0;0;0
28.11.2024;13:30;A  7;1;4;3;3;2;8;6;0;0;0;0;0;0;0;0;0;0;0;0;0;0;2;3;1;6;0;0;0;0;0;0
28.11.2024;13:29;A  7;1;10;13;5;5;4;4;2;1;0;0;0;0;0;0;1;2;2;3;0;0;1;2;1;5;0;3;0;0;1;2
28.11.2024;13:28;A  7;1;12;14;5;5;2;1;3;2;0;0;1;2;0;0;0;0;1;2;0;0;0;0;1;2;1;1;0;0;0;0
28.11.2024;13:27;A  7;1;5;4;3;3;9;8;5;5;1;2;0;0;0;0;0;0;0;0;0;0;0;0;1;2;1;2;0;0;0;0
28.11.2024;13:26;A  7;1;4;2;4;2;3;3;1;1;0;0;0;0;0;0;0;0;0;0;0;0;0;0;1;38;0;0;0;0;0;0
28.11.2024;13:25;A  7;1;9;6;3;2;6;5;5;4;0;0;0;0;0;0;0;0;0;0;0;0;0;0;1;6;0;0;0;0;0;0
28.11.2024;13:24;A  7;1;7;8;5;12;6;9;5;4;0;0;0;0;0;0;0;0;0;0;0;0;0;0;1;2;0;0;0;0;0;0
28.11.2024;13:23;A  7;1;6;6;6;8;9;11;4;3;0;0;0;0;0;0;2;3;0;0;0;0;2;3;3;7;1;2;0;0;1;2
28.11.2024;13:22;A  7;1;12;8;7;4;7;8;2;2;1;2;2;3;0;0;0;0;2;3;0;0;0;0;0;0;0;0;1;2;0;0
28.11.2024;13:21;A  7;1;7;6;1;1;5;4;2;2;1;2;0;0;0;0;0;0;0;0;0;0;0;0;0;0;0;0;0;0;0;0
28.11.2024;13:20;A  7;1;6;18;5;15;3;3;2;2;0;0;0;0;0;0;0;0;0;0;0;0;0;0;0;0;1;2;0;0;0;0
28.11.2024;13:19;A  7;1;9;25;5;22;5;7;4;4;0;0;0;0;0;0;0;0;0;0;0;0;1;2;0;0;1;2;0;0;0;0
28.11.2024;13:18;A  7;1;7;19;7;13;7;7;7;6;0;0;0;0;0;0;1;2;2;3;0;0;1;2;1;2;1;2;0;0;0;0
28.11.2024;13:17;A  7;1;9;10;3;2;2;1;1;1;1;2;1;2;0;0;1;2;0;0;0;0;1;2;3;7;1;2;0;0;1;2
28.11.2024;13:16;A  7;1;8;6;6;4;7;6;8;6;1;2;1;2;0;0;0;0;1;2;0;0;0;0;0;0;0;0;1;2;0;0
28.11.2024;13:15;A  7;1;9;14;7;7;3;2;1;1;0;0;0;0;0;0;0;0;0;0;0;0;0;0;0;0;2;4;0;0;0;0
28.11.2024;13:14;A  7;1;8;6;6;5;2;2;1;1;1;2;0;0;0;0;0;0;0;0;0;0;1;2;1;4;1;2;0;0;0;0
28.11.2024;13:13;A  7;1;15;10;6;5;4;4;1;1;0;0;1;2;0;0;1;2;1;2;0;0;0;0;4;15;0;0;0;0;1;2
28.11.2024;13:12;A  7;1;3;4;4;5;7;7;3;3;1;2;0;0;0;0;0;0;0;0;0;0;0;0;1;1;0;0;0;0;1;2
28.11.2024;13:11;A  7;1;11;16;7;5;4;3;6;5;1;2;0;0;0;0;0;0;0;0;0;0;0;0;1;2;1;2;0;0;0;0
28.11.2024;13:10;A  7;1;9;7;6;5;6;5;2;1;0;0;0;0;0;0;1;2;0;0;0;0;0;0;1;2;0;0;2;8;0;0
28.11.2024;13:09;A  7;1;9;7;6;5;5;4;4;3;1;2;1;2;0;0;0;0;0;0;0;0;0;0;1;2;1;2;0;0;0;0
28.11.2024;13:08;A  7;1;9;32;8;22;8;35;4;3;0;0;0;0;0;0;1;2;0;0;0;0;0;0;1;5;1;2;0;0;0;0
28.11.2024;13:07;A  7;1;5;2;2;1;5;7;4;4;0;0;1;2;0;0;0;0;0;0;0;0;2;3;3;9;0;0;0;0;0;0
28.11.2024;13:06;A  7;1;6;6;3;3;8;7;6;4;1;2;0;0;0;0;1;2;2;3;0;0;0;0;1;4;1;2;1;3;1;2
28.11.2024;13:05;A  7;1;6;6;1;1;3;2;3;2;1;2;1;2;0;0;0;0;0;0;0;0;1;2;1;2;1;4;0;0;0;0
28.11.2024;13:04;A  7;1;9;7;3;2;9;13;6;6;0;0;0;0;0;0;1;2;1;2;0;0;0;0;2;4;0;0;1;2;0;0
28.11.2024;13:03;A  7;1;5;6;3;4;3;2;4;2;1;2;1;2;0;0;0;0;0;0;0;0;0;0;4;20;0;0;0;0;0;0
28.11.2024;13:02;A  7;1;10;24;2;6;5;5;3;2;0;0;0;0;0;0;0;0;0;0;0;0;1;2;0;0;3;7;1;2;0;0
28.11.2024;13:01;A  7;1;8;6;6;4;5;5;4;5;0;0;0;0;0;0;0;0;1;2;0;0;0;0;1;2;2;5;0;0;0;0
28.11.2024;13:00;A  7;1;12;8;4;2;7;6;4;4;0;0;1;2;0;0;1;2;0;0;0;0;0;0;1;8;0;0;1;2;0;0
28.11.2024;12:59;A  7;1;5;5;1;0;3;4;2;2;1;2;0;0;0;0;1;2;1;2;0;0;1;2;1;2;1;2;0;0;1;2
28.11.2024;12:58;A  7;1;7;4;4;3;3;3;1;1;1;2;1;2;0;0;0;0;0;0;0;0;0;0;1;2;0;0;1;2;0;0
28.11.2024;12:57;A  7;1;3;5;3;2;8;7;5;3;0;0;0;0;0;0;1;2;0;0;0;0;1;2;1;3;2;5;2;12;0;0
28.11.2024;12:56;A  7;1;10;16;5;7;5;5;3;2;1;2;1;2;0;0;0;0;1;2;0;0;1;2;1;4;0;0;1;4;1;2
28.11.2024;12:55;A  7;1;7;5;2;1;7;6;4;3;0;0;0;0;0;0;1;2;1;2;0;0;0;0;2;4;1;2;2;9;0;0
28.11.2024;12:54;A  7;1;6;5;5;3;8;7;2;2;1;2;1;2;0;0;0;0;0;0;0;0;0;0;2;6;1;2;0;0;0;0
28.11.2024;12:53;A  7;1;9;15;3;4;4;4;4;4;0;0;0;0;0;0;0;0;0;0;0;0;0;0;2;4;1;2;0;0;0;0
28.11.2024;12:52;A  7;1;11;8;7;6;6;7;4;3;0;0;0;0;0;0;0;0;0;0;0;0;1;2;1;2;1;2;0;0;0;0
28.11.2024;12:51;A  7;1;4;3;2;2;7;7;5;6;0;0;0;0;0;0;1;2;2;3;0;0;1;2;3;9;3;7;0;0;0;0
28.11.2024;12:50;A  7;1;4;4;5;3;1;1;1;1;1;2;1;3;0;0;1;2;0;0;0;0;0;0;1;2;1;2;0;0;1;2
28.11.2024;12:49;A  7;1;6;5;4;2;7;6;4;3;1;2;1;1;0;0;0;0;0;0;0;0;0;0;1;3;0;0;0;0;0;0
28.11.2024;12:48;A  7;1;9;12;6;14;6;5;3;2;0;0;0;0;0;0;0;0;0;0;0;0;0;0;0;0;1;4;0;0;0;0
28.11.2024;12:47;A  7;1;4;5;3;2;9;10;1;0;1;2;0;0;0;0;0;0;0;0;0;0;0;0;0;0;0;0;0;0;0;0
28.11.2024;12:46;A  7;1;4;7;1;1;6;6;5;4;0;0;0;0;0;0;1;2;0;0;0;0;1;2;2;5;3;21;0;0;0;0
28.11.2024;12:45;A  7;1;8;6;5;3;8;7;3;3;1;2;1;2;0;0;1;2;1;2;0;0;0;0;1;2;0;0;0;0;1;2
28.11.2024;12:44;A  7;1;8;4;4;3;2;2;3;3;1;2;1;2;0;0;0;0;0;0;0;0;1;2;0;0;0;0;1;2;1;2
28.11.2024;12:43;A  7;1;10;7;5;3;3;4;2;1;0;0;0;0;0;0;0;0;1;2;0;0;0;0;2;5;1;2;0;1;0;0
28.11.2024;12:42;A  7;1;8;8;5;10;4;3;4;3;1;2;0;0;0;0;0;0;0;0;0;0;0;0;2;4;0;0;1;1;0;0
28.11.2024;12:41;A  7;1;10;7;4;3;12;10;8;5;0;0;0;0;0;0;0;0;0;0;0;0;1;2;0;0;1;2;1;2;0;0
28.11.2024;12:40;A  7;1;7;7;4;5;2;2;1;1;0;0;0;0;0;0;0;0;1;2;0;0;0;0;1;6;0;0;0;0;1;4
28.11.2024;12:39;A  7;1;12;9;5;6;4;4;1;1;0;0;1;2;0;0;1;2;1;2;0;0;1;2;1;2;2;5;0;0;0;0
28.11.2024;12:38;A  7;1;3;3;1;1;1;1;1;1;1;2;0;0;0;0;0;0;1;2;0;0;1;2;1;47;0;0;1;4;0;0
28.11.2024;12:37;A  7;1;10;25;5;12;4;3;2;2;0;0;0;0;0;0;1;2;0;0;0;0;0;0;1;2;1;2;0;0;1;2
28.11.2024;12:36;A  7;1;7;5;4;5;9;8;5;3;0;0;0;0;0;0;1;2;0;0;0;0;0;0;3;7;2;6;0;0;0;0
28.11.2024;12:35;A  7;1;5;3;5;4;5;5;7;6;2;3;2;3;0;0;0;0;0;0;0;0;0;0;1;4;0;0;0;0;0;0
28.11.2024;12:34;A  7;1;7;8;0;0;1;1;0;0;0;0;0;0;0;0;0;0;0;0;0;0;0;0;0;0;2;4;0;0;0;0
28.11.2024;12:33;A  7;1;11;12;7;5;11;9;5;4;0;0;0;0;0;0;0;0;0;0;0;0;1;2;1;3;1;2;0;0;0;0
28.11.2024;12:32;A  7;1;8;6;4;2;4;4;0;0;0;0;1;2;0;0;1;2;1;2;0;0;1;2;1;2;0;0;0;0;0;0
28.11.2024;12:31;A  7;1;4;5;4;3;4;4;1;1;1;2;0;0;0;0;0;0;1;2;0;0;0;0;1;2;0;0;0;0;0;0
28.11.2024;12:30;A  7;1;4;2;3;3;5;4;3;2;0;0;0;0;0;0;1;2;0;0;0;0;0;0;1;2;0;2;0;0;0;0
28.11.2024;12:29;A  7;1;6;5;6;4;3;3;1;0;1;2;1;2;0;0;0;0;0;0;0;0;0;0;0;0;1;1;0;0;0;0
28.11.2024;12:28;A  7;1;5;3;4;2;5;5;3;3;1;2;0;0;1;2;1;2;0;0;0;0;0;0;1;2;0;0;1;7;0;0
28.11.2024;12:27;A  7;1;12;8;5;4;5;4;2;2;1;2;1;2;0;0;1;2;0;0;0;0;0;0;2;7;1;2;1;2;0;0
28.11.2024;12:26;A  7;1;8;17;3;3;3;3;3;3;0;0;1;2;0;0;0;0;1;2;0;0;2;3;0;0;0;0;0;0;0;0
28.11.2024;12:25;A  7;1;11;20;4;4;4;3;6;4;0;0;0;0;0;0;1;2;1;2;0;0;0;0;2;4;3;7;0;0;1;2
28.11.2024;12:24;A  7;1;7;8;1;1;6;5;2;2;1;2;1;2;0;0;0;0;0;0;0;0;0;0;0;0;0;0;1;2;0;0
28.11.2024;12:23;A  7;1;6;5;2;2;1;1;2;2;0;0;0;0;0;0;0;0;0;0;0;0;1;2;1;2;0;0;0;0;0;0
28.11.2024;12:22;A  7;1;7;6;2;1;4;3;2;1;0;0;0;0;0;0;0;0;1;2;0;0;0;0;1;2;0;0;2;11;0;0
28.11.2024;12:21;A  7;1;8;14;4;5;4;4;3;2;0;0;0;0;0;0;0;0;0;0;0;0;1;2;0;0;3;7;0;0;0;0
28.11.2024;12:20;A  7;1;9;7;7;5;1;2;0;0;0;0;0;0;0;0;1;2;1;2;0;0;0;0;0;0;5;11;0;0;0;0
28.11.2024;12:19;A  7;1;13;9;7;4;5;3;6;4;1;2;1;2;0;0;0;0;0;0;0;0;0;0;0;0;4;9;0;0;0;0
28.11.2024;12:18;A  7;1;6;5;3;2;8;6;4;3;0;0;0;0;0;0;0;0;1;2;0;0;1;2;2;6;1;4;1;4;0;0
28.11.2024;12:17;A  7;1;8;8;4;2;3;3;1;1;0;0;0;0;0;0;1;2;0;0;0;0;0;0;0;0;0;0;1;3;0;0
28.11.2024;12:16;A  7;1;15;10;4;3;4;3;5;3;1;2;1;1;0;0;0;0;1;2;0;0;1;2;1;4;0;0;0;0;0;0
28.11.2024;12:15;A  7;1;4;5;3;3;3;2;0;0;0;0;0;0;0;0;1;2;0;0;0;0;0;0;0;0;0;0;0;0;0;0
28.11.2024;12:14;A  7;1;14;18;8;23;3;5;4;3;1;2;1;2;0;0;0;0;0;0;0;0;1;2;1;2;0;0;2;6;0;0
28.11.2024;12:13;A  7;1;3;2;0;0;6;6;2;1;0;0;0;0;0;0;1;2;1;2;0;0;1;2;0;0;1;2;0;0;0;0
28.11.2024;12:12;A  7;1;10;8;4;3;6;5;3;2;3;5;1;2;0;0;0;0;1;2;0;0;0;0;0;0;2;5;0;0;0;0
28.11.2024;12:11;A  7;1;9;9;5;5;3;5;6;7;0;0;0;0;0;0;0;0;0;0;0;0;0;0;1;2;0;0;0;0;0;0
28.11.2024;12:10;A  7;1;6;5;1;1;3;2;3;3;0;0;0;0;0;0;1;2;0;0;0;0;0;0;1;2;2;4;0;0;0;0
28.11.2024;12:09;A  7;1;9;7;3;2;7;6;2;1;0;0;1;2;0;0;1;2;0;0;0;0;0;0;1;2;1;2;0;0;0;0
28.11.2024;12:08;A  7;1;11;11;4;3;5;5;1;2;2;3;1;2;0;0;0;0;0;0;0;0;0;0;2;5;0;0;0;0;0;0
28.11.2024;12:07;A  7;1;2;2;2;3;4;4;5;4;0;0;0;0;0;0;0;0;0;0;0;0;1;2;0;0;1;2;0;0;0;0
28.11.2024;12:06;A  7;1;7;11;5;10;7;6;6;3;0;0;0;0;0;0;1;2;1;2;0;0;0;0;2;7;1;2;0;0;0;0
28.11.2024;12:05;A  7;1;6;5;3;2;4;5;5;7;1;2;1;2;0;0;0;0;0;0;0;0;0;0;0;0;1;2;1;3;0;0
28.11.2024;12:04;A  7;1;7;8;1;1;7;7;4;4;0;0;0;0;0;0;0;0;0;0;0;0;0;0;0;0;0;0;0;0;0;0
28.11.2024;12:03;A  7;1;7;5;4;4;7;5;3;2;0;0;0;0;0;0;0;0;0;0;0;0;1;2;1;2;1;2;0;0;0;0
28.11.2024;12:02;A  7;1;9;23;4;3;4;3;4;3;0;0;0;0;0;0;0;0;1;2;0;0;1;2;0;0;1;2;1;3;0;0
28.11.2024;12:01;A  7;1;10;14;3;2;7;6;7;5;0;0;0;0;0;0;1;2;1;2;0;0;0;0;2;6;0;0;0;0;1;2
28.11.2024;12:00;A  7;1;8;22;4;12;3;3;3;2;1;2;1;2;0;0;0;0;0;0;0;0;0;0;1;2;1;2;1;2;0;0
28.11.2024;11:59;A  7;1;8;7;4;3;5;4;4;3;0;0;0;0;0;0;1;2;0;0;0;0;1;2;1;3;1;2;0;0;1;2
28.11.2024;11:58;A  7;1;5;3;3;2;5;6;3;2;1;2;1;2;0;0;0;0;1;2;0;0;0;0;2;9;0;0;0;0;1;2
28.11.2024;11:57;A  7;1;10;7;3;2;5;4;3;2;0;0;1;2;0;0;1;2;0;0;0;0;1;2;0;0;2;4;0;0;0;0
28.11.2024;11:56;A  7;1;6;13;2;10;2;2;4;3;1;2;0;0;0;0;0;0;1;2;0;0;0;0;1;2;2;5;1;4;0;0
28.11.2024;11:55;A  7;1;6;7;2;4;3;2;1;0;0;0;0;0;0;0;0;0;0;0;0;0;1;2;2;4;1;4;2;5;0;0
28.11.2024;11:54;A  7;1;5;3;2;2;5;4;3;2;0;0;0;0;0;0;1;2;2;3;0;0;1;2;2;4;0;0;0;0;0;0
28.11.2024;11:53;A  7;1;8;6;2;1;4;5;2;2;1;2;1;2;0;0;1;2;0;0;0;0;0;0;1;2;0;0;1;2;1;2
28.11.2024;11:52;A  7;1;11;9;8;6;5;4;4;2;1;2;1;2;0;0;0;0;0;0;0;0;0;1;1;3;0;0;0;0;0;0
28.11.2024;11:51;A  7;1;6;5;2;2;7;7;1;1;0;0;0;0;0;0;0;0;1;2;0;0;1;1;1;2;0;0;0;0;0;0
28.11.2024;11:50;A  7;1;11;15;5;4;4;3;4;3;0;0;0;0;0;0;0;0;0;0;0;0;0;0;1;2;2;6;1;2;0;0
28.11.2024;11:49;A  7;1;3;2;1;1;1;1;1;1;0;0;1;2;0;0;1;2;0;0;0;0;1;2;3;9;1;4;1;2;0;0
28.11.2024;11:48;A  7;1;10;8;4;3;6;5;1;1;1;2;0;0;0;0;0;0;1;2;0;0;0;0;1;4;0;0;0;0;0;0
28.11.2024;11:47;A  7;1;10;7;7;5;3;4;1;1;0;0;0;0;0;0;0;0;0;0;0;0;0;0;0;0;0;0;0;0;0;0
28.11.2024;11:46;A  7;1;10;9;4;3;9;9;5;4;0;0;0;0;0;0;2;3;0;0;0;0;0;0;2;4;0;1;1;3;0;0
28.11.2024;11:45;A  7;1;7;21;5;9;6;4;2;1;2;3;2;3;0;0;0;0;0;0;0;0;0;0;0;0;1;1;0;0;0;0
28.11.2024;11:44;A  7;1;13;8;7;4;7;9;7;8;1;2;0;0;0;0;0;0;0;0;0;0;0;0;1;2;1;4;0;0;0;0
28.11.2024;11:43;A  7;1;4;3;0;0;8;7;5;3;0;0;0;0;0;0;0;0;0;0;0;0;1;2;0;0;0;0;0;0;1;2
28.11.2024;11:42;A  7;1;6;5;2;2;4;3;2;2;0;0;0;0;0;0;1;2;1;2;0;0;0;0;1;2;1;2;0;0;1;2
28.11.2024;11:41;A  7;1;3;2;2;1;2;2;4;4;1;2;1;2;0;0;0;0;0;0;0;0;1;2;1;3;0;0;1;3;0;0
28.11.2024;11:40;A  7;1;5;5;2;1;7;5;4;2;0;0;0;0;0;0;0;0;1;2;0;0;0;0;0;0;0;0;0;0;0;0
28.11.2024;11:39;A  7;1;9;8;5;5;4;3;2;1;1;2;0;0;0;0;0;0;0;0;0;0;1;2;1;2;0;0;0;0;1;2
28.11.2024;11:38;A  7;1;4;3;8;7;1;3;3;2;0;0;0;0;0;0;0;0;1;2;0;0;0;0;0;0;1;2;1;3;0;0
28.11.2024;11:37;A  7;1;6;3;4;3;9;9;3;3;0;0;0;0;0;0;0;0;0;0;0;0;1;2;1;2;1;2;0;0;1;2
28.11.2024;11:36;A  7;1;5;4;2;1;5;4;3;2;0;0;0;0;0;0;0;0;1;2;0;0;0;0;0;0;1;2;0;0;1;2
28.11.2024;11:35;A  7;1;9;18;7;10;6;4;2;1;0;0;1;2;0;0;2;3;0;0;0;0;0;0;1;2;0;0;0;0;1;2
28.11.2024;11:34;A  7;1;5;5;3;3;3;3;3;2;2;3;1;2;0;0;0;0;0;0;0;0;1;2;0;0;1;2;0;0;0;0
28.11.2024;11:33;A  7;1;6;2;6;5;7;6;1;1;0;0;0;0;0;0;1;2;1;3;0;0;1;2;0;0;0;0;0;0;0;0
28.11.2024;11:32;A  7;1;10;6;4;3;2;1;3;3;1;2;2;3;0;0;1;2;1;1;0;0;0;0;1;2;0;0;0;0;0;0
28.11.2024;11:31;A  7;1;11;7;6;4;9;8;3;3;1;2;0;0;0;0;1;2;0;0;0;0;0;0;0;0;1;3;0;0;3;7
28.11.2024;11:30;A  7;1;8;6;6;8;3;3;3;3;1;2;1;2;0;0;0;0;0;0;0;0;0;0;1;2;2;4;1;2;0;0
28.11.2024;11:29;A  7;1;6;4;0;0;4;3;2;2;0;0;0;0;0;0;0;0;1;2;0;0;1;2;1;2;0;0;0;0;0;0
28.11.2024;11:28;A  7;1;4;5;1;1;3;2;4;4;0;0;0;0;0;0;0;0;0;0;0;0;0;0;0;0;0;0;0;0;0;0
28.11.2024;11:27;A  7;1;7;10;5;4;10;9;2;2;0;0;0;0;0;0;0;0;0;0;0;0;0;0;1;2;0;0;0;0;0;0
28.11.2024;11:26;A  7;1;6;6;2;1;6;5;4;3;0;0;0;0;0;0;1;2;0;0;0;0;0;0;1;2;1;3;0;0;1;2
28.11.2024;11:25;A  7;1;7;6;3;3;3;2;4;3;1;2;1;2;0;0;1;2;0;0;0;0;1;2;0;0;2;4;0;0;1;2
28.11.2024;11:24;A  7;1;7;7;0;0;7;6;2;2;1;2;1;2;0;0;0;0;2;3;0;0;1;2;2;6;1;2;0;0;0;0
28.11.2024;11:23;A  7;1;10;11;5;3;6;7;2;1;0;0;0;0;0;0;0;0;0;0;0;0;0;0;1;4;0;0;1;2;0;0
28.11.2024;11:22;A  7;1;1;5;0;0;2;1;1;1;0;0;0;0;0;0;0;0;0;0;0;0;0;1;0;0;0;0;0;0;0;0
28.11.2024;11:21;A  7;1;5;5;1;1;5;5;1;1;0;0;0;0;0;0;0;0;1;2;0;0;1;0;1;2;1;2;0;0;0;0
28.11.2024;11:20;A  7;1;5;3;5;3;1;1;0;0;0;0;0;0;0;0;0;0;0;0;0;0;1;2;1;3;0;0;0;0;1;2
28.11.2024;11:19;A  7;1;6;5;3;2;5;4;1;1;0;0;0;0;0;0;1;2;1;2;0;0;0;0;1;2;1;2;0;0;0;0
28.11.2024;11:18;A  7;1;8;8;3;4;5;4;4;3;1;2;1;2;0;0;0;0;0;0;0;0;0;0;1;4;0;0;1;5;0;0
28.11.2024;11:17;A  7;1;4;3;2;2;2;2;2;2;0;0;0;0;0;0;1;2;1;2;0;0;1;2;1;5;0;0;1;2;1;2
28.11.2024;11:16;A  7;1;6;5;5;3;4;3;4;3;1;2;1;2;0;0;0;0;0;0;0;0;1;2;0;0;0;0;0;0;0;0
28.11.2024;11:15;A  7;1;6;6;1;1;4;6;3;2;0;0;0;0;0;0;0;0;1;2;0;0;0;0;0;0;1;2;0;0;1;2
28.11.2024;11:14;A  7;1;2;1;1;1;4;4;1;1;0;0;1;2;0;0;1;2;0;0;0;0;0;0;0;0;0;0;0;0;0;0
28.11.2024;11:13;A  7;1;5;6;2;1;3;2;3;2;1;2;0;0;0;0;0;0;0;0;0;0;0;0;0;0;0;0;0;0;0;0
28.11.2024;11:12;A  7;1;7;6;2;2;3;3;1;1;2;3;0;0;0;0;0;0;0;0;0;0;0;0;0;0;0;0;1;2;0;0
28.11.2024;11:11;A  7;1;8;7;3;3;4;6;3;3;0;0;0;0;0;0;1;2;1;2;0;0;1;2;1;2;0;0;0;0;0;0
28.11.2024;11:10;A  7;1;10;9;6;4;7;5;5;4;1;2;2;3;0;0;1;2;0;0;0;0;0;0;1;3;1;2;0;0;0;0
28.11.2024;11:09;A  7;1;5;4;2;2;4;3;2;2;1;2;0;0;0;0;0;0;0;0;0;0;0;0;1;5;0;0;0;0;0;0
28.11.2024;11:08;A  7;1;8;6;6;4;7;7;3;2;0;0;0;0;0;0;0;0;0;0;0;0;0;0;1;5;0;0;0;0;0;0
28.11.2024;11:07;A  7;1;4;3;1;1;3;3;1;1;0;0;0;0;0;0;0;0;0;0;0;0;1;2;1;2;0;0;1;3;0;0
28.11.2024;11:06;A  7;1;6;5;2;1;4;3;2;2;0;0;0;0;0;0;1;2;1;2;0;0;0;0;0;0;0;0;0;0;0;0
28.11.2024;11:05;A  7;1;8;7;0;0;5;4;1;1;1;2;1;2;0;0;1;2;0;0;0;0;0;0;0;0;1;4;0;0;1;2
28.11.2024;11:04;A  7;1;10;7;5;3;2;2;3;3;1;2;1;2;0;0;1;2;0;0;0;0;0;0;0;0;0;0;0;0;0;0
28.11.2024;11:03;A  7;1;8;5;1;1;4;3;3;2;1;2;1;2;0;0;0;0;0;0;0;0;1;2;0;0;0;0;0;0;0;0
28.11.2024;11:02;A  7;1;9;9;3;2;5;4;6;6;0;0;0;0;0;0;0;0;1;2;0;0;1;2;1;3;0;0;0;0;0;0
28.11.2024;11:01;A  7;1;9;6;3;2;2;2;1;1;0;0;0;0;0;0;0;0;1;2;0;0;0;0;0;0;1;3;0;0;0;0
28.11.2024;11:00;A  7;1;1;1;2;2;8;6;5;4;0;0;0;0;0;0;0;0;0;0;1;2;0;0;0;0;1;2;1;3;0;0
28.11.2024;10:59;A  7;1;7;4;5;3;0;0;0;0;0;0;0;0;0;0;1;2;0;0;0;0;1;2;1;2;0;0;0;0;0;0
28.11.2024;10:58;A  7;1;10;9;6;5;5;4;3;2;1;2;1;2;0;0;0;0;1;2;0;0;2;3;0;0;0;0;1;2;1;2
28.11.2024;10:57;A  7;1;5;4;1;1;5;5;6;6;0;0;0;0;0;0;1;2;2;3;0;0;0;0;1;3;0;0;1;2;0;0
28.11.2024;10:56;A  7;1;7;3;7;5;4;3;1;1;2;3;2;3;0;0;1;2;0;0;0;0;0;0;2;5;0;0;0;0;0;0
28.11.2024;10:55;A  7;1;4;3;2;2;4;3;3;3;0;0;0;0;0;0;0;0;0;0;0;0;0;0;0;0;0;0;0;0;0;0
28.11.2024;10:54;A  7;1;5;3;4;3;8;5;3;2;0;0;0;0;0;0;0;0;0;0;0;0;1;2;0;0;1;2;1;3;0;0
28.11.2024;10:53;A  7;1;5;5;1;1;3;2;1;1;0;0;0;0;0;0;1;2;1;2;0;0;0;0;0;0;0;0;0;0;0;0
28.11.2024;10:52;A  7;1;5;3;1;1;1;1;3;2;1;2;1;2;0;0;0;0;0;0;0;0;0;0;0;0;0;0;0;0;0;0
28.11.2024;10:51;A  7;1;7;4;3;3;5;3;3;2;0;0;0;0;0;0;0;0;0;0;0;0;1;2;1;3;0;0;1;3;0;0
28.11.2024;10:50;A  7;1;3;2;1;1;3;2;2;1;0;0;0;0;0;0;1;2;1;2;0;0;0;0;1;2;0;0;0;0;0;0
28.11.2024;10:49;A  7;1;9;9;4;3;5;3;4;3;1;2;1;2;0;0;0;0;0;0;0;0;0;0;0;0;0;0;0;0;0;0
28.11.2024;10:48;A  7;1;6;8;2;2;7;7;4;4;0;0;0;0;0;0;0;0;0;0;0;0;0;0;1;2;1;2;2;11;0;0
28.11.2024;10:47;A  7;1;3;5;2;2;7;6;1;1;0;0;0;0;0;0;0;0;0;0;0;0;1;2;0;0;1;5;3;8;1;2
28.11.2024;10:46;A  7;1;6;9;0;0;6;6;4;3;0;0;1;2;0;0;1;2;1;2;0;0;0;0;0;0;0;0;0;0;1;2
28.11.2024;10:45;A  7;1;4;3;2;1;7;6;6;5;1;2;0;0;0;0;1;2;0;0;0;0;0;0;1;2;2;6;1;2;0;0
28.11.2024;10:44;A  7;1;7;7;3;3;2;2;2;2;2;3;1;2;0;0;0;0;0;0;0;0;0;0;0;0;0;0;2;4;0;0
28.11.2024;10:43;A  7;1;7;5;4;3;8;9;0;0;0;0;0;0;0;0;0;0;0;0;0;0;0;0;1;4;1;2;1;3;0;0
28.11.2024;10:42;A  7;1;9;6;3;2;6;5;5;3;0;0;0;0;0;0;0;0;0;0;0;0;1;2;1;4;1;2;0;0;0;0
28.11.2024;10:41;A  7;1;4;5;2;3;7;6;3;2;0;0;0;0;0;0;0;0;1;2;0;0;1;2;1;2;0;0;0;0;0;0
28.11.2024;10:40;A  7;1;4;5;1;1;4;3;2;2;1;2;0;0;0;0;0;0;1;2;0;0;0;0;0;0;1;2;0;0;0;0
28.11.2024;10:39;A  7;1;4;4;0;0;4;3;3;2;0;2;1;2;0;0;1;2;1;2;0;0;1;2;1;3;2;4;0;0;1;2
28.11.2024;10:38;A  7;1;5;3;3;2;2;2;2;1;1;0;0;0;0;0;0;0;1;2;0;0;1;2;0;0;0;0;0;0;0;0
28.11.2024;10:37;A  7;1;11;17;3;4;8;7;4;3;0;0;0;0;0;0;0;0;0;0;0;0;0;0;0;0;1;2;0;0;0;0
28.11.2024;10:36;A  7;1;4;5;3;4;8;6;4;2;0;0;0;0;0;0;1;2;0;0;0;0;0;0;0;0;0;0;2;5;0;0
28.11.2024;10:35;A  7;1;7;10;4;26;2;2;2;2;1;2;1;2;0;0;1;2;0;0;0;0;0;0;1;3;1;2;0;0;0;0
28.11.2024;10:34;A  7;1;11;19;3;2;10;12;6;5;1;2;1;2;0;0;0;0;0;0;0;0;0;0;0;0;0;0;1;2;0;0
28.11.2024;10:33;A  7;1;4;3;2;1;4;4;3;2;0;0;0;0;0;0;0;0;0;0;0;0;0;0;0;0;1;2;0;0;0;0
28.11.2024;10:32;A  7;1;2;3;1;1;0;0;1;1;0;0;1;2;0;0;1;2;1;2;0;0;2;3;0;0;0;0;0;0;0;0
28.11.2024;10:31;A  7;1;5;5;1;1;3;3;5;4;1;2;0;0;0;0;0;0;1;2;0;0;0;0;0;0;2;5;1;4;0;0
28.11.2024;10:30;A  7;1;6;5;4;3;2;1;3;2;0;0;0;0;0;0;0;0;0;0;0;0;0;0;0;0;0;0;0;0;0;0
28.11.2024;10:29;A  7;1;7;8;7;9;0;0;1;1;0;0;0;0;0;0;2;3;0;0;0;0;1;2;1;2;2;6;0;0;0;0
28.11.2024;10:28;A  7;1;5;4;3;2;5;4;4;3;2;3;2;3;0;0;0;0;1;2;0;0;0;0;0;0;0;0;0;0;0;0
28.11.2024;10:27;A  7;1;7;5;3;2;5;4;4;2;0;0;0;0;0;0;1;2;0;0;0;0;1;2;0;2;1;2;0;0;1;2
28.11.2024;10:26;A  7;1;2;2;4;3;0;0;0;0;1;2;1;2;0;0;0;0;1;2;0;0;0;0;2;3;0;1;0;0;0;0
28.11.2024;10:25;A  7;1;3;2;1;1;3;3;2;1;0;0;1;2;0;0;1;2;0;0;0;0;0;0;1;3;1;2;0;0;0;0
28.11.2024;10:24;A  7;1;5;4;2;2;3;2;1;1;1;2;0;0;0;0;0;0;0;0;1;2;0;0;0;0;0;0;0;0;1;2
28.11.2024;10:23;A  7;1;6;4;4;3;6;4;4;2;0;0;0;0;0;0;0;0;1;2;0;0;1;2;0;0;0;0;0;0;0;0
28.11.2024;10:22;A  7;1;9;10;1;1;6;5;2;1;0;0;0;0;0;0;0;0;0;0;0;0;1;2;0;0;0;0;0;0;0;0
28.11.2024;10:21;A  7;1;5;6;2;1;3;7;4;4;0;0;0;0;0;0;0;0;1;2;0;0;0;0;1;2;1;4;0;0;0;0
28.11.2024;10:20;A  7;1;4;31;1;1;3;3;1;1;0;0;0;0;0;0;0;0;0;0;0;0;1;2;1;2;1;2;0;0;0;0
28.11.2024;10:19;A  7;1;4;7;6;6;5;4;3;2;0;0;1;2;0;0;1;2;1;2;0;0;0;0;1;2;0;0;0;0;0;0
28.11.2024;10:18;A  7;1;5;16;0;0;4;2;3;2;1;2;0;0;0;0;0;0;0;0;0;0;0;0;0;0;0;0;1;2;0;0
28.11.2024;10:17;A  7;1;7;7;3;1;0;0;0;0;0;0;0;0;0;0;0;0;0;0;0;0;0;0;0;0;1;9;0;0;0;0
28.11.2024;10:16;A  7;1;4;4;2;2;4;3;4;4;0;0;0;0;0;0;1;2;0;0;0;0;1;2;3;9;0;2;1;2;1;2
28.11.2024;10:15;A  7;1;10;10;3;2;5;4;3;3;1;2;2;3;0;0;1;2;1;2;0;0;1;2;1;4;1;1;0;0;0;0
28.11.2024;10:14;A  7;1;6;6;3;2;6;5;5;4;2;3;0;0;0;0;0;0;1;2;0;0;0;0;0;0;0;0;0;0;0;0
28.11.2024;10:13;A  7;1;10;9;7;6;1;1;2;1;0;0;0;0;1;2;1;2;0;0;0;0;1;2;1;2;0;0;0;0;0;0
28.11.2024;10:12;A  7;1;12;16;4;3;7;10;5;4;2;3;1;2;0;0;0;0;1;2;0;0;0;0;1;2;0;0;0;0;1;2
28.11.2024;10:11;A  7;1;6;6;1;1;2;2;1;2;1;2;0;0;0;0;1;2;0;0;0;0;0;0;0;0;1;2;1;6;0;0
28.11.2024;10:10;A  7;1;4;3;2;2;3;2;1;1;1;2;1;2;0;0;0;0;0;0;0;0;0;0;0;0;1;2;0;0;0;0
28.11.2024;10:09;A  7;1;6;5;0;0;6;6;10;11;0;0;0;0;0;0;0;0;0;0;0;0;0;0;1;2;0;0;0;0;2;4
28.11.2024;10:08;A  7;1;5;5;0;0;2;1;2;1;0;0;0;0;0;0;0;0;0;0;0;0;0;0;0;0;0;0;0;0;0;0
28.11.2024;10:07;A  7;1;9;7;5;3;4;3;4;3;0;0;0;0;0;0;2;3;0;0;0;0;1;2;2;4;1;2;1;2;0;2
28.11.2024;10:06;A  7;1;1;1;1;1;8;7;5;3;2;3;2;3;0;0;0;0;1;2;0;0;0;0;0;0;2;4;0;0;1;1
28.11.2024;10:05;A  7;1;5;2;4;3;7;7;4;4;0;0;0;0;0;0;0;0;0;0;0;0;1;2;0;0;0;0;0;0;0;0
28.11.2024;10:04;A  7;1;9;7;4;3;2;2;0;0;0;0;0;0;0;0;0;0;1;2;0;0;0;0;0;0;0;0;0;0;0;0
28.11.2024;10:03;A  7;1;8;10;2;1;6;5;4;2;0;0;0;0;0;0;0;0;0;0;0;0;0;0;1;5;0;0;0;0;0;0
28.11.2024;10:02;A  7;1;8;5;4;4;2;2;1;1;0;0;0;0;0;0;0;0;0;0;0;0;1;2;0;0;0;0;1;3;0;0
28.11.2024;10:01;A  7;1;7;6;1;1;7;5;7;5;0;0;0;0;0;0;0;0;1;2;0;0;0;0;0;0;0;0;0;0;0;0
28.11.2024;10:00;A  7;1;5;7;6;14;5;6;2;2;0;0;1;2;0;0;2;3;0;0;0;0;1;2;0;0;0;0;1;4;1;2
28.11.2024;09:59;A  7;1;6;5;1;0;2;2;1;1;2;3;1;2;0;0;0;0;1;2;0;0;0;0;1;2;1;2;0;0;0;0
28.11.2024;09:58;A  7;1;5;4;1;1;10;8;4;2;0;0;0;0;0;0;0;0;0;0;0;0;0;0;2;6;0;1;0;0;0;0
28.11.2024;09:57;A  7;1;9;9;4;3;8;9;3;3;0;0;0;0;0;0;0;0;0;0;0;0;0;0;1;2;1;2;0;0;0;0
28.11.2024;09:56;A  7;1;5;5;3;2;4;3;1;1;0;0;1;2;0;0;1;2;0;0;0;0;2;3;0;0;1;3;0;0;1;2
28.11.2024;09:55;A  7;1;14;10;3;2;7;6;5;3;1;2;0;0;0;0;1;2;2;3;0;0;0;0;0;0;1;2;1;2;0;0
28.11.2024;09:54;A  7;1;5;3;3;2;4;3;0;0;1;2;1;2;0;0;0;0;0;0;0;0;0;0;0;0;0;0;0;0;0;0
28.11.2024;09:53;A  7;1;1;1;0;0;5;5;4;6;0;0;0;0;0;0;0;0;0;0;0;0;0;0;0;0;0;0;0;0;0;0
28.11.2024;09:52;A  7;1;10;6;4;2;6;4;6;5;0;0;0;0;0;0;0;0;1;2;0;0;1;2;0;0;0;0;0;0;0;0
28.11.2024;09:51;A  7;1;4;7;1;1;3;4;3;4;0;0;1;2;0;0;1;2;0;0;0;0;1;2;2;4;0;0;1;4;1;2
28.11.2024;09:50;A  7;1;3;7;7;30;5;12;6;31;1;2;0;0;0;0;1;2;1;2;0;0;0;0;1;2;0;0;1;2;0;0
28.11.2024;09:49;A  7;1;4;3;2;5;2;6;1;2;1;2;1;2;0;0;0;0;1;2;0;0;1;2;2;5;0;0;1;2;0;0
28.11.2024;09:48;A  7;1;8;6;1;1;3;3;3;2;0;0;0;0;0;0;0;0;0;0;0;0;0;0;1;2;0;0;0;0;0;0
28.11.2024;09:47;A  7;1;4;4;2;1;7;7;5;4;0;0;0;0;0;0;0;0;0;0;0;0;0;0;0;0;1;2;0;0;1;4
28.11.2024;09:46;A  7;1;13;10;5;4;2;1;2;2;0;0;0;0;0;0;1;2;0;0;0;0;0;0;0;0;1;3;0;0;0;0
28.11.2024;09:45;A  7;1;5;3;2;2;4;4;2;2;1;2;1;2;0;0;0;0;0;0;0;0;2;3;2;4;0;0;0;0;0;0
28.11.2024;09:44;A  7;1;5;5;3;3;6;7;5;7;0;0;0;0;0;0;1;2;1;2;0;0;0;0;1;2;1;2;0;0;0;0
28.11.2024;09:43;A  7;1;4;3;0;0;11;10;8;6;2;3;1;2;0;0;0;0;1;2;0;0;0;0;1;2;0;0;0;0;0;0
28.11.2024;09:42;A  7;1;7;6;6;10;8;6;4;3;0;0;0;0;0;0;0;0;0;0;0;0;0;0;0;0;1;2;0;0;2;4
28.11.2024;09:41;A  7;1;11;20;2;1;3;3;6;5;0;0;0;0;0;0;0;0;0;0;0;0;1;2;0;0;0;0;0;0;0;0
28.11.2024;09:40;A  7;1;9;8;5;4;3;4;3;5;1;2;0;0;0;0;1;2;1;2;0;0;0;0;1;3;1;3;1;2;0;0
28.11.2024;09:39;A  7;1;6;5;7;6;4;3;2;1;1;2;1;2;0;0;0;0;0;0;0;0;0;0;0;0;0;0;0;0;0;0
28.11.2024;09:38;A  7;1;5;6;3;2;5;7;7;7;0;0;0;0;0;0;1;2;0;0;0;0;1;2;1;2;0;0;1;2;1;2
28.11.2024;09:37;A  7;1;10;11;3;2;2;2;4;2;0;0;1;2;0;0;0;0;1;3;0;0;1;2;1;2;0;0;0;0;0;0
28.11.2024;09:36;A  7;1;5;7;1;1;4;10;2;2;1;2;0;0;0;0;0;0;1;0;0;0;0;0;0;0;1;2;1;2;0;0
28.11.2024;09:35;A  7;1;10;12;4;3;6;5;3;3;0;0;0;0;0;0;0;0;0;0;0;0;0;0;2;7;1;2;0;0;0;0
28.11.2024;09:34;A  7;1;6;6;2;3;2;2;3;2;0;0;0;0;0;0;1;2;0;0;0;0;1;2;1;2;0;2;0;0;0;0
28.11.2024;09:33;A  7;1;2;2;1;1;6;7;3;3;1;2;1;2;0;0;0;0;1;2;0;0;0;0;1;3;1;0;0;0;0;0
28.11.2024;09:32;A  7;1;8;6;2;1;4;3;3;2;0;0;0;0;0;0;0;0;0;0;0;0;0;0;0;0;0;0;1;2;0;0
28.11.2024;09:31;A  7;1;3;2;1;0;2;1;1;1;0;0;0;0;0;0;1;2;0;0;0;0;0;0;2;6;0;0;0;0;0;0
28.11.2024;09:30;A  7;1;10;10;3;2;6;5;4;3;1;2;1;2;0;0;0;0;0;0;0;0;0;0;2;5;0;0;0;0;0;0
28.11.2024;09:29;A  7;1;12;22;6;4;4;4;6;5;0;0;0;0;0;0;1;2;0;0;0;0;0;0;1;2;0;0;3;8;0;0
28.11.2024;09:28;A  7;1;5;8;2;2;4;3;3;2;1;2;2;3;0;0;1;2;0;0;0;0;0;0;0;0;1;2;0;0;0;0
28.11.2024;09:27;A  7;1;7;6;5;4;2;3;2;2;1;2;0;0;0;0;0;0;0;0;0;0;1;2;0;0;0;0;2;5;1;2
28.11.2024;09:26;A  7;1;10;6;6;4;6;6;8;8;0;0;0;0;0;0;1;2;1;2;0;0;0;0;1;3;0;0;1;2;0;0
28.11.2024;09:25;A  7;1;7;6;5;3;3;5;3;5;1;2;2;3;0;0;1;2;0;0;0;0;0;0;0;0;0;0;0;0;0;0
28.11.2024;09:24;A  7;1;2;1;1;1;2;2;0;0;1;2;0;0;0;0;0;0;0;0;0;0;0;0;0;2;0;0;0;0;0;0
28.11.2024;09:23;A  7;1;10;12;7;6;4;3;6;6;0;0;0;0;0;0;0;0;0;0;0;0;2;3;1;0;0;0;0;0;0;0
28.11.2024;09:22;A  7;1;10;38;7;9;7;7;4;3;0;0;0;0;0;0;0;0;2;3;0;0;0;0;3;7;1;2;0;0;0;0
28.11.2024;09:21;A  7;1;7;6;2;2;4;5;3;4;0;0;0;0;0;0;1;2;1;2;0;0;1;2;2;5;0;0;1;2;0;0
28.11.2024;09:20;A  7;1;7;5;5;3;5;7;4;4;1;2;1;2;0;0;0;0;0;0;0;0;1;2;0;0;0;0;0;0;0;0
28.11.2024;09:19;A  7;1;6;4;1;1;4;3;2;2;0;0;0;0;0;0;0;0;1;2;0;0;0;0;1;2;0;0;0;0;0;0
28.11.2024;09:18;A  7;1;3;2;1;1;1;1;4;3;1;2;0;0;1;2;0;0;0;0;0;0;0;0;0;0;1;2;0;0;0;0
28.11.2024;09:17;A  7;1;6;4;1;0;4;3;7;5;0;0;0;0;0;0;0;0;0;0;0;0;1;2;1;2;0;12;0;0;0;0
28.11.2024;09:16;A  7;1;6;5;2;1;6;5;4;3;0;0;0;0;0;0;0;0;1;2;0;0;0;0;0;0;2;23;1;5;1;2
28.11.2024;09:15;A  7;1;6;6;1;1;4;3;5;4;0;0;0;0;0;0;2;3;1;2;0;0;1;2;1;4;0;0;2;3;0;0
28.11.2024;09:14;A  7;1;9;7;5;3;9;10;8;7;3;5;2;3;0;0;0;0;0;0;0;0;0;0;1;2;1;9;1;2;0;0
28.11.2024;09:13;A  7;1;5;5;3;2;6;8;3;4;0;0;0;0;0;0;0;0;0;0;0;0;0;0;1;2;0;0;0;0;0;0
28.11.2024;09:12;A  7;1;8;9;2;2;8;9;7;6;0;0;0;0;0;0;0;0;1;2;0;0;1;2;1;2;0;0;0;0;1;2
28.11.2024;09:11;A  7;1;5;4;3;2;10;19;8;14;0;0;0;0;0;0;1;2;0;0;0;0;0;0;1;2;0;0;1;4;0;0
28.11.2024;09:10;A  7;1;3;4;2;2;9;9;6;5;2;3;1;2;0;0;0;0;0;0;0;0;0;0;1;2;0;0;0;0;0;0
28.11.2024;09:09;A  7;1;6;8;3;3;2;2;5;4;0;0;0;0;0;0;1;2;0;0;0;0;0;0;0;0;2;5;1;2;0;0
28.11.2024;09:08;A  7;1;11;28;2;3;4;4;3;2;1;2;1;2;0;0;0;0;0;0;0;0;0;0;1;2;0;0;0;0;0;0
28.11.2024;09:07;A  7;1;4;4;2;2;3;3;6;4;0;0;0;0;0;0;0;0;0;0;0;0;1;2;0;0;1;2;0;0;1;2
28.11.2024;09:06;A  7;1;4;3;3;3;4;2;7;5;0;0;0;0;0;0;1;2;1;2;0;0;1;2;0;0;0;0;0;0;0;0
28.11.2024;09:05;A  7;1;3;3;0;0;8;8;5;6;1;2;1;2;0;0;0;0;1;2;0;0;1;2;1;3;1;2;0;0;0;0
28.11.2024;09:04;A  7;1;5;3;2;2;4;3;3;2;0;2;1;2;0;0;1;2;1;2;0;0;0;0;2;3;1;2;0;0;0;0
28.11.2024;09:03;A  7;1;13;9;4;3;10;11;3;3;1;0;0;0;0;0;1;2;0;0;0;0;1;2;2;4;1;2;0;0;0;0
28.11.2024;09:02;A  7;1;7;11;5;3;3;6;3;2;1;2;1;2;0;0;0;0;0;0;0;0;0;0;0;0;0;0;0;0;0;0
28.11.2024;09:01;A  7;1;9;10;4;2;7;7;3;3;0;0;0;0;0;0;0;0;1;2;0;0;0;0;2;4;1;2;0;0;1;2
28.11.2024;09:00;A  7;1;2;2;0;0;3;2;3;2;0;0;0;0;0;0;0;0;0;0;0;0;0;0;1;2;1;2;2;7;0;0
28.11.2024;08:59;A  7;1;12;7;4;3;6;8;7;9;0;0;0;0;0;0;0;0;0;0;0;0;1;2;1;3;0;0;0;0;0;0
28.11.2024;08:58;A  7;1;6;5;5;5;8;7;8;7;0;0;0;0;0;0;0;0;1;2;0;0;0;0;2;4;0;0;0;0;0;0
28.11.2024;08:57;A  7;1;5;3;1;1;6;6;2;2;0;0;0;0;0;0;2;3;0;0;0;0;0;0;1;2;1;2;1;3;0;0
28.11.2024;08:56;A  7;1;7;5;4;3;5;6;4;4;2;3;2;3;0;0;1;2;1;2;0;0;2;3;0;0;0;0;0;0;0;0
28.11.2024;08:55;A  7;1;5;4;1;1;2;2;3;3;1;2;1;2;0;0;0;0;1;2;0;0;0;0;2;6;1;2;0;0;0;0
28.11.2024;08:54;A  7;1;9;9;1;1;5;5;3;3;0;0;0;0;0;0;0;0;0;0;0;0;0;0;0;0;0;0;0;0;1;2
28.11.2024;08:53;A  7;1;8;6;5;3;5;3;3;2;0;0;0;0;0;0;1;2;1;2;0;0;1;2;1;2;1;2;0;0;0;0
28.11.2024;08:52;A  7;1;7;5;3;2;12;11;5;3;1;2;1;2;0;0;0;0;0;0;0;0;0;0;0;0;0;0;0;0;0;0
28.11.2024;08:51;A  7;1;6;4;1;1;3;3;2;2;0;0;0;0;0;0;0;0;0;1;0;0;1;2;0;0;0;0;0;0;0;0
28.11.2024;08:50;A  7;1;9;6;7;7;7;11;8;7;0;0;0;0;0;0;0;0;1;1;0;0;0;0;0;0;0;0;1;2;1;2
28.11.2024;08:49;A  7;1;6;6;2;2;6;6;6;6;1;2;1;2;0;0;1;2;0;0;0;0;0;0;1;2;1;4;0;0;0;0
28.11.2024;08:48;A  7;1;4;5;2;1;6;5;4;3;1;2;0;0;0;0;0;0;0;0;0;0;0;0;1;4;1;0;0;0;0;0
28.11.2024;08:47;A  7;1;10;8;4;3;7;8;4;5;0;0;0;0;0;0;0;0;1;2;0;0;1;2;0;0;1;2;0;0;1;2
28.11.2024;08:46;A  7;1;10;6;9;7;3;5;3;2;0;0;0;0;0;0;1;2;0;0;0;0;0;0;1;3;1;2;0;0;0;0
28.11.2024;08:45;A  7;1;10;24;3;6;4;6;4;4;1;2;1;2;0;0;0;0;0;0;0;0;1;2;3;7;0;0;0;0;0;0
28.11.2024;08:44;A  7;1;10;6;3;2;9;10;5;3;0;0;0;0;0;0;1;2;1;2;0;0;0;0;2;5;1;2;0;0;0;0
28.11.2024;08:43;A  7;1;8;6;6;5;3;3;4;3;2;3;1;2;0;0;0;0;0;0;0;0;0;0;0;0;0;0;0;0;0;0
28.11.2024;08:42;A  7;1;7;5;3;2;2;2;4;5;0;0;0;0;0;0;0;0;1;2;0;0;1;2;1;5;0;0;0;0;0;0
28.11.2024;08:41;A  7;1;8;5;4;2;5;6;7;8;0;0;0;0;0;0;0;0;0;0;0;0;1;2;1;2;0;0;0;0;0;0
28.11.2024;08:40;A  7;1;8;6;6;5;5;5;1;1;0;0;1;2;0;0;1;2;1;2;0;0;0;0;1;10;1;2;0;0;0;0
28.11.2024;08:39;A  7;1;2;1;2;2;5;4;5;4;1;2;0;0;0;0;0;0;0;0;0;0;0;0;0;0;0;0;0;0;0;0
28.11.2024;08:38;A  7;1;12;9;8;5;7;7;4;5;0;0;0;0;0;0;0;0;0;0;0;0;0;0;0;0;1;3;0;0;0;0
28.11.2024;08:37;A  7;1;12;9;8;6;6;7;3;2;0;0;0;0;0;0;0;0;0;0;0;0;1;2;0;0;0;0;0;2;1;2
28.11.2024;08:36;A  7;1;7;6;2;1;4;3;4;4;0;0;0;0;0;0;0;0;1;2;0;0;1;2;1;2;1;3;1;0;0;0
28.11.2024;08:35;A  7;1;9;6;4;4;5;4;6;5;0;0;1;2;0;0;2;3;1;2;0;0;1;2;1;4;1;2;0;0;1;2
28.11.2024;08:34;A  7;1;9;8;4;3;2;2;4;3;1;2;2;3;0;0;1;2;1;2;0;0;0;0;1;1;0;0;0;0;0;0
28.11.2024;08:33;A  7;1;6;6;3;2;8;6;5;5;2;3;0;0;0;0;0;0;0;0;0;0;1;2;0;0;0;0;1;2;0;0
28.11.2024;08:32;A  7;1;8;8;6;5;5;7;5;6;0;0;0;0;0;0;1;2;1;2;0;0;0;0;2;6;2;4;0;0;1;2
28.11.2024;08:31;A  7;1;8;7;4;3;3;3;2;1;0;0;2;3;0;0;1;2;0;0;0;0;0;0;0;0;2;4;0;0;0;0
28.11.2024;08:30;A  7;1;2;2;1;1;4;3;3;2;2;3;0;0;0;0;0;0;1;2;0;0;1;2;0;0;0;0;0;0;0;0
28.11.2024;08:29;A  7;1;5;13;5;9;5;5;6;6;0;0;0;0;0;0;0;0;0;0;0;0;0;0;0;0;1;4;1;2;0;0
28.11.2024;08:28;A  7;1;3;2;2;1;8;8;2;2;0;0;1;2;0;0;1;2;0;0;0;0;1;2;2;5;0;0;1;2;1;2
28.11.2024;08:27;A  7;1;10;6;2;1;4;3;4;3;1;2;0;0;0;0;0;0;1;2;0;0;0;0;0;0;0;0;0;0;1;2
28.11.2024;08:26;A  7;1;11;7;3;2;2;2;1;1;0;0;1;2;0;0;1;2;0;0;0;0;1;2;0;0;1;2;0;0;0;0
28.11.2024;08:25;A  7;1;6;6;4;5;9;9;6;7;1;2;0;0;0;0;0;0;1;2;0;0;0;0;1;2;3;7;2;4;0;0
28.11.2024;08:24;A  7;1;6;6;5;3;5;7;6;7;0;0;0;0;0;0;1;2;0;0;0;0;0;0;1;3;1;2;0;0;1;2
28.11.2024;08:23;A  7;1;14;8;8;5;9;10;3;2;1;2;1;2;0;0;0;0;0;0;0;0;0;0;0;0;0;0;0;0;0;0
28.11.2024;08:22;A  7;1;10;6;6;4;5;6;4;3;0;0;0;0;0;0;0;0;0;0;0;0;0;0;1;6;0;0;0;4;0;0
28.11.2024;08:21;A  7;1;8;6;2;1;3;2;6;5;0;0;0;0;0;0;0;0;0;0;0;0;0;0;0;0;0;0;1;2;0;0
28.11.2024;08:20;A  7;1;10;12;9;9;9;10;5;4;0;0;0;0;0;0;1;2;0;0;0;0;0;0;1;2;0;0;1;2;0;0
28.11.2024;08:19;A  7;1;7;6;8;6;5;4;2;1;0;0;1;2;0;0;0;0;0;0;0;0;1;2;0;0;0;0;1;2;1;2
28.11.2024;08:18;A  7;1;5;5;5;3;5;5;3;4;1;2;0;0;0;0;1;2;1;2;0;0;1;2;2;5;0;0;1;4;0;0
28.11.2024;08:17;A  7;1;11;7;9;6;7;8;6;7;1;2;1;2;0;0;0;0;1;2;0;0;0;0;0;0;1;2;1;0;2;4
28.11.2024;08:16;A  7;1;5;4;4;3;3;4;5;4;0;0;1;2;0;0;1;2;0;0;0;0;0;0;2;11;1;2;0;0;0;0
28.11.2024;08:15;A  7;1;10;10;6;4;8;5;6;3;1;2;0;0;0;0;0;0;0;0;0;0;0;0;0;0;0;0;0;0;0;0
28.11.2024;08:14;A  7;1;13;9;8;6;4;3;6;4;0;0;0;0;0;0;0;0;1;2;0;0;1;2;0;0;1;2;2;4;1;2
28.11.2024;08:13;A  7;1;4;10;5;9;4;5;6;7;1;2;0;0;0;0;0;0;0;0;0;0;0;0;0;0;0;0;0;0;0;0
28.11.2024;08:12;A  7;1;8;15;6;11;4;4;4;4;0;0;0;0;0;0;1;2;0;0;0;0;0;0;1;3;1;2;1;2;0;0
28.11.2024;08:11;A  7;1;12;11;6;3;4;9;5;11;1;2;1;2;0;0;0;0;1;2;0;0;1;2;0;0;0;0;0;0;0;0
28.11.2024;08:10;A  7;1;7;8;8;8;4;6;6;5;0;0;0;0;0;0;1;2;0;0;0;0;0;0;3;7;0;0;0;0;0;0
28.11.2024;08:09;A  7;1;5;4;3;3;4;5;2;2;1;2;1;2;0;0;0;0;0;0;0;0;1;2;1;4;0;0;3;9;1;2
28.11.2024;08:08;A  7;1;9;8;4;3;6;6;4;4;0;0;0;0;0;0;0;0;1;2;0;0;1;2;0;0;0;0;1;2;0;0
28.11.2024;08:07;A  7;1;9;7;5;4;4;3;2;2;0;0;0;0;0;0;0;0;1;2;0;0;0;0;0;0;0;0;0;0;2;4
28.11.2024;08:06;A  7;1;5;4;1;1;5;5;6;5;0;0;0;0;0;0;1;2;0;0;0;0;0;0;0;1;1;3;0;0;0;0
28.11.2024;08:05;A  7;1;9;22;4;3;6;6;4;3;1;2;1;2;0;0;0;0;0;0;0;0;0;0;1;2;1;4;0;0;0;0
28.11.2024;08:04;A  7;1;5;3;2;2;5;6;2;2;0;0;1;2;0;0;1;2;0;0;0;0;0;0;2;5;0;0;0;0;0;0
28.11.2024;08:03;A  7;1;5;5;0;0;5;3;6;5;1;2;0;0;0;0;0;0;1;2;0;0;2;3;0;0;0;0;0;0;0;0
28.11.2024;08:02;A  7;1;10;10;6;4;10;9;11;10;0;0;0;0;0;0;0;0;1;2;0;0;0;0;1;2;0;0;0;0;0;0
28.11.2024;08:01;A  7;1;14;11;11;9;7;8;8;6;0;0;0;0;0;0;0;0;0;0;0;0;0;0;1;3;1;2;0;0;0;0
28.11.2024;08:00;A  7;1;4;3;1;1;6;7;7;7;0;0;0;0;0;0;1;2;0;0;0;0;1;2;2;4;1;2;1;2;0;0
28.11.2024;07:59;A  7;1;12;10;7;5;3;3;6;6;1;2;1;2;0;0;1;2;1;2;0;0;1;2;1;2;0;0;0;0;0;0
28.11.2024;07:58;A  7;1;5;5;5;4;5;4;2;1;1;2;2;3;0;0;2;3;1;2;0;0;0;0;0;0;0;0;0;0;0;0
28.11.2024;07:57;A  7;1;7;5;3;2;5;4;7;6;2;3;1;2;0;0;0;0;0;0;0;0;0;0;1;5;1;3;0;0;0;0
28.11.2024;07:56;A  7;1;7;15;4;3;8;10;8;7;0;0;0;0;0;0;1;2;0;0;0;0;2;3;1;2;0;0;2;7;0;0
28.11.2024;07:55;A  7;1;9;6;4;3;7;8;7;7;0;0;1;2;0;0;0;0;2;3;0;0;0;0;1;2;0;0;0;0;0;0
28.11.2024;07:54;A  7;1;4;3;0;0;4;3;2;2;1;1;0;0;0;0;1;2;0;0;0;0;0;0;1;3;1;2;0;0;0;0
28.11.2024;07:53;A  7;1;7;4;5;3;10;8;7;5;1;2;1;2;0;0;0;0;0;0;0;0;1;2;0;0;0;0;0;0;0;0
28.11.2024;07:52;A  7;1;7;5;5;3;3;3;9;9;0;0;0;0;0;0;0;0;1;2;0;0;0;0;0;0;0;0;0;0;0;0
28.11.2024;07:51;A  7;1;7;10;3;3;3;3;5;3;0;0;0;0;0;0;1;2;0;0;0;0;0;0;1;2;1;2;2;6;0;0
28.11.2024;07:50;A  7;1;10;9;7;5;9;9;4;4;1;2;1;2;0;0;0;0;0;0;0;0;0;0;0;0;2;6;1;1;0;0
28.11.2024;07:49;A  7;1;6;5;7;5;4;5;6;6;0;0;0;0;0;0;1;2;0;0;0;0;1;2;1;2;0;0;0;0;1;2
28.11.2024;07:48;A  7;1;3;3;0;0;6;6;7;6;0;0;0;0;0;0;0;0;1;2;0;0;1;2;4;14;0;0;1;2;1;2
28.11.2024;07:47;A  7;1;11;6;7;5;6;5;3;3;1;2;1;2;0;0;0;0;1;2;0;0;0;0;6;17;1;2;1;2;1;2
28.11.2024;07:46;A  7;1;8;6;4;6;9;8;8;6;0;0;0;0;0;0;1;2;0;0;0;0;0;0;0;1;1;2;1;4;1;2
28.11.2024;07:45;A  7;1;9;6;6;7;5;5;4;3;1;2;1;2;0;0;0;0;0;0;0;0;0;0;3;5;0;0;0;0;0;0
28.11.2024;07:44;A  7;1;12;9;6;4;5;7;7;7;0;0;0;0;0;0;0;0;0;0;0;0;1;2;0;0;1;2;0;0;0;0
28.11.2024;07:43;A  7;1;5;4;1;1;6;5;2;1;0;0;0;0;0;0;0;0;1;2;0;0;0;0;0;0;0;0;0;0;0;0
28.11.2024;07:42;A  7;1;9;5;4;2;5;6;6;6;0;0;0;0;0;0;1;2;0;0;0;0;0;0;1;2;0;0;0;0;0;0
28.11.2024;07:41;A  7;1;4;3;6;4;9;9;9;7;1;2;1;2;0;0;1;2;0;0;0;0;0;0;2;6;0;0;0;0;0;0
28.11.2024;07:40;A  7;1;7;8;9;12;3;7;2;2;1;2;1;2;0;0;0;0;0;0;0;0;0;0;0;0;0;0;1;3;0;0
28.11.2024;07:39;A  7;1;3;2;6;7;5;5;4;3;1;2;0;0;0;0;0;0;1;2;0;0;2;3;2;4;0;0;1;2;1;2
28.11.2024;07:38;A  7;1;9;6;6;5;4;5;3;3;0;0;0;0;0;0;0;0;1;2;0;0;0;0;0;0;3;14;0;0;0;0
28.11.2024;07:37;A  7;1;3;4;3;3;8;7;6;5;0;0;1;2;0;0;1;2;0;0;0;0;0;0;1;4;1;2;0;0;0;0
28.11.2024;07:36;A  7;1;10;9;7;6;1;1;6;5;1;2;0;0;0;0;0;0;0;0;0;0;1;2;1;2;0;0;0;0;0;0
28.11.2024;07:35;A  7;1;7;47;7;15;8;12;6;6;1;2;0;0;0;0;1;2;2;3;0;0;1;2;1;4;0;0;0;0;0;0
28.11.2024;07:34;A  7;1;5;5;4;4;3;4;5;5;1;2;2;3;0;0;1;2;0;0;0;0;0;0;2;6;1;3;0;0;0;0
28.11.2024;07:33;A  7;1;10;23;3;2;6;5;4;3;1;2;0;0;0;0;0;0;0;0;0;0;1;2;0;0;0;0;0;0;0;0
28.11.2024;07:32;A  7;1;8;6;4;3;8;9;8;8;0;0;0;0;0;0;0;0;1;2;0;0;1;2;2;4;1;2;0;0;0;0
28.11.2024;07:31;A  7;1;13;9;6;5;7;7;2;1;0;0;0;0;0;0;0;0;1;2;0;0;0;0;1;2;0;0;0;0;0;0
28.11.2024;07:30;A  7;1;4;3;1;1;1;2;3;3;0;0;0;0;0;0;0;0;0;0;0;0;0;0;0;0;1;2;0;0;0;0
28.11.2024;07:29;A  7;1;11;10;3;2;4;4;6;6;0;0;0;0;0;0;1;2;0;0;0;0;0;0;1;2;1;2;0;0;0;0
28.11.2024;07:28;A  7;1;4;3;0;0;5;5;6;7;1;2;1;2;0;0;0;0;0;0;0;0;0;0;1;4;1;2;0;0;0;0
28.11.2024;07:27;A  7;1;3;3;3;2;3;3;5;5;1;2;0;0;0;0;2;3;0;1;0;0;1;2;1;2;0;0;0;0;1;2
28.11.2024;07:26;A  7;1;7;6;5;4;4;4;3;3;2;3;2;3;0;0;1;2;2;2;0;0;1;2;1;2;1;4;0;0;1;2
28.11.2024;07:25;A  7;1;7;4;4;3;5;6;5;4;0;0;1;2;0;0;0;0;0;0;0;0;1;2;1;3;0;0;1;3;0;0
28.11.2024;07:24;A  7;1;8;6;3;2;6;4;5;4;1;2;0;0;0;0;0;0;1;2;0;0;0;0;0;0;0;0;0;0;0;0
28.11.2024;07:23;A  7;1;14;10;6;5;5;6;2;2;0;0;0;0;0;0;0;0;0;0;0;0;0;0;0;0;0;0;2;5;0;0
28.11.2024;07:22;A  7;1;6;4;4;4;3;3;2;1;0;0;0;0;0;0;0;0;0;0;0;0;0;0;1;2;0;0;2;5;0;0
28.11.2024;07:21;A  7;1;1;1;0;0;3;3;5;5;0;0;0;0;0;0;0;0;1;2;0;0;1;2;2;8;0;0;0;0;0;0
28.11.2024;07:20;A  7;1;11;9;7;6;0;0;2;2;0;0;0;0;0;0;0;0;0;0;0;0;0;0;2;5;0;0;0;0;0;0
28.11.2024;07:19;A  7;1;3;4;4;5;2;2;3;2;0;0;1;2;0;0;1;2;0;0;0;0;0;0;0;0;0;0;1;2;0;0
28.11.2024;07:18;A  7;1;4;4;3;2;3;3;2;2;1;2;0;0;0;0;0;0;0;0;0;0;1;2;1;2;1;2;0;0;0;0
28.11.2024;07:17;A  7;1;13;7;3;2;2;2;3;3;0;0;0;0;0;0;0;0;1;2;0;0;0;0;3;18;0;0;0;0;0;0
28.11.2024;07:16;A  7;1;4;2;1;1;2;3;0;0;0;0;0;0;0;0;0;0;0;0;0;0;0;0;0;0;0;0;0;0;0;0
28.11.2024;07:15;A  7;1;4;4;1;1;7;7;2;1;0;0;0;0;0;0;1;2;0;0;0;0;0;0;0;0;0;0;0;0;0;0
28.11.2024;07:14;A  7;1;10;11;5;4;4;4;5;5;1;2;1;2;0;0;1;2;0;0;0;0;1;2;0;0;1;2;0;0;0;0
28.11.2024;07:13;A  7;1;8;6;5;3;2;2;1;1;1;2;1;2;0;0;0;0;1;2;0;0;0;0;1;2;1;2;0;0;0;0
28.11.2024;07:12;A  7;1;4;3;2;3;4;3;3;2;1;2;0;0;0;0;0;0;0;0;0;0;1;2;2;5;0;0;0;0;0;0
28.11.2024;07:11;A  7;1;9;7;9;6;0;0;2;3;0;0;0;0;0;0;1;2;1;2;0;0;0;0;0;0;0;0;1;2;0;0
28.11.2024;07:10;A  7;1;8;5;5;3;3;3;2;2;2;3;1;2;0;0;0;0;0;0;0;0;0;0;1;2;1;2;0;0;0;0
28.11.2024;07:09;A  7;1;4;2;0;0;3;3;1;1;0;0;0;0;0;0;0;0;0;0;0;0;1;2;1;3;0;0;1;2;0;0
28.11.2024;07:08;A  7;1;6;3;3;2;4;3;2;2;0;0;0;0;0;0;0;0;1;2;0;0;1;2;0;0;0;0;0;0;0;0
28.11.2024;07:07;A  7;1;11;9;4;2;0;0;1;1;0;0;0;0;0;0;0;0;1;2;0;0;0;0;0;0;0;0;0;0;0;0
28.11.2024;07:06;A  7;1;4;4;1;1;2;2;3;3;0;0;0;0;0;0;1;2;0;0;0;0;0;1;1;2;0;0;0;0;0;0
28.11.2024;07:05;A  7;1;4;2;4;2;3;2;1;1;1;2;1;2;0;0;1;2;1;2;0;0;2;2;0;0;0;0;0;0;0;0
28.11.2024;07:04;A  7;1;6;5;1;1;1;1;1;1;1;2;1;1;0;0;0;0;1;2;0;0;0;0;0;0;1;2;0;0;0;0
28.11.2024;07:03;A  7;1;3;2;0;0;5;3;3;2;0;0;0;0;0;0;0;0;0;0;0;0;1;2;1;2;0;0;0;0;0;0
28.11.2024;07:02;A  7;1;10;29;8;7;4;5;3;3;0;0;0;0;0;0;0;0;1;2;0;0;0;0;0;0;0;0;0;0;0;0
28.11.2024;07:01;A  7;1;11;8;6;5;4;3;3;2;0;0;0;0;0;0;0;0;0;0;0;0;0;0;0;0;1;2;0;0;0;0
28.11.2024;07:00;A  7;1;4;3;0;0;3;2;2;1;0;0;0;0;0;0;1;2;1;2;0;0;1;2;0;0;0;0;0;0;0;0
28.11.2024;06:59;A  7;1;9;6;5;4;3;2;3;3;1;2;1;2;0;0;1;2;0;0;0;0;0;0;0;0;0;0;0;0;0;0
28.11.2024;06:58;A  7;1;3;2;2;1;1;1;0;0;1;2;1;2;0;0;1;2;0;0;0;0;0;0;0;0;0;0;0;0;0;0
28.11.2024;06:57;A  7;1;6;7;2;2;1;1;4;2;1;2;1;2;0;0;1;2;0;0;0;0;0;0;0;0;1;2;0;0;0;0
28.11.2024;06:56;A  7;1;6;4;3;3;3;3;1;1;1;2;1;2;0;0;0;0;0;0;0;0;0;0;0;0;0;0;0;0;0;0
28.11.2024;06:55;A  7;1;1;1;1;1;2;2;0;0;0;0;0;0;0;0;0;0;1;2;0;0;1;2;1;2;0;0;0;0;0;0
28.11.2024;06:54;A  7;1;6;4;3;2;4;3;0;0;0;0;0;1;0;0;2;3;1;2;0;0;1;2;1;2;1;2;0;0;0;0
28.11.2024;06:53;A  7;1;4;3;2;1;7;8;5;3;2;3;2;2;0;0;0;0;0;0;0;0;0;0;0;0;0;0;0;0;0;0
28.11.2024;06:52;A  7;1;7;5;3;2;0;0;0;0;0;0;0;0;0;0;0;0;0;0;0;0;0;0;0;0;0;0;0;0;0;0
28.11.2024;06:51;A  7;1;4;5;2;3;4;3;1;0;0;0;1;2;0;0;1;2;0;0;0;0;1;2;1;2;0;0;1;2;0;0
28.11.2024;06:50;A  7;1;6;4;4;3;3;2;2;1;1;2;0;0;0;0;0;0;1;2;0;0;0;0;0;0;0;0;0;0;0;0
28.11.2024;06:49;A  7;1;6;5;3;2;4;4;1;1;0;0;1;2;0;0;1;2;0;0;0;0;0;0;0;0;0;0;0;0;0;0
28.11.2024;06:48;A  7;1;2;2;1;1;3;3;4;4;1;2;0;0;0;0;0;0;0;0;0;0;0;0;0;0;0;0;0;0;0;0
28.11.2024;06:47;A  7;1;10;7;3;2;4;3;2;1;0;0;0;0;0;0;0;0;0;0;0;0;1;2;0;0;1;2;0;0;0;0
28.11.2024;06:46;A  7;1;4;5;1;1;0;0;1;1;0;0;0;0;0;0;0;0;1;2;0;0;0;0;0;0;0;0;0;0;0;0
28.11.2024;06:45;A  7;1;11;6;5;3;3;2;3;3;0;0;0;1;0;0;2;3;0;0;0;0;0;0;0;0;1;3;0;0;0;0
28.11.2024;06:44;A  7;1;5;3;3;2;1;1;1;1;2;3;2;3;0;0;0;0;1;2;0;0;1;2;0;0;0;0;0;0;0;0
28.11.2024;06:43;A  7;1;4;4;0;0;2;2;2;2;0;0;0;0;0;0;0;0;0;0;0;0;0;0;0;0;0;0;0;0;0;0
28.11.2024;06:42;A  7;1;10;8;5;3;2;1;0;0;0;0;0;0;0;0;0;0;0;0;0;0;0;0;0;0;0;0;0;0;0;0
28.11.2024;06:41;A  7;1;5;4;1;1;5;5;4;3;1;2;0;0;0;0;0;0;1;2;0;0;1;2;0;0;0;0;0;0;0;0
28.11.2024;06:40;A  7;1;1;0;1;1;4;4;1;0;0;0;0;0;0;0;1;2;0;0;0;0;0;0;0;0;0;0;0;0;0;0
28.11.2024;06:39;A  7;1;4;4;0;0;3;2;3;2;2;3;1;2;0;0;0;0;1;2;0;0;1;2;0;0;0;0;0;0;0;0
28.11.2024;06:38;A  7;1;7;12;4;3;3;2;2;1;0;0;0;0;0;0;0;0;0;0;0;0;0;0;0;0;0;0;0;0;0;0
28.11.2024;06:37;A  7;1;2;1;1;1;1;1;0;0;0;0;0;0;0;0;0;0;0;0;0;0;1;2;0;0;1;2;0;0;0;0
28.11.2024;06:36;A  7;1;5;4;2;2;4;5;2;2;0;0;0;0;0;0;0;0;1;2;0;0;1;2;0;0;0;0;0;0;0;0
28.11.2024;06:35;A  7;1;9;9;7;6;5;4;7;5;0;0;1;2;0;0;1;2;1;2;0;0;0;0;0;0;1;2;0;0;0;0
28.11.2024;06:34;A  7;1;2;2;1;1;2;2;2;2;1;2;1;2;0;0;1;2;0;0;0;0;0;0;0;0;0;0;0;0;0;0
28.11.2024;06:33;A  7;1;5;3;0;0;5;3;3;2;1;2;0;0;0;0;0;0;0;0;0;0;0;0;0;0;0;0;0;0;0;0
28.11.2024;06:32;A  7;1;2;1;1;1;0;0;0;0;0;0;0;0;0;0;0;0;1;2;0;0;1;2;0;0;0;0;0;0;0;0
28.11.2024;06:31;A  7;1;6;4;4;3;3;2;3;2;0;0;0;0;0;0;1;2;0;0;0;0;0;0;0;0;0;0;0;0;0;0
28.11.2024;06:30;A  7;1;4;3;2;2;2;2;3;2;2;3;2;3;0;0;1;2;0;0;0;0;0;0;0;0;0;0;0;0;0;0
28.11.2024;06:29;A  7;1;8;4;2;1;2;1;0;0;0;0;0;0;0;0;0;0;0;0;0;0;0;0;0;0;0;0;0;0;0;0
28.11.2024;06:28;A  7;1;5;3;2;1;2;1;0;0;0;0;0;0;0;0;0;0;0;0;0;0;0;0;0;0;0;0;1;3;0;0
28.11.2024;06:27;A  7;1;5;3;0;0;0;0;1;1;0;0;1;2;0;0;2;3;0;0;0;0;1;2;0;0;0;0;0;0;0;0
28.11.2024;06:26;A  7;1;5;2;4;3;3;2;2;2;2;3;1;2;0;0;0;0;1;2;0;0;0;0;0;0;0;0;0;0;0;0
28.11.2024;06:25;A  7;1;9;5;3;3;4;5;2;1;0;0;0;0;0;0;1;2;0;0;0;0;0;0;0;0;0;0;0;0;0;0
28.11.2024;06:24;A  7;1;2;2;2;2;1;1;1;1;1;2;1;2;0;0;0;0;0;0;0;0;0;0;0;0;0;0;0;0;0;0
28.11.2024;06:23;A  7;1;6;5;2;2;0;0;0;0;0;0;0;0;0;0;0;0;1;2;0;0;1;2;0;0;0;0;0;0;0;0
28.11.2024;06:22;A  7;1;4;4;1;1;6;5;2;1;0;0;1;2;0;0;1;2;1;2;0;0;1;2;1;3;0;0;0;0;0;0
28.11.2024;06:21;A  7;1;9;6;3;2;1;1;1;1;1;2;0;0;0;0;0;0;0;0;0;0;0;0;1;4;0;0;0;0;0;0
28.11.2024;06:20;A  7;1;4;3;0;0;1;1;1;1;0;0;0;0;0;0;0;0;0;0;0;0;1;2;0;0;0;0;0;0;0;0
28.11.2024;06:19;A  7;1;1;1;0;0;1;1;2;2;0;0;0;0;0;0;1;2;1;2;0;0;0;0;0;0;0;0;0;0;0;0
28.11.2024;06:18;A  7;1;5;3;1;1;0;0;1;1;1;2;1;2;0;0;0;0;0;0;0;0;0;0;0;0;0;0;0;0;0;0
28.11.2024;06:17;A  7;1;5;5;1;1;4;4;1;1;0;0;0;0;0;0;0;0;0;0;0;0;0;0;0;0;0;0;0;0;0;0
28.11.2024;06:16;A  7;1;5;4;4;3;0;0;0;0;0;0;0;0;0;0;0;0;0;0;0;0;0;0;0;0;0;0;0;0;0;0
28.11.2024;06:15;A  7;1;2;2;3;2;4;3;3;2;0;0;0;0;0;0;0;0;0;0;0;0;0;0;0;0;0;0;0;0;0;0
28.11.2024;06:14;A  7;1;1;1;0;0;2;2;1;1;0;0;2;3;0;0;2;3;0;0;0;0;0;0;0;0;0;0;0;0;0;0
28.11.2024;06:13;A  7;1;1;1;1;1;0;0;0;0;2;3;0;0;0;0;0;0;0;0;0;0;0;0;0;0;0;0;0;0;0;0
28.11.2024;06:12;A  7;1;5;3;3;1;3;2;0;0;0;0;0;0;0;0;1;2;0;0;0;0;0;0;0;0;0;0;0;0;0;0
28.11.2024;06:11;A  7;1;0;0;0;0;1;1;2;1;1;2;1;2;0;0;0;0;0;0;0;0;1;2;0;0;0;0;0;0;0;0
28.11.2024;06:10;A  7;1;3;2;2;1;2;2;2;1;0;0;0;0;0;0;0;0;1;2;0;0;0;0;0;0;0;0;0;0;0;0
28.11.2024;06:09;A  7;1;7;3;4;2;2;2;2;2;2;3;1;2;0;0;1;2;0;0;0;0;0;0;0;0;0;0;0;0;0;0
28.11.2024;06:08;A  7;1;1;1;1;1;0;0;0;0;0;0;0;0;0;0;0;0;1;2;0;0;1;2;0;0;0;0;0;0;0;0
28.11.2024;06:07;A  7;1;6;6;2;1;0;0;1;1;0;0;0;0;0;0;0;0;1;2;0;0;1;2;0;0;0;0;0;0;0;0
28.11.2024;06:06;A  7;1;4;2;2;1;1;1;0;0;0;0;0;0;0;0;0;0;0;0;0;0;0;0;0;0;1;2;0;0;0;0
28.11.2024;06:05;A  7;1;2;2;1;1;0;0;1;1;0;0;1;2;0;0;2;3;0;0;0;0;0;0;0;0;0;0;0;0;0;0
28.11.2024;06:04;A  7;1;12;9;3;2;2;2;0;0;2;3;1;2;0;0;0;0;0;0;0;0;0;0;0;0;0;0;0;0;0;0
28.11.2024;06:03;A  7;1;1;1;0;0;1;1;1;1;0;0;0;0;0;0;0;0;0;0;0;0;0;0;0;0;0;0;0;0;0;0
28.11.2024;06:02;A  7;1;2;1;0;0;2;1;4;2;0;0;0;0;0;0;0;0;0;0;0;0;0;0;0;0;0;0;0;0;0;0
28.11.2024;06:01;A  7;1;4;2;2;2;0;0;0;0;0;0;0;0;0;0;0;0;0;0;0;0;0;0;0;0;0;0;0;0;0;0
28.11.2024;06:00;A  7;1;1;0;1;1;3;2;3;2;0;0;0;0;0;0;0;0;0;0;0;0;0;0;0;0;0;0;0;0;0;0
28.11.2024;05:59;A  7;1;2;2;0;0;1;1;0;0;0;0;0;0;0;0;0;0;0;0;0;0;0;0;0;0;0;0;0;0;0;0
28.11.2024;05:58;A  7;1;2;1;2;1;2;3;1;1;0;0;0;0;0;0;0;0;0;0;0;0;0;0;0;0;0;0;1;4;0;0
28.11.2024;05:57;A  7;1;3;2;1;1;0;0;1;1;0;0;1;2;0;0;1;2;0;0;0;0;0;0;0;0;0;0;0;0;0;0
28.11.2024;05:56;A  7;1;1;1;2;2;0;0;1;1;1;2;0;0;0;0;0;0;0;0;0;0;1;2;0;0;0;0;0;0;0;0
28.11.2024;05:55;A  7;1;5;3;1;1;3;1;1;1;0;0;1;2;0;0;1;2;1;2;0;0;0;0;0;0;0;0;0;0;0;0
28.11.2024;05:54;A  7;1;0;0;0;0;3;5;3;3;1;2;0;0;0;0;1;2;0;0;0;0;0;0;0;0;0;0;0;0;0;0
28.11.2024;05:53;A  7;1;3;3;1;1;0;0;1;1;1;2;1;2;0;0;0;0;0;0;0;0;0;0;0;0;0;0;0;0;0;0
28.11.2024;05:52;A  7;1;3;2;1;1;3;2;0;0;0;0;0;0;0;0;1;2;0;0;0;0;1;2;0;0;0;0;0;0;0;0
28.11.2024;05:51;A  7;1;3;3;0;0;2;2;0;0;1;2;1;2;0;0;0;0;2;3;0;0;2;3;0;0;0;0;0;0;0;0
28.11.2024;05:50;A  7;1;4;2;1;1;0;0;0;0;0;0;0;0;0;0;0;0;1;2;0;0;0;0;0;0;0;0;0;0;0;0
28.11.2024;05:49;A  7;1;3;1;1;1;1;1;2;1;1;2;1;2;0;0;1;2;0;0;0;0;0;0;0;0;0;0;0;0;0;0
28.11.2024;05:48;A  7;1;2;1;1;1;0;0;1;1;0;0;0;0;0;0;0;0;0;0;0;0;0;0;0;0;0;0;0;0;0;0
28.11.2024;05:47;A  7;1;4;3;2;1;0;0;0;0;0;0;0;0;0;0;0;0;0;0;0;0;0;0;0;0;0;0;0;0;0;0
28.11.2024;05:46;A  7;1;1;1;0;0;1;0;2;1;0;0;0;0;0;0;0;0;0;0;0;0;0;0;0;0;0;0;0;0;0;0
28.11.2024;05:45;A  7;1;2;1;2;2;0;0;0;0;0;0;0;0;0;0;0;0;0;0;0;0;0;0;0;0;0;0;0;0;0;0
28.11.2024;05:44;A  7;1;1;1;1;0;1;1;0;0;0;0;0;0;0;0;0;0;0;0;0;0;0;0;0;0;0;0;0;0;0;0
28.11.2024;05:43;A  7;1;3;2;1;1;0;0;1;1;0;0;0;0;0;0;0;0;0;0;0;0;0;0;0;0;0;0;0;0;0;0
28.11.2024;05:42;A  7;1;6;4;2;1;3;3;1;1;0;0;0;0;0;0;0;0;1;2;0;0;1;2;0;0;0;0;0;0;0;0
28.11.2024;05:41;A  7;1;4;4;0;0;0;0;0;0;1;2;0;0;0;0;0;0;0;0;0;0;0;0;0;0;1;2;0;0;0;0
28.11.2024;05:40;A  7;1;4;2;1;1;1;1;1;0;0;0;0;0;0;0;0;0;1;2;0;0;2;3;0;0;0;0;0;0;0;0
28.11.2024;05:39;A  7;1;0;1;0;0;0;0;1;1;1;1;0;0;0;0;0;0;1;2;0;0;0;0;0;0;0;0;0;0;0;0
28.11.2024;05:38;A  7;1;6;4;2;2;0;0;0;0;0;0;0;0;0;0;1;2;0;0;0;0;0;0;0;0;0;0;0;0;0;0
28.11.2024;05:37;A  7;1;4;3;3;1;5;5;2;1;1;2;1;2;0;0;1;2;0;0;0;0;0;0;0;0;1;7;0;0;0;0
28.11.2024;05:36;A  7;1;1;1;0;0;0;0;0;0;1;2;1;2;0;0;0;0;0;0;0;0;0;0;0;0;0;0;0;0;0;0
28.11.2024;05:35;A  7;1;2;2;0;0;0;0;1;1;0;0;0;0;0;0;1;2;0;0;0;0;0;0;0;0;0;0;0;0;0;0
28.11.2024;05:34;A  7;1;1;1;0;0;0;0;2;2;1;2;1;2;0;0;0;0;0;0;0;0;0;0;0;0;0;0;0;0;0;0
28.11.2024;05:33;A  7;1;0;0;0;0;2;2;0;0;0;0;0;0;0;0;0;0;0;0;0;0;0;0;0;0;0;0;0;0;0;0
28.11.2024;05:32;A  7;1;2;1;2;1;1;1;1;1;0;0;0;0;0;0;0;0;0;0;0;0;0;0;0;0;0;0;0;0;0;0
28.11.2024;05:31;A  7;1;4;3;1;1;1;1;0;0;0;0;0;0;0;0;0;0;0;0;0;0;0;0;0;0;0;0;0;0;0;0
28.11.2024;05:30;A  7;1;2;1;1;1;2;1;3;3;0;0;0;0;0;0;0;0;0;0;0;0;0;0;0;0;0;0;0;0;0;0
28.11.2024;05:29;A  7;1;0;0;0;0;3;3;0;0;0;0;0;0;0;0;0;0;0;0;0;0;0;0;0;0;0;0;0;0;0;0
28.11.2024;05:28;A  7;1;2;2;0;0;1;1;0;0;0;0;0;0;0;0;0;0;0;0;0;0;0;0;0;0;0;0;0;0;0;0
28.11.2024;05:27;A  7;1;3;2;1;1;1;1;1;1;0;0;0;0;0;0;0;0;0;0;0;0;1;2;0;0;0;0;0;0;0;0
28.11.2024;05:26;A  7;1;0;0;0;0;1;1;0;0;0;0;0;0;0;0;0;0;1;2;0;0;1;2;0;0;0;0;0;0;0;0
28.11.2024;05:25;A  7;1;3;4;1;1;0;0;1;1;0;0;0;0;0;0;0;0;1;2;0;0;0;0;0;0;0;0;0;0;0;0
28.11.2024;05:24;A  7;1;0;0;0;0;0;0;2;2;0;0;1;2;0;0;1;2;0;0;0;0;0;0;0;0;0;0;0;0;0;0
28.11.2024;05:23;A  7;1;3;2;0;0;0;0;0;0;1;2;0;0;0;0;0;0;0;0;0;0;0;0;0;0;0;0;0;0;0;0
28.11.2024;05:22;A  7;1;5;4;2;1;2;6;0;0;0;0;0;0;0;0;2;3;0;0;0;0;0;0;0;0;0;0;0;0;0;0
28.11.2024;05:21;A  7;1;5;3;1;0;0;0;0;0;2;3;2;3;0;0;1;2;1;2;0;0;1;2;0;0;0;0;0;0;0;0
28.11.2024;05:20;A  7;1;2;3;0;0;1;1;1;0;1;2;1;2;0;0;0;0;1;2;0;0;1;2;0;0;0;0;0;0;0;0
28.11.2024;05:19;A  7;1;1;1;0;0;0;0;0;0;0;0;0;0;0;0;0;0;0;0;0;0;0;0;0;0;0;0;0;0;0;0
28.11.2024;05:18;A  7;1;1;1;0;0;3;2;0;0;0;0;0;0;0;0;0;0;0;0;0;0;0;0;0;0;0;0;0;0;0;0
28.11.2024;05:17;A  7;1;4;2;3;2;1;1;0;0;0;0;0;0;0;0;0;0;0;0;0;0;0;0;0;0;0;0;0;0;0;0
28.11.2024;05:16;A  7;1;1;1;0;0;0;0;0;0;0;0;0;0;0;0;0;0;0;0;0;0;0;0;0;0;0;0;0;0;0;0
28.11.2024;05:15;A  7;1;1;1;0;0;0;0;0;0;0;0;0;0;0;0;0;0;0;0;0;0;0;0;0;0;0;0;0;0;0;0
28.11.2024;05:14;A  7;1;3;2;1;1;0;0;1;0;0;0;0;0;0;0;0;0;0;0;0;0;0;0;0;0;0;0;0;0;0;0
28.11.2024;05:13;A  7;1;2;2;0;0;1;2;0;0;0;0;0;0;0;0;0;0;0;0;0;0;1;2;0;0;0;0;0;0;0;0
28.11.2024;05:12;A  7;1;0;0;0;0;0;0;1;1;0;0;0;0;0;0;0;0;1;2;0;0;1;2;0;0;0;0;1;2;0;0
28.11.2024;05:11;A  7;1;0;0;0;0;2;2;0;0;0;0;0;0;0;0;0;0;1;2;0;0;0;0;0;0;0;0;0;0;0;0
28.11.2024;05:10;A  7;1;1;1;0;0;1;1;0;0;1;2;0;0;0;0;0;0;0;0;0;0;0;0;0;0;0;0;0;0;0;0
28.11.2024;05:09;A  7;1;3;1;1;1;0;0;1;1;0;0;0;0;0;0;0;0;0;0;0;0;0;0;0;0;0;0;0;0;0;0
28.11.2024;05:08;A  7;1;1;1;0;0;0;0;1;1;0;0;0;0;0;0;1;2;0;0;0;0;0;0;0;0;0;0;0;0;0;0
28.11.2024;05:07;A  7;1;1;1;1;1;0;0;0;0;1;2;1;2;0;0;0;0;0;0;0;0;1;2;0;0;0;0;0;0;0;0
28.11.2024;05:06;A  7;1;1;1;1;0;0;0;1;1;0;0;1;2;0;0;1;2;1;2;0;0;0;0;0;0;0;0;0;0;0;0
28.11.2024;05:05;A  7;1;2;1;0;0;0;0;0;0;1;2;0;0;0;0;0;0;0;0;0;0;0;0;0;0;0;0;0;0;0;0
28.11.2024;05:04;A  7;1;1;2;0;0;1;1;1;1;0;0;1;2;0;0;1;2;0;0;0;0;0;0;0;0;0;0;0;0;0;0
28.11.2024;05:03;A  7;1;0;0;0;0;0;0;1;1;1;2;0;0;0;0;0;0;0;0;0;0;0;0;0;0;0;0;0;0;0;0
28.11.2024;05:02;A  7;1;1;1;0;0;0;0;0;0;0;0;0;0;0;0;0;0;0;0;0;0;0;0;0;0;0;0;0;0;0;0
28.11.2024;05:01;A  7;1;2;1;2;1;0;0;0;0;0;0;0;0;0;0;0;0;0;0;0;0;0;0;0;0;0;0;0;0;0;0
28.11.2024;05:00;A  7;1;0;0;0;0;1;1;1;1;0;0;0;0;0;0;0;0;0;0;0;0;0;0;0;0;0;0;0;0;0;0
28.11.2024;04:59;A  7;1;1;1;0;0;2;2;0;0;0;0;0;0;0;0;0;0;0;0;0;0;0;0;0;0;0;0;0;0;0;0
28.11.2024;04:58;A  7;1;4;9;1;1;0;0;0;0;1;2;1;2;0;0;1;2;0;0;0;0;0;0;0;0;1;2;0;0;0;0
28.11.2024;04:57;A  7;1;0;0;0;0;2;1;1;1;0;0;0;0;0;0;0;0;0;0;0;0;0;0;0;0;0;0;0;0;0;0
28.11.2024;04:56;A  7;1;0;0;0;0;0;0;0;0;0;0;0;0;0;0;0;0;0;0;0;0;0;0;0;0;0;0;0;0;0;0
28.11.2024;04:55;A  7;1;3;2;0;0;0;0;0;0;0;0;0;0;0;0;0;0;0;0;0;0;0;0;0;0;0;0;0;0;0;0
28.11.2024;04:54;A  7;1;1;1;0;0;0;0;1;1;0;0;0;0;0;0;0;0;0;0;0;0;0;0;0;0;0;0;0;0;0;0
28.11.2024;04:53;A  7;1;0;0;1;1;1;1;1;1;0;0;0;0;0;0;0;0;0;0;0;0;0;0;0;0;0;0;0;0;0;0
28.11.2024;04:52;A  7;1;1;1;0;0;0;0;0;0;0;0;0;0;0;0;0;0;0;0;0;0;0;0;0;0;0;0;0;0;0;0
28.11.2024;04:51;A  7;1;1;1;0;0;0;0;1;1;0;0;1;2;0;0;1;2;0;0;0;0;1;2;0;0;0;0;0;0;0;0
28.11.2024;04:50;A  7;1;0;0;0;0;0;0;0;0;1;2;0;0;0;0;2;3;1;2;0;0;0;0;0;0;0;0;0;0;0;0
28.11.2024;04:49;A  7;1;1;1;0;0;0;0;0;0;0;0;1;2;0;0;0;0;0;0;0;0;0;0;0;0;0;0;0;0;0;0
28.11.2024;04:48;A  7;1;1;1;1;1;1;1;1;0;1;2;0;0;0;0;0;0;0;0;0;0;0;0;0;0;0;0;0;0;0;0
28.11.2024;04:47;A  7;1;4;4;1;1;0;0;0;0;0;0;0;0;0;0;0;0;0;0;0;0;1;2;0;0;0;0;0;0;0;0
28.11.2024;04:46;A  7;1;1;1;0;0;0;0;1;1;0;0;0;0;0;0;0;0;1;2;0;0;0;0;0;0;0;0;0;0;0;0
28.11.2024;04:45;A  7;1;0;0;0;0;1;1;0;0;0;0;0;0;0;0;0;0;0;0;0;0;0;0;0;0;0;0;0;0;0;0
28.11.2024;04:44;A  7;1;0;0;0;0;0;0;0;0;0;0;0;0;0;0;0;0;0;0;0;0;0;0;0;0;0;0;0;0;0;0
28.11.2024;04:43;A  7;1;1;1;1;0;0;0;0;0;0;0;0;0;0;0;0;0;0;0;0;0;0;0;0;0;0;0;0;0;0;0
28.11.2024;04:42;A  7;1;0;0;0;0;1;1;0;0;0;0;0;0;0;0;0;0;0;0;0;0;1;2;0;0;0;0;0;0;0;0
28.11.2024;04:41;A  7;1;3;3;0;0;0;0;0;0;0;0;0;0;0;0;0;0;1;2;0;0;0;0;0;0;0;0;0;0;0;0
28.11.2024;04:40;A  7;1;2;1;0;0;0;0;0;0;1;2;0;0;0;0;0;0;0;0;0;0;0;0;0;0;0;0;0;0;0;0
28.11.2024;04:39;A  7;1;0;0;0;0;0;0;0;0;0;0;0;0;0;0;0;0;0;0;0;0;0;0;0;0;0;0;0;0;0;0
28.11.2024;04:38;A  7;1;1;1;0;0;0;0;0;0;0;0;0;0;0;0;0;0;0;0;0;0;0;0;0;0;0;0;0;0;0;0
28.11.2024;04:37;A  7;1;0;0;0;0;0;0;1;1;0;0;0;0;0;0;0;0;0;0;0;0;0;0;0;0;0;0;0;0;0;0
28.11.2024;04:36;A  7;1;0;0;0;0;1;1;0;0;0;0;0;0;0;0;0;0;0;0;0;0;0;0;0;0;0;0;0;0;0;0
28.11.2024;04:35;A  7;1;0;0;0;0;0;0;0;0;0;0;0;0;0;0;1;2;0;0;0;0;0;0;0;0;0;0;0;0;0;0
28.11.2024;04:34;A  7;1;3;5;1;1;0;0;0;0;1;2;1;2;0;0;0;0;0;0;0;0;0;0;0;0;0;0;0;0;0;0
28.11.2024;04:33;A  7;1;1;1;0;0;0;0;0;0;0;0;0;0;0;0;0;0;0;0;0;0;0;0;0;0;0;0;0;0;0;0
28.11.2024;04:32;A  7;1;1;1;0;0;1;2;0;0;0;0;0;0;0;0;0;0;0;0;0;0;0;0;0;0;0;0;0;0;0;0
28.11.2024;04:31;A  7;1;0;0;0;0;1;0;1;1;0;0;0;0;0;0;0;0;0;0;0;0;0;0;0;0;0;0;0;0;0;0
28.11.2024;04:30;A  7;1;1;1;0;0;1;1;0;0;0;0;0;0;0;0;0;0;0;0;0;0;0;0;0;0;0;0;0;0;0;0
28.11.2024;04:29;A  7;1;4;3;1;0;2;2;0;0;0;0;0;0;0;0;0;0;0;0;0;0;0;0;0;0;0;0;0;0;0;0
28.11.2024;04:28;A  7;1;0;0;0;0;0;0;0;0;0;0;0;0;0;0;0;0;0;0;0;0;0;0;0;0;0;0;0;0;0;0
28.11.2024;04:27;A  7;1;2;1;1;1;0;0;0;0;0;0;0;0;0;0;0;0;0;0;0;0;0;0;0;0;0;0;0;0;0;0
28.11.2024;04:26;A  7;1;0;0;0;0;0;0;0;0;0;0;0;0;0;0;0;0;0;0;0;0;0;0;0;0;0;0;0;0;0;0
28.11.2024;04:25;A  7;1;0;0;0;0;0;0;0;0;0;0;0;0;0;0;0;0;0;0;0;0;0;0;0;0;0;0;0;0;0;0
28.11.2024;04:24;A  7;1;0;0;0;0;0;0;1;1;0;0;0;0;0;0;0;0;0;0;0;0;0;0;1;5;0;0;0;0;0;0
28.11.2024;04:23;A  7;1;1;1;1;1;0;0;0;0;0;0;0;0;0;0;0;0;0;0;0;0;0;0;0;0;0;0;0;0;0;0
28.11.2024;04:22;A  7;1;1;1;0;0;1;1;1;0;0;0;0;0;0;0;0;0;0;0;0;0;1;2;0;0;0;0;0;0;0;0
28.11.2024;04:21;A  7;1;1;0;1;1;0;0;0;0;0;0;0;0;0;0;1;2;1;2;0;0;0;0;0;0;0;0;0;0;0;0
28.11.2024;04:20;A  7;1;0;0;0;0;0;0;0;0;1;2;1;2;0;0;0;0;0;0;0;0;0;0;0;0;0;0;0;0;0;0
28.11.2024;04:19;A  7;1;1;0;0;0;1;1;0;0;0;0;0;0;0;0;0;0;0;0;0;0;0;0;0;0;0;0;0;0;0;0
28.11.2024;04:18;A  7;1;1;0;1;1;0;0;0;0;0;0;0;0;0;0;0;0;0;0;0;0;0;0;0;0;0;0;0;0;0;0
28.11.2024;04:17;A  7;1;0;0;0;0;1;1;0;0;0;0;0;0;0;0;0;0;0;0;0;0;0;0;0;0;0;0;0;0;0;0
28.11.2024;04:16;A  7;1;2;1;0;0;0;0;0;0;0;0;0;0;0;0;0;0;0;0;0;0;0;0;0;0;0;0;0;0;0;0
28.11.2024;04:15;A  7;1;0;0;0;0;0;0;0;0;0;0;0;0;0;0;1;2;0;0;0;0;0;0;0;0;0;0;0;0;0;0
28.11.2024;04:14;A  7;1;2;2;0;0;0;0;0;0;1;2;1;2;0;0;0;0;0;0;0;0;0;0;0;0;0;0;0;0;0;0
28.11.2024;04:13;A  7;1;1;1;0;0;0;0;0;0;0;0;0;0;0;0;0;0;0;0;0;0;0;0;0;0;0;0;0;0;0;0
28.11.2024;04:12;A  7;1;0;0;0;0;0;0;0;0;0;0;0;0;0;0;0;0;0;0;0;0;0;0;0;0;0;0;0;0;0;0
28.11.2024;04:11;A  7;1;0;0;0;0;0;0;0;0;0;0;0;0;0;0;0;0;0;0;0;0;0;0;0;0;0;0;0;0;0;0
28.11.2024;04:10;A  7;1;0;0;0;0;0;0;0;0;0;0;0;0;0;0;0;0;1;2;0;0;1;2;0;0;0;0;0;0;0;0
28.11.2024;04:09;A  7;1;1;1;0;0;0;0;0;0;1;2;0;0;0;0;0;0;0;0;0;0;0;0;0;0;0;0;0;0;0;0
28.11.2024;04:08;A  7;1;1;1;0;0;0;0;0;0;0;0;0;0;0;0;0;0;0;0;0;0;0;0;0;0;0;0;0;0;0;0
28.11.2024;04:07;A  7;1;0;0;0;0;0;0;0;0;0;0;0;0;0;0;0;0;0;0;0;0;0;0;0;0;0;0;0;0;0;0
28.11.2024;04:06;A  7;1;1;1;0;0;1;1;0;0;0;0;0;0;0;0;0;0;0;0;0;0;0;0;0;0;0;0;0;0;0;0
28.11.2024;04:05;A  7;1;0;0;0;0;0;0;0;0;0;0;0;0;0;0;1;2;0;0;0;0;0;0;0;0;0;0;0;0;0;0
28.11.2024;04:04;A  7;1;0;0;0;0;0;0;0;0;1;2;1;2;0;0;0;0;0;0;0;0;0;0;0;0;0;0;0;0;0;0
28.11.2024;04:03;A  7;1;0;0;0;0;0;0;0;0;0;0;0;0;0;0;0;0;0;0;0;0;0;0;0;0;0;0;0;0;0;0
28.11.2024;04:02;A  7;1;1;1;0;0;1;1;1;1;0;0;0;0;0;0;0;0;0;0;0;0;0;0;0;0;0;0;0;0;0;0
28.11.2024;04:01;A  7;1;0;0;0;0;0;0;0;0;0;0;0;0;0;0;0;0;0;0;0;0;0;0;0;0;0;0;0;0;0;0
28.11.2024;04:00;A  7;1;0;0;0;0;0;0;0;0;0;0;0;0;0;0;0;0;0;0;0;0;0;0;0;0;0;0;0;0;0;0
28.11.2024;03:59;A  7;1;0;0;0;0;0;0;1;1;0;0;0;0;0;0;0;0;0;0;0;0;0;0;0;0;0;0;0;0;0;0
28.11.2024;03:58;A  7;1;0;0;0;0;1;1;1;1;0;0;0;0;0;0;0;0;0;0;0;0;1;2;0;0;0;0;0;0;0;0
28.11.2024;03:57;A  7;1;2;2;0;0;1;1;0;0;0;0;0;0;0;0;0;0;1;2;0;0;0;0;0;0;0;0;0;0;0;0
28.11.2024;03:56;A  7;1;0;0;0;0;0;0;0;0;0;0;0;0;0;0;0;0;0;0;0;0;0;0;0;0;0;0;0;0;0;0
28.11.2024;03:55;A  7;1;0;0;0;0;1;1;1;1;0;0;0;0;0;0;0;0;0;0;0;0;0;0;0;0;0;0;0;0;0;0
28.11.2024;03:54;A  7;1;1;1;0;0;0;0;0;0;0;0;0;0;0;0;0;0;0;0;0;0;0;0;0;0;0;0;0;0;0;0
28.11.2024;03:53;A  7;1;0;0;0;0;0;0;0;0;0;0;0;0;0;0;0;0;0;0;0;0;0;0;0;0;0;0;0;0;0;0
28.11.2024;03:52;A  7;1;0;0;0;0;0;0;0;0;0;0;0;0;0;0;0;0;0;0;0;0;0;0;0;0;0;0;0;0;0;0
28.11.2024;03:51;A  7;1;0;0;0;0;1;1;0;0;0;0;0;0;0;0;0;0;0;0;0;0;0;0;0;0;0;0;0;0;0;0
28.11.2024;03:50;A  7;1;1;0;0;0;1;1;1;1;0;0;0;0;0;0;0;0;0;0;0;0;0;0;0;0;0;0;0;0;0;0
28.11.2024;03:49;A  7;1;0;0;0;0;0;0;0;0;0;0;0;0;0;0;0;0;0;0;0;0;0;0;0;0;0;0;0;0;0;0
28.11.2024;03:48;A  7;1;1;1;0;0;0;0;0;0;0;0;0;0;0;0;0;0;0;0;0;0;0;0;0;0;0;0;0;0;0;0
28.11.2024;03:47;A  7;1;0;0;0;0;0;0;0;0;0;0;0;0;0;0;0;0;0;0;0;0;0;0;0;0;0;0;0;0;0;0
28.11.2024;03:46;A  7;1;1;1;0;0;0;0;0;0;0;0;0;0;0;0;0;0;0;0;0;0;0;0;0;0;0;0;0;0;0;0
28.11.2024;03:45;A  7;1;0;0;0;0;0;0;0;0;0;0;0;0;0;0;0;0;0;0;0;0;0;0;0;0;0;0;0;0;0;0
28.11.2024;03:44;A  7;1;0;0;0;0;0;0;0;0;0;0;0;0;0;0;0;0;0;0;0;0;0;0;0;0;0;0;0;0;0;0
28.11.2024;03:43;A  7;1;0;0;0;0;0;0;0;0;0;0;0;0;0;0;0;0;0;0;0;0;0;0;0;0;0;0;0;0;0;0
28.11.2024;03:42;A  7;1;0;0;0;0;0;0;0;0;0;0;0;0;0;0;0;0;0;0;0;0;0;0;0;0;0;0;0;0;0;0
28.11.2024;03:41;A  7;1;0;0;0;0;0;0;0;0;0;0;0;0;0;0;0;0;0;0;0;0;0;0;0;0;0;0;0;0;0;0
28.11.2024;03:40;A  7;1;1;1;0;0;1;1;0;0;0;0;0;0;0;0;0;0;0;0;0;0;0;0;0;0;0;0;0;0;0;0
28.11.2024;03:39;A  7;1;2;2;0;0;0;0;1;1;0;0;0;0;0;0;0;0;0;0;0;0;0;0;0;0;0;0;0;0;0;0
28.11.2024;03:38;A  7;1;0;0;0;0;0;0;0;0;0;0;0;0;0;0;0;0;0;0;0;0;0;0;0;0;0;0;0;0;0;0
28.11.2024;03:37;A  7;1;1;1;0;0;0;0;0;0;0;0;0;0;0;0;0;0;0;0;0;0;0;0;0;0;0;0;0;0;0;0
28.11.2024;03:36;A  7;1;1;1;0;0;1;1;1;1;0;0;0;0;0;0;1;2;0;0;0;0;0;0;0;0;0;0;0;0;0;0
28.11.2024;03:35;A  7;1;0;0;0;0;0;0;0;0;1;2;1;2;0;0;0;0;0;0;0;0;0;0;0;0;0;0;0;0;0;0
28.11.2024;03:34;A  7;1;2;1;1;1;0;0;0;0;0;0;0;0;0;0;0;0;0;0;0;0;0;0;0;0;0;0;0;0;0;0
28.11.2024;03:33;A  7;1;0;0;0;0;0;0;0;0;0;0;0;0;0;0;0;0;0;0;0;0;0;0;0;0;0;0;0;0;0;0
28.11.2024;03:32;A  7;1;1;1;0;0;0;0;0;0;0;0;0;0;0;0;0;0;0;0;0;0;0;0;0;0;0;0;0;0;0;0
28.11.2024;03:31;A  7;1;0;0;0;0;0;0;0;0;0;0;0;0;0;0;0;0;0;0;0;0;0;0;0;0;0;0;0;0;0;0
28.11.2024;03:30;A  7;1;0;0;0;0;0;0;0;0;0;0;0;0;0;0;0;0;0;0;0;0;0;0;0;0;0;0;0;0;0;0
28.11.2024;03:29;A  7;1;0;0;0;0;0;0;0;0;0;0;0;0;0;0;0;0;0;0;0;0;0;0;0;0;0;0;0;0;0;0
28.11.2024;03:28;A  7;1;0;0;0;0;1;1;0;0;0;0;0;0;0;0;0;0;0;0;0;0;0;0;0;0;0;0;0;0;0;0
28.11.2024;03:27;A  7;1;0;0;0;0;0;0;1;1;0;0;0;0;0;0;0;0;0;0;0;0;0;0;0;0;0;0;0;0;0;0
28.11.2024;03:26;A  7;1;0;0;0;0;0;0;0;0;0;0;0;0;0;0;0;0;0;0;0;0;0;0;0;0;0;0;0;0;0;0
28.11.2024;03:25;A  7;1;0;0;0;0;0;0;0;0;0;0;0;0;0;0;0;0;0;0;0;0;0;0;0;0;0;0;0;0;0;0
28.11.2024;03:24;A  7;1;0;0;0;0;0;0;0;0;0;0;0;0;0;0;0;0;0;0;0;0;0;0;0;0;0;0;0;0;0;0
28.11.2024;03:23;A  7;1;0;0;0;0;0;0;0;0;0;0;0;0;0;0;0;0;0;0;0;0;0;0;0;0;0;0;0;0;0;0
28.11.2024;03:22;A  7;1;0;0;0;0;0;0;0;0;0;0;0;0;0;0;0;0;0;0;0;0;0;0;0;0;0;0;0;0;0;0
28.11.2024;03:21;A  7;1;0;0;0;0;0;0;0;0;0;0;0;0;0;0;0;0;0;0;0;0;0;0;0;0;0;0;0;0;0;0
28.11.2024;03:20;A  7;1;0;0;0;0;0;0;0;0;0;0;0;0;0;0;0;0;0;0;0;0;0;0;0;0;0;0;0;0;0;0
28.11.2024;03:19;A  7;1;0;0;0;0;0;0;0;0;0;0;0;0;0;0;0;0;0;0;0;0;0;0;0;0;0;0;0;0;0;0
28.11.2024;03:18;A  7;1;0;0;0;0;0;0;0;0;0;0;0;0;0;0;0;0;0;0;0;0;0;0;0;0;0;0;0;0;0;0
28.11.2024;03:17;A  7;1;0;0;0;0;0;0;0;0;0;0;0;0;0;0;0;0;0;0;0;0;0;0;0;0;0;0;0;0;0;0
28.11.2024;03:16;A  7;1;1;1;0;0;1;1;0;0;0;0;0;0;0;0;0;0;0;0;0;0;0;0;0;0;0;0;0;0;0;0
28.11.2024;03:15;A  7;1;0;0;0;0;0;0;0;0;0;0;0;0;0;0;0;0;0;0;0;0;0;0;0;0;0;0;0;0;0;0
28.11.2024;03:14;A  7;1;0;0;0;0;0;0;0;0;0;0;0;0;0;0;0;0;0;0;0;0;0;0;0;0;0;0;0;0;0;0
28.11.2024;03:13;A  7;1;0;0;0;0;0;0;0;0;0;0;0;0;0;0;0;0;0;0;0;0;0;0;0;0;0;0;0;0;0;0
28.11.2024;03:12;A  7;1;0;0;0;0;0;0;0;0;0;0;0;0;0;0;0;0;0;0;0;0;0;0;0;0;0;0;0;0;0;0
28.11.2024;03:11;A  7;1;0;0;0;0;1;1;0;0;0;0;0;0;0;0;0;0;0;0;0;0;0;0;0;0;0;0;0;0;0;0
28.11.2024;03:10;A  7;1;2;2;0;0;0;0;0;0;0;0;0;0;0;0;0;0;0;0;0;0;0;0;0;0;0;0;0;0;0;0
28.11.2024;03:09;A  7;1;0;0;0;0;0;0;0;0;0;0;0;0;0;0;0;0;0;0;0;0;0;0;0;0;0;0;0;0;0;0
28.11.2024;03:08;A  7;1;1;1;0;0;0;0;0;0;0;0;0;0;0;0;0;0;0;0;0;0;0;0;0;0;0;0;0;0;0;0
28.11.2024;03:07;A  7;1;1;0;1;1;0;0;0;0;0;0;0;0;0;0;0;0;0;0;0;0;0;0;0;0;0;0;0;0;0;0
28.11.2024;03:06;A  7;1;1;1;0;0;1;1;0;0;0;0;0;0;0;0;0;0;0;0;0;0;0;0;0;0;0;0;0;0;0;0
28.11.2024;03:05;A  7;1;0;0;0;0;0;0;0;0;0;0;0;0;0;0;0;0;0;0;0;0;0;0;0;0;0;0;0;0;0;0
28.11.2024;03:04;A  7;1;0;0;0;0;0;0;0;0;0;0;0;0;0;0;0;0;0;0;0;0;0;0;0;0;0;0;0;0;0;0
28.11.2024;03:03;A  7;1;1;1;1;1;1;1;0;0;0;0;0;0;0;0;0;0;0;0;0;0;0;0;0;0;0;0;0;0;0;0
28.11.2024;03:02;A  7;1;0;0;0;0;0;0;0;0;0;0;0;0;0;0;0;0;0;0;0;0;0;0;0;0;0;0;0;0;0;0
28.11.2024;03:01;A  7;1;2;1;1;1;0;0;0;0;0;0;0;0;0;0;0;0;0;0;0;0;0;0;0;0;0;0;0;0;0;0
28.11.2024;03:00;A  7;1;0;0;0;0;0;0;0;0;0;0;0;0;0;0;0;0;0;0;0;0;0;0;0;0;0;0;0;0;0;0
28.11.2024;02:59;A  7;1;0;0;1;1;1;1;0;0;0;0;0;0;0;0;0;0;0;0;0;0;0;0;0;0;0;0;0;0;0;0
28.11.2024;02:58;A  7;1;1;1;0;0;0;0;0;0;0;0;0;0;0;0;0;0;0;0;0;0;0;0;0;0;0;0;0;0;0;0
28.11.2024;02:57;A  7;1;0;0;0;0;0;0;0;0;0;0;0;0;0;0;0;0;0;0;0;0;0;0;0;0;0;0;0;0;0;0
28.11.2024;02:56;A  7;1;0;0;1;1;0;0;0;0;0;0;0;0;0;0;0;0;0;0;0;0;0;0;0;0;0;0;0;0;0;0
28.11.2024;02:55;A  7;1;0;0;0;0;0;0;0;0;0;0;0;0;0;0;0;0;0;0;0;0;0;0;0;0;0;0;0;0;0;0
28.11.2024;02:54;A  7;1;0;0;1;0;2;2;1;1;0;0;0;0;0;0;0;0;0;0;0;0;0;0;0;0;0;0;0;0;0;0
28.11.2024;02:53;A  7;1;1;1;0;0;0;0;0;0;0;0;0;0;0;0;0;0;0;0;0;0;0;0;0;0;0;0;0;0;0;0
28.11.2024;02:52;A  7;1;0;0;0;0;1;1;0;0;0;0;0;0;0;0;0;0;0;0;0;0;0;0;0;0;0;0;0;0;0;0
28.11.2024;02:51;A  7;1;0;0;0;0;0;0;0;0;0;0;0;0;0;0;0;0;0;0;0;0;0;0;0;0;0;0;0;0;0;0
28.11.2024;02:50;A  7;1;0;0;0;0;0;0;0;0;0;0;0;0;0;0;0;0;0;0;0;0;0;0;0;0;0;0;0;0;0;0
28.11.2024;02:49;A  7;1;0;0;0;0;0;0;0;0;0;0;0;0;0;0;0;0;0;0;0;0;0;0;0;0;0;0;0;0;0;0
28.11.2024;02:48;A  7;1;2;2;0;0;0;0;0;0;0;0;0;0;0;0;0;0;0;0;0;0;0;0;0;0;0;0;0;0;0;0
28.11.2024;02:47;A  7;1;1;1;0;0;1;1;0;0;0;0;0;0;0;0;0;0;0;0;0;0;0;0;0;0;0;0;0;0;0;0
28.11.2024;02:46;A  7;1;0;0;0;0;1;1;0;0;0;0;0;0;0;0;0;0;0;0;0;0;0;0;0;0;0;0;0;0;0;0
28.11.2024;02:45;A  7;1;2;2;0;0;0;0;0;0;0;0;0;0;0;0;0;0;0;0;0;0;0;0;0;0;0;0;0;0;0;0
28.11.2024;02:44;A  7;1;0;0;0;0;0;0;0;0;0;0;0;0;0;0;0;0;0;0;0;0;0;0;0;0;0;0;0;0;0;0
28.11.2024;02:43;A  7;1;0;0;0;0;1;1;0;0;0;0;0;0;0;0;0;0;0;0;0;0;0;0;0;0;0;0;0;0;0;0
28.11.2024;02:42;A  7;1;0;0;0;0;0;0;0;0;0;0;0;0;0;0;0;0;0;0;0;0;0;0;0;0;0;0;0;0;0;0
28.11.2024;02:41;A  7;1;0;0;0;0;0;0;0;0;0;0;0;0;0;0;0;0;0;0;0;0;0;0;0;0;0;0;0;0;0;0
28.11.2024;02:40;A  7;1;1;1;0;0;1;3;1;2;0;0;0;0;0;0;0;0;0;0;0;0;0;0;0;0;0;0;0;0;0;0
28.11.2024;02:39;A  7;1;0;0;0;0;0;0;0;0;0;0;0;0;0;0;0;0;0;0;0;0;0;0;0;0;0;0;0;0;0;0
28.11.2024;02:38;A  7;1;0;0;0;0;0;0;0;0;0;0;0;0;0;0;0;0;0;0;0;0;0;0;0;0;0;0;0;0;0;0
28.11.2024;02:37;A  7;1;0;0;0;0;1;1;1;0;0;0;0;0;0;0;0;0;0;0;0;0;0;0;0;0;0;0;0;0;0;0
28.11.2024;02:36;A  7;1;0;0;0;0;0;0;0;0;0;0;0;0;0;0;0;0;0;0;0;0;0;0;0;0;0;0;0;0;0;0
28.11.2024;02:35;A  7;1;0;0;0;0;0;0;0;0;0;0;0;0;0;0;0;0;0;0;0;0;0;0;0;0;0;0;0;0;0;0
28.11.2024;02:34;A  7;1;0;0;0;0;0;0;0;0;0;0;0;0;0;0;0;0;0;0;0;0;0;0;0;0;0;0;0;0;0;0
28.11.2024;02:33;A  7;1;0;0;0;0;0;0;0;0;0;0;0;0;0;0;0;0;0;0;0;0;0;0;0;0;0;0;0;0;0;0
28.11.2024;02:32;A  7;1;0;0;0;0;0;0;0;0;0;0;0;0;0;0;0;0;0;0;0;0;0;0;0;0;0;0;0;0;0;0
28.11.2024;02:31;A  7;1;0;0;0;0;0;0;0;0;0;0;0;0;0;0;0;0;0;0;0;0;0;0;0;0;0;0;0;0;0;0
28.11.2024;02:30;A  7;1;2;2;0;0;0;0;0;0;0;0;0;0;0;0;0;0;0;0;0;0;0;0;0;0;0;0;0;0;0;0
28.11.2024;02:29;A  7;1;0;0;0;0;0;0;0;0;0;0;0;0;0;0;0;0;0;0;0;0;0;0;0;0;0;0;0;0;0;0
28.11.2024;02:28;A  7;1;1;1;0;0;0;0;0;0;0;0;0;0;0;0;0;0;0;0;0;0;0;0;0;0;0;0;0;0;0;0
28.11.2024;02:27;A  7;1;2;1;0;0;0;0;0;0;0;0;0;0;0;0;0;0;0;0;0;0;0;0;0;0;0;0;0;0;0;0
28.11.2024;02:26;A  7;1;0;0;0;0;0;0;0;0;0;0;0;0;0;0;0;0;0;0;0;0;0;0;0;0;0;0;0;0;0;0
28.11.2024;02:25;A  7;1;1;1;0;0;2;1;1;1;0;0;0;0;0;0;0;0;0;0;0;0;0;0;0;0;0;0;0;0;0;0
28.11.2024;02:24;A  7;1;1;1;0;0;1;1;1;1;0;0;0;0;0;0;0;0;0;0;0;0;0;0;0;0;0;0;0;0;0;0
28.11.2024;02:23;A  7;1;0;0;0;0;0;0;1;1;0;0;0;0;0;0;0;0;0;0;0;0;0;0;0;0;0;0;0;0;0;0
28.11.2024;02:22;A  7;1;0;0;0;0;1;1;0;0;0;0;0;0;0;0;0;0;0;0;0;0;0;0;0;0;0;0;0;0;0;0
28.11.2024;02:21;A  7;1;0;0;0;0;0;0;0;0;0;0;0;0;0;0;0;0;0;0;0;0;0;0;0;0;0;0;0;0;0;0
28.11.2024;02:20;A  7;1;0;0;0;0;0;0;0;0;0;0;0;0;0;0;0;0;0;0;0;0;0;0;0;0;0;0;0;0;0;0
28.11.2024;02:19;A  7;1;2;1;1;1;0;0;0;0;0;0;0;0;0;0;0;0;0;0;0;0;0;0;0;0;0;0;0;0;0;0
28.11.2024;02:18;A  7;1;0;0;0;0;1;1;0;0;0;0;0;0;0;0;0;0;0;0;0;0;0;0;0;0;0;0;0;0;0;0
28.11.2024;02:17;A  7;1;1;1;0;0;0;0;0;0;0;0;0;0;0;0;0;0;0;0;0;0;0;0;0;0;0;0;0;0;0;0
28.11.2024;02:16;A  7;1;0;0;0;0;0;0;0;0;0;0;0;0;0;0;0;0;0;0;0;0;0;0;0;0;0;0;0;0;0;0
28.11.2024;02:15;A  7;1;1;1;0;0;0;0;1;1;0;0;0;0;0;0;0;0;0;0;0;0;0;0;0;0;0;0;0;0;0;0
28.11.2024;02:14;A  7;1;0;0;0;0;0;0;0;0;0;0;0;0;0;0;0;0;0;0;0;0;0;0;0;0;0;0;0;0;0;0
28.11.2024;02:13;A  7;1;0;0;0;0;0;0;0;0;0;0;0;0;0;0;0;0;0;0;0;0;0;0;0;0;0;0;0;0;0;0
28.11.2024;02:12;A  7;1;1;1;0;0;0;0;0;0;0;0;0;0;0;0;0;0;0;0;0;0;0;0;0;0;0;0;0;0;0;0
28.11.2024;02:11;A  7;1;0;0;0;0;0;0;0;0;0;0;0;0;0;0;0;0;0;0;0;0;0;0;0;0;0;0;0;0;0;0
28.11.2024;02:10;A  7;1;1;1;0;0;0;0;0;0;0;0;0;0;0;0;0;0;0;0;0;0;0;0;0;0;0;0;0;0;0;0
28.11.2024;02:09;A  7;1;0;0;0;0;1;1;0;0;0;0;0;0;0;0;0;0;0;0;0;0;0;0;0;0;0;0;0;0;0;0
28.11.2024;02:08;A  7;1;0;0;0;0;0;0;0;0;0;0;0;0;0;0;0;0;0;0;0;0;0;0;0;0;0;0;0;0;0;0
28.11.2024;02:07;A  7;1;0;0;0;0;0;0;1;1;0;0;0;0;0;0;0;0;0;0;0;0;0;0;0;0;0;0;0;0;0;0
28.11.2024;02:06;A  7;1;0;0;0;0;0;0;0;0;0;0;0;0;0;0;0;0;0;0;0;0;0;0;0;0;0;0;0;0;0;0
28.11.2024;02:05;A  7;1;0;0;0;0;0;0;0;0;0;0;0;0;0;0;0;0;0;0;0;0;0;0;0;0;0;0;0;0;0;0
28.11.2024;02:04;A  7;1;0;0;0;0;0;0;0;0;0;0;0;0;0;0;0;0;0;0;0;0;0;0;0;0;0;0;0;0;0;0
28.11.2024;02:03;A  7;1;0;0;0;0;0;0;0;0;0;0;0;0;0;0;0;0;0;0;0;0;0;0;0;0;0;0;0;0;0;0
28.11.2024;02:02;A  7;1;0;0;0;0;1;1;0;0;0;0;0;0;0;0;0;0;0;0;0;0;0;0;0;0;0;0;0;0;0;0
28.11.2024;02:01;A  7;1;0;0;0;0;0;0;0;0;0;0;0;0;0;0;0;0;0;0;0;0;0;0;0;0;0;0;0;0;0;0
28.11.2024;02:00;A  7;1;1;1;0;0;0;0;0;0;0;0;0;0;0;0;0;0;0;0;0;0;0;0;0;0;0;0;0;0;0;0
28.11.2024;01:59;A  7;1;0;0;0;0;0;0;0;0;0;0;0;0;0;0;0;0;0;0;0;0;0;0;0;0;0;0;0;0;0;0
28.11.2024;01:58;A  7;1;1;1;0;0;1;1;0;0;0;0;0;0;0;0;0;0;0;0;0;0;0;0;0;0;0;0;0;0;0;0
28.11.2024;01:57;A  7;1;1;1;0;0;1;1;0;0;0;0;0;0;0;0;0;0;0;0;0;0;0;0;0;0;0;0;0;0;0;0
28.11.2024;01:56;A  7;1;0;0;0;0;0;0;0;0;0;0;0;0;0;0;0;0;0;0;0;0;0;0;0;0;0;0;0;0;0;0
28.11.2024;01:55;A  7;1;0;0;0;0;0;0;0;0;0;0;0;0;0;0;0;0;0;0;0;0;0;0;0;0;0;0;0;0;0;0
28.11.2024;01:54;A  7;1;1;1;0;0;0;0;0;0;0;0;0;0;0;0;0;0;0;0;0;0;0;0;0;0;0;0;0;0;0;0
28.11.2024;01:53;A  7;1;0;0;0;0;0;0;0;0;0;0;0;0;0;0;0;0;0;0;0;0;0;0;0;0;0;0;0;0;0;0
28.11.2024;01:52;A  7;1;2;1;1;0;0;0;0;0;0;0;0;0;0;0;0;0;0;0;0;0;0;0;0;0;0;0;0;0;0;0
28.11.2024;01:51;A  7;1;0;0;0;0;0;0;0;0;0;0;0;0;0;0;0;0;0;0;0;0;0;0;0;0;0;0;0;0;0;0
28.11.2024;01:50;A  7;1;0;0;0;0;0;0;0;0;0;0;0;0;0;0;0;0;0;0;0;0;0;0;0;0;0;0;0;0;0;0
28.11.2024;01:49;A  7;1;1;1;0;0;0;0;1;1;0;0;0;0;0;0;0;0;0;0;0;0;0;0;0;0;0;0;0;0;0;0
28.11.2024;01:48;A  7;1;0;0;0;0;0;0;0;0;0;0;0;0;0;0;0;0;0;0;0;0;0;0;0;0;0;0;0;0;0;0
28.11.2024;01:47;A  7;1;1;0;1;1;2;1;0;0;0;0;0;0;0;0;0;0;0;0;0;0;0;0;0;0;0;0;0;0;0;0
28.11.2024;01:46;A  7;1;0;0;0;0;0;0;0;0;0;0;0;0;0;0;0;0;0;0;0;0;0;0;0;0;0;0;0;0;0;0
28.11.2024;01:45;A  7;1;1;1;0;0;0;0;0;0;0;0;0;0;0;0;0;0;0;0;0;0;0;0;0;0;0;0;0;0;0;0
28.11.2024;01:44;A  7;1;3;1;2;1;0;0;0;0;0;0;0;0;0;0;0;0;0;0;0;0;0;0;0;0;0;0;0;0;0;0
28.11.2024;01:43;A  7;1;0;0;0;0;0;0;0;0;0;0;0;0;0;0;0;0;0;0;0;0;0;0;0;0;0;0;0;0;0;0
28.11.2024;01:42;A  7;1;1;1;0;0;1;1;1;1;0;0;0;0;0;0;0;0;0;0;0;0;0;0;0;0;0;0;0;0;0;0
28.11.2024;01:41;A  7;1;0;0;0;0;0;0;0;0;0;0;0;0;0;0;0;0;0;0;0;0;0;0;0;0;0;0;0;0;0;0
28.11.2024;01:40;A  7;1;2;1;1;1;0;0;0;0;0;0;0;0;0;0;0;0;0;0;0;0;0;0;0;0;0;0;0;0;0;0
28.11.2024;01:39;A  7;1;0;0;0;0;0;0;1;1;0;0;0;0;0;0;0;0;0;0;0;0;0;0;0;0;0;0;0;0;0;0
28.11.2024;01:38;A  7;1;0;0;0;0;0;0;0;0;0;0;0;0;0;0;0;0;0;0;0;0;0;0;0;0;0;0;0;0;0;0
28.11.2024;01:37;A  7;1;2;1;0;0;0;0;0;0;0;0;0;0;0;0;0;0;0;0;0;0;0;0;0;0;0;0;0;0;0;0
28.11.2024;01:36;A  7;1;1;1;1;0;0;0;0;0;0;0;0;0;0;0;0;0;0;0;0;0;0;0;0;0;0;0;0;0;0;0
28.11.2024;01:35;A  7;1;1;1;0;0;0;0;0;0;0;0;0;0;0;0;0;0;0;0;0;0;0;0;0;0;0;0;0;0;0;0
28.11.2024;01:34;A  7;1;2;1;0;0;0;0;0;0;0;0;0;0;0;0;0;0;0;0;0;0;0;0;0;0;0;0;0;0;0;0
28.11.2024;01:33;A  7;1;2;2;1;0;1;1;0;0;0;0;0;0;0;0;0;0;0;0;0;0;0;0;0;0;0;0;0;0;0;0
28.11.2024;01:32;A  7;1;2;2;0;0;0;0;0;0;0;0;0;0;0;0;0;0;0;0;0;0;0;0;0;0;0;0;0;0;0;0
28.11.2024;01:31;A  7;1;0;0;0;0;0;0;0;0;0;0;0;0;0;0;0;0;0;0;0;0;0;0;0;0;0;0;0;0;0;0
28.11.2024;01:30;A  7;1;0;0;0;0;0;0;0;0;0;0;0;0;0;0;0;0;0;0;0;0;0;0;0;0;0;0;0;0;0;0
28.11.2024;01:29;A  7;1;0;0;0;0;0;0;0;0;0;0;0;0;0;0;0;0;0;0;0;0;0;0;0;0;0;0;0;0;0;0
28.11.2024;01:28;A  7;1;1;1;1;1;0;0;0;0;0;0;0;0;0;0;0;0;0;0;0;0;0;0;0;0;0;0;0;0;0;0
28.11.2024;01:27;A  7;1;0;0;0;0;0;0;0;0;0;0;0;0;0;0;0;0;0;0;0;0;0;0;0;0;0;0;0;0;0;0
28.11.2024;01:26;A  7;1;1;1;1;1;0;0;0;0;0;0;0;0;0;0;0;0;0;0;0;0;1;2;0;0;0;0;0;0;0;0
28.11.2024;01:25;A  7;1;0;0;0;0;0;0;0;0;0;0;0;0;0;0;0;0;1;2;0;0;0;0;0;0;0;0;0;0;0;0
28.11.2024;01:24;A  7;1;0;0;0;0;0;0;0;0;0;0;0;0;0;0;0;0;0;0;0;0;0;0;0;0;0;0;0;0;0;0
28.11.2024;01:23;A  7;1;2;2;0;0;0;0;0;0;0;0;0;0;0;0;0;0;0;0;0;0;0;0;0;0;0;0;0;0;0;0
28.11.2024;01:22;A  7;1;2;2;1;1;0;0;0;0;0;0;0;0;0;0;0;0;0;0;0;0;0;0;0;0;0;0;0;0;0;0
28.11.2024;01:21;A  7;1;0;0;0;0;0;0;0;0;0;0;0;0;0;0;0;0;0;0;0;0;0;0;0;0;0;0;0;0;0;0
28.11.2024;01:20;A  7;1;0;0;0;0;0;0;0;0;0;0;0;0;0;0;0;0;0;0;0;0;0;0;0;0;0;0;0;0;0;0
28.11.2024;01:19;A  7;1;0;0;0;0;0;0;0;0;0;0;0;0;0;0;0;0;0;0;0;0;0;0;0;0;0;0;0;0;0;0
28.11.2024;01:18;A  7;1;1;1;0;0;0;0;0;0;0;0;0;0;0;0;0;0;0;0;0;0;0;0;0;0;0;0;0;0;0;0
28.11.2024;01:17;A  7;1;0;0;0;0;0;0;0;0;0;0;0;0;0;0;0;0;0;0;0;0;0;0;0;0;0;0;0;0;0;0
28.11.2024;01:16;A  7;1;1;0;1;1;0;0;0;0;0;0;0;0;0;0;0;0;0;0;0;0;0;0;0;0;0;0;0;0;0;0
28.11.2024;01:15;A  7;1;0;0;0;0;1;1;1;0;0;0;0;0;0;0;0;0;0;0;0;0;0;0;0;0;0;0;0;0;0;0
28.11.2024;01:14;A  7;1;2;2;0;0;0;0;0;0;0;0;0;0;0;0;0;0;0;0;0;0;0;0;0;0;0;0;0;0;0;0
28.11.2024;01:13;A  7;1;1;1;0;0;0;0;0;0;0;0;0;0;0;0;0;0;0;0;0;0;0;0;0;0;0;0;0;0;0;0
28.11.2024;01:12;A  7;1;0;0;0;0;0;0;0;0;0;0;0;0;0;0;0;0;0;0;0;0;0;0;0;0;0;0;0;0;0;0
28.11.2024;01:11;A  7;1;0;0;0;0;0;0;0;0;0;0;0;0;0;0;0;0;0;0;0;0;0;0;0;0;0;0;0;0;0;0
28.11.2024;01:10;A  7;1;0;0;0;0;0;0;0;0;0;0;0;0;0;0;0;0;0;0;0;0;0;0;0;0;0;0;0;0;0;0
28.11.2024;01:09;A  7;1;1;1;0;0;0;0;0;0;0;0;0;0;0;0;0;0;0;0;0;0;0;0;0;0;0;0;0;0;0;0
28.11.2024;01:08;A  7;1;0;0;0;0;0;0;1;1;0;0;0;0;0;0;0;0;0;0;0;0;0;0;0;0;0;0;0;0;0;0
28.11.2024;01:07;A  7;1;1;1;0;0;2;1;0;0;0;0;0;0;0;0;0;0;0;0;0;0;0;0;0;0;0;0;0;0;0;0
28.11.2024;01:06;A  7;1;0;0;0;0;0;0;0;0;0;0;0;0;0;0;0;0;0;0;0;0;0;0;0;0;0;0;0;0;0;0
28.11.2024;01:05;A  7;1;0;0;0;0;0;0;0;0;0;0;0;0;0;0;0;0;0;0;0;0;0;0;0;0;0;0;0;0;0;0
28.11.2024;01:04;A  7;1;0;0;0;0;0;0;0;0;0;0;0;0;0;0;0;0;0;0;0;0;0;0;0;0;0;0;0;0;0;0
28.11.2024;01:03;A  7;1;1;1;0;0;0;0;0;0;0;0;0;0;0;0;0;0;0;0;0;0;0;0;0;0;0;0;0;0;0;0
28.11.2024;01:02;A  7;1;0;0;0;0;0;0;0;0;0;0;0;0;0;0;0;0;0;0;0;0;0;0;0;0;0;0;0;0;0;0
28.11.2024;01:01;A  7;1;0;0;0;0;0;0;0;0;0;0;0;0;0;0;0;0;0;0;0;0;0;0;0;0;0;0;0;0;0;0
28.11.2024;01:00;A  7;1;0;0;0;0;1;1;0;0;0;0;0;0;0;0;0;0;0;0;0;0;0;0;2;5;1;2;0;0;0;0
