Datum;Uhrzeit;Bezeichnung;Intervall;D11Z;D11B;D12Z;D12B;D21Z;D21B;H51_A74/M1S_493Z;H51_A74/M1S_493B;A51_M1S_494Z;A51_M1S_494B;H55_A30/M3S_504Z;H55_A30/M3S_504B;A55_M3S_505Z;A55_M3S_505B;H54_M3SL_1289Z;H54_M3SL_1289B;A54_M4SL_506Z;A54_M4SL_506B;Power_onZ;Power_onB;Fiber_reserveZ;Fiber_reserveB;LLB-TestZ;LLB-TestB;SyncZ;SyncB;foultZ;foultB
18.12.2024;01:00;A110;1;0;0;0;0;0;0;0;0;0;0;0;0;0;0;0;0;0;0;;;;;0;0;0;0;0;0
18.12.2024;00:59;A110;1;0;0;0;0;0;0;0;0;0;0;0;0;0;0;0;0;0;0;;;;;0;0;0;0;0;0
18.12.2024;00:58;A110;1;0;0;0;0;0;0;0;0;0;0;0;0;0;0;0;0;0;0;;;;;0;0;0;0;0;0
18.12.2024;00:57;A110;1;0;0;0;0;0;0;0;0;0;0;0;0;0;0;0;0;0;0;;;;;0;0;0;0;0;0
18.12.2024;00:56;A110;1;0;0;0;0;2;4;0;0;0;0;0;0;0;0;0;0;0;0;;;;;0;0;0;0;0;0
18.12.2024;00:55;A110;1;0;0;0;0;1;1;0;0;0;0;0;0;0;0;0;0;0;0;;;;;0;0;0;0;0;0
18.12.2024;00:54;A110;1;0;0;0;0;1;1;0;0;0;0;0;0;0;0;0;0;0;0;;;;;0;0;0;0;0;0
18.12.2024;00:53;A110;1;0;0;0;0;1;1;0;0;1;2;0;0;0;0;0;0;0;0;;;;;0;0;0;0;0;0
18.12.2024;00:52;A110;1;0;0;1;1;0;0;1;2;0;0;0;0;0;0;0;0;0;0;;;;;0;0;0;0;0;0
18.12.2024;00:51;A110;1;0;0;0;0;1;2;0;0;0;0;0;0;0;0;0;0;0;0;;;;;0;0;0;0;0;0
18.12.2024;00:50;A110;1;0;0;0;0;1;1;1;2;1;2;0;0;0;0;0;0;0;0;;;;;0;0;0;0;0;0
18.12.2024;00:49;A110;1;0;0;0;0;0;0;0;0;0;0;0;0;0;0;0;0;0;0;;;;;0;0;0;0;0;0
18.12.2024;00:48;A110;1;0;0;0;0;0;0;0;0;0;0;0;0;0;0;0;0;0;0;;;;;0;0;0;0;0;0
18.12.2024;00:47;A110;1;0;0;0;0;0;0;0;0;0;0;0;0;1;2;0;0;0;0;;;;;0;0;0;0;0;0
18.12.2024;00:46;A110;1;1;0;1;1;1;1;0;0;0;0;1;2;0;0;0;0;0;0;;;;;0;0;0;0;0;0
18.12.2024;00:45;A110;1;0;0;0;0;0;0;0;0;0;0;0;0;0;0;0;0;0;0;;;;;0;0;0;0;0;0
18.12.2024;00:44;A110;1;1;1;0;0;1;0;0;0;0;0;0;0;0;0;0;0;0;0;;;;;0;0;0;0;0;0
18.12.2024;00:43;A110;1;0;0;0;0;1;1;0;0;0;0;0;0;0;0;0;0;0;0;;;;;0;0;0;0;0;0
18.12.2024;00:42;A110;1;0;0;1;1;0;0;0;0;1;2;0;0;0;0;0;0;0;0;;;;;0;0;0;0;0;0
18.12.2024;00:41;A110;1;1;1;1;1;0;0;1;2;0;0;0;0;0;0;0;0;0;0;;;;;0;0;0;0;0;0
18.12.2024;00:40;A110;1;0;0;0;0;0;0;0;0;0;0;0;0;0;0;0;0;0;0;;;;;0;0;0;0;0;0
18.12.2024;00:39;A110;1;0;0;0;0;0;0;0;0;0;0;1;2;1;2;0;0;0;0;;;;;0;0;0;0;0;0
18.12.2024;00:38;A110;1;0;0;0;0;0;0;0;0;0;0;0;0;0;0;0;0;0;0;;;;;0;0;0;0;0;0
18.12.2024;00:37;A110;1;0;0;0;0;0;0;0;0;0;0;0;0;0;0;0;0;0;0;;;;;0;0;0;0;0;0
18.12.2024;00:36;A110;1;0;0;0;0;0;0;0;0;0;0;0;0;0;0;0;0;0;0;;;;;0;0;0;0;0;0
18.12.2024;00:35;A110;1;1;1;0;0;0;0;0;0;0;0;0;0;0;0;0;0;0;0;;;;;0;0;0;0;0;0
18.12.2024;00:34;A110;1;0;0;0;0;2;2;0;0;0;0;0;0;1;2;1;2;1;2;;;;;0;0;0;0;0;0
18.12.2024;00:33;A110;1;0;0;0;0;0;0;0;0;0;0;1;2;0;0;0;0;0;0;;;;;0;0;0;0;0;0
18.12.2024;00:32;A110;1;0;0;0;0;1;2;0;0;0;0;0;0;0;0;0;0;0;0;;;;;0;0;0;0;0;0
18.12.2024;00:31;A110;1;0;0;0;0;1;1;0;0;0;0;0;0;0;0;0;0;0;0;;;;;0;0;0;0;0;0
18.12.2024;00:30;A110;1;1;1;0;0;2;6;0;0;0;0;0;0;0;0;0;0;0;0;;;;;0;0;0;0;0;0
18.12.2024;00:29;A110;1;0;0;0;0;1;1;0;0;0;0;0;0;0;0;0;0;0;0;;;;;0;0;0;0;0;0
18.12.2024;00:28;A110;1;0;0;0;0;0;0;0;0;0;0;0;0;0;0;0;0;0;0;;;;;0;0;0;0;0;0
18.12.2024;00:27;A110;1;0;0;0;0;0;0;0;0;0;0;0;0;0;0;0;0;0;0;;;;;0;0;0;0;0;0
18.12.2024;00:26;A110;1;0;0;0;0;0;0;0;0;0;0;0;0;0;0;0;0;0;0;;;;;0;0;0;0;0;0
18.12.2024;00:25;A110;1;0;0;0;0;0;0;0;0;0;0;0;0;0;0;0;0;0;0;;;;;0;0;0;0;0;0
18.12.2024;00:24;A110;1;0;0;0;0;0;0;0;0;0;0;0;0;0;0;0;0;0;0;;;;;0;0;0;0;0;0
18.12.2024;00:23;A110;1;0;0;1;1;0;0;0;0;1;2;0;0;0;0;0;0;0;0;;;;;0;0;0;0;0;0
18.12.2024;00:22;A110;1;0;0;0;0;0;0;0;0;0;0;0;0;0;0;0;0;0;0;;;;;0;0;0;0;0;0
18.12.2024;00:21;A110;1;0;0;0;0;2;2;1;2;0;0;0;0;1;2;0;0;0;0;;;;;0;0;0;0;0;0
18.12.2024;00:20;A110;1;0;0;0;0;1;1;0;0;0;0;1;2;0;0;0;0;0;0;;;;;0;0;0;0;0;0
18.12.2024;00:19;A110;1;0;0;0;0;0;0;0;0;0;0;0;0;0;0;0;0;0;0;;;;;0;0;0;0;0;0
18.12.2024;00:18;A110;1;0;0;0;0;0;0;0;0;0;0;0;0;0;0;0;0;0;0;;;;;0;0;0;0;0;0
18.12.2024;00:17;A110;1;0;0;0;0;0;0;0;0;0;0;0;0;0;0;0;0;0;0;;;;;0;0;0;0;0;0
18.12.2024;00:16;A110;1;0;0;0;0;1;1;0;0;0;0;0;0;0;0;0;0;0;0;;;;;0;0;0;0;0;0
18.12.2024;00:15;A110;1;1;0;1;1;1;1;0;0;0;0;0;0;0;0;0;0;0;0;;;;;0;0;0;0;0;0
18.12.2024;00:14;A110;1;0;0;1;1;2;2;0;0;1;2;0;0;0;0;0;0;0;0;;;;;0;0;0;0;0;0
18.12.2024;00:13;A110;1;0;0;0;0;0;0;1;2;0;0;0;0;0;0;0;0;0;0;;;;;0;0;0;0;0;0
18.12.2024;00:12;A110;1;0;0;0;0;3;3;0;0;0;0;0;0;0;0;0;0;0;0;;;;;0;0;0;0;0;0
18.12.2024;00:11;A110;1;0;0;0;0;3;2;0;0;0;0;0;0;0;0;0;0;0;0;;;;;0;0;0;0;0;0
18.12.2024;00:10;A110;1;0;0;1;2;0;0;0;0;0;0;0;0;0;0;0;0;0;0;;;;;0;0;0;0;0;0
18.12.2024;00:09;A110;1;0;0;0;0;0;0;0;0;0;0;0;0;0;0;0;0;0;0;;;;;0;0;0;0;0;0
18.12.2024;00:08;A110;1;0;0;0;0;0;0;0;0;0;0;1;2;1;2;0;0;0;0;;;;;0;0;0;0;0;0
18.12.2024;00:07;A110;1;1;1;1;0;2;2;0;0;0;0;0;0;0;0;0;0;0;0;;;;;0;0;0;0;0;0
18.12.2024;00:06;A110;1;0;0;0;0;1;1;0;0;0;0;0;0;0;0;0;0;0;0;;;;;0;0;0;0;0;0
18.12.2024;00:05;A110;1;0;0;1;1;0;0;0;0;0;0;0;0;0;0;0;0;0;0;;;;;0;0;0;0;0;0
18.12.2024;00:04;A110;1;0;0;0;0;2;2;0;0;0;0;0;0;1;2;1;2;1;2;;;;;0;0;0;0;0;0
18.12.2024;00:03;A110;1;0;0;0;0;0;0;0;0;0;0;1;2;0;0;0;0;0;0;;;;;0;0;0;0;0;0
18.12.2024;00:02;A110;1;0;0;0;0;0;0;0;0;0;0;0;0;0;0;0;0;0;0;;;;;0;0;0;0;0;0
18.12.2024;00:01;A110;1;0;0;0;0;2;4;0;0;0;0;0;0;0;0;0;0;0;0;;;;;0;0;0;0;0;0
18.12.2024;00:00;A110;1;0;0;0;0;0;0;0;0;0;0;0;0;0;0;0;0;0;0;;;;;0;0;0;0;0;0
17.12.2024;23:59;A110;1;0;0;0;0;0;0;0;0;0;0;0;0;0;0;0;0;0;0;;;;;0;0;0;0;0;0
17.12.2024;23:58;A110;1;0;0;1;1;3;3;0;0;0;0;0;0;0;0;0;0;0;0;;;;;0;0;0;0;0;0
17.12.2024;23:57;A110;1;0;0;0;0;0;0;0;0;0;0;0;0;0;0;0;0;0;0;;;;;0;0;0;0;0;0
17.12.2024;23:56;A110;1;0;0;0;0;1;1;0;0;0;0;0;0;0;0;0;0;0;0;;;;;0;0;0;0;0;0
17.12.2024;23:55;A110;1;0;0;1;1;2;3;0;0;0;0;0;0;0;0;0;0;0;0;;;;;0;0;0;0;0;0
17.12.2024;23:54;A110;1;0;0;0;0;0;0;0;0;0;0;0;0;0;0;0;0;0;0;;;;;0;0;0;0;0;0
17.12.2024;23:53;A110;1;0;0;0;0;2;3;0;0;0;0;0;0;0;0;0;0;0;0;;;;;0;0;0;0;0;0
17.12.2024;23:52;A110;1;0;0;0;0;1;2;0;0;0;0;0;0;0;0;0;0;0;0;;;;;0;0;0;0;0;0
17.12.2024;23:51;A110;1;0;0;0;0;0;0;0;0;0;0;0;0;0;0;0;0;0;0;;;;;0;0;0;0;0;0
17.12.2024;23:50;A110;1;0;0;0;0;2;3;1;2;1;2;0;0;0;0;0;0;0;0;;;;;0;0;0;0;0;0
17.12.2024;23:49;A110;1;0;0;0;0;0;0;0;0;0;0;0;0;0;0;0;0;0;0;;;;;0;0;0;0;0;0
17.12.2024;23:48;A110;1;1;0;1;1;1;1;0;0;0;0;1;2;1;2;0;0;0;0;;;;;0;0;0;0;0;0
17.12.2024;23:47;A110;1;0;0;0;0;0;0;0;0;0;0;0;0;0;0;0;0;0;0;;;;;0;0;0;0;0;0
17.12.2024;23:46;A110;1;0;0;0;0;0;0;0;0;0;0;0;0;0;0;0;0;0;0;;;;;0;0;0;0;0;0
17.12.2024;23:45;A110;1;1;1;1;1;0;0;0;0;0;0;0;0;0;0;0;0;0;0;;;;;0;0;0;0;0;0
17.12.2024;23:44;A110;1;0;0;0;0;2;2;0;0;1;2;0;0;0;0;0;0;0;0;;;;;0;0;0;0;0;0
17.12.2024;23:43;A110;1;0;0;3;4;2;2;1;2;0;0;0;0;0;0;0;0;0;0;;;;;0;0;0;0;0;0
17.12.2024;23:42;A110;1;0;0;0;0;1;1;0;0;0;0;0;0;0;0;0;0;0;0;;;;;0;0;0;0;0;0
17.12.2024;23:41;A110;1;0;0;0;0;0;0;0;0;0;0;0;0;0;0;0;0;0;0;;;;;0;0;0;0;0;0
17.12.2024;23:40;A110;1;0;0;0;0;1;1;0;0;0;0;0;0;1;2;0;0;0;0;;;;;0;0;0;0;0;0
17.12.2024;23:39;A110;1;0;0;0;0;2;3;0;0;0;0;1;2;0;0;0;0;0;0;;;;;0;0;0;0;0;0
17.12.2024;23:38;A110;1;0;0;3;5;3;3;0;0;0;0;0;0;0;0;0;0;0;0;;;;;0;0;0;0;0;0
17.12.2024;23:37;A110;1;0;0;0;0;0;0;0;0;0;0;0;0;0;0;0;0;0;0;;;;;0;0;0;0;0;0
17.12.2024;23:36;A110;1;0;0;0;0;0;0;0;0;0;0;0;0;0;0;0;0;0;0;;;;;0;0;0;0;0;0
17.12.2024;23:35;A110;1;0;0;3;5;1;1;0;0;0;0;0;0;0;0;0;0;0;0;;;;;0;0;0;0;0;0
17.12.2024;23:34;A110;1;0;0;0;0;1;1;0;0;0;0;0;0;0;0;0;0;1;2;;;;;0;0;0;0;0;0
17.12.2024;23:33;A110;1;0;0;1;1;2;2;0;0;0;0;0;0;1;2;1;2;0;0;;;;;0;0;0;0;0;0
17.12.2024;23:32;A110;1;0;0;0;0;1;1;0;0;0;0;1;2;0;0;0;0;0;0;;;;;0;0;0;0;0;0
17.12.2024;23:31;A110;1;1;2;1;1;1;1;0;0;0;0;0;0;0;0;0;0;0;0;;;;;0;0;0;0;0;0
17.12.2024;23:30;A110;1;0;0;0;0;1;1;0;0;0;0;0;0;0;0;0;0;0;0;;;;;0;0;0;0;0;0
17.12.2024;23:29;A110;1;0;0;0;0;0;0;0;0;0;0;0;0;0;0;0;0;0;0;;;;;0;0;0;0;0;0
17.12.2024;23:28;A110;1;0;0;0;0;0;0;0;0;0;0;0;0;0;0;0;0;0;0;;;;;0;0;0;0;0;0
17.12.2024;23:27;A110;1;0;0;1;2;0;0;0;0;0;0;0;0;0;0;0;0;0;0;;;;;0;0;0;0;0;0
17.12.2024;23:26;A110;1;0;0;0;0;1;1;0;0;0;0;0;0;0;0;0;0;0;0;;;;;0;0;0;0;0;0
17.12.2024;23:25;A110;1;0;0;0;0;3;3;0;0;0;0;0;0;0;0;0;0;0;0;;;;;0;0;0;0;0;0
17.12.2024;23:24;A110;1;0;0;0;0;3;5;0;0;0;0;0;0;0;0;0;0;0;0;;;;;0;0;0;0;0;0
17.12.2024;23:23;A110;1;0;0;0;0;2;3;0;0;0;0;0;0;0;0;0;0;0;0;;;;;0;0;0;0;0;0
17.12.2024;23:22;A110;1;0;0;0;0;2;2;0;0;0;0;0;0;0;0;0;0;0;0;;;;;0;0;0;0;0;0
17.12.2024;23:21;A110;1;0;0;0;0;3;52;0;0;0;0;0;0;0;0;0;0;0;0;;;;;0;0;0;0;0;0
17.12.2024;23:20;A110;1;1;0;0;0;3;26;1;2;1;2;0;0;0;0;0;0;0;0;;;;;0;0;0;0;0;0
17.12.2024;23:19;A110;1;0;0;1;2;3;5;0;0;0;0;0;0;1;2;0;0;0;0;;;;;0;0;0;0;0;0
17.12.2024;23:18;A110;1;0;0;1;2;1;1;0;0;0;0;1;2;0;0;0;0;0;0;;;;;0;0;0;0;0;0
17.12.2024;23:17;A110;1;0;0;0;0;2;2;0;0;0;0;0;0;0;0;0;0;0;0;;;;;0;0;0;0;0;0
17.12.2024;23:16;A110;1;1;1;0;0;0;0;0;0;0;0;0;0;0;0;0;0;0;0;;;;;0;0;0;0;0;0
17.12.2024;23:15;A110;1;0;0;0;0;3;4;0;0;0;0;0;0;0;0;0;0;0;0;;;;;0;0;0;0;0;0
17.12.2024;23:14;A110;1;0;0;2;2;1;1;0;0;0;0;0;0;0;0;0;0;0;0;;;;;0;0;0;0;0;0
17.12.2024;23:13;A110;1;0;0;0;0;2;2;0;0;1;2;0;0;0;0;0;0;0;0;;;;;0;0;0;0;0;0
17.12.2024;23:12;A110;1;0;0;1;1;1;1;1;2;0;0;0;0;0;0;0;0;0;0;;;;;0;0;0;0;0;0
17.12.2024;23:11;A110;1;0;0;1;1;0;0;0;0;0;0;0;0;0;0;0;0;0;0;;;;;0;0;0;0;0;0
17.12.2024;23:10;A110;1;0;0;0;0;1;2;0;0;0;0;0;0;0;0;0;0;0;0;;;;;0;0;0;0;0;0
17.12.2024;23:09;A110;1;0;0;0;0;1;1;0;0;0;0;0;0;0;0;0;0;0;0;;;;;0;0;0;0;0;0
17.12.2024;23:08;A110;1;0;0;1;1;1;2;0;0;0;0;0;0;1;2;0;0;0;0;;;;;0;0;0;0;0;0
17.12.2024;23:07;A110;1;0;0;0;0;1;2;0;0;1;2;1;2;0;0;0;0;0;0;;;;;0;0;0;0;0;0
17.12.2024;23:06;A110;1;0;0;0;0;1;0;1;2;0;0;0;0;0;0;0;0;0;0;;;;;0;0;0;0;0;0
17.12.2024;23:05;A110;1;0;0;0;0;2;4;0;0;0;0;0;0;0;0;0;0;0;0;;;;;0;0;0;0;0;0
17.12.2024;23:04;A110;1;0;0;1;1;2;2;0;0;0;0;0;0;1;2;1;2;1;2;;;;;0;0;0;0;0;0
17.12.2024;23:03;A110;1;0;0;0;0;0;0;0;0;0;0;1;2;0;0;0;0;0;0;;;;;0;0;0;0;0;0
17.12.2024;23:02;A110;1;0;0;0;0;1;2;0;0;0;0;0;0;0;0;0;0;0;0;;;;;0;0;0;0;0;0
17.12.2024;23:01;A110;1;0;0;0;0;2;5;0;0;0;0;0;0;0;0;0;0;0;0;;;;;0;0;0;0;0;0
17.12.2024;23:00;A110;1;0;0;0;0;3;2;0;0;0;0;0;0;0;0;0;0;0;0;;;;;0;0;0;0;0;0
17.12.2024;22:59;A110;1;0;0;1;1;1;1;0;0;1;2;0;0;0;0;0;0;0;0;;;;;0;0;0;0;0;0
17.12.2024;22:58;A110;1;0;0;3;3;5;5;1;2;0;0;0;0;0;0;0;0;0;0;;;;;0;0;0;0;0;0
17.12.2024;22:57;A110;1;0;0;0;0;1;1;0;0;0;0;0;0;0;0;0;0;0;0;;;;;0;0;0;0;0;0
17.12.2024;22:56;A110;1;0;0;0;0;1;1;0;0;0;0;0;0;0;0;0;0;0;0;;;;;0;0;0;0;0;0
17.12.2024;22:55;A110;1;0;0;0;0;1;1;0;0;0;0;0;0;0;0;0;0;0;0;;;;;0;0;0;0;0;0
17.12.2024;22:54;A110;1;0;0;2;3;1;1;0;0;1;2;0;0;0;0;0;0;0;0;;;;;0;0;0;0;0;0
17.12.2024;22:53;A110;1;1;1;1;1;1;1;0;0;0;0;0;0;0;0;0;0;0;0;;;;;0;0;0;0;0;0
17.12.2024;22:52;A110;1;1;1;2;2;3;3;0;0;0;0;0;0;0;0;0;0;0;0;;;;;0;0;0;0;0;0
17.12.2024;22:51;A110;1;0;0;1;3;3;4;1;2;0;0;0;0;0;0;0;0;0;0;;;;;0;0;0;0;0;0
17.12.2024;22:50;A110;1;0;0;0;0;1;1;0;0;0;0;0;0;1;2;0;0;1;2;;;;;0;0;0;0;0;0
17.12.2024;22:49;A110;1;1;1;3;4;1;1;0;0;0;0;0;0;1;2;1;2;0;0;;;;;0;0;0;0;0;0
17.12.2024;22:48;A110;1;0;0;1;1;2;4;0;0;0;0;2;3;0;0;0;0;0;0;;;;;0;0;0;0;0;0
17.12.2024;22:47;A110;1;1;1;0;0;1;1;0;0;0;0;0;0;0;0;0;0;0;0;;;;;0;0;0;0;0;0
17.12.2024;22:46;A110;1;0;0;0;0;0;0;0;0;0;0;0;0;0;0;0;0;0;0;;;;;0;0;0;0;0;0
17.12.2024;22:45;A110;1;0;0;0;0;1;1;0;0;1;2;0;0;0;0;0;0;0;0;;;;;0;0;0;0;0;0
17.12.2024;22:44;A110;1;1;0;2;2;0;0;0;0;0;0;0;0;0;0;0;0;0;0;;;;;0;0;0;0;0;0
17.12.2024;22:43;A110;1;0;0;0;0;2;2;1;2;0;0;0;0;0;0;0;0;0;0;;;;;0;0;0;0;0;0
17.12.2024;22:42;A110;1;1;1;2;2;2;3;0;0;0;0;0;0;0;0;0;0;0;0;;;;;0;0;0;0;0;0
17.12.2024;22:41;A110;1;0;0;0;0;1;1;0;0;0;0;0;0;0;0;0;0;0;0;;;;;0;0;0;0;0;0
17.12.2024;22:40;A110;1;0;0;1;1;2;2;0;0;0;0;0;0;0;0;0;0;0;0;;;;;0;0;0;0;0;0
17.12.2024;22:39;A110;1;0;0;0;0;2;2;0;0;0;0;0;0;0;0;0;0;0;0;;;;;0;0;0;0;0;0
17.12.2024;22:38;A110;1;0;0;1;1;3;4;0;0;0;0;0;0;0;0;0;0;0;0;;;;;0;0;0;0;0;0
17.12.2024;22:37;A110;1;0;0;0;0;1;1;0;0;0;0;0;0;0;0;0;0;0;0;;;;;0;0;0;0;0;0
17.12.2024;22:36;A110;1;0;0;1;1;2;5;0;0;0;0;0;0;0;0;0;0;0;0;;;;;0;0;0;0;0;0
17.12.2024;22:35;A110;1;0;0;0;0;3;6;1;2;1;2;0;0;0;0;0;0;0;0;;;;;0;0;0;0;0;0
17.12.2024;22:34;A110;1;0;0;0;0;1;1;0;0;0;0;0;0;1;2;1;2;1;2;;;;;0;0;0;0;0;0
17.12.2024;22:33;A110;1;0;0;3;5;1;1;0;0;0;0;1;2;0;0;0;0;0;0;;;;;0;0;0;0;0;0
17.12.2024;22:32;A110;1;1;1;0;0;3;4;0;0;0;0;0;0;1;2;0;0;0;0;;;;;0;0;0;0;0;0
17.12.2024;22:31;A110;1;1;1;0;0;2;2;0;0;0;0;1;2;0;0;0;0;0;0;;;;;0;0;0;0;0;0
17.12.2024;22:30;A110;1;0;0;2;2;3;4;0;0;0;0;0;0;0;0;0;0;0;0;;;;;0;0;0;0;0;0
17.12.2024;22:29;A110;1;1;2;4;19;1;2;0;0;1;2;0;0;0;0;0;0;0;0;;;;;0;0;0;0;0;0
17.12.2024;22:28;A110;1;0;0;2;3;1;1;1;2;0;0;0;0;0;0;0;0;0;0;;;;;0;0;0;0;0;0
17.12.2024;22:27;A110;1;0;0;0;0;1;1;0;0;0;0;0;0;0;0;0;0;0;0;;;;;0;0;0;0;0;0
17.12.2024;22:26;A110;1;1;1;0;0;0;0;0;0;0;0;0;0;1;2;0;0;0;0;;;;;0;0;0;0;0;0
17.12.2024;22:25;A110;1;0;0;1;1;4;7;0;0;0;0;1;2;0;0;0;0;0;0;;;;;0;0;0;0;0;0
17.12.2024;22:24;A110;1;0;0;0;0;1;1;0;0;0;0;0;0;0;0;0;0;0;0;;;;;0;0;0;0;0;0
17.12.2024;22:23;A110;1;0;0;2;2;0;0;0;0;0;0;0;0;0;0;0;0;0;0;;;;;0;0;0;0;0;0
17.12.2024;22:22;A110;1;0;0;2;2;4;5;0;0;0;0;0;0;0;0;0;0;0;0;;;;;0;0;0;0;0;0
17.12.2024;22:21;A110;1;0;0;2;3;0;0;0;0;0;0;0;0;0;0;0;0;0;0;;;;;0;0;0;0;0;0
17.12.2024;22:20;A110;1;1;1;1;1;1;1;0;0;1;2;0;0;0;0;0;0;0;0;;;;;0;0;0;0;0;0
17.12.2024;22:19;A110;1;0;0;0;0;2;2;1;2;0;0;0;0;0;0;0;0;1;2;;;;;0;0;0;0;0;0
17.12.2024;22:18;A110;1;0;0;2;3;8;17;0;0;0;0;1;2;1;2;1;2;0;0;;;;;0;0;0;0;0;0
17.12.2024;22:17;A110;1;0;0;1;1;3;9;0;0;0;0;1;2;1;2;0;0;0;0;;;;;0;0;0;0;0;0
17.12.2024;22:16;A110;1;0;0;0;0;1;1;0;0;0;0;0;0;0;0;0;0;0;0;;;;;0;0;0;0;0;0
17.12.2024;22:15;A110;1;1;1;2;2;0;0;0;0;0;0;0;0;0;0;0;0;0;0;;;;;0;0;0;0;0;0
17.12.2024;22:14;A110;1;0;0;2;3;5;5;0;0;1;2;0;0;0;0;0;0;0;0;;;;;0;0;0;0;0;0
17.12.2024;22:13;A110;1;0;0;0;0;3;4;1;2;0;0;0;0;0;0;0;0;0;0;;;;;0;0;0;0;0;0
17.12.2024;22:12;A110;1;0;0;0;0;0;0;0;0;0;0;0;0;0;0;0;0;0;0;;;;;0;0;0;0;0;0
17.12.2024;22:11;A110;1;0;0;2;5;1;1;0;0;0;0;0;0;0;0;0;0;0;0;;;;;0;0;0;0;0;0
17.12.2024;22:10;A110;1;1;1;1;0;5;6;0;0;0;0;0;0;0;0;0;0;0;0;;;;;0;0;0;0;0;0
17.12.2024;22:09;A110;1;0;0;1;2;1;1;0;0;0;0;0;0;0;0;0;0;0;0;;;;;0;0;0;0;0;0
17.12.2024;22:08;A110;1;0;0;1;2;1;1;0;0;0;0;1;2;1;2;0;0;0;0;;;;;0;0;0;0;0;0
17.12.2024;22:07;A110;1;0;0;1;1;2;2;0;0;0;0;0;0;0;0;0;0;0;0;;;;;0;0;0;0;0;0
17.12.2024;22:06;A110;1;1;1;2;2;0;0;0;0;0;0;0;0;0;0;0;0;0;0;;;;;0;0;0;0;0;0
17.12.2024;22:05;A110;1;0;0;1;1;1;20;0;0;1;2;1;2;1;2;0;0;0;0;;;;;0;0;0;0;0;0
17.12.2024;22:04;A110;1;1;0;1;2;4;9;1;2;0;0;0;0;0;0;0;0;1;2;;;;;0;0;0;0;0;0
17.12.2024;22:03;A110;1;0;0;0;0;0;0;0;0;0;0;1;2;1;2;1;2;0;0;;;;;0;0;0;0;0;0
17.12.2024;22:02;A110;1;0;0;2;1;4;5;0;0;0;0;0;0;0;0;0;0;0;0;;;;;0;0;0;0;0;0
17.12.2024;22:01;A110;1;0;0;1;1;0;0;0;0;0;0;0;0;0;0;0;0;0;0;;;;;0;0;0;0;0;0
17.12.2024;22:00;A110;1;0;0;1;1;5;6;0;0;0;0;0;0;0;0;0;0;0;0;;;;;0;0;0;0;0;0
17.12.2024;21:59;A110;1;1;1;1;1;1;1;0;0;1;2;0;0;0;0;0;0;0;0;;;;;0;0;0;0;0;0
17.12.2024;21:58;A110;1;1;1;1;3;7;22;1;2;0;0;0;0;0;0;0;0;0;0;;;;;0;0;0;0;0;0
17.12.2024;21:57;A110;1;0;0;1;1;1;1;0;0;0;0;0;0;0;0;0;0;0;0;;;;;0;0;0;0;0;0
17.12.2024;21:56;A110;1;0;0;1;1;4;6;0;0;0;0;0;0;0;0;0;0;0;0;;;;;0;0;0;0;0;0
17.12.2024;21:55;A110;1;0;0;0;0;2;2;0;0;0;0;0;0;1;2;0;0;0;0;;;;;0;0;0;0;0;0
17.12.2024;21:54;A110;1;0;0;2;2;1;1;0;0;0;0;1;2;0;0;0;0;0;0;;;;;0;0;0;0;0;0
17.12.2024;21:53;A110;1;0;0;0;0;0;0;0;0;0;0;0;0;0;0;0;0;0;0;;;;;0;0;0;0;0;0
17.12.2024;21:52;A110;1;0;0;1;2;8;11;0;0;0;0;0;0;0;0;0;0;0;0;;;;;0;0;0;0;0;0
17.12.2024;21:51;A110;1;0;0;1;2;2;3;0;0;0;0;0;0;0;0;0;0;0;0;;;;;0;0;0;0;0;0
17.12.2024;21:50;A110;1;0;0;0;0;2;1;0;0;0;0;0;0;0;0;0;0;0;0;;;;;0;0;0;0;0;0
17.12.2024;21:49;A110;1;1;1;1;1;0;0;0;0;0;0;0;0;0;1;1;2;1;2;;;;;0;0;0;0;0;0
17.12.2024;21:48;A110;1;1;2;1;2;2;2;0;0;0;0;1;2;2;3;0;0;0;0;;;;;0;0;0;0;0;0
17.12.2024;21:47;A110;1;1;1;4;30;2;2;0;0;0;0;1;2;0;0;0;0;0;0;;;;;0;0;0;0;0;0
17.12.2024;21:46;A110;1;0;0;0;0;1;1;0;0;0;0;0;0;0;0;0;0;0;0;;;;;0;0;0;0;0;0
17.12.2024;21:45;A110;1;0;0;1;1;1;1;0;0;1;2;0;0;0;0;0;0;0;0;;;;;0;0;0;0;0;0
17.12.2024;21:44;A110;1;0;0;1;1;1;4;1;2;0;0;0;0;0;0;0;0;0;0;;;;;0;0;0;0;0;0
17.12.2024;21:43;A110;1;0;0;0;0;6;8;0;0;0;0;0;0;0;0;0;0;0;0;;;;;0;0;0;0;0;0
17.12.2024;21:42;A110;1;0;0;3;5;0;0;0;0;0;0;0;0;0;0;0;0;0;0;;;;;0;0;0;0;0;0
17.12.2024;21:41;A110;1;0;0;3;4;1;1;0;0;0;0;0;0;0;0;0;0;0;0;;;;;0;0;0;0;0;0
17.12.2024;21:40;A110;1;0;0;0;0;0;20;0;0;0;0;0;0;1;2;0;0;0;0;;;;;0;0;0;0;0;0
17.12.2024;21:39;A110;1;0;0;1;1;4;49;0;0;0;0;1;2;0;0;0;0;0;0;;;;;0;0;0;0;0;0
17.12.2024;21:38;A110;1;2;2;1;1;0;11;0;0;0;0;0;0;0;0;0;0;0;0;;;;;0;0;0;0;0;0
17.12.2024;21:37;A110;1;3;5;3;4;7;17;0;0;1;2;0;0;0;0;0;0;0;0;;;;;0;0;0;0;0;0
17.12.2024;21:36;A110;1;1;1;1;2;2;3;1;2;0;0;0;0;0;0;0;0;0;0;;;;;0;0;0;0;0;0
17.12.2024;21:35;A110;1;0;0;2;1;1;1;0;0;0;0;0;0;0;0;0;0;0;0;;;;;0;0;0;0;0;0
17.12.2024;21:34;A110;1;0;0;1;2;1;1;0;0;0;0;0;0;0;0;1;2;1;2;;;;;0;0;0;0;0;0
17.12.2024;21:33;A110;1;1;1;2;2;2;2;0;0;0;0;1;2;1;1;0;0;0;0;;;;;0;0;0;0;0;0
17.12.2024;21:32;A110;1;0;0;1;2;1;2;0;0;0;0;0;0;1;2;0;0;0;0;;;;;0;0;0;0;0;0
17.12.2024;21:31;A110;1;0;0;0;0;2;46;0;0;0;0;1;2;0;0;0;0;0;0;;;;;0;0;0;0;0;0
17.12.2024;21:30;A110;1;0;0;0;0;2;2;0;0;0;0;0;0;0;0;0;0;0;0;;;;;0;0;0;0;0;0
17.12.2024;21:29;A110;1;1;1;1;1;1;2;0;0;0;0;0;0;0;0;0;0;0;0;;;;;0;0;0;0;0;0
17.12.2024;21:28;A110;1;0;0;0;0;4;4;0;0;1;2;0;0;0;0;0;0;0;0;;;;;0;0;0;0;0;0
17.12.2024;21:27;A110;1;0;0;0;0;3;4;1;2;0;0;0;0;0;0;0;0;0;0;;;;;0;0;0;0;0;0
17.12.2024;21:26;A110;1;0;0;1;2;1;0;0;0;0;0;0;0;0;0;0;0;0;0;;;;;0;0;0;0;0;0
17.12.2024;21:25;A110;1;0;0;2;4;7;6;0;0;0;0;0;0;0;0;0;0;0;0;;;;;0;0;0;0;0;0
17.12.2024;21:24;A110;1;0;0;1;1;4;4;0;0;0;0;0;0;1;2;0;0;0;0;;;;;0;0;0;0;0;0
17.12.2024;21:23;A110;1;0;0;0;0;1;1;0;0;0;0;1;2;0;0;0;0;0;0;;;;;0;0;0;0;0;0
17.12.2024;21:22;A110;1;0;0;2;2;2;3;0;0;0;0;0;0;0;0;0;0;0;0;;;;;0;0;0;0;0;0
17.12.2024;21:21;A110;1;0;0;2;3;2;3;0;0;1;2;0;0;0;0;0;0;0;0;;;;;0;0;0;0;0;0
17.12.2024;21:20;A110;1;0;0;3;5;5;6;1;2;0;0;0;0;0;0;1;2;1;2;;;;;0;0;0;0;0;0
17.12.2024;21:19;A110;1;0;0;1;0;1;1;0;0;0;0;0;0;1;2;0;0;0;0;;;;;0;0;0;0;0;0
17.12.2024;21:18;A110;1;1;1;0;0;1;1;0;0;0;0;1;2;1;2;0;0;0;0;;;;;0;0;0;0;0;0
17.12.2024;21:17;A110;1;0;0;4;34;1;1;0;0;1;2;1;2;0;0;0;0;0;0;;;;;0;0;0;0;0;0
17.12.2024;21:16;A110;1;0;0;2;3;0;0;1;2;0;0;0;0;0;0;0;0;0;0;;;;;0;0;0;0;0;0
17.12.2024;21:15;A110;1;0;0;0;0;2;4;0;0;0;0;0;0;0;0;0;0;0;0;;;;;0;0;0;0;0;0
17.12.2024;21:14;A110;1;1;1;1;2;4;5;0;0;0;0;0;0;0;0;0;0;0;0;;;;;0;0;0;0;0;0
17.12.2024;21:13;A110;1;0;0;3;5;5;11;0;0;0;0;0;0;0;0;0;0;0;0;;;;;0;0;0;0;0;0
17.12.2024;21:12;A110;1;1;2;1;3;0;0;0;0;0;0;0;0;0;0;0;0;0;0;;;;;0;0;0;0;0;0
17.12.2024;21:11;A110;1;0;0;1;2;0;3;0;0;0;0;0;0;0;0;0;0;0;0;;;;;0;0;0;0;0;0
17.12.2024;21:10;A110;1;0;2;0;0;3;22;0;0;0;0;0;0;0;0;0;0;0;0;;;;;0;0;0;0;0;0
17.12.2024;21:09;A110;1;1;0;0;0;1;1;0;0;0;0;0;0;0;0;0;0;0;0;;;;;0;0;0;0;0;0
17.12.2024;21:08;A110;1;0;0;1;1;3;3;0;0;0;0;0;0;0;0;0;0;0;0;;;;;0;0;0;0;0;0
17.12.2024;21:07;A110;1;0;0;1;1;1;1;0;0;0;0;0;0;0;0;0;0;0;0;;;;;0;0;0;0;0;0
17.12.2024;21:06;A110;1;0;0;1;2;0;0;0;0;1;2;0;0;1;2;0;0;0;0;;;;;0;0;0;0;0;0
17.12.2024;21:05;A110;1;0;0;2;2;0;0;0;0;0;0;1;2;0;0;0;0;0;0;;;;;0;0;0;0;0;0
17.12.2024;21:04;A110;1;0;0;1;1;1;1;1;2;1;2;0;0;0;0;0;0;0;0;;;;;0;0;0;0;0;0
17.12.2024;21:03;A110;1;0;0;1;1;3;4;1;2;0;0;0;0;0;0;0;0;0;0;;;;;0;0;0;0;0;0
17.12.2024;21:02;A110;1;2;3;2;3;3;3;0;0;0;0;0;0;0;0;0;0;0;0;;;;;0;0;0;0;0;0
17.12.2024;21:01;A110;1;0;0;0;0;0;0;0;0;0;0;0;0;1;2;1;2;1;2;;;;;0;0;0;0;0;0
17.12.2024;21:00;A110;1;0;0;0;0;3;4;0;0;0;0;1;2;0;0;0;0;0;0;;;;;0;0;0;0;0;0
17.12.2024;20:59;A110;1;0;0;0;0;4;4;0;0;1;2;0;0;0;0;0;0;0;0;;;;;0;0;0;0;0;0
17.12.2024;20:58;A110;1;0;0;2;3;2;2;1;2;0;0;0;0;0;0;0;0;0;0;;;;;0;0;0;0;0;0
17.12.2024;20:57;A110;1;0;0;0;0;4;4;0;0;0;0;0;0;0;0;0;0;0;0;;;;;0;0;0;0;0;0
17.12.2024;20:56;A110;1;1;0;2;2;2;4;0;0;0;0;0;0;0;0;0;0;0;0;;;;;0;0;0;0;0;0
17.12.2024;20:55;A110;1;0;0;1;1;0;0;0;0;0;0;0;0;1;2;0;0;0;0;;;;;0;0;0;0;0;0
17.12.2024;20:54;A110;1;1;1;1;1;1;1;0;0;0;0;1;2;0;0;0;0;0;0;;;;;0;0;0;0;0;0
17.12.2024;20:53;A110;1;1;2;1;1;2;2;1;2;1;2;0;0;0;0;0;0;0;0;;;;;0;0;0;0;0;0
17.12.2024;20:52;A110;1;0;0;4;8;3;3;0;0;0;0;0;0;0;0;0;0;0;0;;;;;0;0;0;0;0;0
17.12.2024;20:51;A110;1;0;0;0;0;1;1;0;0;0;0;0;0;0;0;0;0;0;0;;;;;0;0;0;0;0;0
17.12.2024;20:50;A110;1;4;6;4;5;0;0;0;0;1;2;0;0;0;0;0;0;0;0;;;;;0;0;0;0;0;0
17.12.2024;20:49;A110;1;1;0;0;0;0;0;1;2;0;0;0;0;0;0;0;0;0;0;;;;;0;0;0;0;0;0
17.12.2024;20:48;A110;1;1;2;1;2;4;4;0;0;0;0;0;0;0;0;0;0;0;0;;;;;0;0;0;0;0;0
17.12.2024;20:47;A110;1;1;2;1;1;6;28;0;0;0;0;0;0;1;2;0;0;0;0;;;;;0;0;0;0;0;0
17.12.2024;20:46;A110;1;0;0;2;2;2;6;0;0;0;0;1;2;0;0;0;0;0;0;;;;;0;0;0;0;0;0
17.12.2024;20:45;A110;1;1;1;1;1;1;1;0;0;0;0;0;0;0;0;0;0;0;0;;;;;0;0;0;0;0;0
17.12.2024;20:44;A110;1;0;0;2;2;5;7;0;0;1;2;0;0;0;0;0;0;0;0;;;;;0;0;0;0;0;0
17.12.2024;20:43;A110;1;0;0;0;0;5;12;1;2;0;0;0;0;0;0;0;0;0;0;;;;;0;0;0;0;0;0
17.12.2024;20:42;A110;1;0;0;2;3;0;0;0;0;0;0;0;0;0;0;0;0;0;0;;;;;0;0;0;0;0;0
17.12.2024;20:41;A110;1;2;3;2;3;2;5;0;0;0;0;1;2;1;2;0;0;1;2;;;;;0;0;0;0;0;0
17.12.2024;20:40;A110;1;0;0;3;4;2;2;0;0;0;0;1;2;1;2;1;2;0;0;;;;;0;0;0;0;0;0
17.12.2024;20:39;A110;1;0;0;1;1;2;2;0;0;0;0;0;0;0;0;0;0;0;0;;;;;0;0;0;0;0;0
17.12.2024;20:38;A110;1;0;0;0;0;2;3;0;0;0;0;0;0;1;2;0;0;0;0;;;;;0;0;0;0;0;0
17.12.2024;20:37;A110;1;0;0;0;0;2;6;0;0;1;2;1;2;0;0;0;0;0;0;;;;;0;0;0;0;0;0
17.12.2024;20:36;A110;1;0;0;1;1;0;0;1;2;0;0;0;0;0;0;0;0;0;0;;;;;0;0;0;0;0;0
17.12.2024;20:35;A110;1;1;1;1;11;2;3;0;0;0;0;0;0;0;0;0;0;0;0;;;;;0;0;0;0;0;0
17.12.2024;20:34;A110;1;0;0;4;28;3;4;0;0;1;2;0;0;0;0;0;0;0;0;;;;;0;0;0;0;0;0
17.12.2024;20:33;A110;1;0;0;1;1;3;3;1;2;0;0;0;0;0;0;0;0;0;0;;;;;0;0;0;0;0;0
17.12.2024;20:32;A110;1;1;2;2;2;3;5;0;0;0;0;0;0;1;2;0;0;0;0;;;;;0;0;0;0;0;0
17.12.2024;20:31;A110;1;0;0;1;1;4;5;0;0;0;0;1;2;0;0;0;0;0;0;;;;;0;0;0;0;0;0
17.12.2024;20:30;A110;1;1;1;1;1;1;2;0;0;0;0;0;0;0;0;0;0;0;0;;;;;0;0;0;0;0;0
17.12.2024;20:29;A110;1;1;1;1;1;1;1;0;0;1;2;0;0;0;0;0;0;0;0;;;;;0;0;0;0;0;0
17.12.2024;20:28;A110;1;0;0;0;0;2;2;1;2;1;2;0;0;0;0;0;0;0;0;;;;;0;0;0;0;0;0
17.12.2024;20:27;A110;1;0;0;1;1;3;3;1;2;0;0;0;0;1;2;0;0;0;0;;;;;0;0;0;0;0;0
17.12.2024;20:26;A110;1;1;1;1;1;4;5;0;0;0;0;1;2;0;0;0;0;0;0;;;;;0;0;0;0;0;0
17.12.2024;20:25;A110;1;0;0;0;0;3;3;0;0;0;0;0;0;0;0;0;0;0;0;;;;;0;0;0;0;0;0
17.12.2024;20:24;A110;1;2;3;1;2;3;19;0;0;1;2;0;0;0;0;0;0;0;0;;;;;0;0;0;0;0;0
17.12.2024;20:23;A110;1;1;1;1;1;4;5;1;2;0;0;0;0;0;0;0;0;0;0;;;;;0;0;0;0;0;0
17.12.2024;20:22;A110;1;1;2;2;3;1;1;0;0;0;0;0;0;1;2;1;2;1;2;;;;;0;0;0;0;0;0
17.12.2024;20:21;A110;1;0;0;2;3;5;9;0;0;0;0;1;2;1;2;0;0;0;0;;;;;0;0;0;0;0;0
17.12.2024;20:20;A110;1;0;0;0;0;3;3;0;0;0;0;1;2;0;0;0;0;0;0;;;;;0;0;0;0;0;0
17.12.2024;20:19;A110;1;1;0;2;3;2;1;0;0;0;0;0;0;0;0;0;0;0;0;;;;;0;0;0;0;0;0
17.12.2024;20:18;A110;1;0;0;1;1;5;21;0;0;1;2;0;0;0;0;0;0;0;0;;;;;0;0;0;0;0;0
17.12.2024;20:17;A110;1;1;2;0;0;4;5;1;2;0;0;0;0;0;0;0;0;0;0;;;;;0;0;0;0;0;0
17.12.2024;20:16;A110;1;0;0;1;1;1;1;0;0;0;0;0;0;1;2;0;0;0;0;;;;;0;0;0;0;0;0
17.12.2024;20:15;A110;1;0;0;2;3;8;8;0;0;0;0;1;2;0;0;0;0;0;0;;;;;0;0;0;0;0;0
17.12.2024;20:14;A110;1;1;1;0;0;0;0;0;0;1;2;0;0;0;0;0;0;0;0;;;;;0;0;0;0;0;0
17.12.2024;20:13;A110;1;0;0;1;1;2;24;1;2;0;0;0;0;0;0;0;0;0;0;;;;;0;0;0;0;0;0
17.12.2024;20:12;A110;1;1;1;1;1;4;5;0;0;0;0;0;0;0;0;0;0;0;0;;;;;0;0;0;0;0;0
17.12.2024;20:11;A110;1;2;4;2;4;3;3;0;0;0;0;1;2;1;2;0;0;0;0;;;;;0;0;0;0;0;0
17.12.2024;20:10;A110;1;1;19;0;0;3;3;0;0;1;2;0;0;0;0;0;0;0;0;;;;;0;0;0;0;0;0
17.12.2024;20:09;A110;1;1;1;1;1;1;1;1;2;0;0;0;0;0;0;0;0;0;0;;;;;0;0;0;0;0;0
17.12.2024;20:08;A110;1;1;0;3;4;2;3;0;0;1;2;0;0;0;0;0;0;0;0;;;;;0;0;0;0;0;0
17.12.2024;20:07;A110;1;0;0;0;0;2;3;1;2;0;0;0;0;0;0;0;0;0;0;;;;;0;0;0;0;0;0
17.12.2024;20:06;A110;1;1;1;1;1;5;4;0;0;0;0;0;0;1;2;0;0;0;0;;;;;0;0;0;0;0;0
17.12.2024;20:05;A110;1;0;0;4;5;3;3;0;0;0;0;1;2;0;0;0;0;0;0;;;;;0;0;0;0;0;0
17.12.2024;20:04;A110;1;0;0;0;0;3;3;0;0;1;2;0;0;0;0;0;0;0;0;;;;;0;0;0;0;0;0
17.12.2024;20:03;A110;1;0;0;0;0;5;28;0;0;0;0;0;0;0;0;0;0;0;0;;;;;0;0;0;0;0;0
17.12.2024;20:02;A110;1;1;2;0;0;4;5;0;0;0;0;0;0;0;0;0;0;1;2;;;;;0;0;0;0;0;0
17.12.2024;20:01;A110;1;2;3;1;1;0;0;0;0;0;0;0;0;2;3;1;2;0;0;;;;;0;0;0;0;0;0
17.12.2024;20:00;A110;1;0;0;1;1;3;3;0;0;0;0;2;3;0;0;0;0;0;0;;;;;0;0;0;0;0;0
17.12.2024;19:59;A110;1;1;0;2;2;2;2;0;0;0;0;0;0;0;0;0;0;0;0;;;;;0;0;0;0;0;0
17.12.2024;19:58;A110;1;1;2;3;5;2;3;0;0;1;2;0;0;0;0;0;0;0;0;;;;;0;0;0;0;0;0
17.12.2024;19:57;A110;1;1;1;3;6;4;4;1;2;0;0;0;0;0;0;0;0;0;0;;;;;0;0;0;0;0;0
17.12.2024;19:56;A110;1;2;1;0;1;4;6;0;0;0;0;1;2;1;2;0;0;0;0;;;;;0;0;0;0;0;0
17.12.2024;19:55;A110;1;0;0;1;0;2;2;0;0;0;0;0;0;0;0;0;0;0;0;;;;;0;0;0;0;0;0
17.12.2024;19:54;A110;1;0;0;1;1;4;15;0;0;0;0;0;0;0;0;0;0;0;0;;;;;0;0;0;0;0;0
17.12.2024;19:53;A110;1;0;0;0;0;5;31;1;2;1;2;0;0;0;0;0;0;0;0;;;;;0;0;0;0;0;0
17.12.2024;19:52;A110;1;0;0;1;1;0;0;0;0;0;0;0;0;1;2;0;0;0;0;;;;;0;0;0;0;0;0
17.12.2024;19:51;A110;1;0;0;1;1;4;7;0;0;0;0;1;2;0;0;0;0;0;0;;;;;0;0;0;0;0;0
17.12.2024;19:50;A110;1;0;0;3;7;5;12;0;0;0;0;0;0;0;0;0;0;0;0;;;;;0;0;0;0;0;0
17.12.2024;19:49;A110;1;1;1;6;11;4;10;0;0;1;2;0;0;0;0;0;0;0;0;;;;;0;0;0;0;0;0
17.12.2024;19:48;A110;1;2;3;0;0;4;4;1;2;1;2;0;0;0;0;0;0;0;0;;;;;0;0;0;0;0;0
17.12.2024;19:47;A110;1;0;0;1;1;2;2;1;2;0;0;0;0;0;0;0;0;0;0;;;;;0;0;0;0;0;0
17.12.2024;19:46;A110;1;0;0;3;7;5;5;0;0;0;0;0;0;1;2;0;0;0;0;;;;;0;0;0;0;0;0
17.12.2024;19:45;A110;1;1;1;3;3;1;1;0;0;1;2;1;2;0;0;0;0;0;0;;;;;0;0;0;0;0;0
17.12.2024;19:44;A110;1;0;0;1;1;5;18;0;0;0;0;0;0;0;0;0;0;0;0;;;;;0;0;0;0;0;0
17.12.2024;19:43;A110;1;0;0;1;1;2;8;1;2;0;0;0;0;0;0;0;0;0;0;;;;;0;0;0;0;0;0
17.12.2024;19:42;A110;1;0;0;5;35;4;6;0;0;0;0;0;0;1;2;0;0;1;2;;;;;0;0;0;0;0;0
17.12.2024;19:41;A110;1;0;0;2;3;2;7;0;0;0;0;2;3;1;2;1;2;0;0;;;;;0;0;0;0;0;0
17.12.2024;19:40;A110;1;1;2;2;3;2;3;0;0;0;0;0;0;0;0;0;0;0;0;;;;;0;0;0;0;0;0
17.12.2024;19:39;A110;1;0;0;0;0;5;5;0;0;0;0;0;0;0;0;0;0;0;0;;;;;0;0;0;0;0;0
17.12.2024;19:38;A110;1;0;0;2;3;3;3;0;0;1;2;0;0;0;0;0;0;0;0;;;;;0;0;0;0;0;0
17.12.2024;19:37;A110;1;0;0;1;1;6;10;1;2;0;0;0;0;0;0;0;0;0;0;;;;;0;0;0;0;0;0
17.12.2024;19:36;A110;1;0;0;1;1;3;7;0;0;0;0;0;0;0;0;0;0;0;0;;;;;0;0;0;0;0;0
17.12.2024;19:35;A110;1;1;1;1;1;6;10;0;0;0;0;1;2;1;2;0;0;0;0;;;;;0;0;0;0;0;0
17.12.2024;19:34;A110;1;1;1;4;5;1;1;0;1;1;2;0;0;0;0;0;0;0;0;;;;;0;0;0;0;0;0
17.12.2024;19:33;A110;1;0;0;4;26;4;6;1;0;0;0;0;0;0;0;0;0;0;0;;;;;0;0;0;0;0;0
17.12.2024;19:32;A110;1;0;0;1;1;5;43;0;0;0;0;1;2;1;2;0;0;0;0;;;;;0;0;0;0;0;0
17.12.2024;19:31;A110;1;0;0;2;3;8;30;0;0;0;0;0;0;0;0;0;0;0;0;;;;;0;0;0;0;0;0
17.12.2024;19:30;A110;1;0;0;1;2;5;10;0;0;1;2;0;0;0;0;0;0;0;0;;;;;0;0;0;0;0;0
17.12.2024;19:29;A110;1;1;1;4;12;9;13;0;0;0;0;0;0;0;0;0;0;0;0;;;;;0;0;0;0;0;0
17.12.2024;19:28;A110;1;0;0;4;6;2;3;1;2;0;0;0;0;0;0;0;0;0;0;;;;;0;0;0;0;0;0
17.12.2024;19:27;A110;1;0;0;0;0;7;37;0;0;0;0;0;0;1;2;0;0;0;0;;;;;0;0;0;0;0;0
17.12.2024;19:26;A110;1;0;0;3;3;4;28;0;0;0;0;1;2;0;0;0;0;0;0;;;;;0;0;0;0;0;0
17.12.2024;19:25;A110;1;1;2;4;5;5;11;0;0;0;0;0;0;0;0;0;0;0;0;;;;;0;0;0;0;0;0
17.12.2024;19:24;A110;1;1;1;3;5;5;5;0;0;1;2;0;0;0;0;0;0;0;0;;;;;0;0;0;0;0;0
17.12.2024;19:23;A110;1;1;1;1;1;7;8;1;2;0;0;0;0;1;2;0;0;1;2;;;;;0;0;0;0;0;0
17.12.2024;19:22;A110;1;0;0;2;2;7;12;0;0;0;0;0;0;1;2;1;2;0;0;;;;;0;0;0;0;0;0
17.12.2024;19:21;A110;1;0;0;1;1;3;3;0;0;0;0;2;3;0;0;0;0;0;0;;;;;0;0;0;0;0;0
17.12.2024;19:20;A110;1;1;1;7;25;3;4;0;0;1;2;0;0;0;0;0;0;0;0;;;;;0;0;0;0;0;0
17.12.2024;19:19;A110;1;2;2;4;5;2;5;1;2;0;0;0;0;1;2;0;0;0;0;;;;;0;0;0;0;0;0
17.12.2024;19:18;A110;1;1;1;2;4;1;1;0;0;0;0;1;2;0;0;0;0;0;0;;;;;0;0;0;0;0;0
17.12.2024;19:17;A110;1;1;0;4;6;3;7;0;0;0;0;0;0;0;0;0;0;0;0;;;;;0;0;0;0;0;0
17.12.2024;19:16;A110;1;0;0;2;1;2;4;0;0;0;0;0;0;0;0;0;0;0;0;;;;;0;0;0;0;0;0
17.12.2024;19:15;A110;1;1;1;4;54;5;6;0;0;0;0;0;0;0;0;0;0;0;0;;;;;0;0;0;0;0;0
17.12.2024;19:14;A110;1;0;0;1;1;4;3;0;0;1;2;0;0;0;0;0;0;0;0;;;;;0;0;0;0;0;0
17.12.2024;19:13;A110;1;0;0;2;3;2;23;1;2;0;0;0;0;1;2;0;0;0;0;;;;;0;0;0;0;0;0
17.12.2024;19:12;A110;1;1;0;4;4;2;5;0;0;0;0;1;2;0;0;0;0;0;0;;;;;0;0;0;0;0;0
17.12.2024;19:11;A110;1;1;1;1;2;8;14;0;0;0;0;0;0;0;0;0;0;0;0;;;;;0;0;0;0;0;0
17.12.2024;19:10;A110;1;0;0;4;6;9;17;0;0;1;2;0;0;0;0;0;0;0;0;;;;;0;0;0;0;0;0
17.12.2024;19:09;A110;1;0;0;1;1;3;19;1;2;1;2;0;0;0;0;0;0;0;0;;;;;0;0;0;0;0;0
17.12.2024;19:08;A110;1;1;1;0;0;8;13;0;0;0;0;0;0;0;0;0;0;0;0;;;;;0;0;0;0;0;0
17.12.2024;19:07;A110;1;1;1;1;1;6;40;1;2;0;0;0;0;1;2;0;0;0;0;;;;;0;0;0;0;0;0
17.12.2024;19:06;A110;1;1;1;1;1;5;36;0;0;0;0;1;2;0;0;0;0;0;0;;;;;0;0;0;0;0;0
17.12.2024;19:05;A110;1;2;4;3;39;7;43;0;0;0;0;0;0;0;0;0;0;0;0;;;;;0;0;0;0;0;0
17.12.2024;19:04;A110;1;2;4;5;23;6;7;0;0;0;0;0;0;0;0;0;0;0;0;;;;;0;0;0;0;0;0
17.12.2024;19:03;A110;1;1;1;4;16;6;9;0;0;0;0;0;0;1;2;0;0;0;0;;;;;0;0;0;0;0;0
17.12.2024;19:02;A110;1;0;0;1;2;3;5;0;0;0;0;1;2;0;0;0;0;0;0;;;;;0;0;0;0;0;0
17.12.2024;19:01;A110;1;1;0;3;3;1;2;0;0;0;0;0;0;1;2;1;2;1;2;;;;;0;0;0;0;0;0
17.12.2024;19:00;A110;1;0;0;3;8;1;1;0;0;0;0;1;2;0;0;0;0;0;0;;;;;0;0;0;0;0;0
17.12.2024;18:59;A110;1;1;2;4;48;6;8;0;0;0;0;0;0;0;0;0;0;0;0;;;;;0;0;0;0;0;0
17.12.2024;18:58;A110;1;1;2;4;5;3;9;0;0;1;2;1;2;1;2;0;0;0;0;;;;;0;0;0;0;0;0
17.12.2024;18:57;A110;1;1;0;6;14;4;6;1;2;0;0;0;0;0;0;0;0;0;0;;;;;0;0;0;0;0;0
17.12.2024;18:56;A110;1;1;1;1;5;9;8;0;0;0;0;0;0;0;0;0;0;0;0;;;;;0;0;0;0;0;0
17.12.2024;18:55;A110;1;0;0;4;34;4;4;0;0;1;2;0;0;0;0;0;0;0;0;;;;;0;0;0;0;0;0
17.12.2024;18:54;A110;1;0;0;1;1;3;4;1;2;0;0;0;0;0;1;0;0;0;0;;;;;0;0;0;0;0;0
17.12.2024;18:53;A110;1;0;0;4;6;4;14;0;0;0;0;1;2;1;1;0;0;0;0;;;;;0;0;0;0;0;0
17.12.2024;18:52;A110;1;0;0;0;0;3;27;0;0;0;0;0;0;0;0;0;0;0;0;;;;;0;0;0;0;0;0
17.12.2024;18:51;A110;1;1;2;2;3;4;5;0;0;0;0;0;0;0;0;0;0;0;0;;;;;0;0;0;0;0;0
17.12.2024;18:50;A110;1;1;2;0;0;7;15;0;0;1;2;0;0;0;0;0;0;0;0;;;;;0;0;0;0;0;0
17.12.2024;18:49;A110;1;2;2;2;2;4;59;0;0;1;2;0;0;0;0;0;0;0;0;;;;;0;0;0;0;0;0
17.12.2024;18:48;A110;1;0;0;4;50;2;2;1;2;0;0;0;0;0;0;0;0;0;0;;;;;0;0;0;0;0;0
17.12.2024;18:47;A110;1;1;2;1;3;7;8;0;0;0;0;0;0;0;0;0;0;0;0;;;;;0;0;0;0;0;0
17.12.2024;18:46;A110;1;2;6;4;7;8;21;0;0;0;0;0;0;1;2;0;0;0;0;;;;;0;0;0;0;0;0
17.12.2024;18:45;A110;1;2;2;6;7;4;39;0;0;1;2;1;2;0;0;0;0;0;0;;;;;0;0;0;0;0;0
17.12.2024;18:44;A110;1;1;1;2;3;5;60;1;2;0;0;0;0;1;2;0;0;1;2;;;;;0;0;0;0;0;0
17.12.2024;18:43;A110;1;1;2;1;1;5;48;0;0;0;0;1;2;1;2;1;2;0;0;;;;;0;0;0;0;0;0
17.12.2024;18:42;A110;1;1;1;5;6;3;3;0;0;0;0;1;2;0;0;0;0;0;0;;;;;0;0;0;0;0;0
17.12.2024;18:41;A110;1;3;3;4;5;6;14;0;0;0;0;0;0;0;0;0;0;0;0;;;;;0;0;0;0;0;0
17.12.2024;18:40;A110;1;0;0;4;41;2;3;0;0;1;2;0;0;0;0;0;0;0;0;;;;;0;0;0;0;0;0
17.12.2024;18:39;A110;1;0;0;1;2;3;4;1;2;0;0;0;0;0;0;0;0;0;0;;;;;0;0;0;0;0;0
17.12.2024;18:38;A110;1;2;3;1;2;5;6;0;0;0;0;0;0;0;0;0;0;0;0;;;;;0;0;0;0;0;0
17.12.2024;18:37;A110;1;0;0;4;7;7;9;0;0;0;0;0;0;1;2;0;0;0;0;;;;;0;0;0;0;0;0
17.12.2024;18:36;A110;1;0;0;3;32;6;13;0;0;0;0;1;2;0;0;0;0;0;0;;;;;0;0;0;0;0;0
17.12.2024;18:35;A110;1;1;1;5;6;5;7;0;0;0;0;0;0;0;0;0;0;0;0;;;;;0;0;0;0;0;0
17.12.2024;18:34;A110;1;4;5;5;10;5;7;0;0;1;2;0;0;0;0;0;0;0;0;;;;;0;0;0;0;0;0
17.12.2024;18:33;A110;1;1;1;4;7;5;8;1;2;0;0;0;0;1;2;0;0;0;0;;;;;0;0;0;0;0;0
17.12.2024;18:32;A110;1;0;79;1;2;10;12;0;0;0;0;1;2;0;0;0;0;0;0;;;;;0;0;0;0;0;0
17.12.2024;18:31;A110;1;0;100;5;34;5;12;0;0;1;2;0;0;0;0;0;0;0;0;;;;;0;0;0;0;0;0
17.12.2024;18:30;A110;1;0;100;4;5;2;3;1;2;0;0;0;0;0;0;0;0;0;0;;;;;0;0;0;0;0;0
17.12.2024;18:29;A110;1;1;74;3;5;5;8;0;0;1;2;0;0;0;0;0;0;0;0;;;;;0;0;0;0;0;0
17.12.2024;18:28;A110;1;0;0;1;2;5;6;1;2;0;0;0;0;1;2;0;0;0;0;;;;;0;0;0;0;0;0
17.12.2024;18:27;A110;1;0;0;5;75;8;54;0;0;0;0;1;2;0;0;0;0;0;0;;;;;0;0;0;0;0;0
17.12.2024;18:26;A110;1;0;0;4;5;6;57;0;0;0;0;1;2;1;2;0;0;0;0;;;;;0;0;0;0;0;0
17.12.2024;18:25;A110;1;0;0;0;0;9;23;0;0;0;0;0;0;0;0;0;0;0;0;;;;;0;0;0;0;0;0
17.12.2024;18:24;A110;1;1;2;1;1;7;10;0;0;1;2;0;0;0;0;0;0;1;2;;;;;0;0;0;0;0;0
17.12.2024;18:23;A110;1;1;17;3;37;5;17;0;0;0;0;0;0;1;2;1;2;0;0;;;;;0;0;0;0;0;0
17.12.2024;18:22;A110;1;3;5;4;22;0;0;0;0;0;0;0;0;0;0;0;0;0;0;;;;;0;0;0;0;0;0
17.12.2024;18:21;A110;1;1;2;2;3;8;14;0;0;0;0;0;0;0;0;0;0;0;0;;;;;0;0;0;0;0;0
17.12.2024;18:20;A110;1;1;1;2;3;11;17;0;0;0;0;0;0;0;0;0;0;0;0;;;;;0;0;0;0;0;0
17.12.2024;18:19;A110;1;0;0;5;9;15;33;0;0;0;0;0;0;0;0;0;0;0;0;;;;;0;0;0;0;0;0
17.12.2024;18:18;A110;1;0;0;3;5;6;16;0;0;1;2;0;0;0;0;0;0;0;0;;;;;0;0;0;0;0;0
17.12.2024;18:17;A110;1;1;1;1;2;9;10;1;2;0;0;1;2;1;2;0;0;0;0;;;;;0;0;0;0;0;0
17.12.2024;18:16;A110;1;1;1;7;19;7;11;0;0;0;0;0;0;0;0;0;0;0;0;;;;;0;0;0;0;0;0
17.12.2024;18:15;A110;1;1;2;4;6;5;8;0;0;0;0;0;0;0;0;0;0;0;0;;;;;0;0;0;0;0;0
17.12.2024;18:14;A110;1;0;0;0;0;2;4;1;2;1;2;1;2;1;2;0;0;0;0;;;;;0;0;0;0;0;0
17.12.2024;18:13;A110;1;2;2;3;3;4;45;0;0;0;0;0;0;0;0;0;0;0;0;;;;;0;0;0;0;0;0
17.12.2024;18:12;A110;1;2;2;5;5;5;35;0;0;0;0;0;0;0;0;0;0;0;0;;;;;0;0;0;0;0;0
17.12.2024;18:11;A110;1;2;2;0;1;6;27;0;0;1;2;0;0;0;0;0;0;0;0;;;;;0;0;0;0;0;0
17.12.2024;18:10;A110;1;1;1;8;8;8;7;0;0;0;0;0;0;0;0;0;0;0;0;;;;;0;0;0;0;0;0
17.12.2024;18:09;A110;1;1;2;3;13;4;5;2;3;1;2;0;0;0;0;0;0;0;0;;;;;0;0;0;0;0;0
17.12.2024;18:08;A110;1;0;0;8;17;9;19;0;0;0;0;0;0;0;0;0;0;0;0;;;;;0;0;0;0;0;0
17.12.2024;18:07;A110;1;0;0;6;11;4;4;0;0;0;0;0;0;1;2;0;0;0;0;;;;;0;0;0;0;0;0
17.12.2024;18:06;A110;1;0;0;5;46;3;8;0;0;1;2;1;2;1;2;0;0;0;0;;;;;0;0;0;0;0;0
17.12.2024;18:05;A110;1;2;5;4;20;11;12;1;2;0;0;0;0;0;0;0;0;0;0;;;;;0;0;0;0;0;0
17.12.2024;18:04;A110;1;3;2;1;2;12;16;0;0;0;0;0;0;0;0;0;0;0;0;;;;;0;0;0;0;0;0
17.12.2024;18:03;A110;1;2;3;8;69;7;8;0;0;0;0;1;2;0;0;0;0;1;2;;;;;0;0;0;0;0;0
17.12.2024;18:02;A110;1;1;2;3;10;2;2;0;0;0;0;1;2;1;2;1;2;0;0;;;;;0;0;0;0;0;0
17.12.2024;18:01;A110;1;0;0;3;5;12;17;0;0;0;0;0;0;0;0;0;0;0;0;;;;;0;0;0;0;0;0
17.12.2024;18:00;A110;1;3;34;4;35;6;8;0;0;0;0;0;0;0;0;0;0;0;0;;;;;0;0;0;0;0;0
17.12.2024;17:59;A110;1;2;55;4;63;9;22;0;0;0;0;0;0;0;0;0;0;0;0;;;;;0;0;0;0;0;0
17.12.2024;17:58;A110;1;0;0;3;7;1;3;0;0;1;2;0;0;0;0;0;0;0;0;;;;;0;0;0;0;0;0
17.12.2024;17:57;A110;1;0;0;3;4;11;30;1;2;1;2;0;0;0;0;0;0;0;0;;;;;0;0;0;0;0;0
17.12.2024;17:56;A110;1;0;0;8;51;6;11;0;0;0;0;0;0;0;0;0;0;0;0;;;;;0;0;0;0;0;0
17.12.2024;17:55;A110;1;1;1;7;13;7;7;1;2;0;0;0;0;1;2;0;0;0;0;;;;;0;0;0;0;0;0
17.12.2024;17:54;A110;1;1;1;3;3;7;38;0;0;0;0;1;2;0;0;0;0;0;0;;;;;0;0;0;0;0;0
17.12.2024;17:53;A110;1;0;0;1;1;8;7;0;0;0;0;0;0;0;0;0;0;0;0;;;;;0;0;0;0;0;0
17.12.2024;17:52;A110;1;0;0;6;8;11;18;0;0;0;0;0;0;1;2;0;0;0;0;;;;;0;0;0;0;0;0
17.12.2024;17:51;A110;1;1;65;1;5;2;32;0;0;0;0;1;2;0;0;0;0;0;0;;;;;0;0;0;0;0;0
17.12.2024;17:50;A110;1;0;0;10;43;13;41;0;0;0;0;0;0;0;0;0;0;0;0;;;;;0;0;0;0;0;0
17.12.2024;17:49;A110;1;0;0;6;11;7;60;0;0;1;2;0;0;1;2;0;0;0;0;;;;;0;0;0;0;0;0
17.12.2024;17:48;A110;1;1;2;1;2;6;50;1;2;0;0;1;2;0;0;0;0;0;0;;;;;0;0;0;0;0;0
17.12.2024;17:47;A110;1;1;0;3;49;6;8;0;0;0;0;0;0;0;0;0;0;0;0;;;;;0;0;0;0;0;0
17.12.2024;17:46;A110;1;1;3;4;29;10;48;0;0;1;2;0;0;0;0;0;0;0;0;;;;;0;0;0;0;0;0
17.12.2024;17:45;A110;1;1;2;4;7;4;7;1;2;0;0;0;0;0;0;0;0;0;0;;;;;0;0;0;0;0;0
17.12.2024;17:44;A110;1;1;0;6;14;14;57;0;0;0;0;0;0;0;0;0;0;0;0;;;;;0;0;0;0;0;0
17.12.2024;17:43;A110;1;1;4;0;0;10;26;0;0;0;0;0;0;0;0;0;0;0;0;;;;;0;0;0;0;0;0
17.12.2024;17:42;A110;1;2;1;10;13;6;12;0;0;0;0;0;0;1;2;0;0;1;2;;;;;0;0;0;0;0;0
17.12.2024;17:41;A110;1;3;4;9;21;5;9;0;0;0;0;2;3;1;2;1;2;0;0;;;;;0;0;0;0;0;0
17.12.2024;17:40;A110;1;0;0;4;5;7;59;0;0;0;0;0;0;1;2;0;0;0;0;;;;;0;0;0;0;0;0
17.12.2024;17:39;A110;1;2;7;8;9;3;38;0;0;1;2;1;2;0;0;0;0;0;0;;;;;0;0;0;0;0;0
17.12.2024;17:38;A110;1;1;0;1;2;15;22;1;2;1;2;0;0;0;0;0;0;0;0;;;;;0;0;0;0;0;0
17.12.2024;17:37;A110;1;0;0;1;1;7;70;1;2;0;0;0;0;0;0;0;0;0;0;;;;;0;0;0;0;0;0
17.12.2024;17:36;A110;1;1;1;3;11;4;44;0;0;0;0;0;0;0;0;0;0;0;0;;;;;0;0;0;0;0;0
17.12.2024;17:35;A110;1;0;0;6;8;8;23;0;0;0;0;0;0;0;0;0;0;0;0;;;;;0;0;0;0;0;0
17.12.2024;17:34;A110;1;2;3;1;1;7;8;0;0;0;0;0;0;0;0;0;0;0;0;;;;;0;0;0;0;0;0
17.12.2024;17:33;A110;1;2;2;6;11;5;7;0;0;0;0;0;0;0;0;0;0;0;0;;;;;0;0;0;0;0;0
17.12.2024;17:32;A110;1;2;4;4;6;7;11;0;0;0;0;1;2;1;2;0;0;0;0;;;;;0;0;0;0;0;0
17.12.2024;17:31;A110;1;1;2;4;7;5;13;0;0;0;0;0;0;0;0;0;0;0;0;;;;;0;0;0;0;0;0
17.12.2024;17:30;A110;1;2;3;6;13;13;34;0;0;0;0;0;0;0;0;0;0;0;0;;;;;0;0;0;0;0;0
17.12.2024;17:29;A110;1;2;2;5;7;10;10;0;0;0;0;0;0;0;0;0;0;0;0;;;;;0;0;0;0;0;0
17.12.2024;17:28;A110;1;0;0;2;2;4;14;0;0;1;2;0;0;0;0;0;0;0;0;;;;;0;0;0;0;0;0
17.12.2024;17:27;A110;1;1;0;2;2;5;4;1;2;0;0;0;0;0;0;0;0;0;0;;;;;0;0;0;0;0;0
17.12.2024;17:26;A110;1;1;2;7;28;12;11;0;0;0;0;1;2;1;2;0;0;0;0;;;;;0;0;0;0;0;0
17.12.2024;17:25;A110;1;1;1;7;69;5;10;0;0;0;0;0;0;0;0;0;0;0;0;;;;;0;0;0;0;0;0
17.12.2024;17:24;A110;1;0;0;3;5;7;67;0;0;1;2;0;0;0;0;0;0;0;0;;;;;0;0;0;0;0;0
17.12.2024;17:23;A110;1;1;6;2;3;11;13;1;2;0;0;0;0;0;0;0;0;0;0;;;;;0;0;0;0;0;0
17.12.2024;17:22;A110;1;1;1;7;51;1;44;0;0;0;0;0;0;1;2;0;0;0;0;;;;;0;0;0;0;0;0
17.12.2024;17:21;A110;1;2;2;3;8;3;44;0;0;0;0;1;2;0;0;0;0;1;2;;;;;0;0;0;0;0;0
17.12.2024;17:20;A110;1;0;0;1;37;9;24;0;0;0;0;1;2;1;2;1;2;0;0;;;;;0;0;0;0;0;0
17.12.2024;17:19;A110;1;1;2;4;12;6;19;0;0;1;2;0;0;1;2;0;0;0;0;;;;;0;0;0;0;0;0
17.12.2024;17:18;A110;1;0;0;1;3;9;15;1;2;0;0;1;2;0;0;0;0;0;0;;;;;0;0;0;0;0;0
17.12.2024;17:17;A110;1;2;5;6;83;4;46;0;0;0;0;0;0;0;0;0;0;0;0;;;;;0;0;0;0;0;0
17.12.2024;17:16;A110;1;0;0;1;1;12;61;0;0;0;0;0;0;0;0;0;0;0;0;;;;;0;0;0;0;0;0
17.12.2024;17:15;A110;1;3;8;7;54;5;74;0;0;0;0;0;0;1;2;0;0;0;0;;;;;0;0;0;0;0;0
17.12.2024;17:14;A110;1;1;4;2;46;5;44;0;0;1;2;1;2;0;0;0;0;0;0;;;;;0;0;0;0;0;0
17.12.2024;17:13;A110;1;0;0;3;6;7;9;1;2;0;0;0;0;0;0;0;0;0;0;;;;;0;0;0;0;0;0
17.12.2024;17:12;A110;1;4;7;8;37;5;9;0;0;1;2;0;0;0;0;0;0;0;0;;;;;0;0;0;0;0;0
17.12.2024;17:11;A110;1;2;3;5;31;11;20;0;0;0;0;0;0;0;0;0;0;0;0;;;;;0;0;0;0;0;0
17.12.2024;17:10;A110;1;1;2;3;5;7;32;1;2;1;2;0;0;0;0;0;0;0;0;;;;;0;0;0;0;0;0
17.12.2024;17:09;A110;1;1;1;1;1;5;40;1;2;1;2;0;0;0;0;0;0;0;0;;;;;0;0;0;0;0;0
17.12.2024;17:08;A110;1;2;4;5;88;10;34;0;0;0;0;0;0;0;0;0;0;0;0;;;;;0;0;0;0;0;0
17.12.2024;17:07;A110;1;2;3;5;52;10;24;0;0;0;0;0;0;1;2;0;0;0;0;;;;;0;0;0;0;0;0
17.12.2024;17:06;A110;1;1;0;8;49;9;15;0;0;0;0;1;2;0;0;0;0;0;0;;;;;0;0;0;0;0;0
17.12.2024;17:05;A110;1;0;0;8;52;6;62;0;0;0;0;0;0;0;0;0;0;0;0;;;;;0;0;0;0;0;0
17.12.2024;17:04;A110;1;0;0;6;10;5;61;0;0;1;2;0;0;0;0;0;0;0;0;;;;;0;0;0;0;0;0
17.12.2024;17:03;A110;1;1;2;8;13;5;6;1;1;0;0;0;0;0;0;0;0;0;0;;;;;0;0;0;0;0;0
17.12.2024;17:02;A110;1;0;0;5;13;5;5;0;0;0;0;0;1;1;2;0;0;0;1;;;;;0;0;0;0;0;0
17.12.2024;17:01;A110;1;0;0;2;4;8;12;0;0;0;0;1;0;1;2;1;2;1;1;;;;;0;0;0;0;0;0
17.12.2024;17:00;A110;1;0;0;0;0;7;16;0;0;0;0;1;2;0;0;0;0;0;0;;;;;0;0;0;0;0;0
17.12.2024;16:59;A110;1;1;2;13;48;7;16;0;0;0;0;1;2;1;2;0;0;0;0;;;;;0;0;0;0;0;0
17.12.2024;16:58;A110;1;0;0;4;29;8;13;0;0;1;2;0;0;0;0;0;0;0;0;;;;;0;0;0;0;0;0
17.12.2024;16:57;A110;1;1;1;6;13;9;19;1;2;1;2;0;0;0;0;0;0;0;0;;;;;0;0;0;0;0;0
17.12.2024;16:56;A110;1;1;0;3;3;7;19;0;0;0;0;0;0;0;0;0;0;0;0;;;;;0;0;0;0;0;0
17.12.2024;16:55;A110;1;1;1;5;42;8;28;1;2;0;0;0;0;1;2;0;0;0;0;;;;;0;0;0;0;0;0
17.12.2024;16:54;A110;1;0;0;9;50;8;9;0;0;0;0;1;2;0;0;0;0;0;0;;;;;0;0;0;0;0;0
17.12.2024;16:53;A110;1;0;0;2;7;13;19;0;0;0;0;0;0;0;0;0;0;0;0;;;;;0;0;0;0;0;0
17.12.2024;16:52;A110;1;2;3;5;5;13;20;0;0;0;0;0;0;0;0;0;0;0;0;;;;;0;0;0;0;0;0
17.12.2024;16:51;A110;1;2;1;5;13;3;4;0;0;0;0;0;0;0;0;0;0;0;0;;;;;0;0;0;0;0;0
17.12.2024;16:50;A110;1;2;2;6;7;6;35;0;0;1;2;0;0;0;0;0;0;0;0;;;;;0;0;0;0;0;0
17.12.2024;16:49;A110;1;2;2;2;2;4;4;1;2;1;2;0;0;0;0;0;0;0;0;;;;;0;0;0;0;0;0
17.12.2024;16:48;A110;1;1;1;2;4;4;8;0;0;1;2;0;0;0;0;0;0;0;0;;;;;0;0;0;0;0;0
17.12.2024;16:47;A110;1;0;0;4;11;11;33;1;2;0;0;1;2;1;2;0;0;0;0;;;;;0;0;0;0;0;0
17.12.2024;16:46;A110;1;0;0;3;13;9;51;0;0;0;0;0;0;0;0;0;0;0;0;;;;;0;0;0;0;0;0
17.12.2024;16:45;A110;1;1;2;10;13;6;7;0;0;0;0;0;0;0;0;0;0;0;0;;;;;0;0;0;0;0;0
17.12.2024;16:44;A110;1;2;4;3;4;8;15;0;0;1;2;0;0;0;0;0;0;0;0;;;;;0;0;0;0;0;0
17.12.2024;16:43;A110;1;2;3;1;1;9;47;1;2;1;2;0;0;1;2;0;0;0;0;;;;;0;0;0;0;0;0
17.12.2024;16:42;A110;1;0;0;1;2;7;7;1;2;0;0;1;2;1;2;1;2;1;2;;;;;0;0;0;0;0;0
17.12.2024;16:41;A110;1;4;6;4;18;4;40;0;0;0;0;1;2;0;0;0;0;0;0;;;;;0;0;0;0;0;0
17.12.2024;16:40;A110;1;1;78;3;29;4;6;0;0;0;0;0;0;0;0;0;0;0;0;;;;;0;0;0;0;0;0
17.12.2024;16:39;A110;1;3;8;12;31;5;7;0;0;0;0;0;0;0;0;0;0;0;0;;;;;0;0;0;0;0;0
17.12.2024;16:38;A110;1;1;1;2;8;5;17;0;0;0;0;0;0;0;0;0;0;0;0;;;;;0;0;0;0;0;0
17.12.2024;16:37;A110;1;0;0;3;6;4;6;0;0;1;2;0;0;1;2;0;0;0;0;;;;;0;0;0;0;0;0
17.12.2024;16:36;A110;1;2;1;7;10;7;14;1;2;0;0;1;2;0;0;0;0;0;0;;;;;0;0;0;0;0;0
17.12.2024;16:35;A110;1;3;4;4;7;8;28;0;0;0;0;0;0;0;0;0;0;0;0;;;;;0;0;0;0;0;0
17.12.2024;16:34;A110;1;1;1;5;36;7;29;0;0;0;0;0;0;1;2;0;0;0;0;;;;;0;0;0;0;0;0
17.12.2024;16:33;A110;1;3;6;5;7;6;52;0;0;1;2;1;2;0;0;0;0;0;0;;;;;0;0;0;0;0;0
17.12.2024;16:32;A110;1;3;5;3;6;7;37;0;0;0;0;0;0;0;0;0;0;0;0;;;;;0;0;0;0;0;0
17.12.2024;16:31;A110;1;0;0;6;49;7;56;1;2;0;0;0;0;0;0;0;0;0;0;;;;;0;0;0;0;0;0
17.12.2024;16:30;A110;1;2;2;4;30;6;4;0;0;1;2;0;0;0;0;0;0;0;0;;;;;0;0;0;0;0;0
17.12.2024;16:29;A110;1;0;0;2;6;14;20;1;2;0;0;0;0;0;0;0;0;0;0;;;;;0;0;0;0;0;0
17.12.2024;16:28;A110;1;1;0;5;11;6;36;0;0;0;0;0;0;0;0;0;0;0;0;;;;;0;0;0;0;0;0
17.12.2024;16:27;A110;1;0;0;8;41;4;35;0;0;0;0;0;0;0;0;0;0;0;0;;;;;0;0;0;0;0;0
17.12.2024;16:26;A110;1;2;2;4;10;4;72;0;0;1;2;1;2;1;2;0;0;0;0;;;;;0;0;0;0;0;0
17.12.2024;16:25;A110;1;2;2;10;13;10;30;0;0;0;0;0;0;1;2;0;0;0;0;;;;;0;0;0;0;0;0
17.12.2024;16:24;A110;1;0;0;0;0;7;9;1;2;0;0;1;2;0;0;0;0;0;0;;;;;0;0;0;0;0;0
17.12.2024;16:23;A110;1;2;4;5;19;3;9;0;0;0;0;0;0;0;0;0;0;0;0;;;;;0;0;0;0;0;0
17.12.2024;16:22;A110;1;1;2;7;14;12;22;0;0;0;0;0;0;0;0;0;0;0;0;;;;;0;0;0;0;0;0
17.12.2024;16:21;A110;1;2;2;9;15;6;33;0;0;0;0;0;0;0;2;1;2;1;2;;;;;0;0;0;0;0;0
17.12.2024;16:20;A110;1;1;1;0;0;10;11;0;0;1;2;1;2;1;2;0;0;0;0;;;;;0;0;0;0;0;0
17.12.2024;16:19;A110;1;3;3;6;37;6;6;0;0;0;0;0;0;1;0;0;0;0;0;;;;;0;0;0;0;0;0
17.12.2024;16:18;A110;1;1;2;4;12;3;4;1;2;0;0;1;2;0;0;0;0;0;0;;;;;0;0;0;0;0;0
17.12.2024;16:17;A110;1;1;1;8;46;9;13;0;0;0;0;0;0;0;0;0;0;0;0;;;;;0;0;0;0;0;0
17.12.2024;16:16;A110;1;0;0;4;8;8;58;0;0;0;0;0;0;0;0;0;0;0;0;;;;;0;0;0;0;0;0
17.12.2024;16:15;A110;1;3;3;2;5;6;54;0;0;0;0;0;0;0;0;0;0;0;0;;;;;0;0;0;0;0;0
17.12.2024;16:14;A110;1;1;1;4;15;6;82;0;0;1;2;0;0;0;0;0;0;0;0;;;;;0;0;0;0;0;0
17.12.2024;16:13;A110;1;1;2;1;2;12;34;1;2;0;0;0;0;0;0;0;0;0;0;;;;;0;0;0;0;0;0
17.12.2024;16:12;A110;1;5;5;10;23;4;7;0;0;0;0;0;0;1;2;0;0;0;0;;;;;0;0;0;0;0;0
17.12.2024;16:11;A110;1;2;2;5;33;11;18;0;0;0;0;1;2;0;0;0;0;0;0;;;;;0;0;0;0;0;0
17.12.2024;16:10;A110;1;2;3;8;36;7;44;0;0;0;0;0;0;1;2;0;0;0;0;;;;;0;0;0;0;0;0
17.12.2024;16:09;A110;1;1;2;4;6;5;7;0;0;1;2;1;2;0;0;0;0;0;0;;;;;0;0;0;0;0;0
17.12.2024;16:08;A110;1;2;2;5;8;14;18;1;2;0;0;0;0;0;0;0;0;0;0;;;;;0;0;0;0;0;0
17.12.2024;16:07;A110;1;1;1;5;10;11;45;0;0;0;0;0;0;1;2;0;0;0;0;;;;;0;0;0;0;0;0
17.12.2024;16:06;A110;1;1;1;7;45;6;40;0;0;0;0;1;2;0;0;0;0;0;0;;;;;0;0;0;0;0;0
17.12.2024;16:05;A110;1;4;4;9;24;9;21;0;0;0;0;0;0;0;0;0;0;0;0;;;;;0;0;0;0;0;0
17.12.2024;16:04;A110;1;0;0;5;7;5;13;0;0;1;2;0;0;1;2;0;0;0;0;;;;;0;0;0;0;0;0
17.12.2024;16:03;A110;1;0;0;0;0;4;31;1;2;0;0;1;2;0;0;0;0;0;0;;;;;0;0;0;0;0;0
17.12.2024;16:02;A110;1;0;0;9;34;7;34;0;0;0;0;0;0;0;0;0;0;0;0;;;;;0;0;0;0;0;0
17.12.2024;16:01;A110;1;1;2;5;24;6;7;0;0;0;0;0;0;1;2;1;2;1;2;;;;;0;0;0;0;0;0
17.12.2024;16:00;A110;1;2;3;4;41;5;38;0;0;1;2;1;2;0;0;0;0;0;0;;;;;0;0;0;0;0;0
17.12.2024;15:59;A110;1;1;1;4;6;10;13;1;2;0;0;0;0;0;0;0;0;0;0;;;;;0;0;0;0;0;0
17.12.2024;15:58;A110;1;1;0;4;6;13;16;0;0;0;0;0;0;0;0;0;0;0;0;;;;;0;0;0;0;0;0
17.12.2024;15:57;A110;1;1;11;8;54;9;14;0;0;0;0;0;0;0;0;0;0;0;0;;;;;0;0;0;0;0;0
17.12.2024;15:56;A110;1;1;2;4;33;10;16;0;0;0;0;0;0;0;0;0;0;0;0;;;;;0;0;0;0;0;0
17.12.2024;15:55;A110;1;1;1;5;23;7;29;0;0;0;0;0;0;0;0;0;0;0;0;;;;;0;0;0;0;0;0
17.12.2024;15:54;A110;1;0;0;4;26;3;3;0;0;1;2;0;0;1;2;0;0;0;0;;;;;0;0;0;0;0;0
17.12.2024;15:53;A110;1;0;0;3;6;6;11;1;2;0;0;1;2;0;0;0;0;0;0;;;;;0;0;0;0;0;0
17.12.2024;15:52;A110;1;1;2;5;13;13;37;0;0;0;0;0;0;0;0;0;0;0;0;;;;;0;0;0;0;0;0
17.12.2024;15:51;A110;1;1;5;6;54;8;50;0;0;0;0;0;0;0;0;0;0;0;0;;;;;0;0;0;0;0;0
17.12.2024;15:50;A110;1;0;0;6;53;5;14;0;0;1;2;0;0;0;0;0;0;0;0;;;;;0;0;0;0;0;0
17.12.2024;15:49;A110;1;0;0;1;2;9;21;1;2;0;0;0;0;1;2;0;0;0;0;;;;;0;0;0;0;0;0
17.12.2024;15:48;A110;1;1;1;2;26;8;20;0;0;0;0;0;0;0;0;0;0;0;0;;;;;0;0;0;0;0;0
17.12.2024;15:47;A110;1;4;6;5;43;9;13;0;0;1;2;0;0;0;0;0;0;0;0;;;;;0;0;0;0;0;0
17.12.2024;15:46;A110;1;0;0;2;4;8;16;1;2;0;0;0;0;0;0;0;0;0;0;;;;;0;0;0;0;0;0
17.12.2024;15:45;A110;1;1;2;1;2;9;33;0;0;0;0;0;0;0;0;0;0;0;0;;;;;0;0;0;0;0;0
17.12.2024;15:44;A110;1;2;2;5;24;4;19;0;0;0;0;0;0;0;0;0;0;0;0;;;;;0;0;0;0;0;0
17.12.2024;15:43;A110;1;0;0;2;6;8;40;0;0;0;0;0;0;1;2;0;0;0;0;;;;;0;0;0;0;0;0
17.12.2024;15:42;A110;1;1;1;5;25;8;17;0;0;0;0;1;2;0;0;0;0;1;2;;;;;0;0;0;0;0;0
17.12.2024;15:41;A110;1;0;0;3;3;10;13;0;0;0;0;0;1;1;2;1;2;0;0;;;;;0;0;0;0;0;0
17.12.2024;15:40;A110;1;0;0;6;12;6;17;0;0;0;0;1;0;0;0;0;0;0;0;;;;;0;0;0;0;0;0
17.12.2024;15:39;A110;1;0;0;4;39;7;49;0;0;1;2;0;0;1;2;0;0;0;0;;;;;0;0;0;0;0;0
17.12.2024;15:38;A110;1;1;1;4;27;7;31;0;0;0;0;1;2;0;0;0;0;0;0;;;;;0;0;0;0;0;0
17.12.2024;15:37;A110;1;1;0;4;5;4;15;1;2;0;0;0;0;0;0;0;0;0;0;;;;;0;0;0;0;0;0
17.12.2024;15:36;A110;1;3;5;6;52;8;28;0;0;0;0;0;0;0;0;0;0;0;0;;;;;0;0;0;0;0;0
17.12.2024;15:35;A110;1;1;1;6;10;5;75;0;0;1;2;0;0;0;0;0;0;0;0;;;;;0;0;0;0;0;0
17.12.2024;15:34;A110;1;1;3;4;12;10;59;1;2;1;2;0;0;0;0;0;0;0;0;;;;;0;0;0;0;0;0
17.12.2024;15:33;A110;1;1;1;2;4;3;86;1;2;0;0;0;0;0;0;0;0;0;0;;;;;0;0;0;0;0;0
17.12.2024;15:32;A110;1;1;1;0;1;9;49;0;0;0;0;0;0;0;0;0;0;0;0;;;;;0;0;0;0;0;0
17.12.2024;15:31;A110;1;2;3;4;5;10;61;0;0;0;0;0;0;1;2;0;0;0;0;;;;;0;0;0;0;0;0
17.12.2024;15:30;A110;1;0;0;8;29;8;9;0;0;0;0;1;2;0;0;0;0;0;0;;;;;0;0;0;0;0;0
17.12.2024;15:29;A110;1;0;0;4;55;9;10;0;0;0;0;0;0;0;0;0;0;0;0;;;;;0;0;0;0;0;0
17.12.2024;15:28;A110;1;2;2;6;10;4;8;0;0;0;0;0;0;1;2;0;0;0;0;;;;;0;0;0;0;0;0
17.12.2024;15:27;A110;1;2;2;7;28;5;5;0;0;0;0;1;2;0;0;0;0;0;0;;;;;0;0;0;0;0;0
17.12.2024;15:26;A110;1;5;4;13;29;5;17;0;0;0;0;0;0;0;0;0;0;0;0;;;;;0;0;0;0;0;0
17.12.2024;15:25;A110;1;2;3;9;48;12;35;0;0;1;2;0;0;0;0;0;0;0;0;;;;;0;0;0;0;0;0
17.12.2024;15:24;A110;1;1;1;4;42;6;6;1;2;0;0;0;0;0;0;0;0;0;0;;;;;0;0;0;0;0;0
17.12.2024;15:23;A110;1;5;8;5;57;6;6;0;0;0;0;0;0;0;0;0;0;0;0;;;;;0;0;0;0;0;0
17.12.2024;15:22;A110;1;2;3;7;8;9;11;0;0;1;2;1;2;1;2;0;0;0;0;;;;;0;0;0;0;0;0
17.12.2024;15:21;A110;1;0;0;3;7;4;6;1;2;1;2;0;0;0;0;0;0;1;2;;;;;0;0;0;0;0;0
17.12.2024;15:20;A110;1;1;1;1;1;5;23;1;2;0;0;1;2;1;2;1;2;0;0;;;;;0;0;0;0;0;0
17.12.2024;15:19;A110;1;0;0;7;24;9;39;0;0;0;0;0;0;0;0;0;0;0;0;;;;;0;0;0;0;0;0
17.12.2024;15:18;A110;1;3;5;6;14;6;8;0;0;0;0;0;0;0;0;0;0;0;0;;;;;0;0;0;0;0;0
17.12.2024;15:17;A110;1;0;0;2;2;13;41;0;0;0;0;1;2;1;2;0;0;0;0;;;;;0;0;0;0;0;0
17.12.2024;15:16;A110;1;1;7;4;8;14;34;0;0;0;0;0;0;0;0;0;0;0;0;;;;;0;0;0;0;0;0
17.12.2024;15:15;A110;1;1;2;8;18;7;44;0;0;1;2;0;0;0;0;0;0;0;0;;;;;0;0;0;0;0;0
17.12.2024;15:14;A110;1;1;1;4;9;13;48;1;2;0;0;0;0;0;0;0;0;0;0;;;;;0;0;0;0;0;0
17.12.2024;15:13;A110;1;1;9;6;16;4;57;0;0;0;0;0;0;0;0;0;0;0;0;;;;;0;0;0;0;0;0
17.12.2024;15:12;A110;1;0;0;3;6;4;83;0;0;0;0;0;0;1;2;0;0;0;0;;;;;0;0;0;0;0;0
17.12.2024;15:11;A110;1;1;1;4;20;5;5;0;0;0;0;1;2;1;2;0;0;0;0;;;;;0;0;0;0;0;0
17.12.2024;15:10;A110;1;5;27;5;9;6;12;0;0;0;0;0;0;0;0;0;0;0;0;;;;;0;0;0;0;0;0
17.12.2024;15:09;A110;1;2;5;3;6;4;6;0;0;1;2;0;0;0;0;0;0;0;0;;;;;0;0;0;0;0;0
17.12.2024;15:08;A110;1;0;0;4;6;11;25;1;2;0;0;0;0;0;0;0;0;0;0;;;;;0;0;0;0;0;0
17.12.2024;15:07;A110;1;3;3;11;15;6;8;0;0;0;0;0;0;0;0;0;0;0;0;;;;;0;0;0;0;0;0
17.12.2024;15:06;A110;1;1;4;2;4;8;10;0;0;0;0;0;0;0;0;0;0;0;0;;;;;0;0;0;0;0;0
17.12.2024;15:05;A110;1;0;0;2;4;7;57;0;0;1;2;0;0;0;0;0;0;0;0;;;;;0;0;0;0;0;0
17.12.2024;15:04;A110;1;2;2;5;5;2;3;1;2;0;0;0;0;0;0;0;0;0;0;;;;;0;0;0;0;0;0
17.12.2024;15:03;A110;1;0;0;1;3;5;5;0;0;0;0;0;0;0;0;0;0;0;0;;;;;0;0;0;0;0;0
17.12.2024;15:02;A110;1;1;0;2;2;11;22;0;0;0;0;0;0;1;2;0;0;1;2;;;;;0;0;0;0;0;0
17.12.2024;15:01;A110;1;0;0;6;9;3;64;0;0;1;2;1;2;1;2;1;2;0;0;;;;;0;0;0;0;0;0
17.12.2024;15:00;A110;1;1;1;3;3;9;8;0;0;0;0;1;2;0;0;0;0;0;0;;;;;0;0;0;0;0;0
17.12.2024;14:59;A110;1;1;1;3;4;3;4;1;2;0;0;0;0;0;0;0;0;0;0;;;;;0;0;0;0;0;0
17.12.2024;14:58;A110;1;2;1;3;3;4;38;0;0;0;0;0;0;1;2;0;0;0;0;;;;;0;0;0;0;0;0
17.12.2024;14:57;A110;1;1;1;1;25;8;11;0;0;0;0;1;2;1;2;0;0;0;0;;;;;0;0;0;0;0;0
17.12.2024;14:56;A110;1;1;0;7;34;9;15;0;0;0;0;1;2;0;0;0;0;0;0;;;;;0;0;0;0;0;0
17.12.2024;14:55;A110;1;0;0;6;31;8;24;0;0;0;0;0;0;0;0;0;0;0;0;;;;;0;0;0;0;0;0
17.12.2024;14:54;A110;1;1;2;2;3;5;7;0;0;1;2;0;0;0;0;0;0;0;0;;;;;0;0;0;0;0;0
17.12.2024;14:53;A110;1;2;1;5;11;5;30;1;2;0;0;0;0;0;0;0;0;0;0;;;;;0;0;0;0;0;0
17.12.2024;14:52;A110;1;0;0;7;14;4;5;0;0;0;0;0;0;0;0;0;0;0;0;;;;;0;0;0;0;0;0
17.12.2024;14:51;A110;1;1;1;2;4;9;16;0;0;1;2;0;0;0;0;0;0;0;0;;;;;0;0;0;0;0;0
17.12.2024;14:50;A110;1;1;1;6;22;4;55;0;0;0;0;0;0;0;0;0;0;0;0;;;;;0;0;0;0;0;0
17.12.2024;14:49;A110;1;3;4;4;7;4;15;1;2;1;2;0;0;0;0;0;0;0;0;;;;;0;0;0;0;0;0
17.12.2024;14:48;A110;1;0;0;5;6;4;55;1;2;0;0;0;0;0;0;0;0;0;0;;;;;0;0;0;0;0;0
17.12.2024;14:47;A110;1;3;4;10;24;9;32;0;0;0;0;0;0;1;2;0;0;0;0;;;;;0;0;0;0;0;0
17.12.2024;14:46;A110;1;1;2;5;11;4;6;0;0;1;2;1;2;0;0;0;0;0;0;;;;;0;0;0;0;0;0
17.12.2024;14:45;A110;1;2;2;6;10;4;10;1;2;1;2;0;0;0;0;0;0;0;0;;;;;0;0;0;0;0;0
17.12.2024;14:44;A110;1;0;0;4;15;10;16;0;0;0;0;0;0;1;2;0;0;0;0;;;;;0;0;0;0;0;0
17.12.2024;14:43;A110;1;2;3;0;0;8;21;1;2;0;0;1;2;1;2;0;0;1;2;;;;;0;0;0;0;0;0
17.12.2024;14:42;A110;1;1;1;0;0;4;24;0;0;0;0;2;3;1;2;1;2;0;0;;;;;0;0;0;0;0;0
17.12.2024;14:41;A110;1;1;2;3;5;5;6;0;0;0;0;0;0;0;0;0;0;0;0;;;;;0;0;0;0;0;0
17.12.2024;14:40;A110;1;2;4;5;42;9;23;0;0;0;0;0;0;0;0;0;0;0;0;;;;;0;0;0;0;0;0
17.12.2024;14:39;A110;1;1;2;5;8;7;10;0;0;1;2;0;0;0;0;0;0;0;0;;;;;0;0;0;0;0;0
17.12.2024;14:38;A110;1;0;0;1;1;6;14;1;2;0;0;0;0;1;2;0;0;0;0;;;;;0;0;0;0;0;0
17.12.2024;14:37;A110;1;1;1;4;8;3;24;0;0;0;0;1;2;0;0;0;0;0;0;;;;;0;0;0;0;0;0
17.12.2024;14:36;A110;1;0;0;4;25;5;33;0;0;0;0;0;0;0;0;0;0;0;0;;;;;0;0;0;0;0;0
17.12.2024;14:35;A110;1;3;4;2;4;7;23;0;0;0;0;0;0;0;0;0;0;0;0;;;;;0;0;0;0;0;0
17.12.2024;14:34;A110;1;0;0;3;4;8;30;0;0;0;0;0;0;0;0;0;0;0;0;;;;;0;0;0;0;0;0
17.12.2024;14:33;A110;1;0;0;1;0;8;27;0;0;0;0;0;0;0;0;0;0;0;0;;;;;0;0;0;0;0;0
17.12.2024;14:32;A110;1;1;0;4;6;6;9;0;0;0;0;0;0;0;0;0;0;0;0;;;;;0;0;0;0;0;0
17.12.2024;14:31;A110;1;2;3;6;42;5;13;0;0;0;0;0;0;0;0;0;0;0;0;;;;;0;0;0;0;0;0
17.12.2024;14:30;A110;1;1;1;0;0;3;6;0;0;0;0;0;0;0;0;0;0;0;0;;;;;0;0;0;0;0;0
17.12.2024;14:29;A110;1;0;0;3;29;5;10;1;2;1;2;0;0;0;0;0;0;0;0;;;;;0;0;0;0;0;0
17.12.2024;14:28;A110;1;0;0;4;13;6;6;0;0;0;0;0;0;0;0;0;0;0;0;;;;;0;0;0;0;0;0
17.12.2024;14:27;A110;1;1;2;1;2;5;20;1;2;0;0;0;0;0;0;0;0;0;0;;;;;0;0;0;0;0;0
17.12.2024;14:26;A110;1;1;1;4;6;3;28;0;0;0;0;0;0;1;2;0;0;0;0;;;;;0;0;0;0;0;0
17.12.2024;14:25;A110;1;2;1;4;5;6;7;0;0;0;0;1;2;0;0;0;0;0;0;;;;;0;0;0;0;0;0
17.12.2024;14:24;A110;1;3;5;8;44;4;5;0;0;1;2;0;0;1;2;0;0;0;0;;;;;0;0;0;0;0;0
17.12.2024;14:23;A110;1;0;0;0;0;6;32;1;2;0;0;1;2;0;0;0;0;0;0;;;;;0;0;0;0;0;0
17.12.2024;14:22;A110;1;1;1;5;66;4;14;0;0;0;0;0;0;1;2;1;2;1;2;;;;;0;0;0;0;0;0
17.12.2024;14:21;A110;1;4;5;5;9;11;48;0;0;0;0;1;2;0;0;0;0;0;0;;;;;0;0;0;0;0;0
17.12.2024;14:20;A110;1;1;2;4;63;6;19;0;0;0;0;0;0;0;0;0;0;0;0;;;;;0;0;0;0;0;0
17.12.2024;14:19;A110;1;2;2;7;55;6;7;0;0;1;2;0;0;0;0;0;0;0;0;;;;;0;0;0;0;0;0
17.12.2024;14:18;A110;1;0;0;2;3;6;6;1;2;0;0;0;0;0;0;0;0;0;0;;;;;0;0;0;0;0;0
17.12.2024;14:17;A110;1;2;3;1;1;8;11;0;0;0;0;0;0;0;0;0;0;0;0;;;;;0;0;0;0;0;0
17.12.2024;14:16;A110;1;5;6;5;6;3;36;0;0;0;0;0;0;1;2;0;0;0;0;;;;;0;0;0;0;0;0
17.12.2024;14:15;A110;1;2;18;5;15;8;60;0;0;1;2;1;2;0;0;0;0;0;0;;;;;0;0;0;0;0;0
17.12.2024;14:14;A110;1;3;5;4;4;4;8;0;0;0;0;0;0;0;0;0;0;0;0;;;;;0;0;0;0;0;0
17.12.2024;14:13;A110;1;1;1;2;3;10;28;1;2;0;0;0;0;0;0;0;0;0;0;;;;;0;0;0;0;0;0
17.12.2024;14:12;A110;1;0;0;4;10;9;58;0;0;0;0;1;2;1;2;0;0;0;0;;;;;0;0;0;0;0;0
17.12.2024;14:11;A110;1;1;1;2;3;2;41;0;0;1;2;0;0;0;0;0;0;0;0;;;;;0;0;0;0;0;0
17.12.2024;14:10;A110;1;1;2;6;39;8;22;1;2;1;2;0;0;0;0;0;0;0;0;;;;;0;0;0;0;0;0
17.12.2024;14:09;A110;1;1;0;3;4;2;4;1;2;0;0;0;0;0;0;0;0;0;0;;;;;0;0;0;0;0;0
17.12.2024;14:08;A110;1;0;0;0;0;3;19;0;0;0;0;0;0;1;2;0;0;0;0;;;;;0;0;0;0;0;0
17.12.2024;14:07;A110;1;1;1;3;5;3;5;0;0;1;2;1;2;1;2;0;0;0;0;;;;;0;0;0;0;0;0
17.12.2024;14:06;A110;1;0;0;3;4;6;52;1;2;0;0;0;0;0;0;0;0;0;0;;;;;0;0;0;0;0;0
17.12.2024;14:05;A110;1;2;3;2;3;7;14;0;0;0;0;1;2;0;0;0;0;0;0;;;;;0;0;0;0;0;0
17.12.2024;14:04;A110;1;0;0;4;7;9;12;0;0;0;0;0;0;1;2;0;0;0;0;;;;;0;0;0;0;0;0
17.12.2024;14:03;A110;1;2;2;3;3;4;4;0;0;0;0;1;2;1;2;1;2;1;2;;;;;0;0;0;0;0;0
17.12.2024;14:02;A110;1;2;2;4;6;5;7;0;0;0;0;1;2;0;0;0;0;0;0;;;;;0;0;0;0;0;0
17.12.2024;14:01;A110;1;2;2;3;4;8;10;0;0;0;0;0;0;0;0;0;0;0;0;;;;;0;0;0;0;0;0
17.12.2024;14:00;A110;1;2;3;3;3;2;1;0;0;0;0;0;0;0;0;0;0;0;0;;;;;0;0;0;0;0;0
17.12.2024;13:59;A110;1;0;0;0;0;4;7;0;0;0;0;0;0;0;0;0;0;0;0;;;;;0;0;0;0;0;0
17.12.2024;13:58;A110;1;1;1;5;5;9;18;0;0;0;0;0;0;0;0;0;0;0;0;;;;;0;0;0;0;0;0
17.12.2024;13:57;A110;1;0;0;2;2;6;73;0;0;0;0;0;0;0;0;0;0;0;0;;;;;0;0;0;0;0;0
17.12.2024;13:56;A110;1;1;1;2;4;5;8;0;0;0;0;0;0;0;0;0;0;0;0;;;;;0;0;0;0;0;0
17.12.2024;13:55;A110;1;1;1;7;9;8;13;0;0;1;2;0;0;0;0;0;0;0;0;;;;;0;0;0;0;0;0
17.12.2024;13:54;A110;1;2;4;6;38;6;9;1;2;0;0;0;0;0;0;0;0;0;0;;;;;0;0;0;0;0;0
17.12.2024;13:53;A110;1;1;2;3;5;7;25;0;0;0;0;1;2;1;2;0;0;0;0;;;;;0;0;0;0;0;0
17.12.2024;13:52;A110;1;0;0;1;2;7;7;0;0;0;0;0;0;0;0;0;0;0;0;;;;;0;0;0;0;0;0
17.12.2024;13:51;A110;1;4;7;11;35;8;11;0;0;0;0;0;0;0;0;0;0;0;0;;;;;0;0;0;0;0;0
17.12.2024;13:50;A110;1;2;3;4;17;4;7;0;0;1;2;0;0;0;0;0;0;0;0;;;;;0;0;0;0;0;0
17.12.2024;13:49;A110;1;0;0;2;2;2;4;1;2;0;0;0;0;0;0;0;0;0;0;;;;;0;0;0;0;0;0
17.12.2024;13:48;A110;1;5;5;5;14;4;5;0;0;0;0;0;0;0;0;0;0;0;0;;;;;0;0;0;0;0;0
17.12.2024;13:47;A110;1;0;0;3;7;6;8;0;0;0;0;0;0;0;0;0;0;0;0;;;;;0;0;0;0;0;0
17.12.2024;13:46;A110;1;2;2;4;15;4;12;0;0;0;0;1;2;1;2;0;0;0;0;;;;;0;0;0;0;0;0
17.12.2024;13:45;A110;1;2;9;4;15;3;7;0;0;0;0;0;0;0;0;0;0;0;0;;;;;0;0;0;0;0;0
17.12.2024;13:44;A110;1;1;1;3;5;6;11;0;0;1;2;0;0;1;2;0;0;0;0;;;;;0;0;0;0;0;0
17.12.2024;13:43;A110;1;1;1;1;1;6;50;1;2;0;0;1;2;0;0;0;0;0;0;;;;;0;0;0;0;0;0
17.12.2024;13:42;A110;1;0;0;2;4;9;17;0;0;0;0;0;0;0;0;0;0;1;2;;;;;0;0;0;0;0;0
17.12.2024;13:41;A110;1;0;0;2;2;3;3;0;0;0;0;1;2;1;2;1;2;0;0;;;;;0;0;0;0;0;0
17.12.2024;13:40;A110;1;2;3;1;1;6;22;0;0;0;0;1;2;1;2;0;0;0;0;;;;;0;0;0;0;0;0
17.12.2024;13:39;A110;1;1;2;7;24;4;42;0;0;0;0;0;0;0;0;0;0;0;0;;;;;0;0;0;0;0;0
17.12.2024;13:38;A110;1;0;0;4;30;5;12;0;0;1;2;0;0;0;0;0;0;0;0;;;;;0;0;0;0;0;0
17.12.2024;13:37;A110;1;1;0;1;2;8;11;1;2;0;0;0;0;0;0;0;0;0;0;;;;;0;0;0;0;0;0
17.12.2024;13:36;A110;1;2;3;4;8;10;16;0;0;0;0;0;0;0;0;0;0;0;0;;;;;0;0;0;0;0;0
17.12.2024;13:35;A110;1;0;0;3;6;3;4;0;0;1;2;0;0;0;0;0;0;0;0;;;;;0;0;0;0;0;0
17.12.2024;13:34;A110;1;1;1;1;1;5;6;1;2;0;0;0;0;0;0;0;0;0;0;;;;;0;0;0;0;0;0
17.12.2024;13:33;A110;1;2;3;6;7;5;17;0;0;0;0;1;2;1;2;0;0;0;0;;;;;0;0;0;0;0;0
17.12.2024;13:32;A110;1;0;0;1;1;8;11;0;0;0;0;0;0;0;0;0;0;0;0;;;;;0;0;0;0;0;0
17.12.2024;13:31;A110;1;1;1;1;1;7;10;0;0;0;0;0;0;0;0;0;0;0;0;;;;;0;0;0;0;0;0
17.12.2024;13:30;A110;1;1;2;6;16;5;6;0;0;1;2;0;0;0;0;0;0;0;0;;;;;0;0;0;0;0;0
17.12.2024;13:29;A110;1;0;0;1;1;2;32;1;2;0;0;0;0;1;2;0;0;0;0;;;;;0;0;0;0;0;0
17.12.2024;13:28;A110;1;2;4;2;4;12;25;0;0;0;0;1;2;0;0;0;0;0;0;;;;;0;0;0;0;0;0
17.12.2024;13:27;A110;1;1;1;3;4;3;14;0;0;0;0;0;0;1;2;0;0;0;0;;;;;0;0;0;0;0;0
17.12.2024;13:26;A110;1;2;2;3;7;2;2;0;0;1;2;1;2;0;0;0;0;1;2;;;;;0;0;0;0;0;0
17.12.2024;13:25;A110;1;4;2;7;8;2;2;0;0;0;0;1;2;1;2;1;2;0;0;;;;;0;0;0;0;0;0
17.12.2024;13:24;A110;1;1;0;2;2;3;3;1;2;0;0;0;0;0;0;0;0;0;0;;;;;0;0;0;0;0;0
17.12.2024;13:23;A110;1;4;4;2;2;7;13;0;0;0;0;0;0;0;0;0;0;0;0;;;;;0;0;0;0;0;0
17.12.2024;13:22;A110;1;0;0;3;18;7;16;0;0;0;0;0;0;0;0;0;0;0;0;;;;;0;0;0;0;0;0
17.12.2024;13:21;A110;1;2;4;4;9;3;74;0;0;0;0;0;0;0;0;0;0;0;0;;;;;0;0;0;0;0;0
17.12.2024;13:20;A110;1;1;1;2;3;7;62;0;0;0;0;0;0;0;0;0;0;0;0;;;;;0;0;0;0;0;0
17.12.2024;13:19;A110;1;1;1;5;6;8;20;0;0;1;2;0;0;0;0;0;0;0;0;;;;;0;0;0;0;0;0
17.12.2024;13:18;A110;1;0;0;3;10;9;20;1;2;0;0;0;0;1;2;0;0;0;0;;;;;0;0;0;0;0;0
17.12.2024;13:17;A110;1;3;2;7;14;5;7;0;0;0;0;1;2;0;0;0;0;0;0;;;;;0;0;0;0;0;0
17.12.2024;13:16;A110;1;1;5;7;24;4;7;0;0;1;2;0;0;0;0;0;0;0;0;;;;;0;0;0;0;0;0
17.12.2024;13:15;A110;1;0;0;6;14;10;59;0;0;1;2;0;0;0;0;0;0;0;0;;;;;0;0;0;0;0;0
17.12.2024;13:14;A110;1;1;1;1;1;4;85;1;2;0;0;0;0;0;0;0;0;0;0;;;;;0;0;0;0;0;0
17.12.2024;13:13;A110;1;0;0;0;0;4;61;1;2;1;2;0;0;0;0;0;0;0;0;;;;;0;0;0;0;0;0
17.12.2024;13:12;A110;1;0;0;4;10;3;40;1;2;0;0;0;0;1;2;0;0;0;0;;;;;0;0;0;0;0;0
17.12.2024;13:11;A110;1;0;0;5;9;5;10;0;0;0;0;0;0;0;0;0;0;0;0;;;;;0;0;0;0;0;0
17.12.2024;13:10;A110;1;3;3;7;64;7;45;0;0;1;2;0;0;0;0;0;0;0;0;;;;;0;0;0;0;0;0
17.12.2024;13:09;A110;1;1;3;6;10;9;25;1;2;0;0;0;0;0;0;0;0;0;0;;;;;0;0;0;0;0;0
17.12.2024;13:08;A110;1;1;1;3;3;7;13;0;0;0;0;0;0;0;0;0;0;0;0;;;;;0;0;0;0;0;0
17.12.2024;13:07;A110;1;1;2;0;0;6;22;0;0;0;0;0;0;1;2;0;0;0;0;;;;;0;0;0;0;0;0
17.12.2024;13:06;A110;1;1;1;1;2;5;62;0;0;0;0;1;2;0;0;0;0;0;0;;;;;0;0;0;0;0;0
17.12.2024;13:05;A110;1;1;1;5;26;3;5;0;0;0;0;0;0;0;0;0;0;0;0;;;;;0;0;0;0;0;0
17.12.2024;13:04;A110;1;0;0;5;29;3;5;0;0;1;2;0;0;0;0;0;0;0;0;;;;;0;0;0;0;0;0
17.12.2024;13:03;A110;1;1;1;2;3;6;7;1;2;0;0;0;0;0;0;0;0;0;0;;;;;0;0;0;0;0;0
17.12.2024;13:02;A110;1;1;1;4;8;5;6;0;0;0;0;0;0;1;2;0;0;0;0;;;;;0;0;0;0;0;0
17.12.2024;13:01;A110;1;1;1;3;3;3;18;0;0;0;0;1;2;0;1;1;2;1;2;;;;;0;0;0;0;0;0
17.12.2024;13:00;A110;1;3;3;2;2;5;5;0;0;0;0;1;2;1;0;0;0;0;0;;;;;0;0;0;0;0;0
17.12.2024;12:59;A110;1;2;2;1;1;5;8;0;0;0;0;0;0;0;0;0;0;0;0;;;;;0;0;0;0;0;0
17.12.2024;12:58;A110;1;1;0;4;5;5;16;0;0;1;2;0;0;0;0;0;0;0;0;;;;;0;0;0;0;0;0
17.12.2024;12:57;A110;1;1;2;7;24;4;13;1;2;0;0;1;2;1;2;0;0;0;0;;;;;0;0;0;0;0;0
17.12.2024;12:56;A110;1;2;1;9;13;7;7;0;0;0;0;0;0;0;0;0;0;0;0;;;;;0;0;0;0;0;0
17.12.2024;12:55;A110;1;0;0;5;13;4;59;0;0;1;2;0;0;0;0;0;0;0;0;;;;;0;0;0;0;0;0
17.12.2024;12:54;A110;1;0;0;4;42;4;7;0;0;0;0;0;0;0;0;0;0;0;0;;;;;0;0;0;0;0;0
17.12.2024;12:53;A110;1;2;3;0;0;6;22;1;2;0;0;0;0;1;2;0;0;0;0;;;;;0;0;0;0;0;0
17.12.2024;12:52;A110;1;0;0;4;8;11;41;0;0;0;0;1;2;0;0;0;0;0;0;;;;;0;0;0;0;0;0
17.12.2024;12:51;A110;1;1;2;0;0;5;8;0;0;0;0;0;0;0;0;0;0;0;0;;;;;0;0;0;0;0;0
17.12.2024;12:50;A110;1;2;3;2;2;2;5;0;0;1;2;0;0;0;0;0;0;0;0;;;;;0;0;0;0;0;0
17.12.2024;12:49;A110;1;1;2;5;8;2;4;0;0;1;2;0;0;1;2;0;0;0;0;;;;;0;0;0;0;0;0
17.12.2024;12:48;A110;1;0;0;3;6;6;67;1;2;1;2;0;0;0;0;0;0;0;0;;;;;0;0;0;0;0;0
17.12.2024;12:47;A110;1;1;1;2;4;5;45;0;0;0;0;0;0;0;0;0;0;0;0;;;;;0;0;0;0;0;0
17.12.2024;12:46;A110;1;1;1;5;28;8;7;0;0;0;0;0;0;0;0;0;0;0;0;;;;;0;0;0;0;0;0
17.12.2024;12:45;A110;1;0;0;2;3;4;5;0;0;0;0;0;0;0;0;0;0;0;0;;;;;0;0;0;0;0;0
17.12.2024;12:44;A110;1;2;38;3;5;2;3;0;0;1;2;0;0;0;0;0;0;0;0;;;;;0;0;0;0;0;0
17.12.2024;12:43;A110;1;2;4;6;7;3;6;1;2;0;0;0;0;1;2;0;0;0;0;;;;;0;0;0;0;0;0
17.12.2024;12:42;A110;1;2;3;8;57;3;7;0;0;0;0;0;0;0;0;0;0;1;2;;;;;0;0;0;0;0;0
17.12.2024;12:41;A110;1;1;1;1;1;4;7;0;0;0;0;0;0;1;2;1;2;0;0;;;;;0;0;0;0;0;0
17.12.2024;12:40;A110;1;3;3;2;2;6;22;0;0;0;0;1;2;0;0;0;0;0;0;;;;;0;0;0;0;0;0
17.12.2024;12:39;A110;1;2;2;2;6;4;78;0;0;1;2;0;0;1;2;0;0;0;0;;;;;0;0;0;0;0;0
17.12.2024;12:38;A110;1;0;0;4;5;10;31;1;2;0;0;1;2;1;2;0;0;0;0;;;;;0;0;0;0;0;0
17.12.2024;12:37;A110;1;2;5;4;8;7;7;0;0;0;0;1;2;0;0;0;0;0;0;;;;;0;0;0;0;0;0
17.12.2024;12:36;A110;1;2;4;3;4;5;23;0;0;0;0;0;0;0;0;0;0;0;0;;;;;0;0;0;0;0;0
17.12.2024;12:35;A110;1;3;8;3;5;8;20;0;0;1;2;0;0;0;0;0;0;0;0;;;;;0;0;0;0;0;0
17.12.2024;12:34;A110;1;0;0;1;2;7;23;1;2;0;0;0;0;1;2;0;0;0;0;;;;;0;0;0;0;0;0
17.12.2024;12:33;A110;1;2;2;5;7;7;11;0;0;0;0;1;2;0;0;0;0;0;0;;;;;0;0;0;0;0;0
17.12.2024;12:32;A110;1;0;0;0;0;8;18;0;0;0;0;0;0;0;0;0;0;0;0;;;;;0;0;0;0;0;0
17.12.2024;12:31;A110;1;2;2;3;4;6;9;0;0;0;0;0;0;0;0;0;0;0;0;;;;;0;0;0;0;0;0
17.12.2024;12:30;A110;1;1;1;4;8;1;25;0;0;1;2;0;0;0;0;0;0;0;0;;;;;0;0;0;0;0;0
17.12.2024;12:29;A110;1;4;3;3;3;5;10;0;0;0;0;0;0;0;0;0;0;0;0;;;;;0;0;0;0;0;0
17.12.2024;12:28;A110;1;1;2;1;1;3;63;1;2;1;2;0;0;0;0;0;0;0;0;;;;;0;0;0;0;0;0
17.12.2024;12:27;A110;1;1;2;1;1;7;23;1;2;0;0;0;0;1;2;0;0;0;0;;;;;0;0;0;0;0;0
17.12.2024;12:26;A110;1;0;0;1;1;3;4;0;0;0;0;1;2;0;0;0;0;0;0;;;;;0;0;0;0;0;0
17.12.2024;12:25;A110;1;1;1;7;19;2;45;0;0;0;0;0;0;1;2;0;0;0;0;;;;;0;0;0;0;0;0
17.12.2024;12:24;A110;1;0;19;5;8;4;21;0;0;1;2;1;2;0;0;0;0;0;0;;;;;0;0;0;0;0;0
17.12.2024;12:23;A110;1;2;6;3;6;8;20;1;2;0;0;0;0;0;0;0;0;0;0;;;;;0;0;0;0;0;0
17.12.2024;12:22;A110;1;1;1;5;5;10;68;0;0;0;0;0;0;0;0;0;0;1;2;;;;;0;0;0;0;0;0
17.12.2024;12:21;A110;1;1;1;5;39;3;68;0;0;0;0;0;0;0;0;1;2;0;0;;;;;0;0;0;0;0;0
17.12.2024;12:20;A110;1;2;1;6;29;7;10;0;0;0;0;1;2;1;2;0;0;0;0;;;;;0;0;0;0;0;0
17.12.2024;12:19;A110;1;2;2;1;1;5;30;0;0;0;0;0;0;0;0;0;0;0;0;;;;;0;0;0;0;0;0
17.12.2024;12:18;A110;1;2;3;6;28;3;79;0;0;1;2;0;0;1;2;0;0;0;0;;;;;0;0;0;0;0;0
17.12.2024;12:17;A110;1;3;8;3;7;4;55;1;2;0;0;1;2;0;0;0;0;0;0;;;;;0;0;0;0;0;0
17.12.2024;12:16;A110;1;0;0;3;6;6;9;0;0;1;2;0;0;0;0;0;0;0;0;;;;;0;0;0;0;0;0
17.12.2024;12:15;A110;1;1;1;3;4;5;4;0;0;0;0;0;0;0;0;0;0;0;0;;;;;0;0;0;0;0;0
17.12.2024;12:14;A110;1;1;2;1;1;5;8;1;2;0;0;0;0;0;0;0;0;0;0;;;;;0;0;0;0;0;0
17.12.2024;12:13;A110;1;2;2;5;31;4;5;0;0;0;0;0;0;0;0;0;0;0;0;;;;;0;0;0;0;0;0
17.12.2024;12:12;A110;1;0;0;1;3;4;31;0;0;0;0;0;0;1;2;0;0;0;0;;;;;0;0;0;0;0;0
17.12.2024;12:11;A110;1;2;3;4;7;5;10;0;0;0;0;1;2;0;0;0;0;0;0;;;;;0;0;0;0;0;0
17.12.2024;12:10;A110;1;1;0;4;4;7;12;0;0;0;0;0;0;0;0;0;0;0;0;;;;;0;0;0;0;0;0
17.12.2024;12:09;A110;1;2;3;0;0;6;11;0;0;0;0;0;0;0;0;0;0;0;0;;;;;0;0;0;0;0;0
17.12.2024;12:08;A110;1;2;3;3;6;5;16;0;0;1;2;0;0;0;0;0;0;0;0;;;;;0;0;0;0;0;0
17.12.2024;12:07;A110;1;1;1;3;4;4;46;1;2;0;0;1;2;1;2;0;0;0;0;;;;;0;0;0;0;0;0
17.12.2024;12:06;A110;1;1;0;2;1;4;5;0;0;0;0;0;0;1;2;0;0;0;0;;;;;0;0;0;0;0;0
17.12.2024;12:05;A110;1;0;0;3;6;4;6;0;0;1;2;1;2;0;0;0;0;0;0;;;;;0;0;0;0;0;0
17.12.2024;12:04;A110;1;1;1;3;64;3;15;1;2;0;0;0;0;0;0;0;0;0;0;;;;;0;0;0;0;0;0
17.12.2024;12:03;A110;1;2;3;4;67;9;13;0;0;0;0;0;0;0;0;0;0;1;2;;;;;0;0;0;0;0;0
17.12.2024;12:02;A110;1;1;1;7;18;3;5;0;0;1;2;0;0;0;0;0;0;0;0;;;;;0;0;0;0;0;0
17.12.2024;12:01;A110;1;1;1;1;3;5;33;1;2;0;0;1;2;1;2;1;2;0;0;;;;;0;0;0;0;0;0
17.12.2024;12:00;A110;1;2;3;1;2;8;18;0;0;0;0;0;0;0;0;0;0;0;0;;;;;0;0;0;0;0;0
17.12.2024;11:59;A110;1;0;0;1;2;5;8;0;0;0;0;0;0;0;0;0;0;0;0;;;;;0;0;0;0;0;0
17.12.2024;11:58;A110;1;1;1;5;4;6;8;0;0;0;0;0;0;1;2;0;0;0;0;;;;;0;0;0;0;0;0
17.12.2024;11:57;A110;1;1;1;0;0;6;12;0;0;0;0;1;2;0;0;0;0;0;0;;;;;0;0;0;0;0;0
17.12.2024;11:56;A110;1;1;1;6;10;2;5;0;0;0;0;0;0;0;0;0;0;0;0;;;;;0;0;0;0;0;0
17.12.2024;11:55;A110;1;5;10;6;22;0;0;0;0;0;0;0;0;0;0;0;0;0;0;;;;;0;0;0;0;0;0
17.12.2024;11:54;A110;1;1;1;5;36;6;9;0;0;1;2;0;0;0;0;0;0;0;0;;;;;0;0;0;0;0;0
17.12.2024;11:53;A110;1;3;4;2;8;5;15;1;2;0;0;0;0;0;0;0;0;0;0;;;;;0;0;0;0;0;0
17.12.2024;11:52;A110;1;0;0;3;6;7;44;0;0;0;0;1;2;1;2;0;0;0;0;;;;;0;0;0;0;0;0
17.12.2024;11:51;A110;1;0;0;4;46;4;23;0;0;0;0;0;0;0;0;0;0;0;0;;;;;0;0;0;0;0;0
17.12.2024;11:50;A110;1;0;0;8;45;4;61;0;0;0;0;0;0;0;0;0;0;0;0;;;;;0;0;0;0;0;0
17.12.2024;11:49;A110;1;1;1;1;1;3;10;0;0;1;2;0;0;0;0;0;0;0;0;;;;;0;0;0;0;0;0
17.12.2024;11:48;A110;1;3;4;2;3;5;7;1;2;0;0;0;0;0;0;0;0;0;0;;;;;0;0;0;0;0;0
17.12.2024;11:47;A110;1;1;3;1;2;6;47;0;0;0;0;0;0;0;0;0;0;0;0;;;;;0;0;0;0;0;0
17.12.2024;11:46;A110;1;2;2;6;8;6;19;0;0;0;0;0;0;1;2;0;0;0;0;;;;;0;0;0;0;0;0
17.12.2024;11:45;A110;1;1;2;6;19;5;36;0;0;0;0;0;0;0;0;0;0;1;2;;;;;0;0;0;0;0;0
17.12.2024;11:44;A110;1;2;3;3;6;8;29;0;0;1;2;1;2;1;2;1;2;0;0;;;;;0;0;0;0;0;0
17.12.2024;11:43;A110;1;1;2;2;3;5;45;1;2;0;0;1;2;0;0;0;0;0;0;;;;;0;0;0;0;0;0
17.12.2024;11:42;A110;1;1;1;1;2;6;72;0;0;0;0;0;0;1;2;0;0;0;0;;;;;0;0;0;0;0;0
17.12.2024;11:41;A110;1;1;2;6;27;6;28;0;0;1;2;1;2;0;0;0;0;0;0;;;;;0;0;0;0;0;0
17.12.2024;11:40;A110;1;0;0;3;4;5;13;0;0;0;0;0;0;0;0;0;0;0;0;;;;;0;0;0;0;0;0
17.12.2024;11:39;A110;1;1;1;1;3;5;9;1;2;0;0;0;0;0;0;0;0;0;0;;;;;0;0;0;0;0;0
17.12.2024;11:38;A110;1;0;0;2;3;5;9;0;0;0;0;0;0;0;0;0;0;0;0;;;;;0;0;0;0;0;0
17.12.2024;11:37;A110;1;1;1;4;5;7;15;0;0;0;0;0;0;1;2;0;0;0;0;;;;;0;0;0;0;0;0
17.12.2024;11:36;A110;1;1;0;5;5;4;4;0;0;0;0;1;2;0;0;0;0;0;0;;;;;0;0;0;0;0;0
17.12.2024;11:35;A110;1;4;5;5;6;2;21;0;0;0;0;0;0;0;0;0;0;0;0;;;;;0;0;0;0;0;0
17.12.2024;11:34;A110;1;0;0;4;7;7;37;0;0;1;2;0;0;0;0;0;0;0;0;;;;;0;0;0;0;0;0
17.12.2024;11:33;A110;1;1;1;0;0;3;22;1;2;0;0;1;2;1;2;0;0;0;0;;;;;0;0;0;0;0;0
17.12.2024;11:32;A110;1;1;1;4;6;8;27;0;0;0;0;0;0;0;0;0;0;0;0;;;;;0;0;0;0;0;0
17.12.2024;11:31;A110;1;3;4;6;9;5;16;0;0;0;0;0;0;0;0;0;0;0;0;;;;;0;0;0;0;0;0
17.12.2024;11:30;A110;1;4;2;9;11;6;6;0;0;1;2;0;0;0;0;0;0;0;0;;;;;0;0;0;0;0;0
17.12.2024;11:29;A110;1;1;1;0;0;5;7;1;2;0;0;0;0;0;0;0;0;0;0;;;;;0;0;0;0;0;0
17.12.2024;11:28;A110;1;0;0;1;1;3;40;0;0;1;2;1;2;0;0;0;0;0;0;;;;;0;0;0;0;0;0
17.12.2024;11:27;A110;1;1;2;5;24;1;1;1;2;0;0;0;0;0;0;0;0;0;0;;;;;0;0;0;0;0;0
17.12.2024;11:26;A110;1;1;1;4;21;6;23;0;0;0;0;0;0;0;0;0;0;0;0;;;;;0;0;0;0;0;0
17.12.2024;11:25;A110;1;0;0;5;6;4;68;0;0;1;2;0;0;0;0;0;0;0;0;;;;;0;0;0;0;0;0
17.12.2024;11:24;A110;1;1;1;2;2;4;46;1;2;0;0;0;0;0;0;0;0;0;0;;;;;0;0;0;0;0;0
17.12.2024;11:23;A110;1;0;0;1;1;6;62;0;0;0;0;0;0;0;0;0;0;0;0;;;;;0;0;0;0;0;0
17.12.2024;11:22;A110;1;1;1;3;47;5;62;0;0;0;0;0;0;1;2;0;0;1;2;;;;;0;0;0;0;0;0
17.12.2024;11:21;A110;1;1;0;4;7;3;15;0;0;1;2;1;2;1;2;1;2;0;0;;;;;0;0;0;0;0;0
17.12.2024;11:20;A110;1;1;1;3;5;4;38;1;2;0;0;1;2;0;0;0;0;0;0;;;;;0;0;0;0;0;0
17.12.2024;11:19;A110;1;2;6;3;6;4;10;0;0;0;0;0;0;0;0;0;0;0;0;;;;;0;0;0;0;0;0
17.12.2024;11:18;A110;1;2;1;4;7;6;43;0;0;0;0;0;0;0;0;0;0;0;0;;;;;0;0;0;0;0;0
17.12.2024;11:17;A110;1;1;0;2;5;9;15;0;0;0;0;0;0;0;0;0;0;0;0;;;;;0;0;0;0;0;0
17.12.2024;11:16;A110;1;1;4;3;5;6;9;0;0;1;2;0;0;1;2;0;0;0;0;;;;;0;0;0;0;0;0
17.12.2024;11:15;A110;1;2;4;0;0;7;9;1;2;0;0;1;2;0;0;0;0;0;0;;;;;0;0;0;0;0;0
17.12.2024;11:14;A110;1;0;0;3;3;8;12;0;0;0;0;0;0;0;0;0;0;0;0;;;;;0;0;0;0;0;0
17.12.2024;11:13;A110;1;3;3;1;1;7;11;0;0;0;0;0;0;1;2;0;0;0;0;;;;;0;0;0;0;0;0
17.12.2024;11:12;A110;1;1;2;1;3;6;25;0;0;0;0;1;2;0;0;0;0;0;0;;;;;0;0;0;0;0;0
17.12.2024;11:11;A110;1;3;5;2;20;6;8;0;0;0;0;0;0;0;0;0;0;0;0;;;;;0;0;0;0;0;0
17.12.2024;11:10;A110;1;2;1;10;41;5;24;0;0;1;2;0;0;0;0;0;0;0;0;;;;;0;0;0;0;0;0
17.12.2024;11:09;A110;1;0;0;2;2;5;62;1;2;1;2;0;0;0;0;0;0;0;0;;;;;0;0;0;0;0;0
17.12.2024;11:08;A110;1;3;3;4;5;6;24;1;2;1;2;0;0;0;0;0;0;0;0;;;;;0;0;0;0;0;0
17.12.2024;11:07;A110;1;1;2;1;2;5;76;0;0;0;0;0;0;1;2;0;0;0;0;;;;;0;0;0;0;0;0
17.12.2024;11:06;A110;1;4;6;7;31;5;30;0;0;0;0;1;2;0;0;0;0;0;0;;;;;0;0;0;0;0;0
17.12.2024;11:05;A110;1;0;0;7;22;5;7;0;0;0;0;0;0;1;2;0;0;0;0;;;;;0;0;0;0;0;0
17.12.2024;11:04;A110;1;3;4;5;31;6;12;0;0;0;0;0;0;0;0;0;0;0;0;;;;;0;0;0;0;0;0
17.12.2024;11:03;A110;1;1;2;2;3;6;13;0;0;0;0;1;2;0;0;0;0;1;2;;;;;0;0;0;0;0;0
17.12.2024;11:02;A110;1;0;0;1;1;4;34;0;0;0;0;0;0;1;2;1;2;0;0;;;;;0;0;0;0;0;0
17.12.2024;11:01;A110;1;0;0;9;26;3;4;0;0;0;0;1;2;0;0;0;0;0;0;;;;;0;0;0;0;0;0
17.12.2024;11:00;A110;1;0;0;4;16;4;10;0;0;0;0;0;0;0;0;0;0;0;0;;;;;0;0;0;0;0;0
17.12.2024;10:59;A110;1;1;2;1;2;4;13;0;0;1;2;0;0;0;0;0;0;0;0;;;;;0;0;0;0;0;0
17.12.2024;10:58;A110;1;2;1;0;0;10;13;1;2;0;0;0;0;0;0;0;0;0;0;;;;;0;0;0;0;0;0
17.12.2024;10:57;A110;1;2;2;2;2;9;13;0;0;0;0;0;0;0;0;0;0;0;0;;;;;0;0;0;0;0;0
17.12.2024;10:56;A110;1;1;3;1;2;7;48;0;0;0;0;0;0;1;2;0;0;0;0;;;;;0;0;0;0;0;0
17.12.2024;10:55;A110;1;2;3;1;1;4;47;0;0;1;2;1;2;0;0;0;0;0;0;;;;;0;0;0;0;0;0
17.12.2024;10:54;A110;1;0;0;1;3;7;27;1;2;0;0;0;0;0;0;0;0;0;0;;;;;0;0;0;0;0;0
17.12.2024;10:53;A110;1;1;1;5;7;5;8;0;0;0;0;0;0;0;0;0;0;0;0;;;;;0;0;0;0;0;0
17.12.2024;10:52;A110;1;2;3;2;4;8;25;0;0;0;0;0;0;0;0;0;0;0;0;;;;;0;0;0;0;0;0
17.12.2024;10:51;A110;1;0;0;4;5;5;10;0;0;1;2;1;2;1;2;0;0;0;0;;;;;0;0;0;0;0;0
17.12.2024;10:50;A110;1;5;4;7;10;4;6;0;0;1;2;0;0;0;0;0;0;0;0;;;;;0;0;0;0;0;0
17.12.2024;10:49;A110;1;1;1;2;3;5;7;1;2;0;0;0;1;1;2;0;0;0;0;;;;;0;0;0;0;0;0
17.12.2024;10:48;A110;1;3;4;7;11;10;19;1;2;0;0;1;0;0;0;0;0;0;0;;;;;0;0;0;0;0;0
17.12.2024;10:47;A110;1;2;1;4;4;3;12;0;0;0;0;0;0;0;0;0;0;0;0;;;;;0;0;0;0;0;0
17.12.2024;10:46;A110;1;1;1;3;9;6;8;0;0;0;0;0;0;0;0;0;0;0;0;;;;;0;0;0;0;0;0
17.12.2024;10:45;A110;1;3;5;8;33;5;6;0;0;0;0;0;0;1;2;0;0;0;0;;;;;0;0;0;0;0;0
17.12.2024;10:44;A110;1;0;0;4;10;2;5;0;0;1;2;1;2;0;0;0;0;0;0;;;;;0;0;0;0;0;0
17.12.2024;10:43;A110;1;1;1;5;6;5;10;1;2;0;0;0;0;0;0;0;0;0;0;;;;;0;0;0;0;0;0
17.12.2024;10:42;A110;1;2;2;3;5;3;10;0;0;0;0;0;0;0;0;0;0;1;2;;;;;0;0;0;0;0;0
17.12.2024;10:41;A110;1;0;0;4;20;4;9;0;0;0;1;0;0;1;2;1;2;0;0;;;;;0;0;0;0;0;0
17.12.2024;10:40;A110;1;1;2;0;0;4;5;0;0;1;0;1;2;0;0;0;0;0;0;;;;;0;0;0;0;0;0
17.12.2024;10:39;A110;1;2;1;5;7;3;23;1;2;0;0;0;0;0;0;0;0;0;0;;;;;0;0;0;0;0;0
17.12.2024;10:38;A110;1;4;3;8;9;5;11;0;0;0;0;0;0;0;2;0;0;0;0;;;;;0;0;0;0;0;0
17.12.2024;10:37;A110;1;0;0;2;2;4;5;0;0;0;0;1;2;1;0;0;0;0;0;;;;;0;0;0;0;0;0
17.12.2024;10:36;A110;1;2;2;1;2;7;65;0;0;0;0;0;0;0;0;0;0;0;0;;;;;0;0;0;0;0;0
17.12.2024;10:35;A110;1;2;1;6;8;7;11;0;0;1;2;0;0;0;0;0;0;0;0;;;;;0;0;0;0;0;0
17.12.2024;10:34;A110;1;2;2;3;3;5;35;1;2;0;0;0;0;0;0;0;0;0;0;;;;;0;0;0;0;0;0
17.12.2024;10:33;A110;1;1;2;3;13;5;45;0;0;0;0;0;0;0;0;0;0;0;0;;;;;0;0;0;0;0;0
17.12.2024;10:32;A110;1;1;3;5;60;4;10;0;0;0;0;0;0;1;2;0;0;0;0;;;;;0;0;0;0;0;0
17.12.2024;10:31;A110;1;1;1;4;22;5;10;0;0;0;0;1;2;0;0;0;0;0;0;;;;;0;0;0;0;0;0
17.12.2024;10:30;A110;1;2;2;0;0;6;75;0;0;0;0;0;0;0;0;0;0;0;0;;;;;0;0;0;0;0;0
17.12.2024;10:29;A110;1;0;0;4;6;5;16;0;0;0;0;0;0;0;0;0;0;0;0;;;;;0;0;0;0;0;0
17.12.2024;10:28;A110;1;2;2;5;17;4;6;0;0;1;2;0;0;0;0;0;0;0;0;;;;;0;0;0;0;0;0
17.12.2024;10:27;A110;1;2;3;3;5;3;7;1;2;0;0;0;0;1;2;0;0;0;0;;;;;0;0;0;0;0;0
17.12.2024;10:26;A110;1;0;0;4;8;7;11;0;0;0;0;1;2;0;0;0;0;0;0;;;;;0;0;0;0;0;0
17.12.2024;10:25;A110;1;0;0;5;14;5;44;0;0;1;2;0;0;0;0;0;0;0;0;;;;;0;0;0;0;0;0
17.12.2024;10:24;A110;1;1;1;3;3;4;16;1;2;0;0;0;0;0;0;0;0;0;0;;;;;0;0;0;0;0;0
17.12.2024;10:23;A110;1;1;1;1;1;6;15;0;0;0;0;1;2;1;2;0;0;0;0;;;;;0;0;0;0;0;0
17.12.2024;10:22;A110;1;0;0;3;4;3;3;0;0;0;0;0;0;0;0;0;0;0;0;;;;;0;0;0;0;0;0
17.12.2024;10:21;A110;1;2;2;5;6;7;10;0;0;0;0;0;0;1;2;1;2;1;2;;;;;0;0;0;0;0;0
17.12.2024;10:20;A110;1;1;2;3;5;6;29;0;0;0;0;0;0;1;2;0;0;0;0;;;;;0;0;0;0;0;0
17.12.2024;10:19;A110;1;1;1;6;12;7;15;0;0;0;0;2;3;0;0;0;0;0;0;;;;;0;0;0;0;0;0
17.12.2024;10:18;A110;1;2;1;4;8;5;66;0;0;1;2;0;0;0;0;0;0;0;0;;;;;0;0;0;0;0;0
17.12.2024;10:17;A110;1;1;1;1;1;4;12;1;2;0;0;0;0;0;0;0;0;0;0;;;;;0;0;0;0;0;0
17.12.2024;10:16;A110;1;5;7;8;18;5;5;0;0;0;0;0;0;0;0;0;0;0;0;;;;;0;0;0;0;0;0
17.12.2024;10:15;A110;1;2;2;3;24;5;8;0;0;0;0;0;0;0;0;0;0;0;0;;;;;0;0;0;0;0;0
17.12.2024;10:14;A110;1;1;1;2;3;8;33;0;0;0;0;0;0;0;0;0;0;0;0;;;;;0;0;0;0;0;0
17.12.2024;10:13;A110;1;0;0;6;9;5;48;0;0;1;2;0;0;0;0;0;0;0;0;;;;;0;0;0;0;0;0
17.12.2024;10:12;A110;1;0;0;1;0;4;36;1;2;0;0;0;0;1;2;0;0;0;0;;;;;0;0;0;0;0;0
17.12.2024;10:11;A110;1;0;0;7;9;6;26;0;0;0;0;1;2;0;0;0;0;0;0;;;;;0;0;0;0;0;0
17.12.2024;10:10;A110;1;1;1;6;38;5;5;0;0;1;2;0;0;0;0;0;0;0;0;;;;;0;0;0;0;0;0
17.12.2024;10:09;A110;1;0;0;3;5;5;10;0;0;0;0;0;0;0;0;0;0;0;0;;;;;0;0;0;0;0;0
17.12.2024;10:08;A110;1;2;2;4;6;5;8;1;2;0;0;0;0;1;2;0;0;0;0;;;;;0;0;0;0;0;0
17.12.2024;10:07;A110;1;1;2;5;35;8;21;0;0;0;0;1;2;0;0;0;0;0;0;;;;;0;0;0;0;0;0
17.12.2024;10:06;A110;1;3;8;4;6;4;27;0;0;0;0;0;0;0;0;0;0;0;0;;;;;0;0;0;0;0;0
17.12.2024;10:05;A110;1;1;1;0;0;12;23;0;0;1;2;0;0;0;0;0;0;0;0;;;;;0;0;0;0;0;0
17.12.2024;10:04;A110;1;2;1;2;2;7;9;0;0;0;0;0;0;0;0;0;0;0;0;;;;;0;0;0;0;0;0
17.12.2024;10:03;A110;1;1;2;3;7;4;11;1;2;0;0;1;2;1;2;0;0;0;0;;;;;0;0;0;0;0;0
17.12.2024;10:02;A110;1;1;1;4;28;5;14;0;0;0;0;0;0;0;0;0;0;1;2;;;;;0;0;0;0;0;0
17.12.2024;10:01;A110;1;2;3;1;2;7;8;0;0;0;0;0;0;1;2;1;2;0;0;;;;;0;0;0;0;0;0
17.12.2024;10:00;A110;1;3;3;4;6;10;25;0;0;0;0;1;2;0;0;0;0;0;0;;;;;0;0;0;0;0;0
17.12.2024;09:59;A110;1;2;3;10;32;7;13;0;0;1;2;0;0;0;0;0;0;0;0;;;;;0;0;0;0;0;0
17.12.2024;09:58;A110;1;3;5;1;4;5;7;1;2;0;0;0;0;0;0;0;0;0;0;;;;;0;0;0;0;0;0
17.12.2024;09:57;A110;1;0;0;4;4;2;5;0;0;0;0;0;0;1;2;0;0;0;0;;;;;0;0;0;0;0;0
17.12.2024;09:56;A110;1;3;4;5;24;2;2;0;0;0;0;1;2;0;0;0;0;0;0;;;;;0;0;0;0;0;0
17.12.2024;09:55;A110;1;2;3;4;5;3;39;0;0;0;0;0;0;0;0;0;0;0;0;;;;;0;0;0;0;0;0
17.12.2024;09:54;A110;1;3;4;10;34;5;26;0;0;1;2;0;0;0;0;0;0;0;0;;;;;0;0;0;0;0;0
17.12.2024;09:53;A110;1;2;2;3;8;6;9;1;2;0;0;0;0;0;0;0;0;0;0;;;;;0;0;0;0;0;0
17.12.2024;09:52;A110;1;2;3;5;49;3;25;0;0;1;2;0;0;1;2;0;0;0;0;;;;;0;0;0;0;0;0
17.12.2024;09:51;A110;1;1;1;1;2;6;11;1;2;1;2;1;2;0;0;0;0;0;0;;;;;0;0;0;0;0;0
17.12.2024;09:50;A110;1;1;2;3;5;2;3;0;0;1;2;0;0;0;0;0;0;0;0;;;;;0;0;0;0;0;0
17.12.2024;09:49;A110;1;1;2;4;17;4;5;1;2;0;0;0;0;0;0;0;0;0;0;;;;;0;0;0;0;0;0
17.12.2024;09:48;A110;1;1;6;6;45;3;6;0;0;0;0;0;0;0;0;0;0;0;0;;;;;0;0;0;0;0;0
17.12.2024;09:47;A110;1;2;3;7;12;7;12;0;0;0;0;0;0;0;0;0;0;0;0;;;;;0;0;0;0;0;0
17.12.2024;09:46;A110;1;3;7;3;7;6;45;0;0;1;2;0;0;1;2;0;0;0;0;;;;;0;0;0;0;0;0
17.12.2024;09:45;A110;1;0;0;0;0;6;14;1;2;0;0;1;2;0;0;0;0;0;0;;;;;0;0;0;0;0;0
17.12.2024;09:44;A110;1;3;4;6;42;6;14;0;0;0;0;0;0;1;2;0;0;0;0;;;;;0;0;0;0;0;0
17.12.2024;09:43;A110;1;2;4;7;20;6;7;0;0;0;0;1;2;0;0;0;0;0;0;;;;;0;0;0;0;0;0
17.12.2024;09:42;A110;1;0;0;5;45;3;4;0;0;0;0;0;0;0;0;0;0;1;2;;;;;0;0;0;0;0;0
17.12.2024;09:41;A110;1;1;1;4;7;2;6;0;0;0;0;1;2;1;2;1;2;0;0;;;;;0;0;0;0;0;0
17.12.2024;09:40;A110;1;0;0;0;0;6;9;0;0;1;2;1;2;1;2;0;0;0;0;;;;;0;0;0;0;0;0
17.12.2024;09:39;A110;1;2;2;3;4;7;7;0;0;0;0;0;0;0;0;0;0;0;0;;;;;0;0;0;0;0;0
17.12.2024;09:38;A110;1;0;0;6;8;7;11;1;2;0;0;0;0;0;0;0;0;0;0;;;;;0;0;0;0;0;0
17.12.2024;09:37;A110;1;3;3;5;6;5;6;0;0;0;0;0;0;0;0;0;0;0;0;;;;;0;0;0;0;0;0
17.12.2024;09:36;A110;1;0;0;0;14;6;52;0;0;1;2;0;0;0;0;0;0;0;0;;;;;0;0;0;0;0;0
17.12.2024;09:35;A110;1;0;0;4;9;3;3;0;0;0;0;0;0;0;0;0;0;0;0;;;;;0;0;0;0;0;0
17.12.2024;09:34;A110;1;1;1;1;1;6;17;1;2;0;0;0;0;0;0;0;0;0;0;;;;;0;0;0;0;0;0
17.12.2024;09:33;A110;1;1;1;4;8;5;8;0;0;0;0;0;0;1;2;0;0;0;0;;;;;0;0;0;0;0;0
17.12.2024;09:32;A110;1;1;1;1;2;2;6;0;0;0;0;1;2;0;0;0;0;0;0;;;;;0;0;0;0;0;0
17.12.2024;09:31;A110;1;1;2;7;31;8;11;0;0;1;2;0;0;0;0;0;0;0;0;;;;;0;0;0;0;0;0
17.12.2024;09:30;A110;1;2;3;4;7;6;6;0;0;0;0;0;0;0;0;0;0;0;0;;;;;0;0;0;0;0;0
17.12.2024;09:29;A110;1;0;0;3;15;4;10;1;2;1;2;0;0;0;0;0;0;0;0;;;;;0;0;0;0;0;0
17.12.2024;09:28;A110;1;3;3;6;24;6;6;0;0;0;0;0;0;1;2;0;0;0;0;;;;;0;0;0;0;0;0
17.12.2024;09:27;A110;1;2;2;2;5;2;5;1;2;0;0;1;2;0;0;0;0;0;0;;;;;0;0;0;0;0;0
17.12.2024;09:26;A110;1;0;0;3;4;4;6;0;0;0;0;0;0;0;0;0;0;0;0;;;;;0;0;0;0;0;0
17.12.2024;09:25;A110;1;0;0;1;2;9;12;0;0;1;2;0;0;0;0;0;0;0;0;;;;;0;0;0;0;0;0
17.12.2024;09:24;A110;1;3;3;4;6;3;35;0;0;0;0;0;0;1;2;0;0;0;0;;;;;0;0;0;0;0;0
17.12.2024;09:23;A110;1;0;0;1;19;4;6;0;0;0;0;0;0;0;0;0;0;0;0;;;;;0;0;0;0;0;0
17.12.2024;09:22;A110;1;2;1;4;15;8;16;0;0;0;0;0;0;0;0;0;0;0;0;;;;;0;0;0;0;0;0
17.12.2024;09:21;A110;1;2;4;1;1;3;3;0;0;0;0;0;0;0;0;0;0;0;0;;;;;0;0;0;0;0;0
17.12.2024;09:20;A110;1;1;0;6;8;7;8;0;0;0;0;0;0;0;0;0;0;0;0;;;;;0;0;0;0;0;0
17.12.2024;09:19;A110;1;3;3;2;3;6;12;0;0;1;2;0;0;0;0;0;0;0;0;;;;;0;0;0;0;0;0
17.12.2024;09:18;A110;1;3;7;4;8;2;5;1;2;0;0;0;0;0;0;0;0;0;0;;;;;0;0;0;0;0;0
17.12.2024;09:17;A110;1;0;0;3;6;7;10;0;0;0;0;0;0;0;0;0;0;0;0;;;;;0;0;0;0;0;0
17.12.2024;09:16;A110;1;1;0;0;0;7;49;0;0;0;0;0;0;1;2;0;0;0;0;;;;;0;0;0;0;0;0
17.12.2024;09:15;A110;1;0;0;2;5;2;65;0;0;0;0;1;2;0;0;0;0;0;0;;;;;0;0;0;0;0;0
17.12.2024;09:14;A110;1;0;0;6;35;6;8;0;0;1;2;0;0;2;3;0;0;0;0;;;;;0;0;0;0;0;0
17.12.2024;09:13;A110;1;1;1;0;0;3;51;0;0;0;0;0;0;0;0;0;0;0;0;;;;;0;0;0;0;0;0
17.12.2024;09:12;A110;1;0;0;0;0;7;14;1;2;0;0;2;3;0;0;0;0;0;0;;;;;0;0;0;0;0;0
17.12.2024;09:11;A110;1;4;2;5;5;5;8;0;0;1;2;0;0;0;0;0;0;0;0;;;;;0;0;0;0;0;0
17.12.2024;09:06;A110;1;2;3;3;5;5;32;0;0;0;0;1;2;0;0;0;0;0;0;;;;;0;0;0;0;0;0
17.12.2024;09:05;A110;1;2;2;9;60;5;29;0;0;0;0;0;0;0;0;0;0;0;0;;;;;0;0;0;0;0;0
17.12.2024;09:04;A110;1;4;6;8;9;7;76;0;0;1;2;0;0;0;0;0;0;0;0;;;;;0;0;0;0;0;0
17.12.2024;09:03;A110;1;0;0;0;0;7;31;1;2;0;0;0;0;1;2;0;0;1;2;;;;;0;0;0;0;0;0
17.12.2024;09:02;A110;1;1;0;2;2;4;23;0;0;0;0;1;2;0;0;0;0;0;0;;;;;0;0;0;0;0;0
17.12.2024;09:01;A110;1;0;0;4;7;5;5;0;0;0;0;0;0;2;3;1;2;0;0;;;;;0;0;0;0;0;0
17.12.2024;09:00;A110;1;0;0;4;12;3;3;0;0;0;0;2;3;0;0;0;0;0;0;;;;;0;0;0;0;0;0
17.12.2024;08:59;A110;1;7;31;8;43;4;4;0;0;1;2;0;0;0;0;0;0;0;0;;;;;0;0;0;0;0;0
17.12.2024;08:58;A110;1;2;3;3;9;6;16;1;2;0;0;0;0;0;0;0;0;0;0;;;;;0;0;0;0;0;0
17.12.2024;08:57;A110;1;3;3;3;5;5;35;0;0;1;2;0;0;0;0;0;0;0;0;;;;;0;0;0;0;0;0
17.12.2024;08:56;A110;1;2;4;2;4;7;12;1;2;0;0;0;0;0;0;0;0;0;0;;;;;0;0;0;0;0;0
17.12.2024;08:55;A110;1;3;6;5;20;7;8;0;0;0;0;0;0;0;0;0;0;0;0;;;;;0;0;0;0;0;0
17.12.2024;08:54;A110;1;2;1;4;16;6;8;0;0;0;0;0;0;1;2;0;0;0;0;;;;;0;0;0;0;0;0
17.12.2024;08:53;A110;1;1;2;4;55;3;6;0;0;0;0;1;2;0;0;0;0;0;0;;;;;0;0;0;0;0;0
17.12.2024;08:52;A110;1;0;0;8;49;4;36;0;0;0;0;0;0;0;0;0;0;0;0;;;;;0;0;0;0;0;0
17.12.2024;08:51;A110;1;1;0;4;7;8;9;0;0;0;0;0;0;0;0;0;0;0;0;;;;;0;0;0;0;0;0
17.12.2024;08:50;A110;1;1;1;4;5;1;2;0;0;0;0;0;0;0;0;0;0;0;0;;;;;0;0;0;0;0;0
17.12.2024;08:49;A110;1;0;0;2;57;4;19;0;0;1;2;0;0;0;0;0;0;0;0;;;;;0;0;0;0;0;0
17.12.2024;08:48;A110;1;2;5;6;22;5;32;1;2;0;0;0;0;0;0;0;0;0;0;;;;;0;0;0;0;0;0
17.12.2024;08:47;A110;1;2;1;2;4;4;12;0;0;0;0;1;2;1;2;0;0;0;0;;;;;0;0;0;0;0;0
17.12.2024;08:46;A110;1;0;0;5;7;4;23;0;0;0;0;0;0;0;0;0;0;0;0;;;;;0;0;0;0;0;0
17.12.2024;08:45;A110;1;4;9;8;16;3;4;0;0;0;0;0;0;0;0;0;0;0;0;;;;;0;0;0;0;0;0
17.12.2024;08:44;A110;1;3;2;3;5;3;6;0;0;1;2;1;2;1;2;0;0;0;0;;;;;0;0;0;0;0;0
17.12.2024;08:42;A110;1;3;25;7;19;7;14;0;0;0;0;0;0;0;0;0;0;1;2;;;;;0;0;0;0;0;0
17.12.2024;08:41;A110;1;1;2;4;8;3;7;0;0;0;0;1;2;1;2;1;2;0;0;;;;;0;0;0;0;0;0
17.12.2024;08:40;A110;1;4;7;2;3;5;8;0;0;0;0;0;0;0;0;0;0;0;0;;;;;0;0;0;0;0;0
17.12.2024;08:39;A110;1;1;2;1;1;4;4;0;0;0;0;0;0;0;0;0;0;0;0;;;;;0;0;0;0;0;0
17.12.2024;08:37;A110;1;2;4;3;4;3;5;0;0;1;2;0;0;0;0;0;0;0;0;;;;;0;0;0;0;0;0
17.12.2024;08:36;A110;1;0;0;1;1;5;12;1;2;1;2;0;0;0;0;0;0;0;0;;;;;0;0;0;0;0;0
17.12.2024;08:33;A110;1;2;3;3;10;2;6;0;0;0;0;0;0;1;2;0;0;0;0;;;;;0;0;0;0;0;0
17.12.2024;08:32;A110;1;1;3;3;28;2;4;0;0;0;0;1;2;0;0;0;0;0;0;;;;;0;0;0;0;0;0
17.12.2024;08:11;A110;1;2;2;5;8;6;13;0;0;0;0;0;0;0;0;0;0;0;0;;;;;0;0;0;0;0;0
17.12.2024;08:08;A110;1;1;1;1;1;2;3;1;2;0;0;0;0;0;0;0;0;0;0;;;;;0;0;0;0;0;0
17.12.2024;07:47;A110;1;0;0;3;5;6;10;0;0;0;0;0;0;0;0;0;0;0;0;;;;;0;0;0;0;0;0
17.12.2024;07:46;A110;1;2;3;2;2;4;7;0;0;1;2;0;0;0;0;0;0;0;0;;;;;0;0;0;0;0;0
17.12.2024;07:41;A110;1;3;3;5;7;3;4;0;0;0;0;1;2;1;2;1;2;0;0;;;;;0;0;0;0;0;0
17.12.2024;07:16;A110;1;1;0;1;1;3;26;0;0;0;0;0;0;0;0;0;0;0;0;;;;;0;0;0;0;0;0
17.12.2024;06:58;A110;1;0;0;3;3;0;0;1;2;1;2;0;0;0;0;0;0;0;0;;;;;0;0;0;0;0;0
17.12.2024;06:38;A110;1;0;0;1;1;3;5;0;0;1;2;0;0;0;0;0;0;0;0;;;;;0;0;0;0;0;0
17.12.2024;06:24;A110;1;2;2;1;1;1;2;0;0;0;0;0;0;0;0;0;0;0;0;;;;;0;0;0;0;0;0
17.12.2024;05:50;A110;1;0;0;0;0;5;9;0;0;0;0;0;0;0;0;0;0;1;2;;;;;0;0;0;0;0;0
17.12.2024;05:22;A110;1;0;0;1;2;0;0;0;0;0;0;0;0;0;0;0;0;0;0;;;;;0;0;0;0;0;0
17.12.2024;05:19;A110;1;0;0;0;0;0;0;0;0;0;0;0;0;0;0;0;0;0;0;;;;;0;0;0;0;0;0
17.12.2024;05:12;A110;1;0;0;0;0;0;0;0;0;0;0;0;0;0;0;0;0;0;0;;;;;0;0;0;0;0;0
17.12.2024;05:11;A110;1;0;0;1;1;0;0;0;0;0;0;0;0;0;0;0;0;0;0;;;;;0;0;0;0;0;0
17.12.2024;05:00;A110;1;0;0;0;0;0;0;0;0;0;0;0;0;0;0;0;0;0;0;;;;;0;0;0;0;0;0
17.12.2024;04:47;A110;1;0;0;0;0;1;1;0;0;0;0;0;0;1;2;0;0;0;0;;;;;0;0;0;0;0;0
17.12.2024;04:42;A110;1;0;0;0;0;0;0;1;2;0;0;0;0;0;0;0;0;0;0;;;;;0;0;0;0;0;0
17.12.2024;04:36;A110;1;0;0;0;0;0;0;0;0;0;0;0;0;0;0;0;0;0;0;;;;;0;0;0;0;0;0
17.12.2024;04:28;A110;1;0;0;0;0;1;1;0;0;0;0;0;0;0;0;0;0;0;0;;;;;0;0;0;0;0;0
17.12.2024;04:25;A110;1;0;0;1;1;0;0;0;0;0;0;0;0;0;0;0;0;0;0;;;;;0;0;0;0;0;0
17.12.2024;04:23;A110;1;0;0;0;0;1;1;0;0;0;0;1;2;0;0;0;0;0;0;;;;;0;0;0;0;0;0
17.12.2024;04:22;A110;1;0;0;0;0;0;0;0;0;0;0;0;0;0;0;0;0;0;0;;;;;0;0;0;0;0;0
17.12.2024;04:12;A110;1;0;0;0;0;0;0;0;0;0;0;0;0;0;0;0;0;0;0;;;;;0;0;0;0;0;0
17.12.2024;04:07;A110;1;0;0;0;0;0;0;0;0;0;0;1;2;1;2;0;0;0;0;;;;;0;0;0;0;0;0
17.12.2024;04:00;A110;1;0;0;0;0;1;1;0;0;0;0;0;0;0;0;0;0;0;0;;;;;0;0;0;0;0;0
17.12.2024;03:55;A110;1;0;0;0;0;0;0;0;0;0;0;0;0;0;0;0;0;0;0;;;;;0;0;0;0;0;0
17.12.2024;03:52;A110;1;0;0;0;0;0;0;0;0;0;0;0;0;0;0;0;0;0;0;;;;;0;0;0;0;0;0
17.12.2024;03:50;A110;1;0;0;1;3;0;0;0;0;0;0;0;0;0;0;0;0;0;0;;;;;0;0;0;0;0;0
17.12.2024;03:48;A110;1;0;0;0;0;0;0;0;0;0;0;1;2;0;0;0;0;0;0;;;;;0;0;0;0;0;0
17.12.2024;03:41;A110;1;0;0;0;0;0;0;0;0;0;0;0;0;0;0;0;0;0;0;;;;;0;0;0;0;0;0
17.12.2024;03:39;A110;1;0;0;0;0;0;0;0;0;0;0;0;0;0;0;0;0;0;0;;;;;0;0;0;0;0;0
17.12.2024;03:38;A110;1;0;0;0;0;0;0;0;0;0;0;1;2;1;2;0;0;0;0;;;;;0;0;0;0;0;0
17.12.2024;03:37;A110;1;0;0;1;1;0;0;0;0;0;0;0;0;0;0;0;0;0;0;;;;;0;0;0;0;0;0
17.12.2024;03:35;A110;1;1;2;0;0;0;0;0;0;0;0;0;0;0;0;0;0;0;0;;;;;0;0;0;0;0;0
17.12.2024;03:34;A110;1;0;0;0;0;0;0;0;0;0;0;0;0;0;0;0;0;0;0;;;;;0;0;0;0;0;0
17.12.2024;03:33;A110;1;0;0;0;0;0;0;0;0;0;0;0;0;0;0;0;0;0;0;;;;;0;0;0;0;0;0
17.12.2024;03:32;A110;1;0;0;0;0;0;0;0;0;0;0;0;0;0;0;0;0;0;0;;;;;0;0;0;0;0;0
17.12.2024;03:31;A110;1;0;0;0;0;0;0;0;0;0;0;0;0;0;0;0;0;0;0;;;;;0;0;0;0;0;0
17.12.2024;03:30;A110;1;0;0;0;0;0;0;0;0;0;0;0;0;0;0;0;0;0;0;;;;;0;0;0;0;0;0
17.12.2024;03:28;A110;1;0;0;0;0;0;0;0;0;0;0;0;0;0;0;0;0;0;0;;;;;0;0;0;0;0;0
17.12.2024;03:27;A110;1;1;1;1;0;0;0;0;0;0;0;0;0;0;0;0;0;0;0;;;;;0;0;0;0;0;0
17.12.2024;03:26;A110;1;0;0;0;0;0;0;0;0;0;0;0;0;0;0;0;0;0;0;;;;;0;0;0;0;0;0
17.12.2024;03:25;A110;1;0;0;0;0;1;1;0;0;0;0;0;0;0;0;0;0;0;0;;;;;0;0;0;0;0;0
17.12.2024;03:22;A110;1;0;0;0;0;1;0;0;0;0;0;0;0;0;0;0;0;0;0;;;;;0;0;0;0;0;0
17.12.2024;03:20;A110;1;0;0;0;0;0;0;0;0;0;0;0;0;0;0;0;0;0;0;;;;;0;0;0;0;0;0
17.12.2024;03:18;A110;1;0;0;0;0;0;0;0;0;0;0;0;0;0;0;0;0;0;0;;;;;0;0;0;0;0;0
17.12.2024;03:17;A110;1;0;0;0;0;0;0;0;0;0;0;0;0;0;0;0;0;0;0;;;;;0;0;0;0;0;0
17.12.2024;03:14;A110;1;0;0;0;0;1;1;0;0;0;0;0;0;0;0;0;0;0;0;;;;;0;0;0;0;0;0
17.12.2024;03:12;A110;1;0;0;0;0;0;0;0;0;0;0;0;0;0;0;0;0;0;0;;;;;0;0;0;0;0;0
17.12.2024;03:09;A110;1;0;0;0;0;1;1;0;0;0;0;0;0;0;0;0;0;0;0;;;;;0;0;0;0;0;0
17.12.2024;03:08;A110;1;0;0;0;0;1;1;0;0;0;0;0;0;0;0;0;0;0;0;;;;;0;0;0;0;0;0
17.12.2024;03:07;A110;1;0;0;0;0;0;0;0;0;0;0;0;0;0;0;0;0;0;0;;;;;0;0;0;0;0;0
17.12.2024;03:06;A110;1;0;0;0;0;0;0;0;0;0;0;0;0;0;0;0;0;0;0;;;;;0;0;0;0;0;0
17.12.2024;03:05;A110;1;0;0;0;0;1;1;0;0;0;0;0;0;0;0;0;0;0;0;;;;;0;0;0;0;0;0
17.12.2024;03:00;A110;1;0;0;0;0;0;0;0;0;0;0;0;0;0;0;0;0;0;0;;;;;0;0;0;0;0;0
17.12.2024;02:56;A110;1;0;0;0;0;0;0;0;0;0;0;0;0;0;0;0;0;0;0;;;;;0;0;0;0;0;0
