Datum;Uhrzeit;Bezeichnung;Intervall;V21Z;V21B;V22Z;V22B;V81Z;V81B;V321Z;V321B;TF32Z;TF32B;TB32Z;TB32B;TF32aZ;TF32aB;TB32aZ;TB32aB
17.06.2024;02:00;A116;1;2;1;2;2;1;1;0;0;0;0;0;0;0;0;0;0
17.06.2024;01:59;A116;1;0;0;0;0;0;0;0;0;0;0;0;0;0;0;0;0
17.06.2024;01:58;A116;1;2;3;0;0;0;0;0;0;0;0;0;0;0;0;0;0
17.06.2024;01:57;A116;1;0;0;0;0;0;0;0;0;0;0;0;0;0;0;0;0
17.06.2024;01:56;A116;1;3;2;0;0;0;0;0;0;0;0;0;0;0;0;0;0
17.06.2024;01:55;A116;1;0;0;2;5;1;1;0;0;0;0;0;0;0;0;0;0
17.06.2024;01:54;A116;1;0;0;1;6;1;2;0;0;0;0;0;0;0;0;0;0
17.06.2024;01:53;A116;1;0;0;0;0;0;0;0;0;0;0;0;0;0;0;0;0
17.06.2024;01:52;A116;1;0;0;2;9;2;2;0;0;0;0;0;0;0;0;0;0
17.06.2024;01:51;A116;1;0;0;1;7;0;0;0;0;0;0;0;0;0;0;0;0
17.06.2024;01:50;A116;1;0;0;1;6;1;2;0;0;0;0;0;0;0;0;0;0
17.06.2024;01:49;A116;1;1;3;3;3;1;2;0;0;0;0;0;0;0;0;0;0
17.06.2024;01:48;A116;1;2;1;1;12;2;2;0;0;0;0;0;0;0;0;0;0
17.06.2024;01:47;A116;1;0;0;1;5;1;1;0;0;0;0;0;0;0;0;0;0
17.06.2024;01:46;A116;1;0;0;0;0;0;0;0;0;0;0;0;0;0;0;0;0
17.06.2024;01:45;A116;1;0;0;0;0;0;0;0;0;0;0;0;0;0;0;0;0
17.06.2024;01:44;A116;1;2;13;0;0;0;0;0;0;0;0;0;0;0;0;0;0
17.06.2024;01:43;A116;1;0;0;0;0;0;0;0;0;0;0;0;0;0;0;0;0
17.06.2024;01:42;A116;1;0;0;1;7;1;2;0;0;0;0;0;0;0;0;0;0
17.06.2024;01:41;A116;1;1;4;1;4;1;1;0;0;0;0;0;0;0;0;0;0
17.06.2024;01:40;A116;1;3;4;1;4;1;1;0;0;0;0;0;0;0;0;0;0
17.06.2024;01:39;A116;1;0;0;0;0;0;0;0;0;0;0;0;0;0;0;0;0
17.06.2024;01:38;A116;1;1;2;1;7;1;2;0;0;0;0;0;0;0;0;0;0
17.06.2024;01:37;A116;1;1;4;1;8;1;1;0;0;0;0;0;0;0;0;0;0
17.06.2024;01:36;A116;1;0;0;0;0;0;0;0;0;0;0;0;0;0;0;0;0
17.06.2024;01:35;A116;1;0;0;1;5;1;1;0;0;0;0;0;0;0;0;0;0
17.06.2024;01:34;A116;1;2;2;0;0;0;0;0;0;0;0;0;0;0;0;0;0
17.06.2024;01:33;A116;1;1;4;1;5;1;1;0;0;0;0;0;0;0;0;0;0
17.06.2024;01:32;A116;1;0;0;0;0;0;0;0;0;0;0;0;0;0;0;0;0
17.06.2024;01:31;A116;1;0;0;3;4;1;1;0;0;0;0;0;0;0;0;0;0
17.06.2024;01:30;A116;1;3;3;0;0;0;0;0;0;0;0;0;0;0;0;0;0
17.06.2024;01:29;A116;1;0;0;1;5;1;1;0;0;0;0;0;0;0;0;0;0
17.06.2024;01:28;A116;1;1;6;1;6;1;2;0;0;0;0;0;0;0;0;0;0
17.06.2024;01:27;A116;1;0;0;0;0;0;0;0;0;0;0;0;0;0;0;0;0
17.06.2024;01:26;A116;1;1;3;0;0;0;0;0;0;0;0;0;0;0;0;0;0
17.06.2024;01:25;A116;1;0;0;0;0;0;0;0;0;0;0;0;0;0;0;0;0
17.06.2024;01:24;A116;1;1;3;0;0;0;0;0;0;0;0;0;0;0;0;0;0
17.06.2024;01:23;A116;1;0;0;0;0;0;0;0;0;0;0;0;0;0;0;0;0
17.06.2024;01:22;A116;1;0;0;0;0;0;0;0;0;0;0;0;0;0;0;0;0
17.06.2024;01:21;A116;1;0;0;0;0;0;0;0;0;0;0;0;0;0;0;0;0
17.06.2024;01:20;A116;1;0;0;0;0;0;0;0;0;0;0;0;0;0;0;0;0
17.06.2024;01:19;A116;1;0;0;0;0;0;0;0;0;0;0;0;0;0;0;0;0
17.06.2024;01:18;A116;1;2;14;2;4;1;1;0;0;0;0;1;3;0;0;0;0
17.06.2024;01:17;A116;1;0;0;1;4;1;1;0;0;0;0;0;0;0;0;0;0
17.06.2024;01:16;A116;1;0;0;5;12;3;4;0;0;0;0;0;0;0;0;0;0
17.06.2024;01:15;A116;1;0;0;0;0;0;0;0;0;0;0;0;0;0;0;0;0
17.06.2024;01:14;A116;1;0;0;1;6;1;2;0;0;0;0;0;0;0;0;0;0
17.06.2024;01:13;A116;1;0;0;0;0;0;0;0;0;0;0;0;0;0;0;0;0
17.06.2024;01:12;A116;1;1;5;1;4;1;1;0;0;0;0;0;0;0;0;0;0
17.06.2024;01:11;A116;1;0;0;0;0;0;0;0;0;0;0;0;0;0;0;0;0
17.06.2024;01:10;A116;1;0;0;1;5;1;0;0;0;0;0;0;0;0;0;0;0
17.06.2024;01:09;A116;1;0;0;3;4;1;1;0;0;0;0;0;0;0;0;0;0
17.06.2024;01:08;A116;1;3;3;1;6;1;1;0;0;0;0;0;0;0;0;0;0
17.06.2024;01:07;A116;1;0;0;0;0;0;0;0;0;0;0;0;0;0;0;0;0
17.06.2024;01:06;A116;1;0;0;0;0;0;0;0;0;0;0;0;0;0;0;0;0
17.06.2024;01:05;A116;1;0;0;0;0;0;0;0;0;0;0;0;0;0;0;0;0
17.06.2024;01:04;A116;1;0;0;1;4;1;1;0;0;0;0;0;0;0;0;0;0
17.06.2024;01:03;A116;1;1;6;0;0;0;0;0;0;0;0;0;0;0;0;0;0
17.06.2024;01:02;A116;1;2;3;1;4;1;1;0;0;0;0;0;0;0;0;0;0
17.06.2024;01:01;A116;1;0;0;1;6;1;1;0;0;0;0;0;0;0;0;0;0
17.06.2024;01:00;A116;1;0;0;0;0;0;0;0;0;0;0;0;0;0;0;0;0
17.06.2024;00:59;A116;1;2;11;1;3;1;1;0;0;0;0;0;0;0;0;0;0
17.06.2024;00:58;A116;1;0;0;1;5;1;1;0;0;0;0;0;0;0;0;0;0
17.06.2024;00:57;A116;1;2;3;3;13;2;4;0;0;0;0;0;0;0;0;0;0
17.06.2024;00:56;A116;1;0;0;2;5;1;1;0;0;0;0;0;0;0;0;0;0
17.06.2024;00:55;A116;1;5;4;0;0;0;0;0;0;0;0;0;0;0;0;0;0
17.06.2024;00:54;A116;1;0;0;0;0;0;0;0;0;0;0;0;0;0;0;0;0
17.06.2024;00:53;A116;1;2;4;2;11;2;5;0;0;0;0;1;0;0;0;0;0
17.06.2024;00:52;A116;1;2;4;0;0;0;0;0;0;0;0;0;0;0;0;0;0
17.06.2024;00:51;A116;1;3;5;1;5;1;1;0;0;0;0;0;0;0;0;0;0
17.06.2024;00:50;A116;1;0;0;2;15;4;3;0;0;0;0;0;0;0;0;0;0
17.06.2024;00:49;A116;1;0;0;0;0;0;0;0;0;0;0;0;0;0;0;0;0
17.06.2024;00:48;A116;1;0;0;0;0;0;0;0;0;0;0;0;0;0;0;0;0
17.06.2024;00:47;A116;1;3;5;0;0;0;0;0;0;0;0;0;0;0;0;0;0
17.06.2024;00:46;A116;1;0;0;0;0;0;0;0;0;0;0;0;0;0;0;0;0
17.06.2024;00:45;A116;1;0;0;0;0;0;0;0;0;0;0;0;0;0;0;0;0
17.06.2024;00:44;A116;1;0;0;3;3;1;0;0;0;0;0;0;0;0;0;0;0
17.06.2024;00:43;A116;1;1;4;1;6;1;2;0;0;0;0;0;0;0;0;0;0
17.06.2024;00:42;A116;1;0;0;1;7;1;2;0;0;0;0;1;1;0;0;0;0
17.06.2024;00:41;A116;1;1;1;0;0;0;0;0;0;0;0;0;0;0;0;0;0
17.06.2024;00:40;A116;1;0;0;2;10;2;3;0;0;0;0;1;0;0;0;0;0
17.06.2024;00:39;A116;1;0;0;2;5;1;1;0;0;0;0;0;0;0;0;0;0
17.06.2024;00:38;A116;1;0;0;0;0;0;0;0;0;0;0;0;0;0;0;0;0
17.06.2024;00:37;A116;1;2;3;1;6;1;1;0;0;0;0;0;0;0;0;0;0
17.06.2024;00:36;A116;1;2;1;0;0;0;0;0;0;0;0;0;0;0;0;0;0
17.06.2024;00:35;A116;1;3;3;0;0;0;0;0;0;0;0;0;0;0;0;0;0
17.06.2024;00:34;A116;1;0;0;3;14;3;27;0;0;0;0;1;4;0;0;0;0
17.06.2024;00:33;A116;1;1;5;3;6;1;1;0;0;0;0;0;0;0;0;0;0
17.06.2024;00:32;A116;1;0;0;0;0;0;0;0;0;0;0;0;0;0;0;0;0
17.06.2024;00:31;A116;1;0;0;0;0;0;0;0;0;0;0;0;0;0;0;0;0
17.06.2024;00:30;A116;1;2;1;0;0;0;0;0;0;0;0;0;0;0;0;0;0
17.06.2024;00:29;A116;1;4;6;0;0;0;0;0;0;0;0;0;0;0;0;0;0
17.06.2024;00:28;A116;1;0;7;0;0;1;0;0;0;0;0;0;0;0;0;0;0
17.06.2024;00:27;A116;1;4;37;1;5;0;0;0;0;0;0;0;0;0;0;0;0
17.06.2024;00:26;A116;1;0;0;1;5;1;0;0;0;0;0;0;0;0;0;0;0
17.06.2024;00:25;A116;1;1;3;3;3;1;0;0;0;0;0;0;0;0;0;0;0
17.06.2024;00:24;A116;1;0;0;4;12;3;3;0;0;0;0;1;1;0;0;0;0
17.06.2024;00:23;A116;1;0;0;0;0;0;0;0;0;0;0;0;0;0;0;0;0
17.06.2024;00:22;A116;1;0;0;1;5;1;2;0;0;0;0;0;0;0;0;0;0
17.06.2024;00:21;A116;1;0;0;0;0;0;0;0;0;0;0;0;0;0;0;0;0
17.06.2024;00:20;A116;1;2;3;0;0;0;0;0;0;0;0;0;0;0;0;0;0
17.06.2024;00:19;A116;1;0;0;0;0;0;0;0;0;0;0;0;0;0;0;0;0
17.06.2024;00:18;A116;1;0;0;2;11;2;1;0;0;0;0;0;0;0;0;0;0
17.06.2024;00:17;A116;1;0;0;0;0;0;0;0;0;0;0;0;0;0;0;0;0
17.06.2024;00:16;A116;1;0;0;1;5;1;1;0;0;0;0;0;0;0;0;0;0
17.06.2024;00:15;A116;1;0;0;5;9;2;2;0;0;0;0;0;0;0;0;0;0
17.06.2024;00:14;A116;1;2;4;0;0;0;0;0;0;0;0;0;0;0;0;0;0
17.06.2024;00:13;A116;1;2;1;0;0;1;16;0;0;0;0;0;0;0;0;0;0
17.06.2024;00:12;A116;1;1;3;0;0;0;0;0;0;0;0;0;0;0;0;0;0
17.06.2024;00:11;A116;1;1;0;3;12;3;4;0;0;0;0;0;0;0;0;0;0
17.06.2024;00:10;A116;1;0;0;1;13;3;7;0;0;0;0;0;0;0;0;0;0
17.06.2024;00:09;A116;1;1;3;2;6;1;1;0;0;0;0;0;0;0;0;0;0
17.06.2024;00:08;A116;1;0;0;0;0;0;0;0;0;0;0;0;0;0;0;0;0
17.06.2024;00:07;A116;1;1;2;4;15;3;6;0;0;0;0;0;0;0;0;0;0
17.06.2024;00:06;A116;1;3;9;0;0;0;0;0;0;0;0;0;0;0;0;0;0
17.06.2024;00:05;A116;1;5;10;1;10;2;3;0;0;0;0;0;0;0;0;0;0
17.06.2024;00:04;A116;1;5;10;1;5;1;1;0;0;0;0;0;0;0;0;0;0
17.06.2024;00:03;A116;1;1;3;1;5;1;2;0;0;0;0;0;0;0;0;0;0
17.06.2024;00:02;A116;1;0;0;3;16;3;6;0;0;0;0;1;5;0;0;0;0
17.06.2024;00:01;A116;1;0;0;1;5;2;4;0;0;0;0;0;0;0;0;0;0
17.06.2024;00:00;A116;1;0;0;4;9;2;1;0;0;0;0;0;0;0;0;0;0
16.06.2024;23:59;A116;1;0;0;1;5;1;1;0;0;0;0;1;1;0;0;0;0
16.06.2024;23:58;A116;1;5;12;1;4;2;2;0;0;0;0;0;13;0;0;0;0
16.06.2024;23:57;A116;1;1;35;1;6;1;1;0;0;0;0;2;15;0;0;0;0
16.06.2024;23:56;A116;1;3;4;5;20;4;7;0;0;0;0;0;0;0;0;0;0
16.06.2024;23:55;A116;1;0;0;1;4;1;1;0;0;0;0;0;0;0;0;0;0
16.06.2024;23:54;A116;1;0;0;2;6;1;2;0;0;0;0;0;0;0;0;0;0
16.06.2024;23:53;A116;1;2;3;2;4;1;1;0;0;0;0;0;0;0;0;0;0
16.06.2024;23:52;A116;1;0;0;4;10;2;3;0;0;0;0;0;0;0;0;0;0
16.06.2024;23:51;A116;1;0;0;5;13;2;4;0;0;0;0;0;0;0;0;0;0
16.06.2024;23:50;A116;1;0;0;4;12;3;5;0;0;0;0;0;0;0;0;0;0
16.06.2024;23:49;A116;1;3;3;1;11;2;3;0;0;0;0;0;0;0;0;0;0
16.06.2024;23:48;A116;1;0;0;1;1;0;0;0;0;0;0;0;0;0;0;0;0
16.06.2024;23:47;A116;1;1;5;0;0;1;1;0;0;0;0;0;0;0;0;0;0
16.06.2024;23:46;A116;1;1;4;1;6;1;1;0;0;0;0;0;0;0;0;0;0
16.06.2024;23:45;A116;1;0;0;1;6;1;1;0;0;0;0;0;0;0;0;0;0
16.06.2024;23:44;A116;1;0;0;2;10;2;3;0;0;0;0;1;7;0;0;0;0
16.06.2024;23:43;A116;1;2;3;0;0;0;0;0;0;0;0;0;0;0;0;0;0
16.06.2024;23:42;A116;1;0;0;0;0;0;0;0;0;0;0;0;0;0;0;0;0
16.06.2024;23:41;A116;1;0;0;1;5;1;2;0;0;0;0;0;0;0;0;0;0
16.06.2024;23:40;A116;1;3;3;1;4;1;1;0;0;0;0;0;0;0;0;0;0
16.06.2024;23:39;A116;1;1;3;3;10;2;2;0;0;0;0;0;0;0;0;0;0
16.06.2024;23:38;A116;1;1;4;0;0;0;0;0;0;0;0;0;0;0;0;0;0
16.06.2024;23:37;A116;1;0;0;1;7;1;1;0;0;0;0;0;0;0;0;0;0
16.06.2024;23:36;A116;1;0;0;0;0;0;0;0;0;0;0;0;0;0;0;0;0
16.06.2024;23:35;A116;1;1;2;2;5;1;0;0;0;0;0;0;0;0;0;0;0
16.06.2024;23:34;A116;1;2;9;5;26;4;40;0;0;0;0;2;8;0;0;0;0
16.06.2024;23:33;A116;1;2;8;2;16;4;7;0;0;0;0;0;0;0;0;0;0
16.06.2024;23:32;A116;1;1;3;3;10;1;2;0;0;0;0;0;0;0;0;0;0
16.06.2024;23:31;A116;1;0;0;2;32;2;7;0;0;0;0;1;9;0;0;0;0
16.06.2024;23:30;A116;1;2;8;1;11;0;0;0;0;0;0;2;18;2;3;0;0
16.06.2024;23:29;A116;1;0;0;1;5;2;1;0;0;0;0;0;0;0;0;0;0
16.06.2024;23:28;A116;1;1;22;2;5;1;1;0;0;0;0;0;0;0;0;0;0
16.06.2024;23:27;A116;1;3;7;1;6;1;1;0;0;0;0;1;7;0;0;0;0
16.06.2024;23:26;A116;1;1;3;2;13;4;6;0;0;0;0;0;0;0;0;0;0
16.06.2024;23:25;A116;1;0;0;6;26;4;5;0;0;0;0;2;10;0;0;0;0
16.06.2024;23:24;A116;1;1;3;0;0;0;0;0;0;0;0;0;0;0;0;0;0
16.06.2024;23:23;A116;1;1;2;1;3;1;1;0;0;0;0;1;0;0;0;0;0
16.06.2024;23:22;A116;1;5;8;1;5;1;1;0;0;0;0;0;0;0;0;0;0
16.06.2024;23:21;A116;1;2;4;4;18;4;6;0;0;0;0;0;0;0;0;0;0
16.06.2024;23:20;A116;1;1;5;2;10;2;1;0;0;0;0;0;0;0;0;0;0
16.06.2024;23:19;A116;1;3;3;2;13;2;5;0;0;0;0;0;0;0;0;0;0
16.06.2024;23:18;A116;1;3;1;4;14;3;4;0;0;0;0;0;0;0;0;0;0
16.06.2024;23:17;A116;1;2;4;1;5;1;2;0;0;0;0;0;0;0;0;0;0
16.06.2024;23:16;A116;1;0;0;1;5;1;2;0;0;0;0;0;0;0;0;0;0
16.06.2024;23:15;A116;1;0;0;5;30;5;8;0;0;0;0;0;0;0;0;0;0
16.06.2024;23:14;A116;1;1;4;0;0;1;1;0;0;0;0;0;0;0;0;0;0
16.06.2024;23:13;A116;1;1;9;2;10;1;2;1;1;0;0;1;14;0;0;0;0
16.06.2024;23:12;A116;1;1;39;1;5;1;0;0;0;0;0;0;0;0;0;0;0
16.06.2024;23:11;A116;1;0;0;1;5;2;3;0;0;0;0;0;0;0;0;0;0
16.06.2024;23:10;A116;1;2;7;2;7;1;1;0;0;0;0;0;0;0;0;0;0
16.06.2024;23:09;A116;1;1;4;5;21;4;5;0;0;0;0;0;0;0;0;0;0
16.06.2024;23:08;A116;1;1;9;1;7;2;5;0;0;0;0;1;1;0;0;0;0
16.06.2024;23:07;A116;1;2;8;2;12;3;5;0;0;0;0;0;0;0;0;0;0
16.06.2024;23:06;A116;1;3;14;2;10;1;0;0;0;0;0;0;0;0;0;0;0
16.06.2024;23:05;A116;1;3;8;1;7;3;4;0;0;0;0;0;0;0;0;0;0
16.06.2024;23:04;A116;1;4;10;5;12;2;2;0;0;0;0;0;0;0;0;0;0
16.06.2024;23:03;A116;1;1;11;2;16;1;4;0;0;0;0;1;1;0;0;0;0
16.06.2024;23:02;A116;1;0;2;2;15;1;0;0;0;0;0;1;5;0;0;0;0
16.06.2024;23:01;A116;1;6;9;3;16;3;5;0;0;0;0;0;0;0;0;0;0
16.06.2024;23:00;A116;1;4;6;3;17;3;4;0;0;0;0;0;0;0;0;0;0
16.06.2024;22:59;A116;1;3;3;3;12;2;2;0;0;0;0;0;0;0;0;0;0
16.06.2024;22:58;A116;1;1;47;3;15;3;5;0;0;0;0;0;0;0;0;0;0
16.06.2024;22:57;A116;1;2;8;3;8;2;4;0;0;0;0;0;0;0;0;0;0
16.06.2024;22:56;A116;1;4;19;3;17;3;4;0;0;0;0;0;0;0;0;0;0
16.06.2024;22:55;A116;1;5;10;2;14;3;6;0;0;0;0;0;0;0;0;0;0
16.06.2024;22:54;A116;1;2;11;4;19;4;10;0;0;0;0;1;3;0;0;0;0
16.06.2024;22:53;A116;1;0;0;1;5;1;3;0;0;0;0;0;0;0;0;0;0
16.06.2024;22:52;A116;1;0;0;2;12;2;2;0;0;0;0;0;0;0;0;0;0
16.06.2024;22:51;A116;1;0;0;1;11;3;3;0;0;0;0;0;0;0;0;0;0
16.06.2024;22:50;A116;1;1;3;3;12;2;2;0;0;0;0;0;0;0;0;0;0
16.06.2024;22:49;A116;1;1;3;3;16;4;24;0;0;0;0;0;0;0;0;0;0
16.06.2024;22:48;A116;1;0;0;3;25;3;3;0;0;0;0;0;0;0;0;0;0
16.06.2024;22:47;A116;1;1;8;2;10;2;4;0;0;0;0;0;0;0;0;0;0
16.06.2024;22:46;A116;1;2;2;1;3;1;0;1;1;0;0;1;18;0;0;0;0
16.06.2024;22:45;A116;1;2;2;3;17;3;6;0;0;0;0;0;0;0;0;0;0
16.06.2024;22:44;A116;1;5;13;1;5;1;1;0;0;0;0;0;0;0;0;0;0
16.06.2024;22:43;A116;1;3;42;2;16;3;5;0;0;0;0;0;0;0;0;0;0
16.06.2024;22:42;A116;1;5;26;3;3;2;2;0;0;0;0;0;0;0;0;0;0
16.06.2024;22:41;A116;1;0;0;3;13;3;7;0;0;0;0;0;0;0;0;0;0
16.06.2024;22:40;A116;1;4;5;1;4;1;1;0;0;0;0;0;0;0;0;0;0
16.06.2024;22:39;A116;1;1;3;2;4;1;1;0;0;0;0;0;0;0;0;0;0
16.06.2024;22:38;A116;1;2;6;2;19;4;5;0;0;0;0;0;0;0;0;0;0
16.06.2024;22:37;A116;1;2;2;2;12;1;6;0;0;0;0;0;0;0;0;0;0
16.06.2024;22:36;A116;1;6;14;2;10;2;2;0;0;0;0;0;0;0;0;0;0
16.06.2024;22:35;A116;1;2;1;2;24;4;23;0;0;0;0;1;2;0;0;0;0
16.06.2024;22:34;A116;1;1;3;1;7;1;1;0;0;0;0;2;9;0;0;0;0
16.06.2024;22:33;A116;1;2;8;1;7;1;1;0;0;0;0;0;0;0;0;0;0
16.06.2024;22:32;A116;1;2;9;5;21;5;8;0;0;0;0;0;0;0;0;0;0
16.06.2024;22:31;A116;1;2;9;2;11;2;4;0;0;0;0;1;5;0;0;0;0
16.06.2024;22:30;A116;1;3;3;3;15;3;5;0;0;0;0;0;0;0;0;0;0
16.06.2024;22:29;A116;1;4;5;2;20;4;6;0;0;0;0;0;0;0;0;0;0
16.06.2024;22:28;A116;1;0;1;2;6;2;3;0;0;0;0;1;14;0;0;0;0
16.06.2024;22:27;A116;1;5;48;1;12;2;10;0;0;0;0;0;0;0;0;0;0
16.06.2024;22:26;A116;1;2;16;1;6;1;1;1;1;0;0;1;17;1;1;0;0
16.06.2024;22:25;A116;1;0;0;4;26;5;8;0;0;0;0;2;2;0;0;0;0
16.06.2024;22:24;A116;1;7;12;1;10;2;3;0;0;0;0;0;0;0;0;0;0
16.06.2024;22:23;A116;1;2;7;3;14;2;2;0;0;0;0;0;0;0;0;0;0
16.06.2024;22:22;A116;1;2;6;1;4;1;1;0;0;0;0;0;0;0;0;0;0
16.06.2024;22:21;A116;1;6;10;2;17;3;8;0;0;0;0;0;0;0;0;0;0
16.06.2024;22:20;A116;1;4;11;5;22;5;9;0;0;0;0;0;0;0;0;0;0
16.06.2024;22:19;A116;1;0;0;1;5;1;1;0;0;0;0;0;0;0;0;0;0
16.06.2024;22:18;A116;1;1;3;2;11;2;2;0;0;0;0;0;0;0;0;0;0
16.06.2024;22:17;A116;1;2;8;2;20;1;53;0;0;0;0;1;2;0;0;0;0
16.06.2024;22:16;A116;1;1;3;1;5;1;1;0;0;0;0;0;0;0;0;0;0
16.06.2024;22:15;A116;1;3;6;2;9;2;4;0;0;0;0;1;1;0;0;0;0
16.06.2024;22:14;A116;1;2;4;3;23;5;10;0;0;0;0;0;0;0;0;0;0
16.06.2024;22:13;A116;1;3;11;4;29;6;9;0;0;0;0;0;0;0;0;0;0
16.06.2024;22:12;A116;1;3;31;3;18;4;8;1;1;0;0;1;12;2;4;0;0
16.06.2024;22:11;A116;1;1;61;6;19;4;7;0;0;0;0;1;1;0;0;0;0
16.06.2024;22:10;A116;1;2;8;4;23;4;7;0;0;0;0;0;0;0;0;0;0
16.06.2024;22:09;A116;1;5;17;0;0;2;3;0;0;0;0;0;0;0;0;0;0
16.06.2024;22:08;A116;1;0;0;3;21;3;5;0;0;0;0;0;0;0;0;0;0
16.06.2024;22:07;A116;1;5;7;4;23;3;6;0;0;0;0;0;0;0;0;0;0
16.06.2024;22:06;A116;1;2;1;3;21;4;6;0;0;0;0;0;0;0;0;0;0
16.06.2024;22:05;A116;1;0;10;6;19;4;6;0;0;0;0;0;0;0;0;0;0
16.06.2024;22:04;A116;1;2;7;4;33;8;13;0;0;0;0;0;0;0;0;0;0
16.06.2024;22:03;A116;1;8;17;2;16;3;4;0;0;0;0;1;5;0;0;0;0
16.06.2024;22:02;A116;1;2;7;3;5;1;0;0;0;0;0;0;0;0;0;0;0
16.06.2024;22:01;A116;1;2;10;0;0;0;0;0;0;0;0;0;0;0;0;0;0
16.06.2024;22:00;A116;1;3;4;3;10;2;2;0;0;0;0;3;15;0;0;0;0
16.06.2024;21:59;A116;1;2;6;0;0;0;0;0;0;0;0;0;0;1;2;0;0
16.06.2024;21:58;A116;1;2;7;5;32;5;11;0;0;0;0;1;1;0;0;0;0
16.06.2024;21:57;A116;1;5;13;1;9;3;5;0;0;0;0;2;5;0;0;0;0
16.06.2024;21:56;A116;1;2;43;5;30;4;8;0;0;0;0;2;1;0;0;0;0
16.06.2024;21:55;A116;1;2;4;3;11;3;3;0;0;0;0;0;0;0;0;0;0
16.06.2024;21:54;A116;1;3;36;5;18;7;13;0;0;0;0;0;0;0;0;0;0
16.06.2024;21:53;A116;1;1;2;7;39;7;9;0;0;0;0;0;0;0;0;0;0
16.06.2024;21:52;A116;1;3;18;2;13;2;4;0;0;0;0;1;3;0;0;0;0
16.06.2024;21:51;A116;1;3;13;3;12;4;5;0;0;0;0;0;0;0;0;0;0
16.06.2024;21:50;A116;1;4;18;1;8;1;2;0;0;0;0;0;0;0;0;0;0
16.06.2024;21:49;A116;1;1;4;3;16;5;9;0;0;0;0;0;0;0;0;0;0
16.06.2024;21:48;A116;1;3;8;4;41;5;42;0;0;0;0;1;6;0;0;0;0
16.06.2024;21:47;A116;1;2;11;1;6;1;1;0;0;0;0;0;0;0;0;0;0
16.06.2024;21:46;A116;1;2;9;1;10;2;3;0;0;0;0;0;0;0;0;0;0
16.06.2024;21:45;A116;1;3;21;4;21;5;11;0;0;0;0;1;1;0;0;0;0
16.06.2024;21:44;A116;1;3;13;5;42;7;16;0;0;0;0;1;0;0;0;0;0
16.06.2024;21:43;A116;1;2;19;1;11;3;4;0;0;0;0;1;3;0;0;0;0
16.06.2024;21:42;A116;1;1;47;2;15;3;7;0;0;0;0;0;0;0;0;0;0
16.06.2024;21:41;A116;1;5;29;3;17;5;8;0;0;0;0;0;0;0;0;0;0
16.06.2024;21:40;A116;1;3;16;2;12;1;2;0;0;0;0;0;0;0;0;0;0
16.06.2024;21:39;A116;1;3;13;4;27;5;10;0;0;0;0;1;0;0;0;0;0
16.06.2024;21:38;A116;1;3;12;5;33;7;19;0;0;0;0;1;1;0;0;0;0
16.06.2024;21:37;A116;1;2;12;4;35;6;10;0;0;0;0;0;0;0;0;0;0
16.06.2024;21:36;A116;1;0;0;2;30;5;13;0;0;0;0;1;1;0;0;0;0
16.06.2024;21:35;A116;1;4;17;2;19;4;8;0;0;0;0;0;0;0;0;0;0
16.06.2024;21:34;A116;1;3;12;2;15;3;6;0;0;0;0;0;0;0;0;0;0
16.06.2024;21:33;A116;1;4;16;3;28;3;8;0;0;0;0;1;3;0;0;0;0
16.06.2024;21:32;A116;1;1;7;5;30;7;11;0;0;0;0;2;2;0;0;0;0
16.06.2024;21:31;A116;1;3;19;3;23;5;10;0;0;0;0;0;0;0;0;0;0
16.06.2024;21:30;A116;1;2;6;0;0;0;0;0;0;0;0;0;0;0;0;0;0
16.06.2024;21:29;A116;1;1;53;3;14;3;5;0;0;0;0;0;0;0;0;0;0
16.06.2024;21:28;A116;1;1;0;2;11;2;4;0;0;0;0;1;0;0;0;0;0
16.06.2024;21:27;A116;1;3;59;1;37;2;12;0;0;0;0;0;5;0;0;0;0
16.06.2024;21:26;A116;1;2;10;3;16;3;7;0;0;1;1;1;8;0;0;1;1
16.06.2024;21:25;A116;1;2;20;3;15;3;6;0;0;0;0;0;0;0;0;0;0
16.06.2024;21:24;A116;1;1;3;3;15;4;6;0;0;0;0;0;0;0;0;0;0
16.06.2024;21:23;A116;1;1;8;0;0;0;0;0;0;0;0;0;0;0;0;0;0
16.06.2024;21:22;A116;1;2;6;3;19;5;9;0;0;0;0;0;0;0;0;0;0
16.06.2024;21:21;A116;1;2;11;1;6;1;2;0;0;0;0;0;0;0;0;0;0
16.06.2024;21:20;A116;1;0;1;1;4;2;3;0;0;0;0;0;0;0;0;0;0
16.06.2024;21:19;A116;1;4;12;2;11;2;3;0;0;0;0;1;3;0;0;0;0
16.06.2024;21:18;A116;1;0;0;4;19;4;8;0;0;0;0;1;1;0;0;0;0
16.06.2024;21:17;A116;1;3;25;3;20;4;4;0;0;0;0;2;3;0;0;0;0
16.06.2024;21:16;A116;1;3;11;3;25;3;5;0;0;0;0;2;7;0;0;0;0
16.06.2024;21:15;A116;1;1;0;1;4;1;1;0;0;0;0;0;0;0;0;0;0
16.06.2024;21:14;A116;1;2;8;4;28;6;15;0;0;0;0;1;0;0;0;0;0
16.06.2024;21:13;A116;1;0;0;3;24;5;9;0;0;0;0;1;1;0;0;0;0
16.06.2024;21:12;A116;1;4;46;4;22;2;8;1;1;0;0;2;25;1;1;0;0
16.06.2024;21:11;A116;1;2;44;4;18;4;7;0;0;0;0;1;1;0;0;0;0
16.06.2024;21:10;A116;1;5;15;5;24;6;12;0;0;0;0;1;1;0;0;0;0
16.06.2024;21:09;A116;1;1;4;3;15;2;6;0;0;0;0;0;0;0;0;0;0
16.06.2024;21:08;A116;1;3;11;3;20;4;8;0;0;0;0;0;0;0;0;0;0
16.06.2024;21:07;A116;1;4;26;3;21;4;10;0;0;0;0;1;1;0;0;0;0
16.06.2024;21:06;A116;1;4;14;2;16;4;12;0;0;0;0;0;0;0;0;0;0
16.06.2024;21:05;A116;1;2;7;6;29;6;12;0;0;0;0;0;0;0;0;0;0
16.06.2024;21:04;A116;1;3;14;3;13;3;5;0;0;0;0;1;1;0;0;0;0
16.06.2024;21:03;A116;1;3;15;5;24;5;9;0;0;0;0;1;5;0;0;0;0
16.06.2024;21:02;A116;1;4;17;4;25;3;7;0;0;0;0;2;2;0;0;0;0
16.06.2024;21:01;A116;1;2;7;4;20;5;10;0;0;0;0;0;0;0;0;0;0
16.06.2024;21:00;A116;1;4;14;4;14;3;5;0;0;0;0;0;0;0;0;0;0
16.06.2024;20:59;A116;1;3;41;0;16;5;12;0;0;0;0;2;9;0;0;0;0
16.06.2024;20:58;A116;1;1;50;4;25;4;10;0;0;0;0;0;0;1;1;0;0
16.06.2024;20:57;A116;1;2;6;3;13;3;4;0;0;0;0;2;2;0;0;0;0
16.06.2024;20:56;A116;1;4;15;3;12;3;5;0;0;0;0;0;0;0;0;0;0
16.06.2024;20:55;A116;1;3;9;8;33;8;15;0;0;0;0;0;0;0;0;0;0
16.06.2024;20:54;A116;1;5;21;6;25;6;11;0;0;0;0;2;2;0;0;0;0
16.06.2024;20:53;A116;1;5;19;3;21;5;10;0;0;0;0;0;0;0;0;0;0
16.06.2024;20:52;A116;1;2;7;5;20;5;9;0;0;0;0;0;0;0;0;0;0
16.06.2024;20:51;A116;1;2;8;2;13;3;6;0;0;0;0;0;0;0;0;0;0
16.06.2024;20:50;A116;1;1;2;4;20;4;11;0;0;0;0;1;1;0;0;0;0
16.06.2024;20:49;A116;1;3;14;3;11;3;4;0;0;0;0;0;0;0;0;0;0
16.06.2024;20:48;A116;1;1;6;5;39;10;24;0;0;0;0;1;1;0;0;0;0
16.06.2024;20:47;A116;1;5;21;5;38;5;10;0;0;0;0;3;7;0;0;0;0
16.06.2024;20:46;A116;1;1;13;5;37;8;19;0;0;0;0;1;1;0;0;0;0
16.06.2024;20:45;A116;1;1;3;1;17;5;11;0;0;0;0;0;0;0;0;0;0
16.06.2024;20:44;A116;1;3;11;3;18;3;5;0;0;0;0;0;0;0;0;0;0
16.06.2024;20:43;A116;1;0;5;2;19;2;5;0;0;0;0;0;20;0;0;0;0
16.06.2024;20:42;A116;1;2;64;5;34;9;22;1;1;0;0;4;16;1;1;0;0
16.06.2024;20:41;A116;1;2;7;3;16;4;7;0;0;0;0;2;9;0;0;0;0
16.06.2024;20:40;A116;1;1;4;6;28;6;13;0;0;0;0;1;0;0;0;0;0
16.06.2024;20:39;A116;1;6;23;2;11;3;6;0;0;0;0;0;0;0;0;0;0
16.06.2024;20:38;A116;1;3;11;4;22;5;9;0;0;0;0;0;0;0;0;0;0
16.06.2024;20:37;A116;1;4;17;4;25;6;13;0;0;0;0;1;1;0;0;0;0
16.06.2024;20:36;A116;1;0;0;4;15;3;5;0;0;0;0;0;0;0;0;0;0
16.06.2024;20:35;A116;1;2;6;5;31;8;16;0;0;0;0;2;2;0;0;0;0
16.06.2024;20:34;A116;1;1;57;4;72;10;26;0;0;0;0;3;15;0;0;0;0
16.06.2024;20:33;A116;1;3;20;3;70;12;31;1;1;0;0;2;16;0;0;0;0
16.06.2024;20:32;A116;1;1;4;4;45;4;10;0;0;1;1;2;8;0;0;1;1
16.06.2024;20:31;A116;1;1;3;4;14;3;6;0;0;0;0;0;0;0;0;0;0
16.06.2024;20:30;A116;1;4;22;5;37;8;23;0;0;0;0;2;3;0;0;0;0
16.06.2024;20:29;A116;1;6;24;4;33;7;18;0;0;0;0;0;0;0;0;0;0
16.06.2024;20:28;A116;1;3;20;3;31;6;17;0;0;0;0;0;0;0;0;0;0
16.06.2024;20:27;A116;1;5;19;1;12;1;2;0;0;0;0;1;16;0;0;0;0
16.06.2024;20:26;A116;1;1;60;5;35;9;20;1;1;0;0;2;5;0;0;0;0
16.06.2024;20:25;A116;1;2;10;5;26;6;13;0;0;0;0;2;1;0;0;0;0
16.06.2024;20:24;A116;1;1;16;2;83;7;38;0;0;0;0;3;14;0;0;0;0
16.06.2024;20:23;A116;1;2;7;3;14;1;1;0;0;1;1;1;1;0;0;1;1
16.06.2024;20:22;A116;1;2;10;4;19;5;9;0;0;0;0;1;0;0;0;0;0
16.06.2024;20:21;A116;1;3;15;3;28;9;18;0;0;0;0;0;0;0;0;0;0
16.06.2024;20:20;A116;1;8;40;6;32;6;13;0;0;0;0;1;2;0;0;0;0
16.06.2024;20:19;A116;1;3;13;6;36;8;18;0;0;0;0;1;1;0;0;0;0
16.06.2024;20:18;A116;1;3;41;1;70;10;35;1;1;0;0;1;23;0;0;0;0
16.06.2024;20:17;A116;1;4;16;3;61;5;9;0;0;0;0;3;24;0;0;0;0
16.06.2024;20:16;A116;1;6;59;1;36;3;15;0;0;0;0;3;27;0;0;0;0
16.06.2024;20:15;A116;1;1;6;3;24;4;9;1;1;0;0;0;4;0;0;0;0
16.06.2024;20:14;A116;1;3;64;6;26;6;12;1;1;0;0;2;7;0;0;0;0
16.06.2024;20:13;A116;1;2;6;6;38;9;19;0;0;0;0;0;0;0;0;0;0
16.06.2024;20:12;A116;1;1;3;3;35;8;22;0;0;0;0;2;15;0;0;0;0
16.06.2024;20:11;A116;1;5;27;4;20;4;8;0;0;0;0;0;0;0;0;0;0
16.06.2024;20:10;A116;1;3;20;3;23;4;13;0;0;0;0;0;0;0;0;0;0
16.06.2024;20:09;A116;1;5;19;2;8;2;3;0;0;0;0;0;0;0;0;0;0
16.06.2024;20:08;A116;1;0;0;2;12;3;5;0;0;0;0;0;0;0;0;0;0
16.06.2024;20:07;A116;1;1;6;4;20;5;10;0;0;0;0;0;0;0;0;0;0
16.06.2024;20:06;A116;1;2;11;5;31;8;17;0;0;0;0;0;0;0;0;0;0
16.06.2024;20:05;A116;1;6;32;2;25;6;14;0;0;0;0;0;0;0;0;0;0
16.06.2024;20:04;A116;1;1;6;1;6;2;4;0;0;0;0;0;0;0;0;0;0
16.06.2024;20:03;A116;1;4;13;3;48;9;18;0;0;0;0;1;6;0;0;0;0
16.06.2024;20:02;A116;1;5;25;3;19;3;7;0;0;0;0;2;6;0;0;0;0
16.06.2024;20:01;A116;1;2;5;4;28;8;20;0;0;0;0;0;0;0;0;0;0
16.06.2024;20:00;A116;1;2;23;3;62;6;18;0;0;0;0;2;18;0;0;0;0
16.06.2024;19:59;A116;1;2;70;4;26;4;8;0;0;0;0;1;6;1;2;0;0
16.06.2024;19:58;A116;1;2;8;4;21;5;10;0;0;0;0;0;0;0;0;0;0
16.06.2024;19:57;A116;1;1;3;2;10;2;4;0;0;0;0;0;0;0;0;0;0
16.06.2024;19:56;A116;1;1;4;3;14;3;6;0;0;0;0;1;1;0;0;0;0
16.06.2024;19:55;A116;1;5;17;4;36;9;21;0;0;0;0;1;0;0;0;0;0
16.06.2024;19:54;A116;1;5;28;5;32;8;17;0;0;0;0;0;0;0;0;0;0
16.06.2024;19:53;A116;1;3;10;5;30;9;18;0;0;0;0;0;0;0;0;0;0
16.06.2024;19:52;A116;1;1;44;3;37;7;16;0;0;0;0;3;12;0;0;0;0
16.06.2024;19:51;A116;1;2;6;4;20;6;12;0;0;0;0;0;0;0;0;1;3
16.06.2024;19:50;A116;1;3;56;4;73;7;19;0;0;2;3;1;8;0;0;0;0
16.06.2024;19:49;A116;1;2;10;6;46;12;28;0;0;0;0;0;0;0;0;0;0
16.06.2024;19:48;A116;1;3;14;3;19;4;10;0;0;0;0;1;0;0;0;0;0
16.06.2024;19:47;A116;1;0;0;5;31;2;7;0;0;0;0;1;4;0;0;0;0
16.06.2024;19:46;A116;1;5;30;5;35;8;19;0;0;0;0;1;0;0;0;0;0
16.06.2024;19:45;A116;1;3;27;2;11;2;5;0;0;0;0;0;9;0;0;0;0
16.06.2024;19:44;A116;1;2;61;2;12;4;8;0;0;0;0;2;15;3;5;0;0
16.06.2024;19:43;A116;1;1;65;5;21;4;8;0;0;0;0;0;0;0;0;0;0
16.06.2024;19:42;A116;1;4;16;5;22;5;9;0;0;0;0;0;0;0;0;0;0
16.06.2024;19:41;A116;1;3;10;2;8;2;3;0;0;0;0;3;10;0;0;0;0
16.06.2024;19:40;A116;1;3;12;6;43;10;21;0;0;0;0;0;0;0;0;0;0
16.06.2024;19:39;A116;1;5;17;4;17;5;9;0;0;0;0;0;0;0;0;0;0
16.06.2024;19:38;A116;1;7;28;8;36;8;16;0;0;0;0;2;6;0;0;0;0
16.06.2024;19:37;A116;1;6;41;5;27;6;13;0;0;0;0;1;2;0;0;0;0
16.06.2024;19:36;A116;1;6;43;6;51;13;29;0;0;0;0;1;0;0;0;0;0
16.06.2024;19:35;A116;1;2;75;5;30;5;12;0;0;0;0;2;17;0;0;0;0
16.06.2024;19:34;A116;1;2;77;8;36;4;9;0;0;1;1;4;32;0;0;0;0
16.06.2024;19:33;A116;1;4;19;3;14;3;6;0;0;1;1;0;0;0;0;0;0
16.06.2024;19:32;A116;1;3;62;2;46;5;14;0;0;0;0;0;6;0;0;0;0
16.06.2024;19:31;A116;1;2;10;5;33;7;15;1;1;0;0;2;17;1;1;0;0
16.06.2024;19:30;A116;1;7;30;8;42;8;17;0;0;0;0;2;2;0;0;0;0
16.06.2024;19:29;A116;1;1;35;4;33;8;19;0;0;0;0;2;5;0;0;0;0
16.06.2024;19:28;A116;1;3;61;4;21;4;13;2;3;0;0;1;17;0;0;0;0
16.06.2024;19:27;A116;1;1;3;3;16;4;6;0;0;0;0;0;0;0;0;0;0
16.06.2024;19:26;A116;1;2;59;1;56;6;23;0;0;0;0;2;13;0;0;0;0
16.06.2024;19:25;A116;1;4;14;4;21;7;14;0;0;0;0;0;0;0;0;1;3
16.06.2024;19:24;A116;1;2;14;8;47;9;19;0;0;0;0;1;0;0;0;0;0
16.06.2024;19:23;A116;1;2;10;7;45;10;22;0;0;0;0;2;2;0;0;0;0
16.06.2024;19:22;A116;1;3;12;8;32;8;14;0;0;0;0;0;0;0;0;0;0
16.06.2024;19:21;A116;1;6;33;4;15;4;8;0;0;0;0;0;0;0;0;0;0
16.06.2024;19:20;A116;1;2;7;5;44;10;21;0;0;0;0;2;3;0;0;0;0
16.06.2024;19:19;A116;1;3;10;3;24;4;10;0;0;0;0;1;1;0;0;0;0
16.06.2024;19:18;A116;1;3;11;3;44;8;23;0;0;0;0;1;1;0;0;0;0
16.06.2024;19:17;A116;1;4;17;5;31;4;9;0;0;0;0;1;3;0;0;0;0
16.06.2024;19:16;A116;1;0;6;5;59;14;36;0;0;0;0;1;1;0;0;0;0
16.06.2024;19:15;A116;1;5;26;4;17;5;10;0;0;0;0;1;1;0;0;0;0
16.06.2024;19:14;A116;1;1;94;6;52;9;21;1;1;0;0;2;19;0;0;0;0
16.06.2024;19:13;A116;1;2;42;4;22;5;14;0;0;0;0;0;0;0;0;0;0
16.06.2024;19:12;A116;1;2;7;6;38;9;22;0;0;0;0;0;0;0;0;0;0
16.06.2024;19:11;A116;1;6;43;3;67;11;36;0;0;0;0;1;1;0;0;0;0
16.06.2024;19:10;A116;1;3;19;5;30;6;11;0;0;0;0;1;13;2;3;0;0
16.06.2024;19:09;A116;1;3;11;2;10;3;7;0;0;0;0;0;0;0;0;0;0
16.06.2024;19:08;A116;1;4;17;5;23;7;11;0;0;0;0;1;0;0;0;0;0
16.06.2024;19:07;A116;1;2;10;6;31;8;18;0;0;0;0;0;0;0;0;0;0
16.06.2024;19:06;A116;1;2;9;5;21;5;8;0;0;0;0;1;1;0;0;0;0
16.06.2024;19:05;A116;1;5;22;3;22;5;11;0;0;0;0;0;0;0;0;0;0
16.06.2024;19:04;A116;1;4;13;5;49;12;30;0;0;0;0;2;2;0;0;0;0
16.06.2024;19:03;A116;1;3;10;3;35;7;18;0;0;0;0;0;0;0;0;0;0
16.06.2024;19:02;A116;1;3;11;2;41;8;15;0;0;0;0;1;4;0;0;0;0
16.06.2024;19:01;A116;1;1;7;4;22;5;10;0;0;0;0;1;2;0;0;0;0
16.06.2024;19:00;A116;1;4;18;4;22;5;11;0;0;0;0;0;0;0;0;0;0
16.06.2024;18:59;A116;1;6;24;5;45;11;23;0;0;0;0;2;2;0;0;0;0
16.06.2024;18:58;A116;1;3;11;5;33;7;15;0;0;0;0;0;0;0;0;0;0
16.06.2024;18:57;A116;1;2;19;3;21;5;13;0;0;0;0;1;0;0;0;0;0
16.06.2024;18:56;A116;1;1;57;4;21;3;8;0;0;0;0;1;2;0;0;0;0
16.06.2024;18:55;A116;1;3;12;2;13;3;6;0;0;0;0;2;2;0;0;0;0
16.06.2024;18:54;A116;1;0;13;3;20;5;10;0;0;0;0;1;1;0;0;0;0
16.06.2024;18:53;A116;1;5;23;6;30;6;15;0;0;0;0;0;0;0;0;0;0
16.06.2024;18:52;A116;1;2;6;3;17;4;10;0;0;0;0;4;9;0;0;0;0
16.06.2024;18:51;A116;1;2;6;4;41;12;31;0;0;0;0;0;0;0;0;0;0
16.06.2024;18:50;A116;1;3;36;3;57;5;20;1;1;0;0;3;18;0;0;0;0
16.06.2024;18:49;A116;1;4;28;4;61;7;24;0;0;0;0;1;3;0;0;0;0
16.06.2024;18:48;A116;1;7;27;5;30;6;14;0;0;0;0;1;5;0;0;0;0
16.06.2024;18:47;A116;1;4;13;6;31;7;13;0;0;0;0;1;17;0;0;0;0
16.06.2024;18:46;A116;1;2;15;4;54;13;33;0;0;0;0;1;1;0;0;0;0
16.06.2024;18:45;A116;1;4;20;2;64;8;21;0;0;0;0;1;23;0;0;0;0
16.06.2024;18:44;A116;1;2;58;5;32;7;15;3;5;0;0;0;0;4;9;0;0
16.06.2024;18:43;A116;1;3;10;2;19;6;14;0;0;0;0;0;0;0;0;0;0
16.06.2024;18:42;A116;1;3;23;4;26;6;11;0;0;0;0;0;0;0;0;0;0
16.06.2024;18:41;A116;1;4;30;5;37;9;22;0;0;0;0;0;0;0;0;0;0
16.06.2024;18:40;A116;1;1;36;3;47;6;17;0;0;1;1;2;10;0;0;1;1
16.06.2024;18:39;A116;1;4;26;5;43;11;25;0;0;0;0;2;2;0;0;0;0
16.06.2024;18:38;A116;1;2;29;5;59;13;30;0;0;0;0;1;1;0;0;0;0
16.06.2024;18:37;A116;1;3;12;4;28;7;15;0;0;0;0;1;2;0;0;0;0
16.06.2024;18:36;A116;1;5;21;3;17;5;13;0;0;0;0;2;2;0;0;0;0
16.06.2024;18:35;A116;1;2;5;1;11;2;2;0;0;0;0;2;3;0;0;0;0
16.06.2024;18:34;A116;1;3;15;5;34;7;17;0;0;0;0;2;4;0;0;0;0
16.06.2024;18:33;A116;1;2;10;7;41;8;17;0;0;0;0;0;0;0;0;0;0
16.06.2024;18:32;A116;1;3;18;5;21;5;10;0;0;0;0;0;0;0;0;0;0
16.06.2024;18:31;A116;1;5;21;2;7;2;3;0;0;0;0;1;3;0;0;0;0
16.06.2024;18:30;A116;1;4;52;2;14;2;5;1;2;0;0;4;32;1;1;0;0
16.06.2024;18:29;A116;1;2;59;4;34;10;23;1;0;0;0;0;0;0;0;0;0
16.06.2024;18:28;A116;1;6;30;5;25;4;8;0;0;0;0;1;1;0;0;0;0
16.06.2024;18:27;A116;1;3;13;4;23;5;12;0;0;0;0;0;0;0;0;0;0
16.06.2024;18:26;A116;1;6;34;5;35;9;19;0;0;0;0;0;0;0;0;0;0
16.06.2024;18:25;A116;1;3;15;5;28;6;13;0;0;0;0;2;4;0;0;0;0
16.06.2024;18:24;A116;1;4;15;3;52;12;29;0;0;0;0;2;3;0;0;0;0
16.06.2024;18:23;A116;1;3;33;2;53;3;18;0;0;0;0;1;21;0;0;0;0
16.06.2024;18:22;A116;1;5;21;5;41;7;14;1;1;0;0;1;8;1;1;0;0
16.06.2024;18:21;A116;1;5;28;3;27;8;19;0;0;0;0;0;0;0;0;0;0
16.06.2024;18:20;A116;1;9;42;5;47;11;23;0;0;0;0;0;0;0;0;0;0
16.06.2024;18:19;A116;1;1;19;5;24;6;13;0;0;0;0;0;0;0;0;0;0
16.06.2024;18:18;A116;1;4;24;3;45;6;14;0;0;0;0;1;2;0;0;0;0
16.06.2024;18:17;A116;1;6;37;2;17;5;11;0;0;0;0;1;13;0;0;0;0
16.06.2024;18:16;A116;1;5;17;9;60;11;28;0;0;0;0;0;0;0;0;0;0
16.06.2024;18:15;A116;1;4;18;1;15;3;16;0;0;0;0;0;0;0;0;0;0
16.06.2024;18:14;A116;1;2;10;6;62;11;24;0;0;0;0;2;12;1;1;0;0
16.06.2024;18:13;A116;1;2;13;3;43;7;24;0;0;0;0;2;30;0;0;0;0
16.06.2024;18:12;A116;1;1;64;9;39;9;18;1;1;0;0;0;0;0;0;0;0
16.06.2024;18:11;A116;1;6;22;3;25;8;15;0;0;0;0;2;2;0;0;0;0
16.06.2024;18:10;A116;1;4;16;3;17;3;7;0;0;0;0;0;0;0;0;0;0
16.06.2024;18:09;A116;1;8;28;5;30;8;17;0;0;0;0;0;0;0;0;0;0
16.06.2024;18:08;A116;1;5;19;4;40;8;21;0;0;0;0;0;0;0;0;0;0
16.06.2024;18:07;A116;1;3;5;3;33;8;16;0;0;0;0;1;1;0;0;0;0
16.06.2024;18:06;A116;1;5;32;8;47;11;24;0;0;0;0;0;0;0;0;0;0
16.06.2024;18:05;A116;1;3;11;9;59;14;31;0;0;0;0;3;3;0;0;0;0
16.06.2024;18:04;A116;1;2;8;5;63;4;30;0;0;0;0;2;5;0;0;0;0
16.06.2024;18:03;A116;1;4;54;4;46;5;21;0;0;0;0;3;19;0;0;0;0
16.06.2024;18:02;A116;1;0;1;2;28;6;21;0;0;1;1;2;16;0;0;1;1
16.06.2024;18:01;A116;1;1;28;3;82;13;39;1;1;0;0;0;0;1;1;0;0
16.06.2024;18:00;A116;1;1;93;2;37;2;4;1;1;0;0;2;33;1;1;0;0
16.06.2024;17:59;A116;1;1;17;6;30;7;13;0;0;0;0;1;1;0;0;0;0
16.06.2024;17:58;A116;1;3;11;6;28;6;13;0;0;0;0;0;0;0;0;0;0
16.06.2024;17:57;A116;1;4;21;4;27;7;14;0;0;0;0;0;0;0;0;0;0
16.06.2024;17:56;A116;1;4;19;4;35;10;25;0;0;0;0;1;2;0;0;0;0
16.06.2024;17:55;A116;1;4;45;2;91;10;28;0;0;0;0;4;35;0;0;0;0
16.06.2024;17:54;A116;1;5;17;4;30;5;16;0;0;1;1;0;0;0;0;0;0
16.06.2024;17:53;A116;1;4;15;6;45;9;22;0;0;0;0;0;0;0;0;0;0
16.06.2024;17:52;A116;1;0;0;4;22;5;10;0;0;0;0;0;0;0;0;0;0
16.06.2024;17:51;A116;1;2;7;5;27;6;14;0;0;0;0;0;0;0;0;0;0
16.06.2024;17:50;A116;1;7;27;3;40;11;24;0;0;0;0;1;0;0;0;0;0
16.06.2024;17:49;A116;1;3;14;5;26;5;11;0;0;0;0;1;1;0;0;0;0
16.06.2024;17:48;A116;1;2;23;2;73;12;50;0;0;0;0;2;4;0;0;0;0
16.06.2024;17:47;A116;1;2;34;2;87;7;14;1;1;0;0;2;6;0;0;0;0
16.06.2024;17:46;A116;1;2;24;1;38;8;37;1;1;0;0;2;20;1;1;0;0
16.06.2024;17:45;A116;1;1;49;1;79;4;17;0;0;1;1;2;16;0;0;0;0
16.06.2024;17:44;A116;1;2;7;3;22;5;11;0;0;0;0;0;0;0;0;0;0
16.06.2024;17:43;A116;1;3;29;6;37;10;20;0;0;1;1;2;2;0;0;1;1
16.06.2024;17:42;A116;1;5;17;3;38;10;24;0;0;0;0;0;0;0;0;0;0
16.06.2024;17:41;A116;1;6;30;5;36;9;21;0;0;0;0;1;3;0;0;0;0
16.06.2024;17:40;A116;1;3;10;5;32;6;13;0;0;0;0;2;3;0;0;0;0
16.06.2024;17:39;A116;1;2;26;4;21;6;14;0;0;0;0;0;0;0;0;0;0
16.06.2024;17:38;A116;1;4;42;5;35;5;11;1;1;0;0;1;7;0;0;0;0
16.06.2024;17:37;A116;1;2;62;3;19;4;10;0;0;0;0;2;21;0;0;0;0
16.06.2024;17:36;A116;1;5;29;5;56;14;35;1;1;0;0;0;0;0;0;0;0
16.06.2024;17:35;A116;1;5;35;4;34;6;10;0;0;0;0;2;5;0;0;0;0
16.06.2024;17:34;A116;1;5;18;3;26;6;13;0;0;0;0;0;0;0;0;0;0
16.06.2024;17:33;A116;1;4;24;2;10;3;6;0;0;0;0;0;0;0;0;0;0
16.06.2024;17:32;A116;1;3;15;6;44;11;25;0;0;0;0;0;0;0;0;0;0
16.06.2024;17:31;A116;1;3;8;9;54;12;28;0;0;0;0;3;3;0;0;0;0
16.06.2024;17:30;A116;1;5;20;8;46;10;23;0;0;0;0;1;1;0;0;0;0
16.06.2024;17:29;A116;1;1;34;2;17;5;10;0;0;0;0;2;9;0;0;0;0
16.06.2024;17:28;A116;1;2;72;3;28;6;19;1;1;0;0;2;26;1;3;0;0
16.06.2024;17:27;A116;1;2;22;8;35;8;18;0;0;0;0;1;0;0;0;0;0
16.06.2024;17:26;A116;1;2;21;4;59;10;45;0;0;0;0;2;3;0;0;0;0
16.06.2024;17:25;A116;1;3;34;3;85;7;20;1;1;0;0;3;27;0;0;0;0
16.06.2024;17:24;A116;1;3;35;2;27;1;2;2;3;0;0;0;0;0;0;0;0
16.06.2024;17:23;A116;1;3;45;5;39;9;24;0;0;0;0;0;0;0;0;0;0
16.06.2024;17:22;A116;1;3;23;3;29;5;9;0;0;1;1;1;16;0;0;0;0
16.06.2024;17:21;A116;1;5;19;2;13;3;6;0;0;0;0;1;1;0;0;0;0
16.06.2024;17:20;A116;1;4;14;4;31;8;17;0;0;0;0;0;0;0;0;0;0
16.06.2024;17:19;A116;1;6;18;4;30;8;16;0;0;0;0;3;6;0;0;0;0
16.06.2024;17:18;A116;1;5;29;2;13;1;2;0;0;0;0;0;0;0;0;0;0
16.06.2024;17:17;A116;1;2;13;3;31;9;21;0;0;0;0;0;0;0;0;0;0
16.06.2024;17:16;A116;1;6;25;2;15;3;5;0;0;0;0;0;0;0;0;0;0
16.06.2024;17:15;A116;1;4;19;5;28;9;18;0;0;0;0;0;0;0;0;0;0
16.06.2024;17:14;A116;1;2;52;2;10;1;2;1;1;0;0;2;28;0;0;0;0
16.06.2024;17:13;A116;1;1;48;2;9;2;4;0;0;0;0;0;0;0;0;0;0
16.06.2024;17:12;A116;1;6;30;2;16;3;9;0;0;0;0;0;0;0;0;0;0
16.06.2024;17:11;A116;1;5;24;4;28;7;16;0;0;0;0;1;1;0;0;0;0
16.06.2024;17:10;A116;1;4;14;6;23;6;11;0;0;0;0;0;0;0;0;0;0
16.06.2024;17:09;A116;1;3;11;7;36;10;19;0;0;0;0;1;1;0;0;0;0
16.06.2024;17:08;A116;1;3;12;3;41;8;23;0;0;0;0;0;0;0;0;0;0
16.06.2024;17:07;A116;1;5;17;1;4;1;2;0;0;0;0;0;0;0;0;0;0
16.06.2024;17:06;A116;1;5;58;3;33;4;11;0;0;0;0;1;12;0;0;0;0
16.06.2024;17:05;A116;1;5;23;2;8;2;3;1;1;0;0;1;4;0;0;0;0
16.06.2024;17:04;A116;1;1;6;4;26;8;16;0;0;0;0;1;5;0;0;0;0
16.06.2024;17:03;A116;1;4;6;6;44;8;18;0;0;0;0;2;5;0;0;0;0
16.06.2024;17:02;A116;1;6;31;3;38;9;20;0;0;0;0;0;0;0;0;0;0
16.06.2024;17:01;A116;1;5;18;3;12;3;5;0;0;0;0;1;1;0;0;0;0
16.06.2024;17:00;A116;1;2;58;1;53;4;11;0;0;0;0;1;15;0;0;0;0
16.06.2024;16:59;A116;1;2;77;7;38;6;11;1;1;0;0;1;1;0;0;0;0
16.06.2024;16:58;A116;1;3;24;3;40;9;24;0;0;0;0;1;1;0;0;0;0
16.06.2024;16:57;A116;1;3;18;7;31;7;14;0;0;0;0;0;0;0;0;0;0
16.06.2024;16:56;A116;1;3;12;4;25;6;12;0;0;0;0;1;15;0;0;0;0
16.06.2024;16:55;A116;1;2;10;5;26;5;12;0;0;0;0;1;5;0;0;0;0
16.06.2024;16:54;A116;1;5;26;5;26;5;14;0;0;0;0;1;2;0;0;0;0
16.06.2024;16:53;A116;1;5;34;4;21;5;10;0;0;0;0;0;0;0;0;0;0
16.06.2024;16:52;A116;1;1;3;7;50;9;22;0;0;0;0;1;1;0;0;0;0
16.06.2024;16:51;A116;1;5;18;4;38;11;23;0;0;0;0;0;0;0;0;0;0
16.06.2024;16:50;A116;1;1;4;1;13;2;3;0;0;0;0;1;13;0;0;0;0
16.06.2024;16:49;A116;1;5;17;6;43;11;28;0;0;0;0;3;5;0;0;0;0
16.06.2024;16:48;A116;1;2;62;4;71;5;11;1;1;0;0;2;17;0;0;0;0
16.06.2024;16:47;A116;1;3;30;0;75;9;14;0;0;0;0;4;11;0;0;0;0
16.06.2024;16:46;A116;1;7;29;4;33;8;17;1;1;0;0;2;4;0;0;0;0
16.06.2024;16:45;A116;1;3;10;6;55;13;28;0;0;0;0;1;1;0;0;0;0
16.06.2024;16:44;A116;1;4;20;9;58;14;28;0;0;0;0;1;1;0;0;0;0
16.06.2024;16:43;A116;1;6;25;2;18;3;7;0;0;0;0;0;0;0;0;0;0
16.06.2024;16:42;A116;1;5;25;3;20;5;8;0;0;0;0;1;1;0;0;0;0
16.06.2024;16:41;A116;1;2;45;4;18;5;9;0;0;0;0;0;0;0;0;0;0
16.06.2024;16:40;A116;1;1;2;2;32;8;20;0;0;0;0;0;0;0;0;0;0
16.06.2024;16:39;A116;1;2;14;7;35;7;14;0;0;0;0;0;0;0;0;0;0
16.06.2024;16:38;A116;1;1;9;7;44;9;19;0;0;0;0;1;0;0;0;0;0
16.06.2024;16:37;A116;1;4;20;5;30;6;14;0;0;0;0;0;0;0;0;0;0
16.06.2024;16:36;A116;1;3;13;8;53;8;17;0;0;0;0;3;8;0;0;0;0
16.06.2024;16:35;A116;1;2;7;4;68;12;44;0;0;0;0;2;2;0;0;0;0
16.06.2024;16:34;A116;1;4;22;4;53;2;4;0;0;1;1;1;15;0;0;0;0
16.06.2024;16:33;A116;1;5;25;2;8;2;4;0;0;0;0;1;1;0;0;0;0
16.06.2024;16:32;A116;1;4;21;2;11;4;8;0;0;0;0;0;0;0;0;0;0
16.06.2024;16:31;A116;1;2;10;6;32;7;15;0;0;0;0;0;0;0;0;0;0
16.06.2024;16:30;A116;1;5;18;5;22;4;6;0;0;0;0;0;0;0;0;0;0
16.06.2024;16:29;A116;1;2;32;2;22;4;9;0;0;2;3;2;16;0;0;1;3
16.06.2024;16:28;A116;1;4;23;4;22;6;13;0;0;0;0;0;0;0;0;0;0
16.06.2024;16:27;A116;1;0;6;3;16;3;6;0;0;0;0;0;0;0;0;0;0
16.06.2024;16:26;A116;1;6;62;4;52;11;38;0;0;0;0;0;0;0;0;0;0
16.06.2024;16:25;A116;1;3;16;1;88;4;32;0;0;0;0;2;23;0;0;0;0
16.06.2024;16:24;A116;1;6;28;5;36;7;14;1;3;0;0;0;0;1;1;0;0
16.06.2024;16:23;A116;1;3;7;6;39;10;22;0;0;0;0;2;2;0;0;0;0
16.06.2024;16:22;A116;1;6;24;5;32;6;14;0;0;0;0;0;0;0;0;0;0
16.06.2024;16:21;A116;1;5;12;5;34;9;15;0;0;0;0;0;0;0;0;0;0
16.06.2024;16:20;A116;1;2;11;4;23;5;11;0;0;0;0;0;0;0;0;0;0
16.06.2024;16:19;A116;1;5;30;6;32;8;15;0;0;0;0;0;0;0;0;0;0
16.06.2024;16:18;A116;1;5;22;5;38;10;20;0;0;0;0;2;4;0;0;0;0
16.06.2024;16:17;A116;1;7;27;2;26;4;4;0;0;0;0;3;8;0;0;0;0
16.06.2024;16:16;A116;1;1;48;2;50;3;14;0;0;0;0;3;32;0;0;0;0
16.06.2024;16:15;A116;1;2;56;3;19;3;6;2;3;0;0;1;9;1;2;0;0
16.06.2024;16:14;A116;1;3;13;5;22;4;8;0;0;0;0;0;0;0;0;0;0
16.06.2024;16:13;A116;1;2;7;4;28;3;13;0;0;1;1;2;13;0;0;0;0
16.06.2024;16:12;A116;1;4;23;3;29;8;16;0;0;0;0;0;0;0;0;0;0
16.06.2024;16:11;A116;1;4;26;5;19;6;15;0;0;0;0;1;2;0;0;0;0
16.06.2024;16:10;A116;1;7;43;4;37;4;10;0;0;0;0;1;4;1;1;0;0
16.06.2024;16:09;A116;1;4;15;4;35;8;23;0;0;0;0;0;0;0;0;0;0
16.06.2024;16:08;A116;1;3;12;5;36;9;16;0;0;0;0;0;0;0;0;0;0
16.06.2024;16:07;A116;1;3;21;7;37;8;16;0;0;0;0;1;1;0;0;0;0
16.06.2024;16:06;A116;1;3;10;6;39;9;20;0;0;0;0;1;4;0;0;0;0
16.06.2024;16:05;A116;1;1;6;2;54;11;33;0;0;0;0;0;0;0;0;0;0
16.06.2024;16:04;A116;1;2;11;4;21;5;10;0;0;0;0;0;0;0;0;0;0
16.06.2024;16:03;A116;1;6;21;2;23;7;15;0;0;0;0;2;2;0;0;0;0
16.06.2024;16:02;A116;1;5;34;6;41;9;26;0;0;0;0;0;0;0;0;0;0
16.06.2024;16:01;A116;1;4;20;5;24;5;8;0;0;0;0;0;0;0;0;0;0
16.06.2024;16:00;A116;1;3;18;6;34;9;20;0;0;0;0;0;0;0;0;0;0
16.06.2024;15:59;A116;1;1;7;5;39;7;16;1;1;0;0;3;21;1;1;0;0
16.06.2024;15:58;A116;1;2;49;0;0;0;0;0;0;0;0;0;0;0;0;0;0
16.06.2024;15:57;A116;1;1;18;4;31;8;16;0;0;0;0;0;0;0;0;0;0
16.06.2024;15:56;A116;1;4;27;3;65;6;27;0;0;0;0;1;6;0;0;0;0
16.06.2024;15:55;A116;1;3;23;2;28;3;6;1;1;0;0;1;14;0;0;0;0
16.06.2024;15:54;A116;1;4;14;2;10;1;2;0;0;0;0;0;0;0;0;0;0
16.06.2024;15:53;A116;1;4;15;5;31;8;18;0;0;0;0;0;0;0;0;0;0
16.06.2024;15:52;A116;1;4;16;5;26;6;12;0;0;0;0;1;0;0;0;0;0
16.06.2024;15:51;A116;1;4;14;3;27;7;16;0;0;0;0;0;0;0;0;0;0
16.06.2024;15:50;A116;1;2;5;7;35;7;13;0;0;0;0;2;7;0;0;0;0
16.06.2024;15:49;A116;1;4;15;5;26;5;10;0;0;0;0;0;0;0;0;0;0
16.06.2024;15:48;A116;1;6;27;6;47;9;24;0;0;0;0;1;1;0;0;0;0
16.06.2024;15:47;A116;1;5;19;6;30;7;14;0;0;0;0;0;0;0;0;0;0
16.06.2024;15:46;A116;1;8;27;6;29;8;15;0;0;0;0;0;0;0;0;0;0
16.06.2024;15:45;A116;1;2;40;2;22;6;12;1;1;0;0;1;32;0;0;0;0
16.06.2024;15:44;A116;1;1;40;4;15;3;6;0;0;0;0;0;0;0;0;0;0
16.06.2024;15:43;A116;1;4;33;2;49;3;17;0;0;0;0;1;8;0;0;0;0
16.06.2024;15:42;A116;1;1;46;1;42;6;22;1;1;0;0;2;3;1;1;0;0
16.06.2024;15:41;A116;1;5;51;2;42;2;4;0;0;1;1;2;14;0;0;0;0
16.06.2024;15:40;A116;1;3;12;4;23;4;12;0;0;0;0;1;1;0;0;0;0
16.06.2024;15:39;A116;1;0;3;6;52;11;29;0;0;0;0;0;0;0;0;0;0
16.06.2024;15:38;A116;1;7;24;2;11;3;6;0;0;0;0;2;3;0;0;0;0
16.06.2024;15:37;A116;1;0;0;4;38;6;24;0;0;1;1;3;13;0;0;1;1
16.06.2024;15:36;A116;1;4;38;5;30;6;15;0;0;0;0;0;0;0;0;0;0
16.06.2024;15:35;A116;1;3;48;5;33;8;16;0;0;1;1;1;17;0;0;0;0
16.06.2024;15:34;A116;1;2;9;6;49;10;26;0;0;0;0;0;0;0;0;0;0
16.06.2024;15:33;A116;1;2;13;3;28;4;5;0;0;0;0;2;6;0;0;0;0
16.06.2024;15:32;A116;1;4;19;4;18;4;6;0;0;0;0;0;0;0;0;0;0
16.06.2024;15:31;A116;1;5;17;5;29;6;15;0;0;0;0;0;0;0;0;0;0
16.06.2024;15:30;A116;1;1;21;3;29;5;12;1;1;0;0;3;24;1;1;0;0
16.06.2024;15:29;A116;1;3;63;2;29;8;17;0;0;0;0;1;0;0;0;0;0
16.06.2024;15:28;A116;1;3;10;4;32;6;12;0;0;0;0;2;3;0;0;0;0
16.06.2024;15:27;A116;1;4;20;4;34;8;17;0;0;0;0;2;13;0;0;0;0
16.06.2024;15:26;A116;1;7;30;5;26;6;12;0;0;0;0;1;1;0;0;0;0
16.06.2024;15:25;A116;1;4;19;5;48;12;37;0;0;0;0;4;8;0;0;0;0
16.06.2024;15:24;A116;1;1;53;4;81;5;15;1;1;0;0;1;18;0;0;0;0
16.06.2024;15:23;A116;1;4;56;2;34;3;13;0;0;1;1;3;34;0;0;2;11
16.06.2024;15:22;A116;1;3;11;5;36;9;22;0;0;0;0;2;4;0;0;0;0
16.06.2024;15:21;A116;1;5;19;8;58;16;36;0;0;0;0;2;3;0;0;0;0
16.06.2024;15:20;A116;1;1;11;3;54;10;32;0;0;0;0;0;0;0;0;0;0
16.06.2024;15:19;A116;1;6;22;6;37;9;19;0;0;0;0;0;0;0;0;0;0
16.06.2024;15:18;A116;1;6;29;7;50;12;28;0;0;0;0;1;3;0;0;0;0
16.06.2024;15:17;A116;1;4;15;5;55;7;24;0;0;0;0;2;6;0;0;0;0
16.06.2024;15:16;A116;1;3;13;4;33;8;19;0;0;0;0;2;2;0;0;0;0
16.06.2024;15:15;A116;1;3;21;5;44;9;21;0;0;0;0;1;1;0;0;0;0
16.06.2024;15:14;A116;1;5;23;5;32;7;15;0;0;0;0;0;0;0;0;0;0
16.06.2024;15:13;A116;1;4;22;2;71;13;47;0;0;0;0;1;3;0;0;0;0
16.06.2024;15:12;A116;1;1;10;2;34;5;11;1;1;0;0;2;21;1;2;0;0
16.06.2024;15:11;A116;1;4;64;3;22;5;11;0;0;0;0;0;0;0;0;0;0
16.06.2024;15:10;A116;1;5;22;3;26;6;14;0;0;0;0;5;9;0;0;0;0
16.06.2024;15:09;A116;1;4;15;2;15;5;11;0;0;0;0;0;0;0;0;0;0
16.06.2024;15:08;A116;1;3;11;6;31;6;12;0;0;0;0;1;0;0;0;0;0
16.06.2024;15:07;A116;1;1;3;3;16;5;9;0;0;0;0;0;0;0;0;0;0
16.06.2024;15:06;A116;1;1;3;5;34;8;19;0;0;0;0;4;12;0;0;0;0
16.06.2024;15:05;A116;1;5;33;3;12;4;8;0;0;0;0;0;0;0;0;0;0
16.06.2024;15:04;A116;1;4;19;6;32;7;14;0;0;0;0;0;0;0;0;0;0
16.06.2024;15:03;A116;1;5;68;0;60;7;41;0;0;0;0;1;3;0;0;0;0
16.06.2024;15:02;A116;1;7;47;4;50;6;14;2;4;0;0;3;9;2;14;0;0
16.06.2024;15:01;A116;1;3;14;5;31;6;12;0;0;0;0;0;0;0;0;0;0
16.06.2024;15:00;A116;1;2;9;5;36;8;18;0;0;0;0;0;0;0;0;0;0
16.06.2024;14:59;A116;1;7;25;6;46;11;26;0;0;0;0;0;0;0;0;0;0
16.06.2024;14:58;A116;1;2;7;7;46;10;22;0;0;0;0;0;0;0;0;0;0
16.06.2024;14:57;A116;1;1;3;4;16;3;5;0;0;0;0;1;17;0;0;0;0
16.06.2024;14:56;A116;1;3;80;7;39;9;19;1;1;0;0;2;2;0;0;0;0
16.06.2024;14:55;A116;1;1;3;2;18;5;9;0;0;0;0;1;0;0;0;0;0
16.06.2024;14:54;A116;1;5;20;4;22;5;10;0;0;0;0;0;2;0;0;0;0
16.06.2024;14:53;A116;1;3;18;5;25;6;11;0;0;0;0;3;15;0;0;0;0
16.06.2024;14:52;A116;1;6;28;4;22;6;13;0;0;0;0;0;0;0;0;0;0
16.06.2024;14:51;A116;1;5;22;8;37;8;21;0;0;0;0;0;0;0;0;0;0
16.06.2024;14:50;A116;1;3;19;7;61;10;19;0;0;0;0;1;4;0;0;0;0
16.06.2024;14:49;A116;1;6;35;3;19;3;8;0;0;0;0;2;2;0;0;0;0
16.06.2024;14:48;A116;1;6;21;2;12;3;5;0;0;0;0;1;0;0;0;0;0
16.06.2024;14:47;A116;1;3;2;4;20;5;11;0;0;0;0;0;0;0;0;0;0
16.06.2024;14:46;A116;1;2;6;6;25;6;11;0;0;0;0;1;3;0;0;0;0
16.06.2024;14:45;A116;1;5;21;8;49;11;23;0;0;0;0;2;4;0;0;0;0
16.06.2024;14:44;A116;1;5;8;5;42;9;21;0;0;0;0;0;0;0;0;0;0
16.06.2024;14:43;A116;1;2;7;4;17;3;5;0;0;0;0;1;1;0;0;0;0
16.06.2024;14:42;A116;1;2;53;3;28;8;20;0;0;0;0;1;0;0;0;0;0
16.06.2024;14:41;A116;1;8;42;4;41;9;19;0;0;0;0;1;0;0;0;0;0
16.06.2024;14:40;A116;1;2;23;6;39;7;19;0;0;0;0;1;1;0;0;0;0
16.06.2024;14:39;A116;1;2;21;4;15;5;9;0;0;0;0;0;0;0;0;0;0
16.06.2024;14:38;A116;1;3;13;4;28;6;12;0;0;0;0;0;0;0;0;0;0
16.06.2024;14:37;A116;1;7;29;8;44;9;19;0;0;0;0;1;0;0;0;0;0
16.06.2024;14:36;A116;1;6;22;5;29;6;15;0;0;0;0;0;0;0;0;0;0
16.06.2024;14:35;A116;1;2;11;7;55;13;30;0;0;0;0;1;1;0;0;0;0
16.06.2024;14:34;A116;1;7;39;5;62;9;28;0;0;0;0;2;4;0;0;0;0
16.06.2024;14:33;A116;1;4;39;3;26;5;13;0;0;0;0;0;0;0;0;0;0
16.06.2024;14:32;A116;1;1;25;5;43;10;26;0;0;0;0;0;0;0;0;0;0
16.06.2024;14:31;A116;1;1;57;1;7;2;4;1;1;0;0;3;21;1;1;0;0
16.06.2024;14:30;A116;1;5;48;3;24;6;12;0;0;0;0;0;0;0;0;0;0
16.06.2024;14:29;A116;1;3;16;4;23;7;15;0;0;0;0;0;0;0;0;0;0
16.06.2024;14:28;A116;1;4;13;6;41;8;18;0;0;0;0;0;0;0;0;0;0
16.06.2024;14:27;A116;1;2;15;3;21;5;11;0;0;0;0;0;0;0;0;0;0
16.06.2024;14:26;A116;1;6;22;3;17;4;8;0;0;0;0;1;2;0;0;0;0
16.06.2024;14:25;A116;1;4;18;3;16;4;8;0;0;0;0;3;6;0;0;0;0
16.06.2024;14:24;A116;1;5;18;4;20;6;12;0;0;0;0;0;0;0;0;0;0
16.06.2024;14:23;A116;1;0;5;5;25;5;9;0;0;0;0;1;0;0;0;0;0
16.06.2024;14:22;A116;1;7;30;3;23;5;10;0;0;0;0;0;0;0;0;0;0
16.06.2024;14:21;A116;1;0;0;3;11;3;5;0;0;0;0;0;0;0;0;0;0
16.06.2024;14:20;A116;1;6;26;5;30;4;5;0;0;0;0;3;7;0;0;0;0
16.06.2024;14:19;A116;1;4;26;2;8;3;6;0;0;0;0;0;0;0;0;0;0
16.06.2024;14:18;A116;1;3;64;3;65;5;17;1;1;0;0;3;17;0;0;0;0
16.06.2024;14:17;A116;1;6;23;6;25;6;12;1;1;0;0;0;0;1;1;0;0
16.06.2024;14:16;A116;1;3;10;2;49;12;31;0;0;0;0;1;1;0;0;0;0
16.06.2024;14:15;A116;1;2;9;5;31;8;19;0;0;0;0;1;4;0;0;0;0
16.06.2024;14:14;A116;1;6;64;5;33;5;10;0;0;0;0;1;20;0;0;0;0
16.06.2024;14:13;A116;1;2;42;2;41;9;21;1;1;0;0;2;22;1;1;0;0
16.06.2024;14:12;A116;1;2;39;4;31;9;18;0;0;0;0;0;0;0;0;0;0
16.06.2024;14:11;A116;1;3;9;4;19;4;7;0;0;0;0;2;4;0;0;0;0
16.06.2024;14:10;A116;1;4;66;5;51;9;25;0;0;0;0;1;15;0;0;0;0
16.06.2024;14:09;A116;1;3;8;3;32;6;14;1;1;0;0;1;9;2;5;0;0
16.06.2024;14:08;A116;1;5;23;3;13;3;6;0;0;0;0;0;0;0;0;0;0
16.06.2024;14:07;A116;1;5;22;5;30;7;14;0;0;0;0;0;0;0;0;0;0
16.06.2024;14:06;A116;1;1;3;4;36;9;19;0;0;0;0;1;0;0;0;0;0
16.06.2024;14:05;A116;1;6;20;7;52;11;26;0;0;0;0;0;0;0;0;0;0
16.06.2024;14:04;A116;1;5;25;5;30;7;14;0;0;0;0;2;4;0;0;0;0
16.06.2024;14:03;A116;1;5;19;3;17;6;9;0;0;0;0;0;0;0;0;0;0
16.06.2024;14:02;A116;1;1;9;8;47;7;15;0;0;0;0;2;5;0;0;0;0
16.06.2024;14:01;A116;1;4;44;2;23;4;11;0;0;0;0;2;16;0;0;0;0
16.06.2024;14:00;A116;1;3;61;6;34;8;18;0;0;0;0;4;5;1;1;0;0
16.06.2024;13:59;A116;1;3;30;2;21;4;14;0;0;0;0;2;4;0;0;0;0
16.06.2024;13:58;A116;1;6;32;4;20;5;9;0;0;0;0;1;2;0;0;0;0
16.06.2024;13:57;A116;1;1;6;5;25;6;13;0;0;0;0;2;4;0;0;0;0
16.06.2024;13:56;A116;1;4;18;7;38;10;19;0;0;0;0;1;0;0;0;0;0
16.06.2024;13:55;A116;1;4;17;5;35;10;21;0;0;0;0;1;3;0;0;0;0
16.06.2024;13:54;A116;1;6;12;6;46;10;20;0;0;0;0;0;0;0;0;0;0
16.06.2024;13:53;A116;1;5;19;2;69;11;30;0;0;0;0;2;3;0;0;0;0
16.06.2024;13:52;A116;1;7;30;5;36;8;21;0;0;2;3;1;10;0;0;0;0
16.06.2024;13:51;A116;1;5;44;2;36;11;29;0;0;0;0;2;3;0;0;0;0
16.06.2024;13:50;A116;1;1;45;3;35;3;7;0;0;0;0;2;7;0;0;1;1
16.06.2024;13:49;A116;1;4;24;5;31;9;20;0;0;0;0;2;2;0;0;0;0
16.06.2024;13:48;A116;1;4;24;6;43;9;15;0;0;0;0;3;2;0;0;0;0
16.06.2024;13:47;A116;1;1;3;4;34;6;15;0;0;0;0;1;4;0;0;0;0
16.06.2024;13:46;A116;1;1;3;6;45;10;21;0;0;0;0;2;4;0;0;0;0
16.06.2024;13:45;A116;1;2;22;5;41;10;21;0;0;0;0;0;0;0;0;0;0
16.06.2024;13:44;A116;1;3;50;3;14;2;4;1;1;0;0;2;16;0;0;0;0
16.06.2024;13:43;A116;1;2;48;1;19;4;10;0;0;0;0;1;0;0;0;0;0
16.06.2024;13:42;A116;1;3;16;5;35;8;17;0;0;0;0;1;1;0;0;0;0
16.06.2024;13:41;A116;1;4;22;5;38;10;23;0;0;0;0;2;2;0;0;0;0
16.06.2024;13:40;A116;1;4;12;5;57;13;30;0;0;0;0;0;0;0;0;0;0
16.06.2024;13:39;A116;1;2;7;7;37;8;14;0;0;0;0;0;0;0;0;0;0
16.06.2024;13:38;A116;1;3;20;2;33;7;20;0;0;0;0;1;1;0;0;0;0
16.06.2024;13:37;A116;1;2;43;4;38;6;14;0;0;1;1;2;21;0;0;1;1
16.06.2024;13:36;A116;1;3;20;6;41;11;22;0;0;0;0;0;0;0;0;0;0
16.06.2024;13:35;A116;1;2;41;3;60;7;17;2;3;0;0;2;8;0;0;0;0
16.06.2024;13:34;A116;1;4;21;4;31;5;8;0;0;0;0;1;0;0;0;0;0
16.06.2024;13:33;A116;1;1;4;4;35;8;17;0;0;0;0;0;0;0;0;0;0
16.06.2024;13:32;A116;1;6;20;3;15;4;7;0;0;0;0;0;0;0;0;0;0
16.06.2024;13:31;A116;1;3;15;2;26;7;15;0;0;0;0;1;1;0;0;0;0
16.06.2024;13:30;A116;1;4;31;6;38;9;19;0;0;0;0;1;6;0;0;0;0
16.06.2024;13:29;A116;1;3;15;3;14;4;7;0;0;0;0;2;4;0;0;0;0
16.06.2024;13:28;A116;1;5;27;6;34;9;18;0;0;0;0;0;0;0;0;0;0
16.06.2024;13:27;A116;1;5;16;4;22;4;6;0;0;0;0;1;2;0;0;0;0
16.06.2024;13:26;A116;1;2;64;3;13;4;6;0;0;0;0;3;4;0;0;0;0
16.06.2024;13:25;A116;1;3;16;4;25;6;12;0;0;0;0;0;0;0;0;0;0
16.06.2024;13:24;A116;1;7;25;4;20;5;10;0;0;0;0;0;0;0;0;0;0
16.06.2024;13:23;A116;1;2;8;3;12;3;4;0;0;0;0;0;0;0;0;0;0
16.06.2024;13:22;A116;1;2;37;3;65;9;31;0;0;0;0;3;7;0;0;0;0
16.06.2024;13:21;A116;1;3;24;5;58;8;17;0;0;0;0;3;26;0;0;1;2
16.06.2024;13:20;A116;1;5;19;6;41;8;20;0;0;0;0;1;0;0;0;0;0
16.06.2024;13:19;A116;1;6;20;5;33;8;17;0;0;0;0;0;0;0;0;0;0
16.06.2024;13:18;A116;1;5;18;3;26;3;8;0;0;0;0;2;8;0;0;0;0
16.06.2024;13:17;A116;1;2;6;5;37;9;20;0;0;0;0;0;0;0;0;0;0
16.06.2024;13:16;A116;1;2;9;5;21;4;8;0;0;0;0;1;1;0;0;0;0
16.06.2024;13:15;A116;1;2;6;5;25;7;14;0;0;0;0;1;0;0;0;0;0
16.06.2024;13:14;A116;1;3;14;4;19;4;8;0;0;0;0;0;0;0;0;0;0
16.06.2024;13:13;A116;1;5;64;3;17;4;8;0;0;0;0;1;1;0;0;0;0
16.06.2024;13:12;A116;1;3;25;4;17;4;7;0;0;0;0;3;5;0;0;0;0
16.06.2024;13:11;A116;1;8;30;1;7;2;4;0;0;0;0;1;3;0;0;0;0
16.06.2024;13:10;A116;1;3;11;3;41;10;22;0;0;0;0;0;0;0;0;0;0
16.06.2024;13:09;A116;1;5;20;5;30;8;17;0;0;0;0;2;3;0;0;0;0
16.06.2024;13:08;A116;1;5;22;4;20;3;6;0;0;0;0;0;0;0;0;0;0
16.06.2024;13:07;A116;1;7;26;5;56;15;35;0;0;0;0;1;1;0;0;0;0
16.06.2024;13:06;A116;1;5;20;5;28;6;14;0;0;0;0;1;1;0;0;0;0
16.06.2024;13:05;A116;1;1;6;6;32;8;16;0;0;0;0;0;0;0;0;0;0
16.06.2024;13:04;A116;1;4;14;6;33;5;9;0;0;0;0;2;7;0;0;0;0
16.06.2024;13:03;A116;1;4;23;4;23;6;15;0;0;0;0;0;0;0;0;0;0
16.06.2024;13:02;A116;1;5;24;5;53;11;28;0;0;0;0;1;2;0;0;0;0
16.06.2024;13:01;A116;1;5;22;7;50;11;25;0;0;0;0;1;1;0;0;0;0
16.06.2024;13:00;A116;1;5;24;6;48;9;23;0;0;0;0;1;1;0;0;0;0
16.06.2024;12:59;A116;1;4;17;6;37;8;16;0;0;0;0;0;0;0;0;0;0
16.06.2024;12:58;A116;1;1;4;3;41;12;28;0;0;0;0;1;1;0;0;0;0
16.06.2024;12:57;A116;1;3;82;3;74;7;18;1;1;0;0;2;12;0;0;0;0
16.06.2024;12:56;A116;1;1;38;6;46;12;26;0;0;0;0;0;0;0;0;0;0
16.06.2024;12:55;A116;1;7;44;6;24;5;9;0;0;0;0;0;0;0;0;0;0
16.06.2024;12:54;A116;1;7;29;4;27;7;13;0;0;0;0;0;0;0;0;0;0
16.06.2024;12:53;A116;1;6;19;5;30;7;14;0;0;0;0;1;7;0;0;0;0
16.06.2024;12:52;A116;1;3;14;6;30;7;15;0;0;0;0;0;0;0;0;0;0
16.06.2024;12:51;A116;1;5;22;6;32;8;15;0;0;0;0;1;1;0;0;0;0
16.06.2024;12:50;A116;1;7;43;7;42;9;19;0;0;0;0;0;0;0;0;0;0
16.06.2024;12:49;A116;1;9;45;3;21;5;12;0;0;0;0;0;0;0;0;0;0
16.06.2024;12:48;A116;1;4;14;4;42;10;39;0;0;0;0;3;4;0;0;0;0
16.06.2024;12:47;A116;1;5;24;4;51;6;19;0;0;0;0;1;5;0;0;0;0
16.06.2024;12:46;A116;1;3;13;3;20;5;10;0;0;0;0;1;15;0;0;0;0
16.06.2024;12:45;A116;1;5;66;6;30;9;21;0;0;0;0;0;0;0;0;0;0
16.06.2024;12:44;A116;1;1;18;4;29;4;8;0;0;0;0;1;1;0;0;0;0
16.06.2024;12:43;A116;1;4;21;5;21;6;10;0;0;0;0;1;1;0;0;0;0
16.06.2024;12:42;A116;1;9;32;1;18;5;9;0;0;0;0;0;0;0;0;0;0
16.06.2024;12:41;A116;1;2;36;6;42;8;16;0;0;0;0;1;3;0;0;0;0
16.06.2024;12:40;A116;1;4;51;5;27;6;12;1;1;0;0;2;15;0;0;0;0
16.06.2024;12:39;A116;1;5;22;4;23;7;14;0;0;0;0;2;2;0;0;0;0
16.06.2024;12:38;A116;1;4;18;7;38;8;18;0;0;0;0;1;1;0;0;0;0
16.06.2024;12:37;A116;1;2;6;4;32;7;18;0;0;0;0;0;0;0;0;0;0
16.06.2024;12:36;A116;1;6;24;5;34;8;17;0;0;0;0;1;2;0;0;0;0
16.06.2024;12:35;A116;1;7;22;2;19;5;9;0;0;0;0;2;3;0;0;0;0
16.06.2024;12:34;A116;1;5;23;5;35;4;7;0;0;0;0;2;7;0;0;0;0
16.06.2024;12:33;A116;1;4;32;4;40;7;18;0;0;0;0;1;2;0;0;0;0
16.06.2024;12:32;A116;1;3;60;3;72;10;25;0;0;0;0;4;29;1;1;0;0
16.06.2024;12:31;A116;1;6;30;5;33;8;17;0;0;0;0;0;0;0;0;0;0
16.06.2024;12:30;A116;1;3;14;2;5;1;2;0;0;0;0;3;8;0;0;0;0
16.06.2024;12:29;A116;1;0;33;3;12;4;8;0;0;0;0;0;0;0;0;0;0
16.06.2024;12:28;A116;1;1;18;3;23;5;9;0;0;0;0;2;2;0;0;0;0
16.06.2024;12:27;A116;1;4;22;4;36;10;20;0;0;0;0;1;2;0;0;0;0
16.06.2024;12:26;A116;1;7;26;3;17;4;7;0;0;0;0;0;0;0;0;0;0
16.06.2024;12:25;A116;1;5;19;5;36;9;18;0;0;0;0;2;7;0;0;0;0
16.06.2024;12:24;A116;1;1;3;4;19;3;8;0;0;0;0;2;17;0;0;0;0
16.06.2024;12:23;A116;1;7;31;2;8;2;3;0;0;0;0;0;0;0;0;0;0
16.06.2024;12:22;A116;1;4;12;3;24;6;12;0;0;0;0;0;0;0;0;0;0
16.06.2024;12:21;A116;1;2;14;3;19;6;12;0;0;0;0;1;3;0;0;0;0
16.06.2024;12:20;A116;1;1;54;1;77;4;14;0;0;0;0;3;18;0;0;0;0
16.06.2024;12:19;A116;1;4;15;3;17;4;10;0;0;1;1;2;5;0;0;0;0
16.06.2024;12:18;A116;1;4;26;2;27;4;16;0;0;0;0;1;1;0;0;0;0
16.06.2024;12:17;A116;1;6;58;3;32;5;13;1;1;0;0;2;15;0;0;0;0
16.06.2024;12:16;A116;1;2;7;6;42;10;20;0;0;0;0;0;0;0;0;0;0
16.06.2024;12:15;A116;1;4;18;4;22;5;10;0;0;0;0;0;0;0;0;0;0
16.06.2024;12:14;A116;1;1;3;5;33;8;15;0;0;0;0;0;0;0;0;0;0
16.06.2024;12:13;A116;1;5;34;3;21;6;10;0;0;0;0;0;0;0;0;0;0
16.06.2024;12:12;A116;1;3;60;1;4;1;1;0;0;0;0;1;15;0;0;0;0
16.06.2024;12:11;A116;1;7;33;2;15;4;8;0;0;0;0;1;0;0;0;0;0
16.06.2024;12:10;A116;1;5;32;3;10;2;4;0;0;0;0;0;0;0;0;0;0
16.06.2024;12:09;A116;1;5;28;1;8;2;4;0;0;0;0;0;0;0;0;0;0
16.06.2024;12:08;A116;1;6;21;4;27;7;12;0;0;0;0;0;0;0;0;0;0
16.06.2024;12:07;A116;1;5;19;4;16;4;6;0;0;0;0;0;0;0;0;0;0
16.06.2024;12:06;A116;1;2;36;5;48;5;13;0;0;0;0;3;21;0;0;0;0
16.06.2024;12:05;A116;1;2;10;2;11;3;6;1;1;0;0;1;1;0;0;0;0
16.06.2024;12:04;A116;1;5;26;1;15;5;8;0;0;0;0;0;0;0;0;0;0
16.06.2024;12:03;A116;1;2;14;3;45;10;30;0;0;0;0;2;3;0;0;0;0
16.06.2024;12:02;A116;1;3;21;2;41;4;11;1;1;0;0;2;22;0;0;0;0
16.06.2024;12:01;A116;1;4;22;5;27;6;13;0;0;0;0;0;2;0;0;0;0
16.06.2024;12:00;A116;1;3;7;1;13;3;6;0;0;0;0;1;1;0;0;0;0
16.06.2024;11:59;A116;1;2;57;3;16;5;8;0;0;0;0;1;6;0;0;0;0
16.06.2024;11:58;A116;1;3;27;7;30;7;20;0;0;0;0;2;2;0;0;0;0
16.06.2024;11:57;A116;1;3;29;2;37;8;17;0;0;1;1;1;18;0;0;0;0
16.06.2024;11:56;A116;1;3;8;5;22;4;7;0;0;0;0;0;0;0;0;0;0
16.06.2024;11:55;A116;1;4;16;3;37;8;22;0;0;0;0;2;2;0;0;0;0
16.06.2024;11:54;A116;1;5;19;5;30;7;13;0;0;0;0;1;7;0;0;0;0
16.06.2024;11:53;A116;1;6;24;4;18;4;8;0;0;0;0;1;0;0;0;0;0
16.06.2024;11:52;A116;1;8;35;5;30;7;15;0;0;0;0;2;5;0;0;0;0
16.06.2024;11:51;A116;1;3;11;5;38;10;17;0;0;0;0;0;0;0;0;0;0
16.06.2024;11:50;A116;1;2;19;3;31;9;18;0;0;0;0;1;2;0;0;0;0
16.06.2024;11:49;A116;1;3;6;6;33;9;16;0;0;0;0;1;1;0;0;0;0
16.06.2024;11:48;A116;1;3;12;4;42;3;12;0;0;0;0;3;9;0;0;0;0
16.06.2024;11:47;A116;1;1;7;5;24;6;12;0;0;0;0;0;0;0;0;0;0
16.06.2024;11:46;A116;1;3;12;4;37;8;23;0;0;0;0;1;14;0;0;0;0
16.06.2024;11:45;A116;1;1;3;5;23;7;14;0;0;0;0;0;0;0;0;0;0
16.06.2024;11:44;A116;1;6;27;4;17;4;7;0;0;0;0;0;0;0;0;0;0
16.06.2024;11:43;A116;1;2;5;2;16;4;8;0;0;0;0;0;0;0;0;0;0
16.06.2024;11:42;A116;1;2;46;6;39;7;21;0;0;0;0;2;2;0;0;0;0
16.06.2024;11:41;A116;1;5;19;7;42;10;20;0;0;0;0;0;0;0;0;0;0
16.06.2024;11:40;A116;1;4;16;5;43;11;24;0;0;0;0;2;3;0;0;0;0
16.06.2024;11:39;A116;1;8;34;1;9;2;7;0;0;0;0;0;0;0;0;0;0
16.06.2024;11:38;A116;1;0;3;4;30;7;14;0;0;0;0;1;0;0;0;0;0
16.06.2024;11:37;A116;1;7;22;4;21;5;10;0;0;0;0;0;0;0;0;0;0
16.06.2024;11:36;A116;1;3;36;2;49;9;22;0;0;0;0;1;1;0;0;0;0
16.06.2024;11:35;A116;1;6;33;4;39;7;16;0;0;1;1;1;13;0;0;1;1
16.06.2024;11:34;A116;1;0;39;4;62;6;28;0;0;0;0;3;5;0;0;0;0
16.06.2024;11:33;A116;1;1;23;6;54;13;30;0;0;1;1;2;15;0;0;1;1
16.06.2024;11:32;A116;1;1;4;4;18;5;10;0;0;0;0;1;0;0;0;0;0
16.06.2024;11:31;A116;1;3;10;5;30;7;14;0;0;0;0;1;5;0;0;0;0
16.06.2024;11:30;A116;1;1;3;5;49;12;25;0;0;0;0;1;1;0;0;0;0
16.06.2024;11:29;A116;1;3;19;2;16;4;9;0;0;0;0;0;0;0;0;0;0
16.06.2024;11:28;A116;1;2;11;1;4;2;4;0;0;0;0;3;17;0;0;0;0
16.06.2024;11:27;A116;1;2;54;4;17;4;7;0;0;0;0;1;13;1;1;0;0
16.06.2024;11:26;A116;1;4;17;3;15;3;5;0;0;0;0;1;1;0;0;0;0
16.06.2024;11:25;A116;1;2;8;1;5;2;4;0;0;0;0;0;0;0;0;0;0
16.06.2024;11:24;A116;1;3;13;3;30;8;16;0;0;0;0;0;0;0;0;0;0
16.06.2024;11:23;A116;1;5;20;3;22;4;9;0;0;0;0;0;0;0;0;0;0
16.06.2024;11:22;A116;1;4;21;4;23;7;15;0;0;0;0;0;0;0;0;0;0
16.06.2024;11:21;A116;1;5;22;1;12;4;8;0;0;0;0;0;0;0;0;0;0
16.06.2024;11:20;A116;1;2;37;3;13;3;7;0;0;0;0;2;8;0;0;0;0
16.06.2024;11:19;A116;1;5;34;6;37;6;12;1;1;0;0;1;18;0;0;0;0
16.06.2024;11:18;A116;1;2;10;4;18;6;8;0;0;0;0;2;7;0;0;0;0
16.06.2024;11:17;A116;1;7;25;5;32;9;18;0;0;0;0;0;0;0;0;0;0
16.06.2024;11:16;A116;1;2;8;5;21;4;7;0;0;0;0;1;3;0;0;0;0
16.06.2024;11:15;A116;1;4;12;0;0;0;0;0;0;0;0;0;0;0;0;0;0
16.06.2024;11:14;A116;1;5;25;4;21;6;12;0;0;0;0;0;0;0;0;0;0
16.06.2024;11:13;A116;1;2;22;2;19;3;7;1;1;0;0;1;17;0;0;0;0
16.06.2024;11:12;A116;1;3;33;6;30;8;17;0;0;0;0;4;5;0;0;0;0
16.06.2024;11:11;A116;1;3;29;1;6;2;3;0;0;0;0;0;0;0;0;0;0
16.06.2024;11:10;A116;1;2;9;6;36;8;18;0;0;0;0;1;1;0;0;0;0
16.06.2024;11:09;A116;1;1;3;5;19;6;10;0;0;0;0;2;4;0;0;0;0
16.06.2024;11:08;A116;1;5;20;6;27;6;10;0;0;0;0;0;0;0;0;0;0
16.06.2024;11:07;A116;1;3;19;4;24;7;13;0;0;0;0;0;1;0;0;0;0
16.06.2024;11:06;A116;1;6;19;3;18;4;8;0;0;0;0;2;12;0;0;0;0
16.06.2024;11:05;A116;1;4;13;5;38;9;19;0;0;0;0;1;2;0;0;0;0
16.06.2024;11:04;A116;1;3;11;7;39;9;18;0;0;0;0;0;0;0;0;0;0
16.06.2024;11:03;A116;1;3;11;4;27;1;1;0;0;0;0;2;7;0;0;0;0
16.06.2024;11:02;A116;1;1;3;2;27;6;17;0;0;0;0;1;1;0;0;0;0
16.06.2024;11:01;A116;1;5;23;2;8;2;4;0;0;0;0;1;4;0;0;0;0
16.06.2024;11:00;A116;1;1;4;3;45;12;25;0;0;0;0;0;0;0;0;0;0
16.06.2024;10:59;A116;1;3;10;2;31;6;17;0;0;0;0;0;0;0;0;0;0
16.06.2024;10:58;A116;1;0;34;4;73;8;16;0;0;0;0;1;13;2;3;0;0
16.06.2024;10:57;A116;1;3;31;3;20;6;11;0;0;0;0;1;1;0;0;0;0
16.06.2024;10:56;A116;1;4;19;7;32;6;13;0;0;0;0;2;2;0;0;0;0
16.06.2024;10:55;A116;1;2;7;4;24;6;13;0;0;0;0;1;8;0;0;0;0
16.06.2024;10:54;A116;1;2;6;1;17;6;12;0;0;0;0;2;6;0;0;0;0
16.06.2024;10:53;A116;1;4;18;3;19;2;3;0;0;0;0;1;1;0;0;0;0
16.06.2024;10:52;A116;1;3;10;2;9;2;4;0;0;0;0;1;1;0;0;0;0
16.06.2024;10:51;A116;1;3;8;3;24;6;20;0;0;0;0;0;0;0;0;0;0
16.06.2024;10:50;A116;1;1;3;7;35;9;17;0;0;0;0;1;1;0;0;0;0
16.06.2024;10:49;A116;1;4;19;5;37;8;22;0;0;0;0;1;3;0;0;0;0
16.06.2024;10:48;A116;1;3;24;6;37;9;20;0;0;0;0;2;6;0;0;0;0
16.06.2024;10:47;A116;1;0;0;5;34;6;12;0;0;0;0;2;4;0;0;0;0
16.06.2024;10:46;A116;1;3;8;3;43;6;21;0;0;0;0;2;4;0;0;0;0
16.06.2024;10:45;A116;1;2;24;4;43;4;8;1;1;0;0;2;14;1;1;0;0
16.06.2024;10:44;A116;1;4;42;1;4;3;4;0;0;1;1;1;12;0;0;1;1
16.06.2024;10:43;A116;1;2;9;7;38;37;77;0;0;0;0;0;0;0;0;0;0
16.06.2024;10:42;A116;1;3;10;2;9;8;28;0;0;0;0;1;0;0;0;0;0
16.06.2024;10:41;A116;1;4;14;1;10;3;5;0;0;0;0;1;2;0;0;0;0
16.06.2024;10:40;A116;1;1;3;3;45;11;29;0;0;0;0;0;0;0;0;0;0
16.06.2024;10:39;A116;1;2;69;3;19;2;7;0;0;0;0;2;15;1;1;0;0
16.06.2024;10:38;A116;1;1;5;5;14;4;6;0;0;0;0;2;4;0;0;0;0
16.06.2024;10:37;A116;1;2;6;3;16;4;7;0;0;0;0;0;0;0;0;0;0
16.06.2024;10:36;A116;1;4;15;4;17;5;9;0;0;0;0;1;1;0;0;0;0
16.06.2024;10:35;A116;1;2;12;5;33;10;25;0;0;0;0;3;4;0;0;0;0
16.06.2024;10:34;A116;1;2;8;3;40;4;14;0;0;1;1;2;29;0;0;0;0
16.06.2024;10:33;A116;1;8;38;7;46;8;21;0;0;0;0;3;5;0;0;0;0
16.06.2024;10:32;A116;1;5;20;7;33;8;16;0;0;0;0;0;0;0;0;0;0
16.06.2024;10:31;A116;1;6;24;3;12;3;5;0;0;0;0;1;6;0;0;0;0
16.06.2024;10:30;A116;1;2;8;4;71;5;13;0;0;0;0;1;14;0;0;0;0
16.06.2024;10:29;A116;1;2;28;2;14;2;6;1;1;0;0;2;4;0;0;0;0
16.06.2024;10:28;A116;1;4;14;3;22;5;9;0;0;1;1;0;0;0;0;0;0
16.06.2024;10:27;A116;1;1;34;2;8;2;4;0;0;0;0;1;1;0;0;0;0
16.06.2024;10:26;A116;1;5;26;3;14;4;8;0;0;0;0;1;1;0;0;0;0
16.06.2024;10:25;A116;1;3;14;4;22;5;10;0;0;0;0;1;1;0;0;0;0
16.06.2024;10:24;A116;1;8;23;4;19;5;10;0;0;0;0;0;0;0;0;0;0
16.06.2024;10:23;A116;1;2;10;2;9;2;4;0;0;0;0;1;1;0;0;0;0
16.06.2024;10:22;A116;1;2;7;5;30;7;15;0;0;0;0;1;1;0;0;0;0
16.06.2024;10:21;A116;1;2;10;3;26;8;18;0;0;0;0;1;1;0;0;0;0
16.06.2024;10:20;A116;1;2;15;6;64;8;21;0;0;0;0;4;17;0;0;0;0
16.06.2024;10:19;A116;1;5;28;3;13;4;7;1;1;0;0;2;4;0;0;0;0
16.06.2024;10:18;A116;1;2;8;4;36;6;9;0;0;0;0;1;3;0;0;0;0
16.06.2024;10:17;A116;1;2;7;1;5;2;4;0;0;0;0;0;0;0;0;0;0
16.06.2024;10:16;A116;1;3;13;4;20;5;9;0;0;0;0;0;0;0;0;0;0
16.06.2024;10:15;A116;1;3;8;4;18;3;6;0;0;0;0;0;0;0;0;0;0
16.06.2024;10:14;A116;1;4;18;3;47;4;22;0;0;0;0;1;3;0;0;0;0
16.06.2024;10:13;A116;1;4;20;2;20;3;13;1;1;0;0;1;27;0;0;0;0
16.06.2024;10:12;A116;1;1;34;2;18;3;13;1;1;0;0;1;19;0;0;0;0
16.06.2024;10:11;A116;1;3;32;7;41;10;21;0;0;0;0;0;0;0;0;0;0
16.06.2024;10:10;A116;1;3;11;2;8;2;4;0;0;0;0;0;0;0;0;0;0
16.06.2024;10:09;A116;1;3;17;3;23;5;15;0;0;0;0;1;1;0;0;0;0
16.06.2024;10:08;A116;1;1;3;5;34;7;15;0;0;0;0;1;3;0;0;0;0
16.06.2024;10:07;A116;1;1;6;3;24;6;20;0;0;0;0;1;1;0;0;0;0
16.06.2024;10:06;A116;1;2;10;4;27;5;11;0;0;0;0;1;1;0;0;0;0
16.06.2024;10:05;A116;1;2;11;5;20;4;8;0;0;0;0;0;0;0;0;0;0
16.06.2024;10:04;A116;1;0;0;5;24;6;12;0;0;0;0;1;23;0;0;0;0
16.06.2024;10:03;A116;1;4;9;5;30;6;14;0;0;0;0;0;0;0;0;0;0
16.06.2024;10:02;A116;1;4;14;3;29;6;14;0;0;0;0;1;0;0;0;0;0
16.06.2024;10:01;A116;1;3;10;4;22;5;12;0;0;0;0;0;0;0;0;0;0
16.06.2024;10:00;A116;1;4;22;2;6;2;5;0;0;0;0;0;0;0;0;0;0
16.06.2024;09:59;A116;1;2;33;3;67;8;22;0;0;0;0;2;25;1;1;0;0
16.06.2024;09:58;A116;1;1;10;3;61;6;18;0;0;1;1;4;19;0;0;0;0
16.06.2024;09:57;A116;1;0;62;4;22;3;7;0;0;0;0;1;49;1;1;0;0
16.06.2024;09:56;A116;1;3;61;3;14;3;7;1;1;0;0;0;0;0;0;0;0
16.06.2024;09:55;A116;1;1;3;6;32;8;17;0;0;0;0;0;0;0;0;0;0
16.06.2024;09:54;A116;1;3;11;4;19;4;9;0;0;0;0;1;10;0;0;0;0
16.06.2024;09:53;A116;1;3;13;2;10;3;5;0;0;0;0;0;0;0;0;0;0
16.06.2024;09:52;A116;1;3;10;4;17;4;8;0;0;0;0;0;0;0;0;0;0
16.06.2024;09:51;A116;1;4;21;5;29;6;16;0;0;0;0;0;0;0;0;0;0
16.06.2024;09:50;A116;1;3;11;2;8;2;3;0;0;0;0;0;0;0;0;0;0
16.06.2024;09:49;A116;1;0;0;4;28;6;13;0;0;0;0;1;10;0;0;0;0
16.06.2024;09:48;A116;1;2;6;4;24;3;7;0;0;0;0;1;4;0;0;0;0
16.06.2024;09:47;A116;1;3;16;3;11;3;5;0;0;0;0;0;0;0;0;0;0
16.06.2024;09:46;A116;1;3;8;1;3;1;2;0;0;0;0;0;0;0;0;0;0
16.06.2024;09:45;A116;1;1;7;5;24;7;14;0;0;0;0;0;0;0;0;0;0
16.06.2024;09:44;A116;1;2;7;5;28;6;12;0;0;0;0;1;5;0;0;0;0
16.06.2024;09:43;A116;1;0;0;3;19;6;8;0;0;0;0;0;0;0;0;0;0
16.06.2024;09:42;A116;1;1;53;1;3;1;1;0;0;0;0;1;18;1;1;0;0
16.06.2024;09:41;A116;1;3;5;7;30;7;14;0;0;0;0;0;0;0;0;0;0
16.06.2024;09:40;A116;1;2;6;1;3;1;2;0;0;0;0;2;2;0;0;0;0
16.06.2024;09:39;A116;1;1;6;3;14;4;6;0;0;0;0;0;2;0;0;0;0
16.06.2024;09:38;A116;1;3;13;2;59;3;10;1;1;0;0;2;16;0;0;0;0
16.06.2024;09:37;A116;1;4;18;1;7;3;7;0;0;0;0;1;3;0;0;0;0
16.06.2024;09:36;A116;1;1;3;4;16;3;5;0;0;0;0;1;4;0;0;0;0
16.06.2024;09:35;A116;1;4;16;2;11;2;5;0;0;0;0;0;0;0;0;0;0
16.06.2024;09:34;A116;1;0;0;1;10;2;6;0;0;0;0;0;0;0;0;0;0
16.06.2024;09:33;A116;1;5;18;3;27;3;26;0;0;0;0;0;1;0;0;0;0
16.06.2024;09:32;A116;1;3;12;3;24;3;7;0;0;0;0;1;4;0;0;0;0
16.06.2024;09:31;A116;1;0;48;2;13;3;7;0;0;0;0;1;22;0;0;0;0
16.06.2024;09:30;A116;1;3;41;3;12;3;6;0;0;0;0;0;0;0;0;0;0
16.06.2024;09:29;A116;1;3;11;2;8;2;4;0;0;0;0;0;0;0;0;0;0
16.06.2024;09:28;A116;1;6;22;1;4;2;4;0;0;0;0;0;0;0;0;0;0
16.06.2024;09:27;A116;1;1;3;1;4;1;2;0;0;0;0;0;0;0;0;0;0
16.06.2024;09:26;A116;1;4;14;4;21;1;73;0;0;0;0;0;0;0;0;0;0
16.06.2024;09:25;A116;1;2;6;2;23;0;100;0;0;0;0;2;4;0;0;0;0
16.06.2024;09:24;A116;1;3;9;3;17;0;100;0;0;0;0;1;1;0;0;0;0
16.06.2024;09:23;A116;1;0;0;1;51;2;57;0;0;0;0;0;0;0;0;0;0
16.06.2024;09:22;A116;1;2;7;3;46;4;43;0;0;0;0;0;0;0;0;0;0
16.06.2024;09:21;A116;1;1;1;3;42;2;34;0;0;0;0;0;0;0;0;0;0
16.06.2024;09:20;A116;1;2;12;3;42;4;22;0;0;0;0;0;0;0;0;0;0
16.06.2024;09:19;A116;1;4;15;1;4;1;1;0;0;0;0;0;0;0;0;0;0
16.06.2024;09:18;A116;1;2;11;1;4;2;2;0;0;0;0;0;3;0;0;0;0
16.06.2024;09:17;A116;1;2;14;4;41;2;9;0;0;0;0;2;7;0;0;0;0
16.06.2024;09:16;A116;1;4;11;3;13;2;4;0;0;1;1;2;8;0;0;0;0
16.06.2024;09:15;A116;1;2;5;1;4;1;2;0;0;0;0;0;1;0;0;0;0
16.06.2024;09:14;A116;1;4;15;2;30;2;8;0;0;0;0;2;26;0;0;0;0
16.06.2024;09:13;A116;1;3;13;3;19;3;5;0;0;1;1;1;1;0;0;1;1
16.06.2024;09:12;A116;1;3;11;1;17;4;8;0;0;0;0;0;0;0;0;0;0
16.06.2024;09:11;A116;1;4;14;2;8;2;3;0;0;0;0;0;0;0;0;0;0
16.06.2024;09:10;A116;1;2;11;1;4;1;3;0;0;0;0;0;0;0;0;0;0
16.06.2024;09:09;A116;1;5;20;1;4;2;3;0;0;0;0;0;0;0;0;0;0
16.06.2024;09:08;A116;1;2;7;4;16;3;5;0;0;0;0;0;0;0;0;0;0
16.06.2024;09:07;A116;1;3;12;4;16;4;7;0;0;0;0;0;0;0;0;0;0
16.06.2024;09:06;A116;1;2;9;1;4;1;2;0;0;0;0;1;1;0;0;0;0
16.06.2024;09:05;A116;1;3;11;2;8;2;4;0;0;0;0;0;0;0;0;0;0
16.06.2024;09:04;A116;1;2;10;4;18;3;5;0;0;0;0;1;3;0;0;0;0
16.06.2024;09:03;A116;1;1;3;4;16;3;6;0;0;0;0;0;0;0;0;0;0
16.06.2024;09:02;A116;1;0;0;1;18;4;11;0;0;0;0;2;6;0;0;0;0
16.06.2024;09:01;A116;1;5;19;6;25;5;8;0;0;1;1;0;0;0;0;0;0
16.06.2024;09:00;A116;1;2;7;1;3;1;1;0;0;0;0;1;3;0;0;0;0
16.06.2024;08:59;A116;1;2;7;3;12;3;6;0;0;0;0;0;0;0;0;0;0
16.06.2024;08:58;A116;1;2;8;3;11;3;5;0;0;0;0;1;1;0;0;0;0
16.06.2024;08:57;A116;1;1;45;3;13;3;6;1;1;0;0;3;15;0;0;0;0
16.06.2024;08:56;A116;1;4;23;2;8;2;4;0;0;0;0;2;2;0;0;0;0
16.06.2024;08:55;A116;1;1;3;2;8;2;3;0;0;0;0;0;0;0;0;0;0
16.06.2024;08:54;A116;1;1;4;2;12;3;6;0;0;0;0;1;1;0;0;0;0
16.06.2024;08:53;A116;1;2;8;3;14;4;7;0;0;0;0;0;0;0;0;0;0
16.06.2024;08:52;A116;1;1;6;4;16;4;7;0;0;0;0;0;0;0;0;0;0
16.06.2024;08:51;A116;1;2;7;1;3;1;1;0;0;0;0;0;0;0;0;0;0
16.06.2024;08:50;A116;1;5;21;4;22;5;10;0;0;0;0;0;0;0;0;0;0
16.06.2024;08:49;A116;1;1;4;4;18;4;9;0;0;0;0;0;0;0;0;0;0
16.06.2024;08:48;A116;1;5;24;2;7;2;3;0;0;0;0;1;2;0;0;0;0
16.06.2024;08:47;A116;1;3;10;2;12;3;5;0;0;0;0;0;0;0;0;0;0
16.06.2024;08:46;A116;1;0;0;2;7;2;3;0;0;0;0;0;0;0;0;0;0
16.06.2024;08:45;A116;1;2;7;1;6;1;3;0;0;0;0;1;1;0;0;0;0
16.06.2024;08:44;A116;1;5;22;0;0;0;0;0;0;0;0;1;2;0;0;0;0
16.06.2024;08:43;A116;1;3;15;3;14;4;7;0;0;0;0;0;0;0;0;0;0
16.06.2024;08:42;A116;1;1;3;3;12;3;6;0;0;0;0;0;0;0;0;0;0
16.06.2024;08:41;A116;1;3;10;0;0;0;0;0;0;0;0;0;0;0;0;0;0
16.06.2024;08:40;A116;1;2;8;0;0;0;0;0;0;0;0;0;0;0;0;0;0
16.06.2024;08:39;A116;1;2;9;1;3;1;1;0;0;0;0;0;0;0;0;0;0
16.06.2024;08:38;A116;1;1;4;2;11;4;7;0;0;0;0;0;0;0;0;0;0
16.06.2024;08:37;A116;1;2;8;3;21;4;8;0;0;0;0;0;0;0;0;0;0
16.06.2024;08:36;A116;1;2;15;0;0;0;0;0;0;0;0;0;0;0;0;0;0
16.06.2024;08:35;A116;1;3;14;1;4;1;2;0;0;0;0;0;0;0;0;0;0
16.06.2024;08:34;A116;1;3;6;2;18;2;3;0;0;0;0;4;18;0;0;0;0
16.06.2024;08:33;A116;1;3;12;0;0;0;0;0;0;0;0;0;0;0;0;0;0
16.06.2024;08:32;A116;1;3;14;3;12;3;5;0;0;0;0;0;0;0;0;0;0
16.06.2024;08:31;A116;1;2;8;2;12;3;6;0;0;0;0;0;0;0;0;0;0
16.06.2024;08:30;A116;1;2;26;4;19;5;24;0;0;0;0;1;1;0;0;0;0
16.06.2024;08:29;A116;1;2;7;1;4;1;1;0;0;0;0;0;0;0;0;0;0
16.06.2024;08:28;A116;1;2;12;2;7;2;3;0;0;0;0;0;0;0;0;0;0
16.06.2024;08:27;A116;1;0;0;1;4;2;3;0;0;0;0;0;0;0;0;0;0
16.06.2024;08:26;A116;1;0;0;3;10;2;3;0;0;0;0;1;3;0;0;0;0
16.06.2024;08:25;A116;1;1;7;1;4;1;2;0;0;0;0;0;0;0;0;0;0
16.06.2024;08:24;A116;1;3;12;1;4;1;2;0;0;0;0;0;0;0;0;0;0
16.06.2024;08:23;A116;1;0;2;2;9;2;4;0;0;0;0;1;1;0;0;0;0
16.06.2024;08:22;A116;1;3;10;2;8;2;3;0;0;0;0;1;1;0;0;0;0
16.06.2024;08:21;A116;1;0;0;0;0;0;0;0;0;0;0;0;0;0;0;0;0
16.06.2024;08:20;A116;1;1;4;5;22;5;10;0;0;0;0;0;0;0;0;0;0
16.06.2024;08:19;A116;1;2;7;2;13;3;7;0;0;0;0;0;0;0;0;0;0
16.06.2024;08:18;A116;1;0;0;1;5;1;2;0;0;0;0;1;3;0;0;0;0
16.06.2024;08:17;A116;1;2;7;3;13;3;6;0;0;0;0;0;0;0;0;0;0
16.06.2024;08:16;A116;1;2;10;0;0;1;2;0;0;0;0;0;0;0;0;0;0
16.06.2024;08:15;A116;1;0;0;3;12;2;3;0;0;0;0;0;0;0;0;0;0
16.06.2024;08:14;A116;1;0;0;0;0;0;0;0;0;0;0;0;0;0;0;0;0
16.06.2024;08:13;A116;1;0;0;2;8;2;3;0;0;0;0;0;0;0;0;0;0
16.06.2024;08:12;A116;1;0;0;0;0;0;0;0;0;0;0;0;0;0;0;0;0
16.06.2024;08:11;A116;1;1;3;1;4;1;1;0;0;0;0;0;0;0;0;0;0
16.06.2024;08:10;A116;1;3;11;1;4;1;2;0;0;0;0;0;0;0;0;0;0
16.06.2024;08:09;A116;1;2;7;2;8;2;3;0;0;0;0;0;0;0;0;0;0
16.06.2024;08:08;A116;1;3;15;2;9;2;4;0;0;0;0;0;0;0;0;0;0
16.06.2024;08:07;A116;1;1;5;0;0;0;0;0;0;0;0;0;0;0;0;0;0
16.06.2024;08:06;A116;1;6;21;0;0;0;0;0;0;0;0;0;0;0;0;0;0
16.06.2024;08:05;A116;1;2;6;1;4;1;2;0;0;0;0;0;0;0;0;0;0
16.06.2024;08:04;A116;1;4;18;2;13;4;7;0;0;0;0;1;3;0;0;0;0
16.06.2024;08:03;A116;1;1;3;1;13;1;2;0;0;0;0;1;1;0;0;0;0
16.06.2024;08:02;A116;1;0;0;2;6;1;1;0;0;0;0;0;0;0;0;0;0
16.06.2024;08:01;A116;1;0;7;0;0;0;0;0;0;0;0;1;1;0;0;0;0
16.06.2024;08:00;A116;1;4;15;1;4;1;2;0;0;0;0;1;1;0;0;0;0
16.06.2024;07:59;A116;1;0;0;6;14;4;7;0;0;0;0;0;0;0;0;0;0
16.06.2024;07:58;A116;1;0;0;0;0;0;0;0;0;0;0;0;0;0;0;0;0
16.06.2024;07:57;A116;1;3;12;0;0;0;0;0;0;0;0;0;0;0;0;0;0
16.06.2024;07:56;A116;1;0;0;3;12;3;5;0;0;0;0;0;0;0;0;0;0
16.06.2024;07:55;A116;1;1;3;0;0;0;0;0;0;0;0;0;0;0;0;0;0
16.06.2024;07:54;A116;1;2;7;0;0;0;0;0;0;0;0;0;0;0;0;0;0
16.06.2024;07:53;A116;1;1;3;2;8;2;4;0;0;0;0;0;0;0;0;0;0
16.06.2024;07:52;A116;1;0;0;0;0;0;0;0;0;0;0;0;0;0;0;0;0
16.06.2024;07:51;A116;1;0;0;0;0;0;0;0;0;0;0;0;0;0;0;0;0
16.06.2024;07:50;A116;1;0;0;0;0;0;0;0;0;0;0;0;0;0;0;0;0
16.06.2024;07:49;A116;1;1;5;1;3;2;3;0;0;0;0;0;0;0;0;0;0
16.06.2024;07:48;A116;1;2;4;3;11;2;3;0;0;0;0;0;0;0;0;0;0
16.06.2024;07:47;A116;1;1;4;1;8;2;4;0;0;0;0;0;0;0;0;0;0
16.06.2024;07:46;A116;1;0;0;0;0;0;0;0;0;0;0;0;0;0;0;0;0
16.06.2024;07:45;A116;1;2;6;1;7;2;3;0;0;0;0;0;0;0;0;0;0
16.06.2024;07:44;A116;1;1;4;1;4;1;2;0;0;0;0;0;0;0;0;0;0
16.06.2024;07:43;A116;1;3;10;1;4;1;2;0;0;0;0;0;0;0;0;0;0
16.06.2024;07:42;A116;1;1;3;1;5;1;2;0;0;0;0;0;0;0;0;0;0
16.06.2024;07:41;A116;1;1;3;0;2;1;2;0;0;0;0;0;0;0;0;0;0
16.06.2024;07:40;A116;1;0;0;2;7;1;2;0;0;0;0;0;0;0;0;0;0
16.06.2024;07:39;A116;1;0;0;1;4;1;2;0;0;0;0;0;0;0;0;0;0
16.06.2024;07:38;A116;1;0;0;0;0;0;0;0;0;0;0;0;0;0;0;0;0
16.06.2024;07:37;A116;1;1;6;1;10;3;6;0;0;0;0;0;0;0;0;0;0
16.06.2024;07:36;A116;1;0;0;2;7;2;3;0;0;0;0;0;0;0;0;0;0
16.06.2024;07:35;A116;1;2;8;0;0;0;0;0;0;0;0;0;0;0;0;0;0
16.06.2024;07:34;A116;1;1;3;1;4;1;1;0;0;0;0;0;0;0;0;0;0
16.06.2024;07:33;A116;1;1;3;1;7;1;2;0;0;0;0;1;5;0;0;0;0
16.06.2024;07:32;A116;1;2;6;2;12;1;2;0;0;0;0;0;0;0;0;0;0
16.06.2024;07:31;A116;1;2;7;1;3;1;1;0;0;0;0;0;0;0;0;0;0
16.06.2024;07:30;A116;1;0;0;2;11;2;5;0;0;0;0;0;0;0;0;0;0
16.06.2024;07:29;A116;1;2;9;0;0;0;0;0;0;0;0;0;0;0;0;0;0
16.06.2024;07:28;A116;1;1;3;4;17;4;8;0;0;0;0;0;0;0;0;0;0
16.06.2024;07:27;A116;1;0;0;0;0;0;0;0;0;0;0;0;0;0;0;0;0
16.06.2024;07:26;A116;1;1;4;1;4;1;2;0;0;0;0;0;0;0;0;0;0
16.06.2024;07:25;A116;1;1;3;0;0;0;0;0;0;0;0;0;0;0;0;0;0
16.06.2024;07:24;A116;1;4;14;1;3;1;1;0;0;0;0;0;0;0;0;0;0
16.06.2024;07:23;A116;1;0;0;0;0;0;0;0;0;0;0;0;0;0;0;0;0
16.06.2024;07:22;A116;1;0;0;2;8;2;3;0;0;0;0;1;1;0;0;0;0
16.06.2024;07:21;A116;1;0;0;3;13;3;6;0;0;0;0;0;0;0;0;0;0
16.06.2024;07:20;A116;1;0;0;1;5;2;3;0;0;0;0;0;0;0;0;0;0
16.06.2024;07:19;A116;1;0;0;2;5;1;2;0;0;0;0;0;0;0;0;0;0
16.06.2024;07:18;A116;1;1;4;1;3;1;1;0;0;0;0;0;0;0;0;0;0
16.06.2024;07:17;A116;1;1;3;1;4;1;2;0;0;0;0;0;0;0;0;0;0
16.06.2024;07:16;A116;1;0;0;2;8;2;3;0;0;0;0;0;0;0;0;0;0
16.06.2024;07:15;A116;1;2;6;0;0;0;0;0;0;0;0;0;0;0;0;0;0
16.06.2024;07:14;A116;1;1;2;2;12;2;5;0;0;0;0;0;0;0;0;0;0
16.06.2024;07:13;A116;1;1;3;1;4;1;2;0;0;0;0;0;0;0;0;0;0
16.06.2024;07:12;A116;1;0;0;1;3;1;1;0;0;0;0;0;0;0;0;0;0
16.06.2024;07:11;A116;1;0;0;2;8;2;4;0;0;0;0;1;1;0;0;0;0
16.06.2024;07:10;A116;1;0;0;2;10;3;4;0;0;0;0;0;0;0;0;0;0
16.06.2024;07:09;A116;1;0;0;1;4;1;2;0;0;0;0;0;0;0;0;0;0
16.06.2024;07:08;A116;1;0;0;2;11;3;5;0;0;0;0;0;0;0;0;0;0
16.06.2024;07:07;A116;1;1;8;0;0;0;0;0;0;0;0;0;0;0;0;0;0
16.06.2024;07:06;A116;1;0;0;2;7;2;3;0;0;0;0;1;3;0;0;0;0
16.06.2024;07:05;A116;1;0;0;2;8;2;4;0;0;0;0;0;0;0;0;0;0
16.06.2024;07:04;A116;1;1;3;5;20;5;9;0;0;0;0;0;0;0;0;0;0
16.06.2024;07:03;A116;1;3;11;0;7;0;0;0;0;0;0;2;4;0;0;0;0
16.06.2024;07:02;A116;1;0;0;1;4;0;0;0;0;0;0;1;14;0;0;0;0
16.06.2024;07:01;A116;1;2;7;2;8;2;4;0;0;0;0;0;0;0;0;0;0
16.06.2024;07:00;A116;1;2;7;1;4;1;2;0;0;0;0;1;1;0;0;0;0
16.06.2024;06:59;A116;1;3;10;1;4;1;2;0;0;0;0;0;0;0;0;0;0
16.06.2024;06:58;A116;1;0;0;1;4;1;1;0;0;0;0;2;8;0;0;0;0
16.06.2024;06:57;A116;1;1;39;4;15;4;7;0;0;0;0;2;2;0;0;0;0
16.06.2024;06:56;A116;1;1;3;4;17;4;8;0;0;0;0;0;0;0;0;0;0
16.06.2024;06:55;A116;1;0;0;2;9;2;4;0;0;0;0;0;0;0;0;0;0
16.06.2024;06:54;A116;1;0;0;1;3;1;1;0;0;0;0;0;0;0;0;0;0
16.06.2024;06:53;A116;1;0;0;2;12;3;6;0;0;0;0;0;0;0;0;0;0
16.06.2024;06:52;A116;1;1;3;1;11;3;6;0;0;0;0;0;0;0;0;0;0
16.06.2024;06:51;A116;1;0;0;0;1;1;1;0;0;0;0;1;5;0;0;0;0
16.06.2024;06:50;A116;1;0;0;3;12;2;5;0;0;0;0;0;0;0;0;0;0
16.06.2024;06:49;A116;1;2;7;1;9;2;4;0;0;0;0;0;0;0;0;0;0
16.06.2024;06:48;A116;1;0;0;2;5;1;2;0;0;0;0;1;3;0;0;0;0
16.06.2024;06:47;A116;1;0;0;2;11;2;4;0;0;0;0;0;0;0;0;0;0
16.06.2024;06:46;A116;1;0;0;4;23;5;11;0;0;0;0;0;0;0;0;0;0
16.06.2024;06:45;A116;1;0;0;1;4;1;2;0;0;0;0;0;0;0;0;0;0
16.06.2024;06:44;A116;1;1;2;3;13;3;6;0;0;0;0;0;0;0;0;0;0
16.06.2024;06:43;A116;1;0;0;2;10;2;4;0;0;0;0;0;0;0;0;0;0
16.06.2024;06:42;A116;1;1;3;1;5;1;2;0;0;0;0;0;0;0;0;0;0
16.06.2024;06:41;A116;1;1;4;1;4;1;3;0;0;0;0;0;0;0;0;0;0
16.06.2024;06:40;A116;1;1;3;3;14;3;5;0;0;0;0;0;0;0;0;0;0
16.06.2024;06:39;A116;1;0;0;0;0;1;2;0;0;0;0;1;7;0;0;0;0
16.06.2024;06:38;A116;1;0;0;2;13;2;4;0;0;0;0;0;0;0;0;0;0
16.06.2024;06:37;A116;1;0;0;2;9;2;4;0;0;0;0;0;0;0;0;0;0
16.06.2024;06:36;A116;1;1;3;2;18;4;9;0;0;0;0;1;1;0;0;0;0
16.06.2024;06:35;A116;1;1;4;0;0;0;0;0;0;0;0;0;0;0;0;0;0
16.06.2024;06:34;A116;1;0;0;0;0;0;0;0;0;0;0;0;0;0;0;0;0
16.06.2024;06:33;A116;1;1;3;2;9;2;4;0;0;0;0;0;0;0;0;0;0
16.06.2024;06:32;A116;1;2;8;3;26;3;16;0;0;0;0;0;0;0;0;0;0
16.06.2024;06:31;A116;1;0;0;2;13;3;6;0;0;0;0;0;0;0;0;0;0
16.06.2024;06:30;A116;1;0;0;3;14;3;6;0;0;0;0;0;0;0;0;0;0
16.06.2024;06:29;A116;1;1;3;1;4;1;2;0;0;0;0;0;0;0;0;0;0
16.06.2024;06:28;A116;1;0;0;1;4;1;1;0;0;0;0;0;0;0;0;0;0
16.06.2024;06:27;A116;1;1;39;1;4;1;2;0;0;0;0;1;13;0;0;0;0
16.06.2024;06:26;A116;1;1;2;0;0;0;0;0;0;0;0;0;0;0;0;0;0
16.06.2024;06:25;A116;1;1;3;2;8;2;4;0;0;0;0;0;0;0;0;0;0
16.06.2024;06:24;A116;1;0;0;2;10;2;4;0;0;0;0;1;1;0;0;0;0
16.06.2024;06:23;A116;1;1;3;1;3;1;1;0;0;0;0;0;0;0;0;0;0
16.06.2024;06:22;A116;1;1;3;2;8;2;4;0;0;0;0;0;0;0;0;0;0
16.06.2024;06:21;A116;1;1;3;1;4;1;1;0;0;0;0;0;0;0;0;0;0
16.06.2024;06:20;A116;1;0;0;0;0;0;0;0;0;0;0;0;0;0;0;0;0
16.06.2024;06:19;A116;1;0;0;1;4;1;2;0;0;0;0;0;0;0;0;0;0
16.06.2024;06:18;A116;1;0;0;1;7;2;4;0;0;0;0;0;0;0;0;0;0
16.06.2024;06:17;A116;1;1;3;1;4;1;1;0;0;0;0;0;0;0;0;0;0
16.06.2024;06:16;A116;1;0;0;3;13;3;6;0;0;0;0;0;0;0;0;0;0
16.06.2024;06:15;A116;1;2;2;2;9;2;4;0;0;0;0;0;0;0;0;0;0
16.06.2024;06:14;A116;1;0;0;1;7;2;4;0;0;0;0;0;0;0;0;0;0
16.06.2024;06:13;A116;1;0;0;3;7;2;4;0;0;0;0;0;0;0;0;0;0
16.06.2024;06:12;A116;1;0;1;1;4;0;0;0;0;0;0;0;0;0;0;0;0
16.06.2024;06:11;A116;1;1;69;2;7;4;29;0;0;0;0;0;0;0;0;0;0
16.06.2024;06:10;A116;1;0;0;1;4;1;2;0;0;0;0;0;0;0;0;0;0
16.06.2024;06:09;A116;1;1;2;0;0;0;0;0;0;0;0;0;0;0;0;0;0
16.06.2024;06:08;A116;1;2;8;0;0;0;0;0;0;0;0;0;0;0;0;0;0
16.06.2024;06:07;A116;1;1;3;0;0;0;0;0;0;0;0;0;0;0;0;0;0
16.06.2024;06:06;A116;1;2;6;2;8;2;3;0;0;0;0;0;0;0;0;0;0
16.06.2024;06:05;A116;1;0;0;0;0;0;0;0;0;0;0;0;0;0;0;0;0
16.06.2024;06:04;A116;1;0;0;0;0;0;0;0;0;0;0;0;0;0;0;0;0
16.06.2024;06:03;A116;1;0;0;1;4;1;2;0;0;0;0;0;0;0;0;0;0
16.06.2024;06:02;A116;1;0;0;2;12;2;7;0;0;0;0;1;0;0;0;0;0
16.06.2024;06:01;A116;1;2;5;0;0;0;0;0;0;0;0;0;0;0;0;0;0
16.06.2024;06:00;A116;1;2;9;0;0;0;0;0;0;0;0;0;0;0;0;0;0
16.06.2024;05:59;A116;1;0;0;0;0;0;0;0;0;0;0;0;0;0;0;0;0
16.06.2024;05:58;A116;1;1;4;1;4;1;2;0;0;0;0;0;0;0;0;0;0
16.06.2024;05:57;A116;1;3;10;1;4;1;2;0;0;0;0;0;0;0;0;0;0
16.06.2024;05:56;A116;1;2;7;1;4;1;2;0;0;0;0;1;3;0;0;0;0
16.06.2024;05:55;A116;1;2;6;1;4;1;2;0;0;0;0;0;0;0;0;0;0
16.06.2024;05:54;A116;1;1;2;4;19;5;10;0;0;0;0;0;0;0;0;0;0
16.06.2024;05:53;A116;1;3;10;0;3;1;2;0;0;0;0;1;1;0;0;0;0
16.06.2024;05:52;A116;1;1;3;1;2;0;0;0;0;0;0;0;0;0;0;0;0
16.06.2024;05:51;A116;1;1;2;2;9;2;4;0;0;0;0;1;1;0;0;0;0
16.06.2024;05:50;A116;1;1;3;1;4;1;1;0;0;0;0;0;0;0;0;0;0
16.06.2024;05:49;A116;1;1;3;2;10;2;5;0;0;0;0;0;0;0;0;0;0
16.06.2024;05:48;A116;1;2;8;2;14;3;5;0;0;0;0;2;18;0;0;0;0
16.06.2024;05:47;A116;1;0;0;4;13;3;6;0;0;0;0;0;0;0;0;0;0
16.06.2024;05:46;A116;1;2;6;1;5;1;2;0;0;0;0;0;0;0;0;0;0
16.06.2024;05:45;A116;1;3;14;2;8;2;3;0;0;0;0;0;0;0;0;0;0
16.06.2024;05:44;A116;1;1;3;0;0;0;0;0;0;0;0;0;0;0;0;0;0
16.06.2024;05:43;A116;1;1;2;2;9;2;4;0;0;0;0;0;0;0;0;0;0
16.06.2024;05:42;A116;1;4;23;1;4;1;2;0;0;0;0;0;0;0;0;0;0
16.06.2024;05:41;A116;1;2;9;4;19;5;9;0;0;0;0;0;0;0;0;0;0
16.06.2024;05:40;A116;1;2;10;2;10;2;4;0;0;0;0;0;0;0;0;0;0
16.06.2024;05:39;A116;1;3;10;3;11;3;4;0;0;0;0;0;0;0;0;0;0
16.06.2024;05:38;A116;1;1;4;0;0;0;0;0;0;0;0;0;0;0;0;0;0
16.06.2024;05:37;A116;1;2;7;2;10;2;4;0;0;0;0;1;1;0;0;0;0
16.06.2024;05:36;A116;1;1;4;1;3;1;1;0;0;0;0;0;0;0;0;0;0
16.06.2024;05:35;A116;1;2;8;1;11;3;6;0;0;0;0;0;0;0;0;0;0
16.06.2024;05:34;A116;1;4;18;0;0;0;0;0;0;0;0;0;0;0;0;0;0
16.06.2024;05:33;A116;1;0;0;0;0;0;0;0;0;0;0;0;0;0;0;0;0
16.06.2024;05:32;A116;1;0;0;1;4;1;2;0;0;0;0;0;0;0;0;0;0
16.06.2024;05:31;A116;1;0;0;1;5;1;1;0;0;0;0;0;0;0;0;0;0
16.06.2024;05:30;A116;1;1;3;0;0;1;1;0;0;0;0;0;0;0;0;0;0
16.06.2024;05:29;A116;1;1;3;1;4;0;0;0;0;0;0;0;1;0;0;0;0
16.06.2024;05:28;A116;1;1;10;1;4;1;1;0;0;0;0;1;2;0;0;0;0
16.06.2024;05:27;A116;1;2;7;0;0;0;0;0;0;0;0;0;0;0;0;0;0
16.06.2024;05:26;A116;1;1;3;1;6;1;2;0;0;0;0;1;1;0;0;0;0
16.06.2024;05:25;A116;1;0;0;0;0;0;0;0;0;0;0;0;0;0;0;0;0
16.06.2024;05:24;A116;1;0;0;0;0;0;0;0;0;0;0;0;0;0;0;0;0
16.06.2024;05:23;A116;1;0;0;2;15;3;5;0;0;0;0;0;0;0;0;0;0
16.06.2024;05:22;A116;1;2;7;1;5;1;2;0;0;0;0;0;0;0;0;0;0
16.06.2024;05:21;A116;1;1;3;0;0;0;0;0;0;0;0;0;0;0;0;0;0
16.06.2024;05:20;A116;1;0;0;0;0;0;0;0;0;0;0;0;0;0;0;0;0
16.06.2024;05:19;A116;1;1;3;0;0;0;0;0;0;0;0;0;0;0;0;0;0
16.06.2024;05:18;A116;1;0;0;1;4;1;1;0;0;0;0;0;0;0;0;0;0
16.06.2024;05:17;A116;1;0;0;1;6;1;2;0;0;0;0;0;0;0;0;0;0
16.06.2024;05:16;A116;1;2;10;0;0;0;0;0;0;0;0;0;0;0;0;0;0
16.06.2024;05:15;A116;1;0;2;2;8;2;3;0;0;0;0;0;0;0;0;0;0
16.06.2024;05:14;A116;1;1;1;0;0;0;0;0;0;0;0;0;0;0;0;0;0
16.06.2024;05:13;A116;1;0;0;1;4;1;1;0;0;0;0;0;0;0;0;0;0
16.06.2024;05:12;A116;1;0;2;0;0;0;0;0;0;0;0;0;0;0;0;0;0
16.06.2024;05:11;A116;1;2;7;0;0;1;1;0;0;0;0;0;0;0;0;0;0
16.06.2024;05:10;A116;1;1;4;2;9;1;2;0;0;0;0;0;0;0;0;0;0
16.06.2024;05:09;A116;1;0;0;1;6;1;2;0;0;0;0;0;0;0;0;0;0
16.06.2024;05:08;A116;1;0;0;0;0;0;0;0;0;0;0;0;0;0;0;0;0
16.06.2024;05:07;A116;1;0;0;0;0;0;0;0;0;0;0;0;0;0;0;0;0
16.06.2024;05:06;A116;1;0;0;0;0;0;0;0;0;0;0;0;0;0;0;0;0
16.06.2024;05:05;A116;1;0;0;0;0;0;0;0;0;1;1;0;0;0;0;0;0
16.06.2024;05:04;A116;1;0;0;0;0;0;0;0;0;0;0;0;0;0;0;0;0
16.06.2024;05:03;A116;1;2;6;0;0;0;0;0;0;0;0;0;0;0;0;0;0
16.06.2024;05:02;A116;1;0;0;0;0;0;0;0;0;0;0;0;0;0;0;0;0
16.06.2024;05:01;A116;1;1;4;2;3;1;0;0;0;0;0;1;1;0;0;0;0
16.06.2024;05:00;A116;1;0;0;0;0;0;0;0;0;0;0;0;0;0;0;0;0
16.06.2024;04:59;A116;1;0;0;2;7;2;3;0;0;0;0;0;0;0;0;0;0
16.06.2024;04:58;A116;1;1;3;0;0;0;0;0;0;0;0;0;0;0;0;0;0
16.06.2024;04:57;A116;1;1;2;0;0;0;0;0;0;0;0;0;0;0;0;0;0
16.06.2024;04:56;A116;1;0;0;0;0;0;0;0;0;0;0;0;0;0;0;0;0
16.06.2024;04:55;A116;1;0;0;0;0;0;0;0;0;0;0;0;0;0;0;0;0
16.06.2024;04:54;A116;1;0;0;0;0;0;0;0;0;0;0;0;0;0;0;0;0
16.06.2024;04:53;A116;1;0;0;1;6;1;1;0;0;0;0;0;0;0;0;0;0
16.06.2024;04:52;A116;1;0;0;1;4;1;2;0;0;0;0;0;0;0;0;0;0
16.06.2024;04:51;A116;1;0;0;0;0;0;0;0;0;0;0;0;0;0;0;0;0
16.06.2024;04:50;A116;1;0;0;1;3;1;1;0;0;0;0;0;0;0;0;0;0
16.06.2024;04:49;A116;1;0;0;0;0;0;0;0;0;0;0;0;0;0;0;0;0
16.06.2024;04:48;A116;1;1;4;2;9;2;2;0;0;0;0;0;0;0;0;0;0
16.06.2024;04:47;A116;1;0;0;3;10;2;3;0;0;0;0;0;0;0;0;0;0
16.06.2024;04:46;A116;1;1;3;0;0;0;0;0;0;0;0;0;0;0;0;0;0
16.06.2024;04:45;A116;1;0;0;0;0;0;0;0;0;0;0;0;0;0;0;0;0
16.06.2024;04:44;A116;1;0;0;0;0;0;0;0;0;0;0;0;0;0;0;0;0
16.06.2024;04:43;A116;1;0;0;3;12;2;4;0;0;0;0;0;0;0;0;0;0
16.06.2024;04:42;A116;1;1;4;1;5;1;1;0;0;0;0;0;0;0;0;0;0
16.06.2024;04:41;A116;1;0;0;1;5;1;2;0;0;0;0;0;0;0;0;0;0
16.06.2024;04:40;A116;1;0;0;0;0;0;0;0;0;0;0;0;0;0;0;0;0
16.06.2024;04:39;A116;1;0;0;1;6;2;2;0;0;0;0;0;0;0;0;0;0
16.06.2024;04:38;A116;1;0;0;2;5;0;0;0;0;0;0;0;0;0;0;0;0
16.06.2024;04:37;A116;1;0;0;4;11;1;2;0;0;0;0;0;0;0;0;0;0
16.06.2024;04:36;A116;1;0;0;0;0;0;0;0;0;0;0;0;0;0;0;0;0
16.06.2024;04:35;A116;1;1;1;2;12;3;3;0;0;0;0;0;0;0;0;0;0
16.06.2024;04:34;A116;1;2;9;1;5;1;1;0;0;0;0;0;0;0;0;0;0
16.06.2024;04:33;A116;1;2;8;0;0;0;0;0;0;0;0;0;0;0;0;0;0
16.06.2024;04:32;A116;1;1;3;4;9;2;3;0;0;0;0;0;0;0;0;0;0
16.06.2024;04:31;A116;1;0;0;2;4;1;0;0;0;0;0;0;0;0;0;0;0
16.06.2024;04:30;A116;1;0;0;1;7;2;3;0;0;0;0;0;0;0;0;0;0
16.06.2024;04:29;A116;1;0;0;0;0;0;0;0;0;0;0;0;0;0;0;0;0
16.06.2024;04:28;A116;1;2;7;1;4;1;1;0;0;0;0;0;0;0;0;0;0
16.06.2024;04:27;A116;1;3;5;1;6;1;1;0;0;0;0;0;0;0;0;0;0
16.06.2024;04:26;A116;1;2;3;0;0;0;0;0;0;0;0;0;0;0;0;0;0
16.06.2024;04:25;A116;1;1;2;0;0;0;0;0;0;0;0;0;0;0;0;0;0
16.06.2024;04:24;A116;1;2;1;2;8;2;2;0;0;0;0;0;0;0;0;0;0
16.06.2024;04:23;A116;1;0;0;1;7;1;2;0;0;0;0;0;0;0;0;0;0
16.06.2024;04:22;A116;1;2;2;0;0;0;0;0;0;0;0;0;0;0;0;0;0
16.06.2024;04:21;A116;1;2;6;0;0;0;0;0;0;0;0;0;0;0;0;0;0
16.06.2024;04:20;A116;1;0;0;0;0;0;0;0;0;0;0;0;0;0;0;0;0
16.06.2024;04:19;A116;1;0;0;1;6;1;1;0;0;0;0;0;0;0;0;0;0
16.06.2024;04:18;A116;1;1;4;0;0;0;0;0;0;0;0;0;0;0;0;0;0
16.06.2024;04:17;A116;1;0;0;0;0;0;0;0;0;0;0;0;0;0;0;0;0
16.06.2024;04:16;A116;1;0;0;0;0;0;0;0;0;0;0;0;0;0;0;0;0
16.06.2024;04:15;A116;1;2;3;2;5;1;1;0;0;0;0;0;0;0;0;0;0
16.06.2024;04:14;A116;1;0;0;0;0;0;0;0;0;0;0;0;0;0;0;0;0
16.06.2024;04:13;A116;1;0;0;0;0;0;0;0;0;0;0;0;0;0;0;0;0
16.06.2024;04:12;A116;1;0;0;0;0;1;1;0;0;0;0;0;0;0;0;0;0
16.06.2024;04:11;A116;1;0;0;1;6;0;0;0;0;0;0;0;0;0;0;0;0
16.06.2024;04:10;A116;1;2;4;3;10;2;2;0;0;0;0;0;0;0;0;0;0
16.06.2024;04:09;A116;1;0;0;1;6;1;0;0;0;0;0;0;0;0;0;0;0
16.06.2024;04:08;A116;1;0;0;1;5;1;1;0;0;0;0;0;0;0;0;0;0
16.06.2024;04:07;A116;1;4;3;0;0;0;0;0;0;0;0;0;0;0;0;0;0
16.06.2024;04:06;A116;1;1;3;0;0;0;0;0;0;0;0;0;0;0;0;0;0
16.06.2024;04:05;A116;1;1;4;1;6;1;1;0;0;0;0;0;0;0;0;0;0
16.06.2024;04:04;A116;1;0;0;0;0;0;0;0;0;0;0;0;0;0;0;0;0
16.06.2024;04:03;A116;1;0;0;0;0;0;0;0;0;0;0;0;0;0;0;0;0
16.06.2024;04:02;A116;1;0;0;1;5;1;1;0;0;0;0;0;0;0;0;0;0
16.06.2024;04:01;A116;1;0;0;0;0;0;0;0;0;0;0;0;0;0;0;0;0
16.06.2024;04:00;A116;1;0;0;0;0;0;0;0;0;0;0;0;0;0;0;0;0
16.06.2024;03:59;A116;1;0;0;0;0;0;0;0;0;0;0;0;0;0;0;0;0
16.06.2024;03:58;A116;1;2;2;1;4;1;1;0;0;0;0;0;0;0;0;0;0
16.06.2024;03:57;A116;1;1;4;0;0;0;0;0;0;0;0;0;0;0;0;0;0
16.06.2024;03:56;A116;1;0;0;1;2;1;2;0;0;0;0;0;0;0;0;0;0
16.06.2024;03:55;A116;1;1;1;4;8;2;1;0;0;0;0;0;0;0;0;0;0
16.06.2024;03:54;A116;1;2;1;0;2;1;1;0;0;0;0;0;0;0;0;0;0
16.06.2024;03:53;A116;1;2;1;1;5;0;0;0;0;0;0;0;0;0;0;0;0
16.06.2024;03:52;A116;1;0;0;1;5;1;2;0;0;0;0;0;0;0;0;0;0
16.06.2024;03:51;A116;1;0;0;2;5;2;1;0;0;0;0;1;1;0;0;0;0
16.06.2024;03:50;A116;1;0;0;0;0;0;0;0;0;0;0;0;0;0;0;0;0
16.06.2024;03:49;A116;1;0;0;0;0;0;0;0;0;0;0;0;0;0;0;0;0
16.06.2024;03:48;A116;1;2;5;1;6;1;1;0;0;0;0;0;0;0;0;0;0
16.06.2024;03:47;A116;1;0;0;0;0;0;0;0;0;0;0;0;0;0;0;0;0
16.06.2024;03:46;A116;1;0;0;0;0;0;0;0;0;0;0;0;0;0;0;0;0
16.06.2024;03:45;A116;1;0;0;0;0;0;0;0;0;0;0;0;0;0;0;0;0
16.06.2024;03:44;A116;1;1;3;0;0;0;0;0;0;0;0;0;0;0;0;0;0
16.06.2024;03:43;A116;1;2;2;0;0;0;0;0;0;0;0;0;0;0;0;0;0
16.06.2024;03:42;A116;1;1;3;0;0;0;0;0;0;0;0;0;0;0;0;0;0
16.06.2024;03:41;A116;1;0;0;1;7;3;3;0;0;0;0;0;0;0;0;0;0
16.06.2024;03:40;A116;1;0;0;1;1;0;0;0;0;0;0;0;0;0;0;0;0
16.06.2024;03:39;A116;1;0;5;0;0;0;0;0;0;0;0;0;0;0;0;0;0
16.06.2024;03:38;A116;1;1;0;0;0;0;0;0;0;0;0;0;0;0;0;0;0
16.06.2024;03:37;A116;1;1;3;1;5;1;1;0;0;0;0;0;0;0;0;0;0
16.06.2024;03:36;A116;1;1;4;3;3;1;1;0;0;0;0;1;1;0;0;0;0
16.06.2024;03:35;A116;1;2;2;0;0;0;0;0;0;0;0;0;0;0;0;0;0
16.06.2024;03:34;A116;1;1;3;0;0;0;0;0;0;0;0;0;0;0;0;0;0
16.06.2024;03:33;A116;1;1;3;0;0;0;0;0;0;0;0;0;0;0;0;0;0
16.06.2024;03:32;A116;1;0;0;0;0;0;0;0;0;0;0;0;0;0;0;0;0
16.06.2024;03:31;A116;1;0;0;1;5;1;1;0;0;0;0;0;0;0;0;0;0
16.06.2024;03:30;A116;1;1;3;0;0;0;0;0;0;0;0;0;0;0;0;0;0
16.06.2024;03:29;A116;1;0;0;0;0;0;0;0;0;0;0;0;0;0;0;0;0
16.06.2024;03:28;A116;1;1;4;1;3;1;0;0;0;0;0;0;0;0;0;0;0
16.06.2024;03:27;A116;1;0;0;0;0;0;0;0;0;0;0;1;3;0;0;0;0
16.06.2024;03:26;A116;1;0;0;0;0;0;0;0;0;0;0;0;0;0;0;0;0
16.06.2024;03:25;A116;1;0;0;1;5;1;0;0;0;0;0;0;0;0;0;0;0
16.06.2024;03:24;A116;1;3;11;0;0;0;0;0;0;0;0;0;0;0;0;0;0
16.06.2024;03:23;A116;1;1;3;2;6;1;1;0;0;0;0;0;0;0;0;0;0
16.06.2024;03:22;A116;1;2;4;0;0;0;0;0;0;0;0;0;0;0;0;0;0
16.06.2024;03:21;A116;1;6;9;2;19;3;8;0;0;0;0;0;0;0;0;0;0
16.06.2024;03:20;A116;1;4;3;0;0;0;0;0;0;0;0;0;0;0;0;0;0
16.06.2024;03:19;A116;1;0;0;1;6;1;1;0;0;0;0;0;0;0;0;0;0
16.06.2024;03:18;A116;1;5;9;1;4;0;0;0;0;0;0;0;0;0;0;0;0
16.06.2024;03:17;A116;1;0;0;0;0;0;0;0;0;0;0;0;0;0;0;0;0
16.06.2024;03:16;A116;1;0;0;3;19;4;7;0;0;0;0;0;0;0;0;0;0
16.06.2024;03:15;A116;1;0;0;2;8;3;3;0;0;0;0;0;0;0;0;0;0
16.06.2024;03:14;A116;1;0;0;1;6;0;0;0;0;0;0;0;0;0;0;0;0
16.06.2024;03:13;A116;1;2;1;0;0;0;0;0;0;0;0;0;0;0;0;0;0
16.06.2024;03:12;A116;1;0;0;1;6;1;3;0;0;0;0;0;0;0;0;0;0
16.06.2024;03:11;A116;1;0;0;3;4;1;1;0;0;0;0;0;0;0;0;0;0
16.06.2024;03:10;A116;1;2;2;0;0;0;0;0;0;0;0;0;0;0;0;0;0
16.06.2024;03:09;A116;1;0;0;3;10;2;3;0;0;0;0;0;0;0;0;0;0
16.06.2024;03:08;A116;1;0;0;1;4;1;0;0;0;0;0;0;0;0;0;0;0
16.06.2024;03:07;A116;1;4;10;1;7;1;1;0;0;0;0;0;0;0;0;0;0
16.06.2024;03:06;A116;1;1;4;1;4;1;0;0;0;0;0;0;0;0;0;0;0
16.06.2024;03:05;A116;1;0;0;0;0;0;0;0;0;0;0;0;0;0;0;0;0
16.06.2024;03:04;A116;1;1;3;1;3;1;1;0;0;0;0;1;4;0;0;0;0
16.06.2024;03:03;A116;1;0;0;0;0;0;0;0;0;0;0;0;0;0;0;0;0
16.06.2024;03:02;A116;1;0;0;0;0;0;0;0;0;0;0;0;0;0;0;0;0
16.06.2024;03:01;A116;1;0;0;0;0;0;0;0;0;0;0;1;3;0;0;0;0
16.06.2024;03:00;A116;1;0;0;2;4;2;3;0;0;0;0;0;0;0;0;0;0
16.06.2024;02:59;A116;1;0;0;1;6;0;0;0;0;0;0;0;0;0;0;0;0
16.06.2024;02:58;A116;1;0;0;0;0;0;0;0;0;0;0;0;0;0;0;0;0
16.06.2024;02:57;A116;1;0;0;0;0;0;0;0;0;0;0;0;0;0;0;0;0
16.06.2024;02:56;A116;1;0;0;0;0;0;0;0;0;0;0;0;0;0;0;0;0
16.06.2024;02:55;A116;1;0;0;0;0;0;0;0;0;0;0;0;0;0;0;0;0
16.06.2024;02:54;A116;1;0;0;0;0;0;0;0;0;0;0;0;0;0;0;0;0
16.06.2024;02:53;A116;1;0;0;2;10;3;2;0;0;0;0;0;0;0;0;0;0
16.06.2024;02:52;A116;1;2;3;1;4;1;1;0;0;0;0;0;0;0;0;0;0
16.06.2024;02:51;A116;1;0;0;0;0;0;0;0;0;0;0;0;0;0;0;0;0
16.06.2024;02:50;A116;1;2;4;2;10;2;4;0;0;0;0;0;0;0;0;0;0
16.06.2024;02:49;A116;1;1;3;1;4;1;1;0;0;0;0;0;0;0;0;0;0
16.06.2024;02:48;A116;1;0;0;0;0;1;0;0;0;0;0;0;0;0;0;0;0
16.06.2024;02:47;A116;1;1;4;2;7;1;3;0;0;0;0;0;0;0;0;0;0
16.06.2024;02:46;A116;1;1;3;1;10;1;0;0;0;0;0;0;0;0;0;0;0
16.06.2024;02:45;A116;1;1;6;1;1;0;0;0;0;0;0;0;0;0;0;0;0
16.06.2024;02:44;A116;1;2;12;0;0;0;0;0;0;0;0;0;0;0;0;0;0
16.06.2024;02:43;A116;1;0;0;3;3;1;0;0;0;0;0;0;0;0;0;0;0
16.06.2024;02:42;A116;1;0;0;0;0;0;0;0;0;0;0;0;0;0;0;0;0
16.06.2024;02:41;A116;1;0;0;0;0;0;0;0;0;0;0;0;0;0;0;0;0
16.06.2024;02:40;A116;1;0;0;0;0;0;0;0;0;0;0;0;0;0;0;0;0
16.06.2024;02:39;A116;1;3;5;0;0;0;0;0;0;0;0;1;12;0;0;0;0
16.06.2024;02:38;A116;1;1;3;0;0;1;1;0;0;0;0;1;1;0;0;0;0
16.06.2024;02:37;A116;1;0;0;2;14;1;2;0;0;0;0;0;0;0;0;0;0
16.06.2024;02:36;A116;1;0;0;0;0;0;0;0;0;0;0;0;0;0;0;0;0
16.06.2024;02:35;A116;1;0;0;2;11;3;3;0;0;0;0;0;0;0;0;0;0
16.06.2024;02:34;A116;1;1;4;1;11;3;5;0;0;0;0;0;0;0;0;0;0
16.06.2024;02:33;A116;1;1;4;1;1;0;0;0;0;0;0;0;0;0;0;0;0
16.06.2024;02:32;A116;1;0;0;1;5;1;2;0;0;0;0;0;0;0;0;0;0
16.06.2024;02:31;A116;1;0;0;2;7;0;0;0;0;0;0;0;0;0;0;0;0
16.06.2024;02:30;A116;1;0;0;0;0;0;0;0;0;0;0;0;0;0;0;0;0
16.06.2024;02:29;A116;1;2;3;0;0;0;0;0;0;0;0;0;0;0;0;0;0
16.06.2024;02:28;A116;1;0;0;3;14;3;4;0;0;0;0;0;0;0;0;0;0
16.06.2024;02:27;A116;1;1;6;0;0;0;0;0;0;0;0;0;0;0;0;0;0
16.06.2024;02:26;A116;1;1;45;1;4;1;1;0;0;0;0;0;0;0;0;0;0
16.06.2024;02:25;A116;1;0;0;1;7;2;5;0;0;0;0;0;0;0;0;0;0
16.06.2024;02:24;A116;1;2;3;1;7;0;0;0;0;0;0;0;0;0;0;0;0
16.06.2024;02:23;A116;1;2;2;0;0;0;0;0;0;0;0;0;0;0;0;0;0
16.06.2024;02:22;A116;1;2;2;2;14;3;6;0;0;0;0;0;0;0;0;0;0
16.06.2024;02:21;A116;1;0;0;1;6;1;1;0;0;0;0;0;0;0;0;0;0
16.06.2024;02:20;A116;1;2;2;1;5;1;1;0;0;0;0;0;0;0;0;0;0
16.06.2024;02:19;A116;1;0;0;1;5;1;1;0;0;0;0;0;0;0;0;0;0
16.06.2024;02:18;A116;1;0;0;0;0;0;0;0;0;0;0;0;0;0;0;0;0
16.06.2024;02:17;A116;1;0;0;1;2;1;1;0;0;0;0;0;0;0;0;0;0
16.06.2024;02:16;A116;1;0;0;4;13;2;5;0;0;0;0;0;0;0;0;0;0
16.06.2024;02:15;A116;1;0;0;1;6;1;1;0;0;0;0;0;0;0;0;0;0
16.06.2024;02:14;A116;1;1;4;0;0;0;0;0;0;0;0;0;0;0;0;0;0
16.06.2024;02:13;A116;1;3;6;1;5;1;1;0;0;0;0;0;0;0;0;0;0
16.06.2024;02:12;A116;1;1;3;0;0;0;0;0;0;0;0;0;0;0;0;0;0
16.06.2024;02:11;A116;1;0;0;0;0;0;0;0;0;0;0;0;0;0;0;0;0
16.06.2024;02:10;A116;1;2;2;0;0;0;0;0;0;0;0;0;0;0;0;0;0
16.06.2024;02:09;A116;1;2;2;2;10;2;2;0;0;0;0;1;2;0;0;0;0
16.06.2024;02:08;A116;1;3;8;5;16;2;3;0;0;0;0;0;0;0;0;0;0
16.06.2024;02:07;A116;1;0;0;2;9;2;4;0;0;0;0;1;3;0;0;0;0
16.06.2024;02:06;A116;1;0;0;1;4;2;2;0;0;0;0;0;0;0;0;0;0
16.06.2024;02:05;A116;1;1;4;1;3;0;0;0;0;0;0;0;0;0;0;0;0
16.06.2024;02:04;A116;1;0;0;1;10;2;3;0;0;0;0;0;0;0;0;0;0
16.06.2024;02:03;A116;1;2;5;0;0;1;2;0;0;0;0;0;0;0;0;0;0
16.06.2024;02:02;A116;1;4;7;1;19;1;4;0;0;0;0;1;2;0;0;0;0
16.06.2024;02:01;A116;1;1;3;0;0;0;0;0;0;0;0;0;0;0;0;0;0
16.06.2024;02:00;A116;1;2;3;0;0;0;0;0;0;0;0;0;0;0;0;0;0
