Datum;Uhrzeit;Bezeichnung;Intervall;D111Z;D111B;V112_AnfZ;V112_AnfB;D21Z;D21B;D22Z;D22B;V23_AnfZ;V23_AnfB;V24_AnfZ;V24_AnfB;D51Z;D51B;V52_AnfZ;V52_AnfB;V53_AnfZ;V53_AnfB;D81Z;D81B;D82Z;D82B;V83_AnfZ;V83_AnfB;V84_AnfZ;V84_AnfB;D85Z;D85B;TF32_AnfZ;TF32_AnfB;TBS32_AnfZ;TBS32_AnfB;TF35_AnfZ;TF35_AnfB;TBS35_AnfZ;TBS35_AnfB;TF38_AnfZ;TF38_AnfB;TF41_AnfZ;TF41_AnfB;TF32a_AnfZ;TF32a_AnfB;TBS32a_AnfZ;TBS32a_AnfB;TF35a_AnfZ;TF35a_AnfB;TBS35a_AnfZ;TBS35a_AnfB;TF38a_AnfZ;TF38a_AnfB;TF41a_AnfZ;TF41a_AnfB
19.08.2024;09:22;A126;1;1;56;1;5;0;100;0;0;1;2;0;0;1;1;1;5;1;1;0;0;0;0;0;0;0;0;0;0;0;0;0;0;0;0;0;0;0;0;0;0;0;0;0;0;0;0;0;0;0;0;0;0
19.08.2024;09:21;A126;1;2;0;2;7;0;100;0;0;2;70;0;0;0;14;0;0;1;2;1;12;0;0;1;7;0;0;0;0;0;0;0;0;0;0;0;0;0;0;0;0;0;0;0;0;0;0;0;0;0;0;0;0
19.08.2024;09:20;A126;1;2;38;0;37;0;100;0;2;3;11;0;0;1;3;1;5;0;0;2;32;0;0;2;37;0;0;0;0;0;0;0;0;0;0;0;0;0;0;0;0;0;0;0;0;0;0;0;0;0;0;0;0
19.08.2024;09:19;A126;1;2;13;2;17;0;100;2;43;2;8;2;10;2;24;2;23;1;6;1;0;2;14;1;3;1;3;0;0;0;0;0;0;0;0;0;0;0;0;0;0;0;0;0;0;0;0;0;0;0;0;0;0
19.08.2024;09:18;A126;1;1;0;2;4;0;100;0;0;2;51;0;0;2;2;2;12;3;3;1;2;2;17;1;5;3;12;0;0;0;0;0;0;0;0;0;0;0;0;0;0;0;0;0;0;0;0;0;0;0;0;0;0
19.08.2024;09:17;A126;1;0;0;0;0;0;100;0;4;3;41;0;0;3;2;1;4;1;4;2;5;1;2;2;11;1;3;0;0;1;1;0;0;0;0;0;0;0;0;0;0;0;0;0;0;0;0;0;0;0;0;0;0
19.08.2024;09:16;A126;1;2;20;2;7;0;100;2;28;3;40;2;8;1;24;1;6;1;2;4;33;0;29;0;39;0;0;0;0;0;0;0;0;0;0;0;0;0;0;0;0;0;0;0;0;0;0;0;0;0;0;0;0
19.08.2024;09:15;A126;1;1;1;0;0;0;100;2;11;0;25;1;14;1;2;0;0;0;0;1;16;1;21;3;22;2;4;0;0;0;0;0;0;0;0;0;0;0;0;0;0;0;0;0;0;0;0;0;0;0;0;0;0
19.08.2024;09:14;A126;1;1;25;2;5;0;100;1;9;1;58;1;14;1;0;0;0;0;0;3;5;1;4;2;11;1;9;0;0;0;0;0;0;0;0;0;0;0;0;0;0;0;0;0;0;0;0;0;0;0;0;0;0
19.08.2024;09:13;A126;1;0;0;0;0;0;100;2;2;1;74;3;9;1;22;3;5;1;2;2;5;3;42;0;21;1;44;0;0;0;0;0;0;0;0;0;0;0;0;0;0;0;0;0;0;0;0;0;0;0;0;0;0
19.08.2024;09:12;A126;1;2;18;5;24;0;100;1;0;2;31;0;0;1;27;1;5;1;2;4;7;1;36;4;37;1;40;0;0;0;0;0;0;0;0;0;0;0;0;0;0;0;0;0;0;0;0;0;0;0;0;0;0
19.08.2024;09:11;A126;1;1;19;1;4;0;100;2;4;1;55;1;15;0;0;0;0;0;0;1;1;2;2;1;4;2;6;0;0;0;0;0;0;0;0;0;0;0;0;0;0;0;0;0;0;0;0;0;0;0;0;0;0
19.08.2024;09:10;A126;1;0;0;0;0;0;100;1;0;3;10;1;3;0;0;0;0;1;0;1;0;0;0;0;0;0;0;0;0;0;0;0;0;0;0;0;0;0;0;0;0;0;0;0;0;0;0;0;0;0;0;0;0
19.08.2024;09:09;A126;1;0;0;0;0;0;100;4;2;3;30;1;3;2;57;2;8;1;2;5;10;4;37;3;22;2;42;0;0;0;0;0;0;0;0;0;0;0;0;0;0;0;0;0;0;0;0;0;0;0;0;0;0
19.08.2024;09:08;A126;1;1;20;1;3;0;100;1;1;1;6;1;6;2;2;1;4;1;1;4;5;2;11;4;16;1;15;0;0;0;0;0;0;0;0;0;0;0;0;0;0;0;0;0;0;0;0;0;0;0;0;0;0
19.08.2024;09:07;A126;1;2;3;1;9;0;100;3;25;0;55;3;19;0;11;0;11;2;7;0;0;0;0;1;0;1;32;0;0;0;0;0;0;0;0;0;0;0;0;0;0;0;0;0;0;0;0;0;0;0;0;0;0
19.08.2024;09:06;A126;1;1;25;0;26;0;100;3;15;3;35;1;6;1;30;1;36;1;1;3;48;1;1;1;58;0;0;0;0;0;0;0;0;0;0;0;0;0;0;0;0;0;0;0;0;0;0;0;0;0;0;0;0
19.08.2024;09:05;A126;1;2;45;4;29;0;100;0;0;1;3;0;0;1;15;1;6;1;14;0;0;0;0;0;0;0;0;0;0;0;0;0;0;0;0;0;0;0;0;0;0;0;0;0;0;0;0;0;0;0;0;0;0
19.08.2024;09:04;A126;1;2;5;2;10;0;100;0;0;1;3;0;0;5;30;2;31;7;12;1;41;0;0;0;40;0;0;0;0;0;0;0;0;0;0;0;0;0;0;0;0;0;0;0;0;0;0;0;0;0;0;0;0
19.08.2024;09:03;A126;1;2;51;2;39;0;100;0;7;3;14;0;0;1;39;2;38;1;2;5;19;2;3;2;31;0;4;0;0;0;0;0;0;0;0;0;0;0;0;0;0;0;0;0;0;0;0;0;0;0;0;0;0
19.08.2024;09:02;A126;1;0;0;0;0;0;100;1;26;0;0;1;6;0;0;0;0;0;0;5;8;4;26;5;60;4;30;0;0;0;0;0;0;0;0;0;0;0;0;0;0;1;1;1;1;0;0;0;0;0;0;0;0
19.08.2024;09:01;A126;1;2;21;2;9;0;100;1;26;0;40;1;8;2;2;2;8;2;2;2;38;2;37;0;0;4;47;0;0;0;0;0;0;0;0;0;0;0;0;0;0;0;0;0;0;0;0;1;1;0;0;0;0
19.08.2024;09:00;A126;1;2;29;2;7;0;100;2;0;3;29;1;1;2;23;1;33;2;4;0;0;0;0;1;6;0;0;0;0;0;0;0;0;0;0;0;0;1;1;0;0;0;0;0;0;0;0;0;0;0;0;1;1
19.08.2024;08:59;A126;1;3;25;4;16;0;100;0;0;3;6;0;0;2;45;3;47;3;5;4;29;1;6;2;5;1;8;0;0;0;0;0;0;0;0;0;0;0;0;0;0;0;0;0;0;0;0;0;0;0;0;0;0
19.08.2024;08:58;A126;1;4;25;3;15;0;100;0;0;1;4;0;0;2;13;2;16;2;3;0;0;0;0;0;0;0;0;0;0;0;0;0;0;0;0;0;0;0;0;0;0;0;0;0;0;0;0;0;0;0;0;0;0
19.08.2024;08:57;A126;1;1;16;1;6;0;100;0;0;2;36;0;0;0;18;0;0;1;3;3;7;2;9;5;14;2;15;0;0;0;0;0;0;0;0;0;0;0;0;0;0;0;0;0;0;0;0;0;0;0;0;0;0
19.08.2024;08:56;A126;1;3;33;1;35;0;100;1;4;4;12;1;4;2;54;1;5;1;2;7;32;2;8;5;49;2;14;0;0;0;0;0;0;0;0;0;0;0;0;0;0;0;0;0;0;0;0;0;0;0;0;0;0
19.08.2024;08:55;A126;1;0;17;1;4;0;100;1;5;1;44;3;10;2;36;2;45;1;2;5;32;6;47;1;45;2;72;0;0;0;0;0;0;0;0;0;0;1;1;0;0;0;0;0;0;0;0;0;0;0;0;0;0
19.08.2024;08:54;A126;1;1;17;0;0;0;100;1;70;1;4;2;4;2;34;2;21;2;4;0;0;0;0;0;0;0;0;0;0;0;0;0;0;1;1;0;0;0;0;0;0;0;0;0;0;0;0;0;0;0;0;0;0
19.08.2024;08:53;A126;1;1;47;1;4;0;100;2;27;3;47;2;8;2;50;2;8;4;10;3;14;1;2;2;17;1;6;0;0;1;1;0;0;0;0;0;0;0;0;0;0;0;0;0;0;0;0;0;0;0;0;0;0
19.08.2024;08:52;A126;1;3;30;3;14;0;100;3;2;2;44;3;7;1;36;1;38;1;0;4;31;6;38;1;26;1;64;0;0;0;0;0;0;0;0;0;0;0;0;3;5;0;0;0;0;0;0;0;0;0;0;0;0
19.08.2024;08:51;A126;1;3;41;4;22;0;100;0;0;3;63;0;0;4;18;1;29;5;9;1;24;0;0;1;5;0;0;0;0;0;0;0;0;0;0;0;0;0;0;0;0;0;0;0;0;0;0;0;0;0;0;0;0
19.08.2024;08:50;A126;1;0;0;0;0;0;100;2;19;2;11;2;8;2;58;3;34;1;32;4;6;3;9;3;14;1;14;0;0;0;0;0;0;0;0;1;1;0;0;0;0;0;0;0;0;0;0;0;0;0;0;0;0
19.08.2024;08:49;A126;1;3;20;3;17;0;100;6;28;4;25;1;49;1;19;1;2;2;3;0;0;3;32;1;1;7;35;0;0;0;0;0;0;0;0;0;0;0;0;0;0;0;0;0;0;0;0;0;0;0;0;0;0
19.08.2024;08:48;A126;1;4;38;3;13;0;100;1;2;1;6;1;4;5;38;5;17;4;4;4;9;1;0;1;18;0;0;0;0;0;0;0;0;0;0;0;0;0;0;0;0;0;0;0;0;0;0;0;0;0;0;0;0
19.08.2024;08:47;A126;1;1;1;2;9;0;100;2;3;2;31;2;11;2;1;0;0;1;0;3;39;3;58;1;46;3;37;0;0;0;0;0;0;0;0;0;0;0;0;0;0;0;0;0;0;0;0;0;0;0;0;0;0
19.08.2024;08:46;A126;1;3;48;2;11;0;100;1;1;3;75;1;4;1;44;0;6;1;2;7;36;0;0;1;55;0;0;0;0;0;0;0;0;1;1;0;0;0;0;0;0;0;0;0;0;0;0;0;0;0;0;0;0
19.08.2024;08:45;A126;1;1;9;3;8;0;100;1;34;1;29;0;31;2;23;2;48;2;6;2;28;2;3;1;39;0;9;0;0;0;0;0;0;0;0;0;0;0;0;0;0;0;0;0;0;0;0;0;0;0;0;0;0
19.08.2024;08:44;A126;1;0;0;1;0;0;100;3;31;2;62;2;34;1;0;1;3;1;0;2;7;2;2;2;13;3;7;0;0;0;0;0;0;0;0;0;0;0;0;0;0;0;0;0;0;0;0;0;0;0;0;0;0
19.08.2024;08:43;A126;1;5;26;1;39;0;100;2;46;3;49;2;50;0;0;0;0;0;0;2;4;3;6;1;9;1;9;0;0;0;0;0;0;0;0;0;0;0;0;0;0;0;0;0;0;0;0;0;0;0;0;0;0
19.08.2024;08:42;A126;1;3;47;2;56;0;100;0;0;0;0;0;0;2;1;1;3;1;1;8;24;4;46;3;45;1;60;0;0;0;0;0;0;0;0;0;0;0;0;0;0;0;0;0;0;0;0;0;0;0;0;0;0
19.08.2024;08:41;A126;1;2;37;3;24;0;100;1;32;1;47;1;5;4;26;2;21;4;9;7;41;3;45;4;59;3;23;0;0;0;0;0;0;0;0;0;0;0;0;0;0;0;0;0;0;0;0;0;0;0;0;0;0
19.08.2024;08:40;A126;1;2;2;1;4;0;100;1;18;2;8;1;5;0;0;0;0;0;0;3;7;3;2;3;20;2;4;0;0;0;0;0;0;0;0;0;0;0;0;0;0;0;0;0;0;0;0;0;0;0;0;0;0
19.08.2024;08:39;A126;1;1;0;2;5;0;100;0;0;4;15;0;0;3;21;1;30;3;6;2;1;0;0;0;0;0;0;0;0;0;0;0;0;0;0;0;0;0;0;0;0;0;0;0;0;0;0;0;0;0;0;0;0
19.08.2024;08:38;A126;1;0;0;1;7;0;100;1;1;3;47;1;3;1;15;1;19;4;4;0;0;2;48;0;0;1;54;0;0;0;0;0;0;0;0;0;0;0;0;0;0;0;0;0;0;0;0;0;0;0;0;0;0
19.08.2024;08:37;A126;1;2;1;3;6;0;100;2;13;1;4;2;11;2;23;2;16;1;17;2;4;2;51;0;5;2;22;0;0;0;0;0;0;0;0;0;0;0;0;0;0;0;0;0;0;0;0;0;0;0;0;0;0
19.08.2024;08:36;A126;1;5;6;4;19;0;100;0;0;1;30;0;0;2;20;1;10;2;2;1;20;1;23;1;29;1;8;0;0;0;0;0;0;0;0;0;0;0;0;0;0;0;0;0;0;0;0;0;0;0;0;0;0
19.08.2024;08:35;A126;1;0;0;0;0;0;100;2;2;2;4;2;7;0;22;0;0;1;3;1;48;2;37;1;5;1;44;0;0;0;0;0;0;0;0;0;0;0;0;0;0;0;0;0;0;0;0;0;0;0;0;0;0
19.08.2024;08:34;A126;1;1;18;1;5;0;100;1;2;3;39;1;5;2;14;2;11;1;55;2;13;1;28;0;18;1;12;0;0;0;0;0;0;0;0;0;0;1;1;0;0;0;0;0;0;0;0;0;0;0;0;0;0
19.08.2024;08:33;A126;1;1;1;2;7;0;100;0;28;2;52;0;0;3;28;2;17;4;5;1;20;3;62;2;15;3;67;0;0;0;0;0;0;1;1;0;0;0;0;0;0;0;0;0;0;0;0;0;0;0;0;0;0
19.08.2024;08:32;A126;1;2;11;1;13;0;100;3;54;3;36;3;47;7;9;2;12;4;2;2;16;1;14;2;10;2;10;0;0;0;0;0;0;0;0;0;0;0;0;0;0;0;0;0;0;0;0;0;0;0;0;0;0
19.08.2024;08:31;A126;1;3;58;4;56;0;100;2;49;4;11;2;53;0;31;0;0;1;2;1;1;1;3;0;0;0;1;0;0;0;0;0;0;0;0;0;0;0;0;0;0;0;0;0;0;0;0;0;0;0;0;0;0
19.08.2024;08:30;A126;1;0;0;1;5;0;100;1;1;0;24;1;4;2;29;2;15;1;2;3;9;1;39;1;18;1;48;0;0;0;0;0;0;0;0;0;0;0;0;0;0;0;0;0;0;0;0;0;0;0;0;0;0
19.08.2024;08:29;A126;1;2;51;2;7;0;100;2;3;2;11;1;8;0;0;0;0;0;0;4;31;1;21;3;32;1;5;0;0;0;0;0;0;0;0;0;0;0;0;0;0;0;0;0;0;0;0;0;0;0;0;0;0
19.08.2024;08:28;A126;1;3;70;8;42;0;100;2;20;1;39;1;8;1;28;0;3;1;3;0;0;2;5;0;0;2;6;0;0;0;0;0;0;0;0;0;0;0;0;0;0;0;0;0;0;0;0;0;0;0;0;0;0
19.08.2024;08:27;A126;1;1;20;2;34;0;100;1;6;3;47;0;3;3;5;2;19;3;3;1;16;4;35;1;6;1;52;0;0;0;0;0;0;0;0;0;0;0;0;0;0;0;0;0;0;0;0;0;0;0;0;0;0
19.08.2024;08:26;A126;1;2;3;2;7;0;100;2;4;1;22;1;14;1;17;2;2;1;0;2;32;2;1;2;41;1;3;0;0;0;0;0;0;0;0;0;0;0;0;0;0;0;0;0;0;0;0;0;0;0;0;0;0
19.08.2024;08:25;A126;1;0;0;0;0;0;100;1;29;3;14;1;7;1;19;1;6;1;2;0;0;1;0;0;0;0;0;0;0;0;0;0;0;0;0;0;0;0;0;0;0;0;0;0;0;0;0;0;0;0;0;0;0
19.08.2024;08:24;A126;1;2;2;0;0;0;100;0;0;4;24;0;0;2;24;1;31;2;4;1;20;1;32;1;5;1;31;0;0;0;0;0;0;0;0;0;0;0;0;0;0;0;0;0;0;0;0;0;0;0;0;0;0
19.08.2024;08:23;A126;1;2;25;2;10;0;100;4;2;2;33;2;5;1;6;1;8;1;14;2;2;2;9;2;6;3;22;0;0;0;0;0;0;0;0;0;0;0;0;0;0;0;0;0;0;0;0;0;0;0;0;0;0
19.08.2024;08:22;A126;1;1;41;1;4;0;100;7;50;4;38;3;62;2;30;4;36;3;45;1;1;1;0;0;2;0;0;0;0;0;0;0;0;0;0;0;0;0;0;0;0;0;0;0;0;0;0;0;0;0;0;0;0
19.08.2024;08:21;A126;1;3;62;2;29;0;100;0;0;3;49;0;0;3;42;2;47;3;6;4;25;1;1;3;41;0;0;0;0;0;0;0;0;0;0;0;0;0;0;0;0;0;0;0;0;0;0;0;0;0;0;0;0
19.08.2024;08:20;A126;1;6;31;1;40;0;100;2;23;1;18;2;9;1;2;2;10;1;1;2;50;1;50;2;53;1;5;0;0;0;0;0;0;0;0;0;0;0;0;0;0;0;0;0;0;0;0;0;0;0;0;1;1
19.08.2024;08:19;A126;1;1;15;1;22;0;100;0;0;2;6;0;0;1;21;1;7;1;1;6;27;3;39;3;17;1;15;0;0;0;0;0;0;0;0;0;0;0;0;0;0;0;0;0;0;0;0;0;0;0;0;0;0
19.08.2024;08:18;A126;1;5;16;2;35;0;100;1;10;1;11;1;4;1;0;0;0;0;0;2;10;1;30;1;14;3;18;0;0;0;0;0;0;0;0;0;0;0;0;0;0;0;0;0;0;0;0;0;0;0;0;0;0
19.08.2024;08:17;A126;1;0;0;1;0;0;100;1;14;3;38;1;4;3;39;2;48;4;6;3;38;5;43;2;47;2;53;0;0;0;0;0;0;0;0;0;0;0;0;0;0;0;0;0;0;0;0;0;0;0;0;0;0
19.08.2024;08:16;A126;1;1;74;1;11;0;100;1;2;5;64;1;4;1;1;1;3;2;1;3;15;3;32;2;23;1;54;0;0;0;0;0;0;0;0;0;0;0;0;0;0;0;0;0;0;0;0;0;0;0;0;0;0
19.08.2024;08:15;A126;1;2;25;2;7;0;100;0;0;1;49;0;0;1;1;1;3;2;2;1;6;2;26;1;18;3;40;0;0;0;0;0;0;0;0;0;0;0;0;1;1;0;0;0;0;0;0;0;0;0;0;0;0
19.08.2024;08:14;A126;1;0;15;0;0;0;100;0;0;2;54;0;0;4;41;1;49;3;7;1;11;2;41;2;8;1;50;0;0;0;0;0;0;0;0;0;0;0;0;0;0;0;0;0;0;0;0;0;0;0;0;0;0
19.08.2024;08:13;A126;1;4;15;1;48;0;100;1;1;3;11;1;3;2;14;1;4;1;3;3;55;2;71;15;15;1;79;0;0;0;0;0;0;0;0;0;0;0;0;0;0;0;0;1;1;1;1;0;0;0;0;0;0
19.08.2024;08:12;A126;1;1;36;4;50;0;100;1;24;2;11;1;26;1;1;1;3;1;1;5;6;3;14;3;15;2;35;0;0;0;0;0;0;0;0;0;0;0;0;0;0;0;0;0;0;0;0;0;0;0;0;0;0
19.08.2024;08:11;A126;1;2;55;1;8;0;100;2;38;0;42;0;0;2;32;1;39;3;4;0;0;2;2;0;0;3;47;0;0;0;0;0;0;0;0;0;0;0;0;0;0;0;0;0;0;0;0;0;0;0;0;0;0
19.08.2024;08:10;A126;1;3;40;2;42;0;100;1;2;2;22;0;0;3;16;1;20;4;6;1;2;2;2;1;5;1;4;0;0;0;0;0;0;1;1;0;0;0;0;0;0;0;0;0;0;0;0;0;0;0;0;0;0
19.08.2024;08:09;A126;1;2;52;2;50;0;100;2;38;3;10;2;23;1;29;1;14;1;2;2;3;4;6;2;8;3;10;0;0;0;0;0;0;0;0;0;0;0;0;0;0;0;0;0;0;0;0;0;0;0;0;0;0
19.08.2024;08:08;A126;1;1;7;1;4;0;100;1;1;5;14;1;3;3;56;3;34;2;3;1;0;3;6;0;0;2;11;0;0;0;0;0;0;0;0;0;0;0;0;0;0;0;0;0;0;0;0;0;0;0;0;0;0
19.08.2024;08:07;A126;1;1;0;1;3;0;100;1;36;3;10;1;6;1;0;0;0;0;0;7;14;3;82;0;30;2;90;0;0;0;0;0;0;0;0;0;0;0;0;0;0;0;0;0;0;0;0;0;0;0;0;0;0
19.08.2024;08:06;A126;1;0;0;0;0;0;100;1;1;1;4;1;2;4;58;2;41;4;7;4;33;2;46;3;45;1;49;0;0;0;0;0;0;0;0;0;0;0;0;0;0;0;0;0;0;0;0;0;0;0;0;1;1
19.08.2024;08:05;A126;1;1;22;0;20;0;100;0;0;1;3;0;0;0;21;0;0;1;3;2;42;3;32;2;20;1;38;0;0;0;0;0;0;0;0;0;0;0;0;0;0;0;0;0;0;0;0;0;0;0;0;0;0
19.08.2024;08:04;A126;1;2;58;3;54;0;100;5;2;2;39;1;3;3;30;2;34;2;4;3;4;1;4;1;4;0;4;0;0;2;3;0;0;0;0;0;0;0;0;0;0;0;0;0;0;0;0;0;0;0;0;0;0
19.08.2024;08:03;A126;1;1;1;1;4;0;100;2;14;2;44;1;13;2;21;2;13;3;5;1;5;2;48;1;13;2;44;0;0;0;0;0;0;0;0;0;0;0;0;0;0;0;0;0;0;0;0;0;0;0;0;0;0
19.08.2024;08:02;A126;1;2;4;2;10;0;100;1;15;4;18;1;8;3;42;3;24;4;9;2;19;0;0;2;6;0;0;0;0;0;0;0;0;0;0;0;0;0;0;0;0;0;0;0;0;0;0;0;0;0;0;0;0
19.08.2024;08:01;A126;1;0;0;0;0;0;100;1;1;3;7;1;4;1;16;1;7;0;0;2;22;1;22;2;24;1;5;0;0;0;0;0;0;0;0;0;0;0;0;0;0;0;0;0;0;0;0;0;0;0;0;0;0
19.08.2024;08:00;A126;1;2;50;2;50;0;100;1;5;0;27;1;5;0;0;0;0;0;0;8;35;7;67;1;47;1;58;0;0;0;0;0;0;0;0;0;0;0;0;0;0;0;0;0;0;0;0;0;0;0;0;0;0
19.08.2024;07:59;A126;1;4;36;1;46;0;100;0;0;4;46;0;0;0;11;0;0;1;2;1;27;2;28;2;31;2;32;0;0;0;0;0;0;0;0;0;0;0;0;0;0;0;0;0;0;0;0;0;0;0;0;1;1
19.08.2024;07:58;A126;1;2;64;3;44;0;100;0;0;1;66;0;0;2;32;2;30;1;4;3;8;1;1;1;16;1;2;0;0;0;0;0;0;0;0;0;0;0;0;0;0;0;0;0;0;0;0;0;0;0;0;0;0
19.08.2024;07:57;A126;1;3;44;4;16;0;100;1;2;4;48;1;6;0;0;0;0;0;0;0;0;1;2;0;0;0;0;0;0;0;0;0;0;0;0;0;0;0;0;0;0;0;0;0;0;0;0;0;0;0;0;0;0
19.08.2024;07:56;A126;1;5;51;5;46;0;100;1;7;1;32;2;7;1;52;0;52;1;3;3;57;2;19;3;14;2;8;0;0;0;0;0;0;0;0;0;0;0;0;0;0;0;0;0;0;0;0;0;0;0;0;0;0
19.08.2024;07:55;A126;1;3;5;3;12;0;100;1;8;3;57;1;8;1;4;1;9;0;0;1;1;1;49;1;5;1;6;0;0;0;0;0;0;0;0;0;0;0;0;0;0;0;0;0;0;0;0;0;0;0;0;0;0
19.08.2024;07:54;A126;1;1;39;1;5;0;100;3;48;1;11;1;27;1;33;3;39;2;8;4;12;2;16;2;22;0;16;0;0;0;0;0;0;0;0;0;0;0;0;0;0;0;0;1;2;0;0;0;0;0;0;0;0
19.08.2024;07:53;A126;1;4;32;1;16;0;100;1;37;2;31;2;38;4;16;2;20;4;19;1;10;1;44;1;16;2;41;0;0;0;0;0;0;0;0;0;0;0;0;0;0;0;0;0;0;0;0;0;0;0;0;0;0
19.08.2024;07:52;A126;1;3;66;1;71;0;100;3;47;1;50;2;49;1;42;2;10;2;2;6;50;1;4;0;61;1;6;0;0;0;0;0;0;0;0;0;0;0;0;0;0;0;0;0;0;0;0;0;0;0;0;0;0
19.08.2024;07:51;A126;1;1;22;2;20;0;100;0;0;3;52;0;0;3;4;2;31;3;4;3;9;2;5;4;19;2;9;0;0;0;0;0;0;0;0;0;0;0;0;0;0;0;0;0;0;0;0;0;0;0;0;0;0
19.08.2024;07:50;A126;1;0;0;0;0;0;100;0;0;3;9;0;0;0;0;0;0;0;0;1;1;3;3;1;4;2;11;0;0;0;0;0;0;0;0;0;0;0;0;0;0;0;0;0;0;0;0;0;0;0;0;0;0
19.08.2024;07:49;A126;1;2;13;0;14;0;100;3;10;4;26;4;9;1;1;1;3;1;1;2;48;11;80;2;42;0;59;0;0;0;0;0;0;0;0;0;0;0;0;0;0;0;0;0;0;0;0;0;0;0;0;1;1
19.08.2024;07:48;A126;1;7;62;3;78;0;100;0;0;1;4;0;0;3;2;1;6;2;3;0;0;1;0;0;0;1;6;0;0;0;0;0;0;0;0;0;0;0;0;0;0;0;0;0;0;0;0;0;0;0;0;0;0
19.08.2024;07:47;A126;1;0;0;0;0;0;100;2;26;1;5;0;22;3;51;1;59;3;6;1;1;2;2;1;3;1;3;0;0;0;0;0;0;0;0;0;0;0;0;0;0;0;0;0;0;0;0;0;0;0;0;0;0
19.08.2024;07:46;A126;1;1;63;1;4;0;100;4;52;3;12;4;67;2;2;0;0;1;0;8;41;3;4;2;52;2;4;0;0;0;0;0;0;0;0;0;0;0;0;0;0;0;0;0;0;0;0;0;0;0;0;0;0
19.08.2024;07:45;A126;1;2;22;2;13;0;100;1;8;0;18;1;9;1;1;0;0;0;0;2;6;0;0;2;8;0;0;0;0;0;0;0;0;0;0;0;0;0;0;0;0;0;0;0;0;0;0;0;0;0;0;0;0
19.08.2024;07:44;A126;1;3;31;2;12;0;100;2;58;1;44;2;42;2;2;2;8;2;2;1;1;2;1;1;3;1;6;0;0;0;0;0;0;0;0;0;0;0;0;0;0;0;0;0;0;0;0;0;0;0;0;0;0
19.08.2024;07:43;A126;1;6;63;4;63;0;100;2;7;1;18;3;16;1;0;1;2;1;0;1;0;2;4;0;0;2;9;0;0;0;0;0;0;0;0;0;0;0;0;0;0;0;0;0;0;0;0;0;0;0;0;0;0
19.08.2024;07:42;A126;1;1;10;1;16;0;100;4;3;1;17;0;0;2;6;2;6;2;3;3;7;2;3;1;16;1;0;0;0;0;0;0;0;0;0;0;0;0;0;0;0;0;0;0;0;0;0;0;0;0;0;0;0
19.08.2024;07:41;A126;1;2;3;1;3;0;100;1;0;4;16;0;0;3;4;0;8;5;3;7;43;2;13;7;38;3;18;0;0;0;0;0;0;0;0;0;0;0;0;0;0;0;0;0;0;0;0;0;0;0;0;0;0
19.08.2024;07:40;A126;1;1;21;2;17;0;100;2;1;5;19;1;3;1;1;2;7;1;1;1;35;4;5;2;17;1;4;0;0;0;0;0;0;0;0;0;0;0;0;0;0;0;0;0;0;0;0;0;0;0;0;0;0
19.08.2024;07:39;A126;1;1;1;0;0;0;100;4;2;6;29;2;6;2;33;2;28;1;1;2;18;4;6;2;10;1;4;0;0;0;0;0;0;0;0;0;0;1;1;0;0;1;1;1;1;0;0;0;0;0;0;0;0
19.08.2024;07:38;A126;1;2;1;2;5;0;100;4;0;5;65;0;0;0;26;0;0;1;2;2;34;2;35;1;38;2;21;0;0;0;0;0;0;0;0;0;0;0;0;0;0;0;0;0;0;0;0;0;0;0;0;0;0
19.08.2024;07:37;A126;1;3;44;3;12;0;100;4;10;0;20;1;17;4;69;1;68;3;7;0;10;1;43;0;0;1;50;0;0;0;0;1;1;0;0;1;1;0;0;0;0;1;3;0;0;0;0;0;0;0;0;0;0
19.08.2024;07:36;A126;1;2;1;2;5;0;100;0;37;1;33;1;0;1;1;2;9;1;1;1;27;1;32;2;6;1;39;0;0;0;0;0;0;0;0;0;0;0;0;0;0;1;1;0;0;0;0;0;0;0;0;0;0
19.08.2024;07:35;A126;1;2;17;2;15;0;100;2;47;1;49;1;10;1;29;1;6;1;15;3;22;3;26;4;20;2;31;0;0;0;0;0;0;0;0;0;0;0;0;0;0;0;0;0;0;0;0;0;0;0;0;0;0
19.08.2024;07:34;A126;1;3;30;4;24;0;100;2;52;2;52;3;35;7;38;2;52;7;17;3;48;2;6;2;13;0;0;0;0;0;0;0;0;0;0;0;0;0;0;0;0;0;0;0;0;0;0;0;0;0;0;0;0
19.08.2024;07:33;A126;1;2;30;2;10;0;100;1;1;3;26;1;4;2;0;1;0;0;0;1;35;3;27;1;5;2;42;0;0;0;0;0;0;0;0;0;0;0;0;0;0;0;0;0;0;0;0;0;0;0;0;0;0
19.08.2024;07:32;A126;1;1;1;1;3;0;100;4;21;4;47;4;24;3;31;2;26;2;3;0;0;2;4;0;0;2;6;0;0;0;0;0;0;0;0;0;0;0;0;0;0;0;0;0;0;0;0;0;0;0;0;0;0
19.08.2024;07:31;A126;1;2;41;4;10;0;100;1;1;1;2;1;3;1;19;1;23;1;4;1;0;3;17;0;0;1;38;0;0;0;0;0;0;0;0;0;0;0;0;0;0;0;0;0;0;0;0;0;0;0;0;0;0
19.08.2024;07:30;A126;1;3;45;4;18;0;100;0;0;0;0;0;0;1;1;1;3;1;1;3;31;0;0;2;43;0;0;0;0;0;0;0;0;0;0;0;0;0;0;0;0;0;0;0;0;0;0;0;0;0;0;0;0
19.08.2024;07:29;A126;1;2;10;1;5;0;100;1;1;1;1;1;3;2;8;0;10;4;10;3;35;2;1;1;29;1;3;0;0;0;0;0;0;0;0;0;0;0;0;0;0;0;0;0;0;0;0;0;0;0;0;0;0
19.08.2024;07:28;A126;1;2;23;1;28;0;100;2;60;0;6;1;51;1;17;2;24;0;0;5;11;4;49;2;50;1;64;0;0;0;0;0;0;0;0;0;0;0;0;0;0;0;0;0;0;0;0;0;0;0;0;0;0
19.08.2024;07:27;A126;1;3;42;3;56;0;100;0;0;4;6;0;0;2;18;1;9;2;2;2;2;2;1;2;6;2;6;0;0;0;0;0;0;0;0;0;0;0;0;0;0;0;0;0;0;0;0;0;0;0;0;0;0
19.08.2024;07:26;A126;1;2;20;2;22;0;100;2;3;3;14;1;6;0;0;0;0;0;0;1;54;30;54;1;59;0;0;0;0;0;0;0;0;0;0;0;0;0;0;2;3;0;0;0;0;0;0;0;0;0;0;0;0
19.08.2024;07:25;A126;1;2;16;1;11;0;100;2;26;0;0;2;10;2;24;2;10;2;3;1;7;0;0;1;12;1;8;0;0;0;0;0;0;0;0;0;0;0;0;0;0;0;0;0;0;0;0;0;0;0;0;0;0
19.08.2024;07:24;A126;1;3;39;3;31;0;100;0;0;0;0;0;0;4;4;3;15;4;5;0;0;0;0;0;0;0;0;0;0;0;0;0;0;0;0;0;0;0;0;0;0;0;0;0;0;0;0;0;0;0;0;0;0
19.08.2024;07:23;A126;1;1;0;1;2;0;100;1;0;1;4;1;2;3;20;2;19;2;4;3;34;2;25;2;42;1;7;0;0;0;0;0;0;0;0;0;0;0;0;0;0;0;0;0;0;0;0;0;0;0;0;0;0
19.08.2024;07:22;A126;1;0;0;1;2;0;100;0;0;2;30;0;0;0;31;0;30;1;3;1;1;0;0;0;0;0;0;0;0;0;0;0;0;0;0;0;0;0;0;0;0;0;0;0;0;0;0;0;0;0;0;0;0
19.08.2024;07:21;A126;1;1;1;1;4;0;100;2;3;3;53;2;12;4;54;3;56;4;8;2;15;1;1;2;12;1;3;0;0;0;0;0;0;0;0;0;0;0;0;0;0;0;0;0;0;0;0;0;0;0;0;0;0
19.08.2024;07:20;A126;1;0;0;0;0;0;100;3;3;2;5;2;10;1;25;1;5;1;2;1;1;1;1;1;3;1;4;0;0;0;0;0;0;0;0;0;0;0;0;0;0;0;0;0;0;0;0;0;0;0;0;0;0
19.08.2024;07:19;A126;1;2;5;2;13;0;100;0;0;2;9;0;0;0;0;0;0;0;0;3;28;1;1;1;39;1;3;0;0;0;0;0;0;0;0;0;0;0;0;0;0;0;0;0;0;0;0;0;0;0;0;0;0
19.08.2024;07:18;A126;1;0;0;1;1;0;100;1;1;3;7;1;4;2;18;2;8;2;3;2;9;2;2;1;17;1;6;0;0;0;0;0;0;0;0;0;0;0;0;0;0;0;0;0;0;0;0;0;0;0;0;0;0
19.08.2024;07:17;A126;1;0;0;0;0;0;100;0;0;3;15;0;0;1;19;1;6;1;3;3;4;2;3;3;11;2;6;0;0;0;0;0;0;0;0;0;0;0;0;0;0;0;0;0;0;0;0;0;0;0;0;0;0
19.08.2024;07:16;A126;1;2;8;1;5;0;100;1;1;1;49;1;4;0;0;0;0;0;0;6;9;3;41;3;22;1;48;0;0;0;0;0;0;0;0;0;0;0;0;0;0;0;0;0;0;0;0;0;0;0;0;0;0
19.08.2024;07:15;A126;1;3;23;0;31;0;100;1;21;3;33;3;9;3;31;3;17;3;6;0;0;0;0;0;0;0;0;0;0;0;0;0;0;0;0;0;0;0;0;0;0;0;0;0;0;0;0;0;0;0;0;0;0
19.08.2024;07:14;A126;1;1;39;3;47;0;100;1;1;3;9;1;4;1;23;1;8;3;8;1;11;3;35;2;24;2;44;0;0;0;0;0;0;0;0;0;0;0;0;0;0;1;1;1;1;0;0;0;0;0;0;0;0
19.08.2024;07:13;A126;1;0;0;0;0;0;100;1;13;3;8;1;3;3;21;3;33;2;14;0;8;1;1;0;0;0;0;0;0;0;0;0;0;0;0;0;0;0;0;0;0;0;0;0;0;0;0;0;0;0;0;0;0
19.08.2024;07:12;A126;1;1;11;1;4;0;100;2;71;0;0;1;6;2;45;1;53;3;7;1;9;1;37;1;6;1;4;0;0;0;0;0;0;0;0;0;0;0;0;0;0;0;0;0;0;0;0;0;0;0;0;0;0
19.08.2024;07:11;A126;1;2;27;1;26;0;100;8;8;1;10;2;18;1;0;0;0;0;0;1;35;2;35;1;5;2;9;0;0;0;0;0;0;0;0;0;0;0;0;0;0;0;0;0;0;0;0;0;0;0;0;0;0
19.08.2024;07:10;A126;1;3;52;5;40;0;100;2;2;1;53;1;5;2;29;1;33;2;3;4;21;2;17;2;13;2;21;0;0;0;0;0;0;0;0;0;0;0;0;0;0;0;0;0;0;0;0;0;0;0;0;0;0
19.08.2024;07:09;A126;1;1;1;1;4;0;100;0;0;2;36;0;0;0;0;1;3;0;0;4;4;0;0;4;10;0;0;0;0;0;0;0;0;0;0;0;0;0;0;0;0;0;0;0;0;0;0;0;0;0;0;0;0
19.08.2024;07:08;A126;1;3;51;2;30;0;100;1;0;1;9;0;0;2;54;2;10;2;4;2;4;5;28;3;10;1;29;0;0;0;0;0;0;0;0;0;0;0;0;0;0;0;0;0;0;0;0;0;0;0;0;0;0
19.08.2024;07:07;A126;1;0;0;1;9;0;100;1;1;3;8;1;3;0;0;0;0;0;0;2;22;2;23;0;25;0;25;0;0;0;0;0;0;0;0;0;0;0;0;0;0;0;0;0;0;0;0;0;0;0;0;0;0
19.08.2024;07:06;A126;1;3;78;5;32;0;100;1;23;2;36;1;18;2;66;1;68;5;8;4;53;5;78;6;41;4;68;0;0;0;0;0;0;0;0;0;0;0;0;0;0;0;0;0;0;0;0;0;0;0;0;0;0
19.08.2024;07:05;A126;1;1;44;1;4;0;100;1;20;3;13;1;6;4;16;0;20;3;17;4;33;3;62;2;43;3;81;0;0;0;0;0;0;0;0;0;0;0;0;0;0;0;0;0;0;0;0;0;0;0;0;0;0
19.08.2024;07:04;A126;1;3;11;3;14;0;100;1;1;1;68;1;3;2;24;3;35;2;7;1;0;0;6;0;0;0;0;0;0;0;0;0;0;0;0;0;0;0;0;0;0;0;0;0;0;0;0;0;0;0;0;0;0
19.08.2024;07:03;A126;1;0;0;0;0;0;100;0;0;1;19;0;0;1;22;1;5;1;3;0;0;2;38;0;0;2;7;0;0;0;0;0;0;0;0;0;0;0;0;0;0;0;0;0;0;0;0;0;0;0;0;0;0
19.08.2024;07:02;A126;1;1;0;1;2;0;100;2;33;1;63;1;44;1;19;1;7;1;2;0;0;1;17;0;0;1;18;0;0;0;0;0;0;0;0;0;0;0;0;0;0;1;1;0;0;0;0;0;0;0;0;0;0
19.08.2024;07:01;A126;1;1;1;1;2;0;100;36;26;2;11;1;36;1;13;1;5;1;2;1;26;1;52;0;25;1;38;0;0;0;0;0;0;0;0;0;0;0;0;0;0;0;0;0;0;1;1;1;1;1;1;0;0
19.08.2024;07:00;A126;1;3;47;2;30;0;100;0;0;0;0;1;4;2;2;2;12;2;2;3;27;4;13;4;34;3;12;0;0;0;0;0;0;0;0;0;0;0;0;0;0;0;0;0;0;0;0;0;0;0;0;0;0
19.08.2024;06:59;A126;1;2;48;3;9;0;100;2;10;1;4;2;10;2;19;1;4;1;3;4;39;1;43;1;48;1;51;0;0;0;0;0;0;0;0;0;0;0;0;0;0;0;0;0;0;0;0;0;0;0;0;0;0
19.08.2024;06:58;A126;1;1;40;1;19;0;100;1;1;0;0;1;3;3;15;3;15;3;5;3;13;3;5;0;19;2;12;0;0;0;0;0;0;0;0;0;0;0;0;0;0;0;0;0;0;0;0;0;0;0;0;0;0
19.08.2024;06:57;A126;1;1;14;1;5;0;100;4;45;2;25;3;20;3;33;0;40;4;7;2;3;0;0;2;12;0;0;0;0;0;0;0;0;0;0;0;0;0;0;0;0;0;0;0;0;0;0;0;0;0;0;0;0
19.08.2024;06:56;A126;1;1;5;3;8;0;100;1;13;1;29;1;20;1;5;4;12;1;0;3;7;1;50;2;15;1;4;0;0;0;0;0;0;0;0;0;0;0;0;0;0;0;0;0;0;0;0;0;0;0;0;0;0
19.08.2024;06:55;A126;1;1;15;2;18;0;100;1;54;2;14;1;26;2;31;2;9;3;7;0;49;0;0;0;0;0;0;0;0;0;0;0;0;0;0;0;0;0;0;0;0;0;0;0;0;0;0;0;0;0;0;0;0
19.08.2024;06:54;A126;1;2;25;4;21;0;100;4;4;2;14;1;5;3;25;2;10;1;0;1;1;1;22;1;3;1;6;0;0;0;0;0;0;0;0;0;0;0;0;0;0;0;0;0;0;0;0;0;0;0;0;0;0
19.08.2024;06:53;A126;1;2;15;3;14;0;100;0;0;3;31;0;0;2;25;1;26;4;6;4;21;3;35;3;28;3;15;0;0;0;0;0;0;0;0;0;0;0;0;0;0;0;0;0;0;0;0;0;0;0;0;0;0
19.08.2024;06:52;A126;1;0;0;0;0;0;100;1;1;1;18;1;3;3;25;2;33;1;6;0;0;0;0;0;0;0;0;0;0;0;0;0;0;0;0;0;0;0;0;0;0;1;1;1;1;0;0;0;0;0;0;0;0
19.08.2024;06:51;A126;1;0;0;0;0;0;100;0;0;2;29;0;0;1;17;1;7;1;4;0;0;1;20;0;0;2;7;0;0;0;0;0;0;0;0;0;0;0;0;0;0;0;0;0;0;0;0;0;0;0;0;0;0
19.08.2024;06:50;A126;1;0;0;0;0;0;100;0;0;1;5;0;0;0;0;0;0;0;0;2;2;1;1;1;7;1;3;0;0;0;0;0;0;0;0;0;0;0;0;0;0;0;0;0;0;0;0;0;0;0;0;0;0
19.08.2024;06:49;A126;1;3;54;0;58;0;100;3;28;1;47;3;35;1;2;1;6;1;1;4;9;1;1;1;18;1;4;0;0;0;0;0;0;0;0;0;0;0;0;0;0;0;0;0;0;0;0;0;0;0;0;0;0
19.08.2024;06:48;A126;1;1;3;1;9;0;100;0;0;3;32;0;0;2;9;1;25;3;5;2;45;1;57;5;40;1;3;0;0;0;0;0;0;0;0;0;0;0;0;0;0;0;0;0;0;0;0;0;0;0;0;0;0
19.08.2024;06:47;A126;1;2;1;1;4;0;100;0;0;0;0;0;0;2;20;2;9;3;21;5;24;3;4;3;34;1;4;0;0;0;0;0;0;0;0;0;0;0;0;0;0;0;0;0;0;0;0;0;0;0;0;0;0
19.08.2024;06:46;A126;1;2;67;4;14;0;100;1;4;0;0;1;8;3;71;2;35;3;7;6;45;1;17;2;56;1;5;0;0;0;0;0;0;0;0;0;0;0;0;0;0;0;0;0;0;0;0;0;0;0;0;0;0
19.08.2024;06:45;A126;1;1;48;3;21;0;100;1;0;2;8;0;0;4;51;4;39;4;9;1;3;3;2;2;8;0;0;0;0;0;0;0;0;0;0;0;0;0;0;0;0;0;0;0;0;1;1;1;1;0;0;0;0
19.08.2024;06:44;A126;1;3;10;3;23;0;100;5;28;1;55;3;32;0;0;0;0;0;0;1;1;4;3;1;3;2;6;0;0;0;0;0;0;0;0;0;0;0;0;0;0;0;0;0;0;0;0;0;0;0;0;0;0
19.08.2024;06:43;A126;1;2;1;2;6;0;100;0;0;1;5;0;0;3;8;2;12;2;3;1;13;4;25;1;10;0;28;0;0;0;0;0;0;0;0;0;0;0;0;0;0;0;0;0;0;0;0;0;0;0;0;0;0
19.08.2024;06:42;A126;1;0;0;0;0;0;100;0;36;1;3;0;0;1;21;1;5;1;2;1;28;1;23;1;3;1;34;0;0;0;0;0;0;0;0;0;0;0;0;0;0;0;0;0;0;0;0;0;0;0;0;0;0
19.08.2024;06:41;A126;1;0;28;1;0;0;100;1;14;1;2;1;4;2;28;2;11;2;17;1;40;1;46;1;6;1;4;0;0;0;0;0;0;0;0;0;0;0;0;0;0;0;0;0;0;0;0;0;0;0;0;0;0
19.08.2024;06:40;A126;1;2;4;3;7;0;100;1;30;1;6;1;6;2;1;1;5;1;1;9;20;2;12;0;37;0;9;0;0;0;0;0;0;0;0;0;0;0;0;1;1;0;0;0;0;0;0;0;0;0;0;0;0
19.08.2024;06:39;A126;1;2;24;2;8;0;100;1;17;0;0;1;6;0;0;0;0;0;0;1;46;1;21;1;51;3;18;0;0;0;0;0;0;0;0;0;0;0;0;0;0;0;0;0;0;0;0;0;0;0;0;0;0
19.08.2024;06:38;A126;1;1;16;1;5;0;100;1;1;0;27;2;13;0;0;0;0;0;0;0;0;0;23;0;0;0;0;0;0;0;0;0;0;0;0;0;0;0;0;0;0;0;0;0;0;0;0;0;0;0;0;0;0
19.08.2024;06:37;A126;1;3;51;4;45;0;100;0;0;4;54;0;0;2;13;2;7;3;5;2;52;6;23;0;56;3;12;0;0;0;0;0;0;0;0;0;0;0;0;0;0;0;0;0;0;0;0;0;0;0;0;0;0
19.08.2024;06:36;A126;1;0;0;1;1;0;100;4;0;2;8;0;0;4;11;2;19;2;2;1;54;0;0;3;64;0;0;0;0;0;0;0;0;0;0;0;0;0;0;0;0;0;0;0;0;0;0;0;0;0;0;0;0
19.08.2024;06:35;A126;1;2;5;1;14;0;100;3;24;2;9;2;9;1;1;1;3;2;1;5;6;2;2;4;15;2;7;0;0;0;0;0;0;0;0;0;0;0;0;0;0;0;0;0;0;0;0;0;0;0;0;0;0
19.08.2024;06:34;A126;1;2;18;2;7;0;100;2;17;0;0;0;19;1;1;1;4;0;0;2;6;2;10;1;10;1;25;0;0;0;0;0;0;0;0;0;0;0;0;1;1;0;0;0;0;0;0;0;0;0;0;0;0
19.08.2024;06:33;A126;1;1;30;2;25;0;100;1;21;1;2;2;18;0;5;0;0;1;1;0;0;0;0;0;0;1;0;0;0;0;0;0;0;0;0;0;0;0;0;0;0;0;0;0;0;0;0;0;0;0;0;0;0
19.08.2024;06:32;A126;1;1;30;1;6;0;100;2;10;5;40;2;11;2;49;3;33;1;3;1;1;2;2;2;4;1;3;0;0;0;0;0;0;0;0;0;0;0;0;0;0;0;0;0;0;0;0;0;0;0;0;0;0
19.08.2024;06:31;A126;1;0;0;0;0;0;100;0;0;0;0;0;0;0;0;0;0;0;0;1;1;1;1;2;4;1;4;0;0;0;0;0;0;0;0;0;0;0;0;0;0;0;0;0;0;0;0;0;0;0;0;0;0
19.08.2024;06:30;A126;1;0;0;0;0;0;100;79;19;2;17;3;17;4;26;2;31;4;6;0;0;1;1;0;0;1;3;0;0;0;0;0;0;0;0;0;0;0;0;0;0;0;0;0;0;0;0;0;0;0;0;0;0
19.08.2024;06:29;A126;1;0;0;0;0;0;100;1;1;2;7;1;3;1;18;1;5;1;1;2;2;2;3;3;9;2;8;0;0;0;0;0;0;0;0;0;0;0;0;0;0;1;1;1;2;0;0;0;0;0;0;0;0
19.08.2024;06:28;A126;1;0;0;0;0;0;100;1;0;1;2;0;0;2;20;1;11;2;4;0;3;0;1;0;0;0;0;0;0;0;0;0;0;0;0;0;0;0;0;0;0;0;0;0;0;0;0;0;0;0;0;0;0
19.08.2024;06:27;A126;1;1;40;1;5;0;100;0;0;2;5;0;0;0;0;0;0;0;0;4;7;4;38;4;24;3;49;0;0;0;0;0;0;0;0;0;0;0;0;0;0;0;0;0;0;0;0;0;0;0;0;0;0
19.08.2024;06:26;A126;1;1;6;1;15;0;100;0;0;0;0;0;0;1;18;0;10;2;6;1;24;0;0;2;31;0;0;0;0;0;0;0;0;0;0;0;0;0;0;0;0;0;0;0;0;0;0;0;0;0;0;0;0
19.08.2024;06:25;A126;1;0;0;1;1;0;100;4;11;2;5;1;19;3;33;2;48;2;5;0;0;0;0;0;0;0;0;0;0;0;0;0;0;0;0;0;0;0;0;0;0;0;0;0;0;0;0;0;0;0;0;0;0
19.08.2024;06:24;A126;1;0;0;0;0;0;100;2;32;1;34;2;12;2;41;2;49;2;43;1;1;2;5;1;7;2;11;0;0;0;0;0;0;0;0;0;0;0;0;0;0;0;0;0;0;0;0;0;0;0;0;0;0
19.08.2024;06:23;A126;1;1;18;1;5;0;100;3;6;3;15;2;15;1;16;2;6;1;2;5;7;2;1;3;22;1;3;0;0;0;0;0;0;0;0;0;0;0;0;0;0;0;0;0;0;0;0;0;0;0;0;0;0
19.08.2024;06:22;A126;1;1;1;1;5;0;100;2;15;2;10;0;0;1;19;1;7;1;3;0;14;2;5;1;0;3;19;0;0;0;0;0;0;0;0;0;0;0;0;0;0;0;0;0;0;0;0;0;0;0;0;0;0
19.08.2024;06:21;A126;1;2;23;1;7;0;100;0;0;1;6;1;6;1;30;1;4;1;1;1;0;1;7;1;6;1;15;0;0;0;0;0;0;0;0;0;0;0;0;0;0;0;0;0;0;0;0;0;0;0;0;0;0
19.08.2024;06:20;A126;1;1;0;1;5;0;100;1;1;0;12;1;3;0;0;0;0;0;0;1;1;1;0;1;5;0;0;0;0;0;0;0;0;0;0;0;0;0;0;0;0;0;0;0;0;0;0;0;0;0;0;0;0
19.08.2024;06:19;A126;1;1;20;1;26;0;100;0;0;2;5;0;0;1;17;1;6;1;2;0;0;0;0;0;0;0;0;0;0;0;0;0;0;0;0;0;0;0;0;0;0;0;0;0;1;0;0;0;0;0;0;0;0
19.08.2024;06:18;A126;1;0;0;1;0;0;100;1;23;0;0;1;8;0;0;0;5;0;0;2;24;1;1;4;22;2;5;0;0;0;0;0;0;0;0;0;0;0;0;0;0;1;1;3;15;0;0;0;0;0;0;0;0
19.08.2024;06:17;A126;1;1;11;1;9;0;100;1;1;0;0;0;0;2;0;2;8;1;0;3;2;3;5;1;6;3;18;0;0;0;0;0;0;0;0;0;0;0;0;0;0;1;1;0;0;0;0;0;0;0;0;0;0
19.08.2024;06:16;A126;1;1;59;2;13;0;100;2;2;2;45;2;7;0;0;0;0;0;0;2;4;4;2;2;14;0;0;0;0;0;0;0;0;0;0;0;0;0;0;0;0;0;0;0;0;0;0;0;0;0;0;0;0
19.08.2024;06:15;A126;1;0;0;0;0;0;100;0;0;1;12;0;0;0;0;0;0;0;0;1;1;1;1;1;8;0;3;0;0;0;0;0;0;0;0;0;0;0;0;0;0;0;0;0;0;0;0;0;0;0;0;0;0
19.08.2024;06:14;A126;1;1;17;1;7;0;100;1;1;2;8;1;3;0;0;0;0;0;0;0;0;1;1;0;0;3;10;0;0;0;0;0;0;0;0;0;0;0;0;0;0;0;0;0;0;0;0;0;0;0;0;0;0
19.08.2024;06:13;A126;1;1;25;2;12;0;100;1;1;1;3;1;2;0;0;0;0;0;0;0;0;1;1;0;0;1;6;0;0;0;0;0;0;0;0;0;0;0;0;0;0;0;0;0;0;0;0;0;0;0;0;0;0
19.08.2024;06:12;A126;1;1;3;1;4;0;100;0;0;2;1;0;0;1;4;1;5;2;4;1;1;0;0;2;5;0;0;0;0;0;0;0;0;0;0;0;0;0;0;0;0;0;0;0;0;0;0;0;0;0;0;0;0
19.08.2024;06:11;A126;1;1;0;0;0;0;100;1;1;0;0;1;2;0;0;0;0;0;0;1;1;2;3;1;7;2;16;0;0;0;0;0;0;0;0;0;0;0;0;0;0;0;0;0;0;0;0;0;0;0;0;0;0
19.08.2024;06:10;A126;1;0;0;0;0;0;100;1;19;0;0;4;23;0;18;0;0;1;0;2;8;0;0;1;15;0;0;0;0;0;0;0;0;0;0;0;0;0;0;0;0;0;0;0;0;0;0;0;0;0;0;0;0
19.08.2024;06:09;A126;1;1;3;0;0;0;100;2;35;0;0;4;9;1;44;3;10;0;0;3;39;4;2;1;32;1;6;0;0;0;0;0;0;0;0;0;0;0;0;0;0;0;0;0;0;0;0;0;0;0;0;0;0
19.08.2024;06:08;A126;1;0;0;2;10;0;100;1;1;3;10;1;6;1;18;1;5;1;2;3;3;0;11;1;8;0;7;0;0;0;0;0;0;0;0;0;0;0;0;0;0;0;0;0;0;0;0;0;0;0;0;0;0
19.08.2024;06:07;A126;1;0;0;0;0;0;100;1;42;1;2;1;3;1;30;1;5;1;2;0;0;2;34;0;0;2;23;0;0;0;0;0;0;0;0;0;0;0;0;0;0;0;0;0;0;0;0;0;0;0;0;0;0
19.08.2024;06:06;A126;1;1;1;1;1;0;100;2;16;1;2;3;11;0;0;0;0;0;0;3;15;2;15;0;0;2;17;0;0;0;0;0;0;0;0;0;0;0;0;0;0;0;0;0;0;0;0;0;0;0;0;0;0
19.08.2024;06:05;A126;1;0;0;0;0;0;100;1;14;0;0;2;3;1;0;0;0;0;0;1;15;1;17;0;0;2;8;0;0;0;0;0;0;0;0;0;0;0;0;0;0;0;0;0;0;0;0;0;0;0;0;0;0
19.08.2024;06:04;A126;1;0;0;1;1;0;100;1;1;1;30;0;0;1;26;1;5;1;1;0;0;1;29;0;0;1;8;0;0;0;0;0;0;0;0;0;0;0;0;0;0;0;0;0;0;0;0;0;0;0;0;0;0
19.08.2024;06:03;A126;1;0;12;0;0;0;100;3;3;1;19;2;15;0;0;0;0;0;0;0;0;1;1;0;0;1;7;0;0;0;0;0;0;0;0;0;0;0;0;0;0;0;0;0;0;0;0;0;0;0;0;0;0
19.08.2024;06:02;A126;1;2;16;3;13;0;100;0;0;1;21;0;0;1;0;1;4;1;0;3;4;1;2;0;0;1;7;0;0;0;0;0;0;0;0;0;0;0;0;0;0;0;0;0;0;0;0;0;0;0;0;0;0
19.08.2024;06:01;A126;1;0;0;0;0;0;100;0;0;2;39;0;0;0;0;0;0;0;0;2;4;1;3;1;3;0;0;0;0;0;0;0;0;0;0;0;0;0;0;0;0;0;0;0;0;0;0;0;0;0;0;0;0
19.08.2024;06:00;A126;1;0;0;2;2;0;100;1;1;3;6;1;4;2;1;5;11;2;1;0;3;0;0;0;0;0;0;0;0;0;0;0;0;0;0;0;0;0;0;0;0;0;0;0;0;0;0;0;0;0;0;0;0
19.08.2024;05:59;A126;1;1;9;2;17;0;100;1;1;4;4;1;5;1;0;2;1;1;0;2;22;0;14;0;0;0;0;0;0;0;0;0;0;0;0;0;0;0;0;0;0;0;0;0;0;0;0;0;0;0;0;0;0
19.08.2024;05:58;A126;1;0;0;3;5;0;100;20;7;1;45;1;54;3;22;0;27;4;4;1;16;3;22;0;0;4;25;0;0;0;0;0;0;0;0;0;0;0;0;0;0;0;0;0;0;0;0;0;0;0;0;0;0
19.08.2024;05:57;A126;1;1;9;1;2;0;100;1;0;2;6;0;0;4;28;2;45;4;4;4;42;1;32;1;36;1;7;0;0;0;0;0;0;0;0;0;0;0;0;0;0;0;0;0;0;0;0;0;0;0;0;0;0
19.08.2024;05:56;A126;1;0;0;1;1;0;100;2;32;1;2;2;5;1;20;3;8;1;0;4;16;2;2;2;26;3;8;0;0;0;0;0;0;0;0;0;0;0;0;0;0;0;0;0;0;0;0;0;0;0;0;0;0
19.08.2024;05:55;A126;1;2;16;2;26;0;100;0;0;1;9;0;0;0;0;0;0;0;0;0;0;0;0;1;2;0;0;0;0;0;0;0;0;0;0;0;0;0;0;0;0;0;0;0;0;0;0;0;0;0;0;0;0
19.08.2024;05:54;A126;1;0;0;1;1;0;100;0;5;1;8;0;0;1;20;1;5;1;1;3;8;2;2;1;8;2;11;0;0;0;0;0;0;0;0;0;0;0;0;0;0;0;0;0;0;0;0;0;0;0;0;0;0
19.08.2024;05:53;A126;1;1;0;1;2;0;100;1;17;0;0;2;3;0;0;2;6;0;0;2;36;1;1;1;29;1;6;0;0;0;0;0;0;0;0;0;0;0;0;0;0;0;0;0;0;0;0;0;0;0;0;0;0
19.08.2024;05:52;A126;1;0;0;1;0;0;100;3;2;5;12;1;4;0;0;2;3;0;0;0;0;0;0;0;0;0;0;0;0;0;0;0;0;0;0;0;0;0;0;0;0;0;0;0;0;0;0;0;0;0;0;0;0
19.08.2024;05:51;A126;1;0;0;2;5;0;100;0;0;2;4;0;0;2;32;2;35;3;2;0;1;2;36;0;0;2;19;0;0;0;0;0;0;0;0;0;0;0;0;0;0;0;0;0;0;0;0;0;0;0;0;0;0
19.08.2024;05:50;A126;1;1;8;2;5;0;100;1;14;0;0;1;5;3;33;6;25;2;1;2;3;2;30;0;0;2;8;0;0;0;0;0;0;0;0;0;0;0;0;0;0;0;0;0;0;0;0;0;0;0;0;0;0
19.08.2024;05:49;A126;1;1;11;2;8;0;100;4;10;2;5;3;8;1;21;0;0;1;0;3;4;3;2;0;0;1;7;0;0;0;0;0;0;0;0;0;0;0;0;0;0;0;0;0;0;0;0;0;0;0;0;0;0
19.08.2024;05:48;A126;1;0;0;1;2;0;100;2;3;1;36;3;9;1;0;0;0;0;0;3;3;1;0;0;0;0;0;0;0;0;0;0;0;0;0;0;0;0;0;0;0;0;0;0;0;0;0;0;0;0;0;0;0
19.08.2024;05:47;A126;1;0;8;0;0;0;100;0;0;3;27;0;0;0;0;0;0;0;0;2;4;1;1;1;2;0;0;0;0;0;0;0;0;0;0;0;0;0;0;0;0;0;0;0;0;0;0;0;0;0;0;0;0
19.08.2024;05:46;A126;1;2;19;2;15;0;100;0;0;0;0;0;0;1;9;1;6;1;1;2;5;1;2;0;0;0;0;0;0;0;0;0;0;0;0;0;0;0;0;0;0;0;0;0;0;0;0;0;0;0;0;0;0
19.08.2024;05:45;A126;1;1;0;2;4;0;100;0;0;0;0;0;0;1;19;1;5;2;18;1;1;1;1;0;0;1;10;0;0;0;0;0;0;0;0;0;0;0;0;0;0;0;0;0;0;0;0;0;0;0;0;0;0
19.08.2024;05:44;A126;1;0;0;1;1;0;100;0;0;1;4;0;0;0;0;0;0;0;0;1;30;0;0;0;0;0;0;0;0;0;0;0;0;0;0;0;0;0;0;0;0;0;0;0;0;0;0;0;0;0;0;0;0
19.08.2024;05:43;A126;1;1;1;2;9;0;100;0;0;1;17;0;0;0;0;0;0;0;0;0;22;2;24;0;0;1;4;0;0;0;0;0;0;0;0;0;0;0;0;0;0;1;1;1;1;0;0;0;0;0;0;0;0
19.08.2024;05:42;A126;1;0;0;1;1;0;100;1;25;0;0;1;5;1;16;1;10;1;0;1;3;0;0;0;0;2;10;0;0;0;0;0;0;0;0;0;0;0;0;0;0;0;0;0;0;0;0;0;0;0;0;0;0
19.08.2024;05:41;A126;1;0;19;0;0;0;100;1;2;0;0;2;4;0;0;0;0;0;0;3;4;0;0;0;0;0;0;0;0;0;0;0;0;0;0;0;0;0;0;3;5;0;0;0;0;0;0;0;0;0;0;0;0
19.08.2024;05:40;A126;1;4;54;5;26;0;100;0;0;0;0;0;0;0;0;0;0;0;0;2;20;0;0;0;0;0;0;0;0;0;0;0;0;0;0;0;0;0;0;0;0;0;0;0;0;0;0;0;0;0;0;0;0
19.08.2024;05:39;A126;1;0;29;0;0;0;100;0;0;0;0;0;0;1;18;1;5;1;0;4;24;1;2;1;6;0;0;0;0;0;0;0;0;0;0;0;0;0;0;0;0;0;0;0;0;0;0;0;0;0;0;0;0
19.08.2024;05:38;A126;1;2;21;1;5;0;100;0;0;4;7;0;0;2;17;1;6;1;0;2;23;1;1;0;0;1;6;0;0;0;0;0;0;0;0;0;0;0;0;0;0;0;0;0;0;0;0;0;0;0;0;0;0
19.08.2024;05:37;A126;1;0;0;0;0;0;100;2;1;2;6;1;5;0;0;0;0;0;0;3;3;0;0;0;0;0;0;0;0;0;0;0;0;0;0;0;0;0;0;0;0;0;0;0;0;0;0;0;0;0;0;0;0
19.08.2024;05:36;A126;1;1;0;0;0;0;100;0;0;0;0;0;0;2;1;0;0;0;0;3;4;1;1;0;0;1;8;0;0;0;0;0;0;0;0;0;0;0;0;0;0;0;0;0;0;0;0;0;0;0;0;0;0
19.08.2024;05:35;A126;1;1;16;3;12;0;100;0;0;2;4;0;0;0;0;0;0;0;0;0;0;0;0;0;0;0;0;0;0;0;0;0;0;0;0;0;0;0;0;0;0;0;0;0;0;0;0;0;0;0;0;0;0
19.08.2024;05:34;A126;1;0;0;0;0;0;100;0;0;1;5;0;0;0;0;0;0;0;0;0;0;0;0;0;0;0;0;0;0;0;0;0;0;0;0;0;0;0;0;0;0;0;0;0;0;0;0;0;0;0;0;0;0
19.08.2024;05:33;A126;1;0;0;1;3;0;100;1;1;0;0;0;0;2;16;1;8;1;1;1;0;0;0;1;1;0;0;0;0;0;0;0;0;0;0;0;0;0;0;0;0;0;0;0;0;0;0;0;0;0;0;0;0
19.08.2024;05:32;A126;1;0;0;0;0;0;100;0;0;0;0;2;2;0;0;0;0;0;0;1;0;0;0;1;1;0;0;0;0;0;0;0;0;0;0;0;0;0;0;0;0;0;0;0;0;0;0;0;0;0;0;0;0
19.08.2024;05:31;A126;1;0;0;0;0;0;100;0;0;0;0;0;0;0;0;0;0;0;0;1;3;2;2;1;14;0;0;0;0;0;0;0;0;0;0;0;0;0;0;0;0;0;0;0;0;0;0;0;0;0;0;0;0
19.08.2024;05:30;A126;1;0;0;0;0;0;100;1;0;1;11;0;0;0;0;0;0;0;0;1;1;0;0;0;0;0;0;0;0;0;0;0;0;0;0;0;0;0;0;0;0;0;0;0;0;0;0;0;0;0;0;0;0
19.08.2024;05:29;A126;1;0;0;0;0;0;100;0;0;0;0;0;0;2;7;2;3;2;16;0;0;0;0;0;0;0;0;0;0;0;0;0;0;0;0;0;0;0;0;0;0;0;0;0;0;0;0;0;0;0;0;0;0
19.08.2024;05:28;A126;1;0;0;1;1;0;100;1;1;1;2;1;5;0;0;0;0;0;0;4;3;0;0;1;16;0;0;0;0;0;0;0;0;0;0;0;0;0;0;0;0;0;0;0;0;0;0;0;0;0;0;0;0
19.08.2024;05:27;A126;1;0;0;1;1;0;100;0;0;0;0;0;0;1;16;1;6;1;0;2;35;0;0;1;3;0;0;0;0;0;0;0;0;0;0;0;0;0;0;0;0;0;0;0;0;0;0;0;0;0;0;0;0
19.08.2024;05:26;A126;1;0;0;1;1;0;100;2;0;1;2;0;0;0;0;0;0;0;0;0;0;0;0;0;0;0;0;0;0;0;0;0;0;0;0;0;0;0;0;0;0;0;0;0;0;0;0;0;0;0;0;0;0
19.08.2024;05:25;A126;1;0;0;0;0;0;100;0;0;0;0;0;0;0;0;0;0;0;0;0;0;0;0;0;0;0;0;0;0;0;0;0;0;0;0;0;0;0;0;0;0;0;0;0;0;0;0;0;0;0;0;0;0
19.08.2024;05:24;A126;1;1;14;2;7;0;100;0;0;0;0;0;0;0;0;0;0;0;0;0;0;0;0;0;0;0;0;0;0;0;0;0;0;0;0;0;0;0;0;0;0;0;0;0;0;0;0;0;0;0;0;0;0
19.08.2024;05:23;A126;1;1;2;1;9;0;100;0;0;0;0;0;0;0;0;0;0;0;0;1;1;0;0;0;0;0;0;0;0;0;0;0;0;0;0;0;0;0;0;0;0;0;0;0;0;0;0;0;0;0;0;0;0
19.08.2024;05:22;A126;1;0;0;0;0;0;100;1;1;1;1;1;2;0;0;0;0;0;0;0;0;0;0;0;0;0;0;0;0;0;0;0;0;0;0;0;0;0;0;0;0;0;0;0;0;0;0;0;0;0;0;0;0
19.08.2024;05:21;A126;1;0;0;0;0;0;100;0;0;0;0;0;0;0;0;0;0;0;0;1;1;1;1;0;0;1;5;0;0;0;0;0;0;0;0;0;0;0;0;0;0;0;0;0;0;0;0;0;0;0;0;0;0
19.08.2024;05:20;A126;1;0;0;0;0;0;100;0;0;1;3;0;0;0;0;0;0;0;0;0;0;0;0;0;0;0;0;0;0;0;0;0;0;0;0;0;0;0;0;0;0;0;0;0;0;0;0;0;0;0;0;0;0
19.08.2024;05:19;A126;1;1;16;1;5;0;100;0;0;0;0;0;0;0;0;0;0;0;0;0;0;0;0;0;0;0;0;0;0;0;0;0;0;0;0;0;0;0;0;0;0;0;0;0;0;0;0;0;0;0;0;0;0
19.08.2024;05:18;A126;1;0;0;0;0;0;100;0;0;0;0;0;0;0;0;0;0;0;0;0;0;0;0;0;0;0;0;0;0;0;0;0;0;0;0;0;0;0;0;0;0;0;0;0;0;0;0;0;0;0;0;0;0
19.08.2024;05:17;A126;1;0;0;0;0;0;100;0;0;1;5;0;0;0;19;0;0;1;0;1;1;0;0;0;0;0;0;0;0;0;0;0;0;0;0;0;0;0;0;0;0;0;0;0;0;0;0;0;0;0;0;1;1
19.08.2024;05:16;A126;1;0;0;1;1;0;100;0;0;1;33;0;0;3;18;2;10;1;0;0;0;2;6;0;0;2;14;0;0;0;0;0;0;0;0;0;0;0;0;0;0;0;0;0;0;0;0;0;0;0;0;0;0
19.08.2024;05:15;A126;1;0;0;1;2;0;100;0;0;0;0;0;0;0;0;0;0;0;0;3;28;0;0;1;4;0;0;0;0;0;0;0;0;0;0;0;0;0;0;0;0;0;0;0;0;0;0;0;0;0;0;0;0
19.08.2024;05:14;A126;1;0;0;1;2;0;100;1;25;0;0;2;4;0;0;0;0;0;0;1;4;0;0;0;0;0;0;0;0;0;0;0;0;0;0;0;0;0;0;0;0;0;0;0;0;0;0;0;0;0;0;0;0
19.08.2024;05:13;A126;1;0;0;2;5;0;100;0;0;0;0;0;0;0;0;0;0;0;0;0;0;0;0;0;0;0;0;0;0;0;0;0;0;0;0;0;0;0;0;0;0;0;0;0;0;0;0;0;0;0;0;0;0
19.08.2024;05:12;A126;1;0;0;0;0;0;100;0;0;4;6;0;0;0;0;0;0;0;0;1;1;0;0;0;0;0;0;0;0;0;0;0;0;0;0;0;0;0;0;0;0;0;0;0;0;0;0;0;0;0;0;0;0
19.08.2024;05:11;A126;1;1;19;1;5;0;100;0;0;0;0;0;0;0;0;0;0;0;0;1;0;0;0;0;0;0;0;0;0;0;0;0;0;0;0;0;0;0;0;0;0;0;0;0;0;0;0;0;0;0;0;0;0
19.08.2024;05:10;A126;1;0;0;0;0;0;100;2;0;3;5;0;0;0;0;0;0;0;0;0;0;1;0;0;0;0;0;0;0;0;0;0;0;0;0;0;0;0;0;0;0;0;0;0;0;0;0;0;0;0;0;0;0
19.08.2024;05:09;A126;1;0;0;1;2;0;100;0;0;1;2;0;0;0;0;0;0;0;0;0;0;0;0;0;0;0;0;0;0;0;0;0;0;0;0;0;0;0;0;0;0;0;0;0;0;0;0;0;0;0;0;0;0
19.08.2024;05:08;A126;1;1;0;0;0;0;100;0;0;0;0;0;0;1;0;1;0;1;1;1;1;3;3;0;0;1;14;0;0;0;0;0;0;0;0;0;0;0;0;0;0;0;0;0;0;0;0;0;0;0;0;0;0
19.08.2024;05:07;A126;1;1;16;1;6;0;100;1;1;0;0;1;4;0;0;0;0;0;0;0;0;0;0;0;0;0;0;0;0;0;0;0;0;0;0;0;0;0;0;0;0;0;0;0;0;0;0;0;0;0;0;0;0
19.08.2024;05:06;A126;1;0;0;0;0;0;100;1;0;3;7;0;0;0;0;0;0;0;0;2;2;2;1;0;0;0;0;0;0;0;0;0;0;0;0;0;0;0;0;0;0;0;0;0;0;0;0;0;0;0;0;0;0
19.08.2024;05:05;A126;1;0;0;1;3;0;100;0;0;0;0;0;0;1;0;0;0;0;0;1;1;1;0;1;3;1;0;0;0;0;0;0;0;0;0;0;0;0;0;0;0;0;0;0;0;0;0;0;0;0;0;0;0
19.08.2024;05:04;A126;1;0;0;0;0;0;100;0;0;0;0;0;0;0;0;0;0;0;0;1;4;1;5;0;0;1;12;0;0;0;0;0;0;0;0;0;0;0;0;0;0;0;0;0;0;0;0;0;0;0;0;0;0
19.08.2024;05:03;A126;1;0;0;2;4;0;100;2;3;2;12;0;0;0;0;0;0;0;0;0;0;1;1;0;0;0;0;0;0;0;0;0;0;0;0;0;0;0;0;0;0;0;0;0;0;0;0;0;0;0;0;0;0
19.08.2024;05:02;A126;1;0;0;0;0;0;100;0;0;0;0;0;0;0;0;0;0;0;0;1;1;1;12;0;0;2;6;0;0;0;0;0;0;0;0;0;0;0;0;0;0;0;0;0;0;0;0;0;0;0;0;0;0
19.08.2024;05:01;A126;1;2;4;1;2;0;100;0;0;0;0;0;0;1;56;1;24;2;2;0;0;1;20;0;0;3;13;0;0;0;0;0;0;0;0;0;0;0;0;0;0;0;0;0;0;0;0;0;0;0;0;0;0
19.08.2024;05:00;A126;1;0;0;0;0;0;100;0;0;0;0;0;0;1;0;1;7;0;0;0;0;0;0;0;0;0;0;0;0;0;0;0;0;0;0;0;0;0;0;0;0;0;0;0;0;0;0;0;0;0;0;0;0
19.08.2024;04:59;A126;1;0;0;1;2;0;100;1;3;1;7;1;2;0;0;0;0;0;0;0;0;1;3;0;0;0;0;0;0;0;0;0;0;0;0;0;0;0;0;0;0;0;0;0;0;0;0;0;0;0;0;0;0
19.08.2024;04:58;A126;1;0;0;1;1;0;100;2;2;0;0;3;7;0;0;0;0;0;0;0;0;0;0;0;0;0;0;0;0;0;0;0;0;0;0;0;0;0;0;0;0;0;0;0;0;0;0;0;0;0;0;0;0
19.08.2024;04:57;A126;1;0;0;1;3;0;100;0;0;0;0;0;0;1;0;0;0;0;0;0;0;0;0;0;0;0;0;0;0;0;0;0;0;0;0;0;0;0;0;0;0;0;0;0;0;0;0;0;0;0;0;0;0
19.08.2024;04:56;A126;1;0;0;0;0;0;100;1;1;0;0;1;6;1;2;1;4;1;16;1;1;1;0;0;0;0;0;0;0;0;0;0;0;0;0;0;0;0;0;0;0;0;0;0;0;0;0;0;0;0;0;0;0
19.08.2024;04:55;A126;1;0;0;0;0;0;100;0;7;0;0;0;0;0;0;0;0;0;0;1;1;0;0;0;0;0;0;0;0;0;0;0;0;0;0;0;0;0;0;0;0;0;0;0;0;0;0;0;0;0;0;0;0
19.08.2024;04:54;A126;1;1;18;1;9;0;100;1;5;0;0;1;3;0;0;0;0;0;0;0;0;0;0;0;0;0;0;0;0;0;0;0;0;0;0;0;0;0;0;0;0;0;0;0;0;0;0;0;0;0;0;0;0
19.08.2024;04:53;A126;1;0;0;1;2;0;100;0;0;0;0;0;0;1;0;0;0;0;0;0;0;0;0;0;0;0;0;0;0;0;0;0;0;0;0;0;0;0;0;0;0;0;0;0;0;0;0;0;0;0;0;0;0
19.08.2024;04:52;A126;1;0;0;0;0;0;100;0;0;0;0;0;0;0;0;0;0;0;0;1;1;0;0;0;0;0;0;0;0;0;0;0;0;0;0;0;0;0;0;0;0;0;0;0;0;0;0;0;0;0;0;0;0
19.08.2024;04:51;A126;1;0;0;0;0;0;100;0;0;0;0;0;0;0;0;0;0;0;0;0;0;0;0;0;0;0;0;0;0;0;0;0;0;0;0;0;0;0;0;0;0;0;0;0;0;0;0;0;0;0;0;0;0
19.08.2024;04:50;A126;1;0;0;0;0;0;100;0;0;0;0;0;0;0;0;0;0;0;0;0;0;0;0;0;0;0;0;0;0;0;0;0;0;0;0;0;0;0;0;0;0;0;0;0;0;0;0;0;0;0;0;0;0
19.08.2024;04:49;A126;1;0;0;0;0;0;100;1;1;0;0;2;4;1;0;0;0;0;0;0;0;0;0;0;0;0;0;0;0;0;0;0;0;0;0;0;0;0;0;0;0;0;0;0;0;0;0;0;0;0;0;0;0
19.08.2024;04:48;A126;1;0;0;0;0;0;100;1;0;1;1;0;0;0;0;0;0;0;0;0;0;1;0;0;0;0;0;0;0;0;0;0;0;0;0;0;0;0;0;0;0;0;0;0;0;0;0;0;0;0;0;0;0
19.08.2024;04:47;A126;1;1;38;1;2;0;100;2;16;1;2;2;8;0;0;0;0;0;0;0;0;0;0;0;0;0;0;0;0;0;0;0;0;0;0;0;0;0;0;0;0;0;0;0;0;0;0;0;0;0;0;0;0
19.08.2024;04:46;A126;1;0;0;2;9;0;100;0;0;0;0;0;0;0;0;0;0;0;0;0;0;1;1;0;0;1;6;0;0;0;0;0;0;0;0;0;0;0;0;0;0;0;0;0;0;0;0;0;0;0;0;0;0
19.08.2024;04:45;A126;1;0;0;0;0;0;100;0;0;2;2;0;0;0;0;0;0;0;0;0;0;0;0;0;0;0;0;0;0;0;0;0;0;0;0;0;0;0;0;0;0;0;0;0;0;0;0;0;0;0;0;0;0
19.08.2024;04:44;A126;1;0;0;2;3;0;100;0;0;0;0;0;0;0;0;0;0;0;0;0;0;0;0;0;0;0;0;0;0;0;0;0;0;0;0;0;0;0;0;0;0;0;0;0;0;0;0;0;0;0;0;0;0
19.08.2024;04:43;A126;1;0;0;1;1;0;100;0;0;0;0;0;0;0;0;0;0;0;0;1;0;1;0;0;0;0;0;0;0;0;0;0;0;0;0;0;0;0;0;0;0;0;0;0;0;0;0;0;0;0;0;0;0
19.08.2024;04:42;A126;1;0;0;0;0;0;100;1;1;2;4;1;4;0;2;0;0;1;2;0;0;1;1;0;0;1;8;0;0;0;0;0;0;0;0;0;0;0;0;0;0;0;0;0;0;0;0;0;0;0;0;0;0
19.08.2024;04:41;A126;1;0;0;0;0;0;100;0;0;0;0;0;0;1;17;1;8;1;13;0;0;0;0;0;0;0;0;0;0;0;0;0;0;0;0;0;0;0;0;0;0;0;0;0;0;0;0;0;0;0;0;0;0
19.08.2024;04:40;A126;1;0;0;0;0;0;100;0;0;0;0;0;0;0;0;0;0;0;0;0;0;0;0;0;0;0;0;0;0;0;0;0;0;0;0;0;0;0;0;0;0;0;0;0;0;0;0;0;0;0;0;0;0
19.08.2024;04:39;A126;1;0;0;0;0;0;100;2;1;2;5;1;1;1;0;0;0;0;0;1;1;2;1;0;0;0;0;0;0;0;0;0;0;0;0;0;0;0;0;0;0;0;0;0;0;0;0;0;0;0;0;0;0
19.08.2024;04:38;A126;1;0;0;0;0;0;100;0;0;0;0;0;0;0;0;0;0;0;0;0;0;0;0;0;0;0;0;0;0;0;0;0;0;0;0;0;0;0;0;0;0;0;0;0;0;0;0;0;0;0;0;0;0
19.08.2024;04:37;A126;1;0;0;0;0;0;100;0;0;1;3;0;0;0;0;0;0;0;0;0;0;0;0;0;0;0;0;0;0;0;0;0;0;0;0;0;0;0;0;0;0;0;0;0;0;0;0;0;0;0;0;0;0
19.08.2024;04:36;A126;1;0;0;0;0;0;100;0;0;0;0;0;0;0;0;0;0;0;0;2;2;0;0;0;0;0;0;0;0;0;0;0;0;0;0;0;0;0;0;0;0;0;0;0;0;0;0;0;0;0;0;0;0
19.08.2024;04:35;A126;1;0;0;0;0;0;100;0;0;0;0;0;0;0;0;0;0;0;0;3;4;0;0;1;0;0;0;0;0;0;0;0;0;0;0;0;0;0;0;0;0;0;0;0;0;0;0;0;0;0;0;0;0
19.08.2024;04:34;A126;1;0;0;0;0;0;100;0;0;2;3;0;0;1;0;0;0;0;0;1;1;1;1;0;0;1;8;0;0;0;0;0;0;0;0;0;0;0;0;0;0;0;0;0;0;0;0;0;0;0;0;0;0
19.08.2024;04:33;A126;1;0;0;0;0;0;100;0;0;0;0;0;0;0;0;0;0;0;0;0;0;0;0;0;0;0;0;0;0;0;0;0;0;0;0;0;0;0;0;0;0;0;0;0;0;0;0;0;0;0;0;0;0
19.08.2024;04:32;A126;1;0;0;0;0;0;100;1;1;0;0;1;4;0;0;0;0;0;0;0;0;0;0;0;0;0;0;0;0;0;0;0;0;0;0;0;0;0;0;0;0;0;0;0;0;0;0;0;0;0;0;0;0
19.08.2024;04:31;A126;1;0;0;0;0;0;100;0;0;0;0;0;0;0;0;0;0;0;0;0;0;0;0;0;0;0;0;0;0;0;0;0;0;0;0;0;0;0;0;0;0;0;0;0;0;0;0;0;0;0;0;0;0
19.08.2024;04:30;A126;1;0;0;0;0;0;100;0;0;0;0;0;0;0;0;0;0;0;0;0;0;0;0;0;0;0;0;0;0;0;0;0;0;0;0;0;0;0;0;0;0;0;0;0;0;0;0;0;0;0;0;0;0
19.08.2024;04:29;A126;1;1;0;1;1;0;100;0;0;1;4;0;0;2;2;1;1;1;0;1;21;0;0;1;11;0;0;0;0;0;0;0;0;0;0;0;0;0;0;0;0;0;0;0;0;0;0;0;0;0;0;0;0
19.08.2024;04:28;A126;1;0;0;0;0;0;100;0;0;0;0;0;0;0;0;0;0;0;0;2;2;0;0;0;0;0;0;0;0;0;0;0;0;0;0;0;0;0;0;0;0;0;0;0;0;0;0;0;0;0;0;0;0
19.08.2024;04:27;A126;1;0;0;0;0;0;100;0;0;2;1;0;0;0;0;0;0;0;0;0;0;0;0;0;0;0;0;0;0;0;0;0;0;0;0;0;0;0;0;0;0;0;0;0;0;0;0;0;0;0;0;0;0
19.08.2024;04:26;A126;1;0;0;1;1;0;100;1;0;1;2;0;0;0;0;0;0;0;0;1;1;1;34;1;31;1;41;0;0;0;0;0;0;0;0;0;0;0;0;0;0;0;0;0;0;0;0;0;0;0;0;0;0
19.08.2024;04:25;A126;1;0;0;0;0;0;100;0;0;0;0;0;0;0;0;0;0;0;0;0;0;0;0;0;0;0;0;0;0;0;0;0;0;0;0;0;0;0;0;0;0;0;0;0;0;0;0;0;0;0;0;0;0
19.08.2024;04:24;A126;1;0;0;0;0;0;100;0;0;0;0;0;0;0;0;0;0;0;0;1;0;0;0;0;0;0;0;0;0;0;0;0;0;0;0;0;0;0;0;0;0;0;0;0;0;0;0;0;0;0;0;0;0
19.08.2024;04:23;A126;1;0;0;0;0;0;100;0;0;0;0;0;0;0;0;0;0;0;0;1;1;0;0;1;3;0;0;0;0;0;0;0;0;0;0;0;0;0;0;0;0;0;0;0;0;0;0;0;0;0;0;0;0
19.08.2024;04:22;A126;1;0;0;0;0;0;100;0;0;2;1;0;0;0;0;0;0;0;0;0;0;0;0;0;0;0;0;0;0;0;0;0;0;0;0;0;0;0;0;0;0;0;0;0;0;0;0;0;0;0;0;0;0
19.08.2024;04:21;A126;1;0;0;0;0;0;100;1;1;0;0;1;3;1;0;0;0;0;0;0;0;0;0;0;0;0;0;0;0;0;0;0;0;0;0;0;0;0;0;0;0;0;0;0;0;0;0;0;0;0;0;0;0
19.08.2024;04:20;A126;1;0;0;0;0;0;100;0;0;0;0;0;0;0;0;0;0;0;0;0;0;0;0;0;0;0;0;0;0;0;0;0;0;0;0;0;0;0;0;0;0;0;0;0;0;0;0;0;0;0;0;0;0
19.08.2024;04:19;A126;1;0;0;0;0;0;100;0;0;0;0;0;0;1;0;0;0;0;0;0;0;0;0;0;0;0;0;0;0;0;0;0;0;0;0;0;0;0;0;0;0;0;0;0;0;0;0;0;0;0;0;0;0
19.08.2024;04:18;A126;1;0;0;0;0;0;100;0;0;0;0;0;0;0;0;0;0;0;0;0;0;1;5;0;0;1;7;0;0;0;0;0;0;0;0;0;0;0;0;0;0;0;0;0;0;0;0;0;0;0;0;0;0
19.08.2024;04:17;A126;1;0;0;0;0;0;100;0;0;0;0;0;0;1;2;0;0;0;0;1;3;1;2;1;2;1;2;0;0;0;0;0;0;0;0;0;0;0;0;0;0;0;0;0;0;0;0;0;0;0;0;0;0
19.08.2024;04:16;A126;1;0;0;0;0;0;100;0;0;0;0;0;0;0;0;0;0;0;0;0;0;0;0;0;0;0;0;0;0;0;0;0;0;0;0;0;0;0;0;0;0;0;0;0;0;0;0;0;0;0;0;0;0
19.08.2024;04:15;A126;1;0;0;0;0;0;100;0;0;0;0;0;0;0;0;0;0;0;0;0;0;0;0;0;0;0;0;0;0;0;0;0;0;0;0;0;0;0;0;0;0;0;0;0;0;0;0;0;0;0;0;0;0
19.08.2024;04:14;A126;1;0;0;0;0;0;100;0;0;2;3;0;0;0;0;0;0;0;0;0;0;0;0;0;0;0;0;0;0;0;0;0;0;0;0;0;0;0;0;0;0;0;0;0;0;0;0;0;0;0;0;0;0
19.08.2024;04:13;A126;1;0;0;0;0;0;100;0;0;0;0;0;0;0;0;0;0;0;0;0;0;0;0;0;0;0;0;0;0;0;0;0;0;0;0;0;0;0;0;0;0;0;0;0;0;0;0;0;0;0;0;0;0
19.08.2024;04:12;A126;1;0;0;0;0;0;100;0;0;0;0;0;0;0;0;0;0;0;0;0;0;0;0;0;0;0;0;0;0;0;0;0;0;0;0;0;0;0;0;0;0;0;0;0;0;0;0;0;0;0;0;0;0
19.08.2024;04:11;A126;1;0;0;0;0;0;100;0;0;0;0;0;0;0;0;0;0;0;0;0;0;0;0;0;0;0;0;0;0;0;0;0;0;0;0;0;0;0;0;0;0;0;0;0;0;0;0;0;0;0;0;0;0
19.08.2024;04:10;A126;1;0;0;0;0;0;100;1;1;0;0;1;4;0;0;0;0;0;0;0;0;0;0;0;0;0;0;0;0;0;0;0;0;0;0;0;0;0;0;0;0;0;0;0;0;0;0;0;0;0;0;0;0
19.08.2024;04:09;A126;1;0;0;1;1;0;100;0;0;1;6;0;0;0;0;0;0;0;0;0;0;0;0;0;0;0;0;0;0;0;0;0;0;0;0;0;0;0;0;0;0;0;0;0;0;0;0;0;0;0;0;0;0
19.08.2024;04:08;A126;1;0;0;0;0;0;100;0;0;0;0;0;0;0;0;0;0;0;0;0;0;0;0;0;0;0;0;0;0;0;0;0;0;0;0;0;0;0;0;0;0;0;0;0;0;0;0;0;0;0;0;0;0
19.08.2024;04:07;A126;1;0;0;2;6;0;100;0;0;0;0;0;0;0;0;0;0;0;0;0;0;2;3;0;0;3;18;0;0;0;0;0;0;0;0;0;0;0;0;0;0;0;0;0;0;0;0;0;0;0;0;0;0
19.08.2024;04:06;A126;1;0;0;1;1;0;100;0;0;0;0;0;0;0;0;0;0;0;0;0;0;1;6;0;0;2;18;0;0;0;0;0;0;0;0;0;0;0;0;0;0;0;0;0;0;0;0;0;0;0;0;0;0
19.08.2024;04:05;A126;1;0;0;0;0;0;100;0;0;2;2;0;0;0;0;0;0;0;0;0;0;1;1;0;0;1;7;0;0;0;0;0;0;0;0;0;0;0;0;0;0;0;0;0;0;0;0;0;0;0;0;0;0
19.08.2024;04:04;A126;1;0;0;0;0;0;100;0;0;0;0;0;0;0;0;0;0;0;0;0;0;0;0;0;0;0;0;0;0;0;0;0;0;0;0;0;0;0;0;0;0;0;0;0;0;0;0;0;0;0;0;0;0
19.08.2024;04:03;A126;1;1;1;1;2;0;100;0;0;0;0;0;0;1;17;1;7;1;2;0;0;0;0;0;0;0;0;0;0;0;0;0;0;0;0;0;0;0;0;0;0;0;0;0;0;0;0;0;0;0;0;0;0
19.08.2024;04:02;A126;1;0;0;0;0;0;100;1;0;2;4;0;0;0;0;0;0;0;0;0;0;0;0;0;0;0;0;0;0;0;0;0;0;0;0;0;0;0;0;0;0;0;0;0;0;0;0;0;0;0;0;0;0
19.08.2024;04:01;A126;1;0;0;0;0;0;100;2;2;1;1;1;6;0;0;0;0;0;0;0;0;1;0;0;0;0;0;0;0;0;0;0;0;0;0;0;0;0;0;0;0;0;0;0;0;0;0;0;0;0;0;0;0
19.08.2024;04:00;A126;1;0;0;0;0;0;100;0;0;1;2;0;0;0;0;0;0;0;0;0;0;1;2;0;0;1;9;0;0;0;0;0;0;0;0;0;0;0;0;0;0;0;0;0;0;0;0;0;0;0;0;0;0
19.08.2024;03:59;A126;1;0;0;0;0;0;100;0;0;0;0;0;0;0;0;0;0;0;0;0;0;0;0;0;0;0;0;0;0;0;0;0;0;0;0;0;0;0;0;0;0;0;0;0;0;0;0;0;0;0;0;0;0
19.08.2024;03:58;A126;1;0;0;0;0;0;100;0;0;0;0;0;0;0;0;0;0;0;0;0;0;0;0;0;0;0;0;0;0;0;0;0;0;0;0;0;0;0;0;0;0;0;0;0;0;0;0;0;0;0;0;0;0
19.08.2024;03:57;A126;1;0;0;0;0;0;100;0;0;1;2;0;0;0;0;0;0;0;0;0;0;0;0;0;0;0;0;0;0;0;0;0;0;0;0;0;0;0;0;0;0;0;0;0;0;0;0;0;0;0;0;0;0
19.08.2024;03:56;A126;1;0;0;0;0;0;100;1;1;0;0;1;3;1;0;0;0;0;0;0;0;0;0;0;0;0;0;0;0;0;0;0;0;0;0;0;0;0;0;0;0;0;0;0;0;0;0;0;0;0;0;0;0
19.08.2024;03:55;A126;1;0;0;0;0;0;100;0;0;0;0;0;0;0;0;0;0;0;0;0;0;0;0;0;0;0;0;0;0;0;0;0;0;0;0;0;0;0;0;0;0;0;0;0;0;0;0;0;0;0;0;0;0
19.08.2024;03:54;A126;1;0;0;0;0;0;100;0;0;0;0;0;0;0;0;0;0;0;0;0;0;0;0;0;0;0;0;0;0;0;0;0;0;0;0;0;0;0;0;0;0;0;0;0;0;0;0;0;0;0;0;0;0
19.08.2024;03:53;A126;1;0;0;0;0;0;100;0;0;0;0;0;0;0;0;0;0;0;0;0;0;0;0;0;0;0;0;0;0;0;0;0;0;0;0;0;0;0;0;0;0;0;0;0;0;0;0;0;0;0;0;0;0
19.08.2024;03:52;A126;1;0;0;0;0;0;100;0;0;0;0;0;0;0;0;0;0;0;0;0;0;0;0;0;0;0;0;0;0;0;0;0;0;0;0;0;0;0;0;0;0;0;0;0;0;0;0;0;0;0;0;0;0
19.08.2024;03:51;A126;1;0;0;0;0;0;100;0;0;0;0;0;0;0;0;0;0;0;0;0;0;0;0;0;0;0;0;0;0;0;0;0;0;0;0;0;0;0;0;0;0;0;0;0;0;0;0;0;0;0;0;0;0
19.08.2024;03:50;A126;1;1;19;4;13;0;100;0;0;1;3;0;0;0;0;0;0;0;0;0;0;0;0;0;0;0;0;0;0;0;0;0;0;0;0;0;0;0;0;0;0;0;0;0;0;0;0;0;0;0;0;0;0
19.08.2024;03:49;A126;1;0;0;0;0;0;100;0;0;0;0;0;0;1;0;0;0;0;0;1;1;1;0;0;0;0;0;0;0;0;0;0;0;0;0;0;0;0;0;0;0;0;0;0;0;0;0;0;0;0;0;0;0
19.08.2024;03:48;A126;1;0;0;0;0;0;100;0;0;0;0;0;0;0;0;0;0;0;0;0;0;0;0;0;0;0;0;0;0;0;0;0;0;0;0;0;0;0;0;0;0;0;0;0;0;0;0;0;0;0;0;0;0
19.08.2024;03:47;A126;1;0;0;0;0;0;100;0;0;0;0;0;0;0;0;0;0;0;0;0;0;0;0;0;0;0;0;0;0;0;0;0;0;0;0;0;0;0;0;0;0;0;0;0;0;0;0;0;0;0;0;0;0
19.08.2024;03:46;A126;1;0;0;0;0;0;100;0;0;0;0;0;0;0;0;0;0;0;0;0;0;0;0;0;0;0;0;0;0;0;0;0;0;0;0;0;0;0;0;0;0;0;0;0;0;0;0;0;0;0;0;0;0
19.08.2024;03:45;A126;1;0;0;0;0;0;100;0;0;0;0;0;0;0;0;0;0;0;0;0;0;1;1;2;7;1;6;0;0;0;0;0;0;0;0;0;0;0;0;0;0;0;0;0;0;0;0;0;0;0;0;0;0
19.08.2024;03:44;A126;1;0;0;0;0;0;100;0;0;1;3;0;0;3;16;1;3;2;6;0;0;1;0;0;0;0;0;0;0;0;0;0;0;0;0;0;0;0;0;0;0;0;0;0;0;0;0;0;0;0;0;0;0
19.08.2024;03:43;A126;1;0;0;0;0;0;100;0;0;3;6;1;0;1;1;0;0;0;0;1;2;1;1;0;0;0;0;0;0;0;0;0;0;0;0;0;0;0;0;0;0;0;0;0;0;0;0;0;0;0;0;0;0
19.08.2024;03:42;A126;1;1;24;2;14;0;100;0;0;0;0;0;0;0;0;0;0;0;0;0;0;1;4;0;0;3;16;0;0;0;0;0;0;0;0;0;0;0;0;0;0;0;0;0;0;0;0;0;0;0;0;0;0
19.08.2024;03:41;A126;1;0;0;0;0;0;100;0;0;0;0;0;0;0;0;0;0;0;0;0;0;1;1;1;6;1;5;0;0;0;0;0;0;0;0;0;0;0;0;0;0;0;0;0;0;0;0;0;0;0;0;0;0
19.08.2024;03:40;A126;1;0;0;0;0;0;100;0;0;0;0;0;0;0;0;0;0;0;0;0;0;0;0;0;0;0;0;0;0;0;0;0;0;0;0;0;0;0;0;0;0;0;0;0;0;0;0;0;0;0;0;0;0
19.08.2024;03:39;A126;1;0;0;0;0;0;100;0;0;0;0;0;0;0;0;0;0;0;0;0;0;0;0;0;0;0;0;0;0;0;0;0;0;0;0;0;0;0;0;0;0;0;0;0;0;0;0;0;0;0;0;0;0
19.08.2024;03:38;A126;1;0;0;0;0;0;100;0;0;0;0;0;0;0;0;0;0;0;0;0;0;0;0;0;0;0;0;0;0;0;0;0;0;0;0;0;0;0;0;0;0;0;0;0;0;0;0;0;0;0;0;0;0
19.08.2024;03:37;A126;1;0;0;0;0;0;100;0;0;0;0;0;0;0;0;0;0;0;0;0;0;0;0;0;0;0;0;0;0;0;0;0;0;0;0;0;0;0;0;0;0;0;0;0;0;0;0;0;0;0;0;0;0
19.08.2024;03:36;A126;1;0;0;0;0;0;100;0;0;0;0;0;0;0;0;0;0;0;0;0;0;0;0;0;0;0;0;0;0;0;0;0;0;0;0;0;0;0;0;0;0;0;0;0;0;0;0;0;0;0;0;0;0
19.08.2024;03:35;A126;1;0;0;0;0;0;100;1;0;1;1;1;3;0;0;0;0;0;0;0;0;1;0;0;0;0;0;0;0;0;0;0;0;0;0;0;0;0;0;0;0;0;0;0;0;0;0;0;0;0;0;0;0
19.08.2024;03:34;A126;1;0;0;0;0;0;100;1;4;0;0;1;9;1;4;0;0;0;0;1;6;2;5;0;0;0;0;0;0;0;0;0;0;0;0;0;0;0;0;0;0;0;0;0;0;0;0;0;0;0;0;0;0
19.08.2024;03:33;A126;1;0;0;1;2;0;100;0;0;0;0;0;0;0;0;0;0;0;0;0;0;0;0;0;0;0;0;0;0;0;0;0;0;0;0;0;0;0;0;0;0;0;0;0;0;0;0;0;0;0;0;0;0
19.08.2024;03:32;A126;1;0;0;1;1;0;100;0;0;0;0;0;0;0;0;0;0;0;0;0;0;0;0;0;0;0;0;0;0;0;0;0;0;0;0;0;0;0;0;0;0;0;0;0;0;0;0;0;0;0;0;0;0
19.08.2024;03:31;A126;1;0;0;0;0;0;100;0;0;0;0;0;0;0;0;0;0;0;0;0;0;0;0;0;0;0;0;0;0;0;0;0;0;0;0;0;0;0;0;0;0;0;0;0;0;0;0;0;0;0;0;0;0
19.08.2024;03:30;A126;1;0;0;0;0;0;100;0;0;2;1;0;0;0;0;0;0;0;0;0;0;2;8;0;0;4;19;0;0;0;0;0;0;0;0;0;0;0;0;0;0;0;0;0;0;0;0;0;0;0;0;0;0
19.08.2024;03:29;A126;1;0;0;0;0;0;100;0;0;2;1;0;0;0;0;0;0;0;0;0;0;0;0;0;0;0;0;0;0;0;0;0;0;0;0;0;0;0;0;0;0;0;0;0;0;0;0;0;0;0;0;0;0
19.08.2024;03:28;A126;1;0;0;0;0;0;100;0;0;0;0;0;0;0;0;0;0;0;0;0;0;0;0;0;0;0;0;0;0;0;0;0;0;0;0;0;0;0;0;0;0;0;0;0;0;0;0;0;0;0;0;0;0
19.08.2024;03:27;A126;1;0;0;0;0;0;100;0;0;0;0;0;0;0;0;0;0;0;0;0;0;0;0;0;0;0;0;0;0;0;0;0;0;0;0;0;0;0;0;0;0;0;0;0;0;0;0;0;0;0;0;0;0
19.08.2024;03:26;A126;1;0;0;0;0;0;100;0;0;0;0;0;0;0;0;0;0;0;0;0;0;0;0;0;0;0;0;0;0;0;0;0;0;0;0;0;0;0;0;0;0;0;0;0;0;0;0;0;0;0;0;0;0
19.08.2024;03:25;A126;1;0;0;0;0;0;100;0;0;0;0;0;0;0;0;0;0;0;0;0;0;0;0;0;0;0;0;0;0;0;0;0;0;0;0;0;0;0;0;0;0;0;0;0;0;0;0;0;0;0;0;0;0
19.08.2024;03:24;A126;1;0;0;0;0;0;100;0;0;0;0;0;0;0;0;0;0;0;0;0;0;0;0;0;0;0;0;0;0;0;0;0;0;0;0;0;0;0;0;0;0;0;0;0;0;0;0;0;0;0;0;0;0
19.08.2024;03:23;A126;1;0;0;0;0;0;100;0;0;0;0;0;0;0;0;0;0;0;0;0;0;0;0;0;0;0;0;0;0;0;0;0;0;0;0;0;0;0;0;0;0;0;0;0;0;0;0;0;0;0;0;0;0
19.08.2024;03:22;A126;1;0;0;0;0;0;100;1;0;1;2;0;0;0;0;0;0;0;0;0;0;0;0;0;0;0;0;0;0;0;0;0;0;0;0;0;0;0;0;0;0;0;0;0;0;0;0;0;0;0;0;0;0
19.08.2024;03:21;A126;1;0;0;1;2;0;100;0;0;0;0;0;0;0;0;0;0;0;0;0;0;0;0;0;0;0;0;0;0;0;0;0;0;0;0;0;0;0;0;0;0;0;0;0;0;0;0;0;0;0;0;0;0
19.08.2024;03:20;A126;1;0;0;0;0;0;100;0;0;0;0;0;0;0;0;0;0;0;0;0;0;0;0;0;0;0;0;0;0;0;0;0;0;0;0;0;0;0;0;0;0;0;0;0;0;0;0;0;0;0;0;0;0
19.08.2024;03:19;A126;1;0;0;0;0;0;100;0;0;0;0;0;0;0;0;0;0;0;0;0;0;0;0;0;0;0;0;0;0;0;0;0;0;0;0;0;0;0;0;0;0;0;0;0;0;0;0;0;0;0;0;0;0
19.08.2024;03:18;A126;1;0;0;0;0;0;100;0;0;0;0;0;0;0;0;0;0;0;0;0;0;0;0;0;0;0;0;0;0;0;0;0;0;0;0;0;0;0;0;0;0;0;0;0;0;0;0;0;0;0;0;0;0
19.08.2024;03:17;A126;1;0;0;0;0;0;100;0;0;0;0;0;0;0;0;0;0;0;0;0;0;0;0;0;0;0;0;0;0;0;0;0;0;0;0;0;0;0;0;0;0;0;0;0;0;0;0;0;0;0;0;0;0
19.08.2024;03:16;A126;1;0;0;0;0;0;100;0;0;0;0;0;0;0;0;0;0;0;0;0;0;0;0;0;0;0;0;0;0;0;0;0;0;0;0;0;0;0;0;0;0;0;0;0;0;0;0;0;0;0;0;0;0
19.08.2024;03:15;A126;1;0;0;0;0;0;100;0;0;0;0;0;0;0;0;0;0;0;0;0;0;0;0;0;0;0;0;0;0;0;0;0;0;0;0;0;0;0;0;0;0;0;0;0;0;0;0;0;0;0;0;0;0
19.08.2024;03:14;A126;1;0;0;0;0;0;100;0;0;0;0;0;0;0;0;0;0;0;0;0;0;0;0;0;0;0;0;0;0;0;0;0;0;0;0;0;0;0;0;0;0;0;0;0;0;0;0;0;0;0;0;0;0
19.08.2024;03:13;A126;1;0;0;0;0;0;100;0;0;0;0;0;0;0;0;0;0;0;0;0;0;0;0;0;0;0;0;0;0;0;0;0;0;0;0;0;0;0;0;0;0;0;0;0;0;0;0;0;0;0;0;0;0
19.08.2024;03:12;A126;1;0;0;0;0;0;100;0;0;0;0;0;0;0;0;0;0;0;0;1;1;0;0;0;0;0;0;0;0;0;0;0;0;0;0;0;0;0;0;0;0;0;0;0;0;0;0;0;0;0;0;0;0
19.08.2024;03:11;A126;1;0;0;0;0;0;100;0;0;0;0;0;0;0;0;0;0;0;0;0;0;0;0;0;0;0;0;0;0;0;0;0;0;0;0;0;0;0;0;0;0;0;0;0;0;0;0;0;0;0;0;0;0
19.08.2024;03:10;A126;1;0;0;0;0;0;100;0;0;0;0;0;0;0;0;0;0;0;0;0;0;0;0;0;0;0;0;0;0;0;0;0;0;0;0;0;0;0;0;0;0;0;0;0;0;0;0;0;0;0;0;0;0
19.08.2024;03:09;A126;1;0;0;0;0;0;100;0;0;1;1;0;0;0;0;0;0;0;0;0;0;0;0;0;0;0;0;0;0;0;0;0;0;0;0;0;0;0;0;0;0;0;0;0;0;0;0;0;0;0;0;0;0
19.08.2024;03:08;A126;1;0;0;0;0;0;100;0;0;0;0;0;0;1;0;0;0;0;0;1;1;0;0;1;4;0;0;0;0;0;0;0;0;0;0;0;0;0;0;0;0;0;0;0;0;0;0;0;0;0;0;0;0
19.08.2024;03:07;A126;1;0;0;1;1;0;100;0;0;0;0;0;0;0;0;0;0;0;0;0;0;0;0;0;0;0;0;0;0;0;0;0;0;0;0;0;0;0;0;0;0;0;0;0;0;0;0;0;0;0;0;0;0
19.08.2024;03:06;A126;1;0;0;0;0;0;100;0;0;0;0;0;0;0;0;0;0;0;0;0;0;0;0;0;0;0;0;0;0;0;0;0;0;0;0;0;0;0;0;0;0;0;0;0;0;0;0;0;0;0;0;0;0
19.08.2024;03:05;A126;1;0;0;0;0;0;100;0;0;0;0;0;0;0;0;0;0;0;0;0;0;1;5;0;0;1;11;0;0;0;0;0;0;0;0;0;0;0;0;0;0;0;0;0;0;0;0;0;0;0;0;0;0
19.08.2024;03:04;A126;1;1;26;0;0;0;100;0;0;0;0;0;0;0;0;0;0;0;0;0;0;0;0;0;0;0;0;0;0;0;0;0;0;0;0;0;0;0;0;0;0;0;0;0;0;0;0;0;0;0;0;0;0
19.08.2024;03:03;A126;1;0;0;0;0;0;100;0;0;2;2;0;0;0;0;0;0;0;0;0;0;1;4;1;2;1;7;0;0;0;0;0;0;0;0;0;0;0;0;0;0;0;0;0;0;0;0;0;0;0;0;0;0
19.08.2024;03:02;A126;1;0;0;0;0;0;100;0;0;0;0;0;0;0;0;0;0;0;0;0;0;0;0;0;0;0;0;0;0;0;0;0;0;0;0;0;0;0;0;0;0;0;0;0;0;0;0;0;0;0;0;0;0
19.08.2024;03:01;A126;1;0;0;0;0;0;100;0;0;0;0;0;0;0;0;0;0;0;0;1;1;0;0;0;0;0;0;0;0;0;0;0;0;0;0;0;0;0;0;0;0;0;0;0;0;0;0;0;0;0;0;0;0
19.08.2024;03:00;A126;1;0;0;0;0;0;100;0;0;0;0;0;0;0;0;0;0;0;0;0;0;0;0;0;0;0;0;0;0;0;0;0;0;0;0;0;0;0;0;0;0;0;0;0;0;0;0;0;0;0;0;0;0
19.08.2024;02:59;A126;1;0;0;0;0;0;100;0;0;0;0;0;0;0;0;0;0;0;0;0;0;0;0;0;0;0;0;0;0;0;0;0;0;0;0;0;0;0;0;0;0;0;0;0;0;0;0;0;0;0;0;0;0
19.08.2024;02:58;A126;1;0;0;0;0;0;100;0;0;0;0;0;0;0;0;0;0;0;0;0;0;0;0;0;0;0;0;0;0;0;0;0;0;0;0;0;0;0;0;0;0;0;0;0;0;0;0;0;0;0;0;0;0
19.08.2024;02:57;A126;1;0;0;0;0;0;100;0;0;0;0;0;0;0;0;0;0;0;0;0;0;0;0;0;0;0;0;0;0;0;0;0;0;0;0;0;0;0;0;0;0;0;0;0;0;0;0;0;0;0;0;0;0
19.08.2024;02:56;A126;1;0;0;0;0;0;100;0;0;0;4;0;0;0;5;0;0;1;0;0;0;1;0;0;0;0;0;0;0;0;0;0;0;0;0;0;0;0;0;0;0;0;0;0;0;0;0;0;0;0;0;0;0
19.08.2024;02:55;A126;1;0;0;1;1;0;100;0;0;1;0;0;0;1;8;1;6;0;0;0;0;0;0;0;0;0;0;0;0;0;0;0;0;0;0;0;0;0;0;0;0;0;0;0;0;0;0;0;0;0;0;0;0
19.08.2024;02:54;A126;1;0;0;0;0;0;100;0;0;0;0;0;0;0;0;0;0;0;0;1;1;1;1;0;0;1;8;0;0;0;0;0;0;0;0;0;0;0;0;0;0;0;0;0;0;0;0;0;0;0;0;0;0
19.08.2024;02:53;A126;1;0;0;0;0;0;100;0;0;0;0;0;0;0;0;0;0;0;0;0;0;0;0;0;0;0;0;0;0;0;0;0;0;0;0;0;0;0;0;0;0;0;0;0;0;0;0;0;0;0;0;0;0
19.08.2024;02:52;A126;1;0;0;0;0;0;100;0;0;0;0;0;0;0;0;0;0;0;0;0;0;0;0;0;0;0;0;0;0;0;0;0;0;0;0;0;0;0;0;0;0;0;0;0;0;0;0;0;0;0;0;0;0
19.08.2024;02:51;A126;1;1;20;1;0;0;100;0;0;0;0;0;0;0;0;0;0;0;0;0;0;0;0;0;0;0;0;0;0;0;0;0;0;0;0;0;0;0;0;0;0;0;0;0;0;0;0;0;0;0;0;0;0
19.08.2024;02:50;A126;1;0;0;0;0;0;100;0;0;0;0;0;0;0;0;0;0;0;0;0;0;0;0;0;0;0;0;0;0;0;0;0;0;0;0;0;0;0;0;0;0;0;0;0;0;0;0;0;0;0;0;0;0
19.08.2024;02:49;A126;1;0;0;0;0;0;100;0;0;0;0;0;0;0;0;0;0;0;0;0;0;0;0;0;0;0;0;0;0;0;0;0;0;0;0;0;0;0;0;0;0;0;0;0;0;0;0;0;0;0;0;0;0
19.08.2024;02:48;A126;1;0;0;0;0;0;100;0;0;0;0;0;0;0;0;0;0;0;0;0;0;0;0;0;0;0;0;0;0;0;0;0;0;0;0;0;0;0;0;0;0;0;0;0;0;0;0;0;0;0;0;0;0
19.08.2024;02:47;A126;1;1;15;1;6;0;100;0;0;0;0;0;0;1;0;0;0;0;0;1;1;1;0;0;0;0;0;0;0;0;0;0;0;0;0;0;0;0;0;0;0;0;0;0;0;0;0;0;0;0;0;0;0
19.08.2024;02:46;A126;1;0;0;0;0;0;100;0;0;0;0;0;0;0;0;0;0;0;0;0;0;0;0;0;0;0;0;0;0;0;0;0;0;0;0;0;0;0;0;0;0;0;0;0;0;0;0;0;0;0;0;0;0
19.08.2024;02:45;A126;1;0;0;0;0;0;100;0;0;0;0;0;0;1;0;0;0;0;0;1;1;0;0;0;0;0;0;0;0;0;0;0;0;0;0;0;0;0;0;0;0;0;0;0;0;0;0;0;0;0;0;0;0
19.08.2024;02:44;A126;1;1;25;0;0;0;100;0;0;0;0;0;0;0;0;0;0;0;0;0;0;0;0;0;0;0;0;0;0;0;0;0;0;0;0;0;0;0;0;0;0;0;0;0;0;0;0;0;0;0;0;0;0
19.08.2024;02:43;A126;1;0;0;0;0;0;100;0;0;0;0;0;0;0;0;0;0;0;0;0;0;0;0;0;0;0;0;0;0;0;0;0;0;0;0;0;0;0;0;0;0;0;0;0;0;0;0;0;0;0;0;0;0
19.08.2024;02:42;A126;1;0;0;0;0;0;100;0;0;0;0;0;0;0;0;0;0;0;0;0;0;0;0;0;0;0;0;0;0;0;0;0;0;0;0;0;0;0;0;0;0;0;0;0;0;0;0;0;0;0;0;0;0
19.08.2024;02:41;A126;1;0;0;0;0;0;100;0;0;0;0;0;0;0;0;0;0;0;0;0;0;1;0;0;0;1;4;0;0;0;0;0;0;0;0;0;0;0;0;0;0;0;0;0;0;0;0;0;0;0;0;0;0
19.08.2024;02:40;A126;1;0;0;0;0;0;100;0;0;0;0;0;0;0;0;0;0;0;0;0;0;0;0;0;0;0;0;0;0;0;0;0;0;0;0;0;0;0;0;0;0;0;0;0;0;0;0;0;0;0;0;0;0
19.08.2024;02:39;A126;1;0;0;0;0;0;100;1;1;0;0;1;5;0;0;0;0;0;0;0;0;0;0;0;0;0;0;0;0;0;0;0;0;0;0;0;0;0;0;0;0;0;0;0;0;0;0;0;0;0;0;0;0
19.08.2024;02:38;A126;1;0;0;1;1;0;100;0;0;0;0;0;0;0;0;0;0;0;0;1;1;0;0;0;0;0;0;0;0;0;0;0;0;0;0;0;0;0;0;0;0;0;0;0;0;0;0;0;0;0;0;0;0
19.08.2024;02:37;A126;1;0;0;0;0;0;100;0;0;0;0;0;0;0;0;0;0;0;0;0;0;1;1;1;0;1;6;0;0;0;0;0;0;0;0;0;0;0;0;0;0;0;0;0;0;0;0;0;0;0;0;0;0
19.08.2024;02:36;A126;1;0;0;0;0;0;100;0;0;0;0;0;0;0;0;0;0;0;0;0;0;0;0;0;0;0;0;0;0;0;0;0;0;0;0;0;0;0;0;0;0;0;0;0;0;0;0;0;0;0;0;0;0
19.08.2024;02:35;A126;1;0;0;0;0;0;100;0;0;1;0;0;0;0;0;0;0;0;0;0;0;0;0;0;0;0;0;0;0;0;0;0;0;0;0;0;0;0;0;0;0;0;0;0;0;0;0;0;0;0;0;0;0
19.08.2024;02:34;A126;1;0;0;1;2;0;100;0;0;0;0;0;0;0;0;0;0;0;0;0;0;0;0;0;0;0;0;0;0;0;0;0;0;0;0;0;0;0;0;0;0;0;0;0;0;0;0;0;0;0;0;0;0
19.08.2024;02:33;A126;1;0;0;0;0;0;100;0;0;0;0;0;0;0;0;0;0;0;0;0;0;0;0;0;0;0;0;0;0;0;0;0;0;0;0;0;0;0;0;0;0;0;0;0;0;0;0;0;0;0;0;0;0
19.08.2024;02:32;A126;1;0;0;0;0;0;100;0;0;0;0;0;0;0;0;0;0;0;0;0;0;0;0;0;0;0;0;0;0;0;0;0;0;0;0;0;0;0;0;0;0;0;0;0;0;0;0;0;0;0;0;0;0
19.08.2024;02:31;A126;1;0;0;0;0;0;100;0;0;0;0;0;0;0;0;0;0;0;0;0;0;0;0;0;0;0;0;0;0;0;0;0;0;0;0;0;0;0;0;0;0;0;0;0;0;0;0;0;0;0;0;0;0
19.08.2024;02:30;A126;1;0;0;1;2;0;100;0;0;0;0;0;0;0;0;0;0;0;0;0;0;1;26;0;0;2;4;0;0;0;0;0;0;0;0;0;0;0;0;0;0;0;0;0;0;0;0;0;0;0;0;0;0
19.08.2024;02:29;A126;1;0;0;0;0;0;100;0;0;0;0;0;0;0;0;0;0;0;0;0;0;0;0;0;0;0;0;0;0;0;0;0;0;0;0;0;0;0;0;0;0;0;0;0;0;0;0;0;0;0;0;0;0
19.08.2024;02:28;A126;1;0;0;0;0;0;100;0;0;1;0;0;0;0;0;0;0;0;0;0;0;0;0;0;0;0;0;0;0;0;0;0;0;0;0;0;0;0;0;0;0;0;0;0;0;0;0;0;0;0;0;0;0
19.08.2024;02:27;A126;1;0;0;0;0;0;100;1;0;2;5;0;0;0;0;0;0;0;0;0;0;1;0;0;0;0;0;0;0;0;0;0;0;0;0;0;0;0;0;0;0;0;0;0;0;0;0;0;0;0;0;0;0
19.08.2024;02:26;A126;1;0;0;0;0;0;100;0;0;0;0;0;0;0;0;0;0;0;0;0;0;0;0;0;0;0;0;0;0;0;0;0;0;0;0;0;0;0;0;0;0;0;0;0;0;0;0;0;0;0;0;0;0
19.08.2024;02:25;A126;1;0;0;0;0;0;100;0;0;0;0;0;0;0;0;0;0;0;0;0;0;0;0;0;0;0;0;0;0;0;0;0;0;0;0;0;0;0;0;0;0;0;0;0;0;0;0;0;0;0;0;0;0
19.08.2024;02:24;A126;1;0;0;0;0;0;100;0;0;0;0;0;0;0;0;0;0;0;0;0;0;0;0;0;0;0;0;0;0;0;0;0;0;0;0;0;0;0;0;0;0;0;0;0;0;0;0;0;0;0;0;0;0
19.08.2024;02:23;A126;1;0;0;1;2;0;100;0;0;0;0;0;0;0;0;0;0;0;0;0;0;1;2;2;2;1;7;0;0;0;0;0;0;0;0;0;0;0;0;0;0;0;0;0;0;0;0;0;0;0;0;0;0
19.08.2024;02:22;A126;1;0;0;1;1;0;100;0;0;0;0;0;0;0;0;0;0;0;0;0;0;1;0;0;0;1;6;0;0;0;0;0;0;0;0;0;0;0;0;0;0;0;0;0;0;0;0;0;0;0;0;0;0
19.08.2024;02:21;A126;1;0;0;0;0;0;100;0;0;0;0;0;0;0;0;0;0;0;0;0;0;0;0;0;0;0;0;0;0;0;0;0;0;0;0;0;0;0;0;0;0;0;0;0;0;0;0;0;0;0;0;0;0
19.08.2024;02:20;A126;1;0;0;0;0;0;100;1;1;1;4;0;0;0;0;0;0;0;0;0;0;0;0;0;0;0;0;0;0;0;0;0;0;0;0;0;0;0;0;0;0;0;0;0;0;0;0;0;0;0;0;0;0
19.08.2024;02:19;A126;1;0;0;0;0;0;100;0;0;0;0;0;0;0;0;0;0;0;0;0;0;0;0;0;0;0;0;0;0;0;0;0;0;0;0;0;0;0;0;0;0;0;0;0;0;0;0;0;0;0;0;0;0
19.08.2024;02:18;A126;1;0;0;0;0;0;100;1;0;1;2;1;1;0;0;0;0;0;0;0;0;1;0;0;0;0;0;0;0;0;0;0;0;0;0;0;0;0;0;0;0;0;0;0;0;0;0;0;0;0;0;0;0
19.08.2024;02:17;A126;1;0;0;0;0;0;100;0;0;0;0;0;0;0;0;0;0;0;0;0;0;0;0;0;0;0;0;0;0;0;0;0;0;0;0;0;0;0;0;0;0;0;0;0;0;0;0;0;0;0;0;0;0
19.08.2024;02:16;A126;1;0;0;0;0;0;100;0;0;0;0;0;0;0;0;0;0;0;0;0;0;0;0;0;0;0;0;0;0;0;0;0;0;0;0;0;0;0;0;0;0;0;0;0;0;0;0;0;0;0;0;0;0
19.08.2024;02:15;A126;1;0;0;0;0;0;100;0;0;0;0;0;0;0;0;0;0;0;0;0;0;0;0;0;0;0;0;0;0;0;0;0;0;0;0;0;0;0;0;0;0;0;0;0;0;0;0;0;0;0;0;0;0
19.08.2024;02:14;A126;1;0;0;0;0;0;100;0;0;2;7;0;0;1;16;1;5;1;0;1;1;0;0;1;1;0;0;0;0;0;0;0;0;0;0;0;0;0;0;0;0;0;0;0;0;0;0;0;0;0;0;0;0
19.08.2024;02:13;A126;1;0;0;0;0;0;100;0;0;0;0;0;0;0;0;0;0;0;0;0;0;0;0;0;0;0;0;0;0;0;0;0;0;0;0;0;0;0;0;0;0;0;0;0;0;0;0;0;0;0;0;0;0
19.08.2024;02:12;A126;1;0;0;0;0;0;100;0;0;2;5;0;0;0;0;0;0;0;0;0;0;0;0;0;0;0;0;0;0;0;0;0;0;0;0;0;0;0;0;0;0;0;0;0;0;0;0;0;0;0;0;0;0
19.08.2024;02:11;A126;1;0;0;0;0;0;100;0;0;0;0;0;0;1;0;0;0;0;0;1;1;0;0;0;0;0;0;0;0;0;0;0;0;0;0;0;0;0;0;0;0;0;0;0;0;0;0;0;0;0;0;0;0
19.08.2024;02:10;A126;1;0;0;0;0;0;100;0;0;0;0;0;0;1;0;0;0;0;0;1;1;0;0;0;0;0;0;0;0;0;0;0;0;0;0;0;0;0;0;0;0;0;0;0;0;0;0;0;0;0;0;0;0
19.08.2024;02:09;A126;1;0;0;0;0;0;100;0;0;0;0;0;0;0;0;0;0;0;0;0;0;0;0;0;0;0;0;0;0;0;0;0;0;0;0;0;0;0;0;0;0;0;0;0;0;0;0;0;0;0;0;0;0
19.08.2024;02:08;A126;1;0;0;0;0;0;100;0;0;3;27;1;4;0;0;0;0;0;0;0;0;0;0;0;0;0;0;0;0;0;0;0;0;0;0;0;0;0;0;0;0;0;0;0;0;0;0;0;0;0;0;0;0
19.08.2024;02:07;A126;1;0;0;0;0;0;100;0;0;0;0;0;0;0;0;0;0;0;0;0;0;0;0;0;0;0;0;0;0;0;0;0;0;0;0;0;0;0;0;0;0;0;0;0;0;0;0;0;0;0;0;0;0
19.08.2024;02:06;A126;1;0;0;0;0;0;100;0;0;0;0;0;0;0;0;0;0;0;0;0;0;0;0;0;0;0;0;0;0;0;0;0;0;0;0;0;0;0;0;0;0;0;0;0;0;0;0;0;0;0;0;0;0
19.08.2024;02:05;A126;1;0;0;0;0;0;100;0;0;0;0;0;0;1;20;0;1;1;1;0;0;0;0;0;0;0;0;0;0;0;0;0;0;0;0;0;0;0;0;0;0;0;0;0;0;0;0;0;0;0;0;0;0
19.08.2024;02:04;A126;1;0;0;0;0;0;100;0;0;0;0;0;0;0;0;2;1;0;0;0;0;0;0;0;0;0;0;0;0;0;0;0;0;0;0;0;0;0;0;0;0;0;0;0;0;0;0;0;0;0;0;0;0
19.08.2024;02:03;A126;1;0;0;0;0;0;100;0;0;0;0;0;0;0;0;0;0;0;0;0;0;0;0;0;0;0;0;0;0;0;0;0;0;0;0;0;0;0;0;0;0;0;0;0;0;0;0;0;0;0;0;0;0
19.08.2024;02:02;A126;1;0;0;0;0;0;100;0;0;0;0;0;0;0;0;0;0;0;0;0;0;1;1;0;0;1;4;0;0;0;0;0;0;0;0;0;0;0;0;0;0;0;0;0;0;0;0;0;0;0;0;0;0
19.08.2024;02:01;A126;1;0;0;0;0;0;100;0;0;0;0;0;0;1;0;0;0;0;0;1;1;1;13;0;0;1;7;0;0;0;0;0;0;0;0;0;0;0;0;0;0;0;0;0;0;0;0;0;0;0;0;0;0
19.08.2024;02:00;A126;1;1;1;0;0;0;100;0;0;2;3;0;0;0;0;0;0;0;0;0;0;0;0;0;0;0;0;0;0;0;0;0;0;0;0;0;0;0;0;0;0;0;0;0;0;0;0;0;0;0;0;0;0
