Datum;Uhrzeit;Bezeichnung;Intervall;D21Z;D21B;V22Z;V22B;D81Z;D81B;V82Z;V82B;D91_1Z;D91_1B;D91_2Z;D91_2B;V92Z;V92B;D111Z;D111B;D112Z;D112B;D531Z;D531B;D571Z;D571B;D581Z;D581B;H51_M11_1113Z;H51_M11_1113B;A51/H53_M12_11XZ;A51/H53_M12_11XB;A53_M13_1105Z;A53_M13_1105B;H55_M51G_3179Z;H55_M51G_3179B;H56_M51L_3180Z;H56_M51L_3180B;A55_M52G_3181Z;A55_M52G_3181B;A56/H53_M52L_3XZ;A56/H53_M52L_3XB;A53_M53_3183Z;A53_M53_3183B;H58_M71_1096Z;H58_M71_1096B;A58/H57_M72_10XZ;A58/H57_M72_10XB;A57_M73_1098Z;A57_M73_1098B;T2_1_3_1Z;T2_1_3_1B;T2_2_3_2_blindZ;T2_2_3_2_blindB;T4_1_6a_1Z;T4_1_6a_1B;T4_2_T6a_2_blindZ;T4_2_T6a_2_blindB;T6b_1_7_1Z;T6b_1_7_1B;T6b_2_7_2_blindZ;T6b_2_7_2_blindB;V113Z;V113B;V114Z;V114B
26.01.2025;01:00;A162;1;1;3;1;10;0;0;0;0;0;100;0;100;0;0;0;0;1;22;;;;;;;0;0;0;0;0;0;0;0;0;0;0;0;0;0;0;0;0;0;0;0;0;0;0;0;0;0;0;0;0;0;0;0;0;0;2;14;1;15
26.01.2025;00:59;A162;1;2;8;0;13;0;0;0;0;0;100;0;100;0;0;0;0;2;56;;;;;;;0;0;0;0;0;0;0;0;0;0;0;0;0;0;0;0;0;0;0;0;0;0;0;0;0;0;0;0;0;0;0;0;0;0;2;13;2;59
26.01.2025;00:58;A162;1;1;3;2;7;0;0;0;0;0;100;0;100;0;0;0;0;0;14;;;;;;;0;0;0;0;0;0;0;0;0;0;0;0;0;0;0;0;0;0;0;0;0;0;0;0;0;0;0;0;0;0;0;0;0;0;0;0;0;0
26.01.2025;00:57;A162;1;2;9;2;15;0;0;0;0;0;100;0;100;0;0;0;0;1;34;;;;;;;0;0;0;0;0;0;0;0;0;0;0;0;0;0;0;0;0;0;0;0;0;0;0;0;0;0;0;0;0;0;0;0;0;0;1;8;3;8
26.01.2025;00:56;A162;1;1;2;1;7;0;0;1;3;0;100;0;100;1;5;0;0;0;0;;;;;;;0;0;0;0;0;0;0;0;0;0;0;0;0;0;0;0;0;0;0;0;0;0;0;0;0;0;0;0;0;0;0;0;0;0;0;0;0;0
26.01.2025;00:55;A162;1;0;0;0;0;1;1;2;11;0;100;0;100;1;5;0;0;0;0;;;;;;;0;0;0;0;0;0;0;0;0;0;0;0;0;0;0;0;0;0;0;0;0;0;0;0;0;0;0;0;0;0;0;0;0;0;0;0;0;0
26.01.2025;00:54;A162;1;2;3;1;17;1;1;1;3;0;100;0;100;0;0;0;0;0;0;;;;;;;0;0;0;0;0;0;0;0;0;0;0;0;0;0;0;0;0;0;0;0;0;0;0;0;0;0;0;0;0;0;0;0;0;0;0;0;0;0
26.01.2025;00:53;A162;1;0;0;0;0;0;0;1;5;0;100;0;100;2;10;0;0;0;0;;;;;;;0;0;0;0;0;0;0;0;0;0;0;0;0;0;0;0;0;0;0;0;0;0;0;0;0;0;0;0;0;0;0;0;0;0;0;0;0;0
26.01.2025;00:52;A162;1;0;0;0;0;1;1;2;8;0;100;0;100;1;5;0;0;0;17;;;;;;;0;0;0;0;0;0;0;0;0;0;0;0;0;0;0;0;0;0;0;0;0;0;0;0;0;0;0;0;0;0;0;0;0;0;0;0;0;0
26.01.2025;00:51;A162;1;0;0;0;0;1;6;1;12;0;100;0;100;0;0;0;0;1;6;;;;;;;0;0;0;0;0;0;0;0;0;0;0;0;0;0;0;0;0;0;1;2;1;2;0;0;0;0;0;0;0;0;0;0;0;0;1;11;0;0
26.01.2025;00:50;A162;1;3;4;2;17;1;1;3;9;0;100;0;100;1;7;0;0;0;0;;;;;;;0;0;0;0;0;0;0;0;0;0;0;0;0;0;0;0;1;2;0;0;0;0;0;0;0;0;0;0;0;0;0;0;0;0;0;0;0;0
26.01.2025;00:49;A162;1;1;1;2;14;0;0;0;0;0;100;0;100;0;0;0;0;0;0;;;;;;;0;0;0;0;0;0;0;0;0;0;0;0;0;0;0;0;0;0;0;0;0;0;0;0;0;0;0;0;0;0;0;0;0;0;0;0;0;0
26.01.2025;00:48;A162;1;1;1;2;12;0;0;0;0;0;100;0;100;0;0;0;0;0;0;;;;;;;0;0;0;0;0;0;0;0;0;0;0;0;0;0;0;0;0;0;0;0;0;0;0;0;0;0;0;0;0;0;0;0;0;0;0;0;0;0
26.01.2025;00:47;A162;1;2;7;1;10;1;1;1;5;0;100;0;100;0;0;0;0;0;0;;;;;;;0;0;0;0;0;0;0;0;0;0;0;0;0;0;0;0;0;0;0;0;0;0;0;0;0;0;0;0;0;0;0;0;0;0;0;0;0;0
26.01.2025;00:46;A162;1;1;2;1;8;1;11;1;5;0;100;0;100;1;2;0;0;0;0;;;;;;;0;0;0;0;0;0;0;0;0;0;0;0;0;0;0;0;0;0;0;0;0;0;0;0;0;0;0;0;0;0;0;0;0;0;0;0;0;0
26.01.2025;00:45;A162;1;0;0;0;0;2;6;2;14;0;100;0;100;0;0;1;2;1;1;;;;;;;0;0;0;0;0;0;0;0;0;0;0;0;0;0;0;0;0;0;0;0;1;2;0;0;0;0;0;0;0;0;0;0;0;0;1;12;0;0
26.01.2025;00:44;A162;1;1;2;1;8;0;0;0;0;0;100;0;100;0;0;0;0;0;0;;;;;;;0;0;0;0;0;0;0;0;0;0;0;0;0;0;0;0;1;2;1;2;0;0;0;0;0;0;0;0;0;0;0;0;0;0;0;0;0;0
26.01.2025;00:43;A162;1;0;0;0;0;1;2;1;7;0;100;0;100;0;0;1;15;0;0;;;;;;;0;0;0;0;0;0;0;0;0;0;0;0;0;0;0;0;0;0;0;0;0;0;0;0;0;0;0;0;0;0;0;0;0;0;1;6;0;0
26.01.2025;00:42;A162;1;0;0;0;0;0;0;0;3;0;100;0;100;0;5;0;0;1;2;;;;;;;0;0;0;0;0;0;0;0;0;0;0;0;0;0;0;0;0;0;0;0;0;0;0;0;0;0;0;0;0;0;0;0;0;0;1;13;1;1
26.01.2025;00:41;A162;1;2;8;0;16;1;0;2;9;0;100;0;100;1;9;1;50;1;49;;;;;;;0;0;1;2;1;2;0;0;0;0;0;0;0;0;0;0;0;0;0;0;0;0;0;0;0;0;0;0;0;0;0;0;0;0;1;60;1;53
26.01.2025;00:40;A162;1;4;7;4;54;1;1;1;2;0;100;0;100;0;0;0;0;2;59;;;;;;;1;2;0;0;0;0;0;0;0;0;0;0;0;0;0;0;0;0;0;0;0;0;0;0;0;0;0;0;0;0;0;0;0;0;2;7;3;68
26.01.2025;00:39;A162;1;2;33;2;33;0;0;0;0;0;100;0;100;0;0;0;0;1;1;;;;;;;0;0;0;0;0;0;0;0;0;0;0;0;0;0;0;0;0;0;0;0;0;0;0;0;0;0;0;0;0;0;0;0;0;0;0;0;0;0
26.01.2025;00:38;A162;1;3;20;3;25;1;1;1;9;0;100;0;100;2;2;0;0;2;95;;;;;;;0;0;1;2;1;2;0;0;0;0;0;0;0;0;0;0;0;0;0;0;0;0;0;0;0;0;0;0;0;0;0;0;0;0;1;18;0;100
26.01.2025;00:37;A162;1;0;0;2;13;0;0;0;0;0;100;0;100;0;0;0;0;1;27;;;;;;;1;2;0;0;0;0;0;0;0;0;0;0;0;0;0;0;0;0;0;0;0;0;0;0;0;0;0;0;0;0;0;0;0;0;2;20;3;18
26.01.2025;00:36;A162;1;0;0;0;0;0;0;2;7;0;100;0;100;2;21;0;0;1;64;;;;;;;0;0;0;0;0;0;0;0;0;0;0;0;0;0;0;0;0;0;0;0;0;0;0;0;0;0;0;0;0;0;0;0;0;0;2;7;1;33
26.01.2025;00:35;A162;1;0;0;1;6;0;0;0;0;0;100;0;100;0;0;0;0;1;14;;;;;;;0;0;0;0;0;0;0;0;0;0;0;0;0;0;0;0;0;0;0;0;0;0;0;0;0;0;0;0;0;0;0;0;0;0;1;5;1;8
26.01.2025;00:34;A162;1;0;0;0;0;0;0;1;2;0;100;0;100;1;9;1;42;1;7;;;;;;;0;0;0;0;0;0;0;0;0;0;0;0;0;0;0;0;0;0;0;0;0;0;0;0;0;0;0;0;0;0;0;0;0;0;2;36;1;8
26.01.2025;00:33;A162;1;1;54;1;8;2;4;5;21;0;100;0;100;1;10;2;43;1;6;;;;;;;0;0;0;0;0;0;0;0;0;0;0;0;0;0;0;0;0;0;0;0;0;0;0;0;0;0;0;0;0;0;0;0;0;0;2;19;1;1
26.01.2025;00:32;A162;1;3;43;3;17;0;0;3;9;0;100;0;100;2;9;1;65;0;0;;;;;;;0;0;0;0;0;0;0;0;0;0;0;0;0;0;0;0;0;0;0;0;0;0;0;0;0;0;0;0;0;0;0;0;0;0;1;9;0;0
26.01.2025;00:31;A162;1;1;3;3;20;0;0;0;0;0;100;0;100;0;0;1;1;0;0;;;;;;;0;0;0;0;0;0;0;0;0;0;0;0;0;0;0;0;0;0;0;0;0;0;0;0;0;0;0;0;0;0;0;0;0;0;2;11;0;0
26.01.2025;00:30;A162;1;0;0;0;0;0;0;1;4;0;100;0;100;0;0;1;30;0;0;;;;;;;0;0;0;0;0;0;0;0;0;0;0;0;0;0;0;0;0;0;0;0;0;0;0;0;0;0;0;0;0;0;0;0;0;0;2;19;0;0
26.01.2025;00:29;A162;1;0;0;0;0;4;9;2;34;0;100;0;100;2;13;1;12;1;2;;;;;;;0;0;0;0;0;0;0;0;0;0;0;0;0;0;0;0;0;0;0;0;0;0;0;0;0;0;0;0;0;0;0;0;0;0;2;5;1;2
26.01.2025;00:28;A162;1;1;3;1;5;0;0;0;0;0;100;0;100;0;0;1;11;0;26;;;;;;;0;0;0;0;0;0;0;0;0;0;0;0;0;0;0;0;0;0;0;0;0;0;0;0;0;0;0;0;0;0;0;0;0;0;1;9;0;0
26.01.2025;00:27;A162;1;2;27;2;13;0;0;0;0;0;100;0;100;0;0;1;20;1;49;;;;;;;0;0;0;0;0;0;0;0;0;0;0;0;0;0;0;0;0;0;0;0;0;0;0;0;0;0;0;0;0;0;0;0;0;0;2;13;1;6
26.01.2025;00:26;A162;1;1;2;1;8;1;1;1;3;0;100;0;100;0;0;0;0;1;15;;;;;;;1;2;1;2;0;0;0;0;0;0;0;0;0;0;0;0;0;0;0;0;0;0;0;0;0;0;0;0;0;0;0;0;0;0;0;0;0;19
26.01.2025;00:25;A162;1;1;4;1;7;2;1;2;21;0;100;0;100;1;16;0;0;1;48;;;;;;;0;0;0;0;0;0;0;0;0;0;0;0;0;0;0;0;0;0;0;0;0;0;0;0;0;0;0;0;0;0;0;0;0;0;2;8;2;28
26.01.2025;00:24;A162;1;1;6;1;7;2;1;2;9;0;100;0;100;1;6;0;0;0;0;;;;;;;0;0;0;0;0;0;0;0;0;0;0;0;0;0;0;0;1;2;1;2;1;2;0;0;0;0;0;0;0;0;0;0;0;0;0;0;0;0
26.01.2025;00:23;A162;1;1;1;0;67;2;1;3;17;0;100;0;100;0;0;1;31;0;48;;;;;;;0;0;0;0;0;0;0;0;0;0;0;0;0;0;0;0;0;0;0;0;0;0;0;0;0;0;0;0;0;0;0;0;0;0;0;17;0;0
26.01.2025;00:22;A162;1;0;0;2;90;1;0;1;3;0;100;0;100;0;0;0;0;1;27;;;;;;;0;0;0;0;0;0;0;0;0;0;0;0;0;0;0;0;0;0;0;0;0;0;0;0;0;0;0;0;0;0;0;0;0;0;2;8;1;8
26.01.2025;00:21;A162;1;4;62;3;28;2;3;2;19;0;100;0;100;0;0;0;68;0;0;;;;;;;0;0;0;0;0;0;0;0;0;0;0;0;0;0;0;0;0;0;0;0;0;0;0;0;0;0;0;0;0;0;0;0;0;0;0;0;0;0
26.01.2025;00:20;A162;1;4;34;2;68;0;0;1;3;0;100;0;100;1;3;1;18;1;23;;;;;;;0;0;0;0;0;0;0;0;0;0;0;0;0;0;0;0;0;0;1;2;1;2;0;0;0;0;0;0;0;0;0;0;0;0;1;16;0;2
26.01.2025;00:19;A162;1;1;16;2;19;0;0;1;7;0;100;0;100;0;0;0;0;1;7;;;;;;;0;0;0;0;0;0;0;0;0;0;0;0;0;0;0;0;1;2;0;0;0;0;0;0;0;0;0;0;0;0;0;0;0;0;1;10;1;11
26.01.2025;00:18;A162;1;1;2;0;2;0;0;0;0;0;100;0;100;0;0;0;0;1;84;;;;;;;0;0;0;0;0;0;0;0;0;0;0;0;0;0;0;0;0;0;0;0;0;0;0;0;0;0;0;0;0;0;0;0;0;0;2;14;1;75
26.01.2025;00:17;A162;1;2;6;3;17;2;1;2;6;0;100;0;100;2;4;0;0;1;19;;;;;;;1;2;1;2;1;2;0;0;0;0;0;0;0;0;0;0;0;0;0;0;0;0;0;0;0;0;0;0;0;0;0;0;0;0;1;1;1;7
26.01.2025;00:16;A162;1;1;2;1;7;2;3;2;9;0;100;0;100;0;0;1;21;0;0;;;;;;;0;0;0;0;0;0;0;0;0;0;0;0;0;0;0;0;0;0;0;0;0;0;0;0;0;0;0;0;0;0;0;0;0;0;2;16;0;0
26.01.2025;00:15;A162;1;1;15;1;6;0;0;2;8;0;100;0;100;2;24;0;0;1;43;;;;;;;0;0;0;0;0;0;0;0;0;0;0;0;0;0;0;0;0;0;0;0;0;0;0;0;0;0;0;0;0;0;0;0;0;0;2;6;2;17
26.01.2025;00:14;A162;1;1;24;1;7;1;21;2;12;0;100;0;100;2;11;0;0;1;40;;;;;;;0;0;0;0;0;0;0;0;0;0;0;0;0;0;0;0;0;0;1;2;1;2;0;0;0;0;0;0;0;0;0;0;0;0;1;4;1;6
26.01.2025;00:13;A162;1;0;0;0;0;0;0;1;4;0;100;0;100;1;7;1;23;1;27;;;;;;;0;0;0;0;0;0;0;0;0;0;0;0;0;0;0;0;1;2;0;0;0;0;0;0;0;0;0;0;0;0;0;0;0;0;1;18;1;6
26.01.2025;00:12;A162;1;2;4;1;52;1;32;1;4;0;100;0;100;0;0;3;52;2;65;;;;;;;0;0;0;0;0;0;0;0;0;0;0;0;0;0;0;0;0;0;0;0;0;0;0;0;0;0;0;0;0;0;0;0;0;0;3;55;2;43
26.01.2025;00:11;A162;1;5;26;4;50;1;0;1;8;0;100;0;100;1;2;1;40;1;38;;;;;;;1;2;1;2;1;2;0;0;0;0;0;0;0;0;0;0;0;0;0;0;0;0;0;0;0;0;0;0;0;0;0;0;0;0;1;50;2;25
26.01.2025;00:10;A162;1;3;19;4;35;1;1;0;3;0;100;0;100;0;0;1;63;0;0;;;;;;;0;0;1;2;1;2;0;0;0;0;0;0;0;0;0;0;0;0;0;0;0;0;0;0;0;0;0;0;0;0;0;0;0;0;1;8;1;2
26.01.2025;00:09;A162;1;1;2;1;8;1;9;2;12;0;100;0;100;3;17;0;0;0;44;;;;;;;1;2;0;0;0;0;0;0;0;0;0;0;0;0;0;0;0;0;0;0;0;0;0;0;0;0;0;0;0;0;0;0;0;0;0;0;0;42
26.01.2025;00:08;A162;1;1;13;1;7;2;6;2;16;0;100;0;100;1;29;0;0;0;100;;;;;;;0;0;0;0;0;0;0;0;0;0;0;0;0;0;0;0;0;0;0;0;0;0;0;0;0;0;0;0;0;0;0;0;0;0;0;0;0;100
26.01.2025;00:07;A162;1;1;34;1;10;0;0;2;10;0;100;0;100;3;28;0;37;1;42;;;;;;;0;0;0;0;1;2;0;0;0;0;0;0;0;0;0;0;0;0;0;0;0;0;0;0;0;0;0;0;0;0;0;0;0;0;1;7;1;55
26.01.2025;00:06;A162;1;3;8;2;42;2;1;2;9;0;100;0;100;0;0;1;16;0;0;;;;;;;1;2;1;2;0;0;0;0;0;0;0;0;0;0;0;0;0;0;0;0;0;0;0;0;0;0;0;0;0;0;0;0;0;0;1;16;1;4
26.01.2025;00:05;A162;1;1;7;2;12;0;0;1;5;0;100;0;100;0;0;1;33;0;0;;;;;;;0;0;0;0;0;0;0;0;0;0;0;0;0;0;0;0;0;0;0;0;0;0;0;0;0;0;0;0;0;0;0;0;0;0;2;35;0;0
26.01.2025;00:04;A162;1;2;6;1;53;1;1;1;8;0;100;0;100;0;0;0;0;0;0;;;;;;;1;2;1;2;1;2;0;0;0;0;0;0;0;0;0;0;0;0;0;0;0;0;0;0;0;0;0;0;0;0;0;0;0;0;0;0;0;0
26.01.2025;00:03;A162;1;2;25;1;21;0;0;5;15;0;100;0;100;3;27;0;0;0;4;;;;;;;0;0;0;0;0;0;0;0;0;0;0;0;0;0;0;0;0;0;0;0;0;0;0;0;0;0;0;0;0;0;0;0;0;0;0;0;0;0
26.01.2025;00:02;A162;1;1;6;1;9;2;1;2;11;0;100;0;100;1;0;0;0;2;14;;;;;;;0;0;0;0;0;0;0;0;0;0;0;0;0;0;0;0;0;0;0;0;0;0;0;0;0;0;0;0;0;0;0;0;0;0;2;22;3;7
26.01.2025;00:01;A162;1;1;13;0;14;1;15;1;8;0;100;0;100;0;0;0;0;1;20;;;;;;;0;0;0;0;0;0;0;0;0;0;0;0;0;0;0;0;0;0;0;0;0;0;0;0;0;0;0;0;0;0;0;0;0;0;1;6;1;8
26.01.2025;00:00;A162;1;1;37;1;27;0;0;0;0;0;100;0;100;0;0;0;0;2;62;;;;;;;0;0;0;0;0;0;0;0;0;0;0;0;0;0;0;0;0;0;0;0;0;0;0;0;0;0;0;0;0;0;0;0;0;0;0;0;1;16
25.01.2025;23:59;A162;1;2;46;1;14;0;0;0;0;0;100;0;100;0;0;0;0;2;71;;;;;;;0;0;0;0;0;0;0;0;0;0;0;0;0;0;0;0;0;0;0;0;0;0;0;0;0;0;0;0;0;0;0;0;0;0;2;18;2;47
25.01.2025;23:58;A162;1;5;13;3;50;1;1;1;4;0;100;0;100;0;0;0;32;0;0;;;;;;;0;0;0;0;0;0;0;0;0;0;0;0;0;0;0;0;0;0;0;0;0;0;0;0;0;0;0;0;0;0;0;0;0;0;1;6;1;2
25.01.2025;23:57;A162;1;2;62;1;69;0;0;2;3;0;100;0;100;1;4;1;20;0;0;;;;;;;0;0;0;0;0;0;0;0;0;0;0;0;0;0;0;0;0;0;0;0;1;2;0;0;0;0;0;0;0;0;0;0;0;0;1;10;0;0
25.01.2025;23:56;A162;1;1;1;2;4;1;1;1;4;0;100;0;100;1;4;2;15;0;0;;;;;;;0;0;0;0;0;0;0;0;0;0;0;0;0;0;0;0;1;2;1;2;0;0;0;0;0;0;0;0;0;0;0;0;0;0;0;30;0;0
25.01.2025;23:55;A162;1;0;0;1;5;0;0;0;0;0;100;0;100;0;0;0;0;0;0;;;;;;;0;0;0;0;0;0;0;0;0;0;0;0;0;0;0;0;0;0;0;0;0;0;0;0;0;0;0;0;0;0;0;0;0;0;1;1;0;0
25.01.2025;23:54;A162;1;1;20;1;6;0;0;2;6;0;100;0;100;0;0;0;0;0;0;;;;;;;0;0;0;0;0;0;0;0;0;0;0;0;0;0;0;0;0;0;0;0;0;0;0;0;0;0;0;0;0;0;0;0;0;0;0;0;0;0
25.01.2025;23:53;A162;1;4;4;1;32;2;2;1;4;0;100;0;100;1;5;0;0;0;0;;;;;;;0;0;0;0;0;0;0;0;0;0;0;0;0;0;0;0;0;0;0;0;0;0;0;0;0;0;0;0;0;0;0;0;0;0;0;0;0;0
25.01.2025;23:52;A162;1;1;1;2;53;1;0;1;7;0;100;0;100;0;0;1;46;0;0;;;;;;;0;0;0;0;0;0;0;0;0;0;0;0;0;0;0;0;0;0;0;0;0;0;0;0;0;0;0;0;0;0;0;0;0;0;1;8;1;3
25.01.2025;23:51;A162;1;0;0;1;7;2;1;2;9;0;100;0;100;1;3;0;0;0;0;;;;;;;0;0;0;0;0;0;0;0;0;0;0;0;0;0;0;0;0;0;0;0;0;0;0;0;0;0;0;0;0;0;0;0;0;0;0;0;0;0
25.01.2025;23:50;A162;1;1;1;2;8;0;0;0;7;0;100;0;100;0;0;0;0;1;10;;;;;;;0;0;0;0;0;0;0;0;0;0;0;0;0;0;0;0;0;0;0;0;0;0;0;0;0;0;0;0;0;0;0;0;0;0;1;7;1;8
25.01.2025;23:49;A162;1;0;0;0;0;1;4;4;18;0;100;0;100;3;13;0;0;0;0;;;;;;;0;0;0;0;0;0;0;0;0;0;0;0;0;0;0;0;1;2;1;2;1;2;0;0;0;0;0;0;0;0;0;0;0;0;0;0;0;0
25.01.2025;23:48;A162;1;1;2;0;5;0;0;0;0;0;100;0;100;0;0;0;0;0;0;;;;;;;0;0;0;0;0;0;0;0;0;0;0;0;0;0;0;0;0;0;0;0;0;0;0;0;0;0;0;0;0;0;0;0;0;0;0;0;0;0
25.01.2025;23:47;A162;1;1;38;2;10;1;1;1;8;0;100;0;100;1;15;0;23;0;25;;;;;;;0;0;0;0;0;0;0;0;0;0;0;0;0;0;0;0;0;0;0;0;0;0;0;0;0;0;0;0;0;0;0;0;0;0;0;0;0;0
25.01.2025;23:46;A162;1;2;25;2;16;0;0;0;0;0;100;0;100;0;0;1;76;1;44;;;;;;;0;0;0;0;0;0;0;0;0;0;0;0;0;0;0;0;0;0;0;0;0;0;0;0;0;0;0;0;0;0;0;0;0;0;3;18;1;8
25.01.2025;23:45;A162;1;0;0;0;0;2;29;2;15;0;100;0;100;1;5;1;83;1;20;;;;;;;0;0;0;0;0;0;0;0;0;0;0;0;0;0;0;0;0;0;1;2;1;2;0;0;0;0;0;0;0;0;0;0;0;0;2;17;2;19
25.01.2025;23:44;A162;1;3;5;2;16;3;6;2;26;0;100;0;100;2;7;1;46;1;78;;;;;;;0;0;0;0;0;0;0;0;0;0;0;0;0;0;0;0;1;2;0;0;0;0;0;0;0;0;0;0;0;0;0;0;0;0;1;6;0;76
25.01.2025;23:43;A162;1;2;30;2;22;1;2;1;12;0;100;0;100;0;0;1;2;2;75;;;;;;;0;0;0;0;0;0;0;0;0;0;0;0;0;0;0;0;0;0;0;0;0;0;0;0;0;0;0;0;0;0;0;0;0;0;3;27;3;32
25.01.2025;23:42;A162;1;2;25;2;37;3;2;1;13;0;100;0;100;0;0;0;0;1;58;;;;;;;0;0;0;0;0;0;0;0;0;0;0;0;0;0;0;0;0;0;0;0;0;0;0;0;0;0;0;0;0;0;0;0;0;0;2;11;2;51
25.01.2025;23:41;A162;1;4;7;3;54;3;2;3;14;0;100;0;100;2;10;0;0;1;64;;;;;;;0;0;0;0;1;2;0;0;0;0;0;0;0;0;0;0;0;0;0;0;0;0;0;0;0;0;0;0;0;0;0;0;0;0;1;4;1;9
25.01.2025;23:40;A162;1;1;4;3;21;1;1;1;6;0;100;0;100;1;4;0;0;0;0;;;;;;;1;2;1;2;0;0;0;0;0;0;0;0;0;0;0;0;0;0;0;0;0;0;0;0;0;0;0;0;0;0;0;0;0;0;0;0;0;0
25.01.2025;23:39;A162;1;1;12;1;16;2;3;4;16;0;100;0;100;0;0;0;0;0;0;;;;;;;0;0;1;2;1;2;0;0;0;0;0;0;0;0;0;0;0;0;0;0;1;2;0;0;0;0;0;0;0;0;0;0;0;0;0;0;0;0
25.01.2025;23:38;A162;1;2;3;2;14;1;1;0;0;0;100;0;100;0;1;0;0;0;0;;;;;;;2;3;1;2;1;2;0;0;0;0;0;0;0;0;0;0;1;2;1;2;0;0;0;0;0;0;0;0;0;0;0;0;0;0;0;0;0;0
25.01.2025;23:37;A162;1;2;16;1;21;1;1;3;15;0;100;0;100;3;31;1;92;0;0;;;;;;;0;0;1;2;1;2;0;0;0;0;0;0;0;0;0;0;0;0;0;0;0;0;0;0;0;0;0;0;0;0;0;0;0;0;1;12;0;0
25.01.2025;23:36;A162;1;5;22;2;94;2;1;2;17;0;100;0;100;1;29;1;15;1;35;;;;;;;1;2;0;0;0;0;0;0;0;0;0;0;0;0;0;0;0;0;0;0;0;0;0;0;0;0;0;0;0;0;0;0;0;0;2;24;0;34
25.01.2025;23:35;A162;1;1;32;4;27;2;18;3;15;0;100;0;100;4;19;3;21;1;30;;;;;;;0;0;0;0;0;0;0;0;0;0;0;0;0;0;0;0;0;0;0;0;0;0;0;0;0;0;0;0;0;0;0;0;0;0;2;39;1;21
25.01.2025;23:34;A162;1;1;45;2;47;3;23;4;41;0;100;0;100;2;6;3;69;5;62;;;;;;;0;0;0;0;0;0;0;0;0;0;0;0;0;0;0;0;0;0;0;0;0;0;0;0;0;0;0;0;0;0;0;0;0;0;4;44;2;37
25.01.2025;23:33;A162;1;3;67;2;49;0;0;0;0;0;100;0;100;0;0;0;100;0;100;;;;;;;0;0;0;0;0;0;0;0;0;0;0;0;0;0;0;0;0;0;0;0;0;0;0;0;1;1;0;0;0;0;0;0;0;0;1;99;1;95
25.01.2025;23:32;A162;1;3;55;2;66;2;9;2;12;0;100;0;100;0;0;2;50;1;45;;;;;;;0;0;0;0;0;0;0;0;0;0;0;0;0;0;0;0;0;0;0;0;0;0;1;1;1;1;0;0;0;0;0;0;0;0;3;27;1;8
25.01.2025;23:31;A162;1;3;17;4;39;2;1;3;19;0;100;0;100;2;15;0;0;1;4;;;;;;;0;0;0;0;0;0;0;0;0;0;0;0;0;0;0;0;0;0;0;0;0;0;0;0;0;0;0;0;0;0;0;0;0;0;0;0;1;9
25.01.2025;23:30;A162;1;1;41;2;12;0;0;0;0;0;100;0;100;1;14;1;13;0;0;;;;;;;0;0;0;0;0;0;0;0;0;0;0;0;0;0;0;0;0;0;0;0;0;0;0;0;0;0;0;0;0;0;0;0;0;0;1;11;0;0
25.01.2025;23:29;A162;1;2;57;2;22;1;0;1;4;0;100;0;100;0;0;0;0;2;35;;;;;;;0;0;0;0;0;0;0;0;0;0;0;0;0;0;0;0;0;0;0;0;0;0;0;0;0;0;0;0;0;0;0;0;0;0;2;17;2;11
25.01.2025;23:28;A162;1;0;0;1;6;2;1;3;19;0;100;0;100;2;12;2;10;0;0;;;;;;;0;0;0;0;0;0;0;0;0;0;0;0;0;0;0;0;0;0;0;0;0;0;0;0;0;0;0;0;0;0;0;0;0;0;1;16;0;0
25.01.2025;23:27;A162;1;1;8;3;11;1;0;2;16;0;100;0;100;2;22;0;1;2;25;;;;;;;0;0;0;0;0;0;0;0;0;0;0;0;0;0;0;0;0;0;0;0;0;0;0;0;0;0;0;0;0;0;0;0;0;0;2;9;1;10
25.01.2025;23:26;A162;1;3;10;3;23;1;1;1;4;0;100;0;100;0;0;1;62;0;0;;;;;;;0;0;0;0;0;0;0;0;0;0;0;0;0;0;0;0;0;0;0;0;0;0;0;0;0;0;0;0;0;0;0;0;0;0;3;62;0;0
25.01.2025;23:25;A162;1;0;0;0;0;0;0;0;0;0;100;0;100;0;0;1;11;0;0;;;;;;;0;0;0;0;0;0;0;0;0;0;0;0;0;0;0;0;0;0;0;0;1;2;0;0;0;0;0;0;0;0;0;0;0;0;1;8;0;0
25.01.2025;23:24;A162;1;1;40;1;9;1;0;1;3;0;100;0;100;1;2;0;24;0;0;;;;;;;0;0;0;0;0;0;0;0;0;0;0;0;0;0;0;0;1;2;1;2;0;0;0;0;1;1;0;0;0;0;0;0;0;0;0;0;0;0
25.01.2025;23:23;A162;1;3;60;3;64;0;0;1;5;0;100;0;100;2;7;1;47;1;1;;;;;;;0;0;0;0;0;0;0;0;0;0;0;0;0;0;0;0;0;0;0;0;0;0;0;0;0;0;0;0;0;0;0;0;0;0;2;17;2;9
25.01.2025;23:22;A162;1;4;53;3;47;1;2;2;18;0;100;0;100;1;16;0;100;0;0;;;;;;;0;0;0;0;0;0;0;0;0;0;0;0;0;0;0;0;0;0;0;0;1;2;0;0;0;0;0;0;0;0;0;0;0;0;0;0;0;0
25.01.2025;23:21;A162;1;3;43;1;59;1;1;2;5;0;100;0;100;1;4;1;40;0;0;;;;;;;0;0;0;0;0;1;0;0;0;0;0;0;0;0;0;0;1;2;2;3;1;2;0;0;0;0;0;0;0;0;0;0;0;0;1;9;0;0
25.01.2025;23:20;A162;1;2;20;2;12;2;1;3;15;0;100;0;100;1;7;1;2;0;0;;;;;;;1;2;1;2;1;1;0;0;0;0;0;0;0;0;0;0;1;2;0;0;0;0;0;0;0;0;0;0;0;0;0;0;0;0;0;1;0;0
25.01.2025;23:19;A162;1;1;30;1;10;1;1;1;5;0;100;0;100;0;0;1;60;1;9;;;;;;;0;0;0;0;0;0;0;0;0;0;0;0;0;0;0;0;0;0;0;0;0;0;0;0;0;0;0;0;0;0;0;0;0;0;4;74;1;7
25.01.2025;23:18;A162;1;3;11;3;17;0;0;3;13;0;100;0;100;1;9;0;0;1;65;;;;;;;1;2;1;2;1;2;0;0;0;0;0;0;0;0;0;0;0;0;0;0;0;0;0;0;0;0;0;0;0;0;0;0;0;0;1;7;1;8
25.01.2025;23:17;A162;1;1;3;1;7;2;3;2;18;0;100;0;100;1;19;1;90;0;0;;;;;;;1;2;1;2;1;2;0;0;0;0;1;2;0;0;0;0;0;0;0;0;0;0;0;0;0;0;0;0;0;0;0;0;0;0;0;91;0;0
25.01.2025;23:16;A162;1;1;8;3;14;3;2;4;17;0;100;0;100;2;9;1;3;0;0;;;;;;;0;0;0;0;0;0;1;2;0;0;0;0;0;0;0;0;0;0;0;0;0;0;0;0;0;0;0;0;0;0;0;0;0;0;1;14;0;0
25.01.2025;23:15;A162;1;2;5;2;50;0;0;0;0;0;100;0;100;0;0;0;11;1;28;;;;;;;0;0;0;0;0;0;0;0;0;0;0;0;0;0;0;0;0;0;0;0;0;0;0;0;0;0;0;0;0;0;0;0;0;0;1;7;1;7
25.01.2025;23:14;A162;1;0;0;0;0;2;1;4;24;0;100;0;100;4;17;1;15;1;3;;;;;;;0;0;0;0;0;0;0;0;0;0;0;0;0;0;0;0;0;0;1;2;1;2;0;0;0;0;0;0;0;0;0;0;0;0;1;23;1;5
25.01.2025;23:13;A162;1;2;30;2;12;2;1;2;19;0;100;0;100;2;18;0;0;0;0;;;;;;;0;0;0;0;0;0;0;0;0;0;0;0;0;0;0;0;1;2;0;0;0;0;0;0;0;0;0;0;0;0;0;0;0;0;0;0;0;0
25.01.2025;23:12;A162;1;3;64;2;61;1;1;2;10;0;100;0;100;1;6;1;30;1;24;;;;;;;0;0;0;0;0;0;0;0;0;0;0;0;0;0;0;0;0;0;0;0;0;0;0;0;0;0;0;0;0;0;0;0;0;0;1;28;0;25
25.01.2025;23:11;A162;1;2;22;3;20;1;1;2;12;0;100;0;100;2;14;2;18;1;13;;;;;;;0;0;0;0;0;0;0;0;0;0;0;0;0;0;0;0;0;0;0;0;0;0;0;0;0;0;0;0;0;0;0;0;0;0;2;34;2;22
25.01.2025;23:10;A162;1;2;4;2;22;0;0;0;0;0;100;0;100;0;0;5;20;0;0;;;;;;;0;0;0;0;0;0;0;0;0;0;0;0;0;0;0;0;0;0;0;0;0;0;0;0;0;0;0;0;0;0;0;0;0;0;0;30;0;0
25.01.2025;23:09;A162;1;3;23;3;30;2;26;2;19;0;100;0;100;2;11;0;100;0;0;;;;;;;0;0;1;2;2;3;0;0;0;0;0;0;0;0;0;0;0;0;0;0;0;0;0;0;0;0;0;0;0;0;0;0;0;0;0;100;0;0
25.01.2025;23:08;A162;1;2;60;4;31;2;9;2;25;0;100;0;100;1;7;2;94;0;0;;;;;;;3;5;2;3;1;2;0;0;0;0;0;0;0;0;0;0;0;0;0;0;0;0;0;0;0;0;0;0;0;0;0;0;0;0;0;100;0;0
25.01.2025;23:07;A162;1;1;13;2;12;1;1;1;31;0;100;0;100;0;32;1;34;0;0;;;;;;;0;0;0;0;0;0;0;0;0;0;0;0;0;0;0;0;0;0;0;0;0;0;0;0;0;0;0;0;0;0;0;0;0;0;1;45;0;0
25.01.2025;23:06;A162;1;1;4;1;7;1;0;4;13;0;100;0;100;4;26;0;0;0;0;;;;;;;0;0;0;0;0;0;0;0;0;0;0;0;0;0;0;0;0;0;0;0;0;0;0;0;0;0;0;0;0;0;0;0;0;0;0;0;0;0
25.01.2025;23:05;A162;1;4;5;1;15;4;2;3;19;0;100;0;100;0;0;2;66;2;60;;;;;;;0;0;0;0;0;0;0;0;0;0;0;0;0;0;0;0;0;0;0;0;0;0;0;0;0;0;0;0;0;0;0;0;0;0;2;72;3;50
25.01.2025;23:04;A162;1;1;65;2;82;4;3;2;20;0;100;0;100;2;38;1;30;0;0;;;;;;;0;0;0;0;0;0;0;0;0;0;0;0;0;0;0;0;0;0;0;0;0;0;0;0;0;0;0;0;0;0;0;0;0;0;3;14;0;0
25.01.2025;23:03;A162;1;1;1;1;10;0;0;1;4;0;100;0;100;1;13;1;4;0;0;;;;;;;0;0;0;0;0;0;0;0;0;0;0;0;0;0;0;0;0;0;0;0;0;0;0;0;0;0;0;0;0;0;0;0;0;0;2;19;0;0
25.01.2025;23:02;A162;1;3;69;1;71;0;0;2;3;0;100;0;100;1;7;3;45;1;1;;;;;;;0;0;0;0;0;0;0;0;0;0;0;0;0;0;0;0;0;0;0;0;0;0;0;0;0;0;0;0;0;0;0;0;0;0;1;62;0;0
25.01.2025;23:01;A162;1;2;8;3;22;3;4;1;21;0;100;0;100;1;10;1;27;1;9;;;;;;;0;0;0;0;0;0;0;0;0;0;0;0;0;0;0;0;0;0;0;0;0;0;0;0;0;0;0;0;0;0;0;0;0;0;3;49;1;9
25.01.2025;23:00;A162;1;0;0;0;0;3;2;5;39;0;100;0;100;3;61;0;0;1;16;;;;;;;0;0;0;0;0;0;0;0;0;0;0;0;0;0;0;0;0;0;0;0;0;0;0;0;0;0;0;0;0;0;0;0;0;0;1;6;1;7
25.01.2025;22:59;A162;1;2;1;2;13;1;0;1;6;0;100;0;100;2;10;0;0;1;13;;;;;;;0;0;0;0;0;0;0;0;0;0;0;0;0;0;0;0;0;0;0;0;0;0;0;0;0;0;0;0;0;0;0;0;0;0;1;5;1;20
25.01.2025;22:58;A162;1;0;0;0;0;0;0;0;0;0;100;0;100;0;0;1;48;0;0;;;;;;;0;0;1;2;1;2;0;0;0;0;0;0;0;0;0;0;0;0;0;0;0;0;0;0;0;0;0;0;0;0;0;0;0;0;1;15;0;0
25.01.2025;22:57;A162;1;2;17;1;11;0;0;0;0;0;100;0;100;0;0;0;0;0;0;;;;;;;1;2;0;0;0;0;0;0;0;0;0;0;0;0;0;0;0;0;0;0;0;0;0;0;0;0;0;0;0;0;0;0;0;0;0;0;0;0
25.01.2025;22:56;A162;1;1;22;2;13;1;0;1;4;0;100;0;100;2;6;2;36;0;32;;;;;;;0;0;0;0;0;0;0;0;0;0;0;0;0;0;0;0;0;0;0;0;0;0;0;0;0;0;0;0;0;0;0;0;0;0;0;43;0;0
25.01.2025;22:55;A162;1;3;11;3;30;2;1;1;11;0;100;0;100;1;15;0;100;1;91;;;;;;;1;2;1;2;1;2;0;0;0;0;0;0;0;0;0;0;0;0;0;0;0;0;0;0;0;0;0;0;0;0;0;0;0;0;1;100;1;8
25.01.2025;22:54;A162;1;2;43;1;12;0;0;1;6;0;100;0;100;1;9;1;7;0;0;;;;;;;0;0;0;0;0;0;0;0;0;0;0;0;0;0;0;0;1;2;1;2;1;2;0;0;0;0;0;0;0;0;0;0;0;0;2;14;0;0
25.01.2025;22:53;A162;1;2;3;3;16;3;2;3;20;0;100;0;100;1;21;0;0;0;0;;;;;;;0;0;0;0;0;0;0;0;0;0;0;0;0;0;0;0;0;0;0;0;0;0;0;0;0;0;0;0;0;0;0;0;0;0;0;0;0;0
25.01.2025;22:52;A162;1;2;10;2;20;2;1;3;12;0;100;0;100;2;25;0;0;0;0;;;;;;;0;0;0;0;0;0;0;0;0;0;0;0;0;0;0;0;0;0;0;0;0;0;0;0;0;0;0;0;0;0;0;0;0;0;0;0;0;0
25.01.2025;22:51;A162;1;4;33;1;48;3;2;2;20;0;100;0;100;2;27;0;0;0;0;;;;;;;0;0;0;0;0;0;0;0;0;0;0;0;0;0;0;0;0;0;0;0;0;0;0;0;0;0;0;0;0;0;0;0;0;0;0;0;0;0
25.01.2025;22:50;A162;1;2;39;2;15;1;17;4;28;0;100;0;100;3;74;0;0;0;0;;;;;;;0;0;0;0;0;0;0;0;0;0;0;0;0;0;0;0;0;0;1;2;1;2;0;0;0;0;0;0;0;0;0;0;0;0;0;0;0;0
25.01.2025;22:49;A162;1;0;0;1;1;1;1;1;5;0;100;0;100;2;10;0;29;0;0;;;;;;;0;0;0;0;0;0;0;0;0;0;0;0;0;0;0;0;1;2;0;0;0;0;0;0;0;0;0;0;0;0;0;0;0;0;0;0;0;0
25.01.2025;22:48;A162;1;1;1;1;8;1;1;2;14;0;100;0;100;3;21;1;36;0;0;;;;;;;0;0;0;0;0;0;0;0;0;0;0;0;0;0;0;0;0;0;0;0;0;0;0;0;0;0;0;0;0;0;0;0;0;0;1;8;0;0
25.01.2025;22:47;A162;1;2;52;3;22;1;2;2;20;0;100;0;100;3;6;0;0;2;34;;;;;;;0;0;0;0;0;0;0;0;0;0;0;0;0;0;0;0;0;0;0;0;0;0;0;0;0;0;0;0;0;0;0;0;0;0;2;16;2;17
25.01.2025;22:46;A162;1;2;9;2;35;0;0;1;5;0;100;0;100;1;1;0;0;0;0;;;;;;;0;0;0;0;0;0;0;0;0;0;0;0;0;0;0;0;0;0;0;0;0;0;0;0;0;0;0;0;0;0;0;0;0;0;0;0;0;0
25.01.2025;22:45;A162;1;2;9;2;17;4;7;4;24;0;100;0;100;2;9;0;91;0;0;;;;;;;0;0;0;0;0;0;0;0;0;0;0;0;0;0;0;0;0;0;0;0;0;0;0;0;0;0;0;0;0;0;0;0;0;0;0;0;0;0
25.01.2025;22:44;A162;1;2;8;2;13;0;0;0;0;0;100;0;100;0;0;1;57;0;31;;;;;;;0;0;0;0;0;0;0;0;0;0;0;0;0;0;0;0;0;0;0;0;0;0;0;0;0;0;0;0;0;0;0;0;0;0;2;10;0;0
25.01.2025;22:43;A162;1;4;6;1;55;0;0;0;0;0;100;0;100;0;0;1;39;1;21;;;;;;;0;0;0;0;0;0;0;0;0;0;0;0;0;0;0;0;0;0;1;2;1;2;0;0;0;0;0;0;0;0;0;0;0;0;2;18;1;8
25.01.2025;22:42;A162;1;3;13;1;29;1;14;0;18;0;100;0;100;0;0;1;1;2;58;;;;;;;0;0;0;0;0;0;0;0;0;0;0;0;0;0;0;0;1;2;0;0;0;0;0;0;0;0;0;0;0;0;0;0;0;0;2;9;2;39
25.01.2025;22:41;A162;1;1;24;2;27;4;24;3;44;0;100;0;100;6;14;2;74;4;65;;;;;;;0;0;0;0;0;0;0;0;0;0;0;0;0;0;0;0;0;0;0;0;0;0;0;0;0;0;0;0;0;0;0;0;0;0;2;96;2;92
25.01.2025;22:40;A162;1;2;61;2;27;1;1;1;16;0;100;0;100;1;5;1;12;2;82;;;;;;;0;0;1;2;1;2;0;0;0;0;0;0;0;0;0;0;0;0;0;0;0;0;0;0;0;0;0;0;0;0;0;0;0;0;2;23;4;39
25.01.2025;22:39;A162;1;2;49;3;25;1;0;3;27;0;100;0;100;3;20;1;42;1;41;;;;;;;1;2;0;0;1;2;0;0;0;0;0;0;0;0;0;0;0;0;0;0;0;0;0;0;0;0;0;0;0;0;0;0;0;0;1;50;0;42
25.01.2025;22:38;A162;1;4;16;3;41;1;1;2;11;0;100;0;100;1;9;0;100;0;100;;;;;;;2;3;3;5;2;3;0;0;0;0;0;0;0;0;0;0;0;0;0;0;0;0;0;0;0;0;0;0;0;0;0;0;0;0;2;37;1;48
25.01.2025;22:37;A162;1;4;38;5;38;1;30;1;10;0;100;0;100;0;0;3;54;3;68;;;;;;;1;2;0;0;0;0;0;0;0;0;0;0;0;0;0;0;0;0;0;0;0;0;0;0;0;0;0;0;1;1;0;0;0;0;1;38;2;17
25.01.2025;22:36;A162;1;1;42;2;12;1;1;1;4;0;100;0;100;0;0;0;100;0;0;;;;;;;0;0;0;0;0;0;0;0;0;0;0;0;0;0;0;0;0;0;0;0;1;2;0;0;1;1;0;0;0;0;0;0;0;0;0;100;0;0
25.01.2025;22:35;A162;1;3;75;3;34;4;2;3;28;0;100;0;100;2;47;0;100;0;0;;;;;;;0;0;0;0;0;0;0;0;0;0;0;0;0;0;0;0;1;2;1;2;1;2;0;0;0;0;0;0;0;0;0;0;0;0;1;65;1;4
25.01.2025;22:34;A162;1;4;25;3;37;2;2;5;32;0;100;0;100;3;78;3;84;0;34;;;;;;;0;0;0;0;0;0;0;0;0;0;0;0;0;0;0;0;1;2;1;2;0;0;0;0;0;0;0;0;0;0;0;0;0;0;1;46;1;2
25.01.2025;22:33;A162;1;1;38;5;47;3;1;3;20;0;100;0;100;2;24;3;13;1;27;;;;;;;0;0;0;0;0;0;0;0;0;0;0;0;0;0;0;0;0;0;0;0;0;0;0;0;0;0;1;1;0;0;0;0;0;0;3;49;1;10
25.01.2025;22:32;A162;1;1;2;1;10;1;1;2;15;0;100;0;100;1;8;1;1;2;42;;;;;;;0;0;0;0;0;0;0;0;0;0;0;0;0;0;0;0;0;0;0;0;0;0;0;0;0;0;0;0;0;0;0;0;0;0;1;17;1;47
25.01.2025;22:31;A162;1;0;0;0;0;1;1;7;27;0;100;0;100;3;42;1;1;3;6;;;;;;;0;0;0;0;0;0;0;0;0;0;0;0;0;0;0;0;0;0;0;0;0;0;0;0;0;0;0;0;0;0;0;0;0;0;3;26;4;62
25.01.2025;22:30;A162;1;2;4;1;29;3;2;4;20;0;100;0;100;3;21;0;0;2;22;;;;;;;0;0;0;0;0;0;0;0;0;0;0;0;0;0;0;0;0;0;0;0;0;0;0;0;0;0;0;0;0;0;0;0;0;0;0;4;1;27
25.01.2025;22:29;A162;1;1;32;2;14;1;1;1;16;0;100;0;100;2;8;0;0;2;11;;;;;;;0;0;0;0;0;0;0;0;0;0;0;0;0;0;0;0;0;0;0;0;0;0;0;0;0;0;0;0;0;0;0;0;0;0;2;26;3;19
25.01.2025;22:28;A162;1;3;41;2;47;3;2;3;22;0;100;0;100;0;0;0;0;0;0;;;;;;;0;0;0;0;0;0;0;0;0;0;0;0;0;0;0;0;0;0;0;0;0;0;0;0;0;0;0;0;1;1;0;0;1;1;2;3;0;0
25.01.2025;22:27;A162;1;3;13;1;11;4;4;4;27;0;100;0;100;1;8;2;15;0;0;;;;;;;0;0;0;0;0;0;0;0;0;0;0;0;0;0;0;0;0;0;0;0;0;0;0;0;0;0;0;0;0;0;1;1;0;0;2;21;1;5
25.01.2025;22:26;A162;1;3;73;2;46;1;1;4;16;0;100;0;100;2;26;0;0;0;0;;;;;;;0;0;0;0;0;0;0;0;0;0;0;0;0;0;0;0;0;0;0;0;0;0;0;0;0;0;1;1;0;0;0;0;0;0;1;11;1;3
25.01.2025;22:25;A162;1;5;53;4;32;3;3;3;28;0;100;0;100;3;31;0;0;1;5;;;;;;;0;1;1;2;1;2;0;0;0;0;0;0;0;0;0;0;0;0;0;0;0;0;0;0;0;0;0;0;0;0;0;0;0;0;0;0;1;3
25.01.2025;22:24;A162;1;1;28;1;25;2;1;2;13;0;100;0;100;1;13;3;65;3;29;;;;;;;1;1;0;0;0;0;0;0;0;0;0;0;0;0;0;0;0;0;0;0;0;0;0;0;0;0;0;0;0;0;0;0;0;0;2;34;2;36
25.01.2025;22:23;A162;1;1;35;3;26;0;0;1;11;0;100;0;100;1;30;1;33;1;39;;;;;;;0;0;0;0;0;0;0;0;0;0;0;0;0;0;0;0;0;0;0;0;1;2;0;0;0;0;0;0;0;0;0;0;0;0;1;67;3;35
25.01.2025;22:22;A162;1;3;33;3;25;1;1;5;25;0;100;0;100;6;48;0;0;0;0;;;;;;;0;0;0;0;0;0;0;0;0;0;0;0;0;0;0;0;1;2;1;2;0;0;0;0;0;0;0;0;0;0;0;0;0;0;0;0;0;0
25.01.2025;22:21;A162;1;6;54;0;99;4;4;2;19;0;100;0;100;1;8;0;0;0;0;;;;;;;0;0;0;0;0;0;0;0;0;0;0;0;0;0;0;0;0;0;0;0;0;0;0;0;0;0;0;0;0;0;0;0;0;0;0;0;0;0
25.01.2025;22:20;A162;1;5;47;4;24;3;33;1;49;0;100;0;100;0;0;0;0;0;0;;;;;;;1;2;1;2;1;2;0;0;0;0;0;0;0;0;0;0;0;0;1;2;1;2;0;0;0;0;0;0;0;0;0;0;0;0;0;0;1;9
25.01.2025;22:19;A162;1;2;30;2;17;0;0;1;7;0;100;0;100;0;5;1;1;1;37;;;;;;;0;0;0;0;0;0;0;0;0;0;0;0;0;0;0;0;1;2;0;0;0;0;0;0;0;0;0;0;0;0;0;0;0;0;2;13;1;9
25.01.2025;22:18;A162;1;2;20;4;26;1;6;4;24;0;100;0;100;1;10;0;0;1;55;;;;;;;1;2;1;2;1;2;0;0;0;0;1;2;0;0;0;0;0;0;0;0;0;0;0;0;0;0;0;0;0;0;0;0;0;0;1;6;1;10
25.01.2025;22:17;A162;1;5;7;0;40;0;0;2;15;0;100;0;100;1;6;2;63;1;24;;;;;;;0;0;0;0;0;0;1;2;0;0;0;0;0;0;0;0;0;0;0;0;0;0;0;0;0;0;0;0;0;0;0;0;0;0;2;15;1;11
25.01.2025;22:16;A162;1;3;49;3;59;0;0;0;0;0;100;0;100;0;0;2;81;2;28;;;;;;;0;0;0;0;0;0;0;0;0;0;0;0;0;0;0;0;0;0;0;0;0;0;0;0;0;0;0;0;0;0;0;0;0;0;4;42;3;7
25.01.2025;22:15;A162;1;2;52;2;16;0;0;1;5;0;100;0;100;1;9;0;100;1;21;;;;;;;0;0;0;0;0;0;0;0;0;0;0;0;0;0;0;0;0;0;0;1;1;2;0;0;0;0;0;0;0;0;0;0;0;0;1;64;2;20
25.01.2025;22:14;A162;1;1;7;1;6;2;1;3;18;0;100;0;100;3;17;1;14;0;0;;;;;;;0;0;0;0;0;0;0;0;0;0;0;0;0;0;0;0;1;2;1;1;0;0;0;0;0;0;0;0;0;0;0;0;0;0;1;17;0;0
25.01.2025;22:13;A162;1;2;2;2;17;0;0;2;6;0;100;0;100;1;10;0;0;0;0;;;;;;;0;0;0;0;0;0;0;0;0;0;0;0;0;0;0;0;0;0;0;0;0;0;0;0;0;0;0;0;0;0;0;0;0;0;0;0;0;0
25.01.2025;22:12;A162;1;1;16;1;7;1;0;0;0;0;100;0;100;0;0;1;3;0;0;;;;;;;0;0;0;0;0;0;0;0;0;0;0;0;0;0;0;0;0;0;0;0;0;0;0;0;0;0;0;0;0;0;0;0;0;0;1;11;0;0
25.01.2025;22:11;A162;1;0;45;1;51;1;0;2;11;0;100;0;100;1;6;0;32;0;0;;;;;;;0;0;0;0;0;0;0;0;0;0;0;0;0;0;0;0;0;0;0;0;0;0;0;0;0;0;0;0;0;0;0;0;0;0;0;0;0;0
25.01.2025;22:10;A162;1;1;16;3;19;2;1;1;13;0;100;0;100;1;10;2;67;0;0;;;;;;;0;0;0;0;1;2;0;0;0;0;0;0;0;0;0;0;0;0;0;0;0;0;0;0;0;0;0;0;0;0;0;0;0;0;2;41;0;0
25.01.2025;22:09;A162;1;2;14;3;15;1;0;1;5;0;100;0;100;0;0;1;29;1;4;;;;;;;1;2;1;2;0;0;0;0;0;0;0;0;0;0;0;0;0;0;0;0;0;0;0;0;0;0;0;0;0;0;0;0;0;0;2;27;1;10
25.01.2025;22:08;A162;1;2;27;4;23;2;1;3;10;0;100;0;100;2;18;1;39;3;41;;;;;;;1;2;1;2;1;2;0;0;0;0;0;0;0;0;0;0;0;0;0;0;0;0;0;0;0;0;0;0;0;0;0;0;0;0;1;54;2;50
25.01.2025;22:07;A162;1;5;19;2;30;3;2;5;20;0;100;0;100;3;30;0;0;1;82;;;;;;;0;0;0;0;0;0;0;0;0;0;0;0;0;0;0;0;0;0;0;0;0;0;0;0;0;0;0;0;0;0;0;0;0;0;2;42;2;81
25.01.2025;22:06;A162;1;1;41;1;21;4;3;2;15;0;100;0;100;2;9;0;25;0;0;;;;;;;0;0;0;0;0;0;0;0;0;0;0;0;0;0;0;0;0;0;0;0;0;0;0;0;0;0;0;0;0;0;0;0;0;0;1;0;0;0
25.01.2025;22:05;A162;1;1;32;1;16;3;24;2;32;0;100;0;100;0;0;1;32;0;0;;;;;;;0;0;0;0;0;0;0;0;0;0;0;0;0;0;0;0;1;2;1;2;1;2;0;0;0;0;0;0;0;0;0;0;0;0;1;8;0;0
25.01.2025;22:04;A162;1;3;73;2;39;4;3;2;18;0;100;0;100;1;10;1;31;0;0;;;;;;;0;0;0;0;0;0;0;0;0;0;0;0;0;0;0;0;0;0;0;0;0;0;0;0;0;0;0;0;0;0;0;0;0;0;2;13;0;0
25.01.2025;22:03;A162;1;3;13;8;37;0;0;1;4;0;100;0;100;0;6;1;42;1;2;;;;;;;0;0;0;0;1;2;0;0;0;0;0;0;0;0;0;0;0;0;0;0;0;0;0;0;0;0;0;0;0;0;0;0;0;0;1;8;0;0
25.01.2025;22:02;A162;1;6;45;5;70;5;4;4;32;0;100;0;100;5;31;1;28;0;0;;;;;;;1;2;1;2;0;0;0;0;0;0;0;0;0;0;0;0;0;0;0;0;0;0;0;0;0;0;0;0;0;0;0;0;0;0;1;12;0;0
25.01.2025;22:01;A162;1;2;11;3;53;3;2;4;21;0;100;0;100;1;11;3;43;2;35;;;;;;;0;0;1;2;1;2;0;0;0;0;0;0;0;0;0;0;0;0;0;0;0;0;0;0;0;0;0;0;0;0;0;0;0;0;1;62;2;25
25.01.2025;22:00;A162;1;3;58;4;61;2;1;2;9;0;100;0;100;3;14;2;38;1;38;;;;;;;1;2;0;0;0;0;0;0;0;0;0;0;0;0;0;0;0;0;0;0;0;0;0;0;0;0;0;0;0;0;0;0;0;0;3;33;1;3
25.01.2025;21:59;A162;1;2;4;2;13;1;1;1;8;0;100;0;100;1;18;1;36;1;12;;;;;;;0;0;0;0;0;0;0;0;0;0;0;0;0;0;0;0;0;0;0;0;0;0;0;0;0;0;0;0;0;0;0;0;0;0;3;16;2;9
25.01.2025;21:58;A162;1;4;36;2;63;1;0;3;20;0;100;0;100;2;27;1;2;0;0;;;;;;;0;0;0;0;0;0;0;0;0;0;0;0;0;0;0;0;0;0;0;0;0;0;0;0;0;0;0;0;0;0;0;0;0;0;0;4;0;0
25.01.2025;21:57;A162;1;2;5;2;18;1;1;1;5;0;100;0;100;0;0;1;77;0;0;;;;;;;0;0;0;0;0;0;0;0;0;0;0;0;0;0;0;0;0;0;0;0;0;0;0;0;0;0;0;0;0;0;0;0;0;0;2;65;0;0
25.01.2025;21:56;A162;1;2;10;2;16;3;2;2;21;0;100;0;100;5;26;0;0;0;0;;;;;;;0;0;1;2;1;2;0;0;0;0;0;0;0;0;0;0;0;0;0;0;0;0;0;0;0;0;0;0;0;0;0;0;0;0;0;0;0;0
25.01.2025;21:55;A162;1;1;0;1;5;2;2;3;19;0;100;0;100;0;9;0;0;0;0;;;;;;;1;2;0;0;0;0;0;0;0;0;0;0;0;0;0;0;0;0;0;0;0;0;0;0;0;0;0;0;0;0;0;0;0;0;0;0;0;0
25.01.2025;21:54;A162;1;3;3;1;15;0;0;0;0;0;100;0;100;1;4;0;0;2;15;;;;;;;0;0;0;0;0;0;0;0;0;0;0;0;0;0;0;0;0;0;0;0;0;0;0;0;0;0;0;0;0;0;0;0;0;0;1;13;1;8
25.01.2025;21:53;A162;1;1;1;0;0;2;2;1;26;0;100;0;100;3;17;2;4;1;47;;;;;;;0;0;0;0;0;0;0;0;0;0;0;0;0;0;0;0;0;0;1;2;1;2;0;0;0;0;0;0;0;0;0;0;0;0;2;23;1;6
25.01.2025;21:52;A162;1;3;2;2;15;0;0;0;0;0;100;0;100;2;29;0;0;1;32;;;;;;;0;0;0;0;0;0;0;0;0;0;0;0;0;0;0;0;0;0;0;0;0;0;0;0;0;0;0;0;0;0;0;0;0;0;1;12;1;10
25.01.2025;21:51;A162;1;2;17;2;22;1;1;3;11;0;100;0;100;1;21;1;1;2;26;;;;;;;0;0;0;0;0;0;0;0;0;0;0;0;0;0;0;0;1;2;0;0;1;2;0;0;0;0;0;0;0;0;0;0;0;0;2;23;2;19
25.01.2025;21:50;A162;1;0;0;0;0;0;0;1;5;0;100;0;100;1;19;0;0;1;84;;;;;;;0;0;0;0;0;0;0;0;0;0;0;0;0;0;0;0;1;2;1;2;0;0;0;0;0;0;0;0;0;0;0;0;0;0;1;4;5;20
25.01.2025;21:49;A162;1;1;21;5;41;2;1;3;12;0;100;0;100;2;18;1;5;0;0;;;;;;;1;2;1;2;1;2;0;0;0;0;0;0;0;0;0;0;0;0;0;0;0;0;0;0;0;0;0;0;0;0;0;0;0;0;1;11;0;0
25.01.2025;21:48;A162;1;4;42;2;18;4;6;3;35;0;100;0;100;2;63;1;66;0;0;;;;;;;0;0;0;0;0;0;0;0;0;0;0;0;0;0;0;0;0;0;0;0;0;0;0;0;0;0;0;0;0;0;0;0;0;0;1;48;0;0
25.01.2025;21:47;A162;1;0;0;3;36;2;11;2;12;0;100;0;100;3;43;1;1;1;46;;;;;;;0;0;0;0;0;0;0;0;0;0;0;0;0;0;0;0;0;0;0;0;0;0;0;0;0;0;0;0;0;0;0;0;0;0;1;5;0;2
25.01.2025;21:46;A162;1;1;65;1;8;1;0;1;7;0;100;0;100;1;10;0;0;1;41;;;;;;;0;0;0;0;0;0;0;0;0;0;0;0;0;0;0;0;0;0;0;0;0;0;0;0;0;0;0;0;0;0;0;0;0;0;1;18;1;1
25.01.2025;21:45;A162;1;1;29;1;6;0;0;0;0;0;100;0;100;0;0;0;0;1;69;;;;;;;0;0;0;0;0;0;0;0;0;0;0;0;0;0;0;0;0;0;1;2;2;3;0;0;0;0;0;0;0;0;0;0;0;0;1;16;3;16
25.01.2025;21:44;A162;1;0;0;0;74;0;0;0;0;0;100;0;100;0;0;1;1;1;25;;;;;;;0;0;0;0;0;0;0;0;0;0;0;0;0;0;0;0;2;3;1;2;0;0;0;0;0;0;0;0;0;0;0;0;0;0;1;42;2;11
25.01.2025;21:43;A162;1;0;0;0;100;1;1;1;7;0;100;0;100;1;8;0;0;0;0;;;;;;;0;0;0;0;0;0;0;0;0;0;0;0;0;0;0;0;0;0;0;0;0;0;0;0;0;0;0;0;0;0;0;0;0;0;1;21;0;0
25.01.2025;21:42;A162;1;1;1;2;24;0;0;2;18;0;100;0;100;10;81;1;59;0;0;;;;;;;0;0;0;0;0;0;0;0;0;0;0;0;0;0;0;0;0;0;0;0;0;0;0;0;1;1;0;0;0;0;0;0;0;0;1;11;1;10
25.01.2025;21:41;A162;1;3;14;4;68;4;3;3;23;0;100;0;100;0;1;0;0;0;0;;;;;;;0;0;1;2;1;2;0;0;0;0;0;0;0;0;0;0;0;0;0;0;0;0;0;0;0;0;0;0;0;0;0;0;0;0;0;0;0;0
25.01.2025;21:40;A162;1;0;12;1;92;4;26;3;42;0;100;0;100;4;40;0;0;2;65;;;;;;;1;2;0;0;0;0;0;0;0;0;0;0;0;0;0;0;0;0;0;0;0;0;0;0;0;0;0;0;0;0;0;0;0;0;1;15;0;68
25.01.2025;21:39;A162;1;5;66;2;20;4;5;2;19;0;100;0;100;2;15;4;12;5;54;;;;;;;0;0;1;2;1;2;0;0;0;0;0;0;0;0;0;0;0;0;0;0;0;0;0;0;0;0;0;0;0;0;0;0;0;0;3;82;3;69
25.01.2025;21:38;A162;1;1;73;3;65;1;20;2;11;0;100;0;100;1;60;0;42;1;34;;;;;;;1;2;0;2;1;2;0;0;0;0;0;0;0;0;0;0;0;0;0;0;1;2;0;0;0;0;0;0;0;0;0;0;0;0;2;39;1;40
25.01.2025;21:37;A162;1;2;49;3;15;0;0;2;22;0;100;0;100;3;70;2;56;1;11;;;;;;;1;2;1;0;0;0;0;0;0;0;0;0;0;0;0;0;1;2;1;2;1;2;0;0;0;0;0;0;0;0;0;0;0;0;4;38;1;19
25.01.2025;21:36;A162;1;3;34;2;16;1;1;1;8;0;100;0;100;1;27;0;0;0;0;;;;;;;0;0;0;0;0;0;0;0;0;0;0;0;0;0;0;0;1;2;1;2;0;0;0;0;0;0;0;0;0;0;0;0;0;0;0;0;0;0
25.01.2025;21:35;A162;1;3;13;2;23;3;3;5;28;0;100;0;100;4;47;1;40;0;0;;;;;;;0;0;0;0;0;0;0;0;0;0;0;0;0;0;0;0;0;0;0;0;0;0;0;0;0;0;0;0;0;0;0;0;0;0;1;18;0;0
25.01.2025;21:34;A162;1;0;31;0;0;2;33;1;20;0;100;0;100;2;48;2;42;2;60;;;;;;;0;0;0;0;0;0;0;0;0;0;0;0;0;0;0;0;0;0;0;0;0;0;0;0;0;0;0;0;0;0;0;0;0;0;4;54;3;35
25.01.2025;21:33;A162;1;4;57;1;27;2;1;3;16;0;100;0;100;2;21;3;63;3;49;;;;;;;0;0;0;0;0;0;0;0;0;0;0;0;0;0;0;0;0;0;0;0;0;0;0;0;0;0;0;0;0;0;0;0;0;0;0;68;0;64
25.01.2025;21:32;A162;1;1;64;3;49;3;14;3;35;0;100;0;100;2;22;3;8;3;49;;;;;;;0;0;0;0;0;0;0;0;0;0;0;0;0;0;0;0;0;0;0;0;0;0;0;0;0;0;0;0;0;0;0;0;0;0;3;63;1;57
25.01.2025;21:31;A162;1;2;38;2;99;0;0;0;0;0;100;0;100;0;0;1;3;2;21;;;;;;;0;0;0;0;0;0;0;0;0;0;0;0;0;0;0;0;0;0;0;0;0;0;0;0;0;0;0;0;0;0;0;0;0;0;4;46;2;28
25.01.2025;21:30;A162;1;5;7;0;100;1;1;1;13;0;100;0;100;3;43;1;3;2;15;;;;;;;0;0;0;0;0;0;0;0;0;0;0;0;0;0;0;0;0;0;0;0;0;0;0;0;0;0;0;0;0;0;0;0;0;0;2;17;2;17
25.01.2025;21:29;A162;1;0;0;0;100;2;1;1;16;0;100;0;100;0;0;0;0;1;87;;;;;;;0;0;0;0;0;0;0;0;0;0;0;0;0;0;0;0;0;0;0;0;0;0;0;0;1;1;0;0;0;0;0;0;0;0;1;24;1;92
25.01.2025;21:28;A162;1;2;31;1;77;1;1;0;6;0;100;0;100;2;22;0;57;2;28;;;;;;;0;0;1;2;1;2;0;0;0;0;0;0;0;0;0;0;0;0;0;0;0;0;0;0;0;0;0;0;0;0;0;0;0;0;1;14;1;28
25.01.2025;21:27;A162;1;4;26;0;76;5;4;2;32;0;100;0;100;0;100;2;53;1;29;;;;;;;1;2;0;0;0;0;0;0;0;0;0;0;0;0;0;0;0;0;0;0;0;0;0;0;0;0;0;0;0;0;0;0;0;0;2;30;1;7
25.01.2025;21:26;A162;1;0;0;0;100;0;0;1;5;0;100;0;100;2;12;0;0;1;39;;;;;;;0;0;0;0;0;0;0;0;0;0;0;0;0;0;0;0;0;0;0;0;0;0;0;0;0;0;0;0;0;0;0;0;0;0;1;2;2;17
25.01.2025;21:25;A162;1;6;57;1;92;2;19;2;22;0;100;0;100;2;73;0;0;0;0;;;;;;;0;0;1;2;1;2;0;0;0;0;0;0;0;0;0;0;0;0;0;0;0;0;0;0;0;0;0;0;0;0;0;0;0;0;0;0;0;0
25.01.2025;21:24;A162;1;1;7;3;20;3;2;2;30;0;100;0;100;1;43;0;28;0;0;;;;;;;0;0;1;2;1;2;0;0;0;0;0;0;0;0;0;0;0;0;0;0;0;0;0;0;0;0;0;0;1;1;0;0;0;0;1;5;0;0
25.01.2025;21:23;A162;1;4;3;1;97;1;2;1;35;0;100;0;100;1;14;2;46;1;4;;;;;;;2;3;0;0;0;0;0;0;0;0;0;0;0;0;0;0;0;0;0;0;0;0;0;0;0;0;0;0;0;0;0;0;0;0;2;19;1;15
25.01.2025;21:22;A162;1;3;55;3;63;1;28;1;16;0;100;0;100;1;40;1;78;0;9;;;;;;;0;0;0;0;0;0;0;0;0;0;0;0;0;0;0;0;1;2;1;2;1;2;0;0;0;0;0;0;0;0;0;0;0;0;2;29;0;0
25.01.2025;21:21;A162;1;1;45;2;33;1;27;3;25;0;100;0;100;4;47;0;0;1;55;;;;;;;0;0;1;2;1;2;0;0;0;0;0;0;0;0;0;0;0;0;0;0;1;2;0;0;0;0;0;0;0;0;0;0;0;0;1;13;1;71
25.01.2025;21:20;A162;1;1;44;2;9;2;2;1;8;0;100;0;100;0;13;2;38;0;0;;;;;;;1;2;0;0;0;0;0;0;0;0;0;0;0;0;0;0;1;2;1;2;0;0;0;0;0;0;0;0;0;0;0;0;0;0;3;21;0;0
25.01.2025;21:19;A162;1;2;47;3;17;0;0;2;21;0;100;0;100;1;42;0;0;2;62;;;;;;;0;0;1;2;1;2;0;0;0;0;0;0;0;0;0;0;0;0;0;0;0;0;0;0;0;0;0;0;0;0;0;0;0;0;2;14;2;11
25.01.2025;21:18;A162;1;4;44;4;21;3;4;1;21;0;100;0;100;1;18;0;3;2;8;;;;;;;0;0;0;0;0;0;0;0;0;0;0;0;0;0;0;0;0;0;0;0;0;0;0;0;0;0;0;0;0;0;0;0;0;0;1;7;1;6
25.01.2025;21:17;A162;1;4;3;3;22;1;2;1;8;0;100;0;100;1;11;1;18;0;19;;;;;;;0;0;0;0;0;0;1;2;0;0;0;0;0;0;0;0;0;0;0;0;0;0;0;0;0;0;0;0;0;0;0;0;0;0;3;14;0;0
25.01.2025;21:16;A162;1;2;30;2;10;3;3;2;20;0;100;0;100;3;21;0;0;1;72;;;;;;;0;0;0;0;0;0;0;0;0;0;0;0;0;0;0;0;0;0;0;0;0;0;0;0;0;0;0;0;0;0;0;0;0;0;1;10;1;9
25.01.2025;21:15;A162;1;2;59;0;63;0;0;1;11;0;100;0;100;1;9;1;16;1;55;;;;;;;0;0;0;0;0;0;0;0;0;0;0;0;0;0;0;0;0;0;0;0;0;0;0;0;0;0;0;0;0;0;0;0;0;0;3;32;1;5
25.01.2025;21:14;A162;1;4;28;3;30;2;2;2;15;0;100;0;100;3;8;1;53;0;0;;;;;;;0;0;0;0;0;0;0;0;0;0;0;0;0;0;0;0;1;2;1;2;1;2;0;0;0;0;0;0;0;0;0;0;0;0;1;68;1;1
25.01.2025;21:13;A162;1;4;10;1;73;2;3;3;20;0;100;0;100;0;0;0;77;2;51;;;;;;;0;0;0;0;0;0;0;0;0;0;0;0;0;0;0;0;0;0;0;0;0;0;0;0;0;0;0;0;0;0;0;0;0;0;2;17;3;47
25.01.2025;21:12;A162;1;2;27;1;87;4;3;3;20;0;100;0;100;3;43;1;16;0;0;;;;;;;0;0;0;0;0;0;0;0;0;0;0;0;0;0;0;0;0;0;0;0;0;0;0;0;0;0;1;1;0;0;0;0;0;0;1;9;0;0
25.01.2025;21:11;A162;1;2;2;0;100;2;7;1;17;0;100;0;100;2;18;2;48;0;44;;;;;;;0;0;0;0;0;0;0;0;0;0;0;0;0;0;0;0;0;0;0;0;1;2;0;0;0;0;0;0;0;0;0;0;0;0;0;51;0;0
25.01.2025;21:10;A162;1;3;38;1;98;3;3;3;19;0;100;0;100;2;9;1;48;2;6;;;;;;;0;0;0;0;1;2;0;0;0;0;0;0;0;0;0;0;1;2;1;2;0;0;0;0;0;0;0;0;0;0;0;0;0;0;4;26;2;17
25.01.2025;21:09;A162;1;4;21;42;81;2;2;3;15;0;100;0;100;3;24;1;20;0;0;;;;;;;1;2;2;3;1;2;0;0;0;0;0;0;0;0;0;0;0;0;0;0;0;0;0;0;0;0;0;0;0;0;0;0;0;0;1;18;0;0
25.01.2025;21:08;A162;1;5;34;10;79;3;38;0;47;0;100;0;100;3;26;1;8;1;9;;;;;;;1;2;0;0;0;0;0;0;0;0;0;0;0;0;0;0;0;0;0;0;1;2;0;0;0;0;0;0;0;0;0;0;0;0;1;16;3;24
25.01.2025;21:07;A162;1;4;27;1;19;2;17;2;37;0;100;0;100;2;14;0;0;0;0;;;;;;;1;2;1;2;1;2;0;0;0;0;0;0;0;0;0;0;0;0;1;2;0;0;0;0;0;0;0;0;0;0;0;0;0;0;0;0;1;3
25.01.2025;21:06;A162;1;2;29;2;13;3;18;6;30;0;100;0;100;5;29;3;67;0;0;;;;;;;0;0;0;0;0;0;0;0;0;0;0;0;0;0;0;0;1;2;0;0;0;0;0;0;0;0;0;0;0;0;0;0;0;0;1;66;0;0
25.01.2025;21:05;A162;1;3;2;2;14;1;26;2;24;0;100;0;100;2;11;3;83;1;2;;;;;;;0;0;0;0;0;0;0;0;0;0;0;0;0;0;0;0;0;0;1;2;1;2;0;0;0;0;0;0;0;0;0;0;0;0;0;100;1;9
25.01.2025;21:04;A162;1;0;0;1;5;0;0;0;0;0;100;0;100;0;0;1;54;0;35;;;;;;;0;0;0;0;0;0;0;0;0;0;0;0;0;0;0;0;1;2;0;0;0;0;0;0;0;0;0;0;0;0;0;0;0;0;1;64;0;32
25.01.2025;21:03;A162;1;2;15;2;23;0;0;0;0;0;100;0;100;0;0;0;15;2;29;;;;;;;0;0;0;0;0;0;0;0;0;0;0;0;0;0;0;0;0;0;0;0;0;0;0;0;0;0;0;0;0;0;0;0;0;0;2;11;3;43
25.01.2025;21:02;A162;1;6;37;6;45;4;5;4;35;0;100;0;100;1;38;1;64;0;1;;;;;;;0;0;0;0;0;0;0;0;0;0;0;0;0;0;0;0;0;0;0;0;0;0;0;0;0;0;0;0;0;0;0;0;0;0;1;13;0;0
25.01.2025;21:01;A162;1;1;1;1;10;4;5;1;25;0;100;0;100;2;19;0;0;2;44;;;;;;;0;0;0;0;0;0;0;0;0;0;0;0;0;0;0;0;0;0;0;0;0;0;0;0;0;0;0;0;0;0;0;0;0;0;1;24;2;47
25.01.2025;21:00;A162;1;2;4;2;16;1;1;2;15;0;100;0;100;1;38;2;89;1;1;;;;;;;0;0;0;0;0;0;0;0;0;0;0;0;0;0;0;0;0;0;0;0;0;0;0;0;0;0;0;0;0;0;0;0;0;0;3;30;2;9
25.01.2025;20:59;A162;1;1;2;2;22;2;1;4;26;0;100;0;100;4;37;2;1;2;24;;;;;;;0;0;0;0;0;0;0;0;0;0;0;0;0;0;0;0;0;0;0;0;0;0;0;0;0;0;0;0;0;0;0;0;0;0;4;48;4;39
25.01.2025;20:58;A162;1;6;5;1;40;3;5;4;39;0;100;0;100;3;46;1;19;0;0;;;;;;;0;0;1;2;1;2;0;0;0;0;0;0;0;0;0;0;0;0;0;0;0;0;0;0;0;0;0;0;0;0;0;0;0;0;1;12;1;7
25.01.2025;20:57;A162;1;3;26;4;25;6;21;4;30;0;100;0;100;3;21;0;0;0;48;;;;;;;1;2;0;0;0;0;0;0;0;0;0;0;0;0;0;0;0;0;1;2;1;2;0;0;0;0;0;0;0;0;0;0;0;0;0;0;0;0
25.01.2025;20:56;A162;1;2;1;1;14;0;0;1;6;0;100;0;100;1;15;0;0;1;23;;;;;;;0;0;0;0;0;0;0;0;0;0;0;0;0;0;0;0;1;2;0;0;0;0;0;0;0;0;0;0;0;0;0;0;0;0;1;11;1;8
25.01.2025;20:55;A162;1;1;1;2;10;3;13;3;20;0;100;0;100;2;15;0;0;1;8;;;;;;;0;0;0;0;0;0;0;0;0;0;0;0;0;0;0;0;0;0;0;0;0;0;0;0;0;0;0;0;0;0;0;0;0;0;1;11;1;4
25.01.2025;20:54;A162;1;2;10;2;17;3;2;2;29;0;100;0;100;1;58;1;23;0;0;;;;;;;1;2;1;2;1;2;0;0;0;0;0;0;0;0;0;0;0;0;0;0;0;0;0;0;0;0;0;0;0;0;0;0;0;0;1;9;0;0
25.01.2025;20:53;A162;1;6;8;0;49;0;0;1;3;0;100;0;100;1;7;0;0;1;39;;;;;;;0;0;0;0;0;0;0;0;0;0;0;0;0;0;0;0;0;0;0;0;0;0;0;0;0;0;0;0;0;0;0;0;0;0;1;5;1;8
25.01.2025;20:52;A162;1;4;86;1;100;1;1;4;25;0;100;0;100;3;72;0;0;0;0;;;;;;;0;0;1;2;1;2;0;0;0;0;0;0;0;0;0;0;0;0;0;0;0;0;0;0;0;0;0;0;0;0;0;0;0;0;0;0;0;0
25.01.2025;20:51;A162;1;1;47;4;23;1;1;1;7;0;100;0;100;4;35;1;1;4;84;;;;;;;1;2;0;0;0;0;0;0;0;0;0;0;0;0;0;0;0;0;1;2;1;2;0;0;0;0;0;0;0;0;0;0;0;0;2;38;1;82
25.01.2025;20:50;A162;1;1;8;1;9;4;4;3;26;0;100;0;100;2;48;0;32;1;41;;;;;;;0;0;0;0;0;0;0;0;0;0;0;0;0;0;0;0;1;1;0;0;0;0;0;0;0;0;1;4;0;0;0;0;0;0;1;5;4;18
25.01.2025;20:49;A162;1;2;3;3;18;1;0;4;16;0;100;0;100;1;19;1;49;1;18;;;;;;;0;0;0;0;0;0;0;0;0;0;0;0;0;0;0;0;0;0;0;0;0;0;0;0;0;0;0;0;0;0;0;0;0;0;2;24;1;6
25.01.2025;20:48;A162;1;4;87;0;96;2;1;2;10;0;100;0;100;2;19;1;3;0;0;;;;;;;0;0;0;0;0;0;0;0;0;0;0;0;0;0;0;0;0;0;0;0;0;0;0;0;0;0;0;0;0;0;0;0;0;0;0;3;0;0
25.01.2025;20:47;A162;1;3;86;3;37;7;22;0;48;0;100;0;100;0;41;0;0;0;14;;;;;;;0;0;0;0;0;0;0;0;0;0;0;0;1;2;1;2;0;0;0;0;0;0;0;0;0;0;0;0;0;0;0;0;0;0;1;11;0;0
25.01.2025;20:46;A162;1;6;20;4;36;1;1;4;45;0;100;0;100;2;41;0;0;1;69;;;;;;;0;0;0;0;0;0;0;0;1;2;0;0;0;0;0;0;0;0;0;0;0;0;0;0;0;0;0;0;0;0;0;0;0;0;1;3;1;10
25.01.2025;20:45;A162;1;3;85;1;89;1;1;2;11;0;100;0;100;2;30;0;0;0;0;;;;;;;0;0;1;2;1;2;0;0;0;0;0;0;0;0;0;0;0;0;0;0;0;0;0;0;0;0;0;0;0;0;0;0;0;0;0;0;0;0
25.01.2025;20:44;A162;1;2;49;3;56;1;1;2;17;0;100;0;100;2;36;1;17;1;1;;;;;;;1;2;0;0;0;0;0;0;0;0;0;0;0;0;0;0;0;0;1;2;2;3;0;0;0;0;0;0;0;0;0;0;0;0;1;35;1;53
25.01.2025;20:43;A162;1;2;22;2;20;3;36;1;48;0;100;0;100;1;12;3;12;2;2;;;;;;;0;0;0;0;0;0;0;0;0;0;0;0;0;0;0;0;1;2;2;3;1;2;0;0;0;0;0;0;0;0;0;0;0;0;1;38;3;24
25.01.2025;20:42;A162;1;1;52;1;7;4;3;5;28;0;100;0;100;2;46;0;0;0;22;;;;;;;0;0;0;0;0;0;0;0;0;0;0;0;0;0;0;0;1;2;0;0;0;0;0;0;0;0;0;0;0;0;0;0;0;0;0;0;0;0
25.01.2025;20:41;A162;1;3;55;2;16;2;22;3;22;0;100;0;100;2;11;0;9;3;27;;;;;;;0;0;0;0;1;2;0;0;0;0;0;0;0;0;0;0;0;0;0;0;0;0;0;0;0;0;0;0;0;0;0;0;0;0;1;12;2;35
25.01.2025;20:40;A162;1;1;73;4;28;1;1;2;15;0;100;0;100;3;23;3;49;2;46;;;;;;;0;0;1;2;0;0;0;0;0;0;0;0;0;0;0;0;0;0;0;0;0;0;0;0;0;0;0;0;0;0;0;0;0;0;1;71;2;54
25.01.2025;20:39;A162;1;3;10;2;28;1;1;1;3;0;100;0;100;0;0;2;84;1;2;;;;;;;1;2;1;2;1;2;0;0;0;0;0;0;0;0;0;0;0;0;0;0;0;0;0;0;0;0;0;0;0;0;0;0;0;0;2;87;1;6
25.01.2025;20:38;A162;1;3;3;0;45;4;5;1;21;0;100;0;100;3;16;0;0;1;34;;;;;;;1;2;0;0;0;0;0;0;0;0;0;0;0;0;0;0;0;0;0;0;0;0;0;0;0;0;0;0;0;0;0;0;0;0;2;21;1;9
25.01.2025;20:37;A162;1;3;79;4;37;3;19;3;42;0;100;0;100;3;48;1;26;3;76;;;;;;;0;0;0;0;0;0;0;0;0;0;0;0;0;0;0;0;0;0;0;0;1;2;0;0;0;0;0;0;0;0;0;0;0;0;1;52;0;84
25.01.2025;20:36;A162;1;5;29;1;30;2;19;3;25;0;100;0;100;2;33;1;44;3;49;;;;;;;0;0;0;0;0;0;0;0;0;0;0;0;0;0;0;0;0;0;1;2;0;0;0;0;0;0;0;0;0;0;0;0;0;0;3;30;0;100
25.01.2025;20:35;A162;1;1;76;2;80;1;3;2;16;0;100;0;100;4;23;4;50;1;39;;;;;;;0;0;0;0;0;0;0;0;0;0;0;0;0;0;0;0;1;2;0;0;1;2;0;0;0;0;0;0;0;0;0;0;0;0;2;52;2;44
25.01.2025;20:34;A162;1;4;78;0;84;1;38;3;6;0;100;0;100;2;13;3;31;3;10;;;;;;;0;0;0;0;0;0;0;0;0;0;0;0;0;0;0;0;1;2;1;2;0;0;0;0;0;0;0;0;0;0;0;0;0;0;2;33;3;10
25.01.2025;20:33;A162;1;5;10;6;41;1;0;2;22;0;100;0;100;3;31;1;71;1;66;;;;;;;0;0;0;0;0;0;0;0;0;0;0;0;0;0;0;0;0;0;0;0;0;0;0;0;0;0;0;0;0;0;0;0;0;0;2;14;1;6
25.01.2025;20:32;A162;1;2;14;5;35;1;1;3;18;0;100;0;100;2;22;2;40;1;4;;;;;;;0;0;0;0;0;0;0;0;0;0;0;0;0;0;0;0;0;0;0;0;0;0;0;0;0;0;0;0;0;0;0;0;0;0;2;39;1;6
25.01.2025;20:31;A162;1;3;21;1;11;1;1;2;28;0;100;0;100;1;33;0;0;2;9;;;;;;;0;0;1;2;1;2;0;0;0;0;0;0;0;0;0;0;0;0;0;0;0;0;0;0;0;0;0;0;0;0;0;0;0;0;1;4;1;9
25.01.2025;20:30;A162;1;6;46;4;50;3;2;3;24;0;100;0;100;3;67;0;48;0;0;;;;;;;1;2;0;0;0;0;0;0;0;0;0;0;0;0;0;0;0;0;0;0;0;0;0;0;0;0;0;0;0;0;0;0;0;0;0;0;0;0
25.01.2025;20:29;A162;1;5;42;2;51;0;0;0;0;0;100;0;100;1;2;1;19;0;0;;;;;;;0;0;1;2;1;2;0;0;0;0;0;0;0;0;0;0;0;0;0;0;0;0;0;0;0;0;0;0;0;0;0;0;0;0;1;16;0;0
25.01.2025;20:28;A162;1;3;75;3;86;3;3;2;19;0;100;0;100;5;23;1;32;0;30;;;;;;;1;2;0;0;0;0;0;0;0;0;0;0;0;0;0;0;0;0;0;0;1;2;0;0;0;0;0;0;0;0;0;0;0;0;1;9;1;16
25.01.2025;20:27;A162;1;2;52;16;46;1;1;1;4;0;100;0;100;1;1;1;69;3;83;;;;;;;0;0;0;0;0;0;0;0;0;0;0;0;0;0;0;0;1;2;1;2;0;0;0;0;0;0;0;0;0;0;0;0;0;0;1;19;2;17
25.01.2025;20:26;A162;1;0;0;3;27;1;8;1;22;0;100;0;100;2;35;0;0;3;44;;;;;;;0;0;0;0;0;0;0;0;0;0;0;0;0;0;0;0;0;0;0;0;0;0;0;0;0;0;0;0;0;0;0;0;0;0;2;37;3;57
25.01.2025;20:25;A162;1;9;12;2;74;1;1;1;7;0;100;0;100;1;9;2;95;0;0;;;;;;;1;2;1;2;1;2;0;0;0;0;0;0;0;0;0;0;0;0;0;0;0;0;0;0;0;0;0;0;0;0;0;0;0;0;1;83;1;1
25.01.2025;20:24;A162;1;6;12;1;86;2;1;4;20;0;100;0;100;3;85;1;18;0;0;;;;;;;0;0;1;2;1;2;0;0;0;0;0;0;0;0;0;0;0;0;0;0;0;0;0;0;0;0;0;0;0;0;0;0;0;0;1;9;1;2
25.01.2025;20:23;A162;1;4;3;0;100;2;4;2;15;0;100;0;100;2;11;0;0;0;56;;;;;;;1;2;0;0;0;0;0;0;0;0;0;0;0;0;0;0;0;0;0;0;0;0;0;0;0;0;0;0;0;0;0;0;0;0;0;0;0;0
25.01.2025;20:22;A162;1;3;4;1;100;3;3;1;28;0;100;0;100;2;27;0;45;1;34;;;;;;;0;0;2;3;2;3;0;0;0;0;0;0;0;0;0;0;0;0;0;0;0;0;0;0;0;0;0;0;0;0;0;0;0;0;1;11;1;4
25.01.2025;20:21;A162;1;1;83;2;18;4;13;4;24;0;100;0;100;1;38;1;70;0;0;;;;;;;0;0;0;0;0;0;0;0;0;0;0;0;0;0;0;0;0;0;1;2;1;2;0;0;0;0;0;0;0;0;0;0;0;0;2;11;0;0
25.01.2025;20:20;A162;1;5;23;2;30;5;3;6;39;0;100;0;100;6;35;2;39;0;0;;;;;;;1;2;0;0;0;0;0;0;0;0;0;0;0;0;0;0;1;2;0;0;0;0;0;0;0;0;0;0;0;0;0;0;0;0;1;8;0;0
25.01.2025;20:19;A162;1;2;2;2;13;2;1;1;8;0;100;0;100;2;14;1;92;0;0;;;;;;;0;0;0;0;0;0;0;0;0;0;0;0;0;0;0;0;0;0;0;0;0;0;0;0;0;0;0;0;0;0;0;0;0;0;0;100;0;2
25.01.2025;20:18;A162;1;5;10;2;20;4;6;1;19;0;100;0;100;3;8;0;0;0;0;;;;;;;0;0;0;0;0;0;1;2;0;0;1;2;0;0;0;0;0;0;0;0;0;0;0;0;0;0;0;0;0;0;0;0;0;0;1;4;1;6
25.01.2025;20:17;A162;1;0;0;2;18;2;32;3;16;0;100;0;100;0;0;2;47;1;2;;;;;;;0;0;0;0;0;0;0;0;0;0;0;0;0;0;0;0;0;0;0;0;0;0;0;0;0;0;0;0;0;0;0;0;0;0;2;26;1;3
25.01.2025;20:16;A162;1;3;3;1;17;2;1;4;17;0;100;0;100;1;12;0;0;1;42;;;;;;;0;0;0;0;0;0;0;0;0;0;0;0;0;0;0;0;0;0;0;0;0;0;0;0;1;1;0;0;0;0;0;0;0;0;0;1;0;5
25.01.2025;20:15;A162;1;1;0;4;31;2;22;2;18;0;100;0;100;0;0;0;0;2;23;;;;;;;0;0;0;0;1;2;0;0;0;0;0;0;0;0;0;0;0;0;0;0;1;2;0;0;0;0;0;0;0;0;0;0;0;0;3;14;3;18
25.01.2025;20:14;A162;1;4;44;4;28;3;3;2;15;0;100;0;100;2;14;1;16;0;0;;;;;;;1;2;1;2;0;0;0;0;0;0;0;0;0;0;0;0;1;2;1;2;0;0;0;0;0;0;0;0;0;0;0;0;0;0;0;16;0;0
25.01.2025;20:13;A162;1;3;3;3;16;4;12;2;45;0;100;0;100;1;7;1;47;0;14;;;;;;;0;0;0;0;0;0;0;0;0;0;0;0;0;0;0;0;0;0;0;0;0;0;0;0;0;0;0;0;0;0;0;0;0;0;1;57;0;0
25.01.2025;20:12;A162;1;2;33;3;18;3;5;3;23;0;100;0;100;1;4;0;0;1;3;;;;;;;0;0;0;0;0;0;0;0;0;0;0;0;0;0;0;0;0;0;1;2;1;2;0;0;0;0;0;0;0;0;0;0;0;0;1;9;1;7
25.01.2025;20:11;A162;1;1;1;1;5;5;14;3;17;0;100;0;100;2;11;1;48;4;89;;;;;;;0;0;0;0;0;0;0;0;0;0;0;0;0;0;0;0;1;2;0;0;0;0;0;0;1;1;0;0;0;0;0;0;0;0;4;61;1;91
25.01.2025;20:10;A162;1;3;11;2;26;2;22;5;46;0;100;0;100;3;40;1;35;1;6;;;;;;;0;0;1;2;1;2;0;0;0;0;0;0;0;0;0;0;0;0;0;0;0;0;0;0;0;0;0;0;0;0;0;0;0;0;3;53;1;7
25.01.2025;20:09;A162;1;1;1;3;22;1;1;2;16;0;100;0;100;1;7;1;55;1;38;;;;;;;1;2;0;0;0;0;0;0;0;0;0;0;0;0;0;0;0;0;0;0;0;0;0;0;0;0;0;0;0;0;0;0;0;0;2;48;1;4
25.01.2025;20:08;A162;1;6;37;4;38;3;2;1;18;0;100;0;100;1;48;1;16;1;37;;;;;;;0;0;1;2;1;2;0;0;0;0;0;0;0;0;0;0;0;0;0;0;0;0;0;0;0;0;0;0;0;0;0;0;0;0;2;26;0;1
25.01.2025;20:07;A162;1;3;81;0;86;4;48;1;65;0;100;0;100;1;19;3;32;2;26;;;;;;;1;2;0;0;0;0;0;0;0;0;0;0;0;0;0;0;0;0;0;0;0;0;0;0;0;0;0;0;0;0;0;0;0;0;2;47;1;35
25.01.2025;20:06;A162;1;3;4;1;90;3;28;2;20;0;100;0;100;1;3;4;89;3;91;;;;;;;0;0;0;0;0;0;0;0;0;0;0;0;0;0;0;0;0;0;0;0;3;5;0;0;0;0;0;0;0;0;0;0;0;0;0;100;2;60
25.01.2025;20:05;A162;1;3;3;3;56;4;3;3;26;0;100;0;100;1;11;1;91;1;70;;;;;;;0;0;0;0;0;0;0;0;0;0;0;0;0;0;0;0;3;5;2;3;0;0;0;0;0;0;0;0;0;0;0;0;1;1;1;86;1;78
25.01.2025;20:04;A162;1;2;43;3;40;3;10;3;17;0;100;0;100;2;11;1;46;2;76;;;;;;;0;0;0;0;0;0;0;0;0;0;0;0;0;0;0;0;0;0;0;0;0;0;0;0;0;0;0;0;0;0;0;0;0;0;2;65;1;91
25.01.2025;20:03;A162;1;7;18;3;36;3;3;2;27;0;100;0;100;1;13;1;70;1;69;;;;;;;0;0;0;0;0;0;0;0;0;0;0;0;0;0;0;0;0;0;0;0;0;0;0;0;0;0;0;0;0;0;0;0;0;0;2;65;2;9
25.01.2025;20:02;A162;1;3;54;1;14;7;35;5;55;0;100;0;100;4;67;1;1;0;45;;;;;;;0;0;1;2;1;2;0;0;0;0;0;0;0;0;0;0;0;0;0;0;0;0;0;0;1;3;0;0;0;0;0;0;0;0;2;20;1;2
25.01.2025;20:01;A162;1;1;54;3;42;5;3;3;29;0;100;0;100;3;47;0;0;1;43;;;;;;;1;2;0;0;0;0;0;0;0;0;0;0;0;0;0;0;0;0;0;0;0;0;0;0;0;0;0;0;0;0;0;0;0;0;1;10;1;13
25.01.2025;20:00;A162;1;3;24;4;79;1;1;1;7;0;100;0;100;0;0;0;23;2;43;;;;;;;0;0;0;0;1;2;0;0;0;0;0;0;0;0;0;0;0;0;0;0;0;0;0;0;0;0;0;0;0;0;0;0;0;0;1;14;2;35
25.01.2025;19:59;A162;1;5;46;2;87;4;3;3;28;0;100;0;100;3;33;1;10;1;51;;;;;;;1;2;1;2;0;0;0;0;0;0;0;0;0;0;0;0;0;0;0;0;0;0;0;0;0;0;0;0;0;0;0;0;0;0;3;31;2;44
25.01.2025;19:58;A162;1;1;1;0;0;1;0;1;7;0;100;0;100;2;52;0;0;1;31;;;;;;;0;0;0;0;0;0;0;0;0;0;0;0;0;0;0;0;0;0;0;0;0;0;0;0;0;0;0;0;0;0;0;0;0;0;1;12;1;9
25.01.2025;19:57;A162;1;2;32;3;32;3;3;1;16;0;100;0;100;1;7;1;7;0;0;;;;;;;0;0;0;0;0;0;0;0;0;0;0;0;0;0;0;0;0;0;0;0;0;0;0;0;0;0;0;0;1;1;0;0;0;0;1;12;0;0
25.01.2025;19:56;A162;1;3;10;3;36;3;6;3;26;0;100;0;100;1;5;0;82;0;0;;;;;;;0;0;0;0;0;0;0;0;0;0;0;0;0;0;0;0;0;0;0;0;1;2;0;0;0;0;0;0;0;0;0;0;0;0;0;79;0;0
25.01.2025;19:55;A162;1;3;12;2;19;1;15;1;9;0;100;0;100;0;0;1;70;1;2;;;;;;;0;0;1;2;1;2;0;0;0;0;0;0;0;0;0;0;1;2;1;2;0;0;0;0;0;0;0;0;0;0;0;0;0;0;2;29;2;2
25.01.2025;19:54;A162;1;1;1;3;37;0;0;4;12;0;100;0;100;1;11;1;49;0;0;;;;;;;1;2;0;0;0;0;0;0;0;0;0;0;0;0;0;0;0;0;0;0;0;0;0;0;0;0;0;0;0;0;0;0;0;0;1;17;0;0
25.01.2025;19:53;A162;1;3;16;1;16;3;15;1;33;0;100;0;100;0;0;0;0;0;0;;;;;;;0;0;0;0;0;0;0;0;0;0;0;0;0;0;0;0;0;0;1;2;1;2;0;0;0;0;0;0;0;0;0;0;0;0;0;0;0;0
25.01.2025;19:52;A162;1;5;8;4;99;1;1;2;12;0;100;0;100;1;18;0;0;0;0;;;;;;;1;2;1;2;1;2;0;0;0;0;0;0;0;0;0;0;1;2;0;0;0;0;0;0;0;0;0;0;0;0;0;0;0;0;0;0;0;0
25.01.2025;19:51;A162;1;2;46;0;100;1;2;0;13;0;100;0;100;0;0;0;0;0;0;;;;;;;0;0;0;0;0;0;0;0;0;0;0;0;0;0;0;0;0;0;0;0;0;0;0;0;0;0;0;0;0;0;0;0;0;0;0;0;0;0
25.01.2025;19:50;A162;1;5;37;14;92;1;1;2;12;0;100;0;100;3;35;1;2;1;91;;;;;;;0;0;1;2;1;2;0;0;0;0;0;0;0;0;0;0;0;0;0;0;0;0;0;0;0;0;0;0;0;0;0;0;0;0;1;16;0;2
25.01.2025;19:49;A162;1;8;60;7;77;2;2;2;22;0;100;0;100;3;33;0;0;1;73;;;;;;;1;2;0;0;0;0;0;0;0;0;0;0;0;0;0;0;0;0;0;0;0;0;0;0;0;0;0;0;0;0;0;0;0;0;1;8;2;15
25.01.2025;19:48;A162;1;4;50;2;22;2;33;2;43;0;100;0;100;0;87;0;0;0;47;;;;;;;0;0;0;0;0;0;0;0;0;0;0;0;0;0;0;0;0;0;0;0;0;0;0;0;0;0;0;0;0;0;0;0;0;0;1;15;1;9
25.01.2025;19:47;A162;1;3;4;2;77;2;1;2;22;0;100;0;100;4;66;1;28;3;63;;;;;;;0;0;0;0;1;2;0;0;0;0;0;0;0;0;0;0;0;0;0;0;0;0;0;0;1;1;0;0;0;0;0;0;0;0;1;46;3;53
25.01.2025;19:46;A162;1;4;50;1;77;1;1;1;8;0;100;0;100;1;73;0;0;1;71;;;;;;;1;2;1;2;1;2;0;0;0;0;0;0;0;0;0;0;0;0;0;0;0;0;0;0;0;0;1;3;0;0;3;6;0;0;3;58;3;55
25.01.2025;19:45;A162;1;6;62;3;78;4;8;4;27;0;100;0;100;1;87;0;0;2;39;;;;;;;1;2;1;2;0;0;0;0;0;0;0;0;0;0;0;0;0;0;0;0;0;0;0;0;0;0;0;0;0;0;0;0;0;0;1;8;2;20
25.01.2025;19:44;A162;1;4;49;2;27;6;11;3;49;0;100;0;100;3;34;0;0;1;2;;;;;;;0;0;0;0;0;0;0;0;0;0;0;0;0;0;0;0;0;0;0;0;0;0;0;0;0;0;0;0;0;0;0;0;0;0;1;18;1;11
25.01.2025;19:43;A162;1;5;17;3;50;0;0;1;25;0;100;0;100;4;27;0;0;0;0;;;;;;;1;2;1;2;1;2;0;0;0;0;0;0;0;0;0;0;0;0;1;2;1;2;0;0;0;0;0;0;0;0;0;0;0;0;0;0;1;4
25.01.2025;19:42;A162;1;1;1;2;47;0;0;0;0;0;100;0;100;1;26;2;53;0;63;;;;;;;0;0;0;0;0;0;0;0;0;0;0;0;0;0;0;0;1;2;0;0;0;0;0;0;0;0;0;0;0;0;0;0;0;0;2;19;1;2
25.01.2025;19:41;A162;1;3;7;0;21;1;12;1;6;0;100;0;100;0;8;3;57;1;9;;;;;;;0;0;0;0;0;0;0;0;0;0;0;0;0;0;0;0;0;0;0;0;0;0;0;0;0;0;0;0;0;0;0;0;0;0;1;69;2;8
25.01.2025;19:40;A162;1;2;17;5;22;2;3;3;26;0;100;0;100;3;62;3;70;2;10;;;;;;;0;0;1;2;1;2;0;0;0;0;0;0;0;0;0;0;0;0;0;0;0;0;0;0;0;0;0;0;0;0;0;0;0;0;2;59;2;29
25.01.2025;19:39;A162;1;2;4;2;37;6;7;3;36;0;100;0;100;4;47;2;57;0;0;;;;;;;1;2;0;0;0;0;0;0;0;0;0;0;0;0;0;0;0;0;0;0;0;0;0;0;1;1;0;0;0;0;0;0;0;0;4;22;1;4
25.01.2025;19:38;A162;1;5;60;1;92;7;33;1;59;0;100;0;100;1;87;1;44;2;6;;;;;;;0;0;0;0;0;0;0;0;0;0;0;0;0;0;0;0;0;0;0;0;2;3;0;0;0;0;0;0;0;0;0;0;0;0;3;25;1;18
25.01.2025;19:37;A162;1;1;67;1;7;5;31;1;48;0;100;0;100;0;76;0;10;3;13;;;;;;;0;0;0;0;0;0;0;0;0;0;0;0;0;0;0;0;1;2;2;3;0;0;0;0;0;0;0;0;0;0;0;0;0;0;0;18;0;21
25.01.2025;19:36;A162;1;4;24;2;24;2;2;2;19;0;100;0;100;8;45;1;97;1;91;;;;;;;0;0;0;0;0;0;0;0;0;0;0;0;0;0;0;0;2;3;1;2;1;2;0;0;0;0;0;0;0;0;0;0;0;0;3;48;2;86
25.01.2025;19:35;A162;1;2;39;2;13;3;2;4;25;0;100;0;100;4;29;1;29;0;0;;;;;;;0;0;0;0;0;0;0;0;0;0;0;0;0;0;0;0;0;0;0;0;0;0;0;0;0;0;0;0;0;0;0;0;0;0;2;26;0;0
25.01.2025;19:34;A162;1;2;16;0;24;1;1;2;29;0;100;0;100;1;35;0;0;5;72;;;;;;;0;0;0;0;0;0;0;0;0;0;0;0;0;0;0;0;0;0;0;0;0;0;0;0;0;0;0;0;0;0;0;0;0;0;1;73;1;71
25.01.2025;19:33;A162;1;2;66;3;15;1;1;4;8;0;100;0;100;1;11;1;42;2;52;;;;;;;0;0;0;0;0;0;0;0;0;0;0;0;0;0;0;0;0;0;0;0;0;0;0;0;0;0;0;0;0;0;0;0;0;0;1;48;1;54
25.01.2025;19:32;A162;1;1;17;1;6;1;1;1;4;0;100;0;100;2;7;1;26;1;8;;;;;;;0;0;0;0;0;0;0;0;0;0;0;0;0;0;0;0;0;0;0;0;0;0;0;0;0;0;0;0;0;0;0;0;0;0;3;28;2;14
25.01.2025;19:31;A162;1;1;1;1;13;2;1;2;16;0;100;0;100;1;9;0;0;0;0;;;;;;;0;0;0;0;0;0;0;0;0;0;0;0;0;0;0;0;0;0;0;0;0;0;0;0;0;0;0;0;0;0;0;0;0;0;0;0;0;0
25.01.2025;19:30;A162;1;3;69;1;26;5;6;2;49;0;100;0;100;2;29;0;0;0;0;;;;;;;0;0;0;0;0;0;0;0;0;0;0;0;0;0;0;0;1;2;1;2;1;2;0;0;0;0;0;0;0;0;0;0;0;0;0;0;0;0
25.01.2025;19:29;A162;1;10;33;4;90;2;1;2;22;0;100;0;100;1;16;0;0;0;0;;;;;;;1;2;1;2;1;2;0;0;0;0;0;0;0;0;0;0;0;0;0;0;0;0;0;0;0;0;0;0;0;0;0;0;0;0;0;0;0;0
25.01.2025;19:28;A162;1;9;14;1;97;3;1;2;17;0;100;0;100;3;28;0;0;0;0;;;;;;;0;0;1;2;1;2;0;0;0;0;0;0;0;0;0;0;0;0;0;0;0;0;0;0;1;1;0;0;0;0;0;0;0;0;0;0;0;0
25.01.2025;19:27;A162;1;1;1;0;100;4;10;4;27;0;100;0;100;2;22;0;55;3;62;;;;;;;0;0;0;0;0;0;0;0;0;0;0;0;0;0;0;0;0;0;0;0;0;0;0;0;0;0;0;0;0;0;0;0;0;0;1;50;1;69
25.01.2025;19:26;A162;1;1;13;0;100;1;2;2;8;0;100;0;100;1;1;3;51;1;57;;;;;;;1;2;1;2;1;2;0;0;0;0;0;0;0;0;0;0;0;0;0;0;0;0;0;0;0;0;0;0;0;0;0;0;0;0;1;75;2;11
25.01.2025;19:25;A162;1;14;48;23;80;2;13;2;19;0;100;0;100;2;15;1;38;2;45;;;;;;;0;0;0;1;1;2;0;0;0;0;0;0;0;0;0;0;0;0;0;0;0;0;0;0;0;0;0;0;0;0;0;0;0;0;1;53;1;35
25.01.2025;19:24;A162;1;7;80;2;72;1;0;2;23;0;100;0;100;1;55;0;0;2;5;;;;;;;2;3;1;0;0;0;0;0;0;0;0;0;0;0;0;0;0;0;0;0;0;0;0;0;0;0;0;0;0;0;0;0;0;0;1;16;1;13
25.01.2025;19:23;A162;1;2;67;3;41;6;20;6;59;0;100;0;100;6;68;0;10;2;59;;;;;;;0;0;0;0;0;0;0;0;0;0;0;0;0;0;0;0;0;0;0;0;1;2;1;1;2;3;0;0;0;0;0;0;0;0;1;23;1;67
25.01.2025;19:22;A162;1;4;27;3;23;0;0;1;7;0;100;0;100;1;71;1;99;1;74;;;;;;;0;0;0;0;0;0;0;0;0;0;0;0;0;0;0;0;0;0;1;2;0;0;0;0;0;0;0;0;0;0;0;0;0;0;4;26;2;9
25.01.2025;19:21;A162;1;3;2;1;17;4;3;1;18;0;100;0;100;1;48;1;59;0;0;;;;;;;0;0;0;0;0;0;0;0;0;0;0;0;0;0;0;0;1;2;0;0;0;0;0;0;0;0;0;0;0;0;0;0;0;0;1;9;0;0
25.01.2025;19:20;A162;1;4;12;2;25;4;3;4;34;0;100;0;100;8;46;0;46;1;17;;;;;;;0;0;0;0;0;0;0;0;0;0;0;0;0;0;0;0;0;0;0;0;0;0;0;0;0;0;0;0;0;0;0;0;0;0;2;13;1;12
25.01.2025;19:19;A162;1;5;8;2;48;0;0;2;10;0;100;0;100;2;24;1;35;1;33;;;;;;;0;0;0;0;0;0;0;0;0;0;0;0;0;0;0;0;0;0;0;0;0;0;0;0;0;0;0;0;0;0;0;0;0;0;3;27;1;11
25.01.2025;19:18;A162;1;5;68;6;55;5;5;1;40;0;100;0;100;1;40;0;29;2;58;;;;;;;0;0;0;0;0;0;1;2;0;0;1;2;0;0;0;0;0;0;0;0;0;0;0;0;0;0;0;0;0;0;0;0;0;0;2;14;2;16
25.01.2025;19:17;A162;1;6;10;2;48;5;3;4;24;0;100;0;100;7;47;1;9;1;57;;;;;;;0;0;0;0;0;0;0;0;0;0;0;0;0;0;0;0;0;0;0;0;0;0;0;0;0;0;0;0;0;0;0;0;0;0;3;20;2;8
25.01.2025;19:16;A162;1;7;68;2;79;1;17;0;4;0;100;0;100;1;77;1;2;1;1;;;;;;;0;0;0;0;0;0;0;0;0;0;0;0;0;0;0;0;0;0;0;0;0;0;0;0;0;0;0;0;0;0;0;0;0;0;0;6;1;3
25.01.2025;19:15;A162;1;4;14;3;28;0;0;1;7;0;100;0;100;1;12;2;66;2;38;;;;;;;0;0;0;0;0;0;0;0;0;0;0;0;0;0;0;0;0;0;0;0;0;0;0;0;0;0;0;0;0;0;0;0;0;0;3;60;3;28
25.01.2025;19:14;A162;1;3;10;5;59;1;0;1;3;0;100;0;100;0;0;0;0;0;0;;;;;;;1;2;2;3;1;2;0;0;0;0;0;0;0;0;0;0;1;2;1;2;1;2;0;0;0;0;0;0;0;0;0;0;0;0;0;0;1;1
25.01.2025;19:13;A162;1;2;1;1;9;3;12;2;24;0;100;0;100;2;40;1;47;0;0;;;;;;;1;2;0;0;0;0;0;0;0;0;0;0;0;0;0;0;0;0;1;2;1;2;0;0;0;0;0;0;0;0;0;0;0;0;0;15;0;0
25.01.2025;19:12;A162;1;5;77;2;43;2;3;3;29;0;100;0;100;2;80;0;0;1;38;;;;;;;0;0;0;0;0;0;0;0;0;0;0;0;0;0;0;0;1;2;0;0;0;0;0;0;0;0;0;0;0;0;0;0;0;0;1;13;1;30
25.01.2025;19:11;A162;1;1;8;0;100;1;2;2;17;0;100;0;100;1;69;0;0;2;45;;;;;;;0;0;0;1;1;2;0;0;0;0;0;0;0;0;0;0;0;0;0;0;0;0;0;0;0;0;0;0;0;0;0;0;0;0;3;16;2;28
25.01.2025;19:10;A162;1;7;72;3;97;2;2;1;15;0;100;0;100;1;25;1;10;2;3;;;;;;;1;2;1;1;0;0;0;0;0;0;0;0;0;0;0;0;0;0;0;0;0;0;0;0;0;0;0;0;0;0;0;0;0;0;0;11;1;6
25.01.2025;19:09;A162;1;6;51;3;45;5;6;3;40;0;100;0;100;0;76;1;77;2;2;;;;;;;0;0;0;0;0;0;0;0;0;0;0;0;0;0;0;0;0;0;0;0;1;2;0;0;0;0;0;0;0;0;0;0;0;0;2;81;2;7
25.01.2025;19:08;A162;1;4;35;2;37;3;2;3;18;0;100;0;100;2;42;0;0;0;0;;;;;;;0;0;0;0;0;0;0;0;0;0;0;0;0;0;0;0;0;0;1;2;0;0;0;0;0;0;0;0;0;0;0;0;0;0;0;0;0;0
25.01.2025;19:07;A162;1;2;33;1;47;3;2;1;27;0;100;0;100;2;41;0;0;0;0;;;;;;;0;0;0;0;0;0;0;0;0;0;0;0;0;0;0;0;1;2;0;0;0;0;0;0;0;0;0;0;0;0;0;0;0;0;0;0;0;0
25.01.2025;19:06;A162;1;4;7;0;17;1;1;2;14;0;100;0;100;1;9;1;86;4;58;;;;;;;0;0;0;0;0;0;0;0;0;0;0;0;0;0;0;0;0;0;0;0;1;2;0;0;0;0;0;0;0;0;0;0;2;3;0;84;0;86
25.01.2025;19:05;A162;1;1;19;2;37;6;27;1;41;0;100;0;100;1;23;2;10;2;61;;;;;;;0;0;0;0;0;0;0;0;0;0;0;0;0;0;0;0;1;2;1;2;1;2;0;0;0;0;0;0;1;1;0;0;0;0;2;35;2;69
25.01.2025;19:04;A162;1;2;4;2;13;7;5;2;36;0;100;0;100;3;26;0;0;1;61;;;;;;;0;0;0;0;0;0;0;0;0;0;0;0;0;0;0;0;1;2;1;2;0;0;0;0;1;1;0;0;0;0;0;0;0;0;3;23;2;30
25.01.2025;19:03;A162;1;4;5;3;57;1;1;1;19;0;100;0;100;1;33;0;0;0;0;;;;;;;0;0;0;0;0;0;0;0;0;0;0;0;0;0;0;0;0;0;0;0;0;0;0;0;0;0;0;0;0;0;0;0;0;0;0;0;0;0
25.01.2025;19:02;A162;1;2;54;2;30;1;0;2;9;0;100;0;100;1;6;2;5;1;3;;;;;;;0;0;0;0;0;0;0;0;0;0;0;0;0;0;0;0;0;0;0;0;0;0;0;0;0;0;0;0;0;0;0;0;0;0;0;10;0;5
25.01.2025;19:01;A162;1;3;22;4;29;0;0;0;0;0;100;0;100;0;41;2;8;1;98;;;;;;;0;0;1;2;1;2;0;0;0;0;0;0;0;0;0;0;0;0;0;0;0;0;0;0;0;0;0;0;0;0;0;0;0;0;2;34;3;26
25.01.2025;19:00;A162;1;6;31;2;30;3;2;1;16;0;100;0;100;2;58;1;0;1;79;;;;;;;1;2;0;0;0;0;0;0;0;0;0;0;0;0;0;0;0;0;0;0;0;0;0;0;0;0;0;0;0;0;0;0;0;0;3;11;1;12
25.01.2025;18:59;A162;1;2;1;3;27;2;12;3;17;0;100;0;100;7;79;2;4;5;63;;;;;;;0;0;0;0;0;0;0;0;0;0;0;0;0;0;0;0;0;0;0;0;0;0;0;0;0;0;0;0;0;0;0;0;0;0;2;59;3;29
25.01.2025;18:58;A162;1;5;31;5;34;4;7;3;47;0;100;0;100;3;20;0;0;0;0;;;;;;;0;0;0;0;0;0;0;0;0;0;0;0;0;0;0;0;0;0;0;0;0;0;0;0;0;0;0;0;0;0;0;0;0;0;1;7;1;5
25.01.2025;18:57;A162;1;2;60;1;17;7;4;3;30;0;100;0;100;2;18;0;0;0;0;;;;;;;0;0;0;0;0;0;0;0;0;0;0;0;0;0;0;0;0;0;0;0;0;0;0;0;0;0;0;0;0;0;0;0;0;0;0;0;0;0
25.01.2025;18:56;A162;1;2;4;4;33;2;3;2;12;0;100;0;100;1;42;1;26;1;4;;;;;;;0;0;0;0;0;0;0;0;0;0;0;0;0;0;0;0;0;0;0;0;1;2;0;0;0;0;0;0;0;0;0;0;0;0;1;9;2;21
25.01.2025;18:55;A162;1;6;15;4;33;4;3;3;39;0;100;0;100;0;100;1;74;0;0;;;;;;;0;0;1;2;1;2;0;0;0;0;0;0;0;0;0;0;1;2;1;2;0;0;0;0;0;0;0;0;0;0;1;7;0;0;1;19;4;12
25.01.2025;18:54;A162;1;4;8;2;38;1;0;1;5;0;100;0;100;5;30;0;0;1;4;;;;;;;1;2;1;2;1;2;0;0;0;0;0;0;0;0;0;0;0;0;0;0;0;0;0;0;0;0;0;0;0;0;0;0;0;0;2;13;2;42
25.01.2025;18:53;A162;1;3;2;1;13;3;14;4;17;0;100;0;100;2;47;0;0;1;72;;;;;;;1;2;0;0;0;0;0;0;0;0;0;0;0;0;0;0;0;0;0;0;0;0;0;0;0;0;0;0;0;0;0;0;0;0;0;0;0;74
25.01.2025;18:52;A162;1;5;72;2;85;2;1;2;17;0;100;0;100;4;43;1;3;1;5;;;;;;;0;0;1;2;1;2;0;0;0;0;0;0;0;0;0;0;0;0;0;0;0;0;0;0;2;3;0;0;0;0;0;0;0;0;1;26;3;6
25.01.2025;18:51;A162;1;1;77;2;75;5;6;8;64;0;100;0;100;3;75;1;64;0;0;;;;;;;1;2;0;0;0;0;0;0;0;0;0;0;0;0;0;0;0;0;1;2;1;2;0;0;0;0;0;0;0;0;0;0;0;0;1;31;1;1
25.01.2025;18:50;A162;1;5;3;3;27;4;5;3;34;0;100;0;100;4;38;1;14;0;12;;;;;;;0;0;0;0;0;0;0;0;0;0;0;0;0;0;0;0;1;2;0;0;0;0;0;0;0;0;0;0;0;0;0;0;0;0;1;20;0;0
25.01.2025;18:49;A162;1;4;5;1;21;6;6;2;39;0;100;0;100;1;46;1;31;2;32;;;;;;;0;0;0;0;0;0;0;0;0;0;0;0;0;0;0;0;0;0;0;0;0;0;0;0;0;0;0;0;0;0;0;0;0;0;3;14;0;6
25.01.2025;18:48;A162;1;6;29;3;38;3;9;1;26;0;100;0;100;0;22;0;0;1;94;;;;;;;0;0;0;0;0;0;0;0;0;0;0;0;0;0;0;0;0;0;0;0;0;0;0;0;0;0;0;0;0;0;0;0;0;0;1;18;1;83
25.01.2025;18:47;A162;1;6;5;4;37;3;25;3;23;0;100;0;100;0;100;0;0;2;80;;;;;;;0;0;0;0;0;0;0;0;0;0;0;0;0;0;0;0;0;0;0;0;0;0;0;0;0;0;0;0;0;0;0;0;0;0;2;18;2;21
25.01.2025;18:46;A162;1;5;11;1;48;2;1;3;7;0;100;0;100;5;63;0;0;0;0;;;;;;;0;0;1;2;1;2;0;0;0;0;0;0;0;0;0;0;0;0;0;0;0;0;0;0;0;0;0;0;0;0;0;0;0;0;1;1;1;1
25.01.2025;18:45;A162;1;3;22;3;80;3;22;3;25;0;100;0;100;7;75;2;3;1;58;;;;;;;1;2;0;0;0;0;0;0;0;0;0;0;0;0;0;0;0;0;0;0;0;0;0;0;0;0;0;0;0;0;0;0;0;0;1;15;0;0
25.01.2025;18:44;A162;1;3;27;2;12;5;5;8;44;0;100;0;100;4;90;1;1;3;91;;;;;;;0;0;1;2;1;2;0;0;0;0;0;0;0;0;0;0;0;0;1;2;1;2;0;0;0;0;0;0;0;0;0;0;0;0;1;30;0;86
25.01.2025;18:43;A162;1;4;61;3;87;7;44;2;63;0;100;0;100;4;75;1;34;1;33;;;;;;;1;2;0;0;0;0;0;0;0;0;0;0;0;0;0;0;1;2;0;0;1;2;0;0;0;0;0;0;0;0;0;0;0;0;2;82;1;85
25.01.2025;18:42;A162;1;4;58;1;29;5;9;2;40;0;100;0;100;2;31;1;67;2;32;;;;;;;0;0;0;0;0;0;0;0;0;0;0;0;0;0;0;0;1;2;1;2;0;0;0;0;0;0;0;0;0;0;0;0;0;0;1;64;1;78
25.01.2025;18:41;A162;1;3;48;4;39;6;4;2;30;0;100;0;100;2;12;1;62;1;80;;;;;;;1;2;1;2;1;2;0;0;0;0;0;0;0;0;0;0;0;0;0;0;0;0;0;0;0;0;0;0;0;0;0;0;0;0;2;42;3;46
25.01.2025;18:40;A162;1;4;50;1;27;5;14;1;32;0;100;0;100;1;7;0;0;1;8;;;;;;;1;2;1;2;1;2;0;0;0;0;0;0;0;0;0;0;0;0;0;0;0;0;0;0;0;0;0;0;0;0;0;0;0;0;1;9;1;8
25.01.2025;18:39;A162;1;9;13;1;58;3;12;3;32;0;100;0;100;3;30;1;2;2;34;;;;;;;0;0;0;0;0;0;0;0;0;0;0;0;0;0;0;0;0;0;0;0;0;0;0;0;0;0;0;0;0;0;0;0;0;0;3;24;2;21
25.01.2025;18:38;A162;1;4;4;0;100;2;22;2;17;0;100;0;100;3;8;2;7;1;64;;;;;;;0;0;0;0;0;0;0;0;0;0;0;0;0;0;0;0;0;0;0;0;0;0;0;0;2;3;0;0;0;0;0;0;0;0;3;33;1;60
25.01.2025;18:37;A162;1;3;45;0;100;1;27;1;51;0;100;0;100;1;51;2;66;4;88;;;;;;;0;0;0;0;0;0;0;0;0;0;0;0;0;0;0;0;0;0;1;2;1;2;0;0;0;0;0;0;0;0;0;0;0;0;2;50;0;81
25.01.2025;18:36;A162;1;1;2;2;69;3;30;2;43;0;100;0;100;1;36;3;71;5;70;;;;;;;0;0;0;0;0;0;0;0;0;0;0;0;0;0;0;0;1;2;0;0;1;2;0;0;0;0;0;0;0;0;0;0;0;0;2;68;3;79
25.01.2025;18:35;A162;1;3;2;1;77;9;9;3;37;0;100;0;100;1;2;2;74;3;62;;;;;;;0;0;0;0;0;0;0;0;0;0;0;0;0;0;0;0;1;2;1;2;0;0;0;0;0;0;0;0;0;0;0;0;0;0;1;79;2;69
25.01.2025;18:34;A162;1;5;40;6;37;5;6;1;5;0;100;0;100;1;7;1;48;0;0;;;;;;;0;0;0;0;0;0;0;0;0;0;0;0;0;0;0;0;0;0;0;0;0;0;0;0;0;0;0;0;0;0;0;0;0;0;1;60;3;16
25.01.2025;18:33;A162;1;4;4;1;18;3;3;1;3;0;100;0;100;0;0;1;78;2;92;;;;;;;0;0;0;0;0;0;0;0;0;0;0;0;0;0;0;0;0;0;0;0;0;0;0;0;0;0;0;0;0;0;0;0;0;0;2;92;0;96
25.01.2025;18:32;A162;1;0;0;0;0;6;3;5;23;0;100;0;100;1;6;1;8;1;28;;;;;;;0;0;0;0;0;0;0;0;0;0;0;0;0;0;0;0;0;0;0;0;0;0;0;0;0;0;0;0;0;0;0;0;0;0;1;37;1;37
25.01.2025;18:31;A162;1;3;4;1;16;5;4;2;44;0;100;0;100;3;14;2;63;3;59;;;;;;;0;0;0;0;0;0;0;0;0;0;0;0;0;0;0;0;0;0;0;0;0;0;0;0;0;0;0;0;0;0;0;0;0;0;2;37;1;65
25.01.2025;18:30;A162;1;3;2;1;4;4;2;4;23;0;100;0;100;3;3;4;43;3;79;;;;;;;0;0;0;0;0;0;0;0;0;0;0;0;0;0;0;0;0;0;0;0;0;0;0;0;1;1;0;0;0;0;0;0;0;0;4;53;3;87
25.01.2025;18:29;A162;1;4;10;3;54;0;0;3;5;0;100;0;100;2;16;0;0;1;52;;;;;;;1;2;1;2;1;2;0;0;0;0;0;0;0;0;0;0;0;0;0;0;0;0;0;0;0;0;0;0;0;0;0;0;0;0;2;14;2;39
25.01.2025;18:28;A162;1;6;40;2;71;4;2;5;24;0;100;0;100;1;7;0;0;0;0;;;;;;;0;0;0;0;0;0;0;0;0;0;0;0;0;0;0;0;0;0;0;0;0;0;0;0;0;0;0;0;0;0;2;3;0;0;0;0;0;0
25.01.2025;18:27;A162;1;1;62;2;10;1;1;2;9;0;100;0;100;2;11;0;0;0;0;;;;;;;0;0;1;2;1;2;0;0;0;0;0;0;0;0;0;0;1;2;1;2;1;2;0;0;0;0;0;0;0;0;0;0;0;0;0;0;0;0
25.01.2025;18:26;A162;1;8;42;6;70;0;0;0;0;0;100;0;100;0;0;0;0;1;11;;;;;;;2;3;1;2;1;1;0;0;0;0;0;0;0;0;0;0;0;0;0;0;0;0;0;0;0;0;0;0;0;0;0;0;0;0;0;0;1;9
25.01.2025;18:25;A162;1;10;24;4;51;3;4;3;32;0;100;0;100;2;17;1;43;1;72;;;;;;;0;0;0;0;0;0;0;0;0;0;0;0;0;0;0;0;0;0;0;0;0;0;0;0;0;0;0;0;0;0;0;0;0;0;2;17;2;40
25.01.2025;18:24;A162;1;8;11;0;41;5;3;1;30;0;100;0;100;0;0;0;59;1;66;;;;;;;0;0;1;2;1;2;0;0;0;0;0;0;0;0;0;0;0;0;0;0;0;0;0;0;0;0;0;0;1;1;0;0;0;0;0;0;1;4
25.01.2025;18:23;A162;1;1;12;0;100;2;1;3;21;0;100;0;100;1;25;1;60;1;31;;;;;;;1;2;1;2;1;2;0;0;0;0;0;0;0;0;0;0;0;0;0;0;1;2;0;0;0;0;0;0;0;0;0;0;0;0;2;67;1;7
25.01.2025;18:22;A162;1;1;83;2;89;1;1;2;13;0;100;0;100;2;24;1;50;1;17;;;;;;;0;0;0;0;0;0;0;0;0;0;0;0;0;0;0;0;0;0;1;2;0;0;0;0;0;0;0;0;0;0;0;0;0;0;1;65;0;0
25.01.2025;18:21;A162;1;6;9;2;70;3;2;3;29;0;100;0;100;2;16;1;2;1;90;;;;;;;1;2;0;0;0;0;0;0;0;0;0;0;0;0;0;0;1;2;0;0;0;0;0;0;0;0;0;0;0;0;0;0;0;0;3;18;3;12
25.01.2025;18:20;A162;1;4;53;4;25;5;4;2;26;0;100;0;100;1;7;1;25;0;0;;;;;;;0;0;0;0;0;0;0;0;0;0;0;0;0;0;0;0;0;0;0;0;0;0;0;0;0;0;0;0;0;0;0;0;0;0;2;11;0;0
25.01.2025;18:19;A162;1;5;44;3;36;1;1;2;15;0;100;0;100;2;15;0;0;1;7;;;;;;;0;0;0;0;0;0;0;0;0;0;0;0;0;0;0;0;0;0;0;0;0;0;0;0;0;0;0;0;0;0;0;0;0;0;1;4;1;3
25.01.2025;18:18;A162;1;6;70;2;65;6;7;5;27;0;100;0;100;2;16;2;62;2;3;;;;;;;0;0;0;0;0;0;0;0;0;0;1;2;0;0;0;0;0;0;0;0;0;0;0;0;0;0;0;0;0;0;0;0;0;0;5;26;2;5
25.01.2025;18:17;A162;1;5;59;1;80;1;2;3;33;0;100;0;100;1;26;2;81;0;0;;;;;;;0;0;0;0;0;0;0;0;0;0;0;0;0;0;0;0;0;0;1;2;1;2;0;0;0;0;0;0;0;0;0;0;0;0;1;75;0;0
25.01.2025;18:16;A162;1;2;5;5;29;5;2;3;19;0;100;0;100;3;9;2;47;0;0;;;;;;;0;0;1;2;1;2;0;0;0;0;0;0;0;0;0;0;1;2;0;0;0;0;0;0;0;0;0;0;0;0;0;0;0;0;3;28;0;0
25.01.2025;18:15;A162;1;6;8;0;100;4;5;4;33;0;100;0;100;1;8;2;80;1;2;;;;;;;1;2;0;0;0;0;0;0;0;0;0;0;0;0;0;0;0;0;0;0;0;0;0;0;0;0;0;0;0;0;0;0;0;0;1;29;1;1
25.01.2025;18:14;A162;1;5;6;0;100;1;3;2;11;0;100;0;100;0;0;1;79;1;16;;;;;;;0;0;0;0;1;2;0;0;0;0;0;0;0;0;0;0;0;0;0;0;0;0;0;0;0;0;0;0;0;0;0;0;0;0;3;38;1;17
25.01.2025;18:13;A162;1;5;11;3;70;2;1;3;12;0;100;0;100;1;4;0;0;1;24;;;;;;;1;2;1;2;0;0;0;0;0;0;0;0;0;0;0;0;0;0;0;0;0;0;0;0;0;0;0;0;0;0;0;0;0;0;0;0;1;17
25.01.2025;18:12;A162;1;9;36;2;80;5;3;2;19;0;100;0;100;0;0;0;0;0;100;;;;;;;0;0;1;2;1;2;0;0;0;0;0;0;0;0;0;0;1;2;1;2;1;2;0;0;0;0;0;0;0;0;0;0;0;0;0;0;0;0
25.01.2025;18:11;A162;1;7;61;4;83;0;0;2;7;0;100;0;100;2;3;1;42;2;77;;;;;;;1;2;2;3;2;3;0;0;0;0;0;0;0;0;0;0;0;0;0;0;0;0;0;0;0;0;0;0;0;0;0;0;0;0;1;8;2;17
25.01.2025;18:10;A162;1;3;2;0;100;3;2;3;11;0;100;0;100;0;0;0;0;1;27;;;;;;;2;3;0;0;0;0;0;0;0;0;0;0;0;0;0;0;0;0;0;0;0;0;0;0;0;0;0;0;0;0;0;0;0;0;1;4;1;2
25.01.2025;18:09;A162;1;1;1;1;98;3;24;1;44;0;100;0;100;1;36;0;61;0;67;;;;;;;0;0;0;0;0;0;0;0;0;0;0;0;0;0;0;0;0;0;0;0;0;0;0;0;0;0;0;0;0;0;0;0;0;0;0;0;3;6
25.01.2025;18:08;A162;1;1;1;3;27;1;1;1;4;0;100;0;100;0;0;2;88;1;20;;;;;;;0;0;0;0;0;0;0;0;0;0;0;0;0;0;0;0;0;0;0;0;0;0;0;0;1;1;0;0;0;0;0;0;0;0;2;5;1;8
25.01.2025;18:07;A162;1;2;3;1;72;3;2;3;29;0;100;0;100;0;0;1;70;0;0;;;;;;;0;0;0;0;0;0;0;0;0;0;0;0;0;0;0;0;0;0;0;0;1;2;0;0;0;0;0;0;2;3;0;0;0;0;3;9;0;0
25.01.2025;18:06;A162;1;4;68;1;36;3;4;0;41;0;100;0;100;2;6;2;14;1;13;;;;;;;0;0;0;0;0;1;0;0;0;0;0;0;0;0;0;0;1;2;1;2;0;0;0;0;0;0;0;0;0;0;0;0;0;0;0;19;1;15
25.01.2025;18:05;A162;1;1;63;2;69;1;1;3;23;0;100;0;100;4;8;1;97;1;73;;;;;;;0;0;1;2;1;0;0;0;0;0;0;0;0;0;0;0;1;2;1;2;1;2;0;0;0;0;0;0;0;0;0;0;0;0;0;100;2;11
25.01.2025;18:04;A162;1;4;37;2;62;3;1;3;12;0;100;0;100;1;2;1;78;1;94;;;;;;;1;2;0;0;0;0;0;0;0;0;0;0;0;0;0;0;1;2;1;3;1;2;0;0;0;0;0;0;0;0;0;0;0;0;1;88;2;83
25.01.2025;18:03;A162;1;5;39;4;34;3;1;5;10;0;100;0;100;0;0;0;0;0;0;;;;;;;0;0;0;0;0;0;0;0;0;0;0;0;0;0;0;0;1;2;1;0;0;0;0;0;0;0;0;0;0;0;0;0;0;0;0;0;1;1
25.01.2025;18:02;A162;1;2;67;3;23;1;1;5;16;0;100;0;100;4;22;0;0;1;30;;;;;;;0;0;0;0;0;0;0;0;0;0;0;0;0;0;0;0;0;0;0;0;0;0;0;0;0;0;0;0;0;0;0;0;0;0;0;0;1;3
25.01.2025;18:01;A162;1;4;4;2;25;3;13;3;23;0;100;0;100;2;5;3;21;2;23;;;;;;;0;0;0;0;0;0;0;0;0;0;0;0;0;0;0;0;0;0;0;0;0;0;0;0;0;0;0;0;0;0;0;0;0;0;1;31;0;27
25.01.2025;18:00;A162;1;2;35;1;45;6;4;2;27;0;100;0;100;1;5;1;84;1;88;;;;;;;1;2;1;2;1;2;0;0;0;0;0;0;0;0;0;0;0;0;0;0;0;0;0;0;0;0;0;0;0;0;0;0;0;0;3;61;2;26
25.01.2025;17:59;A162;1;3;52;0;64;6;16;3;26;0;100;0;100;1;12;0;0;1;36;;;;;;;0;0;0;0;0;0;0;0;0;0;0;0;0;0;0;0;0;0;0;0;0;0;0;0;0;0;0;0;0;0;0;0;0;0;0;0;1;2
25.01.2025;17:58;A162;1;5;30;4;35;2;2;1;19;0;100;0;100;2;17;3;78;0;0;;;;;;;0;0;0;0;0;0;0;0;0;0;0;0;0;0;0;0;0;0;0;0;0;0;0;0;0;0;0;0;0;0;0;0;0;0;3;18;1;0
25.01.2025;17:57;A162;1;6;18;1;48;2;12;4;13;0;100;0;100;1;8;0;0;3;18;;;;;;;0;0;0;0;0;0;0;0;0;0;0;0;0;0;0;0;0;0;1;2;1;2;1;1;0;0;0;0;0;0;0;0;0;0;0;0;2;22
25.01.2025;17:56;A162;1;5;71;2;100;4;11;2;20;0;100;0;100;1;1;2;47;0;0;;;;;;;0;0;1;2;1;2;0;0;0;0;0;0;0;0;0;0;1;2;0;0;0;0;0;0;0;0;0;0;0;0;0;0;0;0;2;39;0;0
25.01.2025;17:55;A162;1;2;21;3;87;2;7;6;19;0;100;0;100;5;8;1;40;0;38;;;;;;;1;2;0;0;1;2;0;0;0;0;0;0;0;0;0;0;0;0;0;0;0;0;0;0;0;0;0;0;0;0;0;0;0;0;1;4;0;3
25.01.2025;17:54;A162;1;6;21;1;99;0;0;0;0;0;100;0;100;2;3;2;69;3;46;;;;;;;1;2;1;2;0;0;0;0;0;0;0;0;0;0;0;0;0;0;0;0;0;0;1;1;0;0;0;0;0;0;0;0;0;0;1;21;3;34
25.01.2025;17:53;A162;1;2;49;4;47;6;26;7;39;0;100;0;100;6;16;2;46;1;13;;;;;;;0;0;0;0;0;0;0;0;0;0;0;0;0;0;0;0;0;0;0;0;1;2;0;0;0;0;0;0;0;0;0;0;0;0;3;45;0;9
25.01.2025;17:52;A162;1;6;15;4;47;1;1;2;10;0;100;0;100;3;6;0;0;0;0;;;;;;;0;0;1;2;1;2;0;0;0;0;0;0;0;0;0;0;0;1;1;2;0;0;0;0;0;0;0;0;0;0;0;0;0;0;0;0;1;2
25.01.2025;17:51;A162;1;4;32;0;53;1;1;0;0;0;100;0;100;0;0;0;0;0;0;;;;;;;1;2;0;0;0;0;0;0;0;0;0;0;0;0;0;0;1;1;0;0;0;0;0;0;0;0;0;0;0;0;0;0;0;0;0;0;0;0
25.01.2025;17:50;A162;1;4;27;4;51;3;5;4;15;0;100;0;100;0;0;0;76;0;0;;;;;;;0;0;0;0;0;0;1;2;0;0;1;2;0;0;0;0;0;0;0;0;0;0;0;0;0;0;0;0;0;0;0;0;0;0;0;0;0;0
25.01.2025;17:49;A162;1;3;9;1;21;3;1;2;11;0;100;0;100;1;11;1;33;0;0;;;;;;;0;0;1;2;1;2;0;0;0;0;0;0;0;0;0;0;0;0;0;0;0;0;0;0;0;0;0;0;0;0;0;0;0;0;1;4;0;0
25.01.2025;17:48;A162;1;3;33;2;61;6;4;5;23;0;100;0;100;1;1;2;36;0;32;;;;;;;1;2;0;0;0;0;0;0;0;0;0;0;0;0;0;0;0;0;0;0;0;0;0;0;0;0;0;0;0;0;0;0;0;0;0;37;0;0
25.01.2025;17:47;A162;1;3;41;2;28;0;0;0;0;0;100;0;100;1;11;3;48;1;29;;;;;;;0;0;0;0;0;0;0;0;0;0;0;0;0;0;0;0;0;0;0;0;0;0;0;0;0;0;0;0;0;0;0;0;0;0;5;50;1;7
25.01.2025;17:46;A162;1;4;2;2;20;2;1;3;13;0;100;0;100;1;5;0;0;1;85;;;;;;;0;0;0;0;0;0;0;0;0;0;0;0;0;0;0;0;0;0;0;0;0;0;0;0;0;0;0;0;0;0;0;0;0;0;0;0;1;5
25.01.2025;17:45;A162;1;5;9;2;54;6;5;2;32;0;100;0;100;3;12;1;1;1;71;;;;;;;0;0;0;0;0;0;0;0;0;0;0;0;0;0;0;0;0;0;0;0;0;0;0;0;0;0;0;0;0;0;0;0;0;0;1;4;1;6
25.01.2025;17:44;A162;1;7;32;3;33;3;2;3;16;0;100;0;100;3;24;1;94;0;0;;;;;;;1;2;1;2;1;2;0;0;0;0;0;0;0;0;0;0;0;0;0;0;0;0;0;0;0;0;0;0;0;0;0;0;0;0;0;0;0;0
25.01.2025;17:43;A162;1;5;28;2;45;4;5;4;19;0;100;0;100;1;6;2;3;1;12;;;;;;;0;0;0;0;0;0;0;0;0;0;0;0;0;0;0;0;0;0;1;2;1;2;0;0;0;0;0;0;1;2;0;0;1;1;4;15;3;11
25.01.2025;17:42;A162;1;4;12;2;77;1;0;1;5;0;100;0;100;0;0;0;0;1;50;;;;;;;0;0;1;2;1;2;0;0;0;0;0;0;0;0;0;0;1;2;0;0;0;0;0;0;1;1;0;0;0;0;0;0;0;0;0;0;2;9
25.01.2025;17:41;A162;1;4;44;12;28;0;0;0;0;0;100;0;100;1;4;1;37;3;35;;;;;;;1;2;0;0;0;0;0;0;0;0;0;0;0;0;0;0;0;0;0;0;0;0;0;0;0;0;0;0;0;0;0;0;0;0;0;41;1;42
25.01.2025;17:40;A162;1;3;2;1;17;6;7;2;41;0;100;0;100;4;12;2;55;1;17;;;;;;;0;0;0;0;0;0;0;0;0;0;0;0;0;0;0;0;0;0;0;0;0;0;0;0;0;0;0;0;0;0;0;0;0;0;3;41;1;45
25.01.2025;17:39;A162;1;3;67;1;78;3;5;2;16;0;100;0;100;1;19;2;8;3;48;;;;;;;0;0;0;0;0;0;0;0;0;0;0;0;0;0;0;0;0;0;0;0;0;0;0;0;1;1;0;0;0;0;0;0;0;0;1;12;3;53
25.01.2025;17:38;A162;1;10;58;2;71;6;9;2;40;0;100;0;100;6;18;1;23;1;83;;;;;;;0;0;1;2;1;2;0;0;0;0;0;0;0;0;0;0;0;0;0;0;1;2;0;0;0;0;0;0;0;0;0;0;0;0;1;4;2;56
25.01.2025;17:37;A162;1;3;2;2;17;0;0;3;14;0;100;0;100;0;0;0;0;0;0;;;;;;;1;2;0;0;0;0;0;0;0;0;0;0;0;0;0;0;0;0;2;3;1;2;0;0;0;0;0;0;0;0;0;0;0;0;0;0;0;0
25.01.2025;17:36;A162;1;3;2;2;14;2;1;3;13;0;100;0;100;1;6;0;0;0;0;;;;;;;0;0;0;0;0;0;0;0;0;0;0;0;0;0;0;0;2;3;1;2;1;2;0;0;0;0;0;0;0;0;0;0;0;0;0;0;0;0
25.01.2025;17:35;A162;1;3;43;3;29;3;2;1;16;0;100;0;100;0;0;0;0;1;49;;;;;;;0;0;0;0;0;0;0;0;0;0;0;0;0;0;0;0;1;2;0;0;0;0;0;0;0;0;0;0;0;0;0;0;0;0;0;0;0;50
25.01.2025;17:34;A162;1;4;54;3;25;4;3;2;17;0;100;0;100;0;0;1;33;1;73;;;;;;;0;0;0;0;0;0;0;0;0;0;0;0;0;0;0;0;0;0;0;0;0;0;0;0;0;0;0;0;0;0;0;0;0;0;1;3;2;21
25.01.2025;17:33;A162;1;3;25;3;24;1;0;1;5;0;100;0;100;2;6;1;41;1;61;;;;;;;0;0;0;0;0;0;0;0;0;0;0;0;0;0;0;0;0;0;0;0;0;0;0;0;0;0;0;0;0;0;0;0;0;0;2;6;1;5
25.01.2025;17:32;A162;1;3;70;4;26;4;15;3;31;0;100;0;100;1;5;1;21;1;18;;;;;;;0;0;0;0;0;0;0;0;0;0;0;0;0;0;0;0;0;0;0;0;0;0;0;0;0;0;0;0;0;0;0;0;0;0;0;20;1;1
25.01.2025;17:31;A162;1;3;37;1;63;1;0;0;4;0;100;0;100;0;3;1;75;1;65;;;;;;;0;0;0;0;0;0;0;0;0;0;0;0;0;0;0;0;0;0;1;2;1;2;0;0;0;0;0;0;0;0;0;0;0;0;3;46;3;12
25.01.2025;17:30;A162;1;6;28;2;83;2;3;3;15;0;100;0;100;2;8;3;73;1;0;;;;;;;0;0;1;2;1;2;0;0;0;0;0;0;0;0;0;0;1;2;0;0;0;0;0;0;0;0;0;0;0;0;0;0;0;0;1;80;8;35
25.01.2025;17:29;A162;1;6;7;3;79;1;1;3;14;0;100;0;100;1;8;0;0;2;5;;;;;;;1;2;0;0;0;0;0;0;0;0;0;0;0;0;0;0;0;0;0;0;0;0;0;0;0;0;0;0;0;0;0;0;0;0;0;0;2;11
25.01.2025;17:28;A162;1;1;16;1;74;1;1;3;9;0;100;0;100;2;7;0;0;1;43;;;;;;;0;0;0;0;0;0;0;0;0;0;0;0;0;0;0;0;0;0;0;0;0;0;0;0;1;3;0;0;0;0;0;0;0;0;0;4;0;0
25.01.2025;17:27;A162;1;3;83;2;93;6;49;2;55;0;100;0;100;1;2;1;15;0;0;;;;;;;0;0;0;0;0;0;0;0;0;0;0;0;0;0;0;0;0;0;1;2;1;2;0;0;0;0;0;0;0;0;0;0;0;0;1;86;1;2
25.01.2025;17:26;A162;1;3;83;0;100;10;29;2;67;0;100;0;100;3;6;1;28;0;0;;;;;;;0;0;1;2;2;3;0;0;0;0;0;0;0;0;0;0;1;2;0;0;0;0;0;0;0;0;0;0;0;0;0;0;0;0;0;100;0;0
25.01.2025;17:25;A162;1;3;89;2;37;4;42;3;47;0;100;0;100;2;4;1;22;0;10;;;;;;;1;2;0;0;1;2;0;0;0;0;0;0;0;0;0;0;0;0;0;0;0;0;0;0;0;0;0;0;0;0;0;0;0;0;1;90;3;9
25.01.2025;17:24;A162;1;5;64;5;52;5;3;3;28;0;100;0;100;2;13;0;0;1;13;;;;;;;2;3;1;2;0;0;0;0;0;0;0;0;0;0;0;0;0;0;0;0;0;0;0;0;0;0;0;0;0;0;0;0;0;0;0;0;2;4
25.01.2025;17:23;A162;1;6;9;4;46;3;3;4;14;0;100;0;100;2;7;0;0;1;20;;;;;;;0;0;0;0;0;0;0;0;0;0;0;0;0;0;0;0;0;0;0;0;0;0;0;0;0;0;0;0;0;0;0;0;0;0;0;0;1;2
25.01.2025;17:22;A162;1;6;7;3;40;5;3;6;29;0;100;0;100;2;38;0;64;0;0;;;;;;;0;0;1;2;1;2;0;0;0;0;0;0;0;0;0;0;0;0;0;0;0;0;0;0;0;0;0;0;0;0;0;0;0;0;0;0;0;0
25.01.2025;17:21;A162;1;2;1;0;14;3;2;3;18;0;100;0;100;1;5;3;10;1;49;;;;;;;1;2;0;0;0;0;0;0;0;0;0;0;0;0;0;0;0;0;0;0;0;0;0;0;0;0;0;0;0;0;0;0;0;0;4;20;0;50
25.01.2025;17:20;A162;1;1;1;2;6;1;1;2;7;0;100;0;100;1;4;0;36;2;18;;;;;;;0;0;0;0;0;0;0;0;0;0;0;0;0;0;0;0;0;0;0;0;0;0;0;0;0;0;0;0;0;0;0;0;0;0;0;0;3;25
25.01.2025;17:19;A162;1;3;65;2;78;5;3;5;26;0;100;0;100;2;12;1;69;1;15;;;;;;;0;0;0;0;0;0;0;0;0;0;0;0;0;0;0;0;0;0;0;0;0;0;0;0;0;0;0;0;0;0;0;0;0;0;1;9;0;0
25.01.2025;17:18;A162;1;4;6;4;57;1;1;1;3;0;100;0;100;0;0;3;73;2;81;;;;;;;0;0;0;0;0;0;0;0;0;0;0;0;0;0;0;0;0;0;0;0;0;0;0;0;0;0;0;0;0;0;0;0;0;0;2;22;3;25
25.01.2025;17:17;A162;1;4;4;1;36;6;11;3;33;0;100;0;100;0;0;1;52;1;63;;;;;;;0;0;0;0;1;2;0;0;0;0;0;0;0;0;0;0;0;0;0;0;0;0;0;0;0;0;0;0;0;0;0;0;0;0;3;47;2;66
25.01.2025;17:16;A162;1;6;13;1;87;5;26;4;45;0;100;0;100;1;5;1;5;2;2;;;;;;;0;0;2;3;0;0;1;2;0;0;1;2;0;0;0;0;0;0;0;0;0;0;0;0;0;0;0;0;0;0;0;0;0;0;0;5;1;5
25.01.2025;17:15;A162;1;1;32;0;100;2;14;2;29;0;100;0;100;1;5;1;97;1;2;;;;;;;1;2;0;0;0;0;0;0;0;0;0;0;0;0;0;0;0;0;0;0;1;2;0;0;0;0;0;0;0;0;0;0;0;0;2;26;0;0
25.01.2025;17:14;A162;1;1;40;3;28;0;0;1;4;0;100;0;100;1;25;4;80;3;42;;;;;;;1;2;1;2;1;2;0;0;0;0;0;0;0;0;0;0;1;2;1;2;0;0;0;0;0;0;0;0;0;0;0;0;0;0;2;31;2;38
25.01.2025;17:13;A162;1;4;10;2;45;1;1;2;21;0;100;0;100;3;22;1;61;0;0;;;;;;;1;2;0;0;0;0;0;0;0;0;0;0;0;0;0;0;0;0;1;2;1;2;0;0;0;0;0;0;0;0;0;0;0;0;3;24;0;0
25.01.2025;17:12;A162;1;2;27;4;32;3;2;1;13;0;100;0;100;0;0;0;20;0;15;;;;;;;0;0;0;0;0;0;0;0;0;0;0;0;0;0;0;0;1;2;0;0;0;0;0;0;0;0;0;0;0;0;0;0;0;0;0;0;0;0
25.01.2025;17:11;A162;1;4;37;3;83;6;4;4;33;0;100;0;100;3;8;1;52;1;29;;;;;;;0;0;0;0;1;2;0;0;0;0;0;0;0;0;0;0;0;0;0;0;0;0;0;0;0;0;0;0;0;0;0;0;0;0;1;2;2;6
25.01.2025;17:10;A162;1;7;52;1;80;2;2;1;12;0;100;0;100;0;0;0;0;0;0;;;;;;;1;2;1;2;0;0;0;0;0;0;0;0;0;0;0;0;0;0;0;0;0;0;0;0;0;0;0;0;0;0;0;0;0;0;0;0;0;0
25.01.2025;17:09;A162;1;3;17;3;45;1;0;1;6;0;100;0;100;0;0;3;73;2;19;;;;;;;0;0;0;0;0;0;0;0;0;0;0;0;0;0;0;0;0;0;0;0;0;0;0;0;0;0;0;0;0;0;0;0;0;0;3;65;2;7
25.01.2025;17:08;A162;1;5;38;2;58;1;1;2;10;0;100;0;100;2;17;0;0;0;69;;;;;;;1;2;1;2;1;2;0;0;0;0;0;0;0;0;0;0;0;0;0;0;0;0;0;0;0;0;0;0;0;0;0;0;0;0;0;0;0;0
25.01.2025;17:07;A162;1;6;51;1;47;2;41;4;20;0;100;0;100;1;4;2;81;1;9;;;;;;;0;0;0;0;0;0;0;0;0;0;0;0;0;0;0;0;0;0;1;2;1;2;0;0;0;0;0;0;0;0;0;0;0;0;0;85;3;18
25.01.2025;17:06;A162;1;2;59;2;66;3;5;2;18;0;100;0;100;0;0;4;82;1;61;;;;;;;0;0;0;0;0;0;0;0;0;0;0;0;0;0;0;0;1;2;1;2;1;2;0;0;0;0;0;0;0;0;0;0;0;0;2;94;1;18
25.01.2025;17:05;A162;1;1;2;2;60;4;9;3;29;0;100;0;100;1;34;1;84;2;57;;;;;;;0;0;0;0;0;0;0;0;0;0;0;0;0;0;0;0;1;2;0;0;1;2;0;0;0;0;0;0;0;0;0;0;0;0;1;90;1;52
25.01.2025;17:04;A162;1;3;81;0;94;2;36;3;22;0;100;0;100;2;6;3;83;4;93;;;;;;;0;0;0;0;0;0;0;0;0;0;0;0;0;0;0;0;1;2;1;2;0;0;0;0;0;0;0;0;0;0;0;0;0;0;1;98;2;97
25.01.2025;17:03;A162;1;2;2;3;21;5;3;1;19;0;100;0;100;0;0;1;78;1;95;;;;;;;0;0;0;0;0;0;0;0;0;0;0;0;0;0;0;0;0;0;0;0;0;0;0;0;0;0;0;0;0;0;0;0;0;0;2;78;1;96
25.01.2025;17:02;A162;1;4;27;1;44;2;2;2;17;0;100;0;100;3;6;0;81;1;0;;;;;;;0;0;1;2;1;2;0;0;0;0;0;0;0;0;0;0;0;0;0;0;0;0;0;0;0;0;0;0;0;0;0;0;0;0;0;0;2;2
25.01.2025;17:01;A162;1;2;33;3;30;3;2;3;21;0;100;0;100;1;19;1;7;1;68;;;;;;;1;2;0;0;0;0;0;0;0;0;0;0;0;0;0;0;0;0;0;0;0;0;0;0;0;0;0;0;0;0;0;0;0;0;1;8;1;39
25.01.2025;17:00;A162;1;2;56;2;66;3;2;2;10;0;100;0;100;1;24;1;18;3;51;;;;;;;0;0;0;0;0;0;0;0;0;0;0;0;0;0;0;0;0;0;0;0;0;0;0;0;0;0;0;0;0;0;0;0;0;0;1;32;1;59
25.01.2025;16:59;A162;1;4;4;3;24;0;0;0;0;0;100;0;100;1;7;0;0;0;0;;;;;;;0;0;0;0;0;0;0;0;0;0;0;0;0;0;0;0;0;0;0;0;0;0;0;0;0;0;0;0;0;0;0;0;0;0;0;0;1;2
25.01.2025;16:58;A162;1;5;5;2;37;4;3;3;17;0;100;0;100;1;14;0;0;1;24;;;;;;;0;0;0;0;0;0;0;0;0;0;0;0;0;0;0;0;0;0;0;0;0;0;0;0;0;0;0;0;0;0;0;0;0;0;0;0;0;25
25.01.2025;16:57;A162;1;4;5;0;95;7;15;5;58;0;100;0;100;4;19;0;0;1;23;;;;;;;0;0;0;0;0;0;0;0;0;0;0;0;0;0;0;0;0;0;0;0;1;2;0;0;0;0;0;0;0;0;0;0;0;0;0;0;4;22
25.01.2025;16:56;A162;1;4;43;3;33;2;3;1;8;0;100;0;100;2;2;0;0;0;0;;;;;;;0;0;0;0;0;0;0;0;0;0;0;0;0;0;0;0;1;2;1;2;0;0;0;0;0;0;0;0;0;0;0;0;0;0;0;0;0;0
25.01.2025;16:55;A162;1;9;40;3;48;3;2;3;23;0;100;0;100;2;6;0;0;3;56;;;;;;;0;0;0;0;0;0;0;0;0;0;0;0;0;0;0;0;0;0;0;0;0;0;0;0;0;0;0;0;0;0;0;0;0;0;0;0;3;35
25.01.2025;16:54;A162;1;6;69;2;77;4;3;5;27;0;100;0;100;3;37;0;0;0;0;;;;;;;1;2;2;3;2;3;0;0;0;0;0;0;0;0;0;0;0;0;0;0;0;0;0;0;0;0;0;0;0;0;0;0;0;0;0;0;0;0
25.01.2025;16:53;A162;1;6;47;2;24;2;3;3;20;0;100;0;100;1;29;1;79;0;0;;;;;;;1;2;0;0;0;0;0;0;0;0;0;0;0;0;0;0;0;0;1;2;1;2;0;0;0;0;1;1;0;0;0;0;0;0;1;81;0;0
25.01.2025;16:52;A162;1;1;2;2;10;3;28;1;70;0;100;0;100;0;72;3;50;0;33;;;;;;;0;0;0;0;0;0;0;0;0;0;0;0;0;0;0;0;1;2;0;0;0;0;0;0;0;0;0;0;0;0;0;0;0;0;4;28;0;0
25.01.2025;16:51;A162;1;4;5;2;28;3;2;4;56;0;100;0;100;1;45;0;0;1;39;;;;;;;1;2;1;2;1;2;0;0;0;0;0;0;0;0;0;0;0;0;0;0;0;0;0;0;0;0;0;0;0;0;0;0;0;0;0;0;1;7
25.01.2025;16:50;A162;1;3;4;2;19;3;1;2;14;0;100;0;100;2;22;1;1;2;6;;;;;;;0;0;0;0;0;0;0;0;0;0;0;0;0;0;0;0;0;0;0;0;0;0;0;0;0;0;1;1;2;3;0;0;0;0;0;5;1;9
25.01.2025;16:49;A162;1;7;6;2;26;3;5;1;15;0;100;0;100;0;0;2;78;2;98;;;;;;;0;0;0;0;0;0;0;0;0;0;1;2;0;0;0;0;0;0;0;0;0;0;0;0;0;0;0;0;0;0;0;0;0;0;1;87;1;19
25.01.2025;16:48;A162;1;7;26;2;56;2;4;2;20;0;100;0;100;0;0;0;0;2;71;;;;;;;0;0;0;0;0;0;1;2;0;0;0;0;0;0;0;0;0;0;0;0;0;0;0;0;0;0;0;0;0;0;0;0;0;0;0;0;2;86
25.01.2025;16:47;A162;1;7;72;1;95;4;3;2;14;0;100;0;100;1;4;2;71;1;72;;;;;;;0;0;0;0;0;0;0;0;0;0;0;0;0;0;0;0;0;0;0;0;0;0;0;0;0;0;0;0;0;0;0;0;0;0;1;35;1;23
25.01.2025;16:46;A162;1;6;59;1;96;2;26;2;38;0;100;0;100;0;0;0;0;1;8;;;;;;;0;0;1;2;1;2;0;0;0;0;0;0;0;0;0;0;0;0;0;0;0;0;0;0;0;0;0;0;0;0;0;0;0;0;1;4;1;6
25.01.2025;16:45;A162;1;1;59;1;66;3;5;2;53;0;100;0;100;1;87;1;62;1;63;;;;;;;1;2;0;0;0;1;0;0;0;0;0;0;0;0;0;0;0;0;2;3;2;3;1;1;0;0;0;0;0;0;0;0;0;0;0;63;1;20
25.01.2025;16:44;A162;1;4;41;2;63;4;5;5;19;0;100;0;100;1;8;1;44;1;59;;;;;;;1;2;1;2;1;1;0;0;0;0;0;0;0;0;0;0;2;3;0;0;0;0;0;0;0;0;0;0;0;0;0;0;0;0;3;16;1;7
25.01.2025;16:43;A162;1;6;10;2;52;5;4;4;18;0;100;0;100;2;12;1;5;2;34;;;;;;;1;2;1;2;0;0;0;0;0;0;0;0;0;0;0;0;0;0;0;0;0;0;0;0;0;0;0;0;0;0;0;0;0;0;0;9;1;17
25.01.2025;16:42;A162;1;2;43;2;29;4;2;4;14;0;100;0;100;0;0;1;42;1;41;;;;;;;1;2;1;2;1;2;0;0;0;0;0;0;0;0;0;0;0;0;0;0;0;0;0;0;0;0;0;0;0;0;0;0;0;0;1;46;1;45
25.01.2025;16:41;A162;1;6;6;5;37;5;3;2;13;0;100;0;100;0;0;0;0;1;50;;;;;;;0;0;0;0;0;0;0;0;0;0;0;0;0;0;0;0;0;0;0;0;0;0;0;0;0;0;0;0;0;0;0;0;0;0;0;0;1;9
25.01.2025;16:40;A162;1;5;6;4;27;5;3;5;21;0;100;0;100;1;3;2;13;3;32;;;;;;;0;0;0;0;0;0;0;0;0;0;0;0;0;0;0;0;0;0;0;0;0;0;0;0;0;0;0;0;0;0;0;0;0;0;0;0;1;32
25.01.2025;16:39;A162;1;6;51;1;38;2;1;2;6;0;100;0;100;1;18;0;0;0;52;;;;;;;0;0;0;0;0;0;0;0;0;0;0;0;0;0;0;0;0;0;0;0;0;0;0;0;0;0;0;0;0;0;0;0;0;0;1;4;1;2
25.01.2025;16:38;A162;1;5;64;3;93;2;2;2;8;0;100;0;100;0;0;0;38;3;61;;;;;;;0;0;0;0;0;0;0;0;0;0;0;0;0;0;0;0;0;0;0;0;0;0;0;0;0;0;0;0;0;0;0;0;0;0;0;0;1;55
25.01.2025;16:37;A162;1;3;75;1;94;2;25;2;15;0;100;0;100;0;0;1;7;1;12;;;;;;;0;0;0;0;0;0;0;0;0;0;0;0;0;0;0;0;0;0;0;0;1;2;0;0;0;0;0;0;0;0;0;0;0;0;2;10;2;17
25.01.2025;16:36;A162;1;3;4;1;83;3;18;3;19;0;100;0;100;1;38;4;29;2;28;;;;;;;0;0;0;0;0;0;0;0;0;0;0;0;0;0;0;0;1;2;1;2;2;3;0;0;0;0;0;0;0;0;0;0;0;0;0;37;1;24
25.01.2025;16:35;A162;1;2;3;2;12;6;7;4;25;0;100;0;100;1;4;1;81;1;56;;;;;;;0;0;0;0;0;0;0;0;0;0;0;0;0;0;0;0;1;2;2;3;0;0;0;0;1;1;0;0;0;0;0;0;0;0;3;60;1;9
25.01.2025;16:34;A162;1;2;4;2;12;7;7;3;29;0;100;0;100;1;8;2;89;2;14;;;;;;;0;0;0;0;0;0;0;0;0;0;0;0;0;0;0;0;1;2;0;0;0;0;0;0;0;0;0;0;0;0;0;0;0;0;3;69;1;69
25.01.2025;16:33;A162;1;3;2;4;22;3;6;2;23;0;100;0;100;1;6;0;0;2;81;;;;;;;0;0;0;0;0;0;0;0;0;0;0;0;0;0;0;0;0;0;0;0;0;0;0;0;0;0;0;0;0;0;0;0;0;0;0;0;1;85
25.01.2025;16:32;A162;1;3;1;1;6;3;2;3;8;0;100;0;100;2;66;0;0;2;42;;;;;;;0;0;0;0;0;0;0;0;0;0;0;0;0;0;0;0;0;0;0;0;0;0;0;0;0;0;1;1;1;1;1;1;1;1;0;0;3;41
25.01.2025;16:31;A162;1;2;25;3;22;5;4;4;16;0;100;0;100;4;39;2;16;0;0;;;;;;;0;0;0;0;0;0;0;0;0;0;0;0;0;0;0;0;0;0;0;0;0;0;0;0;0;0;0;0;0;0;0;0;0;0;2;11;0;0
25.01.2025;16:30;A162;1;4;3;4;21;3;2;3;9;0;100;0;100;2;10;1;1;0;19;;;;;;;0;0;0;0;0;0;0;0;0;0;0;0;0;0;0;0;0;0;0;0;0;0;0;0;0;0;0;0;0;0;0;0;0;0;1;4;0;0
25.01.2025;16:29;A162;1;8;11;6;49;6;3;6;17;0;100;0;100;2;7;0;0;1;54;;;;;;;1;2;1;2;1;2;0;0;0;0;0;0;0;0;0;0;0;0;0;0;0;0;0;0;0;0;0;0;0;0;0;0;0;0;0;0;1;8
25.01.2025;16:28;A162;1;4;4;2;17;3;5;2;20;0;100;0;100;0;25;2;51;0;0;;;;;;;0;0;0;0;0;0;0;0;0;0;0;0;0;0;0;0;0;0;0;0;0;0;0;0;0;0;1;1;0;0;0;0;1;1;2;17;0;0
25.01.2025;16:27;A162;1;4;20;1;28;7;4;7;19;0;100;0;100;2;7;2;30;0;0;;;;;;;1;2;1;2;1;2;0;0;0;0;0;0;0;0;0;0;1;2;1;2;1;2;0;0;0;0;1;1;0;0;0;0;0;0;0;100;0;0
25.01.2025;16:26;A162;1;6;23;1;55;8;5;8;22;0;100;0;100;2;11;1;66;0;0;;;;;;;0;0;1;2;1;2;0;0;0;0;0;0;0;0;0;0;0;0;0;0;0;0;0;0;0;0;0;0;0;0;0;0;0;0;1;71;0;0
25.01.2025;16:25;A162;1;2;3;2;83;4;2;5;17;0;100;0;100;2;13;1;38;0;48;;;;;;;1;2;0;0;0;0;0;0;0;0;0;0;0;0;0;0;0;0;0;0;0;0;0;0;0;0;0;0;0;0;0;0;0;0;1;43;0;0
25.01.2025;16:24;A162;1;7;64;2;74;3;2;1;16;0;100;0;100;0;0;0;0;2;69;;;;;;;0;0;0;0;0;0;0;0;0;0;0;0;0;0;0;0;0;0;0;0;0;0;0;0;0;0;0;0;0;0;0;0;0;0;0;0;2;15
25.01.2025;16:23;A162;1;4;5;4;86;6;18;2;38;0;100;0;100;1;4;0;15;0;15;;;;;;;0;0;0;0;0;0;0;0;0;0;0;0;0;0;0;0;0;0;0;0;0;0;0;0;0;0;0;0;0;0;0;0;0;0;0;0;0;0
25.01.2025;16:22;A162;1;5;7;2;45;4;9;2;30;0;100;0;100;0;0;2;72;1;18;;;;;;;0;0;0;0;0;0;0;0;0;0;0;0;0;0;0;0;0;0;0;0;1;2;0;0;1;1;0;0;1;1;0;0;0;0;3;25;1;8
25.01.2025;16:21;A162;1;6;10;3;50;0;3;0;0;0;100;0;100;1;6;0;0;0;0;;;;;;;0;0;1;2;1;2;0;0;0;0;0;0;0;0;0;0;0;0;1;2;0;0;0;0;1;1;0;0;1;1;0;0;1;1;0;0;0;0
25.01.2025;16:20;A162;1;3;15;3;24;3;8;3;13;0;100;0;100;0;0;1;80;3;86;;;;;;;1;2;1;2;1;2;0;0;0;0;1;2;0;0;0;0;1;2;0;0;0;0;0;0;0;0;0;0;0;0;1;1;0;0;1;4;2;57
25.01.2025;16:19;A162;1;3;31;4;23;4;4;5;15;0;100;0;100;2;9;1;30;1;5;;;;;;;1;2;0;0;0;0;0;0;0;0;0;0;0;0;0;0;0;0;0;0;0;0;0;0;0;0;0;0;0;0;0;0;0;0;2;8;2;7
25.01.2025;16:18;A162;1;4;45;4;28;4;3;4;14;0;100;0;100;1;4;2;53;0;0;;;;;;;0;0;0;0;0;0;0;0;0;0;0;0;0;0;0;0;0;0;0;0;0;0;0;0;0;0;0;0;0;0;0;0;0;0;0;57;0;0
25.01.2025;16:17;A162;1;0;0;0;5;9;8;4;28;0;100;0;100;3;23;1;72;3;39;;;;;;;0;0;0;0;0;0;0;0;0;0;0;0;0;0;0;0;0;0;0;0;0;0;0;0;0;0;0;0;0;0;0;0;0;0;2;40;0;45
25.01.2025;16:16;A162;1;4;9;1;35;3;13;3;26;0;100;0;100;1;10;2;61;2;70;;;;;;;0;0;0;0;0;0;0;0;0;0;0;0;0;0;0;0;0;0;0;0;0;0;0;0;0;0;0;0;0;0;0;0;0;0;1;38;1;79
25.01.2025;16:15;A162;1;5;74;1;99;3;2;3;22;0;100;0;100;1;5;1;19;1;71;;;;;;;0;0;1;2;1;2;0;0;0;0;0;0;0;0;0;0;0;0;0;0;1;2;0;0;0;0;0;0;0;0;0;0;0;0;1;25;1;78
25.01.2025;16:14;A162;1;2;83;1;91;2;16;2;8;0;100;0;100;1;29;0;7;1;13;;;;;;;1;2;0;0;0;0;0;0;0;0;0;0;0;0;0;0;1;2;1;2;0;0;1;1;0;0;0;0;0;0;0;0;0;0;0;0;0;16
25.01.2025;16:13;A162;1;6;18;4;33;2;1;2;6;0;100;0;100;0;4;1;13;1;79;;;;;;;0;0;1;2;1;2;0;0;0;0;0;0;0;0;0;0;0;0;1;2;1;2;0;0;0;0;0;0;0;0;0;0;0;0;1;9;2;10
25.01.2025;16:12;A162;1;5;18;2;61;1;1;2;6;0;100;0;100;3;8;0;0;0;0;;;;;;;3;5;3;5;3;5;0;0;0;0;0;0;0;0;0;0;1;2;0;0;0;0;0;0;0;0;0;0;0;0;0;0;0;0;0;0;0;0
25.01.2025;16:11;A162;1;1;30;3;33;6;3;5;17;0;100;0;100;0;0;0;0;0;0;;;;;;;1;2;0;0;0;0;0;0;0;0;0;0;0;0;0;0;0;0;0;0;0;0;0;0;0;0;0;0;0;0;0;0;0;0;0;0;0;0
25.01.2025;16:10;A162;1;4;49;1;22;2;2;3;10;0;100;0;100;0;0;0;0;1;36;;;;;;;0;0;0;0;0;0;0;0;0;0;0;0;0;0;0;0;0;0;0;0;0;0;0;0;0;0;0;0;0;0;0;0;0;0;0;0;0;3
25.01.2025;16:09;A162;1;3;11;2;84;3;20;2;33;0;100;0;100;1;14;0;26;0;0;;;;;;;0;0;0;0;0;0;0;0;0;0;0;0;0;0;0;0;0;0;0;0;0;0;0;0;0;0;0;0;1;1;0;0;0;0;0;0;1;5
25.01.2025;16:08;A162;1;5;80;0;100;3;2;2;10;0;100;0;100;1;4;3;52;2;24;;;;;;;0;0;0;0;0;0;0;0;0;0;0;0;0;0;0;0;0;0;0;0;1;2;0;0;1;1;0;0;0;0;0;0;0;0;1;37;1;22
25.01.2025;16:07;A162;1;3;69;2;62;2;22;1;32;0;100;0;100;1;4;3;92;4;90;;;;;;;0;0;0;0;0;0;0;0;0;0;0;0;0;0;0;0;1;2;2;3;1;2;0;0;0;0;0;0;0;0;0;0;0;0;1;71;0;28
25.01.2025;16:06;A162;1;5;39;3;29;5;5;2;18;0;100;0;100;1;4;1;78;1;77;;;;;;;0;0;0;0;0;0;0;0;0;0;0;0;0;0;0;0;2;3;1;2;1;2;0;0;0;0;1;1;0;0;0;0;0;0;1;92;1;92
25.01.2025;16:05;A162;1;4;24;3;17;1;7;2;13;0;100;0;100;1;7;1;12;0;0;;;;;;;0;0;0;0;0;0;0;0;0;0;0;0;0;0;0;0;0;0;1;2;1;2;0;0;0;0;0;0;0;0;0;0;0;0;1;30;0;0
25.01.2025;16:04;A162;1;3;49;2;11;5;5;3;28;0;100;0;100;0;0;2;44;0;0;;;;;;;0;0;1;2;1;2;0;0;0;0;0;0;0;0;0;0;1;2;0;0;0;0;0;0;0;0;0;0;0;0;0;0;0;0;3;15;1;9
25.01.2025;16:03;A162;1;3;5;2;13;9;10;5;42;0;100;0;100;0;0;0;0;2;36;;;;;;;1;2;0;0;0;0;0;0;0;0;0;0;0;0;0;0;0;0;0;0;0;0;0;0;0;0;0;0;0;0;0;0;0;0;2;17;1;39
25.01.2025;16:02;A162;1;0;0;3;11;4;10;4;14;0;100;0;100;3;9;1;22;3;83;;;;;;;0;0;0;0;0;0;0;0;0;0;0;0;0;0;0;0;0;0;0;0;0;0;0;0;0;0;1;1;0;0;0;0;0;0;0;23;2;48
25.01.2025;16:01;A162;1;6;74;0;97;2;1;3;6;0;100;0;100;2;35;2;45;2;72;;;;;;;0;0;0;0;0;0;0;0;0;0;0;0;0;0;0;0;0;0;0;0;0;0;0;0;0;0;0;0;0;0;0;0;0;0;4;21;3;77
25.01.2025;16:00;A162;1;7;24;2;93;5;3;4;11;0;100;0;100;2;22;0;0;0;0;;;;;;;0;0;1;2;1;2;0;0;0;0;0;0;0;0;0;0;0;0;0;0;0;0;0;0;1;1;0;0;0;0;0;0;0;0;0;0;0;0
25.01.2025;15:59;A162;1;3;35;4;50;2;1;1;3;0;100;0;100;2;7;0;0;4;87;;;;;;;1;2;0;0;0;0;0;0;0;0;0;0;0;0;0;0;0;0;0;0;0;0;0;0;0;0;0;0;0;0;0;0;0;0;0;0;2;57
25.01.2025;15:58;A162;1;9;33;2;83;2;4;3;18;0;100;0;100;2;22;1;33;3;59;;;;;;;0;0;0;0;0;0;0;0;0;0;0;0;0;0;0;0;0;0;0;0;0;0;0;0;0;0;0;0;0;0;0;0;0;0;1;6;3;59
25.01.2025;15:57;A162;1;1;15;1;83;2;5;1;13;0;100;0;100;2;32;3;70;1;70;;;;;;;0;0;0;0;0;0;0;0;0;0;0;0;0;0;0;0;0;0;0;0;1;2;0;0;0;0;0;0;0;0;0;0;0;0;2;38;1;69
25.01.2025;15:56;A162;1;3;72;2;88;1;4;2;13;0;100;0;100;1;88;0;0;2;33;;;;;;;0;0;1;2;1;2;0;0;0;0;0;0;0;0;0;0;0;0;1;2;0;0;0;0;0;0;0;0;0;0;0;0;0;0;1;4;2;13
25.01.2025;15:55;A162;1;8;7;0;100;2;1;4;12;0;100;0;100;1;10;0;14;2;20;;;;;;;1;2;0;0;0;0;0;0;0;0;0;0;0;0;0;0;1;2;0;0;0;0;0;0;0;0;0;0;0;0;0;0;0;0;0;0;0;21
25.01.2025;15:54;A162;1;5;5;5;25;7;3;7;18;0;100;0;100;1;3;1;81;1;84;;;;;;;0;0;0;0;0;0;0;0;0;0;0;0;0;0;0;0;0;0;0;0;0;0;0;0;0;0;0;0;0;0;0;0;0;0;1;8;2;73
25.01.2025;15:53;A162;1;1;60;1;76;8;26;3;51;0;100;0;100;2;19;0;0;0;9;;;;;;;0;0;1;2;1;2;0;0;0;0;0;0;0;0;0;0;0;0;0;0;0;1;0;0;0;0;0;0;0;0;0;0;0;0;0;0;0;0
25.01.2025;15:52;A162;1;1;27;3;40;0;0;1;1;0;100;0;100;0;0;0;0;0;100;;;;;;;1;2;0;0;0;0;0;0;0;0;0;0;0;0;0;0;0;0;1;2;1;1;0;0;0;0;0;0;0;0;0;0;0;0;0;0;0;0
25.01.2025;15:51;A162;1;6;27;1;43;0;0;0;0;0;100;0;100;0;0;0;65;2;45;;;;;;;0;0;2;3;2;3;0;0;0;0;0;0;0;0;0;0;1;2;0;0;0;0;0;0;0;0;0;0;0;0;0;0;0;0;0;34;1;5
25.01.2025;15:50;A162;1;9;49;6;82;4;11;3;24;0;100;0;100;2;12;1;68;0;60;;;;;;;2;3;0;0;0;0;1;2;0;0;1;2;0;0;0;0;0;0;0;0;0;0;0;0;0;0;0;0;0;0;0;0;0;0;2;14;0;0
25.01.2025;15:49;A162;1;3;2;1;10;2;9;1;7;0;100;0;100;0;0;1;69;1;47;;;;;;;0;0;0;0;0;0;0;0;0;0;0;0;0;0;0;0;0;0;0;0;0;0;0;0;0;0;0;0;0;0;0;0;0;0;1;7;1;6
25.01.2025;15:48;A162;1;3;1;3;19;1;0;1;2;0;100;0;100;0;0;1;71;1;71;;;;;;;0;0;0;0;0;0;0;0;0;0;0;0;0;0;0;0;0;0;0;0;0;0;0;0;0;0;0;0;0;0;0;0;0;0;1;29;1;9
25.01.2025;15:47;A162;1;2;41;1;52;2;1;2;3;0;100;0;100;2;21;1;87;1;80;;;;;;;0;0;0;0;0;0;0;0;0;0;0;0;0;0;0;0;0;0;0;0;0;0;0;0;0;0;0;0;0;0;0;0;0;0;2;7;1;8
25.01.2025;15:46;A162;1;3;53;3;40;5;7;0;36;0;100;0;100;0;0;2;60;0;0;;;;;;;0;0;0;0;0;0;0;0;0;0;0;0;0;0;0;0;0;0;0;0;0;0;0;0;0;0;1;1;2;3;0;0;1;1;2;27;0;0
25.01.2025;15:45;A162;1;6;22;1;62;4;3;3;35;0;100;0;100;1;8;2;17;1;2;;;;;;;1;2;1;2;1;2;0;0;0;0;0;0;0;0;0;0;0;0;0;0;0;0;0;0;0;0;0;0;0;0;0;0;0;0;2;9;1;7
25.01.2025;15:44;A162;1;3;4;0;100;7;11;4;38;0;100;0;100;0;12;1;69;0;81;;;;;;;0;0;0;0;0;0;0;0;0;0;0;0;0;0;0;0;0;0;0;0;0;0;1;1;1;1;0;0;0;0;0;0;0;0;1;6;0;0
25.01.2025;15:43;A162;1;4;19;2;92;3;16;2;30;0;100;0;100;2;27;0;0;1;7;;;;;;;0;0;1;2;1;2;0;0;0;0;0;0;0;0;0;0;0;0;0;0;0;0;0;0;0;0;0;0;0;0;0;0;0;0;0;0;1;6
25.01.2025;15:42;A162;1;2;89;0;100;3;15;4;32;0;100;0;100;2;44;0;0;1;36;;;;;;;0;0;1;2;1;2;0;0;0;0;0;0;0;0;0;0;0;0;0;0;1;2;1;1;0;0;0;0;0;0;0;0;0;0;0;0;1;6
25.01.2025;15:41;A162;1;1;2;2;16;1;1;0;2;0;100;0;100;0;0;2;22;2;3;;;;;;;1;2;0;0;0;0;0;0;0;0;0;0;0;0;0;0;0;0;1;2;0;0;0;0;0;0;0;0;0;0;0;0;0;0;0;29;0;29
25.01.2025;15:40;A162;1;1;0;2;7;4;3;5;21;0;100;0;100;0;0;2;72;0;0;;;;;;;1;2;0;0;0;0;0;0;0;0;0;0;0;0;0;0;1;2;0;0;0;0;0;0;0;0;0;0;0;0;0;0;0;0;2;59;1;1
25.01.2025;15:39;A162;1;3;4;2;47;5;30;0;41;0;100;0;100;0;8;2;38;2;41;;;;;;;0;0;0;0;0;0;0;0;0;0;0;0;0;0;0;0;0;0;0;0;1;2;0;0;0;0;0;0;0;0;0;0;0;0;1;39;1;20
25.01.2025;15:38;A162;1;4;28;4;49;1;0;2;8;0;100;0;100;1;0;0;0;1;66;;;;;;;0;0;0;0;0;0;0;0;0;0;0;0;0;0;0;0;1;2;2;3;1;2;0;0;0;0;0;0;0;0;0;0;0;0;1;2;2;11
25.01.2025;15:37;A162;1;3;29;4;48;5;4;3;20;0;100;0;100;0;0;1;17;1;26;;;;;;;0;0;0;0;0;0;0;0;0;0;0;0;0;0;0;0;1;2;0;0;0;0;0;0;0;0;0;0;0;0;0;0;0;0;2;17;1;5
25.01.2025;15:36;A162;1;4;2;1;18;2;32;2;38;0;100;0;100;0;0;3;78;0;0;;;;;;;0;0;0;0;0;0;0;0;0;0;0;0;0;0;0;0;1;2;1;2;1;2;0;0;0;0;0;0;0;0;0;0;0;0;0;86;0;0
25.01.2025;15:35;A162;1;2;2;4;77;3;8;3;14;0;100;0;100;1;5;3;78;1;38;;;;;;;0;0;0;0;0;0;0;0;0;0;0;0;0;0;0;0;0;0;0;0;0;0;0;0;0;0;1;1;1;1;0;0;0;0;2;56;1;33
25.01.2025;15:34;A162;1;4;66;3;21;7;10;3;42;0;100;0;100;1;2;1;72;2;43;;;;;;;0;0;0;0;0;0;0;0;0;0;0;0;0;0;0;0;0;0;0;0;1;2;0;0;0;0;0;0;0;0;0;0;0;0;3;13;1;44
25.01.2025;15:33;A162;1;4;3;2;15;5;5;3;20;0;100;0;100;2;47;2;67;2;60;;;;;;;0;0;0;0;0;0;0;0;0;0;0;0;0;0;0;0;1;2;1;2;0;0;0;0;0;0;0;0;0;0;0;0;0;0;1;21;1;69
25.01.2025;15:32;A162;1;6;51;3;21;5;14;3;26;0;100;0;100;3;31;1;5;1;41;;;;;;;0;0;0;0;0;0;0;0;0;0;0;0;0;0;0;0;0;0;0;0;0;0;0;0;0;0;0;0;0;0;0;0;0;0;1;11;2;41
25.01.2025;15:31;A162;1;8;53;1;74;0;0;1;5;0;100;0;100;1;7;2;86;4;94;;;;;;;0;0;1;2;1;2;0;0;0;0;0;0;0;0;0;0;0;0;0;0;0;0;0;0;0;0;0;0;0;0;0;0;0;0;2;76;1;92
25.01.2025;15:30;A162;1;4;37;4;61;0;0;0;0;0;100;0;100;0;0;1;70;2;78;;;;;;;2;3;2;3;2;3;0;0;0;0;0;0;0;0;0;0;0;0;0;0;0;0;0;0;0;0;0;0;0;0;0;0;0;0;0;2;1;85
25.01.2025;15:29;A162;1;6;45;5;20;1;1;1;4;0;100;0;100;1;3;0;0;1;47;;;;;;;2;3;1;2;1;2;0;0;0;0;0;0;0;0;0;0;0;0;0;0;0;0;0;0;0;0;0;0;0;0;0;0;0;0;1;5;2;18
25.01.2025;15:28;A162;1;5;80;0;94;3;2;3;15;0;100;0;100;1;10;0;0;0;42;;;;;;;0;0;1;2;1;2;0;0;0;0;0;0;0;0;0;0;0;0;0;0;0;0;0;0;0;0;0;0;0;0;0;0;0;0;0;0;0;0
25.01.2025;15:27;A162;1;3;4;2;35;1;12;3;8;0;100;0;100;0;0;2;19;9;35;;;;;;;1;2;0;0;0;0;0;0;0;0;0;0;0;0;0;0;0;0;0;0;0;0;0;0;0;0;0;0;0;0;0;0;0;0;0;22;3;55
25.01.2025;15:26;A162;1;1;1;3;11;2;1;3;2;0;100;0;100;1;7;2;72;3;70;;;;;;;0;0;0;0;0;0;0;0;0;0;0;0;0;0;0;0;0;0;0;0;0;0;0;0;0;0;0;0;0;0;0;0;0;0;1;80;1;80
25.01.2025;15:25;A162;1;4;4;3;20;3;16;0;25;0;100;0;100;2;18;3;61;1;66;;;;;;;0;0;0;0;0;0;0;0;0;0;0;0;0;0;0;0;0;0;0;0;0;0;0;0;0;0;0;0;0;0;0;0;0;0;2;55;2;69
25.01.2025;15:24;A162;1;10;17;4;54;1;0;1;5;0;100;0;100;1;4;1;97;1;14;;;;;;;0;0;0;0;0;0;0;0;0;0;0;0;0;0;0;0;0;0;0;0;0;0;0;0;0;0;0;0;0;0;0;0;0;0;1;78;2;12
25.01.2025;15:23;A162;1;9;40;0;100;4;3;5;12;0;100;0;100;1;59;1;29;0;0;;;;;;;0;0;0;0;0;0;0;0;0;0;0;0;0;0;0;0;0;0;0;0;0;0;0;0;0;0;0;0;0;0;0;0;0;0;1;9;0;0
25.01.2025;15:22;A162;1;2;20;0;100;2;20;2;25;0;100;0;100;2;47;0;75;0;0;;;;;;;0;0;0;0;0;0;0;0;0;0;0;0;0;0;0;0;0;0;0;0;1;2;0;0;0;0;0;0;0;0;0;0;0;0;0;0;0;0
25.01.2025;15:21;A162;1;2;82;1;91;7;19;5;29;0;100;0;100;2;30;1;23;2;33;;;;;;;0;0;0;0;0;0;0;0;0;0;0;0;0;0;0;0;0;0;1;2;0;0;0;0;0;0;0;0;1;3;0;0;0;0;1;6;0;37
25.01.2025;15:20;A162;1;7;43;4;25;3;12;3;10;0;100;0;100;1;2;1;16;1;26;;;;;;;0;0;0;0;0;0;0;0;0;0;0;0;0;0;0;0;1;2;0;0;0;0;0;0;1;1;0;0;1;1;0;0;0;0;1;11;2;28
25.01.2025;15:19;A162;1;1;10;1;6;3;3;3;29;0;100;0;100;1;5;2;15;0;0;;;;;;;0;0;0;0;0;0;0;0;0;0;0;0;0;0;0;0;0;0;0;0;0;0;0;0;0;0;0;0;0;0;0;0;0;0;1;12;0;0
25.01.2025;15:18;A162;1;6;3;5;26;7;9;6;24;0;100;0;100;2;12;1;99;0;0;;;;;;;0;0;0;0;0;0;1;2;0;0;1;2;0;0;0;0;0;0;0;0;0;0;0;0;1;1;0;0;0;0;0;0;0;0;1;16;0;0
25.01.2025;15:17;A162;1;9;33;4;65;5;4;5;14;0;100;0;100;4;35;0;0;0;0;;;;;;;0;0;1;2;1;2;0;0;0;0;0;0;0;0;0;0;0;0;0;0;0;0;0;0;0;0;0;0;0;0;0;0;0;0;1;4;0;0
25.01.2025;15:16;A162;1;3;51;3;45;6;6;5;19;0;100;0;100;1;5;3;68;0;0;;;;;;;1;2;0;0;0;0;0;0;0;0;0;0;0;0;0;0;0;0;0;0;0;0;0;0;0;0;0;0;0;0;0;0;0;0;0;73;0;0
25.01.2025;15:15;A162;1;3;14;0;24;3;9;1;22;0;100;0;100;2;9;1;2;1;62;;;;;;;0;0;1;2;1;2;0;0;0;0;0;0;0;0;0;0;0;0;0;0;0;0;1;1;0;0;0;0;1;3;0;0;1;1;1;11;0;63
25.01.2025;15:14;A162;1;1;65;1;75;1;9;1;7;0;100;0;100;2;28;0;52;1;76;;;;;;;1;2;0;0;0;0;0;0;0;0;0;0;0;0;0;0;1;2;2;3;2;3;0;0;0;0;0;0;0;0;0;0;0;0;0;0;2;8
25.01.2025;15:13;A162;1;3;13;2;23;4;3;5;53;0;100;0;100;1;2;2;37;2;52;;;;;;;0;0;0;1;1;2;0;0;0;0;0;0;0;0;0;0;1;2;0;0;0;0;0;0;0;0;0;0;0;0;0;0;0;0;1;30;2;28
25.01.2025;15:12;A162;1;5;55;2;87;3;2;4;26;0;100;0;100;4;7;1;72;1;3;;;;;;;2;3;2;2;0;0;0;0;0;0;0;0;0;0;0;0;0;0;0;0;0;0;0;0;1;1;0;0;0;0;0;0;0;0;2;69;1;9
25.01.2025;15:11;A162;1;4;13;2;76;3;2;2;15;0;100;0;100;2;15;1;88;1;48;;;;;;;0;0;1;2;1;2;0;0;0;0;0;0;0;0;0;0;0;0;0;0;0;0;0;0;0;0;0;0;0;0;0;0;0;0;1;74;2;16
25.01.2025;15:10;A162;1;2;15;2;25;2;1;2;11;0;100;0;100;1;4;0;0;1;83;;;;;;;1;2;0;0;0;0;0;0;0;0;0;0;0;0;0;0;0;0;0;0;0;0;0;0;0;0;0;0;0;0;0;0;0;0;0;0;3;19
25.01.2025;15:09;A162;1;4;45;4;45;5;3;3;13;0;100;0;100;1;9;1;5;1;11;;;;;;;0;0;0;0;0;0;0;0;0;0;0;0;0;0;0;0;0;0;0;0;0;0;0;0;0;0;0;0;0;0;0;0;0;0;1;8;1;9
25.01.2025;15:08;A162;1;2;12;0;28;2;6;2;12;0;100;0;100;1;4;1;30;0;0;;;;;;;0;0;0;0;0;0;0;0;0;0;0;0;0;0;0;0;0;0;1;2;1;2;0;0;0;0;0;0;0;0;0;0;1;1;1;8;0;0
25.01.2025;15:07;A162;1;3;49;3;29;5;6;3;81;0;100;0;100;0;0;1;2;0;0;;;;;;;0;0;0;0;0;0;0;0;0;0;0;0;0;0;0;0;1;2;1;2;1;2;0;0;0;0;2;3;1;1;0;0;0;0;1;4;0;0
25.01.2025;15:06;A162;1;6;4;1;19;6;8;5;42;0;100;0;100;2;8;1;30;3;34;;;;;;;0;0;0;0;0;0;0;0;0;0;0;0;0;0;0;0;0;0;0;0;0;0;0;0;0;0;0;0;1;1;0;0;0;0;2;6;1;37
25.01.2025;15:05;A162;1;5;72;2;92;1;1;2;42;0;100;0;100;1;9;1;44;3;44;;;;;;;0;0;0;0;0;0;0;0;0;0;0;0;0;0;0;0;1;2;0;0;1;2;0;0;0;0;0;0;0;0;0;0;0;0;1;36;2;63
25.01.2025;15:04;A162;1;3;66;1;69;3;25;3;43;0;100;0;100;1;15;1;61;3;23;;;;;;;0;0;0;0;0;0;0;0;0;0;0;0;0;0;0;0;1;2;1;2;0;0;0;0;0;0;0;0;0;0;0;0;0;0;1;70;1;89
25.01.2025;15:03;A162;1;10;24;7;56;5;5;5;22;0;100;0;100;1;9;0;0;1;86;;;;;;;0;0;0;0;0;0;0;0;0;0;0;0;0;0;0;0;0;0;0;0;0;0;0;0;0;0;0;0;0;0;0;0;0;0;0;0;2;73
25.01.2025;15:02;A162;1;4;23;0;39;4;5;2;17;0;100;0;100;3;7;2;67;0;0;;;;;;;0;0;0;0;0;0;0;0;0;0;0;0;0;0;0;0;0;0;0;0;0;0;0;0;0;0;0;0;0;0;0;0;0;0;1;55;0;0
25.01.2025;15:01;A162;1;4;50;2;60;5;7;3;29;0;100;0;100;1;7;2;57;2;52;;;;;;;0;0;1;2;1;2;0;0;0;0;0;0;0;0;0;0;0;0;0;0;0;0;0;0;1;1;0;0;0;0;0;0;0;0;2;30;0;56
25.01.2025;15:00;A162;1;2;89;0;100;4;3;1;5;0;100;0;100;2;77;1;39;1;33;;;;;;;1;2;0;0;0;0;0;0;0;0;0;0;0;0;0;0;0;0;0;0;1;2;0;0;0;0;0;0;0;0;0;0;0;0;1;8;1;41
25.01.2025;14:59;A162;1;1;71;1;81;7;8;4;50;0;100;0;100;4;24;2;1;2;54;;;;;;;0;0;0;0;0;0;0;0;0;0;0;0;0;0;0;0;0;0;1;2;0;0;0;0;0;0;0;0;0;0;0;0;0;0;1;2;0;57
25.01.2025;14:58;A162;1;3;3;2;71;3;2;3;18;0;100;0;100;0;0;0;0;3;57;;;;;;;0;0;0;0;0;0;0;0;0;0;0;0;0;0;0;0;1;2;0;0;0;0;0;0;0;0;0;0;0;0;0;0;0;0;0;0;1;70
25.01.2025;14:57;A162;1;6;7;3;72;3;10;0;26;0;100;0;100;0;0;0;0;1;44;;;;;;;0;0;0;0;0;0;0;0;0;0;0;0;0;0;0;0;0;0;0;0;0;0;1;1;0;0;0;0;0;0;0;0;0;0;1;2;2;45
25.01.2025;14:56;A162;1;9;45;3;94;0;0;2;8;0;100;0;100;1;18;1;24;1;92;;;;;;;0;0;1;2;1;2;0;0;0;0;0;0;0;0;0;0;0;0;0;0;0;0;0;0;0;0;0;0;0;0;0;0;0;0;1;28;0;92
25.01.2025;14:55;A162;1;8;74;0;100;10;8;7;56;0;100;0;100;2;49;1;79;1;25;;;;;;;1;2;1;2;1;2;0;0;0;0;0;0;0;0;0;0;0;0;0;0;0;0;0;0;0;0;0;0;0;0;0;0;0;0;2;22;2;14
25.01.2025;14:54;A162;1;6;66;2;82;4;6;1;21;0;100;0;100;1;30;2;27;2;1;;;;;;;1;2;0;0;0;0;0;0;0;0;0;0;0;0;0;0;0;0;0;0;0;0;0;0;0;0;0;0;0;0;0;0;0;0;2;17;0;0
25.01.2025;14:53;A162;1;0;0;2;23;4;31;4;47;0;100;0;100;1;5;0;0;3;25;;;;;;;0;0;0;0;0;0;0;0;0;0;0;0;0;0;0;0;0;0;1;2;1;2;0;0;2;4;0;0;0;0;0;0;0;0;0;0;2;34
25.01.2025;14:52;A162;1;4;37;4;31;2;1;2;5;0;100;0;100;0;0;0;0;1;16;;;;;;;1;2;1;2;1;2;0;0;0;0;0;0;0;0;0;0;1;2;0;0;0;0;0;0;0;0;0;0;0;0;0;0;0;0;0;0;0;14
25.01.2025;14:51;A162;1;4;6;3;53;5;3;5;18;0;100;0;100;3;14;0;0;1;61;;;;;;;0;0;0;0;0;0;0;0;0;0;0;0;0;0;0;0;0;0;0;0;0;0;0;0;0;0;0;0;0;0;0;0;0;0;0;0;3;62
25.01.2025;14:50;A162;1;6;37;4;56;5;3;4;9;0;100;0;100;2;28;1;59;0;0;;;;;;;0;0;0;0;0;0;0;0;0;0;0;0;0;0;0;0;0;0;0;0;0;0;0;0;0;0;0;0;0;0;0;0;0;0;1;5;0;0
25.01.2025;14:49;A162;1;5;55;3;67;3;2;2;8;0;100;0;100;1;3;0;0;1;48;;;;;;;0;0;0;0;0;0;0;0;0;0;0;0;0;0;0;0;0;0;0;0;0;0;0;0;0;0;0;0;0;0;0;0;0;0;1;5;1;3
25.01.2025;14:48;A162;1;2;49;6;49;3;5;3;17;0;100;0;100;2;8;1;66;1;54;;;;;;;0;0;0;0;0;0;1;2;0;0;1;2;0;0;0;0;0;0;0;0;0;0;0;0;0;0;0;0;0;0;0;0;0;0;2;45;1;8
25.01.2025;14:47;A162;1;5;8;2;20;4;2;2;10;0;100;0;100;1;10;1;37;0;0;;;;;;;0;0;1;2;1;2;0;0;0;0;0;0;0;0;0;0;0;0;0;0;0;0;0;0;0;0;0;0;0;0;0;0;0;0;1;11;0;0
25.01.2025;14:46;A162;1;6;6;0;100;3;38;4;44;0;100;0;100;0;0;1;39;0;0;;;;;;;1;2;0;0;0;0;0;0;0;0;0;0;0;0;0;0;0;0;0;0;0;0;0;0;0;0;0;0;0;0;0;0;0;0;0;39;0;0
25.01.2025;14:45;A162;1;1;90;0;100;4;5;3;45;0;100;0;100;0;0;2;8;0;0;;;;;;;0;0;1;2;1;2;0;0;0;0;0;0;0;0;0;0;0;0;1;2;2;3;0;0;0;0;0;0;0;0;0;0;0;0;3;11;0;0
25.01.2025;14:44;A162;1;5;8;2;96;8;24;5;52;0;100;0;100;1;10;0;0;1;1;;;;;;;1;2;0;0;0;0;0;0;0;0;0;0;0;0;0;0;1;2;1;2;0;0;0;0;2;3;0;0;0;0;0;0;0;0;0;0;0;3
25.01.2025;14:43;A162;1;6;15;6;42;1;1;0;3;0;100;0;100;1;9;1;92;0;0;;;;;;;0;0;1;2;1;2;0;0;0;0;0;0;0;0;0;0;1;2;0;0;0;0;0;0;1;1;0;0;0;0;0;0;0;0;0;5;1;0
25.01.2025;14:42;A162;1;4;3;1;49;6;5;4;35;0;100;0;100;0;0;0;0;1;57;;;;;;;1;2;0;0;0;0;0;0;0;0;0;0;0;0;0;0;0;0;0;0;0;0;0;0;0;0;0;0;0;0;0;0;0;0;1;2;1;19
25.01.2025;14:41;A162;1;8;39;1;75;4;13;4;23;0;100;0;100;1;5;1;36;0;0;;;;;;;0;0;1;2;1;2;0;0;0;0;0;0;0;0;0;0;0;0;0;0;0;0;0;0;0;0;0;0;0;0;0;0;0;0;1;6;0;0
25.01.2025;14:40;A162;1;6;40;1;71;7;4;6;19;0;100;0;100;2;14;1;43;0;0;;;;;;;1;2;0;0;0;0;0;0;0;0;0;0;0;0;0;0;0;0;0;0;0;0;0;0;0;0;0;0;0;0;0;0;0;0;1;9;0;0
25.01.2025;14:39;A162;1;5;4;2;52;3;4;1;39;0;100;0;100;0;0;0;45;1;8;;;;;;;0;0;0;0;0;0;0;0;0;0;0;0;0;0;0;0;0;0;0;0;0;0;0;0;0;0;0;0;0;0;0;0;0;0;1;2;2;18
25.01.2025;14:38;A162;1;1;6;1;89;3;9;1;31;0;100;0;100;0;0;1;67;3;50;;;;;;;0;0;0;0;0;0;0;0;0;0;0;0;0;0;0;0;0;0;0;0;1;2;2;3;0;0;0;0;0;0;0;0;0;0;1;10;0;56
25.01.2025;14:37;A162;1;3;71;0;83;7;25;5;46;0;100;0;100;3;25;1;75;1;57;;;;;;;0;0;0;0;0;0;0;0;0;0;0;0;0;0;0;0;0;0;2;3;2;3;0;0;0;0;0;0;0;0;0;0;0;0;1;6;1;64
25.01.2025;14:36;A162;1;9;18;4;79;8;6;6;28;0;100;0;100;0;0;0;0;0;0;;;;;;;0;0;0;0;0;0;0;0;0;0;0;0;0;0;0;0;2;3;1;2;0;0;1;1;1;1;0;0;0;0;0;0;0;0;0;0;0;0
25.01.2025;14:35;A162;1;2;24;2;9;1;1;1;3;0;100;0;100;0;0;1;15;1;31;;;;;;;0;0;0;0;0;0;0;0;0;0;0;0;0;0;0;0;1;2;0;0;0;0;0;0;0;0;0;0;0;0;0;0;0;0;1;19;1;10
25.01.2025;14:34;A162;1;5;3;4;27;1;1;2;11;0;100;0;100;1;5;0;0;1;37;;;;;;;0;0;0;0;0;0;0;0;0;0;0;0;0;0;0;0;0;0;0;0;0;0;0;0;0;0;0;0;0;0;0;0;0;0;0;0;1;9
25.01.2025;14:33;A162;1;4;4;0;12;5;11;2;29;0;100;0;100;1;5;1;0;2;52;;;;;;;0;0;0;0;0;0;0;0;0;0;0;0;0;0;0;0;0;0;0;0;0;0;0;0;2;3;0;0;0;0;0;0;0;0;1;3;1;56
25.01.2025;14:32;A162;1;4;4;2;79;6;9;2;43;0;100;0;100;1;4;0;46;2;82;;;;;;;0;0;0;0;0;0;0;0;0;0;0;0;0;0;0;0;0;0;1;2;1;2;0;0;0;0;0;0;0;0;0;0;0;0;0;0;2;54
25.01.2025;14:31;A162;1;5;63;1;97;4;3;5;12;0;100;0;100;3;20;2;81;1;25;;;;;;;0;0;0;0;0;1;0;0;0;0;0;0;0;0;0;0;1;2;0;0;0;0;0;0;1;1;0;0;1;1;1;2;2;3;1;25;1;7
25.01.2025;14:30;A162;1;5;45;1;71;4;12;1;30;0;100;0;100;0;0;1;15;0;0;;;;;;;1;2;1;2;1;0;0;0;0;0;0;0;0;0;0;0;0;0;0;0;0;0;0;0;0;0;0;0;0;0;1;0;0;0;2;15;0;0
25.01.2025;14:29;A162;1;6;40;3;57;5;5;4;16;0;100;0;100;1;16;0;0;0;0;;;;;;;0;0;0;0;0;0;0;0;0;0;0;0;0;0;0;0;0;0;0;0;0;0;1;3;2;3;0;0;0;0;0;0;0;0;0;0;0;0
25.01.2025;14:28;A162;1;6;16;5;55;2;3;1;12;0;100;0;100;1;55;2;7;1;15;;;;;;;0;0;0;0;0;0;0;0;0;0;0;0;0;0;0;0;0;0;0;0;0;0;0;0;0;0;0;0;0;0;0;0;0;0;1;16;1;9
25.01.2025;14:27;A162;1;2;1;3;42;2;2;2;6;0;100;0;100;1;6;0;0;1;67;;;;;;;0;0;0;0;0;0;0;0;0;0;0;0;0;0;0;0;0;0;0;0;0;0;0;0;0;0;0;0;0;0;0;0;0;0;0;0;0;67
25.01.2025;14:26;A162;1;6;30;23;73;2;2;2;6;0;100;0;100;0;0;0;0;1;48;;;;;;;0;0;1;2;1;2;0;0;0;0;0;0;0;0;0;0;0;0;0;0;0;0;0;0;0;0;0;0;0;0;0;0;0;0;0;0;2;17
25.01.2025;14:25;A162;1;5;3;3;25;3;19;3;48;0;100;0;100;1;45;3;53;1;1;;;;;;;1;2;0;0;1;2;0;0;0;0;0;0;0;0;0;0;0;0;0;0;0;0;0;0;0;0;0;0;0;0;0;0;0;0;0;59;1;52
25.01.2025;14:24;A162;1;7;63;4;65;9;19;2;45;0;100;0;100;0;0;2;66;0;0;;;;;;;0;0;1;2;0;0;0;0;0;0;0;0;0;0;0;0;0;0;0;0;0;0;0;0;0;0;0;0;0;0;0;0;0;0;2;68;1;56
25.01.2025;14:23;A162;1;3;4;3;18;4;3;5;18;0;100;0;100;1;6;0;0;0;0;;;;;;;1;2;1;2;1;2;0;0;0;0;0;0;0;0;0;0;0;0;0;0;0;0;0;0;0;0;0;0;0;0;0;0;0;0;0;0;0;0
25.01.2025;14:22;A162;1;2;56;1;30;4;19;4;36;0;100;0;100;2;10;2;37;2;7;;;;;;;0;0;0;0;0;0;0;0;0;0;0;0;0;0;0;0;0;0;0;0;0;0;0;0;0;0;0;0;0;0;0;0;0;0;2;11;0;7
25.01.2025;14:21;A162;1;6;51;2;54;4;2;4;14;0;100;0;100;0;1;0;0;1;83;;;;;;;0;0;0;0;0;0;0;0;0;0;0;0;0;0;0;0;0;0;1;2;1;2;0;0;0;0;0;0;0;0;0;0;0;0;0;0;2;27
25.01.2025;14:20;A162;1;9;39;7;66;4;4;5;24;0;100;0;100;1;2;1;43;1;61;;;;;;;1;2;1;2;1;2;0;0;0;0;0;0;0;0;0;0;1;2;0;0;0;0;0;0;0;0;0;0;0;0;0;0;0;0;1;6;1;6
25.01.2025;14:19;A162;1;3;3;4;34;7;6;4;25;0;100;0;100;1;4;1;35;2;52;;;;;;;0;0;0;0;0;0;0;0;0;0;0;0;0;0;0;0;0;0;0;0;0;0;0;0;0;0;0;0;0;0;0;0;0;0;1;7;1;54
25.01.2025;14:18;A162;1;4;68;1;22;4;31;3;49;0;100;0;100;0;0;1;29;1;25;;;;;;;0;0;1;2;1;2;1;2;0;0;1;2;0;0;0;0;0;0;0;0;0;0;0;0;0;0;0;0;0;0;0;0;0;0;1;6;1;6
25.01.2025;14:17;A162;1;1;96;1;87;4;62;4;72;0;100;0;100;2;37;1;44;1;48;;;;;;;1;2;0;0;1;2;0;0;0;0;0;0;0;0;0;0;0;0;0;0;0;0;0;0;0;0;0;0;0;0;0;0;0;0;1;3;1;41
25.01.2025;14:16;A162;1;5;60;1;98;3;2;5;11;0;100;0;100;3;7;2;77;1;60;;;;;;;1;2;1;2;0;0;0;0;0;0;0;0;0;0;0;0;0;0;0;0;0;0;0;0;0;0;0;0;0;0;0;0;0;0;2;17;1;8
25.01.2025;14:15;A162;1;7;67;1;92;6;7;2;44;0;100;0;100;0;0;2;65;3;56;;;;;;;1;2;1;2;1;2;0;0;0;0;0;0;0;0;0;0;0;0;0;0;0;0;0;0;0;0;0;0;0;0;0;0;0;0;0;4;4;32
25.01.2025;14:14;A162;1;5;31;6;38;3;2;3;14;0;100;0;100;1;8;0;0;0;0;;;;;;;0;0;0;0;0;0;0;0;0;0;0;0;0;0;0;0;1;2;2;3;2;3;0;0;0;0;0;0;0;0;0;0;0;0;1;3;0;0
25.01.2025;14:13;A162;1;6;32;4;27;5;3;6;17;0;100;0;100;1;16;0;0;1;54;;;;;;;0;0;0;0;0;0;0;0;0;0;0;0;0;0;0;0;1;2;0;0;0;0;0;0;0;0;0;0;0;0;0;0;0;0;1;4;3;12
25.01.2025;14:12;A162;1;4;5;1;22;3;2;3;16;0;100;0;100;1;1;0;52;2;55;;;;;;;0;0;0;0;0;0;0;0;0;0;0;0;0;0;0;0;0;0;0;0;0;0;0;0;1;1;0;0;0;0;0;0;0;0;0;0;0;57
25.01.2025;14:11;A162;1;4;7;2;25;6;7;6;56;0;100;0;100;0;0;3;59;3;67;;;;;;;1;2;1;2;3;5;0;0;0;0;0;0;0;0;0;0;0;0;0;0;0;0;0;0;2;3;0;0;0;0;0;0;0;0;4;13;1;76
25.01.2025;14:10;A162;1;3;11;4;32;4;2;4;10;0;100;0;100;1;9;1;46;1;54;;;;;;;2;3;0;0;0;0;0;0;0;0;0;0;0;0;0;0;0;0;0;0;0;0;0;0;0;0;0;0;0;0;0;0;0;0;1;10;2;51
25.01.2025;14:09;A162;1;6;5;1;28;9;38;3;52;0;100;0;100;1;4;0;10;1;12;;;;;;;0;0;0;0;0;0;0;0;0;0;0;0;0;0;0;0;0;0;0;0;0;0;0;0;0;0;0;0;0;0;2;3;0;0;0;0;1;13
25.01.2025;14:08;A162;1;7;10;0;98;6;21;2;46;0;100;0;100;0;0;2;69;1;23;;;;;;;0;0;0;0;0;0;0;0;0;0;0;0;0;0;0;0;0;0;0;0;0;0;1;1;0;0;0;0;0;0;0;0;0;0;1;18;1;28
25.01.2025;14:07;A162;1;2;1;0;100;2;19;2;33;0;100;0;100;0;17;3;16;2;81;;;;;;;0;0;0;0;0;0;0;0;0;0;0;0;0;0;0;0;0;0;1;2;1;2;0;0;0;0;0;0;0;0;0;0;0;0;3;14;1;10
25.01.2025;14:06;A162;1;2;10;0;100;5;14;3;21;0;100;0;100;1;14;1;3;2;92;;;;;;;0;0;0;0;0;0;0;0;0;0;0;0;0;0;0;0;1;2;2;3;2;3;0;0;0;0;0;0;0;0;0;0;0;0;1;26;1;31
25.01.2025;14:05;A162;1;2;27;4;37;2;24;3;30;0;100;0;100;0;0;3;87;2;87;;;;;;;0;0;0;0;0;0;0;0;0;0;0;0;0;0;0;0;1;2;0;0;1;2;0;0;0;0;0;0;0;0;0;0;0;0;1;78;0;100
25.01.2025;14:04;A162;1;2;3;1;47;7;4;6;20;0;100;0;100;1;38;1;55;1;27;;;;;;;0;0;0;0;0;0;0;0;0;0;0;0;0;0;0;0;1;2;1;2;0;0;0;0;0;0;0;0;0;0;0;0;0;0;1;9;1;36
25.01.2025;14:03;A162;1;2;1;2;11;6;7;5;35;0;100;0;100;1;67;0;0;2;19;;;;;;;0;0;0;0;0;0;0;0;0;0;0;0;0;0;0;0;0;0;0;0;0;0;0;0;0;0;0;0;0;0;0;0;0;0;0;0;2;7
25.01.2025;14:02;A162;1;4;65;0;83;4;37;2;35;0;100;0;100;3;50;1;4;1;42;;;;;;;0;0;0;0;0;0;0;0;0;0;0;0;0;0;0;0;0;0;0;0;0;0;0;0;1;1;0;0;0;0;0;0;0;0;1;7;0;0
25.01.2025;14:01;A162;1;4;19;7;61;3;9;2;9;0;100;0;100;0;0;0;0;1;2;;;;;;;0;0;0;0;0;0;0;0;0;0;0;0;0;0;0;0;0;0;1;2;1;2;0;0;0;0;0;0;0;0;0;0;0;0;0;0;1;11
25.01.2025;14:00;A162;1;13;9;3;69;4;2;4;17;0;100;0;100;0;0;0;0;0;92;;;;;;;0;0;0;0;0;0;0;0;0;0;0;0;0;0;0;0;1;2;0;0;0;0;0;0;0;0;0;0;0;0;0;0;0;0;0;0;0;0
25.01.2025;13:59;A162;1;5;22;3;74;5;3;6;17;0;100;0;100;0;0;2;67;1;8;;;;;;;0;0;1;2;1;2;0;0;0;0;0;0;0;0;0;0;0;0;0;0;0;0;0;0;0;0;0;0;0;0;0;0;0;0;0;71;1;5
25.01.2025;13:58;A162;1;9;62;1;64;7;19;5;36;0;100;0;100;0;0;1;24;2;64;;;;;;;1;2;0;0;0;0;0;0;0;0;0;0;0;0;0;0;0;0;0;0;0;0;0;0;0;0;0;0;0;0;0;0;0;0;2;29;1;19
25.01.2025;13:57;A162;1;6;85;0;100;0;0;1;4;0;100;0;100;0;0;0;0;2;51;;;;;;;0;0;0;0;0;0;0;0;0;0;0;0;0;0;0;0;0;0;0;0;0;0;0;0;0;0;0;0;0;0;0;0;0;0;0;0;2;16
25.01.2025;13:56;A162;1;1;48;2;22;5;49;3;63;0;100;0;100;1;59;1;46;1;88;;;;;;;0;0;0;0;0;0;0;0;0;0;0;0;0;0;0;0;0;0;0;0;0;0;0;0;2;3;1;1;0;0;0;0;0;0;0;47;1;60
25.01.2025;13:55;A162;1;1;55;0;54;7;4;5;14;0;100;0;100;2;6;1;74;1;47;;;;;;;0;0;1;2;1;2;0;0;0;0;0;0;0;0;0;0;0;0;0;0;0;0;0;0;0;0;0;0;0;0;0;0;0;0;2;12;1;55
25.01.2025;13:54;A162;1;7;14;2;70;7;4;7;25;0;100;0;100;2;20;1;98;1;50;;;;;;;2;3;1;2;1;2;0;0;0;0;0;0;0;0;0;0;0;0;0;0;0;0;0;0;0;0;0;0;0;0;0;0;0;0;1;90;1;8
25.01.2025;13:53;A162;1;5;37;2;60;1;1;2;10;0;100;0;100;0;0;1;2;0;82;;;;;;;0;0;0;0;0;0;0;0;0;0;0;0;0;0;0;0;0;0;0;0;0;0;0;0;0;0;0;0;0;0;0;0;0;0;1;7;0;0
25.01.2025;13:52;A162;1;4;75;2;73;7;8;2;26;0;100;0;100;1;10;1;84;1;3;;;;;;;0;0;1;2;1;2;0;0;0;0;0;0;0;0;0;0;0;0;0;0;0;0;0;0;0;0;0;0;0;0;0;0;0;0;0;2;1;6
25.01.2025;13:51;A162;1;4;26;2;39;1;2;1;27;0;100;0;100;1;52;2;18;1;2;;;;;;;1;2;0;0;0;0;0;0;0;0;0;0;0;0;0;0;0;0;1;2;1;2;0;0;0;0;0;0;0;0;0;0;0;0;3;17;1;7
25.01.2025;13:50;A162;1;2;64;4;17;5;4;3;14;0;100;0;100;2;5;1;36;0;32;;;;;;;0;0;1;2;1;2;0;0;0;0;0;0;0;0;0;0;1;2;0;0;0;0;0;0;0;0;0;0;0;0;0;0;0;0;0;36;0;0
25.01.2025;13:49;A162;1;3;2;1;16;5;2;5;11;0;100;0;100;2;5;2;7;1;29;;;;;;;1;2;0;0;0;0;0;0;0;0;0;0;0;0;0;0;0;0;0;0;0;0;0;0;0;0;0;0;0;0;0;0;0;0;2;19;1;6
25.01.2025;13:48;A162;1;7;6;3;28;8;6;8;24;0;100;0;100;2;9;0;0;0;0;;;;;;;0;0;0;0;0;0;1;2;0;0;1;2;0;0;0;0;0;0;0;0;0;0;0;0;0;0;0;0;0;0;0;0;0;0;0;0;0;0
25.01.2025;13:47;A162;1;5;26;6;25;6;4;5;18;0;100;0;100;0;0;0;0;0;0;;;;;;;0;0;0;0;0;0;0;0;0;0;0;0;0;0;0;0;0;0;0;0;0;0;0;0;0;0;0;0;0;0;0;0;0;0;0;0;0;0
25.01.2025;13:46;A162;1;3;3;4;16;0;0;1;4;0;100;0;100;1;3;0;0;0;0;;;;;;;0;0;0;0;0;0;0;0;0;0;0;0;0;0;0;0;0;0;0;0;0;0;0;0;0;0;0;0;0;0;0;0;0;0;0;0;0;0
25.01.2025;13:45;A162;1;3;3;1;39;2;2;1;7;0;100;0;100;0;1;0;0;2;45;;;;;;;0;0;0;0;0;0;0;0;0;0;0;0;0;0;0;0;0;0;0;0;0;0;0;0;0;0;0;0;0;0;0;0;0;0;0;0;2;11
25.01.2025;13:44;A162;1;6;5;4;63;1;1;1;10;0;100;0;100;1;8;1;62;0;0;;;;;;;1;2;1;2;0;0;0;0;0;0;0;0;0;0;0;0;0;0;0;0;0;0;0;0;0;0;0;0;0;0;0;0;0;0;0;5;0;0
25.01.2025;13:43;A162;1;3;9;2;28;9;6;7;25;0;100;0;100;1;3;0;0;0;39;;;;;;;0;0;1;2;1;2;0;0;0;0;0;0;0;0;0;0;0;0;0;0;0;0;0;0;0;0;0;0;0;0;0;0;0;0;1;2;0;0
25.01.2025;13:42;A162;1;5;5;1;59;8;25;2;47;0;100;0;100;0;0;1;15;2;44;;;;;;;1;2;0;0;0;0;0;0;0;0;0;0;0;0;0;0;0;0;0;0;1;2;0;0;0;0;0;0;0;0;0;0;0;0;1;26;3;32
25.01.2025;13:41;A162;1;2;2;3;14;4;2;5;13;0;100;0;100;0;0;0;0;1;66;;;;;;;0;0;0;0;1;2;0;0;0;0;0;0;0;0;0;0;0;0;1;2;0;0;0;0;0;0;0;0;0;0;0;0;0;0;0;0;1;6
25.01.2025;13:40;A162;1;7;17;2;84;5;13;4;31;0;100;0;100;0;0;0;0;1;1;;;;;;;1;2;1;2;0;0;0;0;0;0;0;0;0;0;0;0;1;2;0;0;0;0;0;0;0;0;0;0;0;0;0;0;0;0;0;0;1;5
25.01.2025;13:39;A162;1;2;1;2;74;3;3;2;7;0;100;0;100;1;12;1;1;2;75;;;;;;;0;0;0;0;0;0;0;0;0;0;0;0;0;0;0;0;0;0;0;0;0;0;0;0;0;0;0;0;0;0;0;0;0;0;2;7;2;20
25.01.2025;13:38;A162;1;5;63;0;100;7;23;3;48;0;100;0;100;1;4;0;0;0;0;;;;;;;0;0;0;0;0;0;0;0;0;0;0;0;0;0;0;0;0;0;0;0;0;0;0;0;1;1;1;1;1;1;0;0;0;0;0;0;0;0
25.01.2025;13:37;A162;1;5;85;0;100;2;32;3;37;0;100;0;100;0;0;4;73;1;81;;;;;;;0;0;0;0;0;0;0;0;0;0;0;0;0;0;0;0;0;1;1;2;2;3;0;0;0;0;0;0;0;0;0;0;1;1;2;86;1;7
25.01.2025;13:36;A162;1;4;87;0;100;2;19;3;15;0;100;0;100;2;31;1;21;1;6;;;;;;;0;0;0;0;0;0;0;0;0;0;0;0;0;0;0;0;2;2;2;3;1;2;0;0;0;0;1;1;1;1;1;1;0;0;1;5;1;10
25.01.2025;13:35;A162;1;2;2;1;99;7;25;3;55;0;100;0;100;0;0;0;0;2;51;;;;;;;0;0;0;0;1;2;0;0;0;0;0;0;0;0;0;0;1;2;0;0;0;0;0;0;0;0;1;1;0;0;0;0;0;0;0;0;0;54
25.01.2025;13:34;A162;1;3;69;1;99;3;6;2;12;0;100;0;100;0;0;0;0;4;64;;;;;;;1;2;1;2;0;0;0;0;0;0;0;0;0;0;0;0;0;0;0;0;0;0;0;0;0;0;0;0;0;0;0;0;0;0;0;0;1;73
25.01.2025;13:33;A162;1;8;7;0;93;7;25;2;36;0;100;0;100;3;21;2;4;2;81;;;;;;;0;0;0;0;0;0;0;0;0;0;0;0;0;0;0;0;0;0;0;0;0;0;0;0;0;0;0;0;0;0;0;0;0;0;2;11;3;64
25.01.2025;13:32;A162;1;2;51;1;66;4;18;2;42;0;100;0;100;1;1;3;71;0;0;;;;;;;0;0;0;0;0;0;0;0;0;0;0;0;0;0;0;0;0;0;0;0;0;0;0;0;0;0;0;0;0;0;0;0;0;0;2;76;0;0
25.01.2025;13:31;A162;1;9;67;2;62;2;14;2;23;0;100;0;100;0;0;4;87;4;41;;;;;;;0;0;1;2;1;2;0;0;0;0;0;0;0;0;0;0;0;0;0;0;0;0;0;0;1;1;1;1;0;0;0;0;0;0;1;96;1;5
25.01.2025;13:30;A162;1;4;71;3;66;2;16;1;8;0;100;0;100;0;0;5;60;1;1;;;;;;;1;2;1;2;1;2;0;0;0;0;0;0;0;0;0;0;0;0;0;0;0;0;0;0;1;3;1;1;0;0;0;0;0;0;5;80;0;0
25.01.2025;13:29;A162;1;4;40;3;44;4;2;5;13;0;100;0;100;1;8;2;12;1;31;;;;;;;1;2;0;0;0;0;0;0;0;0;0;0;0;0;0;0;0;0;0;0;0;0;0;0;1;0;0;0;0;0;0;0;0;0;3;23;1;7
25.01.2025;13:28;A162;1;2;3;2;66;4;18;3;30;0;100;0;100;2;20;1;25;5;50;;;;;;;0;0;0;0;0;0;0;0;0;0;0;0;0;0;0;0;0;0;0;0;0;0;0;0;0;0;0;0;0;0;0;0;0;0;0;25;1;46
25.01.2025;13:27;A162;1;5;3;0;99;4;6;2;38;0;100;0;100;0;0;3;71;2;49;;;;;;;0;0;0;0;0;0;0;0;0;0;0;0;0;0;0;0;0;0;0;0;0;1;0;0;0;0;0;0;0;0;0;0;0;0;1;81;2;53
25.01.2025;13:26;A162;1;4;8;0;100;3;4;1;39;0;100;0;100;0;0;1;77;1;68;;;;;;;0;0;0;0;0;0;0;0;0;0;0;0;0;0;0;0;1;2;1;2;1;1;0;0;0;0;0;0;0;0;0;0;0;0;3;59;2;69
25.01.2025;13:25;A162;1;7;41;1;99;5;5;2;34;0;100;0;100;2;26;1;12;0;0;;;;;;;1;2;1;2;1;2;0;0;0;0;0;0;0;0;0;0;0;0;0;0;0;0;0;0;2;4;0;0;0;0;0;0;0;0;1;6;0;0
25.01.2025;13:24;A162;1;3;45;4;48;2;13;2;5;0;100;0;100;0;100;0;0;1;65;;;;;;;0;0;0;0;0;0;0;0;0;0;0;0;0;0;0;0;0;0;0;0;0;0;0;0;0;0;0;0;0;0;0;0;0;0;0;0;1;28
25.01.2025;13:23;A162;1;7;38;4;37;2;2;1;23;0;100;0;100;4;16;0;0;1;47;;;;;;;0;0;0;0;0;0;0;0;0;0;0;0;0;0;0;0;0;0;0;0;0;0;0;0;2;3;0;0;0;0;0;0;0;0;0;0;1;8
25.01.2025;13:22;A162;1;2;1;3;20;7;20;1;43;0;100;0;100;2;10;1;5;1;18;;;;;;;0;0;0;0;0;0;0;0;0;0;0;0;0;0;0;0;0;0;1;2;1;2;0;0;0;0;0;0;0;0;0;0;0;0;2;17;1;4
25.01.2025;13:21;A162;1;5;59;5;83;4;22;4;12;0;100;0;100;1;16;0;13;0;0;;;;;;;0;0;1;2;1;2;0;0;0;0;0;0;0;0;0;0;0;0;0;0;0;0;0;0;0;0;0;0;0;0;0;0;0;0;0;0;0;0
25.01.2025;13:20;A162;1;4;78;0;89;5;22;3;56;0;100;0;100;2;30;1;46;2;4;;;;;;;1;2;0;0;0;0;0;0;0;0;0;0;0;0;0;0;1;2;0;0;0;0;0;0;0;0;0;0;0;0;0;0;0;0;1;6;2;9
25.01.2025;13:19;A162;1;6;25;0;100;6;22;3;37;0;100;0;100;1;10;1;51;0;0;;;;;;;0;0;0;0;0;0;0;0;0;0;1;2;0;0;0;0;0;0;0;0;0;0;0;0;1;1;0;0;0;0;0;0;0;0;1;9;0;0
25.01.2025;13:18;A162;1;6;33;2;65;2;10;2;24;0;100;0;100;1;7;1;3;2;22;;;;;;;0;0;0;0;0;0;1;2;0;0;0;0;0;0;0;0;0;0;1;2;1;2;0;0;0;0;0;0;0;0;0;0;0;0;1;8;2;25
25.01.2025;13:17;A162;1;9;47;1;91;3;4;3;15;0;100;0;100;2;15;1;19;1;40;;;;;;;0;0;0;0;0;0;0;0;0;0;0;0;0;0;0;0;1;2;0;0;0;0;0;0;0;0;0;0;0;0;0;0;0;0;1;7;1;6
25.01.2025;13:16;A162;1;5;47;5;87;4;17;3;32;0;100;0;100;0;0;3;55;0;47;;;;;;;0;0;0;0;0;0;0;0;0;0;0;0;0;0;0;0;0;0;0;0;0;0;0;0;0;0;0;0;0;0;0;0;0;0;0;60;0;0
25.01.2025;13:15;A162;1;5;42;2;26;0;0;0;0;0;100;0;100;0;0;1;67;1;63;;;;;;;0;0;0;0;0;0;0;0;0;0;0;0;0;0;0;0;0;0;0;0;0;0;0;0;1;1;0;0;0;0;0;0;0;0;4;60;1;4
25.01.2025;13:14;A162;1;2;2;0;100;5;6;5;29;0;100;0;100;1;7;1;47;0;0;;;;;;;0;0;2;3;2;3;0;0;0;0;0;0;0;0;0;0;0;0;1;2;1;2;0;0;0;0;0;0;0;0;0;0;0;0;0;46;3;1
25.01.2025;13:13;A162;1;3;85;2;97;5;17;1;33;0;100;0;100;2;18;1;39;1;10;;;;;;;2;3;0;0;0;0;0;0;0;0;0;0;0;0;0;0;1;2;0;0;0;0;0;0;1;1;0;0;0;0;0;0;0;0;3;40;2;13
25.01.2025;13:12;A162;1;4;6;5;41;0;0;1;5;0;100;0;100;0;6;0;0;0;100;;;;;;;1;2;1;2;1;2;0;0;0;0;0;0;0;0;0;0;0;0;0;0;0;0;0;0;0;0;0;0;0;0;0;0;0;0;0;0;1;15
25.01.2025;13:11;A162;1;5;35;1;60;2;4;3;18;0;100;0;100;4;19;0;0;1;3;;;;;;;0;0;1;2;1;2;0;0;0;0;0;0;0;0;0;0;0;0;0;0;0;0;0;0;1;1;0;0;0;0;0;0;0;0;0;0;1;7
25.01.2025;13:10;A162;1;3;39;2;59;7;6;5;25;0;100;0;100;1;5;1;69;1;8;;;;;;;1;2;0;0;0;0;0;0;0;0;0;0;0;0;0;0;0;0;0;0;0;0;0;0;0;0;0;0;0;0;0;0;0;0;0;70;1;8
25.01.2025;13:09;A162;1;3;61;4;83;8;6;7;27;0;100;0;100;2;21;1;33;0;0;;;;;;;1;2;0;0;0;0;0;0;0;0;0;0;0;0;0;0;0;0;0;0;0;0;0;0;0;0;0;0;0;0;0;0;0;0;1;41;0;0
25.01.2025;13:08;A162;1;3;2;1;8;2;1;3;5;0;100;0;100;1;5;2;18;3;3;;;;;;;0;0;0;0;0;0;0;0;0;0;0;0;0;0;0;0;0;0;0;0;0;0;0;0;0;0;0;0;0;0;0;0;0;0;2;12;4;11
25.01.2025;13:07;A162;1;3;83;1;100;6;13;4;33;0;100;0;100;1;4;1;2;0;20;;;;;;;0;0;0;0;0;0;0;0;0;0;0;0;0;0;0;0;0;0;0;0;0;0;0;0;2;3;0;0;0;0;0;0;0;0;1;5;0;0
25.01.2025;13:06;A162;1;3;81;1;85;3;34;3;47;0;100;0;100;1;7;1;1;3;25;;;;;;;0;0;0;0;0;0;0;0;0;0;0;0;0;0;0;0;0;0;1;2;3;5;0;0;0;0;0;0;0;0;0;0;0;0;2;8;3;24
25.01.2025;13:05;A162;1;5;2;2;19;6;7;2;42;0;100;0;100;1;7;0;0;2;7;;;;;;;0;0;0;0;0;0;0;0;0;0;0;0;0;0;0;0;3;5;2;3;0;0;0;0;0;0;0;0;0;0;0;0;0;0;0;0;1;9
25.01.2025;13:04;A162;1;7;40;0;59;4;6;2;13;0;100;0;100;1;6;1;96;2;46;;;;;;;0;0;0;0;0;0;0;0;0;0;0;0;0;0;0;0;0;0;0;0;0;0;0;0;1;3;0;0;0;0;0;0;0;0;1;18;2;19
25.01.2025;13:03;A162;1;1;42;5;30;1;37;2;23;0;100;0;100;0;0;4;79;7;77;;;;;;;0;0;0;0;0;0;0;0;0;0;0;0;0;0;0;0;0;0;0;0;0;0;1;1;1;1;0;0;0;0;0;0;0;0;2;69;0;87
25.01.2025;13:02;A162;1;6;3;4;21;1;1;2;6;0;100;0;100;0;0;1;96;0;100;;;;;;;0;0;0;0;0;0;0;0;0;0;0;0;0;0;0;0;0;0;0;0;0;0;0;0;0;0;0;0;0;0;0;0;0;0;0;7;3;45
25.01.2025;13:01;A162;1;4;5;1;56;7;6;4;38;0;100;0;100;0;64;3;17;6;51;;;;;;;0;0;0;0;0;0;0;0;0;0;0;0;0;0;0;0;0;0;0;0;0;0;0;0;0;0;0;0;0;0;0;0;0;0;1;30;1;33
25.01.2025;13:00;A162;1;7;35;6;46;4;4;4;12;0;100;0;100;1;65;1;83;1;94;;;;;;;0;0;0;0;0;0;0;0;0;0;0;0;0;0;0;0;0;0;0;0;0;0;0;0;0;0;0;0;0;0;0;0;0;0;2;43;0;100
25.01.2025;12:59;A162;1;4;41;5;40;10;13;6;18;0;100;0;100;1;14;0;0;2;32;;;;;;;1;2;1;2;1;2;0;0;0;0;0;0;0;0;0;0;0;0;0;0;0;0;0;0;0;0;0;0;0;0;0;0;0;0;0;0;3;20
25.01.2025;12:58;A162;1;5;3;3;14;1;2;0;0;0;100;0;100;2;8;1;2;2;19;;;;;;;0;0;0;0;0;0;0;0;0;0;0;0;0;0;0;0;0;0;0;0;0;0;1;1;0;0;0;0;0;0;0;0;0;0;1;6;0;23
25.01.2025;12:57;A162;1;7;38;4;66;6;5;4;12;0;100;0;100;2;38;0;0;1;89;;;;;;;1;2;1;2;1;2;0;0;0;0;0;0;0;0;0;0;0;0;0;0;0;0;0;0;0;0;0;0;0;0;0;0;0;0;0;0;2;65
25.01.2025;12:56;A162;1;3;50;2;60;4;4;3;28;0;100;0;100;0;0;2;16;0;0;;;;;;;0;0;1;2;1;2;0;0;0;0;0;0;0;0;0;0;0;0;0;0;1;2;0;0;0;0;0;0;0;0;0;0;0;0;2;18;0;0
25.01.2025;12:55;A162;1;0;0;3;19;6;20;3;34;0;100;0;100;2;16;2;17;6;24;;;;;;;1;2;0;0;0;0;0;0;0;0;0;0;0;0;0;0;1;2;1;2;0;0;0;0;0;0;0;0;0;0;0;0;0;0;0;19;0;40
25.01.2025;12:54;A162;1;7;4;3;32;4;3;4;10;0;100;0;100;2;8;1;54;0;100;;;;;;;0;0;0;0;0;0;0;0;0;0;0;0;0;0;0;0;0;0;0;0;0;0;0;0;0;0;0;0;0;0;0;0;0;0;1;63;0;100
25.01.2025;12:53;A162;1;6;7;2;29;3;9;3;10;0;100;0;100;0;0;1;62;5;80;;;;;;;0;0;0;0;0;0;0;0;0;0;0;0;0;0;0;0;0;0;0;0;0;0;0;0;0;0;0;0;0;0;0;0;0;0;0;5;2;93
25.01.2025;12:52;A162;1;1;1;2;13;4;41;2;63;0;100;0;100;0;80;0;0;2;62;;;;;;;0;0;0;0;0;0;0;0;0;0;0;0;0;0;0;0;0;0;1;2;1;2;0;0;0;0;0;0;0;0;0;0;0;0;1;4;2;69
25.01.2025;12:51;A162;1;4;9;2;25;7;5;6;18;0;100;0;100;1;82;0;0;1;65;;;;;;;1;2;1;2;1;2;0;0;0;0;0;0;0;0;0;0;1;2;0;0;0;0;0;0;0;0;0;0;0;0;0;0;0;0;1;3;2;58
25.01.2025;12:50;A162;1;5;5;4;31;2;2;1;4;0;100;0;100;1;0;1;25;0;0;;;;;;;0;0;0;0;0;0;0;0;0;0;0;0;0;0;0;0;0;0;0;0;0;0;0;0;1;1;1;6;1;1;0;0;0;0;2;8;0;0
25.01.2025;12:49;A162;1;4;72;1;97;7;33;6;60;0;100;0;100;0;50;0;11;2;18;;;;;;;0;0;0;0;0;0;1;2;0;0;1;2;0;0;0;0;0;0;0;0;0;0;0;0;0;0;0;0;0;0;0;0;0;0;0;0;1;19
25.01.2025;12:48;A162;1;4;21;4;45;7;4;7;19;0;100;0;100;2;19;1;54;1;59;;;;;;;0;0;0;0;0;0;0;0;0;0;0;0;0;0;0;0;0;0;0;0;0;0;0;0;1;1;0;0;0;0;0;0;0;0;1;6;2;46
25.01.2025;12:47;A162;1;5;41;3;70;3;4;3;13;0;100;0;100;1;7;1;65;3;6;;;;;;;0;0;0;0;0;0;0;0;0;0;0;0;0;0;0;0;0;0;0;0;0;0;0;0;0;0;0;0;0;0;0;0;0;0;1;66;3;19
25.01.2025;12:46;A162;1;4;5;1;97;3;2;2;13;0;100;0;100;1;23;1;24;2;17;;;;;;;0;0;0;0;0;0;0;0;0;0;0;0;0;0;0;0;0;0;0;0;0;0;0;0;0;0;0;0;0;0;0;0;0;0;1;30;1;22
25.01.2025;12:45;A162;1;2;38;2;47;6;9;5;23;0;100;0;100;1;14;0;0;1;85;;;;;;;0;0;0;0;0;0;0;0;0;0;0;0;0;0;0;0;0;0;0;0;0;0;0;0;1;1;0;0;0;0;0;0;0;0;0;0;1;93
25.01.2025;12:44;A162;1;5;51;5;31;2;46;4;54;0;100;0;100;1;51;0;81;2;87;;;;;;;0;0;0;0;1;2;0;0;0;0;0;0;0;0;0;0;0;0;1;2;1;2;0;0;0;0;0;0;0;0;0;0;0;0;0;0;0;89
25.01.2025;12:43;A162;1;2;71;3;86;3;6;3;36;0;100;0;100;1;5;3;48;1;6;;;;;;;1;2;1;2;0;0;0;0;0;0;0;0;0;0;0;0;1;2;0;0;0;0;0;0;0;0;0;0;0;0;0;0;0;0;1;34;1;16
25.01.2025;12:42;A162;1;6;46;4;66;6;5;5;13;0;100;0;100;1;12;1;49;0;0;;;;;;;1;2;1;2;0;0;0;0;0;0;0;0;0;0;0;0;0;0;0;0;0;0;0;0;0;0;0;0;0;0;0;0;0;0;2;31;0;0
25.01.2025;12:41;A162;1;7;22;1;57;0;0;1;6;0;100;0;100;2;39;1;79;1;57;;;;;;;0;0;1;2;1;2;0;0;0;0;0;0;0;0;0;0;0;0;1;2;1;2;1;1;1;1;0;0;0;0;0;0;0;0;1;5;1;35
25.01.2025;12:40;A162;1;0;0;2;87;3;5;2;21;0;100;0;100;2;20;1;79;2;57;;;;;;;1;2;0;0;0;0;0;0;0;0;0;0;0;0;0;0;1;2;1;2;1;2;0;0;0;0;0;0;0;0;0;0;0;0;1;6;0;59
25.01.2025;12:39;A162;1;4;3;4;30;4;2;3;10;0;100;0;100;0;0;1;53;1;23;;;;;;;0;0;0;0;0;0;0;0;0;0;0;0;0;0;0;0;1;2;0;0;0;0;0;0;0;0;0;0;0;0;0;0;0;0;4;12;1;32
25.01.2025;12:38;A162;1;4;5;2;16;6;4;6;15;0;100;0;100;2;5;0;0;0;0;;;;;;;1;2;1;2;1;2;0;0;0;0;0;0;0;0;0;0;0;0;0;0;0;0;0;0;0;0;0;0;0;0;0;0;0;0;0;0;2;4
25.01.2025;12:37;A162;1;3;79;1;93;4;7;3;53;0;100;0;100;3;44;0;0;0;44;;;;;;;0;0;0;0;0;0;0;0;0;0;0;0;0;0;0;0;0;0;1;2;2;3;0;0;0;0;0;0;0;0;0;0;0;0;0;0;0;0
25.01.2025;12:36;A162;1;6;5;2;45;1;1;1;3;0;100;0;100;0;4;0;0;0;100;;;;;;;0;0;0;0;0;0;0;0;0;0;0;0;0;0;0;0;1;2;1;2;0;0;0;0;1;1;0;0;0;0;0;0;0;0;0;0;0;0
25.01.2025;12:35;A162;1;0;0;2;54;1;1;1;3;0;100;0;100;1;4;0;0;3;79;;;;;;;0;0;0;0;0;0;0;0;0;0;0;0;0;0;0;0;0;0;0;0;0;0;0;0;0;0;0;0;0;0;1;1;1;1;0;0;1;76
25.01.2025;12:34;A162;1;2;4;1;27;6;3;6;18;0;100;0;100;0;0;2;21;4;65;;;;;;;0;0;0;0;0;0;0;0;0;0;0;0;0;0;0;0;0;0;0;0;0;0;0;0;0;0;0;0;0;0;0;0;0;0;0;24;2;34
25.01.2025;12:33;A162;1;5;32;3;20;9;7;7;33;0;100;0;100;1;7;0;100;1;78;;;;;;;0;0;0;0;0;0;0;0;0;0;0;0;0;0;0;0;0;0;0;0;0;0;0;0;0;0;0;0;0;0;0;0;0;0;1;44;2;32
25.01.2025;12:32;A162;1;5;34;3;21;5;37;5;54;0;100;0;100;1;34;1;72;4;76;;;;;;;0;0;0;0;1;2;0;0;0;0;0;0;0;0;0;0;0;0;0;0;0;0;0;0;0;0;0;0;0;0;0;0;0;0;1;7;0;83
25.01.2025;12:31;A162;1;2;77;2;88;4;5;3;49;0;100;0;100;0;56;2;32;2;40;;;;;;;0;0;1;2;0;0;0;0;0;0;0;0;0;0;0;0;0;0;0;0;0;0;0;0;0;0;0;0;0;0;0;0;0;0;2;12;3;30
25.01.2025;12:30;A162;1;3;2;3;11;5;4;5;18;0;100;0;100;2;50;1;14;0;0;;;;;;;1;2;0;0;0;0;0;0;0;0;0;0;0;0;0;0;0;0;0;0;0;0;0;0;1;1;0;0;0;0;0;0;0;0;1;8;0;0
25.01.2025;12:29;A162;1;3;3;1;16;4;4;4;9;0;100;0;100;1;59;1;63;4;64;;;;;;;0;0;0;0;0;0;0;0;0;0;0;0;0;0;0;0;0;0;0;0;0;0;0;0;0;0;0;0;0;0;0;0;0;0;1;5;1;39
25.01.2025;12:28;A162;1;4;5;2;84;3;2;4;11;0;100;0;100;1;67;1;29;2;1;;;;;;;0;0;0;0;0;0;0;0;0;0;0;0;0;0;0;0;0;0;0;0;0;0;0;0;0;0;0;0;0;0;0;0;0;0;1;8;2;10
25.01.2025;12:27;A162;1;8;49;2;88;8;5;6;20;0;100;0;100;3;26;0;0;0;0;;;;;;;0;0;0;0;0;0;0;0;0;0;0;0;0;0;0;0;0;0;0;0;0;0;0;0;1;3;0;0;0;0;0;0;0;0;0;0;0;0
25.01.2025;12:26;A162;1;3;12;2;28;4;3;5;19;0;100;0;100;0;0;4;28;2;80;;;;;;;0;0;0;0;1;2;0;0;0;0;0;0;0;0;0;0;0;0;1;2;1;2;0;0;0;0;0;0;0;0;0;0;0;0;2;35;0;0
25.01.2025;12:25;A162;1;4;67;3;87;6;5;6;22;0;100;0;100;1;25;0;0;5;61;;;;;;;0;0;1;2;0;0;0;0;0;0;0;0;0;0;0;0;1;2;0;0;0;0;0;0;1;1;0;0;0;0;0;0;0;0;0;0;1;69
25.01.2025;12:24;A162;1;4;22;2;18;4;3;3;11;0;100;0;100;2;10;0;0;1;96;;;;;;;1;2;0;0;0;0;0;0;0;0;0;0;0;0;0;0;0;0;0;0;0;0;0;0;0;0;0;0;0;0;0;0;0;0;0;0;0;100
25.01.2025;12:23;A162;1;8;52;4;43;6;4;8;27;0;100;0;100;2;87;0;0;0;65;;;;;;;1;2;2;3;2;3;0;0;0;0;0;0;0;0;0;0;0;0;0;0;0;0;0;0;0;0;0;0;0;0;0;0;0;0;0;0;1;4
25.01.2025;12:22;A162;1;1;87;2;8;1;0;1;3;0;100;0;100;0;73;2;48;1;46;;;;;;;1;2;0;0;0;0;0;0;0;0;0;0;0;0;0;0;0;0;1;2;1;2;0;0;0;0;0;0;0;0;0;0;0;0;2;23;2;6
25.01.2025;12:21;A162;1;4;24;3;13;2;2;2;13;0;100;0;100;2;19;1;89;1;89;;;;;;;0;0;0;0;0;0;0;0;0;0;0;0;0;0;0;0;1;2;0;0;0;0;0;0;0;0;0;0;0;0;0;0;0;0;1;8;1;7
25.01.2025;12:20;A162;1;3;34;4;20;3;17;2;29;0;100;0;100;1;93;1;65;4;67;;;;;;;0;0;1;2;1;2;0;0;0;0;0;0;0;0;0;0;0;0;0;0;0;0;0;0;0;0;0;0;0;0;0;0;0;0;1;52;0;75
25.01.2025;12:19;A162;1;7;13;3;90;4;5;4;18;0;100;0;100;1;43;1;25;1;41;;;;;;;0;0;0;0;0;0;0;0;0;0;0;0;0;0;0;0;0;0;0;0;0;0;0;0;0;0;0;0;1;1;0;0;0;0;1;6;2;26
25.01.2025;12:18;A162;1;8;41;2;66;6;3;6;16;0;100;0;100;2;24;0;0;0;0;;;;;;;1;2;0;0;0;0;0;0;0;0;0;0;0;0;0;0;0;0;0;0;0;0;0;0;0;0;0;0;0;0;0;0;0;0;0;0;0;0
25.01.2025;12:17;A162;1;6;33;5;60;4;2;5;23;0;100;0;100;1;6;0;0;3;4;;;;;;;0;0;0;0;0;0;0;0;0;0;0;0;0;0;0;0;0;0;0;0;0;0;0;0;1;1;0;0;0;0;0;0;0;0;0;0;3;12
25.01.2025;12:16;A162;1;3;10;3;15;2;1;2;6;0;100;0;100;0;0;0;0;0;0;;;;;;;0;0;0;0;0;0;0;0;0;0;0;0;0;0;0;0;0;0;0;0;0;0;0;0;0;0;0;0;0;0;0;0;0;0;0;0;0;0
25.01.2025;12:15;A162;1;3;41;1;44;9;17;5;44;0;100;0;100;0;16;0;0;0;0;;;;;;;0;0;0;0;0;0;1;2;0;0;1;2;0;0;0;0;0;0;0;0;0;0;0;0;0;0;0;0;0;0;0;0;0;0;0;0;0;0
25.01.2025;12:14;A162;1;7;40;3;65;1;11;1;17;0;100;0;100;1;32;2;85;1;2;;;;;;;1;2;2;3;2;3;0;0;0;0;0;0;0;0;0;0;0;0;1;2;1;2;0;0;0;0;0;0;0;0;0;0;0;0;1;9;1;6
25.01.2025;12:13;A162;1;3;84;1;99;7;22;3;44;0;100;0;100;0;0;3;68;0;0;;;;;;;1;2;0;0;0;0;0;0;0;0;0;0;0;0;0;0;0;0;0;0;0;0;0;0;0;0;0;0;0;0;0;0;0;0;1;23;0;0
25.01.2025;12:12;A162;1;9;39;1;64;5;3;5;18;0;100;0;100;1;6;1;42;0;0;;;;;;;2;3;2;3;2;3;0;0;0;0;0;0;0;0;0;0;0;0;0;0;0;0;0;0;4;6;0;0;0;0;0;0;0;0;3;46;0;0
25.01.2025;12:11;A162;1;3;47;3;48;3;2;4;10;0;100;0;100;1;6;0;73;0;0;;;;;;;0;0;1;2;1;2;0;0;0;0;0;0;0;0;0;0;0;0;1;2;1;2;0;0;0;0;0;0;0;0;0;0;0;0;0;0;0;0
25.01.2025;12:10;A162;1;1;5;1;13;6;32;1;54;0;100;0;100;1;69;1;28;1;17;;;;;;;1;2;0;0;0;0;0;0;0;0;0;0;0;0;0;0;1;2;1;2;1;2;0;0;0;0;0;0;0;0;0;0;0;0;1;8;0;18
25.01.2025;12:09;A162;1;6;25;4;42;5;3;3;11;0;100;0;100;2;89;1;24;1;70;;;;;;;0;0;0;0;0;0;0;0;0;0;0;0;0;0;0;0;0;0;0;0;0;0;0;0;1;1;0;0;0;0;0;0;0;0;1;8;2;26
25.01.2025;12:08;A162;1;2;47;1;58;2;1;3;8;0;100;0;100;1;43;1;65;1;8;;;;;;;0;0;0;0;0;0;0;0;0;0;0;0;0;0;0;0;0;0;0;0;0;0;0;0;0;0;0;0;0;0;0;0;0;0;1;56;1;13
25.01.2025;12:07;A162;1;2;70;2;34;2;4;2;4;0;100;0;100;1;6;3;52;3;38;;;;;;;0;0;0;0;1;2;0;0;0;0;0;0;0;0;0;0;0;0;0;0;1;2;0;0;0;0;0;0;0;0;0;0;0;0;1;49;2;37
25.01.2025;12:06;A162;1;3;53;1;68;2;15;0;15;0;100;0;100;0;0;1;68;1;46;;;;;;;1;2;1;2;0;0;0;0;0;0;0;0;0;0;0;0;0;0;1;2;0;0;0;0;0;0;0;0;0;0;0;0;0;0;2;39;1;7
25.01.2025;12:05;A162;1;9;44;3;73;1;32;2;44;0;100;0;100;1;7;1;95;0;0;;;;;;;0;0;0;0;0;0;0;0;0;0;0;0;0;0;0;0;1;2;1;2;2;3;0;0;0;0;0;0;0;0;0;0;0;0;1;22;0;0
25.01.2025;12:04;A162;1;1;86;1;95;2;1;3;21;0;100;0;100;2;14;2;73;1;29;;;;;;;0;0;0;0;0;0;0;0;0;0;0;0;0;0;0;0;1;2;1;2;0;0;0;0;0;0;0;0;0;0;0;0;0;0;3;9;0;28
25.01.2025;12:03;A162;1;2;52;1;11;3;3;1;32;0;100;0;100;1;31;1;23;1;63;;;;;;;0;0;0;0;0;0;0;0;0;0;0;0;0;0;0;0;0;0;0;0;0;0;0;0;0;0;0;0;0;0;0;0;0;0;1;5;3;13
25.01.2025;12:02;A162;1;4;3;2;16;7;5;7;50;0;100;0;100;2;98;2;47;1;96;;;;;;;0;0;0;0;0;0;0;0;0;0;0;0;0;0;0;0;0;0;0;0;0;0;0;0;0;0;0;0;0;0;0;0;0;0;1;55;1;79
25.01.2025;12:01;A162;1;2;54;5;29;2;2;3;22;0;100;0;100;0;0;5;21;1;16;;;;;;;0;0;0;0;0;0;0;0;0;0;0;0;0;0;0;0;0;0;0;0;0;0;0;0;0;0;0;0;0;0;0;0;0;0;0;33;1;5
25.01.2025;12:00;A162;1;3;47;3;15;15;80;4;46;0;100;0;100;0;17;0;100;1;15;;;;;;;0;0;0;0;0;0;0;0;0;0;0;0;0;0;1;2;0;0;0;0;0;0;0;0;0;0;0;0;0;0;0;0;0;0;0;100;1;8
25.01.2025;11:59;A162;1;3;23;4;16;1;16;1;62;0;100;0;100;1;100;2;75;0;0;;;;;;;0;0;0;0;1;2;0;0;1;2;0;0;1;2;0;0;0;0;0;0;0;0;0;0;0;0;0;0;0;0;0;0;0;0;1;84;0;0
25.01.2025;11:58;A162;1;5;68;3;84;5;3;5;16;0;100;0;100;1;5;1;70;2;17;;;;;;;1;2;1;2;0;0;0;0;0;0;0;0;0;0;0;0;0;0;0;0;0;0;0;0;0;0;0;0;0;0;0;0;0;0;2;8;3;19
25.01.2025;11:57;A162;1;3;40;1;50;2;1;3;7;0;100;0;100;1;5;1;82;1;76;;;;;;;0;0;0;0;0;0;0;0;0;0;0;0;0;0;0;0;0;0;0;0;0;0;0;0;0;0;0;0;0;0;0;0;0;0;1;11;1;8
25.01.2025;11:56;A162;1;5;52;2;70;3;1;2;18;0;100;0;100;0;0;2;62;1;2;;;;;;;0;0;2;3;1;2;0;0;0;0;0;0;0;0;0;0;1;2;1;2;1;2;0;0;0;0;0;0;0;0;0;0;0;0;3;64;1;4
25.01.2025;11:55;A162;1;3;10;3;14;1;27;1;5;0;100;0;100;0;46;0;0;1;1;;;;;;;2;3;0;0;0;0;0;0;0;0;0;0;0;0;0;0;0;0;0;0;0;0;0;0;0;0;0;0;0;0;0;0;0;0;0;0;1;4
25.01.2025;11:54;A162;1;3;2;3;15;3;2;2;6;0;100;0;100;1;93;0;0;0;0;;;;;;;0;0;0;0;0;0;0;0;0;0;0;0;0;0;0;0;0;0;0;0;0;0;0;0;0;0;0;0;0;0;0;0;0;0;0;0;0;0
25.01.2025;11:53;A162;1;5;6;0;26;3;2;2;10;0;100;0;100;2;11;1;1;1;65;;;;;;;0;0;0;0;0;0;0;0;0;0;0;0;0;0;0;0;0;0;0;0;0;0;0;0;0;0;0;0;0;0;0;0;0;0;1;3;1;20
25.01.2025;11:52;A162;1;1;88;2;48;6;14;2;55;0;100;0;100;0;98;1;49;4;8;;;;;;;0;0;0;0;0;0;0;0;0;0;0;0;0;0;0;0;0;0;0;0;1;2;0;0;0;0;0;0;0;0;0;0;0;0;1;12;3;22
25.01.2025;11:51;A162;1;5;8;2;21;5;4;4;13;0;100;0;100;1;38;1;29;0;0;;;;;;;0;0;1;2;1;2;0;0;0;0;0;0;0;0;0;0;0;0;1;2;0;0;0;0;0;0;0;0;0;0;0;0;0;0;1;6;0;0
25.01.2025;11:50;A162;1;3;2;2;16;2;1;4;18;0;100;0;100;0;0;2;66;2;15;;;;;;;1;2;0;0;0;0;0;0;0;0;0;0;0;0;0;0;1;2;0;0;0;0;0;0;2;5;0;0;0;0;0;0;0;0;1;68;2;14
25.01.2025;11:49;A162;1;2;61;2;11;2;23;1;33;0;100;0;100;0;0;1;74;3;1;;;;;;;0;0;0;0;0;0;1;2;0;0;1;2;0;0;0;0;0;0;0;0;0;0;0;0;0;0;0;0;0;0;0;0;0;0;1;69;1;1
25.01.2025;11:48;A162;1;3;39;2;24;2;2;2;14;0;100;0;100;1;9;1;67;0;0;;;;;;;0;0;0;0;0;0;0;0;0;0;0;0;0;0;0;0;0;0;0;0;0;0;0;0;0;0;0;0;0;0;0;0;0;0;1;12;0;0
25.01.2025;11:47;A162;1;3;5;4;15;0;0;0;0;0;100;0;100;2;6;1;64;2;69;;;;;;;0;0;0;0;0;0;0;0;0;0;0;0;0;0;0;0;0;0;0;0;0;0;0;0;0;0;0;0;0;0;0;0;0;0;1;57;0;73
25.01.2025;11:46;A162;1;1;79;1;9;2;1;4;21;0;100;0;100;1;4;3;71;3;61;;;;;;;0;0;0;0;1;2;0;0;0;0;0;0;0;0;0;0;0;0;0;0;0;0;0;0;0;0;0;0;0;0;0;0;0;0;1;29;2;32
25.01.2025;11:45;A162;1;3;49;3;75;5;4;5;19;0;100;0;100;1;3;0;100;1;74;;;;;;;1;2;2;3;1;2;0;0;0;0;0;0;0;0;0;0;0;0;0;0;0;0;0;0;0;0;0;0;0;0;0;0;0;0;1;87;2;66
25.01.2025;11:44;A162;1;7;40;4;60;2;2;2;7;0;100;0;100;0;0;1;2;1;83;;;;;;;1;2;0;0;0;0;0;0;0;0;0;0;0;0;0;0;0;0;0;0;0;0;0;0;0;0;0;0;0;0;0;0;0;0;1;5;1;5
25.01.2025;11:43;A162;1;7;52;5;49;4;6;4;39;0;100;0;100;0;0;0;0;1;76;;;;;;;0;0;0;0;1;2;0;0;0;0;0;0;0;0;0;0;0;0;0;0;0;0;0;0;0;0;0;0;0;0;0;0;0;0;0;0;1;6
25.01.2025;11:42;A162;1;9;20;2;96;2;1;3;19;0;100;0;100;1;8;0;0;1;80;;;;;;;1;2;2;3;1;2;0;0;0;0;0;0;0;0;0;0;0;0;0;0;0;0;0;0;0;0;0;0;0;0;0;0;0;0;0;0;1;11
25.01.2025;11:41;A162;1;3;21;1;96;3;2;4;11;0;100;0;100;0;0;0;81;0;0;;;;;;;1;2;1;2;1;2;0;0;0;0;0;0;0;0;0;0;0;0;1;2;1;2;0;0;0;0;0;0;0;0;0;0;0;0;0;0;0;0
25.01.2025;11:40;A162;1;1;76;1;85;6;10;1;72;0;100;0;100;0;91;3;33;0;0;;;;;;;0;0;0;0;0;0;0;0;0;0;0;0;0;0;0;0;1;2;0;0;0;0;0;0;0;0;0;0;0;0;0;0;0;0;3;13;0;0
25.01.2025;11:39;A162;1;5;11;1;47;1;1;1;16;0;100;0;100;1;30;0;0;0;0;;;;;;;1;2;0;0;0;0;0;0;0;0;0;0;0;0;0;0;0;0;0;0;0;0;0;0;1;1;0;0;0;0;0;0;0;0;0;0;0;0
25.01.2025;11:38;A162;1;3;3;2;26;4;14;4;21;0;100;0;100;0;0;0;70;1;74;;;;;;;0;0;0;0;0;0;0;0;1;2;0;0;0;0;0;0;0;0;0;0;0;0;0;0;0;0;0;0;0;0;0;0;0;0;0;0;1;8
25.01.2025;11:37;A162;1;0;0;3;18;7;15;3;40;0;100;0;100;2;29;4;87;2;35;;;;;;;0;0;0;0;0;0;0;0;0;0;0;0;0;0;0;0;0;0;1;2;2;3;0;0;0;0;0;0;0;0;0;0;0;0;0;65;2;17
25.01.2025;11:36;A162;1;4;44;0;56;5;9;5;31;0;100;0;100;1;8;1;93;0;0;;;;;;;0;0;0;0;0;0;0;0;0;0;0;0;0;0;0;0;2;3;1;2;0;0;0;0;0;0;0;0;0;0;0;0;0;0;2;68;0;0
25.01.2025;11:35;A162;1;2;26;3;16;5;53;6;50;0;100;0;100;0;0;2;86;2;89;;;;;;;0;0;0;0;0;0;0;0;0;0;0;0;0;0;0;0;0;0;1;2;1;2;0;0;0;0;0;0;0;0;0;0;0;0;0;92;0;91
25.01.2025;11:34;A162;1;4;58;4;86;0;0;0;0;0;100;0;100;0;0;3;64;1;66;;;;;;;0;0;0;0;0;0;0;0;0;0;0;0;0;0;0;0;1;2;0;0;0;0;0;0;0;0;0;0;0;0;0;0;0;0;1;73;2;55
25.01.2025;11:33;A162;1;4;36;2;50;5;15;2;38;0;100;0;100;0;0;1;75;1;23;;;;;;;0;0;1;2;1;2;0;0;0;0;0;0;0;0;0;0;0;0;0;0;0;0;0;0;0;0;0;0;0;0;0;0;0;0;3;59;2;14
25.01.2025;11:32;A162;1;5;67;3;16;2;18;2;19;0;100;0;100;0;0;4;88;1;2;;;;;;;1;2;1;2;1;2;0;0;0;0;0;0;0;0;0;0;0;0;0;0;0;0;0;0;0;0;0;0;0;0;0;0;0;0;0;96;1;7
25.01.2025;11:31;A162;1;2;29;2;42;9;19;6;31;0;100;0;100;0;54;6;62;4;20;;;;;;;1;2;0;0;0;0;0;0;0;0;0;0;0;0;0;0;0;0;0;0;0;0;0;0;0;0;0;0;0;0;0;0;0;0;2;83;2;30
25.01.2025;11:30;A162;1;4;63;1;34;2;12;3;13;0;100;0;100;3;66;1;85;1;88;;;;;;;0;0;0;0;0;0;0;0;0;0;0;0;0;0;0;0;0;0;0;0;0;0;0;0;0;0;0;0;0;0;0;0;0;0;2;90;3;71
25.01.2025;11:29;A162;1;4;56;3;15;3;6;3;23;0;100;0;100;0;100;2;83;4;85;;;;;;;0;0;0;0;0;0;0;0;0;0;0;0;0;0;0;0;0;0;1;2;1;2;0;0;0;0;0;0;0;0;0;0;0;0;0;88;0;94
25.01.2025;11:28;A162;1;1;12;3;7;8;16;3;49;0;100;0;100;4;60;1;52;2;81;;;;;;;0;0;0;0;0;0;0;0;0;0;0;0;0;0;0;0;0;0;0;0;0;0;0;0;0;0;0;0;0;0;0;0;0;0;1;58;2;30
25.01.2025;11:27;A162;1;2;37;2;16;0;0;1;11;0;100;0;100;0;5;0;0;1;71;;;;;;;0;0;0;0;0;0;0;0;0;0;0;0;0;0;0;0;1;2;0;0;0;0;0;0;0;0;0;0;0;0;0;0;0;0;0;0;3;45
25.01.2025;11:26;A162;1;7;38;2;44;3;1;2;7;0;100;0;100;2;69;0;64;3;67;;;;;;;0;0;2;3;2;3;0;0;0;0;0;0;0;0;0;0;0;0;0;0;0;0;0;0;1;1;0;0;0;0;0;0;0;0;0;0;2;39
25.01.2025;11:25;A162;1;2;72;2;30;4;37;3;43;0;100;0;100;0;79;1;36;3;33;;;;;;;2;3;0;0;0;0;0;0;0;0;0;0;0;0;0;0;0;0;0;0;0;0;0;1;1;1;0;0;0;0;0;0;0;0;2;6;3;18
25.01.2025;11:24;A162;1;8;9;4;67;3;2;2;9;0;100;0;100;1;37;0;0;0;0;;;;;;;0;0;0;0;0;0;0;0;0;0;0;0;0;0;0;0;0;0;0;0;0;0;1;0;0;0;0;0;0;0;0;0;0;0;0;0;0;0
25.01.2025;11:23;A162;1;5;10;1;75;0;0;2;15;0;100;0;100;1;51;0;0;0;62;;;;;;;0;0;0;0;0;0;0;0;0;0;0;0;0;0;0;0;0;0;0;0;0;0;0;0;0;0;1;1;1;1;0;0;1;1;0;0;0;0
25.01.2025;11:22;A162;1;3;81;2;91;4;22;2;26;0;100;0;100;2;14;1;39;1;61;;;;;;;0;0;0;0;1;2;0;0;0;0;0;0;0;0;0;0;0;0;0;0;1;2;0;0;1;1;0;0;0;0;0;0;0;0;0;39;1;8
25.01.2025;11:21;A162;1;3;22;5;53;3;2;3;9;0;100;0;100;0;0;0;100;1;79;;;;;;;1;2;1;2;0;0;0;0;0;0;0;0;0;0;0;0;0;0;1;2;0;0;0;0;2;3;0;0;0;0;0;0;0;0;1;62;1;7
25.01.2025;11:20;A162;1;5;42;3;69;1;26;1;7;0;100;0;100;0;91;3;67;0;61;;;;;;;0;0;0;0;0;0;0;0;0;0;0;0;0;0;0;0;1;2;0;0;0;0;0;0;0;0;0;0;0;0;0;0;0;0;3;56;0;0
25.01.2025;11:19;A162;1;1;65;2;20;7;6;6;19;0;100;0;100;2;77;3;62;1;48;;;;;;;0;0;0;0;0;0;0;0;0;0;0;0;0;0;0;0;0;0;0;0;0;0;0;0;0;0;0;0;0;0;0;0;0;0;3;16;1;7
25.01.2025;11:18;A162;1;7;4;5;19;2;2;2;12;0;100;0;100;1;5;0;0;1;27;;;;;;;0;0;0;0;0;0;0;0;0;0;0;0;0;0;0;0;0;0;0;0;0;0;0;0;0;0;0;0;0;0;0;0;0;0;0;0;1;5
25.01.2025;11:17;A162;1;5;5;0;26;1;2;1;4;0;100;0;100;0;0;0;0;2;4;;;;;;;0;0;0;0;0;0;1;2;0;0;1;2;0;0;0;0;0;0;0;0;0;0;0;0;0;0;0;0;0;0;0;0;0;0;0;0;2;9
25.01.2025;11:16;A162;1;1;0;2;9;4;5;2;24;0;100;0;100;1;31;1;47;1;56;;;;;;;0;0;0;0;0;0;0;0;0;0;0;0;0;0;0;0;0;0;0;0;0;0;0;0;0;0;0;0;1;1;0;0;0;0;1;23;0;60
25.01.2025;11:15;A162;1;4;8;4;30;0;0;0;0;0;100;0;100;2;13;1;85;1;19;;;;;;;1;2;1;2;1;2;0;0;0;0;0;0;0;0;0;0;1;2;0;0;1;2;0;0;0;0;0;0;0;0;0;0;0;0;1;8;1;25
25.01.2025;11:14;A162;1;3;2;0;11;4;5;5;18;0;100;0;100;1;4;0;0;2;66;;;;;;;0;0;0;0;0;0;0;0;0;0;0;0;0;0;0;0;0;0;0;0;0;0;0;0;0;0;0;0;1;1;1;1;1;1;0;0;1;72
25.01.2025;11:13;A162;1;1;78;2;7;0;0;2;18;0;100;0;100;0;0;1;1;5;48;;;;;;;0;0;0;0;1;2;0;0;0;0;0;0;0;0;0;0;0;0;0;0;1;2;0;0;1;1;0;0;1;1;0;0;0;0;1;4;3;52
25.01.2025;11:12;A162;1;9;46;2;75;2;3;0;7;0;100;0;100;0;0;0;0;1;85;;;;;;;1;2;1;2;0;0;0;0;0;0;0;0;0;0;0;0;0;0;1;2;0;0;0;0;0;0;0;0;0;0;0;0;0;0;0;0;2;49
25.01.2025;11:11;A162;1;5;38;3;48;1;12;2;20;0;100;0;100;0;0;1;62;1;1;;;;;;;0;0;0;0;0;0;0;0;0;0;0;0;0;0;0;0;1;2;0;0;0;0;1;1;1;1;0;0;0;0;0;0;0;0;1;5;0;0
25.01.2025;11:10;A162;1;3;10;3;84;4;4;4;21;0;100;0;100;0;59;2;68;0;0;;;;;;;0;0;0;0;1;2;0;0;0;0;0;0;0;0;0;0;0;0;0;0;0;0;0;0;0;0;0;0;0;0;0;0;0;0;2;33;0;0
25.01.2025;11:09;A162;1;4;12;4;29;1;0;1;9;0;100;0;100;1;48;1;65;0;0;;;;;;;1;2;2;3;1;2;0;0;0;0;0;0;0;0;0;0;0;0;0;0;0;0;0;0;0;0;0;0;0;0;0;0;1;1;2;47;0;0
25.01.2025;11:08;A162;1;4;5;1;22;5;43;4;51;0;100;0;100;1;6;1;19;1;74;;;;;;;1;2;0;0;0;0;0;0;0;0;0;0;0;0;0;0;0;0;0;0;0;0;0;0;0;0;0;0;0;0;0;0;0;0;1;9;1;71
25.01.2025;11:07;A162;1;1;84;2;93;5;74;3;41;0;100;0;100;1;21;2;51;3;29;;;;;;;0;0;0;0;0;0;0;0;0;0;0;0;0;0;0;0;0;0;2;3;3;5;0;0;0;0;1;1;0;0;0;0;0;0;1;33;2;21
25.01.2025;11:06;A162;1;4;46;1;66;2;98;3;31;0;100;0;100;2;27;1;95;0;0;;;;;;;0;0;0;0;0;0;0;0;0;0;0;0;0;0;0;0;1;2;1;2;0;0;0;0;0;0;0;0;0;0;0;0;0;0;0;6;0;0
25.01.2025;11:05;A162;1;5;38;1;65;2;99;4;17;0;100;0;100;2;11;4;85;5;82;;;;;;;0;0;0;0;0;0;0;0;0;0;0;0;0;0;0;0;2;3;0;0;0;0;0;0;0;0;0;0;0;0;0;0;0;0;2;93;1;91
25.01.2025;11:04;A162;1;2;10;0;100;4;38;1;98;0;100;0;100;1;4;2;49;2;89;;;;;;;0;0;0;0;0;0;0;0;0;0;0;0;0;0;0;0;0;0;0;0;0;0;0;0;0;0;0;0;0;0;0;0;0;0;2;28;2;81
25.01.2025;11:03;A162;1;3;2;5;29;7;30;1;73;0;100;0;100;0;9;1;5;1;49;;;;;;;0;0;0;0;0;0;0;0;0;0;0;0;0;0;0;0;0;0;0;0;0;0;0;0;0;0;0;0;0;0;0;0;0;0;1;7;2;32
25.01.2025;11:02;A162;1;9;48;0;24;4;97;3;15;0;100;0;100;1;98;0;0;3;26;;;;;;;0;0;0;0;0;0;0;0;0;0;0;0;0;0;0;0;0;0;0;0;0;0;0;0;0;0;0;0;0;0;0;0;0;0;1;2;3;18
25.01.2025;11:01;A162;1;0;100;0;100;3;98;0;100;0;100;0;100;0;0;2;30;1;2;;;;;;;0;0;0;0;0;0;0;0;0;0;0;0;1;2;1;2;0;0;0;0;0;0;0;0;0;0;1;1;0;0;1;1;0;0;0;36;1;6
25.01.2025;11:00;A162;1;9;63;0;100;1;96;1;97;0;100;0;100;2;45;1;83;0;0;;;;;;;0;0;0;0;0;0;0;0;1;2;0;0;1;2;1;2;0;0;0;0;0;0;0;0;0;0;0;0;0;0;1;1;0;0;1;89;0;0
25.01.2025;10:59;A162;1;3;61;1;74;1;1;0;100;0;100;0;100;1;74;0;0;0;0;;;;;;;0;0;1;2;1;2;0;0;0;0;0;0;0;0;0;0;0;0;1;2;1;2;0;0;0;0;0;0;0;0;0;0;0;0;0;0;0;0
25.01.2025;10:58;A162;1;1;44;2;64;3;79;1;81;0;100;0;100;0;0;2;49;1;2;;;;;;;1;2;0;0;0;0;0;0;1;2;1;2;1;2;1;1;1;2;0;0;0;0;0;0;2;3;0;0;0;0;0;0;0;0;0;53;1;5
25.01.2025;10:57;A162;1;4;14;1;51;4;68;1;91;0;100;0;100;1;17;1;91;0;0;;;;;;;0;0;0;0;0;0;0;0;1;2;0;0;0;0;0;0;0;0;0;0;0;0;0;0;0;0;0;0;2;3;0;0;0;0;2;56;0;0
25.01.2025;10:56;A162;1;8;6;5;39;1;28;1;36;0;100;0;100;1;1;1;84;4;72;;;;;;;0;0;0;0;0;0;1;2;0;0;0;0;0;0;0;0;0;0;0;0;0;0;0;0;0;0;0;0;0;0;0;0;0;0;1;21;1;61
25.01.2025;10:55;A162;1;3;21;4;27;8;7;6;16;0;100;0;100;2;19;1;64;0;0;;;;;;;0;0;0;0;1;2;0;0;0;0;0;0;0;0;0;0;0;0;0;0;0;0;0;0;0;0;0;0;0;0;0;0;0;0;2;41;0;0
25.01.2025;10:54;A162;1;4;26;3;38;5;7;4;22;0;100;0;100;2;31;0;0;0;0;;;;;;;1;2;2;3;1;2;0;0;0;0;0;0;0;0;0;0;0;0;0;0;0;0;0;0;0;0;0;0;0;0;0;0;0;0;0;0;0;0
25.01.2025;10:53;A162;1;5;11;1;25;1;1;1;3;0;100;0;100;2;12;2;91;3;93;;;;;;;1;2;0;0;0;0;0;0;0;0;0;0;0;0;0;0;0;0;0;0;1;2;0;0;0;0;0;0;1;1;0;0;1;1;0;93;0;97
25.01.2025;10:52;A162;1;1;82;1;94;3;4;2;35;0;100;0;100;1;6;1;68;3;78;;;;;;;0;0;0;0;0;0;0;0;0;0;0;0;0;0;0;0;0;0;1;2;0;0;0;0;0;0;0;0;0;0;0;0;0;0;2;36;2;79
25.01.2025;10:51;A162;1;8;13;2;54;3;2;3;18;0;100;0;100;1;9;1;86;1;85;;;;;;;1;2;2;3;2;3;0;0;0;0;0;0;0;0;0;0;0;0;0;0;0;0;0;0;0;0;0;0;0;0;0;0;0;0;1;92;1;89
25.01.2025;10:50;A162;1;1;1;2;51;0;0;1;3;0;100;0;100;0;99;0;64;0;39;;;;;;;1;2;0;0;0;0;0;0;0;0;0;0;0;0;0;0;1;2;0;0;0;0;0;0;0;0;0;0;0;0;0;0;0;0;0;0;0;0
25.01.2025;10:49;A162;1;1;1;2;7;7;28;5;58;0;100;0;100;2;61;1;38;2;73;;;;;;;0;0;0;0;0;0;0;0;0;0;1;2;0;0;0;0;0;0;0;0;0;0;0;0;0;0;0;0;0;0;0;0;0;0;1;5;2;8
25.01.2025;10:48;A162;1;3;36;1;39;5;4;6;17;0;100;0;100;2;56;1;34;1;54;;;;;;;0;0;0;0;0;0;1;2;0;0;0;0;0;0;0;0;0;0;0;0;0;0;0;0;0;0;0;0;0;0;0;0;0;0;1;11;1;8
25.01.2025;10:47;A162;1;4;35;4;24;2;2;3;8;0;100;0;100;4;21;0;0;1;1;;;;;;;0;0;0;0;0;0;0;0;0;0;0;0;0;0;0;0;0;0;0;0;0;0;0;0;2;3;0;0;0;0;0;0;0;0;0;0;1;5
25.01.2025;10:46;A162;1;5;74;2;82;6;71;1;85;0;100;0;100;1;60;0;19;2;14;;;;;;;0;0;0;0;1;2;0;0;0;0;1;2;0;0;0;0;0;0;0;0;0;0;0;0;0;0;0;0;0;0;0;0;0;0;0;0;1;21
25.01.2025;10:45;A162;1;6;10;0;76;11;42;2;61;0;100;0;100;1;73;1;72;0;1;;;;;;;1;2;1;2;0;0;2;3;0;0;1;2;0;0;0;0;0;0;0;0;1;2;1;1;0;0;0;0;0;0;0;0;0;0;1;6;0;0
25.01.2025;10:44;A162;1;1;1;2;15;0;100;0;0;0;100;0;100;0;100;1;2;1;97;;;;;;;0;0;0;0;0;0;0;0;0;0;0;0;0;0;0;0;1;2;1;2;0;0;0;0;0;0;0;0;0;0;0;0;0;0;1;7;1;79
25.01.2025;10:43;A162;1;1;2;4;10;0;100;0;0;0;100;0;100;1;33;0;0;2;65;;;;;;;0;0;0;0;0;0;0;0;0;0;0;0;0;0;0;0;0;0;0;0;0;0;0;0;0;0;0;0;0;0;0;0;0;0;0;0;1;33
25.01.2025;10:42;A162;1;4;48;3;65;4;79;0;87;0;100;0;100;0;0;0;0;1;61;;;;;;;0;0;1;2;1;2;1;2;0;0;0;0;0;0;0;0;0;0;0;0;0;0;0;0;0;0;0;0;0;0;0;0;0;0;0;0;2;9
25.01.2025;10:41;A162;1;5;55;1;79;1;48;2;52;0;100;0;100;0;0;1;2;3;73;;;;;;;1;2;1;2;1;2;0;0;0;0;0;0;0;0;0;0;0;0;1;2;1;2;0;0;0;0;0;0;0;0;0;0;0;0;1;6;3;30
25.01.2025;10:40;A162;1;1;17;1;25;4;5;1;42;0;100;0;100;0;0;0;41;1;42;;;;;;;1;2;0;0;0;0;0;0;0;0;0;0;0;0;0;0;1;2;0;0;1;2;0;0;0;0;0;0;0;0;0;0;0;0;0;0;2;26
25.01.2025;10:39;A162;1;4;53;3;72;3;2;3;8;0;100;0;100;3;39;1;94;1;81;;;;;;;0;0;0;0;0;0;0;0;0;0;0;0;0;0;0;0;1;2;1;2;0;0;0;0;0;0;0;0;0;0;0;0;0;0;1;7;1;8
25.01.2025;10:38;A162;1;6;37;1;64;6;3;2;15;0;100;0;100;0;100;0;67;3;2;;;;;;;0;0;0;0;0;0;0;0;0;0;0;0;0;0;1;2;0;0;0;0;0;0;0;0;0;0;0;0;0;0;0;0;0;0;0;0;1;3
25.01.2025;10:37;A162;1;1;89;2;78;1;20;1;48;0;100;0;100;0;100;2;27;1;5;;;;;;;0;0;0;0;0;0;0;0;1;2;0;0;1;2;0;0;0;0;2;3;2;3;0;0;0;0;0;0;0;0;0;0;0;0;2;13;1;12
25.01.2025;10:36;A162;1;3;2;2;8;3;1;2;4;0;100;0;100;2;69;0;0;0;0;;;;;;;0;0;0;0;0;0;0;0;0;0;0;0;0;0;0;0;2;3;0;0;0;0;0;0;0;0;0;0;0;0;0;0;0;0;0;0;0;0
25.01.2025;10:35;A162;1;2;1;2;7;1;1;1;3;0;100;0;100;0;0;1;50;5;76;;;;;;;0;0;0;0;0;0;0;0;0;0;0;0;0;0;0;0;0;0;0;0;0;0;0;0;0;0;0;0;0;0;0;0;0;0;1;6;0;77
25.01.2025;10:34;A162;1;1;61;1;5;2;1;3;13;0;100;0;100;0;44;1;0;1;45;;;;;;;0;0;0;0;0;0;0;0;0;0;0;0;0;0;0;0;0;0;0;0;0;0;0;0;0;0;0;0;0;0;0;0;0;0;0;0;2;38
25.01.2025;10:33;A162;1;8;5;5;32;2;1;2;6;0;100;0;100;1;66;0;0;1;61;;;;;;;0;0;0;0;0;0;0;0;0;0;0;0;0;0;0;0;0;0;0;0;0;0;0;0;0;0;0;0;0;0;0;0;0;0;0;0;1;67
25.01.2025;10:32;A162;1;4;2;2;25;0;0;0;0;0;100;0;100;0;0;1;66;1;52;;;;;;;0;0;0;0;0;0;0;0;0;0;0;0;0;0;0;0;0;0;0;0;0;0;0;0;0;0;0;0;0;0;0;0;0;0;0;67;1;7
25.01.2025;10:31;A162;1;0;83;1;3;2;1;0;0;0;100;0;100;0;53;3;79;0;29;;;;;;;0;0;0;0;0;0;0;0;0;0;0;0;0;0;0;0;0;0;0;0;1;2;0;0;0;0;0;0;0;0;0;0;0;0;3;79;0;27
25.01.2025;10:30;A162;1;5;29;2;41;2;1;1;5;0;100;0;100;2;7;0;100;1;72;;;;;;;0;0;0;0;0;0;0;0;0;0;0;0;0;0;0;0;1;2;1;2;0;0;0;0;0;0;0;0;0;0;0;0;0;0;1;71;2;25
25.01.2025;10:29;A162;1;3;41;1;53;3;10;3;16;0;100;0;100;0;0;1;15;2;64;;;;;;;0;0;1;2;1;2;0;0;0;0;0;0;0;0;0;0;0;0;0;0;0;0;0;0;0;0;1;1;3;4;0;0;5;7;1;5;1;62
25.01.2025;10:28;A162;1;6;13;3;83;8;76;2;11;0;100;0;100;0;42;4;3;4;52;;;;;;;1;2;0;0;0;0;0;0;0;0;0;0;0;0;0;0;0;0;0;0;0;0;0;0;0;0;0;0;0;0;0;0;0;0;3;14;1;31
25.01.2025;10:27;A162;1;10;12;5;67;1;100;1;10;0;100;0;100;2;52;0;0;0;100;;;;;;;0;0;0;0;0;0;0;0;0;0;0;0;0;0;0;0;0;0;0;0;0;0;0;0;0;0;0;0;0;0;0;0;0;0;0;0;1;84
25.01.2025;10:26;A162;1;3;15;3;53;3;99;4;50;0;100;0;100;1;14;1;62;2;11;;;;;;;0;0;1;2;1;2;0;0;0;0;0;0;0;0;0;0;0;0;0;0;0;0;0;0;0;0;0;0;0;0;0;0;0;0;1;4;1;10
25.01.2025;10:25;A162;1;1;94;0;100;1;63;0;85;0;100;0;100;2;44;1;27;5;20;;;;;;;0;0;0;0;0;0;0;0;0;0;0;0;0;0;0;0;0;0;0;0;0;0;0;0;0;0;0;0;0;0;0;0;0;0;1;11;0;24
25.01.2025;10:24;A162;1;4;3;5;30;0;0;0;100;0;100;0;100;1;1;0;0;1;50;;;;;;;1;2;0;0;0;0;0;0;0;0;0;0;0;0;0;0;0;0;0;0;0;0;0;0;0;0;0;0;0;0;0;0;0;0;0;0;2;22
25.01.2025;10:23;A162;1;4;4;2;15;1;2;1;61;0;100;0;100;1;7;0;0;0;0;;;;;;;0;0;0;0;0;0;0;0;0;0;0;0;0;0;0;0;0;0;0;0;0;0;0;0;0;0;0;0;0;0;0;0;0;0;0;0;0;0
25.01.2025;10:22;A162;1;2;7;1;26;4;59;2;71;0;100;0;100;0;62;0;0;0;0;;;;;;;0;0;0;0;1;2;0;0;0;0;0;0;0;0;0;0;0;0;0;0;1;2;0;0;0;0;0;0;0;0;0;0;0;0;0;0;0;0
25.01.2025;10:21;A162;1;8;39;7;34;6;4;4;29;0;100;0;100;2;8;0;0;1;2;;;;;;;2;3;3;5;2;3;0;0;0;0;0;0;0;0;0;0;1;2;1;2;0;0;0;0;0;0;0;0;0;0;0;0;0;0;0;0;0;0
25.01.2025;10:20;A162;1;4;14;2;21;1;30;1;5;0;100;0;100;1;7;1;16;3;33;;;;;;;1;2;0;0;0;0;0;0;0;0;0;0;0;0;0;0;0;0;0;0;0;0;0;0;0;0;0;0;0;0;0;0;0;0;3;16;2;26
25.01.2025;10:19;A162;1;0;0;1;4;4;3;4;13;0;100;0;100;2;34;1;2;3;23;;;;;;;0;0;0;0;0;0;0;0;0;0;0;0;0;0;0;0;0;0;0;0;0;0;0;0;0;0;0;0;0;0;0;0;0;0;1;8;1;28
25.01.2025;10:18;A162;1;3;6;0;63;1;2;1;5;0;100;0;100;0;16;0;0;1;63;;;;;;;0;0;0;0;0;0;1;2;0;0;1;2;0;0;0;0;0;0;0;0;0;0;0;0;0;0;0;0;0;0;0;0;0;0;0;0;1;71
25.01.2025;10:17;A162;1;2;8;1;34;6;3;6;17;0;100;0;100;1;83;0;0;1;1;;;;;;;0;0;0;0;0;0;0;0;0;0;0;0;0;0;0;0;0;0;0;0;0;0;0;0;0;0;0;0;0;0;0;0;0;0;0;0;0;100
25.01.2025;10:16;A162;1;1;4;1;92;0;0;0;0;0;100;0;100;1;7;0;0;2;3;;;;;;;0;0;0;0;0;0;0;0;0;0;0;0;0;0;0;0;0;0;0;0;0;0;0;0;0;0;0;0;0;0;0;0;0;0;0;0;1;100
25.01.2025;10:15;A162;1;2;59;2;60;5;7;1;28;0;100;0;100;0;28;0;0;1;2;;;;;;;1;2;1;2;3;5;0;0;0;0;0;0;0;0;0;0;0;0;0;0;1;2;0;0;0;0;0;0;0;0;0;0;0;0;0;0;0;100
25.01.2025;10:14;A162;1;4;31;4;22;0;0;1;32;0;100;0;100;0;100;0;95;0;100;;;;;;;1;2;2;3;1;2;0;0;0;0;0;0;0;0;0;0;0;0;0;0;0;0;0;0;0;0;0;0;0;0;0;0;0;0;0;0;2;6
25.01.2025;10:13;A162;1;1;7;3;24;2;51;1;8;0;100;0;100;1;1;1;20;2;52;;;;;;;1;2;0;0;0;0;0;0;0;0;0;0;0;0;0;0;0;0;1;2;1;2;0;0;0;0;0;0;0;0;0;0;0;0;2;6;1;16
25.01.2025;10:12;A162;1;5;43;3;61;6;4;7;21;0;100;0;100;1;18;0;0;0;0;;;;;;;1;2;1;2;0;0;0;0;0;0;0;0;0;0;0;0;1;2;1;2;0;0;0;0;0;0;0;0;0;0;0;0;0;0;0;0;1;2
25.01.2025;10:11;A162;1;6;60;4;67;3;2;2;7;0;100;0;100;2;64;1;1;0;76;;;;;;;1;2;2;3;2;3;0;0;0;0;0;0;0;0;0;0;1;2;0;0;1;2;0;0;0;0;0;0;0;0;0;0;0;0;1;5;0;0
25.01.2025;10:10;A162;1;3;54;2;78;2;3;3;38;0;100;0;100;0;38;0;11;2;30;;;;;;;1;2;0;0;0;0;0;0;0;0;0;0;0;0;0;0;1;2;1;2;0;0;0;0;0;0;0;0;0;0;0;0;0;0;0;0;1;23
25.01.2025;10:09;A162;1;6;28;4;44;0;0;0;0;0;100;0;100;1;11;0;100;1;92;;;;;;;0;0;0;0;0;0;0;0;0;0;0;0;0;0;0;0;0;0;0;0;0;0;0;0;0;0;0;0;0;0;0;0;0;0;0;0;2;19
25.01.2025;10:08;A162;1;4;62;2;56;3;2;4;15;0;100;0;100;1;4;1;13;2;46;;;;;;;1;2;1;2;1;2;0;0;0;0;0;0;0;0;0;0;0;0;0;0;0;0;0;0;0;0;0;0;0;0;0;0;0;0;2;8;0;66
25.01.2025;10:07;A162;1;1;2;1;84;3;68;1;79;0;100;0;100;0;0;1;4;4;50;;;;;;;0;0;0;0;0;0;0;0;0;0;0;0;0;0;0;0;0;0;1;2;2;3;0;0;0;0;0;0;0;0;0;0;0;0;1;7;3;59
25.01.2025;10:06;A162;1;4;6;0;62;5;6;3;18;0;100;0;100;0;0;0;0;0;0;;;;;;;0;0;0;0;0;0;0;0;0;0;0;0;0;0;0;0;0;0;1;2;0;0;0;0;0;0;0;0;0;0;0;0;0;0;0;0;0;0
25.01.2025;10:05;A162;1;5;4;3;26;0;0;0;0;0;100;0;100;0;0;0;0;0;98;;;;;;;0;0;0;0;0;0;0;0;0;0;0;0;0;0;0;0;2;3;1;2;1;2;0;0;0;0;0;0;0;0;0;0;0;0;0;0;2;18
25.01.2025;10:04;A162;1;0;0;1;2;5;7;2;38;0;100;0;100;0;0;2;4;1;17;;;;;;;0;0;0;0;0;0;0;0;0;0;0;0;0;0;0;0;1;2;0;0;0;0;0;0;0;0;0;0;0;0;0;0;0;0;2;13;1;7
25.01.2025;10:03;A162;1;2;51;2;7;3;14;1;30;0;100;0;100;0;29;0;0;0;0;;;;;;;0;0;0;0;0;0;0;0;0;0;0;0;1;2;1;2;0;0;0;0;0;0;0;0;0;0;0;0;0;0;0;0;0;0;0;0;0;0
25.01.2025;10:02;A162;1;2;41;2;9;5;13;4;54;0;100;0;100;0;100;1;63;2;66;;;;;;;0;0;0;0;1;2;0;0;1;2;0;0;0;0;0;0;0;0;0;0;0;0;0;0;1;1;0;0;0;0;0;0;0;0;0;66;1;64
25.01.2025;10:01;A162;1;3;7;1;78;1;1;2;4;0;100;0;100;1;11;2;30;1;23;;;;;;;1;2;1;2;0;0;0;0;0;0;0;0;0;0;0;0;0;0;0;0;0;0;0;0;0;0;0;0;0;0;0;0;0;0;4;37;1;8
25.01.2025;10:00;A162;1;1;21;3;10;3;1;1;3;0;100;0;100;0;1;0;0;1;19;;;;;;;0;0;0;0;0;0;0;0;0;0;0;0;0;0;0;0;0;0;0;0;0;0;0;0;0;0;0;0;0;0;0;0;0;0;0;0;1;7
25.01.2025;09:59;A162;1;2;84;2;15;0;0;0;0;0;100;0;100;1;2;0;78;2;0;;;;;;;0;0;0;0;1;2;0;0;0;0;0;0;0;0;0;0;0;0;0;0;0;0;0;0;0;0;0;0;0;0;0;0;0;0;0;0;1;5
25.01.2025;09:58;A162;1;1;82;2;93;4;4;4;28;0;100;0;100;1;18;1;22;1;1;;;;;;;0;0;1;2;0;0;0;0;0;0;0;0;0;0;0;0;0;0;0;0;0;0;0;0;0;0;0;0;0;0;0;0;0;0;1;5;1;5
25.01.2025;09:57;A162;1;3;4;3;15;6;3;8;24;0;100;0;100;0;0;0;100;0;0;;;;;;;1;2;0;0;0;0;0;0;0;0;0;0;0;0;0;0;0;0;0;0;0;0;0;0;0;0;0;0;0;0;0;0;0;0;0;0;0;0
25.01.2025;09:56;A162;1;4;5;2;20;1;1;2;7;0;100;0;100;2;7;2;82;0;79;;;;;;;0;0;0;0;1;2;0;0;0;0;0;0;0;0;0;0;0;0;1;2;1;2;0;0;0;0;0;0;0;0;0;0;0;0;2;79;0;0
25.01.2025;09:55;A162;1;3;66;2;82;4;5;5;28;0;100;0;100;1;14;2;11;2;20;;;;;;;0;0;1;1;0;0;0;0;0;0;0;0;0;0;0;0;1;2;0;0;0;0;0;0;0;0;0;0;0;0;0;0;0;0;2;22;2;10
25.01.2025;09:54;A162;1;3;46;1;54;4;15;0;26;0;100;0;100;1;28;0;0;1;70;;;;;;;1;2;0;0;0;0;0;0;0;0;0;0;0;0;0;0;0;0;0;0;0;0;0;0;0;0;0;0;0;0;0;0;0;0;0;0;1;9
25.01.2025;09:53;A162;1;4;7;4;17;2;37;1;49;0;100;0;100;0;100;2;87;2;46;;;;;;;0;0;0;0;0;0;0;0;0;0;0;0;0;0;0;0;0;0;1;2;2;3;0;0;0;0;0;0;0;0;0;0;0;0;2;70;2;11
25.01.2025;09:52;A162;1;3;47;2;48;5;3;6;17;0;100;0;100;2;38;0;0;0;0;;;;;;;0;0;0;0;0;0;0;0;0;0;0;0;0;0;0;0;2;3;1;2;0;0;0;0;0;0;0;0;0;0;0;0;0;0;1;8;0;0
25.01.2025;09:51;A162;1;5;20;2;40;4;8;2;27;0;100;0;100;0;0;0;0;0;1;;;;;;;0;0;1;2;1;2;0;0;0;0;0;0;0;0;0;0;0;0;0;0;0;0;0;0;0;0;0;0;0;0;0;0;0;0;0;0;0;1
25.01.2025;09:50;A162;1;5;11;4;26;4;2;2;11;0;100;0;100;2;10;0;0;1;32;;;;;;;1;2;1;2;1;2;0;0;0;0;0;0;0;0;0;0;0;0;0;0;0;0;0;0;0;0;0;0;0;0;0;0;0;0;0;0;1;39
25.01.2025;09:49;A162;1;0;0;1;3;0;0;0;0;0;100;0;100;0;0;0;0;2;21;;;;;;;0;0;0;0;0;0;0;0;0;0;0;0;0;0;0;0;0;0;0;0;0;0;0;0;0;0;0;0;0;0;0;0;0;0;0;0;0;24
25.01.2025;09:48;A162;1;2;22;2;9;1;2;1;6;0;100;0;100;0;0;0;0;1;78;;;;;;;0;0;0;0;0;0;1;2;0;0;1;2;0;0;0;0;0;0;0;0;0;0;0;0;0;0;0;0;0;0;0;0;0;0;0;0;2;86
25.01.2025;09:47;A162;1;3;13;3;18;2;1;2;6;0;100;0;100;3;53;1;58;2;71;;;;;;;0;0;0;0;0;0;0;0;0;0;0;0;0;0;0;0;0;0;0;0;0;0;0;0;0;0;0;0;0;0;0;0;0;0;1;5;0;73
25.01.2025;09:46;A162;1;3;9;2;83;3;1;3;7;0;100;0;100;1;3;0;0;2;52;;;;;;;0;0;0;0;0;0;0;0;0;0;0;0;0;0;0;0;0;0;0;0;1;2;0;0;0;0;0;0;0;0;0;0;0;0;1;1;3;38
25.01.2025;09:45;A162;1;3;37;2;46;2;2;1;6;0;100;0;100;1;38;0;0;0;0;;;;;;;0;0;1;2;1;2;0;0;0;0;0;0;0;0;0;0;0;0;1;2;0;0;0;0;2;3;0;0;0;0;0;0;0;0;0;0;1;3
25.01.2025;09:44;A162;1;3;39;3;54;4;39;5;47;0;100;0;100;2;10;0;61;0;0;;;;;;;1;2;0;0;0;0;0;0;0;0;0;0;0;0;0;0;1;2;0;0;0;0;0;0;0;0;0;0;0;0;0;0;0;0;0;0;0;0
25.01.2025;09:43;A162;1;1;46;1;59;2;2;1;4;0;100;0;100;0;0;1;68;1;23;;;;;;;0;0;0;0;0;0;0;0;0;0;0;0;0;0;0;0;0;0;0;0;0;0;0;0;0;0;0;0;0;0;0;0;0;0;1;8;0;0
25.01.2025;09:42;A162;1;5;57;0;71;2;18;1;16;0;100;0;100;0;2;1;10;0;0;;;;;;;0;0;0;0;0;0;0;0;0;0;0;0;0;0;0;0;0;0;0;0;0;0;0;0;0;0;0;0;0;0;0;0;0;0;1;8;0;0
25.01.2025;09:41;A162;1;2;29;2;32;2;4;3;21;0;100;0;100;1;2;0;0;1;96;;;;;;;0;0;1;2;1;2;0;0;0;0;1;2;0;0;0;0;0;0;0;0;0;0;0;0;0;0;0;0;0;0;0;0;0;0;0;0;1;17
25.01.2025;09:40;A162;1;2;1;3;20;4;4;4;14;0;100;0;100;1;53;3;35;2;25;;;;;;;1;2;0;0;0;0;0;0;0;0;0;0;0;0;0;0;0;0;0;0;0;0;0;0;2;3;0;0;0;0;0;0;0;0;1;41;2;11
25.01.2025;09:39;A162;1;4;7;1;67;2;1;2;5;0;100;0;100;1;54;0;100;0;0;;;;;;;0;0;1;2;1;2;1;2;0;0;0;0;0;0;0;0;0;0;0;0;0;0;0;0;0;0;0;0;0;0;0;0;0;0;1;83;0;0
25.01.2025;09:38;A162;1;2;2;2;52;4;33;3;45;0;100;0;100;2;38;3;26;1;2;;;;;;;1;2;0;0;0;0;0;0;0;0;0;0;0;0;0;0;0;0;0;0;0;0;0;0;0;0;2;2;0;0;0;0;0;0;3;32;1;7
25.01.2025;09:37;A162;1;1;5;2;13;7;22;0;88;0;100;0;100;1;56;1;12;1;48;;;;;;;0;0;0;0;0;0;0;0;0;0;0;0;0;0;0;0;0;0;2;3;3;5;0;0;0;0;0;0;0;0;0;0;0;0;1;22;1;18
25.01.2025;09:36;A162;1;4;20;2;29;5;3;5;55;0;100;0;100;1;7;0;0;1;71;;;;;;;0;0;0;0;0;0;0;0;1;2;0;0;0;0;0;0;2;3;1;2;0;0;0;0;0;0;0;0;0;0;0;0;0;0;0;0;1;8
25.01.2025;09:35;A162;1;4;6;4;23;0;0;1;1;0;100;0;100;0;0;1;25;1;57;;;;;;;0;0;0;0;0;0;0;0;0;0;0;0;0;0;0;0;1;2;0;0;0;0;0;0;0;0;0;0;0;0;0;0;0;0;1;6;1;9
25.01.2025;09:34;A162;1;0;0;0;0;1;2;1;7;0;100;0;100;0;0;0;0;0;11;;;;;;;0;0;0;0;0;0;0;0;0;0;0;0;0;0;0;0;0;0;0;0;0;0;0;0;0;0;0;0;0;0;0;0;0;0;0;0;0;0
25.01.2025;09:33;A162;1;4;6;3;23;0;0;2;9;0;100;0;100;1;8;0;0;0;100;;;;;;;0;0;0;0;0;0;0;0;0;0;0;0;0;0;0;0;0;0;0;0;0;0;0;0;0;0;0;0;0;0;0;0;0;0;0;0;0;0
25.01.2025;09:32;A162;1;3;2;4;33;3;2;2;4;0;100;0;100;1;4;0;0;1;19;;;;;;;0;0;0;0;0;0;0;0;0;0;0;0;0;0;0;0;0;0;0;0;0;0;0;0;0;0;0;0;0;0;0;0;0;0;0;0;1;6
25.01.2025;09:31;A162;1;0;0;1;3;3;2;3;9;0;100;0;100;2;7;0;12;0;0;;;;;;;0;0;0;0;0;0;0;0;0;0;0;0;0;0;0;0;0;0;0;0;0;0;0;0;0;0;0;0;0;0;0;0;0;0;0;0;0;0
25.01.2025;09:30;A162;1;2;0;1;3;1;1;0;0;0;100;0;100;0;0;3;48;0;0;;;;;;;0;0;0;0;0;0;0;0;0;0;0;0;0;0;0;0;0;0;0;0;0;0;0;0;0;0;0;0;0;0;0;0;0;0;2;12;0;0
25.01.2025;09:29;A162;1;6;10;2;28;3;7;2;46;0;100;0;100;1;81;0;0;0;74;;;;;;;0;0;1;2;1;2;0;0;0;0;0;0;0;0;0;0;0;0;0;0;0;0;0;0;0;0;0;0;0;0;0;0;0;0;0;0;0;0
25.01.2025;09:28;A162;1;1;88;1;96;21;35;0;73;0;100;0;100;1;40;1;31;1;78;;;;;;;1;2;0;0;0;0;0;0;0;0;0;0;1;2;1;2;0;0;0;0;1;2;0;0;0;0;0;0;0;0;0;0;0;0;18;26;1;6
25.01.2025;09:27;A162;1;5;7;5;44;1;0;2;19;0;100;0;100;0;0;1;62;0;100;;;;;;;0;0;0;0;0;0;0;0;1;2;0;0;0;0;0;0;1;2;1;2;0;0;0;0;0;0;0;0;0;0;0;0;0;0;50;34;0;0
25.01.2025;09:26;A162;1;2;8;2;45;5;3;5;13;0;100;0;100;0;0;0;0;1;12;;;;;;;1;2;1;2;2;3;0;0;0;0;0;0;0;0;0;0;0;0;0;0;0;0;0;0;0;0;0;0;0;0;0;0;0;0;0;0;1;6
25.01.2025;09:25;A162;1;2;4;4;54;2;1;2;5;0;100;0;100;1;42;0;13;0;0;;;;;;;1;2;1;2;0;0;0;0;0;0;0;0;0;0;0;0;0;0;0;0;0;0;0;0;0;0;0;0;0;0;0;0;0;0;0;11;0;0
25.01.2025;09:24;A162;1;2;28;1;30;1;0;2;5;0;100;0;100;2;50;1;15;0;0;;;;;;;0;0;0;0;0;0;0;0;0;0;0;0;0;0;0;0;0;0;0;0;0;0;0;0;0;0;0;0;0;0;0;0;0;0;1;21;0;0
25.01.2025;09:23;A162;1;3;4;2;20;4;7;3;16;0;100;0;100;2;42;0;0;2;20;;;;;;;0;0;0;0;0;0;0;0;0;0;0;0;0;0;0;0;0;0;0;0;0;0;0;0;0;0;0;0;0;0;0;0;0;0;0;0;1;24
25.01.2025;09:22;A162;1;1;1;2;9;2;27;1;37;0;100;0;100;1;10;1;36;3;40;;;;;;;0;0;0;0;0;0;0;0;0;0;0;0;0;0;0;0;0;0;0;0;1;2;0;0;0;0;0;0;0;0;0;0;0;0;2;8;1;46
25.01.2025;09:21;A162;1;0;25;0;0;2;1;2;6;0;100;0;100;2;12;1;99;1;97;;;;;;;0;0;0;0;0;0;0;0;0;0;0;0;0;0;0;0;0;0;1;2;0;0;0;0;0;0;0;0;0;0;0;0;0;0;0;2;0;100
25.01.2025;09:20;A162;1;3;1;2;16;0;0;0;0;0;100;0;100;0;91;0;0;0;0;;;;;;;0;0;0;0;0;0;0;0;0;0;1;2;0;0;0;0;0;0;0;0;0;0;0;0;0;0;0;0;0;0;0;0;0;0;1;5;1;2
25.01.2025;09:19;A162;1;0;0;1;1;3;4;3;14;0;100;0;100;1;22;0;0;0;0;;;;;;;0;0;0;0;1;2;1;2;0;0;0;0;0;0;0;0;1;2;0;0;0;0;0;0;0;0;0;0;0;0;0;0;0;0;0;0;0;0
25.01.2025;09:18;A162;1;2;3;1;30;0;0;2;10;0;100;0;100;0;0;0;0;0;0;;;;;;;1;2;1;2;0;0;0;0;0;0;0;0;0;0;0;0;0;0;0;0;0;0;0;0;0;0;0;0;0;0;0;0;0;0;0;0;0;0
25.01.2025;09:17;A162;1;1;1;1;5;2;5;3;17;0;100;0;100;0;0;0;0;1;40;;;;;;;0;0;0;0;0;0;1;2;0;0;1;2;0;0;0;0;0;0;0;0;0;0;0;0;0;0;0;0;0;0;0;0;0;0;0;0;2;9
25.01.2025;09:16;A162;1;1;6;1;9;2;7;2;9;0;100;0;100;2;11;0;0;0;23;;;;;;;0;0;0;0;0;0;0;0;0;0;0;0;0;0;0;0;0;0;0;0;0;0;0;0;0;0;0;0;0;0;0;0;0;0;0;0;0;0
25.01.2025;09:15;A162;1;3;62;0;66;2;1;3;12;0;100;0;100;1;17;0;0;1;31;;;;;;;0;0;1;2;1;2;0;0;0;0;0;0;0;0;0;0;0;0;0;0;0;0;0;0;0;0;0;0;0;0;0;0;0;0;0;0;1;7
25.01.2025;09:14;A162;1;1;36;2;47;1;2;1;6;0;100;0;100;1;10;3;64;3;77;;;;;;;1;2;0;0;0;0;0;0;0;0;0;0;0;0;0;0;0;0;1;2;1;2;0;0;0;0;0;0;0;0;0;0;0;0;0;0;0;85
25.01.2025;09:13;A162;1;1;88;1;7;1;19;1;27;0;100;0;100;1;4;1;62;1;80;;;;;;;0;0;0;0;0;0;0;0;1;2;0;0;1;2;1;2;1;2;0;0;1;2;0;0;0;0;0;0;0;0;0;0;0;0;1;8;2;82
25.01.2025;09:12;A162;1;3;9;1;38;0;0;1;6;0;100;0;100;0;0;0;0;0;0;;;;;;;1;2;1;2;1;2;0;0;0;0;0;0;0;0;0;0;0;0;1;2;0;0;0;0;0;0;0;0;0;0;0;0;0;0;0;0;0;0
25.01.2025;09:11;A162;1;6;14;3;68;3;8;2;12;0;100;0;100;0;0;0;0;1;53;;;;;;;1;2;1;2;2;3;0;0;0;0;0;0;0;0;0;0;1;1;0;0;0;0;0;0;0;0;0;0;0;0;0;0;0;0;0;0;1;7
25.01.2025;09:10;A162;1;3;4;4;73;1;1;1;3;0;100;0;100;0;0;0;0;0;0;;;;;;;1;2;1;2;0;0;0;0;0;0;0;0;0;0;0;0;0;0;0;0;0;0;0;0;0;0;0;0;0;0;0;0;0;0;1;1;1;1
25.01.2025;09:09;A162;1;4;3;5;18;1;0;0;0;0;100;0;100;0;0;0;0;0;0;;;;;;;0;0;0;0;0;0;0;0;0;0;0;0;0;0;0;0;0;0;0;0;0;0;0;0;0;0;0;0;0;0;0;0;0;0;0;0;0;0
25.01.2025;09:08;A162;1;1;4;0;9;6;10;6;15;0;100;0;100;0;94;1;22;1;63;;;;;;;1;2;1;2;1;2;0;0;0;0;0;0;0;0;0;0;0;0;0;0;0;0;0;0;0;0;0;0;0;0;0;0;0;0;1;9;1;3
25.01.2025;09:07;A162;1;3;2;3;15;2;23;1;7;0;100;0;100;2;14;0;0;2;64;;;;;;;0;0;0;0;0;0;0;0;0;0;0;0;0;0;0;0;0;0;0;0;0;0;0;0;0;0;0;0;0;0;0;0;0;0;0;0;1;45
25.01.2025;09:06;A162;1;1;3;0;3;0;12;0;0;0;100;0;100;0;20;0;0;1;66;;;;;;;0;0;0;0;0;0;0;0;0;0;0;0;0;0;0;0;0;0;0;0;0;0;0;0;0;0;0;0;0;0;0;0;0;0;0;0;2;67
25.01.2025;09:05;A162;1;3;2;2;17;3;17;4;18;0;100;0;100;3;53;0;0;1;97;;;;;;;0;0;0;0;0;0;0;0;0;0;0;0;0;0;0;0;2;3;3;5;3;5;0;0;0;0;0;0;0;0;0;0;0;0;0;0;1;11
25.01.2025;09:04;A162;1;1;41;1;5;1;1;2;6;0;100;0;100;0;0;1;53;3;46;;;;;;;0;0;0;0;0;0;0;0;0;0;0;0;0;0;0;0;1;2;0;0;1;2;0;0;0;0;0;0;0;0;0;0;0;0;1;23;3;29
25.01.2025;09:03;A162;1;6;4;3;26;1;0;1;4;0;100;0;100;0;0;1;77;0;0;;;;;;;0;0;0;0;0;0;0;0;0;0;0;0;0;0;0;0;1;2;1;2;0;0;0;0;0;0;0;0;0;0;0;0;0;0;1;8;0;0
25.01.2025;09:02;A162;1;0;0;0;0;0;0;1;5;0;100;0;100;0;0;0;0;1;28;;;;;;;0;0;0;0;0;0;0;0;0;0;0;0;0;0;0;0;0;0;0;0;0;0;0;0;1;1;0;0;0;0;0;0;0;0;0;0;1;7
25.01.2025;09:01;A162;1;2;59;1;70;0;0;0;0;0;100;0;100;0;42;0;0;1;14;;;;;;;0;0;0;0;0;0;0;0;0;0;0;0;0;0;0;0;0;0;0;0;0;0;0;0;0;0;0;0;0;0;0;0;0;0;0;0;0;18
25.01.2025;09:00;A162;1;2;11;1;25;4;2;3;12;0;100;0;100;1;65;0;0;1;63;;;;;;;0;0;1;2;1;2;0;0;0;0;0;0;0;0;0;0;0;0;0;0;0;0;0;0;0;0;0;0;0;0;0;0;0;0;0;0;2;15
25.01.2025;08:59;A162;1;2;1;1;7;1;11;2;14;0;100;0;100;0;0;0;0;0;65;;;;;;;1;2;0;0;0;0;0;0;0;0;0;0;0;0;0;0;0;0;0;0;0;0;0;0;0;0;0;0;0;0;0;0;0;0;0;0;0;0
25.01.2025;08:58;A162;1;1;51;2;9;1;0;0;0;0;100;0;100;0;0;0;26;2;38;;;;;;;0;0;0;0;0;0;0;0;0;0;0;0;0;0;0;0;0;0;0;0;1;2;0;0;0;0;0;0;0;0;0;0;0;0;0;0;1;12
25.01.2025;08:57;A162;1;6;4;3;17;4;2;4;10;0;100;0;100;1;5;1;44;0;0;;;;;;;0;0;0;0;0;0;0;0;0;0;0;0;0;0;0;0;0;0;1;2;0;0;0;0;0;0;0;0;0;0;0;0;0;0;1;6;1;1
25.01.2025;08:56;A162;1;2;8;2;22;3;2;2;11;0;100;0;100;0;0;1;64;0;0;;;;;;;0;0;1;2;1;2;0;0;0;0;0;0;0;0;0;0;1;2;0;0;0;0;0;0;0;0;0;0;0;0;0;0;0;0;0;66;0;0
25.01.2025;08:55;A162;1;5;66;3;84;3;2;5;12;0;100;0;100;1;7;2;65;1;13;;;;;;;1;2;0;0;0;0;0;0;0;0;0;0;0;0;0;0;0;0;0;0;0;0;0;0;0;0;0;0;0;0;0;0;0;0;3;70;0;15
25.01.2025;08:54;A162;1;1;1;2;8;2;1;2;6;0;100;0;100;1;6;0;0;0;100;;;;;;;0;0;0;0;0;0;0;0;0;0;0;0;0;0;0;0;0;0;0;0;0;0;0;0;0;0;0;0;0;0;0;0;0;0;0;0;1;82
25.01.2025;08:53;A162;1;2;1;2;8;3;1;3;8;0;100;0;100;0;0;0;0;1;25;;;;;;;0;0;0;0;0;0;0;0;0;0;0;0;0;0;0;0;0;0;0;0;0;0;0;0;0;0;0;0;0;0;0;0;0;0;0;0;1;23
25.01.2025;08:52;A162;1;0;0;0;0;0;0;0;0;0;100;0;100;2;72;0;0;2;45;;;;;;;0;0;0;0;0;0;0;0;0;0;0;0;0;0;0;0;0;0;0;0;1;2;0;0;0;0;0;0;0;0;0;0;0;0;0;0;0;52
25.01.2025;08:51;A162;1;2;29;3;8;2;1;3;4;0;100;0;100;0;0;0;0;1;56;;;;;;;0;0;0;0;0;0;0;0;0;0;0;0;0;0;0;0;0;0;1;2;0;0;0;0;0;0;0;0;0;0;0;0;0;0;0;0;2;36
25.01.2025;08:50;A162;1;2;12;1;14;1;1;2;5;0;100;0;100;0;0;1;54;1;73;;;;;;;0;0;1;2;1;2;0;0;0;0;0;0;0;0;0;0;1;2;0;0;0;0;0;0;0;0;0;0;0;0;0;0;0;0;1;6;1;7
25.01.2025;08:49;A162;1;1;13;1;21;0;0;1;7;0;100;0;100;0;0;0;0;1;72;;;;;;;1;2;0;0;0;0;0;0;0;0;0;0;0;0;0;0;0;0;0;0;0;0;0;0;0;0;0;0;0;0;0;0;0;0;0;0;2;65
25.01.2025;08:48;A162;1;4;7;2;16;6;4;4;12;0;100;0;100;1;6;0;0;2;34;;;;;;;0;0;1;2;1;2;1;2;0;0;1;2;0;0;0;0;0;0;0;0;0;0;0;0;0;0;0;0;0;0;0;0;0;0;0;0;2;26
25.01.2025;08:47;A162;1;1;0;1;4;0;0;0;0;0;100;0;100;0;0;0;0;1;48;;;;;;;1;2;0;0;0;0;0;0;0;0;0;0;0;0;0;0;0;0;0;0;0;0;0;0;0;0;0;0;0;0;0;0;0;0;0;0;1;7
25.01.2025;08:46;A162;1;2;4;2;32;0;0;0;0;0;100;0;100;0;35;0;0;0;0;;;;;;;0;0;0;0;0;0;0;0;0;0;0;0;0;0;0;0;0;0;0;0;1;2;0;0;0;0;0;0;0;0;0;0;0;0;0;0;0;0
25.01.2025;08:45;A162;1;2;5;3;15;0;0;0;0;0;100;0;100;2;21;0;0;0;0;;;;;;;0;0;0;0;0;0;0;0;0;0;0;0;0;0;0;0;0;0;1;2;0;0;0;0;0;0;0;0;0;0;0;0;0;0;0;0;0;0
25.01.2025;08:44;A162;1;5;3;1;15;3;2;3;8;0;100;0;100;1;61;0;0;0;0;;;;;;;0;0;1;2;1;2;0;0;0;0;0;0;0;0;0;0;1;2;0;0;0;0;0;0;0;0;0;0;0;0;0;0;0;0;0;0;0;0
25.01.2025;08:43;A162;1;1;62;3;73;0;0;0;0;0;100;0;100;0;0;1;30;1;12;;;;;;;1;2;0;0;0;0;0;0;0;0;0;0;0;0;0;0;0;0;0;0;1;2;0;0;0;0;0;0;0;0;0;0;0;0;1;25;0;0
25.01.2025;08:42;A162;1;5;56;2;15;3;2;4;11;0;100;0;100;0;0;1;15;0;0;;;;;;;0;0;0;0;0;0;0;0;0;0;0;0;0;0;0;0;0;0;0;0;0;0;0;0;0;0;0;0;0;0;0;0;0;0;1;22;0;0
25.01.2025;08:41;A162;1;1;22;1;6;1;1;1;3;0;100;0;100;0;0;0;0;0;0;;;;;;;0;0;0;0;1;2;0;0;0;0;0;0;0;0;0;0;1;2;1;2;0;0;0;0;0;0;0;0;0;0;0;0;0;0;0;0;0;0
25.01.2025;08:40;A162;1;1;16;1;23;1;1;1;3;0;100;0;100;0;41;0;11;1;1;;;;;;;1;2;2;3;1;2;0;0;0;0;0;0;0;0;0;0;0;0;0;0;0;0;0;0;0;0;0;0;0;0;0;0;0;0;0;0;1;4
25.01.2025;08:39;A162;1;2;25;1;30;1;0;1;2;0;100;0;100;1;54;1;93;0;0;;;;;;;1;2;0;0;0;0;0;0;0;0;0;0;0;0;0;0;0;0;0;0;0;0;0;0;0;0;0;0;0;0;0;0;0;0;0;7;0;0
25.01.2025;08:38;A162;1;2;39;2;51;1;1;1;4;0;100;0;100;0;0;0;67;0;66;;;;;;;1;2;1;2;1;2;0;0;0;0;0;0;0;0;0;0;0;0;0;0;0;0;0;0;0;0;0;0;0;0;0;0;0;0;1;1;0;0
25.01.2025;08:37;A162;1;1;1;1;6;0;0;0;0;0;100;0;100;0;0;1;57;1;14;;;;;;;0;0;0;0;0;0;0;0;0;0;0;0;0;0;0;0;0;0;1;2;2;3;0;0;0;0;0;0;0;0;0;0;0;0;2;15;1;11
25.01.2025;08:36;A162;1;3;14;1;3;1;0;1;3;0;100;0;100;1;8;0;0;0;0;;;;;;;0;0;0;0;0;0;0;0;0;0;0;0;0;0;0;0;0;0;1;2;0;0;0;0;0;0;0;0;0;0;0;0;0;0;0;0;0;0
25.01.2025;08:35;A162;1;2;2;1;5;4;4;5;43;0;100;0;100;1;12;0;0;0;0;;;;;;;0;0;0;0;0;0;0;0;0;0;0;0;0;0;0;0;1;2;0;0;1;2;0;0;0;0;0;0;0;0;0;0;0;0;0;0;0;0
25.01.2025;08:34;A162;1;1;2;2;13;1;1;0;2;0;100;0;100;0;48;0;11;1;14;;;;;;;0;0;0;0;0;0;0;0;0;0;0;0;0;0;0;0;1;2;1;2;0;0;0;0;0;0;0;0;0;0;0;0;0;0;0;0;0;13
25.01.2025;08:33;A162;1;2;16;2;16;3;2;4;10;0;100;0;100;2;33;1;83;0;100;;;;;;;0;0;0;0;0;0;0;0;0;0;0;0;0;0;0;0;0;0;0;0;0;0;0;0;0;0;0;0;1;1;0;0;2;3;1;7;0;100
25.01.2025;08:32;A162;1;3;37;2;12;1;1;0;0;0;100;0;100;0;0;0;0;1;30;;;;;;;0;0;0;0;0;0;0;0;0;0;0;0;0;0;0;0;0;0;0;0;0;0;0;0;0;0;0;0;0;0;0;0;0;0;0;0;2;30
25.01.2025;08:31;A162;1;0;0;1;1;0;0;0;0;0;100;0;100;0;61;1;2;0;0;;;;;;;0;0;0;0;0;0;0;0;0;0;0;0;0;0;0;0;0;0;0;0;0;0;0;0;0;0;0;0;0;0;0;0;0;0;1;9;0;0
25.01.2025;08:30;A162;1;1;25;1;20;2;1;2;5;0;100;0;100;1;73;0;0;1;0;;;;;;;1;2;1;2;1;2;0;0;0;0;0;0;0;0;0;0;0;0;0;0;0;0;0;0;1;1;0;0;0;0;0;0;0;0;0;0;1;1
25.01.2025;08:29;A162;1;5;45;1;36;1;1;1;3;0;100;0;100;2;14;0;62;0;0;;;;;;;0;0;1;2;1;2;0;0;0;0;0;0;0;0;0;0;0;0;0;0;0;0;0;0;0;0;0;0;0;0;0;0;0;0;0;0;0;0
25.01.2025;08:28;A162;1;2;2;1;98;1;23;1;12;0;100;0;100;1;3;2;55;0;0;;;;;;;1;2;0;0;0;0;0;0;0;0;1;2;0;0;0;0;0;0;0;0;1;2;0;0;0;0;0;0;0;0;0;0;0;0;2;26;0;0
25.01.2025;08:27;A162;1;1;15;0;0;1;3;1;10;0;100;0;100;0;0;0;100;0;0;;;;;;;0;0;0;0;0;0;1;2;0;0;0;0;0;0;0;0;0;0;1;2;0;0;0;0;0;0;0;0;0;0;0;0;0;0;0;3;0;0
25.01.2025;08:26;A162;1;1;1;1;9;1;1;1;5;0;100;0;100;2;24;1;2;0;0;;;;;;;0;0;0;0;0;0;0;0;0;0;0;0;0;0;0;0;1;2;1;2;1;2;0;0;0;0;0;0;0;0;0;0;0;0;1;10;0;0
25.01.2025;08:25;A162;1;1;62;1;7;0;0;0;0;0;100;0;100;1;3;0;26;1;15;;;;;;;0;0;0;0;1;2;0;0;0;0;0;0;0;0;0;0;0;0;0;0;0;0;0;0;0;0;0;0;0;0;0;0;0;0;0;0;0;26
25.01.2025;08:24;A162;1;1;8;1;11;2;1;2;7;0;100;0;100;0;0;0;100;0;100;;;;;;;1;2;1;2;0;0;0;0;0;0;0;0;0;0;0;0;1;2;0;0;0;0;0;0;0;0;0;0;0;0;0;0;0;0;1;93;0;100
25.01.2025;08:23;A162;1;3;3;0;18;1;0;1;3;0;100;0;100;0;0;1;9;1;5;;;;;;;0;0;0;0;0;0;0;0;0;0;0;0;0;0;0;0;0;0;0;0;0;0;0;0;0;0;0;0;0;0;0;0;0;0;1;15;2;8
25.01.2025;08:22;A162;1;1;1;3;50;2;1;1;14;0;100;0;100;1;52;0;0;2;13;;;;;;;0;0;0;0;0;0;0;0;0;0;0;0;0;0;0;0;0;0;0;0;0;0;0;0;0;0;0;0;0;0;0;0;0;0;0;0;1;14
25.01.2025;08:21;A162;1;3;37;3;30;1;1;3;14;0;100;0;100;2;76;0;0;1;100;;;;;;;1;2;1;2;1;2;0;0;0;0;0;0;0;0;0;0;0;0;0;0;0;0;0;0;0;0;0;0;0;0;0;0;0;0;0;0;1;40
25.01.2025;08:20;A162;1;2;40;2;25;2;1;2;7;0;100;0;100;0;0;1;3;2;43;;;;;;;0;0;1;2;1;2;0;0;0;0;0;0;0;0;0;0;0;0;0;0;0;0;0;0;0;0;0;0;0;0;0;0;0;0;1;12;2;57
25.01.2025;08:19;A162;1;1;60;2;8;1;1;1;3;0;100;0;100;0;79;0;0;1;33;;;;;;;1;2;1;2;1;2;0;0;0;0;0;0;0;0;0;0;0;0;0;0;0;0;0;0;0;0;0;0;0;0;0;0;0;0;0;0;2;19
25.01.2025;08:18;A162;1;4;5;3;30;1;1;1;6;0;100;0;100;2;11;0;0;1;4;;;;;;;1;2;0;0;0;0;0;0;0;0;0;0;0;0;0;0;0;0;0;0;0;0;0;0;0;0;0;0;0;0;0;0;0;0;0;0;1;9
25.01.2025;08:17;A162;1;2;4;1;12;1;1;3;8;0;100;0;100;1;45;0;0;0;0;;;;;;;0;0;0;0;0;0;0;0;0;0;1;2;0;0;0;0;0;0;0;0;0;0;0;0;0;0;0;0;0;0;0;0;0;0;0;0;0;0
25.01.2025;08:16;A162;1;2;5;1;66;1;3;2;9;0;100;0;100;0;0;0;12;0;0;;;;;;;0;0;0;0;0;0;1;2;0;0;0;0;0;0;0;0;0;0;0;0;0;0;0;0;0;0;0;0;0;0;0;0;0;0;0;0;0;0
25.01.2025;08:15;A162;1;3;2;1;17;0;0;0;0;0;100;0;100;0;0;0;100;0;0;;;;;;;0;0;0;0;0;0;0;0;0;0;0;0;0;0;0;0;0;0;0;0;0;0;0;0;0;0;0;0;0;0;0;0;0;0;0;0;0;0
25.01.2025;08:14;A162;1;0;6;1;13;3;2;4;17;0;100;0;100;2;26;1;20;0;0;;;;;;;0;0;1;2;1;2;0;0;0;0;0;0;0;0;0;0;0;0;0;0;1;2;0;0;0;0;0;0;0;0;0;0;0;0;1;7;0;0
25.01.2025;08:13;A162;1;3;42;1;56;1;29;1;10;0;100;0;100;0;0;0;0;2;32;;;;;;;1;2;0;0;0;0;0;0;0;0;0;0;0;0;0;0;1;2;1;2;1;2;0;0;0;0;0;0;0;0;0;0;0;0;0;0;1;24
25.01.2025;08:12;A162;1;1;47;0;48;1;1;1;5;0;100;0;100;0;0;0;0;0;1;;;;;;;0;0;0;0;0;0;0;0;0;0;0;0;0;0;0;0;0;0;1;2;0;0;0;0;0;0;0;0;0;0;0;0;0;0;0;0;1;4
25.01.2025;08:11;A162;1;1;18;3;23;1;83;0;89;0;100;0;100;0;0;0;0;2;31;;;;;;;0;0;0;0;0;0;0;0;0;0;0;0;0;0;0;0;1;2;0;0;0;0;0;0;0;0;0;0;0;0;0;0;0;0;0;0;2;21
25.01.2025;08:10;A162;1;2;15;2;22;2;55;4;28;0;100;0;100;4;29;0;0;0;44;;;;;;;0;0;1;2;1;2;0;0;0;0;0;0;0;0;0;0;0;0;0;0;1;2;0;0;0;0;0;0;0;0;0;0;0;0;0;0;0;0
25.01.2025;08:09;A162;1;2;11;2;22;1;1;1;5;0;100;0;100;0;0;0;0;1;83;;;;;;;1;2;1;2;1;2;0;0;0;0;0;0;0;0;0;0;1;2;1;2;0;0;0;0;0;0;0;0;0;0;0;0;0;0;0;0;1;5
25.01.2025;08:08;A162;1;1;0;1;5;2;2;2;21;0;100;0;100;1;57;0;0;0;0;;;;;;;1;2;0;0;0;0;0;0;0;0;0;0;0;0;0;0;0;0;0;0;0;0;0;0;0;0;0;0;0;0;0;0;0;0;0;0;0;0
25.01.2025;08:07;A162;1;1;47;3;13;3;12;3;15;0;100;0;100;4;11;0;0;0;13;;;;;;;0;0;0;0;0;0;0;0;0;0;0;0;0;0;0;0;0;0;0;0;0;0;0;0;0;0;0;0;0;0;0;0;0;0;0;0;0;0
25.01.2025;08:06;A162;1;3;20;2;16;0;0;0;0;0;100;0;100;1;5;0;0;1;21;;;;;;;0;0;0;0;0;0;0;0;0;0;0;0;0;0;0;0;0;0;0;0;0;0;1;1;1;1;0;0;0;0;0;0;0;0;0;0;1;4
25.01.2025;08:05;A162;1;1;22;3;19;0;0;0;0;0;100;0;100;0;0;0;0;0;0;;;;;;;0;0;0;0;0;0;0;0;0;0;0;0;0;0;0;0;0;0;1;2;1;2;0;0;0;0;0;0;0;0;0;0;0;0;0;0;0;0
25.01.2025;08:04;A162;1;2;16;3;67;0;0;0;0;0;100;0;100;0;0;0;10;0;0;;;;;;;0;0;0;0;0;0;0;0;0;0;0;0;0;0;0;0;1;2;0;0;0;0;0;0;0;0;0;0;0;0;0;0;0;0;0;0;0;0
25.01.2025;08:03;A162;1;2;15;0;23;3;2;4;13;0;100;0;100;1;5;1;96;0;0;;;;;;;0;0;0;0;0;0;0;0;0;0;0;0;0;0;0;0;0;0;0;0;0;0;0;0;0;0;0;0;0;0;0;0;0;0;0;3;0;0
25.01.2025;08:02;A162;1;0;0;1;4;0;0;0;0;0;100;0;100;2;3;0;0;1;57;;;;;;;0;0;0;0;0;0;0;0;0;0;0;0;0;0;0;0;0;0;0;0;0;0;0;0;0;0;0;0;0;0;0;0;0;0;1;3;1;5
25.01.2025;08:01;A162;1;0;0;1;8;0;0;0;0;0;100;0;100;0;0;1;34;0;39;;;;;;;0;0;0;0;0;0;0;0;0;0;0;0;0;0;0;0;0;0;0;0;0;0;0;0;0;0;0;0;0;0;0;0;0;0;3;11;1;5
25.01.2025;08:00;A162;1;1;1;1;10;0;0;1;3;0;100;0;100;2;8;0;0;1;3;;;;;;;0;0;0;0;0;0;0;0;0;0;0;0;0;0;0;0;0;0;0;0;0;0;0;0;0;0;0;0;0;0;0;0;0;0;0;0;1;4
25.01.2025;07:59;A162;1;0;0;0;0;1;1;3;12;0;100;0;100;1;3;0;0;0;14;;;;;;;0;0;0;0;0;0;0;0;0;0;0;0;0;0;0;0;0;0;0;0;0;0;0;0;0;0;0;0;0;0;0;0;0;0;0;0;0;0
25.01.2025;07:58;A162;1;3;34;2;31;2;1;2;6;0;100;0;100;2;7;0;0;0;100;;;;;;;1;2;1;2;2;3;0;0;0;0;0;0;0;0;0;0;0;0;0;0;0;0;0;0;0;0;0;0;0;0;0;0;0;0;0;0;0;0
25.01.2025;07:57;A162;1;3;32;4;42;1;1;1;4;0;100;0;100;0;0;0;0;1;41;;;;;;;1;2;1;2;0;0;0;0;0;0;0;0;0;0;0;0;0;0;0;0;0;0;0;0;0;0;0;0;0;0;0;0;0;0;0;0;1;2
25.01.2025;07:56;A162;1;0;0;0;0;0;0;1;1;0;100;0;100;2;4;0;19;0;0;;;;;;;0;0;0;0;0;0;0;0;0;0;0;0;0;0;0;0;1;2;1;2;1;2;0;0;0;0;0;0;0;0;0;0;0;0;0;0;0;0
25.01.2025;07:55;A162;1;1;2;1;7;0;0;0;0;0;100;0;100;1;4;1;23;0;0;;;;;;;0;0;0;0;0;0;0;0;0;0;0;0;0;0;0;0;0;0;0;0;0;0;0;0;0;0;0;0;0;0;0;0;0;0;1;6;0;0
25.01.2025;07:54;A162;1;0;0;0;0;3;1;2;11;0;100;0;100;0;0;1;16;0;0;;;;;;;0;0;0;0;0;0;0;0;0;0;0;0;0;0;0;0;0;0;0;0;0;0;0;0;0;0;0;0;0;0;0;0;0;0;1;9;0;0
25.01.2025;07:53;A162;1;2;4;1;8;0;0;1;1;0;100;0;100;0;0;0;0;0;0;;;;;;;0;0;0;0;0;0;0;0;0;0;0;0;0;0;0;0;0;0;0;0;0;0;0;0;0;0;0;0;0;0;0;0;0;0;0;0;0;0
25.01.2025;07:52;A162;1;1;1;0;10;0;0;2;5;0;100;0;100;3;11;0;0;0;0;;;;;;;0;0;0;0;0;0;0;0;0;0;0;0;0;0;0;0;0;0;0;0;0;0;0;0;0;0;0;0;0;0;0;0;0;0;0;0;0;0
25.01.2025;07:51;A162;1;0;0;1;23;3;2;3;13;0;100;0;100;2;14;0;0;1;2;;;;;;;0;0;0;0;0;0;0;0;0;0;0;0;0;0;0;0;0;0;0;0;0;0;0;0;0;0;0;0;0;0;0;0;0;0;0;0;0;0
25.01.2025;07:50;A162;1;0;0;1;10;0;0;0;0;0;100;0;100;0;0;0;0;0;0;;;;;;;0;0;0;0;0;0;0;0;0;0;0;0;0;0;0;0;0;0;1;2;1;2;0;0;0;0;0;0;0;0;0;0;0;0;0;0;0;0
25.01.2025;07:49;A162;1;2;3;1;5;2;1;3;5;0;100;0;100;2;4;0;0;0;0;;;;;;;0;0;0;0;0;0;0;0;0;0;0;0;0;0;0;0;1;2;0;0;0;0;0;0;0;0;0;0;0;0;0;0;0;0;0;0;0;0
25.01.2025;07:48;A162;1;1;2;2;16;0;0;0;0;0;100;0;100;0;0;0;0;0;0;;;;;;;0;0;0;0;0;0;0;0;0;0;0;0;0;0;0;0;0;0;0;0;0;0;0;0;0;0;0;0;0;0;0;0;0;0;0;0;0;0
25.01.2025;07:47;A162;1;1;5;1;8;1;0;1;3;0;100;0;100;0;0;0;0;0;0;;;;;;;0;0;0;0;0;0;0;0;0;0;0;0;0;0;0;0;0;0;0;0;0;0;0;0;0;0;0;0;0;0;0;0;0;0;0;0;0;0
25.01.2025;07:46;A162;1;2;26;4;41;1;1;1;7;0;100;0;100;0;0;0;0;0;0;;;;;;;0;0;0;0;0;0;0;0;0;0;0;0;0;0;0;0;0;0;0;0;0;0;0;0;0;0;0;0;0;0;0;0;0;0;0;0;0;0
25.01.2025;07:45;A162;1;0;0;1;11;2;1;2;12;0;100;0;100;0;0;0;0;0;0;;;;;;;0;0;0;0;0;0;0;0;0;0;0;0;0;0;0;0;0;0;0;0;0;0;0;0;0;0;0;0;0;0;0;0;0;0;0;0;0;0
25.01.2025;07:44;A162;1;1;4;1;7;1;0;3;2;0;100;0;100;0;0;0;0;0;0;;;;;;;1;2;2;3;1;2;0;0;0;0;0;0;0;0;0;0;0;0;0;0;0;0;0;0;0;0;0;0;0;0;0;0;0;0;0;0;0;0
25.01.2025;07:43;A162;1;2;10;3;15;0;0;2;4;0;100;0;100;1;4;0;0;0;0;;;;;;;1;2;0;0;0;0;0;0;0;0;0;0;0;0;0;0;0;0;0;0;0;0;0;0;0;0;0;0;0;0;0;0;0;0;0;0;0;0
25.01.2025;07:42;A162;1;0;0;0;5;2;22;0;6;0;100;0;100;0;0;1;53;0;0;;;;;;;0;0;0;0;0;0;0;0;0;0;0;0;0;0;0;0;0;0;0;0;1;2;0;0;0;0;0;0;0;0;0;0;0;0;1;4;0;0
25.01.2025;07:41;A162;1;1;34;1;3;1;1;3;14;0;100;0;100;0;0;0;21;0;0;;;;;;;0;0;0;0;0;0;0;0;0;0;0;0;0;0;0;0;1;2;1;2;0;0;0;0;0;0;0;0;0;0;0;0;0;0;0;0;0;0
25.01.2025;07:40;A162;1;1;53;1;10;0;0;0;0;0;100;0;100;0;0;1;88;0;36;;;;;;;0;0;0;0;0;0;0;0;0;0;0;0;0;0;0;0;0;0;0;0;0;0;0;0;0;0;0;0;0;0;0;0;0;0;2;4;0;0
25.01.2025;07:39;A162;1;4;22;5;33;1;0;0;2;0;100;0;100;0;0;1;28;1;26;;;;;;;2;3;2;3;2;3;0;0;0;0;0;0;0;0;0;0;0;0;0;0;0;0;0;0;0;0;0;0;0;0;0;0;0;0;2;15;0;0
25.01.2025;07:38;A162;1;1;21;2;13;2;0;1;2;0;100;0;100;0;0;0;0;0;0;;;;;;;0;0;0;0;0;0;0;0;0;0;0;0;0;0;0;0;0;0;2;3;2;3;0;0;0;0;0;0;0;0;0;0;0;0;0;0;0;0
25.01.2025;07:37;A162;1;1;1;0;0;1;1;3;6;0;100;0;100;1;3;0;0;0;0;;;;;;;0;0;0;0;0;0;0;0;0;0;0;0;0;0;0;0;1;2;0;0;0;0;0;0;0;0;0;0;0;0;0;0;0;0;0;0;0;0
25.01.2025;07:36;A162;1;0;0;1;30;2;1;3;9;0;100;0;100;0;0;1;11;1;11;;;;;;;0;0;0;0;0;0;0;0;0;0;0;0;0;0;0;0;0;0;0;0;0;0;0;0;0;0;0;0;0;0;0;0;0;0;0;15;0;14
25.01.2025;07:35;A162;1;1;18;3;18;1;1;2;10;0;100;0;100;0;0;1;56;1;83;;;;;;;0;0;0;0;0;0;0;0;0;0;0;0;0;0;0;0;0;0;0;0;1;2;0;0;0;0;0;0;0;0;0;0;0;0;3;19;2;6
25.01.2025;07:34;A162;1;0;0;0;0;1;0;1;3;0;100;0;100;0;0;1;63;1;4;;;;;;;0;0;0;0;0;0;0;0;0;0;0;0;0;0;0;0;1;2;1;2;0;0;0;0;0;0;0;0;0;0;0;0;0;0;0;4;1;46
25.01.2025;07:33;A162;1;1;32;1;9;0;0;0;0;0;100;0;100;0;0;0;0;0;53;;;;;;;0;0;0;0;0;0;0;0;0;0;0;0;0;0;0;0;0;0;0;0;0;0;0;0;0;0;0;0;0;0;0;0;0;0;1;3;0;24
25.01.2025;07:32;A162;1;2;8;1;9;0;0;2;3;0;100;0;100;1;3;0;0;1;24;;;;;;;0;0;0;0;0;0;0;0;0;0;0;0;0;0;0;0;0;0;0;0;0;0;0;0;0;0;0;0;0;0;0;0;0;0;0;0;4;10
25.01.2025;07:31;A162;1;0;0;1;7;1;1;2;10;0;100;0;100;0;0;0;18;0;0;;;;;;;0;0;0;0;0;0;0;0;0;0;0;0;0;0;0;0;0;0;0;0;0;0;0;0;0;0;0;0;0;0;0;0;0;0;0;0;0;0
25.01.2025;07:30;A162;1;3;7;3;16;3;2;4;23;0;100;0;100;4;45;1;65;0;0;;;;;;;1;2;1;2;1;2;0;0;0;0;0;0;0;0;0;0;0;0;0;0;0;0;0;0;0;0;0;0;0;0;0;0;0;0;1;4;0;0
25.01.2025;07:29;A162;1;0;0;0;0;2;2;2;9;0;100;0;100;0;0;0;0;0;17;;;;;;;0;0;0;0;0;0;0;0;0;0;0;0;0;0;0;0;0;0;0;0;0;0;0;0;0;0;0;0;0;0;0;0;0;0;0;0;0;0
25.01.2025;07:28;A162;1;0;0;0;0;1;1;1;5;0;100;0;100;0;0;0;0;1;2;;;;;;;0;0;0;0;0;0;0;0;0;0;0;0;0;0;0;0;0;0;0;0;0;0;0;0;0;0;0;0;0;0;0;0;0;0;0;0;0;0
25.01.2025;07:27;A162;1;1;5;2;13;0;0;1;1;0;100;0;100;2;5;0;18;0;0;;;;;;;0;0;0;0;0;0;0;0;0;0;0;0;0;0;0;0;0;0;0;0;0;0;0;0;0;0;0;0;0;0;0;0;0;0;0;0;0;0
25.01.2025;07:26;A162;1;1;1;0;0;0;0;0;0;0;100;0;100;0;0;1;17;0;14;;;;;;;0;0;0;0;0;0;0;0;0;0;0;0;0;0;0;0;1;2;1;2;1;2;0;0;0;0;0;0;0;0;0;0;0;0;1;7;0;0
25.01.2025;07:25;A162;1;1;1;3;17;0;0;0;0;0;100;0;100;0;0;0;0;2;43;;;;;;;0;0;0;0;0;0;0;0;0;0;0;0;0;0;0;0;0;0;0;0;0;0;0;0;0;0;0;0;0;0;0;0;0;0;0;0;3;15
25.01.2025;07:24;A162;1;1;9;1;16;0;0;0;0;0;100;0;100;1;10;0;0;0;0;;;;;;;1;2;1;2;1;2;0;0;0;0;0;0;0;0;0;0;0;0;0;0;0;0;0;0;0;0;0;0;0;0;0;0;0;0;0;0;0;0
25.01.2025;07:23;A162;1;1;26;1;6;0;0;3;7;0;100;0;100;3;35;0;0;1;15;;;;;;;0;0;0;0;0;0;0;0;0;0;0;0;0;0;0;0;0;0;0;0;0;0;0;0;0;0;0;0;0;0;0;0;0;0;0;0;1;2
25.01.2025;07:22;A162;1;1;1;1;6;0;0;0;0;0;100;0;100;0;0;2;46;3;44;;;;;;;0;0;0;0;1;2;0;0;0;0;0;0;0;0;0;0;0;0;0;0;0;0;0;0;0;0;0;0;0;0;0;0;0;0;1;53;1;48
25.01.2025;07:21;A162;1;1;8;1;11;0;0;1;5;0;100;0;100;2;4;0;0;0;0;;;;;;;0;0;1;2;0;0;0;0;0;0;0;0;0;0;0;0;0;0;0;0;1;2;0;0;0;0;0;0;0;0;0;0;0;0;0;0;0;0
25.01.2025;07:20;A162;1;1;46;0;0;0;0;1;5;0;100;0;100;1;1;0;0;0;0;;;;;;;0;0;0;0;0;0;0;0;0;0;0;0;0;0;0;0;1;2;1;2;0;0;0;0;0;0;0;0;0;0;0;0;0;0;0;0;0;0
25.01.2025;07:19;A162;1;3;37;6;47;1;1;1;10;0;100;0;100;2;12;0;0;0;0;;;;;;;0;0;1;2;1;2;0;0;0;0;0;0;0;0;0;0;0;0;0;0;0;0;0;0;0;0;0;0;0;0;0;0;0;0;0;0;0;0
25.01.2025;07:18;A162;1;0;0;0;0;0;0;1;4;0;100;0;100;0;0;0;0;0;0;;;;;;;1;2;0;0;0;0;0;0;0;0;0;0;0;0;0;0;0;0;0;0;0;0;0;0;0;0;0;0;0;0;0;0;0;0;0;0;0;0
25.01.2025;07:17;A162;1;1;2;2;10;1;2;0;7;0;100;0;100;0;0;0;0;0;0;;;;;;;0;0;0;0;0;0;0;0;0;0;1;2;0;0;0;0;0;0;0;0;0;0;0;0;0;0;0;0;0;0;0;0;0;0;0;0;0;0
25.01.2025;07:16;A162;1;1;5;2;14;1;0;2;5;0;100;0;100;0;0;0;0;0;0;;;;;;;1;2;1;2;1;2;1;2;0;0;0;0;0;0;0;0;0;0;0;0;0;0;0;0;0;0;0;0;0;0;0;0;0;0;0;0;0;0
25.01.2025;07:15;A162;1;1;29;1;8;0;0;0;0;0;100;0;100;0;0;0;0;0;0;;;;;;;0;0;0;0;0;0;0;0;0;0;0;0;0;0;0;0;0;0;0;0;0;0;0;0;0;0;0;0;0;0;0;0;0;0;0;0;0;0
25.01.2025;07:14;A162;1;2;5;1;9;1;1;1;5;0;100;0;100;2;11;0;0;0;0;;;;;;;0;0;0;0;0;0;0;0;0;0;0;0;0;0;0;0;0;0;0;0;0;0;0;0;0;0;0;0;0;0;0;0;0;0;0;0;0;0
25.01.2025;07:13;A162;1;1;21;6;19;0;0;1;2;0;100;0;100;1;2;0;0;0;0;;;;;;;0;0;0;0;0;0;0;0;0;0;0;0;0;0;0;0;0;0;1;2;1;2;0;0;0;0;0;0;0;0;0;0;0;0;0;0;0;0
25.01.2025;07:12;A162;1;1;1;1;9;0;0;0;0;0;100;0;100;0;0;0;0;0;0;;;;;;;0;0;0;0;0;0;0;0;0;0;0;0;0;0;0;0;1;2;0;0;0;0;0;0;0;0;0;0;0;0;0;0;0;0;0;0;0;0
25.01.2025;07:11;A162;1;0;0;0;0;1;1;1;9;0;100;0;100;0;0;0;0;0;0;;;;;;;0;0;0;0;1;2;0;0;0;0;0;0;0;0;0;0;1;2;1;2;1;2;0;0;0;0;0;0;0;0;0;0;0;0;0;0;0;0
25.01.2025;07:10;A162;1;3;43;2;48;1;1;4;7;0;100;0;100;1;7;0;0;0;0;;;;;;;1;2;2;3;1;2;0;0;0;0;0;0;0;0;0;0;0;0;0;0;0;0;0;0;0;0;0;0;0;0;0;0;0;0;0;0;0;0
25.01.2025;07:09;A162;1;1;21;4;22;0;0;0;0;0;100;0;100;0;0;0;15;0;0;;;;;;;2;3;1;2;1;2;0;0;0;0;0;0;0;0;0;0;0;0;0;0;0;0;0;0;0;0;0;0;0;0;0;0;0;0;0;0;0;0
25.01.2025;07:08;A162;1;0;0;0;0;1;1;1;5;0;100;0;100;0;0;1;59;0;0;;;;;;;0;0;0;0;0;0;0;0;0;0;0;0;0;0;0;0;0;0;0;0;1;2;0;0;0;0;0;0;0;0;0;0;0;0;2;4;0;0
25.01.2025;07:07;A162;1;1;9;2;7;1;1;1;8;0;100;0;100;0;0;0;0;0;0;;;;;;;0;0;0;0;0;0;0;0;0;0;0;0;0;0;0;0;1;2;1;2;0;0;0;0;0;0;0;0;0;0;0;0;0;0;0;0;0;0
25.01.2025;07:06;A162;1;2;61;1;42;1;20;1;5;0;100;0;100;0;0;0;0;0;93;;;;;;;0;0;0;0;0;0;0;0;0;0;0;0;0;0;0;0;0;0;0;0;1;2;0;0;0;0;0;0;0;0;0;0;0;0;0;0;0;0
25.01.2025;07:05;A162;1;2;26;2;21;0;0;0;0;0;100;0;100;0;0;0;0;1;12;;;;;;;0;0;0;0;0;0;0;0;0;0;0;0;0;0;0;0;1;2;1;2;0;0;0;0;0;0;0;0;0;0;0;0;0;0;1;1;1;11
25.01.2025;07:04;A162;1;1;7;1;7;0;0;0;0;0;100;0;100;0;0;0;0;0;0;;;;;;;0;0;0;0;0;0;0;0;0;0;0;0;0;0;0;0;1;2;1;2;1;2;0;0;0;0;0;0;0;0;0;0;0;0;0;0;0;0
25.01.2025;07:03;A162;1;0;0;0;0;0;0;0;0;0;100;0;100;0;0;0;0;0;0;;;;;;;0;0;0;0;0;0;0;0;0;0;0;0;0;0;0;0;0;0;0;0;0;0;0;0;0;0;0;0;0;0;0;0;0;0;0;0;0;0
25.01.2025;07:02;A162;1;2;9;1;8;0;0;0;0;0;100;0;100;0;0;1;9;0;0;;;;;;;0;0;0;0;0;0;0;0;0;0;0;0;0;0;0;0;0;0;0;0;0;0;0;0;0;0;0;0;0;0;0;0;0;0;2;13;0;0
25.01.2025;07:01;A162;1;0;0;0;0;0;0;1;4;0;100;0;100;1;3;0;0;0;0;;;;;;;0;0;0;0;1;2;0;0;0;0;0;0;0;0;0;0;0;0;0;0;0;0;0;0;0;0;0;0;0;0;0;0;0;0;0;0;0;0
25.01.2025;07:00;A162;1;2;5;1;13;0;0;1;4;0;100;0;100;2;2;0;0;0;0;;;;;;;1;2;1;2;0;0;0;0;0;0;0;0;0;0;0;0;0;0;0;0;0;0;0;0;0;0;0;0;0;0;0;0;0;0;0;0;0;0
25.01.2025;06:59;A162;1;0;0;0;0;1;1;2;10;0;100;0;100;1;8;0;0;0;0;;;;;;;0;0;0;0;0;0;0;0;0;0;0;0;0;0;0;0;0;0;0;0;0;0;0;0;0;0;0;0;0;0;0;0;0;0;0;0;0;0
25.01.2025;06:58;A162;1;1;1;1;5;0;0;0;0;0;100;0;100;0;0;0;0;0;0;;;;;;;0;0;0;0;0;0;0;0;0;0;0;0;0;0;0;0;1;2;1;2;1;2;0;0;0;0;0;0;0;0;0;0;0;0;0;0;0;0
25.01.2025;06:57;A162;1;0;0;0;0;0;0;0;0;0;100;0;100;0;0;0;0;0;0;;;;;;;0;0;0;0;0;0;0;0;0;0;0;0;0;0;0;0;0;0;0;0;0;0;0;0;0;0;0;0;0;0;0;0;0;0;0;0;0;0
25.01.2025;06:56;A162;1;0;0;0;0;1;1;1;4;0;100;0;100;0;0;1;11;0;0;;;;;;;0;0;0;0;0;0;0;0;0;0;0;0;0;0;0;0;0;0;0;0;0;0;0;0;0;0;0;0;0;0;0;0;0;0;2;7;0;0
25.01.2025;06:55;A162;1;1;6;1;6;3;1;2;13;0;100;0;100;0;0;0;0;0;0;;;;;;;0;0;0;0;0;0;0;0;0;0;0;0;0;0;0;0;0;0;0;0;0;0;0;0;0;0;0;0;0;0;0;0;0;0;0;0;0;0
25.01.2025;06:54;A162;1;0;0;0;0;0;0;0;0;0;100;0;100;0;0;0;0;0;0;;;;;;;0;0;0;0;0;0;0;0;0;0;0;0;0;0;0;0;0;0;0;0;0;0;0;0;0;0;0;0;0;0;0;0;0;0;0;0;0;0
25.01.2025;06:53;A162;1;0;0;0;0;1;0;0;0;0;100;0;100;1;1;0;0;0;0;;;;;;;0;0;0;0;0;0;0;0;0;0;0;0;0;0;0;0;0;0;0;0;0;0;0;0;0;0;0;0;0;0;0;0;0;0;0;0;0;0
25.01.2025;06:52;A162;1;0;0;0;0;1;1;3;6;0;100;0;100;1;2;0;0;1;19;;;;;;;0;0;0;0;0;0;0;0;0;0;0;0;0;0;0;0;0;0;0;0;0;0;0;0;0;0;0;0;0;0;0;0;0;0;0;0;1;3
25.01.2025;06:51;A162;1;1;25;1;8;1;1;1;4;0;100;0;100;0;0;0;0;0;0;;;;;;;0;0;0;0;0;0;0;0;0;0;0;0;0;0;0;0;0;0;0;0;0;0;0;0;0;0;0;0;0;0;0;0;0;0;0;0;0;0
25.01.2025;06:50;A162;1;0;1;0;0;1;1;1;7;0;100;0;100;0;0;0;0;0;36;;;;;;;0;0;1;2;1;2;0;0;0;0;0;0;0;0;0;0;1;2;1;2;1;2;0;0;0;0;0;0;0;0;0;0;0;0;0;0;0;0
25.01.2025;06:49;A162;1;1;2;2;9;1;1;1;10;0;100;0;100;0;0;0;0;1;67;;;;;;;1;2;0;0;0;0;0;0;0;0;0;0;0;0;0;0;0;0;0;0;0;0;0;0;0;0;0;0;0;0;0;0;0;0;0;0;1;2
25.01.2025;06:48;A162;1;1;2;1;8;0;0;0;0;0;100;0;100;0;0;0;0;0;0;;;;;;;0;0;0;0;0;0;0;0;0;0;0;0;0;0;0;0;0;0;0;0;0;0;0;0;0;0;0;0;0;0;0;0;0;0;0;0;0;0
25.01.2025;06:47;A162;1;0;0;0;0;0;0;1;3;0;100;0;100;2;1;0;0;2;16;;;;;;;0;0;0;0;0;0;0;0;0;0;0;0;0;0;0;0;0;0;0;0;0;0;0;0;0;0;0;0;0;0;0;0;0;0;0;0;2;15
25.01.2025;06:46;A162;1;1;4;1;8;0;0;1;3;0;100;0;100;1;38;0;0;0;0;;;;;;;1;2;1;2;1;2;0;0;0;0;0;0;0;0;0;0;0;0;0;0;0;0;0;0;0;0;0;0;0;0;0;0;0;0;0;0;0;0
25.01.2025;06:45;A162;1;1;6;1;15;0;0;0;0;0;100;0;100;0;0;0;0;0;0;;;;;;;1;2;1;2;1;2;0;0;0;0;0;0;0;0;0;0;0;0;0;0;0;0;0;0;0;0;0;0;0;0;0;0;0;0;0;0;0;0
25.01.2025;06:44;A162;1;0;0;0;0;0;0;0;0;0;100;0;100;0;0;0;0;0;0;;;;;;;0;0;0;0;0;0;0;0;0;0;0;0;0;0;0;0;0;0;0;0;0;0;0;0;0;0;0;0;0;0;0;0;0;0;0;0;0;0
25.01.2025;06:43;A162;1;0;0;0;0;1;1;2;5;0;100;0;100;0;0;1;13;1;12;;;;;;;0;0;0;0;0;0;0;0;0;0;0;0;0;0;0;0;0;0;0;0;1;2;0;0;0;0;0;0;0;0;0;0;0;0;0;0;1;17
25.01.2025;06:42;A162;1;1;5;1;6;0;0;0;0;0;100;0;100;0;0;0;0;0;0;;;;;;;0;0;0;0;0;0;0;0;0;0;0;0;0;0;0;0;1;2;1;2;0;0;0;0;0;0;0;0;0;0;0;0;0;0;0;0;0;0
25.01.2025;06:40;A162;1;0;0;0;0;0;0;0;0;0;100;0;100;0;0;0;0;0;0;;;;;;;0;0;0;0;0;0;0;0;0;0;0;0;0;0;0;0;0;0;0;0;0;0;0;0;0;0;0;0;0;0;0;0;0;0;0;0;0;0
25.01.2025;06:39;A162;1;2;8;1;70;1;1;1;4;0;100;0;100;0;0;0;59;1;60;;;;;;;0;0;0;0;1;2;0;0;0;0;0;0;0;0;0;0;0;0;0;0;0;0;0;0;0;0;0;0;0;0;0;0;0;0;0;9;1;54
25.01.2025;06:38;A162;1;2;9;2;11;0;0;1;2;0;100;0;100;3;51;1;25;1;4;;;;;;;1;2;2;3;1;2;0;0;0;0;0;0;0;0;0;0;0;0;0;0;1;2;0;0;0;0;0;0;0;0;0;0;0;0;1;31;1;4
25.01.2025;06:37;A162;1;0;0;1;2;1;1;1;5;0;100;0;100;0;0;0;0;0;0;;;;;;;1;2;0;0;0;0;0;0;0;0;0;0;0;0;0;0;0;0;1;2;0;0;0;0;0;0;0;0;0;0;0;0;0;0;0;0;0;0
25.01.2025;06:36;A162;1;0;0;0;0;2;0;2;8;0;100;0;100;0;0;0;40;0;61;;;;;;;0;0;0;0;0;0;0;0;0;0;0;0;0;0;0;0;0;0;0;0;0;0;0;0;0;0;0;0;0;0;0;0;0;0;0;0;0;61
25.01.2025;06:35;A162;1;0;0;0;0;0;0;0;0;0;100;0;100;0;0;0;100;0;100;;;;;;;0;0;0;0;0;0;0;0;0;0;0;0;0;0;0;0;0;0;0;0;0;0;0;0;0;0;0;0;0;0;0;0;0;0;0;0;0;100
25.01.2025;06:34;A162;1;0;1;0;0;1;1;1;4;0;100;0;100;0;0;1;29;0;100;;;;;;;0;0;0;0;0;0;0;0;0;0;0;0;0;0;0;0;0;0;0;0;0;0;0;0;0;0;0;0;0;0;0;0;0;0;2;5;0;100
25.01.2025;06:33;A162;1;3;16;3;22;0;0;1;4;0;100;0;100;1;5;0;0;1;37;;;;;;;0;0;0;0;0;0;0;0;0;0;0;0;0;0;0;0;0;0;0;0;0;0;0;0;0;0;0;0;0;0;0;0;0;0;0;0;1;46
25.01.2025;06:32;A162;1;0;0;0;0;0;0;0;0;0;100;0;100;0;0;0;24;0;0;;;;;;;0;0;0;0;0;0;0;0;0;0;0;0;0;0;0;0;0;0;0;0;0;0;0;0;0;0;0;0;0;0;0;0;0;0;0;0;0;0
25.01.2025;06:31;A162;1;1;6;1;16;2;1;2;9;0;100;0;100;0;0;1;1;0;0;;;;;;;1;2;1;2;1;2;0;0;0;0;0;0;0;0;0;0;0;0;0;0;0;0;0;0;0;0;0;0;0;0;0;0;0;0;1;19;0;0
25.01.2025;06:30;A162;1;1;5;1;8;2;1;2;8;0;100;0;100;0;0;0;0;0;0;;;;;;;0;0;0;0;0;0;0;0;0;0;0;0;0;0;0;0;0;0;0;0;0;0;0;0;0;0;0;0;0;0;0;0;0;0;0;0;0;0
25.01.2025;06:29;A162;1;0;0;0;0;3;2;2;15;0;100;0;100;1;3;0;0;0;0;;;;;;;0;0;0;0;0;0;0;0;0;0;0;0;0;0;0;0;0;0;0;0;0;0;0;0;0;0;0;0;0;0;0;0;0;0;0;0;0;0
25.01.2025;06:28;A162;1;0;0;0;0;0;0;1;4;0;100;0;100;2;10;0;0;0;0;;;;;;;0;0;0;0;0;0;0;0;0;0;0;0;0;0;0;0;0;0;0;0;0;0;0;0;0;0;0;0;0;0;0;0;0;0;0;0;0;0
25.01.2025;06:27;A162;1;0;0;0;0;0;0;0;0;0;100;0;100;0;0;0;0;0;0;;;;;;;0;0;0;0;0;0;0;0;0;0;0;0;0;0;0;0;0;0;0;0;1;2;0;0;0;0;0;0;0;0;0;0;0;0;0;0;0;0
25.01.2025;06:26;A162;1;1;16;2;13;0;0;0;0;0;100;0;100;0;0;0;28;0;0;;;;;;;0;0;0;0;0;0;0;0;0;0;0;0;0;0;0;0;1;2;1;2;0;0;0;0;0;0;0;0;0;0;0;0;0;0;0;0;0;0
25.01.2025;06:25;A162;1;1;20;1;6;0;0;1;5;0;100;0;100;1;8;1;2;0;0;;;;;;;0;0;0;0;0;0;0;0;0;0;0;0;0;0;0;0;0;0;0;0;0;0;0;0;0;0;0;0;0;0;0;0;0;0;1;5;0;0
25.01.2025;06:24;A162;1;1;4;1;7;1;0;1;5;0;100;0;100;0;0;0;0;0;0;;;;;;;0;0;0;0;0;0;0;0;0;0;0;0;0;0;0;0;0;0;0;0;0;0;0;0;0;0;0;0;0;0;0;0;0;0;0;0;0;0
25.01.2025;06:23;A162;1;0;0;0;0;0;0;0;0;0;100;0;100;0;0;0;0;0;0;;;;;;;0;0;0;0;0;0;0;0;0;0;0;0;0;0;0;0;0;0;0;0;0;0;0;0;0;0;0;0;0;0;0;0;0;0;0;0;0;0
25.01.2025;06:22;A162;1;0;0;0;0;0;0;2;3;0;100;0;100;2;3;0;0;0;0;;;;;;;0;0;0;0;0;0;0;0;0;0;0;0;0;0;0;0;0;0;0;0;0;0;0;0;0;0;0;0;0;0;0;0;0;0;0;0;0;0
25.01.2025;06:21;A162;1;0;0;0;0;1;1;1;4;0;100;0;100;0;0;0;0;0;0;;;;;;;0;0;1;2;1;2;0;0;0;0;0;0;0;0;0;0;0;0;0;0;0;0;0;0;0;0;0;0;0;0;0;0;0;0;0;0;0;0
25.01.2025;06:20;A162;1;1;7;1;21;0;0;0;0;0;100;0;100;0;0;1;7;0;0;;;;;;;0;0;0;0;0;0;0;0;0;0;0;0;0;0;0;0;0;0;0;0;1;2;0;0;0;0;0;0;0;0;0;0;0;0;1;11;0;0
25.01.2025;06:19;A162;1;0;0;0;0;1;1;0;0;0;100;0;100;0;0;0;0;0;0;;;;;;;0;0;0;0;0;0;0;0;0;0;0;0;0;0;0;0;1;2;1;2;0;0;0;0;0;0;0;0;0;0;0;0;0;0;0;0;0;0
25.01.2025;06:18;A162;1;1;4;2;9;0;0;1;5;0;100;0;100;2;14;0;0;0;0;;;;;;;1;2;1;2;1;2;0;0;0;0;0;0;0;0;0;0;0;0;0;0;0;0;0;0;0;0;0;0;0;0;0;0;0;0;0;0;0;0
25.01.2025;06:17;A162;1;1;34;1;12;1;1;2;11;0;100;0;100;3;10;1;20;0;0;;;;;;;0;0;0;0;0;0;0;0;0;0;1;2;0;0;0;0;0;0;0;0;0;0;0;0;0;0;0;0;0;0;0;0;0;0;0;20;0;0
25.01.2025;06:16;A162;1;2;30;1;8;2;3;2;16;0;100;0;100;0;0;0;21;0;0;;;;;;;0;0;0;0;0;0;1;2;0;0;0;0;0;0;0;0;0;0;0;0;0;0;0;0;0;0;0;0;0;0;0;0;0;0;1;6;0;0
25.01.2025;06:15;A162;1;1;26;3;45;0;0;0;0;0;100;0;100;0;0;1;27;0;0;;;;;;;1;2;2;3;2;3;0;0;0;0;0;0;0;0;0;0;0;0;0;0;0;0;0;0;0;0;0;0;0;0;0;0;0;0;2;9;0;0
25.01.2025;06:14;A162;1;1;21;1;14;0;0;0;0;0;100;0;100;0;0;0;0;0;0;;;;;;;1;2;0;0;0;0;0;0;0;0;0;0;0;0;0;0;0;0;1;2;1;2;0;0;0;0;0;0;0;0;0;0;0;0;0;0;0;0
25.01.2025;06:13;A162;1;0;0;0;0;1;0;2;9;0;100;0;100;3;12;0;0;0;0;;;;;;;0;0;0;0;0;0;0;0;0;0;0;0;0;0;0;0;0;0;0;0;0;0;0;0;0;0;0;0;0;0;0;0;0;0;0;0;0;0
25.01.2025;06:12;A162;1;0;0;0;0;0;0;0;0;0;100;0;100;0;0;0;0;0;0;;;;;;;0;0;0;0;0;0;0;0;0;0;0;0;0;0;0;0;0;0;0;0;1;2;0;0;0;0;0;0;0;0;0;0;0;0;0;0;0;0
25.01.2025;06:11;A162;1;0;0;1;7;0;0;0;0;0;100;0;100;0;0;0;0;0;0;;;;;;;0;0;0;0;0;0;0;0;0;0;0;0;0;0;0;0;1;2;1;2;0;0;0;0;0;0;0;0;0;0;0;0;0;0;0;0;0;0
25.01.2025;06:10;A162;1;1;2;1;10;0;0;0;0;0;100;0;100;0;0;1;13;1;26;;;;;;;0;0;0;0;0;0;0;0;0;0;0;0;0;0;0;0;0;0;0;0;0;0;0;0;0;0;0;0;0;0;0;0;0;0;0;16;1;2
25.01.2025;06:09;A162;1;1;12;1;28;0;0;0;0;0;100;0;100;0;0;1;87;0;0;;;;;;;1;2;1;2;1;2;0;0;0;0;0;0;0;0;0;0;0;0;0;0;0;0;0;0;0;0;0;0;0;0;0;0;0;0;0;100;0;0
25.01.2025;06:08;A162;1;1;1;1;8;1;0;1;4;0;100;0;100;0;0;0;0;0;0;;;;;;;0;0;0;0;0;0;0;0;0;0;0;0;0;0;0;0;0;0;0;0;0;0;0;0;0;0;0;0;0;0;0;0;0;0;1;2;0;0
25.01.2025;06:07;A162;1;1;4;1;6;0;0;0;0;0;100;0;100;0;0;0;0;0;0;;;;;;;0;0;0;0;0;0;0;0;0;0;0;0;0;0;0;0;1;2;1;2;1;2;0;0;0;0;0;0;0;0;0;0;0;0;0;0;0;0
25.01.2025;06:06;A162;1;0;0;0;0;1;1;2;9;0;100;0;100;2;6;0;0;0;0;;;;;;;0;0;0;0;0;0;0;0;0;0;0;0;0;0;0;0;0;0;0;0;0;0;0;0;0;0;0;0;0;0;0;0;0;0;0;0;0;0
25.01.2025;06:05;A162;1;0;0;0;0;0;0;1;2;0;100;0;100;1;3;0;0;0;0;;;;;;;0;0;0;0;0;0;0;0;0;0;0;0;0;0;0;0;0;0;0;0;0;0;0;0;0;0;0;0;0;0;0;0;0;0;0;0;0;0
25.01.2025;06:04;A162;1;0;0;0;0;0;0;0;0;0;100;0;100;0;0;0;0;0;0;;;;;;;0;0;0;0;0;0;0;0;0;0;0;0;0;0;0;0;0;0;0;0;0;0;0;0;0;0;0;0;0;0;0;0;0;0;0;0;0;0
25.01.2025;06:03;A162;1;1;9;3;17;0;0;0;0;0;100;0;100;0;0;0;0;0;0;;;;;;;0;0;0;0;0;0;0;0;0;0;0;0;0;0;0;0;0;0;0;0;0;0;0;0;0;0;0;0;0;0;0;0;0;0;0;0;0;0
25.01.2025;06:02;A162;1;0;0;0;0;1;1;1;4;0;100;0;100;0;0;0;0;0;0;;;;;;;0;0;0;0;0;0;0;0;0;0;0;0;0;0;0;0;0;0;0;0;0;0;0;0;0;0;0;0;0;0;0;0;0;0;0;0;0;0
25.01.2025;06:01;A162;1;0;0;0;0;0;0;0;0;0;100;0;100;0;0;1;10;0;0;;;;;;;0;0;0;0;0;0;0;0;0;0;0;0;0;0;0;0;0;0;0;0;0;0;0;0;0;0;0;0;0;0;0;0;0;0;2;7;0;0
25.01.2025;06:00;A162;1;1;7;1;12;1;0;1;4;0;100;0;100;0;0;0;0;0;0;;;;;;;1;2;1;2;1;2;0;0;0;0;0;0;0;0;0;0;0;0;0;0;0;0;0;0;0;0;0;0;0;0;0;0;0;0;0;0;0;0
25.01.2025;05:59;A162;1;1;6;1;7;0;0;0;0;0;100;0;100;0;0;0;0;0;0;;;;;;;0;0;0;0;0;0;0;0;0;0;0;0;0;0;0;0;0;0;0;0;0;0;0;0;0;0;0;0;0;0;0;0;0;0;0;0;0;0
25.01.2025;05:58;A162;1;0;0;0;0;1;1;2;6;0;100;0;100;1;2;0;0;0;0;;;;;;;0;0;0;0;0;0;0;0;0;0;0;0;0;0;0;0;0;0;0;0;0;0;0;0;0;0;0;0;0;0;0;0;0;0;0;0;0;0
25.01.2025;05:57;A162;1;0;0;0;0;0;0;0;0;0;100;0;100;0;0;0;0;0;0;;;;;;;0;0;0;0;0;0;0;0;0;0;0;0;0;0;0;0;0;0;1;2;1;2;0;0;0;0;0;0;0;0;0;0;0;0;0;0;0;0
25.01.2025;05:56;A162;1;1;4;1;7;0;0;0;0;0;100;0;100;0;0;0;0;0;0;;;;;;;0;0;0;0;0;0;0;0;0;0;0;0;0;0;0;0;1;2;0;0;0;0;0;0;0;0;0;0;0;0;0;0;0;0;0;0;0;0
25.01.2025;05:55;A162;1;0;0;0;0;0;0;0;0;0;100;0;100;0;0;1;8;0;0;;;;;;;0;0;0;0;0;0;0;0;0;0;0;0;0;0;0;0;0;0;0;0;0;0;0;0;0;0;0;0;0;0;0;0;0;0;2;6;0;0
25.01.2025;05:54;A162;1;0;0;0;0;0;0;0;0;0;100;0;100;0;0;0;0;0;0;;;;;;;0;0;0;0;0;0;0;0;0;0;0;0;0;0;0;0;0;0;0;0;0;0;0;0;0;0;0;0;0;0;0;0;0;0;0;0;0;0
25.01.2025;05:53;A162;1;0;0;0;0;1;2;2;40;0;100;0;100;1;9;0;0;0;0;;;;;;;0;0;0;0;0;0;0;0;0;0;0;0;0;0;0;0;1;2;1;2;1;2;0;0;0;0;0;0;0;0;0;0;0;0;0;0;0;0
25.01.2025;05:52;A162;1;0;0;0;0;1;0;2;6;0;100;0;100;1;1;2;8;0;0;;;;;;;0;0;0;0;0;0;0;0;0;0;0;0;0;0;0;0;0;0;0;0;0;0;0;0;0;0;0;0;0;0;0;0;0;0;3;11;0;0
25.01.2025;05:51;A162;1;0;0;0;0;1;1;1;3;0;100;0;100;0;0;0;0;0;0;;;;;;;0;0;0;0;0;0;0;0;0;0;0;0;0;0;0;0;0;0;0;0;0;0;0;0;0;0;0;0;0;0;0;0;0;0;0;0;0;0
25.01.2025;05:50;A162;1;0;0;0;0;0;0;0;0;0;100;0;100;1;2;1;11;2;25;;;;;;;0;0;0;0;0;0;0;0;0;0;0;0;0;0;0;0;0;0;0;0;0;0;0;0;0;0;0;0;0;0;0;0;0;0;1;6;1;23
25.01.2025;05:49;A162;1;1;8;2;13;1;1;2;8;0;100;0;100;1;4;0;0;1;49;;;;;;;0;0;0;0;0;0;0;0;0;0;0;0;0;0;0;0;0;0;0;0;0;0;0;0;0;0;0;0;0;0;0;0;0;0;1;2;2;14
25.01.2025;05:48;A162;1;0;0;0;0;0;0;0;0;0;100;0;100;1;5;0;0;0;0;;;;;;;0;0;0;0;0;0;0;0;0;0;0;0;0;0;0;0;0;0;0;0;0;0;0;0;0;0;0;0;0;0;0;0;0;0;0;0;0;0
25.01.2025;05:47;A162;1;1;21;1;5;1;0;1;3;0;100;0;100;1;2;0;0;1;11;;;;;;;0;0;0;0;0;0;0;0;0;0;0;0;0;0;0;0;0;0;0;0;0;0;0;0;0;0;0;0;0;0;0;0;0;0;0;0;1;5
25.01.2025;05:46;A162;1;0;0;2;12;1;0;2;8;0;100;0;100;2;2;0;0;0;0;;;;;;;0;0;0;0;0;0;0;0;0;0;0;0;0;0;0;0;0;0;0;0;0;0;0;0;0;0;0;0;0;0;0;0;0;0;0;0;0;0
25.01.2025;05:45;A162;1;0;0;0;0;1;1;1;4;0;100;0;100;0;0;0;0;0;0;;;;;;;0;0;0;0;0;0;0;0;0;0;0;0;0;0;0;0;0;0;0;0;0;0;0;0;0;0;0;0;0;0;0;0;0;0;0;0;0;0
25.01.2025;05:44;A162;1;2;53;4;23;1;0;2;4;0;100;0;100;3;12;0;0;0;0;;;;;;;0;0;1;2;1;2;0;0;0;0;0;0;0;0;0;0;0;0;0;0;0;0;0;0;0;0;0;0;0;0;0;0;0;0;0;0;0;0
25.01.2025;05:43;A162;1;0;0;1;7;1;0;2;10;0;100;0;100;3;5;0;0;0;0;;;;;;;1;2;0;0;0;0;0;0;0;0;0;0;0;0;0;0;0;0;0;0;0;0;0;0;0;0;0;0;0;0;0;0;0;0;0;0;0;0
25.01.2025;05:42;A162;1;1;7;0;30;0;0;0;0;0;100;0;100;0;0;0;0;0;0;;;;;;;1;2;1;2;1;2;0;0;0;0;0;0;0;0;0;0;0;0;0;0;1;2;0;0;0;0;0;0;0;0;0;0;0;0;0;0;0;0
25.01.2025;05:41;A162;1;0;0;1;10;0;0;0;0;0;100;0;100;0;0;0;0;1;8;;;;;;;0;0;0;0;0;0;0;0;0;0;0;0;0;0;0;0;1;2;1;2;0;0;0;0;0;0;0;0;0;0;0;0;0;0;0;0;1;5
25.01.2025;05:40;A162;1;0;0;0;0;2;1;1;7;0;100;0;100;0;0;0;0;0;0;;;;;;;0;0;0;0;0;0;0;0;0;0;0;0;0;0;0;0;0;0;1;2;1;2;0;0;0;0;0;0;0;0;0;0;0;0;0;0;0;0
25.01.2025;05:39;A162;1;2;10;1;21;1;1;3;8;0;100;0;100;1;3;0;0;0;0;;;;;;;1;2;1;2;1;2;0;0;0;0;0;0;0;0;0;0;1;2;0;0;0;0;0;0;0;0;0;0;0;0;0;0;0;0;0;0;0;0
25.01.2025;05:38;A162;1;1;16;2;17;0;0;0;0;0;100;0;100;0;0;0;0;1;10;;;;;;;0;0;0;0;0;0;0;0;0;0;0;0;0;0;0;0;0;0;0;0;0;0;0;0;0;0;0;0;0;0;0;0;0;0;0;0;0;5
25.01.2025;05:37;A162;1;0;0;1;6;0;0;1;5;0;100;0;100;1;5;0;0;0;0;;;;;;;0;0;0;0;0;0;0;0;0;0;0;0;0;0;0;0;0;0;0;0;0;0;0;0;0;0;0;0;0;0;0;0;0;0;0;0;1;0
25.01.2025;05:36;A162;1;0;0;1;7;0;0;1;4;0;100;0;100;1;1;0;0;0;0;;;;;;;0;0;0;0;0;0;0;0;0;0;0;0;0;0;0;0;0;1;1;2;1;2;0;0;0;0;0;0;0;0;0;0;0;0;0;0;0;0
25.01.2025;05:35;A162;1;1;3;0;0;0;0;0;0;0;100;0;100;0;0;0;0;0;0;;;;;;;0;0;0;0;0;0;0;0;0;0;0;0;0;0;0;0;1;1;0;0;0;0;0;0;0;0;0;0;0;0;0;0;0;0;0;0;0;0
25.01.2025;05:34;A162;1;0;0;2;9;1;1;1;5;0;100;0;100;0;0;0;0;0;0;;;;;;;0;0;0;0;0;0;0;0;0;0;0;0;0;0;0;0;0;0;0;0;0;0;0;0;0;0;0;0;0;0;0;0;0;0;0;0;0;0
25.01.2025;05:33;A162;1;0;0;0;0;0;0;0;0;0;100;0;100;0;0;1;9;0;0;;;;;;;0;0;0;0;0;0;0;0;0;0;0;0;0;0;0;0;0;0;0;0;0;0;0;0;0;0;0;0;0;0;0;0;0;0;1;6;0;0
25.01.2025;05:32;A162;1;1;1;1;7;1;1;0;0;0;100;0;100;0;0;0;0;1;8;;;;;;;0;0;0;0;0;0;0;0;0;0;0;0;0;0;0;0;0;0;0;0;0;0;0;0;0;0;0;0;0;0;0;0;0;0;0;0;1;5
25.01.2025;05:31;A162;1;1;6;1;17;0;0;2;7;0;100;0;100;2;16;0;0;0;0;;;;;;;1;2;1;2;1;2;0;0;0;0;0;0;0;0;0;0;0;0;0;0;0;0;0;0;0;0;0;0;0;0;0;0;0;0;0;0;0;0
25.01.2025;05:30;A162;1;1;2;1;7;0;0;0;0;0;100;0;100;0;0;0;0;0;0;;;;;;;0;0;0;0;0;0;0;0;0;0;0;0;0;0;0;0;0;0;0;0;0;0;0;0;0;0;0;0;0;0;0;0;0;0;0;0;0;0
25.01.2025;05:29;A162;1;0;0;0;0;0;0;0;0;0;100;0;100;0;0;0;0;0;0;;;;;;;0;0;0;0;0;0;0;0;0;0;0;0;0;0;0;0;0;0;0;0;0;0;0;0;0;0;0;0;0;0;0;0;0;0;0;0;0;0
25.01.2025;05:28;A162;1;0;0;0;0;0;0;1;5;0;100;0;100;1;7;0;0;0;0;;;;;;;0;0;0;0;0;0;0;0;0;0;0;0;0;0;0;0;0;0;0;0;0;0;0;0;0;0;0;0;0;0;0;0;0;0;0;0;0;0
25.01.2025;05:27;A162;1;0;0;0;0;0;0;1;5;0;100;0;100;1;1;0;0;0;0;;;;;;;0;0;0;0;0;0;0;0;0;0;0;0;0;0;0;0;0;0;0;0;0;0;0;0;0;0;0;0;0;0;0;0;0;0;0;0;0;0
25.01.2025;05:26;A162;1;0;0;0;0;0;0;0;0;0;100;0;100;0;0;0;0;0;0;;;;;;;0;0;0;0;0;0;0;0;0;0;0;0;0;0;0;0;0;0;0;0;0;0;0;0;0;0;0;0;0;0;0;0;0;0;0;0;0;0
25.01.2025;05:25;A162;1;0;0;0;0;3;6;4;18;0;100;0;100;0;0;0;0;0;0;;;;;;;0;0;0;0;0;0;0;0;0;0;0;0;0;0;0;0;0;0;0;0;0;0;0;0;0;0;0;0;0;0;0;0;0;0;0;0;0;0
25.01.2025;05:24;A162;1;2;9;0;8;0;0;0;0;0;100;0;100;0;0;0;0;0;0;;;;;;;1;2;2;3;2;3;0;0;0;0;0;0;0;0;0;0;0;0;0;0;0;0;0;0;0;0;0;0;0;0;0;0;0;0;0;0;0;0
25.01.2025;05:23;A162;1;1;3;2;9;0;0;0;0;0;100;0;100;0;0;0;0;0;0;;;;;;;1;2;0;0;0;0;0;0;0;0;0;0;0;0;0;0;0;0;0;0;0;0;0;0;0;0;0;0;0;0;0;0;0;0;0;0;0;0
25.01.2025;05:22;A162;1;0;0;0;0;0;0;2;4;0;100;0;100;1;8;0;0;0;0;;;;;;;0;0;0;0;0;0;0;0;0;0;0;0;0;0;0;0;0;0;0;0;0;0;0;0;0;0;0;0;0;0;0;0;0;0;0;0;0;0
25.01.2025;05:21;A162;1;1;5;1;7;0;0;0;0;0;100;0;100;0;0;0;0;0;0;;;;;;;0;0;0;0;0;0;0;0;0;0;0;0;0;0;0;0;0;0;0;0;0;0;0;0;0;0;0;0;0;0;0;0;0;0;0;0;0;0
25.01.2025;05:20;A162;1;0;0;0;0;0;0;0;0;0;100;0;100;0;0;0;0;0;0;;;;;;;0;0;0;0;0;0;0;0;0;0;0;0;0;0;0;0;1;2;1;2;1;2;0;0;0;0;0;0;0;0;0;0;0;0;0;0;0;0
25.01.2025;05:19;A162;1;1;5;0;1;1;1;1;5;0;100;0;100;0;0;0;0;0;0;;;;;;;0;0;0;0;0;0;0;0;0;0;0;0;0;0;0;0;0;0;0;0;0;0;0;0;0;0;0;0;0;0;0;0;0;0;0;0;0;0
25.01.2025;05:18;A162;1;0;0;1;7;0;0;0;0;0;100;0;100;0;0;0;0;0;0;;;;;;;0;0;0;0;0;0;0;0;0;0;0;0;0;0;0;0;0;0;0;0;0;0;0;0;0;0;0;0;0;0;0;0;0;0;0;0;0;0
25.01.2025;05:17;A162;1;2;22;2;14;0;0;0;0;0;100;0;100;0;0;0;25;0;0;;;;;;;0;0;0;0;0;0;0;0;0;0;0;0;0;0;0;0;0;0;0;0;0;0;0;0;0;0;0;0;0;0;0;0;0;0;0;0;0;0
25.01.2025;05:16;A162;1;1;11;1;15;0;0;0;0;0;100;0;100;0;0;1;54;0;0;;;;;;;0;0;0;0;0;0;0;0;0;0;0;0;0;0;0;0;0;0;0;0;0;0;0;0;0;0;0;0;0;0;0;0;0;0;2;5;0;0
25.01.2025;05:15;A162;1;0;0;0;0;1;4;2;8;0;100;0;100;0;0;1;6;0;0;;;;;;;0;0;0;0;0;0;0;0;0;0;0;0;0;0;0;0;0;0;0;0;0;0;0;0;0;0;0;0;0;0;0;0;0;0;1;11;0;0
25.01.2025;05:14;A162;1;1;5;3;14;0;0;0;0;0;100;0;100;0;0;0;0;0;0;;;;;;;1;2;1;2;1;2;0;0;0;0;0;0;0;0;0;0;0;0;0;0;0;0;0;0;0;0;0;0;0;0;0;0;0;0;0;0;0;0
25.01.2025;05:13;A162;1;0;0;0;0;0;0;0;0;0;100;0;100;0;0;0;0;1;59;;;;;;;0;0;0;0;0;0;0;0;0;0;0;0;0;0;0;0;0;0;0;0;1;2;0;0;0;0;0;0;0;0;0;0;0;0;0;0;1;3
25.01.2025;05:12;A162;1;0;0;0;0;0;0;0;0;0;100;0;100;0;0;0;0;0;0;;;;;;;0;0;0;0;0;0;0;0;0;0;0;0;0;0;0;0;1;2;1;2;0;0;0;0;0;0;0;0;0;0;0;0;0;0;0;0;0;0
25.01.2025;05:11;A162;1;1;7;0;8;1;0;2;9;0;100;0;100;0;0;0;0;1;72;;;;;;;0;0;0;0;0;0;0;0;0;0;0;0;0;0;0;0;0;0;0;0;0;0;0;0;0;0;0;0;0;0;0;0;0;0;0;0;1;9
25.01.2025;05:10;A162;1;1;8;2;10;0;0;0;0;0;100;0;100;0;0;0;0;0;0;;;;;;;0;1;1;2;1;2;0;0;0;0;0;0;0;0;0;0;0;0;0;0;0;0;0;0;0;0;0;0;0;0;0;0;0;0;0;0;0;0
25.01.2025;05:09;A162;1;0;0;0;0;0;0;0;0;0;100;0;100;0;0;0;0;0;0;;;;;;;1;1;0;0;0;0;0;0;0;0;0;0;0;0;0;0;0;0;0;0;0;0;0;0;0;0;0;0;0;0;0;0;0;0;0;0;0;0
25.01.2025;05:08;A162;1;2;28;2;28;0;0;0;0;0;100;0;100;0;0;0;0;0;0;;;;;;;0;0;0;0;0;0;0;0;0;0;0;0;0;0;0;0;0;0;0;0;0;0;0;0;0;0;0;0;0;0;0;0;0;0;0;0;0;0
25.01.2025;05:07;A162;1;0;0;1;0;0;0;2;4;0;100;0;100;2;5;0;0;0;0;;;;;;;0;0;0;0;0;0;0;0;0;0;0;0;0;0;0;0;0;0;0;0;0;0;0;0;0;0;0;0;0;0;0;0;0;0;0;0;0;0
25.01.2025;05:06;A162;1;0;0;0;0;0;0;1;4;0;100;0;100;1;3;0;0;0;0;;;;;;;0;0;0;0;0;0;0;0;0;0;0;0;0;0;0;0;0;0;0;0;0;0;0;0;0;0;0;0;0;0;0;0;0;0;0;0;0;0
25.01.2025;05:05;A162;1;0;0;0;0;1;1;1;5;0;100;0;100;0;0;0;0;0;0;;;;;;;0;0;0;0;0;0;0;0;0;0;0;0;0;0;0;0;0;0;0;0;0;0;0;0;0;0;0;0;0;0;0;0;0;0;0;0;0;0
25.01.2025;05:04;A162;1;0;0;0;0;0;0;0;0;0;100;0;100;0;0;0;0;0;0;;;;;;;0;0;0;0;0;0;0;0;0;0;0;0;0;0;0;0;0;0;0;0;0;0;0;0;0;0;0;0;0;0;0;0;0;0;0;0;0;0
25.01.2025;05:03;A162;1;0;0;0;0;0;0;0;0;0;100;0;100;0;0;0;0;0;0;;;;;;;0;0;0;0;0;0;0;0;0;0;0;0;0;0;0;0;0;0;0;0;0;0;0;0;0;0;0;0;0;0;0;0;0;0;0;0;0;0
25.01.2025;05:02;A162;1;0;0;0;0;0;0;1;3;0;100;0;100;0;0;0;0;0;0;;;;;;;0;0;0;0;0;0;0;0;0;0;0;0;0;0;0;0;0;0;0;0;0;0;0;0;0;0;0;0;0;0;0;0;0;0;0;0;0;0
25.01.2025;05:01;A162;1;0;0;0;0;0;0;0;0;0;100;0;100;0;0;0;0;0;0;;;;;;;0;0;0;0;0;0;0;0;0;0;0;0;0;0;0;0;0;0;0;0;0;0;0;0;0;0;0;0;0;0;0;0;0;0;0;0;0;0
25.01.2025;05:00;A162;1;1;0;0;0;3;4;3;14;0;100;0;100;0;0;0;0;0;0;;;;;;;0;0;0;0;0;0;0;0;0;0;0;0;0;0;0;0;0;0;0;0;0;0;0;0;0;0;0;0;0;0;0;0;0;0;0;0;0;0
25.01.2025;04:59;A162;1;0;0;0;0;0;0;0;0;0;100;0;100;0;0;0;0;0;0;;;;;;;0;0;0;0;0;0;0;0;0;0;0;0;0;0;0;0;0;0;0;0;0;0;0;0;0;0;0;0;0;0;0;0;0;0;0;0;0;0
25.01.2025;04:58;A162;1;0;0;0;0;0;0;0;0;0;100;0;100;0;2;0;0;1;15;;;;;;;0;0;0;0;0;0;0;0;0;0;0;0;0;0;0;0;0;0;0;0;0;0;0;0;0;0;0;0;0;0;0;0;0;0;0;0;1;6
25.01.2025;04:57;A162;1;0;0;0;0;0;0;1;2;0;100;0;100;1;5;0;0;0;0;;;;;;;0;0;0;0;0;0;0;0;0;0;0;0;0;0;0;0;0;0;0;0;0;0;0;0;0;0;0;0;0;0;0;0;0;0;0;0;0;0
25.01.2025;04:56;A162;1;2;1;0;0;2;15;1;4;0;100;0;100;0;0;0;0;0;0;;;;;;;0;0;0;0;0;0;0;0;0;0;0;0;0;0;0;0;0;0;0;0;0;0;0;0;0;0;0;0;0;0;0;0;0;0;0;0;0;0
25.01.2025;04:55;A162;1;1;2;1;8;0;0;1;3;0;100;0;100;0;0;0;0;0;23;;;;;;;0;0;0;0;0;0;0;0;0;0;0;0;0;0;0;0;0;0;0;0;0;0;0;0;0;0;0;0;0;0;0;0;0;0;0;0;0;0
25.01.2025;04:54;A162;1;0;0;0;0;1;1;1;5;0;100;0;100;0;0;0;88;1;93;;;;;;;0;0;0;0;0;0;0;0;0;0;0;0;0;0;0;0;0;0;0;0;0;0;0;0;0;0;0;0;0;0;0;0;0;0;1;88;1;75
25.01.2025;04:53;A162;1;0;0;0;0;0;0;0;0;0;100;0;100;0;0;0;100;0;100;;;;;;;0;0;0;0;0;0;0;0;0;0;0;0;0;0;0;0;0;0;0;0;0;0;0;0;0;0;0;0;0;0;0;0;0;0;0;100;0;100
25.01.2025;04:52;A162;1;0;0;0;0;0;0;1;2;0;100;0;100;1;4;1;75;1;52;;;;;;;0;0;0;0;0;0;0;0;0;0;0;0;0;0;0;0;0;0;0;0;0;0;0;0;0;0;0;0;0;0;0;0;0;0;1;83;1;58
25.01.2025;04:51;A162;1;1;7;1;6;0;0;1;5;0;100;0;100;1;3;0;0;0;0;;;;;;;0;0;0;0;0;0;0;0;0;0;0;0;0;0;0;0;0;0;0;0;0;0;0;0;0;0;0;0;0;0;0;0;0;0;0;0;0;0
25.01.2025;04:50;A162;1;0;0;0;0;0;0;1;4;0;100;0;100;1;2;0;0;1;47;;;;;;;0;0;0;0;0;0;0;0;0;0;0;0;0;0;0;0;0;0;1;2;1;2;0;0;0;0;0;0;0;0;0;0;0;0;0;0;2;5
25.01.2025;04:49;A162;1;0;0;0;0;0;0;0;0;0;100;0;100;0;0;1;9;0;0;;;;;;;0;0;0;0;0;0;0;0;0;0;0;0;0;0;0;0;1;2;0;0;0;0;0;0;0;0;0;0;0;0;0;0;0;0;2;9;0;0
25.01.2025;04:48;A162;1;1;4;1;9;0;0;0;0;0;100;0;100;0;0;0;0;0;0;;;;;;;0;0;0;0;0;0;0;0;0;0;0;0;0;0;0;0;0;0;0;0;0;0;0;0;0;0;0;0;0;0;0;0;0;0;0;0;0;0
25.01.2025;04:47;A162;1;0;0;1;6;0;0;0;0;0;100;0;100;0;0;0;0;0;0;;;;;;;0;0;0;0;0;0;0;0;0;0;0;0;0;0;0;0;0;0;0;0;0;0;0;0;0;0;0;0;0;0;0;0;0;0;0;0;0;0
25.01.2025;04:46;A162;1;0;0;0;0;0;0;0;2;0;100;0;100;0;4;0;0;0;0;;;;;;;0;0;0;0;0;0;0;0;0;0;0;0;0;0;0;0;0;0;0;0;0;0;0;0;0;0;0;0;0;0;0;0;0;0;0;0;0;0
25.01.2025;04:45;A162;1;1;4;1;8;0;0;1;3;0;100;0;100;1;1;0;0;0;0;;;;;;;0;0;0;0;0;0;0;0;0;0;0;0;0;0;0;0;0;0;0;0;0;0;0;0;0;0;0;0;0;0;0;0;0;0;0;0;0;0
25.01.2025;04:44;A162;1;0;0;0;0;1;15;1;6;0;100;0;100;0;0;0;0;0;0;;;;;;;0;0;0;0;0;0;0;0;0;0;0;0;0;0;0;0;0;0;1;2;1;2;0;0;0;0;0;0;0;0;0;0;0;0;0;0;0;0
25.01.2025;04:43;A162;1;0;0;0;0;0;0;0;0;0;100;0;100;0;0;0;0;1;39;;;;;;;0;0;0;0;0;0;0;0;0;0;0;0;0;0;0;0;1;2;0;0;0;0;0;0;0;0;0;0;0;0;0;0;0;0;0;0;1;3
25.01.2025;04:42;A162;1;2;25;1;13;1;0;1;4;0;100;0;100;0;0;0;0;0;0;;;;;;;0;0;0;0;0;0;0;0;0;0;0;0;0;0;0;0;0;0;0;0;0;0;0;0;0;0;0;0;0;0;0;0;0;0;0;0;0;0
25.01.2025;04:41;A162;1;0;0;1;1;0;0;0;0;0;100;0;100;0;0;1;11;0;0;;;;;;;0;0;0;0;0;0;0;0;0;0;0;0;0;0;0;0;0;0;0;0;0;0;0;0;0;0;0;0;0;0;0;0;0;0;2;7;0;0
25.01.2025;04:40;A162;1;0;0;0;0;1;0;1;3;0;100;0;100;0;0;0;0;0;0;;;;;;;0;0;0;0;1;2;0;0;0;0;0;0;0;0;0;0;0;0;0;0;0;0;0;0;0;0;0;0;0;0;0;0;0;0;0;0;0;0
25.01.2025;04:39;A162;1;2;9;1;18;1;1;1;9;0;100;0;100;1;5;0;0;0;0;;;;;;;1;2;1;2;0;0;0;0;0;0;0;0;0;0;0;0;0;0;0;0;0;0;0;0;0;0;0;0;0;0;0;0;0;0;0;0;0;0
25.01.2025;04:38;A162;1;0;0;0;0;0;0;0;0;0;100;0;100;0;0;0;0;0;0;;;;;;;0;0;0;0;0;0;0;0;0;0;0;0;0;0;0;0;0;0;0;0;0;0;0;0;0;0;0;0;0;0;0;0;0;0;0;0;0;0
25.01.2025;04:37;A162;1;0;0;0;0;0;0;0;0;0;100;0;100;0;0;0;0;0;0;;;;;;;0;0;0;0;0;0;0;0;0;0;0;0;0;0;0;0;0;0;0;0;0;0;0;0;0;0;0;0;0;0;0;0;0;0;0;0;0;0
25.01.2025;04:36;A162;1;1;14;3;17;0;0;0;0;0;100;0;100;0;0;0;0;0;0;;;;;;;0;0;0;0;0;0;0;0;0;0;0;0;0;0;0;0;0;0;0;0;0;0;0;0;0;0;0;0;0;0;0;0;0;0;0;0;0;0
25.01.2025;04:35;A162;1;1;7;1;7;0;0;0;0;0;100;0;100;0;0;0;0;0;0;;;;;;;0;0;0;0;0;0;0;0;0;0;0;0;0;0;0;0;0;0;0;0;0;0;0;0;0;0;0;0;0;0;0;0;0;0;0;0;0;0
25.01.2025;04:34;A162;1;0;0;0;0;1;1;0;0;0;100;0;100;0;0;0;0;0;0;;;;;;;0;0;0;0;0;0;0;0;0;0;0;0;0;0;0;0;0;0;0;0;0;0;0;0;0;0;0;0;0;0;0;0;0;0;0;0;0;0
25.01.2025;04:33;A162;1;1;5;1;7;0;0;0;0;0;100;0;100;0;0;0;0;0;0;;;;;;;0;0;0;0;0;0;0;0;0;0;0;0;0;0;0;0;0;0;0;0;0;0;0;0;0;0;0;0;0;0;0;0;0;0;0;0;0;0
25.01.2025;04:32;A162;1;0;0;0;0;0;0;0;0;0;100;0;100;0;0;2;33;0;0;;;;;;;0;0;0;0;0;0;0;0;0;0;0;0;0;0;0;0;0;0;0;0;0;0;0;0;0;0;0;0;0;0;0;0;0;0;2;35;0;0
25.01.2025;04:31;A162;1;0;0;0;0;0;0;0;0;0;100;0;100;0;0;2;5;2;5;;;;;;;0;0;0;0;0;0;0;0;0;0;0;0;0;0;0;0;0;0;0;0;0;0;0;0;0;0;0;0;0;0;0;0;0;0;2;11;0;3
25.01.2025;04:30;A162;1;1;3;1;8;0;0;0;0;0;100;0;100;0;0;0;0;1;48;;;;;;;0;0;0;0;0;0;0;0;0;0;0;0;0;0;0;0;0;0;0;0;0;0;0;0;0;0;0;0;0;0;0;0;0;0;2;40;1;52
25.01.2025;04:29;A162;1;1;6;0;3;0;0;0;0;0;100;0;100;0;0;0;0;0;0;;;;;;;0;0;0;0;0;0;0;0;0;0;0;0;0;0;0;0;0;0;0;0;0;0;0;0;0;0;0;0;0;0;0;0;0;0;0;0;0;0
25.01.2025;04:28;A162;1;0;0;2;7;0;0;1;4;0;100;0;100;0;0;0;0;0;0;;;;;;;0;0;0;0;0;0;0;0;0;0;0;0;0;0;0;0;0;0;0;0;0;0;0;0;0;0;0;0;0;0;0;0;0;0;0;0;0;0
25.01.2025;04:27;A162;1;0;0;0;0;0;0;0;0;0;100;0;100;0;0;0;0;0;0;;;;;;;0;0;0;0;0;0;0;0;0;0;0;0;0;0;0;0;0;0;0;0;0;0;0;0;0;0;0;0;0;0;0;0;0;0;0;0;0;0
25.01.2025;04:26;A162;1;0;0;0;0;0;0;1;3;0;100;0;100;2;5;0;0;0;0;;;;;;;0;0;0;0;0;0;0;0;0;0;0;0;0;0;0;0;0;0;0;0;0;0;0;0;0;0;0;0;0;0;0;0;0;0;0;0;0;0
25.01.2025;04:25;A162;1;0;0;0;0;0;0;0;0;0;100;0;100;0;0;0;0;0;0;;;;;;;0;0;0;0;0;0;0;0;0;0;0;0;0;0;0;0;0;0;0;0;0;0;0;0;0;0;0;0;0;0;0;0;0;0;0;0;0;0
25.01.2025;04:24;A162;1;1;10;3;16;0;0;0;0;0;100;0;100;0;0;0;0;0;0;;;;;;;1;2;1;2;1;2;0;0;0;0;0;0;0;0;0;0;0;0;0;0;0;0;0;0;0;0;0;0;0;0;0;0;0;0;0;0;0;0
25.01.2025;04:23;A162;1;0;0;0;0;1;1;1;5;0;100;0;100;0;0;0;0;2;15;;;;;;;0;0;0;0;0;0;0;0;0;0;0;0;0;0;0;0;0;0;0;0;0;0;0;0;0;0;0;0;0;0;0;0;0;0;0;0;2;9
25.01.2025;04:22;A162;1;2;22;1;35;0;0;0;0;0;100;0;100;0;0;0;0;0;0;;;;;;;0;0;0;0;0;0;0;0;0;0;0;0;0;0;0;0;0;0;0;0;0;0;0;0;0;0;0;0;0;0;0;0;0;0;0;0;0;0
25.01.2025;04:21;A162;1;2;9;1;12;0;0;0;0;0;100;0;100;0;0;0;0;1;16;;;;;;;0;0;0;0;0;0;0;0;0;0;0;0;0;0;0;0;0;0;0;0;0;0;0;0;0;0;0;0;0;0;0;0;0;0;0;0;1;3
25.01.2025;04:20;A162;1;0;0;0;0;0;0;0;0;0;100;0;100;0;0;0;0;1;42;;;;;;;0;0;0;0;0;0;0;0;0;0;0;0;0;0;0;0;0;0;1;2;1;2;0;0;0;0;0;0;0;0;0;0;0;0;0;0;1;2
25.01.2025;04:19;A162;1;1;3;0;3;0;0;0;0;0;100;0;100;0;0;0;0;0;0;;;;;;;0;0;0;0;0;0;0;0;0;0;0;0;0;0;0;0;1;2;0;0;0;0;0;0;0;0;0;0;0;0;0;0;0;0;0;0;0;0
25.01.2025;04:18;A162;1;0;0;1;4;1;0;1;4;0;100;0;100;0;0;0;0;0;0;;;;;;;0;0;0;0;0;0;0;0;0;0;0;0;0;0;0;0;0;0;0;0;0;0;0;0;0;0;0;0;0;0;0;0;0;0;0;0;0;0
25.01.2025;04:17;A162;1;0;0;0;0;0;0;0;0;0;100;0;100;0;0;1;10;0;0;;;;;;;0;0;0;0;0;0;0;0;0;0;0;0;0;0;0;0;0;0;0;0;0;0;0;0;0;0;0;0;0;0;0;0;0;0;1;6;0;0
25.01.2025;04:16;A162;1;0;0;0;0;0;0;1;3;0;100;0;100;1;3;0;0;0;0;;;;;;;0;0;0;0;0;0;0;0;0;0;0;0;0;0;0;0;0;0;0;0;0;0;0;0;0;0;0;0;0;0;0;0;0;0;0;0;0;0
25.01.2025;04:15;A162;1;1;2;0;0;0;0;0;0;0;100;0;100;0;0;0;0;0;0;;;;;;;0;0;0;0;0;0;0;0;0;0;0;0;0;0;0;0;0;0;0;0;0;0;0;0;0;0;0;0;0;0;0;0;0;0;0;0;0;0
25.01.2025;04:14;A162;1;2;21;2;23;0;0;0;0;0;100;0;100;0;0;0;0;0;0;;;;;;;0;0;0;0;0;0;0;0;0;0;0;0;0;0;0;0;0;0;0;0;0;0;0;0;0;0;0;0;0;0;0;0;0;0;0;0;0;0
25.01.2025;04:13;A162;1;1;2;1;6;0;0;0;0;0;100;0;100;0;2;0;0;1;17;;;;;;;0;0;0;0;0;0;0;0;0;0;0;0;0;0;0;0;0;0;0;0;0;0;0;0;0;0;0;0;0;0;0;0;0;0;0;0;1;4
25.01.2025;04:12;A162;1;0;0;1;9;1;1;1;5;0;100;0;100;1;2;0;0;0;0;;;;;;;0;0;0;0;0;0;0;0;0;0;0;0;0;0;0;0;0;0;0;0;0;0;0;0;0;0;0;0;0;0;0;0;0;0;0;0;0;0
25.01.2025;04:11;A162;1;4;10;1;8;0;0;1;5;0;100;0;100;0;0;0;0;0;0;;;;;;;0;0;0;0;0;0;0;0;0;0;0;0;0;0;0;0;0;0;0;0;0;0;0;0;0;0;0;0;0;0;0;0;0;0;0;0;0;0
25.01.2025;04:10;A162;1;0;0;1;10;0;0;0;0;0;100;0;100;0;0;0;0;0;0;;;;;;;0;0;0;0;0;0;0;0;0;0;0;0;0;0;0;0;0;0;0;0;0;0;0;0;0;0;0;0;0;0;0;0;0;0;0;0;0;0
25.01.2025;04:09;A162;1;2;10;2;14;0;0;0;0;0;100;0;100;0;0;0;0;0;7;;;;;;;1;2;1;2;1;2;0;0;0;0;0;0;0;0;0;0;0;0;0;0;0;0;0;0;0;0;0;0;0;0;0;0;0;0;0;0;0;0
25.01.2025;04:08;A162;1;0;0;1;4;0;0;0;0;0;100;0;100;0;0;0;0;1;3;;;;;;;0;0;0;0;0;0;0;0;0;0;0;0;0;0;0;0;0;0;0;0;0;0;0;0;0;0;0;0;0;0;0;0;0;0;0;0;1;7
25.01.2025;04:07;A162;1;0;0;0;0;0;0;0;0;0;100;0;100;0;0;0;0;0;0;;;;;;;0;0;0;0;0;0;0;0;0;0;0;0;0;0;0;0;0;0;0;0;0;0;0;0;0;0;0;0;0;0;0;0;0;0;0;0;0;0
25.01.2025;04:06;A162;1;0;0;0;0;1;1;1;6;0;100;0;100;0;0;0;0;0;0;;;;;;;0;0;0;0;0;0;0;0;0;0;0;0;0;0;0;0;0;0;0;0;0;0;0;0;0;0;0;0;0;0;0;0;0;0;0;0;0;0
25.01.2025;04:05;A162;1;0;0;0;0;0;0;0;0;0;100;0;100;0;0;1;8;0;0;;;;;;;0;0;0;0;0;0;0;0;0;0;0;0;0;0;0;0;0;0;0;0;0;0;0;0;0;0;0;0;0;0;0;0;0;0;1;6;0;0
25.01.2025;04:04;A162;1;1;3;1;8;0;0;1;4;0;100;0;100;0;0;0;0;0;0;;;;;;;0;0;0;0;0;0;0;0;0;0;0;0;0;0;0;0;0;0;0;0;0;0;0;0;0;0;0;0;0;0;0;0;0;0;0;0;0;0
25.01.2025;04:03;A162;1;0;0;0;0;0;0;0;0;0;100;0;100;0;0;0;0;0;0;;;;;;;0;0;0;0;0;0;0;0;0;0;0;0;0;0;0;0;0;0;0;0;0;0;0;0;0;0;0;0;0;0;0;0;0;0;0;0;0;0
25.01.2025;04:02;A162;1;0;0;0;0;0;0;0;0;0;100;0;100;0;0;0;0;0;0;;;;;;;0;0;0;0;0;0;0;0;0;0;0;0;0;0;0;0;0;0;0;0;0;0;0;0;0;0;0;0;0;0;0;0;0;0;0;0;0;0
25.01.2025;04:01;A162;1;0;0;0;4;0;0;1;5;0;100;0;100;0;0;0;0;0;0;;;;;;;0;0;0;0;0;0;0;0;0;0;0;0;0;0;0;0;0;0;0;0;0;0;0;0;0;0;0;0;0;0;0;0;0;0;0;0;0;0
25.01.2025;04:00;A162;1;1;2;2;8;0;0;0;0;0;100;0;100;0;0;0;0;0;0;;;;;;;0;0;0;0;0;0;0;0;0;0;0;0;0;0;0;0;0;0;0;0;0;0;0;0;0;0;0;0;0;0;0;0;0;0;0;0;0;0
25.01.2025;03:59;A162;1;0;0;1;6;0;0;0;0;0;100;0;100;0;0;0;0;0;0;;;;;;;0;0;0;0;0;0;0;0;0;0;0;0;0;0;0;0;0;0;0;0;0;0;0;0;0;0;0;0;0;0;0;0;0;0;0;0;0;0
25.01.2025;03:58;A162;1;0;0;0;0;0;0;0;0;0;100;0;100;0;0;0;0;0;0;;;;;;;0;0;0;0;0;0;0;0;0;0;0;0;0;0;0;0;0;0;0;0;0;0;0;0;0;0;0;0;0;0;0;0;0;0;0;0;0;0
25.01.2025;03:57;A162;1;0;0;0;0;0;0;0;0;0;100;0;100;0;0;0;0;0;0;;;;;;;0;0;0;0;0;0;0;0;0;0;0;0;0;0;0;0;0;0;0;0;0;0;0;0;0;0;0;0;0;0;0;0;0;0;0;0;0;0
25.01.2025;03:56;A162;1;0;0;0;0;0;0;0;0;0;100;0;100;0;0;0;0;0;0;;;;;;;0;0;0;0;0;0;0;0;0;0;0;0;0;0;0;0;0;0;0;0;0;0;0;0;0;0;0;0;0;0;0;0;0;0;0;0;0;0
25.01.2025;03:55;A162;1;2;2;0;0;0;0;0;0;0;100;0;100;1;2;0;0;0;0;;;;;;;0;0;0;0;0;0;0;0;0;0;0;0;0;0;0;0;0;0;0;0;0;0;0;0;0;0;0;0;0;0;0;0;0;0;0;0;0;0
25.01.2025;03:54;A162;1;0;0;0;0;0;0;1;5;0;100;0;100;1;7;0;0;0;0;;;;;;;0;0;0;0;0;0;0;0;0;0;0;0;0;0;0;0;0;0;0;0;0;0;0;0;0;0;0;0;0;0;0;0;0;0;0;0;0;0
25.01.2025;03:53;A162;1;1;0;0;0;0;0;0;0;0;100;0;100;1;5;0;0;0;0;;;;;;;0;0;0;0;0;0;0;0;0;0;0;0;0;0;0;0;0;0;0;0;0;0;0;0;0;0;0;0;0;0;0;0;0;0;0;0;0;0
25.01.2025;03:52;A162;1;1;1;1;6;1;0;1;5;0;100;0;100;0;0;0;0;0;0;;;;;;;0;0;0;0;0;0;0;0;0;0;0;0;0;0;0;0;0;0;0;0;0;0;0;0;0;0;0;0;0;0;0;0;0;0;0;0;0;0
25.01.2025;03:51;A162;1;0;0;0;0;1;1;1;5;0;100;0;100;0;0;0;0;0;0;;;;;;;0;0;0;0;0;0;0;0;0;0;0;0;0;0;0;0;0;0;0;0;0;0;0;0;0;0;0;0;0;0;0;0;0;0;0;0;0;0
25.01.2025;03:50;A162;1;0;0;0;0;0;0;0;0;0;100;0;100;0;0;0;0;0;0;;;;;;;0;0;0;0;0;0;0;0;0;0;0;0;0;0;0;0;1;2;1;2;1;2;0;0;0;0;0;0;0;0;0;0;0;0;0;0;0;0
25.01.2025;03:49;A162;1;1;5;1;13;0;0;0;0;0;100;0;100;0;0;0;0;0;0;;;;;;;0;0;0;0;0;0;0;0;0;0;0;0;0;0;0;0;0;0;0;0;0;0;0;0;0;0;0;0;0;0;0;0;0;0;0;0;0;0
25.01.2025;03:48;A162;1;2;2;0;5;0;0;0;0;0;100;0;100;0;0;0;0;0;0;;;;;;;0;0;0;0;0;0;0;0;0;0;0;0;0;0;0;0;0;0;0;0;0;0;0;0;0;0;0;0;0;0;0;0;0;0;0;0;0;0
25.01.2025;03:47;A162;1;0;0;1;1;0;0;0;0;0;100;0;100;0;0;1;42;0;0;;;;;;;0;0;0;0;0;0;0;0;0;0;0;0;0;0;0;0;0;0;0;0;0;0;0;0;0;0;0;0;0;0;0;0;0;0;0;23;0;0
25.01.2025;03:46;A162;1;1;8;1;7;0;0;0;0;0;100;0;100;0;0;0;0;0;0;;;;;;;0;0;0;0;0;0;0;0;0;0;0;0;0;0;0;0;0;0;0;0;0;0;0;0;0;0;0;0;0;0;0;0;0;0;1;1;0;0
25.01.2025;03:45;A162;1;0;0;0;0;0;0;0;0;0;100;0;100;0;0;0;0;0;0;;;;;;;0;0;0;0;0;0;0;0;0;0;0;0;0;0;0;0;0;0;0;0;0;0;0;0;0;0;0;0;0;0;0;0;0;0;0;0;0;0
25.01.2025;03:44;A162;1;0;0;0;0;0;0;1;6;0;100;0;100;1;4;0;0;0;0;;;;;;;0;0;0;0;0;0;0;0;0;0;0;0;0;0;0;0;0;0;1;2;1;2;0;0;0;0;0;0;0;0;0;0;0;0;0;0;0;0
25.01.2025;03:43;A162;1;0;0;0;0;0;0;0;0;0;100;0;100;0;0;0;0;0;0;;;;;;;0;0;0;0;0;0;0;0;0;0;0;0;0;0;0;0;1;2;0;0;0;0;0;0;0;0;0;0;0;0;0;0;0;0;0;0;0;0
25.01.2025;03:42;A162;1;0;0;0;0;0;0;0;0;0;100;0;100;0;0;0;0;0;0;;;;;;;0;0;0;0;0;0;0;0;0;0;0;0;0;0;0;0;0;0;0;0;0;0;0;0;0;0;0;0;0;0;0;0;0;0;0;0;0;0
25.01.2025;03:41;A162;1;0;0;0;0;0;0;0;0;0;100;0;100;0;0;0;0;0;0;;;;;;;0;0;0;0;0;0;0;0;0;0;0;0;0;0;0;0;0;0;0;0;0;0;0;0;0;0;0;0;0;0;0;0;0;0;0;0;0;0
25.01.2025;03:40;A162;1;0;0;0;0;1;0;2;4;0;100;0;100;0;0;0;0;0;0;;;;;;;0;0;0;0;0;0;0;0;0;0;0;0;0;0;0;0;0;0;0;0;0;0;0;0;0;0;0;0;0;0;0;0;0;0;0;0;0;0
25.01.2025;03:39;A162;1;0;0;0;0;0;0;0;0;0;100;0;100;0;0;0;0;0;0;;;;;;;0;0;0;0;0;0;0;0;0;0;0;0;0;0;0;0;0;0;0;0;0;0;0;0;0;0;0;0;0;0;0;0;0;0;0;0;0;0
25.01.2025;03:38;A162;1;0;0;0;0;0;0;1;5;0;100;0;100;0;0;0;0;0;0;;;;;;;0;0;0;0;0;0;0;0;0;0;0;0;0;0;0;0;0;0;0;0;0;0;0;0;0;0;0;0;0;0;0;0;0;0;0;0;0;0
25.01.2025;03:37;A162;1;0;0;0;0;0;0;0;0;0;100;0;100;0;0;0;0;0;0;;;;;;;0;0;0;0;0;0;0;0;0;0;0;0;0;0;0;0;0;0;0;0;0;0;0;0;0;0;0;0;0;0;0;0;0;0;0;0;0;0
25.01.2025;03:36;A162;1;0;0;0;0;0;0;0;0;0;100;0;100;0;0;0;30;0;28;;;;;;;0;0;0;0;0;0;0;0;0;0;0;0;0;0;0;0;0;0;0;0;0;0;0;0;0;0;0;0;0;0;0;0;0;0;0;28;0;0
25.01.2025;03:35;A162;1;1;7;1;6;0;0;0;0;0;100;0;100;0;0;1;2;1;52;;;;;;;0;0;0;0;0;0;0;0;0;0;0;0;0;0;0;0;0;0;0;0;0;0;0;0;0;0;0;0;0;0;0;0;0;0;1;13;1;7
25.01.2025;03:34;A162;1;1;2;1;6;0;0;0;0;0;100;0;100;0;0;0;0;0;0;;;;;;;0;0;0;0;0;0;0;0;0;0;0;0;0;0;0;0;0;0;0;0;0;0;0;0;0;0;0;0;0;0;0;0;0;0;0;0;0;0
25.01.2025;03:33;A162;1;0;0;0;0;0;0;0;0;0;100;0;100;0;0;0;0;1;13;;;;;;;0;0;0;0;0;0;0;0;0;0;0;0;0;0;0;0;0;0;0;0;0;0;0;0;0;0;0;0;0;0;0;0;0;0;0;0;2;7
25.01.2025;03:32;A162;1;1;0;1;11;0;0;0;0;0;100;0;100;0;0;1;41;0;0;;;;;;;0;0;0;0;0;0;0;0;0;0;0;0;0;0;0;0;0;0;0;0;0;0;0;0;0;0;0;0;0;0;0;0;0;0;1;7;0;0
25.01.2025;03:31;A162;1;0;0;0;0;0;0;0;0;0;100;0;100;0;0;0;0;1;27;;;;;;;0;0;0;0;0;0;0;0;0;0;0;0;0;0;0;0;0;0;0;0;0;0;0;0;0;0;0;0;0;0;0;0;0;0;0;0;1;3
25.01.2025;03:30;A162;1;1;9;1;4;0;0;0;0;0;100;0;100;0;0;0;0;1;16;;;;;;;0;0;0;0;0;0;0;0;0;0;0;0;0;0;0;0;0;0;0;0;0;0;0;0;0;0;0;0;0;0;0;0;0;0;0;0;1;5
25.01.2025;03:29;A162;1;0;0;0;0;0;0;0;0;0;100;0;100;0;0;0;0;1;9;;;;;;;0;0;0;0;0;0;0;0;0;0;0;0;0;0;0;0;0;0;0;0;0;0;0;0;0;0;0;0;0;0;0;0;0;0;0;0;1;4
25.01.2025;03:28;A162;1;0;0;0;0;0;0;0;0;0;100;0;100;0;0;0;0;0;0;;;;;;;0;0;0;0;0;0;0;0;0;0;0;0;0;0;0;0;0;0;0;0;0;0;0;0;0;0;0;0;0;0;0;0;0;0;0;0;0;0
25.01.2025;03:27;A162;1;0;0;0;0;0;0;0;0;0;100;0;100;0;0;0;0;0;0;;;;;;;0;0;0;0;0;0;0;0;0;0;0;0;0;0;0;0;0;0;0;0;0;0;0;0;0;0;0;0;0;0;0;0;0;0;0;0;0;0
25.01.2025;03:26;A162;1;1;4;3;10;0;0;0;0;0;100;0;100;0;0;0;0;0;0;;;;;;;0;0;0;0;0;0;0;0;0;0;0;0;0;0;0;0;0;0;0;0;0;0;0;0;0;0;0;0;0;0;0;0;0;0;0;0;0;0
25.01.2025;03:25;A162;1;0;0;0;0;1;0;0;0;0;100;0;100;0;0;0;0;0;0;;;;;;;0;0;1;2;1;2;0;0;0;0;0;0;0;0;0;0;0;0;0;0;0;0;0;0;0;0;0;0;0;0;0;0;0;0;0;0;0;0
25.01.2025;03:24;A162;1;2;20;6;28;0;0;0;0;0;100;0;100;0;0;0;0;0;0;;;;;;;1;2;0;0;0;0;0;0;0;0;0;0;0;0;0;0;0;0;0;0;0;0;0;0;0;0;0;0;0;0;0;0;0;0;0;0;0;0
25.01.2025;03:23;A162;1;0;0;0;0;0;0;0;0;0;100;0;100;0;0;0;0;1;11;;;;;;;0;0;0;0;0;0;0;0;0;0;0;0;0;0;0;0;0;0;0;0;0;0;0;0;0;0;0;0;0;0;0;0;0;0;0;0;1;12
25.01.2025;03:22;A162;1;0;0;0;0;0;0;0;0;0;100;0;100;0;0;0;0;1;4;;;;;;;0;0;0;0;0;0;0;0;0;0;0;0;0;0;0;0;0;0;0;0;0;0;0;0;0;0;0;0;0;0;0;0;0;0;0;0;1;2
25.01.2025;03:21;A162;1;1;8;1;6;1;0;1;5;0;100;0;100;0;0;0;0;0;0;;;;;;;0;0;0;0;0;0;0;0;0;0;0;0;0;0;0;0;0;0;0;0;0;0;0;0;0;0;0;0;0;0;0;0;0;0;0;0;0;0
25.01.2025;03:20;A162;1;1;7;1;5;0;0;0;0;0;100;0;100;0;0;0;0;0;0;;;;;;;0;0;0;0;0;0;0;0;0;0;0;0;0;0;0;0;0;0;0;0;0;0;0;0;0;0;0;0;0;0;0;0;0;0;0;0;0;0
25.01.2025;03:19;A162;1;1;20;0;4;0;0;0;0;0;100;0;100;0;0;0;0;1;12;;;;;;;0;0;0;0;0;0;0;0;0;0;0;0;0;0;0;0;0;0;0;0;0;0;0;0;0;0;0;0;0;0;0;0;0;0;0;0;0;3
25.01.2025;03:18;A162;1;0;0;1;2;0;0;1;4;0;100;0;100;0;0;0;0;1;2;;;;;;;0;0;0;0;0;0;0;0;0;0;0;0;0;0;0;0;0;0;0;0;0;0;0;0;0;0;0;0;0;0;0;0;0;0;0;0;1;5
25.01.2025;03:17;A162;1;1;2;1;6;0;0;0;0;0;100;0;100;0;0;0;0;0;0;;;;;;;0;0;0;0;0;0;0;0;0;0;0;0;0;0;0;0;0;0;0;0;0;0;0;0;0;0;0;0;0;0;0;0;0;0;0;0;0;0
25.01.2025;03:16;A162;1;0;0;0;0;1;0;1;4;0;100;0;100;0;0;0;0;0;0;;;;;;;0;0;0;0;0;0;0;0;0;0;0;0;0;0;0;0;0;0;0;0;0;0;0;0;0;0;0;0;0;0;0;0;0;0;0;0;0;0
25.01.2025;03:15;A162;1;1;6;1;7;0;0;0;0;0;100;0;100;0;0;0;0;0;0;;;;;;;0;0;0;0;0;0;0;0;0;0;0;0;0;0;0;0;0;0;0;0;0;0;0;0;0;0;0;0;0;0;0;0;0;0;0;0;0;0
25.01.2025;03:14;A162;1;0;0;0;0;0;0;0;0;0;100;0;100;0;0;0;0;0;0;;;;;;;0;0;0;0;0;0;0;0;0;0;0;0;0;0;0;0;0;0;0;0;0;0;0;0;0;0;0;0;0;0;0;0;0;0;0;0;0;0
25.01.2025;03:13;A162;1;0;0;0;0;0;0;0;0;0;100;0;100;0;0;0;0;0;0;;;;;;;0;0;0;0;0;0;0;0;0;0;0;0;0;0;0;0;0;0;0;0;0;0;0;0;0;0;0;0;0;0;0;0;0;0;0;0;0;0
25.01.2025;03:12;A162;1;0;0;0;0;0;0;0;0;0;100;0;100;0;0;0;0;0;0;;;;;;;0;0;0;0;0;0;0;0;0;0;0;0;0;0;0;0;0;0;0;0;0;0;0;0;0;0;0;0;0;0;0;0;0;0;0;0;0;0
25.01.2025;03:11;A162;1;1;7;1;4;0;0;0;0;0;100;0;100;0;0;0;0;0;0;;;;;;;0;0;0;0;0;0;0;0;0;0;0;0;0;0;0;0;0;0;0;0;0;0;0;0;0;0;0;0;0;0;0;0;0;0;0;0;0;0
25.01.2025;03:10;A162;1;0;0;0;0;0;0;1;6;0;100;0;100;0;0;0;0;0;0;;;;;;;0;0;0;0;0;0;0;0;0;0;0;0;0;0;0;0;0;0;0;0;0;0;0;0;0;0;0;0;0;0;0;0;0;0;0;0;0;0
25.01.2025;03:09;A162;1;0;0;0;0;1;1;0;4;0;100;0;100;0;0;0;0;0;0;;;;;;;0;0;0;0;0;0;0;0;0;0;0;0;0;0;0;0;0;0;0;0;0;0;0;0;0;0;0;0;0;0;0;0;0;0;0;0;0;0
25.01.2025;03:08;A162;1;0;0;0;0;1;0;2;4;0;100;0;100;0;0;0;0;0;0;;;;;;;0;0;0;0;0;0;0;0;0;0;0;0;0;0;0;0;0;0;0;0;0;0;0;0;0;0;0;0;0;0;0;0;0;0;0;0;0;0
25.01.2025;03:07;A162;1;0;0;0;0;0;0;0;0;0;100;0;100;0;0;0;0;0;0;;;;;;;0;0;0;0;0;0;0;0;0;0;0;0;0;0;0;0;0;0;0;0;0;0;0;0;0;0;0;0;0;0;0;0;0;0;0;0;0;0
25.01.2025;03:06;A162;1;0;0;0;0;0;0;0;0;0;100;0;100;0;0;0;0;0;0;;;;;;;0;0;0;0;0;0;0;0;0;0;0;0;0;0;0;0;0;0;0;0;0;0;0;0;0;0;0;0;0;0;0;0;0;0;0;0;0;0
25.01.2025;03:05;A162;1;0;0;0;0;0;0;0;0;0;100;0;100;0;0;0;0;0;0;;;;;;;0;0;0;0;0;0;0;0;0;0;0;0;0;0;0;0;0;0;0;0;0;0;0;0;0;0;0;0;0;0;0;0;0;0;0;0;0;0
25.01.2025;03:04;A162;1;0;0;0;0;0;0;0;0;0;100;0;100;0;0;1;1;1;14;;;;;;;0;0;0;0;0;0;0;0;0;0;0;0;0;0;0;0;0;0;0;0;0;0;0;0;0;0;0;0;0;0;0;0;0;0;1;4;1;4
25.01.2025;03:03;A162;1;0;0;0;0;0;0;0;0;0;100;0;100;0;0;0;0;0;0;;;;;;;0;0;0;0;0;0;0;0;0;0;0;0;0;0;0;0;0;0;0;0;0;0;0;0;0;0;0;0;0;0;0;0;0;0;0;0;0;0
25.01.2025;03:02;A162;1;1;2;1;9;0;0;0;0;0;100;0;100;0;0;0;0;0;0;;;;;;;0;0;0;0;0;0;0;0;0;0;0;0;0;0;0;0;0;0;0;0;0;0;0;0;0;0;0;0;0;0;0;0;0;0;0;0;0;0
25.01.2025;03:01;A162;1;0;0;0;0;0;0;0;0;0;100;0;100;1;4;0;0;0;0;;;;;;;0;0;0;0;0;0;0;0;0;0;0;0;0;0;0;0;0;0;0;0;0;0;0;0;0;0;0;0;0;0;0;0;0;0;0;0;0;0
25.01.2025;03:00;A162;1;0;0;0;0;0;0;0;0;0;100;0;100;0;0;0;0;0;0;;;;;;;0;0;0;0;0;0;0;0;0;0;0;0;0;0;0;0;0;0;0;0;0;0;0;0;0;0;0;0;0;0;0;0;0;0;0;0;0;0
25.01.2025;02:59;A162;1;0;0;0;0;0;0;0;0;0;100;0;100;0;0;0;0;1;13;;;;;;;0;0;0;0;0;0;0;0;0;0;0;0;0;0;0;0;0;0;0;0;0;0;0;0;0;0;0;0;0;0;0;0;0;0;0;0;1;4
25.01.2025;02:58;A162;1;0;0;0;0;0;0;0;0;0;100;0;100;0;0;0;0;0;0;;;;;;;0;0;0;0;0;0;0;0;0;0;0;0;0;0;0;0;0;0;0;0;0;0;0;0;0;0;0;0;0;0;0;0;0;0;0;0;0;0
25.01.2025;02:57;A162;1;0;0;0;0;0;0;0;0;0;100;0;100;0;0;0;8;1;1;;;;;;;0;0;0;0;0;0;0;0;0;0;0;0;0;0;0;0;0;0;0;0;0;0;0;0;0;0;0;0;0;0;0;0;0;0;0;0;1;2
25.01.2025;02:56;A162;1;0;0;0;0;0;0;0;0;0;100;0;100;0;0;1;5;0;0;;;;;;;0;0;0;0;0;0;0;0;0;0;0;0;0;0;0;0;0;0;0;0;0;0;0;0;0;0;0;0;0;0;0;0;0;0;2;6;0;0
25.01.2025;02:55;A162;1;0;38;0;0;0;0;0;0;0;100;0;100;0;0;0;0;0;0;;;;;;;0;0;0;0;0;0;0;0;0;0;0;0;0;0;0;0;0;0;0;0;0;0;0;0;0;0;0;0;0;0;0;0;0;0;0;0;0;0
25.01.2025;02:54;A162;1;2;17;3;13;0;0;0;0;0;100;0;100;0;0;1;8;0;0;;;;;;;0;0;0;0;0;0;0;0;0;0;0;0;0;0;0;0;0;0;0;0;0;0;0;0;0;0;0;0;0;0;0;0;0;0;1;9;0;0
25.01.2025;02:53;A162;1;0;0;0;0;0;0;0;0;0;100;0;100;0;0;0;36;0;0;;;;;;;0;0;0;0;0;0;0;0;0;0;0;0;0;0;0;0;0;0;0;0;0;0;0;0;0;0;0;0;0;0;0;0;0;0;0;0;0;0
25.01.2025;02:52;A162;1;1;25;1;10;0;0;0;0;0;100;0;100;0;0;1;12;0;0;;;;;;;0;0;0;0;0;0;0;0;0;0;0;0;0;0;0;0;0;0;0;0;0;0;0;0;0;0;0;0;0;0;0;0;0;0;2;4;0;0
25.01.2025;02:51;A162;1;1;1;0;0;1;0;1;3;0;100;0;100;0;0;0;0;0;0;;;;;;;0;0;0;0;0;0;0;0;0;0;0;0;0;0;0;0;0;0;0;0;0;0;0;0;0;0;0;0;0;0;0;0;0;0;0;0;0;0
25.01.2025;02:50;A162;1;1;2;1;9;0;0;1;4;0;100;0;100;1;6;0;0;0;0;;;;;;;0;0;0;0;0;0;0;0;0;0;0;0;0;0;0;0;0;0;0;0;0;0;0;0;0;0;0;0;0;0;0;0;0;0;0;0;0;0
25.01.2025;02:49;A162;1;1;2;1;9;2;1;2;7;0;100;0;100;0;0;0;0;0;0;;;;;;;0;0;0;0;0;0;0;0;0;0;0;0;0;0;0;0;0;0;0;0;0;0;0;0;0;0;0;0;0;0;0;0;0;0;0;0;0;0
25.01.2025;02:48;A162;1;0;0;0;0;1;1;1;4;0;100;0;100;0;0;0;0;0;0;;;;;;;0;0;0;0;0;0;0;0;0;0;0;0;0;0;0;0;0;0;0;0;0;0;0;0;0;0;0;0;0;0;0;0;0;0;0;0;0;0
25.01.2025;02:47;A162;1;2;15;2;10;0;0;0;0;0;100;0;100;0;0;0;68;0;0;;;;;;;0;0;0;0;0;0;0;0;0;0;0;0;0;0;0;0;0;0;0;0;0;0;0;0;0;0;0;0;0;0;0;0;0;0;0;0;0;0
25.01.2025;02:46;A162;1;1;22;1;6;0;0;0;0;0;100;0;100;0;0;1;15;0;0;;;;;;;0;0;0;0;0;0;0;0;0;0;0;0;0;0;0;0;0;0;1;2;1;2;0;0;0;0;0;0;0;0;0;0;0;0;1;7;0;0
25.01.2025;02:45;A162;1;1;30;3;34;1;1;1;5;0;100;0;100;0;0;0;0;0;0;;;;;;;0;0;0;0;0;0;0;0;0;0;0;0;0;0;0;0;1;2;0;0;0;0;0;0;0;0;0;0;0;0;0;0;0;0;0;0;0;0
25.01.2025;02:44;A162;1;1;4;1;6;0;0;0;0;0;100;0;100;0;0;0;0;0;0;;;;;;;0;0;0;0;0;0;0;0;0;0;0;0;0;0;0;0;0;0;0;0;0;0;0;0;0;0;0;0;0;0;0;0;0;0;0;0;0;0
25.01.2025;02:43;A162;1;2;3;1;7;0;0;0;0;0;100;0;100;0;0;0;0;0;0;;;;;;;0;0;0;0;0;0;0;0;0;0;0;0;0;0;0;0;0;0;0;0;0;0;0;0;0;0;0;0;0;0;0;0;0;0;0;0;0;0
25.01.2025;02:42;A162;1;1;1;1;6;0;0;0;0;0;100;0;100;0;0;0;0;0;0;;;;;;;0;0;0;0;0;0;0;0;0;0;0;0;0;0;0;0;0;0;0;0;0;0;0;0;0;0;0;0;0;0;0;0;0;0;0;0;0;0
25.01.2025;02:41;A162;1;1;23;2;19;0;0;1;1;0;100;0;100;1;1;1;15;0;0;;;;;;;0;0;0;0;0;0;0;0;0;0;0;0;0;0;0;0;0;0;0;0;0;0;0;0;0;0;0;0;0;0;0;0;0;0;1;2;0;0
25.01.2025;02:40;A162;1;0;0;1;5;1;0;1;3;0;100;0;100;0;0;0;0;1;16;;;;;;;0;0;0;0;0;0;0;0;0;0;0;0;0;0;0;0;0;0;0;0;0;0;0;0;0;0;0;0;0;0;0;0;0;0;0;0;1;4
25.01.2025;02:39;A162;1;0;0;0;0;2;1;2;10;0;100;0;100;1;7;0;0;0;0;;;;;;;0;0;0;0;0;0;0;0;0;0;0;0;0;0;0;0;0;0;0;0;0;0;0;0;0;0;0;0;0;0;0;0;0;0;0;0;0;0
25.01.2025;02:38;A162;1;3;6;1;20;0;0;0;0;0;100;0;100;0;0;0;0;0;0;;;;;;;1;2;1;2;1;2;0;0;0;0;0;0;0;0;0;0;0;0;0;0;0;0;0;0;0;0;0;0;0;0;0;0;0;0;0;0;0;0
25.01.2025;02:37;A162;1;0;0;0;0;1;2;0;0;0;100;0;100;0;0;1;9;0;0;;;;;;;0;0;0;0;0;0;0;0;0;0;0;0;0;0;0;0;0;0;0;0;0;0;0;0;0;0;0;0;0;0;0;0;0;0;2;11;0;0
25.01.2025;02:36;A162;1;0;0;0;0;0;0;2;10;0;100;0;100;0;0;0;0;1;3;;;;;;;0;0;0;0;0;0;0;0;0;0;0;0;0;0;0;0;0;0;0;0;0;0;0;0;0;0;0;0;0;0;0;0;0;0;0;0;1;3
25.01.2025;02:35;A162;1;2;4;1;6;0;0;0;0;0;100;0;100;0;0;0;0;0;0;;;;;;;0;0;0;0;0;0;0;0;0;0;0;0;0;0;0;0;0;0;0;0;0;0;0;0;0;0;0;0;0;0;0;0;0;0;0;0;0;0
25.01.2025;02:34;A162;1;0;0;0;0;0;0;0;0;0;100;0;100;0;0;0;4;0;0;;;;;;;0;0;0;0;0;0;0;0;0;0;0;0;0;0;0;0;0;0;0;0;0;0;0;0;0;0;0;0;0;0;0;0;0;0;0;0;0;0
25.01.2025;02:33;A162;1;0;0;0;0;0;0;0;0;0;100;0;100;0;0;1;5;0;0;;;;;;;0;0;0;0;0;0;0;0;0;0;0;0;0;0;0;0;0;0;0;0;0;0;0;0;0;0;0;0;0;0;0;0;0;0;1;9;0;0
25.01.2025;02:32;A162;1;0;0;1;3;0;0;0;0;0;100;0;100;0;0;0;0;0;0;;;;;;;0;0;0;0;0;0;0;0;0;0;0;0;0;0;0;0;0;0;0;0;0;0;0;0;0;0;0;0;0;0;0;0;0;0;0;0;0;0
25.01.2025;02:31;A162;1;0;4;0;0;0;0;0;0;0;100;0;100;0;0;0;0;0;0;;;;;;;0;0;0;0;0;0;0;0;0;0;0;0;0;0;0;0;0;0;0;0;0;0;0;0;0;0;0;0;0;0;0;0;0;0;0;0;0;0
25.01.2025;02:30;A162;1;1;11;1;8;0;0;0;0;0;100;0;100;0;0;0;9;2;17;;;;;;;0;0;0;0;0;0;0;0;0;0;0;0;0;0;0;0;0;0;0;0;0;0;0;0;0;0;0;0;0;0;0;0;0;0;0;0;1;6
25.01.2025;02:29;A162;1;0;0;0;0;0;0;2;3;0;100;0;100;2;2;1;1;0;0;;;;;;;0;0;0;0;0;0;0;0;0;0;0;0;0;0;0;0;0;0;0;0;0;0;0;0;0;0;0;0;0;0;0;0;0;0;2;5;0;0
25.01.2025;02:28;A162;1;0;1;0;0;0;0;0;0;0;100;0;100;0;0;0;0;1;45;;;;;;;0;0;0;0;0;0;0;0;0;0;0;0;0;0;0;0;0;0;0;0;0;0;0;0;0;0;0;0;0;0;0;0;0;0;0;0;1;3
25.01.2025;02:27;A162;1;1;3;1;7;0;0;0;0;0;100;0;100;0;0;0;0;0;0;;;;;;;0;0;0;0;0;0;0;0;0;0;0;0;0;0;0;0;0;0;0;0;0;0;0;0;0;0;0;0;0;0;0;0;0;0;0;0;0;0
25.01.2025;02:26;A162;1;0;0;0;0;1;0;1;3;0;100;0;100;1;1;0;0;0;0;;;;;;;0;0;0;0;0;0;0;0;0;0;0;0;0;0;0;0;0;0;0;0;0;0;0;0;0;0;0;0;0;0;0;0;0;0;0;0;0;0
25.01.2025;02:25;A162;1;0;0;1;4;0;0;0;0;0;100;0;100;0;0;0;0;0;0;;;;;;;0;0;0;0;0;0;0;0;0;0;0;0;0;0;0;0;0;0;0;0;0;0;0;0;0;0;0;0;0;0;0;0;0;0;0;0;0;0
25.01.2025;02:24;A162;1;1;18;1;8;2;2;2;12;0;100;0;100;0;0;1;10;0;0;;;;;;;0;0;0;0;0;0;0;0;0;0;0;0;0;0;0;0;0;0;0;0;0;0;0;0;0;0;0;0;0;0;0;0;0;0;2;11;0;0
25.01.2025;02:23;A162;1;1;25;1;8;0;0;0;0;0;100;0;100;0;0;0;0;1;21;;;;;;;0;0;0;0;0;0;0;0;0;0;0;0;0;0;0;0;0;0;0;0;0;0;0;0;0;0;0;0;0;0;0;0;0;0;0;0;1;2
25.01.2025;02:22;A162;1;2;4;1;14;1;1;2;10;0;100;0;100;1;6;0;0;1;85;;;;;;;0;0;0;0;0;0;0;0;0;0;0;0;0;0;0;0;0;0;1;2;1;2;0;0;0;0;0;0;0;0;0;0;0;0;0;0;2;7
25.01.2025;02:21;A162;1;0;0;0;0;1;1;1;5;0;100;0;100;0;0;0;0;0;0;;;;;;;0;0;0;0;0;0;0;0;0;0;0;0;0;0;0;0;1;2;0;0;0;0;0;0;0;0;0;0;0;0;0;0;0;0;0;0;0;0
25.01.2025;02:20;A162;1;0;0;0;0;0;0;0;0;0;100;0;100;0;0;0;0;0;0;;;;;;;0;0;0;0;0;0;0;0;0;0;0;0;0;0;0;0;0;0;0;0;0;0;0;0;0;0;0;0;0;0;0;0;0;0;0;0;0;0
25.01.2025;02:19;A162;1;1;8;0;0;0;0;1;4;0;100;0;100;0;0;0;0;0;0;;;;;;;0;0;0;0;0;0;0;0;0;0;0;0;0;0;0;0;0;0;0;0;0;0;0;0;0;0;0;0;0;0;0;0;0;0;0;0;0;0
25.01.2025;02:18;A162;1;0;0;1;7;0;0;0;0;0;100;0;100;0;0;0;0;0;0;;;;;;;0;0;0;0;0;0;0;0;0;0;0;0;0;0;0;0;0;0;0;0;0;0;0;0;0;0;0;0;0;0;0;0;0;0;0;0;0;0
25.01.2025;02:17;A162;1;0;0;0;0;0;0;0;0;0;100;0;100;0;0;0;0;1;14;;;;;;;0;0;0;0;0;0;0;0;0;0;0;0;0;0;0;0;0;0;0;0;0;0;0;0;0;0;0;0;0;0;0;0;0;0;0;0;1;4
25.01.2025;02:16;A162;1;1;1;1;8;0;0;0;0;0;100;0;100;0;0;0;0;0;0;;;;;;;0;0;0;0;0;0;0;0;0;0;0;0;0;0;0;0;0;0;0;0;0;0;0;0;0;0;0;0;0;0;0;0;0;0;0;0;0;0
25.01.2025;02:15;A162;1;0;0;0;0;1;0;1;4;0;100;0;100;0;0;0;0;0;0;;;;;;;0;0;0;0;0;0;0;0;0;0;0;0;0;0;0;0;0;0;0;0;0;0;0;0;0;0;0;0;0;0;0;0;0;0;0;0;0;0
25.01.2025;02:14;A162;1;1;4;2;12;0;0;0;0;0;100;0;100;0;0;0;0;0;0;;;;;;;0;0;0;0;0;0;0;0;0;0;0;0;0;0;0;0;0;0;0;0;0;0;0;0;0;0;0;0;0;0;0;0;0;0;0;0;0;0
25.01.2025;02:13;A162;1;0;0;0;0;0;0;0;0;0;100;0;100;0;0;0;0;0;0;;;;;;;0;0;0;0;0;0;0;0;0;0;0;0;0;0;0;0;0;0;0;0;0;1;0;0;0;0;0;0;0;0;0;0;0;0;0;0;0;0
25.01.2025;02:12;A162;1;0;0;1;1;0;0;0;0;0;100;0;100;0;0;0;0;0;0;;;;;;;0;0;0;0;0;0;0;0;0;0;0;0;0;0;0;0;1;2;1;2;1;1;0;0;0;0;0;0;0;0;0;0;0;0;0;0;0;0
25.01.2025;02:11;A162;1;2;8;3;25;0;0;0;1;0;100;0;100;0;0;0;0;0;0;;;;;;;1;2;1;2;1;2;0;0;0;0;0;0;0;0;0;0;0;0;0;0;0;0;0;0;0;0;0;0;0;0;0;0;0;0;0;0;0;0
25.01.2025;02:10;A162;1;1;8;1;15;0;0;1;3;0;100;0;100;0;0;1;2;1;1;;;;;;;1;2;1;2;1;2;0;0;0;0;0;0;0;0;0;0;0;0;0;0;0;0;0;0;0;0;0;0;0;0;0;0;0;0;1;9;0;0
25.01.2025;02:09;A162;1;0;0;0;0;0;0;0;0;0;100;0;100;0;0;0;0;0;0;;;;;;;0;0;0;0;0;0;0;0;0;0;0;0;0;0;0;0;0;0;0;0;0;0;0;0;0;0;0;0;0;0;0;0;0;0;0;0;0;0
25.01.2025;02:08;A162;1;0;0;0;0;0;0;0;0;0;100;0;100;0;0;0;0;0;0;;;;;;;0;0;0;0;0;0;0;0;0;0;0;0;0;0;0;0;0;0;0;0;0;0;0;0;0;0;0;0;0;0;0;0;0;0;0;0;0;0
25.01.2025;02:07;A162;1;0;0;0;0;0;0;0;0;0;100;0;100;0;0;0;0;0;0;;;;;;;0;0;0;0;0;0;0;0;0;0;0;0;0;0;0;0;0;0;0;0;0;0;0;0;0;0;0;0;0;0;0;0;0;0;0;0;0;0
25.01.2025;02:06;A162;1;1;9;3;16;0;0;2;6;0;100;0;100;4;32;0;0;0;0;;;;;;;1;2;1;2;1;2;0;0;0;0;0;0;0;0;0;0;0;0;0;0;0;0;0;0;0;0;0;0;0;0;0;0;0;0;0;0;0;0
25.01.2025;02:05;A162;1;0;0;0;0;1;1;1;4;0;100;0;100;0;0;0;0;0;1;;;;;;;0;0;0;0;0;0;0;0;0;0;0;0;0;0;0;0;0;0;0;0;0;0;0;0;0;0;0;0;0;0;0;0;0;0;0;0;0;0
25.01.2025;02:04;A162;1;2;3;2;13;0;0;0;0;0;100;0;100;0;0;0;0;1;16;;;;;;;0;0;0;0;0;0;0;0;0;0;0;0;0;0;0;0;0;0;0;0;0;0;0;0;0;0;0;0;0;0;0;0;0;0;0;0;1;2
25.01.2025;02:03;A162;1;0;0;1;6;1;1;1;6;0;100;0;100;1;5;0;0;0;0;;;;;;;0;0;0;0;0;0;0;0;0;0;0;0;0;0;0;0;0;0;0;0;0;0;0;0;0;0;0;0;0;0;0;0;0;0;0;0;0;0
25.01.2025;02:02;A162;1;0;0;1;7;0;0;0;0;0;100;0;100;0;0;0;13;0;0;;;;;;;0;0;0;0;0;0;0;0;0;0;0;0;0;0;0;0;0;0;0;0;0;0;0;0;0;0;0;0;0;0;0;0;0;0;0;0;0;0
25.01.2025;02:01;A162;1;1;6;1;7;2;1;2;11;0;100;0;100;0;0;1;22;0;0;;;;;;;0;0;0;0;0;0;0;0;0;0;0;0;0;0;0;0;0;0;0;0;0;0;0;0;0;0;0;0;0;0;0;0;0;0;1;6;0;0
25.01.2025;02:00;A162;1;0;0;0;0;0;0;0;0;0;100;0;100;1;2;0;0;0;0;;;;;;;0;0;0;0;0;0;0;0;0;0;0;0;0;0;0;0;0;0;0;0;0;0;0;0;0;0;0;0;0;0;0;0;0;0;0;0;0;0
25.01.2025;01:59;A162;1;1;1;1;6;1;1;2;7;0;100;0;100;0;0;0;0;0;0;;;;;;;0;0;0;0;0;0;0;0;0;0;0;0;0;0;0;0;0;0;0;0;0;0;0;0;0;0;0;0;0;0;0;0;0;0;0;0;0;0
25.01.2025;01:58;A162;1;0;0;0;0;1;1;3;10;0;100;0;100;0;0;1;8;0;0;;;;;;;0;0;0;0;0;0;0;0;0;0;0;0;0;0;0;0;0;0;0;0;0;0;0;0;0;0;0;0;0;0;0;0;0;0;1;5;0;0
25.01.2025;01:57;A162;1;0;0;0;0;0;0;1;3;0;100;0;100;0;0;0;0;0;0;;;;;;;0;0;0;0;0;0;0;0;0;0;0;0;0;0;0;0;0;0;0;0;0;0;0;0;0;0;0;0;0;0;0;0;0;0;0;0;0;0
25.01.2025;01:56;A162;1;2;3;3;20;0;0;0;0;0;100;0;100;0;0;1;0;0;0;;;;;;;0;0;0;0;0;0;0;0;0;0;0;0;0;0;0;0;0;0;0;0;0;0;0;0;0;0;0;0;0;0;0;0;0;0;1;2;0;0
25.01.2025;01:55;A162;1;0;0;0;0;1;6;3;13;0;100;0;100;0;0;0;0;1;7;;;;;;;0;0;0;0;0;0;0;0;0;0;0;0;0;0;0;0;0;0;0;0;0;0;0;0;0;0;0;0;0;0;0;0;0;0;1;1;1;2
25.01.2025;01:54;A162;1;0;0;0;0;0;0;0;0;0;100;0;100;0;0;1;12;1;5;;;;;;;0;0;0;0;0;0;0;0;0;0;0;0;0;0;0;0;0;0;0;0;0;0;0;0;0;0;0;0;0;0;0;0;0;0;1;6;1;7
25.01.2025;01:53;A162;1;1;6;1;7;0;0;1;4;0;100;0;100;0;0;0;0;0;0;;;;;;;0;0;0;0;0;0;0;0;0;0;0;0;0;0;0;0;0;0;0;0;0;0;0;0;0;0;0;0;0;0;0;0;0;0;0;0;0;0
25.01.2025;01:52;A162;1;0;0;0;0;0;0;1;2;0;100;0;100;1;4;0;0;1;15;;;;;;;0;0;0;0;0;0;0;0;0;0;0;0;0;0;0;0;0;0;0;0;0;0;0;0;0;0;0;0;0;0;0;0;0;0;0;0;1;2
25.01.2025;01:51;A162;1;0;0;0;0;0;0;0;0;0;100;0;100;0;0;0;0;0;0;;;;;;;0;0;0;0;0;0;0;0;0;0;0;0;0;0;0;0;0;0;0;0;0;0;0;0;0;0;0;0;0;0;0;0;0;0;0;0;0;0
25.01.2025;01:50;A162;1;2;14;1;4;0;0;0;0;0;100;0;100;0;0;0;0;0;0;;;;;;;0;0;0;0;0;0;0;0;0;0;0;0;0;0;0;0;0;0;0;0;0;0;0;0;0;0;0;0;0;0;0;0;0;0;0;0;0;0
25.01.2025;01:49;A162;1;0;0;1;6;1;1;1;4;0;100;0;100;0;0;1;7;0;0;;;;;;;0;0;0;0;0;0;0;0;0;0;0;0;0;0;0;0;0;0;0;0;0;0;0;0;0;0;0;0;0;0;0;0;0;0;1;11;0;0
25.01.2025;01:48;A162;1;0;0;0;0;0;0;0;0;0;100;0;100;0;0;0;0;0;0;;;;;;;0;0;0;0;0;0;0;0;0;0;0;0;0;0;0;0;0;0;0;0;0;0;0;0;0;0;0;0;0;0;0;0;0;0;1;4;0;0
25.01.2025;01:47;A162;1;0;0;0;0;0;0;0;0;0;100;0;100;0;0;0;0;0;0;;;;;;;0;0;0;0;0;0;0;0;0;0;0;0;0;0;0;0;0;0;0;0;0;0;0;0;0;0;0;0;0;0;0;0;0;0;0;0;0;0
25.01.2025;01:46;A162;1;2;6;2;11;3;2;3;13;0;100;0;100;0;0;0;0;0;0;;;;;;;0;0;0;0;0;0;0;0;0;0;0;0;0;0;0;0;0;0;0;0;0;0;0;0;0;0;0;0;0;0;0;0;0;0;0;0;0;0
25.01.2025;01:45;A162;1;1;3;1;10;1;16;1;6;0;100;0;100;0;0;1;20;1;58;;;;;;;0;0;0;0;0;0;0;0;0;0;0;0;0;0;0;0;0;0;1;2;2;3;0;0;0;0;0;0;0;0;0;0;0;0;1;5;1;2
25.01.2025;01:44;A162;1;0;0;0;0;2;1;2;10;0;100;0;100;2;3;0;0;0;0;;;;;;;0;0;0;0;0;0;0;0;0;0;0;0;0;0;0;0;2;3;1;2;0;0;0;0;0;0;0;0;0;0;0;0;0;0;0;0;0;0
25.01.2025;01:43;A162;1;0;0;0;0;1;0;2;6;0;100;0;100;0;0;0;0;1;38;;;;;;;0;0;0;0;0;0;0;0;0;0;0;0;0;0;0;0;0;0;0;0;0;0;0;0;0;0;0;0;0;0;0;0;0;0;1;1;1;2
25.01.2025;01:42;A162;1;2;6;2;16;0;0;0;0;0;100;0;100;0;0;0;13;0;0;;;;;;;0;0;0;0;0;0;0;0;0;0;0;0;0;0;0;0;0;0;0;0;0;0;0;0;0;0;0;0;0;0;0;0;0;0;0;0;0;0
25.01.2025;01:41;A162;1;1;13;1;6;0;0;0;0;0;100;0;100;0;0;1;20;0;0;;;;;;;0;0;0;0;0;0;0;0;0;0;0;0;0;0;0;0;0;0;0;0;0;0;0;0;0;0;0;0;0;0;0;0;0;0;2;7;0;0
25.01.2025;01:40;A162;1;0;0;1;7;0;0;0;0;0;100;0;100;0;0;0;0;0;46;;;;;;;0;0;0;0;0;0;0;0;0;0;0;0;0;0;0;0;0;0;0;0;0;0;0;0;0;0;0;0;0;0;0;0;0;0;0;0;0;0
25.01.2025;01:39;A162;1;2;11;4;22;2;1;2;9;0;100;0;100;0;0;0;0;1;0;;;;;;;0;0;1;2;1;2;0;0;0;0;0;0;0;0;0;0;0;0;0;0;0;0;0;0;0;0;0;0;0;0;0;0;0;0;0;0;1;2
25.01.2025;01:38;A162;1;2;32;1;16;0;0;0;0;0;100;0;100;0;0;0;0;0;0;;;;;;;1;2;1;2;1;2;0;0;0;0;0;0;0;0;0;0;0;0;0;0;0;0;0;0;0;0;0;0;0;0;0;0;0;0;0;0;0;0
25.01.2025;01:37;A162;1;4;7;2;17;1;1;1;6;0;100;0;100;0;0;0;0;0;0;;;;;;;1;2;0;0;0;0;0;0;0;0;0;0;0;0;0;0;0;0;0;0;0;0;0;0;0;0;0;0;0;0;0;0;0;0;0;0;0;0
25.01.2025;01:36;A162;1;0;0;1;9;0;0;0;0;0;100;0;100;0;0;0;0;0;0;;;;;;;0;0;0;0;0;0;0;0;0;0;0;0;0;0;0;0;0;0;0;0;0;0;0;0;0;0;0;0;0;0;0;0;0;0;0;0;0;0
25.01.2025;01:35;A162;1;0;0;1;6;0;0;1;2;0;100;0;100;1;7;0;0;0;0;;;;;;;0;0;0;0;0;0;0;0;0;0;0;0;0;0;0;0;0;0;0;0;0;0;0;0;0;0;0;0;0;0;0;0;0;0;0;0;0;0
25.01.2025;01:34;A162;1;1;2;2;8;1;15;1;5;0;100;0;100;0;0;0;0;1;20;;;;;;;0;0;0;0;0;0;0;0;0;0;0;0;0;0;0;0;0;0;0;0;0;0;0;0;0;0;0;0;0;0;0;0;0;0;0;0;1;4
25.01.2025;01:33;A162;1;2;2;1;9;0;0;0;0;0;100;0;100;0;0;0;0;0;0;;;;;;;0;0;0;0;0;0;0;0;0;0;0;0;0;0;0;0;0;0;0;0;0;0;0;0;0;0;0;0;0;0;0;0;0;0;0;0;0;0
25.01.2025;01:32;A162;1;0;0;0;0;1;1;0;5;0;100;0;100;0;0;0;0;0;0;;;;;;;0;0;0;0;0;0;0;0;0;0;0;0;0;0;0;0;0;0;0;0;0;0;0;0;0;0;0;0;0;0;0;0;0;0;0;0;0;0
25.01.2025;01:31;A162;1;2;6;1;9;2;1;2;8;0;100;0;100;0;0;0;0;0;0;;;;;;;0;0;0;0;0;0;0;0;0;0;0;0;0;0;0;0;0;0;0;0;0;0;0;0;0;0;0;0;0;0;0;0;0;0;0;0;0;0
25.01.2025;01:30;A162;1;1;7;2;13;2;1;1;4;0;100;0;100;0;0;1;13;0;0;;;;;;;0;0;0;0;0;0;0;0;0;0;0;0;0;0;0;0;0;0;0;0;0;0;0;0;0;0;0;0;0;0;0;0;0;0;2;5;0;0
25.01.2025;01:29;A162;1;0;0;0;0;2;1;1;8;0;100;0;100;0;0;0;0;0;0;;;;;;;0;0;0;0;0;0;0;0;0;0;0;0;0;0;0;0;0;0;0;0;0;0;0;0;0;0;0;0;0;0;0;0;0;0;0;0;0;0
25.01.2025;01:28;A162;1;0;0;0;0;0;0;1;5;0;100;0;100;0;0;0;0;1;7;;;;;;;0;0;0;0;0;0;0;0;0;0;0;0;0;0;0;0;0;0;0;0;0;0;0;0;0;0;0;0;0;0;0;0;0;0;1;4;1;6
25.01.2025;01:27;A162;1;1;1;0;0;0;0;0;0;0;100;0;100;0;0;0;0;0;0;;;;;;;0;0;0;0;0;0;0;0;0;0;0;0;0;0;0;0;0;0;0;0;0;0;0;0;0;0;0;0;0;0;0;0;0;0;0;0;0;0
25.01.2025;01:26;A162;1;1;2;1;12;1;1;1;4;0;100;0;100;0;0;0;4;0;0;;;;;;;0;0;0;0;0;0;0;0;0;0;0;0;0;0;0;0;0;0;0;0;0;0;0;0;0;0;0;0;0;0;0;0;0;0;0;0;0;0
25.01.2025;01:25;A162;1;1;27;0;3;0;0;0;0;0;100;0;100;0;0;1;8;1;27;;;;;;;0;0;0;0;0;0;0;0;0;0;0;0;0;0;0;0;0;0;0;0;0;0;0;0;0;0;0;0;0;0;0;0;0;0;2;3;1;3
25.01.2025;01:24;A162;1;2;10;4;26;1;0;0;6;0;100;0;100;0;0;0;0;1;1;;;;;;;0;0;0;0;0;0;0;0;0;0;0;0;0;0;0;0;0;0;0;0;0;0;0;0;0;0;0;0;0;0;0;0;0;0;0;0;0;0
25.01.2025;01:23;A162;1;0;0;0;0;1;25;2;7;0;100;0;100;0;0;1;10;0;0;;;;;;;0;0;0;0;0;0;0;0;0;0;0;0;0;0;0;0;1;2;1;2;1;2;0;0;0;0;0;0;0;0;0;0;0;0;0;10;0;0
25.01.2025;01:22;A162;1;2;35;1;8;0;0;1;2;0;100;0;100;1;2;2;21;0;0;;;;;;;0;0;0;0;0;0;0;0;0;0;0;0;0;0;0;0;0;0;0;0;0;0;0;0;0;0;0;0;0;0;0;0;0;0;1;26;0;0
25.01.2025;01:21;A162;1;1;20;2;8;1;0;1;3;0;100;0;100;0;0;2;61;1;13;;;;;;;0;0;0;0;0;0;0;0;0;0;0;0;0;0;0;0;0;0;1;2;1;2;0;0;0;0;0;0;0;0;0;0;0;0;2;73;2;8
25.01.2025;01:20;A162;1;0;0;0;0;2;1;2;12;0;100;0;100;3;6;0;0;0;0;;;;;;;0;0;0;0;0;0;0;0;0;0;0;0;0;0;0;0;1;2;0;0;0;0;0;0;0;0;0;0;0;0;0;0;0;0;0;0;0;0
25.01.2025;01:19;A162;1;4;27;4;18;3;2;3;11;0;100;0;100;0;0;0;0;0;0;;;;;;;0;0;0;0;0;0;0;0;0;0;0;0;0;0;0;0;0;0;0;0;0;0;0;0;0;0;0;0;0;0;0;0;0;0;0;0;0;0
25.01.2025;01:18;A162;1;4;2;1;9;1;10;1;4;0;100;0;100;0;0;0;28;0;0;;;;;;;0;0;0;0;0;0;0;0;0;0;0;0;0;0;0;0;0;0;0;0;0;0;0;0;0;0;0;0;0;0;0;0;0;0;0;0;0;0
25.01.2025;01:17;A162;1;1;5;2;9;1;0;2;9;0;100;0;100;0;0;1;65;0;0;;;;;;;1;2;1;2;1;2;0;0;0;0;0;0;0;0;0;0;0;0;0;0;0;0;0;0;0;0;0;0;0;0;0;0;0;0;1;9;0;0
25.01.2025;01:16;A162;1;1;44;1;7;2;19;2;9;0;100;0;100;0;0;0;80;0;0;;;;;;;0;0;0;0;0;0;0;0;0;0;0;0;0;0;0;0;0;0;0;0;0;0;0;0;0;0;0;0;0;0;0;0;0;0;0;0;0;0
25.01.2025;01:15;A162;1;1;10;1;6;0;0;0;0;0;100;0;100;0;0;1;27;0;0;;;;;;;0;0;0;0;0;0;0;0;0;0;0;0;0;0;0;0;1;2;1;2;1;2;0;0;0;0;0;0;0;0;0;0;0;0;1;10;0;0
25.01.2025;01:14;A162;1;0;0;0;0;1;1;1;4;0;100;0;100;0;0;0;0;0;0;;;;;;;0;0;0;0;0;0;0;0;0;0;0;0;0;0;0;0;0;0;0;0;0;0;0;0;0;0;0;0;0;0;0;0;0;0;0;0;0;0
25.01.2025;01:13;A162;1;1;24;1;7;0;0;1;4;0;100;0;100;0;0;0;0;0;0;;;;;;;0;0;0;0;0;0;0;0;0;0;0;0;0;0;0;0;0;0;0;0;0;0;0;0;0;0;0;0;0;0;0;0;0;0;0;0;0;0
25.01.2025;01:12;A162;1;2;20;1;8;0;0;0;0;0;100;0;100;0;0;1;6;2;23;;;;;;;0;0;0;0;0;0;0;0;0;0;0;0;0;0;0;0;0;0;0;0;0;0;0;0;0;0;0;0;0;0;0;0;0;0;2;3;1;18
25.01.2025;01:11;A162;1;1;2;2;14;1;1;2;9;0;100;0;100;0;0;0;0;1;30;;;;;;;0;0;0;0;0;0;0;0;0;0;0;0;0;0;0;0;0;0;0;0;0;0;0;0;0;0;0;0;0;0;0;0;0;0;1;24;2;20
25.01.2025;01:10;A162;1;1;15;3;14;1;1;3;5;0;100;0;100;1;2;0;0;0;0;;;;;;;1;2;1;2;1;2;0;0;0;0;0;0;0;0;0;0;0;0;0;0;0;0;0;0;0;0;0;0;0;0;0;0;0;0;0;0;0;0
25.01.2025;01:09;A162;1;2;31;4;23;1;1;2;6;0;100;0;100;0;0;1;9;0;0;;;;;;;1;2;1;2;0;0;0;0;0;0;0;0;0;0;0;0;0;0;0;0;0;0;0;0;0;0;0;0;0;0;0;0;0;0;1;7;0;0
25.01.2025;01:08;A162;1;1;7;1;6;1;0;3;11;0;100;0;100;5;14;0;0;0;0;;;;;;;0;0;0;0;0;0;0;0;0;0;0;0;0;0;0;0;0;0;0;0;0;0;0;0;0;0;0;0;0;0;0;0;0;0;0;0;0;0
25.01.2025;01:07;A162;1;1;2;1;5;0;0;0;0;0;100;0;100;0;0;0;0;0;0;;;;;;;0;0;0;0;0;0;0;0;0;0;0;0;0;0;0;0;0;0;0;0;0;0;0;0;0;0;0;0;0;0;0;0;0;0;0;0;0;0
25.01.2025;01:06;A162;1;0;0;1;12;0;0;0;0;0;100;0;100;0;0;0;0;0;0;;;;;;;0;0;0;0;0;0;0;0;0;0;0;0;0;0;0;0;0;0;0;0;0;0;0;0;0;0;0;0;0;0;0;0;0;0;0;0;0;0
25.01.2025;01:05;A162;1;1;10;1;8;0;0;0;0;0;100;0;100;0;0;0;0;0;0;;;;;;;0;0;0;0;0;0;0;0;0;0;0;0;0;0;0;0;0;0;0;0;0;0;0;0;0;0;0;0;0;0;0;0;0;0;0;0;0;0
25.01.2025;01:04;A162;1;1;16;1;9;3;8;2;12;0;100;0;100;0;0;1;33;0;0;;;;;;;0;0;0;0;0;0;0;0;0;0;0;0;0;0;0;0;0;0;0;0;0;0;0;0;0;0;0;0;0;0;0;0;0;0;1;9;0;0
25.01.2025;01:03;A162;1;1;1;2;4;0;0;0;0;0;100;0;100;0;0;0;0;1;25;;;;;;;0;0;0;0;0;0;0;0;0;0;0;0;0;0;0;0;0;0;0;0;0;0;0;0;0;0;0;0;0;0;0;0;0;0;0;0;0;0
25.01.2025;01:02;A162;1;0;0;0;0;0;0;0;0;0;100;0;100;0;0;0;57;1;61;;;;;;;0;0;0;0;0;0;0;0;0;0;0;0;0;0;0;0;0;0;0;0;0;0;0;0;0;0;0;0;0;0;0;0;0;0;0;0;0;0
25.01.2025;01:01;A162;1;1;2;1;9;0;0;0;0;0;100;0;100;0;0;2;15;1;21;;;;;;;0;0;0;0;0;0;0;0;0;0;0;0;0;0;0;0;0;0;0;0;0;0;0;0;0;0;0;0;0;0;0;0;0;0;2;8;2;11
25.01.2025;01:00;A162;1;0;0;0;0;1;0;2;8;0;100;0;100;0;0;0;0;4;75;;;;;;;0;0;0;0;0;0;0;0;0;0;0;0;0;0;0;0;0;0;0;0;0;0;0;0;0;0;0;0;0;0;0;0;0;0;0;3;2;76
