Datum;Uhrzeit;Bezeichnung;Intervall;D20Z;D20B;D21Z;D21B;D22Z;D22B;V23Z;V23B;V24Z;V24B;D51Z;D51B;D52Z;D52B;D53_1Z;D53_1B;D53_2Z;D53_2B;D54Z;D54B;V55Z;V55B;V56Z;V56B;D80Z;D80B;D81Z;D81B;D82Z;D82B;V83Z;V83B;V84Z;V84B;V85Z;V85B;D110Z;D110B;D111Z;D111B;D112Z;D112B;V113Z;V113B;V114Z;V114B;V115Z;V115B;V116Z;V116B;V117Z;V117B;V118Z;V118B;TF31Z;TF31B;TF31aZ;TF31aB;TBS31Z;TBS31B;TBS31aZ;TBS31aB;TBS35Z;TBS35B;TBS35aZ;TBS35aB;TF38Z;TF38B;TF38aZ;TF38aB;TBS38Z;TBS38B;TBS38aZ;TBS38aB
29.05.2024;02:00;A 49;1;0;0;0;0;2;2;0;0;0;0;0;100;0;0;0;0;0;0;0;0;0;1;0;0;0;0;1;10;0;0;2;11;0;0;1;0;0;0;0;0;0;0;1;1;0;0;0;0;0;0;1;1;2;1;0;0;0;0;0;0;0;0;0;0;0;0;0;0;0;0;0;0;0;0
29.05.2024;01:59;A 49;1;0;0;0;0;0;0;0;0;0;0;1;1;0;0;0;0;0;0;0;0;1;4;0;0;0;0;1;29;0;0;3;9;0;0;0;0;0;0;0;0;0;0;0;0;1;2;0;0;0;0;0;0;1;2;0;0;0;0;0;0;0;0;0;0;0;0;0;0;0;0;0;0;0;0
29.05.2024;01:58;A 49;1;0;0;0;0;0;0;0;0;0;0;0;0;0;0;0;0;0;0;0;0;0;0;0;0;1;1;1;12;0;0;2;12;0;0;2;6;0;0;0;0;0;0;0;0;0;0;0;0;0;0;0;0;0;0;0;0;0;0;0;0;0;0;0;0;0;0;0;0;0;0;0;0;0;0
29.05.2024;01:57;A 49;1;0;0;0;0;2;2;0;0;0;0;0;0;0;0;0;0;0;0;0;0;0;0;0;0;0;0;0;0;0;0;0;0;0;0;0;0;0;0;1;1;1;4;1;3;1;5;0;0;0;0;1;1;0;0;0;0;0;0;0;0;0;0;0;0;0;0;0;0;0;0;0;0;0;0
29.05.2024;01:56;A 49;1;0;0;0;0;1;0;0;0;0;0;0;0;0;0;0;0;0;0;0;0;0;0;0;0;0;0;0;0;0;0;0;0;0;0;0;0;0;0;0;0;1;2;3;4;2;7;0;0;0;0;1;2;3;3;0;0;0;0;0;0;0;0;0;0;0;0;0;0;0;0;0;0;0;0
29.05.2024;01:55;A 49;1;0;0;0;0;0;0;0;0;0;0;0;0;0;0;0;0;0;0;0;0;0;0;0;0;0;0;0;0;0;0;0;0;0;0;0;0;0;0;0;0;0;0;0;0;0;0;0;0;0;0;0;0;0;0;0;0;0;0;0;0;0;0;0;0;0;0;0;0;0;0;0;0;0;0
29.05.2024;01:54;A 49;1;0;0;0;0;0;0;0;0;0;0;0;0;0;0;0;0;0;0;0;0;0;0;0;0;0;0;0;0;0;0;0;0;0;0;1;5;0;0;1;1;1;0;1;3;1;1;0;0;0;0;1;1;0;0;0;0;0;0;0;0;0;0;0;0;0;0;0;0;0;0;0;0;0;0
29.05.2024;01:53;A 49;1;0;0;0;0;0;0;0;0;0;0;1;1;0;0;0;0;0;0;1;0;1;0;0;0;0;0;0;12;0;0;0;0;0;0;2;6;0;0;2;2;1;1;2;9;1;1;0;0;0;0;3;4;0;0;0;0;0;0;0;0;0;0;0;0;0;0;0;0;0;0;0;0;0;0
29.05.2024;01:52;A 49;1;0;0;0;0;0;0;0;0;0;0;0;0;0;0;0;0;0;0;0;0;0;0;0;0;0;0;1;55;0;0;2;10;0;0;0;0;0;0;0;0;0;0;0;0;0;0;0;0;0;0;0;0;0;0;0;0;0;0;0;0;0;0;0;0;0;0;0;0;0;0;0;0;0;0
29.05.2024;01:51;A 49;1;0;0;0;0;1;0;0;0;0;0;1;3;0;0;0;0;0;0;1;15;1;1;0;0;0;0;0;0;0;0;0;0;0;0;1;3;0;0;1;3;1;2;2;3;1;2;0;0;0;0;1;2;0;0;0;0;0;0;0;0;0;0;0;0;0;0;0;0;0;0;0;0;0;0
29.05.2024;01:50;A 49;1;0;0;1;1;0;0;0;0;0;0;0;0;0;0;0;0;0;0;0;0;0;0;0;0;0;0;0;0;0;0;0;0;0;0;2;22;0;0;1;2;0;0;2;4;0;0;0;0;1;1;1;1;0;0;0;0;0;0;0;0;0;0;0;0;0;0;0;0;0;0;0;0;0;0
29.05.2024;01:49;A 49;1;0;0;0;0;0;0;0;0;0;0;17;3;0;0;0;0;0;0;0;0;0;0;0;0;0;0;0;0;0;0;0;0;0;0;0;0;0;0;1;1;1;1;1;2;1;2;0;0;0;0;1;2;0;0;0;0;0;0;0;0;0;0;0;0;0;0;0;0;0;0;0;0;0;0
29.05.2024;01:48;A 49;1;0;0;0;0;1;1;0;0;0;0;40;10;0;0;0;0;0;0;0;0;0;0;0;0;0;0;0;0;0;0;0;0;0;0;0;0;0;0;0;0;0;0;0;0;0;0;0;0;0;0;0;0;0;0;0;0;0;0;0;0;0;0;0;0;0;0;0;0;0;0;0;0;0;0
29.05.2024;01:47;A 49;1;0;0;0;0;0;0;0;0;0;0;32;9;0;0;0;0;0;0;0;0;0;0;0;0;0;0;0;0;0;0;0;0;0;0;1;0;0;0;1;1;0;0;1;0;1;2;0;0;0;0;0;0;1;1;0;0;0;0;0;0;0;0;0;0;0;0;0;0;0;0;0;0;0;0
29.05.2024;01:46;A 49;1;0;0;0;0;0;0;0;0;0;0;0;0;0;0;0;0;0;0;0;0;0;0;0;0;1;0;2;37;0;0;0;50;0;0;1;17;0;0;2;12;1;0;3;11;2;1;0;0;0;0;4;5;0;0;0;0;0;0;0;0;0;0;0;0;0;0;0;0;0;0;0;0;0;0
29.05.2024;01:45;A 49;1;0;0;0;0;1;2;0;0;0;0;0;0;0;0;0;0;0;0;0;0;0;0;0;0;0;0;0;0;0;0;1;7;1;4;2;1;0;0;0;0;0;0;1;0;1;3;0;0;0;0;1;2;1;2;0;0;0;0;0;0;0;0;0;0;0;0;0;0;0;0;0;0;0;0
29.05.2024;01:44;A 49;1;0;0;0;0;0;0;0;0;0;0;0;0;0;0;0;0;0;0;0;0;0;0;0;0;0;0;0;0;0;0;0;0;0;0;0;0;0;0;0;0;0;0;0;0;0;0;0;0;0;0;0;0;0;0;0;0;0;0;0;0;0;0;0;0;0;0;0;0;0;0;0;0;0;0
29.05.2024;01:43;A 49;1;0;0;0;0;0;0;0;0;0;0;62;15;0;0;0;0;0;0;0;0;0;0;0;0;0;0;2;60;0;0;1;9;1;6;1;1;0;0;0;0;0;0;0;0;0;0;0;0;0;0;0;0;0;0;0;0;0;0;0;0;0;0;0;0;0;0;0;0;0;0;0;0;0;0
29.05.2024;01:42;A 49;1;0;0;0;0;0;0;0;0;0;0;50;16;0;0;0;0;0;0;0;0;0;0;0;0;0;0;0;0;0;0;2;10;0;0;0;0;0;0;0;0;0;0;0;0;0;0;0;0;0;0;0;0;0;0;0;0;0;0;0;0;0;0;0;0;0;0;0;0;0;0;0;0;0;0
29.05.2024;01:41;A 49;1;0;0;1;0;1;0;0;0;0;0;1;4;0;0;0;0;0;0;0;0;1;1;0;0;0;0;0;0;0;0;0;0;0;0;0;0;0;0;0;0;0;0;0;0;0;0;0;0;1;1;0;0;0;0;0;0;0;0;0;0;0;0;0;0;0;0;0;0;0;0;0;0;0;0
29.05.2024;01:40;A 49;1;0;0;0;0;0;0;0;0;0;0;0;0;0;0;0;0;0;0;0;0;0;0;0;0;0;0;0;0;0;0;0;0;0;0;0;0;0;0;0;0;0;0;0;0;0;0;0;0;0;0;0;0;0;0;0;0;0;0;0;0;0;0;0;0;0;0;0;0;0;0;0;0;0;0
29.05.2024;01:39;A 49;1;0;0;0;0;1;1;0;0;0;0;0;0;0;0;0;0;0;0;0;0;0;0;0;0;0;0;0;0;0;0;0;0;0;0;1;2;0;0;0;0;0;0;1;0;1;1;0;0;0;0;1;0;1;1;0;0;0;0;0;0;0;0;0;0;0;0;0;0;0;0;0;0;0;0
29.05.2024;01:38;A 49;1;0;0;0;0;0;0;0;0;0;0;71;18;0;0;0;0;0;0;0;0;0;0;0;0;0;0;1;53;0;0;1;63;2;4;0;0;0;0;0;0;0;0;0;0;0;0;0;0;0;0;0;0;0;0;0;0;0;0;0;0;0;0;0;0;0;0;0;0;0;0;0;0;0;0
29.05.2024;01:37;A 49;1;0;0;1;0;2;1;0;0;0;0;37;9;0;0;0;0;0;0;0;0;0;0;0;0;0;0;0;2;0;0;0;0;0;0;3;11;0;0;1;1;1;0;3;3;1;4;0;0;1;1;2;1;1;2;0;0;0;0;0;0;0;0;0;0;0;0;0;0;0;0;0;0;0;0
29.05.2024;01:36;A 49;1;0;0;0;0;0;0;0;0;0;0;0;0;0;0;0;0;0;0;0;0;0;0;0;0;1;0;1;41;0;0;1;16;0;0;1;2;0;0;0;0;0;0;0;0;0;0;0;0;0;0;0;0;0;0;0;0;0;0;0;0;0;0;0;0;0;0;0;0;0;0;0;0;0;0
29.05.2024;01:35;A 49;1;0;0;0;0;0;0;0;0;0;0;0;0;0;0;0;0;0;0;0;0;0;0;0;0;0;0;1;10;0;0;1;5;1;9;0;0;0;0;0;0;0;0;0;0;0;0;0;0;0;0;0;0;0;0;0;0;0;0;0;0;0;0;0;0;0;0;0;0;0;0;0;0;0;0
29.05.2024;01:34;A 49;1;0;0;1;1;0;0;0;0;0;0;0;0;0;0;0;0;0;0;0;0;0;0;0;0;0;0;0;0;0;0;0;0;0;0;0;0;0;0;0;0;0;0;0;0;0;0;0;0;1;1;0;0;0;0;0;0;0;0;0;0;0;0;0;0;0;0;0;0;0;0;0;0;0;0
29.05.2024;01:33;A 49;1;0;0;0;0;0;0;0;0;0;0;0;0;0;0;0;0;0;0;0;0;0;0;0;0;0;0;0;0;0;0;0;0;0;0;0;0;0;0;0;0;0;0;0;0;0;0;0;0;0;0;0;0;0;0;0;0;0;0;0;0;0;0;0;0;0;0;0;0;0;0;0;0;0;0
29.05.2024;01:32;A 49;1;0;0;0;0;0;0;0;0;0;0;63;14;0;0;0;0;0;0;0;0;0;0;0;0;0;0;0;0;0;0;0;0;0;0;0;0;0;0;0;0;0;0;0;0;0;0;0;0;0;0;0;0;0;0;0;0;0;0;0;0;0;0;0;0;0;0;0;0;0;0;0;0;0;0
29.05.2024;01:31;A 49;1;0;0;0;0;0;0;0;0;0;0;62;13;0;0;0;0;0;0;1;0;0;0;0;0;0;0;0;27;0;0;0;0;0;0;0;0;0;0;0;0;0;0;0;0;0;0;0;0;0;0;0;0;0;0;0;0;0;0;0;0;0;0;0;0;0;0;0;0;0;0;0;0;0;0
29.05.2024;01:30;A 49;1;0;0;0;0;0;0;0;0;0;0;8;1;0;0;0;0;0;0;0;0;1;0;0;0;0;0;1;45;0;0;1;9;0;0;0;0;0;0;0;0;0;0;0;0;0;0;0;0;0;0;0;0;0;0;0;0;0;0;0;0;0;0;0;0;0;0;0;0;0;0;0;0;0;0
29.05.2024;01:29;A 49;1;0;0;0;0;0;0;0;0;0;0;0;0;0;0;0;0;0;0;0;0;0;0;0;0;0;0;1;9;0;0;3;9;0;0;1;0;0;0;0;0;0;0;0;0;0;0;0;0;0;0;0;0;0;0;0;0;0;0;0;0;0;0;0;0;0;0;0;0;0;0;0;0;0;0
29.05.2024;01:28;A 49;1;0;0;0;0;0;0;0;0;0;0;1;0;0;0;0;0;0;0;0;0;0;0;0;0;0;0;1;0;0;0;1;4;1;6;0;0;0;0;1;1;0;0;1;3;1;1;0;0;0;0;1;2;0;0;0;0;0;0;0;0;0;0;0;0;0;0;0;0;0;0;0;0;0;0
29.05.2024;01:27;A 49;1;0;0;1;1;0;0;0;0;0;0;91;17;0;0;0;0;0;0;0;0;0;0;0;0;0;0;0;0;0;0;0;0;0;0;0;0;1;0;0;0;0;0;0;0;0;0;0;0;1;4;0;0;0;0;0;0;0;0;0;0;0;0;0;0;0;0;0;0;0;0;0;0;0;0
29.05.2024;01:26;A 49;1;0;0;0;0;0;0;0;0;0;0;69;15;0;0;0;0;0;0;1;0;1;1;0;0;0;0;1;0;0;0;0;0;0;0;0;0;0;0;0;0;0;0;0;0;0;0;0;0;0;0;0;0;0;0;0;0;0;0;0;0;0;0;0;0;0;0;0;0;0;0;0;0;0;0
29.05.2024;01:25;A 49;1;0;0;0;0;0;0;0;0;0;0;3;0;0;0;0;0;0;0;0;0;0;0;0;0;0;0;0;0;0;0;0;0;0;0;1;3;0;0;1;1;0;0;1;4;0;0;0;0;0;0;1;1;0;0;0;0;0;0;0;0;0;0;0;0;0;0;0;0;0;0;0;0;0;0
29.05.2024;01:24;A 49;1;0;0;0;0;1;0;0;0;0;0;0;0;0;0;0;0;0;0;0;0;0;0;0;0;0;0;1;14;0;0;1;10;1;5;1;5;0;0;2;11;2;1;3;11;1;2;0;0;0;0;4;5;0;0;0;0;0;0;0;0;0;0;0;0;0;0;0;0;0;0;0;0;0;0
29.05.2024;01:23;A 49;1;0;0;0;0;2;1;0;0;0;0;0;0;0;0;0;0;0;0;0;0;0;0;0;0;0;0;0;0;0;0;0;0;0;0;0;0;0;0;0;0;0;0;0;0;2;4;0;0;0;0;0;0;1;2;0;0;0;0;0;0;0;0;0;0;0;0;0;0;0;0;0;0;0;0
29.05.2024;01:22;A 49;1;0;0;0;0;1;0;0;0;0;0;24;5;0;0;0;0;0;0;0;0;0;0;0;0;0;0;1;3;0;0;1;10;0;0;1;1;0;0;0;0;1;3;2;2;1;5;0;0;0;0;1;2;1;0;0;0;0;0;0;0;0;0;0;0;0;0;0;0;0;0;0;0;0;0
29.05.2024;01:21;A 49;1;0;0;0;0;1;0;0;0;0;0;91;18;0;0;0;0;0;0;0;0;0;0;0;0;0;0;0;0;0;0;0;0;0;0;0;0;0;0;0;0;0;0;0;0;0;0;0;0;0;0;0;0;0;0;0;0;0;0;0;0;0;0;0;0;0;0;0;0;0;0;0;0;0;0
29.05.2024;01:20;A 49;1;0;0;0;0;1;3;0;0;0;0;12;2;0;0;0;0;0;0;0;0;0;0;0;0;0;0;0;0;0;0;0;0;0;0;1;4;0;0;2;4;1;1;3;11;1;4;1;1;0;0;4;3;1;2;0;0;0;0;0;0;0;0;0;0;0;0;0;0;0;0;0;0;0;0
29.05.2024;01:19;A 49;1;0;0;0;0;1;1;0;0;0;0;0;0;0;0;0;0;0;0;0;0;0;0;0;0;0;0;0;0;0;0;0;0;0;0;0;0;0;0;0;0;2;1;1;0;2;4;0;0;0;0;2;3;3;3;0;0;0;0;0;0;0;0;0;0;0;0;0;0;0;0;0;0;0;0
29.05.2024;01:18;A 49;1;0;0;0;0;0;0;0;0;0;0;1;1;0;0;0;0;0;0;0;0;1;1;0;0;0;0;1;63;0;0;1;11;0;0;1;50;0;0;0;0;0;0;0;0;0;0;0;0;0;0;0;0;0;0;0;0;0;0;0;0;0;0;0;0;0;0;0;0;0;0;0;0;0;0
29.05.2024;01:17;A 49;1;1;0;1;1;0;0;0;0;0;0;0;0;0;0;0;0;0;0;0;0;0;0;0;0;0;0;1;40;0;0;1;17;0;0;0;0;0;0;0;0;0;0;0;0;0;0;0;0;0;0;0;0;0;0;0;0;0;0;0;0;0;0;0;0;0;0;0;0;0;0;0;0;0;0
29.05.2024;01:16;A 49;1;0;0;0;0;1;1;0;0;0;0;1;0;0;0;0;0;0;0;0;0;0;0;0;0;0;0;0;0;0;0;0;0;0;0;0;0;0;0;0;0;1;0;1;0;1;3;0;0;0;0;0;0;1;1;0;0;0;0;0;0;0;0;0;0;0;0;0;0;0;0;0;0;0;0
29.05.2024;01:15;A 49;1;0;0;1;1;1;0;0;0;0;0;0;0;0;0;0;0;0;0;0;0;0;0;0;0;0;0;0;0;0;0;0;0;0;0;0;0;0;0;0;0;0;0;0;0;0;0;0;0;0;0;0;0;0;0;0;0;0;0;0;0;0;0;0;0;0;0;0;0;0;0;0;0;0;0
29.05.2024;01:14;A 49;1;0;0;0;0;1;1;0;0;0;0;0;0;0;0;0;0;0;0;0;0;0;0;0;0;0;0;0;0;0;0;0;0;0;0;0;0;0;0;0;0;0;0;1;1;1;2;0;0;0;0;0;0;1;2;0;0;0;0;0;0;0;0;0;0;0;0;0;0;0;0;0;0;0;0
29.05.2024;01:13;A 49;1;0;0;1;1;0;0;0;0;0;0;0;0;0;0;0;0;0;0;0;0;0;0;0;0;0;0;0;0;0;0;0;0;0;0;0;0;0;0;0;0;0;0;0;0;0;0;0;0;0;0;0;0;0;0;0;0;0;0;0;0;0;0;0;0;0;0;0;0;0;0;0;0;0;0
29.05.2024;01:12;A 49;1;0;0;0;0;0;0;0;0;0;0;0;0;0;0;0;0;0;0;0;0;0;0;0;0;0;0;0;0;0;0;0;0;0;0;0;0;1;0;0;0;0;0;0;0;0;0;0;0;1;1;0;0;0;0;0;0;0;0;0;0;0;0;0;0;0;0;0;0;0;0;0;0;0;0
29.05.2024;01:11;A 49;1;0;0;0;0;0;0;0;0;0;0;0;0;0;0;0;0;0;0;0;0;0;0;0;0;0;0;0;0;0;0;0;0;0;0;0;0;0;0;2;2;0;0;2;10;0;0;0;0;0;0;3;3;0;0;0;0;0;0;0;0;0;0;0;0;0;0;0;0;0;0;0;0;0;0
29.05.2024;01:10;A 49;1;0;0;0;0;0;0;0;0;0;0;1;1;0;0;0;0;0;0;0;0;1;2;0;0;0;0;0;0;0;0;0;0;0;0;0;0;0;0;1;1;0;0;1;3;0;0;0;0;0;0;2;1;0;0;0;0;0;0;0;0;0;0;0;0;0;0;0;0;0;0;0;0;0;0
29.05.2024;01:09;A 49;1;0;0;0;0;0;0;0;0;0;0;0;0;0;0;0;0;0;0;0;0;0;0;0;0;0;0;0;0;0;0;0;0;0;0;0;0;0;0;1;1;0;0;1;3;0;0;0;0;0;0;1;1;0;0;0;0;0;0;0;0;0;0;0;0;0;0;0;0;0;0;0;0;0;0
29.05.2024;01:08;A 49;1;0;0;0;0;0;0;0;0;0;0;0;0;0;0;0;0;0;0;0;0;0;0;0;0;0;0;1;1;0;0;1;8;0;0;1;1;0;0;0;0;0;0;0;0;0;0;0;0;0;0;0;0;0;0;0;0;0;0;0;0;0;0;0;0;0;0;0;0;0;0;0;0;0;0
29.05.2024;01:07;A 49;1;0;0;0;0;0;0;0;0;0;0;0;0;0;0;0;0;0;0;0;0;0;0;0;0;1;0;1;1;0;0;1;8;0;0;2;1;0;0;0;0;0;0;0;0;0;0;0;0;0;0;0;0;0;0;0;0;0;0;0;0;0;0;0;0;0;0;0;0;0;0;0;0;0;0
29.05.2024;01:06;A 49;1;0;0;0;0;0;0;0;0;0;0;1;1;0;0;0;0;0;0;1;0;1;0;0;0;0;0;0;0;0;0;0;0;0;0;0;0;0;0;0;0;0;0;0;0;0;0;0;0;0;0;0;0;0;0;0;0;0;0;0;0;0;0;0;0;0;0;0;0;0;0;0;0;0;0
29.05.2024;01:05;A 49;1;0;0;0;0;0;0;0;0;0;0;0;0;0;0;0;0;0;0;0;0;0;0;0;0;0;0;2;1;0;0;2;16;1;3;1;1;0;0;2;22;0;0;2;12;0;0;0;0;0;0;2;5;0;0;0;0;0;0;0;0;0;0;0;0;0;0;0;0;0;0;0;0;0;0
29.05.2024;01:04;A 49;1;0;0;0;0;0;0;0;0;0;0;1;4;0;0;0;0;0;0;1;23;1;2;0;0;0;0;0;0;0;0;0;0;0;0;0;0;0;0;0;0;0;0;0;0;0;0;0;0;0;0;0;0;0;0;0;0;0;0;0;0;0;0;0;0;0;0;0;0;0;0;0;0;0;0
29.05.2024;01:03;A 49;1;0;0;0;0;0;0;0;0;0;0;0;0;0;0;0;0;0;0;0;0;0;0;0;0;1;0;2;14;0;0;2;23;0;0;2;1;0;0;2;4;1;1;1;6;1;1;0;0;0;0;1;1;0;0;0;0;0;0;0;0;0;0;0;0;0;0;0;0;0;0;0;0;0;0
29.05.2024;01:02;A 49;1;0;0;0;0;0;0;0;0;0;0;0;0;0;0;0;0;0;0;0;0;0;0;0;0;0;0;1;0;0;0;2;2;0;0;1;2;0;0;1;1;1;1;1;2;1;4;0;0;0;0;1;2;2;1;0;0;0;0;0;0;0;0;0;0;0;0;0;0;0;0;0;0;0;0
29.05.2024;01:01;A 49;1;0;0;0;0;1;0;0;0;0;0;1;1;0;0;0;0;0;0;0;0;1;2;0;0;0;0;1;57;0;0;2;15;0;0;1;3;0;0;0;0;0;0;2;5;1;0;0;0;0;0;2;1;1;2;0;0;0;0;0;0;0;0;0;0;0;0;0;0;0;0;0;0;0;0
29.05.2024;01:00;A 49;1;0;0;1;0;2;1;0;0;0;0;0;0;0;0;0;0;0;0;0;0;0;0;0;0;0;0;1;1;0;0;3;3;0;0;0;13;0;0;0;0;1;0;1;0;0;0;0;0;0;0;1;1;1;1;0;0;0;0;0;0;0;0;0;0;0;0;0;0;0;0;0;0;0;0
29.05.2024;00:59;A 49;1;0;0;0;0;1;0;0;0;0;0;0;0;0;0;0;0;0;0;0;0;0;0;0;0;1;1;1;13;0;0;2;5;0;0;1;3;0;0;1;1;1;0;2;4;2;4;0;0;1;0;2;4;3;3;0;0;0;0;0;0;0;0;0;0;0;0;0;0;0;0;0;0;0;0
29.05.2024;00:58;A 49;1;1;1;2;3;2;2;0;0;0;0;0;0;0;0;0;0;0;0;0;0;0;0;0;0;0;0;0;0;0;0;0;0;0;0;1;1;0;0;2;3;1;1;2;6;1;1;0;0;0;0;2;3;2;3;0;0;0;0;0;0;0;0;0;0;0;0;0;0;0;0;0;0;0;0
29.05.2024;00:57;A 49;1;0;0;0;0;1;1;0;0;0;0;0;0;0;0;0;0;0;0;0;0;0;0;0;0;0;0;0;0;1;1;0;0;0;0;1;6;0;0;2;2;3;1;3;5;3;4;0;0;0;0;3;4;2;2;0;0;0;0;0;0;0;0;0;0;0;0;0;0;0;0;0;0;0;0
29.05.2024;00:56;A 49;1;0;0;0;0;0;0;0;0;0;0;0;0;0;0;0;0;0;0;0;0;0;0;0;0;0;0;0;0;0;0;0;0;0;0;0;0;0;0;1;1;0;0;1;3;0;0;0;0;0;0;1;1;0;0;0;0;0;0;0;0;0;0;0;0;0;0;0;0;0;0;0;0;0;0
29.05.2024;00:55;A 49;1;0;0;0;0;2;2;0;0;0;0;0;0;0;0;0;0;0;0;0;0;0;0;0;0;0;0;1;0;0;0;2;6;0;0;1;0;0;0;0;0;1;0;0;0;1;2;0;0;1;1;0;0;2;2;0;0;0;0;0;0;0;0;0;0;0;0;0;0;0;0;0;0;0;0
29.05.2024;00:54;A 49;1;0;0;0;0;0;0;0;0;0;0;0;0;0;0;0;0;0;0;0;0;0;0;0;0;0;0;0;0;0;0;0;0;0;0;0;0;0;0;2;7;0;0;3;7;1;3;0;0;0;0;3;2;0;0;0;0;0;0;0;0;0;0;0;0;0;0;0;0;0;0;0;0;0;0
29.05.2024;00:53;A 49;1;0;0;0;0;0;0;0;0;0;0;0;0;0;0;0;0;0;0;0;0;0;0;0;0;0;0;0;0;0;0;0;0;0;0;0;0;0;0;0;0;0;0;0;0;0;0;0;0;0;0;0;0;0;0;0;0;0;0;0;0;0;0;0;0;0;0;0;0;0;0;0;0;0;0
29.05.2024;00:52;A 49;1;0;0;0;0;2;1;0;0;0;0;0;0;0;0;0;0;0;0;0;0;0;0;0;0;1;0;1;34;0;0;0;0;0;0;3;3;0;0;3;4;2;3;3;6;5;9;0;0;0;0;4;5;2;1;0;0;0;0;0;0;0;0;0;0;0;0;0;0;0;0;0;0;0;0
29.05.2024;00:51;A 49;1;0;0;0;0;1;1;0;0;0;0;0;0;0;0;0;0;0;0;0;0;0;0;0;0;0;0;1;36;0;0;3;16;0;0;0;0;0;0;0;0;0;0;1;0;1;1;0;0;0;0;3;3;2;1;0;0;0;0;0;0;0;0;0;0;0;0;0;0;0;0;0;0;0;0
29.05.2024;00:50;A 49;1;0;0;0;0;1;1;0;0;0;0;1;1;0;0;0;0;0;0;0;0;1;2;0;0;0;0;0;0;0;0;0;0;0;0;0;0;0;0;2;2;0;0;3;9;1;1;0;0;0;0;3;5;1;1;0;0;0;0;0;0;0;0;0;0;0;0;0;0;0;0;0;0;0;0
29.05.2024;00:49;A 49;1;0;0;0;0;1;0;0;0;0;0;0;0;0;0;0;0;0;0;0;0;0;0;0;0;0;0;0;0;0;0;0;0;0;0;0;0;0;0;2;2;0;0;2;5;1;1;0;0;0;0;2;3;0;0;0;0;0;0;0;0;0;0;0;0;0;0;0;0;0;0;0;0;0;0
29.05.2024;00:48;A 49;1;0;0;0;0;0;0;0;0;0;0;0;0;0;0;0;0;0;0;0;0;0;0;0;0;0;0;0;0;0;0;0;0;0;0;2;8;0;0;3;35;1;0;3;12;3;4;0;0;0;0;5;5;1;1;0;0;0;0;0;0;0;0;0;0;0;0;0;0;0;0;0;0;0;0
29.05.2024;00:47;A 49;1;0;0;0;0;0;0;0;0;0;0;1;0;0;0;0;0;0;0;1;0;0;0;0;0;0;0;0;0;0;0;0;0;0;0;2;5;0;0;2;5;3;2;3;14;2;4;0;0;0;0;2;3;0;0;0;0;0;0;0;0;0;0;0;0;0;0;0;0;0;0;0;0;0;0
29.05.2024;00:46;A 49;1;0;0;1;1;0;0;0;0;0;0;0;0;0;0;0;0;0;0;0;0;1;1;0;0;1;0;1;15;0;0;1;18;0;0;1;1;0;0;1;1;0;0;0;3;0;0;0;0;0;0;1;0;0;0;0;0;0;0;0;0;0;0;0;0;0;0;0;0;0;0;0;0;0;0
29.05.2024;00:45;A 49;1;0;0;0;0;0;0;0;0;0;0;0;0;0;0;0;0;0;0;0;0;0;0;0;0;0;0;0;0;0;0;0;0;0;0;0;0;0;0;0;0;0;0;1;0;0;0;0;0;0;0;1;1;0;0;0;0;0;0;0;0;0;0;0;0;0;0;0;0;0;0;0;0;0;0
29.05.2024;00:44;A 49;1;0;0;0;0;0;0;0;0;0;0;2;0;0;0;0;0;0;0;0;0;0;0;0;0;0;0;1;1;0;0;1;6;0;0;1;0;0;0;1;1;1;1;1;4;1;1;0;0;0;0;2;1;0;0;0;0;0;0;0;0;0;0;0;0;0;0;0;0;0;0;0;0;0;0
29.05.2024;00:43;A 49;1;0;0;0;0;0;0;0;0;0;0;34;12;0;0;0;0;0;0;0;0;0;0;0;0;1;1;2;16;0;0;1;5;1;8;1;3;0;0;3;4;1;1;1;7;1;8;0;0;0;0;1;1;0;0;0;0;0;0;0;0;0;0;0;0;0;0;0;0;0;0;0;0;0;0
29.05.2024;00:42;A 49;1;0;0;0;0;1;1;0;0;0;0;47;17;0;0;0;0;0;0;1;0;1;0;0;0;0;0;0;0;0;0;0;0;0;0;0;0;0;0;2;25;0;0;2;17;3;6;0;0;0;0;5;4;2;2;0;0;0;0;0;0;0;0;0;0;0;0;0;0;0;0;0;0;0;0
29.05.2024;00:41;A 49;1;0;0;0;0;0;0;0;0;0;0;7;3;0;0;0;0;0;0;0;0;0;0;0;0;0;0;1;38;0;0;1;10;0;0;2;4;0;0;1;1;0;0;1;3;0;0;0;0;0;0;1;1;0;0;0;0;0;0;0;0;0;0;0;0;0;0;0;0;0;0;0;0;0;0
29.05.2024;00:40;A 49;1;0;0;0;0;0;0;0;0;0;0;1;1;0;0;0;0;0;0;1;0;1;0;0;0;2;1;4;26;0;0;3;46;0;0;3;4;0;0;0;0;0;0;0;0;0;0;0;0;0;0;0;0;0;0;0;0;0;0;0;0;0;0;0;0;0;0;0;0;0;0;0;0;0;0
29.05.2024;00:39;A 49;1;0;0;1;0;0;0;0;0;0;0;0;0;0;0;0;0;0;0;0;0;0;0;0;0;0;0;0;4;0;0;1;7;0;0;0;0;0;0;1;1;0;0;1;3;1;1;0;0;1;1;2;1;0;0;0;0;0;0;0;0;0;0;0;0;0;0;0;0;0;0;0;0;0;0
29.05.2024;00:38;A 49;1;0;0;1;1;1;1;0;0;0;0;0;0;0;0;0;0;0;0;0;0;0;0;0;0;0;0;3;55;0;0;2;24;0;0;1;18;0;0;0;0;0;0;0;0;1;2;0;0;0;0;0;0;0;0;0;0;0;0;0;0;0;0;0;0;0;0;0;0;0;0;0;0;0;0
29.05.2024;00:37;A 49;1;0;0;0;0;1;0;0;0;0;0;19;8;0;0;0;0;0;0;0;0;0;0;0;0;0;0;1;47;0;0;1;44;0;0;2;26;0;0;0;0;1;1;3;1;2;5;0;0;0;0;2;1;3;4;0;0;0;0;0;0;0;0;0;0;0;0;0;0;0;0;0;0;0;0
29.05.2024;00:36;A 49;1;0;0;1;1;0;0;0;0;0;0;18;10;0;0;0;0;0;0;0;0;0;0;0;0;0;0;4;60;6;0;2;9;0;0;2;40;0;0;1;6;0;0;2;2;0;0;0;0;0;0;1;1;0;0;0;0;0;0;0;0;0;0;0;0;0;0;0;0;0;0;0;0;0;0
29.05.2024;00:35;A 49;1;0;0;0;0;2;2;0;0;0;0;12;4;0;0;0;0;0;0;0;0;0;0;0;0;0;0;1;4;0;0;0;17;0;0;5;13;0;0;3;3;2;1;3;13;4;11;0;0;0;0;3;7;3;4;0;0;0;0;0;0;0;0;0;0;0;0;0;0;0;0;0;0;0;0
29.05.2024;00:34;A 49;1;0;0;0;0;2;2;0;0;0;0;0;0;0;0;0;0;0;0;0;0;0;0;0;0;0;0;1;22;0;0;3;15;0;0;1;1;0;0;0;0;2;3;1;0;1;2;0;0;0;0;1;1;3;2;0;0;0;0;0;0;0;0;0;0;0;0;0;0;0;0;0;0;0;0
29.05.2024;00:33;A 49;1;0;0;0;0;1;0;0;0;0;0;0;0;0;0;0;0;0;0;0;0;0;0;0;0;0;0;1;29;0;0;1;9;0;0;1;1;0;0;0;0;0;0;0;0;1;1;0;0;0;0;0;0;1;1;0;0;0;0;0;0;0;0;0;0;0;0;0;0;0;0;0;0;0;0
29.05.2024;00:32;A 49;1;0;0;0;0;0;0;0;0;0;0;0;0;0;0;0;0;0;0;0;0;0;0;0;0;0;0;0;0;0;0;1;2;1;8;2;2;0;0;1;1;1;0;1;3;1;1;0;0;0;0;1;1;0;0;0;0;0;0;0;0;0;0;0;0;0;0;0;0;0;0;0;0;0;0
29.05.2024;00:31;A 49;1;0;0;1;1;0;0;0;0;0;0;1;0;0;0;0;0;0;0;0;0;0;0;0;0;0;0;0;0;0;0;0;0;0;0;3;3;0;0;6;7;1;1;3;16;3;6;0;0;0;0;7;11;0;0;0;0;0;0;0;0;0;0;0;0;0;0;0;0;0;0;0;0;0;0
29.05.2024;00:30;A 49;1;0;0;0;0;0;0;0;0;0;0;22;13;0;0;0;0;0;0;0;0;0;0;0;0;0;0;1;20;0;0;2;9;0;0;2;19;1;0;3;7;1;1;2;13;1;2;0;0;0;0;2;2;0;0;0;0;0;0;0;0;0;0;0;0;0;0;0;0;0;0;0;0;0;0
29.05.2024;00:29;A 49;1;0;0;0;0;0;0;0;0;0;0;5;4;0;0;0;0;0;0;0;0;0;0;0;0;0;0;0;0;0;0;0;0;0;0;0;0;0;0;1;2;1;1;1;4;0;0;0;0;0;0;2;1;0;0;0;0;0;0;0;0;0;0;0;0;0;0;0;0;0;0;0;0;0;0
29.05.2024;00:28;A 49;1;0;0;0;0;1;1;0;0;0;0;0;0;0;0;0;0;0;0;0;0;0;0;0;0;0;0;0;0;0;0;0;0;0;0;0;0;0;0;1;1;1;1;1;0;2;4;0;0;0;0;1;2;1;1;0;0;0;0;0;0;0;0;0;0;0;0;0;0;0;0;0;0;0;0
29.05.2024;00:27;A 49;1;0;0;0;0;0;0;0;0;0;0;0;0;0;0;0;0;0;0;0;0;0;0;0;0;0;0;0;0;0;0;0;0;0;0;1;1;0;0;1;1;0;0;2;4;1;1;0;0;0;0;2;3;0;0;0;0;0;0;0;0;0;0;0;0;0;0;0;0;0;0;0;0;0;0
29.05.2024;00:26;A 49;1;0;0;0;0;1;1;0;0;0;0;0;0;0;0;0;0;0;0;0;0;0;0;0;0;1;2;1;5;0;0;2;6;1;10;2;3;0;0;1;0;1;1;1;2;2;8;0;0;0;0;2;1;1;3;0;0;0;0;0;0;0;0;0;0;0;0;0;0;0;0;0;0;0;0
29.05.2024;00:25;A 49;1;0;0;0;0;2;2;0;0;0;0;1;0;0;0;0;0;0;0;0;0;1;2;0;0;0;0;0;0;0;0;0;0;0;0;2;3;0;0;2;2;0;0;1;10;1;4;0;0;0;0;1;5;1;2;0;0;0;0;0;0;0;0;0;0;0;0;0;0;0;0;0;0;0;0
29.05.2024;00:24;A 49;1;0;0;0;0;1;0;0;0;0;0;0;0;0;0;0;0;0;0;0;0;0;0;0;0;0;0;0;0;0;0;0;0;0;0;0;0;0;0;0;0;1;0;2;1;2;5;0;0;0;0;1;1;3;2;0;0;0;0;0;0;0;0;0;0;0;0;0;0;0;0;0;0;0;0
29.05.2024;00:23;A 49;1;0;0;0;0;0;0;0;0;0;0;2;1;0;0;0;0;0;0;0;0;0;0;0;0;1;4;1;24;0;0;1;57;0;0;2;7;0;0;0;0;0;0;0;0;0;0;0;0;0;0;0;0;0;0;0;0;0;0;0;0;0;0;0;0;0;0;0;0;0;0;0;0;0;0
29.05.2024;00:22;A 49;1;0;0;0;0;2;2;0;0;0;0;19;32;0;0;0;0;0;0;2;25;1;25;0;0;0;0;1;0;2;0;0;0;0;0;0;0;0;0;0;0;0;0;0;0;1;0;0;0;0;0;1;1;1;1;0;0;0;0;0;0;0;0;0;0;0;0;0;0;0;0;0;0;0;0
29.05.2024;00:21;A 49;1;0;0;0;0;1;0;0;0;0;0;15;13;0;0;0;0;0;0;1;14;1;19;0;0;1;0;0;0;0;0;0;0;0;0;1;8;0;0;2;3;1;0;1;6;2;5;0;0;0;0;2;1;1;2;0;0;0;0;0;0;0;0;0;0;0;0;0;0;0;0;0;0;0;0
29.05.2024;00:20;A 49;1;0;0;0;0;0;0;0;0;0;0;0;0;0;0;0;0;0;0;0;0;0;0;0;0;0;0;0;0;0;0;0;0;0;0;2;7;0;0;1;1;1;1;2;6;1;1;0;0;0;0;2;4;0;0;0;0;0;0;0;0;0;0;0;0;0;0;0;0;0;0;0;0;0;0
29.05.2024;00:19;A 49;1;0;0;0;0;1;1;0;0;0;0;0;0;0;0;0;0;0;0;0;0;0;0;0;0;0;0;1;0;0;0;1;7;0;0;1;1;0;0;1;1;0;0;1;4;1;2;0;0;0;0;2;4;1;1;0;0;0;0;0;0;0;0;0;0;0;0;0;0;0;0;0;0;0;0
29.05.2024;00:18;A 49;1;0;0;1;1;0;0;0;0;0;0;0;0;0;0;0;0;0;0;0;0;0;0;0;0;0;0;0;0;0;0;0;0;0;0;0;0;0;0;4;26;0;0;4;29;2;2;0;0;0;0;4;6;0;0;0;0;0;0;0;0;0;0;0;0;0;0;0;0;0;0;0;0;0;0
29.05.2024;00:17;A 49;1;0;0;1;1;1;0;0;0;0;0;0;0;0;0;0;0;0;0;0;0;0;0;0;0;0;0;0;0;0;0;0;0;0;0;1;4;0;0;2;3;0;0;4;10;1;2;0;0;1;1;5;5;1;0;0;0;0;0;0;0;0;0;0;0;0;0;0;0;0;0;0;0;0;0
29.05.2024;00:16;A 49;1;0;0;1;1;2;2;0;0;0;0;59;13;0;0;0;0;0;0;1;39;1;1;0;0;0;0;0;0;0;0;0;0;0;0;0;0;0;0;0;0;0;0;0;0;0;0;0;0;0;0;0;0;0;0;0;0;0;0;0;0;0;0;0;0;0;0;0;0;0;0;0;0;0;0
29.05.2024;00:15;A 49;1;1;0;1;1;4;4;0;0;0;0;15;5;0;0;0;0;0;0;0;0;0;0;0;0;0;0;0;28;0;0;0;0;0;0;2;4;0;0;3;34;1;0;3;44;4;9;2;1;0;0;5;7;3;6;0;0;0;0;0;0;0;0;0;0;0;0;0;0;0;0;0;0;0;0
29.05.2024;00:14;A 49;1;0;0;0;0;0;0;0;0;0;0;4;4;0;0;0;0;0;0;2;2;2;3;0;0;0;0;2;24;0;0;2;9;0;0;0;0;0;0;0;0;1;0;1;1;1;2;0;0;0;0;0;0;2;3;0;0;0;0;0;0;0;0;0;0;0;0;0;0;0;0;0;0;0;0
29.05.2024;00:13;A 49;1;0;0;0;0;1;1;0;0;0;0;0;0;0;0;0;0;0;0;0;0;0;0;0;0;0;0;0;0;0;0;0;0;0;0;1;43;0;0;2;37;1;0;2;9;1;2;0;0;0;0;2;4;0;0;0;0;0;0;0;0;0;0;0;0;0;0;0;0;0;0;0;0;0;0
29.05.2024;00:12;A 49;1;0;0;0;0;0;0;0;0;0;0;0;0;0;0;0;0;0;0;0;0;0;0;0;0;0;0;0;0;0;0;0;0;0;0;0;0;0;0;0;0;0;0;0;0;1;1;0;0;0;0;1;1;1;1;0;0;0;0;0;0;0;0;0;0;0;0;0;0;0;0;0;0;0;0
29.05.2024;00:11;A 49;1;0;0;0;0;1;0;0;0;0;0;0;0;0;0;0;0;0;0;0;0;0;0;0;0;1;2;1;49;0;0;1;8;0;0;2;4;0;0;1;26;3;24;3;13;1;3;0;0;0;0;1;1;2;1;0;0;0;0;0;0;0;0;0;0;0;0;0;0;0;0;0;0;0;0
29.05.2024;00:10;A 49;1;0;0;0;0;1;1;0;0;0;0;8;18;0;0;0;0;0;0;1;11;1;2;0;0;0;0;2;51;0;0;2;19;0;0;1;1;0;0;1;1;0;0;1;4;1;3;3;2;0;0;3;3;1;1;0;0;0;0;0;0;0;0;0;0;0;0;0;0;0;0;0;0;0;0
29.05.2024;00:09;A 49;1;0;0;0;0;1;1;0;0;0;0;11;9;0;0;0;0;0;0;0;0;0;0;0;0;0;0;1;34;0;0;3;19;0;0;1;0;0;0;1;1;0;0;1;4;1;2;0;64;0;0;1;2;1;1;0;0;0;0;0;0;0;0;0;0;0;0;0;0;0;0;0;0;0;0
29.05.2024;00:08;A 49;1;0;0;2;2;0;0;1;0;0;0;1;1;0;0;0;0;0;0;0;0;0;0;0;0;0;0;1;1;0;0;1;14;0;0;3;4;0;0;1;1;0;0;1;4;0;0;1;30;1;12;1;2;0;0;0;0;0;0;0;0;0;0;0;0;0;0;0;0;0;0;0;0;0;0
29.05.2024;00:07;A 49;1;0;0;0;0;1;2;0;0;0;0;0;0;0;0;0;0;0;0;0;0;0;0;0;0;0;0;2;64;0;0;2;42;0;0;2;3;0;0;1;0;3;1;2;4;3;7;2;1;0;0;3;3;1;1;0;0;0;0;0;0;0;0;0;0;0;0;0;0;0;0;0;0;0;0
29.05.2024;00:06;A 49;1;0;0;0;0;1;1;0;0;0;0;4;7;0;0;0;0;0;0;2;0;2;5;0;0;1;0;3;21;0;0;2;18;2;15;2;29;0;0;4;43;0;0;6;33;2;2;0;0;0;0;3;5;0;0;0;0;0;0;0;0;0;0;0;0;0;0;0;0;0;0;0;0;0;0
29.05.2024;00:05;A 49;1;0;0;4;4;2;0;0;0;0;0;1;1;0;0;0;0;0;0;1;0;1;0;0;0;0;0;0;0;0;0;0;0;0;0;0;0;0;0;1;1;2;2;4;7;5;10;0;0;2;1;3;4;4;5;0;0;0;0;0;0;0;0;0;0;0;0;0;0;0;0;0;0;0;0
29.05.2024;00:04;A 49;1;0;0;1;0;1;1;0;0;0;0;0;0;0;0;0;0;0;0;0;0;0;0;0;0;0;0;0;0;0;0;0;0;0;0;0;0;0;0;2;4;3;3;1;2;2;6;0;0;0;0;2;1;2;3;0;0;0;0;0;0;0;0;0;0;0;0;0;0;0;0;0;0;0;0
29.05.2024;00:03;A 49;1;0;0;0;0;0;0;0;0;0;0;0;0;0;0;0;0;0;0;0;0;0;0;0;0;0;0;0;0;0;0;0;0;0;0;0;0;0;0;1;10;0;0;1;8;0;0;0;0;0;0;2;3;0;0;0;0;0;0;0;0;0;0;0;0;0;0;0;0;0;0;0;0;0;0
29.05.2024;00:02;A 49;1;0;0;0;0;2;2;0;0;0;0;0;0;0;0;0;0;0;0;0;0;0;0;0;0;1;0;1;0;0;0;1;10;0;0;2;4;0;0;4;4;2;1;6;19;2;4;0;0;0;0;4;7;4;3;0;0;0;0;0;0;0;0;0;0;0;0;0;0;0;0;0;0;0;0
29.05.2024;00:01;A 49;1;0;0;1;1;2;3;0;0;0;0;0;0;0;0;0;0;0;0;0;0;0;0;0;0;0;0;0;0;0;0;0;0;0;0;0;0;0;0;1;1;0;24;1;2;1;1;0;0;0;0;1;1;0;0;0;0;0;0;0;0;0;0;0;0;0;0;0;0;0;0;0;0;0;0
29.05.2024;00:00;A 49;1;0;0;0;0;0;0;0;0;0;0;1;4;0;0;0;0;0;0;0;0;1;1;0;0;0;0;0;0;0;0;0;0;0;0;2;10;0;0;3;5;3;5;4;17;1;4;0;0;2;3;4;6;4;5;0;0;0;0;0;0;0;0;0;0;0;0;0;0;0;0;0;0;0;0
28.05.2024;23:59;A 49;1;1;0;2;3;1;0;1;3;1;3;0;41;0;0;0;0;0;0;1;0;0;0;0;0;0;0;2;15;0;0;1;7;1;1;5;9;0;0;2;3;2;1;3;10;1;3;0;0;1;1;3;3;1;1;0;0;0;0;0;0;0;0;0;0;0;0;0;0;0;0;0;0;0;0
28.05.2024;23:58;A 49;1;0;0;1;1;2;1;0;0;0;0;2;4;0;0;0;0;0;0;1;1;2;4;0;0;0;0;0;0;0;0;1;13;0;0;1;1;0;0;3;14;2;2;3;13;2;4;0;0;1;1;5;5;3;3;0;0;0;0;0;0;0;0;0;0;0;0;0;0;0;0;0;0;0;0
28.05.2024;23:57;A 49;1;0;0;0;0;0;0;0;0;0;0;0;0;0;0;0;0;0;0;0;0;0;0;0;0;0;0;0;0;0;0;0;0;0;0;0;0;0;0;2;4;0;0;1;7;1;1;0;0;0;0;3;3;1;1;0;0;0;0;0;0;0;0;0;0;0;0;0;0;0;0;0;0;0;0
28.05.2024;23:56;A 49;1;0;0;0;0;2;2;0;0;0;0;1;1;0;0;0;0;0;0;1;0;1;0;0;0;0;0;0;0;0;0;0;0;0;0;0;0;0;0;2;3;1;0;3;3;2;5;0;0;0;0;1;1;2;3;0;0;0;0;0;0;0;0;0;0;0;0;0;0;0;0;0;0;0;0
28.05.2024;23:55;A 49;1;0;0;0;0;0;0;0;0;0;0;2;4;0;0;0;0;0;0;2;2;2;2;0;0;0;0;0;0;0;0;0;0;0;0;1;2;0;0;1;1;1;0;3;6;2;4;0;0;0;0;2;1;1;1;0;0;0;0;0;0;0;0;0;0;0;0;0;0;0;0;0;0;0;0
28.05.2024;23:54;A 49;1;0;0;0;0;1;0;0;0;0;0;2;22;0;0;0;0;0;0;1;1;2;5;0;0;0;0;1;2;0;0;1;10;0;0;3;10;0;0;5;6;1;0;3;15;1;4;0;0;0;0;5;4;0;0;0;0;0;0;0;0;0;0;0;0;0;0;0;0;0;0;0;0;0;0
28.05.2024;23:53;A 49;1;1;0;2;2;3;2;0;0;0;0;1;1;0;0;0;0;0;0;1;0;1;2;0;0;0;0;0;0;0;0;0;0;0;0;2;2;0;0;3;11;3;2;3;16;1;7;0;0;0;0;7;7;2;3;0;0;0;0;0;0;0;0;0;0;0;0;0;0;0;0;0;0;0;0
28.05.2024;23:52;A 49;1;0;0;0;0;1;1;0;0;0;0;0;0;0;0;0;0;0;0;0;0;0;0;0;0;0;0;0;0;0;0;0;0;0;0;1;2;0;0;0;0;1;1;2;1;2;3;0;0;1;1;0;0;4;5;0;0;0;0;0;0;0;0;0;0;0;0;0;0;0;0;0;0;0;0
28.05.2024;23:51;A 49;1;0;0;3;3;2;0;1;1;0;0;0;0;0;0;0;0;0;0;0;0;0;0;0;0;0;0;0;0;0;0;0;0;0;0;2;38;0;0;1;32;0;0;1;5;0;0;0;0;2;4;2;1;2;1;0;0;0;0;0;0;0;0;0;0;0;0;0;0;0;0;0;0;0;0
28.05.2024;23:50;A 49;1;1;0;2;3;2;6;0;0;0;0;0;0;0;0;0;0;0;0;0;0;0;0;0;0;0;0;0;0;0;0;0;0;0;0;4;14;0;0;2;2;3;4;3;8;2;13;1;6;1;4;5;5;2;2;0;0;0;0;0;0;0;0;0;0;0;0;0;0;0;0;0;0;0;0
28.05.2024;23:49;A 49;1;0;0;0;0;0;0;0;0;0;0;2;2;0;0;0;0;0;0;2;1;1;1;0;0;0;0;1;2;0;0;2;12;0;0;2;4;0;0;2;2;1;0;2;8;2;2;0;0;0;0;3;3;0;0;0;0;0;0;0;0;0;0;0;0;0;0;0;0;0;0;0;0;0;0
28.05.2024;23:48;A 49;1;0;0;0;0;0;0;0;0;0;0;0;2;0;0;0;0;0;0;1;0;1;0;0;0;1;1;1;24;1;0;2;32;0;0;2;11;0;0;2;7;0;0;2;8;1;0;0;0;0;0;2;3;0;0;0;0;0;0;0;0;0;0;0;0;0;0;0;0;0;0;0;0;0;0
28.05.2024;23:47;A 49;1;0;0;1;1;1;0;0;0;0;0;2;2;0;0;0;0;0;0;2;1;1;0;0;0;0;0;0;0;0;0;0;0;0;0;2;11;0;0;3;3;1;1;3;14;2;4;0;0;1;1;4;5;1;2;0;0;0;0;0;0;0;0;0;0;0;0;0;0;0;0;0;0;0;0
28.05.2024;23:46;A 49;1;0;0;0;0;1;0;0;0;0;0;0;0;0;0;0;0;0;0;0;0;0;0;0;0;1;1;2;51;0;0;2;58;2;18;0;0;0;0;3;7;2;6;2;6;1;1;0;0;0;0;3;3;0;0;0;0;0;0;0;0;0;0;0;0;0;0;0;0;0;0;0;0;0;0
28.05.2024;23:45;A 49;1;0;0;0;0;2;4;0;0;0;0;0;0;0;0;0;0;0;0;0;0;0;0;0;0;0;0;0;0;0;0;0;0;0;0;5;28;0;0;3;7;4;3;4;11;2;4;1;2;0;0;5;4;3;3;0;0;0;0;0;0;0;0;0;0;0;0;0;0;0;0;0;0;0;0
28.05.2024;23:44;A 49;1;0;0;0;0;2;2;0;0;0;0;1;2;0;0;0;0;0;0;0;0;1;2;0;0;0;0;5;52;0;0;2;71;0;0;3;20;0;0;2;7;0;0;4;14;1;2;0;0;0;0;3;4;1;1;0;0;0;0;0;0;0;0;0;0;0;0;0;0;0;0;0;0;0;0
28.05.2024;23:43;A 49;1;0;0;1;1;1;1;0;0;0;0;2;28;0;0;0;0;0;0;2;1;2;7;0;0;0;0;9;10;0;0;2;21;0;0;2;3;0;0;2;5;1;1;5;10;2;8;0;0;0;0;3;3;3;7;0;0;0;0;0;0;0;0;0;0;0;0;0;0;0;0;0;0;0;0
28.05.2024;23:42;A 49;1;0;0;0;0;2;1;0;0;0;0;2;6;0;0;0;0;0;0;1;21;2;4;0;0;0;0;2;46;0;0;2;52;0;0;1;6;0;0;2;21;1;0;6;13;2;6;0;0;0;0;4;6;3;3;0;0;0;0;0;0;0;0;0;0;0;0;0;0;0;0;0;0;0;0
28.05.2024;23:41;A 49;1;0;0;1;1;1;0;0;0;0;0;0;0;0;0;0;0;0;0;0;0;0;0;0;0;0;0;2;50;0;0;1;21;1;7;2;4;0;0;4;47;3;3;3;20;3;5;0;0;1;1;4;9;1;1;0;0;0;0;0;0;0;0;0;0;0;0;0;0;0;0;0;0;0;0
28.05.2024;23:40;A 49;1;0;0;0;0;0;0;0;0;0;0;0;0;0;0;0;0;0;0;0;0;0;0;0;0;0;0;0;0;0;0;2;4;0;0;1;1;0;0;5;18;2;1;6;29;4;4;0;0;0;0;7;11;2;1;0;0;0;0;0;0;0;0;0;0;0;0;0;0;0;0;0;0;0;0
28.05.2024;23:39;A 49;1;0;0;1;1;1;1;0;0;0;0;2;2;0;0;0;0;0;0;1;0;2;1;0;0;2;0;3;11;0;0;2;25;0;0;2;4;0;0;2;1;0;0;1;7;2;5;0;0;2;5;2;3;4;3;0;0;0;0;0;0;0;0;0;0;0;0;0;0;0;0;0;0;0;0
28.05.2024;23:38;A 49;1;0;0;0;0;0;0;0;0;0;0;0;0;0;0;0;0;0;0;0;0;0;0;0;0;1;0;3;37;0;0;5;47;1;8;1;1;0;0;1;1;1;1;2;5;1;1;0;0;0;0;1;2;0;0;0;0;0;0;0;0;0;0;0;0;0;0;0;0;0;0;0;0;0;0
28.05.2024;23:37;A 49;1;0;0;0;0;1;1;0;0;0;0;0;0;0;0;0;0;0;0;0;0;0;0;0;0;0;0;0;0;0;0;0;0;0;0;1;1;0;0;4;8;2;1;4;16;2;3;0;0;0;0;5;6;1;1;0;0;0;0;0;0;0;0;0;0;0;0;0;0;0;0;0;0;0;0
28.05.2024;23:36;A 49;1;0;0;0;0;2;2;0;0;0;0;0;0;0;0;0;0;0;0;0;0;0;0;0;0;0;0;0;25;0;0;0;0;0;0;1;38;0;0;2;3;1;0;2;8;2;4;0;0;0;0;2;3;4;2;0;0;0;0;0;0;0;0;0;0;0;0;0;0;0;0;0;0;0;0
28.05.2024;23:35;A 49;1;0;0;1;1;0;0;0;0;0;0;82;44;0;0;0;0;0;0;4;33;3;11;0;0;0;0;2;54;0;0;3;11;2;1;3;63;0;0;2;2;1;4;2;9;1;5;0;0;1;0;2;3;1;1;0;0;0;0;0;0;0;0;0;0;0;0;0;0;0;0;0;0;0;0
28.05.2024;23:34;A 49;1;0;0;0;0;2;1;0;0;0;0;211;30;0;0;0;0;0;0;0;0;0;0;0;0;0;0;2;69;0;0;1;38;0;0;5;24;0;0;1;2;1;1;2;6;4;10;0;0;0;0;2;2;3;3;0;0;0;0;0;0;0;0;0;0;0;0;0;0;0;0;0;0;0;0
28.05.2024;23:33;A 49;1;0;0;0;0;2;2;0;0;0;0;42;6;0;0;0;0;0;0;0;0;0;0;0;0;0;0;1;10;0;0;2;11;0;0;2;7;0;0;3;16;3;24;4;11;2;7;0;0;0;0;5;5;2;4;0;0;0;0;0;0;0;0;0;0;0;0;0;0;0;0;0;0;0;0
28.05.2024;23:32;A 49;1;0;0;0;0;3;2;0;0;0;0;1;2;0;0;0;0;0;0;1;32;1;1;0;0;0;0;0;0;0;0;0;0;0;0;0;0;0;0;3;17;2;1;4;12;3;8;0;0;0;0;4;5;3;5;0;0;0;0;0;0;0;0;0;0;0;0;0;0;0;0;0;0;0;0
28.05.2024;23:31;A 49;1;1;1;2;1;1;0;0;0;0;0;0;0;0;0;0;0;0;0;1;1;0;0;0;0;1;0;1;0;0;0;2;7;0;0;1;0;0;0;1;2;0;0;1;3;0;0;1;0;0;0;2;1;2;1;0;0;0;0;0;0;0;0;0;0;0;0;0;0;0;0;0;0;0;0
28.05.2024;23:30;A 49;1;0;0;0;0;2;1;0;0;0;0;110;14;0;0;0;0;0;0;0;0;0;0;0;0;0;0;1;56;0;0;1;53;0;0;3;7;0;0;5;26;3;2;6;23;3;16;0;0;0;0;4;8;4;5;0;0;0;0;0;0;0;0;0;0;0;0;0;0;0;0;0;0;0;0
28.05.2024;23:29;A 49;1;0;0;0;0;1;1;0;0;0;0;118;40;0;0;0;0;0;0;0;0;1;1;0;0;0;0;1;13;0;0;3;11;2;9;1;2;0;0;5;8;2;4;5;24;2;12;0;0;0;0;6;13;3;3;0;0;0;0;0;0;0;0;0;0;0;0;0;0;0;0;0;0;0;0
28.05.2024;23:28;A 49;1;0;0;0;0;0;0;0;0;0;0;4;0;0;0;0;0;0;0;0;0;0;0;0;0;1;1;4;23;0;0;5;25;0;0;1;0;0;0;5;5;3;0;5;24;3;4;0;0;0;0;9;9;0;0;0;0;0;0;0;0;0;0;0;0;0;0;0;0;0;0;0;0;0;0
28.05.2024;23:27;A 49;1;0;0;1;0;3;2;0;0;0;0;0;0;0;0;0;0;0;0;0;0;0;0;0;0;2;0;4;65;0;0;1;45;0;0;5;13;0;0;3;3;1;0;5;18;3;5;0;0;0;0;5;5;3;5;0;0;0;0;0;0;0;0;0;0;0;0;0;0;0;0;0;0;0;0
28.05.2024;23:26;A 49;1;0;0;2;2;4;6;0;0;0;0;0;0;0;0;0;0;0;0;0;0;0;0;0;0;0;0;2;53;0;0;5;19;0;0;2;4;0;0;4;6;2;2;4;19;2;42;1;10;0;0;8;12;2;3;0;0;0;0;0;0;0;0;0;0;0;0;0;0;0;0;0;0;0;0
28.05.2024;23:25;A 49;1;1;0;1;1;1;0;0;0;0;0;184;31;0;0;0;0;0;0;52;25;1;1;0;0;0;0;0;0;0;0;0;0;0;0;2;8;0;0;5;11;2;2;6;24;3;6;0;0;1;1;8;10;1;1;0;0;0;0;0;0;0;0;0;0;0;0;0;0;0;0;0;0;0;0
28.05.2024;23:24;A 49;1;0;0;0;0;2;2;0;0;0;0;78;18;0;0;0;0;0;0;1;1;0;0;0;0;1;0;3;54;0;0;4;31;0;0;3;5;0;0;3;3;2;1;2;10;3;4;0;0;0;0;3;5;0;0;0;0;0;0;0;0;0;0;0;0;0;0;0;0;0;0;0;0;0;0
28.05.2024;23:23;A 49;1;0;0;0;0;0;0;0;0;0;0;5;12;0;0;0;0;0;0;1;1;3;14;0;0;0;0;2;1;0;0;2;10;0;0;3;4;0;0;6;11;2;2;5;23;4;10;0;0;0;0;5;8;2;3;0;0;0;0;0;0;0;0;0;0;0;0;0;0;0;0;0;0;0;0
28.05.2024;23:22;A 49;1;0;0;3;3;4;4;0;0;0;0;1;1;0;0;0;0;0;0;1;0;1;0;0;0;1;0;2;45;0;0;4;26;0;0;3;7;0;0;3;22;0;1;3;11;3;4;0;0;1;0;6;10;3;2;0;0;0;0;0;0;0;0;0;0;0;0;0;0;0;0;0;0;0;0
28.05.2024;23:21;A 49;1;0;0;0;0;0;0;0;0;0;0;1;1;0;0;0;0;0;0;1;0;1;2;0;0;0;0;1;61;0;0;2;12;0;0;4;15;0;0;4;31;5;23;3;18;4;10;0;0;0;0;3;3;2;3;0;0;0;0;0;0;0;0;0;0;0;0;0;0;0;0;0;0;0;0
28.05.2024;23:20;A 49;1;0;0;0;0;0;0;0;0;0;0;57;14;0;0;0;0;0;0;1;25;0;0;0;0;0;0;3;2;0;0;1;7;0;0;2;9;0;0;3;14;0;0;4;37;2;2;0;0;0;0;5;7;0;0;0;0;0;0;0;0;0;0;0;0;0;0;0;0;0;0;0;0;0;0
28.05.2024;23:19;A 49;1;0;0;1;1;2;2;0;0;0;0;63;39;0;0;0;0;0;0;1;0;3;7;0;0;0;0;1;11;0;0;1;25;0;0;2;7;0;0;2;2;0;0;3;8;0;0;0;0;0;0;3;4;1;1;0;0;0;0;0;0;0;0;0;0;0;0;0;0;0;0;0;0;0;0
28.05.2024;23:18;A 49;1;0;0;1;0;2;1;0;0;0;0;3;4;0;0;0;0;0;0;2;2;2;4;0;0;0;0;1;9;0;0;1;7;0;0;3;32;0;0;3;8;2;2;3;12;3;16;0;0;1;2;5;5;5;6;0;0;0;0;0;0;0;0;0;0;0;0;0;0;0;0;0;0;0;0
28.05.2024;23:17;A 49;1;0;0;2;2;0;0;0;0;0;0;0;0;0;0;0;0;0;0;0;0;0;0;0;0;0;0;2;26;0;0;2;11;1;2;1;1;0;0;2;3;0;0;2;10;0;0;0;0;0;0;2;3;0;0;0;0;0;0;0;0;0;0;0;0;0;0;0;0;0;0;0;0;0;0
28.05.2024;23:16;A 49;1;0;0;1;0;1;0;0;0;0;0;1;1;0;0;0;0;0;0;1;0;1;1;0;0;0;0;0;0;0;0;1;10;0;0;0;0;0;0;0;0;1;0;1;0;0;0;0;0;0;0;0;0;1;1;0;0;0;0;0;0;0;0;0;0;0;0;0;0;0;0;0;0;0;0
28.05.2024;23:15;A 49;1;0;0;0;0;2;1;0;0;0;0;88;34;0;0;0;0;0;0;1;16;1;1;0;0;0;0;0;0;0;0;0;0;0;0;0;0;0;0;5;7;4;2;5;38;4;7;0;0;0;0;6;9;2;2;0;0;0;0;0;0;0;0;0;0;0;0;0;0;0;0;0;0;0;0
28.05.2024;23:14;A 49;1;0;0;0;0;2;0;0;0;0;0;55;11;0;0;0;0;0;0;0;0;0;0;0;0;0;0;2;25;0;0;0;28;0;0;2;6;0;0;3;4;0;0;2;10;1;2;0;0;0;0;3;5;4;4;0;0;0;0;0;0;0;0;0;0;0;0;0;0;0;0;0;0;0;0
28.05.2024;23:13;A 49;1;0;0;3;3;3;3;0;0;0;0;1;0;0;0;0;0;0;0;0;0;0;0;0;0;0;0;1;0;0;0;2;18;0;0;1;0;0;0;0;0;3;5;3;6;3;28;0;0;1;2;1;1;7;8;0;0;0;0;0;0;0;0;0;0;0;0;0;0;0;0;0;0;0;0
28.05.2024;23:12;A 49;1;1;0;1;1;2;2;0;0;0;0;2;2;0;0;0;0;0;0;0;0;2;1;0;0;0;0;2;40;0;0;1;5;0;0;3;15;0;0;1;22;1;21;1;7;1;1;0;0;0;0;1;2;0;0;0;0;0;0;0;0;0;0;0;0;0;0;0;0;0;0;0;0;0;0
28.05.2024;23:11;A 49;1;0;0;0;0;0;0;0;0;0;0;2;9;0;0;0;0;0;0;1;6;1;0;0;0;0;0;3;75;0;0;2;57;1;6;3;15;0;0;4;10;0;0;4;22;3;4;0;0;0;0;5;7;0;0;0;0;0;0;0;0;0;0;0;0;0;0;0;0;0;0;0;0;0;0
28.05.2024;23:10;A 49;1;0;0;2;2;3;3;0;0;0;0;91;25;0;0;0;0;0;0;1;0;1;0;0;0;0;0;2;21;0;0;4;12;0;0;1;2;0;0;1;1;1;2;2;3;2;6;0;0;1;3;2;3;3;3;0;0;0;0;0;0;0;0;0;0;0;0;0;0;0;0;0;0;0;0
28.05.2024;23:09;A 49;1;0;0;3;2;1;0;0;0;0;0;85;23;0;0;0;0;0;0;0;0;0;0;0;0;0;0;1;37;0;0;3;22;0;0;5;14;0;0;5;6;3;3;4;23;3;10;0;0;0;0;6;10;3;2;0;0;0;0;0;0;0;0;0;0;0;0;0;0;0;0;0;0;0;0
28.05.2024;23:08;A 49;1;1;0;2;2;2;1;2;2;0;0;2;22;0;0;0;0;0;0;2;19;2;4;0;0;0;0;0;55;0;0;0;0;0;0;0;0;0;0;3;4;1;7;3;14;1;1;0;0;0;0;5;5;3;2;0;0;0;0;0;0;0;0;0;0;0;0;0;0;0;0;0;0;0;0
28.05.2024;23:07;A 49;1;0;0;4;3;3;2;0;0;0;0;0;0;0;0;0;0;0;0;0;0;0;0;0;0;0;0;2;25;0;0;2;22;0;0;1;1;0;0;1;1;0;0;1;6;0;0;1;0;4;4;2;2;1;0;0;0;0;0;0;0;0;0;0;0;0;0;0;0;0;0;0;0;0;0
28.05.2024;23:06;A 49;1;1;0;3;3;2;1;0;0;0;0;1;2;0;0;0;0;0;0;0;0;1;1;0;0;0;0;1;36;0;0;3;10;0;0;3;12;0;0;2;2;3;2;3;9;3;7;0;0;1;1;2;4;2;2;0;0;0;0;0;0;0;0;0;0;0;0;0;0;0;0;0;0;0;0
28.05.2024;23:05;A 49;1;0;0;1;1;1;0;0;0;0;0;0;0;0;0;0;0;0;0;0;0;0;0;0;0;1;1;2;29;0;0;1;20;1;4;2;34;0;0;1;35;1;36;1;0;2;5;0;0;0;0;0;0;2;2;0;0;0;0;0;0;0;0;0;0;0;0;0;0;0;0;0;0;0;0
28.05.2024;23:04;A 49;1;1;0;1;0;1;1;0;0;0;0;2;2;0;0;0;0;0;0;2;12;2;2;0;0;0;0;1;50;0;0;1;11;0;0;5;11;0;0;4;5;0;0;4;12;1;1;0;0;0;0;5;5;0;0;0;0;0;0;0;0;0;0;0;0;0;0;0;0;0;0;0;0;0;0
28.05.2024;23:03;A 49;1;0;0;2;2;2;2;0;0;0;0;1;5;0;0;0;0;0;0;1;10;1;1;0;0;0;0;0;0;0;0;0;0;0;0;4;17;0;0;2;3;2;2;4;9;6;13;0;0;1;1;2;4;5;4;0;0;0;0;0;0;0;0;0;0;0;0;0;0;0;0;0;0;0;0
28.05.2024;23:02;A 49;1;0;0;1;0;1;0;0;0;0;0;0;32;0;0;0;0;0;0;0;34;0;0;0;0;0;0;2;4;0;0;0;7;1;3;2;16;0;0;1;2;0;0;3;7;1;2;0;0;0;0;3;4;0;0;0;0;0;0;0;0;0;0;0;0;0;0;0;0;0;0;0;0;0;0
28.05.2024;23:01;A 49;1;0;0;0;0;2;2;0;0;0;0;1;5;0;0;0;0;0;0;1;3;1;1;0;0;0;0;3;32;0;0;4;37;1;20;1;5;0;0;2;3;3;1;1;3;1;3;0;0;0;0;1;1;3;3;0;0;0;0;0;0;0;0;0;0;0;0;0;0;0;0;0;0;0;0
28.05.2024;23:00;A 49;1;0;0;0;0;1;0;0;0;0;0;0;0;0;0;0;0;0;0;0;0;0;0;0;0;0;0;0;0;0;0;0;0;0;0;2;2;0;0;1;1;2;2;4;12;3;7;0;0;0;0;5;5;4;2;0;0;0;0;0;0;0;0;0;0;0;0;0;0;0;0;0;0;0;0
28.05.2024;22:59;A 49;1;0;0;0;0;1;0;0;0;0;0;0;0;0;0;0;0;0;0;0;0;0;0;0;0;1;0;2;1;0;0;3;12;0;0;2;1;0;0;1;1;1;0;3;4;2;3;0;0;0;0;1;2;1;1;0;0;0;0;0;0;0;0;0;0;0;0;0;0;0;0;0;0;0;0
28.05.2024;22:58;A 49;1;0;0;0;0;4;3;0;0;0;0;4;35;0;0;0;0;0;0;2;28;4;6;0;0;2;1;3;3;0;0;1;14;0;0;3;8;0;0;5;12;2;31;0;44;2;23;0;0;0;0;4;8;2;2;0;0;0;0;0;0;0;0;0;0;0;0;0;0;0;0;0;0;0;0
28.05.2024;22:57;A 49;1;0;0;0;0;0;0;0;0;0;0;0;0;0;0;0;0;0;0;0;0;0;0;0;0;1;0;4;15;0;0;2;37;0;0;5;13;0;0;6;7;1;0;7;24;2;2;0;0;0;0;6;12;3;4;0;0;0;0;0;0;0;0;0;0;0;0;0;0;0;0;0;0;0;0
28.05.2024;22:56;A 49;1;0;0;0;0;1;0;0;0;0;0;0;0;0;0;0;0;0;0;0;0;0;0;0;0;4;5;3;53;0;0;3;65;1;10;3;35;0;0;5;27;2;1;3;50;1;2;0;0;0;0;6;9;1;2;0;0;0;0;0;0;0;0;0;0;0;0;0;0;0;0;0;0;0;0
28.05.2024;22:55;A 49;1;0;0;0;0;1;0;0;0;0;0;0;0;0;0;0;0;0;0;0;0;0;0;0;0;1;0;2;73;0;0;3;38;1;3;5;43;0;0;5;8;2;1;6;21;4;5;0;0;0;0;8;10;1;1;0;0;0;0;0;0;0;0;0;0;0;0;0;0;0;0;0;0;0;0
28.05.2024;22:54;A 49;1;0;0;1;1;0;0;0;0;0;0;0;0;0;0;0;0;0;0;0;0;0;0;0;0;2;1;2;36;0;0;6;21;2;15;3;30;0;0;2;11;0;0;2;12;0;0;0;0;0;0;3;3;0;0;0;0;0;0;0;0;0;0;0;0;0;0;0;0;0;0;0;0;0;0
28.05.2024;22:53;A 49;1;0;0;1;1;1;1;0;0;0;0;3;4;0;0;0;0;0;0;3;1;2;7;0;0;0;0;2;69;0;0;3;16;2;7;3;25;0;0;5;21;2;2;5;36;2;3;0;0;1;1;6;13;1;1;0;0;0;0;0;0;0;0;0;0;0;0;0;0;0;0;0;0;0;0
28.05.2024;22:52;A 49;1;0;0;2;2;1;1;0;0;0;0;4;10;1;3;0;0;0;0;1;8;2;35;3;8;0;0;3;22;0;0;3;23;0;0;1;3;0;0;2;25;3;3;3;10;2;3;0;0;0;0;4;5;1;0;0;0;0;0;0;0;0;0;0;0;0;0;0;0;0;0;0;0;0;0
28.05.2024;22:51;A 49;1;0;0;0;0;0;0;0;0;0;0;3;8;0;0;0;0;0;0;0;0;5;29;0;0;0;0;0;0;0;0;0;0;0;0;2;24;0;0;1;4;0;0;2;8;0;0;0;0;0;0;1;1;0;0;0;0;0;0;0;0;0;0;0;0;0;0;0;0;0;0;0;0;0;0
28.05.2024;22:50;A 49;1;0;0;0;0;2;2;0;0;0;0;0;0;0;0;0;0;0;0;0;0;0;0;0;0;0;0;0;0;0;0;0;0;0;0;1;0;0;0;1;2;0;0;2;3;1;3;0;0;0;0;1;2;1;2;0;0;0;0;0;0;0;0;0;0;0;0;0;0;0;0;0;0;0;0
28.05.2024;22:49;A 49;1;0;0;0;0;3;2;0;0;0;0;2;10;0;0;0;0;0;0;1;0;2;32;0;0;0;35;0;0;0;0;0;0;0;0;1;9;0;0;5;3;2;3;3;15;3;7;0;0;0;0;5;6;3;3;0;0;0;0;0;0;0;0;0;0;0;0;0;0;0;0;0;0;0;0
28.05.2024;22:48;A 49;1;0;0;0;0;1;1;0;0;0;0;1;1;0;0;0;0;0;0;1;0;1;1;0;46;4;9;4;45;0;0;4;60;0;0;6;11;0;0;5;8;1;1;7;22;3;7;0;0;0;0;4;5;6;6;0;0;0;0;0;0;0;0;0;0;0;0;0;0;0;0;0;0;0;0
28.05.2024;22:47;A 49;1;0;0;1;1;4;4;0;0;1;1;0;0;0;0;0;0;0;0;0;0;0;0;0;100;0;0;1;18;0;0;3;9;0;0;1;4;0;0;1;1;4;3;4;13;4;12;0;0;1;2;6;4;4;8;0;0;0;0;0;0;0;0;0;0;0;0;0;0;0;0;0;0;0;0
28.05.2024;22:46;A 49;1;0;0;1;1;2;2;0;0;0;0;2;30;0;0;0;0;0;0;0;0;8;12;0;100;0;0;2;39;0;0;5;14;1;5;2;21;0;0;7;43;1;0;3;34;2;5;0;0;1;1;7;8;2;3;0;0;0;0;0;0;0;0;0;0;0;0;0;0;0;0;0;0;0;0
28.05.2024;22:45;A 49;1;0;0;1;0;1;0;0;0;0;0;2;13;0;0;0;0;0;0;3;10;1;8;0;100;0;0;2;54;0;0;0;56;0;0;2;47;0;0;6;48;2;2;2;72;3;32;0;0;1;1;8;26;2;4;0;0;0;0;0;0;0;0;0;0;0;0;0;0;0;0;0;0;0;0
28.05.2024;22:44;A 49;1;0;0;1;1;1;0;0;0;0;0;3;17;0;0;0;0;0;0;2;2;3;21;0;100;4;3;7;50;0;0;1;87;5;42;4;32;0;0;3;7;1;5;3;19;1;6;0;0;1;1;3;5;0;0;0;0;0;0;0;0;0;0;0;0;0;0;0;0;0;0;0;0;0;0
28.05.2024;22:43;A 49;1;0;0;1;1;2;2;0;0;0;0;1;1;0;0;0;0;0;0;1;0;1;1;0;100;0;0;1;27;0;0;2;8;0;0;3;44;0;0;7;40;2;1;5;35;2;50;0;0;2;3;7;13;2;3;0;0;0;0;0;0;0;0;0;0;0;0;0;0;0;0;0;0;0;0
28.05.2024;22:42;A 49;1;0;0;0;0;2;2;0;0;0;0;3;55;0;0;0;0;0;0;2;1;2;51;0;100;1;0;0;0;0;0;0;0;0;0;3;47;0;0;2;5;2;2;4;15;3;9;0;0;0;0;2;4;2;4;0;0;0;0;0;0;0;0;0;0;0;0;0;0;0;0;0;0;0;0
28.05.2024;22:41;A 49;1;1;0;2;2;1;0;0;0;0;0;1;20;0;0;0;0;0;0;0;1;1;2;0;100;2;21;4;44;0;0;2;44;3;9;3;3;0;0;3;4;0;0;1;12;1;3;0;0;2;3;1;6;0;0;0;0;0;0;0;0;0;0;0;0;0;0;0;0;0;0;0;0;0;0
28.05.2024;22:40;A 49;1;0;0;1;1;1;1;0;0;0;0;2;3;0;0;0;0;0;0;2;0;2;3;0;100;1;0;2;66;0;0;2;73;0;0;5;8;0;0;6;28;3;1;3;49;2;8;0;0;1;2;8;10;2;1;0;0;0;0;0;0;0;0;0;0;0;0;0;0;0;0;0;0;0;0
28.05.2024;22:39;A 49;1;0;0;1;1;1;1;0;0;0;0;1;1;0;0;0;0;0;0;1;0;1;1;0;100;0;0;3;54;0;0;5;22;1;11;4;23;0;0;2;2;2;5;3;13;2;3;0;0;0;0;2;6;2;1;0;0;0;0;0;0;0;0;0;0;0;0;0;0;0;0;0;0;0;0
28.05.2024;22:38;A 49;1;0;0;1;1;3;3;0;0;0;0;1;2;0;0;0;0;0;0;0;0;1;3;0;100;2;1;6;26;0;0;1;56;1;3;4;37;0;0;2;2;2;1;3;7;4;7;0;0;1;1;4;2;4;3;0;0;0;0;0;0;0;0;0;0;0;0;0;0;0;0;0;0;0;0
28.05.2024;22:37;A 49;1;0;0;1;1;2;2;0;0;0;0;1;39;0;0;0;0;0;0;0;0;1;41;0;100;0;0;3;54;0;0;4;62;2;3;2;18;0;0;2;2;1;0;1;5;1;3;0;0;1;2;1;1;1;1;0;0;0;0;0;0;0;0;0;0;0;0;0;0;0;0;0;0;0;0
28.05.2024;22:36;A 49;1;0;0;1;1;5;5;0;0;0;0;0;0;0;0;0;0;0;0;0;0;0;0;0;100;0;0;3;70;0;0;3;68;0;0;4;14;0;0;3;6;0;0;5;24;4;13;1;3;0;0;5;7;7;11;0;0;0;0;0;0;0;0;0;0;0;0;0;0;0;0;0;0;0;0
28.05.2024;22:35;A 49;1;0;0;2;2;1;0;0;0;0;0;1;12;0;0;0;0;0;0;1;10;2;2;0;100;0;0;1;20;0;0;1;6;1;4;8;16;0;0;5;6;3;2;3;16;6;17;1;2;0;0;3;6;1;3;0;0;0;0;0;0;0;0;0;0;0;0;0;0;0;0;0;0;0;0
28.05.2024;22:34;A 49;1;0;0;0;0;2;2;0;0;0;0;56;23;0;0;0;0;0;0;1;0;2;4;0;100;0;0;1;0;0;0;1;7;0;0;1;3;0;0;5;5;2;1;5;24;2;9;0;0;0;0;12;13;1;2;0;0;0;0;0;0;0;0;0;0;0;0;0;0;0;0;0;0;0;0
28.05.2024;22:33;A 49;1;0;0;0;0;1;1;0;0;0;0;71;36;0;0;0;0;0;0;4;3;3;15;1;42;2;1;6;9;0;0;2;36;1;6;6;38;0;0;7;10;3;3;3;27;3;7;0;0;0;0;7;9;1;2;0;0;0;0;0;0;0;0;0;0;0;0;0;0;0;0;0;0;0;0
28.05.2024;22:32;A 49;1;0;0;4;4;2;2;0;0;0;0;63;14;0;0;0;0;0;0;1;0;1;1;0;0;3;4;6;69;0;0;2;85;0;0;1;22;0;0;4;29;34;7;2;37;2;7;0;0;0;0;4;8;0;0;0;0;0;0;0;0;0;0;0;0;0;0;0;0;0;0;0;0;0;0
28.05.2024;22:31;A 49;1;0;0;1;0;2;1;0;0;0;0;2;25;0;0;0;0;0;0;2;8;0;26;0;0;2;1;3;37;0;0;4;49;1;6;1;27;0;0;1;2;1;0;3;10;1;4;0;0;0;0;4;5;1;1;0;0;0;0;0;0;0;0;0;0;0;0;0;0;0;0;0;0;0;0
28.05.2024;22:30;A 49;1;0;0;1;1;1;2;0;0;2;1;1;29;0;0;0;0;0;0;1;26;1;31;0;0;1;0;2;31;0;0;5;21;1;5;4;16;0;0;1;15;0;0;1;4;2;8;1;2;0;0;1;1;2;1;0;0;0;0;0;0;0;0;0;0;0;0;0;0;0;0;0;0;0;0
28.05.2024;22:29;A 49;1;0;0;0;0;2;1;0;0;0;0;2;4;0;0;0;0;0;0;47;9;1;1;0;0;1;0;1;3;0;0;3;13;0;0;5;13;0;0;6;18;2;2;7;20;5;10;3;3;0;0;10;13;2;3;0;0;0;0;0;0;0;0;0;0;0;0;0;0;0;0;0;0;0;0
28.05.2024;22:28;A 49;1;0;0;2;2;2;1;0;0;0;0;1;5;0;0;0;0;0;0;19;3;1;2;0;0;0;0;2;12;0;0;3;16;0;0;2;16;0;0;4;5;2;2;4;15;1;13;4;3;0;0;3;6;3;5;0;0;0;0;0;0;0;0;0;0;0;0;0;0;0;0;0;0;0;0
28.05.2024;22:27;A 49;1;2;0;3;3;2;1;0;0;0;0;103;35;0;0;0;0;0;0;2;54;3;39;0;0;1;0;3;9;0;0;2;22;0;0;1;41;0;0;3;32;2;1;2;40;3;6;19;24;0;0;1;2;2;4;0;0;0;0;0;0;0;0;0;0;0;0;0;0;0;0;0;0;0;0
28.05.2024;22:26;A 49;1;1;0;3;4;3;2;2;1;0;0;10;22;0;0;0;0;0;0;2;2;2;3;0;0;0;0;6;60;0;0;2;77;0;0;6;26;0;0;3;12;1;0;5;17;2;11;1;2;1;0;6;7;1;1;0;0;0;0;0;0;0;0;0;0;0;0;0;0;0;0;0;0;0;0
28.05.2024;22:25;A 49;1;0;0;0;0;4;4;0;0;0;0;5;4;0;0;0;0;0;0;0;0;0;0;0;0;2;5;4;60;0;0;3;74;0;0;1;52;1;0;0;0;1;2;4;7;4;16;1;2;0;0;2;5;4;5;0;0;0;0;0;0;0;0;0;0;0;0;0;0;0;0;0;0;0;0
28.05.2024;22:24;A 49;1;0;0;4;5;4;5;0;0;1;2;126;27;0;0;0;0;0;0;1;54;0;0;0;0;0;0;5;56;0;0;0;100;3;12;4;54;0;0;3;24;3;6;2;35;6;40;1;7;3;27;1;3;8;9;0;0;0;0;0;0;0;0;0;0;0;0;0;0;0;0;0;0;0;0
28.05.2024;22:23;A 49;1;0;0;2;2;3;4;0;0;0;0;7;7;0;0;0;0;0;0;0;0;2;2;0;0;0;0;3;69;0;0;3;82;1;0;4;19;0;0;6;24;1;0;4;33;3;11;0;0;0;0;12;19;4;6;0;0;0;0;0;0;0;0;0;0;0;0;0;0;0;0;0;0;0;0
28.05.2024;22:22;A 49;1;1;0;4;4;6;6;2;1;0;0;48;17;0;0;0;0;0;0;3;19;4;6;0;0;1;0;7;29;0;0;11;53;1;5;7;12;0;0;3;3;6;9;6;13;3;44;2;20;1;19;8;9;5;9;0;0;0;0;0;0;0;0;0;0;0;0;0;0;0;0;0;0;0;0
28.05.2024;22:21;A 49;1;1;0;2;2;2;2;0;0;0;0;4;5;0;0;0;0;0;0;3;1;4;4;0;0;0;0;4;20;0;0;2;41;0;0;3;10;0;0;6;9;2;1;8;29;3;8;3;2;0;0;7;10;4;5;0;0;0;0;0;0;0;0;0;0;0;0;0;0;0;0;0;0;0;0
28.05.2024;22:20;A 49;1;0;0;1;1;3;2;0;0;0;0;1;6;0;0;0;0;0;0;0;0;1;1;0;0;0;0;2;64;0;0;5;49;1;3;3;8;0;0;5;8;3;4;8;25;3;10;0;0;1;1;6;9;3;6;0;0;0;0;0;0;0;0;0;0;0;0;0;0;0;0;0;0;0;0
28.05.2024;22:19;A 49;1;0;0;2;2;3;2;0;0;0;0;0;0;0;0;0;0;0;0;0;0;0;0;0;0;0;0;4;54;0;0;1;67;0;0;3;50;2;1;7;41;5;3;6;34;6;17;2;2;0;0;6;10;5;6;0;0;0;0;0;0;0;0;0;0;0;0;0;0;0;0;0;0;0;0
28.05.2024;22:18;A 49;1;0;0;5;3;7;5;0;0;0;0;2;49;0;0;0;0;0;0;2;1;1;53;0;0;1;0;3;43;1;0;3;60;0;0;5;11;0;0;7;29;3;3;7;53;4;31;2;1;0;0;9;10;6;6;0;0;0;0;0;0;0;0;0;0;0;0;0;0;0;0;0;0;0;0
28.05.2024;22:17;A 49;1;1;0;1;1;4;3;0;0;0;0;1;3;0;0;0;0;0;0;21;14;1;1;0;0;0;0;1;9;0;0;2;9;0;0;3;6;1;0;6;44;2;1;2;65;3;32;0;0;1;0;5;11;4;5;0;0;0;0;0;0;0;0;0;0;0;0;0;0;0;0;0;0;0;0
28.05.2024;22:16;A 49;1;0;0;0;0;3;2;0;0;0;0;0;0;0;0;0;0;0;0;0;0;0;0;0;0;0;0;1;1;0;0;2;3;0;0;1;34;0;0;3;41;3;2;1;53;2;46;0;0;0;0;5;6;1;2;0;0;0;0;0;0;0;0;0;0;0;0;0;0;0;0;0;0;0;0
28.05.2024;22:15;A 49;1;0;0;2;1;7;6;0;0;1;1;7;16;0;0;0;0;0;0;1;14;1;2;0;0;0;0;6;44;0;0;0;55;0;0;2;20;0;0;3;3;4;4;4;15;7;21;1;0;0;0;4;7;5;8;0;0;0;0;0;0;0;0;0;0;0;0;0;0;0;0;0;0;0;0
28.05.2024;22:14;A 49;1;0;0;1;0;0;0;0;0;0;0;11;36;0;0;0;0;0;0;0;0;2;3;0;0;0;0;2;72;0;0;4;79;0;0;2;14;0;0;7;13;1;0;4;28;2;3;3;2;0;0;6;9;1;0;0;0;0;0;0;0;0;0;0;0;0;0;0;0;0;0;0;0;0;0
28.05.2024;22:13;A 49;1;0;0;3;3;0;0;0;0;0;0;38;15;0;0;0;0;0;0;0;0;0;0;0;0;2;2;2;28;0;0;4;21;0;0;4;32;0;0;8;28;1;1;4;32;1;1;0;0;0;0;11;15;0;0;0;0;0;0;0;0;0;0;0;0;0;0;0;0;0;0;0;0;0;0
28.05.2024;22:12;A 49;1;1;0;2;2;7;7;0;0;0;0;10;44;0;0;0;0;0;0;11;34;1;48;0;0;2;2;1;18;0;0;2;8;0;0;3;39;1;1;5;30;6;21;6;50;5;49;2;40;2;3;9;10;9;15;0;0;0;0;0;0;0;0;0;0;0;0;0;0;0;0;0;0;0;0
28.05.2024;22:11;A 49;1;0;0;1;0;4;4;1;0;0;0;25;79;0;0;0;0;0;0;5;9;2;34;0;0;2;5;3;7;0;0;1;56;0;0;4;18;0;0;4;3;1;0;3;16;4;13;2;2;0;0;4;3;3;5;0;0;0;0;0;0;0;0;0;0;0;0;0;0;0;0;0;0;0;0
28.05.2024;22:10;A 49;1;0;0;1;1;2;1;0;0;0;0;101;15;0;0;0;0;0;0;1;41;2;46;0;0;3;1;4;3;0;0;5;25;1;1;7;24;0;0;5;26;1;0;5;39;4;11;0;0;0;0;6;10;3;5;0;0;0;0;0;0;0;0;0;0;0;0;0;0;0;0;0;0;0;0
28.05.2024;22:09;A 49;1;0;0;2;2;1;0;0;0;0;0;1;23;0;0;0;0;0;0;0;0;1;1;0;0;2;1;3;59;0;0;1;65;0;0;5;17;0;0;3;5;2;0;2;25;3;7;1;2;1;1;6;8;3;2;0;0;0;0;0;0;0;0;0;0;0;0;0;0;0;0;0;0;0;0
28.05.2024;22:08;A 49;1;0;0;1;0;2;1;0;0;0;0;0;0;0;0;0;0;0;0;0;0;0;0;0;0;0;0;1;0;0;0;3;11;0;0;6;19;0;0;5;8;1;0;1;23;1;1;0;0;1;1;6;10;0;0;0;0;0;0;0;0;0;0;0;0;0;0;0;0;0;0;0;0;0;0
28.05.2024;22:07;A 49;1;0;0;0;0;0;0;0;0;0;0;5;8;0;0;0;0;0;0;4;4;4;7;0;0;1;2;2;31;0;0;5;21;0;0;3;23;0;0;5;22;0;0;1;33;1;2;0;0;0;0;5;5;1;2;0;0;0;0;0;0;0;0;0;0;0;0;0;0;0;0;0;0;0;0
28.05.2024;22:06;A 49;1;0;0;2;1;2;1;0;0;0;0;0;0;0;0;0;0;0;0;0;0;0;0;0;0;0;0;1;0;0;0;3;6;0;0;3;14;0;0;3;8;2;1;4;21;2;4;2;1;1;1;6;9;1;2;0;0;0;0;0;0;0;0;0;0;0;0;0;0;0;0;0;0;0;0
28.05.2024;22:05;A 49;1;0;0;2;2;3;3;0;0;0;0;6;16;0;0;0;0;0;0;3;1;2;16;0;0;2;1;7;48;0;0;1;68;0;0;4;7;0;0;2;2;2;1;3;7;3;9;0;0;1;2;2;1;2;6;0;0;0;0;0;0;0;0;0;0;0;0;0;0;0;0;0;0;0;0
28.05.2024;22:04;A 49;1;0;0;3;3;3;2;0;0;0;0;36;4;0;0;0;0;0;0;1;0;1;1;0;0;0;0;6;69;0;0;2;94;0;0;4;27;0;0;12;17;3;3;3;50;6;10;0;0;0;0;3;20;3;4;0;0;0;0;0;0;0;0;0;0;0;0;0;0;0;0;0;0;0;0
28.05.2024;22:03;A 49;1;1;0;4;5;1;1;0;0;0;0;89;25;0;0;0;0;0;0;7;6;1;1;0;0;1;1;2;3;0;0;0;4;0;0;3;18;2;1;1;36;1;2;2;35;0;0;0;0;1;1;5;10;0;0;0;0;0;0;0;0;0;0;0;0;0;0;0;0;0;0;0;0;0;0
28.05.2024;22:02;A 49;1;0;0;1;1;1;1;1;1;0;0;39;39;0;0;0;0;0;0;4;29;3;35;0;0;1;0;5;66;0;0;1;90;1;74;5;34;0;0;8;12;4;4;5;23;2;2;0;0;0;0;8;11;1;2;0;0;0;0;0;0;0;0;0;0;0;0;0;0;0;0;0;0;0;0
28.05.2024;22:01;A 49;1;0;0;0;0;1;1;0;0;0;0;35;53;0;0;0;0;0;0;4;22;4;26;0;0;0;0;4;61;0;0;1;81;2;10;2;6;0;0;19;11;1;0;5;22;0;0;0;0;1;2;7;10;1;1;0;0;0;0;0;0;0;0;0;0;0;0;0;0;0;0;0;0;0;0
28.05.2024;22:00;A 49;1;0;0;1;0;3;2;0;0;0;0;16;55;0;0;0;0;0;0;0;0;2;11;0;0;0;0;1;1;0;0;0;0;0;0;6;14;0;0;4;17;2;1;2;17;4;10;1;3;1;1;6;9;3;5;0;0;0;0;0;0;0;0;0;0;0;0;0;0;0;0;0;0;0;0
28.05.2024;21:59;A 49;1;0;0;0;0;2;2;0;0;0;0;4;76;0;0;0;0;0;0;4;25;3;37;0;0;2;0;5;45;0;0;4;57;1;3;7;10;0;0;6;32;0;0;2;35;1;1;0;0;1;1;4;5;1;1;0;0;0;0;0;0;0;0;0;0;0;0;0;0;0;0;0;0;0;0
28.05.2024;21:58;A 49;1;0;0;3;3;4;3;0;0;0;0;0;0;0;0;0;0;0;0;0;0;0;0;0;0;4;1;4;65;0;0;3;45;0;0;3;16;0;0;3;22;2;1;3;28;3;5;0;0;3;3;6;10;3;4;0;0;0;0;0;0;0;0;0;0;0;0;0;0;0;0;0;0;0;0
28.05.2024;21:57;A 49;1;0;0;1;1;3;2;0;0;0;0;0;0;0;0;0;0;0;0;0;0;0;0;0;0;0;0;4;34;0;0;5;23;3;26;4;9;0;0;5;19;3;4;5;36;4;12;8;10;0;0;5;6;4;6;0;0;0;0;0;0;0;0;0;0;0;0;0;0;0;0;0;0;0;0
28.05.2024;21:56;A 49;1;0;0;0;0;4;4;0;0;0;0;1;40;0;0;0;0;0;0;1;39;1;7;0;0;1;1;3;60;0;0;4;49;0;0;4;57;0;0;4;10;6;8;6;26;5;26;4;7;0;0;4;8;4;7;0;0;0;0;0;0;0;0;0;0;0;0;0;0;0;0;0;0;0;0
28.05.2024;21:55;A 49;1;0;0;0;0;0;0;0;0;0;0;1;5;0;0;0;0;0;0;1;3;1;1;0;0;0;0;2;74;0;0;5;17;0;0;5;13;0;0;2;2;0;0;3;12;3;4;4;7;0;0;3;6;1;3;0;0;0;0;0;0;0;0;0;0;0;0;0;0;0;0;0;0;0;0
28.05.2024;21:54;A 49;1;0;0;0;0;1;1;0;0;0;0;11;33;0;0;0;0;0;0;1;1;1;12;0;0;1;0;5;38;0;0;6;34;1;7;4;5;0;0;3;10;1;0;2;23;1;2;1;1;0;0;4;9;1;0;0;0;0;0;0;0;0;0;0;0;0;0;0;0;0;0;0;0;0;0
28.05.2024;21:53;A 49;1;0;0;2;2;4;4;0;0;0;0;48;21;0;0;0;0;0;0;0;0;2;4;0;0;1;0;3;43;0;0;2;56;0;0;4;11;0;0;5;6;2;3;4;21;4;13;1;0;0;0;5;7;2;1;0;0;0;0;0;0;0;0;0;0;0;0;0;0;0;0;0;0;0;0
28.05.2024;21:52;A 49;1;0;0;0;0;3;3;0;0;0;0;32;31;0;0;0;0;0;0;2;1;2;5;0;0;0;0;5;28;0;0;3;48;0;0;5;19;0;0;3;18;2;3;5;33;3;25;18;20;0;0;4;4;3;6;0;0;0;0;0;0;0;0;0;0;0;0;0;0;0;0;0;0;0;0
28.05.2024;21:51;A 49;1;0;0;0;0;7;3;0;0;0;0;103;36;0;0;0;0;0;0;0;0;1;22;0;0;0;0;2;25;0;0;3;39;2;14;7;17;0;0;7;11;1;0;4;41;4;20;6;6;0;0;7;19;5;8;0;0;0;0;0;0;0;0;0;0;0;0;0;0;0;0;0;0;0;0
28.05.2024;21:50;A 49;1;0;0;1;1;5;5;0;0;0;0;5;1;0;0;0;0;0;0;0;0;0;0;0;0;3;2;3;28;0;0;2;31;0;0;4;11;0;0;4;5;2;1;6;20;3;12;2;13;0;0;6;10;4;7;0;0;0;0;0;0;0;0;0;0;0;0;0;0;0;0;0;0;0;0
28.05.2024;21:49;A 49;1;0;0;1;1;1;1;0;0;0;0;8;3;0;0;0;0;0;0;1;0;1;1;0;0;0;0;1;65;0;0;3;48;1;6;2;22;0;0;11;52;4;5;5;65;3;7;0;0;0;0;11;35;2;3;0;0;0;0;0;0;0;0;0;0;0;0;0;0;0;0;0;0;0;0
28.05.2024;21:48;A 49;1;0;0;0;0;4;4;0;0;1;1;4;69;0;0;0;0;0;0;4;2;1;73;0;0;2;3;9;44;0;0;2;67;1;3;5;46;0;0;5;7;2;2;6;22;4;14;6;11;0;0;7;9;5;8;0;0;0;0;0;0;0;0;0;0;0;0;0;0;0;0;0;0;0;0
28.05.2024;21:47;A 49;1;1;0;3;3;2;2;1;0;0;0;0;0;0;0;0;0;0;0;0;0;1;0;0;0;1;2;2;45;0;0;5;62;2;16;4;35;0;0;7;11;4;8;6;30;3;17;4;5;1;1;9;16;3;7;0;0;0;0;0;0;0;0;0;0;0;0;0;0;0;0;0;0;0;0
28.05.2024;21:46;A 49;1;0;0;0;0;3;3;0;0;0;0;1;17;0;0;0;0;0;0;1;1;1;1;0;0;0;0;4;38;0;0;0;49;0;0;7;10;0;0;16;26;3;3;6;35;3;12;0;0;0;0;9;13;4;5;0;0;0;0;0;0;0;0;0;0;0;0;0;0;0;0;0;0;0;0
28.05.2024;21:45;A 49;1;0;0;1;1;3;3;0;0;0;0;8;65;0;0;0;0;0;0;7;5;5;72;0;0;0;0;1;40;0;0;1;19;0;0;2;39;0;0;4;36;3;15;9;40;3;9;0;0;1;1;8;14;4;3;0;0;0;0;0;0;0;0;0;0;0;0;0;0;0;0;0;0;0;0
28.05.2024;21:44;A 49;1;0;0;1;1;1;0;0;0;0;0;2;5;0;0;0;0;0;0;0;0;1;2;0;0;0;0;4;62;0;0;5;55;0;0;1;1;0;0;5;16;3;1;4;27;3;6;1;4;0;0;7;12;1;2;0;0;0;0;0;0;0;0;0;0;0;0;0;0;0;0;0;0;0;0
28.05.2024;21:43;A 49;1;1;0;3;3;3;3;0;0;0;0;62;17;0;0;0;0;0;0;1;0;1;1;0;0;1;0;2;27;0;0;4;42;0;0;0;0;0;0;3;6;1;0;3;11;4;12;8;14;1;1;4;9;2;3;0;0;0;0;0;0;0;0;0;0;0;0;0;0;0;0;0;0;0;0
28.05.2024;21:42;A 49;1;0;0;2;2;2;1;0;0;0;0;49;15;0;0;0;0;0;0;1;0;1;1;0;0;0;0;4;3;0;0;1;30;0;0;0;0;0;0;3;4;1;0;4;14;1;3;0;0;1;0;6;4;1;1;0;0;0;0;0;0;0;0;0;0;0;0;0;0;0;0;0;0;0;0
28.05.2024;21:41;A 49;1;0;0;2;2;1;1;0;0;0;0;14;4;0;0;0;0;0;0;0;0;0;0;0;0;1;0;3;32;0;0;1;21;0;0;0;0;0;0;0;0;1;0;0;0;1;2;0;0;1;2;0;0;3;3;0;0;0;0;0;0;0;0;0;0;0;0;0;0;0;0;0;0;0;0
28.05.2024;21:40;A 49;1;0;0;0;0;2;2;0;0;0;0;22;50;0;0;0;0;0;0;1;38;3;3;0;0;0;0;6;57;0;0;2;73;2;40;1;28;0;0;3;4;2;2;3;8;2;7;0;0;0;0;2;3;0;0;0;0;0;0;0;0;0;0;0;0;0;0;0;0;0;0;0;0;0;0
28.05.2024;21:39;A 49;1;0;0;0;0;0;0;0;0;0;0;17;7;0;0;0;0;0;0;0;0;1;1;0;0;0;0;2;60;0;0;3;52;0;4;1;1;0;0;4;4;1;1;2;15;3;7;0;0;0;0;5;7;4;6;0;0;0;0;0;0;0;0;0;0;0;0;0;0;0;0;0;0;0;0
28.05.2024;21:38;A 49;1;1;0;2;2;2;2;0;0;0;0;4;18;0;0;0;0;0;0;2;1;1;6;0;0;1;3;1;25;0;0;0;16;2;8;3;38;0;0;2;6;4;4;2;16;4;12;0;0;0;0;3;4;2;4;0;0;0;0;0;0;0;0;0;0;0;0;0;0;0;0;0;0;0;0
28.05.2024;21:37;A 49;1;1;1;3;3;2;2;0;0;0;0;2;5;0;0;0;0;0;0;2;1;2;2;0;0;0;0;1;50;0;0;3;12;0;0;2;15;0;0;9;15;5;2;5;64;5;47;0;0;1;1;10;19;4;8;0;0;0;0;0;0;0;0;0;0;0;0;0;0;0;0;0;0;0;0
28.05.2024;21:36;A 49;1;0;0;1;1;2;2;0;0;0;0;2;1;0;0;0;0;0;0;1;0;2;3;0;0;0;0;1;18;0;0;1;15;0;0;2;2;0;0;5;19;0;0;5;12;2;6;0;0;1;1;4;3;3;3;0;0;0;0;0;0;0;0;0;0;0;0;0;0;0;0;0;0;0;0
28.05.2024;21:35;A 49;1;1;0;2;3;3;3;0;0;0;0;2;8;0;0;0;0;0;0;0;0;1;10;0;0;0;0;7;57;0;0;0;72;1;7;4;4;0;0;6;7;2;2;6;26;2;8;0;0;0;0;6;11;2;3;0;0;0;0;0;0;0;0;0;0;0;0;0;0;0;0;0;0;0;0
28.05.2024;21:34;A 49;1;0;0;2;1;3;2;1;0;0;0;1;1;0;0;0;0;0;0;0;0;1;1;0;0;0;0;4;71;0;0;1;90;0;92;2;15;1;1;1;1;1;1;1;3;2;4;0;0;0;0;1;2;3;2;0;0;0;0;0;0;0;0;0;0;0;0;0;0;0;0;0;0;0;0
28.05.2024;21:33;A 49;1;0;0;0;0;2;1;0;0;0;0;3;11;0;0;0;0;0;0;3;58;1;12;0;0;0;0;3;64;0;0;2;89;3;87;2;5;0;0;3;2;2;4;4;16;2;5;2;2;0;0;3;4;2;4;0;0;0;0;0;0;0;0;0;0;0;0;0;0;0;0;0;0;0;0
28.05.2024;21:32;A 49;1;0;0;0;0;0;0;0;0;0;0;1;47;0;0;0;0;0;0;0;0;2;39;0;0;2;1;10;67;123;13;1;91;2;18;8;86;0;0;6;28;0;0;6;38;3;3;0;0;0;0;7;11;0;0;0;0;0;0;0;0;0;0;0;0;0;0;0;0;0;0;0;0;0;0
28.05.2024;21:31;A 49;1;0;0;3;3;5;3;0;0;0;0;3;5;0;0;0;0;0;0;1;0;2;4;0;0;1;0;3;31;26;2;3;53;2;12;3;32;0;0;4;8;3;4;5;29;3;15;0;0;0;0;5;9;4;4;0;0;0;0;0;0;0;0;0;0;0;0;0;0;0;0;0;0;0;0
28.05.2024;21:30;A 49;1;0;0;4;5;6;4;0;0;0;0;0;0;0;0;0;0;0;0;0;0;1;1;0;0;1;1;19;44;42;3;2;24;1;3;2;45;0;0;4;10;3;2;5;36;4;35;0;0;1;2;4;8;6;9;0;0;0;0;0;0;0;0;0;0;0;0;0;0;0;0;0;0;0;0
28.05.2024;21:29;A 49;1;0;0;1;1;5;4;0;0;0;0;0;0;0;0;0;0;0;0;0;12;0;0;0;0;0;0;7;2;4;0;1;13;1;9;3;25;0;0;3;9;3;5;2;25;3;15;0;0;0;0;3;9;4;7;0;0;0;0;0;0;0;0;0;0;0;0;0;0;0;0;0;0;0;0
28.05.2024;21:28;A 49;1;1;0;3;3;2;1;0;0;0;0;4;7;0;0;0;0;0;0;3;9;4;8;0;0;0;0;6;61;0;0;2;75;0;0;4;17;1;0;7;11;4;5;3;39;4;26;1;0;1;0;7;18;5;10;0;0;0;0;0;0;0;0;0;0;0;0;0;0;0;0;0;0;0;0
28.05.2024;21:27;A 49;1;0;0;2;2;2;2;0;0;0;0;4;34;0;0;0;0;0;0;2;8;1;36;0;0;0;0;1;41;0;0;2;23;0;0;0;0;0;0;2;4;2;1;4;12;4;14;1;0;5;4;1;3;4;5;0;0;0;0;0;0;0;0;0;0;0;0;0;0;0;0;0;0;0;0
28.05.2024;21:26;A 49;1;0;0;0;0;0;0;0;0;0;0;2;30;0;0;0;0;0;0;2;26;3;30;0;0;0;0;2;1;0;0;1;11;1;1;1;0;0;0;3;3;0;0;3;15;1;1;1;0;0;0;4;6;1;2;0;0;0;0;0;0;0;0;0;0;0;0;0;0;0;0;0;0;0;0
28.05.2024;21:25;A 49;1;0;0;3;3;6;4;0;0;0;0;2;4;0;0;0;0;0;0;2;26;1;23;0;0;1;1;1;3;0;0;1;15;0;0;0;0;0;0;2;4;1;0;1;18;3;12;0;0;1;1;1;2;3;4;0;0;0;0;0;0;0;0;0;0;0;0;0;0;0;0;0;0;0;0
28.05.2024;21:24;A 49;1;0;0;3;3;4;2;0;0;0;0;4;14;0;0;0;0;0;0;2;25;3;34;0;0;5;1;7;7;0;0;2;43;0;0;0;0;0;0;2;7;3;4;2;32;4;18;1;1;1;0;2;5;3;8;0;0;0;0;0;0;0;0;0;0;0;0;0;0;0;0;0;0;0;0
28.05.2024;21:23;A 49;1;0;0;3;3;2;1;0;0;0;0;1;1;0;0;0;0;0;0;1;1;1;2;0;0;1;0;5;63;0;0;2;73;1;1;0;1;0;0;5;42;2;6;6;47;4;21;1;0;2;1;4;14;4;7;0;0;0;0;0;0;0;0;0;0;0;0;0;0;0;0;0;0;0;0
28.05.2024;21:22;A 49;1;0;0;1;0;3;2;0;0;0;0;3;4;0;0;0;0;0;0;2;1;3;7;0;0;1;0;3;35;0;0;3;51;0;0;1;7;0;0;3;5;1;5;4;25;3;10;3;1;0;0;4;9;2;4;0;0;0;0;0;0;0;0;0;0;0;0;0;0;0;0;0;0;0;0
28.05.2024;21:21;A 49;1;0;0;4;4;5;3;0;0;0;0;0;0;0;0;0;0;0;0;0;0;0;0;0;0;3;1;8;50;0;0;3;87;2;9;2;13;0;0;8;13;4;3;3;43;3;11;0;6;0;0;7;23;4;4;0;0;0;0;0;0;0;0;0;0;0;0;0;0;0;0;0;0;0;0
28.05.2024;21:20;A 49;1;0;0;4;4;2;1;0;0;0;0;2;10;0;0;0;0;0;0;2;2;1;12;0;0;0;0;4;70;0;0;2;94;2;25;0;0;0;0;4;5;3;5;3;22;5;22;1;4;2;4;4;9;4;7;0;0;0;0;0;0;0;0;0;0;0;0;0;0;0;0;0;0;0;0
28.05.2024;21:19;A 49;1;0;0;0;0;0;0;0;0;0;0;0;0;0;0;0;0;0;0;0;0;0;0;0;0;2;0;3;2;0;0;2;16;0;0;0;0;0;0;6;17;1;0;1;33;3;23;3;4;1;1;3;12;1;1;0;0;0;0;0;0;0;0;0;0;0;0;0;0;0;0;0;0;0;0
28.05.2024;21:18;A 49;1;0;0;2;2;2;1;0;0;0;0;2;26;0;0;0;0;0;0;3;2;1;4;0;0;1;0;0;0;0;0;0;0;0;0;2;1;0;0;6;27;3;2;6;48;5;26;0;0;0;0;7;20;2;2;0;0;0;0;0;0;0;0;0;0;0;0;0;0;0;0;0;0;0;0
28.05.2024;21:17;A 49;1;0;0;4;4;1;0;1;0;0;0;2;24;0;0;0;0;0;0;0;0;2;4;0;0;3;3;9;47;0;0;3;84;1;9;0;0;0;0;7;14;1;1;3;53;3;6;0;0;0;0;7;20;1;2;0;0;0;0;0;0;0;0;0;0;0;0;0;0;0;0;0;0;0;0
28.05.2024;21:16;A 49;1;0;0;0;0;1;1;0;0;0;0;1;2;0;0;0;0;0;0;1;1;1;2;0;0;0;0;2;63;0;0;1;78;5;11;0;2;0;0;8;25;3;3;2;64;3;13;0;0;3;1;8;20;1;2;0;0;0;0;0;0;0;0;0;0;0;0;0;0;0;0;0;0;0;0
28.05.2024;21:15;A 49;1;0;0;2;2;2;2;1;0;0;0;3;31;0;0;0;0;0;0;1;0;3;32;0;0;0;0;3;19;0;0;1;24;0;0;1;1;0;0;5;9;3;2;7;41;6;15;1;0;1;7;9;17;3;7;0;0;0;0;0;0;0;0;0;0;0;0;0;0;0;0;0;0;0;0
28.05.2024;21:14;A 49;1;1;0;4;4;4;4;0;0;0;0;5;39;0;0;0;0;0;0;1;1;2;8;0;0;1;3;6;75;0;0;2;94;1;1;3;9;0;0;7;11;6;9;4;43;5;26;8;11;3;19;7;15;3;6;0;0;0;0;0;0;0;0;0;0;0;0;0;0;0;0;0;0;0;0
28.05.2024;21:13;A 49;1;1;0;2;2;2;1;0;0;0;0;4;75;0;0;0;0;0;0;1;52;3;49;0;0;1;0;8;49;0;0;1;91;2;17;0;0;2;1;4;24;3;2;3;43;2;8;0;0;1;0;3;8;2;4;0;0;0;0;0;0;0;0;0;0;0;0;0;0;0;0;0;0;0;0
28.05.2024;21:12;A 49;1;0;0;0;0;2;1;0;0;0;0;0;0;0;0;0;0;0;0;0;0;0;0;0;0;1;0;5;22;0;0;1;41;0;0;0;0;1;0;4;8;1;0;4;18;3;10;0;0;1;0;4;7;2;3;0;0;0;0;0;0;0;0;0;0;0;0;0;0;0;0;0;0;0;0
28.05.2024;21:11;A 49;1;0;0;3;3;2;1;0;0;0;0;2;2;0;0;0;0;0;0;2;1;2;4;0;0;2;1;3;14;0;0;2;39;0;0;0;0;0;0;5;7;2;1;2;58;3;4;0;0;4;1;5;17;1;1;0;0;0;0;0;0;0;0;0;0;0;0;0;0;0;0;0;0;0;0
28.05.2024;21:10;A 49;1;0;0;1;1;1;1;0;0;0;0;2;2;0;0;0;0;0;0;1;0;2;3;0;0;2;2;7;60;0;0;1;80;0;0;0;0;0;0;6;9;1;1;5;44;4;9;0;0;0;0;8;18;2;4;0;0;0;0;0;0;0;0;0;0;0;0;0;0;0;0;0;0;0;0
28.05.2024;21:09;A 49;1;1;0;2;2;1;1;0;0;0;0;2;40;0;0;0;0;0;0;0;0;2;5;0;0;0;0;1;64;0;0;1;69;4;26;1;5;0;0;2;4;1;3;1;44;1;38;0;0;3;1;1;2;1;2;0;0;0;0;0;0;0;0;0;0;0;0;0;0;0;0;0;0;0;0
28.05.2024;21:08;A 49;1;0;0;1;0;4;4;0;0;0;0;3;39;0;0;0;0;0;0;3;41;3;37;0;0;3;0;8;24;0;0;1;52;1;1;0;0;3;3;5;9;3;5;6;42;5;32;1;5;0;0;7;19;7;16;0;0;0;0;0;0;0;0;0;0;0;0;0;0;0;0;0;0;0;0
28.05.2024;21:07;A 49;1;0;0;2;2;4;3;0;0;0;0;1;50;0;0;0;0;0;0;1;45;1;30;0;0;0;0;1;42;0;0;2;39;1;9;1;1;0;0;5;10;5;4;5;30;4;30;1;20;2;2;5;10;4;9;0;0;0;0;0;0;0;0;0;0;0;0;0;0;0;0;0;0;0;0
28.05.2024;21:06;A 49;1;3;1;6;6;6;10;0;0;0;0;5;39;0;0;0;0;0;0;4;5;2;49;0;0;0;0;3;18;0;0;1;26;0;0;1;6;1;1;9;51;7;6;4;76;4;29;1;7;4;5;3;31;6;29;0;0;0;0;0;0;0;0;0;0;0;0;0;0;0;0;0;0;0;0
28.05.2024;21:05;A 49;1;1;0;2;1;2;1;0;0;0;0;1;2;0;0;0;0;0;0;1;0;1;2;0;0;3;1;6;25;0;0;4;35;3;15;3;10;2;1;3;36;1;2;3;20;1;7;2;9;0;0;4;8;0;0;0;0;0;0;0;0;0;0;0;0;0;0;0;0;0;0;0;0;0;0
28.05.2024;21:04;A 49;1;0;0;3;2;3;1;0;0;0;0;1;0;0;0;0;0;0;0;0;0;1;1;0;0;2;1;3;52;0;0;4;29;1;4;0;0;1;1;7;32;0;0;5;43;2;5;0;0;0;0;7;19;1;1;0;0;0;0;0;0;0;0;0;0;0;0;0;0;0;0;0;0;0;0
28.05.2024;21:03;A 49;1;0;0;0;0;2;1;0;0;0;0;3;9;0;0;0;0;0;0;3;31;3;35;0;0;0;0;1;53;0;0;1;9;0;0;0;0;0;0;12;35;4;4;3;69;4;11;4;4;0;0;10;22;1;2;0;0;0;0;0;0;0;0;0;0;0;0;0;0;0;0;0;0;0;0
28.05.2024;21:02;A 49;1;0;0;2;2;2;1;0;0;0;0;3;35;0;0;0;0;0;0;2;1;2;34;0;0;1;0;3;33;0;0;2;26;0;0;1;0;1;0;12;31;4;4;7;64;4;10;2;4;1;0;10;32;1;2;0;0;0;0;0;0;0;0;0;0;0;0;0;0;0;0;0;0;0;0
28.05.2024;21:01;A 49;1;0;0;1;1;3;2;0;0;0;0;1;6;0;0;0;0;0;0;1;37;1;2;0;0;1;0;3;42;0;0;2;31;0;0;4;7;0;0;10;23;2;2;2;62;2;22;2;1;1;0;7;29;4;7;0;0;0;0;0;0;0;0;0;0;0;0;0;0;0;0;0;0;0;0
28.05.2024;21:00;A 49;1;1;0;5;6;1;0;0;0;0;0;0;0;0;0;0;0;0;0;0;0;0;0;0;0;0;0;5;42;0;0;6;42;1;5;0;0;0;0;5;18;0;0;2;35;3;9;11;6;2;3;8;19;3;5;0;0;0;0;0;0;0;0;0;0;0;0;0;0;0;0;0;0;0;0
28.05.2024;20:59;A 49;1;0;0;3;3;2;2;0;0;1;3;1;1;0;0;0;0;0;0;0;0;1;2;0;0;2;4;4;51;0;0;1;52;0;0;0;0;0;0;4;27;4;17;3;19;4;27;1;0;2;13;3;11;2;5;0;0;0;0;0;0;0;0;0;0;0;0;0;0;0;0;0;0;0;0
28.05.2024;20:58;A 49;1;0;0;1;1;0;0;0;0;0;0;2;7;0;0;0;0;0;0;2;1;2;17;0;0;0;0;5;47;0;0;2;43;0;0;1;0;1;1;7;13;2;2;5;41;2;12;3;14;0;0;7;16;0;0;0;0;0;0;0;0;0;0;0;0;0;0;0;0;0;0;0;0;0;0
28.05.2024;20:57;A 49;1;0;0;0;0;2;1;0;0;0;0;3;3;0;0;0;0;0;0;2;1;2;5;0;0;0;0;1;51;0;0;2;38;0;0;0;0;0;0;7;12;1;0;2;45;1;14;0;0;0;0;5;29;1;2;0;0;0;0;0;0;0;0;0;0;0;0;0;0;0;0;0;0;0;0
28.05.2024;20:56;A 49;1;0;0;1;1;0;0;0;0;0;0;1;29;0;0;0;0;0;0;1;13;2;4;0;0;0;0;3;61;0;0;1;76;0;0;0;0;0;0;3;12;0;0;4;19;2;6;0;0;1;1;3;7;1;1;0;0;0;0;0;0;0;0;0;0;0;0;0;0;0;0;0;0;0;0
28.05.2024;20:55;A 49;1;0;0;2;1;3;1;0;0;0;0;1;1;0;0;0;0;0;0;0;0;1;1;0;0;0;0;3;6;0;0;3;33;0;0;0;0;0;0;6;38;2;3;4;55;3;21;0;0;1;0;4;10;1;1;0;0;0;0;0;0;0;0;0;0;0;0;0;0;0;0;0;0;0;0
28.05.2024;20:54;A 49;1;1;0;1;1;1;0;0;0;0;0;5;18;0;0;0;0;0;0;2;3;3;30;0;0;0;0;2;18;0;0;2;21;1;5;0;0;0;0;5;37;1;0;6;57;3;4;0;0;0;0;7;14;2;4;0;0;0;0;0;0;0;0;0;0;0;0;0;0;0;0;0;0;0;0
28.05.2024;20:53;A 49;1;0;0;0;0;1;1;0;0;0;0;2;61;0;0;0;0;0;0;1;0;2;64;0;0;1;0;8;53;0;0;1;81;2;40;0;0;0;0;13;20;5;4;3;61;6;19;0;0;0;0;9;41;2;5;0;0;0;0;0;0;0;0;0;0;0;0;0;0;0;0;0;0;0;0
28.05.2024;20:52;A 49;1;1;0;4;3;3;3;0;0;0;0;3;6;0;0;0;0;0;0;2;1;2;5;0;0;0;0;2;14;0;0;2;21;0;0;0;0;0;0;1;3;2;2;3;7;4;11;0;0;3;6;3;3;3;6;0;0;0;0;0;0;0;0;0;0;0;0;0;0;0;0;0;0;0;0
28.05.2024;20:51;A 49;1;1;0;1;0;2;1;0;0;0;0;2;11;0;0;0;0;0;0;2;58;2;34;0;0;2;0;6;63;0;0;0;79;1;43;1;21;0;0;6;12;0;0;2;42;0;0;3;14;0;0;4;8;0;0;0;0;0;0;0;0;0;0;0;0;0;0;0;0;0;0;0;0;0;0
28.05.2024;20:50;A 49;1;0;0;2;2;3;2;0;0;0;0;0;0;0;0;0;0;0;0;0;0;1;0;0;0;3;2;5;72;1;0;3;89;1;2;1;41;1;0;3;24;2;2;2;46;2;3;0;0;1;7;5;16;2;3;0;0;0;0;0;0;0;0;0;0;0;0;0;0;0;0;0;0;0;0
28.05.2024;20:49;A 49;1;0;0;1;1;3;2;0;0;0;0;1;1;0;0;0;0;0;0;1;0;1;2;0;0;2;0;4;7;0;0;3;40;1;5;0;0;0;0;6;47;4;8;3;70;3;50;2;0;0;0;8;15;4;9;0;0;0;0;0;0;0;0;0;0;0;0;0;0;0;0;0;0;0;0
28.05.2024;20:48;A 49;1;0;0;0;0;4;4;0;0;0;0;3;3;0;0;0;0;0;0;3;2;3;6;0;0;1;0;5;52;0;0;2;40;0;0;0;0;0;0;10;40;3;30;3;67;3;6;17;8;1;0;5;19;2;5;0;0;0;0;0;0;0;0;0;0;0;0;0;0;0;0;0;0;0;0
28.05.2024;20:47;A 49;1;0;0;3;3;3;2;0;0;0;0;0;0;0;0;0;0;0;0;0;0;0;0;0;0;3;1;4;52;0;0;3;68;0;0;3;8;0;0;6;38;2;2;4;65;3;19;4;2;2;0;11;26;3;6;0;0;0;0;0;0;0;0;0;0;0;0;0;0;0;0;0;0;0;0
28.05.2024;20:46;A 49;1;1;0;2;2;0;0;0;0;0;0;1;4;0;0;0;0;0;0;1;2;1;3;0;0;0;0;2;69;0;0;1;44;0;0;0;0;0;0;6;13;2;5;6;64;2;11;15;13;1;0;5;15;2;4;0;0;0;0;0;0;0;0;0;0;0;0;0;0;0;0;0;0;0;0
28.05.2024;20:45;A 49;1;0;0;1;1;3;2;0;0;1;1;6;25;0;0;0;0;0;0;2;1;3;28;0;0;2;51;2;56;15;2;2;69;1;6;0;0;0;0;2;2;0;0;3;10;3;8;17;12;3;1;2;4;1;4;0;0;0;0;0;0;0;0;0;0;0;0;0;0;0;0;0;0;0;0
28.05.2024;20:44;A 49;1;0;0;0;0;3;3;0;0;0;0;2;3;0;0;0;0;0;0;1;2;3;4;0;0;0;0;1;0;0;0;1;3;0;0;0;0;0;0;4;6;3;1;4;17;3;6;0;0;0;0;5;9;4;7;0;0;0;0;0;0;0;0;0;0;0;0;0;0;0;0;0;0;0;0
28.05.2024;20:43;A 49;1;2;0;3;3;3;2;0;0;0;0;2;3;0;0;0;0;0;0;1;0;2;5;0;0;1;0;6;32;0;0;4;57;3;11;0;0;0;0;6;10;8;3;6;33;5;13;0;0;1;0;6;13;3;5;0;0;0;0;0;0;0;0;0;0;0;0;0;0;0;0;0;0;0;0
28.05.2024;20:42;A 49;1;1;0;3;3;2;2;0;0;0;0;14;17;0;0;0;0;0;0;5;3;7;17;0;0;3;2;5;31;0;0;1;53;1;7;2;4;0;0;4;10;2;2;3;21;4;13;0;0;0;0;4;11;2;4;0;0;0;0;0;0;0;0;0;0;0;0;0;0;0;0;0;0;0;0
28.05.2024;20:41;A 49;1;1;0;6;6;7;5;0;0;0;0;2;23;0;0;0;0;0;0;1;20;0;22;0;0;1;0;5;37;0;0;2;59;1;1;0;0;0;0;9;24;4;9;2;57;6;44;0;0;2;23;5;23;2;3;0;0;0;0;0;0;0;0;0;0;0;0;0;0;0;0;0;0;0;0
28.05.2024;20:40;A 49;1;1;0;2;2;3;3;0;0;0;0;8;74;0;0;0;0;0;0;4;60;3;47;0;0;0;0;3;3;0;0;1;11;0;0;1;0;0;0;5;34;2;1;3;51;2;14;1;1;1;17;7;15;4;8;0;0;0;0;0;0;0;0;0;0;0;0;0;0;0;0;0;0;0;0
28.05.2024;20:39;A 49;1;0;0;0;0;2;2;0;0;0;0;36;35;0;0;0;0;0;0;1;15;2;7;0;0;0;0;4;51;0;0;2;81;0;0;1;2;0;0;3;4;2;1;4;14;2;5;1;10;1;1;4;8;1;2;0;0;0;0;0;0;0;0;0;0;0;0;0;0;0;0;0;0;0;0
28.05.2024;20:38;A 49;1;0;0;0;0;1;1;0;0;0;0;11;31;0;0;0;0;0;0;0;0;1;4;0;0;0;0;1;0;0;0;1;7;0;0;0;0;0;0;5;21;2;3;3;42;4;15;3;1;0;0;5;11;2;3;0;0;0;0;0;0;0;0;0;0;0;0;0;0;0;0;0;0;0;0
28.05.2024;20:37;A 49;1;0;0;0;0;7;7;0;0;0;0;2;43;0;0;0;0;0;0;0;0;1;24;0;0;1;1;2;42;0;0;2;18;1;1;0;0;0;0;3;27;3;18;2;31;6;39;1;1;0;0;4;9;5;11;0;0;0;0;0;0;0;0;0;0;0;0;0;0;0;0;0;0;0;0
28.05.2024;20:36;A 49;1;0;0;3;3;1;0;0;0;0;0;2;15;0;0;0;0;0;0;0;0;2;5;0;0;0;0;0;0;0;0;0;0;0;0;1;3;0;0;8;34;5;23;2;50;6;39;0;0;1;0;5;21;3;7;0;0;0;0;0;0;0;0;0;0;0;0;0;0;0;0;0;0;0;0
28.05.2024;20:35;A 49;1;0;0;4;4;4;3;0;0;0;0;2;2;0;0;0;0;0;0;1;0;2;4;0;0;1;0;2;36;0;0;2;18;0;0;1;25;1;0;8;27;4;1;5;58;4;21;0;0;5;18;10;23;3;3;0;0;0;0;0;0;0;0;0;0;0;0;0;0;0;0;0;0;0;0
28.05.2024;20:34;A 49;1;0;0;2;2;3;2;0;0;0;0;0;39;0;0;0;0;0;0;1;0;0;0;0;0;2;0;5;23;0;0;1;25;0;0;0;0;0;0;10;12;5;4;3;64;26;36;0;0;0;0;2;53;4;8;0;0;0;0;0;0;0;0;0;0;0;0;0;0;0;0;0;0;0;0
28.05.2024;20:33;A 49;1;1;0;3;2;4;3;0;0;0;0;6;87;0;0;0;0;0;0;4;4;2;45;0;0;2;0;6;55;0;0;1;78;0;14;0;0;0;0;6;29;1;2;3;50;8;20;0;0;4;2;6;33;3;7;0;0;0;0;0;0;0;0;0;0;0;0;0;0;0;0;0;0;0;0
28.05.2024;20:32;A 49;1;0;0;0;0;2;1;0;0;0;0;2;8;0;0;0;0;0;0;0;0;2;10;0;0;0;0;3;53;0;0;1;68;1;14;1;0;0;0;3;20;1;1;2;19;3;9;0;0;0;0;3;3;3;6;0;0;0;0;0;0;0;0;0;0;0;0;0;0;0;0;0;0;0;0
28.05.2024;20:31;A 49;1;0;0;0;0;2;2;0;0;0;0;22;15;0;0;0;0;0;0;3;24;4;21;0;0;3;1;7;34;0;0;1;56;0;25;0;0;0;0;4;29;1;0;4;45;2;7;0;0;0;0;4;8;0;0;0;0;0;0;0;0;0;0;0;0;0;0;0;0;0;0;0;0;0;0
28.05.2024;20:30;A 49;1;0;0;3;3;3;2;2;4;1;4;47;41;0;0;0;0;0;0;0;0;3;8;0;0;0;0;1;16;0;0;1;28;3;20;0;0;0;0;4;17;1;0;3;27;3;21;0;0;1;0;3;7;4;9;0;0;0;0;0;0;0;0;0;0;0;0;0;0;0;0;0;0;0;0
28.05.2024;20:29;A 49;1;0;0;0;0;4;3;0;0;0;0;144;25;0;0;0;0;0;0;1;1;1;4;0;0;1;0;4;61;0;0;2;44;0;0;0;0;0;0;10;13;3;2;3;45;4;5;0;0;1;1;6;27;2;3;0;0;0;0;0;0;0;0;0;0;0;0;0;0;0;0;0;0;0;0
28.05.2024;20:28;A 49;1;0;0;0;0;0;0;0;0;0;0;134;23;0;0;0;0;0;0;1;0;1;4;0;0;0;0;0;0;0;0;1;5;0;0;0;0;0;0;3;29;1;1;3;39;3;31;0;0;0;0;6;24;2;4;0;0;0;0;0;0;0;0;0;0;0;0;0;0;0;0;0;0;0;0
28.05.2024;20:27;A 49;1;0;0;1;1;3;2;0;0;0;0;20;18;0;0;0;0;0;0;0;0;1;2;0;0;1;0;8;61;0;0;0;89;0;0;1;37;1;0;4;32;2;2;2;16;4;10;0;0;0;0;2;6;3;5;0;0;0;0;0;0;0;0;0;0;0;0;0;0;0;0;0;0;0;0
28.05.2024;20:26;A 49;1;1;0;0;0;2;1;0;0;0;0;3;7;0;0;0;0;0;0;2;2;3;7;0;0;1;0;3;21;0;0;3;30;0;0;0;0;0;0;7;12;0;0;1;52;4;8;0;0;0;0;5;18;2;4;0;0;0;0;0;0;0;0;0;0;0;0;0;0;0;0;0;0;0;0
28.05.2024;20:25;A 49;1;0;0;3;2;8;9;0;0;0;0;1;0;0;0;0;0;0;0;0;0;1;1;0;0;3;0;7;27;0;0;2;49;0;0;2;14;0;0;5;7;4;29;6;47;5;54;1;4;4;6;8;16;6;16;0;0;0;0;0;0;0;0;0;0;0;0;0;0;0;0;0;0;0;0
28.05.2024;20:24;A 49;1;0;0;3;3;0;0;0;0;0;0;0;0;0;0;0;0;0;0;0;0;0;0;0;0;2;4;4;43;0;0;2;64;0;0;0;0;0;0;5;34;2;1;3;48;3;4;0;0;0;0;4;8;1;3;0;0;0;0;0;0;0;0;0;0;0;0;0;0;0;0;0;0;0;0
28.05.2024;20:23;A 49;1;0;0;1;1;2;2;0;0;3;4;175;31;0;0;0;0;0;0;4;3;3;7;0;0;1;0;3;44;0;0;3;33;1;4;0;0;0;0;7;23;1;0;4;46;4;19;0;0;0;0;6;17;2;4;0;0;0;0;0;0;0;0;0;0;0;0;0;0;0;0;0;0;0;0
28.05.2024;20:22;A 49;1;1;0;4;4;4;3;2;1;0;0;193;40;0;0;0;0;0;0;7;28;5;29;0;0;0;0;3;52;0;0;2;40;0;0;1;2;0;0;5;22;3;1;5;39;5;29;1;1;0;0;6;13;2;3;0;0;0;0;0;0;0;0;0;0;0;0;0;0;0;0;0;0;0;0
28.05.2024;20:21;A 49;1;1;1;2;3;3;7;1;12;1;16;130;47;0;0;0;0;0;0;5;2;7;18;0;0;1;0;3;2;2;0;3;17;0;0;1;2;0;0;7;30;6;6;6;57;3;32;1;7;1;0;7;15;2;5;0;0;0;0;0;0;0;0;0;0;0;0;0;0;0;0;0;0;0;0
28.05.2024;20:20;A 49;1;0;0;1;0;2;2;0;0;3;2;186;36;0;0;0;0;0;0;3;1;4;7;0;0;3;0;8;63;4;0;2;91;0;0;0;0;0;0;1;0;1;1;2;3;2;46;0;0;1;0;3;7;3;13;0;0;0;0;0;0;0;0;0;0;0;0;0;0;0;0;0;0;0;0
28.05.2024;20:19;A 49;1;0;0;1;1;2;1;2;1;0;0;221;32;0;0;0;0;0;0;0;0;0;0;0;0;0;0;3;10;0;0;3;28;1;2;1;0;1;1;4;5;1;0;2;17;2;5;1;1;1;0;4;9;2;3;0;0;0;0;0;0;0;0;0;0;0;0;0;0;0;0;0;0;0;0
28.05.2024;20:18;A 49;1;0;0;1;0;4;4;0;0;4;3;129;24;0;0;0;0;0;0;3;2;3;6;0;0;1;0;6;29;0;0;5;32;1;3;0;0;0;0;7;36;1;1;1;57;1;5;0;9;2;1;6;39;2;6;0;0;0;0;0;0;0;0;0;0;0;0;0;0;0;0;0;0;0;0
28.05.2024;20:17;A 49;1;1;0;2;2;4;3;0;0;0;0;194;26;0;0;0;0;0;0;1;3;1;1;0;0;2;2;8;39;0;0;2;40;0;0;0;0;0;0;34;15;3;2;2;43;5;10;2;7;0;0;3;6;3;5;0;0;0;0;0;0;0;0;0;0;0;0;0;0;0;0;0;0;0;0
28.05.2024;20:16;A 49;1;1;0;3;1;6;4;0;0;3;2;141;21;0;0;0;0;0;0;1;0;2;3;0;0;1;0;4;57;4;0;3;50;1;0;0;0;0;0;15;36;7;7;4;79;8;17;0;0;0;0;14;36;5;7;0;0;0;0;0;0;0;0;0;0;0;0;0;0;0;0;0;0;0;0
28.05.2024;20:15;A 49;1;1;0;1;1;2;1;0;0;2;1;163;21;0;0;0;0;0;0;0;0;0;0;0;0;0;0;1;77;0;0;2;42;0;0;0;0;0;0;6;11;4;4;1;39;4;13;0;0;0;0;5;25;2;4;0;0;0;0;0;0;0;0;0;0;0;0;0;0;0;0;0;0;0;0
28.05.2024;20:14;A 49;1;0;0;1;1;3;2;2;2;3;12;78;27;0;0;0;0;0;0;4;2;3;13;0;0;2;1;5;4;0;0;3;21;1;4;0;0;0;0;3;25;1;1;3;43;2;34;0;0;1;1;6;41;2;3;0;0;0;0;0;0;0;0;0;0;0;0;0;0;0;0;0;0;0;0
28.05.2024;20:13;A 49;1;0;0;0;0;6;7;0;0;5;14;2;42;0;0;0;0;0;0;0;0;2;6;0;0;0;0;5;2;0;0;1;18;2;3;1;0;1;0;5;52;3;2;4;49;6;17;1;2;0;0;5;10;4;8;0;0;0;0;0;0;0;0;0;0;0;0;0;0;0;0;0;0;0;0
28.05.2024;20:12;A 49;1;0;0;2;1;6;6;0;0;6;12;3;5;0;0;0;0;0;0;3;2;3;6;0;0;0;0;1;1;0;0;1;8;0;0;2;6;0;0;9;15;5;6;3;67;3;55;0;0;1;0;7;60;9;25;0;0;0;0;0;0;0;0;0;0;0;0;0;0;0;0;0;0;0;0
28.05.2024;20:11;A 49;1;1;0;1;1;2;1;0;0;2;5;3;3;0;0;0;0;0;0;1;0;3;6;0;0;2;2;9;22;0;0;2;52;3;11;0;0;1;1;3;6;3;1;3;19;4;15;0;0;0;0;4;8;2;3;0;0;0;0;0;0;0;0;0;0;0;0;0;0;0;0;0;0;0;0
28.05.2024;20:10;A 49;1;2;0;2;2;3;3;0;0;2;9;31;63;0;0;0;0;0;0;5;1;4;45;0;0;4;1;7;7;0;0;2;36;2;1;1;5;0;0;5;36;1;0;1;49;5;12;1;2;0;0;4;17;1;2;0;0;0;0;0;0;0;0;0;0;0;0;0;0;0;0;0;0;0;0
28.05.2024;20:09;A 49;1;0;0;6;6;2;2;1;4;0;0;35;45;0;0;0;0;0;0;3;36;2;43;0;0;4;5;5;40;0;0;2;28;0;0;0;0;1;0;3;8;1;0;3;19;2;6;0;0;1;0;6;12;2;4;0;0;0;0;0;0;0;0;0;0;0;0;0;0;0;0;0;0;0;0
28.05.2024;20:08;A 49;1;0;0;4;4;5;4;1;0;2;4;92;48;0;0;0;0;0;0;2;27;5;10;0;0;0;0;1;29;0;0;1;36;0;0;1;0;0;0;11;19;3;0;3;50;3;8;0;0;6;5;4;23;1;1;0;0;0;0;0;0;0;0;0;0;0;0;0;0;0;0;0;0;0;0
28.05.2024;20:07;A 49;1;0;0;0;0;2;2;0;0;2;11;72;27;0;0;0;0;0;0;1;1;3;11;0;0;3;39;2;1;0;0;1;8;0;0;0;0;0;0;3;42;2;31;3;50;4;10;1;1;0;0;6;17;5;11;0;0;0;0;0;0;0;0;0;0;0;0;0;0;0;0;0;0;0;0
28.05.2024;20:06;A 49;1;1;1;2;2;4;5;0;0;1;8;29;28;0;0;0;0;0;0;0;0;1;3;0;0;0;0;7;58;0;0;1;72;1;4;0;0;0;0;3;38;7;7;2;43;4;26;1;5;0;0;4;15;5;20;0;0;0;0;0;0;0;0;0;0;0;0;0;0;0;0;0;0;0;0
28.05.2024;20:05;A 49;1;0;0;4;4;4;3;0;0;3;10;6;12;0;0;0;0;0;0;2;1;5;9;0;0;3;1;8;47;0;0;2;68;1;3;1;62;2;2;7;11;3;4;4;58;5;16;0;0;5;27;6;16;2;4;0;0;0;0;0;0;0;0;0;0;0;0;0;0;0;0;0;0;0;0
28.05.2024;20:04;A 49;1;0;0;4;4;6;5;2;0;5;10;7;11;1;1;1;1;1;1;3;40;4;10;0;0;4;1;5;48;0;0;3;76;0;0;2;7;0;0;3;15;4;4;2;32;3;49;0;0;3;1;5;10;5;14;0;0;0;0;0;0;0;0;0;0;0;0;0;0;0;0;0;0;0;0
28.05.2024;20:03;A 49;1;1;0;6;7;3;2;2;1;2;1;2;68;0;0;0;0;0;0;1;0;2;53;0;0;3;1;6;28;0;0;4;45;0;0;1;1;1;1;13;42;8;6;3;73;5;21;0;0;1;0;8;36;1;1;0;0;0;0;0;0;0;0;0;0;0;0;0;0;0;0;0;0;0;0
28.05.2024;20:02;A 49;1;0;0;2;2;3;2;1;0;3;1;3;27;0;0;0;0;0;0;1;2;1;29;0;0;0;0;2;21;0;0;2;16;0;0;0;0;0;0;6;12;4;3;2;41;4;26;0;0;4;5;4;31;2;25;0;0;0;0;0;0;0;0;0;0;0;0;0;0;0;0;0;0;0;0
28.05.2024;20:01;A 49;1;0;0;2;2;1;0;1;1;1;0;6;41;0;0;0;0;0;0;3;3;1;44;0;0;0;0;5;66;0;0;2;71;1;4;1;2;0;0;5;8;4;3;4;36;4;33;0;0;0;0;7;15;4;15;0;0;0;0;0;0;0;0;0;0;0;0;0;0;0;0;0;0;0;0
28.05.2024;20:00;A 49;1;0;0;2;2;3;1;3;6;1;7;12;80;0;0;0;0;0;0;6;27;4;94;0;0;3;1;1;1;0;0;1;7;0;0;0;0;0;0;4;41;2;2;4;20;4;8;0;0;0;0;4;9;3;6;0;0;0;0;0;0;0;0;0;0;0;0;0;0;0;0;0;0;0;0
28.05.2024;19:59;A 49;1;1;0;4;5;4;3;1;0;2;4;5;73;0;0;0;0;0;0;6;65;4;75;0;0;1;0;10;59;0;0;3;86;0;0;0;0;0;0;7;41;8;7;4;50;8;21;0;0;2;11;5;14;4;8;0;0;0;0;0;0;0;0;0;0;0;0;0;0;0;0;0;0;0;0
28.05.2024;19:58;A 49;1;0;0;3;3;5;4;1;0;2;4;2;66;0;0;0;0;0;0;0;0;2;71;0;0;2;1;1;37;0;0;2;11;0;0;0;0;0;0;10;55;5;13;3;84;8;24;0;0;0;0;11;57;3;6;0;0;0;0;0;0;0;0;0;0;0;0;0;0;0;0;0;0;0;0
28.05.2024;19:57;A 49;1;0;0;1;1;3;2;0;0;4;2;1;25;0;0;0;0;0;0;1;24;2;6;0;0;1;1;3;41;0;0;1;36;0;0;1;0;0;0;10;15;6;6;4;46;8;20;0;0;0;0;6;33;4;7;0;0;0;0;0;0;0;0;0;0;0;0;0;0;0;0;0;0;0;0
28.05.2024;19:56;A 49;1;1;0;1;1;3;2;0;0;2;1;4;4;0;0;0;0;0;0;2;0;4;7;0;0;2;2;2;47;0;0;4;35;0;0;0;0;1;2;5;32;4;7;3;45;5;11;0;0;0;0;4;8;3;5;0;0;0;0;0;0;0;0;0;0;0;0;0;0;0;0;0;0;0;0
28.05.2024;19:55;A 49;1;1;0;1;1;1;0;1;0;0;0;6;66;0;0;0;0;0;0;5;4;4;30;0;0;1;0;5;9;0;0;5;39;0;0;0;0;0;0;7;9;2;3;3;41;5;33;0;0;1;0;5;9;5;4;0;0;0;0;0;0;0;0;0;0;0;0;0;0;0;0;0;0;0;0
28.05.2024;19:54;A 49;1;0;0;2;2;6;3;1;0;2;5;1;42;0;0;0;0;0;0;0;0;1;3;0;0;1;0;4;56;0;0;2;22;0;0;0;0;0;0;10;14;2;1;4;58;6;19;1;0;1;0;8;29;2;3;0;0;0;0;0;0;0;0;0;0;0;0;0;0;0;0;0;0;0;0
28.05.2024;19:53;A 49;1;1;0;3;4;2;2;2;1;2;0;3;35;0;0;0;0;0;0;2;12;2;22;0;0;3;0;5;58;0;0;3;27;2;6;1;0;1;1;8;52;4;21;2;65;5;46;0;0;1;0;9;28;3;6;0;0;0;0;0;0;0;0;0;0;0;0;0;0;0;0;0;0;0;0
28.05.2024;19:52;A 49;1;1;0;2;1;2;5;0;0;2;4;3;49;0;0;0;0;0;0;2;49;2;58;0;0;2;0;4;61;0;0;1;54;0;0;0;0;0;0;6;52;6;8;5;74;3;64;1;5;0;0;8;24;4;10;0;0;0;0;0;0;0;0;0;0;0;0;0;0;0;0;0;0;0;0
28.05.2024;19:51;A 49;1;0;0;1;0;3;2;0;0;1;0;2;7;0;0;0;0;0;0;2;36;2;45;0;0;1;6;8;51;0;0;1;73;0;0;0;0;0;0;6;12;2;3;3;46;3;9;0;0;0;0;5;23;2;4;0;0;0;0;0;0;0;0;0;0;0;0;0;0;0;0;0;0;0;0
28.05.2024;19:50;A 49;1;0;0;2;1;1;1;0;0;3;5;2;2;0;0;0;0;0;0;1;0;2;4;0;0;3;2;5;34;0;0;2;56;1;7;1;0;0;0;5;34;2;0;3;52;3;39;1;0;0;0;5;11;1;2;0;0;0;0;0;0;0;0;0;0;0;0;0;0;0;0;0;0;0;0
28.05.2024;19:49;A 49;1;0;0;1;0;2;2;0;0;0;0;1;2;0;0;0;0;0;0;1;29;1;2;0;0;3;1;8;37;0;0;3;66;2;10;0;0;2;2;12;32;2;1;3;65;7;11;0;0;0;0;9;35;2;4;0;0;0;0;0;0;0;0;0;0;0;0;0;0;0;0;0;0;0;0
28.05.2024;19:48;A 49;1;2;1;3;3;3;2;1;0;2;1;6;12;0;0;0;0;0;0;5;5;2;63;0;0;1;0;1;40;0;0;1;51;0;0;2;30;0;0;7;9;4;3;3;32;4;9;0;0;0;0;4;7;4;7;0;0;0;0;0;0;0;0;0;0;0;0;0;0;0;0;0;0;0;0
28.05.2024;19:47;A 49;1;0;0;4;5;7;6;3;5;3;24;3;26;0;0;0;0;0;0;3;13;5;31;0;0;1;34;2;1;0;0;2;12;0;0;0;0;0;0;5;23;5;5;3;64;2;21;1;0;4;2;6;16;5;11;0;0;0;0;0;0;0;0;0;0;0;0;0;0;0;0;0;0;0;0
28.05.2024;19:46;A 49;1;0;0;0;0;2;3;1;4;2;7;2;1;0;0;0;0;0;0;1;0;1;1;0;0;7;8;9;50;2;27;0;96;1;76;2;3;0;0;4;11;4;1;4;32;5;26;1;3;2;0;6;22;4;10;0;0;0;0;0;0;0;0;0;0;0;0;0;0;0;0;0;0;0;0
28.05.2024;19:45;A 49;1;1;1;1;1;2;2;1;0;2;6;7;11;0;0;0;0;0;0;7;6;4;20;1;1;2;2;6;67;0;0;2;80;1;5;1;4;0;0;8;15;2;2;5;58;3;28;1;0;1;1;7;17;2;4;0;0;0;0;0;0;0;0;0;0;0;0;0;0;0;0;0;0;0;0
28.05.2024;19:44;A 49;1;1;0;1;1;6;6;1;0;5;2;3;29;0;0;0;0;0;0;2;3;4;15;0;0;0;0;1;11;0;0;1;15;1;12;3;60;0;0;11;53;1;1;7;86;4;35;4;38;0;0;9;44;3;10;0;0;0;0;0;0;0;0;0;0;0;0;0;0;0;0;0;0;0;0
28.05.2024;19:43;A 49;1;0;0;2;2;4;4;3;1;4;3;2;5;0;0;0;0;0;0;1;1;3;8;0;0;1;0;4;26;0;0;0;39;0;0;3;52;0;0;16;59;6;5;0;95;7;25;0;100;3;2;8;72;4;10;0;0;0;0;0;0;0;0;0;0;0;0;0;0;0;0;0;0;0;0
28.05.2024;19:42;A 49;1;0;0;2;2;2;1;1;0;1;2;0;61;0;0;0;0;0;0;0;24;0;0;0;0;0;0;2;50;0;0;2;59;0;0;2;7;0;0;6;7;2;30;5;33;3;9;1;28;2;0;8;19;1;1;0;0;0;0;0;0;0;0;0;0;0;0;0;0;0;0;0;0;0;0
28.05.2024;19:41;A 49;1;0;0;3;3;8;7;1;0;2;8;4;55;0;0;0;0;0;0;2;8;2;9;0;0;1;0;6;20;0;0;2;45;0;0;2;3;0;0;12;26;7;18;4;68;7;48;2;1;3;2;7;37;3;6;0;0;0;0;0;0;0;0;0;0;0;0;0;0;0;0;0;0;0;0
28.05.2024;19:40;A 49;1;0;0;2;2;4;3;4;2;1;0;5;9;0;0;0;0;0;0;2;29;2;45;0;0;2;1;3;40;0;0;1;57;1;2;0;0;0;0;9;23;2;1;2;43;5;15;1;41;1;0;7;24;4;11;0;0;0;0;0;0;0;0;0;0;0;0;0;0;0;0;0;0;0;0
28.05.2024;19:39;A 49;1;0;0;2;2;1;0;1;1;0;3;3;8;0;0;0;0;0;0;2;60;4;67;0;0;2;3;2;53;0;0;0;59;0;0;2;4;0;0;4;46;2;2;2;64;3;54;3;7;0;0;7;57;2;3;0;0;0;0;0;0;0;0;0;0;0;0;0;0;0;0;0;0;0;0
28.05.2024;19:38;A 49;1;1;0;7;7;7;7;1;3;3;4;8;15;0;0;0;0;0;0;6;5;3;25;0;0;1;0;2;49;0;0;2;23;1;5;2;16;0;0;8;17;3;2;5;39;8;24;3;5;9;12;7;17;2;5;0;0;0;0;0;0;0;0;0;0;0;0;0;0;0;0;0;0;0;0
28.05.2024;19:37;A 49;1;1;0;4;4;3;2;0;7;1;5;1;79;0;0;0;0;0;0;1;78;2;81;0;0;1;0;3;22;0;0;3;29;0;0;0;0;0;0;7;10;1;0;3;72;5;14;0;0;1;1;9;18;2;4;0;0;0;0;0;0;0;0;0;0;0;0;0;0;0;0;0;0;0;0
28.05.2024;19:36;A 49;1;0;0;3;2;4;7;1;3;4;4;0;0;0;0;0;0;0;0;0;0;0;0;0;0;4;1;7;30;0;0;0;48;0;0;0;0;0;0;2;40;3;4;0;46;4;54;3;36;1;4;1;6;4;12;0;0;0;0;0;0;0;0;0;0;0;0;0;0;0;0;0;0;0;0
28.05.2024;19:35;A 49;1;0;0;5;5;3;2;3;7;1;6;4;44;0;0;0;0;0;0;3;3;3;44;0;0;2;1;3;28;0;0;4;36;0;0;1;4;1;0;8;41;2;1;3;69;5;36;2;60;4;1;5;55;2;4;0;0;0;0;0;0;0;0;0;0;0;0;0;0;0;0;0;0;0;0
28.05.2024;19:34;A 49;1;0;0;3;2;5;5;1;0;3;13;4;35;0;0;0;0;0;0;4;29;5;39;1;6;1;0;4;50;0;0;4;23;3;10;1;11;0;0;12;29;7;20;3;70;5;30;1;3;0;26;7;34;3;7;0;0;0;0;0;0;0;0;0;0;0;0;0;0;0;0;0;0;0;0
28.05.2024;19:33;A 49;1;0;0;4;3;5;3;2;1;6;4;2;32;0;0;0;0;0;0;1;29;0;36;0;29;0;0;0;0;0;0;0;0;0;0;0;0;0;0;12;16;4;4;4;71;7;35;0;0;4;10;9;52;4;9;0;0;0;0;0;0;0;0;0;0;0;0;0;0;0;0;0;0;0;0
28.05.2024;19:32;A 49;1;0;0;0;0;4;4;0;0;2;11;2;28;0;0;0;0;0;0;2;25;2;30;1;26;1;0;2;27;0;0;1;11;0;0;0;0;0;0;5;51;3;2;4;69;2;19;0;0;0;0;9;24;2;5;0;0;0;0;0;0;0;0;0;0;0;0;0;0;0;0;0;0;0;0
28.05.2024;19:31;A 49;1;0;0;1;1;4;3;2;2;1;0;3;3;0;0;0;0;0;0;2;1;3;4;0;0;2;1;5;19;0;0;5;47;0;0;3;26;0;0;5;50;4;3;2;59;4;19;2;1;1;1;6;13;6;15;0;0;0;0;0;0;0;0;0;0;0;0;0;0;0;0;0;0;0;0
28.05.2024;19:30;A 49;1;1;0;1;1;4;3;0;0;3;4;4;10;0;0;0;0;0;0;3;63;4;47;0;0;3;28;7;5;0;0;6;32;1;4;1;2;0;0;10;51;7;5;1;84;4;52;3;3;1;0;3;46;5;16;0;0;0;0;0;0;0;0;0;0;0;0;0;0;0;0;0;0;0;0
28.05.2024;19:29;A 49;1;0;0;1;1;3;4;0;0;1;1;3;90;0;0;0;0;0;0;2;1;4;40;0;0;7;5;12;37;0;0;1;70;1;6;2;68;1;0;11;35;1;0;3;80;5;16;12;16;0;0;8;28;2;4;0;0;0;0;0;0;0;0;0;0;0;0;0;0;0;0;0;0;0;0
28.05.2024;19:28;A 49;1;1;0;5;6;4;3;2;10;2;4;4;18;0;0;0;0;0;0;3;44;2;42;0;0;1;0;7;28;0;0;5;69;3;18;0;0;0;0;5;9;3;6;4;29;3;32;4;4;2;30;5;19;3;8;0;0;0;0;0;0;0;0;0;0;0;0;0;0;0;0;0;0;0;0
28.05.2024;19:27;A 49;1;0;0;3;3;3;2;0;0;1;0;4;10;0;0;0;0;0;0;4;20;3;29;0;0;0;0;6;6;0;0;1;21;0;0;1;0;0;0;9;22;1;0;5;49;5;24;0;0;0;0;8;16;2;6;0;0;0;0;0;0;0;0;0;0;0;0;0;0;0;0;0;0;0;0
28.05.2024;19:26;A 49;1;0;0;8;9;3;2;2;5;3;2;0;29;0;0;0;0;0;0;1;1;0;0;0;0;1;0;5;43;0;0;1;64;1;3;0;26;0;0;11;32;3;4;4;61;5;27;0;0;0;10;6;24;2;4;0;0;0;0;0;0;0;0;0;0;0;0;0;0;0;0;0;0;0;0
28.05.2024;19:25;A 49;1;0;0;4;5;1;0;2;5;0;10;6;49;0;0;0;0;0;0;3;11;6;13;0;0;1;6;7;48;0;0;2;78;2;2;2;14;0;0;11;15;1;2;4;51;5;16;0;0;1;5;11;27;1;2;0;0;0;0;0;0;0;0;0;0;0;0;0;0;0;0;0;0;0;0
28.05.2024;19:24;A 49;1;0;0;3;3;5;4;1;0;1;3;0;0;0;0;0;0;0;0;0;0;0;0;0;0;2;1;6;64;0;0;1;82;1;3;0;0;0;0;7;46;4;3;1;67;5;26;4;11;1;36;8;59;2;2;0;0;0;0;0;0;0;0;0;0;0;0;0;0;0;0;0;0;0;0
28.05.2024;19:23;A 49;1;1;0;1;0;4;4;0;0;4;10;2;5;0;0;0;0;0;0;1;1;2;5;0;0;1;2;2;37;0;0;2;13;2;4;0;0;0;0;2;3;4;5;2;11;4;14;8;7;0;0;3;5;6;14;0;0;0;0;0;0;0;0;0;0;0;0;0;0;0;0;0;0;0;0
28.05.2024;19:22;A 49;1;1;0;7;7;8;11;3;12;2;13;3;12;0;0;0;0;0;0;3;5;2;21;0;0;1;0;6;47;0;0;2;27;0;0;2;2;0;0;8;26;7;6;5;61;6;57;1;8;1;65;8;24;4;16;0;0;0;0;0;0;0;0;0;0;0;0;0;0;0;0;0;0;0;0
28.05.2024;19:21;A 49;1;0;0;2;1;8;5;0;0;5;6;6;62;0;0;0;0;0;0;3;3;5;69;0;0;3;0;8;18;0;0;3;45;0;0;0;0;0;0;9;12;4;3;4;40;5;22;1;9;0;0;11;21;6;17;0;0;0;0;0;0;0;0;0;0;0;0;0;0;0;0;0;0;0;0
28.05.2024;19:20;A 49;1;3;1;3;3;3;2;0;0;1;5;1;3;0;0;0;0;0;0;0;6;0;47;0;0;2;0;4;63;0;0;3;64;0;0;0;0;0;0;13;30;6;4;2;63;5;30;0;0;0;0;7;36;1;3;0;0;0;0;0;0;0;0;0;0;0;0;0;0;0;0;0;0;0;0
28.05.2024;19:19;A 49;1;1;0;4;4;5;4;3;2;3;15;5;8;0;0;0;0;0;0;5;2;6;11;0;0;1;0;4;51;0;0;1;69;0;0;0;0;0;0;14;19;8;7;2;70;8;28;1;5;0;11;11;45;4;6;0;0;0;0;0;0;0;0;0;0;0;0;0;0;0;0;0;0;0;0
28.05.2024;19:18;A 49;1;0;0;0;0;3;2;0;0;2;12;5;10;0;0;0;0;0;0;2;2;0;40;0;0;2;0;3;2;0;0;1;6;1;4;2;20;0;0;6;46;4;37;3;64;4;53;2;0;2;29;7;48;7;9;0;0;0;0;0;0;0;0;0;0;0;0;0;0;0;0;0;0;0;0
28.05.2024;19:17;A 49;1;0;0;5;4;6;6;3;3;2;19;9;18;0;0;0;0;0;0;7;7;5;90;0;0;1;0;7;3;3;0;4;29;0;0;1;40;0;0;8;43;6;32;3;63;6;37;12;10;0;0;6;47;4;14;0;0;0;0;0;0;0;0;0;0;0;0;0;0;0;0;0;0;0;0
28.05.2024;19:16;A 49;1;0;0;7;8;5;3;2;11;2;14;2;66;0;0;0;0;0;0;0;0;2;69;0;0;4;1;11;44;0;0;1;47;0;0;0;0;0;0;10;14;3;2;5;67;8;38;7;2;1;21;11;28;7;15;0;0;0;0;0;0;0;0;0;0;0;0;0;0;0;0;0;0;0;0
28.05.2024;19:15;A 49;1;0;0;4;4;6;5;3;2;6;9;4;12;0;0;0;0;0;0;3;63;2;14;0;0;0;0;1;1;0;0;2;13;0;0;0;0;0;0;8;37;3;2;2;41;6;20;0;0;0;0;7;28;8;13;0;0;0;0;0;0;0;0;0;0;0;0;0;0;0;0;0;0;0;0
28.05.2024;19:14;A 49;1;1;0;11;11;6;5;1;0;3;12;2;57;0;0;0;0;0;0;1;53;3;8;0;0;4;1;10;8;0;0;2;38;3;19;1;3;0;0;16;21;6;5;3;90;6;51;2;1;1;13;10;70;3;6;0;0;0;0;0;0;0;0;0;0;0;0;0;0;0;0;0;0;0;0
28.05.2024;19:13;A 49;1;0;0;2;2;2;1;1;2;1;5;6;24;0;0;0;0;0;0;4;2;3;35;0;0;1;1;5;7;0;0;0;15;1;9;2;1;1;1;16;35;6;6;5;79;3;34;3;1;0;0;11;60;6;13;0;0;0;0;0;0;0;0;0;0;0;0;0;0;0;0;0;0;0;0
28.05.2024;19:12;A 49;1;3;1;8;10;4;4;4;3;1;0;5;50;0;0;0;0;0;0;5;6;1;59;0;0;4;1;5;69;0;0;3;66;3;8;0;37;0;0;17;38;5;3;6;79;7;22;2;1;0;0;10;54;2;4;0;0;0;0;0;0;0;0;0;0;0;0;0;0;0;0;0;0;0;0
28.05.2024;19:11;A 49;1;0;0;4;3;7;5;1;0;8;11;5;26;0;0;0;0;0;0;5;14;4;35;0;0;1;20;5;66;0;0;2;25;1;0;1;28;1;0;4;6;2;2;3;40;7;22;7;30;1;0;7;22;5;12;0;0;0;0;0;0;0;0;0;0;0;0;0;0;0;0;0;0;0;0
28.05.2024;19:10;A 49;1;0;0;3;3;5;4;0;0;1;6;3;59;0;0;0;0;0;0;2;59;3;64;0;0;5;5;8;60;0;0;3;81;1;2;1;5;0;0;9;32;0;0;7;50;3;9;11;10;2;3;7;17;4;11;0;0;0;0;0;0;0;0;0;0;0;0;0;0;0;0;0;0;0;0
28.05.2024;19:09;A 49;1;0;0;4;4;4;2;2;9;1;13;1;4;0;0;0;0;0;0;1;11;1;3;0;0;2;1;5;35;1;0;1;50;0;3;0;0;0;0;13;51;5;3;3;68;6;21;3;25;1;14;7;42;4;13;0;0;0;0;0;0;0;0;0;0;0;0;0;0;0;0;0;0;0;0
28.05.2024;19:08;A 49;1;0;0;3;3;5;5;1;1;3;11;2;53;0;0;0;0;0;0;1;0;2;5;0;0;1;1;7;9;0;0;1;30;2;4;1;4;0;0;13;54;5;41;5;88;7;44;17;26;0;0;13;53;4;9;0;0;0;0;0;0;0;0;0;0;0;0;0;0;0;0;0;0;0;0
28.05.2024;19:07;A 49;1;0;0;1;1;2;5;1;11;3;10;5;51;0;0;0;0;0;0;43;18;3;26;0;0;0;0;0;0;0;0;0;0;2;0;2;7;0;0;13;20;2;1;3;61;8;27;8;24;0;0;13;45;4;12;0;0;0;0;0;0;0;0;0;0;0;0;0;0;0;0;0;0;0;0
28.05.2024;19:06;A 49;1;1;0;5;5;7;9;3;10;4;11;2;49;0;0;0;0;0;0;2;2;0;51;0;0;1;0;3;3;0;0;1;9;1;5;0;0;0;0;14;22;6;5;0;78;3;38;3;12;1;25;4;73;2;56;0;0;0;0;0;0;0;0;0;0;0;0;0;0;0;0;0;0;0;0
28.05.2024;19:05;A 49;1;1;0;5;5;4;4;0;0;5;9;7;44;0;0;0;0;0;0;4;4;3;53;1;1;2;11;3;33;0;0;2;43;0;0;2;1;1;0;12;15;6;5;1;72;7;39;16;23;1;5;8;61;6;31;0;0;0;0;0;0;0;0;0;0;0;0;0;0;0;0;0;0;0;0
28.05.2024;19:04;A 49;1;0;0;1;0;7;6;3;2;4;20;22;67;0;0;0;0;0;0;5;4;5;76;0;0;1;4;8;64;0;0;1;86;2;4;1;2;0;0;10;59;2;2;2;85;4;9;11;53;0;0;10;40;4;9;0;0;0;0;0;0;0;0;0;0;0;0;0;0;0;0;0;0;0;0
28.05.2024;19:03;A 49;1;1;0;4;4;3;3;0;0;1;5;33;87;0;0;0;0;0;0;13;65;5;93;0;0;3;0;8;65;0;0;0;91;0;0;0;5;0;0;17;49;6;5;2;96;10;61;14;79;2;10;12;76;6;17;0;0;0;0;0;0;0;0;0;0;0;0;0;0;0;0;0;0;0;0
28.05.2024;19:02;A 49;1;2;0;10;10;8;11;3;6;8;25;56;23;0;0;0;0;0;0;2;1;3;20;0;0;4;1;5;40;0;0;5;26;0;0;1;54;0;0;16;57;6;6;0;100;9;71;5;20;2;22;8;57;6;26;0;0;0;0;0;0;0;0;0;0;0;0;0;0;0;0;0;0;0;0
28.05.2024;19:01;A 49;1;0;0;3;2;3;7;2;7;2;14;181;54;0;0;0;0;0;0;3;2;2;56;0;58;4;1;9;40;0;0;3;59;0;0;1;7;0;0;12;26;5;5;4;72;4;45;1;11;1;18;9;71;4;19;0;0;0;0;0;0;0;0;0;0;0;0;0;0;0;0;0;0;0;0
28.05.2024;19:00;A 49;1;0;0;2;1;3;3;1;0;2;4;19;73;0;0;0;0;0;0;5;4;2;79;0;100;5;1;7;10;0;0;1;30;0;0;1;1;0;0;8;39;3;32;0;60;3;7;0;0;0;0;3;27;2;3;0;0;0;0;0;0;0;0;0;0;0;0;0;0;0;0;0;0;0;0
28.05.2024;18:59;A 49;1;0;0;4;4;5;5;1;6;2;12;3;20;0;0;0;0;0;0;0;0;2;15;0;100;2;4;3;5;0;0;1;19;1;3;1;1;2;0;10;38;4;4;4;65;5;22;1;3;2;0;13;25;6;15;0;0;0;0;0;0;0;0;0;0;0;0;0;0;0;0;0;0;0;0
28.05.2024;18:58;A 49;1;0;0;14;16;8;10;5;21;2;31;6;12;0;0;0;0;0;0;3;24;5;37;0;100;1;0;6;62;0;0;2;81;0;0;2;5;0;0;14;41;6;4;2;84;8;30;1;7;0;9;13;39;5;14;0;0;0;0;0;0;0;0;0;0;0;0;0;0;0;0;0;0;0;0
28.05.2024;18:57;A 49;1;0;0;2;2;0;0;1;0;0;0;5;12;0;0;0;0;0;0;6;16;5;29;0;100;0;0;3;57;0;0;3;49;0;0;1;0;0;0;14;60;9;31;2;94;6;59;0;0;1;38;9;73;2;6;0;0;0;0;0;0;0;0;0;0;0;0;0;0;0;0;0;0;0;0
28.05.2024;18:56;A 49;1;0;0;5;5;2;1;2;1;0;0;7;15;0;0;0;0;0;0;7;6;4;24;0;100;3;0;4;4;0;0;2;20;0;0;3;22;3;2;17;56;7;9;0;100;5;27;0;0;4;15;6;83;2;6;0;0;0;0;0;0;0;0;0;0;0;0;0;0;0;0;0;0;0;0
28.05.2024;18:55;A 49;1;0;0;3;3;7;5;0;0;7;11;171;52;0;0;0;0;0;0;140;27;2;66;0;100;2;1;8;49;0;0;1;67;0;0;1;56;0;0;12;15;8;10;1;89;6;63;2;34;0;0;11;79;5;9;0;0;0;0;0;0;0;0;0;0;0;0;0;0;0;0;0;0;0;0
28.05.2024;18:54;A 49;1;0;0;5;5;6;5;3;7;1;13;129;32;0;0;0;0;0;0;1;56;2;44;0;100;0;0;6;49;0;0;1;69;0;0;0;0;0;0;6;48;5;19;3;65;5;21;9;21;1;26;4;16;7;15;0;0;0;0;0;0;0;0;0;0;0;0;0;0;0;0;0;0;0;0
28.05.2024;18:53;A 49;1;0;0;4;4;3;2;2;7;2;3;6;81;0;0;0;0;0;0;2;0;2;37;0;100;1;0;8;57;0;0;1;83;0;0;1;2;2;0;14;48;3;3;4;60;6;21;4;1;0;0;10;34;2;4;0;0;0;0;0;0;0;0;0;0;0;0;0;0;0;0;0;0;0;0
28.05.2024;18:52;A 49;1;0;0;11;12;6;9;4;2;4;13;39;72;0;0;0;0;0;0;12;3;5;70;0;100;1;0;6;46;0;0;3;77;0;0;0;0;0;0;17;25;15;22;3;94;11;62;2;7;0;0;14;52;6;18;0;0;0;0;0;0;0;0;0;0;0;0;0;0;0;0;0;0;0;0
28.05.2024;18:51;A 49;1;1;0;3;2;7;6;0;0;3;1;27;63;1;0;0;0;0;0;5;5;2;65;0;100;2;35;3;62;0;0;2;80;0;0;2;4;0;0;7;10;3;5;2;44;7;20;4;44;1;0;7;24;7;12;0;0;0;0;0;0;0;0;0;0;0;0;0;0;0;0;0;0;0;0
28.05.2024;18:50;A 49;1;0;0;6;6;7;7;1;3;7;23;8;58;0;0;0;0;0;0;5;3;3;42;0;100;3;3;10;50;0;0;1;82;3;51;0;0;0;0;11;15;7;4;3;84;8;21;4;4;0;0;8;28;5;12;0;0;0;0;0;0;0;0;0;0;0;0;0;0;0;0;0;0;0;0
28.05.2024;18:49;A 49;1;0;0;3;2;5;4;1;0;7;7;6;8;0;0;0;0;0;0;2;13;2;63;0;100;2;1;8;20;0;0;2;55;2;12;1;1;0;0;14;46;5;3;2;80;7;44;1;0;1;0;9;45;4;10;0;0;0;0;0;0;0;0;0;0;0;0;0;0;0;0;0;0;0;0
28.05.2024;18:48;A 49;1;1;0;6;5;8;7;1;0;3;11;6;82;0;0;0;0;0;0;5;2;1;95;0;100;4;2;4;43;0;0;1;31;0;0;0;0;0;0;10;19;7;7;3;87;6;52;1;0;0;0;9;63;8;25;0;0;0;0;0;0;0;0;0;0;0;0;0;0;0;0;0;0;0;0
28.05.2024;18:47;A 49;1;3;1;6;7;9;9;2;4;6;24;3;7;0;0;0;0;0;0;2;1;0;100;0;100;1;5;3;38;0;0;1;42;1;0;1;16;0;0;5;46;6;6;3;22;6;37;0;0;1;44;3;10;10;20;0;0;0;0;0;0;0;0;0;0;0;0;0;0;0;0;0;0;0;0
28.05.2024;18:46;A 49;1;2;1;8;10;7;5;3;15;5;15;33;33;0;0;0;0;0;0;4;3;0;100;0;100;1;0;3;54;0;0;3;60;1;1;0;0;0;0;12;22;6;6;4;54;8;37;0;0;1;13;11;31;8;17;0;0;0;0;0;0;0;0;0;0;0;0;0;0;0;0;0;0;0;0
28.05.2024;18:45;A 49;1;2;1;9;10;7;7;4;11;1;7;19;68;0;0;0;0;0;0;7;5;1;37;0;100;1;0;12;55;0;0;1;40;0;0;0;0;0;0;17;25;8;25;2;78;7;49;2;3;4;26;8;64;7;12;0;0;0;0;0;0;0;0;0;0;0;0;0;0;0;0;0;0;0;0
28.05.2024;18:44;A 49;1;0;0;3;3;6;5;3;2;3;7;40;61;0;0;0;0;0;0;1;0;0;93;0;100;1;0;4;16;0;0;1;35;0;0;0;0;0;0;7;10;3;23;4;62;4;46;0;0;1;1;8;35;7;13;0;0;0;0;0;0;0;0;0;0;0;0;0;0;0;0;0;0;0;0
28.05.2024;18:43;A 49;1;1;0;8;9;4;3;6;9;6;10;15;52;0;0;0;0;0;0;8;8;0;100;0;100;4;3;8;24;0;0;1;55;0;0;2;25;0;0;12;59;5;4;2;73;14;19;2;18;0;0;8;50;6;11;0;0;0;0;0;0;0;0;0;0;0;0;0;0;0;0;0;0;0;0
28.05.2024;18:42;A 49;1;2;1;6;8;5;5;2;15;2;15;7;81;1;0;2;0;1;1;8;10;0;100;0;100;2;0;1;0;0;0;1;5;0;0;0;0;0;0;14;23;3;3;1;98;7;41;0;0;5;6;6;76;5;34;0;0;0;0;0;0;0;0;0;0;0;0;0;0;0;0;0;0;0;0
28.05.2024;18:41;A 49;1;3;2;6;7;3;5;4;6;1;9;6;98;0;0;0;0;0;0;0;0;0;100;0;100;2;2;11;47;0;0;0;72;1;57;2;5;2;1;11;72;8;6;0;100;3;82;1;8;1;17;6;64;3;17;0;0;0;0;0;0;0;0;0;0;0;0;0;0;0;0;0;0;0;0
28.05.2024;18:40;A 49;1;0;0;1;1;3;2;1;6;4;15;35;55;0;0;0;0;0;0;6;5;7;58;0;100;1;0;4;79;0;0;2;92;2;30;0;0;0;0;18;57;10;10;1;98;11;24;0;0;0;0;9;88;3;7;0;0;0;0;0;0;0;0;0;0;0;0;0;0;0;0;0;0;0;0
28.05.2024;18:39;A 49;1;1;0;6;5;8;9;2;3;2;6;7;78;0;0;0;0;0;0;2;2;1;82;0;100;4;1;12;21;0;0;1;58;1;8;2;2;1;0;17;29;10;8;0;100;6;28;1;4;1;2;6;86;3;10;0;0;0;0;0;0;0;0;0;0;0;0;0;0;0;0;0;0;0;0
28.05.2024;18:38;A 49;1;1;0;12;12;7;8;4;25;6;19;25;52;0;0;0;0;0;0;2;3;2;75;0;100;1;0;3;8;0;0;3;22;1;0;1;0;0;0;12;18;9;22;4;76;9;34;3;6;2;15;8;52;8;23;0;0;0;0;0;0;0;0;0;0;0;0;0;0;0;0;0;0;0;0
28.05.2024;18:37;A 49;1;1;0;7;6;8;7;3;4;3;28;7;77;0;0;0;0;0;0;5;2;0;100;0;100;0;0;10;18;0;0;2;45;1;5;0;0;0;0;13;15;6;5;7;82;11;23;2;0;0;0;16;37;5;11;0;0;0;0;0;0;0;0;0;0;0;0;0;0;0;0;0;0;0;0
28.05.2024;18:36;A 49;1;0;0;1;1;1;0;0;0;1;7;9;32;0;0;0;0;0;0;6;6;0;100;0;100;3;1;10;48;0;0;1;73;2;2;1;0;0;0;6;7;3;4;4;28;5;12;0;0;0;0;7;12;2;5;0;0;0;0;0;0;0;0;0;0;0;0;0;0;0;0;0;0;0;0
28.05.2024;18:35;A 49;1;1;0;6;6;7;5;5;7;4;8;6;83;0;0;0;0;0;0;5;4;0;100;0;100;2;1;7;8;0;0;1;34;1;1;1;3;0;0;11;19;8;6;10;59;6;38;1;13;0;0;9;23;4;8;0;0;0;0;0;0;0;0;0;0;0;0;0;0;0;0;0;0;0;0
28.05.2024;18:34;A 49;1;1;0;5;5;5;5;5;3;7;10;24;54;0;0;0;0;0;0;0;0;2;95;0;100;3;0;13;12;0;0;1;40;1;9;1;1;1;1;9;53;5;6;2;87;7;67;4;11;0;0;9;80;6;13;0;0;0;0;0;0;0;0;0;0;0;0;0;0;0;0;0;0;0;0
28.05.2024;18:33;A 49;1;1;0;3;3;3;3;3;2;2;15;144;19;0;0;0;0;0;0;0;0;19;80;1;38;1;0;10;31;0;0;1;52;1;14;1;6;1;0;15;23;11;10;0;97;8;68;1;2;0;0;9;85;3;8;0;0;0;0;0;0;0;0;0;0;0;0;0;0;0;0;0;0;0;0
28.05.2024;18:32;A 49;1;2;1;11;12;7;6;5;4;2;19;18;75;0;0;0;0;0;0;12;56;0;100;0;0;1;0;8;21;0;0;2;37;0;0;0;0;1;1;20;54;6;25;1;99;9;50;0;0;0;0;9;91;5;11;0;0;0;0;0;0;0;0;0;0;0;0;0;0;0;0;0;0;0;0
28.05.2024;18:31;A 49;1;4;2;8;8;7;6;5;5;6;9;31;63;0;0;0;0;0;0;80;28;0;100;0;0;0;0;2;58;0;0;1;67;1;4;0;0;1;1;19;53;5;23;1;97;30;29;3;1;2;25;6;85;4;9;0;0;0;0;0;0;0;0;0;0;0;0;0;0;0;0;0;0;0;0
28.05.2024;18:30;A 49;1;0;0;4;4;4;4;1;5;4;4;9;82;0;0;0;0;0;0;60;41;0;100;0;0;3;11;5;72;0;0;1;91;1;0;1;5;1;0;7;50;3;31;3;76;15;13;4;4;1;2;10;58;3;7;0;0;0;0;0;0;0;0;0;0;0;0;0;0;0;0;0;0;0;0
28.05.2024;18:29;A 49;1;0;0;4;4;3;2;2;3;2;1;17;65;0;0;0;0;0;0;7;6;0;100;0;0;0;0;3;65;0;0;2;67;0;0;1;11;0;0;17;23;6;5;2;92;8;38;0;0;1;19;15;70;4;9;0;0;0;0;0;0;0;0;0;0;0;0;0;0;0;0;0;0;0;0
28.05.2024;18:28;A 49;1;0;0;4;4;3;3;1;0;2;6;8;71;0;0;0;0;0;0;5;5;1;93;0;0;3;2;7;8;0;0;3;36;3;12;1;8;0;0;16;60;3;3;0;100;5;52;1;2;0;0;7;75;3;7;0;0;0;0;0;0;0;0;0;0;0;0;0;0;0;0;0;0;0;0
28.05.2024;18:27;A 49;1;0;0;0;0;5;3;0;0;5;5;5;89;0;0;0;0;0;0;4;2;0;91;0;0;2;1;13;55;0;0;1;85;4;42;1;0;0;0;15;20;5;4;0;100;6;38;0;0;0;0;1;99;3;10;0;0;0;0;0;0;0;0;0;0;0;0;0;0;0;0;0;0;0;0
28.05.2024;18:26;A 49;1;0;0;7;8;3;3;3;16;4;13;4;90;0;0;0;0;0;0;13;4;0;100;0;0;2;0;12;66;0;0;0;100;4;16;0;0;0;0;16;34;7;8;4;74;15;36;1;0;0;0;12;46;2;6;0;0;0;0;0;0;0;0;0;0;0;0;0;0;0;0;0;0;0;0
28.05.2024;18:25;A 49;1;1;0;6;6;7;7;1;5;3;13;9;62;0;0;0;0;0;0;41;29;0;100;0;0;4;3;10;48;2;0;3;83;5;20;0;0;0;0;17;54;10;30;0;100;13;43;0;0;2;4;7;86;7;14;0;0;0;0;0;0;0;0;0;0;0;0;0;0;0;0;0;0;0;0
28.05.2024;18:24;A 49;1;2;0;11;12;10;17;8;19;4;30;7;61;0;0;0;0;0;0;7;6;0;100;1;5;2;0;3;2;0;0;2;18;1;2;1;37;0;0;23;47;7;5;0;100;5;64;1;7;0;30;6;78;4;51;0;0;0;0;0;0;0;0;0;0;0;0;0;0;0;0;0;0;0;0
28.05.2024;18:23;A 49;1;0;0;5;5;6;9;3;11;7;18;5;65;0;0;0;0;0;0;49;13;1;98;1;5;1;0;4;4;0;0;2;18;1;0;4;51;4;3;12;50;3;2;6;94;7;46;5;29;1;20;12;59;7;31;0;0;0;0;0;0;0;0;0;0;0;0;0;0;0;0;0;0;0;0
28.05.2024;18:22;A 49;1;0;0;6;6;3;2;3;4;4;7;5;69;0;0;0;0;0;0;54;47;1;99;1;1;7;6;11;72;0;0;1;99;2;39;2;27;0;0;13;32;3;1;7;75;8;12;3;0;0;0;14;32;3;6;0;0;0;0;0;0;0;0;0;0;0;0;0;0;0;0;0;0;0;0
28.05.2024;18:21;A 49;1;2;0;5;5;5;8;1;4;2;22;11;77;0;0;0;0;0;0;10;67;0;100;0;0;2;0;5;49;0;0;6;33;0;0;2;3;0;0;22;26;8;10;0;95;7;38;1;7;1;0;6;58;5;14;0;0;0;0;0;0;0;0;0;0;0;0;0;0;0;0;0;0;0;0
28.05.2024;18:20;A 49;1;1;0;11;11;9;9;2;6;2;24;5;86;0;0;0;0;0;0;3;2;0;100;0;19;2;2;4;34;0;0;2;75;0;0;0;0;0;0;20;44;8;25;1;97;7;62;5;4;1;0;10;87;8;17;0;0;0;0;0;0;0;0;0;0;0;0;0;0;0;0;0;0;0;0
28.05.2024;18:19;A 49;1;0;0;2;2;4;3;0;0;3;8;3;92;0;0;0;0;0;0;3;1;0;100;0;100;4;1;8;10;0;0;3;43;0;0;1;50;0;0;15;23;8;6;0;100;8;53;8;11;0;0;12;89;4;7;0;0;0;0;0;0;0;0;0;0;0;0;0;0;0;0;0;0;0;0
28.05.2024;18:18;A 49;1;0;0;5;5;5;4;4;7;6;29;8;81;0;0;0;0;0;0;18;27;1;98;0;100;3;2;13;20;0;0;1;52;1;13;1;5;0;0;15;24;6;9;2;82;8;26;10;9;0;0;7;67;4;8;0;0;0;0;0;0;0;0;0;0;0;0;0;0;0;0;0;0;0;0
28.05.2024;18:17;A 49;1;1;0;9;9;7;6;3;3;3;15;11;85;0;0;0;0;0;0;2;12;0;100;0;100;0;0;5;45;0;0;3;46;1;5;0;42;1;0;13;42;9;6;3;76;12;36;0;0;1;3;7;63;7;20;0;0;0;0;0;0;0;0;0;0;0;0;0;0;0;0;0;0;0;0
28.05.2024;18:16;A 49;1;7;4;14;17;11;10;5;31;8;20;14;79;0;0;0;0;0;0;3;3;0;100;0;100;4;4;8;68;0;0;1;87;2;14;2;16;2;1;20;54;4;4;1;69;7;23;7;31;0;8;10;54;6;14;0;0;0;0;0;0;0;0;0;0;0;0;0;0;0;0;0;0;0;0
28.05.2024;18:15;A 49;1;0;0;3;5;4;5;1;6;2;14;8;77;0;0;0;0;0;0;5;4;0;100;0;100;4;2;7;64;0;0;2;93;1;83;1;0;0;0;11;57;6;42;3;84;8;43;22;35;1;27;9;69;5;9;0;0;0;0;0;0;0;0;0;0;0;0;0;0;0;0;0;0;0;0
28.05.2024;18:14;A 49;1;1;0;6;6;10;8;2;1;6;8;8;80;0;0;0;0;0;0;4;4;0;100;0;100;1;0;11;69;0;0;0;92;1;78;3;9;0;0;14;60;10;32;1;96;6;74;7;38;2;59;10;66;10;47;0;0;0;0;0;0;0;0;0;0;0;0;0;0;0;0;0;0;0;0
28.05.2024;18:13;A 49;1;0;0;3;3;2;2;1;0;3;2;5;11;0;0;0;0;0;0;2;42;3;74;0;100;4;1;9;46;0;0;6;47;2;5;3;13;0;0;15;57;5;2;4;93;8;14;8;39;1;0;10;83;3;4;0;0;0;0;0;0;0;0;0;0;0;0;0;0;0;0;0;0;0;0
28.05.2024;18:12;A 49;1;1;0;4;4;7;7;2;2;5;6;3;90;0;0;0;0;0;0;1;2;1;97;0;100;8;6;13;51;0;0;1;74;1;34;1;67;2;3;15;52;5;7;3;98;10;22;2;11;0;0;10;84;5;12;0;0;0;0;0;0;0;0;0;0;0;0;0;0;0;0;0;0;0;0
28.05.2024;18:11;A 49;1;2;1;9;10;12;13;2;12;5;31;4;6;0;0;0;0;0;0;4;31;3;41;0;100;1;0;5;25;0;0;3;42;1;5;0;0;0;0;18;58;10;30;2;99;12;67;3;6;2;6;13;85;10;24;0;0;0;0;0;0;0;0;0;0;0;0;0;0;0;0;0;0;0;0
28.05.2024;18:10;A 49;1;2;0;7;8;6;5;4;10;4;10;6;65;0;0;0;0;0;0;5;3;0;100;0;100;1;0;15;61;13;1;1;97;0;0;3;4;0;0;10;28;5;2;5;61;6;12;12;43;1;11;9;26;5;10;0;0;0;0;0;0;0;0;0;0;0;0;0;0;0;0;0;0;0;0
28.05.2024;18:09;A 49;1;2;1;9;9;9;8;4;18;3;13;6;60;0;0;0;0;0;0;5;3;0;100;0;100;3;0;9;65;0;0;2;91;2;9;0;0;0;0;18;42;9;7;2;87;9;40;8;31;0;12;6;49;4;15;0;0;0;0;0;0;0;0;0;0;0;0;0;0;0;0;0;0;0;0
28.05.2024;18:08;A 49;1;0;0;3;3;5;4;1;1;3;5;6;89;0;0;0;0;0;0;4;35;0;100;0;100;2;1;7;55;6;0;3;60;0;0;2;22;0;0;16;63;4;3;0;100;7;59;3;18;1;31;12;71;9;32;0;0;0;0;0;0;0;0;0;0;0;0;0;0;0;0;0;0;0;0
28.05.2024;18:07;A 49;1;1;0;10;11;4;3;5;9;6;11;5;73;0;0;0;0;0;0;5;65;2;66;0;100;0;0;8;60;0;0;1;83;1;6;1;44;2;1;10;14;7;5;2;87;8;17;17;14;0;0;7;78;4;8;0;0;0;0;0;0;0;0;0;0;0;0;0;0;0;0;0;0;0;0
28.05.2024;18:06;A 49;1;1;0;6;8;6;9;4;13;8;16;4;9;0;0;0;0;0;0;1;0;3;82;0;100;0;0;5;44;0;0;2;59;1;1;0;0;0;0;15;48;3;18;5;89;5;10;21;26;1;2;13;35;5;13;0;0;0;0;0;0;0;0;0;0;0;0;0;0;0;0;0;0;0;0
28.05.2024;18:05;A 49;1;2;1;11;13;8;8;8;5;8;12;2;34;0;0;0;0;0;0;1;58;3;9;0;100;2;0;11;52;0;0;3;89;1;3;2;60;0;0;16;25;7;7;5;71;8;17;2;7;5;3;10;44;6;9;0;0;0;0;0;0;0;0;0;0;0;0;0;0;0;0;0;0;0;0
28.05.2024;18:04;A 49;1;3;1;11;12;9;8;4;20;2;24;7;67;0;0;0;0;0;0;4;5;3;82;0;100;1;1;4;49;0;0;2;64;0;0;1;2;0;0;20;53;5;38;1;97;6;57;1;0;3;22;13;76;4;26;0;0;0;0;0;0;0;0;0;0;0;0;0;0;0;0;0;0;0;0
28.05.2024;18:03;A 49;1;1;0;12;14;7;6;4;14;3;23;5;72;0;0;0;0;0;0;5;16;2;81;0;100;1;0;12;12;0;0;1;89;1;2;2;1;2;1;10;23;7;16;4;46;5;34;2;12;5;31;8;27;7;21;0;0;0;0;0;0;0;0;0;0;0;0;0;0;0;0;0;0;0;0
28.05.2024;18:02;A 49;1;1;0;7;7;6;5;5;4;4;7;4;7;0;0;0;0;0;0;2;1;6;8;0;100;1;0;5;59;0;0;1;76;0;0;0;26;0;0;16;20;12;8;0;58;7;20;0;0;1;7;5;48;4;16;0;0;0;0;0;0;0;0;0;0;0;0;0;0;0;0;0;0;0;0
28.05.2024;18:01;A 49;1;2;1;8;9;4;3;4;17;1;17;6;24;0;0;0;0;0;0;1;12;5;25;0;100;1;0;8;79;0;0;0;96;1;18;2;35;0;0;16;61;5;30;0;100;7;12;1;2;1;1;12;52;6;17;0;0;0;0;0;0;0;0;0;0;0;0;0;0;0;0;0;0;0;0
28.05.2024;18:00;A 49;1;5;3;9;11;10;10;6;8;3;11;8;77;0;0;0;0;0;0;6;67;6;75;0;100;0;0;6;63;0;0;1;76;0;0;1;0;0;0;11;18;6;15;2;99;9;48;10;14;1;24;3;94;7;35;0;0;0;0;0;0;0;0;0;0;0;0;0;0;0;0;0;0;0;0
28.05.2024;17:59;A 49;1;4;2;7;8;8;7;2;14;2;14;6;10;0;0;0;0;0;0;3;53;4;90;0;100;1;0;8;51;0;0;1;76;0;0;1;36;0;0;16;59;11;10;0;100;5;85;1;40;4;39;7;90;11;54;0;0;0;0;0;0;0;0;0;0;0;0;0;0;0;0;0;0;0;0
28.05.2024;17:58;A 49;1;1;0;4;4;3;6;2;8;1;14;7;79;0;0;0;0;0;0;5;3;3;99;0;100;2;2;4;57;0;0;3;61;1;0;3;17;0;0;20;27;9;6;0;100;4;44;5;17;4;16;10;82;2;8;0;0;0;0;0;0;0;0;0;0;0;0;0;0;0;0;0;0;0;0
28.05.2024;17:57;A 49;1;0;0;8;8;9;7;2;1;5;6;8;83;0;0;0;0;0;0;4;3;1;89;0;100;6;3;13;46;0;0;2;68;0;0;1;71;2;1;20;28;7;25;0;100;11;35;5;2;1;0;1;98;7;23;0;0;0;0;0;0;0;0;0;0;0;0;0;0;0;0;0;0;0;0
28.05.2024;17:56;A 49;1;1;0;12;14;9;9;10;13;10;17;8;70;0;0;0;0;0;0;5;3;3;77;0;100;3;1;5;25;0;0;1;46;0;0;2;45;0;0;20;42;7;4;0;100;10;24;6;44;0;0;7;97;5;12;0;0;0;0;0;0;0;0;0;0;0;0;0;0;0;0;0;0;0;0
28.05.2024;17:55;A 49;1;2;0;10;11;6;6;3;25;1;15;4;60;0;0;0;0;0;0;2;1;3;35;0;100;2;26;4;7;0;0;1;56;1;7;3;65;0;0;19;52;3;2;0;100;3;28;12;9;0;0;8;92;4;11;0;0;0;0;0;0;0;0;0;0;0;0;0;0;0;0;0;0;0;0
28.05.2024;17:54;A 49;1;0;0;8;8;6;5;2;10;8;11;9;63;0;0;0;0;0;0;5;4;3;55;0;100;1;0;6;82;0;0;0;95;0;0;2;20;1;0;15;22;6;8;0;100;10;41;12;21;1;3;11;84;6;12;0;0;0;0;0;0;0;0;0;0;0;0;0;0;0;0;0;0;0;0
28.05.2024;17:53;A 49;1;3;1;10;11;7;6;3;1;7;23;6;22;0;0;0;0;0;0;4;52;5;90;0;100;2;2;6;71;0;0;2;89;0;0;2;7;1;0;17;37;6;21;0;100;12;29;3;14;2;33;13;66;8;19;0;0;0;0;0;0;0;0;0;0;0;0;0;0;0;0;0;0;0;0
28.05.2024;17:52;A 49;1;4;2;11;12;10;10;3;16;6;31;3;63;0;0;0;0;0;0;2;57;1;68;0;100;2;0;16;58;0;0;1;97;6;55;1;7;0;0;13;21;6;3;1;99;6;29;1;1;2;33;11;83;5;59;0;0;0;0;0;0;0;0;0;0;0;0;0;0;0;0;0;0;0;0
28.05.2024;17:51;A 49;1;0;0;5;5;10;14;5;5;3;25;3;84;0;0;0;0;0;0;1;1;2;87;0;100;1;0;18;57;0;0;0;85;1;19;0;0;0;0;16;58;11;46;1;98;11;33;3;9;3;39;3;89;7;19;0;0;0;0;0;0;0;0;0;0;0;0;0;0;0;0;0;0;0;0
28.05.2024;17:50;A 49;1;1;0;9;10;8;8;5;10;2;6;5;73;0;0;0;0;0;0;2;2;3;63;0;100;7;4;11;31;0;0;3;65;3;12;1;2;0;0;15;66;7;5;0;100;8;48;29;28;3;19;0;100;7;40;0;0;0;0;0;0;0;0;0;0;0;0;0;0;0;0;0;0;0;0
28.05.2024;17:49;A 49;1;5;2;11;13;9;8;4;1;4;13;8;11;0;0;0;0;0;0;7;5;7;16;0;100;2;0;6;68;0;0;1;89;1;17;1;0;0;0;20;40;12;16;0;100;5;59;12;13;4;3;7;96;5;8;0;0;0;0;0;0;0;0;0;0;0;0;0;0;0;0;0;0;0;0
28.05.2024;17:48;A 49;1;3;1;11;13;12;11;6;14;5;27;5;48;0;0;0;0;0;0;5;4;1;56;0;100;2;1;9;60;0;0;2;80;0;0;0;0;2;3;27;34;9;8;3;91;6;72;1;1;4;12;12;80;9;28;0;0;0;0;0;0;0;0;0;0;0;0;0;0;0;0;0;0;0;0
28.05.2024;17:47;A 49;1;1;0;1;1;2;2;0;0;3;13;4;43;0;0;0;0;0;0;4;4;2;50;0;100;1;0;9;74;0;0;0;100;0;2;0;0;0;0;15;23;7;6;2;97;6;45;5;5;3;13;8;90;6;17;0;0;0;0;0;0;0;0;0;0;0;0;0;0;0;0;0;0;0;0
28.05.2024;17:46;A 49;1;2;1;7;7;6;5;3;2;4;2;6;28;0;0;0;0;0;0;0;0;3;39;0;100;4;4;10;75;0;0;1;98;2;11;0;9;0;0;17;44;7;6;0;100;6;15;21;34;0;0;7;92;3;5;0;0;0;0;0;0;0;0;0;0;0;0;0;0;0;0;0;0;0;0
28.05.2024;17:45;A 49;1;2;0;5;5;6;5;10;6;3;22;6;37;0;0;0;0;0;0;4;2;2;42;1;59;6;3;10;54;0;0;1;92;0;0;1;66;0;0;17;29;12;13;1;99;12;66;8;13;1;0;5;92;8;25;0;0;0;0;0;0;0;0;0;0;0;0;0;0;0;0;0;0;0;0
28.05.2024;17:44;A 49;1;1;0;6;7;7;8;5;4;3;9;4;11;0;0;0;0;0;0;3;32;1;95;1;9;3;1;11;55;1;0;3;77;0;0;2;63;1;0;15;49;6;6;1;96;7;51;2;8;2;21;11;83;6;12;0;0;0;0;0;0;0;0;0;0;0;0;0;0;0;0;0;0;0;0
28.05.2024;17:43;A 49;1;0;0;7;8;2;1;6;18;0;0;6;60;0;0;0;0;0;0;3;3;6;64;1;2;5;4;16;54;0;0;0;100;1;8;3;7;3;2;12;16;8;6;1;82;6;13;7;22;1;25;6;67;3;7;0;0;0;0;0;0;0;0;0;0;0;0;0;0;0;0;0;0;0;0
28.05.2024;17:42;A 49;1;4;2;13;15;8;8;6;19;4;13;2;36;0;0;0;0;0;0;1;1;2;29;0;0;1;0;2;4;0;0;2;65;0;0;0;2;1;0;19;47;12;25;0;100;8;49;6;13;0;29;12;76;4;9;0;0;0;0;0;0;0;0;0;0;0;0;0;0;0;0;0;0;0;0
28.05.2024;17:41;A 49;1;2;1;7;8;10;10;3;8;6;22;5;13;0;0;0;0;0;0;3;28;4;47;0;0;0;0;2;2;0;0;1;5;2;2;1;19;0;0;17;55;3;5;0;100;5;43;1;1;3;25;8;91;9;38;0;0;0;0;0;0;0;0;0;0;0;0;0;0;0;0;0;0;0;0
28.05.2024;17:40;A 49;1;5;2;12;14;7;5;6;18;5;17;8;35;0;0;0;0;0;0;7;52;4;92;0;0;2;2;7;35;0;0;1;61;0;0;1;14;0;0;21;41;5;5;0;100;8;43;3;38;3;3;13;90;6;8;0;0;0;0;0;0;0;0;0;0;0;0;0;0;0;0;0;0;0;0
28.05.2024;17:39;A 49;1;3;1;4;4;6;5;1;1;2;1;8;74;0;0;0;0;0;0;5;4;3;92;0;0;1;0;7;64;0;0;1;81;0;0;1;6;0;0;16;61;11;29;0;100;6;56;3;10;1;15;9;87;8;32;0;0;0;0;0;0;0;0;0;0;0;0;0;0;0;0;0;0;0;0
28.05.2024;17:38;A 49;1;4;2;7;8;6;6;2;10;5;8;4;90;0;0;0;0;0;0;3;2;1;96;0;0;2;1;17;63;0;0;0;100;1;12;1;2;1;1;14;62;3;13;1;97;7;24;0;0;1;10;8;91;7;18;0;0;0;0;0;0;0;0;0;0;0;0;0;0;0;0;0;0;0;0
28.05.2024;17:37;A 49;1;2;1;7;8;7;6;2;2;4;20;3;90;0;0;0;0;0;0;0;0;2;96;0;0;4;1;12;61;0;0;2;74;1;1;1;76;1;0;14;23;4;15;1;93;4;42;1;5;1;33;13;83;4;15;0;0;0;0;0;0;0;0;0;0;0;0;0;0;0;0;0;0;0;0
28.05.2024;17:36;A 49;1;1;0;7;7;5;5;3;1;3;7;7;52;0;0;0;0;0;0;4;3;2;94;0;0;3;1;14;27;0;0;1;64;1;31;0;0;2;1;12;25;6;10;3;61;7;34;1;4;2;19;6;40;4;5;0;0;0;0;0;0;0;0;0;0;0;0;0;0;0;0;0;0;0;0
28.05.2024;17:35;A 49;1;1;0;4;4;7;10;1;6;8;13;8;78;0;0;0;0;0;0;5;4;4;93;0;0;0;0;12;58;0;0;2;86;0;2;2;2;0;0;16;21;9;25;1;73;5;49;2;10;2;5;9;60;4;15;0;0;0;0;0;0;0;0;0;0;0;0;0;0;0;0;0;0;0;0
28.05.2024;17:34;A 49;1;2;0;8;9;12;12;4;6;4;30;11;73;0;0;0;0;0;0;7;5;8;83;0;0;0;0;5;63;0;0;2;76;1;38;0;0;0;0;17;28;10;33;1;97;8;34;47;25;1;8;6;94;8;20;0;0;0;0;0;0;0;0;0;0;0;0;0;0;0;0;0;0;0;0
28.05.2024;17:33;A 49;1;1;0;6;7;2;2;4;11;2;1;7;85;0;0;0;0;0;0;6;7;5;87;0;0;3;1;5;41;0;0;3;60;1;0;0;8;0;0;16;55;8;19;2;94;11;52;14;6;1;12;13;77;5;23;0;0;0;0;0;0;0;0;0;0;0;0;0;0;0;0;0;0;0;0
28.05.2024;17:32;A 49;1;2;0;9;8;8;6;1;0;0;3;7;88;0;0;0;0;0;0;3;3;2;97;1;0;6;3;11;29;0;0;3;56;2;9;2;45;0;0;15;54;6;6;0;100;10;62;15;50;2;17;10;91;4;7;0;0;0;0;0;0;0;0;0;0;0;0;0;0;0;0;0;0;0;0
28.05.2024;17:31;A 49;1;0;0;6;6;5;5;1;1;2;8;6;82;0;0;0;0;0;0;4;2;4;89;0;0;4;1;9;47;0;0;3;49;0;0;1;2;0;0;15;51;7;5;0;100;4;52;8;9;2;36;10;79;7;15;0;0;0;0;0;0;0;0;0;0;0;0;0;0;0;0;0;0;0;0
28.05.2024;17:30;A 49;1;1;0;5;5;14;14;3;5;3;45;3;88;0;0;0;0;0;0;1;1;3;93;0;0;2;2;10;39;0;0;1;68;0;0;1;0;0;0;18;53;10;37;0;100;5;81;10;8;1;26;8;78;9;24;0;0;0;0;0;0;0;0;0;0;0;0;0;0;0;0;0;0;0;0
28.05.2024;17:29;A 49;1;1;0;12;12;5;4;4;2;4;15;7;84;0;0;0;0;0;0;6;67;3;96;0;0;3;4;18;63;0;0;0;100;4;26;1;70;0;0;18;54;7;5;0;100;7;49;6;14;2;5;3;97;7;16;0;0;0;0;0;0;0;0;0;0;0;0;0;0;0;0;0;0;0;0
28.05.2024;17:28;A 49;1;1;0;12;15;11;9;5;18;5;27;14;68;0;0;0;0;0;0;10;15;5;92;0;0;2;1;4;31;0;0;1;50;0;0;1;1;0;0;20;55;5;3;0;100;8;60;12;18;2;26;13;91;7;15;0;0;0;0;0;0;0;0;0;0;0;0;0;0;0;0;0;0;0;0
28.05.2024;17:27;A 49;1;2;1;10;11;8;9;3;8;5;26;7;76;0;0;0;0;0;0;4;5;3;93;0;0;0;0;3;55;0;0;2;49;0;0;1;13;0;0;22;48;7;6;0;100;8;59;43;43;1;26;13;88;5;28;0;0;0;0;0;0;0;0;0;0;0;0;0;0;0;0;0;0;0;0
28.05.2024;17:26;A 49;1;0;0;3;3;7;6;0;0;4;3;6;89;0;0;0;0;0;0;4;4;2;93;0;0;1;24;12;61;0;0;0;98;0;0;3;37;0;0;12;17;9;6;1;98;7;79;29;31;2;40;8;88;8;53;0;0;0;0;0;0;0;0;0;0;0;0;0;0;0;0;0;0;0;0
28.05.2024;17:25;A 49;1;1;0;8;8;7;6;1;6;5;29;9;76;0;0;0;0;0;0;7;6;6;79;0;0;1;0;9;52;0;0;1;86;1;4;2;4;4;3;16;25;7;7;0;100;11;62;12;7;0;0;11;89;7;12;0;0;0;0;0;0;0;0;0;0;0;0;0;0;0;0;0;0;0;0
28.05.2024;17:24;A 49;1;1;0;5;5;11;10;1;81;4;46;7;15;0;0;0;0;0;0;6;6;1;97;0;0;2;1;7;47;0;0;0;63;0;0;2;1;1;0;17;29;7;4;0;100;5;60;35;33;2;2;5;94;7;41;0;0;0;0;0;0;0;0;0;0;0;0;0;0;0;0;0;0;0;0
28.05.2024;17:23;A 49;1;0;0;7;7;9;8;2;3;4;14;3;92;0;0;0;0;0;0;2;2;0;100;0;0;1;0;7;37;0;0;2;68;2;5;1;64;1;1;17;25;12;11;0;100;7;57;5;9;6;34;10;79;8;16;0;0;0;0;0;0;0;0;0;0;0;0;0;0;0;0;0;0;0;0
28.05.2024;17:22;A 49;1;0;0;7;8;8;13;3;8;2;23;6;82;0;0;0;0;0;0;4;3;0;100;0;0;3;1;12;64;0;0;1;97;0;0;0;0;0;0;17;24;12;13;0;100;6;64;6;12;5;7;14;72;8;39;0;0;0;0;0;0;0;0;0;0;0;0;0;0;0;0;0;0;0;0
28.05.2024;17:21;A 49;1;3;1;10;12;12;12;8;27;9;38;8;27;0;0;0;0;0;0;3;2;2;96;0;0;1;3;12;69;0;0;0;100;1;27;0;0;0;0;19;50;9;25;0;100;7;38;7;11;2;55;12;81;6;48;0;0;0;0;0;0;0;0;0;0;0;0;0;0;0;0;0;0;0;0
28.05.2024;17:20;A 49;1;1;0;9;10;10;9;4;15;3;31;6;55;0;0;0;0;0;0;5;4;2;97;0;0;1;2;3;60;0;0;0;100;0;0;3;2;3;1;19;53;12;19;0;100;8;39;44;32;2;13;11;83;10;25;0;0;0;0;0;0;0;0;0;0;0;0;0;0;0;0;0;0;0;0
28.05.2024;17:19;A 49;1;4;2;11;13;10;13;4;30;3;54;7;80;0;0;0;0;0;0;3;2;3;94;0;0;2;1;13;48;0;0;2;81;3;36;4;9;1;1;11;39;8;41;0;100;7;41;29;31;3;22;7;89;12;37;0;0;0;0;0;0;0;0;0;0;0;0;0;0;0;0;0;0;0;0
28.05.2024;17:18;A 49;1;2;1;5;7;6;4;3;4;4;8;6;78;0;0;0;0;0;0;4;3;2;97;0;0;3;2;11;67;0;0;0;100;1;0;2;7;2;2;14;57;6;5;0;100;7;64;20;9;3;33;8;68;8;44;0;0;0;0;0;0;0;0;0;0;0;0;0;0;0;0;0;0;0;0
28.05.2024;17:17;A 49;1;1;0;10;10;3;2;2;3;4;3;5;10;0;0;0;0;0;0;5;4;1;95;0;0;6;3;14;56;0;0;1;91;2;15;1;45;0;0;14;24;6;6;1;99;5;56;27;21;4;3;4;95;1;9;0;0;0;0;0;0;0;0;0;0;0;0;0;0;0;0;0;0;0;0
28.05.2024;17:16;A 49;1;2;1;11;12;12;11;4;9;7;22;6;12;0;0;0;0;0;0;2;1;2;96;0;0;1;18;4;3;0;0;3;34;0;0;0;0;0;0;11;56;7;45;1;97;7;61;16;17;3;16;6;90;9;20;0;0;0;0;0;0;0;0;0;0;0;0;0;0;0;0;0;0;0;0
28.05.2024;17:15;A 49;1;3;1;12;15;13;13;6;34;5;37;7;22;0;0;0;0;0;0;3;2;4;96;0;0;4;17;14;23;0;0;0;56;1;4;8;66;0;0;18;57;10;9;0;100;4;74;5;96;1;49;4;91;5;67;0;0;0;0;0;0;0;0;0;0;0;0;0;0;0;0;0;0;0;0
28.05.2024;17:14;A 49;1;1;0;13;14;6;64;7;24;7;15;11;21;0;0;0;0;0;0;6;50;1;97;0;0;0;0;6;49;0;0;3;58;0;0;2;29;1;0;23;47;30;16;0;100;7;50;16;37;1;37;6;92;7;32;0;0;0;0;0;0;0;0;0;0;0;0;0;0;0;0;0;0;0;0
28.05.2024;17:13;A 49;1;2;0;14;15;15;45;5;8;3;39;10;23;0;0;0;0;0;0;6;37;0;100;0;0;2;1;5;63;0;0;1;81;0;0;2;11;1;1;19;58;12;11;0;100;9;65;8;13;1;45;6;92;10;46;0;0;0;0;0;0;0;0;0;0;0;0;0;0;0;0;0;0;0;0
28.05.2024;17:12;A 49;1;2;1;13;20;13;15;4;47;5;42;6;34;0;0;0;0;0;0;4;4;1;98;0;0;2;0;13;74;0;0;0;100;1;79;2;3;0;0;13;19;11;10;2;92;7;79;29;38;6;21;10;79;10;67;0;0;0;0;0;0;0;0;0;0;0;0;0;0;0;0;0;0;0;0
28.05.2024;17:11;A 49;1;1;0;2;2;8;8;0;0;0;32;4;93;0;0;0;0;0;0;3;83;4;98;0;0;7;4;13;62;0;0;0;100;3;10;0;0;0;0;11;19;7;54;0;100;4;88;44;49;3;50;5;91;9;45;0;0;0;0;0;0;0;0;0;0;0;0;0;0;0;0;0;0;0;0
28.05.2024;17:10;A 49;1;2;1;8;9;11;10;2;1;6;22;7;86;0;0;0;0;0;0;6;76;4;96;0;0;3;36;11;74;0;0;0;100;0;76;3;5;1;0;13;56;13;8;0;100;5;84;18;18;3;27;12;85;9;53;0;0;0;0;0;0;0;0;0;0;0;0;0;0;0;0;0;0;0;0
28.05.2024;17:09;A 49;1;1;0;9;9;13;14;5;4;3;26;3;8;0;0;0;0;0;0;0;0;2;98;0;0;4;3;17;56;0;0;2;95;1;10;4;59;0;0;17;58;7;3;0;100;6;51;4;1;2;31;4;86;7;17;0;0;0;0;0;0;0;0;0;0;0;0;0;0;0;0;0;0;0;0
28.05.2024;17:08;A 49;1;4;2;11;12;8;8;3;6;6;19;6;85;0;0;0;0;0;0;6;6;0;100;0;0;4;1;10;56;0;0;1;85;0;0;2;2;0;0;18;30;6;7;0;100;5;29;11;86;1;0;3;96;7;56;0;0;0;0;0;0;0;0;0;0;0;0;0;0;0;0;0;0;0;0
28.05.2024;17:07;A 49;1;4;1;12;16;8;10;7;24;5;9;60;74;0;0;0;0;0;0;8;58;0;100;0;0;1;0;14;71;0;0;0;100;0;16;0;54;0;0;20;28;10;10;1;99;10;40;17;23;4;5;13;75;7;19;0;0;0;0;0;0;0;0;0;0;0;0;0;0;0;0;0;0;0;0
28.05.2024;17:06;A 49;1;1;0;17;18;10;8;6;19;5;9;8;78;0;0;0;0;0;0;6;33;0;100;0;0;2;1;8;72;0;0;0;100;2;49;1;4;0;0;23;33;6;8;0;100;6;36;9;16;4;13;13;84;5;13;0;0;0;0;0;0;0;0;0;0;0;0;0;0;0;0;0;0;0;0
28.05.2024;17:05;A 49;1;0;0;5;6;9;8;2;2;1;36;8;80;0;0;0;0;0;0;7;6;0;100;0;0;2;1;5;34;0;0;3;30;0;0;5;30;0;0;17;60;12;49;0;100;9;73;4;7;7;25;11;83;9;27;0;0;0;0;0;0;0;0;0;0;0;0;0;0;0;0;0;0;0;0
28.05.2024;17:04;A 49;1;0;0;5;4;6;6;3;2;3;20;6;71;0;0;0;0;0;0;1;0;2;99;0;0;3;2;17;56;0;0;1;99;1;5;13;20;0;0;6;67;5;4;1;93;4;64;2;10;2;46;4;88;5;57;0;0;0;0;0;0;0;0;0;0;0;0;0;0;0;0;0;0;0;0
28.05.2024;17:03;A 49;1;3;1;8;8;14;12;3;1;7;23;10;82;0;0;0;0;0;0;7;68;2;97;0;0;2;0;11;74;0;0;0;100;0;0;0;0;0;0;18;25;13;10;0;100;15;52;0;0;1;1;9;87;12;25;0;0;0;0;0;0;0;0;0;0;0;0;0;0;0;0;0;0;0;0
28.05.2024;17:02;A 49;1;0;0;5;5;11;10;2;1;4;26;117;37;0;0;0;0;0;0;21;69;2;98;0;0;1;0;2;6;0;0;2;23;0;0;0;0;1;0;17;23;5;4;0;100;6;73;3;17;3;1;12;88;8;30;0;0;0;0;0;0;0;0;0;0;0;0;0;0;0;0;0;0;0;0
28.05.2024;17:01;A 49;1;5;4;13;16;11;8;5;24;5;9;156;52;0;0;0;0;0;0;7;74;2;95;0;0;2;0;10;13;0;0;1;41;1;2;1;1;0;0;19;52;11;6;0;100;9;42;2;0;1;19;11;81;8;17;0;0;0;0;0;0;0;0;0;0;0;0;0;0;0;0;0;0;0;0
28.05.2024;17:00;A 49;1;2;1;13;14;14;19;9;11;2;65;66;43;0;0;0;0;0;0;8;18;1;99;0;0;1;0;6;68;0;0;2;31;0;0;3;2;2;1;19;54;8;6;0;100;4;55;2;6;1;30;11;84;8;45;0;0;0;0;0;0;0;0;0;0;0;0;0;0;0;0;0;0;0;0
28.05.2024;16:59;A 49;1;2;1;8;9;7;7;6;2;4;23;77;46;0;0;0;0;0;0;5;4;0;100;0;0;1;0;7;61;0;0;4;49;0;0;1;2;0;0;22;51;7;8;0;100;5;68;1;4;5;44;11;92;9;36;0;0;0;0;0;0;0;0;0;0;0;0;0;0;0;0;0;0;0;0
28.05.2024;16:58;A 49;1;2;0;6;6;9;9;2;8;6;32;49;67;0;0;0;0;0;0;8;8;2;96;0;0;1;0;8;65;0;0;2;85;0;0;1;0;2;1;15;65;8;6;0;100;4;65;5;13;2;28;8;93;6;27;0;0;0;0;0;0;0;0;0;0;0;0;0;0;0;0;0;0;0;0
28.05.2024;16:57;A 49;1;1;0;7;7;9;8;3;8;5;14;12;78;0;0;0;0;0;0;4;3;1;99;0;0;3;1;7;62;0;0;1;80;0;0;4;17;3;3;16;25;11;14;0;100;8;75;2;0;0;0;3;98;15;54;0;0;0;0;0;0;0;0;0;0;0;0;0;0;0;0;0;0;0;0
28.05.2024;16:56;A 49;1;1;0;8;9;6;6;4;10;4;15;57;29;0;0;0;0;0;0;5;3;0;100;0;0;7;2;15;55;0;0;0;100;0;0;2;55;0;0;16;20;10;6;1;99;7;55;7;19;1;1;8;89;7;26;0;0;0;0;0;0;0;0;0;0;0;0;0;0;0;0;0;0;0;0
28.05.2024;16:55;A 49;1;2;0;12;13;9;8;5;25;8;24;13;86;0;0;0;0;0;0;7;27;0;100;0;0;1;0;5;53;0;0;3;74;0;0;0;0;0;0;17;65;5;5;1;98;8;50;4;51;1;33;10;80;10;49;0;0;0;0;0;0;0;0;0;0;0;0;0;0;0;0;0;0;0;0
28.05.2024;16:54;A 49;1;1;0;3;3;6;4;4;13;4;29;11;79;0;0;0;0;0;0;5;4;0;100;0;0;0;15;6;44;0;0;2;43;0;0;1;8;0;0;18;27;7;6;0;100;5;48;29;48;2;3;7;95;5;14;0;0;0;0;0;0;0;0;0;0;0;0;0;0;0;0;0;0;0;0
28.05.2024;16:53;A 49;1;0;0;5;5;8;8;3;6;6;6;33;27;0;0;0;0;0;0;4;3;4;90;0;0;6;5;12;60;1;0;2;82;0;0;1;56;0;0;23;33;7;4;0;100;8;46;36;59;1;0;14;83;6;17;0;0;0;0;0;0;0;0;0;0;0;0;0;0;0;0;0;0;0;0
28.05.2024;16:52;A 49;1;1;0;5;6;5;8;5;6;5;13;8;52;0;0;0;0;0;0;5;45;4;94;0;0;2;0;12;70;0;0;1;98;2;11;2;54;3;20;17;25;4;3;2;92;8;33;12;15;4;18;9;74;5;13;0;0;0;0;0;0;0;0;0;0;0;0;0;0;0;0;0;0;0;0
28.05.2024;16:51;A 49;1;5;2;10;10;11;11;3;14;4;27;9;78;0;0;0;0;0;0;6;53;3;94;0;0;3;1;9;73;0;0;1;99;1;5;2;40;2;1;15;26;10;17;1;71;5;39;41;28;0;10;9;58;7;34;0;0;0;0;0;0;0;0;0;0;0;0;0;0;0;0;0;0;0;0
28.05.2024;16:50;A 49;1;1;0;7;7;3;2;2;2;2;10;6;89;0;0;0;0;0;0;2;9;0;100;0;0;1;3;2;67;0;0;0;73;0;0;1;32;0;0;15;56;8;5;0;100;4;64;30;45;6;23;7;92;8;33;0;0;0;0;0;0;0;0;0;0;0;0;0;0;0;0;0;0;0;0
28.05.2024;16:49;A 49;1;2;1;9;10;10;9;6;17;2;11;6;85;0;0;0;0;0;0;5;3;6;92;0;0;5;10;11;74;0;0;0;100;2;24;9;45;0;0;17;53;4;4;0;100;4;50;16;34;4;15;8;89;9;23;0;0;0;0;0;0;0;0;0;0;0;0;0;0;0;0;0;0;0;0
28.05.2024;16:48;A 49;1;4;1;12;14;7;5;7;39;3;34;5;82;0;0;0;0;0;0;4;2;1;98;0;0;3;1;10;56;0;0;1;86;1;1;0;0;1;0;13;65;8;15;0;100;5;52;7;95;5;41;3;98;10;45;0;0;0;0;0;0;0;0;0;0;0;0;0;0;0;0;0;0;0;0
28.05.2024;16:47;A 49;1;1;0;8;10;9;9;9;7;5;21;9;81;0;0;0;0;0;0;8;63;3;93;0;0;5;2;13;32;0;0;2;73;3;6;0;0;0;0;19;28;9;7;0;100;6;33;37;66;1;5;9;94;11;31;0;0;0;0;0;0;0;0;0;0;0;0;0;0;0;0;0;0;0;0
28.05.2024;16:46;A 49;1;2;0;13;14;11;11;3;5;6;19;5;91;0;0;0;0;0;0;6;24;0;100;0;0;1;0;81;39;0;0;3;78;1;9;1;0;0;0;18;47;12;31;0;100;7;44;10;10;4;12;10;93;7;14;0;0;0;0;0;0;0;0;0;0;0;0;0;0;0;0;0;0;0;0
28.05.2024;16:45;A 49;1;2;1;8;9;9;10;2;16;5;11;6;65;0;0;0;0;0;0;4;5;3;69;0;0;4;3;9;65;0;0;1;91;1;4;0;0;0;0;17;53;8;26;1;96;10;39;10;25;2;11;9;81;7;24;0;0;0;0;0;0;0;0;0;0;0;0;0;0;0;0;0;0;0;0
28.05.2024;16:44;A 49;1;1;0;4;4;6;6;6;5;8;4;5;67;0;0;0;0;0;0;3;1;3;75;0;0;1;0;11;62;0;0;1;98;2;7;1;1;0;0;16;63;8;8;0;100;5;18;2;11;3;10;11;85;10;26;0;0;0;0;0;0;0;0;0;0;0;0;0;0;0;0;0;0;0;0
28.05.2024;16:43;A 49;1;3;1;10;11;3;2;2;12;0;1;5;76;0;0;0;0;0;0;3;3;4;93;0;0;2;0;5;57;0;0;3;39;0;0;1;13;0;0;14;63;7;8;0;100;5;50;0;0;7;58;3;96;5;16;0;0;0;0;0;0;0;0;0;0;0;0;0;0;0;0;0;0;0;0
28.05.2024;16:42;A 49;1;1;0;7;8;7;6;4;26;7;27;4;76;0;0;0;0;0;0;1;1;2;76;0;0;5;4;18;60;0;0;0;100;1;10;2;1;0;0;16;23;7;7;0;100;8;89;0;73;4;2;4;94;8;47;0;0;0;0;0;0;0;0;0;0;0;0;0;0;0;0;0;0;0;0
28.05.2024;16:41;A 49;1;4;1;12;12;10;10;5;12;2;22;5;10;0;0;0;0;0;0;3;78;0;98;0;0;3;3;9;14;1;0;3;47;0;0;3;53;1;0;14;65;8;6;0;100;4;71;2;53;4;55;7;92;7;56;0;0;0;0;0;0;0;0;0;0;0;0;0;0;0;0;0;0;0;0
28.05.2024;16:40;A 49;1;1;0;11;12;6;5;3;6;6;5;5;63;0;0;0;0;0;0;5;24;0;100;0;0;2;0;5;65;0;0;2;84;4;15;2;3;0;0;16;59;4;26;0;100;5;15;15;35;2;6;5;96;4;21;0;0;0;0;0;0;0;0;0;0;0;0;0;0;0;0;0;0;0;0
28.05.2024;16:39;A 49;1;4;2;18;21;10;9;3;37;5;28;9;82;0;0;0;0;0;0;11;8;0;100;0;0;2;1;7;66;0;0;2;83;0;0;2;3;0;0;20;44;9;12;0;100;6;48;21;32;1;35;9;86;6;18;0;0;0;0;0;0;0;0;0;0;0;0;0;0;0;0;0;0;0;0
28.05.2024;16:38;A 49;1;4;2;9;10;9;9;5;16;5;29;9;77;0;0;0;0;0;0;10;3;0;100;0;0;3;1;13;69;0;0;0;100;0;0;1;8;0;0;20;48;4;4;0;100;5;43;15;27;1;24;8;88;5;41;0;0;0;0;0;0;0;0;0;0;0;0;0;0;0;0;0;0;0;0
28.05.2024;16:37;A 49;1;0;0;6;1;6;7;2;1;5;14;9;77;0;0;0;0;0;0;8;5;0;100;0;0;2;1;11;40;4;0;1;65;2;14;0;0;1;1;12;59;4;2;1;91;4;50;36;47;1;20;10;85;9;40;0;0;0;0;0;0;0;0;0;0;0;0;0;0;0;0;0;0;0;0
28.05.2024;16:36;A 49;1;1;0;4;4;6;6;3;1;4;15;9;79;0;0;0;0;0;0;6;3;1;99;0;0;2;0;8;65;0;0;1;90;1;0;1;0;1;1;17;59;5;22;0;100;12;49;20;46;3;17;5;98;4;8;0;0;0;0;0;0;0;0;0;0;0;0;0;0;0;0;0;0;0;0
28.05.2024;16:35;A 49;1;1;0;8;9;12;11;0;0;9;17;6;11;0;0;0;0;0;0;31;37;0;100;0;0;1;0;6;64;0;0;1;83;0;0;22;13;2;2;17;57;9;18;0;100;5;69;13;37;0;0;5;84;9;22;0;0;0;0;0;0;0;0;0;0;0;0;0;0;0;0;0;0;0;0
28.05.2024;16:34;A 49;1;3;1;7;8;3;2;2;0;3;1;2;96;0;0;0;0;0;0;9;86;0;100;0;0;4;1;9;49;0;0;4;76;1;7;1;2;0;0;15;51;4;3;1;95;6;10;0;0;4;27;12;92;5;8;0;0;0;0;0;0;0;0;0;0;0;0;0;0;0;0;0;0;0;0
28.05.2024;16:33;A 49;1;3;2;11;13;8;7;5;23;3;32;7;84;0;0;0;0;0;0;4;1;0;100;0;0;0;0;11;44;0;0;1;60;0;0;0;0;0;0;13;20;13;9;0;85;2;65;9;37;1;5;10;60;4;24;0;0;0;0;0;0;0;0;0;0;0;0;0;0;0;0;0;0;0;0
28.05.2024;16:32;A 49;1;3;2;14;14;13;13;4;8;7;26;11;78;0;0;0;0;0;0;10;7;4;93;0;0;2;1;4;38;0;0;2;47;0;0;0;0;0;0;25;33;11;9;0;100;5;66;32;38;5;6;9;91;9;56;0;0;0;0;0;0;0;0;0;0;0;0;0;0;0;0;0;0;0;0
28.05.2024;16:31;A 49;1;3;1;10;11;4;4;2;2;1;0;4;93;0;0;0;0;0;0;15;17;2;98;0;0;4;3;14;68;0;0;0;100;1;4;1;0;0;0;18;27;8;7;1;98;12;26;8;25;1;0;13;89;7;14;0;0;0;0;0;0;0;0;0;0;0;0;0;0;0;0;0;0;0;0
28.05.2024;16:30;A 49;1;1;0;4;3;6;5;1;11;2;19;7;85;0;0;0;0;0;0;13;48;4;92;0;0;3;1;9;53;0;0;1;83;2;39;0;0;0;0;17;51;7;12;2;93;9;35;4;48;3;6;9;83;5;15;0;0;0;0;0;0;0;0;0;0;0;0;0;0;0;0;0;0;0;0
28.05.2024;16:29;A 49;1;2;0;5;5;4;3;3;14;2;12;9;84;0;0;0;0;0;0;6;4;1;98;0;0;6;5;14;68;0;0;0;100;0;82;0;0;0;0;16;24;7;22;1;97;3;70;21;49;2;25;3;95;5;18;0;0;0;0;0;0;0;0;0;0;0;0;0;0;0;0;0;0;0;0
28.05.2024;16:28;A 49;1;3;1;10;11;7;6;5;25;4;15;6;83;0;0;0;0;0;0;4;38;5;73;0;0;1;0;9;48;0;0;0;100;1;36;2;1;0;0;16;21;6;34;0;100;6;46;7;4;3;49;5;95;8;20;0;0;0;0;0;0;0;0;0;0;0;0;0;0;0;0;0;0;0;0
28.05.2024;16:27;A 49;1;1;0;7;7;11;10;1;7;7;23;6;85;0;0;0;0;0;0;6;4;5;90;0;0;2;1;11;51;0;0;3;71;0;0;0;0;1;1;15;60;6;28;0;100;4;35;11;88;3;1;5;96;7;21;0;0;0;0;0;0;0;0;0;0;0;0;0;0;0;0;0;0;0;0
28.05.2024;16:26;A 49;1;4;1;10;10;9;14;5;8;3;26;9;77;0;0;0;0;0;0;10;37;6;87;0;0;1;0;10;45;0;0;3;58;1;2;1;24;0;0;16;55;11;10;2;96;3;59;15;80;2;32;2;96;6;45;0;0;0;0;0;0;0;0;0;0;0;0;0;0;0;0;0;0;0;0
28.05.2024;16:25;A 49;1;3;1;14;16;11;14;8;27;2;27;130;65;0;0;0;0;0;0;10;17;7;89;0;0;2;3;4;60;0;0;2;76;0;0;0;0;0;0;21;45;10;27;0;100;4;70;30;15;4;38;12;87;10;39;0;0;0;0;0;0;0;0;0;0;0;0;0;0;0;0;0;0;0;0
28.05.2024;16:24;A 49;1;2;1;8;11;13;12;2;14;9;16;44;77;0;0;0;0;0;0;5;44;6;89;0;0;3;1;11;66;0;0;1;95;3;10;2;0;0;0;18;43;10;32;2;78;6;55;27;34;1;30;8;73;12;37;0;0;0;0;0;0;0;0;0;0;0;0;0;0;0;0;0;0;0;0
28.05.2024;16:23;A 49;1;2;1;8;8;12;9;2;1;3;29;23;80;0;0;0;0;0;0;14;50;7;88;0;0;3;2;5;53;0;0;3;68;0;0;0;0;0;0;16;63;7;4;1;98;4;59;30;56;3;20;10;78;8;18;0;0;0;0;0;0;0;0;0;0;0;0;0;0;0;0;0;0;0;0
28.05.2024;16:22;A 49;1;2;1;6;7;6;8;1;5;4;19;8;59;0;0;0;0;0;0;2;8;4;64;0;0;3;1;7;57;0;0;2;79;0;0;2;3;0;0;9;14;9;8;2;89;6;56;9;43;1;55;9;77;9;24;0;0;0;0;0;0;0;0;0;0;0;0;0;0;0;0;0;0;0;0
28.05.2024;16:21;A 49;1;1;0;8;9;9;9;6;5;4;10;7;87;0;0;0;0;0;0;5;82;3;95;0;0;1;0;17;60;0;0;1;98;2;33;0;0;0;0;18;56;7;36;0;100;7;55;8;19;0;0;8;92;6;28;0;0;0;0;0;0;0;0;0;0;0;0;0;0;0;0;0;0;0;0
28.05.2024;16:20;A 49;1;1;0;6;6;5;5;4;5;2;6;3;88;0;0;0;0;0;0;2;1;1;97;1;0;3;1;10;33;0;0;1;66;0;0;2;63;0;0;11;17;5;58;1;98;6;52;25;27;2;2;8;93;7;13;0;0;0;0;0;0;0;0;0;0;0;0;0;0;0;0;0;0;0;0
28.05.2024;16:19;A 49;1;0;0;11;14;7;7;10;18;5;6;10;81;0;0;0;0;0;0;8;73;4;96;0;0;2;2;11;61;0;0;1;92;0;0;1;2;0;0;18;48;3;4;1;98;7;47;1;1;5;18;11;72;6;15;0;0;0;0;0;0;0;0;0;0;0;0;0;0;0;0;0;0;0;0
28.05.2024;16:18;A 49;1;6;3;13;15;13;13;3;27;5;28;8;76;0;0;0;0;0;0;5;18;3;96;0;0;5;18;7;57;0;0;2;89;1;13;0;27;0;0;21;39;10;7;0;100;9;65;1;91;3;35;14;78;8;22;0;0;0;0;0;0;0;0;0;0;0;0;0;0;0;0;0;0;0;0
28.05.2024;16:17;A 49;1;0;0;6;6;9;10;5;29;2;49;8;85;0;0;0;0;0;0;4;2;2;93;0;0;5;3;12;17;0;0;1;87;0;0;3;11;2;0;19;27;10;5;0;100;11;48;13;75;5;5;10;94;10;22;0;0;0;0;0;0;0;0;0;0;0;0;0;0;0;0;0;0;0;0
28.05.2024;16:16;A 49;1;3;1;9;11;5;4;7;45;7;30;9;73;0;0;0;0;0;0;5;4;3;94;0;0;2;0;9;63;0;0;1;89;1;31;1;3;0;0;15;62;6;40;1;97;8;19;42;32;2;2;14;80;6;10;0;0;0;0;0;0;0;0;0;0;0;0;0;0;0;0;0;0;0;0
28.05.2024;16:15;A 49;1;2;1;5;6;5;4;2;20;4;23;7;86;0;0;0;0;0;0;4;3;2;96;0;0;1;0;9;33;0;0;1;72;0;0;0;4;2;2;13;29;8;13;2;72;6;59;38;34;1;18;9;58;7;20;0;0;0;0;0;0;0;0;0;0;0;0;0;0;0;0;0;0;0;0
28.05.2024;16:14;A 49;1;0;0;7;7;6;5;2;46;3;22;3;86;0;0;0;0;0;0;2;1;1;95;0;0;7;16;12;52;0;0;1;92;5;12;1;63;0;0;12;20;6;4;2;58;7;22;1;97;2;14;11;49;7;13;0;0;0;0;0;0;0;0;0;0;0;0;0;0;0;0;0;0;0;0
28.05.2024;16:13;A 49;1;2;1;10;12;7;7;4;13;4;6;3;7;0;0;0;0;0;0;4;53;1;98;0;0;4;1;18;63;0;0;0;100;8;27;1;1;1;0;17;26;5;4;0;100;7;59;28;27;6;57;9;89;6;18;0;0;0;0;0;0;0;0;0;0;0;0;0;0;0;0;0;0;0;0
28.05.2024;16:12;A 49;1;2;0;11;12;6;10;2;2;2;33;12;75;0;0;0;0;0;0;6;5;4;91;0;0;5;1;15;57;0;0;0;100;2;9;1;60;1;0;19;42;11;6;1;89;4;55;7;12;4;42;7;77;2;47;0;0;0;0;0;0;0;0;0;0;0;0;0;0;0;0;0;0;0;0
28.05.2024;16:11;A 49;1;1;1;5;7;7;7;6;17;2;17;8;61;0;0;0;0;0;0;7;53;3;65;0;0;1;2;3;6;0;0;2;26;0;0;0;0;0;0;16;43;11;8;1;86;5;50;11;41;2;30;6;83;6;34;0;0;0;0;0;0;0;0;0;0;0;0;0;0;0;0;0;0;0;0
28.05.2024;16:10;A 49;1;3;1;8;10;10;9;3;23;6;16;9;56;0;0;0;0;0;0;7;27;5;74;0;0;2;1;4;58;0;0;3;64;4;21;3;2;0;0;20;56;5;3;0;100;4;20;6;37;2;8;10;90;4;13;0;0;0;0;0;0;0;0;0;0;0;0;0;0;0;0;0;0;0;0
28.05.2024;16:09;A 49;1;1;0;3;4;4;5;1;2;4;21;8;64;0;0;0;0;0;0;21;15;4;95;0;0;5;1;11;65;0;0;0;96;1;7;1;5;0;0;17;57;6;28;1;96;7;38;48;57;3;32;8;83;4;27;0;0;0;0;0;0;0;0;0;0;0;0;0;0;0;0;0;0;0;0
28.05.2024;16:08;A 49;1;2;1;10;12;12;12;3;25;7;31;30;25;0;0;0;0;0;0;8;66;5;90;0;0;4;3;14;66;0;0;0;100;4;73;1;1;2;2;8;55;3;4;1;90;6;75;21;58;4;36;9;61;9;43;0;0;0;0;0;0;0;0;0;0;0;0;0;0;0;0;0;0;0;0
28.05.2024;16:07;A 49;1;2;0;4;4;9;10;2;2;3;9;5;86;0;0;0;0;0;0;4;2;4;91;0;0;3;3;9;59;0;0;3;82;0;0;0;0;0;0;10;17;6;8;2;78;5;66;23;66;3;52;11;64;9;51;0;0;0;0;0;0;0;0;0;0;0;0;0;0;0;0;0;0;0;0
28.05.2024;16:06;A 49;1;3;0;8;9;7;7;7;9;2;15;4;94;0;0;0;0;0;0;2;1;0;100;0;0;3;2;9;48;0;0;3;71;0;0;1;57;0;0;14;54;5;38;1;97;6;31;66;48;1;1;11;58;3;22;0;0;0;0;0;0;0;0;0;0;0;0;0;0;0;0;0;0;0;0
28.05.2024;16:05;A 49;1;2;0;7;7;8;7;2;3;3;1;8;71;0;0;0;0;0;0;7;5;7;83;0;0;1;0;6;37;0;0;2;55;0;0;0;0;0;0;17;22;7;29;1;96;4;57;55;31;0;0;10;84;6;11;0;0;0;0;0;0;0;0;0;0;0;0;0;0;0;0;0;0;0;0
28.05.2024;16:04;A 49;1;2;1;5;6;5;5;2;4;4;2;10;83;0;0;0;0;0;0;9;9;1;90;0;0;5;3;10;43;0;0;1;67;1;15;0;49;0;0;18;38;10;7;0;100;8;62;28;40;1;0;12;60;3;10;0;0;0;0;0;0;0;0;0;0;0;0;0;0;0;0;0;0;0;0
28.05.2024;16:03;A 49;1;3;1;10;11;7;5;3;15;5;8;7;80;0;0;0;0;0;0;4;3;7;96;0;0;2;0;9;74;0;0;0;100;3;14;1;3;0;0;19;48;5;3;2;91;11;40;47;27;3;26;14;55;5;9;0;0;0;0;0;0;0;0;0;0;0;0;0;0;0;0;0;0;0;0
28.05.2024;16:02;A 49;1;0;0;1;1;8;7;0;0;4;10;10;67;0;0;0;0;0;0;6;6;4;90;0;0;3;1;9;46;0;0;1;75;2;10;0;18;1;0;12;60;4;4;2;91;7;43;71;57;3;29;7;82;8;18;0;0;0;0;0;0;0;0;0;0;0;0;0;0;0;0;0;0;0;0
28.05.2024;16:01;A 49;1;0;0;5;5;7;6;3;5;6;21;4;68;0;0;0;0;0;0;1;0;2;76;0;0;3;3;7;54;0;0;2;77;1;6;2;48;0;0;14;19;5;3;4;92;5;28;70;51;1;0;11;60;6;11;0;0;0;0;0;0;0;0;0;0;0;0;0;0;0;0;0;0;0;0
28.05.2024;16:00;A 49;1;3;1;8;8;10;10;3;3;7;27;11;10;0;0;0;0;0;0;29;57;3;95;0;0;5;4;13;59;0;0;0;86;2;15;1;2;0;0;13;50;10;7;3;70;3;85;28;34;4;18;6;51;10;51;0;0;0;0;0;0;0;0;0;0;0;0;0;0;0;0;0;0;0;0
28.05.2024;15:59;A 49;1;1;0;8;9;7;5;2;1;2;13;28;80;0;0;0;0;0;0;4;1;3;82;0;0;3;21;5;44;0;0;3;68;1;1;1;0;0;0;15;21;8;6;1;99;6;65;52;34;3;22;9;82;7;18;0;0;0;0;0;0;0;0;0;0;0;0;0;0;0;0;0;0;0;0
28.05.2024;15:58;A 49;1;1;0;7;8;5;5;2;3;5;11;85;48;0;0;0;0;0;0;4;15;2;32;0;0;4;30;6;50;0;0;2;76;1;0;1;54;0;0;17;22;6;5;1;92;9;23;35;75;3;6;13;72;4;9;0;0;0;0;0;0;0;0;0;0;0;0;0;0;0;0;0;0;0;0
28.05.2024;15:57;A 49;1;3;1;5;6;9;9;1;7;2;20;6;66;0;0;0;0;0;0;6;5;3;74;0;0;1;0;11;56;0;0;3;95;1;2;1;55;0;0;20;30;6;18;1;99;4;46;6;90;1;32;9;73;5;19;0;0;0;0;0;0;0;0;0;0;0;0;0;0;0;0;0;0;0;0
28.05.2024;15:56;A 49;1;1;1;2;2;8;8;1;0;4;11;8;78;0;0;0;0;0;0;7;6;4;72;0;0;0;0;4;62;0;0;1;85;0;0;1;2;1;0;17;26;11;22;0;100;8;38;0;100;1;12;8;92;10;27;0;0;0;0;0;0;0;0;0;0;0;0;0;0;0;0;0;0;0;0
28.05.2024;15:55;A 49;1;0;0;7;7;6;7;4;3;4;9;8;68;0;0;0;0;0;0;16;12;6;60;0;0;3;0;7;36;0;0;2;56;0;0;3;7;0;0;12;20;10;8;3;93;8;76;0;100;3;1;9;80;7;13;0;0;0;0;0;0;0;0;0;0;0;0;0;0;0;0;0;0;0;0
28.05.2024;15:54;A 49;1;0;0;2;2;3;3;1;3;2;13;7;85;0;0;0;0;0;0;6;76;3;94;0;0;1;25;5;18;0;0;1;37;2;8;0;0;0;0;13;20;3;3;2;86;3;16;4;77;2;2;7;72;4;9;0;0;0;0;0;0;0;0;0;0;0;0;0;0;0;0;0;0;0;0
28.05.2024;15:53;A 49;1;2;1;8;9;7;8;3;1;5;9;1;70;0;0;0;0;0;0;1;66;2;69;0;0;4;1;14;55;0;0;0;89;0;0;1;5;0;0;14;60;8;5;1;95;6;25;23;53;3;6;8;87;7;17;0;0;0;0;0;0;0;0;0;0;0;0;0;0;0;0;0;0;0;0
28.05.2024;15:52;A 49;1;1;0;9;13;12;14;9;12;5;15;8;78;0;0;0;0;0;0;6;69;1;97;0;0;4;2;6;45;0;0;2;80;2;3;0;0;0;0;16;42;13;30;4;81;9;56;23;19;5;29;15;57;10;38;0;0;0;0;0;0;0;0;0;0;0;0;0;0;0;0;0;0;0;0
28.05.2024;15:51;A 49;1;3;2;7;8;10;10;3;1;3;7;6;84;0;0;0;0;0;0;6;74;1;99;0;0;2;0;14;23;0;0;1;63;1;6;0;0;0;0;16;27;4;4;0;100;7;47;44;52;2;15;10;81;6;19;0;0;0;0;0;0;0;0;0;0;0;0;0;0;0;0;0;0;0;0
28.05.2024;15:50;A 49;1;1;0;9;9;7;5;4;2;4;16;10;77;0;0;0;0;0;0;8;19;0;100;0;0;1;0;6;15;0;0;3;40;1;2;0;55;0;0;14;21;10;11;3;66;6;39;6;31;0;0;16;49;5;14;0;0;0;0;0;0;0;0;0;0;0;0;0;0;0;0;0;0;0;0
28.05.2024;15:49;A 49;1;2;1;11;11;8;8;4;8;5;15;10;79;0;0;0;0;0;0;10;9;0;100;0;0;1;1;6;58;0;0;1;80;1;6;1;15;1;0;12;17;7;11;3;42;6;49;25;32;5;9;5;26;8;17;0;0;0;0;0;0;0;0;0;0;0;0;0;0;0;0;0;0;0;0
28.05.2024;15:48;A 49;1;1;0;6;8;4;3;2;21;3;16;6;84;0;0;0;0;0;0;5;6;4;94;0;0;2;2;9;70;0;0;0;100;1;6;0;0;0;0;16;60;11;16;1;96;8;61;11;16;1;6;8;49;5;14;0;0;0;0;0;0;0;0;0;0;0;0;0;0;0;0;0;0;0;0
28.05.2024;15:47;A 49;1;2;1;5;5;9;10;3;2;7;15;7;84;0;0;0;0;0;0;7;6;4;93;0;0;1;0;4;5;0;0;2;21;2;2;1;0;0;0;11;64;11;56;3;97;10;51;5;34;1;30;7;85;9;20;0;0;0;0;0;0;0;0;0;0;0;0;0;0;0;0;0;0;0;0
28.05.2024;15:46;A 49;1;4;1;11;12;7;6;3;14;5;20;6;83;0;0;0;0;0;0;5;5;3;94;0;0;2;2;7;47;0;0;2;71;0;0;0;0;0;0;13;49;5;5;2;80;8;23;60;42;2;8;9;60;7;14;0;0;0;0;0;0;0;0;0;0;0;0;0;0;0;0;0;0;0;0
28.05.2024;15:45;A 49;1;2;1;7;7;11;11;2;1;5;32;3;95;0;0;0;0;0;0;2;2;0;100;0;0;2;0;16;57;0;0;1;94;2;20;1;6;0;0;8;14;8;45;2;51;4;52;9;84;4;11;5;53;9;51;0;0;0;0;0;0;0;0;0;0;0;0;0;0;0;0;0;0;0;0
28.05.2024;15:44;A 49;1;2;2;7;9;5;4;5;17;5;4;135;53;0;0;0;0;0;0;7;7;2;97;0;0;1;0;6;53;0;0;4;67;1;2;0;0;0;0;11;41;7;7;5;43;8;15;30;75;1;26;11;21;7;13;0;0;0;0;0;0;0;0;0;0;0;0;0;0;0;0;0;0;0;0
28.05.2024;15:43;A 49;1;8;5;15;17;7;6;6;24;4;11;30;77;0;0;0;0;0;0;5;14;1;97;0;0;0;0;4;31;0;0;4;55;0;0;0;0;0;0;22;36;10;5;2;77;4;39;38;49;6;33;14;46;5;11;0;0;0;0;0;0;0;0;0;0;0;0;0;0;0;0;0;0;0;0
28.05.2024;15:42;A 49;1;7;4;11;13;6;5;4;26;7;10;54;69;0;0;0;0;0;0;4;35;6;92;0;0;1;1;3;41;0;0;1;53;0;0;0;0;0;0;10;12;3;4;4;40;5;25;41;43;1;10;9;21;3;6;0;0;0;0;0;0;0;0;0;0;0;0;0;0;0;0;0;0;0;0
28.05.2024;15:41;A 49;1;1;0;4;4;8;9;3;3;7;33;16;80;0;0;0;0;0;0;4;2;3;97;0;0;3;1;9;19;0;0;3;42;0;0;3;1;0;0;19;34;7;4;0;100;8;59;51;53;3;34;10;58;9;22;0;0;0;0;0;0;0;0;0;0;0;0;0;0;0;0;0;0;0;0
28.05.2024;15:40;A 49;1;1;0;7;7;10;9;0;0;8;17;7;74;0;0;0;0;0;0;5;12;1;97;0;0;2;1;12;70;2;0;0;100;2;33;0;0;0;0;15;61;8;6;1;99;4;67;69;64;5;49;13;83;8;29;0;0;0;0;0;0;0;0;0;0;0;0;0;0;0;0;0;0;0;0
28.05.2024;15:39;A 49;1;0;0;2;2;7;10;2;3;5;5;5;9;0;0;0;0;0;0;4;86;2;96;0;0;3;3;12;68;0;0;0;100;0;0;0;0;0;0;16;21;9;6;3;47;9;33;58;52;1;1;10;39;6;16;0;0;0;0;0;0;0;0;0;0;0;0;0;0;0;0;0;0;0;0
28.05.2024;15:38;A 49;1;3;1;11;10;12;9;4;10;6;14;4;90;0;0;0;0;0;0;2;2;1;98;0;0;3;1;9;43;0;0;2;78;0;0;1;5;1;1;14;19;6;25;1;96;8;45;32;30;4;28;11;70;10;26;0;0;0;0;0;0;0;0;0;0;0;0;0;0;0;0;0;0;0;0
28.05.2024;15:37;A 49;1;0;0;11;11;8;8;1;0;2;13;6;88;0;0;0;0;0;0;5;61;1;97;0;0;2;2;11;48;0;0;4;93;1;1;0;0;0;0;17;27;10;7;2;98;10;63;37;24;2;23;14;75;5;31;0;0;0;0;0;0;0;0;0;0;0;0;0;0;0;0;0;0;0;0
28.05.2024;15:36;A 49;1;5;2;18;16;12;11;3;32;10;23;6;83;0;0;0;0;0;0;6;19;3;94;0;0;2;0;12;69;2;0;0;100;3;23;1;2;0;0;16;40;5;21;1;98;6;43;28;41;3;32;10;68;8;17;0;0;0;0;0;0;0;0;0;0;0;0;0;0;0;0;0;0;0;0
28.05.2024;15:35;A 49;1;1;0;4;5;8;8;2;0;9;16;7;83;0;0;0;0;0;0;3;3;1;99;0;0;0;0;6;66;0;0;2;84;0;0;0;38;0;0;20;46;10;27;1;88;7;62;0;100;4;15;12;63;10;32;0;0;0;0;0;0;0;0;0;0;0;0;0;0;0;0;0;0;0;0
28.05.2024;15:34;A 49;1;2;1;9;12;5;7;3;23;4;21;8;78;0;0;0;0;0;0;6;6;5;91;0;0;3;2;8;62;0;0;2;88;0;0;1;28;0;0;35;49;2;1;0;100;6;43;2;99;4;7;7;94;6;12;0;0;0;0;0;0;0;0;0;0;0;0;0;0;0;0;0;0;0;0
28.05.2024;15:33;A 49;1;1;0;5;5;7;6;2;3;6;17;10;77;0;0;0;0;0;0;9;6;8;91;0;0;1;0;5;70;1;0;0;83;0;0;0;0;0;0;14;62;6;6;0;100;4;57;19;73;2;19;6;89;8;38;0;0;0;0;0;0;0;0;0;0;0;0;0;0;0;0;0;0;0;0
28.05.2024;15:32;A 49;1;1;1;8;9;7;8;1;1;1;0;7;84;0;0;0;0;0;0;5;5;5;95;0;0;1;0;7;26;0;0;4;58;1;5;1;35;0;0;15;59;5;4;1;99;5;67;9;13;2;25;5;95;7;35;0;0;0;0;0;0;0;0;0;0;0;0;0;0;0;0;0;0;0;0
28.05.2024;15:31;A 49;1;1;0;8;9;4;3;4;4;4;4;3;89;0;0;0;0;0;0;1;82;2;93;0;0;1;0;12;32;0;0;2;62;1;2;1;40;1;1;17;49;6;44;2;94;3;61;9;35;2;43;6;80;5;11;0;0;0;0;0;0;0;0;0;0;0;0;0;0;0;0;0;0;0;0
28.05.2024;15:30;A 49;1;4;2;11;15;9;10;4;3;7;16;5;81;0;0;0;0;0;0;2;1;3;88;0;0;3;1;13;44;0;0;1;64;1;4;2;3;0;0;18;58;6;4;0;98;5;60;11;78;2;53;10;82;8;44;0;0;0;0;0;0;0;0;0;0;0;0;0;0;0;0;0;0;0;0
28.05.2024;15:29;A 49;1;0;0;6;5;7;5;2;2;4;14;8;80;0;0;0;0;0;0;5;5;5;90;0;0;1;1;12;64;0;0;0;100;2;8;1;47;1;0;15;61;5;4;2;98;6;65;3;73;2;43;13;78;5;21;0;0;0;0;0;0;0;0;0;0;0;0;0;0;0;0;0;0;0;0
28.05.2024;15:28;A 49;1;1;0;11;11;1;1;3;9;3;6;3;75;0;0;0;0;0;0;3;19;2;81;0;0;1;1;7;71;0;0;1;98;0;0;1;25;0;0;13;59;3;2;3;93;4;10;47;30;3;4;13;69;2;3;0;0;0;0;0;0;0;0;0;0;0;0;0;0;0;0;0;0;0;0
28.05.2024;15:27;A 49;1;0;0;4;4;3;1;0;5;0;3;9;79;0;0;0;0;0;0;7;55;2;98;0;0;4;2;10;72;0;0;0;100;2;15;1;2;0;0;18;25;5;4;2;91;5;39;64;53;2;22;14;77;3;6;0;0;0;0;0;0;0;0;0;0;0;0;0;0;0;0;0;0;0;0
28.05.2024;15:26;A 49;1;0;0;7;7;5;4;2;6;3;6;7;82;0;0;0;0;0;0;6;8;4;92;0;0;5;5;10;69;0;0;0;100;4;18;1;0;1;0;15;23;7;6;0;100;10;21;34;42;1;26;6;82;4;11;0;0;0;0;0;0;0;0;0;0;0;0;0;0;0;0;0;0;0;0
28.05.2024;15:25;A 49;1;0;0;5;5;8;9;4;23;3;17;3;77;0;0;0;0;0;0;0;0;2;79;0;0;0;0;8;54;0;0;3;93;2;5;0;0;0;0;16;52;5;3;1;95;4;70;49;54;2;10;9;89;8;19;0;0;0;0;0;0;0;0;0;0;0;0;0;0;0;0;0;0;0;0
28.05.2024;15:24;A 49;1;3;2;9;11;10;10;4;14;2;27;2;91;0;0;0;0;0;0;1;1;1;99;0;0;3;1;16;58;0;0;0;100;2;11;1;51;1;0;17;65;4;3;1;99;5;31;41;48;3;48;4;90;5;43;0;0;0;0;0;0;0;0;0;0;0;0;0;0;0;0;0;0;0;0
28.05.2024;15:23;A 49;1;2;1;14;15;10;11;3;15;4;36;7;8;0;0;0;0;0;0;3;2;7;12;0;0;2;6;11;60;0;0;1;94;1;8;3;6;0;0;12;16;11;8;7;53;6;54;29;50;5;13;16;36;7;20;0;0;0;0;0;0;0;0;0;0;0;0;0;0;0;0;0;0;0;0
28.05.2024;15:22;A 49;1;1;0;8;9;11;19;4;8;6;43;8;67;0;0;0;0;0;0;9;52;3;68;0;0;5;3;7;44;1;1;2;43;0;0;3;5;0;0;11;38;13;15;4;65;4;68;9;24;3;18;9;49;6;42;0;0;0;0;0;0;0;0;0;0;0;0;0;0;0;0;0;0;0;0
28.05.2024;15:21;A 49;1;4;2;11;12;4;4;3;10;3;11;9;36;0;0;0;0;0;0;6;17;2;48;0;0;1;0;4;66;0;0;1;90;1;9;0;13;0;0;14;41;5;4;5;64;7;30;8;4;0;3;10;33;7;12;0;0;0;0;0;0;0;0;0;0;0;0;0;0;0;0;0;0;0;0
28.05.2024;15:20;A 49;1;0;0;5;5;7;6;1;0;4;4;5;11;0;0;0;0;0;0;3;2;4;88;0;0;4;2;12;68;0;0;0;100;0;0;1;33;1;1;9;13;6;5;4;69;10;37;0;0;2;27;11;50;7;11;0;0;0;0;0;0;0;0;0;0;0;0;0;0;0;0;0;0;0;0
28.05.2024;15:19;A 49;1;4;2;6;6;4;4;2;1;1;0;7;18;0;0;0;0;0;0;6;27;4;93;0;0;3;1;7;52;0;0;4;59;2;13;2;1;1;0;11;55;3;2;4;86;7;13;0;0;4;2;12;38;6;16;0;0;0;0;0;0;0;0;0;0;0;0;0;0;0;0;0;0;0;0
28.05.2024;15:18;A 49;1;0;0;4;5;5;5;1;1;3;10;4;11;0;0;0;0;0;0;4;3;5;93;0;0;3;2;11;57;0;0;0;80;0;42;0;0;0;0;12;57;11;8;2;91;4;27;1;2;1;6;7;73;6;16;0;0;0;0;0;0;0;0;0;0;0;0;0;0;0;0;0;0;0;0
28.05.2024;15:17;A 49;1;2;1;12;13;9;11;2;2;5;24;6;73;0;0;0;0;0;0;3;4;4;79;0;0;0;0;4;39;0;0;3;45;2;7;0;0;0;0;12;60;4;5;1;98;6;62;17;13;3;37;7;82;7;18;0;0;0;0;0;0;0;0;0;0;0;0;0;0;0;0;0;0;0;0
28.05.2024;15:16;A 49;1;3;2;12;16;9;9;8;32;4;42;7;82;0;0;0;0;0;0;7;3;5;90;0;0;5;4;13;51;0;0;2;64;1;1;2;0;0;0;13;44;9;22;2;69;6;45;59;67;4;29;11;58;8;25;0;0;0;0;0;0;0;0;0;0;0;0;0;0;0;0;0;0;0;0
28.05.2024;15:15;A 49;1;4;2;11;13;8;7;5;29;5;18;9;79;0;0;0;0;0;0;7;6;6;75;0;0;2;0;6;50;0;0;3;83;1;5;2;42;0;0;17;33;6;18;3;74;4;46;51;63;0;26;9;62;3;9;0;0;0;0;0;0;0;0;0;0;0;0;0;0;0;0;0;0;0;0
28.05.2024;15:14;A 49;1;1;0;8;10;10;9;3;21;10;30;6;70;0;0;0;0;0;0;5;24;1;98;0;0;3;11;7;73;0;0;1;98;1;2;9;12;1;0;11;42;7;15;4;73;14;36;32;57;9;43;11;60;6;22;0;0;0;0;0;0;0;0;0;0;0;0;0;0;0;0;0;0;0;0
28.05.2024;15:13;A 49;1;1;0;7;8;7;8;3;2;1;25;7;35;0;0;0;0;0;0;8;56;3;95;0;0;1;0;6;64;0;0;2;78;1;2;1;1;0;0;13;48;9;48;5;83;5;72;40;63;4;45;11;65;10;28;0;0;0;0;0;0;0;0;0;0;0;0;0;0;0;0;0;0;0;0
28.05.2024;15:12;A 49;1;2;1;9;12;11;10;5;18;4;22;8;82;0;0;0;0;0;0;5;5;1;96;0;0;3;1;9;53;0;0;4;53;1;6;3;13;0;0;19;29;5;36;1;76;10;54;57;71;4;27;13;61;8;57;0;0;0;0;0;0;0;0;0;0;0;0;0;0;0;0;0;0;0;0
28.05.2024;15:11;A 49;1;3;1;10;10;9;12;1;0;4;23;4;91;0;0;0;0;0;0;4;7;2;96;0;0;2;0;10;57;0;0;0;87;2;5;1;57;1;1;11;47;9;8;4;90;5;71;36;71;2;49;7;83;9;50;0;0;0;0;0;0;0;0;0;0;0;0;0;0;0;0;0;0;0;0
28.05.2024;15:10;A 49;1;0;0;5;6;6;5;2;0;7;13;6;84;0;0;1;0;1;0;5;4;2;96;0;0;2;0;8;32;0;0;1;82;0;0;2;5;0;0;9;43;5;34;3;70;4;59;27;78;3;2;9;37;5;13;0;0;0;0;0;0;0;0;0;0;0;0;0;0;0;0;0;0;0;0
28.05.2024;15:09;A 49;1;1;0;7;10;9;9;3;19;7;22;7;33;0;0;0;0;0;0;5;78;2;96;1;3;3;1;11;11;0;0;3;84;1;3;0;0;0;0;10;37;3;34;5;66;3;54;61;52;1;37;8;25;8;16;0;0;0;0;0;0;0;0;0;0;0;0;0;0;0;0;0;0;0;0
28.05.2024;15:08;A 49;1;2;1;8;9;12;12;3;8;6;21;8;28;0;0;0;0;0;0;6;15;5;96;0;0;3;1;12;12;1;0;0;40;1;8;2;1;1;1;15;31;12;26;5;75;8;70;22;16;3;28;10;55;8;24;0;0;0;0;0;0;0;0;0;0;0;0;0;0;0;0;0;0;0;0
28.05.2024;15:07;A 49;1;0;0;10;10;8;9;3;3;5;9;6;51;0;0;0;0;0;0;4;43;4;59;0;0;2;0;10;12;0;0;1;30;1;10;1;1;0;0;13;36;10;29;5;77;9;46;32;62;3;20;11;56;8;22;0;0;0;0;0;0;0;0;0;0;0;0;0;0;0;0;0;0;0;0
28.05.2024;15:06;A 49;1;2;0;12;14;10;9;2;5;2;22;7;68;0;0;0;0;0;0;5;44;3;39;0;0;0;0;7;50;0;0;2;79;1;3;1;1;1;1;15;55;5;2;2;88;7;42;37;43;3;2;13;49;10;18;0;0;0;0;0;0;0;0;0;0;0;0;0;0;0;0;0;0;0;0
28.05.2024;15:05;A 49;1;1;0;8;8;5;6;7;16;3;22;4;38;0;0;0;0;0;0;3;3;3;39;0;0;1;0;7;6;0;0;2;29;1;3;1;1;0;0;11;52;6;3;3;81;5;61;3;32;4;45;10;67;7;39;0;0;0;0;0;0;0;0;0;0;0;0;0;0;0;0;0;0;0;0
28.05.2024;15:04;A 49;1;0;0;8;9;9;7;4;6;3;7;2;72;0;0;0;0;0;0;1;2;2;61;0;0;2;0;9;49;0;0;3;80;1;4;0;0;0;0;8;25;5;4;5;57;4;39;0;0;2;26;9;21;7;26;0;0;0;0;0;0;0;0;0;0;0;0;0;0;0;0;0;0;0;0
28.05.2024;15:03;A 49;1;1;0;7;7;8;8;5;7;7;11;3;36;0;0;0;0;0;0;1;0;2;41;0;0;1;0;11;58;0;0;2;91;1;7;1;1;0;0;14;23;7;4;3;70;6;35;2;3;2;25;9;51;6;13;0;0;0;0;0;0;0;0;0;0;0;0;0;0;0;0;0;0;0;0
28.05.2024;15:02;A 49;1;0;0;2;1;8;10;1;4;4;17;7;12;0;0;0;0;0;0;3;3;5;17;0;0;3;3;10;28;0;0;4;63;1;3;2;12;0;0;18;29;9;7;1;99;6;69;10;21;2;20;8;68;8;22;0;0;0;0;0;0;0;0;0;0;0;0;0;0;0;0;0;0;0;0
28.05.2024;15:01;A 49;1;3;1;9;11;5;7;1;22;9;9;2;2;0;0;1;0;1;0;2;1;1;4;0;0;0;0;2;1;0;0;1;10;0;0;1;0;2;2;11;31;3;1;5;64;5;40;16;60;2;24;8;26;3;9;0;0;0;0;0;0;0;0;0;0;0;0;0;0;0;0;0;0;0;0
28.05.2024;15:00;A 49;1;0;0;4;5;6;6;3;7;3;19;3;27;0;0;0;0;0;0;2;2;2;28;0;0;3;4;9;70;0;0;1;97;3;47;0;0;0;0;5;26;1;0;4;44;3;25;46;27;3;5;6;18;3;7;0;0;0;0;0;0;0;0;0;0;0;0;0;0;0;0;0;0;0;0
28.05.2024;14:59;A 49;1;0;0;5;4;2;1;5;8;3;4;8;32;0;0;0;0;0;0;8;6;5;47;0;0;1;0;8;63;0;0;2;71;1;3;1;2;0;0;10;16;1;1;2;62;4;46;22;40;0;0;6;29;7;22;0;0;0;0;0;0;0;0;0;0;0;0;0;0;0;0;0;0;0;0
28.05.2024;14:58;A 49;1;0;0;2;2;1;1;2;4;3;5;5;81;0;0;1;0;0;0;5;8;2;79;0;0;3;5;8;71;0;0;0;88;1;11;2;7;0;0;9;36;1;0;2;65;3;6;82;57;0;0;10;31;1;1;0;0;0;0;0;0;0;0;0;0;0;0;0;0;0;0;0;0;0;0
28.05.2024;14:57;A 49;1;1;0;5;5;9;7;4;9;10;8;5;84;0;0;0;0;0;0;3;3;3;91;0;0;1;0;9;50;0;0;4;69;4;13;1;52;0;0;11;28;8;31;3;60;6;49;28;74;1;0;6;51;8;20;0;0;0;0;0;0;0;0;0;0;0;0;0;0;0;0;0;0;0;0
28.05.2024;14:56;A 49;1;1;1;6;7;7;10;7;14;5;30;4;91;0;0;0;0;0;0;2;2;1;97;0;0;0;0;10;38;0;0;1;67;0;0;3;52;0;0;9;17;6;5;5;79;3;16;41;34;3;13;9;60;5;23;0;0;0;0;0;0;0;0;0;0;0;0;0;0;0;0;0;0;0;0
28.05.2024;14:55;A 49;1;2;1;8;10;9;11;5;34;3;46;8;18;0;0;0;0;0;0;6;26;3;94;0;0;2;0;6;9;0;0;3;77;0;0;1;4;1;1;13;39;10;32;4;76;8;46;8;13;4;9;8;61;8;25;0;0;0;0;0;0;0;0;0;0;0;0;0;0;0;0;0;0;0;0
28.05.2024;14:54;A 49;1;3;1;8;9;6;6;0;64;0;63;9;66;0;0;0;0;0;0;6;15;5;93;0;0;1;0;5;55;0;0;2;77;0;0;1;0;0;0;12;20;7;5;3;65;6;28;4;10;3;5;9;40;5;10;0;0;0;0;0;0;0;0;0;0;0;0;0;0;0;0;0;0;0;0
28.05.2024;14:53;A 49;1;2;1;6;6;10;10;4;62;2;85;10;76;0;0;0;0;0;0;7;5;4;95;0;0;3;0;5;24;0;0;2;26;0;0;0;38;0;0;17;25;5;4;0;100;6;42;13;54;1;3;13;61;4;22;0;0;0;0;0;0;0;0;0;0;0;0;0;0;0;0;0;0;0;0
28.05.2024;14:52;A 49;1;0;0;7;7;7;12;5;48;1;65;5;84;0;0;0;0;0;0;5;3;4;92;0;0;0;0;5;6;0;0;2;30;0;0;2;30;0;0;14;54;5;6;4;93;6;47;1;27;5;8;13;84;6;35;0;0;0;0;0;0;0;0;0;0;0;0;0;0;0;0;0;0;0;0
28.05.2024;14:51;A 49;1;1;0;10;14;8;8;3;39;2;52;3;88;0;0;0;0;0;0;0;19;0;100;0;0;4;1;11;65;0;0;3;65;3;10;0;0;0;0;10;17;7;20;4;81;8;35;4;24;1;0;11;64;7;17;0;0;0;0;0;0;0;0;0;0;0;0;0;0;0;0;0;0;0;0
28.05.2024;14:50;A 49;1;0;0;5;7;9;9;6;13;5;38;5;55;0;0;0;0;0;0;6;47;2;64;0;0;4;5;12;70;0;0;1;80;4;15;0;0;0;0;9;15;8;6;5;66;5;20;9;38;3;6;7;18;9;21;0;0;0;0;0;0;0;0;0;0;0;0;0;0;0;0;0;0;0;0
28.05.2024;14:49;A 49;1;0;0;8;9;5;5;1;12;3;6;12;80;0;0;0;0;0;0;3;80;0;100;0;0;2;3;11;47;0;0;2;56;2;4;4;4;0;0;14;57;11;6;1;91;10;30;35;38;2;1;9;65;5;10;0;0;0;0;0;0;0;0;0;0;0;0;0;0;0;0;0;0;0;0
28.05.2024;14:48;A 49;1;0;0;4;4;9;11;8;21;1;60;3;77;0;0;0;0;0;0;2;40;2;81;0;0;3;8;8;79;0;0;0;100;1;22;1;0;0;0;15;62;12;30;0;100;5;60;17;56;2;4;13;72;9;23;0;0;0;0;0;0;0;0;0;0;0;0;0;0;0;0;0;0;0;0
28.05.2024;14:47;A 49;1;0;0;5;6;3;4;6;16;6;25;7;29;0;0;0;0;0;0;4;21;3;94;0;0;0;0;8;56;0;0;1;91;2;8;0;0;1;0;15;40;4;2;6;82;9;20;3;21;1;1;13;47;4;10;0;0;0;0;0;0;0;0;0;0;0;0;0;0;0;0;0;0;0;0
28.05.2024;14:46;A 49;1;0;0;7;7;9;8;5;9;7;28;10;62;0;0;0;0;0;0;8;7;9;91;0;0;0;0;4;70;0;0;1;87;1;2;0;0;0;0;13;34;10;7;6;56;5;21;23;49;2;2;10;43;6;11;0;0;0;0;0;0;0;0;0;0;0;0;0;0;0;0;0;0;0;0
28.05.2024;14:45;A 49;1;1;0;7;8;7;6;4;16;3;36;8;54;0;0;0;0;0;0;4;2;7;83;0;0;0;0;6;44;0;0;2;76;0;0;0;0;1;0;13;64;5;49;2;95;5;12;79;55;1;0;11;66;8;17;0;0;0;0;0;0;0;0;0;0;0;0;0;0;0;0;0;0;0;0
28.05.2024;14:44;A 49;1;0;0;3;4;9;14;3;13;5;28;9;22;0;0;0;0;0;0;7;6;2;92;0;0;1;5;6;53;0;0;4;57;1;3;2;24;0;0;13;53;5;3;3;92;6;71;39;34;1;1;9;65;5;42;0;0;0;0;0;0;0;0;0;0;0;0;0;0;0;0;0;0;0;0
28.05.2024;14:43;A 49;1;1;0;2;2;7;7;1;3;4;41;6;87;0;0;0;0;0;0;3;3;4;91;0;0;0;0;5;46;0;0;2;70;2;3;0;0;0;0;4;44;4;4;5;39;6;47;69;38;1;0;6;17;7;22;0;0;0;0;0;0;0;0;0;0;0;0;0;0;0;0;0;0;0;0
28.05.2024;14:42;A 49;1;0;0;6;10;8;9;3;48;2;40;3;94;0;0;0;0;0;0;2;2;0;100;0;0;2;0;15;54;0;0;1;98;3;21;2;1;1;1;11;18;8;50;4;73;3;59;44;50;3;28;6;54;7;15;0;0;0;0;0;0;0;0;0;0;0;0;0;0;0;0;0;0;0;0
28.05.2024;14:41;A 49;1;1;1;13;27;7;8;2;54;7;34;8;84;0;0;0;0;0;0;7;8;0;100;0;0;3;1;11;54;0;0;1;94;0;0;0;0;0;0;10;40;5;31;5;70;6;20;46;62;5;18;9;20;7;15;0;0;0;0;0;0;0;0;0;0;0;0;0;0;0;0;0;0;0;0
28.05.2024;14:40;A 49;1;2;1;6;9;6;6;2;20;7;11;5;85;0;0;0;0;0;0;3;4;1;99;0;0;5;5;14;70;0;0;0;100;1;2;1;0;1;1;16;36;6;6;2;81;3;51;20;18;5;9;9;66;4;9;0;0;0;0;0;0;0;0;0;0;0;0;0;0;0;0;0;0;0;0
28.05.2024;14:39;A 49;1;1;0;9;11;12;16;6;38;3;72;12;79;0;0;0;0;0;0;2;2;5;90;0;0;0;0;4;82;0;0;0;100;1;6;1;4;0;0;16;23;12;10;3;72;8;46;13;44;1;29;13;54;8;35;0;0;0;0;0;0;0;0;0;0;0;0;0;0;0;0;0;0;0;0
28.05.2024;14:38;A 49;1;1;0;5;5;3;3;6;5;4;22;7;83;0;0;0;0;0;0;7;7;4;91;0;0;2;0;10;53;0;0;2;71;0;0;1;3;0;0;5;36;3;3;3;52;4;49;2;4;2;21;7;47;6;28;0;0;0;0;0;0;0;0;0;0;0;0;0;0;0;0;0;0;0;0
28.05.2024;14:37;A 49;1;0;0;4;5;5;10;5;12;4;31;8;78;0;0;0;0;0;0;2;1;5;93;0;0;2;0;7;6;0;0;2;33;1;4;1;4;0;0;13;16;7;35;3;50;7;51;20;27;1;1;9;37;6;17;0;0;0;0;0;0;0;0;0;0;0;0;0;0;0;0;0;0;0;0
28.05.2024;14:36;A 49;1;2;1;5;5;8;7;1;1;5;7;5;89;0;0;0;0;0;0;2;2;0;100;0;0;2;0;15;53;0;0;0;93;1;4;0;0;0;0;7;13;5;5;4;43;5;36;22;33;4;3;7;22;5;41;0;0;0;0;0;0;0;0;0;0;0;0;0;0;0;0;0;0;0;0
28.05.2024;14:35;A 49;1;2;2;5;6;4;3;0;3;3;16;3;9;0;0;0;0;0;0;3;90;1;96;0;0;6;2;12;53;0;0;5;89;2;8;1;0;0;0;11;57;4;4;2;87;4;8;35;29;2;0;9;60;3;7;0;0;0;0;0;0;0;0;0;0;0;0;0;0;0;0;0;0;0;0
28.05.2024;14:34;A 49;1;1;0;4;5;7;11;8;14;7;25;35;26;0;0;0;0;0;0;9;7;4;89;0;0;0;0;6;54;1;1;1;76;0;0;2;9;2;0;15;30;6;35;3;88;5;51;42;49;6;18;12;70;7;23;0;0;0;0;0;0;0;0;0;0;0;0;0;0;0;0;0;0;0;0
28.05.2024;14:33;A 49;1;0;0;8;10;6;5;8;7;6;6;7;60;0;0;0;0;0;0;8;5;2;81;0;0;1;0;7;59;0;0;2;90;0;0;0;0;0;0;5;21;7;7;3;37;9;23;0;0;2;14;6;16;8;17;0;0;0;0;0;0;0;0;0;0;0;0;0;0;0;0;0;0;0;0
28.05.2024;14:32;A 49;1;1;0;5;5;11;10;5;13;11;12;7;84;0;0;0;0;0;0;5;42;3;78;0;0;3;1;7;32;0;0;2;42;0;0;1;2;0;0;10;35;4;5;6;62;4;16;10;8;1;0;8;29;6;13;0;0;0;0;0;0;0;0;0;0;0;0;0;0;0;0;0;0;0;0
28.05.2024;14:31;A 49;1;2;1;8;11;7;6;1;23;4;23;38;81;0;0;0;0;0;0;6;71;4;93;0;0;2;0;11;56;0;0;3;67;1;3;0;0;0;0;14;53;3;2;2;95;6;25;54;39;2;0;12;38;5;16;0;0;0;0;0;0;0;0;0;0;0;0;0;0;0;0;0;0;0;0
28.05.2024;14:30;A 49;1;1;0;5;5;4;4;3;5;5;11;188;61;0;0;0;0;0;0;6;70;7;87;0;0;3;0;7;60;0;0;2;34;0;0;2;5;0;0;8;40;2;1;4;52;3;8;20;64;5;3;8;22;7;18;0;0;0;0;0;0;0;0;0;0;0;0;0;0;0;0;0;0;0;0
28.05.2024;14:29;A 49;1;0;0;6;6;7;8;3;2;2;20;1;91;0;0;0;0;0;0;2;0;2;81;0;0;1;5;6;44;0;0;2;62;0;0;1;4;1;0;11;26;6;5;3;63;4;18;19;18;3;24;8;56;5;14;0;0;0;0;0;0;0;0;0;0;0;0;0;0;0;0;0;0;0;0
28.05.2024;14:28;A 49;1;1;0;4;4;9;10;5;9;9;28;9;58;0;0;0;0;0;0;4;4;2;72;0;0;2;2;4;38;0;0;3;58;1;9;2;29;1;1;12;34;6;6;4;73;6;60;13;67;3;6;8;35;8;22;0;0;0;0;0;0;0;0;0;0;0;0;0;0;0;0;0;0;0;0
28.05.2024;14:27;A 49;1;0;0;11;12;11;9;4;21;4;19;1;53;0;0;0;0;0;0;0;0;1;3;0;0;2;2;6;37;0;0;2;39;0;0;1;0;0;0;14;43;9;29;6;81;10;54;0;100;3;9;9;52;9;22;0;0;0;0;0;0;0;0;0;0;0;0;0;0;0;0;0;0;0;0
28.05.2024;14:26;A 49;1;1;0;6;5;7;6;2;1;5;7;6;43;0;0;0;0;0;0;53;21;2;47;0;0;0;0;1;49;0;0;2;52;1;4;1;1;0;0;12;25;4;2;4;61;6;18;9;40;0;0;10;26;7;14;0;0;0;0;0;0;0;0;0;0;0;0;0;0;0;0;0;0;0;0
28.05.2024;14:25;A 49;1;3;2;7;8;6;5;6;9;4;14;4;42;0;0;0;0;0;0;5;4;2;47;0;0;1;0;4;4;0;0;1;20;0;0;0;0;1;0;16;53;8;7;5;91;7;21;46;45;2;0;12;57;4;7;0;0;0;0;0;0;0;0;0;0;0;0;0;0;0;0;0;0;0;0
28.05.2024;14:24;A 49;1;1;0;6;6;3;2;6;2;4;4;68;70;0;0;0;0;0;0;24;6;8;67;0;0;3;3;8;11;1;0;1;41;3;14;1;7;0;0;13;44;4;5;2;78;5;30;47;37;4;2;8;66;3;5;0;0;0;0;0;0;0;0;0;0;0;0;0;0;0;0;0;0;0;0
28.05.2024;14:23;A 49;1;1;0;1;1;6;4;0;0;7;11;58;25;0;0;0;0;0;0;108;35;4;91;0;0;2;1;5;63;1;0;0;80;0;0;3;54;0;0;11;17;2;1;2;78;2;4;27;63;2;0;12;62;3;6;0;0;0;0;0;0;0;0;0;0;0;0;0;0;0;0;0;0;0;0
28.05.2024;14:22;A 49;1;2;1;9;13;11;13;2;37;6;60;5;85;0;0;0;0;0;0;4;3;1;91;0;0;1;0;8;54;0;0;2;81;1;4;1;0;0;0;14;14;4;7;3;87;5;58;61;53;6;3;8;56;8;14;0;0;0;0;0;0;0;0;0;0;0;0;0;0;0;0;0;0;0;0
28.05.2024;14:21;A 49;1;1;0;5;6;6;9;4;3;3;5;81;23;0;0;0;0;0;0;27;85;1;98;0;0;2;3;15;65;0;0;1;91;1;11;1;0;0;0;8;42;12;39;3;75;5;68;45;54;3;3;8;32;9;29;0;0;0;0;0;0;0;0;0;0;0;0;0;0;0;0;0;0;0;0
28.05.2024;14:20;A 49;1;1;0;6;8;12;10;7;13;7;31;12;71;0;0;0;0;0;0;8;6;5;89;0;0;2;0;9;47;0;0;2;94;2;7;0;0;1;0;6;8;7;26;1;44;8;20;29;35;2;14;6;12;12;22;0;0;0;0;0;0;0;0;0;0;0;0;0;0;0;0;0;0;0;0
28.05.2024;14:19;A 49;1;0;0;6;6;6;7;1;4;8;18;6;82;0;0;0;0;0;0;2;60;5;90;0;0;2;0;6;41;0;0;3;75;2;7;2;1;1;0;15;34;3;3;3;77;5;39;28;58;2;22;5;63;3;32;0;0;0;0;0;0;0;0;0;0;0;0;0;0;0;0;0;0;0;0
28.05.2024;14:18;A 49;1;1;0;1;1;5;5;0;0;2;18;7;83;0;0;0;0;0;0;5;37;2;96;0;0;3;1;10;62;0;0;2;73;2;5;0;0;0;0;8;24;2;1;5;48;8;16;38;21;2;5;10;28;6;15;0;0;0;0;0;0;0;0;0;0;0;0;0;0;0;0;0;0;0;0
28.05.2024;14:17;A 49;1;1;0;5;5;8;7;3;16;3;36;6;86;0;0;0;0;0;0;4;3;2;97;0;0;0;0;6;43;0;0;2;22;1;7;1;3;1;1;11;36;4;2;2;69;5;43;56;43;2;0;7;27;7;19;0;0;0;0;0;0;0;0;0;0;0;0;0;0;0;0;0;0;0;0
28.05.2024;14:16;A 49;1;0;0;6;7;5;4;2;17;3;15;7;81;0;0;0;0;0;0;6;5;2;97;0;0;1;0;12;71;0;0;0;100;0;0;0;4;0;0;7;15;6;49;3;60;3;69;43;42;3;20;6;59;7;31;0;0;0;0;0;0;0;0;0;0;0;0;0;0;0;0;0;0;0;0
28.05.2024;14:15;A 49;1;1;0;4;4;5;6;4;2;3;28;6;84;0;0;0;0;0;0;4;3;2;92;0;0;4;1;14;52;0;0;0;100;0;0;1;59;0;0;14;17;5;2;5;78;4;44;46;27;4;2;9;52;5;33;0;0;0;0;0;0;0;0;0;0;0;0;0;0;0;0;0;0;0;0
28.05.2024;14:14;A 49;1;2;1;7;8;8;7;8;19;5;27;33;25;0;0;0;0;0;0;24;38;0;100;0;0;3;1;16;54;0;0;0;100;2;14;0;0;0;0;12;42;7;15;5;86;6;45;51;47;4;30;14;45;5;11;0;0;0;0;0;0;0;0;0;0;0;0;0;0;0;0;0;0;0;0
28.05.2024;14:13;A 49;1;2;0;6;7;4;3;3;6;7;5;6;88;0;0;0;0;0;0;5;76;1;89;0;0;3;4;6;39;0;0;4;64;0;0;3;63;1;1;11;22;2;1;6;70;6;11;52;51;3;5;12;22;3;6;0;0;0;0;0;0;0;0;0;0;0;0;0;0;0;0;0;0;0;0
28.05.2024;14:12;A 49;1;1;0;5;5;7;6;2;1;2;7;67;42;0;0;0;0;0;0;7;17;1;85;0;0;2;0;5;3;0;0;4;26;1;3;0;0;0;0;15;27;5;3;3;60;4;42;45;32;1;0;6;24;6;11;0;0;0;0;0;0;0;0;0;0;0;0;0;0;0;0;0;0;0;0
28.05.2024;14:11;A 49;1;3;1;4;4;6;5;2;7;5;12;27;61;0;0;0;0;0;0;5;44;5;89;0;0;0;0;4;35;0;0;2;32;3;5;0;0;0;0;10;40;4;3;2;66;5;46;46;66;3;7;5;52;6;13;0;0;0;0;0;0;0;0;0;0;0;0;0;0;0;0;0;0;0;0
28.05.2024;14:10;A 49;1;0;0;2;3;4;3;1;10;6;7;6;80;0;0;0;0;0;0;4;72;2;84;0;0;4;5;9;77;0;0;0;100;1;7;1;0;1;0;8;29;2;1;6;59;5;39;46;43;2;2;9;48;4;12;0;0;0;0;0;0;0;0;0;0;0;0;0;0;0;0;0;0;0;0
28.05.2024;14:09;A 49;1;1;0;5;5;3;2;5;4;2;1;15;66;0;0;0;0;0;0;4;3;4;69;0;0;1;0;3;6;0;0;3;20;1;3;0;0;0;0;10;28;8;17;4;59;7;21;26;52;1;0;9;22;7;16;0;0;0;0;0;0;0;0;0;0;0;0;0;0;0;0;0;0;0;0
28.05.2024;14:08;A 49;1;1;0;5;5;4;3;2;2;3;10;2;4;0;0;0;0;0;0;2;1;3;5;0;0;3;1;7;48;0;0;0;71;1;5;1;62;0;0;7;39;3;39;4;64;3;57;41;54;3;5;7;19;5;11;0;0;0;0;0;0;0;0;0;0;0;0;0;0;0;0;0;0;0;0
28.05.2024;14:07;A 49;1;0;0;7;6;3;3;3;2;2;5;55;74;0;0;0;0;0;0;2;2;1;91;0;0;2;0;10;44;0;0;3;82;0;0;3;3;0;0;4;9;2;1;3;46;3;8;44;58;2;0;4;8;2;5;0;0;0;0;0;0;0;0;0;0;0;0;0;0;0;0;0;0;0;0
28.05.2024;14:06;A 49;1;1;0;5;6;7;10;4;13;5;25;6;70;0;0;0;0;0;0;3;2;3;78;0;0;4;2;9;31;0;0;2;51;0;0;1;58;1;0;14;21;17;15;4;58;9;40;27;54;4;8;14;38;5;17;0;0;0;0;0;0;0;0;0;0;0;0;0;0;0;0;0;0;0;0
28.05.2024;14:05;A 49;1;1;0;5;5;9;7;2;2;2;33;10;69;0;0;0;0;0;0;10;4;8;64;0;0;3;1;8;44;0;0;2;72;0;0;0;0;0;0;10;26;9;7;1;49;2;43;24;61;0;0;7;25;3;12;0;0;0;0;0;0;0;0;0;0;0;0;0;0;0;0;0;0;0;0
28.05.2024;14:04;A 49;1;1;0;5;5;8;8;2;1;5;11;14;83;0;0;0;0;0;0;3;3;3;55;0;0;4;2;7;55;0;0;3;87;1;8;0;43;2;1;6;35;4;3;5;48;8;25;57;54;1;0;6;10;10;18;0;0;0;0;0;0;0;0;0;0;0;0;0;0;0;0;0;0;0;0
28.05.2024;14:03;A 49;1;2;1;11;12;1;0;5;33;0;0;44;67;0;0;0;0;0;0;4;3;3;42;0;0;3;0;5;61;0;0;1;86;1;3;2;18;1;0;11;45;0;0;6;66;2;7;62;51;5;9;10;34;1;6;0;0;0;0;0;0;0;0;0;0;0;0;0;0;0;0;0;0;0;0
28.05.2024;14:02;A 49;1;1;0;5;6;5;4;4;20;3;14;7;66;0;0;0;0;0;0;6;5;7;70;0;0;6;1;10;17;0;0;2;58;0;0;0;0;0;0;8;14;5;4;2;60;7;16;28;63;2;5;7;51;3;6;0;0;0;0;0;0;0;0;0;0;0;0;0;0;0;0;0;0;0;0
28.05.2024;14:01;A 49;1;1;0;8;10;8;8;4;9;7;25;7;82;0;0;0;0;0;0;4;3;5;90;0;0;0;0;4;44;0;0;1;20;0;0;3;3;0;0;11;17;9;5;5;76;6;82;21;77;3;37;9;45;6;42;0;0;0;0;0;0;0;0;0;0;0;0;0;0;0;0;0;0;0;0
28.05.2024;14:00;A 49;1;0;0;7;7;6;7;1;4;4;24;4;7;0;0;0;0;0;0;2;85;1;99;0;0;8;11;13;40;0;0;1;80;3;11;1;4;0;0;8;31;7;20;5;57;5;40;46;77;1;54;10;39;5;12;0;0;0;0;0;0;0;0;0;0;0;0;0;0;0;0;0;0;0;0
28.05.2024;13:59;A 49;1;2;0;7;10;6;7;5;15;11;11;1;1;0;0;0;0;0;0;0;0;2;3;0;0;2;23;5;47;0;0;3;68;2;8;1;0;0;0;7;7;5;3;5;25;7;18;56;73;7;20;7;16;5;10;0;0;0;0;0;0;0;0;0;0;0;0;0;0;0;0;0;0;0;0
28.05.2024;13:58;A 49;1;3;1;12;13;10;9;4;31;7;14;7;33;0;0;0;0;0;0;5;4;4;44;0;0;3;0;7;40;0;0;6;78;0;0;2;3;0;0;12;30;5;4;4;62;5;33;55;44;3;11;9;22;6;13;0;0;0;0;0;0;0;0;0;0;0;0;0;0;0;0;0;0;0;0
28.05.2024;13:57;A 49;1;1;0;8;9;9;10;2;9;6;9;2;16;0;0;0;0;0;0;1;1;2;5;0;0;2;0;9;74;0;0;0;100;2;6;3;60;2;0;9;35;6;4;4;62;9;46;18;37;6;5;10;30;6;20;0;0;0;0;0;0;0;0;0;0;0;0;0;0;0;0;0;0;0;0
28.05.2024;13:56;A 49;1;0;0;6;5;5;4;3;2;4;3;5;32;0;0;0;0;0;0;5;4;0;39;0;0;2;1;7;68;0;0;2;57;2;10;9;18;1;0;11;25;2;2;7;58;4;19;51;43;2;2;10;31;6;19;0;0;0;0;0;0;0;0;0;0;0;0;0;0;0;0;0;0;0;0
28.05.2024;13:55;A 49;1;0;0;2;2;5;5;1;0;3;4;5;75;0;0;0;0;0;0;2;1;4;73;0;0;6;2;7;6;1;0;4;42;2;7;3;18;0;0;12;19;4;5;4;96;6;25;61;47;6;11;9;58;5;22;0;0;0;0;0;0;0;0;0;0;0;0;0;0;0;0;0;0;0;0
28.05.2024;13:54;A 49;1;0;0;3;2;7;7;0;0;3;8;7;34;0;0;0;0;0;0;5;3;4;19;0;0;1;12;7;44;0;0;2;62;1;3;9;17;0;0;10;16;4;3;3;77;6;25;36;37;0;0;12;32;4;11;0;0;0;0;0;0;0;0;0;0;0;0;0;0;0;0;0;0;0;0
28.05.2024;13:53;A 49;1;1;0;5;5;6;4;1;2;9;17;3;90;0;0;0;0;0;0;3;3;1;99;0;0;5;2;14;57;0;0;0;100;0;0;1;4;0;0;12;46;4;3;3;68;5;42;37;68;1;0;7;58;6;13;0;0;0;0;0;0;0;0;0;0;0;0;0;0;0;0;0;0;0;0
28.05.2024;13:52;A 49;1;0;0;9;11;9;10;8;28;9;26;6;85;0;0;0;0;0;0;3;23;0;96;0;0;3;2;10;35;0;0;3;78;1;4;11;11;0;0;11;14;5;26;1;69;6;64;12;46;3;7;7;34;4;57;0;0;0;0;0;0;0;0;0;0;0;0;0;0;0;0;0;0;0;0
28.05.2024;13:51;A 49;1;3;1;10;11;6;5;3;2;0;0;8;78;0;0;0;0;0;0;7;17;1;92;0;0;1;1;7;8;0;0;5;41;0;0;6;3;0;0;12;18;6;5;2;69;5;30;27;68;0;27;7;52;4;8;0;0;0;0;0;0;0;0;0;0;0;0;0;0;0;0;0;0;0;0
28.05.2024;13:50;A 49;1;2;0;8;9;9;13;4;5;8;35;6;85;0;0;0;0;0;0;4;44;2;95;0;0;3;2;10;66;0;0;0;100;0;0;0;0;0;0;10;12;7;9;4;46;4;22;35;44;7;11;8;38;8;17;0;0;0;0;0;0;0;0;0;0;0;0;0;0;0;0;0;0;0;0
28.05.2024;13:49;A 49;1;1;0;4;4;8;8;2;8;4;27;10;74;0;0;0;0;0;0;9;48;5;90;0;0;3;0;4;3;0;0;3;21;0;0;4;2;1;1;13;28;5;19;3;73;7;42;50;59;3;6;9;60;7;15;0;0;0;0;0;0;0;0;0;0;0;0;0;0;0;0;0;0;0;0
28.05.2024;13:48;A 49;1;1;0;2;2;6;6;0;0;4;10;1;84;0;0;0;0;0;0;0;0;2;86;0;0;3;6;3;41;0;0;1;54;0;0;2;3;0;0;7;12;4;6;5;62;6;75;3;5;0;0;5;15;6;58;0;0;0;0;0;0;0;0;0;0;0;0;0;0;0;0;0;0;0;0
28.05.2024;13:47;A 49;1;1;0;4;4;8;8;4;3;5;12;5;17;0;0;0;0;0;0;1;0;3;24;0;0;4;5;6;55;0;0;1;82;0;0;0;0;0;0;14;21;5;5;3;94;7;71;2;17;2;7;4;79;10;55;0;0;0;0;0;0;0;0;0;0;0;0;0;0;0;0;0;0;0;0
28.05.2024;13:46;A 49;1;1;0;6;6;4;3;1;0;3;1;5;11;0;0;0;0;0;0;1;41;2;92;0;0;2;1;8;41;0;0;3;80;3;7;2;2;0;0;9;22;2;3;1;87;1;62;0;100;2;18;7;85;6;45;0;0;0;0;0;0;0;0;0;0;0;0;0;0;0;0;0;0;0;0
28.05.2024;13:45;A 49;1;0;0;4;3;5;6;0;0;4;11;4;88;0;0;0;0;0;0;1;79;2;93;0;0;1;0;11;51;0;0;2;66;2;23;1;67;1;0;10;51;4;39;3;71;5;45;0;100;2;2;6;57;5;17;0;0;0;0;0;0;0;0;0;0;0;0;0;0;0;0;0;0;0;0
28.05.2024;13:44;A 49;1;4;1;10;12;7;9;5;15;8;24;9;75;0;0;0;0;0;0;7;17;4;85;0;0;1;0;4;15;0;0;1;31;0;0;5;24;1;2;11;40;7;25;3;63;3;40;4;98;5;23;7;48;5;27;0;0;0;0;0;0;0;0;0;0;0;0;0;0;0;0;0;0;0;0
28.05.2024;13:43;A 49;1;1;0;4;4;9;10;1;0;5;21;6;81;0;0;0;0;0;0;3;4;4;73;0;0;4;6;11;58;0;0;1;97;0;0;2;9;2;1;11;48;4;5;7;83;7;23;27;67;5;12;15;34;6;16;0;0;0;0;0;0;0;0;0;0;0;0;0;0;0;0;0;0;0;0
28.05.2024;13:42;A 49;1;0;0;7;9;11;12;3;13;6;22;7;78;0;0;0;0;0;0;4;25;5;82;0;0;0;0;8;51;0;0;1;82;0;0;1;0;0;0;11;33;5;3;4;60;2;58;19;59;1;12;6;32;8;46;0;0;0;0;0;0;0;0;0;0;0;0;0;0;0;0;0;0;0;0
28.05.2024;13:41;A 49;1;1;0;6;7;1;1;1;22;1;0;2;81;0;0;1;0;2;0;2;77;3;77;0;0;2;2;11;70;0;0;0;97;0;0;0;0;0;0;9;51;3;43;2;77;5;48;13;60;1;38;8;54;5;17;0;0;0;0;0;0;0;0;0;0;0;0;0;0;0;0;0;0;0;0
28.05.2024;13:40;A 49;1;2;1;7;8;6;5;3;4;2;9;10;26;0;0;0;0;0;0;6;5;4;92;0;0;2;0;8;38;0;0;4;82;1;6;3;5;0;0;10;24;3;2;4;58;5;11;0;100;2;18;10;43;6;12;0;0;0;0;0;0;0;0;0;0;0;0;0;0;0;0;0;0;0;0
28.05.2024;13:39;A 49;1;0;0;1;1;3;5;0;0;4;3;3;9;0;0;0;0;0;0;2;84;2;90;0;0;2;17;4;3;0;0;5;34;0;0;1;4;0;0;11;16;8;7;2;43;5;31;0;100;0;0;12;39;3;10;0;0;0;0;0;0;0;0;0;0;0;0;0;0;0;0;0;0;0;0
28.05.2024;13:38;A 49;1;2;1;6;6;8;9;4;0;8;18;6;10;0;0;0;0;0;0;4;4;5;45;0;0;2;5;5;6;0;0;3;36;1;1;0;0;0;0;14;36;5;3;4;69;8;45;0;100;3;1;11;50;6;12;0;0;0;0;0;0;0;0;0;0;0;0;0;0;0;0;0;0;0;0
28.05.2024;13:37;A 49;1;2;1;7;8;7;7;4;10;7;9;8;18;0;0;0;0;0;0;8;9;5;22;0;0;4;2;7;64;0;0;2;46;1;2;1;3;0;0;18;24;6;4;3;76;8;47;2;97;1;6;10;60;6;12;0;0;0;0;0;0;0;0;0;0;0;0;0;0;0;0;0;0;0;0
28.05.2024;13:36;A 49;1;0;0;8;9;6;12;5;19;9;25;7;55;0;0;0;0;0;0;4;3;2;34;0;0;6;19;9;48;2;0;3;57;0;0;0;0;0;0;10;16;4;3;4;63;8;43;26;69;1;0;11;45;8;19;0;0;0;0;0;0;0;0;0;0;0;0;0;0;0;0;0;0;0;0
28.05.2024;13:35;A 49;1;1;0;8;8;6;5;3;7;8;15;3;24;0;0;0;0;0;0;0;0;2;29;0;0;4;1;10;9;0;0;3;90;1;13;0;0;0;0;11;16;5;5;5;62;9;26;39;31;3;2;15;39;6;14;0;0;0;0;0;0;0;0;0;0;0;0;0;0;0;0;0;0;0;0
28.05.2024;13:34;A 49;1;2;1;2;2;3;2;1;0;5;3;7;86;0;0;0;0;0;0;5;5;3;98;0;0;3;1;10;65;0;0;1;98;2;4;1;7;0;0;13;32;7;43;3;81;7;58;42;33;0;0;10;68;5;12;0;0;0;0;0;0;0;0;0;0;0;0;0;0;0;0;0;0;0;0
28.05.2024;13:33;A 49;1;0;0;2;2;3;3;0;0;2;4;0;100;0;0;0;0;0;0;0;0;1;98;0;0;11;6;19;49;0;0;0;100;2;8;1;74;0;0;8;81;2;3;1;99;3;87;9;41;2;1;5;92;3;6;0;0;0;0;0;0;0;0;0;0;0;0;0;0;0;0;0;0;0;0
28.05.2024;13:32;A 49;1;1;0;6;7;5;5;2;8;1;5;8;74;0;0;0;0;0;0;4;3;3;85;0;0;2;1;5;66;0;0;2;65;1;3;5;21;0;0;14;58;4;9;1;99;7;40;26;43;2;17;12;68;3;9;0;0;0;0;0;0;0;0;0;0;0;0;0;0;0;0;0;0;0;0
28.05.2024;13:31;A 49;1;1;0;8;10;8;7;5;17;6;23;6;60;0;0;0;0;0;0;5;7;1;74;0;0;6;5;16;46;0;0;1;72;1;3;1;69;0;0;18;29;10;18;0;100;4;49;23;78;3;10;8;94;8;42;0;0;0;0;0;0;0;0;0;0;0;0;0;0;0;0;0;0;0;0
28.05.2024;13:30;A 49;1;1;0;4;4;1;1;2;0;3;1;4;59;0;0;0;0;0;0;2;0;2;56;0;0;1;0;4;53;0;0;4;76;1;1;3;10;0;0;15;32;4;5;5;93;5;46;31;66;0;0;14;71;3;6;0;0;0;0;0;0;0;0;0;0;0;0;0;0;0;0;0;0;0;0
28.05.2024;13:29;A 49;1;1;0;8;10;10;8;3;12;5;16;7;59;0;0;0;0;0;0;5;4;4;62;0;0;3;0;11;44;0;0;1;83;1;15;0;0;0;0;19;57;5;3;0;100;6;61;12;57;5;12;13;79;4;12;0;0;0;0;0;0;0;0;0;0;0;0;0;0;0;0;0;0;0;0
28.05.2024;13:28;A 49;1;0;0;3;3;4;3;1;0;3;2;8;81;0;0;0;0;0;0;6;9;2;96;0;0;2;0;5;20;0;0;3;29;1;2;3;9;0;0;14;60;5;21;1;98;7;72;3;74;1;2;11;87;5;55;0;0;0;0;0;0;0;0;0;0;0;0;0;0;0;0;0;0;0;0
28.05.2024;13:27;A 49;1;1;0;4;5;4;3;0;14;0;0;7;75;0;0;0;0;0;0;4;2;5;76;0;0;1;0;10;50;0;0;1;82;2;4;1;29;0;0;10;48;4;4;4;76;5;52;6;90;0;0;6;63;3;6;0;0;0;0;0;0;0;0;0;0;0;0;0;0;0;0;0;0;0;0
28.05.2024;13:26;A 49;1;0;0;7;8;4;3;3;13;7;6;5;90;0;0;0;0;0;0;3;3;2;94;0;0;4;2;4;45;0;0;1;60;1;0;1;5;0;0;9;50;3;3;3;60;3;6;19;90;3;43;9;21;1;2;0;0;0;0;0;0;0;0;0;0;0;0;0;0;0;0;0;0;0;0
28.05.2024;13:25;A 49;1;1;0;7;8;5;5;1;2;1;3;4;90;0;0;0;0;0;0;2;32;1;95;0;0;7;2;12;49;0;0;3;84;0;0;2;53;1;0;10;57;9;7;3;88;7;22;13;60;1;0;7;55;6;9;0;0;0;0;0;0;0;0;0;0;0;0;0;0;0;0;0;0;0;0
28.05.2024;13:24;A 49;1;5;2;11;12;11;19;6;13;4;32;2;72;0;0;0;0;0;0;6;55;17;20;0;0;3;4;11;42;0;0;4;47;3;11;2;11;0;0;14;18;14;26;5;53;6;63;27;48;4;15;12;48;9;35;0;0;0;0;0;0;0;0;0;0;0;0;0;0;0;0;0;0;0;0
28.05.2024;13:23;A 49;1;1;0;3;3;7;9;5;4;6;10;8;59;0;0;0;0;0;0;7;33;6;63;0;0;0;0;1;3;0;0;1;13;0;0;1;0;1;0;11;17;10;8;5;52;5;31;26;25;3;5;10;34;7;15;0;0;0;0;0;0;0;0;0;0;0;0;0;0;0;0;0;0;0;0
28.05.2024;13:22;A 49;1;0;0;7;7;12;10;4;8;7;38;10;78;0;0;0;0;0;0;8;32;6;88;0;0;2;0;3;70;0;0;2;56;0;0;0;0;0;0;11;43;7;6;5;61;8;44;25;33;2;13;14;38;7;15;0;0;0;0;0;0;0;0;0;0;0;0;0;0;0;0;0;0;0;0
28.05.2024;13:21;A 49;1;1;0;5;5;5;4;3;4;2;17;2;60;0;0;0;0;0;0;0;0;2;65;0;0;4;7;8;70;0;0;2;94;3;39;2;13;1;1;7;12;0;0;4;68;4;42;13;11;4;17;5;16;6;24;0;0;0;0;0;0;0;0;0;0;0;0;0;0;0;0;0;0;0;0
28.05.2024;13:20;A 49;1;2;1;5;5;6;10;3;12;7;21;4;6;0;0;0;0;0;0;2;2;3;8;0;0;7;7;8;69;0;0;1;96;2;10;1;53;1;1;14;60;5;5;2;95;6;65;19;56;3;5;9;67;6;17;0;0;0;0;0;0;0;0;0;0;0;0;0;0;0;0;0;0;0;0
28.05.2024;13:19;A 49;1;1;0;5;5;5;5;2;4;7;19;5;17;0;0;0;0;0;0;2;3;3;10;0;0;0;0;2;10;0;0;2;44;1;16;1;1;0;0;13;37;3;1;1;78;3;47;31;41;5;13;6;68;6;18;0;0;0;0;0;0;0;0;0;0;0;0;0;0;0;0;0;0;0;0
28.05.2024;13:18;A 49;1;1;0;5;5;5;4;4;6;6;13;3;93;0;0;0;0;0;0;2;2;1;97;0;0;3;0;9;30;0;0;3;54;1;3;0;0;0;0;10;32;3;5;5;68;6;32;47;37;2;2;12;26;5;10;0;0;0;0;0;0;0;0;0;0;0;0;0;0;0;0;0;0;0;0
28.05.2024;13:17;A 49;1;1;0;8;10;3;3;5;9;4;16;2;2;0;0;0;0;0;0;1;0;3;4;0;0;8;2;13;51;0;0;2;99;0;0;0;0;0;0;10;42;2;3;4;63;2;13;12;13;3;12;7;49;2;5;0;0;0;0;0;0;0;0;0;0;0;0;0;0;0;0;0;0;0;0
28.05.2024;13:16;A 49;1;2;2;5;7;9;8;4;8;6;24;5;57;0;0;0;0;0;0;5;5;2;64;0;0;0;0;7;17;0;0;1;97;1;7;0;0;0;0;24;52;8;5;0;89;7;59;18;15;3;6;11;72;7;45;0;0;0;0;0;0;0;0;0;0;0;0;0;0;0;0;0;0;0;0
28.05.2024;13:15;A 49;1;0;0;4;4;5;5;4;3;8;11;8;81;0;0;0;0;0;0;5;30;5;91;0;0;1;0;7;33;0;0;2;55;0;0;1;0;0;0;15;65;7;9;4;98;6;54;29;41;0;0;13;81;6;12;0;0;0;0;0;0;0;0;0;0;0;0;0;0;0;0;0;0;0;0
28.05.2024;13:14;A 49;1;0;0;7;6;4;2;1;6;6;7;10;69;0;0;0;0;0;0;5;55;7;86;0;0;2;1;6;59;0;0;3;67;1;1;1;19;0;0;11;35;5;4;7;57;2;34;34;25;1;3;9;45;4;30;0;0;0;0;0;0;0;0;0;0;0;0;0;0;0;0;0;0;0;0
28.05.2024;13:13;A 49;1;0;0;3;3;3;2;0;0;3;5;8;83;0;0;0;0;0;0;7;72;5;81;0;0;5;3;8;68;0;0;1;93;9;3;2;37;0;0;7;45;3;4;3;60;6;33;44;40;2;8;7;21;7;42;0;0;0;0;0;0;0;0;0;0;0;0;0;0;0;0;0;0;0;0
28.05.2024;13:12;A 49;1;1;0;5;5;8;7;3;2;5;15;8;81;0;0;0;0;0;0;6;67;5;87;0;0;3;2;6;21;0;0;4;51;2;10;1;34;0;0;6;15;2;2;1;55;4;39;38;26;4;34;5;45;7;18;0;0;0;0;0;0;0;0;0;0;0;0;0;0;0;0;0;0;0;0
28.05.2024;13:11;A 49;1;0;0;6;5;10;8;5;5;5;40;3;90;0;0;0;0;0;0;2;52;0;100;0;0;2;0;7;5;0;0;5;29;2;8;0;0;0;0;5;35;3;37;4;26;3;40;41;44;5;29;5;10;6;52;0;0;0;0;0;0;0;0;0;0;0;0;0;0;0;0;0;0;0;0
28.05.2024;13:10;A 49;1;2;1;11;17;5;9;6;19;5;18;6;82;0;0;0;0;0;0;5;76;4;91;0;0;3;3;15;19;0;0;0;53;0;9;1;79;0;0;9;12;4;7;2;65;3;35;25;54;3;5;5;41;4;14;0;0;0;0;0;0;0;0;0;0;0;0;0;0;0;0;0;0;0;0
28.05.2024;13:09;A 49;1;0;0;7;8;6;5;3;12;7;13;5;78;0;0;0;0;0;0;5;31;5;83;0;0;1;0;4;68;0;0;2;87;1;43;3;15;1;1;14;20;26;10;3;73;4;40;56;37;2;26;8;56;2;5;0;0;0;0;0;0;0;0;0;0;0;0;0;0;0;0;0;0;0;0
28.05.2024;13:08;A 49;1;2;1;4;5;9;9;3;8;8;18;8;76;0;0;0;0;0;0;5;5;5;90;0;0;0;0;3;24;0;0;2;41;0;0;0;0;0;0;13;17;10;30;4;54;5;42;15;10;0;0;10;41;10;24;0;0;0;0;0;0;0;0;0;0;0;0;0;0;0;0;0;0;0;0
28.05.2024;13:07;A 49;1;1;0;5;5;7;12;6;11;4;17;1;46;0;0;0;0;0;0;0;0;1;48;0;0;1;0;9;56;0;0;4;48;3;10;2;2;2;1;7;31;7;22;4;52;9;52;57;36;2;3;7;40;10;17;0;0;0;0;0;0;0;0;0;0;0;0;0;0;0;0;0;0;0;0
28.05.2024;13:06;A 49;1;1;0;6;6;5;5;4;10;4;15;3;5;0;0;0;0;0;0;2;1;2;8;0;0;0;0;8;66;0;0;0;89;1;2;3;6;0;0;11;33;0;0;2;65;4;15;6;49;4;5;12;53;4;13;0;0;0;0;0;0;0;0;0;0;0;0;0;0;0;0;0;0;0;0
28.05.2024;13:05;A 49;1;3;1;6;6;5;10;2;1;5;16;4;82;0;0;0;0;0;0;3;3;3;74;0;0;4;2;8;59;0;0;2;86;0;0;1;6;0;0;11;30;8;7;3;68;10;40;6;87;5;10;9;38;5;17;0;0;0;0;0;0;0;0;0;0;0;0;0;0;0;0;0;0;0;0
28.05.2024;13:04;A 49;1;0;0;4;4;8;10;3;6;9;14;3;86;0;0;0;0;0;0;3;2;2;92;0;0;3;1;7;46;0;0;4;70;0;0;0;0;0;0;6;28;7;26;4;49;6;38;23;56;3;25;8;22;6;16;0;0;0;0;0;0;0;0;0;0;0;0;0;0;0;0;0;0;0;0
28.05.2024;13:03;A 49;1;1;0;5;6;8;7;4;4;7;12;5;26;0;0;0;0;0;0;3;2;6;24;0;0;2;0;4;34;0;0;5;47;0;0;2;57;0;0;10;27;6;15;1;67;5;40;13;69;5;8;5;43;4;45;0;0;0;0;0;0;0;0;0;0;0;0;0;0;0;0;0;0;0;0
28.05.2024;13:02;A 49;1;4;2;5;6;8;8;4;5;6;14;1;36;0;0;0;0;0;0;0;0;1;34;0;0;1;0;4;26;0;0;2;24;0;0;1;43;1;1;16;32;7;6;0;73;10;32;14;66;5;4;3;68;5;22;0;0;0;0;0;0;0;0;0;0;0;0;0;0;0;0;0;0;0;0
28.05.2024;13:01;A 49;1;2;0;4;3;7;6;3;2;3;13;3;67;0;0;0;0;0;0;2;2;2;48;0;0;3;1;6;22;0;0;4;43;1;4;0;0;0;0;11;24;6;6;6;55;4;17;35;42;0;0;12;40;6;15;0;0;0;0;0;0;0;0;0;0;0;0;0;0;0;0;0;0;0;0
28.05.2024;13:00;A 49;1;1;0;6;7;4;4;1;0;4;2;5;73;0;0;0;0;0;0;3;3;5;66;0;0;3;10;3;52;0;0;3;69;0;0;1;0;0;0;9;14;4;5;3;86;5;29;14;82;3;4;9;38;5;15;0;0;0;0;0;0;0;0;0;0;0;0;0;0;0;0;0;0;0;0
28.05.2024;12:59;A 49;1;0;0;4;4;4;3;1;3;7;9;8;15;0;0;0;0;0;0;7;5;5;25;0;0;2;1;10;13;0;0;3;50;1;12;0;0;0;0;15;57;4;21;4;81;5;25;57;60;6;3;9;49;4;8;0;0;0;0;0;0;0;0;0;0;0;0;0;0;0;0;0;0;0;0
28.05.2024;12:58;A 49;1;2;1;4;4;8;8;5;5;10;20;4;86;0;0;0;0;0;0;15;34;2;91;0;0;2;4;5;44;0;0;2;68;2;4;1;12;0;0;9;44;3;9;1;78;6;26;25;58;3;7;9;63;4;11;0;0;0;0;0;0;0;0;0;0;0;0;0;0;0;0;0;0;0;0
28.05.2024;12:57;A 49;1;1;0;7;8;10;12;4;7;4;28;2;19;0;0;0;0;0;0;4;3;3;21;0;0;1;0;8;41;0;0;5;56;0;0;3;10;0;0;20;38;7;7;3;77;3;91;7;12;3;44;7;66;5;53;0;0;0;0;0;0;0;0;0;0;0;0;0;0;0;0;0;0;0;0
28.05.2024;12:56;A 49;1;0;0;9;10;12;12;3;8;8;27;11;15;0;0;0;0;0;0;56;30;5;50;0;0;1;2;8;32;0;0;2;45;5;12;2;47;0;0;4;36;1;1;4;30;5;58;10;31;2;2;5;21;6;52;0;0;0;0;0;0;0;0;0;0;0;0;0;0;0;0;0;0;0;0
28.05.2024;12:55;A 49;1;0;0;4;4;7;7;4;12;6;11;16;68;0;0;0;0;0;0;38;22;2;75;0;0;2;13;6;4;0;0;3;41;1;1;1;2;0;0;10;30;3;16;1;61;5;42;15;87;2;2;6;44;4;8;0;0;0;0;0;0;0;0;0;0;0;0;0;0;0;0;0;0;0;0
28.05.2024;12:54;A 49;1;0;0;4;3;7;7;2;0;3;1;41;42;0;0;0;0;0;0;29;21;6;37;0;0;2;1;6;62;0;0;3;54;0;0;1;2;0;0;15;25;8;20;10;66;14;54;13;28;1;0;12;41;9;19;0;0;0;0;0;0;0;0;0;0;0;0;0;0;0;0;0;0;0;0
28.05.2024;12:53;A 49;1;0;0;5;7;4;3;5;8;2;7;27;38;0;0;0;0;0;0;4;2;3;41;0;0;2;1;9;35;0;0;1;67;1;16;3;6;0;0;14;25;4;4;3;88;6;62;9;70;1;5;8;76;3;8;0;0;0;0;0;0;0;0;0;0;0;0;0;0;0;0;0;0;0;0
28.05.2024;12:52;A 49;1;0;0;4;2;4;3;1;3;1;7;8;83;0;0;0;0;0;0;0;0;2;84;0;0;6;7;11;54;0;0;3;88;2;6;6;4;1;0;5;51;6;3;1;71;4;17;11;90;4;32;5;42;5;10;0;0;0;0;0;0;0;0;0;0;0;0;0;0;0;0;0;0;0;0
28.05.2024;12:51;A 49;1;0;0;4;4;5;7;3;5;7;9;35;32;0;0;0;0;0;0;4;2;2;30;0;0;3;2;5;19;0;0;2;52;2;2;24;38;0;0;4;6;4;2;2;12;2;21;8;95;3;3;4;13;2;14;0;0;0;0;0;0;0;0;0;0;0;0;0;0;0;0;0;0;0;0
28.05.2024;12:50;A 49;1;1;0;5;5;5;4;2;35;1;11;4;84;0;0;0;0;0;0;3;2;1;88;0;0;1;0;6;4;0;0;5;27;1;2;6;10;0;0;8;50;5;6;4;63;3;29;9;80;2;19;6;17;4;18;0;0;0;0;0;0;0;0;0;0;0;0;0;0;0;0;0;0;0;0
28.05.2024;12:49;A 49;1;2;0;11;13;6;7;4;36;9;29;8;34;0;0;0;0;0;0;2;1;7;36;0;0;3;1;9;8;0;0;5;34;3;12;3;7;0;0;9;43;5;14;4;74;7;22;18;25;4;17;6;67;6;19;0;0;0;0;0;0;0;0;0;0;0;0;0;0;0;0;0;0;0;0
28.05.2024;12:48;A 49;1;2;1;3;4;6;7;4;13;5;32;7;57;0;0;0;0;0;0;6;52;5;67;0;0;3;0;4;3;0;0;3;44;1;4;9;30;0;0;14;38;8;24;3;86;6;31;8;86;3;23;11;70;2;2;0;0;0;0;0;0;0;0;0;0;0;0;0;0;0;0;0;0;0;0
28.05.2024;12:47;A 49;1;2;1;4;4;6;6;0;0;6;9;7;82;0;0;0;0;0;0;7;33;4;89;0;0;2;2;6;29;0;0;3;54;0;0;8;12;0;0;7;10;4;6;5;46;6;17;8;84;1;1;10;23;5;9;0;0;0;0;0;0;0;0;0;0;0;0;0;0;0;0;0;0;0;0
28.05.2024;12:46;A 49;1;1;0;5;6;2;2;3;6;0;2;6;89;0;0;0;0;0;0;12;15;3;86;0;0;1;2;6;60;0;0;1;87;0;0;3;1;0;0;10;22;2;3;2;76;1;37;20;74;3;5;3;31;1;2;0;0;0;0;0;0;0;0;0;0;0;0;0;0;0;0;0;0;0;0
28.05.2024;12:45;A 49;1;0;0;3;3;5;4;1;0;3;9;9;47;0;0;0;0;0;0;7;5;5;28;0;0;2;3;3;38;0;0;2;37;1;7;9;9;0;0;10;39;5;35;4;71;4;44;8;87;0;0;10;58;4;9;0;0;0;0;0;0;0;0;0;0;0;0;0;0;0;0;0;0;0;0
28.05.2024;12:44;A 49;1;0;0;9;9;7;6;3;8;7;4;6;87;0;0;0;0;0;0;4;4;4;46;0;0;1;0;6;42;0;0;4;30;1;2;0;0;0;0;12;37;3;2;3;74;7;50;2;2;3;13;10;61;10;39;0;0;0;0;0;0;0;0;0;0;0;0;0;0;0;0;0;0;0;0
28.05.2024;12:43;A 49;1;0;0;3;3;5;12;1;0;5;6;151;55;0;0;0;0;0;0;3;1;3;92;0;0;1;0;7;17;0;0;2;36;1;2;2;6;0;0;6;10;7;6;4;30;7;46;22;28;2;12;10;27;6;14;0;0;0;0;0;0;0;0;0;0;0;0;0;0;0;0;0;0;0;0
28.05.2024;12:42;A 49;1;0;0;4;3;8;8;2;2;5;16;11;83;0;0;0;0;0;0;3;2;3;88;0;0;3;1;9;13;0;0;1;42;0;0;1;2;1;0;12;45;5;4;7;74;8;64;18;17;2;0;10;30;8;26;0;0;0;0;0;0;0;0;0;0;0;0;0;0;0;0;0;0;0;0
28.05.2024;12:41;A 49;1;1;0;6;6;9;8;2;10;8;27;29;55;0;0;1;0;0;0;2;1;3;20;0;0;0;0;1;50;0;0;2;14;1;4;0;0;0;0;14;48;11;14;4;83;11;40;13;29;2;2;11;53;8;17;0;0;0;0;0;0;0;0;0;0;0;0;0;0;0;0;0;0;0;0
28.05.2024;12:40;A 49;1;1;0;2;2;4;3;2;1;2;4;33;47;0;0;0;0;0;0;6;4;7;54;0;0;0;0;1;7;0;0;1;9;0;0;0;0;0;0;11;45;3;3;5;70;7;14;13;26;2;2;15;49;4;9;0;0;0;0;0;0;0;0;0;0;0;0;0;0;0;0;0;0;0;0
28.05.2024;12:39;A 49;1;0;0;3;3;3;3;5;5;4;6;7;85;0;0;0;0;0;0;6;4;2;99;0;0;3;1;8;60;0;0;2;66;1;0;0;0;0;0;5;6;2;3;3;19;3;13;32;42;2;1;4;6;3;6;0;0;0;0;0;0;0;0;0;0;0;0;0;0;0;0;0;0;0;0
28.05.2024;12:38;A 49;1;1;0;5;5;5;5;8;6;5;11;3;88;0;0;0;0;0;0;2;1;3;74;0;0;4;7;11;46;0;0;2;83;2;9;2;4;0;0;9;14;6;5;2;63;5;21;24;58;1;11;8;42;1;1;0;0;0;0;0;0;0;0;0;0;0;0;0;0;0;0;0;0;0;0
28.05.2024;12:37;A 49;1;0;0;3;3;9;8;2;1;7;28;1;1;0;0;0;0;0;0;1;0;2;3;0;0;2;0;6;54;0;0;1;97;0;0;1;37;0;0;10;26;2;2;9;55;4;9;34;35;1;0;13;28;5;13;0;0;0;0;0;0;0;0;0;0;0;0;0;0;0;0;0;0;0;0
28.05.2024;12:36;A 49;1;0;0;4;3;7;10;2;4;7;28;6;84;0;0;0;0;0;0;6;73;4;89;0;0;2;1;5;42;0;0;3;42;3;11;3;23;0;0;7;33;7;29;4;56;8;62;9;14;2;2;9;24;10;25;0;0;0;0;0;0;0;0;0;0;0;0;0;0;0;0;0;0;0;0
28.05.2024;12:35;A 49;1;1;0;8;8;6;4;6;6;11;20;7;84;0;0;0;0;0;0;7;6;3;93;0;0;4;2;6;21;1;0;4;43;1;4;0;0;0;0;7;9;5;20;4;49;3;37;15;19;3;5;5;11;4;9;0;0;0;0;0;0;0;0;0;0;0;0;0;0;0;0;0;0;0;0
28.05.2024;12:34;A 49;1;1;0;7;7;4;6;3;11;8;17;36;31;0;0;0;0;0;0;5;41;6;29;0;0;0;0;5;20;0;0;4;32;0;0;2;6;1;1;13;28;5;6;6;61;3;22;45;39;1;0;8;40;3;19;0;0;0;0;0;0;0;0;0;0;0;0;0;0;0;0;0;0;0;0
28.05.2024;12:33;A 49;1;2;0;7;7;9;7;3;1;12;30;39;43;0;0;0;0;0;0;2;2;3;32;0;0;1;28;3;18;0;0;2;37;0;0;0;0;0;0;14;34;8;7;3;67;8;24;56;39;0;1;8;54;6;17;0;0;0;0;0;0;0;0;0;0;0;0;0;0;0;0;0;0;0;0
28.05.2024;12:32;A 49;1;0;0;5;5;4;7;6;22;6;24;103;35;0;0;0;0;0;0;0;0;1;2;0;0;1;2;7;56;0;0;0;74;0;0;2;14;1;1;5;8;5;3;1;85;2;25;38;37;1;0;3;93;6;22;0;0;0;0;0;0;0;0;0;0;0;0;0;0;0;0;0;0;0;0
28.05.2024;12:31;A 49;1;1;0;7;8;7;9;5;1;6;28;28;26;0;0;0;0;0;0;5;8;6;34;0;0;1;0;10;67;0;0;0;100;2;6;1;1;0;0;11;16;3;2;3;63;5;38;2;87;2;22;7;46;7;12;0;0;0;0;0;0;0;0;0;0;0;0;0;0;0;0;0;0;0;0
28.05.2024;12:30;A 49;1;0;0;6;6;4;2;3;13;6;7;1;1;0;0;0;0;0;0;1;0;0;0;0;0;8;2;13;13;0;0;2;59;2;9;1;1;0;0;11;20;3;3;4;78;4;14;1;99;2;18;8;65;3;8;0;0;0;0;0;0;0;0;0;0;0;0;0;0;0;0;0;0;0;0
28.05.2024;12:29;A 49;1;1;0;3;4;5;6;2;5;9;19;5;52;0;0;0;0;0;0;4;5;4;59;0;0;2;7;6;30;0;0;0;43;0;0;0;0;0;0;3;28;1;0;3;39;6;10;19;66;0;0;5;6;4;7;0;0;0;0;0;0;0;0;0;0;0;0;0;0;0;0;0;0;0;0
28.05.2024;12:28;A 49;1;1;0;2;2;5;5;2;1;9;13;2;68;0;0;0;0;0;0;0;0;0;72;0;0;3;1;7;38;0;0;5;42;3;6;0;0;0;0;15;22;4;4;2;93;4;22;0;100;1;0;9;70;3;6;0;0;0;0;0;0;0;0;0;0;0;0;0;0;0;0;0;0;0;0
28.05.2024;12:27;A 49;1;0;0;5;5;6;5;5;7;3;21;6;77;0;0;0;0;0;0;3;2;4;81;0;0;1;1;6;40;0;0;2;34;0;0;0;0;0;0;10;22;5;6;5;62;1;13;2;99;2;10;11;28;0;0;0;0;0;0;0;0;0;0;0;0;0;0;0;0;0;0;0;0;0;0
28.05.2024;12:26;A 49;1;1;0;4;4;4;7;2;5;7;19;8;69;0;0;0;0;0;0;3;2;7;80;0;0;2;3;4;71;0;0;1;86;1;2;0;27;1;0;12;18;12;9;3;68;9;50;45;38;3;14;11;37;9;21;0;0;0;0;0;0;0;0;0;0;0;0;0;0;0;0;0;0;0;0
28.05.2024;12:25;A 49;1;0;0;7;9;7;5;5;22;10;34;6;88;0;0;0;0;0;0;4;3;0;100;0;0;1;0;4;32;0;0;3;52;1;0;2;32;0;0;17;20;6;6;4;80;5;18;11;77;3;6;8;59;3;6;0;0;0;0;0;0;0;0;0;0;0;0;0;0;0;0;0;0;0;0
28.05.2024;12:24;A 49;1;0;0;4;4;8;6;2;11;6;24;8;79;0;0;0;0;0;0;5;4;5;85;0;0;4;3;11;70;2;0;1;76;1;35;0;0;0;0;7;13;4;26;2;82;3;51;31;17;2;15;5;58;7;18;0;0;0;0;0;0;0;0;0;0;0;0;0;0;0;0;0;0;0;0
28.05.2024;12:23;A 49;1;2;0;8;8;3;7;3;8;5;15;21;17;0;0;0;0;0;0;3;2;1;94;0;0;0;0;2;4;0;0;2;28;1;3;4;37;0;0;13;60;8;35;2;94;6;68;37;45;3;6;11;47;3;18;0;0;0;0;0;0;0;0;0;0;0;0;0;0;0;0;0;0;0;0
28.05.2024;12:22;A 49;1;0;0;2;2;4;6;2;7;2;15;3;6;0;0;0;0;0;0;19;12;0;100;0;0;4;8;9;18;0;0;1;53;3;6;6;37;0;0;5;51;3;3;3;57;2;39;23;20;0;0;9;25;2;8;0;0;0;0;0;0;0;0;0;0;0;0;0;0;0;0;0;0;0;0
28.05.2024;12:21;A 49;1;1;0;6;7;4;3;3;2;5;12;4;59;0;0;0;0;0;0;4;13;4;72;0;0;3;0;4;39;0;0;2;85;4;15;1;0;0;0;5;53;5;8;4;40;5;11;36;22;3;17;3;12;3;7;0;0;0;0;0;0;0;0;0;0;0;0;0;0;0;0;0;0;0;0
28.05.2024;12:20;A 49;1;2;1;6;6;8;8;1;0;12;26;7;78;0;0;0;0;0;0;4;57;5;81;0;0;1;0;7;6;0;0;3;36;1;3;0;0;0;0;15;44;5;4;4;74;6;30;70;53;2;4;11;50;4;11;0;0;0;0;0;0;0;0;0;0;0;0;0;0;0;0;0;0;0;0
28.05.2024;12:19;A 49;1;5;2;10;11;9;9;7;21;10;27;10;73;0;0;0;0;0;0;10;33;8;81;0;0;1;16;3;32;0;0;2;30;1;4;0;0;0;0;6;45;3;6;4;52;3;35;55;36;5;11;7;39;5;22;0;0;0;0;0;0;0;0;0;0;0;0;0;0;0;0;0;0;0;0
28.05.2024;12:18;A 49;1;3;1;4;5;3;2;2;5;3;21;7;80;0;0;0;0;0;0;4;3;4;95;0;0;2;1;5;64;0;0;1;78;0;7;1;0;1;1;7;29;2;22;5;46;4;40;6;92;4;24;6;13;7;32;0;0;0;0;0;0;0;0;0;0;0;0;0;0;0;0;0;0;0;0
28.05.2024;12:17;A 49;1;1;0;1;1;6;6;2;3;7;16;5;74;0;0;0;0;0;0;3;3;2;83;0;0;1;0;8;10;0;0;2;38;3;7;1;0;1;0;13;21;3;29;1;81;6;46;39;43;5;22;10;40;4;7;0;0;0;0;0;0;0;0;0;0;0;0;0;0;0;0;0;0;0;0
28.05.2024;12:16;A 49;1;0;0;1;1;6;5;2;1;8;19;7;87;0;0;0;0;0;0;5;4;4;93;0;0;1;0;9;16;0;0;2;47;2;5;0;0;0;0;7;37;4;47;3;59;5;59;58;63;1;0;9;30;7;18;0;0;0;0;0;0;0;0;0;0;0;0;0;0;0;0;0;0;0;0
28.05.2024;12:15;A 49;1;1;0;7;7;7;7;5;3;2;25;2;92;0;0;0;0;0;0;2;1;2;96;0;0;5;1;10;35;0;0;2;64;2;21;1;0;1;1;9;42;5;49;4;65;4;58;37;21;5;20;10;19;4;9;0;0;0;0;0;0;0;0;0;0;0;0;0;0;0;0;0;0;0;0
28.05.2024;12:14;A 49;1;0;0;3;3;6;6;3;2;2;23;8;14;0;0;0;0;0;0;4;33;5;51;0;0;1;0;4;32;0;0;3;57;0;0;1;9;1;1;14;44;7;27;4;88;5;53;45;34;1;0;8;42;4;10;0;0;0;0;0;0;0;0;0;0;0;0;0;0;0;0;0;0;0;0
28.05.2024;12:13;A 49;1;0;0;5;5;6;5;2;2;10;26;3;3;0;0;0;0;0;0;3;2;3;5;0;0;2;0;10;9;0;0;2;37;2;6;1;0;0;0;13;17;8;4;9;58;7;28;24;54;0;0;8;41;7;20;0;0;0;0;0;0;0;0;0;0;0;0;0;0;0;0;0;0;0;0
28.05.2024;12:12;A 49;1;0;0;8;8;10;7;7;6;4;25;8;50;0;0;0;0;0;0;7;7;1;60;0;0;1;0;4;56;0;0;2;78;1;4;1;29;0;0;11;14;6;5;6;50;7;20;24;39;4;2;11;34;3;6;0;0;0;0;0;0;0;0;0;0;0;0;0;0;0;0;0;0;0;0
28.05.2024;12:11;A 49;1;0;0;8;9;7;6;2;13;10;21;2;95;0;0;0;0;0;0;1;41;0;100;0;0;3;1;8;10;0;0;2;45;2;7;1;0;0;0;15;44;8;6;3;72;7;47;26;58;2;6;8;29;7;14;0;0;0;0;0;0;0;0;0;0;0;0;0;0;0;0;0;0;0;0
28.05.2024;12:10;A 49;1;3;1;3;3;4;4;0;0;5;16;7;36;0;0;0;0;0;0;1;25;1;34;0;0;5;4;11;32;0;0;3;91;2;15;0;0;0;0;7;50;5;28;2;72;4;57;38;28;4;35;3;55;6;7;0;0;0;0;0;0;0;0;0;0;0;0;0;0;0;0;0;0;0;0
28.05.2024;12:09;A 49;1;1;0;4;4;8;8;6;6;7;31;53;20;0;0;0;0;0;0;1;0;2;4;0;0;1;0;6;20;0;0;6;43;2;9;0;0;0;0;12;60;3;4;1;95;4;10;23;39;2;2;8;70;8;18;0;0;0;0;0;0;0;0;0;0;0;0;0;0;0;0;0;0;0;0
28.05.2024;12:08;A 49;1;1;0;10;11;6;5;4;13;5;5;17;9;0;0;0;0;0;0;1;0;2;5;0;0;2;0;6;22;0;0;5;37;0;0;1;44;0;0;13;55;6;5;3;83;5;41;28;26;2;22;14;66;8;23;0;0;0;0;0;0;0;0;0;0;0;0;0;0;0;0;0;0;0;0
28.05.2024;12:07;A 49;1;3;1;9;10;12;16;2;4;4;20;9;78;0;0;0;0;0;0;6;5;3;87;0;0;2;2;5;10;0;0;1;32;1;4;3;24;0;0;9;15;6;4;5;56;12;49;37;56;2;27;9;45;8;21;0;0;0;0;0;0;0;0;0;0;0;0;0;0;0;0;0;0;0;0
28.05.2024;12:06;A 49;1;2;0;5;6;6;7;3;11;2;11;9;75;0;0;0;0;0;0;5;3;5;89;0;0;2;0;8;42;0;0;1;70;1;2;0;0;0;0;16;27;9;5;6;59;6;41;27;29;1;24;14;30;5;9;0;0;0;0;0;0;0;0;0;0;0;0;0;0;0;0;0;0;0;0
28.05.2024;12:05;A 49;1;1;0;4;4;3;2;3;3;5;3;10;23;0;0;0;0;0;0;6;5;1;91;0;0;1;1;6;62;0;0;2;87;0;0;4;3;0;0;6;33;2;2;2;52;4;28;24;32;2;6;3;23;5;10;0;0;0;0;0;0;0;0;0;0;0;0;0;0;0;0;0;0;0;0
28.05.2024;12:04;A 49;1;0;0;2;2;3;2;2;5;5;4;8;36;0;0;0;0;0;0;4;3;4;85;0;0;3;1;9;16;0;0;1;95;3;13;1;15;0;0;7;41;3;3;4;63;4;12;42;54;1;1;9;29;3;5;0;0;0;0;0;0;0;0;0;0;0;0;0;0;0;0;0;0;0;0
28.05.2024;12:03;A 49;1;1;0;7;10;6;7;5;13;6;16;6;77;0;0;0;0;0;0;4;7;4;85;0;0;2;1;4;37;0;0;2;62;0;0;0;0;0;0;11;53;6;5;3;71;5;21;32;43;3;6;10;24;6;17;0;0;0;0;0;0;0;0;0;0;0;0;0;0;0;0;0;0;0;0
28.05.2024;12:02;A 49;1;0;0;4;4;3;3;1;2;6;16;5;10;0;0;0;0;0;0;4;77;5;87;0;0;4;2;7;47;0;0;3;63;1;5;2;0;0;0;7;10;4;40;7;29;6;20;1;98;2;2;8;22;4;8;0;0;0;0;0;0;0;0;0;0;0;0;0;0;0;0;0;0;0;0
28.05.2024;12:01;A 49;1;1;0;7;7;7;6;5;21;3;21;2;80;0;0;0;0;0;0;2;3;1;84;0;0;1;1;5;54;0;0;5;39;0;0;0;0;0;0;15;57;7;49;1;75;5;60;18;90;7;31;7;52;5;35;0;0;0;0;0;0;0;0;0;0;0;0;0;0;0;0;0;0;0;0
28.05.2024;12:00;A 49;1;4;1;12;13;8;8;7;25;5;20;8;85;0;0;0;0;0;0;5;75;3;97;0;0;5;2;9;17;0;0;5;55;1;3;1;4;0;0;13;45;3;2;6;77;5;28;29;34;6;6;13;59;8;11;0;0;0;0;0;0;0;0;0;0;0;0;0;0;0;0;0;0;0;0
28.05.2024;11:59;A 49;1;0;0;3;3;6;6;2;2;8;12;7;86;0;0;0;0;0;0;6;74;1;98;0;0;1;2;2;21;0;0;4;66;0;0;1;3;0;0;8;22;3;10;7;42;10;24;58;79;2;25;9;19;3;6;0;0;0;0;0;0;0;0;0;0;0;0;0;0;0;0;0;0;0;0
28.05.2024;11:58;A 49;1;2;1;9;10;9;14;3;12;3;16;10;81;0;0;0;0;0;0;7;67;3;94;0;0;2;0;6;28;1;0;1;47;0;0;5;14;1;0;9;13;11;23;4;66;8;36;50;64;6;16;7;46;8;22;0;0;0;0;0;0;0;0;0;0;0;0;0;0;0;0;0;0;0;0
28.05.2024;11:57;A 49;1;0;0;0;0;1;0;1;0;1;1;7;86;0;0;0;0;1;0;7;55;2;97;0;0;2;0;7;55;0;0;2;33;0;0;0;0;0;0;8;13;2;1;5;55;7;29;14;52;1;3;10;42;5;12;0;0;0;0;0;0;0;0;0;0;0;0;0;0;0;0;0;0;0;0
28.05.2024;11:56;A 49;1;2;0;4;4;4;4;1;0;6;8;6;85;0;0;0;0;0;0;7;28;2;96;0;0;2;2;13;70;0;0;0;100;0;0;0;0;0;0;1;1;1;0;2;7;3;5;29;54;2;8;2;3;3;5;0;0;0;0;0;0;0;0;0;0;0;0;0;0;0;0;0;0;0;0
28.05.2024;11:55;A 49;1;0;0;6;6;6;5;8;12;4;16;2;76;0;0;0;0;0;0;1;0;1;80;0;0;6;4;16;55;0;0;0;100;1;7;0;0;0;0;9;34;4;34;3;55;5;47;20;22;2;1;9;19;8;29;0;0;0;0;0;0;0;0;0;0;0;0;0;0;0;0;0;0;0;0
28.05.2024;11:54;A 49;1;0;0;7;9;3;3;2;3;8;15;6;73;0;0;0;0;0;0;5;3;6;57;0;0;3;4;7;58;0;0;1;78;1;2;1;17;0;0;7;11;6;4;3;58;5;15;5;11;2;38;7;14;3;5;0;0;0;0;0;0;0;0;0;0;0;0;0;0;0;0;0;0;0;0
28.05.2024;11:53;A 49;1;2;0;6;6;6;9;3;2;2;14;6;84;0;0;0;0;0;0;5;4;3;67;0;0;4;3;8;61;0;0;2;83;0;35;0;0;0;0;6;40;3;32;2;62;5;52;33;23;3;30;6;21;3;9;0;0;0;0;0;0;0;0;0;0;0;0;0;0;0;0;0;0;0;0
28.05.2024;11:52;A 49;1;1;0;7;7;8;8;5;15;3;42;6;86;0;0;0;0;0;0;5;5;2;59;0;0;2;0;10;56;0;0;5;90;2;51;1;0;0;0;16;28;6;3;4;73;6;46;53;37;4;21;10;49;8;15;0;0;0;0;0;0;0;0;0;0;0;0;0;0;0;0;0;0;0;0
28.05.2024;11:51;A 49;1;2;1;8;9;8;8;3;6;4;22;6;23;0;0;0;0;0;0;3;1;9;16;0;0;2;3;6;36;0;0;5;71;0;0;14;12;0;0;16;52;5;4;1;90;5;45;29;31;3;11;6;66;8;17;0;0;0;0;0;0;0;0;0;0;0;0;0;0;0;0;0;0;0;0
28.05.2024;11:50;A 49;1;0;0;2;2;1;0;1;1;1;3;2;6;0;0;0;0;0;0;2;1;1;5;0;0;2;4;5;56;0;0;1;72;0;0;13;30;0;0;4;10;3;1;2;74;3;39;73;65;2;16;5;68;6;15;0;0;0;0;0;0;0;0;0;0;0;0;0;0;0;0;0;0;0;0
28.05.2024;11:49;A 49;1;0;0;4;4;5;5;4;16;3;4;5;50;0;0;0;0;0;0;4;2;5;58;0;0;2;4;11;72;0;0;0;100;3;81;0;0;0;0;11;27;6;3;5;48;3;20;31;39;4;9;9;22;4;6;0;0;0;0;0;0;0;0;0;0;0;0;0;0;0;0;0;0;0;0
28.05.2024;11:48;A 49;1;1;0;7;8;7;10;9;17;5;25;2;77;0;0;0;0;0;0;0;0;1;81;0;0;2;0;11;56;1;0;2;88;6;63;0;0;0;0;12;55;8;8;3;90;8;44;37;58;9;29;11;69;5;21;0;0;0;0;0;0;0;0;0;0;0;0;0;0;0;0;0;0;0;0
28.05.2024;11:47;A 49;1;0;0;2;2;7;7;3;12;5;24;2;2;0;0;0;0;0;0;1;0;3;3;0;0;1;0;4;45;0;0;3;67;1;28;1;20;0;0;10;54;8;4;4;67;5;18;14;83;4;14;8;44;9;26;0;0;0;0;0;0;0;0;0;0;0;0;0;0;0;0;0;0;0;0
28.05.2024;11:46;A 49;1;0;0;4;4;5;8;6;7;5;17;8;14;0;0;0;0;0;0;5;28;1;86;0;0;3;1;7;51;0;0;1;77;0;0;2;5;0;0;7;11;4;2;6;31;5;19;30;67;3;5;7;20;5;12;0;0;0;0;0;0;0;0;0;0;0;0;0;0;0;0;0;0;0;0
28.05.2024;11:45;A 49;1;0;0;6;6;11;10;3;12;9;6;2;4;0;0;0;0;0;0;1;8;3;9;0;0;6;2;13;54;0;0;2;93;5;19;1;1;0;0;14;18;8;16;0;54;7;53;19;10;2;24;5;45;8;18;0;0;0;0;0;0;0;0;0;0;0;0;0;0;0;0;0;0;0;0
28.05.2024;11:44;A 49;1;0;0;3;3;6;6;1;0;5;9;4;40;0;0;0;0;0;0;3;3;0;47;0;0;3;2;3;2;0;0;2;18;0;0;0;0;0;0;7;9;4;5;3;55;6;43;16;12;7;12;11;40;5;13;0;0;0;0;0;0;0;0;0;0;0;0;0;0;0;0;0;0;0;0
28.05.2024;11:43;A 49;1;0;0;1;1;1;1;1;0;1;1;4;91;0;0;0;0;0;0;2;10;1;97;0;0;3;1;4;4;0;0;4;26;0;0;0;0;0;0;6;7;5;30;2;21;6;31;40;48;1;2;5;10;3;8;0;0;0;0;0;0;0;0;0;0;0;0;0;0;0;0;0;0;0;0
28.05.2024;11:42;A 49;1;0;0;7;8;6;8;1;0;5;8;4;80;0;0;0;0;0;0;3;6;3;84;0;0;3;1;9;66;0;0;1;98;0;0;0;0;0;0;12;17;5;3;5;45;5;15;44;39;5;6;11;28;5;7;0;0;0;0;0;0;0;0;0;0;0;0;0;0;0;0;0;0;0;0
28.05.2024;11:41;A 49;1;2;0;6;7;8;8;2;3;7;16;1;40;0;0;0;0;0;0;0;0;2;9;0;0;4;2;10;41;0;0;4;73;1;2;1;0;0;0;12;42;10;11;2;73;4;46;41;54;4;12;8;55;10;25;0;0;0;0;0;0;0;0;0;0;0;0;0;0;0;0;0;0;0;0
28.05.2024;11:40;A 49;1;2;0;5;5;8;6;1;24;7;30;2;2;0;0;0;0;0;0;1;78;2;3;0;0;6;5;10;14;0;0;4;54;4;12;2;8;0;0;10;57;4;3;5;69;9;52;25;32;0;0;7;57;8;13;0;0;0;0;0;0;0;0;0;0;0;0;0;0;0;0;0;0;0;0
28.05.2024;11:39;A 49;1;3;2;7;8;6;8;1;94;1;91;1;2;0;0;0;0;0;0;1;22;1;1;0;0;1;0;4;60;0;0;7;83;3;9;4;79;0;0;5;26;4;4;4;32;2;41;23;37;0;35;5;12;4;13;0;0;0;0;0;0;0;0;0;0;0;0;0;0;0;0;0;0;0;0
28.05.2024;11:38;A 49;1;0;0;3;2;6;5;3;38;5;37;7;18;0;0;0;0;0;0;5;53;4;72;0;0;1;0;10;24;0;0;2;63;2;11;8;28;0;0;13;29;5;3;3;60;8;18;33;36;4;2;6;49;6;9;0;0;0;0;0;0;0;0;0;0;0;0;0;0;0;0;0;0;0;0
28.05.2024;11:37;A 49;1;0;0;3;3;5;8;0;63;0;64;7;26;0;0;0;0;0;0;6;14;5;37;0;0;2;2;6;58;2;1;2;88;8;9;0;46;0;0;10;28;8;5;5;61;4;14;35;58;1;1;9;33;3;9;0;0;0;0;0;0;0;0;0;0;0;0;0;0;0;0;0;0;0;0
28.05.2024;11:36;A 49;1;2;1;5;5;6;5;0;100;0;100;2;24;0;0;0;0;0;0;0;21;2;6;0;0;2;0;11;68;1;0;1;93;29;30;2;60;0;0;13;30;4;5;5;81;11;45;10;97;5;31;12;52;9;19;0;0;0;0;0;0;0;0;0;0;0;0;0;0;0;0;0;0;0;0
28.05.2024;11:35;A 49;1;1;0;4;4;4;3;3;33;1;23;6;71;0;0;0;0;0;0;4;61;5;20;0;0;2;0;12;70;2;0;0;100;4;8;2;60;0;0;39;29;3;11;5;74;4;41;6;61;2;9;8;57;6;9;0;0;0;0;0;0;0;0;0;0;0;0;0;0;0;0;0;0;0;0
28.05.2024;11:34;A 49;1;0;0;4;4;6;11;1;0;6;16;2;62;0;0;0;0;0;0;1;1;3;45;0;0;3;2;10;75;0;0;0;100;1;77;1;51;0;0;9;15;9;8;6;73;7;38;5;9;4;9;11;37;6;20;0;0;0;0;0;0;0;0;0;0;0;0;0;0;0;0;0;0;0;0
28.05.2024;11:33;A 49;1;3;1;4;4;7;8;2;3;4;8;3;46;0;0;0;0;0;0;2;4;5;40;0;0;1;0;6;46;0;0;2;76;1;27;0;0;0;0;10;48;3;2;4;76;6;60;4;11;4;7;10;26;6;14;0;0;0;0;0;0;0;0;0;0;0;0;0;0;0;0;0;0;0;0
28.05.2024;11:32;A 49;1;2;1;2;2;3;3;4;4;1;1;3;6;0;0;0;0;0;0;2;2;3;41;0;0;1;0;13;41;0;0;2;90;1;7;0;0;0;0;5;31;1;0;3;47;4;8;27;24;0;0;5;10;3;7;0;0;0;0;0;0;0;0;0;0;0;0;0;0;0;0;0;0;0;0
28.05.2024;11:31;A 49;1;2;0;7;8;4;3;4;8;3;3;9;21;0;0;0;0;0;0;6;55;2;84;0;0;2;0;6;34;0;0;2;60;2;6;0;0;0;0;8;16;1;1;5;46;4;9;19;7;3;1;8;17;2;4;0;0;0;0;0;0;0;0;0;0;0;0;0;0;0;0;0;0;0;0
28.05.2024;11:30;A 49;1;1;2;8;11;9;10;4;12;7;8;7;53;0;0;0;0;0;0;4;29;2;93;0;0;0;0;4;19;0;0;3;35;1;1;1;33;0;0;10;12;2;2;3;38;5;17;32;36;3;5;8;25;6;15;0;0;0;0;0;0;0;0;0;0;0;0;0;0;0;0;0;0;0;0
28.05.2024;11:29;A 49;1;0;0;0;0;2;1;0;0;0;0;1;42;0;0;0;0;0;0;0;0;1;45;0;0;3;5;9;62;0;0;1;83;1;3;3;9;1;0;4;49;1;0;3;45;1;26;1;34;2;13;6;28;6;7;0;0;0;0;0;0;0;0;0;0;0;0;0;0;0;0;0;0;0;0
28.05.2024;11:28;A 49;1;0;0;5;5;4;5;5;5;4;8;4;24;0;0;0;0;0;0;2;2;1;17;0;0;2;1;8;55;0;0;1;88;0;0;1;0;0;0;10;47;3;2;6;77;5;20;23;48;3;2;11;30;3;9;0;0;0;0;0;0;0;0;0;0;0;0;0;0;0;0;0;0;0;0
28.05.2024;11:27;A 49;1;0;0;3;2;5;6;1;1;5;11;6;87;0;0;0;0;0;0;3;4;2;95;0;0;3;1;10;50;0;0;2;73;1;9;1;2;0;0;3;4;2;2;1;5;4;7;21;46;2;28;2;3;5;10;0;0;0;0;0;0;0;0;0;0;0;0;0;0;0;0;0;0;0;0
28.05.2024;11:26;A 49;1;0;0;5;5;6;5;5;3;4;5;3;90;0;0;0;0;0;0;6;4;1;99;0;0;7;3;12;38;0;0;7;60;1;4;1;28;0;0;9;21;5;5;4;50;6;23;7;98;4;3;12;28;5;11;0;0;0;0;0;0;0;0;0;0;0;0;0;0;0;0;0;0;0;0
28.05.2024;11:25;A 49;1;2;1;9;11;7;8;3;12;4;1;7;86;0;0;0;0;0;0;5;5;4;61;0;0;2;1;7;27;0;0;1;46;0;0;1;1;0;0;13;47;8;3;2;73;4;18;14;90;10;53;10;46;5;15;0;0;0;0;0;0;0;0;0;0;0;0;0;0;0;0;0;0;0;0
28.05.2024;11:24;A 49;1;0;0;4;4;10;8;1;6;4;17;28;57;0;0;0;0;0;0;2;45;5;68;0;0;0;0;3;44;0;0;2;59;1;5;0;0;0;0;20;48;5;3;0;100;5;44;24;52;3;22;6;85;3;6;0;0;0;0;0;0;0;0;0;0;0;0;0;0;0;0;0;0;0;0
28.05.2024;11:23;A 49;1;0;0;3;3;7;9;3;6;7;19;7;83;0;0;0;0;0;0;6;33;4;84;0;0;2;1;6;54;0;0;4;71;2;4;1;0;0;0;13;48;8;10;4;76;7;45;25;67;7;16;12;60;8;21;0;0;0;0;0;0;0;0;0;0;0;0;0;0;0;0;0;0;0;0
28.05.2024;11:22;A 49;1;0;0;8;8;9;9;7;12;9;24;38;61;0;0;0;0;0;0;3;15;6;56;0;0;1;8;6;55;0;0;2;73;6;44;2;9;1;0;13;18;7;7;2;68;5;47;60;70;3;18;12;53;6;12;0;0;0;0;0;0;0;0;0;0;0;0;0;0;0;0;0;0;0;0
28.05.2024;11:21;A 49;1;0;0;2;2;5;4;0;1;2;15;24;18;0;0;0;0;0;0;3;39;1;12;0;0;0;0;3;23;0;0;4;30;0;0;1;3;0;0;12;39;2;2;3;75;5;53;33;46;1;5;9;65;7;23;0;0;0;0;0;0;0;0;0;0;0;0;0;0;0;0;0;0;0;0
28.05.2024;11:20;A 49;1;0;0;2;2;7;10;1;10;3;24;41;19;0;0;0;0;0;0;2;1;2;35;0;0;2;3;3;4;0;0;2;15;1;3;2;1;0;0;11;20;9;4;3;68;3;59;18;28;3;23;10;43;8;26;0;0;0;0;0;0;0;0;0;0;0;0;0;0;0;0;0;0;0;0
28.05.2024;11:19;A 49;1;0;0;4;4;6;5;4;12;5;20;23;15;0;0;0;0;0;0;158;48;0;100;0;0;8;5;12;14;0;0;2;50;2;7;0;0;0;0;16;61;7;7;1;96;3;43;3;10;2;15;3;89;6;14;0;0;0;0;0;0;0;0;0;0;0;0;0;0;0;0;0;0;0;0
28.05.2024;11:18;A 49;1;1;0;2;1;8;7;0;60;1;63;4;8;0;0;0;0;0;0;2;30;3;12;0;0;1;0;3;46;0;0;2;68;1;7;0;0;0;0;13;59;6;6;2;94;8;19;5;3;1;17;11;85;5;29;0;0;0;0;0;0;0;0;0;0;0;0;0;0;0;0;0;0;0;0
28.05.2024;11:17;A 49;1;1;0;3;4;5;5;0;100;0;100;10;33;0;0;0;0;0;0;2;2;2;7;0;0;1;0;8;31;0;0;2;55;0;3;0;0;0;0;18;54;14;23;0;100;8;60;5;48;2;14;9;85;6;13;0;0;0;0;0;0;0;0;0;0;0;0;0;0;0;0;0;0;0;0
28.05.2024;11:16;A 49;1;2;1;5;6;3;5;0;100;0;100;145;24;0;0;0;0;0;0;0;0;0;0;0;0;1;1;4;30;0;0;2;38;1;3;2;7;1;0;6;9;1;26;6;54;3;40;0;100;4;15;12;33;7;16;0;0;0;0;0;0;0;0;0;0;0;0;0;0;0;0;0;0;0;0
28.05.2024;11:15;A 49;1;2;1;2;2;1;0;0;100;0;100;104;38;0;0;0;0;0;0;1;0;2;33;0;0;3;1;10;57;0;0;3;92;2;14;0;50;0;0;6;6;1;0;3;22;4;7;0;100;0;0;5;9;2;4;0;0;0;0;0;0;0;0;0;0;0;0;0;0;0;0;0;0;0;0
28.05.2024;11:14;A 49;1;0;0;1;0;3;2;0;100;0;100;4;72;0;0;0;0;0;0;3;2;3;75;0;0;6;4;15;72;0;0;1;99;5;53;0;100;0;0;2;3;0;0;3;10;2;5;0;100;1;0;3;5;1;1;0;0;0;0;0;0;0;0;0;0;0;0;0;0;0;0;0;0;0;0
28.05.2024;11:13;A 49;1;1;0;2;2;2;1;0;100;1;13;4;8;0;0;0;0;0;0;3;3;1;7;0;0;0;0;0;0;0;0;1;9;1;3;1;83;0;0;5;9;2;1;1;21;2;3;1;99;1;2;4;14;4;7;0;0;0;0;0;0;0;0;0;0;0;0;0;0;0;0;0;0;0;0
28.05.2024;11:12;A 49;1;2;1;7;9;3;2;4;29;5;12;0;0;0;0;0;0;0;0;0;0;1;1;0;0;3;1;6;4;0;0;4;33;1;3;3;76;0;0;8;14;3;3;4;72;3;54;24;93;7;16;4;16;5;14;0;0;0;0;0;0;0;0;0;0;0;0;0;0;0;0;0;0;0;0
28.05.2024;11:11;A 49;1;0;0;4;4;5;5;4;18;5;17;5;48;0;0;0;0;0;0;2;1;2;30;0;0;2;0;7;24;0;0;1;44;0;0;0;0;0;0;8;20;1;1;9;45;5;12;6;13;1;1;9;17;5;7;0;0;0;0;0;0;0;0;0;0;0;0;0;0;0;0;0;0;0;0
28.05.2024;11:10;A 49;1;1;0;3;3;5;5;2;52;5;17;6;13;0;0;0;0;0;0;3;1;3;11;0;0;2;3;8;77;0;0;1;99;1;10;0;90;0;0;8;39;3;33;1;55;2;7;9;38;1;31;3;13;3;6;0;0;0;0;0;0;0;0;0;0;0;0;0;0;0;0;0;0;0;0
28.05.2024;11:09;A 49;1;1;0;7;8;9;13;1;90;6;53;8;34;0;0;0;0;0;0;6;26;4;46;0;0;0;0;6;81;0;0;1;99;3;29;0;100;0;0;15;33;8;29;3;73;7;25;3;78;2;8;15;50;8;23;0;0;0;0;0;0;0;0;0;0;0;0;0;0;0;0;0;0;0;0
28.05.2024;11:08;A 49;1;0;0;4;4;4;3;0;100;4;24;61;67;0;0;0;0;0;0;2;41;2;50;0;0;2;1;4;7;0;0;2;29;0;93;0;100;0;0;11;44;4;2;5;72;8;24;7;46;1;5;11;38;5;12;0;0;0;0;0;0;0;0;0;0;0;0;0;0;0;0;0;0;0;0
28.05.2024;11:07;A 49;1;2;0;5;5;4;4;0;100;0;100;40;31;0;0;0;0;0;0;4;3;3;22;0;0;0;0;4;45;0;0;3;71;0;100;0;100;1;0;3;4;5;8;3;14;4;43;1;94;1;28;6;10;5;15;0;0;0;0;0;0;0;0;0;0;0;0;0;0;0;0;0;0;0;0
28.05.2024;11:06;A 49;1;1;0;3;3;5;8;0;100;2;39;5;79;0;0;0;0;0;0;1;0;5;84;0;0;2;1;6;40;0;0;2;30;1;17;2;41;0;0;6;9;7;14;4;44;8;50;17;66;5;20;8;22;6;16;0;0;0;0;0;0;0;0;0;0;0;0;0;0;0;0;0;0;0;0
28.05.2024;11:05;A 49;1;0;0;3;2;7;6;4;6;4;25;3;35;0;0;0;0;0;0;0;0;3;34;0;0;3;1;3;11;0;0;4;41;0;0;6;50;0;0;9;44;3;35;4;69;5;54;0;58;3;16;9;18;4;9;0;0;0;0;0;0;0;0;0;0;0;0;0;0;0;0;0;0;0;0
28.05.2024;11:04;A 49;1;0;0;4;4;3;4;1;68;3;49;3;63;0;0;0;0;0;0;2;57;2;48;0;0;3;0;7;6;0;0;3;39;2;5;1;64;0;0;12;38;2;1;1;63;4;15;7;47;1;2;7;55;3;10;0;0;0;0;0;0;0;0;0;0;0;0;0;0;0;0;0;0;0;0
28.05.2024;11:03;A 49;1;1;0;7;8;11;14;0;100;0;100;1;56;0;0;0;0;0;0;2;7;1;56;0;0;0;0;3;4;0;0;2;17;1;7;0;100;0;0;7;26;3;2;3;49;3;34;16;45;1;29;8;28;7;20;0;0;0;0;0;0;0;0;0;0;0;0;0;0;0;0;0;0;0;0
28.05.2024;11:02;A 49;1;0;0;5;3;4;4;3;70;1;30;8;56;0;0;0;0;0;0;5;4;2;58;0;0;0;0;2;12;1;0;1;24;0;0;1;36;0;0;9;26;3;2;7;51;4;20;49;66;6;30;9;22;4;7;0;0;0;0;0;0;0;0;0;0;0;0;0;0;0;0;0;0;0;0
28.05.2024;11:01;A 49;1;0;0;1;1;3;3;1;61;0;74;2;93;0;0;0;0;0;0;1;30;0;100;0;0;1;0;7;33;1;0;3;62;1;0;2;2;0;0;12;15;6;6;5;51;4;40;3;33;0;3;9;26;2;5;0;0;0;0;0;0;0;0;0;0;0;0;0;0;0;0;0;0;0;0
28.05.2024;11:00;A 49;1;0;0;1;0;4;5;0;0;6;14;2;52;0;0;0;0;0;0;2;48;2;57;0;0;1;0;13;51;0;0;3;90;2;7;5;68;0;0;4;24;2;27;4;39;3;3;9;90;3;3;9;17;4;10;0;0;0;0;0;0;0;0;0;0;0;0;0;0;0;0;0;0;0;0
28.05.2024;10:59;A 49;1;0;0;2;2;4;3;3;3;5;12;25;7;0;0;0;0;0;0;0;0;0;0;0;0;5;4;7;49;0;0;4;86;2;12;0;0;0;0;7;12;3;3;3;31;6;12;29;65;0;0;9;18;3;9;0;0;0;0;0;0;0;0;0;0;0;0;0;0;0;0;0;0;0;0
28.05.2024;10:58;A 49;1;3;1;8;8;9;10;3;1;5;17;3;81;0;0;0;0;0;0;1;1;3;87;0;0;6;3;10;46;0;0;2;69;1;40;0;0;0;0;7;14;5;3;5;39;8;43;21;37;3;12;12;24;11;34;0;0;0;0;0;0;0;0;0;0;0;0;0;0;0;0;0;0;0;0
28.05.2024;10:57;A 49;1;2;0;6;6;7;11;0;0;4;14;56;24;0;0;0;0;0;0;7;5;2;85;0;0;1;0;6;50;0;0;1;69;5;61;1;5;0;0;6;28;6;24;3;46;6;45;1;6;3;28;5;14;5;14;0;0;0;0;0;0;0;0;0;0;0;0;0;0;0;0;0;0;0;0
28.05.2024;10:56;A 49;1;1;0;14;17;9;11;7;24;9;17;8;62;0;0;0;0;0;0;5;30;4;74;0;0;1;0;5;62;0;0;4;47;2;19;1;1;1;0;9;13;1;0;4;48;4;11;2;4;4;37;6;28;20;31;0;0;0;0;0;0;0;0;0;0;0;0;0;0;0;0;0;0;0;0
28.05.2024;10:55;A 49;1;2;1;9;11;9;9;7;17;3;16;5;82;0;0;0;0;0;0;4;73;5;47;0;0;2;1;7;29;0;0;1;46;2;12;0;0;1;1;3;8;4;6;2;39;2;16;10;19;1;21;5;12;6;38;0;0;0;0;0;0;0;0;0;0;0;0;0;0;0;0;0;0;0;0
28.05.2024;10:54;A 49;1;3;1;6;7;5;13;3;4;6;32;5;41;0;0;0;0;0;0;4;6;3;13;0;0;2;1;7;65;0;0;2;62;1;3;1;6;0;0;13;55;4;4;1;86;5;56;10;26;4;20;9;46;9;37;0;0;0;0;0;0;0;0;0;0;0;0;0;0;0;0;0;0;0;0
28.05.2024;10:53;A 49;1;0;0;3;3;4;3;1;1;3;1;3;63;0;0;0;0;0;0;0;0;2;5;0;0;5;12;14;75;0;0;0;99;2;21;0;0;0;0;7;12;2;4;1;93;4;11;9;2;0;0;6;56;5;11;0;0;0;0;0;0;0;0;0;0;0;0;0;0;0;0;0;0;0;0
28.05.2024;10:52;A 49;1;1;0;6;6;6;9;2;5;4;11;5;57;0;0;0;0;0;0;3;52;2;54;0;0;1;0;2;12;0;0;2;28;3;10;0;0;0;0;7;14;9;11;2;33;7;25;10;22;3;4;8;23;7;16;0;0;0;0;0;0;0;0;0;0;0;0;0;0;0;0;0;0;0;0
28.05.2024;10:51;A 49;1;2;1;4;4;4;5;5;5;3;12;99;25;0;0;0;0;0;0;1;0;3;7;0;0;6;2;12;23;1;1;2;67;0;0;1;72;0;0;5;39;5;5;6;28;6;52;14;15;5;21;6;16;6;18;0;0;0;0;0;0;0;0;0;0;0;0;0;0;0;0;0;0;0;0
28.05.2024;10:50;A 49;1;1;0;8;10;7;6;4;9;3;7;8;72;0;0;0;0;0;0;4;65;4;48;0;0;1;0;5;3;0;0;2;18;0;0;5;21;0;0;15;23;3;3;1;84;5;24;7;19;0;0;7;37;6;12;0;0;0;0;0;0;0;0;0;0;0;0;0;0;0;0;0;0;0;0
28.05.2024;10:49;A 49;1;2;1;7;7;7;10;3;7;4;26;12;13;0;0;0;0;0;0;3;3;3;13;0;0;3;2;7;8;0;0;0;25;1;7;0;0;0;0;11;23;2;2;5;55;6;39;4;8;1;27;11;39;6;8;0;0;0;0;0;0;0;0;0;0;0;0;0;0;0;0;0;0;0;0
28.05.2024;10:48;A 49;1;0;0;5;5;8;7;3;8;4;11;2;2;0;0;0;0;0;0;2;1;2;3;0;0;1;0;7;54;0;0;2;84;4;49;0;0;0;0;9;23;5;4;5;47;7;17;0;0;3;22;9;22;7;14;0;0;0;0;0;0;0;0;0;0;0;0;0;0;0;0;0;0;0;0
28.05.2024;10:47;A 49;1;0;0;1;2;2;3;3;6;2;12;2;17;0;0;0;0;0;0;3;2;2;16;0;0;1;0;7;66;0;0;2;88;2;6;0;0;0;0;7;26;3;30;6;51;4;21;3;9;2;3;11;26;5;11;0;0;0;0;0;0;0;0;0;0;0;0;0;0;0;0;0;0;0;0
28.05.2024;10:46;A 49;1;1;0;3;3;6;6;1;4;3;4;9;21;0;0;0;0;0;0;8;6;5;30;0;0;2;4;5;53;0;0;3;61;2;6;1;2;0;0;10;37;1;2;5;58;4;19;11;35;4;8;9;22;7;28;0;0;0;0;0;0;0;0;0;0;0;0;0;0;0;0;0;0;0;0
28.05.2024;10:45;A 49;1;0;0;7;8;6;5;3;4;3;2;7;75;0;0;0;0;0;0;1;0;3;76;0;0;1;0;6;32;0;0;5;60;2;4;0;0;0;0;11;44;4;10;1;72;5;42;12;57;1;14;8;58;10;21;0;0;0;0;0;0;0;0;0;0;0;0;0;0;0;0;0;0;0;0
28.05.2024;10:44;A 49;1;1;0;8;10;8;6;4;9;3;8;8;79;0;0;0;0;0;0;2;1;2;86;0;0;2;0;5;26;0;0;2;39;0;29;0;0;0;0;8;15;5;20;6;70;5;45;5;86;4;17;8;52;6;13;0;0;0;0;0;0;0;0;0;0;0;0;0;0;0;0;0;0;0;0
28.05.2024;10:43;A 49;1;1;0;5;6;5;4;3;3;2;2;63;18;0;0;0;0;0;0;0;0;0;0;0;0;2;1;13;71;0;0;0;100;3;70;1;57;0;0;6;41;1;31;3;58;3;43;0;0;1;7;5;10;1;1;0;0;0;0;0;0;0;0;0;0;0;0;0;0;0;0;0;0;0;0
28.05.2024;10:42;A 49;1;1;0;7;10;3;2;4;7;2;2;8;39;0;0;0;0;0;0;5;5;4;50;0;0;0;0;7;45;0;0;2;50;5;21;0;0;1;1;9;31;4;10;4;55;3;15;8;7;0;0;9;25;3;6;0;0;0;0;0;0;0;0;0;0;0;0;0;0;0;0;0;0;0;0
28.05.2024;10:41;A 49;1;0;0;3;3;11;11;2;0;6;28;2;31;0;0;0;0;0;0;2;1;0;35;0;0;1;0;6;9;0;0;3;40;2;8;1;1;0;0;11;51;9;11;2;72;3;31;5;54;1;11;9;35;7;14;0;0;0;0;0;0;0;0;0;0;0;0;0;0;0;0;0;0;0;0
28.05.2024;10:40;A 49;1;1;0;6;6;4;6;5;13;4;10;7;83;0;0;0;0;0;0;4;4;2;95;0;0;1;2;7;61;0;0;2;73;1;2;2;1;0;0;9;54;6;45;5;59;10;48;12;25;2;15;10;47;9;20;0;0;0;0;0;0;0;0;0;0;0;0;0;0;0;0;0;0;0;0
28.05.2024;10:39;A 49;1;1;0;3;3;4;3;1;1;0;7;2;66;0;0;0;0;0;0;0;0;2;72;0;0;5;5;5;41;0;0;3;64;3;5;1;0;0;0;11;78;2;2;2;82;2;59;13;12;1;2;7;56;5;7;0;0;0;0;0;0;0;0;0;0;0;0;0;0;0;0;0;0;0;0
28.05.2024;10:38;A 49;1;1;0;7;7;7;7;3;7;4;1;5;71;0;0;0;0;0;0;2;2;5;64;0;0;1;0;6;53;0;0;3;93;2;11;0;0;0;0;11;18;6;11;3;81;13;36;5;4;1;23;13;36;7;12;0;0;0;0;0;0;0;0;0;0;0;0;0;0;0;0;0;0;0;0
28.05.2024;10:37;A 49;1;1;0;1;1;8;8;0;0;3;14;4;76;0;0;0;0;0;0;4;5;7;30;0;0;7;3;11;45;0;0;4;86;7;18;0;0;0;0;8;43;7;6;6;69;5;14;5;5;1;1;11;23;8;16;0;0;0;0;0;0;0;0;0;0;0;0;0;0;0;0;0;0;0;0
28.05.2024;10:36;A 49;1;0;0;7;8;10;13;6;15;3;19;3;79;0;0;0;0;0;0;3;2;1;82;0;0;1;0;13;57;0;0;1;57;1;7;0;0;0;0;8;16;8;30;5;43;7;32;25;49;1;10;9;27;6;15;0;0;0;0;0;0;0;0;0;0;0;0;0;0;0;0;0;0;0;0
28.05.2024;10:35;A 49;1;2;1;2;2;12;18;3;2;6;15;8;70;0;0;0;0;0;0;6;3;6;79;0;0;2;1;4;52;0;0;1;70;3;9;2;8;0;0;4;18;6;4;1;28;4;44;16;20;5;31;4;9;7;55;0;0;0;0;0;0;0;0;0;0;0;0;0;0;0;0;0;0;0;0
28.05.2024;10:34;A 49;1;1;0;5;5;7;8;4;3;5;17;6;65;0;0;0;0;0;0;2;1;4;78;0;0;1;1;2;66;0;0;2;61;0;0;0;25;0;0;17;44;8;4;6;76;9;46;11;61;2;2;14;37;11;27;0;0;0;0;0;0;0;0;0;0;0;0;0;0;0;0;0;0;0;0
28.05.2024;10:33;A 49;1;0;0;1;1;4;4;1;0;2;6;5;6;0;0;0;0;0;0;4;2;4;10;0;0;2;1;6;63;0;0;3;84;2;8;1;10;0;0;54;31;2;3;5;65;5;13;10;8;1;2;9;30;6;12;0;0;0;0;0;0;0;0;0;0;0;0;0;0;0;0;0;0;0;0
28.05.2024;10:32;A 49;1;2;1;4;4;6;5;1;1;3;4;3;9;0;0;0;0;0;0;3;5;0;12;0;0;4;2;10;59;0;0;1;84;3;24;1;1;0;0;8;12;11;16;3;69;7;53;15;11;2;1;11;45;8;29;0;0;0;0;0;0;0;0;0;0;0;0;0;0;0;0;0;0;0;0
28.05.2024;10:31;A 49;1;1;0;7;7;3;3;3;1;4;3;5;80;0;0;0;0;0;0;4;2;4;92;0;0;2;15;7;14;0;0;3;36;1;2;1;59;0;0;8;13;3;5;4;43;6;30;12;23;1;17;7;15;7;14;0;0;0;0;0;0;0;0;0;0;0;0;0;0;0;0;0;0;0;0
28.05.2024;10:30;A 49;1;2;0;7;8;7;7;1;0;4;11;3;92;0;0;0;0;0;0;1;89;1;98;0;0;3;4;7;15;0;0;2;40;3;4;0;0;0;0;11;16;7;3;6;72;9;50;3;1;5;47;8;60;7;16;0;0;0;0;0;0;0;0;0;0;0;0;0;0;0;0;0;0;0;0
28.05.2024;10:29;A 49;1;0;0;6;6;8;6;3;4;4;7;8;83;0;0;0;0;0;0;4;73;4;92;0;0;0;0;9;66;1;0;3;91;4;12;0;0;0;0;9;33;6;7;1;58;5;20;15;13;3;21;7;20;7;12;0;0;0;0;0;0;0;0;0;0;0;0;0;0;0;0;0;0;0;0
28.05.2024;10:28;A 49;1;2;1;8;9;11;14;5;14;5;31;6;85;0;0;1;0;1;0;4;18;2;96;1;1;1;0;11;17;0;0;1;43;3;9;4;6;0;0;8;26;10;9;4;49;6;22;8;32;4;19;5;42;7;32;0;0;0;0;0;0;0;0;0;0;0;0;0;0;0;0;0;0;0;0
28.05.2024;10:27;A 49;1;1;0;7;6;8;12;8;16;6;28;5;39;0;0;0;0;0;0;3;3;3;72;0;0;2;2;11;53;0;0;1;87;0;9;0;0;0;0;15;57;5;6;3;95;6;35;14;23;4;7;12;53;10;30;0;0;0;0;0;0;0;0;0;0;0;0;0;0;0;0;0;0;0;0
28.05.2024;10:26;A 49;1;0;0;3;2;6;8;1;1;6;10;6;21;0;0;0;0;0;0;2;1;3;76;0;0;1;0;6;70;0;0;1;98;2;82;1;59;0;0;8;48;3;2;5;69;6;26;28;41;1;2;10;39;9;15;0;0;0;0;0;0;0;0;0;0;0;0;0;0;0;0;0;0;0;0
28.05.2024;10:25;A 49;1;1;0;2;2;10;12;1;0;4;22;6;20;0;0;0;0;0;0;4;64;6;91;0;0;3;5;7;59;0;0;6;70;5;34;3;31;0;0;7;49;3;1;4;70;9;62;12;52;1;6;10;23;11;31;0;0;0;0;0;0;0;0;0;0;0;0;0;0;0;0;0;0;0;0
28.05.2024;10:24;A 49;1;2;2;4;6;7;7;4;7;6;12;3;82;0;0;0;0;0;0;2;1;4;85;0;0;3;0;7;8;0;0;2;30;3;8;1;0;0;0;7;28;7;30;4;46;7;45;20;12;2;20;8;22;13;27;0;0;0;0;0;0;0;0;0;0;0;0;0;0;0;0;0;0;0;0
28.05.2024;10:23;A 49;1;2;0;6;7;3;6;3;14;3;5;6;81;0;0;0;0;0;0;2;2;3;88;0;0;0;0;4;15;0;0;2;30;1;3;1;6;0;0;6;20;3;25;4;39;8;25;9;46;2;36;6;17;4;7;0;0;0;0;0;0;0;0;0;0;0;0;0;0;0;0;0;0;0;0
28.05.2024;10:22;A 49;1;0;0;7;6;8;9;1;1;5;27;7;85;0;0;0;0;0;0;5;35;2;95;0;0;3;2;11;22;0;0;1;53;3;10;1;2;0;0;6;7;3;33;8;21;6;52;4;30;2;38;8;14;6;39;0;0;0;0;0;0;0;0;0;0;0;0;0;0;0;0;0;0;0;0
28.05.2024;10:21;A 49;1;0;0;6;6;6;8;3;4;3;11;7;84;0;0;0;0;0;0;8;20;4;92;0;0;3;2;11;35;0;0;1;70;2;32;3;3;0;0;16;10;5;6;3;29;5;17;3;50;2;3;6;16;8;19;0;0;0;0;0;0;0;0;0;0;0;0;0;0;0;0;0;0;0;0
28.05.2024;10:20;A 49;1;1;0;3;4;4;4;3;8;4;3;8;80;1;0;0;0;0;0;6;5;3;94;1;6;2;5;5;67;0;0;2;86;6;51;3;3;0;0;7;6;2;1;2;22;3;6;10;26;0;0;3;6;5;10;0;0;0;0;0;0;0;0;0;0;0;0;0;0;0;0;0;0;0;0
28.05.2024;10:19;A 49;1;0;0;3;3;4;4;1;1;3;17;3;65;0;0;0;0;0;0;1;1;3;71;0;0;1;2;8;66;0;0;2;90;3;70;1;1;0;0;4;55;6;4;3;53;2;8;2;95;1;0;5;10;4;9;0;0;0;0;0;0;0;0;0;0;0;0;0;0;0;0;0;0;0;0
28.05.2024;10:18;A 49;1;3;1;7;8;6;10;3;2;3;6;8;83;0;0;0;0;0;0;6;6;2;96;0;0;1;1;6;35;0;0;4;54;1;3;1;8;0;0;50;18;3;27;6;46;3;44;3;85;4;26;13;47;7;18;0;0;0;0;0;0;0;0;0;0;0;0;0;0;0;0;0;0;0;0
28.05.2024;10:17;A 49;1;1;0;4;5;7;6;0;0;4;13;5;86;0;0;0;0;0;0;4;3;7;85;0;0;2;0;8;32;0;0;2;66;2;2;0;0;0;0;8;20;7;5;4;41;9;25;2;9;1;0;9;28;7;14;0;0;0;0;0;0;0;0;0;0;0;0;0;0;0;0;0;0;0;0
28.05.2024;10:16;A 49;1;1;0;2;2;5;5;0;3;4;4;4;80;1;0;0;0;0;0;2;77;4;45;1;4;4;1;9;30;0;0;3;61;1;2;0;0;0;0;8;28;6;6;4;50;4;46;3;3;2;12;6;14;6;9;0;0;0;0;0;0;0;0;0;0;0;0;0;0;0;0;0;0;0;0
28.05.2024;10:15;A 49;1;2;1;4;4;8;9;7;17;4;13;5;75;0;0;0;0;0;0;3;3;2;85;0;0;2;0;6;47;0;0;3;58;1;6;0;0;0;0;4;9;7;6;0;46;6;45;17;20;1;0;3;39;8;14;0;0;0;0;0;0;0;0;0;0;0;0;0;0;0;0;0;0;0;0
28.05.2024;10:14;A 49;1;0;0;5;4;3;2;4;12;1;4;2;14;0;0;0;0;0;0;1;0;2;19;0;0;2;0;7;49;0;0;2;77;2;6;0;0;0;0;5;10;2;2;2;39;3;17;2;61;0;0;7;17;4;8;0;0;0;0;0;0;0;0;0;0;0;0;0;0;0;0;0;0;0;0
28.05.2024;10:13;A 49;1;1;0;4;4;7;7;3;21;5;33;8;45;0;0;0;0;0;0;7;5;2;57;0;0;1;0;4;52;0;0;2;52;0;0;1;5;0;0;9;23;7;7;7;54;6;22;2;7;3;4;10;26;6;11;0;0;0;0;0;0;0;0;0;0;0;0;0;0;0;0;0;0;0;0
28.05.2024;10:12;A 49;1;3;1;3;3;6;6;1;61;5;27;6;80;0;0;0;0;0;0;6;7;3;94;0;3;1;0;7;59;0;0;2;86;5;13;1;2;0;0;9;40;10;9;5;49;6;36;5;49;2;41;9;28;6;12;0;0;0;0;0;0;0;0;0;0;0;0;0;0;0;0;0;0;0;0
28.05.2024;10:11;A 49;1;0;0;0;0;3;5;1;6;0;100;7;84;0;0;0;0;0;0;4;3;3;98;1;4;2;1;7;23;0;0;3;68;5;11;1;4;0;0;7;40;1;2;2;71;5;24;8;73;1;2;6;16;3;5;0;0;0;0;0;0;0;0;0;0;0;0;0;0;0;0;0;0;0;0
28.05.2024;10:10;A 49;1;0;0;3;3;8;8;3;12;9;32;1;72;0;0;0;0;0;0;1;31;1;75;0;0;1;0;10;48;0;0;2;77;4;9;2;6;0;0;8;16;6;5;5;52;6;27;40;36;1;2;8;29;5;11;0;0;0;0;0;0;0;0;0;0;0;0;0;0;0;0;0;0;0;0
28.05.2024;10:09;A 49;1;2;1;9;10;11;10;2;93;2;41;1;94;0;0;0;0;0;0;0;0;0;94;0;0;4;8;9;72;1;0;0;100;6;32;2;6;0;0;11;56;7;4;6;69;5;78;9;11;2;38;9;26;10;21;0;0;0;0;0;0;0;0;0;0;0;0;0;0;0;0;0;0;0;0
28.05.2024;10:08;A 49;1;1;0;5;5;7;8;2;68;3;40;6;21;0;0;0;0;0;0;3;12;6;28;0;0;2;3;8;49;0;0;0;100;0;100;1;17;0;0;6;28;7;8;5;31;6;30;5;13;2;11;10;19;9;15;0;0;0;0;0;0;0;0;0;0;0;0;0;0;0;0;0;0;0;0
28.05.2024;10:07;A 49;1;0;0;6;4;8;10;9;67;3;44;1;2;0;0;0;0;0;0;1;20;0;58;0;0;2;0;14;69;0;0;0;100;8;62;1;2;0;0;9;24;5;3;2;46;6;20;8;12;1;27;8;27;4;7;0;0;0;0;0;0;0;0;0;0;0;0;0;0;0;0;0;0;0;0
28.05.2024;10:06;A 49;1;2;1;12;15;10;14;4;50;2;54;9;45;0;0;0;0;0;0;6;37;7;61;0;0;1;1;4;49;0;0;1;72;3;20;2;12;0;0;15;43;7;15;6;58;9;32;5;82;4;29;13;52;6;14;0;0;0;0;0;0;0;0;0;0;0;0;0;0;0;0;0;0;0;0
28.05.2024;10:05;A 49;1;0;0;2;2;2;2;0;100;0;18;1;75;0;0;0;0;0;0;1;0;2;72;0;0;1;4;4;20;0;0;0;61;8;35;2;2;0;0;7;61;1;2;3;82;2;74;10;27;1;61;8;51;8;23;0;0;0;0;0;0;0;0;0;0;0;0;0;0;0;0;0;0;0;0
28.05.2024;10:04;A 49;1;0;0;1;1;6;6;0;100;0;100;3;53;0;0;0;0;0;0;1;0;4;9;0;0;3;2;7;62;0;0;2;87;5;16;2;8;0;0;6;30;2;0;3;50;4;31;22;81;1;22;9;19;5;17;0;0;0;0;0;0;0;0;0;0;0;0;0;0;0;0;0;0;0;0
28.05.2024;10:03;A 49;1;1;0;6;7;6;7;1;28;3;95;4;90;0;0;0;0;0;0;4;4;2;12;0;0;1;0;9;48;0;0;1;96;3;4;1;0;0;0;10;51;3;2;5;71;6;25;1;95;3;20;10;22;5;11;0;0;0;0;0;0;0;0;0;0;0;0;0;0;0;0;0;0;0;0
28.05.2024;10:02;A 49;1;1;0;3;3;8;8;4;8;6;20;7;84;0;0;0;0;0;0;6;5;2;97;0;0;0;0;4;44;0;0;3;50;0;1;1;2;0;0;8;36;12;18;7;45;7;24;7;35;4;8;10;23;7;20;0;0;0;0;0;0;0;0;0;0;0;0;0;0;0;0;0;0;0;0
28.05.2024;10:01;A 49;1;1;0;3;3;9;9;4;6;4;36;9;81;1;0;0;0;0;0;7;6;3;91;0;5;1;1;4;5;0;0;2;26;1;3;2;12;0;0;6;36;4;3;3;63;6;50;16;21;2;10;5;10;5;45;0;0;0;0;0;0;0;0;0;0;0;0;0;0;0;0;0;0;0;0
28.05.2024;10:00;A 49;1;3;1;9;10;7;12;6;31;6;27;7;82;0;0;1;1;1;0;4;4;3;94;1;0;3;1;10;11;0;0;2;40;0;2;3;11;0;0;13;20;4;4;2;61;6;28;4;42;3;29;8;34;8;51;0;0;0;0;0;0;0;0;0;0;0;0;0;0;0;0;0;0;0;0
28.05.2024;09:59;A 49;1;2;1;9;13;12;15;7;38;7;21;6;78;1;0;0;0;0;0;5;5;3;78;2;6;4;34;13;76;0;0;0;100;2;89;2;6;0;0;8;14;6;6;7;40;6;37;3;9;5;45;8;29;6;46;0;0;0;0;0;0;0;0;0;0;0;0;0;0;0;0;0;0;0;0
28.05.2024;09:58;A 49;1;0;0;3;4;7;8;7;25;4;13;6;68;0;0;0;0;0;0;4;16;4;77;0;0;2;2;8;63;0;0;1;95;3;52;0;1;0;0;4;25;4;4;1;35;5;44;7;48;4;24;6;14;8;36;0;0;0;0;0;0;0;0;0;0;0;0;0;0;0;0;0;0;0;0
28.05.2024;09:57;A 49;1;1;0;7;7;5;5;2;17;4;15;9;82;0;0;0;0;0;0;7;63;2;96;0;0;1;0;2;3;0;0;1;16;0;0;1;41;0;0;10;38;6;5;3;67;6;52;12;83;1;44;5;52;6;20;0;0;0;0;0;0;0;0;0;0;0;0;0;0;0;0;0;0;0;0
28.05.2024;09:56;A 49;1;1;0;5;6;5;6;2;13;1;15;5;88;0;0;0;0;0;0;3;4;0;100;0;0;2;0;7;30;0;0;5;38;2;10;0;0;0;0;4;28;4;3;3;15;3;42;8;13;3;38;5;9;6;16;0;0;0;0;0;0;0;0;0;0;0;0;0;0;0;0;0;0;0;0
28.05.2024;09:55;A 49;1;0;0;1;1;4;4;3;7;5;12;3;91;0;0;0;0;0;0;2;2;3;96;0;0;2;1;7;25;0;0;2;59;2;18;4;20;0;0;5;9;3;4;4;45;4;40;22;64;3;10;6;13;3;5;0;0;0;0;0;0;0;0;0;0;0;0;0;0;0;0;0;0;0;0
28.05.2024;09:54;A 49;1;3;1;5;6;12;12;4;13;6;49;206;36;0;0;0;0;0;0;51;63;0;72;0;0;4;1;10;10;0;0;3;48;3;7;0;0;0;0;15;30;2;18;6;67;5;36;16;75;1;35;9;57;7;26;0;0;0;0;0;0;0;0;0;0;0;0;0;0;0;0;0;0;0;0
28.05.2024;09:53;A 49;1;0;0;6;7;11;14;7;3;3;26;106;62;0;0;1;0;0;0;4;25;5;62;0;0;3;0;8;40;0;0;4;72;3;7;1;2;1;1;15;40;8;19;2;84;7;62;6;10;2;58;8;64;6;14;0;0;0;0;0;0;0;0;0;0;0;0;0;0;0;0;0;0;0;0
28.05.2024;09:52;A 49;1;1;0;5;5;4;3;1;3;1;7;58;53;0;0;0;0;0;0;3;2;0;53;0;0;4;6;4;39;0;0;0;85;1;4;2;3;0;0;12;46;5;4;3;59;7;50;4;92;2;5;11;41;8;19;0;0;0;0;0;0;0;0;0;0;0;0;0;0;0;0;0;0;0;0
28.05.2024;09:51;A 49;1;1;0;3;3;6;13;5;13;4;29;5;86;0;0;0;0;0;0;5;4;4;94;0;0;1;0;7;22;0;0;2;53;0;0;4;10;0;0;7;11;3;2;3;52;5;51;5;66;5;32;10;44;8;24;0;0;0;0;0;0;0;0;0;0;0;0;0;0;0;0;0;0;0;0
28.05.2024;09:50;A 49;1;2;1;4;5;7;8;1;1;0;0;2;65;0;0;0;0;0;0;0;3;2;43;0;0;0;0;7;45;0;0;4;45;2;8;0;0;0;0;11;57;4;3;4;84;7;39;41;19;4;11;9;53;6;22;0;0;0;0;0;0;0;0;0;0;0;0;0;0;0;0;0;0;0;0
28.05.2024;09:49;A 49;1;1;0;5;6;3;2;3;11;3;2;1;2;0;0;0;0;0;0;1;56;2;23;0;0;5;5;12;58;0;0;0;84;2;25;0;0;0;0;10;17;7;4;5;71;9;45;85;80;4;10;9;60;4;9;0;0;0;0;0;0;0;0;0;0;0;0;0;0;0;0;0;0;0;0
28.05.2024;09:48;A 49;1;1;0;8;9;8;8;8;18;3;23;4;90;0;0;0;0;0;0;26;5;2;96;0;0;5;5;14;58;0;0;1;90;1;15;0;0;0;0;9;13;8;41;3;67;4;56;10;98;3;53;6;35;9;24;0;0;0;0;0;0;0;0;0;0;0;0;0;0;0;0;0;0;0;0
28.05.2024;09:47;A 49;1;1;0;7;7;8;8;4;7;6;16;57;17;0;0;0;0;0;0;16;5;8;20;0;0;2;5;10;54;0;0;1;92;2;5;4;11;0;0;14;43;4;3;3;81;5;63;12;80;4;33;5;60;6;24;0;0;0;0;0;0;0;0;0;0;0;0;0;0;0;0;0;0;0;0
28.05.2024;09:46;A 49;1;0;0;4;4;7;6;4;3;4;5;188;25;0;0;0;0;0;0;3;2;3;7;0;0;1;49;5;53;0;0;3;56;1;2;2;2;0;0;6;11;3;1;5;37;4;32;16;46;3;20;6;23;5;8;0;0;0;0;0;0;0;0;0;0;0;0;0;0;0;0;0;0;0;0
28.05.2024;09:45;A 49;1;2;1;3;3;5;4;1;4;2;1;41;57;0;0;0;0;0;0;6;5;4;60;0;0;1;0;8;29;0;0;2;56;5;26;0;35;0;0;10;13;4;3;7;34;4;15;2;13;2;8;9;20;6;10;0;0;0;0;0;0;0;0;0;0;0;0;0;0;0;0;0;0;0;0
28.05.2024;09:44;A 49;1;2;1;4;4;4;3;2;13;3;11;4;54;0;0;0;0;0;0;2;4;4;30;0;0;3;2;4;48;0;0;2;61;2;5;2;55;0;0;12;21;4;15;3;69;5;26;8;38;5;24;12;29;5;9;0;0;0;0;0;0;0;0;0;0;0;0;0;0;0;0;0;0;0;0
28.05.2024;09:43;A 49;1;0;0;9;10;9;10;7;12;3;7;7;36;0;0;0;0;0;0;4;3;7;30;0;0;2;1;6;9;0;0;1;30;3;12;0;0;1;1;16;57;5;2;3;84;5;22;1;18;4;27;11;64;7;38;0;0;0;0;0;0;0;0;0;0;0;0;0;0;0;0;0;0;0;0
28.05.2024;09:42;A 49;1;2;1;10;13;7;6;4;9;2;7;4;81;0;0;0;0;0;0;2;1;3;88;0;0;0;33;4;42;0;0;0;52;0;0;0;0;0;0;14;64;5;4;2;94;17;82;8;67;1;36;9;86;4;53;0;0;0;0;0;0;0;0;0;0;0;0;0;0;0;0;0;0;0;0
28.05.2024;09:41;A 49;1;0;0;4;4;5;8;3;9;3;16;3;46;0;0;0;0;0;0;2;1;3;47;0;0;3;9;6;36;0;0;5;48;1;6;2;1;0;0;13;59;1;1;1;99;3;72;4;21;2;4;5;90;2;26;0;0;0;0;0;0;0;0;0;0;0;0;0;0;0;0;0;0;0;0
28.05.2024;09:40;A 49;1;1;0;7;9;6;8;2;1;3;7;7;14;0;0;0;0;0;0;5;2;6;17;0;0;5;5;12;47;0;0;1;67;5;67;3;4;0;0;10;60;9;14;2;94;4;72;49;46;6;25;4;90;8;16;0;0;0;0;0;0;0;0;0;0;0;0;0;0;0;0;0;0;0;0
28.05.2024;09:39;A 49;1;1;0;8;8;14;15;3;8;10;23;14;60;0;0;0;0;0;0;84;28;2;75;0;0;3;1;5;66;0;0;0;100;4;68;0;0;0;0;10;12;7;5;5;50;7;53;48;41;3;25;8;24;9;24;0;0;0;0;0;0;0;0;0;0;0;0;0;0;0;0;0;0;0;0
28.05.2024;09:38;A 49;1;1;0;7;8;12;14;6;23;5;21;30;41;0;0;0;0;0;0;25;67;5;86;0;0;3;2;7;62;0;0;2;98;10;53;2;40;0;0;12;16;11;9;6;57;8;40;1;3;3;13;10;35;11;29;0;0;0;0;0;0;0;0;0;0;0;0;0;0;0;0;0;0;0;0
28.05.2024;09:37;A 49;1;1;0;5;7;6;11;4;45;5;35;15;39;0;0;0;0;0;0;8;51;4;92;0;0;0;0;5;5;0;0;0;99;2;3;4;37;0;0;9;13;7;19;4;63;8;27;7;61;2;3;10;52;10;21;0;0;0;0;0;0;0;0;0;0;0;0;0;0;0;0;0;0;0;0
28.05.2024;09:36;A 49;1;2;1;7;6;7;6;11;25;5;19;4;71;0;0;0;0;0;0;2;0;2;76;0;0;5;1;10;66;0;0;0;100;3;12;2;39;0;0;8;47;3;3;3;69;5;61;3;29;1;39;7;15;6;47;0;0;0;0;0;0;0;0;0;0;0;0;0;0;0;0;0;0;0;0
28.05.2024;09:35;A 49;1;0;0;8;8;7;5;6;30;3;30;7;88;0;0;0;0;0;0;4;3;3;19;0;0;4;1;12;71;0;0;0;100;4;12;15;12;1;1;11;62;6;34;6;87;5;65;1;28;1;28;8;55;8;18;0;0;0;0;0;0;0;0;0;0;0;0;0;0;0;0;0;0;0;0
28.05.2024;09:34;A 49;1;1;0;7;7;7;6;3;37;5;36;5;90;0;0;0;0;0;0;2;79;0;100;0;0;0;0;6;22;0;0;2;44;2;5;51;75;0;0;17;21;5;5;6;65;10;23;7;70;0;0;14;32;7;11;0;0;0;0;0;0;0;0;0;0;0;0;0;0;0;0;0;0;0;0
28.05.2024;09:33;A 49;1;2;1;5;6;11;11;4;31;2;54;5;48;0;0;0;0;0;0;3;29;3;46;0;0;1;0;2;65;0;0;2;25;0;0;3;21;0;0;10;57;4;3;3;79;5;18;4;29;7;24;12;29;8;19;0;0;0;0;0;0;0;0;0;0;0;0;0;0;0;0;0;0;0;0
28.05.2024;09:32;A 49;1;0;0;3;2;3;2;1;8;2;6;0;100;0;0;0;0;0;0;0;0;1;40;0;0;1;0;21;27;0;0;5;83;5;13;4;4;0;0;5;84;1;0;0;100;1;99;2;91;0;100;3;95;26;61;0;0;0;0;0;0;0;0;0;0;0;0;0;0;0;0;0;0;0;0
28.05.2024;09:31;A 49;1;0;0;6;6;8;8;2;21;6;31;12;71;0;0;0;0;0;0;7;6;5;78;0;0;0;0;5;71;0;0;3;49;0;0;1;43;0;0;15;27;7;7;5;60;9;46;22;67;5;23;14;36;13;26;0;0;0;0;0;0;0;0;0;0;0;0;0;0;0;0;0;0;0;0
28.05.2024;09:30;A 49;1;1;0;3;3;4;3;1;56;3;17;4;88;0;0;0;0;0;0;2;1;6;91;0;0;3;26;15;46;0;0;3;93;7;9;1;76;1;1;6;46;4;46;2;64;3;23;11;11;2;60;6;22;5;12;0;0;0;0;0;0;0;0;0;0;0;0;0;0;0;0;0;0;0;0
28.05.2024;09:29;A 49;1;2;1;6;7;7;6;5;41;3;33;4;5;0;0;0;0;0;0;3;2;2;7;0;0;2;14;10;59;0;0;2;94;3;24;0;0;1;1;16;50;8;21;3;87;6;66;26;55;5;21;7;68;7;32;0;0;0;0;0;0;0;0;0;0;0;0;0;0;0;0;0;0;0;0
28.05.2024;09:28;A 49;1;1;0;4;4;5;4;1;21;4;28;6;44;0;0;0;0;0;0;5;3;3;54;0;0;1;0;9;68;0;0;1;97;1;4;1;3;0;0;9;21;3;2;6;52;6;23;30;71;4;3;11;28;5;8;0;0;0;0;0;0;0;0;0;0;0;0;0;0;0;0;0;0;0;0
28.05.2024;09:27;A 49;1;0;0;4;4;3;2;1;17;3;15;6;5;0;0;0;0;0;0;3;1;3;5;0;0;2;1;5;45;0;0;3;40;1;4;1;3;0;0;9;34;4;1;5;54;7;22;10;6;1;4;9;37;5;9;0;0;0;0;0;0;0;0;0;0;0;0;0;0;0;0;0;0;0;0
28.05.2024;09:26;A 49;1;3;1;9;11;10;8;4;38;3;40;199;55;0;0;0;0;0;0;0;0;3;34;0;0;1;0;6;7;0;0;3;34;0;0;0;0;0;0;17;37;5;3;5;85;7;56;0;0;2;25;10;58;7;29;0;0;0;0;0;0;0;0;0;0;0;0;0;0;0;0;0;0;0;0
28.05.2024;09:25;A 49;1;2;0;6;6;7;9;3;59;7;48;29;57;0;0;0;0;0;0;8;5;5;64;0;0;0;0;5;4;1;0;2;24;1;2;3;56;0;0;17;19;7;5;6;58;6;30;1;19;0;1;10;34;6;10;0;0;0;0;0;0;0;0;0;0;0;0;0;0;0;0;0;0;0;0
28.05.2024;09:24;A 49;1;0;0;3;3;9;13;5;31;2;47;9;80;0;0;0;0;0;0;6;7;6;33;0;0;4;2;10;73;0;0;0;100;2;92;3;4;0;0;10;30;6;6;5;66;12;58;3;93;4;14;12;49;4;9;0;0;0;0;0;0;0;0;0;0;0;0;0;0;0;0;0;0;0;0
28.05.2024;09:23;A 49;1;0;0;1;3;3;5;0;11;6;18;3;62;0;0;0;0;0;0;2;2;1;69;0;0;2;1;12;50;0;0;3;86;2;16;2;3;0;0;6;55;2;3;4;69;5;69;2;11;3;6;8;20;5;16;0;0;0;0;0;0;0;0;0;0;0;0;0;0;0;0;0;0;0;0
28.05.2024;09:22;A 49;1;1;1;15;19;13;12;5;66;8;59;10;20;0;0;0;0;0;0;52;27;4;71;0;0;1;2;7;76;0;0;1;32;1;33;2;6;0;0;15;18;5;4;10;50;9;31;1;14;6;19;12;37;8;29;0;0;0;0;0;0;0;0;0;0;0;0;0;0;0;0;0;0;0;0
28.05.2024;09:21;A 49;1;0;0;4;3;3;2;1;99;3;10;4;5;0;0;0;0;0;0;25;86;4;95;0;0;4;4;9;49;0;0;1;98;0;100;3;7;0;0;7;13;3;47;1;97;2;41;0;100;1;65;6;72;7;30;0;0;0;0;0;0;0;0;0;0;0;0;0;0;0;0;0;0;0;0
28.05.2024;09:20;A 49;1;2;1;8;8;3;3;3;61;3;25;5;10;0;0;0;0;0;0;3;1;4;11;0;0;1;0;13;71;0;0;0;100;1;99;0;0;0;0;6;24;2;2;5;25;5;10;15;48;4;23;5;7;3;6;0;0;0;0;0;0;0;0;0;0;0;0;0;0;0;0;0;0;0;0
28.05.2024;09:19;A 49;1;1;1;5;6;6;8;5;19;5;25;11;53;0;0;0;0;0;0;11;43;6;72;0;0;1;0;2;71;1;0;2;88;1;10;1;4;0;0;12;15;6;3;6;41;5;16;3;29;2;8;11;25;3;9;0;0;0;0;0;0;0;0;0;0;0;0;0;0;0;0;0;0;0;0
28.05.2024;09:18;A 49;1;1;0;5;5;10;15;3;19;4;42;8;79;0;0;0;0;0;0;6;63;2;87;0;0;2;0;9;67;0;0;0;87;0;0;0;0;0;0;7;12;9;30;2;53;6;48;3;12;4;14;9;40;9;23;0;0;0;0;0;0;0;0;0;0;0;0;0;0;0;0;0;0;0;0
28.05.2024;09:17;A 49;1;4;2;10;12;8;9;3;5;5;18;3;94;0;0;0;0;0;0;4;11;0;100;0;0;2;0;6;29;0;0;5;58;0;0;1;7;1;0;7;7;6;3;4;33;6;24;4;8;3;4;6;19;11;25;0;0;0;0;0;0;0;0;0;0;0;0;0;0;0;0;0;0;0;0
28.05.2024;09:16;A 49;1;0;0;3;3;9;9;1;12;5;38;12;72;0;0;0;0;0;0;7;5;8;65;0;0;2;8;8;39;0;0;3;40;0;0;2;5;0;0;9;17;8;7;7;49;7;24;2;51;2;3;9;25;5;12;0;0;0;0;0;0;0;0;0;0;0;0;0;0;0;0;0;0;0;0
28.05.2024;09:15;A 49;1;0;0;1;1;4;3;1;5;4;15;44;26;0;0;0;0;0;0;9;7;8;27;0;0;1;0;5;4;0;0;3;27;0;0;0;0;0;0;7;36;2;1;6;48;3;24;13;95;1;8;9;23;3;4;0;0;0;0;0;0;0;0;0;0;0;0;0;0;0;0;0;0;0;0
28.05.2024;09:14;A 49;1;1;0;7;10;11;12;7;36;5;50;3;94;0;0;0;0;0;0;4;2;1;96;0;0;5;3;11;23;0;0;3;60;16;35;1;0;0;0;14;41;8;38;3;78;9;66;4;44;3;27;8;67;9;61;0;0;0;0;0;0;0;0;0;0;0;0;0;0;0;0;0;0;0;0
28.05.2024;09:13;A 49;1;0;0;6;9;8;8;4;57;7;57;16;72;0;0;0;0;0;0;11;12;4;90;0;0;0;0;3;34;0;0;1;48;3;34;1;11;0;0;10;12;4;2;6;32;7;15;1;37;1;4;12;18;10;24;0;0;0;0;0;0;0;0;0;0;0;0;0;0;0;0;0;0;0;0
28.05.2024;09:12;A 49;1;0;0;2;2;3;2;0;100;4;64;2;91;0;0;0;0;0;0;0;0;4;93;0;0;9;9;13;53;0;0;1;90;4;53;2;5;0;0;6;65;4;8;6;66;5;50;0;0;4;30;6;13;4;9;0;0;0;0;0;0;0;0;0;0;0;0;0;0;0;0;0;0;0;0
28.05.2024;09:11;A 49;1;0;0;7;7;7;6;2;83;6;47;18;21;0;0;0;0;0;0;6;63;4;94;0;0;1;2;6;47;0;0;2;71;1;41;0;0;0;0;20;44;8;7;3;86;8;33;0;78;2;6;17;67;8;14;0;0;0;0;0;0;0;0;0;0;0;0;0;0;0;0;0;0;0;0
28.05.2024;09:10;A 49;1;2;1;9;12;8;9;5;80;1;75;10;67;0;0;0;0;0;0;9;20;3;97;0;0;3;26;12;68;0;0;1;98;3;28;1;5;0;0;15;18;8;6;6;58;6;39;0;100;6;14;13;34;14;33;0;0;0;0;0;0;0;0;0;0;0;0;0;0;0;0;0;0;0;0
28.05.2024;09:09;A 49;1;0;0;4;4;4;3;2;13;5;12;14;75;0;0;1;0;1;0;5;3;4;85;0;0;2;0;10;41;0;0;3;70;6;12;1;1;0;0;8;35;4;16;3;63;5;37;0;100;4;39;5;47;6;16;0;0;0;0;0;0;0;0;0;0;0;0;0;0;0;0;0;0;0;0
28.05.2024;09:08;A 49;1;3;1;6;7;9;9;3;6;4;28;5;84;0;0;0;0;0;0;36;11;3;53;0;0;3;0;12;28;0;0;1;64;6;48;3;7;0;0;9;18;2;1;6;64;6;15;5;98;5;45;8;35;9;21;0;0;0;0;0;0;0;0;0;0;0;0;0;0;0;0;0;0;0;0
28.05.2024;09:07;A 49;1;1;0;6;8;8;10;6;27;4;35;7;73;0;0;1;0;2;0;3;58;3;83;2;2;2;15;12;65;0;0;0;100;4;92;2;4;0;0;18;27;7;9;5;67;8;42;9;36;0;17;13;46;4;14;0;0;0;0;0;0;0;0;0;0;0;0;0;0;0;0;0;0;0;0
28.05.2024;09:06;A 49;1;0;0;3;4;7;6;2;2;4;15;12;6;0;0;0;0;0;0;1;59;3;34;0;0;0;0;7;81;0;0;0;100;0;100;2;2;0;0;5;44;6;33;3;59;5;47;5;86;3;38;6;48;12;27;0;0;0;0;0;0;0;0;0;0;0;0;0;0;0;0;0;0;0;0
28.05.2024;09:05;A 49;1;1;0;2;1;9;11;1;2;4;9;4;67;0;0;2;1;2;1;4;1;4;7;2;4;3;0;10;60;0;0;2;90;6;78;0;0;1;1;12;34;7;10;5;54;8;44;3;26;2;31;8;23;10;21;0;0;0;0;0;0;0;0;0;0;0;0;0;0;0;0;0;0;0;0
28.05.2024;09:04;A 49;1;1;0;8;8;11;11;10;26;8;40;12;28;0;0;0;0;0;0;9;6;14;71;0;0;2;1;8;70;0;0;1;97;8;55;1;1;0;0;10;12;4;3;4;37;7;21;1;0;4;12;13;22;7;13;0;0;0;0;0;0;0;0;0;0;0;0;0;0;0;0;0;0;0;0
28.05.2024;09:03;A 49;1;0;0;3;3;6;5;5;15;1;6;4;8;0;0;0;0;0;0;2;1;4;19;0;0;2;1;6;50;0;0;2;77;6;62;0;0;0;0;10;16;8;26;6;82;9;32;1;9;3;46;10;58;7;48;0;0;0;0;0;0;0;0;0;0;0;0;0;0;0;0;0;0;0;0
28.05.2024;09:02;A 49;1;2;1;5;5;6;5;7;36;4;25;66;78;0;0;0;0;0;0;20;28;0;100;0;0;6;4;15;31;0;0;2;77;3;70;1;79;0;0;14;42;4;3;4;78;4;9;3;90;1;2;9;42;5;13;0;0;0;0;0;0;0;0;0;0;0;0;0;0;0;0;0;0;0;0
28.05.2024;09:01;A 49;1;2;1;5;6;8;10;8;52;2;32;10;78;0;0;0;0;0;0;7;20;6;94;0;0;2;0;8;70;0;0;0;100;1;99;0;0;0;0;7;9;1;0;6;28;3;6;7;20;2;5;8;22;5;9;0;0;0;0;0;0;0;0;0;0;0;0;0;0;0;0;0;0;0;0
28.05.2024;09:00;A 49;1;0;0;6;5;7;8;8;38;8;43;8;79;0;0;0;0;1;0;7;7;6;92;0;0;2;21;10;73;1;0;1;99;0;100;1;1;0;0;17;24;5;4;1;97;7;36;3;37;1;30;12;63;10;36;0;0;0;0;0;0;0;0;0;0;0;0;0;0;0;0;0;0;0;0
28.05.2024;08:59;A 49;1;0;0;6;7;9;9;3;43;3;37;137;45;0;0;2;0;2;0;0;0;3;82;0;0;6;1;21;41;0;0;3;98;20;60;1;0;0;0;10;46;7;4;2;76;4;30;0;94;0;55;5;47;10;26;0;0;0;0;0;0;0;0;0;0;0;0;0;0;0;0;0;0;0;0
28.05.2024;08:58;A 49;1;1;0;2;2;9;11;2;48;6;60;10;56;0;0;0;0;0;0;7;6;2;66;0;0;1;1;5;70;0;0;1;20;0;32;0;69;0;0;6;7;9;11;6;15;8;27;0;100;3;5;9;11;9;23;0;0;0;0;0;0;0;0;0;0;0;0;0;0;0;0;0;0;0;0
28.05.2024;08:57;A 49;1;1;0;3;3;7;6;0;100;3;39;11;76;0;0;0;0;0;0;11;29;8;92;0;0;2;3;12;70;0;0;0;100;0;100;0;100;0;0;2;24;9;6;2;29;8;37;0;100;4;45;5;8;10;35;0;0;0;0;0;0;0;0;0;0;0;0;0;0;0;0;0;0;0;0
28.05.2024;08:56;A 49;1;1;0;7;8;6;7;0;100;3;98;2;95;1;0;0;0;0;0;3;1;0;100;1;1;2;0;19;53;0;0;0;100;0;100;3;85;0;0;6;38;7;33;3;54;3;41;0;100;7;37;8;17;8;16;0;0;0;0;0;0;0;0;0;0;0;0;0;0;0;0;0;0;0;0
28.05.2024;08:55;A 49;1;0;0;3;4;5;8;4;16;3;35;10;77;0;0;0;0;0;0;2;43;7;87;0;0;4;1;11;78;0;0;0;100;4;81;2;58;0;0;17;22;4;2;7;58;9;29;5;97;3;17;14;35;3;5;0;0;0;0;0;0;0;0;0;0;0;0;0;0;0;0;0;0;0;0
28.05.2024;08:54;A 49;1;1;0;5;5;6;5;3;17;5;18;26;70;0;0;0;0;0;0;11;65;6;79;0;0;3;3;10;75;0;0;0;100;7;7;2;33;0;0;13;39;2;23;3;78;5;39;2;99;3;49;12;38;7;23;0;0;0;0;0;0;0;0;0;0;0;0;0;0;0;0;0;0;0;0
28.05.2024;08:53;A 49;1;1;0;6;6;10;9;4;27;5;41;6;92;0;0;1;0;1;0;90;55;0;99;0;0;3;0;13;46;0;0;5;79;0;0;1;0;0;0;11;19;7;32;4;73;6;11;6;76;4;35;12;36;9;19;0;0;0;0;0;0;0;0;0;0;0;0;0;0;0;0;0;0;0;0
28.05.2024;08:52;A 49;1;0;0;5;6;10;13;10;50;7;84;12;69;0;0;0;0;0;0;8;21;7;85;0;0;0;0;10;44;0;0;4;60;1;2;2;29;0;0;14;18;9;7;8;47;12;32;9;53;2;11;16;30;14;23;0;0;0;0;0;0;0;0;0;0;0;0;0;0;0;0;0;0;0;0
28.05.2024;08:51;A 49;1;0;0;4;3;5;5;0;100;18;32;8;72;0;0;0;0;0;0;3;2;8;79;0;0;3;4;10;55;0;0;1;89;5;20;4;45;0;0;17;38;5;5;3;81;7;51;3;49;2;18;11;65;5;30;0;0;0;0;0;0;0;0;0;0;0;0;0;0;0;0;0;0;0;0
28.05.2024;08:50;A 49;1;1;0;5;5;12;11;1;56;9;39;1;96;0;0;0;0;0;0;3;36;0;97;0;0;1;3;8;17;0;0;1;57;5;16;1;2;1;1;15;53;11;7;1;99;7;29;13;47;7;36;8;91;10;24;0;0;0;0;0;0;0;0;0;0;0;0;0;0;0;0;0;0;0;0
28.05.2024;08:49;A 49;1;2;0;14;18;12;19;7;55;9;63;15;73;0;0;0;0;0;0;11;19;6;92;0;0;2;1;10;56;0;0;1;48;0;0;6;13;0;0;17;36;11;8;5;78;5;36;10;94;9;40;15;48;6;18;0;0;0;0;0;0;0;0;0;0;0;0;0;0;0;0;0;0;0;0
28.05.2024;08:48;A 49;1;3;1;3;3;9;7;6;93;3;87;10;80;0;0;0;0;0;0;9;8;3;96;0;0;5;4;9;69;0;0;0;100;0;99;5;27;0;0;11;31;5;5;4;69;7;51;7;40;4;45;10;53;6;51;0;0;0;0;0;0;0;0;0;0;0;0;0;0;0;0;0;0;0;0
28.05.2024;08:47;A 49;1;1;0;7;9;13;17;8;30;4;46;0;99;0;0;0;0;0;0;1;0;0;100;0;0;7;5;22;39;0;0;1;99;3;54;0;91;0;0;14;53;11;46;3;87;5;71;30;40;6;40;12;82;9;61;0;0;0;0;0;0;0;0;0;0;0;0;0;0;0;0;0;0;0;0
28.05.2024;08:46;A 49;1;1;0;13;18;17;21;2;62;2;81;4;92;0;0;0;0;0;0;2;2;1;99;0;0;4;2;20;62;0;0;0;100;0;100;3;20;1;0;10;35;7;30;5;35;11;36;7;88;2;19;11;20;9;41;0;0;0;0;0;0;0;0;0;0;0;0;0;0;0;0;0;0;0;0
28.05.2024;08:45;A 49;1;0;0;2;2;2;1;2;3;4;3;15;68;0;0;0;0;0;0;6;3;9;77;0;0;7;7;12;78;0;0;0;100;0;100;2;6;2;0;4;11;4;56;2;63;3;63;4;52;1;55;5;13;6;55;0;0;0;0;0;0;0;0;0;0;0;0;0;0;0;0;0;0;0;0
28.05.2024;08:44;A 49;1;2;1;9;12;15;15;2;36;2;52;10;79;0;0;0;0;0;0;6;5;5;92;0;0;6;2;15;64;0;0;0;100;3;84;5;21;0;0;12;42;11;34;3;74;8;62;4;7;5;55;3;65;14;62;0;0;0;0;0;0;0;0;0;0;0;0;0;0;0;0;0;0;0;0
28.05.2024;08:43;A 49;1;4;2;13;13;10;8;5;16;6;28;10;73;0;0;0;0;0;0;6;5;6;90;0;0;5;2;11;82;0;0;0;100;0;100;6;44;0;0;16;32;7;7;2;69;9;36;12;28;8;39;13;52;9;23;0;0;0;0;0;0;0;0;0;0;0;0;0;0;0;0;0;0;0;0
28.05.2024;08:42;A 49;1;2;1;5;5;8;7;2;12;3;7;12;71;0;0;0;0;0;0;9;6;7;88;0;0;4;1;12;72;0;0;0;100;2;99;1;3;1;0;10;18;6;33;2;66;4;9;1;22;3;18;8;55;5;17;0;0;0;0;0;0;0;0;0;0;0;0;0;0;0;0;0;0;0;0
28.05.2024;08:41;A 49;1;1;0;8;9;9;9;4;6;3;1;2;4;0;0;0;0;0;0;2;43;0;100;0;0;4;2;16;55;0;0;0;100;1;98;3;6;0;0;15;49;11;33;2;90;6;65;1;0;3;31;9;73;12;42;0;0;0;0;0;0;0;0;0;0;0;0;0;0;0;0;0;0;0;0
28.05.2024;08:40;A 49;1;0;0;12;14;11;11;6;27;6;42;12;65;0;0;1;0;0;0;10;20;3;98;0;0;2;0;7;85;0;0;0;100;4;82;1;0;0;0;15;20;5;5;9;50;9;33;2;26;2;7;14;31;9;21;0;0;0;0;0;0;0;0;0;0;0;0;0;0;0;0;0;0;0;0
28.05.2024;08:39;A 49;1;1;1;3;4;5;4;1;4;0;10;10;78;0;0;0;0;0;0;7;7;3;97;0;0;2;2;9;72;0;0;0;100;0;87;0;0;0;0;12;46;5;6;3;82;6;51;1;0;2;29;12;46;6;33;0;0;0;0;0;0;0;0;0;0;0;0;0;0;0;0;0;0;0;0
28.05.2024;08:38;A 49;1;2;0;9;11;14;16;5;14;4;41;1;95;0;0;0;0;0;0;1;1;0;100;0;0;3;1;22;52;0;0;0;100;4;51;4;8;0;0;8;12;6;38;3;65;6;59;4;9;2;46;7;49;12;45;0;0;0;0;0;0;0;0;0;0;0;0;0;0;0;0;0;0;0;0
28.05.2024;08:37;A 49;1;3;1;13;15;9;11;4;23;10;26;11;68;0;0;0;0;0;0;8;7;8;94;0;0;3;1;10;74;0;0;0;100;2;69;0;0;0;0;13;15;8;6;9;39;10;20;2;9;5;22;14;29;11;18;0;0;0;0;0;0;0;0;0;0;0;0;0;0;0;0;0;0;0;0
28.05.2024;08:36;A 49;1;0;0;3;4;6;6;3;6;2;12;11;70;0;0;0;0;0;0;10;8;2;86;0;0;0;0;8;83;0;0;0;100;1;83;2;4;0;0;7;41;5;7;7;51;6;50;3;7;3;11;7;18;4;14;0;0;0;0;0;0;0;0;0;0;0;0;0;0;0;0;0;0;0;0
28.05.2024;08:35;A 49;1;2;1;13;14;17;14;5;39;5;41;1;96;0;0;0;0;0;0;0;0;0;100;0;0;2;6;16;46;0;0;0;100;1;25;0;0;0;0;13;50;7;5;4;82;11;40;1;4;6;53;11;43;9;59;0;0;0;0;0;0;0;0;0;0;0;0;0;0;0;0;0;0;0;0
28.05.2024;08:34;A 49;1;3;1;6;7;5;5;2;14;4;14;12;65;0;0;0;0;0;0;8;51;0;100;0;0;2;15;10;67;0;0;2;99;1;0;0;0;0;0;13;17;4;5;4;53;9;29;1;0;1;15;13;35;6;11;0;0;0;0;0;0;0;0;0;0;0;0;0;0;0;0;0;0;0;0
28.05.2024;08:33;A 49;1;0;0;2;2;11;10;2;6;2;42;10;76;0;0;0;0;0;0;6;60;0;100;0;0;6;3;12;70;0;0;0;100;1;49;0;0;0;0;12;19;10;27;4;70;10;30;0;0;2;22;8;28;10;32;0;0;0;0;0;0;0;0;0;0;0;0;0;0;0;0;0;0;0;0
28.05.2024;08:32;A 49;1;2;1;11;14;12;21;2;38;3;55;2;94;0;0;0;0;0;0;2;2;0;100;0;0;5;5;24;52;0;0;0;100;4;75;2;4;0;0;9;14;6;34;4;51;5;45;1;82;3;45;12;31;13;57;0;0;0;0;0;0;0;0;0;0;0;0;0;0;0;0;0;0;0;0
28.05.2024;08:31;A 49;1;5;4;13;26;17;39;1;95;1;97;12;73;0;0;0;0;0;0;9;9;0;100;0;0;1;8;7;68;0;0;0;100;3;56;4;15;0;0;18;21;13;13;4;60;10;33;2;55;5;16;12;40;10;33;0;0;0;0;0;0;0;0;0;0;0;0;0;0;0;0;0;0;0;0
28.05.2024;08:30;A 49;1;1;0;3;3;7;10;2;6;1;24;2;93;0;0;0;0;0;0;2;1;0;100;0;0;7;10;17;59;0;0;0;100;3;84;3;9;0;0;6;80;4;4;2;95;4;13;4;7;3;75;6;91;4;69;0;0;0;0;0;0;0;0;0;0;0;0;0;0;0;0;0;0;0;0
28.05.2024;08:29;A 49;1;1;0;6;7;16;18;7;20;3;45;9;81;0;0;0;0;0;0;7;67;0;100;0;0;3;9;13;68;0;0;0;100;4;64;2;5;0;0;15;23;10;8;1;77;8;73;2;10;4;49;13;73;16;70;0;0;0;0;0;0;0;0;0;0;0;0;0;0;0;0;0;0;0;0
28.05.2024;08:28;A 49;1;0;0;8;10;11;11;3;30;7;56;12;68;0;0;0;0;0;0;8;18;0;100;0;0;3;16;10;81;0;0;0;100;0;100;1;48;0;0;22;32;6;4;5;87;10;44;1;30;3;12;15;65;8;23;0;0;0;0;0;0;0;0;0;0;0;0;0;0;0;0;0;0;0;0
28.05.2024;08:27;A 49;1;2;0;6;5;7;7;1;0;6;20;11;79;0;0;0;0;0;0;9;9;0;100;1;4;6;3;14;77;0;0;0;100;0;100;0;0;0;0;16;21;9;23;1;99;8;27;2;24;4;34;7;90;5;37;0;0;0;0;0;0;0;0;0;0;0;0;0;0;0;0;0;0;0;0
28.05.2024;08:26;A 49;1;0;0;4;4;9;7;3;10;5;15;145;81;0;0;0;0;0;0;1;8;0;100;0;0;6;3;24;57;0;0;0;100;4;96;1;0;0;0;17;23;5;4;0;100;5;57;1;2;2;29;5;98;9;19;0;0;0;0;0;0;0;0;0;0;0;0;0;0;0;0;0;0;0;0
28.05.2024;08:25;A 49;1;1;0;8;9;13;15;4;14;5;36;12;75;0;0;0;0;0;0;8;21;0;100;0;0;4;1;11;77;0;0;0;100;0;100;2;2;0;0;24;34;9;11;2;83;8;58;7;13;5;18;8;81;7;17;0;0;0;0;0;0;0;0;0;0;0;0;0;0;0;0;0;0;0;0
28.05.2024;08:24;A 49;1;0;0;3;3;1;0;1;15;1;12;4;86;0;0;0;0;0;0;1;1;0;100;0;0;5;5;19;64;0;0;0;100;1;97;2;2;1;0;5;81;4;24;1;98;5;9;0;0;3;23;7;89;6;27;0;0;0;0;0;0;0;0;0;0;0;0;0;0;0;0;0;0;0;0
28.05.2024;08:23;A 49;1;4;2;8;9;9;12;3;19;6;14;0;0;0;0;0;0;0;0;0;0;0;100;0;0;7;4;22;56;0;0;0;100;0;100;1;15;0;0;14;45;5;2;4;82;9;56;1;19;4;28;12;55;9;24;0;0;0;0;0;0;0;0;0;0;0;0;0;0;0;0;0;0;0;0
28.05.2024;08:22;A 49;1;2;1;6;6;10;8;3;42;4;28;14;32;0;0;0;0;0;0;12;11;0;100;1;1;1;1;6;88;0;0;0;100;0;100;4;20;0;0;8;17;14;12;6;37;14;42;5;54;5;8;9;25;13;22;0;0;0;0;0;0;0;0;0;0;0;0;0;0;0;0;0;0;0;0
28.05.2024;08:21;A 49;1;1;0;2;3;8;8;4;73;6;29;10;29;0;0;0;0;0;0;8;25;0;100;0;0;5;3;13;76;0;0;0;100;0;100;2;4;1;0;6;10;5;3;1;72;5;66;2;5;3;38;10;65;4;10;0;0;0;0;0;0;0;0;0;0;0;0;0;0;0;0;0;0;0;0
28.05.2024;08:20;A 49;1;1;0;10;11;14;12;9;43;1;57;1;96;0;0;0;0;0;0;1;74;0;100;0;0;6;2;23;56;0;0;0;100;0;100;2;34;0;0;14;24;3;32;3;66;9;56;1;3;4;47;8;59;8;52;0;0;0;0;0;0;0;0;0;0;0;0;0;0;0;0;0;0;0;0
28.05.2024;08:19;A 49;1;1;0;6;6;14;15;1;54;1;84;14;70;0;0;0;0;0;0;9;13;2;96;0;0;1;0;10;82;0;0;0;100;2;95;7;8;1;0;16;26;13;8;4;60;8;39;3;4;5;19;15;38;9;23;0;0;0;0;0;0;0;0;0;0;0;0;0;0;0;0;0;0;0;0
28.05.2024;08:18;A 49;1;0;0;3;2;8;8;3;81;0;100;10;77;0;0;0;0;0;0;7;5;1;99;0;0;2;8;9;75;0;0;0;100;0;100;3;1;0;0;6;9;8;40;1;67;4;53;2;27;3;15;6;65;8;61;0;0;0;0;0;0;0;0;0;0;0;0;0;0;0;0;0;0;0;0
28.05.2024;08:17;A 49;1;2;1;6;8;10;14;6;32;5;49;1;93;0;0;0;0;0;0;1;1;0;100;0;0;4;5;23;58;0;0;0;100;3;94;2;6;0;0;14;19;7;13;5;78;7;57;6;28;7;26;11;65;10;23;0;0;0;0;0;0;0;0;0;0;0;0;0;0;0;0;0;0;0;0
28.05.2024;08:16;A 49;1;3;2;13;17;17;18;5;59;3;77;14;71;0;0;0;0;0;0;10;8;3;96;0;0;1;2;9;74;0;0;0;100;4;96;2;4;0;0;17;38;10;6;2;92;4;62;14;89;2;85;10;56;10;42;0;0;0;0;0;0;0;0;0;0;0;0;0;0;0;0;0;0;0;0
28.05.2024;08:15;A 49;1;0;0;0;0;3;3;1;4;0;26;2;91;0;0;0;0;0;0;1;0;0;100;0;0;3;1;24;59;0;0;0;100;1;90;1;1;0;0;2;52;0;0;2;63;4;64;4;59;3;37;7;54;8;43;0;0;0;0;0;0;0;0;0;0;0;0;0;0;0;0;0;0;0;0
28.05.2024;08:14;A 49;1;0;0;8;8;15;16;7;14;4;45;10;18;0;0;0;0;0;0;4;66;0;100;0;0;6;6;13;77;0;0;0;100;0;100;0;62;0;0;14;42;10;26;7;80;9;55;10;80;4;31;11;41;12;48;0;0;0;0;0;0;0;0;0;0;0;0;0;0;0;0;0;0;0;0
28.05.2024;08:13;A 49;1;2;0;6;8;15;19;3;43;3;71;11;62;0;0;0;0;0;0;7;14;1;95;0;0;3;1;12;80;0;0;0;100;0;100;1;7;0;0;7;7;6;4;8;30;8;21;10;16;7;18;10;20;10;26;0;0;0;0;0;0;0;0;0;0;0;0;0;0;0;0;0;0;0;0
28.05.2024;08:12;A 49;1;1;0;3;4;4;3;1;2;1;4;12;82;0;0;0;0;0;0;9;11;0;100;0;0;7;5;15;76;0;0;0;100;0;100;1;4;0;0;6;11;3;4;1;57;4;51;1;2;3;45;4;29;6;56;0;0;0;0;0;0;0;0;0;0;0;0;0;0;0;0;0;0;0;0
28.05.2024;08:11;A 49;1;0;0;4;4;11;10;2;10;5;29;1;94;0;0;0;0;0;0;2;2;0;100;0;0;4;1;24;55;0;0;0;100;4;62;1;3;0;0;10;15;3;28;1;67;4;50;3;46;1;2;5;56;8;32;0;0;0;0;0;0;0;0;0;0;0;0;0;0;0;0;0;0;0;0
28.05.2024;08:10;A 49;1;3;2;10;12;11;11;5;28;3;55;12;79;0;0;0;0;0;0;9;47;0;100;0;0;5;3;11;81;0;0;0;100;2;60;2;9;0;0;19;21;12;10;4;65;13;48;2;19;3;20;14;51;8;25;0;0;0;0;0;0;0;0;0;0;0;0;0;0;0;0;0;0;0;0
28.05.2024;08:09;A 49;1;0;0;7;7;4;6;4;13;9;29;11;72;0;0;1;0;0;0;8;68;0;100;0;0;5;4;13;76;1;2;0;100;1;91;5;45;0;0;7;69;5;44;4;70;8;66;1;67;6;26;8;60;8;49;0;0;0;0;0;0;0;0;0;0;0;0;0;0;0;0;0;0;0;0
28.05.2024;08:08;A 49;1;0;0;11;11;12;10;6;29;4;40;3;92;0;0;0;0;0;0;3;1;0;100;0;0;3;4;19;52;0;0;0;100;1;48;18;21;0;0;16;47;7;35;6;91;9;38;2;1;3;57;11;75;8;43;0;0;0;0;0;0;0;0;0;0;0;0;0;0;0;0;0;0;0;0
28.05.2024;08:07;A 49;1;3;1;9;10;9;10;7;35;9;42;12;69;0;0;0;0;0;0;6;5;0;100;0;0;3;11;12;81;2;0;0;100;2;94;1;0;0;0;16;23;5;4;5;65;10;27;5;96;7;23;17;40;8;17;0;0;0;0;0;0;0;0;0;0;0;0;0;0;0;0;0;0;0;0
28.05.2024;08:06;A 49;1;1;0;3;3;10;14;7;9;10;17;10;49;0;0;0;0;0;0;7;8;0;100;0;0;5;5;13;77;5;0;0;100;1;99;1;8;1;0;10;31;4;4;2;62;7;64;5;53;3;35;12;55;8;40;0;0;0;0;0;0;0;0;0;0;0;0;0;0;0;0;0;0;0;0
28.05.2024;08:05;A 49;1;2;2;9;12;11;10;6;36;9;27;2;4;0;0;0;0;0;0;0;90;0;100;0;0;3;4;26;60;0;0;0;100;0;100;2;77;0;0;10;24;8;20;3;51;6;48;1;1;6;20;7;36;9;30;0;0;0;0;0;0;0;0;0;0;0;0;0;0;0;0;0;0;0;0
28.05.2024;08:04;A 49;1;2;1;11;14;15;25;3;63;0;95;8;47;0;0;0;0;0;0;7;31;0;100;0;0;2;0;12;75;1;0;0;100;0;100;13;37;1;0;10;17;13;20;10;47;11;49;5;32;6;36;12;32;11;41;0;0;0;0;0;0;0;0;0;0;0;0;0;0;0;0;0;0;0;0
28.05.2024;08:03;A 49;1;2;1;5;5;8;9;3;4;3;23;11;80;0;0;0;0;0;0;9;8;0;100;0;0;3;1;13;75;1;0;0;100;0;100;11;16;0;0;10;29;4;3;4;38;6;44;2;5;1;35;5;18;10;43;0;0;0;0;0;0;0;0;0;0;0;0;0;0;0;0;0;0;0;0
28.05.2024;08:02;A 49;1;4;2;7;8;14;13;7;17;11;42;1;96;0;0;0;0;0;0;1;0;0;100;0;0;6;4;22;52;0;0;0;100;1;95;6;8;0;0;18;48;7;37;0;100;11;55;6;14;3;30;9;92;11;42;0;0;0;0;0;0;0;0;0;0;0;0;0;0;0;0;0;0;0;0
28.05.2024;08:01;A 49;1;7;7;14;29;16;29;6;83;1;98;17;62;0;0;0;0;0;0;14;12;1;99;0;0;0;0;4;82;1;0;0;100;1;62;2;4;0;0;9;14;10;13;2;50;7;30;3;70;3;47;7;61;9;36;0;0;0;0;0;0;0;0;0;0;0;0;0;0;0;0;0;0;0;0
28.05.2024;08:00;A 49;1;0;0;6;9;4;3;2;16;4;21;3;91;0;0;0;0;0;0;3;3;0;100;0;0;10;9;19;60;0;0;0;100;3;70;4;13;0;0;6;74;2;3;1;95;3;75;6;20;2;62;4;78;9;46;0;0;0;0;0;0;0;0;0;0;0;0;0;0;0;0;0;0;0;0
28.05.2024;07:59;A 49;1;3;1;12;15;12;12;3;26;2;34;3;94;0;0;0;0;0;0;1;1;0;100;0;0;8;3;23;48;0;0;0;100;3;91;12;19;1;2;13;53;11;57;3;88;1;93;1;0;3;89;10;67;4;81;0;0;0;0;0;0;0;0;0;0;0;0;0;0;0;0;0;0;0;0
28.05.2024;07:58;A 49;1;3;1;10;10;11;10;4;27;3;39;9;70;0;0;0;0;0;0;8;6;0;100;0;0;2;1;6;86;0;0;0;100;0;100;0;0;0;0;6;9;3;31;5;36;7;55;2;32;11;18;7;23;8;16;0;0;0;0;0;0;0;0;0;0;0;0;0;0;0;0;0;0;0;0
28.05.2024;07:57;A 49;1;0;0;4;5;7;6;1;9;3;12;11;76;0;0;0;0;0;0;8;6;2;99;0;0;6;34;15;76;0;0;0;100;0;100;2;4;0;0;10;32;4;26;5;54;4;38;1;42;1;43;7;35;8;46;0;0;0;0;0;0;0;0;0;0;0;0;0;0;0;0;0;0;0;0
28.05.2024;07:56;A 49;1;2;1;9;10;13;10;3;26;8;35;2;98;0;0;0;0;0;0;0;0;0;100;0;0;8;5;25;58;0;0;0;100;1;99;8;22;0;0;17;42;6;4;5;85;9;56;2;76;7;15;10;64;14;67;0;0;0;0;0;0;0;0;0;0;0;0;0;0;0;0;0;0;0;0
28.05.2024;07:55;A 49;1;2;0;11;14;12;10;7;34;7;35;10;61;0;0;0;0;0;0;5;14;0;100;0;0;4;1;12;80;0;0;0;100;4;94;0;0;0;0;18;24;6;3;5;68;10;22;0;0;4;13;16;45;9;15;0;0;0;0;0;0;0;0;0;0;0;0;0;0;0;0;0;0;0;0
28.05.2024;07:54;A 49;1;4;2;12;15;10;16;4;42;3;64;8;72;0;0;0;0;0;0;6;66;0;100;0;0;3;2;9;86;0;0;0;100;1;94;4;62;0;0;13;52;10;48;2;84;7;67;1;64;6;26;11;37;10;27;0;0;0;0;0;0;0;0;0;0;0;0;0;0;0;0;0;0;0;0
28.05.2024;07:53;A 49;1;2;1;9;11;13;15;4;23;8;32;2;95;1;1;0;0;0;0;4;5;0;100;1;1;9;4;24;54;0;0;0;100;4;68;25;31;0;0;11;18;11;29;3;69;6;72;2;5;2;62;7;68;5;90;0;0;0;0;0;0;0;0;0;0;0;0;0;0;0;0;0;0;0;0
28.05.2024;07:52;A 49;1;1;0;12;17;19;21;8;50;1;87;12;74;0;0;0;0;0;0;12;10;0;100;0;0;5;5;12;86;0;0;0;100;0;100;10;28;0;0;17;20;12;8;10;66;15;34;3;18;8;26;16;35;14;29;0;0;0;0;0;0;0;0;0;0;0;0;0;0;0;0;0;0;0;0
28.05.2024;07:51;A 49;1;0;0;6;7;15;14;5;34;6;55;10;78;0;0;0;0;0;0;5;4;0;100;0;0;5;4;12;78;0;0;0;100;0;100;13;17;0;0;11;37;8;35;4;71;7;67;0;0;4;28;10;57;12;58;0;0;0;0;0;0;0;0;0;0;0;0;0;0;0;0;0;0;0;0
28.05.2024;07:50;A 49;1;6;3;14;15;11;11;6;38;6;34;2;96;0;0;0;0;0;0;1;0;0;100;0;0;7;2;24;53;0;0;0;100;4;86;22;18;2;1;12;30;8;27;7;65;7;53;1;2;17;42;8;46;7;51;0;0;0;0;0;0;0;0;0;0;0;0;0;0;0;0;0;0;0;0
28.05.2024;07:49;A 49;1;2;1;8;10;8;9;6;24;11;36;14;70;0;0;0;0;0;0;13;12;4;98;0;0;1;0;12;80;0;0;0;100;4;88;12;17;0;0;13;17;8;4;4;49;8;24;1;0;9;9;6;40;6;15;0;0;0;0;0;0;0;0;0;0;0;0;0;0;0;0;0;0;0;0
28.05.2024;07:48;A 49;1;2;1;5;6;8;12;2;23;1;36;11;78;0;0;0;0;0;0;8;8;0;100;0;0;3;18;14;78;0;0;0;100;0;100;8;6;1;0;9;30;5;22;5;60;5;46;1;18;10;16;9;52;7;47;0;0;0;0;0;0;0;0;0;0;0;0;0;0;0;0;0;0;0;0
28.05.2024;07:47;A 49;1;2;1;8;9;13;15;6;5;1;38;1;95;0;0;0;0;0;0;0;0;0;100;0;0;9;24;20;64;0;0;0;100;1;99;5;8;1;0;9;64;7;54;1;83;5;66;1;0;3;78;3;69;7;90;0;0;0;0;0;0;0;0;0;0;0;0;0;0;0;0;0;0;0;0
28.05.2024;07:46;A 49;1;3;1;12;15;10;13;8;44;11;35;5;60;0;0;0;0;0;0;2;2;0;100;0;0;3;1;15;60;0;0;0;100;5;77;16;39;0;0;14;36;8;5;5;70;6;34;3;8;6;24;9;50;8;37;0;0;0;0;0;0;0;0;0;0;0;0;0;0;0;0;0;0;0;0
28.05.2024;07:45;A 49;1;0;0;1;2;6;6;0;14;1;27;2;91;0;0;0;0;0;0;2;1;0;100;0;0;6;7;20;67;0;0;0;100;5;98;19;41;0;0;26;14;4;6;2;42;5;45;3;67;6;26;6;37;7;27;0;0;0;0;0;0;0;0;0;0;0;0;0;0;0;0;0;0;0;0
28.05.2024;07:44;A 49;1;6;4;13;16;9;8;2;26;6;35;0;100;0;0;0;0;0;0;0;0;0;100;0;0;6;4;25;63;0;0;0;100;2;96;5;63;0;0;13;22;7;4;4;75;8;29;2;38;6;25;8;48;10;23;0;0;0;0;0;0;0;0;0;0;0;0;0;0;0;0;0;0;0;0
28.05.2024;07:43;A 49;1;2;1;11;11;20;21;5;50;8;87;20;53;0;0;0;0;0;0;13;23;5;95;0;0;0;0;1;96;0;0;0;100;0;100;4;15;0;0;12;17;8;7;9;54;11;38;1;57;10;14;13;31;15;28;0;0;0;0;0;0;0;0;0;0;0;0;0;0;0;0;0;0;0;0
28.05.2024;07:42;A 49;1;0;0;4;5;8;7;2;18;1;30;10;83;0;0;0;0;0;0;10;67;0;100;0;0;4;4;12;79;0;0;0;100;0;100;11;34;0;0;9;17;5;40;3;64;3;58;2;15;3;50;8;24;8;53;0;0;0;0;0;0;0;0;0;0;0;0;0;0;0;0;0;0;0;0
28.05.2024;07:41;A 49;1;8;5;13;19;15;16;2;53;3;50;1;96;0;0;0;0;0;0;1;1;0;100;0;0;7;7;25;53;0;0;0;100;0;100;25;43;0;0;16;49;6;36;7;86;7;56;0;0;5;63;14;47;5;65;0;0;0;0;0;0;0;0;0;0;0;0;0;0;0;0;0;0;0;0
28.05.2024;07:40;A 49;1;4;1;11;12;12;14;9;28;9;38;13;69;0;0;0;0;0;0;10;6;2;95;0;0;3;2;12;81;0;0;0;100;0;100;11;28;0;0;22;35;14;18;8;85;16;56;2;49;11;18;17;51;10;15;0;0;0;0;0;0;0;0;0;0;0;0;0;0;0;0;0;0;0;0
28.05.2024;07:39;A 49;1;3;1;2;2;4;7;3;1;5;30;10;75;0;0;0;0;0;0;8;5;1;97;0;0;3;1;8;83;4;0;0;100;4;91;7;19;0;0;9;42;9;42;4;70;7;60;2;10;6;32;14;59;9;26;0;0;0;0;0;0;0;0;0;0;0;0;0;0;0;0;0;0;0;0
28.05.2024;07:38;A 49;1;3;2;8;8;14;16;4;17;4;46;3;95;0;0;1;0;1;0;0;0;0;100;0;0;4;4;27;58;1;0;0;100;1;99;26;46;1;0;12;33;8;8;7;69;9;50;2;4;7;15;8;59;8;59;0;0;0;0;0;0;0;0;0;0;0;0;0;0;0;0;0;0;0;0
28.05.2024;07:37;A 49;1;0;0;10;9;12;15;10;20;7;29;8;73;0;0;0;0;0;0;6;12;1;99;0;0;2;4;12;79;0;0;0;100;2;96;13;19;0;0;19;22;13;7;7;60;9;26;2;7;2;2;14;38;10;24;0;0;0;0;0;0;0;0;0;0;0;0;0;0;0;0;0;0;0;0
28.05.2024;07:36;A 49;1;1;0;2;2;3;6;2;12;2;19;9;75;0;0;0;0;0;0;5;3;1;67;0;0;3;1;8;81;0;0;0;100;0;100;10;13;0;0;6;33;7;32;3;58;4;49;2;5;4;26;4;63;7;36;0;0;0;0;0;0;0;0;0;0;0;0;0;0;0;0;0;0;0;0
28.05.2024;07:35;A 49;1;3;1;6;8;15;17;5;31;1;54;2;95;0;0;0;0;0;0;1;0;1;97;0;0;5;2;25;50;0;0;0;100;5;66;24;39;0;0;9;41;6;5;2;69;2;64;0;0;7;7;8;24;6;60;0;0;0;0;0;0;0;0;0;0;0;0;0;0;0;0;0;0;0;0
28.05.2024;07:34;A 49;1;0;0;5;5;15;15;2;18;12;31;18;58;0;0;0;0;0;0;9;7;0;49;0;0;3;1;8;69;0;0;3;96;2;64;8;14;0;0;12;25;7;3;6;54;9;39;0;95;4;3;13;26;12;23;0;0;0;0;0;0;0;0;0;0;0;0;0;0;0;0;0;0;0;0
28.05.2024;07:33;A 49;1;1;0;4;4;8;7;1;10;6;14;11;74;0;0;0;0;0;0;6;4;7;87;0;0;2;1;7;65;0;0;2;90;3;73;8;11;0;0;7;29;11;34;2;52;5;56;3;32;4;22;6;14;7;20;0;0;0;0;0;0;0;0;0;0;0;0;0;0;0;0;0;0;0;0
28.05.2024;07:32;A 49;1;1;1;5;6;14;14;5;14;5;37;164;77;0;0;0;0;0;0;2;0;0;100;0;0;4;1;23;41;0;0;1;98;3;53;4;68;0;0;17;44;10;5;4;90;9;51;1;1;2;3;11;51;8;55;0;0;0;0;0;0;0;0;0;0;0;0;0;0;0;0;0;0;0;0
28.05.2024;07:31;A 49;1;0;0;6;7;8;8;6;33;5;39;16;28;0;0;0;0;0;0;9;9;8;83;0;0;5;2;11;15;0;0;0;100;1;83;11;23;0;0;15;21;9;6;5;62;8;18;0;0;5;4;13;38;6;21;0;0;0;0;0;0;0;0;0;0;0;0;0;0;0;0;0;0;0;0
28.05.2024;07:30;A 49;1;0;0;4;3;7;6;1;8;3;7;10;18;0;0;0;0;0;0;6;4;6;88;0;0;2;1;15;79;0;0;0;100;2;99;13;27;0;0;12;33;8;25;5;55;6;56;0;0;4;27;7;24;10;52;0;0;0;0;0;0;0;0;0;0;0;0;0;0;0;0;0;0;0;0
28.05.2024;07:29;A 49;1;1;0;4;4;10;14;4;5;3;38;2;5;0;0;0;0;0;0;1;1;1;97;0;0;7;3;24;57;0;0;0;100;2;42;23;45;2;0;10;41;5;5;6;73;7;58;4;8;6;8;10;27;10;28;0;0;0;0;0;0;0;0;0;0;0;0;0;0;0;0;0;0;0;0
28.05.2024;07:28;A 49;1;1;0;8;7;9;7;6;20;6;21;12;26;0;0;1;0;1;0;9;53;3;94;1;0;1;0;9;72;0;0;0;100;3;18;10;13;0;0;22;46;12;9;2;87;8;43;0;0;2;0;13;48;5;7;0;0;0;0;0;0;0;0;0;0;0;0;0;0;0;0;0;0;0;0
28.05.2024;07:27;A 49;1;1;0;9;8;10;9;2;11;9;16;11;20;0;0;0;0;0;0;9;65;8;87;0;0;6;9;8;69;0;0;1;98;2;65;9;10;0;0;15;26;5;9;1;82;6;50;2;2;5;40;10;59;8;46;0;0;0;0;0;0;0;0;0;0;0;0;0;0;0;0;0;0;0;0
28.05.2024;07:26;A 49;1;3;2;7;8;11;12;8;20;4;34;1;97;0;0;0;0;0;0;2;0;0;100;0;0;2;0;13;35;0;0;5;76;7;48;14;24;0;0;18;46;10;6;5;94;5;71;4;8;6;6;13;73;10;33;0;0;0;0;0;0;0;0;0;0;0;0;0;0;0;0;0;0;0;0
28.05.2024;07:25;A 49;1;1;0;5;5;5;4;2;8;7;7;12;72;0;0;0;0;0;0;6;5;9;86;0;0;3;1;11;79;0;0;0;100;1;47;13;28;0;0;7;9;3;2;4;30;6;14;0;0;3;0;6;16;5;10;0;0;0;0;0;0;0;0;0;0;0;0;0;0;0;0;0;0;0;0
28.05.2024;07:24;A 49;1;0;0;2;1;7;6;1;0;2;16;13;73;0;0;0;0;0;0;11;17;12;86;0;0;3;36;7;85;3;0;0;100;0;100;7;15;1;0;8;21;5;3;5;49;5;19;1;35;2;2;10;25;5;15;0;0;0;0;0;0;0;0;0;0;0;0;0;0;0;0;0;0;0;0
28.05.2024;07:23;A 49;1;0;0;2;2;12;12;3;6;10;27;2;97;0;0;0;0;0;0;2;2;0;100;0;0;5;8;23;59;0;0;0;100;4;56;23;45;0;0;25;30;7;5;3;88;10;60;0;3;2;1;18;42;3;59;0;0;0;0;0;0;0;0;0;0;0;0;0;0;0;0;0;0;0;0
28.05.2024;07:22;A 49;1;3;1;7;7;11;14;5;20;13;29;8;82;0;0;0;0;0;0;7;4;3;91;0;0;4;35;7;51;0;0;0;100;6;51;9;25;0;0;18;27;5;3;6;70;12;37;6;14;4;5;10;37;11;20;0;0;0;0;0;0;0;0;0;0;0;0;0;0;0;0;0;0;0;0
28.05.2024;07:21;A 49;1;0;0;4;4;5;7;4;10;6;19;8;86;0;0;0;0;0;0;5;4;0;100;0;0;3;1;12;56;0;0;2;97;5;36;14;26;0;0;14;63;9;6;1;94;8;76;4;29;3;35;9;57;7;40;0;0;0;0;0;0;0;0;0;0;0;0;0;0;0;0;0;0;0;0
28.05.2024;07:20;A 49;1;1;0;4;4;6;9;3;10;6;14;2;4;0;0;0;0;0;0;1;91;1;99;0;0;5;2;22;40;0;0;0;100;0;0;21;38;0;0;12;34;4;4;4;72;7;45;2;4;1;1;12;47;5;7;0;0;0;0;0;0;0;0;0;0;0;0;0;0;0;0;0;0;0;0
28.05.2024;07:19;A 49;1;0;0;3;3;8;8;2;26;6;23;12;26;0;0;0;0;0;0;9;57;7;89;0;0;1;0;8;67;0;0;1;94;1;1;8;11;0;0;12;18;8;7;4;53;6;25;0;0;1;0;11;36;4;8;0;0;0;0;0;0;0;0;0;0;0;0;0;0;0;0;0;0;0;0
28.05.2024;07:18;A 49;1;1;0;3;2;5;3;3;11;4;4;9;18;0;0;0;0;0;0;9;67;6;85;0;0;4;15;10;68;0;0;1;93;1;48;10;17;0;0;14;19;6;5;7;78;9;50;0;0;1;0;11;26;4;51;0;0;0;0;0;0;0;0;0;0;0;0;0;0;0;0;0;0;0;0
28.05.2024;07:17;A 49;1;3;1;8;8;9;13;5;15;5;46;2;94;0;0;0;0;0;0;1;1;0;100;0;0;3;1;20;44;0;0;2;96;2;37;19;36;0;0;12;36;4;6;3;71;3;48;1;6;3;34;10;54;8;23;0;0;0;0;0;0;0;0;0;0;0;0;0;0;0;0;0;0;0;0
28.05.2024;07:16;A 49;1;0;0;2;2;3;6;2;2;4;3;12;73;0;0;0;0;0;0;8;9;4;90;0;0;5;2;10;68;0;0;1;97;1;1;11;9;0;0;7;8;5;5;3;28;4;14;3;2;2;0;8;24;4;13;0;0;0;0;0;0;0;0;0;0;0;0;0;0;0;0;0;0;0;0
28.05.2024;07:15;A 49;1;0;0;1;0;5;5;0;0;4;2;11;77;0;0;1;0;1;0;6;6;8;92;0;0;5;2;10;67;0;0;2;39;1;1;10;17;0;0;6;9;4;10;4;61;4;33;1;0;0;0;5;11;4;6;0;0;0;0;0;0;0;0;0;0;0;0;0;0;0;0;0;0;0;0
28.05.2024;07:14;A 49;1;2;2;9;12;8;7;6;17;4;28;1;98;0;0;0;0;0;0;9;39;0;100;0;0;9;4;28;49;0;0;0;91;1;47;24;55;0;0;7;17;6;5;6;37;7;56;1;1;3;8;8;15;7;19;0;0;0;0;0;0;0;0;0;0;0;0;0;0;0;0;0;0;0;0
28.05.2024;07:13;A 49;1;0;0;3;3;10;9;1;1;11;29;13;73;0;0;0;0;0;0;12;60;8;90;0;0;3;3;11;82;0;0;0;100;1;76;9;22;0;0;10;12;6;3;7;41;8;22;0;0;0;0;9;17;8;17;0;0;0;0;0;0;0;0;0;0;0;0;0;0;0;0;0;0;0;0
28.05.2024;07:12;A 49;1;0;0;0;0;3;2;1;1;3;2;11;72;0;0;0;0;0;0;9;60;6;86;0;0;4;8;8;87;0;0;0;100;1;75;3;22;0;0;5;8;2;3;6;32;6;15;1;0;0;0;6;14;4;6;0;0;0;0;0;0;0;0;0;0;0;0;0;0;0;0;0;0;0;0
28.05.2024;07:11;A 49;1;1;0;5;6;9;8;0;0;7;10;3;93;0;0;0;0;0;0;1;0;1;99;0;0;3;0;11;24;0;0;4;67;4;41;10;14;0;0;10;11;5;3;5;40;8;40;2;0;0;0;13;22;4;9;0;0;0;0;0;0;0;0;0;0;0;0;0;0;0;0;0;0;0;0
28.05.2024;07:10;A 49;1;0;0;1;1;4;4;2;1;5;3;3;94;0;0;0;0;0;0;2;3;0;100;0;0;3;6;5;41;0;0;0;86;1;15;5;10;0;0;5;6;5;4;3;19;6;9;0;0;0;0;3;6;8;17;0;0;0;0;0;0;0;0;0;0;0;0;0;0;0;0;0;0;0;0
28.05.2024;07:09;A 49;1;0;0;1;0;5;5;1;6;4;8;43;23;0;0;0;0;0;0;6;4;5;25;0;0;3;1;7;68;0;0;2;95;1;1;9;18;0;0;6;10;6;5;4;24;8;48;5;5;0;0;9;23;4;6;0;0;0;0;0;0;0;0;0;0;0;0;0;0;0;0;0;0;0;0
28.05.2024;07:08;A 49;1;0;0;1;0;8;7;0;0;4;12;176;44;0;0;0;0;0;0;19;60;2;39;0;0;5;2;12;22;0;0;3;65;0;0;12;20;0;0;7;39;2;1;4;60;7;31;0;0;0;0;7;16;9;17;0;0;0;0;0;0;0;0;0;0;0;0;0;0;0;0;0;0;0;0
28.05.2024;07:07;A 49;1;1;0;6;6;12;16;3;17;11;29;89;46;0;0;0;0;0;0;7;4;4;47;0;0;2;0;6;59;0;0;4;93;0;0;5;5;0;0;10;13;8;5;6;45;8;26;2;9;1;0;11;25;9;23;0;0;0;0;0;0;0;0;0;0;0;0;0;0;0;0;0;0;0;0
28.05.2024;07:06;A 49;1;1;0;0;0;8;6;0;0;3;10;70;18;0;0;0;0;0;0;5;3;5;17;0;0;0;0;7;80;0;0;1;62;1;0;10;14;0;0;4;6;6;35;3;15;8;43;2;26;0;0;3;11;8;33;0;0;0;0;0;0;0;0;0;0;0;0;0;0;0;0;0;0;0;0
28.05.2024;07:05;A 49;1;2;0;2;2;5;9;2;2;3;17;3;80;0;0;0;0;0;0;1;0;3;19;0;0;6;3;19;20;0;0;3;85;2;10;18;33;0;0;12;47;3;2;4;74;6;44;3;9;0;0;11;38;4;18;0;0;0;0;0;0;0;0;0;0;0;0;0;0;0;0;0;0;0;0
28.05.2024;07:04;A 49;1;0;0;0;0;8;7;0;0;9;20;5;49;0;0;0;0;0;0;5;45;3;47;0;0;0;0;5;5;0;0;2;82;0;0;5;9;0;0;15;25;6;5;3;65;9;28;0;0;0;0;11;36;7;12;0;0;0;0;0;0;0;0;0;0;0;0;0;0;0;0;0;0;0;0
28.05.2024;07:03;A 49;1;2;1;3;3;4;4;3;4;3;8;9;36;0;0;0;0;0;0;9;26;8;29;0;0;2;0;8;25;0;0;5;62;0;0;7;6;0;0;11;17;7;6;5;75;6;24;1;3;0;0;6;64;7;15;0;0;0;0;0;0;0;0;0;0;0;0;0;0;0;0;0;0;0;0
28.05.2024;07:02;A 49;1;0;0;2;1;4;7;4;13;5;10;3;6;0;0;0;0;0;0;1;0;1;84;0;0;5;1;19;41;0;0;1;78;4;14;14;22;0;0;2;2;4;2;3;10;2;9;3;7;0;0;5;14;5;18;0;0;0;0;0;0;0;0;0;0;0;0;0;0;0;0;0;0;0;0
28.05.2024;07:01;A 49;1;1;0;3;3;5;4;2;1;4;19;80;36;0;0;0;0;0;0;70;19;4;73;0;0;1;0;8;51;0;0;4;52;0;0;8;10;0;0;13;20;5;4;8;59;7;20;0;0;0;0;11;26;1;1;0;0;0;0;0;0;0;0;0;0;0;0;0;0;0;0;0;0;0;0
28.05.2024;07:00;A 49;1;0;0;2;2;5;4;1;0;4;2;101;65;0;0;0;0;0;0;85;63;1;97;0;0;7;4;14;43;0;0;3;82;0;0;14;22;0;0;7;11;7;38;2;91;4;88;1;1;0;0;7;53;7;27;0;0;0;0;0;0;0;0;0;0;0;0;0;0;0;0;0;0;0;0
28.05.2024;06:59;A 49;1;1;0;3;3;8;7;1;4;3;17;8;85;0;0;0;0;0;0;3;16;3;96;0;0;3;3;12;58;0;0;2;92;2;6;11;23;0;0;10;15;2;1;2;61;5;15;0;0;1;1;9;22;6;35;0;0;0;0;0;0;0;0;0;0;0;0;0;0;0;0;0;0;0;0
28.05.2024;06:58;A 49;1;1;0;1;0;6;7;5;4;9;17;18;60;0;0;0;0;0;0;15;18;13;80;0;0;2;2;2;80;0;0;1;95;3;13;1;1;0;0;19;25;4;2;3;73;10;36;1;2;0;0;13;53;3;5;0;0;0;0;0;0;0;0;0;0;0;0;0;0;0;0;0;0;0;0
28.05.2024;06:57;A 49;1;0;0;4;4;6;5;4;2;2;5;10;79;0;0;0;0;0;0;8;7;5;93;0;0;3;4;8;72;0;0;2;93;2;20;6;8;0;0;7;10;2;1;3;74;4;11;0;0;0;0;6;44;6;50;0;0;0;0;0;0;0;0;0;0;0;0;0;0;0;0;0;0;0;0
28.05.2024;06:56;A 49;1;1;0;4;4;12;16;5;14;4;25;26;82;0;0;0;0;0;0;2;75;1;88;0;0;2;0;16;26;0;0;7;79;0;0;2;6;0;0;7;12;6;38;1;39;5;67;2;6;4;8;10;70;5;59;0;0;0;0;0;0;0;0;0;0;0;0;0;0;0;0;0;0;0;0
28.05.2024;06:55;A 49;1;0;0;2;1;1;0;0;0;0;0;11;54;0;0;0;0;0;0;8;39;6;63;0;0;3;1;7;40;0;0;1;64;0;0;0;0;0;0;13;16;3;10;3;49;7;29;0;0;0;0;10;26;6;19;0;0;0;0;0;0;0;0;0;0;0;0;0;0;0;0;0;0;0;0
28.05.2024;06:54;A 49;1;0;0;1;1;1;1;0;0;2;2;3;5;0;0;0;0;0;0;3;2;0;8;0;0;5;3;12;18;0;0;0;100;1;16;0;0;0;0;4;10;2;8;4;25;4;17;0;0;0;0;5;10;2;3;0;0;0;0;0;0;0;0;0;0;0;0;0;0;0;0;0;0;0;0
28.05.2024;06:53;A 49;1;1;0;4;4;7;9;2;6;4;17;5;79;0;0;0;0;0;0;3;4;2;52;0;0;3;7;7;13;0;0;4;55;1;1;1;0;0;0;8;10;3;3;2;57;5;47;1;2;0;0;7;17;5;12;0;0;0;0;0;0;0;0;0;0;0;0;0;0;0;0;0;0;0;0
28.05.2024;06:52;A 49;1;1;0;2;2;7;12;0;0;7;30;5;10;0;0;0;0;0;0;17;22;3;58;0;0;2;34;6;35;0;0;3;63;0;0;0;0;0;0;16;21;4;3;5;77;8;35;2;8;0;0;16;41;9;24;0;0;0;0;0;0;0;0;0;0;0;0;0;0;0;0;0;0;0;0
28.05.2024;06:51;A 49;1;1;0;2;2;3;3;1;2;3;3;8;14;0;0;0;0;0;0;9;30;7;41;0;0;4;9;9;72;0;0;1;92;0;0;3;2;0;0;7;19;1;1;2;47;5;11;2;32;0;0;7;35;3;6;0;0;0;0;0;0;0;0;0;0;0;0;0;0;0;0;0;0;0;0
28.05.2024;06:50;A 49;1;0;0;3;2;10;9;0;0;4;12;6;16;0;0;0;0;0;0;3;82;3;75;0;0;2;0;13;25;0;0;3;62;2;9;0;0;0;0;4;30;3;2;2;18;7;22;1;1;0;0;5;10;6;10;0;0;0;0;0;0;0;0;0;0;0;0;0;0;0;0;0;0;0;0
28.05.2024;06:49;A 49;1;0;0;1;1;2;1;0;0;4;7;10;40;0;0;0;0;0;0;8;15;2;48;0;0;3;3;8;76;0;0;0;100;5;56;0;0;0;0;7;11;4;2;6;33;6;11;0;0;0;0;8;13;4;7;0;0;0;0;0;0;0;0;0;0;0;0;0;0;0;0;0;0;0;0
28.05.2024;06:48;A 49;1;0;0;0;0;4;4;0;0;1;3;74;53;0;0;0;0;0;0;4;3;4;52;0;0;4;0;8;46;0;0;5;77;2;2;0;0;0;0;5;7;4;33;4;37;4;36;1;27;0;0;4;7;6;11;0;0;0;0;0;0;0;0;0;0;0;0;0;0;0;0;0;0;0;0
28.05.2024;06:47;A 49;1;1;0;3;3;10;9;2;1;9;18;5;88;0;0;0;0;0;0;2;0;2;85;0;0;3;2;9;16;0;0;3;46;1;3;1;3;0;0;4;5;4;30;3;20;8;41;0;0;0;0;3;8;6;47;0;0;0;0;0;0;0;0;0;0;0;0;0;0;0;0;0;0;0;0
28.05.2024;06:46;A 49;1;0;0;2;2;4;3;0;0;2;4;29;37;0;0;0;0;0;0;1;1;1;42;0;0;0;0;5;61;0;0;2;38;0;0;0;0;0;0;15;18;8;5;2;56;11;24;1;7;0;0;11;34;6;13;0;0;0;0;0;0;0;0;0;0;0;0;0;0;0;0;0;0;0;0
28.05.2024;06:45;A 49;1;0;0;2;1;2;2;0;0;2;4;16;11;0;0;0;0;0;0;7;5;2;11;0;0;3;1;6;10;0;0;3;35;1;2;0;0;0;0;8;36;1;3;7;58;6;21;0;0;1;1;10;41;1;2;0;0;0;0;0;0;0;0;0;0;0;0;0;0;0;0;0;0;0;0
28.05.2024;06:44;A 49;1;1;0;2;2;7;7;2;1;7;18;4;37;0;0;0;0;0;0;133;38;1;45;0;0;6;2;21;39;0;0;0;76;1;9;0;0;0;0;5;7;5;3;1;44;8;16;0;0;0;0;3;11;7;13;0;0;0;0;0;0;0;0;0;0;0;0;0;0;0;0;0;0;0;0
28.05.2024;06:43;A 49;1;0;0;1;0;3;2;1;0;5;5;7;35;0;0;0;0;0;0;20;9;4;37;0;0;5;4;10;83;0;0;0;100;0;18;0;0;0;0;10;12;3;1;3;53;5;16;0;0;0;0;11;28;3;3;0;0;0;0;0;0;0;0;0;0;0;0;0;0;0;0;0;0;0;0
28.05.2024;06:42;A 49;1;0;0;0;0;0;0;0;0;0;0;3;5;0;0;0;0;0;0;3;2;2;7;0;0;3;1;8;85;0;0;0;100;1;92;0;0;0;0;9;58;5;35;3;90;4;64;2;18;0;0;10;28;2;3;0;0;0;0;0;0;0;0;0;0;0;0;0;0;0;0;0;0;0;0
28.05.2024;06:41;A 49;1;0;0;4;4;8;7;6;3;10;17;47;30;0;0;1;0;1;0;2;35;2;46;0;0;5;3;9;22;0;0;1;89;3;20;0;0;0;0;15;24;6;6;4;81;5;51;0;0;0;0;9;55;5;10;0;0;0;0;0;0;0;0;0;0;0;0;0;0;0;0;0;0;0;0
28.05.2024;06:40;A 49;1;0;0;1;0;3;3;1;0;3;2;9;14;0;0;0;0;0;0;6;45;4;54;0;0;0;0;8;54;0;0;4;90;0;0;0;0;0;0;9;13;3;4;4;34;5;12;0;0;0;0;8;23;4;7;0;0;0;0;0;0;0;0;0;0;0;0;0;0;0;0;0;0;0;0
28.05.2024;06:39;A 49;1;0;0;1;1;4;4;1;0;4;2;3;7;0;0;0;0;0;0;3;32;2;7;0;0;2;0;4;36;0;0;3;49;1;1;0;0;0;0;4;36;2;2;4;62;6;30;0;0;0;0;8;17;6;14;0;0;0;0;0;0;0;0;0;0;0;0;0;0;0;0;0;0;0;0
28.05.2024;06:38;A 49;1;0;0;1;0;7;6;0;0;6;7;28;84;0;0;0;0;0;0;1;0;2;49;0;0;6;4;14;21;0;0;2;62;0;0;1;0;0;0;8;41;6;3;3;65;5;47;0;0;0;0;6;44;7;10;0;0;0;0;0;0;0;0;0;0;0;0;0;0;0;0;0;0;0;0
28.05.2024;06:37;A 49;1;1;0;4;4;9;13;2;13;5;25;24;57;0;0;0;0;0;0;6;18;2;67;0;0;2;18;8;54;0;0;2;85;0;0;0;0;0;0;9;13;3;2;5;43;7;25;0;0;0;0;9;27;3;13;0;0;0;0;0;0;0;0;0;0;0;0;0;0;0;0;0;0;0;0
28.05.2024;06:36;A 49;1;0;0;1;1;3;2;1;0;5;5;84;33;0;0;0;0;0;0;2;18;3;18;0;0;1;0;8;81;0;0;0;100;0;0;0;0;0;0;6;39;2;1;2;58;5;41;1;47;0;0;7;20;8;15;0;0;0;0;0;0;0;0;0;0;0;0;0;0;0;0;0;0;0;0
28.05.2024;06:35;A 49;1;0;0;1;1;4;4;0;0;4;4;7;78;0;0;0;0;0;0;6;4;2;84;0;0;3;1;10;38;0;0;4;64;0;0;1;72;0;0;2;2;3;3;2;9;6;13;1;0;0;0;3;4;4;7;0;0;0;0;0;0;0;0;0;0;0;0;0;0;0;0;0;0;0;0
28.05.2024;06:34;A 49;1;0;0;0;0;4;4;0;0;3;11;5;12;0;0;0;0;0;0;8;4;0;40;0;0;1;0;7;76;0;0;0;100;1;1;1;1;0;0;1;1;0;0;1;6;3;10;1;0;0;0;1;2;4;7;0;0;0;0;0;0;0;0;0;0;0;0;0;0;0;0;0;0;0;0
28.05.2024;06:33;A 49;1;0;0;3;2;6;7;2;1;1;17;1;4;0;0;0;0;0;0;41;43;2;54;0;0;3;1;13;16;0;0;5;62;1;4;2;4;0;0;7;12;4;2;6;36;5;38;1;6;0;0;8;19;4;21;0;0;0;0;0;0;0;0;0;0;0;0;0;0;0;0;0;0;0;0
28.05.2024;06:32;A 49;1;0;0;1;1;5;5;3;3;2;9;10;41;1;36;0;0;0;0;1;40;2;60;0;0;0;0;4;62;0;0;1;79;0;0;1;1;0;0;5;9;7;7;2;28;4;24;1;1;0;0;7;16;6;12;0;0;0;0;0;0;0;0;0;0;0;0;0;0;0;0;0;0;0;0
28.05.2024;06:31;A 49;1;1;0;2;2;6;5;0;0;5;9;0;100;0;0;0;0;0;0;2;32;0;100;0;0;6;2;10;10;0;0;5;43;0;0;0;0;1;0;4;4;2;1;2;16;5;15;0;0;0;0;3;7;4;8;0;0;0;0;0;0;0;0;0;0;0;0;0;0;0;0;0;0;0;0
28.05.2024;06:30;A 49;1;0;0;1;0;8;7;0;0;5;6;10;73;0;0;0;0;0;0;8;73;4;91;0;0;3;1;7;9;0;0;2;33;0;0;0;0;0;0;12;19;9;14;0;51;5;32;0;0;1;0;5;41;7;23;0;0;0;0;0;0;0;0;0;0;0;0;0;0;0;0;0;0;0;0
28.05.2024;06:29;A 49;1;0;0;0;0;4;3;0;0;7;4;8;90;0;0;0;0;0;0;8;36;0;100;0;0;1;0;7;50;0;0;4;68;0;0;0;0;0;0;11;16;2;2;5;63;6;20;0;0;0;0;11;35;5;10;0;0;0;0;0;0;0;0;0;0;0;0;0;0;0;0;0;0;0;0
28.05.2024;06:28;A 49;1;0;0;0;0;2;1;0;0;1;7;46;78;0;0;0;0;0;0;3;0;1;74;0;0;3;5;16;63;0;0;0;99;2;14;0;0;0;0;2;2;5;4;1;12;5;17;0;0;0;0;1;3;4;8;0;0;0;0;0;0;0;0;0;0;0;0;0;0;0;0;0;0;0;0
28.05.2024;06:27;A 49;1;0;0;1;0;7;11;1;0;6;21;69;30;0;0;0;0;0;0;3;7;6;15;0;0;4;2;9;57;0;0;1;83;1;2;0;0;0;0;4;7;5;17;6;18;6;39;0;0;0;0;7;11;6;19;0;0;0;0;0;0;0;0;0;0;0;0;0;0;0;0;0;0;0;0
28.05.2024;06:26;A 49;1;2;1;3;4;6;6;1;1;4;17;44;61;0;0;0;0;0;0;4;49;5;13;0;0;3;1;14;52;0;0;3;82;0;0;0;0;0;0;7;17;3;13;2;43;4;29;2;4;1;0;8;24;8;19;0;0;0;0;0;0;0;0;0;0;0;0;0;0;0;0;0;0;0;0
28.05.2024;06:25;A 49;1;1;0;3;4;3;2;1;9;2;5;82;13;0;0;0;0;0;0;0;0;2;3;0;0;1;0;7;48;0;0;2;50;0;0;1;0;0;0;2;9;1;1;1;37;3;10;0;0;0;0;2;5;3;6;0;0;0;0;0;0;0;0;0;0;0;0;0;0;0;0;0;0;0;0
28.05.2024;06:24;A 49;1;0;0;3;2;5;4;1;0;3;7;6;15;0;0;0;0;0;0;5;9;5;12;0;0;2;0;11;30;0;0;4;81;0;0;0;0;0;0;7;8;2;6;7;31;4;12;0;0;1;0;7;12;3;6;0;0;0;0;0;0;0;0;0;0;0;0;0;0;0;0;0;0;0;0
28.05.2024;06:23;A 49;1;1;0;3;3;6;6;2;6;3;23;6;65;0;0;0;0;0;0;4;55;2;77;0;0;5;1;9;11;0;0;0;28;2;6;0;0;0;0;7;30;7;9;0;53;2;46;0;0;0;0;2;44;2;4;0;0;0;0;0;0;0;0;0;0;0;0;0;0;0;0;0;0;0;0
28.05.2024;06:22;A 49;1;1;0;4;4;4;7;4;12;4;9;3;40;0;0;0;0;0;0;1;36;3;43;0;0;2;3;11;72;1;0;0;100;1;23;0;0;0;0;6;34;6;6;5;57;4;50;1;7;0;0;9;29;6;14;0;0;0;0;0;0;0;0;0;0;0;0;0;0;0;0;0;0;0;0
28.05.2024;06:21;A 49;1;0;0;1;1;2;1;2;1;1;0;4;22;0;0;0;0;0;0;5;17;2;25;0;0;1;0;5;58;0;0;5;82;1;1;0;0;0;0;6;22;5;17;4;42;7;18;0;0;0;0;6;15;2;7;0;0;0;0;0;0;0;0;0;0;0;0;0;0;0;0;0;0;0;0
28.05.2024;06:20;A 49;1;0;0;1;1;3;3;0;0;4;2;2;39;0;0;0;0;0;0;2;36;3;27;0;0;1;49;5;57;0;0;4;20;0;0;1;1;0;0;5;9;3;24;2;50;3;17;1;16;0;0;5;11;4;10;0;0;0;0;0;0;0;0;0;0;0;0;0;0;0;0;0;0;0;0
28.05.2024;06:19;A 49;1;0;0;0;0;18;9;0;0;1;5;4;76;0;0;0;0;0;0;4;71;2;11;0;0;3;4;11;49;0;0;3;50;2;6;0;0;0;0;2;12;3;2;3;25;7;16;0;0;0;0;4;9;6;10;0;0;0;0;0;0;0;0;0;0;0;0;0;0;0;0;0;0;0;0
28.05.2024;06:18;A 49;1;0;0;3;0;8;45;0;0;5;4;90;14;0;0;0;0;0;0;1;22;2;3;0;0;5;2;16;37;0;0;2;76;0;0;0;0;0;0;4;8;2;2;3;37;5;10;0;0;0;0;4;7;2;4;0;0;0;0;0;0;0;0;0;0;0;0;0;0;0;0;0;0;0;0
28.05.2024;06:17;A 49;1;0;0;2;1;3;6;2;2;1;11;116;21;0;0;0;0;0;0;3;1;3;5;0;0;1;0;10;14;0;0;1;48;0;0;2;5;0;0;4;31;5;4;2;21;4;23;1;6;0;0;4;13;4;10;0;0;0;0;0;0;0;0;0;0;0;0;0;0;0;0;0;0;0;0
28.05.2024;06:16;A 49;1;0;0;2;2;6;5;1;1;7;5;7;58;0;0;0;0;0;0;8;7;4;69;0;0;0;0;4;62;0;0;3;64;0;0;1;0;1;0;5;16;3;2;3;37;6;16;0;0;0;0;5;10;4;7;0;0;0;0;0;0;0;0;0;0;0;0;0;0;0;0;0;0;0;0
28.05.2024;06:15;A 49;1;0;0;1;0;1;0;0;0;1;0;5;37;0;0;0;0;0;0;3;33;5;43;0;0;2;1;5;65;0;0;2;61;0;0;0;0;0;0;5;26;0;0;2;39;3;8;0;0;0;0;4;6;3;5;0;0;0;0;0;0;0;0;0;0;0;0;0;0;0;0;0;0;0;0
28.05.2024;06:14;A 49;1;0;0;0;0;1;0;0;0;1;1;9;38;0;0;0;0;0;0;7;20;3;46;0;0;3;2;6;10;0;0;2;44;0;0;0;0;0;0;5;20;5;7;4;39;5;35;0;0;0;0;6;14;2;3;0;0;0;0;0;0;0;0;0;0;0;0;0;0;0;0;0;0;0;0
28.05.2024;06:13;A 49;1;0;0;0;0;2;1;0;0;1;3;4;39;0;0;0;0;0;0;1;4;4;35;0;0;0;0;7;51;0;0;2;86;2;12;0;0;0;0;6;10;5;8;2;66;1;40;0;0;0;0;7;25;2;6;0;0;0;0;0;0;0;0;0;0;0;0;0;0;0;0;0;0;0;0
28.05.2024;06:12;A 49;1;0;0;3;3;3;3;0;0;5;5;6;25;0;0;0;0;0;0;1;47;2;45;0;0;1;1;10;61;0;0;1;81;0;0;0;0;0;0;7;42;2;3;6;63;3;15;0;0;0;0;7;19;3;6;0;0;0;0;0;0;0;0;0;0;0;0;0;0;0;0;0;0;0;0
28.05.2024;06:11;A 49;1;1;0;3;3;4;3;1;1;4;9;6;79;0;0;0;0;0;0;3;2;6;11;0;0;1;0;7;30;0;0;2;66;0;0;0;0;0;0;3;8;3;4;3;28;3;8;0;0;0;0;3;5;4;7;0;0;0;0;0;0;0;0;0;0;0;0;0;0;0;0;0;0;0;0
28.05.2024;06:10;A 49;1;0;0;2;2;4;3;0;0;1;3;9;56;0;0;0;0;0;0;6;50;9;18;0;0;1;2;6;15;0;0;4;44;0;0;0;0;0;0;4;4;4;3;2;16;6;14;0;0;0;0;4;8;4;7;0;0;0;0;0;0;0;0;0;0;0;0;0;0;0;0;0;0;0;0
28.05.2024;06:09;A 49;1;0;0;1;1;5;5;1;0;2;6;8;40;0;0;0;0;0;0;5;13;7;54;0;0;1;43;1;0;0;0;1;4;0;0;0;0;0;0;5;21;3;1;2;38;2;23;0;0;0;0;5;11;2;3;0;0;0;0;0;0;0;0;0;0;0;0;0;0;0;0;0;0;0;0
28.05.2024;06:08;A 49;1;0;0;0;0;0;0;0;0;0;0;2;4;0;0;0;0;0;0;2;52;2;4;0;0;4;3;9;43;0;0;2;93;3;12;0;0;0;0;7;9;5;5;4;31;5;28;0;0;0;0;4;9;3;6;0;0;0;0;0;0;0;0;0;0;0;0;0;0;0;0;0;0;0;0
28.05.2024;06:07;A 49;1;0;0;3;2;4;6;1;11;2;9;0;20;0;0;0;0;0;0;0;19;0;0;0;0;2;40;5;55;0;0;4;29;0;0;0;0;0;0;7;29;4;4;2;52;1;7;1;5;0;0;8;17;1;2;0;0;0;0;0;0;0;0;0;0;0;0;0;0;0;0;0;0;0;0
28.05.2024;06:06;A 49;1;0;0;0;0;2;2;0;0;1;0;2;22;0;0;0;0;0;0;2;17;3;9;0;0;1;0;9;7;0;0;6;43;0;0;0;4;0;0;3;24;1;1;1;37;4;21;0;0;0;0;4;12;3;9;0;0;0;0;0;0;0;0;0;0;0;0;0;0;0;0;0;0;0;0
28.05.2024;06:05;A 49;1;0;0;3;3;1;1;2;0;1;0;1;3;0;0;0;0;0;0;0;0;1;3;0;0;3;2;10;40;0;0;4;67;1;7;1;52;0;0;4;5;1;1;4;17;4;13;1;8;1;0;5;11;3;9;0;0;0;0;0;0;0;0;0;0;0;0;0;0;0;0;0;0;0;0
28.05.2024;06:04;A 49;1;0;0;0;0;5;4;0;0;0;0;2;5;0;0;0;0;0;0;1;75;2;5;0;0;2;0;7;23;0;0;5;40;0;0;0;0;0;0;4;13;3;43;2;53;3;12;0;0;0;0;3;7;3;4;0;0;0;0;0;0;0;0;0;0;0;0;0;0;0;0;0;0;0;0
28.05.2024;06:03;A 49;1;0;0;1;1;1;1;0;0;0;0;1;3;0;0;0;0;0;0;0;0;1;2;0;0;0;3;10;20;0;0;2;54;0;0;0;0;0;0;2;3;0;0;2;10;3;4;0;0;0;0;3;5;3;6;0;0;0;0;0;0;0;0;0;0;0;0;0;0;0;0;0;0;0;0
28.05.2024;06:02;A 49;1;0;0;0;0;1;0;0;0;0;0;2;4;0;0;0;0;0;0;1;0;1;24;0;0;3;23;3;48;0;0;3;51;0;0;0;0;0;0;4;4;3;2;4;20;6;10;0;0;0;0;4;7;2;3;0;0;0;0;0;0;0;0;0;0;0;0;0;0;0;0;0;0;0;0
28.05.2024;06:01;A 49;1;0;0;2;0;0;0;0;0;0;0;6;12;0;0;0;0;0;0;5;3;3;16;0;0;3;1;7;53;4;0;6;29;0;0;0;0;0;0;3;46;1;0;1;57;1;2;0;0;0;0;3;6;0;0;0;0;0;0;0;0;0;0;0;0;0;0;0;0;0;0;0;0;0;0
28.05.2024;06:00;A 49;1;0;0;2;1;9;10;0;0;1;3;2;22;0;0;0;0;0;0;2;1;3;46;0;0;2;5;6;27;1;0;2;91;0;0;0;0;0;0;3;4;5;6;2;13;4;20;1;3;0;0;4;9;4;10;0;0;0;0;0;0;0;0;0;0;0;0;0;0;0;0;0;0;0;0
28.05.2024;05:59;A 49;1;0;0;1;0;1;0;0;0;0;0;1;3;0;0;0;0;0;0;1;0;1;14;0;0;2;0;6;41;0;0;4;76;0;0;0;0;0;0;2;3;2;1;2;12;2;39;1;3;0;0;3;7;5;41;0;0;0;0;0;0;0;0;0;0;0;0;0;0;0;0;0;0;0;0
28.05.2024;05:58;A 49;1;0;0;1;1;4;3;0;0;0;0;3;6;0;0;0;0;0;0;1;31;2;52;0;0;0;0;9;46;0;0;4;68;1;12;0;0;0;0;2;2;3;5;1;8;2;14;0;0;0;0;1;4;3;6;0;0;0;0;0;0;0;0;0;0;0;0;0;0;0;0;0;0;0;0
28.05.2024;05:57;A 49;1;0;0;0;0;3;3;0;0;0;0;1;18;0;0;0;0;0;0;0;0;1;3;0;0;0;0;1;37;0;0;2;10;0;0;0;0;0;0;4;4;2;1;1;15;3;7;0;0;0;0;3;6;1;2;0;0;0;0;0;0;0;0;0;0;0;0;0;0;0;0;0;0;0;0
28.05.2024;05:56;A 49;1;0;0;2;2;3;2;0;0;0;0;2;4;0;0;0;0;0;0;2;20;2;4;0;0;0;0;2;61;0;0;1;21;0;0;0;0;0;0;4;36;1;1;4;53;4;39;0;0;1;0;5;10;5;9;0;0;0;0;0;0;0;0;0;0;0;0;0;0;0;0;0;0;0;0
28.05.2024;05:55;A 49;1;0;0;1;1;2;4;0;0;0;0;4;19;0;0;0;0;0;0;4;6;2;21;0;0;0;0;4;57;0;0;2;75;0;0;1;5;0;0;6;6;8;5;2;24;6;41;1;7;0;0;5;15;2;7;0;0;0;0;0;0;0;0;0;0;0;0;0;0;0;0;0;0;0;0
28.05.2024;05:54;A 49;1;0;0;0;0;1;0;0;0;0;0;0;0;0;0;0;0;0;0;0;0;1;1;0;0;5;2;8;69;0;0;2;95;0;0;0;0;0;0;3;9;3;3;2;24;2;18;0;0;0;0;5;15;1;2;0;0;0;0;0;0;0;0;0;0;0;0;0;0;0;0;0;0;0;0
28.05.2024;05:53;A 49;1;0;0;1;1;2;2;0;0;0;0;2;8;0;0;0;0;0;0;1;6;1;8;0;0;1;0;4;68;0;0;3;56;0;0;0;0;0;0;4;8;0;0;2;26;3;9;0;0;1;0;4;9;1;4;0;0;0;0;0;0;0;0;0;0;0;0;0;0;0;0;0;0;0;0
28.05.2024;05:52;A 49;1;0;0;0;0;4;4;0;0;0;0;1;6;0;0;0;0;0;0;2;49;2;3;0;0;1;0;7;48;0;0;3;76;0;0;0;0;0;0;3;2;3;2;1;9;5;8;0;0;0;0;1;3;2;6;0;0;0;0;0;0;0;0;0;0;0;0;0;0;0;0;0;0;0;0
28.05.2024;05:51;A 49;1;0;0;0;0;3;3;0;0;0;1;8;14;0;0;0;0;0;0;3;10;4;67;0;0;1;0;2;19;0;0;3;20;0;0;0;0;0;0;1;0;1;1;1;6;1;2;1;1;0;0;3;3;2;2;0;0;0;0;0;0;0;0;0;0;0;0;0;0;0;0;0;0;0;0
28.05.2024;05:50;A 49;1;0;0;1;0;3;2;0;0;1;0;1;9;0;0;0;0;0;0;2;30;2;32;0;0;2;1;5;34;0;0;2;52;1;6;0;0;0;0;6;31;4;3;5;26;6;16;0;0;0;0;7;11;6;9;0;0;0;0;0;0;0;0;0;0;0;0;0;0;0;0;0;0;0;0
28.05.2024;05:49;A 49;1;0;0;0;0;1;0;0;0;0;0;6;34;0;0;0;0;0;0;3;19;3;58;0;0;1;0;2;37;0;0;3;50;0;0;1;0;0;0;1;19;2;1;1;8;2;5;0;0;0;0;1;2;3;5;0;0;0;0;0;0;0;0;0;0;0;0;0;0;0;0;0;0;0;0
28.05.2024;05:48;A 49;1;0;0;0;0;2;1;0;0;0;0;7;12;0;0;0;0;0;0;5;3;4;21;0;0;1;0;7;77;0;0;0;100;0;0;1;0;1;0;5;7;3;1;4;34;4;9;0;0;0;0;5;12;1;1;0;0;0;0;0;0;0;0;0;0;0;0;0;0;0;0;0;0;0;0
28.05.2024;05:47;A 49;1;0;0;0;0;2;1;0;0;0;0;2;56;0;0;0;0;0;0;0;16;5;56;0;0;2;2;2;9;1;0;2;22;1;0;1;1;0;0;3;3;1;1;3;9;2;3;0;0;0;0;3;5;1;1;0;0;0;0;0;0;0;0;0;0;0;0;0;0;0;0;0;0;0;0
28.05.2024;05:46;A 49;1;0;0;4;4;4;4;1;5;1;3;1;11;0;0;0;0;0;0;1;7;1;2;0;0;3;1;6;19;0;0;3;49;0;0;0;0;0;0;8;10;5;5;3;36;5;40;0;0;1;2;8;23;4;10;0;0;0;0;0;0;0;0;0;0;0;0;0;0;0;0;0;0;0;0
28.05.2024;05:45;A 49;1;1;0;2;2;2;2;0;0;1;6;4;13;0;0;0;0;0;0;2;1;4;9;0;0;0;0;8;45;0;0;1;64;0;0;1;1;0;0;3;2;4;1;2;10;3;9;1;3;0;0;3;5;2;3;0;0;0;0;0;0;0;0;0;0;0;0;0;0;0;0;0;0;0;0
28.05.2024;05:44;A 49;1;0;0;0;0;3;3;0;0;0;0;4;5;0;0;0;0;0;0;3;1;4;7;0;0;3;0;9;64;0;0;0;93;0;0;1;1;0;0;2;2;0;0;2;9;1;7;1;4;1;0;3;8;2;6;0;0;0;0;0;0;0;0;0;0;0;0;0;0;0;0;0;0;0;0
28.05.2024;05:43;A 49;1;0;0;1;0;2;1;0;0;0;0;1;4;0;0;0;0;0;0;1;0;1;13;0;0;2;4;3;49;0;0;4;55;0;0;0;0;0;0;4;4;1;0;4;15;3;5;0;0;0;0;3;5;4;6;0;0;0;0;0;0;0;0;0;0;0;0;0;0;0;0;0;0;0;0
28.05.2024;05:42;A 49;1;0;0;0;0;4;3;0;0;0;0;2;2;0;0;0;0;0;0;0;0;2;4;0;0;1;1;4;70;0;0;1;82;0;0;0;0;0;0;4;38;3;3;1;53;6;47;0;0;0;0;3;7;3;5;0;0;0;0;0;0;0;0;0;0;0;0;0;0;0;0;0;0;0;0
28.05.2024;05:41;A 49;1;1;1;1;1;1;0;0;0;0;0;0;0;0;0;0;0;0;0;0;0;0;0;0;0;0;0;8;9;0;0;2;63;1;3;0;0;0;0;3;32;1;0;2;51;2;4;0;0;0;0;5;11;1;2;0;0;0;0;0;0;0;0;0;0;0;0;0;0;0;0;0;0;0;0
28.05.2024;05:40;A 49;1;0;0;0;0;0;0;0;0;0;0;0;0;0;0;0;0;0;0;0;0;0;0;0;0;3;4;6;83;0;0;0;100;0;0;0;0;0;0;10;34;10;11;2;64;3;33;0;0;0;0;5;35;2;3;0;0;0;0;0;0;0;0;0;0;0;0;0;0;0;0;0;0;0;0
28.05.2024;05:39;A 49;1;0;0;0;0;2;1;0;0;0;0;3;10;0;0;0;0;0;0;2;16;2;18;0;0;1;0;4;76;0;0;0;100;4;18;0;0;0;0;5;37;8;33;4;60;6;48;0;0;0;0;7;41;3;5;0;0;0;0;0;0;0;0;0;0;0;0;0;0;0;0;0;0;0;0
28.05.2024;05:38;A 49;1;0;0;1;1;4;3;0;0;1;2;0;0;0;0;0;0;0;0;0;0;1;1;0;0;2;2;7;38;0;0;2;58;1;7;0;0;0;0;1;2;2;2;0;1;1;11;0;0;0;0;0;0;1;2;0;0;0;0;0;0;0;0;0;0;0;0;0;0;0;0;0;0;0;0
28.05.2024;05:37;A 49;1;0;0;1;1;2;3;0;0;0;0;2;11;0;0;0;0;0;0;1;0;2;7;0;0;2;2;3;31;0;0;3;50;0;0;0;0;0;0;3;6;3;4;2;19;4;16;1;2;1;0;4;8;3;7;0;0;0;0;0;0;0;0;0;0;0;0;0;0;0;0;0;0;0;0
28.05.2024;05:36;A 49;1;0;0;0;0;4;4;0;0;0;0;1;1;0;0;0;0;0;0;1;0;1;2;0;0;1;0;2;48;0;0;1;14;0;0;0;0;0;0;7;16;7;8;4;46;8;32;0;0;0;0;7;20;5;12;0;0;0;0;0;0;0;0;0;0;0;0;0;0;0;0;0;0;0;0
28.05.2024;05:35;A 49;1;0;0;0;0;1;1;0;0;0;0;4;4;0;0;0;0;0;0;2;1;4;7;0;0;0;0;3;10;0;0;2;33;0;0;0;0;0;0;2;1;0;0;2;8;2;2;0;0;0;0;3;4;2;3;0;0;0;0;0;0;0;0;0;0;0;0;0;0;0;0;0;0;0;0
28.05.2024;05:34;A 49;1;0;0;0;0;4;3;0;0;2;6;3;3;0;0;0;0;0;0;1;0;3;5;0;0;0;0;2;14;0;0;0;17;0;0;0;0;0;0;1;1;2;1;1;5;3;10;0;0;0;0;3;2;4;9;0;0;0;0;0;0;0;0;0;0;0;0;0;0;0;0;0;0;0;0
28.05.2024;05:33;A 49;1;0;0;0;0;2;3;0;0;2;5;0;0;0;0;0;0;0;0;0;0;0;0;0;0;3;7;2;25;0;0;2;38;1;3;0;0;0;0;3;7;2;0;4;20;4;10;1;2;0;0;3;8;2;5;0;0;0;0;0;0;0;0;0;0;0;0;0;0;0;0;0;0;0;0
28.05.2024;05:32;A 49;1;0;0;0;0;5;8;0;0;2;7;2;5;0;0;0;0;0;0;2;47;2;4;0;0;1;2;1;3;0;0;2;26;0;0;3;8;0;0;4;9;2;1;1;47;3;34;2;12;0;0;4;17;1;6;0;0;0;0;0;0;0;0;0;0;0;0;0;0;0;0;0;0;0;0
28.05.2024;05:31;A 49;1;0;0;0;0;1;0;0;0;0;0;1;1;0;0;0;0;0;0;0;0;1;2;0;0;0;0;2;1;0;0;1;8;1;4;0;0;0;0;3;7;1;0;1;50;1;7;0;0;0;0;2;3;4;7;0;0;0;0;0;0;0;0;0;0;0;0;0;0;0;0;0;0;0;0
28.05.2024;05:30;A 49;1;0;0;0;0;1;0;0;0;0;0;1;1;0;0;0;0;0;0;0;0;1;1;0;0;2;0;5;33;0;0;0;44;0;0;0;0;0;0;0;0;0;0;1;5;1;2;0;0;0;0;2;3;1;1;0;0;0;0;0;0;0;0;0;0;0;0;0;0;0;0;0;0;0;0
28.05.2024;05:29;A 49;1;0;0;0;0;2;2;0;0;0;0;2;16;0;0;0;0;0;0;0;0;2;8;0;0;0;0;1;70;0;0;2;52;0;0;0;0;0;0;3;10;1;1;1;42;2;4;0;0;0;0;3;6;2;3;0;0;0;0;0;0;0;0;0;0;0;0;0;0;0;0;0;0;0;0
28.05.2024;05:28;A 49;1;0;0;0;0;0;0;0;0;0;0;2;6;0;0;0;0;0;0;1;21;2;22;0;0;1;0;4;3;0;0;4;28;1;1;0;0;0;0;3;11;2;2;3;15;2;5;0;0;0;0;3;6;0;0;0;0;0;0;0;0;0;0;0;0;0;0;0;0;0;0;0;0;0;0
28.05.2024;05:27;A 49;1;0;0;0;0;2;1;0;0;0;0;0;0;0;0;0;0;0;0;0;0;0;0;0;0;4;6;6;44;0;0;1;59;0;0;0;0;0;0;2;12;1;1;1;10;4;7;0;0;1;0;2;4;2;3;0;0;0;0;0;0;0;0;0;0;0;0;0;0;0;0;0;0;0;0
28.05.2024;05:26;A 49;1;0;0;0;0;0;0;0;0;0;0;0;0;0;0;0;0;0;0;0;0;0;0;0;0;2;2;3;63;0;0;1;79;0;0;0;0;0;0;6;8;2;1;4;29;2;9;0;0;0;0;5;13;0;0;0;0;0;0;0;0;0;0;0;0;0;0;0;0;0;0;0;0;0;0
28.05.2024;05:25;A 49;1;0;0;0;0;0;1;0;0;0;0;2;2;0;0;0;0;0;0;1;0;2;3;0;0;2;3;6;41;0;0;1;66;0;0;0;15;0;0;2;34;3;24;2;47;2;37;0;0;0;0;2;6;0;0;0;0;0;0;0;0;0;0;0;0;0;0;0;0;0;0;0;0;0;0
28.05.2024;05:24;A 49;1;0;0;0;0;1;0;0;0;0;0;2;2;0;0;0;0;0;0;2;1;2;3;0;0;2;3;7;54;0;0;2;80;4;22;3;5;0;0;3;4;1;0;3;16;3;5;1;2;0;0;4;8;1;2;0;0;0;0;0;0;0;0;0;0;0;0;0;0;0;0;0;0;0;0
28.05.2024;05:23;A 49;1;0;0;0;0;0;0;0;0;0;0;2;29;0;0;0;0;0;0;1;1;1;32;0;0;0;0;1;49;0;0;2;16;0;0;1;0;0;0;1;4;3;2;1;12;1;7;0;0;0;0;1;5;1;2;0;0;0;0;0;0;0;0;0;0;0;0;0;0;0;0;0;0;0;0
28.05.2024;05:22;A 49;1;0;0;0;0;1;1;0;0;0;0;1;2;0;0;0;0;0;0;0;0;1;2;0;0;0;0;2;57;0;0;2;30;0;0;0;0;0;0;0;0;1;1;0;0;1;3;0;0;0;0;0;0;1;2;0;0;0;0;0;0;0;0;0;0;0;0;0;0;0;0;0;0;0;0
28.05.2024;05:21;A 49;1;0;0;0;0;1;1;0;0;1;2;0;2;0;0;0;0;0;0;1;0;0;0;0;0;0;0;3;40;0;0;3;33;0;0;0;0;0;0;4;8;1;1;2;47;3;15;0;0;0;0;4;10;1;2;0;0;0;0;0;0;0;0;0;0;0;0;0;0;0;0;0;0;0;0
28.05.2024;05:20;A 49;1;0;0;0;0;4;4;0;0;0;0;1;15;0;0;0;0;0;0;0;0;1;3;0;0;2;1;5;52;0;0;2;67;0;0;0;0;0;0;2;4;2;17;1;37;4;14;0;0;0;0;3;6;4;8;0;0;0;0;0;0;0;0;0;0;0;0;0;0;0;0;0;0;0;0
28.05.2024;05:19;A 49;1;0;0;0;0;0;0;0;0;0;0;42;9;0;0;0;0;0;0;0;0;0;0;0;0;0;0;1;0;2;1;1;4;0;0;0;0;0;0;6;5;1;0;3;26;2;13;0;0;0;0;3;10;1;0;0;0;0;0;0;0;0;0;0;0;0;0;0;0;0;0;0;0;0;0
28.05.2024;05:18;A 49;1;0;0;0;0;0;0;0;0;0;0;116;29;0;0;0;0;0;0;0;0;0;0;0;0;1;0;1;0;0;0;1;7;0;0;1;0;0;0;2;2;0;0;1;8;1;1;0;0;0;0;1;4;0;0;0;0;0;0;0;0;0;0;0;0;0;0;0;0;0;0;0;0;0;0
28.05.2024;05:17;A 49;1;0;0;0;0;2;4;0;0;0;0;90;25;0;0;0;0;0;0;2;1;3;6;0;0;0;0;0;0;0;0;0;0;0;0;0;0;0;0;2;2;4;2;2;10;3;12;1;4;1;0;2;9;1;5;0;0;0;0;0;0;0;0;0;0;0;0;0;0;0;0;0;0;0;0
28.05.2024;05:16;A 49;1;0;0;0;0;0;0;0;0;0;0;27;6;0;0;0;0;0;0;0;0;0;0;0;0;1;55;2;4;0;0;1;28;0;0;2;4;0;0;2;6;2;4;1;14;3;11;0;0;0;0;2;4;1;2;0;0;0;0;0;0;0;0;0;0;0;0;0;0;0;0;0;0;0;0
28.05.2024;05:15;A 49;1;0;0;0;0;1;1;0;0;0;0;16;4;0;0;0;0;0;0;0;20;0;0;0;0;1;2;3;18;0;0;2;39;0;0;2;3;0;0;0;0;0;0;2;0;1;2;0;0;0;0;1;2;1;1;0;0;0;0;0;0;0;0;0;0;0;0;0;0;0;0;0;0;0;0
28.05.2024;05:14;A 49;1;0;0;1;0;0;0;0;0;0;0;7;34;0;0;0;0;0;0;2;2;2;18;0;0;0;0;2;68;0;0;1;81;0;0;1;0;0;0;0;0;0;0;0;0;0;0;0;0;0;0;0;0;0;0;0;0;0;0;0;0;0;0;0;0;0;0;0;0;0;0;0;0;0;0
28.05.2024;05:13;A 49;1;0;0;1;0;0;0;0;0;0;0;2;40;0;0;0;0;0;0;0;32;1;37;0;0;1;1;1;3;0;0;0;0;0;0;1;1;0;0;2;3;0;0;2;15;2;5;0;0;2;0;3;4;0;0;0;0;0;0;0;0;0;0;0;0;0;0;0;0;0;0;0;0;0;0
28.05.2024;05:12;A 49;1;0;0;0;0;2;2;0;0;0;0;1;3;0;0;0;0;0;0;1;1;1;5;0;0;0;0;2;47;0;0;2;33;0;0;1;1;0;0;2;2;0;0;2;10;1;2;1;4;0;0;2;3;1;1;0;0;0;0;0;0;0;0;0;0;0;0;0;0;0;0;0;0;0;0
28.05.2024;05:11;A 49;1;0;0;0;0;0;0;0;0;0;0;2;3;0;0;0;0;0;0;2;2;2;4;0;0;1;2;4;43;0;0;4;61;1;3;2;4;0;0;1;2;0;0;1;0;1;4;0;0;0;0;1;1;1;2;0;0;0;0;0;0;0;0;0;0;0;0;0;0;0;0;0;0;0;0
28.05.2024;05:10;A 49;1;0;0;0;0;3;2;0;0;0;0;2;18;0;0;0;0;0;0;2;1;2;6;0;0;1;0;0;8;0;0;1;34;0;0;2;3;0;0;1;1;3;1;6;16;4;11;0;0;0;0;2;3;3;5;0;0;0;0;0;0;0;0;0;0;0;0;0;0;0;0;0;0;0;0
28.05.2024;05:09;A 49;1;0;0;0;0;1;1;0;0;0;0;0;0;0;0;0;0;0;0;0;0;0;0;0;0;3;8;2;71;0;0;2;34;0;0;2;2;0;0;2;2;1;0;1;9;2;5;0;0;0;0;1;2;2;5;0;0;0;0;0;0;0;0;0;0;0;0;0;0;0;0;0;0;0;0
28.05.2024;05:08;A 49;1;0;0;0;0;1;0;0;0;0;0;11;2;0;0;0;0;0;0;0;0;0;0;0;0;0;0;2;31;0;0;2;52;1;12;3;4;0;0;2;5;3;5;1;15;2;12;0;0;0;0;2;6;2;1;0;0;0;0;0;0;0;0;0;0;0;0;0;0;0;0;0;0;0;0
28.05.2024;05:07;A 49;1;0;0;0;0;1;1;0;0;0;0;48;9;0;0;0;0;0;0;0;0;0;0;0;0;0;0;2;1;0;0;2;12;1;5;1;1;0;0;3;24;2;2;2;21;1;4;0;0;0;0;1;5;0;0;0;0;0;0;0;0;0;0;0;0;0;0;0;0;0;0;0;0;0;0
28.05.2024;05:06;A 49;1;0;0;1;1;1;2;0;0;0;0;26;7;0;0;0;0;0;0;0;0;1;1;0;0;0;0;1;1;0;0;2;9;0;0;2;4;0;0;1;1;1;1;2;3;1;2;1;5;0;0;3;4;2;7;0;0;0;0;0;0;0;0;0;0;0;0;0;0;0;0;0;0;0;0
28.05.2024;05:05;A 49;1;0;0;0;0;0;0;0;0;0;0;20;20;0;0;0;0;0;0;1;1;2;5;0;0;0;0;2;11;0;0;3;22;0;0;1;1;0;0;1;1;0;0;1;3;0;0;0;0;0;0;1;2;0;0;0;0;0;0;0;0;0;0;0;0;0;0;0;0;0;0;0;0;0;0
28.05.2024;05:04;A 49;1;0;0;1;1;1;1;0;0;0;0;23;9;0;0;0;0;0;0;0;0;0;0;0;0;1;0;0;28;0;0;0;0;0;0;0;32;0;0;0;0;0;0;0;0;0;0;0;0;0;0;0;0;0;0;0;0;0;0;0;0;0;0;0;0;0;0;0;0;0;0;0;0;0;0
28.05.2024;05:03;A 49;1;0;0;0;0;3;2;0;0;0;0;6;2;0;0;0;0;0;0;1;0;1;0;0;0;1;0;3;42;0;0;1;17;0;0;2;36;0;0;1;1;2;0;2;5;2;18;1;1;0;0;3;3;4;9;0;0;0;0;0;0;0;0;0;0;0;0;0;0;0;0;0;0;0;0
28.05.2024;05:02;A 49;1;0;0;0;0;0;0;0;0;0;0;6;2;0;0;0;0;0;0;0;0;0;0;0;0;1;1;3;41;0;0;3;25;0;0;2;29;0;0;0;0;0;0;0;0;0;0;0;0;0;0;0;0;0;0;0;0;0;0;0;0;0;0;0;0;0;0;0;0;0;0;0;0;0;0
28.05.2024;05:01;A 49;1;0;0;0;0;0;0;0;0;0;0;0;0;0;0;0;0;0;0;0;0;0;0;0;0;0;0;0;0;0;0;1;14;0;0;0;0;0;0;1;0;1;0;1;3;1;1;0;0;0;0;1;1;0;0;0;0;0;0;0;0;0;0;0;0;0;0;0;0;0;0;0;0;0;0
28.05.2024;05:00;A 49;1;0;0;0;0;0;0;0;0;0;0;2;3;0;0;0;0;0;0;1;3;1;2;0;0;0;0;1;3;0;0;1;8;0;0;1;7;0;0;0;0;0;0;0;0;0;0;0;0;0;0;0;0;0;0;0;0;0;0;0;0;0;0;0;0;0;0;0;0;0;0;0;0;0;0
28.05.2024;04:59;A 49;1;0;0;0;0;1;1;0;0;0;0;0;0;0;0;0;0;0;0;0;0;0;0;0;0;2;2;1;19;0;0;1;10;0;0;1;4;0;0;1;1;1;0;2;4;2;3;0;0;0;0;2;3;1;1;0;0;0;0;0;0;0;0;0;0;0;0;0;0;0;0;0;0;0;0
28.05.2024;04:58;A 49;1;0;0;1;1;0;0;0;0;0;0;1;1;0;0;0;0;0;0;1;0;1;1;0;0;0;56;1;28;0;0;3;12;0;0;1;14;0;0;0;0;0;0;0;0;0;0;0;0;0;0;0;0;1;1;0;0;0;0;0;0;0;0;0;0;0;0;0;0;0;0;0;0;0;0
28.05.2024;04:57;A 49;1;0;0;0;0;0;0;0;0;0;0;1;1;0;0;0;0;0;0;1;0;1;1;0;0;1;2;0;0;0;0;0;0;0;0;0;0;0;0;0;0;0;0;0;0;0;0;0;0;0;0;0;0;0;0;0;0;0;0;0;0;0;0;0;0;0;0;0;0;0;0;0;0;0;0
28.05.2024;04:56;A 49;1;0;0;1;0;2;3;0;0;0;0;0;0;0;0;0;0;0;0;0;6;0;0;0;0;1;1;2;15;0;0;3;20;0;0;2;2;0;0;0;0;0;0;1;0;1;3;1;1;0;0;1;1;1;1;0;0;0;0;0;0;0;0;0;0;0;0;0;0;0;0;0;0;0;0
28.05.2024;04:55;A 49;1;0;0;0;0;0;0;0;0;0;0;1;3;0;0;0;0;0;0;1;24;1;2;0;0;1;0;2;19;0;0;1;31;0;0;1;5;0;0;0;0;0;0;1;0;0;0;0;0;0;0;0;0;1;1;0;0;0;0;0;0;0;0;0;0;0;0;0;0;0;0;0;0;0;0
28.05.2024;04:54;A 49;1;0;0;0;0;0;0;0;0;0;0;2;2;0;0;0;0;0;0;1;0;2;1;0;0;0;0;0;0;0;0;0;0;0;0;0;0;0;0;1;1;0;0;1;3;0;0;0;0;0;0;2;1;0;0;0;0;0;0;0;0;0;0;0;0;0;0;0;0;0;0;0;0;0;0
28.05.2024;04:53;A 49;1;0;0;0;0;0;0;0;0;0;0;0;0;0;0;0;0;0;0;0;0;0;0;0;0;0;0;0;0;0;0;0;0;0;0;0;0;0;0;0;0;0;0;0;0;0;0;0;0;0;0;0;0;0;0;0;0;0;0;0;0;0;0;0;0;0;0;0;0;0;0;0;0;0;0
28.05.2024;04:52;A 49;1;0;0;0;0;0;0;0;0;0;0;0;0;0;0;0;0;0;0;0;0;0;0;0;0;0;0;0;0;0;0;0;0;0;0;0;0;0;0;0;0;0;0;0;0;0;0;0;0;0;0;0;0;0;0;0;0;0;0;0;0;0;0;0;0;0;0;0;0;0;0;0;0;0;0
28.05.2024;04:51;A 49;1;0;0;0;0;0;0;0;0;0;0;10;29;0;0;0;0;0;0;1;28;0;0;0;0;0;0;0;0;0;0;0;0;0;0;0;0;0;0;0;12;0;0;0;0;0;0;0;0;0;0;0;0;0;0;0;0;0;0;0;0;0;0;0;0;0;0;0;0;0;0;0;0;0;0
28.05.2024;04:50;A 49;1;0;0;0;0;0;0;0;0;0;0;67;35;0;0;0;0;0;0;2;23;2;2;0;0;0;0;0;4;0;0;0;0;0;0;2;5;0;0;4;3;0;0;2;19;3;11;0;0;0;0;2;5;0;0;0;0;0;0;0;0;0;0;0;0;0;0;0;0;0;0;0;0;0;0
28.05.2024;04:49;A 49;1;0;0;0;0;0;0;0;0;0;0;94;19;0;0;0;0;0;0;0;0;0;0;0;0;0;0;1;26;0;0;1;14;0;0;0;0;0;0;0;0;0;0;0;0;0;0;0;0;0;0;0;0;0;0;0;0;0;0;0;0;0;0;0;0;0;0;0;0;0;0;0;0;0;0
28.05.2024;04:48;A 49;1;0;0;0;0;1;1;0;0;0;0;86;14;0;0;0;0;0;0;0;0;0;0;0;0;0;0;0;0;0;0;0;0;0;0;0;0;0;0;1;2;0;0;2;4;0;0;0;0;0;0;1;1;1;1;0;0;0;0;0;0;0;0;0;0;0;0;0;0;0;0;0;0;0;0
28.05.2024;04:47;A 49;1;0;0;0;0;1;1;0;0;0;0;34;4;0;0;0;0;0;0;0;0;0;0;0;0;0;0;0;0;0;0;0;0;0;0;0;0;0;0;0;0;1;1;0;0;0;0;0;0;0;0;0;0;1;2;0;0;0;0;0;0;0;0;0;0;0;0;0;0;0;0;0;0;0;0
28.05.2024;04:46;A 49;1;0;0;0;0;1;1;0;0;0;0;2;48;0;0;0;0;0;0;1;47;1;2;0;0;0;0;0;0;0;0;0;0;0;0;0;0;0;0;2;4;0;0;1;10;1;3;0;0;0;0;1;4;0;0;0;0;0;0;0;0;0;0;0;0;0;0;0;0;0;0;0;0;0;0
28.05.2024;04:45;A 49;1;0;0;0;0;2;3;0;0;0;0;0;0;0;0;0;0;0;0;0;0;0;0;0;0;0;0;1;20;0;0;1;7;0;0;1;18;0;0;3;3;1;0;3;11;2;5;1;1;0;0;3;6;2;3;0;0;0;0;0;0;0;0;0;0;0;0;0;0;0;0;0;0;0;0
28.05.2024;04:44;A 49;1;0;0;0;0;0;0;0;0;0;0;1;1;0;0;0;0;0;0;1;0;1;0;0;0;0;0;0;0;0;0;1;3;0;0;1;1;0;0;2;1;1;0;2;6;1;1;0;0;0;0;2;3;0;0;0;0;0;0;0;0;0;0;0;0;0;0;0;0;0;0;0;0;0;0
28.05.2024;04:43;A 49;1;0;0;0;0;0;0;0;0;0;0;2;23;0;0;0;0;0;0;0;0;1;1;0;0;1;0;2;1;0;0;4;13;0;0;1;1;0;0;2;12;0;0;2;13;0;0;0;0;0;0;2;3;0;0;0;0;0;0;0;0;0;0;0;0;0;0;0;0;0;0;0;0;0;0
28.05.2024;04:42;A 49;1;0;0;0;0;0;0;0;0;0;0;1;1;0;0;0;0;0;0;1;0;1;0;0;0;1;0;1;0;0;0;3;4;0;0;0;0;0;0;0;0;0;0;0;0;0;0;0;0;0;0;0;0;0;0;0;0;0;0;0;0;0;0;0;0;0;0;0;0;0;0;0;0;0;0
28.05.2024;04:41;A 49;1;0;0;0;0;0;0;0;0;0;0;0;0;0;0;0;0;0;0;0;0;0;0;0;0;0;0;1;7;0;0;2;11;0;0;2;5;0;0;0;0;0;0;0;0;0;0;0;0;0;0;0;0;0;0;0;0;0;0;0;0;0;0;0;0;0;0;0;0;0;0;0;0;0;0
28.05.2024;04:40;A 49;1;0;0;0;0;1;0;0;0;0;0;0;0;0;0;0;0;0;0;0;0;0;0;0;0;1;0;0;0;0;0;0;0;0;0;2;18;0;0;1;12;1;0;1;4;1;2;0;0;0;0;1;1;1;2;0;0;0;0;0;0;0;0;0;0;0;0;0;0;0;0;0;0;0;0
28.05.2024;04:39;A 49;1;0;0;0;0;0;0;0;0;0;0;0;0;0;0;0;0;0;0;0;0;0;0;0;0;0;0;0;0;0;0;0;0;0;0;0;0;0;0;0;0;0;0;0;0;0;0;0;0;0;0;0;0;0;0;0;0;0;0;0;0;0;0;0;0;0;0;0;0;0;0;0;0;0;0
28.05.2024;04:38;A 49;1;0;0;0;0;1;0;0;0;0;0;28;4;0;0;0;0;0;0;0;0;0;0;0;0;0;0;1;45;0;0;3;56;0;0;2;34;0;0;3;30;1;1;3;40;2;8;0;0;0;0;3;3;0;0;0;0;0;0;0;0;0;0;0;0;0;0;0;0;0;0;0;0;0;0
28.05.2024;04:37;A 49;1;0;0;0;0;0;0;0;0;0;0;107;19;0;0;0;0;0;0;1;0;1;0;0;0;1;0;1;40;0;0;2;13;0;0;1;3;0;0;0;0;0;0;1;0;1;1;0;0;0;0;0;0;1;1;0;0;0;0;0;0;0;0;0;0;0;0;0;0;0;0;0;0;0;0
28.05.2024;04:36;A 49;1;0;0;0;0;0;0;0;0;0;0;69;21;0;0;0;0;0;0;1;1;0;0;0;0;0;0;0;0;0;0;0;0;0;0;0;0;0;0;0;0;0;0;0;0;0;0;0;0;0;0;0;0;0;0;0;0;0;0;0;0;0;0;0;0;0;0;0;0;0;0;0;0;0;0
28.05.2024;04:35;A 49;1;0;0;0;0;0;0;0;0;0;0;97;24;0;0;0;0;0;0;0;0;1;2;0;0;1;0;1;2;0;0;1;8;0;0;1;1;0;0;0;0;0;0;0;0;0;0;0;0;0;0;0;0;0;0;0;0;0;0;0;0;0;0;0;0;0;0;0;0;0;0;0;0;0;0
28.05.2024;04:34;A 49;1;0;0;0;0;1;0;0;0;0;0;76;17;0;0;0;0;0;0;0;0;0;0;0;0;1;2;2;27;0;0;4;20;0;0;1;6;0;0;0;0;0;0;0;0;0;0;0;0;0;0;0;0;0;0;0;0;0;0;0;0;0;0;0;0;0;0;0;0;0;0;0;0;0;0
28.05.2024;04:33;A 49;1;0;0;0;0;0;0;0;0;0;0;64;17;0;0;0;0;0;0;0;0;0;0;0;0;2;1;3;45;0;0;3;42;0;0;4;5;0;0;0;0;1;0;1;2;1;2;0;0;0;0;0;0;2;1;0;0;0;0;0;0;0;0;0;0;0;0;0;0;0;0;0;0;0;0
28.05.2024;04:32;A 49;1;0;0;0;0;0;0;0;0;0;0;40;9;0;0;0;0;0;0;0;0;0;0;0;0;0;0;1;50;0;0;1;14;0;0;1;1;0;0;0;0;0;0;0;0;0;0;0;0;0;0;0;0;0;0;0;0;0;0;0;0;0;0;0;0;0;0;0;0;0;0;0;0;0;0
28.05.2024;04:31;A 49;1;0;0;0;0;0;0;0;0;0;0;17;3;0;0;0;0;0;0;0;0;0;0;0;0;0;0;1;6;0;0;1;11;0;0;0;0;0;0;0;0;0;0;0;0;0;0;0;0;0;0;0;0;0;0;0;0;0;0;0;0;0;0;0;0;0;0;0;0;0;0;0;0;0;0
28.05.2024;04:30;A 49;1;0;0;0;0;0;0;0;0;0;0;74;28;0;0;0;0;0;0;0;0;1;1;0;0;0;0;0;0;0;0;0;0;0;0;0;0;0;0;0;0;0;0;0;0;0;0;0;0;0;0;0;0;0;0;0;0;0;0;0;0;0;0;0;0;0;0;0;0;0;0;0;0;0;0
28.05.2024;04:29;A 49;1;0;0;0;0;0;0;0;0;0;0;113;37;0;0;0;0;0;0;1;0;1;0;0;0;0;0;1;9;0;0;1;6;0;0;0;15;0;0;1;1;0;0;2;3;2;2;0;0;0;0;1;1;0;0;0;0;0;0;0;0;0;0;0;0;0;0;0;0;0;0;0;0;0;0
28.05.2024;04:28;A 49;1;0;0;0;0;0;0;0;0;0;0;80;20;0;0;0;0;0;0;0;0;0;0;0;0;0;0;1;41;0;0;2;11;0;0;1;13;0;0;0;0;0;0;0;0;0;0;0;0;0;0;0;0;0;0;0;0;0;0;0;0;0;0;0;0;0;0;0;0;0;0;0;0;0;0
28.05.2024;04:27;A 49;1;0;0;0;0;0;0;0;0;0;0;107;20;0;0;0;0;0;0;0;0;0;0;0;0;1;0;1;1;0;0;1;5;2;3;0;0;0;0;0;0;0;0;0;0;0;0;0;0;0;0;0;0;0;0;0;0;0;0;0;0;0;0;0;0;0;0;0;0;0;0;0;0;0;0
28.05.2024;04:26;A 49;1;0;0;0;0;1;0;0;0;0;0;131;33;0;0;0;0;0;0;0;0;0;0;0;0;0;0;0;0;0;0;0;0;0;0;0;0;0;0;0;0;1;1;1;2;1;4;0;0;0;0;0;0;1;2;0;0;0;0;0;0;0;0;0;0;0;0;0;0;0;0;0;0;0;0
28.05.2024;04:25;A 49;1;0;0;0;0;0;0;0;0;0;0;137;26;0;0;0;0;0;0;0;0;0;0;0;0;1;0;1;25;0;0;1;18;0;0;2;3;0;0;1;0;0;0;0;3;1;1;0;0;0;0;0;0;0;0;0;0;0;0;0;0;0;0;0;0;0;0;0;0;0;0;0;0;0;0
28.05.2024;04:24;A 49;1;0;0;1;1;2;2;0;0;0;0;96;23;0;0;0;0;0;0;0;0;0;0;0;0;0;0;1;30;0;0;1;9;0;0;0;0;0;0;0;0;0;0;2;4;2;6;0;0;1;1;1;2;2;4;0;0;0;0;0;0;0;0;0;0;0;0;0;0;0;0;0;0;0;0
28.05.2024;04:23;A 49;1;0;0;0;0;1;0;0;0;0;0;95;25;0;0;0;0;0;0;0;0;0;0;0;0;1;1;4;33;0;0;2;25;1;3;2;6;0;0;0;0;1;2;1;0;1;5;0;0;0;0;1;0;2;2;0;0;0;0;0;0;0;0;0;0;0;0;0;0;0;0;0;0;0;0
28.05.2024;04:22;A 49;1;0;0;0;0;0;0;0;0;0;0;93;22;0;0;0;0;0;0;0;0;0;0;0;0;0;0;0;0;0;0;1;7;0;0;0;0;0;0;1;1;1;1;1;1;1;1;0;0;0;0;2;1;0;0;0;0;0;0;0;0;0;0;0;0;0;0;0;0;0;0;0;0;0;0
28.05.2024;04:21;A 49;1;0;0;0;0;0;0;0;0;0;0;58;12;0;0;0;0;0;0;0;0;0;0;0;0;1;0;1;45;0;0;2;3;0;0;1;0;0;0;0;0;0;0;0;0;0;0;0;0;0;0;0;0;0;0;0;0;0;0;0;0;0;0;0;0;0;0;0;0;0;0;0;0;0;0
28.05.2024;04:20;A 49;1;0;0;0;0;0;0;0;0;0;0;64;13;0;0;0;0;0;0;0;0;0;0;0;0;0;0;1;25;0;0;2;8;0;0;0;0;0;0;0;0;0;0;0;0;0;0;0;0;0;0;0;0;0;0;0;0;0;0;0;0;0;0;0;0;0;0;0;0;0;0;0;0;0;0
28.05.2024;04:19;A 49;1;0;0;0;0;0;0;0;0;0;0;113;36;0;0;0;0;0;0;0;0;1;0;0;0;0;0;0;0;0;0;0;0;0;0;0;0;0;0;0;0;0;0;0;0;0;0;0;0;0;0;0;0;0;0;0;0;0;0;0;0;0;0;0;0;0;0;0;0;0;0;0;0;0;0
28.05.2024;04:18;A 49;1;0;0;0;0;1;1;0;0;0;0;24;6;0;0;0;0;0;0;0;0;0;0;0;0;0;0;0;0;0;0;0;0;0;0;2;14;0;0;2;2;2;2;2;10;3;5;0;0;0;0;3;5;1;1;0;0;0;0;0;0;0;0;0;0;0;0;0;0;0;0;0;0;0;0
28.05.2024;04:17;A 49;1;0;0;0;0;0;0;0;0;0;0;27;7;0;0;0;0;0;0;0;0;0;0;0;0;1;0;1;0;0;0;2;4;0;0;1;0;0;0;0;0;0;0;0;0;0;0;0;0;0;0;0;0;0;0;0;0;0;0;0;0;0;0;0;0;0;0;0;0;0;0;0;0;0;0
28.05.2024;04:16;A 49;1;0;0;0;0;0;0;0;0;0;0;32;14;0;0;0;0;0;0;0;0;0;0;0;0;0;0;0;0;0;0;0;0;0;0;0;0;0;0;0;0;1;0;1;1;1;1;0;0;0;0;1;1;0;0;0;0;0;0;0;0;0;0;0;0;0;0;0;0;0;0;0;0;0;0
28.05.2024;04:15;A 49;1;0;0;0;0;0;0;0;0;0;0;48;20;0;0;0;0;0;0;0;0;1;1;0;0;0;0;1;0;0;0;1;6;0;0;1;2;0;0;0;0;0;0;0;0;0;0;0;0;0;0;0;0;0;0;0;0;0;0;0;0;0;0;0;0;0;0;0;0;0;0;0;0;0;0
28.05.2024;04:14;A 49;1;0;0;0;0;1;1;0;0;0;0;36;13;0;0;0;0;0;0;0;0;0;0;0;0;0;0;0;0;0;0;0;0;0;0;0;0;0;0;0;0;0;0;1;0;1;2;0;0;0;0;1;1;1;1;0;0;0;0;0;0;0;0;0;0;0;0;0;0;0;0;0;0;0;0
28.05.2024;04:13;A 49;1;0;0;0;0;0;0;0;0;0;0;22;8;0;0;0;0;0;0;0;0;0;0;0;0;0;0;0;0;0;0;0;0;0;0;1;3;0;0;1;2;0;0;2;5;1;2;0;0;0;0;0;0;0;0;0;0;0;0;0;0;0;0;0;0;0;0;0;0;0;0;0;0;0;0
28.05.2024;04:12;A 49;1;0;0;0;0;0;0;0;0;0;0;30;20;0;0;0;0;0;0;0;0;0;0;0;0;0;0;3;60;0;0;4;54;0;0;1;4;0;0;0;0;0;0;0;0;0;0;0;0;0;0;1;1;0;0;0;0;0;0;0;0;0;0;0;0;0;0;0;0;0;0;0;0;0;0
28.05.2024;04:11;A 49;1;0;0;0;0;0;0;0;0;0;0;33;17;0;0;0;0;0;0;0;0;0;0;0;0;0;0;0;0;0;0;0;0;0;0;1;1;0;0;1;1;0;0;1;4;0;0;0;0;0;0;1;1;0;0;0;0;0;0;0;0;0;0;0;0;0;0;0;0;0;0;0;0;0;0
28.05.2024;04:10;A 49;1;0;0;0;0;0;0;0;0;0;0;29;14;0;0;0;0;0;0;1;9;1;0;0;0;0;0;0;0;0;0;0;0;0;0;0;0;0;0;1;3;0;0;1;4;1;1;0;0;0;0;1;2;0;0;0;0;0;0;0;0;0;0;0;0;0;0;0;0;0;0;0;0;0;0
28.05.2024;04:09;A 49;1;0;0;0;0;0;0;0;0;0;0;44;28;0;0;0;0;0;0;0;0;0;0;0;0;0;0;0;0;0;0;0;0;0;0;0;0;0;0;1;1;0;0;1;4;0;0;0;0;0;0;1;1;0;0;0;0;0;0;0;0;0;0;0;0;0;0;0;0;0;0;0;0;0;0
28.05.2024;04:08;A 49;1;0;0;0;0;0;0;0;0;0;0;34;22;0;0;0;0;0;0;0;0;0;0;0;0;0;0;0;0;0;0;0;0;0;0;0;0;0;0;0;0;0;0;0;0;0;0;0;0;0;0;0;0;0;0;0;0;0;0;0;0;0;0;0;0;0;0;0;0;0;0;0;0;0;0
28.05.2024;04:07;A 49;1;0;0;0;0;0;0;0;0;0;0;21;17;0;0;0;0;0;0;0;0;0;0;0;0;0;0;0;0;0;0;0;0;0;0;0;0;0;0;0;0;0;0;0;0;0;0;0;0;0;0;0;0;0;0;0;0;0;0;0;0;0;0;0;0;0;0;0;0;0;0;0;0;0;0
28.05.2024;04:06;A 49;1;0;0;1;1;0;0;0;0;0;0;34;16;0;0;0;0;0;0;0;0;0;0;0;0;0;0;0;0;0;0;0;0;0;0;0;0;0;0;1;0;0;0;1;3;1;1;0;0;0;0;1;1;0;0;0;0;0;0;0;0;0;0;0;0;0;0;0;0;0;0;0;0;0;0
28.05.2024;04:05;A 49;1;0;0;0;0;0;0;0;0;0;0;26;11;0;0;0;0;0;0;0;0;0;0;0;0;0;0;0;0;0;0;0;0;0;0;0;0;0;0;0;0;0;0;0;0;0;0;0;0;0;0;0;0;0;0;0;0;0;0;0;0;0;0;0;0;0;0;0;0;0;0;0;0;0;0
28.05.2024;04:04;A 49;1;0;0;0;0;1;1;0;0;0;0;25;11;0;0;0;0;0;0;0;0;0;0;0;0;0;0;0;0;0;0;0;0;0;0;0;0;0;0;0;0;1;1;1;0;1;4;0;0;0;0;0;0;1;2;0;0;0;0;0;0;0;0;0;0;0;0;0;0;0;0;0;0;0;0
28.05.2024;04:03;A 49;1;0;0;0;0;0;0;0;0;0;0;39;26;0;0;0;0;0;0;0;0;0;0;0;0;0;0;0;0;0;0;0;0;0;0;0;0;0;0;0;0;0;0;0;0;0;0;0;0;0;0;0;0;0;0;0;0;0;0;0;0;0;0;0;0;0;0;0;0;0;0;0;0;0;0
28.05.2024;04:02;A 49;1;0;0;0;0;0;0;0;0;0;0;30;15;0;0;0;0;0;0;0;0;0;0;0;0;0;0;1;44;0;0;0;44;0;0;2;43;0;0;0;0;0;0;0;0;0;0;0;0;0;0;0;0;0;0;0;0;0;0;0;0;0;0;0;0;0;0;0;0;0;0;0;0;0;0
28.05.2024;04:01;A 49;1;0;0;0;0;0;0;0;0;0;0;10;5;0;0;0;0;0;0;0;0;0;0;0;0;0;0;1;14;0;0;1;25;0;0;0;0;0;0;0;0;0;0;0;0;0;0;0;0;0;0;0;0;0;0;0;0;0;0;0;0;0;0;0;0;0;0;0;0;0;0;0;0;0;0
28.05.2024;04:00;A 49;1;0;0;0;0;0;0;0;0;0;0;26;6;0;0;0;0;0;0;0;0;0;0;0;0;0;0;0;0;0;0;0;0;0;0;0;0;0;0;0;0;0;0;0;0;0;0;0;0;0;0;0;0;0;0;0;0;0;0;0;0;0;0;0;0;0;0;0;0;0;0;0;0;0;0
28.05.2024;03:59;A 49;1;0;0;0;0;0;0;0;0;0;0;6;2;0;0;0;0;0;0;0;0;0;0;0;0;0;0;0;0;0;0;0;0;0;0;0;0;0;0;0;0;0;0;0;0;0;0;0;0;0;0;0;0;0;0;0;0;0;0;0;0;0;0;0;0;0;0;0;0;0;0;0;0;0;0
28.05.2024;03:58;A 49;1;0;0;0;0;0;0;0;0;0;0;6;2;0;0;0;0;0;0;0;0;0;0;0;0;1;0;0;0;0;0;0;0;0;0;2;3;0;0;1;1;1;0;1;3;1;1;0;0;0;0;1;1;0;0;0;0;0;0;0;0;0;0;0;0;0;0;0;0;0;0;0;0;0;0
28.05.2024;03:57;A 49;1;0;0;0;0;0;0;0;0;0;0;68;8;0;0;0;0;0;0;1;2;1;1;0;0;0;0;0;0;0;0;0;0;0;0;1;4;0;0;1;31;0;0;1;3;0;0;0;0;0;0;1;1;0;0;0;0;0;0;0;0;0;0;0;0;0;0;0;0;0;0;0;0;0;0
28.05.2024;03:56;A 49;1;0;0;0;0;1;1;0;0;0;0;1;3;0;0;0;0;0;0;1;5;1;2;0;0;0;0;0;0;0;0;0;0;0;0;0;0;0;0;0;0;0;0;0;0;0;0;0;0;0;0;0;0;0;0;0;0;0;0;0;0;0;0;0;0;0;0;0;0;0;0;0;0;0;0
28.05.2024;03:55;A 49;1;0;0;0;0;0;0;0;0;0;0;18;3;0;0;0;0;0;0;0;0;0;0;0;0;0;0;0;0;0;0;0;0;0;0;0;0;0;0;0;0;0;0;0;0;0;0;0;0;0;0;0;0;0;0;0;0;0;0;0;0;0;0;0;0;0;0;0;0;0;0;0;0;0;0
28.05.2024;03:54;A 49;1;0;0;0;0;0;0;0;0;0;0;4;0;0;0;0;0;0;0;0;0;0;0;0;0;0;0;0;0;0;0;0;0;0;0;0;0;0;0;1;2;0;0;1;3;1;1;0;0;0;0;1;1;0;0;0;0;0;0;0;0;0;0;0;0;0;0;0;0;0;0;0;0;0;0
28.05.2024;03:53;A 49;1;0;0;1;0;2;1;1;1;1;0;4;25;0;0;0;0;0;0;0;0;0;0;0;0;0;0;1;10;0;0;1;12;0;0;1;1;0;0;0;0;0;0;1;0;1;1;0;0;0;0;1;1;0;0;0;0;0;0;0;0;0;0;0;0;0;0;0;0;0;0;0;0;0;0
28.05.2024;03:52;A 49;1;0;0;0;0;0;0;0;0;0;0;29;9;0;0;0;0;0;0;0;0;1;1;0;0;0;0;1;1;0;0;2;3;1;0;2;5;0;0;0;13;1;0;1;0;2;3;0;0;0;0;0;0;1;1;0;0;0;0;0;0;0;0;0;0;0;0;0;0;0;0;0;0;0;0
28.05.2024;03:51;A 49;1;0;0;0;0;0;0;0;0;0;0;24;2;0;0;0;0;0;0;0;0;0;0;0;0;0;0;0;0;0;0;0;0;0;0;0;0;0;0;1;14;0;0;1;4;0;0;0;0;0;0;2;1;0;0;0;0;0;0;0;0;0;0;0;0;0;0;0;0;0;0;0;0;0;0
28.05.2024;03:50;A 49;1;0;0;0;0;0;0;0;0;0;0;7;0;0;0;0;0;0;0;0;0;0;0;0;0;0;0;1;0;0;0;2;4;0;0;1;1;0;0;0;0;0;0;0;0;0;0;0;0;0;0;0;0;0;0;0;0;0;0;0;0;0;0;0;0;0;0;0;0;0;0;0;0;0;0
28.05.2024;03:49;A 49;1;0;0;0;0;0;0;0;0;0;0;5;0;0;0;0;0;0;0;0;0;0;0;0;0;0;0;0;0;0;0;0;0;1;1;3;42;0;0;1;3;1;1;1;5;2;2;0;0;0;0;1;1;0;0;0;0;0;0;0;0;0;0;0;0;0;0;0;0;0;0;0;0;0;0
28.05.2024;03:48;A 49;1;0;0;0;0;0;0;0;0;0;0;41;6;0;0;0;0;0;0;1;0;1;0;0;0;0;0;0;0;0;0;0;0;0;0;2;2;0;0;1;20;0;0;1;6;1;2;0;0;0;0;2;2;0;0;0;0;0;0;0;0;0;0;0;0;0;0;0;0;0;0;0;0;0;0
28.05.2024;03:47;A 49;1;0;0;0;0;0;0;0;0;0;0;3;0;0;0;0;0;0;0;0;0;0;0;0;0;0;0;0;0;0;0;0;0;0;0;0;0;0;0;0;0;0;0;0;0;0;0;0;0;0;0;0;0;0;0;0;0;0;0;0;0;0;0;0;0;0;0;0;0;0;0;0;0;0;0
28.05.2024;03:46;A 49;1;0;0;0;0;0;0;0;0;0;0;4;0;0;0;0;0;0;0;0;0;0;0;0;0;0;0;0;0;0;0;0;0;0;0;1;1;0;0;1;1;0;0;2;3;1;1;0;0;0;0;1;1;1;1;0;0;0;0;0;0;0;0;0;0;0;0;0;0;0;0;0;0;0;0
28.05.2024;03:45;A 49;1;0;0;1;1;2;3;0;0;0;0;7;4;0;0;0;0;0;0;1;2;1;1;0;0;0;0;0;0;0;0;0;0;0;0;1;2;0;0;0;0;0;0;1;0;1;2;0;0;0;0;1;2;1;2;0;0;0;0;0;0;0;0;0;0;0;0;0;0;0;0;0;0;0;0
28.05.2024;03:44;A 49;1;0;0;0;0;0;0;0;0;0;0;5;0;0;0;0;0;0;0;0;0;0;0;0;0;0;0;0;0;0;0;0;0;0;0;0;0;0;0;0;0;0;0;1;2;1;6;2;2;0;0;1;3;1;1;0;0;0;0;0;0;0;0;0;0;0;0;0;0;0;0;0;0;0;0
28.05.2024;03:43;A 49;1;0;0;0;0;0;0;0;0;0;0;1;0;0;0;0;0;0;0;0;0;0;0;0;0;0;0;0;0;0;0;0;0;0;0;1;3;0;0;1;1;0;0;2;5;0;0;0;0;0;0;1;1;0;0;0;0;0;0;0;0;0;0;0;0;0;0;0;0;0;0;0;0;0;0
28.05.2024;03:42;A 49;1;0;0;0;0;0;0;0;0;0;0;9;2;0;0;0;0;0;0;1;0;1;1;0;0;0;0;0;0;0;0;0;0;0;0;0;0;0;0;0;0;0;0;0;0;0;0;0;0;0;0;0;0;0;0;0;0;0;0;0;0;0;0;0;0;0;0;0;0;0;0;0;0;0;0
28.05.2024;03:41;A 49;1;0;0;0;0;0;0;0;0;0;0;22;3;0;0;0;0;0;0;0;0;0;0;0;0;0;0;1;2;0;0;2;12;0;0;2;3;0;0;0;0;1;1;0;0;0;0;0;0;0;0;1;2;2;1;0;0;0;0;0;0;0;0;0;0;0;0;0;0;0;0;0;0;0;0
28.05.2024;03:40;A 49;1;0;0;0;0;1;3;0;0;0;0;8;1;0;0;0;0;0;0;0;0;0;0;0;0;0;0;0;0;0;0;0;0;0;0;1;3;0;0;0;0;1;0;1;2;2;6;2;2;0;0;1;2;1;1;0;0;0;0;0;0;0;0;0;0;0;0;0;0;0;0;0;0;0;0
28.05.2024;03:39;A 49;1;0;0;0;0;0;0;0;0;0;0;12;1;0;0;0;0;0;0;0;0;0;0;0;0;0;0;1;46;0;0;1;4;0;0;1;1;0;0;0;0;0;0;0;0;0;0;0;0;0;0;0;0;0;0;0;0;0;0;0;0;0;0;0;0;0;0;0;0;0;0;0;0;0;0
28.05.2024;03:38;A 49;1;0;0;0;0;0;0;0;0;0;0;12;3;0;0;0;0;0;0;0;0;1;1;0;0;0;0;1;35;0;0;2;10;0;0;0;0;0;0;1;1;0;0;1;3;0;0;0;0;0;0;2;1;0;0;0;0;0;0;0;0;0;0;0;0;0;0;0;0;0;0;0;0;0;0
28.05.2024;03:37;A 49;1;0;0;0;0;1;1;0;0;0;0;51;10;0;0;0;0;0;0;0;0;0;0;0;0;1;0;1;7;0;0;2;17;0;0;0;0;0;0;0;0;1;0;1;0;1;2;0;0;0;0;1;0;1;1;0;0;0;0;0;0;0;0;0;0;0;0;0;0;0;0;0;0;0;0
28.05.2024;03:36;A 49;1;0;0;0;0;0;0;0;0;0;0;14;2;0;0;0;0;0;0;0;0;0;0;0;0;0;0;0;0;0;0;0;0;0;0;0;0;0;0;0;0;0;0;0;0;0;0;0;0;0;0;0;0;0;0;0;0;0;0;0;0;0;0;0;0;0;0;0;0;0;0;0;0;0;0
28.05.2024;03:35;A 49;1;0;0;0;0;0;0;0;0;0;0;10;1;0;0;0;0;0;0;0;0;0;0;0;0;1;2;1;2;0;0;1;12;1;0;1;0;0;0;1;2;0;0;1;7;0;0;0;0;0;0;1;3;0;0;0;0;0;0;0;0;0;0;0;0;0;0;0;0;0;0;0;0;0;0
28.05.2024;03:34;A 49;1;0;0;0;0;1;2;0;0;0;0;51;9;0;0;0;0;0;0;0;0;0;0;0;0;3;3;3;9;0;0;2;34;1;3;3;5;0;0;0;0;0;0;1;0;1;5;1;0;0;0;0;0;3;2;0;0;0;0;0;0;0;0;0;0;0;0;0;0;0;0;0;0;0;0
28.05.2024;03:33;A 49;1;0;0;0;0;0;0;0;0;0;0;57;18;0;0;0;0;0;0;0;0;0;0;0;0;1;0;1;0;0;0;3;3;0;0;0;0;0;0;1;4;0;0;1;4;0;0;0;0;0;0;1;2;0;0;0;0;0;0;0;0;0;0;0;0;0;0;0;0;0;0;0;0;0;0
28.05.2024;03:32;A 49;1;0;0;0;0;0;0;0;0;0;0;81;21;0;0;0;0;0;0;0;0;0;0;0;0;1;0;1;17;0;0;2;12;0;0;0;0;0;0;0;0;0;0;0;0;0;0;0;0;0;0;0;0;0;0;0;0;0;0;0;0;0;0;0;0;0;0;0;0;0;0;0;0;0;0
28.05.2024;03:31;A 49;1;0;0;0;0;0;0;0;0;0;0;42;15;0;0;0;0;0;0;1;1;1;0;0;0;0;0;1;12;0;0;1;4;1;9;0;0;0;0;0;0;0;0;0;0;0;0;0;0;0;0;0;0;0;0;0;0;0;0;0;0;0;0;0;0;0;0;0;0;0;0;0;0;0;0
28.05.2024;03:30;A 49;1;0;0;0;0;0;0;0;0;0;0;72;15;0;0;0;0;0;0;0;0;0;0;0;0;0;0;0;0;0;0;0;0;0;0;0;0;0;0;0;0;0;0;0;0;0;0;0;0;0;0;0;0;0;0;0;0;0;0;0;0;0;0;0;0;0;0;0;0;0;0;0;0;0;0
28.05.2024;03:29;A 49;1;0;0;0;0;0;0;0;0;0;0;18;5;0;0;0;0;0;0;0;0;0;0;0;0;0;0;2;5;0;0;3;13;0;0;2;5;0;0;0;0;0;0;0;0;0;0;0;0;0;0;0;0;0;0;0;0;0;0;0;0;0;0;0;0;0;0;0;0;0;0;0;0;0;0
28.05.2024;03:28;A 49;1;0;0;0;0;0;0;0;0;0;0;0;0;0;0;0;0;0;0;0;0;0;0;0;0;0;0;0;0;0;0;1;2;0;0;0;0;0;0;0;0;0;0;0;0;0;0;0;0;0;0;0;0;0;0;0;0;0;0;0;0;0;0;0;0;0;0;0;0;0;0;0;0;0;0
28.05.2024;03:27;A 49;1;0;0;0;0;0;0;0;0;0;0;0;0;0;0;0;0;0;0;0;0;0;0;0;0;0;0;0;0;0;0;0;0;0;0;0;0;0;0;0;0;0;0;0;0;0;0;0;0;0;0;0;0;0;0;0;0;0;0;0;0;0;0;0;0;0;0;0;0;0;0;0;0;0;0
28.05.2024;03:26;A 49;1;0;0;0;0;0;0;0;0;0;0;0;0;0;0;0;0;0;0;0;0;0;0;0;0;0;0;0;0;0;0;0;0;0;0;0;0;0;0;0;0;0;0;0;0;0;0;0;0;0;0;0;0;0;0;0;0;0;0;0;0;0;0;0;0;0;0;0;0;0;0;0;0;0;0
28.05.2024;03:25;A 49;1;0;0;1;0;1;0;0;0;0;0;0;0;0;0;0;0;0;0;0;0;0;0;0;0;0;0;0;0;0;0;0;0;0;0;0;0;0;0;0;0;0;0;0;0;0;0;0;0;0;0;0;0;0;0;0;0;0;0;0;0;0;0;0;0;0;0;0;0;0;0;0;0;0;0
28.05.2024;03:24;A 49;1;0;0;0;0;1;1;0;0;0;0;1;36;0;0;0;0;0;0;0;0;1;1;0;0;0;0;0;0;0;0;0;0;0;0;0;0;0;0;0;0;1;2;1;0;1;5;0;0;0;0;0;0;1;2;0;0;0;0;0;0;0;0;0;0;0;0;0;0;0;0;0;0;0;0
28.05.2024;03:23;A 49;1;0;0;1;0;2;2;0;0;0;0;0;0;0;0;0;0;0;0;0;0;0;0;0;0;0;0;0;0;0;0;0;0;0;0;0;0;0;0;0;0;2;2;1;0;2;4;0;0;0;0;1;1;2;3;0;0;0;0;0;0;0;0;0;0;0;0;0;0;0;0;0;0;0;0
28.05.2024;03:22;A 49;1;0;0;1;1;1;0;0;0;0;0;19;2;0;0;0;0;0;0;0;0;0;0;0;0;0;0;0;0;0;0;0;0;0;0;0;0;0;0;0;0;0;0;0;0;0;0;0;0;0;0;0;0;1;1;0;0;0;0;0;0;0;0;0;0;0;0;0;0;0;0;0;0;0;0
28.05.2024;03:21;A 49;1;0;0;0;0;0;0;0;0;0;0;146;27;0;0;0;0;0;0;1;1;1;0;0;0;0;0;0;0;0;0;0;0;0;0;0;0;0;0;0;0;0;0;0;0;0;0;0;0;0;0;0;0;1;0;0;0;0;0;0;0;0;0;0;0;0;0;0;0;0;0;0;0;0;0
28.05.2024;03:20;A 49;1;0;0;0;0;0;0;0;0;0;0;179;31;0;0;0;0;0;0;0;0;0;0;0;0;0;0;0;0;0;0;0;0;0;0;0;0;0;0;0;0;0;0;0;0;0;0;0;0;0;0;0;0;0;0;0;0;0;0;0;0;0;0;0;0;0;0;0;0;0;0;0;0;0;0
28.05.2024;03:19;A 49;1;0;0;0;0;1;1;0;0;0;0;139;24;0;0;0;0;0;0;0;0;0;0;0;0;0;0;0;0;0;0;0;0;0;0;0;0;0;0;0;0;0;0;0;0;0;0;0;0;0;0;0;0;0;0;0;0;0;0;0;0;0;0;0;0;0;0;0;0;0;0;0;0;0;0
28.05.2024;03:18;A 49;1;0;0;0;0;0;0;0;0;0;0;2;15;0;0;0;0;0;0;1;13;1;1;0;0;0;0;0;0;0;0;0;0;0;0;0;0;0;0;0;0;1;1;0;0;0;0;0;0;0;0;1;1;2;1;0;0;0;0;0;0;0;0;0;0;0;0;0;0;0;0;0;0;0;0
28.05.2024;03:17;A 49;1;0;0;0;0;2;2;0;0;0;0;0;0;0;0;0;0;0;0;0;0;0;0;0;0;0;0;0;0;0;0;0;0;0;0;0;0;0;0;0;0;0;0;1;0;0;0;0;0;0;0;1;1;1;1;0;0;0;0;0;0;0;0;0;0;0;0;0;0;0;0;0;0;0;0
28.05.2024;03:16;A 49;1;0;0;0;0;0;0;0;0;0;0;0;0;0;0;0;0;0;0;0;0;0;0;0;0;0;0;1;44;0;0;1;11;0;0;1;1;0;0;0;0;1;2;1;0;0;0;0;0;0;0;0;0;1;1;0;0;0;0;0;0;0;0;0;0;0;0;0;0;0;0;0;0;0;0
28.05.2024;03:15;A 49;1;0;0;0;0;0;0;0;0;0;0;5;0;0;0;0;0;0;0;0;0;0;0;0;0;0;0;0;0;0;0;0;0;0;0;0;0;0;0;0;0;0;0;0;0;0;0;0;0;0;0;0;0;0;0;0;0;0;0;0;0;0;0;0;0;0;0;0;0;0;0;0;0;0;0
28.05.2024;03:14;A 49;1;0;0;0;0;0;0;0;0;0;0;174;28;0;0;0;0;0;0;0;0;0;0;0;0;0;0;1;7;0;0;1;11;0;0;1;2;0;0;1;1;1;0;1;3;1;1;0;0;0;0;2;1;0;0;0;0;0;0;0;0;0;0;0;0;0;0;0;0;0;0;0;0;0;0
28.05.2024;03:13;A 49;1;0;0;0;0;0;0;0;0;0;0;151;28;0;0;0;0;0;0;0;0;0;0;0;0;0;0;0;0;0;0;0;0;0;0;0;79;0;0;0;0;0;0;0;0;0;0;0;0;0;0;0;0;0;0;0;0;0;0;0;0;0;0;0;0;0;0;0;0;0;0;0;0;0;0
28.05.2024;03:12;A 49;1;0;0;0;0;0;0;0;0;0;0;86;15;0;0;0;0;0;0;0;0;0;0;0;0;0;0;0;0;0;0;0;0;0;0;1;86;0;0;0;2;0;0;0;0;0;0;0;0;0;0;0;0;0;0;0;0;0;0;0;0;0;0;0;0;0;0;0;0;0;0;0;0;0;0
28.05.2024;03:11;A 49;1;0;0;0;0;1;1;0;0;0;0;1;0;0;0;0;0;0;0;0;0;0;0;0;0;0;0;0;0;0;0;0;0;0;0;1;23;0;0;2;1;1;0;4;10;0;0;0;0;0;0;2;4;1;1;0;0;0;0;0;0;0;0;0;0;0;0;0;0;0;0;0;0;0;0
28.05.2024;03:10;A 49;1;0;0;0;0;0;0;0;0;0;0;0;0;0;0;0;0;0;0;0;0;0;0;0;0;1;1;1;5;0;0;1;8;0;0;2;9;0;0;3;4;0;0;4;11;2;1;0;0;0;0;3;4;0;0;0;0;0;0;0;0;0;0;0;0;0;0;0;0;0;0;0;0;0;0
28.05.2024;03:09;A 49;1;0;0;0;0;0;0;0;0;0;0;0;0;0;0;0;0;0;0;0;0;0;0;0;0;0;0;0;0;0;0;1;2;0;0;1;3;0;0;1;2;0;0;1;3;1;1;0;0;0;0;1;2;0;0;0;0;0;0;0;0;0;0;0;0;0;0;0;0;0;0;0;0;0;0
28.05.2024;03:08;A 49;1;0;0;0;0;0;0;0;0;0;0;0;0;0;0;0;0;0;0;0;0;0;0;0;0;0;0;1;2;0;0;2;4;0;0;0;0;0;0;0;0;0;0;0;0;0;0;0;0;0;0;0;0;0;0;0;0;0;0;0;0;0;0;0;0;0;0;0;0;0;0;0;0;0;0
28.05.2024;03:07;A 49;1;1;0;1;1;0;0;0;0;0;0;0;0;0;0;0;0;0;0;0;0;0;0;0;0;0;0;1;1;0;0;1;10;0;0;1;2;0;0;0;0;0;0;0;0;0;0;0;0;0;0;0;0;0;0;0;0;0;0;0;0;0;0;0;0;0;0;0;0;0;0;0;0;0;0
28.05.2024;03:06;A 49;1;0;0;0;0;0;0;0;0;0;0;0;0;0;0;0;0;0;0;0;0;0;0;0;0;0;0;0;0;0;0;0;0;0;0;0;0;0;0;0;0;0;0;0;0;0;0;0;0;0;0;0;0;0;0;0;0;0;0;0;0;0;0;0;0;0;0;0;0;0;0;0;0;0;0
28.05.2024;03:05;A 49;1;0;0;0;0;0;0;0;0;0;0;0;0;0;0;0;0;0;0;0;0;0;0;0;0;0;0;0;0;0;0;0;0;0;0;0;0;0;0;0;0;0;0;0;0;0;0;0;0;0;0;0;0;0;0;0;0;0;0;0;0;0;0;0;0;0;0;0;0;0;0;0;0;0;0
28.05.2024;03:04;A 49;1;0;0;0;0;2;3;0;0;0;0;0;0;0;0;0;0;0;0;0;0;0;0;0;0;0;0;0;0;0;0;0;0;0;0;0;0;0;0;0;0;3;1;2;3;1;4;0;0;0;0;1;3;4;4;0;0;0;0;0;0;0;0;0;0;0;0;0;0;0;0;0;0;0;0
28.05.2024;03:03;A 49;1;0;0;0;0;0;0;0;0;0;0;0;0;0;0;0;0;0;0;0;0;0;0;0;0;0;0;2;32;0;0;2;20;0;0;2;2;0;0;0;0;0;0;0;0;0;0;0;0;0;0;0;0;0;0;0;0;0;0;0;0;0;0;0;0;0;0;0;0;0;0;0;0;0;0
28.05.2024;03:02;A 49;1;0;0;0;0;0;0;0;0;0;0;0;0;0;0;0;0;0;0;0;0;0;0;0;0;0;0;0;0;0;0;0;0;0;0;0;0;0;0;0;0;0;0;0;0;0;0;0;0;0;0;0;0;0;0;0;0;0;0;0;0;0;0;0;0;0;0;0;0;0;0;0;0;0;0
28.05.2024;03:01;A 49;1;0;0;0;0;0;0;0;0;0;0;0;0;0;0;0;0;0;0;0;0;0;0;0;0;0;0;0;0;0;0;0;0;0;0;1;2;0;0;2;3;0;0;5;10;2;2;0;0;0;0;2;3;0;0;0;0;0;0;0;0;0;0;0;0;0;0;0;0;0;0;0;0;0;0
28.05.2024;03:00;A 49;1;0;0;0;0;0;0;0;0;0;0;0;0;0;0;0;0;0;0;0;0;0;0;0;0;0;0;0;0;0;0;0;0;0;0;0;0;0;0;1;1;0;0;1;5;1;1;0;0;0;0;1;2;0;0;0;0;0;0;0;0;0;0;0;0;0;0;0;0;0;0;0;0;0;0
28.05.2024;02:59;A 49;1;0;0;0;0;0;0;0;0;0;0;0;0;0;0;0;0;0;0;0;0;0;0;0;0;0;0;0;0;0;0;0;0;0;0;1;1;0;0;1;1;0;0;2;4;0;0;0;0;0;0;1;1;0;0;0;0;0;0;0;0;0;0;0;0;0;0;0;0;0;0;0;0;0;0
28.05.2024;02:58;A 49;1;0;0;0;0;0;0;0;0;0;0;0;0;0;0;0;0;0;0;0;0;0;0;0;0;0;0;1;66;0;0;0;3;0;0;1;1;0;0;0;0;0;0;0;0;0;0;0;0;0;0;0;0;0;0;0;0;0;0;0;0;0;0;0;0;0;0;0;0;0;0;0;0;0;0
28.05.2024;02:57;A 49;1;0;0;0;0;1;0;0;0;0;0;0;0;0;0;0;0;0;0;0;0;0;0;0;0;0;0;0;0;0;0;2;4;0;0;0;0;0;0;0;0;0;0;1;1;1;2;1;5;0;0;0;0;1;1;0;0;0;0;0;0;0;0;0;0;0;0;0;0;0;0;0;0;0;0
28.05.2024;02:56;A 49;1;0;0;0;0;0;0;0;0;0;0;0;0;0;0;0;0;0;0;0;0;0;0;0;0;0;0;0;0;0;0;0;0;0;0;0;0;0;0;0;0;0;0;0;0;0;0;0;0;0;0;0;0;0;0;0;0;0;0;0;0;0;0;0;0;0;0;0;0;0;0;0;0;0;0
28.05.2024;02:55;A 49;1;0;0;0;0;0;0;0;0;0;0;0;0;0;0;0;0;0;0;0;0;0;0;0;0;0;0;0;0;0;0;0;0;0;0;0;0;0;0;0;0;0;0;0;0;0;0;0;0;0;0;0;0;0;0;0;0;0;0;0;0;0;0;0;0;0;0;0;0;0;0;0;0;0;0
28.05.2024;02:54;A 49;1;0;0;0;0;0;0;0;0;0;0;0;0;0;0;0;0;0;0;0;0;0;0;0;0;0;0;0;0;0;0;0;0;0;0;0;0;0;0;0;0;0;0;0;0;0;0;0;0;0;0;0;0;0;0;0;0;0;0;0;0;0;0;0;0;0;0;0;0;0;0;0;0;0;0
28.05.2024;02:53;A 49;1;0;0;0;0;0;0;0;0;0;0;0;0;0;0;0;0;0;0;0;0;0;0;0;0;0;0;1;23;0;0;2;12;0;0;1;24;0;0;0;0;0;0;0;0;0;0;0;0;0;0;0;0;0;0;0;0;0;0;0;0;0;0;0;0;0;0;0;0;0;0;0;0;0;0
28.05.2024;02:52;A 49;1;0;0;0;0;0;0;0;0;0;0;0;0;0;0;0;0;0;0;0;0;0;0;0;0;0;0;0;0;0;0;0;0;0;0;0;0;0;0;0;0;0;0;0;0;0;0;0;0;0;0;0;0;0;0;0;0;0;0;0;0;0;0;0;0;0;0;0;0;0;0;0;0;0;0
28.05.2024;02:51;A 49;1;0;0;0;0;0;0;0;0;0;0;0;0;0;0;0;0;0;0;0;0;0;0;0;0;0;0;0;0;0;0;0;0;0;0;2;3;0;0;1;1;0;0;1;3;0;0;1;8;0;0;2;1;0;0;0;0;0;0;0;0;0;0;0;0;0;0;0;0;0;0;0;0;0;0
28.05.2024;02:50;A 49;1;0;0;0;0;0;0;0;0;0;0;0;2;0;0;0;0;0;0;0;44;0;0;0;0;0;0;0;0;0;0;0;0;0;0;0;0;0;0;0;0;0;0;0;0;0;0;0;0;0;0;0;0;0;0;0;0;0;0;0;0;0;0;0;0;0;0;0;0;0;0;0;0;0;0
28.05.2024;02:49;A 49;1;0;0;1;1;0;0;0;0;0;0;1;1;0;0;0;0;0;0;1;0;1;0;0;0;0;0;0;0;0;0;0;0;0;0;0;0;0;0;0;0;0;0;0;0;0;0;0;0;0;0;0;0;0;0;0;0;0;0;0;0;0;0;0;0;0;0;0;0;0;0;0;0;0;0
28.05.2024;02:48;A 49;1;0;0;0;0;1;1;0;0;0;0;0;0;0;0;0;0;0;0;0;0;0;0;0;0;0;0;0;0;0;0;0;0;0;0;1;1;0;0;0;0;0;0;0;0;1;1;0;0;0;0;0;0;1;1;0;0;0;0;0;0;0;0;0;0;0;0;0;0;0;0;0;0;0;0
28.05.2024;02:47;A 49;1;0;0;0;0;2;1;0;0;0;0;0;0;0;0;0;0;0;0;0;0;0;0;0;0;0;0;0;0;0;0;0;0;0;0;1;1;0;0;0;0;2;1;1;2;1;6;0;0;0;0;0;0;3;4;0;0;0;0;0;0;0;0;0;0;0;0;0;0;0;0;0;0;0;0
28.05.2024;02:46;A 49;1;0;0;0;0;0;0;0;0;0;0;0;0;0;0;0;0;0;0;0;0;0;0;0;0;0;0;0;0;0;0;0;0;0;0;0;0;0;0;0;0;0;0;0;0;0;0;0;0;0;0;0;0;0;0;0;0;0;0;0;0;0;0;0;0;0;0;0;0;0;0;0;0;0;0
28.05.2024;02:45;A 49;1;0;0;0;0;1;1;0;0;0;0;0;0;0;0;0;0;0;0;0;0;0;0;0;0;0;0;0;0;0;0;0;0;0;0;2;8;0;0;1;1;0;0;2;4;2;2;0;0;0;0;1;1;1;1;0;0;0;0;0;0;0;0;0;0;0;0;0;0;0;0;0;0;0;0
28.05.2024;02:44;A 49;1;0;0;0;0;0;0;0;0;0;0;0;0;0;0;0;0;0;0;0;0;0;0;0;0;0;0;0;45;0;0;0;0;0;0;0;0;0;0;0;0;0;0;0;0;0;0;0;0;0;0;0;0;0;0;0;0;0;0;0;0;0;0;0;0;0;0;0;0;0;0;0;0;0;0
28.05.2024;02:43;A 49;1;0;0;0;0;0;0;0;0;0;0;1;1;0;0;0;0;0;0;0;0;1;0;0;0;0;0;1;16;0;0;1;9;0;0;1;7;0;0;2;3;2;1;1;10;3;4;0;0;0;0;1;2;0;0;0;0;0;0;0;0;0;0;0;0;0;0;0;0;0;0;0;0;0;0
28.05.2024;02:42;A 49;1;0;0;0;0;1;0;0;0;0;0;0;0;0;0;0;0;0;0;0;0;0;0;0;0;1;2;1;49;0;0;2;9;0;0;0;0;0;0;0;0;1;0;1;1;1;2;1;1;0;0;1;1;1;1;0;0;0;0;0;0;0;0;0;0;0;0;0;0;0;0;0;0;0;0
28.05.2024;02:41;A 49;1;0;0;0;0;0;0;0;0;0;0;0;0;0;0;0;0;0;0;0;0;0;0;0;0;0;0;1;0;0;0;2;5;1;4;2;2;0;0;2;4;1;0;2;5;2;2;0;0;0;0;3;3;0;0;0;0;0;0;0;0;0;0;0;0;0;0;0;0;0;0;0;0;0;0
28.05.2024;02:40;A 49;1;0;0;0;0;0;0;0;0;0;0;1;7;0;0;0;0;0;0;0;0;1;3;0;0;1;1;1;36;0;0;1;47;1;0;1;1;0;0;0;0;0;0;0;0;0;0;0;0;0;0;0;0;0;0;0;0;0;0;0;0;0;0;0;0;0;0;0;0;0;0;0;0;0;0
28.05.2024;02:39;A 49;1;0;0;0;0;0;0;0;0;0;0;0;0;0;0;0;0;0;0;0;0;0;0;0;0;1;0;0;0;0;0;0;0;0;0;0;0;0;0;0;0;0;0;0;0;0;0;0;0;0;0;0;0;0;0;0;0;0;0;0;0;0;0;0;0;0;0;0;0;0;0;0;0;0;0
28.05.2024;02:38;A 49;1;0;0;0;0;0;0;0;0;0;0;0;0;0;0;0;0;0;0;0;0;0;0;0;0;0;0;1;41;0;0;2;9;0;0;1;1;0;0;0;0;0;0;0;0;0;0;0;0;0;0;0;0;0;0;0;0;0;0;0;0;0;0;0;0;0;0;0;0;0;0;0;0;0;0
28.05.2024;02:37;A 49;1;0;0;0;0;0;0;0;0;0;0;0;0;0;0;0;0;0;0;0;0;0;0;0;0;0;0;1;0;0;0;0;0;0;0;1;1;0;0;0;0;0;0;0;0;0;0;0;0;0;0;0;0;0;0;0;0;0;0;0;0;0;0;0;0;0;0;0;0;0;0;0;0;0;0
28.05.2024;02:36;A 49;1;0;0;1;0;1;0;0;0;0;0;0;0;0;0;0;0;0;0;0;0;0;0;0;0;0;0;0;0;0;0;1;5;0;0;0;0;0;0;0;0;0;0;0;0;0;0;0;0;1;1;0;0;1;1;0;0;0;0;0;0;0;0;0;0;0;0;0;0;0;0;0;0;0;0
28.05.2024;02:35;A 49;1;0;0;0;0;1;1;0;0;0;0;0;0;0;0;0;0;0;0;0;0;0;0;0;0;0;0;0;0;0;0;0;0;0;0;0;0;0;0;0;0;1;0;0;0;1;1;0;0;0;0;1;2;1;1;0;0;0;0;0;0;0;0;0;0;0;0;0;0;0;0;0;0;0;0
28.05.2024;02:34;A 49;1;0;0;0;0;0;0;0;0;0;0;0;0;0;0;0;0;0;0;0;0;0;0;0;0;1;0;1;0;0;0;2;6;0;0;0;0;0;0;2;2;0;0;2;13;1;1;0;0;0;0;3;4;1;0;0;0;0;0;0;0;0;0;0;0;0;0;0;0;0;0;0;0;0;0
28.05.2024;02:33;A 49;1;0;0;0;0;0;0;0;0;0;0;118;12;0;0;0;0;0;0;0;0;0;0;0;0;1;0;0;10;0;0;0;11;0;0;1;2;0;0;0;0;0;0;0;0;0;0;0;0;0;0;0;0;0;0;0;0;0;0;0;0;0;0;0;0;0;0;0;0;0;0;0;0;0;0
28.05.2024;02:32;A 49;1;0;0;0;0;0;0;0;0;0;0;249;26;0;0;0;0;0;0;0;0;0;0;0;0;0;0;1;24;0;0;2;29;0;0;1;3;0;0;0;0;0;0;0;0;0;0;0;0;0;0;0;0;0;0;0;0;0;0;0;0;0;0;0;0;0;0;0;0;0;0;0;0;0;0
28.05.2024;02:31;A 49;1;0;0;0;0;0;0;0;0;0;0;178;18;0;0;0;0;0;0;0;0;0;0;0;0;0;0;1;9;0;0;2;12;0;0;1;2;0;0;1;1;0;0;2;7;2;2;0;0;0;0;1;2;0;0;0;0;0;0;0;0;0;0;0;0;0;0;0;0;0;0;0;0;0;0
28.05.2024;02:30;A 49;1;0;0;0;0;1;1;0;0;0;0;9;0;0;0;0;0;0;0;0;0;0;0;0;0;0;0;0;0;0;0;0;0;0;0;1;4;0;0;0;0;1;1;1;0;1;4;0;0;0;0;1;0;1;1;0;0;0;0;0;0;0;0;0;0;0;0;0;0;0;0;0;0;0;0
28.05.2024;02:29;A 49;1;0;0;0;0;0;0;0;0;0;0;0;0;0;0;0;0;0;0;0;0;0;0;0;0;0;0;0;0;0;0;0;0;0;0;0;0;0;0;0;0;0;0;0;0;0;0;0;0;0;0;0;0;0;0;0;0;0;0;0;0;0;0;0;0;0;0;0;0;0;0;0;0;0;0
28.05.2024;02:28;A 49;1;0;0;0;0;0;0;0;0;0;0;0;0;0;0;0;0;0;0;0;0;0;0;0;0;0;0;0;0;0;0;0;0;0;0;0;0;0;0;2;2;1;0;1;7;1;1;0;0;0;0;4;3;0;0;0;0;0;0;0;0;0;0;0;0;0;0;0;0;0;0;0;0;0;0
28.05.2024;02:27;A 49;1;0;0;0;0;0;0;0;0;0;0;192;22;0;0;0;0;0;0;1;1;1;0;0;0;0;0;0;0;0;0;0;0;0;0;0;0;0;0;0;0;0;0;0;0;0;0;0;0;0;0;0;0;0;0;0;0;0;0;0;0;0;0;0;0;0;0;0;0;0;0;0;0;0;0
28.05.2024;02:26;A 49;1;0;0;0;0;0;0;0;0;0;0;118;12;0;0;0;0;0;0;0;0;0;0;0;0;0;0;0;0;0;0;0;0;0;0;0;0;0;0;0;0;0;0;0;0;0;0;0;0;0;0;0;0;0;0;0;0;0;0;0;0;0;0;0;0;0;0;0;0;0;0;0;0;0;0
28.05.2024;02:25;A 49;1;0;0;0;0;1;1;0;0;0;0;0;0;0;0;0;0;0;0;0;0;0;0;0;0;0;0;0;33;0;0;0;0;0;0;2;40;0;0;0;0;0;0;1;0;1;1;0;0;0;0;1;1;1;1;0;0;0;0;0;0;0;0;0;0;0;0;0;0;0;0;0;0;0;0
28.05.2024;02:24;A 49;1;0;0;0;0;0;0;0;0;0;0;0;0;0;0;0;0;0;0;0;0;0;0;0;0;0;0;1;6;0;0;1;8;0;0;0;0;0;0;0;0;0;0;0;0;0;0;0;0;0;0;0;0;0;0;0;0;0;0;0;0;0;0;0;0;0;0;0;0;0;0;0;0;0;0
28.05.2024;02:23;A 49;1;0;0;0;0;0;0;0;0;0;0;68;7;0;0;0;0;0;0;0;0;0;0;0;0;0;0;0;0;0;0;0;0;0;0;0;0;0;0;0;0;0;0;0;0;0;0;0;0;0;0;0;0;0;0;0;0;0;0;0;0;0;0;0;0;0;0;0;0;0;0;0;0;0;0
28.05.2024;02:22;A 49;1;0;0;0;0;0;0;0;0;0;0;229;26;0;0;0;0;0;0;0;0;0;0;0;0;0;0;0;0;0;0;0;0;0;0;0;0;0;0;0;0;0;0;0;0;0;0;0;0;0;0;0;0;0;0;0;0;0;0;0;0;0;0;0;0;0;0;0;0;0;0;0;0;0;0
28.05.2024;02:21;A 49;1;0;0;0;0;0;0;0;0;0;0;57;6;0;0;0;0;0;0;0;0;0;0;0;0;0;0;0;0;0;0;0;0;0;0;0;0;0;0;0;0;0;0;0;0;0;0;0;0;0;0;0;0;0;0;0;0;0;0;0;0;0;0;0;0;0;0;0;0;0;0;0;0;0;0
28.05.2024;02:20;A 49;1;0;0;0;0;0;0;0;0;0;0;0;0;0;0;0;0;0;0;0;0;0;0;0;0;0;0;0;0;0;0;0;0;0;0;0;0;0;0;0;0;0;0;0;0;0;0;0;0;0;0;0;0;0;0;0;0;0;0;0;0;0;0;0;0;0;0;0;0;0;0;0;0;0;0
28.05.2024;02:19;A 49;1;0;0;0;0;0;0;0;0;0;0;0;0;0;0;0;0;0;0;0;0;0;0;0;0;0;0;0;0;0;0;0;0;0;0;0;0;0;0;0;0;0;0;0;0;0;0;0;0;0;0;0;0;0;0;0;0;0;0;0;0;0;0;0;0;0;0;0;0;0;0;0;0;0;0
28.05.2024;02:18;A 49;1;0;0;0;0;1;0;0;0;0;0;0;0;0;0;0;0;0;0;0;0;0;0;0;0;0;0;0;0;0;0;0;0;0;0;0;0;0;0;0;0;0;0;1;0;0;0;0;0;0;0;0;0;2;1;0;0;0;0;0;0;0;0;0;0;0;0;0;0;0;0;0;0;0;0
28.05.2024;02:17;A 49;1;0;0;0;0;0;0;0;0;0;0;147;19;0;0;0;0;0;0;0;0;0;0;0;0;0;0;1;0;0;0;2;1;0;0;0;0;0;0;0;0;0;0;0;0;0;0;0;0;0;0;0;0;0;0;0;0;0;0;0;0;0;0;0;0;0;0;0;0;0;0;0;0;0;0
28.05.2024;02:16;A 49;1;0;0;0;0;0;0;0;0;0;0;189;22;0;0;0;0;0;0;0;0;0;0;0;0;0;0;0;0;0;0;0;0;0;0;0;0;0;0;0;0;0;0;0;0;0;0;0;0;0;0;0;0;0;0;0;0;0;0;0;0;0;0;0;0;0;0;0;0;0;0;0;0;0;0
28.05.2024;02:15;A 49;1;0;0;0;0;0;0;0;0;0;0;1;1;0;0;0;0;0;0;1;0;1;1;0;0;0;0;0;0;0;0;0;0;0;0;0;0;0;0;0;0;0;0;0;0;0;0;0;0;0;0;0;0;0;0;0;0;0;0;0;0;0;0;0;0;0;0;0;0;0;0;0;0;0;0
28.05.2024;02:14;A 49;1;0;0;0;0;0;0;0;0;0;0;3;6;0;0;0;0;0;0;1;27;1;1;0;0;0;0;0;5;0;0;0;0;0;0;1;1;0;0;0;0;0;0;0;0;0;0;0;0;0;0;0;0;0;0;0;0;0;0;0;0;0;0;0;0;0;0;0;0;0;0;0;0;0;0
28.05.2024;02:13;A 49;1;0;0;0;0;0;0;0;0;0;0;8;4;0;0;0;0;0;0;0;0;1;1;0;0;0;0;1;65;0;0;2;9;0;0;0;0;0;0;1;1;0;0;2;6;0;0;0;0;0;0;1;1;0;0;0;0;0;0;0;0;0;0;0;0;0;0;0;0;0;0;0;0;0;0
28.05.2024;02:12;A 49;1;0;0;0;0;0;0;0;0;0;0;159;19;0;0;0;0;0;0;0;0;0;0;0;0;0;0;0;0;0;0;0;0;0;0;0;0;0;0;0;0;0;0;0;0;0;0;0;0;0;0;0;0;0;0;0;0;0;0;0;0;0;0;0;0;0;0;0;0;0;0;0;0;0;0
28.05.2024;02:11;A 49;1;0;0;0;0;0;0;0;0;0;0;148;19;0;0;0;0;0;0;0;0;0;0;0;0;0;0;0;0;0;0;0;0;0;0;0;0;0;0;0;0;0;0;0;0;0;0;0;0;0;0;0;0;0;0;0;0;0;0;0;0;0;0;0;0;0;0;0;0;0;0;0;0;0;0
28.05.2024;02:10;A 49;1;0;0;0;0;0;0;0;0;0;0;0;0;0;0;0;0;0;0;0;0;0;0;0;0;1;1;0;32;0;0;0;33;0;0;1;3;0;0;1;1;0;0;1;3;0;0;0;0;0;0;1;1;0;0;0;0;0;0;0;0;0;0;0;0;0;0;0;0;0;0;0;0;0;0
28.05.2024;02:09;A 49;1;0;0;0;0;0;0;0;0;0;0;0;0;0;0;0;0;0;0;0;0;0;0;0;0;0;0;2;52;0;0;3;67;0;0;3;9;0;0;3;4;5;3;1;8;2;7;0;0;0;0;1;4;0;0;0;0;0;0;0;0;0;0;0;0;0;0;0;0;0;0;0;0;0;0
28.05.2024;02:08;A 49;1;0;0;0;0;0;0;0;0;0;0;11;1;0;0;0;0;0;0;0;0;0;0;0;0;0;0;0;0;0;0;0;0;0;0;0;0;0;0;0;0;0;0;0;0;0;0;0;0;0;0;0;0;0;0;0;0;0;0;0;0;0;0;0;0;0;0;0;0;0;0;0;0;0;0
28.05.2024;02:07;A 49;1;0;0;0;0;0;0;0;0;0;0;146;19;0;0;0;0;0;0;1;0;1;1;0;0;0;0;0;0;0;0;0;0;0;0;0;0;0;0;0;0;0;0;0;0;0;0;0;0;0;0;0;0;0;0;0;0;0;0;0;0;0;0;0;0;0;0;0;0;0;0;0;0;0;0
28.05.2024;02:06;A 49;1;0;0;0;0;0;0;0;0;0;0;63;8;0;0;0;0;0;0;0;0;0;0;0;0;0;0;0;0;0;0;0;0;0;0;0;0;0;0;0;0;0;0;0;0;0;0;0;0;0;0;0;0;0;0;0;0;0;0;0;0;0;0;0;0;0;0;0;0;0;0;0;0;0;0
28.05.2024;02:05;A 49;1;0;0;0;0;0;0;0;0;0;0;1;1;0;0;0;0;0;0;1;1;1;0;0;0;0;0;1;1;0;0;2;4;0;0;0;0;0;0;0;0;0;0;0;0;0;0;0;0;0;0;0;0;0;0;0;0;0;0;0;0;0;0;0;0;0;0;0;0;0;0;0;0;0;0
28.05.2024;02:04;A 49;1;0;0;0;0;0;0;0;0;0;0;0;0;0;0;0;0;0;0;0;0;0;0;0;0;0;0;0;0;0;0;0;0;0;0;0;0;0;0;1;1;0;0;1;4;0;0;0;0;0;0;1;1;0;0;0;0;0;0;0;0;0;0;0;0;0;0;0;0;0;0;0;0;0;0
28.05.2024;02:03;A 49;1;0;0;0;0;0;0;0;0;0;0;0;0;0;0;0;0;0;0;0;0;0;0;0;0;0;0;0;0;0;0;0;0;0;0;0;0;0;0;0;0;0;0;0;0;0;0;0;0;0;0;0;0;0;0;0;0;0;0;0;0;0;0;0;0;0;0;0;0;0;0;0;0;0;0
28.05.2024;02:02;A 49;1;0;0;0;0;0;0;0;0;0;0;1;15;0;0;0;0;0;0;0;0;1;1;0;0;0;0;0;0;0;0;0;0;0;0;1;4;0;0;1;1;1;0;1;4;1;1;0;0;0;0;2;2;0;0;0;0;0;0;0;0;0;0;0;0;0;0;0;0;0;0;0;0;0;0
28.05.2024;02:01;A 49;1;0;0;1;1;1;1;0;0;0;0;0;0;0;0;0;0;0;0;0;0;0;0;0;0;0;0;0;0;0;0;0;0;0;0;0;0;0;0;0;0;1;0;1;2;1;4;0;0;0;0;1;0;1;2;0;0;0;0;0;0;0;0;0;0;0;0;0;0;0;0;0;0;0;0
28.05.2024;02:00;A 49;1;0;0;0;0;0;0;0;0;0;0;0;0;0;0;0;0;0;0;0;0;0;0;0;0;0;0;0;0;0;0;0;0;0;0;1;14;0;0;1;4;0;0;1;6;0;0;0;0;1;1;1;2;0;0;0;0;0;0;0;0;0;0;0;0;0;0;0;0;0;0;0;0;0;0
