Datum;Uhrzeit;Bezeichnung;Intervall;D21Z;D21B;D22Z;D22B;V23Z;V23B;V24Z;V24B;D50Z;D50B;D51Z;D51B;D52Z;D52B;V53Z;V53B;V54Z;V54B;D81Z;D81B;D82Z;D82B;V83Z;V83B;V84Z;V84B;V85Z;V85B;D110Z;D110B;D111Z;D111B;D112Z;D112B;V113Z;V113B;V114Z;V114B;V115Z;V115B;T32Z;T32B;T32bZ;T32bB;T35bZ;T35bB;T38Z;T38B;T38bZ;T38bB;T41bZ;T41bB;T35Z;T35B;T41Z;T41B
05.12.2024;01:00;A 17;1;0;100;0;0;0;0;0;0;0;0;0;0;0;0;0;0;0;0;1;1;0;0;1;4;0;0;0;0;0;0;0;0;1;26;0;0;3;3;3;3;0;0;0;0;0;0;0;0;0;0;0;0;0;0;0;0
05.12.2024;00:59;A 17;1;0;100;0;0;0;0;0;0;0;0;0;0;0;0;0;0;0;0;2;3;1;0;1;16;0;0;0;0;0;0;1;24;0;0;1;10;0;0;0;0;0;0;0;0;0;0;0;0;0;0;0;0;0;0;0;0
05.12.2024;00:58;A 17;1;0;100;1;6;0;0;0;0;0;0;0;0;0;0;0;0;0;0;0;0;0;0;0;0;0;0;0;0;0;0;1;16;0;0;2;8;0;0;0;0;0;0;0;0;0;0;0;0;0;0;0;0;0;0;0;0
05.12.2024;00:57;A 17;1;0;100;1;5;0;0;0;0;0;0;0;0;0;0;0;0;0;0;0;0;0;0;0;0;0;0;0;0;0;0;1;10;0;0;1;9;0;0;0;0;0;0;0;0;0;0;0;0;0;0;0;0;0;0;0;0
05.12.2024;00:56;A 17;1;0;100;0;0;0;0;0;0;0;0;0;0;0;0;0;0;0;0;0;0;0;0;0;0;0;0;0;0;0;0;0;0;0;0;0;0;0;0;0;0;0;0;0;0;0;0;0;0;0;0;0;0;0;0;0;0
05.12.2024;00:55;A 17;1;0;100;0;0;0;0;0;0;0;0;0;0;0;0;0;0;0;0;0;0;1;0;0;0;1;2;1;1;0;0;0;0;0;0;0;0;0;0;0;0;0;0;0;0;0;0;0;0;0;0;0;0;0;0;0;0
05.12.2024;00:54;A 17;1;0;100;0;0;0;0;0;0;0;0;1;63;0;0;1;1;0;0;0;0;0;0;0;0;0;0;0;0;0;0;0;0;0;0;0;0;0;0;0;0;0;0;0;0;0;0;0;0;0;0;0;0;0;0;0;0
05.12.2024;00:53;A 17;1;0;100;0;0;0;0;0;0;0;0;0;0;0;0;0;0;0;0;2;1;0;0;2;14;0;0;0;0;0;0;1;14;0;0;1;8;0;0;0;0;0;0;0;0;0;0;0;0;0;0;0;0;0;0;0;0
05.12.2024;00:52;A 17;1;0;100;2;5;0;0;0;0;0;0;0;0;0;0;0;0;0;0;0;0;1;13;0;0;1;13;1;5;0;0;1;14;0;0;1;10;0;0;0;0;0;0;0;0;0;0;0;0;0;0;0;0;0;0;0;0
05.12.2024;00:51;A 17;1;0;100;0;0;0;0;0;0;0;0;0;0;0;0;0;0;0;0;0;0;0;0;0;0;0;0;0;0;0;0;0;0;0;0;0;0;0;0;0;0;0;0;0;0;0;0;0;0;0;0;0;0;0;0;0;0
05.12.2024;00:50;A 17;1;0;100;2;2;0;0;0;0;0;0;0;0;1;0;0;0;0;0;1;1;0;0;2;6;0;0;0;0;0;0;0;0;0;0;0;0;0;0;0;0;0;0;0;0;0;0;0;0;0;0;0;0;0;0;0;0
05.12.2024;00:49;A 17;1;0;100;0;0;0;0;0;0;0;0;0;0;0;0;0;0;0;0;0;0;0;0;0;0;0;0;0;0;0;0;0;0;0;0;0;0;0;0;0;0;0;0;0;0;0;0;0;0;0;0;0;0;0;0;0;0
05.12.2024;00:48;A 17;1;0;100;1;5;1;2;0;0;0;0;1;20;0;0;0;1;0;0;0;0;0;0;0;0;0;0;0;0;0;0;0;0;0;0;0;0;0;0;0;0;0;0;0;0;0;0;0;0;0;0;0;0;0;0;0;0
05.12.2024;00:47;A 17;1;0;100;2;4;1;0;0;0;0;0;0;0;0;0;1;1;0;0;0;0;0;0;0;0;0;0;0;0;0;0;0;0;0;39;0;0;0;0;1;4;0;0;0;0;0;0;0;0;0;0;0;0;0;0;0;0
05.12.2024;00:46;A 17;1;0;100;0;0;0;0;0;0;0;0;0;0;0;0;0;0;0;0;1;1;2;2;1;9;2;2;4;2;0;0;1;0;2;27;2;4;1;1;0;0;0;0;0;0;0;0;0;0;0;0;0;0;0;0;0;0
05.12.2024;00:45;A 17;1;0;100;0;0;0;0;0;0;0;0;0;0;0;0;0;0;0;0;1;1;0;0;0;6;0;0;0;0;0;0;0;0;0;0;0;0;0;0;0;0;0;0;0;0;0;0;0;0;0;0;0;0;0;0;0;0
05.12.2024;00:44;A 17;1;0;100;0;0;0;0;0;0;0;0;0;0;0;0;0;0;0;0;0;0;0;0;1;1;0;0;0;0;0;0;1;16;0;0;2;6;0;0;0;0;0;0;0;0;0;0;0;0;0;0;0;0;0;0;0;0
05.12.2024;00:43;A 17;1;0;100;0;0;0;0;0;0;0;0;0;0;0;0;0;0;0;0;1;0;0;0;1;6;0;0;0;0;0;0;0;12;0;0;0;0;0;0;0;0;0;0;0;0;0;0;0;0;0;0;0;0;0;0;0;0
05.12.2024;00:42;A 17;1;0;100;0;0;0;0;0;0;3;22;1;26;3;22;0;27;0;0;1;0;0;0;1;5;0;0;0;0;0;0;1;34;1;1;1;14;0;0;0;0;0;0;0;0;0;0;0;0;0;0;0;0;0;0;0;0
05.12.2024;00:41;A 17;1;0;100;1;8;0;0;0;0;0;0;1;1;0;0;2;4;0;0;3;21;0;0;3;19;0;0;0;0;0;0;0;0;0;0;0;0;0;0;0;0;0;0;0;0;0;0;0;0;0;0;0;0;0;0;0;0
05.12.2024;00:40;A 17;1;0;100;1;4;0;0;0;0;1;0;0;0;0;0;0;0;0;0;0;0;0;0;0;0;0;0;0;0;0;0;1;17;0;0;1;8;0;0;0;0;0;0;0;0;0;0;0;0;0;0;0;0;0;0;0;0
05.12.2024;00:39;A 17;1;0;100;3;18;0;0;0;0;0;0;0;0;0;0;0;0;0;0;1;5;0;0;1;9;0;0;0;0;0;0;0;0;1;1;1;0;0;0;0;0;0;0;0;0;0;0;0;0;0;0;0;0;0;0;0;0
05.12.2024;00:38;A 17;1;0;100;0;0;0;0;0;0;0;0;0;0;0;0;0;0;0;0;0;0;0;0;0;0;0;0;0;0;0;0;0;0;0;0;0;0;0;0;0;0;0;0;0;0;0;0;0;0;0;0;0;0;0;0;0;0
05.12.2024;00:37;A 17;1;0;100;2;8;0;0;0;0;0;0;1;12;1;0;0;0;0;0;2;13;0;0;2;10;0;0;0;0;0;0;1;67;0;0;1;11;0;0;0;0;0;0;0;0;0;0;0;0;0;0;0;0;0;0;0;0
05.12.2024;00:36;A 17;1;0;100;2;7;0;0;0;0;0;0;0;0;0;0;1;3;0;0;0;0;0;0;0;0;0;0;0;0;0;0;2;52;0;0;2;22;0;0;0;0;0;0;0;0;0;0;0;0;0;0;0;0;0;0;0;0
05.12.2024;00:35;A 17;1;0;100;0;0;0;0;0;0;0;0;0;0;0;0;0;0;0;0;0;0;0;0;0;0;0;0;0;0;0;0;0;3;0;3;0;0;0;0;1;3;0;0;0;0;0;0;0;0;0;0;0;0;0;0;0;0
05.12.2024;00:34;A 17;1;0;100;0;0;0;0;0;0;0;0;0;0;0;0;0;0;0;0;0;0;1;4;0;0;1;4;2;3;0;0;1;6;1;55;1;14;1;3;0;0;0;0;0;0;0;0;0;0;0;0;0;0;0;0;0;0
05.12.2024;00:33;A 17;1;0;100;2;7;1;0;0;0;0;0;0;0;0;0;0;0;0;0;1;2;0;0;1;8;0;0;0;0;0;0;1;14;0;0;1;9;0;0;0;0;0;0;0;0;0;0;0;0;0;0;0;0;0;0;0;0
05.12.2024;00:32;A 17;1;0;100;3;11;0;0;0;0;0;0;0;0;0;0;0;0;0;0;0;0;0;0;0;0;0;0;0;0;0;0;0;17;0;0;0;8;0;0;0;0;0;0;0;0;0;0;0;0;0;0;0;0;0;0;0;0
05.12.2024;00:31;A 17;1;0;100;0;0;0;0;0;0;0;0;0;0;0;0;0;0;0;0;2;2;0;0;2;14;0;0;0;0;0;0;3;33;0;0;3;44;0;0;0;0;0;0;0;0;0;0;0;0;0;0;0;0;0;0;0;0
05.12.2024;00:30;A 17;1;0;100;1;7;0;0;0;0;0;0;0;0;0;0;0;0;0;0;3;29;0;0;2;17;0;0;0;0;0;0;1;15;0;0;1;10;0;0;0;0;0;0;0;0;0;0;0;0;0;0;0;0;0;0;0;0
05.12.2024;00:29;A 17;1;0;100;0;0;0;0;0;0;0;0;0;0;0;0;0;0;0;0;1;0;0;0;1;5;0;0;0;0;0;0;0;0;0;0;0;0;0;0;0;0;0;0;0;0;0;0;0;0;0;0;0;0;0;0;0;0
05.12.2024;00:28;A 17;1;0;100;0;0;0;0;0;0;0;0;1;21;0;0;1;2;0;0;2;49;2;4;3;17;0;0;1;1;0;0;2;21;0;0;3;28;0;0;0;0;0;0;0;0;0;0;0;0;0;0;0;0;0;0;0;0
05.12.2024;00:27;A 17;1;0;100;1;6;0;0;0;0;0;0;0;0;0;0;0;0;0;0;1;0;0;0;1;5;0;0;0;0;0;0;0;0;0;0;0;0;0;0;0;4;0;0;0;0;0;0;0;0;0;0;0;0;0;0;0;0
05.12.2024;00:26;A 17;1;0;100;0;0;0;0;0;0;0;0;0;0;0;0;0;0;0;0;1;0;0;0;1;3;0;0;0;0;0;0;0;0;1;24;0;0;1;1;2;16;0;0;0;0;0;0;0;0;0;0;0;0;0;0;0;0
05.12.2024;00:25;A 17;1;0;100;0;0;0;0;0;0;0;0;2;26;0;0;1;4;0;0;1;1;0;0;1;5;0;0;0;0;0;0;0;0;0;0;0;0;0;0;0;0;0;0;0;0;0;0;0;0;0;0;0;0;0;0;0;0
05.12.2024;00:24;A 17;1;0;100;0;0;0;0;0;0;0;0;0;0;0;0;1;3;0;0;1;0;0;0;1;6;0;0;0;0;0;0;1;16;0;0;2;9;0;0;0;0;0;0;0;0;0;0;0;0;0;0;0;0;0;0;0;0
05.12.2024;00:23;A 17;1;0;100;0;0;0;0;0;0;1;0;1;3;0;0;2;9;0;0;1;0;0;0;1;5;0;0;0;0;0;0;1;26;1;40;1;8;0;1;1;4;0;0;0;0;0;0;0;0;0;0;0;0;1;1;0;0
05.12.2024;00:22;A 17;1;0;100;1;45;0;0;0;0;0;0;1;1;0;0;1;3;0;0;0;0;0;0;0;0;0;0;0;0;0;0;0;0;0;0;0;0;1;3;0;0;0;0;0;0;0;0;0;0;0;0;0;0;0;0;0;0
05.12.2024;00:21;A 17;1;0;100;0;0;0;0;0;0;0;0;0;0;1;0;0;0;0;0;1;17;0;0;1;5;0;0;0;0;0;0;0;0;1;48;0;0;1;3;1;3;0;0;0;0;0;0;0;0;0;0;0;0;0;0;0;0
05.12.2024;00:20;A 17;1;0;100;0;0;0;0;0;0;0;0;1;21;0;0;1;3;0;0;2;19;0;0;2;11;0;0;0;0;0;0;0;0;0;0;0;0;0;0;0;0;0;0;0;0;0;0;0;0;0;0;0;0;0;0;0;0
05.12.2024;00:19;A 17;1;0;100;0;0;0;0;0;0;0;0;2;22;0;0;1;26;0;0;1;0;0;0;1;2;0;0;0;0;0;0;0;0;0;0;0;0;0;0;0;0;0;0;0;0;0;0;0;0;0;0;0;0;0;0;0;0
05.12.2024;00:18;A 17;1;0;100;1;9;0;0;0;0;0;0;0;0;0;0;0;0;0;0;2;1;0;0;1;6;0;0;0;0;0;0;1;12;0;0;1;10;0;0;0;0;0;0;0;0;0;0;0;0;0;0;0;0;0;0;0;0
05.12.2024;00:17;A 17;1;0;100;1;11;0;0;0;0;0;0;0;0;0;0;0;0;0;0;0;0;0;0;1;7;0;0;0;0;0;0;0;63;0;0;0;0;0;0;0;0;0;0;0;0;0;0;0;0;0;0;0;0;0;0;0;0
05.12.2024;00:16;A 17;1;0;100;2;8;0;0;0;0;0;0;0;0;0;0;0;0;0;0;0;0;1;0;0;0;1;1;1;1;0;0;2;68;0;0;3;14;0;0;0;0;0;0;0;0;0;0;0;0;0;0;0;0;0;0;0;0
05.12.2024;00:15;A 17;1;0;100;0;0;0;0;0;0;0;0;0;0;0;0;0;0;0;0;0;0;0;0;0;0;0;0;0;0;0;0;2;43;0;0;2;11;0;0;0;0;0;0;0;0;0;0;0;0;0;0;0;0;0;0;0;0
05.12.2024;00:14;A 17;1;0;100;2;1;0;0;0;0;0;0;0;0;0;0;0;0;0;0;1;1;0;0;1;8;0;0;0;0;0;0;1;74;0;0;2;7;0;0;0;0;0;0;0;0;0;0;0;0;0;0;0;0;0;0;0;0
05.12.2024;00:13;A 17;1;0;100;3;13;0;0;0;0;2;34;1;36;0;0;1;41;0;0;0;0;0;0;0;0;0;0;0;0;0;0;1;32;0;0;2;7;0;0;0;0;0;0;0;0;0;0;0;0;0;0;0;0;0;0;0;0
05.12.2024;00:12;A 17;1;0;100;0;0;0;0;0;0;0;0;1;0;0;0;1;2;0;0;0;0;0;0;0;0;0;0;0;0;0;0;0;0;2;46;0;0;2;47;1;15;0;0;0;0;0;0;0;0;0;0;0;0;0;0;0;0
05.12.2024;00:11;A 17;1;0;100;0;0;0;0;0;0;0;0;0;0;0;0;0;0;0;0;1;0;0;0;2;8;0;0;0;0;0;0;2;39;0;0;2;17;0;0;0;0;0;0;0;0;0;0;0;0;0;0;0;0;0;0;0;0
05.12.2024;00:10;A 17;1;0;100;0;0;0;0;0;0;0;0;1;7;0;0;1;1;0;0;1;0;0;0;1;6;0;0;0;0;0;0;1;1;0;0;0;0;0;0;0;0;0;0;0;0;0;0;0;0;0;0;0;0;0;0;0;0
05.12.2024;00:09;A 17;1;0;100;1;5;1;1;0;0;0;0;0;0;1;0;0;0;0;0;0;0;0;0;0;0;0;0;0;0;0;0;0;3;0;4;1;4;0;0;1;1;0;0;0;0;0;0;0;0;0;0;0;0;0;0;0;0
05.12.2024;00:08;A 17;1;0;100;0;0;0;0;0;0;0;0;0;0;0;0;0;0;0;0;0;0;0;0;0;0;0;0;0;0;0;0;1;4;1;15;1;10;1;4;0;0;0;0;0;0;0;0;0;0;0;0;0;0;0;0;0;0
05.12.2024;00:07;A 17;1;0;100;0;0;0;0;0;0;0;0;0;0;0;0;0;0;0;0;0;0;0;0;0;0;0;0;0;0;0;0;0;0;0;0;0;0;0;0;0;0;0;0;0;0;0;0;0;0;0;0;0;0;0;0;0;0
05.12.2024;00:06;A 17;1;0;100;0;0;0;0;0;0;0;0;0;0;1;21;0;0;1;2;0;0;0;0;0;0;0;0;0;0;0;0;0;0;0;0;0;0;0;0;0;0;0;0;0;0;0;0;0;0;0;0;0;0;0;0;0;0
05.12.2024;00:05;A 17;1;0;100;0;0;0;0;0;0;0;0;0;0;0;0;0;0;0;0;1;0;0;0;1;5;0;0;0;0;0;0;0;0;0;0;0;0;0;0;0;0;0;0;0;0;0;0;0;0;0;0;0;0;0;0;0;0
05.12.2024;00:04;A 17;1;0;100;0;0;0;0;0;0;0;0;0;0;0;0;0;0;0;0;5;6;0;0;3;30;0;0;0;0;0;0;0;0;1;38;0;0;1;1;2;1;0;0;0;0;0;0;0;0;0;0;0;0;0;0;0;0
05.12.2024;00:03;A 17;1;0;100;4;11;0;0;0;0;0;0;1;65;0;0;1;2;0;0;3;3;1;5;3;14;1;2;1;7;0;0;0;0;1;1;0;0;0;0;0;0;0;0;0;0;0;0;0;0;0;0;0;0;0;0;0;0
05.12.2024;00:02;A 17;1;0;100;1;3;0;0;0;0;0;0;0;0;0;0;0;0;0;0;1;1;0;0;1;7;0;0;0;0;0;0;0;0;0;0;0;0;0;0;0;0;0;0;0;0;0;0;0;0;0;0;0;0;0;0;0;0
05.12.2024;00:01;A 17;1;0;100;1;13;0;0;0;0;0;0;0;0;0;0;0;0;0;0;1;6;0;0;1;7;0;0;0;0;0;0;0;18;0;0;0;0;0;0;0;0;0;0;0;0;0;0;0;0;0;0;0;0;0;0;0;0
05.12.2024;00:00;A 17;1;0;100;0;0;0;0;0;0;1;0;0;0;0;0;0;0;0;0;0;0;0;0;0;0;0;0;0;0;0;0;2;45;0;0;3;20;0;0;0;0;0;0;0;0;0;0;0;0;0;0;0;0;0;0;0;0
04.12.2024;23:59;A 17;1;0;100;0;0;0;0;0;0;0;0;0;0;0;0;0;0;0;0;2;2;0;0;2;11;0;0;0;0;0;0;0;0;0;0;0;0;0;0;0;0;0;0;0;0;0;0;0;0;0;0;0;0;0;0;0;0
04.12.2024;23:58;A 17;1;0;100;2;24;0;0;0;0;0;0;0;0;1;6;0;0;0;0;0;0;0;0;0;0;0;0;0;0;0;0;0;0;0;0;0;0;0;0;0;0;0;0;0;0;0;0;0;0;0;0;0;0;0;0;0;0
04.12.2024;23:57;A 17;1;0;100;1;6;0;0;0;0;1;1;0;0;0;0;0;0;1;1;1;0;0;0;1;4;0;0;0;0;0;0;1;18;0;0;2;17;0;0;0;0;0;0;0;0;0;0;0;0;1;1;0;0;0;0;0;0
04.12.2024;23:56;A 17;1;0;100;1;11;0;0;0;0;0;0;0;0;0;0;0;0;0;0;1;0;2;3;1;6;0;0;0;0;0;0;2;11;2;5;2;12;0;0;0;0;0;0;0;0;0;0;0;0;0;0;0;0;0;0;0;0
04.12.2024;23:55;A 17;1;0;100;0;0;0;0;0;0;0;0;1;20;0;0;1;4;0;0;1;0;0;0;1;4;0;0;0;0;0;0;0;0;0;0;1;5;0;0;0;0;0;0;0;0;0;0;0;0;0;0;0;0;0;0;0;0
04.12.2024;23:54;A 17;1;0;100;3;10;0;0;0;0;0;0;1;41;0;0;1;1;0;0;0;0;0;0;0;0;0;0;0;0;0;0;0;0;0;0;0;0;0;0;0;0;0;0;0;0;0;0;0;0;0;0;0;0;0;0;0;0
04.12.2024;23:53;A 17;1;0;100;0;0;0;0;0;0;0;0;0;0;0;0;0;0;0;0;1;0;1;0;1;4;0;0;0;0;0;0;2;15;0;0;1;25;0;0;0;0;0;0;0;0;0;0;0;0;0;0;0;0;0;0;0;0
04.12.2024;23:52;A 17;1;0;100;1;9;0;0;0;0;0;0;0;0;0;0;0;0;0;0;0;0;1;0;0;0;0;0;0;0;0;0;1;15;0;0;1;7;0;0;0;0;0;0;0;0;0;0;0;0;0;0;0;0;1;1;0;0
04.12.2024;23:51;A 17;1;0;100;0;0;0;0;0;0;0;0;0;0;0;0;0;0;0;0;0;14;0;0;0;0;0;0;0;0;0;0;2;36;0;0;2;25;0;0;0;0;0;0;0;0;0;0;0;0;0;0;0;0;0;0;0;0
04.12.2024;23:50;A 17;1;0;100;2;3;0;0;0;0;0;0;0;0;0;0;0;0;0;0;1;20;0;0;2;7;0;0;0;0;0;0;1;33;1;1;2;9;1;3;1;1;0;0;0;0;0;0;0;0;0;0;0;0;0;0;0;0
04.12.2024;23:49;A 17;1;0;100;0;0;0;0;0;0;0;0;0;0;0;0;0;0;0;0;0;28;0;0;0;0;0;0;0;0;0;0;0;3;1;3;0;0;0;0;1;4;0;0;0;0;1;1;0;0;0;0;0;0;0;0;0;0
04.12.2024;23:48;A 17;1;0;100;0;0;0;0;0;0;0;0;1;6;0;0;1;2;0;0;1;10;0;0;1;8;0;0;0;0;0;0;1;43;0;0;2;17;1;3;1;3;0;0;0;0;0;0;0;0;0;0;0;0;0;0;0;0
04.12.2024;23:47;A 17;1;0;100;0;1;0;0;0;0;0;0;0;0;0;0;0;0;0;0;2;1;0;0;1;3;0;0;0;0;0;0;0;0;1;4;0;0;1;1;0;0;0;0;0;0;1;1;0;0;0;0;0;0;0;0;0;0
04.12.2024;23:46;A 17;1;0;100;4;6;0;0;0;0;0;0;0;22;0;0;0;0;0;0;2;35;0;0;5;23;0;0;0;0;0;0;1;29;0;0;0;26;0;0;0;0;0;0;0;0;0;0;0;0;0;0;0;0;0;0;0;0
04.12.2024;23:45;A 17;1;0;100;5;92;0;0;0;0;0;0;3;32;0;0;2;6;0;0;3;34;0;0;3;26;0;0;0;0;0;0;2;40;0;0;5;31;0;0;0;0;0;0;0;0;0;0;0;0;0;0;0;0;0;0;0;0
04.12.2024;23:44;A 17;1;0;100;1;62;0;0;0;0;0;0;0;0;0;0;0;0;0;0;1;0;1;1;1;3;0;0;0;0;0;0;1;48;0;0;1;10;0;0;0;0;0;0;0;0;0;0;0;0;0;0;0;0;0;0;0;0
04.12.2024;23:43;A 17;1;0;100;0;0;0;0;0;0;2;25;1;27;0;0;1;31;0;0;0;0;0;0;0;0;0;0;0;0;0;0;0;0;1;1;1;0;1;1;1;3;0;0;0;0;0;0;0;0;0;0;0;0;0;0;0;0
04.12.2024;23:42;A 17;1;0;100;0;0;1;1;0;0;0;0;0;0;0;0;0;0;0;0;3;3;0;0;1;13;0;0;0;0;0;0;0;43;1;24;0;0;1;2;1;3;0;0;0;0;0;0;0;0;0;0;0;0;0;0;0;0
04.12.2024;23:41;A 17;1;0;100;0;0;0;0;0;0;0;0;0;0;0;0;0;0;0;0;1;0;2;1;1;4;1;1;2;1;0;0;2;17;2;1;3;14;0;0;0;0;0;0;0;0;0;0;0;0;0;0;0;0;0;0;0;0
04.12.2024;23:40;A 17;1;0;100;0;0;0;0;0;0;0;0;1;56;0;0;1;3;0;0;2;1;0;0;1;8;0;0;0;0;0;0;0;0;0;0;0;0;0;0;0;0;0;0;0;0;0;0;0;0;0;0;0;0;0;0;0;0
04.12.2024;23:39;A 17;1;0;100;0;0;0;0;0;0;0;0;1;0;1;1;1;2;1;3;0;0;0;0;0;0;0;0;0;0;0;0;1;13;0;0;1;10;0;0;0;0;0;0;0;0;0;0;0;0;0;0;0;0;0;0;0;0
04.12.2024;23:38;A 17;1;0;100;2;5;0;0;0;0;0;0;0;0;0;0;0;0;0;0;1;42;0;0;1;4;0;0;0;0;0;0;1;0;1;1;0;57;1;2;1;1;0;0;0;0;0;0;0;0;0;0;0;0;0;0;0;0
04.12.2024;23:37;A 17;1;0;100;3;1;1;2;0;0;0;0;0;0;2;3;0;0;0;0;0;0;0;0;0;0;0;0;0;0;0;0;1;13;0;0;3;21;0;0;0;0;0;0;0;0;0;0;0;0;0;0;0;0;0;0;0;0
04.12.2024;23:36;A 17;1;0;100;0;0;0;0;0;0;0;0;0;0;0;0;0;0;0;0;0;0;0;0;0;0;0;0;0;0;0;0;0;0;1;18;0;0;1;1;1;4;1;1;0;0;0;0;0;0;0;0;0;0;0;0;0;0
04.12.2024;23:35;A 17;1;0;100;4;7;0;0;0;0;0;0;0;0;0;0;0;0;0;0;1;0;0;0;1;6;0;0;0;0;0;0;0;0;0;0;0;0;0;0;0;0;0;0;0;0;0;0;0;0;0;0;0;0;0;0;0;0
04.12.2024;23:34;A 17;1;0;100;1;6;0;0;0;0;0;0;0;0;0;0;0;0;0;0;1;0;1;6;1;2;1;5;1;10;0;0;0;0;2;5;0;0;1;26;2;6;0;0;0;0;0;0;0;0;0;0;0;0;0;0;0;0
04.12.2024;23:33;A 17;1;0;100;0;6;0;0;0;0;0;0;2;9;0;0;1;5;0;0;3;28;0;0;3;17;0;0;0;0;0;0;0;0;0;0;0;0;0;0;0;0;0;0;0;0;1;1;0;0;0;0;0;0;0;0;0;0
04.12.2024;23:32;A 17;1;0;100;3;14;1;2;0;0;0;0;0;21;0;0;1;0;0;0;2;1;1;0;3;9;0;0;0;0;0;0;2;25;0;0;1;18;0;0;0;0;0;0;0;0;0;0;0;0;0;0;0;0;0;0;0;0
04.12.2024;23:31;A 17;1;0;100;2;13;0;0;0;0;1;0;2;14;0;0;4;8;0;0;2;11;0;0;4;16;0;0;0;0;0;0;1;21;0;24;3;15;0;0;1;3;0;0;0;0;0;0;0;0;0;0;0;0;0;0;0;0
04.12.2024;23:30;A 17;1;0;100;0;0;0;0;0;0;0;0;0;0;0;0;0;0;0;0;2;31;0;0;4;27;0;0;0;0;0;0;1;22;1;14;1;2;1;2;0;0;0;0;0;0;0;0;0;0;0;0;0;0;0;0;0;0
04.12.2024;23:29;A 17;1;0;100;1;49;0;0;0;0;0;0;1;20;0;0;2;3;0;0;0;0;0;0;0;0;0;0;0;0;0;0;0;0;0;0;0;0;0;0;0;0;0;0;0;0;0;0;0;0;0;0;0;0;0;0;0;0
04.12.2024;23:28;A 17;1;0;100;1;13;0;0;0;0;0;0;0;0;1;0;0;0;0;0;1;1;0;0;1;3;0;0;0;0;0;0;0;0;0;0;0;0;0;0;0;0;0;0;0;0;0;0;0;0;0;0;0;0;0;0;0;0
04.12.2024;23:27;A 17;1;0;100;4;20;0;0;0;0;1;0;1;1;1;18;1;1;2;6;0;0;1;4;0;0;0;0;0;0;0;0;2;16;2;4;3;22;1;6;0;0;0;0;0;0;0;0;0;0;0;0;0;0;0;0;0;0
04.12.2024;23:26;A 17;1;0;100;2;13;0;0;0;0;0;0;0;0;0;0;0;0;0;0;2;1;1;0;2;10;0;0;0;0;0;0;0;0;0;0;0;0;0;0;0;0;0;0;0;0;0;0;0;0;0;0;0;0;0;0;0;0
04.12.2024;23:25;A 17;1;0;100;1;4;0;0;0;0;0;0;0;0;0;0;0;0;0;0;2;1;1;0;2;10;0;0;0;0;0;0;1;1;0;0;2;5;0;0;0;0;0;0;0;0;0;0;0;0;0;0;0;0;0;0;0;0
04.12.2024;23:24;A 17;1;0;100;2;15;0;0;0;0;0;0;1;0;0;0;1;0;0;0;0;0;0;0;0;0;0;0;0;0;0;0;0;0;1;22;0;0;1;1;1;3;0;0;0;0;0;0;0;0;0;0;0;0;0;0;0;0
04.12.2024;23:23;A 17;1;0;100;1;8;0;0;0;0;0;0;0;0;1;0;0;0;0;0;0;0;0;0;0;0;0;0;0;0;0;0;0;0;0;0;0;0;0;0;0;0;0;0;0;0;0;0;0;0;0;0;0;0;0;0;0;0
04.12.2024;23:22;A 17;1;0;100;4;5;0;0;0;0;0;0;0;0;0;0;0;0;0;0;3;2;1;0;4;15;1;1;2;1;0;0;1;15;0;0;1;9;0;0;0;0;0;0;0;0;0;0;0;0;0;0;0;0;0;0;0;0
04.12.2024;23:21;A 17;1;0;100;0;0;0;0;0;0;0;0;1;54;1;1;0;0;0;0;3;2;0;0;1;13;0;0;0;0;0;0;1;24;0;0;2;8;0;0;0;0;0;0;0;0;0;0;0;0;0;0;0;0;0;0;0;0
04.12.2024;23:20;A 17;1;0;100;6;20;0;0;0;0;0;0;3;56;0;0;3;69;0;0;1;0;0;0;2;6;0;0;0;0;0;0;0;0;1;0;0;0;0;0;0;0;0;0;0;0;0;0;0;0;0;0;0;0;0;0;0;0
04.12.2024;23:19;A 17;1;0;100;2;15;0;0;0;0;0;0;0;0;0;0;0;0;0;0;3;13;1;1;3;14;1;1;2;1;0;0;1;16;0;0;2;7;0;0;0;0;0;0;0;0;0;0;0;0;0;0;0;0;0;0;0;0
04.12.2024;23:18;A 17;1;0;100;2;10;0;0;0;0;0;0;0;0;0;0;0;0;0;0;3;28;0;0;6;30;0;0;0;0;0;0;3;22;2;5;1;36;2;18;2;5;0;0;0;0;0;0;0;0;0;0;0;0;0;0;0;0
04.12.2024;23:17;A 17;1;0;100;0;0;1;2;0;0;0;0;1;16;1;3;1;1;0;0;1;15;0;0;1;8;0;0;0;0;0;0;5;65;2;2;5;65;0;0;0;0;0;0;0;0;0;0;0;0;0;0;0;0;0;0;0;0
04.12.2024;23:16;A 17;1;0;100;3;8;0;0;0;0;0;0;0;0;0;0;0;0;0;0;4;20;0;0;4;21;0;0;0;0;0;0;4;18;0;0;2;77;0;0;0;0;0;0;0;0;0;0;0;0;0;0;0;0;0;0;0;0
04.12.2024;23:15;A 17;1;0;100;1;10;0;0;0;0;1;1;0;6;0;7;0;0;0;0;3;35;0;0;3;45;0;0;0;0;0;0;2;59;0;0;1;70;0;0;0;0;0;0;0;0;0;0;0;0;0;0;0;0;0;0;0;0
04.12.2024;23:14;A 17;1;0;100;2;2;1;5;0;0;0;0;1;44;1;54;2;11;1;2;6;10;1;0;5;40;0;0;0;0;0;0;1;1;1;1;1;6;1;1;1;6;0;0;0;0;0;0;0;0;0;0;0;0;0;0;0;0
04.12.2024;23:13;A 17;1;0;100;3;13;0;0;0;0;3;1;2;7;2;3;2;16;1;4;3;2;0;0;2;15;0;0;0;0;0;0;2;1;0;0;3;7;0;0;0;0;0;0;0;0;0;0;0;0;0;0;0;0;0;0;0;0
04.12.2024;23:12;A 17;1;0;100;0;33;0;0;0;0;0;2;2;63;0;4;3;62;0;0;2;33;0;0;3;19;0;0;0;0;0;0;0;0;0;0;0;0;0;0;0;0;0;0;0;0;0;0;0;0;0;0;0;0;0;0;0;0
04.12.2024;23:11;A 17;1;0;100;3;20;0;0;0;0;1;32;1;33;1;76;1;2;1;2;4;53;2;4;6;22;0;0;0;0;0;0;3;7;1;0;4;20;1;0;1;1;0;0;0;0;1;1;0;0;0;0;0;0;1;1;0;0
04.12.2024;23:10;A 17;1;0;100;0;0;0;0;0;0;3;40;2;61;0;0;2;5;0;0;4;57;0;0;3;24;0;0;0;0;0;0;3;58;0;11;2;69;0;0;1;3;0;0;0;0;0;0;0;0;0;0;0;0;0;0;0;0
04.12.2024;23:09;A 17;1;0;100;4;7;1;1;0;0;0;0;1;27;1;0;1;19;0;0;3;31;0;0;4;40;0;0;0;0;0;0;0;0;1;47;0;0;1;1;0;0;0;0;0;0;0;0;0;0;0;0;0;0;0;0;0;0
04.12.2024;23:08;A 17;1;0;100;0;0;0;0;0;0;0;0;1;31;1;19;1;4;1;1;8;20;0;0;3;40;0;0;0;0;0;0;1;19;2;8;1;10;0;0;2;5;0;0;0;0;0;0;0;0;0;0;0;0;0;0;0;0
04.12.2024;23:07;A 17;1;0;100;4;14;0;0;0;0;0;0;1;21;1;3;1;2;1;3;1;16;0;0;2;6;0;0;0;0;0;0;0;0;0;0;0;0;0;0;0;0;0;0;0;0;0;0;0;0;0;0;0;0;0;0;0;0
04.12.2024;23:06;A 17;1;0;100;2;26;0;0;0;0;0;0;0;0;1;0;0;0;0;0;3;40;0;0;3;47;0;0;0;0;0;0;2;48;0;0;2;20;0;0;0;0;0;0;0;0;0;0;0;0;0;0;0;0;0;0;0;0
04.12.2024;23:05;A 17;1;0;100;3;16;0;0;0;0;0;0;1;36;0;0;1;2;0;0;1;14;0;0;1;4;0;0;0;0;0;0;0;0;0;0;0;0;0;0;0;0;0;0;0;0;0;0;0;0;0;0;0;0;0;0;0;0
04.12.2024;23:04;A 17;1;0;100;1;0;0;0;0;0;1;21;0;0;0;0;0;0;0;0;1;0;0;0;1;4;0;0;0;0;0;0;0;0;1;13;0;0;1;2;1;5;0;0;0;0;0;0;0;0;0;0;0;0;0;0;0;0
04.12.2024;23:03;A 17;1;0;100;0;0;1;2;0;0;0;0;0;0;0;0;0;0;0;0;7;4;1;5;3;21;1;3;1;2;0;0;2;73;0;0;2;21;0;0;1;3;0;0;0;0;0;0;0;0;0;0;0;0;0;0;0;0
04.12.2024;23:02;A 17;1;0;100;2;4;0;0;0;0;0;0;0;19;1;0;0;0;0;0;2;1;0;0;2;9;0;0;0;0;0;0;0;0;2;19;0;0;1;20;2;9;0;0;0;0;0;0;0;0;0;0;0;0;0;0;0;0
04.12.2024;23:01;A 17;1;0;100;1;5;0;0;0;0;0;0;1;0;0;19;2;3;0;0;2;2;1;1;3;10;1;2;1;3;0;0;1;1;0;0;2;5;0;0;0;0;0;0;0;0;0;0;0;0;0;0;0;0;0;0;0;0
04.12.2024;23:00;A 17;1;0;100;0;4;0;0;0;0;0;0;1;1;1;39;2;4;2;5;1;0;0;0;1;4;0;0;0;0;0;0;0;0;1;25;0;0;1;3;1;6;0;0;0;0;0;0;0;0;0;0;0;0;0;0;0;0
04.12.2024;22:59;A 17;1;0;100;1;0;0;0;0;0;0;0;0;0;0;0;0;0;0;0;3;15;0;12;3;14;0;12;1;3;0;0;0;0;0;0;0;0;0;0;0;0;0;0;0;0;0;0;0;0;0;0;0;0;0;0;0;0
04.12.2024;22:58;A 17;1;0;100;5;13;0;0;0;0;0;0;1;23;0;0;1;4;0;0;2;33;1;43;3;17;1;29;0;0;0;0;1;7;2;6;1;9;0;0;0;0;0;0;0;0;0;0;0;0;0;0;0;0;0;0;0;0
04.12.2024;22:57;A 17;1;0;100;1;15;0;0;0;0;0;0;0;0;2;0;0;0;0;0;2;39;0;0;3;13;0;0;0;0;0;0;3;62;0;0;1;76;0;0;0;0;0;0;0;0;0;0;0;0;0;0;0;0;0;0;0;0
04.12.2024;22:56;A 17;1;0;100;2;50;0;0;0;0;0;0;2;1;0;0;3;3;0;0;4;41;0;0;2;48;0;0;0;0;0;0;0;0;0;0;0;0;0;0;0;0;0;0;0;0;0;0;0;0;0;0;0;0;0;0;0;0
04.12.2024;22:55;A 17;1;0;100;4;23;0;0;0;0;0;0;0;0;0;0;0;0;0;0;3;12;1;3;4;29;0;0;0;0;0;0;3;23;3;20;3;17;2;7;1;3;0;0;0;0;0;0;0;0;0;0;0;0;0;0;0;0
04.12.2024;22:54;A 17;1;0;100;3;6;0;0;0;0;0;0;0;0;1;0;0;0;0;0;1;22;2;0;1;6;0;0;0;0;0;0;2;2;1;34;1;9;1;2;2;7;0;0;0;0;0;0;0;0;0;0;0;0;0;0;0;0
04.12.2024;22:53;A 17;1;0;100;2;18;0;0;0;0;0;0;0;0;0;3;0;0;0;0;3;8;0;0;4;12;0;0;0;0;0;0;3;6;1;22;1;12;1;1;1;0;0;0;0;0;0;0;0;0;0;0;0;0;0;0;0;0
04.12.2024;22:52;A 17;1;0;100;6;15;0;0;0;0;8;11;0;21;1;34;0;0;0;0;4;3;0;0;3;18;0;0;0;0;0;0;0;0;0;0;1;8;0;0;0;0;0;0;0;0;0;0;0;0;0;0;0;0;0;0;0;0
04.12.2024;22:51;A 17;1;0;100;4;16;2;4;0;0;3;1;1;3;1;0;1;2;0;0;1;3;0;0;1;8;0;0;0;0;0;0;0;0;0;0;0;0;0;0;0;0;0;0;0;0;0;0;0;0;0;0;0;0;0;0;0;0
04.12.2024;22:50;A 17;1;0;100;3;12;2;5;0;0;2;4;1;49;1;0;1;20;0;0;2;1;0;0;3;6;0;0;0;0;0;0;1;0;0;0;2;3;0;0;0;0;0;0;0;0;0;0;0;0;0;0;0;0;0;0;0;0
04.12.2024;22:49;A 17;1;0;100;7;21;0;0;0;0;0;0;1;21;0;0;2;2;0;0;5;38;1;4;5;34;1;4;2;6;0;0;0;0;3;16;0;0;1;1;1;2;0;0;0;0;0;0;0;0;0;0;0;0;0;0;0;0
04.12.2024;22:48;A 17;1;0;100;3;15;0;0;0;0;0;0;0;0;0;0;0;0;0;0;0;0;2;1;0;0;1;2;1;2;0;0;3;28;0;0;4;39;0;0;0;0;0;0;0;0;0;0;0;0;0;0;0;0;0;0;0;0
04.12.2024;22:47;A 17;1;0;100;2;20;0;0;0;0;0;0;0;0;0;0;0;0;0;0;4;37;0;0;4;30;0;0;0;0;0;0;2;3;1;5;0;6;1;2;1;13;0;0;0;0;0;0;0;0;0;0;0;0;0;0;0;0
04.12.2024;22:46;A 17;1;0;100;1;4;0;0;0;0;0;0;0;0;0;0;0;0;0;0;4;8;0;0;1;11;0;0;0;0;0;0;1;11;0;0;1;26;0;0;0;0;0;0;0;0;0;0;0;0;0;0;0;0;0;0;0;0
04.12.2024;22:45;A 17;1;0;100;5;24;2;2;0;0;0;0;0;0;1;1;0;0;0;0;1;0;0;0;4;9;0;0;0;0;0;0;1;13;0;0;1;9;0;0;0;0;0;0;0;0;0;0;0;0;0;0;0;0;0;0;0;0
04.12.2024;22:44;A 17;1;0;100;2;6;0;0;0;0;0;0;1;10;1;0;1;8;0;0;5;38;0;0;3;21;0;0;0;0;0;0;6;48;0;37;2;49;0;0;1;6;0;0;0;0;0;0;0;0;0;0;0;0;0;0;0;0
04.12.2024;22:43;A 17;1;0;100;1;2;0;0;0;0;0;0;0;0;0;0;0;0;0;0;5;6;0;0;3;30;0;0;0;0;0;0;5;8;1;29;4;33;1;1;0;0;0;0;0;0;0;0;0;0;0;0;0;0;0;0;0;0
04.12.2024;22:42;A 17;1;0;100;0;0;0;0;0;0;0;0;0;0;0;0;0;0;0;0;4;13;0;0;5;28;0;0;0;0;0;0;1;13;0;0;1;9;0;0;0;0;0;0;0;0;0;0;0;0;0;0;0;0;0;0;0;0
04.12.2024;22:41;A 17;1;0;100;2;10;0;0;0;0;0;0;0;0;1;0;0;0;0;0;4;15;1;4;3;18;0;0;1;3;0;0;5;42;5;7;5;37;0;0;0;0;1;1;0;0;0;0;0;0;1;1;0;0;0;0;0;0
04.12.2024;22:40;A 17;1;0;100;1;35;0;0;0;0;0;0;1;24;0;0;2;5;0;0;8;45;1;0;3;75;0;0;0;0;0;0;3;20;1;0;4;40;0;0;0;0;0;0;0;0;0;0;0;0;0;0;0;0;0;0;0;0
04.12.2024;22:39;A 17;1;0;100;4;16;0;0;0;0;0;0;0;0;0;0;0;0;0;0;5;46;0;10;3;65;1;10;1;4;0;0;1;28;0;0;2;8;0;0;0;0;0;0;0;0;0;0;0;0;0;0;0;0;0;0;0;0
04.12.2024;22:38;A 17;1;0;100;3;7;0;0;0;0;0;0;0;0;1;0;0;0;0;0;2;2;1;22;2;21;1;23;0;0;0;0;2;55;0;0;3;15;0;0;0;0;0;0;0;0;0;0;1;1;0;0;0;0;0;0;1;1
04.12.2024;22:37;A 17;1;0;100;1;30;1;1;0;0;0;0;0;0;0;0;0;0;0;0;3;8;0;0;3;19;0;0;0;0;0;0;1;0;2;1;1;8;1;0;1;1;0;0;0;0;0;0;0;0;0;0;0;0;0;0;0;0
04.12.2024;22:36;A 17;1;0;100;2;13;0;0;0;0;0;0;0;0;2;1;0;0;0;0;6;41;0;0;4;19;0;0;0;0;0;0;2;15;2;0;3;5;0;0;0;0;0;0;0;0;0;0;0;0;0;0;0;0;0;0;0;0
04.12.2024;22:35;A 17;1;0;100;4;17;0;0;0;0;0;0;0;0;1;1;0;0;1;1;2;9;0;0;3;13;0;0;0;0;0;0;3;79;0;0;5;22;0;0;0;0;1;1;0;0;0;0;0;0;1;1;0;0;0;0;0;0
04.12.2024;22:34;A 17;1;0;100;5;16;2;4;0;0;0;0;0;0;2;44;0;0;0;0;1;0;1;4;1;3;1;6;1;6;0;0;1;26;2;3;1;6;0;0;0;0;0;0;0;0;0;0;0;0;0;0;0;0;0;0;0;0
04.12.2024;22:33;A 17;1;0;100;2;33;0;0;0;0;0;0;0;0;1;50;0;0;1;3;8;46;0;0;2;69;0;0;0;0;0;0;2;34;0;0;1;5;0;0;0;0;0;0;0;0;0;0;0;0;0;0;0;0;0;0;0;0
04.12.2024;22:32;A 17;1;0;100;0;0;1;1;0;0;0;0;0;0;1;18;0;0;1;1;5;39;0;0;4;15;0;0;0;0;0;0;0;49;0;0;2;9;0;0;0;0;0;0;0;0;0;0;0;0;0;0;0;0;0;0;0;0
04.12.2024;22:31;A 17;1;0;100;4;49;0;0;0;0;0;0;0;0;0;0;0;0;0;0;1;34;0;0;2;11;0;0;0;0;0;0;2;50;2;2;1;52;1;4;2;4;1;1;0;0;0;0;0;0;1;1;0;0;0;0;0;0
04.12.2024;22:30;A 17;1;0;100;3;11;0;0;0;0;0;0;0;0;0;0;0;0;0;0;4;32;0;0;3;13;0;0;0;0;0;0;1;42;0;0;1;14;0;0;0;0;0;0;0;0;0;0;0;0;0;0;0;0;0;0;0;0
04.12.2024;22:29;A 17;1;0;100;1;9;0;0;0;0;2;13;1;33;1;0;0;2;0;0;1;0;1;0;1;2;0;0;0;0;0;0;3;49;0;32;2;50;0;0;2;3;1;1;0;0;1;1;0;0;1;1;0;0;0;0;0;0
04.12.2024;22:28;A 17;1;0;100;3;4;0;0;0;0;1;0;1;1;0;47;2;7;0;0;3;46;1;1;2;19;0;0;2;1;0;0;2;43;1;27;4;39;0;0;0;0;0;0;0;0;1;1;0;0;0;0;0;0;1;1;0;0
04.12.2024;22:27;A 17;1;0;100;2;28;0;0;0;0;0;0;0;0;1;15;0;0;1;2;7;56;1;47;4;68;1;49;2;2;0;0;2;48;0;0;0;53;0;0;0;0;0;0;0;0;1;1;0;0;0;0;0;0;0;0;0;0
04.12.2024;22:26;A 17;1;0;100;2;11;0;0;0;0;0;0;0;21;0;0;0;0;0;0;2;35;1;67;5;15;1;66;1;5;0;0;2;12;2;4;2;30;0;0;0;0;0;0;1;1;0;0;0;0;0;0;1;1;0;0;0;0
04.12.2024;22:25;A 17;1;0;100;1;36;0;0;0;0;0;0;2;57;0;0;4;6;0;0;4;40;0;0;5;26;0;0;0;0;0;0;1;0;0;46;1;5;0;0;1;5;0;0;0;0;0;0;0;0;0;0;0;0;0;0;0;0
04.12.2024;22:24;A 17;1;0;100;6;22;0;0;0;0;0;0;1;50;0;0;1;43;0;0;1;0;0;0;1;5;0;0;0;0;0;0;1;0;1;2;0;0;3;4;0;0;0;0;0;0;0;0;0;0;0;0;0;0;0;0;0;0
04.12.2024;22:23;A 17;1;0;100;4;10;0;0;0;0;0;0;1;3;1;0;1;5;0;0;4;21;0;0;4;34;0;0;0;0;0;0;1;35;0;0;3;25;0;0;0;0;0;0;0;0;0;0;0;0;0;0;0;0;0;0;0;0
04.12.2024;22:22;A 17;1;0;100;2;14;0;0;0;0;0;0;0;0;1;1;0;0;0;0;2;18;0;0;1;18;0;0;0;0;0;0;0;0;0;0;0;0;0;0;0;0;0;0;0;0;0;0;0;0;0;0;0;0;0;0;0;0
04.12.2024;22:21;A 17;1;0;100;4;36;0;0;0;0;0;0;1;0;0;0;1;0;0;0;5;47;1;0;4;26;0;0;0;0;0;0;1;11;1;1;3;7;1;1;1;2;1;1;0;0;0;0;0;0;1;1;0;0;0;0;0;0
04.12.2024;22:20;A 17;1;0;100;3;26;0;0;0;0;0;0;4;57;0;0;3;61;0;0;3;21;0;0;2;11;0;0;0;0;0;0;3;2;0;0;1;17;0;0;0;0;1;1;0;0;1;1;0;0;1;1;0;0;0;0;0;0
04.12.2024;22:19;A 17;1;0;100;2;38;1;1;0;0;0;0;0;80;0;0;0;0;0;0;3;2;1;4;4;19;1;7;1;7;0;0;1;83;2;2;0;82;0;0;0;0;0;0;0;0;0;0;0;0;0;0;0;0;0;0;0;0
04.12.2024;22:18;A 17;1;0;100;5;15;2;2;0;0;1;41;1;60;0;0;2;5;0;0;4;20;0;0;4;30;0;0;0;0;0;0;3;50;0;0;2;32;0;0;0;0;0;0;0;0;0;0;0;0;0;0;0;0;0;0;0;0
04.12.2024;22:17;A 17;1;0;100;3;30;2;4;0;0;0;0;0;0;1;0;0;0;0;0;3;31;2;1;2;8;1;1;2;1;0;0;2;40;0;0;1;46;0;0;0;0;0;0;0;0;0;0;0;0;0;0;0;0;0;0;0;0
04.12.2024;22:16;A 17;1;0;100;1;7;0;0;0;0;1;0;2;1;2;1;3;3;0;0;3;25;1;1;4;17;1;2;1;2;0;0;3;4;3;2;7;33;0;0;0;0;0;0;0;0;0;0;0;0;0;0;0;0;0;0;0;0
04.12.2024;22:15;A 17;1;0;100;3;4;0;0;0;0;0;0;2;27;2;1;1;31;0;0;0;0;0;0;0;0;0;0;0;0;0;0;4;5;1;0;2;24;0;0;1;1;0;0;0;0;0;0;0;0;0;0;0;0;0;0;0;0
04.12.2024;22:14;A 17;1;0;100;1;9;0;0;0;0;2;23;1;43;1;1;1;47;1;1;3;2;0;0;4;10;0;0;0;0;0;0;4;3;0;0;2;12;0;0;0;0;1;1;1;1;0;0;0;0;1;1;1;1;0;0;0;0
04.12.2024;22:13;A 17;1;0;100;6;33;1;0;0;0;0;0;1;0;0;0;1;10;0;0;4;15;2;2;3;11;1;3;2;4;0;0;2;26;0;0;1;28;0;0;0;0;0;0;0;0;0;0;0;0;0;0;0;0;0;0;0;0
04.12.2024;22:12;A 17;1;0;100;2;7;0;0;0;0;0;0;0;0;0;0;0;0;0;0;7;72;1;4;1;76;0;0;0;0;0;0;6;43;1;6;3;43;2;4;0;0;0;0;0;0;0;0;0;0;0;0;0;0;0;0;0;0
04.12.2024;22:11;A 17;1;0;100;1;6;0;0;0;0;0;0;2;21;0;21;0;23;0;0;3;3;1;0;5;15;0;0;0;0;0;0;2;63;2;28;1;74;2;29;2;19;0;0;0;0;0;0;0;0;0;0;0;0;0;0;0;0
04.12.2024;22:10;A 17;1;0;100;2;3;0;0;0;0;0;0;2;43;1;23;2;49;1;1;8;49;0;0;7;28;0;0;0;0;0;0;2;37;1;25;1;38;1;28;0;0;0;0;0;0;0;0;0;0;0;0;0;0;0;0;0;0
04.12.2024;22:09;A 17;1;0;100;2;53;1;1;0;0;0;0;0;0;0;0;0;0;0;0;8;39;2;15;4;64;2;19;1;5;0;0;1;26;0;0;1;10;0;0;0;0;0;0;0;0;1;1;0;0;0;0;0;0;0;0;0;0
04.12.2024;22:08;A 17;1;0;100;2;76;0;0;0;0;0;0;0;0;0;0;0;0;0;0;5;33;0;0;2;56;0;0;0;0;0;0;9;18;0;0;1;52;0;0;0;0;0;0;0;0;0;0;0;0;0;0;0;0;0;0;0;0
04.12.2024;22:07;A 17;1;0;100;7;7;0;0;0;0;0;0;2;1;0;0;2;3;0;0;5;32;0;0;2;29;0;0;0;0;0;0;4;3;1;0;4;32;0;0;0;0;0;0;0;0;0;0;0;0;0;0;0;0;0;0;0;0
04.12.2024;22:06;A 17;1;0;100;2;1;0;0;0;0;0;0;0;0;0;0;0;0;0;0;1;34;0;0;1;2;0;0;0;0;0;0;1;0;0;0;0;2;0;0;0;0;0;0;0;0;1;1;0;0;0;0;0;0;1;1;0;0
04.12.2024;22:05;A 17;1;0;100;5;9;0;0;0;0;0;0;1;64;1;1;2;4;0;0;3;46;2;32;1;40;1;34;4;5;0;0;3;16;0;0;6;19;0;0;0;0;0;0;0;0;0;0;0;0;0;0;0;0;0;0;0;0
04.12.2024;22:04;A 17;1;0;100;2;7;2;1;0;0;0;0;1;96;0;0;0;94;0;0;8;8;1;5;4;29;3;8;1;8;0;0;1;97;2;1;1;15;0;0;0;0;0;0;0;0;0;0;0;0;0;0;0;0;0;0;0;0
04.12.2024;22:03;A 17;1;0;100;2;24;0;0;0;0;0;0;1;32;0;0;3;6;0;0;4;25;0;0;3;23;0;0;0;0;0;0;1;33;1;20;2;6;2;3;1;3;0;0;0;0;0;0;0;0;0;0;0;0;0;0;0;0
04.12.2024;22:02;A 17;1;0;100;1;7;0;0;0;0;0;0;0;0;0;0;0;0;0;0;5;50;0;0;3;55;0;0;0;0;0;0;3;16;0;0;3;30;0;0;0;0;0;0;0;0;0;0;0;0;0;0;0;0;0;0;0;0
04.12.2024;22:01;A 17;1;0;100;2;5;0;0;0;0;0;0;1;22;1;2;1;1;1;1;1;0;0;0;2;2;0;0;0;0;0;0;0;0;0;0;0;0;0;0;0;0;0;0;0;0;0;0;0;0;0;0;0;0;0;0;0;0
04.12.2024;22:00;A 17;1;0;100;5;30;0;0;0;0;3;14;1;22;0;20;0;22;0;0;2;31;0;0;2;10;0;0;0;0;0;0;3;31;0;19;3;40;0;0;2;12;0;0;0;0;0;0;0;0;0;0;0;0;0;0;0;0
04.12.2024;21:59;A 17;1;0;100;3;24;0;0;0;0;1;40;2;49;1;43;5;36;1;4;3;36;1;0;4;42;0;0;1;1;0;0;1;46;1;41;1;56;2;4;0;0;0;0;0;0;0;0;0;0;0;0;0;0;2;3;0;0
04.12.2024;21:58;A 17;1;0;100;3;3;0;0;0;0;0;0;0;0;0;0;0;0;0;0;2;1;0;0;1;3;0;0;0;0;0;0;2;29;0;0;0;32;0;0;0;0;1;1;0;0;1;1;0;0;0;0;0;0;1;1;0;0
04.12.2024;21:57;A 17;1;0;100;3;5;0;0;0;0;0;0;0;34;0;0;0;0;0;0;5;8;0;0;3;24;0;0;0;0;0;0;2;69;1;32;1;76;1;2;1;4;0;0;0;0;0;0;0;0;0;0;0;0;0;0;0;0
04.12.2024;21:56;A 17;1;0;100;2;82;1;2;0;0;0;0;1;70;2;1;1;3;0;0;1;73;1;4;0;0;0;0;0;0;0;0;3;23;4;3;3;47;1;2;0;0;0;0;0;0;0;0;0;0;0;0;0;0;0;0;0;0
04.12.2024;21:55;A 17;1;0;100;1;8;1;2;0;0;0;0;1;8;0;0;1;3;0;0;6;40;1;0;4;37;0;0;0;0;0;0;2;3;0;14;1;17;0;0;1;4;0;0;0;0;0;0;0;0;0;0;0;0;0;0;0;0
04.12.2024;21:54;A 17;1;0;100;5;16;1;3;0;0;0;0;1;26;1;0;1;6;0;0;2;1;0;0;2;9;0;0;0;0;0;0;1;0;2;38;2;4;1;1;0;0;0;0;0;0;0;0;0;0;0;0;0;0;0;0;0;0
04.12.2024;21:53;A 17;1;0;100;4;5;0;0;0;0;0;0;0;0;0;37;1;2;0;0;1;0;0;0;1;2;0;0;0;0;0;0;2;1;2;44;2;15;0;44;1;11;0;0;0;0;0;0;0;0;0;0;0;0;0;0;0;0
04.12.2024;21:52;A 17;1;0;100;3;10;0;0;0;0;0;0;2;44;1;27;1;34;1;2;6;50;0;0;4;20;0;0;0;0;0;0;3;3;1;34;1;17;2;31;0;0;0;0;0;0;0;0;0;0;0;0;0;0;0;0;0;0
04.12.2024;21:51;A 17;1;0;100;3;49;1;1;0;0;0;0;1;50;0;0;1;8;0;0;1;32;0;0;2;6;0;0;0;0;0;0;2;1;0;0;2;9;0;0;0;0;0;0;0;0;0;0;0;0;0;0;0;0;0;0;0;0
04.12.2024;21:50;A 17;1;0;100;2;80;0;0;1;8;0;0;1;20;0;0;1;6;0;0;4;18;1;0;5;36;0;0;0;0;0;0;3;39;1;3;3;21;1;4;0;0;0;0;0;0;0;0;0;0;0;0;0;0;0;0;0;0
04.12.2024;21:49;A 17;1;0;100;2;2;0;0;0;0;0;0;1;17;2;2;0;16;0;0;5;72;0;0;2;77;0;0;0;0;0;0;8;41;6;5;2;58;1;1;1;3;0;0;0;0;0;0;0;0;0;0;0;0;0;0;0;0
04.12.2024;21:48;A 17;1;0;100;1;5;0;0;0;0;0;0;1;84;0;0;1;89;0;0;6;25;1;5;4;45;2;8;1;8;0;0;0;0;0;0;1;85;0;0;0;0;0;0;0;0;2;3;0;0;0;0;0;0;2;12;0;0
04.12.2024;21:47;A 17;1;0;100;0;0;0;0;0;0;0;0;1;28;0;0;2;5;0;0;3;37;0;0;4;25;0;0;0;0;0;0;6;41;0;0;2;62;0;0;0;0;0;0;0;0;1;1;0;0;0;0;0;0;0;0;0;0
04.12.2024;21:46;A 17;1;0;100;1;4;0;0;0;0;1;5;1;8;0;3;1;2;0;0;4;38;0;0;0;47;0;0;0;0;0;0;1;60;0;0;1;6;0;0;0;0;0;0;0;0;0;0;0;0;0;0;0;0;0;0;0;0
04.12.2024;21:45;A 17;1;0;100;4;17;0;0;0;0;0;0;0;20;1;61;0;0;1;1;8;44;0;0;4;74;0;0;0;0;0;0;1;24;0;0;1;9;0;0;0;0;0;0;0;0;0;0;0;0;0;0;0;0;0;0;0;0
04.12.2024;21:44;A 17;1;0;100;0;0;1;9;0;0;0;0;1;52;1;26;2;4;1;4;2;1;0;0;2;4;0;0;0;0;0;0;2;50;1;1;2;10;2;3;1;2;0;0;0;0;0;0;0;0;0;0;0;0;0;0;0;0
04.12.2024;21:43;A 17;1;0;100;5;45;0;0;0;0;1;35;0;37;4;3;0;37;0;0;5;4;0;0;1;13;0;0;0;0;0;0;2;29;0;35;2;11;0;0;1;7;1;1;0;0;0;0;0;0;1;2;0;0;0;0;0;0
04.12.2024;21:42;A 17;1;0;100;3;62;0;0;0;0;1;16;1;29;13;2;1;25;0;0;6;70;3;3;3;78;0;0;1;2;0;0;4;23;3;10;3;32;3;13;2;4;0;0;1;1;0;0;0;0;0;0;1;1;0;0;0;0
04.12.2024;21:41;A 17;1;0;100;3;21;0;0;0;0;0;0;1;43;1;1;1;2;0;0;1;1;0;0;1;6;0;0;0;0;0;0;5;53;0;0;2;53;0;0;0;0;1;1;0;0;0;0;0;0;0;0;0;0;0;0;0;0
04.12.2024;21:40;A 17;1;0;100;4;49;1;2;0;0;1;2;1;5;1;0;1;4;0;0;4;3;0;0;4;16;0;0;0;0;0;0;7;42;0;0;1;62;0;0;0;0;0;0;0;0;0;0;0;0;0;0;0;0;0;0;0;0
04.12.2024;21:39;A 17;1;0;100;2;34;0;0;0;0;0;0;0;13;0;0;0;0;0;0;3;20;0;0;3;23;0;0;0;0;0;0;3;68;0;0;4;58;0;0;0;0;0;0;0;0;0;0;0;0;0;0;0;0;0;0;0;0
04.12.2024;21:38;A 17;1;0;100;2;8;0;0;0;0;0;0;1;6;0;0;1;5;0;0;5;55;1;1;4;58;1;4;1;1;0;0;5;54;1;9;3;47;0;0;1;3;0;0;0;0;0;0;0;0;0;0;0;0;0;0;0;0
04.12.2024;21:37;A 17;1;0;100;5;24;1;2;0;0;0;0;2;17;0;0;1;15;0;0;4;42;1;1;3;30;1;1;1;1;0;0;1;37;1;26;1;47;2;5;2;7;0;0;0;0;0;0;0;0;0;0;0;0;0;0;0;0
04.12.2024;21:36;A 17;1;0;100;2;18;0;0;0;0;0;0;2;51;1;23;3;11;1;1;2;2;0;0;2;7;0;0;0;0;0;0;1;12;1;58;1;6;1;1;0;0;0;0;0;0;0;0;0;0;0;0;0;0;0;0;0;0
04.12.2024;21:35;A 17;1;0;100;2;49;1;2;0;0;1;0;6;75;1;1;3;42;1;1;6;56;1;20;2;76;3;23;2;5;0;0;2;23;2;2;1;27;0;0;0;0;0;0;0;0;0;0;0;0;0;0;0;0;0;0;0;0
04.12.2024;21:34;A 17;1;0;100;1;2;0;0;0;0;0;0;0;100;0;0;0;100;0;0;4;2;1;4;2;6;1;4;1;3;0;0;1;89;0;0;1;44;0;0;0;0;0;0;0;0;0;0;0;0;0;0;0;0;0;0;0;0
04.12.2024;21:33;A 17;1;0;100;1;27;0;0;0;0;0;0;1;34;0;0;2;19;0;0;1;0;0;0;1;2;0;0;0;0;0;0;1;3;0;0;3;10;0;0;0;0;0;0;0;0;0;0;0;0;0;0;0;0;0;0;0;0
04.12.2024;21:32;A 17;1;0;100;2;1;0;0;0;0;0;0;0;46;2;38;0;0;3;8;7;25;0;0;6;23;0;0;0;0;0;0;1;11;0;0;2;8;0;0;0;0;0;0;0;0;0;0;0;0;0;0;0;0;0;0;0;0
04.12.2024;21:31;A 17;1;0;100;3;9;0;0;0;0;0;0;2;60;1;25;3;11;2;5;5;30;1;0;5;28;0;0;0;0;0;0;2;5;0;0;3;13;0;0;0;0;0;0;0;0;0;0;0;0;0;0;0;0;0;0;0;0
04.12.2024;21:30;A 17;1;0;100;3;36;0;0;0;0;0;0;1;55;1;33;3;35;2;3;3;4;0;0;1;13;0;0;1;0;0;0;2;7;2;49;3;12;4;12;2;8;0;0;0;0;1;1;0;0;0;0;0;0;0;0;0;0
04.12.2024;21:29;A 17;1;0;100;1;16;0;0;0;0;1;0;3;60;1;1;3;6;1;2;2;35;0;0;2;39;0;0;0;0;0;0;49;27;1;1;1;60;1;0;1;1;0;0;0;0;0;0;0;0;0;0;0;0;0;0;0;0
04.12.2024;21:28;A 17;1;0;100;1;65;0;0;0;0;0;0;1;11;0;0;2;7;1;1;4;21;0;0;1;43;0;0;0;0;0;0;3;46;3;4;7;23;0;0;0;0;0;0;0;0;1;1;0;0;0;0;0;0;0;0;0;0
04.12.2024;21:27;A 17;1;0;100;2;1;0;0;0;0;0;0;3;40;0;0;3;38;0;0;4;3;1;3;2;12;0;0;1;1;0;0;3;24;1;4;5;49;1;5;0;0;0;0;0;0;0;0;0;0;0;0;0;0;0;0;0;0
04.12.2024;21:26;A 17;1;0;100;0;26;0;0;0;0;2;1;0;58;0;0;0;0;0;0;5;36;0;0;5;40;0;0;0;0;0;0;3;31;0;0;2;34;0;0;0;0;0;0;0;0;0;0;0;0;0;0;0;0;0;0;0;0
04.12.2024;21:25;A 17;1;0;100;3;18;0;0;0;0;2;24;3;29;1;56;4;13;1;41;2;9;0;0;2;8;0;0;0;0;0;0;6;22;0;0;1;41;0;0;0;0;1;1;0;0;1;3;0;0;0;0;0;0;1;2;0;0
04.12.2024;21:24;A 17;1;0;100;5;18;0;0;0;0;0;0;0;0;3;23;0;0;4;7;4;52;0;0;5;31;0;0;0;0;0;0;1;44;0;0;2;10;0;0;0;0;0;0;0;0;0;0;0;0;1;1;0;0;0;0;0;0
04.12.2024;21:23;A 17;1;0;100;3;66;0;0;0;0;0;0;2;23;1;1;3;6;1;0;4;30;0;0;4;39;0;0;0;0;0;0;3;43;2;38;3;47;2;19;1;12;0;0;0;0;0;0;0;0;0;0;0;0;0;0;0;0
04.12.2024;21:22;A 17;1;0;100;0;0;0;0;0;0;0;0;4;40;2;48;4;33;0;0;2;43;0;0;1;56;0;0;0;0;0;0;6;54;0;46;1;67;0;0;1;13;0;0;0;0;0;0;0;0;0;0;0;0;0;0;0;0
04.12.2024;21:21;A 17;1;0;100;3;50;0;0;1;11;2;17;3;24;1;32;2;25;1;2;3;45;0;0;4;28;0;0;0;0;0;0;10;32;3;11;3;80;1;5;2;6;0;0;0;0;0;0;0;0;0;0;0;0;0;0;0;0
04.12.2024;21:20;A 17;1;0;100;3;55;0;0;0;0;0;0;3;30;0;24;0;35;0;0;3;54;0;0;7;54;0;0;0;0;0;0;0;0;0;0;0;0;0;0;0;0;0;0;0;0;0;0;0;0;0;0;0;0;0;0;0;0
04.12.2024;21:19;A 17;1;0;100;3;11;0;0;0;0;0;0;2;50;1;40;2;45;2;3;1;2;1;3;2;9;0;0;2;4;0;0;4;31;2;24;1;37;2;6;3;15;0;0;0;0;0;0;0;0;0;0;0;0;1;3;0;0
04.12.2024;21:18;A 17;1;0;100;7;31;1;0;0;0;0;0;1;44;2;14;1;2;1;1;8;44;1;0;1;72;0;0;0;0;0;0;5;25;2;18;1;41;3;5;2;6;0;0;0;0;0;0;0;0;0;0;0;0;0;0;0;0
04.12.2024;21:17;A 17;1;0;100;3;12;1;1;0;0;0;0;0;0;1;99;0;0;1;3;4;5;1;6;4;19;2;9;2;11;0;0;2;88;1;72;0;100;1;2;0;0;0;0;0;0;0;0;0;0;0;0;0;0;0;0;0;0
04.12.2024;21:16;A 17;1;0;100;2;12;0;0;0;0;0;0;3;65;2;21;2;68;1;2;4;25;1;14;2;18;1;18;1;1;0;0;1;46;1;0;3;14;0;0;0;0;0;0;0;0;0;0;0;0;1;1;0;0;0;0;0;0
04.12.2024;21:15;A 17;1;0;100;3;30;0;0;0;0;0;0;1;0;1;24;1;0;2;3;4;10;2;1;3;26;2;1;1;1;0;0;1;22;1;0;2;9;0;0;0;0;0;0;0;0;0;0;0;0;0;0;0;0;0;0;0;0
04.12.2024;21:14;A 17;1;0;100;3;7;0;0;0;0;0;0;1;11;1;10;1;5;1;1;2;6;1;0;0;13;0;0;0;0;0;0;3;37;0;0;4;42;0;0;0;0;1;1;0;0;1;1;0;0;0;0;0;0;0;0;0;0
04.12.2024;21:13;A 17;1;0;100;1;24;1;1;0;0;3;2;6;75;4;4;2;86;0;0;4;21;1;3;5;22;0;11;2;6;0;0;3;20;4;5;1;31;0;0;0;0;0;0;0;0;0;0;0;0;0;0;0;0;0;0;0;0
04.12.2024;21:12;A 17;1;0;100;8;17;0;0;0;0;0;0;4;57;0;0;3;67;0;0;3;40;1;0;3;16;1;6;0;0;0;0;5;43;3;4;4;57;0;0;0;0;0;0;0;0;0;0;0;0;0;0;0;0;0;0;0;0
04.12.2024;21:11;A 17;1;0;100;3;37;0;0;0;0;1;0;1;2;0;0;2;4;0;0;8;51;0;0;4;37;0;0;0;0;0;0;2;48;1;1;5;41;1;1;1;2;0;0;0;0;0;0;0;0;0;0;0;0;0;0;0;0
04.12.2024;21:10;A 17;1;0;100;3;6;0;0;0;0;2;1;2;18;2;20;3;14;2;4;3;51;0;0;1;34;0;0;0;0;0;0;1;37;0;0;1;8;0;0;0;0;0;0;0;0;0;0;0;0;0;0;0;0;0;0;0;0
04.12.2024;21:09;A 17;1;0;100;0;0;0;0;0;0;1;0;2;78;1;1;2;5;0;0;5;46;0;0;3;60;0;0;0;0;0;0;2;81;0;0;1;22;0;0;0;0;0;0;0;0;0;0;0;0;0;0;0;0;0;0;0;0
04.12.2024;21:08;A 17;1;0;100;6;43;0;0;0;0;0;0;4;29;0;0;2;25;0;0;6;45;1;2;4;56;0;0;1;3;0;0;2;44;0;0;3;60;0;0;0;0;0;0;0;0;0;0;0;0;0;0;0;0;0;0;0;0
04.12.2024;21:07;A 17;1;0;100;2;44;0;0;0;0;0;0;1;24;0;0;3;7;0;0;7;34;0;0;1;62;0;0;0;0;0;0;0;0;0;0;0;0;0;0;0;0;0;0;0;0;0;0;0;0;0;0;0;0;0;0;0;0
04.12.2024;21:06;A 17;1;0;100;6;15;0;0;0;0;0;0;0;25;0;25;0;0;0;0;4;27;0;0;4;22;0;0;0;0;0;0;1;1;0;0;2;8;0;0;0;0;0;0;0;0;0;0;0;0;0;0;0;0;0;0;0;0
04.12.2024;21:05;A 17;1;0;100;0;78;0;0;1;1;0;0;1;40;2;26;1;2;1;2;6;67;1;26;0;86;2;29;2;5;0;0;7;22;0;0;2;38;0;0;0;0;0;0;0;0;0;0;0;0;0;0;0;0;0;0;0;0
04.12.2024;21:04;A 17;1;0;100;3;19;0;0;0;0;0;0;2;8;0;0;1;2;0;0;4;22;1;1;4;22;1;1;1;3;0;0;7;70;0;7;1;95;0;0;2;12;1;1;0;0;0;0;0;0;0;0;0;0;0;0;0;0
04.12.2024;21:03;A 17;1;0;100;2;7;0;0;0;0;0;0;1;36;0;0;3;9;0;0;6;22;2;6;4;48;2;8;1;8;0;0;7;46;2;54;1;63;2;3;0;1;0;0;0;0;0;0;0;0;0;0;0;0;0;0;0;0
04.12.2024;21:02;A 17;1;0;100;2;60;0;0;0;0;0;0;0;0;0;0;0;0;0;0;3;2;1;0;4;6;0;0;0;0;0;0;3;31;2;11;1;49;2;6;3;4;0;0;0;0;1;1;0;0;0;0;0;0;1;1;0;0
04.12.2024;21:01;A 17;1;0;100;6;46;0;0;0;0;0;0;0;0;0;0;0;0;0;0;2;1;0;0;1;6;0;0;0;0;0;0;0;0;0;0;0;0;0;0;0;0;0;0;0;0;0;0;0;0;0;0;0;0;0;0;0;0
04.12.2024;21:00;A 17;1;0;100;4;53;0;0;0;0;0;0;1;1;2;22;1;2;2;3;7;34;0;0;1;50;0;0;0;0;0;0;1;1;0;0;0;0;0;0;1;10;1;1;0;0;0;0;1;1;0;0;0;0;1;1;0;0
04.12.2024;20:59;A 17;1;0;100;0;15;0;0;0;0;0;0;0;71;1;0;0;0;0;0;4;36;0;0;3;25;0;0;0;0;0;0;7;77;2;36;1;97;2;4;4;10;0;0;0;0;0;0;0;0;0;0;0;0;0;0;0;0
04.12.2024;20:58;A 17;1;0;100;2;4;0;0;0;0;0;0;3;70;1;0;4;14;0;0;2;29;4;7;4;13;0;0;0;0;0;0;3;50;2;69;3;71;1;32;2;17;0;0;0;0;1;1;0;0;0;0;0;0;0;0;0;0
04.12.2024;20:57;A 17;1;0;100;4;7;0;0;0;0;0;0;0;0;1;0;0;0;1;1;4;22;0;0;4;16;0;0;0;0;0;0;2;47;1;1;3;29;1;5;0;0;1;1;0;0;0;0;0;0;1;1;0;0;0;0;0;0
04.12.2024;20:56;A 17;1;0;100;0;6;0;0;0;0;0;0;0;0;2;1;0;0;1;1;7;51;1;0;2;30;0;0;0;0;0;0;3;2;1;0;2;16;0;0;0;0;0;0;1;1;0;0;0;0;0;0;1;2;0;0;0;0
04.12.2024;20:55;A 17;1;0;100;10;20;0;0;0;0;0;0;1;1;1;35;1;2;1;3;6;48;0;0;5;60;0;0;0;0;0;0;2;28;0;0;3;10;0;0;0;0;0;0;0;0;0;0;0;0;0;0;0;0;0;0;0;0
04.12.2024;20:54;A 17;1;0;100;1;44;0;0;0;0;0;0;1;72;1;6;1;5;0;0;9;23;1;1;2;52;1;4;1;2;0;0;2;17;2;18;2;26;1;4;1;7;0;0;0;0;0;0;0;0;0;0;0;0;0;0;0;0
04.12.2024;20:53;A 17;1;0;100;4;53;0;0;0;0;1;0;3;65;1;50;6;11;1;2;1;0;1;0;1;2;0;0;0;0;0;0;1;16;0;0;1;2;0;0;0;0;0;0;0;0;0;0;0;0;0;0;0;0;0;0;0;0
04.12.2024;20:52;A 17;1;0;100;3;32;0;0;0;0;0;0;2;30;1;0;1;33;2;3;4;8;0;0;5;17;0;0;0;0;0;0;3;32;0;0;1;45;0;0;0;0;0;0;0;0;0;0;0;0;0;0;0;0;0;0;0;0
04.12.2024;20:51;A 17;1;0;100;3;46;0;0;0;0;0;0;2;40;0;25;2;45;0;0;5;34;1;0;2;61;0;0;0;0;0;0;3;63;0;0;2;67;0;0;0;0;0;0;0;0;0;0;0;0;0;0;0;0;0;0;0;0
04.12.2024;20:50;A 17;1;0;100;0;0;0;0;0;0;0;0;0;0;1;36;0;0;1;2;5;43;1;1;4;27;0;0;0;0;0;0;2;63;2;3;2;50;0;0;0;0;1;1;0;0;0;0;0;0;1;1;0;0;0;0;0;0
04.12.2024;20:49;A 17;1;0;100;2;21;0;0;0;0;0;0;2;21;0;18;1;25;0;0;7;40;1;31;3;63;1;31;2;5;0;0;8;52;0;18;4;73;0;0;1;13;0;0;1;1;0;0;0;0;0;0;1;1;0;0;0;0
04.12.2024;20:48;A 17;1;0;100;4;12;0;0;0;0;1;14;2;90;0;100;1;28;0;0;4;4;1;4;1;11;1;7;1;7;0;0;1;73;1;79;1;88;1;3;0;0;0;0;0;0;1;1;0;0;0;0;0;0;0;0;0;0
04.12.2024;20:47;A 17;1;0;100;6;34;0;0;0;0;0;0;1;57;3;5;2;3;2;4;7;57;0;0;2;70;0;0;0;0;0;0;4;27;0;0;1;39;0;0;0;0;0;0;0;0;0;0;0;0;0;0;0;0;0;0;0;0
04.12.2024;20:46;A 17;1;0;100;2;80;1;3;0;0;0;0;2;4;0;0;5;21;0;0;9;67;0;0;5;59;0;0;0;0;0;0;3;23;0;0;1;33;0;0;0;0;1;1;0;0;0;0;0;0;0;0;0;0;0;0;0;0
04.12.2024;20:45;A 17;1;0;100;7;63;0;0;0;0;2;2;4;52;1;2;3;50;1;1;6;52;0;0;8;39;0;0;0;0;0;0;2;3;0;0;1;16;0;0;0;0;0;0;0;0;0;0;0;0;0;0;0;0;1;1;0;0
04.12.2024;20:44;A 17;1;0;100;1;8;0;0;0;0;0;0;1;5;3;48;4;8;0;4;11;38;0;0;4;63;0;0;0;0;0;0;2;53;4;42;4;11;1;2;1;6;0;0;0;0;0;0;0;0;1;1;0;0;0;0;0;0
04.12.2024;20:43;A 17;1;0;100;3;19;0;0;0;0;0;0;2;33;1;0;3;4;1;1;3;33;0;0;1;49;0;0;0;0;0;0;3;18;3;2;0;88;2;1;2;3;0;0;0;0;2;3;0;0;0;0;0;0;1;1;0;0
04.12.2024;20:42;A 17;1;0;100;2;89;0;0;1;25;0;0;3;55;0;0;1;27;0;0;6;81;1;1;0;96;1;2;2;2;0;0;4;20;0;0;0;100;0;0;0;0;0;0;0;0;0;0;0;0;0;0;0;0;0;0;0;0
04.12.2024;20:41;A 17;1;0;100;0;0;0;0;0;0;0;0;1;56;1;0;1;68;0;0;10;71;1;4;0;100;0;0;1;1;0;0;3;37;1;5;2;60;1;6;1;2;0;0;0;0;0;0;0;0;0;0;0;0;0;0;0;0
04.12.2024;20:40;A 17;1;0;100;2;43;0;0;1;10;0;0;0;0;1;1;0;0;1;2;3;46;2;1;4;42;1;0;1;1;0;0;3;29;2;27;4;17;2;5;3;7;0;0;0;0;1;1;0;0;0;0;0;0;0;0;0;0
04.12.2024;20:39;A 17;1;0;100;5;56;1;1;0;0;1;0;2;27;0;0;3;7;0;0;10;41;0;0;2;40;0;0;0;0;0;0;8;65;1;50;3;58;1;2;1;12;0;0;0;0;0;0;1;1;0;0;0;0;0;0;0;0
04.12.2024;20:38;A 17;1;0;100;5;7;2;6;0;0;0;0;0;0;0;0;0;0;0;0;10;46;0;27;3;76;0;25;2;5;0;0;1;1;0;0;0;0;0;0;0;0;0;0;0;0;0;0;0;0;0;0;0;0;0;0;0;0
04.12.2024;20:37;A 17;1;0;100;0;13;0;0;0;5;1;1;3;22;2;0;3;8;0;0;5;18;1;27;2;55;1;32;0;0;0;0;7;57;1;24;1;86;3;6;1;12;0;0;0;0;0;0;0;0;1;1;0;0;0;0;0;0
04.12.2024;20:36;A 17;1;0;100;3;54;0;0;1;2;0;0;0;0;0;60;0;0;0;0;4;20;1;22;3;39;0;20;3;3;0;0;1;1;0;0;1;5;0;0;0;0;0;0;0;0;3;5;0;0;0;0;0;0;2;3;0;0
04.12.2024;20:35;A 17;1;0;100;1;58;0;0;0;0;0;0;1;59;2;6;0;59;1;3;6;25;3;49;9;42;4;39;3;9;0;0;2;60;2;0;2;38;0;0;2;1;0;0;0;0;0;0;0;0;0;0;0;0;0;0;0;0
04.12.2024;20:34;A 17;1;0;100;2;65;0;0;1;21;0;0;2;20;1;0;2;13;0;0;5;10;0;0;5;55;0;0;0;0;0;0;4;18;1;16;2;31;0;15;1;15;0;0;0;0;0;0;0;0;0;0;0;0;0;0;0;0
04.12.2024;20:33;A 17;1;0;100;5;40;0;0;0;0;1;11;2;25;0;0;1;5;0;0;6;12;0;0;3;30;0;0;0;0;0;0;2;54;2;50;5;22;3;37;1;3;0;0;0;0;0;0;0;0;0;0;0;0;0;0;0;0
04.12.2024;20:32;A 17;1;0;100;6;22;0;0;0;0;0;0;1;17;0;0;1;7;0;0;0;0;0;0;0;0;0;0;0;0;0;0;1;53;0;0;2;10;0;0;0;0;1;1;0;0;0;0;0;0;1;1;0;0;0;0;0;0
04.12.2024;20:31;A 17;1;0;100;5;64;0;0;0;0;1;0;2;1;3;2;3;3;0;0;4;37;0;0;2;15;0;0;0;0;0;0;7;15;1;4;0;38;1;3;2;11;0;0;0;0;0;0;0;0;0;0;0;0;0;0;0;0
04.12.2024;20:30;A 17;1;0;100;2;46;0;0;0;0;1;1;0;0;4;3;0;0;1;0;5;45;2;0;1;50;0;0;0;0;0;0;3;74;5;4;4;75;1;3;0;0;0;0;0;0;0;0;0;0;0;0;0;0;0;0;0;0
04.12.2024;20:29;A 17;1;0;100;2;9;0;0;0;0;1;1;0;0;0;0;0;0;0;0;3;11;3;4;3;16;1;1;6;10;0;0;3;86;0;0;2;28;0;0;0;0;0;0;0;0;0;0;0;0;1;1;0;0;0;0;0;0
04.12.2024;20:28;A 17;1;0;100;4;17;0;0;0;0;1;1;1;1;0;0;1;6;0;0;5;25;5;19;3;19;1;4;0;0;0;0;2;62;1;22;1;71;1;2;0;0;0;0;0;0;0;0;0;0;0;0;0;0;0;0;0;0
04.12.2024;20:27;A 17;1;0;100;3;28;0;0;0;0;0;0;1;26;0;0;3;6;0;0;5;30;0;0;6;37;0;0;0;0;0;0;4;39;1;1;4;38;2;2;2;5;1;1;0;0;0;0;0;0;0;0;0;0;0;0;0;0
04.12.2024;20:26;A 17;1;0;100;7;42;0;0;0;0;0;0;0;0;1;0;0;0;0;0;5;48;0;0;4;64;0;0;0;0;0;0;0;36;1;17;1;1;4;6;1;4;0;0;0;0;0;0;0;0;0;0;0;0;0;0;0;0
04.12.2024;20:25;A 17;1;0;100;4;10;0;0;0;0;0;0;2;12;0;0;2;3;0;0;6;65;0;0;4;82;0;0;0;0;0;0;4;71;1;21;2;44;1;0;2;12;0;0;0;0;0;0;0;0;0;0;0;0;0;0;0;0
04.12.2024;20:24;A 17;1;0;100;1;11;0;0;0;0;0;2;0;3;0;0;0;0;0;0;4;50;1;1;2;23;0;0;2;1;0;0;1;68;1;25;4;70;1;2;0;0;0;0;0;0;0;0;0;0;0;0;0;0;0;0;0;0
04.12.2024;20:23;A 17;1;0;100;5;22;0;0;0;0;1;56;1;57;1;1;1;1;1;1;3;37;0;0;2;40;0;0;0;0;0;0;3;51;0;0;3;13;0;0;0;0;0;0;0;0;0;0;0;0;0;0;0;0;0;0;0;0
04.12.2024;20:22;A 17;1;0;100;1;15;0;0;0;0;0;0;2;68;0;0;2;28;0;0;2;11;0;0;4;28;0;0;0;0;0;0;4;48;0;0;4;39;0;0;0;0;0;0;0;0;0;0;0;0;0;0;0;0;0;0;0;0
04.12.2024;20:21;A 17;1;0;100;5;22;1;1;0;0;1;0;0;0;2;54;0;0;2;7;12;29;0;0;1;56;0;0;0;0;0;0;2;29;1;62;4;34;1;3;1;7;1;1;0;0;0;0;0;0;0;0;0;0;0;0;0;0
04.12.2024;20:20;A 17;1;0;100;4;26;1;9;0;0;0;0;2;4;0;0;3;7;0;0;2;56;3;6;3;45;1;4;3;8;0;0;7;66;2;59;3;78;1;5;2;11;0;0;1;1;0;0;0;0;0;0;0;0;0;0;0;0
04.12.2024;20:19;A 17;1;0;100;2;27;1;3;0;0;1;0;0;0;2;9;0;0;2;5;5;58;0;0;3;45;0;0;0;0;0;0;7;80;2;42;1;73;4;7;1;5;0;0;0;0;0;0;0;0;0;0;0;0;0;0;0;0
04.12.2024;20:18;A 17;1;0;100;5;28;1;2;0;0;3;2;1;3;5;2;1;5;0;0;6;75;1;0;2;83;0;0;0;0;0;0;6;50;3;23;4;72;2;2;3;16;0;0;0;0;0;0;0;0;0;0;0;0;0;0;0;0
04.12.2024;20:17;A 17;1;0;100;3;33;2;4;0;0;1;0;1;1;2;2;1;3;0;0;6;21;2;2;2;40;0;0;3;6;0;0;3;61;3;64;7;46;2;2;1;6;0;0;0;0;0;0;0;0;0;0;0;0;0;0;0;0
04.12.2024;20:16;A 17;1;0;100;2;25;0;0;0;0;0;0;0;0;0;0;0;0;0;0;10;42;0;0;5;54;0;0;0;0;0;0;2;67;1;19;3;13;1;1;1;2;1;1;0;0;0;0;0;0;1;1;0;0;0;0;0;0
04.12.2024;20:15;A 17;1;0;100;4;47;0;0;0;0;0;0;0;0;1;54;0;0;1;1;5;11;0;0;4;34;0;0;0;0;0;0;3;81;1;18;1;93;1;6;1;4;1;1;0;0;0;0;0;0;0;0;0;0;0;0;0;0
04.12.2024;20:14;A 17;1;0;100;3;25;0;0;0;0;0;0;0;0;0;0;0;0;0;0;9;22;2;15;2;43;0;23;1;21;0;0;0;0;0;74;0;0;0;0;1;4;0;0;0;0;1;1;0;0;0;0;0;0;1;1;0;0
04.12.2024;20:13;A 17;1;0;100;2;57;0;0;0;0;0;0;0;0;0;0;0;0;0;0;5;38;1;69;1;55;1;72;0;0;0;0;8;66;4;48;3;81;2;4;2;8;0;0;1;1;0;0;0;0;0;0;1;1;0;0;0;0
04.12.2024;20:12;A 17;1;0;100;3;56;0;0;0;0;1;0;1;1;1;13;1;2;1;2;7;48;0;0;2;67;0;0;0;0;0;0;2;42;2;13;3;15;2;3;1;4;0;0;0;0;0;0;0;0;0;0;0;0;0;0;0;0
04.12.2024;20:11;A 17;1;0;100;4;70;0;0;0;0;0;0;0;19;1;0;0;0;0;0;6;58;0;0;3;61;0;0;1;2;0;0;6;35;0;0;8;46;0;0;0;0;0;0;0;0;0;0;0;0;0;0;0;0;0;0;0;0
04.12.2024;20:10;A 17;1;0;100;4;88;0;0;0;0;1;0;4;66;1;17;4;13;1;0;5;5;1;1;4;25;1;1;0;0;0;0;3;70;1;1;4;26;1;2;1;5;0;0;0;0;0;0;0;0;0;0;0;0;0;0;0;0
04.12.2024;20:09;A 17;1;0;100;4;44;0;0;0;0;0;0;1;47;1;38;1;6;1;1;4;60;2;1;4;66;2;2;1;2;0;0;7;62;1;0;4;34;0;0;0;0;0;0;0;0;0;0;0;0;0;0;0;0;0;0;0;0
04.12.2024;20:08;A 17;1;0;100;5;22;0;0;0;0;0;0;0;0;0;0;0;0;0;0;7;20;0;0;4;43;0;0;0;0;0;0;2;94;0;0;2;64;0;0;0;0;0;0;0;0;0;0;0;0;0;0;0;0;0;0;0;0
04.12.2024;20:07;A 17;1;0;100;5;26;0;0;0;0;0;0;0;0;0;0;0;0;0;0;7;50;0;0;6;70;0;0;0;0;0;0;4;70;1;1;4;47;1;1;1;2;0;0;0;0;0;0;0;0;0;0;0;0;0;0;0;0
04.12.2024;20:06;A 17;1;0;100;2;6;0;0;0;0;1;0;1;56;0;54;1;57;0;0;2;47;0;0;5;52;0;0;0;0;0;0;7;14;2;40;2;46;3;4;2;13;0;0;0;0;0;0;0;0;0;0;0;0;0;0;0;0
04.12.2024;20:05;A 17;1;0;100;4;36;1;4;0;0;1;0;2;24;4;33;2;4;3;8;4;6;4;3;1;26;2;2;1;2;0;0;4;43;2;42;2;35;2;42;3;12;0;0;0;0;0;0;0;0;1;1;0;0;0;0;0;0
04.12.2024;20:04;A 17;1;0;100;2;73;1;2;0;0;0;27;2;31;1;6;4;7;1;1;3;31;0;0;9;27;0;0;0;0;0;0;5;38;2;39;2;54;4;23;1;8;0;0;0;0;0;0;0;0;0;0;0;0;0;0;0;0
04.12.2024;20:03;A 17;1;0;100;2;84;0;0;0;0;1;23;1;23;0;0;1;3;0;0;10;48;1;4;7;69;1;7;1;6;0;0;2;4;3;28;2;13;1;2;2;2;0;0;0;0;0;0;0;0;0;0;0;0;0;0;0;0
04.12.2024;20:02;A 17;1;0;100;5;28;0;0;0;0;0;0;0;0;0;0;0;0;0;0;6;38;0;0;1;48;0;0;0;0;0;0;5;55;0;0;2;27;0;0;1;0;0;0;0;0;0;0;0;0;0;0;0;0;0;0;0;0
04.12.2024;20:01;A 17;1;0;100;5;33;0;0;0;0;0;0;0;0;1;35;0;0;1;1;11;22;0;0;2;51;0;0;0;0;0;0;6;74;1;17;4;88;1;2;1;2;0;0;0;0;0;0;0;0;0;0;0;0;0;0;0;0
04.12.2024;20:00;A 17;1;0;100;5;49;0;0;0;0;0;0;0;0;0;21;1;3;0;0;5;71;0;0;1;88;0;0;0;0;0;0;4;52;3;2;1;72;0;0;0;0;0;0;0;0;0;0;0;0;0;0;0;0;0;0;0;0
04.12.2024;19:59;A 17;1;0;100;4;21;0;0;0;0;0;0;0;0;2;20;0;0;1;4;11;45;0;0;0;68;0;0;0;0;0;0;2;59;1;0;3;56;0;0;0;0;0;0;0;0;0;0;0;0;0;0;0;0;0;0;0;0
04.12.2024;19:58;A 17;1;0;100;4;10;2;3;0;0;0;0;0;79;0;0;0;0;0;0;2;30;0;0;3;22;0;0;0;0;0;0;6;88;1;36;0;100;2;4;1;4;0;0;0;0;0;0;0;0;0;0;0;0;0;0;0;0
04.12.2024;19:57;A 17;1;0;100;4;16;0;0;0;0;0;0;3;63;0;0;3;39;0;0;8;54;1;1;2;73;0;0;0;0;0;0;2;60;0;0;1;68;0;0;0;0;0;0;0;0;0;0;0;0;0;0;0;0;0;0;0;0
04.12.2024;19:56;A 17;1;0;100;2;18;1;1;0;0;0;0;1;49;0;0;4;19;0;0;8;31;0;0;2;51;0;0;0;0;0;0;1;68;0;0;3;79;0;0;0;0;0;0;0;0;0;0;0;0;0;0;0;0;0;0;0;0
04.12.2024;19:55;A 17;1;0;100;3;28;1;2;0;0;0;0;1;65;1;62;2;4;1;1;6;39;1;0;3;56;0;0;0;0;0;0;1;79;0;0;2;31;0;0;0;0;0;0;0;0;0;0;0;0;0;0;0;0;0;0;0;0
04.12.2024;19:54;A 17;1;0;100;1;12;1;1;0;0;0;0;1;29;1;31;1;5;0;0;5;70;1;45;3;73;1;33;1;2;0;0;5;29;3;5;7;31;4;17;3;10;2;3;0;0;0;0;0;0;1;1;0;0;0;0;0;0
04.12.2024;19:53;A 17;1;0;100;3;21;0;0;0;0;0;0;1;66;1;50;1;2;0;0;7;43;1;1;5;56;1;1;2;1;0;0;3;4;0;0;1;9;0;0;0;0;0;0;0;0;0;0;0;0;0;0;0;0;0;0;0;0
04.12.2024;19:52;A 17;1;0;100;6;28;0;0;0;0;0;0;1;58;1;0;1;2;0;0;9;20;1;0;4;58;0;0;2;1;0;0;5;86;3;48;0;100;6;42;2;13;0;0;0;0;0;0;0;0;0;0;0;0;0;0;0;0
04.12.2024;19:51;A 17;1;0;100;0;0;0;0;0;0;0;0;2;42;0;0;3;38;0;0;9;61;0;0;1;84;0;0;0;0;0;0;2;68;1;21;3;35;1;2;1;8;0;0;0;0;0;0;0;0;0;0;0;0;0;0;0;0
04.12.2024;19:50;A 17;1;0;100;3;20;1;0;0;0;2;5;1;19;0;0;1;24;0;0;4;79;2;3;3;94;1;3;2;4;0;0;14;45;5;37;4;75;0;44;3;29;0;0;0;0;0;0;0;0;0;0;0;0;0;0;0;0
04.12.2024;19:49;A 17;1;0;100;10;21;1;1;0;0;0;0;1;78;0;0;2;41;0;0;3;1;1;5;1;9;1;7;1;9;0;0;0;0;0;100;0;100;0;100;0;0;0;0;0;0;0;0;0;0;0;0;0;0;0;0;0;0
04.12.2024;19:48;A 17;1;0;100;4;21;0;0;0;0;0;0;1;0;0;0;1;1;0;0;5;33;1;1;3;37;1;2;1;3;0;0;1;30;2;35;2;35;2;7;2;8;0;0;0;0;0;0;0;0;0;0;0;0;0;0;0;0
04.12.2024;19:47;A 17;1;0;100;5;37;0;0;0;0;0;0;0;0;0;0;0;0;0;0;7;51;0;0;5;53;0;0;0;0;0;0;42;17;1;15;2;29;0;0;0;2;0;0;0;0;0;0;0;0;0;0;0;0;0;0;0;0
04.12.2024;19:46;A 17;1;0;100;1;33;0;0;0;0;0;0;2;89;1;71;3;81;1;3;8;45;1;22;1;50;4;25;1;17;0;0;5;85;2;54;0;100;1;1;2;13;0;0;0;0;0;0;0;0;0;0;0;0;0;0;0;0
04.12.2024;19:45;A 17;1;0;100;1;7;0;0;0;0;0;0;3;64;0;45;3;44;0;0;4;65;1;35;5;85;1;36;0;0;0;0;11;69;2;60;0;100;0;55;1;28;0;0;0;0;0;0;0;0;0;0;0;0;0;0;0;0
04.12.2024;19:44;A 17;1;0;100;4;23;0;0;0;0;0;0;1;52;1;79;1;2;2;2;6;5;0;0;4;17;0;0;0;0;0;0;1;100;1;81;1;99;2;76;0;0;1;1;0;0;0;0;0;0;1;1;0;0;0;0;0;0
04.12.2024;19:43;A 17;1;0;100;2;15;0;0;0;0;0;0;1;12;0;0;2;4;0;0;2;2;1;4;3;3;1;4;0;0;0;0;2;79;1;1;5;60;0;0;0;0;0;0;0;0;0;0;0;0;0;0;0;0;0;0;0;0
04.12.2024;19:42;A 17;1;0;100;5;18;0;0;0;0;1;0;6;38;1;29;2;49;0;1;2;73;0;0;3;83;0;0;0;0;0;0;12;63;0;0;3;91;0;0;1;2;0;0;0;0;0;0;0;0;0;0;0;0;0;0;0;0
04.12.2024;19:41;A 17;1;0;100;6;36;0;0;0;0;1;0;1;64;1;0;1;69;1;1;5;51;1;3;0;60;0;0;1;3;0;0;6;60;2;3;4;70;1;0;1;12;0;0;0;0;0;0;0;0;0;0;0;0;0;0;0;0
04.12.2024;19:40;A 17;1;0;100;7;30;1;3;0;0;1;1;0;0;2;46;0;0;0;0;19;44;2;2;4;92;1;3;3;4;0;0;2;73;1;41;4;75;4;21;1;0;0;0;0;0;0;0;0;0;0;0;0;0;0;0;0;0
04.12.2024;19:39;A 17;1;0;100;1;28;1;1;0;0;1;0;2;34;1;0;3;4;0;0;8;61;0;0;3;86;0;0;0;0;0;0;5;40;0;35;0;54;0;0;2;8;1;1;0;0;0;0;0;0;1;1;0;0;0;0;0;0
04.12.2024;19:38;A 17;1;0;100;5;34;0;0;0;0;1;1;1;37;0;0;2;4;0;0;7;7;1;1;5;47;0;0;1;3;0;0;2;88;1;51;1;98;1;2;0;0;0;0;0;0;0;0;0;0;0;0;0;0;0;0;0;0
04.12.2024;19:37;A 17;1;0;100;3;25;0;0;0;0;0;0;1;80;1;80;2;3;2;74;7;8;0;0;2;38;0;0;0;0;0;0;4;84;0;0;0;91;0;0;0;0;0;0;0;0;0;0;1;1;0;0;0;0;0;0;1;2
04.12.2024;19:36;A 17;1;0;100;7;47;0;0;0;0;0;0;2;11;1;15;3;5;1;5;7;63;0;0;1;89;0;0;0;0;0;0;7;70;0;0;1;91;0;0;0;0;0;0;0;0;0;0;0;0;0;0;0;0;0;0;0;0
04.12.2024;19:35;A 17;1;0;100;9;22;0;0;0;0;0;0;0;0;1;0;0;0;0;0;7;6;0;0;7;25;0;0;0;0;0;0;4;74;0;0;1;86;0;0;1;2;0;0;0;0;0;0;0;0;0;0;0;0;0;0;0;0
04.12.2024;19:34;A 17;1;0;100;3;11;0;0;0;0;0;0;1;66;0;0;1;5;0;0;12;14;2;5;3;39;2;9;2;9;0;0;1;96;1;13;0;100;2;14;2;7;0;0;0;0;0;0;0;0;0;0;0;0;0;0;0;0
04.12.2024;19:33;A 17;1;0;100;1;4;0;0;0;0;0;34;3;42;0;0;0;45;0;0;6;73;2;6;7;79;2;7;1;3;0;0;5;55;2;47;6;46;1;45;2;19;0;0;0;0;0;0;0;0;0;0;0;0;0;0;0;0
04.12.2024;19:32;A 17;1;0;100;3;37;1;1;0;0;1;76;1;77;0;0;1;80;0;0;8;14;2;43;2;62;0;51;4;13;0;0;2;75;3;14;2;10;3;6;2;5;0;0;1;1;0;0;0;0;0;0;1;1;0;0;0;0
04.12.2024;19:31;A 17;1;0;100;2;7;0;0;0;0;1;0;2;8;0;80;3;7;0;0;3;2;2;27;4;33;2;14;2;1;0;0;3;87;1;1;1;96;1;4;3;3;0;0;0;0;0;0;0;0;0;0;0;0;0;0;0;0
04.12.2024;19:30;A 17;1;0;100;6;28;2;2;0;0;1;23;2;28;1;7;1;4;1;2;4;45;4;13;4;66;1;11;3;6;0;0;5;73;3;5;2;68;3;6;4;14;0;0;0;0;0;0;0;0;0;0;0;0;0;0;0;0
04.12.2024;19:29;A 17;1;0;100;6;34;1;25;0;0;0;0;0;0;0;0;1;1;0;0;11;59;2;2;2;77;0;0;0;0;0;0;4;85;0;0;0;100;0;0;0;0;0;0;0;0;0;0;1;1;0;0;0;0;0;0;0;0
04.12.2024;19:28;A 17;1;0;100;3;18;0;0;0;0;0;0;2;34;1;2;2;5;1;1;10;42;1;0;6;55;0;0;2;1;0;0;4;21;4;22;0;100;4;9;2;10;0;0;0;0;0;0;0;0;0;0;0;0;0;0;0;0
04.12.2024;19:27;A 17;1;0;100;4;46;0;0;0;0;0;28;3;34;2;3;0;39;2;5;8;68;0;0;4;62;0;0;0;0;0;0;5;26;1;2;1;52;1;2;1;10;0;0;1;1;0;0;0;0;0;0;0;0;0;0;0;0
04.12.2024;19:26;A 17;1;0;100;4;20;0;0;0;0;1;40;1;40;0;0;4;30;0;0;5;58;1;41;0;65;1;42;1;2;0;0;6;5;2;2;3;29;1;1;1;2;0;0;0;0;0;0;0;0;0;0;0;0;0;0;0;0
04.12.2024;19:25;A 17;1;0;100;1;33;0;0;0;0;0;0;0;0;1;81;0;0;1;2;14;42;0;0;2;86;0;0;0;0;0;0;3;42;0;0;6;42;0;0;0;0;0;0;0;0;0;0;0;0;0;0;0;0;0;0;0;0
04.12.2024;19:24;A 17;1;0;100;1;21;0;0;0;0;0;0;3;32;1;36;5;10;2;3;3;71;0;0;4;85;0;0;0;0;0;0;8;46;2;6;1;59;2;8;1;11;0;0;0;0;0;0;0;0;0;0;0;0;0;0;0;0
04.12.2024;19:23;A 17;1;0;100;2;87;0;0;1;10;0;0;2;1;1;0;2;2;0;0;8;80;2;67;0;100;1;73;3;19;0;0;12;69;0;0;1;88;0;0;0;0;0;0;0;0;0;0;0;0;0;0;0;0;0;0;0;0
04.12.2024;19:22;A 17;1;0;100;3;7;1;4;0;0;1;11;1;17;0;0;1;3;0;0;12;31;2;1;13;46;1;0;2;2;0;0;0;100;0;0;0;100;0;0;0;0;0;1;0;0;0;0;0;0;0;0;0;0;0;0;0;0
04.12.2024;19:21;A 17;1;0;100;0;0;0;0;0;0;0;0;0;36;1;18;0;0;1;1;9;45;0;0;4;72;0;0;0;0;0;0;2;67;0;0;3;46;0;0;0;0;1;0;0;0;0;0;0;0;0;0;0;0;0;0;0;0
04.12.2024;19:20;A 17;1;0;100;8;56;1;1;0;0;1;0;1;24;1;1;1;1;1;0;12;64;1;1;1;97;1;1;2;1;0;0;5;13;0;0;3;31;0;0;0;0;0;0;0;0;0;0;0;0;0;0;0;0;0;0;0;0
04.12.2024;19:19;A 17;1;0;100;3;54;0;0;0;0;1;1;2;89;0;96;3;10;0;0;13;36;0;0;2;83;0;0;2;2;0;0;2;31;0;0;0;100;0;0;0;0;0;0;0;0;0;0;0;0;0;0;0;0;1;1;0;0
04.12.2024;19:18;A 17;1;0;100;3;31;0;0;0;0;2;2;2;26;1;15;1;8;1;3;4;57;2;21;2;69;1;9;1;9;0;0;7;50;1;30;4;77;1;30;1;20;0;0;0;0;0;0;0;0;0;0;0;0;0;0;0;0
04.12.2024;19:17;A 17;1;0;100;4;47;1;1;0;0;0;0;1;2;2;2;2;4;0;0;10;55;1;3;0;80;1;47;2;13;0;0;4;63;1;68;5;39;2;17;0;0;0;0;0;0;0;0;0;0;0;0;0;0;0;0;0;0
04.12.2024;19:16;A 17;1;0;100;4;27;0;0;0;0;0;0;2;48;0;0;4;33;0;0;20;55;3;4;0;100;2;11;1;2;0;0;1;91;1;2;0;100;1;2;1;2;0;0;0;0;0;0;0;0;0;0;0;0;0;0;0;0
04.12.2024;19:15;A 17;1;0;100;1;51;0;0;0;0;0;0;3;47;2;1;0;49;0;0;3;69;2;1;3;81;1;2;2;1;0;0;6;55;1;1;4;69;0;0;1;1;0;0;0;0;1;1;0;0;0;0;0;0;0;0;0;0
04.12.2024;19:14;A 17;1;0;100;4;62;0;0;0;0;0;0;1;51;1;5;5;12;1;3;6;64;1;0;3;56;0;0;0;0;0;0;12;25;1;1;2;56;1;1;1;0;1;1;0;0;2;3;0;0;0;0;0;0;0;0;0;0
04.12.2024;19:13;A 17;1;0;100;4;14;0;0;0;0;0;0;2;85;0;0;1;87;0;0;6;13;0;0;7;27;0;0;0;0;0;0;3;94;2;4;0;100;2;6;2;9;0;0;0;0;0;0;0;0;0;0;0;0;0;0;0;0
04.12.2024;19:12;A 17;1;0;100;4;83;0;0;0;0;0;0;6;61;0;22;5;37;0;0;6;63;2;16;3;80;2;13;1;2;0;0;4;56;1;5;2;59;1;2;1;0;0;0;0;0;0;0;0;0;0;0;0;0;0;0;0;0
04.12.2024;19:11;A 17;1;0;100;6;47;0;0;0;0;0;0;2;47;1;21;2;5;0;0;9;40;1;17;3;59;1;3;2;4;0;0;3;3;0;0;1;14;0;0;0;0;2;3;0;0;0;0;0;0;3;5;0;0;0;0;0;0
04.12.2024;19:10;A 17;1;0;100;4;51;0;0;0;0;0;0;2;81;0;0;1;70;0;0;4;28;0;0;3;47;0;0;0;0;0;0;6;78;1;4;0;99;4;38;1;9;0;0;0;0;0;0;0;0;0;0;0;0;0;0;0;0
04.12.2024;19:09;A 17;1;0;100;3;71;1;1;0;0;0;0;1;12;0;28;1;4;0;0;6;59;1;24;5;62;1;12;1;2;0;0;4;35;1;30;2;84;0;0;1;5;0;0;0;0;0;0;0;0;0;0;0;0;0;0;0;0
04.12.2024;19:08;A 17;1;0;100;3;78;1;2;0;0;0;0;1;1;1;37;2;3;2;5;10;64;0;44;2;82;0;45;1;5;0;0;3;27;1;10;6;32;2;5;0;0;0;0;1;1;0;0;0;0;0;0;1;4;0;0;0;0
04.12.2024;19:07;A 17;1;0;100;0;23;1;2;0;0;0;0;1;28;0;0;1;3;0;0;16;33;1;13;1;75;1;0;0;0;0;0;2;15;0;0;1;14;0;0;0;0;1;1;0;0;0;0;0;0;1;1;0;0;0;0;0;0
04.12.2024;19:06;A 17;1;0;100;3;45;0;0;0;0;0;0;1;42;1;47;0;40;0;0;5;75;0;0;3;89;0;0;0;0;0;0;14;59;1;58;0;88;1;58;2;8;0;0;0;0;0;0;0;0;0;0;0;0;0;0;0;0
04.12.2024;19:05;A 17;1;0;100;3;68;0;0;1;31;0;0;1;55;3;12;3;50;2;4;9;52;0;0;3;86;0;0;0;0;0;0;5;47;4;15;3;58;3;18;2;5;0;0;0;0;0;0;0;0;0;0;0;0;0;0;0;0
04.12.2024;19:04;A 17;1;0;100;3;67;1;1;0;0;0;0;0;0;1;0;0;0;0;0;14;30;2;5;2;59;0;0;2;8;0;0;7;84;3;2;0;100;2;3;2;2;1;1;0;0;0;0;0;0;0;0;1;1;0;0;0;0
04.12.2024;19:03;A 17;1;0;100;8;14;1;1;0;0;0;0;4;36;1;1;3;38;0;0;5;64;0;0;7;57;0;0;0;0;0;0;6;67;1;2;3;86;0;0;1;2;0;0;0;0;0;0;3;5;0;0;0;0;0;0;0;0
04.12.2024;19:02;A 17;1;0;100;5;26;0;0;0;0;0;0;1;53;0;0;2;33;0;0;13;63;0;0;0;98;0;0;0;0;0;0;2;75;1;4;5;54;2;3;1;13;0;0;0;0;0;0;0;0;0;0;0;0;0;0;0;0
04.12.2024;19:01;A 17;1;0;100;2;40;0;0;0;7;0;0;1;2;0;94;2;69;0;0;17;42;0;0;1;88;0;0;0;0;0;0;2;44;1;97;1;52;1;75;2;1;0;0;0;0;0;0;0;0;0;0;0;0;0;0;0;0
04.12.2024;19:00;A 17;1;0;100;0;100;3;5;1;58;1;0;2;25;1;3;4;32;1;5;3;93;3;3;0;100;0;0;0;0;0;0;7;35;4;9;3;37;2;5;1;3;0;0;0;0;0;0;0;0;0;0;0;0;0;0;0;0
04.12.2024;18:59;A 17;1;0;100;0;100;0;0;1;35;1;0;4;27;1;1;3;14;0;0;10;75;1;7;0;100;1;15;1;5;0;0;7;29;0;2;6;21;0;0;1;26;0;0;0;0;1;1;1;1;0;0;0;0;0;0;1;1
04.12.2024;18:58;A 17;1;0;100;9;55;0;0;0;0;0;0;1;0;3;35;2;2;1;3;18;54;1;1;1;95;0;2;2;2;0;0;1;95;4;23;0;100;2;12;1;3;0;0;0;0;0;0;0;0;0;0;0;0;0;0;0;0
04.12.2024;18:57;A 17;1;0;100;3;2;0;0;0;0;0;0;4;50;0;0;2;57;0;0;11;68;3;43;0;100;1;48;2;10;0;0;9;84;1;50;0;100;1;1;3;25;0;0;0;0;0;0;0;0;0;0;0;0;0;0;0;0
04.12.2024;18:56;A 17;1;0;100;4;57;0;0;0;0;0;0;2;24;1;0;3;9;0;0;8;80;0;0;0;100;0;0;0;0;0;0;14;62;3;23;0;100;3;7;3;16;0;0;0;0;0;0;0;0;0;0;0;0;0;0;0;0
04.12.2024;18:55;A 17;1;0;100;3;26;0;0;0;0;0;0;1;41;1;76;1;5;2;5;19;43;1;1;0;100;1;1;2;2;0;0;1;98;1;1;0;100;1;2;0;0;0;0;0;0;0;0;0;0;0;0;0;0;0;0;0;0
04.12.2024;18:54;A 17;1;0;100;5;32;0;0;0;0;0;0;0;0;1;25;0;0;1;1;8;70;3;1;0;100;0;0;0;0;0;0;4;70;1;1;5;85;2;2;1;2;0;0;0;0;0;0;1;1;0;0;0;0;0;0;0;0
04.12.2024;18:53;A 17;1;0;100;1;99;1;0;1;56;1;0;1;15;0;16;0;15;0;0;6;78;2;4;0;100;1;2;2;2;0;0;9;68;3;21;4;64;1;23;2;20;0;0;0;0;0;0;0;0;0;0;0;0;0;0;0;0
04.12.2024;18:52;A 17;1;0;100;3;82;1;1;0;0;0;0;1;68;1;51;3;22;0;0;22;39;3;9;1;99;1;11;6;48;0;0;0;100;1;83;0;100;2;82;0;0;0;0;0;0;0;0;0;0;0;1;0;0;0;0;0;0
04.12.2024;18:51;A 17;1;0;100;9;53;0;0;0;0;4;2;1;23;1;0;1;1;0;0;9;80;2;51;0;100;1;56;0;0;0;0;8;15;3;2;2;43;2;1;1;2;0;0;0;0;0;0;0;0;1;0;0;0;0;0;0;0
04.12.2024;18:50;A 17;1;0;100;7;28;0;0;0;0;0;0;0;0;3;6;0;0;0;0;10;77;0;57;0;100;2;59;1;4;0;0;10;13;0;0;0;33;0;0;0;0;0;0;0;0;0;0;0;0;0;0;0;0;0;0;0;0
04.12.2024;18:49;A 17;1;0;100;5;33;1;1;0;0;1;80;2;84;2;1;4;10;0;0;22;39;1;7;1;97;1;7;0;0;0;0;2;92;0;0;0;100;0;0;0;0;0;0;0;0;0;0;0;0;0;0;0;0;0;0;0;0
04.12.2024;18:48;A 17;1;0;100;3;9;0;0;0;0;0;0;1;0;1;48;0;0;0;0;8;77;0;0;0;100;0;0;0;0;0;0;6;61;2;3;5;75;3;4;2;6;0;0;0;0;0;0;0;0;0;0;0;0;0;0;0;0
04.12.2024;18:47;A 17;1;0;100;0;100;1;1;1;46;0;0;1;1;5;18;1;1;2;1;5;83;2;18;0;100;1;15;3;5;0;0;11;38;7;5;6;52;2;6;3;8;0;0;1;1;1;1;0;0;1;1;1;2;1;2;0;0
04.12.2024;18:46;A 17;1;0;100;7;81;1;1;0;0;0;0;2;77;0;0;3;25;0;0;10;30;1;8;3;54;0;5;2;11;0;0;1;96;1;84;1;95;2;4;1;3;0;0;0;0;0;0;0;0;0;0;0;0;0;0;0;0
04.12.2024;18:45;A 17;1;0;100;2;77;0;0;0;0;1;0;3;42;0;37;0;48;0;0;2;74;3;18;3;84;1;18;0;0;0;0;13;66;0;0;0;89;0;0;0;0;0;0;0;0;0;0;0;0;0;0;0;0;0;0;0;0
04.12.2024;18:44;A 17;1;0;100;4;77;3;4;1;15;0;0;1;56;2;76;3;31;2;5;10;41;1;26;1;59;1;13;1;5;0;0;1;78;0;0;1;85;0;0;0;12;0;0;0;0;0;0;0;0;0;0;0;0;0;0;0;0
04.12.2024;18:43;A 17;1;0;100;8;48;0;0;0;0;1;3;3;77;0;0;4;14;0;0;14;57;1;1;2;93;1;3;1;2;0;0;4;41;2;47;4;40;2;5;2;16;0;0;0;0;0;0;0;0;0;0;0;0;0;0;0;0
04.12.2024;18:42;A 17;1;0;100;2;12;0;0;0;0;1;0;1;0;1;66;1;0;1;2;15;69;1;3;0;100;0;6;2;16;0;0;3;68;2;13;1;39;2;6;2;5;0;0;0;0;0;0;0;0;0;0;0;0;0;0;0;0
04.12.2024;18:41;A 17;1;0;100;0;100;0;0;0;0;0;0;1;3;1;24;2;2;2;4;2;94;2;75;0;100;1;87;2;6;0;0;15;39;4;18;2;65;3;6;1;27;0;0;0;0;0;0;0;0;0;0;0;0;0;0;0;0
04.12.2024;18:40;A 17;1;0;100;5;63;0;0;1;1;1;12;2;15;1;85;2;14;0;100;15;55;1;1;1;99;1;2;1;2;0;0;1;91;2;80;0;100;2;82;1;1;2;3;0;0;0;0;0;0;1;1;0;0;0;0;0;0
04.12.2024;18:39;A 17;1;0;100;3;40;1;1;0;0;0;0;1;47;2;66;2;4;2;86;7;79;2;1;0;100;0;0;0;0;0;0;14;70;0;46;0;100;0;0;1;9;0;0;0;0;0;0;0;0;0;0;0;0;0;0;0;0
04.12.2024;18:38;A 17;1;0;100;3;83;1;58;1;46;0;0;1;1;1;90;1;5;1;64;13;65;2;2;1;93;0;0;0;0;0;0;9;75;1;51;0;100;1;1;0;0;1;1;0;0;1;1;0;0;1;1;0;0;0;0;0;0
04.12.2024;18:37;A 17;1;0;100;0;100;2;30;0;0;2;0;5;60;1;2;8;13;0;0;1;92;1;1;0;100;0;0;3;3;0;0;9;76;2;25;0;100;2;5;3;19;0;0;0;0;0;0;0;0;0;0;0;0;0;0;0;0
04.12.2024;18:36;A 17;1;0;100;2;44;0;0;0;0;1;0;3;74;0;68;0;76;0;0;4;30;1;5;4;48;1;4;2;6;0;0;7;84;0;68;1;97;1;0;2;21;1;1;1;1;0;0;0;0;0;0;0;0;0;0;0;0
04.12.2024;18:35;A 17;1;0;100;4;73;0;0;1;4;0;0;1;34;2;9;1;39;0;0;12;63;2;31;2;91;1;28;3;11;0;0;6;63;2;36;5;62;4;6;1;9;0;0;0;0;0;0;0;0;0;0;0;0;0;0;0;0
04.12.2024;18:34;A 17;1;0;100;4;30;1;2;0;0;0;0;3;38;1;0;2;17;0;0;13;19;1;1;1;53;0;0;2;3;0;0;4;91;3;91;0;100;1;79;1;16;0;0;0;0;0;0;0;0;0;0;0;0;0;0;0;0
04.12.2024;18:33;A 17;1;0;100;1;8;0;0;0;0;0;0;0;45;2;3;0;0;1;4;8;77;0;0;0;100;0;0;1;3;0;0;6;37;4;56;5;43;2;61;3;19;0;0;0;0;0;0;0;0;0;0;0;0;0;0;0;0
04.12.2024;18:32;A 17;1;0;100;4;23;1;1;0;0;0;0;2;14;0;0;3;7;0;0;8;83;4;44;0;100;2;48;4;16;0;0;12;20;2;12;0;42;4;6;1;18;1;1;0;0;0;0;0;0;1;1;0;0;1;1;0;0
04.12.2024;18:31;A 17;1;0;100;2;73;0;28;0;27;0;0;2;79;1;32;3;26;1;1;15;35;0;21;0;100;1;23;1;4;0;0;4;88;2;77;0;100;4;70;1;2;0;0;0;0;0;0;0;0;0;0;0;0;0;0;0;0
04.12.2024;18:30;A 17;1;0;100;8;86;2;29;1;19;3;1;5;54;0;0;0;67;0;0;21;60;2;56;0;100;1;57;0;0;0;0;13;68;1;24;0;100;2;5;1;9;0;0;0;0;0;0;0;0;0;0;0;0;0;0;0;0
04.12.2024;18:29;A 17;1;0;100;5;54;0;0;0;0;0;0;5;52;1;7;1;61;0;3;9;80;1;55;0;100;1;40;2;3;0;0;14;60;3;6;0;100;3;6;2;27;0;0;0;0;0;0;0;0;0;0;0;0;0;0;0;0
04.12.2024;18:28;A 17;1;0;100;0;83;0;0;1;41;0;0;1;97;0;100;1;70;1;64;11;64;0;39;0;100;0;39;1;6;0;0;7;78;1;24;0;100;1;5;1;13;0;0;0;0;0;0;0;0;0;0;0;0;0;0;0;0
04.12.2024;18:27;A 17;1;0;100;2;36;0;0;0;0;1;1;3;71;3;80;4;51;1;57;12;59;2;20;0;100;1;18;1;8;0;0;5;87;5;87;0;100;0;100;2;33;1;1;0;0;0;0;0;0;0;0;0;0;0;0;0;0
04.12.2024;18:26;A 17;1;0;100;6;84;1;55;0;0;0;0;1;63;2;58;3;4;3;7;14;66;1;46;0;100;1;31;3;9;0;0;6;79;3;90;1;95;2;70;2;31;0;0;0;0;1;1;0;0;0;0;0;0;1;1;0;0
04.12.2024;18:25;A 17;1;0;100;1;84;5;26;1;10;0;0;2;65;2;3;1;27;0;0;11;69;1;0;0;100;0;0;0;0;0;0;4;9;2;65;1;69;1;73;3;13;0;0;0;0;1;1;0;0;0;0;0;0;0;0;0;0
04.12.2024;18:24;A 17;1;0;100;6;45;0;0;0;0;0;0;2;1;2;0;3;5;0;0;7;72;2;1;1;94;0;0;2;1;0;0;9;66;5;62;0;83;2;71;5;29;0;0;0;0;0;0;0;0;0;0;0;0;0;0;0;0
04.12.2024;18:23;A 17;1;0;100;5;85;0;0;0;0;0;0;3;10;1;0;0;12;0;0;12;73;1;43;0;100;3;42;1;5;0;0;10;59;1;57;2;53;2;48;1;3;0;0;0;0;0;0;0;0;0;0;0;0;0;0;0;0
04.12.2024;18:22;A 17;1;0;100;8;16;1;1;0;0;0;0;0;99;0;94;1;35;0;0;19;37;1;1;3;96;1;1;3;5;0;0;1;98;0;97;0;100;0;0;1;1;0;0;0;0;0;0;0;0;0;0;0;0;0;0;0;0
04.12.2024;18:21;A 17;1;0;100;4;15;1;1;0;0;0;0;2;73;2;25;1;51;1;2;12;72;3;49;0;100;1;41;4;9;0;0;4;52;2;51;1;64;2;50;2;16;0;0;0;0;0;0;0;0;0;0;0;0;0;0;0;0
04.12.2024;18:20;A 17;1;0;100;2;65;2;4;0;0;3;6;6;73;1;6;2;58;0;1;6;81;1;3;0;100;0;0;0;0;0;0;12;58;3;38;3;73;3;17;1;43;0;0;0;0;0;0;0;0;0;0;0;0;0;0;0;0
04.12.2024;18:19;A 17;1;0;100;3;61;0;2;0;0;0;0;1;96;1;82;1;83;2;53;15;57;2;15;0;100;1;4;2;9;0;0;3;80;2;6;1;69;3;6;1;4;0;0;0;0;0;0;0;0;0;0;0;0;0;0;0;0
04.12.2024;18:18;A 17;1;0;100;2;30;1;0;0;0;1;0;2;18;2;53;3;5;0;51;7;74;1;0;0;100;0;0;0;0;0;0;12;69;3;58;0;100;0;62;1;24;0;0;0;0;2;5;0;0;0;0;0;0;2;3;0;0
04.12.2024;18:17;A 17;1;0;100;0;100;0;0;1;30;1;0;0;0;1;64;0;0;1;52;11;75;1;59;0;100;0;63;2;10;0;0;8;80;6;40;2;94;5;43;3;7;1;1;0;0;0;0;0;0;0;0;0;0;0;0;0;0
04.12.2024;18:16;A 17;1;0;100;0;100;1;2;1;5;1;0;4;74;0;70;2;79;0;0;10;72;1;8;0;100;1;9;0;0;0;0;5;91;2;90;0;100;3;67;1;25;0;0;0;0;0;0;0;0;0;0;0;0;0;0;0;0
04.12.2024;18:15;A 17;1;0;100;7;47;1;1;0;0;0;0;1;54;2;92;1;14;0;59;8;66;2;32;1;96;3;19;2;21;0;0;7;77;4;65;1;99;4;60;2;18;0;0;0;0;0;0;0;0;0;0;0;0;0;0;0;0
04.12.2024;18:14;A 17;1;0;100;6;48;0;0;0;0;0;0;2;57;1;52;4;11;1;47;8;80;2;76;0;100;0;81;2;16;0;0;13;51;5;45;3;65;2;51;3;27;0;0;0;0;1;1;0;0;0;0;0;0;0;0;0;0
04.12.2024;18:13;A 17;1;0;100;3;66;1;2;0;0;0;0;1;98;3;43;0;100;1;2;20;48;3;18;0;100;2;22;1;2;0;0;1;97;1;92;4;69;2;20;1;4;0;0;0;0;0;0;0;0;0;0;0;0;0;0;0;0
04.12.2024;18:12;A 17;1;0;100;1;73;0;0;1;33;0;0;1;24;2;23;1;7;1;22;2;95;1;4;0;100;0;0;0;0;0;0;8;45;6;38;5;55;6;12;3;25;0;0;0;0;0;0;0;0;0;0;0;0;0;0;0;0
04.12.2024;18:11;A 17;1;0;100;3;76;7;56;1;3;1;1;4;54;2;37;1;17;3;17;10;77;6;47;0;100;2;52;5;30;0;0;3;49;4;25;2;43;1;16;2;30;1;1;0;0;0;0;0;0;0;0;0;0;1;1;0;0
04.12.2024;18:10;A 17;1;0;100;3;86;6;29;1;19;0;0;1;83;2;2;1;88;1;2;13;70;1;36;0;100;2;38;4;11;0;0;5;66;3;53;4;68;3;31;3;4;0;0;0;0;0;0;0;0;0;0;0;0;0;0;0;0
04.12.2024;18:09;A 17;1;0;100;5;43;0;0;0;0;1;0;1;62;0;65;2;2;0;0;4;89;2;39;0;100;1;33;1;31;0;0;8;76;5;85;0;100;0;93;2;29;0;0;1;1;0;0;0;0;0;0;1;2;0;0;0;0
04.12.2024;18:08;A 17;1;0;100;2;67;1;1;0;0;1;0;4;36;3;49;3;28;2;18;6;75;0;0;0;100;0;0;0;0;0;0;11;71;5;83;0;100;1;94;1;42;0;0;0;0;0;0;0;0;0;0;0;0;1;1;0;0
04.12.2024;18:07;A 17;1;0;100;2;83;1;3;0;0;1;0;1;45;0;100;3;34;1;11;20;45;2;22;3;97;2;24;5;45;0;0;1;84;1;89;0;100;2;20;0;0;0;0;0;0;0;0;0;0;0;0;0;0;0;0;0;0
04.12.2024;18:06;A 17;1;0;100;5;79;0;0;0;0;1;0;1;0;2;74;1;1;1;2;9;77;1;48;0;100;1;48;0;0;0;0;14;67;6;21;0;100;5;14;6;11;0;0;0;0;0;0;0;0;0;0;0;0;0;0;0;0
04.12.2024;18:05;A 17;1;0;100;7;38;0;0;0;0;0;0;0;0;1;28;0;0;1;1;8;79;1;0;0;100;0;0;0;0;0;0;15;65;3;4;0;100;2;4;3;13;0;0;0;0;0;0;0;0;0;0;0;0;0;0;0;0
04.12.2024;18:04;A 17;1;0;100;3;55;0;0;0;0;43;21;1;47;1;2;1;4;0;0;17;55;0;0;2;93;0;0;0;0;0;0;3;91;1;39;0;100;3;6;1;3;0;0;0;0;0;0;0;0;0;0;0;0;0;0;0;0
04.12.2024;18:03;A 17;1;0;100;6;17;0;0;0;0;1;1;2;50;0;0;0;55;0;0;8;82;0;0;0;100;0;0;0;0;0;0;13;65;3;17;0;100;4;9;2;23;0;0;0;0;0;0;0;0;0;0;0;0;0;0;0;0
04.12.2024;18:02;A 17;1;0;100;2;96;1;1;0;0;1;0;2;26;1;0;4;19;0;0;6;79;2;48;0;100;1;52;3;19;0;0;15;66;5;20;0;100;2;31;2;38;0;0;1;1;0;0;0;0;1;1;1;1;0;0;0;0
04.12.2024;18:01;A 17;1;0;100;1;60;0;0;0;31;7;6;3;74;1;0;2;39;0;0;11;72;2;2;0;100;1;1;3;2;0;0;3;87;5;86;0;100;5;17;3;16;0;0;0;0;0;0;0;0;0;0;0;0;1;1;0;0
04.12.2024;18:00;A 17;1;0;100;2;88;3;5;1;2;1;1;0;0;1;5;0;0;1;4;13;66;1;4;0;100;0;0;2;7;0;0;4;80;7;77;0;100;6;82;6;26;0;0;0;0;1;1;1;1;0;0;0;0;1;1;0;0
04.12.2024;17:59;A 17;1;0;100;1;95;1;2;0;0;2;0;4;18;3;22;2;30;0;15;7;73;1;0;3;85;0;0;0;0;0;0;9;77;4;86;2;99;0;100;4;44;0;0;3;5;0;0;0;0;0;0;2;9;0;0;0;0
04.12.2024;17:58;A 17;1;0;100;6;63;0;0;0;0;0;0;1;81;1;88;2;7;2;45;20;43;3;41;3;76;1;51;3;38;0;0;1;95;1;92;0;100;3;65;0;0;0;0;0;0;0;0;0;0;0;0;0;0;0;0;0;0
04.12.2024;17:57;A 17;1;0;100;4;84;1;2;0;0;0;0;1;44;2;48;2;2;1;2;6;76;1;31;3;95;1;31;0;0;0;0;11;69;5;61;1;98;0;66;5;19;0;0;0;0;0;0;0;0;0;0;0;0;0;0;0;0
04.12.2024;17:56;A 17;1;0;100;0;100;0;0;1;30;0;0;4;11;2;49;2;11;1;3;8;79;0;0;0;100;0;0;1;0;0;0;9;75;2;45;0;100;6;31;1;26;0;0;0;0;0;0;0;0;0;0;0;0;0;0;1;1
04.12.2024;17:55;A 17;1;0;100;1;96;0;0;0;4;0;0;1;98;0;98;0;100;1;9;21;35;0;0;0;100;0;0;0;0;0;0;1;96;1;97;0;100;1;93;1;2;0;0;0;0;1;1;0;0;0;0;0;0;0;0;0;0
04.12.2024;17:54;A 17;1;0;100;0;100;0;0;1;60;1;0;4;47;2;31;6;43;1;4;3;90;1;5;0;100;0;0;0;0;0;0;11;70;5;36;1;86;6;11;2;38;0;0;0;0;0;0;0;0;1;2;0;0;0;0;0;0
04.12.2024;17:53;A 17;1;0;100;1;98;1;2;1;1;0;0;4;63;2;46;4;34;3;12;4;90;1;29;0;100;2;30;1;2;0;0;13;53;4;33;5;65;2;37;3;39;0;0;0;0;1;1;0;0;0;0;0;0;0;0;0;0
04.12.2024;17:52;A 17;1;0;100;0;72;0;41;1;19;0;0;1;76;0;100;2;36;0;0;14;62;3;11;0;100;4;47;8;67;0;0;5;84;3;56;0;100;2;26;2;7;0;0;0;0;0;0;0;0;0;0;0;0;0;0;0;0
04.12.2024;17:51;A 17;1;0;100;2;75;2;33;0;0;1;5;2;73;1;97;2;28;1;18;14;65;3;11;0;100;3;15;2;34;0;0;7;79;3;87;0;100;2;30;1;33;0;0;0;0;0;0;0;0;0;0;0;0;0;0;0;0
04.12.2024;17:50;A 17;1;0;100;0;100;1;3;1;90;1;0;3;55;3;26;2;26;3;5;4;84;1;1;0;100;1;1;1;1;0;0;14;67;3;46;0;100;1;22;2;25;0;0;0;0;0;0;0;0;0;0;0;0;0;0;0;0
04.12.2024;17:49;A 17;1;0;100;5;80;1;1;0;23;0;0;1;89;0;0;4;39;0;0;19;48;2;5;0;100;1;7;2;39;0;0;2;94;1;85;0;100;3;70;0;0;2;3;0;0;1;1;0;0;0;0;0;0;2;3;0;0
04.12.2024;17:48;A 17;1;0;100;0;100;0;0;1;11;1;0;2;48;1;55;0;51;1;40;6;83;0;0;0;100;0;0;0;0;0;0;14;69;3;60;0;100;0;59;2;26;0;0;0;0;0;0;0;0;0;0;0;0;0;0;0;0
04.12.2024;17:47;A 17;1;0;100;7;64;1;1;0;0;0;0;1;67;1;10;4;29;2;7;10;69;1;45;0;100;1;49;2;7;0;0;7;83;5;63;0;100;4;46;3;7;0;0;0;0;0;0;0;0;0;0;0;0;0;0;0;0
04.12.2024;17:46;A 17;1;0;100;1;31;0;0;0;0;0;0;1;25;1;82;2;11;1;29;12;67;3;12;0;100;3;9;2;7;0;0;7;81;2;71;0;100;1;3;1;10;0;0;0;0;1;1;0;0;1;1;0;0;0;0;0;0
04.12.2024;17:45;A 17;1;0;100;0;0;0;1;0;0;0;0;2;46;3;71;3;10;2;26;6;86;3;76;0;100;1;82;3;16;0;0;8;75;2;3;1;96;2;4;1;2;0;0;0;0;1;1;0;0;0;0;0;0;1;1;0;0
04.12.2024;17:44;A 17;1;0;100;3;64;1;0;0;0;0;0;2;20;2;30;2;5;0;0;7;76;3;83;0;100;6;50;3;28;0;0;9;18;2;4;5;34;2;2;2;12;0;0;0;0;0;0;0;0;0;0;0;0;0;0;0;0
04.12.2024;17:43;A 17;1;0;100;0;45;2;37;0;0;1;0;2;2;0;97;1;9;1;28;12;67;0;0;0;100;0;0;0;0;0;0;3;91;2;22;3;18;3;10;1;5;0;0;0;0;0;0;0;0;0;0;0;0;0;0;0;0
04.12.2024;17:42;A 17;1;0;100;3;26;1;78;0;0;1;0;3;24;1;57;4;5;1;5;8;78;2;2;0;100;1;1;3;3;0;0;7;56;12;67;1;76;2;93;7;44;1;1;0;0;0;0;1;1;1;1;0;0;0;0;0;0
04.12.2024;17:41;A 17;1;0;100;1;60;2;4;0;0;1;3;4;8;2;72;4;9;1;2;6;82;1;41;0;100;3;46;2;5;0;0;13;58;15;54;5;73;5;67;5;43;0;0;0;0;0;0;0;0;0;0;0;0;0;0;0;0
04.12.2024;17:40;A 17;1;0;100;1;51;0;0;0;2;1;23;1;95;1;88;1;81;0;0;23;34;1;0;0;100;1;1;1;2;0;0;2;92;3;97;0;100;0;100;1;3;0;0;0;0;0;0;0;0;0;0;0;0;0;0;0;0
04.12.2024;17:39;A 17;1;0;100;0;100;0;0;1;61;0;0;4;63;1;21;5;11;0;0;3;87;2;0;0;100;0;0;0;0;0;0;10;44;5;40;6;65;3;50;5;31;0;0;0;0;0;0;0;0;0;0;0;0;0;0;0;0
04.12.2024;17:38;A 17;1;0;100;0;100;0;0;1;64;0;0;1;7;1;57;1;4;0;0;3;90;3;71;0;100;4;37;4;5;0;0;16;59;3;6;1;81;1;5;1;10;0;0;0;0;0;0;0;0;0;0;0;0;0;0;0;0
04.12.2024;17:37;A 17;1;0;100;0;100;0;0;1;0;0;0;1;42;1;98;2;4;1;2;14;54;0;0;0;100;0;3;1;5;0;0;1;96;1;96;1;55;1;34;1;2;0;0;0;0;0;0;1;1;0;0;0;0;0;0;0;0
04.12.2024;17:36;A 17;1;0;100;4;94;0;0;0;0;1;0;1;55;1;7;0;0;1;1;6;86;3;46;0;100;1;46;2;39;0;0;9;80;3;70;0;87;2;58;2;18;0;0;3;6;1;1;0;0;0;0;0;0;0;0;0;0
04.12.2024;17:35;A 17;1;0;100;2;95;1;2;1;56;4;1;6;23;0;0;6;21;0;0;7;82;2;82;0;100;0;100;2;24;0;0;9;48;7;62;4;78;5;62;2;51;2;3;0;0;0;0;0;0;0;0;0;0;0;0;0;0
04.12.2024;17:34;A 17;1;0;100;2;77;1;1;1;12;0;0;1;2;1;72;3;5;0;0;15;62;3;38;0;100;1;63;3;14;0;0;3;67;2;82;4;63;3;57;1;3;0;0;0;0;0;0;0;0;0;0;0;0;0;0;0;0
04.12.2024;17:33;A 17;1;0;100;3;56;0;0;0;0;2;2;5;56;2;61;2;28;1;18;7;74;1;1;2;96;2;45;3;10;0;0;9;60;4;51;5;73;4;11;5;43;0;0;0;0;0;0;0;0;0;0;0;0;0;0;0;0
04.12.2024;17:32;A 17;1;0;100;0;100;0;0;1;27;4;5;5;53;3;76;3;18;1;7;7;82;2;73;0;100;2;19;5;22;0;0;15;64;6;70;0;62;4;51;5;53;0;0;0;0;0;0;0;0;0;0;0;0;0;0;0;0
04.12.2024;17:31;A 17;1;0;100;0;100;2;5;0;0;1;1;1;98;0;100;1;12;0;100;9;73;2;27;0;100;1;27;3;5;0;0;3;91;1;43;0;100;2;34;1;3;0;0;0;0;0;0;0;0;0;0;0;0;0;0;0;0
04.12.2024;17:30;A 17;1;0;100;4;8;0;1;0;0;0;0;7;58;1;80;5;53;1;3;5;84;1;53;0;100;1;55;0;0;0;0;11;62;7;78;0;100;2;91;4;47;0;0;0;0;0;0;0;0;0;0;0;0;0;0;0;0
04.12.2024;17:29;A 17;1;0;100;5;89;1;0;1;16;4;1;3;4;3;77;4;12;2;31;5;79;15;41;0;100;1;19;4;5;0;0;16;63;5;53;0;100;5;33;3;20;0;0;0;0;0;0;0;0;0;0;0;0;0;0;0;0
04.12.2024;17:28;A 17;1;0;100;2;60;0;0;0;28;0;0;1;0;0;93;1;1;0;0;15;54;0;19;0;100;0;19;2;4;0;0;3;90;1;58;0;100;2;56;1;3;0;0;0;0;0;0;0;0;0;0;0;0;0;0;0;0
04.12.2024;17:27;A 17;1;0;100;2;93;1;3;1;1;1;0;4;53;2;94;0;60;1;39;9;79;1;31;0;100;1;33;0;0;0;0;12;72;6;68;0;100;2;82;7;34;1;1;2;3;1;1;0;0;1;1;0;0;1;1;0;0
04.12.2024;17:26;A 17;1;0;100;1;94;1;5;0;0;1;1;6;70;2;54;2;83;1;21;4;84;1;64;0;100;2;67;2;6;0;0;13;68;9;72;0;100;1;73;3;58;0;0;0;0;0;0;1;1;0;0;0;0;0;0;1;1
04.12.2024;17:25;A 17;1;0;100;2;89;0;0;0;44;1;0;0;100;0;100;0;100;1;10;21;42;3;24;0;100;2;31;5;46;0;0;0;100;0;100;0;100;0;100;3;4;0;0;0;0;0;0;1;1;0;0;0;0;0;0;1;1
04.12.2024;17:24;A 17;1;0;100;1;93;0;0;1;7;1;0;3;44;1;27;4;54;2;2;1;97;1;38;0;100;1;38;0;0;0;0;15;59;8;33;0;100;3;23;4;16;1;1;0;0;0;0;0;0;0;0;0;0;0;0;0;0
04.12.2024;17:23;A 17;1;0;100;4;71;1;1;0;0;0;0;0;0;0;0;0;0;0;0;7;82;3;7;0;100;2;13;4;12;0;0;13;63;5;49;0;100;6;13;4;18;0;0;0;0;0;0;0;0;0;0;0;0;0;0;0;0
04.12.2024;17:22;A 17;1;0;100;2;52;1;1;0;0;2;3;0;0;1;31;0;0;0;0;15;54;1;0;3;98;1;1;2;1;0;0;3;92;2;56;0;100;3;33;1;3;0;0;0;0;0;0;0;0;0;0;0;0;1;1;0;0
04.12.2024;17:21;A 17;1;0;100;3;17;0;0;0;0;3;1;2;1;3;12;4;6;2;12;6;81;1;0;0;100;0;0;0;0;0;0;12;64;2;3;0;100;2;3;2;4;0;0;0;0;0;0;0;0;0;0;0;0;0;0;0;0
04.12.2024;17:20;A 17;1;0;100;5;81;0;0;1;12;3;2;3;2;0;0;3;6;0;0;9;81;2;80;0;100;0;87;5;15;0;0;12;65;4;31;0;100;4;18;2;47;0;0;0;0;0;0;0;0;0;0;0;0;0;0;0;0
04.12.2024;17:19;A 17;1;0;100;0;68;1;2;0;24;0;0;1;94;1;72;2;2;2;3;16;64;3;8;0;100;5;10;2;6;0;0;4;83;3;43;2;96;3;45;2;4;0;0;0;0;0;0;0;0;0;0;0;0;0;0;0;0
04.12.2024;17:18;A 17;1;0;100;2;86;0;0;1;19;0;0;2;32;0;47;4;12;0;0;8;78;3;1;0;100;0;0;0;0;0;0;10;68;4;56;0;100;3;59;2;27;0;0;0;0;0;0;1;1;0;0;0;0;0;0;1;1
04.12.2024;17:17;A 17;1;0;100;0;95;0;0;0;0;0;0;0;0;1;67;0;0;0;0;14;65;3;5;0;100;1;0;1;3;0;0;7;79;4;53;0;100;1;54;0;0;0;0;0;0;1;1;0;0;0;0;0;0;1;1;0;0
04.12.2024;17:16;A 17;1;0;100;2;87;0;0;0;0;1;0;1;69;0;0;1;0;0;0;7;76;1;1;0;100;1;2;1;2;0;0;6;86;2;42;0;100;3;8;1;12;0;0;0;0;0;0;0;0;0;0;0;0;0;0;0;0
04.12.2024;17:15;A 17;1;0;100;1;17;1;2;0;0;1;0;3;55;2;56;2;30;2;53;9;72;1;36;0;100;1;24;2;7;0;0;6;66;2;48;4;74;1;44;3;19;0;0;0;0;0;0;0;0;0;0;0;0;1;1;0;0
04.12.2024;17:14;A 17;1;0;100;4;76;0;0;0;0;5;6;4;62;2;10;2;40;1;6;5;80;1;1;2;98;1;3;2;3;0;0;9;27;5;64;1;50;2;42;3;33;0;0;0;0;1;1;1;1;0;0;0;0;1;1;0;0
04.12.2024;17:13;A 17;1;0;100;3;64;0;0;0;41;1;20;1;22;1;0;3;5;0;0;18;54;2;41;0;100;0;52;2;34;0;0;3;11;1;66;3;22;2;57;0;0;0;0;0;0;0;0;0;0;0;0;0;0;0;0;0;0
04.12.2024;17:12;A 17;1;0;100;1;99;1;3;1;43;0;0;1;14;2;27;1;1;1;16;14;62;2;56;0;100;1;58;2;31;0;0;7;82;4;10;0;100;0;75;1;17;0;0;1;1;0;0;0;0;0;0;1;2;0;0;0;0
04.12.2024;17:11;A 17;1;0;100;1;40;0;0;0;0;2;1;4;4;0;1;1;12;0;0;8;80;4;80;0;100;2;73;2;29;0;0;14;63;3;4;1;96;5;23;3;23;0;0;0;0;0;0;0;0;0;0;0;0;0;0;0;0
04.12.2024;17:10;A 17;1;0;100;0;100;1;5;0;29;0;0;2;46;2;58;2;61;2;30;10;54;1;24;1;89;0;28;3;9;0;0;5;83;2;53;0;100;1;55;2;5;0;0;0;0;0;0;0;0;0;0;0;0;0;0;0;0
04.12.2024;17:09;A 17;1;0;100;4;88;0;0;1;31;2;57;2;59;0;72;2;4;1;6;13;61;2;32;1;97;3;34;1;22;0;0;9;80;4;73;0;100;0;81;3;20;1;1;1;1;0;0;0;0;1;1;1;1;0;0;0;0
04.12.2024;17:08;A 17;1;0;100;0;100;0;0;1;49;1;0;1;1;1;47;0;2;1;2;8;82;2;28;0;100;1;31;1;26;0;0;11;78;4;32;0;100;5;29;4;22;0;0;0;0;0;0;0;0;0;0;0;0;0;0;0;0
04.12.2024;17:07;A 17;1;0;100;5;69;0;0;0;0;1;2;2;91;0;97;1;81;0;0;14;53;0;0;0;100;0;0;0;0;0;0;3;90;2;28;0;100;3;15;1;0;0;0;0;0;0;0;0;0;0;0;1;4;0;0;0;0
04.12.2024;17:06;A 17;1;0;100;1;30;0;0;0;0;4;14;4;40;3;92;6;40;1;52;9;76;0;0;0;100;0;0;0;0;0;0;13;68;4;62;0;100;4;59;5;36;0;0;0;0;0;0;0;0;0;0;0;0;0;0;0;0
04.12.2024;17:05;A 17;1;0;100;1;75;1;4;0;0;1;0;1;1;1;62;1;2;1;2;8;82;0;0;0;100;0;0;0;0;0;0;14;68;5;41;0;100;7;29;4;25;0;0;0;0;0;0;0;0;0;0;0;0;0;0;1;1
04.12.2024;17:04;A 17;1;0;100;2;63;0;0;1;13;1;0;1;12;2;4;2;5;0;0;17;59;0;0;0;100;0;0;0;0;0;0;4;89;2;64;3;89;1;69;1;3;0;0;0;0;1;1;0;0;0;0;0;0;1;1;0;0
04.12.2024;17:03;A 17;1;0;100;3;24;0;0;0;0;0;0;3;42;0;45;2;49;0;0;9;71;0;0;0;100;0;0;0;0;0;0;13;69;7;67;0;95;2;77;5;36;1;1;0;0;0;0;1;1;0;0;0;0;0;0;1;2
04.12.2024;17:02;A 17;1;0;100;2;79;0;0;1;9;0;0;1;4;0;100;1;16;0;0;14;25;1;4;0;100;0;0;0;0;0;0;8;75;2;25;2;97;2;30;1;2;0;0;0;0;0;0;0;0;0;0;0;0;1;3;0;0
04.12.2024;17:01;A 17;1;0;100;6;52;1;1;0;0;1;0;3;73;3;13;0;78;2;3;13;22;1;3;0;100;0;3;0;4;0;0;5;88;3;90;0;100;1;90;3;24;0;0;0;0;1;1;0;0;0;0;0;0;1;0;0;0
04.12.2024;17:00;A 17;1;0;100;0;100;1;3;0;0;2;3;3;73;1;2;5;46;1;4;6;87;4;37;0;100;1;39;1;0;0;0;8;62;5;61;3;70;4;30;2;47;0;0;0;0;0;0;0;0;0;0;0;0;0;0;1;1
04.12.2024;16:59;A 17;1;0;100;0;100;0;0;1;42;1;16;3;38;0;15;2;25;0;0;7;78;1;55;1;99;1;58;2;7;0;0;10;57;3;19;2;55;2;5;2;24;0;0;0;0;0;0;0;0;0;0;1;1;0;0;0;0
04.12.2024;16:58;A 17;1;0;100;1;76;1;2;0;0;1;12;1;15;1;87;1;20;1;2;15;29;2;7;2;67;2;8;1;8;0;0;1;99;1;0;0;100;1;17;0;0;0;0;0;0;0;0;0;0;0;3;0;0;0;0;0;0
04.12.2024;16:57;A 17;1;0;100;4;52;0;0;0;0;0;0;1;49;0;46;1;1;0;0;7;70;0;0;8;74;0;0;0;0;0;0;10;73;7;67;0;100;4;69;3;35;1;1;1;1;0;0;1;1;1;0;0;0;0;0;1;1
04.12.2024;16:56;A 17;1;0;100;13;48;1;1;0;0;1;0;1;67;1;64;2;9;1;3;16;52;2;29;0;100;2;31;4;10;0;0;4;79;1;25;3;84;1;3;0;0;0;0;0;0;0;0;0;0;0;0;0;0;0;0;0;0
04.12.2024;16:55;A 17;1;0;100;0;65;0;0;1;3;2;1;1;4;1;79;1;8;1;3;13;31;0;6;2;70;1;6;2;2;0;0;5;36;3;56;3;19;3;34;3;13;1;1;0;0;0;0;0;0;2;3;0;0;0;0;0;0
04.12.2024;16:54;A 17;1;0;100;3;64;0;0;0;0;0;0;0;0;2;86;0;0;1;54;9;79;3;1;1;98;2;3;1;1;0;0;7;59;1;48;3;62;1;4;1;6;0;0;0;0;0;0;0;0;0;0;0;0;0;0;0;0
04.12.2024;16:53;A 17;1;0;100;7;64;0;0;0;0;1;0;2;2;1;30;2;4;1;39;11;77;1;55;0;100;1;35;3;7;0;0;4;27;5;43;3;18;7;14;2;30;0;0;0;0;0;0;0;0;0;0;0;0;0;0;0;0
04.12.2024;16:52;A 17;1;0;100;7;52;0;0;0;0;0;0;2;16;4;25;3;19;1;1;15;58;1;8;1;98;0;0;0;0;0;0;3;87;1;88;0;100;2;2;2;4;0;0;0;0;0;0;0;0;0;0;0;0;0;0;0;0
04.12.2024;16:51;A 17;1;0;100;2;4;0;0;0;0;1;0;3;3;0;0;3;8;0;0;8;81;0;0;1;99;0;0;0;0;0;0;13;67;6;10;0;100;3;13;3;23;0;0;0;0;0;0;0;0;0;0;0;0;0;0;0;0
04.12.2024;16:50;A 17;1;0;100;1;87;0;0;0;0;1;0;0;2;2;3;0;0;1;3;6;80;1;1;1;98;1;3;1;3;0;0;13;65;4;12;0;100;1;23;3;24;0;0;0;0;0;0;0;0;0;0;0;0;0;0;0;0
04.12.2024;16:49;A 17;1;0;100;3;79;1;2;0;0;2;3;2;37;1;96;4;29;1;4;17;53;0;0;1;99;0;1;0;4;0;0;1;96;0;99;0;100;1;50;0;0;0;0;0;0;0;0;0;0;0;0;0;0;0;0;0;0
04.12.2024;16:48;A 17;1;0;100;8;41;0;0;0;0;1;0;2;46;3;67;3;29;3;23;12;74;3;29;0;100;1;37;1;13;0;0;8;83;3;56;0;100;1;58;2;15;0;0;0;0;0;0;0;0;0;0;0;0;0;0;0;0
04.12.2024;16:47;A 17;1;0;100;3;42;1;3;0;0;2;0;3;18;2;2;3;17;0;0;8;83;0;0;0;100;0;0;0;0;0;0;13;63;6;50;0;100;4;49;2;28;0;0;0;0;1;1;2;3;0;0;0;0;0;0;0;0
04.12.2024;16:46;A 17;1;0;100;2;74;1;4;0;0;1;2;1;95;0;92;1;58;0;0;16;44;0;0;0;100;0;0;1;16;0;0;0;100;1;61;0;100;2;45;1;2;0;0;0;0;0;0;0;0;0;0;0;0;0;0;0;0
04.12.2024;16:45;A 17;1;0;100;2;87;0;0;1;16;0;0;1;73;1;53;2;16;1;7;5;84;2;4;0;100;2;9;1;4;0;0;10;47;1;1;1;82;1;2;1;2;0;0;0;0;0;0;0;0;0;0;0;0;0;0;1;1
04.12.2024;16:44;A 17;1;0;100;0;90;0;0;1;54;1;1;2;57;1;13;1;12;4;4;10;73;1;54;0;100;1;57;1;14;0;0;7;33;4;14;2;57;1;26;3;30;0;0;0;0;0;0;0;0;0;0;1;1;0;0;0;0
04.12.2024;16:43;A 17;1;0;100;0;100;0;0;0;30;1;25;1;28;1;95;1;38;0;100;15;60;1;23;1;99;1;26;3;10;0;0;2;48;3;90;5;24;3;71;2;14;0;0;0;0;0;0;0;0;1;1;0;0;0;0;0;0
04.12.2024;16:42;A 17;1;0;100;1;99;3;10;1;45;3;1;2;67;3;30;2;45;5;11;11;56;3;10;1;96;3;17;2;24;0;0;9;71;5;88;0;98;0;100;4;30;0;0;1;1;0;0;0;0;0;0;1;1;0;0;0;0
04.12.2024;16:41;A 17;1;0;100;0;100;0;59;1;45;0;0;2;17;4;17;2;10;0;10;11;72;2;3;0;100;2;8;2;6;0;0;4;5;4;43;3;23;3;42;2;16;0;0;0;0;0;0;0;0;0;0;0;0;0;0;0;0
04.12.2024;16:40;A 17;1;0;100;3;96;1;70;0;0;0;0;1;98;0;96;2;53;1;63;20;44;0;0;2;98;0;0;0;0;0;0;1;97;2;94;1;58;3;96;0;0;0;0;0;0;0;0;0;0;0;0;0;0;0;0;0;0
04.12.2024;16:39;A 17;1;0;100;0;100;0;0;1;54;0;0;2;54;3;15;2;10;1;4;5;92;1;88;0;100;1;90;2;4;0;0;14;60;7;32;1;85;7;20;3;18;0;0;0;0;0;0;0;0;0;0;0;0;0;0;0;0
04.12.2024;16:38;A 17;1;0;100;0;100;1;6;0;85;1;0;5;24;1;0;2;37;0;0;6;76;1;5;0;100;1;11;1;8;0;0;11;67;4;23;0;100;4;34;3;32;0;0;0;0;0;0;0;0;0;0;0;0;0;0;0;0
04.12.2024;16:37;A 17;1;0;100;0;100;0;0;2;25;0;0;0;100;0;0;0;100;1;0;20;46;9;51;0;100;0;69;0;78;0;0;1;95;1;80;2;62;2;73;0;0;0;0;0;0;0;0;0;0;0;0;0;0;0;0;0;0
04.12.2024;16:36;A 17;1;0;100;0;100;1;3;0;0;2;17;2;61;1;52;3;41;0;51;7;79;3;55;0;100;2;62;2;79;0;0;9;62;6;67;1;83;3;73;5;34;0;0;0;0;0;0;0;0;1;1;0;0;0;0;0;0
04.12.2024;16:35;A 17;1;0;100;1;41;0;0;0;0;2;56;1;57;2;90;2;6;2;97;9;79;3;35;0;100;3;42;2;14;0;0;5;82;2;54;0;100;2;6;1;2;0;0;0;0;0;0;1;1;0;0;0;0;0;0;1;1
04.12.2024;16:34;A 17;1;0;100;2;57;0;0;1;11;0;0;4;82;1;97;0;3;0;100;15;53;2;20;0;100;1;25;3;13;0;0;2;58;0;0;1;70;0;0;0;0;0;0;0;0;0;0;0;0;0;0;0;0;0;0;0;0
04.12.2024;16:33;A 17;1;0;100;3;55;0;0;0;0;0;0;2;48;1;19;3;23;2;12;8;76;1;45;0;100;1;46;0;0;0;0;5;51;1;52;3;23;1;15;1;21;0;0;0;0;0;0;0;0;0;0;0;0;1;1;0;0
04.12.2024;16:32;A 17;1;0;100;0;90;2;5;1;2;1;1;6;26;2;2;1;25;2;4;8;81;3;42;0;100;1;47;1;29;0;0;11;37;4;17;3;46;4;10;3;14;0;0;0;0;0;0;0;0;0;0;0;0;0;0;0;0
04.12.2024;16:31;A 17;1;0;100;1;85;0;0;0;0;1;1;2;88;0;0;2;89;0;0;15;57;1;20;0;100;1;23;3;10;0;0;2;69;1;0;1;79;0;0;0;0;0;0;0;0;0;0;0;0;0;0;0;0;0;0;0;0
04.12.2024;16:30;A 17;1;0;100;2;47;0;0;0;0;1;0;1;0;2;3;1;4;2;5;8;76;1;2;0;100;1;4;0;0;0;0;13;65;6;63;1;96;0;75;5;35;0;0;0;0;0;0;0;0;0;0;0;0;0;0;0;0
04.12.2024;16:29;A 17;1;0;100;0;100;0;0;1;43;0;0;2;6;0;0;0;10;0;0;9;78;1;31;0;100;1;34;1;6;0;0;17;55;7;46;0;100;5;57;6;40;0;0;0;0;1;1;0;0;0;0;0;0;1;2;0;0
04.12.2024;16:28;A 17;1;0;100;4;84;1;2;0;1;0;0;1;97;0;95;1;80;0;0;19;48;1;6;0;100;2;25;1;49;0;0;0;94;0;97;0;100;0;0;1;1;0;0;0;0;0;0;0;0;0;0;0;0;0;0;0;0
04.12.2024;16:27;A 17;1;0;100;0;100;0;0;1;60;6;34;3;49;2;72;3;15;1;30;2;92;3;87;0;100;2;92;2;6;0;0;12;54;5;29;5;84;3;32;3;13;1;1;0;0;1;1;0;0;1;1;0;0;0;0;0;0
04.12.2024;16:26;A 17;1;0;100;0;100;0;0;0;0;2;16;3;18;2;92;3;13;0;100;8;74;1;1;0;100;1;3;1;4;0;0;12;55;4;59;2;76;4;57;0;41;0;0;0;0;0;0;0;0;0;0;0;0;0;0;0;0
04.12.2024;16:25;A 17;1;0;100;4;58;0;0;0;0;0;0;1;77;2;48;1;6;2;39;16;57;2;23;0;100;1;39;3;30;0;0;1;97;2;92;0;100;2;86;2;3;0;0;0;0;0;0;0;0;0;0;0;0;0;0;0;0
04.12.2024;16:24;A 17;1;0;100;4;79;0;0;0;0;0;0;4;40;2;22;4;45;2;5;9;79;1;55;0;100;1;58;1;5;0;0;13;74;3;9;0;100;4;8;1;19;0;0;0;0;0;0;0;0;0;0;0;0;0;0;0;0
04.12.2024;16:23;A 17;1;0;100;4;91;1;3;1;42;4;2;4;6;0;0;0;16;0;0;8;75;3;62;0;100;1;71;5;16;0;0;9;65;1;1;2;70;1;2;1;3;0;0;0;0;1;1;0;0;0;0;0;0;0;0;0;0
04.12.2024;16:22;A 17;1;0;100;5;84;2;5;0;0;1;31;2;95;0;99;1;26;0;0;11;69;1;39;0;100;1;46;2;20;0;0;4;58;5;11;2;72;2;17;3;21;0;0;0;0;0;0;0;0;0;0;0;0;0;0;0;0
04.12.2024;16:21;A 17;1;0;100;2;28;0;0;0;0;2;40;3;72;3;42;4;68;3;22;9;73;3;32;0;100;3;37;2;24;0;0;8;75;2;74;4;51;0;100;2;33;1;1;0;0;0;0;0;0;0;0;0;0;0;0;0;0
04.12.2024;16:20;A 17;1;0;100;2;78;0;0;0;0;2;1;4;42;0;14;3;20;0;0;5;87;2;58;0;100;2;63;2;6;0;0;13;56;4;83;1;63;0;100;3;57;0;0;0;0;0;0;0;0;0;0;0;0;0;0;0;0
04.12.2024;16:19;A 17;1;0;100;0;38;0;0;0;0;1;0;0;0;1;98;1;3;0;0;21;44;4;22;0;100;3;33;5;24;0;0;0;100;0;100;0;100;1;75;1;2;0;0;0;0;0;0;0;0;0;0;0;0;0;0;0;0
04.12.2024;16:18;A 17;1;0;100;1;98;0;0;0;0;1;0;2;46;2;2;2;5;2;6;7;70;1;40;1;98;1;41;0;0;0;0;15;66;7;56;0;100;4;63;6;18;0;0;0;0;0;0;0;0;0;0;0;0;0;0;0;0
04.12.2024;16:17;A 17;1;0;100;0;100;0;0;1;51;3;1;5;40;2;2;4;15;1;2;7;82;0;0;0;100;0;0;0;0;0;0;17;61;6;14;1;98;4;24;3;25;0;0;0;0;0;0;1;1;0;0;0;0;0;0;1;1
04.12.2024;16:16;A 17;1;0;100;3;76;0;0;0;0;0;0;2;95;0;97;1;81;0;0;14;58;1;0;1;97;0;0;0;0;0;0;3;89;1;41;0;100;1;50;1;3;0;0;0;0;0;0;0;0;0;0;0;0;0;0;0;0
04.12.2024;16:15;A 17;1;0;100;2;61;0;0;0;0;5;33;4;39;2;84;2;55;0;75;8;75;1;0;0;100;1;2;1;2;0;0;13;71;3;63;2;98;3;18;3;30;0;0;0;0;0;0;0;0;0;0;0;0;0;0;0;0
04.12.2024;16:14;A 17;1;0;100;7;33;0;0;0;0;0;0;0;0;1;77;0;0;1;82;14;55;2;3;1;98;2;40;3;14;0;0;4;84;1;42;1;93;1;4;0;0;0;0;0;0;0;0;0;0;0;0;0;0;0;0;0;0
04.12.2024;16:13;A 17;1;0;100;1;58;0;11;0;19;1;2;3;2;1;1;3;10;1;1;10;59;2;3;1;96;2;34;2;2;0;0;5;72;1;0;2;93;0;0;0;0;0;0;0;0;0;0;0;0;0;0;1;3;0;0;0;0
04.12.2024;16:12;A 17;1;0;100;3;87;2;16;1;10;1;0;1;53;0;0;0;55;0;0;6;79;1;1;0;100;1;3;1;5;0;0;12;62;3;33;2;88;3;8;2;22;0;0;0;0;2;3;1;1;0;0;0;0;0;0;0;0
04.12.2024;16:11;A 17;1;0;100;2;96;0;0;1;6;0;0;3;31;1;24;3;47;0;6;5;87;2;60;0;100;1;66;1;14;0;0;15;67;7;17;0;100;1;25;5;40;0;0;0;0;0;0;0;0;0;0;0;0;0;0;0;0
04.12.2024;16:10;A 17;1;0;100;1;58;0;0;1;4;0;0;0;0;1;94;0;0;0;100;14;61;2;21;0;100;1;25;2;38;0;0;2;83;4;91;2;89;2;96;3;12;0;0;0;0;0;0;0;0;0;0;0;0;0;0;0;0
04.12.2024;16:09;A 17;1;0;100;3;73;0;0;0;0;4;2;3;33;4;76;4;20;2;91;7;76;1;62;1;99;1;64;0;0;0;0;9;60;7;72;3;82;0;100;5;46;1;1;0;0;0;0;0;0;0;0;0;0;0;0;0;0
04.12.2024;16:08;A 17;1;0;100;0;100;0;0;1;38;0;0;4;36;1;99;2;16;0;100;7;78;1;3;0;100;0;0;0;0;0;0;14;59;5;51;1;97;4;58;5;31;0;0;0;0;0;0;0;0;0;0;0;0;0;0;0;0
04.12.2024;16:07;A 17;1;0;100;1;96;1;4;0;24;1;65;2;89;1;88;1;29;1;51;19;46;0;0;1;99;0;0;0;0;0;0;3;92;3;65;0;100;3;62;2;7;0;0;0;0;0;0;0;0;0;0;0;0;0;0;0;0
04.12.2024;16:06;A 17;1;0;100;1;98;0;0;1;40;5;6;5;59;2;93;2;63;1;68;9;74;0;0;0;100;0;0;0;0;0;0;7;77;5;50;0;100;4;58;3;41;0;0;0;0;0;0;0;0;0;0;0;0;0;0;0;0
04.12.2024;16:05;A 17;1;0;100;0;100;0;2;0;66;3;2;3;74;1;75;2;12;2;44;9;79;2;8;0;100;0;0;3;1;0;0;10;56;6;55;3;63;5;29;4;37;0;0;0;0;0;0;0;0;0;0;0;0;0;0;0;0
04.12.2024;16:04;A 17;1;0;100;2;63;1;2;1;9;0;0;1;77;0;88;2;6;0;0;8;39;1;4;3;72;1;7;2;8;0;0;3;88;4;81;1;92;0;100;2;8;0;0;0;0;0;0;0;0;0;0;0;0;0;0;0;0
04.12.2024;16:03;A 17;1;0;100;2;77;0;0;0;0;2;5;4;4;3;18;2;14;2;10;11;66;0;0;1;95;0;0;1;4;0;0;5;46;1;1;0;55;2;27;1;5;0;0;0;0;0;0;0;0;0;0;0;0;0;0;0;0
04.12.2024;16:02;A 17;1;0;100;0;89;0;0;1;47;2;1;1;0;0;0;1;3;0;0;10;81;2;87;0;100;1;95;1;32;0;0;15;58;7;12;2;63;2;23;7;24;0;0;0;0;0;0;0;0;0;0;0;0;0;0;0;0
04.12.2024;16:01;A 17;1;0;100;1;95;1;5;0;31;0;0;1;63;1;2;1;6;1;3;11;53;3;40;2;92;2;47;2;37;0;0;5;92;3;88;0;100;2;45;2;7;0;0;0;0;2;3;1;1;0;0;0;0;2;3;1;1
04.12.2024;16:00;A 17;1;0;100;1;99;0;0;1;32;4;2;7;56;1;50;0;70;1;11;5;66;2;73;3;84;2;75;1;3;0;0;13;69;1;52;0;100;3;4;3;38;0;0;0;0;0;0;0;0;0;0;0;0;0;0;0;0
04.12.2024;15:59;A 17;1;0;100;0;100;0;0;0;0;1;0;2;73;1;64;3;64;1;3;8;51;1;6;3;67;1;10;1;10;0;0;8;82;5;47;0;100;3;16;3;14;0;0;0;0;0;0;1;1;0;0;0;0;0;0;0;0
04.12.2024;15:58;A 17;1;0;100;3;93;0;0;0;0;0;0;1;35;0;93;1;6;0;0;16;38;2;12;1;85;2;17;2;18;0;0;3;91;2;68;0;100;2;27;2;4;0;0;0;0;0;0;0;0;0;0;0;0;0;0;0;0
04.12.2024;15:57;A 17;1;0;100;5;54;1;2;0;0;1;0;5;50;1;17;3;62;1;3;8;13;0;0;1;99;0;0;0;0;0;0;12;65;4;66;2;96;0;78;3;42;0;0;0;0;0;0;0;0;0;0;0;0;0;0;0;0
04.12.2024;15:56;A 17;1;0;100;3;82;1;2;0;0;1;1;1;95;0;0;0;100;0;0;16;56;1;34;2;94;0;39;2;36;0;0;2;77;2;74;2;84;3;42;1;2;0;0;0;0;0;0;0;0;0;0;0;0;0;0;0;0
04.12.2024;15:55;A 17;1;0;100;1;91;0;17;0;22;0;0;0;69;2;80;1;1;1;19;10;72;1;45;0;100;1;46;0;0;0;0;6;80;3;57;1;97;3;43;3;14;0;0;0;0;0;0;0;0;0;0;0;0;0;0;0;0
04.12.2024;15:54;A 17;1;0;100;3;86;2;76;1;32;1;0;5;40;1;52;4;41;1;3;2;96;0;0;0;100;0;0;0;19;0;0;8;24;5;42;6;31;5;22;5;24;0;0;0;0;0;0;0;0;0;0;0;0;0;0;1;1
04.12.2024;15:53;A 17;1;0;100;0;97;0;0;1;56;2;2;4;7;2;27;3;14;1;5;8;80;1;69;0;100;1;72;1;29;0;0;6;18;6;15;1;31;8;14;3;27;0;0;0;0;0;0;0;0;0;0;0;0;0;0;0;0
04.12.2024;15:52;A 17;1;0;100;2;99;0;0;0;0;1;0;3;57;1;23;2;32;2;10;14;58;0;0;0;100;0;0;0;0;0;0;4;53;0;0;3;26;0;0;0;0;1;1;0;0;0;0;0;0;0;0;0;0;0;0;0;0
04.12.2024;15:51;A 17;1;0;100;0;100;0;0;0;0;0;0;3;57;1;20;3;29;1;5;13;63;1;1;1;99;1;2;1;33;0;0;7;76;3;64;2;95;3;62;3;18;0;0;0;0;0;0;0;0;0;0;0;0;0;0;0;0
04.12.2024;15:50;A 17;1;0;100;0;100;1;3;1;50;1;0;2;4;1;15;1;5;0;13;3;93;1;43;0;100;1;66;1;4;0;0;14;62;4;23;3;90;3;11;2;28;0;0;0;0;0;0;0;0;0;0;0;0;0;0;0;0
04.12.2024;15:49;A 17;1;0;100;1;81;0;0;0;42;0;0;0;0;0;100;1;7;1;82;13;57;2;48;0;100;0;53;1;44;0;0;8;79;3;79;2;91;2;13;1;17;0;0;0;0;0;0;0;0;0;0;0;0;0;0;0;0
04.12.2024;15:48;A 17;1;0;100;0;100;0;0;1;35;3;29;5;38;2;71;3;52;2;5;15;67;1;29;0;100;1;32;0;40;0;0;8;81;4;90;0;100;0;100;1;35;0;0;0;0;0;0;0;0;0;0;0;0;0;0;0;0
04.12.2024;15:47;A 17;1;0;100;0;100;0;0;0;91;2;4;6;26;3;35;0;38;4;22;5;76;2;89;1;96;1;95;1;15;0;0;12;68;4;65;2;98;3;45;3;41;0;0;0;0;0;0;0;0;0;0;0;0;0;0;0;0
04.12.2024;15:46;A 17;1;0;100;2;97;1;2;1;17;0;0;0;100;0;100;0;100;0;100;20;31;3;28;1;83;2;51;2;52;0;0;0;100;0;100;0;100;0;100;1;0;2;3;0;0;1;1;0;0;2;3;0;0;1;1;0;0
04.12.2024;15:45;A 17;1;0;100;1;97;0;0;0;0;0;0;3;66;2;56;2;48;2;22;5;80;4;23;0;100;2;32;2;20;0;0;6;81;2;32;1;99;1;38;1;1;0;0;0;0;0;0;0;0;0;0;0;0;0;0;0;0
04.12.2024;15:44;A 17;1;0;100;5;71;0;0;0;0;0;0;1;54;0;0;2;58;0;0;15;65;4;52;1;95;1;60;3;46;0;0;4;60;2;2;2;54;2;4;2;15;0;0;0;0;0;0;0;0;0;0;0;0;0;0;0;0
04.12.2024;15:43;A 17;1;0;100;1;64;0;0;0;0;4;71;5;78;2;82;1;91;1;91;9;76;0;0;0;100;0;0;0;0;0;0;7;80;3;86;0;100;2;82;2;35;0;0;0;0;0;0;0;0;0;0;0;0;0;0;0;0
04.12.2024;15:42;A 17;1;0;100;1;43;0;0;0;0;1;0;0;0;2;92;1;75;0;100;15;62;1;0;1;98;1;1;0;31;0;0;7;76;5;61;2;98;5;65;4;24;0;0;0;0;0;0;0;0;0;0;0;0;0;0;0;0
04.12.2024;15:41;A 17;1;0;100;0;100;1;4;0;0;1;0;4;11;2;77;1;78;2;61;9;81;2;74;0;100;1;82;1;31;0;0;10;58;1;1;8;58;1;1;1;36;0;0;0;0;0;0;0;0;0;0;0;0;0;0;0;0
04.12.2024;15:40;A 17;1;0;100;2;55;0;0;0;0;0;0;2;37;1;44;2;33;0;100;10;73;2;8;0;100;2;12;2;7;0;0;10;28;2;41;1;49;2;17;1;5;0;0;0;0;0;0;0;0;0;0;0;0;0;0;0;0
04.12.2024;15:39;A 17;1;0;100;2;17;1;3;0;0;1;1;4;18;3;71;2;35;0;100;13;63;0;0;0;100;0;2;2;19;0;0;8;81;3;82;0;100;1;67;3;33;1;1;0;0;0;0;0;0;0;1;0;0;0;0;0;0
04.12.2024;15:38;A 17;1;0;100;0;97;0;0;1;34;1;0;0;0;2;94;0;0;2;81;10;77;3;61;0;100;2;71;2;15;0;0;12;70;3;47;1;99;2;16;3;7;0;0;0;0;1;1;0;0;1;0;0;0;1;1;0;0
04.12.2024;15:37;A 17;1;0;100;4;64;1;2;0;0;0;0;0;0;0;100;0;0;1;92;18;34;4;7;5;92;4;14;4;16;0;0;0;100;1;82;0;100;1;4;1;0;0;0;0;0;0;0;0;0;0;0;0;0;0;0;0;0
04.12.2024;15:36;A 17;1;0;100;3;16;3;4;0;0;1;0;1;45;1;5;1;2;1;3;6;56;0;4;0;100;0;0;0;0;0;0;14;63;3;53;4;97;1;46;2;13;0;0;0;0;0;0;0;0;0;0;0;0;0;0;0;0
04.12.2024;15:35;A 17;1;0;100;5;68;0;0;0;0;1;0;4;10;2;20;1;15;0;9;13;74;4;62;0;100;2;66;3;26;0;0;4;70;3;15;4;77;2;19;3;26;0;0;0;0;0;0;0;0;0;0;0;0;0;0;0;0
04.12.2024;15:34;A 17;1;0;100;3;40;2;3;0;8;0;0;2;94;1;69;1;19;2;64;20;48;3;24;0;100;3;29;2;17;0;0;2;32;2;72;2;20;2;17;1;3;0;0;0;0;0;0;0;0;0;0;0;0;0;0;0;0
04.12.2024;15:33;A 17;1;0;100;0;100;0;1;1;10;1;0;2;2;2;26;3;13;1;25;8;76;1;2;0;100;1;5;1;1;0;0;6;53;1;53;5;65;1;3;1;10;0;0;0;0;0;0;0;0;0;0;0;0;0;0;0;0
04.12.2024;15:32;A 17;1;0;100;0;100;1;1;1;64;2;1;4;4;2;1;3;13;0;0;8;79;0;0;0;100;0;0;0;0;0;0;7;32;5;39;6;52;3;38;3;43;0;0;0;0;6;10;0;0;0;0;0;0;0;0;0;0
04.12.2024;15:31;A 17;1;0;100;2;76;0;0;0;0;1;88;2;92;0;0;1;61;0;0;13;73;3;40;0;100;1;50;4;17;0;0;3;54;2;66;3;23;2;63;1;9;0;0;0;0;0;0;0;0;0;0;0;0;0;0;0;0
04.12.2024;15:30;A 17;1;0;100;1;9;0;0;0;0;1;0;1;1;2;26;2;3;2;9;7;80;1;69;1;99;1;70;0;0;0;0;7;54;9;77;1;67;1;87;5;48;0;0;0;0;1;1;0;0;0;0;0;0;1;1;0;0
04.12.2024;15:29;A 17;1;0;100;5;35;0;0;0;0;0;0;2;3;0;3;0;5;0;0;13;66;1;0;0;100;0;0;0;0;0;0;5;73;2;46;2;54;3;18;1;15;0;0;0;0;0;0;0;0;0;0;0;0;0;0;0;0
04.12.2024;15:28;A 17;1;0;100;0;62;0;0;1;12;0;0;2;46;1;97;2;27;0;98;14;55;1;0;0;100;0;0;2;2;0;0;1;54;0;0;2;59;0;0;0;0;0;0;0;0;1;1;0;0;0;0;0;0;1;1;0;0
04.12.2024;15:27;A 17;1;0;100;1;33;1;2;0;0;1;1;3;56;3;69;1;63;3;51;5;86;0;0;0;100;0;0;0;0;0;0;10;58;0;46;3;84;0;0;1;23;0;0;1;1;0;0;0;0;0;0;1;1;0;0;0;0
04.12.2024;15:26;A 17;1;0;100;1;68;0;0;1;10;1;0;6;76;1;0;2;74;0;0;7;83;1;71;0;100;0;74;2;10;0;0;13;72;8;44;0;100;1;52;4;49;0;0;0;0;0;0;0;0;0;0;0;0;0;0;0;0
04.12.2024;15:25;A 17;1;0;100;6;55;1;3;0;0;0;0;1;94;0;0;0;100;0;0;18;57;3;37;0;100;1;43;2;40;0;0;1;98;0;95;0;100;1;80;1;2;0;0;0;0;0;0;0;0;0;0;0;0;0;0;0;0
04.12.2024;15:24;A 17;1;0;100;1;96;0;0;1;12;1;21;3;52;0;20;3;41;0;0;4;89;4;88;0;100;1;97;1;16;0;0;11;59;1;7;5;87;1;3;0;0;0;0;0;0;0;0;0;0;0;0;0;0;0;0;0;0
04.12.2024;15:23;A 17;1;0;100;3;72;2;5;1;0;1;11;2;15;1;20;1;4;1;4;8;71;1;32;0;100;2;47;3;19;0;0;9;51;4;9;2;73;3;10;3;21;0;0;0;0;0;0;0;0;0;0;0;0;0;0;0;0
04.12.2024;15:22;A 17;1;0;100;1;50;0;0;1;21;0;0;0;0;1;0;1;8;0;0;16;61;2;35;0;100;2;21;1;14;0;0;2;60;3;91;2;67;3;13;2;3;0;0;0;0;0;0;0;0;0;0;0;0;0;0;0;0
04.12.2024;15:21;A 17;1;0;100;3;95;2;6;0;0;0;0;2;2;1;0;2;8;0;0;5;70;0;0;3;85;0;0;0;0;0;0;13;24;3;50;2;96;1;55;4;15;0;0;0;0;0;0;0;0;0;0;0;0;0;0;0;0
04.12.2024;15:20;A 17;1;0;100;3;53;0;0;0;0;0;0;0;0;1;0;0;0;0;0;14;69;1;26;1;99;1;32;1;8;0;0;8;43;3;39;7;54;3;41;2;9;0;0;0;0;0;0;0;0;0;0;0;0;0;0;0;0
04.12.2024;15:19;A 17;1;0;100;2;75;2;2;0;27;0;0;2;16;0;0;2;14;0;0;15;57;1;4;0;100;1;7;1;5;0;0;2;23;1;1;1;33;1;4;0;0;0;0;0;0;0;0;0;0;0;0;0;0;0;0;0;0
04.12.2024;15:18;A 17;1;0;100;1;99;1;2;1;34;2;4;4;7;4;5;3;15;2;5;5;70;0;0;4;83;0;0;0;0;0;0;13;68;3;4;2;94;3;6;3;12;0;0;0;0;0;0;0;0;0;0;0;0;0;0;0;0
04.12.2024;15:17;A 17;1;0;100;0;100;0;0;0;0;3;14;6;23;1;1;0;38;1;2;5;77;0;0;1;89;0;0;0;0;0;0;14;63;3;20;1;99;3;20;5;33;0;0;0;0;0;0;0;0;0;0;0;0;0;0;1;1
04.12.2024;15:16;A 17;1;0;100;7;56;0;0;0;0;1;93;1;94;1;0;1;94;0;0;20;26;2;5;2;78;2;9;2;10;0;0;0;100;2;20;0;100;1;25;0;0;0;0;0;0;0;0;0;0;0;0;0;0;1;1;0;0
04.12.2024;15:15;A 17;1;0;100;1;97;0;0;1;51;1;1;3;4;0;19;4;13;0;0;3;79;2;31;1;91;1;31;1;3;0;0;12;67;2;26;2;98;2;6;1;28;0;0;0;0;0;0;1;1;0;0;0;0;0;0;0;0
04.12.2024;15:14;A 17;1;0;100;4;88;0;0;1;26;1;0;0;0;1;15;0;0;1;5;12;21;1;45;1;95;0;52;2;32;0;0;6;60;2;50;2;73;1;8;1;14;0;0;0;0;0;0;0;0;0;0;0;0;0;0;0;0
04.12.2024;15:13;A 17;1;0;100;5;73;1;2;0;0;0;0;1;92;2;38;1;15;1;3;18;26;2;25;2;93;2;28;1;4;0;0;2;86;2;52;2;98;2;54;1;3;0;0;0;0;0;0;0;0;0;0;0;0;0;0;0;0
04.12.2024;15:12;A 17;1;0;100;2;76;1;3;1;6;2;2;5;72;0;0;2;69;0;0;11;69;1;15;0;100;1;18;1;2;0;0;4;47;1;44;3;25;0;0;1;5;0;0;0;0;0;0;0;0;0;0;0;0;0;0;0;0
04.12.2024;15:11;A 17;1;0;100;5;54;1;2;0;0;0;0;4;51;0;0;3;42;0;0;9;68;1;15;0;100;1;18;1;7;0;0;9;42;2;60;4;34;1;4;1;19;0;0;0;0;0;0;0;0;0;0;0;0;0;0;0;0
04.12.2024;15:10;A 17;1;0;100;4;30;0;0;0;0;0;0;1;97;1;1;0;100;1;3;17;38;0;0;5;84;0;0;0;4;0;0;1;97;1;83;0;100;2;9;1;2;0;0;0;0;0;0;0;0;0;0;0;0;0;0;0;0
04.12.2024;15:09;A 17;1;0;100;1;18;2;5;0;0;2;1;3;15;1;51;4;23;2;50;10;59;3;17;0;100;3;22;3;6;0;0;7;65;3;34;7;64;3;25;2;15;0;0;0;0;0;0;0;0;0;0;0;0;0;0;0;0
04.12.2024;15:08;A 17;1;0;100;1;93;0;0;1;22;1;0;1;1;1;11;1;2;1;15;8;82;0;0;0;100;0;0;0;0;0;0;15;41;2;6;1;54;1;11;1;20;0;0;0;0;0;0;0;0;0;0;0;0;0;0;0;0
04.12.2024;15:07;A 17;1;0;100;1;82;1;2;0;40;0;0;2;62;1;74;2;73;1;5;15;55;1;5;0;100;1;8;1;8;0;0;1;97;1;97;0;100;2;16;2;4;0;0;0;0;1;1;0;0;0;0;0;0;1;1;0;0
04.12.2024;15:06;A 17;1;0;100;1;94;0;0;1;46;1;0;1;0;3;1;1;2;1;1;12;59;1;1;2;99;1;2;1;4;0;0;8;81;1;2;0;100;1;5;0;0;0;0;0;0;0;0;0;0;0;0;0;0;0;0;0;0
04.12.2024;15:05;A 17;1;0;100;3;87;1;51;0;0;0;0;4;9;1;0;0;14;0;0;10;73;4;45;0;100;1;56;1;38;0;0;15;69;0;3;4;62;0;0;0;26;0;0;0;0;0;0;0;0;0;0;0;0;0;0;0;0
04.12.2024;15:04;A 17;1;0;100;5;51;1;3;0;0;0;0;1;97;1;0;1;75;0;0;18;44;2;2;0;100;2;4;2;6;0;0;1;96;2;81;5;70;2;31;1;0;0;0;0;0;0;0;0;0;0;0;0;0;0;0;0;0
04.12.2024;15:03;A 17;1;0;100;1;89;0;0;1;3;1;0;2;56;1;29;1;27;0;28;4;90;0;0;0;100;0;0;0;0;0;0;8;65;1;22;2;77;1;2;2;9;0;0;0;0;0;0;0;0;0;0;0;0;0;0;0;0
04.12.2024;15:02;A 17;1;0;100;1;91;0;0;0;39;1;0;1;63;0;100;2;65;0;100;8;57;1;1;0;100;1;2;2;15;0;0;1;73;1;11;2;57;1;5;0;0;0;0;0;0;1;1;0;0;0;0;0;0;0;0;0;0
04.12.2024;15:01;A 17;1;0;100;0;100;0;0;2;39;2;28;2;29;4;70;1;5;2;78;6;82;2;3;0;100;0;0;0;0;0;0;8;71;6;32;2;89;3;13;3;8;0;0;0;0;0;0;0;0;0;0;0;0;0;0;0;0
04.12.2024;15:00;A 17;1;0;100;0;100;0;0;1;36;0;0;2;60;1;1;3;51;1;2;9;67;2;16;0;100;2;21;2;14;0;0;8;67;2;4;2;33;2;7;2;9;0;0;0;0;0;0;0;0;0;0;0;0;0;0;0;0
04.12.2024;14:59;A 17;1;0;100;1;97;1;35;0;24;0;0;2;78;1;0;2;15;0;0;15;55;2;27;0;100;2;31;2;38;0;0;6;87;0;0;0;100;1;0;0;0;0;0;0;0;0;0;0;0;0;0;0;0;0;0;0;0
04.12.2024;14:58;A 17;1;0;100;1;99;2;33;1;18;0;0;5;72;0;0;2;62;0;0;11;68;1;44;1;98;1;46;1;4;0;0;8;83;1;7;0;100;1;14;1;17;0;0;0;0;0;0;0;0;0;0;0;0;0;0;0;0
04.12.2024;14:57;A 17;1;0;100;1;99;0;0;1;46;1;1;2;46;0;60;3;36;0;0;16;56;3;14;0;100;3;19;1;31;0;0;8;73;2;52;2;95;2;8;2;16;0;0;0;0;0;0;0;0;0;0;0;0;0;0;0;0
04.12.2024;14:56;A 17;1;0;100;0;100;0;0;1;35;3;2;2;1;2;12;1;4;2;6;9;73;3;32;0;100;1;38;2;25;0;0;4;56;2;18;2;52;2;8;2;9;0;0;0;0;0;0;0;0;0;0;0;0;0;0;0;0
04.12.2024;14:55;A 17;1;0;100;1;98;0;0;1;16;1;0;1;17;0;0;0;18;0;0;9;55;2;13;1;96;3;18;2;8;0;0;9;60;1;3;1;52;1;4;1;8;0;0;0;0;0;0;0;0;0;0;0;0;0;0;0;0
04.12.2024;14:54;A 17;1;0;100;4;82;0;0;0;0;0;0;3;66;1;0;3;66;0;0;10;66;2;29;1;92;2;35;2;17;0;0;9;74;3;3;1;95;1;2;3;3;0;0;0;0;0;0;0;0;0;0;0;0;0;0;0;0
04.12.2024;14:53;A 17;1;0;100;0;100;1;3;1;21;0;0;1;42;0;0;2;34;0;0;15;62;3;29;0;100;2;43;2;25;0;0;7;60;5;10;3;65;2;15;4;20;0;0;0;0;0;0;0;0;0;0;0;0;0;0;0;0
04.12.2024;14:52;A 17;1;0;100;0;100;0;0;0;35;1;0;2;80;0;0;2;8;0;0;13;64;1;48;0;100;0;49;2;76;0;0;4;23;3;37;3;36;3;36;4;8;0;0;0;0;0;0;0;0;0;0;0;0;0;0;0;0
04.12.2024;14:51;A 17;1;0;100;4;96;1;5;1;16;0;0;4;72;1;1;1;76;1;2;11;67;2;13;1;99;1;20;0;0;0;0;8;17;5;60;1;39;4;58;2;23;0;0;0;0;0;0;1;1;1;1;0;0;0;0;0;0
04.12.2024;14:50;A 17;1;0;100;0;100;0;0;1;35;0;0;4;68;6;6;2;77;2;5;13;68;1;0;0;100;0;0;0;37;0;0;6;75;1;18;2;64;0;0;1;13;0;0;0;0;0;0;0;0;0;0;0;0;0;0;0;0
04.12.2024;14:49;A 17;1;0;100;0;100;0;0;1;38;0;0;6;68;1;20;3;73;1;5;6;79;1;51;1;99;1;55;1;2;0;0;7;45;3;14;4;38;3;10;3;27;0;0;0;0;0;0;0;0;0;0;0;0;0;0;0;0
04.12.2024;14:48;A 17;1;0;100;2;72;0;0;0;0;2;2;4;60;0;0;1;38;0;0;6;82;2;80;0;100;0;86;2;12;0;0;13;47;2;29;2;60;2;20;2;20;0;0;0;0;0;0;0;0;0;0;0;0;0;0;0;0
04.12.2024;14:47;A 17;1;0;100;1;78;0;0;0;0;0;0;4;56;0;0;2;55;0;0;7;78;1;11;1;98;2;15;1;6;0;0;5;27;4;61;4;41;1;29;2;29;0;0;1;1;0;0;0;0;0;0;1;1;0;0;0;0
04.12.2024;14:46;A 17;1;0;100;1;97;1;1;1;14;2;2;3;72;0;0;2;81;0;0;10;44;1;10;3;86;0;40;1;20;0;0;4;83;2;46;3;96;2;61;1;4;1;1;0;0;1;1;0;0;1;1;1;1;1;1;0;0
04.12.2024;14:45;A 17;1;0;100;4;33;1;2;0;0;0;0;2;86;2;12;1;87;1;3;13;38;1;0;4;85;2;32;0;0;0;0;5;44;1;1;2;24;1;2;1;4;0;0;0;0;0;0;0;0;0;0;0;0;0;0;0;0
04.12.2024;14:44;A 17;1;0;100;1;64;0;0;0;0;2;58;3;63;1;68;2;77;0;66;10;52;0;0;2;77;0;0;0;0;0;0;5;49;1;1;4;55;1;2;1;13;0;0;0;0;0;0;0;0;0;0;0;0;0;0;0;0
04.12.2024;14:43;A 17;1;0;100;1;78;1;23;0;0;1;7;2;56;2;15;3;9;3;15;7;70;0;0;1;97;0;0;0;0;0;0;6;11;0;0;3;75;0;0;0;0;0;0;0;0;0;0;0;0;0;0;0;0;1;1;0;0
04.12.2024;14:42;A 17;1;0;100;2;86;0;0;0;0;2;1;6;54;0;13;2;36;0;0;9;78;2;63;1;95;2;68;2;12;0;0;7;36;1;1;1;93;1;1;1;1;0;0;0;0;0;0;0;0;0;0;0;0;0;0;0;0
04.12.2024;14:41;A 17;1;0;100;3;56;0;0;0;0;0;0;3;60;1;9;5;67;1;3;5;49;1;0;3;28;0;0;0;0;0;0;5;39;3;17;2;57;3;8;2;23;0;0;0;0;0;0;0;0;0;0;0;0;0;0;0;0
04.12.2024;14:40;A 17;1;0;100;4;31;0;0;0;0;0;0;2;65;2;9;2;77;0;10;13;57;1;1;1;85;1;2;1;2;0;0;3;48;2;67;3;10;2;4;1;2;0;0;0;0;0;0;0;0;0;0;0;0;0;0;0;0
04.12.2024;14:39;A 17;1;0;100;4;32;0;0;0;0;0;0;0;0;1;58;0;0;1;63;13;60;0;0;1;92;0;0;0;0;0;0;6;40;0;0;3;22;0;0;0;2;0;0;1;1;0;0;0;0;0;0;1;1;0;0;0;0
04.12.2024;14:38;A 17;1;0;100;4;21;0;0;0;0;0;0;0;0;0;0;0;0;0;0;8;49;3;2;4;73;2;4;2;5;0;0;6;65;2;56;2;72;4;10;2;4;0;0;0;0;0;0;0;0;0;0;0;0;0;0;0;0
04.12.2024;14:37;A 17;1;0;100;2;18;0;0;0;0;0;0;7;65;0;0;5;44;0;0;9;47;1;6;5;50;0;12;1;15;0;0;4;71;1;4;1;57;2;24;1;19;0;0;0;0;0;0;0;0;1;1;0;0;0;0;0;0
04.12.2024;14:36;A 17;1;0;100;3;61;0;0;0;0;0;49;0;51;1;0;1;0;0;0;11;56;2;44;3;91;1;50;1;3;0;0;8;38;3;3;5;50;3;5;3;6;0;0;0;0;0;0;0;0;0;0;0;0;0;0;0;0
04.12.2024;14:35;A 17;1;0;100;2;50;2;6;0;1;1;3;5;46;1;38;4;30;2;19;3;8;0;0;1;28;0;0;0;0;0;0;3;4;1;36;2;14;1;3;1;24;0;0;0;0;0;0;0;0;0;0;0;0;0;0;0;0
04.12.2024;14:34;A 17;1;0;100;2;70;0;0;1;5;1;0;4;66;1;40;3;32;1;5;9;72;2;29;1;82;1;37;2;14;0;0;2;22;3;12;0;23;3;9;2;26;0;0;0;0;0;0;0;0;0;0;2;3;0;0;0;0
04.12.2024;14:33;A 17;1;0;100;3;85;0;0;0;0;0;0;1;63;1;75;2;55;1;2;3;70;1;4;4;78;0;0;1;1;0;0;4;47;2;4;4;40;3;2;0;0;1;1;0;0;0;0;0;0;1;1;0;0;0;0;0;0
04.12.2024;14:32;A 17;1;0;100;1;52;0;0;0;0;0;0;0;0;1;28;0;0;2;5;11;41;1;1;2;72;1;4;2;7;0;0;4;4;1;50;3;15;1;3;1;3;0;0;0;0;0;0;0;0;0;0;0;0;0;0;0;0
04.12.2024;14:31;A 17;1;0;100;2;76;0;0;1;22;0;0;4;61;0;0;4;17;0;0;12;60;1;1;2;95;1;2;1;2;0;0;3;7;1;2;1;15;1;3;2;6;0;0;0;0;0;0;0;0;0;0;0;0;0;0;0;0
04.12.2024;14:30;A 17;1;0;100;1;99;1;2;0;12;0;0;1;5;1;73;1;5;2;3;11;61;2;9;2;64;1;18;2;54;0;0;4;65;2;38;2;52;3;25;2;10;0;0;0;0;0;0;0;0;0;0;0;0;0;0;0;0
04.12.2024;14:29;A 17;1;0;100;2;97;0;0;1;26;2;1;2;1;0;62;1;5;0;0;14;55;1;12;2;97;2;14;1;36;0;0;6;13;2;24;2;82;3;21;2;15;0;0;0;0;4;6;0;0;0;0;0;0;1;3;0;0
04.12.2024;14:28;A 17;1;0;100;1;39;0;0;0;0;0;0;3;26;2;29;1;34;3;5;4;81;3;41;1;72;2;48;1;16;0;0;10;37;2;23;4;64;0;24;1;25;0;0;0;0;0;0;0;0;0;0;0;0;0;0;0;0
04.12.2024;14:27;A 17;1;0;100;6;61;0;0;0;0;2;1;3;68;1;0;3;66;0;0;10;61;1;1;2;61;0;0;0;0;0;0;3;70;1;11;4;69;1;2;1;4;0;0;0;0;0;0;0;0;0;0;0;0;0;0;0;0
04.12.2024;14:26;A 17;1;0;100;2;59;0;0;1;4;1;0;3;27;0;0;3;34;0;0;5;59;1;20;2;75;1;24;1;8;0;0;6;39;2;11;3;28;2;7;1;16;0;0;0;0;0;0;0;0;1;2;0;0;0;0;0;0
04.12.2024;14:25;A 17;1;0;100;7;67;1;2;0;0;5;13;5;20;3;92;3;28;0;21;13;67;0;0;0;100;0;0;0;0;0;0;5;73;3;83;3;36;0;32;1;27;0;0;0;0;0;0;0;0;0;0;0;0;0;0;0;0
04.12.2024;14:24;A 17;1;0;100;1;67;0;0;0;0;1;54;2;59;1;86;2;58;2;56;14;52;3;11;1;97;1;37;1;37;0;0;3;68;2;77;2;48;3;22;1;1;0;0;0;0;0;0;1;1;0;0;0;0;0;0;0;0
04.12.2024;14:23;A 17;1;0;100;1;50;1;3;1;17;0;0;1;0;2;23;1;3;2;6;7;73;0;16;0;100;0;18;1;5;0;0;6;67;3;5;2;71;0;0;1;1;0;0;0;0;0;0;1;1;0;0;0;0;0;0;0;0
04.12.2024;14:22;A 17;1;0;100;1;64;0;0;0;0;0;0;2;54;0;0;0;57;0;0;10;47;3;7;2;61;2;10;1;3;0;0;7;61;3;57;2;39;3;32;1;23;0;0;2;3;1;1;0;0;0;0;1;1;0;0;0;0
04.12.2024;14:21;A 17;1;0;100;1;80;0;0;1;19;1;0;2;44;0;35;9;24;0;0;9;77;2;0;0;100;0;0;0;0;0;0;6;71;3;34;1;68;4;11;3;12;0;0;0;0;0;0;2;3;0;0;0;0;0;0;2;4
04.12.2024;14:20;A 17;1;0;100;3;24;0;0;0;0;1;1;2;34;2;18;5;15;1;3;10;69;0;0;0;100;0;0;0;0;0;0;5;26;3;25;2;28;1;29;4;12;0;0;0;0;0;0;0;0;0;0;0;0;0;0;0;0
04.12.2024;14:19;A 17;1;0;100;2;81;0;0;1;5;1;0;4;11;2;0;0;17;0;0;13;70;1;28;0;100;1;32;2;8;0;0;3;9;2;27;4;12;3;30;1;3;0;0;0;0;0;0;0;0;0;0;0;0;0;0;0;0
04.12.2024;14:18;A 17;1;0;100;1;42;0;0;0;0;4;3;2;51;0;0;2;62;0;0;13;70;0;0;0;100;1;1;1;2;0;0;5;69;4;10;3;17;3;13;3;24;0;0;0;0;1;1;0;0;0;0;0;0;1;1;0;1
04.12.2024;14:17;A 17;1;0;100;0;49;1;4;1;8;3;3;2;6;2;58;1;12;1;3;11;69;1;23;0;100;0;29;2;12;0;0;7;22;5;47;3;32;2;44;3;13;1;1;0;0;0;0;0;0;0;0;0;0;0;0;1;0
04.12.2024;14:16;A 17;1;0;100;4;83;0;0;0;0;1;1;1;55;0;0;2;7;0;0;14;60;2;29;0;100;2;34;1;7;0;0;6;79;3;4;3;34;2;3;2;6;0;0;0;0;0;0;0;0;0;0;0;0;0;0;0;0
04.12.2024;14:15;A 17;1;0;100;2;37;0;0;0;4;0;0;1;0;0;0;1;3;0;0;13;72;1;4;0;100;1;14;1;3;0;0;7;61;0;0;3;74;0;0;0;0;0;0;0;0;0;0;0;0;0;0;0;0;0;0;0;0
04.12.2024;14:14;A 17;1;0;100;0;100;0;0;1;42;1;0;2;40;0;0;1;31;0;0;6;82;1;1;0;100;1;3;1;12;0;0;4;7;3;43;3;25;1;49;2;27;0;0;0;0;0;0;0;0;0;0;0;0;0;0;0;0
04.12.2024;14:13;A 17;1;0;100;1;85;0;0;1;29;3;1;5;76;1;3;1;39;2;7;4;84;1;16;1;98;1;19;1;5;0;0;12;32;6;56;2;56;6;74;3;40;0;0;0;0;0;0;0;0;0;0;0;0;0;0;0;0
04.12.2024;14:12;A 17;1;0;100;3;23;0;1;0;0;0;0;1;65;0;0;2;67;0;0;14;69;7;26;0;100;2;36;4;12;0;0;5;78;3;6;1;89;4;19;1;0;0;0;0;0;0;0;0;0;0;0;0;0;0;0;0;0
04.12.2024;14:11;A 17;1;0;100;1;47;1;1;0;0;1;1;3;63;1;17;4;61;1;4;9;69;1;26;0;100;1;30;1;8;0;0;6;84;2;58;0;100;4;9;4;16;0;0;1;1;0;0;0;0;0;0;0;0;0;0;0;0
04.12.2024;14:10;A 17;1;0;100;2;73;0;0;0;0;0;0;2;87;1;93;3;64;1;6;16;59;1;1;2;84;1;3;1;2;0;0;2;26;1;0;1;41;1;4;0;0;1;1;0;0;0;0;0;0;0;0;0;0;0;0;1;1
04.12.2024;14:09;A 17;1;0;100;5;30;3;7;0;0;1;1;1;0;2;5;1;3;2;6;12;67;1;3;0;100;1;6;1;8;0;0;3;57;3;4;3;15;2;5;2;8;0;0;1;1;0;0;0;0;0;0;1;1;0;0;0;0
04.12.2024;14:08;A 17;1;0;100;2;27;0;0;0;0;1;0;2;2;0;0;1;6;0;0;9;78;0;1;0;100;0;2;1;8;0;0;11;64;1;1;1;53;1;2;1;5;0;0;0;0;0;0;0;0;0;0;0;0;0;0;0;0
04.12.2024;14:07;A 17;1;0;100;2;57;0;0;0;0;1;0;5;48;0;0;0;55;0;0;3;65;2;11;1;71;2;16;1;8;0;0;5;45;2;44;3;58;2;44;3;28;0;0;0;0;0;0;0;0;0;0;0;0;0;0;0;0
04.12.2024;14:06;A 17;1;0;100;4;46;0;0;0;0;0;14;3;54;0;0;2;63;0;0;9;68;1;14;2;75;1;18;2;7;0;0;9;63;1;43;3;93;2;37;0;0;0;0;0;0;0;0;0;0;0;0;0;0;0;0;0;0
04.12.2024;14:05;A 17;1;0;100;5;66;0;0;0;0;2;35;4;62;1;2;5;32;1;4;11;51;0;0;2;79;0;0;0;0;0;0;6;24;0;0;1;34;0;0;2;3;1;1;0;0;0;0;0;0;0;0;0;0;0;0;0;0
04.12.2024;14:04;A 17;1;0;100;1;50;0;0;0;0;0;0;0;0;0;0;0;0;0;0;15;49;2;36;0;84;1;43;3;32;0;0;3;87;0;0;2;96;0;0;0;0;0;0;1;1;0;0;0;0;0;0;0;0;0;0;0;0
04.12.2024;14:03;A 17;1;0;100;3;58;0;2;0;0;1;0;3;65;2;51;2;60;2;6;13;71;3;39;0;100;3;46;2;34;0;0;6;83;3;73;1;99;1;41;1;26;0;0;0;0;1;1;0;0;0;0;0;0;1;1;0;0
04.12.2024;14:02;A 17;1;0;100;3;88;1;3;0;0;3;1;5;64;0;45;5;53;0;0;11;65;1;57;0;100;1;60;1;9;0;0;4;61;1;13;4;32;2;8;1;8;0;0;1;1;0;0;0;0;0;0;0;0;0;0;0;0
04.12.2024;14:01;A 17;1;0;100;4;25;0;0;0;0;0;0;1;20;1;60;1;4;1;3;9;67;0;0;2;49;0;0;0;0;0;0;4;58;2;54;3;20;1;55;3;8;0;0;0;0;0;0;0;0;0;0;0;0;1;2;0;0
04.12.2024;14:00;A 17;1;0;100;2;91;2;4;0;0;0;0;1;34;3;52;1;11;2;47;7;70;0;0;2;78;0;0;0;0;0;0;5;45;2;10;3;49;3;7;1;2;0;0;0;0;0;0;0;0;0;0;0;0;0;0;0;0
04.12.2024;13:59;A 17;1;0;100;1;64;0;0;0;0;2;0;5;60;1;12;1;30;3;4;10;12;0;0;4;46;0;0;0;0;0;0;5;71;1;0;5;47;0;0;0;0;0;0;0;0;0;0;0;0;0;0;0;0;0;0;0;0
04.12.2024;13:58;A 17;1;0;100;6;43;0;0;0;0;1;0;1;60;1;21;2;55;10;14;10;39;0;0;1;75;0;0;0;0;0;0;5;78;0;0;3;26;0;0;0;0;0;0;0;0;0;0;0;0;0;0;0;0;0;0;0;0
04.12.2024;13:57;A 17;1;0;100;1;56;0;0;0;0;0;0;2;46;1;80;2;12;1;3;12;47;2;14;0;74;2;19;2;8;0;0;2;4;0;1;2;26;0;0;2;9;0;0;0;0;0;0;0;0;0;0;0;0;0;0;0;0
04.12.2024;13:56;A 17;1;0;100;2;68;2;4;1;18;0;0;3;65;0;0;2;81;0;0;8;75;0;0;0;100;0;0;0;0;0;0;7;23;3;2;2;38;2;5;1;5;0;0;0;0;0;0;0;0;0;0;0;0;0;0;0;0
04.12.2024;13:55;A 17;1;0;100;6;54;2;5;0;0;0;0;2;72;1;63;1;23;1;4;9;46;0;0;4;83;0;0;0;0;0;0;6;88;2;77;0;100;3;14;2;19;0;0;0;0;0;0;0;0;0;0;0;0;0;0;0;0
04.12.2024;13:54;A 17;1;0;100;3;33;0;0;0;0;1;0;2;5;0;0;3;11;0;0;8;66;1;0;2;91;0;0;0;0;0;0;6;65;4;59;2;85;2;3;3;6;0;0;0;0;0;0;0;0;0;0;0;0;0;0;0;0
04.12.2024;13:53;A 17;1;0;100;1;69;1;4;0;0;0;0;1;2;0;0;0;9;0;0;12;69;2;55;0;100;2;59;3;11;0;0;5;61;1;52;5;42;3;6;0;0;0;0;0;0;0;0;0;0;0;0;0;0;0;0;0;0
04.12.2024;13:52;A 17;1;0;100;3;36;0;0;0;0;1;0;2;17;2;2;3;38;1;3;11;70;2;6;1;99;2;12;1;5;0;0;6;40;0;0;3;25;0;0;0;0;0;0;0;0;0;0;0;0;0;0;0;0;0;0;0;0
04.12.2024;13:51;A 17;1;0;100;1;99;0;0;1;40;2;1;3;3;1;5;4;14;0;3;11;73;0;0;0;100;0;0;0;0;0;0;8;49;1;2;6;31;1;2;2;10;0;0;0;0;0;0;0;0;0;0;0;0;0;0;0;0
04.12.2024;13:50;A 17;1;0;100;0;100;1;3;1;51;1;0;1;11;1;81;1;7;2;73;6;80;1;0;0;100;0;0;0;0;0;0;7;50;3;57;3;29;3;8;2;7;0;0;0;0;0;0;0;0;0;0;0;0;0;0;0;0
04.12.2024;13:49;A 17;1;0;100;1;99;0;0;0;13;2;5;3;91;0;0;0;99;2;2;12;46;0;0;2;87;0;0;0;0;0;0;4;89;1;9;0;100;2;7;1;14;1;1;0;0;0;0;0;0;0;0;0;0;0;0;0;0
04.12.2024;13:48;A 17;1;0;100;0;100;0;0;1;59;0;0;6;82;2;4;0;100;0;0;5;85;1;32;0;100;0;36;2;25;0;0;5;40;5;8;3;63;4;5;2;8;0;0;0;0;0;0;0;0;0;0;0;0;0;0;0;0
04.12.2024;13:47;A 17;1;0;100;2;87;0;0;1;33;1;0;3;24;1;27;4;21;1;5;6;82;2;3;0;100;2;6;1;3;0;0;1;1;2;3;1;6;1;4;1;5;0;0;0;0;0;0;0;0;0;0;0;0;0;0;0;0
04.12.2024;13:46;A 17;1;0;100;1;14;0;0;0;0;1;1;4;28;1;1;4;16;1;1;8;18;2;32;3;48;2;39;2;22;0;0;5;43;0;0;2;54;0;0;2;0;0;0;0;0;0;0;0;0;0;0;0;0;0;0;0;0
04.12.2024;13:45;A 17;1;0;100;3;72;0;0;0;0;0;0;0;0;0;0;1;1;1;0;9;73;2;48;1;93;3;53;2;7;0;0;8;50;1;4;3;69;1;3;1;4;0;0;0;0;1;1;0;0;0;0;0;0;0;0;0;0
04.12.2024;13:44;A 17;1;0;100;6;69;2;4;0;0;0;0;0;0;0;0;0;0;0;0;17;65;2;38;0;100;1;45;2;15;0;0;6;77;1;1;3;92;1;1;1;8;1;1;0;0;0;0;0;0;0;0;0;0;0;0;0;0
04.12.2024;13:43;A 17;1;0;100;5;85;1;3;0;0;1;0;1;89;0;0;1;4;0;0;7;55;1;5;2;73;0;0;2;2;0;0;7;77;2;58;2;84;2;49;1;8;0;0;0;0;0;0;0;0;0;0;0;0;0;0;0;0
04.12.2024;13:42;A 17;1;0;100;4;78;0;0;0;0;0;0;2;34;1;26;2;13;1;3;4;14;1;1;2;29;1;2;1;4;0;0;7;82;2;34;0;100;2;33;1;12;2;3;0;0;0;0;1;1;2;3;0;0;0;0;2;4
04.12.2024;13:41;A 17;1;0;100;4;35;0;0;0;0;0;0;2;53;0;64;1;61;1;0;12;49;3;10;2;69;0;21;2;30;0;0;4;69;2;41;2;78;2;17;2;14;0;0;0;0;0;0;0;0;0;0;1;1;0;0;0;0
04.12.2024;13:40;A 17;1;0;100;3;13;2;4;0;0;4;2;5;60;2;71;2;70;2;7;8;71;2;43;3;95;2;46;1;2;0;0;7;60;1;2;6;49;4;4;2;12;0;0;0;0;0;0;0;0;0;0;0;0;0;0;0;0
04.12.2024;13:39;A 17;1;0;100;2;31;0;0;0;0;1;0;2;6;3;13;3;15;2;7;8;75;0;0;0;100;0;0;0;0;0;0;4;34;2;38;5;8;0;41;2;12;0;0;0;0;1;1;0;0;0;0;0;0;1;1;0;0
04.12.2024;13:38;A 17;1;0;100;1;99;0;0;0;0;1;0;0;0;5;21;0;0;1;18;7;84;0;0;0;100;0;0;0;0;0;0;9;42;4;43;1;61;2;42;3;10;0;0;0;0;0;0;0;0;0;0;0;0;0;0;0;0
04.12.2024;13:37;A 17;1;0;100;0;100;0;0;0;0;1;0;5;8;3;25;0;17;3;25;11;70;2;4;0;100;2;9;2;9;0;0;8;56;3;54;1;75;3;22;1;2;0;0;0;0;1;1;0;0;0;0;0;0;0;0;0;0
04.12.2024;13:36;A 17;1;0;100;3;85;2;4;0;0;0;0;3;68;0;0;4;68;0;0;9;73;1;1;0;100;1;3;1;3;0;0;2;48;0;0;3;56;0;0;0;21;0;0;0;0;0;0;0;0;0;0;0;0;0;0;0;0
04.12.2024;13:35;A 17;1;0;100;3;67;0;0;1;6;0;0;3;65;1;41;3;12;1;3;10;41;0;29;2;75;0;31;1;7;0;0;2;2;4;39;1;4;1;53;1;9;0;0;0;0;1;1;1;1;0;0;0;0;0;0;0;0
04.12.2024;13:34;A 17;1;0;100;2;54;1;2;0;0;2;0;3;55;1;1;3;12;0;0;8;57;2;37;1;80;2;41;1;3;0;0;10;64;1;1;0;100;1;1;1;3;0;0;0;0;1;1;0;0;0;0;0;0;2;4;0;0
04.12.2024;13:33;A 17;1;0;100;2;89;0;0;1;5;2;64;4;76;2;26;0;87;2;7;13;34;2;10;3;81;1;18;1;20;0;0;5;77;0;63;0;100;0;0;2;29;0;0;0;0;1;1;0;0;0;0;0;0;0;0;0;0
04.12.2024;13:32;A 17;1;0;100;2;98;2;76;0;0;1;14;1;14;0;44;2;19;0;0;11;69;4;34;1;76;1;42;4;42;0;0;8;57;1;17;3;84;1;2;0;0;1;1;0;0;0;0;0;0;1;1;0;0;0;0;0;0
04.12.2024;13:31;A 17;1;0;100;2;59;0;0;0;0;4;0;3;19;1;35;3;14;1;4;6;84;3;67;1;94;1;75;1;16;0;0;2;11;1;15;1;15;0;14;1;33;0;0;1;1;0;0;0;0;0;0;1;2;0;0;0;0
04.12.2024;13:30;A 17;1;0;100;1;35;1;4;0;0;0;0;5;13;0;0;3;16;0;0;6;50;0;0;3;75;0;0;0;0;0;0;6;11;1;7;2;29;1;12;0;0;0;0;1;1;0;0;0;0;0;0;1;1;0;0;0;0
04.12.2024;13:29;A 17;1;0;100;2;70;0;0;1;10;0;0;1;23;2;0;2;14;0;0;10;44;1;30;1;68;0;35;1;46;0;0;2;62;0;0;1;70;0;0;0;0;0;0;0;0;0;0;0;0;0;0;0;0;0;0;0;0
04.12.2024;13:28;A 17;1;0;100;1;93;0;0;0;0;0;0;1;1;2;3;1;5;1;2;8;46;1;24;3;76;1;27;0;0;0;0;8;56;2;44;2;73;2;5;3;13;0;0;1;1;0;0;3;5;0;0;0;0;0;0;2;10
04.12.2024;13:27;A 17;1;0;100;0;100;2;4;0;44;1;1;1;9;1;1;1;7;1;3;6;8;1;33;3;35;8;53;2;52;0;0;4;72;2;95;1;85;2;94;1;9;0;0;0;0;1;1;0;0;0;0;0;0;1;1;0;0
04.12.2024;13:26;A 17;1;0;100;3;92;0;0;1;23;0;0;3;54;1;1;1;60;1;2;8;8;1;59;3;33;1;62;0;0;0;0;6;59;2;91;3;69;1;82;2;25;1;1;0;0;0;0;0;0;0;0;0;0;0;0;0;0
04.12.2024;13:25;A 17;1;0;100;3;47;1;0;0;0;3;1;5;61;3;32;5;59;3;19;9;58;2;64;3;89;1;70;1;14;0;0;2;68;2;24;3;10;2;28;3;4;2;3;0;0;0;0;0;0;0;0;0;0;0;0;0;0
04.12.2024;13:24;A 17;1;0;100;0;100;0;0;0;0;3;11;5;59;1;5;3;37;2;6;6;6;0;0;1;31;0;0;0;0;0;0;10;74;2;3;1;56;3;5;2;11;2;3;0;0;0;0;0;0;1;1;0;0;1;1;0;0
04.12.2024;13:23;A 17;1;0;100;0;100;0;0;1;45;2;39;5;61;0;0;3;76;0;0;8;54;3;5;0;80;3;11;4;13;0;0;5;83;2;10;1;99;1;22;4;26;0;0;0;0;0;0;0;0;0;0;0;0;0;0;0;0
04.12.2024;13:22;A 17;1;0;100;1;98;0;0;0;0;2;1;1;31;0;0;2;26;0;0;11;76;2;90;0;100;0;97;1;95;0;0;6;57;4;4;3;28;2;21;0;0;1;1;0;0;0;0;0;0;1;1;0;0;0;0;0;0
04.12.2024;13:21;A 17;1;0;100;0;100;0;0;0;0;1;0;4;44;2;57;3;42;2;4;8;64;4;60;5;88;2;77;1;77;0;0;4;20;1;24;4;28;1;3;1;22;1;1;0;0;0;0;0;0;0;0;0;0;0;0;0;0
04.12.2024;13:20;A 17;1;0;100;5;47;0;0;0;0;4;2;7;61;3;30;3;43;2;38;8;24;1;1;5;54;3;5;1;5;0;0;8;31;3;74;2;43;3;18;2;29;1;1;0;0;0;0;0;0;1;1;0;0;0;0;0;0
04.12.2024;13:19;A 17;1;0;100;4;40;0;0;0;0;1;0;2;53;2;33;0;57;0;49;10;65;2;45;3;98;1;54;1;25;0;0;1;0;1;0;1;2;1;0;0;0;3;5;0;0;0;0;0;0;0;0;0;0;0;0;0;0
04.12.2024;13:18;A 17;1;0;100;2;43;0;0;0;0;0;0;2;49;1;3;1;20;2;16;3;17;2;55;1;37;3;61;2;3;0;0;7;48;4;44;2;53;3;9;5;27;1;1;1;1;0;0;0;0;0;0;0;0;0;0;0;0
04.12.2024;13:17;A 17;1;0;100;4;82;0;0;0;0;3;18;2;27;0;23;2;35;0;24;8;78;0;0;0;100;0;0;0;0;0;0;6;41;3;57;2;40;1;47;3;29;0;0;0;0;0;0;0;0;0;0;0;0;0;0;0;0
04.12.2024;13:16;A 17;1;0;100;0;73;0;50;1;21;4;48;4;53;2;44;2;66;1;53;15;64;1;51;0;100;0;57;1;76;0;0;6;49;2;12;2;35;1;18;1;20;0;0;0;0;0;0;0;0;0;0;0;0;0;0;0;0
04.12.2024;13:15;A 17;1;0;100;0;100;1;3;1;21;3;78;3;82;1;96;4;75;0;100;13;53;4;49;1;90;3;62;3;33;0;0;1;61;4;16;2;65;2;10;2;2;0;0;0;0;1;1;0;0;0;0;0;0;1;2;0;0
04.12.2024;13:14;A 17;1;0;100;3;85;2;3;1;2;1;1;2;13;4;65;3;11;3;36;9;50;3;12;2;70;2;15;2;12;0;0;3;21;0;0;2;27;0;0;0;0;0;0;0;0;0;0;0;0;1;1;0;0;0;0;0;0
04.12.2024;13:13;A 17;1;0;100;3;48;0;0;1;11;1;0;3;56;1;3;2;35;1;4;3;53;0;0;2;56;0;0;0;0;0;0;5;88;1;29;0;100;2;6;1;8;0;0;0;0;0;0;0;0;0;0;0;0;0;0;0;0
04.12.2024;13:12;A 17;1;0;100;1;98;0;0;0;0;0;0;3;57;2;2;0;59;2;4;9;12;0;0;1;43;0;0;0;11;0;0;10;78;2;20;0;100;2;6;6;22;0;0;0;0;0;0;0;0;1;1;0;0;0;0;0;0
04.12.2024;13:11;A 17;1;0;100;0;100;1;5;1;18;0;0;1;36;1;1;2;27;1;2;3;86;0;6;1;99;0;11;0;100;0;0;10;55;2;5;6;77;5;3;1;1;1;1;0;0;0;0;0;0;0;0;1;1;0;0;0;0
04.12.2024;13:10;A 17;1;0;100;1;72;0;0;0;0;0;0;3;30;1;21;1;38;0;0;8;66;3;77;1;89;2;85;2;27;0;0;10;62;4;22;3;62;2;4;4;14;0;0;0;0;0;0;0;0;0;0;0;0;0;0;0;0
04.12.2024;13:09;A 17;1;0;100;0;85;1;62;0;0;0;0;3;43;2;54;3;37;3;22;11;61;0;0;1;98;0;0;0;0;0;0;7;86;2;60;0;100;2;8;3;8;0;0;0;0;0;0;0;0;0;0;0;0;0;0;0;0
04.12.2024;13:08;A 17;1;0;100;0;100;1;57;1;27;1;0;2;7;0;0;2;17;1;7;11;59;2;33;1;87;2;39;1;53;0;0;5;87;1;40;0;100;4;8;1;3;0;0;0;0;0;0;0;0;0;0;0;0;0;0;0;0
04.12.2024;13:07;A 17;1;0;100;2;99;1;25;0;29;1;0;1;0;1;10;1;3;1;8;15;59;2;26;0;100;0;34;2;47;0;0;3;91;1;1;0;100;1;2;1;3;0;0;0;0;0;0;0;0;1;1;0;0;1;1;0;0
04.12.2024;13:06;A 17;1;0;100;1;98;0;0;1;21;0;0;3;28;1;0;3;15;0;0;10;57;1;36;1;87;1;39;1;4;0;0;5;82;2;49;0;100;2;39;2;21;0;0;0;0;1;1;0;0;0;0;1;1;1;1;0;0
04.12.2024;13:05;A 17;1;0;100;0;100;1;2;1;33;1;0;3;54;1;1;2;36;1;2;7;76;1;26;0;100;1;26;0;0;0;0;7;81;1;1;1;98;1;2;1;2;0;0;0;0;0;0;0;0;0;0;0;0;0;0;0;0
04.12.2024;13:04;A 17;1;0;100;1;55;0;0;0;0;3;3;6;51;1;39;2;67;2;6;7;42;2;58;1;64;1;63;1;13;0;0;4;38;4;47;1;81;1;41;2;40;0;0;0;0;0;0;0;0;0;0;0;0;0;0;0;0
04.12.2024;13:03;A 17;1;0;100;6;33;1;1;0;0;0;0;1;3;1;55;1;11;1;2;12;60;1;4;0;84;0;0;1;1;0;0;4;16;1;66;5;42;2;63;0;0;0;0;0;0;0;0;0;0;0;0;0;0;0;0;0;0
04.12.2024;13:02;A 17;1;0;100;2;25;0;0;0;0;0;0;1;2;1;1;1;7;1;2;4;53;0;0;4;62;0;0;0;0;0;0;5;64;4;7;5;53;2;10;3;15;1;1;0;0;0;0;0;0;1;1;0;0;0;0;0;0
04.12.2024;13:01;A 17;1;0;100;3;53;0;0;0;0;0;0;2;39;1;60;2;44;1;3;11;45;0;0;1;73;0;0;0;0;0;0;3;42;1;64;2;52;2;17;1;8;0;0;1;1;1;1;0;0;0;0;1;1;1;1;1;1
04.12.2024;13:00;A 17;1;0;100;2;22;1;2;0;0;0;0;3;54;0;0;1;63;0;0;12;62;0;0;1;97;0;0;0;0;0;0;2;25;2;44;2;31;1;48;1;12;0;0;0;0;1;1;0;0;1;2;0;0;1;1;0;0
04.12.2024;12:59;A 17;1;0;100;3;19;2;5;0;0;2;0;4;76;2;66;4;73;3;59;9;38;2;10;3;74;0;16;1;22;0;0;6;24;1;2;2;42;1;3;1;10;0;0;0;0;0;0;0;0;0;0;0;0;0;0;0;0
04.12.2024;12:58;A 17;1;0;100;2;36;0;0;0;0;0;0;5;35;0;0;5;35;0;0;8;12;2;11;2;75;2;16;1;22;0;0;8;65;0;0;3;67;0;0;0;0;0;0;0;0;0;0;0;0;0;0;0;0;0;0;0;0
04.12.2024;12:57;A 17;1;0;100;1;83;1;2;1;7;2;0;2;2;1;0;2;6;0;0;9;72;1;3;0;100;1;8;1;8;0;0;5;49;3;4;3;52;1;38;3;14;0;0;0;0;0;0;0;0;0;0;0;0;0;0;0;0
04.12.2024;12:56;A 17;1;0;100;0;84;0;0;0;0;0;0;1;22;1;1;0;21;1;1;7;75;1;41;1;87;1;47;1;16;0;0;7;63;5;8;5;79;7;45;6;15;0;0;0;0;0;0;0;0;0;0;0;0;0;0;0;0
04.12.2024;12:55;A 17;1;0;100;1;93;0;0;1;20;0;0;1;56;1;1;3;26;0;0;10;69;3;89;1;94;1;96;2;18;0;0;6;59;7;8;3;34;2;4;4;10;0;0;0;0;1;1;0;0;0;0;2;3;0;0;0;0
04.12.2024;12:54;A 17;1;0;100;1;76;1;2;0;0;0;0;1;1;1;1;1;3;2;2;8;66;1;3;2;80;1;5;0;0;0;0;7;79;3;65;0;100;2;12;4;18;1;1;0;0;0;0;0;0;1;1;0;0;0;0;0;0
04.12.2024;12:53;A 17;1;0;100;0;72;1;2;1;20;0;0;2;53;0;0;3;19;0;0;13;58;1;31;2;90;0;35;2;32;0;0;2;34;2;75;6;41;2;38;1;4;0;0;0;0;0;0;0;0;0;0;0;0;0;0;0;0
04.12.2024;12:52;A 17;1;0;100;2;37;0;0;0;0;0;0;1;73;1;73;1;12;0;70;10;47;2;21;2;86;2;25;1;5;0;0;3;17;4;68;2;30;2;74;3;23;0;0;0;0;0;0;0;0;0;0;0;0;0;0;0;0
04.12.2024;12:51;A 17;1;0;100;6;30;1;4;0;0;0;0;4;75;1;9;4;67;2;11;10;27;2;38;3;62;1;41;1;6;0;0;4;55;1;7;0;64;1;4;1;9;0;0;0;0;0;0;0;0;0;0;0;0;0;0;0;0
04.12.2024;12:50;A 17;1;0;100;4;46;0;0;0;0;1;0;4;61;0;33;4;39;0;0;7;44;0;0;3;69;0;0;0;0;0;0;2;36;0;36;3;22;0;0;1;18;0;0;1;1;0;0;0;0;0;0;1;1;0;0;0;0
04.12.2024;12:49;A 17;1;0;100;0;100;0;0;1;43;1;0;2;38;1;36;1;24;1;5;9;60;2;2;2;85;2;5;2;7;0;0;7;35;4;12;1;47;4;13;3;11;1;1;0;0;0;0;0;0;1;3;0;0;0;0;0;0
04.12.2024;12:48;A 17;1;0;100;7;40;1;1;0;0;0;0;5;67;1;4;2;82;1;3;13;54;0;0;2;90;0;0;0;0;0;0;4;47;0;0;4;22;0;0;0;0;0;0;0;0;0;0;0;0;0;0;0;0;0;0;0;0
04.12.2024;12:47;A 17;1;0;100;1;59;0;0;1;17;0;0;1;82;2;3;1;89;1;5;14;62;1;0;0;100;1;0;1;1;0;0;2;7;0;0;3;11;0;0;1;3;0;0;0;0;0;0;0;0;0;0;0;0;0;0;0;0
04.12.2024;12:46;A 17;1;0;100;1;77;0;0;0;0;0;0;2;73;0;8;2;47;0;0;8;79;1;38;0;100;0;42;2;10;0;0;8;48;2;28;5;53;3;22;1;12;0;0;0;0;0;0;0;0;0;0;0;0;0;0;0;0
04.12.2024;12:45;A 17;1;0;100;1;25;1;2;0;0;0;0;2;1;2;1;2;6;1;2;9;75;1;28;0;100;1;30;0;0;0;0;4;60;2;16;5;41;2;4;3;15;0;0;0;0;0;0;0;0;0;0;0;0;0;0;0;0
04.12.2024;12:44;A 17;1;0;100;2;58;0;0;0;0;0;0;1;59;4;3;1;9;1;0;8;54;2;4;4;82;4;14;2;24;0;0;9;76;3;5;1;99;3;5;4;14;0;0;0;0;0;0;1;1;0;0;0;0;0;0;0;0
04.12.2024;12:43;A 17;1;0;100;4;22;0;0;0;0;1;2;2;8;0;0;2;12;0;0;7;68;1;6;1;96;1;11;1;8;0;0;9;63;2;4;1;89;2;7;2;10;0;0;0;0;0;0;0;0;0;0;0;0;0;0;0;0
04.12.2024;12:42;A 17;1;0;100;1;61;0;0;0;0;1;0;2;21;1;1;2;27;1;2;7;48;1;0;1;68;0;0;0;0;0;0;6;43;0;0;5;57;0;0;1;0;0;0;0;0;0;0;0;0;0;0;0;0;1;1;0;0
04.12.2024;12:41;A 17;1;0;100;1;3;0;0;0;0;0;0;1;38;1;1;3;41;0;1;12;60;3;3;1;88;3;6;3;6;0;0;4;39;1;3;2;54;1;3;3;13;0;0;1;1;0;0;0;0;0;0;1;1;0;0;0;0
04.12.2024;12:40;A 17;1;0;100;2;48;0;0;0;0;0;0;1;7;1;1;2;6;1;2;16;59;1;6;1;97;1;14;1;16;0;0;2;51;1;64;1;62;1;5;0;0;0;0;0;0;1;1;0;0;0;0;0;0;1;1;0;0
04.12.2024;12:39;A 17;1;0;100;2;61;1;2;1;15;0;0;4;57;2;3;4;19;1;5;7;53;0;0;2;72;0;0;0;0;0;0;4;35;0;0;2;23;0;0;0;0;0;0;2;3;0;0;1;1;0;0;1;2;0;0;0;0
04.12.2024;12:38;A 17;1;0;100;3;58;0;0;0;0;1;27;3;48;0;0;2;34;1;3;12;23;0;0;3;55;0;0;0;0;0;0;5;26;4;87;1;42;2;37;3;25;0;0;0;0;0;0;0;0;0;0;0;0;0;0;0;0
04.12.2024;12:37;A 17;1;0;100;1;98;1;3;1;8;1;1;3;56;0;0;1;54;0;0;6;49;0;0;3;79;0;0;0;0;0;0;4;56;1;9;1;46;1;3;0;0;0;0;0;0;1;1;0;0;0;0;0;0;0;0;0;0
04.12.2024;12:36;A 17;1;0;100;1;58;1;3;0;0;3;1;4;19;2;44;4;19;0;50;7;7;2;12;1;30;2;18;3;14;0;0;4;67;1;34;4;20;1;1;3;7;0;0;0;0;0;0;0;0;0;0;0;0;0;0;0;0
04.12.2024;12:35;A 17;1;0;100;4;53;0;0;0;0;2;1;2;2;2;41;2;8;1;44;9;59;1;37;0;100;1;41;1;5;0;0;9;45;2;21;4;48;2;5;1;8;0;0;0;0;0;0;0;0;1;1;0;0;0;0;0;0
04.12.2024;12:34;A 17;1;0;100;4;68;0;0;0;0;1;1;2;5;1;50;0;8;2;44;14;10;13;16;0;100;9;33;10;21;0;0;3;51;2;7;2;19;1;8;2;9;0;0;0;0;0;0;0;0;0;0;0;0;0;0;0;0
04.12.2024;12:33;A 17;1;0;100;1;80;0;0;0;0;0;0;1;93;0;0;2;57;0;0;7;61;1;1;0;100;1;2;1;1;0;0;1;5;2;18;3;7;2;10;3;2;0;0;3;5;1;1;0;0;0;0;3;14;0;0;0;0
04.12.2024;12:32;A 17;1;0;100;3;46;1;4;0;0;1;0;2;1;2;1;3;6;1;1;9;76;0;0;0;100;0;0;0;0;0;0;1;41;0;0;2;5;0;0;0;0;1;1;2;3;0;0;0;0;2;4;1;6;0;0;0;0
04.12.2024;12:31;A 17;1;0;100;1;30;0;0;0;0;2;0;1;0;0;0;1;3;0;0;11;63;0;0;3;61;0;0;0;7;0;0;3;57;4;59;2;22;1;24;1;24;1;1;0;0;0;0;0;0;0;0;0;0;1;1;0;0
04.12.2024;12:30;A 17;1;0;100;8;52;2;8;0;0;0;0;0;0;3;5;0;0;3;8;2;71;2;42;2;78;1;48;1;6;0;0;7;46;1;20;5;63;2;4;1;7;0;0;0;0;0;0;0;0;0;0;0;0;0;0;0;0
04.12.2024;12:29;A 17;1;0;100;1;56;0;0;0;0;1;0;2;35;0;0;1;38;0;0;7;65;0;0;0;92;0;0;0;0;0;0;6;43;0;0;4;50;0;0;0;0;1;1;0;0;0;0;0;0;0;0;0;0;0;0;0;0
04.12.2024;12:28;A 17;1;0;100;2;64;0;0;1;1;0;15;3;39;2;21;13;43;1;2;8;77;0;0;1;98;0;0;0;1;0;0;10;78;0;14;0;100;0;0;2;13;0;0;0;0;0;0;2;3;0;0;0;0;0;0;1;3
04.12.2024;12:27;A 17;1;0;100;2;69;0;0;0;0;2;18;7;26;3;44;10;40;2;7;10;63;1;1;2;72;1;2;1;0;0;0;12;71;2;51;2;98;1;1;3;3;0;0;0;0;1;1;0;0;0;0;0;0;1;2;0;0
04.12.2024;12:26;A 17;1;0;100;0;78;0;0;1;42;0;0;2;12;1;2;3;10;2;5;8;51;0;40;0;73;0;41;1;4;0;0;6;83;2;46;0;100;5;6;1;4;0;0;0;0;0;0;0;0;0;0;0;0;0;0;0;0
04.12.2024;12:25;A 17;1;0;100;0;100;0;0;1;24;1;0;1;2;1;0;3;6;0;0;10;26;4;50;5;77;2;64;4;22;0;0;3;92;2;2;1;88;0;0;3;5;0;0;0;0;0;0;0;0;0;0;0;0;0;0;0;0
04.12.2024;12:24;A 17;1;0;100;5;32;0;0;0;0;0;0;1;1;2;1;1;3;0;0;10;15;2;25;2;46;1;26;2;3;0;0;5;88;2;49;1;32;2;3;3;8;0;0;0;0;0;0;0;0;0;0;0;0;0;0;0;0
04.12.2024;12:23;A 17;1;0;100;2;32;1;1;0;0;0;0;1;3;1;37;1;32;1;3;9;69;2;42;1;99;2;47;2;8;0;0;2;9;2;33;3;12;2;15;3;11;0;0;0;0;2;5;0;0;0;0;0;0;0;0;0;0
04.12.2024;12:22;A 17;1;0;100;2;67;1;3;0;0;1;0;3;39;1;1;0;47;1;2;5;81;2;3;1;99;0;0;1;3;0;0;6;21;5;31;4;34;5;30;7;29;0;0;0;0;0;0;0;0;0;0;0;0;0;0;1;1
04.12.2024;12:21;A 17;1;0;100;1;89;0;0;0;0;0;0;2;51;0;0;3;58;0;0;8;83;1;24;0;100;1;28;1;8;0;0;4;9;4;6;3;21;2;8;1;2;0;0;0;0;0;0;0;0;0;0;0;0;0;0;0;0
04.12.2024;12:20;A 17;1;0;100;4;69;0;0;0;0;2;1;3;28;2;5;1;15;0;3;9;75;0;0;0;100;0;0;2;0;0;0;3;9;2;9;1;14;1;12;2;24;0;0;0;0;0;0;1;1;0;0;0;0;0;0;0;0
04.12.2024;12:19;A 17;1;0;100;3;55;1;3;0;0;1;66;1;68;1;78;3;70;2;39;7;55;3;3;2;69;1;4;1;5;0;0;7;78;2;51;1;99;2;51;2;2;0;0;0;0;1;1;0;0;0;0;0;0;0;0;0;0
04.12.2024;12:18;A 17;1;0;100;6;48;2;7;0;0;1;5;1;9;1;16;1;6;1;4;6;26;0;0;5;48;0;0;0;0;0;0;4;90;1;84;0;100;2;87;1;11;0;0;0;0;0;0;0;0;0;0;0;0;0;0;0;0
04.12.2024;12:17;A 17;1;0;100;6;38;0;0;0;0;1;36;2;73;2;2;1;48;2;4;14;69;2;4;1;72;1;6;1;1;0;0;5;82;1;0;1;94;0;0;0;0;0;0;0;0;0;0;0;0;0;0;0;0;0;0;0;0
04.12.2024;12:16;A 17;1;0;100;2;29;1;3;0;0;1;9;4;29;2;47;5;20;1;4;12;71;1;1;0;100;1;3;1;5;0;0;6;74;2;42;2;95;3;5;1;14;1;1;0;0;0;0;0;0;1;1;0;0;0;0;0;0
04.12.2024;12:15;A 17;1;0;100;1;53;0;0;0;0;0;0;0;0;1;0;0;0;0;0;4;68;3;36;1;83;1;62;4;13;0;0;5;58;3;9;2;65;2;9;2;4;0;0;1;1;0;0;0;0;0;0;1;1;0;0;0;0
04.12.2024;12:14;A 17;1;0;100;1;91;1;3;1;3;2;1;2;2;0;9;2;7;0;0;5;52;1;5;3;67;1;6;1;3;0;0;2;64;0;0;2;66;0;0;0;0;0;0;0;0;0;0;0;0;0;0;0;0;0;0;0;0
04.12.2024;12:13;A 17;1;0;100;4;48;0;0;0;0;0;0;1;2;2;50;1;7;2;5;10;37;3;8;2;78;3;14;4;21;0;0;6;42;1;6;2;44;1;4;2;11;0;0;0;0;0;0;0;0;0;0;0;0;0;0;0;0
04.12.2024;12:12;A 17;1;0;100;9;61;2;6;0;0;1;1;1;0;1;0;2;5;0;0;16;54;4;35;0;95;2;44;2;43;0;0;3;39;1;0;2;49;0;0;2;2;0;0;0;0;0;0;0;0;0;0;0;0;0;0;0;0
04.12.2024;12:11;A 17;1;0;100;2;55;2;8;0;0;1;1;5;12;2;1;3;32;0;0;10;63;0;0;2;97;1;0;1;0;0;0;7;63;1;67;3;52;2;2;1;7;0;0;0;0;0;0;0;0;0;0;0;0;0;0;0;0
04.12.2024;12:10;A 17;1;0;100;3;54;0;0;0;0;0;0;3;81;0;0;1;84;0;0;14;48;2;11;2;60;0;19;2;31;0;0;6;59;1;1;2;40;1;2;2;5;1;1;0;0;0;0;0;0;0;0;0;0;0;0;0;0
04.12.2024;12:09;A 17;1;0;100;4;40;0;0;0;0;1;0;3;50;0;0;1;62;0;0;4;68;1;76;1;82;1;78;0;0;0;0;4;45;2;38;2;48;2;39;1;18;0;0;0;0;0;0;0;0;0;0;0;0;0;0;0;0
04.12.2024;12:08;A 17;1;0;100;7;57;12;28;0;0;0;0;1;32;0;35;2;20;0;0;8;49;2;1;3;78;1;2;2;4;0;0;8;77;1;38;2;60;1;42;1;6;1;1;1;1;0;0;0;0;0;0;1;3;0;0;0;0
04.12.2024;12:07;A 17;1;0;100;5;23;1;1;0;0;0;0;0;5;1;20;0;0;1;3;12;45;0;0;4;83;0;0;3;1;0;0;3;58;1;13;3;64;1;6;2;7;1;1;1;1;1;1;0;0;2;6;0;0;0;0;0;0
04.12.2024;12:06;A 17;1;0;100;4;61;0;0;0;0;2;1;1;17;2;77;1;5;1;8;9;52;1;1;1;76;1;3;1;3;0;0;5;37;1;9;2;17;1;3;0;6;0;0;0;0;0;0;0;0;0;0;0;0;0;0;0;0
04.12.2024;12:05;A 17;1;0;100;2;33;0;0;0;0;0;0;1;90;2;68;1;75;3;71;10;22;1;1;6;53;1;2;1;2;0;0;4;85;2;89;2;93;2;72;1;7;1;1;0;0;0;0;0;0;1;1;0;0;0;0;0;0
04.12.2024;12:04;A 17;1;0;100;2;92;0;0;0;0;0;0;5;62;1;6;3;52;1;5;8;83;1;4;0;48;0;0;2;2;0;0;3;47;1;1;1;55;7;9;4;11;2;3;1;1;0;0;0;0;1;1;0;0;0;0;0;0
04.12.2024;12:03;A 17;1;0;100;4;49;0;0;0;0;0;0;1;82;0;0;1;4;0;0;12;38;1;4;2;62;1;7;1;7;0;0;1;0;4;6;2;4;2;4;3;11;0;0;0;0;0;0;0;0;0;0;0;0;0;0;0;0
04.12.2024;12:02;A 17;1;0;100;5;48;0;0;0;0;0;0;3;12;3;21;2;10;2;5;9;68;0;0;1;91;0;0;0;0;0;0;4;4;3;10;2;13;2;5;3;6;0;0;0;0;0;0;0;0;0;0;0;0;1;2;1;1
04.12.2024;12:01;A 17;1;0;100;2;48;0;0;0;0;2;31;3;34;1;35;4;13;1;20;5;31;0;0;1;48;0;0;0;0;0;0;7;47;0;0;2;59;0;0;2;3;1;1;0;0;2;3;0;0;1;1;0;0;2;3;0;0
04.12.2024;12:00;A 17;1;0;100;0;100;0;0;1;54;1;20;2;40;1;16;1;25;1;3;6;20;2;1;4;43;1;2;1;3;0;0;4;12;1;18;4;26;1;2;2;13;0;0;0;0;0;0;0;0;1;7;0;0;0;0;0;0
04.12.2024;11:59;A 17;1;0;100;1;80;0;0;1;6;3;1;6;58;0;0;2;76;0;0;12;65;2;52;0;90;1;61;2;29;0;0;5;11;2;28;0;21;2;7;3;21;1;1;0;0;1;1;0;0;3;9;0;0;1;1;0;0
04.12.2024;11:58;A 17;1;0;100;1;78;0;0;0;0;1;0;2;38;2;69;2;50;1;4;13;68;1;45;0;100;1;49;1;6;0;0;2;64;3;10;3;57;0;10;2;19;0;0;0;0;0;0;0;0;0;0;0;0;0;0;0;0
04.12.2024;11:57;A 17;1;0;100;5;57;0;0;0;0;0;0;1;0;1;53;2;5;3;7;16;60;1;36;1;98;1;40;1;9;0;0;3;3;1;3;2;11;2;5;1;7;0;0;0;0;0;0;0;0;0;0;0;0;0;0;0;0
04.12.2024;11:56;A 17;1;0;100;2;36;0;0;0;0;2;1;1;1;0;0;1;4;0;0;9;81;1;38;0;100;1;42;1;7;0;0;4;75;1;39;2;25;3;26;1;12;0;0;0;0;0;0;0;0;1;1;0;0;0;0;0;0
04.12.2024;11:55;A 17;1;0;100;3;48;2;11;0;0;0;0;2;51;0;0;2;6;0;0;7;70;1;22;3;93;1;24;0;0;0;0;7;81;1;6;1;90;3;89;1;6;0;0;0;0;1;1;0;0;0;0;0;0;0;0;0;0
04.12.2024;11:54;A 17;1;0;100;0;100;0;0;1;51;1;15;0;45;0;0;1;5;0;0;3;3;3;71;3;18;2;84;3;40;0;0;5;33;2;54;3;42;6;21;4;14;0;0;0;0;1;1;0;0;0;0;0;0;1;1;0;0
04.12.2024;11:53;A 17;1;0;100;0;100;0;0;1;30;1;1;4;32;0;27;3;20;0;0;13;45;2;32;3;71;2;51;7;45;0;0;5;36;3;45;0;49;7;56;1;31;0;0;2;3;0;0;0;0;0;0;2;3;0;0;0;0
04.12.2024;11:52;A 17;1;0;100;2;91;0;0;0;0;0;0;0;0;1;54;0;0;1;5;6;83;3;87;0;100;1;99;1;99;0;0;10;51;7;25;7;73;12;66;1;15;1;1;0;0;0;0;0;0;1;1;0;0;0;0;0;0
04.12.2024;11:51;A 17;1;0;100;1;66;0;0;0;0;4;33;6;42;1;17;2;23;1;5;11;74;2;28;0;100;2;31;0;100;0;0;6;82;2;95;0;100;0;100;2;30;0;0;0;0;0;0;0;0;0;0;0;0;0;0;1;1
04.12.2024;11:50;A 17;1;0;100;7;66;1;2;0;0;1;88;2;92;1;82;1;74;2;5;7;26;0;0;4;55;0;0;6;90;0;0;1;97;0;99;0;100;1;69;1;1;0;0;0;0;0;0;0;0;0;0;0;0;0;0;0;0
04.12.2024;11:49;A 17;1;0;100;2;19;0;0;0;0;0;0;2;2;0;0;3;9;0;0;8;41;0;5;2;66;0;9;5;11;0;0;3;62;2;19;2;74;7;20;1;4;0;0;0;0;0;0;0;0;0;0;0;0;0;0;0;0
04.12.2024;11:48;A 17;1;0;100;3;75;0;0;0;0;1;0;3;3;2;43;4;11;2;6;11;56;1;27;2;90;1;28;0;0;0;0;2;41;1;5;3;52;3;36;1;2;0;0;0;0;0;0;0;0;0;0;0;0;0;0;0;0
04.12.2024;11:47;A 17;1;0;100;0;100;0;0;0;0;2;2;4;38;2;12;2;25;3;6;2;73;0;0;1;83;0;0;0;0;0;0;9;47;0;33;2;67;9;7;1;20;0;0;0;0;0;0;0;0;0;0;0;0;0;0;0;0
04.12.2024;11:46;A 17;1;0;100;0;100;0;0;1;12;0;0;2;17;2;34;2;18;0;0;8;10;2;42;3;78;2;47;4;12;0;0;5;58;4;21;4;55;4;11;2;3;0;0;0;0;0;0;0;0;0;0;0;0;0;0;0;0
04.12.2024;11:45;A 17;1;0;100;4;66;0;0;0;0;2;2;2;1;3;16;3;7;3;11;13;49;1;0;2;88;1;2;2;2;0;0;4;48;2;2;2;11;2;3;2;12;0;0;0;0;0;0;0;0;0;0;0;0;0;0;0;0
04.12.2024;11:44;A 17;1;0;100;3;68;0;0;0;0;2;11;1;89;4;8;2;7;2;4;6;33;4;44;3;57;1;62;2;41;0;0;2;77;3;38;2;66;1;4;1;0;0;0;0;0;0;0;0;0;0;0;0;0;0;0;0;0
04.12.2024;11:43;A 17;1;0;100;1;43;0;0;0;19;2;0;2;86;1;0;1;89;0;0;10;58;1;19;4;80;0;23;2;30;0;0;3;29;2;55;3;27;9;43;3;12;0;0;0;0;0;0;0;0;0;0;0;0;0;0;0;0
04.12.2024;11:42;A 17;1;0;100;4;76;0;0;1;0;2;2;5;9;2;1;6;22;1;3;4;51;4;58;2;65;1;69;3;37;0;0;4;61;3;57;2;74;1;7;5;18;0;0;0;0;1;1;0;0;0;0;0;0;0;0;0;0
04.12.2024;11:41;A 17;1;0;100;2;40;1;2;0;0;2;18;2;20;0;58;2;12;0;0;7;11;1;43;2;49;1;73;0;34;0;0;4;17;1;11;4;22;1;3;2;4;1;1;0;0;1;1;0;0;1;1;0;0;0;0;0;0
04.12.2024;11:40;A 17;1;0;100;2;76;0;0;0;0;1;0;2;9;1;12;2;9;1;3;6;30;2;17;4;45;2;22;1;99;0;0;5;22;1;8;3;22;1;2;2;7;0;0;1;1;1;1;0;0;0;0;1;1;1;1;0;0
04.12.2024;11:39;A 17;1;0;100;3;68;0;0;0;0;1;0;1;23;2;10;1;5;2;7;7;62;1;15;2;59;1;18;7;80;0;0;5;31;0;0;3;21;1;5;0;0;0;0;1;1;1;1;0;0;0;0;0;0;0;0;0;0
04.12.2024;11:38;A 17;1;0;100;1;85;0;0;1;25;1;0;2;10;1;0;1;12;1;1;6;59;1;34;1;73;1;37;0;100;0;0;2;13;0;0;1;15;1;17;0;0;0;0;0;0;0;0;0;0;0;0;0;0;0;0;0;0
04.12.2024;11:37;A 17;1;0;100;3;79;0;0;0;0;3;22;1;55;0;0;3;18;0;0;9;48;0;0;1;74;0;0;5;83;0;0;1;13;1;1;1;23;1;9;1;2;0;0;0;0;0;0;0;0;0;0;0;0;0;0;0;0
04.12.2024;11:36;A 17;1;0;100;3;91;2;19;0;0;0;0;1;13;0;0;1;6;0;0;12;65;2;14;0;100;2;19;19;52;0;0;1;1;0;0;1;3;1;26;0;0;1;1;0;0;0;0;0;0;1;1;0;0;0;0;0;0
04.12.2024;11:35;A 17;1;0;100;3;41;0;0;0;0;1;24;1;26;2;81;1;5;1;5;18;53;1;9;0;100;0;11;6;82;0;0;5;74;2;60;2;7;3;86;3;11;0;0;0;0;0;0;0;0;0;0;0;0;0;0;0;0
04.12.2024;11:34;A 17;1;0;100;1;81;0;0;0;0;0;0;0;0;2;22;0;0;3;11;9;68;2;52;2;94;2;69;1;26;0;0;4;62;1;42;3;43;6;61;2;8;1;1;0;0;0;0;0;0;1;2;0;0;0;0;0;0
04.12.2024;11:33;A 17;1;0;100;2;65;0;0;0;0;2;16;2;22;1;35;2;13;1;2;10;72;3;20;0;100;3;27;2;16;0;0;6;46;2;10;1;59;8;9;1;6;0;0;0;0;1;1;0;0;0;0;0;0;1;1;0;0
04.12.2024;11:32;A 17;1;0;100;3;57;0;0;0;0;0;15;0;17;2;21;0;0;2;6;8;68;1;2;0;100;0;0;1;5;0;0;6;63;1;1;4;70;2;9;1;3;0;0;0;0;1;1;0;0;0;0;0;0;1;1;0;0
04.12.2024;11:31;A 17;1;0;100;4;74;2;7;0;0;1;80;2;83;0;0;2;14;0;0;13;69;0;51;0;100;0;52;2;6;0;0;4;16;4;2;4;26;0;0;0;0;0;0;0;0;1;1;0;0;0;0;0;0;1;1;0;0
04.12.2024;11:30;A 17;1;0;100;0;49;0;0;0;29;1;0;3;1;2;52;2;8;2;36;11;68;3;38;0;100;2;51;1;36;0;0;1;1;1;50;2;6;1;7;1;5;0;0;1;1;0;0;0;0;0;0;1;1;0;0;0;0
04.12.2024;11:29;A 17;1;0;100;0;100;0;0;1;0;0;0;2;27;0;0;4;27;0;0;7;35;2;23;1;60;2;29;3;9;0;0;8;73;3;12;2;50;6;69;3;21;0;0;0;0;0;0;0;0;0;0;0;0;0;0;0;0
04.12.2024;11:28;A 17;1;0;100;0;100;0;0;0;14;0;0;0;0;1;25;0;0;1;3;7;6;2;2;5;29;1;2;2;78;0;0;4;89;0;0;1;95;8;78;1;0;0;0;0;0;0;0;0;0;0;0;0;0;0;0;0;0
04.12.2024;11:27;A 17;1;0;100;1;79;0;0;1;19;0;0;4;61;0;0;3;31;0;0;8;10;0;0;0;32;0;0;3;95;0;0;4;52;2;24;2;64;5;75;1;22;0;0;0;0;0;0;0;0;0;0;0;0;0;0;0;0
04.12.2024;11:26;A 17;1;0;100;0;100;0;0;1;43;0;0;1;0;0;0;2;5;0;0;6;46;0;0;1;64;0;0;4;29;0;0;6;58;3;53;2;68;2;97;3;16;0;0;0;0;0;0;0;0;0;0;0;0;0;0;1;1
04.12.2024;11:25;A 17;1;0;100;1;57;0;0;1;4;0;0;1;0;0;0;1;4;0;0;4;51;3;88;1;73;1;80;4;21;0;0;3;29;5;21;4;31;4;95;3;11;0;0;0;0;0;0;0;0;0;0;0;0;0;0;0;0
04.12.2024;11:24;A 17;1;0;100;6;39;1;2;0;0;3;2;6;11;1;15;4;20;2;13;9;67;3;4;0;88;3;23;6;21;0;0;5;38;1;43;1;29;7;94;0;0;0;0;0;0;0;0;0;0;0;0;0;0;0;0;0;0
04.12.2024;11:23;A 17;1;0;100;0;61;2;13;1;2;0;0;1;85;1;87;2;61;3;79;8;61;2;67;2;82;0;72;0;78;0;0;3;64;0;0;3;29;8;18;2;11;0;0;0;0;0;0;0;0;0;0;0;0;0;0;0;0
04.12.2024;11:22;A 17;1;0;100;5;46;1;1;0;0;0;0;5;50;1;0;3;48;0;0;8;38;2;11;1;54;2;16;3;49;0;0;5;9;2;58;2;30;7;27;2;22;0;0;0;0;0;0;0;0;0;0;0;0;0;0;0;0
04.12.2024;11:21;A 17;1;0;100;3;31;1;2;0;0;1;0;1;80;3;2;1;21;1;2;14;50;1;1;2;86;1;3;8;78;0;0;5;37;4;49;4;42;5;54;2;15;0;0;0;0;0;0;0;0;0;0;0;0;0;0;0;0
04.12.2024;11:20;A 17;1;0;100;1;95;0;0;0;0;1;1;1;9;0;0;1;5;0;0;8;62;0;0;2;84;0;0;3;38;0;0;2;53;2;14;1;47;2;26;2;10;0;0;0;0;0;0;0;0;0;0;0;0;0;0;0;0
04.12.2024;11:19;A 17;1;0;100;1;66;0;0;0;0;0;0;0;0;1;0;0;0;1;1;9;73;1;42;2;74;1;46;1;9;0;0;3;5;3;36;4;13;6;59;4;14;0;0;0;0;0;0;0;0;1;1;0;0;0;0;0;0
04.12.2024;11:18;A 17;1;0;100;2;24;0;0;0;0;2;0;3;25;0;0;5;34;0;0;5;44;0;0;2;60;0;0;3;4;0;0;7;23;2;32;2;41;6;56;2;30;1;1;0;0;0;0;0;0;0;0;0;0;0;0;0;0
04.12.2024;11:17;A 17;1;0;100;1;67;0;0;0;0;1;5;3;34;1;18;3;35;1;2;5;43;5;4;3;63;3;8;8;60;0;0;7;27;3;53;1;48;3;53;2;25;0;0;0;0;0;0;0;0;0;0;0;0;0;0;0;0
04.12.2024;11:16;A 17;1;0;100;1;80;1;3;0;0;1;26;1;28;2;71;1;6;2;6;12;54;0;0;3;84;0;0;5;88;0;0;2;70;0;0;2;63;7;52;1;2;0;0;0;0;0;0;1;1;0;0;0;0;0;0;0;0
04.12.2024;11:15;A 17;1;0;100;0;100;0;0;1;41;1;0;1;0;2;75;3;3;3;6;8;59;0;0;2;93;0;0;0;100;0;0;4;79;0;0;1;88;1;65;1;6;0;0;0;0;1;1;0;0;0;0;0;0;1;2;0;0
04.12.2024;11:14;A 17;1;0;100;3;63;0;0;0;0;2;1;5;64;3;2;4;73;0;0;7;31;1;4;6;61;1;7;2;99;0;0;3;33;2;9;1;50;3;30;2;26;0;0;0;0;0;0;0;0;0;0;0;0;0;0;0;0
04.12.2024;11:13;A 17;1;0;100;1;60;0;0;0;0;2;2;3;39;3;1;2;30;1;0;8;61;0;0;2;93;0;0;10;82;0;0;2;10;5;6;2;16;3;7;1;9;0;0;0;0;0;0;0;0;0;0;0;0;0;0;0;0
04.12.2024;11:12;A 17;1;0;100;3;27;0;0;0;0;1;0;1;41;0;0;2;51;0;0;4;40;1;1;3;49;1;4;4;97;0;0;2;42;2;3;2;10;1;6;1;22;0;0;0;0;0;0;0;0;0;0;0;0;0;0;0;0
04.12.2024;11:11;A 17;1;0;100;3;38;0;0;0;0;0;19;1;58;0;23;1;43;0;0;11;58;1;1;0;100;1;2;9;65;0;0;4;49;0;23;1;38;0;0;1;6;1;1;0;0;1;1;0;0;0;0;0;0;1;1;0;0
04.12.2024;11:10;A 17;1;0;100;3;82;2;4;1;10;1;12;2;20;1;49;1;14;2;5;13;57;2;2;2;94;1;2;16;21;0;0;5;52;3;31;4;40;3;17;3;21;2;3;0;0;0;0;0;0;1;1;0;0;0;0;0;0
04.12.2024;11:09;A 17;1;0;100;1;56;0;0;0;0;0;0;1;66;0;0;4;7;0;0;12;37;2;64;1;68;1;76;4;54;0;0;1;82;1;2;2;14;1;20;1;3;1;1;0;0;0;0;0;0;1;1;0;0;0;0;0;0
04.12.2024;11:08;A 17;1;0;100;2;14;0;0;0;0;0;0;4;84;0;0;1;67;0;0;8;70;3;41;4;82;3;48;2;44;0;0;0;0;2;2;0;0;0;0;2;2;0;0;0;0;0;0;0;0;0;0;0;0;0;0;0;0
04.12.2024;11:07;A 17;1;0;100;0;28;0;0;0;0;3;1;6;67;1;1;4;38;1;2;8;13;1;2;3;45;1;5;8;19;0;0;5;9;2;60;3;25;31;23;1;30;0;0;0;0;0;0;0;0;0;0;0;0;0;0;0;0
04.12.2024;11:06;A 17;1;0;100;3;78;2;5;0;0;0;0;2;2;0;0;3;15;0;0;11;53;1;6;5;85;1;10;4;67;0;0;4;21;0;0;2;31;0;0;2;6;0;0;0;0;0;0;0;0;0;0;0;0;0;0;0;0
04.12.2024;11:05;A 17;1;0;100;7;45;0;0;0;0;0;0;2;50;2;15;0;52;1;4;8;59;0;0;5;79;0;0;0;100;0;0;0;46;1;11;0;0;1;4;2;11;0;0;0;0;0;0;0;0;0;0;0;0;0;0;0;0
04.12.2024;11:04;A 17;1;0;100;2;66;2;4;1;3;1;1;1;32;1;1;1;13;1;3;3;63;0;0;2;63;0;0;0;100;0;0;5;31;1;2;5;22;1;3;1;6;0;0;0;0;0;0;0;0;0;0;0;0;0;0;0;0
04.12.2024;11:03;A 17;1;0;100;7;35;1;1;0;0;0;0;2;59;1;12;1;14;1;11;13;67;0;0;0;96;0;0;0;100;0;0;6;8;0;0;3;23;0;0;0;0;0;0;1;1;0;0;0;0;0;0;0;0;0;0;0;0
04.12.2024;11:02;A 17;1;0;100;1;60;0;0;0;0;0;0;1;85;1;9;2;8;1;13;11;65;1;4;1;94;0;0;8;74;0;0;1;6;3;5;2;13;6;5;1;1;0;0;0;0;0;0;0;0;0;0;0;0;0;0;0;0
04.12.2024;11:01;A 17;1;0;100;2;62;0;0;0;0;0;0;2;60;0;0;1;67;2;0;7;66;0;0;1;88;0;0;9;77;0;0;1;1;1;2;1;4;1;4;2;8;0;0;0;0;0;0;0;0;1;2;0;0;0;0;0;0
04.12.2024;11:00;A 17;1;0;100;1;26;0;0;0;0;0;0;3;21;0;0;2;29;0;0;7;40;0;5;1;68;0;8;2;36;0;0;4;27;1;2;3;42;1;3;1;5;0;0;1;1;0;0;0;0;0;0;1;4;0;0;0;0
04.12.2024;10:59;A 17;1;0;100;4;40;0;0;0;0;0;0;3;47;2;25;2;46;1;4;6;10;2;41;4;42;2;44;1;99;0;0;3;61;1;61;3;30;0;4;1;17;0;0;0;0;0;0;0;0;0;0;0;0;0;0;0;0
04.12.2024;10:58;A 17;1;0;100;3;35;1;2;0;0;0;0;0;0;0;0;0;0;0;0;9;11;0;0;2;38;0;0;0;100;0;0;2;2;2;2;3;8;2;2;2;3;0;0;0;0;0;0;0;0;1;2;0;0;0;0;0;0
04.12.2024;10:57;A 17;1;0;100;2;64;0;0;0;0;0;0;0;27;0;29;0;0;0;0;10;64;1;1;1;97;1;2;6;83;0;0;5;40;0;0;2;38;0;0;0;0;0;0;0;0;0;0;0;0;0;0;0;0;0;0;0;0
04.12.2024;10:56;A 17;1;0;100;2;8;0;0;0;0;1;0;1;23;2;7;1;6;3;7;8;71;0;0;2;89;0;0;4;83;0;0;5;61;2;11;3;25;0;15;2;17;0;0;1;1;0;0;0;0;0;0;1;1;0;0;0;0
04.12.2024;10:55;A 17;1;0;100;1;63;0;0;0;0;1;0;6;62;0;0;2;24;0;0;11;29;1;0;3;67;0;0;9;31;0;0;2;60;1;55;4;19;2;25;1;5;2;3;0;0;0;0;0;0;0;0;0;0;0;0;0;0
04.12.2024;10:54;A 17;1;0;100;4;44;0;0;0;0;0;0;1;97;1;0;1;81;0;0;4;48;1;62;0;54;0;72;3;43;0;0;2;54;2;61;4;45;3;6;3;10;0;0;0;0;0;0;0;0;0;0;0;0;0;0;0;0
04.12.2024;10:53;A 17;1;0;100;1;8;0;0;0;0;0;0;2;63;0;0;3;21;0;0;10;46;1;38;2;64;1;40;1;1;0;0;4;3;2;3;4;12;2;6;3;19;0;0;0;0;0;0;0;0;0;0;0;0;0;0;0;0
04.12.2024;10:52;A 17;1;0;100;2;34;0;0;0;0;2;3;3;11;0;54;2;12;0;0;9;27;2;47;2;56;1;52;1;4;0;0;2;53;3;64;1;24;1;69;4;23;0;0;0;0;0;0;0;0;0;0;0;0;1;1;0;0
04.12.2024;10:51;A 17;1;0;100;0;100;0;0;1;47;1;0;2;2;3;8;3;15;1;6;10;44;0;0;3;78;0;0;0;18;0;0;3;64;2;28;5;16;2;8;2;14;0;0;0;0;0;0;0;0;0;0;0;0;0;0;0;0
04.12.2024;10:50;A 17;1;0;100;2;68;0;0;0;0;0;0;2;32;0;0;2;23;0;0;4;52;3;4;3;74;1;1;20;35;0;0;4;31;2;44;4;29;1;46;3;23;0;0;0;0;1;1;0;0;0;0;0;0;0;0;0;0
04.12.2024;10:49;A 17;1;0;100;3;35;0;0;0;0;1;0;3;9;1;0;3;15;0;0;9;53;1;56;3;82;0;60;1;36;0;0;3;8;2;32;2;12;3;20;0;0;1;1;0;0;2;3;0;0;0;0;3;6;0;0;0;0
04.12.2024;10:48;A 17;1;0;100;4;51;0;3;0;0;0;0;1;1;0;0;1;4;0;0;7;37;3;46;3;57;1;80;1;50;0;0;2;13;0;0;2;21;0;0;1;2;1;1;0;0;0;0;0;0;2;3;0;0;0;0;0;0
04.12.2024;10:47;A 17;1;0;100;6;39;1;2;0;0;0;0;4;34;1;64;3;47;3;64;12;47;2;47;3;81;2;53;2;9;0;0;5;91;1;28;0;100;1;4;2;8;0;0;0;0;1;1;0;0;0;0;0;0;1;1;0;0
04.12.2024;10:46;A 17;1;0;100;3;26;0;0;0;0;0;0;0;0;3;2;0;0;1;2;12;62;2;43;2;99;1;49;1;19;0;0;3;20;0;0;2;36;0;0;0;0;0;0;0;0;0;0;0;0;0;0;0;0;0;0;0;0
04.12.2024;10:45;A 17;1;0;100;2;87;0;0;0;0;1;2;2;59;1;1;2;28;1;4;5;53;2;49;3;78;2;53;1;9;0;0;6;12;0;0;4;27;0;0;1;3;0;0;0;0;1;1;0;0;1;1;0;0;0;0;0;0
04.12.2024;10:44;A 17;1;0;100;0;89;0;0;0;0;2;0;3;38;3;37;3;35;0;0;5;18;0;0;2;36;0;0;0;12;0;0;3;17;0;0;2;30;3;1;1;1;1;1;1;1;0;0;0;0;2;3;1;1;0;0;0;0
04.12.2024;10:43;A 17;1;0;100;4;72;0;0;0;0;1;0;6;22;1;55;4;39;1;4;13;67;2;16;1;99;2;27;1;41;0;0;1;5;0;0;2;10;0;0;0;0;1;1;0;0;0;0;0;0;1;3;0;0;0;0;0;0
04.12.2024;10:42;A 17;1;0;100;1;95;1;3;1;29;0;0;2;56;1;59;2;63;1;4;9;80;0;0;0;100;0;0;0;0;0;0;2;2;2;10;2;6;0;15;3;24;0;0;1;1;0;0;0;0;0;0;0;0;0;0;0;0
04.12.2024;10:41;A 17;1;0;100;1;59;1;27;0;0;0;0;1;90;1;3;2;94;1;7;10;70;1;4;1;99;0;0;3;3;0;0;1;5;3;66;1;9;5;67;0;2;0;0;0;0;1;1;0;0;0;0;0;0;1;1;0;0
04.12.2024;10:40;A 17;1;0;100;1;89;1;4;0;0;1;1;0;0;0;65;0;0;2;50;7;72;1;13;3;77;0;17;1;24;0;0;3;44;1;1;3;15;1;1;1;0;0;0;0;0;0;0;1;1;0;0;0;0;0;0;1;1
04.12.2024;10:39;A 17;1;0;100;9;61;1;2;0;0;1;0;4;46;1;67;2;40;1;4;11;20;2;36;5;53;2;39;1;5;0;0;9;55;1;72;1;70;1;3;3;21;2;3;0;0;0;0;0;0;1;1;0;0;0;0;0;0
04.12.2024;10:38;A 17;1;0;100;4;33;1;2;0;0;2;2;2;2;3;20;2;8;3;11;12;67;2;18;0;100;2;24;2;16;0;0;4;28;3;41;2;61;7;30;3;11;0;0;0;0;0;0;0;0;0;0;0;0;0;0;0;0
04.12.2024;10:37;A 17;1;0;100;2;46;0;0;0;0;3;2;3;37;3;17;0;38;3;10;9;71;3;8;2;98;3;21;2;19;0;0;4;43;0;0;1;64;1;0;1;1;1;1;0;0;0;0;0;0;0;0;0;0;0;0;0;0
04.12.2024;10:36;A 17;1;0;100;2;36;0;0;0;0;0;0;4;58;0;0;2;23;0;0;3;19;0;0;3;24;0;0;0;0;0;0;4;47;0;8;4;44;0;0;1;11;0;0;0;0;1;1;0;0;0;0;0;0;0;0;0;0
04.12.2024;10:35;A 17;1;0;100;3;35;1;1;0;0;0;0;3;36;1;2;2;46;0;0;6;50;1;2;0;64;1;4;1;4;0;0;5;72;2;27;3;87;2;9;2;15;0;0;0;0;0;0;0;0;0;0;0;0;0;0;0;0
04.12.2024;10:34;A 17;1;0;100;1;77;0;0;0;0;0;0;1;41;1;27;2;39;1;3;9;73;4;8;0;100;1;9;2;9;0;0;3;65;3;64;4;43;2;10;1;1;0;0;1;1;0;0;0;0;0;0;1;1;0;0;0;0
04.12.2024;10:33;A 17;1;0;100;3;57;1;2;0;0;1;1;4;74;1;47;2;77;1;6;19;51;2;38;1;99;2;46;2;42;0;0;4;57;2;2;2;45;0;0;3;8;0;0;0;0;0;0;0;0;0;0;0;0;0;0;0;0
04.12.2024;10:32;A 17;1;0;100;2;33;1;2;0;0;1;1;3;33;1;2;2;25;1;3;12;68;3;53;0;100;3;42;3;7;0;0;1;68;2;35;1;8;2;33;3;22;0;0;0;0;0;0;0;0;0;0;0;0;0;0;0;0
04.12.2024;10:31;A 17;1;0;100;2;8;0;0;0;0;1;0;4;59;3;4;2;68;1;2;6;72;2;4;1;96;1;5;2;2;0;0;6;46;1;0;3;42;1;9;2;2;0;0;0;0;0;0;0;0;0;0;0;0;0;0;0;0
04.12.2024;10:30;A 17;1;0;100;3;38;1;4;0;0;3;1;6;78;1;0;2;92;0;0;12;64;0;1;0;94;0;2;1;14;0;0;3;40;0;0;2;28;1;1;1;1;0;0;0;0;1;1;0;0;1;1;0;0;0;0;0;0
04.12.2024;10:29;A 17;1;0;100;0;100;1;67;1;51;2;12;6;53;1;19;4;65;1;3;8;73;2;33;0;100;1;38;1;2;0;0;7;17;1;17;7;33;1;0;1;9;0;0;0;0;0;0;0;0;0;0;0;0;0;0;0;0
04.12.2024;10:28;A 17;1;0;100;3;69;0;86;1;6;1;12;3;62;1;26;2;35;3;34;7;75;0;0;0;100;0;0;0;0;0;0;2;19;0;13;1;7;1;4;3;20;0;0;0;0;0;0;0;0;0;0;0;0;0;0;0;0
04.12.2024;10:27;A 17;1;0;100;4;28;4;39;0;0;3;20;3;25;1;97;2;37;4;98;16;59;2;71;0;100;0;79;2;37;0;0;6;18;4;24;1;29;4;24;6;21;0;0;0;0;0;0;0;0;0;0;0;0;0;0;0;0
04.12.2024;10:26;A 17;1;0;100;1;56;0;35;0;0;1;13;5;73;3;80;3;83;2;72;5;60;1;65;3;80;1;69;2;7;0;0;5;81;4;39;0;100;2;12;4;10;0;0;0;0;0;0;0;0;0;0;0;0;0;0;0;0
04.12.2024;10:25;A 17;1;0;100;6;40;4;11;0;0;0;0;2;87;3;90;1;39;1;76;4;22;2;26;2;35;2;30;1;7;0;0;3;85;2;3;3;86;0;0;3;8;0;0;0;0;0;0;0;0;0;0;0;0;0;0;0;0
04.12.2024;10:24;A 17;1;0;100;2;61;2;8;0;0;0;0;3;18;0;53;3;32;1;0;8;30;1;2;4;49;1;1;1;6;0;0;5;57;0;0;2;63;0;0;1;0;0;0;0;0;0;0;0;0;0;0;0;0;0;0;0;0
04.12.2024;10:23;A 17;1;0;100;0;100;0;0;1;52;1;0;2;48;2;14;1;52;2;7;13;67;1;3;0;100;1;6;1;26;0;0;6;30;0;0;4;49;0;0;1;1;1;1;0;0;2;3;0;0;0;0;0;0;2;6;0;0
04.12.2024;10:22;A 17;1;0;100;0;100;0;0;1;15;0;0;5;58;0;0;3;70;0;0;2;94;2;42;0;100;1;46;1;5;0;0;4;10;4;9;4;19;4;11;3;15;0;0;0;0;0;0;0;0;0;0;0;0;0;0;0;0
04.12.2024;10:21;A 17;1;0;100;2;10;0;0;0;0;1;3;2;38;0;0;2;40;0;0;8;33;1;2;3;64;0;0;2;2;0;0;6;15;0;1;0;25;4;4;1;8;0;0;0;0;0;0;3;5;0;0;0;0;0;0;0;0
04.12.2024;10:20;A 17;1;0;100;1;43;0;0;0;0;2;2;1;1;0;0;1;8;0;0;13;34;1;15;3;68;1;20;4;29;0;0;1;87;1;21;1;95;5;7;0;0;1;1;0;0;0;0;0;0;0;0;0;0;0;0;0;0
04.12.2024;10:19;A 17;1;0;100;2;38;0;0;0;0;2;1;4;37;1;36;3;32;1;4;7;51;2;39;1;70;1;46;2;20;0;0;3;73;0;0;2;38;0;0;2;22;0;0;0;0;0;0;0;0;0;0;0;0;0;0;0;0
04.12.2024;10:18;A 17;1;0;100;3;66;0;0;0;0;2;0;6;68;2;57;1;81;3;57;5;54;1;4;1;70;1;7;0;0;0;0;2;65;2;62;1;77;0;64;4;26;0;0;0;0;0;0;0;0;0;0;0;0;1;1;0;0
04.12.2024;10:17;A 17;1;0;100;2;12;0;0;0;0;0;0;2;54;2;50;2;48;2;19;7;12;0;0;2;74;0;0;0;0;0;0;1;61;1;25;1;30;1;29;0;0;0;0;0;0;0;0;0;0;0;0;0;0;0;0;0;0
04.12.2024;10:16;A 17;1;0;100;2;34;0;0;0;0;1;0;3;42;1;53;2;41;3;13;3;50;0;0;1;65;0;0;0;0;0;0;4;24;0;0;2;42;0;0;0;0;0;0;0;0;0;0;0;0;0;0;0;0;0;0;0;0
04.12.2024;10:15;A 17;1;0;100;2;17;0;0;0;0;0;0;1;64;1;56;1;71;2;32;11;34;2;4;4;69;0;0;1;0;0;0;1;6;1;1;1;8;1;1;1;2;0;0;0;0;0;0;0;0;0;0;0;0;0;0;0;0
04.12.2024;10:14;A 17;1;0;100;4;39;0;0;0;0;4;8;2;38;1;0;2;12;1;4;6;44;1;4;5;42;1;8;1;7;0;0;2;62;2;2;3;32;0;0;1;14;0;0;0;0;0;0;0;0;0;0;0;0;0;0;0;0
04.12.2024;10:13;A 17;1;0;100;2;60;2;0;0;0;1;0;2;56;0;0;2;53;0;0;12;37;1;2;3;72;1;4;1;7;0;0;2;4;1;12;1;12;1;2;4;6;0;0;0;0;0;0;0;0;0;0;0;0;0;0;0;0
04.12.2024;10:12;A 17;1;0;100;3;69;0;0;0;0;1;0;2;34;1;49;2;16;1;6;14;17;0;0;2;60;0;0;1;5;0;0;4;41;2;10;2;21;3;13;1;11;0;0;0;0;1;1;0;0;0;0;0;0;0;0;0;0
04.12.2024;10:11;A 17;1;0;100;5;56;1;3;0;0;1;35;1;55;0;0;0;54;0;0;7;48;2;9;2;68;1;15;1;11;0;0;5;59;1;42;1;72;2;11;2;6;0;0;0;0;0;0;0;0;0;0;0;0;0;0;0;0
04.12.2024;10:10;A 17;1;0;100;2;39;0;0;0;0;1;6;3;56;1;49;2;63;1;47;5;61;1;0;5;74;1;3;0;0;0;0;5;17;0;46;3;30;0;0;2;8;0;0;0;0;0;0;0;0;0;0;0;0;0;0;0;0
04.12.2024;10:09;A 17;1;0;100;2;72;0;0;0;0;0;0;2;54;1;34;3;23;1;37;11;66;1;1;1;97;1;3;1;4;0;0;2;37;1;10;2;21;1;2;0;0;0;0;0;0;0;0;0;0;0;0;0;0;0;0;0;0
04.12.2024;10:08;A 17;1;0;100;1;90;0;0;0;0;2;1;4;70;0;0;1;25;0;0;5;76;1;1;2;29;1;2;1;2;0;0;4;24;4;23;4;24;4;16;3;31;0;0;0;0;0;0;0;0;0;0;0;0;0;0;0;0
04.12.2024;10:07;A 17;1;0;100;5;80;1;2;0;0;0;0;2;17;1;0;3;10;0;0;12;36;3;38;3;72;4;44;6;25;0;0;1;20;1;62;1;7;2;3;0;0;0;0;0;0;0;0;0;0;0;0;0;0;0;0;0;0
04.12.2024;10:06;A 17;1;0;100;7;59;2;6;0;0;2;1;0;0;1;68;1;2;2;5;12;32;2;34;3;69;2;38;3;9;0;0;1;79;1;0;2;6;0;0;1;2;0;0;0;0;0;0;1;1;0;0;0;0;0;0;0;0
04.12.2024;10:05;A 17;1;0;100;3;51;0;0;1;1;1;11;1;45;3;81;1;7;3;21;7;26;1;49;1;44;1;52;1;7;0;0;5;66;1;2;3;34;1;3;1;2;0;0;0;0;0;0;0;0;0;0;0;0;0;0;0;0
04.12.2024;10:04;A 17;1;0;100;4;59;1;2;0;0;3;2;3;38;2;48;4;37;2;8;6;19;3;44;2;45;3;51;3;12;0;0;8;68;3;39;1;91;2;26;7;30;1;1;0;0;0;0;0;0;0;0;0;0;0;0;0;0
04.12.2024;10:03;A 17;1;0;100;7;37;1;3;0;0;0;0;2;53;0;50;0;56;0;0;8;60;1;0;3;39;0;0;0;4;0;0;4;30;2;3;5;36;5;8;4;16;0;0;0;0;0;0;0;0;0;0;0;0;0;0;0;0
04.12.2024;10:02;A 17;1;0;100;2;15;1;2;0;0;2;0;4;18;1;31;4;15;1;10;3;92;1;94;0;100;0;96;1;7;0;0;5;11;4;19;4;24;3;10;4;11;0;0;0;0;0;0;0;0;1;2;0;0;0;0;0;0
04.12.2024;10:01;A 17;1;0;100;3;19;0;0;0;0;0;0;1;4;2;21;0;4;1;3;11;37;1;52;3;78;1;55;1;3;0;0;2;6;1;13;2;6;2;4;4;9;1;1;0;0;0;0;0;0;4;5;0;0;0;0;0;0
04.12.2024;10:00;A 17;1;0;100;1;78;1;3;0;0;0;0;2;71;1;4;2;63;0;0;5;5;1;7;4;28;1;9;0;0;0;0;5;71;1;53;3;21;2;5;1;12;0;0;0;0;0;0;0;0;0;0;0;0;0;0;0;0
04.12.2024;09:59;A 17;1;0;100;1;68;0;0;0;0;2;1;2;58;1;41;3;18;1;4;13;54;1;1;0;80;3;6;2;5;0;0;2;36;1;50;2;31;1;54;1;6;0;0;0;0;2;3;0;0;0;0;0;0;0;0;0;0
04.12.2024;09:58;A 17;1;0;100;1;93;0;0;1;3;0;0;2;22;1;0;1;28;0;0;14;65;1;1;0;100;1;3;1;22;0;0;2;47;1;70;3;19;1;3;1;1;0;0;0;0;0;0;0;0;0;0;0;0;0;0;0;0
04.12.2024;09:57;A 17;1;0;100;4;18;0;0;0;0;1;2;2;7;1;0;2;9;0;0;10;60;3;21;2;97;0;33;3;27;0;0;4;43;2;31;4;63;3;34;5;25;1;1;0;0;0;0;0;0;0;0;0;0;0;0;0;0
04.12.2024;09:56;A 17;1;0;100;1;27;0;0;0;0;1;0;3;56;0;0;1;54;0;0;9;79;3;40;1;99;1;41;2;6;0;0;6;68;3;59;0;85;4;9;5;22;0;0;0;0;0;0;0;0;0;0;0;0;0;0;0;0
04.12.2024;09:55;A 17;1;0;100;1;18;0;0;0;0;0;0;3;88;1;49;0;80;0;0;10;65;3;9;3;97;2;15;3;15;0;0;6;76;0;100;3;90;9;37;3;14;0;0;0;0;0;0;0;0;0;0;0;0;0;0;0;0
04.12.2024;09:54;A 17;1;0;100;3;20;1;2;0;0;3;0;4;70;1;29;5;65;1;8;12;68;0;0;1;99;0;0;0;0;0;0;1;26;1;14;1;35;1;18;1;0;0;0;0;0;1;1;0;0;0;0;0;0;0;0;0;0
04.12.2024;09:53;A 17;1;0;100;0;91;1;2;1;30;2;0;3;58;2;72;3;18;3;15;14;66;1;36;0;100;1;40;1;7;0;0;5;28;0;24;4;49;0;0;3;4;2;3;0;0;0;0;0;0;2;3;0;0;0;0;0;0
04.12.2024;09:52;A 17;1;0;100;4;88;0;0;0;0;1;13;1;15;2;64;1;5;1;3;14;71;2;16;1;99;1;25;1;23;0;0;2;23;3;22;3;24;4;4;2;0;0;0;0;0;1;1;0;0;0;0;0;0;1;2;0;0
04.12.2024;09:51;A 17;1;0;100;4;56;2;9;0;0;0;0;5;53;1;64;3;24;1;3;10;78;4;10;0;100;2;23;6;26;0;0;2;12;1;0;3;11;0;0;2;4;0;0;0;0;0;0;0;0;0;0;0;0;0;0;0;0
04.12.2024;09:50;A 17;1;0;100;5;28;2;5;0;0;2;0;2;2;3;44;2;8;3;32;13;65;0;0;0;100;0;0;0;0;0;0;5;58;5;39;3;35;5;21;4;26;0;0;0;0;0;0;0;0;0;0;0;0;0;0;0;0
04.12.2024;09:49;A 17;1;0;100;3;36;1;0;0;0;1;1;2;1;0;0;2;6;0;0;10;74;1;0;0;100;0;3;0;7;0;0;1;52;1;51;1;54;1;1;3;11;0;0;0;0;1;1;0;0;0;0;0;0;1;1;0;0
04.12.2024;09:48;A 17;1;0;100;1;85;0;0;1;7;3;5;5;48;1;39;0;55;0;39;11;68;4;17;0;100;2;22;1;12;0;0;3;32;1;15;3;45;1;43;0;0;1;1;1;1;0;0;0;0;1;2;1;2;0;0;0;0
04.12.2024;09:47;A 17;1;0;100;2;68;1;2;0;0;2;31;3;76;2;62;3;77;2;58;6;86;0;0;0;100;0;0;0;0;0;0;3;4;1;27;2;11;1;99;1;32;0;0;0;0;0;0;0;0;0;0;0;0;0;0;0;0
04.12.2024;09:46;A 17;1;0;100;3;33;0;0;0;0;0;0;4;56;3;60;2;16;4;53;10;70;1;1;0;100;1;2;1;2;0;0;0;0;1;27;0;0;0;100;1;1;0;0;0;0;0;0;0;0;0;0;0;0;0;0;0;0
04.12.2024;09:45;A 17;1;0;100;3;76;1;3;0;0;2;0;4;62;0;1;4;75;0;0;9;72;0;0;0;100;0;0;0;0;0;0;5;13;2;2;0;23;1;87;2;7;0;0;0;0;1;1;0;0;1;2;0;0;1;1;0;0
04.12.2024;09:44;A 17;1;0;100;2;79;0;0;0;0;0;0;2;88;2;93;2;50;2;81;14;66;1;37;1;98;0;43;1;39;0;0;4;83;1;1;1;98;1;2;5;11;0;0;0;0;0;0;1;1;0;0;0;0;0;0;1;1
04.12.2024;09:43;A 17;1;0;100;4;36;0;0;0;0;1;0;1;69;1;71;0;70;1;33;12;58;2;25;2;96;3;34;1;7;0;0;3;89;0;70;1;93;7;43;4;14;0;0;0;0;0;0;0;0;0;0;0;0;0;0;0;0
04.12.2024;09:42;A 17;1;0;100;2;76;0;0;1;4;2;35;4;60;1;51;3;75;1;37;6;54;1;42;1;75;1;45;1;6;0;0;6;45;5;67;5;39;5;28;4;17;0;0;0;0;0;0;0;0;0;0;0;0;0;0;0;0
04.12.2024;09:41;A 17;1;0;100;4;27;0;0;0;0;0;0;1;0;1;25;1;6;1;29;10;55;1;1;1;87;1;4;1;4;0;0;6;41;3;11;1;53;3;7;3;5;0;0;0;0;0;0;0;0;0;0;0;0;0;0;0;0
04.12.2024;09:40;A 17;1;0;100;1;70;0;0;0;0;0;14;1;20;0;0;0;21;0;0;8;26;1;1;1;53;1;3;2;4;0;0;3;36;1;28;5;37;1;17;1;15;0;0;0;0;0;0;0;0;0;0;1;2;0;0;0;0
04.12.2024;09:39;A 17;1;0;100;2;70;1;3;0;0;1;10;3;52;0;0;2;47;0;0;14;59;2;10;1;92;2;23;3;32;0;0;0;0;1;13;1;0;1;4;1;1;0;1;0;0;1;1;0;0;0;0;0;0;1;1;0;0
04.12.2024;09:38;A 17;1;0;100;3;81;0;0;1;15;1;0;2;70;0;0;2;49;0;0;13;65;3;58;0;100;0;91;3;47;0;0;1;1;0;0;1;3;0;0;0;7;1;0;0;0;0;0;0;0;1;0;0;0;0;0;0;0
04.12.2024;09:37;A 17;1;0;100;6;41;0;0;0;0;1;0;3;90;2;84;2;66;0;0;9;66;3;31;1;92;3;34;4;6;0;0;4;65;1;3;3;33;1;5;3;18;0;0;0;0;0;0;0;0;0;0;0;0;0;0;0;0
04.12.2024;09:36;A 17;1;0;100;4;32;0;0;0;0;1;46;5;58;0;0;1;83;1;1;8;46;1;5;1;68;1;8;1;9;0;0;1;75;2;1;1;12;0;0;2;7;1;1;0;0;0;0;0;0;0;0;1;1;0;0;0;0
04.12.2024;09:35;A 17;1;0;100;5;61;1;3;0;0;1;49;5;56;3;60;1;66;2;40;6;66;0;0;4;89;0;0;0;0;0;0;5;65;1;2;4;72;1;4;1;3;0;0;0;0;0;0;1;1;0;0;0;0;0;0;0;0
04.12.2024;09:34;A 17;1;0;100;2;71;0;0;1;50;1;90;1;91;2;1;3;94;1;2;14;58;2;26;2;97;2;35;2;12;0;0;4;27;2;3;2;30;2;2;3;12;0;0;0;0;1;1;0;0;0;0;0;0;1;2;0;0
04.12.2024;09:33;A 17;1;0;100;4;53;0;0;0;0;0;0;3;27;1;60;1;45;1;3;12;38;0;0;3;74;0;0;0;0;0;0;5;88;3;78;0;100;4;46;1;21;0;0;0;0;0;0;0;0;0;0;0;0;0;0;0;0
04.12.2024;09:32;A 17;1;0;100;1;49;0;0;0;0;3;2;4;59;1;53;0;64;1;24;9;42;0;0;1;72;0;0;0;0;0;0;8;66;1;31;4;87;1;4;1;14;0;0;0;0;0;0;0;0;0;0;0;0;0;0;0;0
04.12.2024;09:31;A 17;1;0;100;2;24;0;0;0;0;1;1;1;33;2;30;1;22;1;28;10;69;0;0;0;100;0;0;0;0;0;0;4;58;1;4;1;71;1;10;2;6;0;0;0;0;0;0;0;0;0;0;0;0;0;0;0;0
04.12.2024;09:30;A 17;1;0;100;2;62;1;4;1;17;0;0;1;1;1;54;1;7;2;48;16;43;1;26;3;87;0;30;1;34;0;0;1;32;0;0;1;38;0;0;0;0;0;0;0;0;0;0;0;0;0;0;0;0;0;0;0;0
04.12.2024;09:29;A 17;1;0;100;3;31;1;6;0;0;1;0;7;64;1;54;3;77;1;5;5;64;1;41;5;63;1;44;0;0;0;0;6;65;2;60;0;82;3;63;2;43;0;0;0;0;0;0;0;0;0;0;0;0;0;0;0;0
04.12.2024;09:28;A 17;1;0;100;3;28;1;2;0;0;1;2;1;40;5;58;2;31;1;3;12;56;2;13;4;95;2;19;2;8;0;0;2;49;3;66;4;60;3;15;4;10;0;0;0;0;0;0;0;0;0;0;0;0;0;0;0;0
04.12.2024;09:27;A 17;1;0;100;0;65;1;2;0;35;0;0;1;37;1;2;1;8;0;2;11;41;1;31;2;81;1;35;3;13;0;0;1;27;0;0;1;34;0;0;0;0;0;0;0;0;1;1;0;0;0;0;0;0;1;1;0;0
04.12.2024;09:26;A 17;1;0;100;0;100;1;2;1;25;1;76;2;20;1;75;2;14;1;2;10;41;3;55;1;65;1;66;1;52;0;0;33;26;1;0;2;85;0;0;2;2;0;0;0;0;0;0;0;0;0;0;0;0;0;0;0;0
04.12.2024;09:25;A 17;1;0;100;0;100;1;2;1;55;4;42;4;29;1;17;0;40;1;3;4;86;2;62;0;100;1;67;1;4;0;0;3;24;1;23;0;28;1;5;1;35;0;0;0;0;0;0;0;0;0;0;0;0;0;0;0;0
04.12.2024;09:24;A 17;1;0;100;1;98;2;9;1;33;2;2;6;57;0;3;2;54;1;3;7;68;1;61;1;81;0;64;1;32;0;0;8;77;2;31;0;100;2;8;0;31;1;1;0;0;0;0;0;0;1;1;0;0;1;1;1;1
04.12.2024;09:23;A 17;1;0;100;3;48;1;4;0;0;4;44;2;94;1;96;0;100;1;86;16;24;2;22;3;67;2;26;1;7;0;0;2;86;2;83;2;95;1;87;2;10;0;0;0;0;0;0;0;0;1;1;0;0;0;0;0;0
04.12.2024;09:22;A 17;1;0;100;1;93;0;0;1;20;2;51;2;53;1;70;3;59;1;5;2;92;1;76;0;100;1;80;1;8;0;0;6;13;5;5;4;25;1;1;1;12;0;0;0;0;0;0;0;0;1;1;0;0;0;0;0;0
04.12.2024;09:21;A 17;1;0;100;6;54;2;8;0;0;1;0;1;62;0;0;1;6;0;0;18;38;2;7;3;97;0;15;1;29;0;0;2;57;2;80;1;69;2;79;2;2;0;0;0;0;0;0;0;0;0;0;0;0;0;0;0;0
04.12.2024;09:20;A 17;1;0;100;4;25;1;0;0;0;0;0;2;62;0;62;1;65;0;0;10;31;1;21;2;64;1;23;0;17;0;0;0;0;1;48;0;0;1;3;1;10;0;0;1;1;0;0;0;0;1;2;1;1;0;0;0;0
04.12.2024;09:19;A 17;1;0;100;1;52;0;0;0;0;1;1;6;53;1;54;2;47;1;6;5;78;2;5;2;96;2;12;2;13;0;0;5;27;2;11;1;42;1;3;1;27;1;1;0;0;0;0;1;1;1;1;0;0;0;0;1;1
04.12.2024;09:18;A 17;1;0;100;2;78;2;5;1;12;1;1;0;100;1;0;0;100;1;3;14;58;1;1;0;90;1;2;2;3;0;0;4;75;3;6;4;87;0;0;2;3;1;1;0;0;0;0;0;0;0;0;0;0;0;0;0;0
04.12.2024;09:17;A 17;1;0;100;2;32;0;0;0;0;1;0;4;3;0;45;3;22;0;0;10;83;0;0;0;100;0;0;0;0;0;0;8;56;1;50;1;73;1;47;2;9;0;0;1;1;0;0;0;0;0;0;0;0;0;0;0;0
04.12.2024;09:16;A 17;1;0;100;0;100;0;0;1;9;10;10;11;28;2;34;2;51;2;39;1;94;1;36;0;100;1;40;1;4;0;0;3;19;3;11;2;31;3;16;1;37;0;0;0;0;1;1;0;0;0;0;0;0;1;1;0;0
04.12.2024;09:15;A 17;1;0;100;1;68;0;0;1;10;0;0;1;65;2;0;1;71;3;19;10;39;3;33;2;70;2;39;2;54;0;0;3;46;1;0;2;42;0;0;1;0;0;0;0;0;0;0;0;0;0;0;0;0;0;0;0;0
04.12.2024;09:14;A 17;1;0;100;3;67;0;0;0;0;0;0;2;73;1;0;1;53;1;0;10;41;3;40;6;77;3;46;3;11;0;0;8;87;1;70;1;99;1;3;3;20;0;0;0;0;1;1;0;0;0;0;0;0;1;1;0;0
04.12.2024;09:13;A 17;1;0;100;2;75;0;0;0;0;1;0;2;28;0;0;1;27;0;0;7;39;0;0;2;67;0;0;0;0;0;0;2;24;1;52;1;31;1;5;1;6;0;0;0;0;0;0;0;0;0;0;0;0;0;0;0;0
04.12.2024;09:12;A 17;1;0;100;1;61;3;6;0;0;0;0;1;84;0;0;2;85;0;0;18;41;1;1;0;96;2;5;1;4;0;0;1;65;1;54;2;58;1;3;0;0;0;0;0;0;0;0;0;0;0;0;0;0;0;0;0;0
04.12.2024;09:11;A 17;1;0;100;3;54;0;0;0;0;3;1;4;4;2;58;5;26;1;59;4;51;1;4;3;68;0;9;0;16;0;0;6;65;1;56;0;82;1;28;2;22;0;0;0;0;0;0;0;0;0;0;0;0;0;0;0;0
04.12.2024;09:10;A 17;1;0;100;3;54;1;3;0;0;3;1;5;27;2;15;2;33;4;15;8;81;2;57;1;97;4;62;1;16;0;0;7;40;4;62;4;59;2;33;4;33;0;0;0;0;1;1;0;0;0;0;0;0;1;1;0;0
04.12.2024;09:09;A 17;1;0;100;0;64;0;0;0;0;0;0;1;37;0;0;1;43;0;0;16;58;2;38;0;100;1;49;4;25;0;0;2;63;1;36;3;70;2;33;0;0;0;0;0;0;1;1;0;0;0;0;0;0;1;1;0;0
04.12.2024;09:08;A 17;1;0;100;3;80;0;0;0;0;1;0;6;62;2;4;0;75;2;8;7;71;1;14;1;93;1;16;0;0;0;0;11;62;1;56;0;97;1;40;1;37;1;1;0;0;0;0;0;0;1;1;0;0;0;0;1;2
04.12.2024;09:07;A 17;1;0;100;1;15;0;0;0;0;0;0;2;58;3;23;2;63;1;7;11;69;1;1;0;100;1;2;1;2;0;0;3;63;2;8;2;68;2;15;2;17;0;0;0;0;0;0;0;0;0;0;0;0;0;0;0;0
04.12.2024;09:06;A 17;1;0;100;2;63;1;4;0;0;1;1;3;17;0;0;1;30;1;8;14;64;0;0;1;98;0;0;1;0;0;0;4;49;1;6;1;64;2;14;2;27;0;0;0;0;0;0;0;0;0;0;0;0;0;0;0;0
04.12.2024;09:05;A 17;1;0;100;2;51;0;0;0;14;1;1;1;92;1;93;0;100;2;87;16;41;3;12;1;85;2;22;3;45;0;0;1;68;1;49;1;76;1;42;2;4;0;0;0;0;0;0;1;1;0;0;0;0;0;0;1;1
04.12.2024;09:04;A 17;1;0;100;1;64;0;0;1;4;3;1;10;58;2;46;5;73;3;31;1;98;1;19;1;54;1;22;0;0;0;0;6;32;2;4;4;56;2;5;1;40;0;0;0;0;0;0;0;0;0;0;0;0;0;0;0;0
04.12.2024;09:03;A 17;1;0;100;0;74;1;5;0;0;0;0;1;64;1;73;1;71;2;39;15;61;2;5;0;100;0;50;3;21;0;0;1;37;1;5;2;34;1;1;1;11;0;0;0;0;1;1;1;1;0;0;0;0;1;0;1;2
04.12.2024;09:02;A 17;1;0;100;2;54;1;4;0;0;4;2;7;79;1;51;2;94;1;42;12;56;2;2;4;92;3;52;2;5;0;0;3;78;3;90;0;83;0;83;1;26;1;1;0;0;0;0;0;0;0;0;0;0;0;0;0;0
04.12.2024;09:01;A 17;1;0;100;2;26;0;0;0;0;3;1;5;62;1;61;4;75;1;3;7;78;2;36;0;100;1;39;3;8;0;0;5;14;1;13;4;31;1;5;1;28;0;0;0;0;0;0;0;0;0;0;3;6;0;0;0;0
04.12.2024;09:00;A 17;1;0;100;2;60;2;6;0;0;1;2;4;57;1;12;2;28;1;4;13;59;1;1;1;97;1;2;1;3;0;0;2;63;2;70;2;68;2;55;1;2;0;0;0;0;3;5;0;0;0;0;0;0;0;0;0;0
04.12.2024;08:59;A 17;1;0;100;3;69;0;0;0;20;0;0;9;85;1;1;0;100;1;3;5;16;0;0;3;29;0;0;0;0;0;0;1;70;0;68;1;4;0;0;1;18;0;0;0;0;0;0;0;0;1;1;0;0;0;0;0;0
04.12.2024;08:58;A 17;1;0;100;0;100;0;0;1;40;4;3;6;82;0;13;0;100;1;4;12;35;2;27;2;85;3;32;2;31;0;0;7;77;3;76;1;42;1;28;3;40;0;0;1;1;0;0;0;0;1;1;2;3;0;0;0;0
04.12.2024;08:57;A 17;1;0;100;4;64;0;0;0;0;1;1;2;88;1;27;2;88;1;5;13;39;0;19;0;73;0;20;1;5;0;0;2;93;0;100;0;100;0;100;0;10;0;0;0;0;0;0;0;0;0;0;0;0;0;0;0;0
04.12.2024;08:56;A 17;1;0;100;3;57;0;0;0;0;3;2;5;74;2;71;3;78;0;71;11;67;2;29;1;98;2;32;1;16;0;0;4;84;2;93;1;79;13;72;1;29;0;0;0;0;0;0;0;0;0;0;0;0;0;0;0;0
04.12.2024;08:55;A 17;1;0;100;1;86;2;2;1;16;2;0;8;34;2;23;2;50;3;7;4;83;1;76;0;100;1;78;1;4;0;0;4;29;4;52;2;41;3;70;2;46;0;0;0;0;0;0;0;0;0;0;0;0;0;0;0;0
04.12.2024;08:54;A 17;1;0;100;2;47;1;17;0;0;1;1;1;83;0;0;2;77;0;0;16;56;0;0;2;97;0;0;0;0;0;0;1;25;1;40;1;31;2;40;0;5;0;0;0;0;0;0;0;0;0;0;0;0;0;0;0;0
04.12.2024;08:53;A 17;1;0;100;4;27;2;6;0;0;2;1;8;65;1;1;1;83;1;1;6;46;0;0;3;69;0;0;0;0;0;0;6;60;4;29;2;73;1;80;1;44;0;0;0;0;0;0;0;0;0;0;0;0;0;0;0;0
04.12.2024;08:52;A 17;1;0;100;3;83;0;0;0;0;0;0;4;71;1;0;1;78;0;0;6;85;4;18;0;100;1;19;5;6;0;0;7;49;3;6;7;47;2;6;2;23;0;0;0;0;0;0;0;0;0;0;0;0;0;0;0;0
04.12.2024;08:51;A 17;1;0;100;4;78;1;1;0;0;3;2;2;76;0;0;2;67;0;0;14;66;0;18;1;96;0;19;1;5;0;0;1;23;2;71;1;34;3;17;1;4;0;0;0;0;0;0;0;0;0;0;0;0;0;0;0;0
04.12.2024;08:50;A 17;1;0;100;1;5;0;0;0;0;3;1;12;74;1;0;0;97;0;0;4;58;1;33;4;73;1;34;0;0;0;0;4;57;0;56;2;50;0;0;1;11;0;0;0;0;0;0;0;0;0;0;0;0;0;0;0;0
04.12.2024;08:49;A 17;1;0;100;2;31;0;0;0;0;0;0;6;47;2;13;3;67;2;5;8;70;3;60;2;87;1;68;2;27;0;0;3;19;1;17;2;26;1;4;0;0;0;0;0;0;1;1;0;0;0;0;0;0;0;0;0;0
04.12.2024;08:48;A 17;1;0;100;1;63;0;0;0;0;0;0;7;28;0;0;3;40;0;0;14;59;3;5;1;92;3;11;3;16;0;0;4;51;1;4;3;60;0;1;1;36;0;0;0;0;0;0;0;0;0;0;0;0;0;0;0;0
04.12.2024;08:47;A 17;1;0;100;1;67;0;0;0;0;1;1;2;96;2;1;0;100;0;0;19;52;3;26;0;100;1;35;2;40;0;0;2;93;3;32;0;100;1;38;2;10;0;0;0;0;1;1;0;0;0;0;0;0;1;1;0;0
04.12.2024;08:46;A 17;1;0;100;0;100;0;0;1;27;3;2;12;63;1;7;2;95;1;3;2;76;1;93;1;92;0;100;2;7;0;0;8;39;4;57;3;57;0;67;2;66;1;1;0;0;0;0;0;0;0;0;0;0;0;0;0;0
04.12.2024;08:45;A 17;1;0;100;2;39;0;0;0;0;0;0;0;100;1;78;1;99;1;5;9;23;4;16;0;45;3;26;3;36;0;0;1;94;1;69;0;100;2;20;1;6;0;0;0;1;1;1;0;0;0;0;1;1;0;0;0;0
04.12.2024;08:44;A 17;1;0;100;1;45;1;2;0;0;0;0;3;54;1;0;1;58;0;0;3;62;1;66;1;74;1;70;0;25;0;0;6;51;2;1;2;66;1;2;3;4;0;0;2;2;0;0;0;0;0;0;1;1;0;0;1;1
04.12.2024;08:43;A 17;1;0;100;1;53;0;0;1;1;4;5;9;65;3;57;2;93;2;31;9;59;4;48;3;89;2;58;2;16;0;0;3;29;0;0;3;10;0;0;0;0;0;0;0;0;0;0;0;0;0;0;0;0;0;0;0;0
04.12.2024;08:42;A 17;1;0;100;1;81;0;0;0;0;1;0;1;38;1;55;1;49;1;3;15;50;3;5;1;88;3;10;2;48;0;0;0;0;0;0;0;0;0;0;0;0;2;3;0;0;0;0;0;0;0;0;0;0;0;0;0;0
04.12.2024;08:41;A 17;1;0;100;1;30;0;0;0;0;1;0;9;63;1;30;1;82;1;4;3;63;0;0;2;57;0;0;0;0;0;0;4;76;1;1;1;83;1;2;1;32;0;0;0;0;0;0;0;0;0;0;0;0;0;0;0;0
04.12.2024;08:40;A 17;1;0;100;2;32;0;0;0;0;3;3;8;55;0;0;3;74;0;0;8;44;1;1;1;73;1;3;1;3;0;0;5;27;2;22;2;38;0;0;1;7;0;0;2;3;0;0;0;0;0;0;0;0;0;0;0;0
04.12.2024;08:39;A 17;1;0;100;0;93;1;4;1;10;1;0;1;72;0;0;3;39;0;0;12;64;0;0;0;91;0;0;0;0;0;0;1;47;1;1;1;54;1;3;0;0;1;1;0;0;0;0;0;0;0;0;0;0;0;0;0;0
04.12.2024;08:38;A 17;1;0;100;2;64;0;17;0;0;2;0;7;79;1;32;0;92;1;4;10;30;0;0;1;54;0;0;0;0;0;0;2;55;1;55;2;56;1;3;2;26;0;0;0;0;0;0;0;0;0;0;0;0;0;0;0;0
04.12.2024;08:37;A 17;1;0;100;2;56;1;26;0;0;6;3;12;46;2;30;2;97;1;28;1;57;1;1;1;65;1;3;1;2;0;0;7;32;1;26;5;46;1;2;1;59;0;0;0;0;0;0;0;0;0;0;0;0;0;0;0;0
04.12.2024;08:36;A 17;1;0;100;3;79;2;6;1;11;4;5;8;10;1;43;1;95;2;45;12;71;1;20;0;99;1;26;1;24;0;0;8;67;3;60;3;60;2;7;0;39;0;0;0;0;0;0;0;0;0;0;0;0;0;0;0;0
04.12.2024;08:35;A 17;1;0;100;2;61;1;3;0;0;1;0;2;95;0;0;0;100;0;0;14;24;2;6;5;70;1;11;2;42;0;0;3;83;2;89;1;91;2;71;2;13;0;0;0;0;0;0;0;0;0;0;0;0;0;0;0;0
04.12.2024;08:34;A 17;1;0;100;0;99;0;0;1;20;1;0;10;75;0;11;1;99;0;0;4;86;2;67;0;100;1;77;2;18;0;0;5;20;2;4;3;28;0;0;1;0;0;0;0;0;0;0;0;0;0;0;0;0;0;0;0;0
04.12.2024;08:33;A 17;1;0;100;0;100;0;0;1;29;5;3;7;73;2;71;0;100;0;2;8;64;1;63;2;94;0;68;1;36;0;0;5;48;2;28;3;33;0;30;0;38;0;0;0;0;0;0;0;0;0;0;0;0;0;0;0;0
04.12.2024;08:32;A 17;1;0;100;2;80;0;13;0;0;1;0;2;94;2;89;0;100;2;65;18;43;2;16;3;93;2;22;2;45;0;0;2;68;1;98;2;80;0;100;1;2;0;0;0;0;0;0;0;0;0;0;0;0;0;0;0;0
04.12.2024;08:31;A 17;1;0;100;0;100;2;43;0;0;6;3;11;42;5;53;3;70;0;64;1;83;2;4;2;88;2;7;1;1;0;0;3;8;3;31;3;15;2;34;2;52;0;0;0;0;0;0;0;0;0;0;0;0;0;0;0;0
04.12.2024;08:30;A 17;1;0;100;2;61;0;0;0;0;1;0;1;78;0;100;2;76;0;100;9;35;7;72;3;62;0;96;7;65;0;0;1;1;1;34;0;3;2;32;1;0;0;0;0;0;1;1;0;0;0;0;0;0;0;0;0;0
04.12.2024;08:29;A 17;1;0;100;1;98;0;0;0;0;2;1;3;61;4;75;1;66;3;80;8;70;2;44;2;67;2;49;1;4;0;0;8;74;5;74;3;92;1;77;4;20;0;0;0;0;0;0;0;0;0;0;0;0;0;0;0;0
04.12.2024;08:28;A 17;1;0;100;2;24;0;0;0;0;1;1;7;73;1;1;2;81;1;1;9;13;1;11;4;83;1;28;2;8;0;0;4;84;0;0;0;100;1;2;2;19;0;0;0;0;0;0;0;0;0;0;0;0;0;0;0;0
04.12.2024;08:27;A 17;1;0;100;0;70;0;0;1;9;2;3;1;91;0;0;2;46;0;0;18;54;1;35;3;94;0;40;1;48;0;0;3;62;2;23;3;71;0;0;0;0;0;0;0;0;1;1;0;0;0;0;0;0;1;1;0;0
04.12.2024;08:26;A 17;1;0;100;2;82;0;0;0;0;2;1;5;67;1;77;0;81;1;7;8;52;2;45;3;85;1;47;0;36;0;0;3;42;1;64;1;52;1;3;2;27;0;0;0;0;2;3;0;0;0;0;0;0;2;3;0;0
04.12.2024;08:25;A 17;1;0;100;0;100;0;0;0;0;3;2;6;69;1;3;1;87;1;4;8;76;3;27;0;99;2;27;3;19;0;0;6;14;2;34;0;27;2;7;1;36;0;0;0;0;0;0;0;0;0;0;0;0;0;0;0;0
04.12.2024;08:24;A 17;1;0;100;4;40;0;0;0;0;5;5;2;93;1;96;1;68;1;95;10;33;4;22;6;70;1;28;1;30;0;0;1;61;3;40;1;69;3;13;2;12;0;0;0;0;0;0;0;0;1;1;0;0;0;0;0;0
04.12.2024;08:23;A 17;1;0;100;2;77;0;0;0;0;1;0;7;55;2;20;2;77;2;9;10;57;1;0;1;82;0;0;0;0;0;0;1;54;0;54;1;5;0;0;1;25;0;0;0;0;1;1;0;0;0;0;0;0;1;2;0;0
04.12.2024;08:22;A 17;1;0;100;0;100;0;0;1;65;6;6;4;24;2;7;0;27;2;12;5;64;0;0;2;85;0;0;0;0;0;0;6;40;6;72;2;38;1;66;3;52;1;1;0;0;0;0;0;0;0;0;0;0;0;0;0;0
04.12.2024;08:21;A 17;1;0;100;1;96;0;0;0;0;6;8;6;82;0;0;0;100;0;0;13;61;1;41;0;92;0;45;1;52;0;0;5;76;0;100;2;92;0;100;2;4;0;0;0;0;0;0;1;1;0;0;0;0;0;0;0;0
04.12.2024;08:20;A 17;1;0;100;3;29;1;2;0;0;3;1;6;82;2;78;0;100;2;38;14;54;1;47;1;99;1;50;0;0;0;0;5;91;2;22;0;100;3;25;1;10;1;1;0;0;0;0;0;0;1;1;0;0;0;0;0;0
04.12.2024;08:19;A 17;1;0;100;0;100;0;0;0;0;4;6;9;78;1;46;0;100;2;9;10;68;1;62;1;95;1;66;2;18;0;0;3;43;2;6;2;45;2;6;4;32;0;0;0;0;0;0;0;0;0;0;0;0;0;0;0;0
04.12.2024;08:18;A 17;1;0;100;0;100;1;5;1;16;1;0;6;58;1;70;3;68;2;5;12;72;3;56;0;100;2;63;1;41;0;0;7;21;1;24;4;39;0;2;0;34;0;0;0;0;0;0;0;0;0;0;0;0;0;0;0;0
04.12.2024;08:17;A 17;1;0;100;3;42;0;0;0;0;1;0;2;94;1;95;0;100;1;67;16;36;2;27;4;86;5;37;2;42;0;0;2;97;1;97;1;97;1;89;3;7;0;0;0;0;0;0;0;0;0;0;0;0;0;0;0;0
04.12.2024;08:16;A 17;1;0;100;2;34;1;3;0;0;0;0;10;70;3;22;3;79;3;8;7;32;2;22;2;54;2;28;2;5;0;0;2;51;2;90;2;22;0;45;2;41;0;0;0;0;0;0;0;0;0;0;0;0;0;0;0;0
04.12.2024;08:15;A 17;1;0;100;0;85;0;0;1;14;3;1;4;83;3;6;0;100;1;9;17;61;1;2;0;100;1;4;1;7;0;0;1;55;2;56;2;20;4;38;0;13;0;0;0;0;0;0;0;0;0;0;0;0;0;0;0;0
04.12.2024;08:14;A 17;1;0;100;3;86;0;0;0;0;0;0;2;94;1;95;0;100;1;88;19;48;3;53;0;100;0;60;3;59;0;0;0;0;1;81;0;0;2;66;1;5;0;0;0;0;0;0;0;0;0;0;0;0;0;0;0;0
04.12.2024;08:13;A 17;1;0;100;2;62;1;3;1;11;5;1;10;44;3;54;2;71;2;29;2;85;2;90;0;100;1;97;1;5;0;0;7;30;2;52;2;47;0;30;1;46;0;0;0;0;0;0;0;0;0;0;0;0;0;0;0;0
04.12.2024;08:12;A 17;1;0;100;0;79;14;17;0;27;0;0;1;75;1;50;2;59;2;38;14;51;1;1;0;100;1;2;1;5;0;0;1;42;1;79;1;49;2;80;0;0;0;0;0;0;0;0;0;0;0;0;0;0;0;0;0;0
04.12.2024;08:11;A 17;1;0;100;0;100;0;0;1;32;3;0;9;67;0;0;2;87;0;0;10;73;0;2;0;100;0;3;1;6;0;0;4;8;1;56;3;15;4;1;1;13;0;0;1;1;0;0;0;0;1;1;0;0;0;0;0;0
04.12.2024;08:10;A 17;1;0;100;0;100;0;0;1;64;6;3;13;53;1;1;4;96;1;2;1;95;1;0;0;100;1;1;0;0;0;0;2;31;3;33;3;28;4;14;1;58;0;0;1;1;0;0;0;0;0;0;0;0;0;0;0;0
04.12.2024;08:09;A 17;1;0;100;0;100;0;0;0;0;4;2;1;71;1;1;2;56;1;3;9;75;1;53;0;100;0;57;2;25;0;0;1;23;2;9;1;28;6;18;0;27;0;0;0;0;0;0;0;0;0;0;0;0;0;0;0;0
04.12.2024;08:08;A 17;1;0;100;3;29;2;4;0;0;5;2;8;77;1;49;1;99;1;5;4;80;2;26;0;100;2;32;1;15;0;0;5;82;2;61;2;81;2;41;1;28;0;0;0;0;0;0;0;0;0;0;0;0;0;0;0;0
04.12.2024;08:07;A 17;1;0;100;1;83;0;0;0;0;1;0;5;55;0;22;2;50;0;0;7;86;2;4;0;100;2;7;2;11;0;0;9;58;2;4;4;54;2;6;2;16;0;0;0;0;4;6;0;0;0;0;0;0;2;3;0;0
04.12.2024;08:06;A 17;1;0;100;1;94;1;4;0;0;0;0;1;99;1;1;0;100;1;5;10;68;4;59;0;100;0;71;4;29;0;0;1;60;4;7;2;65;1;4;3;11;0;0;0;0;0;0;0;0;0;0;0;0;0;0;0;0
04.12.2024;08:05;A 17;1;0;100;3;28;0;0;0;0;2;1;6;75;0;70;1;94;0;0;12;59;3;25;0;100;3;35;4;12;0;0;8;76;1;68;0;96;0;0;2;27;0;0;0;0;0;0;0;0;0;0;0;0;0;0;0;0
04.12.2024;08:04;A 17;1;0;100;2;32;1;4;0;0;2;1;8;72;2;51;2;92;2;8;3;92;1;15;0;100;1;17;0;0;0;0;8;55;2;45;4;74;2;50;2;37;2;3;1;1;0;0;0;0;0;0;1;1;0;0;0;0
04.12.2024;08:03;A 17;1;0;100;1;55;0;0;1;3;0;0;1;95;0;0;1;82;0;0;10;73;5;39;0;100;3;58;2;46;0;0;3;58;3;59;1;70;3;47;2;15;1;1;0;0;0;0;0;0;0;0;0;0;0;0;0;0
04.12.2024;08:02;A 17;1;0;100;1;6;0;0;0;0;3;2;6;76;1;0;1;90;2;4;13;58;1;1;1;95;1;2;1;3;0;0;5;85;3;71;0;100;1;84;2;22;0;0;0;0;0;0;0;0;0;0;0;0;0;0;0;0
04.12.2024;08:01;A 17;1;0;100;2;36;0;0;0;0;1;0;8;84;0;1;0;100;0;0;9;76;4;3;0;100;0;0;0;0;0;0;4;17;2;35;5;28;1;37;1;42;0;0;0;0;0;0;0;0;0;0;0;0;0;0;0;0
04.12.2024;08:00;A 17;1;0;100;2;61;0;1;1;7;4;2;10;78;2;61;1;97;2;54;9;68;1;1;0;100;1;2;1;3;0;0;5;82;12;86;0;25;0;100;0;100;0;0;0;0;0;0;0;0;0;0;0;0;0;0;0;0
04.12.2024;07:59;A 17;1;0;100;0;100;1;2;0;10;0;0;2;94;0;0;1;95;0;0;19;41;2;11;3;93;3;19;4;50;0;0;2;70;2;66;2;78;2;70;1;5;0;0;0;0;1;1;0;0;0;0;0;0;2;4;0;0
04.12.2024;07:58;A 17;1;0;100;0;100;0;0;1;75;2;0;10;61;1;31;2;69;1;1;3;66;1;6;1;78;1;10;0;1;0;0;4;38;2;62;0;45;0;45;2;47;0;0;0;0;0;0;0;0;0;0;0;0;0;0;0;0
04.12.2024;07:57;A 17;1;0;100;2;96;1;3;0;43;5;2;5;83;3;68;0;100;1;16;16;55;3;87;0;100;0;96;1;63;0;0;2;38;1;26;2;48;2;8;0;0;0;0;0;0;0;0;0;0;0;0;0;0;0;0;0;0
04.12.2024;07:56;A 17;1;0;100;1;99;0;0;1;36;4;4;7;81;3;89;0;100;0;100;8;70;3;25;0;100;2;36;5;15;0;0;5;70;0;70;0;90;0;0;1;9;0;0;0;0;0;0;0;0;0;0;0;0;1;2;0;0
04.12.2024;07:55;A 17;1;0;100;2;41;0;0;1;2;1;35;10;81;1;26;0;100;2;28;9;69;4;51;0;100;1;62;4;22;0;0;4;50;3;86;1;66;0;46;1;42;0;0;0;0;0;0;0;0;0;0;0;0;0;0;0;0
04.12.2024;07:54;A 17;1;0;100;0;90;0;0;1;35;5;65;6;69;0;1;0;100;0;0;11;72;3;90;0;100;0;100;2;42;0;0;1;39;4;39;2;34;2;59;0;42;0;0;0;0;0;0;0;0;0;0;0;0;0;0;0;0
04.12.2024;07:53;A 17;1;0;100;5;49;0;0;0;0;2;0;8;80;2;0;0;100;1;2;12;55;1;29;1;99;1;33;0;0;0;0;6;73;3;85;1;91;1;86;1;26;0;0;0;0;0;0;0;0;0;0;0;0;0;0;0;0
04.12.2024;07:52;A 17;1;0;100;5;48;0;0;0;0;4;2;12;68;0;0;1;98;0;0;10;76;5;1;0;100;0;0;0;0;0;0;3;14;1;2;1;21;2;2;2;23;0;0;0;0;0;0;0;0;0;0;0;0;0;0;0;0
04.12.2024;07:51;A 17;1;0;100;1;74;2;3;0;0;0;0;8;82;2;36;0;100;1;4;11;59;0;38;1;99;0;41;1;8;0;0;2;62;1;61;2;38;1;5;1;4;0;0;0;0;0;0;1;1;0;0;0;0;0;0;1;2
04.12.2024;07:50;A 17;1;0;100;8;78;1;7;1;5;3;64;1;97;1;57;0;100;1;3;21;43;3;15;0;100;2;21;1;31;0;0;2;89;1;0;0;100;0;0;0;0;0;0;0;0;0;1;0;0;0;0;0;0;0;1;1;1
04.12.2024;07:49;A 17;1;0;100;1;40;4;12;0;0;5;4;13;56;6;38;2;94;1;57;1;96;0;0;0;100;0;0;0;0;0;0;4;28;2;4;1;37;2;4;1;37;0;0;0;0;1;0;0;0;0;0;0;0;2;1;1;1
04.12.2024;07:48;A 17;1;0;100;0;92;2;2;0;65;4;5;6;81;1;81;1;96;2;70;12;74;2;27;0;100;1;31;2;11;0;0;9;52;1;22;2;74;2;3;1;34;0;0;0;0;0;0;0;0;0;0;0;0;0;0;0;0
04.12.2024;07:47;A 17;1;0;100;2;94;1;1;1;12;0;0;2;96;0;0;0;100;0;0;17;59;3;37;0;100;2;13;5;50;0;0;1;95;3;79;0;100;1;90;1;5;1;1;0;0;0;0;0;0;5;8;0;0;0;0;0;0
04.12.2024;07:46;A 17;1;0;100;0;100;0;0;1;68;4;4;8;80;0;0;0;100;0;0;8;78;2;50;0;100;1;33;1;8;0;0;13;65;3;60;0;100;3;66;3;41;0;0;0;0;0;0;1;1;0;0;0;0;0;0;2;4
04.12.2024;07:45;A 17;1;0;100;0;100;0;0;1;50;3;7;0;100;0;0;2;91;0;0;9;70;2;58;0;100;0;73;2;26;0;0;3;32;6;41;2;76;5;28;2;4;0;0;0;0;0;0;0;0;0;0;0;0;0;0;0;0
04.12.2024;07:44;A 17;1;0;100;2;33;0;0;1;0;5;3;7;50;0;46;2;60;0;0;9;82;1;42;0;100;1;29;0;19;0;0;5;36;7;49;7;32;2;58;4;43;0;0;0;0;0;0;0;0;0;0;0;0;0;0;0;0
04.12.2024;07:43;A 17;1;0;100;1;49;0;0;0;0;2;0;4;33;2;27;5;45;2;5;4;77;3;26;6;85;2;34;3;6;0;0;8;38;3;49;3;58;1;1;7;29;0;0;1;1;1;1;0;0;0;0;0;0;1;1;0;0
04.12.2024;07:42;A 17;1;0;100;5;61;0;0;1;2;1;0;1;38;0;0;2;9;0;0;16;43;3;71;6;71;4;76;3;71;0;0;1;45;1;13;1;60;1;3;0;0;1;1;0;0;0;0;0;0;0;0;0;0;0;0;0;0
04.12.2024;07:41;A 17;1;0;100;5;28;1;3;0;0;3;3;3;56;0;0;1;59;0;0;5;9;0;0;1;27;0;0;0;5;0;0;5;61;5;75;1;81;0;91;2;44;0;0;0;0;0;0;0;0;0;0;0;0;0;0;0;0
04.12.2024;07:40;A 17;1;0;100;6;14;1;1;0;0;2;0;7;52;1;3;2;40;0;3;8;80;2;42;1;95;1;68;3;25;0;0;9;30;4;71;3;72;2;83;1;47;0;0;0;0;0;0;0;0;0;0;0;0;0;0;0;0
04.12.2024;07:39;A 17;1;0;100;8;15;0;0;0;0;1;2;1;55;1;70;1;63;2;13;19;37;0;0;3;71;0;0;0;0;0;0;1;78;0;100;1;98;1;65;0;0;1;1;0;0;0;0;0;0;2;3;0;0;0;0;0;0
04.12.2024;07:38;A 17;1;0;100;1;27;0;0;0;0;3;2;3;40;0;0;2;41;0;0;9;28;1;1;2;55;0;0;2;2;0;0;4;56;1;72;3;65;1;2;1;7;0;0;0;0;0;0;0;0;0;0;0;0;0;0;0;0
04.12.2024;07:37;A 17;1;0;100;3;31;0;0;0;0;1;0;2;22;1;1;0;29;1;1;6;81;1;5;0;100;0;0;2;3;0;0;8;29;3;53;2;48;2;36;2;18;0;0;0;0;0;0;0;0;0;0;0;0;0;0;0;0
04.12.2024;07:36;A 17;1;0;100;6;54;1;11;0;0;1;0;2;46;1;2;1;52;0;2;13;74;2;31;0;100;1;37;1;1;0;0;5;53;4;65;3;69;3;60;0;28;0;0;0;0;0;0;0;0;0;0;0;0;0;0;0;0
04.12.2024;07:35;A 17;1;0;100;6;20;1;1;0;0;1;72;3;77;2;65;4;85;3;46;17;36;1;5;3;73;1;7;1;8;0;0;2;94;1;95;0;100;1;84;1;5;0;0;0;0;0;0;0;0;0;0;0;0;0;0;0;0
04.12.2024;07:34;A 17;1;0;100;1;63;0;0;0;0;1;0;9;32;0;19;2;51;0;0;6;78;0;0;1;82;0;0;0;0;0;0;5;41;2;54;1;68;2;27;1;43;0;0;0;0;0;0;0;0;0;0;0;0;0;0;0;0
04.12.2024;07:33;A 17;1;0;100;6;65;0;0;0;0;0;0;0;100;1;35;0;100;1;2;15;61;1;3;1;98;0;0;2;3;0;0;3;55;5;42;4;49;2;17;1;2;0;0;0;0;0;0;0;0;0;0;1;1;0;0;0;0
04.12.2024;07:32;A 17;1;0;100;4;19;0;0;0;0;5;3;9;72;2;3;0;100;0;0;8;65;1;0;3;65;0;0;0;0;0;0;1;1;0;44;2;7;0;0;1;38;0;0;0;0;0;0;0;0;0;0;0;0;0;0;0;0
04.12.2024;07:31;A 17;1;0;100;1;81;0;0;1;2;3;2;5;76;0;0;3;86;0;0;9;81;0;0;0;100;0;0;0;0;0;0;7;10;3;46;0;27;3;8;2;29;0;0;0;0;0;0;0;0;0;0;0;0;0;0;0;0
04.12.2024;07:30;A 17;1;0;100;6;32;0;0;0;0;1;0;0;100;0;0;3;71;0;0;11;24;2;2;5;54;1;1;4;3;0;0;1;84;0;100;2;67;2;46;0;0;0;0;0;0;0;0;0;0;0;0;0;0;0;0;0;0
04.12.2024;07:29;A 17;1;0;100;0;100;1;2;0;0;2;1;3;60;1;54;2;63;4;8;3;41;0;0;1;53;0;0;0;0;0;0;2;34;1;5;1;49;2;7;0;0;0;0;0;0;0;0;0;0;0;0;0;0;0;0;0;0
04.12.2024;07:28;A 17;1;0;100;3;55;2;8;0;0;3;1;10;71;2;71;3;88;2;53;11;66;3;42;3;94;2;32;5;7;0;0;3;59;1;1;0;59;1;0;1;15;0;0;0;0;0;0;0;0;0;0;0;0;0;0;0;0
04.12.2024;07:27;A 17;1;0;100;1;86;1;2;1;10;10;7;2;81;1;90;1;89;2;47;14;69;1;38;1;97;1;12;3;53;0;0;2;63;0;0;2;81;0;0;2;11;1;1;0;0;0;0;0;0;2;3;0;0;0;0;0;0
04.12.2024;07:26;A 17;1;0;100;3;29;0;0;0;0;2;1;8;81;1;67;3;85;3;41;9;54;2;42;6;75;1;4;1;3;0;0;8;70;1;66;2;82;2;67;1;34;0;0;0;0;0;0;0;0;0;0;0;0;0;0;0;0
04.12.2024;07:25;A 17;1;0;100;2;38;1;2;0;0;2;1;6;87;2;46;0;74;2;24;9;51;2;6;4;66;0;0;2;10;0;0;2;46;4;33;1;54;3;3;3;16;0;1;0;0;0;0;0;0;1;1;0;0;0;0;0;0
04.12.2024;07:24;A 17;1;0;100;2;56;0;0;0;0;1;0;1;69;1;14;2;28;1;4;7;47;0;0;0;58;0;0;2;6;0;0;3;74;2;10;5;65;1;9;2;10;4;6;0;0;0;0;0;0;2;4;0;0;0;0;0;0
04.12.2024;07:23;A 17;1;0;100;1;49;0;0;0;0;2;1;6;76;0;0;1;85;0;0;11;52;1;6;4;86;0;0;0;0;0;0;3;56;3;84;5;49;1;91;1;30;0;0;0;0;0;0;0;0;0;0;0;0;0;0;0;0
04.12.2024;07:22;A 17;1;0;100;4;71;0;0;0;0;0;0;10;78;0;0;0;100;0;0;7;62;4;18;3;83;1;22;3;13;0;0;3;54;0;0;0;62;0;0;0;0;0;0;0;0;0;0;0;0;0;0;0;0;0;0;0;0
04.12.2024;07:21;A 17;1;0;100;2;93;0;0;1;27;3;1;5;83;1;3;1;64;0;7;11;54;0;0;1;87;0;0;0;0;0;0;1;71;0;0;3;74;0;0;1;26;0;0;0;0;0;0;0;0;0;0;0;0;0;0;0;0
04.12.2024;07:20;A 17;1;0;100;3;58;0;0;0;24;0;0;2;96;1;96;0;100;0;100;10;27;0;0;3;57;0;0;0;0;0;0;2;92;1;14;1;16;1;1;1;7;0;0;0;0;0;0;0;0;0;0;0;0;0;0;0;0
04.12.2024;07:19;A 17;1;0;100;3;56;1;4;1;5;5;4;9;66;3;65;4;62;1;47;3;47;0;0;4;50;0;0;0;0;0;0;1;20;1;0;3;14;0;0;0;0;0;0;0;0;0;0;0;0;0;0;0;0;0;0;0;0
04.12.2024;07:18;A 17;1;0;100;1;53;1;1;1;8;0;0;3;63;3;17;7;51;2;18;14;50;0;0;4;81;0;0;0;0;0;0;1;21;1;0;1;7;0;0;0;1;0;0;0;0;0;0;0;0;0;0;0;0;0;0;0;0
04.12.2024;07:17;A 17;1;0;100;1;4;0;0;0;0;1;0;5;74;0;0;4;80;1;24;14;55;0;0;3;96;0;0;0;0;0;0;2;73;4;75;0;78;1;63;6;26;0;0;0;0;0;0;0;0;0;0;0;0;0;0;0;0
04.12.2024;07:16;A 17;1;0;100;2;85;0;0;1;9;1;0;4;50;2;2;3;51;0;0;11;73;1;9;0;100;1;10;2;3;0;0;5;40;0;19;2;57;1;0;1;16;0;0;0;0;1;1;0;0;0;0;0;0;1;1;0;0
04.12.2024;07:15;A 17;1;0;100;1;92;1;2;0;0;0;0;1;44;0;6;2;9;0;0;12;66;0;0;0;100;0;0;0;0;0;0;1;53;1;24;2;49;2;5;0;8;0;0;0;0;0;0;0;0;0;0;0;0;0;0;0;0
04.12.2024;07:14;A 17;1;0;100;2;39;1;1;0;0;1;0;6;77;3;81;0;94;3;64;6;48;0;0;4;70;0;0;0;0;0;0;3;76;1;75;1;75;1;75;2;26;0;0;0;0;0;0;0;0;0;0;0;0;0;0;0;0
04.12.2024;07:13;A 17;1;0;100;4;19;0;0;0;0;2;1;6;67;1;0;3;56;1;0;4;57;0;0;1;62;0;0;0;0;0;0;3;38;2;38;3;26;2;42;1;16;0;0;0;0;0;0;0;0;0;0;0;0;0;0;0;0
04.12.2024;07:12;A 17;1;0;100;0;77;0;0;1;7;0;0;1;97;0;0;0;100;0;0;16;57;2;3;1;95;0;0;0;0;0;0;1;52;2;6;2;24;1;2;1;2;0;0;0;0;0;0;0;0;0;0;0;0;0;0;0;0
04.12.2024;07:11;A 17;1;0;100;3;34;0;0;0;0;1;0;4;22;1;44;5;29;1;1;5;75;0;0;1;90;0;0;0;0;0;0;4;5;3;48;3;19;3;2;3;21;0;0;0;0;0;0;0;0;0;0;0;0;0;0;0;0
04.12.2024;07:10;A 17;1;0;100;4;15;0;0;0;0;1;2;2;13;2;17;0;15;2;4;13;69;0;0;1;96;0;0;0;0;0;0;2;18;1;40;0;21;2;5;3;12;0;0;0;0;0;0;0;0;0;0;0;0;0;0;0;0
04.12.2024;07:09;A 17;1;0;100;5;45;1;2;0;0;1;0;1;18;1;72;3;6;3;8;18;23;0;0;4;71;0;0;0;0;0;0;1;98;1;34;0;100;2;6;0;0;0;0;0;0;0;0;0;0;0;0;0;0;0;0;0;0
04.12.2024;07:08;A 17;1;0;100;1;68;0;0;0;0;0;0;1;52;0;0;1;54;0;0;2;46;0;0;2;51;0;0;0;0;0;0;2;1;0;54;2;24;0;0;1;5;0;0;0;0;0;0;0;0;0;0;0;0;0;0;0;0
04.12.2024;07:07;A 17;1;0;100;3;20;1;3;0;0;2;0;12;30;1;5;5;46;0;0;7;71;1;30;1;69;1;21;2;2;0;0;2;11;1;7;1;13;1;2;0;0;0;0;0;0;1;1;0;0;0;0;0;0;1;1;0;0
04.12.2024;07:06;A 17;1;0;100;1;20;0;0;0;0;0;0;1;96;1;90;1;64;1;1;17;39;0;10;4;61;1;2;1;3;0;0;0;100;0;0;0;0;0;0;0;0;0;0;0;0;0;0;0;0;0;0;0;0;0;0;0;0
04.12.2024;07:05;A 17;1;0;100;1;9;0;0;0;0;1;0;5;75;0;0;1;88;0;0;18;63;2;4;0;100;1;0;2;1;0;0;4;51;1;49;4;77;1;3;1;11;0;0;0;0;0;0;0;0;0;0;0;0;0;0;0;0
04.12.2024;07:04;A 17;1;0;100;1;53;0;0;1;10;0;0;4;62;2;15;2;73;1;12;3;58;1;58;1;80;1;58;1;7;0;0;2;30;2;34;2;16;2;31;2;21;0;0;0;0;0;0;0;0;0;0;0;0;0;0;0;0
04.12.2024;07:03;A 17;1;0;100;3;66;0;0;1;0;0;0;1;80;0;0;2;85;0;0;7;44;1;4;1;60;1;7;1;2;0;0;1;40;1;22;2;8;1;2;0;0;0;0;0;0;0;0;0;0;0;0;0;0;0;0;0;0
04.12.2024;07:02;A 17;1;0;100;5;9;0;0;0;0;1;0;6;77;0;68;1;84;0;0;7;49;1;1;4;78;0;0;2;1;0;0;2;71;0;67;1;58;0;0;2;28;0;0;0;0;0;0;0;0;0;0;0;0;0;0;0;0
04.12.2024;07:01;A 17;1;0;100;2;83;0;0;0;0;1;1;2;3;2;34;3;9;1;3;9;61;1;22;0;88;1;16;2;8;0;0;2;33;4;46;3;20;2;3;1;1;0;0;0;0;0;0;0;0;0;0;0;0;0;0;0;0
04.12.2024;07:00;A 17;1;0;100;6;39;2;3;0;0;0;0;2;47;1;91;3;30;0;0;8;11;1;1;1;29;1;2;2;3;0;0;1;2;0;0;2;8;0;0;0;0;0;0;0;0;0;0;0;0;0;0;0;0;0;0;0;0
04.12.2024;06:59;A 17;1;0;100;5;41;0;0;0;0;0;0;2;5;0;0;1;10;1;1;4;47;0;0;4;59;0;0;0;0;0;0;5;62;1;52;0;68;1;1;2;9;0;0;0;0;0;0;0;0;0;0;0;0;0;0;0;0
04.12.2024;06:58;A 17;1;0;100;7;11;0;0;0;0;2;0;5;25;1;25;0;33;0;25;13;65;2;24;3;95;1;28;3;6;0;0;1;52;3;46;2;38;3;6;1;6;0;0;0;0;0;0;0;0;0;0;0;0;0;0;0;0
04.12.2024;06:57;A 17;1;0;100;1;59;0;0;1;4;0;0;0;100;1;89;0;100;3;68;12;58;1;1;2;86;2;3;1;1;0;0;2;36;1;0;4;22;0;0;0;0;0;0;0;0;0;0;0;0;0;0;0;0;0;0;0;0
04.12.2024;06:56;A 17;1;0;100;1;60;0;0;0;0;3;4;5;60;1;26;2;71;2;5;5;58;0;0;5;52;0;0;0;0;0;0;3;53;0;0;1;64;0;0;0;0;0;0;0;0;0;0;0;0;0;0;0;0;0;0;0;0
04.12.2024;06:55;A 17;1;0;100;2;1;0;0;0;0;0;0;3;42;0;40;3;12;0;0;6;37;2;26;1;61;2;18;2;10;0;0;1;6;1;1;1;18;0;0;0;0;0;0;0;0;0;0;0;0;0;0;0;0;0;0;0;0
04.12.2024;06:54;A 17;1;0;100;6;20;0;0;0;0;2;11;1;97;1;80;0;0;1;1;8;9;0;0;4;26;0;0;0;0;0;0;0;0;0;0;0;0;0;0;0;0;0;0;0;0;0;0;0;0;0;0;0;0;0;0;0;0
04.12.2024;06:53;A 17;1;0;100;3;22;0;0;0;0;0;0;4;58;0;0;1;70;0;0;8;47;1;1;3;77;1;0;2;1;0;0;1;53;1;57;1;31;1;22;1;24;0;0;0;0;0;0;0;0;0;0;0;0;0;0;0;0
04.12.2024;06:52;A 17;1;0;100;4;42;1;6;0;0;0;0;4;13;1;5;4;27;0;4;4;72;0;0;0;77;0;0;0;0;0;0;2;33;2;22;1;7;1;5;1;21;0;0;0;0;0;0;0;0;0;0;0;0;0;0;0;0
04.12.2024;06:51;A 17;1;0;100;2;42;0;0;0;0;2;3;1;62;1;79;2;67;3;25;14;43;0;16;3;82;0;15;2;2;0;0;1;37;1;32;1;44;3;6;0;0;0;0;0;0;0;0;0;0;0;0;0;0;0;0;0;0
04.12.2024;06:50;A 17;1;0;100;1;15;0;0;0;0;2;1;2;5;0;0;3;48;0;0;6;63;1;2;1;84;1;7;0;0;0;0;4;77;1;47;2;77;2;14;1;12;0;0;0;0;0;0;0;0;0;0;0;0;0;0;0;0
04.12.2024;06:49;A 17;1;0;100;4;78;1;1;0;0;1;0;5;12;0;0;2;23;0;0;3;3;0;0;2;10;0;0;0;0;0;0;1;4;1;1;1;11;1;10;1;5;0;0;0;0;0;0;0;0;0;0;0;0;0;0;0;0
04.12.2024;06:48;A 17;1;0;100;1;8;2;3;0;0;1;0;0;100;0;0;1;95;0;0;9;16;0;0;3;36;0;0;0;0;0;0;1;68;0;0;2;44;2;5;0;0;0;0;0;0;0;0;0;0;0;0;0;0;0;0;0;0
04.12.2024;06:47;A 17;1;0;100;4;42;0;0;0;0;0;0;3;60;1;0;2;59;1;0;3;50;2;19;2;44;2;6;3;7;0;0;1;53;1;0;1;11;0;0;0;0;0;0;0;0;0;0;0;0;0;0;0;0;0;0;0;0
04.12.2024;06:46;A 17;1;0;100;7;39;0;0;0;0;2;1;4;24;0;0;6;30;0;0;8;54;1;1;3;70;0;0;2;2;0;0;1;27;0;0;1;10;0;0;0;0;0;0;0;0;0;0;0;0;0;0;0;0;0;0;0;0
04.12.2024;06:45;A 17;1;0;100;1;50;0;0;0;0;2;1;6;52;3;2;6;48;1;0;7;37;0;0;1;63;0;0;0;0;0;0;1;38;0;0;2;10;0;0;0;0;0;0;0;0;0;0;0;0;0;0;0;0;0;0;0;0
04.12.2024;06:44;A 17;1;0;100;1;6;0;0;0;0;0;0;5;92;2;79;0;100;2;39;3;22;1;6;3;28;0;0;1;8;0;0;0;85;3;3;0;82;0;0;0;0;0;0;0;0;0;0;0;0;0;0;0;0;0;0;0;0
04.12.2024;06:43;A 17;1;0;100;5;82;0;0;0;0;2;0;5;29;1;0;2;44;0;0;9;70;0;0;0;88;0;0;0;0;0;0;1;45;0;18;5;31;0;0;1;18;0;0;0;0;1;1;0;0;0;0;0;0;1;1;0;0
04.12.2024;06:42;A 17;1;0;100;4;31;0;0;0;0;1;0;1;98;0;0;1;75;0;0;23;34;1;3;2;97;1;4;2;4;0;0;1;48;1;70;2;8;1;1;0;0;0;0;0;0;0;0;0;0;0;0;0;0;0;0;0;0
04.12.2024;06:41;A 17;1;0;100;1;3;0;0;0;0;0;0;1;18;0;0;3;5;0;0;5;69;2;3;5;91;0;0;0;0;0;0;3;55;4;14;1;63;1;5;1;9;0;0;0;0;1;1;0;0;0;0;0;0;1;1;0;0
04.12.2024;06:40;A 17;1;0;100;2;62;0;0;0;0;0;0;0;0;1;13;0;0;0;10;1;0;0;0;2;2;0;0;0;0;0;0;3;60;0;0;3;62;0;0;0;0;0;0;0;0;0;0;0;0;0;0;0;0;0;0;0;0
04.12.2024;06:39;A 17;1;0;100;0;20;0;0;0;0;0;0;0;0;1;46;0;0;3;21;5;23;0;0;5;18;0;0;0;0;0;0;1;59;0;0;3;52;0;0;0;0;0;0;0;0;0;0;0;0;0;0;0;0;0;0;0;0
04.12.2024;06:38;A 17;1;0;100;1;35;0;0;0;0;2;0;2;58;1;68;3;5;0;0;4;45;1;1;5;19;0;0;0;0;0;0;5;78;1;38;4;87;2;67;2;7;0;0;0;0;0;0;0;0;0;0;0;0;0;0;0;0
04.12.2024;06:37;A 17;1;0;100;3;18;1;2;0;0;0;0;3;44;1;25;2;17;1;1;10;45;2;16;3;68;1;25;5;8;0;0;1;56;0;0;2;10;0;0;1;7;1;1;0;0;1;1;0;0;0;0;0;0;0;0;0;0
04.12.2024;06:36;A 17;1;0;100;4;27;0;0;0;0;0;0;1;34;0;0;4;19;0;0;11;16;0;0;0;38;0;0;0;0;0;0;0;0;1;5;1;17;1;2;0;0;0;0;0;0;0;0;0;0;0;0;0;0;0;0;0;0
04.12.2024;06:35;A 17;1;0;100;2;26;0;0;0;0;0;0;2;60;0;0;3;4;0;0;1;49;0;0;1;59;0;0;0;0;0;0;3;61;1;1;2;20;1;1;1;2;0;0;0;0;0;0;0;0;0;0;0;0;0;0;0;0
04.12.2024;06:34;A 17;1;0;100;3;41;0;0;1;4;1;1;3;28;0;0;1;10;0;0;8;28;1;17;1;53;1;24;2;9;0;0;2;52;1;1;2;24;0;1;2;11;0;0;0;0;0;0;0;0;0;0;0;0;1;1;0;0
04.12.2024;06:33;A 17;1;0;100;1;5;0;0;0;0;0;0;2;52;1;15;1;63;1;3;1;0;0;0;1;2;0;0;0;0;0;0;0;0;0;0;0;0;1;0;0;0;0;0;0;0;0;0;0;0;0;0;0;0;0;0;0;0
04.12.2024;06:32;A 17;1;0;100;6;72;0;0;1;17;0;0;3;17;2;18;3;10;1;17;0;0;1;4;0;0;0;0;0;0;0;0;0;23;4;18;0;22;0;0;0;0;0;0;0;0;0;0;0;0;0;0;0;0;0;0;0;0
04.12.2024;06:31;A 17;1;0;100;1;60;0;0;0;0;0;0;1;21;1;25;1;5;2;4;8;12;2;2;3;66;1;4;3;2;0;0;3;12;1;8;4;31;0;0;0;0;0;0;0;0;0;0;0;0;1;4;0;0;0;0;0;0
04.12.2024;06:30;A 17;1;0;100;6;16;0;0;0;0;0;0;0;0;1;6;0;0;1;1;3;2;3;12;3;19;0;0;4;5;0;0;2;2;2;0;1;11;0;0;0;0;0;0;0;0;0;0;0;0;0;0;0;0;0;0;0;0
04.12.2024;06:29;A 17;1;0;100;8;25;1;3;0;0;1;50;2;56;1;0;2;60;0;0;8;24;0;0;4;36;0;0;0;0;0;0;1;89;0;0;0;94;0;0;0;0;0;0;0;0;0;0;0;0;0;0;0;0;0;0;0;0
04.12.2024;06:28;A 17;1;0;100;2;18;1;4;0;0;0;0;0;0;1;66;0;0;0;4;5;17;0;0;4;16;0;0;0;0;0;0;0;0;1;12;1;3;2;2;1;3;0;0;0;0;0;0;1;1;0;0;0;0;0;0;0;0
04.12.2024;06:27;A 17;1;0;100;4;52;0;0;0;0;0;0;1;16;1;2;2;5;2;2;5;59;0;0;3;54;0;0;0;0;0;0;1;1;2;2;1;10;2;3;2;6;0;0;0;0;0;0;0;0;0;0;0;0;0;0;0;0
04.12.2024;06:26;A 17;1;0;100;5;15;0;0;0;0;5;16;6;31;2;45;2;47;2;25;13;70;1;3;5;79;1;35;1;3;0;0;1;28;1;2;1;7;1;2;1;16;0;0;0;0;0;0;0;0;0;0;0;0;0;0;0;0
04.12.2024;06:25;A 17;1;0;100;1;89;0;0;0;0;1;1;2;42;0;0;3;26;0;0;5;46;1;5;1;71;1;9;1;8;0;0;2;19;0;43;3;18;0;41;1;6;0;0;0;0;0;0;0;0;0;0;0;0;0;0;0;0
04.12.2024;06:24;A 17;1;0;100;4;11;1;2;0;0;0;0;2;6;0;13;3;7;0;0;2;1;0;0;2;7;0;0;0;0;0;0;2;16;1;15;0;19;1;19;0;0;0;0;0;0;0;0;0;0;0;0;0;0;0;0;0;0
04.12.2024;06:23;A 17;1;0;100;1;56;0;0;1;27;1;0;0;0;1;17;0;0;1;1;4;33;1;0;2;12;0;0;1;1;0;0;1;39;0;0;2;18;0;0;0;0;0;0;0;0;0;0;0;0;0;0;0;0;1;1;0;0
04.12.2024;06:22;A 17;1;0;100;8;45;1;1;0;0;0;0;1;1;1;0;1;2;0;0;10;46;1;0;3;62;0;0;0;0;0;0;1;36;0;0;2;11;0;0;0;0;0;0;0;0;0;0;0;0;0;0;0;0;0;0;0;0
04.12.2024;06:21;A 17;1;0;100;1;1;0;0;0;0;0;0;2;86;0;0;1;93;0;0;9;45;4;1;2;70;0;0;0;0;0;0;1;19;0;2;2;8;0;2;0;0;0;0;0;0;0;0;0;0;0;0;0;0;0;0;0;0
04.12.2024;06:20;A 17;1;0;100;3;14;0;0;0;0;0;0;1;17;0;0;3;9;0;0;2;49;0;0;5;16;0;0;0;0;0;0;1;5;3;29;1;14;2;5;1;4;0;0;0;0;0;0;0;0;0;0;0;0;0;0;0;0
04.12.2024;06:19;A 17;1;0;100;2;72;0;0;0;0;2;1;2;9;0;0;2;7;0;0;2;1;1;2;2;10;0;0;1;0;0;0;4;47;2;5;0;54;2;7;2;2;0;0;0;0;0;0;0;0;0;0;0;0;0;0;0;0
04.12.2024;06:18;A 17;1;0;100;1;63;0;0;0;0;3;2;4;27;0;19;0;34;0;9;4;28;0;0;3;21;0;0;0;0;0;0;1;43;0;0;1;50;0;0;0;0;0;0;0;0;0;0;0;0;0;0;0;0;0;0;0;0
04.12.2024;06:17;A 17;1;0;100;1;54;0;0;0;0;0;0;3;69;1;0;2;65;1;4;9;39;0;0;5;64;0;0;0;0;0;0;0;1;0;0;0;0;0;0;0;0;0;0;0;0;0;0;0;0;0;0;0;0;0;0;0;0
04.12.2024;06:16;A 17;1;0;100;2;43;0;0;0;0;0;0;2;68;0;0;2;65;0;0;4;8;0;0;2;31;0;0;0;0;0;0;2;4;1;2;2;13;1;0;1;4;0;0;0;0;0;0;0;0;0;0;0;0;0;0;0;0
04.12.2024;06:15;A 17;1;0;100;5;40;0;0;0;0;4;54;3;74;2;40;1;86;1;21;2;1;0;0;2;12;0;0;0;0;0;0;0;0;0;0;0;0;1;1;0;0;0;0;0;0;0;0;0;0;0;0;0;0;0;0;0;0
04.12.2024;06:14;A 17;1;0;100;3;48;0;0;0;0;0;0;1;71;1;36;1;78;0;0;8;13;0;5;1;26;0;7;2;7;0;0;3;72;0;0;1;92;0;0;0;0;0;0;0;0;0;0;0;0;0;0;0;0;0;0;0;0
04.12.2024;06:13;A 17;1;0;100;5;40;0;0;0;0;1;0;1;21;1;1;1;7;1;1;7;35;1;0;3;65;1;2;0;0;0;0;3;3;1;2;4;17;1;5;2;2;0;0;0;0;0;0;0;0;0;0;0;0;0;0;0;0
04.12.2024;06:12;A 17;1;0;100;1;59;0;0;0;0;0;0;1;12;0;0;2;6;0;0;1;0;1;4;1;4;0;0;0;0;0;0;1;9;3;3;2;17;0;0;0;0;0;0;0;0;0;0;1;1;0;0;0;0;0;0;0;0
04.12.2024;06:11;A 17;1;0;100;3;56;0;0;0;0;0;0;0;18;1;1;0;0;0;0;6;40;1;0;2;58;0;0;0;0;0;0;1;1;1;0;2;4;1;0;0;0;0;0;0;0;0;0;0;0;0;0;0;0;0;0;0;0
04.12.2024;06:10;A 17;1;0;100;1;5;0;0;0;0;1;0;2;26;0;0;2;14;0;0;4;30;0;0;5;43;0;0;0;0;0;0;0;2;0;0;0;0;0;0;0;0;0;0;0;0;0;0;0;0;0;0;0;0;0;0;0;0
04.12.2024;06:09;A 17;1;0;100;2;41;0;0;0;0;0;0;1;80;0;0;3;10;0;0;4;4;0;0;2;17;0;0;0;0;0;0;1;77;1;1;1;1;0;0;2;2;0;0;0;0;0;0;0;0;0;0;0;0;0;0;0;0
04.12.2024;06:08;A 17;1;0;100;5;45;0;0;0;0;0;0;2;55;1;0;4;7;0;0;9;20;0;0;3;43;0;0;0;0;0;0;0;0;0;0;0;0;1;1;0;0;0;0;0;0;0;0;0;0;0;0;0;0;0;0;0;0
04.12.2024;06:07;A 17;1;0;100;4;16;1;5;0;0;0;0;3;2;1;0;4;7;0;0;7;48;0;0;1;68;0;0;0;0;0;0;0;0;0;0;0;0;0;0;0;0;0;0;0;0;0;0;0;0;0;0;0;0;0;0;0;0
04.12.2024;06:06;A 17;1;0;100;3;5;0;0;0;0;0;0;3;36;0;0;4;25;0;0;3;47;0;0;4;54;0;0;0;0;0;0;1;0;0;0;2;3;0;0;0;0;0;0;0;0;0;0;0;0;0;0;2;3;0;0;0;0
04.12.2024;06:05;A 17;1;0;100;1;11;0;0;0;0;1;1;0;0;1;12;0;0;1;1;3;2;0;0;1;10;0;0;0;0;0;0;0;0;0;0;0;0;0;0;0;0;0;0;0;0;0;0;0;0;0;0;0;0;0;0;0;0
04.12.2024;06:04;A 17;1;0;100;3;38;0;0;0;0;1;11;2;14;1;22;4;9;0;23;4;44;1;0;7;52;0;0;0;0;0;0;0;0;0;0;0;0;0;0;0;0;0;0;0;0;0;0;0;0;0;0;0;0;0;0;0;0
04.12.2024;06:03;A 17;1;0;100;1;45;0;0;0;0;0;0;0;0;1;66;1;5;1;66;9;7;1;1;4;31;1;1;2;1;0;0;0;0;1;0;0;0;0;0;0;0;0;0;0;0;0;0;0;0;0;0;0;0;0;0;0;0
04.12.2024;06:02;A 17;1;0;100;4;25;1;1;0;0;0;0;0;0;1;94;0;0;0;95;1;1;0;0;0;3;0;0;0;0;0;0;1;7;0;0;1;7;0;0;0;0;0;0;0;0;0;0;0;0;0;0;0;0;0;0;0;0
04.12.2024;06:01;A 17;1;0;100;1;4;0;0;0;0;0;0;2;3;1;7;2;12;2;3;3;5;0;0;4;23;0;0;0;0;0;0;1;0;0;0;2;3;0;0;0;0;0;0;0;0;0;0;0;0;0;0;0;0;0;0;0;0
04.12.2024;06:00;A 17;1;0;100;4;7;0;0;0;0;0;0;0;0;0;0;0;0;0;0;3;17;1;1;5;23;1;2;2;1;0;0;2;52;0;0;3;15;0;0;0;0;0;0;0;0;0;0;0;0;0;0;0;0;0;0;0;0
04.12.2024;05:59;A 17;1;0;100;1;18;0;0;0;0;0;0;2;85;0;0;0;87;0;0;7;22;2;7;5;35;1;12;3;6;0;0;1;69;1;76;1;9;1;2;1;9;0;0;0;0;0;0;0;0;0;0;0;0;0;0;0;0
04.12.2024;05:58;A 17;1;0;100;1;42;0;0;0;0;0;0;1;47;0;0;2;35;0;0;0;0;1;0;0;0;0;0;0;0;0;0;0;25;0;0;1;0;0;0;0;0;0;0;0;0;0;0;0;0;0;0;0;0;0;0;0;0
04.12.2024;05:57;A 17;1;0;100;3;43;0;0;0;0;0;0;0;0;0;0;0;0;0;0;7;7;1;1;4;31;0;0;2;1;0;0;2;30;0;0;3;11;0;0;0;0;0;0;0;0;0;0;0;0;0;0;0;0;0;0;0;0
04.12.2024;05:56;A 17;1;0;100;3;34;0;0;0;0;0;0;0;0;1;2;0;0;0;0;3;49;1;4;1;69;0;0;1;1;0;0;2;19;3;14;3;32;0;0;0;0;0;0;0;0;0;0;0;0;0;0;0;0;0;0;0;0
04.12.2024;05:55;A 17;1;0;100;5;8;0;0;0;0;0;0;0;0;1;43;0;0;1;1;6;37;0;0;6;42;0;0;0;0;0;0;1;14;2;23;2;8;2;8;2;6;0;0;0;0;0;0;0;0;0;0;0;0;0;0;0;0
04.12.2024;05:54;A 17;1;0;100;2;37;0;0;0;0;1;0;0;0;0;0;0;0;0;0;9;44;0;0;1;74;0;0;0;0;0;0;0;0;0;0;0;0;0;0;0;0;0;0;0;0;0;0;0;0;0;0;0;0;0;0;0;0
04.12.2024;05:53;A 17;1;0;100;1;48;0;0;0;0;1;0;0;0;0;0;0;0;0;0;4;36;0;0;4;47;0;0;0;0;0;0;1;4;1;18;2;7;1;3;1;4;1;1;0;0;0;0;0;0;0;0;0;0;0;0;0;0
04.12.2024;05:52;A 17;1;0;100;1;61;0;0;0;0;0;0;0;0;0;0;0;0;0;0;5;42;1;1;2;33;0;0;2;1;0;0;1;48;0;0;2;9;0;0;0;0;0;0;0;0;0;0;0;0;0;0;0;0;0;0;0;0
04.12.2024;05:51;A 17;1;0;100;4;27;0;0;0;0;0;0;1;18;0;0;1;6;0;0;5;4;0;0;4;24;0;0;0;0;0;0;0;0;0;0;0;0;0;0;0;0;0;0;0;0;0;0;0;0;0;0;0;0;0;0;0;0
04.12.2024;05:50;A 17;1;0;100;7;20;0;0;0;0;0;0;0;0;0;0;0;0;0;0;5;35;0;0;6;33;0;0;0;0;0;0;1;18;0;0;1;12;0;0;0;0;0;0;0;0;0;0;0;0;0;0;0;0;0;0;0;0
04.12.2024;05:49;A 17;1;0;100;3;11;0;0;0;0;0;0;0;0;0;0;0;0;0;0;3;21;1;1;5;29;1;3;2;2;0;0;1;22;0;0;1;2;0;0;0;0;0;0;0;0;0;0;0;0;0;0;0;0;0;0;0;0
04.12.2024;05:48;A 17;1;0;100;3;12;0;0;0;0;0;0;1;16;0;0;1;3;0;0;5;37;0;0;2;60;0;0;0;0;0;0;0;0;0;0;0;0;0;0;0;0;0;0;0;0;0;0;0;0;0;0;0;0;0;0;0;0
04.12.2024;05:47;A 17;1;0;100;5;19;0;0;0;0;1;0;2;22;0;0;2;5;0;0;6;25;1;3;6;42;0;0;0;0;0;0;1;3;1;4;1;6;1;7;1;1;0;0;0;0;0;0;0;0;0;0;0;0;0;0;0;0
04.12.2024;05:46;A 17;1;0;100;4;44;0;0;0;0;1;0;1;45;1;35;2;6;0;0;6;18;0;0;3;29;0;0;0;0;0;0;0;0;0;0;0;0;0;0;0;0;0;0;0;0;0;0;0;0;0;0;0;0;0;0;0;0
04.12.2024;05:45;A 17;1;0;100;1;14;0;0;0;0;0;0;1;0;1;1;0;0;1;1;3;39;0;0;4;60;0;0;0;0;0;0;2;62;0;0;2;37;0;0;0;0;0;0;0;0;0;0;0;0;0;0;0;0;0;0;0;0
04.12.2024;05:44;A 17;1;0;100;0;0;0;0;0;0;0;0;1;22;2;2;1;7;0;0;5;3;1;4;5;15;1;7;2;2;0;0;1;73;2;1;3;62;0;0;0;0;0;0;0;0;1;1;0;0;0;0;0;0;0;0;0;0
04.12.2024;05:43;A 17;1;0;100;3;13;0;0;0;0;0;0;1;1;0;0;1;4;0;0;3;40;0;0;0;44;0;0;0;0;0;0;2;74;0;0;3;11;0;0;0;0;0;0;0;0;0;0;0;0;0;0;0;0;0;0;0;0
04.12.2024;05:42;A 17;1;0;100;0;0;0;0;0;0;2;10;2;18;0;5;1;28;0;0;3;10;0;0;4;28;0;0;0;0;0;0;0;4;0;0;0;0;0;0;0;0;0;0;0;0;0;0;0;0;0;0;0;0;0;0;0;0
04.12.2024;05:41;A 17;1;0;100;3;16;1;0;0;0;1;0;1;75;1;6;4;6;1;1;4;33;3;2;5;31;0;0;0;0;0;0;2;42;2;4;2;18;0;0;0;0;0;0;1;1;0;0;0;0;0;0;0;0;0;0;0;0
04.12.2024;05:40;A 17;1;0;100;2;12;1;5;0;0;1;1;3;44;0;0;4;23;0;0;1;9;0;0;2;7;0;0;0;0;0;0;2;16;0;0;4;21;0;0;0;0;0;0;0;0;0;0;0;0;0;0;0;0;0;0;0;0
04.12.2024;05:39;A 17;1;0;100;6;25;0;0;0;0;0;0;1;25;1;0;0;0;0;0;5;46;0;0;1;60;0;0;0;0;0;0;1;37;0;0;3;10;0;0;0;0;0;0;0;0;0;0;0;0;0;0;0;0;0;0;0;0
04.12.2024;05:38;A 17;1;0;100;4;25;0;0;0;0;0;0;2;35;1;2;3;9;1;1;3;5;1;1;3;19;0;0;0;0;0;0;2;22;0;0;0;35;0;0;0;0;0;0;0;0;0;0;0;0;0;0;0;0;0;0;0;0
04.12.2024;05:37;A 17;1;0;100;2;18;0;0;0;0;0;0;0;20;0;0;0;0;0;0;2;1;0;0;2;7;0;0;0;0;0;0;1;10;0;0;1;10;0;0;0;0;0;0;0;0;0;0;0;0;0;0;0;0;0;0;0;0
04.12.2024;05:36;A 17;1;0;100;5;29;0;0;0;0;0;0;2;47;0;0;1;38;0;0;6;41;0;0;6;56;0;0;0;0;0;0;0;34;0;0;1;0;0;0;0;0;0;0;0;0;0;0;0;0;0;0;0;0;0;0;0;0
04.12.2024;05:35;A 17;1;0;100;0;0;0;0;0;0;0;0;1;59;0;0;1;11;0;0;6;10;1;5;4;33;1;8;2;3;0;0;1;29;0;0;1;10;0;0;0;0;0;0;0;0;0;0;0;0;0;0;0;0;0;0;0;0
04.12.2024;05:34;A 17;1;0;100;6;21;0;0;0;0;0;0;1;8;0;0;1;1;0;0;2;1;0;0;1;8;0;0;0;0;0;0;0;0;0;0;0;0;0;0;0;0;0;0;0;0;0;0;0;0;0;0;0;0;0;0;0;0
04.12.2024;05:33;A 17;1;0;100;3;17;0;0;0;0;1;1;2;52;0;0;2;43;0;0;3;48;1;43;3;42;1;35;1;5;0;0;2;47;0;0;2;10;0;0;1;0;0;0;0;0;0;0;0;0;0;0;0;0;0;0;0;0
04.12.2024;05:32;A 17;1;0;100;2;6;1;1;0;0;2;3;1;6;0;0;3;7;0;0;1;31;0;0;1;13;0;0;0;0;0;0;1;42;0;0;3;12;0;0;0;0;0;0;0;0;0;0;0;0;0;0;0;0;0;0;0;0
04.12.2024;05:31;A 17;1;0;100;4;13;0;0;0;0;0;0;0;0;0;0;0;0;0;0;0;0;0;0;0;0;0;0;0;0;0;0;1;15;0;0;1;6;0;0;0;0;0;0;0;0;0;0;0;0;0;0;0;0;0;0;0;0
04.12.2024;05:30;A 17;1;0;100;2;62;0;0;0;0;0;0;0;0;0;0;0;0;0;0;4;46;0;0;4;36;0;0;0;0;0;0;1;17;0;0;1;27;0;0;0;0;0;0;0;0;0;0;0;0;0;0;0;0;0;0;0;0
04.12.2024;05:29;A 17;1;0;100;1;11;0;0;0;0;0;0;0;0;0;0;0;0;0;0;2;1;0;0;2;12;0;0;0;0;0;0;0;0;0;0;0;0;0;0;0;0;0;0;0;0;0;0;0;0;0;0;0;0;0;0;0;0
04.12.2024;05:28;A 17;1;0;100;0;0;0;0;0;0;0;0;0;0;0;0;0;0;0;0;2;27;2;30;3;11;0;0;3;4;0;0;1;32;4;49;2;6;2;5;1;4;0;0;0;0;0;0;0;0;0;0;0;0;0;0;0;0
04.12.2024;05:27;A 17;1;0;100;2;10;0;0;0;0;2;25;1;26;0;0;1;30;0;0;2;3;0;0;1;16;0;0;0;0;0;0;0;0;0;0;0;0;0;0;0;0;0;0;0;0;0;0;0;0;0;0;0;0;0;0;0;0
04.12.2024;05:26;A 17;1;0;100;5;15;0;0;0;0;0;0;0;0;0;0;0;0;0;0;3;3;0;0;5;13;0;0;0;0;0;0;0;0;1;21;0;0;0;0;1;4;0;0;0;0;0;0;0;0;0;0;0;0;0;0;0;0
04.12.2024;05:25;A 17;1;0;100;3;8;0;0;0;0;0;0;0;0;0;0;0;0;0;0;0;0;0;0;0;0;0;0;0;0;0;0;0;0;0;0;0;0;1;2;0;0;0;0;0;0;0;0;0;0;0;0;0;0;0;0;0;0
04.12.2024;05:24;A 17;1;0;100;1;5;0;0;0;0;0;0;0;0;0;0;0;0;0;0;2;1;0;0;1;9;0;0;0;0;0;0;0;0;0;0;0;0;0;0;0;0;0;0;0;0;0;0;0;0;0;0;0;0;0;0;0;0
04.12.2024;05:23;A 17;1;0;100;2;2;0;0;0;0;0;0;0;68;0;0;0;0;0;0;2;2;0;0;2;8;0;0;0;0;0;0;0;0;0;0;0;0;0;0;0;0;0;0;0;0;0;0;0;0;0;0;0;0;0;0;0;0
04.12.2024;05:22;A 17;1;0;100;0;0;0;0;0;0;0;0;2;6;1;39;2;6;1;1;3;8;0;0;5;21;0;0;0;0;0;0;0;0;1;66;0;0;1;1;1;0;0;0;0;0;0;0;0;0;0;0;0;0;0;0;0;0
04.12.2024;05:21;A 17;1;0;100;2;7;0;0;0;0;0;0;0;0;0;0;0;0;0;0;0;0;0;0;0;0;0;0;0;0;0;0;1;9;0;0;2;11;0;0;0;0;0;0;0;0;0;0;0;0;0;0;0;0;0;0;0;0
04.12.2024;05:20;A 17;1;0;100;0;0;0;0;0;0;0;0;0;0;0;0;0;0;0;0;0;0;0;0;0;0;0;0;0;0;0;0;0;0;0;0;0;0;0;0;0;0;0;0;0;0;0;0;0;0;0;0;0;0;0;0;0;0
04.12.2024;05:19;A 17;1;0;100;0;0;0;0;0;0;0;0;1;75;0;0;1;0;0;0;0;0;1;6;0;0;2;11;3;5;0;0;0;75;0;81;0;0;2;80;1;6;0;0;0;0;0;0;0;0;0;0;0;0;0;0;0;0
04.12.2024;05:18;A 17;1;0;100;0;0;0;0;0;0;0;0;1;49;0;0;1;2;0;0;1;1;0;0;2;11;0;0;0;0;0;0;1;7;1;12;1;7;1;15;0;0;0;0;0;0;0;0;0;0;0;0;0;0;0;0;0;0
04.12.2024;05:17;A 17;1;0;100;2;2;0;0;0;0;0;0;1;20;0;0;1;2;0;0;4;3;0;0;3;20;0;0;0;0;0;0;0;0;0;0;0;0;0;0;0;0;0;0;0;0;0;0;0;0;0;0;0;0;0;0;0;0
04.12.2024;05:16;A 17;1;0;100;2;11;0;0;0;0;0;0;0;0;0;0;0;0;0;0;1;7;0;0;1;3;0;0;0;0;0;0;0;0;1;19;0;0;1;4;2;4;0;0;0;0;0;0;0;0;0;0;0;0;0;0;0;0
04.12.2024;05:15;A 17;1;0;100;0;0;0;0;0;0;0;0;0;0;0;0;0;0;0;0;0;0;0;0;0;0;0;0;0;0;0;0;0;0;0;0;0;0;0;0;0;0;0;0;0;0;0;0;0;0;0;0;0;0;0;0;0;0
04.12.2024;05:14;A 17;1;0;100;2;17;0;0;0;0;1;1;0;53;0;0;0;0;0;0;1;2;1;1;2;7;0;0;0;0;0;0;0;0;0;0;0;0;0;0;0;0;0;0;0;0;0;0;0;0;0;0;0;0;0;0;0;0
04.12.2024;05:13;A 17;1;0;100;0;0;1;3;0;0;0;0;1;13;2;1;1;3;0;0;3;7;1;0;2;19;0;0;0;0;0;0;1;21;0;0;2;29;0;0;0;0;0;0;0;0;0;0;0;0;0;0;0;0;0;0;0;0
04.12.2024;05:12;A 17;1;0;100;1;6;0;0;0;0;0;0;0;0;0;0;0;0;0;0;2;1;2;3;3;10;0;0;0;0;0;0;1;8;3;5;1;16;0;0;0;0;0;0;0;0;0;0;0;0;0;0;0;0;0;0;0;0
04.12.2024;05:11;A 17;1;0;100;1;6;0;0;0;0;0;0;0;10;0;0;0;0;0;0;1;0;0;0;1;6;0;0;0;0;0;0;0;0;0;0;0;0;0;0;0;0;0;0;0;0;0;0;0;0;0;0;0;0;0;0;0;0
04.12.2024;05:10;A 17;1;0;100;0;0;0;0;0;0;2;18;2;66;0;0;2;31;0;0;2;39;0;0;3;20;0;0;0;0;0;0;1;22;0;0;0;0;0;0;0;0;0;0;0;0;0;0;0;0;0;0;0;0;0;0;0;0
04.12.2024;05:09;A 17;1;0;100;1;8;0;0;0;0;0;0;0;0;2;2;1;3;0;0;0;0;0;0;0;0;0;0;0;0;0;0;2;72;1;2;2;21;0;0;1;1;0;0;0;0;0;0;0;0;0;0;0;0;0;0;0;0
04.12.2024;05:08;A 17;1;0;100;0;0;0;0;0;0;2;1;0;0;0;0;0;0;0;0;1;0;0;0;1;6;0;0;0;0;0;0;0;0;0;0;1;7;0;0;0;0;0;0;0;0;0;0;0;0;0;0;0;0;0;0;0;0
04.12.2024;05:07;A 17;1;0;100;1;5;0;0;0;0;0;0;0;0;0;0;0;0;0;0;1;0;0;0;1;6;0;0;0;0;0;0;0;0;0;0;0;0;0;0;0;0;0;0;0;0;0;0;0;0;0;0;0;0;0;0;0;0
04.12.2024;05:06;A 17;1;0;100;2;8;0;0;0;0;0;0;0;0;0;0;0;0;0;0;1;0;0;0;1;4;0;0;0;0;0;0;0;0;0;0;0;0;0;0;0;0;0;0;0;0;0;0;0;0;0;0;0;0;0;0;0;0
04.12.2024;05:05;A 17;1;0;100;1;2;0;0;0;0;0;0;1;21;0;0;1;7;0;0;0;0;0;0;0;0;0;0;0;0;0;0;0;0;0;0;0;0;0;0;0;0;0;0;0;0;0;0;0;0;0;0;0;0;0;0;0;0
04.12.2024;05:04;A 17;1;0;100;0;0;0;0;0;0;0;0;0;0;0;0;0;0;0;0;1;0;0;0;1;6;0;0;0;0;0;0;0;0;0;13;0;0;0;0;1;3;0;0;0;0;0;0;0;0;0;0;0;0;0;0;0;0
04.12.2024;05:03;A 17;1;0;100;2;8;1;4;0;0;0;0;0;0;1;0;0;0;0;0;1;17;1;5;1;18;0;0;1;7;0;0;0;0;1;34;0;0;1;1;0;0;0;0;0;0;0;0;0;0;0;0;0;0;0;0;0;0
04.12.2024;05:02;A 17;1;0;100;0;0;0;0;0;0;0;0;0;0;0;0;0;0;0;0;3;18;1;1;6;28;1;4;1;2;0;0;0;0;1;0;0;0;0;0;0;0;0;0;0;0;0;0;0;0;0;0;0;0;0;0;0;0
04.12.2024;05:01;A 17;1;0;100;0;0;0;0;0;0;0;0;0;0;0;0;0;0;0;0;0;0;0;0;0;0;0;0;0;0;0;0;0;0;0;0;0;0;0;0;0;0;0;0;0;0;0;0;0;0;0;0;0;0;0;0;0;0
04.12.2024;05:00;A 17;1;0;100;1;3;0;0;0;0;0;0;0;0;0;0;0;0;0;0;0;0;0;0;0;0;0;0;0;0;0;0;0;0;0;0;0;0;0;0;0;0;0;0;0;0;0;0;0;0;0;0;0;0;0;0;0;0
04.12.2024;04:59;A 17;1;0;100;3;5;0;0;0;0;0;0;0;3;0;0;0;0;0;0;3;29;1;15;3;26;1;7;1;2;0;0;0;0;0;0;0;0;0;0;0;0;0;0;0;0;0;0;0;0;0;0;0;0;0;0;0;0
04.12.2024;04:58;A 17;1;0;100;0;0;0;0;0;0;0;0;1;13;0;0;2;6;0;0;0;0;2;6;1;9;0;0;0;0;0;0;1;4;1;1;0;4;0;0;0;0;0;0;0;0;0;0;0;0;0;0;0;0;0;0;0;0
04.12.2024;04:57;A 17;1;0;100;2;1;0;0;0;0;0;0;1;17;0;0;1;4;0;0;1;0;0;0;1;5;0;0;0;0;0;0;1;6;1;0;2;14;0;0;0;0;0;0;0;0;0;0;0;0;0;0;0;0;0;0;0;0
04.12.2024;04:56;A 17;1;0;100;2;1;0;0;0;0;0;0;0;0;0;0;0;0;0;0;2;2;0;0;2;15;0;0;0;0;0;0;0;0;0;0;0;0;0;0;0;0;0;0;0;0;0;0;0;0;0;0;0;0;0;0;0;0
04.12.2024;04:55;A 17;1;0;100;2;3;0;0;0;0;0;0;2;24;0;0;3;11;0;0;1;1;0;0;1;7;0;0;0;0;0;0;0;0;0;0;0;0;0;0;0;0;0;0;0;0;0;0;0;0;0;0;0;0;0;0;0;0
04.12.2024;04:54;A 17;1;0;100;2;7;0;0;0;0;0;0;1;39;0;0;1;3;0;0;1;16;0;0;0;1;0;0;0;0;0;0;1;67;1;78;2;6;1;27;1;5;0;0;0;0;0;0;0;0;0;0;0;0;0;0;0;0
04.12.2024;04:53;A 17;1;0;100;1;26;0;0;0;0;0;0;1;3;1;1;0;0;1;2;1;10;0;0;2;13;0;0;0;0;0;0;1;16;0;0;1;8;0;0;0;0;0;0;0;0;0;0;0;0;0;0;0;0;0;0;0;0
04.12.2024;04:52;A 17;1;0;100;0;0;0;0;0;0;0;0;1;30;0;0;2;12;0;0;0;0;0;0;0;0;0;0;0;0;0;0;0;0;0;0;0;0;0;0;0;0;0;0;0;0;0;0;0;0;0;0;0;0;0;0;0;0
04.12.2024;04:51;A 17;1;0;100;0;0;0;0;0;0;1;0;1;7;0;0;1;5;0;0;1;2;0;0;1;4;0;0;0;0;0;0;0;0;1;0;0;0;0;0;0;0;0;0;0;0;0;0;0;0;0;0;0;0;0;0;0;0
04.12.2024;04:50;A 17;1;0;100;1;10;0;0;0;0;0;0;0;0;0;0;0;0;0;0;2;1;0;0;3;16;0;0;0;0;0;0;0;0;0;0;0;0;0;0;0;0;0;0;0;0;0;0;0;0;0;0;0;0;0;0;0;0
04.12.2024;04:49;A 17;1;0;100;0;0;0;0;0;0;0;0;0;0;0;0;0;0;0;0;0;0;0;0;0;0;0;0;0;0;0;0;0;0;0;0;0;0;0;0;0;0;0;0;0;0;0;0;0;0;0;0;0;0;0;0;0;0
04.12.2024;04:48;A 17;1;0;100;0;0;0;0;0;0;0;0;0;0;0;0;0;0;0;0;0;0;0;0;0;0;0;0;0;0;0;0;2;55;0;0;0;58;0;0;0;0;0;0;0;0;0;0;0;0;0;0;0;0;0;0;0;0
04.12.2024;04:47;A 17;1;0;100;0;0;0;0;0;0;0;0;1;17;0;0;0;0;0;0;1;0;0;0;1;4;0;0;0;0;0;0;2;29;0;0;4;29;0;0;0;0;0;0;0;0;0;0;0;0;0;0;0;0;0;0;0;0
04.12.2024;04:46;A 17;1;0;100;3;7;0;0;0;0;0;0;0;0;0;0;0;0;0;0;1;30;1;0;1;6;0;0;1;0;0;0;1;4;2;2;2;10;0;0;0;0;0;0;0;0;0;0;0;0;0;0;0;0;0;0;0;0
04.12.2024;04:45;A 17;1;0;100;0;0;0;0;0;0;0;0;0;0;0;0;0;0;0;0;0;0;1;1;0;0;1;3;2;1;0;0;0;0;1;0;0;0;0;0;0;0;0;0;0;0;0;0;0;0;0;0;0;0;0;0;0;0
04.12.2024;04:44;A 17;1;0;100;2;10;0;0;0;0;0;0;0;0;0;0;0;0;0;0;1;0;0;0;1;3;0;0;0;0;0;0;0;0;0;0;0;0;0;0;0;0;0;0;0;0;0;0;0;0;0;0;0;0;0;0;0;0
04.12.2024;04:43;A 17;1;0;100;2;38;1;3;0;0;0;0;0;0;1;1;0;0;0;0;0;0;0;0;0;0;0;0;0;0;0;0;1;10;1;17;1;20;1;3;1;4;0;0;0;0;0;0;0;0;0;0;0;0;0;0;0;0
04.12.2024;04:42;A 17;1;0;100;1;5;0;0;0;0;0;0;0;0;3;1;0;0;0;0;2;1;0;0;1;9;0;0;0;0;0;0;1;6;3;3;5;17;0;0;0;0;0;0;0;0;0;0;0;0;0;0;0;0;0;0;0;0
04.12.2024;04:41;A 17;1;0;100;1;2;2;2;0;0;0;0;0;0;1;1;0;0;0;0;0;0;1;4;0;0;0;0;0;0;0;0;1;9;2;5;1;21;0;0;0;0;0;0;0;0;0;0;0;0;0;0;0;0;0;0;0;0
04.12.2024;04:40;A 17;1;0;100;2;8;0;0;0;0;0;0;0;0;0;0;0;0;0;0;0;0;1;1;0;0;0;0;1;1;0;0;0;0;0;0;0;0;0;0;0;0;0;0;0;0;0;0;0;0;0;0;0;0;0;0;0;0
04.12.2024;04:39;A 17;1;0;100;0;0;0;0;0;0;0;0;0;0;0;0;0;0;0;0;0;0;0;0;0;0;0;0;0;0;0;0;0;0;1;19;0;0;4;8;1;3;0;0;0;0;0;0;0;0;0;0;0;0;0;0;0;0
04.12.2024;04:38;A 17;1;0;100;0;0;0;0;0;0;0;0;1;3;0;0;2;5;0;0;1;18;0;0;1;7;0;0;0;0;0;0;1;12;0;0;1;9;0;0;0;0;0;0;0;0;0;0;0;0;0;0;0;0;0;0;0;0
04.12.2024;04:37;A 17;1;0;100;1;3;0;0;0;0;0;0;0;0;0;0;0;0;0;0;1;0;0;0;1;6;0;0;0;0;0;0;0;0;0;0;0;0;0;0;0;0;0;0;0;0;0;0;0;0;0;0;0;0;0;0;0;0
04.12.2024;04:36;A 17;1;0;100;4;26;0;0;0;0;0;0;0;0;0;0;0;0;0;0;0;0;0;0;0;0;0;0;0;0;0;0;0;0;0;0;0;0;0;0;0;0;0;0;0;0;0;0;0;0;0;0;0;0;0;0;0;0
04.12.2024;04:35;A 17;1;0;100;0;0;0;0;0;0;0;0;0;0;0;0;0;0;0;0;0;0;0;0;0;0;0;0;0;0;0;0;0;0;0;0;0;0;0;0;0;0;0;0;0;0;0;0;0;0;0;0;0;0;1;1;0;0
04.12.2024;04:34;A 17;1;0;100;0;0;0;0;0;0;0;0;0;0;0;0;0;0;0;0;1;0;0;0;1;4;0;0;0;0;0;0;0;0;0;0;0;0;0;0;0;0;0;0;0;0;0;0;0;0;0;0;0;0;0;0;0;0
04.12.2024;04:33;A 17;1;0;100;2;4;0;0;0;0;0;0;0;0;0;0;0;0;0;0;0;0;0;0;0;0;0;0;0;0;0;0;0;0;0;0;0;0;0;0;0;0;0;0;0;0;0;0;0;0;0;0;0;0;0;0;0;0
04.12.2024;04:32;A 17;1;0;100;0;0;0;0;0;0;0;0;0;0;0;0;0;0;0;0;1;25;0;0;1;6;0;0;0;0;0;0;0;0;0;0;0;0;0;0;0;0;0;0;0;0;0;0;0;0;0;0;0;0;0;0;0;0
04.12.2024;04:31;A 17;1;0;100;1;4;0;0;0;0;0;0;0;0;0;0;0;0;0;0;1;4;0;0;1;9;0;0;0;0;0;0;1;1;0;0;2;3;0;0;0;0;0;0;0;0;0;0;0;0;0;0;0;0;0;0;0;0
04.12.2024;04:30;A 17;1;0;100;0;0;0;0;0;0;0;0;1;18;0;0;1;4;0;0;1;13;0;0;1;6;0;0;0;0;0;0;0;0;0;0;0;0;0;0;0;0;0;0;0;0;0;0;0;0;0;0;0;0;0;0;0;0
04.12.2024;04:29;A 17;1;0;100;0;0;0;0;0;0;0;0;0;0;0;0;0;0;0;0;0;0;0;0;0;0;0;0;0;0;0;0;0;0;0;0;0;0;0;0;0;0;0;0;0;0;0;0;0;0;0;0;0;0;0;0;0;0
04.12.2024;04:28;A 17;1;0;100;0;0;0;0;0;0;0;0;0;0;1;19;0;0;1;3;0;0;0;0;0;0;0;0;0;0;0;0;0;0;0;0;0;0;0;0;0;0;0;0;0;0;0;0;0;0;0;0;0;0;0;0;0;0
04.12.2024;04:27;A 17;1;0;100;0;0;0;0;0;0;0;0;0;0;0;0;0;0;0;0;1;1;0;0;1;7;0;0;0;0;0;0;0;0;0;0;0;0;0;0;0;0;0;0;0;0;0;0;0;0;0;0;0;0;0;0;0;0
04.12.2024;04:26;A 17;1;0;100;0;0;0;0;0;0;0;0;0;0;0;0;0;0;0;0;0;0;0;0;0;0;0;0;0;0;0;0;0;0;0;0;0;0;0;0;0;0;0;0;0;0;0;0;0;0;0;0;0;0;0;0;0;0
04.12.2024;04:25;A 17;1;0;100;1;6;0;0;0;0;1;0;1;0;1;0;1;1;0;0;0;0;0;0;0;0;0;0;0;0;0;0;0;0;1;1;1;2;1;2;1;2;0;0;0;0;0;0;0;0;0;0;0;0;0;0;0;0
04.12.2024;04:24;A 17;1;0;100;0;0;0;0;0;0;0;0;0;0;0;0;0;0;0;0;1;1;0;0;1;5;0;0;0;0;0;0;0;0;0;0;0;0;0;0;0;0;0;0;0;0;0;0;0;0;0;0;0;0;0;0;0;0
04.12.2024;04:23;A 17;1;0;100;1;4;0;0;0;0;1;1;0;0;0;0;0;0;0;0;0;0;0;0;0;0;0;0;0;0;0;0;0;0;0;0;0;0;0;0;0;0;0;0;0;0;0;0;0;0;0;0;0;0;0;0;0;0
04.12.2024;04:22;A 17;1;0;100;1;7;0;0;0;0;0;0;0;0;0;0;0;0;0;0;0;24;0;0;0;0;0;0;0;0;0;0;0;1;0;0;0;0;0;0;0;0;0;0;0;0;0;0;0;0;0;0;0;0;0;0;0;0
04.12.2024;04:21;A 17;1;0;100;0;0;0;0;0;0;0;0;1;9;0;0;1;2;0;0;1;6;0;0;1;10;0;0;0;0;0;0;1;50;0;0;2;6;0;0;0;0;0;0;0;0;0;0;0;0;0;0;0;0;0;0;0;0
04.12.2024;04:20;A 17;1;0;100;2;8;0;0;0;0;0;0;0;0;1;0;0;0;0;0;0;0;0;0;0;0;0;0;0;0;0;0;1;15;0;0;2;6;0;0;0;0;0;0;0;0;0;0;0;0;0;0;0;0;0;0;0;0
04.12.2024;04:19;A 17;1;0;100;3;36;0;0;0;0;0;0;0;0;0;0;0;0;0;0;0;0;0;0;0;0;0;0;0;0;0;0;1;14;0;0;2;8;0;0;0;0;0;0;0;0;0;0;0;0;0;0;0;0;0;0;0;0
04.12.2024;04:18;A 17;1;0;100;0;0;0;0;0;0;0;0;0;0;0;0;0;0;0;0;1;0;0;0;1;2;0;0;1;0;0;0;0;0;0;0;0;0;0;0;0;0;0;0;0;0;0;0;0;0;0;0;0;0;0;0;0;0
04.12.2024;04:17;A 17;1;0;100;1;2;0;0;0;0;0;0;0;0;0;0;0;0;0;0;0;0;1;1;0;0;1;1;1;0;0;0;0;0;0;0;0;0;0;0;0;0;0;0;0;0;0;0;0;0;0;0;0;0;0;0;0;0
04.12.2024;04:16;A 17;1;0;100;1;5;0;0;0;0;0;0;0;0;0;0;0;0;0;0;0;0;0;0;0;0;0;0;0;0;0;0;1;45;0;0;1;10;0;0;0;0;0;0;0;0;0;0;0;0;0;0;0;0;0;0;0;0
04.12.2024;04:15;A 17;1;0;100;1;1;0;0;0;0;1;0;0;0;0;0;0;0;0;0;0;0;0;0;0;0;0;0;0;0;0;0;0;0;0;0;0;0;0;0;1;3;0;0;0;0;0;0;0;0;0;0;0;0;0;0;0;0
04.12.2024;04:14;A 17;1;0;100;0;0;0;0;0;0;0;0;0;0;0;0;0;0;0;0;0;0;0;0;0;0;0;0;0;0;0;0;0;0;1;18;0;0;1;3;0;0;0;0;0;0;0;0;0;0;0;0;0;0;0;0;0;0
04.12.2024;04:13;A 17;1;0;100;0;0;0;0;0;0;0;0;0;0;2;2;0;0;0;0;0;0;0;0;0;0;0;0;0;0;0;0;1;18;2;16;1;31;0;0;0;0;0;0;0;0;0;0;0;0;0;0;0;0;0;0;0;0
04.12.2024;04:12;A 17;1;0;100;0;0;0;0;0;0;0;0;0;0;0;0;0;0;0;0;0;0;0;0;0;0;0;0;0;0;0;0;1;15;0;0;0;4;0;0;0;0;0;0;0;0;0;0;0;0;0;0;0;0;0;0;0;0
04.12.2024;04:11;A 17;1;0;100;0;0;0;0;0;0;0;0;0;0;0;0;0;0;0;0;0;0;0;0;0;0;0;0;0;0;0;0;0;0;0;0;1;3;0;0;0;0;0;0;0;0;0;0;0;0;0;0;0;0;0;0;0;0
04.12.2024;04:10;A 17;1;0;100;0;0;0;0;0;0;0;0;0;0;0;0;0;0;0;0;1;1;0;0;1;8;2;3;1;1;0;0;1;12;0;0;2;8;0;0;0;0;0;0;0;0;0;0;0;0;0;0;0;0;0;0;0;0
04.12.2024;04:09;A 17;1;0;100;0;0;0;0;0;0;0;0;0;0;0;0;0;0;0;0;0;0;0;0;0;0;0;0;0;0;0;0;0;0;0;0;0;0;0;0;0;0;0;0;0;0;0;0;0;0;0;0;0;0;0;0;0;0
04.12.2024;04:08;A 17;1;0;100;0;0;0;0;0;0;0;0;0;0;0;0;0;0;0;0;0;0;0;0;0;0;0;0;0;0;0;0;0;0;0;0;0;0;0;0;0;0;0;0;0;0;0;0;0;0;0;0;0;0;0;0;0;0
04.12.2024;04:07;A 17;1;0;100;0;0;0;0;0;0;0;0;0;0;0;0;0;0;0;0;0;0;1;1;0;0;0;0;0;0;0;0;1;14;0;0;1;22;0;0;0;0;0;0;0;0;0;0;0;0;0;0;0;0;0;0;0;0
04.12.2024;04:06;A 17;1;0;100;0;0;0;0;0;0;0;0;0;0;0;0;0;0;0;0;1;1;0;0;1;5;0;0;0;0;0;0;0;0;0;0;0;0;0;0;0;0;0;0;0;0;0;0;0;0;0;0;0;0;0;0;0;0
04.12.2024;04:05;A 17;1;0;100;0;0;0;0;0;0;0;0;1;18;0;0;1;3;0;0;0;0;0;0;1;1;0;0;0;0;0;0;0;0;0;0;0;0;0;0;0;0;0;0;0;0;0;0;0;0;0;0;0;0;0;0;0;0
04.12.2024;04:04;A 17;1;0;100;1;1;1;3;0;0;0;0;0;0;0;0;0;0;0;0;0;0;1;0;0;0;0;0;0;0;0;0;0;0;0;0;0;0;0;0;0;0;0;0;0;0;0;0;0;0;0;0;0;0;0;0;0;0
04.12.2024;04:03;A 17;1;0;100;1;6;0;0;0;0;0;0;0;0;0;0;0;0;0;0;0;0;0;0;0;0;0;0;0;0;0;0;0;0;0;0;0;0;0;0;0;0;0;0;0;0;0;0;0;0;0;0;0;0;0;0;0;0
04.12.2024;04:02;A 17;1;0;100;0;0;0;0;0;0;0;0;0;0;0;0;0;0;0;0;0;0;0;0;0;0;0;0;0;0;0;0;0;0;0;0;0;0;0;0;0;0;0;0;0;0;0;0;0;0;0;0;0;0;0;0;0;0
04.12.2024;04:01;A 17;1;0;100;0;0;0;0;0;0;0;0;0;0;0;0;0;0;0;0;0;0;0;0;0;0;0;0;0;0;0;0;0;0;0;0;0;0;0;0;0;0;0;0;0;0;0;0;0;0;0;0;0;0;0;0;0;0
04.12.2024;04:00;A 17;1;0;100;0;0;0;0;0;0;0;0;0;0;0;0;0;0;0;0;1;0;0;0;1;4;0;0;0;0;0;0;0;0;0;0;0;0;0;0;0;0;0;0;0;0;0;0;0;0;0;0;0;0;0;0;0;0
04.12.2024;03:59;A 17;1;0;100;0;0;0;0;0;0;0;0;0;0;0;0;0;0;0;0;0;0;0;0;0;0;0;0;0;0;0;0;0;0;0;0;0;0;0;0;0;0;0;0;0;0;0;0;0;0;0;0;0;0;0;0;0;0
04.12.2024;03:58;A 17;1;0;100;0;0;0;0;0;0;0;0;0;0;0;0;0;0;0;0;2;1;0;0;2;9;0;0;0;0;0;0;0;0;0;0;0;0;0;0;0;0;0;0;0;0;0;0;0;0;0;0;0;0;0;0;0;0
04.12.2024;03:57;A 17;1;0;100;0;0;0;0;0;0;0;0;0;0;0;0;0;0;0;0;0;0;0;0;0;0;0;0;0;0;0;0;0;0;0;0;0;0;0;0;0;0;0;0;0;0;0;0;0;0;0;0;0;0;0;0;0;0
04.12.2024;03:56;A 17;1;0;100;0;0;0;0;0;0;0;0;0;0;0;0;0;0;0;0;0;0;0;0;0;0;0;0;0;0;0;0;0;0;0;0;0;0;0;0;0;0;0;0;0;0;0;0;0;0;0;0;0;0;0;0;0;0
04.12.2024;03:55;A 17;1;0;100;0;0;0;0;0;0;0;0;1;52;0;0;1;1;0;0;0;0;0;0;0;0;0;0;0;0;0;0;1;13;0;0;0;1;0;0;0;0;0;0;0;0;0;0;0;0;0;0;0;0;0;0;0;0
04.12.2024;03:54;A 17;1;0;100;0;0;0;0;0;0;0;0;0;0;0;0;0;0;0;0;0;0;0;0;0;0;0;0;0;0;0;0;0;0;0;0;2;9;0;0;0;0;0;0;0;0;0;0;0;0;0;0;0;0;0;0;0;0
04.12.2024;03:53;A 17;1;0;100;0;0;0;0;0;0;0;0;0;0;0;0;0;0;0;0;1;0;0;0;1;6;0;0;0;0;0;0;0;0;0;0;0;0;0;0;0;0;0;0;0;0;0;0;0;0;0;0;0;0;0;0;0;0
04.12.2024;03:52;A 17;1;0;100;0;0;0;0;0;0;0;0;1;18;0;0;1;9;0;0;0;0;0;0;0;0;0;0;0;0;0;0;0;0;0;0;0;0;0;0;0;0;0;0;0;0;0;0;0;0;0;0;0;0;0;0;0;0
04.12.2024;03:51;A 17;1;0;100;0;0;0;0;0;0;0;0;0;0;0;0;0;0;0;0;0;0;0;0;0;0;0;0;0;0;0;0;0;21;0;0;0;0;0;0;0;0;0;0;0;0;0;0;0;0;0;0;0;0;0;0;0;0
04.12.2024;03:50;A 17;1;0;100;0;0;0;0;0;0;0;0;0;37;0;0;0;0;0;0;0;0;1;5;0;0;0;0;1;8;0;0;1;12;1;4;2;10;0;0;0;0;0;0;0;0;0;0;0;0;0;0;0;0;0;0;0;0
04.12.2024;03:49;A 17;1;0;100;0;0;0;0;0;0;0;0;1;39;0;0;0;0;0;0;1;0;1;0;1;4;0;0;1;0;0;0;0;0;0;0;0;0;0;0;0;0;0;0;0;0;0;0;0;0;0;0;0;0;0;0;0;0
04.12.2024;03:48;A 17;1;0;100;2;13;3;6;0;0;0;0;0;0;0;0;0;0;0;0;0;0;1;0;0;0;0;0;0;0;0;0;0;0;0;0;0;0;0;0;0;0;0;0;0;0;0;0;0;0;0;0;0;0;0;0;0;0
04.12.2024;03:47;A 17;1;0;100;0;0;0;0;0;0;0;0;0;0;0;0;0;0;0;0;0;0;0;0;0;0;0;0;0;0;0;0;0;0;0;0;0;0;0;0;0;0;0;0;0;0;0;0;0;0;0;0;0;0;0;0;0;0
04.12.2024;03:46;A 17;1;0;100;0;0;0;0;0;0;0;0;0;0;0;0;0;0;0;0;0;0;0;0;0;0;0;0;0;0;0;0;0;0;0;0;0;0;0;0;0;0;0;0;0;0;0;0;0;0;0;0;0;0;0;0;0;0
04.12.2024;03:45;A 17;1;0;100;0;0;0;0;0;0;0;0;0;0;0;0;0;0;0;0;0;0;0;0;0;0;0;0;0;0;0;0;0;0;0;0;0;0;0;0;0;0;0;0;0;0;0;0;0;0;0;0;0;0;0;0;0;0
04.12.2024;03:44;A 17;1;0;100;1;5;0;0;0;0;0;0;0;0;0;0;0;0;0;0;0;0;0;0;0;0;0;0;0;0;0;0;0;0;0;0;0;0;0;0;0;0;0;0;0;0;0;0;0;0;0;0;0;0;0;0;0;0
04.12.2024;03:43;A 17;1;0;100;1;1;2;9;0;0;0;0;1;43;0;0;1;7;0;0;0;0;0;0;0;0;0;0;0;0;0;0;0;0;1;5;0;0;1;1;1;5;0;0;0;0;0;0;0;0;0;0;0;0;0;0;0;0
04.12.2024;03:42;A 17;1;0;100;0;0;0;0;0;0;0;0;0;0;0;0;0;0;0;0;0;0;0;0;0;0;0;0;0;0;0;0;1;22;0;0;1;8;0;0;0;0;0;0;0;0;0;0;0;0;0;0;0;0;0;0;0;0
04.12.2024;03:41;A 17;1;0;100;0;0;0;0;0;0;0;0;0;0;0;0;0;0;0;0;0;0;0;0;0;0;0;0;0;0;0;0;0;0;0;0;0;0;0;0;0;0;0;0;0;0;0;0;0;0;0;0;0;0;0;0;0;0
04.12.2024;03:40;A 17;1;0;100;0;0;0;0;0;0;0;0;0;0;0;0;0;0;0;0;0;0;0;0;0;0;0;0;0;0;0;0;0;0;1;24;0;0;2;3;2;6;0;0;0;0;0;0;0;0;0;0;0;0;0;0;0;0
04.12.2024;03:39;A 17;1;0;100;0;0;0;0;0;0;0;0;0;0;0;0;0;0;0;0;0;0;0;0;0;0;0;0;0;0;0;0;0;0;1;13;1;3;3;6;0;0;0;0;0;0;0;0;0;0;0;0;0;0;0;0;0;0
04.12.2024;03:38;A 17;1;0;100;0;0;0;0;0;0;0;0;0;0;0;0;0;0;0;0;0;0;0;0;0;0;0;0;0;0;0;0;0;0;0;0;0;0;0;0;0;0;0;0;0;0;0;0;0;0;0;0;0;0;0;0;0;0
04.12.2024;03:37;A 17;1;0;100;0;0;0;0;0;0;0;0;0;0;0;0;0;0;0;0;0;0;0;0;0;0;0;0;0;0;0;0;0;0;0;0;0;0;0;0;0;0;0;0;0;0;0;0;0;0;0;0;0;0;0;0;0;0
04.12.2024;03:36;A 17;1;0;100;0;0;0;0;0;0;0;0;0;0;0;0;0;0;0;0;0;0;0;0;0;0;0;0;0;0;0;0;0;0;0;0;0;0;0;0;0;0;0;0;0;0;0;0;0;0;0;0;0;0;0;0;0;0
04.12.2024;03:35;A 17;1;0;100;0;0;0;0;0;0;0;0;0;0;0;0;0;0;0;0;0;0;0;0;0;0;0;0;0;0;0;0;0;0;0;0;0;0;0;0;0;0;0;0;0;0;0;0;0;0;0;0;0;0;0;0;0;0
04.12.2024;03:34;A 17;1;0;100;0;0;0;0;0;0;0;0;0;0;0;0;0;0;0;0;0;0;0;0;0;0;0;0;0;0;0;0;0;0;0;0;0;0;0;0;0;0;0;0;0;0;0;0;0;0;0;0;0;0;0;0;0;0
04.12.2024;03:33;A 17;1;0;100;0;0;0;0;0;0;0;0;0;0;0;0;0;0;0;0;0;0;0;0;0;0;0;0;0;0;0;0;0;0;0;0;0;0;0;0;0;0;0;0;0;0;0;0;0;0;0;0;0;0;0;0;0;0
04.12.2024;03:32;A 17;1;0;100;1;3;0;0;0;0;0;0;0;0;0;0;0;0;0;0;0;0;0;0;0;0;0;0;0;0;0;0;0;0;0;0;0;0;0;0;0;0;0;0;0;0;0;0;0;0;0;0;0;0;0;0;0;0
04.12.2024;03:31;A 17;1;0;100;0;0;0;0;0;0;0;0;0;0;1;1;0;0;0;0;1;1;0;0;1;7;0;0;0;0;0;0;0;0;0;0;0;0;0;0;0;0;0;0;0;0;0;0;0;0;0;0;0;0;0;0;0;0
04.12.2024;03:30;A 17;1;0;100;0;0;0;0;0;0;0;0;0;0;0;0;0;0;0;0;0;0;0;0;0;0;0;0;0;0;0;0;0;0;0;0;0;0;0;0;0;0;0;0;0;0;0;0;0;0;0;0;0;0;0;0;0;0
04.12.2024;03:29;A 17;1;0;100;0;0;0;0;0;0;0;0;0;0;0;0;0;0;0;0;0;0;0;0;0;0;0;0;0;0;0;0;0;0;0;0;0;0;0;0;0;0;0;0;0;0;0;0;0;0;0;0;0;0;0;0;0;0
04.12.2024;03:28;A 17;1;0;100;0;0;0;0;0;0;0;0;0;0;0;0;0;0;0;0;0;0;0;1;0;0;0;0;0;0;0;0;0;0;0;0;0;0;0;0;0;0;0;0;0;0;0;0;0;0;0;0;0;0;0;0;0;0
04.12.2024;03:27;A 17;1;0;100;0;0;0;0;0;0;0;0;1;2;1;18;0;0;1;6;0;0;1;0;0;0;0;0;0;0;0;0;2;13;0;0;1;25;0;0;0;0;0;0;0;0;0;0;0;0;0;0;0;0;0;0;0;0
04.12.2024;03:26;A 17;1;0;100;0;0;0;0;0;0;1;20;1;25;0;0;2;3;0;0;0;0;0;0;0;0;0;0;0;0;0;0;0;0;0;0;0;0;0;0;0;0;0;0;0;0;0;0;0;0;0;0;0;0;0;0;0;0
04.12.2024;03:25;A 17;1;0;100;0;0;0;0;0;0;0;0;0;0;0;0;0;0;0;0;0;0;0;0;0;0;0;0;0;0;0;0;1;7;0;0;1;13;0;0;0;0;0;0;0;0;0;0;0;0;0;0;0;0;0;0;0;0
04.12.2024;03:24;A 17;1;0;100;0;0;0;0;0;0;0;0;0;0;0;0;0;0;0;0;0;0;0;0;0;0;0;0;0;0;0;0;0;0;0;0;0;0;0;0;0;0;0;0;0;0;0;0;0;0;0;0;0;0;0;0;0;0
04.12.2024;03:23;A 17;1;0;100;3;5;0;0;0;0;0;0;0;0;0;0;0;0;0;0;1;0;0;0;2;4;0;0;0;0;0;0;0;0;0;0;0;0;0;0;0;0;0;0;0;0;0;0;0;0;0;0;0;0;0;0;0;0
04.12.2024;03:22;A 17;1;0;100;0;0;0;0;0;0;0;0;0;0;0;0;0;0;0;0;0;0;0;0;0;0;0;0;0;0;0;0;0;0;0;0;0;0;0;0;0;0;0;0;0;0;0;0;0;0;0;0;0;0;0;0;0;0
04.12.2024;03:21;A 17;1;0;100;0;0;0;0;0;0;0;0;0;0;0;0;0;0;0;0;0;0;0;32;0;0;0;31;2;2;0;0;0;8;0;0;0;6;0;0;0;0;0;0;0;0;0;0;0;0;0;0;0;0;0;0;0;0
04.12.2024;03:20;A 17;1;0;100;1;4;0;0;0;0;0;0;0;0;0;0;0;0;0;0;0;0;1;4;0;0;1;9;0;0;0;0;1;7;0;0;1;16;0;0;0;0;0;0;0;0;0;0;0;0;0;0;0;0;0;0;0;0
04.12.2024;03:19;A 17;1;0;100;0;0;0;0;0;0;0;0;1;21;0;0;0;0;0;0;0;0;0;0;0;0;0;0;0;0;0;0;0;0;0;0;0;0;0;0;0;0;0;0;0;0;0;0;0;0;0;0;0;0;0;0;0;0
04.12.2024;03:18;A 17;1;0;100;0;0;0;0;0;0;0;0;0;0;0;0;1;1;0;0;0;0;0;0;0;0;0;0;0;0;0;0;0;0;0;0;0;0;0;0;0;0;0;0;0;0;0;0;0;0;0;0;0;0;0;0;0;0
04.12.2024;03:17;A 17;1;0;100;3;4;0;0;0;0;0;0;0;0;0;0;0;0;0;0;0;0;1;0;0;0;0;0;0;0;0;0;0;0;0;0;0;0;0;0;0;0;0;0;0;0;0;0;0;0;0;0;0;0;0;0;0;0
04.12.2024;03:16;A 17;1;0;100;0;0;0;0;0;0;0;0;0;0;0;0;0;0;0;0;0;0;0;0;0;0;0;0;0;0;0;0;0;0;0;0;0;0;0;0;0;0;0;0;0;0;0;0;0;0;0;0;0;0;0;0;0;0
04.12.2024;03:15;A 17;1;0;100;0;0;0;0;0;0;0;0;1;14;0;0;2;7;0;0;0;0;0;0;0;0;0;0;0;0;0;0;0;0;0;0;0;0;0;0;0;0;0;0;0;0;0;0;0;0;0;0;0;0;0;0;0;0
04.12.2024;03:14;A 17;1;0;100;0;0;0;0;0;0;0;0;0;0;0;0;0;0;0;0;0;0;0;0;0;0;0;0;0;0;0;0;0;0;0;0;0;0;0;0;0;0;0;0;0;0;0;0;0;0;0;0;0;0;0;0;0;0
04.12.2024;03:13;A 17;1;0;100;0;0;0;0;0;0;0;0;0;29;1;0;0;0;0;0;1;1;1;0;1;5;0;0;0;0;0;0;0;0;0;0;0;0;0;0;0;0;0;0;0;0;0;0;0;0;0;0;0;0;0;0;0;0
04.12.2024;03:12;A 17;1;0;100;0;0;0;0;0;0;0;0;1;1;0;0;1;9;0;0;2;4;0;0;2;15;0;0;0;0;0;0;0;0;0;0;0;0;0;0;0;0;0;0;0;0;0;0;0;0;0;0;0;0;0;0;0;0
04.12.2024;03:11;A 17;1;0;100;0;0;0;0;0;0;0;0;0;0;0;0;0;0;0;0;0;0;0;0;0;0;0;0;0;0;0;0;0;0;0;0;0;0;0;0;0;0;0;0;0;0;0;0;0;0;0;0;0;0;0;0;0;0
04.12.2024;03:10;A 17;1;0;100;0;0;0;0;0;0;0;0;0;0;0;0;0;0;0;0;1;1;0;0;0;0;0;0;0;0;0;0;0;0;0;0;0;0;0;0;0;0;0;0;0;0;0;0;0;0;0;0;0;0;0;0;0;0
04.12.2024;03:09;A 17;1;0;100;0;0;0;0;0;0;0;0;0;0;0;0;0;0;0;0;0;0;0;0;1;8;0;0;0;0;0;0;0;0;0;0;0;0;0;0;0;0;0;0;0;0;0;0;0;0;0;0;0;0;0;0;0;0
04.12.2024;03:08;A 17;1;0;100;0;0;0;0;0;0;0;0;0;0;0;0;0;0;0;0;0;0;0;0;0;0;0;0;0;0;0;0;0;0;0;0;0;0;0;0;0;0;0;0;0;0;0;0;0;0;0;0;0;0;0;0;0;0
04.12.2024;03:07;A 17;1;0;100;0;0;0;0;0;0;0;0;1;8;0;0;1;2;0;0;1;1;0;0;2;5;0;0;0;0;0;0;0;0;0;0;0;0;0;0;0;0;0;0;0;0;0;0;0;0;0;0;0;0;0;0;0;0
04.12.2024;03:06;A 17;1;0;100;0;0;0;0;0;0;0;0;0;0;1;5;0;0;0;0;2;11;0;0;4;27;0;0;0;0;0;0;0;0;0;0;0;0;0;0;0;0;0;0;0;0;0;0;0;0;0;0;0;0;0;0;0;0
04.12.2024;03:05;A 17;1;0;100;1;6;0;0;0;0;0;0;0;0;0;0;0;0;0;0;1;1;0;0;2;4;0;0;0;0;0;0;0;0;0;0;0;0;0;0;0;0;0;0;0;0;0;0;0;0;0;0;0;0;0;0;0;0
04.12.2024;03:04;A 17;1;0;100;0;0;1;0;0;0;0;0;0;0;0;0;0;0;0;0;1;0;0;0;1;5;0;0;0;0;0;0;0;0;0;0;0;0;0;0;0;0;0;0;0;0;0;0;0;0;0;0;0;0;0;0;0;0
04.12.2024;03:03;A 17;1;0;100;0;0;0;0;0;0;0;0;0;0;0;0;0;0;0;0;0;0;0;0;0;0;0;0;0;0;0;0;0;0;0;0;0;0;0;0;0;0;0;0;0;0;0;0;0;0;0;0;0;0;0;0;0;0
04.12.2024;03:02;A 17;1;0;100;0;0;0;0;0;0;0;0;0;0;0;0;0;0;0;0;0;0;0;0;0;0;0;0;0;0;0;0;0;0;0;0;0;0;0;0;0;0;0;0;0;0;0;0;0;0;0;0;0;0;0;0;0;0
04.12.2024;03:01;A 17;1;0;100;1;5;0;0;0;0;0;0;0;5;0;0;0;0;0;0;0;0;0;0;0;0;0;0;0;0;0;0;1;1;0;0;1;8;0;0;0;0;0;0;0;0;0;0;0;0;0;0;0;0;0;0;0;0
04.12.2024;03:00;A 17;1;0;100;0;0;0;0;0;0;0;0;1;12;0;0;1;5;0;0;0;0;0;0;0;0;0;0;0;0;0;0;0;0;0;0;0;0;0;0;0;0;0;0;0;0;0;0;0;0;0;0;0;0;0;0;0;0
04.12.2024;02:59;A 17;1;0;100;0;0;0;0;0;0;0;0;0;0;0;0;0;0;0;0;0;0;0;0;0;0;0;0;0;0;0;0;2;17;0;0;1;28;0;0;0;0;0;0;0;0;0;0;0;0;0;0;0;0;0;0;0;0
04.12.2024;02:58;A 17;1;0;100;0;0;0;0;0;0;0;0;0;0;0;0;0;0;0;0;0;0;0;0;0;0;0;0;0;0;0;0;0;0;0;0;0;0;0;0;0;0;0;0;0;0;0;0;0;0;0;0;0;0;0;0;0;0
04.12.2024;02:57;A 17;1;0;100;0;0;0;0;0;0;0;0;0;0;0;0;0;0;0;0;0;0;0;0;0;0;0;0;0;0;0;0;1;15;0;0;8;20;0;0;0;0;0;0;0;0;0;0;0;0;0;0;0;0;0;0;0;0
04.12.2024;02:56;A 17;1;0;100;0;0;0;0;0;0;0;0;0;0;0;0;0;0;0;0;0;0;0;0;0;0;0;0;0;0;0;0;0;0;0;0;0;0;0;0;0;0;0;0;0;0;0;0;0;0;0;0;0;0;0;0;0;0
04.12.2024;02:55;A 17;1;0;100;0;0;0;0;0;0;0;0;0;0;0;0;0;0;0;0;1;0;0;0;1;3;0;0;0;0;0;0;0;0;0;0;0;0;0;0;0;0;0;0;0;0;0;0;0;0;0;0;0;0;0;0;0;0
04.12.2024;02:54;A 17;1;0;100;0;0;0;0;0;0;0;0;0;0;0;7;0;0;0;0;1;0;1;0;1;5;0;0;1;1;0;0;0;0;0;0;0;0;0;0;0;0;0;0;0;0;0;0;0;0;0;0;0;0;0;0;0;0
04.12.2024;02:53;A 17;1;0;100;0;0;0;0;0;0;0;0;0;0;1;12;0;0;1;3;1;0;0;0;1;5;0;0;0;0;0;0;0;0;0;0;0;0;0;0;0;0;0;0;0;0;0;0;0;0;0;0;0;0;0;0;0;0
04.12.2024;02:52;A 17;1;0;100;0;0;0;0;0;0;0;0;1;13;0;0;2;4;0;0;0;0;0;0;0;0;0;0;0;0;0;0;1;13;0;0;2;12;0;0;0;0;0;0;0;0;0;0;0;0;0;0;0;0;0;0;0;0
04.12.2024;02:51;A 17;1;0;100;0;0;0;0;0;0;0;0;0;0;0;0;0;0;0;0;0;0;0;0;0;0;0;0;0;0;0;0;0;0;0;0;0;0;0;0;0;0;0;0;0;0;0;0;0;0;0;0;0;0;0;0;0;0
04.12.2024;02:50;A 17;1;0;100;0;0;0;0;0;0;0;0;0;0;0;0;0;0;0;0;1;0;0;0;1;4;0;0;0;0;0;0;0;0;0;0;0;0;0;0;0;0;0;0;0;0;0;0;0;0;0;0;0;0;0;0;0;0
04.12.2024;02:49;A 17;1;0;100;4;6;0;0;0;0;0;0;0;0;0;0;0;0;0;0;0;0;0;0;0;0;0;0;0;0;0;0;0;0;0;0;0;0;0;0;0;0;0;0;0;0;0;0;0;0;0;0;0;0;0;0;0;0
04.12.2024;02:48;A 17;1;0;100;0;0;0;0;0;0;0;0;0;0;0;0;0;0;0;0;0;0;0;0;0;0;0;0;0;0;0;0;0;0;0;0;0;0;0;0;0;0;0;0;0;0;0;0;0;0;0;0;0;0;0;0;0;0
04.12.2024;02:47;A 17;1;0;100;0;0;0;0;0;0;0;0;0;0;0;0;0;0;0;0;0;0;0;0;0;0;0;0;0;0;0;0;0;0;0;0;0;0;0;0;0;0;0;0;0;0;0;0;0;0;0;0;0;0;0;0;0;0
04.12.2024;02:46;A 17;1;0;100;0;0;0;0;0;0;0;0;0;0;0;0;0;0;0;0;0;0;0;0;0;0;0;0;0;0;0;0;0;0;0;0;0;0;0;0;0;0;0;0;0;0;0;0;0;0;0;0;0;0;0;0;0;0
04.12.2024;02:45;A 17;1;0;100;0;0;0;0;0;0;0;0;0;0;0;0;0;0;0;0;0;0;0;0;0;0;0;0;0;0;0;0;0;0;0;0;0;0;0;0;0;0;0;0;0;0;0;0;0;0;0;0;0;0;0;0;0;0
04.12.2024;02:44;A 17;1;0;100;0;0;0;0;0;0;0;0;0;0;0;0;0;0;0;0;0;0;0;0;0;0;0;0;0;0;0;0;0;0;0;0;0;0;0;0;0;0;0;0;0;0;0;0;0;0;0;0;0;0;0;0;0;0
04.12.2024;02:43;A 17;1;0;100;0;0;0;0;0;0;0;0;0;0;0;0;0;0;0;0;0;0;0;0;0;0;0;0;0;0;0;0;0;0;0;0;0;0;0;0;0;0;0;0;0;0;0;0;0;0;0;0;0;0;0;0;0;0
04.12.2024;02:42;A 17;1;0;100;0;0;0;0;0;0;0;0;0;0;0;0;0;0;0;0;0;0;0;0;0;0;0;0;0;0;0;0;0;0;0;0;0;0;0;0;0;0;0;0;0;0;0;0;0;0;0;0;0;0;0;0;0;0
04.12.2024;02:41;A 17;1;0;100;0;0;0;0;0;0;0;0;0;0;0;0;0;0;0;0;0;0;0;0;0;0;0;0;0;0;0;0;0;0;0;0;0;0;0;0;0;0;0;0;0;0;0;0;0;0;0;0;0;0;0;0;0;0
04.12.2024;02:40;A 17;1;0;100;0;0;1;3;0;0;0;0;0;0;0;0;0;0;0;0;1;3;0;0;1;5;0;0;1;0;0;0;1;8;0;0;2;14;0;0;0;0;0;0;0;0;0;0;0;0;0;0;0;0;0;0;0;0
04.12.2024;02:39;A 17;1;0;100;0;0;0;0;0;0;0;0;0;0;0;0;0;0;0;0;0;0;0;0;0;0;0;0;0;0;0;0;0;0;0;0;0;0;0;0;0;0;0;0;0;0;0;0;0;0;0;0;0;0;0;0;0;0
04.12.2024;02:38;A 17;1;0;100;0;0;0;0;0;0;0;0;0;0;0;0;0;0;0;0;0;0;0;0;0;0;0;0;0;0;0;0;1;13;0;0;1;10;0;0;0;0;0;0;0;0;0;0;0;0;0;0;0;0;0;0;0;0
04.12.2024;02:37;A 17;1;0;100;0;0;0;0;0;0;0;0;0;0;0;0;0;0;0;0;0;0;0;0;0;0;0;0;0;0;0;0;0;0;0;0;0;0;0;0;0;0;0;0;0;0;0;0;0;0;0;0;0;0;0;0;0;0
04.12.2024;02:36;A 17;1;0;100;2;1;0;0;0;0;0;0;0;0;0;5;0;0;0;0;0;0;1;0;0;0;0;0;0;0;0;0;0;0;0;0;0;0;0;0;0;0;0;0;0;0;0;0;0;0;0;0;0;0;0;0;0;0
04.12.2024;02:35;A 17;1;0;100;2;3;0;0;0;0;0;0;0;0;1;18;0;0;1;2;0;0;0;0;0;0;0;0;0;0;0;0;0;0;0;0;0;0;0;0;0;0;0;0;0;0;0;0;0;0;0;0;0;0;0;0;0;0
04.12.2024;02:34;A 17;1;0;100;0;0;0;0;0;0;0;0;0;0;0;0;0;0;0;0;0;0;0;0;0;0;0;0;0;0;0;0;1;15;0;0;1;10;0;0;0;0;0;0;0;0;0;0;0;0;0;0;0;0;0;0;0;0
04.12.2024;02:33;A 17;1;0;100;0;0;0;0;0;0;0;0;0;0;0;0;0;0;0;0;0;0;0;0;0;0;0;0;0;0;0;0;0;0;0;0;0;0;0;0;0;0;0;0;0;0;0;0;0;0;0;0;0;0;0;0;0;0
04.12.2024;02:32;A 17;1;0;100;0;0;0;0;0;0;0;0;0;0;0;0;0;0;0;0;0;0;0;0;0;0;0;0;0;0;0;0;0;0;1;19;0;0;1;4;1;3;0;0;0;0;0;0;0;0;0;0;0;0;0;0;0;0
04.12.2024;02:31;A 17;1;0;100;1;7;0;0;0;0;0;0;0;0;0;0;0;0;0;0;0;0;0;0;0;0;0;0;0;0;0;0;0;0;0;0;0;0;0;0;0;0;0;0;0;0;0;0;0;0;0;0;0;0;0;0;0;0
04.12.2024;02:30;A 17;1;0;100;0;0;0;0;0;0;0;0;0;0;0;0;0;0;0;0;3;2;0;0;3;14;0;0;0;0;0;0;0;0;0;0;0;0;0;0;0;0;0;0;0;0;0;0;0;0;0;0;0;0;0;0;0;0
04.12.2024;02:29;A 17;1;0;100;0;0;0;0;0;0;0;0;0;0;0;0;0;0;0;0;0;0;0;0;0;0;0;0;0;0;0;0;0;0;0;0;0;0;0;0;0;0;0;0;0;0;0;0;0;0;0;0;0;0;0;0;0;0
04.12.2024;02:28;A 17;1;0;100;2;9;0;0;0;0;0;0;1;1;0;0;1;6;0;0;0;0;0;0;0;0;0;0;0;0;0;0;1;16;0;0;0;6;0;0;0;0;0;0;0;0;0;0;0;0;0;0;0;0;0;0;0;0
04.12.2024;02:27;A 17;1;0;100;0;0;0;0;0;0;0;0;0;0;0;0;0;0;0;0;1;0;0;0;1;5;0;0;0;0;0;0;0;0;0;0;1;3;0;0;0;0;0;0;0;0;0;0;0;0;0;0;0;0;0;0;0;0
04.12.2024;02:26;A 17;1;0;100;0;0;0;0;0;0;0;0;0;0;0;0;0;0;0;0;1;0;0;0;1;4;0;0;0;0;0;0;0;0;0;0;0;0;0;0;0;0;0;0;0;0;0;0;0;0;0;0;0;0;0;0;0;0
04.12.2024;02:25;A 17;1;0;100;0;0;0;0;0;0;0;0;0;0;0;0;0;0;0;0;1;1;0;0;1;4;0;0;0;0;0;0;0;0;0;0;0;0;0;0;0;0;0;0;0;0;0;0;0;0;0;0;0;0;0;0;0;0
04.12.2024;02:24;A 17;1;0;100;0;0;0;0;0;0;0;0;0;0;0;0;0;0;0;0;0;0;0;0;0;0;0;0;0;0;0;0;0;0;0;0;0;0;0;0;0;0;0;0;0;0;0;0;0;0;0;0;0;0;0;0;0;0
04.12.2024;02:23;A 17;1;0;100;0;0;0;0;0;0;0;0;0;0;0;0;0;0;0;0;0;0;0;0;0;0;0;0;0;0;0;0;0;0;0;0;0;0;0;0;0;0;0;0;0;0;0;0;0;0;0;0;0;0;0;0;0;0
04.12.2024;02:22;A 17;1;0;100;0;0;0;0;0;0;0;0;0;0;0;0;0;0;0;0;0;0;0;0;0;0;0;0;0;0;0;0;0;0;0;0;0;0;0;0;0;0;0;0;0;0;0;0;0;0;0;0;0;0;0;0;0;0
04.12.2024;02:21;A 17;1;0;100;0;0;0;0;0;0;0;0;0;0;0;0;0;0;0;0;0;0;0;0;0;0;0;0;0;0;0;0;0;0;0;0;0;0;0;0;0;0;0;0;0;0;0;0;0;0;0;0;0;0;0;0;0;0
04.12.2024;02:20;A 17;1;0;100;0;0;0;0;0;0;0;0;0;0;0;0;0;0;0;0;0;0;0;0;0;0;0;0;0;0;0;0;0;0;0;0;0;0;0;0;0;0;0;0;0;0;0;0;0;0;0;0;0;0;0;0;0;0
04.12.2024;02:19;A 17;1;0;100;0;0;0;0;0;0;0;0;0;0;0;0;0;0;0;0;1;0;1;0;2;3;0;0;0;0;0;0;0;0;0;0;0;0;0;0;0;0;0;0;0;0;0;0;0;0;0;0;0;0;0;0;0;0
04.12.2024;02:18;A 17;1;0;100;0;0;0;0;0;0;0;0;0;0;0;0;0;0;0;0;0;0;0;0;0;0;0;0;0;0;0;0;0;0;0;0;0;0;0;0;0;0;0;0;0;0;0;0;0;0;0;0;0;0;0;0;0;0
04.12.2024;02:17;A 17;1;0;100;0;0;0;0;0;0;0;0;0;0;0;0;0;0;0;0;0;0;0;0;0;0;0;0;0;0;0;0;0;0;0;0;0;0;0;0;0;0;0;0;0;0;0;0;0;0;0;0;0;0;0;0;0;0
04.12.2024;02:16;A 17;1;0;100;0;0;0;0;0;0;0;0;0;0;0;0;0;0;0;0;1;0;0;0;1;6;0;0;0;0;0;0;1;16;0;0;0;2;0;0;0;0;0;0;0;0;0;0;0;0;0;0;0;0;0;0;0;0
04.12.2024;02:15;A 17;1;0;100;3;5;0;0;0;0;0;0;0;0;0;0;0;0;0;0;0;0;0;0;0;0;0;0;0;0;0;0;0;0;0;0;1;5;0;0;0;0;0;0;0;0;0;0;0;0;0;0;0;0;0;0;0;0
04.12.2024;02:14;A 17;1;0;100;0;0;0;0;0;0;2;27;1;29;0;0;1;34;0;0;0;0;0;0;0;0;0;0;0;0;0;0;0;0;0;0;0;0;0;0;0;0;0;0;0;0;0;0;0;0;0;0;0;0;0;0;0;0
04.12.2024;02:13;A 17;1;0;100;0;0;0;0;0;0;0;0;1;20;0;0;2;4;0;0;1;0;0;0;1;5;0;0;0;0;0;0;0;0;0;0;0;0;0;0;0;0;0;0;0;0;0;0;0;0;0;0;0;0;0;0;0;0
04.12.2024;02:12;A 17;1;0;100;0;0;0;0;0;0;0;0;0;0;0;0;0;0;0;0;0;0;0;0;0;0;0;0;0;0;0;0;2;17;0;0;2;23;0;0;0;0;0;0;0;0;0;0;0;0;0;0;0;0;0;0;0;0
04.12.2024;02:11;A 17;1;0;100;0;0;0;0;0;0;0;0;0;0;0;0;0;0;0;0;1;0;0;0;1;7;0;0;0;0;0;0;0;0;0;0;1;1;0;0;0;0;0;0;0;0;0;0;0;0;0;0;0;0;0;0;0;0
04.12.2024;02:10;A 17;1;0;100;0;0;0;0;0;0;0;0;0;0;0;0;0;0;0;0;2;1;0;0;2;6;0;0;0;0;0;0;0;0;0;0;0;0;0;0;0;0;0;0;0;0;0;0;0;0;0;0;0;0;0;0;0;0
04.12.2024;02:09;A 17;1;0;100;0;0;0;0;0;0;0;0;0;0;0;0;0;0;0;0;1;1;0;0;1;7;0;0;0;0;0;0;0;0;0;0;0;0;0;0;0;0;0;0;0;0;0;0;0;0;0;0;0;0;0;0;0;0
04.12.2024;02:08;A 17;1;0;100;0;0;0;0;0;0;0;0;0;0;0;0;0;0;0;0;0;0;0;0;0;0;0;0;0;0;0;0;0;0;0;0;0;0;0;0;0;0;0;0;0;0;0;0;0;0;0;0;0;0;0;0;0;0
04.12.2024;02:07;A 17;1;0;100;1;3;0;0;0;0;0;0;0;0;0;0;0;0;0;0;0;0;0;0;0;0;0;0;0;0;0;0;0;0;0;0;0;0;0;0;0;0;0;0;0;0;0;0;0;0;0;0;0;0;0;0;0;0
04.12.2024;02:06;A 17;1;0;100;0;0;0;0;0;0;0;0;0;0;0;0;0;0;0;0;2;2;0;0;1;4;0;0;0;0;0;0;0;0;0;0;0;0;0;0;0;0;0;0;0;0;0;0;0;0;0;0;0;0;0;0;0;0
04.12.2024;02:05;A 17;1;0;100;0;0;0;0;0;0;0;0;0;0;0;0;0;0;0;0;0;0;0;0;1;5;0;0;0;0;0;0;1;15;0;0;1;7;0;0;0;0;0;0;0;0;0;0;0;0;0;0;0;0;0;0;0;0
04.12.2024;02:04;A 17;1;0;100;0;0;0;0;0;0;0;0;2;57;1;1;1;64;0;0;0;0;0;0;0;0;0;0;0;0;0;0;0;12;0;0;0;0;0;0;0;0;0;0;0;0;0;0;0;0;0;0;0;0;0;0;0;0
04.12.2024;02:03;A 17;1;0;100;0;0;0;0;0;0;0;0;0;0;0;0;0;0;0;0;0;0;0;0;0;0;0;0;0;0;0;0;2;58;0;0;3;19;0;0;0;0;0;0;0;0;0;0;0;0;0;0;0;0;0;0;0;0
04.12.2024;02:02;A 17;1;0;100;1;4;0;0;0;0;0;0;0;0;0;0;0;0;0;0;0;0;0;0;0;0;0;0;0;0;0;0;0;0;0;0;0;0;0;0;0;0;0;0;0;0;0;0;0;0;0;0;0;0;0;0;0;0
04.12.2024;02:01;A 17;1;0;100;0;0;0;0;0;0;0;0;0;0;0;0;0;0;0;0;1;0;1;0;1;4;1;0;1;1;0;0;0;0;0;0;0;0;0;0;0;0;0;0;0;0;0;0;0;0;0;0;0;0;0;0;0;0
04.12.2024;02:00;A 17;1;0;100;2;6;0;0;0;0;0;0;0;0;1;1;0;0;0;0;1;1;0;0;1;4;0;0;0;0;0;0;0;0;0;0;0;0;0;0;0;0;0;0;0;0;0;0;0;0;0;0;0;0;0;0;0;0
04.12.2024;01:59;A 17;1;0;100;0;0;0;0;0;0;0;0;0;0;0;0;0;0;0;0;1;1;0;0;1;9;0;0;0;0;0;0;0;0;0;0;0;0;0;0;0;0;0;0;0;0;0;0;0;0;0;0;0;0;0;0;0;0
04.12.2024;01:58;A 17;1;0;100;0;0;0;0;0;0;0;0;0;0;0;0;0;0;0;0;0;0;1;0;0;0;1;2;2;1;0;0;0;0;1;0;0;0;0;0;0;0;0;0;0;0;0;0;0;0;0;0;0;0;0;0;0;0
04.12.2024;01:57;A 17;1;0;100;0;0;0;0;0;0;0;0;0;0;0;0;0;0;0;0;0;0;0;0;0;0;0;0;0;0;0;0;0;0;0;0;0;0;0;0;0;0;0;0;0;0;0;0;0;0;0;0;0;0;0;0;0;0
04.12.2024;01:56;A 17;1;0;100;3;17;0;0;0;0;0;0;0;0;0;0;0;0;0;0;0;0;0;0;0;0;0;0;0;0;0;0;0;0;0;0;0;0;0;0;0;0;0;0;0;0;0;0;0;0;0;0;0;0;0;0;0;0
04.12.2024;01:55;A 17;1;0;100;1;4;0;0;0;0;0;0;0;0;0;0;0;0;0;0;0;0;0;0;0;0;0;0;0;0;0;0;0;0;0;0;0;0;0;0;0;0;0;0;0;0;0;0;0;0;0;0;0;0;0;0;0;0
04.12.2024;01:54;A 17;1;0;100;0;0;0;0;0;0;0;0;0;0;0;0;0;0;0;0;0;0;1;0;0;0;0;0;0;0;0;0;0;0;0;0;0;0;0;0;0;0;0;0;0;0;0;0;0;0;0;0;0;0;0;0;0;0
04.12.2024;01:53;A 17;1;0;100;0;0;0;0;0;0;0;0;0;0;0;0;0;0;0;0;0;0;0;0;0;0;0;0;0;0;0;0;1;16;0;0;1;8;0;0;0;0;0;0;0;0;0;0;0;0;0;0;0;0;0;0;0;0
04.12.2024;01:52;A 17;1;0;100;0;0;0;0;0;0;0;0;0;0;0;0;0;0;0;0;0;0;0;0;0;0;0;0;0;0;0;0;0;0;0;17;0;0;0;0;2;4;0;0;0;0;0;0;0;0;0;0;0;0;0;0;0;0
04.12.2024;01:51;A 17;1;0;100;0;0;0;0;0;0;0;0;0;0;0;0;0;0;0;0;0;0;0;0;0;0;0;0;0;0;0;0;0;0;1;5;0;0;2;6;0;0;0;0;0;0;0;0;0;0;0;0;0;0;0;0;0;0
04.12.2024;01:50;A 17;1;0;100;0;0;0;0;0;0;0;0;0;0;0;0;0;0;0;0;0;0;0;0;0;0;0;0;0;0;0;0;1;13;0;0;2;7;0;0;0;0;0;0;0;0;0;0;0;0;0;0;0;0;0;0;0;0
04.12.2024;01:49;A 17;1;0;100;0;0;0;0;0;0;0;0;0;0;0;0;0;0;0;0;0;0;0;0;0;0;0;0;0;0;0;0;0;0;0;0;0;0;0;0;0;0;0;0;0;0;0;0;0;0;0;0;0;0;0;0;0;0
04.12.2024;01:48;A 17;1;0;100;0;0;0;0;0;0;0;0;0;0;0;0;0;0;0;0;0;0;0;0;0;0;0;0;0;0;0;0;0;0;0;0;0;0;0;0;0;0;0;0;0;0;0;0;0;0;0;0;0;0;0;0;0;0
04.12.2024;01:47;A 17;1;0;100;1;2;0;0;0;0;0;0;0;0;0;0;0;0;0;0;3;2;0;0;3;16;0;0;0;0;0;0;0;0;0;0;0;0;0;0;0;0;0;0;0;0;0;0;0;0;0;0;0;0;0;0;0;0
04.12.2024;01:46;A 17;1;0;100;0;0;0;0;0;0;0;0;0;0;0;0;0;0;0;0;0;0;0;0;0;0;0;0;0;0;0;0;0;0;0;0;0;0;0;0;0;0;0;0;0;0;0;0;0;0;0;0;0;0;0;0;0;0
04.12.2024;01:45;A 17;1;0;100;1;8;0;0;0;0;0;0;0;0;0;0;0;0;0;0;0;0;0;0;0;0;0;0;0;0;0;0;0;0;0;0;0;0;0;0;0;0;0;0;0;0;0;0;0;0;0;0;0;0;0;0;0;0
04.12.2024;01:44;A 17;1;0;100;1;4;0;0;0;0;0;0;0;0;0;0;0;0;0;0;1;8;0;0;1;7;0;0;0;0;0;0;1;0;0;0;0;0;0;0;0;0;0;0;0;0;0;0;0;0;0;0;0;0;0;0;0;0
04.12.2024;01:43;A 17;1;0;100;2;4;0;0;0;0;0;0;0;0;0;0;0;0;0;0;0;0;0;0;0;0;0;0;0;0;0;0;0;0;0;0;0;0;0;0;0;0;0;0;0;0;0;0;0;0;0;0;0;0;0;0;0;0
04.12.2024;01:42;A 17;1;0;100;0;0;0;0;0;0;0;0;0;0;0;0;0;0;0;0;0;0;0;0;0;0;0;0;0;0;0;0;1;23;0;0;1;10;0;0;0;0;0;0;0;0;0;0;0;0;0;0;0;0;0;0;0;0
04.12.2024;01:41;A 17;1;0;100;0;0;0;0;0;0;1;1;1;26;0;0;1;4;0;0;1;0;0;0;1;4;0;0;0;0;0;0;0;0;0;0;0;0;0;0;0;0;0;0;0;0;0;0;0;0;0;0;0;0;0;0;0;0
04.12.2024;01:40;A 17;1;0;100;1;5;0;0;0;0;0;0;0;0;0;0;0;0;0;0;0;0;0;0;0;0;0;0;0;0;0;0;0;0;1;1;0;0;0;0;0;0;0;0;0;0;0;0;0;0;0;0;0;0;0;0;0;0
04.12.2024;01:39;A 17;1;0;100;0;0;0;0;0;0;0;0;0;0;0;0;0;0;0;0;1;0;0;0;1;5;0;0;0;0;0;0;0;0;0;0;0;0;0;0;0;0;0;0;0;0;0;0;0;0;0;0;0;0;0;0;0;0
04.12.2024;01:38;A 17;1;0;100;0;0;0;3;0;0;0;0;0;0;0;0;0;0;0;0;1;0;0;0;1;6;0;0;0;0;0;0;0;0;0;0;0;0;0;0;0;0;0;0;0;0;0;0;0;0;0;0;0;0;0;0;0;0
04.12.2024;01:37;A 17;1;0;100;1;4;1;1;0;0;0;0;0;0;0;0;0;0;0;0;1;0;0;0;1;7;0;0;0;0;0;0;0;0;0;0;0;0;0;0;0;0;0;0;0;0;0;0;0;0;0;0;0;0;0;0;0;0
04.12.2024;01:36;A 17;1;0;100;0;0;0;0;0;0;0;0;0;0;0;0;0;0;0;0;0;0;0;0;0;0;0;0;0;0;0;0;1;13;0;0;1;8;0;0;0;0;0;0;0;0;0;0;0;0;0;0;0;0;0;0;0;0
04.12.2024;01:35;A 17;1;0;100;0;0;0;0;0;0;0;0;0;0;0;0;0;0;0;0;0;0;0;0;0;0;0;0;0;0;0;0;0;0;0;0;0;0;0;0;0;0;0;0;0;0;0;0;0;0;0;0;0;0;0;0;0;0
04.12.2024;01:34;A 17;1;0;100;2;1;0;0;0;0;0;0;0;0;0;0;0;0;0;0;0;0;0;0;0;0;0;0;0;0;0;0;0;0;0;0;0;0;0;0;0;0;0;0;0;0;0;0;0;0;0;0;0;0;0;0;0;0
04.12.2024;01:33;A 17;1;0;100;2;9;0;0;0;0;0;0;1;23;0;0;1;1;0;0;1;0;0;0;1;5;0;0;0;0;0;0;0;0;0;0;0;0;0;0;0;0;0;0;0;0;0;0;0;0;0;0;0;0;0;0;0;0
04.12.2024;01:32;A 17;1;0;100;0;0;0;0;0;0;0;0;0;0;0;0;0;0;0;0;0;0;0;0;0;0;0;0;0;0;0;0;0;0;0;0;0;0;0;0;0;0;0;0;0;0;0;0;0;0;0;0;0;0;0;0;0;0
04.12.2024;01:31;A 17;1;0;100;0;0;0;0;0;0;1;1;2;29;0;0;1;34;0;0;3;32;0;0;2;16;0;0;0;0;0;0;0;0;0;0;0;0;0;0;0;0;0;0;0;0;0;0;0;0;0;0;0;0;0;0;0;0
04.12.2024;01:30;A 17;1;0;100;0;0;0;0;0;0;0;0;0;0;0;0;0;0;0;0;0;0;1;1;1;4;0;0;0;0;0;0;1;13;1;11;2;9;0;0;0;0;0;0;0;0;0;0;0;0;0;0;0;0;0;0;0;0
04.12.2024;01:29;A 17;1;0;100;1;6;1;5;0;0;0;0;1;25;0;0;2;7;0;0;0;0;0;0;0;0;0;0;0;0;0;0;0;0;0;0;0;0;0;0;0;0;0;0;0;0;0;0;0;0;0;0;0;0;0;0;0;0
04.12.2024;01:28;A 17;1;0;100;0;0;0;0;0;0;0;0;0;0;0;0;0;0;0;0;2;1;1;1;1;14;1;2;1;1;0;0;0;0;2;4;0;0;1;1;1;1;0;0;0;0;0;0;0;0;0;0;0;0;0;0;0;0
04.12.2024;01:27;A 17;1;0;100;0;0;0;0;0;0;0;0;0;0;1;0;0;0;0;0;0;0;0;0;0;0;0;0;0;0;0;0;1;13;0;0;1;6;0;0;0;0;0;0;0;0;0;0;0;0;0;0;0;0;0;0;0;0
04.12.2024;01:26;A 17;1;0;100;0;0;0;0;0;0;0;0;0;0;0;0;0;0;0;0;0;0;0;0;0;0;0;0;0;0;0;0;1;13;1;3;2;9;0;0;0;0;0;0;0;0;0;0;0;0;0;0;0;0;0;0;0;0
04.12.2024;01:25;A 17;1;0;100;1;10;0;0;0;0;0;0;0;0;1;19;0;0;1;3;0;0;1;0;0;0;0;0;0;0;0;0;0;0;0;0;0;0;0;0;0;0;0;0;0;0;0;0;0;0;0;0;0;0;0;0;0;0
04.12.2024;01:24;A 17;1;0;100;0;0;1;2;0;0;0;0;0;0;0;0;0;0;0;0;0;0;0;0;0;0;0;0;0;0;0;0;0;0;0;0;0;0;0;0;0;0;0;0;0;0;0;0;0;0;0;0;0;0;0;0;0;0
04.12.2024;01:23;A 17;1;0;100;0;0;0;0;0;0;0;0;0;0;0;0;0;0;0;0;1;0;0;0;1;3;0;0;0;0;0;0;0;0;0;0;0;0;0;0;0;0;0;0;0;0;0;0;0;0;0;0;0;0;0;0;0;0
04.12.2024;01:22;A 17;1;0;100;0;0;0;0;0;0;0;0;0;0;0;0;0;0;0;0;1;0;0;0;2;4;0;0;0;0;0;0;0;0;0;0;0;0;0;0;0;0;0;0;0;0;0;0;0;0;0;0;0;0;0;0;0;0
04.12.2024;01:21;A 17;1;0;100;0;0;0;0;0;0;0;0;0;0;0;0;0;0;0;0;0;0;0;0;0;0;0;0;0;0;0;0;0;0;0;0;0;0;0;0;0;0;0;0;0;0;0;0;0;0;0;0;0;0;0;0;0;0
04.12.2024;01:20;A 17;1;0;100;1;4;0;0;0;0;0;0;0;0;0;0;0;0;0;0;0;0;0;0;0;0;0;0;0;0;0;0;0;0;0;0;0;0;0;0;0;0;0;0;0;0;0;0;0;0;0;0;0;0;0;0;0;0
04.12.2024;01:19;A 17;1;0;100;0;0;0;0;0;0;0;0;0;0;0;0;0;0;0;0;1;0;0;0;1;4;0;0;0;0;0;0;0;0;0;0;0;0;0;0;0;0;0;0;0;0;0;0;0;0;0;0;0;0;0;0;0;0
04.12.2024;01:18;A 17;1;0;100;0;0;0;0;0;0;0;0;1;13;0;0;0;2;0;0;0;0;1;0;0;0;0;0;0;0;0;0;0;0;0;0;0;0;0;0;0;0;0;0;0;0;0;0;0;0;0;0;0;0;0;0;0;0
04.12.2024;01:17;A 17;1;0;100;0;0;0;0;0;0;0;0;0;0;0;0;1;5;0;0;0;0;0;0;0;0;0;0;0;0;0;0;0;0;0;3;0;0;0;0;1;4;0;0;0;0;0;0;0;0;0;0;0;0;0;0;0;0
04.12.2024;01:16;A 17;1;0;100;0;0;0;0;0;0;0;0;0;0;0;0;0;0;0;0;1;0;0;0;2;5;0;0;0;0;0;0;0;0;1;18;0;0;1;1;0;0;0;0;0;0;0;0;0;0;0;0;0;0;0;0;0;0
04.12.2024;01:15;A 17;1;0;100;0;0;0;0;0;0;2;48;1;51;0;0;1;57;0;0;0;0;0;0;0;0;0;0;0;0;0;0;0;0;0;0;0;0;0;0;0;0;0;0;0;0;0;0;0;0;0;0;0;0;0;0;0;0
04.12.2024;01:14;A 17;1;0;100;0;0;0;0;0;0;0;0;0;0;1;0;0;0;0;0;1;0;0;0;1;5;0;0;0;0;0;0;2;64;0;0;0;70;0;0;0;0;0;0;0;0;0;0;0;0;0;0;0;0;0;0;0;0
04.12.2024;01:13;A 17;1;0;100;1;5;0;0;0;0;0;0;0;0;0;0;0;0;0;0;2;1;0;0;2;9;0;0;0;0;0;0;1;14;0;0;3;7;0;0;0;0;0;0;0;0;0;0;0;0;0;0;0;0;0;0;0;0
04.12.2024;01:12;A 17;1;0;100;1;6;0;0;0;0;0;0;0;0;0;0;0;0;0;0;0;0;0;0;0;0;0;0;0;0;0;0;0;0;0;0;0;0;0;0;0;0;0;0;0;0;0;0;0;0;0;0;0;0;0;0;0;0
04.12.2024;01:11;A 17;1;0;100;0;0;0;0;0;0;0;0;0;0;0;0;0;0;0;0;1;0;0;0;1;5;0;0;0;0;0;0;1;17;0;0;2;6;0;0;0;0;0;0;0;0;0;0;0;0;0;0;0;0;0;0;0;0
04.12.2024;01:10;A 17;1;0;100;0;0;0;0;0;0;0;0;0;0;0;0;0;0;0;0;0;0;0;0;0;0;0;0;0;0;0;0;1;14;0;0;1;7;0;0;0;0;0;0;0;0;0;0;0;0;0;0;0;0;0;0;0;0
04.12.2024;01:09;A 17;1;0;100;0;0;0;0;0;0;0;0;1;0;1;22;0;0;1;1;1;0;0;0;1;4;0;0;0;0;0;0;0;0;0;0;0;0;0;0;0;0;0;0;0;0;0;0;0;0;0;0;0;0;0;0;0;0
04.12.2024;01:08;A 17;1;0;100;0;0;0;0;0;0;0;0;0;0;0;0;0;0;1;3;1;0;0;0;1;6;0;0;0;0;0;0;0;0;0;0;0;0;0;0;0;0;0;0;0;0;0;0;0;0;0;0;0;0;0;0;0;0
04.12.2024;01:07;A 17;1;0;100;0;0;0;0;0;0;0;0;0;0;0;0;0;0;0;0;1;0;0;0;1;5;0;0;0;0;0;0;0;0;0;0;0;0;0;0;0;0;0;0;0;0;0;0;0;0;0;0;0;0;0;0;0;0
04.12.2024;01:06;A 17;1;0;100;2;6;0;0;0;0;0;0;0;0;0;0;0;0;0;0;0;0;1;0;0;0;1;1;2;1;0;0;0;0;0;0;0;0;0;0;0;0;0;0;0;0;0;0;0;0;0;0;0;0;0;0;0;0
04.12.2024;01:05;A 17;1;0;100;0;0;0;0;0;0;0;0;0;0;1;0;0;0;0;0;0;0;1;0;0;0;0;0;0;0;0;0;1;15;0;0;1;12;0;0;0;0;0;0;0;0;0;0;0;0;0;0;0;0;0;0;0;0
04.12.2024;01:04;A 17;1;0;100;1;7;0;0;0;0;0;0;0;0;0;0;0;0;0;0;0;0;1;0;0;0;0;0;0;0;0;0;1;72;0;0;1;10;0;0;0;0;0;0;0;0;0;0;0;0;0;0;0;0;0;0;0;0
04.12.2024;01:03;A 17;1;0;100;0;0;0;0;0;0;0;0;0;0;0;0;0;0;0;0;0;0;0;0;0;0;0;0;0;0;0;0;2;41;1;1;3;13;1;2;1;1;0;0;0;0;0;0;0;0;0;0;0;0;0;0;0;0
04.12.2024;01:02;A 17;1;0;100;0;0;0;0;0;0;0;0;0;0;0;0;0;0;0;0;2;1;1;0;2;6;1;0;1;1;0;0;0;0;0;0;0;0;0;0;0;0;0;0;0;0;0;0;0;0;0;0;0;0;0;0;0;0
04.12.2024;01:01;A 17;1;0;100;0;0;0;0;0;0;0;0;0;0;0;0;0;0;0;0;1;1;0;0;2;7;0;0;0;0;0;0;0;0;0;8;0;0;0;0;1;2;0;0;0;0;0;0;0;0;0;0;0;0;0;0;0;0
04.12.2024;01:00;A 17;1;0;100;1;6;0;0;0;0;0;0;0;0;0;0;0;0;0;0;0;0;0;0;0;0;0;0;0;0;0;0;0;0;1;16;0;0;1;1;0;0;0;0;0;0;0;0;0;0;0;0;0;0;0;0;0;0
