Datum;Uhrzeit;Bezeichnung;Intervall;D11Z;D11B;D12Z;D12B;D21Z;D21B;D41Z;D41B;D42Z;D42B;res1Z;res1B;res2Z;res2B;res3Z;res3B;FG-AF_41aZ;FG-AF_41aB;FG-AF_BF41aZ;FG-AF_BF41aB;FG-AF_41bZ;FG-AF_41bB;FG-AF_BF41bZ;FG-AF_BF41bB;A88_MP2Z;A88_MP2B;A117/MP1Z;A117/MP1B;A117_MP2Z;A117_MP2B;A118_MP3Z;A118_MP3B;A117_MP3Z;A117_MP3B;A117_MP4Z;A117_MP4B
17.02.2024;01:00;A117;1;0;0;0;0;3;2;1;0;2;1;;;;;;;0;0;0;0;0;0;0;100;0;0;0;0;0;0;0;0;0;0;0;0
17.02.2024;00:59;A117;1;0;0;0;0;0;0;0;0;1;1;;;;;;;0;0;0;0;0;0;0;100;0;0;0;0;0;0;0;0;0;0;0;0
17.02.2024;00:58;A117;1;0;0;0;0;1;1;2;1;0;0;;;;;;;0;0;0;0;0;0;0;100;0;0;0;0;0;0;0;0;0;0;0;0
17.02.2024;00:57;A117;1;0;0;0;0;1;1;0;0;0;0;;;;;;;0;0;0;0;0;0;0;100;0;0;0;0;0;0;0;0;0;0;0;0
17.02.2024;00:56;A117;1;0;0;0;0;1;5;0;0;0;0;;;;;;;0;0;0;0;0;0;0;100;0;0;0;0;0;0;0;0;0;0;0;0
17.02.2024;00:55;A117;1;0;0;0;0;1;0;2;1;0;0;;;;;;;0;0;0;0;0;0;0;100;0;0;0;0;0;0;0;0;0;0;0;0
17.02.2024;00:54;A117;1;0;0;0;0;2;2;1;1;2;1;;;;;;;0;0;0;0;0;0;0;100;0;0;0;0;0;0;0;0;0;0;0;0
17.02.2024;00:53;A117;1;0;0;0;0;0;0;0;0;1;0;;;;;;;0;0;0;0;0;0;0;100;0;0;0;0;0;0;0;0;0;0;0;0
17.02.2024;00:52;A117;1;0;0;0;0;5;5;1;1;2;1;;;;;;;0;0;0;0;0;0;0;100;0;0;0;0;0;0;0;0;0;0;0;0
17.02.2024;00:51;A117;1;0;0;0;0;2;2;2;2;1;0;;;;;;;0;0;0;0;0;0;0;100;0;0;0;0;0;0;0;0;0;0;0;0
17.02.2024;00:50;A117;1;0;0;0;0;1;2;2;3;0;0;;;;;;;0;0;0;0;1;3;0;100;0;0;0;0;0;0;0;0;0;0;0;0
17.02.2024;00:49;A117;1;0;0;0;0;2;1;2;4;1;1;;;;;;;1;3;1;3;0;0;0;100;0;0;0;0;0;0;0;0;0;0;0;0
17.02.2024;00:48;A117;1;0;0;0;0;4;4;1;1;3;1;;;;;;;0;0;0;0;0;0;0;100;0;0;0;0;0;0;0;0;0;0;0;0
17.02.2024;00:47;A117;1;0;0;0;0;3;4;2;2;2;1;;;;;;;0;0;0;0;0;0;0;100;0;0;0;0;0;0;0;0;0;0;0;0
17.02.2024;00:46;A117;1;0;0;0;0;1;4;0;0;0;0;;;;;;;0;0;0;0;0;0;0;100;0;0;0;0;0;0;0;0;0;0;0;0
17.02.2024;00:45;A117;1;0;0;0;0;2;2;2;2;0;0;;;;;;;0;0;0;0;0;0;0;100;0;0;0;0;0;0;0;0;0;0;0;0
17.02.2024;00:44;A117;1;0;0;0;0;3;3;2;5;3;5;;;;;;;0;0;0;0;0;0;0;100;0;0;0;0;0;0;0;0;0;0;0;0
17.02.2024;00:43;A117;1;0;0;0;0;1;1;0;0;0;0;;;;;;;0;0;0;0;0;0;0;100;0;0;0;0;0;0;0;0;0;0;0;0
17.02.2024;00:42;A117;1;0;0;0;0;0;0;1;1;1;1;;;;;;;0;0;0;0;0;0;0;100;0;0;0;0;0;0;0;0;0;0;0;0
17.02.2024;00:41;A117;1;0;0;0;0;2;3;1;4;2;2;;;;;;;0;0;0;0;0;0;0;100;0;0;0;0;0;0;0;0;0;0;0;0
17.02.2024;00:40;A117;1;0;0;0;0;2;2;2;2;1;0;;;;;;;0;0;0;0;0;0;0;100;0;0;0;0;0;0;0;0;0;0;0;0
17.02.2024;00:39;A117;1;0;0;0;0;1;1;1;1;1;1;;;;;;;0;0;0;0;0;0;0;100;0;0;0;0;0;0;0;0;0;0;0;0
17.02.2024;00:38;A117;1;0;0;0;0;0;0;0;0;0;0;;;;;;;0;0;0;0;0;0;0;100;0;0;0;0;0;0;0;0;0;0;0;0
17.02.2024;00:37;A117;1;0;0;0;0;2;7;2;4;1;1;;;;;;;0;0;0;0;0;0;0;100;0;0;0;0;0;0;0;0;0;0;0;0
17.02.2024;00:36;A117;1;0;0;0;0;2;3;3;3;1;1;;;;;;;0;0;0;0;0;0;0;100;0;0;0;0;0;0;0;0;0;0;0;0
17.02.2024;00:35;A117;1;0;0;0;0;1;1;1;1;1;1;;;;;;;0;0;0;0;0;0;0;100;0;0;0;0;0;0;0;0;0;0;0;0
17.02.2024;00:34;A117;1;0;0;0;0;1;2;2;3;1;2;;;;;;;0;0;0;0;0;0;0;100;0;0;0;0;0;0;0;0;0;0;0;0
17.02.2024;00:33;A117;1;0;0;0;0;1;1;2;2;1;0;;;;;;;0;0;0;0;0;0;0;100;0;0;0;0;0;0;0;0;0;0;0;0
17.02.2024;00:32;A117;1;0;0;0;0;1;0;0;0;1;0;;;;;;;0;0;0;0;0;0;0;100;0;0;0;0;0;0;0;0;0;0;0;0
17.02.2024;00:31;A117;1;0;0;0;0;2;1;4;4;2;1;;;;;;;0;0;0;0;0;0;0;100;0;0;0;0;0;0;0;0;0;0;0;0
17.02.2024;00:30;A117;1;0;0;0;0;3;4;0;0;3;4;;;;;;;0;0;0;0;0;0;0;100;0;0;0;0;0;0;0;0;0;0;0;0
17.02.2024;00:29;A117;1;0;0;0;0;3;6;2;2;2;1;;;;;;;0;0;0;0;0;0;0;100;0;0;0;0;0;0;0;0;0;0;0;0
17.02.2024;00:28;A117;1;0;0;0;0;2;1;3;3;0;0;;;;;;;0;0;0;0;0;0;0;100;0;0;0;0;0;0;0;0;0;0;0;0
17.02.2024;00:27;A117;1;0;0;0;0;3;4;3;4;4;1;;;;;;;0;0;0;0;0;0;0;100;0;0;0;0;0;0;0;0;0;0;0;0
17.02.2024;00:26;A117;1;0;0;0;0;1;1;1;1;1;1;;;;;;;0;0;0;0;0;0;0;100;0;0;0;0;0;0;0;0;0;0;0;0
17.02.2024;00:25;A117;1;0;0;0;0;3;3;3;3;2;1;;;;;;;0;0;0;0;0;0;0;100;0;0;0;0;0;0;0;0;0;0;0;0
17.02.2024;00:24;A117;1;0;0;0;0;4;4;2;2;4;1;;;;;;;0;0;0;0;0;0;0;100;0;0;0;0;0;0;0;0;0;0;0;0
17.02.2024;00:23;A117;1;0;0;0;0;2;2;1;1;0;0;;;;;;;0;0;0;0;0;0;0;100;0;0;0;0;0;0;0;0;0;0;0;0
17.02.2024;00:22;A117;1;0;0;0;0;3;2;1;1;1;0;;;;;;;0;0;0;0;0;0;0;100;0;0;0;0;0;0;0;0;0;0;0;0
17.02.2024;00:21;A117;1;0;0;0;0;0;0;2;2;1;0;;;;;;;0;0;0;0;0;0;0;100;0;0;0;0;0;0;0;0;0;0;0;0
17.02.2024;00:20;A117;1;0;0;0;0;3;3;1;1;2;1;;;;;;;0;0;0;0;0;0;0;100;0;0;0;0;0;0;0;0;0;0;0;0
17.02.2024;00:19;A117;1;0;0;0;0;2;3;0;0;0;0;;;;;;;0;0;0;0;0;0;0;100;0;0;0;0;0;0;0;0;0;0;0;0
17.02.2024;00:18;A117;1;0;0;0;0;1;1;2;2;0;0;;;;;;;0;0;0;0;0;0;0;100;0;0;0;0;0;0;0;0;0;0;0;0
17.02.2024;00:17;A117;1;0;0;0;0;4;7;2;4;1;0;;;;;;;0;0;0;0;1;3;0;100;0;0;0;0;0;0;0;0;0;0;0;0
17.02.2024;00:16;A117;1;0;0;0;0;3;3;1;7;0;0;;;;;;;1;3;1;3;0;0;0;100;0;0;0;0;0;0;0;0;0;0;0;0
17.02.2024;00:15;A117;1;0;0;0;0;1;1;1;1;0;0;;;;;;;0;0;0;0;0;0;0;100;0;0;0;0;0;0;0;0;0;0;0;0
17.02.2024;00:14;A117;1;0;0;0;0;2;2;1;1;0;0;;;;;;;0;0;0;0;0;0;0;100;0;0;0;0;0;0;0;0;0;0;0;0
17.02.2024;00:13;A117;1;0;0;0;0;1;1;2;2;0;0;;;;;;;0;0;0;0;0;0;0;100;0;0;0;0;0;0;0;0;0;0;0;0
17.02.2024;00:12;A117;1;0;0;0;0;1;1;1;1;2;1;;;;;;;0;0;0;0;0;0;0;100;0;0;0;0;0;0;0;0;0;0;0;0
17.02.2024;00:11;A117;1;0;0;0;0;1;2;4;4;0;0;;;;;;;0;0;0;0;0;0;0;100;0;0;0;0;0;0;0;0;0;0;0;0
17.02.2024;00:10;A117;1;0;0;0;0;3;9;1;1;0;0;;;;;;;0;0;0;0;0;0;0;100;0;0;0;0;0;0;0;0;0;0;0;0
17.02.2024;00:09;A117;1;0;0;0;0;3;8;1;1;0;0;;;;;;;0;0;0;0;0;0;0;100;0;0;0;0;0;0;0;0;0;0;0;0
17.02.2024;00:08;A117;1;0;0;0;0;0;100;2;2;1;0;;;;;;;0;0;0;0;0;0;0;100;0;0;0;0;0;0;0;0;0;0;0;0
17.02.2024;00:07;A117;1;0;0;0;0;3;11;2;3;2;1;;;;;;;0;0;0;0;0;0;0;100;0;0;0;0;0;0;0;0;0;0;0;0
17.02.2024;00:06;A117;1;0;0;0;0;0;0;0;0;0;0;;;;;;;0;0;0;0;0;0;0;100;0;0;0;0;0;0;0;0;0;0;0;0
17.02.2024;00:05;A117;1;0;0;0;0;1;1;2;2;1;1;;;;;;;0;0;0;0;0;0;0;100;0;0;0;0;0;0;0;0;0;0;0;0
17.02.2024;00:04;A117;1;0;0;0;0;5;4;2;2;4;2;;;;;;;0;0;0;0;0;0;0;100;0;0;0;0;0;0;0;0;0;0;0;0
17.02.2024;00:03;A117;1;0;0;0;0;1;1;2;2;0;0;;;;;;;0;0;0;0;0;0;0;100;0;0;0;0;0;0;0;0;0;0;0;0
17.02.2024;00:02;A117;1;0;0;0;0;4;5;1;1;2;2;;;;;;;0;0;0;0;0;0;0;100;0;0;0;0;0;0;0;0;0;0;0;0
17.02.2024;00:01;A117;1;0;0;0;0;1;1;2;2;2;1;;;;;;;0;0;0;0;0;0;0;100;0;0;0;0;0;0;0;0;0;0;0;0
17.02.2024;00:00;A117;1;0;0;0;0;3;3;0;0;1;1;;;;;;;0;0;0;0;0;0;0;100;0;0;0;0;0;0;0;0;0;0;0;0
16.02.2024;23:59;A117;1;0;0;0;0;0;0;2;2;0;0;;;;;;;0;0;0;0;0;0;0;100;0;0;0;0;0;0;0;0;0;0;0;0
16.02.2024;23:58;A117;1;0;0;0;0;3;3;2;3;1;0;;;;;;;0;0;0;0;0;0;0;100;0;0;0;0;0;0;0;0;0;0;0;0
16.02.2024;23:57;A117;1;0;0;0;0;2;2;2;2;0;0;;;;;;;1;3;1;3;1;3;0;100;0;0;0;0;0;0;0;0;0;0;0;0
16.02.2024;23:56;A117;1;0;0;0;0;1;1;0;0;0;0;;;;;;;0;0;0;0;0;0;0;100;0;0;0;0;0;0;0;0;0;0;0;0
16.02.2024;23:55;A117;1;0;0;0;0;0;0;0;0;0;0;;;;;;;0;0;0;0;0;0;0;100;0;0;0;0;0;0;0;0;0;0;0;0
16.02.2024;23:54;A117;1;0;0;0;0;1;2;6;7;1;1;;;;;;;0;0;0;0;0;0;0;100;0;0;0;0;0;0;0;0;0;0;0;0
16.02.2024;23:53;A117;1;0;0;0;0;3;3;1;1;3;2;;;;;;;0;0;0;0;0;0;0;100;0;0;0;0;0;0;0;0;0;0;0;0
16.02.2024;23:52;A117;1;0;0;0;0;2;2;0;0;2;1;;;;;;;0;0;0;0;0;0;0;100;0;0;0;0;0;0;0;0;0;0;0;0
16.02.2024;23:51;A117;1;0;0;0;0;4;4;0;0;3;1;;;;;;;0;0;0;0;0;0;0;100;0;0;0;0;0;0;0;0;0;0;0;0
16.02.2024;23:50;A117;1;0;0;0;0;4;4;1;1;2;1;;;;;;;0;0;0;0;0;0;0;100;0;0;0;0;0;0;0;0;0;0;0;0
16.02.2024;23:49;A117;1;0;0;0;0;4;4;0;0;2;1;;;;;;;0;0;0;0;0;0;0;100;0;0;0;0;0;0;0;0;0;0;0;0
16.02.2024;23:48;A117;1;0;0;0;0;2;2;1;1;0;0;;;;;;;0;0;0;0;0;0;0;100;0;0;0;0;0;0;0;0;0;0;0;0
16.02.2024;23:47;A117;1;0;0;0;0;5;5;4;4;3;1;;;;;;;0;0;0;0;0;0;0;100;0;0;0;0;0;0;0;0;0;0;0;0
16.02.2024;23:46;A117;1;0;0;0;0;2;2;0;0;0;0;;;;;;;0;0;0;0;0;0;0;100;0;0;0;0;0;0;0;0;0;0;0;0
16.02.2024;23:45;A117;1;0;0;0;0;6;9;0;0;0;0;;;;;;;0;0;0;0;0;0;0;100;0;0;0;0;0;0;0;0;0;0;0;0
16.02.2024;23:44;A117;1;0;0;0;0;2;2;1;1;1;0;;;;;;;0;0;0;0;0;0;0;100;0;0;0;0;0;0;0;0;0;0;0;0
16.02.2024;23:43;A117;1;0;0;0;0;2;5;3;3;0;0;;;;;;;0;0;0;0;0;0;0;100;0;0;0;0;0;0;0;0;0;0;0;0
16.02.2024;23:42;A117;1;0;0;0;0;2;2;4;10;3;1;;;;;;;0;0;0;0;0;0;0;100;0;0;0;0;0;0;0;0;0;0;0;0
16.02.2024;23:41;A117;1;0;0;0;0;6;6;1;1;2;1;;;;;;;0;0;0;0;0;0;0;100;0;0;0;0;0;0;0;0;0;0;0;0
16.02.2024;23:40;A117;1;0;0;0;0;4;4;0;0;1;0;;;;;;;0;0;0;0;0;0;0;100;0;0;0;0;0;0;0;0;0;0;0;0
16.02.2024;23:39;A117;1;0;0;0;0;2;2;3;2;1;1;;;;;;;0;0;0;0;0;0;0;100;0;0;0;0;0;0;0;0;0;0;0;0
16.02.2024;23:38;A117;1;0;0;0;0;3;3;3;3;0;0;;;;;;;0;0;0;0;0;0;0;100;0;0;0;0;0;0;0;0;0;0;0;0
16.02.2024;23:37;A117;1;0;0;0;0;5;7;1;1;4;4;;;;;;;0;0;0;0;0;0;0;100;0;0;0;0;0;0;0;0;0;0;0;0
16.02.2024;23:36;A117;1;0;0;0;0;4;5;1;1;2;1;;;;;;;0;0;0;0;0;0;0;100;0;0;0;0;0;0;0;0;0;0;0;0
16.02.2024;23:35;A117;1;0;0;0;0;0;0;1;1;0;0;;;;;;;0;0;0;0;0;0;0;100;0;0;0;0;0;0;0;0;0;0;0;0
16.02.2024;23:34;A117;1;0;0;0;0;1;2;2;2;0;0;;;;;;;0;0;0;0;0;0;0;100;0;0;0;0;0;0;0;0;0;0;0;0
16.02.2024;23:33;A117;1;0;0;0;0;5;5;0;0;3;2;;;;;;;0;0;0;0;0;0;0;100;0;0;0;0;0;0;0;0;0;0;0;0
16.02.2024;23:32;A117;1;0;0;0;0;4;5;2;2;2;1;;;;;;;0;0;0;0;0;0;0;100;0;0;0;0;0;0;0;0;0;0;0;0
16.02.2024;23:31;A117;1;0;0;0;0;2;1;0;0;0;0;;;;;;;0;0;0;0;0;0;0;100;0;0;0;0;0;0;0;0;0;0;0;0
16.02.2024;23:30;A117;1;0;0;0;0;5;6;2;2;2;2;;;;;;;0;0;0;0;0;0;0;100;0;0;0;0;0;0;0;0;0;0;0;0
16.02.2024;23:29;A117;1;0;0;0;0;3;2;2;2;0;0;;;;;;;0;0;0;0;0;0;0;100;0;0;0;0;0;0;0;0;0;0;0;0
16.02.2024;23:28;A117;1;0;0;0;0;5;4;6;6;1;0;;;;;;;0;0;0;0;0;0;0;100;0;0;0;0;0;0;0;0;0;0;0;0
16.02.2024;23:27;A117;1;0;0;0;0;3;2;1;1;0;0;;;;;;;0;0;0;0;0;0;0;100;0;0;0;0;0;0;0;0;0;0;0;0
16.02.2024;23:26;A117;1;0;0;0;0;4;4;2;2;2;1;;;;;;;0;0;0;0;0;0;0;100;0;0;0;0;0;0;0;0;0;0;0;0
16.02.2024;23:25;A117;1;0;0;0;0;2;3;5;6;1;0;;;;;;;0;0;0;0;0;0;0;100;0;0;0;0;0;0;0;0;0;0;0;0
16.02.2024;23:24;A117;1;0;0;0;0;1;1;2;2;0;0;;;;;;;0;0;0;0;0;0;0;100;0;0;0;0;0;0;0;0;0;0;0;0
16.02.2024;23:23;A117;1;0;0;0;0;0;0;3;3;0;0;;;;;;;0;0;0;0;0;0;0;100;0;0;0;0;0;0;0;0;0;0;0;0
16.02.2024;23:22;A117;1;0;0;0;0;3;4;1;1;1;1;;;;;;;0;0;0;0;0;0;0;100;0;0;0;0;0;0;0;0;0;0;0;0
16.02.2024;23:21;A117;1;0;0;0;0;4;4;1;1;2;1;;;;;;;0;0;0;0;0;0;0;100;0;0;0;0;0;0;0;0;0;0;0;0
16.02.2024;23:20;A117;1;0;0;0;0;2;2;4;3;0;0;;;;;;;0;0;0;0;0;0;0;100;0;0;0;0;0;0;0;0;0;0;0;0
16.02.2024;23:19;A117;1;0;0;0;0;4;4;2;2;3;2;;;;;;;0;0;0;0;0;0;0;100;0;0;0;0;0;0;0;0;0;0;0;0
16.02.2024;23:18;A117;1;0;0;0;0;5;7;2;5;3;1;;;;;;;0;0;1;3;1;3;0;100;0;0;0;0;0;0;0;0;0;0;0;0
16.02.2024;23:17;A117;1;0;0;0;0;3;3;0;0;3;2;;;;;;;1;3;0;0;0;0;0;100;0;0;0;0;0;0;0;0;0;0;0;0
16.02.2024;23:16;A117;1;0;0;0;0;5;4;5;5;2;1;;;;;;;0;0;0;0;0;0;0;100;0;0;0;0;0;0;0;0;0;0;0;0
16.02.2024;23:15;A117;1;0;0;0;0;3;4;2;2;2;1;;;;;;;0;0;0;0;0;0;0;100;0;0;0;0;0;0;0;0;0;0;0;0
16.02.2024;23:14;A117;1;0;0;0;0;4;3;3;3;1;0;;;;;;;0;0;0;0;0;0;0;100;0;0;0;0;0;0;0;0;0;0;0;0
16.02.2024;23:13;A117;1;0;0;0;0;2;2;0;0;2;1;;;;;;;0;0;0;0;0;0;0;100;0;0;0;0;0;0;0;0;0;0;0;0
16.02.2024;23:12;A117;1;1;34;0;0;4;3;4;5;3;1;;;;;;;0;0;0;0;0;0;0;100;0;0;0;0;0;0;0;0;0;0;0;0
16.02.2024;23:11;A117;1;1;32;0;0;2;4;4;3;0;0;;;;;;;0;0;0;0;0;0;0;100;1;3;0;0;0;0;0;0;0;0;0;0
16.02.2024;23:10;A117;1;1;2;0;0;5;6;4;11;1;0;;;;;;;0;0;0;0;0;0;0;100;0;0;0;0;0;0;0;0;0;0;0;0
16.02.2024;23:09;A117;1;0;0;0;0;0;0;0;0;0;0;;;;;;;0;0;0;0;0;0;0;100;0;0;0;0;0;0;0;0;0;0;0;0
16.02.2024;23:08;A117;1;0;0;0;0;3;3;1;1;4;2;;;;;;;0;0;0;0;0;0;0;100;0;0;0;0;0;0;0;0;0;0;0;0
16.02.2024;23:07;A117;1;0;0;0;0;7;7;2;2;0;0;;;;;;;0;0;0;0;0;0;0;100;0;0;0;0;0;0;0;0;0;0;0;0
16.02.2024;23:06;A117;1;0;0;0;0;4;6;1;1;3;1;;;;;;;0;0;0;0;0;0;0;100;0;0;0;0;0;0;0;0;0;0;0;0
16.02.2024;23:05;A117;1;0;0;0;0;5;6;3;8;4;4;;;;;;;0;0;0;0;0;0;0;100;0;0;0;0;0;0;0;0;0;0;0;0
16.02.2024;23:04;A117;1;0;0;0;0;9;9;3;3;1;1;;;;;;;0;0;0;0;0;0;0;100;0;0;0;0;0;0;0;0;0;0;0;0
16.02.2024;23:03;A117;1;0;0;1;38;2;2;6;6;0;0;;;;;;;0;0;0;0;0;0;0;100;0;0;0;0;0;0;0;0;0;0;0;0
16.02.2024;23:02;A117;1;0;0;0;0;2;2;1;1;2;1;;;;;;;0;0;0;0;0;0;0;100;0;0;0;0;0;0;0;0;0;0;0;0
16.02.2024;23:01;A117;1;0;0;0;0;2;1;4;4;0;0;;;;;;;0;0;0;0;0;0;0;100;0;0;0;0;0;0;0;0;0;0;0;0
16.02.2024;23:00;A117;1;0;0;0;0;3;7;3;3;1;0;;;;;;;0;0;0;0;0;0;0;100;0;0;0;0;0;0;0;0;0;0;0;0
16.02.2024;22:59;A117;1;0;0;0;0;8;8;2;2;0;0;;;;;;;0;0;0;0;0;0;0;100;0;0;0;0;0;0;0;0;0;0;0;0
16.02.2024;22:58;A117;1;0;0;0;0;7;8;2;2;3;2;;;;;;;0;0;0;0;0;0;0;100;0;0;0;0;0;0;0;0;0;0;0;0
16.02.2024;22:57;A117;1;0;0;1;37;5;5;1;2;4;1;;;;;;;1;3;1;3;1;3;0;100;0;0;0;0;0;0;0;0;0;0;0;0
16.02.2024;22:56;A117;1;0;0;0;0;3;4;3;2;4;2;;;;;;;0;0;0;0;0;0;0;100;0;0;0;0;0;0;0;0;0;0;0;0
16.02.2024;22:55;A117;1;0;0;0;0;6;5;0;0;2;1;;;;;;;0;0;0;0;0;0;0;100;0;0;0;0;0;0;0;0;0;0;0;0
16.02.2024;22:54;A117;1;0;0;0;0;4;6;3;3;1;2;;;;;;;0;0;0;0;0;0;0;100;0;0;0;0;0;0;0;0;0;0;0;0
16.02.2024;22:53;A117;1;0;19;0;0;1;1;5;6;1;1;;;;;;;0;0;0;0;0;0;0;100;0;0;0;0;0;0;0;0;0;0;0;0
16.02.2024;22:52;A117;1;1;16;0;0;7;8;4;3;4;2;;;;;;;0;0;0;0;0;0;0;100;0;0;0;0;0;0;0;0;0;0;0;0
16.02.2024;22:51;A117;1;0;0;0;0;3;3;5;4;1;1;;;;;;;0;0;0;0;0;0;0;100;0;0;0;0;0;0;0;0;0;0;0;0
16.02.2024;22:50;A117;1;0;0;0;0;2;1;9;8;0;0;;;;;;;0;0;0;0;0;0;0;100;0;0;0;0;0;0;0;0;0;0;0;0
16.02.2024;22:49;A117;1;0;0;0;0;7;8;4;5;3;2;;;;;;;0;0;0;0;0;0;0;100;0;0;0;0;0;0;0;0;0;0;0;0
16.02.2024;22:48;A117;1;0;0;0;0;4;4;2;2;3;1;;;;;;;0;0;0;0;0;0;0;100;0;0;0;0;0;0;0;0;0;0;0;0
16.02.2024;22:47;A117;1;0;0;0;0;1;1;5;5;3;2;;;;;;;0;0;0;0;0;0;0;100;0;0;0;0;0;0;0;0;0;0;0;0
16.02.2024;22:46;A117;1;0;0;0;0;8;12;6;6;0;0;;;;;;;0;0;0;0;0;0;0;100;0;0;0;0;0;0;0;0;0;0;0;0
16.02.2024;22:45;A117;1;0;0;0;0;3;2;6;5;3;1;;;;;;;0;0;0;0;0;0;0;100;0;0;0;0;0;0;0;0;0;0;0;0
16.02.2024;22:44;A117;1;0;0;0;0;4;4;1;1;3;1;;;;;;;0;0;0;0;0;0;0;100;0;0;0;0;0;0;0;0;0;0;0;0
16.02.2024;22:43;A117;1;0;0;0;0;2;2;6;6;2;1;;;;;;;0;0;0;0;0;0;0;100;0;0;0;0;0;0;0;0;0;0;0;0
16.02.2024;22:42;A117;1;0;0;0;0;3;2;3;3;2;1;;;;;;;0;0;0;0;0;0;0;100;0;0;0;0;0;0;0;0;0;0;0;0
16.02.2024;22:41;A117;1;0;0;0;0;3;3;2;2;1;0;;;;;;;0;0;0;0;0;0;0;100;0;0;0;0;0;0;0;0;0;0;0;0
16.02.2024;22:40;A117;1;0;0;0;0;4;3;2;2;4;2;;;;;;;0;0;0;0;0;0;0;100;0;0;0;0;0;0;0;0;0;0;0;0
16.02.2024;22:39;A117;1;0;0;0;0;2;2;2;2;2;1;;;;;;;0;0;0;0;0;0;0;100;0;0;0;0;0;0;0;0;0;0;0;0
16.02.2024;22:38;A117;1;0;0;0;0;8;8;2;2;1;0;;;;;;;0;0;0;0;0;0;0;100;0;0;0;0;0;0;0;0;0;0;0;0
16.02.2024;22:37;A117;1;0;0;0;0;4;5;2;2;2;1;;;;;;;0;0;0;0;0;0;0;100;0;0;0;0;0;0;0;0;0;0;0;0
16.02.2024;22:36;A117;1;0;0;0;0;6;5;5;8;2;1;;;;;;;0;0;0;0;0;0;0;100;0;0;0;0;0;0;0;0;0;0;0;0
16.02.2024;22:35;A117;1;0;0;0;0;6;6;3;3;0;0;;;;;;;0;0;0;0;0;0;0;100;0;0;0;0;0;0;0;0;0;0;0;0
16.02.2024;22:34;A117;1;0;0;0;0;8;7;7;9;5;2;;;;;;;0;0;0;0;0;0;0;100;0;0;0;0;0;0;0;0;0;0;0;0
16.02.2024;22:33;A117;1;0;0;0;0;4;4;4;7;1;0;;;;;;;0;0;0;0;0;0;0;100;0;0;0;0;0;0;0;0;0;0;0;0
16.02.2024;22:32;A117;1;0;0;0;0;6;7;5;6;4;2;;;;;;;0;0;0;0;0;0;0;100;0;0;0;0;0;0;0;0;0;0;0;0
16.02.2024;22:31;A117;1;0;0;0;0;6;7;5;5;3;2;;;;;;;0;0;0;0;0;0;0;100;0;0;0;0;0;0;0;0;0;0;0;0
16.02.2024;22:30;A117;1;0;0;0;0;5;4;2;2;3;2;;;;;;;0;0;0;0;0;0;0;100;0;0;0;0;0;0;0;0;0;0;0;0
16.02.2024;22:29;A117;1;0;0;0;0;6;5;3;3;2;0;;;;;;;0;0;0;0;0;0;0;100;0;0;0;0;0;0;0;0;0;0;0;0
16.02.2024;22:28;A117;1;0;0;0;0;3;3;5;5;2;1;;;;;;;0;0;0;0;0;0;0;100;0;0;0;0;0;0;0;0;0;0;0;0
16.02.2024;22:27;A117;1;0;0;0;0;8;11;3;3;6;5;;;;;;;0;0;0;0;0;0;0;100;0;0;0;0;0;0;0;0;0;0;0;0
16.02.2024;22:26;A117;1;0;0;0;0;4;3;3;3;4;2;;;;;;;0;0;0;0;0;0;0;100;0;0;0;0;0;0;0;0;0;0;0;0
16.02.2024;22:25;A117;1;0;0;0;0;3;2;2;2;0;0;;;;;;;0;0;0;0;0;0;0;100;0;0;0;0;0;0;0;0;0;0;0;0
16.02.2024;22:24;A117;1;0;0;0;0;3;3;3;3;2;1;;;;;;;0;0;0;0;0;0;0;100;0;0;0;0;0;0;0;0;0;0;0;0
16.02.2024;22:23;A117;1;0;0;0;0;5;5;4;4;3;1;;;;;;;0;0;0;0;0;0;0;100;0;0;0;0;0;0;0;0;0;0;0;0
16.02.2024;22:22;A117;1;0;0;0;0;6;5;2;2;3;2;;;;;;;0;0;0;0;0;0;0;100;0;0;0;0;0;0;0;0;0;0;0;0
16.02.2024;22:21;A117;1;0;0;0;0;4;4;5;4;1;1;;;;;;;0;0;0;0;0;0;0;100;0;0;0;0;0;0;0;0;0;0;0;0
16.02.2024;22:20;A117;1;0;0;0;0;2;2;3;3;3;1;;;;;;;0;0;0;0;0;0;0;100;0;0;0;0;0;0;0;0;0;0;0;0
16.02.2024;22:19;A117;1;0;0;0;0;4;4;4;13;2;1;;;;;;;1;3;1;3;1;3;0;100;0;0;0;0;0;0;0;0;0;0;0;0
16.02.2024;22:18;A117;1;0;0;0;0;8;8;1;1;5;3;;;;;;;0;0;0;0;0;0;0;100;0;0;0;0;0;0;0;0;0;0;0;0
16.02.2024;22:17;A117;1;0;0;0;0;9;10;3;3;4;2;;;;;;;0;0;0;0;0;0;0;100;2;4;0;0;0;0;0;0;0;0;0;0
16.02.2024;22:16;A117;1;0;0;0;0;6;8;6;6;2;1;;;;;;;0;0;0;0;0;0;0;100;0;0;0;0;0;0;0;0;0;0;0;0
16.02.2024;22:15;A117;1;0;0;0;0;4;4;3;3;1;0;;;;;;;0;0;0;0;0;0;0;100;0;0;0;0;0;0;0;0;0;0;0;0
16.02.2024;22:14;A117;1;0;0;0;0;7;6;2;2;3;2;;;;;;;0;0;0;0;0;0;0;100;0;0;0;0;0;0;0;0;0;0;0;0
16.02.2024;22:13;A117;1;0;0;0;0;1;1;2;2;1;0;;;;;;;0;0;0;0;0;0;0;100;0;0;0;0;0;0;0;0;0;0;0;0
16.02.2024;22:12;A117;1;0;0;0;0;6;6;4;4;3;1;;;;;;;0;0;0;0;0;0;0;100;0;0;0;0;0;0;0;0;0;0;0;0
16.02.2024;22:11;A117;1;0;0;0;0;10;8;7;9;3;1;;;;;;;0;0;0;0;0;0;0;100;0;0;0;0;0;0;0;0;0;0;0;0
16.02.2024;22:10;A117;1;0;0;0;0;1;1;3;3;1;0;;;;;;;0;0;0;0;0;0;0;100;0;0;0;0;0;0;0;0;0;0;0;0
16.02.2024;22:09;A117;1;0;0;0;0;7;8;7;8;2;1;;;;;;;0;0;0;0;0;0;0;100;0;0;0;0;0;0;0;0;0;0;0;0
16.02.2024;22:08;A117;1;1;55;0;0;3;3;2;3;1;0;;;;;;;0;0;0;0;0;0;0;100;0;0;0;0;0;0;0;0;0;0;0;0
16.02.2024;22:07;A117;1;1;34;0;0;4;5;5;7;2;3;;;;;;;0;0;0;0;0;0;0;100;0;0;0;0;0;0;0;0;0;0;0;0
16.02.2024;22:06;A117;1;0;0;0;0;7;10;4;4;4;2;;;;;;;0;0;0;0;0;0;0;100;0;0;0;0;0;0;0;0;0;0;0;0
16.02.2024;22:05;A117;1;0;0;0;0;3;5;2;2;2;1;;;;;;;0;0;0;0;0;0;0;100;0;0;0;0;0;0;0;0;0;0;0;0
16.02.2024;22:04;A117;1;0;0;0;0;3;5;4;4;0;0;;;;;;;0;0;0;0;0;0;0;100;0;0;0;0;0;0;0;0;0;0;0;0
16.02.2024;22:03;A117;1;0;0;0;0;2;2;6;10;2;1;;;;;;;0;0;0;0;0;0;0;100;0;0;0;0;0;0;0;0;0;0;0;0
16.02.2024;22:02;A117;1;0;0;0;0;5;5;1;1;3;1;;;;;;;0;0;0;0;0;0;0;100;0;0;0;0;0;0;0;0;0;0;0;0
16.02.2024;22:01;A117;1;0;0;0;0;7;6;10;9;1;0;;;;;;;0;0;0;0;0;0;0;100;0;0;0;0;0;0;0;0;0;0;0;0
16.02.2024;22:00;A117;1;0;0;0;0;1;1;2;2;1;1;;;;;;;0;0;0;0;0;0;0;100;0;0;0;0;0;0;0;0;0;0;0;0
16.02.2024;21:59;A117;1;0;0;0;0;4;4;9;12;2;1;;;;;;;0;0;0;0;0;3;0;100;0;0;0;0;0;0;0;0;0;0;0;0
16.02.2024;21:58;A117;1;0;0;0;0;4;4;1;3;5;3;;;;;;;1;3;1;3;1;1;0;100;0;0;0;0;0;0;0;0;0;0;0;0
16.02.2024;21:57;A117;1;0;0;0;0;9;9;2;2;4;2;;;;;;;0;0;0;0;0;0;0;100;0;0;0;0;0;0;0;0;0;0;0;0
16.02.2024;21:56;A117;1;0;0;0;0;5;4;4;4;5;2;;;;;;;0;0;0;0;0;0;0;100;0;0;0;0;0;0;0;0;0;0;0;0
16.02.2024;21:55;A117;1;0;0;0;0;2;2;4;3;0;0;;;;;;;0;0;0;0;0;0;0;100;0;0;0;0;0;0;0;0;0;0;0;0
16.02.2024;21:54;A117;1;0;0;0;0;6;6;5;5;3;2;;;;;;;0;0;0;0;0;0;0;100;0;0;0;0;0;0;0;0;0;0;0;0
16.02.2024;21:53;A117;1;0;0;0;0;3;2;2;2;1;0;;;;;;;0;0;0;0;0;0;0;100;0;0;0;0;0;0;0;0;0;0;0;0
16.02.2024;21:52;A117;1;0;0;0;0;5;3;5;5;2;1;;;;;;;0;0;0;0;0;0;0;100;0;0;0;0;0;0;0;0;0;0;0;0
16.02.2024;21:51;A117;1;1;2;0;0;3;5;9;11;1;1;;;;;;;0;0;0;0;0;0;0;100;0;0;0;0;0;0;0;0;0;0;0;0
16.02.2024;21:50;A117;1;1;10;0;0;1;1;3;3;0;0;;;;;;;0;0;0;0;0;0;0;100;0;0;0;0;0;0;0;0;0;0;0;0
16.02.2024;21:49;A117;1;1;27;0;0;2;3;5;5;1;1;;;;;;;0;0;0;0;0;0;0;100;0;0;0;0;0;0;0;0;0;0;0;0
16.02.2024;21:48;A117;1;0;0;0;0;3;6;2;2;2;2;;;;;;;0;0;0;0;0;0;0;100;0;0;0;0;0;0;0;0;0;0;0;0
16.02.2024;21:47;A117;1;0;0;0;0;4;3;8;8;0;0;;;;;;;0;0;0;0;0;0;0;100;0;0;0;0;0;0;0;0;0;0;0;0
16.02.2024;21:46;A117;1;0;0;0;0;2;1;4;3;1;1;;;;;;;0;0;0;0;0;0;0;100;0;0;0;0;0;0;0;0;0;0;0;0
16.02.2024;21:45;A117;1;0;0;0;0;5;4;3;3;4;1;;;;;;;0;0;0;0;0;0;0;100;0;0;0;0;0;0;0;0;0;0;0;0
16.02.2024;21:44;A117;1;0;0;0;0;3;3;1;1;2;1;;;;;;;0;0;0;0;0;0;0;100;0;0;0;0;0;0;0;0;0;0;0;0
16.02.2024;21:43;A117;1;0;0;0;0;5;6;1;1;4;4;;;;;;;0;0;0;0;0;0;0;100;0;0;0;0;0;0;0;0;0;0;0;0
16.02.2024;21:42;A117;1;0;0;0;0;2;5;2;4;2;1;;;;;;;0;0;0;0;0;0;0;100;0;0;0;0;0;0;0;0;0;0;0;0
16.02.2024;21:41;A117;1;0;0;0;0;5;5;3;3;2;1;;;;;;;0;0;0;0;0;0;0;100;0;0;0;0;0;0;0;0;0;0;0;0
16.02.2024;21:40;A117;1;0;0;0;0;0;0;2;2;0;0;;;;;;;0;0;0;0;0;0;0;100;0;0;0;0;0;0;0;0;0;0;0;0
16.02.2024;21:39;A117;1;0;0;0;0;3;2;7;8;0;0;;;;;;;0;0;0;0;0;0;0;100;0;0;0;0;0;0;0;0;0;0;0;0
16.02.2024;21:38;A117;1;0;0;0;0;6;10;2;5;3;4;;;;;;;0;0;0;0;0;0;0;100;0;0;0;0;0;0;0;0;0;0;0;0
16.02.2024;21:37;A117;1;0;0;0;0;5;6;6;6;2;1;;;;;;;0;0;0;0;0;0;0;100;0;0;0;0;0;0;0;0;0;0;0;0
16.02.2024;21:36;A117;1;0;0;0;0;6;6;5;10;3;1;;;;;;;0;0;0;0;0;0;0;100;0;0;0;0;0;0;0;0;0;0;0;0
16.02.2024;21:35;A117;1;0;0;0;0;4;3;4;4;2;1;;;;;;;0;0;0;0;0;0;0;100;0;0;0;0;0;0;0;0;0;0;0;0
16.02.2024;21:34;A117;1;0;0;0;0;7;6;9;10;6;4;;;;;;;0;0;0;0;0;0;0;100;0;0;0;0;0;0;0;0;0;0;0;0
16.02.2024;21:33;A117;1;0;0;0;0;7;10;3;3;1;0;;;;;;;0;0;0;0;0;0;0;100;0;0;0;0;0;0;0;0;0;0;0;0
16.02.2024;21:32;A117;1;0;0;0;0;4;4;6;6;2;1;;;;;;;0;0;0;0;0;0;0;100;0;0;0;0;0;0;0;0;0;0;0;0
16.02.2024;21:31;A117;1;0;0;0;0;7;7;12;14;4;2;;;;;;;0;0;0;0;0;0;0;100;0;0;0;0;0;0;0;0;0;0;0;0
16.02.2024;21:30;A117;1;0;0;0;0;2;2;3;3;1;0;;;;;;;0;0;0;0;0;0;0;100;0;0;0;0;0;0;0;0;0;0;0;0
16.02.2024;21:29;A117;1;1;36;0;0;2;2;3;3;1;1;;;;;;;0;0;0;0;0;0;0;100;0;0;0;0;0;0;0;0;0;0;0;0
16.02.2024;21:28;A117;1;0;0;0;0;3;3;7;6;4;2;;;;;;;0;0;0;0;0;0;0;100;0;0;0;0;0;0;0;0;0;0;0;0
16.02.2024;21:27;A117;1;0;0;0;0;7;9;6;6;3;3;;;;;;;0;0;0;0;0;0;0;100;0;0;0;0;0;0;0;0;0;0;0;0
16.02.2024;21:26;A117;1;0;0;0;0;7;7;9;9;4;2;;;;;;;0;0;0;0;0;0;0;100;0;0;0;0;0;0;0;0;0;0;0;0
16.02.2024;21:25;A117;1;0;0;0;0;5;4;0;0;2;1;;;;;;;0;0;0;0;0;0;0;100;0;0;0;0;0;0;0;0;0;0;0;0
16.02.2024;21:24;A117;1;0;0;0;0;4;4;2;2;1;0;;;;;;;0;0;0;0;0;0;0;100;0;0;0;0;0;0;0;0;0;0;0;0
16.02.2024;21:23;A117;1;0;0;0;0;5;5;4;3;0;0;;;;;;;0;0;0;0;0;0;0;100;0;0;0;0;0;0;0;0;0;0;0;0
16.02.2024;21:22;A117;1;0;0;0;0;3;3;4;4;2;3;;;;;;;0;0;0;0;0;0;0;100;0;0;0;0;0;0;0;0;0;0;0;0
16.02.2024;21:21;A117;1;0;0;0;0;3;3;7;7;1;0;;;;;;;0;0;0;0;0;0;0;100;0;0;0;0;0;0;0;0;0;0;0;0
16.02.2024;21:20;A117;1;0;0;0;0;4;4;3;3;1;0;;;;;;;0;0;0;0;0;0;0;100;0;0;0;0;0;0;0;0;0;0;0;0
16.02.2024;21:19;A117;1;0;0;0;0;7;8;9;18;0;0;;;;;;;0;0;1;3;1;3;0;100;0;0;0;0;0;0;0;0;0;0;0;0
16.02.2024;21:18;A117;1;0;8;0;0;6;5;5;7;0;0;;;;;;;1;3;0;0;0;0;0;100;0;0;0;0;0;0;0;0;0;0;0;0
16.02.2024;21:17;A117;1;1;38;0;0;8;6;6;6;4;2;;;;;;;0;0;0;0;0;0;0;100;0;0;0;0;0;0;0;0;0;0;0;0
16.02.2024;21:16;A117;1;0;0;0;0;4;4;5;4;1;0;;;;;;;0;0;0;0;0;0;0;100;0;0;0;0;0;0;0;0;0;0;0;0
16.02.2024;21:15;A117;1;0;0;0;0;12;14;3;2;8;4;;;;;;;0;0;0;0;0;0;0;100;0;0;0;0;0;0;0;0;0;0;0;0
16.02.2024;21:14;A117;1;0;0;0;0;8;10;5;4;4;3;;;;;;;0;0;0;0;0;0;0;100;0;0;0;0;0;0;0;0;0;0;0;0
16.02.2024;21:13;A117;1;0;0;0;0;3;6;4;6;4;2;;;;;;;0;0;0;0;0;0;0;100;0;0;0;0;0;0;0;0;0;0;0;0
16.02.2024;21:12;A117;1;0;0;0;0;3;2;5;4;2;1;;;;;;;0;0;0;0;0;0;0;100;0;0;0;0;0;0;0;0;0;0;0;0
16.02.2024;21:11;A117;1;0;0;0;0;5;5;5;5;3;2;;;;;;;0;0;0;0;0;0;0;100;0;0;0;0;0;0;0;0;0;0;0;0
16.02.2024;21:10;A117;1;0;0;0;0;5;4;8;7;1;1;;;;;;;0;0;0;0;0;0;0;100;0;0;0;0;0;0;0;0;0;0;0;0
16.02.2024;21:09;A117;1;0;0;0;0;6;11;4;4;5;3;;;;;;;0;0;0;0;0;0;0;100;0;0;0;0;0;0;0;0;0;0;0;0
16.02.2024;21:08;A117;1;0;0;0;0;6;6;6;7;5;3;;;;;;;0;0;0;0;0;0;0;100;0;0;0;0;0;0;0;0;0;0;0;0
16.02.2024;21:07;A117;1;0;0;1;1;2;2;3;2;3;2;;;;;;;0;0;0;0;0;0;0;100;0;0;0;0;0;0;0;0;0;0;0;0
16.02.2024;21:06;A117;1;0;0;0;0;10;11;8;7;3;1;;;;;;;0;0;0;0;0;0;0;100;0;0;0;0;0;0;0;0;0;0;0;0
16.02.2024;21:05;A117;1;0;0;0;0;6;11;8;17;4;3;;;;;;;1;3;1;3;1;3;0;100;0;0;0;0;0;0;0;0;0;0;0;0
16.02.2024;21:04;A117;1;0;0;0;0;4;5;5;7;1;1;;;;;;;0;0;0;0;0;0;0;100;0;0;0;0;0;0;0;0;0;0;0;0
16.02.2024;21:03;A117;1;0;0;0;0;7;7;3;3;1;1;;;;;;;0;0;0;0;0;0;0;100;0;0;0;0;0;0;0;0;0;0;0;0
16.02.2024;21:02;A117;1;0;0;0;0;4;4;5;5;2;1;;;;;;;0;0;0;0;0;0;0;100;0;0;0;0;0;0;0;0;0;0;0;0
16.02.2024;21:01;A117;1;0;0;0;0;5;5;2;2;3;3;;;;;;;0;0;0;0;0;0;0;100;0;0;0;0;0;0;0;0;0;0;0;0
16.02.2024;21:00;A117;1;0;0;0;0;5;4;2;2;5;3;;;;;;;0;0;0;0;0;0;0;100;0;0;0;0;0;0;0;0;0;0;0;0
16.02.2024;20:59;A117;1;0;2;0;0;5;26;0;0;5;4;;;;;;;0;0;0;0;0;0;0;100;0;0;0;0;0;0;0;0;0;0;0;0
16.02.2024;20:58;A117;1;1;36;0;0;4;7;11;11;1;0;;;;;;;0;0;0;0;0;0;0;100;0;0;0;0;0;0;0;0;0;0;0;0
16.02.2024;20:57;A117;1;0;0;0;0;4;3;2;2;3;1;;;;;;;0;0;0;0;0;0;0;100;0;0;0;0;0;0;0;0;0;0;0;0
16.02.2024;20:56;A117;1;0;0;0;0;5;5;3;3;0;0;;;;;;;0;0;0;0;0;0;0;100;0;0;0;0;0;0;0;0;0;0;0;0
16.02.2024;20:55;A117;1;0;0;0;0;3;3;9;10;2;1;;;;;;;0;0;0;0;0;0;0;100;0;0;0;0;0;0;0;0;0;0;0;0
16.02.2024;20:54;A117;1;0;0;0;0;11;10;4;4;7;4;;;;;;;0;0;0;0;0;0;0;100;0;0;0;0;0;0;0;0;0;0;0;0
16.02.2024;20:53;A117;1;0;0;0;0;2;2;1;1;4;2;;;;;;;0;0;0;0;0;0;0;100;0;0;0;0;0;0;0;0;0;0;0;0
16.02.2024;20:52;A117;1;0;0;0;0;8;10;5;8;4;2;;;;;;;0;0;0;0;0;0;0;100;0;0;0;0;0;0;0;0;0;0;0;0
16.02.2024;20:51;A117;1;0;0;0;0;8;8;2;2;3;1;;;;;;;0;0;0;0;0;0;0;100;0;0;0;0;0;0;0;0;0;0;0;0
16.02.2024;20:50;A117;1;0;0;0;0;3;3;5;5;2;1;;;;;;;0;0;0;0;0;0;0;100;0;0;0;0;0;0;0;0;0;0;0;0
16.02.2024;20:49;A117;1;0;0;0;0;12;12;7;7;9;5;;;;;;;0;0;0;0;0;0;0;100;0;0;0;0;0;0;0;0;0;0;0;0
16.02.2024;20:48;A117;1;1;36;0;0;8;16;4;4;3;2;;;;;;;0;0;0;0;0;0;0;100;0;0;0;0;0;0;0;0;0;0;0;0
16.02.2024;20:47;A117;1;0;0;0;0;6;11;7;7;2;1;;;;;;;0;0;0;0;0;0;0;100;0;0;0;0;0;0;0;0;0;0;0;0
16.02.2024;20:46;A117;1;0;0;0;0;3;2;11;13;1;0;;;;;;;0;0;0;0;0;0;0;100;0;0;0;0;0;0;0;0;0;0;0;0
16.02.2024;20:45;A117;1;0;0;0;0;4;4;8;8;1;0;;;;;;;0;0;0;0;0;0;0;100;0;0;0;0;0;0;0;0;0;0;0;0
16.02.2024;20:44;A117;1;0;2;0;0;8;8;7;8;3;1;;;;;;;0;0;0;0;0;0;0;100;0;0;0;0;0;0;0;0;0;0;0;0
16.02.2024;20:43;A117;1;2;34;0;0;9;12;5;6;5;2;;;;;;;0;0;0;0;0;0;0;100;0;0;0;0;0;0;0;0;0;0;0;0
16.02.2024;20:42;A117;1;0;0;0;0;10;10;9;15;8;5;;;;;;;0;0;0;0;0;0;0;100;0;0;0;0;0;0;0;0;0;0;0;0
16.02.2024;20:41;A117;1;1;35;0;0;8;9;9;9;7;3;;;;;;;0;0;0;0;0;0;0;100;0;0;0;0;0;0;0;0;0;0;0;0
16.02.2024;20:40;A117;1;0;0;0;0;4;5;4;5;4;3;;;;;;;0;0;0;0;0;0;0;100;0;0;0;0;0;0;0;0;0;0;0;0
16.02.2024;20:39;A117;1;0;0;0;0;5;16;6;6;5;2;;;;;;;0;0;0;0;0;0;0;100;0;0;0;0;0;0;0;0;0;0;0;0
16.02.2024;20:38;A117;1;0;0;0;0;9;17;5;7;0;0;;;;;;;0;0;0;0;0;0;0;100;1;3;0;0;0;0;0;0;0;0;0;0
16.02.2024;20:37;A117;1;0;0;0;0;12;20;3;9;6;13;;;;;;;0;0;0;0;0;0;0;100;0;0;0;0;0;0;0;0;0;0;0;0
16.02.2024;20:36;A117;1;0;0;0;0;13;18;4;6;8;5;;;;;;;0;0;0;0;0;0;0;100;0;0;0;0;0;0;0;0;0;0;0;0
16.02.2024;20:35;A117;1;0;0;0;0;8;9;11;11;6;3;;;;;;;0;0;0;0;0;0;0;100;0;0;0;0;0;0;0;0;0;0;0;0
16.02.2024;20:34;A117;1;0;0;0;0;8;9;2;2;2;1;;;;;;;0;0;0;0;0;0;0;100;0;0;0;0;0;0;0;0;0;0;0;0
16.02.2024;20:33;A117;1;0;0;0;0;5;5;8;7;2;1;;;;;;;0;0;0;0;0;0;0;100;0;0;0;0;0;0;0;0;0;0;0;0
16.02.2024;20:32;A117;1;0;0;0;0;6;5;4;4;4;1;;;;;;;0;0;0;0;0;0;0;100;0;0;0;0;0;0;0;0;0;0;0;0
16.02.2024;20:31;A117;1;0;0;0;0;8;9;2;2;4;2;;;;;;;0;0;0;0;0;0;0;100;0;0;0;0;0;0;0;0;0;0;0;0
16.02.2024;20:30;A117;1;0;0;0;0;5;5;6;6;2;1;;;;;;;0;0;0;0;0;0;0;100;0;0;0;0;0;0;0;0;0;0;0;0
16.02.2024;20:29;A117;1;0;0;0;0;3;3;6;6;2;1;;;;;;;0;0;0;0;0;0;0;100;0;0;0;0;0;0;0;0;0;0;0;0
16.02.2024;20:28;A117;1;0;0;0;0;4;5;5;7;0;0;;;;;;;0;0;0;0;0;0;0;100;0;0;0;0;0;0;0;0;0;0;0;0
16.02.2024;20:27;A117;1;0;0;0;0;5;5;7;6;4;2;;;;;;;0;0;0;0;0;0;0;100;0;0;0;0;0;0;0;0;0;0;0;0
16.02.2024;20:26;A117;1;0;0;0;0;3;3;6;6;1;0;;;;;;;0;0;0;0;0;0;0;100;0;0;0;0;0;0;0;0;0;0;0;0
16.02.2024;20:25;A117;1;1;83;0;0;5;5;2;2;1;0;;;;;;;0;0;0;0;0;0;0;100;0;0;0;0;0;0;0;0;0;0;0;0
16.02.2024;20:24;A117;1;1;29;0;0;4;4;5;5;5;2;;;;;;;0;0;0;0;0;0;0;100;0;0;0;0;0;0;0;0;0;0;0;0
16.02.2024;20:23;A117;1;0;0;0;0;6;5;8;8;1;0;;;;;;;0;0;0;0;0;0;0;100;0;0;0;0;0;0;0;0;0;0;0;0
16.02.2024;20:22;A117;1;0;0;0;0;4;3;6;6;1;0;;;;;;;0;0;0;0;0;0;0;100;0;0;0;0;0;0;0;0;0;0;0;0
16.02.2024;20:21;A117;1;0;0;0;0;8;7;9;8;3;2;;;;;;;0;0;0;0;0;0;0;100;0;0;0;0;0;0;0;0;0;0;0;0
16.02.2024;20:20;A117;1;0;0;0;0;9;10;5;4;8;3;;;;;;;0;0;0;0;0;0;0;100;0;0;0;0;0;0;0;0;0;0;0;0
16.02.2024;20:19;A117;1;0;0;0;0;12;10;5;25;4;2;;;;;;;0;0;0;0;0;0;0;100;0;0;0;0;0;0;0;0;0;0;0;0
16.02.2024;20:18;A117;1;0;0;0;0;4;8;7;15;1;1;;;;;;;0;0;0;0;0;0;0;100;0;0;0;0;0;0;0;0;0;0;0;0
16.02.2024;20:17;A117;1;0;0;0;0;4;8;5;11;1;1;;;;;;;1;3;1;3;1;3;0;100;1;2;0;0;0;0;0;0;0;0;0;0
16.02.2024;20:16;A117;1;0;0;0;0;5;5;11;13;2;1;;;;;;;0;0;0;0;0;0;0;100;0;0;0;0;0;0;0;0;0;0;0;0
16.02.2024;20:15;A117;1;0;0;0;0;7;9;8;8;2;4;;;;;;;0;0;0;0;0;0;0;100;0;0;0;0;0;0;0;0;0;0;0;0
16.02.2024;20:14;A117;1;0;0;0;0;8;7;8;9;2;1;;;;;;;0;0;0;0;0;0;0;100;0;0;0;0;0;0;0;0;0;0;0;0
16.02.2024;20:13;A117;1;0;0;0;0;9;9;6;6;4;1;;;;;;;0;0;0;0;0;0;0;100;0;0;0;0;0;0;0;0;0;0;0;0
16.02.2024;20:12;A117;1;0;0;0;0;4;4;10;9;3;1;;;;;;;0;0;0;0;0;0;0;100;0;0;0;0;0;0;0;0;0;0;0;0
16.02.2024;20:11;A117;1;0;0;0;0;11;14;11;11;3;3;;;;;;;0;0;0;0;0;0;0;100;0;0;0;0;0;0;0;0;0;0;0;0
16.02.2024;20:10;A117;1;0;0;0;0;9;13;8;8;2;1;;;;;;;0;0;0;0;0;0;0;100;0;0;0;0;0;0;0;0;0;0;0;0
16.02.2024;20:09;A117;1;0;0;0;0;4;4;5;6;1;0;;;;;;;0;0;0;0;0;0;0;100;0;0;0;0;0;0;0;0;0;0;0;0
16.02.2024;20:08;A117;1;0;0;0;0;7;4;5;7;1;0;;;;;;;0;0;0;0;0;0;0;100;0;0;0;0;0;0;0;0;0;0;0;0
16.02.2024;20:07;A117;1;0;0;0;0;6;8;12;19;0;0;;;;;;;0;0;0;0;0;0;0;100;0;0;0;0;0;0;0;0;0;0;0;0
16.02.2024;20:06;A117;1;0;0;0;0;10;11;5;19;3;1;;;;;;;0;0;0;0;0;0;0;100;0;0;0;0;0;0;0;0;0;0;0;0
16.02.2024;20:05;A117;1;0;0;0;0;6;7;9;15;2;1;;;;;;;1;3;1;3;1;3;0;100;0;0;0;0;0;0;0;0;0;0;0;0
16.02.2024;20:04;A117;1;0;0;0;0;5;7;4;7;3;2;;;;;;;0;0;0;0;0;0;0;100;0;0;0;0;0;0;0;0;0;0;0;0
16.02.2024;20:03;A117;1;0;0;0;58;9;14;11;15;2;1;;;;;;;0;0;0;0;0;0;0;100;0;0;0;0;0;0;0;0;0;0;0;0
16.02.2024;20:02;A117;1;0;0;1;48;8;12;11;11;5;7;;;;;;;0;0;0;0;0;0;0;100;0;0;0;0;0;0;0;0;0;0;0;0
16.02.2024;20:01;A117;1;0;0;0;0;9;16;11;16;4;2;;;;;;;0;0;0;0;0;0;0;100;0;0;0;0;0;0;0;0;0;0;0;0
16.02.2024;20:00;A117;1;0;0;0;0;4;4;6;6;4;2;;;;;;;0;0;0;0;0;0;0;100;0;0;0;0;0;0;0;0;0;0;0;0
16.02.2024;19:59;A117;1;0;0;0;0;4;5;6;6;0;0;;;;;;;0;0;0;0;0;0;0;100;0;0;0;0;0;0;0;0;0;0;0;0
16.02.2024;19:58;A117;1;0;0;0;0;12;12;12;12;3;1;;;;;;;0;0;0;0;0;0;0;100;0;0;0;0;0;0;0;0;0;0;0;0
16.02.2024;19:57;A117;1;0;0;0;0;9;10;6;10;4;3;;;;;;;0;0;0;0;0;0;0;100;0;0;0;0;0;0;0;0;0;0;0;0
16.02.2024;19:56;A117;1;0;0;0;0;4;4;8;7;1;1;;;;;;;0;0;0;0;0;0;0;100;0;0;0;0;0;0;0;0;0;0;0;0
16.02.2024;19:55;A117;1;0;0;0;0;7;6;7;6;1;0;;;;;;;0;0;0;0;0;0;0;100;0;0;0;0;0;0;0;0;0;0;0;0
16.02.2024;19:54;A117;1;0;0;0;0;12;13;3;4;4;2;;;;;;;0;0;0;0;0;0;0;100;0;0;0;0;0;0;0;0;0;0;0;0
16.02.2024;19:53;A117;1;0;0;0;0;9;11;12;21;0;0;;;;;;;0;0;0;0;0;0;0;100;0;0;0;0;0;0;0;0;0;0;0;0
16.02.2024;19:52;A117;1;0;0;0;0;9;17;8;13;1;4;;;;;;;0;0;0;0;0;0;0;100;0;0;0;0;0;0;0;0;0;0;0;0
16.02.2024;19:51;A117;1;0;0;0;0;8;10;6;7;2;1;;;;;;;0;0;0;0;0;0;0;100;0;0;0;0;0;0;0;0;0;0;0;0
16.02.2024;19:50;A117;1;2;81;0;0;2;1;12;17;1;0;;;;;;;0;0;0;0;0;0;0;100;0;0;0;0;0;0;0;0;0;0;0;0
16.02.2024;19:49;A117;1;1;21;1;8;8;10;9;17;3;1;;;;;;;1;3;1;3;1;3;0;100;0;0;0;0;0;0;0;0;0;0;0;0
16.02.2024;19:48;A117;1;0;0;0;0;7;8;4;4;6;6;;;;;;;0;0;0;0;0;0;0;100;0;0;0;0;0;0;0;0;0;0;0;0
16.02.2024;19:47;A117;1;0;0;0;0;7;12;6;5;3;2;;;;;;;0;0;0;0;0;0;0;100;0;0;0;0;0;0;0;0;0;0;0;0
16.02.2024;19:46;A117;1;0;0;0;0;5;6;16;17;1;0;;;;;;;0;0;0;0;0;0;0;100;0;0;0;0;0;0;0;0;0;0;0;0
16.02.2024;19:45;A117;1;0;0;0;0;11;15;6;6;1;1;;;;;;;0;0;0;0;0;0;0;100;0;0;0;0;0;0;0;0;0;0;0;0
16.02.2024;19:44;A117;1;0;0;0;0;6;7;13;19;3;1;;;;;;;0;0;0;0;0;0;0;100;0;0;0;0;0;0;0;0;0;0;0;0
16.02.2024;19:43;A117;1;0;0;0;0;12;11;7;6;3;1;;;;;;;0;0;0;0;0;0;0;100;0;0;0;0;0;0;0;0;0;0;0;0
16.02.2024;19:42;A117;1;0;0;0;0;8;7;3;3;4;2;;;;;;;0;0;0;0;0;0;0;100;0;0;0;0;0;0;0;0;0;0;0;0
16.02.2024;19:41;A117;1;0;0;0;0;6;6;8;7;2;2;;;;;;;0;0;0;0;0;0;0;100;0;0;0;0;0;0;0;0;0;0;0;0
16.02.2024;19:40;A117;1;0;0;0;0;7;7;5;5;2;1;;;;;;;0;0;0;0;0;0;0;100;0;0;0;0;0;0;0;0;0;0;0;0
16.02.2024;19:39;A117;1;0;0;0;0;17;24;5;5;6;4;;;;;;;0;0;0;0;0;0;0;100;0;0;0;0;0;0;0;0;0;0;0;0
16.02.2024;19:38;A117;1;0;0;0;0;2;63;2;2;3;4;;;;;;;0;0;0;0;0;0;0;100;0;0;0;0;0;0;0;0;0;0;0;0
16.02.2024;19:37;A117;1;0;0;0;0;12;21;9;11;3;1;;;;;;;0;0;0;0;0;0;0;100;1;2;0;0;0;0;0;0;0;0;0;0
16.02.2024;19:36;A117;1;0;0;0;0;14;13;8;15;2;1;;;;;;;0;0;0;0;0;0;0;100;0;0;0;0;0;0;0;0;0;0;0;0
16.02.2024;19:35;A117;1;0;0;0;0;5;5;12;12;5;3;;;;;;;0;0;0;0;0;0;0;100;0;0;0;0;0;0;0;0;0;0;0;0
16.02.2024;19:34;A117;1;0;46;0;0;11;25;10;11;2;1;;;;;;;0;0;0;0;0;0;0;100;0;0;0;0;0;0;0;0;0;0;0;0
16.02.2024;19:33;A117;1;1;60;0;0;11;15;6;6;6;3;;;;;;;0;0;0;0;0;0;0;100;0;0;0;0;0;0;0;0;0;0;0;0
16.02.2024;19:32;A117;1;0;0;0;0;5;4;11;15;3;1;;;;;;;0;0;0;0;0;0;0;100;0;0;0;0;0;0;0;0;0;0;0;0
16.02.2024;19:31;A117;1;0;0;0;0;8;10;15;18;1;1;;;;;;;0;0;0;0;0;0;0;100;0;0;0;0;0;0;0;0;0;0;0;0
16.02.2024;19:30;A117;1;0;0;0;0;7;6;3;3;3;11;;;;;;;0;0;0;0;0;0;0;100;0;0;0;0;0;0;0;0;0;0;0;0
16.02.2024;19:29;A117;1;0;0;0;0;8;8;11;11;5;3;;;;;;;0;0;0;0;0;0;0;100;0;0;0;0;0;0;0;0;0;0;0;0
16.02.2024;19:28;A117;1;0;0;0;0;9;11;6;6;4;2;;;;;;;0;0;0;0;0;0;0;100;0;0;0;0;0;0;0;0;0;0;0;0
16.02.2024;19:27;A117;1;0;0;0;0;10;14;10;10;6;3;;;;;;;0;0;0;0;0;0;0;100;0;0;0;0;0;0;0;0;0;0;0;0
16.02.2024;19:26;A117;1;0;33;0;0;6;5;12;27;1;1;;;;;;;0;0;0;0;0;0;0;100;0;0;0;0;0;0;0;0;0;0;0;0
16.02.2024;19:25;A117;1;2;53;0;0;8;6;4;4;5;2;;;;;;;0;0;0;0;0;0;0;100;0;0;0;0;0;0;0;0;0;0;0;0
16.02.2024;19:24;A117;1;1;85;0;0;7;7;9;8;3;1;;;;;;;0;0;0;0;0;0;0;100;0;0;0;0;0;0;0;0;0;0;0;0
16.02.2024;19:23;A117;1;0;0;0;0;8;10;11;10;5;2;;;;;;;0;0;0;0;0;0;0;100;0;0;0;0;0;0;0;0;0;0;0;0
16.02.2024;19:22;A117;1;0;0;0;0;10;12;13;13;3;1;;;;;;;0;0;0;0;0;0;0;100;0;0;0;0;0;0;0;0;0;0;0;0
16.02.2024;19:21;A117;1;0;0;0;0;13;16;7;7;4;2;;;;;;;0;0;0;0;0;0;0;100;0;0;0;0;0;0;0;0;0;0;0;0
16.02.2024;19:20;A117;1;0;0;0;0;12;18;10;13;1;0;;;;;;;0;0;0;0;1;3;0;100;0;0;0;0;0;0;0;0;0;0;0;0
16.02.2024;19:19;A117;1;0;29;0;0;12;13;4;10;1;0;;;;;;;1;3;1;3;0;0;0;100;0;0;0;0;0;0;0;0;0;0;0;0
16.02.2024;19:18;A117;1;0;100;0;0;14;14;7;6;4;2;;;;;;;0;0;0;0;0;0;0;100;0;0;0;0;0;0;0;0;0;0;0;0
16.02.2024;19:17;A117;1;1;1;0;0;7;20;8;7;1;2;;;;;;;0;0;0;0;0;0;0;100;0;0;0;0;0;0;0;0;0;0;0;0
16.02.2024;19:16;A117;1;2;90;0;0;5;8;17;19;1;0;;;;;;;0;0;0;0;0;0;0;100;0;0;0;0;0;0;0;0;0;0;0;0
16.02.2024;19:15;A117;1;0;0;0;0;8;10;9;9;3;1;;;;;;;0;0;0;0;0;0;0;100;0;0;0;0;0;0;0;0;0;0;0;0
16.02.2024;19:14;A117;1;0;0;0;0;3;2;8;10;2;1;;;;;;;0;0;0;0;0;0;0;100;1;2;0;0;0;0;0;0;0;0;0;0
16.02.2024;19:13;A117;1;0;0;0;48;8;10;10;58;3;2;;;;;;;0;0;0;0;0;0;0;100;0;0;0;0;0;0;0;0;0;0;0;0
16.02.2024;19:12;A117;1;0;0;1;55;10;10;10;11;3;1;;;;;;;0;0;0;0;0;0;0;100;1;6;0;0;0;0;0;0;0;0;0;0
16.02.2024;19:11;A117;1;0;0;0;0;11;14;12;15;1;1;;;;;;;0;0;0;0;0;0;0;100;0;0;0;0;0;0;0;0;0;0;0;0
16.02.2024;19:10;A117;1;0;0;0;0;4;6;11;24;3;2;;;;;;;0;0;0;0;0;0;0;100;0;0;0;0;0;0;0;0;0;0;0;0
16.02.2024;19:09;A117;1;0;0;0;0;12;15;8;14;7;5;;;;;;;0;0;0;0;0;0;0;100;0;0;0;0;0;0;0;0;0;0;0;0
16.02.2024;19:08;A117;1;0;0;0;0;9;11;11;16;3;1;;;;;;;0;0;0;0;0;0;0;100;0;0;0;0;0;0;0;0;0;0;0;0
16.02.2024;19:07;A117;1;0;0;0;0;9;8;13;16;2;2;;;;;;;0;0;0;0;0;0;0;100;0;0;0;0;0;0;0;0;0;0;0;0
16.02.2024;19:06;A117;1;0;0;0;0;11;15;13;22;5;2;;;;;;;0;0;1;3;1;3;0;100;0;0;0;0;0;0;0;0;0;0;0;0
16.02.2024;19:05;A117;1;0;0;0;0;7;6;11;16;0;0;;;;;;;1;3;0;0;0;0;0;100;0;0;0;0;0;0;0;0;0;0;0;0
16.02.2024;19:04;A117;1;0;0;0;0;10;15;11;12;7;6;;;;;;;0;0;0;0;0;0;0;100;0;0;0;0;0;0;0;0;0;0;0;0
16.02.2024;19:03;A117;1;0;0;0;0;12;42;7;7;4;6;;;;;;;0;0;0;0;0;0;0;100;0;0;0;0;0;0;0;0;0;0;0;0
16.02.2024;19:02;A117;1;0;0;0;0;14;18;3;3;2;1;;;;;;;0;0;0;0;0;0;0;100;0;0;0;0;0;0;0;0;0;0;0;0
16.02.2024;19:01;A117;1;0;0;0;0;8;8;12;12;5;3;;;;;;;0;0;0;0;0;0;0;100;0;0;0;0;0;0;0;0;0;0;0;0
16.02.2024;19:00;A117;1;0;0;0;0;13;16;6;8;6;3;;;;;;;0;0;0;0;0;0;0;100;0;0;0;0;0;0;0;0;0;0;0;0
16.02.2024;18:59;A117;1;0;0;0;0;5;4;7;8;3;1;;;;;;;0;0;0;0;0;0;0;100;0;0;0;0;0;0;0;0;0;0;0;0
16.02.2024;18:58;A117;1;0;0;0;0;8;8;10;11;3;1;;;;;;;0;0;0;0;0;0;0;100;0;0;0;0;0;0;0;0;0;0;0;0
16.02.2024;18:57;A117;1;0;0;0;0;9;9;14;14;2;1;;;;;;;0;0;0;0;0;0;0;100;0;0;0;0;0;0;0;0;0;0;0;0
16.02.2024;18:56;A117;1;0;0;0;0;12;11;8;8;9;5;;;;;;;0;0;0;0;0;0;0;100;0;0;0;0;0;0;0;0;0;0;0;0
16.02.2024;18:55;A117;1;0;0;0;0;8;11;8;9;2;1;;;;;;;0;0;0;0;0;0;0;100;0;0;0;0;0;0;0;0;0;0;0;0
16.02.2024;18:54;A117;1;0;0;0;0;21;23;14;13;4;1;;;;;;;0;0;0;0;0;0;0;100;0;0;0;0;0;0;0;0;0;0;0;0
16.02.2024;18:53;A117;1;0;0;0;0;7;8;10;10;2;1;;;;;;;0;0;0;0;0;0;0;100;0;0;0;0;0;0;0;0;0;0;0;0
16.02.2024;18:52;A117;1;2;16;0;0;6;7;9;20;1;1;;;;;;;0;0;0;0;0;0;0;100;0;0;0;0;0;0;0;0;0;0;0;0
16.02.2024;18:51;A117;1;0;100;0;0;14;15;20;25;5;4;;;;;;;0;0;0;0;0;0;0;100;0;0;0;0;0;0;0;0;0;0;0;0
16.02.2024;18:50;A117;1;1;8;0;0;9;8;14;17;4;2;;;;;;;0;0;0;0;0;0;0;100;0;0;0;0;0;0;0;0;0;0;0;0
16.02.2024;18:49;A117;1;0;38;0;0;8;10;13;47;3;3;;;;;;;0;0;0;0;0;0;0;100;0;0;0;0;0;0;0;0;0;0;0;0
16.02.2024;18:48;A117;1;1;27;0;0;11;14;8;12;2;0;;;;;;;0;0;0;0;1;3;0;100;0;0;0;0;0;0;0;0;0;0;0;0
16.02.2024;18:47;A117;1;0;0;0;0;13;23;15;25;2;1;;;;;;;1;3;1;3;0;0;0;100;0;0;0;0;0;0;0;0;0;0;0;0
16.02.2024;18:46;A117;1;0;0;0;0;9;10;20;25;3;2;;;;;;;0;0;0;0;0;0;0;100;0;0;0;0;0;0;0;0;0;0;0;0
16.02.2024;18:45;A117;1;0;0;0;0;17;22;16;15;5;4;;;;;;;0;0;0;0;0;0;0;100;0;0;0;0;0;0;0;0;0;0;0;0
16.02.2024;18:44;A117;1;0;0;0;0;6;5;13;18;4;2;;;;;;;0;0;0;0;0;0;0;100;0;0;0;0;0;0;0;0;0;0;0;0
16.02.2024;18:43;A117;1;0;0;0;0;7;10;18;19;1;0;;;;;;;0;0;0;0;0;0;0;100;0;0;0;0;0;0;0;0;0;0;0;0
16.02.2024;18:42;A117;1;0;0;0;0;15;19;12;44;0;0;;;;;;;0;0;0;0;0;0;0;100;0;0;0;0;0;0;0;0;0;0;0;0
16.02.2024;18:41;A117;1;1;89;1;68;14;21;16;30;3;4;;;;;;;0;0;0;0;0;0;0;100;1;2;0;0;0;0;0;0;0;0;0;0
16.02.2024;18:40;A117;1;1;13;0;0;14;15;11;28;4;2;;;;;;;0;0;0;0;0;0;0;100;0;0;0;0;0;0;0;0;0;0;0;0
16.02.2024;18:39;A117;1;0;0;0;0;15;15;7;9;3;2;;;;;;;0;0;0;0;0;0;0;100;0;0;0;0;0;0;0;0;0;0;0;0
16.02.2024;18:38;A117;1;0;0;0;0;15;18;17;28;2;1;;;;;;;0;0;0;0;0;0;0;100;0;0;0;0;0;0;0;0;0;0;0;0
16.02.2024;18:37;A117;1;0;0;0;0;9;13;14;40;2;1;;;;;;;0;0;0;0;0;0;0;100;0;0;0;0;0;0;0;0;0;0;0;0
16.02.2024;18:36;A117;1;0;0;0;0;18;26;3;3;9;8;;;;;;;0;0;0;0;0;0;0;100;0;0;0;0;0;0;0;0;0;0;0;0
16.02.2024;18:35;A117;1;0;0;0;0;14;16;17;18;7;4;;;;;;;0;0;0;0;0;0;0;100;0;0;0;0;0;0;0;0;0;0;0;0
16.02.2024;18:34;A117;1;0;0;0;0;7;9;10;13;3;2;;;;;;;0;0;0;0;0;0;0;100;0;0;0;0;0;0;0;0;0;0;0;0
16.02.2024;18:33;A117;1;0;0;0;0;15;44;14;19;1;0;;;;;;;0;0;0;0;0;0;0;100;0;0;0;0;0;0;0;0;0;0;0;0
16.02.2024;18:32;A117;1;0;0;0;0;18;36;12;19;3;1;;;;;;;0;0;0;0;0;0;0;100;1;2;0;0;0;0;0;0;0;0;0;0
16.02.2024;18:31;A117;1;0;32;0;0;9;10;12;28;1;0;;;;;;;0;0;0;0;0;0;0;100;0;0;0;0;0;0;0;0;0;0;0;0
16.02.2024;18:30;A117;1;0;100;0;0;20;22;13;14;5;2;;;;;;;0;0;0;0;0;0;0;100;0;0;0;0;0;0;0;0;0;0;0;0
16.02.2024;18:29;A117;1;1;33;0;0;13;14;17;20;3;2;;;;;;;0;0;0;0;0;0;0;100;0;0;0;0;0;0;0;0;0;0;0;0
16.02.2024;18:28;A117;1;0;0;0;0;8;7;19;20;2;2;;;;;;;0;0;0;0;0;0;0;100;0;0;0;0;0;0;0;0;0;0;0;0
16.02.2024;18:27;A117;1;0;0;0;0;14;16;17;19;3;1;;;;;;;0;0;0;0;0;0;0;100;0;0;0;0;0;0;0;0;0;0;0;0
16.02.2024;18:26;A117;1;0;0;0;0;13;14;20;28;3;1;;;;;;;0;0;0;0;0;0;0;100;0;0;0;0;0;0;0;0;0;0;0;0
16.02.2024;18:25;A117;1;0;0;0;0;11;10;19;26;2;1;;;;;;;0;0;0;0;0;0;0;100;0;0;0;0;0;0;0;0;0;0;0;0
16.02.2024;18:24;A117;1;0;0;0;0;14;13;15;20;1;1;;;;;;;0;0;0;0;0;0;0;100;0;0;0;0;0;0;0;0;0;0;0;0
16.02.2024;18:23;A117;1;0;0;0;0;7;10;18;24;1;2;;;;;;;0;0;0;0;0;0;0;100;0;0;0;0;0;0;0;0;0;0;0;0
16.02.2024;18:22;A117;1;0;0;0;0;6;6;4;11;3;2;;;;;;;1;3;1;3;1;3;0;100;0;0;0;0;0;0;0;0;0;0;0;0
16.02.2024;18:21;A117;1;0;0;0;0;18;17;16;27;3;1;;;;;;;0;0;0;0;0;0;0;100;0;0;0;0;0;0;0;0;0;0;0;0
16.02.2024;18:20;A117;1;0;0;0;0;8;9;17;20;1;0;;;;;;;0;0;0;0;0;0;0;100;0;0;0;0;0;0;0;0;0;0;0;0
16.02.2024;18:19;A117;1;0;0;0;0;8;7;17;21;2;1;;;;;;;0;0;0;0;0;0;0;100;0;0;0;0;0;0;0;0;0;0;0;0
16.02.2024;18:18;A117;1;0;0;0;0;16;26;11;21;4;2;;;;;;;0;0;0;0;0;0;0;100;0;0;0;0;0;0;0;0;0;0;0;0
16.02.2024;18:17;A117;1;0;0;0;0;12;13;19;26;2;1;;;;;;;0;0;0;0;0;0;0;100;0;0;0;0;0;0;0;0;0;0;0;0
16.02.2024;18:16;A117;1;0;0;0;0;11;46;8;42;0;0;;;;;;;0;0;0;0;0;0;0;100;0;0;0;0;0;0;0;0;0;0;0;0
16.02.2024;18:15;A117;1;0;0;0;0;21;24;18;48;4;2;;;;;;;0;0;0;0;0;0;0;100;2;4;0;0;0;0;0;0;0;0;0;0
16.02.2024;18:14;A117;1;0;0;0;0;3;9;6;75;0;0;;;;;;;0;0;0;0;0;0;0;100;0;0;0;0;0;0;0;0;0;0;0;0
16.02.2024;18:13;A117;1;0;38;0;0;7;8;1;94;0;0;;;;;;;0;0;0;0;0;0;0;100;0;0;0;0;0;0;0;0;0;0;0;0
16.02.2024;18:12;A117;1;1;40;0;0;14;15;11;62;1;0;;;;;;;0;0;0;0;0;0;0;100;0;0;0;0;0;0;0;0;0;0;0;0
16.02.2024;18:11;A117;1;0;89;0;0;12;19;8;33;3;2;;;;;;;0;0;0;0;0;0;0;100;0;0;0;0;0;0;0;0;0;0;0;0
16.02.2024;18:10;A117;1;1;44;0;0;10;14;5;10;0;0;;;;;;;0;0;0;0;1;3;0;100;0;0;0;0;0;0;0;0;0;0;0;0
16.02.2024;18:09;A117;1;0;0;0;0;15;27;4;42;0;0;;;;;;;0;0;1;3;0;0;0;100;0;0;0;0;0;0;0;0;0;0;0;0
16.02.2024;18:08;A117;1;1;44;0;0;7;52;8;76;5;3;;;;;;;1;3;0;0;0;0;0;100;0;0;0;0;0;0;0;0;0;0;0;0
16.02.2024;18:07;A117;1;0;37;0;0;11;24;5;89;3;2;;;;;;;0;0;0;0;0;0;0;100;0;0;0;0;0;0;0;0;0;0;0;0
16.02.2024;18:06;A117;1;1;35;0;0;15;19;9;59;3;3;;;;;;;0;0;0;0;0;0;0;100;0;0;0;0;0;0;0;0;0;0;0;0
16.02.2024;18:05;A117;1;0;0;0;0;6;9;21;30;1;1;;;;;;;0;0;0;0;0;0;0;100;0;0;0;0;0;0;0;0;0;0;0;0
16.02.2024;18:04;A117;1;0;0;0;0;13;13;16;18;2;1;;;;;;;0;0;0;0;0;0;0;100;0;0;0;0;0;0;0;0;0;0;0;0
16.02.2024;18:03;A117;1;0;0;0;0;11;13;16;43;2;1;;;;;;;0;0;0;0;0;0;0;100;0;0;0;0;0;0;0;0;0;0;0;0
16.02.2024;18:02;A117;1;2;4;0;0;10;12;14;29;3;4;;;;;;;0;0;0;0;0;0;0;100;0;0;0;0;0;0;0;0;0;0;0;0
16.02.2024;18:01;A117;1;2;40;0;0;10;34;2;93;4;2;;;;;;;0;0;0;0;0;0;0;100;0;0;0;0;0;0;0;0;0;0;0;0
16.02.2024;18:00;A117;1;0;100;0;0;10;13;11;54;5;4;;;;;;;0;0;0;0;0;0;0;100;0;0;0;0;0;0;0;0;0;0;0;0
16.02.2024;17:59;A117;1;1;35;0;0;14;15;13;19;1;0;;;;;;;0;0;0;0;0;0;0;100;0;0;0;0;0;0;0;0;0;0;0;0
16.02.2024;17:58;A117;1;0;0;0;0;7;7;19;21;1;0;;;;;;;0;0;0;0;0;0;0;100;0;0;0;0;0;0;0;0;0;0;0;0
16.02.2024;17:57;A117;1;0;0;0;0;14;15;12;59;3;2;;;;;;;0;0;0;0;0;0;0;100;0;0;0;0;0;0;0;0;0;0;0;0
16.02.2024;17:56;A117;1;1;69;0;0;13;23;0;100;0;0;;;;;;;0;0;0;0;0;0;0;100;0;0;0;0;0;0;0;0;0;0;0;0
16.02.2024;17:55;A117;1;0;0;0;0;15;17;5;68;2;1;;;;;;;0;0;0;0;0;0;0;100;0;0;0;0;0;0;0;0;0;0;0;0
16.02.2024;17:54;A117;1;0;0;0;0;17;26;8;78;2;1;;;;;;;0;0;0;0;0;0;0;100;0;0;0;0;0;0;0;0;0;0;0;0
16.02.2024;17:53;A117;1;1;40;0;0;10;17;0;100;0;0;;;;;;;0;0;0;0;0;0;0;100;0;0;0;0;0;0;0;0;0;0;0;0
16.02.2024;17:52;A117;1;0;0;0;0;14;16;5;56;3;1;;;;;;;0;0;0;0;1;3;0;100;0;0;0;0;0;0;0;0;0;0;0;0
16.02.2024;17:51;A117;1;0;0;0;0;12;13;5;20;2;2;;;;;;;1;3;1;3;0;0;0;100;0;0;0;0;0;0;0;0;0;0;0;0
16.02.2024;17:50;A117;1;1;88;0;0;13;18;12;15;0;0;;;;;;;0;0;0;0;0;0;0;100;0;0;0;0;0;0;0;0;0;0;0;0
16.02.2024;17:49;A117;1;1;45;0;0;20;32;14;15;0;0;;;;;;;0;0;0;0;0;0;0;100;0;0;0;0;0;0;0;0;0;0;0;0
16.02.2024;17:48;A117;1;0;0;0;0;15;54;14;22;0;0;;;;;;;0;0;0;0;0;0;0;100;0;0;0;0;0;0;0;0;0;0;0;0
16.02.2024;17:47;A117;1;0;0;0;0;19;33;9;13;1;1;;;;;;;0;0;0;0;0;0;0;100;0;0;0;0;0;0;0;0;0;0;0;0
16.02.2024;17:46;A117;1;1;40;1;13;14;59;12;53;2;34;;;;;;;0;0;0;0;0;0;0;100;0;0;0;0;0;0;0;0;0;0;0;0
16.02.2024;17:45;A117;1;1;83;0;0;17;44;5;6;0;0;;;;;;;0;0;0;0;0;0;0;100;0;0;0;0;0;0;0;0;0;0;0;0
16.02.2024;17:44;A117;1;0;0;0;0;15;25;16;17;1;3;;;;;;;0;0;0;0;0;0;0;100;0;0;0;0;0;0;0;0;0;0;0;0
16.02.2024;17:43;A117;1;0;0;0;0;11;14;19;22;0;0;;;;;;;0;0;0;0;0;0;0;100;0;0;0;0;0;0;0;0;0;0;0;0
16.02.2024;17:42;A117;1;0;0;0;0;16;24;16;22;3;1;;;;;;;0;0;0;0;0;0;0;100;0;0;0;0;0;0;0;0;0;0;0;0
16.02.2024;17:41;A117;1;0;0;0;0;19;31;10;20;0;0;;;;;;;0;0;0;0;0;0;0;100;0;0;0;0;0;0;0;0;0;0;0;0
16.02.2024;17:40;A117;1;0;0;0;0;10;13;14;19;0;0;;;;;;;0;0;0;0;0;0;0;100;0;0;0;0;0;0;0;0;0;0;0;0
16.02.2024;17:39;A117;1;0;0;0;0;18;36;13;14;1;0;;;;;;;0;0;0;0;0;0;0;100;0;0;0;0;0;0;0;0;0;0;0;0
16.02.2024;17:38;A117;1;0;0;0;0;19;37;15;26;1;2;;;;;;;0;0;0;0;0;0;0;100;0;0;0;0;0;0;0;0;0;0;0;0
16.02.2024;17:37;A117;1;0;0;0;0;13;35;13;36;4;4;;;;;;;0;0;0;0;0;0;0;100;0;0;0;0;0;0;0;0;0;0;0;0
16.02.2024;17:36;A117;1;0;0;0;0;18;36;16;38;12;10;;;;;;;0;0;0;0;0;0;0;100;0;0;0;0;0;0;0;0;0;0;0;0
16.02.2024;17:35;A117;1;0;0;0;0;6;14;16;23;0;0;;;;;;;0;0;0;0;0;0;0;100;0;0;0;0;0;0;0;0;0;0;0;0
16.02.2024;17:34;A117;1;0;37;0;0;13;57;15;34;1;34;;;;;;;0;0;0;0;0;0;0;100;0;0;0;0;0;0;0;0;0;0;0;0
16.02.2024;17:33;A117;1;1;38;0;0;10;26;18;32;4;5;;;;;;;0;0;0;0;0;0;0;100;0;0;0;0;0;0;0;0;0;0;0;0
16.02.2024;17:32;A117;1;0;89;0;0;16;33;13;15;1;2;;;;;;;0;0;0;0;0;0;0;100;0;0;0;0;0;0;0;0;0;0;0;0
16.02.2024;17:31;A117;1;1;28;0;0;13;13;20;23;3;1;;;;;;;0;0;0;0;0;0;0;100;0;0;0;0;0;0;0;0;0;0;0;0
16.02.2024;17:30;A117;1;0;0;0;0;15;16;14;57;2;1;;;;;;;0;0;0;0;0;0;0;100;0;0;0;0;0;0;0;0;0;0;0;0
16.02.2024;17:29;A117;1;2;92;0;0;16;21;10;33;0;0;;;;;;;0;0;0;0;0;0;0;100;0;0;0;0;0;0;0;0;0;0;0;0
16.02.2024;17:28;A117;1;1;74;0;0;13;16;16;24;1;0;;;;;;;0;0;0;0;0;0;0;100;0;0;0;0;0;0;0;0;0;0;0;0
16.02.2024;17:27;A117;1;0;0;0;0;10;10;13;39;0;0;;;;;;;0;0;0;0;0;0;0;100;0;0;0;0;0;0;0;0;0;0;0;0
16.02.2024;17:26;A117;1;0;0;0;0;3;2;8;77;0;0;;;;;;;0;0;0;0;0;0;0;100;0;0;0;0;0;0;0;0;0;0;0;0
16.02.2024;17:25;A117;1;0;0;0;0;12;12;0;100;1;0;;;;;;;0;0;0;0;0;0;0;100;0;0;0;0;0;0;0;0;0;0;0;0
16.02.2024;17:24;A117;1;0;0;0;0;13;14;16;37;1;0;;;;;;;0;0;0;0;0;0;0;100;0;0;0;0;0;0;0;0;0;0;0;0
16.02.2024;17:23;A117;1;0;0;0;0;13;14;18;25;2;1;;;;;;;0;0;0;0;0;0;0;100;0;0;0;0;0;0;0;0;0;0;0;0
16.02.2024;17:22;A117;1;1;13;0;0;15;54;13;23;1;0;;;;;;;0;0;0;0;0;0;0;100;0;0;0;0;0;0;0;0;0;0;0;0
16.02.2024;17:21;A117;1;0;0;0;0;19;24;16;35;0;0;;;;;;;0;0;0;0;0;0;0;100;0;0;0;0;0;0;0;0;0;0;0;0
16.02.2024;17:20;A117;1;1;79;0;0;8;10;7;14;0;0;;;;;;;0;0;0;0;0;0;0;100;0;0;0;0;0;0;0;0;0;0;0;0
16.02.2024;17:19;A117;1;0;0;0;0;11;11;17;19;2;1;;;;;;;0;0;0;0;0;0;0;100;0;0;0;0;0;0;0;0;0;0;0;0
16.02.2024;17:18;A117;1;0;0;0;0;11;12;10;11;0;0;;;;;;;0;0;0;0;0;0;0;100;0;0;0;0;0;0;0;0;0;0;0;0
16.02.2024;17:17;A117;1;0;0;0;0;11;13;14;13;0;0;;;;;;;0;0;0;0;0;0;0;100;0;0;0;0;0;0;0;0;0;0;0;0
16.02.2024;17:16;A117;1;0;0;0;0;11;18;15;19;2;1;;;;;;;0;0;0;0;0;0;0;100;0;0;0;0;0;0;0;0;0;0;0;0
16.02.2024;17:15;A117;1;0;0;0;0;19;22;15;26;4;2;;;;;;;0;0;0;0;0;0;0;100;0;0;0;0;0;0;0;0;0;0;0;0
16.02.2024;17:14;A117;1;0;0;0;0;15;17;12;30;0;0;;;;;;;0;0;0;0;0;0;0;100;0;0;0;0;0;0;0;0;0;0;0;0
16.02.2024;17:13;A117;1;0;35;0;0;13;49;7;82;1;0;;;;;;;0;0;0;0;0;0;0;100;0;0;0;0;0;0;0;0;0;0;0;0
16.02.2024;17:12;A117;1;1;90;0;0;13;41;8;46;2;1;;;;;;;0;0;0;0;0;0;0;100;0;0;0;0;0;0;0;0;0;0;0;0
16.02.2024;17:11;A117;1;1;45;0;0;18;36;10;24;2;4;;;;;;;0;0;0;0;0;0;0;100;0;0;0;0;0;0;0;0;0;0;0;0
16.02.2024;17:10;A117;1;0;0;0;0;15;17;16;30;2;1;;;;;;;0;0;0;0;0;0;0;100;0;0;0;0;0;0;0;0;0;0;0;0
16.02.2024;17:09;A117;1;0;0;0;0;19;27;20;36;2;1;;;;;;;0;0;0;0;0;0;0;100;0;0;0;0;0;0;0;0;0;0;0;0
16.02.2024;17:08;A117;1;0;0;0;0;18;25;17;39;2;1;;;;;;;0;0;0;0;0;0;0;100;0;0;0;0;0;0;0;0;0;0;0;0
16.02.2024;17:07;A117;1;0;0;0;0;12;16;5;8;0;0;;;;;;;0;0;0;0;1;3;0;100;0;0;0;0;0;0;0;0;0;0;0;0
16.02.2024;17:06;A117;1;0;0;0;0;16;45;15;35;1;0;;;;;;;1;3;1;3;0;0;0;100;0;0;0;0;0;0;0;0;0;0;0;0
16.02.2024;17:05;A117;1;0;0;0;0;17;36;13;25;5;3;;;;;;;0;0;0;0;0;0;0;100;0;0;0;0;0;0;0;0;0;0;0;0
16.02.2024;17:04;A117;1;1;1;0;0;10;52;13;24;0;0;;;;;;;0;0;0;0;0;0;0;100;0;0;0;0;0;0;0;0;0;0;0;0
16.02.2024;17:03;A117;1;0;0;0;0;14;31;13;22;1;1;;;;;;;0;0;0;0;0;0;0;100;0;0;0;0;0;0;0;0;0;0;0;0
16.02.2024;17:02;A117;1;1;91;0;0;16;34;13;14;0;0;;;;;;;0;0;0;0;0;0;0;100;0;0;0;0;0;0;0;0;0;0;0;0
16.02.2024;17:01;A117;1;1;45;0;0;13;53;18;22;0;0;;;;;;;0;0;0;0;0;0;0;100;0;0;0;0;0;0;0;0;0;0;0;0
16.02.2024;17:00;A117;1;0;0;0;0;19;23;14;16;2;2;;;;;;;0;0;0;0;0;0;0;100;0;0;0;0;0;0;0;0;0;0;0;0
16.02.2024;16:59;A117;1;0;0;0;0;17;27;15;20;3;3;;;;;;;0;0;0;0;0;0;0;100;0;0;0;0;0;0;0;0;0;0;0;0
16.02.2024;16:58;A117;1;1;42;0;0;13;35;9;46;0;0;;;;;;;0;0;0;0;0;0;0;100;0;0;0;0;0;0;0;0;0;0;0;0
16.02.2024;16:57;A117;1;1;15;0;0;20;36;16;25;2;1;;;;;;;0;0;0;0;0;0;0;100;0;0;0;0;0;0;0;0;0;0;0;0
16.02.2024;16:56;A117;1;1;75;0;83;14;17;8;10;0;0;;;;;;;0;0;0;0;0;0;0;100;0;0;0;0;0;0;0;0;0;0;0;0
16.02.2024;16:55;A117;1;0;0;2;3;18;19;19;21;2;2;;;;;;;0;0;0;0;0;0;0;100;0;0;0;0;0;0;0;0;0;0;0;0
16.02.2024;16:54;A117;1;0;0;0;0;17;29;17;41;1;0;;;;;;;0;0;0;0;0;0;0;100;0;0;0;0;0;0;0;0;0;0;0;0
16.02.2024;16:53;A117;1;0;0;0;0;15;19;14;19;0;0;;;;;;;0;0;0;0;0;0;0;100;0;0;0;0;0;0;0;0;0;0;0;0
16.02.2024;16:52;A117;1;0;0;0;0;16;40;19;24;1;2;;;;;;;0;0;0;0;0;0;0;100;1;3;0;0;0;0;0;0;0;0;0;0
16.02.2024;16:51;A117;1;0;0;0;0;15;21;9;42;0;0;;;;;;;0;0;0;0;0;0;0;100;0;0;0;0;0;0;0;0;0;0;0;0
16.02.2024;16:50;A117;1;1;55;0;0;18;24;16;26;1;1;;;;;;;0;0;0;0;0;0;0;100;0;0;0;0;0;0;0;0;0;0;0;0
16.02.2024;16:49;A117;1;0;0;0;0;12;25;13;41;0;0;;;;;;;0;0;0;0;0;0;0;100;0;0;0;0;0;0;0;0;0;0;0;0
16.02.2024;16:48;A117;1;0;0;0;0;14;16;12;21;3;1;;;;;;;1;3;1;3;1;3;0;100;0;0;0;0;0;0;0;0;0;0;0;0
16.02.2024;16:47;A117;1;0;0;0;0;17;20;21;25;0;0;;;;;;;0;0;0;0;0;0;0;100;0;0;0;0;0;0;0;0;0;0;0;0
16.02.2024;16:46;A117;1;0;0;0;0;13;34;17;17;0;0;;;;;;;0;0;0;0;0;0;0;100;0;0;0;0;0;0;0;0;0;0;0;0
16.02.2024;16:45;A117;1;0;0;0;0;10;71;17;18;3;2;;;;;;;0;0;0;0;0;0;0;100;0;0;0;0;0;0;0;0;0;0;0;0
16.02.2024;16:44;A117;1;0;0;0;0;16;58;14;13;0;0;;;;;;;0;0;0;0;0;0;0;100;0;0;0;0;0;0;0;0;0;0;0;0
16.02.2024;16:43;A117;1;0;0;0;0;15;39;20;26;1;1;;;;;;;0;0;0;0;0;0;0;100;0;0;0;0;0;0;0;0;0;0;0;0
16.02.2024;16:42;A117;1;0;0;0;0;15;45;16;38;4;3;;;;;;;0;0;0;0;0;0;0;100;0;0;0;0;0;0;0;0;0;0;0;0
16.02.2024;16:41;A117;1;2;69;0;0;15;33;15;20;2;1;;;;;;;0;0;0;0;0;0;0;100;0;0;0;0;0;0;0;0;0;0;0;0
16.02.2024;16:40;A117;1;0;0;0;0;15;19;17;24;4;1;;;;;;;0;0;0;0;0;0;0;100;0;0;0;0;0;0;0;0;0;0;0;0
16.02.2024;16:39;A117;1;0;0;0;0;11;13;14;49;1;1;;;;;;;0;0;0;0;0;0;0;100;0;0;0;0;0;0;0;0;0;0;0;0
16.02.2024;16:38;A117;1;1;87;0;0;7;6;19;30;0;0;;;;;;;0;0;0;0;0;0;0;100;0;0;0;0;0;0;0;0;0;0;0;0
16.02.2024;16:37;A117;1;2;65;0;33;11;10;9;45;0;0;;;;;;;0;0;0;0;0;0;0;100;0;0;0;0;0;0;0;0;0;0;0;0
16.02.2024;16:36;A117;1;1;63;1;98;17;29;13;22;4;5;;;;;;;0;0;0;0;0;0;0;100;0;0;0;0;0;0;0;0;0;0;0;0
16.02.2024;16:35;A117;1;0;0;0;0;15;19;12;22;0;0;;;;;;;0;0;0;0;0;0;0;100;2;4;0;0;0;0;0;0;0;0;0;0
16.02.2024;16:34;A117;1;0;0;0;0;12;12;19;22;4;2;;;;;;;0;0;0;0;0;0;0;100;1;2;0;0;0;0;0;0;0;0;0;0
16.02.2024;16:33;A117;1;0;0;0;0;19;22;9;42;2;1;;;;;;;0;0;0;0;0;0;0;100;0;0;0;0;0;0;0;0;0;0;0;0
16.02.2024;16:32;A117;1;2;70;0;16;8;12;16;28;0;0;;;;;;;0;0;0;0;0;0;0;100;0;0;0;0;0;0;0;0;0;0;0;0
16.02.2024;16:31;A117;1;0;36;1;2;14;52;11;19;0;0;;;;;;;0;0;0;0;0;0;0;100;0;0;0;0;0;0;0;0;0;0;0;0
16.02.2024;16:30;A117;1;1;33;0;0;19;27;18;51;4;3;;;;;;;0;0;0;0;0;0;0;100;0;0;0;0;0;0;0;0;0;0;0;0
16.02.2024;16:29;A117;1;0;0;0;0;16;33;17;26;4;2;;;;;;;0;0;0;0;0;0;0;100;1;2;0;0;0;0;0;0;0;0;0;0
16.02.2024;16:28;A117;1;0;40;0;0;11;17;13;49;0;0;;;;;;;0;0;0;0;0;0;0;100;0;0;0;0;0;0;0;0;0;0;0;0
16.02.2024;16:27;A117;1;1;90;0;0;18;51;13;56;0;0;;;;;;;0;0;0;0;0;0;0;100;1;6;0;0;0;0;0;0;0;0;0;0
16.02.2024;16:26;A117;1;0;0;0;0;17;42;13;25;0;0;;;;;;;0;0;0;0;0;0;0;100;0;0;0;0;0;0;0;0;0;0;0;0
16.02.2024;16:25;A117;1;1;32;0;0;9;10;7;56;2;3;;;;;;;0;0;0;0;0;0;0;100;1;2;0;0;0;0;0;0;0;0;0;0
16.02.2024;16:24;A117;1;0;0;0;0;16;17;15;27;1;1;;;;;;;0;0;0;0;0;0;0;100;0;0;0;0;0;0;0;0;0;0;0;0
16.02.2024;16:23;A117;1;1;95;0;0;15;15;20;28;4;2;;;;;;;0;0;0;0;0;0;0;100;1;2;0;0;0;0;0;0;0;0;0;0
16.02.2024;16:22;A117;1;1;65;0;0;13;15;13;51;3;2;;;;;;;0;0;0;0;0;0;0;100;0;0;0;0;0;0;0;0;0;0;0;0
16.02.2024;16:21;A117;1;1;40;0;0;13;11;14;39;2;1;;;;;;;0;0;0;0;0;0;0;100;0;0;0;0;0;0;0;0;0;0;0;0
16.02.2024;16:20;A117;1;1;1;0;0;11;15;18;28;4;2;;;;;;;0;0;0;0;0;0;0;100;0;0;0;0;0;0;0;0;0;0;0;0
16.02.2024;16:19;A117;1;0;0;0;0;13;15;16;27;3;2;;;;;;;0;0;0;0;0;0;0;100;0;0;0;0;0;0;0;0;0;0;0;0
16.02.2024;16:18;A117;1;0;0;0;0;19;45;13;34;3;1;;;;;;;0;0;0;0;0;0;0;100;0;0;0;0;0;0;0;0;0;0;0;0
16.02.2024;16:17;A117;1;0;92;0;0;16;49;14;20;0;0;;;;;;;0;0;0;0;0;0;0;100;0;0;0;0;0;0;0;0;0;0;0;0
16.02.2024;16:16;A117;1;3;67;0;43;16;54;17;36;1;1;;;;;;;0;0;0;0;0;0;0;100;0;0;0;0;0;0;0;0;0;0;0;0
16.02.2024;16:15;A117;1;0;0;1;14;19;29;16;22;0;0;;;;;;;0;0;0;0;0;0;0;100;0;0;0;0;0;0;0;0;0;0;0;0
16.02.2024;16:14;A117;1;0;0;0;89;19;29;13;30;1;0;;;;;;;0;0;0;0;0;0;0;100;0;0;0;0;0;0;0;0;0;0;0;0
16.02.2024;16:13;A117;1;0;0;1;38;7;85;12;24;0;0;;;;;;;0;0;0;0;0;0;0;100;0;0;0;0;0;0;0;0;0;0;0;0
16.02.2024;16:12;A117;1;0;0;1;76;18;54;15;49;3;3;;;;;;;0;0;0;0;0;0;0;100;0;0;0;0;0;0;0;0;0;0;0;0
16.02.2024;16:11;A117;1;1;7;0;0;18;42;16;25;0;0;;;;;;;0;0;0;0;0;0;0;100;2;11;0;0;0;0;0;0;0;0;0;0
16.02.2024;16:10;A117;1;0;46;0;0;13;66;11;37;2;22;;;;;;;0;0;0;0;0;0;0;100;0;0;0;0;0;0;0;0;0;0;0;0
16.02.2024;16:09;A117;1;1;87;0;0;15;49;15;27;1;1;;;;;;;0;0;0;0;0;0;0;100;0;0;0;0;0;0;0;0;0;0;0;0
16.02.2024;16:08;A117;1;1;57;0;0;14;57;14;20;1;1;;;;;;;0;0;0;0;0;0;0;100;0;0;0;0;0;0;0;0;0;0;0;0
16.02.2024;16:07;A117;1;0;0;0;0;6;84;19;25;1;1;;;;;;;0;0;0;0;0;0;0;100;0;0;0;0;0;0;0;0;0;0;0;0
16.02.2024;16:06;A117;1;0;0;0;0;0;100;14;20;4;2;;;;;;;0;0;0;0;1;3;0;100;0;0;0;0;0;0;0;0;0;0;0;0
16.02.2024;16:05;A117;1;0;88;0;0;0;100;0;0;1;2;;;;;;;0;0;0;0;0;0;0;100;0;0;0;0;0;0;0;0;0;0;0;0
16.02.2024;16:04;A117;1;2;29;0;0;0;100;4;61;1;1;;;;;;;0;0;1;3;0;0;0;100;0;0;0;0;0;0;0;0;0;0;0;0
16.02.2024;16:03;A117;1;1;2;2;1;0;100;10;50;4;13;;;;;;;1;3;0;0;0;0;0;100;0;0;0;0;0;0;0;0;0;0;0;0
16.02.2024;16:02;A117;1;1;89;0;0;13;40;11;15;4;5;;;;;;;0;0;0;0;0;0;0;100;0;0;0;0;0;0;0;0;0;0;0;0
16.02.2024;16:01;A117;1;1;64;0;0;17;22;12;13;9;5;;;;;;;0;0;0;0;0;0;0;100;0;0;0;0;0;0;0;0;0;0;0;0
16.02.2024;16:00;A117;1;0;0;0;0;19;21;16;21;7;4;;;;;;;0;0;0;0;0;0;0;100;0;0;0;0;0;0;0;0;0;0;0;0
16.02.2024;15:59;A117;1;0;0;0;0;18;27;10;10;2;3;;;;;;;0;0;0;0;0;0;0;100;0;0;0;0;0;0;0;0;0;0;0;0
16.02.2024;15:58;A117;1;0;36;0;0;12;19;12;13;2;1;;;;;;;0;0;0;0;0;0;0;100;0;0;0;0;0;0;0;0;0;0;0;0
16.02.2024;15:57;A117;1;1;62;0;0;17;26;20;23;3;1;;;;;;;0;0;0;0;0;0;0;100;0;0;0;0;0;0;0;0;0;0;0;0
16.02.2024;15:56;A117;1;0;0;0;0;23;42;12;15;1;0;;;;;;;0;0;0;0;0;0;0;100;0;0;0;0;0;0;0;0;0;0;0;0
16.02.2024;15:55;A117;1;0;0;0;0;10;12;11;39;1;0;;;;;;;0;0;0;0;0;0;0;100;0;0;0;0;0;0;0;0;0;0;0;0
16.02.2024;15:54;A117;1;0;0;0;0;19;21;17;25;3;1;;;;;;;0;0;0;0;0;0;0;100;1;2;0;0;0;0;0;0;0;0;0;0
16.02.2024;15:53;A117;1;0;0;0;0;15;18;12;22;1;1;;;;;;;0;0;0;0;0;0;0;100;0;0;0;0;0;0;0;0;0;0;0;0
16.02.2024;15:52;A117;1;0;0;0;0;12;11;20;20;1;1;;;;;;;0;0;0;0;0;0;0;100;0;0;0;0;0;0;0;0;0;0;0;0
16.02.2024;15:51;A117;1;0;0;0;0;16;16;13;44;7;4;;;;;;;0;0;0;0;0;0;0;100;0;0;0;0;0;0;0;0;0;0;0;0
16.02.2024;15:50;A117;1;0;0;0;0;16;22;16;42;3;2;;;;;;;0;0;0;0;0;0;0;100;1;2;0;0;0;0;0;0;0;0;0;0
16.02.2024;15:49;A117;1;0;0;0;0;10;13;18;34;2;1;;;;;;;0;0;0;0;0;0;0;100;0;0;0;0;0;0;0;0;0;0;0;0
16.02.2024;15:48;A117;1;0;0;0;0;15;27;9;22;4;2;;;;;;;0;2;1;3;1;3;0;100;0;0;0;0;0;0;0;0;0;0;0;0
16.02.2024;15:47;A117;1;0;0;0;0;16;20;18;21;2;3;;;;;;;1;1;0;0;0;0;0;100;1;2;0;0;0;0;0;0;0;0;0;0
16.02.2024;15:46;A117;1;0;0;0;0;16;15;18;23;2;1;;;;;;;0;0;0;0;0;0;0;100;0;0;0;0;0;0;0;0;0;0;0;0
16.02.2024;15:45;A117;1;0;0;0;0;18;29;16;27;6;4;;;;;;;0;0;0;0;0;0;0;100;0;0;0;0;0;0;0;0;0;0;0;0
16.02.2024;15:44;A117;1;1;37;0;0;13;43;7;15;0;0;;;;;;;0;0;0;0;0;0;0;100;0;1;0;0;0;0;0;0;0;0;0;0
16.02.2024;15:43;A117;1;0;0;0;0;8;12;18;23;0;0;;;;;;;0;0;0;0;0;0;0;100;1;1;0;0;0;0;0;0;0;0;0;0
16.02.2024;15:42;A117;1;0;0;0;0;17;16;20;28;2;2;;;;;;;0;0;0;0;0;0;0;100;0;0;0;0;0;0;0;0;0;0;0;0
16.02.2024;15:41;A117;1;0;0;0;0;16;22;18;25;3;2;;;;;;;0;0;0;0;0;0;0;100;0;0;0;0;0;0;0;0;0;0;0;0
16.02.2024;15:40;A117;1;0;35;0;0;10;15;15;43;0;0;;;;;;;0;0;0;0;0;0;0;100;0;0;0;0;0;0;0;0;0;0;0;0
16.02.2024;15:39;A117;1;0;100;0;0;16;17;14;14;4;1;;;;;;;0;0;0;0;0;0;0;100;0;0;0;0;0;0;0;0;0;0;0;0
16.02.2024;15:38;A117;1;1;33;0;0;21;42;19;36;3;1;;;;;;;0;0;0;0;0;0;0;100;0;0;0;0;0;0;0;0;0;0;0;0
16.02.2024;15:37;A117;1;0;0;0;0;8;13;13;40;3;1;;;;;;;0;0;0;0;0;0;0;100;0;0;0;0;0;0;0;0;0;0;0;0
16.02.2024;15:36;A117;1;0;0;0;2;14;17;13;41;0;0;;;;;;;0;0;0;0;0;0;0;100;0;0;0;0;0;0;0;0;0;0;0;0
16.02.2024;15:35;A117;1;3;86;2;98;15;17;12;15;0;0;;;;;;;0;0;0;0;0;0;0;100;0;0;0;0;0;0;0;0;0;0;0;0
16.02.2024;15:34;A117;1;1;92;0;0;18;24;24;27;1;0;;;;;;;0;0;0;0;0;0;0;100;0;0;0;0;0;0;0;0;0;0;0;0
16.02.2024;15:33;A117;1;0;0;0;0;17;22;11;15;3;1;;;;;;;0;0;0;0;0;0;0;100;0;0;0;0;0;0;0;0;0;0;0;0
16.02.2024;15:32;A117;1;0;0;0;0;18;18;10;11;0;0;;;;;;;0;0;0;0;0;0;0;100;0;0;0;0;0;0;0;0;0;0;0;0
16.02.2024;15:31;A117;1;0;0;0;0;18;19;15;16;1;0;;;;;;;0;0;0;0;0;0;0;100;0;0;0;0;0;0;0;0;0;0;0;0
16.02.2024;15:30;A117;1;0;0;0;0;12;15;14;24;6;3;;;;;;;0;0;0;0;0;0;0;100;0;0;0;0;0;0;0;0;0;0;0;0
16.02.2024;15:29;A117;1;1;77;0;0;13;14;11;17;0;0;;;;;;;0;0;0;0;0;0;0;100;0;0;0;0;0;0;0;0;0;0;0;0
16.02.2024;15:28;A117;1;0;38;0;0;12;22;16;26;0;0;;;;;;;0;0;0;0;0;0;0;100;0;0;0;0;0;0;0;0;0;0;0;0
16.02.2024;15:27;A117;1;0;100;0;0;20;25;9;9;2;1;;;;;;;0;0;0;0;0;0;0;100;0;0;0;0;0;0;0;0;0;0;0;0
16.02.2024;15:26;A117;1;1;23;0;0;19;23;15;15;7;3;;;;;;;0;0;0;0;0;0;0;100;0;0;0;0;0;0;0;0;0;0;0;0
16.02.2024;15:25;A117;1;0;0;0;0;15;15;18;19;2;1;;;;;;;0;0;0;0;0;0;0;100;0;0;0;0;0;0;0;0;0;0;0;0
16.02.2024;15:24;A117;1;0;0;0;0;16;21;19;24;2;4;;;;;;;0;0;0;0;0;0;0;100;0;0;0;0;0;0;0;0;0;0;0;0
16.02.2024;15:23;A117;1;0;0;0;0;18;30;16;19;1;1;;;;;;;0;0;0;0;0;0;0;100;0;0;0;0;0;0;0;0;0;0;0;0
16.02.2024;15:22;A117;1;0;36;0;0;11;69;15;28;0;0;;;;;;;0;0;0;0;0;0;0;100;0;0;0;0;0;0;0;0;0;0;0;0
16.02.2024;15:21;A117;1;1;25;0;0;18;48;15;53;7;6;;;;;;;0;0;0;0;0;0;0;100;0;0;0;0;0;0;0;0;0;0;0;0
16.02.2024;15:20;A117;1;1;3;0;0;18;38;20;35;1;3;;;;;;;0;0;0;0;0;0;0;100;0;0;0;0;0;0;0;0;0;0;0;0
16.02.2024;15:19;A117;1;0;0;0;0;13;45;10;20;0;0;;;;;;;0;0;0;0;1;3;0;100;1;3;0;0;0;0;0;0;0;0;0;0
16.02.2024;15:18;A117;1;0;0;0;0;20;35;16;57;1;15;;;;;;;1;3;1;3;0;0;0;100;0;0;0;0;0;0;0;0;0;0;0;0
16.02.2024;15:17;A117;1;0;0;0;0;17;28;19;35;2;8;;;;;;;0;0;0;0;0;0;0;100;1;3;0;0;0;0;0;0;0;0;0;0
16.02.2024;15:16;A117;1;0;37;0;0;13;67;11;35;2;1;;;;;;;0;0;0;0;0;0;0;100;0;0;0;0;0;0;0;0;0;0;0;0
16.02.2024;15:15;A117;1;1;51;0;0;23;29;15;18;2;1;;;;;;;0;0;0;0;0;0;0;100;3;34;0;0;0;0;0;0;0;0;0;0
16.02.2024;15:14;A117;1;0;0;0;0;19;48;22;25;0;0;;;;;;;0;0;0;0;0;0;0;100;0;0;0;0;0;0;0;0;0;0;0;0
16.02.2024;15:13;A117;1;1;31;0;0;13;17;10;23;0;0;;;;;;;0;0;0;0;0;0;0;100;1;2;0;0;0;0;0;0;0;0;0;0
16.02.2024;15:12;A117;1;0;0;0;0;17;27;18;33;4;3;;;;;;;0;0;0;0;0;0;0;100;0;0;0;0;0;0;0;0;0;0;0;0
16.02.2024;15:11;A117;1;0;0;0;0;17;23;10;18;2;1;;;;;;;0;0;0;0;0;0;0;100;0;0;0;0;0;0;0;0;0;0;0;0
16.02.2024;15:10;A117;1;0;37;0;0;14;22;14;26;0;0;;;;;;;0;0;0;0;0;0;0;100;0;0;0;0;0;0;0;0;0;0;0;0
16.02.2024;15:09;A117;1;1;76;0;0;19;45;10;29;3;2;;;;;;;0;0;0;0;0;0;0;100;0;0;0;0;0;0;0;0;0;0;0;0
16.02.2024;15:08;A117;1;0;0;0;0;17;48;9;15;0;0;;;;;;;0;0;0;0;0;0;0;100;0;0;0;0;0;0;0;0;0;0;0;0
16.02.2024;15:07;A117;1;0;0;0;0;19;45;15;16;1;0;;;;;;;0;0;0;0;0;0;0;100;1;4;0;0;0;0;0;0;0;0;0;0
16.02.2024;15:06;A117;1;0;0;0;0;4;88;17;37;8;5;;;;;;;0;0;0;0;0;0;0;100;0;0;0;0;0;0;0;0;0;0;0;0
16.02.2024;15:05;A117;1;1;20;0;0;0;100;8;23;1;1;;;;;;;0;0;1;3;1;3;0;100;0;0;0;0;0;0;0;0;0;0;0;0
16.02.2024;15:04;A117;1;0;0;0;0;0;100;10;9;6;4;;;;;;;1;3;0;0;0;0;0;100;1;2;0;0;0;0;0;0;0;0;0;0
16.02.2024;15:03;A117;1;0;0;0;0;0;100;10;14;1;0;;;;;;;0;0;0;0;0;0;0;100;0;0;0;0;0;0;0;0;0;0;0;0
16.02.2024;15:02;A117;1;1;68;0;0;0;100;7;7;1;1;;;;;;;0;0;0;0;0;0;0;100;0;0;0;0;0;0;0;0;0;0;0;0
16.02.2024;15:01;A117;1;0;38;0;0;0;100;19;44;2;3;;;;;;;0;0;0;0;0;0;0;100;0;0;0;0;0;0;0;0;0;0;0;0
16.02.2024;15:00;A117;1;1;70;0;0;0;100;15;47;0;0;;;;;;;0;0;0;0;0;0;0;100;0;0;0;0;0;0;0;0;0;0;0;0
16.02.2024;14:59;A117;1;1;88;0;0;0;100;12;18;1;0;;;;;;;0;0;0;0;0;0;0;100;0;0;0;0;0;0;0;0;0;0;0;0
16.02.2024;14:58;A117;1;1;75;0;0;0;100;13;26;1;0;;;;;;;0;0;0;0;0;0;0;100;0;0;0;0;0;0;0;0;0;0;0;0
16.02.2024;14:57;A117;1;1;83;0;0;0;100;22;26;2;1;;;;;;;0;0;0;0;0;0;0;100;0;0;0;0;0;0;0;0;0;0;0;0
16.02.2024;14:56;A117;1;0;0;0;0;20;47;11;14;0;0;;;;;;;0;0;0;0;0;0;0;100;0;0;0;0;0;0;0;0;0;0;0;0
16.02.2024;14:55;A117;1;0;0;0;0;14;49;19;25;1;0;;;;;;;0;0;0;0;0;0;0;100;0;0;0;0;0;0;0;0;0;0;0;0
16.02.2024;14:54;A117;1;0;0;0;0;15;43;20;26;0;0;;;;;;;0;0;0;0;0;0;0;100;0;0;0;0;0;0;0;0;0;0;0;0
16.02.2024;14:53;A117;1;0;0;0;0;22;23;13;22;1;1;;;;;;;0;0;1;3;1;3;0;100;0;0;0;0;0;0;0;0;0;0;0;0
16.02.2024;14:52;A117;1;1;39;0;0;12;62;13;46;3;1;;;;;;;1;3;0;0;0;0;0;100;0;0;0;0;0;0;0;0;0;0;0;0
16.02.2024;14:51;A117;1;1;67;0;0;14;63;14;20;1;0;;;;;;;0;0;0;0;0;0;0;100;0;0;0;0;0;0;0;0;0;0;0;0
16.02.2024;14:50;A117;1;0;0;0;0;15;58;17;28;2;1;;;;;;;0;0;0;0;0;0;0;100;0;0;0;0;0;0;0;0;0;0;0;0
16.02.2024;14:49;A117;1;2;44;0;0;11;70;11;37;0;0;;;;;;;0;0;0;0;0;0;0;100;0;0;0;0;0;0;0;0;0;0;0;0
16.02.2024;14:48;A117;1;0;100;0;0;20;46;19;25;0;0;;;;;;;0;0;0;0;0;0;0;100;0;0;0;0;0;0;0;0;0;0;0;0
16.02.2024;14:47;A117;1;1;26;0;0;17;36;15;22;0;0;;;;;;;0;0;0;0;0;0;0;100;0;0;0;0;0;0;0;0;0;0;0;0
16.02.2024;14:46;A117;1;0;36;0;0;8;75;9;25;0;0;;;;;;;0;0;0;0;0;0;0;100;0;0;0;0;0;0;0;0;0;0;0;0
16.02.2024;14:45;A117;1;1;27;0;0;18;26;14;40;3;2;;;;;;;0;0;0;0;0;0;0;100;1;4;0;0;0;0;0;0;0;0;0;0
16.02.2024;14:44;A117;1;0;0;0;0;18;23;12;14;0;0;;;;;;;0;0;0;0;0;0;0;100;0;0;0;0;0;0;0;0;0;0;0;0
16.02.2024;14:43;A117;1;2;37;0;0;6;19;9;16;5;4;;;;;;;0;0;0;0;0;0;0;100;0;0;0;0;0;0;0;0;0;0;0;0
16.02.2024;14:42;A117;1;0;100;0;0;14;14;18;21;9;4;;;;;;;0;0;0;0;0;0;0;100;0;0;0;0;0;0;0;0;0;0;0;0
16.02.2024;14:41;A117;1;1;29;0;0;16;27;17;19;4;3;;;;;;;0;0;0;0;0;0;0;100;0;0;0;0;0;0;0;0;0;0;0;0
16.02.2024;14:40;A117;1;0;0;0;0;13;29;13;21;2;3;;;;;;;0;0;0;0;0;0;0;100;0;0;0;0;0;0;0;0;0;0;0;0
16.02.2024;14:39;A117;1;0;0;0;0;13;31;18;22;3;2;;;;;;;0;0;0;0;0;0;0;100;0;0;0;0;0;0;0;0;0;0;0;0
16.02.2024;14:38;A117;1;0;0;0;0;21;24;15;33;7;4;;;;;;;0;0;0;0;0;0;0;100;0;0;0;0;0;0;0;0;0;0;0;0
16.02.2024;14:37;A117;1;1;1;0;35;13;14;10;16;0;0;;;;;;;0;0;0;0;0;0;0;100;0;0;0;0;0;0;0;0;0;0;0;0
16.02.2024;14:36;A117;1;0;0;1;34;15;20;17;54;4;3;;;;;;;0;0;0;0;0;0;0;100;0;0;0;0;0;0;0;0;0;0;0;0
16.02.2024;14:35;A117;1;0;0;0;0;13;17;14;21;0;0;;;;;;;0;0;0;0;0;0;0;100;0;0;0;0;0;0;0;0;0;0;0;0
16.02.2024;14:34;A117;1;0;0;0;0;16;20;17;21;3;2;;;;;;;0;0;0;0;0;0;0;100;1;2;0;0;0;0;0;0;0;0;0;0
16.02.2024;14:33;A117;1;0;0;0;0;21;21;15;40;2;1;;;;;;;0;0;0;0;0;0;0;100;0;0;0;0;0;0;0;0;0;0;0;0
16.02.2024;14:32;A117;1;0;85;0;0;12;21;17;27;2;1;;;;;;;0;0;0;0;0;0;0;100;0;0;0;0;0;0;0;0;0;0;0;0
16.02.2024;14:31;A117;1;2;49;0;46;6;6;11;32;0;0;;;;;;;0;0;0;0;0;0;0;100;0;0;0;0;0;0;0;0;0;0;0;0
16.02.2024;14:30;A117;1;1;79;1;52;7;61;11;40;1;0;;;;;;;0;0;0;0;0;0;0;100;0;0;0;0;0;0;0;0;0;0;0;0
16.02.2024;14:29;A117;1;1;48;0;0;0;100;14;16;2;3;;;;;;;0;0;0;0;0;0;0;100;0;0;0;0;0;0;0;0;0;0;0;0
16.02.2024;14:28;A117;1;0;0;0;0;14;38;12;16;5;2;;;;;;;0;0;0;0;0;0;0;100;0;0;0;0;0;0;0;0;0;0;0;0
16.02.2024;14:27;A117;1;0;0;0;0;16;42;16;44;0;0;;;;;;;0;0;0;0;0;0;0;100;0;0;0;0;0;0;0;0;0;0;0;0
16.02.2024;14:26;A117;1;1;85;1;35;17;28;11;20;1;2;;;;;;;0;0;0;0;0;0;0;100;0;0;0;0;0;0;0;0;0;0;0;0
16.02.2024;14:25;A117;1;0;0;0;0;11;48;12;12;1;2;;;;;;;0;0;0;0;0;0;0;100;0;0;0;0;0;0;0;0;0;0;0;0
16.02.2024;14:24;A117;1;0;0;0;0;16;45;11;40;2;3;;;;;;;0;0;0;0;0;0;0;100;0;0;0;0;0;0;0;0;0;0;0;0
16.02.2024;14:23;A117;1;0;0;0;0;18;29;16;27;0;0;;;;;;;0;0;0;0;0;0;0;100;0;0;0;0;0;0;0;0;0;0;0;0
16.02.2024;14:22;A117;1;1;38;0;0;12;17;12;57;0;0;;;;;;;0;0;0;0;0;0;0;100;0;0;0;0;0;0;0;0;0;0;0;0
16.02.2024;14:21;A117;1;1;70;0;0;16;18;12;17;1;0;;;;;;;0;0;0;0;0;0;0;100;0;0;0;0;0;0;0;0;0;0;0;0
16.02.2024;14:20;A117;1;1;17;0;0;15;17;6;6;4;1;;;;;;;0;0;0;0;0;0;0;100;0;0;0;0;0;0;0;0;0;0;0;0
16.02.2024;14:19;A117;1;0;0;0;0;21;46;16;17;0;0;;;;;;;0;0;0;0;0;0;0;100;0;0;0;0;0;0;0;0;0;0;0;0
16.02.2024;14:18;A117;1;0;0;0;0;18;28;15;51;7;2;;;;;;;0;0;0;0;0;0;0;100;0;0;0;0;0;0;0;0;0;0;0;0
16.02.2024;14:17;A117;1;0;85;0;0;20;36;20;42;1;0;;;;;;;0;0;0;0;0;0;0;100;1;2;0;0;0;0;0;0;0;0;0;0
16.02.2024;14:16;A117;1;2;97;0;0;11;24;8;17;3;36;;;;;;;1;3;1;3;1;3;0;100;0;0;0;0;0;0;0;0;0;0;0;0
16.02.2024;14:15;A117;1;0;100;0;0;21;45;22;36;4;4;;;;;;;0;0;0;0;0;0;0;100;0;0;0;0;0;0;0;0;0;0;0;0
16.02.2024;14:14;A117;1;1;18;0;0;19;38;17;20;0;0;;;;;;;0;0;0;0;0;0;0;100;0;0;0;0;0;0;0;0;0;0;0;0
16.02.2024;14:13;A117;1;0;0;0;36;13;63;14;28;1;2;;;;;;;0;0;0;0;0;0;0;100;0;0;0;0;0;0;0;0;0;0;0;0
16.02.2024;14:12;A117;1;0;0;1;67;16;48;12;38;0;0;;;;;;;0;0;0;0;0;0;0;100;0;0;0;0;0;0;0;0;0;0;0;0
16.02.2024;14:11;A117;1;2;96;0;0;18;26;14;22;0;0;;;;;;;0;0;0;0;0;0;0;100;0;0;0;0;0;0;0;0;0;0;0;0
16.02.2024;14:10;A117;1;1;53;0;0;10;13;13;22;1;1;;;;;;;0;0;0;0;0;0;0;100;1;2;0;0;0;0;0;0;0;0;0;0
16.02.2024;14:09;A117;1;0;0;0;0;19;26;17;21;6;6;;;;;;;0;0;0;0;0;0;0;100;0;0;0;0;0;0;0;0;0;0;0;0
16.02.2024;14:08;A117;1;0;0;0;0;12;17;19;20;5;4;;;;;;;0;0;0;0;0;0;0;100;0;0;0;0;0;0;0;0;0;0;0;0
16.02.2024;14:07;A117;1;2;38;0;0;11;15;14;43;0;0;;;;;;;0;0;0;0;0;0;0;100;0;0;0;0;0;0;0;0;0;0;0;0
16.02.2024;14:06;A117;1;1;44;0;0;19;25;16;26;3;3;;;;;;;0;0;0;0;1;3;0;100;0;0;0;0;0;0;0;0;0;0;0;0
16.02.2024;14:05;A117;1;1;91;0;0;14;16;2;4;0;0;;;;;;;1;3;1;3;0;0;0;100;0;0;0;0;0;0;0;0;0;0;0;0
16.02.2024;14:04;A117;1;1;54;0;0;14;13;11;12;5;3;;;;;;;0;0;0;0;0;0;0;100;0;0;0;0;0;0;0;0;0;0;0;0
16.02.2024;14:03;A117;1;0;0;0;0;8;11;13;24;1;1;;;;;;;0;0;0;0;0;0;0;100;0;0;0;0;0;0;0;0;0;0;0;0
16.02.2024;14:02;A117;1;0;0;0;0;14;18;14;17;1;0;;;;;;;0;0;0;0;0;0;0;100;0;0;0;0;0;0;0;0;0;0;0;0
16.02.2024;14:01;A117;1;0;41;0;0;14;40;15;41;1;0;;;;;;;0;0;0;0;0;0;0;100;0;0;0;0;0;0;0;0;0;0;0;0
16.02.2024;14:00;A117;1;1;23;0;0;19;25;21;24;4;2;;;;;;;0;0;0;0;0;0;0;100;0;0;0;0;0;0;0;0;0;0;0;0
16.02.2024;13:59;A117;1;0;0;0;0;15;19;13;18;3;2;;;;;;;0;0;0;0;0;0;0;100;0;0;0;0;0;0;0;0;0;0;0;0
16.02.2024;13:58;A117;1;0;0;0;0;7;8;16;19;2;2;;;;;;;0;0;0;0;0;0;0;100;0;0;0;0;0;0;0;0;0;0;0;0
16.02.2024;13:57;A117;1;0;0;0;0;15;44;23;28;6;3;;;;;;;0;0;0;0;0;0;0;100;0;0;0;0;0;0;0;0;0;0;0;0
16.02.2024;13:56;A117;1;0;0;0;0;0;100;14;17;0;0;;;;;;;0;0;0;0;0;0;0;100;0;0;0;0;0;0;0;0;0;0;0;0
16.02.2024;13:55;A117;1;0;34;1;6;8;43;12;40;0;0;;;;;;;0;0;0;0;0;0;0;100;0;0;0;0;0;0;0;0;0;0;0;0
16.02.2024;13:54;A117;1;1;48;0;0;15;17;12;14;1;0;;;;;;;0;0;0;0;0;0;0;100;0;0;0;0;0;0;0;0;0;0;0;0
16.02.2024;13:53;A117;1;0;0;0;0;18;27;15;14;3;3;;;;;;;0;0;0;0;0;0;0;100;1;2;0;0;0;0;0;0;0;0;0;0
16.02.2024;13:52;A117;1;0;0;0;0;13;18;19;24;0;0;;;;;;;0;0;0;0;0;0;0;100;0;0;0;0;0;0;0;0;0;0;0;0
16.02.2024;13:51;A117;1;0;0;0;0;18;21;6;5;3;2;;;;;;;0;0;0;0;0;0;0;100;0;0;0;0;0;0;0;0;0;0;0;0
16.02.2024;13:50;A117;1;0;0;0;0;18;26;13;23;1;1;;;;;;;1;3;1;3;1;3;0;100;0;0;0;0;0;0;0;0;0;0;0;0
16.02.2024;13:49;A117;1;1;37;0;0;5;28;9;43;2;1;;;;;;;0;0;0;0;0;0;0;100;0;0;0;0;0;0;0;0;0;0;0;0
16.02.2024;13:48;A117;1;1;69;0;0;7;82;10;10;0;0;;;;;;;0;0;0;0;0;0;0;100;0;0;0;0;0;0;0;0;0;0;0;0
16.02.2024;13:47;A117;1;0;0;0;0;16;51;11;13;0;0;;;;;;;0;0;0;0;0;0;0;100;0;0;0;0;0;0;0;0;0;0;0;0
16.02.2024;13:46;A117;1;1;34;0;0;13;57;9;32;1;1;;;;;;;0;0;0;0;0;0;0;100;0;0;0;0;0;0;0;0;0;0;0;0
16.02.2024;13:45;A117;1;1;54;0;0;24;38;17;22;1;0;;;;;;;0;0;0;0;0;0;0;100;0;0;0;0;0;0;0;0;0;0;0;0
16.02.2024;13:44;A117;1;0;0;0;0;19;51;13;29;3;2;;;;;;;0;0;0;0;0;0;0;100;0;0;0;0;0;0;0;0;0;0;0;0
16.02.2024;13:43;A117;1;2;45;0;0;11;67;10;26;0;0;;;;;;;0;0;0;0;0;0;0;100;0;0;0;0;0;0;0;0;0;0;0;0
16.02.2024;13:42;A117;1;1;7;0;0;18;44;12;38;2;1;;;;;;;0;0;0;0;0;0;0;100;0;0;0;0;0;0;0;0;0;0;0;0
16.02.2024;13:41;A117;1;2;88;1;80;16;43;14;19;2;5;;;;;;;0;0;0;0;0;0;0;100;0;0;0;0;0;0;0;0;0;0;0;0
16.02.2024;13:40;A117;1;1;65;1;1;15;50;18;19;1;0;;;;;;;0;0;0;0;0;0;0;100;0;0;0;0;0;0;0;0;0;0;0;0
16.02.2024;13:39;A117;1;0;0;0;0;18;55;16;27;4;3;;;;;;;0;0;0;0;0;0;0;100;0;0;0;0;0;0;0;0;0;0;0;0
16.02.2024;13:38;A117;1;0;0;1;50;17;37;16;29;0;0;;;;;;;0;0;0;0;0;0;0;100;0;0;0;0;0;0;0;0;0;0;0;0
16.02.2024;13:37;A117;1;0;35;0;36;11;41;14;28;0;0;;;;;;;0;0;0;0;0;0;0;100;2;6;0;0;0;0;0;0;0;0;0;0
16.02.2024;13:36;A117;1;0;100;1;22;11;66;18;26;9;6;;;;;;;0;0;0;0;0;0;0;100;2;3;0;0;0;0;0;0;0;0;0;0
16.02.2024;13:35;A117;1;1;96;2;5;0;100;12;24;2;3;;;;;;;0;0;0;0;0;0;0;100;0;0;0;0;0;0;0;0;0;0;0;0
16.02.2024;13:34;A117;1;1;63;0;0;4;88;10;37;0;0;;;;;;;0;0;0;0;0;0;0;100;0;0;0;0;0;0;0;0;0;0;0;0
16.02.2024;13:33;A117;1;1;62;0;0;21;37;18;24;1;1;;;;;;;0;0;0;0;0;0;0;100;1;3;0;0;0;0;0;0;0;0;0;0
16.02.2024;13:32;A117;1;0;0;0;0;18;49;13;14;0;0;;;;;;;0;0;0;0;0;0;0;100;0;0;0;0;0;0;0;0;0;0;0;0
16.02.2024;13:31;A117;1;0;0;0;0;21;37;12;12;2;4;;;;;;;0;0;0;0;0;0;0;100;0;0;0;0;0;0;0;0;0;0;0;0
16.02.2024;13:30;A117;1;0;0;0;0;14;53;9;26;8;6;;;;;;;0;0;0;0;0;0;0;100;0;0;0;0;0;0;0;0;0;0;0;0
16.02.2024;13:29;A117;1;0;0;0;0;19;32;13;19;1;1;;;;;;;0;0;0;0;0;0;0;100;0;0;0;0;0;0;0;0;0;0;0;0
16.02.2024;13:28;A117;1;1;2;0;0;14;60;14;37;0;0;;;;;;;0;0;0;0;0;0;0;100;0;0;0;0;0;0;0;0;0;0;0;0
16.02.2024;13:27;A117;1;0;0;0;2;17;22;13;13;3;2;;;;;;;0;0;0;0;0;0;0;100;0;0;0;0;0;0;0;0;0;0;0;0
16.02.2024;13:26;A117;1;0;0;1;42;18;23;20;23;1;1;;;;;;;0;0;0;0;0;0;0;100;0;0;0;0;0;0;0;0;0;0;0;0
16.02.2024;13:25;A117;1;0;0;0;0;13;17;19;24;1;0;;;;;;;0;0;0;0;0;0;0;100;0;0;0;0;0;0;0;0;0;0;0;0
16.02.2024;13:24;A117;1;0;0;0;0;16;18;11;24;5;3;;;;;;;0;0;0;0;0;0;0;100;0;0;0;0;0;0;0;0;0;0;0;0
16.02.2024;13:23;A117;1;0;88;0;0;10;43;7;9;2;1;;;;;;;0;0;0;0;0;0;0;100;0;0;0;0;0;0;0;0;0;0;0;0
16.02.2024;13:22;A117;1;1;6;1;5;10;59;13;18;1;0;;;;;;;0;0;0;0;0;0;0;100;0;0;0;0;0;0;0;0;0;0;0;0
16.02.2024;13:21;A117;1;0;0;0;0;20;31;7;13;3;1;;;;;;;1;3;1;3;1;3;0;100;0;0;0;0;0;0;0;0;0;0;0;0
16.02.2024;13:20;A117;1;0;0;0;0;9;12;10;11;2;1;;;;;;;0;0;0;0;0;0;0;100;0;0;0;0;0;0;0;0;0;0;0;0
16.02.2024;13:19;A117;1;0;0;0;0;12;14;19;23;1;0;;;;;;;0;0;0;0;0;0;0;100;0;0;0;0;0;0;0;0;0;0;0;0
16.02.2024;13:18;A117;1;0;0;0;0;15;20;13;16;7;3;;;;;;;0;0;0;0;0;0;0;100;0;0;0;0;0;0;0;0;0;0;0;0
16.02.2024;13:17;A117;1;0;0;0;0;14;13;14;16;2;1;;;;;;;0;0;0;0;0;0;0;100;0;0;0;0;0;0;0;0;0;0;0;0
16.02.2024;13:16;A117;1;0;0;0;0;14;18;21;23;5;4;;;;;;;0;0;0;0;0;0;0;100;0;0;0;0;0;0;0;0;0;0;0;0
16.02.2024;13:15;A117;1;0;0;0;0;18;27;16;46;1;0;;;;;;;0;0;0;0;0;0;0;100;0;0;0;0;0;0;0;0;0;0;0;0
16.02.2024;13:14;A117;1;1;13;0;0;12;15;16;22;2;1;;;;;;;0;0;0;0;0;0;0;100;0;0;0;0;0;0;0;0;0;0;0;0
16.02.2024;13:13;A117;1;0;0;0;0;14;17;21;34;3;1;;;;;;;0;0;0;0;0;0;0;100;0;0;0;0;0;0;0;0;0;0;0;0
16.02.2024;13:12;A117;1;0;0;0;0;17;21;20;40;2;4;;;;;;;0;0;0;0;0;0;0;100;0;0;0;0;0;0;0;0;0;0;0;0
16.02.2024;13:11;A117;1;0;92;0;96;19;32;12;14;1;1;;;;;;;0;0;0;0;0;0;0;100;0;0;0;0;0;0;0;0;0;0;0;0
16.02.2024;13:10;A117;1;1;94;1;41;13;50;20;23;1;0;;;;;;;0;0;0;0;0;0;0;100;0;0;0;0;0;0;0;0;0;0;0;0
16.02.2024;13:09;A117;1;0;0;0;0;17;49;15;29;0;0;;;;;;;0;0;0;0;0;0;0;100;0;0;0;0;0;0;0;0;0;0;0;0
16.02.2024;13:08;A117;1;1;72;0;0;16;39;15;21;1;1;;;;;;;0;0;0;0;0;0;0;100;0;0;0;0;0;0;0;0;0;0;0;0
16.02.2024;13:07;A117;1;2;43;0;0;12;19;12;35;2;1;;;;;;;1;3;1;3;1;3;0;100;0;0;0;0;0;0;0;0;0;0;0;0
16.02.2024;13:06;A117;1;1;94;0;0;16;37;10;40;9;8;;;;;;;0;0;0;0;0;0;0;100;0;0;0;0;0;0;0;0;0;0;0;0
16.02.2024;13:05;A117;1;0;85;0;0;11;19;15;23;4;4;;;;;;;0;0;0;0;0;0;0;100;0;0;0;0;0;0;0;0;0;0;0;0
16.02.2024;13:04;A117;1;1;47;0;0;12;23;16;37;3;4;;;;;;;0;0;0;0;0;0;0;100;0;0;0;0;0;0;0;0;0;0;0;0
16.02.2024;13:03;A117;1;1;30;0;0;13;18;3;7;5;4;;;;;;;0;0;0;0;0;0;0;100;0;0;0;0;0;0;0;0;0;0;0;0
16.02.2024;13:02;A117;1;0;0;0;0;20;27;15;14;4;3;;;;;;;0;0;0;0;0;0;0;100;0;0;0;0;0;0;0;0;0;0;0;0
16.02.2024;13:01;A117;1;0;0;0;0;15;17;6;5;1;0;;;;;;;0;0;0;0;0;0;0;100;0;0;0;0;0;0;0;0;0;0;0;0
16.02.2024;13:00;A117;1;0;0;0;0;18;42;12;13;2;1;;;;;;;0;0;0;0;0;0;0;100;0;0;0;0;0;0;0;0;0;0;0;0
16.02.2024;12:59;A117;1;1;91;0;0;17;31;14;17;6;3;;;;;;;0;0;0;0;0;0;0;100;0;0;0;0;0;0;0;0;0;0;0;0
16.02.2024;12:58;A117;1;1;54;0;0;15;50;15;17;2;1;;;;;;;0;0;0;0;0;0;0;100;0;0;0;0;0;0;0;0;0;0;0;0
16.02.2024;12:57;A117;1;0;0;0;0;17;33;12;32;2;4;;;;;;;0;0;0;0;0;0;0;100;0;0;0;0;0;0;0;0;0;0;0;0
16.02.2024;12:56;A117;1;1;61;1;24;17;29;17;22;0;0;;;;;;;0;0;0;0;0;0;0;100;0;0;0;0;0;0;0;0;0;0;0;0
16.02.2024;12:55;A117;1;0;0;0;41;12;27;11;36;2;3;;;;;;;0;0;0;0;0;0;0;100;0;0;0;0;0;0;0;0;0;0;0;0
16.02.2024;12:54;A117;1;0;0;1;66;25;29;21;36;1;1;;;;;;;0;0;0;0;0;0;0;100;0;0;0;0;0;0;0;0;0;0;0;0
16.02.2024;12:53;A117;1;1;49;0;94;4;5;9;10;1;1;;;;;;;0;0;0;0;0;0;0;100;0;0;0;0;0;0;0;0;0;0;0;0
16.02.2024;12:52;A117;1;0;0;1;58;9;12;25;29;3;2;;;;;;;0;0;0;0;0;0;0;100;0;0;0;0;0;0;0;0;0;0;0;0
16.02.2024;12:51;A117;1;0;0;0;0;12;15;17;37;0;15;;;;;;;0;0;0;0;0;0;0;100;0;0;0;0;0;0;0;0;0;0;0;0
16.02.2024;12:50;A117;1;0;92;0;0;16;19;18;23;1;2;;;;;;;0;0;0;0;0;0;0;100;0;0;0;0;0;0;0;0;0;0;0;0
16.02.2024;12:49;A117;1;1;16;0;36;11;21;14;27;0;0;;;;;;;0;0;0;0;0;0;0;100;0;0;0;0;0;0;0;0;0;0;0;0
16.02.2024;12:48;A117;1;0;0;1;86;24;31;18;21;1;0;;;;;;;0;0;0;0;0;0;0;100;0;0;0;0;0;0;0;0;0;0;0;0
16.02.2024;12:47;A117;1;0;0;0;0;14;17;21;25;5;3;;;;;;;0;0;0;0;0;0;0;100;0;0;0;0;0;0;0;0;0;0;0;0
16.02.2024;12:46;A117;1;0;0;0;4;7;8;5;80;1;2;;;;;;;0;0;0;0;0;0;0;100;0;0;0;0;0;0;0;0;0;0;0;0
16.02.2024;12:45;A117;1;0;0;1;5;19;22;12;36;1;1;;;;;;;0;0;0;0;0;0;0;100;0;0;0;0;0;0;0;0;0;0;0;0
16.02.2024;12:44;A117;1;0;0;0;0;13;13;11;57;0;0;;;;;;;0;0;0;0;0;0;0;100;0;0;0;0;0;0;0;0;0;0;0;0
16.02.2024;12:43;A117;1;0;0;0;0;9;16;13;60;3;4;;;;;;;0;0;0;0;0;0;0;100;0;0;0;0;0;0;0;0;0;0;0;0
16.02.2024;12:42;A117;1;0;0;0;0;11;18;0;100;2;1;;;;;;;0;0;0;0;0;0;0;100;0;0;0;0;0;0;0;0;0;0;0;0
16.02.2024;12:41;A117;1;0;0;0;0;13;17;1;96;0;0;;;;;;;0;0;0;0;0;0;0;100;0;0;0;0;0;0;0;0;0;0;0;0
16.02.2024;12:40;A117;1;0;37;0;0;7;9;6;78;2;1;;;;;;;0;0;0;0;0;0;0;100;0;0;0;0;0;0;0;0;0;0;0;0
16.02.2024;12:39;A117;1;1;34;0;0;23;27;19;40;0;0;;;;;;;0;0;0;0;0;0;0;100;0;0;0;0;0;0;0;0;0;0;0;0
16.02.2024;12:38;A117;1;0;0;0;0;15;24;20;38;2;1;;;;;;;0;0;0;0;0;0;0;100;0;0;0;0;0;0;0;0;0;0;0;0
16.02.2024;12:37;A117;1;0;0;0;0;0;100;9;54;4;18;;;;;;;0;0;0;0;0;0;0;100;0;0;0;0;0;0;0;0;0;0;0;0
16.02.2024;12:36;A117;1;0;0;0;0;0;100;17;42;7;6;;;;;;;0;0;0;0;0;0;0;100;1;2;0;0;0;0;0;0;0;0;0;0
16.02.2024;12:35;A117;1;1;87;0;0;0;100;12;17;4;2;;;;;;;0;0;0;0;0;0;0;100;0;0;0;0;0;0;0;0;0;0;0;0
16.02.2024;12:34;A117;1;1;97;0;0;0;100;16;23;5;3;;;;;;;0;0;0;0;0;0;0;100;0;0;0;0;0;0;0;0;0;0;0;0
16.02.2024;12:33;A117;1;0;0;0;0;0;100;14;13;1;1;;;;;;;0;0;0;0;0;0;0;100;0;0;0;0;0;0;0;0;0;0;0;0
16.02.2024;12:32;A117;1;0;0;0;0;0;100;17;18;1;0;;;;;;;0;0;0;0;0;0;0;100;0;0;0;0;0;0;0;0;0;0;0;0
16.02.2024;12:31;A117;1;0;44;1;30;4;62;14;26;4;3;;;;;;;0;0;0;0;0;0;0;100;1;2;0;0;0;0;0;0;0;0;0;0
16.02.2024;12:30;A117;1;1;6;0;0;16;17;12;12;0;0;;;;;;;0;0;0;0;0;0;0;100;2;4;0;0;0;0;0;0;0;0;0;0
16.02.2024;12:29;A117;1;0;0;0;0;14;21;13;15;3;1;;;;;;;0;0;0;0;0;0;0;100;0;0;0;0;0;0;0;0;0;0;0;0
16.02.2024;12:28;A117;1;0;0;0;0;17;37;10;15;3;3;;;;;;;0;0;0;0;0;0;0;100;0;0;0;0;0;0;0;0;0;0;0;0
16.02.2024;12:27;A117;1;0;0;1;2;18;46;16;42;6;4;;;;;;;0;0;0;0;0;0;0;100;0;0;0;0;0;0;0;0;0;0;0;0
16.02.2024;12:26;A117;1;0;86;0;0;9;20;23;30;1;1;;;;;;;0;0;0;0;0;0;0;100;0;0;0;0;0;0;0;0;0;0;0;0
16.02.2024;12:25;A117;1;1;78;0;0;13;26;4;8;2;2;;;;;;;0;0;0;0;1;3;0;100;0;0;0;0;0;0;0;0;0;0;0;0
16.02.2024;12:24;A117;1;1;44;0;0;21;42;18;40;5;2;;;;;;;1;3;1;3;0;0;0;100;0;0;0;0;0;0;0;0;0;0;0;0
16.02.2024;12:23;A117;1;0;0;0;0;14;38;14;20;1;0;;;;;;;0;0;0;0;0;0;0;100;1;4;0;0;0;0;0;0;0;0;0;0
16.02.2024;12:22;A117;1;0;0;0;0;25;26;20;26;4;1;;;;;;;0;0;0;0;0;0;0;100;0;0;0;0;0;0;0;0;0;0;0;0
16.02.2024;12:21;A117;1;0;0;0;0;13;25;19;52;3;1;;;;;;;0;0;0;0;0;0;0;100;0;0;0;0;0;0;0;0;0;0;0;0
16.02.2024;12:20;A117;1;0;0;0;0;14;19;14;40;2;1;;;;;;;0;0;0;0;0;0;0;100;0;0;0;0;0;0;0;0;0;0;0;0
16.02.2024;12:19;A117;1;0;0;0;30;11;13;6;7;2;1;;;;;;;0;0;0;0;0;0;0;100;1;2;0;0;0;0;0;0;0;0;0;0
16.02.2024;12:18;A117;1;0;0;1;42;10;15;19;25;5;6;;;;;;;0;0;0;0;0;0;0;100;0;0;0;0;0;0;0;0;0;0;0;0
16.02.2024;12:17;A117;1;1;78;0;0;0;67;11;13;4;2;;;;;;;0;0;0;0;0;0;0;100;0;0;0;0;0;0;0;0;0;0;0;0
16.02.2024;12:16;A117;1;0;53;0;0;7;70;7;11;3;2;;;;;;;0;0;0;0;0;0;0;100;0;0;0;0;0;0;0;0;0;0;0;0
16.02.2024;12:15;A117;1;1;62;0;0;13;15;12;12;6;3;;;;;;;0;0;0;0;0;0;0;100;0;0;0;0;0;0;0;0;0;0;0;0
16.02.2024;12:14;A117;1;0;0;1;2;15;20;13;13;1;0;;;;;;;0;0;0;0;0;0;0;100;0;0;0;0;0;0;0;0;0;0;0;0
16.02.2024;12:13;A117;1;0;0;0;0;16;15;15;16;3;1;;;;;;;0;0;0;0;0;0;0;100;0;0;0;0;0;0;0;0;0;0;0;0
16.02.2024;12:12;A117;1;0;0;0;0;11;33;13;18;4;2;;;;;;;0;0;0;0;0;0;0;100;0;0;0;0;0;0;0;0;0;0;0;0
16.02.2024;12:11;A117;1;1;91;0;0;10;15;11;16;3;2;;;;;;;0;0;0;0;0;0;0;100;0;0;0;0;0;0;0;0;0;0;0;0
16.02.2024;12:10;A117;1;1;59;0;0;16;16;13;13;3;1;;;;;;;0;0;0;0;0;0;0;100;0;0;0;0;0;0;0;0;0;0;0;0
16.02.2024;12:09;A117;1;0;0;0;0;14;19;13;17;2;5;;;;;;;0;0;0;0;0;0;0;100;0;0;0;0;0;0;0;0;0;0;0;0
16.02.2024;12:08;A117;1;0;0;0;0;19;27;17;29;1;0;;;;;;;0;0;0;0;0;0;0;100;0;0;0;0;0;0;0;0;0;0;0;0
16.02.2024;12:07;A117;1;0;0;1;39;7;65;14;44;2;1;;;;;;;0;0;0;0;1;3;0;100;0;0;0;0;0;0;0;0;0;0;0;0
16.02.2024;12:06;A117;1;0;0;1;45;10;15;13;21;3;3;;;;;;;1;3;1;3;0;0;0;100;0;0;0;0;0;0;0;0;0;0;0;0
16.02.2024;12:05;A117;1;0;0;0;0;18;18;13;13;0;0;;;;;;;0;0;0;0;0;0;0;100;0;0;0;0;0;0;0;0;0;0;0;0
16.02.2024;12:04;A117;1;0;35;0;0;13;22;14;27;1;1;;;;;;;0;0;0;0;0;0;0;100;0;0;0;0;0;0;0;0;0;0;0;0
16.02.2024;12:03;A117;1;1;50;0;0;15;30;19;35;4;3;;;;;;;0;0;0;0;0;0;0;100;0;0;0;0;0;0;0;0;0;0;0;0
16.02.2024;12:02;A117;1;0;86;1;16;14;23;5;7;1;4;;;;;;;0;0;0;0;0;0;0;100;0;0;0;0;0;0;0;0;0;0;0;0
16.02.2024;12:01;A117;1;1;44;0;36;9;28;11;17;1;0;;;;;;;0;0;0;0;0;0;0;100;0;0;0;0;0;0;0;0;0;0;0;0
16.02.2024;12:00;A117;1;1;53;0;100;10;10;5;5;0;0;;;;;;;0;0;0;0;0;0;0;100;0;0;0;0;0;0;0;0;0;0;0;0
16.02.2024;11:59;A117;1;0;0;1;14;13;14;10;12;2;2;;;;;;;0;0;0;0;0;0;0;100;0;0;0;0;0;0;0;0;0;0;0;0
16.02.2024;11:58;A117;1;0;0;0;0;17;21;13;23;4;2;;;;;;;0;0;0;0;0;0;0;100;0;0;0;0;0;0;0;0;0;0;0;0
16.02.2024;11:57;A117;1;0;0;0;0;10;11;8;7;1;0;;;;;;;0;0;0;0;0;0;0;100;0;0;0;0;0;0;0;0;0;0;0;0
16.02.2024;11:56;A117;1;0;0;0;0;14;14;11;13;6;2;;;;;;;0;0;0;0;0;0;0;100;0;0;0;0;0;0;0;0;0;0;0;0
16.02.2024;11:55;A117;1;1;39;0;0;13;50;14;31;2;1;;;;;;;0;0;0;0;0;0;0;100;0;0;0;0;0;0;0;0;0;0;0;0
16.02.2024;11:54;A117;1;1;27;0;0;16;39;11;16;3;2;;;;;;;0;0;0;0;0;0;0;100;0;0;0;0;0;0;0;0;0;0;0;0
16.02.2024;11:53;A117;1;4;95;0;0;10;8;12;21;5;2;;;;;;;0;0;0;0;0;0;0;100;0;0;0;0;0;0;0;0;0;0;0;0
16.02.2024;11:52;A117;1;1;73;0;0;15;17;14;31;1;0;;;;;;;0;0;0;0;0;0;0;100;0;0;0;0;0;0;0;0;0;0;0;0
16.02.2024;11:51;A117;1;0;0;0;0;16;19;10;14;4;2;;;;;;;0;0;0;0;0;0;0;100;0;0;0;0;0;0;0;0;0;0;0;0
16.02.2024;11:50;A117;1;0;0;0;0;12;14;20;28;2;1;;;;;;;0;0;0;0;0;0;0;100;0;0;0;0;0;0;0;0;0;0;0;0
16.02.2024;11:49;A117;1;0;0;0;0;16;26;8;8;2;1;;;;;;;0;0;0;0;0;0;0;100;0;0;0;0;0;0;0;0;0;0;0;0
16.02.2024;11:48;A117;1;0;0;0;0;18;39;12;19;4;4;;;;;;;0;0;0;0;0;0;0;100;0;0;0;0;0;0;0;0;0;0;0;0
16.02.2024;11:47;A117;1;1;51;0;0;15;19;7;8;0;0;;;;;;;0;0;0;0;0;0;0;100;0;0;0;0;0;0;0;0;0;0;0;0
16.02.2024;11:46;A117;1;0;0;0;0;16;22;4;4;0;0;;;;;;;0;0;0;0;0;0;0;100;0;0;0;0;0;0;0;0;0;0;0;0
16.02.2024;11:45;A117;1;0;0;0;0;17;41;6;10;1;0;;;;;;;0;0;0;0;0;0;0;100;0;0;0;0;0;0;0;0;0;0;0;0
16.02.2024;11:44;A117;1;0;0;1;44;14;17;13;18;4;3;;;;;;;0;0;0;0;0;0;0;100;0;0;0;0;0;0;0;0;0;0;0;0
16.02.2024;11:43;A117;1;1;37;0;0;10;11;5;8;2;1;;;;;;;0;0;0;0;0;0;0;100;0;0;0;0;0;0;0;0;0;0;0;0
16.02.2024;11:42;A117;1;0;100;0;0;17;22;18;24;3;1;;;;;;;0;0;0;0;0;0;0;100;0;0;0;0;0;0;0;0;0;0;0;0
16.02.2024;11:41;A117;1;1;24;0;0;13;15;10;11;1;0;;;;;;;0;0;0;0;0;0;0;100;0;0;0;0;0;0;0;0;0;0;0;0
16.02.2024;11:40;A117;1;0;0;0;0;14;17;7;7;2;3;;;;;;;0;0;0;0;0;0;0;100;0;0;0;0;0;0;0;0;0;0;0;0
16.02.2024;11:39;A117;1;0;0;0;0;16;33;19;20;1;2;;;;;;;0;0;0;0;0;0;0;100;0;0;0;0;0;0;0;0;0;0;0;0
16.02.2024;11:38;A117;1;1;55;1;18;17;20;11;16;1;1;;;;;;;0;0;0;0;0;0;0;100;0;0;0;0;0;0;0;0;0;0;0;0
16.02.2024;11:37;A117;1;1;37;0;0;11;24;16;22;2;1;;;;;;;0;0;0;0;0;0;0;100;0;0;0;0;0;0;0;0;0;0;0;0
16.02.2024;11:36;A117;1;1;90;0;0;9;8;5;5;3;1;;;;;;;0;0;0;0;0;0;0;100;0;0;0;0;0;0;0;0;0;0;0;0
16.02.2024;11:35;A117;1;0;0;0;0;16;20;12;16;6;4;;;;;;;0;0;0;0;0;0;0;100;0;0;0;0;0;0;0;0;0;0;0;0
16.02.2024;11:34;A117;1;0;0;0;0;8;8;14;15;3;2;;;;;;;0;0;0;0;0;0;0;100;0;0;0;0;0;0;0;0;0;0;0;0
16.02.2024;11:33;A117;1;0;0;0;0;10;10;13;22;4;2;;;;;;;0;0;0;0;0;0;0;100;0;0;0;0;0;0;0;0;0;0;0;0
16.02.2024;11:32;A117;1;0;0;0;0;8;7;10;19;1;0;;;;;;;0;0;0;0;0;0;0;100;0;0;0;0;0;0;0;0;0;0;0;0
16.02.2024;11:31;A117;1;0;0;0;0;18;22;17;16;3;2;;;;;;;0;0;0;0;0;0;0;100;0;0;0;0;0;0;0;0;0;0;0;0
16.02.2024;11:30;A117;1;0;0;0;0;19;55;13;38;4;3;;;;;;;0;0;0;0;0;0;0;100;0;0;0;0;0;0;0;0;0;0;0;0
16.02.2024;11:29;A117;1;1;3;0;0;14;20;8;8;1;0;;;;;;;0;0;0;0;0;0;0;100;0;0;0;0;0;0;0;0;0;0;0;0
16.02.2024;11:28;A117;1;0;0;0;0;14;25;20;25;1;2;;;;;;;0;0;0;0;0;0;0;100;0;0;0;0;0;0;0;0;0;0;0;0
16.02.2024;11:27;A117;1;0;0;0;0;12;18;11;12;7;11;;;;;;;0;0;0;0;0;0;0;100;0;0;0;0;0;0;0;0;0;0;0;0
16.02.2024;11:26;A117;1;0;0;0;0;16;23;12;14;2;1;;;;;;;0;0;0;0;0;0;0;100;0;0;0;0;0;0;0;0;0;0;0;0
16.02.2024;11:25;A117;1;0;54;0;0;9;12;9;19;1;0;;;;;;;0;0;0;0;0;0;0;100;0;0;0;0;0;0;0;0;0;0;0;0
16.02.2024;11:24;A117;1;1;80;0;0;16;38;16;25;1;0;;;;;;;0;0;0;0;0;0;0;100;0;0;0;0;0;0;0;0;0;0;0;0
16.02.2024;11:23;A117;1;1;58;0;0;8;28;7;11;3;3;;;;;;;0;0;0;0;0;0;0;100;0;0;0;0;0;0;0;0;0;0;0;0
16.02.2024;11:22;A117;1;0;0;0;0;10;12;8;9;0;0;;;;;;;0;0;0;0;0;0;0;100;0;0;0;0;0;0;0;0;0;0;0;0
16.02.2024;11:21;A117;1;0;0;0;0;17;17;16;18;3;2;;;;;;;0;0;0;0;0;0;0;100;0;0;0;0;0;0;0;0;0;0;0;0
16.02.2024;11:20;A117;1;0;0;0;0;11;14;22;28;4;2;;;;;;;0;0;0;0;0;0;0;100;0;0;0;0;0;0;0;0;0;0;0;0
16.02.2024;11:19;A117;1;0;0;0;0;7;8;11;24;3;2;;;;;;;0;0;0;0;0;0;0;100;0;0;0;0;0;0;0;0;0;0;0;0
16.02.2024;11:18;A117;1;0;0;0;0;9;10;20;36;2;2;;;;;;;0;0;0;0;1;3;0;100;1;2;0;0;0;0;0;0;0;0;0;0
16.02.2024;11:17;A117;1;0;0;0;0;13;15;5;8;3;1;;;;;;;1;3;1;3;0;0;0;100;0;0;0;0;0;0;0;0;0;0;0;0
16.02.2024;11:16;A117;1;0;0;0;0;14;13;11;16;2;1;;;;;;;0;0;0;0;0;0;0;100;0;0;0;0;0;0;0;0;0;0;0;0
16.02.2024;11:15;A117;1;0;0;0;0;11;12;19;29;2;0;;;;;;;0;0;0;0;0;0;0;100;0;0;0;0;0;0;0;0;0;0;0;0
16.02.2024;11:14;A117;1;0;89;0;0;14;19;5;5;5;3;;;;;;;0;0;0;0;0;0;0;100;0;0;0;0;0;0;0;0;0;0;0;0
16.02.2024;11:13;A117;1;1;15;0;0;17;17;18;19;5;3;;;;;;;0;0;0;0;0;0;0;100;0;0;0;0;0;0;0;0;0;0;0;0
16.02.2024;11:12;A117;1;0;0;0;0;9;13;10;25;2;1;;;;;;;0;0;0;0;0;0;0;100;0;0;0;0;0;0;0;0;0;0;0;0
16.02.2024;11:11;A117;1;0;86;0;0;13;14;17;24;4;2;;;;;;;0;0;0;0;0;0;0;100;0;0;0;0;0;0;0;0;0;0;0;0
16.02.2024;11:10;A117;1;1;6;0;0;7;7;20;21;0;0;;;;;;;0;0;0;0;0;0;0;100;0;0;0;0;0;0;0;0;0;0;0;0
16.02.2024;11:09;A117;1;0;0;0;0;11;13;19;26;0;0;;;;;;;0;0;0;0;0;0;0;100;0;0;0;0;0;0;0;0;0;0;0;0
16.02.2024;11:08;A117;1;0;0;0;0;17;20;23;32;1;2;;;;;;;0;0;0;0;0;0;0;100;0;0;0;0;0;0;0;0;0;0;0;0
16.02.2024;11:07;A117;1;0;0;0;0;10;34;17;26;1;1;;;;;;;0;0;0;0;0;0;0;100;0;0;0;0;0;0;0;0;0;0;0;0
16.02.2024;11:06;A117;1;0;0;0;0;4;81;15;21;1;1;;;;;;;0;0;0;0;1;3;0;100;0;0;0;0;0;0;0;0;0;0;0;0
16.02.2024;11:05;A117;1;1;54;0;0;14;17;2;4;4;3;;;;;;;1;3;1;3;0;0;0;100;0;0;0;0;0;0;0;0;0;0;0;0
16.02.2024;11:04;A117;1;0;0;0;0;12;15;5;15;0;0;;;;;;;0;0;0;0;0;0;0;100;0;0;0;0;0;0;0;0;0;0;0;0
16.02.2024;11:03;A117;1;0;0;1;6;19;34;10;13;6;6;;;;;;;0;0;0;0;0;0;0;100;0;0;0;0;0;0;0;0;0;0;0;0
16.02.2024;11:02;A117;1;1;72;1;2;12;30;5;5;0;0;;;;;;;0;0;0;0;0;0;0;100;0;0;0;0;0;0;0;0;0;0;0;0
16.02.2024;11:01;A117;1;1;22;0;0;10;19;16;27;3;3;;;;;;;0;0;0;0;0;0;0;100;0;0;0;0;0;0;0;0;0;0;0;0
16.02.2024;11:00;A117;1;0;0;0;0;16;39;8;28;3;2;;;;;;;0;0;0;0;0;0;0;100;0;0;0;0;0;0;0;0;0;0;0;0
16.02.2024;10:59;A117;1;0;0;0;94;16;19;15;18;1;1;;;;;;;0;0;0;0;0;0;0;100;0;0;0;0;0;0;0;0;0;0;0;0
16.02.2024;10:58;A117;1;0;0;1;29;4;10;14;14;4;4;;;;;;;0;0;0;0;0;0;0;100;0;0;0;0;0;0;0;0;0;0;0;0
16.02.2024;10:57;A117;1;0;0;0;0;15;17;14;20;4;6;;;;;;;0;0;0;0;0;0;0;100;0;0;0;0;0;0;0;0;0;0;0;0
16.02.2024;10:56;A117;1;0;0;0;0;14;14;10;25;0;0;;;;;;;0;0;0;0;0;0;0;100;0;0;0;0;0;0;0;0;0;0;0;0
16.02.2024;10:55;A117;1;0;0;1;3;13;11;17;20;1;0;;;;;;;0;0;0;0;0;0;0;100;0;0;0;0;0;0;0;0;0;0;0;0
16.02.2024;10:54;A117;1;0;0;0;0;16;16;15;17;2;1;;;;;;;0;0;0;0;0;0;0;100;0;0;0;0;0;0;0;0;0;0;0;0
16.02.2024;10:53;A117;1;0;0;0;0;16;21;12;31;1;3;;;;;;;0;0;0;0;0;0;0;100;0;0;0;0;0;0;0;0;0;0;0;0
16.02.2024;10:52;A117;1;0;99;0;0;19;18;11;15;3;1;;;;;;;0;0;0;0;0;0;0;100;0;0;0;0;0;0;0;0;0;0;0;0
16.02.2024;10:51;A117;1;1;41;0;0;13;21;17;36;2;1;;;;;;;0;0;0;0;0;0;0;100;0;0;0;0;0;0;0;0;0;0;0;0
16.02.2024;10:50;A117;1;0;65;0;0;9;11;9;30;3;2;;;;;;;0;0;0;0;0;0;0;100;0;0;0;0;0;0;0;0;0;0;0;0
16.02.2024;10:49;A117;1;1;15;0;0;15;20;12;22;2;1;;;;;;;0;0;0;0;0;0;0;100;0;0;0;0;0;0;0;0;0;0;0;0
16.02.2024;10:48;A117;1;0;0;1;2;14;18;15;20;5;3;;;;;;;0;0;0;0;0;0;0;100;0;0;0;0;0;0;0;0;0;0;0;0
16.02.2024;10:47;A117;1;0;0;0;0;22;25;15;15;4;2;;;;;;;0;0;0;0;0;0;0;100;0;0;0;0;0;0;0;0;0;0;0;0
16.02.2024;10:46;A117;1;0;0;0;0;8;9;5;5;0;29;;;;;;;0;0;0;0;0;0;0;100;0;0;0;0;0;0;0;0;0;0;0;0
16.02.2024;10:45;A117;1;0;0;1;97;20;29;19;35;4;7;;;;;;;0;0;0;0;0;0;0;100;0;0;0;0;0;0;0;0;0;0;0;0
16.02.2024;10:44;A117;1;0;0;0;0;13;16;10;15;0;0;;;;;;;0;0;0;0;0;0;0;100;0;0;0;0;0;0;0;0;0;0;0;0
16.02.2024;10:43;A117;1;1;24;0;0;12;14;6;28;1;0;;;;;;;0;0;0;0;0;0;0;100;0;0;0;0;0;0;0;0;0;0;0;0
16.02.2024;10:42;A117;1;0;0;0;0;18;27;12;14;1;0;;;;;;;0;0;0;0;0;0;0;100;0;0;0;0;0;0;0;0;0;0;0;0
16.02.2024;10:41;A117;1;0;0;0;0;12;16;14;45;1;0;;;;;;;0;0;0;0;0;0;0;100;0;0;0;0;0;0;0;0;0;0;0;0
16.02.2024;10:40;A117;1;1;1;1;18;14;13;8;20;3;10;;;;;;;0;0;0;0;0;0;0;100;0;0;0;0;0;0;0;0;0;0;0;0
16.02.2024;10:39;A117;1;0;0;0;100;11;12;14;18;1;1;;;;;;;0;0;0;0;0;0;0;100;0;0;0;0;0;0;0;0;0;0;0;0
16.02.2024;10:38;A117;1;0;0;1;11;16;19;7;7;8;5;;;;;;;0;0;0;0;0;0;0;100;0;0;0;0;0;0;0;0;0;0;0;0
16.02.2024;10:37;A117;1;0;0;0;0;15;23;16;19;3;3;;;;;;;0;0;0;0;0;0;0;100;0;0;0;0;0;0;0;0;0;0;0;0
16.02.2024;10:36;A117;1;0;0;0;0;11;12;11;12;1;2;;;;;;;0;0;0;0;0;0;0;100;0;0;0;0;0;0;0;0;0;0;0;0
16.02.2024;10:35;A117;1;0;0;0;0;9;11;22;38;2;1;;;;;;;0;0;0;0;0;0;0;100;0;0;0;0;0;0;0;0;0;0;0;0
16.02.2024;10:34;A117;1;0;34;0;0;13;14;11;37;3;1;;;;;;;0;0;0;0;0;0;0;100;0;0;0;0;0;0;0;0;0;0;0;0
16.02.2024;10:33;A117;1;0;100;0;0;13;14;10;12;1;0;;;;;;;0;0;0;0;0;0;0;100;0;0;0;0;0;0;0;0;0;0;0;0
16.02.2024;10:32;A117;1;1;14;0;0;16;16;14;55;0;0;;;;;;;0;0;0;0;0;0;0;100;0;0;0;0;0;0;0;0;0;0;0;0
16.02.2024;10:31;A117;1;1;80;0;0;19;21;18;48;3;2;;;;;;;0;0;0;0;0;0;0;100;0;0;0;0;0;0;0;0;0;0;0;0
16.02.2024;10:30;A117;1;1;67;0;0;10;10;14;30;9;6;;;;;;;0;0;0;0;0;0;0;100;0;0;0;0;0;0;0;0;0;0;0;0
16.02.2024;10:29;A117;1;0;0;0;0;12;15;13;17;1;0;;;;;;;0;0;0;0;0;0;0;100;0;0;0;0;0;0;0;0;0;0;0;0
16.02.2024;10:28;A117;1;1;49;0;0;16;24;9;37;1;1;;;;;;;0;0;0;0;0;0;0;100;0;0;0;0;0;0;0;0;0;0;0;0
16.02.2024;10:27;A117;1;1;91;0;0;19;24;19;24;1;2;;;;;;;0;0;0;0;0;0;0;100;0;0;0;0;0;0;0;0;0;0;0;0
16.02.2024;10:26;A117;1;0;11;0;0;12;14;7;9;0;0;;;;;;;0;0;0;0;0;0;0;100;0;0;0;0;0;0;0;0;0;0;0;0
16.02.2024;10:25;A117;1;1;25;0;0;14;14;7;8;4;1;;;;;;;0;0;0;0;0;0;0;100;0;0;0;0;0;0;0;0;0;0;0;0
16.02.2024;10:24;A117;1;0;0;0;0;15;16;9;8;6;3;;;;;;;0;0;0;0;0;0;0;100;0;0;0;0;0;0;0;0;0;0;0;0
16.02.2024;10:23;A117;1;0;0;0;0;13;15;7;9;5;2;;;;;;;0;0;0;0;0;0;0;100;0;0;0;0;0;0;0;0;0;0;0;0
16.02.2024;10:22;A117;1;0;0;0;0;14;12;13;16;3;4;;;;;;;0;0;0;0;0;0;0;100;0;0;0;0;0;0;0;0;0;0;0;0
16.02.2024;10:21;A117;1;0;46;0;49;9;26;12;30;2;1;;;;;;;0;0;0;0;0;0;0;100;0;0;0;0;0;0;0;0;0;0;0;0
16.02.2024;10:20;A117;1;1;20;1;24;6;8;4;7;1;1;;;;;;;0;0;0;3;1;3;0;100;1;2;0;0;0;0;0;0;0;0;0;0
16.02.2024;10:19;A117;1;0;0;0;0;14;14;12;17;2;1;;;;;;;1;3;1;1;0;0;0;100;0;0;0;0;0;0;0;0;0;0;0;0
16.02.2024;10:18;A117;1;0;0;0;0;7;7;10;12;3;3;;;;;;;0;0;0;0;0;0;0;100;0;0;0;0;0;0;0;0;0;0;0;0
16.02.2024;10:17;A117;1;0;0;0;0;17;28;8;10;4;4;;;;;;;0;0;0;0;0;0;0;100;0;0;0;0;0;0;0;0;0;0;0;0
16.02.2024;10:16;A117;1;0;0;0;0;8;6;13;12;1;1;;;;;;;0;0;0;0;0;0;0;100;0;0;0;0;0;0;0;0;0;0;0;0
16.02.2024;10:15;A117;1;0;0;0;0;14;14;9;8;3;3;;;;;;;0;0;0;0;0;0;0;100;0;0;0;0;0;0;0;0;0;0;0;0
16.02.2024;10:14;A117;1;0;47;0;0;13;14;6;8;1;0;;;;;;;0;0;0;0;0;0;0;100;0;0;0;0;0;0;0;0;0;0;0;0
16.02.2024;10:13;A117;1;1;40;0;0;16;22;17;22;8;4;;;;;;;0;0;0;0;0;0;0;100;0;0;0;0;0;0;0;0;0;0;0;0
16.02.2024;10:12;A117;1;0;0;0;0;15;17;9;33;3;2;;;;;;;0;0;0;0;0;0;0;100;0;0;0;0;0;0;0;0;0;0;0;0
16.02.2024;10:11;A117;1;0;0;1;1;12;13;12;17;0;1;;;;;;;0;0;0;0;0;0;0;100;0;0;0;0;0;0;0;0;0;0;0;0
16.02.2024;10:10;A117;1;0;0;0;0;9;46;6;13;5;2;;;;;;;0;0;0;0;0;0;0;100;0;0;0;0;0;0;0;0;0;0;0;0
16.02.2024;10:09;A117;1;0;0;0;0;0;100;13;19;2;1;;;;;;;0;0;0;0;0;0;0;100;0;0;0;0;0;0;0;0;0;0;0;0
16.02.2024;10:08;A117;1;0;0;1;75;0;100;11;24;1;2;;;;;;;0;0;0;0;0;0;0;100;0;0;0;0;0;0;0;0;0;0;0;0
16.02.2024;10:07;A117;1;0;0;1;16;0;100;12;24;0;0;;;;;;;0;0;0;0;1;3;0;100;0;0;0;0;0;0;0;0;0;0;0;0
16.02.2024;10:06;A117;1;1;33;0;0;0;100;7;24;1;2;;;;;;;1;3;1;3;0;0;0;100;0;0;0;0;0;0;0;0;0;0;0;0
16.02.2024;10:05;A117;1;0;100;0;0;0;100;8;13;0;0;;;;;;;0;0;0;0;0;0;0;100;0;0;0;0;0;0;0;0;0;0;0;0
16.02.2024;10:04;A117;1;1;6;0;0;0;100;13;25;5;6;;;;;;;0;0;0;0;0;0;0;100;0;0;0;0;0;0;0;0;0;0;0;0
16.02.2024;10:03;A117;1;1;61;0;0;0;100;9;11;3;1;;;;;;;0;0;0;0;0;0;0;100;0;0;0;0;0;0;0;0;0;0;0;0
16.02.2024;10:02;A117;1;0;81;0;0;0;100;11;14;1;0;;;;;;;0;0;0;0;0;0;0;100;0;0;0;0;0;0;0;0;0;0;0;0
16.02.2024;10:01;A117;1;1;47;0;0;0;100;10;8;7;4;;;;;;;0;0;0;0;0;0;0;100;0;0;0;0;0;0;0;0;0;0;0;0
16.02.2024;10:00;A117;1;0;0;0;0;0;100;14;13;9;5;;;;;;;0;0;0;0;0;0;0;100;0;0;0;0;0;0;0;0;0;0;0;0
16.02.2024;09:59;A117;1;0;30;0;0;0;100;5;6;7;5;;;;;;;0;0;0;0;0;0;0;100;0;0;0;0;0;0;0;0;0;0;0;0
16.02.2024;09:58;A117;1;0;100;0;0;0;100;10;10;5;4;;;;;;;0;0;0;0;0;0;0;100;0;0;0;0;0;0;0;0;0;0;0;0
16.02.2024;09:57;A117;1;1;10;0;0;0;100;9;12;4;2;;;;;;;0;0;0;0;0;0;0;100;0;0;0;0;0;0;0;0;0;0;0;0
16.02.2024;09:56;A117;1;0;0;0;0;0;100;6;7;4;2;;;;;;;0;0;0;0;0;0;0;100;0;0;0;0;0;0;0;0;0;0;0;0
16.02.2024;09:55;A117;1;0;0;0;0;10;65;9;11;0;0;;;;;;;0;0;0;0;0;0;0;100;0;0;0;0;0;0;0;0;0;0;0;0
16.02.2024;09:54;A117;1;0;65;0;0;14;14;10;12;0;0;;;;;;;0;0;0;0;0;0;0;100;0;0;0;0;0;0;0;0;0;0;0;0
16.02.2024;09:53;A117;1;1;70;0;0;14;19;17;17;2;1;;;;;;;0;0;0;0;0;0;0;100;0;0;0;0;0;0;0;0;0;0;0;0
16.02.2024;09:52;A117;1;0;30;0;0;8;9;9;35;0;0;;;;;;;0;0;0;0;0;0;0;100;0;0;0;0;0;0;0;0;0;0;0;0
16.02.2024;09:51;A117;1;1;11;0;0;11;11;12;25;4;1;;;;;;;0;0;0;0;0;0;0;100;0;0;0;0;0;0;0;0;0;0;0;0
16.02.2024;09:50;A117;1;1;2;0;0;15;15;11;26;1;1;;;;;;;0;0;0;0;0;0;0;100;0;0;0;0;0;0;0;0;0;0;0;0
16.02.2024;09:49;A117;1;1;41;0;0;10;11;10;12;2;1;;;;;;;0;0;0;0;0;0;0;100;0;0;0;0;0;0;0;0;0;0;0;0
16.02.2024;09:48;A117;1;0;0;0;0;8;7;9;10;1;1;;;;;;;0;0;0;0;0;0;0;100;0;0;0;0;0;0;0;0;0;0;0;0
16.02.2024;09:47;A117;1;0;0;0;0;12;12;11;11;3;1;;;;;;;0;0;0;0;0;0;0;100;0;0;0;0;0;0;0;0;0;0;0;0
16.02.2024;09:46;A117;1;0;0;0;0;11;10;11;12;2;1;;;;;;;0;0;0;0;0;0;0;100;0;0;0;0;0;0;0;0;0;0;0;0
16.02.2024;09:45;A117;1;0;0;0;0;8;10;14;33;1;1;;;;;;;0;0;0;0;0;0;0;100;0;0;0;0;0;0;0;0;0;0;0;0
16.02.2024;09:44;A117;1;1;20;0;0;12;12;10;27;2;1;;;;;;;0;0;0;0;0;0;0;100;0;0;0;0;0;0;0;0;0;0;0;0
16.02.2024;09:43;A117;1;2;95;0;0;11;11;13;33;3;1;;;;;;;0;0;0;0;0;0;0;100;0;0;0;0;0;0;0;0;0;0;0;0
16.02.2024;09:42;A117;1;1;97;0;0;11;20;9;16;2;2;;;;;;;0;0;0;0;0;0;0;100;0;0;0;0;0;0;0;0;0;0;0;0
16.02.2024;09:41;A117;1;1;52;0;0;10;13;11;11;1;1;;;;;;;0;0;0;0;0;0;0;100;0;0;0;0;0;0;0;0;0;0;0;0
16.02.2024;09:40;A117;1;0;0;0;0;7;9;9;13;1;1;;;;;;;0;0;0;0;0;0;0;100;0;0;0;0;0;0;0;0;0;0;0;0
16.02.2024;09:39;A117;1;0;0;0;0;13;16;9;26;1;5;;;;;;;0;0;0;0;0;0;0;100;0;0;0;0;0;0;0;0;0;0;0;0
16.02.2024;09:38;A117;1;1;34;0;0;13;25;6;15;3;3;;;;;;;0;0;0;0;0;0;0;100;0;0;0;0;0;0;0;0;0;0;0;0
16.02.2024;09:37;A117;1;1;78;0;0;13;16;8;11;1;1;;;;;;;0;0;0;0;0;0;0;100;0;0;0;0;0;0;0;0;0;0;0;0
16.02.2024;09:36;A117;1;0;100;0;0;14;27;12;12;2;3;;;;;;;0;0;0;0;0;0;0;100;0;0;0;0;0;0;0;0;0;0;0;0
16.02.2024;09:35;A117;1;1;9;0;0;7;8;13;40;0;0;;;;;;;0;0;0;0;0;0;0;100;0;0;0;0;0;0;0;0;0;0;0;0
16.02.2024;09:34;A117;1;0;0;0;0;10;17;9;17;2;1;;;;;;;0;0;0;0;0;0;0;100;0;0;0;0;0;0;0;0;0;0;0;0
16.02.2024;09:33;A117;1;2;67;0;0;10;13;10;11;3;1;;;;;;;0;0;0;0;0;0;0;100;0;0;0;0;0;0;0;0;0;0;0;0
16.02.2024;09:32;A117;1;1;69;0;0;12;20;12;15;3;2;;;;;;;0;0;0;0;0;0;0;100;0;0;0;0;0;0;0;0;0;0;0;0
16.02.2024;09:31;A117;1;0;0;0;0;7;14;10;19;0;0;;;;;;;0;0;0;0;0;0;0;100;0;0;0;0;0;0;0;0;0;0;0;0
16.02.2024;09:30;A117;1;0;0;0;47;7;8;8;12;0;0;;;;;;;0;0;0;0;0;0;0;100;0;0;0;0;0;0;0;0;0;0;0;0
16.02.2024;09:29;A117;1;0;3;1;32;11;22;7;14;1;1;;;;;;;0;0;0;0;0;0;0;100;0;0;0;0;0;0;0;0;0;0;0;0
16.02.2024;09:28;A117;1;0;100;0;0;4;3;12;14;0;0;;;;;;;0;0;0;0;0;0;0;100;0;0;0;0;0;0;0;0;0;0;0;0
16.02.2024;09:27;A117;1;1;73;0;0;14;20;10;11;11;9;;;;;;;0;0;0;0;0;0;0;100;0;0;0;0;0;0;0;0;0;0;0;0
16.02.2024;09:26;A117;1;0;0;0;0;8;10;12;12;3;3;;;;;;;0;0;0;0;0;0;0;100;0;0;0;0;0;0;0;0;0;0;0;0
16.02.2024;09:25;A117;1;0;0;0;0;10;15;11;14;0;0;;;;;;;0;0;0;0;0;0;0;100;0;0;0;0;0;0;0;0;0;0;0;0
16.02.2024;09:24;A117;1;0;0;0;0;15;16;7;6;0;0;;;;;;;0;0;0;0;0;0;0;100;0;0;0;0;0;0;0;0;0;0;0;0
16.02.2024;09:23;A117;1;0;11;0;0;15;36;15;33;1;3;;;;;;;0;0;0;0;0;0;0;100;0;0;0;0;0;0;0;0;0;0;0;0
16.02.2024;09:22;A117;1;1;51;0;0;14;22;10;13;1;0;;;;;;;0;0;0;0;0;0;0;100;0;0;0;0;0;0;0;0;0;0;0;0
16.02.2024;09:21;A117;1;0;53;0;0;9;47;10;10;1;2;;;;;;;0;0;0;0;0;0;0;100;0;0;0;0;0;0;0;0;0;0;0;0
16.02.2024;09:20;A117;1;1;45;0;0;10;10;12;18;2;1;;;;;;;0;0;0;0;0;0;0;100;0;0;0;0;0;0;0;0;0;0;0;0
16.02.2024;09:19;A117;1;0;0;0;0;16;23;15;23;2;1;;;;;;;0;0;0;0;0;0;0;100;0;0;0;0;0;0;0;0;0;0;0;0
16.02.2024;09:18;A117;1;1;2;0;0;9;45;5;12;1;1;;;;;;;0;0;1;3;1;3;0;100;0;0;0;0;0;0;0;0;0;0;0;0
16.02.2024;09:17;A117;1;0;0;0;0;11;30;16;22;4;3;;;;;;;1;3;0;0;0;0;0;100;0;0;0;0;0;0;0;0;0;0;0;0
16.02.2024;09:16;A117;1;1;3;0;0;9;9;22;24;3;2;;;;;;;0;0;0;0;0;0;0;100;0;0;0;0;0;0;0;0;0;0;0;0
16.02.2024;09:15;A117;1;0;0;0;0;15;20;14;15;3;2;;;;;;;0;0;0;0;0;0;0;100;0;0;0;0;0;0;0;0;0;0;0;0
16.02.2024;09:14;A117;1;0;0;0;0;10;15;16;17;2;4;;;;;;;0;0;0;0;0;0;0;100;0;0;0;0;0;0;0;0;0;0;0;0
16.02.2024;09:13;A117;1;0;0;0;0;3;2;21;32;0;0;;;;;;;0;0;0;0;0;0;0;100;0;0;0;0;0;0;0;0;0;0;0;0
16.02.2024;09:12;A117;1;0;0;0;0;7;7;16;22;1;0;;;;;;;0;0;0;0;0;0;0;100;0;0;0;0;0;0;0;0;0;0;0;0
16.02.2024;09:11;A117;1;1;5;0;0;12;28;17;29;4;3;;;;;;;0;0;0;0;0;0;0;100;0;0;0;0;0;0;0;0;0;0;0;0
16.02.2024;09:10;A117;1;0;0;0;0;8;19;8;73;5;2;;;;;;;0;0;0;0;0;0;0;100;0;0;0;0;0;0;0;0;0;0;0;0
16.02.2024;09:09;A117;1;0;0;0;0;5;10;10;59;0;0;;;;;;;0;0;0;0;0;0;0;100;0;0;0;0;0;0;0;0;0;0;0;0
16.02.2024;09:08;A117;1;0;0;0;0;8;13;2;93;1;2;;;;;;;0;0;0;0;0;0;0;100;0;0;0;0;0;0;0;0;0;0;0;0
16.02.2024;09:07;A117;1;0;0;0;0;13;21;16;38;1;0;;;;;;;0;0;0;0;1;3;0;100;0;0;0;0;0;0;0;0;0;0;0;0
16.02.2024;09:06;A117;1;0;0;0;0;16;18;1;2;1;0;;;;;;;0;0;0;0;0;0;0;100;0;0;0;0;0;0;0;0;0;0;0;0
16.02.2024;09:05;A117;1;0;0;0;0;13;59;11;20;2;1;;;;;;;1;3;1;3;0;0;0;100;0;0;0;0;0;0;0;0;0;0;0;0
16.02.2024;09:04;A117;1;0;0;0;0;13;19;8;11;2;1;;;;;;;0;0;0;0;0;0;0;100;0;0;0;0;0;0;0;0;0;0;0;0
16.02.2024;09:03;A117;1;1;3;0;0;12;48;10;18;1;1;;;;;;;0;0;0;0;0;0;0;100;1;2;0;0;0;0;0;0;0;0;0;0
16.02.2024;09:02;A117;1;0;0;0;0;13;18;11;13;1;1;;;;;;;0;0;0;0;0;0;0;100;0;0;0;0;0;0;0;0;0;0;0;0
16.02.2024;09:01;A117;1;0;0;0;0;11;44;10;15;13;13;;;;;;;0;0;0;0;0;0;0;100;0;0;0;0;0;0;0;0;0;0;0;0
16.02.2024;09:00;A117;1;0;0;0;0;8;29;11;21;3;6;;;;;;;0;0;0;0;0;0;0;100;0;0;0;0;0;0;0;0;0;0;0;0
16.02.2024;08:59;A117;1;1;1;0;0;15;31;9;9;9;4;;;;;;;0;0;0;0;0;0;0;100;0;0;0;0;0;0;0;0;0;0;0;0
16.02.2024;08:58;A117;1;0;0;0;0;11;32;15;17;3;5;;;;;;;0;0;0;0;0;0;0;100;0;0;0;0;0;0;0;0;0;0;0;0
16.02.2024;08:57;A117;1;0;48;0;0;7;24;8;13;4;2;;;;;;;0;0;0;0;0;0;0;100;0;0;0;0;0;0;0;0;0;0;0;0
16.02.2024;08:56;A117;1;0;100;0;0;16;19;11;14;1;0;;;;;;;0;0;0;2;1;3;0;100;0;0;0;0;0;0;0;0;0;0;0;0
16.02.2024;08:55;A117;1;1;1;0;0;6;7;15;24;0;0;;;;;;;1;3;1;1;0;0;0;100;0;0;0;0;0;0;0;0;0;0;0;0
16.02.2024;08:54;A117;1;0;0;0;0;12;13;5;6;1;0;;;;;;;0;0;0;0;0;0;0;100;0;0;0;0;0;0;0;0;0;0;0;0
16.02.2024;08:53;A117;1;0;0;0;3;17;29;12;17;1;25;;;;;;;0;0;0;0;0;0;0;100;0;0;0;0;0;0;0;0;0;0;0;0
16.02.2024;08:52;A117;1;1;84;0;100;10;14;4;3;2;1;;;;;;;0;0;0;0;0;0;0;100;0;0;0;0;0;0;0;0;0;0;0;0
16.02.2024;08:51;A117;1;0;0;1;6;11;11;6;7;4;2;;;;;;;0;0;0;0;0;0;0;100;0;0;0;0;0;0;0;0;0;0;0;0
16.02.2024;08:50;A117;1;0;0;0;0;6;53;9;10;2;3;;;;;;;0;0;0;0;0;0;0;100;0;0;0;0;0;0;0;0;0;0;0;0
16.02.2024;08:49;A117;1;0;0;0;0;18;23;14;17;5;2;;;;;;;0;0;0;0;0;0;0;100;0;0;0;0;0;0;0;0;0;0;0;0
16.02.2024;08:48;A117;1;2;60;0;0;9;54;16;54;2;2;;;;;;;0;0;0;0;0;0;0;100;0;0;0;0;0;0;0;0;0;0;0;0
16.02.2024;08:47;A117;1;1;96;0;0;4;3;2;2;0;3;;;;;;;0;0;0;0;0;0;0;100;0;0;0;0;0;0;0;0;0;0;0;0
16.02.2024;08:46;A117;1;0;0;0;0;10;7;17;24;2;1;;;;;;;0;0;0;0;0;0;0;100;0;0;0;0;0;0;0;0;0;0;0;0
16.02.2024;08:45;A117;1;0;0;0;0;19;26;18;32;1;0;;;;;;;0;0;0;0;0;0;0;100;0;0;0;0;0;0;0;0;0;0;0;0
16.02.2024;08:44;A117;1;0;0;0;0;8;64;8;45;3;3;;;;;;;0;0;0;0;0;0;0;100;0;0;0;0;0;0;0;0;0;0;0;0
16.02.2024;08:43;A117;1;0;0;0;0;13;20;12;18;2;1;;;;;;;0;0;0;0;0;0;0;100;0;0;0;0;0;0;0;0;0;0;0;0
16.02.2024;08:42;A117;1;0;0;0;0;2;53;10;13;1;0;;;;;;;0;0;0;0;0;0;0;100;0;0;0;0;0;0;0;0;0;0;0;0
16.02.2024;08:41;A117;1;0;0;0;0;0;100;11;21;6;3;;;;;;;0;0;0;0;0;0;0;100;0;0;0;0;0;0;0;0;0;0;0;0
16.02.2024;08:40;A117;1;0;0;0;0;0;100;21;24;2;1;;;;;;;0;0;0;0;0;0;0;100;0;0;0;0;0;0;0;0;0;0;0;0
16.02.2024;08:39;A117;1;0;0;0;0;10;66;11;18;2;2;;;;;;;0;0;0;0;0;0;0;100;0;0;0;0;0;0;0;0;0;0;0;0
16.02.2024;08:38;A117;1;0;0;0;0;2;95;11;21;6;8;;;;;;;0;0;0;0;0;0;0;100;0;0;0;0;0;0;0;0;0;0;0;0
16.02.2024;08:37;A117;1;0;0;0;0;5;9;11;11;0;0;;;;;;;0;0;0;0;0;0;0;100;1;2;0;0;0;0;0;0;0;0;0;0
16.02.2024;08:36;A117;1;0;0;0;0;16;16;8;10;1;1;;;;;;;0;0;0;0;0;0;0;100;0;0;0;0;0;0;0;0;0;0;0;0
16.02.2024;08:35;A117;1;0;0;0;0;5;75;13;14;0;0;;;;;;;0;0;0;0;0;0;0;100;0;0;0;0;0;0;0;0;0;0;0;0
16.02.2024;08:34;A117;1;1;1;0;0;0;100;8;13;3;17;;;;;;;0;0;0;0;0;0;0;100;0;0;0;0;0;0;0;0;0;0;0;0
16.02.2024;08:33;A117;1;2;59;0;0;9;26;9;22;2;2;;;;;;;0;0;0;0;0;0;0;100;0;0;0;0;0;0;0;0;0;0;0;0
16.02.2024;08:32;A117;1;0;100;0;0;7;9;13;12;3;2;;;;;;;0;0;0;0;0;0;0;100;0;0;0;0;0;0;0;0;0;0;0;0
16.02.2024;08:31;A117;1;1;21;0;0;13;14;5;5;1;0;;;;;;;0;0;0;0;0;0;0;100;0;0;0;0;0;0;0;0;0;0;0;0
16.02.2024;08:30;A117;1;0;0;0;0;18;24;11;12;1;0;;;;;;;0;0;0;0;0;0;0;100;0;0;0;0;0;0;0;0;0;0;0;0
16.02.2024;08:29;A117;1;0;0;0;0;16;17;14;20;12;7;;;;;;;0;0;0;0;0;0;0;100;0;0;0;0;0;0;0;0;0;0;0;0
16.02.2024;08:28;A117;1;0;0;0;0;7;9;7;6;4;12;;;;;;;0;0;0;0;0;0;0;100;0;0;0;0;0;0;0;0;0;0;0;0
16.02.2024;08:27;A117;1;0;0;0;0;9;13;10;15;3;1;;;;;;;0;0;0;0;0;0;0;100;0;0;0;0;0;0;0;0;0;0;0;0
16.02.2024;08:26;A117;1;0;0;1;2;10;16;13;14;2;2;;;;;;;0;0;0;0;0;0;0;100;0;0;0;0;0;0;0;0;0;0;0;0
16.02.2024;08:25;A117;1;0;0;0;0;8;25;15;17;3;1;;;;;;;0;0;0;0;0;0;0;100;0;0;0;0;0;0;0;0;0;0;0;0
16.02.2024;08:24;A117;1;1;49;0;0;0;100;10;11;0;0;;;;;;;0;0;0;0;0;0;0;100;0;0;0;0;0;0;0;0;0;0;0;0
16.02.2024;08:23;A117;1;0;0;0;0;0;100;14;17;2;1;;;;;;;0;0;0;0;0;0;0;100;0;0;0;0;0;0;0;0;0;0;0;0
16.02.2024;08:22;A117;1;0;100;0;0;0;100;17;18;3;2;;;;;;;0;0;0;0;0;0;0;100;0;0;0;0;0;0;0;0;0;0;0;0
16.02.2024;08:21;A117;1;1;1;0;0;0;100;3;7;4;1;;;;;;;0;0;0;0;0;0;0;100;0;0;0;0;0;0;0;0;0;0;0;0
16.02.2024;08:20;A117;1;0;0;0;0;6;77;17;21;1;1;;;;;;;0;0;0;0;0;0;0;100;0;0;0;0;0;0;0;0;0;0;0;0
16.02.2024;08:19;A117;1;0;0;0;0;17;22;19;20;3;3;;;;;;;0;0;0;0;0;0;0;100;0;0;0;0;0;0;0;0;0;0;0;0
16.02.2024;08:18;A117;1;0;0;0;0;5;44;14;26;0;0;;;;;;;0;0;0;0;0;0;0;100;0;0;0;0;0;0;0;0;0;0;0;0
16.02.2024;08:17;A117;1;2;10;0;0;8;46;8;16;2;2;;;;;;;1;3;1;3;1;3;0;100;0;0;0;0;0;0;0;0;0;0;0;0
16.02.2024;08:16;A117;1;0;100;0;0;7;22;22;33;0;0;;;;;;;0;0;0;0;0;0;0;100;0;0;0;0;0;0;0;0;0;0;0;0
16.02.2024;08:15;A117;1;1;75;0;0;15;25;10;32;3;2;;;;;;;0;0;0;0;0;0;0;100;1;4;0;0;0;0;0;0;0;0;0;0
16.02.2024;08:14;A117;1;1;9;0;0;0;93;13;46;2;1;;;;;;;0;0;0;0;0;0;0;100;0;0;0;0;0;0;0;0;0;0;0;0
16.02.2024;08:13;A117;1;2;29;0;0;1;100;10;63;1;1;;;;;;;0;0;0;0;0;0;0;100;0;0;0;0;0;0;0;0;0;0;0;0
16.02.2024;08:12;A117;1;0;0;0;0;0;100;11;43;0;0;;;;;;;0;0;0;0;0;0;0;100;0;0;0;0;0;0;0;0;0;0;0;0
16.02.2024;08:11;A117;1;1;9;0;0;0;100;14;20;4;3;;;;;;;0;0;0;0;0;0;0;100;0;0;0;0;0;0;0;0;0;0;0;0
16.02.2024;08:10;A117;1;1;75;0;0;0;100;21;43;2;2;;;;;;;0;0;0;0;0;0;0;100;0;0;0;0;0;0;0;0;0;0;0;0
16.02.2024;08:09;A117;1;1;19;0;0;0;100;11;54;1;5;;;;;;;0;0;0;0;1;3;0;100;0;0;0;0;0;0;0;0;0;0;0;0
16.02.2024;08:08;A117;1;2;15;0;0;3;97;10;36;2;1;;;;;;;1;3;1;3;0;0;0;100;0;0;0;0;0;0;0;0;0;0;0;0
16.02.2024;08:07;A117;1;1;81;0;0;11;15;13;47;0;0;;;;;;;0;0;0;0;0;0;0;100;0;0;0;0;0;0;0;0;0;0;0;0
16.02.2024;08:06;A117;1;0;0;0;0;18;31;10;16;5;5;;;;;;;0;0;0;0;0;0;0;100;0;0;0;0;0;0;0;0;0;0;0;0
16.02.2024;08:05;A117;1;0;0;0;2;15;51;15;61;0;0;;;;;;;0;0;0;0;0;0;0;100;0;0;0;0;0;0;0;0;0;0;0;0
16.02.2024;08:04;A117;1;0;0;0;100;14;19;18;34;0;0;;;;;;;0;0;0;0;0;0;0;100;0;0;0;0;0;0;0;0;0;0;0;0
16.02.2024;08:03;A117;1;0;0;2;13;14;44;14;62;1;2;;;;;;;0;0;0;0;0;0;0;100;0;0;0;0;0;0;0;0;0;0;0;0
16.02.2024;08:02;A117;1;0;0;1;3;15;28;0;100;1;2;;;;;;;0;0;0;0;0;0;0;100;0;0;0;0;0;0;0;0;0;0;0;0
16.02.2024;08:01;A117;1;0;0;0;0;10;44;14;57;2;2;;;;;;;0;0;0;0;0;0;0;100;0;0;0;0;0;0;0;0;0;0;0;0
16.02.2024;08:00;A117;1;0;0;0;0;17;41;13;25;6;5;;;;;;;0;0;0;0;0;0;0;100;0;0;0;0;0;0;0;0;0;0;0;0
16.02.2024;07:59;A117;1;0;0;0;0;0;100;18;28;4;3;;;;;;;0;0;0;0;0;0;0;100;0;0;0;0;0;0;0;0;0;0;0;0
16.02.2024;07:58;A117;1;1;1;0;0;0;100;10;49;1;2;;;;;;;0;0;0;0;0;0;0;100;0;0;0;0;0;0;0;0;0;0;0;0
16.02.2024;07:57;A117;1;0;0;0;0;0;100;24;32;2;1;;;;;;;0;0;0;0;0;0;0;100;0;0;0;0;0;0;0;0;0;0;0;0
16.02.2024;07:56;A117;1;0;0;0;0;0;100;15;43;0;0;;;;;;;0;0;0;0;0;0;0;100;0;0;0;0;0;0;0;0;0;0;0;0
16.02.2024;07:55;A117;1;0;0;0;0;0;100;12;73;2;1;;;;;;;0;0;0;0;0;0;0;100;0;0;0;0;0;0;0;0;0;0;0;0
16.02.2024;07:54;A117;1;1;1;0;0;0;100;13;22;4;4;;;;;;;0;0;0;0;0;0;0;100;0;0;0;0;0;0;0;0;0;0;0;0
16.02.2024;07:53;A117;1;1;14;1;1;0;100;13;56;8;3;;;;;;;0;0;0;0;0;0;0;100;0;0;0;0;0;0;0;0;0;0;0;0
16.02.2024;07:52;A117;1;0;100;0;0;0;100;13;28;4;4;;;;;;;1;3;1;3;1;3;0;100;0;0;0;0;0;0;0;0;0;0;0;0
16.02.2024;07:51;A117;1;1;57;0;0;0;100;15;43;3;3;;;;;;;0;0;0;0;0;0;0;100;0;0;0;0;0;0;0;0;0;0;0;0
16.02.2024;07:50;A117;1;0;0;0;0;0;100;4;81;20;15;;;;;;;0;0;0;0;0;0;0;100;0;0;0;0;0;0;0;0;0;0;0;0
16.02.2024;07:49;A117;1;0;0;0;0;0;100;10;73;2;1;;;;;;;0;0;0;0;0;0;0;100;0;0;0;0;0;0;0;0;0;0;0;0
16.02.2024;07:48;A117;1;0;0;0;0;0;100;9;65;1;0;;;;;;;0;0;0;0;0;0;0;100;0;0;0;0;0;0;0;0;0;0;0;0
16.02.2024;07:47;A117;1;0;0;0;0;0;100;6;86;2;2;;;;;;;0;0;0;0;0;0;0;100;0;0;0;0;0;0;0;0;0;0;0;0
16.02.2024;07:46;A117;1;0;0;0;0;0;100;4;91;0;0;;;;;;;0;0;0;0;0;0;0;100;0;0;0;0;0;0;0;0;0;0;0;0
16.02.2024;07:45;A117;1;0;0;0;0;0;100;14;43;2;1;;;;;;;0;0;0;0;0;0;0;100;0;0;0;0;0;0;0;0;0;0;0;0
16.02.2024;07:44;A117;1;0;0;0;0;0;100;14;22;3;4;;;;;;;0;0;0;0;0;0;0;100;0;0;0;0;0;0;0;0;0;0;0;0
16.02.2024;07:43;A117;1;0;0;0;0;0;100;22;40;4;2;;;;;;;0;0;0;0;0;0;0;100;0;0;0;0;0;0;0;0;0;0;0;0
16.02.2024;07:42;A117;1;0;0;0;58;0;100;14;42;2;1;;;;;;;0;0;0;0;0;0;0;100;0;0;0;0;0;0;0;0;0;0;0;0
16.02.2024;07:41;A117;1;0;0;1;45;0;100;18;32;1;51;;;;;;;0;0;0;0;0;0;0;100;0;0;0;0;0;0;0;0;0;0;0;0
16.02.2024;07:40;A117;1;0;0;1;5;0;100;19;33;1;0;;;;;;;0;0;0;0;0;0;0;100;0;0;0;0;0;0;0;0;0;0;0;0
16.02.2024;07:39;A117;1;0;0;0;0;0;100;12;63;1;0;;;;;;;0;0;0;0;0;0;0;100;0;0;0;0;0;0;0;0;0;0;0;0
16.02.2024;07:38;A117;1;0;0;1;2;0;100;17;25;7;15;;;;;;;0;0;0;0;0;0;0;100;0;0;0;0;0;0;0;0;0;0;0;0
16.02.2024;07:37;A117;1;0;0;0;0;0;100;20;24;0;0;;;;;;;0;0;0;0;0;0;0;100;0;0;0;0;0;0;0;0;0;0;0;0
16.02.2024;07:36;A117;1;0;0;0;0;0;100;13;16;5;4;;;;;;;0;0;0;0;0;0;0;100;0;0;0;0;0;0;0;0;0;0;0;0
16.02.2024;07:35;A117;1;0;0;0;0;0;100;14;60;3;1;;;;;;;0;0;0;0;0;0;0;100;0;0;0;0;0;0;0;0;0;0;0;0
16.02.2024;07:34;A117;1;0;0;0;0;0;100;12;19;2;1;;;;;;;0;0;0;0;0;0;0;100;1;2;0;0;0;0;0;0;0;0;0;0
16.02.2024;07:33;A117;1;0;0;0;0;0;100;9;11;0;0;;;;;;;0;0;0;0;0;0;0;100;0;0;0;0;0;0;0;0;0;0;0;0
16.02.2024;07:32;A117;1;0;8;0;0;0;100;15;21;1;1;;;;;;;0;0;0;0;0;0;0;100;0;0;0;0;0;0;0;0;0;0;0;0
16.02.2024;07:31;A117;1;1;88;0;0;0;100;21;34;6;4;;;;;;;0;0;0;0;0;0;0;100;0;0;0;0;0;0;0;0;0;0;0;0
16.02.2024;07:30;A117;1;0;0;0;56;0;100;14;19;0;0;;;;;;;0;0;0;0;0;0;0;100;0;0;0;0;0;0;0;0;0;0;0;0
16.02.2024;07:29;A117;1;0;2;1;79;0;100;14;39;3;2;;;;;;;0;0;0;0;0;0;0;100;0;0;0;0;0;0;0;0;0;0;0;0
16.02.2024;07:28;A117;1;1;77;0;0;0;100;13;19;1;0;;;;;;;0;0;0;0;0;0;0;100;0;0;0;0;0;0;0;0;0;0;0;0
16.02.2024;07:27;A117;1;1;52;0;0;0;100;11;27;1;1;;;;;;;0;0;0;0;0;0;0;100;1;2;0;0;0;0;0;0;0;0;0;0
16.02.2024;07:26;A117;1;0;100;0;0;0;100;13;15;4;2;;;;;;;0;0;0;0;0;0;0;100;0;0;0;0;0;0;0;0;0;0;0;0
16.02.2024;07:25;A117;1;1;4;0;0;0;100;17;16;2;3;;;;;;;0;0;0;0;0;0;0;100;0;0;0;0;0;0;0;0;0;0;0;0
16.02.2024;07:24;A117;1;1;42;0;0;0;100;11;13;3;3;;;;;;;0;0;0;0;0;0;0;100;0;0;0;0;0;0;0;0;0;0;0;0
16.02.2024;07:23;A117;1;0;0;0;0;0;100;10;13;3;1;;;;;;;0;0;0;0;0;0;0;100;0;0;0;0;0;0;0;0;0;0;0;0
16.02.2024;07:22;A117;1;0;0;1;5;0;100;15;14;3;2;;;;;;;0;0;0;0;0;0;0;100;0;0;0;0;0;0;0;0;0;0;0;0
16.02.2024;07:21;A117;1;0;0;0;54;0;100;12;11;3;2;;;;;;;0;0;0;0;0;0;0;100;0;0;0;0;0;0;0;0;0;0;0;0
16.02.2024;07:20;A117;1;0;0;1;14;0;100;15;17;1;1;;;;;;;0;0;0;0;0;0;0;100;0;0;0;0;0;0;0;0;0;0;0;0
16.02.2024;07:19;A117;1;0;0;0;0;0;100;17;20;2;1;;;;;;;0;0;0;0;0;0;0;100;0;0;0;0;0;0;0;0;0;0;0;0
16.02.2024;07:18;A117;1;0;0;0;0;0;100;8;13;6;3;;;;;;;0;0;0;0;0;0;0;100;0;0;0;0;0;0;0;0;0;0;0;0
16.02.2024;07:17;A117;1;0;0;0;0;0;100;15;15;0;0;;;;;;;0;0;0;0;0;0;0;100;0;0;0;0;0;0;0;0;0;0;0;0
16.02.2024;07:16;A117;1;0;0;0;0;0;100;9;8;1;1;;;;;;;0;0;0;0;0;0;0;100;0;0;0;0;0;0;0;0;0;0;0;0
16.02.2024;07:15;A117;1;0;0;0;0;0;100;18;25;1;1;;;;;;;0;0;0;0;0;0;0;100;0;0;0;0;0;0;0;0;0;0;0;0
16.02.2024;07:14;A117;1;0;0;0;0;0;100;21;34;2;1;;;;;;;0;0;0;0;0;0;0;100;0;0;0;0;0;0;0;0;0;0;0;0
16.02.2024;07:13;A117;1;0;0;0;0;0;100;7;11;2;1;;;;;;;1;3;1;3;1;3;0;100;0;0;0;0;0;0;0;0;0;0;0;0
16.02.2024;07:12;A117;1;0;0;0;0;6;68;7;8;0;0;;;;;;;0;0;0;0;0;0;0;100;0;0;0;0;0;0;0;0;0;0;0;0
16.02.2024;07:11;A117;1;0;0;0;0;12;41;16;17;4;2;;;;;;;0;0;0;0;0;0;0;100;1;2;0;0;0;0;0;0;0;0;0;0
16.02.2024;07:10;A117;1;1;94;0;0;11;13;5;5;3;1;;;;;;;0;0;0;0;0;0;0;100;0;0;0;0;0;0;0;0;0;0;0;0
16.02.2024;07:09;A117;1;0;0;0;0;8;8;10;11;2;0;;;;;;;0;0;0;0;0;0;0;100;0;0;0;0;0;0;0;0;0;0;0;0
16.02.2024;07:08;A117;1;0;0;0;0;5;5;9;13;1;0;;;;;;;0;0;0;0;0;0;0;100;0;0;0;0;0;0;0;0;0;0;0;0
16.02.2024;07:07;A117;1;0;0;0;0;11;12;10;16;4;1;;;;;;;0;0;0;0;0;0;0;100;0;0;0;0;0;0;0;0;0;0;0;0
16.02.2024;07:06;A117;1;0;0;0;0;10;12;13;22;3;2;;;;;;;0;0;0;0;0;0;0;100;0;0;0;0;0;0;0;0;0;0;0;0
16.02.2024;07:05;A117;1;0;0;0;0;9;12;7;9;2;1;;;;;;;1;3;1;3;1;3;0;100;0;0;0;0;0;0;0;0;0;0;0;0
16.02.2024;07:04;A117;1;0;0;0;0;10;11;9;10;2;3;;;;;;;0;0;0;0;0;0;0;100;0;0;0;0;0;0;0;0;0;0;0;0
16.02.2024;07:03;A117;1;0;0;0;0;10;31;10;12;1;1;;;;;;;0;0;0;0;0;0;0;100;1;2;0;0;0;0;0;0;0;0;0;0
16.02.2024;07:02;A117;1;0;0;0;0;5;7;9;9;6;3;;;;;;;0;0;0;0;0;0;0;100;0;0;0;0;0;0;0;0;0;0;0;0
16.02.2024;07:01;A117;1;0;0;0;0;8;11;6;11;0;0;;;;;;;0;0;0;0;0;0;0;100;0;0;0;0;0;0;0;0;0;0;0;0
16.02.2024;07:00;A117;1;0;0;0;0;13;16;5;6;2;1;;;;;;;0;0;0;0;0;0;0;100;0;0;0;0;0;0;0;0;0;0;0;0
16.02.2024;06:59;A117;1;0;0;0;0;2;2;9;9;3;2;;;;;;;0;0;0;0;0;0;0;100;0;0;0;0;0;0;0;0;0;0;0;0
16.02.2024;06:58;A117;1;0;0;0;0;10;10;5;5;4;2;;;;;;;0;0;0;0;0;0;0;100;0;0;0;0;0;0;0;0;0;0;0;0
16.02.2024;06:57;A117;1;1;51;0;58;9;11;7;6;2;2;;;;;;;0;0;0;0;0;0;0;100;0;0;0;0;0;0;0;0;0;0;0;0
16.02.2024;06:56;A117;1;1;98;1;58;4;7;6;6;2;1;;;;;;;0;0;0;0;0;0;0;100;0;0;0;0;0;0;0;0;0;0;0;0
16.02.2024;06:55;A117;1;0;0;0;0;5;4;14;14;3;2;;;;;;;0;0;0;0;0;0;0;100;0;0;0;0;0;0;0;0;0;0;0;0
16.02.2024;06:54;A117;1;0;0;0;0;14;13;3;3;2;1;;;;;;;0;0;0;0;0;0;0;100;0;0;0;0;0;0;0;0;0;0;0;0
16.02.2024;06:53;A117;1;0;0;0;0;5;6;8;8;1;1;;;;;;;0;0;0;0;0;0;0;100;0;0;0;0;0;0;0;0;0;0;0;0
16.02.2024;06:52;A117;1;0;0;0;0;8;7;20;25;3;1;;;;;;;0;0;0;0;0;0;0;100;0;0;0;0;0;0;0;0;0;0;0;0
16.02.2024;06:51;A117;1;1;44;0;0;10;48;2;5;0;0;;;;;;;0;0;0;0;0;0;0;100;0;0;0;0;0;0;0;0;0;0;0;0
16.02.2024;06:50;A117;1;0;0;0;0;8;9;16;15;2;1;;;;;;;0;0;0;0;0;0;0;100;0;0;0;0;0;0;0;0;0;0;0;0
16.02.2024;06:49;A117;1;0;0;0;0;10;10;4;4;2;2;;;;;;;0;0;0;0;0;0;0;100;0;0;0;0;0;0;0;0;0;0;0;0
16.02.2024;06:48;A117;1;0;0;0;0;14;17;13;18;3;3;;;;;;;0;0;0;0;1;3;0;100;0;0;0;0;0;0;0;0;0;0;0;0
16.02.2024;06:47;A117;1;0;0;0;0;12;16;12;16;2;3;;;;;;;1;3;1;3;0;0;0;100;0;0;0;0;0;0;0;0;0;0;0;0
16.02.2024;06:46;A117;1;0;0;0;0;12;13;4;4;2;1;;;;;;;0;0;0;0;0;0;0;100;0;0;0;0;0;0;0;0;0;0;0;0
16.02.2024;06:45;A117;1;0;0;0;0;8;7;8;7;3;4;;;;;;;0;0;0;0;0;0;0;100;0;0;0;0;0;0;0;0;0;0;0;0
16.02.2024;06:44;A117;1;0;0;0;0;9;12;6;5;3;4;;;;;;;0;0;0;0;0;0;0;100;0;0;0;0;0;0;0;0;0;0;0;0
16.02.2024;06:43;A117;1;0;0;0;0;4;6;10;9;1;0;;;;;;;0;0;0;0;0;0;0;100;0;0;0;0;0;0;0;0;0;0;0;0
16.02.2024;06:42;A117;1;0;0;0;0;13;15;10;10;6;4;;;;;;;0;0;0;0;0;0;0;100;0;0;0;0;0;0;0;0;0;0;0;0
16.02.2024;06:41;A117;1;0;6;0;0;5;5;10;11;1;1;;;;;;;0;0;0;0;0;0;0;100;0;0;0;0;0;0;0;0;0;0;0;0
16.02.2024;06:40;A117;1;0;100;0;0;13;12;12;15;5;2;;;;;;;0;0;0;0;0;0;0;100;0;0;0;0;0;0;0;0;0;0;0;0
16.02.2024;06:39;A117;1;1;51;0;0;15;17;12;20;5;1;;;;;;;0;0;0;0;0;0;0;100;0;0;0;0;0;0;0;0;0;0;0;0
16.02.2024;06:38;A117;1;0;0;0;0;5;7;9;12;3;2;;;;;;;0;0;0;0;0;0;0;100;0;0;0;0;0;0;0;0;0;0;0;0
16.02.2024;06:37;A117;1;0;0;0;0;6;8;3;4;2;1;;;;;;;0;0;0;0;0;0;0;100;0;0;0;0;0;0;0;0;0;0;0;0
16.02.2024;06:36;A117;1;0;0;0;0;10;12;11;18;1;0;;;;;;;0;0;0;0;0;0;0;100;0;0;0;0;0;0;0;0;0;0;0;0
16.02.2024;06:35;A117;1;0;0;0;0;6;7;4;4;4;3;;;;;;;0;0;0;0;0;0;0;100;0;0;0;0;0;0;0;0;0;0;0;0
16.02.2024;06:34;A117;1;0;0;0;0;17;21;18;17;5;2;;;;;;;0;0;0;0;0;0;0;100;0;0;0;0;0;0;0;0;0;0;0;0
16.02.2024;06:33;A117;1;0;0;0;0;9;46;8;9;1;4;;;;;;;0;0;0;0;0;0;0;100;0;1;0;0;0;0;0;0;0;0;0;0
16.02.2024;06:32;A117;1;1;1;0;0;7;10;11;17;5;4;;;;;;;0;0;0;0;0;0;0;100;1;1;0;0;0;0;0;0;0;0;0;0
16.02.2024;06:31;A117;1;0;0;0;0;2;5;7;15;0;0;;;;;;;0;0;0;0;0;0;0;100;0;0;0;0;0;0;0;0;0;0;0;0
16.02.2024;06:30;A117;1;0;0;0;0;6;13;5;5;4;3;;;;;;;0;0;0;0;0;0;0;100;2;4;0;0;0;0;0;0;0;0;0;0
16.02.2024;06:29;A117;1;1;2;0;0;6;7;11;9;1;1;;;;;;;0;0;0;0;0;0;0;100;0;0;0;0;0;0;0;0;0;0;0;0
16.02.2024;06:28;A117;1;0;0;0;0;9;8;6;5;3;1;;;;;;;0;0;0;0;0;0;0;100;0;0;0;0;0;0;0;0;0;0;0;0
16.02.2024;06:27;A117;1;0;0;0;0;11;10;8;8;10;6;;;;;;;0;0;0;0;0;0;0;100;0;0;0;0;0;0;0;0;0;0;0;0
16.02.2024;06:26;A117;1;0;0;0;0;3;5;7;6;2;1;;;;;;;0;0;0;0;0;0;0;100;0;0;0;0;0;0;0;0;0;0;0;0
16.02.2024;06:25;A117;1;0;0;0;0;6;7;2;2;2;1;;;;;;;0;0;0;0;0;0;0;100;0;0;0;0;0;0;0;0;0;0;0;0
16.02.2024;06:24;A117;1;0;0;0;0;10;11;6;8;4;2;;;;;;;0;0;0;0;0;0;0;100;1;2;0;0;0;0;0;0;0;0;0;0
16.02.2024;06:23;A117;1;0;0;0;0;11;14;9;9;2;0;;;;;;;0;0;0;0;0;0;0;100;0;0;0;0;0;0;0;0;0;0;0;0
16.02.2024;06:22;A117;1;2;33;0;0;7;8;5;5;3;1;;;;;;;0;0;0;0;0;0;0;100;0;0;0;0;0;0;0;0;0;0;0;0
16.02.2024;06:21;A117;1;1;24;0;0;7;9;8;7;4;3;;;;;;;0;0;0;0;0;0;0;100;0;0;0;0;0;0;0;0;0;0;0;0
16.02.2024;06:20;A117;1;0;0;0;0;9;9;3;3;0;0;;;;;;;0;0;0;0;0;0;0;100;0;0;0;0;0;0;0;0;0;0;0;0
16.02.2024;06:19;A117;1;0;0;0;0;4;5;4;4;1;0;;;;;;;0;0;0;0;0;0;0;100;0;0;0;0;0;0;0;0;0;0;0;0
16.02.2024;06:18;A117;1;0;0;0;0;5;8;13;14;3;2;;;;;;;0;0;0;0;0;0;0;100;0;0;0;0;0;0;0;0;0;0;0;0
16.02.2024;06:17;A117;1;0;0;0;0;9;10;10;9;5;2;;;;;;;0;0;0;0;0;0;0;100;0;0;0;0;0;0;0;0;0;0;0;0
16.02.2024;06:16;A117;1;0;48;0;0;6;7;10;11;1;0;;;;;;;0;0;0;0;0;0;0;100;0;0;0;0;0;0;0;0;0;0;0;0
16.02.2024;06:15;A117;1;1;5;0;0;10;9;8;8;5;2;;;;;;;0;0;0;0;0;0;0;100;0;0;0;0;0;0;0;0;0;0;0;0
16.02.2024;06:14;A117;1;0;0;0;0;5;4;7;8;3;1;;;;;;;0;0;0;0;0;0;0;100;0;0;0;0;0;0;0;0;0;0;0;0
16.02.2024;06:13;A117;1;0;0;0;0;10;9;2;2;2;1;;;;;;;0;0;0;0;0;0;0;100;0;0;0;0;0;0;0;0;0;0;0;0
16.02.2024;06:12;A117;1;0;0;0;0;4;4;4;7;0;0;;;;;;;1;3;1;3;1;3;0;100;0;0;0;0;0;0;0;0;0;0;0;0
16.02.2024;06:11;A117;1;0;0;0;0;2;2;7;9;1;0;;;;;;;0;0;0;0;0;0;0;100;0;0;0;0;0;0;0;0;0;0;0;0
16.02.2024;06:10;A117;1;0;0;0;0;5;4;10;10;1;1;;;;;;;0;0;0;0;0;0;0;100;0;0;0;0;0;0;0;0;0;0;0;0
16.02.2024;06:09;A117;1;0;46;0;0;8;20;4;4;0;0;;;;;;;0;0;0;0;0;0;0;100;0;0;0;0;0;0;0;0;0;0;0;0
16.02.2024;06:08;A117;1;1;41;0;0;5;5;11;13;1;2;;;;;;;0;0;0;0;0;0;0;100;0;0;0;0;0;0;0;0;0;0;0;0
16.02.2024;06:07;A117;1;0;0;0;0;4;4;5;5;1;0;;;;;;;0;0;0;0;0;0;0;100;0;0;0;0;0;0;0;0;0;0;0;0
16.02.2024;06:06;A117;1;0;0;0;0;5;6;7;22;1;4;;;;;;;1;3;1;3;1;3;0;100;0;0;0;0;0;0;0;0;0;0;0;0
16.02.2024;06:05;A117;1;0;0;0;0;5;5;8;10;3;1;;;;;;;0;0;0;0;0;0;0;100;0;0;0;0;0;0;0;0;0;0;0;0
16.02.2024;06:04;A117;1;1;71;0;0;11;10;3;3;2;1;;;;;;;0;0;0;0;0;0;0;100;0;0;0;0;0;0;0;0;0;0;0;0
16.02.2024;06:03;A117;1;0;0;0;0;2;7;3;5;1;1;;;;;;;0;0;0;0;0;0;0;100;0;0;0;0;0;0;0;0;0;0;0;0
16.02.2024;06:02;A117;1;0;47;0;0;6;10;2;2;2;2;;;;;;;0;0;0;0;0;0;0;100;0;0;0;0;0;0;0;0;0;0;0;0
16.02.2024;06:01;A117;1;1;69;0;0;4;6;5;5;2;1;;;;;;;0;0;0;0;0;0;0;100;1;2;0;0;0;0;0;0;0;0;0;0
16.02.2024;06:00;A117;1;0;0;0;0;7;7;7;7;1;1;;;;;;;0;0;0;0;0;0;0;100;0;0;0;0;0;0;0;0;0;0;0;0
16.02.2024;05:59;A117;1;0;0;0;0;1;0;1;1;0;0;;;;;;;0;0;0;0;0;0;0;100;0;0;0;0;0;0;0;0;0;0;0;0
16.02.2024;05:58;A117;1;0;0;0;0;2;2;6;4;0;0;;;;;;;0;0;0;0;0;0;0;100;0;0;0;0;0;0;0;0;0;0;0;0
16.02.2024;05:57;A117;1;0;0;0;0;6;11;2;2;0;0;;;;;;;0;0;0;0;0;0;0;100;0;0;0;0;0;0;0;0;0;0;0;0
16.02.2024;05:56;A117;1;0;0;0;0;3;2;8;7;3;2;;;;;;;0;0;0;0;0;0;0;100;0;0;0;0;0;0;0;0;0;0;0;0
16.02.2024;05:55;A117;1;0;0;0;0;4;3;7;9;0;0;;;;;;;0;0;0;0;0;0;0;100;0;0;0;0;0;0;0;0;0;0;0;0
16.02.2024;05:54;A117;1;0;0;0;0;1;0;3;5;0;0;;;;;;;0;0;0;0;0;0;0;100;0;0;0;0;0;0;0;0;0;0;0;0
16.02.2024;05:53;A117;1;0;0;0;0;8;7;10;10;2;1;;;;;;;0;0;0;0;0;0;0;100;0;0;0;0;0;0;0;0;0;0;0;0
16.02.2024;05:52;A117;1;0;0;0;0;1;1;1;2;1;1;;;;;;;0;0;0;0;0;0;0;100;0;0;0;0;0;0;0;0;0;0;0;0
16.02.2024;05:51;A117;1;1;1;0;0;6;6;7;6;2;2;;;;;;;0;0;0;0;0;0;0;100;0;0;0;0;0;0;0;0;0;0;0;0
16.02.2024;05:50;A117;1;0;0;0;0;6;5;4;4;3;2;;;;;;;0;0;0;0;0;0;0;100;0;0;0;0;0;0;0;0;0;0;0;0
16.02.2024;05:49;A117;1;0;0;0;0;9;9;9;12;0;0;;;;;;;0;0;0;0;0;0;0;100;0;0;0;0;0;0;0;0;0;0;0;0
16.02.2024;05:48;A117;1;0;0;0;0;5;5;5;4;1;0;;;;;;;0;0;0;0;0;0;0;100;0;0;0;0;0;0;0;0;0;0;0;0
16.02.2024;05:47;A117;1;0;0;0;0;4;4;3;6;1;0;;;;;;;0;0;1;3;1;3;0;100;0;0;0;0;0;0;0;0;0;0;0;0
16.02.2024;05:46;A117;1;0;0;0;0;3;3;5;4;2;1;;;;;;;1;3;0;0;0;0;0;100;0;0;0;0;0;0;0;0;0;0;0;0
16.02.2024;05:45;A117;1;0;0;0;0;1;0;6;6;1;1;;;;;;;0;0;0;0;0;0;0;100;0;0;0;0;0;0;0;0;0;0;0;0
16.02.2024;05:44;A117;1;0;0;0;0;4;3;4;4;1;1;;;;;;;0;0;0;0;0;0;0;100;0;0;0;0;0;0;0;0;0;0;0;0
16.02.2024;05:43;A117;1;0;0;0;0;5;3;4;3;1;0;;;;;;;0;0;0;0;0;0;0;100;0;0;0;0;0;0;0;0;0;0;0;0
16.02.2024;05:42;A117;1;0;0;0;0;6;6;7;7;0;0;;;;;;;0;0;0;0;0;0;0;100;0;0;0;0;0;0;0;0;0;0;0;0
16.02.2024;05:41;A117;1;0;0;2;19;3;4;8;10;2;2;;;;;;;0;0;0;0;0;0;0;100;0;0;0;0;0;0;0;0;0;0;0;0
16.02.2024;05:40;A117;1;0;0;0;0;8;6;5;5;1;1;;;;;;;0;0;0;0;0;0;0;100;0;0;0;0;0;0;0;0;0;0;0;0
16.02.2024;05:39;A117;1;0;0;0;0;5;4;13;13;2;1;;;;;;;0;0;0;0;0;0;0;100;0;0;0;0;0;0;0;0;0;0;0;0
16.02.2024;05:38;A117;1;0;0;0;0;5;4;5;7;3;1;;;;;;;0;0;0;0;0;0;0;100;0;0;0;0;0;0;0;0;0;0;0;0
16.02.2024;05:37;A117;1;0;0;0;0;4;5;1;1;2;1;;;;;;;0;0;0;0;0;0;0;100;0;0;0;0;0;0;0;0;0;0;0;0
16.02.2024;05:36;A117;1;0;0;0;0;5;4;5;6;2;0;;;;;;;0;0;0;0;0;0;0;100;0;0;0;0;0;0;0;0;0;0;0;0
16.02.2024;05:35;A117;1;0;0;0;0;5;6;8;12;2;1;;;;;;;0;0;0;0;0;0;0;100;0;0;0;0;0;0;0;0;0;0;0;0
16.02.2024;05:34;A117;1;0;0;0;0;5;3;7;8;2;1;;;;;;;0;0;0;0;0;0;0;100;0;0;0;0;0;0;0;0;0;0;0;0
16.02.2024;05:33;A117;1;0;0;0;0;5;5;4;3;1;1;;;;;;;0;0;0;0;0;0;0;100;0;0;0;0;0;0;0;0;0;0;0;0
16.02.2024;05:32;A117;1;0;0;0;0;7;9;6;5;5;3;;;;;;;0;0;0;0;0;0;0;100;0;0;0;0;0;0;0;0;0;0;0;0
16.02.2024;05:31;A117;1;1;33;0;0;3;8;5;5;0;0;;;;;;;0;0;0;0;0;0;0;100;0;0;0;0;0;0;0;0;0;0;0;0
16.02.2024;05:30;A117;1;0;0;0;0;5;9;3;3;3;4;;;;;;;0;0;0;0;0;0;0;100;0;0;0;0;0;0;0;0;0;0;0;0
16.02.2024;05:29;A117;1;0;0;0;0;0;0;0;0;0;0;;;;;;;0;0;0;0;0;0;0;100;0;0;0;0;0;0;0;0;0;0;0;0
16.02.2024;05:28;A117;1;0;0;0;0;4;4;8;11;2;1;;;;;;;0;0;0;0;0;0;0;100;0;0;0;0;0;0;0;0;0;0;0;0
16.02.2024;05:27;A117;1;0;0;1;2;6;5;6;5;1;4;;;;;;;0;0;0;0;0;0;0;100;0;0;0;0;0;0;0;0;0;0;0;0
16.02.2024;05:26;A117;1;0;0;0;0;3;3;3;2;2;1;;;;;;;0;0;0;0;0;0;0;100;0;0;0;0;0;0;0;0;0;0;0;0
16.02.2024;05:25;A117;1;0;0;0;0;2;2;7;6;2;1;;;;;;;0;0;0;0;0;0;0;100;0;0;0;0;0;0;0;0;0;0;0;0
16.02.2024;05:24;A117;1;0;0;0;0;5;3;5;4;2;1;;;;;;;0;0;0;0;0;0;0;100;0;0;0;0;0;0;0;0;0;0;0;0
16.02.2024;05:23;A117;1;0;0;0;0;6;7;2;2;1;2;;;;;;;0;0;0;0;0;0;0;100;0;0;0;0;0;0;0;0;0;0;0;0
16.02.2024;05:22;A117;1;0;0;0;0;2;3;2;2;1;2;;;;;;;0;0;0;0;0;0;0;100;0;0;0;0;0;0;0;0;0;0;0;0
16.02.2024;05:21;A117;1;0;0;0;0;1;1;6;5;1;1;;;;;;;0;0;0;0;0;0;0;100;0;0;0;0;0;0;0;0;0;0;0;0
16.02.2024;05:20;A117;1;0;0;0;0;3;3;2;2;1;2;;;;;;;0;0;0;0;0;0;0;100;0;0;0;0;0;0;0;0;0;0;0;0
16.02.2024;05:19;A117;1;0;0;0;0;3;2;0;0;2;1;;;;;;;0;0;0;0;0;0;0;100;0;0;0;0;0;0;0;0;0;0;0;0
16.02.2024;05:18;A117;1;0;0;0;0;2;5;9;15;0;0;;;;;;;0;0;0;0;1;3;0;100;0;0;0;0;0;0;0;0;0;0;0;0
16.02.2024;05:17;A117;1;0;0;0;0;1;1;0;0;0;0;;;;;;;0;0;0;0;0;0;0;100;0;0;0;0;0;0;0;0;0;0;0;0
16.02.2024;05:16;A117;1;0;0;0;0;4;7;6;9;4;2;;;;;;;1;3;1;3;0;0;0;100;0;0;0;0;0;0;0;0;0;0;0;0
16.02.2024;05:15;A117;1;0;0;0;0;1;1;1;1;1;0;;;;;;;0;0;0;0;0;0;0;100;0;0;0;0;0;0;0;0;0;0;0;0
16.02.2024;05:14;A117;1;0;0;0;0;1;1;0;0;1;1;;;;;;;0;0;0;0;0;0;0;100;0;0;0;0;0;0;0;0;0;0;0;0
16.02.2024;05:13;A117;1;0;0;0;0;0;0;1;1;0;0;;;;;;;0;0;0;0;0;0;0;100;0;0;0;0;0;0;0;0;0;0;0;0
16.02.2024;05:12;A117;1;0;0;0;0;0;0;2;2;0;0;;;;;;;0;0;0;0;0;0;0;100;0;0;0;0;0;0;0;0;0;0;0;0
16.02.2024;05:11;A117;1;0;0;0;0;3;5;4;4;1;0;;;;;;;0;0;0;0;0;0;0;100;0;0;0;0;0;0;0;0;0;0;0;0
16.02.2024;05:10;A117;1;0;0;0;0;2;3;2;4;1;0;;;;;;;0;0;0;0;0;0;0;100;0;0;0;0;0;0;0;0;0;0;0;0
16.02.2024;05:09;A117;1;0;0;0;0;0;0;6;6;0;0;;;;;;;0;0;0;0;0;0;0;100;0;0;0;0;0;0;0;0;0;0;0;0
16.02.2024;05:08;A117;1;0;0;0;0;0;0;2;2;0;0;;;;;;;0;0;0;0;0;0;0;100;0;0;0;0;0;0;0;0;0;0;0;0
16.02.2024;05:07;A117;1;0;0;0;0;1;1;4;5;2;0;;;;;;;0;0;0;0;0;0;0;100;0;0;0;0;0;0;0;0;0;0;0;0
16.02.2024;05:06;A117;1;0;0;0;0;4;5;4;6;2;1;;;;;;;0;0;1;3;1;3;0;100;0;0;0;0;0;0;0;0;0;0;0;0
16.02.2024;05:05;A117;1;0;0;0;0;2;4;1;3;0;0;;;;;;;1;3;0;0;0;0;0;100;0;0;0;0;0;0;0;0;0;0;0;0
16.02.2024;05:04;A117;1;0;0;0;0;2;4;2;2;1;1;;;;;;;0;0;0;0;0;0;0;100;0;0;0;0;0;0;0;0;0;0;0;0
16.02.2024;05:03;A117;1;0;0;0;0;3;3;1;8;1;1;;;;;;;0;0;0;0;0;0;0;100;0;0;0;0;0;0;0;0;0;0;0;0
16.02.2024;05:02;A117;1;0;0;0;0;3;4;3;3;1;0;;;;;;;0;0;0;0;0;0;0;100;0;0;0;0;0;0;0;0;0;0;0;0
16.02.2024;05:01;A117;1;0;0;0;0;3;6;0;0;0;0;;;;;;;0;0;0;0;0;0;0;100;0;0;0;0;0;0;0;0;0;0;0;0
16.02.2024;05:00;A117;1;0;0;0;0;1;1;2;2;1;1;;;;;;;0;0;0;0;0;0;0;100;0;0;0;0;0;0;0;0;0;0;0;0
16.02.2024;04:59;A117;1;0;0;0;0;0;0;0;0;0;0;;;;;;;0;0;0;0;0;0;0;100;0;0;0;0;0;0;0;0;0;0;0;0
16.02.2024;04:58;A117;1;0;0;0;0;1;0;1;1;0;0;;;;;;;0;0;0;0;0;0;0;100;0;0;0;0;0;0;0;0;0;0;0;0
16.02.2024;04:57;A117;1;0;0;0;0;2;5;3;3;1;0;;;;;;;0;0;0;0;0;0;0;100;0;0;0;0;0;0;0;0;0;0;0;0
16.02.2024;04:56;A117;1;0;0;0;0;1;0;1;1;0;0;;;;;;;0;0;0;0;0;0;0;100;0;0;0;0;0;0;0;0;0;0;0;0
16.02.2024;04:55;A117;1;0;0;0;0;2;3;3;5;2;1;;;;;;;0;0;0;0;0;0;0;100;0;0;0;0;0;0;0;0;0;0;0;0
16.02.2024;04:54;A117;1;0;0;0;0;1;1;2;1;0;0;;;;;;;0;0;0;0;0;0;0;100;0;0;0;0;0;0;0;0;0;0;0;0
16.02.2024;04:53;A117;1;0;0;0;0;2;1;4;9;1;0;;;;;;;0;0;0;0;0;0;0;100;0;0;0;0;0;0;0;0;0;0;0;0
16.02.2024;04:52;A117;1;0;0;0;0;1;1;5;9;0;0;;;;;;;0;0;0;0;0;0;0;100;0;0;0;0;0;0;0;0;0;0;0;0
16.02.2024;04:51;A117;1;0;0;0;0;1;1;2;1;0;0;;;;;;;0;0;0;0;0;0;0;100;0;0;0;0;0;0;0;0;0;0;0;0
16.02.2024;04:50;A117;1;0;0;0;0;2;4;0;0;1;1;;;;;;;0;0;0;0;0;0;0;100;0;0;0;0;0;0;0;0;0;0;0;0
16.02.2024;04:49;A117;1;0;0;0;0;0;1;4;3;0;0;;;;;;;0;0;0;0;0;0;0;100;0;0;0;0;0;0;0;0;0;0;0;0
16.02.2024;04:48;A117;1;0;0;0;0;2;1;0;0;0;0;;;;;;;0;0;0;0;0;0;0;100;0;0;0;0;0;0;0;0;0;0;0;0
16.02.2024;04:47;A117;1;0;0;0;0;2;2;2;1;0;0;;;;;;;0;0;0;0;1;3;0;100;0;0;0;0;0;0;0;0;0;0;0;0
16.02.2024;04:46;A117;1;0;0;0;0;0;0;1;5;0;0;;;;;;;1;3;1;3;0;0;0;100;0;0;0;0;0;0;0;0;0;0;0;0
16.02.2024;04:45;A117;1;0;0;0;0;2;1;4;4;1;1;;;;;;;0;0;0;0;0;0;0;100;0;0;0;0;0;0;0;0;0;0;0;0
16.02.2024;04:44;A117;1;0;0;0;0;1;1;0;0;2;1;;;;;;;0;0;0;0;0;0;0;100;0;0;0;0;0;0;0;0;0;0;0;0
16.02.2024;04:43;A117;1;0;0;0;0;1;1;0;0;0;0;;;;;;;0;0;0;0;0;0;0;100;0;0;0;0;0;0;0;0;0;0;0;0
16.02.2024;04:42;A117;1;0;0;0;0;1;1;1;1;0;0;;;;;;;0;0;0;0;0;0;0;100;0;0;0;0;0;0;0;0;0;0;0;0
16.02.2024;04:41;A117;1;0;0;0;0;1;1;3;3;1;0;;;;;;;0;0;0;0;0;0;0;100;0;0;0;0;0;0;0;0;0;0;0;0
16.02.2024;04:40;A117;1;0;0;0;0;1;1;0;0;1;0;;;;;;;0;0;0;0;0;0;0;100;0;0;0;0;0;0;0;0;0;0;0;0
16.02.2024;04:39;A117;1;0;0;0;0;0;0;2;2;1;2;;;;;;;0;0;0;0;0;0;0;100;0;0;0;0;0;0;0;0;0;0;0;0
16.02.2024;04:38;A117;1;0;0;0;0;2;3;2;2;0;0;;;;;;;0;0;0;0;0;0;0;100;0;0;0;0;0;0;0;0;0;0;0;0
16.02.2024;04:37;A117;1;0;0;0;0;1;1;1;1;0;0;;;;;;;0;0;0;0;0;0;0;100;0;0;0;0;0;0;0;0;0;0;0;0
16.02.2024;04:36;A117;1;0;0;0;0;1;1;1;1;0;0;;;;;;;0;0;0;0;0;0;0;100;0;0;0;0;0;0;0;0;0;0;0;0
16.02.2024;04:35;A117;1;0;0;0;0;0;0;1;1;0;0;;;;;;;0;0;0;0;0;0;0;100;0;0;0;0;0;0;0;0;0;0;0;0
16.02.2024;04:34;A117;1;0;0;0;0;1;1;1;1;0;0;;;;;;;0;0;0;0;0;0;0;100;0;0;0;0;0;0;0;0;0;0;0;0
16.02.2024;04:33;A117;1;0;0;0;0;2;5;2;2;1;1;;;;;;;0;0;0;0;0;0;0;100;0;0;0;0;0;0;0;0;0;0;0;0
16.02.2024;04:32;A117;1;0;0;0;0;3;2;0;0;2;1;;;;;;;0;0;0;0;0;0;0;100;0;0;0;0;0;0;0;0;0;0;0;0
16.02.2024;04:31;A117;1;0;0;0;0;2;2;0;0;2;1;;;;;;;0;0;0;0;0;0;0;100;0;0;0;0;0;0;0;0;0;0;0;0
16.02.2024;04:30;A117;1;0;0;0;0;1;3;1;4;1;0;;;;;;;0;0;0;0;0;0;0;100;0;0;0;0;0;0;0;0;0;0;0;0
16.02.2024;04:29;A117;1;0;0;0;0;2;2;2;3;1;1;;;;;;;0;0;0;0;0;0;0;100;0;0;0;0;0;0;0;0;0;0;0;0
16.02.2024;04:28;A117;1;0;0;0;0;1;1;2;2;1;1;;;;;;;0;0;0;0;0;0;0;100;0;0;0;0;0;0;0;0;0;0;0;0
16.02.2024;04:27;A117;1;0;0;0;0;0;0;2;2;0;0;;;;;;;0;0;0;0;0;0;0;100;0;0;0;0;0;0;0;0;0;0;0;0
16.02.2024;04:26;A117;1;0;0;0;0;0;0;1;1;0;0;;;;;;;0;0;0;0;0;0;0;100;0;0;0;0;0;0;0;0;0;0;0;0
16.02.2024;04:25;A117;1;0;0;0;0;0;0;0;0;0;0;;;;;;;0;0;0;0;0;0;0;100;0;0;0;0;0;0;0;0;0;0;0;0
16.02.2024;04:24;A117;1;0;0;0;0;2;5;0;0;0;0;;;;;;;0;0;0;0;0;0;0;100;0;0;0;0;0;0;0;0;0;0;0;0
16.02.2024;04:23;A117;1;0;0;0;0;1;3;2;2;0;0;;;;;;;0;0;0;0;0;0;0;100;0;0;0;0;0;0;0;0;0;0;0;0
16.02.2024;04:22;A117;1;0;0;0;0;0;0;1;1;0;0;;;;;;;0;0;0;0;0;0;0;100;0;0;0;0;0;0;0;0;0;0;0;0
16.02.2024;04:21;A117;1;0;0;0;0;2;2;1;1;1;0;;;;;;;0;0;0;0;0;0;0;100;0;0;0;0;0;0;0;0;0;0;0;0
16.02.2024;04:20;A117;1;0;0;0;0;5;2;2;5;3;2;;;;;;;0;0;0;0;0;0;0;100;0;0;0;0;0;0;0;0;0;0;0;0
16.02.2024;04:19;A117;1;0;0;0;0;0;0;0;0;0;0;;;;;;;0;0;0;0;0;0;0;100;0;0;0;0;0;0;0;0;0;0;0;0
16.02.2024;04:18;A117;1;0;0;0;0;2;4;1;2;1;0;;;;;;;0;0;0;0;1;3;0;100;0;0;0;0;0;0;0;0;0;0;0;0
16.02.2024;04:17;A117;1;0;0;0;0;0;0;3;7;0;0;;;;;;;1;3;1;3;0;0;0;100;0;0;0;0;0;0;0;0;0;0;0;0
16.02.2024;04:16;A117;1;0;0;0;0;0;0;1;1;0;0;;;;;;;0;0;0;0;0;0;0;100;0;0;0;0;0;0;0;0;0;0;0;0
16.02.2024;04:15;A117;1;0;0;0;0;1;1;3;2;0;0;;;;;;;0;0;0;0;0;0;0;100;0;0;0;0;0;0;0;0;0;0;0;0
16.02.2024;04:14;A117;1;0;0;0;0;0;0;1;1;0;0;;;;;;;0;0;0;0;0;0;0;100;0;0;0;0;0;0;0;0;0;0;0;0
16.02.2024;04:13;A117;1;0;0;0;0;0;0;0;0;0;0;;;;;;;0;0;0;0;0;0;0;100;0;0;0;0;0;0;0;0;0;0;0;0
16.02.2024;04:12;A117;1;0;0;0;0;2;1;1;1;2;1;;;;;;;0;0;0;0;0;0;0;100;0;0;0;0;0;0;0;0;0;0;0;0
16.02.2024;04:11;A117;1;0;0;0;0;1;1;0;0;0;0;;;;;;;0;0;0;0;0;0;0;100;0;0;0;0;0;0;0;0;0;0;0;0
16.02.2024;04:10;A117;1;0;0;0;0;0;0;2;2;0;0;;;;;;;0;0;0;0;0;0;0;100;0;0;0;0;0;0;0;0;0;0;0;0
16.02.2024;04:09;A117;1;0;0;0;0;0;0;1;1;0;0;;;;;;;0;0;0;0;0;0;0;100;0;0;0;0;0;0;0;0;0;0;0;0
16.02.2024;04:08;A117;1;0;0;0;0;1;1;0;0;1;1;;;;;;;0;0;0;0;0;0;0;100;0;0;0;0;0;0;0;0;0;0;0;0
16.02.2024;04:07;A117;1;0;0;0;0;1;1;0;0;1;0;;;;;;;0;0;0;0;0;0;0;100;0;0;0;0;0;0;0;0;0;0;0;0
16.02.2024;04:06;A117;1;0;0;0;0;1;1;0;0;0;0;;;;;;;0;0;0;0;0;0;0;100;0;0;0;0;0;0;0;0;0;0;0;0
16.02.2024;04:05;A117;1;0;0;0;0;1;1;1;1;1;1;;;;;;;0;0;0;0;0;0;0;100;0;0;0;0;0;0;0;0;0;0;0;0
16.02.2024;04:04;A117;1;0;0;0;0;2;2;0;0;2;1;;;;;;;0;0;0;0;0;0;0;100;0;0;0;0;0;0;0;0;0;0;0;0
16.02.2024;04:03;A117;1;0;0;0;0;2;4;0;0;1;1;;;;;;;0;0;0;0;0;0;0;100;0;0;0;0;0;0;0;0;0;0;0;0
16.02.2024;04:02;A117;1;0;0;0;0;2;1;0;0;2;1;;;;;;;0;0;0;0;0;0;0;100;0;0;0;0;0;0;0;0;0;0;0;0
16.02.2024;04:01;A117;1;0;0;0;0;1;1;2;2;0;0;;;;;;;0;0;0;0;0;0;0;100;0;0;0;0;0;0;0;0;0;0;0;0
16.02.2024;04:00;A117;1;0;0;0;0;0;0;1;1;0;0;;;;;;;0;0;0;0;0;0;0;100;0;0;0;0;0;0;0;0;0;0;0;0
16.02.2024;03:59;A117;1;0;0;0;0;1;2;1;2;1;2;;;;;;;0;0;0;0;0;0;0;100;0;0;0;0;0;0;0;0;0;0;0;0
16.02.2024;03:58;A117;1;0;0;0;0;2;3;0;0;0;0;;;;;;;0;0;0;0;0;0;0;100;0;0;0;0;0;0;0;0;0;0;0;0
16.02.2024;03:57;A117;1;0;0;0;0;1;0;1;1;0;0;;;;;;;0;0;0;0;0;0;0;100;0;0;0;0;0;0;0;0;0;0;0;0
16.02.2024;03:56;A117;1;0;0;0;0;0;0;2;2;0;0;;;;;;;0;0;0;0;0;0;0;100;0;0;0;0;0;0;0;0;0;0;0;0
16.02.2024;03:55;A117;1;0;0;0;0;3;5;0;0;2;3;;;;;;;0;0;0;0;0;0;0;100;0;0;0;0;0;0;0;0;0;0;0;0
16.02.2024;03:54;A117;1;0;0;0;0;0;0;0;0;0;0;;;;;;;0;0;0;0;0;0;0;100;0;0;0;0;0;0;0;0;0;0;0;0
16.02.2024;03:53;A117;1;0;0;0;0;3;2;0;0;2;1;;;;;;;0;0;0;0;0;0;0;100;0;0;0;0;0;0;0;0;0;0;0;0
16.02.2024;03:52;A117;1;0;0;0;0;0;0;0;0;0;0;;;;;;;0;0;0;0;0;0;0;100;0;0;0;0;0;0;0;0;0;0;0;0
16.02.2024;03:51;A117;1;0;0;0;0;1;1;2;2;1;0;;;;;;;0;0;0;0;0;0;0;100;0;0;0;0;0;0;0;0;0;0;0;0
16.02.2024;03:50;A117;1;0;0;0;0;0;0;0;0;0;0;;;;;;;0;0;0;0;0;0;0;100;0;0;0;0;0;0;0;0;0;0;0;0
16.02.2024;03:49;A117;1;0;0;0;0;1;0;1;1;0;0;;;;;;;0;0;0;0;0;0;0;100;0;0;0;0;0;0;0;0;0;0;0;0
16.02.2024;03:48;A117;1;0;0;0;0;0;0;0;0;0;0;;;;;;;0;0;0;0;0;0;0;100;0;0;0;0;0;0;0;0;0;0;0;0
16.02.2024;03:47;A117;1;0;0;0;0;0;0;0;0;0;0;;;;;;;0;0;0;0;0;0;0;100;0;0;0;0;0;0;0;0;0;0;0;0
16.02.2024;03:46;A117;1;0;0;0;0;2;3;1;3;2;1;;;;;;;0;0;0;0;0;0;0;100;0;0;0;0;0;0;0;0;0;0;0;0
16.02.2024;03:45;A117;1;0;0;0;0;1;1;0;0;0;0;;;;;;;0;0;0;0;0;0;0;100;0;0;0;0;0;0;0;0;0;0;0;0
16.02.2024;03:44;A117;1;0;0;0;0;0;0;0;0;0;0;;;;;;;0;0;0;0;0;0;0;100;0;0;0;0;0;0;0;0;0;0;0;0
16.02.2024;03:43;A117;1;0;0;0;0;1;1;1;1;0;0;;;;;;;0;0;0;0;0;0;0;100;0;0;0;0;0;0;0;0;0;0;0;0
16.02.2024;03:42;A117;1;0;0;0;0;0;0;0;0;0;0;;;;;;;0;0;0;0;0;0;0;100;0;0;0;0;0;0;0;0;0;0;0;0
16.02.2024;03:41;A117;1;0;0;0;0;0;0;0;0;0;0;;;;;;;0;0;0;0;0;0;0;100;0;0;0;0;0;0;0;0;0;0;0;0
16.02.2024;03:40;A117;1;0;0;0;0;2;6;1;1;1;1;;;;;;;0;0;0;0;0;0;0;100;0;0;0;0;0;0;0;0;0;0;0;0
16.02.2024;03:39;A117;1;0;0;0;0;0;0;0;0;0;0;;;;;;;0;0;0;0;0;0;0;100;0;0;0;0;0;0;0;0;0;0;0;0
16.02.2024;03:38;A117;1;0;0;0;0;0;0;1;1;1;1;;;;;;;0;0;0;0;0;0;0;100;0;0;0;0;0;0;0;0;0;0;0;0
16.02.2024;03:37;A117;1;0;0;0;0;2;2;0;0;0;0;;;;;;;0;0;0;0;0;0;0;100;0;0;0;0;0;0;0;0;0;0;0;0
16.02.2024;03:36;A117;1;0;0;0;0;0;0;2;2;0;0;;;;;;;0;0;0;0;0;0;0;100;0;0;0;0;0;0;0;0;0;0;0;0
16.02.2024;03:35;A117;1;0;0;0;0;1;0;1;1;0;0;;;;;;;0;0;0;0;0;0;0;100;0;0;0;0;0;0;0;0;0;0;0;0
16.02.2024;03:34;A117;1;0;0;0;0;0;0;0;0;0;0;;;;;;;0;0;0;0;0;0;0;100;0;0;0;0;0;0;0;0;0;0;0;0
16.02.2024;03:33;A117;1;0;0;0;0;0;0;0;0;0;0;;;;;;;0;0;0;0;0;0;0;100;0;0;0;0;0;0;0;0;0;0;0;0
16.02.2024;03:32;A117;1;0;0;0;0;1;1;0;0;1;1;;;;;;;0;0;0;0;0;0;0;100;0;0;0;0;0;0;0;0;0;0;0;0
16.02.2024;03:31;A117;1;0;0;0;0;0;0;0;0;0;0;;;;;;;0;0;0;0;0;0;0;100;0;0;0;0;0;0;0;0;0;0;0;0
16.02.2024;03:30;A117;1;0;0;0;0;1;1;0;0;1;1;;;;;;;0;0;0;0;0;0;0;100;0;0;0;0;0;0;0;0;0;0;0;0
16.02.2024;03:29;A117;1;0;0;0;0;1;1;0;0;1;1;;;;;;;0;0;0;0;0;0;0;100;0;0;0;0;0;0;0;0;0;0;0;0
16.02.2024;03:28;A117;1;0;0;0;0;2;4;2;2;2;2;;;;;;;0;0;0;0;0;0;0;100;0;0;0;0;0;0;0;0;0;0;0;0
16.02.2024;03:27;A117;1;0;0;0;0;1;0;1;1;0;0;;;;;;;0;0;0;0;0;0;0;100;0;0;0;0;0;0;0;0;0;0;0;0
16.02.2024;03:26;A117;1;0;0;0;0;0;0;1;1;0;0;;;;;;;0;0;0;0;0;0;0;100;0;0;0;0;0;0;0;0;0;0;0;0
16.02.2024;03:25;A117;1;0;0;0;0;1;1;2;2;0;0;;;;;;;0;0;0;0;0;0;0;100;0;0;0;0;0;0;0;0;0;0;0;0
16.02.2024;03:24;A117;1;0;0;0;0;2;2;1;2;0;0;;;;;;;0;0;0;0;0;0;0;100;0;0;0;0;0;0;0;0;0;0;0;0
16.02.2024;03:23;A117;1;0;0;0;0;1;1;0;0;0;0;;;;;;;0;0;0;0;0;0;0;100;0;0;0;0;0;0;0;0;0;0;0;0
16.02.2024;03:22;A117;1;0;0;0;0;0;0;0;0;0;0;;;;;;;0;0;0;0;0;0;0;100;0;0;0;0;0;0;0;0;0;0;0;0
16.02.2024;03:21;A117;1;0;0;0;0;0;0;1;1;0;0;;;;;;;0;0;0;0;0;0;0;100;0;0;0;0;0;0;0;0;0;0;0;0
16.02.2024;03:20;A117;1;0;0;0;0;1;1;1;1;1;0;;;;;;;0;0;0;0;0;0;0;100;0;0;0;0;0;0;0;0;0;0;0;0
16.02.2024;03:19;A117;1;0;0;0;0;0;0;0;0;0;0;;;;;;;0;0;0;0;0;0;0;100;0;0;0;0;0;0;0;0;0;0;0;0
16.02.2024;03:18;A117;1;0;0;0;0;1;1;0;0;0;0;;;;;;;0;0;0;0;0;0;0;100;0;0;0;0;0;0;0;0;0;0;0;0
16.02.2024;03:17;A117;1;0;0;0;0;0;0;0;0;0;0;;;;;;;0;0;0;0;0;0;0;100;0;0;0;0;0;0;0;0;0;0;0;0
16.02.2024;03:16;A117;1;0;0;0;0;1;2;1;3;0;0;;;;;;;0;0;0;0;0;0;0;100;0;0;0;0;0;0;0;0;0;0;0;0
16.02.2024;03:15;A117;1;0;0;0;0;1;2;1;3;0;0;;;;;;;0;0;0;0;0;0;0;100;0;0;0;0;0;0;0;0;0;0;0;0
16.02.2024;03:14;A117;1;0;0;0;0;0;0;0;0;0;0;;;;;;;0;0;0;0;0;0;0;100;0;0;0;0;0;0;0;0;0;0;0;0
16.02.2024;03:13;A117;1;0;0;0;0;0;0;0;0;0;0;;;;;;;0;0;0;0;0;0;0;100;0;0;0;0;0;0;0;0;0;0;0;0
16.02.2024;03:12;A117;1;0;0;0;0;2;4;0;0;1;1;;;;;;;0;0;0;0;0;0;0;100;0;0;0;0;0;0;0;0;0;0;0;0
16.02.2024;03:11;A117;1;0;0;0;0;1;3;0;0;1;3;;;;;;;0;0;0;0;0;0;0;100;0;0;0;0;0;0;0;0;0;0;0;0
16.02.2024;03:10;A117;1;0;0;0;0;0;0;0;0;0;0;;;;;;;0;0;0;0;0;0;0;100;0;0;0;0;0;0;0;0;0;0;0;0
16.02.2024;03:09;A117;1;0;30;0;0;0;0;0;0;0;0;;;;;;;0;0;0;0;0;0;0;100;0;0;0;0;0;0;0;0;0;0;0;0
16.02.2024;03:08;A117;1;1;4;0;0;1;4;0;0;1;0;;;;;;;0;0;0;0;0;0;0;100;0;0;0;0;0;0;0;0;0;0;0;0
16.02.2024;03:07;A117;1;0;0;0;0;1;1;0;0;1;1;;;;;;;0;0;0;0;0;0;0;100;0;0;0;0;0;0;0;0;0;0;0;0
16.02.2024;03:06;A117;1;0;0;0;0;0;0;0;0;0;0;;;;;;;0;0;0;0;0;0;0;100;0;0;0;0;0;0;0;0;0;0;0;0
16.02.2024;03:05;A117;1;0;0;0;0;1;1;0;0;0;0;;;;;;;0;0;0;0;0;0;0;100;0;0;0;0;0;0;0;0;0;0;0;0
16.02.2024;03:04;A117;1;0;0;0;0;1;1;0;0;0;0;;;;;;;0;0;0;0;0;0;0;100;0;0;0;0;0;0;0;0;0;0;0;0
16.02.2024;03:03;A117;1;0;0;0;0;0;0;0;0;1;1;;;;;;;0;0;0;0;0;0;0;100;0;0;0;0;0;0;0;0;0;0;0;0
16.02.2024;03:02;A117;1;0;0;0;0;1;1;0;0;0;0;;;;;;;0;0;0;0;0;0;0;100;0;0;0;0;0;0;0;0;0;0;0;0
16.02.2024;03:01;A117;1;0;0;0;0;1;2;0;0;1;1;;;;;;;0;0;0;0;0;0;0;100;0;0;0;0;0;0;0;0;0;0;0;0
16.02.2024;03:00;A117;1;0;0;0;0;0;0;0;0;0;0;;;;;;;0;0;0;0;0;0;0;100;0;0;0;0;0;0;0;0;0;0;0;0
16.02.2024;02:59;A117;1;0;0;0;0;1;1;0;0;1;1;;;;;;;0;0;0;0;0;0;0;100;0;0;0;0;0;0;0;0;0;0;0;0
16.02.2024;02:58;A117;1;0;0;0;0;1;1;0;0;1;0;;;;;;;0;0;0;0;0;0;0;100;0;0;0;0;0;0;0;0;0;0;0;0
16.02.2024;02:57;A117;1;0;0;0;0;0;0;0;0;0;0;;;;;;;0;0;0;0;0;0;0;100;0;0;0;0;0;0;0;0;0;0;0;0
16.02.2024;02:56;A117;1;0;0;0;0;0;0;1;1;0;0;;;;;;;0;0;0;0;0;0;0;100;0;0;0;0;0;0;0;0;0;0;0;0
16.02.2024;02:55;A117;1;0;0;0;0;0;0;0;0;0;0;;;;;;;0;0;0;0;0;0;0;100;0;0;0;0;0;0;0;0;0;0;0;0
16.02.2024;02:54;A117;1;0;0;0;0;1;1;0;0;1;1;;;;;;;0;0;0;0;0;0;0;100;0;0;0;0;0;0;0;0;0;0;0;0
16.02.2024;02:53;A117;1;0;0;0;0;0;0;0;0;0;0;;;;;;;0;0;0;0;0;0;0;100;0;0;0;0;0;0;0;0;0;0;0;0
16.02.2024;02:52;A117;1;0;0;0;0;1;1;0;0;1;1;;;;;;;0;0;0;0;0;0;0;100;0;0;0;0;0;0;0;0;0;0;0;0
16.02.2024;02:51;A117;1;0;0;0;0;1;0;1;1;0;0;;;;;;;0;0;0;0;0;0;0;100;0;0;0;0;0;0;0;0;0;0;0;0
16.02.2024;02:50;A117;1;0;0;0;0;1;1;1;1;0;0;;;;;;;0;0;0;0;0;0;0;100;0;0;0;0;0;0;0;0;0;0;0;0
16.02.2024;02:49;A117;1;0;0;0;0;0;0;0;0;0;0;;;;;;;0;0;0;0;0;0;0;100;0;0;0;0;0;0;0;0;0;0;0;0
16.02.2024;02:48;A117;1;0;0;0;0;2;3;2;4;0;0;;;;;;;0;0;0;0;0;0;0;100;0;0;0;0;0;0;0;0;0;0;0;0
16.02.2024;02:47;A117;1;0;0;0;0;1;1;2;2;1;0;;;;;;;0;0;0;0;0;0;0;100;0;0;0;0;0;0;0;0;0;0;0;0
16.02.2024;02:46;A117;1;0;0;0;0;1;1;0;0;1;1;;;;;;;0;0;0;0;0;0;0;100;0;0;0;0;0;0;0;0;0;0;0;0
16.02.2024;02:45;A117;1;0;0;0;0;1;0;1;1;0;0;;;;;;;0;0;0;0;0;0;0;100;0;0;0;0;0;0;0;0;0;0;0;0
16.02.2024;02:44;A117;1;0;0;0;0;1;1;0;0;1;0;;;;;;;0;0;0;0;0;0;0;100;0;0;0;0;0;0;0;0;0;0;0;0
16.02.2024;02:43;A117;1;0;0;0;0;0;0;0;0;0;0;;;;;;;0;0;0;0;0;0;0;100;0;0;0;0;0;0;0;0;0;0;0;0
16.02.2024;02:42;A117;1;0;0;0;0;1;0;1;1;0;0;;;;;;;0;0;0;0;0;0;0;100;0;0;0;0;0;0;0;0;0;0;0;0
16.02.2024;02:41;A117;1;0;0;0;0;2;2;1;1;2;1;;;;;;;0;0;0;0;0;0;0;100;0;0;0;0;0;0;0;0;0;0;0;0
16.02.2024;02:40;A117;1;0;0;0;0;0;0;1;1;0;0;;;;;;;0;0;0;0;0;0;0;100;0;0;0;0;0;0;0;0;0;0;0;0
16.02.2024;02:39;A117;1;0;0;0;0;2;2;1;1;1;1;;;;;;;0;0;0;0;0;0;0;100;0;0;0;0;0;0;0;0;0;0;0;0
16.02.2024;02:38;A117;1;0;0;0;0;0;0;2;2;0;0;;;;;;;0;0;0;0;0;0;0;100;0;0;0;0;0;0;0;0;0;0;0;0
16.02.2024;02:37;A117;1;0;0;0;0;1;0;2;1;0;0;;;;;;;0;0;0;0;0;0;0;100;0;0;0;0;0;0;0;0;0;0;0;0
16.02.2024;02:36;A117;1;0;0;0;0;1;1;0;0;1;1;;;;;;;0;0;0;0;0;0;0;100;0;0;0;0;0;0;0;0;0;0;0;0
16.02.2024;02:35;A117;1;0;0;0;0;1;1;0;0;0;0;;;;;;;0;0;0;0;0;0;0;100;0;0;0;0;0;0;0;0;0;0;0;0
16.02.2024;02:34;A117;1;0;0;0;0;1;1;1;1;0;0;;;;;;;0;0;0;0;0;0;0;100;0;0;0;0;0;0;0;0;0;0;0;0
16.02.2024;02:33;A117;1;0;0;0;0;0;0;2;2;0;0;;;;;;;0;0;0;0;0;0;0;100;0;0;0;0;0;0;0;0;0;0;0;0
16.02.2024;02:32;A117;1;0;0;0;0;1;1;1;1;0;0;;;;;;;0;0;0;0;0;0;0;100;0;0;0;0;0;0;0;0;0;0;0;0
16.02.2024;02:31;A117;1;0;0;0;0;0;0;0;0;0;0;;;;;;;0;0;0;0;0;0;0;100;0;0;0;0;0;0;0;0;0;0;0;0
16.02.2024;02:30;A117;1;0;0;0;0;0;0;2;2;0;0;;;;;;;0;0;0;0;0;0;0;100;0;0;0;0;0;0;0;0;0;0;0;0
16.02.2024;02:29;A117;1;0;0;0;0;0;0;0;0;0;0;;;;;;;0;0;0;0;0;0;0;100;0;0;0;0;0;0;0;0;0;0;0;0
16.02.2024;02:28;A117;1;0;0;0;0;0;0;0;0;0;0;;;;;;;0;0;0;0;0;0;0;100;0;0;0;0;0;0;0;0;0;0;0;0
16.02.2024;02:27;A117;1;0;0;0;0;0;0;1;1;0;0;;;;;;;0;0;0;0;0;0;0;100;0;0;0;0;0;0;0;0;0;0;0;0
16.02.2024;02:26;A117;1;0;0;0;0;1;1;0;0;1;1;;;;;;;0;0;0;0;0;0;0;100;0;0;0;0;0;0;0;0;0;0;0;0
16.02.2024;02:25;A117;1;0;0;0;0;2;4;0;0;2;2;;;;;;;0;0;0;0;0;0;0;100;0;0;0;0;0;0;0;0;0;0;0;0
16.02.2024;02:24;A117;1;0;0;0;0;0;0;0;0;0;0;;;;;;;0;0;0;0;0;0;0;100;0;0;0;0;0;0;0;0;0;0;0;0
16.02.2024;02:23;A117;1;0;0;0;0;2;4;0;0;2;4;;;;;;;0;0;0;0;0;0;0;100;0;0;0;0;0;0;0;0;0;0;0;0
16.02.2024;02:22;A117;1;0;0;0;0;1;1;0;0;0;0;;;;;;;0;0;0;0;0;0;0;100;0;0;0;0;0;0;0;0;0;0;0;0
16.02.2024;02:21;A117;1;0;0;0;0;1;1;0;0;1;1;;;;;;;0;0;0;0;0;0;0;100;0;0;0;0;0;0;0;0;0;0;0;0
16.02.2024;02:20;A117;1;0;0;0;0;1;1;0;0;1;1;;;;;;;0;0;0;0;0;0;0;100;0;0;0;0;0;0;0;0;0;0;0;0
16.02.2024;02:19;A117;1;0;0;0;0;0;0;0;0;0;0;;;;;;;0;0;0;0;0;0;0;100;0;0;0;0;0;0;0;0;0;0;0;0
16.02.2024;02:18;A117;1;0;0;0;0;0;0;2;2;0;0;;;;;;;0;0;0;0;0;0;0;100;0;0;0;0;0;0;0;0;0;0;0;0
16.02.2024;02:17;A117;1;0;0;0;0;1;1;0;0;1;0;;;;;;;0;0;0;0;0;0;0;100;0;0;0;0;0;0;0;0;0;0;0;0
16.02.2024;02:16;A117;1;0;0;0;0;2;2;0;0;1;1;;;;;;;0;0;0;0;0;0;0;100;0;0;0;0;0;0;0;0;0;0;0;0
16.02.2024;02:15;A117;1;1;22;0;0;0;0;0;0;0;0;;;;;;;0;0;0;0;0;0;0;100;0;0;0;0;0;0;0;0;0;0;0;0
16.02.2024;02:14;A117;1;1;14;0;0;0;0;0;0;0;0;;;;;;;0;0;0;0;0;0;0;100;0;0;0;0;0;0;0;0;0;0;0;0
16.02.2024;02:13;A117;1;0;0;0;0;0;0;2;2;0;0;;;;;;;0;0;0;0;0;0;0;100;0;0;0;0;0;0;0;0;0;0;0;0
16.02.2024;02:12;A117;1;0;0;0;0;3;3;0;0;2;1;;;;;;;0;0;0;0;0;0;0;100;0;0;0;0;0;0;0;0;0;0;0;0
16.02.2024;02:11;A117;1;0;0;0;0;3;4;1;3;0;0;;;;;;;0;0;0;0;0;0;0;100;0;0;0;0;0;0;0;0;0;0;0;0
16.02.2024;02:10;A117;1;0;0;0;0;0;0;0;0;0;0;;;;;;;0;0;0;0;0;0;0;100;0;0;0;0;0;0;0;0;0;0;0;0
16.02.2024;02:09;A117;1;0;0;0;0;0;0;0;0;0;0;;;;;;;0;0;0;0;0;0;0;100;0;0;0;0;0;0;0;0;0;0;0;0
16.02.2024;02:08;A117;1;0;0;0;0;1;1;0;0;1;0;;;;;;;0;0;0;0;0;0;0;100;0;0;0;0;0;0;0;0;0;0;0;0
16.02.2024;02:07;A117;1;0;0;0;0;0;0;0;0;0;0;;;;;;;0;0;0;0;0;0;0;100;0;0;0;0;0;0;0;0;0;0;0;0
16.02.2024;02:06;A117;1;0;0;0;0;2;4;2;2;1;1;;;;;;;0;0;0;0;0;0;0;100;0;0;0;0;0;0;0;0;0;0;0;0
16.02.2024;02:05;A117;1;0;0;0;0;1;1;0;0;1;1;;;;;;;0;0;0;0;0;0;0;100;0;0;0;0;0;0;0;0;0;0;0;0
16.02.2024;02:04;A117;1;0;0;0;0;1;1;0;0;0;0;;;;;;;0;0;0;0;0;0;0;100;0;0;0;0;0;0;0;0;0;0;0;0
16.02.2024;02:03;A117;1;0;0;0;0;0;0;0;0;0;0;;;;;;;0;0;0;0;0;0;0;100;0;0;0;0;0;0;0;0;0;0;0;0
16.02.2024;02:02;A117;1;0;0;0;0;0;0;0;0;0;0;;;;;;;0;0;0;0;0;0;0;100;0;0;0;0;0;0;0;0;0;0;0;0
16.02.2024;02:01;A117;1;0;0;0;0;2;2;0;0;1;1;;;;;;;0;0;0;0;0;0;0;100;0;0;0;0;0;0;0;0;0;0;0;0
16.02.2024;02:00;A117;1;0;0;0;0;2;2;0;0;1;1;;;;;;;0;0;0;0;0;0;0;100;0;0;0;0;0;0;0;0;0;0;0;0
16.02.2024;01:59;A117;1;0;0;0;0;0;0;0;0;0;0;;;;;;;0;0;0;0;0;0;0;100;0;0;0;0;0;0;0;0;0;0;0;0
16.02.2024;01:58;A117;1;0;0;0;0;2;2;1;1;1;1;;;;;;;0;0;0;0;0;0;0;100;0;0;0;0;0;0;0;0;0;0;0;0
16.02.2024;01:57;A117;1;0;0;0;0;2;2;0;0;2;1;;;;;;;0;0;0;0;0;0;0;100;0;0;0;0;0;0;0;0;0;0;0;0
16.02.2024;01:56;A117;1;0;0;0;0;1;1;0;0;1;0;;;;;;;0;0;0;0;0;0;0;100;0;0;0;0;0;0;0;0;0;0;0;0
16.02.2024;01:55;A117;1;0;0;0;0;1;1;1;1;0;0;;;;;;;0;0;0;0;0;0;0;100;0;0;0;0;0;0;0;0;0;0;0;0
16.02.2024;01:54;A117;1;0;0;0;0;0;0;1;1;1;1;;;;;;;0;0;0;0;0;0;0;100;0;0;0;0;0;0;0;0;0;0;0;0
16.02.2024;01:53;A117;1;0;0;0;0;0;0;0;0;0;0;;;;;;;0;0;0;0;0;0;0;100;0;0;0;0;0;0;0;0;0;0;0;0
16.02.2024;01:52;A117;1;0;0;0;0;2;4;2;4;1;1;;;;;;;0;0;0;0;0;0;0;100;0;0;0;0;0;0;0;0;0;0;0;0
16.02.2024;01:51;A117;1;0;0;0;0;0;0;0;0;0;0;;;;;;;0;0;0;0;0;0;0;100;0;0;0;0;0;0;0;0;0;0;0;0
16.02.2024;01:50;A117;1;0;0;0;0;0;0;0;0;0;0;;;;;;;0;0;0;0;0;0;0;100;0;0;0;0;0;0;0;0;0;0;0;0
16.02.2024;01:49;A117;1;0;0;0;0;1;1;0;0;0;0;;;;;;;0;0;0;0;0;0;0;100;0;0;0;0;0;0;0;0;0;0;0;0
16.02.2024;01:48;A117;1;0;0;0;0;0;0;1;1;0;0;;;;;;;0;0;0;0;0;0;0;100;0;0;0;0;0;0;0;0;0;0;0;0
16.02.2024;01:47;A117;1;0;0;0;0;0;0;0;0;0;0;;;;;;;0;0;0;0;0;0;0;100;0;0;0;0;0;0;0;0;0;0;0;0
16.02.2024;01:46;A117;1;0;0;0;0;0;0;1;1;0;0;;;;;;;0;0;0;0;0;0;0;100;0;0;0;0;0;0;0;0;0;0;0;0
16.02.2024;01:45;A117;1;0;0;0;0;1;1;0;0;1;0;;;;;;;0;0;0;0;0;0;0;100;0;0;0;0;0;0;0;0;0;0;0;0
16.02.2024;01:44;A117;1;0;0;0;0;3;2;2;3;0;0;;;;;;;0;0;0;0;0;0;0;100;0;0;0;0;0;0;0;0;0;0;0;0
16.02.2024;01:43;A117;1;0;0;0;0;0;0;1;1;0;0;;;;;;;0;0;0;0;0;0;0;100;0;0;0;0;0;0;0;0;0;0;0;0
16.02.2024;01:42;A117;1;0;0;0;0;1;3;0;0;1;3;;;;;;;0;0;0;0;0;0;0;100;0;0;0;0;0;0;0;0;0;0;0;0
16.02.2024;01:41;A117;1;0;0;0;0;1;0;1;3;0;0;;;;;;;0;0;0;0;0;0;0;100;0;0;0;0;0;0;0;0;0;0;0;0
16.02.2024;01:40;A117;1;0;0;0;0;1;2;2;3;0;0;;;;;;;0;0;0;0;0;0;0;100;0;0;0;0;0;0;0;0;0;0;0;0
16.02.2024;01:39;A117;1;0;0;0;0;0;0;1;4;0;0;;;;;;;0;0;0;0;0;0;0;100;0;0;0;0;0;0;0;0;0;0;0;0
16.02.2024;01:38;A117;1;0;0;0;0;1;1;1;1;0;0;;;;;;;0;0;0;0;0;0;0;100;0;0;0;0;0;0;0;0;0;0;0;0
16.02.2024;01:37;A117;1;0;0;0;0;2;2;0;0;2;1;;;;;;;0;0;0;0;0;0;0;100;0;0;0;0;0;0;0;0;0;0;0;0
16.02.2024;01:36;A117;1;0;0;0;0;0;0;0;0;0;0;;;;;;;0;0;0;0;0;0;0;100;0;0;0;0;0;0;0;0;0;0;0;0
16.02.2024;01:35;A117;1;0;0;0;0;1;1;0;0;1;2;;;;;;;0;0;0;0;0;0;0;100;0;0;0;0;0;0;0;0;0;0;0;0
16.02.2024;01:34;A117;1;0;0;0;0;2;3;1;1;0;0;;;;;;;0;0;0;0;0;0;0;100;0;0;0;0;0;0;0;0;0;0;0;0
16.02.2024;01:33;A117;1;0;0;0;0;0;0;3;3;0;0;;;;;;;0;0;0;0;0;0;0;100;0;0;0;0;0;0;0;0;0;0;0;0
16.02.2024;01:32;A117;1;0;0;0;0;1;2;0;0;2;1;;;;;;;0;0;0;0;0;0;0;100;0;0;0;0;0;0;0;0;0;0;0;0
16.02.2024;01:31;A117;1;0;0;0;0;1;1;1;1;0;0;;;;;;;0;0;0;0;0;0;0;100;0;0;0;0;0;0;0;0;0;0;0;0
16.02.2024;01:30;A117;1;0;0;0;0;1;1;0;0;0;0;;;;;;;0;0;0;0;0;0;0;100;0;0;0;0;0;0;0;0;0;0;0;0
16.02.2024;01:29;A117;1;0;0;0;0;0;0;1;1;1;1;;;;;;;0;0;0;0;0;0;0;100;0;0;0;0;0;0;0;0;0;0;0;0
16.02.2024;01:28;A117;1;0;0;0;0;0;0;0;0;0;0;;;;;;;0;0;0;0;0;0;0;100;0;0;0;0;0;0;0;0;0;0;0;0
16.02.2024;01:27;A117;1;0;0;0;0;2;3;0;0;2;2;;;;;;;0;0;0;0;0;0;0;100;0;0;0;0;0;0;0;0;0;0;0;0
16.02.2024;01:26;A117;1;0;0;0;0;1;1;0;0;0;0;;;;;;;0;0;0;0;0;0;0;100;0;0;0;0;0;0;0;0;0;0;0;0
16.02.2024;01:25;A117;1;0;0;0;0;1;1;0;0;0;0;;;;;;;0;0;0;0;0;0;0;100;0;0;0;0;0;0;0;0;0;0;0;0
16.02.2024;01:24;A117;1;0;0;0;0;0;0;0;0;0;0;;;;;;;0;0;0;0;0;0;0;100;0;0;0;0;0;0;0;0;0;0;0;0
16.02.2024;01:23;A117;1;0;0;0;0;0;0;0;0;0;0;;;;;;;0;0;0;0;0;0;0;100;0;0;0;0;0;0;0;0;0;0;0;0
16.02.2024;01:22;A117;1;0;0;0;0;2;2;0;0;2;1;;;;;;;0;0;0;0;0;0;0;100;0;0;0;0;0;0;0;0;0;0;0;0
16.02.2024;01:21;A117;1;0;0;0;0;0;0;0;0;0;0;;;;;;;0;0;0;0;0;0;0;100;0;0;0;0;0;0;0;0;0;0;0;0
16.02.2024;01:20;A117;1;0;0;0;0;1;3;0;0;1;3;;;;;;;0;0;0;0;0;0;0;100;0;0;0;0;0;0;0;0;0;0;0;0
16.02.2024;01:19;A117;1;0;0;0;0;0;0;1;2;0;0;;;;;;;0;0;0;0;0;0;0;100;0;0;0;0;0;0;0;0;0;0;0;0
16.02.2024;01:18;A117;1;0;0;0;0;0;0;0;0;0;0;;;;;;;0;0;0;0;0;0;0;100;0;0;0;0;0;0;0;0;0;0;0;0
16.02.2024;01:17;A117;1;1;37;0;0;0;0;0;0;0;0;;;;;;;0;0;0;0;0;0;0;100;0;0;0;0;0;0;0;0;0;0;0;0
16.02.2024;01:16;A117;1;0;0;0;0;1;1;0;0;1;1;;;;;;;0;0;0;0;0;0;0;100;0;0;0;0;0;0;0;0;0;0;0;0
16.02.2024;01:15;A117;1;0;0;0;0;0;0;0;0;0;0;;;;;;;0;0;0;0;0;0;0;100;0;0;0;0;0;0;0;0;0;0;0;0
16.02.2024;01:14;A117;1;0;0;0;0;1;2;1;1;1;1;;;;;;;0;0;0;0;0;0;0;100;0;0;0;0;0;0;0;0;0;0;0;0
16.02.2024;01:13;A117;1;0;0;0;0;0;0;0;0;0;0;;;;;;;0;0;0;0;0;0;0;100;0;0;0;0;0;0;0;0;0;0;0;0
16.02.2024;01:12;A117;1;0;0;0;0;4;4;0;0;4;3;;;;;;;0;0;0;0;0;0;0;100;0;0;0;0;0;0;0;0;0;0;0;0
16.02.2024;01:11;A117;1;0;0;0;0;1;1;0;0;1;1;;;;;;;0;0;0;0;0;0;0;100;0;0;0;0;0;0;0;0;0;0;0;0
16.02.2024;01:10;A117;1;0;0;0;0;0;0;0;0;0;0;;;;;;;0;0;0;0;0;0;0;100;0;0;0;0;0;0;0;0;0;0;0;0
16.02.2024;01:09;A117;1;0;0;0;0;1;2;0;0;0;0;;;;;;;0;0;0;0;0;0;0;100;0;0;0;0;0;0;0;0;0;0;0;0
16.02.2024;01:08;A117;1;0;0;0;0;0;0;1;1;0;0;;;;;;;0;0;0;0;0;0;0;100;0;0;0;0;0;0;0;0;0;0;0;0
16.02.2024;01:07;A117;1;0;0;0;0;0;0;0;0;0;0;;;;;;;0;0;0;0;0;0;0;100;0;0;0;0;0;0;0;0;0;0;0;0
16.02.2024;01:06;A117;1;0;0;0;0;2;2;1;1;0;0;;;;;;;0;0;0;0;0;0;0;100;0;0;0;0;0;0;0;0;0;0;0;0
16.02.2024;01:05;A117;1;0;0;0;0;2;3;0;0;2;1;;;;;;;0;0;0;0;0;0;0;100;0;0;0;0;0;0;0;0;0;0;0;0
16.02.2024;01:04;A117;1;0;0;0;0;0;0;2;4;0;0;;;;;;;0;0;0;0;0;0;0;100;0;0;0;0;0;0;0;0;0;0;0;0
16.02.2024;01:03;A117;1;0;0;0;0;0;0;0;0;0;0;;;;;;;0;0;0;0;0;0;0;100;0;0;0;0;0;0;0;0;0;0;0;0
16.02.2024;01:02;A117;1;0;0;0;0;1;1;0;0;0;0;;;;;;;0;0;0;0;0;0;0;100;0;0;0;0;0;0;0;0;0;0;0;0
16.02.2024;01:01;A117;1;0;0;0;0;1;1;1;1;0;0;;;;;;;0;0;0;0;0;0;0;100;0;0;0;0;0;0;0;0;0;0;0;0
16.02.2024;01:00;A117;1;0;0;0;0;1;2;2;4;0;0;;;;;;;0;0;0;0;0;0;0;100;0;0;0;0;0;0;0;0;0;0;0;0
