Datum;Uhrzeit;Bezeichnung;Intervall;VD21Z;VD21B;VD22Z;VD22B;VD81Z;VD81B;VD82Z;VD82B;D51Z;D51B;D51_2Z;D51_2B;D11Z;D11B;D11_2Z;D11_2B;T3_sZ;T3_sB;T3_bZ;T3_bB;T4_sZ;T4_sB;T4_bZ;T4_bB;T5_bZ;T5_bB;T6_bZ;T6_bB;T7_sZ;T7_sB;T7_bZ;T7_bB;T8_sZ;T8_sB;T8_bZ;T8_bB;T2_bZ;T2_bB;T9_bZ;T9_bB;VK1defZ;VK1defB;VK2defZ;VK2defB
13.01.2024;01:00;A 64;1;2;31;4;33;0;0;0;0;0;0;0;0;0;0;0;0;0;0;0;0;0;0;0;0;0;0;0;0;0;0;0;0;0;0;0;0;0;0;0;0;0;0;0;0
13.01.2024;00:59;A 64;1;2;52;1;66;0;0;0;0;0;0;0;0;0;0;0;0;0;0;0;0;0;0;0;0;0;0;0;0;0;0;0;0;0;0;0;0;0;0;0;0;0;0;0;0
13.01.2024;00:58;A 64;1;0;8;0;0;0;0;0;0;0;0;0;0;0;0;0;0;0;0;0;0;0;0;0;0;0;0;0;0;0;0;0;0;0;0;0;0;0;0;0;0;0;0;0;0
13.01.2024;00:57;A 64;1;1;49;1;12;0;0;0;0;0;0;0;0;0;0;2;0;1;0;1;4;0;0;0;0;0;0;0;0;0;0;0;0;0;0;0;0;0;0;0;0;0;0;0;0
13.01.2024;00:56;A 64;1;4;38;3;41;0;0;0;0;0;0;0;0;0;0;0;0;0;0;0;0;0;0;0;0;0;0;0;0;0;0;0;0;0;0;0;0;0;0;0;0;0;0;0;0
13.01.2024;00:55;A 64;1;1;23;1;7;0;0;0;0;0;0;1;22;1;7;0;0;0;0;0;0;0;0;0;0;0;0;0;0;0;0;0;0;0;0;0;0;0;0;0;0;0;0;0;0
13.01.2024;00:54;A 64;1;0;0;0;0;0;0;0;0;0;0;0;0;0;0;1;0;1;0;0;0;0;0;0;0;0;0;0;0;0;0;0;0;0;0;0;0;0;0;0;0;0;0;0;0
13.01.2024;00:53;A 64;1;2;45;3;21;0;0;0;0;0;0;1;10;2;9;0;0;0;0;0;0;0;0;0;0;0;0;0;0;0;0;0;0;0;0;0;0;0;0;0;0;0;0;0;0
13.01.2024;00:52;A 64;1;0;0;0;0;0;0;0;0;0;0;0;0;0;0;0;0;0;0;0;0;0;0;0;0;0;0;0;0;0;0;0;0;0;0;0;0;0;0;0;0;0;0;0;0
13.01.2024;00:51;A 64;1;0;0;1;5;2;32;2;31;2;18;0;0;0;0;0;0;0;0;0;0;0;0;0;0;0;0;0;0;0;0;0;0;0;0;0;0;0;0;0;0;0;0;0;0
13.01.2024;00:50;A 64;1;1;50;0;0;1;4;1;4;0;7;0;0;0;0;0;0;0;0;0;0;0;0;0;0;0;0;0;0;0;0;0;0;0;0;0;0;0;0;0;0;0;0;0;0
13.01.2024;00:49;A 64;1;1;0;1;8;0;0;0;0;1;5;0;0;0;0;0;0;0;0;0;0;0;0;0;0;0;0;0;0;0;0;0;0;0;0;0;0;0;0;0;0;0;0;0;0
13.01.2024;00:48;A 64;1;1;47;1;9;1;12;1;11;1;10;1;0;0;4;0;0;0;0;0;0;0;0;0;0;0;0;0;0;0;0;0;0;0;0;0;0;0;0;0;0;0;0;0;0
13.01.2024;00:47;A 64;1;0;0;0;0;0;0;0;0;0;0;0;12;1;3;0;0;0;0;0;0;0;0;0;0;0;0;0;0;0;0;0;0;0;0;0;0;0;0;0;0;0;0;0;0
13.01.2024;00:46;A 64;1;0;0;0;0;0;0;0;0;0;0;1;18;1;12;0;0;0;0;0;0;0;0;0;0;0;0;0;0;0;0;0;0;0;0;0;0;0;0;0;0;0;0;0;0
13.01.2024;00:45;A 64;1;0;0;0;0;0;0;0;0;0;0;0;0;0;0;1;1;1;1;0;0;0;0;0;0;0;0;0;0;0;0;0;0;0;0;0;0;0;0;0;0;0;0;0;0
13.01.2024;00:44;A 64;1;0;0;0;0;1;1;1;1;1;5;1;57;0;4;0;0;0;0;0;0;0;0;0;0;0;0;0;0;0;0;0;0;0;0;0;0;0;0;0;0;0;0;0;0
13.01.2024;00:43;A 64;1;0;0;0;0;0;0;0;0;0;0;1;1;1;62;0;0;0;0;0;0;0;0;0;0;0;0;0;0;0;0;0;0;0;0;0;0;0;0;0;0;0;0;0;0
13.01.2024;00:42;A 64;1;2;18;2;17;1;1;1;1;1;7;0;0;0;0;0;0;0;0;0;0;0;0;0;0;0;0;0;0;0;0;0;0;0;0;0;0;0;0;0;0;0;0;0;0
13.01.2024;00:41;A 64;1;1;0;1;5;0;0;0;0;0;0;0;0;0;0;0;0;0;0;0;0;0;0;0;0;0;0;0;0;0;0;0;0;0;0;0;0;0;0;0;0;0;0;0;0
13.01.2024;00:40;A 64;1;1;2;1;6;0;0;0;0;0;0;0;0;0;0;0;0;0;0;0;0;0;0;0;0;0;0;0;0;0;0;0;0;0;0;0;0;0;0;0;0;0;0;0;0
13.01.2024;00:39;A 64;1;1;23;1;5;0;0;0;0;0;0;0;0;0;0;0;0;0;0;0;0;0;0;0;0;0;0;0;0;0;0;0;0;0;0;0;0;0;0;0;0;0;0;0;0
13.01.2024;00:38;A 64;1;2;31;2;14;0;0;0;0;0;0;1;35;0;4;0;0;0;0;0;0;0;0;0;0;0;0;0;0;0;0;0;0;0;0;0;0;0;0;0;0;0;0;0;0
13.01.2024;00:37;A 64;1;1;24;1;8;1;24;1;17;2;10;0;0;1;5;0;0;0;0;0;0;0;0;0;0;0;0;0;0;0;0;0;0;0;0;0;0;0;0;0;0;0;0;0;0
13.01.2024;00:36;A 64;1;2;24;2;14;1;10;1;11;1;12;0;0;0;0;0;0;0;0;0;0;0;0;0;0;0;0;0;0;0;0;0;0;0;0;0;0;0;0;0;0;0;0;0;0
13.01.2024;00:35;A 64;1;1;1;1;8;1;1;1;1;1;9;0;10;2;7;0;0;0;0;0;0;0;0;0;0;0;0;0;0;0;0;0;0;0;0;0;0;0;0;0;0;0;0;0;0
13.01.2024;00:34;A 64;1;0;0;0;0;1;0;0;0;0;0;1;71;3;87;0;0;0;0;0;0;0;0;0;0;0;0;0;0;0;0;0;0;0;0;0;0;0;0;0;0;0;0;0;0
13.01.2024;00:33;A 64;1;2;30;2;9;0;0;0;0;0;0;0;0;0;0;0;0;0;0;0;0;0;0;0;0;0;0;0;0;0;0;0;0;0;0;0;0;0;0;0;0;0;0;0;0
13.01.2024;00:32;A 64;1;0;27;1;8;0;0;0;0;0;0;0;0;0;0;0;0;0;0;0;0;0;0;0;0;0;0;0;0;0;0;0;0;0;0;0;0;0;0;0;0;0;0;0;0
13.01.2024;00:31;A 64;1;2;69;1;7;0;0;0;0;0;0;1;13;1;10;0;0;0;0;0;0;0;0;0;0;0;0;0;0;0;0;0;0;0;0;0;0;0;0;0;0;0;0;0;0
13.01.2024;00:30;A 64;1;1;15;1;7;3;0;0;0;0;0;2;27;2;8;0;0;0;0;0;0;0;0;0;0;0;0;0;0;0;0;0;0;0;0;0;0;0;0;0;0;0;0;0;0
13.01.2024;00:29;A 64;1;1;15;1;20;0;0;0;0;0;0;1;1;1;7;0;0;0;0;0;0;0;0;0;0;0;0;0;0;0;0;0;0;0;0;0;0;0;0;0;0;0;0;0;0
13.01.2024;00:28;A 64;1;0;29;0;0;0;0;0;0;0;0;0;0;0;0;0;0;0;0;0;0;0;0;0;0;0;0;0;0;0;0;0;0;0;0;0;0;0;0;0;0;0;0;0;0
13.01.2024;00:27;A 64;1;1;8;1;10;1;10;1;3;0;13;0;0;0;0;0;0;0;0;0;0;0;0;0;0;0;0;0;0;0;0;0;0;0;0;0;0;0;0;0;0;0;0;0;0
13.01.2024;00:26;A 64;1;1;20;1;23;1;4;1;3;1;9;0;0;0;0;0;0;0;0;0;0;0;0;0;0;0;0;0;0;0;0;0;0;0;0;0;0;0;0;0;0;0;0;0;0
13.01.2024;00:25;A 64;1;0;0;0;0;0;0;0;0;0;0;0;0;0;0;0;0;0;0;0;0;0;0;0;0;0;0;0;0;0;0;0;0;0;0;0;0;0;0;0;0;0;0;0;0
13.01.2024;00:24;A 64;1;0;0;0;0;0;0;0;0;0;0;0;13;0;0;0;0;0;0;0;0;0;0;0;0;0;0;0;0;0;0;0;0;0;0;0;0;0;0;0;0;0;0;0;0
13.01.2024;00:23;A 64;1;0;0;0;0;1;1;1;1;1;7;1;56;1;9;0;0;0;0;0;0;0;0;0;0;0;0;0;0;0;0;0;0;0;0;0;0;0;0;0;0;0;0;0;0
13.01.2024;00:22;A 64;1;1;40;1;38;0;0;0;0;0;0;1;9;1;10;0;0;0;0;0;0;0;0;0;0;0;0;0;0;0;0;0;0;0;0;0;0;0;0;0;0;0;0;0;0
13.01.2024;00:21;A 64;1;3;5;3;24;0;0;0;0;0;0;0;0;0;0;0;0;0;0;0;0;0;0;0;0;0;0;0;0;0;0;0;0;0;0;0;0;0;0;0;0;0;0;0;0
13.01.2024;00:20;A 64;1;1;33;3;44;0;0;0;0;0;0;0;0;0;0;0;0;0;0;0;0;0;0;0;0;0;0;0;0;0;0;0;0;0;0;0;0;0;0;0;0;0;0;0;0
13.01.2024;00:19;A 64;1;0;0;0;0;1;23;1;22;1;10;0;0;0;0;0;0;0;0;0;0;0;0;0;0;0;0;0;0;0;0;0;0;0;0;0;0;0;0;0;0;0;0;0;0
13.01.2024;00:18;A 64;1;2;19;2;16;0;0;0;0;0;0;0;0;0;0;0;0;0;0;0;0;0;0;0;0;0;0;0;0;0;0;0;0;0;0;0;0;0;0;0;0;0;0;0;0
13.01.2024;00:17;A 64;1;2;11;2;13;1;38;1;2;1;6;1;0;1;12;1;25;1;25;1;4;0;0;0;0;0;0;0;0;0;0;0;0;0;0;0;0;0;0;0;0;0;0;0;0
13.01.2024;00:16;A 64;1;1;0;1;7;0;2;0;1;0;0;1;0;1;7;0;0;0;0;0;0;0;0;0;0;0;0;0;0;0;0;0;0;0;0;0;0;0;0;0;0;0;0;0;0
13.01.2024;00:15;A 64;1;0;0;0;0;1;32;1;22;1;10;1;0;1;6;0;0;0;0;0;0;0;0;0;0;0;0;0;0;0;0;0;0;0;0;0;0;0;0;0;0;0;0;0;0
13.01.2024;00:14;A 64;1;2;24;2;25;1;41;2;43;1;10;1;60;2;24;1;0;1;0;0;0;0;0;0;0;0;0;0;0;0;0;0;0;0;0;0;0;0;0;0;0;0;0;0;0
13.01.2024;00:13;A 64;1;0;0;0;7;0;0;0;0;0;0;0;0;1;0;1;28;1;28;1;9;0;0;0;0;0;0;0;0;0;0;0;0;0;0;0;0;0;0;0;0;0;0;0;0
13.01.2024;00:12;A 64;1;3;15;2;42;0;0;0;0;0;0;2;47;3;20;0;0;0;0;0;0;0;0;0;0;0;0;0;0;0;0;0;0;0;0;0;0;0;0;0;0;0;0;0;0
13.01.2024;00:11;A 64;1;0;0;0;0;1;21;1;20;1;19;1;41;1;9;0;0;0;0;0;0;0;0;0;0;0;0;0;0;0;0;0;0;0;0;0;0;0;0;0;0;0;0;0;0
13.01.2024;00:10;A 64;1;0;0;0;0;0;0;0;0;0;0;1;13;1;22;0;0;0;0;0;0;0;0;0;0;0;0;0;0;0;0;0;0;0;0;0;0;0;0;0;0;0;0;0;0
13.01.2024;00:09;A 64;1;1;0;1;5;0;0;0;0;0;0;2;45;0;0;1;0;1;0;0;0;0;0;0;0;0;0;0;0;0;0;0;0;0;0;0;0;0;0;0;0;0;0;0;0
13.01.2024;00:08;A 64;1;0;0;0;0;0;0;0;0;0;0;1;35;3;22;1;31;1;30;1;6;0;0;0;0;0;0;0;0;0;0;0;0;0;0;0;0;0;0;0;0;0;0;0;0
13.01.2024;00:07;A 64;1;0;0;0;0;0;0;0;0;0;0;0;0;0;0;1;22;1;23;2;3;0;0;0;0;0;0;0;0;0;0;0;0;0;0;0;0;0;0;0;0;0;0;0;0
13.01.2024;00:06;A 64;1;1;52;2;13;0;0;0;0;0;0;0;0;0;0;0;0;0;0;0;0;0;0;0;0;0;0;0;0;0;0;0;0;0;0;0;0;0;0;0;0;0;0;0;0
13.01.2024;00:05;A 64;1;1;1;1;6;0;0;0;0;0;0;0;0;0;0;0;0;0;0;0;0;0;0;0;0;0;0;0;0;0;0;0;0;0;0;0;0;0;0;0;0;0;0;0;0
13.01.2024;00:04;A 64;1;1;0;1;5;1;5;1;4;0;4;1;48;2;38;0;0;0;0;0;0;0;0;0;0;0;0;0;0;0;0;0;0;0;0;0;0;0;0;0;0;0;0;0;0
13.01.2024;00:03;A 64;1;0;0;0;0;1;50;1;51;1;60;1;53;2;65;0;0;0;0;0;0;0;0;0;0;0;0;0;0;0;0;0;0;0;0;0;0;0;0;0;0;0;0;0;0
13.01.2024;00:02;A 64;1;0;0;0;0;0;0;0;0;0;0;0;0;0;0;0;23;0;22;0;0;0;0;0;0;0;0;0;0;0;0;0;0;0;0;0;0;0;0;0;0;0;0;0;0
13.01.2024;00:01;A 64;1;2;23;3;28;1;39;0;38;0;0;2;4;1;8;1;5;1;6;1;77;0;0;0;0;0;0;0;0;0;0;0;0;0;0;0;0;0;0;0;0;0;0;0;0
13.01.2024;00:00;A 64;1;1;15;2;21;0;0;1;0;1;13;0;0;0;0;0;0;0;0;1;2;0;0;0;0;0;0;0;0;0;0;0;0;0;0;0;0;0;0;0;0;0;0;0;0
12.01.2024;23:59;A 64;1;1;1;1;11;1;7;1;7;1;8;1;52;1;6;0;0;0;0;0;0;0;0;0;0;0;0;0;0;0;0;0;0;0;0;0;0;0;0;0;0;0;0;0;0
12.01.2024;23:58;A 64;1;2;3;3;65;3;59;3;59;1;45;0;1;0;0;0;0;0;0;0;0;0;0;0;0;0;0;0;0;0;0;0;0;0;0;0;0;0;0;0;0;0;0;0;0
12.01.2024;23:57;A 64;1;1;0;1;7;1;14;1;4;2;21;1;48;2;8;1;0;1;0;1;2;0;0;0;0;0;0;0;0;0;0;0;0;0;0;0;0;0;0;0;0;0;0;0;0
12.01.2024;23:56;A 64;1;2;21;3;16;4;11;4;38;5;29;1;13;1;8;0;0;0;0;0;0;0;0;0;0;0;0;0;0;0;0;0;0;0;0;0;0;0;0;0;0;0;0;0;0
12.01.2024;23:55;A 64;1;2;46;1;49;1;3;1;3;2;16;0;0;0;0;0;0;0;0;0;0;0;0;0;0;0;0;0;0;0;0;0;0;0;0;0;0;0;0;0;0;0;0;0;0
12.01.2024;23:54;A 64;1;1;6;2;13;2;38;2;37;0;41;0;0;0;0;1;0;0;0;0;0;0;0;0;0;0;0;0;0;0;0;0;0;0;0;0;0;0;0;0;0;0;0;0;0
12.01.2024;23:53;A 64;1;1;3;0;0;1;10;1;12;1;25;1;21;1;11;0;0;0;0;0;0;0;0;0;0;0;0;0;0;0;0;0;0;0;0;0;0;0;0;0;0;0;0;0;0
12.01.2024;23:52;A 64;1;2;53;2;66;0;0;0;0;0;0;0;0;0;0;0;0;0;0;0;0;0;0;0;0;0;0;0;0;0;0;0;0;0;0;0;0;0;0;0;0;0;0;0;0
12.01.2024;23:51;A 64;1;1;1;1;7;1;46;1;45;1;12;2;28;1;9;0;0;0;0;0;0;0;0;0;0;0;0;0;0;0;0;0;0;0;0;0;0;0;0;0;0;0;0;0;0
12.01.2024;23:50;A 64;1;1;0;1;6;0;0;0;0;0;0;0;0;1;8;0;0;0;0;0;0;0;0;0;0;0;0;0;0;0;0;0;0;0;0;0;0;0;0;0;0;0;0;0;0
12.01.2024;23:49;A 64;1;0;0;0;0;0;0;0;0;0;0;0;0;0;0;0;0;0;0;0;0;0;0;0;0;0;0;0;0;0;0;0;0;0;0;0;0;0;0;0;0;0;0;0;0
12.01.2024;23:48;A 64;1;0;0;0;0;0;0;0;0;0;0;1;1;1;7;0;0;0;0;0;0;0;0;0;0;0;0;0;0;0;0;0;0;0;0;0;0;0;0;0;0;0;0;0;0
12.01.2024;23:47;A 64;1;3;12;3;37;0;0;0;0;0;0;2;10;1;8;0;59;0;58;0;0;0;0;0;0;0;0;0;0;0;0;0;0;0;0;0;0;0;0;0;0;0;0;0;0
12.01.2024;23:46;A 64;1;0;0;0;0;0;0;0;0;0;0;2;33;2;21;1;2;1;3;1;6;0;0;0;0;0;0;0;0;0;0;0;0;0;0;0;0;0;0;0;0;0;0;0;0
12.01.2024;23:45;A 64;1;0;0;0;0;0;0;0;0;0;0;1;0;1;7;0;0;0;0;0;0;0;0;0;0;0;0;0;0;0;0;0;0;0;0;0;0;0;0;0;0;0;0;0;0
12.01.2024;23:44;A 64;1;0;0;0;0;1;19;1;1;1;16;0;0;0;0;0;0;0;0;0;0;0;0;0;0;0;0;0;0;0;0;0;0;0;0;0;0;0;0;0;0;0;0;0;0
12.01.2024;23:43;A 64;1;1;54;0;6;1;37;5;8;1;12;2;2;3;15;0;0;0;0;0;0;0;0;0;0;0;0;0;0;0;0;0;0;0;0;0;0;0;0;0;0;0;0;0;0
12.01.2024;23:42;A 64;1;2;11;2;11;0;0;0;0;0;0;1;41;1;15;0;0;0;0;0;0;0;0;0;0;0;0;0;0;0;0;0;0;0;0;0;0;0;0;0;0;0;0;0;0
12.01.2024;23:41;A 64;1;1;2;2;9;0;0;0;0;0;0;1;0;1;8;0;0;0;0;0;0;0;0;0;0;0;0;0;0;0;0;0;0;0;0;0;0;0;0;0;0;0;0;0;0
12.01.2024;23:40;A 64;1;1;0;1;5;1;5;1;3;1;10;1;18;2;6;0;0;0;0;0;0;0;0;0;0;0;0;0;0;0;0;0;0;0;0;0;0;0;0;0;0;0;0;0;0
12.01.2024;23:39;A 64;1;0;0;0;0;0;0;0;0;0;0;0;40;1;3;1;28;1;27;1;7;0;0;0;0;0;0;0;0;0;0;0;0;0;0;0;0;0;0;0;0;0;0;0;0
12.01.2024;23:38;A 64;1;2;32;2;8;0;0;0;0;0;0;4;46;3;28;1;53;1;54;1;10;0;0;0;0;0;0;0;0;0;0;0;0;0;0;0;0;0;0;0;0;0;0;0;0
12.01.2024;23:37;A 64;1;0;0;0;0;1;2;1;2;1;8;0;0;0;0;0;0;0;0;0;0;0;0;0;0;0;0;0;0;0;0;0;0;0;0;0;0;0;0;0;0;0;0;0;0
12.01.2024;23:36;A 64;1;1;0;1;5;0;0;0;0;0;0;0;0;0;0;0;0;0;0;0;0;0;0;0;0;0;0;0;0;0;0;0;0;0;0;0;0;0;0;0;0;0;0;0;0
12.01.2024;23:35;A 64;1;0;0;0;0;1;1;1;1;1;12;0;0;0;0;0;0;0;0;0;0;0;0;0;0;0;0;0;0;0;0;0;0;0;0;0;0;0;0;0;0;0;0;0;0
12.01.2024;23:34;A 64;1;1;1;1;7;0;0;0;0;0;0;2;29;0;31;0;0;0;0;0;0;0;0;0;0;0;0;0;0;0;0;0;0;0;0;0;0;0;0;0;0;0;0;0;0
12.01.2024;23:33;A 64;1;1;26;4;24;0;0;0;0;0;0;1;21;2;18;1;57;1;57;1;12;0;0;0;0;0;0;0;0;0;0;0;0;0;0;0;0;0;0;0;0;0;0;0;0
12.01.2024;23:32;A 64;1;0;0;0;0;0;0;0;0;0;0;1;4;1;9;2;44;2;20;1;3;0;0;0;0;0;0;0;0;0;0;0;0;0;0;0;0;0;0;0;0;0;0;0;0
12.01.2024;23:31;A 64;1;0;0;0;0;1;1;1;1;2;11;3;66;0;82;1;46;0;58;2;11;0;0;0;0;2;3;0;0;0;0;0;0;0;0;0;0;1;1;0;0;0;0;0;0
12.01.2024;23:30;A 64;1;5;68;0;77;0;0;0;0;1;16;0;0;1;0;0;26;1;94;0;0;0;0;0;0;0;0;0;0;0;0;0;0;0;0;0;0;0;0;0;0;0;0;0;0
12.01.2024;23:29;A 64;1;4;19;3;42;0;0;0;0;0;0;2;4;3;13;1;16;1;17;1;20;0;0;0;0;0;0;0;0;0;0;0;0;0;0;0;0;0;0;0;0;0;0;0;0
12.01.2024;23:28;A 64;1;1;21;1;8;0;0;0;0;0;0;2;1;2;23;3;13;3;13;1;25;0;0;0;0;0;0;0;0;0;0;0;0;0;0;0;0;0;0;0;0;0;0;0;0
12.01.2024;23:27;A 64;1;1;13;2;11;1;1;1;1;1;5;1;47;1;8;3;17;3;18;1;93;0;0;0;0;0;0;0;0;0;0;0;0;0;0;0;0;0;0;0;0;0;0;0;0
12.01.2024;23:26;A 64;1;1;0;0;0;0;0;0;0;0;0;1;2;2;20;2;36;2;36;0;41;0;0;0;0;0;0;0;0;0;0;0;0;0;0;0;0;0;0;1;1;0;0;0;0
12.01.2024;23:25;A 64;1;3;14;5;27;3;6;2;5;2;22;0;0;0;0;5;75;5;75;0;100;0;0;0;0;0;0;0;0;0;0;0;0;0;0;0;0;0;0;0;0;0;0;0;0
12.01.2024;23:24;A 64;1;3;51;3;30;1;21;1;20;1;12;8;13;1;32;3;51;3;52;4;28;0;0;0;0;3;5;0;0;0;0;1;1;0;0;0;0;0;0;0;0;0;0;0;0
12.01.2024;23:23;A 64;1;1;40;1;35;0;0;0;0;0;0;0;0;1;7;1;3;1;43;1;8;0;0;0;0;0;0;0;0;0;0;1;1;0;0;0;0;0;0;0;0;0;0;0;0
12.01.2024;23:22;A 64;1;1;34;1;7;0;0;0;0;0;0;4;4;1;26;1;1;1;1;0;0;0;0;0;0;0;0;0;0;0;0;0;0;0;0;0;0;0;0;0;0;0;0;0;0
12.01.2024;23:21;A 64;1;0;0;0;0;0;0;0;0;0;0;1;5;2;39;3;4;3;3;3;20;0;0;0;0;0;0;0;0;0;0;2;3;0;0;0;0;0;0;0;0;0;0;0;0
12.01.2024;23:20;A 64;1;0;0;0;0;0;26;0;0;0;0;1;52;0;6;0;0;0;0;0;0;0;0;0;0;0;0;0;0;0;0;2;3;0;0;0;0;0;0;0;0;0;0;0;0
12.01.2024;23:19;A 64;1;1;71;3;79;1;29;1;6;1;11;1;30;3;27;1;0;1;0;1;3;0;0;0;0;0;0;0;0;0;0;2;3;0;0;0;0;0;0;0;0;0;0;0;0
12.01.2024;23:18;A 64;1;1;1;1;8;0;0;0;0;0;0;1;1;1;9;0;0;0;0;0;0;0;0;0;0;0;0;0;0;0;0;0;0;0;0;0;0;0;0;0;0;0;0;0;0
12.01.2024;23:17;A 64;1;3;26;4;36;1;22;1;22;1;6;0;0;0;0;0;0;0;0;0;0;0;0;0;0;0;0;0;0;0;0;0;0;0;0;0;0;0;0;0;0;0;0;0;0
12.01.2024;23:16;A 64;1;1;6;2;7;0;0;0;0;0;0;1;59;1;8;2;45;2;45;3;11;0;0;0;0;0;0;0;0;0;0;0;0;0;0;0;0;0;0;0;0;0;0;0;0
12.01.2024;23:15;A 64;1;0;0;1;3;1;21;1;3;1;8;1;17;1;9;0;0;0;0;0;0;0;0;0;0;0;0;0;0;0;0;0;0;0;0;0;0;0;0;0;0;0;0;0;0
12.01.2024;23:14;A 64;1;2;29;1;46;1;18;1;11;1;8;3;44;1;49;0;9;0;8;0;0;0;0;0;0;0;0;0;0;0;0;0;0;0;0;0;0;0;0;0;0;0;0;0;0
12.01.2024;23:13;A 64;1;0;0;0;0;0;0;0;0;0;0;1;0;2;14;1;22;1;22;2;3;0;0;0;0;0;0;0;0;0;0;0;0;0;0;0;0;0;0;0;0;0;0;0;0
12.01.2024;23:12;A 64;1;2;1;1;8;0;19;0;17;0;0;1;0;1;5;0;0;0;0;0;0;0;0;0;0;0;0;0;0;0;0;0;0;0;0;0;0;0;0;0;0;0;0;0;0
12.01.2024;23:11;A 64;1;1;4;2;10;1;22;1;23;1;9;0;0;0;0;0;0;0;0;0;0;0;0;0;0;0;0;0;0;0;0;0;0;0;0;0;0;0;0;0;0;0;0;0;0
12.01.2024;23:10;A 64;1;3;50;3;18;0;0;0;0;0;0;0;0;0;0;0;0;0;0;0;0;0;0;0;0;0;0;0;0;0;0;0;0;0;0;0;0;0;0;0;0;0;0;0;0
12.01.2024;23:09;A 64;1;2;46;2;58;1;1;1;1;1;10;1;59;1;9;1;0;1;0;0;0;0;0;0;0;0;0;0;0;0;0;0;0;0;0;0;0;0;0;0;0;0;0;0;0
12.01.2024;23:08;A 64;1;0;0;0;0;0;0;0;0;0;0;1;25;1;16;0;0;0;0;0;0;0;0;0;0;0;0;0;0;0;0;0;0;0;0;0;0;0;0;0;0;0;0;0;0
12.01.2024;23:07;A 64;1;2;2;2;11;0;0;0;0;0;0;1;21;1;9;0;0;0;0;0;0;0;0;0;0;0;0;0;0;0;0;0;0;0;0;0;0;0;0;0;0;0;0;0;0
12.01.2024;23:06;A 64;1;3;2;2;13;0;0;0;0;0;0;0;0;0;0;0;0;0;0;0;0;0;0;0;0;0;0;0;0;0;0;0;0;0;0;0;0;0;0;0;0;0;0;0;0
12.01.2024;23:05;A 64;1;1;38;2;10;0;0;0;0;0;0;2;41;2;11;0;0;0;0;0;0;0;0;0;0;0;0;0;0;0;0;0;0;0;0;0;0;0;0;0;0;0;0;0;0
12.01.2024;23:04;A 64;1;1;43;1;50;1;2;1;1;1;9;2;58;1;61;0;0;0;0;0;0;0;0;0;0;0;0;0;0;0;0;0;0;0;0;0;0;0;0;0;0;0;0;0;0
12.01.2024;23:03;A 64;1;1;55;4;59;0;0;0;0;0;0;1;22;2;49;0;0;0;0;0;0;0;0;0;0;0;0;0;0;0;0;0;0;0;0;0;0;0;0;0;0;0;0;0;0
12.01.2024;23:02;A 64;1;0;0;0;0;0;0;0;0;0;0;0;0;0;0;0;0;0;0;0;0;0;0;0;0;0;0;0;0;0;0;0;0;0;0;0;0;0;0;0;0;0;0;0;0
12.01.2024;23:01;A 64;1;0;25;0;0;1;44;1;45;1;7;1;0;1;6;0;0;0;0;0;0;0;0;0;0;0;0;0;0;0;0;0;0;0;0;0;0;0;0;0;0;0;0;0;0
12.01.2024;23:00;A 64;1;6;69;2;25;1;5;1;4;1;10;1;30;0;0;0;0;0;0;0;0;0;0;0;0;0;0;0;0;0;0;0;0;0;0;0;0;0;0;0;0;0;0;0;0
12.01.2024;22:59;A 64;1;4;45;1;34;0;0;0;0;0;0;1;37;3;23;1;83;1;83;1;8;0;0;0;0;0;0;0;0;0;0;0;0;0;0;0;0;0;0;0;0;0;0;0;0
12.01.2024;22:58;A 64;1;0;0;0;0;2;26;2;15;1;19;1;28;0;5;0;0;0;0;0;0;0;0;0;0;0;0;0;0;0;0;0;0;0;0;0;0;0;0;0;0;0;0;0;0
12.01.2024;22:57;A 64;1;0;47;0;0;1;35;1;36;2;16;1;1;2;9;0;0;0;0;0;0;0;0;0;0;0;0;0;0;0;0;0;0;0;0;0;0;0;0;0;0;0;0;0;0
12.01.2024;22:56;A 64;1;1;4;2;12;1;26;1;25;0;4;2;15;2;15;0;0;0;0;0;0;0;0;0;0;0;0;0;0;0;0;0;0;0;0;0;0;0;0;0;0;0;0;0;0
12.01.2024;22:55;A 64;1;4;55;3;22;1;1;1;1;2;11;0;0;0;0;0;0;0;0;0;0;0;0;0;0;0;0;0;0;0;0;0;0;0;0;0;0;0;0;0;0;0;0;0;0
12.01.2024;22:54;A 64;1;2;2;2;11;1;0;1;0;0;0;2;23;2;34;0;0;0;0;0;0;0;0;0;0;0;0;0;0;0;0;0;0;0;0;0;0;0;0;0;0;0;0;0;0
12.01.2024;22:53;A 64;1;1;12;4;17;1;64;1;63;1;9;0;0;0;0;0;0;0;0;0;0;0;0;0;0;0;0;0;0;0;0;0;0;0;0;0;0;0;0;0;0;0;0;0;0
12.01.2024;22:52;A 64;1;0;0;0;0;1;4;1;5;1;11;1;1;1;6;0;0;0;0;0;0;0;0;0;0;0;0;0;0;0;0;0;0;0;0;0;0;0;0;0;0;0;0;0;0
12.01.2024;22:51;A 64;1;2;29;1;34;0;0;0;0;0;0;3;1;1;17;1;0;1;0;1;3;0;0;0;0;0;0;0;0;0;0;0;0;0;0;0;0;0;0;0;0;0;0;0;0
12.01.2024;22:50;A 64;1;2;15;4;31;3;4;3;4;1;19;3;1;1;14;0;0;0;0;0;0;0;0;0;0;0;0;0;0;0;0;0;0;0;0;0;0;0;0;0;0;0;0;0;0
12.01.2024;22:49;A 64;1;2;43;1;13;0;0;0;0;0;0;1;0;1;10;0;0;0;0;0;0;0;0;0;0;0;0;0;0;0;0;0;0;0;0;0;0;0;0;0;0;0;0;0;0
12.01.2024;22:48;A 64;1;0;0;3;11;0;0;0;0;0;0;1;1;1;8;0;0;0;0;0;0;0;0;0;0;0;0;0;0;0;0;0;0;0;0;0;0;0;0;0;0;0;0;0;0
12.01.2024;22:47;A 64;1;1;1;1;5;0;0;0;0;0;0;3;50;1;62;0;0;0;0;0;0;0;0;0;0;0;0;0;0;0;0;0;0;0;0;0;0;0;0;0;0;0;0;0;0
12.01.2024;22:46;A 64;1;1;0;1;6;1;1;1;1;1;8;2;97;1;90;1;1;1;1;2;2;0;0;0;0;0;0;0;0;0;0;0;0;0;0;0;0;0;0;0;0;0;0;0;0
12.01.2024;22:45;A 64;1;0;13;2;4;0;0;0;0;0;0;2;40;2;21;0;40;0;39;0;0;0;0;0;0;0;0;0;0;0;0;0;0;0;0;0;0;0;0;0;0;0;0;0;0
12.01.2024;22:44;A 64;1;1;3;1;12;0;0;0;0;0;0;4;5;2;35;1;51;1;51;1;6;0;0;0;0;0;0;0;0;0;0;0;0;0;0;0;0;0;0;0;0;0;0;0;0
12.01.2024;22:43;A 64;1;0;0;0;0;1;1;1;1;0;5;2;1;2;11;0;0;0;0;0;0;0;0;0;0;0;0;0;0;0;0;0;0;0;0;0;0;0;0;0;0;0;0;0;0
12.01.2024;22:42;A 64;1;0;33;0;0;1;7;1;7;2;5;3;30;1;26;0;0;0;0;0;0;0;0;0;0;0;0;0;0;0;0;0;0;0;0;0;0;0;0;0;0;0;0;0;0
12.01.2024;22:41;A 64;1;4;28;3;36;1;18;1;18;1;31;1;27;2;30;2;24;3;25;1;7;0;0;0;0;0;0;0;0;0;0;0;0;0;0;0;0;0;0;0;0;0;0;0;0
12.01.2024;22:40;A 64;1;4;41;3;64;0;0;0;0;0;0;1;0;1;7;0;0;0;0;0;0;0;0;0;0;0;0;0;0;0;0;0;0;0;0;0;0;0;0;0;0;0;0;0;0
12.01.2024;22:39;A 64;1;1;55;0;9;0;0;0;0;0;0;2;56;2;65;1;7;1;7;1;4;0;0;0;0;0;0;0;0;0;0;0;0;0;0;0;0;0;0;0;0;0;0;0;0
12.01.2024;22:38;A 64;1;2;40;6;52;1;36;1;8;0;9;0;0;0;0;0;0;0;0;0;0;0;0;0;0;0;0;0;0;0;0;0;0;0;0;0;0;0;0;0;0;0;0;0;0
12.01.2024;22:37;A 64;1;3;15;2;21;1;48;1;47;2;15;3;35;2;17;0;0;0;0;0;0;0;0;0;0;0;0;0;0;0;0;0;0;0;0;0;0;0;0;0;0;0;0;0;0
12.01.2024;22:36;A 64;1;3;43;2;64;0;0;0;0;0;0;1;36;1;9;0;0;0;0;0;0;0;0;0;0;0;0;0;0;0;0;0;0;0;0;0;0;0;0;0;0;0;0;0;0
12.01.2024;22:35;A 64;1;3;13;2;29;0;6;0;0;0;0;2;30;2;18;0;0;0;0;0;0;0;0;0;0;0;0;0;0;0;0;0;0;0;0;0;0;0;0;0;0;0;0;0;0
12.01.2024;22:34;A 64;1;1;40;2;11;4;62;4;15;2;38;0;0;0;0;0;0;0;0;0;0;0;0;0;0;0;0;0;0;0;0;0;0;0;0;0;0;0;0;0;0;0;0;0;0
12.01.2024;22:33;A 64;1;0;0;4;5;1;1;1;1;2;26;3;59;1;77;1;16;1;16;1;10;0;0;0;0;0;0;0;0;0;0;0;0;0;0;0;0;0;0;0;0;0;0;0;0
12.01.2024;22:32;A 64;1;0;0;0;0;0;0;0;0;0;0;1;33;1;48;0;0;0;0;0;0;0;0;0;0;0;0;0;0;0;0;0;0;0;0;0;0;0;0;0;0;0;0;0;0
12.01.2024;22:31;A 64;1;1;57;2;8;0;0;1;0;0;0;0;6;0;0;0;0;0;0;0;0;0;0;0;0;0;0;0;0;0;0;0;0;0;0;0;0;0;0;0;0;0;0;0;0
12.01.2024;22:30;A 64;1;3;57;1;41;0;0;0;0;0;0;1;44;2;26;0;0;0;0;0;0;0;0;0;0;0;0;0;0;0;0;0;0;0;0;0;0;0;0;0;0;0;0;0;0
12.01.2024;22:29;A 64;1;0;24;1;22;0;0;0;0;0;0;3;35;5;51;0;0;0;0;0;0;0;0;0;0;0;0;0;0;0;0;0;0;0;0;0;0;0;0;0;0;0;0;0;0
12.01.2024;22:28;A 64;1;4;53;5;74;0;0;0;0;0;0;0;0;0;0;0;0;0;0;0;0;0;0;0;0;0;0;0;0;0;0;0;0;0;0;0;0;0;0;0;0;0;0;0;0
12.01.2024;22:27;A 64;1;1;38;2;14;0;0;0;0;0;0;1;21;1;11;1;7;1;7;0;2;0;0;0;0;0;0;0;0;0;0;0;0;0;0;0;0;0;0;0;0;0;0;0;0
12.01.2024;22:26;A 64;1;1;0;1;6;2;19;2;19;1;9;2;1;2;13;0;0;0;0;1;1;0;0;0;0;0;0;0;0;0;0;0;0;0;0;0;0;0;0;0;0;0;0;0;0
12.01.2024;22:25;A 64;1;1;50;3;25;0;0;0;0;1;4;1;35;1;61;0;0;0;0;0;0;0;0;0;0;1;1;0;0;0;0;0;0;0;0;0;0;0;0;0;0;0;0;0;0
12.01.2024;22:24;A 64;1;3;8;0;9;0;0;0;0;0;0;1;21;2;13;0;0;0;0;0;0;0;0;0;0;0;0;0;0;0;0;0;0;0;0;0;0;0;0;0;0;0;0;0;0
12.01.2024;22:23;A 64;1;1;72;1;71;0;0;0;0;0;0;1;38;3;44;0;0;0;0;0;0;0;0;0;0;0;0;0;0;0;0;0;0;0;0;0;0;0;0;0;0;0;0;0;0
12.01.2024;22:22;A 64;1;2;44;1;39;0;0;0;0;0;0;0;0;0;0;0;0;0;0;0;0;0;0;0;0;0;0;0;0;0;0;0;0;0;0;0;0;0;0;0;0;0;0;0;0
12.01.2024;22:21;A 64;1;1;2;2;10;1;2;1;2;1;8;2;49;1;38;1;1;1;1;1;6;0;0;0;0;0;0;0;0;0;0;0;0;0;0;0;0;0;0;0;0;0;0;0;0
12.01.2024;22:20;A 64;1;0;0;0;0;1;1;1;1;1;2;0;0;1;9;0;0;0;0;0;0;0;0;0;0;0;0;0;0;0;0;0;0;0;0;0;0;0;0;0;0;0;0;0;0
12.01.2024;22:19;A 64;1;0;0;0;0;1;1;1;1;1;5;2;11;1;9;0;0;0;0;0;0;0;0;0;0;0;0;0;0;0;0;0;0;0;0;0;0;0;0;0;0;0;0;0;0
12.01.2024;22:18;A 64;1;4;22;2;21;1;7;1;6;1;14;1;1;1;7;0;0;0;0;0;0;0;0;0;0;0;0;0;0;0;0;0;0;0;0;0;0;0;0;0;0;0;0;0;0
12.01.2024;22:17;A 64;1;0;14;1;1;2;44;2;45;2;44;5;24;0;39;0;0;0;0;0;0;0;0;0;0;0;0;0;0;0;0;0;0;0;0;0;0;0;0;0;0;0;0;0;0
12.01.2024;22:16;A 64;1;1;45;1;8;0;0;0;0;0;0;1;89;2;98;0;0;0;0;0;0;0;0;0;0;0;0;0;0;0;0;0;0;0;0;0;0;0;0;0;0;0;0;0;0
12.01.2024;22:15;A 64;1;3;58;4;30;0;0;0;0;0;0;0;0;1;3;0;0;0;0;0;0;0;0;0;0;0;0;0;0;0;0;0;0;0;0;0;0;0;0;0;0;0;0;0;0
12.01.2024;22:14;A 64;1;4;20;1;28;1;34;1;33;0;36;0;0;0;0;0;0;1;0;0;0;0;0;0;0;0;0;0;0;0;0;0;0;0;0;0;0;0;0;0;0;0;0;0;0
12.01.2024;22:13;A 64;1;0;0;1;7;1;1;1;1;1;9;2;43;3;18;0;0;0;0;0;0;0;0;0;0;0;0;0;0;0;0;0;0;0;0;0;0;0;0;0;0;0;0;0;0
12.01.2024;22:12;A 64;1;2;26;2;14;0;0;0;0;0;0;4;4;2;23;0;0;0;0;0;0;0;0;0;0;0;0;0;0;0;0;0;0;0;0;0;0;0;0;0;0;0;0;0;0
12.01.2024;22:11;A 64;1;0;0;0;0;1;52;1;52;1;7;0;0;1;2;0;0;0;0;0;0;0;0;0;0;0;0;0;0;0;0;0;0;0;0;0;0;0;0;0;0;0;0;0;0
12.01.2024;22:10;A 64;1;2;1;2;13;0;0;0;0;0;0;1;33;0;0;1;9;1;8;1;3;0;0;0;0;0;0;0;0;0;0;0;0;0;0;0;0;0;0;0;0;0;0;0;0
12.01.2024;22:09;A 64;1;3;44;2;58;0;15;0;14;0;0;0;0;1;12;2;5;3;6;1;14;0;0;0;0;0;0;0;0;0;0;0;0;0;0;0;0;0;0;0;0;0;0;0;0
12.01.2024;22:08;A 64;1;1;25;2;10;1;33;1;34;1;11;0;0;0;0;0;0;0;0;0;0;0;0;0;0;0;0;0;0;0;0;0;0;0;0;0;0;0;0;0;0;0;0;0;0
12.01.2024;22:07;A 64;1;1;16;1;10;2;46;2;46;1;12;1;9;3;11;1;2;1;2;2;8;0;0;0;0;0;0;0;0;0;0;0;0;0;0;0;0;0;0;0;0;0;0;0;0
12.01.2024;22:06;A 64;1;0;0;0;0;0;0;0;0;1;5;4;3;1;20;1;0;1;0;0;0;0;0;0;0;0;0;0;0;0;0;0;0;0;0;0;0;0;0;0;0;0;0;0;0
12.01.2024;22:05;A 64;1;1;18;0;9;1;54;1;36;1;9;0;0;0;0;0;0;0;0;0;0;0;0;0;0;0;0;0;0;0;0;0;0;0;0;0;0;0;0;0;0;0;0;0;0
12.01.2024;22:04;A 64;1;1;46;1;0;0;0;0;0;0;0;1;53;1;13;0;0;0;0;0;0;0;0;0;0;0;0;0;0;0;0;0;0;0;0;0;0;0;0;0;0;0;0;0;0
12.01.2024;22:03;A 64;1;1;9;2;9;0;0;0;0;0;0;2;56;3;30;0;0;0;0;0;0;0;0;0;0;0;0;0;0;0;0;0;0;0;0;0;0;0;0;0;0;0;0;0;0
12.01.2024;22:02;A 64;1;0;0;0;0;0;0;0;0;0;0;4;5;2;20;0;0;0;0;0;0;0;0;0;0;0;0;0;0;0;0;0;0;0;0;0;0;0;0;0;0;0;0;0;0
12.01.2024;22:01;A 64;1;1;33;1;15;1;20;1;18;1;5;1;17;2;10;1;1;1;1;1;5;0;0;0;0;1;1;0;0;0;0;0;0;0;0;0;0;1;1;0;0;0;0;0;0
12.01.2024;22:00;A 64;1;2;53;3;33;0;0;0;0;0;0;1;36;1;65;1;60;1;51;1;8;0;0;0;0;0;0;0;0;0;0;0;0;0;0;1;1;0;0;0;0;0;0;0;0
12.01.2024;21:59;A 64;1;1;7;2;12;0;0;0;0;0;0;0;0;0;0;0;5;0;5;1;0;0;0;0;0;0;0;0;0;0;0;0;0;0;0;0;0;0;0;0;0;0;0;0;0
12.01.2024;21:58;A 64;1;0;46;1;41;0;0;0;0;0;0;1;39;1;39;2;52;2;52;1;4;0;0;0;0;0;0;0;0;0;0;0;0;0;0;0;0;0;0;0;0;0;0;0;0
12.01.2024;21:57;A 64;1;1;29;2;19;0;0;0;0;0;0;3;53;4;28;0;0;0;0;0;0;0;0;0;0;0;0;0;0;0;0;0;0;0;0;0;0;0;0;0;0;0;0;0;0
12.01.2024;21:56;A 64;1;0;0;0;0;1;1;1;1;1;4;0;0;0;0;2;0;2;0;2;5;0;0;0;0;0;0;0;0;0;0;0;0;0;0;0;0;0;0;0;0;0;0;0;0
12.01.2024;21:55;A 64;1;1;17;4;10;0;0;0;0;0;0;1;1;1;10;0;43;0;42;0;0;0;0;0;0;0;0;0;0;0;0;0;0;0;0;0;0;0;0;0;0;0;0;0;0
12.01.2024;21:54;A 64;1;3;9;2;15;3;38;3;38;2;24;0;0;0;0;1;1;1;1;1;4;0;0;0;0;0;0;0;0;0;0;0;0;0;0;0;0;0;0;0;0;0;0;0;0
12.01.2024;21:53;A 64;1;3;51;3;30;1;40;1;40;1;9;1;52;1;1;0;0;0;0;0;0;0;0;0;0;0;0;0;0;0;0;0;0;0;0;0;0;0;0;0;0;0;0;0;0
12.01.2024;21:52;A 64;1;2;34;1;39;0;1;0;0;0;0;2;41;0;38;0;0;0;0;0;0;0;0;0;0;0;0;0;0;0;0;0;0;0;0;0;0;0;0;0;0;0;0;0;0
12.01.2024;21:51;A 64;1;0;0;3;10;2;10;2;8;1;15;1;15;2;9;0;0;0;0;0;0;0;0;0;0;0;0;0;0;0;0;0;0;0;0;0;0;0;0;0;0;0;0;0;0
12.01.2024;21:50;A 64;1;0;0;0;0;0;0;0;0;0;0;1;41;1;8;0;0;0;0;0;0;0;0;0;0;0;0;0;0;0;0;0;0;0;0;0;0;0;0;0;0;0;0;0;0
12.01.2024;21:49;A 64;1;2;3;2;12;0;0;0;0;0;0;1;48;1;49;0;0;0;0;0;0;0;0;0;0;0;0;0;0;0;0;0;0;0;0;0;0;0;0;0;0;0;0;0;0
12.01.2024;21:48;A 64;1;1;1;1;6;1;55;1;55;0;6;1;45;1;10;0;0;0;0;0;0;0;0;0;0;0;0;0;0;0;0;0;0;0;0;0;0;0;0;0;0;0;0;0;0
12.01.2024;21:47;A 64;1;0;24;2;20;1;54;1;54;2;15;3;94;1;46;2;42;1;49;0;0;0;0;0;0;0;0;0;0;0;0;0;0;0;0;0;0;0;0;0;0;0;0;1;1
12.01.2024;21:46;A 64;1;2;28;1;9;8;11;1;19;1;13;2;91;1;96;0;0;0;0;0;0;0;0;0;0;0;0;0;0;0;0;0;0;0;0;0;0;0;0;0;0;0;0;0;0
12.01.2024;21:45;A 64;1;1;44;1;50;1;6;1;3;0;0;1;15;1;9;0;0;0;0;0;0;0;0;0;0;0;0;0;0;0;0;0;0;0;0;0;0;0;0;0;0;0;0;0;0
12.01.2024;21:44;A 64;1;2;14;3;38;1;82;1;3;3;18;2;1;1;8;0;0;0;0;0;0;0;0;0;0;0;0;0;0;0;0;0;0;0;0;0;0;0;0;0;0;0;0;0;0
12.01.2024;21:43;A 64;1;0;0;0;0;0;0;0;0;0;0;3;31;2;21;0;0;0;0;0;0;0;0;0;0;0;0;0;0;0;0;0;0;0;0;0;0;0;0;0;0;0;0;0;0
12.01.2024;21:42;A 64;1;3;21;3;24;1;0;1;0;0;0;2;64;1;8;0;0;0;0;0;0;0;0;0;0;0;0;0;0;0;0;0;0;0;0;0;0;0;0;0;0;0;0;0;0
12.01.2024;21:41;A 64;1;0;0;0;0;2;6;1;5;1;12;1;18;1;9;0;0;0;0;0;0;0;0;0;0;0;0;0;0;0;0;0;0;0;0;0;0;0;0;0;0;0;0;0;0
12.01.2024;21:40;A 64;1;0;44;0;0;0;0;1;0;1;12;2;41;1;55;0;0;0;0;0;0;0;0;0;0;0;0;0;0;0;0;0;0;0;0;0;0;0;0;0;0;0;0;0;0
12.01.2024;21:39;A 64;1;2;60;3;37;2;2;2;2;1;14;0;0;1;18;0;0;0;0;0;0;0;0;0;0;0;0;0;0;0;0;0;0;0;0;0;0;0;0;0;0;0;0;0;0
12.01.2024;21:38;A 64;1;1;62;3;65;1;15;1;6;1;10;4;33;2;42;0;0;0;0;0;0;0;0;0;0;0;0;0;0;0;0;0;0;0;0;0;0;0;0;0;0;0;0;0;0
12.01.2024;21:37;A 64;1;5;5;2;27;0;0;0;0;0;0;2;59;2;37;0;0;0;0;0;0;0;0;0;0;0;0;0;0;0;0;0;0;0;0;0;0;0;0;0;0;0;0;0;0
12.01.2024;21:36;A 64;1;0;0;0;0;0;0;0;0;0;0;0;0;0;0;0;0;0;0;0;0;0;0;0;0;0;0;0;0;0;0;0;0;0;0;0;0;0;0;0;0;0;0;0;0
12.01.2024;21:35;A 64;1;0;0;0;0;1;1;0;1;0;0;0;38;0;36;0;0;0;0;0;0;0;0;0;0;0;0;0;0;0;0;0;0;0;0;0;0;0;0;0;0;0;0;0;0
12.01.2024;21:34;A 64;1;1;12;2;23;0;0;1;0;1;8;1;63;1;33;0;0;0;0;0;0;0;0;0;0;0;0;0;0;0;0;0;0;0;0;0;0;0;0;0;0;0;0;0;0
12.01.2024;21:33;A 64;1;3;50;1;65;3;3;3;3;1;17;1;9;1;7;0;0;0;0;0;0;0;0;0;0;0;0;0;0;0;0;0;0;0;0;0;0;0;0;0;0;0;0;0;0
12.01.2024;21:32;A 64;1;2;24;2;45;0;0;0;0;0;0;4;18;1;76;0;0;0;0;0;0;0;0;0;0;0;0;0;0;0;0;0;0;0;0;0;0;0;0;0;0;0;0;0;0
12.01.2024;21:31;A 64;1;2;60;2;11;0;0;0;0;0;0;1;49;1;4;0;0;0;0;0;0;0;0;0;0;0;0;0;0;0;0;0;0;0;0;0;0;0;0;0;0;0;0;0;0
12.01.2024;21:30;A 64;1;0;12;1;12;0;0;0;0;0;0;0;78;0;0;0;0;0;0;0;0;0;0;0;0;0;0;0;0;0;0;0;0;0;0;0;0;0;0;0;0;0;0;1;1
12.01.2024;21:29;A 64;1;1;4;2;12;0;0;0;0;0;0;2;36;2;18;0;0;0;0;0;0;0;0;0;0;0;0;0;0;0;0;0;0;0;0;0;0;0;0;0;0;0;0;0;0
12.01.2024;21:28;A 64;1;3;4;2;17;0;0;0;0;0;0;0;0;0;0;0;0;0;0;0;0;0;0;0;0;0;0;0;0;0;0;0;0;0;0;0;0;0;0;0;0;0;0;0;0
12.01.2024;21:27;A 64;1;1;81;0;78;0;0;0;0;0;0;4;16;1;60;0;0;0;0;0;0;0;0;0;0;0;0;0;0;0;0;0;0;0;0;0;0;0;0;0;0;0;0;0;0
12.01.2024;21:26;A 64;1;1;6;1;11;1;42;2;33;26;25;0;0;0;0;0;0;0;0;0;0;0;0;0;0;0;0;0;0;0;0;0;0;0;0;0;0;0;0;0;0;0;0;0;0
12.01.2024;21:25;A 64;1;2;3;1;16;2;5;1;3;1;13;2;41;1;11;0;0;0;0;0;0;0;0;0;0;0;0;0;0;0;0;0;0;0;0;0;0;0;0;0;0;0;0;0;0
12.01.2024;21:24;A 64;1;2;12;2;22;1;40;1;40;1;10;2;54;1;11;0;0;0;0;0;0;0;0;0;0;0;0;0;0;0;0;0;0;0;0;0;0;0;0;0;0;0;0;1;1
12.01.2024;21:23;A 64;1;0;16;1;5;1;26;1;25;1;14;3;2;1;14;0;0;0;0;0;0;0;0;0;0;0;0;0;0;0;0;0;0;0;0;0;0;0;0;0;0;0;0;0;0
12.01.2024;21:22;A 64;1;4;30;4;27;0;0;0;0;0;0;2;18;0;6;0;0;0;0;0;0;0;0;0;0;0;0;0;0;0;0;0;0;0;0;0;0;0;0;0;0;0;0;0;0
12.01.2024;21:21;A 64;1;1;41;1;10;1;35;1;34;1;8;2;17;3;18;1;3;1;3;1;3;0;0;0;0;0;0;0;0;0;0;0;0;0;0;0;0;0;0;0;0;0;0;0;0
12.01.2024;21:20;A 64;1;2;4;2;18;0;23;0;22;0;0;0;0;0;0;0;0;0;0;0;0;0;0;0;0;0;0;0;0;0;0;0;0;0;0;0;0;0;0;0;0;0;0;0;0
12.01.2024;21:19;A 64;1;0;0;0;0;1;16;1;17;1;17;3;56;3;52;0;0;0;0;0;0;0;0;0;0;0;0;0;0;0;0;0;0;0;0;0;0;0;0;0;0;0;0;0;0
12.01.2024;21:18;A 64;1;4;9;2;45;0;0;0;0;0;0;3;5;2;20;0;0;0;0;0;0;0;0;0;0;0;0;0;0;0;0;0;0;0;0;0;0;0;0;0;0;0;0;0;0
12.01.2024;21:17;A 64;1;2;50;2;15;0;0;0;0;0;0;1;21;0;19;1;0;0;0;0;0;0;0;0;0;0;0;0;0;0;0;0;0;0;0;0;0;0;0;0;0;0;0;0;0
12.01.2024;21:16;A 64;1;2;16;1;24;1;49;1;48;1;13;2;83;3;91;0;0;0;0;0;0;0;0;0;0;0;0;0;0;0;0;0;0;0;0;0;0;0;0;0;0;0;0;0;0
12.01.2024;21:15;A 64;1;2;67;1;96;0;57;0;56;0;0;2;67;3;76;0;0;0;0;0;0;0;0;0;0;0;0;0;0;0;0;0;0;0;0;0;0;0;0;0;0;0;0;0;0
12.01.2024;21:14;A 64;1;1;22;1;6;1;62;1;64;1;12;1;56;1;64;0;0;0;0;0;0;0;0;0;0;0;0;0;0;0;0;0;0;0;0;0;0;0;0;0;0;0;0;0;0
12.01.2024;21:13;A 64;1;1;7;3;9;0;0;0;0;0;0;2;19;3;25;0;0;0;0;0;0;0;0;0;0;0;0;0;0;0;0;0;0;0;0;0;0;0;0;0;0;0;0;0;0
12.01.2024;21:12;A 64;1;1;26;1;39;0;0;0;0;0;0;0;0;0;0;0;0;0;0;0;0;0;0;0;0;0;0;0;0;0;0;0;0;0;0;0;0;0;0;0;0;0;0;0;0
12.01.2024;21:11;A 64;1;0;0;0;0;2;2;2;2;2;16;2;15;1;19;0;0;0;0;0;0;0;0;0;0;0;0;0;0;0;0;0;0;0;0;0;0;0;0;0;0;0;0;0;0
12.01.2024;21:10;A 64;1;2;14;2;18;2;43;2;43;1;53;1;54;2;13;0;0;0;0;0;0;0;0;0;0;0;0;0;0;0;0;0;0;0;0;0;0;0;0;0;0;0;0;0;0
12.01.2024;21:09;A 64;1;0;0;1;7;0;0;0;0;0;0;2;11;2;15;0;0;0;0;0;0;0;0;0;0;0;0;0;0;0;0;0;0;0;0;0;0;0;0;0;0;0;0;0;0
12.01.2024;21:08;A 64;1;0;0;0;0;1;1;1;1;0;1;2;2;1;6;0;0;0;0;0;0;0;0;0;0;0;0;0;0;0;0;0;0;0;0;0;0;0;0;0;0;0;0;0;0
12.01.2024;21:07;A 64;1;0;57;5;43;0;0;0;0;1;3;1;49;0;0;1;2;1;3;1;25;0;0;0;0;0;0;0;0;0;0;0;0;0;0;0;0;0;0;0;0;0;0;0;0
12.01.2024;21:06;A 64;1;1;1;0;100;1;24;1;24;1;11;3;2;5;25;1;1;1;1;0;0;0;0;0;0;0;0;0;0;0;0;0;0;0;0;0;0;0;0;0;0;0;0;0;0
12.01.2024;21:05;A 64;1;3;53;5;90;1;45;1;46;1;6;2;6;2;18;1;2;1;2;1;3;0;0;0;0;0;0;0;0;0;0;0;0;0;0;0;0;0;0;0;0;0;0;0;0
12.01.2024;21:04;A 64;1;0;0;8;84;0;0;0;0;0;0;0;0;0;0;0;0;0;0;0;0;0;0;0;0;0;0;0;0;0;0;0;0;0;0;0;0;0;0;0;0;0;0;0;0
12.01.2024;21:03;A 64;1;1;39;1;22;0;0;0;0;0;0;4;6;1;32;0;0;0;0;0;0;0;0;0;0;0;0;0;0;0;0;0;0;0;0;0;0;0;0;0;0;0;0;0;0
12.01.2024;21:02;A 64;1;0;0;0;0;1;1;1;1;1;6;0;0;0;0;0;0;0;0;0;0;0;0;0;0;0;0;0;0;0;0;0;0;0;0;0;0;0;0;0;0;0;0;0;0
12.01.2024;21:01;A 64;1;1;15;0;0;1;1;1;1;1;8;3;41;0;44;2;47;3;47;3;28;0;0;0;0;0;0;0;0;0;0;0;0;0;0;0;0;0;0;0;0;0;0;0;0
12.01.2024;21:00;A 64;1;3;77;1;43;1;23;1;5;1;9;1;66;1;60;0;0;0;0;0;0;0;0;0;0;0;0;0;0;0;0;0;0;0;0;0;0;0;0;0;0;0;0;0;0
12.01.2024;20:59;A 64;1;1;0;2;27;3;8;3;8;2;19;1;24;1;8;1;3;1;3;2;2;0;0;0;0;0;0;0;0;0;0;0;0;0;0;0;0;0;0;0;0;0;0;0;0
12.01.2024;20:58;A 64;1;0;0;0;0;0;0;0;0;0;0;1;52;1;12;0;0;0;0;0;0;0;0;0;0;0;0;0;0;0;0;0;0;0;0;0;0;0;0;0;0;0;0;0;0
12.01.2024;20:57;A 64;1;0;0;0;0;0;0;0;0;0;0;3;45;2;13;1;20;1;21;1;2;0;0;0;0;0;0;0;0;0;0;0;0;0;0;0;0;0;0;0;0;0;0;0;0
12.01.2024;20:56;A 64;1;1;35;0;9;0;0;0;0;0;0;0;48;0;0;0;0;0;0;0;0;0;0;0;0;0;0;0;0;0;0;0;0;0;0;0;0;0;0;0;0;0;0;0;0
12.01.2024;20:55;A 64;1;2;37;3;22;0;0;0;0;0;5;2;28;2;17;0;0;0;0;0;0;0;0;0;0;0;0;0;0;0;0;0;0;0;0;0;0;0;0;0;0;0;0;0;0
12.01.2024;20:54;A 64;1;3;43;5;60;0;0;0;0;1;1;2;9;2;14;0;0;0;0;0;0;1;1;0;0;0;0;0;0;0;0;0;0;0;0;0;0;0;0;0;0;0;0;0;0
12.01.2024;20:53;A 64;1;3;2;1;14;1;18;1;18;1;6;4;5;1;12;1;47;1;47;0;8;0;0;0;0;0;0;0;0;0;0;0;0;0;0;0;0;0;0;0;0;0;0;0;0
12.01.2024;20:52;A 64;1;1;56;3;11;1;2;1;2;1;16;2;38;3;47;1;2;1;2;1;5;0;0;0;0;0;0;0;0;0;0;0;0;0;0;0;0;0;0;0;0;0;0;0;0
12.01.2024;20:51;A 64;1;0;2;3;5;1;56;1;5;1;12;3;29;3;62;0;0;0;0;0;0;0;0;0;0;0;0;0;0;0;0;0;0;0;0;0;0;0;0;0;0;0;0;0;0
12.01.2024;20:50;A 64;1;4;35;2;33;0;0;0;0;0;0;1;75;1;89;0;0;0;0;0;0;0;0;0;0;0;0;0;0;0;0;0;0;0;0;0;0;0;0;0;0;0;0;0;0
12.01.2024;20:49;A 64;1;1;2;1;8;2;48;2;48;0;52;1;0;1;6;1;0;1;0;0;0;0;0;0;0;0;0;0;0;0;0;0;0;0;0;0;0;0;0;0;0;0;0;0;0
12.01.2024;20:48;A 64;1;2;13;2;13;0;0;0;0;1;7;0;0;0;0;1;0;1;0;0;0;0;0;0;0;0;0;0;0;0;0;0;0;0;0;0;0;0;0;0;0;0;0;0;0
12.01.2024;20:47;A 64;1;0;0;0;0;0;3;0;2;0;0;1;26;0;0;0;0;0;0;0;0;0;0;0;0;0;0;0;0;0;0;0;0;0;0;0;0;0;0;0;0;0;0;0;0
12.01.2024;20:46;A 64;1;1;1;1;5;1;13;1;14;1;9;0;49;1;7;0;0;0;0;0;0;0;0;0;0;0;0;0;0;0;0;0;0;0;0;0;0;0;0;0;0;0;0;0;0
12.01.2024;20:45;A 64;1;2;5;1;19;0;0;0;0;0;0;1;10;1;9;1;1;1;1;1;4;0;0;0;0;0;0;0;0;0;0;0;0;0;0;0;0;0;0;0;0;0;0;0;0
12.01.2024;20:44;A 64;1;1;63;1;89;0;0;0;0;0;0;0;0;0;0;0;0;0;0;0;0;0;0;0;0;0;0;0;0;0;0;0;0;0;0;0;0;0;0;0;0;0;0;0;0
12.01.2024;20:43;A 64;1;1;2;1;5;0;0;0;0;0;0;2;32;2;16;0;0;0;0;0;0;0;0;0;0;0;0;0;0;0;0;0;0;0;0;0;0;0;0;0;0;0;0;0;0
12.01.2024;20:42;A 64;1;2;30;1;26;2;46;2;3;0;17;2;31;1;26;0;0;0;0;0;0;0;0;0;0;0;0;0;0;0;0;0;0;0;0;0;0;0;0;0;0;0;0;0;0
12.01.2024;20:41;A 64;1;0;0;1;4;2;64;2;6;3;21;1;77;1;94;0;0;0;0;0;0;0;0;0;0;0;0;0;0;0;0;0;0;0;0;1;1;0;0;0;0;0;0;0;0
12.01.2024;20:40;A 64;1;2;25;1;31;2;2;2;2;1;30;1;30;1;17;0;0;0;0;0;0;0;0;0;0;0;0;0;0;0;0;0;0;0;0;0;0;0;0;0;0;0;0;0;0
12.01.2024;20:39;A 64;1;3;15;0;18;0;0;0;0;0;0;0;0;0;0;1;49;1;50;1;5;0;0;0;0;0;0;0;0;0;0;0;0;0;0;0;0;0;0;0;0;0;0;0;0
12.01.2024;20:38;A 64;1;1;53;3;25;1;9;1;11;1;10;0;28;0;22;0;0;0;0;0;0;0;0;0;0;0;0;0;0;0;0;0;0;0;0;0;0;0;0;0;0;0;0;0;0
12.01.2024;20:37;A 64;1;1;16;1;7;1;28;1;28;1;6;3;34;2;31;0;0;0;0;0;0;0;0;0;0;0;0;0;0;0;0;0;0;0;0;0;0;0;0;0;0;0;0;0;0
12.01.2024;20:36;A 64;1;2;50;2;35;2;43;1;44;1;9;0;46;1;15;0;0;0;0;0;0;0;0;0;0;0;0;0;0;0;0;0;0;0;0;0;0;0;0;0;0;0;0;0;0
12.01.2024;20:35;A 64;1;0;0;1;10;4;74;5;45;1;54;3;20;3;30;0;0;0;0;0;0;0;0;0;0;0;0;0;0;0;0;0;0;0;0;0;0;1;1;0;0;0;0;0;0
12.01.2024;20:34;A 64;1;4;52;2;66;1;34;1;31;2;19;2;18;2;12;0;0;0;0;0;0;0;0;0;0;0;0;0;0;0;0;0;0;0;0;0;0;0;0;0;0;0;0;0;0
12.01.2024;20:33;A 64;1;3;56;2;51;2;30;2;31;1;43;0;0;0;0;0;0;0;0;0;0;0;0;0;0;0;0;0;0;0;0;0;0;0;0;0;0;0;0;0;0;0;0;0;0
12.01.2024;20:32;A 64;1;3;13;3;30;0;0;0;0;0;0;1;0;1;8;0;0;0;0;0;0;0;0;0;0;0;0;0;0;0;0;0;0;0;0;0;0;0;0;0;0;0;0;0;0
12.01.2024;20:31;A 64;1;1;17;3;22;3;18;3;10;1;34;0;0;0;0;1;78;1;77;2;64;0;0;0;0;0;0;0;0;0;0;0;0;0;0;1;1;0;0;0;0;0;0;0;0
12.01.2024;20:30;A 64;1;1;49;0;47;0;0;0;0;0;0;1;63;1;52;1;6;1;7;2;7;0;0;0;0;1;1;0;0;0;0;0;0;0;0;0;0;0;0;0;0;0;0;0;0
12.01.2024;20:29;A 64;1;1;2;1;14;0;0;0;0;0;0;2;33;3;53;0;0;0;0;0;0;0;0;0;0;0;0;0;0;0;0;0;0;0;0;0;0;0;0;0;0;0;0;0;0
12.01.2024;20:28;A 64;1;1;2;1;8;0;4;0;3;0;0;0;0;0;0;0;1;0;1;0;0;0;0;0;0;0;0;0;0;0;0;0;0;0;0;0;0;0;0;0;0;0;0;0;0
12.01.2024;20:27;A 64;1;1;4;1;9;1;76;1;76;1;12;3;35;3;38;1;67;1;68;1;5;0;0;0;0;0;0;0;0;0;0;0;0;0;0;0;0;0;0;0;0;0;0;0;0
12.01.2024;20:26;A 64;1;1;1;1;8;1;37;1;37;1;9;2;36;5;29;1;2;1;2;0;0;0;0;0;0;0;0;0;0;0;0;0;0;0;0;0;0;0;0;0;0;0;0;0;0
12.01.2024;20:25;A 64;1;1;3;1;5;0;0;0;0;0;0;1;21;2;21;1;97;1;92;2;38;0;0;0;0;0;0;0;0;0;0;0;0;0;0;0;0;0;0;0;0;0;0;0;0
12.01.2024;20:24;A 64;1;2;53;2;20;0;29;0;28;0;0;3;49;2;81;2;44;2;44;2;14;0;0;0;0;0;0;0;0;0;0;0;0;0;0;0;0;0;0;0;0;0;0;0;0
12.01.2024;20:23;A 64;1;4;55;1;66;1;7;1;8;1;5;1;0;1;8;1;37;1;38;1;7;0;0;0;0;0;0;0;0;0;0;0;0;0;0;0;0;0;0;0;0;0;0;0;0
12.01.2024;20:22;A 64;1;3;49;3;36;1;1;1;1;0;4;2;8;1;17;1;3;1;3;0;0;0;0;0;0;0;0;0;0;0;0;0;0;0;0;0;0;0;0;0;0;0;0;0;0
12.01.2024;20:21;A 64;1;3;8;2;15;1;1;1;0;3;11;3;11;2;21;1;44;1;44;1;8;0;0;0;0;0;0;0;0;0;0;0;0;0;0;0;0;0;0;0;0;0;0;0;0
12.01.2024;20:20;A 64;1;2;74;1;87;1;2;1;1;1;9;1;32;1;67;1;23;1;24;2;15;0;0;0;0;0;0;0;0;0;0;0;0;0;0;0;0;0;0;0;0;0;0;0;0
12.01.2024;20:19;A 64;1;2;40;0;43;1;6;1;6;0;5;0;0;0;0;0;0;0;0;1;23;0;0;0;0;0;0;0;0;0;0;0;0;0;0;0;0;0;1;0;0;0;0;0;0
12.01.2024;20:18;A 64;1;2;33;2;50;1;58;1;59;3;23;2;3;1;16;0;0;0;0;0;0;0;0;0;0;0;0;0;0;0;0;0;0;0;0;0;0;1;0;0;0;0;0;0;0
12.01.2024;20:17;A 64;1;2;7;4;25;2;3;2;2;0;6;2;9;1;8;0;0;0;0;0;0;0;0;0;0;0;0;0;0;0;0;0;0;0;0;0;0;0;0;0;0;0;0;0;0
12.01.2024;20:16;A 64;1;1;30;2;20;2;49;2;41;5;31;0;0;0;0;0;0;0;0;0;0;0;0;0;0;0;0;0;0;0;0;0;0;0;0;0;0;0;0;0;0;0;0;0;0
12.01.2024;20:15;A 64;1;2;2;2;19;1;26;1;25;1;12;0;0;0;0;0;0;0;0;0;0;0;0;0;0;0;0;0;0;0;0;0;0;0;0;0;0;0;0;0;0;0;0;0;0
12.01.2024;20:14;A 64;1;0;0;0;0;0;0;0;0;0;0;1;36;2;31;0;0;0;0;0;0;0;0;0;0;0;0;0;0;0;0;0;0;0;0;0;0;0;0;0;0;0;0;0;0
12.01.2024;20:13;A 64;1;0;0;0;0;0;0;0;0;0;0;2;4;3;28;0;0;0;0;0;0;0;0;0;0;0;0;0;0;0;0;0;0;0;0;0;0;0;0;0;0;0;0;0;0
12.01.2024;20:12;A 64;1;1;37;1;6;0;0;0;0;0;0;2;36;3;18;0;1;0;0;0;0;0;0;0;0;0;0;0;0;0;0;0;0;0;0;0;0;0;0;0;0;0;0;0;0
12.01.2024;20:11;A 64;1;2;50;2;32;0;0;0;0;0;0;3;38;3;23;1;49;1;50;2;4;0;0;0;0;0;0;0;0;0;0;0;0;0;0;0;0;0;0;0;0;0;0;0;0
12.01.2024;20:10;A 64;1;5;60;5;91;1;7;1;6;1;12;1;52;2;69;0;0;0;0;0;0;0;0;0;0;0;0;0;0;0;0;0;0;0;0;0;0;0;0;0;0;0;0;0;0
12.01.2024;20:09;A 64;1;5;26;1;45;0;0;0;0;0;0;0;0;0;0;0;0;0;0;0;0;0;0;0;0;0;0;0;0;0;0;0;0;0;0;0;0;0;0;0;0;0;0;0;0
12.01.2024;20:08;A 64;1;1;20;0;9;1;27;1;27;1;15;1;26;1;14;0;0;0;0;0;0;0;0;0;0;0;0;0;0;0;0;0;0;0;0;0;0;0;0;0;0;0;0;0;0
12.01.2024;20:07;A 64;1;2;32;3;48;0;0;0;0;0;0;0;0;1;5;1;1;1;1;1;3;0;0;0;0;0;0;0;0;0;0;0;0;0;0;0;0;0;0;0;0;0;0;0;0
12.01.2024;20:06;A 64;1;2;24;3;27;1;55;1;54;1;10;0;0;0;0;0;0;0;0;0;0;0;0;0;0;0;0;0;0;0;0;0;0;0;0;0;0;0;0;0;0;0;0;0;0
12.01.2024;20:05;A 64;1;2;32;2;12;1;4;1;3;0;2;1;2;1;10;0;0;1;2;0;0;0;0;0;0;0;0;0;0;0;0;0;0;0;0;0;0;0;0;0;0;0;0;0;0
12.01.2024;20:04;A 64;1;2;15;2;25;1;98;1;98;1;98;2;9;1;6;0;0;0;0;0;0;0;0;0;0;0;0;0;0;0;0;0;0;0;0;0;0;0;0;0;0;0;0;0;0
12.01.2024;20:03;A 64;1;2;45;3;54;1;69;1;34;2;12;1;45;1;1;1;77;1;76;2;65;0;0;0;0;0;0;0;0;0;0;0;0;0;0;0;0;0;0;0;0;0;0;0;0
12.01.2024;20:02;A 64;1;1;1;1;8;2;55;2;48;2;15;1;1;0;2;1;8;1;8;1;18;0;0;0;0;0;0;0;0;0;0;0;0;0;0;0;0;0;0;0;0;0;0;0;0
12.01.2024;20:01;A 64;1;3;75;1;86;1;22;1;21;1;11;0;0;1;5;0;15;0;15;0;9;0;0;0;0;0;0;0;0;0;0;0;0;0;0;0;0;0;0;0;0;0;0;0;0
12.01.2024;20:00;A 64;1;3;20;3;38;0;100;0;100;1;27;2;2;1;8;1;82;1;83;4;71;0;0;0;0;0;0;0;0;0;0;0;0;0;0;0;0;0;0;0;0;0;0;0;0
12.01.2024;19:59;A 64;1;1;41;1;52;1;59;1;58;1;10;1;0;2;14;0;0;0;0;0;0;0;0;0;0;0;0;0;0;0;0;0;0;0;0;0;0;0;0;0;0;0;0;0;0
12.01.2024;19:58;A 64;1;2;29;7;20;1;51;1;30;1;17;2;37;2;69;0;0;0;0;0;0;0;0;0;0;1;1;0;0;0;0;0;0;0;0;0;0;0;0;0;0;0;0;0;0
12.01.2024;19:57;A 64;1;2;18;3;31;1;21;1;4;2;15;1;0;1;4;0;0;0;0;0;0;0;0;0;0;0;0;0;0;0;0;0;0;0;0;0;0;0;0;0;0;0;0;0;0
12.01.2024;19:56;A 64;1;2;1;2;11;1;15;1;14;1;7;2;4;1;7;0;0;0;0;0;0;0;0;0;0;0;0;0;0;0;0;0;0;0;0;0;0;0;0;0;0;0;0;0;0
12.01.2024;19:55;A 64;1;0;0;0;0;2;12;2;14;1;17;2;32;1;48;0;0;0;0;0;0;0;0;0;0;0;0;0;0;0;0;0;0;0;0;0;0;0;0;0;0;0;0;0;0
12.01.2024;19:54;A 64;1;1;53;1;19;0;22;0;0;0;0;1;0;1;7;0;0;0;0;0;0;0;0;0;0;0;0;0;0;0;0;0;0;0;0;0;0;0;0;0;0;0;0;0;0
12.01.2024;19:53;A 64;1;4;12;5;24;3;33;3;7;1;13;3;41;1;46;1;3;1;3;0;0;0;0;0;0;0;0;0;0;0;0;0;0;0;0;0;0;0;0;0;0;0;0;0;0
12.01.2024;19:52;A 64;1;2;18;0;22;1;47;1;47;2;21;1;21;2;29;2;3;2;4;1;12;0;0;0;0;0;0;0;0;0;0;0;0;0;0;0;0;0;0;0;0;0;0;0;0
12.01.2024;19:51;A 64;1;2;58;1;77;0;80;0;79;0;0;1;48;2;21;1;43;1;43;2;5;0;0;0;0;0;0;0;0;0;0;0;0;0;0;0;0;0;0;0;0;0;0;0;0
12.01.2024;19:50;A 64;1;2;56;1;41;1;11;1;11;1;10;3;54;1;63;1;14;1;14;1;5;0;0;0;0;0;0;0;0;0;0;0;0;0;0;0;0;0;0;0;0;0;0;0;0
12.01.2024;19:49;A 64;1;3;43;3;48;0;0;0;0;0;0;2;44;1;69;1;12;1;12;1;3;0;0;0;0;0;0;0;0;0;0;0;0;0;0;0;0;0;0;0;0;0;0;0;0
12.01.2024;19:48;A 64;1;5;36;3;54;0;0;0;0;0;0;2;5;2;15;0;0;0;0;0;0;0;0;0;0;0;0;0;0;0;0;0;0;0;0;0;0;0;0;0;0;0;0;0;0
12.01.2024;19:47;A 64;1;2;28;5;45;1;61;1;43;2;4;1;0;0;0;0;0;0;0;0;0;0;0;0;0;0;0;0;0;0;0;0;0;0;0;0;0;0;0;0;0;0;0;0;0
12.01.2024;19:46;A 64;1;1;55;1;3;1;28;1;29;1;8;2;1;3;19;0;23;0;22;0;0;0;0;0;0;0;0;0;0;0;0;0;0;0;0;0;0;0;0;0;0;0;0;0;0
12.01.2024;19:45;A 64;1;1;1;2;9;0;0;0;0;0;0;0;30;2;37;1;43;1;44;1;5;0;0;0;0;0;0;0;0;0;0;0;0;0;0;0;0;0;0;0;0;0;0;0;0
12.01.2024;19:44;A 64;1;1;0;1;5;1;81;1;82;1;9;2;34;3;32;0;0;0;0;0;0;0;0;0;0;0;0;0;0;0;0;0;0;0;0;0;0;0;0;0;0;0;0;0;0
12.01.2024;19:43;A 64;1;0;0;0;0;0;0;0;0;0;0;1;72;2;85;0;0;0;0;0;0;0;0;0;0;0;0;0;0;0;0;0;0;0;0;0;0;0;0;0;0;0;0;0;0
12.01.2024;19:42;A 64;1;4;45;3;68;4;11;4;12;1;42;1;55;1;9;1;27;1;26;0;0;2;3;0;0;0;0;0;0;0;0;0;0;0;0;0;0;0;0;0;0;0;0;0;0
12.01.2024;19:41;A 64;1;3;33;3;21;3;21;2;12;1;38;0;0;0;0;1;67;1;65;0;0;0;0;0;0;0;0;0;0;0;0;0;0;0;0;0;0;0;0;0;0;0;0;0;0
12.01.2024;19:40;A 64;1;2;12;3;13;2;35;2;36;3;45;0;14;0;0;2;29;2;30;2;14;0;0;0;0;0;0;0;0;0;0;0;0;0;0;0;0;0;0;0;0;0;0;0;1
12.01.2024;19:39;A 64;1;2;2;3;11;1;2;1;1;1;9;1;34;2;14;1;3;1;3;1;7;0;0;0;0;0;0;0;0;0;0;0;0;0;0;0;0;0;0;0;0;0;0;1;0
12.01.2024;19:38;A 64;1;6;19;5;51;1;20;1;20;1;6;0;0;0;0;1;1;1;1;1;2;0;0;0;0;0;0;0;0;0;0;0;0;0;0;0;0;0;0;0;0;0;0;0;0
12.01.2024;19:37;A 64;1;7;34;2;60;1;1;1;1;1;4;1;1;1;5;0;0;0;0;0;0;0;0;0;0;0;0;0;0;0;0;0;0;0;0;0;0;0;0;0;0;0;0;0;0
12.01.2024;19:36;A 64;1;4;16;2;27;2;74;2;74;2;51;2;2;1;12;1;2;1;2;1;7;0;0;0;0;0;0;0;0;0;0;0;0;0;0;0;0;0;0;0;0;0;0;0;0
12.01.2024;19:35;A 64;1;4;42;3;74;2;76;2;75;1;42;0;0;0;0;0;0;0;0;0;0;0;0;0;0;0;0;0;0;0;0;0;0;0;0;0;0;0;0;0;0;0;0;0;0
12.01.2024;19:34;A 64;1;1;65;1;2;1;18;1;19;1;10;1;33;1;6;2;30;2;30;1;15;0;0;0;0;0;0;0;0;0;0;0;0;0;0;0;0;0;0;0;0;0;0;0;0
12.01.2024;19:33;A 64;1;6;33;2;59;0;0;0;0;0;0;1;13;1;18;1;76;1;77;1;6;0;0;0;0;0;0;0;0;0;0;0;0;0;0;0;0;0;0;0;0;0;0;0;0
12.01.2024;19:32;A 64;1;3;93;1;99;0;0;0;0;0;0;1;44;2;48;2;7;2;7;2;4;0;0;0;0;0;0;0;0;0;0;0;0;0;0;0;0;0;0;0;0;0;0;0;0
12.01.2024;19:31;A 64;1;1;32;2;50;2;18;2;18;1;29;2;52;2;73;0;0;0;0;0;0;0;0;0;0;0;0;0;0;0;0;0;0;0;0;0;0;0;0;0;0;0;0;0;0
12.01.2024;19:30;A 64;1;3;22;2;28;2;28;2;27;1;11;3;2;1;17;0;0;0;0;0;0;0;0;0;0;0;0;0;0;0;0;0;0;0;0;0;0;0;0;0;0;0;0;0;0
12.01.2024;19:29;A 64;1;0;34;1;12;1;14;1;15;1;6;0;0;0;0;1;1;1;1;0;0;0;0;0;0;0;0;0;0;0;0;0;0;0;0;0;0;0;0;0;0;1;1;0;0
12.01.2024;19:28;A 64;1;5;11;1;25;2;50;2;6;1;58;3;6;1;21;2;54;2;54;2;29;0;0;0;0;0;0;0;0;0;0;0;0;0;0;0;0;0;0;0;0;0;0;0;0
12.01.2024;19:27;A 64;1;1;16;1;28;4;71;4;70;0;74;1;35;1;50;1;58;2;57;1;8;0;0;0;0;0;0;0;0;0;0;0;0;0;0;0;0;0;0;0;0;0;0;0;0
12.01.2024;19:26;A 64;1;4;79;0;92;2;65;2;66;2;72;4;45;2;33;1;32;1;33;1;4;0;0;0;0;0;0;0;0;0;0;0;0;0;0;0;0;0;0;0;0;0;0;0;0
12.01.2024;19:25;A 64;1;1;24;1;0;0;0;0;0;0;0;2;27;2;16;0;0;0;0;0;0;1;1;0;0;0;0;0;0;0;0;0;0;0;0;0;0;0;0;0;0;0;0;0;0
12.01.2024;19:24;A 64;1;8;32;1;42;1;3;1;3;1;13;5;15;1;31;1;0;1;0;0;0;0;0;0;0;0;0;0;0;0;0;0;0;0;0;0;0;0;0;0;0;0;0;0;0
12.01.2024;19:23;A 64;1;1;92;7;72;2;77;2;76;1;81;5;24;1;32;1;4;1;4;0;0;1;1;0;0;0;0;0;0;0;0;0;0;0;0;0;0;0;0;0;0;0;0;0;0
12.01.2024;19:22;A 64;1;2;58;2;73;4;66;5;66;1;81;2;2;1;21;0;0;0;0;0;0;2;3;0;0;0;0;0;0;0;0;0;0;0;0;0;0;0;0;0;0;0;0;1;1
12.01.2024;19:21;A 64;1;2;55;2;63;2;74;2;75;2;28;7;17;1;87;2;2;2;2;1;8;0;0;0;0;0;0;0;0;0;0;0;0;0;0;0;0;0;0;0;0;0;0;0;0
12.01.2024;19:20;A 64;1;9;39;2;66;1;69;1;70;2;31;2;2;3;20;0;0;0;0;0;0;0;0;0;0;0;0;0;0;0;0;0;0;0;0;0;0;0;0;0;0;0;0;0;0
12.01.2024;19:19;A 64;1;2;50;3;49;1;60;1;59;0;59;2;30;2;16;0;60;0;59;0;0;0;0;0;0;0;0;0;0;0;0;0;0;0;0;0;0;0;0;0;0;0;0;0;0
12.01.2024;19:18;A 64;1;4;68;2;88;4;71;5;71;4;67;2;42;4;55;2;32;2;33;2;12;0;0;0;0;0;0;0;0;0;0;0;0;0;0;0;0;0;0;0;0;0;0;0;0
12.01.2024;19:17;A 64;1;3;10;4;22;1;54;1;55;1;11;4;23;2;32;1;0;1;0;0;0;1;1;0;0;0;0;0;0;0;0;0;0;0;0;0;0;0;0;0;0;0;0;0;0
12.01.2024;19:16;A 64;1;8;10;3;37;2;94;2;94;0;96;2;15;2;14;2;1;2;1;0;0;0;0;0;0;0;0;0;0;0;0;0;0;0;0;0;0;0;0;0;0;0;0;0;0
12.01.2024;19:15;A 64;1;4;67;3;41;3;64;2;67;3;56;2;19;1;39;0;0;0;0;0;0;0;0;0;0;0;0;0;0;0;0;0;0;0;0;0;0;0;0;0;0;0;0;0;0
12.01.2024;19:14;A 64;1;5;50;2;76;2;47;3;15;4;28;2;3;2;12;0;0;0;0;0;0;0;0;0;0;0;0;0;0;0;0;0;0;0;0;0;0;0;0;0;0;0;0;0;0
12.01.2024;19:13;A 64;1;1;17;1;7;1;1;1;1;1;8;5;39;3;17;0;0;0;0;0;0;0;0;0;0;0;0;0;0;0;0;0;0;0;0;0;0;0;0;0;0;0;0;0;0
12.01.2024;19:12;A 64;1;4;26;1;32;1;17;1;16;1;25;3;21;1;34;1;3;1;3;1;4;0;0;0;0;0;0;0;0;0;0;0;0;0;0;0;0;0;0;0;0;0;0;0;0
12.01.2024;19:11;A 64;1;3;24;3;36;2;69;2;69;1;23;2;92;1;99;2;71;2;71;1;44;0;0;0;0;0;0;0;0;0;0;0;0;0;0;0;0;0;0;0;0;0;0;0;0
12.01.2024;19:10;A 64;1;2;1;1;10;2;3;2;3;2;19;0;100;0;100;1;3;1;3;2;10;0;0;0;0;0;0;0;0;0;0;0;0;0;0;0;0;0;0;0;0;0;0;0;0
12.01.2024;19:09;A 64;1;6;51;1;66;0;0;0;0;0;0;3;33;1;19;0;0;0;0;0;0;0;0;0;0;0;0;0;0;0;0;0;0;1;6;0;0;0;0;0;0;1;1;0;0
12.01.2024;19:08;A 64;1;2;5;1;27;2;44;2;6;1;15;1;0;2;19;3;86;3;87;1;48;0;0;0;0;0;0;0;0;0;0;0;0;0;0;0;0;0;0;0;0;0;0;0;0
12.01.2024;19:07;A 64;1;2;48;1;57;0;0;0;0;0;0;2;1;1;8;2;5;2;19;3;16;0;0;0;0;0;0;0;0;0;0;0;0;0;0;0;0;0;0;0;0;0;0;0;0
12.01.2024;19:06;A 64;1;3;58;2;72;1;32;1;31;1;11;1;48;2;51;0;0;0;0;0;0;0;0;0;0;0;0;0;0;0;0;0;0;0;0;0;0;0;0;0;0;0;0;0;0
12.01.2024;19:05;A 64;1;2;4;2;18;1;18;1;19;2;14;2;1;1;6;0;0;0;0;0;0;0;0;0;0;0;0;0;0;0;0;0;0;0;0;0;0;0;0;0;0;0;0;0;0
12.01.2024;19:04;A 64;1;4;13;0;46;0;0;0;0;0;0;3;17;1;10;1;29;1;29;1;6;0;0;0;0;0;0;0;0;0;0;0;0;0;0;0;0;0;0;0;0;0;0;0;0
12.01.2024;19:03;A 64;1;3;36;4;55;0;69;0;68;0;0;4;32;1;34;2;2;2;2;0;0;0;0;0;0;0;0;0;0;0;0;0;0;0;0;0;0;0;0;0;0;0;0;0;0
12.01.2024;19:02;A 64;1;3;11;3;13;2;47;2;48;1;18;8;79;0;100;1;44;1;44;1;11;0;0;0;0;0;0;0;0;0;0;0;0;0;0;0;0;0;0;0;0;0;0;0;0
12.01.2024;19:01;A 64;1;5;47;6;37;0;0;0;0;1;3;0;100;0;100;3;15;3;16;3;14;0;0;0;0;0;0;0;0;0;0;0;0;0;0;0;0;0;0;0;0;0;0;0;0
12.01.2024;19:00;A 64;1;5;55;1;67;0;0;0;0;0;0;1;35;1;60;0;0;0;0;0;0;4;6;0;0;1;1;0;0;0;0;0;0;0;0;0;0;0;0;0;0;0;0;0;0
12.01.2024;18:59;A 64;1;1;8;2;25;1;60;1;59;1;47;1;16;1;8;1;38;1;38;1;7;0;0;0;0;0;0;0;0;0;0;0;0;0;0;0;0;0;0;0;0;0;0;0;0
12.01.2024;18:58;A 64;1;1;63;2;62;3;40;3;40;1;42;1;1;1;7;2;28;2;27;0;25;1;1;0;0;0;0;0;0;0;0;0;0;0;0;0;0;0;0;0;0;0;0;0;0
12.01.2024;18:57;A 64;1;6;42;2;59;1;42;1;43;1;58;4;30;3;32;1;70;1;71;4;49;0;0;0;0;0;0;0;0;0;0;0;0;0;0;0;0;0;0;0;0;0;0;0;0
12.01.2024;18:56;A 64;1;4;9;4;29;0;0;0;0;1;28;4;18;5;24;0;0;0;0;0;0;1;1;0;0;0;0;0;0;0;0;0;0;0;0;0;0;0;0;0;0;0;0;0;0
12.01.2024;18:55;A 64;1;3;61;2;35;0;0;0;0;0;0;1;0;1;6;0;56;0;55;0;0;0;0;0;0;0;0;0;0;0;0;0;0;0;0;0;0;0;0;0;0;0;0;0;0
12.01.2024;18:54;A 64;1;3;2;2;15;0;0;0;0;0;0;4;16;4;41;1;72;1;52;2;7;0;0;0;0;0;0;0;0;0;0;0;0;0;0;0;0;1;1;0;0;0;0;0;0
12.01.2024;18:53;A 64;1;5;50;0;63;0;0;0;0;0;0;3;37;0;46;1;59;1;1;1;5;3;5;0;0;0;0;0;0;0;0;0;0;0;0;0;0;0;0;0;0;1;1;0;0
12.01.2024;18:52;A 64;1;1;79;4;72;0;0;0;0;0;0;3;49;3;59;1;3;1;3;0;0;2;3;0;0;0;0;0;0;0;0;0;0;0;0;0;0;0;0;0;0;0;0;0;0
12.01.2024;18:51;A 64;1;3;14;3;29;2;78;2;78;0;79;2;76;1;89;0;70;0;69;0;0;0;0;0;0;0;0;0;0;0;0;0;0;0;0;0;0;0;0;2;3;0;0;0;0
12.01.2024;18:50;A 64;1;5;5;4;32;1;43;1;42;1;22;1;16;1;24;1;77;2;77;1;4;0;0;0;0;0;0;0;0;0;0;0;0;0;0;0;0;0;0;0;0;0;0;0;0
12.01.2024;18:49;A 64;1;1;15;2;16;1;55;1;56;1;12;0;41;0;39;2;49;2;49;1;2;0;0;0;0;0;0;0;0;0;0;0;0;0;0;0;0;0;0;0;0;0;0;0;0
12.01.2024;18:48;A 64;1;4;10;2;31;0;0;0;0;0;0;4;15;3;31;1;66;1;67;1;12;0;0;0;0;0;0;0;0;0;0;0;0;0;0;0;0;0;0;0;0;0;0;0;0
12.01.2024;18:47;A 64;1;4;45;3;69;4;77;4;14;0;80;1;12;1;22;0;0;0;0;0;0;0;0;0;0;1;1;0;0;0;0;0;0;0;0;0;0;1;1;0;0;0;0;0;0
12.01.2024;18:46;A 64;1;5;43;2;71;4;58;4;16;1;86;4;24;3;29;3;29;3;29;0;29;1;1;0;0;1;1;0;0;0;0;0;0;0;0;0;0;1;1;0;0;0;0;0;0
12.01.2024;18:45;A 64;1;5;17;3;35;0;0;0;0;0;0;4;15;1;27;1;97;1;97;4;46;1;1;0;0;0;0;0;0;0;0;0;0;0;0;0;0;0;0;0;0;0;0;0;0
12.01.2024;18:44;A 64;1;1;97;0;100;1;2;1;2;1;9;3;68;1;27;0;0;0;0;1;4;0;0;0;0;0;0;0;0;0;0;0;0;0;0;0;0;0;0;0;0;0;0;0;0
12.01.2024;18:43;A 64;1;2;19;1;32;5;68;5;67;0;82;2;36;3;24;2;38;2;38;2;14;0;0;0;0;0;0;0;0;0;0;0;0;0;0;0;0;0;0;0;0;0;0;0;0
12.01.2024;18:42;A 64;1;4;48;1;64;5;54;5;54;1;71;1;76;0;73;2;14;2;14;1;16;1;1;0;0;0;0;0;0;0;0;0;0;0;0;0;0;0;0;0;0;0;0;0;0
12.01.2024;18:41;A 64;1;3;59;2;68;5;86;5;85;0;100;4;72;2;49;1;31;1;31;1;96;0;0;0;0;0;0;0;0;0;0;0;0;0;0;0;0;0;0;0;0;0;0;0;0
12.01.2024;18:40;A 64;1;3;20;4;23;1;75;1;76;0;100;6;51;4;64;1;56;1;57;2;19;0;0;0;0;0;0;0;0;0;0;0;0;0;0;0;0;0;0;0;0;0;0;0;0
12.01.2024;18:39;A 64;1;5;9;4;27;0;74;0;73;0;100;1;15;1;46;1;74;1;73;3;11;0;0;0;0;0;0;0;0;0;0;0;0;0;0;0;0;0;0;0;0;0;0;0;0
12.01.2024;18:38;A 64;1;5;71;1;92;2;56;2;56;3;23;1;32;1;7;3;40;3;40;4;31;0;0;0;0;0;0;0;0;0;0;0;0;0;0;0;0;0;0;0;0;0;0;0;0
12.01.2024;18:37;A 64;1;3;48;3;58;1;79;1;79;1;7;4;18;3;25;1;43;1;44;1;6;0;0;0;0;0;0;0;0;0;0;0;0;0;0;0;0;0;0;0;0;0;0;0;0
12.01.2024;18:36;A 64;1;3;34;3;49;0;0;0;0;0;0;4;15;1;35;1;12;1;13;1;7;0;0;0;0;0;0;0;0;0;0;0;0;0;0;0;0;0;0;0;0;0;0;0;0
12.01.2024;18:35;A 64;1;3;67;0;100;2;5;2;3;1;11;4;84;2;96;0;0;0;0;0;0;0;0;0;0;0;0;0;0;0;0;0;0;0;0;0;0;0;0;0;0;0;0;0;0
12.01.2024;18:34;A 64;1;4;51;3;65;1;2;1;2;1;9;3;29;2;37;2;47;2;46;1;47;0;0;0;0;0;0;0;0;0;0;0;0;0;0;0;0;0;0;0;0;0;0;0;0
12.01.2024;18:33;A 64;1;8;66;1;96;1;6;1;2;0;5;2;36;3;32;1;11;1;12;2;13;0;0;0;0;0;0;0;0;0;0;0;0;0;0;0;0;0;0;0;0;0;0;0;0
12.01.2024;18:32;A 64;1;2;96;0;100;1;13;1;3;1;22;6;55;1;64;1;5;1;5;0;0;0;0;0;0;0;0;0;0;0;0;0;0;0;0;0;0;0;0;0;0;0;0;0;0
12.01.2024;18:31;A 64;1;4;26;1;39;3;81;3;81;0;89;4;88;1;94;3;8;3;8;2;18;0;0;0;0;0;0;0;0;0;0;0;0;0;0;0;0;0;0;0;0;0;0;0;0
12.01.2024;18:30;A 64;1;6;44;1;69;2;79;2;80;2;70;3;24;4;53;0;0;0;0;0;0;0;0;0;0;0;0;0;0;0;0;0;0;0;0;0;0;0;0;0;0;0;0;0;0
12.01.2024;18:29;A 64;1;6;29;5;45;1;4;1;5;1;10;6;7;2;46;1;1;1;0;0;0;0;0;0;0;0;0;0;0;0;0;0;0;0;0;0;0;0;0;0;0;0;0;0;0
12.01.2024;18:28;A 64;1;8;26;0;35;2;1;2;1;1;12;2;17;1;35;1;80;1;80;0;7;0;0;0;0;0;0;0;0;0;0;0;0;0;0;0;0;0;0;0;0;0;0;0;0
12.01.2024;18:27;A 64;1;4;52;4;73;2;84;2;83;1;87;1;27;1;41;1;4;1;4;2;5;0;0;0;0;0;0;0;0;0;0;0;0;0;0;0;0;0;0;0;0;0;0;0;0
12.01.2024;18:26;A 64;1;2;50;3;38;3;50;3;51;3;38;3;11;2;13;1;1;1;1;0;0;0;0;0;0;0;0;0;0;0;0;0;0;0;0;0;0;0;0;0;0;0;0;0;0
12.01.2024;18:25;A 64;1;1;1;1;6;7;80;7;76;0;37;2;4;2;17;1;13;1;12;1;13;0;0;0;0;0;0;0;0;0;0;0;0;0;0;0;0;0;0;0;0;0;0;0;0
12.01.2024;18:24;A 64;1;7;15;3;37;1;99;1;84;1;90;3;8;2;19;2;78;2;80;1;94;0;0;0;0;0;0;0;0;0;0;0;0;0;0;0;0;0;0;0;0;0;0;0;0
12.01.2024;18:23;A 64;1;3;14;2;19;1;72;1;71;2;28;4;21;1;18;1;3;1;3;0;0;0;0;0;0;0;0;0;0;0;0;0;0;0;0;0;0;0;0;0;0;0;0;0;0
12.01.2024;18:22;A 64;1;1;2;1;11;1;57;1;57;1;9;5;26;2;43;0;40;0;40;0;0;0;0;0;0;0;0;0;0;0;0;0;0;0;0;0;0;1;1;0;0;0;0;0;0
12.01.2024;18:21;A 64;1;5;30;2;23;1;22;1;22;1;8;1;1;1;5;1;52;1;52;2;11;0;0;0;0;0;0;0;0;0;0;0;0;0;0;0;0;0;0;0;0;0;0;0;0
12.01.2024;18:20;A 64;1;7;59;3;52;2;45;1;47;2;26;1;13;0;19;1;0;1;0;0;0;0;0;0;0;0;0;0;0;0;0;0;0;0;0;0;0;1;2;0;0;0;0;0;0
12.01.2024;18:19;A 64;1;0;0;4;8;2;53;2;53;1;60;5;41;2;52;0;0;0;0;0;0;0;0;0;0;1;1;0;0;0;0;0;0;0;0;0;0;0;0;0;0;0;0;0;0
12.01.2024;18:18;A 64;1;6;49;1;67;0;41;0;40;1;38;2;44;3;55;0;0;0;0;5;32;0;0;0;0;0;0;0;0;0;0;0;0;0;0;0;0;0;0;0;0;0;0;0;0
12.01.2024;18:17;A 64;1;3;34;3;49;1;14;1;15;1;18;2;15;2;53;0;0;0;0;1;10;0;0;0;0;0;0;0;0;0;0;0;0;0;0;0;0;0;0;0;0;0;0;0;0
12.01.2024;18:16;A 64;1;6;20;4;43;1;28;1;28;1;8;0;0;1;6;0;0;0;0;0;0;0;0;0;0;0;0;0;0;0;0;0;0;0;0;0;0;0;0;0;0;0;0;0;0
12.01.2024;18:15;A 64;1;1;46;1;57;4;67;4;66;1;37;2;2;1;6;0;0;0;0;0;0;0;0;0;0;0;0;0;0;0;0;0;0;0;0;0;0;0;0;0;0;0;0;0;0
12.01.2024;18:14;A 64;1;2;1;3;12;2;9;2;10;2;16;4;60;4;31;0;0;0;0;0;0;0;0;0;0;0;0;0;0;0;0;0;0;0;0;0;0;0;0;0;0;0;0;0;0
12.01.2024;18:13;A 64;1;5;59;0;75;2;6;1;5;2;2;2;1;2;21;1;1;1;1;1;3;0;0;0;0;0;0;0;0;0;0;0;0;0;0;0;0;0;0;0;0;0;0;0;0
12.01.2024;18:12;A 64;1;7;64;2;90;1;5;1;5;1;8;14;32;1;71;0;0;0;0;0;0;0;0;0;0;0;0;0;0;0;0;0;0;0;0;0;0;0;0;0;0;0;0;0;0
12.01.2024;18:11;A 64;1;3;79;2;95;4;33;4;32;2;15;2;85;0;100;2;29;2;29;4;17;0;0;0;0;1;1;0;0;0;0;0;0;0;0;0;0;1;1;0;0;0;0;0;0
12.01.2024;18:10;A 64;1;1;83;1;97;0;0;0;0;0;0;1;8;1;88;3;31;3;30;3;40;0;0;0;0;1;1;0;0;0;0;0;0;0;0;0;0;1;1;0;0;0;0;0;0
12.01.2024;18:09;A 64;1;5;34;1;41;1;1;1;1;1;6;0;26;0;0;1;41;1;41;1;51;0;0;0;0;0;0;0;0;0;0;0;0;0;0;0;0;0;0;0;0;0;0;0;0
12.01.2024;18:08;A 64;1;1;36;2;27;3;68;3;69;4;45;2;11;2;21;1;58;1;58;1;7;0;0;0;0;0;0;0;0;0;0;0;0;0;0;0;0;0;0;0;0;0;0;0;0
12.01.2024;18:07;A 64;1;2;60;3;47;3;52;3;53;1;42;2;43;2;43;2;25;2;25;1;30;0;0;0;0;0;0;0;0;0;0;0;0;0;0;0;0;0;0;0;0;0;0;0;0
12.01.2024;18:06;A 64;1;2;2;2;12;2;29;2;28;1;35;3;22;3;30;3;13;3;13;2;10;0;0;0;0;0;0;0;0;0;0;0;0;0;0;0;0;0;0;0;0;0;0;0;0
12.01.2024;18:05;A 64;1;6;7;5;33;1;7;1;8;1;17;6;38;2;66;0;6;0;0;0;0;0;0;0;0;0;0;0;0;0;0;0;0;0;0;0;0;0;0;0;0;0;0;0;0
12.01.2024;18:04;A 64;1;8;66;0;82;0;0;0;0;0;0;7;36;1;58;1;80;1;31;1;3;0;0;0;0;0;0;0;0;0;0;0;0;0;0;0;0;0;0;0;0;0;0;0;0
12.01.2024;18:03;A 64;1;7;66;1;90;2;3;2;3;1;6;1;46;3;78;0;74;0;74;0;0;0;0;0;0;0;0;0;0;0;0;0;0;0;0;0;0;0;0;0;0;0;0;0;0
12.01.2024;18:02;A 64;1;6;88;0;100;1;28;1;27;0;25;2;29;2;43;2;45;2;45;1;43;0;0;0;0;0;0;0;0;0;0;0;0;0;0;0;0;0;0;0;0;0;0;0;0
12.01.2024;18:01;A 64;1;8;67;1;94;1;39;1;39;1;43;1;41;1;8;2;28;2;29;2;45;0;0;0;0;0;0;0;0;0;0;0;0;0;0;0;0;0;0;0;0;0;0;0;0
12.01.2024;18:00;A 64;1;7;35;3;67;1;55;1;56;1;5;2;4;1;18;0;0;0;0;0;0;0;0;0;0;0;0;0;0;0;0;0;0;0;0;0;0;0;0;0;0;0;0;0;0
12.01.2024;17:59;A 64;1;2;1;3;16;3;70;2;68;2;48;3;53;3;29;2;15;2;15;1;7;0;0;0;0;0;0;0;0;0;0;0;0;0;0;0;0;0;0;0;0;0;0;0;0
12.01.2024;17:58;A 64;1;7;47;2;73;2;38;2;38;2;19;2;25;4;26;0;24;0;24;0;0;0;0;0;0;0;0;0;0;0;0;0;0;0;0;0;0;0;0;0;0;0;0;0;0
12.01.2024;17:57;A 64;1;2;36;2;12;3;7;3;9;2;14;3;34;1;45;1;68;1;68;1;10;0;0;0;0;0;0;0;0;0;0;0;0;0;0;0;0;0;0;0;0;0;0;0;0
12.01.2024;17:56;A 64;1;4;9;4;36;1;98;1;97;0;100;2;16;2;40;0;0;0;0;0;0;0;0;0;0;0;0;0;0;0;0;1;1;0;0;0;0;0;0;0;0;0;0;0;0
12.01.2024;17:55;A 64;1;5;55;3;41;2;10;2;12;2;25;2;14;1;14;1;58;1;58;1;6;0;0;0;0;0;0;0;0;0;0;0;0;0;0;0;0;0;0;0;0;0;0;0;0
12.01.2024;17:54;A 64;1;5;74;1;94;5;42;6;42;0;54;3;54;4;50;2;57;2;57;3;26;0;0;0;0;0;0;0;0;0;0;0;0;0;0;0;0;0;0;0;0;0;0;0;0
12.01.2024;17:53;A 64;1;1;85;4;67;5;86;5;87;0;100;5;47;3;67;2;16;3;16;1;8;0;0;0;0;0;0;0;0;0;0;0;0;0;0;0;0;0;0;0;0;0;0;0;0
12.01.2024;17:52;A 64;1;5;37;1;17;3;7;2;94;0;100;1;15;1;27;2;92;2;77;0;95;0;0;0;0;0;0;0;0;0;0;0;0;0;0;0;0;0;0;0;0;0;0;0;0
12.01.2024;17:51;A 64;1;13;45;2;82;1;11;1;98;0;100;7;36;2;62;1;41;1;41;2;25;0;0;0;0;0;0;0;0;0;0;0;0;0;0;0;0;0;0;0;0;0;0;0;0
12.01.2024;17:50;A 64;1;3;43;1;60;1;94;2;92;0;100;3;28;9;42;1;94;1;94;1;83;0;0;0;0;0;0;0;0;0;0;0;0;0;0;0;0;0;0;0;0;0;0;0;0
12.01.2024;17:49;A 64;1;1;34;1;11;7;65;7;67;1;86;8;76;1;91;1;24;1;25;2;15;0;0;0;0;0;0;0;0;0;0;0;0;0;0;0;0;0;0;0;0;1;1;0;0
12.01.2024;17:48;A 64;1;3;18;3;38;1;61;1;62;2;53;1;34;1;66;0;0;0;0;0;0;0;0;0;0;0;0;0;0;0;0;0;0;0;0;0;0;0;0;0;0;0;0;0;0
12.01.2024;17:47;A 64;1;4;61;5;75;1;1;1;1;1;6;3;5;3;20;1;1;1;1;2;2;0;0;0;0;0;0;0;0;0;0;0;0;0;0;0;0;0;0;0;0;0;0;0;0
12.01.2024;17:46;A 64;1;5;66;1;71;1;42;1;26;1;10;4;5;0;10;4;33;4;34;3;41;0;0;0;0;0;0;0;0;0;0;0;0;0;0;0;0;0;0;0;0;0;0;0;0
12.01.2024;17:45;A 64;1;5;64;2;83;3;49;3;15;1;21;3;37;2;28;1;8;1;7;1;5;0;0;0;0;0;0;0;0;0;0;0;0;0;0;0;0;0;0;0;0;0;0;0;0
12.01.2024;17:44;A 64;1;3;46;2;56;0;100;0;100;1;80;6;11;0;22;1;77;1;78;1;7;0;0;0;0;0;0;0;0;0;0;0;0;0;0;0;0;0;0;0;0;0;0;0;0
12.01.2024;17:43;A 64;1;2;54;3;65;4;70;5;70;1;76;3;59;6;62;1;1;1;1;1;5;0;0;0;0;0;0;0;0;0;0;0;0;0;0;0;0;0;0;0;0;0;0;0;0
12.01.2024;17:42;A 64;1;4;4;2;26;2;28;2;29;1;38;4;63;3;34;0;23;0;22;0;0;0;0;0;0;1;1;0;0;0;0;0;0;0;0;0;0;0;0;0;0;0;0;0;0
12.01.2024;17:41;A 64;1;5;56;0;71;2;12;2;10;1;12;7;57;2;85;2;56;2;56;1;2;0;0;0;0;0;0;0;0;0;0;0;0;0;0;0;0;0;0;0;0;0;0;0;0
12.01.2024;17:40;A 64;1;4;18;4;53;1;80;1;81;1;8;6;41;1;95;1;62;1;63;1;14;0;0;0;0;1;1;0;0;0;0;0;0;0;0;0;0;1;1;0;0;0;0;0;0
12.01.2024;17:39;A 64;1;2;50;5;58;0;69;0;68;0;0;6;28;2;44;3;70;3;70;2;15;0;0;0;0;0;0;0;0;0;0;0;0;0;0;0;0;0;0;0;0;0;0;0;0
12.01.2024;17:38;A 64;1;5;64;2;86;6;70;5;73;3;45;1;35;3;58;0;0;0;0;1;7;0;0;0;0;0;0;0;0;0;0;0;0;0;0;0;0;0;0;0;0;0;0;0;0
12.01.2024;17:37;A 64;1;1;22;0;33;1;44;1;43;1;10;2;3;2;17;0;0;0;0;0;0;0;0;0;0;0;0;0;0;0;0;0;0;0;0;0;0;0;0;0;0;0;0;0;0
12.01.2024;17:36;A 64;1;3;6;2;38;3;58;3;59;3;53;3;3;2;13;1;22;1;22;1;8;0;0;0;0;0;0;0;0;0;0;0;0;0;0;0;0;0;0;0;0;0;0;0;0
12.01.2024;17:35;A 64;1;1;55;2;69;4;51;4;51;1;55;1;32;2;21;1;47;1;46;1;35;0;0;0;0;0;0;0;0;0;0;0;0;0;0;0;0;0;0;0;0;0;0;0;0
12.01.2024;17:34;A 64;1;4;24;4;24;3;56;3;56;2;49;2;35;2;21;1;65;1;65;1;8;0;0;0;0;4;6;0;0;0;0;0;0;0;0;0;0;1;1;0;0;0;0;0;0
12.01.2024;17:33;A 64;1;5;35;4;57;3;29;3;29;2;19;1;44;0;43;1;34;1;35;1;8;0;0;0;0;0;0;0;0;0;0;0;0;0;0;0;0;0;0;0;0;0;0;0;0
12.01.2024;17:32;A 64;1;3;2;3;22;2;95;2;96;3;85;4;30;4;37;0;0;0;0;0;0;0;0;0;0;0;0;0;0;0;0;3;5;0;0;0;0;0;0;0;0;0;0;0;0
12.01.2024;17:31;A 64;1;2;52;3;33;1;41;1;38;1;64;2;49;3;17;1;3;1;3;0;0;0;0;0;0;0;0;0;0;0;0;0;0;0;0;0;0;0;0;0;0;0;0;0;0
12.01.2024;17:30;A 64;1;2;48;5;46;3;72;3;72;3;67;4;54;3;62;0;0;0;0;0;0;0;0;0;0;0;0;0;0;0;0;0;0;0;0;0;0;0;0;0;0;0;0;0;0
12.01.2024;17:29;A 64;1;11;49;1;83;2;4;2;5;2;15;2;3;1;10;0;0;0;0;0;0;0;0;0;0;0;0;0;0;0;0;0;0;0;0;0;0;0;0;0;0;0;0;0;0
12.01.2024;17:28;A 64;1;4;10;5;29;1;97;1;96;1;96;2;1;2;13;0;0;0;0;0;0;0;0;0;0;0;0;0;0;0;0;0;0;0;0;0;0;0;0;0;0;0;0;0;0
12.01.2024;17:27;A 64;1;2;68;2;64;7;69;7;43;2;68;2;58;1;15;0;0;0;0;0;0;0;0;0;0;0;0;0;0;0;0;0;0;0;0;0;0;0;0;0;0;0;0;0;0
12.01.2024;17:26;A 64;1;1;0;2;8;0;0;0;0;1;8;2;65;1;79;1;40;1;39;1;7;0;0;0;0;0;0;0;0;0;0;0;0;0;0;0;0;0;0;0;0;0;0;0;0
12.01.2024;17:25;A 64;1;10;22;8;63;0;0;0;0;0;0;2;29;2;18;1;82;1;83;1;5;0;0;0;0;0;0;0;0;0;0;0;0;0;0;0;0;0;0;0;0;0;0;0;0
12.01.2024;17:24;A 64;1;5;15;3;41;2;31;2;31;1;41;2;14;2;26;2;23;2;23;2;19;0;0;0;0;0;0;0;0;0;0;0;0;0;0;0;0;0;0;0;0;0;0;0;0
12.01.2024;17:23;A 64;1;5;45;4;76;0;0;0;0;0;0;3;2;1;11;0;0;0;0;1;38;0;0;0;0;1;3;0;0;0;0;0;0;0;0;0;0;2;3;0;0;0;0;0;0
12.01.2024;17:22;A 64;1;0;0;0;0;2;38;2;3;2;17;3;5;2;22;2;42;2;41;0;100;0;0;0;0;0;0;0;0;0;0;0;0;0;0;0;0;1;1;1;1;0;0;0;0
12.01.2024;17:21;A 64;1;0;46;1;1;1;62;1;10;1;8;13;62;0;95;2;78;2;79;3;69;0;0;0;0;0;0;0;0;0;0;0;0;0;0;0;0;0;0;0;0;0;0;0;0
12.01.2024;17:20;A 64;1;7;50;4;63;1;65;1;66;1;10;2;67;1;86;1;91;1;91;2;14;0;0;0;0;0;0;0;0;0;0;0;0;0;0;0;0;0;0;0;0;0;0;0;0
12.01.2024;17:19;A 64;1;1;39;3;38;3;63;3;62;0;67;0;0;0;0;1;61;1;61;1;7;0;0;0;0;0;0;0;0;0;0;0;0;0;0;0;0;0;0;0;0;0;0;0;0
12.01.2024;17:18;A 64;1;4;66;0;73;1;73;1;73;1;59;1;6;1;39;2;54;2;54;2;13;0;0;0;0;0;0;0;0;0;0;0;0;0;0;0;0;0;0;0;0;0;0;0;0
12.01.2024;17:17;A 64;1;7;47;2;74;1;70;1;70;1;11;2;25;0;32;3;10;3;11;1;10;0;0;0;0;0;0;0;0;0;0;0;0;0;0;0;0;0;0;0;0;0;0;0;0
12.01.2024;17:16;A 64;1;8;35;1;62;2;74;2;75;2;56;3;5;3;24;2;79;2;80;1;35;0;0;0;0;0;0;0;0;0;0;0;0;0;0;0;0;0;0;0;0;0;0;0;0
12.01.2024;17:15;A 64;1;1;52;2;58;5;67;5;66;0;82;3;4;1;15;3;4;3;1;1;19;1;1;0;0;0;0;0;0;0;0;0;0;0;0;0;0;0;0;0;0;0;0;0;0
12.01.2024;17:14;A 64;1;5;50;1;73;5;83;5;82;1;67;5;43;5;42;1;35;1;34;0;0;0;0;0;0;1;1;0;0;0;0;0;0;0;0;0;0;1;1;0;0;1;1;0;0
12.01.2024;17:13;A 64;1;10;16;1;41;0;100;0;100;0;100;2;2;1;6;0;100;0;100;0;0;0;0;0;0;0;0;0;0;0;0;0;0;0;0;0;0;0;0;0;0;0;0;0;0
12.01.2024;17:12;A 64;1;4;90;0;100;3;75;3;75;2;64;5;68;0;84;1;49;1;50;1;10;0;0;0;0;1;1;0;0;0;0;0;0;0;0;0;0;1;3;0;0;0;0;1;1
12.01.2024;17:11;A 64;1;3;68;0;100;0;100;1;70;1;39;2;58;0;100;1;58;1;58;1;4;0;0;0;0;0;0;0;0;0;0;0;0;0;0;0;0;0;0;0;0;0;0;0;0
12.01.2024;17:10;A 64;1;3;70;1;76;3;34;3;28;4;42;2;43;2;74;1;74;1;74;2;81;0;0;0;0;0;0;0;0;0;0;0;0;0;0;0;0;0;0;0;0;0;0;0;0
12.01.2024;17:09;A 64;1;1;1;2;15;3;6;3;6;0;9;3;6;3;20;0;0;0;0;0;0;0;0;0;0;0;0;0;0;0;0;0;0;0;0;0;0;0;0;0;0;0;0;0;0
12.01.2024;17:08;A 64;1;2;5;0;8;3;64;3;65;1;79;1;2;2;16;0;0;0;0;0;0;0;0;0;0;0;0;0;0;0;0;0;0;0;0;0;0;0;0;0;0;0;0;0;0
12.01.2024;17:07;A 64;1;3;49;4;38;2;21;2;21;1;31;3;2;2;21;0;61;0;60;0;0;0;0;0;0;0;0;0;0;0;0;0;0;0;0;0;0;0;0;0;0;0;0;0;0
12.01.2024;17:06;A 64;1;3;21;4;24;0;39;0;0;0;0;7;60;2;77;1;16;1;17;1;4;0;0;0;0;1;1;0;0;0;0;0;0;0;0;0;0;0;0;0;0;0;0;0;0
12.01.2024;17:05;A 64;1;12;62;0;100;1;33;1;3;1;12;1;2;1;5;0;0;0;0;0;0;0;0;0;0;0;0;0;0;0;0;0;0;0;0;0;0;0;0;0;0;0;0;0;0
12.01.2024;17:04;A 64;1;6;23;4;52;0;0;0;0;0;0;3;4;2;21;0;0;0;0;0;0;0;0;0;0;0;0;0;0;0;0;0;0;0;0;0;0;0;0;0;0;0;0;0;0
12.01.2024;17:03;A 64;1;3;22;2;33;0;0;0;0;0;0;4;51;3;53;1;1;1;1;1;3;0;0;0;0;1;1;0;0;0;0;0;0;0;0;0;0;1;1;0;0;0;0;0;0
12.01.2024;17:02;A 64;1;2;39;2;21;5;46;4;6;2;30;1;31;3;21;0;0;0;0;0;0;0;0;0;0;0;0;0;0;0;0;0;0;0;0;0;0;0;0;0;0;0;0;0;0
12.01.2024;17:01;A 64;1;10;51;1;99;3;21;3;16;1;21;5;80;1;84;2;10;2;9;0;0;0;0;0;0;0;0;0;0;0;0;0;0;1;1;0;0;0;0;0;0;0;0;0;0
12.01.2024;17:00;A 64;1;8;45;1;78;1;71;2;65;1;82;6;34;1;58;1;22;1;23;1;6;1;1;0;0;0;0;0;0;0;0;0;0;0;0;0;0;0;0;0;0;0;0;0;0
12.01.2024;16:59;A 64;1;1;62;1;70;1;1;1;1;1;6;1;58;1;75;0;75;0;75;0;0;0;0;0;0;0;0;0;0;0;0;0;0;0;0;0;0;0;0;0;0;0;0;0;0
12.01.2024;16:58;A 64;1;6;45;4;63;0;41;0;40;0;0;3;31;3;46;1;44;1;45;2;5;0;0;0;0;0;0;0;0;0;0;0;0;0;0;0;0;0;0;0;0;0;0;0;0
12.01.2024;16:57;A 64;1;3;38;2;50;1;44;1;45;1;10;2;37;1;48;1;75;1;75;1;6;0;0;0;0;0;0;0;0;0;0;0;0;0;0;0;0;0;0;0;0;0;0;0;0
12.01.2024;16:56;A 64;1;9;38;3;47;2;10;2;10;1;22;1;27;2;10;3;76;3;77;1;90;0;0;0;0;0;0;0;0;0;0;0;0;0;0;0;0;0;0;0;0;0;0;0;0
12.01.2024;16:55;A 64;1;3;41;4;49;1;0;1;0;0;0;2;24;1;10;1;61;1;27;2;51;0;0;0;0;0;0;0;0;0;0;0;0;0;0;0;0;0;0;0;0;0;0;0;0
12.01.2024;16:54;A 64;1;6;33;2;67;5;39;5;38;0;48;1;18;2;18;1;11;1;12;1;5;0;0;0;0;0;0;0;0;0;0;0;0;0;0;0;0;0;0;0;0;0;0;0;0
12.01.2024;16:53;A 64;1;2;28;0;31;1;60;1;61;1;74;3;14;2;35;0;0;0;0;0;0;0;0;0;0;0;0;0;0;0;0;0;0;0;0;0;0;0;0;0;0;0;0;0;0
12.01.2024;16:52;A 64;1;3;53;3;57;1;1;1;1;0;0;2;20;3;12;0;0;0;0;0;22;0;0;0;0;0;0;0;0;0;0;0;0;0;0;0;0;0;0;0;0;0;0;0;0
12.01.2024;16:51;A 64;1;7;25;2;45;2;78;2;77;1;89;6;11;2;33;0;0;0;0;0;100;0;0;0;0;0;0;0;0;0;0;1;1;0;0;0;0;0;0;0;0;0;0;0;0
12.01.2024;16:50;A 64;1;4;42;1;63;1;64;1;45;2;36;3;65;2;86;10;16;4;28;1;88;0;0;0;0;0;0;0;0;0;0;0;0;0;0;0;0;0;0;1;1;0;0;0;0
12.01.2024;16:49;A 64;1;3;26;2;20;1;51;1;4;1;10;1;31;1;5;1;31;1;35;2;33;0;0;0;0;0;0;0;0;0;0;0;0;0;0;0;0;0;0;0;0;0;0;0;0
12.01.2024;16:48;A 64;1;7;27;4;33;4;29;4;30;1;43;3;21;1;32;0;0;0;0;0;0;0;0;0;0;0;0;0;0;0;0;0;0;0;0;0;0;0;0;0;0;0;0;0;0
12.01.2024;16:47;A 64;1;11;50;5;50;2;71;2;71;0;79;2;23;2;23;1;1;1;1;2;5;0;0;0;0;0;0;0;0;0;0;0;0;0;0;0;0;0;0;0;0;0;0;0;0
12.01.2024;16:46;A 64;1;3;83;2;64;2;30;2;29;1;44;3;41;1;50;0;24;0;23;1;22;0;0;0;0;0;0;0;0;0;0;0;0;0;0;0;0;0;0;0;0;0;0;0;0
12.01.2024;16:45;A 64;1;2;2;1;6;3;57;3;58;2;38;7;49;2;54;3;17;2;17;2;9;0;0;0;0;0;0;0;0;0;0;0;0;0;0;0;0;0;0;0;0;0;0;0;0
12.01.2024;16:44;A 64;1;5;10;3;24;2;59;2;59;5;57;2;47;4;27;1;91;2;91;2;41;0;0;0;0;0;0;0;0;0;0;0;0;1;1;0;0;0;0;0;0;0;0;0;0
12.01.2024;16:43;A 64;1;5;7;3;26;0;77;0;76;0;76;11;38;1;49;3;7;3;7;2;20;0;0;0;0;0;0;0;0;0;0;0;0;0;0;0;0;0;0;0;0;0;0;0;0
12.01.2024;16:42;A 64;1;6;48;3;55;2;18;2;19;1;25;2;93;0;100;0;48;0;47;0;45;0;0;0;0;0;0;0;0;0;0;0;0;0;0;0;0;0;0;0;0;0;0;0;0
12.01.2024;16:41;A 64;1;4;49;1;54;3;5;3;5;0;10;6;58;2;77;1;42;1;43;1;52;0;0;0;0;0;0;0;0;0;0;0;0;0;0;0;0;0;0;0;0;0;0;0;0
12.01.2024;16:40;A 64;1;10;73;1;93;2;86;2;86;0;100;2;25;3;26;3;83;3;83;3;67;0;0;0;0;0;0;0;0;0;0;0;0;0;0;0;0;0;0;0;0;0;0;0;0
12.01.2024;16:39;A 64;1;1;23;2;34;4;66;4;65;1;80;1;28;1;40;0;58;0;58;0;0;0;0;0;0;0;0;0;0;0;0;0;0;0;0;0;0;0;0;0;0;0;0;0;0
12.01.2024;16:38;A 64;1;9;75;2;92;2;44;2;45;3;49;3;46;1;56;2;22;2;23;2;9;0;0;0;0;0;0;0;0;0;0;0;0;0;0;0;0;0;0;0;0;0;0;0;0
12.01.2024;16:37;A 64;1;8;61;0;72;0;0;0;0;0;0;4;39;3;52;0;0;0;0;0;0;0;0;0;0;0;0;0;0;0;0;0;0;0;0;0;0;0;0;0;0;0;0;0;0
12.01.2024;16:36;A 64;1;4;42;4;52;1;75;1;75;1;9;7;46;4;57;0;0;0;0;0;0;0;0;0;0;0;0;0;0;0;0;0;0;0;0;0;0;0;0;1;1;0;0;0;0
12.01.2024;16:35;A 64;1;9;69;2;46;3;60;3;60;4;67;5;35;4;54;2;1;2;1;1;2;0;0;0;0;0;0;0;0;0;0;0;0;0;0;0;0;0;0;0;0;0;0;0;0
12.01.2024;16:34;A 64;1;9;82;1;99;5;6;6;7;7;16;0;0;0;0;3;37;3;37;0;42;0;0;0;0;0;0;0;0;0;0;0;0;2;3;0;0;0;0;0;0;0;0;0;0
12.01.2024;16:33;A 64;1;5;47;3;59;4;28;4;28;2;20;7;77;1;88;4;61;4;61;3;53;0;0;0;0;0;0;0;0;0;0;0;0;0;0;1;1;0;0;1;1;0;0;0;0
12.01.2024;16:32;A 64;1;3;70;2;66;2;46;1;47;3;15;6;83;0;100;1;44;1;45;2;19;0;0;0;0;0;0;0;0;0;0;0;0;0;0;0;0;0;0;0;0;0;0;0;0
12.01.2024;16:31;A 64;1;7;23;2;50;3;41;3;40;3;19;1;61;1;68;1;68;1;68;1;78;0;0;0;0;2;4;0;0;0;0;0;0;0;0;0;0;0;0;0;0;0;0;0;0
12.01.2024;16:30;A 64;1;1;71;2;52;5;39;5;39;1;49;1;25;2;22;2;17;2;18;0;100;0;0;0;0;0;0;0;0;0;0;0;0;0;0;0;0;0;0;0;0;0;0;0;0
12.01.2024;16:29;A 64;1;4;61;1;67;2;2;2;3;5;13;6;63;1;77;0;0;0;0;0;100;1;1;0;0;0;0;0;0;0;0;0;0;0;0;0;0;0;0;0;0;0;0;0;0
12.01.2024;16:28;A 64;1;8;52;4;74;0;0;0;0;3;2;3;4;3;21;0;0;0;0;0;100;0;0;0;0;0;0;0;0;0;0;0;0;0;0;0;0;0;0;0;0;0;0;0;0
12.01.2024;16:27;A 64;1;9;37;4;65;6;31;6;31;1;56;0;0;0;0;3;78;3;78;0;100;0;0;0;0;0;0;0;0;0;0;0;0;0;0;0;0;0;0;0;0;0;0;0;0
12.01.2024;16:26;A 64;1;8;81;0;100;3;45;3;44;0;50;3;59;1;74;2;77;2;77;1;92;0;0;0;0;0;0;0;0;0;0;0;0;0;0;0;0;0;0;0;0;0;0;1;1
12.01.2024;16:25;A 64;1;5;85;0;100;1;19;1;20;1;26;6;61;1;79;1;26;1;27;3;20;0;0;0;0;0;0;0;0;0;0;0;0;0;0;0;0;0;0;0;0;0;0;0;0
12.01.2024;16:24;A 64;1;8;42;2;58;0;0;0;0;0;0;2;20;2;22;1;4;1;4;1;2;0;0;0;0;1;1;0;0;0;0;0;0;0;0;0;0;0;0;0;0;0;0;0;0
12.01.2024;16:23;A 64;1;8;80;2;98;1;75;1;74;1;70;2;76;1;12;1;20;1;21;1;5;0;0;0;0;0;0;0;0;0;0;0;0;0;0;1;1;0;0;0;0;0;0;0;0
12.01.2024;16:22;A 64;1;5;82;0;100;5;83;5;84;2;59;5;40;4;22;1;1;1;1;1;4;0;0;0;0;0;0;0;0;0;0;0;0;0;0;0;0;0;0;0;0;0;0;0;0
12.01.2024;16:21;A 64;1;10;80;2;99;6;37;6;35;1;65;3;70;1;67;1;8;1;8;0;0;0;0;0;0;0;0;0;0;0;0;0;0;0;0;0;0;0;0;0;0;0;0;0;0
12.01.2024;16:20;A 64;1;3;38;1;49;1;92;1;89;1;99;3;9;3;18;1;45;1;46;1;6;0;0;0;0;0;0;0;0;0;0;0;0;0;0;0;0;0;0;0;0;0;0;0;0
12.01.2024;16:19;A 64;1;0;0;0;0;1;66;1;66;0;66;1;1;2;6;2;13;2;13;2;8;0;0;0;0;0;0;0;0;0;0;0;0;0;0;0;0;0;0;0;0;0;0;0;0
12.01.2024;16:18;A 64;1;6;57;1;73;3;77;3;76;2;67;1;26;1;6;0;0;0;0;0;0;0;0;0;0;0;0;0;0;0;0;0;0;0;0;0;0;0;0;0;0;0;0;0;0
12.01.2024;16:17;A 64;1;4;38;2;50;3;4;3;5;2;17;4;8;3;20;0;0;0;0;0;0;0;0;0;0;0;0;0;0;0;0;0;0;0;0;0;0;0;0;0;0;1;1;0;0
12.01.2024;16:16;A 64;1;8;42;1;61;2;94;2;93;0;100;8;16;5;32;2;22;2;22;2;6;0;0;0;0;0;0;0;0;0;0;0;0;0;0;0;0;0;0;0;0;0;0;0;0
12.01.2024;16:15;A 64;1;1;67;2;59;7;81;6;82;1;96;2;26;4;18;2;15;2;15;3;19;0;0;0;0;0;0;0;0;0;0;0;0;0;0;0;0;0;0;0;0;0;0;0;0
12.01.2024;16:14;A 64;1;5;59;1;73;2;5;3;5;2;16;3;5;2;14;1;3;1;2;1;5;0;0;0;0;0;0;0;0;0;0;0;0;0;0;0;0;0;0;0;0;0;0;1;1
12.01.2024;16:13;A 64;1;2;28;1;31;0;0;0;0;0;0;6;33;4;24;0;0;0;0;0;0;0;0;0;0;0;0;0;0;0;0;0;0;0;0;0;0;0;0;0;0;0;0;0;0
12.01.2024;16:12;A 64;1;7;33;2;48;1;66;1;65;1;6;7;34;1;37;1;55;1;56;1;7;0;0;0;0;0;0;0;0;0;0;0;0;0;0;0;0;0;0;0;0;0;0;0;0
12.01.2024;16:11;A 64;1;3;44;2;64;2;72;2;73;2;55;6;49;5;35;2;55;2;56;3;51;0;0;0;0;0;0;0;0;0;0;0;0;0;0;0;0;0;0;0;0;0;0;0;0
12.01.2024;16:10;A 64;1;1;57;3;15;4;32;4;31;3;29;3;80;1;97;0;26;0;26;0;0;0;0;0;0;0;0;0;0;0;0;0;0;1;1;0;0;0;0;0;0;0;0;0;0
12.01.2024;16:09;A 64;1;7;13;4;19;5;82;5;83;2;22;2;13;2;17;1;27;1;27;1;4;0;0;0;0;0;0;0;0;0;0;0;0;0;0;0;0;0;0;0;0;0;0;0;0
12.01.2024;16:08;A 64;1;9;19;6;43;1;97;1;97;0;100;2;3;2;8;1;85;1;86;1;6;0;0;0;0;0;0;0;0;0;0;0;0;0;0;0;0;0;0;0;0;0;0;0;0
12.01.2024;16:07;A 64;1;3;41;4;45;7;79;7;80;1;99;6;8;3;18;1;62;1;62;3;3;0;0;0;0;0;0;0;0;0;0;0;0;0;0;0;0;0;0;0;0;1;1;0;0
12.01.2024;16:06;A 64;1;2;64;2;44;2;47;2;27;3;46;5;42;4;52;1;2;1;4;1;4;0;0;0;0;0;0;0;0;0;0;0;0;0;0;0;0;0;0;0;0;0;0;0;0
12.01.2024;16:05;A 64;1;9;55;5;75;2;83;2;4;5;30;2;32;1;33;0;0;0;0;0;0;0;0;0;0;0;0;0;0;0;0;0;0;0;0;0;0;0;0;0;0;0;0;0;0
12.01.2024;16:04;A 64;1;2;22;4;16;3;62;3;45;2;20;6;54;4;64;2;59;2;60;3;64;0;0;0;0;0;0;0;0;0;0;0;0;0;0;0;0;0;0;0;0;0;0;0;0
12.01.2024;16:03;A 64;1;5;6;2;18;1;76;1;76;1;30;7;30;8;44;2;82;2;82;1;80;0;0;0;0;0;0;0;0;0;0;0;0;0;0;0;0;0;0;0;0;0;0;0;0
12.01.2024;16:02;A 64;1;2;62;2;69;3;48;3;48;2;50;4;38;4;32;2;39;2;40;3;33;0;0;0;0;0;0;0;0;0;0;1;1;0;0;0;0;0;0;0;0;0;0;0;0
12.01.2024;16:01;A 64;1;5;64;3;81;4;44;4;45;2;57;7;73;0;84;0;8;1;8;0;0;0;0;0;0;0;0;0;0;0;0;0;0;0;0;0;0;0;0;0;0;0;0;0;0
12.01.2024;16:00;A 64;1;10;27;5;52;1;55;1;56;2;11;1;1;2;55;1;82;1;83;2;9;0;0;0;0;0;0;0;0;0;0;0;0;0;0;0;0;0;0;0;0;0;0;1;1
12.01.2024;15:59;A 64;1;3;11;3;24;1;60;1;59;1;3;4;38;3;37;2;52;2;52;2;5;0;0;0;0;0;0;0;0;0;0;0;0;0;0;0;0;0;0;0;0;0;0;0;0
12.01.2024;15:58;A 64;1;6;62;1;74;1;33;1;32;1;7;6;47;3;54;0;25;0;24;0;0;0;0;0;0;0;0;0;0;0;0;0;0;0;0;0;0;0;0;0;0;0;0;0;0
12.01.2024;15:57;A 64;1;6;33;2;45;1;64;1;64;1;5;3;34;2;37;1;12;1;13;1;6;0;0;0;0;0;0;0;0;0;0;0;0;0;0;0;0;1;1;0;0;0;0;0;0
12.01.2024;15:56;A 64;1;4;42;2;37;1;94;1;94;1;52;3;39;2;32;1;63;1;63;1;4;0;0;0;0;0;0;0;0;0;0;0;0;0;0;0;0;0;0;0;0;0;0;0;0
12.01.2024;15:55;A 64;1;1;63;1;69;5;70;5;65;3;78;1;31;3;32;2;61;2;61;0;63;0;0;0;0;0;0;0;0;0;0;0;0;1;1;0;0;0;0;0;0;0;0;0;0
12.01.2024;15:54;A 64;1;8;78;1;95;2;39;2;36;3;13;4;55;2;34;1;40;1;40;2;39;0;0;0;0;0;0;0;0;0;0;0;0;0;0;0;0;0;0;0;0;0;0;0;0
12.01.2024;15:53;A 64;1;8;83;0;100;1;12;1;11;0;3;4;46;3;40;1;2;1;1;0;0;0;0;0;0;0;0;0;0;0;0;0;0;0;0;0;0;0;0;0;0;0;0;0;0
12.01.2024;15:52;A 64;1;2;95;0;100;3;69;2;69;1;74;7;59;2;68;3;75;3;76;2;57;0;0;0;0;0;0;0;0;0;0;0;0;0;0;0;0;0;0;0;0;1;1;0;0
12.01.2024;15:51;A 64;1;2;42;1;50;2;21;3;21;4;22;2;94;1;74;1;96;1;96;1;35;0;0;0;0;0;0;0;0;0;0;0;0;0;0;0;0;0;0;0;0;0;0;0;0
12.01.2024;15:50;A 64;1;4;37;2;51;2;28;2;27;0;29;2;30;3;17;1;27;1;28;1;6;0;0;0;0;0;0;0;0;0;0;0;0;0;0;0;0;0;0;0;0;2;3;0;0
12.01.2024;15:49;A 64;1;5;37;3;49;7;79;6;81;3;39;3;49;2;29;1;2;1;2;0;2;0;0;0;0;0;0;0;0;0;0;0;0;0;0;0;0;0;0;0;0;0;0;0;0
12.01.2024;15:48;A 64;1;6;8;3;20;1;69;2;68;2;75;4;5;2;17;1;76;1;76;2;40;0;0;0;0;0;0;0;0;0;0;0;0;0;0;0;0;0;0;0;0;0;0;0;0
12.01.2024;15:47;A 64;1;1;1;2;7;0;54;0;25;0;0;3;45;4;34;0;0;0;0;0;0;0;0;0;0;0;0;0;0;0;0;0;0;0;0;0;0;0;0;0;0;0;0;0;0
12.01.2024;15:46;A 64;1;4;60;2;77;1;51;1;51;1;4;3;45;3;22;0;0;0;0;0;0;0;0;0;0;0;0;0;0;0;0;0;0;0;0;0;0;0;0;0;0;1;1;0;0
12.01.2024;15:45;A 64;1;7;55;3;80;1;1;1;1;1;4;3;43;1;44;2;7;2;7;0;4;0;0;0;0;0;0;0;0;0;0;0;0;0;0;0;0;0;0;0;0;0;0;1;1
12.01.2024;15:44;A 64;1;9;17;6;35;0;0;0;0;0;0;5;21;2;33;1;16;1;17;2;7;0;0;0;0;0;0;0;0;0;0;0;0;0;0;0;0;1;3;0;0;0;0;0;0
12.01.2024;15:43;A 64;1;9;37;4;28;1;41;1;41;1;6;3;23;4;26;2;2;2;2;1;6;0;0;0;0;0;0;0;0;0;0;0;0;0;0;0;0;0;0;0;0;0;0;0;0
12.01.2024;15:42;A 64;1;5;59;3;60;0;0;0;0;0;0;6;31;3;37;2;28;2;5;0;32;0;0;0;0;0;0;0;0;0;0;0;0;0;0;0;0;0;0;0;0;0;0;0;0
12.01.2024;15:41;A 64;1;10;68;0;84;6;17;6;12;1;29;2;56;1;4;3;58;1;1;2;31;0;0;0;0;0;0;0;0;0;0;0;0;0;0;0;0;0;0;0;0;0;0;0;0
12.01.2024;15:40;A 64;1;8;68;2;94;0;100;0;11;0;100;6;47;3;64;1;2;0;1;0;0;0;0;0;0;0;0;0;0;0;0;0;0;0;0;0;0;0;0;0;0;0;0;0;0
12.01.2024;15:39;A 64;1;1;65;2;63;2;26;2;26;3;14;4;74;2;82;1;0;2;0;1;2;0;0;0;0;0;0;0;0;0;0;1;1;0;0;0;0;0;0;0;0;0;0;0;0
12.01.2024;15:38;A 64;1;2;50;2;57;1;27;1;26;0;27;3;86;1;99;0;0;0;0;0;0;0;0;0;0;0;0;0;0;0;0;0;0;0;0;0;0;0;0;0;0;0;0;0;0
12.01.2024;15:37;A 64;1;5;40;2;46;1;4;1;5;1;10;2;30;1;30;0;0;0;0;0;0;0;0;0;0;0;0;0;0;0;0;0;0;0;0;0;0;0;0;0;0;0;0;0;0
12.01.2024;15:36;A 64;1;7;18;1;36;1;92;1;88;1;26;3;19;4;14;1;4;1;4;1;6;0;0;0;0;0;0;0;0;0;0;0;0;0;0;0;0;0;0;1;1;0;0;0;0
12.01.2024;15:35;A 64;1;5;74;2;70;2;76;2;76;2;11;4;47;4;16;0;0;0;0;0;0;0;0;0;0;0;0;0;0;0;0;0;0;0;0;0;0;0;0;0;0;1;1;0;0
12.01.2024;15:34;A 64;1;5;91;1;100;6;80;6;81;0;71;2;90;0;92;0;40;0;39;1;1;0;0;0;0;0;0;0;0;0;0;0;0;0;0;0;0;0;0;0;0;0;0;0;0
12.01.2024;15:33;A 64;1;4;37;1;56;4;67;4;67;1;76;5;54;3;70;1;63;1;63;1;5;0;0;0;0;0;0;0;0;0;0;0;0;0;0;0;0;0;0;0;0;0;0;0;0
12.01.2024;15:32;A 64;1;3;73;1;66;3;62;3;62;3;67;6;46;1;57;2;43;2;44;2;7;0;0;0;0;0;0;0;0;0;0;0;0;0;0;0;0;0;0;0;0;0;0;0;0
12.01.2024;15:31;A 64;1;3;22;3;38;2;92;2;5;1;97;3;47;0;100;1;24;1;24;1;28;2;3;0;0;0;0;0;0;0;0;0;0;0;0;0;0;0;0;0;0;0;0;0;0
12.01.2024;15:30;A 64;1;5;56;3;18;2;59;2;56;3;42;2;32;3;44;0;22;0;21;0;0;0;0;0;0;0;0;0;0;0;0;0;0;0;0;0;0;0;0;0;0;0;0;0;0
12.01.2024;15:29;A 64;1;1;28;3;21;3;62;3;63;2;10;1;21;1;7;1;35;1;36;1;4;0;0;0;0;0;0;0;0;0;0;0;0;0;0;0;0;0;0;0;0;0;0;0;0
12.01.2024;15:28;A 64;1;4;11;2;18;2;96;1;97;1;58;1;2;1;3;1;52;1;53;1;6;0;0;0;0;0;0;0;0;0;0;0;0;0;0;0;0;0;0;0;0;0;0;0;0
12.01.2024;15:27;A 64;1;2;31;2;40;1;66;2;65;3;70;6;47;5;25;1;3;1;25;2;5;0;0;0;0;0;0;0;0;0;0;0;0;0;0;0;0;0;0;0;0;0;0;0;0
12.01.2024;15:26;A 64;1;6;36;4;44;2;76;2;76;1;23;3;64;1;76;0;0;0;0;0;0;0;0;0;0;0;0;0;0;0;0;0;0;0;0;0;0;0;0;0;0;0;0;0;0
12.01.2024;15:25;A 64;1;3;5;3;15;1;87;1;88;2;31;0;0;1;0;0;0;0;0;0;0;0;0;0;0;0;0;0;0;0;0;0;0;0;0;0;0;0;0;0;0;0;0;0;0
12.01.2024;15:24;A 64;1;1;19;1;8;1;13;1;13;1;14;2;22;0;25;1;83;1;83;1;4;0;0;0;0;0;0;0;0;0;0;0;0;0;0;0;0;0;0;0;0;0;0;0;0
12.01.2024;15:23;A 64;1;5;29;3;29;6;88;6;88;1;97;1;54;2;54;1;8;1;9;1;6;0;0;0;0;0;0;0;0;0;0;0;0;0;0;0;0;0;0;0;0;1;1;0;0
12.01.2024;15:22;A 64;1;5;82;0;100;4;43;4;45;2;58;7;62;4;79;2;3;2;3;1;2;0;0;0;0;0;0;0;0;0;0;0;0;0;0;0;0;0;0;0;0;0;0;0;0
12.01.2024;15:21;A 64;1;5;67;2;75;2;2;2;2;1;6;3;50;2;16;0;0;0;0;0;0;0;0;0;0;0;0;0;0;0;0;0;0;0;0;0;0;0;0;0;0;0;0;0;0
12.01.2024;15:20;A 64;1;9;53;4;74;0;0;0;0;0;0;3;16;2;20;0;0;0;0;0;0;0;0;0;0;0;0;0;0;0;0;0;0;0;0;0;0;0;0;0;0;0;0;0;0
12.01.2024;15:19;A 64;1;3;36;3;49;1;1;1;1;1;3;2;54;3;46;0;61;0;60;0;0;0;0;0;0;0;0;0;0;0;0;0;0;0;0;0;0;0;0;0;0;1;1;0;0
12.01.2024;15:18;A 64;1;7;60;3;58;0;25;0;24;0;0;0;0;0;0;1;46;1;46;1;6;0;0;0;0;0;0;0;0;0;0;0;0;0;0;0;0;0;0;0;0;0;0;0;0
12.01.2024;15:17;A 64;1;0;52;0;48;6;46;6;42;1;31;3;37;2;43;3;82;3;83;3;23;0;0;0;0;0;0;0;0;0;0;0;0;0;0;0;0;0;0;0;0;0;0;0;0
12.01.2024;15:16;A 64;1;4;14;3;18;0;100;0;87;1;86;6;11;3;19;0;100;0;100;1;60;0;0;0;0;0;0;0;0;0;0;0;0;0;0;0;0;0;0;0;0;0;0;0;0
12.01.2024;15:15;A 64;1;2;63;2;35;5;43;6;44;2;54;1;49;2;55;2;69;2;70;1;5;0;0;0;0;0;0;0;0;0;0;0;0;0;0;1;1;0;0;0;0;0;0;0;0
12.01.2024;15:14;A 64;1;4;34;1;44;4;38;4;17;1;43;7;44;2;51;1;23;1;22;2;5;0;0;0;0;1;1;0;0;0;0;0;0;0;0;0;0;1;1;0;0;0;0;0;0
12.01.2024;15:13;A 64;1;7;41;1;51;2;45;3;38;2;46;3;20;3;27;1;32;1;33;1;5;0;0;0;0;0;0;0;0;0;0;0;0;0;0;0;0;0;0;0;0;0;0;0;0
12.01.2024;15:12;A 64;1;13;39;0;65;1;56;1;57;3;59;4;21;3;26;0;0;0;0;0;0;0;0;0;0;0;0;0;0;0;0;0;0;0;0;0;0;0;0;0;0;0;0;0;0
12.01.2024;15:11;A 64;1;5;64;2;81;2;85;2;84;2;52;2;42;2;52;5;67;5;10;2;71;0;0;0;0;0;0;0;0;0;0;0;0;0;0;0;0;0;0;0;0;0;0;0;0
12.01.2024;15:10;A 64;1;2;3;2;8;2;30;2;30;1;5;6;37;6;41;1;4;0;26;0;0;0;0;0;0;0;0;0;0;0;0;0;0;0;0;0;0;0;0;0;0;0;0;0;0
12.01.2024;15:09;A 64;1;8;50;1;66;1;2;1;2;1;5;0;0;0;0;1;5;1;63;0;0;0;0;0;0;1;1;0;0;0;0;0;0;0;0;0;0;0;0;0;0;0;0;0;0
12.01.2024;15:08;A 64;1;6;45;3;59;3;77;3;77;2;31;5;18;2;22;0;0;0;0;0;0;0;0;0;0;0;0;0;0;0;0;0;0;0;0;0;0;0;0;0;0;0;0;0;0
12.01.2024;15:07;A 64;1;4;5;4;16;3;4;3;4;3;10;5;22;4;36;3;69;3;69;1;74;0;0;0;0;0;0;0;0;0;0;0;0;0;0;0;0;0;0;0;0;0;0;0;0
12.01.2024;15:06;A 64;1;4;9;4;20;2;46;2;45;0;50;4;44;3;56;1;7;1;7;1;4;0;0;0;0;0;0;0;0;0;0;0;0;1;1;0;0;0;0;0;0;0;0;0;0
12.01.2024;15:05;A 64;1;9;63;4;86;4;78;4;78;2;57;3;3;3;11;0;1;0;0;0;0;1;1;0;0;0;0;0;0;0;0;0;0;0;0;0;0;0;0;0;0;0;0;0;0
12.01.2024;15:04;A 64;1;3;23;3;38;2;78;2;6;2;72;2;3;2;7;2;16;2;17;1;24;0;0;0;0;0;0;0;0;0;0;0;0;0;0;0;0;0;0;0;0;0;0;0;0
12.01.2024;15:03;A 64;1;4;56;3;69;0;58;0;57;0;0;0;0;0;0;0;0;0;0;0;0;0;0;0;0;0;0;0;0;0;0;0;0;0;0;0;0;0;0;0;0;0;0;0;0
12.01.2024;15:02;A 64;1;7;82;1;98;8;83;7;83;1;62;4;65;2;49;0;0;0;0;0;0;0;0;0;0;0;0;0;0;0;0;0;0;0;0;0;0;0;0;0;0;0;0;0;0
12.01.2024;15:01;A 64;1;8;70;3;84;1;1;1;1;1;5;9;63;1;78;0;3;0;2;1;2;0;0;0;0;0;0;0;0;0;0;0;0;0;0;0;0;0;0;1;1;0;0;0;0
12.01.2024;15:00;A 64;1;3;52;3;66;1;38;2;38;2;6;5;82;0;100;1;0;1;1;1;5;0;0;0;0;0;0;0;0;0;0;0;0;0;0;0;0;0;0;0;0;0;0;0;0
12.01.2024;14:59;A 64;1;3;6;2;19;1;23;1;23;1;5;2;24;2;75;0;88;0;87;2;14;0;0;0;0;0;0;0;0;0;0;0;0;0;0;0;0;0;0;0;0;0;0;1;1
12.01.2024;14:58;A 64;1;9;70;0;100;0;0;0;0;0;0;1;37;2;18;2;48;2;49;3;10;0;0;0;0;0;0;0;0;0;0;0;0;0;0;0;0;0;0;0;0;0;0;0;0
12.01.2024;14:57;A 64;1;2;43;3;46;4;8;3;9;0;17;1;42;2;11;0;0;0;0;0;0;0;0;0;0;0;0;0;0;0;0;0;0;0;0;0;0;0;0;0;0;0;0;0;0
12.01.2024;14:56;A 64;1;7;46;5;38;1;54;2;54;3;45;7;27;3;39;1;9;1;9;1;3;0;0;0;0;0;0;0;0;0;0;0;0;0;0;0;0;0;0;0;0;0;0;0;0
12.01.2024;14:55;A 64;1;2;40;2;17;5;62;5;62;1;75;3;53;4;32;1;1;1;1;1;3;0;0;0;0;0;0;0;0;0;0;0;0;0;0;0;0;0;0;0;0;0;0;0;0
12.01.2024;14:54;A 64;1;4;59;3;71;0;29;0;28;0;0;4;41;4;16;1;21;1;21;1;5;0;0;0;0;0;0;0;0;0;0;0;0;0;0;0;0;0;0;0;0;0;0;0;0
12.01.2024;14:53;A 64;1;6;43;4;61;1;40;1;41;1;4;7;58;3;66;0;0;0;0;0;0;0;0;0;0;0;0;0;0;0;0;0;0;0;0;0;0;0;0;0;0;0;0;0;0
12.01.2024;14:52;A 64;1;6;33;1;51;0;0;0;0;0;0;3;82;1;94;1;2;1;2;0;0;0;0;0;0;0;0;0;0;0;0;0;0;0;0;0;0;0;0;0;0;0;0;0;0
12.01.2024;14:51;A 64;1;2;49;2;65;1;2;1;1;1;4;1;51;2;23;0;78;0;77;0;0;0;0;0;0;0;0;0;0;0;0;0;0;0;0;0;0;0;0;0;0;0;0;0;0
12.01.2024;14:50;A 64;1;1;2;1;5;4;47;4;46;2;27;5;46;2;41;1;33;1;34;1;3;0;0;0;0;0;0;0;0;0;0;0;0;0;0;0;0;0;0;0;0;0;0;0;0
12.01.2024;14:49;A 64;1;14;53;4;83;3;24;3;24;2;14;0;0;0;0;0;0;0;0;0;0;0;0;0;0;0;0;0;0;0;0;0;0;0;0;0;0;1;1;0;0;1;1;0;0
12.01.2024;14:48;A 64;1;5;36;4;43;2;94;3;32;1;18;3;4;2;9;1;85;1;85;0;4;0;0;0;0;0;0;0;0;0;0;0;0;0;0;0;0;0;0;0;0;0;0;0;0
12.01.2024;14:47;A 64;1;6;48;4;66;3;41;3;16;3;12;4;30;3;19;0;0;0;0;1;1;0;0;0;0;0;0;0;0;0;0;0;0;0;0;0;0;0;0;0;0;0;0;0;0
12.01.2024;14:46;A 64;1;4;75;3;59;2;48;2;47;0;50;5;59;3;73;0;0;0;0;0;0;0;0;0;0;0;0;0;0;0;0;0;0;0;0;0;0;0;0;0;0;0;0;0;0
12.01.2024;14:45;A 64;1;5;62;2;74;7;86;7;87;1;98;5;60;3;68;0;15;0;14;0;0;0;0;0;0;0;0;0;0;0;0;0;0;0;0;0;0;0;0;1;1;0;0;0;0
12.01.2024;14:44;A 64;1;7;42;2;48;1;77;1;78;1;82;3;80;2;87;1;40;1;40;1;24;0;0;0;0;1;1;0;0;0;0;0;0;0;0;0;0;1;2;0;0;0;0;0;0
12.01.2024;14:43;A 64;1;5;57;4;75;5;52;5;48;3;20;2;39;4;44;0;0;0;0;0;100;0;0;0;0;0;0;0;0;0;0;0;0;0;0;0;0;0;0;0;0;0;0;0;0
12.01.2024;14:42;A 64;1;7;82;1;93;1;1;1;1;1;2;0;0;0;0;0;42;0;41;0;100;0;0;0;0;0;0;0;0;0;0;0;0;0;0;0;0;0;0;0;0;0;0;0;0
12.01.2024;14:41;A 64;1;4;89;0;100;3;49;3;48;0;52;2;46;2;47;2;76;2;77;0;100;1;1;0;0;0;0;0;0;0;0;0;0;0;0;0;0;0;0;0;0;0;0;0;0
12.01.2024;14:40;A 64;1;8;21;3;45;1;63;1;64;2;36;3;5;3;11;2;10;2;11;1;52;0;0;0;0;0;0;0;0;0;0;0;0;0;0;0;0;1;1;0;0;0;0;0;0
12.01.2024;14:39;A 64;1;1;33;1;39;2;39;1;68;1;68;3;19;3;25;2;41;1;40;1;4;0;0;0;0;0;0;0;0;0;0;0;0;0;0;0;0;0;0;0;0;0;0;0;0
12.01.2024;14:38;A 64;1;4;66;1;77;5;59;6;45;2;75;2;27;1;20;1;26;1;26;3;4;0;0;0;0;1;1;0;0;0;0;0;0;0;0;0;0;1;1;0;0;0;0;0;0
12.01.2024;14:37;A 64;1;9;51;4;68;1;52;1;52;2;43;5;34;5;39;0;0;0;0;0;0;0;0;0;0;0;0;0;0;0;0;0;0;0;0;0;0;0;0;0;0;0;0;0;0
12.01.2024;14:36;A 64;1;10;28;3;53;1;63;1;63;1;5;4;44;3;27;0;0;0;0;0;0;0;0;0;0;0;0;0;0;0;0;0;0;0;0;0;0;0;0;0;0;0;0;0;0
12.01.2024;14:35;A 64;1;13;74;1;98;0;0;0;0;0;0;1;42;1;52;0;0;0;0;0;0;0;0;0;0;0;0;0;0;0;0;0;0;0;0;0;0;0;0;0;0;0;0;0;0
12.01.2024;14:34;A 64;1;7;82;0;100;5;50;5;49;0;62;5;45;2;26;1;40;1;3;0;40;0;0;0;0;0;0;0;0;0;0;0;0;0;0;0;0;0;0;0;0;0;0;0;0
12.01.2024;14:33;A 64;1;8;82;0;100;3;88;2;95;0;100;5;65;2;74;1;18;3;7;2;17;0;0;0;0;0;0;0;0;0;0;0;0;0;0;0;0;0;0;0;0;0;0;0;0
12.01.2024;14:32;A 64;1;8;83;0;100;1;73;2;24;2;33;11;60;0;83;0;1;0;0;0;0;0;0;0;0;0;0;0;0;0;0;0;0;0;0;0;0;0;0;0;0;0;0;0;0
12.01.2024;14:31;A 64;1;5;84;1;99;1;52;1;52;1;5;1;93;0;100;1;4;1;6;1;11;0;0;0;0;1;1;0;0;0;0;0;0;0;0;0;0;0;0;0;0;0;0;0;0
12.01.2024;14:30;A 64;1;10;82;0;100;2;38;2;38;0;42;1;0;1;8;4;11;3;11;3;22;0;0;0;0;0;0;0;0;0;0;0;0;0;0;0;0;0;0;0;0;0;0;0;0
12.01.2024;14:29;A 64;1;3;56;2;64;5;88;5;89;1;78;1;6;1;32;0;0;0;0;0;0;0;0;0;0;0;0;0;0;0;0;0;0;0;0;0;0;0;0;0;0;0;0;0;0
12.01.2024;14:28;A 64;1;2;21;2;33;2;94;2;94;0;100;0;0;2;7;0;0;0;0;0;0;0;0;0;0;0;0;0;0;0;0;0;0;0;0;0;0;0;0;0;0;0;0;0;0
12.01.2024;14:27;A 64;1;3;59;2;63;3;62;3;62;4;21;2;54;2;10;1;27;1;27;1;6;0;0;0;0;0;0;0;0;0;0;0;0;0;0;0;0;0;0;0;0;0;0;0;0
12.01.2024;14:26;A 64;1;2;2;2;7;0;23;0;21;0;0;4;38;4;49;1;25;1;24;1;3;0;0;0;0;0;0;0;0;0;0;0;0;0;0;0;0;0;0;0;0;0;0;0;0
12.01.2024;14:25;A 64;1;11;52;3;69;1;66;1;66;1;4;2;3;2;9;1;40;1;40;1;5;0;0;0;0;0;0;0;0;0;0;0;0;0;0;0;0;0;0;0;0;0;0;0;0
12.01.2024;14:24;A 64;1;1;35;1;41;3;20;3;16;2;26;4;18;1;24;0;0;0;0;0;0;0;0;0;0;0;0;0;0;0;0;0;0;0;0;0;0;0;0;0;0;0;0;0;0
12.01.2024;14:23;A 64;1;3;4;2;13;7;78;7;77;2;80;2;46;2;47;0;0;0;0;1;0;0;0;0;0;0;0;0;0;0;0;0;0;0;0;0;0;1;1;0;0;0;0;0;0
12.01.2024;14:22;A 64;1;2;2;1;7;2;64;2;64;1;5;3;24;4;14;1;1;1;1;1;2;0;0;0;0;0;0;0;0;0;0;0;0;0;0;0;0;0;0;0;0;0;0;0;0
12.01.2024;14:21;A 64;1;7;85;2;96;2;41;1;41;1;5;7;56;2;66;0;0;0;0;0;0;0;0;0;0;0;0;0;0;0;0;0;0;0;0;0;0;0;0;0;0;0;0;0;0
12.01.2024;14:20;A 64;1;5;58;2;68;2;37;2;37;2;8;2;82;2;88;0;0;0;0;0;0;0;0;0;0;0;0;0;0;0;0;0;0;0;0;1;1;0;0;0;0;0;0;0;0
12.01.2024;14:19;A 64;1;2;51;1;61;5;69;5;69;1;82;1;44;2;19;0;0;0;0;0;0;0;0;0;0;0;0;0;0;0;0;0;0;0;0;0;0;0;0;0;0;1;1;0;0
12.01.2024;14:18;A 64;1;1;2;1;4;3;50;3;50;3;31;4;51;2;41;1;43;1;42;0;42;0;0;0;0;0;0;0;0;0;0;0;0;0;0;0;0;0;0;0;0;2;3;0;0
12.01.2024;14:17;A 64;1;7;49;2;60;2;35;2;37;1;16;5;43;1;51;1;44;1;45;2;38;0;0;0;0;0;0;0;0;0;0;0;0;0;0;0;0;0;0;0;0;0;0;0;0
12.01.2024;14:16;A 64;1;8;49;2;77;1;0;1;0;0;0;4;15;4;15;0;0;0;0;0;0;0;0;0;0;0;0;0;0;0;0;0;0;0;0;0;0;0;0;0;0;0;0;0;0
12.01.2024;14:15;A 64;1;2;52;2;62;3;67;3;67;3;40;1;21;2;11;0;0;0;0;0;0;0;0;0;0;0;0;0;0;0;0;0;0;0;0;0;0;1;1;0;0;0;0;0;0
12.01.2024;14:14;A 64;1;4;14;5;22;4;51;4;51;4;36;4;40;2;34;0;39;0;38;0;0;0;0;0;0;0;0;0;0;0;0;0;0;0;0;0;0;0;0;0;0;0;0;0;0
12.01.2024;14:13;A 64;1;5;85;1;80;4;41;4;41;2;28;8;59;5;72;3;33;4;33;2;6;0;0;0;0;0;0;0;0;0;0;0;0;0;0;0;0;0;0;0;0;0;0;0;0
12.01.2024;14:12;A 64;1;11;71;0;100;3;75;3;76;3;85;5;42;1;58;1;20;1;20;1;5;0;0;0;0;0;0;0;0;0;0;0;0;0;0;0;0;0;0;0;0;0;0;0;0
12.01.2024;14:11;A 64;1;3;94;0;100;1;0;1;73;4;30;2;94;0;100;1;26;1;27;1;6;0;0;0;0;0;0;0;0;0;0;0;0;0;0;0;0;0;0;0;0;0;0;0;0
12.01.2024;14:10;A 64;1;3;72;2;86;3;75;3;73;0;81;2;4;3;13;2;29;2;29;1;36;0;0;0;0;0;0;0;0;0;0;0;0;0;0;0;0;0;0;0;0;0;0;0;0
12.01.2024;14:09;A 64;1;7;39;5;55;1;69;1;70;2;60;2;32;2;22;0;0;0;0;0;0;0;0;0;0;0;0;0;0;0;0;0;0;0;0;0;0;0;0;0;0;0;0;0;0
12.01.2024;14:08;A 64;1;7;42;3;60;2;72;2;72;2;74;4;13;1;15;1;20;1;20;1;5;0;0;0;0;0;0;0;0;0;0;0;0;0;0;0;0;0;0;0;0;0;0;0;0
12.01.2024;14:07;A 64;1;4;43;3;34;1;62;1;61;1;50;2;37;2;48;2;53;2;53;3;52;0;0;0;0;0;0;0;0;0;0;0;0;0;0;0;0;0;0;0;0;0;0;0;0
12.01.2024;14:06;A 64;1;3;44;3;16;2;69;2;69;1;40;4;4;3;12;1;12;1;12;1;6;0;0;0;0;0;0;0;0;0;0;1;1;0;0;0;0;0;0;0;0;0;0;0;0
12.01.2024;14:05;A 64;1;8;48;4;65;5;48;5;48;2;37;3;44;0;51;0;0;0;0;0;0;0;0;0;0;0;0;0;0;0;0;1;1;0;0;0;0;0;0;0;0;0;0;0;0
12.01.2024;14:04;A 64;1;6;30;4;49;1;98;1;98;0;100;5;26;3;26;2;1;3;1;4;4;0;0;0;0;0;0;0;0;0;0;0;0;0;0;0;0;0;0;0;0;0;0;0;0
12.01.2024;14:03;A 64;1;1;49;1;6;2;33;2;35;2;21;4;31;4;35;1;59;2;58;2;54;0;0;0;0;0;0;0;0;0;0;0;0;0;0;0;0;0;0;0;0;0;0;0;0
12.01.2024;14:02;A 64;1;4;87;0;91;0;39;0;0;0;0;4;21;1;17;1;25;1;27;1;8;0;0;0;0;0;0;0;0;0;0;0;0;0;0;0;0;0;0;0;0;0;0;0;0
12.01.2024;14:01;A 64;1;5;87;1;99;3;67;3;8;3;15;9;73;2;94;1;16;1;16;1;16;0;0;0;0;0;0;0;0;0;0;0;0;0;0;0;0;0;0;0;0;0;0;0;0
12.01.2024;14:00;A 64;1;5;52;2;66;2;86;2;88;1;94;2;86;1;95;1;17;1;18;1;22;0;0;0;0;0;0;0;0;0;0;0;0;0;0;1;1;0;0;1;1;0;0;0;0
12.01.2024;13:59;A 64;1;3;68;2;78;2;21;2;22;1;26;0;0;0;0;1;1;1;1;1;3;0;0;0;0;0;0;0;0;0;0;0;0;0;0;0;0;0;0;0;0;0;0;0;0
12.01.2024;13:58;A 64;1;6;71;2;85;6;45;6;45;0;61;0;0;0;0;0;38;0;37;0;0;0;0;0;0;0;0;0;0;0;0;0;0;0;0;0;0;0;0;0;0;1;1;0;0
12.01.2024;13:57;A 64;1;6;47;1;56;1;65;1;66;2;51;3;4;3;11;1;67;1;68;1;5;0;0;0;0;0;0;0;0;0;0;0;0;0;0;0;0;0;0;0;0;0;0;0;0
12.01.2024;13:56;A 64;1;1;44;2;38;2;82;1;82;1;4;3;19;0;22;0;0;0;0;0;0;1;1;0;0;0;0;0;0;0;0;0;0;0;0;0;0;0;0;0;0;0;0;0;0
12.01.2024;13:55;A 64;1;6;31;6;43;0;0;0;0;0;0;7;31;5;50;0;0;0;0;0;0;0;0;0;0;0;0;0;0;0;0;0;0;0;0;0;0;0;0;0;0;1;1;0;0
12.01.2024;13:54;A 64;1;3;74;1;85;1;57;1;56;0;57;4;73;0;100;0;0;0;0;0;0;0;0;0;0;2;3;0;0;0;0;0;0;0;0;0;0;2;3;0;0;0;0;0;0
12.01.2024;13:53;A 64;1;2;80;0;82;4;89;4;89;0;100;1;6;2;41;2;36;2;35;4;30;0;0;0;0;0;0;0;0;0;0;0;0;0;0;0;0;0;0;0;0;0;0;0;0
12.01.2024;13:52;A 64;1;2;7;2;18;1;79;1;81;1;87;0;0;0;0;1;30;1;31;1;7;0;0;0;0;0;0;0;0;0;0;0;0;0;0;0;0;0;0;0;0;0;0;0;0
12.01.2024;13:51;A 64;1;3;58;3;67;1;51;1;50;1;4;0;0;0;0;0;57;0;56;0;0;0;0;0;0;0;0;0;0;0;0;0;0;0;0;0;0;0;0;0;0;0;0;0;0
12.01.2024;13:50;A 64;1;2;37;3;11;5;40;5;39;1;52;0;0;0;0;2;30;2;31;2;8;0;0;0;0;0;0;0;0;0;0;0;0;0;0;0;0;0;0;0;0;0;0;0;0
12.01.2024;13:49;A 64;1;5;6;5;19;1;74;1;74;2;73;3;38;0;42;1;2;1;1;16;37;0;0;0;0;0;0;0;0;0;0;0;0;0;0;0;0;0;0;0;0;0;0;0;0
12.01.2024;13:48;A 64;1;4;8;1;14;0;95;0;94;0;0;4;30;5;27;1;83;1;84;1;5;0;0;0;0;0;0;0;0;0;0;0;0;0;0;0;0;0;0;0;0;0;0;0;0
12.01.2024;13:47;A 64;1;2;59;2;69;1;71;1;6;1;4;2;14;2;22;1;39;1;39;1;6;0;0;0;0;0;0;0;0;0;0;0;0;0;0;0;0;0;0;0;0;1;1;0;0
12.01.2024;13:46;A 64;1;4;5;4;18;2;24;2;7;2;10;4;23;4;16;0;0;0;0;0;0;0;0;0;0;0;0;0;0;0;0;0;0;0;0;0;0;0;0;0;0;0;0;0;0
12.01.2024;13:45;A 64;1;5;28;7;39;6;7;4;7;1;11;3;38;3;22;0;0;0;0;0;0;0;0;0;0;0;0;0;0;0;0;0;0;0;0;0;0;0;0;0;0;0;0;0;0
12.01.2024;13:44;A 64;1;4;17;3;26;2;4;3;4;2;15;7;21;2;37;0;0;0;0;0;0;0;0;0;0;0;0;0;0;0;0;0;0;0;0;0;0;1;2;0;0;0;0;0;0
12.01.2024;13:43;A 64;1;6;50;4;76;1;2;1;2;1;5;1;94;4;62;0;0;0;0;0;0;0;0;0;0;0;0;0;0;0;0;0;0;2;5;0;0;0;0;0;0;0;0;0;0
12.01.2024;13:42;A 64;1;5;9;1;16;2;43;2;42;2;34;1;12;1;19;0;0;0;0;0;0;0;0;0;0;0;0;0;0;0;0;0;0;0;0;0;0;0;0;0;0;0;0;0;0
12.01.2024;13:41;A 64;1;5;89;0;100;3;13;3;13;1;20;4;78;1;69;0;14;0;14;0;13;0;0;0;0;0;0;0;0;0;0;0;0;0;0;0;0;0;0;0;0;0;0;0;0
12.01.2024;13:40;A 64;1;4;35;1;48;1;79;1;80;2;21;4;4;4;15;1;20;1;21;1;27;0;0;0;0;0;0;0;0;0;0;0;0;0;0;0;0;0;0;0;0;0;0;0;0
12.01.2024;13:39;A 64;1;1;57;2;61;6;71;6;70;0;81;1;5;1;5;0;0;0;0;0;0;0;0;0;0;0;0;0;0;0;0;0;0;0;0;0;0;0;0;0;0;0;0;0;0
12.01.2024;13:38;A 64;1;8;65;2;69;1;32;1;33;1;39;5;20;5;29;0;0;0;0;0;0;0;0;0;0;0;0;0;0;0;0;0;0;0;0;0;0;0;0;0;0;0;0;0;0
12.01.2024;13:37;A 64;1;6;50;1;58;5;8;4;8;0;16;7;20;5;36;1;1;1;1;1;2;0;0;0;0;0;0;0;0;0;0;0;0;0;0;0;0;0;0;0;0;0;0;0;0
12.01.2024;13:36;A 64;1;5;40;2;40;2;94;3;94;0;100;3;6;0;7;1;72;1;73;1;4;0;0;0;0;0;0;0;0;0;0;0;0;0;0;0;0;0;0;0;0;0;0;0;0
12.01.2024;13:35;A 64;1;3;51;2;64;2;94;2;94;0;100;2;18;3;24;2;60;2;60;2;39;0;0;0;0;0;0;0;0;0;0;0;0;0;0;0;0;0;0;0;0;0;0;0;0
12.01.2024;13:34;A 64;1;6;10;7;30;2;80;2;57;4;61;2;2;2;5;1;41;1;42;2;6;0;0;0;0;0;0;0;0;0;0;0;0;0;0;0;0;0;0;0;0;0;0;0;0
12.01.2024;13:33;A 64;1;5;43;1;42;2;79;2;5;3;7;2;2;2;6;0;0;0;0;0;1;0;0;0;0;0;0;0;0;0;0;0;0;0;0;0;0;0;0;0;0;0;0;0;0
12.01.2024;13:32;A 64;1;6;44;2;36;1;96;1;97;0;99;5;26;2;32;3;58;3;58;3;13;0;0;0;0;0;0;0;0;0;0;0;0;0;0;0;0;0;0;0;0;0;0;0;0
12.01.2024;13:31;A 64;1;2;98;0;100;2;15;2;16;3;26;4;89;0;100;0;53;0;52;0;0;0;0;0;0;1;1;0;0;0;0;0;0;0;0;0;0;0;0;0;0;0;0;0;0
12.01.2024;13:30;A 64;1;1;29;1;42;2;28;2;28;1;7;1;40;1;49;3;42;3;42;4;15;0;0;0;0;0;0;0;0;0;0;0;0;0;0;0;0;0;0;0;0;0;0;0;0
12.01.2024;13:29;A 64;1;7;44;1;53;0;0;0;0;1;1;1;35;1;17;2;17;1;17;1;5;0;0;0;0;0;0;0;0;0;0;0;0;0;0;0;0;0;0;0;0;0;0;0;0
12.01.2024;13:28;A 64;1;1;21;1;28;1;17;1;16;1;7;5;26;4;19;1;79;2;79;0;99;0;0;0;0;0;0;0;0;0;0;0;0;0;0;0;0;0;0;0;0;0;0;0;0
12.01.2024;13:27;A 64;1;3;4;3;14;5;67;5;66;1;75;1;44;2;31;1;1;1;1;6;11;0;0;0;0;0;0;0;0;0;0;0;0;0;0;0;0;0;0;0;0;0;0;0;0
12.01.2024;13:26;A 64;1;3;30;4;19;4;69;4;70;1;79;1;55;1;4;1;27;1;26;0;27;0;0;0;0;0;0;0;0;0;0;0;0;0;0;0;0;0;0;0;0;0;0;0;0
12.01.2024;13:25;A 64;1;3;26;2;15;2;69;2;70;2;53;5;29;2;48;1;73;1;73;2;20;0;0;0;0;0;0;0;0;0;0;0;0;0;0;0;0;0;0;0;0;0;0;0;0
12.01.2024;13:24;A 64;1;7;36;4;37;2;76;2;77;2;72;4;25;0;34;1;62;1;62;1;5;0;0;0;0;0;0;0;0;0;0;0;0;0;0;0;0;0;0;0;0;0;0;0;0
12.01.2024;13:23;A 64;1;8;64;1;56;1;36;1;37;1;7;3;23;2;74;2;79;2;4;2;6;0;0;0;0;0;0;0;0;0;0;0;0;0;0;0;0;0;0;0;0;0;0;0;0
12.01.2024;13:22;A 64;1;6;16;1;34;0;73;0;71;0;0;3;12;2;23;1;52;1;53;1;7;0;0;0;0;0;0;0;0;0;0;0;0;0;0;0;0;0;0;0;0;0;0;0;0
12.01.2024;13:21;A 64;1;5;83;0;100;5;87;5;87;0;64;2;24;4;15;3;47;3;47;0;52;0;0;0;0;0;0;0;0;0;0;0;0;0;0;0;0;0;0;0;0;0;0;0;0
12.01.2024;13:20;A 64;1;2;15;2;22;0;100;0;100;0;100;2;9;1;10;1;88;1;89;2;72;0;0;0;0;1;1;0;0;0;0;0;0;0;0;0;0;0;0;0;0;0;0;0;0
12.01.2024;13:19;A 64;1;2;29;1;7;6;80;6;80;1;99;3;38;4;19;0;63;0;62;0;0;0;0;0;0;0;0;0;0;0;0;0;0;0;0;0;0;0;0;0;0;0;0;0;0
12.01.2024;13:18;A 64;1;4;53;2;69;2;50;2;50;2;31;3;47;3;45;5;87;5;87;1;53;0;0;0;0;0;0;0;0;0;0;0;0;0;0;0;0;0;0;0;0;0;0;0;0
12.01.2024;13:17;A 64;1;7;39;3;55;2;81;2;82;2;10;5;13;6;23;1;55;1;56;2;47;0;0;0;0;0;0;0;0;0;0;0;0;0;0;0;0;0;0;0;0;0;0;0;0
12.01.2024;13:16;A 64;1;6;30;4;51;1;13;1;13;2;5;4;5;2;10;0;0;0;0;0;0;0;0;0;0;0;0;0;0;0;0;0;0;0;0;0;0;0;0;0;0;0;0;0;0
12.01.2024;13:15;A 64;1;4;52;2;65;1;46;1;46;1;5;4;44;4;18;0;0;0;0;0;0;0;0;0;0;0;0;0;0;0;0;0;0;0;0;0;0;0;0;0;0;0;0;0;0
12.01.2024;13:14;A 64;1;5;45;5;73;6;34;6;34;1;48;5;48;5;62;1;9;1;10;1;5;0;0;0;0;0;0;0;0;0;0;0;0;0;0;0;0;0;0;0;0;0;0;0;0
12.01.2024;13:13;A 64;1;3;60;0;61;3;77;3;77;3;57;3;53;0;58;2;10;2;9;1;9;0;0;0;0;0;0;0;0;0;0;0;0;0;0;0;0;0;0;0;0;0;0;0;0
12.01.2024;13:12;A 64;1;6;50;3;65;3;46;3;48;2;52;13;71;4;82;3;40;3;40;2;34;0;0;0;0;0;0;0;0;0;0;0;0;0;0;0;0;0;0;1;1;0;0;0;0
12.01.2024;13:11;A 64;1;4;34;2;54;1;93;1;92;2;24;2;94;0;100;1;89;1;90;1;97;0;0;0;0;0;0;0;0;0;0;0;0;0;0;0;0;0;0;0;0;0;0;0;0
12.01.2024;13:10;A 64;1;4;55;2;50;2;29;2;28;0;33;6;54;4;78;0;0;0;0;0;0;0;0;0;0;0;0;0;0;0;0;0;0;0;0;0;0;0;0;0;0;0;0;0;0
12.01.2024;13:09;A 64;1;3;42;2;39;4;86;4;87;2;95;2;28;2;9;1;1;1;1;1;2;0;0;0;0;1;1;0;0;0;0;0;0;0;0;0;0;1;10;0;0;0;0;0;0
12.01.2024;13:08;A 64;1;2;6;3;12;2;75;2;75;1;83;6;13;3;24;2;36;2;36;2;25;0;0;0;0;0;0;0;0;0;0;0;0;0;0;0;0;0;0;0;0;0;0;0;0
12.01.2024;13:07;A 64;1;7;46;4;33;3;4;3;5;2;18;1;42;2;40;2;38;2;38;2;6;0;0;0;0;0;0;0;0;0;0;0;0;0;0;0;0;0;0;0;0;0;0;0;0
12.01.2024;13:06;A 64;1;1;0;0;0;3;2;3;2;2;4;6;53;4;55;0;0;0;0;0;0;0;0;0;0;0;0;0;0;0;0;0;0;0;0;0;0;0;0;0;0;0;0;0;0
12.01.2024;13:05;A 64;1;3;28;3;16;1;1;1;0;0;0;5;50;2;60;3;5;3;5;2;8;0;0;0;0;0;0;0;0;0;0;0;0;0;0;0;0;0;0;0;0;0;0;0;0
12.01.2024;13:04;A 64;1;2;3;1;8;2;81;2;82;1;90;2;3;4;9;1;70;1;70;2;32;0;0;0;0;0;0;0;0;0;0;0;0;0;0;0;0;0;0;0;0;0;0;0;0
12.01.2024;13:03;A 64;1;3;5;2;14;0;0;0;0;0;0;6;16;3;27;2;1;1;1;0;0;0;0;0;0;0;0;0;0;0;0;0;0;0;0;0;0;0;0;0;0;0;0;0;0
12.01.2024;13:02;A 64;1;3;5;3;13;3;41;3;8;2;47;2;86;2;77;1;36;1;36;1;5;0;0;0;0;0;0;0;0;0;0;0;0;0;0;0;0;0;0;0;0;0;0;0;0
12.01.2024;13:01;A 64;1;2;26;2;16;1;50;1;2;2;28;3;43;1;77;1;75;1;76;1;3;0;0;0;0;0;0;0;0;0;0;0;0;0;0;0;0;0;0;0;0;0;0;0;0
12.01.2024;13:00;A 64;1;7;43;1;54;1;35;1;35;1;7;4;40;4;37;1;50;1;50;1;6;0;0;0;0;0;0;0;0;0;0;0;0;0;0;0;0;0;0;0;0;0;0;0;0
12.01.2024;12:59;A 64;1;1;2;2;18;2;60;2;60;1;10;1;51;2;27;3;71;3;70;0;77;0;0;0;0;0;0;0;0;0;0;0;0;0;0;0;0;0;0;0;0;0;0;0;0
12.01.2024;12:58;A 64;1;2;3;2;8;3;2;3;1;3;5;3;33;3;17;1;45;1;46;2;11;0;0;0;0;0;0;0;0;0;0;0;0;0;0;0;0;0;0;0;0;0;0;0;0
12.01.2024;12:57;A 64;1;5;51;4;55;1;4;1;2;0;4;4;46;4;51;0;3;0;3;0;0;0;0;0;0;0;0;0;0;0;0;0;0;0;0;0;0;0;0;0;0;0;0;0;0
12.01.2024;12:56;A 64;1;5;39;2;41;1;2;1;2;2;5;10;37;4;61;1;6;1;6;1;4;0;0;0;0;0;0;0;0;0;0;0;0;0;0;0;0;0;0;0;0;0;0;0;0
12.01.2024;12:55;A 64;1;8;35;2;51;3;79;3;78;2;83;2;33;3;37;1;51;1;50;1;5;0;0;0;0;0;0;0;0;0;0;0;0;0;0;0;0;0;0;0;0;0;0;0;0
12.01.2024;12:54;A 64;1;6;82;1;99;3;54;3;55;1;66;7;26;3;36;1;3;0;2;0;0;0;0;0;0;0;0;0;0;0;0;0;0;0;0;0;0;0;0;0;0;0;0;0;0
12.01.2024;12:53;A 64;1;7;63;0;74;2;10;2;10;2;14;3;76;1;58;2;1;2;1;0;0;0;0;0;0;0;0;0;0;0;0;0;0;0;0;0;0;0;0;0;0;0;0;0;0
12.01.2024;12:52;A 64;1;4;19;4;35;1;84;1;84;2;47;4;67;2;77;1;1;1;1;0;0;0;0;0;0;0;0;0;0;0;0;0;0;0;0;0;0;0;0;0;0;0;0;0;0
12.01.2024;12:51;A 64;1;6;7;2;13;0;0;0;0;0;0;1;1;2;11;1;5;1;5;1;6;0;0;0;0;0;0;0;0;0;0;0;0;0;0;0;0;0;0;0;0;0;0;0;0
12.01.2024;12:50;A 64;1;5;51;4;36;2;34;2;34;1;43;2;44;2;44;0;40;0;39;0;0;0;0;0;0;0;0;0;0;0;0;0;0;0;0;0;0;0;0;0;0;0;0;0;0
12.01.2024;12:49;A 64;1;10;14;7;39;1;1;1;1;0;4;2;29;1;30;1;46;1;47;1;5;0;0;0;0;0;0;0;0;0;0;0;0;0;0;0;0;0;0;0;0;0;0;0;0
12.01.2024;12:48;A 64;1;2;2;1;9;1;90;1;90;2;84;6;14;4;29;1;93;1;92;1;27;0;0;0;0;0;0;0;0;0;0;0;0;0;0;0;0;0;0;0;0;0;0;0;0
12.01.2024;12:47;A 64;1;3;31;3;17;1;4;1;4;1;4;3;58;3;52;1;3;1;3;1;5;0;0;0;0;0;0;0;0;0;0;0;0;0;0;0;0;0;0;0;0;0;0;0;0
12.01.2024;12:46;A 64;1;9;38;3;52;1;24;1;22;1;3;4;6;5;15;1;0;1;0;1;2;0;0;0;0;0;0;0;0;0;0;0;0;0;0;0;0;0;0;0;0;0;0;1;1
12.01.2024;12:45;A 64;1;1;1;2;5;1;76;1;77;1;4;7;46;4;58;2;2;2;2;1;3;0;0;0;0;0;0;0;0;0;0;0;0;0;0;0;0;0;0;0;0;0;0;0;0
12.01.2024;12:44;A 64;1;5;8;4;25;0;90;0;89;0;0;8;39;3;58;0;0;0;0;0;0;0;0;0;0;0;0;0;0;0;0;0;0;0;0;0;0;0;0;0;0;0;0;0;0
12.01.2024;12:43;A 64;1;6;10;3;30;4;80;4;81;4;80;9;80;3;98;1;0;1;0;1;2;0;0;0;0;0;0;0;0;0;0;0;0;0;0;0;0;0;0;0;0;0;0;0;0
12.01.2024;12:42;A 64;1;1;78;0;0;0;0;0;0;1;5;0;100;0;100;1;33;1;32;0;35;0;0;0;0;0;0;0;0;0;0;0;0;0;0;1;1;0;0;0;0;0;0;0;0
12.01.2024;12:41;A 64;1;5;43;2;52;1;2;1;2;0;1;1;17;1;24;1;11;1;13;2;20;0;0;0;0;0;0;0;0;0;0;0;0;0;0;0;0;0;0;0;0;0;0;0;0
12.01.2024;12:40;A 64;1;8;59;5;79;1;65;1;66;2;30;1;2;1;2;1;56;1;57;1;5;0;0;0;0;0;0;0;0;0;0;0;0;0;0;0;0;0;0;0;0;0;0;0;0
12.01.2024;12:39;A 64;1;1;0;1;8;4;66;4;65;0;72;2;7;3;16;0;55;0;54;0;0;0;0;0;0;0;0;0;0;0;0;0;0;0;0;0;0;0;0;0;0;0;0;0;0
12.01.2024;12:38;A 64;1;6;60;1;73;2;74;2;74;3;61;6;58;6;37;1;82;1;82;1;2;0;0;0;0;0;0;0;0;0;0;0;0;0;0;0;0;0;0;0;0;0;0;0;0
12.01.2024;12:37;A 64;1;7;40;4;57;1;57;1;58;1;7;6;20;5;23;1;55;1;55;2;6;0;0;0;0;0;0;0;0;0;0;0;0;0;0;0;0;0;0;0;0;0;0;0;0
12.01.2024;12:36;A 64;1;3;21;3;27;0;0;0;0;0;0;1;1;1;3;0;0;0;0;0;0;0;0;0;0;0;0;0;0;0;0;0;0;0;0;0;0;0;0;0;0;0;0;0;0
12.01.2024;12:35;A 64;1;1;52;2;13;5;67;5;66;1;74;2;49;2;9;2;38;2;38;2;29;0;0;0;0;0;0;0;0;0;0;0;0;0;0;0;0;0;0;0;0;0;0;0;0
12.01.2024;12:34;A 64;1;7;54;1;66;1;68;1;69;1;74;4;7;4;17;0;0;0;0;0;0;0;0;0;0;0;0;0;0;0;0;0;0;0;0;0;0;0;0;0;0;0;0;1;1
12.01.2024;12:33;A 64;1;1;76;1;84;2;25;2;25;2;18;3;9;1;15;1;4;0;96;0;0;0;0;0;0;0;0;0;0;0;0;0;0;0;0;0;0;0;0;0;0;0;0;1;1
12.01.2024;12:32;A 64;1;6;71;1;81;1;60;1;3;1;40;1;1;1;3;0;0;1;0;1;6;0;0;0;0;0;0;0;0;0;0;0;0;0;0;0;0;0;0;0;0;0;0;0;0
12.01.2024;12:31;A 64;1;5;88;0;100;4;20;4;13;2;23;8;68;3;84;2;13;2;12;2;13;0;0;0;0;0;0;0;0;0;0;0;0;0;0;0;0;0;0;0;0;0;0;0;0
12.01.2024;12:30;A 64;1;4;37;3;50;1;47;1;48;2;40;2;96;0;100;2;17;2;19;2;8;0;0;0;0;0;0;0;0;0;0;0;0;0;0;0;0;0;0;0;0;0;0;0;0
12.01.2024;12:29;A 64;1;1;28;0;3;0;0;0;0;0;0;5;42;4;53;0;0;0;0;0;0;0;0;0;0;0;0;0;0;0;0;0;0;0;0;0;0;0;0;0;0;0;0;0;0
12.01.2024;12:28;A 64;1;4;49;1;59;0;0;0;0;0;0;3;46;3;32;2;8;2;7;0;10;0;0;0;0;0;0;0;0;0;0;0;0;0;0;0;0;0;0;0;0;0;0;0;0
12.01.2024;12:27;A 64;1;2;51;2;35;1;10;1;9;1;2;3;14;3;13;3;68;3;68;2;76;0;0;0;0;1;1;0;0;0;0;0;0;0;0;0;0;0;0;0;0;0;0;0;0
12.01.2024;12:26;A 64;1;3;45;2;51;2;30;2;31;1;13;4;31;3;16;3;74;3;74;3;59;0;0;0;0;0;0;0;0;0;0;0;0;0;0;0;0;0;0;0;0;0;0;0;0
12.01.2024;12:25;A 64;1;2;46;3;16;4;65;4;65;2;43;3;48;2;51;2;46;2;47;1;57;0;0;0;0;0;0;0;0;0;0;0;0;0;0;0;0;0;0;0;0;0;0;0;0
12.01.2024;12:24;A 64;1;7;71;2;79;1;58;1;59;2;59;7;81;4;90;0;6;0;6;0;0;0;0;0;0;0;0;0;0;0;0;0;0;0;0;0;0;0;0;0;0;0;0;0;0
12.01.2024;12:23;A 64;1;2;65;2;75;0;0;0;0;0;0;5;30;3;31;2;35;2;35;1;5;0;0;0;0;0;0;0;0;0;0;0;0;0;0;0;0;0;0;0;0;0;0;0;0
12.01.2024;12:22;A 64;1;6;31;4;26;0;6;0;5;0;0;1;42;1;3;2;14;2;14;1;4;0;0;0;0;0;0;0;0;0;0;0;0;0;0;0;0;0;0;0;0;0;0;0;0
12.01.2024;12:21;A 64;1;7;62;0;76;1;67;1;67;1;4;5;64;1;58;1;11;1;10;0;10;0;0;0;0;0;0;0;0;0;0;0;0;0;0;0;0;0;0;0;0;0;0;0;0
12.01.2024;12:20;A 64;1;9;48;2;70;0;100;0;100;0;0;1;57;3;35;1;97;1;98;1;79;0;0;0;0;0;0;0;0;0;0;0;0;0;0;0;0;0;0;0;0;0;0;0;0
12.01.2024;12:19;A 64;1;1;92;1;99;3;55;3;23;1;53;5;80;0;88;2;17;2;17;3;12;0;0;0;0;0;0;0;0;0;0;0;0;0;0;0;0;0;0;0;0;0;0;0;0
12.01.2024;12:18;A 64;1;2;33;0;37;1;69;1;70;1;75;2;35;2;46;2;0;1;0;0;0;0;0;0;0;0;0;0;0;0;0;0;0;0;0;0;0;0;0;0;0;0;0;0;0
12.01.2024;12:17;A 64;1;3;39;3;26;1;33;1;33;1;6;2;23;1;30;1;2;0;2;0;0;0;0;0;0;0;0;0;0;0;0;0;0;0;0;0;0;0;0;0;0;0;0;0;0
12.01.2024;12:16;A 64;1;3;40;1;45;5;84;5;83;0;20;4;19;4;14;1;8;2;10;1;19;0;0;0;0;0;0;0;0;0;0;0;0;0;0;0;0;0;0;0;0;0;0;0;0
12.01.2024;12:15;A 64;1;3;11;3;31;1;96;1;96;0;100;2;4;2;6;0;0;0;0;0;0;0;0;0;0;0;0;0;0;0;0;0;0;0;0;0;0;0;0;0;0;0;0;0;0
12.01.2024;12:14;A 64;1;0;0;2;13;5;88;5;26;0;100;3;71;0;98;2;68;2;67;1;58;0;0;0;0;0;0;0;0;0;0;0;0;0;0;0;0;1;1;0;0;0;0;0;0
12.01.2024;12:13;A 64;1;5;48;1;56;3;84;3;7;4;89;1;29;2;30;1;70;1;70;1;4;0;0;0;0;0;0;0;0;0;0;0;0;0;0;0;0;0;0;0;0;0;0;0;0
12.01.2024;12:12;A 64;1;4;64;3;76;1;13;1;14;1;10;4;55;1;61;1;69;1;68;2;6;0;0;0;0;0;0;0;0;0;0;0;0;0;0;0;0;0;0;0;0;0;0;0;0
12.01.2024;12:11;A 64;1;3;65;3;58;1;43;1;43;1;4;4;43;4;52;3;61;3;61;2;36;0;0;0;0;0;0;0;0;0;0;0;0;0;0;0;0;0;0;0;0;0;0;0;0
12.01.2024;12:10;A 64;1;4;52;1;56;2;2;2;2;2;5;1;24;2;32;2;73;2;74;2;25;0;0;0;0;0;0;0;0;0;0;0;0;0;0;0;0;0;0;0;0;0;0;0;0
12.01.2024;12:09;A 64;1;3;10;2;19;1;40;1;39;1;6;4;37;1;42;0;0;0;0;1;48;0;0;0;0;0;0;0;0;0;0;0;0;0;0;0;0;0;0;0;0;0;0;0;0
12.01.2024;12:08;A 64;1;0;0;0;0;5;61;5;22;3;52;2;26;3;9;0;0;0;0;0;0;0;0;0;0;0;0;0;0;0;0;0;0;0;0;0;0;0;0;0;0;0;0;0;0
12.01.2024;12:07;A 64;1;5;53;1;56;1;69;1;70;1;6;8;61;1;70;0;7;0;6;0;0;0;0;0;0;1;1;0;0;0;0;0;0;0;0;0;0;0;0;0;0;0;0;0;0
12.01.2024;12:06;A 64;1;3;51;2;54;2;15;2;15;0;17;8;67;3;80;1;47;1;47;1;3;0;0;0;0;0;0;0;0;0;0;0;0;0;0;0;0;0;0;0;0;0;0;0;0
12.01.2024;12:05;A 64;1;6;65;1;83;1;65;1;66;2;9;9;75;2;91;1;1;1;1;1;5;0;0;0;0;0;0;0;0;0;0;0;0;0;0;0;0;0;0;0;0;0;0;0;0
12.01.2024;12:04;A 64;1;8;73;1;96;2;19;2;19;0;23;3;29;3;37;1;1;1;1;1;2;0;0;0;0;0;0;0;0;0;0;0;0;0;0;0;0;0;0;0;0;0;0;0;0
12.01.2024;12:03;A 64;1;7;53;0;67;3;47;2;48;1;57;4;52;3;52;2;2;2;2;0;0;0;0;0;0;0;0;0;0;0;0;0;0;0;0;0;0;0;0;0;0;0;0;0;0
12.01.2024;12:02;A 64;1;4;76;1;88;4;88;5;87;2;73;1;60;1;48;1;77;1;78;1;4;0;0;0;0;0;0;0;0;0;0;0;0;0;0;0;0;0;0;0;0;0;0;0;0
12.01.2024;12:01;A 64;1;6;89;0;100;1;49;1;49;3;49;2;95;1;87;2;44;2;45;2;16;0;0;0;0;0;0;0;0;0;0;0;0;0;0;0;0;0;0;0;0;0;0;0;0
12.01.2024;12:00;A 64;1;2;23;2;40;0;3;0;3;0;1;2;55;2;47;1;1;1;1;1;3;0;0;0;0;0;0;0;0;0;0;0;0;0;0;0;0;0;0;0;0;0;0;0;0
12.01.2024;11:59;A 64;1;4;52;0;57;4;44;4;44;1;53;2;24;2;26;1;7;1;7;0;7;0;0;0;0;0;0;0;0;0;0;0;0;0;0;0;0;0;0;0;0;0;0;0;0
12.01.2024;11:58;A 64;1;6;62;3;77;1;48;2;53;2;62;2;3;2;6;2;51;2;52;3;38;0;0;0;0;0;0;0;0;0;0;0;0;0;0;0;0;0;0;0;0;0;0;0;0
12.01.2024;11:57;A 64;1;3;70;3;74;6;40;6;40;2;49;3;37;1;40;0;0;0;0;0;0;0;0;0;0;0;0;0;0;0;0;0;0;0;0;0;0;0;0;0;0;0;0;0;0
12.01.2024;11:56;A 64;1;2;26;3;21;3;3;3;3;2;9;3;43;3;37;0;0;0;0;0;0;0;0;0;0;0;0;0;0;0;0;0;0;0;0;0;0;0;0;0;0;0;0;0;0
12.01.2024;11:55;A 64;1;2;52;0;49;1;2;1;2;1;3;3;41;1;46;5;65;5;66;2;42;0;0;0;0;0;0;0;0;0;0;0;0;0;0;0;0;0;0;0;0;0;0;0;0
12.01.2024;11:54;A 64;1;6;63;3;65;4;40;4;39;1;54;3;56;3;58;2;71;2;71;2;26;0;0;0;0;0;0;0;0;0;0;0;0;0;0;0;0;0;0;0;0;0;0;0;0
12.01.2024;11:53;A 64;1;12;41;2;61;1;78;1;79;1;85;7;28;3;36;0;0;0;0;0;0;0;0;0;0;0;0;0;0;0;0;0;0;0;0;0;0;1;1;0;0;0;0;0;0
12.01.2024;11:52;A 64;1;2;77;1;89;1;1;1;1;2;6;3;41;3;34;0;0;0;0;0;0;0;0;0;0;1;1;0;0;0;0;0;0;0;0;0;0;0;0;0;0;0;0;0;0
12.01.2024;11:51;A 64;1;2;14;4;34;4;29;4;29;0;35;4;69;2;77;0;0;0;0;0;0;0;0;0;0;0;0;0;0;0;0;0;0;0;0;0;0;0;0;0;0;0;0;0;0
12.01.2024;11:50;A 64;1;6;44;3;48;2;57;2;57;4;23;4;27;3;44;1;8;1;7;1;2;0;0;0;0;0;0;0;0;0;0;0;0;0;0;0;0;0;0;1;1;0;0;0;0
12.01.2024;11:49;A 64;1;3;51;0;53;3;9;3;9;2;13;3;29;3;36;2;47;2;47;2;10;0;0;0;0;0;0;0;0;0;0;0;0;0;0;0;0;0;0;0;0;0;0;0;0
12.01.2024;11:48;A 64;1;3;33;4;34;2;24;2;25;2;11;5;52;0;61;1;8;1;10;1;8;0;0;0;0;0;0;0;0;0;0;0;0;0;0;0;0;0;0;0;0;2;3;0;0
12.01.2024;11:47;A 64;1;3;47;2;52;1;1;1;1;1;3;10;72;2;97;1;21;1;22;1;3;0;0;0;0;0;0;0;0;0;0;0;0;0;0;0;0;0;0;0;0;0;0;0;0
12.01.2024;11:46;A 64;1;4;74;1;96;1;3;1;2;1;8;4;91;0;100;3;16;3;16;1;24;0;0;0;0;0;0;0;0;0;0;0;0;0;0;0;0;0;0;0;0;0;0;0;0
12.01.2024;11:45;A 64;1;4;86;0;92;1;41;1;13;4;3;5;78;2;91;3;45;3;45;0;52;0;0;0;0;1;1;0;0;0;0;0;0;0;0;0;0;1;1;0;0;0;0;0;0
12.01.2024;11:44;A 64;1;3;42;1;46;1;10;1;2;1;4;4;33;3;90;1;51;1;52;1;57;0;0;0;0;0;0;0;0;0;0;0;0;0;0;0;0;0;0;0;0;0;0;0;0
12.01.2024;11:43;A 64;1;6;65;2;62;0;0;0;0;0;0;3;24;2;34;1;50;1;50;1;4;0;0;0;0;0;0;0;0;0;0;0;0;0;0;0;0;0;0;0;0;0;0;0;0
12.01.2024;11:42;A 64;1;2;38;1;41;0;0;0;0;0;0;0;0;0;0;0;0;0;0;0;0;0;0;0;0;0;0;0;0;0;0;0;0;0;0;0;0;0;0;0;0;0;0;0;0
12.01.2024;11:41;A 64;1;3;92;0;100;1;10;1;9;1;2;3;48;1;53;4;17;4;17;4;16;0;0;0;0;0;0;0;0;0;0;0;0;0;0;0;0;0;0;0;0;0;0;0;0
12.01.2024;11:40;A 64;1;3;67;3;80;2;41;2;42;3;9;3;59;4;52;2;45;2;46;1;15;0;0;0;0;0;0;0;0;0;0;0;0;0;0;0;0;0;0;0;0;0;0;0;0
12.01.2024;11:39;A 64;1;6;48;1;56;5;54;1;3;1;5;2;21;2;10;1;24;1;25;1;32;0;0;0;0;0;0;0;0;0;0;0;0;0;0;0;0;1;1;0;0;0;0;0;0
12.01.2024;11:38;A 64;1;1;45;1;39;0;0;0;0;0;0;1;1;1;5;1;7;1;7;1;5;0;0;0;0;0;0;0;0;0;0;0;0;0;0;0;0;0;0;0;0;0;0;0;0
12.01.2024;11:37;A 64;1;2;62;2;47;2;18;2;16;1;16;2;11;2;16;1;59;1;59;1;6;0;0;0;0;0;0;0;0;0;0;0;0;0;0;0;0;0;0;0;0;0;0;0;0
12.01.2024;11:36;A 64;1;8;42;9;53;1;46;1;47;2;27;1;35;1;4;3;40;3;41;4;8;0;0;0;0;0;0;0;0;0;0;0;0;0;0;0;0;0;0;1;1;0;0;0;0
12.01.2024;11:35;A 64;1;1;26;0;26;0;0;0;0;0;0;7;57;4;54;1;1;1;2;2;6;0;0;0;0;0;0;0;0;0;0;0;0;0;0;0;0;0;0;0;0;1;1;0;0
12.01.2024;11:34;A 64;1;5;78;2;76;0;0;0;0;0;0;2;81;3;86;3;11;2;16;2;11;0;0;0;0;0;0;0;0;0;0;0;0;0;0;0;0;0;0;0;0;0;0;0;0
12.01.2024;11:33;A 64;1;7;51;2;72;0;0;0;0;0;0;7;47;4;47;0;0;1;38;1;5;0;0;0;0;1;1;0;0;0;0;0;0;0;0;0;0;0;0;0;0;0;0;0;0
12.01.2024;11:32;A 64;1;5;62;4;63;1;38;1;38;2;42;1;55;1;64;0;0;0;0;0;0;0;0;0;0;0;0;0;0;0;0;0;0;0;0;0;0;0;0;1;1;0;0;0;0
12.01.2024;11:31;A 64;1;7;66;3;27;3;45;3;44;2;53;1;77;1;59;0;0;0;0;0;0;0;0;0;0;0;0;0;0;0;0;0;0;0;0;0;0;0;0;0;0;0;0;0;0
12.01.2024;11:30;A 64;1;3;30;3;40;1;73;1;73;3;44;3;30;4;15;0;0;0;0;0;0;0;0;0;0;0;0;0;0;0;0;0;0;0;0;0;0;0;0;0;0;0;0;0;0
12.01.2024;11:29;A 64;1;2;43;1;46;2;74;2;75;1;7;2;15;2;14;0;0;0;0;0;0;0;0;0;0;0;0;0;0;0;0;0;0;0;0;0;0;0;0;0;0;1;1;0;0
12.01.2024;11:28;A 64;1;4;71;2;74;1;54;1;53;3;33;3;7;3;16;1;8;1;7;1;3;0;0;0;0;0;0;0;0;0;0;0;0;0;0;0;0;0;0;0;0;0;0;0;0
12.01.2024;11:27;A 64;1;5;51;4;63;1;30;1;31;1;4;2;33;2;22;1;10;1;11;1;4;0;0;0;0;0;0;0;0;0;0;0;0;0;0;0;0;0;0;0;0;0;0;0;0
12.01.2024;11:26;A 64;1;4;62;3;61;1;46;1;45;1;6;2;55;2;12;0;6;0;5;0;0;0;0;0;0;0;0;0;0;0;0;0;0;0;0;0;0;0;0;0;0;0;0;0;0
12.01.2024;11:25;A 64;1;3;52;1;64;2;33;2;31;3;11;6;55;2;64;1;65;1;65;1;4;0;0;0;0;0;0;0;0;0;0;0;0;0;0;0;0;0;0;0;0;0;0;0;0
12.01.2024;11:24;A 64;1;7;29;3;46;4;41;4;13;2;20;6;62;4;66;2;3;3;3;1;6;0;0;0;0;0;0;0;0;0;0;0;0;0;0;0;0;0;0;0;0;0;0;0;0
12.01.2024;11:23;A 64;1;0;47;1;34;4;79;4;78;1;97;4;55;3;38;1;64;1;64;2;16;0;0;0;0;0;0;0;0;0;0;0;0;0;0;0;0;0;0;0;0;0;0;0;0
12.01.2024;11:22;A 64;1;5;75;1;66;3;43;4;27;2;38;9;27;2;76;1;68;1;69;1;6;0;0;0;0;0;0;0;0;0;0;0;0;0;0;0;0;0;0;0;0;0;0;0;0
12.01.2024;11:21;A 64;1;1;15;1;21;0;100;1;93;2;95;2;8;2;67;0;0;0;0;0;0;0;0;0;0;0;0;0;0;0;0;0;0;0;0;0;0;0;0;0;0;0;0;0;0
12.01.2024;11:20;A 64;1;4;71;1;85;2;60;1;47;0;60;3;74;2;45;1;0;1;0;1;1;0;0;0;0;0;0;0;0;0;0;0;0;0;0;0;0;0;0;1;1;0;0;0;0
12.01.2024;11:19;A 64;1;2;1;2;7;1;73;1;73;2;8;0;31;2;5;0;0;0;0;0;0;0;0;0;0;0;0;0;0;0;0;0;0;0;0;0;0;0;0;0;0;0;0;0;0
12.01.2024;11:18;A 64;1;4;39;0;44;1;47;1;47;1;5;7;58;3;58;1;14;1;14;1;4;0;0;0;0;0;0;0;0;0;0;0;0;0;0;0;0;0;0;0;0;0;0;0;0
12.01.2024;11:17;A 64;1;2;13;4;19;0;7;0;5;0;7;4;12;4;30;1;36;1;35;1;4;0;0;0;0;0;0;0;0;0;0;0;0;0;0;0;0;0;0;0;0;0;0;0;0
12.01.2024;11:16;A 64;1;5;43;1;53;1;39;1;40;1;45;2;6;1;9;0;0;0;0;0;0;0;0;0;0;0;0;0;0;0;0;0;0;0;0;0;0;0;0;0;0;0;0;0;0
12.01.2024;11:15;A 64;1;5;68;2;66;1;1;1;1;1;2;1;34;2;8;0;0;0;0;0;0;0;0;0;0;0;0;0;0;0;0;0;0;0;0;0;0;0;0;0;0;0;0;0;0
12.01.2024;11:14;A 64;1;2;34;5;18;0;1;0;0;0;0;2;59;2;12;2;19;2;19;1;7;0;0;0;0;0;0;0;0;0;0;0;0;0;0;0;0;0;0;0;0;0;0;0;0
12.01.2024;11:13;A 64;1;3;44;1;48;2;31;2;32;1;13;2;23;2;9;0;6;0;5;1;10;0;0;0;0;0;0;0;0;0;0;0;0;0;0;0;0;0;0;0;0;0;0;0;0
12.01.2024;11:12;A 64;1;6;64;4;79;2;43;2;45;3;54;1;17;2;13;1;8;1;7;1;10;0;0;0;0;0;0;0;0;0;0;0;0;0;0;0;0;0;0;0;0;0;0;0;0
12.01.2024;11:11;A 64;1;4;61;3;23;0;0;0;0;0;0;1;54;1;24;3;63;3;64;1;25;0;0;0;0;0;0;0;0;0;0;0;0;0;0;0;0;0;0;0;0;0;0;0;0
12.01.2024;11:10;A 64;1;4;74;2;48;1;8;3;8;1;11;7;74;2;64;1;8;1;7;2;5;0;0;0;0;0;0;0;0;0;0;0;0;0;0;0;0;0;0;0;0;0;0;0;0
12.01.2024;11:09;A 64;1;8;80;2;77;3;91;4;92;0;100;6;82;3;94;1;37;1;37;1;4;0;0;0;0;0;0;0;0;0;0;0;0;0;0;0;0;0;0;0;0;0;0;0;0
12.01.2024;11:08;A 64;1;3;26;3;20;2;19;2;20;3;23;6;62;3;86;1;59;3;60;2;8;0;0;0;0;0;0;0;0;0;0;0;0;0;0;0;0;0;0;0;0;0;0;0;0
12.01.2024;11:07;A 64;1;2;3;2;9;1;2;1;1;2;30;3;36;4;27;0;0;0;0;0;0;0;0;0;0;0;0;0;0;0;0;0;0;0;0;0;0;0;0;0;0;0;0;0;0
12.01.2024;11:06;A 64;1;1;6;1;8;3;27;3;28;2;15;1;29;2;7;0;0;0;0;0;0;0;0;0;0;0;0;0;0;0;0;0;0;0;0;0;0;0;0;0;0;0;0;0;0
12.01.2024;11:05;A 64;1;11;22;4;42;1;98;1;97;1;57;3;4;2;8;0;0;0;0;0;0;0;0;0;0;0;0;0;0;0;0;0;0;0;0;0;0;0;0;0;0;0;0;0;0
12.01.2024;11:04;A 64;1;1;87;1;95;3;7;3;8;3;15;2;32;3;18;1;3;1;3;0;0;0;0;0;0;0;0;0;0;0;0;0;0;0;0;0;0;0;0;0;0;0;0;0;0
12.01.2024;11:03;A 64;1;8;85;1;97;2;38;2;38;0;43;9;74;1;94;0;34;0;33;0;0;0;0;0;0;0;0;0;0;0;0;0;0;0;0;0;0;0;0;0;0;0;0;0;0
12.01.2024;11:02;A 64;1;5;43;3;58;3;58;3;59;2;58;2;41;1;85;1;48;1;48;1;5;0;0;0;0;0;0;0;0;0;0;0;0;0;0;0;0;0;0;0;0;0;0;0;0
12.01.2024;11:01;A 64;1;9;39;2;59;1;96;1;96;0;100;9;42;3;39;1;0;1;0;0;0;0;0;0;0;0;0;0;0;0;0;0;0;0;0;0;0;0;0;0;0;0;0;0;0
12.01.2024;11:00;A 64;1;3;85;2;90;2;61;2;61;3;11;3;78;5;65;1;58;1;57;1;2;0;0;0;0;0;0;0;0;0;0;0;0;0;0;0;0;0;0;0;0;0;0;0;0
12.01.2024;10:59;A 64;1;0;0;0;0;3;76;3;76;1;20;2;45;2;14;1;38;1;39;2;6;0;0;0;0;1;3;0;0;0;0;0;0;0;0;0;0;0;0;0;0;0;0;0;0
12.01.2024;10:58;A 64;1;4;55;3;63;4;90;4;89;3;37;4;71;1;77;0;0;0;0;0;0;0;0;0;0;0;0;0;0;0;0;0;0;0;0;0;0;0;0;0;0;0;0;0;0
12.01.2024;10:57;A 64;1;6;50;4;47;1;50;1;51;1;56;8;74;3;92;1;0;1;0;0;0;0;0;0;0;0;0;0;0;0;0;0;0;0;0;0;0;0;0;0;0;0;0;0;0
12.01.2024;10:56;A 64;1;3;67;1;57;2;14;2;13;0;18;1;30;1;34;1;38;1;37;1;16;0;0;0;0;0;0;0;0;0;0;0;0;0;0;0;0;0;0;0;0;0;0;0;0
12.01.2024;10:55;A 64;1;5;21;4;32;1;21;1;22;1;27;5;46;3;41;1;13;1;14;1;34;0;0;0;0;0;0;0;0;0;0;0;0;0;0;0;0;0;0;0;0;0;0;0;0
12.01.2024;10:54;A 64;1;2;37;2;17;2;77;2;77;2;46;1;62;1;35;0;0;0;0;0;0;0;0;0;0;0;0;0;0;0;0;0;0;0;0;0;0;0;0;0;0;0;0;0;0
12.01.2024;10:53;A 64;1;3;61;1;53;3;68;3;67;1;69;5;74;5;61;1;1;1;1;1;2;0;0;0;0;0;0;0;0;0;0;0;0;0;0;0;0;0;0;0;0;0;0;0;0
12.01.2024;10:52;A 64;1;4;19;2;22;2;76;2;77;2;49;5;17;5;25;0;96;0;95;0;0;0;0;0;0;0;0;0;0;0;0;0;0;0;0;0;0;0;0;0;0;0;0;0;0
12.01.2024;10:51;A 64;1;5;76;2;88;1;1;1;1;2;7;3;83;0;84;3;63;3;62;3;13;0;0;0;0;0;0;0;0;0;0;0;0;0;0;0;0;0;0;0;0;0;0;0;0
12.01.2024;10:50;A 64;1;2;49;2;26;0;1;0;0;0;0;3;35;3;39;1;36;1;37;1;5;0;0;0;0;0;0;0;0;0;0;0;0;0;0;0;0;0;0;0;0;0;0;0;0
12.01.2024;10:49;A 64;1;7;74;1;60;2;46;2;46;2;7;5;41;3;44;1;59;1;59;1;5;0;0;0;0;0;0;0;0;0;0;0;0;0;0;0;0;0;0;0;0;0;0;0;0
12.01.2024;10:48;A 64;1;3;74;1;83;3;11;3;11;1;17;3;13;3;24;0;6;0;5;0;0;0;0;0;0;0;0;0;0;0;0;0;0;0;0;0;0;0;0;0;0;0;0;0;0
12.01.2024;10:47;A 64;1;7;63;2;78;4;55;4;50;2;56;1;1;1;3;1;67;1;67;2;4;0;0;0;0;0;0;0;0;0;0;0;0;0;0;0;0;0;0;0;0;0;0;0;0
12.01.2024;10:46;A 64;1;9;73;2;88;2;78;2;71;3;73;2;3;3;8;1;20;1;21;2;6;0;0;0;0;1;1;0;0;0;0;1;1;0;0;0;0;1;1;0;0;0;0;0;0
12.01.2024;10:45;A 64;1;7;58;2;70;3;64;2;67;1;18;6;53;5;66;1;1;1;1;0;0;0;0;0;0;0;0;0;0;0;0;0;0;0;0;0;0;0;0;0;0;0;0;0;0
12.01.2024;10:44;A 64;1;7;45;4;69;2;23;3;8;2;16;5;42;5;52;1;1;1;1;0;2;1;1;0;0;0;0;0;0;0;0;0;0;0;0;0;0;0;0;0;0;0;0;0;0
12.01.2024;10:43;A 64;1;3;40;2;42;3;14;3;15;2;24;2;71;3;62;1;64;1;65;2;5;0;0;0;0;0;0;0;0;0;0;0;0;0;0;0;0;0;0;0;0;0;0;0;0
12.01.2024;10:42;A 64;1;2;15;3;26;3;15;3;8;0;18;6;77;1;87;2;12;2;11;0;15;0;0;0;0;0;0;0;0;0;0;0;0;0;0;0;0;0;0;0;0;0;0;0;0
12.01.2024;10:41;A 64;1;3;6;1;11;1;80;1;6;2;46;2;44;2;55;0;100;0;100;1;85;0;0;0;0;0;0;0;0;0;0;0;0;0;0;0;0;0;0;0;0;0;0;0;0
12.01.2024;10:40;A 64;1;5;74;3;92;0;55;0;54;1;0;2;82;2;57;3;78;3;79;0;78;0;0;0;0;0;0;0;0;0;0;0;0;0;0;0;0;0;0;0;0;0;0;0;0
12.01.2024;10:39;A 64;1;3;41;1;40;2;78;2;79;14;72;4;5;4;13;1;52;1;52;2;25;0;0;0;0;0;0;0;0;0;0;0;0;0;0;0;0;0;0;0;0;0;0;0;0
12.01.2024;10:38;A 64;1;3;68;1;53;3;36;3;36;2;43;1;2;1;6;0;0;0;0;0;0;0;0;0;0;0;0;0;0;0;0;0;0;0;0;0;0;0;0;0;0;0;0;0;0
12.01.2024;10:37;A 64;1;3;66;3;57;2;3;2;3;1;6;3;8;3;14;0;0;0;0;0;0;0;0;0;0;0;0;0;0;0;0;0;0;0;0;0;0;0;0;0;0;0;0;0;0
12.01.2024;10:36;A 64;1;5;66;3;51;2;79;2;79;2;10;3;16;2;15;0;0;0;0;0;0;0;0;0;0;0;0;0;0;0;0;0;0;0;0;0;0;0;0;0;0;0;0;0;0
12.01.2024;10:35;A 64;1;5;56;2;58;3;34;3;34;1;37;2;22;2;11;2;4;2;4;0;6;0;0;0;0;0;0;0;0;0;0;0;0;0;0;0;0;0;0;0;0;0;0;0;0
12.01.2024;10:34;A 64;1;6;17;5;34;1;32;1;32;1;7;2;4;2;7;1;66;1;66;2;25;0;0;0;0;0;0;0;0;0;0;0;0;0;0;0;0;0;0;0;0;0;0;0;0
12.01.2024;10:33;A 64;1;1;98;0;100;4;66;4;8;0;75;7;71;2;90;1;9;1;9;3;14;0;0;0;0;0;0;0;0;0;0;0;0;0;0;0;0;0;0;0;0;0;0;0;0
12.01.2024;10:32;A 64;1;1;68;1;74;5;63;6;53;2;75;4;22;0;79;4;14;4;14;0;16;0;0;0;0;0;0;0;0;0;0;0;0;0;0;0;0;0;0;0;0;0;0;0;0
12.01.2024;10:31;A 64;1;3;15;3;27;0;100;0;100;0;100;3;5;4;59;1;74;1;75;2;60;0;0;0;0;0;0;0;0;0;0;0;0;0;0;0;0;0;0;0;0;0;0;0;0
12.01.2024;10:30;A 64;1;4;80;3;45;5;92;5;94;0;100;2;88;2;82;0;0;0;0;0;0;0;0;0;0;0;0;0;0;0;0;0;0;0;0;0;0;0;0;0;0;0;0;0;0
12.01.2024;10:29;A 64;1;2;37;1;20;1;62;1;63;1;68;3;50;0;53;0;0;0;0;0;0;0;0;0;0;0;0;0;0;0;0;0;0;0;0;0;0;0;0;0;0;0;0;0;0
12.01.2024;10:28;A 64;1;5;56;1;57;1;23;1;23;1;28;3;34;3;20;0;0;0;0;0;0;0;0;0;0;0;0;0;0;0;0;0;0;0;0;0;0;0;0;0;0;0;0;0;0
12.01.2024;10:27;A 64;1;3;49;2;57;0;1;0;0;0;0;1;2;2;10;1;17;1;17;2;5;0;0;0;0;0;0;0;0;0;0;0;0;0;0;0;0;0;0;0;0;0;0;0;0
12.01.2024;10:26;A 64;1;0;0;1;6;2;68;2;64;2;14;4;5;3;14;0;0;0;0;0;0;0;0;0;0;0;0;0;0;0;0;0;0;0;0;0;0;0;0;0;0;0;0;0;0
12.01.2024;10:25;A 64;1;2;39;1;9;2;16;2;15;2;7;1;34;0;5;0;0;0;0;0;0;0;0;0;0;0;0;0;0;0;0;0;0;0;0;0;0;0;0;0;0;0;0;0;0
12.01.2024;10:24;A 64;1;4;46;4;61;1;16;1;16;1;15;2;54;3;60;2;4;2;4;0;7;0;0;0;0;0;0;0;0;0;0;0;0;0;0;0;0;0;0;0;0;0;0;0;0
12.01.2024;10:23;A 64;1;4;20;3;35;1;19;1;20;1;25;5;25;3;39;0;100;0;99;0;100;0;0;0;0;0;0;0;0;0;0;0;0;0;0;0;0;0;0;0;0;0;0;0;0
12.01.2024;10:22;A 64;1;2;75;1;86;0;0;0;0;0;0;1;47;1;57;1;6;1;7;2;5;0;0;0;0;0;0;0;0;0;0;0;0;0;0;0;0;0;0;0;0;0;0;0;0
12.01.2024;10:21;A 64;1;10;74;1;87;0;0;0;0;0;0;3;3;3;12;1;12;1;11;0;11;0;0;0;0;0;0;0;0;0;0;0;0;0;0;0;0;0;0;0;0;0;0;0;0
12.01.2024;10:20;A 64;1;4;43;1;61;0;0;0;0;0;0;2;33;2;17;1;34;1;34;2;15;0;0;0;0;0;0;0;0;0;0;0;0;0;0;0;0;0;0;0;0;0;0;0;0
12.01.2024;10:19;A 64;1;2;2;2;10;1;54;2;53;1;59;1;58;1;5;2;22;2;23;2;30;0;0;0;0;0;0;0;0;0;0;0;0;0;0;0;0;0;0;0;0;0;0;1;1
12.01.2024;10:18;A 64;1;5;55;1;62;4;63;3;65;1;19;5;39;6;45;0;4;0;3;0;0;0;0;0;0;0;0;0;0;0;0;0;0;0;0;0;0;0;0;0;0;0;0;0;0
12.01.2024;10:17;A 64;1;7;58;1;73;3;74;4;22;2;32;4;14;4;16;1;4;1;5;1;6;0;0;0;0;0;0;0;0;0;0;0;0;0;0;0;0;0;0;0;0;0;0;0;0
12.01.2024;10:16;A 64;1;2;36;2;17;2;75;2;76;2;77;1;1;1;3;2;62;2;63;1;4;0;0;0;0;0;0;0;0;0;0;0;0;0;0;0;0;0;0;0;0;0;0;0;0
12.01.2024;10:15;A 64;1;2;57;2;39;2;63;2;59;1;13;0;0;0;0;1;47;1;47;2;41;0;0;0;0;0;0;0;0;0;0;0;0;0;0;0;0;0;0;0;0;0;0;0;0
12.01.2024;10:14;A 64;1;7;59;2;61;1;57;1;58;2;16;3;38;4;27;0;0;0;0;0;0;0;0;0;0;0;0;0;0;0;0;0;0;0;0;0;0;0;0;0;0;0;0;0;0
12.01.2024;10:13;A 64;1;1;74;2;28;4;14;4;8;0;22;1;60;1;59;2;42;2;42;2;34;0;0;0;0;0;0;0;0;0;0;0;0;0;0;0;0;0;0;0;0;0;0;0;0
12.01.2024;10:12;A 64;1;3;50;3;69;1;57;1;3;2;56;4;63;2;81;1;34;1;35;1;5;0;0;0;0;0;0;0;0;0;0;0;0;0;0;0;0;0;0;0;0;0;0;0;0
12.01.2024;10:11;A 64;1;2;53;2;55;2;61;2;60;3;46;1;91;1;58;2;20;2;20;1;28;0;0;0;0;0;0;0;0;0;0;0;0;0;0;0;0;0;0;1;1;0;0;0;0
12.01.2024;10:10;A 64;1;3;40;3;54;0;0;0;0;0;0;4;69;2;37;1;2;0;1;0;0;0;0;0;0;0;0;0;0;0;0;0;0;0;0;0;0;0;0;0;0;0;0;0;0
12.01.2024;10:09;A 64;1;5;52;2;57;3;18;3;16;1;17;1;2;1;6;1;50;2;51;1;60;0;0;0;0;0;0;0;0;0;0;0;0;0;0;0;0;0;0;0;0;0;0;0;0
12.01.2024;10:08;A 64;1;6;78;2;76;1;61;1;62;2;54;6;32;5;45;0;0;0;0;0;0;0;0;0;0;0;0;0;0;0;0;0;0;0;0;0;0;0;0;0;0;0;0;0;0
12.01.2024;10:07;A 64;1;1;51;1;4;2;20;2;19;2;9;1;33;2;23;0;0;0;0;0;0;0;0;0;0;0;0;0;0;0;0;0;0;0;0;0;0;0;0;0;0;0;0;0;0
12.01.2024;10:06;A 64;1;2;48;1;40;5;30;5;29;2;23;4;26;5;24;0;0;0;0;0;0;0;0;0;0;0;0;0;0;0;0;0;0;0;0;0;0;0;0;0;0;0;0;0;0
12.01.2024;10:05;A 64;1;1;14;2;18;2;74;2;74;2;54;2;2;3;7;0;0;0;0;0;0;0;0;0;0;0;0;0;0;0;0;0;0;0;0;0;0;0;0;0;0;0;0;0;0
12.01.2024;10:04;A 64;1;1;32;1;8;5;57;5;56;2;68;2;28;1;35;2;13;2;13;0;10;0;0;0;0;0;0;0;0;0;0;0;0;0;0;0;0;0;0;0;0;0;0;0;0
12.01.2024;10:03;A 64;1;7;27;4;53;1;77;1;78;2;72;3;63;0;72;1;93;1;94;2;56;0;0;0;0;0;0;0;0;0;0;0;0;0;0;0;0;0;0;0;0;0;0;0;0
12.01.2024;10:02;A 64;1;4;78;1;95;2;62;2;61;1;37;3;34;4;33;0;57;0;57;0;0;0;0;0;0;0;0;0;0;0;0;0;0;0;0;0;0;0;0;0;0;0;0;0;0
12.01.2024;10:01;A 64;1;0;33;0;29;2;79;2;79;1;11;1;19;1;11;1;41;1;41;1;6;0;0;0;0;0;0;0;0;0;0;0;0;0;0;0;0;0;0;0;0;0;0;0;0
12.01.2024;10:00;A 64;1;1;17;1;23;5;84;4;85;3;94;2;45;3;24;0;0;0;0;0;0;0;0;0;0;0;0;0;0;0;0;0;0;0;0;0;0;0;0;0;0;0;0;0;0
12.01.2024;09:59;A 64;1;4;51;1;59;1;19;1;19;1;17;6;63;1;79;2;18;1;16;0;13;0;0;0;0;0;0;0;0;0;0;0;0;0;0;0;0;0;0;0;0;0;0;0;0
12.01.2024;09:58;A 64;1;9;72;2;93;5;65;5;64;2;16;2;52;2;64;1;76;1;77;1;82;0;0;0;0;0;0;0;0;0;0;0;0;0;0;0;0;0;0;0;0;0;0;0;0
12.01.2024;09:57;A 64;1;4;44;1;58;1;69;1;70;1;7;3;16;3;16;1;21;1;21;1;5;0;0;0;0;0;0;0;0;0;0;0;0;1;1;0;0;0;0;0;0;0;0;0;0
12.01.2024;09:56;A 64;1;3;42;2;46;2;9;2;8;0;13;1;2;1;6;1;18;1;19;1;25;0;0;0;0;0;0;0;0;0;0;0;0;0;0;0;0;0;0;0;0;0;0;0;0
12.01.2024;09:55;A 64;1;7;49;1;68;5;33;5;34;1;44;1;1;3;11;1;0;0;0;1;1;0;0;0;0;0;0;0;0;0;0;0;0;0;0;0;0;0;0;0;0;0;0;0;0
12.01.2024;09:54;A 64;1;3;63;1;74;2;55;2;55;2;51;4;50;0;54;2;66;2;66;1;18;0;0;0;0;0;0;0;0;0;0;0;0;0;0;0;0;0;0;0;0;0;0;0;0
12.01.2024;09:53;A 64;1;3;27;1;39;1;13;1;14;2;8;3;55;1;84;1;56;1;57;2;60;0;0;0;0;1;1;0;0;0;0;0;0;0;0;0;0;0;0;0;0;0;0;0;0
12.01.2024;09:52;A 64;1;2;35;1;40;2;64;2;63;2;13;1;1;3;14;0;0;0;0;0;0;0;0;0;0;0;0;0;0;0;0;0;0;0;0;0;0;0;0;0;0;0;0;0;0
12.01.2024;09:51;A 64;1;5;43;2;55;0;0;0;0;0;0;1;6;1;7;1;0;1;0;0;0;0;0;0;0;0;0;0;0;0;0;0;0;0;0;0;0;0;0;0;0;0;0;0;0
12.01.2024;09:50;A 64;1;2;78;1;88;1;12;1;12;1;5;1;34;1;11;1;58;1;58;0;6;0;0;0;0;0;0;0;0;0;0;0;0;0;0;0;0;0;0;0;0;0;0;0;0
12.01.2024;09:49;A 64;1;1;46;0;49;0;7;0;6;0;0;1;31;1;7;1;3;1;4;1;8;0;0;0;0;0;0;0;0;0;0;0;0;0;0;0;0;0;0;0;0;0;0;0;0
12.01.2024;09:48;A 64;1;4;26;3;45;1;8;1;9;1;6;3;42;3;34;3;2;3;1;2;45;0;0;0;0;0;0;0;0;0;0;0;0;0;0;0;0;0;0;0;0;0;0;0;0
12.01.2024;09:47;A 64;1;4;31;1;40;1;59;1;59;1;6;2;25;2;8;2;32;2;32;3;6;0;0;0;0;0;0;0;0;0;0;0;0;0;0;0;0;0;0;0;0;0;0;0;0
12.01.2024;09:46;A 64;1;4;21;3;35;0;0;0;0;0;0;0;0;0;0;1;1;1;2;1;2;0;0;0;0;0;0;0;0;0;0;0;0;0;0;0;0;0;0;0;0;0;0;0;0
12.01.2024;09:45;A 64;1;0;0;1;1;0;0;0;0;0;0;2;42;2;35;3;75;3;75;2;66;0;0;0;0;0;0;0;0;0;0;0;0;0;0;0;0;1;1;0;0;0;0;0;0
12.01.2024;09:44;A 64;1;2;46;2;40;1;71;1;71;2;46;2;32;2;31;3;50;3;50;3;35;0;0;0;0;0;0;0;0;0;0;0;0;0;0;0;0;0;0;0;0;0;0;0;0
12.01.2024;09:43;A 64;1;4;31;4;24;3;20;2;32;1;23;7;53;2;65;1;67;1;67;1;5;0;0;0;0;0;0;0;0;0;0;0;0;0;0;0;0;0;0;0;0;0;0;0;0
12.01.2024;09:42;A 64;1;2;53;2;23;3;14;3;13;2;19;4;92;1;99;1;3;1;3;1;7;0;0;0;0;0;0;0;0;0;0;0;0;0;0;0;0;0;0;0;0;0;0;0;0
12.01.2024;09:41;A 64;1;1;18;1;6;1;31;1;32;2;10;4;49;3;23;0;0;0;0;0;0;0;0;0;0;0;0;0;0;0;0;0;0;0;0;0;0;0;0;0;0;0;0;0;0
12.01.2024;09:40;A 64;1;5;62;0;70;1;1;1;1;1;3;1;55;2;51;0;0;0;0;0;0;0;0;0;0;0;0;0;0;0;0;0;0;0;0;1;1;0;0;0;0;0;0;0;0
12.01.2024;09:39;A 64;1;1;12;2;23;1;2;1;1;0;2;3;57;4;27;0;0;0;0;0;0;0;0;0;0;0;0;0;0;0;0;0;0;0;0;0;0;0;0;0;0;0;0;0;0
12.01.2024;09:38;A 64;1;3;46;0;48;6;84;6;84;1;32;4;52;5;21;3;12;2;12;1;4;0;0;0;0;0;0;0;0;0;0;0;0;1;2;0;0;0;0;0;0;0;0;0;0
12.01.2024;09:37;A 64;1;2;33;2;28;2;70;4;46;1;76;0;28;0;0;1;59;1;60;1;64;0;0;0;0;0;0;0;0;0;0;0;0;0;0;0;0;0;0;0;0;0;0;0;0
12.01.2024;09:36;A 64;1;4;38;0;44;0;0;0;0;1;2;2;49;1;41;0;0;0;0;0;0;0;0;0;0;0;0;0;0;0;0;0;0;0;0;0;0;0;0;0;0;0;0;0;0
12.01.2024;09:35;A 64;1;4;52;3;54;1;43;1;3;1;5;4;34;5;22;0;0;0;0;0;0;0;0;0;0;0;0;0;0;0;0;0;0;0;0;0;0;0;0;0;0;0;0;0;0
12.01.2024;09:34;A 64;1;2;2;3;10;1;44;1;44;1;6;1;1;1;3;0;0;0;0;0;0;0;0;0;0;0;0;0;0;0;0;0;0;0;0;0;0;0;0;0;0;0;0;0;0
12.01.2024;09:33;A 64;1;4;77;0;79;1;25;1;25;0;25;4;57;4;30;0;0;0;0;0;0;0;0;0;0;0;0;0;0;0;0;0;0;0;0;0;0;0;0;0;0;0;0;0;0
12.01.2024;09:32;A 64;1;1;12;1;24;1;91;1;92;2;10;3;10;2;17;1;3;1;3;1;0;0;0;0;0;0;0;0;0;0;0;0;0;0;0;0;0;0;0;0;0;0;0;0;0
12.01.2024;09:31;A 64;1;1;10;1;10;2;69;2;69;1;66;2;18;2;30;0;0;0;0;0;0;0;0;0;0;0;0;0;0;0;0;0;0;0;0;0;0;0;0;0;0;0;0;0;0
12.01.2024;09:30;A 64;1;4;65;1;82;2;46;2;47;1;46;3;15;2;13;1;42;1;41;0;40;1;1;0;0;0;0;0;0;0;0;0;0;0;0;0;0;0;0;0;0;0;0;0;0
12.01.2024;09:29;A 64;1;1;2;1;7;1;40;1;42;2;7;1;68;1;53;1;55;1;56;1;62;0;0;0;0;0;0;0;0;0;0;0;0;0;0;0;0;0;0;0;0;0;0;0;0
12.01.2024;09:28;A 64;1;1;26;1;26;2;27;2;27;2;35;4;51;1;41;0;0;0;0;0;0;0;0;0;0;0;0;0;0;0;0;0;0;0;0;0;0;0;0;0;0;0;0;0;0
12.01.2024;09:27;A 64;1;6;15;3;33;4;51;4;10;0;98;5;23;3;31;0;0;0;0;0;0;0;0;0;0;0;0;0;0;0;0;0;0;0;0;0;0;0;0;0;0;0;0;0;0
12.01.2024;09:26;A 64;1;3;38;2;41;0;21;0;20;0;100;1;16;1;10;0;0;0;0;0;0;0;0;0;0;0;0;0;0;0;0;0;0;0;0;0;0;0;0;0;0;0;0;0;0
12.01.2024;09:25;A 64;1;4;46;3;55;1;0;1;1;0;100;4;46;0;52;0;0;0;0;0;0;0;0;0;0;0;0;0;0;0;0;0;0;0;0;0;0;0;0;0;0;0;0;0;0
12.01.2024;09:24;A 64;1;3;26;2;27;1;91;1;90;1;93;4;4;4;17;1;1;1;1;1;3;0;0;0;0;0;0;0;0;0;0;0;0;0;0;0;0;0;0;0;0;0;0;0;0
12.01.2024;09:23;A 64;1;2;58;2;72;3;41;3;41;4;27;2;40;2;9;3;6;3;6;2;11;0;0;0;0;0;0;0;0;0;0;0;0;0;0;0;0;0;0;0;0;0;0;0;0
12.01.2024;09:22;A 64;1;1;54;2;56;4;42;3;42;1;48;2;51;2;8;0;0;0;0;0;0;0;0;0;0;0;0;0;0;0;0;0;0;0;0;0;0;0;0;0;0;0;0;0;0
12.01.2024;09:21;A 64;1;5;69;0;80;3;30;3;29;1;38;4;25;1;63;0;0;0;0;0;0;0;0;0;0;0;0;0;0;0;0;0;0;0;0;0;0;0;0;0;0;0;0;0;0
12.01.2024;09:20;A 64;1;3;39;1;54;1;39;1;40;2;40;1;8;1;19;1;84;1;1;1;2;0;0;0;0;0;0;0;0;0;0;0;0;0;0;0;0;0;0;0;0;0;0;0;0
12.01.2024;09:19;A 64;1;4;6;3;17;1;41;1;40;1;4;2;38;4;41;1;28;1;28;1;4;0;0;0;0;0;0;0;0;0;0;0;0;0;0;0;0;0;0;0;0;0;0;0;0
12.01.2024;09:18;A 64;1;7;77;4;91;0;23;0;22;0;0;2;44;3;23;1;24;2;24;2;18;0;0;0;0;0;0;0;0;0;0;0;0;0;0;0;0;0;0;0;0;0;0;0;0
12.01.2024;09:17;A 64;1;3;37;2;49;2;53;2;54;2;11;6;52;2;65;1;21;1;22;1;5;0;0;0;0;0;0;0;0;0;0;0;0;0;0;1;1;0;0;0;0;0;0;0;0
12.01.2024;09:16;A 64;1;0;0;0;0;3;76;3;76;4;74;0;5;1;5;0;0;0;0;0;0;0;0;0;0;0;0;0;0;0;0;0;0;0;0;0;0;0;0;0;0;0;0;0;0
12.01.2024;09:15;A 64;1;4;37;0;41;2;46;2;6;1;53;2;51;2;7;0;0;0;0;0;0;0;0;0;0;0;0;0;0;0;0;0;0;0;0;0;0;0;0;0;0;0;0;0;0
12.01.2024;09:14;A 64;1;6;19;3;46;2;2;2;2;2;7;2;19;3;14;0;0;0;0;0;0;0;0;0;0;0;0;0;0;0;0;0;0;0;0;0;0;0;0;0;0;0;0;0;0
12.01.2024;09:13;A 64;1;2;25;3;31;4;6;4;6;0;12;3;41;3;33;0;0;0;0;0;0;0;0;0;0;0;0;0;0;0;0;0;0;0;0;0;0;0;0;0;0;0;0;0;0
12.01.2024;09:12;A 64;1;4;6;3;15;2;92;2;91;1;79;3;22;2;11;1;77;1;77;1;5;0;0;0;0;0;0;0;0;0;0;0;0;0;0;0;0;0;0;0;0;0;0;0;0
12.01.2024;09:11;A 64;1;2;5;4;29;2;9;2;9;2;34;2;52;3;56;1;20;1;20;1;24;0;0;0;0;0;0;0;0;0;0;0;0;0;0;0;0;0;0;0;0;0;0;3;5
12.01.2024;09:10;A 64;1;3;52;3;37;2;11;2;11;1;7;2;77;2;89;0;0;0;0;0;0;0;0;0;0;0;0;0;0;0;0;0;0;0;0;0;0;0;0;0;0;0;0;0;0
12.01.2024;09:09;A 64;1;3;18;3;19;2;4;2;4;1;5;0;34;0;0;1;5;1;4;1;5;0;0;0;0;0;0;0;0;0;0;0;0;0;0;0;0;0;0;0;0;0;0;0;0
12.01.2024;09:08;A 64;1;7;18;1;32;0;0;0;0;1;2;3;11;3;15;0;0;0;0;0;0;0;0;0;0;0;0;0;0;0;0;0;0;0;0;0;0;0;0;0;0;0;0;0;0
12.01.2024;09:07;A 64;1;3;30;5;37;2;13;2;11;2;8;4;49;1;60;0;0;0;0;0;0;0;0;0;0;0;0;0;0;0;0;0;0;0;0;0;0;0;0;0;0;0;0;0;0
12.01.2024;09:06;A 64;1;3;64;2;27;1;31;1;30;0;33;6;33;7;45;1;20;1;19;1;4;0;0;0;0;0;0;0;0;0;0;0;0;0;0;0;0;0;0;0;0;0;0;0;0
12.01.2024;09:05;A 64;1;5;57;2;64;3;71;3;70;2;23;4;22;4;36;2;0;2;0;0;2;0;0;0;0;0;0;0;0;0;0;0;0;0;0;0;0;0;0;0;0;0;0;0;0
12.01.2024;09:04;A 64;1;5;22;4;50;1;97;1;96;0;100;0;0;0;0;1;72;1;73;2;7;0;0;0;0;0;0;0;0;0;0;0;0;0;0;0;0;0;0;0;0;0;0;0;0
12.01.2024;09:03;A 64;1;1;65;2;13;4;48;4;48;2;40;4;67;2;75;1;23;1;9;0;25;0;0;0;0;0;0;0;0;0;0;0;0;0;0;0;0;0;0;0;0;0;0;0;0
12.01.2024;09:02;A 64;1;2;6;1;8;1;81;1;82;2;86;4;15;3;31;1;70;1;71;2;37;0;0;0;0;0;0;0;0;0;0;0;0;0;0;0;0;0;0;0;0;0;0;0;0
12.01.2024;09:01;A 64;1;3;31;5;31;0;0;0;0;0;0;6;79;0;90;0;0;0;0;0;0;0;0;0;0;0;0;0;0;0;0;0;0;0;0;0;0;2;3;0;0;0;0;0;0
12.01.2024;09:00;A 64;1;8;34;1;54;0;0;0;0;0;0;3;18;3;34;0;0;0;0;0;0;0;0;0;0;0;0;0;0;0;0;0;0;0;0;0;0;0;0;0;0;0;0;0;0
12.01.2024;08:59;A 64;1;5;6;5;20;4;76;3;76;2;52;2;47;4;60;1;2;1;2;1;4;0;0;0;0;0;0;0;0;0;0;0;0;0;0;0;0;0;0;0;0;0;0;0;0
12.01.2024;08:58;A 64;1;3;76;1;55;5;33;5;33;2;43;3;29;3;39;0;23;0;23;0;0;0;0;0;0;0;0;0;0;0;0;0;0;0;0;0;0;0;0;0;0;0;0;0;0
12.01.2024;08:57;A 64;1;4;50;1;65;3;35;3;37;2;40;2;20;3;13;4;14;3;14;2;9;0;0;0;0;0;0;0;0;0;0;0;0;0;0;0;0;0;0;0;0;0;0;0;0
12.01.2024;08:56;A 64;1;1;21;1;28;2;32;2;32;1;42;2;4;2;7;1;0;1;0;0;0;0;0;0;0;1;1;0;0;0;0;0;0;0;0;0;0;1;1;0;0;0;0;0;0
12.01.2024;08:55;A 64;1;1;13;1;20;3;61;3;61;1;30;2;42;2;13;0;0;0;0;0;0;0;0;0;0;0;0;0;0;0;0;0;0;0;0;0;0;0;0;0;0;0;0;0;0
12.01.2024;08:54;A 64;1;3;49;3;48;4;33;4;33;2;44;3;28;1;38;0;0;0;0;0;0;0;0;0;0;0;0;0;0;0;0;0;0;0;0;0;0;0;0;0;0;0;0;0;0
12.01.2024;08:53;A 64;1;6;46;2;61;2;5;1;5;1;13;3;35;2;44;0;0;0;0;0;0;0;0;0;0;0;0;0;0;0;0;0;0;0;0;0;0;0;0;0;0;0;0;0;0
12.01.2024;08:52;A 64;1;4;9;4;21;1;95;2;95;0;100;3;3;3;14;1;27;1;27;1;6;0;0;0;0;0;0;0;0;0;0;0;0;0;0;0;0;0;0;0;0;0;0;0;0
12.01.2024;08:51;A 64;1;4;25;1;36;0;56;0;55;1;2;1;2;0;2;1;58;1;57;1;3;0;0;0;0;0;0;0;0;0;0;0;0;0;0;0;0;0;0;0;0;0;0;0;0
12.01.2024;08:50;A 64;1;5;78;1;93;6;81;5;81;2;81;6;78;1;96;4;87;4;88;0;67;0;0;0;0;1;1;0;0;0;0;0;0;0;0;0;0;1;1;0;0;0;0;0;0
12.01.2024;08:49;A 64;1;0;42;0;0;5;65;5;66;7;62;2;9;3;53;1;64;1;64;2;15;0;0;0;0;0;0;0;0;0;0;0;0;0;0;0;0;0;0;0;0;0;0;1;1
12.01.2024;08:48;A 64;1;7;50;2;47;2;41;2;42;2;41;1;1;0;5;1;67;1;68;2;7;0;0;0;0;0;0;0;0;0;0;0;0;0;0;0;0;0;0;0;0;0;0;0;0
12.01.2024;08:47;A 64;1;3;64;3;62;6;69;6;68;0;80;0;0;1;0;0;0;0;0;0;0;0;0;0;0;0;0;0;0;0;0;0;0;0;0;0;0;0;0;0;0;0;0;0;0
12.01.2024;08:46;A 64;1;7;11;2;31;2;49;2;50;4;56;0;0;0;0;1;25;1;24;1;20;0;0;0;0;0;0;0;0;0;0;0;0;0;0;0;0;0;0;0;0;0;0;0;0
12.01.2024;08:45;A 64;1;5;49;3;50;3;9;3;10;0;18;6;19;5;43;1;37;1;37;1;4;0;0;0;0;0;0;0;0;0;0;0;0;0;0;0;0;0;0;0;0;0;0;0;0
12.01.2024;08:44;A 64;1;3;20;3;17;3;86;3;15;1;96;4;7;0;15;4;28;6;29;3;12;0;0;0;0;0;0;0;0;0;0;0;0;0;0;0;0;0;0;0;0;0;0;0;0
12.01.2024;08:43;A 64;1;3;4;3;13;2;61;2;61;1;7;1;57;1;66;0;0;0;0;0;0;0;0;0;0;0;0;0;0;0;0;0;0;0;0;0;0;0;0;1;1;0;0;0;0
12.01.2024;08:42;A 64;1;4;14;4;16;2;43;2;43;1;52;0;0;0;0;0;0;0;0;0;0;0;0;0;0;0;0;0;0;0;0;0;0;0;0;0;0;0;0;0;0;0;0;0;0
12.01.2024;08:41;A 64;1;8;84;0;100;2;30;2;31;3;24;10;79;1;97;2;7;2;6;1;11;0;0;0;0;0;0;0;0;0;0;0;0;0;0;0;0;0;0;0;0;0;0;0;0
12.01.2024;08:40;A 64;1;3;34;2;53;0;0;0;0;0;0;2;81;1;91;0;100;0;99;1;26;0;0;0;0;1;1;0;0;0;0;0;0;0;0;0;0;1;2;0;0;0;0;0;0
12.01.2024;08:39;A 64;1;2;62;3;72;2;62;2;61;1;35;1;28;1;8;1;14;1;15;1;4;0;0;0;0;0;0;0;0;0;0;0;0;0;0;0;0;0;0;0;0;0;0;0;0
12.01.2024;08:38;A 64;1;2;43;3;29;4;32;4;33;1;43;3;49;2;42;0;26;0;26;0;0;0;0;0;0;0;0;0;0;0;0;0;0;0;0;0;0;0;0;0;0;0;0;0;0
12.01.2024;08:37;A 64;1;4;31;3;27;2;4;3;6;1;11;2;31;3;25;1;61;1;62;1;6;0;0;0;0;0;0;0;0;0;0;0;0;0;0;0;0;0;0;0;0;0;0;0;0
12.01.2024;08:36;A 64;1;5;22;4;28;2;84;1;85;3;51;3;12;3;18;1;52;1;51;1;4;0;0;0;0;0;0;0;0;0;0;0;0;0;0;0;0;0;0;0;0;0;0;0;0
12.01.2024;08:35;A 64;1;1;58;3;27;2;62;2;62;1;67;3;32;4;27;1;3;1;3;0;0;0;0;0;0;0;0;0;0;0;0;0;0;0;0;0;0;0;0;0;0;0;0;0;0
12.01.2024;08:34;A 64;1;3;81;0;87;3;79;3;79;1;54;1;19;4;20;0;36;0;35;0;0;0;0;0;0;0;0;0;0;0;0;0;0;0;0;0;0;0;0;0;0;0;0;0;0
12.01.2024;08:33;A 64;1;4;87;0;100;1;14;1;14;1;7;13;71;1;92;2;31;2;32;1;7;0;0;0;0;0;0;0;0;0;0;0;0;0;0;0;0;0;0;0;0;0;0;0;0
12.01.2024;08:32;A 64;1;2;69;4;57;2;33;2;33;2;13;8;83;0;100;2;66;2;67;3;76;0;0;0;0;0;0;0;0;0;0;0;0;0;0;0;0;0;0;0;0;0;0;0;0
12.01.2024;08:31;A 64;1;5;47;2;45;2;72;2;2;2;6;4;74;0;100;1;33;1;33;1;5;0;0;0;0;0;0;0;0;0;0;0;0;0;0;0;0;0;0;0;0;0;0;0;0
12.01.2024;08:30;A 64;1;2;59;2;71;6;87;6;48;1;84;2;49;2;53;0;0;0;0;0;0;0;0;0;0;0;0;0;0;0;0;0;0;0;0;0;0;0;0;0;0;0;0;0;0
12.01.2024;08:29;A 64;1;0;35;0;31;1;73;1;74;1;83;2;27;2;12;3;3;3;2;1;1;0;0;0;0;0;0;0;0;0;0;0;0;0;0;0;0;0;0;0;0;1;1;0;0
12.01.2024;08:28;A 64;1;2;17;2;9;4;90;4;90;0;96;2;22;2;12;0;0;0;0;0;0;0;0;0;0;0;0;0;0;0;0;0;0;0;0;0;0;0;0;0;0;0;0;0;0
12.01.2024;08:27;A 64;1;2;3;1;15;3;20;3;20;3;35;1;48;4;46;1;1;1;1;1;3;0;0;0;0;0;0;0;0;0;0;0;0;0;0;0;0;0;0;0;0;0;0;0;0
12.01.2024;08:26;A 64;1;3;3;3;14;1;2;2;1;0;0;2;44;2;41;1;3;1;3;1;6;0;0;0;0;0;0;0;0;0;0;0;0;0;0;0;0;0;0;0;0;0;0;0;0
12.01.2024;08:25;A 64;1;5;13;2;33;1;2;1;2;0;0;6;43;1;53;0;0;0;0;0;0;0;0;0;0;0;0;0;0;0;0;0;0;0;0;0;0;0;0;0;0;0;0;0;0
12.01.2024;08:24;A 64;1;4;13;3;27;1;0;1;0;1;7;2;34;7;45;1;1;3;2;1;3;0;0;0;0;0;0;0;0;0;0;0;0;0;0;0;0;0;0;0;0;0;0;0;0
12.01.2024;08:23;A 64;1;4;56;4;69;0;0;0;0;0;0;4;10;4;32;1;63;1;64;0;6;0;0;0;0;0;0;0;0;0;0;0;0;0;0;0;0;0;0;0;0;0;0;0;0
12.01.2024;08:22;A 64;1;2;55;2;41;0;18;0;17;1;16;2;16;2;51;1;1;1;0;1;13;0;0;0;0;0;0;0;0;0;0;0;0;0;0;0;0;0;0;0;0;0;0;0;0
12.01.2024;08:21;A 64;1;8;73;2;87;1;2;1;3;1;10;3;20;2;39;1;2;1;3;1;5;0;0;0;0;0;0;0;0;0;0;0;0;0;0;0;0;0;0;0;0;0;0;0;0
12.01.2024;08:20;A 64;1;5;25;1;36;0;0;0;0;0;0;1;53;2;65;0;0;0;0;0;0;0;0;0;0;0;0;0;0;0;0;0;0;0;0;0;0;0;0;0;0;0;0;0;0
12.01.2024;08:19;A 64;1;4;56;4;47;0;0;0;0;0;0;0;0;0;0;0;0;0;0;0;0;0;0;0;0;3;5;0;0;0;0;0;0;0;0;0;0;0;0;0;0;0;0;0;0
12.01.2024;08:18;A 64;1;4;51;2;70;1;24;1;23;1;7;3;49;1;61;0;22;0;21;0;0;0;0;0;0;0;0;0;0;0;0;0;0;0;0;0;0;0;0;0;0;0;0;0;0
12.01.2024;08:17;A 64;1;1;22;1;4;1;3;1;4;1;8;2;15;0;23;1;40;1;40;1;3;0;0;0;0;0;0;0;0;0;0;0;0;0;0;0;0;0;0;0;0;0;0;0;0
12.01.2024;08:16;A 64;1;6;47;3;33;2;62;2;62;2;51;3;5;2;19;1;90;1;89;2;7;0;0;0;0;0;0;0;0;0;0;0;0;0;0;0;0;0;0;0;0;0;0;0;0
12.01.2024;08:15;A 64;1;1;44;3;45;1;47;1;3;1;7;5;43;5;41;2;52;2;53;2;8;0;0;0;0;0;0;0;0;0;0;0;0;0;0;0;0;0;0;0;0;0;0;0;0
12.01.2024;08:14;A 64;1;4;8;3;30;4;34;4;34;0;40;2;26;2;28;0;0;0;0;0;0;0;0;0;0;0;0;0;0;0;0;0;0;0;0;0;0;0;0;0;0;0;0;0;0
12.01.2024;08:13;A 64;1;2;34;2;52;2;71;2;72;3;67;2;2;2;18;0;0;0;0;0;0;0;0;0;0;0;0;0;0;0;0;0;0;0;0;0;0;0;0;1;1;0;0;0;0
12.01.2024;08:12;A 64;1;8;36;2;63;4;87;3;89;3;66;0;3;0;0;0;0;0;0;0;0;0;0;0;0;0;0;0;0;0;0;0;0;0;0;0;0;0;0;0;0;0;0;0;0
12.01.2024;08:11;A 64;1;1;77;6;32;1;28;1;29;1;29;3;53;2;83;0;0;0;0;0;0;0;0;0;0;0;0;0;0;0;0;0;0;0;0;0;0;0;0;0;0;0;0;0;0
12.01.2024;08:10;A 64;1;2;51;5;33;1;2;1;2;2;8;0;0;3;23;1;91;1;90;1;38;0;0;0;0;0;0;0;0;0;0;0;0;0;0;0;0;0;0;0;0;0;0;0;0
12.01.2024;08:09;A 64;1;5;4;3;26;0;0;0;0;0;0;4;33;2;40;1;89;1;89;1;2;0;0;0;0;0;0;0;0;0;0;0;0;0;0;0;0;0;0;0;0;0;0;0;0
12.01.2024;08:08;A 64;1;5;4;3;24;1;60;1;60;1;63;5;16;5;38;0;0;0;0;0;0;0;0;0;0;0;0;0;0;0;0;0;0;0;0;0;0;0;0;0;0;0;0;0;0
12.01.2024;08:07;A 64;1;1;12;1;6;5;59;5;59;0;68;2;52;1;66;0;0;0;0;0;0;0;0;0;0;0;0;0;0;0;0;0;0;0;0;0;0;0;0;0;0;0;0;0;0
12.01.2024;08:06;A 64;1;0;0;0;0;4;29;4;29;1;44;5;54;1;73;0;22;0;21;0;0;0;0;0;0;0;0;0;0;0;0;0;0;0;0;0;0;0;0;0;0;0;0;0;0
12.01.2024;08:05;A 64;1;2;15;2;10;1;61;1;67;3;62;5;26;1;39;1;93;1;94;2;2;0;0;0;0;0;0;0;0;0;0;0;0;0;0;0;0;0;0;0;0;0;0;0;0
12.01.2024;08:04;A 64;1;3;17;3;21;1;46;1;45;2;10;4;21;2;42;0;0;0;0;0;0;0;0;0;0;1;1;0;0;0;0;0;0;0;0;0;0;0;0;0;0;0;0;0;0
12.01.2024;08:03;A 64;1;3;10;3;13;3;63;3;62;0;64;2;5;3;13;0;55;0;54;0;0;0;0;0;0;0;0;0;0;0;0;0;0;0;0;0;0;0;0;0;0;0;0;0;0
12.01.2024;08:02;A 64;1;3;80;2;97;1;33;1;34;2;32;6;66;2;58;1;31;1;32;0;0;0;0;0;0;0;0;0;0;0;0;0;0;0;0;0;0;0;0;0;0;0;0;0;0
12.01.2024;08:01;A 64;1;3;82;6;94;0;0;0;0;0;0;2;37;1;53;0;0;0;0;0;0;0;0;0;0;0;0;0;0;0;0;0;0;0;0;0;0;0;0;0;0;0;0;0;0
12.01.2024;08:00;A 64;1;2;78;1;88;2;53;2;53;1;22;0;0;0;0;2;36;2;37;2;6;0;0;0;0;0;0;0;0;0;0;0;0;0;0;0;0;0;0;0;0;0;0;0;0
12.01.2024;07:59;A 64;1;1;0;2;6;0;55;0;54;1;3;4;36;4;29;0;55;0;55;0;0;0;0;0;0;0;0;0;0;0;0;0;0;0;0;0;0;0;0;0;0;0;0;0;0
12.01.2024;07:58;A 64;1;0;63;1;66;2;73;2;72;1;31;5;21;3;52;3;40;3;41;2;7;0;0;0;0;0;0;0;0;0;0;0;0;1;1;0;0;1;1;0;0;0;0;0;0
12.01.2024;07:57;A 64;1;3;29;2;45;1;65;1;66;1;76;4;16;3;22;1;59;1;60;1;5;0;0;0;0;0;0;0;0;0;0;0;0;0;0;0;0;0;0;0;0;0;0;0;0
12.01.2024;07:56;A 64;1;3;31;5;57;1;78;1;78;0;10;1;1;1;5;0;0;0;0;0;0;0;0;0;0;0;0;0;0;0;0;0;0;0;0;0;0;0;0;0;0;0;0;0;0
12.01.2024;07:55;A 64;1;2;19;2;24;0;0;0;0;1;0;5;24;4;37;0;0;0;0;0;0;0;0;0;0;0;0;0;0;0;0;0;0;0;0;0;0;0;0;0;0;0;0;0;0
12.01.2024;07:54;A 64;1;2;51;1;57;3;27;3;26;1;30;1;0;1;5;4;16;4;17;1;4;0;0;0;0;1;1;0;0;0;0;0;0;0;0;0;0;1;1;0;0;0;0;0;0
12.01.2024;07:53;A 64;1;3;29;2;44;1;53;1;54;1;6;5;36;2;50;0;0;0;0;0;0;0;0;0;0;0;0;0;0;0;0;0;0;0;0;0;0;0;0;0;0;0;0;0;0
12.01.2024;07:52;A 64;1;3;25;1;46;2;85;2;82;1;46;2;83;1;88;1;66;1;66;1;3;0;0;0;0;0;0;0;0;0;0;0;0;0;0;0;0;0;0;0;0;0;0;0;0
12.01.2024;07:51;A 64;1;0;0;1;5;2;26;2;25;3;18;2;15;5;33;1;3;1;3;0;0;0;0;0;0;0;0;0;0;0;0;0;0;0;0;0;0;1;2;0;0;0;0;0;0
12.01.2024;07:50;A 64;1;4;57;2;58;6;43;6;43;1;54;2;29;3;60;0;0;0;0;0;0;0;0;0;0;0;0;0;0;0;0;0;0;0;0;0;0;0;0;0;0;0;0;0;0
12.01.2024;07:49;A 64;1;6;10;5;38;1;83;1;83;3;47;4;10;5;31;1;0;1;1;0;0;0;0;0;0;0;0;0;0;0;0;0;0;0;0;0;0;0;0;0;0;0;0;0;0
12.01.2024;07:48;A 64;1;4;3;0;12;2;89;2;90;2;78;2;2;3;11;0;0;0;0;0;0;0;0;0;0;0;0;0;0;0;0;0;0;0;0;0;0;1;1;0;0;0;0;0;0
12.01.2024;07:47;A 64;1;2;59;3;22;0;56;0;55;0;0;1;22;2;16;0;0;0;0;0;0;0;0;0;0;0;0;0;0;0;0;0;0;0;0;0;0;0;0;0;0;0;0;0;0
12.01.2024;07:46;A 64;1;7;68;1;83;4;38;4;39;3;48;4;31;4;48;2;1;2;1;0;0;0;0;0;0;0;0;0;0;0;0;0;0;0;0;0;0;0;0;0;0;0;0;0;0
12.01.2024;07:45;A 64;1;1;36;3;51;1;50;1;51;2;44;2;50;3;48;0;0;0;0;0;0;0;0;0;0;0;0;0;0;0;0;1;1;0;0;0;0;0;0;0;0;0;0;0;0
12.01.2024;07:44;A 64;1;1;32;2;45;2;90;2;90;2;60;2;33;4;66;0;0;0;0;0;0;0;0;0;0;0;0;0;0;0;0;0;0;0;0;0;0;0;0;0;0;0;0;0;0
12.01.2024;07:43;A 64;1;1;1;1;6;6;17;5;27;5;31;0;0;0;0;1;58;0;57;0;0;0;0;0;0;0;0;0;0;0;0;0;0;0;0;0;0;0;0;0;0;0;0;0;0
12.01.2024;07:42;A 64;1;1;55;0;2;1;28;1;27;0;27;2;33;3;21;2;55;2;55;2;6;0;0;0;0;0;0;0;0;0;0;0;0;0;0;0;0;0;0;0;0;0;0;0;0
12.01.2024;07:41;A 64;1;4;27;2;37;1;91;1;92;1;98;2;26;0;27;1;95;1;96;1;3;0;0;0;0;0;0;0;0;0;0;0;0;0;0;0;0;0;0;0;0;0;0;0;0
12.01.2024;07:40;A 64;1;5;81;0;100;6;58;6;63;3;76;1;4;2;10;1;26;1;27;3;27;0;0;0;0;0;0;0;0;0;0;0;0;0;0;0;0;0;0;0;0;0;0;0;0
12.01.2024;07:39;A 64;1;0;0;1;8;2;58;2;57;1;52;3;2;1;16;0;55;0;54;0;0;0;0;0;0;0;0;0;0;0;0;0;0;0;0;0;0;0;0;0;0;0;0;0;0
12.01.2024;07:38;A 64;1;3;14;3;66;2;81;2;80;2;25;4;34;5;53;1;69;1;69;1;7;0;0;0;0;0;0;0;0;0;0;0;0;0;0;0;0;0;0;0;0;0;0;0;0
12.01.2024;07:24;A 64;1;1;29;1;37;4;86;5;68;2;84;3;13;3;18;2;17;2;17;1;17;0;0;0;0;0;0;0;0;0;0;0;0;0;0;0;0;0;0;0;0;0;0;0;0
12.01.2024;07:23;A 64;1;1;54;1;8;0;0;0;0;0;0;5;54;1;81;1;4;1;4;0;0;0;0;0;0;0;0;0;0;0;0;0;0;0;0;0;0;0;0;0;0;0;0;0;0
12.01.2024;07:22;A 64;1;1;55;1;43;0;14;0;13;0;0;3;60;1;85;0;18;0;18;0;0;0;0;0;0;0;0;0;0;0;0;0;0;0;0;0;0;0;0;0;0;0;0;0;0
12.01.2024;07:21;A 64;1;5;54;4;67;2;55;2;54;2;11;5;85;2;94;2;24;2;25;3;7;0;0;0;0;0;0;0;0;0;0;0;0;0;0;0;0;0;0;0;0;0;0;0;0
12.01.2024;07:20;A 64;1;1;11;2;17;1;78;1;79;1;9;4;23;3;40;0;0;0;0;0;0;0;0;0;0;0;0;0;0;0;0;0;0;0;0;0;0;0;0;0;0;0;0;0;0
12.01.2024;07:19;A 64;1;2;25;1;13;2;2;2;2;3;9;2;61;2;72;0;0;0;0;0;0;0;0;0;0;0;0;0;0;0;0;0;0;0;0;0;0;0;0;0;0;0;0;0;0
12.01.2024;07:18;A 64;1;1;0;2;5;3;5;3;5;1;16;1;38;2;23;0;0;0;0;0;0;0;0;0;0;0;0;0;0;0;0;0;0;0;0;0;0;0;0;0;0;0;0;0;0
12.01.2024;07:17;A 64;1;2;27;1;13;0;0;0;0;0;0;1;14;1;6;0;0;0;0;0;0;0;0;0;0;0;0;0;0;0;0;0;0;0;0;0;0;0;0;0;0;0;0;0;0
12.01.2024;07:16;A 64;1;2;23;2;18;0;0;0;0;0;0;2;15;2;16;0;0;0;0;0;0;0;0;0;0;0;0;0;0;0;0;0;0;0;0;0;0;0;0;0;0;0;0;0;0
12.01.2024;07:15;A 64;1;1;38;3;33;3;69;6;21;1;57;2;1;1;5;1;59;1;59;0;1;0;0;0;0;0;0;0;0;0;0;0;0;0;0;0;0;0;0;0;0;0;0;0;0
12.01.2024;07:14;A 64;1;1;35;0;0;2;41;2;27;1;29;3;36;3;64;0;21;0;21;1;0;0;0;0;0;1;1;0;0;0;0;0;0;0;0;0;0;1;1;0;0;0;0;0;0
12.01.2024;07:13;A 64;1;2;34;2;15;3;23;3;24;3;42;4;10;3;25;1;71;1;71;1;1;0;0;0;0;0;0;0;0;0;0;0;0;0;0;0;0;0;0;0;0;0;0;0;0
12.01.2024;07:12;A 64;1;6;62;1;67;1;1;1;1;1;6;0;52;0;49;1;15;1;14;1;2;0;0;0;0;0;0;0;0;0;0;0;0;0;0;0;0;0;0;0;0;0;0;0;0
12.01.2024;07:11;A 64;1;3;39;2;50;0;0;0;0;0;0;5;29;1;74;1;2;1;3;1;4;0;0;0;0;0;0;0;0;0;0;0;0;0;0;0;0;0;0;0;0;0;0;0;0
12.01.2024;07:10;A 64;1;1;90;2;64;5;29;5;28;1;45;1;44;2;9;2;8;2;8;3;10;0;0;0;0;0;0;0;0;0;0;0;0;0;0;0;0;0;0;0;0;0;0;0;0
12.01.2024;07:09;A 64;1;3;32;3;49;8;77;7;78;1;93;1;23;2;37;0;0;0;0;0;0;0;0;0;0;1;1;0;0;0;0;0;0;0;0;0;0;0;0;0;0;0;0;0;0
12.01.2024;07:08;A 64;1;3;8;1;25;4;7;4;76;1;74;0;0;0;0;0;0;0;0;0;0;0;0;0;0;1;1;0;0;0;0;0;0;0;0;0;0;1;2;0;0;0;0;0;0
12.01.2024;07:07;A 64;1;2;1;2;11;3;62;3;62;1;67;0;0;0;0;2;44;2;45;3;53;0;0;0;0;0;0;0;0;0;0;0;0;0;0;0;0;0;0;0;0;0;0;0;0
12.01.2024;07:06;A 64;1;0;0;0;0;3;76;3;76;2;58;3;38;2;22;0;24;0;23;0;0;0;0;0;0;0;0;0;0;0;0;0;0;0;0;0;0;0;0;0;0;0;0;0;0
12.01.2024;07:05;A 64;1;2;1;2;10;1;73;1;74;3;49;1;0;1;6;1;58;2;59;2;4;0;0;0;0;0;0;0;0;0;0;0;0;0;0;0;0;0;0;0;0;0;0;0;0
12.01.2024;07:04;A 64;1;3;2;3;16;0;88;0;87;0;0;2;1;1;7;0;0;0;0;0;0;0;0;0;0;0;0;0;0;0;0;0;0;0;0;0;0;0;0;0;0;0;0;0;0
12.01.2024;07:03;A 64;1;1;63;2;57;2;36;2;36;4;15;3;49;3;72;2;47;2;47;2;6;0;0;0;0;0;0;0;0;0;0;0;0;0;0;0;0;0;0;0;0;0;0;0;0
12.01.2024;07:02;A 64;1;2;38;3;14;1;0;1;0;1;3;2;1;2;9;1;1;1;1;1;0;0;0;0;0;0;0;0;0;0;0;0;0;0;0;0;0;0;0;0;0;0;0;0;0
12.01.2024;07:01;A 64;1;0;0;0;0;5;29;7;24;0;38;1;35;2;10;2;7;2;6;0;10;0;0;0;0;0;0;0;0;0;0;0;0;0;0;0;0;0;0;0;0;0;0;0;0
12.01.2024;07:00;A 64;1;1;12;1;18;1;97;1;98;1;89;4;29;2;62;1;80;1;80;4;34;0;0;0;0;0;0;0;0;0;0;0;0;0;0;0;0;0;0;0;0;0;0;0;0
12.01.2024;06:59;A 64;1;0;0;0;0;2;60;2;53;1;66;0;0;0;0;0;0;0;0;0;0;0;0;0;0;1;1;0;0;0;0;0;0;0;0;0;0;0;0;0;0;0;0;0;0
12.01.2024;06:58;A 64;1;3;54;2;67;2;49;2;49;4;40;1;40;0;3;0;20;0;20;0;0;0;0;0;0;0;0;0;0;0;0;0;0;0;0;0;0;0;0;0;0;0;0;0;0
12.01.2024;06:57;A 64;1;0;34;0;0;3;45;1;46;1;10;2;10;3;22;1;25;1;26;1;6;0;0;0;0;0;0;0;0;0;0;0;0;0;0;0;0;0;0;0;0;0;0;0;0
12.01.2024;06:56;A 64;1;4;13;3;20;50;41;2;51;7;52;3;10;3;17;0;0;0;0;0;0;0;0;0;0;0;0;0;0;0;0;0;0;0;0;0;0;0;0;0;0;0;0;0;0
12.01.2024;06:55;A 64;1;0;0;0;0;4;39;4;40;3;56;1;56;2;21;0;0;0;0;0;0;0;0;0;0;0;0;0;0;0;0;0;0;0;0;0;0;0;0;0;0;0;0;0;0
12.01.2024;06:54;A 64;1;2;45;2;13;1;23;1;22;1;6;0;0;0;0;4;6;3;7;0;26;0;0;0;0;0;0;0;0;0;0;0;0;0;0;0;0;0;0;0;0;1;1;0;0
12.01.2024;06:53;A 64;1;0;36;0;0;4;42;4;42;1;17;2;40;0;44;0;0;0;0;1;6;0;0;0;0;0;0;0;0;0;0;0;0;0;0;0;0;0;0;0;0;0;0;0;0
12.01.2024;06:52;A 64;1;1;21;1;7;3;92;3;78;1;95;1;11;2;9;0;0;0;0;0;0;0;0;0;0;0;0;0;0;0;0;0;0;0;0;0;0;0;0;0;0;0;0;0;0
12.01.2024;06:51;A 64;1;3;3;2;16;3;66;3;64;3;48;2;8;3;17;0;0;0;0;0;0;0;0;0;0;0;0;0;0;0;0;0;0;0;0;0;0;0;0;0;0;0;0;0;0
12.01.2024;06:50;A 64;1;1;78;1;77;4;67;3;69;1;71;2;12;1;76;1;43;1;42;1;32;0;0;0;0;0;0;0;0;0;0;0;0;0;0;0;0;0;0;0;0;0;0;0;0
12.01.2024;06:49;A 64;1;1;27;2;18;1;82;2;23;2;30;0;0;0;0;1;12;1;13;0;0;0;0;0;0;0;0;0;0;0;0;0;0;0;0;0;0;0;0;0;0;0;0;0;0
12.01.2024;06:48;A 64;1;2;36;2;17;2;44;2;44;4;20;2;2;0;7;1;82;1;82;0;4;0;0;0;0;0;0;0;0;0;0;0;0;0;0;0;0;0;0;0;0;0;0;0;0
12.01.2024;06:47;A 64;1;1;0;1;8;3;62;3;62;0;67;1;60;3;57;0;0;0;0;1;0;0;0;0;0;0;0;0;0;0;0;0;0;0;0;0;0;0;0;0;0;0;0;0;0
12.01.2024;06:46;A 64;1;1;53;3;19;2;82;2;81;4;74;1;20;1;10;0;28;0;28;0;0;0;0;0;0;0;0;0;0;0;0;0;0;0;0;0;0;0;0;0;0;0;0;0;0
12.01.2024;06:45;A 64;1;0;28;1;26;1;1;1;2;1;7;4;3;3;25;1;87;1;88;1;5;0;0;0;0;0;0;0;0;0;0;0;0;0;0;0;0;0;0;0;0;0;0;0;0
12.01.2024;06:44;A 64;1;1;35;1;9;3;68;3;69;3;17;0;0;0;0;0;0;0;0;0;0;0;0;0;0;0;0;0;0;0;0;0;0;0;0;0;0;0;0;0;0;0;0;0;0
12.01.2024;06:43;A 64;1;2;58;2;63;2;3;2;3;1;14;3;30;3;19;0;0;0;0;0;0;0;0;0;0;0;0;0;0;0;0;0;0;0;0;0;0;0;0;0;0;0;0;0;0
12.01.2024;06:42;A 64;1;2;69;2;62;0;6;0;4;0;0;1;8;1;12;2;13;2;13;1;16;0;0;0;0;0;0;0;0;0;0;0;0;0;0;0;0;0;0;0;0;0;0;0;0
12.01.2024;06:41;A 64;1;3;26;1;22;1;74;1;75;1;9;0;0;0;0;0;100;0;100;1;54;0;0;0;0;0;0;0;0;0;0;0;0;0;0;0;0;0;0;0;0;0;0;0;0
12.01.2024;06:40;A 64;1;2;72;3;83;2;39;2;40;1;9;0;5;0;1;2;5;2;6;2;3;0;0;0;0;0;0;0;0;0;0;0;0;0;0;0;0;0;0;0;0;0;0;0;0
12.01.2024;06:39;A 64;1;2;36;2;15;3;68;2;69;0;71;1;26;2;19;1;0;1;0;1;0;0;0;0;0;0;0;0;0;0;0;0;0;0;0;0;0;0;0;0;0;0;0;0;0
12.01.2024;06:38;A 64;1;0;0;1;2;3;77;4;72;4;49;6;17;1;83;0;0;0;0;0;0;0;0;0;0;0;0;0;0;0;0;0;0;0;0;0;0;0;0;0;0;0;0;0;0
12.01.2024;06:37;A 64;1;2;25;2;27;1;66;1;66;2;10;2;2;2;14;0;0;0;0;0;0;0;0;0;0;0;0;0;0;0;0;0;0;0;0;0;0;0;0;0;0;0;0;0;0
12.01.2024;06:36;A 64;1;2;30;3;14;3;8;3;50;2;31;0;0;0;0;0;0;0;0;0;0;0;0;0;0;0;0;0;0;0;0;0;0;0;0;0;0;0;0;0;0;0;0;0;0
12.01.2024;06:35;A 64;1;3;53;3;52;3;61;3;60;1;60;1;0;1;8;0;0;0;0;0;0;0;0;0;0;0;0;0;0;0;0;0;0;0;0;0;0;0;0;0;0;0;0;0;0
12.01.2024;06:34;A 64;1;3;2;2;12;1;49;1;50;2;16;2;1;1;5;0;0;0;0;0;0;0;0;0;0;0;0;0;0;0;0;0;0;0;0;0;0;0;0;0;0;0;0;0;0
12.01.2024;06:33;A 64;1;0;0;0;0;6;46;6;45;2;58;0;0;1;6;1;2;1;2;0;0;0;0;0;0;0;0;0;0;0;0;0;0;0;0;0;0;0;0;0;0;0;0;0;0
12.01.2024;06:32;A 64;1;3;24;3;29;2;58;2;59;3;65;2;64;0;95;0;0;0;0;0;0;0;0;0;0;0;0;0;0;0;0;0;0;0;0;1;1;0;0;0;0;0;0;0;0
12.01.2024;06:31;A 64;1;0;57;0;0;2;34;2;35;2;17;1;23;1;48;1;1;1;0;0;0;0;0;0;0;0;0;0;0;0;0;0;0;0;0;0;0;0;0;0;0;0;0;0;0
12.01.2024;06:30;A 64;1;2;24;3;26;0;0;0;0;0;0;1;2;1;9;0;0;0;0;0;0;0;0;0;0;0;0;0;0;0;0;0;0;0;0;0;0;0;0;0;0;0;0;0;0
12.01.2024;06:29;A 64;1;1;3;1;7;0;0;0;0;0;0;0;0;0;0;2;60;2;60;3;36;0;0;0;0;0;0;0;0;0;0;0;0;0;0;0;0;1;1;0;0;0;0;0;0
12.01.2024;06:28;A 64;1;0;0;0;0;0;0;0;0;0;0;2;19;2;18;0;0;0;0;0;0;0;0;0;0;0;0;0;0;0;0;0;0;0;0;0;0;0;0;0;0;0;0;0;0
12.01.2024;06:27;A 64;1;1;0;1;6;1;0;1;0;0;0;2;26;1;38;0;0;0;0;0;0;0;0;0;0;0;0;0;0;0;0;0;0;0;0;0;0;0;0;0;0;0;0;0;0
12.01.2024;06:26;A 64;1;0;0;0;0;2;75;2;74;2;18;1;0;2;31;0;0;0;0;0;0;0;0;0;0;0;0;0;0;0;0;0;0;0;0;0;0;0;0;0;0;0;0;0;0
12.01.2024;06:25;A 64;1;1;0;1;4;1;1;1;1;1;5;0;0;0;0;0;0;0;0;0;0;0;0;0;0;0;0;0;0;0;0;0;0;0;0;0;0;0;0;0;0;0;0;0;0
12.01.2024;06:24;A 64;1;1;3;1;7;2;61;2;61;1;5;2;1;1;8;0;0;0;0;0;0;0;0;0;0;0;0;0;0;0;0;0;0;0;0;0;0;0;0;0;0;0;0;0;0
12.01.2024;06:23;A 64;1;0;0;0;0;2;3;2;3;3;11;1;8;1;13;0;0;0;0;0;0;0;0;0;0;0;0;0;0;0;0;0;0;0;0;0;0;0;0;0;0;0;0;0;0
12.01.2024;06:22;A 64;1;0;0;0;0;0;0;0;0;0;0;0;30;0;0;0;0;0;0;0;0;0;0;0;0;0;0;0;0;0;0;0;0;0;0;0;0;0;0;0;0;0;0;0;0
12.01.2024;06:21;A 64;1;0;0;4;6;2;68;2;67;3;22;4;10;3;27;0;0;0;0;0;0;0;0;0;0;0;0;0;0;0;0;0;0;0;0;0;0;0;0;0;0;0;0;0;0
12.01.2024;06:20;A 64;1;2;62;2;26;2;47;2;48;2;49;3;31;3;60;0;0;0;0;0;0;0;0;0;0;0;0;0;0;0;0;0;0;0;0;0;0;0;0;0;0;0;0;0;0
12.01.2024;06:19;A 64;1;0;0;0;0;0;0;0;0;1;0;0;0;1;3;0;0;0;0;0;0;0;0;0;0;0;0;0;0;0;0;0;0;0;0;0;0;0;0;0;0;0;0;0;0
12.01.2024;06:18;A 64;1;3;1;1;9;1;73;1;72;1;7;2;2;1;10;0;0;0;0;0;0;0;0;0;0;0;0;0;0;0;0;0;0;0;0;0;0;0;0;0;0;0;0;0;0
12.01.2024;06:17;A 64;1;0;0;0;0;1;75;1;75;1;10;0;27;0;0;1;45;1;45;0;0;0;0;0;0;0;0;0;0;0;0;0;0;0;0;0;0;0;0;0;0;0;0;0;0
12.01.2024;06:16;A 64;1;1;0;1;7;1;1;1;1;1;5;1;0;1;7;0;0;0;0;0;0;0;0;0;0;0;0;0;0;0;0;0;0;0;0;0;0;0;0;0;0;0;0;0;0
12.01.2024;06:15;A 64;1;1;1;2;15;0;0;0;0;0;0;0;0;1;5;0;0;0;0;0;0;0;0;0;0;0;0;0;0;0;0;0;0;0;0;0;0;0;0;0;0;0;0;0;0
12.01.2024;06:14;A 64;1;1;5;1;6;0;0;0;0;0;0;2;30;2;14;0;0;0;0;0;0;0;0;0;0;0;0;0;0;0;0;0;0;0;0;0;0;0;0;0;0;0;0;0;0
12.01.2024;06:13;A 64;1;0;0;0;0;1;1;1;1;2;2;2;49;2;18;1;31;1;31;2;5;0;0;0;0;0;0;0;0;0;0;0;0;0;0;0;0;0;0;0;0;0;0;0;0
12.01.2024;06:12;A 64;1;0;0;0;0;1;53;1;53;1;8;0;0;2;11;1;6;1;6;1;4;0;0;0;0;0;0;0;0;0;0;0;0;0;0;0;0;0;0;0;0;0;0;0;0
12.01.2024;06:11;A 64;1;0;0;0;0;4;42;4;41;2;19;1;0;1;6;0;66;0;65;1;62;0;0;0;0;0;0;0;0;0;0;0;0;0;0;0;0;0;0;0;0;0;0;0;0
12.01.2024;06:10;A 64;1;2;67;3;51;1;1;1;1;1;6;2;39;3;53;1;20;1;21;2;26;0;0;0;0;0;0;0;0;0;0;0;0;0;0;0;0;0;0;0;0;0;0;0;0
12.01.2024;06:09;A 64;1;2;40;1;27;0;0;0;0;0;0;1;0;1;4;0;0;0;0;0;0;0;0;0;0;0;0;0;0;0;0;0;0;0;0;0;0;0;0;0;0;0;0;0;0
12.01.2024;06:08;A 64;1;2;28;5;29;1;44;1;44;1;8;1;0;1;7;0;0;0;0;0;0;0;0;0;0;0;0;0;0;0;0;0;0;0;0;0;0;0;0;0;0;0;0;0;0
12.01.2024;06:07;A 64;1;0;0;1;4;1;2;1;2;0;0;1;24;0;3;0;0;0;0;0;0;0;0;0;0;0;0;0;0;0;0;0;0;0;0;0;0;0;0;0;0;0;0;0;0
12.01.2024;06:06;A 64;1;2;1;2;10;1;66;1;66;3;75;0;0;1;5;0;0;0;0;0;0;0;0;0;0;0;0;0;0;0;0;0;0;0;0;0;0;0;0;0;0;0;0;0;0
12.01.2024;06:05;A 64;1;2;1;2;11;0;0;0;0;0;0;1;1;1;6;0;0;0;0;0;0;0;0;0;0;0;0;0;0;0;0;0;0;0;0;0;0;0;0;0;0;0;0;0;0
12.01.2024;06:04;A 64;1;1;16;2;7;2;12;2;5;1;12;1;14;0;32;1;2;1;2;0;0;0;0;0;0;0;0;0;0;0;0;0;0;0;0;0;0;0;0;0;0;0;0;0;0
12.01.2024;06:03;A 64;1;0;36;0;32;2;42;2;41;1;52;0;0;1;13;0;0;0;0;0;0;0;0;0;0;0;0;0;0;0;0;0;0;0;0;0;0;0;0;0;0;0;0;0;0
12.01.2024;06:02;A 64;1;3;1;4;22;1;2;1;2;2;9;0;0;0;0;0;0;0;0;0;0;0;0;0;0;0;0;0;0;0;0;0;0;0;0;0;0;0;0;0;0;0;0;0;0
12.01.2024;06:01;A 64;1;0;35;0;0;4;6;4;6;2;17;0;0;0;0;0;0;0;0;0;0;0;0;0;0;0;0;0;0;0;0;0;0;0;0;0;0;0;0;0;0;0;0;0;0
12.01.2024;06:00;A 64;1;3;20;4;33;0;0;0;0;1;7;1;36;3;55;0;0;0;0;0;0;0;0;0;0;0;0;0;0;0;0;0;0;0;0;0;0;0;0;0;0;0;0;0;0
12.01.2024;05:59;A 64;1;0;8;0;0;0;0;0;0;0;0;1;28;1;10;1;2;1;2;2;5;0;0;0;0;0;0;0;0;0;0;0;0;0;0;0;0;0;0;0;0;0;0;0;0
12.01.2024;05:58;A 64;1;2;43;2;17;0;0;0;0;0;0;0;0;0;0;0;0;0;0;0;0;0;0;0;0;0;0;0;0;0;0;0;0;0;0;0;0;0;0;0;0;0;0;0;0
12.01.2024;05:57;A 64;1;1;1;1;8;3;40;2;40;2;14;0;0;0;0;0;0;0;0;0;0;0;0;0;0;0;0;0;0;0;0;0;0;0;0;0;0;0;0;0;0;0;0;0;0
12.01.2024;05:56;A 64;1;0;0;0;0;3;33;3;32;0;36;1;50;1;8;1;4;1;4;1;1;0;0;0;0;0;0;0;0;0;0;0;0;0;0;0;0;0;0;0;0;0;0;0;0
12.01.2024;05:55;A 64;1;0;0;0;0;2;0;1;2;1;13;2;57;3;23;2;25;2;25;2;6;0;0;0;0;0;0;0;0;0;0;0;0;0;0;0;0;0;0;0;0;0;0;0;0
12.01.2024;05:54;A 64;1;2;1;2;12;0;0;0;0;0;0;1;45;2;14;0;0;0;0;0;0;0;0;0;0;0;0;0;0;0;0;0;0;0;0;0;0;0;0;0;0;0;0;0;0
12.01.2024;05:53;A 64;1;0;21;0;0;0;0;0;0;0;0;0;0;0;0;0;0;0;0;0;0;0;0;0;0;0;0;0;0;0;0;0;0;0;0;0;0;0;0;0;0;0;0;0;0
12.01.2024;05:52;A 64;1;1;17;1;7;2;42;2;40;2;14;0;0;0;0;0;0;0;0;0;0;0;0;0;0;0;0;0;0;0;0;0;0;0;0;0;0;0;0;0;0;0;0;0;0
12.01.2024;05:51;A 64;1;0;0;1;2;1;28;1;29;2;7;0;0;0;0;0;0;0;0;0;0;0;0;0;0;0;0;0;0;0;0;0;0;0;0;0;0;0;0;0;0;0;0;0;0
12.01.2024;05:50;A 64;1;0;0;0;0;1;1;1;1;1;8;1;28;1;9;0;0;0;0;0;0;0;0;0;0;0;0;0;0;0;0;0;0;0;0;0;0;0;0;0;0;0;0;0;0
12.01.2024;05:49;A 64;1;0;8;0;0;0;0;0;0;0;0;1;0;1;6;0;0;0;0;0;0;0;0;0;0;0;0;0;0;0;0;0;0;0;0;0;0;0;0;0;0;0;0;0;0
12.01.2024;05:48;A 64;1;1;48;2;15;1;18;1;17;1;7;0;0;0;0;0;0;0;0;0;0;0;0;0;0;0;0;0;0;0;0;0;0;0;0;0;0;0;0;0;0;0;0;0;0
12.01.2024;05:47;A 64;1;0;25;2;16;0;0;0;0;0;0;0;61;0;48;1;27;1;26;1;5;0;0;0;0;0;0;0;0;0;0;0;0;0;0;0;0;0;0;0;0;0;0;0;0
12.01.2024;05:46;A 64;1;2;42;2;35;2;94;2;5;1;7;1;39;1;69;0;0;0;0;0;0;0;0;0;0;0;0;0;0;0;0;0;0;0;0;0;0;0;0;0;0;0;0;0;0
12.01.2024;05:45;A 64;1;2;62;3;13;0;0;0;0;1;7;1;0;0;2;0;0;0;0;0;0;0;0;0;0;0;0;0;0;0;0;0;0;0;0;0;0;0;0;0;0;0;0;0;0
12.01.2024;05:44;A 64;1;2;48;2;45;1;1;1;1;2;2;2;11;3;18;0;0;0;0;0;0;0;0;0;0;0;0;0;0;0;0;0;0;0;0;0;0;0;0;0;0;0;0;0;0
12.01.2024;05:43;A 64;1;1;17;1;5;0;0;0;0;0;0;1;10;1;5;1;1;1;1;1;1;0;0;0;0;0;0;0;0;0;0;0;0;0;0;0;0;0;0;0;0;0;0;0;0
12.01.2024;05:42;A 64;1;2;31;3;20;0;0;0;0;0;0;0;32;1;4;1;31;1;31;1;2;0;0;0;0;0;0;0;0;0;0;0;0;0;0;0;0;0;0;0;0;0;0;0;0
12.01.2024;05:41;A 64;1;0;0;0;0;1;40;1;40;1;1;1;15;1;9;1;3;1;3;2;7;0;0;0;0;0;0;0;0;0;0;0;0;0;0;0;0;0;0;0;0;0;0;0;0
12.01.2024;05:40;A 64;1;0;0;0;0;2;60;2;59;2;19;0;43;0;0;0;0;0;0;0;0;0;0;0;0;0;0;0;0;0;0;0;0;0;0;0;0;0;0;0;0;0;0;0;0
12.01.2024;05:39;A 64;1;1;0;1;5;1;28;1;29;1;8;3;37;3;23;0;0;0;0;0;0;0;0;0;0;0;0;0;0;0;0;0;0;0;0;0;0;0;0;0;0;0;0;0;0
12.01.2024;05:38;A 64;1;1;44;1;7;0;0;0;0;0;0;1;0;1;7;0;0;0;0;0;0;0;0;0;0;0;0;0;0;0;0;0;0;0;0;0;0;0;0;0;0;0;0;0;0
12.01.2024;05:37;A 64;1;2;48;2;16;2;3;2;3;1;16;1;0;1;5;0;0;0;0;0;0;0;0;0;0;0;0;0;0;0;0;0;0;0;0;0;0;0;0;0;0;0;0;0;0
12.01.2024;05:36;A 64;1;2;1;1;10;2;20;2;20;2;12;0;0;0;0;0;0;0;0;0;0;0;0;0;0;0;0;0;0;0;0;0;0;0;0;0;0;0;0;0;0;0;0;0;0
12.01.2024;05:35;A 64;1;0;0;0;0;1;1;1;1;1;8;0;0;0;0;0;0;0;0;0;0;0;0;0;0;0;0;0;0;0;0;0;0;0;0;0;0;0;0;0;0;0;0;0;0
12.01.2024;05:34;A 64;1;1;0;1;7;1;83;1;82;1;6;1;5;0;41;1;2;1;2;0;0;0;0;0;0;0;0;0;0;0;0;0;0;0;0;0;0;0;0;0;0;0;0;0;0
12.01.2024;05:33;A 64;1;0;0;0;0;1;47;1;40;1;7;0;0;1;19;0;0;0;0;0;0;0;0;0;0;0;0;0;0;0;0;0;0;0;0;0;0;0;0;0;0;0;0;0;0
12.01.2024;05:32;A 64;1;0;0;0;0;1;23;1;3;1;4;0;0;0;0;1;19;1;19;0;2;0;0;0;0;0;0;0;0;0;0;0;0;0;0;0;0;0;0;0;0;0;0;0;0
12.01.2024;05:31;A 64;1;0;0;2;4;1;26;1;26;1;7;2;23;2;19;0;0;0;0;2;3;0;0;0;0;0;0;0;0;0;0;0;0;0;0;0;0;0;0;0;0;0;0;0;0
12.01.2024;05:30;A 64;1;1;83;2;62;0;46;0;45;0;0;1;29;2;55;0;0;0;0;0;0;0;0;0;0;0;0;0;0;0;0;0;0;0;0;0;0;0;0;0;0;0;0;0;0
12.01.2024;05:29;A 64;1;1;0;3;9;2;54;2;55;1;10;0;0;0;0;1;1;1;1;0;0;0;0;0;0;0;0;0;0;0;0;0;0;0;0;0;0;0;0;0;0;0;0;0;0
12.01.2024;05:28;A 64;1;1;18;1;25;0;0;0;0;0;0;1;35;0;6;0;0;0;0;1;3;0;0;0;0;0;0;0;0;0;0;0;0;0;0;0;0;0;0;0;0;0;0;0;0
12.01.2024;05:27;A 64;1;0;0;0;0;1;1;1;1;2;5;0;0;1;5;0;0;0;0;0;0;0;0;0;0;0;0;0;0;0;0;0;0;0;0;0;0;0;0;0;0;0;0;0;0
12.01.2024;05:26;A 64;1;2;14;2;14;0;0;0;0;0;0;1;8;1;8;0;0;0;0;0;0;0;0;0;0;0;0;0;0;0;0;0;0;0;0;0;0;0;0;0;0;0;0;0;0
12.01.2024;05:25;A 64;1;1;45;1;7;1;3;1;2;1;7;0;0;0;0;0;0;0;0;0;0;0;0;0;0;0;0;0;0;0;0;0;0;0;0;0;0;0;0;0;0;0;0;0;0
12.01.2024;05:24;A 64;1;2;8;3;26;0;0;0;0;0;0;0;0;0;0;0;0;0;0;0;0;0;0;0;0;0;0;0;0;0;0;0;0;0;0;0;0;0;0;0;0;0;0;0;0
12.01.2024;05:23;A 64;1;0;0;0;0;0;0;0;0;0;0;0;0;0;0;0;0;0;0;0;0;0;0;0;0;0;0;0;0;0;0;0;0;0;0;0;0;0;0;0;0;0;0;0;0
12.01.2024;05:22;A 64;1;0;0;0;0;2;2;2;1;1;11;0;0;0;0;0;0;0;0;0;0;0;0;0;0;0;0;0;0;0;0;0;0;0;0;0;0;0;0;0;0;0;0;0;0
12.01.2024;05:21;A 64;1;0;0;0;0;1;1;1;1;1;7;0;0;0;0;1;27;1;27;0;0;0;0;0;0;0;0;0;0;0;0;0;0;0;0;0;0;0;0;0;0;0;0;0;0
12.01.2024;05:20;A 64;1;0;0;0;0;0;0;0;0;0;0;0;0;0;0;0;0;0;0;0;0;0;0;0;0;0;0;0;0;0;0;0;0;0;0;0;0;0;0;0;0;0;0;0;0
12.01.2024;05:19;A 64;1;0;0;0;0;2;0;2;0;0;0;1;3;1;8;1;29;1;30;1;2;0;0;0;0;0;0;0;0;0;0;0;0;0;0;0;0;0;0;0;0;0;0;0;0
12.01.2024;05:18;A 64;1;0;0;0;0;2;22;2;20;2;18;0;0;0;0;0;0;0;0;0;0;0;0;0;0;0;0;0;0;0;0;0;0;0;0;0;0;0;0;0;0;0;0;0;0
12.01.2024;05:17;A 64;1;1;0;1;5;1;47;1;46;1;9;0;68;1;58;0;0;0;0;0;0;0;0;0;0;0;0;0;0;0;0;0;0;0;0;0;0;0;0;0;0;0;0;0;0
12.01.2024;05:16;A 64;1;0;0;0;0;2;66;2;66;1;21;1;15;3;42;0;0;0;0;0;0;0;0;0;0;0;0;0;0;0;0;0;0;0;0;0;0;0;0;0;0;0;0;0;0
12.01.2024;05:15;A 64;1;0;0;0;0;1;44;1;44;2;10;0;0;0;0;0;0;0;0;0;0;0;0;0;0;0;0;0;0;0;0;0;0;0;0;0;0;0;0;0;0;0;0;0;0
12.01.2024;05:14;A 64;1;2;14;1;21;0;0;0;0;0;0;0;0;0;0;0;0;0;0;0;0;0;0;0;0;0;0;0;0;0;0;0;0;0;0;0;0;0;0;0;0;0;0;0;0
12.01.2024;05:13;A 64;1;0;0;0;0;1;30;1;29;1;14;0;0;0;0;0;0;0;0;0;0;0;0;0;0;0;0;0;0;0;0;0;0;0;0;0;0;0;0;0;0;0;0;0;0
12.01.2024;05:12;A 64;1;0;0;0;0;3;6;3;6;3;21;1;42;1;10;0;0;0;0;0;0;0;0;0;0;0;0;0;0;0;0;0;0;0;0;0;0;0;0;0;0;0;0;0;0
12.01.2024;05:11;A 64;1;0;0;0;0;0;0;0;0;0;0;1;46;1;11;0;0;0;0;0;0;0;0;0;0;0;0;0;0;0;0;0;0;0;0;0;0;0;0;0;0;0;0;0;0
12.01.2024;05:10;A 64;1;0;0;0;0;0;0;0;0;0;0;0;0;0;0;0;0;0;0;0;0;0;0;0;0;0;0;0;0;0;0;0;0;0;0;0;0;0;0;0;0;0;0;0;0
12.01.2024;05:09;A 64;1;0;0;0;0;1;17;1;4;1;7;1;39;3;45;1;0;1;0;0;0;0;0;0;0;0;0;0;0;0;0;0;0;0;0;0;0;0;0;0;0;0;0;0;0
12.01.2024;05:08;A 64;1;1;1;1;7;0;0;0;0;0;0;2;28;2;15;1;1;1;1;0;0;0;0;0;0;0;0;0;0;0;0;0;0;0;0;0;0;0;0;0;0;0;0;0;0
12.01.2024;05:07;A 64;1;0;0;1;2;0;43;0;0;0;0;0;0;0;0;0;0;0;0;0;0;0;0;0;0;0;0;0;0;0;0;0;0;0;0;0;0;0;0;0;0;0;0;0;0
12.01.2024;05:06;A 64;1;0;0;0;0;1;7;1;3;1;8;0;0;0;0;0;0;0;0;0;0;0;0;0;0;0;0;0;0;0;0;0;0;0;0;0;0;0;0;0;0;0;0;0;0
12.01.2024;05:05;A 64;1;0;0;0;0;0;0;0;0;0;0;1;18;1;8;0;0;0;0;0;0;0;0;0;0;0;0;0;0;0;0;0;0;0;0;0;0;0;0;0;0;0;0;0;0
12.01.2024;05:04;A 64;1;1;0;1;4;0;0;0;0;0;0;0;0;0;0;0;9;0;8;0;0;0;0;0;0;0;0;0;0;0;0;0;0;0;0;0;0;0;0;0;0;0;0;0;0
12.01.2024;05:03;A 64;1;2;33;2;21;0;0;0;0;0;0;0;0;0;0;1;45;1;46;1;6;0;0;0;0;0;0;0;0;0;0;0;0;0;0;0;0;0;0;0;0;0;0;0;0
12.01.2024;05:02;A 64;1;1;48;2;57;0;0;0;0;0;0;1;0;1;5;0;0;0;0;0;0;0;0;0;0;0;0;0;0;0;0;0;0;0;0;0;0;0;0;0;0;0;0;0;0
12.01.2024;05:01;A 64;1;0;0;0;0;1;1;1;1;1;7;0;8;0;0;0;0;0;0;0;0;0;0;0;0;0;0;0;0;0;0;0;0;0;0;0;0;0;0;0;0;0;0;0;0
12.01.2024;05:00;A 64;1;1;17;1;25;0;0;0;0;0;0;2;40;1;24;0;0;0;0;0;0;0;0;0;0;0;0;0;0;0;0;0;0;0;0;0;0;0;0;0;0;0;0;0;0
12.01.2024;04:59;A 64;1;1;9;1;7;0;0;0;0;0;0;0;0;2;34;0;0;0;0;0;0;0;0;0;0;0;0;0;0;0;0;0;0;0;0;0;0;0;0;0;0;0;0;0;0
12.01.2024;04:58;A 64;1;0;0;0;0;0;0;0;0;0;0;0;19;0;0;0;0;0;0;0;0;0;0;0;0;0;0;0;0;0;0;0;0;0;0;0;0;0;0;0;0;0;0;0;0
12.01.2024;04:57;A 64;1;1;28;1;8;1;38;1;4;1;8;1;14;1;7;0;0;0;0;0;0;0;0;0;0;0;0;0;0;0;0;0;0;0;0;0;0;0;0;0;0;0;0;0;0
12.01.2024;04:56;A 64;1;0;0;0;0;0;0;0;0;0;0;1;0;1;5;0;0;0;0;0;0;0;0;0;0;0;0;0;0;0;0;0;0;0;0;0;0;0;0;0;0;0;0;0;0
12.01.2024;04:55;A 64;1;0;0;0;0;0;0;0;0;0;0;0;0;0;0;0;0;0;0;0;0;0;0;0;0;0;0;0;0;0;0;0;0;0;0;0;0;0;0;0;0;0;0;0;0
12.01.2024;04:54;A 64;1;0;0;0;0;1;0;1;0;1;3;0;0;0;0;0;0;0;0;0;0;0;0;0;0;0;0;0;0;0;0;0;0;0;0;0;0;0;0;0;0;0;0;0;0
12.01.2024;04:53;A 64;1;0;0;0;0;1;43;1;42;1;12;0;21;0;0;1;47;1;47;1;1;0;0;0;0;0;0;0;0;0;0;0;0;0;0;0;0;0;0;0;0;0;0;0;0
12.01.2024;04:52;A 64;1;0;0;0;0;0;0;0;0;0;0;1;19;2;11;0;0;0;0;0;0;0;0;0;0;0;0;0;0;0;0;0;0;0;0;0;0;0;0;0;0;0;0;0;0
12.01.2024;04:51;A 64;1;0;0;0;0;0;0;0;0;0;0;0;0;0;0;0;0;0;0;0;0;0;0;0;0;0;0;0;0;0;0;0;0;0;0;0;0;0;0;0;0;0;0;0;0
12.01.2024;04:50;A 64;1;3;46;1;58;0;0;0;0;0;0;0;0;0;0;0;0;0;0;0;0;0;0;0;0;0;0;0;0;0;0;0;0;0;0;0;0;0;0;0;0;0;0;0;0
12.01.2024;04:49;A 64;1;0;0;0;0;0;0;0;0;0;0;0;0;0;0;0;0;0;0;0;0;0;0;0;0;0;0;0;0;0;0;0;0;0;0;0;0;0;0;0;0;0;0;0;0
12.01.2024;04:48;A 64;1;1;0;1;5;0;0;0;0;0;0;0;0;0;0;0;0;0;0;0;0;0;0;0;0;0;0;0;0;0;0;0;0;0;0;0;0;0;0;0;0;0;0;0;0
12.01.2024;04:47;A 64;1;0;42;0;44;1;51;1;51;1;9;0;0;0;0;0;0;0;0;0;0;0;0;0;0;0;0;0;0;0;0;0;0;0;0;0;0;0;0;0;0;0;0;0;0
12.01.2024;04:46;A 64;1;1;13;1;23;0;0;0;0;0;0;1;0;1;4;0;0;0;0;0;0;0;0;0;0;0;0;0;0;0;0;0;0;0;0;0;0;0;0;0;0;0;0;0;0
12.01.2024;04:45;A 64;1;0;0;0;0;0;0;0;0;0;0;0;0;0;0;0;0;0;0;0;0;0;0;0;0;0;0;0;0;0;0;0;0;0;0;0;0;0;0;0;0;0;0;0;0
12.01.2024;04:44;A 64;1;1;0;1;5;0;0;0;0;0;0;1;0;1;3;0;0;0;0;0;0;0;0;0;0;0;0;0;0;0;0;0;0;0;0;0;0;0;0;0;0;0;0;0;0
12.01.2024;04:43;A 64;1;0;0;1;5;1;0;1;0;0;0;0;0;0;0;0;0;0;0;0;0;0;0;0;0;0;0;0;0;0;0;0;0;0;0;0;0;0;0;0;0;0;0;0;0
12.01.2024;04:42;A 64;1;1;1;2;10;2;20;2;19;3;14;3;3;1;14;0;0;0;0;0;0;0;0;0;0;0;0;0;0;0;0;0;0;0;0;0;0;0;0;0;0;0;0;0;0
12.01.2024;04:41;A 64;1;0;0;0;0;1;1;1;1;1;7;0;0;0;0;0;0;0;0;0;0;0;0;0;0;0;0;0;0;0;0;0;0;0;0;0;0;0;0;0;0;0;0;0;0
12.01.2024;04:40;A 64;1;1;40;1;8;1;15;1;8;0;1;1;0;1;15;0;0;0;0;0;0;0;0;0;0;0;0;0;0;0;0;0;0;0;0;0;0;0;0;0;0;0;0;0;0
12.01.2024;04:39;A 64;1;0;0;0;0;0;0;0;0;1;6;0;0;0;0;0;0;0;0;0;0;0;0;0;0;0;0;0;0;0;0;0;0;0;0;0;0;0;0;0;0;0;0;0;0
12.01.2024;04:38;A 64;1;1;0;2;6;0;0;0;0;0;0;0;3;0;0;2;0;2;0;0;0;0;0;0;0;0;0;0;0;0;0;0;0;0;0;0;0;0;0;0;0;0;0;0;0
12.01.2024;04:37;A 64;1;1;17;0;20;0;0;0;0;0;0;1;30;1;21;0;0;0;0;0;0;0;0;0;0;0;0;0;0;0;0;0;0;0;0;0;0;0;0;0;0;0;0;0;0
12.01.2024;04:36;A 64;1;2;7;2;22;1;61;2;36;1;7;0;0;0;0;0;0;0;0;0;0;0;0;0;0;0;0;0;0;0;0;0;0;0;0;0;0;0;0;0;0;0;0;0;0
12.01.2024;04:35;A 64;1;0;0;0;0;0;0;0;0;0;0;0;0;0;0;0;0;0;0;0;0;0;0;0;0;0;0;0;0;0;0;0;0;0;0;0;0;0;0;0;0;0;0;0;0
12.01.2024;04:34;A 64;1;0;0;0;0;0;0;0;0;0;0;0;0;0;0;0;0;0;0;0;0;0;0;0;0;0;0;0;0;0;0;0;0;0;0;0;0;0;0;0;0;0;0;0;0
12.01.2024;04:33;A 64;1;0;0;0;0;2;4;2;4;2;14;0;1;0;0;0;0;0;0;0;0;0;0;0;0;0;0;0;0;0;0;0;0;0;0;0;0;0;0;0;0;0;0;0;0
12.01.2024;04:32;A 64;1;0;0;0;0;0;0;0;0;0;0;1;53;2;78;0;0;0;0;0;0;0;0;0;0;0;0;0;0;0;0;0;0;0;0;0;0;0;0;0;0;0;0;0;0
12.01.2024;04:31;A 64;1;0;0;0;0;0;0;0;0;0;0;2;1;1;6;0;0;0;0;0;0;0;0;0;0;0;0;0;0;0;0;0;0;0;0;0;0;0;0;0;0;0;0;0;0
12.01.2024;04:30;A 64;1;1;18;2;21;0;59;0;58;0;0;0;0;0;0;0;0;0;0;0;0;0;0;0;0;0;0;0;0;0;0;0;0;0;0;0;0;0;0;0;0;0;0;0;0
12.01.2024;04:29;A 64;1;0;0;0;0;1;29;1;30;1;8;0;0;0;0;0;0;0;0;0;0;0;0;0;0;0;0;0;0;0;0;0;0;0;0;0;0;0;0;0;0;0;0;0;0
12.01.2024;04:28;A 64;1;2;35;1;10;1;2;1;2;1;5;0;0;0;0;0;0;0;0;0;0;0;0;0;0;0;0;0;0;0;0;0;0;0;0;0;0;0;0;0;0;0;0;0;0
12.01.2024;04:27;A 64;1;0;0;1;1;0;0;0;0;0;0;0;0;0;0;0;0;0;0;0;0;0;0;0;0;0;0;0;0;0;0;0;0;0;0;0;0;0;0;0;0;0;0;0;0
12.01.2024;04:26;A 64;1;0;0;0;0;0;0;0;0;0;0;0;0;0;0;0;0;0;0;0;0;0;0;0;0;0;0;0;0;0;0;0;0;0;0;0;0;0;0;0;0;0;0;0;0
12.01.2024;04:25;A 64;1;0;0;0;0;0;0;0;0;0;0;1;8;1;10;0;0;0;0;0;0;0;0;0;0;0;0;0;0;0;0;0;0;0;0;0;0;0;0;0;0;0;0;0;0
12.01.2024;04:24;A 64;1;0;0;0;0;0;0;0;0;0;0;0;0;0;0;0;0;0;0;0;0;0;0;0;0;0;0;0;0;0;0;0;0;0;0;0;0;0;0;0;0;0;0;0;0
12.01.2024;04:23;A 64;1;0;0;0;0;0;0;0;0;0;0;0;0;0;0;0;0;0;0;0;0;0;0;0;0;0;0;0;0;0;0;0;0;0;0;0;0;0;0;0;0;0;0;0;0
12.01.2024;04:22;A 64;1;0;0;0;0;0;0;0;0;0;0;0;0;0;0;0;0;0;0;0;0;0;0;0;0;0;0;0;0;0;0;0;0;0;0;0;0;0;0;0;0;0;0;0;0
12.01.2024;04:21;A 64;1;0;0;0;0;0;0;0;0;0;0;0;0;0;0;0;0;0;0;0;0;0;0;0;0;0;0;0;0;0;0;0;0;0;0;0;0;0;0;0;0;0;0;0;0
12.01.2024;04:20;A 64;1;1;1;1;6;0;0;0;0;0;0;0;0;0;0;0;0;0;0;0;0;0;0;0;0;0;0;0;0;0;0;0;0;0;0;0;0;0;0;0;0;0;0;0;0
12.01.2024;04:19;A 64;1;0;0;0;0;0;0;0;0;0;0;0;0;0;0;0;0;0;0;0;0;0;0;0;0;0;0;0;0;0;0;0;0;0;0;0;0;0;0;0;0;0;0;0;0
12.01.2024;04:18;A 64;1;0;0;0;0;0;0;0;0;0;0;0;0;0;0;0;0;0;0;0;0;0;0;0;0;0;0;0;0;0;0;0;0;0;0;0;0;0;0;0;0;0;0;0;0
12.01.2024;04:17;A 64;1;0;0;3;5;1;12;1;10;0;13;0;55;1;46;0;0;0;0;0;0;0;0;0;0;0;0;0;0;0;0;0;0;0;0;0;0;0;0;0;0;0;0;0;0
12.01.2024;04:16;A 64;1;0;0;0;0;1;77;1;77;2;57;1;31;1;47;0;0;0;0;0;0;0;0;0;0;0;0;0;0;0;0;0;0;0;0;0;0;0;0;0;0;0;0;0;0
12.01.2024;04:15;A 64;1;0;0;0;0;0;0;0;0;0;0;0;0;0;0;0;0;0;0;0;0;0;0;0;0;0;0;0;0;0;0;0;0;0;0;0;0;0;0;0;0;0;0;0;0
12.01.2024;04:14;A 64;1;0;46;0;0;0;0;0;0;0;0;0;0;0;0;0;0;0;0;0;0;0;0;0;0;0;0;0;0;0;0;0;0;0;0;0;0;0;0;0;0;0;0;0;0
12.01.2024;04:13;A 64;1;1;1;1;12;0;29;0;2;0;0;0;0;0;0;0;0;0;0;0;0;0;0;0;0;0;0;0;0;0;0;0;0;0;0;0;0;0;0;0;0;0;0;0;0
12.01.2024;04:12;A 64;1;0;0;0;0;1;2;1;3;1;8;0;0;0;0;0;0;0;0;0;0;0;0;0;0;0;0;0;0;0;0;0;0;0;0;0;0;0;0;0;0;0;0;0;0
12.01.2024;04:11;A 64;1;0;10;0;0;0;0;0;0;0;0;0;0;0;0;0;0;0;0;0;0;0;0;0;0;0;0;0;0;0;0;0;0;0;0;0;0;0;0;0;0;0;0;0;0
12.01.2024;04:10;A 64;1;1;23;1;9;0;0;0;0;0;0;0;0;0;0;0;0;0;0;0;0;0;0;0;0;0;0;0;0;0;0;0;0;0;0;0;0;0;0;0;0;0;0;0;0
12.01.2024;04:09;A 64;1;2;48;3;14;0;0;0;0;0;0;1;18;1;6;0;0;0;0;0;0;0;0;0;0;0;0;0;0;0;0;0;0;0;0;0;0;0;0;0;0;0;0;0;0
12.01.2024;04:08;A 64;1;0;0;1;10;0;0;0;0;0;0;0;0;0;0;0;0;0;0;0;0;0;0;0;0;0;0;0;0;0;0;0;0;0;0;0;0;0;0;0;0;0;0;0;0
12.01.2024;04:07;A 64;1;1;1;1;6;0;0;0;0;0;0;0;0;0;0;0;0;0;0;0;0;0;0;0;0;0;0;0;0;0;0;0;0;0;0;0;0;0;0;0;0;0;0;0;0
12.01.2024;04:06;A 64;1;0;0;0;0;0;0;0;0;0;0;0;0;0;0;0;0;0;0;0;0;0;0;0;0;0;0;0;0;0;0;0;0;0;0;0;0;0;0;0;0;0;0;0;0
12.01.2024;04:05;A 64;1;0;0;0;0;0;0;0;0;0;0;0;0;0;0;0;0;0;0;0;0;0;0;0;0;0;0;0;0;0;0;0;0;0;0;0;0;0;0;0;0;0;0;0;0
12.01.2024;04:04;A 64;1;0;0;0;0;1;8;1;8;0;1;0;0;0;0;0;0;0;0;0;0;0;0;0;0;0;0;0;0;0;0;0;0;0;0;0;0;0;0;0;0;0;0;0;0
12.01.2024;04:03;A 64;1;0;0;0;0;0;0;0;0;1;10;0;0;0;0;0;0;0;0;0;0;0;0;0;0;0;0;0;0;0;0;0;0;0;0;0;0;0;0;0;0;0;0;0;0
12.01.2024;04:02;A 64;1;0;0;0;0;0;0;0;0;0;0;1;4;1;6;0;0;0;0;0;0;0;0;0;0;0;0;0;0;0;0;0;0;0;0;0;0;0;0;0;0;0;0;0;0
12.01.2024;04:01;A 64;1;0;0;0;0;0;0;0;0;0;0;0;0;0;0;0;0;0;0;0;0;0;0;0;0;0;0;0;0;0;0;0;0;0;0;0;0;0;0;0;0;0;0;0;0
12.01.2024;04:00;A 64;1;0;0;0;0;1;45;1;45;1;10;0;0;0;0;0;0;0;0;0;0;0;0;0;0;0;0;0;0;0;0;0;0;0;0;0;0;0;0;0;0;0;0;0;0
12.01.2024;03:59;A 64;1;1;15;1;20;0;0;0;0;0;0;0;0;0;0;0;0;0;0;0;0;0;0;0;0;0;0;0;0;0;0;0;0;0;0;0;0;0;0;0;0;0;0;0;0
12.01.2024;03:58;A 64;1;0;0;0;0;0;0;0;0;0;0;0;0;0;0;0;0;0;0;0;0;0;0;0;0;0;0;0;0;0;0;0;0;0;0;0;0;0;0;0;0;0;0;0;0
12.01.2024;03:57;A 64;1;1;0;1;5;0;0;0;0;0;0;0;0;0;0;0;0;0;0;0;0;0;0;0;0;0;0;0;0;0;0;0;0;0;0;0;0;0;0;0;0;0;0;0;0
12.01.2024;03:56;A 64;1;0;12;0;13;0;0;0;0;0;0;0;0;0;0;0;0;0;0;0;0;0;0;0;0;0;0;0;0;0;0;0;0;0;0;0;0;0;0;0;0;0;0;0;0
12.01.2024;03:55;A 64;1;1;19;1;27;0;0;0;0;0;0;0;0;0;0;0;0;0;0;0;0;0;0;0;0;0;0;0;0;0;0;0;0;0;0;0;0;0;0;0;0;0;0;0;0
12.01.2024;03:54;A 64;1;0;0;0;0;0;0;0;0;0;0;0;0;0;0;0;0;0;0;0;0;0;0;0;0;0;0;0;0;0;0;0;0;0;0;0;0;0;0;0;0;0;0;0;0
12.01.2024;03:53;A 64;1;1;1;1;7;0;0;0;0;0;0;0;0;0;0;0;0;0;0;0;0;0;0;0;0;0;0;0;0;0;0;0;0;0;0;0;0;0;0;0;0;0;0;0;0
12.01.2024;03:52;A 64;1;0;0;0;0;0;0;0;0;0;0;0;0;0;0;0;0;0;0;0;0;0;0;0;0;0;0;0;0;0;0;0;0;0;0;0;0;0;0;0;0;0;0;0;0
12.01.2024;03:51;A 64;1;0;12;0;0;0;0;0;0;0;0;0;0;0;0;0;0;0;0;0;0;0;0;0;0;0;0;0;0;0;0;0;0;0;0;0;0;0;0;0;0;0;0;0;0
12.01.2024;03:50;A 64;1;1;19;1;6;0;0;0;0;0;0;1;22;0;3;0;0;0;0;0;0;0;0;0;0;0;0;0;0;0;0;0;0;0;0;0;0;0;0;0;0;0;0;0;0
12.01.2024;03:49;A 64;1;0;0;0;0;0;0;0;0;0;0;0;0;1;11;0;0;0;0;0;0;0;0;0;0;0;0;0;0;0;0;0;0;0;0;0;0;0;0;0;0;0;0;0;0
12.01.2024;03:48;A 64;1;1;14;2;12;0;0;0;0;0;0;0;0;1;3;0;0;0;0;0;0;0;0;0;0;0;0;0;0;0;0;0;0;0;0;0;0;0;0;0;0;0;0;0;0
12.01.2024;03:47;A 64;1;0;0;0;0;0;0;0;0;0;0;0;0;0;0;1;1;1;1;3;4;0;0;0;0;0;0;0;0;0;0;0;0;0;0;0;0;0;0;0;0;0;0;0;0
12.01.2024;03:46;A 64;1;0;0;0;0;0;0;0;0;0;0;0;20;1;13;0;0;0;0;0;0;0;0;0;0;0;0;0;0;0;0;0;0;0;0;0;0;0;0;0;0;0;0;0;0
12.01.2024;03:45;A 64;1;0;0;0;0;0;0;0;0;0;0;1;51;2;76;0;0;0;0;0;0;0;0;0;0;0;0;0;0;0;0;0;0;0;0;0;0;0;0;0;0;0;0;0;0
12.01.2024;03:44;A 64;1;0;0;0;0;0;0;0;0;0;0;0;0;0;0;0;0;0;0;0;0;0;0;0;0;0;0;0;0;0;0;0;0;0;0;0;0;0;0;0;0;0;0;0;0
12.01.2024;03:43;A 64;1;0;0;0;0;0;0;0;0;0;0;0;0;0;0;0;0;0;0;0;0;0;0;0;0;0;0;0;0;0;0;0;0;0;0;0;0;0;0;0;0;0;0;0;0
12.01.2024;03:42;A 64;1;0;0;0;0;0;0;0;0;0;0;0;0;0;0;0;0;0;0;0;0;0;0;0;0;0;0;0;0;0;0;0;0;0;0;0;0;0;0;0;0;0;0;0;0
12.01.2024;03:41;A 64;1;0;0;0;0;0;0;0;0;0;0;0;0;0;0;0;0;0;0;0;0;0;0;0;0;0;0;0;0;0;0;0;0;0;0;0;0;0;0;0;0;0;0;0;0
12.01.2024;03:40;A 64;1;0;0;0;0;0;0;0;0;0;0;0;0;0;0;0;0;0;0;0;0;0;0;0;0;0;0;0;0;0;0;0;0;0;0;0;0;0;0;0;0;0;0;0;0
12.01.2024;03:39;A 64;1;0;0;0;0;1;2;1;2;1;9;0;0;0;0;0;0;0;0;0;0;0;0;0;0;0;0;0;0;0;0;0;0;0;0;0;0;0;0;0;0;0;0;0;0
12.01.2024;03:38;A 64;1;0;0;0;0;0;0;0;0;0;0;0;0;0;0;0;0;0;0;0;0;0;0;0;0;0;0;0;0;0;0;0;0;0;0;0;0;0;0;0;0;0;0;0;0
12.01.2024;03:37;A 64;1;0;0;0;0;0;0;0;0;0;0;0;0;0;0;0;0;0;0;0;0;0;0;0;0;0;0;0;0;0;0;0;0;0;0;0;0;0;0;0;0;0;0;0;0
12.01.2024;03:36;A 64;1;0;0;0;0;0;0;0;0;0;0;0;0;0;0;0;0;0;0;0;0;0;0;0;0;0;0;0;0;0;0;0;0;0;0;0;0;0;0;0;0;0;0;0;0
12.01.2024;03:35;A 64;1;0;0;0;0;0;0;0;0;0;0;0;0;0;0;0;0;0;0;0;0;0;0;0;0;0;0;0;0;0;0;0;0;0;0;0;0;0;0;0;0;0;0;0;0
12.01.2024;03:34;A 64;1;0;0;0;0;0;0;0;0;0;0;0;0;0;0;0;0;0;0;0;0;0;0;0;0;0;0;0;0;0;0;0;0;0;0;0;0;0;0;0;0;0;0;0;0
12.01.2024;03:33;A 64;1;0;0;0;0;0;0;0;0;0;0;0;0;0;0;0;0;0;0;0;0;0;0;0;0;0;0;0;0;0;0;0;0;0;0;0;0;0;0;0;0;0;0;0;0
12.01.2024;03:32;A 64;1;0;0;0;0;0;0;0;0;0;0;0;0;0;0;0;0;0;0;0;0;0;0;0;0;0;0;0;0;0;0;0;0;0;0;0;0;0;0;0;0;0;0;0;0
12.01.2024;03:31;A 64;1;0;0;0;0;0;0;0;0;0;0;0;0;0;0;0;0;0;0;0;0;0;0;0;0;0;0;0;0;0;0;0;0;0;0;0;0;0;0;0;0;0;0;0;0
12.01.2024;03:30;A 64;1;0;0;0;0;1;0;1;0;0;0;0;0;0;0;1;0;1;0;1;1;0;0;0;0;0;0;0;0;0;0;0;0;0;0;0;0;0;0;0;0;0;0;0;0
12.01.2024;03:29;A 64;1;1;3;1;16;0;0;0;0;0;0;0;0;0;0;0;0;0;0;0;0;0;0;0;0;0;0;0;0;0;0;0;0;0;0;0;0;0;0;0;0;0;0;0;0
12.01.2024;03:28;A 64;1;0;0;0;0;0;0;0;0;0;0;0;0;0;0;0;0;0;0;0;0;0;0;0;0;0;0;0;0;0;0;0;0;0;0;0;0;0;0;0;0;0;0;0;0
12.01.2024;03:27;A 64;1;0;0;0;0;0;12;0;11;0;0;1;6;1;12;1;0;1;0;0;0;0;0;0;0;0;0;0;0;0;0;0;0;0;0;0;0;0;0;0;0;0;0;0;0
12.01.2024;03:26;A 64;1;0;0;0;0;1;15;1;16;1;9;0;0;0;0;0;0;0;0;0;0;0;0;0;0;0;0;0;0;0;0;0;0;0;0;0;0;0;0;0;0;0;0;0;0
12.01.2024;03:25;A 64;1;0;0;0;0;0;0;0;0;0;0;0;0;0;0;0;0;0;0;0;0;0;0;0;0;0;0;0;0;0;0;0;0;0;0;0;0;0;0;0;0;0;0;0;0
12.01.2024;03:24;A 64;1;0;0;0;0;0;0;0;0;0;0;0;0;0;0;0;0;0;0;0;0;0;0;0;0;0;0;0;0;0;0;0;0;0;0;0;0;0;0;0;0;0;0;0;0
12.01.2024;03:23;A 64;1;0;0;0;0;0;0;0;0;0;0;0;0;0;0;0;0;0;0;0;0;0;0;0;0;0;0;0;0;0;0;0;0;0;0;0;0;0;0;0;0;0;0;0;0
12.01.2024;03:22;A 64;1;0;0;0;0;0;0;0;0;0;0;0;0;0;0;0;0;0;0;0;0;0;0;0;0;0;0;0;0;0;0;0;0;0;0;0;0;0;0;0;0;0;0;0;0
12.01.2024;03:21;A 64;1;0;0;0;0;0;0;0;0;0;0;0;0;0;0;0;0;0;0;0;0;0;0;0;0;0;0;0;0;0;0;0;0;0;0;0;0;0;0;0;0;0;0;0;0
12.01.2024;03:20;A 64;1;0;0;0;0;0;0;0;0;0;0;0;0;0;0;0;0;0;0;0;0;0;0;0;0;0;0;0;0;0;0;0;0;0;0;0;0;0;0;0;0;0;0;0;0
12.01.2024;03:19;A 64;1;0;12;0;0;0;0;0;0;0;0;0;0;0;0;0;0;0;0;0;0;0;0;0;0;0;0;0;0;0;0;0;0;0;0;0;0;0;0;0;0;0;0;0;0
12.01.2024;03:18;A 64;1;1;35;1;8;0;0;0;0;0;0;0;0;0;0;0;0;0;0;0;0;0;0;0;0;0;0;0;0;0;0;0;0;0;0;0;0;0;0;0;0;0;0;0;0
12.01.2024;03:17;A 64;1;1;3;1;8;1;0;1;0;1;5;0;0;0;0;0;0;0;0;0;0;0;0;0;0;0;0;0;0;0;0;0;0;0;0;0;0;0;0;0;0;0;0;0;0
12.01.2024;03:16;A 64;1;0;0;0;0;0;0;0;0;0;0;0;0;0;0;0;0;0;0;0;0;0;0;0;0;0;0;0;0;0;0;0;0;0;0;0;0;0;0;0;0;0;0;0;0
12.01.2024;03:15;A 64;1;0;0;0;0;0;0;0;0;0;0;0;0;0;0;0;0;0;0;0;0;0;0;0;0;0;0;0;0;0;0;0;0;0;0;0;0;0;0;0;0;0;0;0;0
12.01.2024;03:14;A 64;1;1;2;1;11;1;3;1;2;2;2;0;0;0;0;0;0;0;0;0;0;0;0;0;0;0;0;0;0;0;0;0;0;0;0;0;0;0;0;0;0;0;0;0;0
12.01.2024;03:13;A 64;1;0;0;0;0;0;0;0;0;0;0;1;3;1;12;0;0;0;0;0;0;0;0;0;0;0;0;0;0;0;0;0;0;0;0;0;0;0;0;0;0;0;0;0;0
12.01.2024;03:12;A 64;1;0;0;0;0;0;0;0;0;0;0;0;0;0;0;0;0;0;0;0;0;0;0;0;0;0;0;0;0;0;0;0;0;0;0;0;0;0;0;0;0;0;0;0;0
12.01.2024;03:11;A 64;1;0;0;0;0;0;0;0;0;0;0;0;0;0;0;0;0;0;0;0;0;0;0;0;0;0;0;0;0;0;0;0;0;0;0;0;0;0;0;0;0;0;0;0;0
12.01.2024;03:10;A 64;1;0;0;0;0;0;0;0;0;0;0;0;0;0;0;0;0;0;0;0;0;0;0;0;0;0;0;0;0;0;0;0;0;0;0;0;0;0;0;0;0;0;0;0;0
12.01.2024;03:09;A 64;1;0;0;0;0;0;0;0;0;0;0;0;11;1;5;0;0;0;0;0;0;0;0;0;0;0;0;0;0;0;0;0;0;0;0;0;0;0;0;0;0;0;0;0;0
12.01.2024;03:08;A 64;1;1;1;1;10;0;0;0;0;0;0;1;43;1;7;0;0;0;0;0;0;0;0;0;0;0;0;0;0;0;0;0;0;0;0;0;0;0;0;0;0;0;0;0;0
12.01.2024;03:07;A 64;1;0;0;0;0;0;0;0;0;0;0;0;0;0;0;0;0;0;0;0;0;0;0;0;0;0;0;0;0;0;0;0;0;0;0;0;0;0;0;0;0;0;0;0;0
12.01.2024;03:06;A 64;1;0;0;0;0;0;0;0;0;0;0;0;0;0;0;0;0;0;0;0;0;0;0;0;0;0;0;0;0;0;0;0;0;0;0;0;0;0;0;0;0;0;0;0;0
12.01.2024;03:05;A 64;1;0;0;0;0;0;0;0;0;0;0;0;0;0;0;0;0;0;0;0;0;0;0;0;0;0;0;0;0;0;0;0;0;0;0;0;0;0;0;0;0;0;0;0;0
12.01.2024;03:04;A 64;1;0;0;0;0;0;0;0;0;0;0;0;0;0;0;0;0;0;0;0;0;0;0;0;0;0;0;0;0;0;0;0;0;0;0;0;0;0;0;0;0;0;0;0;0
12.01.2024;03:03;A 64;1;0;0;0;0;0;0;0;0;0;0;0;0;0;0;0;0;0;0;0;0;0;0;0;0;0;0;0;0;0;0;0;0;0;0;0;0;0;0;0;0;0;0;0;0
12.01.2024;03:02;A 64;1;0;0;0;0;0;0;0;0;0;0;0;0;0;0;0;0;0;0;0;0;0;0;0;0;0;0;0;0;0;0;0;0;0;0;0;0;0;0;0;0;0;0;0;0
12.01.2024;03:01;A 64;1;0;0;0;0;0;0;0;0;0;0;0;0;0;0;0;0;0;0;0;0;0;0;0;0;0;0;0;0;0;0;0;0;0;0;0;0;0;0;0;0;0;0;0;0
12.01.2024;03:00;A 64;1;0;0;0;0;0;0;0;0;0;0;1;1;0;1;0;0;0;0;0;0;0;0;0;0;0;0;0;0;0;0;0;0;0;0;0;0;0;0;0;0;0;0;0;0
12.01.2024;02:59;A 64;1;1;1;0;3;0;0;0;0;0;0;0;0;1;6;0;0;0;0;0;0;0;0;0;0;0;0;0;0;0;0;0;0;0;0;0;0;0;0;0;0;0;0;0;0
12.01.2024;02:58;A 64;1;0;0;1;9;0;0;0;0;0;0;0;0;0;0;0;0;0;0;0;0;0;0;0;0;0;0;0;0;0;0;0;0;0;0;0;0;0;0;0;0;0;0;0;0
12.01.2024;02:57;A 64;1;0;0;0;0;0;0;0;0;0;0;0;0;0;0;0;0;0;0;0;0;0;0;0;0;0;0;0;0;0;0;0;0;0;0;0;0;0;0;0;0;0;0;0;0
12.01.2024;02:56;A 64;1;0;0;0;0;0;0;0;0;0;0;0;0;0;0;0;22;0;21;0;0;0;0;0;0;0;0;0;0;0;0;0;0;0;0;0;0;0;0;0;0;0;0;0;0
12.01.2024;02:55;A 64;1;0;0;0;0;0;0;0;0;0;0;0;0;0;0;1;38;1;38;1;2;0;0;0;0;0;0;0;0;0;0;0;0;0;0;0;0;0;0;0;0;0;0;0;0
12.01.2024;02:54;A 64;1;0;0;0;0;0;0;0;0;0;0;0;0;0;0;0;0;0;0;0;0;0;0;0;0;0;0;0;0;0;0;0;0;0;0;0;0;0;0;0;0;0;0;0;0
12.01.2024;02:53;A 64;1;0;0;0;0;0;0;0;0;0;0;0;0;0;0;0;0;0;0;0;0;0;0;0;0;0;0;0;0;0;0;0;0;0;0;0;0;0;0;0;0;0;0;0;0
12.01.2024;02:52;A 64;1;1;40;0;0;0;0;0;0;0;0;0;0;0;0;1;0;1;0;0;0;0;0;0;0;0;0;0;0;0;0;0;0;0;0;0;0;0;0;0;0;0;0;0;0
12.01.2024;02:51;A 64;1;1;3;1;9;1;1;1;1;1;6;1;0;1;3;0;0;0;0;0;0;0;0;0;0;0;0;0;0;0;0;0;0;0;0;0;0;0;0;0;0;0;0;0;0
12.01.2024;02:50;A 64;1;0;0;0;0;0;0;0;0;0;0;0;0;0;0;0;0;0;0;0;0;0;0;0;0;0;0;0;0;0;0;0;0;0;0;0;0;0;0;0;0;0;0;0;0
12.01.2024;02:49;A 64;1;0;0;0;0;0;0;0;0;0;0;0;0;0;0;0;0;0;0;0;0;0;0;0;0;0;0;0;0;0;0;0;0;0;0;0;0;0;0;0;0;0;0;0;0
12.01.2024;02:48;A 64;1;0;0;0;0;0;0;0;0;0;0;0;0;0;0;0;0;0;0;0;0;0;0;0;0;0;0;0;0;0;0;0;0;0;0;0;0;0;0;0;0;0;0;0;0
12.01.2024;02:47;A 64;1;0;0;0;0;0;0;0;0;0;0;0;0;0;0;0;0;0;0;0;0;0;0;0;0;0;0;0;0;0;0;0;0;0;0;0;0;0;0;0;0;0;0;0;0
12.01.2024;02:46;A 64;1;0;0;0;0;0;0;0;0;0;0;0;0;0;0;2;2;2;2;1;7;0;0;0;0;0;0;0;0;0;0;0;0;0;0;0;0;0;0;0;0;0;0;0;0
12.01.2024;02:45;A 64;1;0;0;0;0;0;0;0;0;0;0;1;42;1;6;0;0;0;0;0;0;0;0;0;0;0;0;0;0;0;0;0;0;0;0;0;0;0;0;0;0;0;0;0;0
12.01.2024;02:44;A 64;1;0;0;0;0;0;0;0;0;0;0;0;0;0;0;0;0;0;0;0;0;0;0;0;0;0;0;0;0;0;0;0;0;0;0;0;0;0;0;0;0;0;0;0;0
12.01.2024;02:43;A 64;1;0;0;0;0;0;0;0;0;0;0;0;0;0;0;0;0;0;0;0;0;0;0;0;0;0;0;0;0;0;0;0;0;0;0;0;0;0;0;0;0;0;0;0;0
12.01.2024;02:42;A 64;1;0;0;0;0;0;0;0;0;0;0;0;0;0;0;0;0;0;0;0;0;0;0;0;0;0;0;0;0;0;0;0;0;0;0;0;0;0;0;0;0;0;0;0;0
12.01.2024;02:41;A 64;1;0;0;0;0;0;0;0;0;0;0;0;0;0;0;0;0;0;0;0;0;0;0;0;0;0;0;0;0;0;0;0;0;0;0;0;0;0;0;0;0;0;0;0;0
12.01.2024;02:40;A 64;1;0;0;0;0;0;0;0;0;0;0;0;0;0;0;0;0;0;0;0;0;0;0;0;0;0;0;0;0;0;0;0;0;0;0;0;0;0;0;0;0;0;0;0;0
12.01.2024;02:39;A 64;1;0;0;0;0;0;0;0;0;0;0;0;0;0;0;0;0;0;0;0;0;0;0;0;0;0;0;0;0;0;0;0;0;0;0;0;0;0;0;0;0;0;0;0;0
12.01.2024;02:38;A 64;1;0;0;0;0;0;0;0;0;0;0;0;0;0;0;0;0;0;0;0;0;0;0;0;0;0;0;0;0;0;0;0;0;0;0;0;0;0;0;0;0;0;0;0;0
12.01.2024;02:37;A 64;1;0;0;0;0;0;0;0;0;0;0;0;0;0;0;0;0;0;0;0;0;0;0;0;0;0;0;0;0;0;0;0;0;0;0;0;0;0;0;0;0;0;0;0;0
12.01.2024;02:36;A 64;1;0;0;0;0;0;0;0;0;0;0;0;0;0;0;0;0;0;0;0;0;0;0;0;0;0;0;0;0;0;0;0;0;0;0;0;0;0;0;0;0;0;0;0;0
12.01.2024;02:35;A 64;1;0;0;0;0;0;0;0;0;0;0;0;0;0;0;0;0;0;0;0;0;0;0;0;0;0;0;0;0;0;0;0;0;0;0;0;0;0;0;0;0;0;0;0;0
12.01.2024;02:34;A 64;1;0;0;0;0;0;0;0;0;0;0;1;0;1;7;1;0;1;0;0;0;0;0;0;0;0;0;0;0;0;0;0;0;0;0;0;0;0;0;0;0;0;0;0;0
12.01.2024;02:33;A 64;1;1;45;1;8;0;0;0;0;0;0;0;0;0;0;0;0;0;0;0;0;0;0;0;0;0;0;0;0;0;0;0;0;0;0;0;0;0;0;0;0;0;0;0;0
12.01.2024;02:32;A 64;1;0;0;0;0;0;0;0;0;0;0;0;0;0;0;0;0;0;0;0;0;0;0;0;0;0;0;0;0;0;0;0;0;0;0;0;0;0;0;0;0;0;0;0;0
12.01.2024;02:31;A 64;1;0;0;0;0;0;0;0;0;0;0;1;29;1;6;0;0;0;0;0;0;0;0;0;0;0;0;0;0;0;0;0;0;0;0;0;0;0;0;0;0;0;0;0;0
12.01.2024;02:30;A 64;1;0;0;0;0;0;0;0;0;0;0;0;0;1;3;0;0;0;0;0;0;0;0;0;0;0;0;0;0;0;0;0;0;0;0;0;0;0;0;0;0;0;0;0;0
12.01.2024;02:29;A 64;1;0;0;0;0;0;0;0;0;0;0;0;0;0;0;0;0;0;0;0;0;0;0;0;0;0;0;0;0;0;0;0;0;0;0;0;0;0;0;0;0;0;0;0;0
12.01.2024;02:28;A 64;1;0;0;0;0;1;49;13;11;1;8;0;0;0;0;0;0;0;0;0;0;0;0;0;0;0;0;0;0;0;0;0;0;0;0;0;0;0;0;0;0;0;0;0;0
12.01.2024;02:27;A 64;1;0;0;0;0;0;0;0;0;0;0;0;0;0;0;0;0;0;0;0;0;0;0;0;0;0;0;0;0;0;0;0;0;0;0;0;0;0;0;0;0;0;0;0;0
12.01.2024;02:26;A 64;1;0;0;0;0;0;0;0;0;0;0;0;0;0;0;0;0;0;0;0;0;0;0;0;0;0;0;0;0;0;0;0;0;0;0;0;0;0;0;0;0;0;0;0;0
12.01.2024;02:25;A 64;1;0;0;0;0;0;0;0;0;0;0;0;0;0;0;0;0;0;0;0;0;0;0;0;0;0;0;0;0;0;0;0;0;0;0;0;0;0;0;0;0;0;0;0;0
12.01.2024;02:24;A 64;1;2;3;1;5;0;0;0;0;0;0;0;0;0;0;0;0;0;0;0;0;0;0;0;0;0;0;0;0;0;0;0;0;0;0;0;0;0;0;0;0;0;0;0;0
12.01.2024;02:23;A 64;1;0;0;0;0;0;0;0;0;0;0;0;0;0;0;0;0;0;0;0;0;0;0;0;0;0;0;0;0;0;0;0;0;0;0;0;0;0;0;0;0;0;0;0;0
12.01.2024;02:22;A 64;1;0;0;0;0;0;0;0;0;0;0;0;0;0;0;0;0;0;0;0;0;0;0;0;0;0;0;0;0;0;0;0;0;0;0;0;0;0;0;0;0;0;0;0;0
12.01.2024;02:21;A 64;1;0;0;0;0;0;0;0;0;0;0;0;0;0;0;0;0;0;0;0;0;0;0;0;0;0;0;0;0;0;0;0;0;0;0;0;0;0;0;0;0;0;0;0;0
12.01.2024;02:20;A 64;1;0;0;0;0;0;0;0;0;0;0;0;0;0;0;0;0;0;0;0;0;0;0;0;0;0;0;0;0;0;0;0;0;0;0;0;0;0;0;0;0;0;0;0;0
12.01.2024;02:19;A 64;1;0;0;0;0;0;0;0;0;0;0;0;0;0;0;0;0;0;0;0;0;0;0;0;0;0;0;0;0;0;0;0;0;0;0;0;0;0;0;0;0;0;0;0;0
12.01.2024;02:18;A 64;1;0;0;0;0;0;0;0;0;0;0;0;0;0;0;0;0;0;0;0;0;0;0;0;0;0;0;0;0;0;0;0;0;0;0;0;0;0;0;0;0;0;0;0;0
12.01.2024;02:17;A 64;1;0;0;0;0;0;0;0;0;0;0;0;0;0;0;0;0;0;0;0;0;0;0;0;0;0;0;0;0;0;0;0;0;0;0;0;0;0;0;0;0;0;0;0;0
12.01.2024;02:16;A 64;1;0;0;0;0;0;0;0;0;0;0;0;0;0;0;0;0;0;0;0;0;0;0;0;0;0;0;0;0;0;0;0;0;0;0;0;0;0;0;0;0;0;0;0;0
12.01.2024;02:15;A 64;1;0;0;0;0;0;0;0;0;0;0;0;0;0;0;0;0;0;0;0;0;0;0;0;0;0;0;0;0;0;0;0;0;0;0;0;0;0;0;0;0;0;0;0;0
12.01.2024;02:14;A 64;1;0;0;0;0;0;0;0;0;0;0;0;0;0;0;0;0;0;0;0;0;0;0;0;0;0;0;0;0;0;0;0;0;0;0;0;0;0;0;0;0;0;0;0;0
12.01.2024;02:13;A 64;1;0;0;0;0;0;0;0;0;0;0;0;0;0;0;0;0;0;0;0;0;0;0;0;0;0;0;0;0;0;0;0;0;0;0;0;0;0;0;0;0;0;0;0;0
12.01.2024;02:12;A 64;1;0;0;0;0;0;0;0;0;0;0;0;0;0;0;0;0;0;0;0;0;0;0;0;0;0;0;0;0;0;0;0;0;0;0;0;0;0;0;0;0;0;0;0;0
12.01.2024;02:11;A 64;1;0;0;0;0;0;0;0;0;0;0;0;0;0;0;0;0;0;0;0;0;0;0;0;0;0;0;0;0;0;0;0;0;0;0;0;0;0;0;0;0;0;0;0;0
12.01.2024;02:10;A 64;1;0;0;0;0;0;0;0;0;0;0;0;0;0;0;0;0;0;0;0;0;0;0;0;0;0;0;0;0;0;0;0;0;0;0;0;0;0;0;0;0;0;0;0;0
12.01.2024;02:09;A 64;1;0;0;0;0;0;0;0;0;0;0;0;0;0;0;0;0;0;0;0;0;0;0;0;0;0;0;0;0;0;0;0;0;0;0;0;0;0;0;0;0;0;0;0;0
12.01.2024;02:08;A 64;1;0;0;0;0;0;0;0;0;0;0;0;0;0;0;0;0;0;0;0;0;0;0;0;0;0;0;0;0;0;0;0;0;0;0;0;0;0;0;0;0;0;0;0;0
12.01.2024;02:07;A 64;1;0;0;0;0;0;0;0;0;0;0;0;0;0;0;0;0;0;0;0;0;0;0;0;0;0;0;0;0;0;0;0;0;0;0;0;0;0;0;0;0;0;0;0;0
12.01.2024;02:06;A 64;1;0;0;0;0;0;0;0;0;0;0;0;0;0;0;0;0;0;0;0;0;0;0;0;0;0;0;0;0;0;0;0;0;0;0;0;0;0;0;0;0;0;0;0;0
12.01.2024;02:05;A 64;1;0;0;0;0;0;0;0;0;0;0;0;0;0;0;0;0;0;0;0;0;0;0;0;0;0;0;0;0;0;0;0;0;0;0;0;0;0;0;0;0;0;0;0;0
12.01.2024;02:04;A 64;1;0;0;0;0;0;0;0;0;0;0;0;0;0;0;0;0;0;0;0;0;0;0;0;0;0;0;0;0;0;0;0;0;0;0;0;0;0;0;0;0;0;0;0;0
12.01.2024;02:03;A 64;1;0;0;0;0;0;0;0;0;0;0;1;0;1;3;0;0;0;0;0;0;0;0;0;0;0;0;0;0;0;0;0;0;0;0;0;0;0;0;0;0;0;0;0;0
12.01.2024;02:02;A 64;1;0;0;0;0;1;44;1;43;1;8;0;0;0;0;0;0;0;0;0;0;0;0;0;0;0;0;0;0;0;0;0;0;0;0;0;0;0;0;0;0;0;0;0;0
12.01.2024;02:01;A 64;1;0;0;0;0;0;0;0;0;0;0;0;0;0;0;0;0;0;0;0;0;0;0;0;0;0;0;0;0;0;0;0;0;0;0;0;0;0;0;0;0;0;0;0;0
12.01.2024;02:00;A 64;1;0;0;0;0;0;0;0;0;0;0;0;0;0;0;0;0;0;0;0;0;0;0;0;0;0;0;0;0;0;0;0;0;0;0;0;0;0;0;0;0;0;0;0;0
12.01.2024;01:59;A 64;1;0;0;0;0;0;0;0;0;0;0;1;39;1;6;0;0;0;0;0;0;0;0;0;0;0;0;0;0;0;0;0;0;0;0;0;0;0;0;0;0;0;0;0;0
12.01.2024;01:58;A 64;1;0;0;0;0;0;0;0;0;0;0;0;0;0;0;0;0;0;0;0;0;0;0;0;0;0;0;0;0;0;0;0;0;0;0;0;0;0;0;0;0;0;0;0;0
12.01.2024;01:57;A 64;1;0;0;0;0;0;0;0;0;0;0;0;0;0;0;0;0;0;0;0;0;0;0;0;0;0;0;0;0;0;0;0;0;0;0;0;0;0;0;0;0;0;0;0;0
12.01.2024;01:56;A 64;1;0;0;0;0;0;0;0;0;0;0;0;0;0;0;0;0;0;0;0;0;0;0;0;0;0;0;0;0;0;0;0;0;0;0;0;0;0;0;0;0;0;0;0;0
12.01.2024;01:55;A 64;1;0;0;0;0;0;0;0;0;0;0;0;0;0;0;0;0;0;0;0;0;0;0;0;0;0;0;0;0;0;0;0;0;0;0;0;0;0;0;0;0;0;0;0;0
12.01.2024;01:54;A 64;1;0;0;0;0;0;0;0;0;0;0;0;0;0;0;0;0;0;0;0;0;0;0;0;0;0;0;0;0;0;0;0;0;0;0;0;0;0;0;0;0;0;0;0;0
12.01.2024;01:53;A 64;1;0;0;0;0;0;0;0;0;0;0;0;0;0;0;0;0;0;0;0;0;0;0;0;0;0;0;0;0;0;0;0;0;0;0;0;0;0;0;0;0;0;0;0;0
12.01.2024;01:52;A 64;1;0;0;0;0;0;0;0;0;0;0;0;0;0;0;0;0;0;0;0;0;0;0;0;0;0;0;0;0;0;0;0;0;0;0;0;0;0;0;0;0;0;0;0;0
12.01.2024;01:51;A 64;1;0;0;0;0;1;1;1;1;1;8;0;0;0;0;0;0;0;0;0;0;0;0;0;0;0;0;0;0;0;0;0;0;0;0;0;0;0;0;0;0;0;0;0;0
12.01.2024;01:50;A 64;1;0;0;0;0;0;0;0;0;0;0;0;0;0;0;0;0;0;0;0;0;0;0;0;0;0;0;0;0;0;0;0;0;0;0;0;0;0;0;0;0;0;0;0;0
12.01.2024;01:49;A 64;1;0;0;0;0;0;0;0;0;0;0;0;0;0;0;0;0;0;0;0;0;0;0;0;0;0;0;0;0;0;0;0;0;0;0;0;0;0;0;0;0;0;0;0;0
12.01.2024;01:48;A 64;1;0;0;0;0;0;0;0;0;0;0;1;15;1;9;0;0;0;0;0;0;0;0;0;0;0;0;0;0;0;0;0;0;0;0;0;0;0;0;0;0;0;0;0;0
12.01.2024;01:47;A 64;1;0;0;0;0;0;0;0;0;0;0;0;0;0;0;0;0;0;0;0;0;0;0;0;0;0;0;0;0;0;0;0;0;0;0;0;0;0;0;0;0;0;0;0;0
12.01.2024;01:46;A 64;1;0;0;0;0;0;11;0;8;0;0;0;0;0;0;0;0;0;0;0;0;0;0;0;0;0;0;0;0;0;0;0;0;0;0;0;0;0;0;0;0;0;0;0;0
12.01.2024;01:45;A 64;1;0;0;0;0;1;31;1;33;1;9;0;0;0;0;0;0;0;0;0;0;0;0;0;0;0;0;0;0;0;0;0;0;0;0;0;0;0;0;0;0;0;0;0;0
12.01.2024;01:44;A 64;1;0;0;0;0;0;0;0;0;0;0;2;42;3;33;0;0;0;0;0;0;0;0;0;0;0;0;0;0;0;0;0;0;0;0;0;0;0;0;0;0;0;0;0;0
12.01.2024;01:43;A 64;1;0;0;0;0;1;49;1;49;1;4;0;0;0;0;0;0;0;0;0;0;0;0;0;0;0;0;0;0;0;0;0;0;0;0;0;0;0;0;0;0;0;0;0;0
12.01.2024;01:42;A 64;1;1;17;1;8;0;0;0;0;0;0;0;0;0;0;0;0;0;0;0;0;0;0;0;0;0;0;0;0;0;0;0;0;0;0;0;0;0;0;0;0;0;0;0;0
12.01.2024;01:41;A 64;1;0;0;2;3;0;0;0;0;0;0;0;10;0;0;0;0;0;0;0;0;0;0;0;0;0;0;0;0;0;0;0;0;0;0;0;0;0;0;0;0;0;0;0;0
12.01.2024;01:40;A 64;1;0;0;0;0;0;0;0;0;0;0;3;30;3;21;0;0;0;0;0;0;0;0;0;0;0;0;0;0;0;0;0;0;0;0;0;0;0;0;0;0;0;0;0;0
12.01.2024;01:39;A 64;1;0;0;0;0;0;0;0;0;0;0;0;0;0;0;0;0;0;0;0;0;0;0;0;0;0;0;0;0;0;0;0;0;0;0;0;0;0;0;0;0;0;0;0;0
12.01.2024;01:38;A 64;1;0;0;0;0;0;0;0;0;0;0;0;0;0;0;0;0;0;0;0;0;0;0;0;0;0;0;0;0;0;0;0;0;0;0;0;0;0;0;0;0;0;0;0;0
12.01.2024;01:37;A 64;1;0;0;0;0;0;0;0;0;0;0;0;0;0;0;1;0;1;0;0;0;0;0;0;0;0;0;0;0;0;0;0;0;0;0;0;0;0;0;0;0;0;0;0;0
12.01.2024;01:36;A 64;1;0;0;0;0;2;52;2;51;2;14;0;0;0;0;0;0;0;0;0;0;0;0;0;0;0;0;0;0;0;0;0;0;0;0;0;0;0;0;0;0;0;0;0;0
12.01.2024;01:35;A 64;1;0;0;0;0;0;0;0;0;0;0;0;0;0;0;0;0;0;0;0;0;0;0;0;0;0;0;0;0;0;0;0;0;0;0;0;0;0;0;0;0;0;0;0;0
12.01.2024;01:34;A 64;1;0;0;0;0;0;0;0;0;0;0;0;0;0;0;0;0;0;0;0;0;0;0;0;0;0;0;0;0;0;0;0;0;0;0;0;0;0;0;0;0;0;0;0;0
12.01.2024;01:33;A 64;1;0;0;0;0;0;0;0;0;0;0;0;0;0;0;0;0;0;0;0;0;0;0;0;0;0;0;0;0;0;0;0;0;0;0;0;0;0;0;0;0;0;0;0;0
12.01.2024;01:32;A 64;1;1;0;1;4;0;0;0;0;0;0;0;0;0;0;0;0;0;0;0;0;0;0;0;0;0;0;0;0;0;0;0;0;0;0;0;0;0;0;0;0;0;0;0;0
12.01.2024;01:31;A 64;1;0;0;0;0;0;0;0;0;0;0;0;0;0;0;0;0;0;0;0;0;0;0;0;0;0;0;0;0;0;0;0;0;0;0;0;0;0;0;0;0;0;0;0;0
12.01.2024;01:30;A 64;1;2;17;2;16;0;0;0;0;0;0;0;0;0;0;0;0;0;0;0;0;0;0;0;0;0;0;0;0;0;0;0;0;0;0;0;0;0;0;0;0;0;0;0;0
12.01.2024;01:29;A 64;1;0;0;0;0;0;0;0;0;0;0;0;0;0;0;0;0;0;0;0;0;0;0;0;0;0;0;0;0;0;0;0;0;0;0;0;0;0;0;0;0;0;0;0;0
12.01.2024;01:28;A 64;1;0;0;0;0;0;0;0;0;0;0;0;2;0;0;0;0;0;0;0;0;0;0;0;0;0;0;0;0;0;0;0;0;0;0;0;0;0;0;0;0;0;0;0;0
12.01.2024;01:27;A 64;1;0;0;0;0;1;0;1;0;0;0;1;1;1;5;0;0;0;0;0;0;0;0;0;0;0;0;0;0;0;0;0;0;0;0;0;0;0;0;0;0;0;0;0;0
12.01.2024;01:26;A 64;1;1;29;2;15;0;0;0;0;0;0;0;0;0;0;0;0;0;0;0;0;0;0;0;0;0;0;0;0;0;0;0;0;0;0;0;0;0;0;0;0;0;0;0;0
12.01.2024;01:25;A 64;1;0;0;0;0;0;0;0;0;0;0;0;0;0;0;0;0;0;0;0;0;0;0;0;0;0;0;0;0;0;0;0;0;0;0;0;0;0;0;0;0;0;0;0;0
12.01.2024;01:24;A 64;1;0;0;1;3;0;0;0;0;0;0;0;0;0;0;0;0;0;0;0;0;0;0;0;0;0;0;0;0;0;0;0;0;0;0;0;0;0;0;0;0;0;0;0;0
12.01.2024;01:23;A 64;1;1;32;1;7;0;0;0;0;0;0;1;56;1;58;0;0;0;0;0;0;0;0;0;0;0;0;0;0;0;0;0;0;0;0;0;0;0;0;0;0;0;0;0;0
12.01.2024;01:22;A 64;1;0;0;0;0;0;0;0;0;0;0;0;0;0;0;0;0;0;0;0;0;0;0;0;0;0;0;0;0;0;0;0;0;0;0;0;0;0;0;0;0;0;0;0;0
12.01.2024;01:21;A 64;1;1;1;1;10;0;0;0;0;0;0;1;32;1;7;0;0;0;0;0;0;0;0;0;0;0;0;0;0;0;0;0;0;0;0;0;0;0;0;0;0;0;0;0;0
12.01.2024;01:20;A 64;1;0;0;0;0;0;0;0;0;0;0;0;0;1;5;0;0;0;0;0;0;0;0;0;0;0;0;0;0;0;0;0;0;0;0;0;0;0;0;0;0;0;0;0;0
12.01.2024;01:19;A 64;1;0;0;0;0;0;0;0;0;0;0;0;0;0;0;0;0;0;0;0;0;0;0;0;0;0;0;0;0;0;0;0;0;0;0;0;0;0;0;0;0;0;0;0;0
12.01.2024;01:18;A 64;1;0;0;0;0;0;0;0;0;0;0;0;0;0;0;0;0;0;0;0;0;0;0;0;0;0;0;0;0;0;0;0;0;0;0;0;0;0;0;0;0;0;0;0;0
12.01.2024;01:17;A 64;1;0;0;0;0;0;0;0;0;0;0;0;0;0;0;0;0;0;0;0;0;0;0;0;0;0;0;0;0;0;0;0;0;0;0;0;0;0;0;0;0;0;0;0;0
12.01.2024;01:16;A 64;1;1;12;1;18;0;0;0;0;0;0;0;0;0;0;0;0;0;0;0;0;0;0;0;0;0;0;0;0;0;0;0;0;0;0;0;0;0;0;0;0;0;0;0;0
12.01.2024;01:15;A 64;1;1;3;1;4;0;0;0;0;0;0;0;0;0;0;0;0;0;0;0;0;0;0;0;0;0;0;0;0;0;0;0;0;0;0;0;0;0;0;0;0;0;0;0;0
12.01.2024;01:14;A 64;1;0;0;0;0;1;1;1;1;1;8;0;0;0;0;0;0;0;0;0;0;0;0;0;0;0;0;0;0;0;0;0;0;0;0;0;0;0;0;0;0;0;0;0;0
12.01.2024;01:13;A 64;1;0;0;0;0;0;0;0;0;0;0;0;0;0;0;0;0;0;0;0;0;0;0;0;0;0;0;0;0;0;0;0;0;0;0;0;0;0;0;0;0;0;0;0;0
12.01.2024;01:12;A 64;1;0;0;0;0;0;0;0;0;0;0;1;1;2;6;0;0;0;0;0;0;0;0;0;0;0;0;0;0;0;0;0;0;0;0;0;0;0;0;0;0;0;0;0;0
12.01.2024;01:11;A 64;1;0;0;0;0;0;0;0;0;0;0;1;9;0;1;0;0;0;0;0;0;0;0;0;0;0;0;0;0;0;0;0;0;0;0;0;0;0;0;0;0;0;0;0;0
12.01.2024;01:10;A 64;1;0;0;0;0;0;0;0;0;0;0;1;29;2;11;0;0;0;0;0;0;0;0;0;0;0;0;0;0;0;0;0;0;0;0;0;0;0;0;0;0;0;0;0;0
12.01.2024;01:09;A 64;1;0;0;0;0;0;0;0;0;0;0;1;11;1;5;0;0;0;0;0;0;0;0;0;0;0;0;0;0;0;0;0;0;0;0;0;0;0;0;0;0;0;0;0;0
12.01.2024;01:08;A 64;1;0;0;0;0;0;0;0;0;0;0;0;0;0;0;0;0;0;0;0;0;0;0;0;0;0;0;0;0;0;0;0;0;0;0;0;0;0;0;0;0;0;0;0;0
12.01.2024;01:07;A 64;1;0;0;0;0;0;0;0;0;0;0;0;0;0;0;0;0;0;0;0;0;0;0;0;0;0;0;0;0;0;0;0;0;0;0;0;0;0;0;0;0;0;0;0;0
12.01.2024;01:06;A 64;1;0;0;0;0;0;0;0;0;0;0;0;0;0;0;0;0;0;0;0;0;0;0;0;0;0;0;0;0;0;0;0;0;0;0;0;0;0;0;0;0;0;0;0;0
12.01.2024;01:05;A 64;1;0;0;0;0;1;21;1;20;1;11;0;0;0;0;0;0;0;0;0;0;0;0;0;0;0;0;0;0;0;0;0;0;0;0;0;0;0;0;0;0;0;0;0;0
12.01.2024;01:04;A 64;1;0;0;0;0;0;0;0;0;0;0;0;0;0;0;0;0;0;0;0;0;0;0;0;0;0;0;0;0;0;0;0;0;0;0;0;0;0;0;0;0;0;0;0;0
12.01.2024;01:03;A 64;1;0;0;0;0;0;0;0;0;0;0;0;0;0;0;0;0;0;0;0;0;0;0;0;0;0;0;0;0;0;0;0;0;0;0;0;0;0;0;0;0;0;0;0;0
12.01.2024;01:02;A 64;1;0;0;0;0;0;0;0;0;0;0;0;0;0;0;0;0;0;0;0;0;0;0;0;0;0;0;0;0;0;0;0;0;0;0;0;0;0;0;0;0;0;0;0;0
12.01.2024;01:01;A 64;1;0;0;0;0;0;0;0;0;0;0;2;36;1;40;0;0;0;0;0;0;0;0;0;0;0;0;0;0;0;0;0;0;0;0;0;0;0;0;0;0;0;0;0;0
12.01.2024;01:00;A 64;1;0;0;0;0;0;0;0;0;0;0;0;0;1;25;0;0;0;0;0;0;0;0;0;0;0;0;0;0;0;0;0;0;0;0;0;0;0;0;0;0;0;0;0;0
