Datum;Uhrzeit;Bezeichnung;Intervall;D21Z;D21B;V22Z;V22B;D31Z;D31B;D32Z;D32B;V33Z;V33B;D51Z;D51B;D52Z;D52B;D53Z;D53B;D54Z;D54B;V55Z;V55B;V56Z;V56B;V57Z;V57B;V58Z;V58B;V71Z;V71B;D81Z;D81B;V82Z;V82B;D91Z;D91B;D92Z;D92B;V93Z;V93B;D111Z;D111B;D112Z;D112B;D113Z;D113B;V114Z;V114B;V115Z;V115B;V116Z;V116B;T1_sZ;T1_sB;T1_bZ;T1_bB;T2_sZ;T2_sB;T2_bZ;T2_bB;T3_sZ;T3_sB;T3_bZ;T3_bB;T4_sZ;T4_sB;T4_bZ;T4_bB;T7_sZ;T7_sB;T7_bZ;T7_bB;T8_sZ;T8_sB;T8_bZ;T8_bB;T9_sZ;T9_sB;T9_bZ;T9_bB;T10_sZ;T10_sB;T10_bZ;T10_bB;MP1_A51Z;MP1_A51B;MP2_A51Z;MP2_A51B;MP1Z;MP1B;MP2_A52Z;MP2_A52B;MP3_A52Z;MP3_A52B;MP2Z;MP2B;V1_IOZ;V1_IOB;V2_IOZ;V2_IOB;V3_IOZ;V3_IOB;V4_IOZ;V4_IOB
23.07.2024;02:00;A 27;1;1;1;1;6;0;100;0;0;0;0;0;0;0;0;1;2;0;0;1;1;2;10;0;0;0;0;0;0;0;0;0;0;0;0;0;0;0;0;0;0;0;0;0;0;0;0;0;0;0;0;0;0;0;0;0;0;0;0;0;0;0;0;0;0;0;0;0;0;0;0;0;0;0;0;0;0;0;0;0;0;0;0;;;;;;;;;;;;;;;;;;;;
23.07.2024;01:59;A 27;1;1;0;1;12;0;100;0;0;0;0;0;0;0;0;0;0;0;0;0;0;0;0;0;0;0;0;0;0;0;0;0;0;0;0;0;0;0;0;0;0;0;0;0;0;0;0;0;0;0;0;0;0;0;0;0;0;0;0;0;0;0;0;0;0;0;0;0;0;0;0;0;0;0;0;0;0;0;0;0;0;0;0;;;;;;;;;;;;;;;;;;;;
23.07.2024;01:58;A 27;1;0;0;0;0;0;100;0;0;0;0;1;27;0;0;1;0;0;0;1;9;2;5;0;0;0;0;0;0;0;0;0;0;0;0;0;0;0;0;0;0;0;0;0;0;0;0;0;0;0;0;0;0;0;0;0;0;0;0;0;0;0;0;0;0;0;0;0;0;0;0;0;0;0;0;0;0;0;0;0;0;0;0;;;;;;;;;;;;;;;;;;;;
23.07.2024;01:57;A 27;1;0;0;0;2;0;100;0;0;0;0;0;0;0;0;0;0;0;0;0;0;0;0;0;0;0;0;0;0;0;0;0;0;0;0;0;0;0;0;0;0;0;0;0;0;0;0;0;0;0;0;0;0;0;0;0;0;0;0;0;0;0;0;0;0;0;0;0;0;0;0;0;0;0;0;0;0;0;0;0;0;0;0;;;;;;;;;;;;;;;;;;;;
23.07.2024;01:56;A 27;1;1;1;1;8;0;100;0;0;0;0;0;0;0;0;0;0;0;0;0;0;0;0;0;0;0;0;0;0;0;0;0;0;0;0;0;0;0;0;0;0;0;0;0;0;0;2;0;0;0;0;0;0;0;0;0;0;0;0;0;0;0;0;0;0;0;0;0;0;0;0;0;0;0;0;0;0;0;0;0;0;0;0;;;;;;;;;;;;;;;;;;;;
23.07.2024;01:55;A 27;1;0;0;0;0;0;100;0;0;0;0;0;0;0;0;1;1;0;0;0;0;1;11;0;0;0;0;0;0;1;1;1;10;0;0;0;0;0;0;1;2;1;0;0;0;1;11;2;2;0;0;0;0;0;0;0;0;0;0;0;0;0;0;0;0;0;0;0;0;0;0;0;0;0;0;0;0;0;0;0;0;0;0;;;;;;;;;;;;;;;;;;;;
23.07.2024;01:54;A 27;1;0;0;0;0;0;100;0;0;0;0;0;0;0;0;0;0;0;0;0;0;0;0;0;0;0;0;0;0;0;0;0;0;0;0;0;0;0;0;0;0;1;1;0;0;1;9;3;3;0;0;0;0;0;0;0;0;0;0;0;0;0;0;0;0;0;0;0;0;0;0;0;0;0;0;0;0;0;0;0;0;0;0;;;;;;;;;;;;;;;;;;;;
23.07.2024;01:53;A 27;1;0;0;0;0;0;100;0;0;0;0;1;2;0;0;0;0;0;0;1;8;0;0;0;0;0;0;0;0;0;0;0;0;0;0;0;0;0;0;0;0;0;0;0;0;0;0;0;0;0;0;0;0;0;0;0;0;0;0;0;0;0;0;0;0;0;0;0;0;0;0;0;0;0;0;0;0;0;0;0;0;0;0;;;;;;;;;;;;;;;;;;;;
23.07.2024;01:52;A 27;1;1;1;1;10;0;100;0;0;0;0;0;0;0;0;0;0;0;0;0;0;0;0;0;0;0;0;1;0;0;0;1;2;0;0;0;0;0;0;0;0;0;0;0;0;0;0;0;0;0;0;0;0;0;0;0;0;0;0;0;0;0;0;0;0;0;0;0;0;0;0;0;0;0;0;0;0;0;0;0;0;0;0;;;;;;;;;;;;;;;;;;;;
23.07.2024;01:51;A 27;1;0;0;0;0;0;100;0;0;0;0;0;0;0;0;0;0;0;0;0;0;0;0;0;0;0;0;0;0;1;0;1;3;0;0;0;0;0;0;0;0;0;0;0;0;0;0;0;0;0;0;0;0;0;0;0;0;0;0;0;0;0;0;0;0;0;0;0;0;0;0;0;0;0;0;0;0;0;0;0;0;1;1;;;;;;;;;;;;;;;;;;;;
23.07.2024;01:50;A 27;1;0;0;0;0;0;100;0;0;0;0;0;0;0;0;0;0;1;0;0;0;0;0;0;0;0;0;0;0;0;0;0;0;0;0;0;0;0;0;0;0;1;1;0;0;1;7;3;5;0;0;0;0;0;0;0;0;0;0;0;0;0;0;0;0;0;0;0;0;0;0;0;0;0;0;0;0;0;0;0;0;0;0;;;;;;;;;;;;;;;;;;;;
23.07.2024;01:49;A 27;1;1;1;1;6;0;100;1;0;0;0;0;0;0;0;0;0;0;0;0;0;0;0;0;0;0;0;0;0;0;0;0;0;0;0;0;0;0;0;0;0;0;0;0;0;0;0;0;0;0;0;0;0;0;0;0;0;0;0;0;0;0;0;0;0;0;0;0;0;0;0;0;0;0;0;0;0;0;0;0;0;0;0;;;;;;;;;;;;;;;;;;;;
23.07.2024;01:48;A 27;1;0;0;0;0;0;100;0;0;0;0;2;6;0;0;1;1;0;0;1;11;1;7;0;0;0;0;0;0;1;1;1;9;0;0;0;0;0;0;0;0;0;0;0;0;0;0;0;0;0;0;0;0;0;0;0;0;0;0;0;0;0;0;0;0;0;0;0;0;0;0;0;0;0;0;0;0;0;0;0;0;0;0;;;;;;;;;;;;;;;;;;;;
23.07.2024;01:47;A 27;1;0;0;0;0;0;100;0;0;0;0;0;0;0;0;0;0;1;8;0;0;0;0;2;3;1;4;0;0;0;0;0;0;0;0;0;0;0;0;0;0;0;0;0;0;0;0;0;0;0;0;0;0;0;0;0;0;0;0;0;0;0;0;0;0;0;0;0;0;0;0;0;0;0;0;0;0;0;0;0;0;0;0;;;;;;;;;;;;;;;;;;;;
23.07.2024;01:46;A 27;1;0;0;0;0;0;100;0;0;0;0;0;0;0;0;0;0;0;0;0;0;0;0;0;0;0;0;1;2;0;0;2;10;0;0;0;0;0;0;0;0;0;0;0;0;0;0;0;0;0;0;0;0;0;0;0;0;0;0;0;0;0;0;0;0;0;0;0;0;0;0;0;0;0;0;0;0;0;0;0;0;0;0;;;;;;;;;;;;;;;;;;;;
23.07.2024;01:45;A 27;1;1;1;1;7;0;100;0;0;0;0;0;0;0;0;0;0;0;0;0;0;0;0;0;0;0;0;0;0;0;0;0;0;0;0;0;0;0;0;0;0;0;0;0;0;0;0;0;0;0;0;0;0;0;0;0;0;0;0;0;0;0;0;0;0;0;0;0;0;0;0;0;0;0;0;0;0;0;0;0;0;0;0;;;;;;;;;;;;;;;;;;;;
23.07.2024;01:44;A 27;1;0;0;0;0;0;100;0;0;0;0;0;0;0;0;0;0;0;0;0;0;0;0;0;0;0;0;0;0;0;0;0;0;0;0;0;0;0;0;0;0;0;0;0;0;0;0;0;0;0;0;0;0;0;0;0;0;0;0;0;0;0;0;0;0;0;0;0;0;0;0;0;0;0;0;0;0;0;0;0;0;0;0;;;;;;;;;;;;;;;;;;;;
23.07.2024;01:43;A 27;1;1;1;1;6;0;100;0;0;0;0;0;0;0;0;0;0;0;0;0;0;0;0;0;0;0;0;0;0;0;0;0;0;0;0;0;0;0;0;0;0;1;3;0;0;1;9;2;7;0;0;0;0;0;0;0;0;0;0;0;0;0;0;0;0;0;0;0;0;0;0;0;0;0;0;0;0;0;0;0;0;0;0;;;;;;;;;;;;;;;;;;;;
23.07.2024;01:42;A 27;1;0;0;0;0;0;100;0;0;0;0;0;0;0;0;0;0;0;0;0;0;0;0;0;0;0;0;0;0;0;0;0;0;0;0;0;0;0;0;0;0;0;0;0;0;0;0;0;0;0;0;0;0;0;0;0;0;0;0;0;0;0;0;0;0;0;0;0;0;0;0;0;0;0;0;0;0;0;0;0;0;0;0;;;;;;;;;;;;;;;;;;;;
23.07.2024;01:41;A 27;1;0;0;0;0;0;100;0;0;0;0;0;0;0;0;0;0;0;0;0;0;0;0;0;0;0;0;0;0;0;0;0;0;0;0;0;0;0;0;0;0;0;0;0;0;0;0;0;0;0;0;0;0;0;0;0;0;0;0;0;0;0;0;0;0;0;0;0;0;0;0;0;0;0;0;0;0;0;0;0;0;0;0;;;;;;;;;;;;;;;;;;;;
23.07.2024;01:40;A 27;1;1;1;1;6;0;100;0;0;0;0;0;0;0;0;1;2;0;0;0;0;2;15;1;1;0;0;0;0;0;0;0;0;0;0;0;0;0;0;0;0;0;0;0;0;0;0;0;0;0;0;0;0;0;0;0;0;0;0;0;0;0;0;0;0;0;0;0;0;0;0;0;0;0;0;0;0;0;0;0;0;0;0;;;;;;;;;;;;;;;;;;;;
23.07.2024;01:39;A 27;1;1;1;2;15;0;100;0;0;0;0;0;0;0;0;0;0;0;0;0;0;0;0;0;0;0;0;0;0;0;0;0;0;0;0;0;0;0;0;0;0;0;0;2;50;0;0;4;8;2;9;0;0;0;0;0;0;0;0;0;0;0;0;0;0;0;0;0;0;0;0;0;0;0;0;0;0;0;0;0;0;0;0;;;;;;;;;;;;;;;;;;;;
23.07.2024;01:38;A 27;1;1;2;1;6;0;100;0;0;0;0;0;0;1;1;0;0;1;0;0;0;0;0;0;0;1;1;0;0;0;0;0;0;0;0;0;0;0;0;0;0;1;0;0;0;0;0;1;2;0;0;0;0;0;0;0;0;0;0;0;0;0;0;0;0;0;0;0;0;0;0;0;0;0;0;0;0;0;0;0;0;0;0;;;;;;;;;;;;;;;;;;;;
23.07.2024;01:37;A 27;1;0;0;0;0;0;100;0;0;0;0;0;0;0;0;0;0;0;0;0;0;0;1;0;0;0;0;0;0;0;0;0;0;0;0;0;0;0;0;0;0;0;0;0;0;0;0;0;0;0;0;0;0;0;0;0;0;0;0;0;0;0;0;0;0;0;0;0;0;0;0;0;0;0;0;0;0;0;0;0;0;0;0;;;;;;;;;;;;;;;;;;;;
23.07.2024;01:36;A 27;1;0;0;0;0;0;100;0;0;0;0;0;0;0;0;1;1;0;0;1;2;1;9;0;0;0;0;0;0;3;1;1;0;1;0;0;0;0;0;0;0;0;0;0;0;0;0;0;0;0;0;0;0;0;0;0;0;0;0;0;0;0;0;0;0;0;0;0;0;0;0;0;0;0;0;0;0;0;0;0;0;0;0;;;;;;;;;;;;;;;;;;;;
23.07.2024;01:35;A 27;1;0;0;0;0;0;100;0;0;0;0;0;0;0;0;0;0;0;0;0;0;0;0;0;0;0;0;0;0;0;0;0;0;0;0;0;0;0;0;0;1;0;0;0;0;0;3;0;0;0;0;0;0;0;0;0;0;0;0;0;0;0;0;0;0;0;0;0;0;0;0;0;0;0;0;0;0;0;0;0;0;0;0;;;;;;;;;;;;;;;;;;;;
23.07.2024;01:34;A 27;1;0;0;0;0;0;100;0;0;0;0;0;0;0;0;0;0;0;0;0;0;0;0;0;0;0;0;0;0;0;0;0;0;0;0;0;0;0;0;2;1;0;0;0;0;2;15;0;0;0;0;0;0;0;0;0;0;0;0;0;0;0;0;0;0;0;0;0;0;0;0;0;0;0;0;0;0;0;0;0;0;0;0;;;;;;;;;;;;;;;;;;;;
23.07.2024;01:33;A 27;1;0;0;0;0;0;100;0;0;0;0;0;0;0;0;0;0;0;0;0;0;0;0;0;0;0;0;0;0;0;0;0;0;0;0;0;0;0;0;0;0;0;0;0;0;0;0;0;0;0;0;0;0;0;0;0;0;0;0;0;0;0;0;0;0;0;0;0;0;0;0;0;0;0;0;0;0;0;0;0;0;0;0;;;;;;;;;;;;;;;;;;;;
23.07.2024;01:32;A 27;1;0;0;0;0;0;100;0;0;0;0;0;0;0;0;0;0;1;60;0;0;0;0;0;0;1;4;0;0;0;0;0;0;0;0;0;0;0;0;0;0;1;1;0;0;2;4;1;6;0;0;0;0;0;0;0;0;0;0;0;0;0;0;0;0;0;0;0;0;0;0;0;0;0;0;0;0;0;0;0;0;0;0;;;;;;;;;;;;;;;;;;;;
23.07.2024;01:31;A 27;1;0;0;0;0;0;100;1;5;0;0;0;0;0;0;0;0;0;0;0;0;0;0;0;0;0;0;0;0;1;1;2;4;0;0;0;0;0;0;0;0;0;0;0;0;0;0;0;0;0;0;0;0;0;0;0;0;0;0;0;0;0;0;0;0;0;0;0;0;0;0;0;0;0;0;0;0;0;0;0;0;0;0;;;;;;;;;;;;;;;;;;;;
23.07.2024;01:30;A 27;1;0;0;0;0;0;100;0;0;0;0;0;0;0;0;0;0;0;0;0;0;0;0;0;0;0;0;0;0;0;0;1;1;0;0;0;0;0;0;1;1;1;1;0;0;2;16;2;8;0;0;0;0;0;0;0;0;0;0;0;0;0;0;0;0;0;0;0;0;0;0;0;0;0;0;0;0;0;0;0;0;0;0;;;;;;;;;;;;;;;;;;;;
23.07.2024;01:29;A 27;1;1;1;1;6;0;100;0;0;0;0;1;5;0;0;1;1;0;0;1;3;1;10;0;0;0;0;0;0;0;0;0;0;0;0;0;0;0;0;0;0;0;0;0;0;0;0;0;0;0;0;0;0;0;0;0;0;0;0;0;0;0;0;0;0;0;0;0;0;0;0;0;0;0;0;0;0;0;0;0;0;0;0;;;;;;;;;;;;;;;;;;;;
23.07.2024;01:28;A 27;1;1;1;1;6;0;100;0;0;0;0;0;0;0;0;0;0;0;0;0;0;0;0;0;0;0;0;0;0;0;0;0;0;0;0;0;0;0;0;0;0;0;0;0;0;0;0;0;0;0;0;0;0;0;0;0;0;0;0;0;0;0;0;0;0;0;0;0;0;0;0;0;0;0;0;0;0;0;0;0;0;0;0;;;;;;;;;;;;;;;;;;;;
23.07.2024;01:27;A 27;1;0;0;0;0;0;100;1;1;1;6;1;58;0;0;0;0;0;0;0;3;0;2;0;0;0;0;0;0;0;0;0;0;0;0;0;0;0;0;0;0;1;2;0;0;2;3;1;5;2;1;0;0;0;0;0;0;0;0;0;0;0;0;0;0;0;0;0;0;0;0;0;0;0;0;0;0;0;0;0;0;0;0;;;;;;;;;;;;;;;;;;;;
23.07.2024;01:26;A 27;1;0;0;0;0;0;100;0;0;0;0;1;2;0;0;3;5;0;0;2;5;3;14;1;0;0;0;0;0;1;2;1;13;0;0;0;0;0;0;0;0;0;0;0;0;0;0;0;0;0;0;0;0;0;0;0;0;0;0;0;0;0;0;0;0;0;0;0;0;0;0;0;0;0;0;0;0;0;0;0;0;0;0;;;;;;;;;;;;;;;;;;;;
23.07.2024;01:25;A 27;1;0;0;0;0;0;100;0;0;0;0;0;0;0;0;0;0;0;0;0;0;0;0;0;0;0;0;0;0;0;0;0;0;0;0;0;0;0;0;0;0;0;0;0;0;0;0;0;0;0;0;0;0;0;0;0;0;0;0;0;0;0;0;0;0;0;0;0;0;0;0;0;0;0;0;0;0;0;0;0;0;0;0;;;;;;;;;;;;;;;;;;;;
23.07.2024;01:24;A 27;1;0;0;0;0;0;100;0;0;0;0;0;0;0;0;0;0;0;0;0;0;0;0;0;0;0;0;0;0;0;0;0;0;0;0;0;0;0;0;0;0;0;0;0;0;0;0;0;0;0;0;0;0;0;0;0;0;0;0;0;0;0;0;0;0;0;0;0;0;0;0;0;0;0;0;0;0;0;0;0;0;0;0;;;;;;;;;;;;;;;;;;;;
23.07.2024;01:23;A 27;1;0;0;0;0;0;100;1;1;1;6;0;0;1;1;0;0;1;0;1;1;0;0;0;0;0;0;0;0;0;0;0;0;0;0;0;0;0;0;0;0;1;1;0;0;1;4;5;6;0;0;0;0;0;0;0;0;0;0;0;0;0;0;0;0;0;0;0;0;0;0;0;0;0;0;0;0;0;0;0;0;0;0;;;;;;;;;;;;;;;;;;;;
23.07.2024;01:22;A 27;1;0;0;0;0;0;100;0;0;0;0;0;0;0;0;0;0;0;0;0;0;0;0;0;0;0;0;0;0;0;0;0;0;0;0;0;0;0;0;0;0;1;1;0;0;0;0;1;3;0;0;0;0;0;0;0;0;0;0;0;0;0;0;0;0;0;0;0;0;0;0;0;0;0;0;0;0;0;0;0;0;0;0;;;;;;;;;;;;;;;;;;;;
23.07.2024;01:21;A 27;1;1;1;1;6;0;100;0;0;0;0;0;0;0;0;0;0;0;0;0;0;0;0;0;0;0;0;0;0;0;0;0;0;0;0;0;0;0;0;1;2;0;0;0;0;1;10;0;0;0;0;0;0;0;0;0;0;0;0;0;0;0;0;0;0;0;0;0;0;0;0;0;0;0;0;0;0;0;0;0;0;0;0;;;;;;;;;;;;;;;;;;;;
23.07.2024;01:20;A 27;1;1;12;1;6;0;100;0;0;0;0;0;0;0;0;1;2;0;0;0;0;1;12;0;0;0;0;0;0;0;0;0;0;0;0;0;0;0;0;0;0;0;0;0;0;0;0;0;0;0;0;0;0;0;0;0;0;0;0;0;0;0;0;0;0;0;0;0;0;0;0;0;0;0;0;0;0;0;0;0;0;0;0;;;;;;;;;;;;;;;;;;;;
23.07.2024;01:19;A 27;1;1;2;1;11;0;100;0;0;1;6;0;0;0;0;1;1;0;0;1;3;1;12;0;0;0;0;0;0;0;0;0;0;0;0;0;0;0;0;0;0;0;0;0;0;0;0;0;0;0;0;0;0;0;0;0;0;0;0;0;0;0;0;0;0;0;0;0;0;0;0;0;0;0;0;0;0;0;0;0;0;0;0;;;;;;;;;;;;;;;;;;;;
23.07.2024;01:18;A 27;1;1;3;1;6;0;100;0;0;0;0;0;0;0;0;0;0;0;0;1;2;1;4;0;0;0;0;0;0;0;0;0;0;0;0;0;0;0;0;0;0;0;0;0;0;0;0;0;0;0;0;0;0;0;0;0;0;0;0;0;0;0;0;0;0;0;0;0;0;0;0;0;0;0;0;0;0;0;0;0;0;0;0;;;;;;;;;;;;;;;;;;;;
23.07.2024;01:17;A 27;1;2;6;1;6;0;100;0;0;0;0;0;0;0;0;1;1;0;0;0;0;1;12;0;0;0;0;0;0;0;0;0;0;0;0;0;0;0;0;0;0;2;4;0;0;0;0;3;39;0;0;0;0;0;0;0;0;0;0;0;0;0;0;0;0;0;0;0;0;0;0;0;0;0;0;0;0;0;0;0;0;0;0;;;;;;;;;;;;;;;;;;;;
23.07.2024;01:16;A 27;1;0;0;0;0;0;100;0;0;0;0;0;0;0;0;0;0;1;17;0;0;0;0;0;0;1;1;0;0;0;0;0;0;0;0;0;0;0;0;0;0;0;0;0;0;0;0;0;0;0;0;0;0;0;0;0;0;0;0;0;0;0;0;0;0;0;0;0;0;0;0;0;0;0;0;0;0;0;0;0;0;0;0;;;;;;;;;;;;;;;;;;;;
23.07.2024;01:15;A 27;1;0;0;0;0;0;100;0;0;0;0;0;0;0;0;0;0;0;0;0;0;0;0;0;0;0;0;0;0;0;0;0;0;0;0;0;0;0;0;0;0;0;0;0;0;0;0;0;0;0;0;0;0;0;0;0;0;0;0;0;0;0;0;0;0;0;0;0;0;0;0;0;0;0;0;0;0;0;0;0;0;0;0;;;;;;;;;;;;;;;;;;;;
23.07.2024;01:14;A 27;1;0;0;0;0;0;100;1;5;0;0;0;0;0;0;1;1;0;0;0;0;0;6;0;0;0;0;0;0;1;1;1;8;0;0;0;0;0;0;0;0;0;0;0;0;0;0;0;0;0;0;0;0;0;0;0;0;0;0;0;0;0;0;0;0;0;0;0;0;0;0;0;0;0;0;0;0;0;0;0;0;0;0;;;;;;;;;;;;;;;;;;;;
23.07.2024;01:13;A 27;1;0;0;0;0;0;100;0;0;0;0;0;0;0;0;0;0;0;0;0;0;1;0;0;0;0;0;0;0;0;0;0;0;0;0;0;0;0;0;0;0;0;0;0;0;0;0;0;0;0;0;0;0;0;0;0;0;0;0;0;0;0;0;0;0;0;0;0;0;0;0;0;0;0;0;0;0;0;0;0;0;0;0;;;;;;;;;;;;;;;;;;;;
23.07.2024;01:12;A 27;1;0;0;0;0;0;100;0;0;0;0;0;0;0;0;0;0;0;0;0;0;0;0;0;0;0;0;1;1;1;1;2;13;0;0;0;0;0;0;0;0;0;0;0;0;0;0;0;0;0;0;0;0;0;0;0;0;0;0;0;0;0;0;0;0;0;0;0;0;0;0;0;0;0;0;0;0;0;0;0;0;0;0;;;;;;;;;;;;;;;;;;;;
23.07.2024;01:11;A 27;1;0;0;0;0;0;100;0;0;0;0;0;0;0;0;0;0;0;0;0;0;0;0;0;0;0;0;0;0;0;0;0;0;0;0;0;0;0;0;0;0;0;0;1;67;0;0;1;2;3;3;0;0;0;0;0;0;0;0;0;0;0;0;0;0;0;0;0;0;0;0;0;0;0;0;0;0;0;0;0;0;0;0;;;;;;;;;;;;;;;;;;;;
23.07.2024;01:10;A 27;1;3;1;2;13;0;100;0;0;0;0;0;0;0;0;0;0;0;0;0;0;0;0;0;0;0;0;0;0;1;1;2;5;1;0;1;0;0;0;0;0;0;0;0;0;0;0;0;0;0;0;0;0;0;0;0;0;0;0;0;0;0;0;0;0;0;0;0;0;0;0;0;0;0;0;0;0;0;0;0;0;0;0;;;;;;;;;;;;;;;;;;;;
23.07.2024;01:09;A 27;1;1;3;1;6;0;100;0;0;0;0;0;0;0;0;0;0;0;0;0;0;0;0;0;0;0;0;0;0;1;1;2;4;1;0;1;0;0;0;0;0;0;0;0;0;0;0;0;0;0;0;0;0;0;0;0;0;0;0;0;0;0;0;0;0;0;0;0;0;0;0;0;0;0;0;0;0;0;0;0;0;0;0;;;;;;;;;;;;;;;;;;;;
23.07.2024;01:08;A 27;1;1;1;1;7;0;100;0;0;0;0;0;0;0;0;1;2;0;0;0;0;1;1;0;0;0;0;0;0;0;0;1;0;0;0;0;0;0;0;0;0;0;0;0;0;0;0;0;0;0;0;0;0;0;0;0;0;0;0;0;0;0;0;0;0;0;0;0;0;0;0;0;0;0;0;0;0;0;0;0;0;0;0;;;;;;;;;;;;;;;;;;;;
23.07.2024;01:07;A 27;1;1;0;1;9;0;100;0;0;0;0;0;0;0;0;0;0;0;0;0;0;0;0;0;0;0;0;0;0;0;0;0;0;0;0;0;0;0;0;0;0;0;0;0;0;0;0;0;0;0;0;0;0;0;0;0;0;0;0;0;0;0;0;0;0;0;0;0;0;0;0;0;0;0;0;0;0;0;0;0;0;0;0;;;;;;;;;;;;;;;;;;;;
23.07.2024;01:06;A 27;1;0;0;0;0;0;100;0;0;0;0;0;0;0;0;0;0;0;0;0;0;0;0;0;0;0;0;0;0;1;0;1;4;0;0;0;0;0;0;0;0;0;0;0;0;0;0;0;0;0;0;0;0;0;0;0;0;0;0;0;0;0;0;0;0;0;0;0;0;0;0;0;0;0;0;0;0;0;0;0;0;0;0;;;;;;;;;;;;;;;;;;;;
23.07.2024;01:05;A 27;1;1;2;1;6;0;100;0;0;0;0;0;0;0;0;0;0;0;0;0;0;0;0;0;0;0;0;0;0;0;0;0;0;0;0;0;0;0;0;0;0;0;0;0;0;0;0;0;0;0;0;0;0;0;0;0;0;0;0;0;0;0;0;0;0;0;0;0;0;0;0;0;0;0;0;0;0;0;0;0;0;0;0;;;;;;;;;;;;;;;;;;;;
23.07.2024;01:04;A 27;1;0;0;0;0;0;100;0;0;0;0;0;0;0;0;0;0;0;0;0;0;0;0;0;0;0;0;0;0;0;0;0;0;0;32;0;0;0;0;0;0;0;0;0;0;0;0;0;0;0;0;0;0;0;0;0;0;0;0;0;0;0;0;0;0;0;0;0;0;0;0;0;0;0;0;0;0;0;0;0;0;0;0;;;;;;;;;;;;;;;;;;;;
23.07.2024;01:03;A 27;1;0;0;0;0;0;100;0;0;0;0;0;0;0;0;0;0;0;0;0;0;0;0;0;0;0;0;0;0;0;0;0;0;1;15;1;1;1;6;0;0;0;0;0;0;0;0;0;0;0;0;0;0;0;0;0;0;0;0;0;0;0;0;0;0;0;0;0;0;0;0;0;0;0;0;0;0;0;0;0;0;0;0;;;;;;;;;;;;;;;;;;;;
23.07.2024;01:02;A 27;1;0;0;0;0;0;100;0;0;0;0;0;0;0;0;0;0;0;0;0;0;0;0;0;0;0;0;0;0;0;0;0;0;0;0;0;0;0;0;0;0;0;0;0;0;0;0;0;0;0;0;0;0;0;0;0;0;0;0;0;0;0;0;0;0;0;0;0;0;0;0;0;0;0;0;0;0;0;0;0;0;0;0;;;;;;;;;;;;;;;;;;;;
23.07.2024;01:01;A 27;1;0;0;0;4;0;100;0;0;0;0;0;0;0;0;0;0;0;0;0;0;0;0;0;0;0;0;0;0;0;0;2;1;0;0;0;0;0;0;0;0;1;0;1;26;0;0;3;4;2;2;0;0;0;0;0;0;0;0;0;0;0;0;0;0;0;0;0;0;0;0;0;0;0;0;0;0;0;0;0;0;0;0;;;;;;;;;;;;;;;;;;;;
23.07.2024;01:00;A 27;1;1;1;1;2;0;100;0;0;0;0;0;0;0;0;0;0;0;0;0;0;0;0;0;0;0;0;0;0;0;0;0;0;0;0;0;0;0;0;0;0;0;0;0;0;0;0;0;0;0;0;0;0;0;0;0;0;0;0;0;0;0;0;0;0;0;0;0;0;0;0;0;0;0;0;0;0;0;0;0;0;0;0;;;;;;;;;;;;;;;;;;;;
23.07.2024;00:59;A 27;1;0;0;0;0;0;100;2;4;0;0;0;0;0;0;0;0;0;0;0;0;0;0;0;0;0;0;1;5;1;3;0;66;0;0;0;0;0;0;0;0;0;0;0;0;0;0;0;0;0;0;0;0;0;0;0;0;0;0;0;0;0;0;0;0;0;0;0;0;0;0;0;0;0;0;0;0;0;0;0;0;0;0;;;;;;;;;;;;;;;;;;;;
23.07.2024;00:58;A 27;1;2;4;2;13;0;100;0;0;0;0;0;0;0;0;0;0;0;0;0;0;0;0;0;0;0;0;1;1;2;2;6;20;2;44;1;0;0;0;0;0;0;0;0;0;0;0;0;0;0;0;0;0;0;0;0;0;0;0;0;0;0;0;0;0;0;0;0;0;0;0;0;0;0;0;0;0;0;0;0;0;0;0;;;;;;;;;;;;;;;;;;;;
23.07.2024;00:57;A 27;1;1;0;1;6;0;100;0;0;0;0;0;0;0;0;1;1;0;0;1;2;0;8;0;0;0;0;0;0;1;1;2;10;0;0;1;2;3;8;0;0;0;0;0;0;0;0;0;0;0;0;0;0;0;0;0;0;0;0;0;0;0;0;0;0;0;0;0;0;0;0;0;0;0;0;0;0;0;0;0;0;0;0;;;;;;;;;;;;;;;;;;;;
23.07.2024;00:56;A 27;1;0;0;0;0;0;100;0;0;0;0;0;0;1;1;1;2;0;0;1;0;4;21;3;10;0;0;0;0;0;0;0;0;0;0;0;0;0;0;1;2;0;0;0;0;1;8;0;0;0;0;0;0;0;0;0;0;0;0;0;0;0;0;0;0;0;0;0;0;0;0;0;0;0;0;0;0;0;0;0;0;0;0;;;;;;;;;;;;;;;;;;;;
23.07.2024;00:55;A 27;1;0;0;0;0;0;100;0;0;0;0;0;0;0;0;0;0;0;0;0;0;0;0;0;0;0;0;0;0;1;1;2;7;0;0;0;0;0;0;0;0;0;0;0;0;0;0;0;0;0;0;0;0;0;0;0;0;0;0;0;0;0;0;0;0;0;0;0;0;0;0;0;0;0;0;0;0;0;0;0;0;0;0;;;;;;;;;;;;;;;;;;;;
23.07.2024;00:54;A 27;1;0;0;0;0;0;100;0;0;0;0;0;0;0;0;0;0;0;0;0;0;0;0;0;0;0;0;0;0;0;0;0;0;0;0;0;0;0;0;1;2;0;0;0;0;4;17;2;5;0;0;0;0;0;0;0;0;0;0;0;0;0;0;0;0;0;0;0;0;0;0;0;0;0;0;0;0;0;0;0;0;0;0;;;;;;;;;;;;;;;;;;;;
23.07.2024;00:53;A 27;1;1;1;1;12;0;100;0;0;0;0;0;0;0;0;0;0;0;0;0;0;0;0;0;0;0;0;0;0;0;0;0;0;0;0;0;0;0;0;0;0;1;1;0;0;1;6;2;5;0;0;0;0;0;0;0;0;0;0;0;0;0;0;0;0;0;0;0;0;0;0;0;0;0;0;0;0;0;0;0;0;0;0;;;;;;;;;;;;;;;;;;;;
23.07.2024;00:52;A 27;1;0;0;0;0;0;100;0;0;0;0;0;0;1;1;0;0;0;0;0;0;1;10;1;13;0;0;0;0;0;0;0;0;0;0;0;0;0;0;0;0;0;0;0;0;0;0;0;0;0;0;0;0;0;0;0;0;0;0;0;0;0;0;0;0;0;0;0;0;0;0;0;0;0;0;0;0;0;0;0;0;0;0;;;;;;;;;;;;;;;;;;;;
23.07.2024;00:51;A 27;1;2;61;1;6;0;100;0;0;0;0;0;0;0;0;0;0;0;0;0;0;0;0;0;0;0;0;0;0;0;0;0;0;0;0;0;0;0;0;0;0;1;1;0;0;1;9;2;3;0;0;0;0;0;0;0;0;0;0;0;0;0;0;0;0;0;0;0;0;0;0;0;0;0;0;0;0;0;0;0;0;0;0;;;;;;;;;;;;;;;;;;;;
23.07.2024;00:50;A 27;1;0;0;0;0;0;100;0;0;0;0;0;0;0;0;0;0;0;0;0;0;0;0;0;0;0;0;0;0;1;1;2;6;1;55;0;0;0;2;0;0;0;0;0;10;0;0;0;0;0;0;0;0;0;0;0;0;0;0;0;0;0;0;0;0;0;0;0;0;0;0;0;0;0;0;0;0;0;0;0;0;0;0;;;;;;;;;;;;;;;;;;;;
23.07.2024;00:49;A 27;1;1;1;2;13;0;100;0;0;0;0;0;0;0;0;0;0;0;0;0;0;0;0;0;0;0;0;0;0;0;0;0;0;0;0;1;1;1;4;1;1;0;0;1;35;1;7;2;4;3;4;0;0;0;0;0;0;0;0;0;0;0;0;0;0;0;0;0;0;0;0;0;0;0;0;0;0;0;0;0;0;0;0;;;;;;;;;;;;;;;;;;;;
23.07.2024;00:48;A 27;1;1;1;0;0;0;100;0;0;0;0;0;0;0;0;0;0;0;0;0;0;0;0;0;0;0;0;1;0;0;0;1;4;0;0;0;0;0;0;0;0;0;0;0;0;0;0;0;0;0;0;0;0;0;0;0;0;0;0;0;0;0;0;0;0;0;0;0;0;0;0;0;0;0;0;0;0;0;0;0;0;0;0;;;;;;;;;;;;;;;;;;;;
23.07.2024;00:47;A 27;1;0;0;0;0;0;100;0;0;0;0;0;0;0;0;1;0;0;0;0;0;2;6;0;0;0;0;0;0;0;0;0;0;0;0;0;0;0;0;0;0;0;0;0;0;0;0;0;0;0;0;0;0;0;0;0;0;0;0;0;0;0;0;0;0;0;0;0;0;0;0;0;0;0;0;0;0;0;0;0;0;0;0;;;;;;;;;;;;;;;;;;;;
23.07.2024;00:46;A 27;1;0;0;0;0;0;100;0;0;0;0;0;0;0;0;0;0;0;0;0;0;0;0;0;0;0;0;0;0;0;0;0;0;0;0;0;0;0;0;1;1;0;0;0;0;2;7;0;0;0;0;0;0;0;0;0;0;0;0;0;0;0;0;0;0;0;0;0;0;0;0;0;0;0;0;0;0;0;0;0;0;0;0;;;;;;;;;;;;;;;;;;;;
23.07.2024;00:45;A 27;1;1;1;2;15;0;100;0;0;0;0;0;0;0;0;0;0;0;0;0;0;0;0;0;0;0;0;0;0;1;1;2;6;0;0;0;0;0;0;1;1;0;0;0;0;1;6;0;0;0;0;0;0;0;0;0;0;0;0;0;0;0;0;0;0;0;0;0;0;0;0;0;0;0;0;0;0;0;0;0;0;0;0;;;;;;;;;;;;;;;;;;;;
23.07.2024;00:44;A 27;1;1;16;0;0;0;100;0;0;0;0;0;0;0;0;0;0;0;0;0;0;0;0;0;0;0;0;0;0;0;0;0;0;0;0;0;0;0;0;0;0;0;0;0;0;0;0;0;0;0;0;0;0;0;0;0;0;0;0;0;0;0;0;0;0;0;0;0;0;0;0;0;0;0;0;0;0;0;0;0;0;0;0;;;;;;;;;;;;;;;;;;;;
23.07.2024;00:43;A 27;1;1;1;1;6;0;100;1;4;0;0;0;0;0;0;0;0;1;1;0;0;0;8;2;5;1;3;0;0;0;0;0;0;0;0;0;0;0;0;0;0;0;0;0;0;0;0;0;0;0;15;0;0;0;0;0;0;0;0;0;0;0;0;0;0;0;0;0;0;0;0;0;0;0;0;0;0;0;0;0;0;0;0;;;;;;;;;;;;;;;;;;;;
23.07.2024;00:42;A 27;1;2;1;1;6;0;100;0;0;0;0;0;0;0;0;0;0;0;0;0;0;1;1;0;0;0;0;0;0;1;0;1;3;0;0;0;0;0;0;1;0;1;2;0;0;1;5;2;7;1;57;0;0;0;0;0;0;0;0;0;0;0;0;0;0;0;0;0;0;0;0;0;0;0;0;0;0;0;0;0;0;0;0;;;;;;;;;;;;;;;;;;;;
23.07.2024;00:41;A 27;1;1;0;1;6;0;100;0;0;0;0;0;0;0;0;0;0;0;0;0;0;0;0;0;0;0;0;1;0;0;0;1;2;0;0;0;0;0;0;0;0;0;0;0;0;0;0;0;0;0;0;0;0;0;0;0;0;0;0;0;0;0;0;0;0;0;0;0;0;0;0;0;0;0;0;0;0;0;0;0;0;0;0;;;;;;;;;;;;;;;;;;;;
23.07.2024;00:40;A 27;1;0;0;0;0;0;100;0;0;0;0;0;0;0;0;0;0;0;0;0;0;0;0;0;0;0;0;0;0;0;0;0;0;0;0;0;0;0;0;0;0;0;0;0;0;0;0;0;0;0;0;0;0;0;0;0;0;0;0;0;0;0;0;0;0;0;0;0;0;0;0;0;0;0;0;0;0;0;0;0;0;0;0;;;;;;;;;;;;;;;;;;;;
23.07.2024;00:39;A 27;1;1;3;1;6;0;100;1;3;0;0;0;0;0;0;1;2;0;0;0;0;2;62;0;0;0;0;0;0;0;0;0;0;3;3;3;3;0;0;0;0;0;0;0;0;0;0;0;0;0;0;0;0;0;0;0;0;0;0;0;0;0;0;0;0;0;0;0;0;0;0;0;0;0;0;0;0;0;0;0;0;1;1;;;;;;;;;;;;;;;;;;;;
23.07.2024;00:38;A 27;1;4;8;2;13;0;100;1;2;1;6;1;2;0;0;2;2;0;0;1;5;2;16;0;0;0;0;0;0;1;1;3;5;0;0;0;0;0;0;0;0;0;0;0;0;0;0;0;0;0;0;0;0;0;0;0;0;0;0;0;0;0;0;0;0;0;0;0;0;0;0;0;0;0;0;0;0;0;0;0;0;0;0;;;;;;;;;;;;;;;;;;;;
23.07.2024;00:37;A 27;1;1;1;1;6;0;100;0;0;0;0;0;0;0;0;0;0;0;0;0;0;0;0;0;0;0;0;0;0;0;0;0;0;0;0;0;0;0;0;0;0;1;2;0;0;0;9;1;7;0;0;0;0;0;0;0;0;0;0;0;0;0;0;0;0;0;0;0;0;0;0;0;0;0;0;0;0;0;0;0;0;0;0;;;;;;;;;;;;;;;;;;;;
23.07.2024;00:36;A 27;1;0;0;0;0;0;100;1;1;1;6;0;0;0;0;0;0;0;0;0;0;0;0;0;0;0;0;0;0;0;0;0;0;0;0;0;0;0;0;1;1;0;0;1;1;1;1;0;0;0;0;0;0;0;0;0;0;0;0;0;0;0;0;0;0;0;0;0;0;0;0;0;0;0;0;0;0;0;0;0;0;0;0;;;;;;;;;;;;;;;;;;;;
23.07.2024;00:35;A 27;1;1;2;1;6;0;100;0;0;0;0;0;0;0;0;0;0;0;0;0;0;0;0;0;0;0;0;0;0;0;0;0;0;0;0;0;0;0;0;0;0;0;0;0;0;0;0;0;0;0;0;0;0;0;0;0;0;0;0;0;0;0;0;0;0;0;0;0;0;0;0;0;0;0;0;0;0;0;0;0;0;0;0;;;;;;;;;;;;;;;;;;;;
23.07.2024;00:34;A 27;1;0;0;0;0;0;100;0;0;0;1;0;0;0;0;0;0;1;0;1;2;1;5;0;0;0;0;0;0;0;0;0;0;0;0;0;0;0;0;0;0;0;0;0;0;0;0;0;0;0;0;0;0;0;0;0;0;0;0;0;0;0;0;0;0;0;0;0;0;0;0;0;0;0;0;0;0;0;0;0;0;0;0;;;;;;;;;;;;;;;;;;;;
23.07.2024;00:33;A 27;1;0;37;1;7;0;100;1;1;1;5;0;0;1;1;1;1;0;0;0;0;1;12;3;7;0;0;0;0;1;1;1;8;0;11;0;0;0;0;0;0;1;6;0;0;1;5;1;5;3;7;0;0;0;0;0;0;0;0;0;0;0;0;0;0;0;0;0;0;0;0;0;0;0;0;0;0;0;0;0;0;0;0;;;;;;;;;;;;;;;;;;;;
23.07.2024;00:32;A 27;1;1;40;0;0;0;100;0;0;0;0;0;0;0;0;0;0;0;0;0;0;0;0;0;0;0;0;0;0;0;0;0;0;1;11;1;1;1;7;1;2;1;2;1;1;1;11;1;8;0;0;0;0;0;0;0;0;0;0;0;0;0;0;0;0;0;0;0;0;0;0;0;0;0;0;0;0;0;0;0;0;0;0;;;;;;;;;;;;;;;;;;;;
23.07.2024;00:31;A 27;1;0;0;0;0;0;100;0;0;0;0;0;0;0;0;0;0;0;0;0;0;0;0;0;0;0;0;0;0;1;1;1;8;0;0;0;0;0;0;1;1;0;0;0;0;1;11;0;0;0;0;0;0;0;0;0;0;0;0;0;0;0;0;0;0;0;0;0;0;0;0;0;0;0;0;0;0;0;0;0;0;0;0;;;;;;;;;;;;;;;;;;;;
23.07.2024;00:30;A 27;1;0;0;0;0;0;100;0;0;0;0;0;0;0;0;0;0;0;0;0;0;0;0;0;0;0;0;0;0;1;2;1;13;1;1;0;0;0;0;0;0;0;0;0;0;0;0;0;0;0;0;0;0;0;0;0;0;0;0;0;0;0;0;0;0;0;0;0;0;0;0;0;0;0;0;0;0;0;0;0;0;0;0;;;;;;;;;;;;;;;;;;;;
23.07.2024;00:29;A 27;1;0;0;0;0;0;100;1;5;0;0;0;4;0;0;0;0;2;9;0;0;0;0;2;6;1;3;0;0;1;1;1;10;0;0;0;0;0;0;0;0;0;0;0;0;0;0;0;0;0;0;0;0;0;0;0;0;0;0;0;0;0;0;0;0;0;0;0;0;0;0;0;0;0;0;0;0;0;0;0;0;0;0;;;;;;;;;;;;;;;;;;;;
23.07.2024;00:28;A 27;1;0;0;0;0;0;100;0;0;0;0;1;16;0;0;1;0;0;0;1;7;1;8;0;0;0;0;0;0;2;2;4;9;1;0;0;0;0;0;0;0;0;0;0;0;0;0;0;0;0;0;0;0;0;0;0;0;0;0;0;0;0;0;0;0;0;0;0;0;0;0;0;0;0;0;0;0;0;0;0;0;0;0;;;;;;;;;;;;;;;;;;;;
23.07.2024;00:27;A 27;1;0;0;0;0;0;100;0;0;0;0;0;0;0;0;0;0;0;0;0;0;0;0;0;0;0;0;0;0;0;0;0;20;1;20;1;0;1;3;0;0;0;0;0;0;0;0;0;0;0;0;0;0;0;0;0;0;0;0;0;0;0;0;0;0;0;0;0;0;0;0;0;0;0;0;0;0;0;0;0;0;0;0;;;;;;;;;;;;;;;;;;;;
23.07.2024;00:26;A 27;1;0;0;0;0;0;100;0;0;0;0;0;0;1;1;1;0;0;0;0;0;2;13;3;9;0;0;0;0;2;4;2;38;1;69;1;1;1;0;0;0;1;0;0;0;1;3;1;3;0;0;0;0;0;0;0;0;0;0;0;0;0;0;0;0;0;0;0;0;0;0;0;0;0;0;0;0;0;0;0;0;0;0;;;;;;;;;;;;;;;;;;;;
23.07.2024;00:25;A 27;1;0;0;0;0;0;100;0;0;0;0;1;1;0;0;1;1;0;0;1;6;1;4;0;0;0;0;0;0;0;0;0;0;0;0;0;0;0;0;1;2;0;0;0;0;1;14;0;0;0;0;0;0;0;0;0;0;0;0;0;0;0;0;0;0;0;0;0;0;0;0;0;0;0;0;0;0;0;0;0;0;0;0;;;;;;;;;;;;;;;;;;;;
23.07.2024;00:24;A 27;1;2;1;1;6;0;100;0;0;0;0;0;0;0;0;0;0;0;0;0;0;0;0;0;0;0;0;0;0;0;0;0;0;3;4;3;3;0;0;1;2;1;3;0;0;1;55;0;53;0;42;0;0;0;0;0;0;0;0;0;0;0;0;0;0;0;0;0;0;0;0;0;0;0;0;0;0;0;0;0;0;0;0;;;;;;;;;;;;;;;;;;;;
23.07.2024;00:23;A 27;1;3;2;2;13;0;100;0;0;0;0;0;0;1;2;0;0;0;0;0;0;2;9;1;17;0;0;1;0;2;1;1;6;1;0;0;0;0;0;1;1;2;5;0;0;2;21;2;14;1;3;0;0;0;0;0;0;0;0;0;0;0;0;0;0;0;0;0;0;0;0;0;0;0;0;0;0;0;0;0;0;0;0;;;;;;;;;;;;;;;;;;;;
23.07.2024;00:22;A 27;1;2;4;2;19;0;100;0;0;0;0;0;0;0;0;1;2;0;0;2;6;1;15;0;0;0;0;0;0;0;0;0;0;0;0;0;0;0;0;1;1;0;0;0;0;1;7;0;0;0;0;0;0;0;0;0;0;0;0;0;0;0;0;0;0;0;0;0;0;0;0;0;0;0;0;0;0;0;0;0;0;0;0;;;;;;;;;;;;;;;;;;;;
23.07.2024;00:21;A 27;1;1;0;1;9;0;100;0;0;0;0;0;0;0;0;0;0;0;0;0;0;0;0;0;0;0;0;0;0;1;0;3;7;1;0;1;0;0;0;1;0;1;0;0;0;1;2;2;1;1;0;0;0;0;0;0;0;0;0;0;0;0;0;0;0;0;0;0;0;0;0;0;0;0;0;0;0;0;0;0;0;0;0;;;;;;;;;;;;;;;;;;;;
23.07.2024;00:20;A 27;1;0;0;0;0;0;100;0;0;0;0;0;0;0;0;0;0;0;0;0;0;0;0;0;0;0;0;0;0;0;0;0;0;0;0;0;0;0;0;0;0;0;0;0;0;0;0;0;0;0;0;0;0;0;0;0;0;0;0;0;0;0;0;0;0;0;0;0;0;0;0;0;0;0;0;0;0;0;0;0;0;0;0;;;;;;;;;;;;;;;;;;;;
23.07.2024;00:19;A 27;1;1;0;1;11;0;100;0;0;0;0;0;0;0;0;0;0;0;0;0;0;0;0;0;0;0;0;0;0;2;1;2;7;1;0;1;0;2;2;1;1;1;1;1;0;2;8;2;3;0;0;0;0;0;0;0;0;0;0;0;0;0;0;0;0;0;0;0;0;0;0;0;0;0;0;0;0;0;0;0;0;0;0;;;;;;;;;;;;;;;;;;;;
23.07.2024;00:18;A 27;1;0;0;0;0;0;100;0;0;0;0;0;0;0;0;0;0;0;0;0;0;0;0;0;0;0;0;0;0;0;0;0;0;0;0;0;0;0;0;0;0;1;0;0;0;1;2;1;2;0;0;0;0;0;0;0;0;0;0;0;0;0;0;0;0;0;0;0;0;0;0;0;0;0;0;0;0;0;0;0;0;0;0;;;;;;;;;;;;;;;;;;;;
23.07.2024;00:17;A 27;1;1;1;2;13;0;100;0;0;0;0;0;0;0;0;2;4;0;0;1;5;1;24;1;3;0;0;0;0;1;1;1;9;0;0;0;0;0;0;0;0;0;0;0;0;0;0;0;0;0;0;0;0;0;0;0;0;0;0;0;0;0;0;0;0;0;0;0;0;0;0;0;0;0;0;0;0;0;0;0;0;0;0;;;;;;;;;;;;;;;;;;;;
23.07.2024;00:16;A 27;1;2;5;1;6;0;100;1;5;1;8;0;0;0;0;0;0;0;0;0;0;1;0;0;0;0;0;0;0;1;2;2;12;1;2;0;0;0;0;0;0;0;0;0;0;0;0;0;0;0;0;0;0;0;0;0;0;0;0;0;0;0;0;0;0;0;0;0;0;0;0;0;0;0;0;0;0;0;0;0;0;0;0;;;;;;;;;;;;;;;;;;;;
23.07.2024;00:15;A 27;1;0;0;0;0;0;100;3;4;0;0;1;0;0;0;1;0;0;0;2;6;1;8;0;0;0;0;0;0;0;0;0;0;0;0;0;0;0;0;0;0;0;0;0;0;0;0;0;0;0;0;0;0;0;0;0;0;0;0;0;0;0;0;0;0;0;0;0;0;0;0;0;0;0;0;0;0;0;0;0;0;0;0;;;;;;;;;;;;;;;;;;;;
23.07.2024;00:14;A 27;1;0;0;0;0;0;100;0;0;0;0;0;0;0;0;0;0;0;0;0;0;0;0;0;0;0;0;0;0;0;0;0;0;0;0;0;0;0;0;0;0;1;2;0;0;2;5;1;5;0;0;0;0;0;0;0;0;0;0;0;0;0;0;0;0;0;0;0;0;0;0;0;0;0;0;0;0;0;0;0;0;0;0;;;;;;;;;;;;;;;;;;;;
23.07.2024;00:13;A 27;1;0;0;0;0;0;100;0;0;0;0;0;0;0;0;0;0;0;0;0;0;0;0;0;0;0;0;0;0;0;0;0;0;1;28;1;1;1;6;0;0;0;0;0;0;0;0;0;0;0;0;0;0;0;0;0;0;0;0;0;0;0;0;0;0;0;0;0;0;0;0;0;0;0;0;0;0;0;0;0;0;0;0;;;;;;;;;;;;;;;;;;;;
23.07.2024;00:12;A 27;1;1;3;1;6;0;100;2;1;0;0;0;0;0;0;0;0;0;0;0;0;0;0;0;0;0;0;0;0;0;0;0;0;0;0;0;0;0;0;0;0;0;0;0;1;0;0;0;0;0;0;0;0;0;0;0;0;0;0;0;0;0;0;0;0;0;0;0;0;0;0;0;0;0;0;0;0;0;0;0;0;0;0;;;;;;;;;;;;;;;;;;;;
23.07.2024;00:11;A 27;1;3;8;1;6;0;100;0;0;0;0;0;0;0;0;1;2;0;0;1;7;1;15;0;0;0;0;0;0;4;19;2;40;1;0;0;0;0;0;0;0;1;0;2;50;0;0;1;1;1;4;0;0;0;0;0;0;0;0;0;0;0;0;0;0;0;0;0;0;0;0;0;0;0;0;0;0;0;0;0;0;0;0;;;;;;;;;;;;;;;;;;;;
23.07.2024;00:10;A 27;1;0;0;0;0;0;100;0;0;0;0;0;0;1;1;1;1;0;0;0;0;2;17;3;5;0;0;0;0;0;0;0;0;0;0;0;0;0;0;2;2;2;2;0;0;2;22;3;5;0;0;0;0;0;0;0;0;0;0;0;0;0;0;0;0;0;0;0;0;0;0;0;0;0;0;0;0;0;0;0;0;0;0;;;;;;;;;;;;;;;;;;;;
23.07.2024;00:09;A 27;1;1;1;1;11;0;100;0;0;0;0;0;0;0;0;0;0;0;0;0;0;0;0;0;0;0;0;0;0;0;0;0;0;3;3;4;2;0;0;1;2;2;3;0;0;2;19;2;9;0;0;0;0;0;0;0;0;0;0;0;0;0;0;0;0;0;0;0;0;0;0;0;0;0;0;0;0;0;0;0;0;0;0;;;;;;;;;;;;;;;;;;;;
23.07.2024;00:08;A 27;1;2;1;1;10;0;100;0;0;0;0;0;0;1;0;0;0;0;0;0;0;0;0;4;7;0;0;0;0;0;0;0;0;0;0;0;0;0;0;0;0;0;0;0;0;0;0;0;0;0;0;0;0;0;0;0;0;0;0;0;0;0;0;0;0;0;0;0;0;0;0;0;0;0;0;0;0;0;0;0;0;0;0;;;;;;;;;;;;;;;;;;;;
23.07.2024;00:07;A 27;1;0;0;0;0;0;100;0;0;0;0;0;0;0;0;1;0;0;0;0;0;1;9;0;0;0;0;0;0;0;0;0;0;0;0;0;0;0;0;0;0;0;0;0;0;0;0;0;0;0;0;0;0;0;0;0;0;0;0;0;0;0;0;0;0;0;0;0;0;0;0;0;0;0;0;0;0;0;0;0;0;0;0;;;;;;;;;;;;;;;;;;;;
23.07.2024;00:06;A 27;1;0;0;0;0;0;100;0;0;0;0;0;0;0;0;0;0;0;0;0;0;0;0;0;0;0;0;0;0;0;0;0;0;0;0;0;0;0;0;1;3;0;0;0;0;0;17;0;0;0;0;0;0;0;0;0;0;0;0;0;0;0;0;0;0;0;0;0;0;0;0;0;0;0;0;0;0;0;0;0;0;0;0;;;;;;;;;;;;;;;;;;;;
23.07.2024;00:05;A 27;1;1;0;1;6;0;100;0;0;0;0;0;0;1;2;1;2;0;0;0;0;1;11;3;12;0;0;1;1;0;0;1;5;0;0;0;0;0;0;1;1;0;0;0;0;1;8;0;0;0;0;0;0;0;0;0;0;0;0;0;0;0;0;0;0;0;0;0;0;0;0;0;0;0;0;0;0;0;0;0;0;0;0;;;;;;;;;;;;;;;;;;;;
23.07.2024;00:04;A 27;1;0;0;0;0;0;100;0;0;0;0;0;0;0;0;0;0;0;0;0;0;0;0;0;0;0;0;1;0;0;0;1;2;0;0;0;0;0;0;0;0;0;0;0;0;0;0;0;0;0;0;0;0;0;0;0;0;0;0;0;0;0;0;0;0;0;0;0;0;0;0;0;0;0;0;0;0;0;0;0;0;0;0;;;;;;;;;;;;;;;;;;;;
23.07.2024;00:03;A 27;1;1;1;1;6;0;100;0;0;0;0;0;0;0;0;0;0;0;0;0;0;0;0;0;0;0;0;0;0;1;1;1;6;1;0;0;0;0;0;0;0;0;0;0;0;1;0;0;0;0;0;0;0;0;0;0;0;0;0;0;0;0;0;0;0;0;0;0;0;0;0;0;0;0;0;0;0;0;0;0;0;0;0;;;;;;;;;;;;;;;;;;;;
23.07.2024;00:02;A 27;1;1;1;1;6;0;100;1;1;1;6;0;0;0;0;0;0;0;0;0;0;0;0;0;0;0;0;0;0;1;0;0;0;0;0;0;0;0;0;0;0;1;1;0;0;1;8;1;7;0;0;0;0;0;0;0;0;0;0;0;0;0;0;0;0;0;0;0;0;0;0;0;0;0;0;0;0;0;0;0;0;0;0;;;;;;;;;;;;;;;;;;;;
23.07.2024;00:01;A 27;1;2;1;1;6;0;100;0;0;0;0;0;0;0;0;1;1;1;29;0;0;1;10;0;0;1;3;0;0;1;1;1;8;0;0;0;0;0;0;0;0;1;2;0;0;1;6;1;6;0;0;0;0;0;0;0;0;0;0;0;0;0;0;0;0;0;0;0;0;0;0;0;0;0;0;0;0;0;0;0;0;0;0;;;;;;;;;;;;;;;;;;;;
23.07.2024;00:00;A 27;1;0;0;0;0;0;100;1;5;0;0;0;0;0;0;0;0;0;0;0;0;0;0;0;0;0;0;0;0;0;0;0;0;0;0;0;0;0;0;0;0;0;0;0;0;0;0;0;0;0;0;0;0;0;0;0;0;0;0;0;0;0;0;0;0;0;0;0;0;0;0;0;0;0;0;0;0;0;0;0;0;0;0;;;;;;;;;;;;;;;;;;;;
22.07.2024;23:59;A 27;1;0;0;1;6;0;100;1;1;1;6;0;0;0;0;0;0;0;0;0;0;0;0;0;0;0;0;0;0;0;0;0;0;0;0;0;0;0;0;0;0;0;0;0;0;0;0;0;0;0;0;0;0;0;0;0;0;0;0;0;0;0;0;0;0;0;0;0;0;0;0;0;0;0;0;0;0;0;0;0;0;0;0;;;;;;;;;;;;;;;;;;;;
22.07.2024;23:58;A 27;1;4;5;1;7;0;100;1;0;0;0;0;0;0;0;0;0;0;0;0;0;0;0;0;0;0;0;0;0;0;0;0;0;0;0;0;0;0;0;0;0;0;0;0;0;0;0;0;0;0;0;0;0;0;0;0;0;0;0;0;0;0;0;0;0;0;0;0;0;0;0;0;0;0;0;0;0;0;0;0;0;0;0;;;;;;;;;;;;;;;;;;;;
22.07.2024;23:57;A 27;1;0;0;0;0;0;100;0;0;0;0;0;0;1;2;1;2;0;0;0;0;1;17;2;10;0;0;0;0;0;0;0;0;0;0;0;0;0;0;0;0;0;0;1;1;0;0;2;3;2;3;0;0;0;0;0;0;0;0;0;0;0;0;0;0;0;0;0;0;0;0;0;0;0;0;0;0;0;0;0;0;0;0;;;;;;;;;;;;;;;;;;;;
22.07.2024;23:56;A 27;1;2;3;2;14;0;100;0;0;0;0;0;0;0;0;0;0;0;0;0;0;0;0;0;0;0;0;0;0;0;0;0;0;0;0;0;0;0;0;1;0;1;2;0;0;1;7;1;3;0;0;0;0;0;0;0;0;0;0;0;0;0;0;0;0;0;0;0;0;0;0;0;0;0;0;0;0;0;0;0;0;0;0;;;;;;;;;;;;;;;;;;;;
22.07.2024;23:55;A 27;1;0;0;0;0;0;100;0;0;0;0;0;0;0;0;0;0;0;0;0;0;0;0;0;0;0;0;0;0;1;0;1;5;0;0;0;0;0;0;1;2;1;1;1;0;1;10;1;7;0;0;0;0;0;0;0;0;0;0;0;0;0;0;0;0;0;0;0;0;0;0;0;0;0;0;0;0;0;0;0;0;0;0;;;;;;;;;;;;;;;;;;;;
22.07.2024;23:54;A 27;1;2;2;2;16;0;100;1;1;1;6;0;0;0;0;0;0;0;0;0;0;0;0;0;0;0;0;0;0;0;0;0;0;2;4;4;3;0;0;0;0;1;2;0;0;2;4;1;10;0;0;0;0;0;0;0;0;0;0;0;0;0;0;0;0;0;0;0;0;0;0;0;0;0;0;0;0;0;0;0;0;0;0;;;;;;;;;;;;;;;;;;;;
22.07.2024;23:53;A 27;1;1;1;1;10;0;100;0;0;0;0;0;0;0;0;0;0;0;0;0;0;0;0;0;0;0;0;3;2;0;0;2;4;0;0;0;0;0;0;0;0;0;0;0;0;0;0;0;0;0;0;0;0;0;0;0;0;0;0;0;0;0;0;0;0;0;0;0;0;0;0;0;0;0;0;0;0;0;0;0;0;0;0;;;;;;;;;;;;;;;;;;;;
22.07.2024;23:52;A 27;1;0;0;1;6;0;100;0;0;0;0;0;0;0;0;1;0;0;0;0;0;1;7;0;0;0;0;0;0;1;1;1;5;0;0;0;0;0;0;1;2;0;0;0;0;2;4;0;0;0;0;0;0;0;0;0;0;0;0;0;0;0;0;0;0;0;0;0;0;0;0;0;0;0;0;0;0;0;0;0;0;0;0;;;;;;;;;;;;;;;;;;;;
22.07.2024;23:51;A 27;1;2;5;1;6;0;100;0;0;0;0;0;0;0;0;1;0;0;0;0;0;0;0;0;0;0;0;0;0;2;3;4;17;1;0;0;0;0;0;0;0;1;0;1;1;0;0;1;4;2;2;0;0;0;0;0;0;0;0;0;0;0;0;0;0;0;0;0;0;0;0;0;0;0;0;0;0;0;0;0;0;0;0;;;;;;;;;;;;;;;;;;;;
22.07.2024;23:50;A 27;1;0;0;0;0;0;100;0;0;0;0;0;0;0;0;0;0;0;0;0;0;0;0;0;0;0;0;0;0;0;0;1;1;0;0;0;0;0;0;1;1;1;0;1;1;1;7;1;4;1;2;0;0;0;0;0;0;0;0;0;0;0;0;0;0;0;0;0;0;0;0;0;0;0;0;0;0;0;0;0;0;0;0;;;;;;;;;;;;;;;;;;;;
22.07.2024;23:49;A 27;1;0;0;0;0;0;100;0;0;0;0;0;0;2;2;2;4;0;0;0;0;4;32;3;15;0;0;0;0;1;1;0;0;0;0;0;0;0;0;1;1;1;0;1;0;1;7;0;0;0;0;0;0;0;0;0;0;0;0;0;0;0;0;0;0;0;0;0;0;0;0;0;0;0;0;0;0;0;0;0;0;0;0;;;;;;;;;;;;;;;;;;;;
22.07.2024;23:48;A 27;1;0;0;0;0;0;100;1;1;1;6;0;0;0;0;0;0;0;0;0;0;0;0;0;0;0;0;1;0;0;0;0;0;0;0;0;0;0;0;0;0;0;0;0;0;0;0;0;0;0;0;0;0;0;0;0;0;0;0;0;0;0;0;0;0;0;0;0;0;0;0;0;0;0;0;0;0;0;0;0;0;0;0;;;;;;;;;;;;;;;;;;;;
22.07.2024;23:47;A 27;1;1;2;1;6;0;100;1;2;1;6;0;0;0;0;0;0;0;0;0;0;0;0;0;0;0;0;0;0;1;1;2;4;1;0;1;0;0;0;1;0;0;0;0;0;1;6;0;0;0;0;0;0;0;0;0;0;0;0;0;0;0;0;0;0;0;0;0;0;0;0;0;0;0;0;0;0;0;0;0;0;0;0;;;;;;;;;;;;;;;;;;;;
22.07.2024;23:46;A 27;1;0;0;0;0;0;100;0;0;0;0;0;0;0;0;0;0;0;0;0;0;0;0;0;0;0;0;0;0;2;3;4;25;0;0;0;0;0;0;3;4;1;0;0;0;1;17;0;0;1;1;0;0;0;0;0;0;0;0;0;0;0;0;0;0;0;0;0;0;0;0;0;0;0;0;0;0;0;0;0;0;0;0;;;;;;;;;;;;;;;;;;;;
22.07.2024;23:45;A 27;1;1;0;1;6;0;100;2;4;0;0;0;0;1;1;2;6;0;0;0;0;4;28;4;6;0;0;0;0;0;0;1;3;0;0;0;0;0;0;0;0;0;0;0;0;1;1;0;0;0;0;0;0;0;0;0;0;0;0;0;0;0;0;0;0;0;0;0;0;0;0;0;0;0;0;0;0;0;0;0;0;0;0;;;;;;;;;;;;;;;;;;;;
22.07.2024;23:44;A 27;1;0;6;1;6;0;100;0;0;0;0;0;0;0;0;0;0;0;0;0;0;0;0;0;0;0;0;0;0;0;0;0;0;0;0;0;0;0;0;1;1;1;2;0;0;1;8;1;1;0;0;0;0;0;0;0;0;0;0;0;0;0;0;0;0;0;0;0;0;0;0;0;0;0;0;0;0;0;0;0;0;0;0;;;;;;;;;;;;;;;;;;;;
22.07.2024;23:43;A 27;1;3;5;0;0;0;100;0;0;0;0;0;0;2;2;1;1;0;0;0;0;2;17;3;13;0;0;0;0;0;0;0;0;0;0;0;0;0;0;1;1;1;0;0;0;1;10;1;2;0;0;0;0;0;0;0;0;0;0;1;1;1;1;0;0;0;0;0;0;0;0;0;0;0;0;0;0;0;0;0;0;0;0;;;;;;;;;;;;;;;;;;;;
22.07.2024;23:42;A 27;1;1;1;1;12;0;100;0;0;0;0;0;41;0;0;2;2;0;0;0;0;3;34;2;6;0;0;0;0;1;1;1;7;0;0;0;0;0;0;0;0;1;0;1;1;0;0;1;1;1;2;0;0;0;0;0;0;0;0;0;0;0;0;0;0;0;0;0;0;0;0;0;0;0;0;0;0;0;0;0;0;0;0;;;;;;;;;;;;;;;;;;;;
22.07.2024;23:41;A 27;1;0;0;0;0;0;100;0;0;0;0;1;57;0;0;1;0;0;0;1;7;1;3;0;0;0;0;2;1;0;0;1;6;0;0;0;0;0;0;2;2;4;3;0;0;5;20;4;12;0;0;0;0;0;0;0;0;0;0;0;0;0;0;0;0;0;0;0;0;0;0;0;0;0;0;0;0;0;0;0;0;0;0;;;;;;;;;;;;;;;;;;;;
22.07.2024;23:40;A 27;1;1;1;1;6;0;100;0;0;0;0;1;11;0;0;0;0;0;0;1;8;1;2;0;0;0;0;0;0;1;1;2;7;0;0;0;0;0;0;1;1;0;0;0;0;1;6;0;0;0;0;0;0;0;0;0;0;0;0;0;0;0;0;0;0;0;0;0;0;0;0;0;0;0;0;0;0;0;0;0;0;0;0;;;;;;;;;;;;;;;;;;;;
22.07.2024;23:39;A 27;1;1;1;1;7;0;100;0;0;0;0;0;0;0;0;1;2;0;0;0;0;2;12;0;0;0;0;0;0;0;0;0;0;0;47;0;0;0;0;0;0;1;2;0;0;1;10;2;6;0;0;0;0;0;0;0;0;0;0;0;0;0;0;0;0;0;0;0;0;0;0;0;0;0;0;0;0;0;0;0;0;0;0;;;;;;;;;;;;;;;;;;;;
22.07.2024;23:38;A 27;1;2;1;1;17;0;100;1;0;0;0;0;0;0;0;0;0;0;0;0;0;0;0;0;0;0;0;0;0;0;0;0;0;1;77;4;6;1;6;0;0;2;4;0;0;3;8;1;10;1;0;0;0;0;0;0;0;0;0;0;0;0;0;0;0;0;0;0;0;0;0;0;0;0;0;0;0;0;0;0;0;0;0;;;;;;;;;;;;;;;;;;;;
22.07.2024;23:37;A 27;1;1;0;0;0;0;100;0;0;0;0;0;0;0;0;0;0;0;0;0;0;0;0;0;0;0;0;0;0;1;1;2;9;0;0;0;0;0;0;1;0;1;0;0;0;1;6;2;6;0;0;0;0;0;0;0;0;0;0;0;0;0;0;0;0;0;0;0;0;0;0;0;0;0;0;0;0;0;0;0;0;0;0;;;;;;;;;;;;;;;;;;;;
22.07.2024;23:36;A 27;1;0;0;0;0;0;100;0;0;0;0;0;0;0;0;1;1;0;0;0;0;2;10;0;0;0;0;0;0;2;4;5;25;0;0;0;0;0;0;0;1;1;2;0;0;2;11;1;2;0;0;0;0;0;0;0;0;0;0;0;0;0;0;0;0;0;0;0;0;0;0;0;0;0;0;0;0;0;0;0;0;0;0;;;;;;;;;;;;;;;;;;;;
22.07.2024;23:35;A 27;1;1;2;1;6;0;100;0;0;0;0;0;0;1;1;2;2;0;15;0;0;2;25;1;11;0;0;0;0;0;0;0;0;0;0;0;0;0;0;1;0;2;3;0;0;1;21;1;15;0;0;0;0;0;0;0;0;0;0;0;0;0;0;0;0;0;0;0;0;0;0;0;0;0;0;0;0;0;0;0;0;0;0;;;;;;;;;;;;;;;;;;;;
22.07.2024;23:34;A 27;1;4;7;2;14;0;100;0;0;0;0;0;0;0;0;0;0;1;3;0;0;0;0;3;6;2;3;0;0;0;0;0;3;1;24;1;1;2;7;1;1;0;0;0;0;1;7;0;0;0;0;0;0;0;0;0;0;0;0;0;0;0;0;0;0;0;0;0;0;0;0;0;0;0;0;0;0;0;0;0;0;0;0;;;;;;;;;;;;;;;;;;;;
22.07.2024;23:33;A 27;1;3;21;1;11;0;100;0;0;0;0;0;0;0;0;1;1;1;1;0;0;1;10;3;5;1;3;1;0;2;1;5;14;0;0;0;0;0;0;1;1;1;1;1;1;2;8;2;4;0;0;0;0;0;0;0;0;0;0;0;0;0;0;0;0;0;0;0;0;0;0;0;0;0;0;0;0;0;0;0;0;0;0;;;;;;;;;;;;;;;;;;;;
22.07.2024;23:32;A 27;1;3;4;4;29;0;100;0;0;0;0;1;1;0;0;1;0;0;0;1;7;1;2;0;0;0;0;0;0;0;0;0;0;0;0;0;0;0;0;0;0;2;5;0;0;2;13;3;25;0;0;0;0;0;0;0;0;0;0;0;0;0;0;0;0;0;0;0;0;0;0;0;0;0;0;0;0;0;0;0;0;1;1;;;;;;;;;;;;;;;;;;;;
22.07.2024;23:31;A 27;1;2;2;2;19;0;100;0;0;0;0;0;0;0;0;0;0;0;0;0;0;0;0;0;0;0;0;0;0;0;0;0;0;0;0;0;0;0;0;0;0;0;0;0;0;0;0;0;0;0;0;0;0;0;0;0;0;0;0;0;0;0;0;0;0;0;0;0;0;0;0;0;0;0;0;0;0;0;0;0;0;0;0;;;;;;;;;;;;;;;;;;;;
22.07.2024;23:30;A 27;1;0;0;0;0;0;100;0;11;1;15;0;0;0;0;1;2;0;0;0;11;0;20;0;0;0;0;0;0;0;0;0;0;0;0;0;0;0;0;1;0;0;0;0;0;1;6;0;0;0;0;0;0;0;0;0;0;0;0;0;0;0;0;0;0;0;0;0;0;0;0;0;0;0;0;0;0;0;0;0;0;0;0;;;;;;;;;;;;;;;;;;;;
22.07.2024;23:29;A 27;1;1;1;1;8;0;100;1;10;0;0;0;0;0;0;0;0;0;0;1;0;1;5;0;0;0;0;0;0;0;0;0;0;0;87;0;0;0;0;0;0;0;0;1;12;0;0;2;9;2;8;0;0;0;0;0;0;0;0;0;0;0;0;0;0;0;0;0;0;0;0;0;0;0;0;0;0;0;0;0;0;0;0;;;;;;;;;;;;;;;;;;;;
22.07.2024;23:28;A 27;1;3;2;2;16;0;100;1;1;1;6;1;23;0;0;1;1;0;0;0;1;1;8;0;0;0;0;0;0;2;2;2;8;1;15;1;1;1;8;0;0;1;2;1;24;1;10;2;7;0;0;0;0;0;0;0;0;0;0;1;1;0;0;0;0;0;0;0;0;0;0;0;0;0;0;0;0;0;0;0;0;0;0;;;;;;;;;;;;;;;;;;;;
22.07.2024;23:27;A 27;1;1;0;1;6;0;100;0;0;0;0;0;0;0;0;0;0;0;0;1;9;1;3;0;0;0;0;0;0;0;0;0;0;0;0;0;0;0;0;1;1;2;1;0;0;2;15;4;25;1;2;0;0;0;0;0;0;0;0;0;0;0;0;0;0;0;0;0;0;0;0;0;0;0;0;0;0;0;0;0;0;0;0;;;;;;;;;;;;;;;;;;;;
22.07.2024;23:26;A 27;1;3;4;1;6;0;100;0;0;0;0;0;0;0;0;1;2;0;0;0;0;2;18;0;0;0;0;0;0;0;0;0;0;1;44;0;0;0;0;0;0;2;3;0;0;1;2;2;25;0;0;0;0;0;0;0;0;0;0;0;0;0;0;0;0;0;0;0;0;0;0;0;0;0;0;0;0;0;0;0;0;0;0;;;;;;;;;;;;;;;;;;;;
22.07.2024;23:25;A 27;1;0;0;0;6;0;100;0;0;0;0;0;0;0;0;2;5;0;0;1;2;3;11;0;0;0;0;0;0;1;1;1;9;1;11;2;3;3;16;3;7;2;7;6;41;3;58;5;47;1;5;0;0;0;0;0;0;0;0;0;0;0;0;0;0;0;0;0;0;0;0;0;0;0;0;0;0;0;0;0;0;0;0;;;;;;;;;;;;;;;;;;;;
22.07.2024;23:24;A 27;1;4;5;2;14;0;100;0;0;0;0;0;0;0;0;0;0;0;0;0;0;0;0;2;62;0;0;0;0;0;0;0;0;4;2;3;3;0;0;0;0;0;0;0;0;0;0;0;0;0;0;0;0;0;0;0;0;0;0;0;0;0;0;0;0;0;0;0;0;0;0;1;1;1;4;0;0;0;0;0;0;0;0;;;;;;;;;;;;;;;;;;;;
22.07.2024;23:23;A 27;1;2;5;2;16;0;100;1;1;1;6;0;0;0;0;3;5;0;0;1;2;3;25;2;32;0;0;0;0;0;0;0;0;0;0;0;0;0;0;0;0;0;0;0;0;0;0;0;0;0;0;0;0;0;0;0;0;0;0;0;0;0;0;0;0;0;0;0;0;0;0;0;0;0;0;0;0;0;0;0;0;0;0;;;;;;;;;;;;;;;;;;;;
22.07.2024;23:22;A 27;1;0;0;0;5;0;100;0;0;0;0;0;0;0;0;0;0;0;0;0;0;2;7;0;0;0;0;0;0;2;3;3;18;0;0;0;0;0;0;1;2;0;0;0;0;3;6;0;0;0;0;0;0;0;0;0;0;0;0;0;0;0;0;0;0;0;0;0;0;0;0;0;0;0;0;0;0;0;0;0;0;0;0;;;;;;;;;;;;;;;;;;;;
22.07.2024;23:21;A 27;1;3;2;3;17;0;100;0;0;0;0;0;0;0;0;1;1;1;0;1;3;2;11;0;0;0;0;0;0;0;0;0;0;0;0;0;0;0;0;2;4;0;0;1;0;2;25;0;0;0;0;0;0;0;0;0;0;0;0;0;0;0;0;0;0;0;0;0;0;0;0;0;0;0;0;0;0;0;0;0;0;0;0;;;;;;;;;;;;;;;;;;;;
22.07.2024;23:20;A 27;1;1;1;2;13;0;100;0;0;0;0;0;0;1;2;3;3;0;0;0;2;5;34;2;16;0;0;0;0;0;0;0;0;0;0;0;0;0;0;1;1;2;2;2;2;3;11;2;9;1;2;0;0;0;0;0;0;0;0;0;0;0;0;0;0;0;0;0;0;0;0;0;0;0;0;0;0;0;0;0;0;0;0;;;;;;;;;;;;;;;;;;;;
22.07.2024;23:19;A 27;1;1;1;1;8;0;100;1;1;1;6;0;0;2;2;2;3;0;0;2;18;2;22;1;14;0;0;0;0;2;2;5;12;1;0;0;0;0;0;0;0;0;0;0;0;0;0;1;0;0;0;0;0;0;0;0;0;0;0;0;0;0;0;0;0;0;0;0;0;0;0;0;0;0;0;0;0;0;0;0;0;0;0;;;;;;;;;;;;;;;;;;;;
22.07.2024;23:18;A 27;1;2;1;1;6;0;100;0;0;0;0;0;0;0;0;0;0;0;0;0;0;0;0;0;0;0;0;0;0;1;0;1;1;1;0;1;0;0;0;1;2;0;0;0;0;1;11;0;0;0;0;0;0;0;0;0;0;0;0;0;0;0;0;0;0;0;0;0;0;0;0;0;0;0;0;0;0;0;0;0;0;0;0;;;;;;;;;;;;;;;;;;;;
22.07.2024;23:17;A 27;1;2;2;1;6;0;100;0;0;0;0;0;0;0;0;0;0;0;0;0;0;0;0;0;0;0;0;0;0;0;0;0;0;0;0;0;0;0;0;0;0;0;0;0;0;0;0;0;0;0;0;0;0;0;0;0;0;0;0;0;0;0;0;0;0;0;0;0;0;0;0;0;0;0;0;0;0;0;0;0;0;0;0;;;;;;;;;;;;;;;;;;;;
22.07.2024;23:16;A 27;1;3;10;2;13;0;100;0;0;0;0;0;0;0;0;1;1;1;1;1;2;1;9;1;1;2;2;0;0;1;1;2;6;0;0;0;0;0;0;1;2;1;0;1;49;0;6;2;5;2;3;0;0;0;0;0;0;0;0;0;0;0;0;0;0;0;0;0;0;0;0;0;0;0;0;0;0;0;0;0;0;0;0;;;;;;;;;;;;;;;;;;;;
22.07.2024;23:15;A 27;1;5;9;2;19;0;100;1;4;0;0;0;0;1;2;0;0;2;1;0;0;0;6;1;3;0;0;0;0;0;0;0;0;0;0;0;0;0;0;2;14;2;5;0;0;4;47;2;44;0;0;0;0;0;0;0;0;0;0;0;0;0;0;0;0;0;0;0;0;0;0;0;0;0;0;0;0;0;0;0;0;0;0;;;;;;;;;;;;;;;;;;;;
22.07.2024;23:14;A 27;1;1;1;1;6;0;100;0;0;0;0;0;0;0;0;1;1;0;0;0;0;2;15;0;0;0;0;0;0;0;0;0;0;0;0;0;0;0;0;1;1;0;0;0;0;2;15;1;2;0;0;0;0;0;0;0;0;0;0;0;0;0;0;0;0;0;0;0;0;0;0;0;0;0;0;0;0;0;0;0;0;0;0;;;;;;;;;;;;;;;;;;;;
22.07.2024;23:13;A 27;1;2;2;2;22;0;100;0;0;0;0;0;0;0;0;0;0;1;1;0;0;0;0;0;0;0;0;0;0;2;3;1;20;1;0;0;0;0;0;1;1;2;3;0;0;3;20;4;15;0;0;0;0;0;0;0;0;0;0;0;0;0;0;0;0;0;0;0;0;0;0;0;0;0;0;0;0;0;0;0;0;0;0;;;;;;;;;;;;;;;;;;;;
22.07.2024;23:12;A 27;1;0;0;0;0;0;100;0;0;0;0;0;17;0;0;0;0;0;0;0;0;0;0;0;0;0;0;0;0;2;3;2;55;0;0;0;0;0;0;2;3;0;0;0;0;1;22;0;0;0;0;0;0;0;0;0;0;0;0;0;0;0;0;0;0;0;0;0;0;0;0;0;0;0;0;0;0;0;0;0;0;0;0;;;;;;;;;;;;;;;;;;;;
22.07.2024;23:11;A 27;1;2;2;2;18;0;100;0;0;0;0;1;14;0;0;4;5;0;0;3;11;2;26;0;0;0;0;1;0;1;1;3;9;0;0;0;0;0;0;1;2;1;1;0;0;1;11;2;5;0;0;0;0;0;0;0;0;0;0;0;0;0;0;0;0;0;0;0;0;0;0;0;0;0;0;0;0;0;0;0;0;0;0;;;;;;;;;;;;;;;;;;;;
22.07.2024;23:10;A 27;1;3;10;0;0;0;100;0;0;0;0;0;0;3;4;1;1;1;8;0;0;0;18;9;23;1;6;0;0;1;0;1;5;0;70;0;0;0;0;0;0;2;2;2;1;3;13;3;7;1;2;0;0;0;0;0;0;0;0;0;0;0;0;0;0;0;0;0;0;0;0;0;0;0;0;0;0;0;0;0;0;0;0;;;;;;;;;;;;;;;;;;;;
22.07.2024;23:09;A 27;1;2;1;1;6;0;100;0;0;0;0;0;0;0;0;1;2;0;0;0;0;0;100;0;0;0;0;0;0;1;0;1;3;2;77;4;5;2;6;1;1;0;0;0;0;1;10;0;0;0;0;0;0;0;0;0;0;0;0;0;0;0;0;0;0;0;0;0;0;0;0;0;0;0;0;0;0;0;0;0;0;0;0;;;;;;;;;;;;;;;;;;;;
22.07.2024;23:08;A 27;1;5;37;1;8;0;100;0;0;1;6;0;0;0;0;1;2;0;0;0;0;1;21;0;0;0;0;0;0;0;0;0;0;0;0;0;0;0;0;1;46;4;15;2;1;1;50;3;27;0;0;0;0;0;0;0;0;0;0;0;0;0;0;0;0;0;0;0;0;0;0;0;0;0;0;0;0;0;0;0;0;0;0;;;;;;;;;;;;;;;;;;;;
22.07.2024;23:07;A 27;1;3;4;2;21;0;100;2;4;1;7;0;0;1;5;0;0;1;2;0;0;0;0;3;29;3;4;0;0;2;2;5;6;0;0;0;0;0;0;3;7;2;4;0;0;1;41;4;13;0;0;0;0;0;0;0;0;0;0;0;0;0;0;0;0;0;0;0;0;0;0;0;0;0;0;0;0;0;0;0;0;0;0;;;;;;;;;;;;;;;;;;;;
22.07.2024;23:06;A 27;1;1;1;1;9;0;100;0;0;0;1;0;0;1;2;1;1;0;0;1;4;1;17;3;13;0;0;0;0;1;0;2;4;1;0;0;0;0;0;1;1;2;2;1;4;1;8;2;24;2;5;0;0;0;0;0;0;0;0;0;0;0;0;0;0;0;0;0;0;0;0;0;0;0;0;0;0;0;0;0;0;0;0;;;;;;;;;;;;;;;;;;;;
22.07.2024;23:05;A 27;1;5;18;1;13;0;100;2;4;1;5;0;0;1;0;1;1;1;1;0;0;1;11;3;7;1;2;0;0;1;1;2;6;0;0;0;0;0;0;2;2;4;10;1;0;1;25;4;52;1;1;0;0;0;0;0;0;0;0;0;0;0;0;0;0;0;0;0;0;0;0;0;0;0;0;0;0;1;1;0;0;0;0;;;;;;;;;;;;;;;;;;;;
22.07.2024;23:04;A 27;1;1;8;1;6;0;100;0;0;0;0;0;0;0;0;0;0;0;0;0;0;0;0;0;0;0;0;0;0;0;0;0;0;1;32;1;1;1;8;2;6;2;5;0;0;2;36;3;42;0;0;0;0;0;0;0;0;0;0;0;0;0;0;0;0;0;0;0;0;0;0;0;0;0;0;0;0;0;0;0;0;0;0;;;;;;;;;;;;;;;;;;;;
22.07.2024;23:03;A 27;1;2;3;3;20;0;100;0;0;0;0;1;56;0;0;1;0;0;0;1;7;1;7;0;0;0;0;0;0;2;2;1;9;1;67;1;1;2;7;1;0;3;2;0;0;2;4;3;8;0;0;0;0;0;0;0;0;0;0;0;0;0;0;0;0;0;0;0;0;0;0;0;0;0;0;0;0;0;0;0;0;0;0;;;;;;;;;;;;;;;;;;;;
22.07.2024;23:02;A 27;1;1;1;1;6;0;100;0;0;0;0;0;0;0;0;2;2;1;32;0;0;2;21;2;6;1;5;0;0;0;0;0;0;0;0;0;0;0;0;0;0;0;0;1;3;0;0;1;8;1;5;0;0;0;0;0;0;0;0;0;0;0;0;0;0;0;0;0;0;0;0;0;0;0;0;0;0;0;0;0;0;0;0;;;;;;;;;;;;;;;;;;;;
22.07.2024;23:01;A 27;1;1;1;1;9;0;100;1;5;0;0;0;0;2;60;1;23;0;0;0;0;1;42;0;66;0;0;0;0;1;0;3;3;1;0;0;0;0;0;2;9;1;1;2;0;1;31;4;7;0;0;0;0;0;0;0;0;0;0;0;0;0;0;0;0;0;0;0;0;0;0;0;0;0;0;0;0;0;0;0;0;0;0;;;;;;;;;;;;;;;;;;;;
22.07.2024;23:00;A 27;1;0;0;0;0;0;100;0;0;0;0;0;0;1;1;2;4;0;0;0;0;2;31;2;15;0;0;0;0;0;0;0;0;0;0;0;0;0;0;0;0;0;0;0;0;0;0;0;0;0;0;0;0;0;0;0;0;0;0;0;0;0;0;0;0;0;0;0;0;0;0;0;0;0;0;0;0;0;0;0;0;11;18;;;;;;;;;;;;;;;;;;;;
22.07.2024;22:59;A 27;1;3;7;1;10;0;100;0;0;0;0;0;0;1;1;2;18;0;0;2;14;3;40;1;10;0;0;1;0;3;11;2;26;0;0;0;0;0;0;1;2;3;10;0;0;3;32;4;38;0;0;0;0;0;0;0;0;0;0;0;0;0;0;0;0;0;0;0;0;0;0;0;0;0;0;0;0;0;0;0;0;0;0;;;;;;;;;;;;;;;;;;;;
22.07.2024;22:58;A 27;1;3;4;2;9;0;100;0;0;0;0;0;0;0;0;0;0;0;0;0;0;0;0;0;0;0;0;0;0;1;1;1;8;0;0;0;0;0;0;1;1;2;5;0;0;2;21;3;24;0;0;0;0;0;0;0;0;0;0;0;0;0;0;0;0;0;0;0;0;0;0;0;0;0;0;0;0;0;0;0;0;0;0;;;;;;;;;;;;;;;;;;;;
22.07.2024;22:57;A 27;1;3;3;2;18;0;100;0;0;0;0;0;0;1;2;1;1;1;28;0;0;2;8;1;1;1;2;0;0;1;1;2;9;0;0;0;0;0;0;1;1;0;0;0;0;1;8;0;0;0;0;0;0;0;0;0;0;0;0;0;0;0;0;0;0;0;0;0;0;0;0;0;0;0;0;0;0;0;0;0;0;2;3;;;;;;;;;;;;;;;;;;;;
22.07.2024;22:56;A 27;1;2;4;0;0;0;100;0;0;0;0;0;0;1;4;1;2;0;0;1;6;3;22;3;15;0;0;1;2;0;0;1;3;0;0;0;0;0;0;1;0;2;1;1;1;1;5;2;5;1;3;0;0;0;0;0;0;0;0;0;0;0;0;1;1;1;1;0;0;0;0;0;0;0;0;0;0;0;0;0;0;0;0;;;;;;;;;;;;;;;;;;;;
22.07.2024;22:55;A 27;1;0;0;0;0;0;100;0;0;0;0;0;0;0;0;1;1;0;0;1;6;4;25;0;0;0;0;0;0;1;1;3;7;1;51;1;1;2;8;2;30;0;0;0;0;1;41;0;2;0;0;0;0;0;0;0;0;0;0;0;0;0;0;0;0;0;0;0;0;0;0;0;0;0;0;0;0;0;0;0;0;0;0;;;;;;;;;;;;;;;;;;;;
22.07.2024;22:54;A 27;1;1;1;1;6;0;100;0;0;0;0;0;0;1;1;2;2;0;0;1;4;2;19;2;8;0;0;0;0;1;2;2;17;3;4;4;3;0;0;2;4;2;3;0;0;2;26;2;11;0;0;0;0;0;0;0;0;0;0;0;0;0;0;0;0;0;0;0;0;0;0;0;0;0;0;0;0;0;0;0;0;0;0;;;;;;;;;;;;;;;;;;;;
22.07.2024;22:53;A 27;1;2;2;2;19;0;100;0;0;0;0;0;0;0;0;2;3;1;71;1;1;1;7;2;5;2;5;0;0;3;9;3;45;0;0;0;0;0;0;2;4;1;2;0;0;4;34;2;9;0;0;0;0;0;0;0;0;0;0;0;0;0;0;0;0;0;0;0;0;0;0;0;0;0;0;0;0;0;0;0;0;0;0;;;;;;;;;;;;;;;;;;;;
22.07.2024;22:52;A 27;1;0;0;1;6;0;100;0;0;0;0;0;0;0;0;0;0;0;0;0;0;1;1;0;0;0;0;0;0;1;0;1;4;0;0;0;0;0;0;0;0;1;1;0;0;1;8;1;7;0;0;0;0;0;0;0;0;0;0;0;0;0;0;0;0;0;0;0;0;0;0;0;0;0;0;0;0;0;0;0;0;0;0;;;;;;;;;;;;;;;;;;;;
22.07.2024;22:51;A 27;1;2;4;1;8;0;100;1;1;1;6;0;0;0;0;0;0;0;0;0;0;0;0;0;0;0;0;1;3;2;1;3;4;1;0;1;0;0;0;0;0;1;1;0;0;2;5;1;4;0;0;0;0;0;0;0;0;0;0;0;0;0;0;0;0;0;0;0;0;0;0;0;0;0;0;0;0;0;0;0;0;0;0;;;;;;;;;;;;;;;;;;;;
22.07.2024;22:50;A 27;1;0;0;1;7;0;100;0;0;0;0;0;0;0;0;0;0;0;0;0;0;0;0;0;0;0;0;0;0;1;1;2;12;0;0;0;0;0;0;0;0;1;1;0;0;3;4;1;1;0;0;0;0;0;0;0;0;0;0;0;0;0;0;0;0;0;0;0;0;0;0;0;0;0;0;0;0;0;0;0;0;0;0;;;;;;;;;;;;;;;;;;;;
22.07.2024;22:49;A 27;1;2;3;3;20;0;100;0;0;0;0;1;2;1;1;0;0;0;0;1;10;2;6;4;12;0;0;0;0;1;1;2;11;3;78;3;6;0;88;0;0;2;4;0;0;2;5;2;11;0;0;0;0;0;0;0;0;0;0;0;0;0;0;0;0;0;0;0;0;0;0;0;0;0;0;0;0;0;0;0;0;0;0;;;;;;;;;;;;;;;;;;;;
22.07.2024;22:48;A 27;1;1;1;2;13;0;100;0;0;0;0;0;0;1;0;2;1;0;0;1;3;2;17;1;7;0;0;0;0;2;4;2;24;1;0;0;0;1;1;2;8;2;26;0;0;1;23;1;31;1;0;0;0;0;0;0;0;0;0;0;0;0;0;0;0;0;0;0;0;0;0;0;0;0;0;0;0;0;0;0;0;0;0;;;;;;;;;;;;;;;;;;;;
22.07.2024;22:47;A 27;1;0;0;0;0;0;100;0;0;0;0;0;0;0;0;1;7;0;0;1;1;1;9;0;0;0;0;1;1;2;3;4;39;0;0;0;0;0;0;1;1;4;38;0;0;2;57;2;46;0;0;0;0;0;0;0;0;0;0;0;0;0;0;0;0;0;0;0;0;0;0;0;0;0;0;0;0;0;0;0;0;0;0;;;;;;;;;;;;;;;;;;;;
22.07.2024;22:46;A 27;1;2;2;2;13;0;100;1;1;1;6;0;0;0;0;3;11;0;0;1;16;1;29;0;0;0;0;1;0;1;1;3;5;1;1;1;0;1;1;0;0;0;0;1;54;0;0;1;5;1;5;0;0;1;1;0;0;0;0;0;0;0;0;0;0;0;0;0;0;0;0;0;0;0;0;0;0;0;0;0;0;0;0;;;;;;;;;;;;;;;;;;;;
22.07.2024;22:45;A 27;1;0;0;1;7;0;100;2;8;2;13;0;0;0;0;0;0;0;0;0;0;0;0;0;0;0;0;0;0;3;2;3;16;1;0;0;0;0;0;0;0;0;0;1;27;0;0;2;5;2;6;0;0;0;0;0;0;0;0;0;0;0;0;0;0;0;0;0;0;4;6;0;0;0;0;0;0;0;0;0;0;0;0;;;;;;;;;;;;;;;;;;;;
22.07.2024;22:44;A 27;1;4;6;4;33;0;100;1;1;1;7;1;1;0;0;1;0;0;0;2;6;1;8;1;0;0;0;0;0;1;0;3;4;0;0;0;0;0;0;1;3;1;1;0;0;1;17;2;3;0;0;0;0;0;0;0;0;0;0;0;0;0;0;0;0;0;0;0;0;2;3;0;0;0;0;0;0;0;0;0;0;0;0;;;;;;;;;;;;;;;;;;;;
22.07.2024;22:43;A 27;1;0;1;1;8;0;100;0;0;0;0;0;0;1;2;1;2;1;1;1;8;3;24;5;19;2;4;0;0;2;1;1;8;1;0;0;0;0;0;1;3;2;1;2;3;3;23;5;6;3;6;0;0;0;0;0;0;0;0;0;0;0;0;0;0;0;0;0;0;0;0;0;0;0;0;0;0;0;0;0;0;0;0;;;;;;;;;;;;;;;;;;;;
22.07.2024;22:42;A 27;1;1;0;0;0;0;100;1;1;1;6;0;0;0;0;1;1;0;0;1;6;1;11;0;0;0;0;0;0;0;0;0;0;0;0;0;0;0;0;1;0;0;0;1;1;1;4;3;10;3;4;0;0;0;0;0;0;0;0;0;0;0;0;0;0;0;0;0;0;0;0;0;0;0;0;0;0;0;0;0;0;0;0;;;;;;;;;;;;;;;;;;;;
22.07.2024;22:41;A 27;1;1;1;1;6;0;100;1;1;1;6;0;0;1;1;1;1;1;1;2;4;1;10;0;0;0;0;1;1;0;0;1;5;1;0;1;0;1;1;2;6;1;2;1;76;2;57;3;11;3;10;0;0;0;0;0;0;0;0;0;0;0;0;0;0;0;0;0;0;0;0;0;0;0;0;0;0;0;0;0;0;0;0;;;;;;;;;;;;;;;;;;;;
22.07.2024;22:40;A 27;1;3;4;1;13;0;100;2;2;0;0;0;0;0;3;0;0;0;0;0;0;0;2;0;6;0;0;0;0;0;0;0;0;2;4;2;4;0;0;0;0;0;0;1;0;0;0;0;0;0;0;0;0;0;0;0;0;0;0;0;0;0;0;0;0;0;0;0;0;0;0;0;0;0;0;0;0;0;0;0;0;0;0;;;;;;;;;;;;;;;;;;;;
22.07.2024;22:39;A 27;1;0;0;0;0;0;100;0;0;0;0;0;0;2;2;6;9;0;0;2;9;5;50;1;9;0;0;0;0;2;2;3;7;0;43;0;0;0;0;1;1;0;0;2;4;1;6;2;6;1;7;0;0;0;0;0;0;1;1;0;0;0;0;0;0;0;0;0;0;0;0;0;0;0;0;0;0;0;0;0;0;0;0;;;;;;;;;;;;;;;;;;;;
22.07.2024;22:38;A 27;1;2;3;3;20;0;100;0;0;0;0;0;0;1;0;1;1;0;0;0;0;1;4;0;2;0;0;1;0;1;1;3;9;1;52;1;1;2;6;0;0;1;0;3;21;0;0;2;7;2;10;0;0;0;0;0;0;0;0;0;0;0;0;0;0;0;0;0;0;0;0;0;0;0;0;0;0;0;0;0;0;0;0;;;;;;;;;;;;;;;;;;;;
22.07.2024;22:37;A 27;1;3;12;2;15;0;100;0;0;1;6;0;0;0;0;2;2;0;0;1;5;1;15;2;5;0;0;0;0;2;2;3;10;1;0;0;0;0;0;0;0;1;1;1;1;2;4;2;4;1;2;0;0;0;0;0;0;0;0;0;0;0;0;1;1;0;0;0;0;0;0;0;0;0;0;0;0;0;0;0;0;0;0;;;;;;;;;;;;;;;;;;;;
22.07.2024;22:36;A 27;1;2;2;1;6;0;100;2;4;0;0;1;0;0;0;1;1;0;0;3;9;0;8;0;0;0;0;0;0;1;2;2;20;0;0;0;0;0;0;0;0;2;5;0;0;3;10;5;25;0;0;0;0;0;0;0;0;0;0;0;0;0;0;0;0;0;0;0;0;0;0;0;0;0;0;0;0;0;0;0;0;0;0;;;;;;;;;;;;;;;;;;;;
22.07.2024;22:35;A 27;1;2;1;1;6;0;100;2;1;2;14;0;0;2;2;3;11;0;0;0;0;1;72;3;10;0;0;0;0;0;0;0;0;1;0;0;0;0;0;2;2;2;3;1;3;2;20;2;8;1;4;0;0;0;0;0;0;0;0;0;0;0;0;0;0;0;0;0;0;0;0;0;0;0;0;0;0;0;0;0;0;0;0;;;;;;;;;;;;;;;;;;;;
22.07.2024;22:34;A 27;1;1;2;2;14;0;100;0;0;0;0;0;0;0;0;1;1;0;0;2;9;1;14;0;0;0;0;1;0;2;1;2;10;1;2;0;0;0;0;5;7;3;3;0;32;3;41;2;13;0;0;0;0;0;0;0;0;0;0;0;0;0;0;0;0;0;0;0;0;0;0;0;0;0;0;0;0;0;0;0;0;0;0;;;;;;;;;;;;;;;;;;;;
22.07.2024;22:33;A 27;1;1;0;0;0;0;100;1;1;1;7;0;0;1;0;3;3;1;1;0;0;4;27;1;4;1;2;1;0;5;3;3;21;2;1;1;1;1;9;1;2;1;1;3;7;2;18;3;7;2;7;0;0;0;0;0;0;0;0;0;0;0;0;0;0;0;0;0;0;0;0;1;1;0;0;0;0;0;0;0;0;0;0;;;;;;;;;;;;;;;;;;;;
22.07.2024;22:32;A 27;1;0;0;0;0;0;100;0;0;0;0;0;0;0;0;1;1;0;0;2;3;1;2;0;0;0;0;0;0;3;39;1;57;2;4;0;0;0;0;1;2;1;1;0;0;4;18;2;8;0;0;0;0;0;0;0;0;0;0;0;0;0;0;0;0;0;0;0;0;0;0;0;0;0;0;0;0;0;0;0;0;0;0;;;;;;;;;;;;;;;;;;;;
22.07.2024;22:31;A 27;1;5;9;2;13;0;100;0;0;0;0;0;0;0;0;3;3;0;0;0;0;3;19;2;6;0;0;0;0;1;34;1;40;1;42;2;1;0;0;2;1;3;1;1;1;2;18;3;6;1;3;0;0;0;0;0;0;0;0;0;0;0;0;0;0;0;0;0;0;0;0;0;0;0;0;0;0;0;0;0;0;0;0;;;;;;;;;;;;;;;;;;;;
22.07.2024;22:30;A 27;1;2;2;2;14;0;100;2;5;0;0;0;0;1;2;2;2;0;0;1;2;4;32;2;10;0;0;0;0;1;0;2;9;2;47;1;1;1;6;0;0;1;1;2;58;0;0;2;4;2;46;0;0;0;0;0;0;0;0;2;6;1;1;0;0;0;0;0;0;0;0;0;0;0;0;0;0;0;0;0;0;0;0;;;;;;;;;;;;;;;;;;;;
22.07.2024;22:29;A 27;1;0;0;0;0;0;100;0;0;0;0;0;0;0;0;0;0;0;0;0;0;0;0;0;0;0;0;0;0;0;0;0;0;0;0;0;0;0;0;0;0;0;4;1;1;0;0;1;10;2;4;0;0;0;0;0;0;0;0;0;0;0;0;0;0;0;0;0;0;0;0;0;0;0;0;0;0;0;0;0;0;0;0;;;;;;;;;;;;;;;;;;;;
22.07.2024;22:28;A 27;1;5;12;2;13;0;100;3;3;2;14;0;0;0;0;0;0;0;0;0;0;0;0;0;0;0;0;0;0;0;0;0;0;1;27;0;0;0;23;0;0;3;43;0;0;2;22;4;51;0;0;0;0;0;0;0;0;0;0;0;0;0;0;0;0;0;0;0;0;0;0;0;0;0;0;0;0;0;0;0;0;0;0;;;;;;;;;;;;;;;;;;;;
22.07.2024;22:27;A 27;1;4;4;3;23;0;100;0;0;0;0;0;0;0;0;0;0;1;0;0;0;0;0;0;0;0;0;0;0;1;1;2;3;1;86;2;2;4;37;4;13;1;2;1;2;1;47;3;10;1;5;0;0;0;0;0;0;0;0;0;0;0;0;0;0;0;0;0;0;0;0;0;0;0;0;0;0;0;0;0;0;1;1;;;;;;;;;;;;;;;;;;;;
22.07.2024;22:26;A 27;1;4;5;1;6;0;100;0;0;0;0;0;0;0;0;1;1;1;0;1;5;1;12;0;0;0;0;0;0;2;2;2;10;0;0;0;0;0;0;2;3;4;14;0;0;2;39;3;32;0;0;0;0;0;0;0;0;0;0;0;0;0;0;0;0;0;0;0;0;0;0;0;0;0;0;0;0;0;0;0;0;0;0;;;;;;;;;;;;;;;;;;;;
22.07.2024;22:25;A 27;1;1;1;2;23;0;100;0;0;0;0;0;0;1;1;0;0;0;0;0;0;0;0;0;0;0;0;0;0;2;1;2;13;1;0;0;0;0;0;3;2;3;2;0;46;3;19;2;7;0;0;0;0;0;0;0;0;0;0;0;0;0;0;0;0;0;0;0;0;0;0;0;0;0;0;0;0;0;0;0;0;0;0;;;;;;;;;;;;;;;;;;;;
22.07.2024;22:24;A 27;1;1;2;1;14;0;100;0;0;0;0;0;0;0;0;1;1;0;0;0;0;2;13;0;0;0;0;0;0;2;3;4;18;1;0;1;0;0;0;2;32;1;1;2;0;2;47;2;5;3;6;0;0;0;0;0;0;0;0;0;0;0;0;1;1;1;1;0;0;0;0;0;0;0;0;0;0;0;0;0;0;0;0;;;;;;;;;;;;;;;;;;;;
22.07.2024;22:23;A 27;1;0;0;0;0;0;100;0;0;0;0;0;0;0;0;2;2;0;0;0;0;2;38;0;0;0;0;0;0;0;0;0;0;2;3;4;3;0;0;3;18;3;7;1;17;3;46;1;30;0;0;0;0;0;0;0;0;0;0;0;0;0;0;0;0;0;0;0;0;0;0;0;0;0;0;0;0;0;0;0;0;0;0;;;;;;;;;;;;;;;;;;;;
22.07.2024;22:22;A 27;1;4;8;2;13;0;100;1;1;1;6;0;0;0;0;2;5;1;4;0;0;1;35;2;4;1;4;0;0;3;3;1;19;1;0;0;0;0;0;3;3;3;6;1;34;3;24;3;39;1;5;0;0;0;0;0;0;0;0;0;0;0;0;0;0;0;0;0;0;0;0;0;0;0;0;0;0;0;0;0;0;0;0;;;;;;;;;;;;;;;;;;;;
22.07.2024;22:21;A 27;1;0;0;0;0;0;100;3;4;1;15;0;0;0;0;1;1;0;0;0;0;2;10;0;0;0;0;0;0;1;1;4;7;1;0;0;0;0;0;2;2;1;0;0;0;3;10;1;2;0;0;0;0;0;0;0;0;0;0;0;0;0;0;0;0;0;0;0;0;0;0;0;0;0;0;0;0;0;0;0;0;0;0;;;;;;;;;;;;;;;;;;;;
22.07.2024;22:20;A 27;1;2;2;2;16;0;100;1;0;0;0;0;0;1;0;1;1;0;0;1;2;1;15;2;4;0;0;1;0;3;5;3;31;2;1;0;0;0;0;2;6;1;2;1;0;4;47;1;7;0;0;0;0;0;0;0;0;0;0;0;0;0;0;0;0;0;0;0;0;0;0;0;0;0;0;0;0;0;0;0;0;0;0;;;;;;;;;;;;;;;;;;;;
22.07.2024;22:19;A 27;1;3;2;2;22;0;100;0;0;0;0;0;0;1;1;3;6;1;1;1;5;4;47;3;16;0;0;0;0;1;1;1;8;0;0;0;0;0;0;3;18;3;6;1;1;2;46;4;20;0;0;0;0;0;0;0;0;0;0;0;0;0;0;0;0;0;0;0;0;0;0;0;0;0;0;0;0;0;0;0;0;0;0;;;;;;;;;;;;;;;;;;;;
22.07.2024;22:18;A 27;1;3;3;1;6;0;100;0;0;0;0;1;1;1;1;1;1;0;0;1;1;1;15;1;7;0;0;0;0;0;0;0;0;0;0;0;0;0;0;1;41;1;1;0;0;1;54;1;66;0;63;0;0;0;0;0;0;0;0;0;0;0;0;0;0;0;0;0;0;0;0;0;0;0;0;0;0;0;0;0;0;0;0;;;;;;;;;;;;;;;;;;;;
22.07.2024;22:17;A 27;1;3;5;2;13;0;100;1;1;1;10;1;12;1;1;3;5;0;0;1;10;1;24;2;12;0;0;0;0;0;0;0;0;0;0;0;0;0;0;4;4;3;62;4;7;4;26;3;80;5;24;0;0;0;0;0;0;0;0;0;0;0;0;0;0;0;0;0;0;0;0;0;0;0;0;0;0;1;1;0;0;0;0;;;;;;;;;;;;;;;;;;;;
22.07.2024;22:16;A 27;1;3;11;0;7;0;100;1;1;2;13;0;0;0;1;0;0;0;0;0;0;0;0;1;2;0;0;0;0;1;1;1;10;1;80;0;0;2;76;1;2;5;31;0;0;1;35;5;55;1;1;0;0;0;0;0;0;0;0;0;0;0;0;0;0;0;0;0;0;0;0;0;0;0;0;0;0;0;0;0;0;0;0;;;;;;;;;;;;;;;;;;;;
22.07.2024;22:15;A 27;1;5;3;2;12;0;100;2;2;1;8;0;0;1;0;0;1;2;4;0;0;1;5;5;23;2;6;2;1;1;1;4;19;2;53;2;4;2;17;1;2;1;1;1;0;2;14;2;6;1;2;0;0;0;0;0;0;0;0;0;0;0;0;0;0;0;0;0;0;0;0;0;0;0;0;0;0;0;0;0;0;0;0;;;;;;;;;;;;;;;;;;;;
22.07.2024;22:14;A 27;1;2;1;3;21;0;100;1;5;0;0;1;21;0;0;3;32;0;0;2;12;1;60;0;0;0;0;0;0;3;2;6;10;1;94;2;4;4;22;0;0;2;6;1;12;1;9;1;68;3;7;0;0;0;0;0;0;0;0;0;0;0;0;0;0;0;0;0;0;0;0;0;0;0;0;0;0;0;0;0;0;0;0;;;;;;;;;;;;;;;;;;;;
22.07.2024;22:13;A 27;1;3;4;0;7;0;100;0;0;0;0;0;0;1;0;1;1;1;1;1;10;3;14;3;12;1;2;0;0;1;1;1;9;0;0;1;1;1;3;4;11;3;5;0;0;7;51;5;20;0;0;0;0;0;0;0;0;1;1;0;0;0;0;0;0;0;0;0;0;0;0;0;0;0;0;0;0;0;0;0;0;1;1;;;;;;;;;;;;;;;;;;;;
22.07.2024;22:12;A 27;1;9;65;1;0;0;100;0;0;0;0;0;0;0;0;1;1;0;0;0;0;1;9;0;0;0;0;1;0;3;61;1;81;1;0;0;0;0;0;0;0;0;0;0;0;1;3;0;0;0;0;0;0;0;0;0;0;0;0;0;0;0;0;0;0;0;0;0;0;0;0;0;0;0;0;0;0;0;0;0;0;0;0;;;;;;;;;;;;;;;;;;;;
22.07.2024;22:11;A 27;1;5;15;0;0;0;100;0;0;0;0;0;0;2;3;1;1;0;0;1;8;2;20;5;17;0;0;0;0;3;6;2;25;2;42;1;1;1;6;2;7;0;0;0;0;1;21;0;2;0;0;0;0;0;0;0;0;0;0;0;0;0;0;0;0;0;0;0;0;0;0;0;0;0;0;0;0;0;0;0;0;0;0;;;;;;;;;;;;;;;;;;;;
22.07.2024;22:10;A 27;1;1;3;1;7;0;100;0;0;0;0;0;0;1;0;2;3;0;0;1;1;4;18;1;1;0;0;0;0;0;0;2;1;0;0;0;0;0;0;3;2;3;3;2;3;4;19;4;11;2;6;0;0;0;0;0;0;0;0;0;0;0;0;0;0;0;0;0;0;0;0;0;0;0;0;0;0;0;0;0;0;0;0;;;;;;;;;;;;;;;;;;;;
22.07.2024;22:09;A 27;1;2;2;1;10;0;100;0;0;0;0;0;0;0;0;0;0;0;0;0;0;0;0;0;0;0;0;0;0;1;1;3;8;2;4;4;2;0;0;2;2;5;10;0;0;1;28;2;31;0;0;0;0;0;0;0;0;0;0;0;0;0;0;0;0;0;0;0;0;0;0;0;0;0;0;0;0;0;0;0;0;0;0;;;;;;;;;;;;;;;;;;;;
22.07.2024;22:08;A 27;1;4;6;3;20;0;100;0;0;0;0;0;0;2;3;3;24;2;1;4;17;1;44;3;36;2;6;1;1;1;1;2;9;0;0;0;0;0;0;3;4;1;0;3;13;3;28;2;10;3;14;0;0;0;0;0;0;0;0;0;0;0;0;0;0;0;0;0;0;0;0;0;0;0;0;0;0;0;0;0;0;0;0;;;;;;;;;;;;;;;;;;;;
22.07.2024;22:07;A 27;1;3;44;1;6;0;100;0;0;0;0;0;0;1;0;0;0;0;0;1;2;1;6;3;7;0;0;0;0;2;3;3;33;0;0;0;0;0;0;0;0;0;0;0;0;0;0;0;0;0;0;0;0;0;0;0;0;0;0;0;0;0;0;0;0;0;0;0;0;0;0;0;0;0;0;0;0;0;0;0;0;0;0;;;;;;;;;;;;;;;;;;;;
22.07.2024;22:06;A 27;1;2;4;4;26;0;100;0;0;0;0;0;0;0;0;5;6;1;1;1;6;3;42;2;6;1;2;0;0;5;3;7;46;0;0;0;0;0;0;4;3;2;2;1;2;2;17;4;8;1;6;0;0;0;0;0;0;0;0;0;0;0;0;0;0;0;0;0;0;0;0;0;0;0;0;0;0;0;0;0;0;0;0;;;;;;;;;;;;;;;;;;;;
22.07.2024;22:05;A 27;1;6;38;1;6;0;100;0;0;0;0;0;0;1;1;1;2;0;0;0;0;2;12;4;7;1;0;1;0;0;0;2;5;1;30;1;0;1;3;1;0;3;5;0;1;3;15;5;23;0;0;0;0;0;0;0;0;0;0;0;0;0;0;0;0;0;0;0;0;0;0;0;0;0;0;0;0;0;0;0;0;0;0;;;;;;;;;;;;;;;;;;;;
22.07.2024;22:04;A 27;1;5;7;3;25;0;100;0;0;0;0;0;0;0;0;2;4;2;32;1;4;2;24;2;4;1;9;0;0;3;6;4;25;1;57;1;1;1;5;2;3;1;2;1;0;4;20;3;14;1;3;0;0;0;0;0;0;0;0;0;0;0;0;0;0;0;0;0;0;0;0;0;0;0;0;0;0;0;0;0;0;0;0;;;;;;;;;;;;;;;;;;;;
22.07.2024;22:03;A 27;1;2;33;1;6;0;100;0;0;0;0;0;0;1;3;2;2;2;27;0;0;4;21;2;6;3;10;1;1;1;0;3;4;0;2;0;0;0;0;1;1;0;0;0;0;1;9;0;0;0;0;0;0;0;0;0;0;0;0;0;0;0;0;0;0;0;0;0;0;0;0;0;0;0;0;0;0;0;0;0;0;0;0;;;;;;;;;;;;;;;;;;;;
22.07.2024;22:02;A 27;1;5;12;2;14;0;100;0;0;0;0;0;0;0;0;3;4;0;0;1;3;3;27;0;0;0;0;0;0;2;4;2;21;1;25;1;1;1;5;1;2;0;0;0;0;1;8;0;0;0;0;0;0;0;0;0;0;0;0;0;0;0;0;0;0;0;0;0;0;0;0;0;0;0;0;0;0;0;0;0;0;0;0;;;;;;;;;;;;;;;;;;;;
22.07.2024;22:01;A 27;1;0;0;0;5;0;100;0;0;1;6;0;0;1;1;1;0;0;2;1;8;1;10;1;9;0;0;2;4;2;6;1;78;0;0;0;0;0;0;0;0;0;0;0;0;0;0;0;0;0;0;0;0;0;0;0;0;0;0;0;0;0;0;1;1;1;1;0;0;0;0;0;0;0;0;0;0;0;0;0;0;1;1;;;;;;;;;;;;;;;;;;;;
22.07.2024;22:00;A 27;1;2;8;3;17;0;100;2;5;0;1;0;0;2;2;2;3;1;1;1;1;1;30;5;14;1;3;0;0;0;0;0;0;1;53;1;1;2;7;0;0;2;2;0;0;1;18;4;9;0;0;0;0;0;0;0;0;0;0;0;0;0;0;0;0;0;0;0;0;0;0;0;0;0;0;0;0;0;0;0;0;1;1;;;;;;;;;;;;;;;;;;;;
22.07.2024;21:59;A 27;1;4;5;3;20;0;100;2;6;1;5;0;0;0;0;2;14;0;0;0;0;4;37;0;0;0;0;0;0;0;0;0;0;0;0;0;0;0;0;2;4;0;0;0;0;2;16;0;0;0;0;0;0;0;0;0;0;0;0;0;0;0;0;0;0;0;0;0;0;0;0;0;0;0;0;0;0;0;0;0;0;0;0;;;;;;;;;;;;;;;;;;;;
22.07.2024;21:58;A 27;1;1;2;2;20;0;100;0;0;0;0;1;0;1;1;3;5;1;4;1;11;2;44;3;10;1;3;0;0;1;1;1;11;0;22;0;0;0;0;2;6;0;0;1;2;2;39;0;0;0;0;0;0;0;0;0;0;0;0;0;0;0;0;0;0;0;0;0;0;0;0;0;0;0;0;0;0;0;0;0;0;0;0;;;;;;;;;;;;;;;;;;;;
22.07.2024;21:57;A 27;1;3;10;3;18;0;100;1;1;1;6;0;0;0;0;1;1;0;0;0;0;2;17;0;0;0;0;0;0;1;0;0;0;2;21;1;1;1;11;0;0;1;1;0;0;1;4;3;4;1;3;0;0;0;0;0;0;0;0;0;0;0;0;0;0;0;0;0;0;0;0;0;0;0;0;0;0;0;0;0;0;0;0;;;;;;;;;;;;;;;;;;;;
22.07.2024;21:56;A 27;1;4;22;3;20;0;100;0;0;0;0;0;0;1;0;1;1;0;0;1;2;1;7;1;7;0;0;0;0;0;0;0;0;2;27;3;6;1;38;3;4;0;0;0;0;2;18;0;1;0;0;0;0;0;0;0;0;0;0;0;0;0;0;0;0;0;0;0;0;0;0;0;0;0;0;0;0;0;0;0;0;0;0;;;;;;;;;;;;;;;;;;;;
22.07.2024;21:55;A 27;1;3;4;1;13;0;100;1;0;1;6;0;0;0;0;2;1;0;0;0;0;2;12;0;0;0;0;0;0;2;4;3;17;3;2;0;0;0;0;3;6;3;9;0;24;3;33;2;27;0;0;0;0;0;0;0;0;1;1;0;0;0;0;0;0;0;0;0;0;0;0;0;0;0;0;0;0;0;0;0;0;0;0;;;;;;;;;;;;;;;;;;;;
22.07.2024;21:54;A 27;1;2;5;1;6;0;100;0;0;0;0;0;0;0;0;1;1;0;0;0;0;1;11;0;0;0;0;0;0;4;3;1;7;2;47;2;4;0;0;0;0;2;3;3;64;2;4;2;11;2;10;0;0;0;0;0;0;0;0;0;0;0;0;0;0;0;0;0;0;0;0;0;0;0;0;0;0;0;0;0;0;0;0;;;;;;;;;;;;;;;;;;;;
22.07.2024;21:53;A 27;1;6;30;2;13;0;100;0;0;0;0;0;0;1;1;2;2;0;0;0;0;1;10;3;7;0;0;0;0;0;0;0;0;1;22;1;2;2;10;3;41;2;4;1;43;1;58;4;48;2;50;0;0;0;0;0;0;0;0;0;0;0;0;0;0;0;0;0;0;0;0;0;0;0;0;0;0;0;0;0;0;1;1;;;;;;;;;;;;;;;;;;;;
22.07.2024;21:52;A 27;1;1;1;2;13;0;100;0;0;0;0;0;0;1;1;1;1;0;0;0;0;1;13;2;9;0;0;1;1;3;2;3;13;2;14;1;1;2;9;1;1;1;2;0;0;3;17;1;8;0;0;0;0;0;0;0;0;0;0;0;0;0;0;0;0;0;0;0;0;0;0;0;0;0;0;0;0;0;0;0;0;0;0;;;;;;;;;;;;;;;;;;;;
22.07.2024;21:51;A 27;1;3;4;3;24;0;100;0;0;0;0;1;0;1;1;1;1;0;46;2;13;1;9;1;10;0;0;0;0;1;2;1;12;1;59;1;1;1;5;1;2;2;6;0;0;2;29;1;16;0;0;0;0;0;0;0;0;0;0;0;0;0;0;0;0;0;0;0;0;0;0;0;0;0;0;0;0;0;0;0;0;0;0;;;;;;;;;;;;;;;;;;;;
22.07.2024;21:50;A 27;1;2;2;1;10;0;100;0;0;0;0;0;0;0;0;0;0;3;15;0;0;0;0;2;6;2;9;0;0;1;1;2;9;1;60;1;1;1;9;3;5;5;6;2;2;3;31;4;22;2;4;0;0;0;0;0;0;0;0;0;0;0;0;0;0;0;0;0;0;0;0;0;0;0;0;0;0;0;0;0;0;0;0;;;;;;;;;;;;;;;;;;;;
22.07.2024;21:49;A 27;1;1;0;0;0;0;100;0;0;0;0;1;0;0;0;0;0;0;0;0;0;0;0;0;0;0;0;0;0;4;22;4;47;2;3;0;0;0;0;2;2;2;3;1;1;4;23;5;12;1;2;0;0;0;0;0;0;0;0;0;0;1;1;0;0;0;0;0;0;0;0;0;0;0;0;0;0;0;0;0;0;0;0;;;;;;;;;;;;;;;;;;;;
22.07.2024;21:48;A 27;1;5;19;2;13;0;100;0;0;0;0;0;0;0;0;1;1;1;0;1;3;2;8;0;0;2;4;0;0;1;0;3;4;1;0;1;0;0;0;1;2;0;0;1;0;1;9;0;0;0;0;0;0;0;0;0;0;0;0;0;0;0;0;0;0;0;0;0;0;0;0;0;0;0;0;0;0;0;0;0;0;0;0;;;;;;;;;;;;;;;;;;;;
22.07.2024;21:47;A 27;1;4;35;1;6;0;100;1;4;0;0;1;51;2;5;1;2;0;0;3;13;3;20;2;62;0;0;0;0;1;1;1;14;0;23;0;0;0;0;1;2;0;0;0;0;1;10;0;0;0;0;0;0;0;0;0;0;0;0;0;0;0;0;0;0;0;0;0;0;0;0;0;0;0;0;0;0;0;0;0;0;0;0;;;;;;;;;;;;;;;;;;;;
22.07.2024;21:46;A 27;1;2;2;3;20;0;100;1;0;1;6;0;0;0;0;1;1;0;0;0;0;1;10;0;0;0;0;0;0;3;3;4;21;2;87;2;1;1;9;0;0;1;2;0;0;1;4;1;8;1;4;0;0;0;0;0;0;0;0;0;0;0;0;0;0;0;0;0;0;0;0;0;0;0;0;0;0;0;0;0;0;0;0;;;;;;;;;;;;;;;;;;;;
22.07.2024;21:45;A 27;1;2;4;0;10;0;100;0;3;0;0;0;0;0;1;2;1;0;0;0;0;1;12;0;4;1;3;0;0;1;0;0;0;1;45;2;2;3;20;3;2;0;0;1;0;2;14;0;0;0;0;0;0;0;0;0;0;0;0;0;0;0;0;0;0;0;0;0;0;0;0;0;0;0;0;0;0;0;0;0;0;0;0;;;;;;;;;;;;;;;;;;;;
22.07.2024;21:44;A 27;1;3;5;1;2;0;100;8;1;0;0;0;0;2;2;3;5;1;1;0;0;2;32;2;14;1;3;0;0;2;4;2;26;1;0;0;0;0;0;3;8;4;6;2;33;1;46;5;36;2;10;0;0;0;0;0;0;0;0;0;0;0;0;0;0;0;0;0;0;0;0;0;0;0;0;0;0;0;0;0;0;0;0;;;;;;;;;;;;;;;;;;;;
22.07.2024;21:43;A 27;1;2;2;1;6;0;100;2;2;2;13;0;0;3;2;2;3;1;0;1;53;4;25;5;15;0;0;1;0;0;0;2;3;0;0;0;0;0;0;2;1;1;0;0;0;2;11;0;0;0;0;0;0;0;0;0;0;0;0;0;0;0;0;0;0;0;0;0;0;0;0;0;0;0;0;0;0;0;0;0;0;0;0;;;;;;;;;;;;;;;;;;;;
22.07.2024;21:42;A 27;1;4;62;1;6;0;100;0;0;0;0;0;0;2;1;4;5;1;0;1;4;2;52;1;57;0;0;0;0;1;1;1;9;0;0;0;0;0;0;2;6;1;3;0;0;1;23;1;11;0;0;0;0;0;0;0;0;0;0;0;0;0;0;0;0;0;0;0;0;0;0;0;0;0;0;0;0;0;0;0;0;0;0;;;;;;;;;;;;;;;;;;;;
22.07.2024;21:41;A 27;1;6;8;3;20;0;100;2;3;2;14;0;0;1;1;1;1;0;0;1;6;2;16;1;8;0;0;0;0;1;1;1;9;0;0;0;0;0;0;1;1;2;0;0;0;2;18;2;7;0;0;0;0;0;0;0;0;0;0;0;0;0;0;0;0;0;0;0;0;0;0;0;0;0;0;0;0;0;0;0;0;0;0;;;;;;;;;;;;;;;;;;;;
22.07.2024;21:40;A 27;1;2;2;3;20;0;100;0;0;0;0;0;0;1;1;0;0;0;0;0;7;2;20;1;11;0;0;1;2;1;10;0;39;0;28;0;0;0;0;3;7;0;0;0;0;3;34;0;0;0;0;0;0;0;0;0;0;0;0;0;0;0;0;0;0;0;0;0;0;0;0;0;0;0;0;0;0;0;0;0;0;0;0;;;;;;;;;;;;;;;;;;;;
22.07.2024;21:39;A 27;1;3;2;2;14;0;100;0;0;0;0;1;53;2;39;3;5;0;0;2;19;2;84;3;52;4;52;1;1;3;66;1;89;4;9;4;4;2;5;1;1;1;0;2;67;0;7;2;8;1;4;0;0;0;0;0;0;0;0;0;0;0;0;0;0;0;0;0;0;0;0;0;0;0;0;0;0;0;0;0;0;0;0;;;;;;;;;;;;;;;;;;;;
22.07.2024;21:38;A 27;1;6;32;1;5;0;100;2;7;2;17;0;0;2;4;0;0;1;3;0;0;0;16;0;22;1;3;2;1;2;2;2;17;1;0;1;0;4;2;1;3;1;15;1;0;2;25;0;26;0;0;0;0;0;0;0;0;0;0;0;0;0;0;0;0;0;0;0;0;0;0;0;0;0;0;0;0;0;0;0;0;0;0;;;;;;;;;;;;;;;;;;;;
22.07.2024;21:37;A 27;1;3;3;2;13;0;100;1;0;0;0;1;1;0;0;4;4;0;0;2;9;3;33;1;1;0;0;0;0;2;2;2;17;0;0;0;0;0;0;2;9;2;8;1;4;3;36;1;48;0;5;0;0;1;1;0;0;0;0;0;0;0;0;0;0;0;0;0;0;0;0;0;0;0;0;0;0;0;0;0;0;0;0;;;;;;;;;;;;;;;;;;;;
22.07.2024;21:36;A 27;1;1;0;1;6;0;100;1;0;0;0;0;0;0;0;2;3;2;1;0;0;4;31;0;0;0;0;0;0;1;1;1;10;0;31;0;0;0;0;3;5;0;0;0;0;1;25;1;5;1;1;0;0;0;0;0;0;0;0;0;0;0;0;0;0;0;0;0;0;0;0;0;0;0;0;0;0;0;0;0;0;0;0;;;;;;;;;;;;;;;;;;;;
22.07.2024;21:35;A 27;1;1;1;2;13;0;100;0;0;0;0;0;0;0;0;0;0;0;0;0;0;0;0;0;0;0;0;0;0;3;2;4;15;1;88;1;1;0;7;3;5;2;2;2;1;4;18;1;8;1;1;0;0;0;0;0;0;0;0;0;0;0;0;0;0;0;0;0;0;0;0;0;0;0;0;0;0;0;0;0;0;0;0;;;;;;;;;;;;;;;;;;;;
22.07.2024;21:34;A 27;1;6;8;0;2;0;100;2;5;1;6;1;0;1;1;0;0;0;0;0;0;2;7;2;9;0;0;0;0;1;0;0;0;0;0;0;0;1;0;2;2;2;5;0;0;3;35;4;47;0;0;0;0;0;0;0;0;0;0;0;0;0;0;0;0;0;0;0;0;0;0;0;0;0;0;0;0;0;0;0;0;0;0;;;;;;;;;;;;;;;;;;;;
22.07.2024;21:33;A 27;1;2;2;2;11;0;100;2;4;0;0;0;0;1;0;0;0;1;1;0;0;2;3;2;6;1;2;0;0;1;1;1;9;0;0;0;0;0;0;3;6;2;4;2;23;3;39;3;31;2;5;0;0;0;0;0;0;0;0;0;0;0;0;0;0;0;0;0;0;0;0;0;0;0;0;0;0;0;0;0;0;0;0;;;;;;;;;;;;;;;;;;;;
22.07.2024;21:32;A 27;1;3;2;1;10;0;100;0;0;0;0;0;42;1;5;0;0;1;16;0;0;0;44;2;17;1;8;1;1;1;1;1;11;0;0;0;0;0;0;2;2;2;2;1;44;2;18;2;57;0;0;0;0;0;0;0;0;0;0;0;0;0;0;0;0;0;0;0;0;0;0;0;0;0;0;0;0;0;0;0;0;0;0;;;;;;;;;;;;;;;;;;;;
22.07.2024;21:31;A 27;1;3;21;1;3;0;100;0;0;0;0;1;19;4;4;4;6;1;4;1;10;5;57;4;36;1;3;0;0;0;0;0;0;1;48;1;2;1;9;1;2;3;6;2;17;2;13;2;44;1;5;0;0;0;0;0;0;0;0;0;0;0;0;0;0;0;0;0;0;0;0;0;0;0;0;0;0;0;0;0;0;0;0;;;;;;;;;;;;;;;;;;;;
22.07.2024;21:30;A 27;1;3;15;2;13;0;100;0;0;0;0;0;0;0;0;1;1;0;1;0;0;1;9;0;0;0;0;1;2;0;0;2;4;0;0;0;0;0;0;1;2;2;2;0;0;2;18;1;7;0;0;0;0;0;0;0;0;0;0;0;0;0;0;0;0;0;0;0;0;0;0;0;0;0;0;0;0;0;0;0;0;0;0;;;;;;;;;;;;;;;;;;;;
22.07.2024;21:29;A 27;1;1;1;0;0;0;100;1;3;0;0;1;0;1;2;2;4;3;34;1;7;2;24;1;12;2;11;1;2;2;2;2;17;1;0;0;0;0;0;1;2;0;0;0;0;3;14;1;0;0;0;0;0;0;0;0;0;0;0;0;0;0;0;0;0;0;0;0;0;0;0;0;0;0;0;0;0;0;0;0;0;0;0;;;;;;;;;;;;;;;;;;;;
22.07.2024;21:28;A 27;1;0;0;0;0;0;100;1;1;1;6;1;1;3;5;2;2;2;11;1;8;3;18;4;30;1;47;1;2;3;3;3;27;1;0;0;0;0;0;1;1;0;1;0;37;2;5;0;39;0;0;0;0;0;0;0;0;0;0;0;0;0;0;0;0;0;0;0;0;0;0;0;0;0;0;0;0;0;0;0;0;0;0;;;;;;;;;;;;;;;;;;;;
22.07.2024;21:27;A 27;1;4;10;2;13;0;100;0;0;0;0;0;0;0;0;1;1;1;4;0;0;1;9;2;0;2;27;0;0;1;1;1;10;0;0;0;0;0;0;3;3;3;6;2;9;3;18;1;21;3;10;0;0;0;0;0;0;0;0;0;0;0;0;0;0;0;0;0;0;0;0;0;0;0;0;0;0;0;0;0;0;0;0;;;;;;;;;;;;;;;;;;;;
22.07.2024;21:26;A 27;1;4;7;1;6;0;100;0;0;0;0;0;0;2;1;3;2;0;0;0;0;2;26;4;12;2;1;3;3;3;3;2;52;1;0;0;0;0;0;1;2;0;0;1;2;1;12;1;0;0;0;0;0;0;0;0;0;0;0;0;0;0;0;1;1;1;1;0;0;0;0;0;0;0;0;0;0;0;0;0;0;0;0;;;;;;;;;;;;;;;;;;;;
22.07.2024;21:25;A 27;1;7;10;3;20;0;100;0;0;0;0;0;0;1;1;2;4;0;0;0;0;2;50;1;7;0;0;2;5;2;3;3;22;3;6;3;4;1;0;1;2;0;0;0;0;1;11;0;0;0;0;0;0;1;1;0;0;0;0;0;0;0;0;0;0;0;0;0;0;0;0;0;0;0;0;0;0;0;0;0;0;0;0;;;;;;;;;;;;;;;;;;;;
22.07.2024;21:24;A 27;1;4;33;2;13;0;100;0;0;0;0;0;0;0;0;2;1;1;2;0;0;1;11;0;0;1;4;0;0;1;1;1;9;0;0;0;0;0;0;2;4;3;4;0;0;7;54;1;11;0;0;0;0;0;0;0;0;0;0;0;0;0;0;0;0;0;0;0;0;0;0;0;0;0;0;0;0;0;0;0;0;1;1;;;;;;;;;;;;;;;;;;;;
22.07.2024;21:23;A 27;1;3;17;0;0;0;100;1;1;1;6;0;0;1;2;2;27;0;0;0;0;2;46;0;8;0;0;1;3;1;1;3;15;1;75;1;0;0;0;4;4;2;1;1;0;3;35;2;8;0;0;0;0;0;0;0;0;0;0;0;0;0;0;0;0;0;0;0;0;0;0;0;0;0;0;0;0;0;0;0;0;0;0;;;;;;;;;;;;;;;;;;;;
22.07.2024;21:22;A 27;1;3;4;1;6;0;100;0;0;0;0;0;0;3;2;2;2;0;0;0;0;2;18;5;35;2;7;1;1;1;0;1;6;1;25;1;1;1;9;0;0;0;0;1;0;0;0;0;0;0;0;0;0;0;0;0;0;0;0;0;0;0;0;0;0;0;0;0;0;0;0;0;0;0;0;0;0;0;0;0;0;0;0;;;;;;;;;;;;;;;;;;;;
22.07.2024;21:21;A 27;1;4;74;1;6;0;100;0;0;0;0;1;0;1;1;2;3;2;2;3;4;1;14;1;5;2;5;0;0;2;3;1;16;0;38;0;0;0;0;1;1;1;2;1;0;1;7;1;7;0;0;0;0;0;0;0;0;0;0;0;0;0;0;0;0;0;0;0;0;0;0;0;0;0;0;0;0;0;0;0;0;0;0;;;;;;;;;;;;;;;;;;;;
22.07.2024;21:20;A 27;1;4;10;0;0;0;100;0;0;0;0;0;0;1;1;3;8;1;0;0;0;1;88;1;9;1;4;2;2;2;6;1;25;4;56;1;1;1;7;0;0;0;0;1;4;0;0;1;1;1;7;0;0;0;0;0;0;0;0;0;0;0;0;0;0;0;0;0;0;0;0;0;0;0;0;0;0;0;0;0;0;0;0;;;;;;;;;;;;;;;;;;;;
22.07.2024;21:19;A 27;1;8;33;2;13;0;100;0;0;0;0;0;71;0;0;3;3;0;0;0;0;4;24;0;0;0;0;1;2;2;2;2;15;1;78;1;1;2;11;2;4;1;2;0;0;3;35;2;9;0;0;0;0;0;0;0;0;1;1;0;0;0;0;0;0;0;0;0;0;0;0;0;0;0;0;0;0;0;0;0;0;0;0;;;;;;;;;;;;;;;;;;;;
22.07.2024;21:18;A 27;1;3;66;0;3;0;100;0;0;0;0;1;17;0;0;2;4;1;3;2;7;1;27;0;0;2;5;0;0;0;0;0;0;2;34;2;4;1;47;6;6;4;4;3;4;4;29;3;12;4;11;0;0;0;0;0;0;0;0;0;0;0;0;0;0;0;0;0;0;0;0;0;0;0;0;0;0;0;0;0;0;0;0;;;;;;;;;;;;;;;;;;;;
22.07.2024;21:17;A 27;1;6;36;1;3;0;100;1;2;1;6;1;1;3;3;1;1;1;1;0;0;2;8;5;23;1;3;0;0;0;0;0;0;1;4;0;0;0;0;2;2;1;1;0;0;1;8;1;6;0;0;0;0;0;0;0;0;0;0;0;0;0;0;0;0;0;0;0;0;0;0;0;0;0;0;0;0;0;0;0;0;0;0;;;;;;;;;;;;;;;;;;;;
22.07.2024;21:16;A 27;1;6;14;2;14;0;100;0;0;0;0;0;0;0;0;1;1;0;0;0;0;1;8;1;3;0;0;0;0;0;0;1;0;0;0;1;1;1;6;0;0;1;1;0;0;0;0;1;8;0;0;0;0;0;0;0;0;0;0;0;0;0;0;0;0;0;0;0;0;0;0;0;0;0;0;0;0;0;0;0;0;0;0;;;;;;;;;;;;;;;;;;;;
22.07.2024;21:15;A 27;1;2;2;2;12;0;100;10;6;0;0;0;0;1;1;3;8;0;0;1;1;2;27;1;6;0;0;0;0;1;0;0;0;0;0;0;0;0;0;1;0;0;0;2;10;3;5;2;3;2;38;0;0;0;0;0;0;0;0;0;0;0;0;0;0;0;0;0;0;0;0;0;0;0;0;0;0;0;0;0;0;0;0;;;;;;;;;;;;;;;;;;;;
22.07.2024;21:14;A 27;1;3;4;2;13;0;100;0;0;1;6;0;0;1;1;2;1;0;0;0;0;2;12;1;5;0;0;4;8;3;9;4;56;0;0;0;0;0;0;0;0;1;2;0;0;0;0;2;11;0;0;0;0;0;0;0;0;0;0;0;0;0;0;1;1;0;0;0;0;0;0;0;0;0;0;0;0;0;0;0;0;0;0;;;;;;;;;;;;;;;;;;;;
22.07.2024;21:13;A 27;1;1;1;3;20;0;100;1;1;1;6;0;0;0;0;1;0;0;0;0;0;1;5;0;0;0;0;2;4;1;0;2;7;0;0;0;0;0;0;1;1;0;0;0;0;1;7;0;0;0;0;0;0;0;0;0;0;0;0;0;0;0;0;0;0;0;0;0;0;0;0;0;0;0;0;0;0;0;0;0;0;0;0;;;;;;;;;;;;;;;;;;;;
22.07.2024;21:12;A 27;1;3;5;2;13;0;100;2;2;1;6;0;0;3;2;3;3;1;0;0;0;3;24;3;19;3;2;0;0;1;1;1;10;0;0;0;0;0;0;0;0;1;2;1;0;0;0;2;10;0;0;0;0;0;0;0;0;0;0;0;0;0;0;0;0;0;0;0;0;0;0;0;0;0;0;0;0;0;0;0;0;0;0;;;;;;;;;;;;;;;;;;;;
22.07.2024;21:11;A 27;1;3;5;2;18;0;100;0;0;0;0;0;0;0;0;2;3;0;0;0;0;2;17;0;0;0;0;1;2;2;3;3;41;0;0;0;0;0;0;1;1;1;1;0;0;1;6;1;4;0;0;0;0;0;0;0;0;0;0;0;0;0;0;0;0;0;0;0;0;0;0;0;0;0;0;0;0;0;0;0;0;0;0;;;;;;;;;;;;;;;;;;;;
22.07.2024;21:10;A 27;1;3;6;0;0;0;100;1;0;1;6;0;0;0;0;2;5;1;4;0;0;3;37;1;0;1;4;0;0;3;3;3;30;2;2;0;0;0;0;1;0;2;4;0;0;2;3;1;43;0;0;0;0;0;0;0;0;0;0;0;0;0;0;0;0;0;0;0;0;0;0;0;0;0;0;0;0;0;0;0;0;0;0;;;;;;;;;;;;;;;;;;;;
22.07.2024;21:09;A 27;1;2;3;1;6;0;100;2;2;1;12;0;0;2;2;4;5;0;0;0;0;1;50;2;16;1;2;1;2;2;1;3;10;3;4;3;3;0;0;1;1;1;0;0;0;1;4;0;0;0;0;0;0;0;0;0;0;0;0;0;0;0;0;0;0;0;0;0;0;0;0;0;0;0;0;0;0;0;0;0;0;0;0;;;;;;;;;;;;;;;;;;;;
22.07.2024;21:08;A 27;1;1;1;1;6;0;100;0;0;0;0;0;0;0;0;6;6;2;5;0;0;4;41;1;0;2;8;1;2;1;1;1;11;0;0;0;0;0;0;2;2;0;0;1;14;2;8;0;0;1;4;0;0;0;0;0;0;0;0;0;0;0;0;0;0;0;0;0;0;0;0;0;0;0;0;0;0;0;0;0;0;0;0;;;;;;;;;;;;;;;;;;;;
22.07.2024;21:07;A 27;1;0;0;0;0;0;100;0;0;0;0;0;0;0;0;1;0;0;0;0;0;1;6;0;0;0;0;0;0;2;3;2;18;0;76;0;0;0;0;0;0;1;31;1;33;1;0;1;37;0;31;0;0;0;0;0;0;0;0;0;0;0;0;0;0;0;0;0;0;0;0;0;0;0;0;0;0;0;0;0;0;0;0;;;;;;;;;;;;;;;;;;;;
22.07.2024;21:06;A 27;1;3;4;2;18;0;100;0;0;0;3;0;0;0;0;0;16;2;3;0;0;0;19;0;0;2;8;0;0;1;1;1;7;1;30;1;1;1;4;1;2;3;13;1;29;3;32;2;57;2;34;0;0;0;0;0;0;0;0;0;0;0;0;0;0;0;0;0;0;0;0;0;0;0;0;0;0;0;0;0;0;0;0;;;;;;;;;;;;;;;;;;;;
22.07.2024;21:05;A 27;1;5;5;4;25;0;100;1;1;1;3;0;0;1;1;3;24;0;0;1;5;3;46;1;9;1;2;0;0;2;2;2;16;0;0;0;0;0;0;2;4;6;16;0;0;1;38;2;57;0;6;0;0;0;0;0;0;0;0;0;0;0;0;0;0;0;0;0;0;0;0;0;0;0;0;0;0;0;0;0;0;0;0;;;;;;;;;;;;;;;;;;;;
22.07.2024;21:04;A 27;1;5;14;3;16;0;100;0;0;0;0;0;0;1;0;1;1;0;0;1;1;1;6;1;6;1;0;2;4;0;0;2;3;2;19;0;0;1;2;0;0;3;14;1;1;0;0;4;24;2;14;0;0;0;0;0;0;0;0;0;0;0;0;0;0;0;0;0;0;0;0;0;0;0;0;0;0;0;0;0;0;0;0;;;;;;;;;;;;;;;;;;;;
22.07.2024;21:03;A 27;1;4;4;2;13;0;100;2;5;1;7;1;0;0;0;2;2;1;1;2;4;4;12;2;2;1;1;0;0;3;4;2;28;2;0;1;1;1;7;1;1;1;1;0;0;2;7;1;5;0;0;0;0;0;0;0;0;0;0;0;0;0;0;0;0;0;0;0;0;0;0;0;0;0;0;0;0;0;0;0;0;0;0;;;;;;;;;;;;;;;;;;;;
22.07.2024;21:02;A 27;1;0;0;0;0;0;100;0;0;0;0;0;0;2;4;2;1;1;4;1;3;1;6;2;12;1;2;0;0;1;1;2;10;0;0;0;0;0;0;0;0;3;4;2;2;0;49;2;14;1;3;0;0;0;0;0;0;0;0;0;0;0;0;0;0;0;0;0;0;0;0;0;0;0;0;0;0;0;0;0;0;0;0;;;;;;;;;;;;;;;;;;;;
22.07.2024;21:01;A 27;1;1;2;1;6;0;100;0;0;1;6;0;0;1;42;3;3;1;1;0;0;2;53;2;53;1;2;1;2;3;4;2;22;1;0;0;0;0;0;2;3;1;2;1;24;2;11;1;10;1;7;0;0;0;0;0;0;0;0;0;0;0;0;0;0;0;0;0;0;0;0;0;0;0;0;0;0;0;0;0;0;0;0;;;;;;;;;;;;;;;;;;;;
22.07.2024;21:00;A 27;1;5;21;0;0;0;100;2;4;1;6;1;1;3;19;4;6;1;2;2;4;3;45;3;41;1;4;0;0;1;1;1;6;1;1;1;1;1;6;1;2;0;0;0;21;2;11;1;1;0;0;0;0;0;0;0;0;0;0;0;0;0;0;0;0;0;0;0;0;0;0;0;0;0;0;0;0;0;0;0;0;0;0;;;;;;;;;;;;;;;;;;;;
22.07.2024;20:59;A 27;1;3;5;2;13;0;100;0;0;0;0;0;0;1;1;1;1;1;0;0;0;1;7;1;2;0;0;3;7;2;1;2;7;1;0;1;0;0;0;2;2;1;1;2;16;4;16;2;9;1;7;0;0;0;0;0;0;0;0;0;0;0;0;0;0;0;0;0;0;0;0;0;0;0;0;0;0;0;0;0;0;0;0;;;;;;;;;;;;;;;;;;;;
22.07.2024;20:58;A 27;1;2;23;2;13;0;100;0;0;1;6;1;46;1;1;3;3;1;0;1;5;3;20;1;9;0;0;0;0;0;0;0;0;0;0;0;0;0;0;2;5;1;1;0;0;2;41;1;7;0;0;0;0;0;0;0;0;0;0;0;0;0;0;0;0;0;0;0;0;0;0;0;0;0;0;0;0;0;0;0;0;0;0;;;;;;;;;;;;;;;;;;;;
22.07.2024;20:57;A 27;1;9;43;1;15;0;100;2;2;1;6;0;0;1;0;0;0;0;0;0;0;0;0;1;6;0;0;0;0;0;0;0;0;1;7;0;0;0;0;2;3;0;0;2;74;2;15;0;0;2;77;0;0;0;0;0;0;0;0;0;0;0;0;0;0;0;0;0;0;0;0;0;0;0;0;0;0;0;0;0;0;0;0;;;;;;;;;;;;;;;;;;;;
22.07.2024;20:56;A 27;1;3;8;0;0;0;100;1;4;0;0;1;1;0;0;2;3;0;0;1;1;2;12;1;0;0;0;0;1;0;0;0;0;0;100;1;1;2;15;2;4;0;0;0;55;2;19;0;0;0;0;0;0;0;0;0;0;0;0;0;0;0;0;0;0;0;0;0;0;0;0;0;0;0;0;0;0;0;0;0;0;0;0;;;;;;;;;;;;;;;;;;;;
22.07.2024;20:55;A 27;1;5;32;2;13;0;100;1;1;1;6;0;0;1;1;1;2;1;0;0;0;1;4;0;6;1;0;2;3;3;2;3;12;2;40;1;1;1;8;2;1;3;2;2;36;2;6;2;6;2;8;0;0;0;0;0;0;0;0;0;0;0;0;0;0;0;0;0;0;0;0;0;0;0;0;0;0;0;0;0;0;0;0;;;;;;;;;;;;;;;;;;;;
22.07.2024;20:54;A 27;1;0;0;0;0;0;100;0;0;0;0;1;28;1;1;3;10;1;2;2;8;2;71;1;6;2;7;1;2;1;0;1;3;0;26;0;0;0;0;2;2;2;5;1;48;1;8;2;44;1;6;0;0;0;0;0;0;0;0;1;1;0;0;0;0;0;0;0;0;0;0;0;0;0;0;0;0;0;0;0;0;0;0;;;;;;;;;;;;;;;;;;;;
22.07.2024;20:53;A 27;1;7;30;3;20;0;100;3;0;0;0;1;3;1;1;3;7;0;0;1;2;2;53;1;8;0;0;0;0;0;0;0;0;4;31;4;4;2;8;1;2;1;1;0;0;1;10;1;6;0;0;0;0;0;0;0;0;0;0;0;0;0;0;0;0;0;0;0;0;0;0;0;0;0;0;0;0;0;0;0;0;0;0;;;;;;;;;;;;;;;;;;;;
22.07.2024;20:52;A 27;1;3;49;0;0;0;100;0;0;0;0;0;0;2;24;2;4;0;0;0;0;1;55;2;42;2;25;0;0;2;2;1;11;1;1;0;0;0;0;2;4;1;2;2;1;1;19;1;6;0;0;0;0;0;0;0;0;0;0;0;0;0;0;0;0;0;0;0;0;0;0;0;0;0;0;0;0;0;0;0;0;0;0;;;;;;;;;;;;;;;;;;;;
22.07.2024;20:51;A 27;1;4;10;1;11;0;100;0;0;0;0;1;1;3;3;3;5;2;4;1;2;2;22;2;21;2;6;0;0;2;1;3;2;1;24;0;0;1;3;0;0;0;0;0;0;0;0;0;0;0;0;0;0;0;0;0;0;0;0;0;0;1;1;0;0;0;0;0;0;0;0;0;0;0;0;0;0;0;0;0;0;0;0;;;;;;;;;;;;;;;;;;;;
22.07.2024;20:50;A 27;1;2;2;2;9;0;100;0;0;0;0;0;0;0;0;2;3;0;0;3;2;1;9;0;0;0;0;0;0;2;1;1;2;0;48;0;0;0;0;1;2;2;2;1;1;1;11;1;8;1;3;0;0;0;0;0;0;0;0;0;0;0;0;0;0;0;0;0;0;1;1;0;0;0;0;0;0;0;0;0;0;0;0;;;;;;;;;;;;;;;;;;;;
22.07.2024;20:49;A 27;1;4;37;1;6;0;100;2;3;2;13;1;49;1;1;3;6;0;0;0;0;4;35;2;14;0;0;0;0;2;1;1;9;7;15;5;9;2;14;2;4;1;1;1;34;2;48;1;7;1;4;0;0;0;0;0;0;0;0;0;0;0;0;0;0;0;0;0;0;0;0;0;0;0;0;0;0;0;0;0;0;0;0;;;;;;;;;;;;;;;;;;;;
22.07.2024;20:48;A 27;1;6;10;2;13;0;100;0;4;1;6;0;0;1;5;2;58;1;2;0;0;0;63;1;50;1;5;0;0;0;0;0;2;1;40;3;7;2;43;4;7;3;56;1;0;3;69;2;61;0;0;0;0;0;0;0;0;0;0;0;0;0;0;0;0;0;0;0;0;0;0;0;0;0;0;0;0;0;0;0;0;0;0;;;;;;;;;;;;;;;;;;;;
22.07.2024;20:47;A 27;1;5;7;3;20;0;100;4;8;1;6;0;0;1;2;4;7;0;0;0;0;3;30;3;13;1;0;1;2;2;0;5;16;0;0;0;0;0;0;2;5;4;11;0;0;1;25;2;35;0;0;0;0;0;0;0;0;0;0;0;0;0;0;0;0;0;0;0;0;0;0;0;0;0;0;0;0;0;0;0;0;0;0;;;;;;;;;;;;;;;;;;;;
22.07.2024;20:46;A 27;1;1;0;1;10;0;100;0;0;0;0;0;0;0;0;0;0;1;3;0;0;1;5;0;0;1;4;0;0;2;2;1;13;0;0;0;0;0;0;3;11;3;28;0;0;2;39;2;45;1;4;0;0;0;0;0;0;0;0;0;0;0;0;0;0;0;0;0;0;0;0;0;0;0;0;0;0;0;0;0;0;0;0;;;;;;;;;;;;;;;;;;;;
22.07.2024;20:45;A 27;1;5;15;3;20;0;100;1;1;1;6;0;0;1;32;0;0;1;3;0;0;0;0;1;42;1;4;0;0;2;1;3;10;0;0;0;0;0;0;2;3;2;4;1;3;2;8;1;6;1;65;0;0;0;0;0;0;0;0;0;0;0;0;0;0;0;0;0;0;0;0;0;0;0;0;0;0;0;0;0;0;0;0;;;;;;;;;;;;;;;;;;;;
22.07.2024;20:44;A 27;1;2;4;0;0;0;100;0;0;0;0;2;8;2;3;5;9;1;41;2;11;5;38;2;14;2;6;2;2;2;2;2;14;0;0;0;0;0;0;2;52;1;0;0;59;1;62;0;0;0;0;0;0;0;0;0;0;0;0;0;0;0;0;0;0;0;0;0;0;0;0;0;0;0;0;0;0;0;0;0;0;0;0;;;;;;;;;;;;;;;;;;;;
22.07.2024;20:43;A 27;1;1;0;0;0;0;100;2;5;1;6;1;1;0;0;0;0;0;0;1;2;0;0;0;32;0;0;0;0;1;2;1;27;1;0;0;0;0;0;2;17;2;3;2;12;2;49;1;25;2;13;0;0;0;0;0;0;0;0;0;0;0;0;0;0;0;0;0;0;0;0;0;0;0;0;0;0;0;0;0;0;0;0;;;;;;;;;;;;;;;;;;;;
22.07.2024;20:42;A 27;1;3;2;2;13;0;100;0;0;0;0;0;0;2;5;1;1;0;0;0;0;1;10;2;25;0;0;3;6;1;1;2;8;1;23;2;1;1;6;4;3;1;1;1;0;4;17;1;7;1;2;0;0;0;0;0;0;0;0;0;0;0;0;0;0;0;0;0;0;0;0;0;0;0;0;0;0;0;0;0;0;0;0;;;;;;;;;;;;;;;;;;;;
22.07.2024;20:41;A 27;1;4;6;3;20;0;100;1;0;1;6;1;1;1;1;2;3;0;0;1;3;2;16;1;8;0;0;0;0;1;0;1;5;1;0;0;0;0;0;2;3;3;53;2;36;2;51;2;69;1;3;0;0;0;0;0;0;1;1;0;0;0;0;0;0;0;0;0;0;0;0;0;0;0;0;0;0;0;0;0;0;0;0;;;;;;;;;;;;;;;;;;;;
22.07.2024;20:40;A 27;1;6;5;3;20;0;100;0;0;0;0;1;1;2;2;4;5;2;5;1;2;3;50;2;13;2;36;0;0;1;2;1;11;0;0;0;0;0;0;0;0;0;0;0;0;0;0;0;0;0;0;0;0;0;0;0;0;0;0;0;0;0;0;0;0;0;0;0;0;0;0;0;0;0;0;0;0;0;0;0;0;0;0;;;;;;;;;;;;;;;;;;;;
22.07.2024;20:39;A 27;1;1;0;0;0;0;100;0;0;0;0;0;0;0;0;1;1;0;0;0;0;1;8;0;0;0;0;1;2;4;11;1;35;1;0;1;0;0;0;2;2;3;2;0;0;2;9;2;9;0;0;0;0;0;0;0;0;0;0;0;0;0;0;0;0;0;0;0;0;0;0;0;0;0;0;0;0;0;0;0;0;4;6;;;;;;;;;;;;;;;;;;;;
22.07.2024;20:38;A 27;1;5;37;2;14;0;100;1;3;1;6;0;0;1;10;1;1;1;1;1;4;1;15;0;11;1;2;2;4;4;41;2;57;5;5;3;3;0;0;3;4;0;4;0;9;2;16;0;9;0;0;0;0;0;0;0;0;0;0;0;0;0;0;0;0;0;0;0;0;0;0;1;1;1;2;0;0;0;0;0;0;0;0;;;;;;;;;;;;;;;;;;;;
22.07.2024;20:37;A 27;1;4;17;3;20;0;100;0;0;0;0;1;1;2;5;3;5;2;5;2;9;4;48;2;23;2;8;0;0;1;0;0;0;0;40;0;0;0;0;1;1;3;3;4;9;2;11;3;15;3;9;0;0;0;0;0;0;0;0;0;0;0;0;0;0;0;0;0;0;0;0;0;0;0;0;0;0;0;0;0;0;0;0;;;;;;;;;;;;;;;;;;;;
22.07.2024;20:36;A 27;1;3;31;2;13;0;100;0;0;1;6;0;0;1;2;2;5;1;0;0;0;1;25;1;14;0;0;2;4;4;12;3;39;3;16;0;0;0;0;1;1;2;2;1;46;1;7;1;5;2;5;0;0;0;0;0;0;0;0;0;0;0;0;0;0;0;0;0;0;0;0;0;0;0;0;0;0;0;0;0;0;0;0;;;;;;;;;;;;;;;;;;;;
22.07.2024;20:35;A 27;1;4;26;1;11;0;100;1;1;0;0;0;0;0;0;0;0;0;0;0;0;0;0;0;0;0;0;2;1;5;8;1;32;0;0;0;0;0;0;1;11;2;4;2;13;1;17;1;15;3;20;0;0;0;0;0;0;0;0;0;0;0;0;0;0;0;0;0;0;0;0;0;0;0;0;0;0;0;0;0;0;0;0;;;;;;;;;;;;;;;;;;;;
22.07.2024;20:34;A 27;1;1;1;1;6;0;100;1;1;1;6;0;0;2;2;1;1;0;0;0;0;1;6;2;16;0;0;2;6;6;59;1;81;1;46;1;1;2;10;2;1;4;5;1;45;2;8;3;18;1;47;0;0;0;0;0;0;0;0;0;0;0;0;0;0;0;0;0;0;0;0;0;0;0;0;0;0;0;0;0;0;1;1;;;;;;;;;;;;;;;;;;;;
22.07.2024;20:33;A 27;1;1;0;1;6;0;100;1;1;1;6;1;8;1;1;1;13;0;0;1;2;1;24;1;8;0;0;2;4;3;4;1;52;2;5;3;4;0;0;1;11;0;0;2;52;2;22;0;0;4;49;0;0;0;0;0;0;0;0;0;0;0;0;0;0;0;0;0;0;0;0;0;0;0;0;0;0;0;0;0;0;0;0;;;;;;;;;;;;;;;;;;;;
22.07.2024;20:32;A 27;1;7;6;3;20;0;100;19;10;1;6;1;60;1;2;1;7;1;4;2;14;0;100;1;14;1;4;0;0;0;0;0;0;0;0;0;0;0;0;3;28;1;2;1;64;2;53;1;8;1;6;0;0;0;0;0;0;0;0;0;0;0;0;0;0;0;0;0;0;0;0;0;0;0;0;0;0;0;0;0;0;0;0;;;;;;;;;;;;;;;;;;;;
22.07.2024;20:31;A 27;1;0;0;1;6;0;100;0;0;0;0;0;0;2;4;3;52;3;13;0;0;2;70;1;25;2;8;1;2;1;2;1;11;1;83;1;2;1;7;2;2;0;0;2;0;1;8;0;0;0;0;0;0;0;0;0;0;0;0;0;0;0;0;0;0;0;0;0;0;0;0;0;0;0;0;0;0;0;0;0;0;0;0;;;;;;;;;;;;;;;;;;;;
22.07.2024;20:30;A 27;1;4;6;1;6;0;100;1;1;1;6;0;0;2;8;3;6;0;0;0;0;1;50;1;22;0;0;1;3;1;3;1;37;0;0;0;0;1;0;4;14;3;2;2;12;1;19;3;19;2;14;0;0;0;0;0;0;0;0;1;1;1;1;0;0;0;0;0;0;0;0;1;1;0;0;0;0;0;0;0;0;4;6;;;;;;;;;;;;;;;;;;;;
22.07.2024;20:29;A 27;1;8;16;2;13;0;100;1;15;1;6;0;0;1;1;1;1;1;0;0;0;2;17;2;8;0;0;0;0;2;6;1;36;0;0;0;0;0;0;3;64;2;6;1;64;2;76;2;50;2;50;0;0;0;0;0;0;0;0;0;0;0;0;0;0;0;0;0;0;0;0;0;0;0;0;0;0;0;0;0;0;0;0;;;;;;;;;;;;;;;;;;;;
22.07.2024;20:28;A 27;1;7;33;3;20;0;100;3;6;0;0;0;0;3;3;2;2;0;0;0;0;2;10;3;16;1;2;0;0;3;7;2;24;1;0;0;0;0;0;1;1;2;7;2;22;1;1;1;36;1;5;0;0;0;0;0;0;0;0;0;0;0;0;0;0;0;0;0;0;0;0;0;0;0;0;0;0;0;0;0;0;0;0;;;;;;;;;;;;;;;;;;;;
22.07.2024;20:27;A 27;1;5;3;2;18;0;100;0;0;0;0;0;0;1;1;2;0;1;44;0;0;1;5;1;0;0;0;2;3;2;2;4;16;1;40;1;1;1;7;4;6;1;41;1;1;3;22;0;48;1;2;0;0;0;0;0;0;0;0;0;0;0;0;0;0;0;0;0;0;0;0;0;0;0;0;0;0;0;0;0;0;0;0;;;;;;;;;;;;;;;;;;;;
22.07.2024;20:26;A 27;1;2;4;1;6;0;100;0;0;0;0;0;0;2;2;3;2;1;14;0;0;3;19;2;15;1;5;0;0;3;5;1;76;2;1;0;0;0;0;3;4;5;12;1;11;2;14;3;28;1;4;0;0;0;0;0;0;0;0;0;0;0;0;0;0;0;0;0;0;0;0;0;0;0;0;0;0;0;0;0;0;0;0;;;;;;;;;;;;;;;;;;;;
22.07.2024;20:25;A 27;1;3;3;2;13;0;100;0;0;0;0;0;0;1;1;2;2;0;0;1;0;2;8;1;8;0;0;0;0;0;0;3;4;0;0;0;0;0;0;0;0;3;3;1;27;0;0;4;13;2;5;0;0;0;0;0;0;0;0;0;0;0;0;0;0;0;0;0;0;0;0;0;0;0;0;0;0;0;0;0;0;0;0;;;;;;;;;;;;;;;;;;;;
22.07.2024;20:24;A 27;1;5;24;1;6;0;100;0;0;0;0;0;0;2;5;3;11;0;0;0;0;3;33;2;26;0;0;0;0;2;1;3;7;1;7;0;0;1;4;1;2;3;10;2;18;0;3;1;35;2;22;0;0;0;0;0;0;0;0;0;0;0;0;0;0;0;0;0;0;0;0;0;0;0;0;0;0;0;0;0;0;0;0;;;;;;;;;;;;;;;;;;;;
22.07.2024;20:23;A 27;1;4;8;2;13;0;100;0;0;0;0;1;1;1;2;1;1;0;0;0;0;1;8;1;10;0;0;0;0;4;42;2;64;1;90;6;4;1;5;2;2;3;2;3;2;2;8;2;11;3;6;0;0;0;0;0;0;0;0;0;0;0;0;0;0;0;0;0;0;0;0;0;0;0;0;0;0;0;0;0;0;0;0;;;;;;;;;;;;;;;;;;;;
22.07.2024;20:22;A 27;1;4;27;0;0;0;100;1;1;1;6;0;0;0;0;2;3;1;0;1;2;2;20;0;0;1;2;1;1;4;10;4;46;1;62;1;0;0;0;1;1;4;3;1;1;1;3;3;10;1;3;0;0;0;0;0;0;0;0;0;0;0;0;0;0;0;0;0;0;0;0;0;0;0;0;0;0;0;0;0;0;0;0;;;;;;;;;;;;;;;;;;;;
22.07.2024;20:21;A 27;1;0;0;0;0;0;100;0;0;0;0;0;0;1;2;2;4;1;2;0;0;2;33;1;10;1;4;1;0;1;15;0;45;3;45;3;1;1;5;0;0;1;1;0;0;0;1;1;3;0;0;0;0;0;0;0;0;0;0;0;0;0;0;0;0;0;0;0;0;0;0;0;0;0;0;0;0;0;0;0;0;0;0;;;;;;;;;;;;;;;;;;;;
22.07.2024;20:20;A 27;1;6;15;1;6;0;100;0;0;0;0;0;0;4;10;2;1;1;30;0;0;2;6;2;34;1;33;1;4;4;9;2;59;4;7;0;0;0;0;3;7;0;0;1;82;2;78;0;2;0;5;0;0;0;0;0;0;0;0;0;0;0;0;0;0;0;0;0;0;0;0;0;0;0;0;0;0;0;0;0;0;0;0;;;;;;;;;;;;;;;;;;;;
22.07.2024;20:19;A 27;1;6;9;2;13;0;100;1;1;1;6;0;0;1;1;1;0;1;0;0;0;1;6;1;2;1;2;1;2;3;51;2;74;3;9;17;25;1;1;0;0;4;11;0;0;1;1;2;67;1;0;0;0;0;0;0;0;0;0;0;0;0;0;0;0;0;0;0;0;0;0;0;0;0;0;0;0;0;0;0;0;0;0;;;;;;;;;;;;;;;;;;;;
22.07.2024;20:18;A 27;1;1;0;1;6;0;100;0;0;0;3;0;0;1;1;2;6;1;2;0;20;1;35;1;10;1;3;1;0;4;5;2;37;2;64;1;0;0;0;1;18;2;3;2;15;1;31;2;37;1;20;0;0;0;0;0;0;0;0;1;1;1;1;1;1;0;0;0;0;0;0;0;0;0;0;0;0;0;0;0;0;0;0;;;;;;;;;;;;;;;;;;;;
22.07.2024;20:17;A 27;1;4;4;2;13;0;100;12;11;1;2;0;0;1;0;3;5;0;0;1;19;2;76;1;5;0;0;0;0;2;1;1;8;1;9;1;2;1;8;2;8;1;1;0;0;5;25;2;7;0;0;0;0;0;0;0;0;0;0;0;0;0;0;0;0;0;0;0;0;0;0;0;0;0;0;0;0;0;0;0;0;0;0;;;;;;;;;;;;;;;;;;;;
22.07.2024;20:16;A 27;1;8;10;3;26;0;100;3;4;2;13;0;0;1;1;1;2;0;0;0;0;3;12;1;7;0;0;1;2;0;0;3;3;0;0;0;0;0;0;3;8;2;6;2;87;7;33;1;22;1;53;0;0;0;0;0;0;0;0;0;0;0;0;0;0;0;0;0;0;1;1;0;0;0;0;0;0;0;0;0;0;1;1;;;;;;;;;;;;;;;;;;;;
22.07.2024;20:15;A 27;1;5;8;2;13;0;100;1;1;1;6;2;1;5;2;3;3;3;5;1;4;1;9;4;8;2;8;1;3;4;19;2;37;1;13;1;1;1;5;5;8;2;3;2;58;3;35;1;7;2;12;0;0;0;0;0;0;0;0;0;0;0;0;0;0;0;0;0;0;0;0;0;0;0;0;0;0;0;0;0;0;0;0;;;;;;;;;;;;;;;;;;;;
22.07.2024;20:14;A 27;1;5;46;1;6;0;100;0;0;0;0;1;1;0;0;3;3;0;0;1;2;2;17;0;0;0;0;1;2;2;2;2;53;3;57;2;42;0;61;0;0;1;1;1;10;0;0;1;16;0;8;0;0;0;0;0;0;0;0;0;0;0;0;0;0;0;0;0;0;0;0;0;0;0;0;0;0;0;0;0;0;0;0;;;;;;;;;;;;;;;;;;;;
22.07.2024;20:13;A 27;1;2;60;1;6;0;100;1;16;0;0;0;0;1;2;1;2;1;0;0;0;1;13;1;13;0;0;0;0;1;0;0;0;1;21;2;3;1;29;1;1;2;7;1;28;1;6;2;19;2;7;0;0;0;0;0;0;0;0;0;0;0;0;0;0;0;0;0;0;0;0;0;0;0;0;0;0;0;0;0;0;0;0;;;;;;;;;;;;;;;;;;;;
22.07.2024;20:12;A 27;1;9;76;0;0;0;100;1;1;1;6;0;0;0;0;3;38;1;0;1;0;2;59;0;0;0;0;1;2;2;1;3;7;2;5;0;0;0;3;1;1;2;2;1;1;1;4;2;10;1;3;0;0;0;0;0;0;0;0;0;0;0;0;0;0;0;0;0;0;0;0;0;0;0;0;0;0;0;0;0;0;0;0;;;;;;;;;;;;;;;;;;;;
22.07.2024;20:11;A 27;1;7;11;2;14;0;100;1;0;0;0;0;0;0;0;3;7;0;51;1;2;1;62;0;59;0;0;2;4;2;3;3;17;1;20;2;3;2;15;4;57;5;24;1;53;2;67;3;74;0;51;0;0;0;0;0;0;0;0;0;0;0;0;0;0;0;0;0;0;0;0;0;0;0;0;0;0;0;0;0;0;1;1;;;;;;;;;;;;;;;;;;;;
22.07.2024;20:10;A 27;1;1;1;1;12;0;100;0;0;0;5;0;0;2;2;2;6;2;11;0;0;3;36;1;16;1;4;0;0;3;32;1;73;0;0;0;0;0;0;4;31;3;26;1;54;2;60;1;60;2;11;0;0;0;0;0;0;0;0;0;0;0;0;0;0;0;0;0;0;0;0;0;0;0;0;0;0;0;0;0;0;0;0;;;;;;;;;;;;;;;;;;;;
22.07.2024;20:09;A 27;1;9;53;3;14;0;100;1;1;1;1;0;0;1;2;2;3;1;5;0;0;12;51;1;11;2;16;0;0;3;21;0;29;7;6;4;4;1;6;3;36;3;6;1;67;2;50;1;53;1;9;0;0;0;0;0;0;0;0;0;0;0;0;0;0;0;0;0;0;0;0;2;3;0;0;0;0;0;0;0;0;0;0;;;;;;;;;;;;;;;;;;;;
22.07.2024;20:08;A 27;1;6;61;2;13;0;100;1;2;1;6;1;39;6;13;3;2;1;36;1;9;1;48;1;83;3;16;2;5;6;14;1;76;6;3;1;0;0;0;2;2;3;3;1;0;1;5;2;11;4;4;0;0;0;0;0;0;0;0;0;0;0;0;0;0;0;0;0;0;0;0;0;0;0;0;0;0;0;0;0;0;0;0;;;;;;;;;;;;;;;;;;;;
22.07.2024;20:07;A 27;1;3;19;0;0;0;100;1;1;1;6;0;0;0;0;1;38;1;3;0;0;1;47;0;0;0;2;4;9;4;39;0;100;0;0;0;0;0;0;5;19;2;2;1;27;1;43;1;44;2;11;0;0;0;0;0;0;0;0;0;0;0;0;0;0;0;0;0;0;0;0;0;0;0;0;0;0;0;0;0;0;0;0;;;;;;;;;;;;;;;;;;;;
22.07.2024;20:06;A 27;1;5;66;2;13;0;100;0;0;0;0;0;0;2;3;2;3;1;0;0;0;1;47;1;8;1;1;0;0;1;14;2;38;2;30;0;0;0;30;3;3;1;1;0;0;1;3;1;7;0;1;0;0;0;0;0;0;0;0;0;0;0;0;0;0;0;0;0;0;0;0;0;0;0;0;0;0;0;0;0;0;0;0;;;;;;;;;;;;;;;;;;;;
22.07.2024;20:05;A 27;1;7;24;3;20;0;100;1;0;0;0;0;0;2;26;6;12;1;32;0;0;0;87;2;35;2;4;0;0;1;1;3;12;0;100;2;2;2;16;4;74;1;1;1;72;3;85;1;2;2;37;0;0;0;0;0;0;0;0;0;0;0;0;0;0;0;0;0;0;0;0;0;0;0;0;0;0;0;0;0;0;0;0;;;;;;;;;;;;;;;;;;;;
22.07.2024;20:04;A 27;1;6;72;0;0;0;100;1;1;1;6;1;0;2;10;4;17;0;0;0;0;3;84;2;22;0;8;0;0;4;5;1;25;4;74;3;29;2;12;4;20;2;13;3;8;2;40;0;19;1;8;0;0;1;1;0;0;0;0;0;0;0;0;0;0;0;0;0;0;0;0;0;0;0;0;0;0;0;0;0;0;0;0;;;;;;;;;;;;;;;;;;;;
22.07.2024;20:03;A 27;1;5;29;4;26;0;100;11;19;1;6;0;0;2;52;4;52;0;0;0;0;2;72;2;65;1;95;1;1;3;4;4;15;1;78;1;1;1;8;3;66;3;63;0;0;1;74;1;96;0;0;0;0;0;0;0;0;0;0;0;0;0;0;0;0;0;0;0;0;0;0;0;0;0;0;0;0;0;0;0;0;0;0;;;;;;;;;;;;;;;;;;;;
22.07.2024;20:02;A 27;1;6;24;3;20;0;100;23;39;0;0;0;63;1;2;2;2;1;3;1;6;1;13;2;2;1;2;0;0;0;0;0;0;0;0;0;0;0;0;3;6;2;69;1;68;4;77;3;59;0;0;0;0;0;0;0;0;0;0;0;0;0;0;0;0;0;0;0;0;0;0;0;0;0;0;0;0;0;0;0;0;0;0;;;;;;;;;;;;;;;;;;;;
22.07.2024;20:01;A 27;1;3;6;0;0;0;100;0;0;0;0;1;33;3;2;3;1;0;0;1;4;1;29;2;17;0;0;1;2;4;16;2;37;1;71;1;1;1;5;3;8;4;11;1;5;4;31;3;13;4;5;0;0;0;0;0;0;0;0;0;0;0;0;0;0;0;0;0;0;0;0;0;0;0;0;0;0;0;0;0;0;0;0;;;;;;;;;;;;;;;;;;;;
22.07.2024;20:00;A 27;1;4;7;2;13;0;100;1;0;0;0;0;0;1;1;4;10;2;7;0;0;2;99;0;6;1;7;1;2;0;32;2;38;3;39;2;3;2;13;0;0;0;0;0;25;0;0;0;0;0;0;0;0;0;0;0;0;0;0;0;0;0;0;1;1;1;1;0;0;0;0;0;0;0;0;0;0;0;0;0;0;1;1;;;;;;;;;;;;;;;;;;;;
22.07.2024;19:59;A 27;1;1;3;1;6;0;100;0;0;0;0;0;0;5;83;4;78;2;64;1;2;0;100;0;100;5;89;0;0;3;13;2;56;1;2;0;3;0;95;3;33;4;51;2;53;2;52;6;51;4;7;0;0;0;0;0;0;0;0;0;0;0;0;0;0;0;0;0;0;0;0;0;0;0;0;0;0;0;0;0;0;0;0;;;;;;;;;;;;;;;;;;;;
22.07.2024;19:58;A 27;1;2;3;1;6;0;100;0;0;0;0;0;0;1;1;2;1;1;2;0;0;1;45;1;45;1;4;0;0;4;40;2;70;4;94;4;47;1;68;5;45;2;37;0;0;2;56;1;46;0;0;0;0;0;0;0;0;0;0;0;0;0;0;0;0;0;0;0;0;0;0;0;0;0;0;0;0;0;0;0;0;0;0;;;;;;;;;;;;;;;;;;;;
22.07.2024;19:57;A 27;1;3;2;1;12;0;100;36;13;0;0;0;0;2;4;4;6;0;0;0;0;1;79;2;58;0;0;0;0;0;32;0;34;1;0;1;0;3;4;3;28;2;4;0;0;2;35;5;32;0;0;0;0;0;0;0;0;0;0;0;0;0;0;0;0;0;0;0;0;0;0;1;1;1;1;0;0;0;0;0;0;0;0;;;;;;;;;;;;;;;;;;;;
22.07.2024;19:56;A 27;1;8;8;4;27;0;100;1;0;1;6;0;0;1;0;2;6;0;0;0;0;2;43;1;4;0;0;2;3;4;43;2;61;0;0;0;0;0;0;2;4;2;40;2;31;4;18;4;24;1;56;0;0;0;0;0;0;0;0;0;0;0;0;0;0;0;0;0;0;0;0;0;0;0;0;0;0;0;0;0;0;0;0;;;;;;;;;;;;;;;;;;;;
22.07.2024;19:55;A 27;1;3;5;2;13;0;100;2;4;1;6;1;29;0;0;1;1;1;3;1;2;2;14;0;0;1;3;1;3;0;0;2;1;0;0;0;0;0;0;2;11;3;10;1;30;2;24;1;19;0;4;0;0;1;1;0;0;0;0;0;0;0;0;0;0;0;0;0;0;0;0;0;0;0;0;0;0;0;0;0;0;1;1;;;;;;;;;;;;;;;;;;;;
22.07.2024;19:54;A 27;1;7;14;0;0;0;100;0;0;1;10;1;40;1;1;0;0;0;0;2;8;2;6;1;10;0;0;0;0;1;1;1;12;1;43;2;12;0;0;1;1;1;2;0;0;1;7;1;9;1;6;0;0;0;0;0;0;0;0;0;0;0;0;0;0;0;0;0;0;0;0;0;0;0;0;0;0;0;0;0;0;0;0;;;;;;;;;;;;;;;;;;;;
22.07.2024;19:53;A 27;1;7;7;3;25;0;100;2;1;1;6;0;0;1;1;2;3;0;0;0;0;1;61;1;7;0;0;1;2;2;3;4;26;1;60;2;4;1;5;5;7;4;33;0;0;1;54;1;41;1;4;0;0;0;0;0;0;0;0;0;0;0;0;0;0;0;0;0;0;0;0;0;0;0;0;0;0;0;0;0;0;0;0;;;;;;;;;;;;;;;;;;;;
22.07.2024;19:52;A 27;1;3;9;3;19;0;100;0;0;0;0;0;0;1;1;2;3;0;39;0;0;2;16;1;10;0;0;0;0;3;54;1;71;0;0;0;0;0;0;2;3;3;4;0;0;3;26;5;14;0;0;0;0;0;0;0;0;0;0;0;0;0;0;0;0;0;0;0;0;0;0;0;0;0;0;0;0;0;0;0;0;0;0;;;;;;;;;;;;;;;;;;;;
22.07.2024;19:51;A 27;1;2;2;2;13;0;100;2;4;2;13;0;0;1;1;4;7;1;50;0;0;2;33;1;6;1;9;1;1;3;51;1;63;0;40;0;0;0;0;1;0;0;0;0;0;0;0;0;0;0;0;0;0;0;0;0;0;0;0;1;1;0;0;0;0;0;0;0;0;0;0;0;0;0;0;0;0;0;0;0;0;0;0;;;;;;;;;;;;;;;;;;;;
22.07.2024;19:50;A 27;1;6;6;4;26;0;100;0;0;1;6;1;36;0;0;1;2;0;0;1;5;2;14;0;0;0;0;1;3;3;7;1;26;1;62;1;1;1;7;3;2;4;3;1;38;2;2;3;8;0;0;0;0;0;0;0;0;0;0;0;0;0;0;0;0;0;0;0;0;0;0;0;0;0;0;0;0;0;0;0;0;0;0;;;;;;;;;;;;;;;;;;;;
22.07.2024;19:49;A 27;1;3;6;2;13;0;100;6;3;1;6;1;1;0;0;2;1;1;1;1;3;2;7;0;0;1;4;2;2;5;38;2;58;5;10;3;2;0;0;1;13;0;2;1;30;0;17;0;8;4;7;0;0;2;3;0;0;0;0;0;0;0;0;0;0;0;0;0;0;0;0;0;0;0;0;0;0;0;0;0;0;0;0;;;;;;;;;;;;;;;;;;;;
22.07.2024;19:48;A 27;1;4;8;3;25;0;100;3;5;2;13;1;1;1;1;2;4;1;4;1;1;2;37;1;11;1;6;0;0;0;0;1;2;0;0;0;0;0;0;3;12;2;3;1;15;1;25;1;33;1;15;0;0;0;0;0;0;0;0;0;0;0;0;0;0;0;0;0;0;1;0;0;0;0;0;0;0;0;0;0;0;0;0;;;;;;;;;;;;;;;;;;;;
22.07.2024;19:47;A 27;1;7;8;4;31;0;100;1;1;1;6;1;0;1;1;3;64;1;1;0;0;1;80;1;8;1;3;2;4;2;2;2;10;0;0;0;0;0;0;6;46;5;15;2;3;1;58;1;65;2;5;0;0;0;0;0;0;0;0;0;0;0;0;0;0;0;0;0;0;0;0;0;0;0;0;0;0;0;0;0;0;0;0;;;;;;;;;;;;;;;;;;;;
22.07.2024;19:46;A 27;1;2;5;1;1;0;100;0;0;0;0;0;0;1;2;3;6;1;3;0;0;2;36;1;10;1;5;0;0;1;2;1;27;0;69;0;0;0;0;2;4;2;5;3;6;0;28;2;25;3;22;0;0;0;0;0;0;0;0;0;0;0;0;0;0;0;0;0;0;0;0;0;0;0;0;0;0;0;0;0;0;0;0;;;;;;;;;;;;;;;;;;;;
22.07.2024;19:45;A 27;1;4;4;2;13;0;100;1;1;1;6;0;0;0;0;1;1;0;0;0;0;1;7;0;0;0;0;1;1;0;0;0;39;2;8;1;1;1;6;3;4;1;1;0;0;5;33;1;6;0;0;0;0;0;0;0;0;0;0;0;0;0;0;0;0;0;0;0;0;0;0;0;0;0;0;0;0;0;0;0;0;0;0;;;;;;;;;;;;;;;;;;;;
22.07.2024;19:44;A 27;1;8;11;1;6;0;100;1;0;2;13;2;43;3;4;4;5;2;2;1;5;3;16;3;14;1;3;2;4;5;10;4;45;0;0;1;0;0;0;1;2;2;4;1;0;1;8;2;66;1;57;0;0;0;0;0;0;0;0;0;0;0;0;0;0;0;0;0;0;0;0;0;0;0;0;0;0;0;0;0;0;0;0;;;;;;;;;;;;;;;;;;;;
22.07.2024;19:43;A 27;1;2;4;0;0;0;100;1;2;0;0;0;0;1;0;2;1;0;0;0;0;2;13;1;40;0;0;1;1;3;16;1;38;4;28;1;1;1;5;1;0;3;5;2;34;0;35;2;27;1;38;0;0;0;0;0;0;0;0;0;0;0;0;0;0;0;0;0;0;0;0;0;0;0;0;0;0;0;0;0;0;0;0;;;;;;;;;;;;;;;;;;;;
22.07.2024;19:42;A 27;1;3;2;2;15;0;100;1;4;0;0;0;0;4;8;0;0;1;1;0;0;0;0;4;35;1;2;0;0;1;27;0;41;0;0;0;0;0;0;3;5;2;3;2;25;2;36;1;8;3;33;0;0;0;0;0;0;0;0;0;0;0;0;0;0;0;0;0;0;0;0;0;0;0;0;0;0;0;0;0;0;0;0;;;;;;;;;;;;;;;;;;;;
22.07.2024;19:41;A 27;1;4;4;4;25;0;100;0;0;0;0;0;0;3;5;4;16;1;4;1;1;1;89;3;37;1;4;1;1;3;5;3;33;0;0;0;0;0;0;3;52;4;35;1;75;3;64;2;72;1;2;0;0;0;0;0;0;0;0;0;0;0;0;0;0;0;0;0;0;0;0;0;0;0;0;0;0;0;0;0;0;0;0;;;;;;;;;;;;;;;;;;;;
22.07.2024;19:40;A 27;1;4;6;2;13;0;100;1;0;0;0;2;1;1;13;4;8;0;31;0;0;5;43;1;24;0;0;4;4;4;13;1;74;2;42;2;4;2;41;5;55;1;35;1;31;0;69;1;42;2;37;0;0;0;0;0;0;0;0;0;0;0;0;0;0;0;0;0;0;0;0;0;0;0;0;0;0;0;0;0;0;0;0;;;;;;;;;;;;;;;;;;;;
22.07.2024;19:39;A 27;1;13;47;1;6;0;100;2;3;2;13;0;0;1;2;2;2;2;64;0;0;1;10;1;10;4;7;1;2;2;5;1;26;1;4;2;3;0;0;3;20;3;7;1;62;1;86;1;30;2;5;0;0;0;0;0;0;0;0;1;1;0;0;0;0;0;0;0;0;0;0;0;0;0;0;0;0;0;0;0;0;0;0;;;;;;;;;;;;;;;;;;;;
22.07.2024;19:38;A 27;1;9;14;1;6;0;100;1;1;1;6;0;0;1;0;1;1;1;46;0;0;1;63;1;6;1;6;3;6;2;5;2;60;0;0;0;0;0;0;4;17;4;12;1;63;2;70;3;36;1;43;0;0;0;0;0;0;0;0;0;0;0;0;0;0;0;0;0;0;0;0;1;1;0;0;0;0;0;0;0;0;0;0;;;;;;;;;;;;;;;;;;;;
22.07.2024;19:37;A 27;1;3;14;1;6;0;100;0;0;0;0;0;0;1;0;3;5;0;0;2;6;2;69;2;9;0;0;1;2;5;6;4;64;4;32;1;2;1;8;0;0;2;2;1;24;1;18;3;14;1;5;0;0;0;0;0;0;0;0;0;0;0;0;0;0;0;0;0;0;0;0;0;0;0;0;0;0;0;0;0;0;0;0;;;;;;;;;;;;;;;;;;;;
22.07.2024;19:36;A 27;1;5;7;1;6;0;100;0;0;0;0;0;0;0;0;2;5;0;0;0;0;3;63;0;0;0;0;1;2;0;0;1;1;0;0;0;0;0;0;1;3;1;1;0;0;1;9;2;3;0;0;0;0;0;0;0;0;0;0;0;0;0;0;0;0;0;0;0;0;0;0;0;0;0;0;0;0;0;0;0;0;0;0;;;;;;;;;;;;;;;;;;;;
22.07.2024;19:35;A 27;1;4;4;2;17;0;100;2;2;1;6;6;24;2;2;3;6;0;0;3;81;2;88;1;28;1;0;0;0;1;2;1;11;0;0;0;0;0;0;2;4;1;1;3;34;2;72;1;4;1;6;0;0;0;0;0;0;0;0;0;0;0;0;0;0;0;0;0;0;0;0;0;0;0;0;0;0;0;0;0;0;0;0;;;;;;;;;;;;;;;;;;;;
22.07.2024;19:34;A 27;1;1;1;1;2;0;100;0;0;0;0;0;0;2;3;5;9;0;0;0;0;0;46;2;17;0;0;0;0;2;3;2;58;2;3;5;6;0;0;1;28;0;0;0;0;0;35;0;30;0;0;0;0;0;0;0;0;0;0;0;0;0;0;0;0;0;0;0;0;0;0;0;0;0;0;0;0;0;0;0;0;0;0;;;;;;;;;;;;;;;;;;;;
22.07.2024;19:33;A 27;1;7;7;2;16;0;100;1;5;0;0;0;0;0;0;2;4;0;0;0;0;1;69;0;0;0;0;0;0;3;15;1;37;1;1;1;1;1;5;2;21;3;8;0;1;1;27;1;20;0;0;0;0;0;0;0;0;0;0;0;0;0;0;0;0;0;0;0;0;0;0;0;0;0;0;0;0;1;1;0;0;0;0;;;;;;;;;;;;;;;;;;;;
22.07.2024;19:32;A 27;1;8;11;2;13;0;100;0;0;1;13;0;0;0;0;2;4;0;0;0;0;2;21;0;0;0;0;0;0;2;1;2;4;0;1;0;0;0;0;5;37;6;46;2;58;2;69;3;63;3;11;0;0;0;0;0;0;0;0;0;0;0;0;0;0;0;0;0;0;0;0;0;0;0;0;0;0;0;0;0;0;0;0;;;;;;;;;;;;;;;;;;;;
22.07.2024;19:31;A 27;1;1;1;1;6;0;100;1;2;1;6;1;29;2;4;3;30;1;24;0;27;1;44;2;27;2;10;1;2;3;10;1;59;1;2;0;0;0;0;3;4;2;24;1;3;2;14;0;30;0;21;0;0;0;0;0;0;0;0;0;0;0;0;0;0;0;0;0;0;0;0;0;0;0;0;0;0;0;0;0;0;0;0;;;;;;;;;;;;;;;;;;;;
22.07.2024;19:30;A 27;1;7;11;3;20;0;100;1;1;1;6;1;85;1;1;4;38;1;57;2;65;1;76;1;8;1;6;0;0;0;0;1;1;1;21;0;0;0;21;1;0;2;4;1;0;0;0;3;17;1;26;0;0;0;0;0;0;0;0;0;0;1;1;0;0;0;0;0;0;0;0;0;0;0;0;0;0;0;0;0;0;0;0;;;;;;;;;;;;;;;;;;;;
22.07.2024;19:29;A 27;1;5;5;3;20;0;100;3;1;0;0;0;0;1;44;4;10;1;39;0;0;0;79;0;77;2;43;1;2;0;0;1;4;0;100;1;2;1;35;4;58;4;56;2;35;4;73;2;75;2;8;0;0;0;0;0;0;0;0;0;0;0;0;0;0;0;0;0;0;0;0;0;0;0;0;0;0;0;0;0;0;0;0;;;;;;;;;;;;;;;;;;;;
22.07.2024;19:28;A 27;1;12;58;0;0;0;100;26;36;0;0;1;1;5;17;2;12;1;2;1;0;3;24;2;39;1;4;1;2;3;14;5;41;1;44;1;1;1;6;1;0;2;11;1;0;1;3;2;20;0;5;0;0;0;0;0;0;0;0;0;0;0;0;0;0;0;0;0;0;0;0;0;0;0;0;0;0;0;0;0;0;0;0;;;;;;;;;;;;;;;;;;;;
22.07.2024;19:27;A 27;1;1;2;2;13;0;100;1;2;2;13;0;0;3;50;3;41;1;1;0;0;2;64;2;65;2;4;0;0;2;1;0;30;0;0;0;0;0;0;0;0;2;11;0;0;0;0;4;22;1;20;0;0;0;0;0;0;0;0;0;0;0;0;1;1;0;0;0;0;0;0;0;0;0;0;0;0;0;0;0;0;0;0;;;;;;;;;;;;;;;;;;;;
22.07.2024;19:26;A 27;1;3;3;1;6;0;100;1;1;0;0;1;73;3;8;2;17;0;0;1;3;2;32;1;49;0;0;0;0;2;4;2;22;2;1;0;0;1;1;4;28;4;52;3;72;3;55;3;68;4;49;0;0;0;0;0;0;0;0;0;0;0;0;0;0;0;0;0;0;0;0;0;0;0;0;0;0;0;0;0;0;0;0;;;;;;;;;;;;;;;;;;;;
22.07.2024;19:25;A 27;1;1;1;0;0;0;100;1;1;1;6;1;38;1;0;3;1;0;0;2;7;3;10;0;0;0;0;1;2;6;18;1;40;2;1;0;0;0;0;3;16;2;12;0;0;2;36;1;35;0;0;0;0;0;0;0;0;0;0;0;0;0;0;0;0;0;0;0;0;0;0;0;0;0;0;0;0;1;1;0;0;0;0;;;;;;;;;;;;;;;;;;;;
22.07.2024;19:24;A 27;1;6;46;4;26;0;100;0;0;0;0;0;0;0;0;1;1;1;2;0;0;1;8;0;0;1;4;1;1;0;0;0;0;2;4;3;2;0;0;2;4;3;7;0;0;2;16;2;33;1;4;0;0;0;0;0;0;0;0;0;0;0;0;0;0;0;0;0;0;0;0;0;0;0;0;0;0;1;1;0;0;0;0;;;;;;;;;;;;;;;;;;;;
22.07.2024;19:23;A 27;1;10;58;2;13;0;100;3;2;2;13;0;0;0;0;2;6;0;0;0;0;2;22;0;0;0;0;3;10;2;4;1;13;1;0;0;0;0;0;6;14;4;49;1;1;7;55;1;76;1;2;0;0;0;0;0;0;0;0;0;0;0;0;0;0;0;0;0;0;0;0;0;0;0;0;0;0;0;0;0;0;0;0;;;;;;;;;;;;;;;;;;;;
22.07.2024;19:22;A 27;1;1;1;1;6;0;100;3;5;1;6;0;0;1;2;2;22;0;0;1;2;2;39;1;10;1;1;0;0;6;45;1;66;1;0;0;0;0;0;1;1;3;7;0;25;1;27;1;54;0;0;0;0;0;0;0;0;1;1;0;0;0;0;0;0;0;0;0;0;0;0;0;0;0;0;0;0;1;1;0;0;0;0;;;;;;;;;;;;;;;;;;;;
22.07.2024;19:21;A 27;1;4;3;2;13;0;100;0;0;0;0;0;0;0;0;2;4;1;3;1;0;2;59;2;4;1;4;0;0;0;29;0;32;0;19;0;0;0;0;2;5;2;6;1;9;3;20;2;45;2;11;0;0;0;0;0;0;0;0;0;0;0;0;0;0;0;0;0;0;0;0;0;0;0;0;0;0;0;0;0;0;0;0;;;;;;;;;;;;;;;;;;;;
22.07.2024;19:20;A 27;1;4;5;1;6;0;100;0;0;0;0;0;0;0;0;0;0;1;1;0;0;0;0;0;0;0;0;2;5;4;7;2;30;1;47;1;1;1;7;5;60;7;52;2;79;2;78;2;74;1;54;0;0;0;0;0;0;0;0;0;0;0;0;0;0;0;0;0;0;0;0;0;0;0;0;0;0;0;0;0;0;0;0;;;;;;;;;;;;;;;;;;;;
22.07.2024;19:19;A 27;1;5;8;1;6;0;100;0;0;0;0;1;1;2;3;2;12;0;0;0;0;2;24;1;19;0;0;0;0;8;28;1;73;7;9;3;3;0;0;1;6;2;12;3;39;0;12;0;15;2;13;0;0;0;0;0;0;0;0;0;0;1;1;0;0;0;0;0;0;0;0;0;0;0;0;0;0;1;1;0;0;0;0;;;;;;;;;;;;;;;;;;;;
22.07.2024;19:18;A 27;1;8;55;2;13;0;100;3;7;2;13;0;0;2;5;3;17;2;19;0;0;2;47;2;79;1;3;0;0;1;3;1;33;0;0;0;0;0;0;3;5;3;11;0;0;1;18;1;34;0;0;0;0;0;0;0;0;0;0;0;0;0;0;0;0;0;0;0;0;0;0;0;0;0;0;0;0;1;1;0;0;1;1;;;;;;;;;;;;;;;;;;;;
22.07.2024;19:17;A 27;1;11;40;2;14;0;100;0;0;0;0;2;1;4;5;6;10;0;0;1;4;3;74;2;33;0;0;0;0;4;5;1;50;2;1;0;0;0;0;5;47;4;30;2;38;1;66;3;45;2;30;0;0;0;0;0;0;0;0;0;0;0;0;0;0;0;0;0;0;0;0;0;0;0;0;0;0;0;0;0;0;0;0;;;;;;;;;;;;;;;;;;;;
22.07.2024;19:16;A 27;1;2;5;1;5;0;100;1;1;1;6;0;0;1;2;3;15;0;0;0;0;0;35;1;12;0;0;0;0;2;3;3;20;1;0;0;0;0;0;0;0;1;2;2;1;0;0;1;7;1;2;0;0;0;0;0;0;0;0;0;0;0;0;0;0;0;0;0;0;0;0;0;0;0;0;0;0;0;0;0;0;0;0;;;;;;;;;;;;;;;;;;;;
22.07.2024;19:15;A 27;1;7;9;1;6;0;100;0;0;1;9;1;1;2;2;3;2;0;0;1;3;5;14;2;9;0;0;1;2;0;0;1;51;2;38;1;1;0;7;1;1;2;3;0;0;1;6;1;11;0;1;0;0;0;0;0;0;0;0;0;0;0;0;0;0;0;0;0;0;0;0;0;0;0;0;0;0;0;0;0;0;0;0;;;;;;;;;;;;;;;;;;;;
22.07.2024;19:14;A 27;1;12;25;2;13;0;100;0;0;1;6;0;83;0;0;3;51;0;0;0;0;3;80;1;3;0;0;0;0;4;7;4;67;0;0;1;0;1;0;4;61;7;59;2;81;2;82;1;83;3;85;0;0;0;0;0;0;0;0;0;0;0;0;0;0;0;0;0;0;0;0;1;1;1;1;0;0;0;0;0;0;0;0;;;;;;;;;;;;;;;;;;;;
22.07.2024;19:13;A 27;1;6;20;1;6;0;100;2;7;1;9;1;0;1;25;4;6;2;1;1;5;3;21;3;38;2;3;1;3;5;5;3;50;1;79;1;1;1;8;4;12;5;25;2;11;2;41;0;33;8;14;0;0;0;0;0;0;0;0;0;0;0;0;0;0;0;0;0;0;0;0;0;0;0;0;0;0;0;0;0;0;0;0;;;;;;;;;;;;;;;;;;;;
22.07.2024;19:12;A 27;1;5;9;1;6;0;100;1;3;0;0;0;0;2;6;1;0;1;3;0;0;0;0;2;28;1;5;1;3;1;41;0;47;2;7;1;1;1;4;2;1;2;7;3;14;2;8;1;15;0;19;0;0;0;0;0;0;0;0;0;0;0;0;0;0;0;0;0;0;0;0;0;0;0;0;0;0;0;0;0;0;0;0;;;;;;;;;;;;;;;;;;;;
22.07.2024;19:11;A 27;1;12;13;5;33;0;100;1;0;0;0;1;78;2;4;2;7;1;34;0;2;2;53;2;8;1;3;1;2;4;28;6;46;0;0;0;0;0;0;3;54;2;6;2;92;1;63;1;59;0;100;0;0;0;0;0;0;0;0;0;0;0;0;0;0;0;0;0;0;0;0;0;0;0;0;0;0;0;0;0;0;0;0;;;;;;;;;;;;;;;;;;;;
22.07.2024;19:10;A 27;1;1;1;1;6;0;100;0;0;0;0;2;2;4;36;8;44;4;51;3;12;1;65;0;43;2;44;1;2;1;1;0;74;1;35;1;1;1;7;1;1;2;10;2;89;2;34;0;0;0;100;0;0;0;0;0;0;0;0;0;0;0;0;0;0;0;0;0;0;0;0;0;0;0;0;0;0;0;0;0;0;0;0;;;;;;;;;;;;;;;;;;;;
22.07.2024;19:09;A 27;1;4;10;1;6;0;100;1;0;1;6;0;0;3;21;3;28;1;69;0;0;1;89;2;44;1;74;2;3;6;28;2;44;0;42;4;7;0;0;2;5;1;1;1;22;2;14;1;8;2;21;0;0;0;0;0;0;0;0;0;0;0;0;0;0;0;0;0;0;0;0;0;0;0;0;0;0;0;0;0;0;0;0;;;;;;;;;;;;;;;;;;;;
22.07.2024;19:08;A 27;1;6;6;2;13;0;100;1;1;1;6;0;0;1;2;2;3;2;4;0;0;2;24;2;12;2;7;0;0;2;23;1;76;3;9;1;1;1;7;2;4;3;18;2;40;1;33;1;34;2;27;0;0;0;0;0;0;1;1;0;0;0;0;0;0;0;0;0;0;0;0;0;0;0;0;0;0;0;0;0;0;0;0;;;;;;;;;;;;;;;;;;;;
22.07.2024;19:07;A 27;1;1;1;2;13;0;100;2;3;1;6;0;0;1;0;4;39;0;0;0;0;1;54;1;6;0;0;2;4;3;43;0;94;2;14;0;0;1;0;4;25;4;40;0;35;1;53;1;53;0;0;0;0;0;0;0;0;0;0;0;0;0;0;0;0;0;0;0;0;0;0;0;0;0;0;0;0;0;0;0;0;0;0;;;;;;;;;;;;;;;;;;;;
22.07.2024;19:06;A 27;1;8;8;3;24;0;100;1;1;1;6;0;0;1;2;2;3;1;2;0;0;10;31;1;11;0;3;1;2;5;8;3;54;1;34;0;0;0;32;5;7;3;19;1;38;3;28;1;26;1;9;0;0;0;0;0;0;0;0;0;0;0;0;1;1;1;1;0;0;0;0;0;0;0;0;0;0;0;0;0;0;0;0;;;;;;;;;;;;;;;;;;;;
22.07.2024;19:05;A 27;1;12;46;1;6;0;100;1;1;1;6;0;81;2;16;3;6;0;83;0;0;1;40;1;34;1;1;0;0;1;1;2;12;1;50;2;5;2;27;2;76;2;25;1;0;0;96;1;73;0;0;0;0;0;0;0;0;0;0;0;0;0;0;0;0;0;0;0;0;0;0;0;0;0;0;0;0;0;0;0;0;0;0;;;;;;;;;;;;;;;;;;;;
22.07.2024;19:04;A 27;1;3;69;0;0;0;100;2;3;1;6;1;21;1;1;5;5;1;55;2;10;2;37;1;5;2;7;0;0;3;42;1;65;1;93;7;11;21;13;2;4;3;5;1;1;2;21;1;22;1;2;0;0;0;0;0;0;0;0;0;0;0;0;0;0;0;0;0;0;0;0;0;0;0;0;0;0;0;0;0;0;0;0;;;;;;;;;;;;;;;;;;;;
22.07.2024;19:03;A 27;1;1;37;1;9;0;100;1;5;1;6;0;0;1;1;2;34;0;0;0;0;1;81;1;7;0;0;4;9;5;6;4;33;1;62;2;3;2;48;2;3;3;9;1;1;2;13;2;49;1;2;0;0;0;0;0;0;0;0;0;0;0;0;1;1;0;0;0;0;0;0;0;0;0;0;0;0;0;0;0;0;0;0;;;;;;;;;;;;;;;;;;;;
22.07.2024;19:02;A 27;1;11;23;2;10;0;100;1;0;1;6;1;71;2;3;3;37;1;80;0;1;0;90;1;18;0;80;0;0;0;0;0;0;0;0;0;0;0;0;6;14;8;37;1;55;3;56;3;62;1;3;0;0;0;0;0;0;0;0;0;0;0;0;0;0;0;0;0;0;0;0;0;0;0;0;0;0;0;0;0;0;0;0;;;;;;;;;;;;;;;;;;;;
22.07.2024;19:01;A 27;1;0;0;0;0;0;100;3;64;1;6;0;0;1;0;2;4;1;43;1;5;2;34;1;4;2;30;2;4;5;31;2;52;1;0;0;0;0;0;4;3;2;4;3;20;5;20;0;9;2;18;0;0;0;0;0;0;0;0;0;0;0;0;0;0;1;1;0;0;0;0;1;1;2;3;0;0;0;0;0;0;0;0;;;;;;;;;;;;;;;;;;;;
22.07.2024;19:00;A 27;1;6;39;2;13;0;100;3;7;2;13;0;0;1;1;2;2;1;2;2;4;1;68;2;10;1;3;1;1;4;9;2;51;2;0;0;0;0;0;1;1;1;0;1;1;1;6;1;3;1;6;0;0;3;5;0;0;0;0;0;0;0;0;0;0;1;1;0;0;0;0;0;0;0;0;0;0;0;0;0;0;0;0;;;;;;;;;;;;;;;;;;;;
22.07.2024;18:59;A 27;1;9;10;2;13;0;100;0;31;1;6;0;0;2;4;2;4;1;2;0;0;3;23;2;19;1;3;2;4;4;8;1;88;2;1;0;0;0;0;3;45;5;44;1;56;1;71;2;62;2;6;0;0;0;0;0;0;0;0;0;0;0;0;0;0;0;0;0;0;0;0;0;0;0;0;0;0;0;0;0;0;0;0;;;;;;;;;;;;;;;;;;;;
22.07.2024;18:58;A 27;1;3;2;1;6;0;100;3;31;1;6;0;31;5;10;4;6;1;3;0;0;2;57;1;41;1;5;1;2;6;31;1;72;3;41;1;2;1;11;2;41;2;42;2;37;0;48;0;46;0;0;0;0;0;0;0;0;0;0;0;0;0;0;0;0;0;0;0;0;0;0;0;0;0;0;0;0;0;0;0;0;0;0;;;;;;;;;;;;;;;;;;;;
22.07.2024;18:57;A 27;1;7;19;1;6;0;100;3;6;2;13;1;75;2;2;5;8;1;0;1;3;3;56;1;14;0;0;1;0;1;40;0;44;2;35;1;2;1;31;3;6;3;14;1;33;2;20;1;34;1;5;0;0;0;0;0;0;1;1;0;0;0;0;1;1;1;1;0;0;0;0;0;0;0;0;0;0;0;0;0;0;0;0;;;;;;;;;;;;;;;;;;;;
22.07.2024;18:56;A 27;1;6;39;2;13;0;100;1;0;2;13;1;5;3;56;4;76;3;78;2;16;1;95;1;95;3;87;1;2;3;17;1;63;1;18;1;1;1;6;6;67;6;59;0;97;1;85;1;83;0;0;0;0;0;0;0;0;0;0;0;0;0;0;0;0;0;0;0;0;0;0;0;0;0;0;0;0;0;0;0;0;0;0;;;;;;;;;;;;;;;;;;;;
22.07.2024;18:55;A 27;1;4;20;1;6;0;100;1;2;1;6;0;0;2;19;4;47;0;0;1;2;1;67;2;49;0;0;3;6;4;13;5;54;5;35;2;2;2;24;0;0;4;40;1;23;1;38;3;52;2;8;0;0;0;0;0;0;0;0;0;0;0;0;0;0;0;0;0;0;0;0;0;0;0;0;0;0;0;0;0;0;0;0;;;;;;;;;;;;;;;;;;;;
22.07.2024;18:54;A 27;1;4;57;2;13;0;100;4;7;2;13;0;0;2;4;3;28;1;3;0;0;3;42;2;36;1;5;3;5;6;6;2;44;6;27;4;3;0;21;1;3;3;11;1;0;1;27;1;26;2;7;0;0;0;0;0;0;0;0;0;0;0;0;0;0;0;0;0;0;0;0;0;0;0;0;0;0;0;0;0;0;0;0;;;;;;;;;;;;;;;;;;;;
22.07.2024;18:53;A 27;1;3;44;3;23;0;100;2;7;1;6;1;5;3;4;2;7;4;46;1;6;2;29;2;20;4;50;0;0;2;4;2;18;1;86;2;4;3;26;5;6;7;27;3;1;3;62;2;69;3;9;0;0;1;1;0;0;0;0;0;0;0;0;1;1;1;1;0;0;0;0;0;0;0;0;0;0;0;0;0;0;0;0;;;;;;;;;;;;;;;;;;;;
22.07.2024;18:52;A 27;1;3;41;0;0;0;100;2;2;2;13;1;2;5;8;5;34;1;0;1;6;1;57;1;52;1;2;0;0;4;23;1;41;2;73;2;20;1;29;3;29;4;26;6;3;0;37;2;37;2;8;0;0;0;0;0;0;0;0;0;0;0;0;0;0;0;0;0;0;0;0;0;0;0;0;0;0;0;0;0;0;0;0;;;;;;;;;;;;;;;;;;;;
22.07.2024;18:51;A 27;1;3;2;3;20;0;100;2;2;1;6;0;0;2;5;3;47;0;0;0;0;1;85;1;72;0;0;1;1;2;0;2;46;1;38;1;2;1;13;4;13;3;5;0;0;4;26;2;26;0;0;0;0;0;0;0;0;0;0;0;0;0;0;0;0;0;0;0;0;0;0;0;0;0;0;0;0;0;0;0;0;0;0;;;;;;;;;;;;;;;;;;;;
22.07.2024;18:50;A 27;1;8;7;4;26;0;100;1;0;1;6;1;80;1;0;2;91;0;0;0;2;0;98;3;57;0;0;3;5;2;3;5;24;0;0;0;0;0;0;5;61;6;57;1;17;2;82;1;81;2;8;0;0;0;0;0;0;0;0;0;0;0;0;0;0;0;0;0;0;0;0;0;0;0;0;0;0;0;0;0;0;0;0;;;;;;;;;;;;;;;;;;;;
22.07.2024;18:49;A 27;1;3;6;1;6;0;100;1;1;1;6;1;9;1;11;3;17;0;0;1;8;2;47;2;20;0;5;0;0;6;28;3;68;2;93;1;66;0;93;2;5;1;11;1;8;1;13;0;15;1;11;0;0;0;0;0;0;0;0;0;0;0;0;1;1;2;3;0;0;0;0;0;0;0;0;0;0;0;0;0;0;0;0;;;;;;;;;;;;;;;;;;;;
22.07.2024;18:48;A 27;1;3;4;3;20;0;100;34;19;1;6;1;79;4;42;2;5;0;0;2;68;3;53;5;62;2;48;0;0;0;0;0;0;1;67;2;4;1;75;2;3;3;37;1;70;1;16;2;48;2;17;0;0;0;0;0;0;0;0;0;0;1;1;0;0;0;0;0;0;1;1;0;0;0;0;0;0;0;0;0;0;0;0;;;;;;;;;;;;;;;;;;;;
22.07.2024;18:47;A 27;1;10;22;1;6;0;100;2;4;2;13;2;20;3;18;6;10;0;0;1;4;6;36;3;76;0;0;0;0;1;3;1;31;0;0;0;0;0;0;4;26;9;15;2;0;1;47;2;50;1;2;0;0;0;0;0;0;0;0;0;0;0;0;0;0;0;0;0;0;0;0;0;0;0;0;0;0;0;0;0;0;0;0;;;;;;;;;;;;;;;;;;;;
22.07.2024;18:46;A 27;1;7;57;1;6;0;100;4;33;0;0;0;27;5;11;3;38;1;2;0;0;1;52;1;66;1;4;2;4;5;11;3;57;1;1;0;0;0;0;3;7;3;4;5;3;0;41;0;47;0;33;0;0;0;0;0;0;0;0;0;0;0;0;0;0;0;0;0;0;0;0;0;0;0;0;0;0;3;5;0;0;0;0;;;;;;;;;;;;;;;;;;;;
22.07.2024;18:45;A 27;1;6;39;1;6;0;100;2;4;2;13;1;27;2;4;8;41;0;0;2;5;4;85;1;71;0;0;1;2;1;7;0;53;2;46;0;0;0;46;2;5;2;9;1;0;2;48;2;44;1;30;0;0;0;0;0;0;0;0;0;0;0;0;0;0;0;0;0;0;0;0;0;0;0;0;0;0;0;0;0;0;0;0;;;;;;;;;;;;;;;;;;;;
22.07.2024;18:44;A 27;1;5;12;2;13;0;100;2;5;0;0;0;0;0;0;3;45;1;2;0;0;2;64;0;0;1;4;0;0;3;16;2;38;2;42;2;7;2;22;4;28;3;28;2;67;2;84;2;72;3;73;0;0;0;0;0;0;0;0;0;0;0;0;0;0;0;0;0;0;2;3;0;0;0;0;0;0;0;0;0;0;0;0;;;;;;;;;;;;;;;;;;;;
22.07.2024;18:43;A 27;1;4;26;1;6;0;100;0;0;0;0;0;0;2;28;3;36;0;0;0;0;3;56;5;44;0;27;13;37;8;19;1;77;3;3;1;0;5;5;4;7;4;35;1;0;0;44;1;45;0;0;0;0;0;0;0;0;0;0;0;0;0;0;0;0;0;0;0;0;0;0;0;0;0;0;0;0;0;0;0;0;0;0;;;;;;;;;;;;;;;;;;;;
22.07.2024;18:42;A 27;1;8;64;2;13;0;100;3;6;1;6;0;0;3;9;4;63;1;1;0;0;2;88;2;31;2;19;2;6;8;17;1;55;2;3;0;0;0;0;5;8;6;35;0;0;4;45;1;53;0;0;0;0;0;0;0;0;0;0;1;1;0;0;0;0;0;0;0;0;0;0;0;0;0;0;0;0;0;0;0;0;0;0;;;;;;;;;;;;;;;;;;;;
22.07.2024;18:41;A 27;1;5;14;1;6;0;100;0;0;0;0;0;0;2;66;3;39;1;2;0;0;1;86;1;79;1;4;0;4;5;3;4;19;1;0;1;0;0;0;7;67;4;76;2;17;0;100;0;100;1;90;0;0;0;0;0;0;0;0;0;0;0;0;0;0;0;0;0;0;0;0;0;0;0;0;0;0;0;0;0;0;0;0;;;;;;;;;;;;;;;;;;;;
22.07.2024;18:40;A 27;1;3;5;2;13;0;100;2;0;0;0;2;3;2;37;5;9;1;4;2;7;2;69;2;53;0;38;3;88;5;14;1;99;1;6;2;7;0;0;3;36;5;9;1;3;3;43;3;58;1;1;0;0;0;0;0;0;0;0;0;0;0;0;0;0;0;0;0;0;0;0;0;0;0;0;0;0;0;0;0;0;0;0;;;;;;;;;;;;;;;;;;;;
22.07.2024;18:39;A 27;1;10;49;3;20;0;100;0;0;0;0;0;0;2;4;3;6;1;3;0;0;3;28;2;19;2;7;0;0;0;25;1;33;0;21;0;0;0;0;3;20;2;9;0;0;2;32;3;39;2;7;0;0;0;0;0;0;0;0;0;0;0;0;0;0;0;0;0;0;0;0;0;0;0;0;0;0;0;0;0;0;0;0;;;;;;;;;;;;;;;;;;;;
22.07.2024;18:38;A 27;1;9;10;3;20;0;100;0;0;0;0;0;0;2;4;4;23;0;0;0;0;2;69;6;24;0;0;0;0;3;27;1;43;1;26;1;1;1;8;3;5;5;53;1;43;2;33;1;67;1;5;0;0;0;0;0;0;0;0;0;0;0;0;0;0;0;0;0;0;0;0;0;0;0;0;0;0;0;0;0;0;0;0;;;;;;;;;;;;;;;;;;;;
22.07.2024;18:37;A 27;1;3;41;1;6;0;100;0;0;0;0;1;0;1;1;5;25;0;0;0;0;2;44;0;29;0;0;3;17;3;3;2;13;1;1;0;0;0;0;4;34;3;30;2;4;0;43;0;38;2;6;0;0;0;0;0;0;0;0;0;0;0;0;0;0;0;0;0;0;0;0;0;0;0;0;0;0;0;0;0;0;0;0;;;;;;;;;;;;;;;;;;;;
22.07.2024;18:36;A 27;1;9;11;1;6;0;100;6;53;1;10;1;0;2;6;2;3;1;0;0;0;2;19;1;44;0;0;0;0;6;28;0;43;6;4;0;0;0;0;4;11;3;30;0;0;1;28;3;41;0;0;0;0;0;0;0;0;0;0;0;0;0;0;0;0;0;0;0;0;0;0;0;0;0;0;0;0;0;0;0;0;0;0;;;;;;;;;;;;;;;;;;;;
22.07.2024;18:35;A 27;1;5;5;1;6;0;100;0;0;0;0;1;1;1;36;2;12;1;0;1;4;0;86;1;47;0;0;3;5;4;4;2;26;2;2;1;1;1;1;5;52;6;31;3;43;1;65;1;87;4;7;0;0;0;0;0;0;0;0;0;0;0;0;0;0;0;0;0;0;0;0;0;0;0;0;0;0;0;0;0;0;0;0;;;;;;;;;;;;;;;;;;;;
22.07.2024;18:34;A 27;1;4;10;2;13;0;100;1;1;1;6;0;30;1;39;8;36;1;1;1;1;5;67;1;51;1;4;2;2;4;81;1;97;3;3;2;2;3;10;1;22;0;0;2;45;1;44;1;36;1;47;0;0;0;0;0;0;0;0;0;0;0;0;0;0;0;0;0;0;0;0;0;0;0;0;0;0;1;1;0;0;0;0;;;;;;;;;;;;;;;;;;;;
22.07.2024;18:33;A 27;1;12;64;0;0;0;100;3;53;2;13;1;86;3;16;2;55;0;0;1;3;1;68;1;70;1;7;1;3;2;32;1;49;5;8;3;3;0;0;3;6;3;7;3;45;1;30;2;22;2;35;0;0;0;0;0;0;0;0;0;0;0;0;0;0;0;0;0;0;0;0;0;0;0;0;0;0;0;0;0;0;0;0;;;;;;;;;;;;;;;;;;;;
22.07.2024;18:32;A 27;1;9;10;4;26;0;100;3;51;1;6;1;77;2;6;6;11;0;0;4;57;0;95;2;57;1;3;2;6;2;14;2;32;0;0;0;0;0;0;4;35;6;44;2;18;2;64;3;65;7;18;0;0;0;0;0;0;0;0;0;0;0;0;0;0;0;0;0;0;0;0;0;0;0;0;0;0;0;0;0;0;0;0;;;;;;;;;;;;;;;;;;;;
22.07.2024;18:31;A 27;1;3;12;1;9;0;100;1;1;0;0;1;51;4;4;6;18;1;8;0;0;4;76;3;26;1;3;4;6;8;50;1;72;7;7;1;0;1;5;1;28;1;29;1;38;1;32;0;34;0;31;0;0;0;0;0;0;0;0;0;0;0;0;0;0;0;0;0;0;0;0;0;0;0;0;0;0;0;0;0;0;0;0;;;;;;;;;;;;;;;;;;;;
22.07.2024;18:30;A 27;1;7;69;2;10;0;100;7;31;1;6;1;78;0;0;2;2;0;0;1;5;1;14;0;0;0;0;3;21;6;6;3;31;1;0;1;0;1;3;4;22;5;6;1;47;2;37;2;19;3;24;0;0;0;0;0;0;0;0;0;0;0;0;0;0;0;0;0;0;0;0;0;0;0;0;0;0;0;0;0;0;1;1;;;;;;;;;;;;;;;;;;;;
22.07.2024;18:29;A 27;1;12;40;2;13;0;100;1;1;2;13;1;62;2;1;2;82;1;3;1;6;2;93;2;90;0;4;4;8;2;2;3;6;4;2;0;0;1;2;7;52;6;42;2;0;2;77;2;61;0;0;0;0;0;0;0;0;0;0;0;0;0;0;0;0;0;0;0;0;0;0;0;0;0;0;0;0;0;0;0;0;0;0;;;;;;;;;;;;;;;;;;;;
22.07.2024;18:28;A 27;1;5;7;2;13;0;100;3;7;0;4;2;2;4;9;6;44;1;16;2;18;2;86;3;75;2;5;0;0;5;55;1;70;2;29;1;1;1;9;2;34;2;4;0;34;0;45;0;47;0;0;0;0;0;0;0;0;0;0;0;0;0;0;0;0;0;0;0;0;0;0;0;0;0;0;0;0;0;0;0;0;0;0;;;;;;;;;;;;;;;;;;;;
22.07.2024;18:27;A 27;1;10;24;0;0;0;100;2;19;1;2;2;1;3;3;4;11;0;0;1;5;5;36;6;29;0;0;2;4;3;53;1;68;1;43;0;0;0;0;3;7;2;6;1;19;2;26;2;20;2;7;0;0;0;0;0;0;0;0;0;0;0;0;1;1;1;1;0;0;0;0;0;0;0;0;0;0;0;0;0;0;0;0;;;;;;;;;;;;;;;;;;;;
22.07.2024;18:26;A 27;1;10;13;3;26;0;100;10;37;2;34;2;52;1;2;5;31;0;0;2;9;3;59;4;24;0;0;1;2;3;26;2;43;1;34;1;1;1;6;5;58;5;63;1;16;1;82;3;80;2;8;0;0;0;0;0;0;0;0;0;0;0;0;0;0;0;0;0;0;0;0;1;1;1;5;0;0;0;0;0;0;0;0;;;;;;;;;;;;;;;;;;;;
22.07.2024;18:25;A 27;1;3;4;1;6;0;100;2;6;1;6;0;17;2;30;2;29;0;0;0;0;0;35;1;41;0;31;1;1;6;19;1;45;2;1;0;0;0;0;4;15;5;31;3;1;1;31;1;44;0;0;0;0;0;0;0;0;0;0;0;0;0;0;0;0;0;0;0;0;0;0;0;0;0;0;0;0;0;0;0;0;1;1;;;;;;;;;;;;;;;;;;;;
22.07.2024;18:24;A 27;1;5;7;2;13;0;100;1;0;1;6;1;17;2;21;2;80;0;0;1;6;1;98;1;93;1;18;2;2;5;17;2;35;5;5;3;3;0;0;2;4;2;21;0;0;2;33;1;28;0;0;0;0;0;0;0;0;0;0;0;0;0;0;0;0;0;0;0;0;0;0;0;0;0;0;0;0;0;0;0;0;1;1;;;;;;;;;;;;;;;;;;;;
22.07.2024;18:23;A 27;1;3;4;1;6;0;100;3;3;1;7;2;57;3;9;1;1;0;0;1;53;2;10;2;69;0;0;0;0;4;8;1;36;1;0;0;0;0;0;7;20;5;10;1;5;2;37;3;38;0;54;0;0;0;0;0;0;0;0;0;0;0;0;0;0;0;0;0;0;0;0;0;0;0;0;0;0;0;0;0;0;0;0;;;;;;;;;;;;;;;;;;;;
22.07.2024;18:22;A 27;1;5;11;2;13;0;100;1;4;1;6;2;60;2;32;5;10;2;4;1;39;2;64;2;46;2;8;1;4;3;12;0;100;2;32;1;1;1;8;1;37;4;41;1;17;0;43;0;50;1;67;0;0;0;0;0;0;0;0;0;0;0;0;0;0;0;0;0;0;0;0;0;0;0;0;0;0;0;0;0;0;0;0;;;;;;;;;;;;;;;;;;;;
22.07.2024;18:21;A 27;1;10;53;2;13;0;100;3;48;1;6;1;48;2;20;4;7;0;0;3;20;2;79;2;32;3;2;1;0;7;42;2;78;4;33;0;0;0;31;3;16;3;11;2;1;2;33;2;23;1;6;0;0;0;0;0;0;0;0;0;0;0;0;0;0;0;0;0;0;0;0;0;0;0;0;0;0;0;0;0;0;0;0;;;;;;;;;;;;;;;;;;;;
22.07.2024;18:20;A 27;1;12;29;1;6;0;100;0;0;0;0;2;13;6;70;4;88;2;14;2;15;0;100;0;99;5;80;0;0;4;17;3;40;2;51;2;4;2;52;5;60;6;74;1;1;2;86;1;86;1;4;0;0;0;0;0;0;0;0;0;0;0;0;0;0;0;0;0;0;0;0;0;0;0;0;0;0;0;0;0;0;0;0;;;;;;;;;;;;;;;;;;;;
22.07.2024;18:19;A 27;1;8;77;1;10;0;100;1;1;1;6;2;7;3;11;5;40;2;4;1;5;2;73;3;41;1;4;3;6;5;3;4;19;1;81;4;66;0;0;5;44;6;44;2;0;0;59;1;60;1;2;0;0;0;0;0;0;0;0;0;0;0;0;0;0;0;0;0;0;0;0;0;0;0;0;0;0;1;1;0;0;0;0;;;;;;;;;;;;;;;;;;;;
22.07.2024;18:18;A 27;1;12;18;2;12;0;100;0;8;0;0;0;0;0;0;2;3;0;0;1;2;2;32;2;4;1;2;1;2;6;7;4;41;1;88;1;1;2;8;1;36;2;8;0;0;0;100;1;83;0;0;0;0;0;0;0;0;0;0;0;0;0;0;0;0;0;0;0;0;0;0;0;0;0;0;0;0;0;0;0;0;0;0;;;;;;;;;;;;;;;;;;;;
22.07.2024;18:17;A 27;1;3;7;1;6;0;100;2;22;1;6;3;18;2;2;3;61;1;59;2;12;2;71;5;24;1;57;3;6;3;9;3;73;0;0;0;0;0;0;8;25;5;67;0;55;1;96;3;84;0;0;0;0;0;0;0;0;0;0;0;0;0;0;0;0;0;0;0;0;0;0;0;0;0;0;0;0;0;0;0;0;0;0;;;;;;;;;;;;;;;;;;;;
22.07.2024;18:16;A 27;1;2;3;1;6;0;100;3;7;1;6;0;0;5;5;6;49;2;41;0;0;4;70;3;54;3;9;2;3;5;53;2;72;3;6;1;35;1;47;8;38;11;79;2;31;3;67;0;100;1;31;0;0;0;0;0;0;0;0;0;0;0;0;0;0;0;0;0;0;0;0;0;0;0;0;0;0;0;0;0;0;0;0;;;;;;;;;;;;;;;;;;;;
22.07.2024;18:15;A 27;1;4;5;2;13;0;100;3;5;2;13;1;3;4;6;4;26;1;2;1;6;2;75;3;81;1;3;2;5;2;4;3;26;3;53;3;19;2;61;6;58;5;64;1;41;4;92;3;82;2;16;0;0;0;0;0;0;0;0;0;0;0;0;0;0;0;0;0;0;0;0;0;0;0;0;0;0;0;0;0;0;0;0;;;;;;;;;;;;;;;;;;;;
22.07.2024;18:14;A 27;1;8;9;3;23;0;100;2;30;2;13;1;3;6;11;2;6;0;82;1;8;1;69;2;45;0;0;1;2;2;2;2;13;0;100;0;0;0;100;5;52;6;67;1;0;3;77;1;86;2;1;0;0;0;0;0;0;0;0;0;0;0;0;0;0;0;0;0;0;0;0;0;0;0;0;0;0;0;0;0;0;0;0;;;;;;;;;;;;;;;;;;;;
22.07.2024;18:13;A 27;1;10;24;1;3;0;100;71;38;0;0;1;8;3;4;4;5;2;11;2;1;2;19;4;27;2;7;2;9;6;17;1;65;1;44;2;3;2;51;2;1;2;2;1;7;1;4;2;10;0;0;0;0;0;0;0;0;0;0;0;0;0;0;0;0;0;0;0;0;0;0;0;0;0;0;0;0;0;0;0;0;0;0;;;;;;;;;;;;;;;;;;;;
22.07.2024;18:12;A 27;1;7;8;3;20;0;100;2;3;2;13;1;64;2;3;2;2;1;4;2;5;4;9;3;18;1;5;3;13;5;45;0;55;3;2;0;0;0;0;1;1;1;1;2;22;1;7;1;3;1;9;0;0;0;0;0;0;0;0;0;0;0;0;0;0;0;0;0;0;0;0;0;0;0;0;0;0;0;0;0;0;0;0;;;;;;;;;;;;;;;;;;;;
22.07.2024;18:11;A 27;1;6;22;3;20;0;100;1;1;1;6;0;0;0;0;2;37;0;0;0;0;1;67;2;5;0;0;4;7;3;13;2;32;0;0;0;0;0;0;5;32;7;56;3;57;1;61;2;80;9;28;0;0;0;0;0;0;0;0;0;0;0;0;0;0;0;0;0;0;0;0;0;0;0;0;0;0;0;0;0;0;0;0;;;;;;;;;;;;;;;;;;;;
22.07.2024;18:10;A 27;1;5;13;2;13;0;100;3;8;0;0;0;29;5;35;2;36;3;36;0;0;1;43;5;62;2;40;2;5;3;28;2;51;2;83;1;0;1;2;3;39;3;26;2;0;1;50;0;44;0;0;0;0;0;0;0;0;0;0;0;0;0;0;0;0;0;0;0;0;0;0;0;0;0;0;0;0;0;0;0;0;0;0;;;;;;;;;;;;;;;;;;;;
22.07.2024;18:09;A 27;1;12;35;2;13;0;100;1;1;1;6;1;78;2;2;3;37;1;28;1;6;2;84;2;16;2;7;1;2;7;13;3;48;6;66;5;6;1;6;2;7;3;5;0;0;3;19;1;24;0;0;0;0;0;0;0;0;0;0;0;0;0;0;0;0;0;0;0;0;0;0;0;0;0;0;0;0;0;0;0;0;0;0;;;;;;;;;;;;;;;;;;;;
22.07.2024;18:08;A 27;1;7;85;0;0;0;100;1;40;1;12;0;0;1;0;1;0;2;1;0;0;1;6;1;7;0;0;0;0;1;1;1;8;0;0;0;0;0;0;5;52;5;13;1;1;0;81;2;32;1;2;0;0;0;0;0;0;0;0;0;0;0;0;0;0;0;0;0;0;0;0;0;0;0;0;0;0;0;0;0;0;0;0;;;;;;;;;;;;;;;;;;;;
22.07.2024;18:07;A 27;1;6;16;1;6;0;100;4;7;1;6;1;32;3;36;3;43;2;4;0;0;1;50;1;48;4;12;4;17;0;0;1;0;2;59;1;0;2;4;8;55;8;47;2;60;1;96;3;73;0;46;0;0;0;0;0;0;0;0;0;0;0;0;0;0;0;0;0;0;0;0;0;0;0;0;0;0;0;0;0;0;0;0;;;;;;;;;;;;;;;;;;;;
22.07.2024;18:06;A 27;1;9;52;2;13;0;100;3;74;2;13;1;28;2;41;4;48;0;0;1;4;2;77;1;59;1;2;1;2;2;6;1;34;3;25;2;13;0;29;4;16;3;77;2;33;3;50;2;90;2;31;0;0;0;0;0;0;1;1;0;0;0;0;0;0;0;0;0;0;0;0;0;0;0;0;0;0;0;0;0;0;0;0;;;;;;;;;;;;;;;;;;;;
22.07.2024;18:05;A 27;1;3;2;1;19;0;100;3;1;1;6;0;0;2;5;2;78;2;3;0;0;0;85;0;85;0;78;0;0;2;4;1;18;2;2;2;3;1;8;5;30;6;12;2;77;2;48;3;92;3;59;0;0;0;0;0;0;0;0;0;0;0;0;0;0;0;0;0;0;0;0;0;0;0;0;0;0;0;0;0;0;0;0;;;;;;;;;;;;;;;;;;;;
22.07.2024;18:04;A 27;1;4;69;1;7;0;100;2;3;1;6;0;0;4;6;4;18;1;1;0;0;4;50;5;57;4;42;1;2;6;7;1;28;5;13;5;5;0;0;1;0;2;2;1;29;2;10;1;6;1;6;0;0;0;0;0;0;0;0;0;0;0;0;0;0;0;0;0;0;0;0;0;0;0;0;0;0;0;0;0;0;3;5;;;;;;;;;;;;;;;;;;;;
22.07.2024;18:03;A 27;1;9;54;4;20;0;100;4;14;2;13;0;0;2;2;3;5;2;3;0;0;2;28;1;13;2;7;1;1;5;29;1;65;1;55;1;1;4;11;2;5;2;3;2;42;2;39;1;11;2;9;0;0;0;0;0;0;0;0;0;0;0;0;0;0;0;0;0;0;0;0;0;0;0;0;0;0;0;0;0;0;0;0;;;;;;;;;;;;;;;;;;;;
22.07.2024;18:02;A 27;1;10;49;3;20;0;100;2;4;2;13;2;3;2;3;3;70;1;1;3;15;1;96;5;12;2;0;0;0;2;2;2;9;0;0;0;0;0;0;1;2;2;5;0;0;2;9;2;40;0;0;0;0;0;0;0;0;0;0;0;0;0;0;0;0;0;0;0;0;0;0;0;0;0;0;0;0;0;0;0;0;0;0;;;;;;;;;;;;;;;;;;;;
22.07.2024;18:01;A 27;1;3;21;1;6;0;100;1;1;2;13;0;31;1;1;7;11;1;4;0;0;3;49;1;8;1;5;2;2;2;4;2;46;2;91;1;4;0;95;3;35;4;40;3;41;3;45;2;50;0;47;0;0;1;1;0;0;0;0;0;0;0;0;0;0;0;0;0;0;0;0;0;0;0;0;0;0;1;1;0;0;0;0;;;;;;;;;;;;;;;;;;;;
22.07.2024;18:00;A 27;1;6;7;2;14;0;100;2;2;1;6;1;52;2;2;4;4;0;0;1;5;0;17;1;10;0;0;2;3;6;26;1;61;7;83;6;41;1;83;4;27;4;30;2;98;2;33;2;43;4;25;0;0;1;1;0;0;0;0;0;0;0;0;0;0;0;0;0;0;0;0;0;0;0;0;0;0;0;0;0;0;0;0;;;;;;;;;;;;;;;;;;;;
22.07.2024;17:59;A 27;1;12;15;1;6;0;100;1;1;1;6;0;0;4;75;3;85;1;4;0;0;0;100;0;100;1;5;0;0;3;5;1;64;0;0;2;2;1;8;4;70;5;14;2;66;1;91;2;77;4;73;0;0;0;0;0;0;0;0;0;0;0;0;0;0;0;0;0;0;0;0;0;0;0;0;0;0;0;0;0;0;0;0;;;;;;;;;;;;;;;;;;;;
22.07.2024;17:58;A 27;1;6;10;1;17;0;100;3;8;1;6;0;31;4;9;3;44;1;4;0;0;2;65;3;69;2;6;2;6;5;54;2;81;3;26;2;3;2;13;3;42;3;40;1;35;1;57;0;47;0;0;0;0;0;0;0;0;0;0;0;0;0;0;0;0;0;0;0;0;0;0;0;0;0;0;0;0;0;0;0;0;0;0;;;;;;;;;;;;;;;;;;;;
22.07.2024;17:57;A 27;1;10;11;1;6;0;100;2;10;0;0;1;41;2;5;3;16;0;0;1;4;1;43;1;39;1;4;0;0;2;5;0;39;2;1;0;0;0;0;4;10;5;9;1;26;3;25;1;40;2;6;0;0;0;0;0;0;0;0;0;0;0;0;0;0;0;0;0;0;0;0;0;0;0;0;0;0;0;0;0;0;0;0;;;;;;;;;;;;;;;;;;;;
22.07.2024;17:56;A 27;1;7;5;3;28;0;100;5;5;3;23;1;29;3;22;4;50;1;6;1;7;2;68;2;59;0;0;3;7;3;3;4;30;0;0;0;0;0;0;5;40;7;61;1;0;2;77;1;79;1;2;0;0;0;0;0;0;0;0;0;0;0;0;0;0;0;0;0;0;0;0;0;0;0;0;0;0;0;0;0;0;0;0;;;;;;;;;;;;;;;;;;;;
22.07.2024;17:55;A 27;1;5;9;1;6;0;100;0;0;0;0;1;0;3;8;6;46;3;55;0;0;2;70;2;59;1;51;0;0;8;26;2;51;2;23;2;2;3;27;1;36;1;37;1;17;0;45;0;45;1;7;0;0;0;0;0;0;0;0;0;0;1;1;0;0;0;0;0;0;0;0;0;0;0;0;0;0;0;0;0;0;0;0;;;;;;;;;;;;;;;;;;;;
22.07.2024;17:54;A 27;1;11;13;3;26;0;100;2;4;1;6;1;2;2;3;4;47;0;100;1;4;1;62;6;44;2;77;3;7;3;17;2;33;5;10;4;3;1;6;2;4;2;5;0;0;2;33;2;17;0;0;0;0;0;0;0;0;0;0;0;0;0;0;0;0;0;0;0;0;0;0;0;0;0;0;0;0;0;0;0;0;0;0;;;;;;;;;;;;;;;;;;;;
22.07.2024;17:53;A 27;1;9;14;1;6;0;100;2;16;1;6;1;2;5;10;4;2;2;83;1;3;4;18;6;37;2;44;0;0;4;18;2;85;0;0;0;0;0;0;8;32;6;23;1;43;4;54;3;57;4;40;0;0;0;0;0;0;0;0;0;0;0;0;0;0;0;0;0;0;0;0;0;0;0;0;0;0;0;0;0;0;0;0;;;;;;;;;;;;;;;;;;;;
22.07.2024;17:52;A 27;1;5;9;0;4;0;100;0;0;0;0;0;0;4;32;3;37;2;25;1;1;3;47;4;49;1;36;1;2;6;47;1;67;3;16;1;1;1;7;6;29;8;35;3;6;1;43;2;54;4;18;0;0;0;0;0;0;0;0;0;0;0;0;0;0;0;0;0;0;0;0;0;0;0;0;0;0;0;0;0;0;0;0;;;;;;;;;;;;;;;;;;;;
22.07.2024;17:51;A 27;1;10;11;3;15;0;100;1;1;1;6;0;2;3;8;5;48;1;5;0;0;3;91;4;31;2;57;1;2;6;41;1;69;5;35;2;22;1;31;3;7;2;2;1;0;3;25;4;14;0;0;0;0;0;0;0;0;0;0;0;0;0;0;0;0;1;1;0;0;0;0;0;0;0;0;0;0;0;0;0;0;0;0;;;;;;;;;;;;;;;;;;;;
22.07.2024;17:50;A 27;1;1;0;2;13;0;100;2;41;1;6;2;2;5;15;2;86;1;2;1;7;1;96;3;42;1;5;1;1;4;14;2;31;2;18;3;5;1;6;5;45;5;45;2;1;2;61;1;84;2;67;0;0;0;0;0;0;0;0;0;0;1;1;0;0;0;0;0;0;0;0;0;0;0;0;0;0;0;0;0;0;0;0;;;;;;;;;;;;;;;;;;;;
22.07.2024;17:49;A 27;1;6;14;2;15;0;100;3;22;1;6;2;35;3;5;6;51;1;2;2;41;3;71;1;45;1;3;3;33;1;23;2;38;3;69;4;11;2;50;3;6;3;41;0;0;2;25;0;52;0;0;0;0;0;0;0;0;0;0;0;0;0;0;0;0;0;0;0;0;0;0;0;0;0;0;0;0;0;0;0;0;0;0;;;;;;;;;;;;;;;;;;;;
22.07.2024;17:48;A 27;1;8;8;3;17;0;100;2;7;0;5;2;48;4;9;5;32;1;3;3;15;3;79;2;78;1;2;1;2;4;13;1;50;2;38;1;2;1;8;4;5;5;17;0;0;5;19;3;32;0;0;0;0;0;0;0;0;0;0;0;0;0;0;0;0;0;0;0;0;0;0;0;0;0;0;0;0;0;0;0;0;0;0;;;;;;;;;;;;;;;;;;;;
22.07.2024;17:47;A 27;1;5;26;1;6;0;100;1;1;1;1;3;26;5;8;3;76;2;45;3;22;0;95;2;65;1;70;1;2;4;9;3;25;4;7;1;1;1;6;5;54;5;20;0;0;2;74;2;54;1;0;0;0;0;0;0;0;0;0;0;0;0;0;0;0;0;0;0;0;0;0;0;0;0;0;0;0;0;0;0;0;0;0;;;;;;;;;;;;;;;;;;;;
22.07.2024;17:46;A 27;1;6;27;0;0;0;100;0;0;0;4;0;34;0;0;5;48;1;36;0;0;1;68;1;38;1;5;1;0;4;38;1;55;1;94;1;1;1;53;4;43;5;20;2;36;2;57;3;38;1;4;0;0;1;1;0;0;0;0;0;0;0;0;0;0;0;0;0;0;0;0;0;0;0;0;0;0;0;0;0;0;0;0;;;;;;;;;;;;;;;;;;;;
22.07.2024;17:45;A 27;1;8;28;0;0;0;100;5;44;1;1;1;6;3;5;4;28;1;37;2;6;3;53;2;31;1;5;2;6;6;57;0;68;6;75;2;2;3;11;7;18;2;3;2;26;4;41;2;10;1;5;0;0;0;0;0;0;0;0;0;0;0;0;0;0;1;1;0;0;1;1;0;0;0;0;0;0;0;0;0;0;0;0;;;;;;;;;;;;;;;;;;;;
22.07.2024;17:44;A 27;1;13;38;1;6;0;100;1;4;1;6;2;17;3;6;5;87;0;85;2;13;0;100;0;100;0;0;3;7;6;63;2;79;4;25;1;2;1;8;5;50;4;7;0;86;1;78;0;100;1;4;0;0;0;0;0;0;0;0;0;0;1;1;0;0;0;0;0;0;0;0;0;0;0;0;0;0;0;0;0;0;0;0;;;;;;;;;;;;;;;;;;;;
22.07.2024;17:43;A 27;1;3;85;0;0;0;100;20;52;0;0;1;2;2;4;3;15;2;46;0;2;1;26;2;27;1;7;2;3;10;13;3;50;2;48;3;2;3;9;5;7;8;31;1;51;3;23;2;88;2;8;0;0;0;0;0;0;0;0;0;0;0;0;0;0;0;0;0;0;0;0;0;0;0;0;0;0;0;0;0;0;0;0;;;;;;;;;;;;;;;;;;;;
22.07.2024;17:42;A 27;1;4;4;2;15;0;100;14;6;3;20;2;3;2;4;3;26;0;0;1;9;2;45;3;24;2;5;0;0;7;46;1;67;6;4;0;0;0;0;3;4;3;24;0;0;2;14;2;32;0;0;0;0;0;0;0;0;0;0;0;0;0;0;0;0;0;0;0;0;0;0;0;0;0;0;0;0;0;0;0;0;0;0;;;;;;;;;;;;;;;;;;;;
22.07.2024;17:41;A 27;1;7;26;2;13;0;100;2;2;2;13;2;58;3;41;7;44;2;4;3;65;2;80;2;53;5;15;1;0;3;8;2;49;0;0;1;1;0;0;3;9;4;32;2;43;3;65;3;48;2;46;0;0;0;0;0;0;0;0;0;0;0;0;0;0;0;0;0;0;0;0;0;0;0;0;0;0;0;0;0;0;0;0;;;;;;;;;;;;;;;;;;;;
22.07.2024;17:40;A 27;1;4;23;1;12;0;100;2;3;0;0;2;2;5;40;5;44;0;30;1;4;0;59;0;57;0;0;3;5;3;36;1;53;2;41;1;1;3;8;4;41;3;24;1;0;0;55;1;43;0;35;0;0;0;0;0;0;0;0;0;0;0;0;1;1;0;0;0;0;0;0;0;0;0;0;0;0;0;0;0;0;1;1;;;;;;;;;;;;;;;;;;;;
22.07.2024;17:39;A 27;1;7;65;1;0;0;100;3;8;2;13;0;0;2;5;3;31;1;44;0;0;1;96;2;27;1;4;1;3;10;8;3;34;6;7;5;7;1;2;3;5;1;2;0;0;2;19;1;6;1;32;0;0;0;0;0;0;0;0;0;0;0;0;0;0;0;0;0;0;0;0;0;0;0;0;0;0;0;0;0;0;0;0;;;;;;;;;;;;;;;;;;;;
22.07.2024;17:38;A 27;1;9;25;0;0;0;100;0;0;0;0;1;58;3;5;4;19;0;0;0;57;3;52;3;48;2;3;2;2;0;0;0;0;0;0;7;10;0;0;4;12;6;39;3;2;4;38;1;65;2;6;0;0;0;0;0;0;0;0;0;0;0;0;0;0;0;0;0;0;0;0;0;0;0;0;0;0;0;0;0;0;0;0;;;;;;;;;;;;;;;;;;;;
22.07.2024;17:37;A 27;1;6;53;2;17;0;100;4;4;3;20;1;28;2;28;2;42;1;20;2;30;2;56;0;45;1;26;1;2;1;2;1;11;3;86;3;66;1;80;4;42;5;44;2;1;0;56;0;53;1;3;0;0;0;0;0;0;0;0;0;0;0;0;0;0;0;0;0;0;0;0;0;0;0;0;0;0;0;0;0;0;0;0;;;;;;;;;;;;;;;;;;;;
22.07.2024;17:36;A 27;1;9;13;3;16;0;100;1;1;1;6;0;0;2;5;5;19;2;12;0;0;3;57;1;37;2;7;1;2;5;41;2;52;3;27;1;1;1;6;3;35;3;25;2;3;1;41;2;39;1;5;0;0;0;0;0;0;0;0;0;0;0;0;0;0;0;0;0;0;0;0;0;0;0;0;0;0;0;0;0;0;0;0;;;;;;;;;;;;;;;;;;;;
22.07.2024;17:35;A 27;1;6;29;1;6;0;100;0;34;1;6;0;0;3;24;3;47;1;2;0;0;0;93;4;53;1;3;1;2;2;9;3;67;1;0;0;0;0;0;7;47;7;39;1;77;2;85;1;77;3;8;0;0;0;0;0;0;0;0;0;0;0;0;0;0;0;0;0;0;0;0;0;0;0;0;0;0;0;0;0;0;0;0;;;;;;;;;;;;;;;;;;;;
22.07.2024;17:34;A 27;1;3;22;0;0;0;100;3;26;0;0;1;1;2;9;6;15;0;0;1;1;2;73;1;18;0;0;2;5;1;34;0;71;2;97;3;44;2;71;3;17;5;18;3;14;1;19;0;31;2;14;0;0;3;5;0;0;0;0;0;0;0;0;0;0;0;0;0;0;0;0;0;0;0;0;0;0;0;0;0;0;0;0;;;;;;;;;;;;;;;;;;;;
22.07.2024;17:33;A 27;1;11;15;1;6;0;100;1;5;0;0;0;0;3;56;2;33;0;0;1;2;2;45;1;69;0;0;1;2;4;8;4;42;3;87;2;16;1;31;2;19;3;15;1;76;1;86;1;33;2;60;0;0;0;0;0;0;0;0;0;0;0;0;0;0;0;0;0;0;0;0;1;3;1;1;0;0;0;0;0;0;0;0;;;;;;;;;;;;;;;;;;;;
22.07.2024;17:32;A 27;1;6;17;3;27;0;100;1;1;1;6;2;59;4;18;4;45;2;6;2;14;5;74;2;54;6;16;1;1;1;0;2;8;1;29;3;31;1;40;8;20;8;29;3;3;4;65;6;73;2;8;0;0;0;0;0;0;0;0;0;0;0;0;0;0;0;0;0;0;0;0;0;0;0;0;0;0;0;0;0;0;0;0;;;;;;;;;;;;;;;;;;;;
22.07.2024;17:31;A 27;1;6;34;1;6;0;100;1;1;1;6;2;42;3;43;3;43;2;55;2;33;2;60;0;51;1;45;2;5;3;27;2;51;2;31;1;1;1;6;5;22;6;19;0;0;2;35;2;54;0;0;0;0;0;0;0;0;0;0;0;0;0;0;0;0;0;0;0;0;0;0;0;0;0;0;0;0;0;0;0;0;1;1;;;;;;;;;;;;;;;;;;;;
22.07.2024;17:30;A 27;1;15;36;1;6;0;100;2;5;1;6;2;15;4;14;4;9;2;6;1;4;1;48;3;40;2;4;2;4;2;43;1;54;0;0;0;0;0;0;1;1;1;1;0;0;1;6;1;6;2;3;0;0;0;0;0;0;0;0;0;0;0;0;0;0;0;0;0;0;0;0;0;0;0;0;0;0;0;0;0;0;0;0;;;;;;;;;;;;;;;;;;;;
22.07.2024;17:29;A 27;1;8;18;3;20;0;100;2;14;1;6;3;86;3;4;4;7;1;90;2;51;4;37;3;20;2;70;0;0;3;22;2;53;0;0;0;0;0;0;5;66;4;11;3;1;1;84;2;84;3;5;0;0;0;0;0;0;0;0;0;0;0;0;0;0;0;0;0;0;0;0;0;0;0;0;0;0;0;0;0;0;0;0;;;;;;;;;;;;;;;;;;;;
22.07.2024;17:28;A 27;1;4;84;0;0;0;100;5;76;1;6;3;40;4;14;4;15;2;25;4;13;3;37;5;30;1;10;1;2;1;1;1;8;0;0;0;0;0;0;7;9;8;19;4;1;3;34;3;39;2;1;0;0;0;0;0;0;0;0;0;0;0;0;0;0;0;0;0;0;0;0;0;0;0;0;0;0;0;0;0;0;0;0;;;;;;;;;;;;;;;;;;;;
22.07.2024;17:27;A 27;1;5;6;3;23;0;100;2;4;1;6;0;0;3;5;3;20;1;37;1;5;2;39;1;29;2;7;2;6;4;44;0;52;5;38;3;35;0;45;2;7;7;21;1;0;1;42;3;51;0;0;0;0;0;0;0;0;0;0;0;0;0;0;0;0;0;0;0;0;0;0;0;0;0;0;0;0;0;0;0;0;0;0;;;;;;;;;;;;;;;;;;;;
22.07.2024;17:26;A 27;1;11;10;3;30;0;100;3;4;2;13;0;0;2;25;5;32;1;40;0;0;1;64;1;42;1;6;2;3;5;9;2;75;0;100;2;5;1;21;8;52;6;64;0;0;2;71;2;83;0;0;0;0;0;0;0;0;0;0;0;0;0;0;0;0;0;0;0;0;0;0;0;0;0;0;0;0;0;0;0;0;0;0;;;;;;;;;;;;;;;;;;;;
22.07.2024;17:25;A 27;1;9;10;2;12;0;100;1;2;1;6;0;0;1;39;1;37;2;6;0;0;0;41;0;43;3;27;2;4;5;44;1;73;1;14;1;1;1;6;3;42;2;13;1;40;0;54;0;43;1;11;0;0;0;0;0;0;0;0;0;0;0;0;0;0;0;0;0;0;0;0;0;0;0;0;0;0;0;0;0;0;0;0;;;;;;;;;;;;;;;;;;;;
22.07.2024;17:24;A 27;1;9;14;0;0;0;100;5;1;1;6;0;0;3;42;3;21;0;0;0;0;1;80;2;61;0;0;1;9;6;12;3;45;0;40;3;3;0;0;3;15;2;3;1;1;2;33;2;15;1;5;0;0;0;0;0;0;0;0;1;2;0;0;0;0;0;0;0;0;0;0;0;0;0;0;0;0;0;0;0;0;0;0;;;;;;;;;;;;;;;;;;;;
22.07.2024;17:23;A 27;1;9;18;0;0;0;100;0;0;0;0;3;41;1;2;3;5;0;0;2;11;2;30;1;15;0;0;3;19;3;7;1;47;1;2;1;1;1;7;8;24;7;35;2;67;5;61;2;78;0;65;0;0;0;0;0;0;0;0;0;0;0;0;0;0;0;0;0;0;0;0;0;0;0;0;0;0;0;0;0;0;0;0;;;;;;;;;;;;;;;;;;;;
22.07.2024;17:22;A 27;1;3;10;0;0;0;100;1;1;1;6;2;23;2;26;4;31;0;0;1;28;1;39;1;37;0;25;4;14;8;14;0;93;3;78;2;2;0;0;10;37;12;41;4;31;1;63;1;99;2;34;0;0;0;0;0;0;0;0;0;0;0;0;0;0;0;0;0;0;0;0;0;0;0;0;0;0;0;0;0;0;0;0;;;;;;;;;;;;;;;;;;;;
22.07.2024;17:21;A 27;1;2;2;1;6;0;100;2;3;2;13;1;77;3;8;2;5;0;0;2;7;3;28;1;25;3;5;0;0;4;14;1;37;1;83;7;10;2;44;3;81;3;85;0;0;1;93;1;96;0;0;0;0;0;0;0;0;0;0;0;0;0;0;0;0;0;0;0;0;0;0;0;0;0;0;0;0;0;0;0;0;0;0;;;;;;;;;;;;;;;;;;;;
22.07.2024;17:20;A 27;1;9;31;0;0;0;100;1;3;1;6;0;0;1;1;1;1;0;0;0;0;1;6;1;5;1;2;4;11;4;8;2;40;0;0;0;0;0;0;7;64;9;74;2;0;5;88;1;97;1;1;0;0;1;1;0;0;0;0;0;0;0;0;0;0;0;0;0;0;0;0;0;0;0;0;0;0;0;0;0;0;0;0;;;;;;;;;;;;;;;;;;;;
22.07.2024;17:19;A 27;1;6;28;2;13;0;100;3;9;1;6;2;37;1;3;2;4;1;2;0;38;3;32;1;28;1;4;4;9;5;58;1;92;1;4;0;0;1;82;1;57;7;70;4;15;0;100;0;100;0;51;0;0;0;0;0;0;0;0;0;0;0;0;0;0;0;0;0;0;0;0;0;0;0;0;0;0;0;0;0;0;0;0;;;;;;;;;;;;;;;;;;;;
22.07.2024;17:18;A 27;1;7;25;1;7;0;100;2;6;0;0;1;21;1;1;2;2;0;0;1;27;3;19;1;7;0;0;2;4;6;35;2;59;7;32;3;27;0;100;2;58;1;91;3;8;1;76;0;100;0;100;0;0;0;0;0;0;0;0;0;0;0;0;0;0;0;0;0;0;0;0;0;0;0;0;0;0;0;0;0;0;0;0;;;;;;;;;;;;;;;;;;;;
22.07.2024;17:17;A 27;1;9;23;1;9;0;100;2;2;1;11;1;30;5;11;2;28;0;0;1;5;3;48;2;54;0;0;1;5;4;11;1;65;1;63;3;8;2;24;2;28;2;15;2;89;1;52;1;18;0;100;0;0;0;0;0;0;0;0;0;0;0;0;0;0;0;0;0;0;0;0;0;0;0;0;0;0;1;1;0;0;0;0;;;;;;;;;;;;;;;;;;;;
22.07.2024;17:16;A 27;1;3;8;0;4;0;100;1;1;1;1;0;0;6;26;7;42;1;4;0;0;1;66;0;58;2;8;4;12;6;45;1;93;2;19;1;1;1;8;5;9;4;37;3;89;2;34;1;49;0;100;0;0;0;0;0;0;0;0;0;0;0;0;0;0;0;0;0;0;0;0;0;0;0;0;0;0;0;0;0;0;0;0;;;;;;;;;;;;;;;;;;;;
22.07.2024;17:15;A 27;1;14;49;1;2;0;100;2;3;2;13;2;2;3;5;6;82;0;0;0;0;0;100;8;34;0;0;0;0;6;46;1;68;1;40;0;0;0;0;7;7;7;20;0;100;1;6;2;46;0;100;0;0;0;0;0;0;0;0;0;0;0;0;0;0;0;0;0;0;0;0;0;0;0;0;0;0;0;0;0;0;0;0;;;;;;;;;;;;;;;;;;;;
22.07.2024;17:14;A 27;1;14;22;1;6;0;100;1;0;1;7;1;3;4;7;53;39;2;64;1;5;0;100;1;35;2;19;3;6;3;6;2;47;3;20;1;1;3;4;3;60;6;68;2;95;1;84;2;92;0;100;0;0;0;0;0;0;0;0;0;0;0;0;0;0;0;0;0;0;0;0;0;0;0;0;0;0;0;0;0;0;0;0;;;;;;;;;;;;;;;;;;;;
22.07.2024;17:13;A 27;1;7;15;1;6;0;100;5;10;0;0;1;0;8;40;17;62;0;28;0;0;0;100;0;67;1;0;1;2;3;4;2;63;2;50;2;3;2;13;4;38;8;36;3;92;1;47;2;62;1;62;0;0;0;0;0;0;0;0;0;0;0;0;0;0;0;0;0;0;0;0;0;0;0;0;0;0;0;0;0;0;0;0;;;;;;;;;;;;;;;;;;;;
22.07.2024;17:12;A 27;1;4;33;2;13;0;100;3;72;1;6;0;0;2;65;5;58;2;21;0;0;4;83;1;79;1;10;0;0;7;48;0;66;2;37;0;0;0;37;7;19;7;14;2;93;2;38;2;37;1;67;0;0;0;0;0;0;0;0;0;0;0;0;0;0;0;0;0;0;0;0;0;0;0;0;0;0;0;0;0;0;0;0;;;;;;;;;;;;;;;;;;;;
22.07.2024;17:11;A 27;1;8;14;5;39;0;100;3;4;1;6;1;65;0;0;2;75;1;1;1;5;0;90;0;0;2;6;1;2;3;6;1;23;1;82;3;5;2;62;7;44;4;58;1;90;3;73;1;95;1;82;0;0;0;0;0;0;0;0;0;0;0;0;0;0;0;0;0;0;0;0;0;0;0;0;0;0;0;0;0;0;0;0;;;;;;;;;;;;;;;;;;;;
22.07.2024;17:10;A 27;1;4;6;2;13;0;100;1;1;1;6;1;35;2;38;6;44;0;35;0;35;3;81;2;53;0;0;0;0;5;40;0;100;1;89;1;2;1;17;7;48;9;19;2;87;1;66;1;70;2;12;0;0;0;0;0;0;0;0;0;0;0;0;0;0;0;0;0;0;0;0;0;0;0;0;0;0;0;0;0;0;0;0;;;;;;;;;;;;;;;;;;;;
22.07.2024;17:09;A 27;1;15;26;0;0;0;100;1;1;1;6;1;86;3;48;2;69;1;58;2;72;3;82;2;87;1;6;2;2;3;16;1;26;1;56;4;5;1;6;3;33;3;34;1;78;2;83;1;99;1;6;0;0;0;0;0;0;0;0;0;0;0;0;0;0;0;0;0;0;0;0;0;0;0;0;0;0;0;0;0;0;0;0;;;;;;;;;;;;;;;;;;;;
22.07.2024;17:08;A 27;1;12;25;0;0;0;100;0;0;1;6;0;0;3;5;6;10;2;4;1;0;3;77;2;50;2;5;1;2;3;51;1;68;2;78;1;1;1;7;6;6;13;27;0;0;3;28;4;82;0;0;0;0;0;0;0;0;0;0;0;0;0;0;0;0;0;0;0;0;0;0;0;0;0;0;0;0;0;0;0;0;0;0;;;;;;;;;;;;;;;;;;;;
22.07.2024;17:07;A 27;1;5;81;0;0;0;100;3;4;2;13;1;30;3;3;6;41;2;51;0;29;1;57;1;18;0;45;3;7;4;4;2;13;1;35;1;1;1;7;7;29;4;31;2;19;2;60;2;47;3;10;0;0;0;0;0;0;0;0;0;0;0;0;0;0;0;0;0;0;0;0;0;0;0;0;0;0;0;0;0;0;0;0;;;;;;;;;;;;;;;;;;;;
22.07.2024;17:06;A 27;1;7;12;1;6;0;100;2;3;2;13;1;59;1;2;4;79;1;53;3;33;1;97;1;11;2;55;1;0;9;14;1;62;4;25;1;0;0;24;4;16;3;8;0;0;4;33;2;22;0;0;0;0;0;0;0;0;0;0;0;0;0;0;1;1;1;1;0;0;0;0;0;0;0;0;0;0;0;0;0;0;0;0;;;;;;;;;;;;;;;;;;;;
22.07.2024;17:05;A 27;1;9;23;1;6;0;100;1;33;1;6;2;24;3;5;5;57;2;4;2;10;2;87;3;64;4;7;2;4;5;11;2;30;1;81;2;4;2;44;9;51;7;16;1;74;1;70;3;83;5;63;0;0;0;0;0;0;0;0;0;0;0;0;1;1;0;0;0;0;0;0;0;0;0;0;0;0;0;0;0;0;0;0;;;;;;;;;;;;;;;;;;;;
22.07.2024;17:04;A 27;1;2;89;0;0;0;100;2;28;0;0;0;0;1;1;2;14;0;0;1;8;1;20;1;14;1;3;2;5;6;29;4;58;1;78;8;4;1;9;8;24;6;18;3;46;4;48;1;34;1;32;0;0;0;0;0;0;0;0;0;0;0;0;0;0;0;0;0;0;0;0;0;0;0;0;0;0;0;0;0;0;0;0;;;;;;;;;;;;;;;;;;;;
22.07.2024;17:03;A 27;1;7;17;3;20;0;100;3;90;0;0;0;0;2;8;3;34;1;2;1;11;1;54;2;47;1;3;2;3;3;2;2;12;1;87;1;1;1;5;2;62;3;76;1;93;1;85;1;99;1;94;0;0;0;0;0;0;0;0;0;0;0;0;0;0;0;0;0;0;0;0;0;0;0;0;0;0;0;0;0;0;0;0;;;;;;;;;;;;;;;;;;;;
22.07.2024;17:02;A 27;1;6;58;1;6;0;100;5;52;1;6;0;0;7;58;7;65;1;2;0;0;2;83;0;85;1;6;0;0;0;0;0;0;0;0;0;0;0;0;10;34;12;30;2;0;5;62;3;84;2;3;0;0;0;0;0;0;0;0;0;0;0;0;0;0;0;0;0;0;0;0;0;0;0;0;0;0;0;0;0;0;0;0;;;;;;;;;;;;;;;;;;;;
22.07.2024;17:01;A 27;1;3;8;3;20;0;100;5;11;2;15;0;0;3;5;4;45;0;0;0;0;1;66;2;32;0;0;1;2;4;6;3;74;0;80;0;0;0;0;1;36;3;39;2;27;0;38;0;50;0;37;0;0;0;0;0;0;0;0;0;0;0;0;0;0;0;0;0;0;0;0;0;0;0;0;0;0;0;0;0;0;1;1;;;;;;;;;;;;;;;;;;;;
22.07.2024;17:00;A 27;1;11;14;4;26;0;100;7;15;2;16;1;0;1;1;3;54;0;0;3;3;2;75;1;9;2;3;0;0;3;3;2;39;2;41;1;1;1;7;3;14;4;11;0;0;1;37;3;36;1;3;0;0;0;0;0;0;0;0;0;0;0;0;0;0;0;0;0;0;0;0;0;0;0;0;0;0;0;0;0;0;0;0;;;;;;;;;;;;;;;;;;;;
22.07.2024;16:59;A 27;1;11;16;2;18;0;100;2;5;2;13;5;62;3;22;4;73;1;20;3;45;0;92;1;37;20;72;1;3;1;1;2;10;0;0;0;0;0;0;4;45;0;0;2;2;2;68;0;0;1;4;0;0;0;0;0;0;0;0;0;0;0;0;0;0;0;0;0;0;0;0;0;0;0;0;0;0;0;0;0;0;0;0;;;;;;;;;;;;;;;;;;;;
22.07.2024;16:58;A 27;1;4;6;3;15;0;100;3;8;1;8;1;18;0;0;2;28;2;29;0;3;2;45;1;3;1;6;0;0;4;10;1;61;3;30;2;3;1;35;3;27;4;7;2;15;0;35;1;40;2;9;0;0;0;0;0;0;0;0;0;0;1;1;0;0;0;0;0;0;0;0;0;0;0;0;0;0;0;0;0;0;0;0;;;;;;;;;;;;;;;;;;;;
22.07.2024;16:57;A 27;1;6;16;1;6;0;100;2;2;2;11;0;0;0;0;5;15;1;73;1;2;4;46;0;0;2;16;0;0;0;7;0;40;2;35;0;0;0;36;4;20;4;11;0;0;3;41;2;42;3;3;0;0;0;0;0;0;0;0;0;0;0;0;0;0;0;0;0;0;0;0;0;0;0;0;0;0;0;0;0;0;0;0;;;;;;;;;;;;;;;;;;;;
22.07.2024;16:56;A 27;1;10;11;5;41;0;100;2;1;1;8;0;0;2;2;2;1;1;2;0;0;1;6;2;12;2;6;1;2;5;14;2;41;3;37;3;5;3;33;6;53;6;16;2;59;1;88;3;69;2;60;0;0;0;0;0;0;0;0;0;0;0;0;0;0;0;0;0;0;0;0;0;0;0;0;0;0;0;0;0;0;0;0;;;;;;;;;;;;;;;;;;;;
22.07.2024;16:55;A 27;1;3;6;0;0;0;100;1;1;1;6;1;29;2;37;5;38;0;36;1;3;0;61;1;48;0;0;1;3;6;40;2;74;2;82;2;13;1;40;1;37;5;35;0;0;0;42;0;52;1;4;0;0;0;0;0;0;0;0;0;0;0;0;0;0;1;1;0;0;0;0;0;0;0;0;0;0;0;0;0;0;0;0;;;;;;;;;;;;;;;;;;;;
22.07.2024;16:54;A 27;1;3;3;3;20;0;100;5;0;1;6;1;60;3;47;3;75;2;49;1;5;2;84;1;73;2;13;2;5;6;22;1;40;1;86;4;5;1;7;4;8;2;5;1;1;3;25;2;20;0;1;0;0;0;0;0;0;0;0;0;0;0;0;0;0;0;0;0;0;0;0;0;0;0;0;0;0;0;0;0;0;0;0;;;;;;;;;;;;;;;;;;;;
22.07.2024;16:53;A 27;1;8;12;2;24;0;100;2;3;1;6;2;2;1;1;3;71;0;0;2;8;1;80;0;69;0;0;0;0;0;0;1;6;0;0;0;0;0;0;7;9;5;7;0;64;6;31;3;34;2;23;0;0;0;0;0;0;0;0;0;0;0;0;0;0;0;0;0;0;0;0;0;0;0;0;0;0;0;0;0;0;0;0;;;;;;;;;;;;;;;;;;;;
22.07.2024;16:52;A 27;1;7;12;2;11;0;100;1;1;1;9;1;1;4;41;6;67;2;15;2;3;1;83;2;77;3;5;1;2;4;47;2;67;0;0;0;0;0;0;7;45;9;17;3;69;1;51;1;73;1;65;0;0;0;0;0;0;0;0;1;1;1;1;0;0;0;0;0;0;0;0;1;1;1;1;0;0;0;0;0;0;1;1;;;;;;;;;;;;;;;;;;;;
22.07.2024;16:51;A 27;1;10;32;1;6;0;100;2;2;2;10;2;2;4;8;7;15;0;0;1;7;5;52;2;44;0;0;0;0;4;48;1;63;1;39;0;0;0;0;8;31;8;15;1;74;2;51;2;62;3;84;0;0;0;0;0;0;0;0;1;1;2;3;0;0;0;0;0;0;0;0;0;0;0;0;0;0;0;0;0;0;0;0;;;;;;;;;;;;;;;;;;;;
22.07.2024;16:50;A 27;1;7;7;5;33;0;100;2;31;2;13;0;0;2;2;3;6;1;4;0;0;0;100;1;12;1;6;4;9;4;12;1;30;2;7;1;1;1;6;4;42;4;72;1;88;0;100;0;100;0;86;0;0;1;1;0;0;0;0;0;0;0;0;0;0;0;0;0;0;0;0;0;0;0;0;0;0;0;0;0;0;1;1;;;;;;;;;;;;;;;;;;;;
22.07.2024;16:49;A 27;1;3;6;0;0;0;100;3;21;0;0;0;2;0;7;4;19;0;0;0;0;2;45;0;9;0;0;2;5;13;25;1;86;9;8;4;5;1;7;9;25;8;15;2;51;2;95;3;77;3;46;0;0;0;0;0;0;0;0;0;0;0;0;0;0;0;0;0;0;0;0;0;0;0;0;0;0;1;1;0;0;0;0;;;;;;;;;;;;;;;;;;;;
22.07.2024;16:48;A 27;1;6;58;3;20;0;100;1;66;1;6;1;39;3;36;4;54;0;0;2;6;3;77;1;53;0;0;0;0;5;19;2;53;4;31;3;21;0;30;4;12;3;6;0;0;2;28;2;50;2;36;0;0;0;0;0;0;0;0;0;0;0;0;0;0;0;0;0;0;0;0;0;0;0;0;0;0;0;0;0;0;0;0;;;;;;;;;;;;;;;;;;;;
22.07.2024;16:47;A 27;1;11;37;2;19;0;100;4;41;1;6;0;0;3;6;3;5;1;52;0;0;2;61;2;42;0;78;2;5;3;6;2;50;3;26;2;4;2;23;7;43;9;62;1;0;2;81;2;87;1;0;0;0;0;0;0;0;0;0;0;0;0;0;0;0;0;0;0;0;0;0;0;0;0;0;0;0;0;0;0;0;0;0;;;;;;;;;;;;;;;;;;;;
22.07.2024;16:46;A 27;1;6;31;1;6;0;100;3;12;1;9;1;1;6;38;6;33;3;14;1;3;3;60;1;54;3;25;1;2;5;48;1;68;2;1;0;0;0;0;4;38;8;41;3;4;1;49;0;60;3;12;0;0;0;0;0;0;0;0;0;0;0;0;0;0;0;0;0;0;0;0;0;0;0;0;0;0;0;0;0;0;0;0;;;;;;;;;;;;;;;;;;;;
22.07.2024;16:45;A 27;1;9;82;0;0;0;100;6;58;2;10;0;0;4;14;5;30;1;2;0;0;3;61;2;36;1;5;4;6;7;45;1;68;3;37;1;1;1;37;3;16;5;12;0;12;2;35;1;36;1;0;0;0;0;0;0;0;0;0;0;0;0;0;0;0;0;0;0;0;0;0;0;0;0;0;0;0;0;0;0;0;0;0;;;;;;;;;;;;;;;;;;;;
22.07.2024;16:44;A 27;1;9;31;2;13;0;100;4;12;1;6;1;0;4;7;4;9;0;0;1;2;5;78;2;29;0;0;1;2;4;16;3;84;2;12;2;6;1;24;5;65;5;41;2;12;1;86;1;92;1;79;0;0;0;0;0;0;0;0;0;0;0;0;0;0;0;0;0;0;0;0;0;0;0;0;0;0;0;0;0;0;0;0;;;;;;;;;;;;;;;;;;;;
22.07.2024;16:43;A 27;1;9;55;0;0;0;100;4;11;1;6;1;35;5;6;4;33;2;38;0;36;0;52;2;39;0;42;2;33;5;39;2;58;2;9;1;1;1;6;3;27;4;38;1;56;1;47;0;52;2;43;0;0;0;0;0;0;0;0;0;0;0;0;0;0;0;0;0;0;0;0;0;0;0;0;0;0;0;0;0;0;0;0;;;;;;;;;;;;;;;;;;;;
22.07.2024;16:42;A 27;1;9;12;2;13;0;100;3;24;0;4;1;55;1;1;2;3;2;5;2;47;3;25;2;5;2;8;1;2;4;35;1;47;5;2;0;0;0;0;2;4;3;6;2;6;2;32;2;23;1;17;0;0;0;0;0;0;0;0;0;0;0;0;0;0;0;0;0;0;0;0;0;0;0;0;0;0;0;0;0;0;0;0;;;;;;;;;;;;;;;;;;;;
22.07.2024;16:41;A 27;1;7;16;2;13;0;100;1;3;2;13;1;0;3;9;4;5;2;9;1;3;3;28;1;22;1;10;2;3;6;16;4;44;3;3;1;0;1;4;4;66;7;71;1;1;0;98;2;99;1;61;0;0;0;0;0;0;0;0;0;0;0;0;0;0;0;0;0;0;0;0;0;0;0;0;0;0;0;0;0;0;0;0;;;;;;;;;;;;;;;;;;;;
22.07.2024;16:40;A 27;1;8;12;0;0;0;100;2;3;1;2;1;3;3;5;4;47;2;2;0;0;1;59;6;52;1;38;1;2;5;68;1;89;2;63;1;1;1;6;4;46;6;36;2;3;1;56;1;64;2;9;0;0;0;0;0;0;0;0;0;0;0;0;0;0;0;0;0;0;0;0;0;0;0;0;0;0;0;0;0;0;0;0;;;;;;;;;;;;;;;;;;;;
22.07.2024;16:39;A 27;1;7;13;0;0;0;100;1;1;1;6;1;3;2;4;3;58;0;1;2;13;1;73;1;55;1;4;1;4;8;22;3;46;2;42;10;5;1;10;4;12;2;2;0;0;3;35;2;9;0;0;0;0;0;0;0;0;0;0;0;0;0;0;0;0;0;0;0;0;0;0;0;0;0;0;0;0;0;0;0;0;0;0;;;;;;;;;;;;;;;;;;;;
22.07.2024;16:38;A 27;1;9;27;1;6;0;100;1;14;1;6;2;2;4;46;8;17;2;85;2;6;2;83;2;65;2;54;1;3;1;1;1;6;1;0;1;1;1;5;10;34;8;35;2;1;3;87;4;66;4;8;0;0;0;0;0;0;0;0;0;0;0;0;0;0;0;0;0;0;0;0;0;0;0;0;0;0;0;0;0;0;0;0;;;;;;;;;;;;;;;;;;;;
22.07.2024;16:37;A 27;1;7;15;2;15;0;100;2;8;1;6;0;0;1;3;3;40;3;32;1;0;1;50;0;37;3;16;1;12;7;47;2;77;1;0;0;0;0;0;6;44;2;36;0;30;2;60;1;46;0;0;0;0;0;0;0;0;0;0;0;0;0;0;0;0;0;0;0;0;0;0;0;0;0;0;0;0;0;0;0;0;0;0;;;;;;;;;;;;;;;;;;;;
22.07.2024;16:36;A 27;1;11;12;3;17;0;100;3;8;2;13;0;0;2;5;8;63;2;5;0;0;4;95;1;72;2;6;1;2;6;44;0;63;1;0;0;0;0;0;7;9;6;10;1;26;4;31;2;28;3;10;0;0;0;0;0;0;0;0;0;0;0;0;0;0;0;0;0;0;0;0;0;0;0;0;0;0;0;0;0;0;0;0;;;;;;;;;;;;;;;;;;;;
22.07.2024;16:35;A 27;1;5;19;2;13;0;100;1;33;1;11;2;3;1;3;4;12;0;0;0;76;1;88;1;52;0;0;1;2;2;2;2;25;0;0;0;0;0;0;8;51;8;41;1;1;2;78;5;67;2;6;0;0;1;1;0;0;0;0;0;0;0;0;0;0;0;0;0;0;0;0;0;0;0;0;0;0;0;0;0;0;0;0;;;;;;;;;;;;;;;;;;;;
22.07.2024;16:34;A 27;1;3;6;2;17;0;100;4;10;0;0;2;14;2;18;5;25;0;0;1;39;4;51;2;30;0;0;1;2;2;5;1;54;2;7;2;27;0;0;7;23;5;23;2;2;1;32;1;40;2;6;0;0;0;0;0;0;0;0;0;0;0;0;0;0;0;0;0;0;0;0;0;0;0;0;0;0;0;0;0;0;0;0;;;;;;;;;;;;;;;;;;;;
22.07.2024;16:33;A 27;1;10;15;0;0;0;100;1;9;0;0;1;76;3;67;7;62;0;0;1;82;2;97;2;89;0;0;3;5;7;37;3;61;4;18;1;2;3;15;5;19;3;26;0;0;2;44;2;36;0;0;0;0;0;0;0;0;0;0;0;0;0;0;0;0;0;0;0;0;0;0;0;0;0;0;0;0;0;0;0;0;0;0;;;;;;;;;;;;;;;;;;;;
22.07.2024;16:32;A 27;1;12;16;2;13;0;100;0;0;1;6;1;1;1;77;5;85;2;82;0;0;1;99;2;87;0;83;2;4;3;4;3;53;0;0;0;0;0;0;8;21;7;18;1;4;1;61;4;56;2;18;0;0;0;0;0;0;0;0;0;0;0;0;0;0;0;0;0;0;0;0;0;0;0;0;0;0;0;0;0;0;0;0;;;;;;;;;;;;;;;;;;;;
22.07.2024;16:31;A 27;1;4;6;2;13;0;100;2;3;0;2;2;1;3;7;3;56;1;17;1;2;2;74;4;52;2;15;0;0;6;60;1;81;0;0;0;0;0;0;6;35;7;41;1;1;1;53;2;59;1;37;0;0;0;0;0;0;0;0;0;0;0;0;0;0;0;0;0;0;0;0;0;0;0;0;0;0;0;0;0;0;0;0;;;;;;;;;;;;;;;;;;;;
22.07.2024;16:30;A 27;1;11;11;4;29;0;100;5;47;2;15;0;0;4;8;5;59;0;0;0;0;2;85;3;72;2;2;1;0;0;43;1;50;0;0;0;0;0;0;5;6;5;21;3;2;3;19;2;33;2;12;0;0;0;0;0;0;0;0;0;0;0;0;0;0;0;0;0;0;0;0;0;0;0;0;0;0;0;0;0;0;0;0;;;;;;;;;;;;;;;;;;;;
22.07.2024;16:29;A 27;1;14;33;1;6;0;100;3;9;2;13;0;0;3;90;5;86;0;0;0;0;0;100;0;100;2;3;1;1;5;8;6;40;0;0;0;0;0;0;6;68;3;91;1;66;0;100;0;100;1;4;0;0;0;0;0;0;0;0;0;0;0;0;0;0;0;0;0;0;0;0;0;0;0;0;0;0;0;0;0;0;0;0;;;;;;;;;;;;;;;;;;;;
22.07.2024;16:28;A 27;1;9;78;0;0;0;100;1;1;1;6;0;0;6;13;7;14;1;2;0;0;2;75;2;68;1;37;0;0;5;38;1;93;2;4;0;0;0;81;9;54;9;71;0;0;1;84;2;99;0;0;0;0;0;0;0;0;0;0;0;0;0;0;0;0;0;0;0;0;0;0;0;0;0;0;0;0;0;0;0;0;0;0;;;;;;;;;;;;;;;;;;;;
22.07.2024;16:27;A 27;1;8;80;0;0;0;100;3;6;1;6;0;0;4;14;5;9;1;5;0;0;1;85;4;45;2;16;1;40;2;6;2;56;1;39;3;7;2;44;7;40;8;64;0;0;2;83;0;100;1;4;0;0;0;0;0;0;0;0;0;0;0;0;0;0;0;0;0;0;0;0;0;0;0;0;0;0;0;0;0;0;0;0;;;;;;;;;;;;;;;;;;;;
22.07.2024;16:26;A 27;1;12;74;0;0;0;100;1;17;1;6;0;80;4;11;4;33;2;4;0;0;17;92;1;45;1;10;3;9;3;3;2;24;1;1;1;1;3;7;5;71;3;93;0;85;0;100;0;100;0;0;0;0;0;0;0;0;0;0;0;0;0;0;0;0;0;0;0;0;0;0;0;0;0;0;0;0;0;0;0;0;0;0;;;;;;;;;;;;;;;;;;;;
22.07.2024;16:25;A 27;1;2;90;0;0;0;100;2;4;0;0;2;31;2;20;4;24;1;1;2;8;5;46;2;27;2;4;1;2;4;20;6;52;4;10;3;5;0;0;4;25;8;52;3;26;4;78;3;79;3;13;0;0;0;0;0;0;0;0;0;0;0;0;0;0;0;0;0;0;0;0;0;0;0;0;0;0;0;0;0;0;1;1;;;;;;;;;;;;;;;;;;;;
22.07.2024;16:24;A 27;1;7;8;3;20;0;100;0;0;1;6;0;0;5;37;4;19;1;23;1;4;2;56;3;65;0;24;1;2;5;27;2;54;2;25;1;2;1;7;6;19;3;12;2;0;3;32;2;23;0;0;0;0;0;0;0;0;0;0;0;0;0;0;0;0;0;0;0;0;0;0;0;0;0;0;0;0;0;0;0;0;0;0;;;;;;;;;;;;;;;;;;;;
22.07.2024;16:23;A 27;1;8;29;3;20;0;100;4;47;1;11;2;83;6;41;5;74;4;69;3;73;0;99;2;68;4;44;2;4;3;4;2;24;2;0;0;0;0;0;6;79;8;68;1;0;1;93;1;81;0;0;0;0;0;0;0;0;0;0;0;0;0;0;1;1;1;1;0;0;0;0;0;0;0;0;0;0;0;0;0;0;0;0;;;;;;;;;;;;;;;;;;;;
22.07.2024;16:22;A 27;1;7;14;2;13;0;100;4;12;0;0;1;29;3;4;7;13;2;1;3;11;3;55;3;23;0;0;3;13;7;40;3;66;4;44;2;6;2;52;6;44;6;49;0;0;1;60;3;66;0;36;0;0;0;0;0;0;0;0;0;0;0;0;0;0;0;0;0;0;0;0;0;0;0;0;0;0;0;0;0;0;0;0;;;;;;;;;;;;;;;;;;;;
22.07.2024;16:21;A 27;1;9;75;0;0;0;100;5;43;2;13;1;1;0;0;1;1;0;0;0;4;1;8;0;0;0;0;1;2;1;0;0;35;1;30;0;0;1;0;4;8;4;18;0;14;2;31;2;29;3;17;0;0;0;0;0;0;0;0;0;0;0;0;0;0;0;0;0;0;0;0;0;0;0;0;0;0;0;0;0;0;0;0;;;;;;;;;;;;;;;;;;;;
22.07.2024;16:20;A 27;1;12;24;2;13;0;100;0;44;1;6;1;85;3;8;3;92;2;87;1;86;0;99;2;24;0;89;1;2;6;10;1;39;1;0;1;1;1;6;8;76;5;14;0;100;1;93;1;94;0;0;0;0;0;0;0;0;0;0;0;0;0;0;0;0;0;0;0;0;0;0;0;0;0;0;0;0;0;0;0;0;0;0;;;;;;;;;;;;;;;;;;;;
22.07.2024;16:19;A 27;1;4;9;0;0;0;100;4;33;2;13;2;18;7;47;9;54;1;94;2;25;0;100;2;72;1;93;2;3;4;35;1;49;0;0;0;0;0;0;7;50;8;16;1;90;2;71;1;71;0;48;0;0;0;0;0;0;0;0;0;0;0;0;0;0;0;0;0;0;0;0;0;0;0;0;0;0;0;0;0;0;0;0;;;;;;;;;;;;;;;;;;;;
22.07.2024;16:18;A 27;1;10;20;1;6;0;100;4;78;1;6;0;0;2;6;1;95;1;78;0;0;0;100;3;24;2;11;1;2;8;5;5;40;9;6;3;4;0;0;2;88;1;4;1;79;1;94;0;100;1;98;0;0;0;0;0;0;1;1;0;0;0;0;0;0;0;0;0;0;0;0;0;0;0;0;0;0;0;0;0;0;0;0;;;;;;;;;;;;;;;;;;;;
22.07.2024;16:17;A 27;1;6;54;1;6;0;100;2;36;1;6;1;0;6;16;9;61;1;5;0;0;0;100;3;44;0;61;2;26;0;0;3;4;1;0;0;0;0;0;8;52;8;73;1;0;1;84;2;96;2;65;0;0;0;0;0;0;0;0;0;0;0;0;0;0;0;0;0;0;0;0;0;0;0;0;0;0;0;0;0;0;0;0;;;;;;;;;;;;;;;;;;;;
22.07.2024;16:16;A 27;1;8;29;2;13;0;100;3;9;1;6;1;2;3;8;4;42;2;43;1;6;2;63;1;38;0;100;1;3;5;9;2;37;2;59;2;2;2;12;6;48;13;69;2;1;2;84;2;97;1;15;0;0;0;0;0;0;0;0;1;1;0;0;0;0;0;0;0;0;0;0;0;0;0;0;0;0;0;0;0;0;0;0;;;;;;;;;;;;;;;;;;;;
22.07.2024;16:15;A 27;1;8;83;0;0;0;100;4;51;2;13;1;4;1;1;4;13;0;100;1;4;1;45;1;7;0;100;0;2;5;40;0;50;3;33;2;2;1;1;5;85;7;73;0;0;0;100;2;97;0;0;0;0;0;0;0;0;0;0;0;0;0;0;0;0;0;0;0;0;0;0;0;0;0;0;0;0;0;0;0;0;0;0;;;;;;;;;;;;;;;;;;;;
22.07.2024;16:14;A 27;1;13;57;0;0;0;100;2;2;1;6;0;0;5;25;5;11;3;12;0;0;0;100;0;94;0;100;3;9;6;20;5;47;3;26;1;1;1;6;5;88;5;14;0;80;0;100;0;100;0;0;0;0;0;0;0;0;0;0;0;0;0;0;0;0;0;0;0;0;0;0;0;0;0;0;0;0;0;0;0;0;0;0;;;;;;;;;;;;;;;;;;;;
22.07.2024;16:13;A 27;1;2;91;0;0;0;100;3;6;1;6;1;0;5;8;6;52;2;19;1;14;0;100;4;89;0;100;4;13;6;22;2;35;3;23;2;3;2;29;0;100;1;6;2;93;0;100;0;100;0;42;0;0;0;0;0;0;0;0;0;0;0;0;0;0;0;0;0;0;0;0;0;0;0;0;0;0;0;0;0;0;0;0;;;;;;;;;;;;;;;;;;;;
22.07.2024;16:12;A 27;1;6;11;2;13;0;100;4;11;1;6;1;0;3;6;4;54;0;3;0;0;4;93;2;69;1;98;0;0;10;48;0;73;0;27;0;0;0;0;5;33;3;9;1;71;1;99;4;38;2;37;0;0;0;0;0;0;0;0;0;0;0;0;0;0;0;0;0;0;0;0;0;0;0;0;0;0;0;0;0;0;0;0;;;;;;;;;;;;;;;;;;;;
22.07.2024;16:11;A 27;1;11;19;0;0;0;100;0;0;0;0;2;81;4;48;6;85;2;98;4;43;0;100;3;77;2;82;1;2;4;37;3;59;1;35;1;1;1;13;6;62;8;59;1;83;2;94;1;80;1;39;0;0;0;0;0;0;0;0;0;0;0;0;0;0;0;0;0;0;0;0;0;0;0;0;0;0;0;0;0;0;0;0;;;;;;;;;;;;;;;;;;;;
22.07.2024;16:10;A 27;1;8;73;0;0;0;100;0;0;0;0;1;26;1;1;7;6;1;2;2;13;5;46;1;5;2;10;1;2;5;16;1;38;3;5;4;3;0;0;5;15;4;9;2;57;4;33;0;25;3;22;0;0;0;0;0;0;0;0;0;0;0;0;0;0;0;0;0;0;0;0;0;0;0;0;0;0;0;0;0;0;0;0;;;;;;;;;;;;;;;;;;;;
22.07.2024;16:09;A 27;1;10;67;0;0;0;100;4;18;1;15;0;0;0;0;0;0;1;3;0;0;1;4;0;0;1;5;0;0;1;1;1;33;1;22;0;0;0;19;3;11;2;5;2;42;2;31;2;17;3;15;0;0;0;0;0;0;0;0;0;0;0;0;0;0;0;0;0;0;0;0;0;0;0;0;0;0;0;0;0;0;0;0;;;;;;;;;;;;;;;;;;;;
22.07.2024;16:08;A 27;1;14;47;2;13;0;100;4;29;2;14;0;0;2;1;3;6;1;0;0;0;1;67;1;82;0;0;1;6;2;6;1;57;1;51;1;1;1;13;6;39;6;14;3;20;3;61;2;55;4;10;0;0;0;0;0;0;0;0;0;0;0;0;0;0;0;0;0;0;0;0;0;0;0;0;0;0;0;0;0;0;0;0;;;;;;;;;;;;;;;;;;;;
22.07.2024;16:07;A 27;1;5;81;0;0;0;100;2;3;1;6;2;25;6;38;7;39;1;31;0;25;0;60;2;65;0;28;1;9;4;3;1;16;0;71;1;2;1;13;3;33;0;23;0;22;1;41;0;27;0;0;0;0;0;0;0;0;0;0;0;0;0;0;0;0;0;0;0;0;0;0;0;0;0;0;0;0;0;0;0;0;0;0;;;;;;;;;;;;;;;;;;;;
22.07.2024;16:06;A 27;1;7;31;0;0;0;100;0;0;0;0;1;81;2;54;2;62;2;45;3;17;2;85;1;74;2;55;0;0;6;27;0;53;1;63;2;0;1;3;5;28;6;18;1;94;2;44;4;47;0;19;0;0;0;0;0;0;0;0;0;0;0;0;0;0;0;0;0;0;0;0;0;0;0;0;0;0;0;0;0;0;0;0;;;;;;;;;;;;;;;;;;;;
22.07.2024;16:05;A 27;1;19;27;2;13;0;100;1;0;2;13;0;75;6;68;3;87;0;78;0;0;0;99;0;96;1;1;3;4;3;5;4;25;0;0;0;0;0;0;7;57;6;43;3;54;1;93;2;88;2;59;0;0;0;0;0;0;0;0;1;1;2;3;0;0;0;0;0;0;0;0;0;0;0;0;0;0;0;0;0;0;0;0;;;;;;;;;;;;;;;;;;;;
22.07.2024;16:04;A 27;1;7;73;0;0;0;100;1;2;0;0;1;26;2;14;4;23;2;49;1;4;2;49;1;32;2;11;3;9;9;18;3;52;5;10;3;3;1;0;6;19;7;7;2;12;4;36;6;30;1;4;0;0;0;0;0;0;0;0;0;0;0;0;0;0;0;0;0;0;0;0;0;0;0;0;0;0;0;0;0;0;0;0;;;;;;;;;;;;;;;;;;;;
22.07.2024;16:03;A 27;1;7;80;0;0;0;100;5;54;2;13;0;0;2;7;2;6;1;2;0;0;2;33;3;22;2;13;1;3;2;1;3;13;2;1;0;0;0;0;3;9;2;6;1;65;1;33;3;20;1;6;0;0;0;0;0;0;0;0;0;0;0;0;0;0;0;0;0;0;0;0;0;0;0;0;0;0;0;0;0;0;0;0;;;;;;;;;;;;;;;;;;;;
22.07.2024;16:02;A 27;1;6;44;2;13;0;100;3;80;1;6;0;0;3;3;5;43;1;0;0;0;1;71;2;18;0;0;4;9;4;4;1;16;2;1;0;0;0;0;5;7;4;17;2;0;2;22;4;52;0;0;0;0;0;0;0;0;0;0;0;0;0;0;0;0;0;0;0;0;0;0;0;0;0;0;0;0;0;0;0;0;0;0;;;;;;;;;;;;;;;;;;;;
22.07.2024;16:01;A 27;1;7;16;2;13;0;100;3;6;2;33;2;4;4;41;4;42;1;2;1;6;2;63;2;48;3;6;1;1;2;16;0;100;1;0;0;0;0;0;5;46;5;43;2;35;1;58;0;52;1;42;0;0;0;0;0;0;0;0;0;0;0;0;0;0;0;0;0;0;0;0;1;1;1;1;0;0;0;0;0;0;0;0;;;;;;;;;;;;;;;;;;;;
22.07.2024;16:00;A 27;1;10;11;3;20;0;100;1;1;1;6;1;0;2;5;6;11;1;0;1;0;2;94;2;35;0;0;0;0;2;36;2;55;0;29;0;0;0;0;5;21;6;17;0;100;2;87;7;44;1;19;0;0;0;0;0;0;0;0;0;0;0;0;0;0;0;0;0;0;0;0;0;0;0;0;0;0;0;0;0;0;0;0;;;;;;;;;;;;;;;;;;;;
22.07.2024;15:59;A 27;1;9;9;3;20;0;100;0;0;0;0;1;1;6;72;3;85;1;3;1;4;0;100;0;97;1;11;0;0;4;7;2;35;2;17;1;1;2;6;6;15;7;31;3;74;2;64;1;77;3;60;0;0;0;0;0;0;0;0;0;0;0;0;0;0;0;0;0;0;0;0;0;0;0;0;0;0;0;0;0;0;0;0;;;;;;;;;;;;;;;;;;;;
22.07.2024;15:58;A 27;1;4;4;1;6;0;100;1;1;1;6;1;2;3;34;6;40;0;0;1;5;2;73;1;49;1;33;6;16;4;37;1;64;0;0;0;0;0;0;5;46;6;35;3;3;2;59;3;58;0;0;0;0;0;0;0;0;0;0;0;0;0;0;0;0;0;0;0;0;0;0;0;0;0;0;0;0;0;0;0;0;0;0;;;;;;;;;;;;;;;;;;;;
22.07.2024;15:57;A 27;1;8;11;2;13;0;100;2;6;1;6;2;1;2;2;3;6;1;0;0;0;2;38;3;18;0;0;0;0;3;34;1;41;3;31;0;0;0;31;5;17;4;6;0;3;2;40;3;31;2;8;0;0;0;0;0;0;1;1;0;0;0;0;0;0;0;0;0;0;0;0;0;0;0;0;0;0;0;0;0;0;0;0;;;;;;;;;;;;;;;;;;;;
22.07.2024;15:56;A 27;1;5;23;2;13;0;100;0;0;1;7;0;77;3;8;4;58;0;0;1;3;3;75;3;38;1;1;1;2;3;9;3;30;1;60;2;3;2;18;7;46;6;48;3;43;3;70;1;97;2;15;0;0;0;0;0;0;0;0;0;0;0;0;0;0;0;0;0;0;0;0;0;0;0;0;0;0;0;0;0;0;0;0;;;;;;;;;;;;;;;;;;;;
22.07.2024;15:55;A 27;1;5;23;1;6;0;100;3;4;2;13;1;51;4;30;4;7;2;56;1;5;1;64;2;56;1;44;4;9;4;34;1;54;3;82;2;25;0;88;1;24;2;39;2;38;0;37;0;45;2;43;0;0;0;0;0;0;0;0;0;0;0;0;0;0;0;0;0;0;0;0;0;0;0;0;0;0;0;0;0;0;0;0;;;;;;;;;;;;;;;;;;;;
22.07.2024;15:54;A 27;1;5;48;0;0;0;100;2;3;0;0;2;57;2;5;3;7;1;54;1;8;1;93;8;73;4;27;0;0;1;19;0;24;3;29;7;8;5;12;2;3;3;16;1;62;1;12;2;28;4;7;0;0;0;0;0;0;0;0;0;0;0;0;0;0;0;0;0;0;0;0;0;0;0;0;0;0;0;0;0;0;0;0;;;;;;;;;;;;;;;;;;;;
22.07.2024;15:53;A 27;1;15;21;1;6;0;100;0;0;0;0;0;0;2;4;3;6;2;72;0;0;2;18;3;5;1;32;0;0;5;40;1;59;2;1;0;0;0;0;6;13;11;18;2;35;5;36;8;62;3;11;0;0;0;0;0;0;0;0;0;0;0;0;0;0;0;0;0;0;0;0;0;0;0;0;0;0;0;0;0;0;0;0;;;;;;;;;;;;;;;;;;;;
22.07.2024;15:52;A 27;1;8;58;1;6;0;100;3;3;1;12;0;32;6;42;7;34;2;17;0;0;5;64;1;63;5;11;3;7;5;46;2;74;1;1;0;0;0;0;5;44;5;31;1;36;1;57;1;50;1;20;0;0;0;0;0;0;0;0;0;0;0;0;0;0;0;0;0;0;0;0;1;1;1;5;0;0;0;0;0;0;0;0;;;;;;;;;;;;;;;;;;;;
22.07.2024;15:51;A 27;1;9;17;1;6;0;100;4;8;1;7;1;5;2;12;6;8;0;0;1;4;1;33;2;27;0;0;3;8;9;39;2;59;1;31;0;0;0;0;3;7;2;3;1;92;1;37;4;8;2;5;0;0;0;0;0;0;0;0;0;0;0;0;0;0;0;0;0;0;0;0;1;1;0;0;0;0;0;0;0;0;0;0;;;;;;;;;;;;;;;;;;;;
22.07.2024;15:50;A 27;1;14;46;0;0;0;100;0;0;0;0;0;0;4;30;1;86;1;87;0;0;1;97;3;59;1;43;1;2;1;1;3;11;1;54;1;1;1;6;8;47;5;14;3;60;2;88;5;40;5;38;0;0;0;0;0;0;0;0;0;0;0;0;0;0;0;0;0;0;0;0;0;0;0;0;0;0;0;0;0;0;0;0;;;;;;;;;;;;;;;;;;;;
22.07.2024;15:49;A 27;1;1;98;0;0;0;100;1;1;1;6;0;0;5;16;8;29;1;42;0;0;3;88;1;26;4;12;2;5;10;65;1;98;1;98;2;7;0;94;5;16;4;20;2;3;1;28;0;33;2;19;0;0;0;0;0;0;0;0;0;0;0;0;0;0;0;0;0;0;0;0;0;0;0;0;0;0;0;0;0;0;0;0;;;;;;;;;;;;;;;;;;;;
22.07.2024;15:48;A 27;1;10;71;0;0;0;100;2;3;1;6;0;0;2;79;5;74;0;0;0;0;1;95;1;93;0;0;2;4;1;0;2;8;2;60;3;5;3;52;3;15;5;12;0;0;2;44;2;38;3;2;0;0;0;0;0;0;0;0;0;0;0;0;0;0;0;0;0;0;1;1;0;0;0;0;0;0;1;1;0;0;0;0;;;;;;;;;;;;;;;;;;;;
22.07.2024;15:47;A 27;1;17;55;0;0;0;100;1;8;0;0;1;26;1;1;0;0;0;74;1;5;2;7;1;10;0;0;1;1;2;2;0;11;3;2;0;0;0;0;7;61;9;44;0;0;2;87;2;76;0;0;0;0;0;0;0;0;0;0;0;0;0;0;0;0;0;0;0;0;0;0;0;0;0;0;0;0;0;0;0;0;0;0;;;;;;;;;;;;;;;;;;;;
22.07.2024;15:46;A 27;1;9;75;0;0;0;100;1;2;1;7;3;12;2;2;4;7;2;17;2;19;2;42;1;9;1;45;3;11;5;42;1;68;1;1;0;0;0;0;5;41;4;38;3;58;1;49;1;50;0;66;0;0;0;0;0;0;0;0;1;1;0;0;0;0;0;0;0;0;0;0;0;0;0;0;0;0;0;0;0;0;1;1;;;;;;;;;;;;;;;;;;;;
22.07.2024;15:45;A 27;1;9;80;0;0;0;100;2;3;2;13;0;0;0;0;2;2;1;2;0;0;1;13;0;0;1;56;0;0;3;4;1;35;1;0;0;0;0;0;6;20;7;14;6;71;1;47;3;59;10;41;0;0;0;0;0;0;0;0;1;1;0;0;0;0;0;0;0;0;0;0;0;0;0;0;0;0;0;0;0;0;0;0;;;;;;;;;;;;;;;;;;;;
22.07.2024;15:44;A 27;1;14;41;3;20;0;100;4;7;2;19;0;0;1;1;2;19;2;22;0;0;2;38;1;7;4;10;1;2;1;0;1;4;1;0;1;0;0;0;5;52;6;64;0;0;1;97;2;85;0;0;0;0;0;0;0;0;0;0;0;0;0;0;0;0;0;0;0;0;0;0;0;0;0;0;0;0;0;0;0;0;1;1;;;;;;;;;;;;;;;;;;;;
22.07.2024;15:43;A 27;1;4;8;1;6;0;100;5;98;1;6;2;3;2;5;5;8;0;0;2;7;4;42;1;18;2;8;2;4;4;47;1;67;6;78;2;5;2;27;5;35;8;26;1;19;3;48;2;58;4;10;0;0;0;0;0;0;0;0;0;0;0;0;0;0;0;0;0;0;0;0;0;0;0;0;0;0;0;0;0;0;0;0;;;;;;;;;;;;;;;;;;;;
22.07.2024;15:42;A 27;1;8;78;0;0;0;100;0;0;1;7;3;16;1;1;2;2;0;0;2;9;3;16;1;8;0;0;0;0;7;38;1;69;3;92;2;34;0;47;5;10;6;9;2;4;2;20;3;24;3;7;0;0;0;0;0;0;0;0;0;0;0;0;0;0;0;0;0;0;0;0;0;0;0;0;0;0;0;0;0;0;0;0;;;;;;;;;;;;;;;;;;;;
22.07.2024;15:41;A 27;1;15;67;0;0;0;100;5;37;1;6;1;5;2;5;4;17;1;61;1;5;2;70;4;56;1;5;0;0;5;8;1;26;4;62;3;5;2;28;7;54;6;57;2;66;1;80;2;74;3;58;0;0;0;0;0;0;0;0;0;0;0;0;0;0;0;0;0;0;0;0;0;0;0;0;0;0;0;0;0;0;0;0;;;;;;;;;;;;;;;;;;;;
22.07.2024;15:40;A 27;1;9;80;0;0;0;100;3;6;1;6;0;30;0;0;5;41;1;38;0;0;1;57;1;38;2;6;4;17;5;35;3;53;1;14;1;1;1;4;5;45;6;45;4;3;1;56;0;60;8;36;0;0;0;0;0;0;0;0;0;0;0;0;0;0;0;0;0;0;0;0;0;0;0;0;0;0;0;0;0;0;0;0;;;;;;;;;;;;;;;;;;;;
22.07.2024;15:39;A 27;1;4;89;0;0;0;100;2;4;2;13;1;50;2;3;2;62;1;16;1;7;1;77;1;75;2;7;3;7;2;5;2;38;0;50;3;6;0;0;2;28;3;10;1;1;1;38;7;17;1;32;0;0;0;0;0;0;0;0;0;0;0;0;0;0;0;0;0;0;0;0;0;0;0;0;0;0;0;0;0;0;0;0;;;;;;;;;;;;;;;;;;;;
22.07.2024;15:38;A 27;1;9;65;0;0;0;100;0;0;0;0;1;16;3;8;5;43;2;3;1;7;1;61;1;46;3;16;0;0;2;6;1;25;1;33;1;1;1;7;10;27;8;22;3;24;5;62;5;47;3;20;0;0;0;0;0;0;1;1;0;0;0;0;0;0;0;0;0;0;0;0;0;0;0;0;0;0;0;0;0;0;0;0;;;;;;;;;;;;;;;;;;;;
22.07.2024;15:37;A 27;1;5;42;1;6;0;100;3;7;0;0;2;36;2;4;3;36;1;0;0;39;1;51;0;42;0;0;4;12;5;47;1;77;1;58;1;1;1;7;7;11;6;48;1;41;2;63;2;61;2;7;0;0;0;0;0;0;0;0;0;0;0;0;0;0;0;0;0;0;0;0;0;0;0;0;0;0;0;0;0;0;1;1;;;;;;;;;;;;;;;;;;;;
22.07.2024;15:36;A 27;1;7;11;2;13;0;100;2;2;0;0;1;38;3;5;3;8;0;0;2;45;4;24;2;29;1;2;0;0;5;28;2;60;4;33;1;28;0;32;2;3;5;44;2;23;2;31;4;92;1;9;0;0;0;0;0;0;0;0;0;0;0;0;0;0;0;0;0;0;0;0;0;0;0;0;0;0;0;0;0;0;0;0;;;;;;;;;;;;;;;;;;;;
22.07.2024;15:35;A 27;1;9;35;1;6;0;100;1;2;0;0;1;78;6;72;5;25;0;0;0;0;0;100;1;98;1;2;2;3;3;6;2;37;1;0;2;4;1;11;8;37;7;54;2;74;1;73;3;78;3;10;0;0;0;0;0;0;0;0;0;0;0;0;0;0;0;0;0;0;0;0;0;0;0;0;0;0;1;1;0;0;0;0;;;;;;;;;;;;;;;;;;;;
22.07.2024;15:34;A 27;1;4;20;0;2;0;100;2;2;0;0;1;25;8;41;11;60;3;6;1;2;0;100;2;62;6;13;2;4;6;64;0;100;6;9;7;7;0;0;5;6;7;35;1;26;3;48;3;49;3;7;0;0;0;0;0;0;0;0;0;0;0;0;0;0;0;0;0;0;0;0;0;0;0;0;0;0;0;0;0;0;0;0;;;;;;;;;;;;;;;;;;;;
22.07.2024;15:33;A 27;1;10;13;3;17;0;100;2;3;0;0;0;0;4;8;4;82;1;1;0;0;1;99;1;83;1;3;0;0;2;5;2;21;0;0;0;0;0;0;2;6;3;12;1;37;2;29;1;26;1;61;0;0;0;0;0;0;0;0;0;0;0;0;0;0;0;0;0;0;0;0;0;0;0;0;0;0;0;0;0;0;0;0;;;;;;;;;;;;;;;;;;;;
22.07.2024;15:32;A 27;1;7;11;1;12;0;100;3;8;1;10;1;44;2;4;2;3;0;0;2;8;3;81;1;19;0;0;0;0;2;2;0;10;2;1;0;0;0;0;6;38;4;7;1;75;2;72;3;54;0;100;0;0;0;0;0;0;0;0;0;0;0;0;0;0;0;0;0;0;0;0;0;0;0;0;0;0;0;0;0;0;0;0;;;;;;;;;;;;;;;;;;;;
22.07.2024;15:31;A 27;1;4;5;3;14;0;100;4;7;2;13;2;5;3;27;7;13;2;6;2;10;0;58;4;50;2;10;1;2;5;80;0;100;1;1;1;2;1;10;6;21;7;38;2;64;1;37;0;54;2;14;0;0;0;0;0;0;0;0;0;0;0;0;0;0;0;0;0;0;0;0;0;0;0;0;0;0;0;0;0;0;0;0;;;;;;;;;;;;;;;;;;;;
22.07.2024;15:30;A 27;1;7;66;2;13;0;100;5;46;2;14;0;0;2;4;3;6;0;0;0;0;3;56;2;18;0;0;2;5;5;13;2;59;3;13;0;0;2;1;2;3;3;15;1;60;2;28;1;32;1;5;0;0;0;0;0;0;0;0;0;0;0;0;0;0;0;0;0;0;0;0;0;0;0;0;0;0;0;0;0;0;0;0;;;;;;;;;;;;;;;;;;;;
22.07.2024;15:29;A 27;1;13;32;3;20;0;100;0;0;0;0;1;75;6;38;4;52;0;0;1;71;2;78;2;71;2;7;3;5;0;0;1;0;0;0;0;0;0;0;5;38;6;21;2;95;1;53;2;69;1;73;0;0;0;0;0;0;0;0;0;0;0;0;0;0;0;0;0;0;0;0;0;0;0;0;0;0;0;0;0;0;0;0;;;;;;;;;;;;;;;;;;;;
22.07.2024;15:28;A 27;1;5;37;1;9;0;100;2;2;1;6;2;17;3;27;8;39;4;24;2;12;2;63;0;37;3;14;3;7;5;22;2;45;1;1;0;0;0;0;6;31;10;30;4;43;1;40;1;49;4;20;0;0;0;0;0;0;0;0;0;0;0;0;0;0;0;0;0;0;0;0;0;0;0;0;0;0;0;0;0;0;0;0;;;;;;;;;;;;;;;;;;;;
22.07.2024;15:27;A 27;1;7;13;2;10;0;100;1;8;1;6;0;0;4;14;3;59;0;0;0;0;2;76;4;59;0;0;2;5;0;0;0;0;0;0;0;0;0;0;5;12;2;3;0;0;3;41;2;29;0;0;0;0;0;0;0;0;0;0;0;0;0;0;0;0;0;0;0;0;0;0;0;0;0;0;0;0;0;0;0;0;0;0;;;;;;;;;;;;;;;;;;;;
22.07.2024;15:26;A 27;1;16;32;0;0;0;100;3;9;1;6;1;74;4;9;6;78;2;33;2;11;2;94;1;86;2;56;5;11;2;2;5;16;1;0;0;0;0;0;0;0;0;0;2;1;1;0;0;0;0;0;0;0;0;0;0;0;1;1;0;0;0;0;0;0;0;0;0;0;0;0;0;0;0;0;0;0;0;0;0;0;1;1;;;;;;;;;;;;;;;;;;;;
22.07.2024;15:25;A 27;1;6;79;0;0;0;100;2;3;1;10;3;35;2;34;3;37;0;0;1;38;2;57;0;41;1;6;0;0;4;53;0;100;4;13;3;3;3;14;5;38;4;33;1;8;0;45;0;47;1;4;0;0;0;0;0;0;0;0;1;3;1;1;0;0;0;0;0;0;0;0;0;0;0;0;0;0;0;0;0;0;0;0;;;;;;;;;;;;;;;;;;;;
22.07.2024;15:24;A 27;1;6;83;0;0;0;100;3;88;1;2;1;84;3;39;4;51;1;3;1;34;1;84;1;66;0;4;1;2;5;31;1;52;2;27;3;12;2;10;2;4;2;5;1;0;2;16;3;19;0;0;0;0;0;0;0;0;0;0;0;0;0;0;0;0;0;0;0;0;0;0;0;0;0;0;0;0;0;0;0;0;1;1;;;;;;;;;;;;;;;;;;;;
22.07.2024;15:23;A 27;1;4;40;2;16;0;100;3;55;1;6;0;0;3;21;8;34;0;0;0;0;2;70;4;46;1;0;3;7;6;8;1;28;3;1;0;0;0;0;6;34;8;32;3;52;2;52;2;60;3;26;0;0;0;0;0;0;0;0;0;0;0;0;0;0;0;0;0;0;0;0;0;0;0;0;0;0;0;0;0;0;0;0;;;;;;;;;;;;;;;;;;;;
22.07.2024;15:22;A 27;1;6;7;2;13;0;100;4;33;1;6;0;0;4;43;4;46;0;0;0;0;2;61;1;58;0;0;2;6;4;55;0;100;2;84;0;0;0;0;7;51;8;52;2;35;2;70;1;71;0;0;0;0;0;0;0;0;0;0;0;0;0;0;0;0;0;0;0;0;0;0;0;0;0;0;0;0;0;0;0;0;0;0;;;;;;;;;;;;;;;;;;;;
22.07.2024;15:21;A 27;1;9;76;0;0;0;100;2;2;2;13;0;0;3;8;3;17;0;0;0;0;2;34;2;41;0;0;1;2;7;42;1;71;7;12;1;1;1;6;8;61;8;31;3;59;4;74;2;97;2;17;0;0;0;0;0;0;0;0;0;0;0;0;0;0;0;0;0;0;0;0;0;0;0;0;0;0;0;0;0;0;0;0;;;;;;;;;;;;;;;;;;;;
22.07.2024;15:20;A 27;1;17;31;2;13;0;100;1;36;2;13;0;0;1;2;4;8;0;0;0;0;0;99;1;12;2;8;2;4;4;5;2;18;4;3;0;0;0;0;1;89;5;13;3;51;0;92;1;88;2;61;0;0;0;0;0;0;0;0;0;0;0;0;0;0;0;0;0;0;0;0;0;0;0;0;0;0;0;0;0;0;0;0;;;;;;;;;;;;;;;;;;;;
22.07.2024;15:19;A 27;1;7;71;1;6;0;100;3;14;1;6;2;2;0;0;7;43;2;5;2;4;4;80;0;3;2;8;1;2;7;55;3;83;3;44;10;52;3;27;9;52;7;25;1;41;5;85;4;60;1;40;0;0;0;0;0;0;0;0;0;0;0;0;0;0;0;0;0;0;0;0;0;0;0;0;0;0;0;0;0;0;0;0;;;;;;;;;;;;;;;;;;;;
22.07.2024;15:18;A 27;1;11;73;0;0;0;100;1;11;1;6;0;0;2;4;3;56;1;1;1;0;1;71;3;36;1;1;0;0;5;11;3;27;2;34;1;0;0;31;2;50;1;2;1;95;1;93;1;21;1;10;0;0;0;0;0;0;0;0;0;0;0;0;0;0;0;0;0;0;0;0;0;0;0;0;0;0;0;0;0;0;0;0;;;;;;;;;;;;;;;;;;;;
22.07.2024;15:17;A 27;1;7;51;1;12;0;100;2;30;0;0;0;0;3;26;1;61;1;4;0;0;0;66;7;58;2;6;3;7;5;10;4;37;0;100;1;1;1;51;7;16;9;17;0;0;4;64;4;52;3;7;0;0;0;0;0;0;0;0;0;0;0;0;0;0;0;0;0;0;0;0;0;0;0;0;0;0;0;0;0;0;0;0;;;;;;;;;;;;;;;;;;;;
22.07.2024;15:16;A 27;1;2;2;1;6;0;100;1;1;1;7;0;0;2;12;6;34;1;1;0;0;3;71;6;57;1;2;0;0;6;12;1;48;1;18;1;1;1;7;4;42;4;40;1;0;1;52;1;46;0;0;0;0;0;0;0;0;0;0;0;0;0;0;0;0;0;0;0;0;0;0;0;0;0;0;0;0;0;0;0;0;0;0;;;;;;;;;;;;;;;;;;;;
22.07.2024;15:15;A 27;1;12;23;0;0;0;100;3;3;3;18;0;0;3;5;2;2;1;3;0;0;1;8;1;12;1;1;2;6;2;2;1;11;3;6;0;0;0;34;3;24;3;33;0;0;2;45;1;47;0;0;0;0;0;0;0;0;0;0;0;0;0;0;0;0;0;0;0;0;0;0;0;0;0;0;0;0;0;0;0;0;0;0;;;;;;;;;;;;;;;;;;;;
22.07.2024;15:14;A 27;1;12;28;4;26;0;100;1;0;1;6;0;0;1;3;1;73;0;0;0;0;0;87;1;13;0;0;1;2;0;0;3;6;1;35;2;4;2;47;4;39;3;75;2;58;3;90;2;88;1;73;0;0;0;0;0;0;0;0;0;0;0;0;0;0;0;0;0;0;0;0;0;0;0;0;0;0;0;0;0;0;0;0;;;;;;;;;;;;;;;;;;;;
22.07.2024;15:13;A 27;1;8;40;1;6;0;100;2;9;2;13;1;34;1;36;3;43;0;0;0;0;2;60;1;43;0;37;1;2;4;31;1;57;2;47;1;2;1;26;5;48;6;46;2;1;0;57;1;63;2;1;0;0;0;0;0;0;0;0;0;0;0;0;0;0;0;0;0;0;0;0;0;0;0;0;0;0;0;0;0;0;0;0;;;;;;;;;;;;;;;;;;;;
22.07.2024;15:12;A 27;1;7;8;3;20;0;100;1;64;0;0;1;42;2;30;3;35;0;0;2;14;1;55;2;45;2;33;1;4;3;37;0;43;5;33;1;1;2;11;4;20;3;24;0;0;1;36;1;43;0;0;0;0;0;0;0;0;0;0;0;0;0;0;0;0;0;0;0;0;0;0;0;0;0;0;0;0;0;0;0;0;0;0;;;;;;;;;;;;;;;;;;;;
22.07.2024;15:11;A 27;1;13;40;2;13;0;100;3;5;3;20;1;58;3;9;3;45;0;0;1;4;1;84;3;68;1;2;3;14;9;32;6;67;3;2;2;1;1;1;6;66;6;41;1;64;1;87;2;62;5;10;0;0;0;0;0;0;0;0;0;0;0;0;0;0;0;0;0;0;0;0;0;0;0;0;0;0;0;0;0;0;0;0;;;;;;;;;;;;;;;;;;;;
22.07.2024;15:10;A 27;1;8;80;0;0;0;100;3;6;1;9;1;34;3;30;2;19;1;55;1;8;1;35;0;43;0;46;1;2;4;65;1;83;2;89;0;0;2;6;3;39;1;39;1;48;0;50;0;44;0;40;0;0;0;0;0;0;0;0;0;0;2;5;0;0;0;0;0;0;0;0;0;0;0;0;0;0;0;0;0;0;0;0;;;;;;;;;;;;;;;;;;;;
22.07.2024;15:09;A 27;1;6;80;0;0;0;100;5;36;1;4;0;0;1;1;2;5;1;75;0;0;2;33;1;12;1;87;1;2;6;33;0;53;3;61;1;48;1;57;4;33;4;51;1;88;2;50;0;100;3;51;0;0;3;5;0;0;0;0;0;0;0;0;0;0;0;0;0;0;1;1;0;0;0;0;0;0;0;0;0;0;0;0;;;;;;;;;;;;;;;;;;;;
22.07.2024;15:08;A 27;1;4;54;1;6;0;100;0;0;1;6;0;0;3;3;6;68;1;2;0;0;2;86;3;49;0;0;1;2;3;12;1;82;0;100;2;5;1;15;9;34;11;21;0;0;5;68;6;59;1;2;0;0;0;0;0;0;0;0;0;0;0;0;0;0;0;0;0;0;0;0;0;0;0;0;0;0;1;1;0;0;0;0;;;;;;;;;;;;;;;;;;;;
22.07.2024;15:07;A 27;1;2;3;1;6;0;100;3;8;0;0;0;0;1;1;2;28;1;26;0;0;1;45;1;8;1;26;2;8;5;12;2;48;3;92;4;6;1;49;5;22;6;26;2;26;0;38;0;42;0;29;0;0;0;0;0;0;0;0;0;0;0;0;0;0;0;0;0;0;0;0;0;0;0;0;0;0;0;0;0;0;0;0;;;;;;;;;;;;;;;;;;;;
22.07.2024;15:06;A 27;1;9;46;2;13;0;100;3;83;1;11;1;5;2;4;3;53;1;48;0;0;1;95;1;14;4;57;1;1;6;11;3;41;4;81;1;6;1;14;2;2;1;1;1;36;5;7;3;8;2;13;0;0;0;0;0;0;0;0;0;0;0;0;0;0;0;0;0;0;0;0;0;0;0;0;0;0;0;0;0;0;0;0;;;;;;;;;;;;;;;;;;;;
22.07.2024;15:05;A 27;1;4;24;1;6;0;100;3;12;1;7;0;0;2;57;4;6;0;0;0;0;0;69;1;65;0;61;0;0;3;50;2;71;0;0;1;22;0;100;2;7;4;10;1;0;2;48;2;26;3;4;0;0;0;0;0;0;0;0;0;0;0;0;0;0;0;0;0;0;0;0;0;0;0;0;0;0;0;0;0;0;0;0;;;;;;;;;;;;;;;;;;;;
22.07.2024;15:04;A 27;1;7;53;2;13;0;100;1;4;0;0;0;0;4;48;2;4;2;0;0;0;1;75;2;66;1;50;2;4;7;35;4;61;5;34;5;33;1;75;3;5;1;0;2;1;1;15;2;3;0;2;0;0;0;0;0;0;0;0;0;0;0;0;0;0;0;0;0;0;0;0;0;0;0;0;0;0;0;0;0;0;0;0;;;;;;;;;;;;;;;;;;;;
22.07.2024;15:03;A 27;1;14;20;3;25;0;100;3;11;1;6;1;1;5;13;5;26;0;0;1;3;2;52;2;56;0;0;2;4;3;14;3;34;1;36;1;95;1;98;5;13;6;83;6;4;0;100;0;99;2;5;0;0;0;0;0;0;0;0;0;0;0;0;0;0;0;0;0;0;0;0;0;0;0;0;0;0;0;0;0;0;0;0;;;;;;;;;;;;;;;;;;;;
22.07.2024;15:02;A 27;1;3;86;0;2;0;100;0;0;0;5;0;8;2;7;4;21;0;0;0;0;0;30;1;21;0;0;1;2;2;1;2;9;2;1;2;2;2;11;5;25;6;44;3;3;1;66;3;62;1;13;0;0;0;0;0;0;0;0;0;0;0;0;0;0;0;0;0;0;0;0;0;0;0;0;0;0;0;0;0;0;0;0;;;;;;;;;;;;;;;;;;;;
22.07.2024;15:01;A 27;1;7;45;3;17;0;100;3;53;2;8;1;35;2;4;2;5;0;0;1;4;3;25;1;23;1;4;2;4;8;28;0;49;2;32;1;1;1;9;4;36;3;31;0;0;2;49;2;52;1;0;0;0;0;0;0;0;0;0;0;0;1;1;0;0;0;0;0;0;0;0;0;0;0;0;0;0;0;0;0;0;0;0;;;;;;;;;;;;;;;;;;;;
22.07.2024;15:00;A 27;1;11;36;2;19;0;100;1;0;2;16;0;0;1;1;4;46;0;0;0;0;1;64;1;8;0;0;1;1;1;1;2;10;1;48;1;1;1;6;6;18;5;56;3;93;1;70;0;100;1;49;0;0;0;0;0;0;0;0;0;0;1;1;0;0;0;0;0;0;0;0;0;0;0;0;0;0;0;0;0;0;0;0;;;;;;;;;;;;;;;;;;;;
22.07.2024;14:59;A 27;1;3;18;2;17;0;100;3;8;2;10;0;0;1;38;3;26;0;0;0;0;0;54;0;43;0;0;1;1;5;39;1;64;1;2;1;1;1;7;4;20;9;55;2;7;1;53;2;76;2;8;0;0;0;0;0;0;0;0;0;0;0;0;0;0;1;1;0;0;0;0;0;0;0;0;0;0;0;0;0;0;0;0;;;;;;;;;;;;;;;;;;;;
22.07.2024;14:58;A 27;1;8;82;0;0;0;100;4;45;2;15;1;4;2;3;4;14;2;4;0;4;2;40;1;22;2;7;2;4;7;44;4;71;5;2;0;0;0;0;8;15;6;9;4;12;5;63;4;65;3;21;0;0;0;0;0;0;0;0;0;0;0;0;0;0;0;0;0;0;0;0;0;0;0;0;0;0;0;0;0;0;0;0;;;;;;;;;;;;;;;;;;;;
22.07.2024;14:57;A 27;1;7;82;0;0;0;100;3;4;3;17;1;1;2;7;3;36;0;0;1;7;1;56;2;58;1;4;2;32;1;25;0;37;2;18;2;6;3;27;2;6;1;1;2;55;2;18;1;10;4;62;0;0;0;0;0;0;0;0;0;0;0;0;0;0;0;0;0;0;0;0;0;0;0;0;0;0;0;0;0;0;0;0;;;;;;;;;;;;;;;;;;;;
22.07.2024;14:56;A 27;1;9;23;1;6;0;100;0;0;0;0;0;0;1;1;2;31;1;5;0;0;1;57;1;9;1;4;1;2;3;12;1;26;2;0;0;0;0;0;5;54;4;76;3;55;2;98;0;100;2;17;0;0;0;0;0;0;0;0;0;0;0;0;0;0;0;0;0;0;0;0;0;0;0;0;0;0;0;0;0;0;0;0;;;;;;;;;;;;;;;;;;;;
22.07.2024;14:55;A 27;1;8;11;1;21;0;100;1;1;3;20;1;4;2;4;6;21;0;45;2;6;4;73;0;50;0;0;3;9;5;19;1;43;1;98;0;0;0;0;7;14;9;63;2;54;1;77;3;90;3;57;0;0;0;0;0;0;0;0;0;0;0;0;0;0;0;0;0;0;0;0;0;0;0;0;0;0;0;0;0;0;1;1;;;;;;;;;;;;;;;;;;;;
22.07.2024;14:54;A 27;1;5;25;1;0;0;100;1;1;0;0;2;3;1;3;2;4;2;15;1;7;2;25;1;65;5;12;1;2;3;33;1;48;1;6;5;6;1;5;3;16;6;27;2;31;4;48;4;59;2;7;0;0;0;0;0;0;0;0;0;0;0;0;0;0;0;0;0;0;0;0;0;0;0;0;0;0;0;0;0;0;0;0;;;;;;;;;;;;;;;;;;;;
22.07.2024;14:53;A 27;1;11;58;0;0;0;100;0;0;0;0;0;1;3;6;3;12;1;36;3;6;2;52;2;42;1;3;0;0;3;35;0;41;4;27;0;0;0;0;4;61;3;53;0;0;1;81;2;71;0;0;0;0;0;0;0;0;0;0;0;0;0;0;0;0;0;0;0;0;0;0;0;0;0;0;0;0;0;0;0;0;0;0;;;;;;;;;;;;;;;;;;;;
22.07.2024;14:52;A 27;1;6;8;2;14;0;100;2;50;1;6;1;0;1;0;3;4;0;0;1;2;6;25;1;7;0;0;1;2;8;42;1;76;0;100;1;1;2;7;4;8;3;41;2;48;2;54;3;60;2;45;0;0;0;0;0;0;0;0;0;0;0;0;0;0;0;0;0;0;0;0;0;0;0;0;0;0;0;0;0;0;0;0;;;;;;;;;;;;;;;;;;;;
22.07.2024;14:51;A 27;1;7;7;4;31;0;100;6;7;2;20;0;0;3;56;6;58;0;0;0;0;0;73;3;68;2;3;0;0;3;22;1;37;1;8;1;1;1;8;1;31;2;28;2;21;0;53;1;38;1;6;0;0;0;0;0;0;0;0;0;0;0;0;0;0;0;0;0;0;0;0;0;0;0;0;0;0;1;1;0;0;0;0;;;;;;;;;;;;;;;;;;;;
22.07.2024;14:50;A 27;1;4;78;1;6;0;100;0;0;0;0;2;4;6;13;8;41;0;9;1;8;3;74;2;50;0;0;0;0;6;14;3;34;1;2;1;2;1;11;3;18;6;22;1;14;2;29;2;37;0;13;0;0;0;0;0;0;0;0;0;0;0;0;0;0;0;0;0;0;0;0;0;0;0;0;0;0;0;0;0;0;0;0;;;;;;;;;;;;;;;;;;;;
22.07.2024;14:49;A 27;1;6;64;1;6;0;100;5;53;1;6;0;0;2;5;3;32;0;100;1;1;4;59;2;58;0;0;0;0;2;26;2;37;4;23;5;7;1;21;5;12;3;14;2;84;4;24;2;25;3;89;0;0;0;0;0;0;0;0;0;0;0;0;0;0;0;0;0;0;0;0;0;0;0;0;0;0;0;0;0;0;1;1;;;;;;;;;;;;;;;;;;;;
22.07.2024;14:48;A 27;1;8;43;2;13;0;100;0;9;1;6;0;60;2;3;3;3;2;86;0;0;1;75;1;69;1;47;1;2;2;4;2;20;0;0;0;0;1;0;4;72;5;74;3;40;4;85;0;92;5;26;0;0;0;0;0;0;0;0;0;0;0;0;0;0;0;0;0;0;0;0;0;0;0;0;0;0;0;0;0;0;0;0;;;;;;;;;;;;;;;;;;;;
22.07.2024;14:47;A 27;1;6;13;2;13;0;100;3;9;1;6;1;35;1;1;5;49;3;48;1;2;2;86;2;17;3;51;2;4;3;22;3;42;1;10;1;1;2;6;7;59;6;7;1;2;3;89;4;23;2;14;0;0;0;0;0;0;0;0;0;0;0;0;0;0;0;0;0;0;0;0;0;0;1;1;0;0;0;0;0;0;0;0;;;;;;;;;;;;;;;;;;;;
22.07.2024;14:46;A 27;1;2;38;0;0;0;100;1;1;1;6;1;23;3;4;3;12;1;3;1;4;2;46;3;23;2;5;2;5;3;78;0;85;3;40;1;1;1;6;8;34;5;24;2;3;4;77;3;37;2;5;0;0;0;0;0;0;0;0;0;0;0;0;0;0;0;0;0;0;0;0;0;0;0;0;0;0;0;0;0;0;0;0;;;;;;;;;;;;;;;;;;;;
22.07.2024;14:45;A 27;1;9;11;1;6;0;100;1;2;1;6;1;1;1;2;4;6;0;0;1;2;2;78;1;11;1;4;1;3;5;52;2;84;1;0;1;0;0;0;5;56;5;45;0;0;2;69;4;61;0;0;0;0;0;0;0;0;0;0;0;0;0;0;0;0;0;0;0;0;0;0;0;0;0;0;0;0;0;0;0;0;0;0;;;;;;;;;;;;;;;;;;;;
22.07.2024;14:44;A 27;1;13;33;1;6;0;100;0;0;0;3;2;4;6;65;6;67;0;0;1;16;0;100;2;90;4;63;1;3;9;22;1;73;2;0;0;0;0;0;4;65;5;63;1;58;2;83;1;95;1;11;0;0;0;0;0;0;0;0;0;0;0;0;0;0;0;0;0;0;0;0;0;0;0;0;0;0;0;0;0;0;0;0;;;;;;;;;;;;;;;;;;;;
22.07.2024;14:43;A 27;1;9;68;1;6;0;100;1;1;2;9;2;2;1;4;3;56;0;0;3;32;1;68;0;55;0;0;3;3;3;11;2;29;0;0;0;0;0;0;3;59;9;50;1;51;0;65;3;78;1;2;0;0;0;0;0;0;0;0;0;0;0;0;0;0;0;0;0;0;0;0;0;0;0;0;0;0;0;0;0;0;0;0;;;;;;;;;;;;;;;;;;;;
22.07.2024;14:42;A 27;1;3;5;2;13;0;100;24;16;0;0;5;3;5;3;6;22;0;17;1;4;1;66;3;45;0;13;2;5;4;73;0;84;0;67;1;16;1;12;3;5;1;19;1;22;2;35;1;25;1;4;0;0;0;0;0;0;0;0;0;0;0;0;0;0;0;0;0;0;0;0;0;0;0;0;0;0;1;1;0;0;0;0;;;;;;;;;;;;;;;;;;;;
22.07.2024;14:41;A 27;1;12;67;0;0;0;100;1;1;1;6;0;0;3;3;3;5;2;64;2;7;3;67;4;20;3;71;0;0;7;60;2;78;1;64;1;1;1;9;3;12;5;23;1;0;2;46;1;53;2;1;0;0;0;0;0;0;0;0;0;0;0;0;0;0;0;0;0;0;0;0;0;0;0;0;0;0;0;0;0;0;0;0;;;;;;;;;;;;;;;;;;;;
22.07.2024;14:40;A 27;1;7;73;0;0;0;100;0;0;0;4;0;0;1;2;3;44;1;50;0;0;2;81;18;59;2;49;1;2;8;37;3;61;1;16;0;0;0;15;5;46;2;94;1;6;1;98;0;100;1;33;0;0;0;0;0;0;0;0;0;0;0;0;0;0;0;0;0;0;0;0;0;0;0;0;0;0;1;1;0;0;0;0;;;;;;;;;;;;;;;;;;;;
22.07.2024;14:39;A 27;1;6;71;1;8;0;100;1;1;2;8;1;1;3;8;5;5;0;0;2;7;3;50;1;32;3;4;0;0;4;33;2;76;1;76;5;10;2;18;6;39;11;21;2;35;3;52;8;87;4;42;0;0;0;0;0;0;0;0;0;0;0;0;0;0;0;0;0;0;1;1;0;0;0;0;0;0;1;1;0;0;0;0;;;;;;;;;;;;;;;;;;;;
22.07.2024;14:38;A 27;1;4;6;2;17;0;100;2;3;1;6;3;3;3;18;4;22;1;18;3;9;1;31;1;30;0;22;1;3;7;32;2;64;4;27;2;2;2;11;4;32;5;9;3;24;3;44;4;51;1;32;0;0;0;0;0;0;0;0;0;0;0;0;0;0;0;0;0;0;0;0;0;0;0;0;0;0;0;0;0;0;0;0;;;;;;;;;;;;;;;;;;;;
22.07.2024;14:37;A 27;1;4;2;3;14;0;100;0;0;0;0;0;0;2;4;3;24;1;27;1;0;4;49;3;29;2;23;0;0;4;27;2;52;1;1;1;1;0;0;1;0;4;2;1;1;0;0;3;11;1;4;0;0;0;0;0;0;0;0;0;0;0;0;0;0;0;0;0;0;0;0;0;0;0;0;0;0;0;0;0;0;0;0;;;;;;;;;;;;;;;;;;;;
22.07.2024;14:36;A 27;1;8;54;0;0;0;100;2;23;1;6;0;0;4;13;4;26;1;63;0;0;1;50;2;36;1;4;2;5;2;16;3;27;2;11;0;0;0;8;2;70;4;80;1;5;1;81;2;93;51;68;0;0;0;0;0;0;0;0;0;0;0;0;0;0;0;0;0;0;0;0;0;0;0;0;0;0;0;0;0;0;0;0;;;;;;;;;;;;;;;;;;;;
22.07.2024;14:35;A 27;1;6;32;1;6;0;100;3;11;1;6;1;0;2;1;5;12;0;0;1;0;6;45;2;13;0;0;0;0;3;24;1;39;1;74;2;3;2;49;6;63;7;51;2;1;3;82;4;75;1;2;0;0;0;0;0;0;0;0;0;0;0;0;0;0;0;0;0;0;0;0;0;0;0;0;0;0;0;0;0;0;0;0;;;;;;;;;;;;;;;;;;;;
22.07.2024;14:34;A 27;1;4;8;1;6;0;100;3;9;1;6;1;1;2;27;1;31;2;33;1;4;0;35;0;33;1;30;1;2;3;46;0;87;2;75;2;4;1;66;5;57;7;44;4;45;2;71;5;84;0;49;0;0;0;0;0;0;0;0;0;0;1;1;0;0;0;0;0;0;0;0;0;0;0;0;0;0;0;0;0;0;0;0;;;;;;;;;;;;;;;;;;;;
22.07.2024;14:33;A 27;1;7;19;1;6;0;100;1;36;0;0;1;3;3;10;6;79;1;61;1;5;1;98;3;33;3;6;1;4;5;20;1;52;18;12;10;10;1;2;3;27;3;20;1;31;1;36;2;35;2;27;0;0;0;0;0;0;1;1;0;0;0;0;1;1;1;1;0;0;0;0;0;0;0;0;0;0;0;0;0;0;0;0;;;;;;;;;;;;;;;;;;;;
22.07.2024;14:32;A 27;1;5;6;5;33;0;100;1;45;1;6;1;1;3;5;6;50;2;39;1;4;1;92;2;34;4;42;1;1;2;6;2;22;3;2;0;0;0;0;4;3;4;27;3;36;2;11;2;46;3;43;0;0;0;0;0;0;0;0;0;0;0;0;0;0;0;0;0;0;0;0;0;0;0;0;0;0;0;0;0;0;0;0;;;;;;;;;;;;;;;;;;;;
22.07.2024;14:31;A 27;1;7;7;1;11;0;100;0;0;1;6;1;5;1;0;2;4;0;0;1;4;1;58;1;4;0;0;2;9;3;8;1;57;1;47;1;1;1;6;3;11;6;36;4;8;1;58;2;51;3;14;0;0;0;0;0;0;0;0;0;0;0;0;0;0;0;0;0;0;0;0;0;0;0;0;0;0;0;0;0;0;0;0;;;;;;;;;;;;;;;;;;;;
22.07.2024;14:30;A 27;1;4;9;2;8;0;100;1;1;0;0;2;4;3;14;4;12;1;3;0;11;3;50;2;31;1;16;1;1;9;47;1;72;5;3;0;0;0;0;6;7;7;14;1;12;6;44;6;40;2;2;0;0;0;0;0;0;0;0;0;0;0;0;0;0;0;0;0;0;0;0;0;0;0;0;0;0;0;0;0;0;0;0;;;;;;;;;;;;;;;;;;;;
22.07.2024;14:29;A 27;1;6;7;3;23;0;100;2;6;2;13;1;3;1;48;3;5;0;0;2;37;3;64;1;57;1;50;1;1;3;34;1;49;3;25;1;2;1;13;2;4;3;4;1;52;2;58;3;16;1;6;0;0;0;0;0;0;0;0;0;0;0;0;0;0;0;0;0;0;0;0;0;0;0;0;0;0;0;0;0;0;1;1;;;;;;;;;;;;;;;;;;;;
22.07.2024;14:28;A 27;1;4;4;1;6;0;100;2;7;0;0;1;57;3;4;4;5;1;0;1;6;5;29;4;23;0;0;0;0;3;4;2;26;2;27;1;2;1;9;3;66;4;6;2;68;0;88;2;87;3;10;0;0;0;0;0;0;0;0;0;0;0;0;0;0;0;0;0;0;0;0;0;0;0;0;0;0;0;0;0;0;0;0;;;;;;;;;;;;;;;;;;;;
22.07.2024;14:27;A 27;1;10;17;1;6;0;100;1;2;1;6;1;2;5;34;6;42;1;3;1;6;0;66;2;62;3;35;1;3;2;8;2;25;0;0;0;0;0;0;7;60;6;63;1;0;5;84;4;81;0;47;0;0;0;0;0;0;0;0;0;0;0;0;0;0;0;0;0;0;0;0;0;0;0;0;0;0;0;0;0;0;0;0;;;;;;;;;;;;;;;;;;;;
22.07.2024;14:26;A 27;1;5;77;0;0;0;100;0;0;0;0;0;0;0;0;0;13;1;16;0;0;1;18;1;12;1;12;0;0;6;14;1;44;3;1;0;0;0;0;4;49;3;18;2;20;2;66;2;59;1;57;0;0;0;0;0;0;0;0;0;0;0;0;0;0;0;0;0;0;0;0;0;0;0;0;0;0;0;0;0;0;1;1;;;;;;;;;;;;;;;;;;;;
22.07.2024;14:25;A 27;1;8;52;1;6;0;100;1;0;1;6;2;2;2;5;5;18;1;34;3;5;3;46;1;29;1;5;2;30;7;31;1;60;2;36;0;0;0;0;2;7;3;18;3;88;1;55;1;43;2;91;0;0;0;0;0;0;0;0;0;0;0;0;0;0;0;0;0;0;0;0;0;0;0;0;0;0;1;1;0;0;0;0;;;;;;;;;;;;;;;;;;;;
22.07.2024;14:24;A 27;1;7;17;4;26;0;100;1;0;0;0;0;0;1;2;4;26;0;0;1;3;2;61;1;11;1;5;0;0;4;8;2;27;2;41;3;2;1;5;6;17;3;7;2;10;2;45;2;33;1;62;0;0;0;0;0;0;0;0;0;0;0;0;0;0;0;0;0;0;0;0;0;0;0;0;0;0;0;0;0;0;0;0;;;;;;;;;;;;;;;;;;;;
22.07.2024;14:23;A 27;1;9;14;2;17;0;100;0;0;0;0;1;1;4;10;7;66;3;10;0;0;0;81;1;76;4;43;0;0;2;68;0;100;0;0;3;3;0;0;7;29;7;48;1;2;2;44;4;65;3;48;0;0;0;0;0;0;0;0;0;0;0;0;1;1;2;3;0;0;0;0;0;0;0;0;0;0;0;0;0;0;0;0;;;;;;;;;;;;;;;;;;;;
22.07.2024;14:22;A 27;1;3;3;2;9;0;100;1;1;1;6;1;14;3;14;7;34;1;1;1;4;2;83;1;33;1;4;1;1;6;41;2;77;2;36;2;4;2;38;5;21;4;21;0;17;1;34;0;30;0;0;0;0;0;0;0;0;0;0;0;0;0;0;1;1;1;1;0;0;0;0;0;0;0;0;0;0;0;0;0;0;0;0;;;;;;;;;;;;;;;;;;;;
22.07.2024;14:21;A 27;1;6;8;3;23;0;100;4;50;2;13;1;4;1;2;5;63;0;0;1;8;3;82;2;16;0;0;3;7;8;12;2;48;3;1;0;0;0;0;2;7;4;12;1;56;2;22;3;63;1;6;0;0;0;0;0;0;0;0;0;0;0;0;0;0;0;0;0;0;0;0;0;0;0;0;0;0;0;0;0;0;0;0;;;;;;;;;;;;;;;;;;;;
22.07.2024;14:20;A 27;1;1;0;1;6;0;100;0;0;0;0;0;0;4;29;4;81;2;6;0;0;2;98;2;63;2;8;2;4;5;9;3;22;2;3;0;0;0;0;5;23;8;18;1;79;1;52;3;43;2;6;0;0;0;0;0;0;0;0;0;0;0;0;0;0;0;0;0;0;0;0;0;0;0;0;0;0;0;0;0;0;0;0;;;;;;;;;;;;;;;;;;;;
22.07.2024;14:19;A 27;1;1;1;1;15;0;100;0;1;1;6;1;0;2;1;3;4;3;15;1;2;3;25;2;4;4;16;2;4;2;28;1;61;1;67;2;5;2;27;5;17;5;53;3;53;4;17;0;69;3;54;0;0;1;1;0;0;0;0;0;0;0;0;0;0;0;0;0;0;0;0;0;0;0;0;0;0;0;0;0;0;0;0;;;;;;;;;;;;;;;;;;;;
22.07.2024;14:18;A 27;1;4;4;3;15;0;100;2;1;1;6;1;1;1;1;4;7;0;0;1;4;2;33;1;6;0;0;0;0;6;26;2;59;3;6;2;3;1;1;5;49;7;61;2;39;1;35;3;81;2;21;0;0;0;0;0;0;0;0;0;0;0;0;0;0;0;0;0;0;0;0;0;0;0;0;0;0;0;0;0;0;0;0;;;;;;;;;;;;;;;;;;;;
22.07.2024;14:17;A 27;1;8;12;2;13;0;100;4;6;1;6;0;0;1;1;2;6;1;4;1;1;1;66;2;12;1;5;1;2;1;1;1;10;0;0;0;0;0;0;4;48;5;21;1;67;3;61;2;71;2;56;0;0;0;0;0;0;0;0;0;0;0;0;0;0;0;0;0;0;0;0;0;0;0;0;0;0;1;1;0;0;0;0;;;;;;;;;;;;;;;;;;;;
22.07.2024;14:16;A 27;1;8;50;1;8;0;100;2;2;3;20;0;0;1;2;5;22;0;0;0;0;1;50;2;35;0;0;2;4;1;2;1;15;0;0;0;0;0;0;2;2;4;21;2;1;1;5;2;41;0;94;0;0;0;0;0;0;0;0;0;0;0;0;0;0;0;0;0;0;0;0;0;0;0;0;0;0;0;0;0;0;0;0;;;;;;;;;;;;;;;;;;;;
22.07.2024;14:15;A 27;1;9;65;0;5;0;100;4;7;1;6;0;47;1;56;4;22;0;0;0;0;2;44;0;61;0;58;2;6;2;3;1;29;0;100;0;0;0;0;2;9;4;38;1;0;0;60;3;56;1;97;0;0;0;0;0;0;0;0;0;0;0;0;0;0;0;0;0;0;0;0;0;0;0;0;0;0;0;0;0;0;0;0;;;;;;;;;;;;;;;;;;;;
22.07.2024;14:14;A 27;1;4;4;3;14;0;100;0;0;0;0;1;17;3;40;3;12;0;0;1;5;2;32;2;60;2;43;2;5;8;42;1;88;1;33;1;1;1;8;6;19;4;14;0;5;2;37;1;24;1;4;0;0;0;0;0;0;0;0;0;0;0;0;0;0;0;0;0;0;0;0;0;0;0;0;0;0;0;0;0;0;0;0;;;;;;;;;;;;;;;;;;;;
22.07.2024;14:13;A 27;1;2;5;1;6;0;100;1;1;1;7;0;0;2;16;3;73;0;0;0;0;1;85;1;27;0;0;0;0;1;29;1;41;1;5;1;2;1;9;4;18;2;6;2;1;2;36;1;20;2;13;0;0;0;0;0;0;0;0;0;0;0;0;0;0;0;0;0;0;0;0;0;0;0;0;0;0;0;0;0;0;1;1;;;;;;;;;;;;;;;;;;;;
22.07.2024;14:12;A 27;1;9;10;4;27;0;100;2;5;1;12;2;64;1;0;5;54;1;2;2;74;1;87;1;5;2;1;1;5;5;40;2;70;1;1;0;0;0;0;2;1;6;12;1;75;2;6;3;29;0;0;0;0;0;0;0;0;0;0;0;0;0;0;0;0;0;0;0;0;0;0;0;0;0;0;0;0;0;0;0;0;0;0;;;;;;;;;;;;;;;;;;;;
22.07.2024;14:11;A 27;1;3;5;1;6;0;100;2;4;1;6;3;53;1;26;1;3;1;0;0;57;2;26;1;38;0;0;0;0;3;7;3;42;1;1;0;0;0;0;6;13;4;28;2;30;2;38;4;43;4;28;0;0;0;0;0;0;0;0;0;0;0;0;0;0;0;0;0;0;0;0;0;0;0;0;0;0;0;0;0;0;0;0;;;;;;;;;;;;;;;;;;;;
22.07.2024;14:10;A 27;1;4;12;1;6;0;100;0;0;0;0;1;38;5;26;6;33;1;27;2;6;2;59;1;52;0;26;3;17;11;54;1;97;4;69;5;3;1;15;3;10;3;7;1;22;1;24;1;33;0;23;0;0;0;0;0;0;0;0;0;0;0;0;0;0;0;0;0;0;0;0;0;0;0;0;0;0;0;0;0;0;0;0;;;;;;;;;;;;;;;;;;;;
22.07.2024;14:09;A 27;1;5;16;1;6;0;100;4;21;2;16;0;0;2;32;4;65;1;23;0;0;1;83;2;52;1;33;0;0;5;4;2;26;3;49;3;3;1;6;1;1;3;5;1;75;1;5;3;86;2;69;0;0;0;0;0;0;0;0;0;0;0;0;0;0;0;0;0;0;0;0;0;0;0;0;0;0;0;0;0;0;0;0;;;;;;;;;;;;;;;;;;;;
22.07.2024;14:08;A 27;1;7;45;1;6;0;100;0;0;0;0;0;0;1;2;1;2;1;58;0;0;1;14;1;11;1;8;0;0;3;11;1;27;1;4;0;0;0;0;6;73;6;15;3;54;1;90;6;46;3;59;0;0;0;0;0;0;0;0;0;0;0;0;0;0;0;0;0;0;0;0;0;0;0;0;0;0;0;0;0;0;1;1;;;;;;;;;;;;;;;;;;;;
22.07.2024;14:07;A 27;1;8;14;1;6;0;100;0;0;0;0;1;22;2;52;3;8;0;0;0;54;0;63;3;61;0;0;3;7;3;35;3;52;1;12;1;1;1;7;4;52;3;55;2;29;3;70;1;63;2;53;0;0;0;0;0;0;0;0;0;0;0;0;0;0;0;0;0;0;0;0;0;0;0;0;0;0;0;0;0;0;0;0;;;;;;;;;;;;;;;;;;;;
22.07.2024;14:06;A 27;1;2;2;1;12;0;100;0;0;0;0;2;42;4;41;5;11;0;0;2;40;3;73;2;61;0;0;2;2;3;5;1;20;1;1;0;0;0;0;3;6;5;12;3;5;2;23;1;49;3;5;0;0;0;0;0;0;0;0;1;4;4;6;0;0;0;0;0;0;0;0;0;0;0;0;0;0;0;0;0;0;1;1;;;;;;;;;;;;;;;;;;;;
22.07.2024;14:05;A 27;1;6;5;4;30;0;100;0;1;1;6;2;3;0;0;1;1;0;0;0;4;2;9;3;3;0;0;1;1;4;9;2;32;4;4;3;3;0;0;2;4;2;6;0;0;1;8;3;45;1;6;0;0;0;0;0;0;0;0;0;0;0;0;0;0;0;0;0;0;0;0;0;0;0;0;0;0;0;0;0;0;0;0;;;;;;;;;;;;;;;;;;;;
22.07.2024;14:04;A 27;1;9;14;1;6;0;100;1;0;0;0;2;12;1;2;13;16;0;0;3;10;0;85;1;10;2;2;1;2;1;1;1;12;0;0;0;0;0;0;4;9;1;7;2;30;3;28;3;26;2;37;0;0;0;0;0;0;0;0;0;0;0;0;0;0;0;0;0;0;0;0;0;0;0;0;0;0;0;0;0;0;1;1;;;;;;;;;;;;;;;;;;;;
22.07.2024;14:03;A 27;1;6;7;3;28;0;100;1;1;1;6;1;5;2;1;4;5;0;0;1;1;3;30;2;13;1;1;1;3;2;9;1;23;2;20;2;3;2;15;6;34;5;38;0;0;2;52;2;53;1;2;0;0;0;0;0;0;0;0;0;0;0;0;0;0;0;0;0;0;0;0;0;0;0;0;0;0;0;0;0;0;0;0;;;;;;;;;;;;;;;;;;;;
22.07.2024;14:02;A 27;1;4;38;2;13;0;100;3;7;1;6;0;0;1;0;2;5;2;1;1;4;3;35;1;4;0;0;6;13;5;9;3;33;1;0;0;0;0;0;1;21;4;18;1;18;0;26;3;39;3;19;0;0;0;0;0;0;0;0;0;0;0;0;0;0;0;0;0;0;0;0;0;0;0;0;0;0;0;0;0;0;0;0;;;;;;;;;;;;;;;;;;;;
22.07.2024;14:01;A 27;1;4;7;1;6;0;100;1;2;1;6;1;1;1;0;5;11;1;0;1;2;4;51;2;5;1;3;1;8;7;36;2;72;1;1;0;0;0;0;6;28;5;12;1;1;5;69;2;80;3;47;0;0;0;0;0;0;0;0;0;0;0;0;0;0;0;0;0;0;0;0;0;0;0;0;0;0;0;0;0;0;1;1;;;;;;;;;;;;;;;;;;;;
22.07.2024;14:00;A 27;1;8;48;2;13;0;100;2;7;1;6;1;1;1;1;2;2;0;0;1;3;2;15;1;11;0;0;0;0;5;19;1;41;3;1;0;0;0;0;2;1;1;0;2;2;1;3;1;1;2;6;0;0;0;0;0;0;0;0;0;0;0;0;0;0;0;0;0;0;0;0;0;0;0;0;0;0;0;0;0;0;0;0;;;;;;;;;;;;;;;;;;;;
22.07.2024;13:59;A 27;1;7;14;1;6;0;100;3;6;2;13;1;4;2;4;4;65;1;0;0;0;0;77;2;20;3;30;4;5;5;62;1;81;2;5;3;2;1;1;8;16;5;70;3;68;3;78;2;85;0;90;0;0;0;0;0;0;0;0;0;0;0;0;0;0;0;0;0;0;0;0;0;0;0;0;0;0;0;0;0;0;0;0;;;;;;;;;;;;;;;;;;;;
22.07.2024;13:58;A 27;1;2;4;1;7;0;100;1;77;1;6;1;2;3;21;9;71;2;1;2;12;0;100;3;40;4;6;0;0;0;0;1;0;0;0;0;0;0;0;7;24;5;38;2;92;2;43;2;65;3;59;0;0;0;0;0;0;0;0;0;0;0;0;0;0;0;0;0;0;0;0;0;0;0;0;0;0;0;0;0;0;0;0;;;;;;;;;;;;;;;;;;;;
22.07.2024;13:57;A 27;1;6;5;4;29;0;100;1;15;0;0;1;1;3;11;4;22;0;0;1;1;3;43;2;27;1;4;1;2;3;43;0;52;4;2;0;0;0;0;3;9;5;40;1;67;2;58;2;53;2;59;0;0;0;0;0;0;0;0;0;0;0;0;0;0;0;0;0;0;0;0;0;0;0;0;0;0;0;0;0;0;0;0;;;;;;;;;;;;;;;;;;;;
22.07.2024;13:56;A 27;1;7;31;2;9;0;100;1;24;2;13;0;0;1;1;1;1;0;0;0;0;0;8;1;9;1;0;1;2;8;34;2;56;1;2;0;0;0;0;4;57;2;5;1;71;2;84;1;47;1;5;0;0;0;0;0;0;0;0;0;0;0;0;0;0;0;0;0;0;0;0;0;0;0;0;0;0;0;0;0;0;0;0;;;;;;;;;;;;;;;;;;;;
22.07.2024;13:55;A 27;1;3;3;1;8;0;100;6;6;1;6;1;1;2;2;3;2;0;48;1;4;4;18;2;16;2;1;3;6;1;2;5;19;0;99;1;1;1;8;5;40;9;39;2;2;0;70;4;67;1;4;0;0;0;0;0;0;0;0;0;0;0;0;0;0;0;0;0;0;0;0;0;0;0;0;0;0;0;0;0;0;0;0;;;;;;;;;;;;;;;;;;;;
22.07.2024;13:54;A 27;1;4;58;2;11;0;100;1;1;1;6;3;6;2;3;2;6;2;54;0;10;1;18;1;11;3;12;0;0;5;13;1;34;2;43;1;1;1;4;3;3;3;2;2;1;4;58;3;7;0;0;0;0;0;0;0;0;0;0;0;0;0;0;0;0;0;0;0;0;0;0;0;0;0;0;0;0;0;0;0;0;0;0;;;;;;;;;;;;;;;;;;;;
22.07.2024;13:53;A 27;1;11;17;3;20;0;100;1;0;1;6;1;73;1;1;3;26;1;77;2;51;7;52;2;17;4;12;1;2;5;43;1;57;1;0;0;0;0;0;1;1;1;1;0;0;0;0;0;4;1;0;0;0;0;0;0;0;0;0;0;0;0;0;0;0;0;0;0;0;0;0;0;0;0;0;0;0;0;0;0;0;0;0;;;;;;;;;;;;;;;;;;;;
22.07.2024;13:52;A 27;1;7;42;2;13;0;100;0;0;1;6;1;45;5;24;3;8;1;0;1;5;0;94;3;52;2;21;1;2;5;44;1;77;1;1;0;0;0;0;5;5;5;12;2;33;2;13;3;38;2;18;0;0;0;0;0;0;0;0;0;0;0;0;0;0;0;0;0;0;0;0;0;0;0;0;0;0;0;0;0;0;0;0;;;;;;;;;;;;;;;;;;;;
22.07.2024;13:51;A 27;1;7;11;3;26;0;100;3;9;1;6;3;58;1;0;3;6;0;0;4;66;2;23;2;3;0;0;1;1;4;16;2;48;1;86;1;1;3;8;1;1;5;6;4;28;1;3;3;16;3;36;0;0;0;0;0;0;0;0;0;0;0;0;0;0;0;0;0;0;0;0;0;0;0;0;0;0;0;0;0;0;0;0;;;;;;;;;;;;;;;;;;;;
22.07.2024;13:50;A 27;1;4;57;1;6;0;100;0;0;0;0;1;34;0;20;4;26;2;3;2;7;3;48;0;23;1;26;2;32;6;37;2;56;1;2;0;0;0;0;3;2;4;4;2;45;1;25;4;36;1;32;0;0;0;0;0;0;1;1;0;0;0;0;0;0;0;0;0;0;0;0;0;0;0;0;0;0;0;0;0;0;0;0;;;;;;;;;;;;;;;;;;;;
22.07.2024;13:49;A 27;1;8;62;0;0;0;100;2;4;2;13;2;49;2;12;3;85;1;0;2;10;1;97;2;24;1;20;1;2;7;28;1;49;1;45;6;4;1;6;2;5;2;5;1;80;2;80;3;86;3;72;0;0;0;0;0;0;0;0;0;0;0;0;0;0;0;0;0;0;0;0;0;0;0;0;0;0;0;0;0;0;0;0;;;;;;;;;;;;;;;;;;;;
22.07.2024;13:48;A 27;1;4;34;1;6;0;100;1;0;1;6;0;0;2;19;5;35;0;0;0;0;2;61;4;40;4;18;1;2;3;5;3;25;2;8;1;1;1;5;3;55;2;55;2;48;2;74;1;64;1;3;0;0;0;0;0;0;0;0;0;0;0;0;0;0;0;0;0;0;0;0;0;0;0;0;0;0;0;0;0;0;2;3;;;;;;;;;;;;;;;;;;;;
22.07.2024;13:47;A 27;1;10;25;3;20;0;100;3;2;2;13;0;46;4;10;1;3;1;50;0;0;1;11;0;57;1;25;0;0;0;0;0;0;0;0;0;0;0;0;4;31;5;39;2;9;2;70;2;54;4;17;0;0;0;0;0;0;0;0;0;0;0;0;0;0;0;0;0;0;0;0;0;0;0;0;0;0;0;0;0;0;0;0;;;;;;;;;;;;;;;;;;;;
22.07.2024;13:46;A 27;1;3;3;0;0;0;100;1;1;1;6;2;4;1;1;3;14;1;4;2;10;4;39;8;25;2;6;0;0;7;9;3;36;6;29;4;7;3;33;3;7;3;4;0;0;4;23;2;28;1;3;0;0;0;0;0;0;0;0;0;0;0;0;0;0;0;0;0;0;0;0;0;0;0;0;0;0;0;0;0;0;0;0;;;;;;;;;;;;;;;;;;;;
22.07.2024;13:45;A 27;1;10;17;1;6;0;100;1;1;1;11;0;0;0;0;2;5;1;1;0;0;1;62;0;0;1;3;1;0;3;6;3;53;1;0;0;0;0;0;1;2;1;2;0;0;1;7;2;9;0;0;0;0;0;0;0;0;0;0;0;0;0;0;0;0;0;0;0;0;0;0;1;1;0;0;0;0;0;0;0;0;0;0;;;;;;;;;;;;;;;;;;;;
22.07.2024;13:44;A 27;1;7;19;2;13;0;100;2;2;2;9;0;75;5;45;5;32;1;4;0;0;2;74;4;64;1;53;2;3;3;3;3;17;0;0;0;0;0;0;6;10;3;3;2;54;3;40;6;10;1;4;0;0;0;0;0;0;0;0;0;0;0;0;0;0;0;0;0;0;0;0;0;0;0;0;0;0;1;1;0;0;1;1;;;;;;;;;;;;;;;;;;;;
22.07.2024;13:43;A 27;1;6;11;2;13;0;100;1;1;1;5;1;55;3;52;5;60;3;13;1;3;2;76;1;62;3;34;0;0;2;4;3;22;1;97;0;0;0;0;3;53;6;22;2;61;0;53;1;37;1;49;0;0;0;0;0;0;0;0;0;0;0;0;0;0;0;0;0;0;0;0;0;0;0;0;0;0;0;0;0;0;1;1;;;;;;;;;;;;;;;;;;;;
22.07.2024;13:42;A 27;1;2;4;2;13;0;100;2;6;1;6;2;33;3;20;6;14;2;5;1;8;2;48;3;53;2;19;0;1;5;12;1;37;1;53;2;4;1;16;5;34;7;8;4;36;4;61;16;35;5;16;0;0;0;0;0;0;0;0;0;0;0;0;0;0;0;0;0;0;0;0;0;0;0;0;0;0;0;0;0;0;0;0;;;;;;;;;;;;;;;;;;;;
22.07.2024;13:41;A 27;1;5;46;1;6;0;100;0;0;0;0;0;0;4;35;3;7;2;1;1;12;2;84;2;59;2;38;2;3;5;12;3;33;2;37;7;17;0;0;2;4;3;5;1;1;2;14;1;15;1;3;0;0;0;0;0;0;0;0;0;0;0;0;0;0;0;0;0;0;0;0;0;0;0;0;0;0;1;1;0;0;0;0;;;;;;;;;;;;;;;;;;;;
22.07.2024;13:40;A 27;1;5;44;1;6;0;100;0;0;0;5;0;0;0;0;2;24;0;0;0;0;2;72;0;0;0;0;1;16;5;8;3;26;2;32;1;22;1;30;4;8;2;91;1;68;0;100;0;100;1;5;0;0;0;0;0;0;0;0;0;0;0;0;0;0;0;0;0;0;0;0;0;0;0;0;0;0;0;0;0;0;0;0;;;;;;;;;;;;;;;;;;;;
22.07.2024;13:39;A 27;1;8;13;1;6;0;100;1;1;1;0;1;0;2;2;3;4;2;44;0;0;3;22;3;52;1;3;0;0;3;50;1;60;0;100;1;17;2;21;2;4;3;7;0;0;1;53;2;46;0;0;0;0;0;0;0;0;0;0;0;0;0;0;0;0;0;0;0;0;0;0;0;0;0;0;0;0;0;0;0;0;0;0;;;;;;;;;;;;;;;;;;;;
22.07.2024;13:38;A 27;1;1;2;2;13;0;100;0;0;0;0;0;0;4;20;7;12;1;1;1;3;4;49;17;61;3;5;2;7;2;3;3;37;3;89;2;84;0;93;7;47;3;4;2;22;2;69;4;12;1;22;0;0;0;0;0;0;0;0;0;0;0;0;0;0;0;0;0;0;0;0;0;0;0;0;0;0;0;0;0;0;0;0;;;;;;;;;;;;;;;;;;;;
22.07.2024;13:37;A 27;1;7;33;4;26;0;100;0;0;0;0;0;0;2;68;3;17;0;0;0;0;1;89;1;82;0;0;1;2;8;8;5;32;1;80;3;73;1;87;3;44;1;2;1;48;3;58;1;6;2;31;0;0;0;0;0;0;0;0;0;0;0;0;0;0;0;0;0;0;0;0;0;0;1;1;0;0;0;0;0;0;0;0;;;;;;;;;;;;;;;;;;;;
22.07.2024;13:36;A 27;1;8;59;0;0;0;100;0;0;1;6;0;0;4;36;5;76;0;0;0;0;1;98;2;68;1;33;1;1;3;5;1;16;1;0;0;0;1;0;3;22;0;0;1;0;2;57;0;0;0;0;0;0;0;0;0;0;0;0;0;0;0;0;0;0;0;0;0;0;0;0;2;3;0;0;0;0;0;0;0;0;0;0;;;;;;;;;;;;;;;;;;;;
22.07.2024;13:35;A 27;1;11;36;0;0;0;100;0;0;0;0;1;1;1;1;3;11;0;0;1;5;2;38;2;17;0;0;2;4;3;8;4;28;1;4;1;1;1;7;2;2;2;3;2;59;1;4;2;14;0;55;0;0;0;0;0;0;0;0;0;0;0;0;0;0;0;0;0;0;0;0;0;0;0;0;0;0;0;0;0;0;0;0;;;;;;;;;;;;;;;;;;;;
22.07.2024;13:34;A 27;1;3;5;0;0;0;100;0;0;0;0;1;14;3;5;8;29;1;16;0;0;1;64;2;31;1;5;0;0;5;33;1;55;3;31;1;1;1;8;2;2;2;3;3;58;2;9;2;13;4;23;0;0;0;0;0;0;0;0;0;0;0;0;0;0;0;0;0;0;0;0;0;0;0;0;0;0;0;0;0;0;0;0;;;;;;;;;;;;;;;;;;;;
22.07.2024;13:33;A 27;1;8;14;0;0;0;100;24;24;1;6;1;71;2;4;3;14;1;1;2;7;1;84;2;23;1;5;0;0;4;13;1;29;3;43;2;3;0;51;1;2;0;0;1;7;0;8;1;0;2;6;0;0;0;0;0;0;0;0;0;0;0;0;0;0;0;0;0;0;0;0;0;0;0;0;0;0;0;0;0;0;0;0;;;;;;;;;;;;;;;;;;;;
22.07.2024;13:32;A 27;1;6;9;1;6;0;100;32;30;2;13;0;0;2;1;2;2;0;0;0;0;63;53;2;77;3;5;1;6;3;3;1;14;2;5;2;4;1;12;6;76;3;6;1;4;3;90;2;7;0;65;0;0;0;0;0;0;0;0;0;0;0;0;0;0;0;0;0;0;0;0;0;0;0;0;0;0;0;0;0;0;0;0;;;;;;;;;;;;;;;;;;;;
22.07.2024;13:31;A 27;1;2;2;2;13;0;100;0;0;1;6;0;0;2;9;6;6;1;6;0;0;9;39;5;38;0;41;1;2;4;15;2;88;1;69;1;4;1;8;5;53;6;44;2;6;1;72;3;57;2;49;0;0;0;0;0;0;0;0;0;0;0;0;0;0;0;0;0;0;0;0;0;0;0;0;0;0;0;0;0;0;0;0;;;;;;;;;;;;;;;;;;;;
22.07.2024;13:30;A 27;1;4;11;1;10;0;100;2;5;1;6;1;3;3;7;3;4;0;14;0;0;2;31;2;39;1;29;3;9;4;15;1;36;0;0;0;0;0;0;8;25;3;28;1;0;4;62;1;36;1;48;0;0;0;0;0;0;0;0;0;0;0;0;0;0;0;0;0;0;0;0;0;0;0;0;0;0;0;0;0;0;1;1;;;;;;;;;;;;;;;;;;;;
22.07.2024;13:29;A 27;1;8;39;3;25;0;100;1;1;1;6;0;0;2;5;2;9;1;67;0;0;2;54;1;55;2;8;1;2;5;40;0;54;4;30;0;0;0;0;2;6;3;38;1;0;1;65;2;52;0;0;0;0;0;0;0;0;0;0;0;0;0;0;0;0;0;0;0;0;0;0;0;0;0;0;0;0;0;0;0;0;0;0;;;;;;;;;;;;;;;;;;;;
22.07.2024;13:28;A 27;1;6;10;3;20;0;100;2;9;1;12;0;0;4;37;3;56;1;0;0;0;1;76;2;60;0;0;1;2;7;19;4;49;6;5;1;1;1;6;2;46;3;9;2;66;2;63;1;68;2;53;0;0;0;0;0;0;0;0;0;0;0;0;0;0;0;0;0;0;0;0;0;0;0;0;0;0;0;0;0;0;0;0;;;;;;;;;;;;;;;;;;;;
22.07.2024;13:27;A 27;1;5;5;2;20;0;100;3;4;2;7;1;1;2;3;5;23;2;4;1;4;3;84;3;34;3;12;2;2;4;7;2;31;1;1;0;0;0;0;4;30;1;2;1;22;4;49;1;7;1;6;0;0;0;0;0;0;0;0;0;0;0;0;2;3;0;0;0;0;0;0;0;0;0;0;0;0;0;0;0;0;0;0;;;;;;;;;;;;;;;;;;;;
22.07.2024;13:26;A 27;1;3;5;1;11;0;100;0;0;1;8;1;1;2;2;5;7;0;0;1;5;5;57;4;15;1;2;3;28;6;35;3;67;5;5;0;0;0;0;2;5;1;2;0;0;0;20;1;10;0;0;0;0;0;0;0;0;0;0;0;0;0;0;0;0;0;0;0;0;0;0;0;0;0;0;0;0;0;0;0;0;0;0;;;;;;;;;;;;;;;;;;;;
22.07.2024;13:25;A 27;1;8;34;3;14;0;100;1;1;1;6;4;9;0;0;4;6;0;5;1;10;2;25;1;7;0;2;0;0;6;48;0;66;4;32;0;0;0;28;3;7;2;4;0;0;1;25;1;11;0;0;0;0;0;0;0;0;0;0;0;0;0;0;0;0;0;0;0;0;0;0;1;1;0;0;0;0;0;0;0;0;0;0;;;;;;;;;;;;;;;;;;;;
22.07.2024;13:24;A 27;1;4;16;3;20;0;100;1;1;1;6;3;9;1;65;2;5;2;63;1;92;6;69;1;77;1;77;1;3;5;24;4;50;6;62;6;7;2;17;3;34;4;6;2;34;0;93;0;100;1;84;0;0;0;0;0;0;0;0;0;0;0;0;0;0;0;0;0;0;0;0;1;1;0;0;0;0;0;0;0;0;0;0;;;;;;;;;;;;;;;;;;;;
22.07.2024;13:23;A 27;1;6;6;3;20;0;100;0;0;1;6;0;0;3;6;2;5;1;4;1;3;2;52;2;38;2;7;0;0;4;5;3;25;2;1;0;0;0;0;3;6;7;10;0;0;2;20;5;45;2;22;0;0;0;0;0;0;0;0;0;0;0;0;0;0;0;0;0;0;0;0;0;0;0;0;0;0;0;0;0;0;0;0;;;;;;;;;;;;;;;;;;;;
22.07.2024;13:22;A 27;1;2;2;1;6;0;100;1;1;0;0;0;6;2;2;4;12;0;0;0;0;1;23;0;10;0;0;0;0;5;13;1;48;1;0;0;0;0;0;3;4;0;15;1;0;4;26;0;18;0;0;0;0;0;0;0;0;0;0;0;0;0;0;0;0;0;0;0;0;0;0;0;0;0;0;0;0;1;1;0;0;1;1;;;;;;;;;;;;;;;;;;;;
22.07.2024;13:21;A 27;1;6;27;1;6;0;100;2;5;1;6;1;34;1;1;1;1;2;11;1;6;2;9;3;19;2;25;1;2;2;25;1;51;0;32;0;0;0;0;2;6;4;49;1;1;2;66;2;76;2;3;0;0;0;0;0;0;0;0;0;0;0;0;0;0;0;0;0;0;0;0;0;0;0;0;0;0;0;0;0;0;0;0;;;;;;;;;;;;;;;;;;;;
22.07.2024;13:20;A 27;1;4;2;2;13;0;100;0;0;0;0;1;28;4;37;3;8;3;77;1;7;0;92;1;95;1;91;3;6;11;16;2;53;8;11;1;1;1;7;4;49;6;64;2;7;2;90;1;96;2;50;0;0;0;0;0;0;0;0;0;0;0;0;0;0;0;0;0;0;0;0;0;0;0;0;0;0;0;0;0;0;0;0;;;;;;;;;;;;;;;;;;;;
22.07.2024;13:19;A 27;1;6;8;2;16;0;100;0;23;1;8;0;0;0;0;3;9;2;40;0;0;2;23;1;14;4;30;2;5;3;23;5;44;5;2;0;0;0;0;3;38;5;44;2;4;0;62;2;64;7;44;0;0;0;0;0;0;0;0;0;0;0;0;0;0;0;0;0;0;0;0;0;0;0;0;0;0;0;0;0;0;0;0;;;;;;;;;;;;;;;;;;;;
22.07.2024;13:18;A 27;1;11;20;1;3;0;100;3;68;0;0;1;9;6;6;4;6;2;5;1;6;2;23;8;32;2;6;1;2;4;14;4;48;9;8;5;10;0;0;1;1;0;0;1;0;2;13;1;1;1;0;0;0;0;0;0;0;0;0;0;0;0;0;0;0;0;0;0;0;0;0;0;0;0;0;0;0;0;0;0;0;0;0;;;;;;;;;;;;;;;;;;;;
22.07.2024;13:17;A 27;1;8;9;3;20;0;100;2;2;1;10;0;0;0;0;3;6;0;0;0;0;3;41;1;2;0;0;0;2;3;6;3;33;0;0;0;0;0;0;2;5;1;1;1;1;2;24;1;5;1;4;0;0;0;0;0;0;0;0;0;0;0;0;0;0;0;0;0;0;0;0;0;0;0;0;0;0;0;0;0;0;0;0;;;;;;;;;;;;;;;;;;;;
22.07.2024;13:16;A 27;1;6;37;1;6;0;100;1;2;2;14;1;23;3;35;5;75;0;0;2;9;0;100;2;69;1;48;2;1;0;5;1;11;0;1;0;0;0;0;5;25;4;29;1;28;2;39;4;55;1;7;0;0;0;0;0;0;0;0;0;0;0;0;0;0;0;0;0;0;0;0;0;0;0;0;0;0;0;0;0;0;0;0;;;;;;;;;;;;;;;;;;;;
22.07.2024;13:15;A 27;1;5;14;2;13;0;100;2;3;1;1;0;0;1;0;0;0;2;3;0;0;1;1;1;6;1;4;1;1;3;13;1;23;1;24;1;1;1;6;1;54;7;63;2;25;0;62;0;80;4;38;0;0;0;0;0;0;0;0;0;0;0;0;1;1;1;1;0;0;0;0;0;0;0;0;0;0;0;0;0;0;0;0;;;;;;;;;;;;;;;;;;;;
22.07.2024;13:14;A 27;1;5;50;0;0;0;100;1;1;1;6;2;16;1;16;3;24;1;12;0;16;0;31;1;23;2;16;1;4;4;28;1;50;0;66;0;0;0;0;6;54;9;33;1;16;4;73;7;72;5;8;0;0;0;0;0;0;0;0;0;0;0;0;2;3;0;0;0;0;0;0;0;0;0;0;0;0;0;0;0;0;0;0;;;;;;;;;;;;;;;;;;;;
22.07.2024;13:13;A 27;1;6;19;2;13;0;100;1;6;0;0;1;55;2;35;3;35;1;5;2;14;2;66;2;54;1;48;0;0;3;18;2;37;2;69;2;2;2;22;2;74;2;2;2;65;1;86;1;82;2;8;0;0;0;0;0;0;0;0;0;0;0;0;0;0;0;0;0;0;0;0;0;0;0;0;0;0;0;0;0;0;0;0;;;;;;;;;;;;;;;;;;;;
22.07.2024;13:12;A 27;1;7;44;1;6;0;100;1;0;0;0;2;54;2;6;3;36;1;3;2;49;2;54;1;56;1;6;1;2;4;6;2;21;5;87;3;7;0;18;3;65;1;0;4;72;2;77;0;0;1;78;0;0;0;0;0;0;0;0;0;0;0;0;0;0;0;0;0;0;0;0;0;0;0;0;0;0;0;0;0;0;0;0;;;;;;;;;;;;;;;;;;;;
22.07.2024;13:11;A 27;1;8;18;1;6;0;100;1;3;1;6;2;52;2;38;3;9;1;1;1;24;2;31;0;57;2;3;2;5;2;3;3;27;1;20;3;19;1;31;5;54;4;8;1;35;3;72;5;50;2;10;0;0;0;0;0;0;0;0;0;0;0;0;0;0;0;0;0;0;0;0;0;0;0;0;0;0;0;0;0;0;0;0;;;;;;;;;;;;;;;;;;;;
22.07.2024;13:10;A 27;1;3;6;2;19;0;100;1;1;2;13;3;24;4;5;6;30;2;1;3;12;3;55;5;24;1;3;1;2;4;8;1;61;3;85;3;29;2;51;9;40;8;35;1;0;4;66;2;62;4;23;0;0;0;0;0;0;0;0;0;0;0;0;0;0;0;0;0;0;0;0;0;0;0;0;0;0;0;0;0;0;0;0;;;;;;;;;;;;;;;;;;;;
22.07.2024;13:09;A 27;1;4;7;2;14;0;100;3;10;0;0;0;0;1;1;4;20;0;0;0;0;2;42;1;10;0;0;2;5;5;21;3;44;4;15;8;5;1;7;4;29;5;32;0;0;1;30;4;65;3;49;0;0;0;0;0;0;0;0;0;0;0;0;0;0;0;0;0;0;0;0;1;1;1;1;0;0;0;0;0;0;0;0;;;;;;;;;;;;;;;;;;;;
22.07.2024;13:08;A 27;1;2;30;1;6;0;100;0;0;1;6;0;0;0;0;3;4;1;1;0;0;3;27;0;0;1;3;0;0;4;10;3;26;2;3;1;0;0;2;3;2;3;34;1;26;2;8;2;48;2;6;0;0;0;0;0;0;0;0;0;0;0;0;0;0;0;0;0;0;0;0;0;0;0;0;0;0;0;0;0;0;0;0;;;;;;;;;;;;;;;;;;;;
22.07.2024;13:07;A 27;1;9;21;4;26;0;100;1;1;1;6;0;4;1;1;3;4;1;61;2;3;2;18;1;5;0;56;2;17;6;24;4;50;3;86;3;6;3;59;6;38;7;27;1;4;1;57;4;58;0;0;0;0;0;0;0;0;0;0;0;0;0;0;1;1;0;0;0;0;0;0;0;0;0;0;0;0;0;0;0;0;1;1;;;;;;;;;;;;;;;;;;;;
22.07.2024;13:06;A 27;1;4;45;1;6;0;100;2;4;0;0;1;16;5;8;6;24;3;42;1;7;4;53;3;42;4;65;4;8;10;19;3;85;7;7;1;0;0;0;4;7;5;5;3;2;1;25;4;16;2;10;0;0;0;0;0;0;0;0;0;0;0;0;0;0;0;0;0;0;0;0;0;0;0;0;0;0;0;0;0;0;0;0;;;;;;;;;;;;;;;;;;;;
22.07.2024;13:05;A 27;1;4;11;2;20;0;100;0;0;0;0;2;7;3;5;3;60;1;2;1;15;3;78;2;46;1;5;1;5;4;12;2;45;2;2;0;0;0;0;2;3;2;1;0;0;2;18;1;6;0;0;0;0;0;0;0;0;0;0;0;0;0;0;0;0;0;0;0;0;0;0;0;0;0;0;0;0;0;0;0;0;0;0;;;;;;;;;;;;;;;;;;;;
22.07.2024;13:04;A 27;1;7;10;3;20;0;100;1;1;1;6;0;0;2;5;4;57;0;0;0;0;1;76;2;53;1;90;0;0;3;5;3;20;1;4;3;3;0;0;1;54;1;86;1;1;0;89;0;91;1;3;0;0;0;0;0;0;0;0;0;0;0;0;0;0;0;0;0;0;0;0;0;0;0;0;0;0;0;0;0;0;0;0;;;;;;;;;;;;;;;;;;;;
22.07.2024;13:03;A 27;1;5;8;1;6;0;100;2;1;2;13;2;31;1;0;4;39;1;11;2;6;2;55;0;0;1;13;1;1;3;9;5;35;1;49;1;1;1;7;5;46;5;19;0;32;3;73;2;78;1;3;0;0;0;0;0;0;0;0;0;0;0;0;0;0;0;0;0;0;0;0;0;0;0;0;0;0;0;0;0;0;0;0;;;;;;;;;;;;;;;;;;;;
22.07.2024;13:02;A 27;1;1;0;2;20;0;100;1;11;0;0;3;60;1;1;3;35;0;0;1;18;2;66;2;11;1;5;1;2;6;30;1;62;0;55;0;0;0;0;4;22;2;39;2;11;3;56;3;53;4;14;0;0;0;0;0;0;0;0;0;0;0;0;0;0;0;0;0;0;0;0;0;0;0;0;0;0;0;0;0;0;0;0;;;;;;;;;;;;;;;;;;;;
22.07.2024;13:01;A 27;1;6;9;4;22;0;100;1;1;1;6;1;69;3;3;6;9;0;0;2;25;6;33;3;26;2;6;3;3;6;12;4;48;4;76;3;7;1;53;4;9;1;19;0;8;2;67;1;22;0;45;0;0;0;0;0;0;0;0;0;0;0;0;0;0;0;0;0;0;0;0;0;0;0;0;0;0;0;0;0;0;0;0;;;;;;;;;;;;;;;;;;;;
22.07.2024;13:00;A 27;1;2;1;2;13;0;100;2;2;1;6;0;0;1;5;5;21;0;0;1;2;3;41;1;19;0;0;1;30;2;6;1;17;1;91;1;1;1;39;3;4;3;6;3;78;3;51;1;57;1;94;0;0;0;0;0;0;0;0;0;0;0;0;0;0;0;0;0;0;0;0;0;0;0;0;0;0;0;0;0;0;0;0;;;;;;;;;;;;;;;;;;;;
22.07.2024;12:59;A 27;1;8;20;1;6;0;100;2;16;2;13;4;45;2;1;4;2;0;0;3;16;4;73;3;13;0;0;0;100;3;17;1;34;0;0;1;1;0;0;3;36;2;40;1;22;2;55;2;53;1;6;0;0;0;0;0;0;0;0;0;0;0;0;0;0;0;0;0;0;0;0;0;0;0;0;0;0;0;0;0;0;2;3;;;;;;;;;;;;;;;;;;;;
22.07.2024;12:58;A 27;1;3;64;0;0;0;100;27;95;1;7;0;0;4;4;6;10;1;1;0;0;4;74;3;21;1;3;0;100;1;1;1;9;1;19;1;1;1;5;3;4;2;1;1;0;1;14;2;6;0;0;0;0;0;0;0;0;0;0;0;0;0;0;0;0;0;0;0;0;0;0;0;0;0;0;0;0;0;0;0;0;0;0;;;;;;;;;;;;;;;;;;;;
22.07.2024;12:57;A 27;1;10;31;1;6;0;100;3;8;2;13;0;0;2;1;3;3;1;2;0;0;2;17;1;10;1;3;0;100;3;3;4;48;2;1;1;0;0;0;3;3;3;6;0;0;1;9;3;24;1;2;0;0;0;0;0;0;0;0;0;0;0;0;0;0;0;0;0;0;0;0;0;0;0;0;0;0;0;0;0;0;1;1;;;;;;;;;;;;;;;;;;;;
22.07.2024;12:56;A 27;1;7;22;2;13;0;100;0;0;0;0;3;70;3;5;3;6;2;48;5;73;4;75;3;71;2;12;0;100;4;9;4;43;1;2;0;0;0;1;5;11;4;7;1;0;3;34;5;26;2;4;0;0;0;0;0;0;0;0;0;0;0;0;0;0;0;0;0;0;0;0;0;0;0;0;0;0;0;0;0;0;0;0;;;;;;;;;;;;;;;;;;;;
22.07.2024;12:55;A 27;1;5;7;1;11;0;100;0;0;0;0;1;0;3;37;2;4;0;0;4;4;2;24;1;52;0;0;1;93;3;10;5;33;2;55;3;7;3;46;3;9;4;9;0;0;1;61;2;35;2;18;0;0;0;0;0;0;0;0;0;0;0;0;1;1;2;3;0;0;0;0;0;0;0;0;0;0;1;1;0;0;0;0;;;;;;;;;;;;;;;;;;;;
22.07.2024;12:54;A 27;1;2;48;3;14;0;100;1;1;1;6;0;0;0;1;2;15;0;0;0;0;2;23;1;10;0;0;0;100;5;27;1;45;6;66;5;16;0;6;7;8;7;7;1;1;6;53;4;16;1;2;0;0;0;0;0;0;0;0;0;0;0;0;0;0;0;0;0;0;0;0;0;0;0;0;0;0;0;0;0;0;0;0;;;;;;;;;;;;;;;;;;;;
22.07.2024;12:53;A 27;1;9;66;0;0;0;100;1;1;1;6;0;0;1;1;3;24;1;2;0;0;1;41;1;9;1;5;0;100;1;2;0;49;0;42;0;0;1;1;3;3;2;2;1;0;1;7;2;8;0;0;0;0;0;0;0;0;0;0;0;0;0;0;0;0;0;0;0;0;0;0;0;0;0;0;0;0;0;0;0;0;0;0;;;;;;;;;;;;;;;;;;;;
22.07.2024;12:52;A 27;1;8;23;2;13;0;100;0;0;0;0;0;0;2;4;3;8;0;0;0;0;3;51;4;25;0;0;1;75;3;14;1;34;1;4;1;1;1;6;1;0;0;0;3;76;1;3;0;0;4;49;0;0;0;0;0;0;0;0;0;0;0;0;0;0;0;0;0;0;0;0;1;1;1;1;0;0;0;0;0;0;0;0;;;;;;;;;;;;;;;;;;;;
22.07.2024;12:51;A 27;1;10;73;0;0;0;100;2;5;2;13;0;21;2;29;4;60;1;32;0;0;0;74;0;76;3;8;0;0;3;33;2;53;0;0;0;0;0;0;5;56;4;59;2;66;2;75;0;69;1;57;0;0;0;0;0;0;0;0;0;0;0;0;0;0;0;0;0;0;0;0;0;0;0;0;0;0;0;0;0;0;0;0;;;;;;;;;;;;;;;;;;;;
22.07.2024;12:50;A 27;1;1;92;0;0;0;100;2;4;0;0;2;52;4;7;7;33;0;0;2;11;3;73;3;57;0;0;1;2;3;45;1;63;2;72;6;34;2;37;4;9;5;20;4;58;2;28;1;43;1;24;0;0;0;0;0;0;0;0;0;0;0;0;0;0;0;0;0;0;0;0;0;0;0;0;0;0;0;0;0;0;0;0;;;;;;;;;;;;;;;;;;;;
22.07.2024;12:49;A 27;1;11;16;2;13;0;100;1;1;1;6;0;0;0;0;0;0;0;0;0;0;1;0;1;3;0;0;0;0;7;8;4;39;3;31;1;0;0;27;2;7;3;13;1;62;2;35;2;35;2;34;0;0;0;0;0;0;0;0;0;0;0;0;0;0;0;0;0;0;0;0;0;0;0;0;0;0;0;0;0;0;0;0;;;;;;;;;;;;;;;;;;;;
22.07.2024;12:48;A 27;1;8;9;1;23;0;100;2;7;1;6;1;3;1;4;3;86;0;0;1;4;1;94;0;82;2;74;1;1;0;0;1;2;0;100;0;0;0;100;3;23;5;31;0;0;2;39;1;54;0;0;0;0;0;0;0;0;0;0;0;0;0;0;0;0;0;0;0;0;0;0;0;0;0;0;0;0;1;1;0;0;0;0;;;;;;;;;;;;;;;;;;;;
22.07.2024;12:47;A 27;1;3;5;2;13;0;100;1;1;0;0;1;1;4;2;7;39;0;0;1;3;2;72;4;22;1;0;2;2;2;3;2;21;1;19;2;5;1;33;3;6;2;3;2;3;3;22;2;10;3;8;0;0;0;0;0;0;0;0;0;0;1;1;0;0;0;0;0;0;0;0;0;0;0;0;0;0;0;0;0;0;0;0;;;;;;;;;;;;;;;;;;;;
22.07.2024;12:46;A 27;1;4;30;1;6;0;100;0;0;0;0;0;0;0;0;4;22;1;3;0;0;4;44;0;28;17;19;0;97;5;29;2;50;3;65;3;5;1;42;3;23;1;22;0;0;0;34;0;27;0;0;0;0;0;0;0;0;0;0;0;0;0;0;0;0;0;0;0;0;0;0;0;0;0;0;0;0;0;0;0;0;0;0;;;;;;;;;;;;;;;;;;;;
22.07.2024;12:45;A 27;1;9;15;2;13;0;100;1;1;1;6;1;1;1;2;4;27;1;79;0;0;3;80;3;39;0;39;1;82;3;33;1;47;3;90;2;5;1;52;6;63;6;42;4;20;4;83;4;65;2;24;0;0;0;0;0;0;0;0;0;0;0;0;0;0;0;0;0;0;0;0;0;0;0;0;0;0;0;0;0;0;0;0;;;;;;;;;;;;;;;;;;;;
22.07.2024;12:44;A 27;1;4;11;1;6;0;100;2;5;1;6;1;93;2;2;2;4;2;74;4;38;7;23;2;16;2;65;1;68;5;7;0;20;3;66;2;27;1;91;4;75;3;8;2;84;1;97;1;88;1;98;0;0;0;0;0;0;0;0;0;0;0;0;0;0;0;0;0;0;0;0;0;0;0;0;0;0;0;0;0;0;1;1;;;;;;;;;;;;;;;;;;;;
22.07.2024;12:43;A 27;1;10;16;1;6;0;100;2;70;1;9;1;2;2;6;2;5;0;0;1;5;2;22;3;42;1;2;2;84;2;22;1;40;1;0;2;5;2;24;3;42;5;57;0;0;3;66;2;73;1;2;0;0;0;0;0;0;0;0;1;1;1;1;0;0;0;0;0;0;0;0;0;0;0;0;0;0;0;0;0;0;0;0;;;;;;;;;;;;;;;;;;;;
22.07.2024;12:42;A 27;1;4;21;2;13;0;100;1;1;1;6;2;2;7;30;6;29;2;9;1;6;1;42;0;48;2;40;3;20;8;47;2;79;3;3;0;0;0;0;2;4;3;24;3;1;2;58;2;35;1;0;0;0;0;0;0;0;0;0;0;0;0;0;0;0;0;0;0;0;0;0;0;0;0;0;0;0;0;0;0;0;0;0;;;;;;;;;;;;;;;;;;;;
22.07.2024;12:41;A 27;1;10;59;0;0;0;100;3;12;2;13;0;0;4;39;5;66;1;4;0;0;2;97;2;70;2;77;3;56;5;7;7;36;3;29;2;2;3;9;2;5;1;3;0;0;2;39;1;14;1;8;0;0;0;0;0;0;0;0;0;0;0;0;0;0;0;0;0;0;0;0;0;0;0;0;0;0;0;0;0;0;0;0;;;;;;;;;;;;;;;;;;;;
22.07.2024;12:40;A 27;1;4;5;2;13;0;100;0;0;1;6;0;0;2;2;4;44;1;20;1;1;1;61;1;23;2;35;1;25;4;7;3;41;1;0;1;1;1;8;3;13;3;35;2;24;5;40;3;56;2;30;0;0;0;0;0;0;0;0;0;0;0;0;0;0;0;0;0;0;0;0;0;0;0;0;0;0;0;0;0;0;0;0;;;;;;;;;;;;;;;;;;;;
22.07.2024;12:39;A 27;1;6;7;4;26;0;100;0;0;0;0;3;52;2;2;3;4;1;7;3;46;4;66;1;8;1;57;1;0;3;47;3;83;1;79;1;1;2;7;3;3;3;2;1;0;3;17;4;10;0;0;0;0;0;0;0;0;0;0;0;0;0;0;0;0;0;0;0;0;0;0;0;0;0;0;0;0;0;0;0;0;0;0;;;;;;;;;;;;;;;;;;;;
22.07.2024;12:38;A 27;1;0;0;0;0;0;100;0;0;0;0;1;47;2;7;3;22;3;17;1;7;2;52;1;18;1;63;1;1;2;24;0;61;3;59;4;5;0;52;5;5;5;5;2;1;4;20;3;16;1;2;0;0;0;0;0;0;0;0;0;0;0;0;0;0;0;0;0;0;0;0;0;0;0;0;0;0;0;0;0;0;0;0;;;;;;;;;;;;;;;;;;;;
22.07.2024;12:37;A 27;1;9;35;1;6;0;100;3;9;2;13;0;0;3;21;3;42;1;20;1;2;2;68;2;42;0;100;1;2;10;23;4;74;1;64;1;2;1;73;1;1;2;2;0;0;0;6;3;7;0;0;0;0;0;0;0;0;0;0;0;0;0;0;0;0;0;0;0;0;0;0;0;0;0;0;0;0;0;0;0;0;0;0;;;;;;;;;;;;;;;;;;;;
22.07.2024;12:36;A 27;1;6;10;0;0;0;100;0;0;0;0;0;0;3;4;6;64;4;41;0;0;1;94;2;22;2;56;0;0;3;11;2;20;0;0;0;0;0;0;5;14;4;8;1;2;5;27;1;40;1;4;0;0;0;0;0;0;0;0;0;0;0;0;0;0;0;0;0;0;0;0;0;0;0;0;0;0;0;0;0;0;0;0;;;;;;;;;;;;;;;;;;;;
22.07.2024;12:35;A 27;1;6;7;2;13;0;100;0;0;0;0;0;44;1;53;5;11;1;2;0;0;1;65;0;60;1;5;0;0;4;29;1;51;0;100;0;0;0;0;4;56;5;11;1;49;0;70;3;72;2;4;0;0;0;0;0;0;0;0;0;0;0;0;0;0;0;0;0;0;0;0;0;0;0;0;0;0;0;0;0;0;0;0;;;;;;;;;;;;;;;;;;;;
22.07.2024;12:34;A 27;1;3;4;1;6;0;100;0;0;0;0;1;17;6;27;3;4;1;1;1;4;4;31;3;68;1;3;1;1;8;10;1;34;1;88;5;4;1;4;6;41;3;7;3;2;2;59;3;54;3;14;0;0;0;0;0;0;0;0;0;0;0;0;0;0;0;0;0;0;0;0;0;0;0;0;0;0;0;0;0;0;0;0;;;;;;;;;;;;;;;;;;;;
22.07.2024;12:33;A 27;1;5;56;1;6;0;100;1;1;1;6;1;61;1;1;4;6;1;1;5;6;5;64;0;3;1;3;2;4;4;40;1;54;2;44;2;4;2;19;4;60;4;3;1;1;1;66;2;10;1;2;0;0;0;0;0;0;1;1;0;0;0;0;0;0;0;0;0;0;0;0;0;0;0;0;0;0;0;0;0;0;0;0;;;;;;;;;;;;;;;;;;;;
22.07.2024;12:32;A 27;1;11;14;1;6;0;100;1;4;0;0;0;0;1;0;4;5;1;67;0;0;1;22;2;20;1;5;2;5;6;13;3;51;4;10;1;1;1;6;5;14;3;23;0;0;2;59;1;36;0;0;0;0;0;0;0;0;0;0;0;0;0;0;0;0;0;0;0;0;0;0;0;0;0;0;0;0;0;0;0;0;0;0;;;;;;;;;;;;;;;;;;;;
22.07.2024;12:31;A 27;1;7;10;2;13;0;100;0;0;1;7;0;0;4;3;5;10;1;1;0;0;0;71;2;72;1;53;3;8;3;28;1;53;0;0;0;0;0;0;3;5;3;4;3;51;2;16;2;18;3;7;0;0;0;0;0;0;0;0;0;0;0;0;0;0;0;0;0;0;0;0;0;0;0;0;0;0;0;0;0;0;0;0;;;;;;;;;;;;;;;;;;;;
22.07.2024;12:30;A 27;1;3;11;1;6;0;100;1;1;1;16;1;15;3;26;4;32;1;3;1;20;2;73;3;70;2;16;0;0;4;36;2;57;2;65;2;40;1;54;1;22;1;2;1;22;0;31;3;26;3;6;0;0;0;0;0;0;0;0;0;0;0;0;0;0;0;0;0;0;0;0;0;0;0;0;0;0;0;0;0;0;0;0;;;;;;;;;;;;;;;;;;;;
22.07.2024;12:29;A 27;1;10;22;2;13;0;100;2;3;2;13;1;18;3;59;4;22;1;2;2;14;1;76;1;81;1;4;0;0;7;35;0;74;2;55;1;1;1;7;5;21;4;3;4;59;3;40;6;31;3;11;0;0;0;0;0;0;0;0;0;0;0;0;0;0;0;0;0;0;0;0;0;0;0;0;0;0;0;0;0;0;0;0;;;;;;;;;;;;;;;;;;;;
22.07.2024;12:28;A 27;1;4;9;4;27;0;100;4;20;0;0;1;77;3;34;2;4;2;83;0;1;2;54;5;57;1;24;0;0;4;7;1;74;1;0;0;0;0;0;5;10;6;5;2;47;4;22;4;19;3;15;0;0;0;0;0;0;0;0;0;0;0;0;0;0;0;0;0;0;0;0;1;1;0;0;0;0;0;0;0;0;0;0;;;;;;;;;;;;;;;;;;;;
22.07.2024;12:27;A 27;1;5;6;3;25;0;100;6;2;1;6;0;39;3;3;5;32;0;0;1;0;3;57;6;31;2;6;0;0;4;12;2;74;0;0;0;0;0;0;4;49;7;45;1;43;2;53;2;69;1;2;0;0;0;0;0;0;0;0;0;0;0;0;0;0;0;0;0;0;0;0;0;0;0;0;0;0;1;1;0;0;1;1;;;;;;;;;;;;;;;;;;;;
22.07.2024;12:26;A 27;1;1;1;1;3;0;100;1;2;1;6;1;25;3;5;5;31;1;30;1;2;2;58;4;39;0;29;0;0;5;46;2;70;3;72;1;1;1;9;11;38;9;35;1;33;1;87;3;83;3;29;0;0;0;0;0;0;0;0;0;0;0;0;0;0;0;0;0;0;0;0;0;0;0;0;0;0;0;0;0;0;0;0;;;;;;;;;;;;;;;;;;;;
22.07.2024;12:25;A 27;1;7;48;1;5;0;100;1;1;1;6;0;0;2;1;3;7;1;43;0;0;1;31;4;38;1;55;3;6;2;17;0;28;1;60;7;12;2;12;3;47;3;67;1;35;2;79;1;97;1;43;0;0;0;0;0;0;0;0;0;0;0;0;0;0;0;0;0;0;0;0;0;0;0;0;0;0;0;0;0;0;0;0;;;;;;;;;;;;;;;;;;;;
22.07.2024;12:24;A 27;1;5;7;2;13;0;100;1;0;1;6;1;15;1;0;2;2;2;21;1;5;4;23;3;6;2;9;1;2;4;19;2;47;2;14;1;1;1;6;2;2;1;2;2;63;2;8;0;0;1;64;0;0;0;0;0;0;0;0;0;0;0;0;0;0;0;0;0;0;0;0;0;0;0;0;0;0;0;0;0;0;0;0;;;;;;;;;;;;;;;;;;;;
22.07.2024;12:23;A 27;1;9;23;0;0;0;100;0;0;0;0;1;2;0;0;4;3;1;0;1;6;2;28;0;0;0;0;2;5;5;7;2;35;0;0;0;0;0;0;3;58;2;49;1;28;2;68;0;58;2;7;0;0;0;0;0;0;0;0;0;0;0;0;0;0;0;0;0;0;0;0;0;0;0;0;0;0;0;0;0;0;0;0;;;;;;;;;;;;;;;;;;;;
22.07.2024;12:22;A 27;1;4;11;0;0;0;100;1;1;1;6;3;19;3;3;3;3;0;0;2;4;3;36;3;21;2;4;1;2;2;11;1;23;0;59;0;0;0;0;4;20;4;10;1;0;3;42;1;43;1;13;0;0;0;0;0;0;0;0;0;0;0;0;0;0;0;0;0;0;0;0;0;0;0;0;0;0;0;0;0;0;0;0;;;;;;;;;;;;;;;;;;;;
22.07.2024;12:21;A 27;1;7;76;0;0;0;100;4;9;1;6;1;34;0;0;2;4;0;0;1;20;4;41;1;0;1;0;0;0;3;22;0;36;2;48;2;2;2;29;4;14;2;4;2;0;5;30;2;19;1;8;0;0;0;0;0;0;0;0;0;0;0;0;0;0;0;0;0;0;0;0;0;0;0;0;0;0;0;0;0;0;0;0;;;;;;;;;;;;;;;;;;;;
22.07.2024;12:20;A 27;1;9;76;0;0;0;100;2;4;1;6;0;0;1;1;3;10;1;4;0;0;1;69;1;7;1;26;0;0;5;9;2;31;2;51;1;2;1;7;5;41;5;42;2;49;1;70;2;58;3;43;0;0;0;0;0;0;0;0;0;0;0;0;0;0;0;0;0;0;0;0;0;0;0;0;0;0;0;0;0;0;0;0;;;;;;;;;;;;;;;;;;;;
22.07.2024;12:19;A 27;1;9;32;2;13;0;100;1;1;2;13;3;35;3;7;5;58;3;5;3;21;0;70;2;29;2;5;1;1;4;59;1;78;2;94;2;6;0;99;4;63;3;57;0;49;2;72;0;69;0;0;0;0;0;0;0;0;0;0;0;0;0;0;0;0;0;0;0;0;0;0;0;0;0;0;0;0;0;0;0;0;0;0;;;;;;;;;;;;;;;;;;;;
22.07.2024;12:18;A 27;1;3;40;0;0;0;100;4;50;0;0;1;1;0;0;4;59;1;26;1;3;1;78;0;0;1;14;0;0;3;5;2;18;6;63;8;23;2;12;6;32;7;26;1;12;3;64;1;55;1;5;0;0;0;0;0;0;0;0;0;0;0;0;0;0;0;0;0;0;0;0;0;0;0;0;0;0;0;0;0;0;0;0;;;;;;;;;;;;;;;;;;;;
22.07.2024;12:17;A 27;1;5;65;1;12;0;100;0;0;0;0;0;0;1;1;1;1;2;36;0;0;1;11;1;7;3;34;1;1;1;2;1;12;0;0;0;0;0;0;4;54;3;64;0;0;3;86;2;78;1;69;0;0;0;0;0;0;0;0;0;0;0;0;0;0;0;0;0;0;0;0;0;0;0;0;0;0;0;0;0;0;0;0;;;;;;;;;;;;;;;;;;;;
22.07.2024;12:16;A 27;1;11;69;0;0;0;100;0;0;0;0;3;16;2;3;4;10;2;15;2;30;2;37;1;16;1;6;2;2;1;8;1;19;1;1;0;0;0;0;1;1;3;66;1;1;0;5;1;84;1;3;0;0;0;0;0;0;0;0;0;0;0;0;0;0;0;0;0;0;0;0;0;0;0;0;0;0;0;0;0;0;0;0;;;;;;;;;;;;;;;;;;;;
22.07.2024;12:15;A 27;1;12;67;0;0;0;100;0;0;1;7;0;0;9;11;9;27;3;25;0;0;5;89;5;58;3;28;0;0;3;22;3;58;1;72;1;1;1;6;2;2;4;56;4;2;4;11;3;70;1;49;0;0;0;0;0;0;0;0;0;0;0;0;0;0;0;0;0;0;0;0;0;0;0;0;0;0;0;0;0;0;0;0;;;;;;;;;;;;;;;;;;;;
22.07.2024;12:14;A 27;1;2;92;0;0;0;100;2;2;1;6;0;0;1;1;1;0;0;5;0;0;0;4;1;10;1;1;1;2;1;1;1;9;0;60;0;0;0;0;1;79;8;33;0;0;3;79;1;64;1;30;0;0;0;0;0;0;0;0;0;0;0;0;0;0;0;0;0;0;0;0;0;0;0;0;0;0;0;0;0;0;0;0;;;;;;;;;;;;;;;;;;;;
22.07.2024;12:13;A 27;1;3;32;1;6;0;100;1;5;0;0;0;0;1;1;2;4;1;17;0;0;1;12;2;7;1;3;3;7;4;6;4;25;1;63;1;2;1;8;1;76;3;33;0;0;2;79;2;42;2;0;0;0;0;0;0;0;0;0;0;0;0;0;0;0;0;0;0;0;0;0;0;0;0;0;0;0;0;0;0;0;0;0;;;;;;;;;;;;;;;;;;;;
22.07.2024;12:12;A 27;1;11;67;0;0;0;100;1;1;1;9;0;0;1;3;4;31;0;0;0;0;1;51;1;15;2;5;2;4;1;1;1;9;1;1;0;0;0;0;4;28;7;51;1;12;3;53;3;76;2;10;0;0;0;0;0;0;0;0;0;0;0;0;0;0;0;0;0;0;0;0;0;0;0;0;0;0;0;0;0;0;0;0;;;;;;;;;;;;;;;;;;;;
22.07.2024;12:11;A 27;1;11;60;1;6;0;100;1;1;1;3;0;46;2;0;4;63;1;1;0;0;0;76;1;72;2;8;0;0;2;4;1;72;1;65;1;1;1;8;5;32;4;10;0;48;2;53;1;34;0;0;0;0;0;0;0;0;0;0;0;0;0;0;0;0;0;0;0;0;0;0;0;0;0;0;0;0;0;0;0;0;0;0;;;;;;;;;;;;;;;;;;;;
22.07.2024;12:10;A 27;1;4;81;0;0;0;100;0;0;0;0;2;24;2;1;3;9;1;2;2;10;2;53;6;62;1;17;1;2;3;38;1;54;0;65;0;0;0;0;1;3;4;6;3;17;2;11;2;24;1;3;0;0;0;0;0;0;0;0;0;0;0;0;0;0;0;0;0;0;0;0;0;0;0;0;0;0;0;0;0;0;0;0;;;;;;;;;;;;;;;;;;;;
22.07.2024;12:09;A 27;1;6;87;0;0;0;100;0;0;1;6;1;54;2;5;1;2;0;0;1;5;1;12;1;58;2;47;0;0;6;31;1;52;2;66;6;3;1;54;1;0;0;0;1;0;1;3;1;0;0;0;0;0;0;0;0;0;0;0;0;0;0;0;0;0;0;0;0;0;0;0;0;0;0;0;0;0;0;0;0;0;0;0;;;;;;;;;;;;;;;;;;;;
22.07.2024;12:08;A 27;1;9;71;0;0;0;100;1;3;1;6;1;55;1;1;2;2;0;0;1;5;2;25;1;11;0;0;1;3;5;44;2;64;1;87;2;4;2;63;4;49;3;7;0;0;1;81;2;61;0;0;0;0;0;0;0;0;0;0;0;0;0;0;0;0;0;0;0;0;0;0;0;0;0;0;0;0;0;0;0;0;0;0;;;;;;;;;;;;;;;;;;;;
22.07.2024;12:07;A 27;1;4;67;0;4;0;100;3;4;1;6;0;38;4;15;3;4;0;0;1;1;4;27;4;45;0;0;2;2;1;2;3;16;3;4;3;5;1;15;2;5;3;4;2;1;1;26;2;13;1;3;0;0;0;0;0;0;0;0;0;0;0;0;0;0;0;0;0;0;0;0;0;0;0;0;0;0;0;0;0;0;0;0;;;;;;;;;;;;;;;;;;;;
22.07.2024;12:06;A 27;1;2;49;2;8;0;100;1;1;1;6;1;24;6;29;5;29;2;25;1;6;3;47;3;48;2;38;0;0;7;26;2;60;2;14;1;1;1;8;1;1;3;3;4;15;1;24;2;21;2;4;0;0;0;0;0;0;0;0;0;0;0;0;0;0;0;0;0;0;0;0;0;0;0;0;0;0;0;0;0;0;0;0;;;;;;;;;;;;;;;;;;;;
22.07.2024;12:05;A 27;1;4;42;1;6;0;100;2;4;2;13;0;0;3;27;4;47;2;50;0;0;2;88;1;49;2;60;0;0;3;10;1;30;7;48;2;5;1;26;2;6;2;3;1;51;1;63;1;61;1;4;0;0;0;0;0;0;0;0;0;0;0;0;0;0;0;0;0;0;0;0;0;0;0;0;0;0;0;0;0;0;0;0;;;;;;;;;;;;;;;;;;;;
22.07.2024;12:04;A 27;1;9;49;0;0;0;100;0;0;0;0;0;0;2;4;1;2;2;8;0;0;1;66;2;50;1;45;0;0;5;17;1;35;6;23;5;30;1;25;5;65;3;29;2;1;1;81;3;48;0;0;0;0;0;0;0;0;0;0;0;0;0;0;0;0;0;0;0;0;1;1;0;0;0;0;0;0;0;0;0;0;0;0;;;;;;;;;;;;;;;;;;;;
22.07.2024;12:03;A 27;1;6;65;0;0;0;100;0;0;0;0;0;0;4;40;5;11;0;0;0;0;5;58;3;58;2;5;3;4;4;30;20;74;0;0;2;4;2;29;2;32;2;42;2;56;1;65;0;57;1;44;0;0;0;0;0;0;0;0;0;0;0;0;0;0;0;0;0;0;0;0;0;0;0;0;0;0;0;0;0;0;1;1;;;;;;;;;;;;;;;;;;;;
22.07.2024;12:02;A 27;1;6;7;1;6;0;100;1;11;1;6;0;0;0;0;0;0;0;17;0;0;0;0;0;0;0;0;1;2;5;10;3;94;1;86;0;0;0;0;6;16;4;4;1;2;4;45;4;18;4;9;0;0;0;0;0;0;0;0;0;0;0;0;0;0;0;0;0;0;0;0;0;0;0;0;0;0;0;0;0;0;0;0;;;;;;;;;;;;;;;;;;;;
22.07.2024;12:01;A 27;1;11;59;0;0;0;100;1;4;0;0;0;0;1;1;1;1;2;10;0;0;1;8;2;9;3;8;2;3;6;9;28;92;2;16;2;3;2;15;2;2;1;1;0;0;2;11;1;7;0;0;0;0;0;0;0;0;0;0;0;0;0;0;0;0;0;0;0;0;0;0;0;0;0;0;0;0;0;0;0;0;0;0;;;;;;;;;;;;;;;;;;;;
22.07.2024;12:00;A 27;1;4;8;1;6;0;100;1;1;0;0;1;1;1;1;3;4;0;0;2;8;1;18;1;7;1;2;0;0;2;13;0;100;1;6;0;0;0;0;2;3;4;17;0;0;4;12;2;36;54;43;0;0;0;0;0;0;0;0;0;0;0;0;0;0;0;0;0;0;0;0;0;0;0;0;0;0;0;0;0;0;0;0;;;;;;;;;;;;;;;;;;;;
22.07.2024;11:59;A 27;1;6;8;2;19;0;100;1;1;1;6;0;0;3;4;5;15;2;12;0;0;3;36;4;24;2;24;3;11;3;16;2;33;1;67;1;1;1;8;9;10;8;60;2;55;4;31;4;83;1;69;0;0;0;0;0;0;0;0;0;0;0;0;0;0;0;0;0;0;0;0;0;0;0;0;0;0;0;0;0;0;0;0;;;;;;;;;;;;;;;;;;;;
22.07.2024;11:58;A 27;1;9;69;1;1;0;100;1;66;0;0;1;1;2;2;4;6;1;1;1;3;1;36;4;32;2;6;3;7;5;72;1;95;2;1;0;0;0;0;3;17;4;51;2;45;2;30;3;77;2;53;0;0;0;0;0;0;0;0;0;0;0;0;0;0;0;0;0;0;0;0;0;0;0;0;0;0;0;0;0;0;0;0;;;;;;;;;;;;;;;;;;;;
22.07.2024;11:57;A 27;1;8;14;2;13;0;100;1;18;1;6;0;0;2;2;3;9;0;0;0;0;3;80;5;70;1;5;1;2;6;24;1;71;1;0;0;0;0;0;2;54;2;6;1;62;2;64;5;67;1;7;0;0;0;0;0;0;0;0;0;0;0;0;0;0;0;0;0;0;0;0;0;0;0;0;0;0;0;0;0;0;0;0;;;;;;;;;;;;;;;;;;;;
22.07.2024;11:56;A 27;1;11;15;4;32;0;100;2;1;1;11;0;0;3;4;4;27;0;0;0;0;1;46;4;27;0;0;1;2;0;0;2;47;1;0;0;0;0;0;1;2;0;0;1;22;1;9;0;0;1;4;0;0;0;0;0;0;0;0;0;0;0;0;0;0;0;0;0;0;0;0;0;0;0;0;0;0;0;0;0;0;0;0;;;;;;;;;;;;;;;;;;;;
22.07.2024;11:55;A 27;1;6;11;1;6;0;100;0;0;1;6;2;5;1;9;3;60;2;3;2;10;2;74;1;61;2;8;2;2;5;9;0;100;0;0;0;0;0;0;4;54;4;33;4;72;2;70;1;50;1;78;0;0;0;0;0;0;1;1;0;0;0;0;0;0;0;0;0;0;0;0;0;0;0;0;0;0;0;0;0;0;0;0;;;;;;;;;;;;;;;;;;;;
22.07.2024;11:54;A 27;1;2;3;1;6;0;100;1;2;0;0;0;0;2;2;8;53;1;3;1;5;2;84;7;54;2;3;4;6;3;17;3;81;2;86;1;57;0;87;5;6;4;8;2;7;3;23;2;21;3;16;0;0;0;0;0;0;0;0;0;0;0;0;0;0;0;0;0;0;0;0;0;0;0;0;0;0;0;0;0;0;0;0;;;;;;;;;;;;;;;;;;;;
22.07.2024;11:53;A 27;1;3;61;1;6;0;100;1;1;1;6;0;0;1;1;2;55;0;0;0;0;1;67;5;19;1;0;2;16;7;25;2;62;4;91;4;83;0;100;3;4;2;8;0;0;4;12;3;22;0;0;0;0;0;0;0;0;0;0;0;0;0;0;0;0;0;0;0;0;0;0;2;3;0;0;0;0;2;3;0;0;0;0;;;;;;;;;;;;;;;;;;;;
22.07.2024;11:52;A 27;1;9;14;2;13;0;100;0;0;0;0;0;0;3;47;5;42;2;23;0;0;3;64;0;90;4;37;2;10;5;20;1;41;4;35;3;30;1;41;4;6;4;17;1;34;2;31;2;51;1;5;0;0;0;0;0;0;0;0;0;0;0;0;0;0;0;0;0;0;0;0;0;0;0;0;0;0;0;0;0;0;0;0;;;;;;;;;;;;;;;;;;;;
22.07.2024;11:51;A 27;1;5;8;3;20;0;100;0;0;0;0;3;56;3;32;1;66;3;2;2;37;1;76;4;80;3;60;0;0;4;36;3;66;0;0;1;2;1;5;3;5;4;12;2;7;0;68;1;44;2;6;0;0;0;0;0;0;0;0;0;0;0;0;0;0;0;0;0;0;0;0;0;0;0;0;0;0;0;0;0;0;0;0;;;;;;;;;;;;;;;;;;;;
22.07.2024;11:50;A 27;1;1;1;0;0;0;100;0;0;0;0;0;0;2;4;3;13;1;2;1;4;1;39;1;21;2;16;0;0;2;2;2;15;1;6;6;3;0;0;3;7;7;8;1;1;3;45;4;25;3;3;0;0;0;0;0;0;0;0;0;0;0;0;0;0;0;0;0;0;0;0;0;0;0;0;0;0;0;0;0;0;0;0;;;;;;;;;;;;;;;;;;;;
22.07.2024;11:49;A 27;1;4;66;1;6;0;100;2;2;2;13;0;0;0;0;3;47;1;0;0;0;3;71;1;2;0;0;0;0;4;26;1;50;3;6;1;2;1;10;3;8;1;1;0;0;1;76;0;5;0;0;0;0;1;1;0;0;0;0;0;0;0;0;0;0;0;0;0;0;0;0;0;0;0;0;0;0;1;1;0;0;0;0;;;;;;;;;;;;;;;;;;;;
22.07.2024;11:48;A 27;1;6;22;1;9;0;100;4;11;2;13;0;83;2;7;1;2;0;0;0;0;1;37;1;52;1;2;1;1;5;6;4;28;1;0;1;3;1;13;5;65;4;46;1;77;2;94;2;84;2;13;0;0;0;0;0;0;0;0;0;0;0;0;0;0;0;0;0;0;0;0;0;0;0;0;0;0;0;0;0;0;0;0;;;;;;;;;;;;;;;;;;;;
22.07.2024;11:47;A 27;1;5;16;3;20;0;100;2;3;1;6;2;14;2;1;6;7;1;5;2;11;4;28;3;12;1;6;1;2;2;1;2;10;1;24;1;1;1;7;1;36;4;12;2;44;1;47;1;58;1;7;0;0;0;0;0;0;0;0;0;0;0;0;0;0;0;0;0;0;0;0;0;0;0;0;0;0;0;0;0;0;0;0;;;;;;;;;;;;;;;;;;;;
22.07.2024;11:46;A 27;1;4;87;0;0;0;100;1;1;1;6;1;4;3;6;3;21;1;0;0;0;1;35;3;27;2;4;1;9;11;23;1;60;4;2;0;0;0;0;2;4;2;6;1;32;2;33;1;36;2;6;0;0;0;0;0;0;0;0;0;0;0;0;0;0;0;0;0;0;0;0;0;0;0;0;0;0;0;0;0;0;0;0;;;;;;;;;;;;;;;;;;;;
22.07.2024;11:45;A 27;1;9;40;1;12;0;100;2;3;2;13;0;0;0;0;2;56;0;0;0;0;1;69;1;60;1;0;3;6;3;46;0;57;1;1;0;0;0;0;2;6;2;7;2;59;3;49;1;53;1;13;0;0;0;0;0;0;0;0;0;0;0;0;0;0;0;0;0;0;0;0;0;0;0;0;0;0;0;0;0;0;0;0;;;;;;;;;;;;;;;;;;;;
22.07.2024;11:44;A 27;1;7;8;3;20;0;100;1;5;0;0;3;2;7;67;4;8;1;1;2;8;1;86;0;96;2;5;0;0;3;13;1;38;1;0;0;0;0;0;4;30;2;2;3;86;3;53;1;7;2;47;0;0;0;0;0;0;0;0;0;0;0;0;0;0;0;0;0;0;0;0;0;0;0;0;0;0;0;0;0;0;0;0;;;;;;;;;;;;;;;;;;;;
22.07.2024;11:43;A 27;1;3;4;2;13;0;100;0;0;1;6;0;0;1;1;1;2;0;0;0;0;1;54;2;17;0;0;1;3;5;11;2;40;2;61;1;1;1;7;0;0;1;2;0;0;0;0;1;8;1;0;0;0;0;0;0;0;0;0;0;0;0;0;0;0;0;0;0;0;0;0;0;0;0;0;0;0;1;1;0;0;0;0;;;;;;;;;;;;;;;;;;;;
22.07.2024;11:42;A 27;1;5;10;1;6;0;100;3;5;1;6;0;0;4;9;5;20;1;15;0;0;2;47;1;31;1;16;2;4;2;3;2;36;2;17;1;1;1;7;7;23;3;16;1;14;1;44;3;24;2;2;0;0;0;0;0;0;0;0;0;0;0;0;0;0;0;0;0;0;0;0;0;0;0;0;0;0;0;0;0;0;0;0;;;;;;;;;;;;;;;;;;;;
22.07.2024;11:41;A 27;1;4;8;3;20;0;100;5;14;1;6;0;0;1;1;2;7;2;25;0;0;1;48;3;20;2;32;1;1;2;42;0;48;0;0;0;0;0;0;4;70;5;53;1;25;2;85;3;73;1;7;0;0;0;0;0;0;0;0;0;0;0;0;0;0;0;0;0;0;0;0;0;0;0;0;0;0;0;0;0;0;0;0;;;;;;;;;;;;;;;;;;;;
22.07.2024;11:40;A 27;1;3;2;3;20;0;100;0;0;0;0;0;0;2;4;1;1;0;0;0;0;1;8;1;61;0;0;0;0;3;14;2;38;0;0;0;0;0;0;4;63;4;3;3;67;1;73;3;12;3;13;0;0;0;0;0;0;0;0;0;0;0;0;0;0;0;0;0;0;0;0;0;0;0;0;0;0;0;0;0;0;0;0;;;;;;;;;;;;;;;;;;;;
22.07.2024;11:39;A 27;1;2;2;1;6;0;100;0;7;1;6;0;0;6;10;8;52;1;0;0;0;2;77;1;66;2;2;0;0;1;1;2;13;2;63;2;3;2;14;3;2;8;7;2;4;2;8;6;26;1;3;0;0;0;0;0;0;0;0;0;0;0;0;0;0;0;0;0;0;0;0;0;0;0;0;0;0;0;0;0;0;0;0;;;;;;;;;;;;;;;;;;;;
22.07.2024;11:38;A 27;1;5;15;1;6;0;100;3;42;1;6;0;0;4;14;7;34;0;0;0;0;2;70;2;56;0;8;1;2;4;23;2;48;4;29;4;4;2;23;8;19;7;17;1;16;3;36;1;33;1;18;0;0;0;0;0;0;0;0;0;0;0;0;0;0;0;0;0;0;0;0;0;0;0;0;0;0;0;0;0;0;0;0;;;;;;;;;;;;;;;;;;;;
22.07.2024;11:37;A 27;1;5;7;3;20;0;100;3;10;2;13;0;0;3;47;3;43;1;3;0;0;3;68;1;63;1;45;1;0;1;35;0;40;1;33;0;0;0;32;4;49;3;38;1;6;3;61;2;77;2;10;0;0;0;0;0;0;0;0;0;0;0;0;0;0;0;0;0;0;0;0;0;0;0;0;0;0;0;0;0;0;0;0;;;;;;;;;;;;;;;;;;;;
22.07.2024;11:36;A 27;1;7;35;2;13;0;100;0;0;0;0;2;74;1;2;4;65;0;0;2;44;1;90;0;7;1;79;1;3;5;15;1;58;1;9;2;3;2;14;3;13;1;1;1;0;1;54;2;42;0;0;0;0;0;0;0;0;0;0;0;0;0;0;0;0;0;0;0;0;0;0;0;0;0;0;0;0;0;0;0;0;0;0;;;;;;;;;;;;;;;;;;;;
22.07.2024;11:35;A 27;1;10;70;1;7;0;100;0;0;0;0;0;47;4;28;4;43;1;0;0;0;0;58;2;50;1;24;2;4;3;12;3;33;0;0;0;0;0;0;5;7;5;8;4;50;3;22;2;60;2;10;0;0;0;0;0;0;0;0;0;0;0;0;0;0;0;0;0;0;0;0;0;0;0;0;0;0;0;0;0;0;0;0;;;;;;;;;;;;;;;;;;;;
22.07.2024;11:34;A 27;1;6;5;3;19;0;100;1;3;1;6;1;3;1;0;2;16;0;0;2;4;3;30;2;15;1;1;1;0;5;33;1;57;4;4;2;0;0;0;3;18;4;6;2;11;1;28;2;27;2;5;0;0;0;0;0;0;0;0;0;0;0;0;0;0;0;0;0;0;0;0;0;0;0;0;0;0;0;0;0;0;0;0;;;;;;;;;;;;;;;;;;;;
22.07.2024;11:33;A 27;1;10;56;1;6;0;100;1;1;1;6;1;1;3;6;4;62;1;6;1;3;1;80;1;67;1;6;2;9;2;3;2;19;0;0;0;0;0;0;4;14;3;4;2;8;3;30;2;17;1;3;0;0;0;0;0;0;0;0;1;1;1;1;0;0;0;0;0;0;0;0;0;0;0;0;0;0;0;0;0;0;0;0;;;;;;;;;;;;;;;;;;;;
22.07.2024;11:32;A 27;1;6;36;1;6;0;100;1;4;0;0;0;0;0;0;5;52;1;0;0;0;3;83;6;26;0;0;0;11;2;10;7;64;4;5;0;4;1;0;3;11;1;3;0;0;1;78;1;76;0;0;0;0;0;0;0;0;0;0;0;0;2;3;0;0;0;0;0;0;0;0;0;0;0;0;0;0;0;0;0;0;0;0;;;;;;;;;;;;;;;;;;;;
22.07.2024;11:31;A 27;1;6;83;0;0;0;100;0;0;1;6;0;48;2;8;5;58;0;0;0;0;0;72;0;53;0;0;3;47;2;54;1;63;1;21;2;48;1;8;3;54;2;2;0;53;2;67;2;61;0;0;0;0;0;0;0;0;0;0;0;0;0;0;0;0;0;0;0;0;0;0;0;0;0;0;0;0;0;0;0;0;0;0;;;;;;;;;;;;;;;;;;;;
22.07.2024;11:30;A 27;1;3;87;0;0;0;100;2;2;0;0;1;40;1;1;7;31;0;0;1;3;6;69;3;14;4;3;1;5;1;7;2;36;2;20;1;1;1;7;4;24;5;7;2;1;3;46;4;34;2;7;0;0;0;0;0;0;0;0;0;0;0;0;0;0;0;0;0;0;0;0;0;0;0;0;0;0;0;0;0;0;0;0;;;;;;;;;;;;;;;;;;;;
22.07.2024;11:29;A 27;1;7;79;0;0;0;100;2;3;2;13;1;63;3;4;3;4;1;3;1;6;0;3;2;13;0;0;4;8;7;35;1;69;2;39;1;27;1;37;1;1;5;5;2;2;1;4;5;18;1;2;0;0;0;0;0;0;0;0;0;0;0;0;0;0;0;0;0;0;0;0;0;0;0;0;0;0;0;0;0;0;1;1;;;;;;;;;;;;;;;;;;;;
22.07.2024;11:28;A 27;1;9;80;0;0;0;100;1;25;1;6;1;33;4;6;5;68;0;0;1;5;1;90;4;54;1;1;2;2;7;15;3;47;3;13;2;3;1;15;0;0;0;0;2;0;0;2;0;0;0;0;0;0;0;0;0;0;0;0;0;0;0;0;0;0;0;0;0;0;0;0;0;0;0;0;0;0;1;1;0;0;0;0;;;;;;;;;;;;;;;;;;;;
22.07.2024;11:27;A 27;1;8;71;0;0;0;100;1;2;0;4;0;0;2;1;3;12;2;2;0;0;2;63;2;11;2;5;2;4;6;37;2;60;3;33;1;1;1;8;4;55;2;2;1;51;2;69;2;8;1;3;0;0;0;0;0;0;0;0;0;0;0;0;0;0;0;0;0;0;0;0;0;0;0;0;0;0;0;0;0;0;0;0;;;;;;;;;;;;;;;;;;;;
22.07.2024;11:26;A 27;1;3;83;0;3;0;100;1;1;1;3;1;14;3;3;6;9;2;29;0;0;3;59;2;19;2;29;1;2;8;51;2;86;1;75;0;0;0;0;6;17;3;23;3;32;3;60;0;31;3;31;0;0;0;0;0;0;0;0;0;0;0;0;0;0;0;0;0;0;0;0;0;0;0;0;0;0;0;0;0;0;0;0;;;;;;;;;;;;;;;;;;;;
22.07.2024;11:25;A 27;1;7;77;1;3;0;100;1;1;1;6;1;49;0;0;1;0;0;0;1;6;1;5;0;0;0;0;0;0;7;19;2;45;2;54;1;1;1;5;3;3;3;11;1;24;4;17;2;21;2;20;0;0;0;0;0;0;0;0;0;0;0;0;0;0;0;0;0;0;0;0;1;1;1;1;0;0;0;0;0;0;0;0;;;;;;;;;;;;;;;;;;;;
22.07.2024;11:24;A 27;1;8;32;0;0;0;100;0;0;1;6;2;3;3;7;1;1;1;2;0;0;1;6;2;40;1;4;0;0;10;12;1;34;1;76;6;6;1;7;0;0;5;9;0;0;0;0;4;32;2;4;0;0;1;1;0;0;0;0;0;0;0;0;0;0;0;0;0;0;0;0;0;0;0;0;0;0;0;0;0;0;0;0;;;;;;;;;;;;;;;;;;;;
22.07.2024;11:23;A 27;1;6;9;2;13;0;100;2;3;2;13;4;56;2;3;6;8;1;1;0;62;3;38;6;11;1;4;2;4;1;1;2;37;1;95;1;3;2;63;3;53;10;23;0;45;3;66;6;58;2;7;0;0;0;0;0;0;0;0;0;0;0;0;0;0;0;0;0;0;0;0;0;0;0;0;0;0;0;0;0;0;0;0;;;;;;;;;;;;;;;;;;;;
22.07.2024;11:22;A 27;1;2;4;0;4;0;100;1;2;0;0;2;44;3;10;3;21;1;5;2;20;4;42;1;30;5;12;3;14;4;11;1;66;3;48;3;3;6;35;5;39;8;8;3;17;2;51;5;28;3;8;0;0;0;0;0;0;0;0;0;0;0;0;0;0;0;0;0;0;0;0;0;0;0;0;0;0;1;1;0;0;0;0;;;;;;;;;;;;;;;;;;;;
22.07.2024;11:21;A 27;1;8;71;2;13;0;100;3;27;3;42;1;59;2;12;5;14;1;13;2;29;3;88;4;8;3;25;0;0;6;35;0;51;3;2;0;0;0;0;0;0;0;0;0;0;0;0;0;0;0;0;0;0;0;0;0;0;0;0;0;0;0;0;0;0;0;0;0;0;0;0;0;0;0;0;0;0;0;0;0;0;0;0;;;;;;;;;;;;;;;;;;;;
22.07.2024;11:20;A 27;1;10;72;0;0;0;100;1;1;1;6;0;0;2;93;6;66;0;100;0;0;1;82;4;68;5;66;2;4;3;11;2;36;3;11;1;4;0;12;3;5;2;76;0;81;1;88;1;84;1;76;0;0;0;0;0;0;0;0;0;0;0;0;1;1;0;0;0;0;0;0;0;0;0;0;0;0;0;0;0;0;0;0;;;;;;;;;;;;;;;;;;;;
22.07.2024;11:19;A 27;1;8;77;0;0;0;100;0;0;0;0;1;56;2;5;0;0;3;60;0;55;0;0;3;9;2;63;2;1;3;7;3;25;5;82;8;9;2;11;4;59;6;35;1;2;1;70;5;54;1;5;0;0;0;0;0;0;0;0;0;0;0;0;0;0;0;0;0;0;0;0;0;0;0;0;0;0;0;0;0;0;0;0;;;;;;;;;;;;;;;;;;;;
22.07.2024;11:18;A 27;1;3;7;1;6;0;100;4;51;0;0;1;25;1;0;1;0;2;1;2;11;1;6;0;0;2;10;5;10;6;6;8;46;2;81;1;0;1;2;5;23;2;7;1;1;5;36;1;21;1;8;0;0;0;0;0;0;0;0;0;0;0;0;0;0;0;0;0;0;0;0;0;0;0;0;0;0;0;0;0;0;0;0;;;;;;;;;;;;;;;;;;;;
22.07.2024;11:17;A 27;1;2;1;2;13;0;100;1;1;1;6;0;0;1;2;2;4;1;1;0;0;2;26;1;13;1;2;1;4;6;28;0;57;2;49;1;1;1;6;3;7;3;35;1;30;1;59;1;46;1;5;0;0;0;0;0;0;0;0;0;0;0;0;0;0;0;0;0;0;0;0;0;0;0;0;0;0;0;0;0;0;0;0;;;;;;;;;;;;;;;;;;;;
22.07.2024;11:16;A 27;1;7;15;3;20;0;100;0;0;0;0;2;4;4;23;3;83;1;2;1;5;0;96;0;91;1;4;0;0;5;11;3;31;1;0;0;0;0;0;6;6;5;8;3;19;4;14;2;49;3;33;0;0;0;0;0;0;0;0;0;0;0;0;0;0;0;0;0;0;0;0;0;0;0;0;0;0;0;0;0;0;0;0;;;;;;;;;;;;;;;;;;;;
22.07.2024;11:15;A 27;1;9;26;2;13;0;100;1;12;2;13;1;35;3;51;8;45;1;1;2;7;2;91;3;67;2;3;0;0;3;41;1;56;0;0;0;0;0;0;4;13;3;5;1;12;3;41;2;17;1;4;0;0;0;0;0;0;0;0;0;0;0;0;0;0;0;0;0;0;0;0;0;0;0;0;0;0;0;0;0;0;1;1;;;;;;;;;;;;;;;;;;;;
22.07.2024;11:14;A 27;1;1;0;1;9;0;100;3;27;1;6;3;7;6;7;6;16;1;1;2;17;4;47;3;38;2;5;1;1;4;11;2;74;0;0;0;0;0;0;4;4;1;4;1;1;3;13;0;13;2;15;0;0;0;0;0;0;0;0;0;0;0;0;0;0;0;0;0;0;0;0;0;0;0;0;0;0;0;0;0;0;0;0;;;;;;;;;;;;;;;;;;;;
22.07.2024;11:13;A 27;1;9;45;2;17;0;100;3;5;0;0;0;0;3;4;4;76;1;2;1;78;3;91;2;24;2;6;2;4;4;13;4;48;1;0;0;0;0;0;3;4;3;14;1;1;1;3;4;28;3;9;0;0;0;0;0;0;0;0;0;0;0;0;0;0;0;0;0;0;0;0;0;0;0;0;0;0;0;0;0;0;0;0;;;;;;;;;;;;;;;;;;;;
22.07.2024;11:12;A 27;1;10;77;0;0;0;100;0;0;0;0;1;1;4;6;8;62;2;15;1;4;1;88;3;31;2;13;0;0;1;10;0;15;1;6;0;0;0;4;1;1;2;5;2;26;1;3;0;79;1;52;0;0;0;0;0;0;0;0;0;0;0;0;0;0;0;0;0;0;0;0;0;0;0;0;0;0;0;0;0;0;0;0;;;;;;;;;;;;;;;;;;;;
22.07.2024;11:11;A 27;1;8;79;0;0;0;100;0;0;0;0;1;4;0;0;0;0;0;46;0;53;1;52;0;0;0;0;4;7;3;19;6;53;1;25;2;2;2;27;0;51;3;4;1;54;0;55;2;70;0;100;0;0;0;0;0;0;0;0;0;0;0;0;1;1;1;1;0;0;0;0;0;0;0;0;0;0;0;0;0;0;0;0;;;;;;;;;;;;;;;;;;;;
22.07.2024;11:10;A 27;1;4;35;2;13;0;100;0;0;0;0;0;0;2;2;5;25;3;43;3;26;4;79;2;31;3;23;1;2;6;28;2;53;3;2;2;2;2;15;7;43;5;10;3;39;2;63;3;78;8;50;0;0;0;0;0;0;0;0;0;0;0;0;0;0;0;0;0;0;0;0;0;0;0;0;0;0;0;0;0;0;0;0;;;;;;;;;;;;;;;;;;;;
22.07.2024;11:09;A 27;1;10;13;4;27;0;100;0;0;0;0;0;0;2;9;3;30;0;0;0;0;2;89;1;68;1;62;0;0;7;31;2;52;6;7;3;9;0;77;3;47;2;8;0;0;2;59;1;97;0;0;0;0;0;0;0;0;0;0;0;0;0;0;0;0;0;0;0;0;0;0;0;0;0;0;0;0;0;0;0;0;0;0;;;;;;;;;;;;;;;;;;;;
22.07.2024;11:08;A 27;1;7;9;1;6;0;100;0;0;0;0;1;1;1;1;1;1;0;0;1;5;3;13;1;7;0;0;0;0;5;57;2;90;2;1;0;0;0;100;1;0;3;2;1;0;1;3;3;10;1;2;0;0;0;0;0;0;0;0;0;0;0;0;0;0;0;0;0;0;0;0;0;0;0;0;0;0;0;0;0;0;0;0;;;;;;;;;;;;;;;;;;;;
22.07.2024;11:07;A 27;1;6;9;1;6;0;100;0;0;0;0;3;8;2;55;4;42;2;56;3;12;1;71;0;60;1;57;0;0;4;15;4;40;3;2;1;1;0;100;5;5;5;4;3;0;6;20;4;15;3;1;0;0;0;0;0;0;0;0;0;0;0;0;0;0;0;0;0;0;0;0;0;0;0;0;0;0;0;0;0;0;0;0;;;;;;;;;;;;;;;;;;;;
22.07.2024;11:06;A 27;1;3;5;1;6;0;100;0;0;0;0;0;0;4;28;7;25;1;12;0;0;2;89;3;58;1;31;1;1;12;36;1;79;6;18;1;1;0;100;2;17;3;16;0;15;1;23;0;26;0;0;0;0;0;0;0;0;0;0;0;0;1;1;0;0;0;0;0;0;0;0;0;0;0;0;0;0;0;0;0;0;0;0;;;;;;;;;;;;;;;;;;;;
22.07.2024;11:05;A 27;1;4;6;1;6;0;100;2;45;1;6;0;0;1;1;3;53;0;0;0;0;2;72;3;14;0;0;1;2;3;42;0;59;2;0;0;0;0;100;4;14;2;4;1;67;1;39;3;44;1;6;0;0;0;0;0;0;0;0;0;0;0;0;0;0;0;0;0;0;0;0;0;0;0;0;0;0;0;0;0;0;0;0;;;;;;;;;;;;;;;;;;;;
22.07.2024;11:04;A 27;1;8;9;4;26;0;100;1;99;0;0;1;67;3;64;1;3;0;0;1;5;1;16;1;82;2;2;0;0;3;11;0;100;5;7;3;23;0;100;2;2;2;1;1;6;2;6;2;5;2;6;0;0;0;0;0;0;0;0;0;0;0;0;0;0;0;0;0;0;0;0;0;0;0;0;0;0;0;0;0;0;0;0;;;;;;;;;;;;;;;;;;;;
22.07.2024;11:03;A 27;1;4;5;1;13;0;100;1;1;1;6;0;0;1;1;0;0;0;0;0;0;0;0;1;6;0;0;2;6;3;6;0;100;0;97;2;4;0;100;2;2;2;1;1;1;2;8;1;4;2;4;0;0;0;0;0;0;0;0;0;0;0;0;0;0;0;0;0;0;0;0;0;0;0;0;0;0;0;0;0;0;0;0;;;;;;;;;;;;;;;;;;;;
22.07.2024;11:02;A 27;1;4;9;0;0;0;100;1;0;0;0;1;1;4;3;5;26;3;6;1;4;3;46;7;29;3;13;2;9;9;24;0;100;2;16;4;4;0;100;4;23;7;5;3;9;3;37;5;15;4;23;0;0;0;0;0;0;0;0;0;0;0;0;0;0;0;0;0;0;0;0;0;0;0;0;0;0;1;1;0;0;0;0;;;;;;;;;;;;;;;;;;;;
22.07.2024;11:01;A 27;1;8;43;2;18;0;100;0;1;1;6;0;0;1;1;2;8;0;0;1;1;1;19;1;8;0;0;2;6;3;35;0;100;1;2;1;0;0;100;4;36;3;2;0;0;5;83;2;7;1;8;0;0;0;0;0;0;0;0;0;0;0;0;0;0;0;0;0;0;0;0;0;0;0;0;0;0;0;0;0;0;0;0;;;;;;;;;;;;;;;;;;;;
22.07.2024;11:00;A 27;1;8;11;2;8;0;100;1;1;0;0;0;0;2;3;1;1;0;0;0;0;1;10;2;70;0;0;1;1;3;4;0;100;0;0;0;0;0;100;1;2;1;2;0;0;1;7;1;9;0;0;0;0;0;0;0;0;0;0;0;0;0;0;0;0;0;0;0;0;0;0;0;0;0;0;0;0;0;0;0;0;0;0;;;;;;;;;;;;;;;;;;;;
22.07.2024;10:59;A 27;1;7;13;2;18;0;100;0;0;1;6;1;1;3;2;4;20;0;0;1;4;1;38;3;18;1;1;0;0;3;5;0;100;1;53;1;1;0;100;0;50;1;5;0;49;0;54;1;54;5;38;0;0;0;0;0;0;0;0;1;1;1;1;0;0;0;0;0;0;0;0;0;0;0;0;0;0;0;0;0;0;0;0;;;;;;;;;;;;;;;;;;;;
22.07.2024;10:58;A 27;1;6;71;3;14;0;100;1;3;0;0;1;6;0;0;4;28;0;0;1;5;1;53;0;0;0;0;1;1;6;15;0;100;2;1;0;0;0;100;4;7;3;4;2;25;3;23;2;35;1;25;0;0;0;0;0;0;0;0;0;0;0;0;0;0;0;0;0;0;0;0;0;0;0;0;0;0;0;0;0;0;0;0;;;;;;;;;;;;;;;;;;;;
22.07.2024;10:57;A 27;1;5;8;2;13;0;100;3;9;1;6;0;0;1;1;4;13;0;0;0;0;4;36;1;8;0;0;1;0;3;33;0;100;1;29;0;0;0;100;1;3;3;6;2;24;1;10;2;41;3;17;0;0;0;0;0;0;0;0;0;0;0;0;0;0;0;0;0;0;0;0;0;0;0;0;0;0;0;0;0;0;0;0;;;;;;;;;;;;;;;;;;;;
22.07.2024;10:56;A 27;1;3;5;3;20;0;100;0;0;0;0;1;4;2;3;2;30;1;4;1;5;0;100;2;20;1;5;0;0;4;13;3;58;0;100;0;0;1;50;6;26;3;4;1;12;2;49;3;17;3;7;0;0;0;0;0;0;0;0;0;0;0;0;0;0;0;0;0;0;0;0;0;0;0;0;0;0;0;0;0;0;0;0;;;;;;;;;;;;;;;;;;;;
22.07.2024;10:55;A 27;1;6;17;3;20;0;100;1;1;2;13;1;51;1;2;2;51;1;20;5;3;1;66;0;56;1;5;2;1;3;24;1;85;1;11;1;1;1;98;2;15;2;17;2;21;3;46;2;30;1;30;0;0;0;0;0;0;0;0;0;0;0;0;0;0;0;0;0;0;0;0;0;0;0;0;0;0;0;0;0;0;0;0;;;;;;;;;;;;;;;;;;;;
22.07.2024;10:54;A 27;1;1;99;0;0;0;100;2;4;1;6;2;20;2;2;3;15;0;4;2;12;4;47;3;41;0;0;0;0;7;57;0;86;3;6;4;6;0;0;3;5;5;13;1;2;3;27;4;27;1;55;0;0;0;0;0;0;0;0;0;0;0;0;0;0;0;0;0;0;0;0;0;0;0;0;0;0;0;0;0;0;0;0;;;;;;;;;;;;;;;;;;;;
22.07.2024;10:53;A 27;1;8;11;0;0;0;100;1;1;1;6;0;0;1;0;3;49;1;15;0;0;2;69;1;4;1;4;0;0;8;34;2;70;3;2;0;0;2;0;4;5;6;65;3;5;1;63;3;86;5;57;0;0;0;0;0;0;0;0;0;0;0;0;0;0;0;0;0;0;0;0;0;0;0;0;0;0;0;0;0;0;0;0;;;;;;;;;;;;;;;;;;;;
22.07.2024;10:52;A 27;1;7;54;1;6;0;100;0;0;0;0;0;0;2;5;5;54;0;0;0;0;3;86;2;67;0;0;0;0;3;8;1;70;1;0;1;1;1;4;2;81;1;1;2;72;0;89;0;0;3;60;0;0;0;0;0;0;0;0;0;0;0;0;0;0;0;0;0;0;0;0;0;0;0;0;0;0;0;0;0;0;0;0;;;;;;;;;;;;;;;;;;;;
22.07.2024;10:51;A 27;1;11;75;0;0;0;100;1;1;1;7;1;4;3;4;2;60;1;11;1;6;0;66;2;17;2;11;0;0;4;26;2;50;0;97;0;0;0;0;6;7;4;57;1;1;4;54;2;68;1;2;0;0;0;0;0;0;0;0;0;0;0;0;0;0;0;0;0;0;0;0;0;0;0;0;0;0;0;0;0;0;0;0;;;;;;;;;;;;;;;;;;;;
22.07.2024;10:50;A 27;1;4;86;0;0;0;100;1;1;1;7;2;2;2;2;10;35;0;0;1;7;3;87;2;15;2;1;2;7;6;30;2;53;4;86;1;82;0;89;1;1;5;12;2;25;1;29;3;27;1;27;0;0;0;0;0;0;1;1;0;0;0;0;0;0;0;0;0;0;0;0;0;0;0;0;0;0;0;0;0;0;0;0;;;;;;;;;;;;;;;;;;;;
22.07.2024;10:49;A 27;1;4;91;0;0;0;100;1;1;1;6;0;0;1;0;0;0;0;0;0;1;1;1;1;4;0;0;0;0;4;33;1;46;1;98;2;93;0;100;2;4;2;2;2;68;2;47;1;6;2;47;0;0;0;0;0;0;0;0;0;0;0;0;0;0;0;0;0;0;0;0;1;1;0;0;0;0;0;0;0;0;0;0;;;;;;;;;;;;;;;;;;;;
22.07.2024;10:48;A 27;1;8;35;2;13;0;100;2;7;1;6;0;61;3;3;2;23;1;3;2;1;1;75;5;28;1;4;1;2;3;19;3;41;0;100;2;8;1;44;5;42;2;2;3;85;2;57;1;5;4;51;0;0;0;0;0;0;0;0;0;0;0;0;0;0;0;0;0;0;0;0;0;0;0;0;0;0;0;0;0;0;0;0;;;;;;;;;;;;;;;;;;;;
22.07.2024;10:47;A 27;1;7;15;1;6;0;100;1;1;2;13;3;13;1;0;9;16;3;9;3;7;4;55;3;4;5;14;2;4;3;3;3;63;2;4;1;1;1;67;7;18;5;15;2;78;2;37;3;34;2;36;0;0;0;0;0;0;0;0;0;0;0;0;0;0;0;0;0;0;0;0;0;0;0;0;0;0;0;0;0;0;0;0;;;;;;;;;;;;;;;;;;;;
22.07.2024;10:46;A 27;1;5;83;0;0;0;100;2;3;0;0;2;6;3;23;3;3;0;0;1;19;3;44;1;36;2;2;2;4;3;2;1;15;2;1;0;0;1;10;2;5;2;3;4;32;1;14;1;13;2;13;0;0;0;0;0;0;0;0;0;0;0;0;1;1;0;0;0;0;0;0;0;0;0;0;0;0;0;0;0;0;0;0;;;;;;;;;;;;;;;;;;;;
22.07.2024;10:45;A 27;1;5;7;2;18;0;100;1;1;1;6;1;2;3;26;3;4;0;0;1;2;1;41;2;43;0;0;1;2;10;54;0;76;6;4;1;0;0;0;2;2;1;2;0;0;1;8;1;4;0;0;0;0;0;0;0;0;0;0;0;0;0;0;0;0;0;0;0;0;0;0;0;0;0;0;0;0;0;0;0;0;0;0;;;;;;;;;;;;;;;;;;;;
22.07.2024;10:44;A 27;1;6;15;1;6;0;100;1;2;1;6;2;42;2;4;3;64;1;84;4;11;0;88;2;24;0;85;2;6;3;27;3;54;1;4;0;0;0;0;2;3;2;2;1;0;2;89;1;6;2;4;0;0;0;0;0;0;1;1;0;0;0;0;0;0;0;0;0;0;0;0;0;0;0;0;0;0;0;0;0;0;0;0;;;;;;;;;;;;;;;;;;;;
22.07.2024;10:43;A 27;1;6;7;3;24;0;100;1;1;2;13;1;48;2;2;3;41;2;76;1;7;2;64;1;10;0;100;3;4;4;36;2;64;1;30;1;1;1;7;6;7;5;54;3;56;4;73;4;64;2;61;0;0;0;0;0;0;0;0;0;0;0;0;0;0;0;0;0;0;0;0;0;0;0;0;0;0;0;0;0;0;0;0;;;;;;;;;;;;;;;;;;;;
22.07.2024;10:42;A 27;1;5;8;3;25;0;100;4;16;0;0;1;23;2;1;7;11;1;49;2;5;4;50;3;11;1;52;1;2;9;79;0;100;5;16;1;1;1;8;4;24;5;26;4;62;3;50;4;55;2;71;0;0;0;0;0;0;0;0;0;0;0;0;0;0;0;0;0;0;0;0;0;0;0;0;0;0;0;0;0;0;0;0;;;;;;;;;;;;;;;;;;;;
22.07.2024;10:41;A 27;1;5;4;3;22;0;100;1;0;0;0;0;0;2;2;2;2;1;4;0;0;3;21;2;18;1;4;1;2;3;49;2;70;2;22;1;1;0;4;2;39;3;45;2;48;1;6;1;54;2;57;0;0;0;0;0;0;0;0;0;0;0;0;0;0;0;0;0;0;0;0;0;0;0;0;0;0;0;0;0;0;0;0;;;;;;;;;;;;;;;;;;;;
22.07.2024;10:40;A 27;1;8;43;1;6;0;100;0;0;1;6;1;1;0;0;5;48;1;74;1;6;7;77;1;6;1;7;0;0;4;8;2;34;3;6;0;8;1;13;4;72;6;55;0;0;2;90;4;79;1;50;0;0;0;0;0;0;0;0;0;0;0;0;0;0;0;0;0;0;0;0;0;0;0;0;0;0;0;0;0;0;0;0;;;;;;;;;;;;;;;;;;;;
22.07.2024;10:39;A 27;1;4;78;2;13;0;100;3;7;1;6;0;0;2;35;3;40;0;29;0;0;1;51;2;47;0;32;2;3;7;63;1;93;3;6;2;69;2;70;2;4;5;18;0;0;3;30;0;58;0;0;0;0;0;0;0;0;0;0;0;0;0;0;0;0;1;1;0;0;0;0;0;0;0;0;0;0;0;0;0;0;0;0;;;;;;;;;;;;;;;;;;;;
22.07.2024;10:38;A 27;1;4;30;0;5;0;100;0;0;0;0;0;0;2;5;4;35;2;17;0;0;3;63;2;40;3;13;2;9;6;13;4;44;4;71;2;3;2;72;1;0;4;6;0;0;1;3;4;20;1;0;0;0;0;0;0;0;0;0;0;0;0;0;0;0;0;0;0;0;0;0;0;0;0;0;0;0;0;0;0;0;0;0;;;;;;;;;;;;;;;;;;;;
22.07.2024;10:37;A 27;1;4;8;4;27;0;100;2;5;2;13;1;1;2;4;4;20;1;0;1;2;3;73;3;60;1;3;2;2;8;13;1;44;1;50;3;9;2;47;1;1;2;3;0;0;0;3;1;10;0;0;0;0;0;0;0;0;0;0;0;0;0;0;0;0;0;0;0;0;0;0;0;0;0;0;0;0;0;0;0;0;0;0;;;;;;;;;;;;;;;;;;;;
22.07.2024;10:36;A 27;1;1;18;2;17;0;100;0;0;0;0;2;6;0;0;2;2;0;0;2;39;3;19;0;0;0;0;0;0;1;1;0;19;0;0;0;0;0;0;4;28;6;45;0;0;3;49;1;96;1;32;0;0;0;0;0;0;0;0;1;3;0;0;0;0;0;0;0;0;0;0;2;3;0;0;0;0;0;0;0;0;0;0;;;;;;;;;;;;;;;;;;;;
22.07.2024;10:35;A 27;1;8;22;3;20;0;100;2;26;2;21;1;58;3;28;4;6;1;81;1;4;1;75;0;64;1;51;0;0;3;10;1;55;0;0;0;0;0;0;7;19;5;67;1;0;5;82;1;80;0;0;0;0;0;0;0;0;0;0;0;0;0;0;0;0;0;0;0;0;0;0;0;0;0;0;0;0;0;0;0;0;0;0;;;;;;;;;;;;;;;;;;;;
22.07.2024;10:34;A 27;1;2;5;0;0;0;100;1;8;0;0;2;46;5;7;6;11;2;8;2;8;3;46;3;41;5;12;1;47;6;50;2;73;0;88;13;34;0;0;4;8;5;34;0;0;3;54;2;55;0;0;0;0;0;0;0;0;0;0;0;0;0;0;0;0;0;0;0;0;0;0;0;0;0;0;0;0;0;0;0;0;0;0;;;;;;;;;;;;;;;;;;;;
22.07.2024;10:33;A 27;1;7;7;3;20;0;100;1;11;0;0;1;28;3;6;2;71;1;2;1;1;1;90;4;60;2;5;0;0;3;4;2;23;3;24;1;2;1;18;3;7;3;61;1;67;2;85;1;90;1;6;0;0;0;0;0;0;0;0;0;0;0;0;0;0;0;0;0;0;1;1;0;0;0;0;0;0;0;0;0;0;0;0;;;;;;;;;;;;;;;;;;;;
22.07.2024;10:32;A 27;1;5;5;3;30;0;100;1;1;0;0;0;63;2;9;5;46;1;3;0;0;2;73;2;56;1;8;1;2;0;4;0;8;2;10;2;3;1;16;8;26;8;41;3;13;3;82;3;76;4;22;0;0;0;0;0;0;0;0;0;0;0;0;0;0;0;0;0;0;0;0;0;0;0;0;0;0;0;0;0;0;0;0;;;;;;;;;;;;;;;;;;;;
22.07.2024;10:31;A 27;1;9;13;1;6;0;100;3;51;0;0;1;14;1;1;4;47;1;6;1;4;3;75;2;22;1;6;2;2;5;13;2;31;0;0;0;0;0;0;3;33;0;0;1;0;1;52;0;0;0;0;0;0;0;0;0;0;0;0;0;0;0;0;0;0;0;0;0;0;0;0;0;0;0;0;0;0;0;0;0;0;0;0;;;;;;;;;;;;;;;;;;;;
22.07.2024;10:30;A 27;1;2;4;0;0;0;100;0;0;0;0;1;16;4;4;7;30;1;1;0;16;4;77;4;31;4;4;2;3;5;52;1;77;0;0;0;0;0;0;2;18;1;21;0;17;1;29;1;28;0;0;0;0;0;0;0;0;0;0;0;0;0;0;0;0;0;0;0;0;0;0;0;0;0;0;0;0;1;1;0;0;0;0;;;;;;;;;;;;;;;;;;;;
22.07.2024;10:29;A 27;1;6;9;3;23;0;100;0;0;0;0;2;77;0;0;4;56;1;1;2;38;4;88;2;10;1;3;1;2;5;44;0;60;5;2;0;0;0;0;2;4;3;10;1;14;2;25;2;21;1;6;0;0;0;0;0;0;0;0;0;0;0;0;0;0;0;0;0;0;1;1;0;0;0;0;0;0;0;0;0;0;0;0;;;;;;;;;;;;;;;;;;;;
22.07.2024;10:28;A 27;1;4;3;2;16;0;100;0;0;0;0;2;54;7;42;5;58;1;47;2;10;1;86;1;70;4;58;0;0;3;24;2;43;0;1;0;0;0;0;5;31;3;25;3;33;1;39;2;61;2;10;0;0;0;0;0;0;0;0;0;0;0;0;0;0;1;1;0;0;0;0;0;0;0;0;0;0;0;0;0;0;0;0;;;;;;;;;;;;;;;;;;;;
22.07.2024;10:27;A 27;1;7;12;1;6;0;100;0;0;0;0;2;9;2;2;1;19;1;1;1;6;1;56;2;11;1;2;1;2;3;57;1;85;0;100;0;0;0;0;5;8;7;18;2;19;3;23;3;51;2;5;0;0;0;0;0;0;0;0;0;0;0;0;0;0;0;0;0;0;0;0;0;0;0;0;0;0;0;0;0;0;0;0;;;;;;;;;;;;;;;;;;;;
22.07.2024;10:26;A 27;1;3;87;0;0;0;100;0;0;0;0;0;14;0;0;2;6;0;0;0;0;2;50;1;0;0;0;1;1;7;54;2;86;2;51;2;3;2;14;4;5;7;13;1;1;4;16;2;38;4;11;0;0;0;0;0;0;0;0;0;0;0;0;0;0;0;0;0;0;0;0;0;0;0;0;0;0;0;0;0;0;0;0;;;;;;;;;;;;;;;;;;;;
22.07.2024;10:25;A 27;1;5;7;2;13;0;100;1;1;1;6;2;62;3;4;3;3;0;0;1;6;4;25;2;22;1;2;1;2;4;41;0;53;1;0;0;0;2;0;2;3;3;4;0;0;3;12;4;18;0;0;0;0;0;0;0;0;0;0;0;0;0;0;0;0;0;0;0;0;0;0;0;0;0;0;0;0;1;1;0;0;0;0;;;;;;;;;;;;;;;;;;;;
22.07.2024;10:24;A 27;1;6;14;1;8;0;100;2;2;1;7;1;2;6;68;3;85;2;80;1;5;0;96;1;98;1;65;1;1;1;1;2;17;3;4;3;3;0;0;3;4;2;7;2;82;2;68;1;96;1;3;0;0;0;0;0;0;0;0;0;0;0;0;0;0;0;0;0;0;0;0;0;0;0;0;0;0;0;0;0;0;0;0;;;;;;;;;;;;;;;;;;;;
22.07.2024;10:23;A 27;1;1;1;1;6;0;100;1;1;1;6;1;0;2;3;3;5;1;27;1;3;3;26;2;50;1;5;0;0;4;28;2;49;0;80;0;0;0;0;2;40;5;43;0;0;1;49;3;70;1;5;0;0;0;0;0;0;0;0;0;0;0;0;0;0;0;0;0;0;0;0;0;0;0;0;0;0;0;0;0;0;0;0;;;;;;;;;;;;;;;;;;;;
22.07.2024;10:22;A 27;1;4;14;1;9;0;100;1;1;1;6;1;22;4;21;3;6;0;0;0;23;1;41;1;73;1;3;1;1;6;62;0;84;3;23;3;4;1;9;4;21;3;29;0;15;3;54;1;39;0;0;0;0;0;0;0;0;0;0;0;0;0;0;0;0;0;0;0;0;0;0;0;0;0;0;0;0;0;0;0;0;0;0;;;;;;;;;;;;;;;;;;;;
22.07.2024;10:21;A 27;1;7;12;1;3;0;100;2;1;2;13;1;62;2;49;1;5;0;0;2;68;0;100;2;71;0;0;1;2;4;31;2;57;1;30;0;0;0;28;2;5;3;31;1;22;3;41;2;47;1;4;0;0;0;0;0;0;0;0;0;0;0;0;0;0;0;0;0;0;0;0;0;0;0;0;0;0;0;0;0;0;0;0;;;;;;;;;;;;;;;;;;;;
22.07.2024;10:20;A 27;1;8;19;1;6;0;100;2;3;2;13;0;79;2;2;3;53;0;80;0;0;0;100;3;21;0;0;0;0;2;4;1;29;2;95;1;2;1;47;1;2;3;51;1;5;1;30;2;63;1;4;0;0;0;0;0;0;0;0;0;0;0;0;0;0;0;0;0;0;0;0;0;0;0;0;0;0;0;0;0;0;0;0;;;;;;;;;;;;;;;;;;;;
22.07.2024;10:19;A 27;1;6;12;0;0;0;100;0;0;1;6;1;10;6;39;7;39;4;35;1;7;2;71;4;76;4;14;2;6;3;35;2;51;0;100;3;15;1;99;6;11;5;7;2;1;4;32;6;20;4;5;0;0;0;0;0;0;0;0;0;0;0;0;0;0;0;0;0;0;0;0;0;0;0;0;0;0;0;0;0;0;0;0;;;;;;;;;;;;;;;;;;;;
22.07.2024;10:18;A 27;1;3;5;0;6;0;100;2;3;1;6;0;0;2;19;2;23;0;16;0;0;3;49;2;53;0;12;1;2;2;2;2;14;2;91;1;1;1;68;1;1;2;2;1;16;1;5;2;7;0;0;0;0;0;0;0;0;0;0;0;0;0;0;0;0;0;0;0;0;0;0;0;0;0;0;0;0;0;0;0;0;0;0;;;;;;;;;;;;;;;;;;;;
22.07.2024;10:17;A 27;1;4;3;3;13;0;100;2;7;1;6;0;0;2;5;3;73;2;67;1;0;1;85;3;53;1;76;0;0;4;4;2;23;3;73;4;7;4;74;0;0;0;0;1;70;0;0;0;0;1;7;0;0;0;0;0;0;0;0;0;0;0;0;0;0;0;0;0;0;0;0;0;0;0;0;0;0;0;0;0;0;0;0;;;;;;;;;;;;;;;;;;;;
22.07.2024;10:16;A 27;1;2;5;1;6;0;100;0;0;0;0;2;4;0;0;4;14;3;59;2;10;1;44;0;0;4;41;0;0;1;6;1;17;0;0;0;0;0;0;3;3;4;80;2;8;4;12;1;88;2;13;0;0;0;0;0;0;0;0;0;0;0;0;0;0;0;0;0;0;0;0;0;0;0;0;0;0;1;1;0;0;0;0;;;;;;;;;;;;;;;;;;;;
22.07.2024;10:15;A 27;1;0;0;0;2;0;100;1;2;1;6;3;22;2;5;2;56;0;0;0;57;0;62;2;43;0;0;4;10;6;16;1;32;1;74;1;1;1;7;5;5;3;7;0;50;3;23;2;18;1;3;0;0;0;0;0;0;0;0;0;0;0;0;0;0;0;0;0;0;0;0;0;0;0;0;0;0;0;0;0;0;0;0;;;;;;;;;;;;;;;;;;;;
22.07.2024;10:14;A 27;1;6;10;3;17;0;100;1;1;1;13;2;4;5;13;8;14;2;4;2;30;2;81;2;46;3;24;1;4;2;5;0;81;2;1;0;0;0;0;5;8;5;5;2;37;2;44;2;40;2;14;0;0;0;0;0;0;0;0;0;0;0;0;0;0;0;0;0;0;0;0;0;0;0;0;0;0;0;0;0;0;0;0;;;;;;;;;;;;;;;;;;;;
22.07.2024;10:13;A 27;1;6;40;0;0;0;100;3;9;2;7;0;0;2;2;3;6;0;0;0;0;3;68;3;28;0;0;2;3;6;6;5;33;2;33;2;3;2;34;3;5;3;5;1;61;3;42;3;78;1;6;0;0;0;0;0;0;0;0;0;0;0;0;0;0;0;0;0;0;0;0;0;0;0;0;0;0;0;0;0;0;0;0;;;;;;;;;;;;;;;;;;;;
22.07.2024;10:12;A 27;1;7;17;1;6;0;100;1;1;1;6;1;46;5;25;4;8;1;2;2;7;3;53;2;49;1;3;0;0;9;16;0;42;7;3;0;0;0;0;2;7;3;55;2;1;1;50;1;65;0;0;0;0;0;0;0;0;0;0;0;0;0;0;0;0;0;0;0;0;0;0;0;0;0;0;0;0;0;0;0;0;0;0;;;;;;;;;;;;;;;;;;;;
22.07.2024;10:11;A 27;1;6;42;2;13;0;100;1;0;1;6;1;3;4;51;6;16;0;0;1;5;1;58;0;64;0;0;3;7;3;43;1;57;0;0;0;0;0;0;3;5;5;34;0;0;3;24;3;55;0;0;0;0;0;0;0;0;0;0;0;0;0;0;0;0;0;0;0;0;0;0;0;0;0;0;0;0;0;0;0;0;0;0;;;;;;;;;;;;;;;;;;;;
22.07.2024;10:10;A 27;1;0;0;0;0;0;100;0;0;0;0;0;0;2;23;6;6;1;4;0;0;2;30;1;41;3;3;0;0;7;35;1;62;1;31;1;1;1;7;3;15;2;15;0;0;1;26;1;28;0;0;0;0;0;0;0;0;0;0;0;0;0;0;0;0;0;0;0;0;0;0;0;0;0;0;0;0;0;0;0;0;0;0;;;;;;;;;;;;;;;;;;;;
22.07.2024;10:09;A 27;1;5;32;2;13;0;100;1;1;1;6;0;0;3;11;1;2;1;3;0;0;1;12;1;92;3;19;1;2;3;3;3;19;3;6;4;5;1;5;2;8;3;11;0;0;2;25;1;42;0;0;0;0;0;0;0;0;0;0;0;0;0;0;0;0;0;0;0;0;0;0;0;0;0;0;0;0;0;0;0;0;0;0;;;;;;;;;;;;;;;;;;;;
22.07.2024;10:08;A 27;1;3;5;1;6;0;100;1;1;1;6;1;45;1;1;2;2;0;0;1;5;2;16;1;11;0;0;0;0;3;5;1;14;0;24;0;0;0;0;2;4;5;5;0;0;1;12;5;23;0;0;0;0;0;0;0;0;0;0;0;0;0;0;0;0;0;0;0;0;0;0;0;0;0;0;0;0;0;0;0;0;0;0;;;;;;;;;;;;;;;;;;;;
22.07.2024;10:07;A 27;1;3;6;1;6;0;100;0;0;0;0;0;0;6;8;4;55;2;2;0;0;1;65;4;46;3;6;1;2;4;33;1;55;1;0;0;0;0;0;2;50;2;46;2;59;1;59;1;51;1;52;0;0;0;0;0;0;0;0;0;0;0;0;0;0;0;0;0;0;0;0;0;0;0;0;0;0;0;0;0;0;0;0;;;;;;;;;;;;;;;;;;;;
22.07.2024;10:06;A 27;1;4;42;1;11;0;100;0;0;0;0;0;16;1;2;5;26;1;19;0;0;1;50;0;16;0;15;3;5;1;6;2;44;2;37;2;3;2;34;5;36;4;60;2;26;3;52;3;76;2;50;0;0;0;0;0;0;0;0;0;0;0;0;0;0;0;0;0;0;0;0;0;0;0;0;0;0;0;0;0;0;1;1;;;;;;;;;;;;;;;;;;;;
22.07.2024;10:05;A 27;1;5;5;1;1;0;100;1;1;1;6;1;22;2;3;4;70;1;2;1;6;2;90;2;23;3;20;1;2;2;41;1;57;0;0;0;0;0;0;4;4;5;66;1;1;6;12;2;79;2;69;0;0;0;0;0;0;0;0;0;0;0;0;0;0;0;0;0;0;0;0;0;0;0;0;0;0;0;0;0;0;0;0;;;;;;;;;;;;;;;;;;;;
22.07.2024;10:04;A 27;1;7;8;2;25;0;100;1;0;1;6;0;0;1;0;3;3;0;0;0;0;1;18;1;6;0;0;0;0;4;28;4;47;2;13;0;0;0;15;1;1;1;2;3;1;1;6;1;8;0;0;0;0;0;0;0;0;0;0;0;0;0;0;0;0;0;0;0;0;0;0;0;0;0;0;0;0;0;0;0;0;0;0;;;;;;;;;;;;;;;;;;;;
22.07.2024;10:03;A 27;1;1;1;1;7;0;100;3;6;0;0;1;23;3;3;3;6;1;37;1;5;1;54;3;20;1;3;2;4;5;6;3;35;1;77;7;19;2;64;4;2;5;42;2;54;1;35;0;53;2;31;0;0;0;0;0;0;0;0;0;0;0;0;0;0;0;0;0;0;0;0;0;0;0;0;0;0;0;0;0;0;0;0;;;;;;;;;;;;;;;;;;;;
22.07.2024;10:02;A 27;1;6;75;1;10;0;100;0;0;0;0;2;16;3;25;5;30;3;4;3;22;2;63;1;36;4;21;0;0;7;29;2;59;1;0;0;0;1;1;5;7;4;2;3;19;4;34;5;14;2;18;0;0;0;0;0;0;0;0;0;0;0;0;0;0;0;0;0;0;0;0;0;0;0;0;0;0;0;0;0;0;0;0;;;;;;;;;;;;;;;;;;;;
22.07.2024;10:01;A 27;1;6;8;2;22;0;100;2;4;2;13;1;58;4;31;5;69;2;28;1;5;2;91;6;66;1;8;1;3;0;40;0;44;2;1;0;0;0;0;3;1;4;5;1;15;0;0;0;13;0;6;0;0;0;0;0;0;0;0;0;0;0;0;0;0;0;0;0;0;0;0;0;0;0;0;0;0;0;0;0;0;0;0;;;;;;;;;;;;;;;;;;;;
22.07.2024;10:00;A 27;1;6;6;3;23;0;100;0;0;0;0;1;31;1;0;2;2;0;0;2;7;4;18;1;5;0;0;1;3;5;26;2;48;3;3;0;0;0;0;4;38;3;6;3;88;1;82;3;65;1;72;0;0;0;0;0;0;0;0;0;0;0;0;0;0;0;0;0;0;0;0;0;0;0;0;0;0;0;0;0;0;0;0;;;;;;;;;;;;;;;;;;;;
22.07.2024;09:59;A 27;1;7;10;2;13;0;100;2;7;2;13;1;1;2;5;5;57;1;55;1;4;1;73;1;53;0;58;1;3;4;46;3;72;2;48;3;4;1;57;6;6;5;6;0;0;4;21;6;25;2;4;0;0;0;0;0;0;0;0;0;0;0;0;0;0;0;0;0;0;0;0;0;0;0;0;0;0;0;0;0;0;0;0;;;;;;;;;;;;;;;;;;;;
22.07.2024;09:58;A 27;1;4;61;0;1;0;100;2;3;1;6;1;1;2;23;6;52;2;6;2;4;2;77;2;43;2;36;2;4;3;5;2;64;4;36;2;4;2;24;0;0;1;0;2;17;0;0;1;4;1;6;0;0;0;0;0;0;0;0;0;0;0;0;0;0;0;0;0;0;0;0;0;0;0;0;0;0;0;0;0;0;0;0;;;;;;;;;;;;;;;;;;;;
22.07.2024;09:57;A 27;1;4;5;2;15;0;100;0;0;0;0;0;0;3;40;2;43;0;0;0;0;2;58;2;58;1;37;0;35;7;43;6;71;2;36;1;0;1;36;3;3;2;0;0;0;2;9;1;2;1;1;0;0;0;0;0;0;0;0;0;0;0;0;0;0;0;0;0;0;0;0;0;0;0;0;0;0;0;0;0;0;0;0;;;;;;;;;;;;;;;;;;;;
22.07.2024;09:56;A 27;1;11;32;0;0;0;100;2;4;2;13;2;50;1;0;2;4;0;0;2;12;2;42;1;6;1;1;3;14;5;20;3;46;3;78;2;17;0;100;3;81;0;0;0;0;0;100;0;90;1;85;0;0;0;0;0;0;0;0;0;0;0;0;0;0;0;0;0;0;0;0;0;0;0;0;0;0;0;0;0;0;0;0;;;;;;;;;;;;;;;;;;;;
22.07.2024;09:55;A 27;1;4;4;1;14;0;100;0;0;1;6;2;4;6;16;4;63;4;5;2;11;0;72;1;71;4;60;1;10;3;17;4;41;1;5;7;10;3;15;6;61;3;51;4;35;4;75;4;71;3;15;0;0;0;0;0;0;2;3;0;0;0;0;0;0;0;0;0;0;0;0;0;0;0;0;0;0;0;0;0;0;0;0;;;;;;;;;;;;;;;;;;;;
22.07.2024;09:54;A 27;1;3;4;2;8;0;100;2;3;1;6;3;19;0;0;7;38;1;13;1;24;2;88;3;47;1;16;0;0;4;14;1;41;1;17;1;1;1;7;4;13;3;6;1;12;3;31;3;23;0;12;0;0;0;0;0;0;1;1;0;0;1;1;0;0;0;0;0;0;0;0;0;0;0;0;0;0;0;0;0;0;0;0;;;;;;;;;;;;;;;;;;;;
22.07.2024;09:53;A 27;1;6;46;1;6;0;100;2;4;1;6;1;74;2;3;4;7;1;5;2;57;2;92;3;80;3;6;0;0;4;23;1;39;1;23;1;1;1;5;1;1;1;1;1;21;1;6;1;7;2;25;0;0;0;0;0;0;0;0;0;0;0;0;0;0;0;0;0;0;0;0;0;0;0;0;0;0;0;0;0;0;0;0;;;;;;;;;;;;;;;;;;;;
22.07.2024;09:52;A 27;1;7;9;4;26;0;100;1;1;1;6;0;65;2;4;3;53;2;73;1;11;1;82;2;71;2;69;0;0;7;8;0;26;0;0;0;0;0;0;4;20;1;3;1;44;2;60;1;12;1;6;0;0;0;0;0;0;0;0;0;0;0;0;0;0;0;0;0;0;0;0;0;0;0;0;0;0;0;0;0;0;0;0;;;;;;;;;;;;;;;;;;;;
22.07.2024;09:51;A 27;1;5;19;1;6;0;100;0;0;0;0;1;6;4;45;6;63;2;7;1;4;2;83;4;69;1;2;0;0;3;8;1;52;0;0;0;0;0;0;3;10;5;10;6;4;0;76;0;71;7;34;0;0;0;0;0;0;0;0;0;0;0;0;0;0;0;0;0;0;0;0;0;0;0;0;0;0;0;0;0;0;0;0;;;;;;;;;;;;;;;;;;;;
22.07.2024;09:50;A 27;1;3;6;1;6;0;100;0;0;0;0;1;4;6;20;6;36;1;0;0;0;1;60;2;45;2;12;0;2;4;61;1;74;3;25;5;9;1;7;4;8;4;9;4;1;2;53;2;65;1;47;0;0;0;0;0;0;0;0;0;0;0;0;0;0;0;0;0;0;0;0;0;0;0;0;0;0;0;0;0;0;0;0;;;;;;;;;;;;;;;;;;;;
22.07.2024;09:49;A 27;1;7;44;1;6;0;100;4;54;1;6;2;1;2;8;4;29;0;0;2;10;3;49;2;27;1;6;3;12;9;24;2;75;3;37;0;0;0;0;2;1;2;2;0;0;2;4;2;8;2;4;0;0;0;0;0;0;0;0;0;0;0;0;0;0;0;0;0;0;0;0;0;0;0;0;0;0;0;0;0;0;0;0;;;;;;;;;;;;;;;;;;;;
22.07.2024;09:48;A 27;1;6;8;3;20;0;100;0;0;0;0;2;28;5;59;6;68;0;0;2;12;0;100;1;82;0;0;0;0;0;0;1;1;0;100;0;0;0;0;2;2;2;2;1;89;2;9;2;7;1;4;0;0;0;0;0;0;0;0;0;0;0;0;0;0;0;0;0;0;0;0;0;0;0;0;0;0;0;0;0;0;0;0;;;;;;;;;;;;;;;;;;;;
22.07.2024;09:47;A 27;1;3;3;1;6;0;100;1;6;0;0;0;0;1;1;2;4;1;34;1;3;3;50;1;39;1;3;2;6;6;21;2;48;1;7;1;1;1;5;2;43;2;1;2;58;2;48;2;44;2;8;0;0;0;0;0;0;0;0;0;0;0;0;0;0;0;0;0;0;0;0;0;0;0;0;0;0;0;0;0;0;0;0;;;;;;;;;;;;;;;;;;;;
22.07.2024;09:46;A 27;1;3;2;1;6;0;100;0;0;0;0;1;8;5;20;9;29;1;72;0;3;1;98;6;53;2;6;1;1;8;52;1;77;2;49;2;3;2;14;8;30;6;26;2;80;2;66;2;65;3;22;0;0;0;0;0;0;0;0;0;0;0;0;0;0;0;0;0;0;0;0;0;0;0;0;0;0;0;0;0;0;0;0;;;;;;;;;;;;;;;;;;;;
22.07.2024;09:45;A 27;1;5;49;3;23;0;100;1;1;1;6;0;0;4;30;7;37;0;0;1;3;3;90;3;72;0;0;1;2;4;6;0;49;1;0;0;0;0;0;4;4;3;24;1;68;1;13;1;34;1;6;0;0;0;0;0;0;0;0;0;0;0;0;0;0;0;0;0;0;0;0;0;0;0;0;0;0;0;0;0;0;0;0;;;;;;;;;;;;;;;;;;;;
22.07.2024;09:44;A 27;1;12;57;2;13;0;100;4;8;2;13;1;15;2;7;2;71;1;75;1;6;2;87;1;75;1;5;0;0;1;2;1;11;1;0;0;0;0;0;1;1;0;0;2;1;1;6;0;0;0;0;0;0;0;0;0;0;0;0;0;0;0;0;0;0;0;0;0;0;0;0;0;0;0;0;0;0;0;0;0;0;0;0;;;;;;;;;;;;;;;;;;;;
22.07.2024;09:43;A 27;1;8;64;1;6;0;100;0;0;0;0;0;0;2;42;5;58;0;0;0;0;1;78;1;59;0;0;1;3;3;30;1;44;1;3;1;2;1;9;5;34;4;36;2;3;1;60;1;50;1;7;0;0;0;0;0;0;0;0;0;0;0;0;0;0;0;0;0;0;0;0;0;0;0;0;0;0;0;0;0;0;0;0;;;;;;;;;;;;;;;;;;;;
22.07.2024;09:42;A 27;1;7;52;2;13;0;100;2;5;1;13;0;0;4;8;6;45;3;23;0;0;2;71;3;29;0;27;1;3;7;48;1;73;2;1;0;0;0;0;1;2;1;1;0;12;1;8;1;15;0;0;0;0;0;0;0;0;0;0;0;0;0;0;0;0;0;0;0;0;0;0;0;0;0;0;0;0;0;0;0;0;0;0;;;;;;;;;;;;;;;;;;;;
22.07.2024;09:41;A 27;1;2;1;1;6;0;100;2;1;1;5;1;1;3;4;3;22;1;68;1;1;2;47;2;18;2;38;1;2;3;29;0;41;3;34;1;27;0;36;2;2;2;3;2;31;1;7;2;15;2;11;0;0;0;0;0;0;0;0;0;0;0;0;0;0;0;0;0;0;0;0;0;0;0;0;0;0;0;0;0;0;0;0;;;;;;;;;;;;;;;;;;;;
22.07.2024;09:40;A 27;1;6;12;4;36;0;100;0;0;0;0;0;0;6;38;6;66;0;0;0;0;1;93;2;70;0;0;3;15;6;10;2;53;3;93;4;7;3;25;4;44;3;6;2;90;1;73;2;22;2;14;0;0;0;0;0;0;0;0;0;0;0;0;1;1;1;1;0;0;0;0;0;0;0;0;0;0;0;0;0;0;0;0;;;;;;;;;;;;;;;;;;;;
22.07.2024;09:39;A 27;1;7;30;0;0;0;100;0;0;0;0;1;1;0;0;4;36;0;0;3;12;0;47;0;30;0;0;0;0;6;82;0;100;1;78;1;0;1;3;3;3;6;7;2;24;3;11;6;23;4;13;0;0;0;0;0;0;0;0;0;0;0;0;0;0;0;0;0;0;0;0;0;0;0;0;0;0;0;0;0;0;0;0;;;;;;;;;;;;;;;;;;;;
22.07.2024;09:38;A 27;1;4;36;0;0;0;100;0;0;0;0;3;5;6;10;4;18;1;3;3;15;1;47;2;41;5;6;2;5;9;10;3;50;3;57;1;1;1;6;4;15;2;12;0;5;3;29;1;23;0;0;0;0;0;0;0;0;0;0;0;0;0;0;0;0;0;0;0;0;0;0;0;0;0;0;0;0;0;0;0;0;0;0;;;;;;;;;;;;;;;;;;;;
22.07.2024;09:37;A 27;1;9;51;2;13;0;100;0;0;1;6;0;0;4;6;4;16;0;0;1;1;2;52;3;28;0;2;1;3;2;4;2;10;3;2;1;2;3;14;4;53;5;60;1;66;1;69;4;80;2;5;0;0;0;0;0;0;1;1;0;0;0;0;0;0;0;0;0;0;0;0;0;0;0;0;0;0;0;0;0;0;0;0;;;;;;;;;;;;;;;;;;;;
22.07.2024;09:36;A 27;1;5;50;2;13;0;100;1;2;0;0;1;89;4;54;2;90;2;4;1;77;0;100;0;100;1;12;0;0;9;10;0;27;2;1;0;0;1;0;3;73;3;6;2;58;1;91;2;85;3;35;0;0;0;0;0;0;0;0;0;0;0;0;0;0;0;0;0;0;0;0;0;0;0;0;0;0;0;0;0;0;0;0;;;;;;;;;;;;;;;;;;;;
22.07.2024;09:35;A 27;1;7;49;1;10;0;100;2;1;1;6;1;13;5;8;4;59;1;44;1;9;1;78;3;74;2;8;0;0;5;17;1;36;3;50;2;3;2;46;2;47;4;10;2;1;1;60;3;51;3;2;0;0;0;0;0;0;0;0;0;0;0;0;0;0;0;0;0;0;0;0;0;0;0;0;0;0;0;0;0;0;0;0;;;;;;;;;;;;;;;;;;;;
22.07.2024;09:34;A 27;1;3;11;3;15;0;100;1;1;1;6;1;4;8;29;7;42;2;47;1;6;2;72;2;75;2;39;0;0;8;67;1;97;4;70;29;55;0;0;6;47;3;25;4;2;2;66;0;33;2;1;0;0;0;0;0;0;0;0;0;0;0;0;0;0;0;0;0;0;0;0;0;0;0;0;0;0;0;0;0;0;0;0;;;;;;;;;;;;;;;;;;;;
22.07.2024;09:33;A 27;1;6;5;3;20;0;100;5;4;0;0;0;0;2;53;1;72;1;3;0;0;6;46;1;75;1;69;1;2;2;2;1;9;1;30;7;4;3;7;3;40;3;29;0;7;1;53;2;40;2;15;0;0;0;0;0;0;0;0;0;0;0;0;0;0;0;0;0;0;0;0;0;0;0;0;0;0;0;0;0;0;0;0;;;;;;;;;;;;;;;;;;;;
22.07.2024;09:32;A 27;1;5;6;0;0;0;100;0;0;0;0;0;0;4;57;6;75;1;19;0;0;0;95;3;75;1;6;1;2;4;8;1;20;0;0;0;0;0;0;6;74;1;0;3;68;2;91;0;0;2;53;0;0;0;0;0;0;0;0;0;0;0;0;0;0;1;1;0;0;0;0;0;0;0;0;0;0;0;0;0;0;0;0;;;;;;;;;;;;;;;;;;;;
22.07.2024;09:31;A 27;1;4;4;1;14;0;100;1;1;1;6;0;0;5;5;6;10;0;51;0;0;5;50;4;34;0;46;2;64;2;51;1;69;1;19;1;1;1;6;3;3;4;3;2;1;3;9;4;12;2;5;0;0;0;0;0;0;0;0;0;0;0;0;0;0;0;0;0;0;0;0;0;0;0;0;0;0;0;0;0;0;0;0;;;;;;;;;;;;;;;;;;;;
22.07.2024;09:30;A 27;1;3;8;2;12;0;100;0;0;0;0;1;1;1;3;2;4;3;29;0;5;0;10;1;9;2;39;0;0;3;10;1;58;2;1;0;0;0;0;3;2;4;3;0;0;2;8;3;13;0;0;0;0;0;0;0;0;0;0;0;0;0;0;0;0;0;0;0;0;0;0;0;0;0;0;0;0;0;0;0;0;0;0;;;;;;;;;;;;;;;;;;;;
22.07.2024;09:29;A 27;1;6;46;1;6;0;100;0;0;0;0;0;0;3;67;2;49;0;0;1;1;1;77;1;80;1;22;1;2;2;3;0;14;0;7;0;0;0;0;1;1;2;2;0;0;2;5;2;5;0;0;0;0;0;0;0;0;0;0;0;0;0;0;0;0;0;0;0;0;0;0;0;0;0;0;0;0;0;0;0;0;0;0;;;;;;;;;;;;;;;;;;;;
22.07.2024;09:28;A 27;1;9;51;1;6;0;100;1;5;0;0;1;1;7;59;9;70;0;0;0;0;0;96;1;78;0;0;1;2;3;33;2;76;1;53;0;0;0;0;4;5;6;10;1;0;3;13;5;34;0;0;0;0;0;0;0;0;0;0;0;0;0;0;0;0;0;0;0;0;0;0;0;0;0;0;0;0;0;0;0;0;0;0;;;;;;;;;;;;;;;;;;;;
22.07.2024;09:27;A 27;1;1;0;1;6;0;100;1;1;1;6;3;3;3;2;9;31;0;0;2;9;3;75;6;21;1;1;1;64;7;15;0;86;3;61;0;0;0;0;4;4;3;3;1;8;5;18;2;15;0;8;0;0;0;0;0;0;0;0;0;0;0;0;0;0;0;0;0;0;0;0;0;0;0;0;0;0;0;0;0;0;0;0;;;;;;;;;;;;;;;;;;;;
22.07.2024;09:26;A 27;1;6;11;2;13;0;100;2;4;2;13;0;0;0;0;1;1;0;0;0;0;1;9;0;0;0;0;1;2;2;10;1;28;1;7;1;1;1;10;1;0;1;1;1;22;4;1;1;5;2;26;0;0;0;0;0;0;0;0;0;0;0;0;0;0;0;0;0;0;0;0;0;0;0;0;0;0;0;0;0;0;0;0;;;;;;;;;;;;;;;;;;;;
22.07.2024;09:25;A 27;1;5;6;2;13;0;100;0;0;0;0;3;54;8;39;4;8;2;6;1;15;0;73;1;90;6;18;0;0;3;22;1;56;0;0;0;0;0;0;6;38;4;5;1;56;4;60;3;17;2;55;0;0;0;0;0;0;0;0;0;0;0;0;0;0;0;0;0;0;0;0;0;0;0;0;0;0;0;0;0;0;0;0;;;;;;;;;;;;;;;;;;;;
22.07.2024;09:24;A 27;1;3;42;1;6;0;100;1;1;1;6;1;15;4;5;5;10;0;0;1;23;2;84;4;59;1;2;1;1;1;2;1;12;3;4;3;3;0;0;4;6;2;1;2;25;3;18;1;5;1;8;0;0;0;0;0;0;0;0;0;0;0;0;1;1;0;0;0;0;0;0;0;0;0;0;0;0;0;0;0;0;0;0;;;;;;;;;;;;;;;;;;;;
22.07.2024;09:23;A 27;1;5;42;1;6;0;100;0;0;0;0;1;32;4;11;5;37;0;0;1;7;2;68;4;59;1;8;0;0;3;11;0;18;1;0;0;0;0;0;0;0;4;31;1;1;1;97;44;84;2;5;0;0;0;0;0;0;0;0;0;0;0;0;0;0;0;0;0;0;0;0;0;0;0;0;0;0;0;0;0;0;0;0;;;;;;;;;;;;;;;;;;;;
22.07.2024;09:22;A 27;1;6;50;0;0;0;100;1;1;1;7;0;0;4;7;5;7;1;3;0;0;1;71;6;47;2;25;0;0;3;58;1;71;0;0;0;0;0;0;6;19;6;7;2;1;5;43;5;40;3;7;0;0;0;0;0;0;0;0;0;0;0;0;0;0;0;0;0;0;0;0;1;1;0;0;0;0;0;0;0;0;0;0;;;;;;;;;;;;;;;;;;;;
22.07.2024;09:21;A 27;1;2;1;1;6;0;100;1;1;1;5;1;3;3;14;10;25;1;2;1;5;3;92;2;23;1;2;0;0;7;32;1;57;2;63;1;1;1;6;2;2;9;9;1;10;1;3;8;30;1;3;0;0;0;0;0;0;0;0;0;0;0;0;0;0;0;0;0;0;0;0;0;0;0;0;0;0;0;0;0;0;0;0;;;;;;;;;;;;;;;;;;;;
22.07.2024;09:20;A 27;1;8;58;1;6;0;100;1;2;1;6;0;0;3;44;3;47;1;3;0;0;1;67;1;71;3;9;1;2;4;15;2;35;5;31;1;1;1;6;1;1;1;1;1;14;1;3;1;5;1;4;0;0;0;0;0;0;0;0;0;0;0;0;0;0;0;0;0;0;0;0;0;0;0;0;0;0;0;0;0;0;1;1;;;;;;;;;;;;;;;;;;;;
22.07.2024;09:19;A 27;1;2;2;1;6;0;100;0;0;1;6;1;1;6;28;7;15;1;6;1;5;1;70;3;63;1;6;2;3;4;48;2;75;0;0;5;10;0;0;4;4;4;3;2;56;3;12;2;7;2;9;0;0;0;0;0;0;1;1;0;0;0;0;0;0;0;0;0;0;0;0;0;0;0;0;0;0;0;0;0;0;1;1;;;;;;;;;;;;;;;;;;;;
22.07.2024;09:18;A 27;1;5;5;2;13;0;100;2;3;1;6;0;0;0;7;6;19;0;0;0;0;3;47;0;9;0;0;0;0;6;10;2;42;1;0;0;0;0;0;5;18;0;0;1;0;1;30;1;9;1;5;0;0;0;0;0;0;0;0;0;0;0;0;0;0;0;0;0;0;0;0;0;0;0;0;0;0;0;0;0;0;0;0;;;;;;;;;;;;;;;;;;;;
22.07.2024;09:17;A 27;1;7;8;3;20;0;100;2;4;1;6;0;0;3;19;3;29;1;2;0;0;1;64;2;46;1;5;1;2;5;9;0;18;1;0;0;0;0;0;2;22;2;3;0;0;0;100;2;15;0;0;0;0;0;0;0;0;0;0;0;0;0;0;0;0;0;0;0;0;0;0;0;0;0;0;0;0;0;0;0;0;0;0;;;;;;;;;;;;;;;;;;;;
22.07.2024;09:16;A 27;1;4;5;3;22;0;100;0;0;1;6;0;0;2;46;4;12;0;43;0;0;2;43;1;58;2;6;2;4;3;20;2;43;0;0;0;0;0;0;3;2;2;1;1;46;1;53;2;8;0;0;0;0;0;0;0;0;0;0;0;0;0;0;0;0;0;0;0;0;0;0;0;0;0;0;0;0;0;0;0;0;0;0;;;;;;;;;;;;;;;;;;;;
22.07.2024;09:15;A 27;1;1;1;2;10;0;100;2;3;1;6;1;4;2;41;2;8;2;19;0;5;3;24;6;63;3;19;1;2;1;1;1;10;0;0;0;0;0;0;4;6;4;4;2;24;1;63;2;13;2;9;0;0;0;0;0;0;0;0;0;0;0;0;1;1;1;1;0;0;0;0;0;0;0;0;0;0;0;0;0;0;0;0;;;;;;;;;;;;;;;;;;;;
22.07.2024;09:14;A 27;1;10;18;3;21;0;100;2;5;1;6;1;56;3;44;3;29;1;1;2;60;2;55;1;58;2;27;0;12;9;25;0;47;5;3;0;0;0;0;2;2;1;2;1;71;1;5;1;7;1;4;0;0;0;0;0;0;0;0;0;0;0;0;0;0;0;0;0;0;0;0;0;0;0;0;0;0;0;0;0;0;0;0;;;;;;;;;;;;;;;;;;;;
22.07.2024;09:13;A 27;1;7;8;1;6;0;100;2;3;2;13;0;0;6;60;6;32;2;5;0;0;2;63;2;77;2;63;1;84;2;72;1;89;0;0;0;0;0;0;5;6;3;62;5;3;4;20;2;70;1;70;0;0;0;0;0;0;0;0;0;0;0;0;0;0;0;0;0;0;0;0;0;0;0;0;0;0;0;0;0;0;0;0;;;;;;;;;;;;;;;;;;;;
22.07.2024;09:12;A 27;1;0;0;0;0;0;100;1;5;0;0;0;0;3;5;7;8;0;0;0;0;6;43;4;23;0;0;3;3;4;24;2;78;0;0;0;0;0;0;2;0;6;57;3;2;0;0;2;72;2;61;0;0;0;0;0;0;0;0;0;0;0;0;0;0;0;0;0;0;0;0;0;0;0;0;0;0;0;0;0;0;0;0;;;;;;;;;;;;;;;;;;;;
22.07.2024;09:11;A 27;1;5;5;2;13;0;100;1;1;1;6;0;0;2;3;3;4;2;28;1;0;3;17;2;17;2;36;1;3;4;10;2;57;0;0;0;0;0;0;0;0;1;2;0;6;0;0;2;5;0;0;0;0;0;0;0;0;0;0;0;0;0;0;0;0;0;0;0;0;0;0;0;0;0;0;0;0;0;0;0;0;0;0;;;;;;;;;;;;;;;;;;;;
22.07.2024;09:10;A 27;1;5;4;3;26;0;100;0;0;0;0;3;30;5;64;9;70;0;63;4;15;0;95;2;81;1;74;1;3;4;3;3;23;1;0;0;0;0;0;4;42;3;60;2;93;1;70;1;67;1;71;0;0;0;0;0;0;0;0;0;0;0;0;0;0;0;0;0;0;0;0;0;0;0;0;0;0;0;0;0;0;0;0;;;;;;;;;;;;;;;;;;;;
22.07.2024;09:09;A 27;1;3;54;0;0;0;100;0;0;0;0;0;0;2;49;6;12;2;57;0;0;3;51;1;70;1;63;0;0;3;23;2;56;3;6;1;0;0;0;6;12;5;58;1;56;5;66;4;72;2;41;0;0;0;0;0;0;0;0;0;0;0;0;0;0;0;0;0;0;0;0;0;0;0;0;0;0;0;0;0;0;0;0;;;;;;;;;;;;;;;;;;;;
22.07.2024;09:08;A 27;1;3;4;2;13;0;100;1;2;1;9;0;0;3;4;4;15;1;66;0;0;1;94;1;84;1;4;2;6;5;9;2;36;1;6;0;0;1;2;4;25;3;30;0;93;1;88;3;43;0;0;0;0;0;0;0;0;0;0;0;0;0;0;0;0;0;0;0;0;0;0;0;0;0;0;0;0;0;0;0;0;0;0;;;;;;;;;;;;;;;;;;;;
22.07.2024;09:07;A 27;1;4;4;2;27;0;100;2;2;2;10;1;5;6;58;7;59;2;14;1;18;1;84;0;82;2;27;0;0;1;1;3;10;1;13;1;1;1;7;2;2;4;4;2;34;1;51;4;18;3;11;0;0;0;0;0;0;0;0;0;0;0;0;0;0;0;0;0;0;0;0;0;0;0;0;0;0;0;0;0;0;0;0;;;;;;;;;;;;;;;;;;;;
22.07.2024;09:06;A 27;1;4;21;1;6;0;100;0;0;0;0;0;0;4;19;6;25;0;0;0;0;2;52;2;49;1;3;1;2;4;31;0;73;1;56;1;1;1;8;3;3;5;4;2;6;3;41;3;12;2;6;0;0;0;0;0;0;0;0;0;0;0;0;0;0;0;0;0;0;0;0;0;0;0;0;0;0;0;0;0;0;0;0;;;;;;;;;;;;;;;;;;;;
22.07.2024;09:05;A 27;1;6;21;3;20;0;100;0;0;0;0;1;1;2;57;0;100;0;0;1;8;0;100;0;100;0;0;2;4;10;10;3;44;4;93;5;6;1;9;2;2;1;1;0;0;2;18;1;8;1;7;0;0;0;0;0;0;0;0;0;0;0;0;0;0;0;0;0;0;0;0;0;0;0;0;0;0;0;0;0;0;0;0;;;;;;;;;;;;;;;;;;;;
22.07.2024;09:04;A 27;1;4;8;1;6;0;100;1;20;2;13;2;0;7;57;9;69;1;6;0;0;1;98;2;82;1;3;1;2;4;6;2;29;0;0;1;2;0;0;4;49;6;51;2;42;1;61;3;68;0;0;0;0;0;0;0;0;0;0;0;0;0;0;0;0;0;0;0;0;0;0;0;0;0;0;0;0;0;0;0;0;0;0;;;;;;;;;;;;;;;;;;;;
22.07.2024;09:03;A 27;1;3;7;1;6;0;100;3;89;0;0;1;0;4;45;6;77;1;3;0;0;1;99;5;78;2;10;3;3;5;6;1;63;3;2;0;0;1;1;4;45;4;53;3;70;3;72;4;71;3;13;0;0;0;0;0;0;0;0;0;0;0;0;0;0;0;0;0;0;0;0;0;0;0;0;0;0;0;0;0;0;0;0;;;;;;;;;;;;;;;;;;;;
22.07.2024;09:02;A 27;1;2;3;1;6;0;100;2;1;1;6;0;0;3;57;4;82;2;70;0;0;0;100;2;80;1;9;2;3;6;12;5;50;1;14;1;2;1;9;2;8;3;9;1;4;3;22;1;89;1;5;0;0;0;0;0;0;0;0;0;0;0;0;0;0;0;0;0;0;0;0;0;0;0;0;0;0;0;0;0;0;0;0;;;;;;;;;;;;;;;;;;;;
22.07.2024;09:01;A 27;1;5;7;2;13;0;100;1;2;1;7;0;0;1;18;4;61;0;0;0;0;2;78;0;64;1;0;2;4;3;3;3;18;2;16;1;2;1;13;7;7;10;31;0;57;6;13;2;95;2;5;0;0;0;0;0;0;0;0;0;0;0;0;0;0;0;0;0;0;0;0;0;0;0;0;0;0;0;0;0;0;0;0;;;;;;;;;;;;;;;;;;;;
22.07.2024;09:00;A 27;1;4;35;0;0;0;100;0;0;0;0;1;1;9;20;8;23;2;16;1;3;2;91;3;49;3;24;1;60;5;69;1;85;1;62;1;1;1;6;2;2;7;10;5;46;1;6;5;63;2;9;0;0;0;0;0;0;0;0;0;0;0;0;0;0;0;0;0;0;0;0;0;0;0;0;0;0;0;0;0;0;0;0;;;;;;;;;;;;;;;;;;;;
22.07.2024;08:59;A 27;1;13;46;2;13;0;100;2;33;1;6;0;0;3;34;2;52;1;32;0;0;1;64;1;62;2;35;1;32;7;16;1;63;5;47;1;1;1;6;1;1;0;0;0;0;1;5;0;0;0;0;0;0;0;0;0;0;0;0;0;0;0;0;0;0;0;0;0;0;0;0;0;0;0;0;0;0;0;0;0;0;0;0;;;;;;;;;;;;;;;;;;;;
22.07.2024;08:58;A 27;1;2;3;0;0;0;100;1;1;1;6;1;17;3;3;4;4;1;4;1;12;1;22;5;23;0;47;2;2;3;37;1;77;1;3;0;0;0;0;2;1;7;9;0;45;1;2;7;37;1;24;0;0;0;0;0;0;0;0;0;0;0;0;0;0;0;0;0;0;0;0;0;0;0;0;0;0;0;0;0;0;0;0;;;;;;;;;;;;;;;;;;;;
22.07.2024;08:57;A 27;1;0;0;0;0;0;100;1;5;0;0;1;40;3;5;6;19;2;16;1;5;1;42;3;26;2;17;0;0;4;24;1;57;0;60;1;1;1;7;4;5;4;15;5;40;3;18;2;28;2;20;0;0;0;0;0;0;0;0;0;0;0;0;0;0;0;0;0;0;0;0;0;0;0;0;0;0;0;0;0;0;0;0;;;;;;;;;;;;;;;;;;;;
22.07.2024;08:56;A 27;1;9;15;2;19;0;100;0;0;0;0;1;3;2;65;3;67;1;70;1;5;1;96;1;90;2;66;1;2;5;3;3;16;3;80;2;2;2;10;0;0;1;35;0;0;1;0;0;100;1;2;0;0;0;0;0;0;0;0;0;0;0;0;0;0;0;0;0;0;0;0;0;0;0;0;0;0;0;0;0;0;0;0;;;;;;;;;;;;;;;;;;;;
22.07.2024;08:55;A 27;1;9;18;1;6;0;100;0;0;1;6;0;0;4;54;5;53;0;0;2;1;0;68;1;64;1;3;1;2;3;27;1;43;1;38;1;1;1;6;2;1;7;11;0;47;1;4;6;75;0;0;0;0;0;0;0;0;0;0;0;0;0;0;0;0;0;0;0;0;0;0;0;0;0;0;0;0;0;0;0;0;0;0;;;;;;;;;;;;;;;;;;;;
22.07.2024;08:54;A 27;1;1;5;0;0;0;100;3;11;0;0;0;0;6;44;7;81;0;0;0;0;0;100;1;76;2;6;0;0;5;51;0;63;7;6;6;37;0;0;3;3;3;3;2;54;2;10;3;9;2;9;0;0;0;0;0;0;0;0;0;0;0;0;0;0;0;0;0;0;0;0;0;0;0;0;0;0;0;0;0;0;0;0;;;;;;;;;;;;;;;;;;;;
22.07.2024;08:53;A 27;1;8;13;2;13;0;100;1;0;1;6;0;0;5;85;3;59;1;63;0;0;1;94;0;100;1;6;0;0;3;12;1;25;0;3;0;0;0;0;2;2;2;4;0;0;4;10;3;18;0;0;0;0;0;0;0;0;0;0;0;0;0;0;0;0;0;0;0;0;0;0;0;0;0;0;0;0;0;0;0;0;0;0;;;;;;;;;;;;;;;;;;;;
22.07.2024;08:52;A 27;1;2;1;1;11;0;100;0;0;0;0;0;0;0;0;5;9;0;51;0;0;2;50;1;4;0;0;0;0;0;0;0;0;0;100;0;0;0;0;4;3;4;7;0;0;1;6;1;29;0;0;0;0;0;0;0;0;0;0;0;0;0;0;0;0;0;0;0;0;0;0;0;0;0;0;0;0;0;0;0;0;0;0;;;;;;;;;;;;;;;;;;;;
22.07.2024;08:51;A 27;1;3;4;3;14;0;100;0;0;0;0;2;11;2;2;4;10;2;18;0;12;1;32;2;14;1;3;5;9;7;37;2;61;6;67;4;26;2;53;6;15;8;21;3;25;2;32;1;41;1;17;0;0;0;0;0;0;0;0;0;0;0;0;0;0;0;0;0;0;0;0;0;0;0;0;0;0;0;0;0;0;0;0;;;;;;;;;;;;;;;;;;;;
22.07.2024;08:50;A 27;1;8;14;3;20;0;100;0;0;0;0;1;84;1;1;2;3;1;5;2;84;2;23;2;9;1;4;1;2;5;4;3;23;0;100;3;4;1;7;2;95;0;100;0;100;0;100;0;100;0;100;0;0;0;0;0;0;0;0;0;0;0;0;0;0;0;0;0;0;0;0;0;0;0;0;0;0;0;0;0;0;0;0;;;;;;;;;;;;;;;;;;;;
22.07.2024;08:49;A 27;1;12;67;0;0;0;100;0;0;1;23;1;41;7;48;5;52;1;44;1;4;0;70;0;65;2;28;1;2;3;7;2;29;1;4;3;1;2;10;4;3;7;27;4;11;4;12;3;57;2;16;0;0;0;0;0;0;0;0;0;0;0;0;0;0;0;0;0;0;0;0;0;0;0;0;0;0;0;0;0;0;0;0;;;;;;;;;;;;;;;;;;;;
22.07.2024;08:48;A 27;1;8;15;0;0;0;100;3;38;2;10;1;7;3;4;5;23;3;8;1;7;3;50;2;44;4;17;3;24;3;6;1;42;1;29;1;1;1;7;4;3;4;4;0;0;3;24;3;15;0;0;0;0;0;0;0;0;0;0;0;0;0;0;0;0;0;0;0;0;0;0;0;0;0;0;0;0;0;0;0;0;0;0;;;;;;;;;;;;;;;;;;;;
22.07.2024;08:47;A 27;1;2;39;3;20;0;100;0;0;0;0;0;0;3;6;3;5;1;18;0;0;1;66;2;45;1;3;2;4;4;20;0;28;1;9;0;0;0;0;2;5;0;0;0;89;2;22;0;0;0;0;0;0;0;0;0;0;0;0;0;0;0;0;0;0;0;0;0;0;0;0;0;0;0;0;0;0;0;0;0;0;0;0;;;;;;;;;;;;;;;;;;;;
22.07.2024;08:46;A 27;1;13;26;1;6;0;100;1;1;2;13;1;1;4;41;8;72;0;62;1;63;0;90;3;84;0;0;1;2;5;7;2;34;2;12;1;2;2;11;5;5;4;2;2;75;4;15;2;8;1;73;0;0;0;0;0;0;0;0;0;0;0;0;0;0;0;0;0;0;0;0;0;0;0;0;0;0;0;0;0;0;0;0;;;;;;;;;;;;;;;;;;;;
22.07.2024;08:45;A 27;1;4;83;0;0;0;100;3;7;1;6;0;0;6;8;9;73;2;44;1;33;2;97;4;72;5;12;1;2;4;27;2;47;2;31;2;4;2;35;5;3;5;5;2;53;2;7;4;12;5;61;0;0;0;0;0;0;0;0;0;0;0;0;0;0;0;0;0;0;0;0;0;0;0;0;0;0;0;0;0;0;0;0;;;;;;;;;;;;;;;;;;;;
22.07.2024;08:44;A 27;1;2;13;0;0;0;100;2;0;1;9;1;78;3;8;3;76;1;72;1;5;0;100;3;89;2;17;0;0;4;20;1;37;0;0;0;0;0;0;2;6;1;2;0;0;2;27;1;36;0;0;0;0;0;0;0;0;0;0;0;0;0;0;0;0;0;0;0;0;0;0;0;0;0;0;0;0;0;0;0;0;0;0;;;;;;;;;;;;;;;;;;;;
22.07.2024;08:43;A 27;1;0;0;0;0;0;100;0;0;0;0;2;1;7;10;8;56;0;0;1;4;2;89;2;71;2;7;1;1;3;8;1;35;0;0;0;0;0;0;6;61;5;52;5;4;3;78;1;66;4;9;0;0;0;0;0;0;1;1;0;0;0;0;0;0;0;0;0;0;0;0;0;0;0;0;0;0;0;0;0;0;1;1;;;;;;;;;;;;;;;;;;;;
22.07.2024;08:42;A 27;1;8;46;3;20;0;100;2;5;1;6;1;4;5;10;6;58;0;0;1;6;2;82;2;58;3;12;2;7;6;26;1;49;3;2;0;0;0;0;5;52;3;38;0;0;4;66;1;45;0;0;0;0;0;0;0;0;0;0;0;0;0;0;0;0;0;0;0;0;0;0;0;0;0;0;0;0;0;0;0;0;0;0;;;;;;;;;;;;;;;;;;;;
22.07.2024;08:41;A 27;1;4;6;2;13;0;100;0;0;0;0;1;73;4;76;3;9;1;0;1;5;0;100;0;100;20;79;2;4;9;14;1;51;3;1;0;0;0;0;3;6;0;0;1;93;4;24;0;0;1;9;0;0;0;0;0;0;0;0;0;0;0;0;0;0;0;0;0;0;0;0;0;0;0;0;0;0;0;0;0;0;0;0;;;;;;;;;;;;;;;;;;;;
22.07.2024;08:40;A 27;1;6;14;2;13;0;100;1;0;1;6;1;1;2;1;5;56;1;1;1;4;4;85;3;60;1;2;2;3;1;1;2;6;0;0;0;0;0;0;5;3;6;8;4;80;2;8;3;21;0;89;0;0;0;0;0;0;0;0;0;0;0;0;0;0;0;0;0;0;0;0;0;0;0;0;0;0;0;0;0;0;0;0;;;;;;;;;;;;;;;;;;;;
22.07.2024;08:39;A 27;1;2;4;0;0;0;100;0;0;0;0;0;0;2;4;6;62;1;2;0;0;1;84;1;58;3;5;1;1;9;54;1;77;5;19;6;2;1;4;2;1;5;7;2;55;0;1;3;24;2;64;0;0;0;0;0;0;0;0;0;0;0;0;0;0;0;0;0;0;0;0;0;0;0;0;0;0;0;0;0;0;0;0;;;;;;;;;;;;;;;;;;;;
22.07.2024;08:38;A 27;1;6;29;4;26;0;100;1;1;1;6;0;0;4;10;3;9;0;0;1;1;0;100;0;98;1;1;2;9;5;12;5;36;3;2;1;0;0;0;3;74;5;82;2;27;1;99;0;100;2;17;0;0;0;0;0;0;0;0;0;0;0;0;0;0;0;0;0;0;0;0;0;0;0;0;0;0;0;0;0;0;0;0;;;;;;;;;;;;;;;;;;;;
22.07.2024;08:37;A 27;1;10;59;0;0;0;100;0;0;0;0;1;44;6;52;7;50;2;10;0;0;2;78;2;78;2;50;0;0;4;23;2;42;1;5;1;1;1;4;9;13;5;48;2;3;6;43;5;76;3;10;0;0;0;0;0;0;0;0;0;0;0;0;0;0;0;0;0;0;0;0;0;0;0;0;0;0;0;0;0;0;0;0;;;;;;;;;;;;;;;;;;;;
22.07.2024;08:36;A 27;1;3;3;1;6;0;100;0;0;0;0;1;52;5;9;8;15;0;0;4;16;2;70;3;43;1;2;3;7;10;68;0;90;2;48;0;0;0;0;1;1;5;25;0;0;1;5;4;66;0;0;0;0;0;0;0;0;0;0;0;0;0;0;0;0;0;0;0;0;0;0;0;0;0;0;0;0;0;0;0;0;0;0;;;;;;;;;;;;;;;;;;;;
22.07.2024;08:35;A 27;1;4;6;1;6;0;100;0;0;0;0;0;0;3;58;2;96;2;52;0;0;0;100;0;100;3;13;0;0;8;11;2;63;3;6;1;1;1;6;2;89;4;31;1;82;0;100;1;84;1;6;0;0;0;0;0;0;0;0;0;0;0;0;0;0;0;0;0;0;0;0;0;0;0;0;0;0;0;0;0;0;0;0;;;;;;;;;;;;;;;;;;;;
22.07.2024;08:34;A 27;1;2;2;1;6;0;100;0;0;0;0;1;33;4;46;6;13;0;0;1;5;3;89;1;70;0;0;1;1;3;56;1;85;1;0;2;11;0;0;4;7;3;2;1;3;3;24;3;10;1;5;0;0;0;0;0;0;0;0;0;0;0;0;0;0;0;0;0;0;0;0;0;0;0;0;0;0;0;0;0;0;0;0;;;;;;;;;;;;;;;;;;;;
22.07.2024;08:33;A 27;1;2;2;2;13;0;100;1;1;1;6;0;0;1;2;4;9;0;0;0;0;2;38;1;13;0;0;1;1;4;10;2;48;1;42;0;0;0;0;3;2;3;1;2;3;2;4;1;4;2;9;0;0;0;0;0;0;0;0;0;0;0;0;0;0;0;0;0;0;0;0;0;0;0;0;0;0;0;0;0;0;0;0;;;;;;;;;;;;;;;;;;;;
22.07.2024;08:32;A 27;1;3;3;3;20;0;100;2;5;2;13;0;92;2;46;2;57;1;60;0;0;1;70;1;73;6;32;0;0;3;7;1;19;3;55;1;1;1;8;1;3;1;1;0;95;1;9;1;6;0;0;0;0;0;0;0;0;0;0;0;0;0;0;0;0;0;0;0;0;0;0;0;0;0;0;0;0;0;0;0;0;0;0;;;;;;;;;;;;;;;;;;;;
22.07.2024;08:31;A 27;1;3;2;2;13;0;100;1;1;1;6;1;6;4;6;8;66;0;0;2;60;2;97;2;32;2;5;0;0;3;8;2;70;2;35;1;1;1;7;8;9;3;32;2;41;7;26;3;44;0;67;0;0;0;0;0;0;0;0;0;0;0;0;0;0;0;0;0;0;0;0;0;0;0;0;0;0;0;0;0;0;0;0;;;;;;;;;;;;;;;;;;;;
22.07.2024;08:30;A 27;1;3;3;2;13;0;100;2;4;1;6;1;1;4;11;6;45;0;8;1;5;3;78;2;33;4;11;0;0;6;25;1;86;2;1;0;0;0;0;6;5;5;7;3;4;4;19;3;22;4;53;0;0;0;0;0;0;0;0;0;0;0;0;0;0;0;0;0;0;0;0;0;0;0;0;0;0;0;0;0;0;0;0;;;;;;;;;;;;;;;;;;;;
22.07.2024;08:29;A 27;1;4;5;3;20;0;100;1;0;1;6;0;0;2;71;3;83;1;10;0;0;2;98;2;86;1;97;1;1;4;21;1;38;1;0;0;0;0;0;3;3;1;5;0;0;2;11;1;93;1;89;0;0;0;0;0;0;0;0;0;0;0;0;0;0;0;0;0;0;0;0;1;1;0;0;0;0;0;0;0;0;0;0;;;;;;;;;;;;;;;;;;;;
22.07.2024;08:28;A 27;1;6;8;1;6;0;100;0;0;0;0;3;41;5;57;5;65;4;22;2;24;1;83;1;78;4;25;1;2;5;28;3;57;1;0;0;0;0;0;9;12;7;10;2;71;2;20;7;33;2;73;0;0;0;0;0;0;0;0;0;0;0;0;0;0;0;0;0;0;0;0;0;0;0;0;0;0;0;0;0;0;0;0;;;;;;;;;;;;;;;;;;;;
22.07.2024;08:27;A 27;1;3;4;2;13;0;100;0;0;0;0;1;0;8;13;8;42;0;0;0;0;1;71;1;61;1;10;1;2;6;86;0;100;2;1;0;0;0;0;4;28;3;30;3;87;3;39;0;41;0;100;0;0;0;0;0;0;0;0;0;0;0;0;0;0;0;0;0;0;0;0;0;0;0;0;0;0;0;0;0;0;0;0;;;;;;;;;;;;;;;;;;;;
22.07.2024;08:26;A 27;1;3;3;2;13;0;100;1;8;0;0;0;0;2;7;2;49;0;0;0;0;1;66;1;72;3;32;0;0;8;27;1;50;1;0;0;0;0;0;1;9;2;24;1;98;0;100;1;33;1;49;0;0;0;0;0;0;0;0;0;0;0;0;0;0;0;0;0;0;0;0;0;0;0;0;0;0;0;0;0;0;0;0;;;;;;;;;;;;;;;;;;;;
22.07.2024;08:25;A 27;1;0;0;1;6;0;100;1;1;1;6;0;0;5;5;7;9;0;0;0;0;4;46;5;43;0;0;1;2;3;35;2;54;1;12;1;1;1;5;4;5;4;3;2;0;2;16;3;12;1;4;0;0;0;0;0;0;0;0;0;0;0;0;0;0;0;0;0;0;0;0;0;0;0;0;0;0;0;0;0;0;0;0;;;;;;;;;;;;;;;;;;;;
22.07.2024;08:24;A 27;1;4;5;2;13;0;100;1;2;1;6;0;0;2;22;2;29;1;20;0;0;0;35;0;33;2;22;2;4;2;80;0;89;2;0;0;0;0;0;3;3;3;4;2;11;2;8;3;4;3;16;0;0;0;0;0;0;0;0;0;0;0;0;0;0;0;0;0;0;0;0;0;0;0;0;0;0;0;0;0;0;1;1;;;;;;;;;;;;;;;;;;;;
22.07.2024;08:23;A 27;1;9;8;3;27;0;100;2;4;2;13;0;0;2;11;3;52;1;3;0;0;1;79;2;36;2;9;2;4;12;54;0;100;6;7;3;6;0;0;1;2;0;0;0;0;1;7;0;0;0;0;0;0;0;0;0;0;0;0;0;0;0;0;0;0;0;0;0;0;0;0;0;0;0;0;0;0;0;0;0;0;0;0;;;;;;;;;;;;;;;;;;;;
22.07.2024;08:22;A 27;1;4;4;3;21;0;100;0;0;0;0;1;0;3;3;6;5;2;2;0;0;4;33;1;18;3;8;1;1;3;42;2;61;0;0;0;0;0;0;5;4;8;18;0;57;4;18;2;67;1;2;0;0;0;0;0;0;0;0;0;0;0;0;0;0;0;0;0;0;0;0;0;0;0;0;0;0;0;0;0;0;0;0;;;;;;;;;;;;;;;;;;;;
22.07.2024;08:21;A 27;1;4;8;1;5;0;100;0;0;0;0;1;6;2;3;6;22;2;1;1;3;0;41;4;20;4;6;2;5;8;56;1;87;2;63;0;0;0;0;5;14;3;12;4;84;3;22;2;25;1;30;0;0;0;0;0;0;0;0;0;0;0;0;0;0;0;0;0;0;0;0;0;0;0;0;0;0;0;0;0;0;0;0;;;;;;;;;;;;;;;;;;;;
22.07.2024;08:20;A 27;1;8;60;1;6;0;100;1;2;1;13;0;100;2;6;3;12;0;0;1;2;3;42;3;23;2;3;3;6;8;13;4;50;6;17;2;3;3;14;1;69;0;100;0;0;1;99;0;100;0;100;0;0;0;0;0;0;0;0;0;0;0;0;0;0;0;0;0;0;0;0;0;0;0;0;0;0;0;0;0;0;0;0;;;;;;;;;;;;;;;;;;;;
22.07.2024;08:19;A 27;1;3;55;0;0;0;100;2;2;1;0;2;58;3;17;6;31;0;0;1;5;0;70;3;42;1;5;2;10;8;38;4;63;1;5;3;27;0;0;3;11;4;5;0;42;1;55;3;56;4;28;0;0;0;0;0;0;0;0;0;0;0;0;0;0;0;0;0;0;0;0;0;0;0;0;0;0;0;0;0;0;0;0;;;;;;;;;;;;;;;;;;;;
22.07.2024;08:18;A 27;1;4;36;1;6;0;100;1;5;0;0;1;15;3;4;4;7;0;0;1;17;2;47;3;17;0;0;1;2;6;13;2;39;1;42;1;1;1;3;4;8;5;5;2;65;4;70;5;41;1;3;0;0;0;0;0;0;0;0;0;0;0;0;0;0;0;0;0;0;0;0;0;0;0;0;0;0;0;0;0;0;0;0;;;;;;;;;;;;;;;;;;;;
22.07.2024;08:17;A 27;1;3;3;3;20;0;100;1;2;1;6;1;8;2;63;3;91;2;27;1;6;0;100;0;100;2;11;0;0;4;7;1;18;2;44;1;1;1;7;1;2;1;1;0;0;2;8;1;2;0;0;0;0;0;0;0;0;0;0;0;0;0;0;0;0;0;0;0;0;0;0;0;0;0;0;0;0;0;0;0;0;0;0;;;;;;;;;;;;;;;;;;;;
22.07.2024;08:16;A 27;1;2;5;1;6;0;100;0;0;0;0;0;0;3;2;4;4;1;0;0;0;4;35;2;18;1;3;1;3;2;44;2;64;1;67;2;4;2;40;2;2;4;5;1;45;2;8;4;19;1;6;0;0;0;0;0;0;0;0;0;0;0;0;0;0;0;0;0;0;0;0;0;0;0;0;0;0;0;0;0;0;0;0;;;;;;;;;;;;;;;;;;;;
22.07.2024;08:15;A 27;1;3;89;0;5;0;100;1;1;1;6;2;8;4;17;6;19;2;7;0;12;2;53;1;33;0;11;1;2;1;1;1;10;1;62;0;0;0;0;6;6;6;4;2;92;3;27;9;20;0;22;0;0;0;0;0;0;0;0;0;0;0;0;0;0;0;0;0;0;0;0;0;0;0;0;0;0;0;0;0;0;0;0;;;;;;;;;;;;;;;;;;;;
22.07.2024;08:14;A 27;1;4;33;3;14;0;100;0;0;0;0;0;100;2;68;2;63;0;0;2;44;0;100;1;83;2;4;0;0;5;9;2;31;3;40;2;3;2;18;2;8;0;0;1;25;2;81;3;5;1;32;0;0;0;0;0;0;0;0;0;0;0;0;0;0;0;0;0;0;0;0;0;0;0;0;0;0;0;0;0;0;0;0;;;;;;;;;;;;;;;;;;;;
22.07.2024;08:13;A 27;1;3;6;0;0;0;100;1;2;1;7;2;5;7;16;6;55;1;13;3;11;3;88;1;77;1;55;1;3;3;65;1;88;1;14;1;1;1;6;4;2;8;8;3;2;1;54;4;74;2;55;0;0;0;0;0;0;0;0;0;0;0;0;0;0;0;0;0;0;0;0;0;0;0;0;0;0;0;0;0;0;0;0;;;;;;;;;;;;;;;;;;;;
22.07.2024;08:12;A 27;1;0;0;0;0;0;100;1;3;0;0;0;0;3;15;7;31;2;14;1;0;1;55;2;36;1;12;0;0;4;4;2;20;3;61;1;2;1;40;3;11;7;23;1;2;1;44;5;66;7;32;0;0;0;0;0;0;0;0;0;0;0;0;0;0;0;0;0;0;0;0;0;0;0;0;0;0;0;0;0;0;0;0;;;;;;;;;;;;;;;;;;;;
22.07.2024;08:11;A 27;1;7;8;3;20;0;100;3;8;2;13;0;0;3;37;2;69;1;4;0;0;2;84;2;62;1;42;0;0;6;15;2;36;3;4;2;2;2;10;2;3;3;35;0;0;3;19;1;47;0;0;0;0;0;0;0;0;0;0;0;0;0;0;0;0;0;0;0;0;0;0;0;0;0;0;0;0;0;0;0;0;0;0;;;;;;;;;;;;;;;;;;;;
22.07.2024;08:10;A 27;1;9;11;2;14;0;100;0;0;1;6;0;45;3;6;5;61;1;6;0;0;0;76;0;62;0;52;2;9;3;48;2;66;1;33;1;1;1;7;1;57;0;54;1;58;0;62;0;56;0;57;0;0;0;0;0;0;0;0;0;0;0;0;0;0;0;0;0;0;0;0;0;0;0;0;0;0;0;0;0;0;0;0;;;;;;;;;;;;;;;;;;;;
22.07.2024;08:09;A 27;1;1;1;0;0;0;100;3;9;1;6;3;57;2;7;3;47;3;10;3;14;1;82;1;78;3;40;1;7;8;33;3;60;1;69;4;8;1;15;4;11;6;47;1;45;3;63;4;80;3;56;0;0;0;0;0;0;0;0;0;0;0;0;0;0;0;0;0;0;0;0;0;0;0;0;0;0;0;0;0;0;0;0;;;;;;;;;;;;;;;;;;;;
22.07.2024;08:08;A 27;1;7;8;4;26;0;100;0;0;0;0;0;0;2;2;0;0;0;0;0;0;0;0;2;14;0;0;1;14;6;21;0;38;6;36;1;1;1;7;2;4;3;3;2;67;2;33;1;8;4;51;0;0;0;0;0;0;0;0;0;0;0;0;0;0;0;0;0;0;0;0;0;0;0;0;0;0;0;0;0;0;0;0;;;;;;;;;;;;;;;;;;;;
22.07.2024;08:07;A 27;1;2;2;2;13;0;100;0;0;1;6;1;47;9;15;9;66;1;10;1;4;1;89;0;79;1;5;2;47;2;40;3;53;1;0;0;0;0;0;1;1;0;0;2;50;1;3;0;51;0;49;0;0;0;0;0;0;0;0;0;0;0;0;0;0;0;0;0;0;0;0;0;0;0;0;0;0;1;1;0;0;0;0;;;;;;;;;;;;;;;;;;;;
22.07.2024;08:06;A 27;1;0;0;1;6;0;100;1;1;0;0;1;11;3;7;8;46;0;0;1;6;1;73;2;61;0;0;0;0;6;7;2;32;2;40;0;0;0;0;3;4;3;5;2;47;3;18;2;57;2;32;0;0;0;0;0;0;0;0;0;0;0;0;0;0;0;0;0;0;0;0;0;0;0;0;0;0;0;0;0;0;0;0;;;;;;;;;;;;;;;;;;;;
22.07.2024;08:05;A 27;1;6;12;3;20;0;100;1;1;1;6;2;89;2;94;1;97;0;0;2;39;0;100;0;100;0;0;0;0;5;9;1;23;3;4;3;2;1;7;3;14;1;3;1;15;1;28;0;99;1;5;0;0;0;0;0;0;0;0;0;0;0;0;0;0;1;1;0;0;0;0;0;0;0;0;0;0;0;0;0;0;0;0;;;;;;;;;;;;;;;;;;;;
22.07.2024;08:04;A 27;1;9;61;2;13;0;100;0;0;0;0;1;3;5;11;8;37;0;0;0;0;3;70;3;45;0;0;1;49;4;11;2;67;1;0;0;0;0;0;4;2;3;5;1;0;2;7;1;25;2;2;0;0;0;0;0;0;0;0;0;0;0;0;0;0;0;0;0;0;0;0;0;0;0;0;0;0;0;0;0;0;0;0;;;;;;;;;;;;;;;;;;;;
22.07.2024;08:03;A 27;1;1;94;0;0;0;100;0;0;1;6;2;4;4;14;4;6;1;13;3;17;2;32;2;33;2;5;1;2;4;13;0;76;0;62;0;0;0;0;10;7;8;11;2;18;3;16;4;35;1;25;0;0;0;0;0;0;0;0;0;0;0;0;0;0;0;0;0;0;0;0;0;0;0;0;0;0;0;0;0;0;0;0;;;;;;;;;;;;;;;;;;;;
22.07.2024;08:02;A 27;1;9;11;2;13;0;100;3;7;1;6;1;15;2;53;2;6;2;28;0;0;0;100;1;63;2;13;1;1;7;23;1;50;3;63;1;1;1;10;1;1;1;3;1;53;1;6;4;14;2;57;0;0;0;0;0;0;0;0;0;0;0;0;0;0;0;0;0;0;0;0;0;0;0;0;0;0;0;0;0;0;0;0;;;;;;;;;;;;;;;;;;;;
22.07.2024;08:01;A 27;1;4;4;1;6;0;100;0;0;0;0;0;0;2;58;5;61;2;38;0;0;3;90;5;74;5;11;0;0;3;43;2;77;0;0;0;0;0;0;6;47;7;48;1;55;2;75;4;83;2;59;0;0;0;0;0;0;0;0;0;0;0;0;0;0;0;0;0;0;0;0;0;0;0;0;0;0;0;0;0;0;0;0;;;;;;;;;;;;;;;;;;;;
22.07.2024;08:00;A 27;1;0;0;0;0;0;100;0;0;0;0;0;6;4;20;5;58;1;3;0;0;1;83;2;51;0;12;1;2;5;23;1;46;1;60;0;0;0;0;4;25;11;33;6;33;1;91;2;92;7;59;0;0;0;0;0;0;0;0;0;0;0;0;0;0;0;0;0;0;0;0;0;0;0;0;0;0;0;0;0;0;0;0;;;;;;;;;;;;;;;;;;;;
22.07.2024;07:59;A 27;1;5;5;2;13;0;100;1;4;0;0;1;48;3;43;3;39;0;0;1;13;1;65;1;78;3;39;1;2;5;6;3;33;2;6;1;1;1;8;2;33;2;14;0;0;8;37;1;96;0;0;0;0;0;0;0;0;0;0;0;0;0;0;0;0;0;0;0;0;0;0;0;0;0;0;0;0;0;0;0;0;0;0;;;;;;;;;;;;;;;;;;;;
22.07.2024;07:58;A 27;1;2;3;1;6;0;100;0;0;0;0;1;41;4;13;3;9;0;0;0;41;5;33;1;40;0;0;0;0;4;23;1;47;1;0;0;0;0;0;4;5;2;2;1;0;4;20;2;9;0;0;0;0;0;0;0;0;0;0;0;0;0;0;0;0;0;0;0;0;0;0;0;0;0;0;0;0;0;0;0;0;0;0;;;;;;;;;;;;;;;;;;;;
22.07.2024;07:57;A 27;1;3;8;0;0;0;100;0;0;0;0;5;50;3;9;3;12;1;9;2;55;1;25;2;23;0;7;2;7;5;61;2;86;3;1;1;0;0;0;4;7;7;16;2;20;2;27;3;44;3;9;0;0;0;0;0;0;0;0;0;0;0;0;0;0;0;0;0;0;0;0;0;0;0;0;0;0;0;0;0;0;0;0;;;;;;;;;;;;;;;;;;;;
22.07.2024;07:56;A 27;1;7;13;2;13;0;100;1;1;1;6;1;31;3;76;0;100;1;65;3;21;0;100;0;100;2;25;0;0;4;6;1;25;1;3;3;2;0;0;1;8;2;5;0;100;0;100;1;97;0;0;0;0;0;0;0;0;0;0;0;0;0;0;0;0;0;0;0;0;0;0;0;0;0;0;0;0;1;1;0;0;0;0;;;;;;;;;;;;;;;;;;;;
22.07.2024;07:55;A 27;1;2;1;3;32;0;100;0;0;0;0;0;0;5;10;10;27;1;11;0;0;2;99;4;49;2;8;1;2;3;42;1;64;0;0;0;0;0;0;2;6;2;47;2;77;2;62;3;60;1;62;0;0;0;0;0;0;0;0;0;0;0;0;0;0;0;0;0;0;0;0;0;0;0;0;0;0;0;0;0;0;0;0;;;;;;;;;;;;;;;;;;;;
22.07.2024;07:54;A 27;1;5;34;2;13;0;100;1;1;1;6;0;0;6;11;9;15;0;0;2;4;3;50;1;29;0;0;0;0;7;60;0;80;4;3;0;0;0;0;12;16;8;45;3;86;6;79;5;76;2;90;0;0;0;0;0;0;0;0;0;0;0;0;0;0;0;0;0;0;0;0;0;0;0;0;0;0;0;0;0;0;0;0;;;;;;;;;;;;;;;;;;;;
22.07.2024;07:53;A 27;1;4;3;4;26;0;100;1;1;1;6;2;29;2;50;1;72;0;0;0;4;0;100;1;63;1;5;1;2;11;26;3;69;3;1;0;0;0;0;1;1;2;27;1;87;4;26;2;88;2;54;0;0;0;0;0;0;0;0;0;0;0;0;0;0;0;0;0;0;0;0;0;0;0;0;0;0;0;0;0;0;0;0;;;;;;;;;;;;;;;;;;;;
22.07.2024;07:52;A 27;1;10;10;1;6;0;100;2;1;1;6;2;2;4;3;4;8;3;6;2;11;3;36;5;28;6;16;0;0;4;22;1;51;0;0;0;0;0;0;4;3;6;6;2;1;2;8;3;22;3;7;0;0;0;0;0;0;0;0;0;0;0;0;0;0;0;0;0;0;0;0;0;0;0;0;0;0;0;0;0;0;0;0;;;;;;;;;;;;;;;;;;;;
22.07.2024;07:51;A 27;1;4;3;1;6;0;100;1;1;1;6;1;1;7;8;9;12;0;0;1;4;2;40;3;41;0;0;2;2;8;37;2;69;2;1;3;1;0;0;7;7;2;1;1;3;3;28;3;7;0;3;0;0;0;0;0;0;0;0;0;0;0;0;0;0;0;0;0;0;0;0;0;0;0;0;0;0;0;0;0;0;0;0;;;;;;;;;;;;;;;;;;;;
22.07.2024;07:50;A 27;1;2;1;2;13;0;100;0;0;0;0;1;92;3;86;3;36;1;2;0;5;0;100;0;100;1;4;0;0;5;8;1;32;1;14;1;0;1;3;1;1;1;1;0;99;1;9;3;8;1;3;0;0;1;1;0;0;0;0;0;0;0;0;0;0;0;0;0;0;0;0;0;0;0;0;0;0;0;0;0;0;0;0;;;;;;;;;;;;;;;;;;;;
22.07.2024;07:49;A 27;1;8;8;1;9;0;100;0;0;0;0;1;57;9;74;8;75;2;54;3;5;0;100;0;100;3;19;0;0;3;2;3;17;6;54;5;6;1;8;4;65;2;67;2;92;2;84;1;74;1;21;0;0;0;0;0;0;0;0;0;0;0;0;0;0;0;0;0;0;0;0;0;0;0;0;0;0;0;0;0;0;0;0;;;;;;;;;;;;;;;;;;;;
22.07.2024;07:48;A 27;1;3;52;1;6;0;100;6;13;0;0;3;51;9;55;8;79;0;0;3;20;0;100;1;97;0;0;1;3;7;8;6;48;3;1;1;0;0;0;6;48;3;65;4;54;2;83;3;76;2;7;0;0;0;0;0;0;0;0;0;0;0;0;0;0;0;0;0;0;0;0;0;0;0;0;0;0;0;0;0;0;0;0;;;;;;;;;;;;;;;;;;;;
22.07.2024;07:47;A 27;1;3;5;0;0;0;100;0;0;1;6;0;0;3;81;1;82;1;35;0;0;0;100;1;97;5;12;1;2;5;16;1;29;1;2;0;0;1;1;2;4;4;76;1;6;2;90;1;96;1;5;0;0;0;0;0;0;0;0;0;0;0;0;0;0;0;0;0;0;0;0;0;0;0;0;0;0;0;0;0;0;0;0;;;;;;;;;;;;;;;;;;;;
22.07.2024;07:46;A 27;1;2;1;2;13;0;100;1;1;1;6;2;3;7;60;11;72;1;51;0;0;0;100;2;85;1;55;2;10;3;12;3;49;1;63;1;1;1;8;2;1;2;2;0;47;4;13;2;10;0;0;0;0;0;0;0;0;0;0;0;0;0;0;0;0;0;0;0;0;0;0;0;0;0;0;0;0;0;0;0;0;0;0;;;;;;;;;;;;;;;;;;;;
22.07.2024;07:45;A 27;1;6;71;1;6;0;100;3;2;1;10;1;1;7;40;8;52;2;93;1;6;2;93;2;74;0;100;2;5;15;40;1;88;6;3;0;0;0;0;3;2;3;3;3;44;2;14;4;13;1;4;0;0;0;0;0;0;0;0;0;0;0;0;0;0;0;0;0;0;0;0;0;0;0;0;0;0;0;0;0;0;0;0;;;;;;;;;;;;;;;;;;;;
22.07.2024;07:44;A 27;1;4;7;1;6;0;100;2;5;0;0;0;0;3;37;3;82;1;4;0;0;1;99;1;57;0;100;0;0;8;22;2;46;4;8;2;1;1;2;2;4;2;1;1;8;2;21;2;6;1;5;0;0;0;0;0;0;0;0;0;0;0;0;0;0;0;0;0;0;0;0;0;0;0;0;0;0;0;0;0;0;0;0;;;;;;;;;;;;;;;;;;;;
22.07.2024;07:43;A 27;1;7;15;1;11;0;100;1;1;1;6;1;50;5;54;9;63;1;91;0;0;1;95;1;79;4;78;3;6;4;28;2;53;1;14;1;0;1;6;5;13;5;5;2;2;3;68;7;22;1;3;0;0;0;0;0;0;0;0;0;0;0;0;0;0;0;0;0;0;0;0;0;0;0;0;0;0;0;0;0;0;0;0;;;;;;;;;;;;;;;;;;;;
22.07.2024;07:42;A 27;1;4;6;2;14;0;100;0;0;0;0;1;44;4;14;8;24;3;34;1;6;4;65;1;32;2;41;1;2;5;26;2;54;2;1;0;0;0;0;7;21;9;26;2;8;2;83;3;49;2;4;0;0;0;0;0;0;0;0;0;0;0;0;0;0;0;0;0;0;0;0;0;0;0;0;0;0;0;0;0;0;0;0;;;;;;;;;;;;;;;;;;;;
22.07.2024;07:41;A 27;1;5;6;2;13;0;100;1;1;1;6;1;54;3;28;2;72;1;83;1;9;1;86;2;76;11;69;2;5;15;26;0;58;3;4;0;0;0;0;1;94;2;86;1;28;0;100;1;99;1;9;0;0;0;0;0;0;0;0;0;0;0;0;0;0;0;0;0;0;0;0;0;0;0;0;0;0;0;0;0;0;0;0;;;;;;;;;;;;;;;;;;;;
22.07.2024;07:40;A 27;1;4;5;3;22;0;100;0;0;0;0;0;9;1;55;4;62;0;0;0;0;1;76;0;60;0;54;4;41;3;45;2;65;1;29;1;1;1;8;6;15;7;61;0;0;6;85;4;81;1;0;0;0;0;0;0;0;0;0;0;0;0;0;0;0;0;0;0;0;0;0;0;0;0;0;0;0;0;0;0;0;0;0;;;;;;;;;;;;;;;;;;;;
22.07.2024;07:39;A 27;1;2;2;2;10;0;100;1;1;1;6;1;36;3;21;4;41;1;15;1;6;1;67;2;48;1;25;3;7;6;7;2;68;1;67;3;6;0;0;3;5;5;66;0;0;6;66;2;84;0;0;0;0;0;0;0;0;0;0;0;0;0;0;0;0;0;0;0;0;0;0;0;0;0;0;0;0;0;0;0;0;0;0;;;;;;;;;;;;;;;;;;;;
22.07.2024;07:38;A 27;1;5;6;3;20;0;100;0;0;0;0;1;1;4;39;3;32;3;17;1;7;1;66;1;55;2;29;3;4;7;27;1;55;4;63;2;4;1;19;3;16;4;70;0;0;2;51;2;89;0;0;0;0;0;0;0;0;0;0;0;0;0;0;0;0;0;0;0;0;0;0;0;0;0;0;0;0;0;0;0;0;0;0;;;;;;;;;;;;;;;;;;;;
22.07.2024;07:37;A 27;1;4;4;2;13;0;100;0;0;0;0;2;58;3;39;4;56;1;0;0;60;2;76;3;68;1;2;2;5;3;16;1;72;0;100;0;0;0;0;2;0;6;6;0;0;7;77;5;23;0;0;0;0;0;0;0;0;0;0;0;0;0;0;0;0;0;0;0;0;0;0;0;0;0;0;0;0;0;0;0;0;0;0;;;;;;;;;;;;;;;;;;;;
22.07.2024;07:36;A 27;1;2;34;1;6;0;100;1;1;1;6;1;9;7;14;9;18;1;1;2;19;2;49;1;43;3;11;0;0;5;5;3;31;1;16;1;1;1;7;8;15;5;7;2;5;4;83;9;37;2;7;0;0;0;0;0;0;0;0;0;0;0;0;0;0;0;0;0;0;0;0;0;0;0;0;0;0;0;0;0;0;0;0;;;;;;;;;;;;;;;;;;;;
22.07.2024;07:35;A 27;1;5;27;1;6;0;100;0;0;0;0;0;96;1;67;0;100;0;0;0;0;0;100;0;100;0;0;0;0;8;12;0;32;4;7;6;5;0;0;0;100;2;36;1;57;0;100;1;94;1;3;0;0;0;0;0;0;0;0;0;0;0;0;0;0;0;0;0;0;0;0;0;0;0;0;0;0;0;0;0;0;0;0;;;;;;;;;;;;;;;;;;;;
22.07.2024;07:34;A 27;1;8;72;0;0;0;100;1;2;1;6;1;48;9;15;11;69;3;7;1;7;0;100;4;86;2;10;2;4;5;46;3;73;2;79;1;1;1;8;6;10;5;51;1;4;4;76;4;71;0;0;0;0;0;0;0;0;0;0;0;0;0;0;0;0;0;0;0;0;0;0;0;0;0;0;0;0;0;0;0;0;0;0;;;;;;;;;;;;;;;;;;;;
22.07.2024;07:33;A 27;1;2;52;0;0;0;100;7;40;0;0;1;32;6;12;8;67;0;0;1;6;0;100;2;85;4;4;1;1;7;48;1;67;1;66;1;2;1;27;2;4;4;62;2;5;3;74;2;76;2;18;0;0;0;0;0;0;0;0;0;0;0;0;0;0;0;0;0;0;0;0;0;0;0;0;0;0;0;0;0;0;0;0;;;;;;;;;;;;;;;;;;;;
22.07.2024;07:32;A 27;1;2;4;1;13;0;100;2;10;1;6;0;0;4;22;3;59;1;3;0;0;1;86;1;58;2;14;4;9;2;4;2;36;1;19;1;1;1;9;0;0;2;6;0;0;3;3;3;42;0;0;0;0;0;0;0;0;0;0;0;0;0;0;0;0;0;0;0;0;0;0;0;0;0;0;0;0;0;0;0;0;0;0;;;;;;;;;;;;;;;;;;;;
22.07.2024;07:31;A 27;1;7;8;3;13;0;98;0;0;0;0;0;0;7;12;9;70;1;1;0;0;0;98;2;90;2;7;0;0;2;3;1;36;1;21;1;1;1;6;1;1;4;4;2;0;5;9;4;16;0;0;0;0;0;0;0;0;0;0;0;0;0;0;0;0;0;0;0;0;0;0;0;0;0;0;0;0;0;0;0;0;0;0;;;;;;;;;;;;;;;;;;;;
22.07.2024;07:30;A 27;1;1;0;1;6;0;100;1;0;0;0;4;7;8;12;9;43;0;0;3;21;0;100;2;71;1;1;2;6;10;57;0;93;2;55;0;0;0;52;5;8;3;2;2;2;2;25;1;8;1;2;0;0;0;0;0;0;0;0;0;0;0;0;0;0;0;0;0;0;0;0;0;0;0;0;0;0;0;0;0;0;0;0;;;;;;;;;;;;;;;;;;;;
22.07.2024;07:29;A 27;1;1;0;1;6;0;100;1;1;1;6;0;0;3;65;2;74;2;10;0;0;0;100;1;97;3;55;0;0;5;13;1;31;2;30;2;4;2;27;2;85;4;72;0;0;0;100;1;96;0;0;0;0;0;0;0;0;0;0;0;0;0;0;0;0;0;0;0;0;0;0;0;0;0;0;0;0;0;0;0;0;0;0;;;;;;;;;;;;;;;;;;;;
22.07.2024;07:28;A 27;1;2;1;1;14;0;100;1;0;0;0;0;0;6;53;10;61;0;0;1;0;2;95;3;81;0;46;1;2;4;9;1;67;1;61;1;1;1;9;4;7;2;4;2;0;7;28;3;11;4;5;0;0;0;0;0;0;0;0;0;0;0;0;0;0;0;0;0;0;0;0;0;0;0;0;0;0;0;0;0;0;0;0;;;;;;;;;;;;;;;;;;;;
22.07.2024;07:27;A 27;1;2;2;2;10;0;100;3;6;1;6;0;0;3;8;9;56;0;0;2;3;2;92;5;42;2;7;0;0;11;21;2;85;1;0;0;0;0;0;4;4;2;2;1;3;5;19;3;8;1;4;0;0;0;0;0;0;0;0;0;0;0;0;0;0;0;0;0;0;0;0;0;0;0;0;0;0;0;0;0;0;0;0;;;;;;;;;;;;;;;;;;;;
22.07.2024;07:26;A 27;1;3;3;1;6;0;100;0;0;0;5;0;0;0;0;1;1;1;0;0;0;2;10;2;5;0;0;2;9;2;5;1;17;0;2;0;0;0;0;1;0;1;1;0;96;1;2;1;3;0;0;0;0;0;0;0;0;0;0;0;0;0;0;0;0;0;0;0;0;0;0;0;0;0;0;0;0;0;0;0;0;0;0;;;;;;;;;;;;;;;;;;;;
22.07.2024;07:25;A 27;1;2;2;2;13;0;100;1;1;2;7;3;2;5;53;8;60;1;45;1;2;0;83;4;74;2;4;0;0;3;43;1;56;1;98;1;3;1;79;2;1;4;25;3;52;3;59;4;59;1;53;0;0;0;0;0;0;0;0;0;0;0;0;0;0;0;0;0;0;0;0;0;0;0;0;0;0;0;0;0;0;0;0;;;;;;;;;;;;;;;;;;;;
22.07.2024;07:24;A 27;1;5;4;2;13;0;100;3;8;0;0;1;7;8;54;10;74;4;75;2;13;0;100;1;82;2;17;2;5;9;36;1;76;1;70;5;6;1;3;3;7;4;4;0;0;4;59;4;24;1;0;0;0;0;0;0;0;0;0;0;0;0;0;0;0;0;0;0;0;0;0;0;0;0;0;0;0;0;0;0;0;0;0;;;;;;;;;;;;;;;;;;;;
22.07.2024;07:23;A 27;1;6;8;1;7;0;100;0;0;0;0;0;0;4;34;3;92;1;97;2;23;0;100;2;97;0;100;0;0;8;19;1;39;1;1;0;0;0;5;1;1;0;0;1;0;2;11;1;0;0;0;0;0;0;0;0;0;0;0;0;0;0;0;0;0;0;0;0;0;0;0;0;0;0;0;0;0;0;0;0;0;0;0;;;;;;;;;;;;;;;;;;;;
22.07.2024;07:22;A 27;1;4;5;3;19;0;100;1;1;1;6;0;0;1;49;3;54;1;8;0;0;2;66;1;56;1;11;0;0;3;57;2;83;1;2;2;3;2;70;3;5;2;1;2;59;3;24;3;8;2;32;0;0;0;0;0;0;0;0;0;0;0;0;0;0;0;0;0;0;0;0;0;0;0;0;0;0;0;0;0;0;0;0;;;;;;;;;;;;;;;;;;;;
22.07.2024;07:21;A 27;1;0;0;0;0;0;100;1;1;1;6;1;6;11;40;8;54;2;14;0;4;2;92;1;93;4;26;2;2;1;0;2;10;2;28;2;1;1;8;4;8;4;6;3;36;1;23;3;30;3;16;0;0;0;0;0;0;0;0;0;0;0;0;0;0;0;0;0;0;0;0;0;0;0;0;0;0;0;0;0;0;0;0;;;;;;;;;;;;;;;;;;;;
22.07.2024;07:20;A 27;1;2;2;2;13;0;100;0;0;0;0;1;8;3;43;1;73;3;60;1;22;1;84;1;78;2;42;1;2;1;1;1;8;1;0;2;0;1;3;2;4;2;5;0;0;3;59;2;28;1;0;0;0;0;0;0;0;0;0;0;0;0;0;0;0;0;0;0;0;0;0;0;0;0;0;0;0;0;0;0;0;0;0;;;;;;;;;;;;;;;;;;;;
22.07.2024;07:19;A 27;1;1;2;0;6;0;100;0;0;0;0;0;46;1;2;2;50;3;51;0;0;1;60;1;44;2;54;3;4;2;3;2;57;2;2;0;0;0;0;6;7;5;5;1;0;5;25;4;22;2;5;0;0;0;0;0;0;0;0;0;0;0;0;0;0;0;0;0;0;0;0;0;0;0;0;0;0;0;0;0;0;0;0;;;;;;;;;;;;;;;;;;;;
22.07.2024;07:18;A 27;1;2;1;1;0;0;100;1;1;1;6;3;30;3;6;8;33;0;0;1;26;3;67;1;36;1;1;0;0;4;34;1;78;3;3;3;4;0;0;2;4;4;9;0;0;2;26;2;25;0;0;0;0;0;0;0;0;0;0;0;0;0;0;0;0;0;0;0;0;0;0;0;0;0;0;0;0;0;0;0;0;0;0;;;;;;;;;;;;;;;;;;;;
22.07.2024;07:17;A 27;1;4;4;1;8;0;100;1;5;0;0;1;94;3;14;3;70;0;0;1;64;0;100;1;80;0;0;1;3;3;5;2;24;3;1;0;0;0;0;1;1;0;0;0;0;1;8;0;0;0;0;0;0;0;0;0;0;0;0;0;0;0;0;0;0;0;0;0;0;0;0;0;0;0;0;0;0;0;0;0;0;0;0;;;;;;;;;;;;;;;;;;;;
22.07.2024;07:16;A 27;1;4;9;2;14;0;100;0;0;0;0;0;0;4;34;6;56;0;0;1;2;3;71;0;66;0;46;0;0;2;9;1;20;0;0;0;0;0;0;4;4;2;1;3;1;6;18;2;9;0;0;0;0;0;0;0;0;0;0;0;0;0;0;0;0;0;0;0;0;0;0;0;0;0;0;0;0;0;0;0;0;0;0;;;;;;;;;;;;;;;;;;;;
22.07.2024;07:15;A 27;1;2;1;1;3;0;100;0;0;0;0;0;0;3;44;5;35;2;11;0;0;1;76;1;57;2;45;0;0;2;3;0;59;2;42;0;0;0;0;3;2;3;3;0;0;6;13;3;10;2;4;0;0;0;0;0;0;0;0;0;0;0;0;0;0;0;0;0;0;0;0;0;0;0;0;0;0;1;1;0;0;0;0;;;;;;;;;;;;;;;;;;;;
22.07.2024;07:14;A 27;1;3;6;2;13;0;100;0;0;0;0;1;2;3;4;3;45;2;22;1;6;2;77;3;31;2;28;1;2;6;22;3;61;2;1;1;1;1;10;2;6;2;3;0;0;0;99;3;9;0;0;0;0;0;0;0;0;0;0;0;0;0;0;0;0;0;0;0;0;0;0;0;0;0;0;0;0;0;0;0;0;0;0;;;;;;;;;;;;;;;;;;;;
22.07.2024;07:13;A 27;1;6;7;1;6;0;100;2;7;1;6;1;1;7;20;6;59;2;11;2;8;1;76;1;64;2;17;1;2;3;50;4;70;0;0;0;0;0;0;4;3;3;5;1;60;2;68;3;28;1;58;0;0;0;0;0;0;0;0;0;0;0;0;0;0;0;0;0;0;0;0;0;0;0;0;0;0;0;0;0;0;0;0;;;;;;;;;;;;;;;;;;;;
22.07.2024;07:12;A 27;1;0;0;0;0;0;100;0;0;0;0;1;0;6;26;9;26;2;2;0;0;1;56;0;40;3;13;0;0;6;50;1;73;1;57;0;0;1;7;3;5;4;15;1;62;5;59;2;33;1;59;0;0;0;0;0;0;0;0;0;0;0;0;0;0;0;0;0;0;0;0;0;0;0;0;0;0;0;0;0;0;0;0;;;;;;;;;;;;;;;;;;;;
22.07.2024;07:11;A 27;1;3;2;2;13;0;100;1;1;1;6;1;51;3;85;1;74;0;0;1;8;0;100;0;100;1;82;0;0;4;9;0;20;4;17;1;1;1;13;2;3;2;28;0;100;3;83;1;77;0;0;0;0;0;0;0;0;0;0;0;0;0;0;0;0;0;0;0;0;0;0;0;0;0;0;0;0;0;0;0;0;0;0;;;;;;;;;;;;;;;;;;;;
22.07.2024;07:10;A 27;1;3;6;2;13;0;100;0;20;1;6;0;7;6;58;11;67;4;57;1;1;0;100;2;90;1;70;1;2;3;23;1;64;1;78;1;1;1;8;3;17;4;6;2;20;2;61;4;32;3;15;0;0;0;0;0;0;0;0;0;0;0;0;0;0;0;0;0;0;0;0;0;0;0;0;0;0;0;0;0;0;0;0;;;;;;;;;;;;;;;;;;;;
22.07.2024;07:09;A 27;1;3;6;1;7;0;100;3;42;0;0;1;24;3;47;6;49;1;25;1;7;1;84;1;66;3;9;0;0;4;45;2;59;4;17;9;24;1;9;4;6;1;0;0;0;3;37;1;3;0;0;0;0;0;0;0;0;0;0;0;0;0;0;0;0;0;0;0;0;0;0;0;0;0;0;0;0;0;0;0;0;0;0;;;;;;;;;;;;;;;;;;;;
22.07.2024;07:08;A 27;1;1;0;1;6;0;100;2;2;2;13;1;41;4;55;5;82;0;0;2;13;0;100;2;83;0;0;0;0;9;48;1;75;3;2;0;0;0;0;1;2;1;1;1;21;1;40;3;10;1;7;0;0;0;0;0;0;0;0;0;0;0;0;0;0;0;0;0;0;0;0;0;0;0;0;0;0;0;0;0;0;0;0;;;;;;;;;;;;;;;;;;;;
22.07.2024;07:07;A 27;1;3;3;3;20;0;100;0;0;1;6;0;0;5;61;7;67;1;2;1;3;1;95;5;81;1;5;0;0;4;49;1;70;1;0;0;0;0;0;4;4;5;6;2;2;4;58;3;25;1;3;0;0;0;0;0;0;0;0;0;0;0;0;0;0;0;0;0;0;0;0;0;0;0;0;0;0;0;0;0;0;0;0;;;;;;;;;;;;;;;;;;;;
22.07.2024;07:06;A 27;1;3;35;2;13;0;100;1;1;0;0;0;0;4;8;7;26;0;0;0;0;4;64;3;35;0;0;2;6;5;40;1;63;2;35;2;5;1;32;3;5;1;0;0;0;3;20;0;0;0;0;0;0;0;0;0;0;0;0;0;0;0;0;0;0;0;0;0;0;0;0;0;0;0;0;0;0;0;0;0;0;0;0;;;;;;;;;;;;;;;;;;;;
22.07.2024;07:05;A 27;1;2;1;2;13;0;100;0;0;0;0;2;11;2;2;3;92;0;0;1;17;0;100;1;17;0;0;0;0;2;17;1;27;2;11;0;0;2;5;1;4;2;5;2;7;2;58;0;97;1;5;0;0;0;0;0;0;0;0;0;0;0;0;0;0;0;0;0;0;0;0;0;0;0;0;0;0;0;0;0;0;0;0;;;;;;;;;;;;;;;;;;;;
22.07.2024;07:04;A 27;1;4;4;2;13;0;100;0;0;0;0;1;3;9;22;8;51;1;0;1;7;1;98;2;73;2;1;0;5;5;50;3;77;1;0;2;3;3;15;8;11;5;6;1;2;5;48;5;34;1;4;0;0;0;0;0;0;3;5;0;0;0;0;0;0;0;0;0;0;0;0;0;0;0;0;0;0;0;0;0;0;0;0;;;;;;;;;;;;;;;;;;;;
22.07.2024;07:03;A 27;1;2;3;1;6;0;100;0;0;0;0;1;10;4;16;7;23;0;0;2;13;0;100;0;33;0;0;1;3;7;20;2;61;5;5;3;3;0;0;3;6;0;0;1;11;2;20;1;17;1;4;0;0;1;1;0;0;4;6;0;0;0;0;0;0;0;0;0;0;0;0;0;0;0;0;0;0;0;0;0;0;0;0;;;;;;;;;;;;;;;;;;;;
22.07.2024;07:02;A 27;1;2;1;2;13;0;100;2;5;1;6;1;25;3;50;3;34;1;2;3;24;5;58;4;66;1;4;0;0;8;22;2;53;7;12;0;0;0;9;2;3;2;5;1;95;2;14;2;15;0;3;0;0;0;0;0;0;0;0;0;0;0;0;0;0;0;0;0;0;0;0;0;0;0;0;0;0;0;0;0;0;0;0;;;;;;;;;;;;;;;;;;;;
22.07.2024;07:01;A 27;1;2;1;2;16;0;100;1;1;1;6;0;0;4;6;5;9;2;3;0;0;2;89;8;34;2;7;0;0;3;19;1;35;1;92;2;3;1;44;8;4;5;4;1;59;3;32;11;26;2;4;0;0;0;0;0;0;0;0;0;0;0;0;0;0;0;0;0;0;0;0;0;0;0;0;0;0;0;0;0;0;0;0;;;;;;;;;;;;;;;;;;;;
22.07.2024;07:00;A 27;1;3;31;1;3;0;100;1;3;0;0;0;7;5;16;10;30;0;8;0;0;1;80;0;27;0;0;0;61;5;78;0;87;4;1;0;0;1;2;2;14;5;6;3;61;1;25;3;38;3;8;0;0;0;0;0;0;0;0;0;0;0;0;0;0;0;0;0;0;0;0;0;0;0;0;0;0;0;0;0;0;0;0;;;;;;;;;;;;;;;;;;;;
22.07.2024;06:59;A 27;1;3;3;3;20;0;100;0;1;1;6;1;27;1;89;2;72;1;83;1;23;0;100;0;100;1;5;3;26;4;17;1;51;3;4;0;0;2;1;3;25;3;7;1;31;2;48;5;44;1;2;0;0;0;0;0;0;0;0;0;0;0;0;0;0;0;0;0;0;0;0;0;0;0;0;0;0;0;0;0;0;0;0;;;;;;;;;;;;;;;;;;;;
22.07.2024;06:58;A 27;1;1;1;0;0;0;100;2;2;0;0;3;4;4;53;5;55;0;0;4;19;3;91;1;66;0;0;1;3;4;6;1;80;0;0;0;0;0;0;2;3;0;0;0;0;2;13;0;42;0;0;0;0;0;0;0;0;0;0;0;0;0;0;0;0;0;0;0;0;0;0;0;0;0;0;0;0;0;0;0;0;0;0;;;;;;;;;;;;;;;;;;;;
22.07.2024;06:57;A 27;1;0;0;0;0;0;100;3;27;1;6;2;2;3;34;5;47;1;2;2;7;2;81;2;56;1;5;1;38;8;16;1;79;5;4;0;0;3;1;5;15;6;6;1;5;8;37;2;71;0;4;0;0;0;0;0;0;0;0;0;0;0;0;0;0;0;0;0;0;0;0;0;0;0;0;0;0;0;0;0;0;0;0;;;;;;;;;;;;;;;;;;;;
22.07.2024;06:56;A 27;1;5;4;2;13;0;100;1;1;1;6;1;48;2;6;2;58;1;2;1;9;3;80;1;77;1;4;1;1;5;7;2;28;1;6;0;0;0;0;2;19;2;4;1;38;2;40;3;42;2;10;0;0;0;0;0;0;0;0;0;0;0;0;0;0;0;0;0;0;0;0;0;0;0;0;0;0;0;0;0;0;0;0;;;;;;;;;;;;;;;;;;;;
22.07.2024;06:55;A 27;1;3;3;2;13;0;100;0;0;0;0;0;0;5;39;4;59;0;0;0;0;1;82;0;69;4;12;0;0;2;2;2;17;1;58;1;1;1;11;5;6;3;2;0;0;4;37;2;9;0;0;0;0;0;0;0;0;0;0;0;0;0;0;0;0;0;0;0;0;0;0;0;0;0;0;0;0;0;0;0;0;0;0;;;;;;;;;;;;;;;;;;;;
22.07.2024;06:54;A 27;1;3;1;1;6;0;100;1;1;1;6;2;6;2;1;8;12;1;0;1;10;1;96;3;10;1;2;0;0;8;30;4;61;4;5;4;4;0;0;1;0;0;0;2;0;1;4;0;0;0;0;0;0;0;0;0;0;0;0;0;0;0;0;0;0;0;0;0;0;0;0;0;0;0;0;0;0;0;0;0;0;0;0;;;;;;;;;;;;;;;;;;;;
22.07.2024;06:53;A 27;1;1;0;1;6;0;100;0;0;0;0;0;0;1;3;4;25;1;4;0;0;2;54;0;95;1;5;1;2;1;3;1;13;2;2;0;0;0;0;0;0;0;0;0;0;0;0;0;0;0;0;0;0;0;0;0;0;0;0;0;0;0;0;0;0;0;0;0;0;0;0;0;0;0;0;0;0;0;0;0;0;0;0;;;;;;;;;;;;;;;;;;;;
22.07.2024;06:52;A 27;1;3;2;1;6;0;100;1;1;1;6;0;0;9;61;4;56;3;4;0;0;1;81;1;99;1;53;0;0;3;16;1;27;2;80;2;3;2;75;3;2;3;2;4;6;2;14;5;20;2;9;0;0;0;0;0;0;0;0;0;0;0;0;0;0;0;0;0;0;0;0;0;0;0;0;0;0;0;0;0;0;0;0;;;;;;;;;;;;;;;;;;;;
22.07.2024;06:51;A 27;1;2;1;0;0;0;100;0;0;0;0;1;4;6;26;10;66;1;1;1;7;0;100;3;68;2;17;1;1;6;26;1;51;3;4;1;1;1;12;5;5;5;5;2;4;3;24;3;21;1;4;0;0;0;0;0;0;0;0;0;0;0;0;0;0;0;0;0;0;0;0;0;0;0;0;0;0;0;0;0;0;0;0;;;;;;;;;;;;;;;;;;;;
22.07.2024;06:50;A 27;1;4;4;3;20;0;100;0;0;0;0;0;0;1;94;2;79;0;0;0;0;0;100;0;100;0;0;0;0;1;0;1;6;1;3;0;0;0;0;0;0;0;0;1;19;1;3;2;6;1;4;0;0;0;0;0;0;0;0;0;0;0;0;0;0;0;0;0;0;0;0;0;0;0;0;0;0;0;0;0;0;0;0;;;;;;;;;;;;;;;;;;;;
22.07.2024;06:49;A 27;1;8;10;1;6;0;100;1;0;0;0;0;0;7;29;10;24;2;2;1;1;5;93;3;74;2;21;0;0;3;5;1;24;2;1;3;4;0;0;2;2;2;2;1;0;2;19;2;10;0;0;0;0;0;0;0;0;0;0;0;0;0;0;0;0;0;0;0;0;0;0;0;0;0;0;0;0;0;0;0;0;0;0;;;;;;;;;;;;;;;;;;;;
22.07.2024;06:48;A 27;1;1;1;0;0;0;100;1;2;1;8;2;2;3;11;3;13;1;1;2;12;2;33;3;28;1;4;1;5;3;45;2;74;0;0;0;0;0;0;3;2;2;3;1;0;2;18;2;10;1;2;0;0;0;0;0;0;0;0;0;0;0;0;0;0;0;0;0;0;0;0;0;0;0;0;0;0;0;0;0;0;0;0;;;;;;;;;;;;;;;;;;;;
22.07.2024;06:47;A 27;1;5;33;3;20;0;100;1;4;0;0;0;0;2;79;3;82;0;0;1;5;0;100;1;93;0;0;0;0;4;16;1;34;1;0;0;0;0;0;1;1;1;0;0;0;2;11;1;3;0;0;0;0;0;0;0;0;0;0;0;0;0;0;0;0;0;0;0;0;0;0;0;0;0;0;0;0;0;0;0;0;0;0;;;;;;;;;;;;;;;;;;;;
22.07.2024;06:46;A 27;1;2;2;2;13;0;100;1;1;2;13;1;1;6;70;8;70;2;2;3;7;3;97;2;86;0;3;2;4;3;36;2;66;0;0;0;0;0;0;3;2;7;8;1;0;4;23;6;51;2;2;0;0;0;0;0;0;0;0;0;0;0;0;0;0;0;0;0;0;0;0;0;0;0;0;0;0;0;0;0;0;0;0;;;;;;;;;;;;;;;;;;;;
22.07.2024;06:45;A 27;1;1;7;1;6;0;100;2;3;1;6;1;2;6;9;7;22;0;0;0;1;7;66;3;51;1;1;2;4;11;51;2;96;4;2;0;0;0;0;2;7;0;0;1;2;0;12;0;7;1;3;0;0;0;0;0;0;0;0;0;0;0;0;0;0;0;0;0;0;0;0;0;0;0;0;0;0;0;0;0;0;0;0;;;;;;;;;;;;;;;;;;;;
22.07.2024;06:44;A 27;1;1;1;0;0;0;100;0;0;0;0;1;54;3;5;4;12;0;0;1;61;1;65;2;59;0;0;1;2;3;2;2;19;2;0;0;0;0;0;4;12;1;3;1;78;1;61;3;19;1;3;0;0;0;0;0;0;0;0;0;0;0;0;0;0;0;0;0;0;0;0;0;0;0;0;0;0;0;0;0;0;0;0;;;;;;;;;;;;;;;;;;;;
22.07.2024;06:43;A 27;1;0;0;0;0;0;100;0;0;0;0;1;46;8;30;8;38;2;32;0;44;0;68;5;70;2;39;0;0;1;1;1;10;0;0;0;0;0;0;4;3;5;6;2;0;5;43;4;21;0;0;0;0;0;0;0;0;0;0;0;0;0;0;0;0;0;0;0;0;0;0;0;0;0;0;0;0;0;0;0;0;0;0;;;;;;;;;;;;;;;;;;;;
22.07.2024;06:42;A 27;1;3;3;2;13;0;100;2;6;1;6;1;23;1;1;4;4;1;4;2;15;2;31;5;18;2;10;0;0;4;39;0;54;0;0;0;0;0;0;4;5;4;4;0;0;6;35;3;17;0;0;0;0;0;0;0;0;0;0;0;0;0;0;0;0;0;0;0;0;0;0;0;0;0;0;0;0;0;0;0;0;0;0;;;;;;;;;;;;;;;;;;;;
22.07.2024;06:41;A 27;1;2;2;1;6;0;100;1;0;1;6;2;3;2;3;2;9;1;3;1;13;5;28;3;22;1;5;2;4;2;18;2;37;0;0;0;0;0;0;3;5;2;4;2;1;2;65;4;17;0;0;0;0;0;0;0;0;0;0;0;0;0;0;0;0;0;0;0;0;0;0;0;0;0;0;0;0;0;0;0;0;0;0;;;;;;;;;;;;;;;;;;;;
22.07.2024;06:40;A 27;1;8;12;1;6;0;100;0;0;1;6;1;60;5;30;5;68;2;2;2;51;2;88;3;83;3;67;2;6;3;22;3;50;0;0;0;0;0;0;3;3;2;1;0;59;1;19;2;9;0;0;0;0;0;0;0;0;0;0;0;0;0;0;0;0;0;0;0;0;0;0;0;0;0;0;0;0;0;0;0;0;0;0;;;;;;;;;;;;;;;;;;;;
22.07.2024;06:39;A 27;1;2;1;1;6;0;100;1;2;0;0;1;57;3;5;7;49;1;1;1;6;2;81;4;57;2;31;1;2;4;25;3;47;2;6;3;13;0;0;3;3;4;4;4;2;3;25;5;23;3;5;0;0;0;0;0;0;0;0;0;0;0;0;0;0;0;0;0;0;0;0;0;0;0;0;0;0;0;0;0;0;0;0;;;;;;;;;;;;;;;;;;;;
22.07.2024;06:38;A 27;1;3;4;2;13;0;100;1;2;1;6;0;0;2;4;3;12;0;0;0;0;3;44;2;26;0;0;2;4;3;11;3;31;1;0;1;0;0;0;1;1;2;3;0;0;3;19;2;13;0;0;0;0;0;0;0;0;0;0;0;0;0;0;0;0;0;0;0;0;0;0;0;0;0;0;0;0;0;0;0;0;0;0;;;;;;;;;;;;;;;;;;;;
22.07.2024;06:37;A 27;1;0;0;0;0;0;100;0;0;0;0;0;0;2;4;2;62;0;53;0;0;0;69;0;63;0;0;0;0;4;38;2;60;0;0;0;0;0;0;4;7;4;13;2;0;2;38;4;32;0;0;0;0;0;0;0;0;0;0;0;0;0;0;0;0;0;0;0;0;0;0;0;0;0;0;0;0;0;0;0;0;0;0;;;;;;;;;;;;;;;;;;;;
22.07.2024;06:36;A 27;1;1;1;1;6;0;100;0;0;0;0;0;0;3;5;4;47;1;56;0;0;2;77;3;75;1;5;0;0;5;43;0;57;1;0;0;0;0;0;0;0;1;1;0;0;0;0;0;3;0;0;0;0;0;0;0;0;0;0;0;0;0;0;0;0;0;0;0;0;0;0;0;0;0;0;0;0;0;0;0;0;0;0;;;;;;;;;;;;;;;;;;;;
22.07.2024;06:35;A 27;1;4;3;2;13;0;100;0;0;0;0;1;4;2;61;5;73;1;46;1;5;0;100;1;72;1;64;1;5;3;4;2;26;1;0;0;0;0;0;1;1;0;0;2;1;1;5;1;1;0;0;0;0;0;0;0;0;0;0;0;0;0;0;0;0;0;0;0;0;0;0;0;0;0;0;0;0;0;0;0;0;0;0;;;;;;;;;;;;;;;;;;;;
22.07.2024;06:34;A 27;1;2;5;0;0;0;100;0;0;0;0;0;7;6;10;5;18;3;3;0;0;3;57;2;45;1;4;0;0;4;5;2;81;8;10;9;9;1;7;2;13;2;3;3;1;3;28;0;13;1;12;0;0;0;0;0;0;0;0;0;0;0;0;0;0;0;0;0;0;0;0;0;0;0;0;0;0;0;0;0;0;0;0;;;;;;;;;;;;;;;;;;;;
22.07.2024;06:33;A 27;1;1;1;1;6;0;100;4;10;1;7;1;24;2;4;5;78;0;0;2;10;0;100;2;84;0;0;1;2;7;24;3;60;2;1;1;0;0;0;4;26;2;7;0;0;5;49;2;38;2;29;0;0;0;0;0;0;0;0;0;0;0;0;0;0;0;0;0;0;0;0;0;0;0;0;0;0;0;0;0;0;0;0;;;;;;;;;;;;;;;;;;;;
22.07.2024;06:32;A 27;1;4;14;1;6;0;100;0;0;0;0;0;0;1;0;4;8;0;0;0;0;1;90;1;7;0;0;5;18;6;25;2;44;4;10;1;0;0;0;3;3;2;4;1;68;2;18;1;31;1;3;0;0;0;0;0;0;0;0;0;0;0;0;0;0;0;0;0;0;0;0;0;0;0;0;0;0;0;0;0;0;0;0;;;;;;;;;;;;;;;;;;;;
22.07.2024;06:31;A 27;1;7;30;2;13;0;100;0;0;0;0;1;1;3;2;5;48;1;0;1;4;5;79;3;22;1;2;1;2;3;48;5;82;0;0;0;0;0;0;3;2;3;1;4;3;4;20;3;11;1;2;0;0;0;0;0;0;0;0;1;3;0;0;0;0;0;0;0;0;0;0;0;0;0;0;0;0;0;0;0;0;0;0;;;;;;;;;;;;;;;;;;;;
22.07.2024;06:30;A 27;1;2;8;2;13;0;100;0;0;0;0;1;12;5;13;7;43;0;0;1;5;5;85;1;40;0;0;0;0;1;1;1;13;0;0;0;0;0;0;1;0;1;0;0;0;2;7;1;4;0;0;0;0;0;0;0;0;0;0;0;0;0;0;0;0;0;0;0;0;0;0;0;0;0;0;0;0;0;0;0;0;0;0;;;;;;;;;;;;;;;;;;;;
22.07.2024;06:29;A 27;1;1;33;0;0;0;100;1;1;1;6;1;61;1;1;1;2;0;0;1;5;3;13;1;10;0;0;0;0;0;0;0;0;0;0;0;0;0;0;3;6;1;2;0;1;3;18;1;11;0;0;0;0;0;0;0;0;0;0;0;0;0;0;0;0;0;0;0;0;0;0;0;0;0;0;0;0;0;0;0;0;0;0;;;;;;;;;;;;;;;;;;;;
22.07.2024;06:28;A 27;1;3;2;1;11;0;100;2;4;0;0;1;0;4;36;2;4;1;4;0;0;2;47;3;65;3;32;2;4;3;3;3;24;0;0;0;0;0;0;3;48;4;26;3;72;2;76;3;66;2;57;0;0;0;0;0;0;0;0;0;0;0;0;0;0;0;0;0;0;0;0;0;0;0;0;0;0;0;0;0;0;0;0;;;;;;;;;;;;;;;;;;;;
22.07.2024;06:27;A 27;1;0;0;0;5;0;100;0;0;0;0;1;0;4;26;4;7;0;0;0;0;2;65;1;63;2;4;1;2;3;4;3;49;2;55;1;1;1;9;1;41;1;0;1;0;2;49;1;3;0;0;0;0;0;0;0;0;0;0;0;0;0;0;0;0;0;0;0;0;0;0;0;0;0;0;0;0;0;0;0;0;0;0;;;;;;;;;;;;;;;;;;;;
22.07.2024;06:26;A 27;1;2;2;1;0;0;100;1;1;1;6;0;0;6;27;8;33;0;0;1;1;2;93;3;53;0;0;1;46;8;51;2;85;4;3;2;2;1;4;4;18;2;3;0;19;2;45;2;12;0;0;0;0;0;0;0;0;0;0;0;0;0;0;0;0;0;0;0;0;0;0;0;0;0;0;0;0;0;0;0;0;0;0;;;;;;;;;;;;;;;;;;;;
22.07.2024;06:25;A 27;1;2;4;1;6;0;100;1;2;1;6;1;5;3;43;3;69;0;0;1;8;0;100;2;68;0;0;2;1;5;9;2;32;4;7;9;17;0;0;2;3;1;2;1;87;1;23;1;7;1;14;0;0;0;0;0;0;0;0;0;0;0;0;0;0;0;0;0;0;0;0;0;0;0;0;0;0;0;0;0;0;0;0;;;;;;;;;;;;;;;;;;;;
22.07.2024;06:24;A 27;1;4;3;2;13;0;100;0;0;0;0;0;0;2;5;5;56;0;0;0;0;2;77;5;66;0;0;0;0;0;2;0;6;0;2;4;22;0;0;3;9;0;0;1;0;2;46;0;0;0;0;0;0;0;0;0;0;0;0;0;0;0;0;0;0;0;0;0;0;0;0;0;0;0;0;0;0;0;0;0;0;0;0;;;;;;;;;;;;;;;;;;;;
22.07.2024;06:23;A 27;1;1;1;1;6;0;100;1;1;1;6;1;11;1;1;2;9;0;0;1;8;0;45;6;12;0;0;0;0;3;12;1;29;2;30;2;4;2;24;1;46;3;3;1;0;5;67;3;17;0;0;0;0;0;0;0;0;0;0;0;0;0;0;0;0;0;0;0;0;0;0;0;0;0;0;0;0;0;0;0;0;0;0;;;;;;;;;;;;;;;;;;;;
22.07.2024;06:22;A 27;1;2;3;2;13;0;100;0;0;0;0;1;15;6;10;7;12;1;4;2;17;2;50;1;40;1;25;1;4;6;57;1;89;1;0;0;0;0;0;6;48;5;5;2;0;4;85;5;41;0;0;0;0;0;0;0;0;0;0;0;0;0;0;0;0;0;0;0;0;0;0;0;0;0;0;0;0;0;0;0;0;0;0;;;;;;;;;;;;;;;;;;;;
22.07.2024;06:21;A 27;1;2;2;2;13;0;100;0;0;0;0;1;35;2;7;4;8;0;0;2;36;1;90;4;68;1;47;0;0;2;36;0;48;0;36;0;0;0;0;4;35;2;4;1;1;5;70;3;81;1;2;0;0;0;0;0;0;0;0;0;0;0;0;0;0;0;0;0;0;0;0;0;0;0;0;0;0;0;0;0;0;0;0;;;;;;;;;;;;;;;;;;;;
22.07.2024;06:20;A 27;1;2;1;1;6;0;100;0;0;0;0;0;0;2;5;2;3;0;0;0;0;4;34;1;59;0;0;1;2;4;6;3;38;7;50;6;6;1;7;1;1;0;0;1;90;1;7;0;2;1;4;0;0;0;0;0;0;0;0;0;0;0;0;0;0;0;0;0;0;0;0;0;0;0;0;0;0;0;0;0;0;0;0;;;;;;;;;;;;;;;;;;;;
22.07.2024;06:19;A 27;1;3;7;2;13;0;100;0;0;0;0;2;42;0;0;2;62;0;0;2;14;2;71;0;0;0;0;0;0;4;4;3;27;1;0;0;0;0;0;2;2;3;3;1;58;2;16;3;30;1;2;0;0;0;0;0;0;0;0;0;0;0;0;0;0;0;0;0;0;0;0;0;0;0;0;0;0;0;0;0;0;0;0;;;;;;;;;;;;;;;;;;;;
22.07.2024;06:18;A 27;1;2;3;1;6;0;100;1;68;0;0;1;14;4;7;9;18;0;0;1;7;2;76;3;40;0;0;1;2;9;43;2;73;1;0;0;0;0;0;3;5;2;3;1;42;1;29;2;30;1;3;0;0;0;0;0;0;0;0;0;0;0;0;0;0;0;0;0;0;0;0;0;0;0;0;0;0;0;0;0;0;0;0;;;;;;;;;;;;;;;;;;;;
22.07.2024;06:17;A 27;1;3;2;4;29;0;100;3;14;0;0;1;11;2;2;2;3;0;0;2;5;9;36;2;20;0;0;2;9;3;43;0;59;3;5;3;4;0;0;1;2;2;3;1;2;3;20;2;46;1;4;0;0;0;0;0;0;0;0;0;0;0;0;0;0;0;0;0;0;0;0;0;0;0;0;0;0;0;0;0;0;0;0;;;;;;;;;;;;;;;;;;;;
22.07.2024;06:16;A 27;1;1;0;1;6;0;100;0;0;0;0;1;0;1;1;5;27;1;1;2;4;1;92;10;17;1;5;1;1;2;29;3;52;0;0;0;0;0;0;3;4;4;2;1;46;3;30;2;10;4;6;0;0;0;0;0;0;0;0;0;0;0;0;0;0;0;0;0;0;0;0;0;0;0;0;0;0;0;0;0;0;0;0;;;;;;;;;;;;;;;;;;;;
22.07.2024;06:15;A 27;1;2;5;1;11;0;100;0;0;0;0;0;0;1;17;3;3;0;0;0;0;3;29;2;27;2;22;0;0;0;0;0;0;0;0;0;0;0;0;2;2;0;0;1;0;1;13;0;0;0;0;0;0;0;0;0;0;0;0;0;0;0;0;0;0;0;0;0;0;0;0;0;0;0;0;0;0;0;0;0;0;0;0;;;;;;;;;;;;;;;;;;;;
22.07.2024;06:14;A 27;1;2;2;2;15;0;100;0;0;0;0;0;0;1;1;3;13;0;0;0;0;2;35;1;17;2;2;1;0;4;11;0;85;3;3;1;1;0;0;1;2;0;0;0;0;0;8;0;0;0;0;0;0;0;0;0;0;0;0;0;0;0;0;0;0;0;0;0;0;0;0;0;0;0;0;0;0;0;0;0;0;0;0;;;;;;;;;;;;;;;;;;;;
22.07.2024;06:13;A 27;1;3;4;2;13;0;100;1;4;1;6;0;0;2;6;5;18;1;1;0;0;3;46;3;27;1;4;1;2;2;32;4;52;0;26;0;0;0;0;1;0;1;1;0;0;1;11;1;7;0;0;0;0;0;0;0;0;0;0;0;0;0;0;0;0;0;0;0;0;0;0;0;0;0;0;0;0;0;0;0;0;0;0;;;;;;;;;;;;;;;;;;;;
22.07.2024;06:12;A 27;1;4;14;1;6;0;100;0;0;0;0;2;4;4;4;5;5;0;0;2;16;3;34;3;27;0;0;0;0;3;4;3;52;1;6;1;1;1;6;1;6;0;0;0;0;1;51;0;0;0;0;0;0;0;0;0;0;0;0;0;0;0;0;0;0;0;0;0;0;0;0;0;0;0;0;0;0;0;0;0;0;0;0;;;;;;;;;;;;;;;;;;;;
22.07.2024;06:11;A 27;1;0;0;0;2;0;100;1;6;0;0;3;39;1;1;2;2;0;0;1;43;5;26;1;9;0;0;0;0;1;0;0;0;0;0;0;0;0;0;3;3;3;3;0;0;3;61;3;14;0;0;0;0;0;0;0;0;0;0;0;0;0;0;0;0;0;0;0;0;0;0;0;0;0;0;0;0;0;0;0;0;0;0;;;;;;;;;;;;;;;;;;;;
22.07.2024;06:10;A 27;1;3;3;2;14;0;100;0;0;0;0;1;8;0;0;3;23;0;0;2;24;3;42;0;26;0;0;1;2;3;3;1;83;2;0;0;0;0;0;3;18;3;3;1;1;4;54;3;31;1;1;0;0;0;0;0;0;0;0;0;0;0;0;0;0;0;0;0;0;0;0;0;0;0;0;0;0;0;0;0;0;0;0;;;;;;;;;;;;;;;;;;;;
22.07.2024;06:09;A 27;1;2;3;2;9;0;100;0;0;0;0;0;0;1;1;3;30;0;0;2;11;1;63;2;31;0;0;1;2;3;4;2;32;7;5;3;2;0;0;2;4;2;4;0;0;13;33;2;49;0;0;0;0;0;0;0;0;0;0;0;0;0;0;0;0;0;0;0;0;0;0;0;0;0;0;0;0;0;0;0;0;0;0;;;;;;;;;;;;;;;;;;;;
22.07.2024;06:08;A 27;1;3;4;3;28;0;100;1;2;1;6;0;0;0;0;3;3;1;0;1;6;5;33;0;0;0;0;0;0;2;6;3;28;0;0;2;7;0;0;3;15;2;3;1;0;1;51;2;15;0;0;0;0;0;0;0;0;0;0;0;0;0;0;0;0;0;0;0;0;0;0;0;0;0;0;0;0;0;0;0;0;0;0;;;;;;;;;;;;;;;;;;;;
22.07.2024;06:07;A 27;1;1;2;1;6;0;100;1;1;1;6;1;39;0;0;3;48;0;0;2;7;3;64;0;40;0;0;1;1;3;38;3;58;0;0;0;0;0;0;1;1;2;1;1;22;2;19;2;13;1;7;0;0;0;0;0;0;0;0;0;0;0;0;0;0;0;0;0;0;0;0;0;0;0;0;0;0;0;0;0;0;0;0;;;;;;;;;;;;;;;;;;;;
22.07.2024;06:06;A 27;1;2;3;1;6;0;100;0;0;0;0;1;9;3;4;4;39;0;0;3;21;1;57;3;55;0;0;0;0;3;6;3;36;1;0;0;0;0;0;1;1;1;2;1;22;0;8;1;9;0;18;0;0;0;0;0;0;0;0;0;0;0;0;0;0;0;0;0;0;0;0;0;0;0;0;0;0;0;0;0;0;0;0;;;;;;;;;;;;;;;;;;;;
22.07.2024;06:05;A 27;1;3;3;1;10;0;100;0;0;0;0;0;0;2;5;2;3;1;4;1;0;2;24;1;30;1;6;1;27;4;32;2;50;3;9;6;5;0;0;2;2;0;0;1;76;1;15;2;12;2;7;0;0;0;0;0;0;0;0;0;0;0;0;0;0;0;0;0;0;0;0;0;0;0;0;0;0;0;0;0;0;0;0;;;;;;;;;;;;;;;;;;;;
22.07.2024;06:04;A 27;1;1;1;1;3;0;100;0;0;0;0;0;0;1;1;2;14;1;2;4;7;3;39;6;18;1;4;0;0;0;0;1;9;0;2;6;6;0;0;2;3;1;0;1;0;1;46;1;2;0;0;0;0;0;0;0;0;0;0;0;0;0;0;0;0;0;0;0;0;0;0;0;0;0;0;0;0;0;0;0;0;0;0;;;;;;;;;;;;;;;;;;;;
22.07.2024;06:03;A 27;1;1;1;1;6;0;100;11;8;0;0;0;0;0;0;2;4;1;0;2;4;2;31;0;0;0;0;1;2;4;4;3;31;2;2;3;8;0;0;2;30;0;0;0;0;1;46;0;3;0;0;0;0;0;0;0;0;0;0;0;0;0;0;0;0;0;0;0;0;0;0;0;0;0;0;0;0;0;0;0;0;0;0;;;;;;;;;;;;;;;;;;;;
22.07.2024;06:02;A 27;1;3;22;2;13;0;100;0;0;0;0;1;1;0;0;4;3;2;6;4;16;4;36;2;4;1;3;0;0;0;0;0;0;0;66;0;54;0;65;3;5;1;1;1;0;2;29;1;4;1;0;0;0;0;0;0;0;0;0;0;0;0;0;0;0;0;0;0;0;0;0;0;0;0;0;0;0;0;0;0;0;0;0;;;;;;;;;;;;;;;;;;;;
22.07.2024;06:01;A 27;1;1;7;1;11;0;100;0;0;0;0;1;1;1;0;5;8;1;1;4;18;5;45;4;15;2;7;0;0;4;5;2;68;2;29;1;35;1;40;1;1;1;1;1;0;1;10;1;5;0;0;0;0;0;0;0;0;0;0;0;0;0;0;0;0;0;0;0;0;0;0;0;0;0;0;0;0;0;0;0;0;0;0;;;;;;;;;;;;;;;;;;;;
22.07.2024;06:00;A 27;1;1;1;1;2;0;100;0;0;0;0;0;0;1;1;2;2;0;0;1;4;2;30;1;4;0;0;1;1;2;33;1;51;0;25;0;0;0;0;0;0;0;0;1;1;1;6;1;7;1;4;0;0;0;0;0;0;0;0;0;0;0;0;0;0;0;0;0;0;0;0;0;0;0;0;0;0;0;0;0;0;0;0;;;;;;;;;;;;;;;;;;;;
22.07.2024;05:59;A 27;1;0;0;0;0;0;100;0;0;0;0;1;1;3;6;5;73;2;1;1;61;0;100;3;78;3;7;0;0;10;27;2;72;3;6;1;1;1;11;0;0;0;0;3;1;0;0;0;0;1;0;0;0;0;0;0;0;0;0;0;0;0;0;0;0;0;0;0;0;0;0;0;0;0;0;0;0;1;1;0;0;0;0;;;;;;;;;;;;;;;;;;;;
22.07.2024;05:58;A 27;1;3;2;1;6;0;100;2;4;0;0;0;0;3;2;7;68;2;2;4;25;2;95;9;41;3;9;0;0;3;88;1;99;0;0;0;0;0;0;2;6;3;3;2;3;2;62;3;20;3;9;0;0;0;0;0;0;0;0;0;0;0;0;0;0;0;0;0;0;0;0;0;0;0;0;0;0;2;3;0;0;0;0;;;;;;;;;;;;;;;;;;;;
22.07.2024;05:57;A 27;1;0;0;0;0;0;100;0;0;0;0;0;0;3;8;7;55;0;0;1;40;1;83;1;38;0;0;0;0;1;2;1;17;1;1;0;0;0;0;0;0;0;0;0;0;0;0;0;0;0;0;0;0;0;0;0;0;0;0;0;0;0;0;0;0;0;0;0;0;0;0;0;0;0;0;0;0;0;0;0;0;0;0;;;;;;;;;;;;;;;;;;;;
22.07.2024;05:56;A 27;1;1;1;1;6;0;100;0;0;0;0;0;0;2;8;3;24;0;0;4;27;1;47;1;22;0;0;0;0;5;14;0;59;0;0;0;0;0;0;0;2;1;1;1;2;2;18;2;13;1;2;0;0;0;0;0;0;0;0;0;0;0;0;0;0;0;0;0;0;0;0;0;0;0;0;0;0;0;0;0;0;0;0;;;;;;;;;;;;;;;;;;;;
22.07.2024;05:55;A 27;1;1;0;1;6;0;100;1;2;1;6;1;45;1;1;4;9;0;0;6;24;1;80;1;12;0;0;0;0;1;0;3;45;1;0;0;0;0;0;3;38;0;0;1;37;1;69;1;8;1;5;0;0;0;0;0;0;0;0;0;0;0;0;0;0;0;0;0;0;0;0;0;0;0;0;0;0;0;0;0;0;0;0;;;;;;;;;;;;;;;;;;;;
22.07.2024;05:54;A 27;1;2;7;2;13;0;100;0;0;0;0;1;1;2;4;3;13;1;4;2;13;2;69;2;25;1;6;0;0;3;4;2;46;1;16;0;0;0;0;1;1;0;0;0;84;1;7;0;0;0;0;0;0;0;0;0;0;0;0;0;0;0;0;0;0;0;0;0;0;0;0;0;0;0;0;0;0;0;0;0;0;0;0;;;;;;;;;;;;;;;;;;;;
22.07.2024;05:53;A 27;1;0;0;1;6;0;100;0;0;0;0;1;1;2;3;2;35;0;0;0;38;2;49;2;22;0;0;0;0;5;42;1;69;1;40;4;6;1;11;0;0;0;0;1;21;1;0;1;6;2;4;0;0;0;0;0;0;0;0;0;0;0;0;0;0;0;0;0;0;0;0;0;0;0;0;0;0;0;0;0;0;0;0;;;;;;;;;;;;;;;;;;;;
22.07.2024;05:52;A 27;1;2;2;1;6;0;100;1;1;1;6;1;1;2;2;6;38;0;0;3;62;3;79;2;19;0;0;0;0;3;6;2;25;1;3;2;1;0;0;3;16;2;16;2;2;1;43;2;27;0;21;0;0;0;0;0;0;0;0;0;0;0;0;0;0;0;0;0;0;0;0;0;0;0;0;0;0;0;0;0;0;0;0;;;;;;;;;;;;;;;;;;;;
22.07.2024;05:51;A 27;1;1;2;1;6;0;100;0;0;0;0;0;0;0;0;7;10;1;4;4;27;1;43;2;8;1;5;0;0;2;4;1;20;0;0;0;0;0;0;3;19;3;9;1;0;1;44;5;24;1;3;0;0;0;0;0;0;0;0;0;0;0;0;0;0;0;0;0;0;0;0;0;0;0;0;0;0;0;0;0;0;0;0;;;;;;;;;;;;;;;;;;;;
22.07.2024;05:50;A 27;1;2;1;2;16;0;100;0;0;0;0;0;0;3;53;3;11;2;12;7;63;2;82;1;77;3;21;0;0;5;4;2;23;6;6;2;4;0;0;1;1;0;0;1;27;1;9;1;0;1;5;0;0;0;0;0;0;0;0;0;0;0;0;0;0;0;0;0;0;0;0;0;0;0;0;0;0;0;0;0;0;0;0;;;;;;;;;;;;;;;;;;;;
22.07.2024;05:49;A 27;1;3;3;3;20;0;100;0;0;0;0;0;0;3;2;4;10;1;0;3;14;2;32;2;11;0;0;1;4;3;5;3;21;3;4;0;0;0;0;4;4;0;0;2;1;2;26;0;0;0;0;0;0;0;0;0;0;0;0;0;0;0;0;0;0;0;0;0;0;0;0;0;0;0;0;0;0;0;0;0;0;0;0;;;;;;;;;;;;;;;;;;;;
22.07.2024;05:48;A 27;1;5;11;2;17;0;100;1;4;0;0;0;0;2;6;3;46;0;0;1;26;1;73;1;66;0;0;0;0;1;0;1;6;1;27;0;0;0;0;0;0;0;0;0;0;0;0;0;0;0;0;0;0;0;0;0;0;0;0;0;0;0;0;0;0;0;0;0;0;0;0;0;0;0;0;0;0;0;0;0;0;0;0;;;;;;;;;;;;;;;;;;;;
22.07.2024;05:47;A 27;1;0;0;0;0;0;100;0;0;0;0;0;0;1;1;1;25;0;0;2;23;3;53;1;4;0;0;1;3;6;13;4;51;3;52;1;1;2;14;1;0;2;3;1;4;2;12;3;13;2;34;0;0;0;0;0;0;0;0;0;0;0;0;0;0;0;0;0;0;0;0;0;0;0;0;0;0;0;0;0;0;0;0;;;;;;;;;;;;;;;;;;;;
22.07.2024;05:46;A 27;1;0;0;1;6;0;100;0;0;0;0;0;0;2;3;2;2;1;49;1;15;3;31;3;30;2;5;1;4;1;11;1;17;2;54;2;3;2;30;1;1;0;0;0;0;2;11;0;0;0;0;0;0;0;0;0;0;0;0;0;0;0;0;0;0;0;0;0;0;0;0;0;0;0;0;0;0;0;0;0;0;0;0;;;;;;;;;;;;;;;;;;;;
22.07.2024;05:45;A 27;1;3;5;1;6;0;100;0;0;0;0;0;0;2;4;3;52;1;0;4;73;2;73;3;25;0;0;1;1;3;2;1;19;2;0;0;0;0;0;3;3;3;2;0;0;4;40;4;6;0;0;0;0;0;0;0;0;0;0;0;0;0;0;0;0;0;0;0;0;0;0;0;0;0;0;0;0;0;0;0;0;0;0;;;;;;;;;;;;;;;;;;;;
22.07.2024;05:44;A 27;1;0;0;0;0;0;100;0;0;0;0;1;1;3;10;7;29;0;0;2;65;2;94;3;38;0;0;1;1;7;10;1;42;3;1;1;0;0;0;0;0;0;0;0;0;0;0;0;0;0;0;0;0;0;0;0;0;0;0;0;0;0;0;0;0;0;0;0;0;0;0;0;0;0;0;0;0;0;0;0;0;0;0;;;;;;;;;;;;;;;;;;;;
22.07.2024;05:43;A 27;1;3;4;3;20;0;100;0;0;0;0;0;0;3;4;3;24;0;0;3;19;2;62;7;34;0;0;0;0;1;0;1;6;0;0;0;0;0;0;0;0;0;0;2;1;0;0;0;0;0;0;0;0;0;0;0;0;0;0;0;0;0;0;0;0;0;0;0;0;0;0;0;0;0;0;0;0;0;0;0;0;0;0;;;;;;;;;;;;;;;;;;;;
22.07.2024;05:42;A 27;1;0;0;0;0;0;100;1;4;0;0;0;0;0;0;3;50;1;3;3;27;1;74;3;12;1;4;0;0;3;3;2;19;1;31;0;0;0;31;1;1;0;0;0;0;1;6;0;0;0;0;0;0;0;0;0;0;0;0;0;0;0;0;0;0;0;0;0;0;0;0;0;0;0;0;0;0;0;0;0;0;0;0;;;;;;;;;;;;;;;;;;;;
22.07.2024;05:41;A 27;1;2;2;1;6;0;100;1;1;1;6;0;0;2;2;4;4;0;0;1;15;1;23;1;10;0;0;0;0;1;1;1;7;1;32;1;4;1;43;1;1;1;0;3;4;2;14;1;7;1;3;0;0;0;0;0;0;0;0;0;0;0;0;0;0;0;0;0;0;0;0;0;0;0;0;0;0;0;0;0;0;0;0;;;;;;;;;;;;;;;;;;;;
22.07.2024;05:40;A 27;1;1;1;1;6;0;100;0;0;0;0;1;11;5;5;7;10;0;0;5;39;3;66;4;40;0;0;1;3;0;0;1;6;0;0;0;0;0;0;1;64;1;3;3;3;0;70;1;69;1;1;0;0;0;0;0;0;0;0;0;0;0;0;0;0;0;0;0;0;0;0;0;0;0;0;0;0;0;0;0;0;0;0;;;;;;;;;;;;;;;;;;;;
22.07.2024;05:39;A 27;1;0;0;0;0;0;100;0;0;0;0;0;0;2;7;5;61;0;0;0;70;0;71;2;33;0;0;0;0;2;2;2;15;1;0;0;0;0;0;2;4;1;0;0;52;1;63;1;2;0;0;0;0;0;0;0;0;0;0;0;0;0;0;0;0;0;0;0;0;0;0;0;0;0;0;0;0;0;0;0;0;0;0;;;;;;;;;;;;;;;;;;;;
22.07.2024;05:38;A 27;1;1;0;1;6;0;100;0;0;0;0;0;0;0;0;4;7;0;0;2;22;2;27;1;6;0;0;1;0;0;0;1;7;2;4;3;3;0;0;1;1;1;1;1;60;3;30;2;16;1;5;0;0;0;0;0;0;0;0;0;0;0;0;0;0;0;0;0;0;0;0;0;0;0;0;0;0;0;0;0;0;0;0;;;;;;;;;;;;;;;;;;;;
22.07.2024;05:37;A 27;1;2;3;2;15;0;100;0;0;0;0;0;0;2;2;7;56;2;3;5;65;2;89;5;19;1;6;0;0;2;2;3;16;0;0;0;0;0;0;1;1;0;0;1;0;1;11;0;0;0;0;0;0;0;0;0;0;0;0;0;0;0;0;0;0;0;0;0;0;0;0;0;0;0;0;0;0;0;0;0;0;0;0;;;;;;;;;;;;;;;;;;;;
22.07.2024;05:36;A 27;1;0;0;0;5;0;100;0;0;0;0;0;0;1;1;4;18;0;0;2;33;2;56;1;10;0;0;0;0;1;2;1;11;1;1;1;0;0;3;1;1;0;0;1;0;1;4;0;0;0;0;0;0;0;0;0;0;0;0;0;0;0;0;0;0;0;0;0;0;0;0;0;0;0;0;0;0;0;0;0;0;0;0;;;;;;;;;;;;;;;;;;;;
22.07.2024;05:35;A 27;1;1;1;1;1;0;100;0;0;0;0;0;45;0;0;4;5;0;0;2;16;1;27;0;0;0;0;0;0;0;0;0;0;0;0;0;0;1;2;2;7;0;0;1;0;1;18;1;5;0;0;0;0;0;0;0;0;0;0;0;0;0;0;0;0;0;0;0;0;0;0;0;0;0;0;0;0;0;0;0;0;0;0;;;;;;;;;;;;;;;;;;;;
22.07.2024;05:34;A 27;1;1;1;1;6;0;100;0;0;0;0;1;41;3;3;3;2;2;4;3;54;2;29;5;29;2;8;1;1;2;2;3;26;2;45;6;5;1;8;1;1;2;2;1;0;2;28;2;6;0;0;0;0;0;0;0;0;0;0;0;0;0;0;0;0;0;0;0;0;0;0;0;0;0;0;0;0;0;0;0;0;0;0;;;;;;;;;;;;;;;;;;;;
22.07.2024;05:33;A 27;1;2;7;2;13;0;100;0;0;0;0;0;0;2;4;2;4;0;0;3;28;2;31;1;18;0;0;0;44;8;47;1;80;7;13;1;0;0;0;1;0;0;0;2;1;1;11;1;5;1;2;0;0;0;0;0;0;0;0;0;0;0;0;0;0;0;0;0;0;0;0;0;0;0;0;0;0;0;0;0;0;0;0;;;;;;;;;;;;;;;;;;;;
22.07.2024;05:32;A 27;1;1;1;2;13;0;100;1;5;0;0;0;0;2;4;1;6;0;0;0;4;0;99;1;23;0;0;1;52;1;55;1;62;1;47;0;0;0;0;0;0;0;0;0;0;0;0;0;1;0;0;0;0;0;0;0;0;0;0;0;0;0;0;0;0;0;0;0;0;0;0;0;0;0;0;0;0;0;0;0;0;0;0;;;;;;;;;;;;;;;;;;;;
22.07.2024;05:31;A 27;1;3;4;2;14;0;100;0;0;0;0;0;0;0;0;2;32;0;0;2;18;2;54;1;5;0;0;0;0;0;0;0;0;0;0;0;0;0;0;3;5;2;5;0;0;1;35;2;19;0;0;0;0;0;0;0;0;0;0;0;0;0;0;0;0;0;0;0;0;0;0;0;0;0;0;0;0;0;0;0;0;0;0;;;;;;;;;;;;;;;;;;;;
22.07.2024;05:30;A 27;1;0;0;0;0;0;100;0;0;0;0;0;0;0;0;7;12;0;0;3;25;2;72;0;0;0;0;0;0;4;34;1;54;4;1;0;0;0;0;2;9;2;9;1;13;3;26;1;15;0;10;0;0;0;0;0;0;0;0;0;0;0;0;0;0;0;0;0;0;0;0;0;0;0;0;0;0;0;0;0;0;0;0;;;;;;;;;;;;;;;;;;;;
22.07.2024;05:29;A 27;1;1;1;1;6;0;100;0;0;0;0;0;0;0;0;2;2;0;0;3;12;5;28;0;0;0;0;0;0;2;2;3;16;1;0;0;0;0;0;3;16;3;5;2;27;1;48;3;32;1;31;0;0;0;0;0;0;0;0;0;0;0;0;0;0;0;0;0;0;0;0;0;0;0;0;0;0;0;0;0;0;0;0;;;;;;;;;;;;;;;;;;;;
22.07.2024;05:28;A 27;1;2;1;2;16;0;100;3;5;1;6;1;80;1;0;0;0;1;1;0;10;1;4;2;8;0;0;0;0;1;0;1;5;0;0;0;0;0;0;0;0;1;2;0;0;0;3;1;66;4;6;0;0;0;0;0;0;0;0;0;0;0;0;0;0;0;0;0;0;0;0;0;0;0;0;0;0;0;0;0;0;0;0;;;;;;;;;;;;;;;;;;;;
22.07.2024;05:27;A 27;1;0;0;0;0;0;100;1;1;0;0;0;0;0;0;2;7;1;3;3;12;2;30;2;7;2;3;0;0;1;0;1;4;1;0;0;0;0;0;1;0;0;0;0;0;2;13;1;0;0;0;0;0;0;0;0;0;0;0;0;0;0;0;0;0;0;0;0;0;0;0;0;0;0;0;0;0;0;0;0;0;0;0;;;;;;;;;;;;;;;;;;;;
22.07.2024;05:26;A 27;1;0;0;0;0;0;100;0;0;0;0;0;0;1;1;1;1;1;1;1;6;2;18;3;6;1;3;0;0;2;3;1;17;1;1;0;0;0;0;0;0;1;0;1;3;2;11;2;10;1;11;0;0;0;0;0;0;0;0;0;0;0;0;0;0;0;0;0;0;0;0;0;0;0;0;0;0;0;0;0;0;0;0;;;;;;;;;;;;;;;;;;;;
22.07.2024;05:25;A 27;1;0;0;0;0;0;100;0;0;0;0;0;0;1;1;2;4;1;0;0;0;2;31;3;6;1;0;0;0;1;1;1;11;2;63;0;0;0;2;0;0;0;0;1;0;0;0;0;0;0;0;0;0;0;0;0;0;0;0;0;0;0;0;0;0;0;0;0;0;0;0;0;0;0;0;0;0;0;0;0;0;0;0;;;;;;;;;;;;;;;;;;;;
22.07.2024;05:24;A 27;1;1;1;1;6;0;100;0;0;0;0;0;0;0;0;2;2;0;0;1;2;3;24;0;0;0;0;0;0;2;1;3;4;1;0;1;1;1;6;1;1;1;0;1;0;1;5;1;0;0;0;0;0;0;0;0;0;0;0;0;0;0;0;0;0;0;0;0;0;0;0;0;0;0;0;0;0;0;0;0;0;0;0;;;;;;;;;;;;;;;;;;;;
22.07.2024;05:23;A 27;1;1;1;1;7;0;100;0;0;0;0;0;0;0;0;1;1;0;0;0;0;1;13;0;0;0;0;1;1;2;3;1;15;3;4;4;3;0;0;1;1;1;1;0;0;1;12;1;6;0;0;0;0;0;0;0;0;0;0;0;0;0;0;0;0;0;0;0;0;0;0;0;0;0;0;0;0;0;0;0;0;0;0;;;;;;;;;;;;;;;;;;;;
22.07.2024;05:22;A 27;1;4;4;2;14;0;100;1;1;1;10;0;0;1;1;2;2;0;0;0;0;5;32;3;9;0;0;0;0;1;1;1;8;0;0;0;0;0;0;1;1;0;0;0;0;1;8;0;0;0;0;0;0;0;0;0;0;0;0;0;0;0;0;0;0;0;0;0;0;0;0;0;0;0;0;0;0;0;0;0;0;0;0;;;;;;;;;;;;;;;;;;;;
22.07.2024;05:21;A 27;1;1;1;1;6;0;100;0;0;0;0;0;0;0;0;1;1;0;0;0;0;1;12;0;0;0;0;0;0;1;1;1;10;0;0;0;0;0;0;1;1;2;2;0;0;2;15;1;4;0;0;0;0;0;0;0;0;0;0;0;0;0;0;0;0;0;0;0;0;0;0;0;0;0;0;0;0;0;0;0;0;0;0;;;;;;;;;;;;;;;;;;;;
22.07.2024;05:20;A 27;1;0;0;0;0;0;100;0;0;0;0;0;0;1;0;0;0;1;1;0;0;0;0;0;0;1;1;0;0;0;0;0;0;0;0;0;0;0;0;0;0;0;0;0;0;0;0;0;0;0;0;0;0;0;0;0;0;0;0;0;0;0;0;0;0;0;0;0;0;0;0;0;0;0;0;0;0;0;0;0;0;0;0;;;;;;;;;;;;;;;;;;;;
22.07.2024;05:19;A 27;1;1;1;1;6;0;100;1;1;1;7;0;0;2;4;3;6;1;2;0;0;7;24;5;15;2;3;0;0;1;1;1;7;4;5;3;4;0;0;1;0;2;3;0;0;2;8;3;9;1;1;0;0;0;0;0;0;0;0;0;0;0;0;0;0;0;0;0;0;0;0;0;0;0;0;0;0;0;0;0;0;0;0;;;;;;;;;;;;;;;;;;;;
22.07.2024;05:18;A 27;1;2;3;1;7;0;100;0;0;0;0;0;0;0;0;0;0;0;0;0;0;0;0;1;0;0;0;0;0;1;0;1;5;1;0;0;0;0;0;1;2;1;1;0;0;2;12;2;2;0;0;0;0;0;0;0;0;0;0;0;0;0;0;0;0;0;0;0;0;0;0;0;0;0;0;0;0;0;0;0;0;0;0;;;;;;;;;;;;;;;;;;;;
22.07.2024;05:17;A 27;1;0;0;0;0;0;100;0;0;0;0;0;0;0;0;2;3;1;2;0;0;4;16;2;2;2;4;0;0;2;2;3;15;2;1;0;0;0;0;0;0;0;0;0;0;0;0;0;0;0;0;0;0;0;0;0;0;0;0;0;0;0;0;0;0;0;0;0;0;0;0;0;0;0;0;0;0;0;0;0;0;0;0;;;;;;;;;;;;;;;;;;;;
22.07.2024;05:16;A 27;1;1;1;1;10;0;100;0;0;0;0;0;0;0;0;1;0;0;0;0;0;2;3;0;0;0;0;0;0;1;0;3;3;1;0;1;0;1;0;0;0;0;0;0;0;0;0;0;0;0;0;0;0;0;0;0;0;0;0;0;0;0;0;0;0;0;0;0;0;0;0;0;0;0;0;0;0;0;0;0;0;0;0;;;;;;;;;;;;;;;;;;;;
22.07.2024;05:15;A 27;1;1;0;1;6;0;100;1;4;0;0;0;0;1;4;2;2;0;0;0;0;4;33;3;12;0;0;0;0;2;1;3;10;1;0;0;0;0;0;1;1;0;0;0;0;1;9;0;0;0;0;0;0;0;0;0;0;0;0;0;0;0;0;0;0;0;0;0;0;0;0;0;0;0;0;0;0;0;0;0;0;0;0;;;;;;;;;;;;;;;;;;;;
22.07.2024;05:14;A 27;1;0;0;0;0;0;100;0;0;0;0;0;0;0;0;1;28;1;0;0;0;1;52;0;0;0;0;1;2;1;1;3;13;0;0;0;0;0;0;1;1;2;5;0;0;3;17;4;14;0;0;0;0;0;0;0;0;0;0;0;0;0;0;0;0;0;0;0;0;0;0;0;0;0;0;0;0;0;0;0;0;0;0;;;;;;;;;;;;;;;;;;;;
22.07.2024;05:13;A 27;1;1;3;2;13;0;100;0;0;0;0;0;0;1;1;2;3;1;3;0;0;3;24;6;19;1;3;0;0;2;3;3;16;0;0;0;0;0;0;0;0;0;0;0;0;0;0;0;0;0;0;0;0;0;0;0;0;0;0;0;0;0;0;0;0;0;0;0;0;0;0;0;0;0;0;0;0;0;0;0;0;0;0;;;;;;;;;;;;;;;;;;;;
22.07.2024;05:12;A 27;1;1;1;1;8;0;100;0;0;0;0;2;2;0;0;2;3;0;0;2;37;2;8;0;0;0;0;0;0;2;3;2;15;2;1;0;0;0;0;0;0;1;1;0;0;2;4;2;4;0;0;0;0;0;0;0;0;0;0;0;0;0;0;0;0;0;0;0;0;0;0;0;0;0;0;0;0;0;0;0;0;0;0;;;;;;;;;;;;;;;;;;;;
22.07.2024;05:11;A 27;1;0;0;0;0;0;100;1;0;1;6;0;0;1;1;0;0;1;10;1;26;1;6;1;0;0;0;0;0;2;2;3;12;0;0;0;0;0;0;0;0;0;0;0;0;0;0;0;0;0;0;0;0;0;0;0;0;0;0;0;0;0;0;0;0;0;0;0;0;0;0;0;0;0;0;0;0;0;0;0;0;0;0;;;;;;;;;;;;;;;;;;;;
22.07.2024;05:10;A 27;1;0;0;0;0;0;100;0;0;0;0;0;0;0;0;0;0;2;12;0;0;0;0;2;6;1;5;0;0;0;0;0;0;3;3;3;3;0;0;2;3;1;2;0;0;3;22;1;20;0;0;0;0;0;0;0;0;0;0;0;0;0;0;0;0;0;0;0;0;0;0;0;0;0;0;0;0;0;0;0;0;0;0;;;;;;;;;;;;;;;;;;;;
22.07.2024;05:09;A 27;1;0;0;0;0;0;100;0;0;0;0;0;0;0;0;2;2;0;0;0;0;3;17;0;0;0;0;1;62;1;4;1;70;1;5;0;0;0;0;1;1;1;0;0;0;1;7;0;0;0;0;0;0;0;0;0;0;0;0;0;0;0;0;0;0;0;0;0;0;0;0;0;0;0;0;0;0;0;0;0;0;0;0;;;;;;;;;;;;;;;;;;;;
22.07.2024;05:08;A 27;1;0;0;0;0;0;100;0;0;0;0;1;2;0;0;2;0;0;0;1;6;3;8;0;0;0;0;0;0;0;0;0;0;0;0;0;0;0;0;0;8;1;1;0;0;1;11;2;10;0;0;0;0;0;0;0;0;0;0;0;0;0;0;0;0;0;0;0;0;0;0;0;0;0;0;0;0;0;0;0;0;0;0;;;;;;;;;;;;;;;;;;;;
22.07.2024;05:07;A 27;1;1;1;1;6;0;100;0;0;0;0;0;0;0;0;1;1;1;3;0;0;1;7;2;7;1;2;0;0;1;31;2;41;1;0;0;0;0;0;3;11;2;6;0;0;1;41;2;31;0;0;0;0;0;0;0;0;0;0;0;0;0;0;0;0;0;0;0;0;0;0;0;0;0;0;0;0;0;0;0;0;0;0;;;;;;;;;;;;;;;;;;;;
22.07.2024;05:06;A 27;1;1;0;1;6;0;100;0;0;0;0;0;0;0;0;0;0;0;0;0;0;0;0;0;0;0;0;0;0;3;12;4;43;1;6;2;6;0;0;0;0;0;0;0;0;0;0;0;0;0;0;0;0;0;0;0;0;0;0;0;0;0;0;0;0;0;0;0;0;0;0;0;0;0;0;0;0;0;0;0;0;0;0;;;;;;;;;;;;;;;;;;;;
22.07.2024;05:05;A 27;1;0;0;0;0;0;100;0;0;0;0;0;0;1;1;1;1;0;0;0;0;2;19;3;8;0;0;0;0;1;0;1;4;1;0;0;0;0;0;0;0;1;1;0;0;1;2;2;1;0;0;0;0;0;0;0;0;0;0;0;0;0;0;0;0;0;0;0;0;0;0;0;0;0;0;0;0;0;0;0;0;0;0;;;;;;;;;;;;;;;;;;;;
22.07.2024;05:04;A 27;1;0;0;0;0;0;100;0;0;0;0;1;1;0;0;1;1;0;0;1;9;2;18;0;0;0;0;0;0;1;1;2;11;0;0;0;0;0;0;0;0;0;0;0;0;0;0;0;0;0;0;0;0;0;0;0;0;0;0;0;0;0;0;0;0;0;0;0;0;0;0;0;0;0;0;0;0;0;0;0;0;0;0;;;;;;;;;;;;;;;;;;;;
22.07.2024;05:03;A 27;1;0;0;0;0;0;100;0;0;0;0;0;0;0;0;1;1;0;0;0;0;1;10;0;0;0;0;0;0;1;0;1;4;0;0;0;0;0;0;0;0;0;0;0;0;0;0;0;0;0;0;0;0;0;0;0;0;0;0;0;0;0;0;0;0;0;0;0;0;0;0;0;0;0;0;0;0;0;0;0;0;0;0;;;;;;;;;;;;;;;;;;;;
22.07.2024;05:02;A 27;1;0;0;0;0;0;100;0;0;0;0;1;1;1;2;1;0;1;0;1;5;1;40;0;11;0;0;0;0;0;0;1;0;0;84;0;0;0;0;0;0;1;1;1;0;1;7;3;4;0;0;0;0;0;0;0;0;0;0;0;0;0;0;0;0;0;0;0;0;0;0;0;0;0;0;0;0;0;0;0;0;0;0;;;;;;;;;;;;;;;;;;;;
22.07.2024;05:01;A 27;1;1;1;1;6;0;100;0;0;0;0;0;0;0;0;3;8;0;0;0;0;1;54;1;1;0;0;2;22;2;22;1;41;5;25;1;1;1;5;0;0;0;0;0;0;0;0;0;0;0;0;0;0;0;0;0;0;0;0;0;0;0;0;0;0;0;0;0;0;0;0;0;0;0;0;0;0;0;0;0;0;0;0;;;;;;;;;;;;;;;;;;;;
22.07.2024;05:00;A 27;1;0;0;0;0;0;100;0;0;0;0;1;1;1;1;0;0;0;0;1;6;2;3;1;5;1;1;0;0;1;1;1;8;0;0;0;0;0;0;1;1;1;1;0;0;2;10;2;4;0;0;0;0;0;0;0;0;0;0;0;0;0;0;0;0;0;0;0;0;0;0;0;0;0;0;0;0;0;0;0;0;0;0;;;;;;;;;;;;;;;;;;;;
22.07.2024;04:59;A 27;1;0;0;0;0;0;100;1;4;0;0;0;0;0;0;0;0;0;0;0;0;0;0;0;0;0;0;0;0;1;0;3;3;1;0;1;0;0;0;0;0;1;3;0;0;1;14;1;7;0;0;0;0;0;0;0;0;0;0;0;0;0;0;0;0;0;0;0;0;0;0;0;0;0;0;0;0;0;0;0;0;0;0;;;;;;;;;;;;;;;;;;;;
22.07.2024;04:58;A 27;1;0;0;0;0;0;100;0;0;0;0;0;0;1;2;2;2;1;10;2;4;2;23;2;4;2;3;0;0;0;0;0;0;0;0;0;0;0;0;0;0;0;0;0;0;0;0;0;0;0;0;0;0;0;0;0;0;0;0;0;0;0;0;0;0;0;0;0;0;0;0;0;0;0;0;0;0;0;0;0;0;0;0;;;;;;;;;;;;;;;;;;;;
22.07.2024;04:57;A 27;1;0;0;0;0;0;100;0;0;0;0;0;0;0;0;0;0;0;0;0;0;0;0;0;0;0;0;0;0;1;3;1;10;1;3;1;0;0;0;1;1;0;0;0;0;1;8;0;0;0;0;0;0;0;0;0;0;0;0;0;0;0;0;0;0;0;0;0;0;0;0;0;0;0;0;0;0;0;0;0;0;0;0;;;;;;;;;;;;;;;;;;;;
22.07.2024;04:56;A 27;1;1;1;1;7;0;100;0;0;0;0;0;0;0;0;0;0;1;1;0;0;0;0;2;4;2;1;0;0;0;0;0;0;0;0;0;0;0;0;0;0;0;0;0;0;0;0;0;0;0;0;0;0;0;0;0;0;0;0;0;0;0;0;0;0;0;0;0;0;0;0;0;0;0;0;0;0;0;0;0;0;0;0;;;;;;;;;;;;;;;;;;;;
22.07.2024;04:55;A 27;1;0;0;0;0;0;100;0;0;0;0;0;0;0;0;0;0;0;0;0;0;0;0;0;0;0;0;1;1;1;2;1;8;1;2;1;1;1;2;0;0;0;0;0;0;0;0;0;0;0;0;0;0;0;0;0;0;0;0;0;0;0;0;0;0;0;0;0;0;0;0;0;0;0;0;0;0;0;0;0;0;0;0;;;;;;;;;;;;;;;;;;;;
22.07.2024;04:54;A 27;1;2;2;1;6;0;100;0;0;0;0;1;0;0;0;0;0;0;0;0;0;0;0;0;0;0;0;0;0;0;0;0;0;0;0;0;0;0;0;0;0;0;0;0;0;0;0;0;0;0;0;0;0;0;0;0;0;0;0;0;0;0;0;0;0;0;0;0;0;0;0;0;0;0;0;0;0;0;0;0;0;0;0;;;;;;;;;;;;;;;;;;;;
22.07.2024;04:53;A 27;1;1;0;1;6;0;100;0;0;0;0;0;0;0;0;0;0;1;4;0;0;0;0;2;4;1;3;0;0;0;0;0;0;3;4;3;4;0;0;0;0;0;0;0;0;0;0;0;0;0;0;0;0;0;0;0;0;0;0;0;0;0;0;0;0;0;0;0;0;0;0;0;0;0;0;0;0;0;0;0;0;0;0;;;;;;;;;;;;;;;;;;;;
22.07.2024;04:52;A 27;1;0;0;0;0;0;100;0;0;0;0;0;0;0;0;0;0;0;0;0;0;0;0;0;0;0;0;0;0;0;0;0;0;0;0;0;0;0;0;0;0;1;0;0;0;0;0;1;2;0;0;0;0;0;0;0;0;0;0;0;0;0;0;0;0;0;0;0;0;0;0;0;0;0;0;0;0;0;0;0;0;0;0;;;;;;;;;;;;;;;;;;;;
22.07.2024;04:51;A 27;1;0;0;0;0;0;100;0;0;0;0;0;0;0;0;0;0;0;0;0;0;0;0;0;0;0;0;0;67;1;65;0;72;0;30;0;0;0;0;0;0;0;0;0;0;0;0;0;0;0;0;0;0;0;0;0;0;0;0;0;0;0;0;0;0;0;0;0;0;0;0;0;0;0;0;0;0;0;0;0;0;0;0;;;;;;;;;;;;;;;;;;;;
22.07.2024;04:50;A 27;1;0;0;0;0;0;100;0;0;0;0;0;0;0;0;1;1;0;0;0;0;1;11;0;0;0;0;1;7;2;12;2;25;2;2;0;0;0;0;0;0;0;0;0;0;0;0;0;0;0;0;0;0;0;0;0;0;0;0;0;0;0;0;0;0;0;0;0;0;0;0;0;0;0;0;0;0;0;0;0;0;0;0;;;;;;;;;;;;;;;;;;;;
22.07.2024;04:49;A 27;1;1;1;1;12;0;100;0;0;0;0;0;0;0;0;0;0;0;0;0;0;0;0;0;0;0;0;0;0;1;1;4;8;0;0;0;0;0;0;0;0;0;0;0;0;0;0;0;0;0;0;0;0;0;0;0;0;0;0;0;0;0;0;0;0;0;0;0;0;0;0;0;0;0;0;0;0;0;0;0;0;0;0;;;;;;;;;;;;;;;;;;;;
22.07.2024;04:48;A 27;1;1;1;1;6;0;100;0;0;0;0;1;1;0;0;0;0;0;0;0;0;0;0;0;0;0;0;0;0;0;0;0;0;0;0;0;0;0;0;1;1;0;0;0;0;1;9;0;0;0;0;0;0;0;0;0;0;0;0;0;0;0;0;0;0;0;0;0;0;0;0;0;0;0;0;0;0;0;0;0;0;0;0;;;;;;;;;;;;;;;;;;;;
22.07.2024;04:47;A 27;1;0;0;0;0;0;100;0;0;0;0;0;0;0;0;0;0;0;0;0;0;0;0;0;0;0;0;0;0;0;0;0;0;0;0;0;0;0;0;0;0;1;2;0;0;0;0;1;5;0;0;0;0;0;0;0;0;0;0;0;0;0;0;0;0;0;0;0;0;0;0;0;0;0;0;0;0;0;0;0;0;0;0;;;;;;;;;;;;;;;;;;;;
22.07.2024;04:46;A 27;1;0;0;0;0;0;100;0;0;0;0;0;0;1;1;1;2;0;0;1;3;1;47;3;25;0;0;0;0;5;9;3;31;2;6;4;2;0;0;0;0;0;0;0;0;0;0;0;0;0;0;0;0;0;0;0;0;0;0;0;0;0;0;0;0;0;0;0;0;0;0;0;0;0;0;0;0;0;0;0;0;0;0;;;;;;;;;;;;;;;;;;;;
22.07.2024;04:45;A 27;1;0;0;0;0;0;100;0;0;0;0;0;0;1;1;1;1;0;0;0;0;1;11;3;7;0;0;0;0;2;3;1;9;2;3;2;2;0;0;0;0;0;0;1;1;0;0;1;1;1;2;0;0;0;0;0;0;0;0;0;0;0;0;0;0;0;0;0;0;0;0;0;0;0;0;0;0;0;0;0;0;0;0;;;;;;;;;;;;;;;;;;;;
22.07.2024;04:44;A 27;1;0;0;0;2;0;100;0;0;0;0;0;0;1;1;0;0;1;2;0;0;1;4;5;20;1;2;1;1;0;0;2;2;0;0;0;0;0;0;0;0;0;0;0;0;0;0;0;0;0;0;0;0;0;0;0;0;0;0;0;0;0;0;0;0;0;0;0;0;0;0;0;0;0;0;0;0;0;0;0;0;0;0;;;;;;;;;;;;;;;;;;;;
22.07.2024;04:43;A 27;1;3;4;3;19;0;100;0;0;0;0;0;0;0;0;0;0;0;0;0;0;0;0;0;0;0;0;1;0;1;1;1;8;0;0;0;0;0;0;0;0;0;0;0;0;0;0;0;0;0;0;0;0;0;0;0;0;0;0;0;0;0;0;0;0;0;0;0;0;0;0;0;0;0;0;0;0;0;0;0;0;0;0;;;;;;;;;;;;;;;;;;;;
22.07.2024;04:42;A 27;1;0;0;0;0;0;100;0;0;0;0;0;0;0;0;0;0;0;0;0;0;0;0;0;0;0;0;0;0;1;3;1;9;1;3;2;2;0;0;0;0;0;0;0;0;0;0;0;0;0;0;0;0;0;0;0;0;0;0;0;0;0;0;0;0;0;0;0;0;0;0;0;0;0;0;0;0;0;0;0;0;0;0;;;;;;;;;;;;;;;;;;;;
22.07.2024;04:41;A 27;1;1;1;1;6;0;100;1;0;0;0;0;0;0;0;2;5;1;30;0;0;4;25;2;9;1;7;0;0;0;0;0;0;0;0;0;0;0;0;0;0;0;0;0;0;0;0;0;0;0;0;0;0;0;0;0;0;0;0;0;0;0;0;0;0;0;0;0;0;0;0;0;0;0;0;0;0;0;0;0;0;0;0;;;;;;;;;;;;;;;;;;;;
22.07.2024;04:40;A 27;1;0;0;0;0;0;100;0;0;0;0;0;0;0;0;0;0;0;0;0;0;0;0;0;0;0;0;0;0;0;0;0;0;0;0;0;0;0;0;0;0;1;3;0;0;2;7;1;8;0;0;0;0;0;0;0;0;0;0;0;0;0;0;0;0;0;0;0;0;0;0;0;0;0;0;0;0;0;0;0;0;0;0;;;;;;;;;;;;;;;;;;;;
22.07.2024;04:39;A 27;1;0;0;1;6;0;100;0;0;0;0;0;0;0;0;0;0;0;0;0;0;0;0;0;0;0;0;0;0;0;0;0;0;3;4;2;4;0;0;0;0;0;0;0;0;0;0;0;0;0;0;0;0;0;0;0;0;0;0;0;0;0;0;0;0;0;0;0;0;0;0;0;0;0;0;0;0;0;0;0;0;0;0;;;;;;;;;;;;;;;;;;;;
22.07.2024;04:38;A 27;1;2;4;1;6;0;100;0;0;0;0;0;0;0;0;0;0;0;0;0;0;0;0;0;0;0;0;0;0;1;1;2;6;0;0;0;0;0;0;0;0;0;0;0;0;0;0;0;0;0;0;0;0;0;0;0;0;0;0;0;0;0;0;0;0;0;0;0;0;0;0;0;0;0;0;0;0;0;0;0;0;0;0;;;;;;;;;;;;;;;;;;;;
22.07.2024;04:37;A 27;1;1;0;1;6;0;100;0;0;0;0;0;0;0;0;1;8;0;0;0;0;2;19;0;0;0;0;0;0;1;1;1;8;0;0;0;0;0;0;0;0;0;0;0;0;0;0;0;0;0;0;0;0;0;0;0;0;0;0;0;0;0;0;0;0;0;0;0;0;0;0;0;0;0;0;0;0;0;0;0;0;0;0;;;;;;;;;;;;;;;;;;;;
22.07.2024;04:36;A 27;1;1;1;1;6;0;100;0;0;0;0;0;0;2;14;0;0;1;3;0;0;0;4;0;23;2;6;0;0;2;1;4;7;2;1;2;1;0;0;1;2;1;1;0;0;1;10;1;0;0;0;0;0;0;0;0;0;0;0;0;0;0;0;0;0;0;0;0;0;0;0;0;0;0;0;0;0;0;0;0;0;0;0;;;;;;;;;;;;;;;;;;;;
22.07.2024;04:35;A 27;1;0;0;0;0;0;100;0;0;0;0;0;0;0;0;0;0;0;0;0;0;1;10;1;7;0;0;0;0;0;0;0;0;0;0;0;0;0;0;1;2;1;0;0;0;2;9;2;3;0;0;0;0;0;0;0;0;0;0;0;0;0;0;0;0;0;0;0;0;0;0;0;0;0;0;0;0;0;0;0;0;0;0;;;;;;;;;;;;;;;;;;;;
22.07.2024;04:34;A 27;1;1;1;1;6;0;100;0;0;0;0;0;0;0;0;0;0;1;0;0;0;0;0;1;3;1;3;0;0;1;1;3;5;0;0;0;0;0;0;0;0;0;0;0;0;0;0;0;0;0;0;0;0;0;0;0;0;0;0;0;0;0;0;0;0;0;0;0;0;0;0;0;0;0;0;0;0;0;0;0;0;0;0;;;;;;;;;;;;;;;;;;;;
22.07.2024;04:33;A 27;1;0;0;0;0;0;100;0;0;0;0;0;0;1;1;1;2;0;0;0;0;1;17;3;21;0;0;0;32;0;27;0;33;2;4;0;0;0;0;0;0;0;0;0;0;0;0;0;0;0;0;0;0;0;0;0;0;0;0;0;0;0;0;0;0;0;0;0;0;0;0;0;0;0;0;0;0;0;0;0;0;0;0;;;;;;;;;;;;;;;;;;;;
22.07.2024;04:32;A 27;1;1;1;1;12;0;100;1;1;1;6;0;0;1;2;0;0;0;0;0;0;2;8;3;8;0;0;1;45;1;47;1;52;0;0;0;0;0;0;0;0;0;0;0;0;0;0;0;0;0;0;0;0;0;0;0;0;0;0;0;0;0;0;0;0;0;0;0;0;0;0;0;0;0;0;0;0;0;0;0;0;0;0;;;;;;;;;;;;;;;;;;;;
22.07.2024;04:31;A 27;1;0;0;0;0;0;100;0;0;0;0;0;0;0;0;0;0;0;0;0;0;0;0;0;0;0;0;0;0;2;2;2;12;1;0;1;0;0;0;0;0;1;2;0;0;0;0;1;7;0;0;0;0;0;0;0;0;0;0;0;0;0;0;0;0;0;0;0;0;0;0;0;0;0;0;0;0;0;0;0;0;0;0;;;;;;;;;;;;;;;;;;;;
22.07.2024;04:30;A 27;1;0;0;0;0;0;100;0;0;0;0;0;0;0;0;2;2;0;0;0;0;1;16;0;0;0;0;1;0;0;0;1;3;0;0;0;0;0;0;0;0;0;0;0;0;1;1;0;0;0;0;0;0;0;0;0;0;0;0;0;0;0;0;0;0;0;0;0;0;0;0;0;0;0;0;0;0;0;0;0;0;0;0;;;;;;;;;;;;;;;;;;;;
22.07.2024;04:29;A 27;1;0;0;0;0;0;100;0;0;0;0;0;0;0;0;0;0;0;0;0;0;0;0;0;0;0;0;0;0;0;0;0;0;0;0;0;0;0;0;0;0;0;0;0;0;0;0;0;0;0;0;0;0;0;0;0;0;0;0;0;0;0;0;0;0;0;0;0;0;0;0;0;0;0;0;0;0;0;0;0;0;0;0;;;;;;;;;;;;;;;;;;;;
22.07.2024;04:28;A 27;1;0;0;0;0;0;100;0;0;0;0;0;0;0;0;0;0;0;0;0;0;0;0;0;0;0;0;0;0;1;6;1;49;1;36;2;2;0;0;0;0;1;0;0;0;1;3;1;2;0;0;0;0;0;0;0;0;0;0;0;0;0;0;0;0;0;0;0;0;0;0;0;0;0;0;0;0;0;0;0;0;0;0;;;;;;;;;;;;;;;;;;;;
22.07.2024;04:27;A 27;1;0;0;0;0;0;100;0;0;0;0;0;0;0;0;1;1;0;0;0;0;3;11;0;0;0;0;1;0;0;0;1;2;0;0;0;0;0;0;0;0;0;0;0;0;0;0;0;0;0;0;0;0;0;0;0;0;0;0;0;0;0;0;0;0;0;0;0;0;0;0;0;0;0;0;0;0;0;0;0;0;0;0;;;;;;;;;;;;;;;;;;;;
22.07.2024;04:26;A 27;1;2;4;1;13;0;100;0;0;0;0;0;0;0;0;1;2;0;0;1;1;1;3;0;0;0;0;0;0;0;0;0;0;0;0;0;0;0;0;1;0;0;0;0;0;1;5;0;0;0;0;0;0;0;0;0;0;0;0;0;0;0;0;0;0;0;0;0;0;0;0;0;0;0;0;0;0;0;0;0;0;0;0;;;;;;;;;;;;;;;;;;;;
22.07.2024;04:25;A 27;1;0;0;0;0;0;100;0;0;0;0;0;0;0;0;0;0;0;0;0;0;0;0;0;0;0;0;0;0;1;2;1;9;1;2;1;2;1;2;1;0;1;0;0;0;1;6;0;0;0;0;0;0;0;0;0;0;0;0;0;0;0;0;0;0;0;0;0;0;0;0;0;0;0;0;0;0;0;0;0;0;0;0;;;;;;;;;;;;;;;;;;;;
22.07.2024;04:24;A 27;1;0;0;0;0;0;100;0;0;0;0;0;0;0;0;0;0;0;0;0;0;0;0;0;0;0;0;0;0;0;0;0;0;1;4;3;4;0;0;0;0;0;0;0;0;0;0;0;0;0;0;0;0;0;0;0;0;0;0;0;0;0;0;0;0;0;0;0;0;0;0;0;0;0;0;0;0;0;0;0;0;0;0;;;;;;;;;;;;;;;;;;;;
22.07.2024;04:23;A 27;1;0;0;0;0;0;100;0;0;0;0;0;0;0;0;1;1;0;0;0;0;2;9;0;0;0;0;0;0;1;4;1;15;1;3;2;3;1;3;0;0;0;0;0;0;0;0;0;0;0;0;0;0;0;0;0;0;0;0;0;0;0;0;0;0;0;0;0;0;0;0;0;0;0;0;0;0;0;0;0;0;0;0;;;;;;;;;;;;;;;;;;;;
22.07.2024;04:22;A 27;1;0;0;1;7;0;100;0;0;0;0;0;0;0;0;0;0;0;0;0;0;0;0;0;0;0;0;0;0;0;0;0;0;0;0;0;0;0;0;1;1;0;0;0;0;2;7;0;0;0;0;0;0;0;0;0;0;0;0;0;0;0;0;0;0;0;0;0;0;0;0;0;0;0;0;0;0;0;0;0;0;0;0;;;;;;;;;;;;;;;;;;;;
22.07.2024;04:21;A 27;1;1;1;0;0;0;100;0;0;0;0;0;0;0;0;0;0;0;0;0;0;0;0;0;0;0;0;0;0;1;1;1;9;0;0;0;0;0;0;0;0;0;0;0;0;0;0;0;0;0;0;0;0;0;0;0;0;0;0;0;0;0;0;0;0;0;0;0;0;0;0;0;0;0;0;0;0;0;0;0;0;0;0;;;;;;;;;;;;;;;;;;;;
22.07.2024;04:20;A 27;1;0;0;0;0;0;100;0;0;0;0;0;0;0;0;1;0;0;0;0;0;1;9;0;0;0;0;0;0;0;0;0;0;0;0;0;0;0;0;1;1;0;0;0;0;1;7;0;0;0;0;0;0;0;0;0;0;0;0;0;0;0;0;0;0;0;0;0;0;0;0;0;0;0;0;0;0;0;0;0;0;0;0;;;;;;;;;;;;;;;;;;;;
22.07.2024;04:19;A 27;1;0;0;0;0;0;100;0;0;0;0;0;0;0;0;0;0;0;0;0;0;0;0;0;0;0;0;1;0;1;29;1;43;3;3;1;0;0;0;0;0;0;0;0;0;0;0;0;0;0;0;0;0;0;0;0;0;0;0;0;0;0;0;0;0;0;0;0;0;0;0;0;0;0;0;0;0;0;0;0;0;0;0;;;;;;;;;;;;;;;;;;;;
22.07.2024;04:18;A 27;1;0;0;0;0;0;100;0;0;0;0;0;0;0;0;0;0;0;0;0;0;0;0;0;0;0;0;0;0;0;0;0;0;0;0;0;0;0;0;0;0;2;2;0;0;2;4;2;5;0;0;0;0;0;0;0;0;0;0;0;0;0;0;0;0;0;0;0;0;0;0;0;0;0;0;0;0;0;0;0;0;0;0;;;;;;;;;;;;;;;;;;;;
22.07.2024;04:17;A 27;1;0;0;0;0;0;100;0;0;0;0;0;0;0;0;0;0;0;0;0;0;0;0;0;0;0;0;0;0;0;0;0;0;0;0;0;0;0;0;0;0;0;0;0;0;0;0;0;0;0;0;0;0;0;0;0;0;0;0;0;0;0;0;0;0;0;0;0;0;0;0;0;0;0;0;0;0;0;0;0;0;0;0;;;;;;;;;;;;;;;;;;;;
22.07.2024;04:16;A 27;1;0;0;0;0;0;100;0;0;0;0;0;0;0;0;0;0;0;0;0;0;0;0;0;0;0;0;0;6;3;8;2;17;2;1;0;0;0;0;0;0;0;0;0;3;0;0;0;0;0;0;0;0;0;0;0;0;0;0;0;0;0;0;0;0;0;0;0;0;0;0;0;0;0;0;0;0;0;0;0;0;0;0;;;;;;;;;;;;;;;;;;;;
22.07.2024;04:15;A 27;1;1;0;1;12;0;100;0;0;0;0;0;0;0;0;1;1;0;0;0;0;2;12;0;0;0;0;1;1;1;0;1;7;0;0;0;0;0;0;0;0;0;0;1;27;0;0;1;2;1;3;0;0;0;0;0;0;0;0;0;0;0;0;0;0;0;0;0;0;0;0;0;0;0;0;0;0;0;0;0;0;0;0;;;;;;;;;;;;;;;;;;;;
22.07.2024;04:14;A 27;1;1;1;1;6;0;100;0;0;0;0;0;0;0;0;0;0;0;0;0;0;0;0;0;0;0;0;0;0;0;0;0;0;0;0;0;0;0;0;0;0;0;0;0;0;0;0;0;0;0;0;0;0;0;0;0;0;0;0;0;0;0;0;0;0;0;0;0;0;0;0;0;0;0;0;0;0;0;0;0;0;0;0;;;;;;;;;;;;;;;;;;;;
22.07.2024;04:13;A 27;1;0;0;2;15;0;100;0;0;0;0;0;0;0;0;0;0;0;0;0;0;0;0;0;0;0;0;0;0;1;0;1;5;0;0;0;0;0;0;0;0;0;0;0;0;0;0;0;0;0;0;0;0;0;0;0;0;0;0;0;0;0;0;0;0;0;0;0;0;0;0;0;0;0;0;0;0;0;0;0;0;0;0;;;;;;;;;;;;;;;;;;;;
22.07.2024;04:12;A 27;1;0;97;0;0;0;100;1;0;1;6;0;0;0;0;0;0;0;0;0;0;0;0;0;0;0;0;0;0;0;0;0;0;1;1;0;0;0;0;0;0;0;0;0;0;0;0;0;0;0;0;0;0;0;0;0;0;0;0;0;0;0;0;0;0;0;0;0;0;0;0;0;0;0;0;0;0;0;0;0;0;0;0;;;;;;;;;;;;;;;;;;;;
22.07.2024;04:11;A 27;1;1;53;1;6;0;100;0;0;0;0;0;0;0;0;0;0;0;0;0;0;0;0;0;0;0;0;0;0;1;1;2;6;0;0;0;0;0;0;0;0;0;0;0;0;0;0;0;0;0;0;0;0;0;0;0;0;0;0;0;0;0;0;0;0;0;0;0;0;0;0;0;0;0;0;0;0;0;0;0;0;0;0;;;;;;;;;;;;;;;;;;;;
22.07.2024;04:10;A 27;1;1;1;1;6;0;100;0;0;0;0;0;0;0;0;0;0;0;0;0;0;0;0;0;0;0;0;0;0;0;0;0;0;0;0;0;0;0;0;1;1;1;0;0;0;2;12;0;0;0;0;0;0;0;0;0;0;0;0;0;0;0;0;0;0;0;0;0;0;0;0;0;0;0;0;0;0;0;0;0;0;0;0;;;;;;;;;;;;;;;;;;;;
22.07.2024;04:09;A 27;1;1;1;1;6;0;100;0;0;0;0;0;0;0;0;1;0;0;0;0;0;2;8;0;0;0;0;0;0;0;0;0;0;0;0;0;0;0;0;1;1;0;0;0;0;1;9;0;0;0;0;0;0;0;0;0;0;0;0;0;0;0;0;0;0;0;0;0;0;0;0;0;0;0;0;0;0;0;0;0;0;0;0;;;;;;;;;;;;;;;;;;;;
22.07.2024;04:08;A 27;1;0;0;0;0;0;100;0;0;0;0;0;0;0;0;0;0;0;0;0;0;0;0;0;0;0;0;0;0;1;1;1;3;3;4;4;2;0;0;0;0;0;0;0;0;0;0;0;0;0;0;0;0;0;0;0;0;0;0;0;0;0;0;0;0;0;0;0;0;0;0;0;0;0;0;0;0;0;0;0;0;0;0;;;;;;;;;;;;;;;;;;;;
22.07.2024;04:07;A 27;1;0;0;0;0;0;100;0;0;0;0;0;0;0;0;0;0;0;0;0;0;0;0;0;0;0;0;0;0;2;3;2;18;0;0;0;0;0;0;0;0;0;0;0;0;0;0;0;0;0;0;0;0;0;0;0;0;0;0;0;0;0;0;0;0;0;0;0;0;0;0;0;0;0;0;0;0;0;0;0;0;0;0;;;;;;;;;;;;;;;;;;;;
22.07.2024;04:06;A 27;1;0;0;0;0;0;100;0;0;0;0;0;0;0;0;0;0;0;0;0;0;0;0;0;0;0;0;0;0;0;0;0;0;0;0;0;0;0;0;0;0;0;0;0;0;0;0;0;0;0;0;0;0;0;0;0;0;0;0;0;0;0;0;0;0;0;0;0;0;0;0;0;0;0;0;0;0;0;0;0;0;0;0;;;;;;;;;;;;;;;;;;;;
22.07.2024;04:05;A 27;1;0;0;0;0;0;100;0;0;0;0;0;0;0;0;0;0;0;0;0;0;0;0;0;0;0;0;0;0;0;0;0;0;0;0;0;0;0;0;0;0;0;0;0;0;0;0;0;0;0;0;0;0;0;0;0;0;0;0;0;0;0;0;0;0;0;0;0;0;0;0;0;0;0;0;0;0;0;0;0;0;0;0;;;;;;;;;;;;;;;;;;;;
22.07.2024;04:04;A 27;1;0;0;0;0;0;100;0;0;0;0;0;0;0;0;1;1;0;0;0;0;1;12;0;0;0;0;0;0;0;0;0;0;1;24;1;2;1;8;0;0;0;0;0;0;0;0;0;0;0;0;0;0;0;0;0;0;0;0;0;0;0;0;0;0;0;0;0;0;0;0;0;0;0;0;0;0;0;0;0;0;0;0;;;;;;;;;;;;;;;;;;;;
22.07.2024;04:03;A 27;1;0;0;0;0;0;100;0;0;0;0;0;0;0;0;0;0;0;0;0;0;0;0;0;0;0;0;1;1;0;0;1;1;0;0;0;0;0;0;1;0;1;0;0;0;1;6;1;0;0;0;0;0;0;0;0;0;0;0;0;0;0;0;0;0;0;0;0;0;0;0;0;0;0;0;0;0;0;0;0;0;0;0;;;;;;;;;;;;;;;;;;;;
22.07.2024;04:02;A 27;1;1;1;1;11;0;100;0;0;1;6;0;0;0;0;0;0;0;0;0;0;0;0;0;0;0;0;0;0;0;0;0;0;0;0;0;0;0;0;0;0;0;0;0;0;0;0;0;0;0;0;0;0;0;0;0;0;0;0;0;0;0;0;0;0;0;0;0;0;0;0;0;0;0;0;0;0;0;0;0;0;0;0;;;;;;;;;;;;;;;;;;;;
22.07.2024;04:01;A 27;1;0;0;0;0;0;100;0;0;0;0;0;0;0;0;0;0;0;0;0;0;0;0;0;0;0;0;0;0;1;0;2;3;0;0;0;0;0;0;0;0;0;0;0;0;0;0;0;0;0;0;0;0;0;0;0;0;0;0;0;0;0;0;0;0;0;0;0;0;0;0;0;0;0;0;0;0;0;0;0;0;0;0;;;;;;;;;;;;;;;;;;;;
22.07.2024;04:00;A 27;1;0;0;0;0;0;100;1;8;0;0;0;0;0;0;0;0;0;0;0;0;0;0;0;0;0;0;0;0;0;0;0;0;0;0;0;0;0;0;0;0;1;1;0;0;2;3;2;5;0;0;0;0;0;0;0;0;0;0;0;0;0;0;0;0;0;0;0;0;0;0;0;0;0;0;0;0;0;0;0;0;0;0;;;;;;;;;;;;;;;;;;;;
22.07.2024;03:59;A 27;1;0;0;0;1;0;100;0;0;0;0;0;0;0;0;0;0;0;0;0;0;0;0;0;0;0;0;0;0;0;0;0;0;0;0;0;0;0;0;0;0;0;0;0;0;0;0;0;0;0;0;0;0;0;0;0;0;0;0;0;0;0;0;0;0;0;0;0;0;0;0;0;0;0;0;0;0;0;0;0;0;0;0;;;;;;;;;;;;;;;;;;;;
22.07.2024;03:58;A 27;1;1;1;1;5;0;100;0;0;0;0;0;0;1;1;1;1;1;4;0;0;1;9;2;3;1;3;0;0;1;1;1;6;2;14;1;0;0;0;0;0;0;0;0;0;0;0;0;0;0;0;0;0;0;0;0;0;0;0;0;0;0;0;0;0;0;0;0;0;0;0;0;0;0;0;0;0;0;0;0;0;0;0;;;;;;;;;;;;;;;;;;;;
22.07.2024;03:57;A 27;1;0;0;0;0;0;100;0;0;0;0;0;0;0;0;0;0;0;0;0;0;0;0;0;0;0;0;0;0;0;0;0;0;0;0;0;0;0;0;1;2;0;0;0;0;1;7;0;0;0;0;0;0;0;0;0;0;0;0;0;0;0;0;0;0;0;0;0;0;0;0;0;0;0;0;0;0;0;0;0;0;0;0;;;;;;;;;;;;;;;;;;;;
22.07.2024;03:56;A 27;1;0;0;0;0;0;100;0;0;0;0;0;0;0;0;0;0;0;0;0;0;0;0;0;0;0;0;0;0;0;0;0;0;0;0;0;0;0;0;0;0;0;0;0;0;0;0;0;0;0;0;0;0;0;0;0;0;0;0;0;0;0;0;0;0;0;0;0;0;0;0;0;0;0;0;0;0;0;0;0;0;0;0;;;;;;;;;;;;;;;;;;;;
22.07.2024;03:55;A 27;1;0;0;0;0;0;100;0;0;0;0;0;0;0;0;0;0;0;0;0;0;0;0;0;0;0;0;0;0;0;0;0;0;0;0;0;0;0;0;0;0;1;1;1;2;1;7;1;7;1;0;0;0;0;0;0;0;0;0;0;0;0;0;0;0;0;0;0;0;0;0;0;0;0;0;0;0;0;0;0;0;0;0;;;;;;;;;;;;;;;;;;;;
22.07.2024;03:54;A 27;1;3;3;2;13;0;100;0;0;0;0;0;0;0;0;1;3;0;0;0;0;2;13;0;0;0;0;0;0;0;0;0;0;0;0;0;0;0;0;0;0;1;2;0;0;1;8;2;9;0;0;0;0;0;0;0;0;0;0;0;0;0;0;0;0;0;0;0;0;0;0;0;0;0;0;0;0;0;0;0;0;0;0;;;;;;;;;;;;;;;;;;;;
22.07.2024;03:53;A 27;1;0;0;0;0;0;100;0;0;0;0;0;0;1;0;0;0;0;0;0;0;1;3;2;7;0;0;0;0;2;4;1;15;2;3;0;0;0;0;0;0;0;0;0;0;0;0;0;0;0;0;0;0;0;0;0;0;0;0;0;0;0;0;0;0;0;0;0;0;0;0;0;0;0;0;0;0;0;0;0;0;0;0;;;;;;;;;;;;;;;;;;;;
22.07.2024;03:52;A 27;1;0;0;0;0;0;100;0;0;0;0;0;0;0;0;0;0;0;0;0;0;0;0;0;0;0;0;0;0;0;0;0;0;0;0;0;0;0;0;0;0;0;0;0;0;0;0;0;0;0;0;0;0;0;0;0;0;0;0;0;0;0;0;0;0;0;0;0;0;0;0;0;0;0;0;0;0;0;0;0;0;0;0;;;;;;;;;;;;;;;;;;;;
22.07.2024;03:51;A 27;1;1;1;1;7;0;100;1;1;0;0;0;0;0;0;0;0;0;0;0;0;0;0;0;0;0;0;0;0;1;0;1;4;1;0;0;0;0;0;0;0;1;0;0;0;1;3;1;1;0;0;0;0;0;0;0;0;0;0;0;0;0;0;0;0;0;0;0;0;0;0;0;0;0;0;0;0;0;0;0;0;0;0;;;;;;;;;;;;;;;;;;;;
22.07.2024;03:50;A 27;1;0;0;0;0;0;100;0;0;0;0;0;0;0;0;1;1;0;0;0;0;1;9;0;0;0;0;0;0;0;0;0;0;0;0;0;0;0;0;0;0;0;0;0;0;0;0;0;0;0;0;0;0;0;0;0;0;0;0;0;0;0;0;0;0;0;0;0;0;0;0;0;0;0;0;0;0;0;0;0;0;0;0;;;;;;;;;;;;;;;;;;;;
22.07.2024;03:49;A 27;1;0;0;0;0;0;100;0;0;0;0;0;0;0;0;0;0;0;0;0;0;0;0;0;0;0;0;0;0;0;0;0;0;0;0;0;0;0;0;0;0;0;0;0;0;0;0;0;0;0;0;0;0;0;0;0;0;0;0;0;0;0;0;0;0;0;0;0;0;0;0;0;0;0;0;0;0;0;0;0;0;0;0;;;;;;;;;;;;;;;;;;;;
22.07.2024;03:48;A 27;1;1;0;0;0;0;100;0;0;0;0;0;0;1;4;0;0;0;0;0;0;0;5;2;16;0;0;0;0;1;1;1;6;0;0;0;0;0;0;1;1;1;0;0;0;1;8;0;0;0;0;0;0;0;0;0;0;0;0;0;0;0;0;0;0;0;0;0;0;0;0;0;0;0;0;0;0;0;0;0;0;0;0;;;;;;;;;;;;;;;;;;;;
22.07.2024;03:47;A 27;1;0;0;0;0;0;100;0;0;0;0;0;0;1;2;1;1;0;0;0;0;4;21;4;16;0;0;0;0;0;0;0;0;0;0;0;0;0;0;0;0;0;0;0;0;0;0;0;0;0;0;0;0;0;0;0;0;0;0;0;0;0;0;0;0;0;0;0;0;0;0;0;0;0;0;0;0;0;0;0;0;0;0;;;;;;;;;;;;;;;;;;;;
22.07.2024;03:46;A 27;1;0;0;0;0;0;100;0;0;0;0;0;0;0;0;0;0;0;0;0;0;0;0;0;0;0;0;0;0;0;0;0;0;0;0;0;0;0;0;0;0;0;0;0;0;0;0;0;0;0;0;0;0;0;0;0;0;0;0;0;0;0;0;0;0;0;0;0;0;0;0;0;0;0;0;0;0;0;0;0;0;0;0;;;;;;;;;;;;;;;;;;;;
22.07.2024;03:45;A 27;1;0;0;0;0;0;100;0;0;0;0;0;0;0;0;0;0;0;0;0;0;0;0;0;0;0;0;0;0;0;0;0;0;0;0;0;0;0;0;0;0;0;0;1;13;0;0;1;4;1;3;0;0;0;0;0;0;0;0;0;0;0;0;0;0;0;0;0;0;0;0;0;0;0;0;0;0;0;0;0;0;0;0;;;;;;;;;;;;;;;;;;;;
22.07.2024;03:44;A 27;1;0;0;0;0;0;100;0;0;0;0;0;0;0;0;0;0;0;0;0;0;0;0;0;0;0;0;0;0;0;0;0;0;0;0;0;0;0;0;0;0;0;0;0;0;0;0;0;0;0;0;0;0;0;0;0;0;0;0;0;0;0;0;0;0;0;0;0;0;0;0;0;0;0;0;0;0;0;0;0;0;0;0;;;;;;;;;;;;;;;;;;;;
22.07.2024;03:43;A 27;1;0;0;0;0;0;100;0;0;0;0;0;0;0;0;0;0;0;0;0;0;0;0;0;0;0;0;0;0;0;0;0;0;0;0;0;0;0;0;0;0;0;0;0;0;0;0;0;0;0;0;0;0;0;0;0;0;0;0;0;0;0;0;0;0;0;0;0;0;0;0;0;0;0;0;0;0;0;0;0;0;0;0;;;;;;;;;;;;;;;;;;;;
22.07.2024;03:42;A 27;1;0;0;0;0;0;100;0;0;0;0;0;0;0;0;0;0;0;0;0;0;0;0;0;0;0;0;0;0;0;0;0;0;0;0;0;0;0;0;0;0;0;0;0;0;0;0;0;0;0;0;0;0;0;0;0;0;0;0;0;0;0;0;0;0;0;0;0;0;0;0;0;0;0;0;0;0;0;0;0;0;0;0;;;;;;;;;;;;;;;;;;;;
22.07.2024;03:41;A 27;1;1;0;1;6;0;100;1;0;0;0;1;1;0;0;1;1;0;0;1;5;3;8;0;0;0;0;0;0;0;0;0;0;0;0;0;0;0;0;0;0;0;0;0;0;0;0;0;0;0;0;0;0;0;0;0;0;0;0;0;0;0;0;0;0;0;0;0;0;0;0;0;0;0;0;0;0;0;0;0;0;0;0;;;;;;;;;;;;;;;;;;;;
22.07.2024;03:40;A 27;1;0;0;0;0;0;100;1;1;1;6;0;0;0;0;0;0;0;0;0;0;0;0;0;0;0;0;0;0;0;0;0;0;0;0;0;0;0;0;0;0;1;1;0;0;1;9;2;6;0;0;0;0;0;0;0;0;0;0;0;0;0;0;0;0;0;0;0;0;0;0;0;0;0;0;0;0;0;0;0;0;0;0;;;;;;;;;;;;;;;;;;;;
22.07.2024;03:39;A 27;1;0;0;0;0;0;100;0;0;0;0;0;0;0;0;0;0;0;0;0;0;0;0;0;0;0;0;0;0;0;0;0;0;0;0;0;0;0;0;0;0;0;0;0;0;0;0;0;0;0;0;0;0;0;0;0;0;0;0;0;0;0;0;0;0;0;0;0;0;0;0;0;0;0;0;0;0;0;0;0;0;0;0;;;;;;;;;;;;;;;;;;;;
22.07.2024;03:38;A 27;1;0;0;0;0;0;100;0;0;0;0;0;0;0;0;0;0;0;0;0;0;0;0;0;0;0;0;1;1;0;0;1;4;0;0;0;0;0;0;0;0;0;0;0;0;0;0;0;0;0;0;0;0;0;0;0;0;0;0;0;0;0;0;0;0;0;0;0;0;0;0;0;0;0;0;0;0;0;0;0;0;0;0;;;;;;;;;;;;;;;;;;;;
22.07.2024;03:37;A 27;1;0;0;0;0;0;100;1;1;1;6;0;0;0;0;0;0;0;0;0;0;0;0;0;0;0;0;0;0;1;2;1;9;1;2;1;2;2;1;0;0;0;0;0;0;0;0;0;0;0;0;0;0;0;0;0;0;0;0;0;0;0;0;0;0;0;0;0;0;0;0;0;0;0;0;0;0;0;0;0;0;0;0;;;;;;;;;;;;;;;;;;;;
22.07.2024;03:36;A 27;1;0;0;0;0;0;100;0;0;0;0;0;0;0;0;0;0;0;0;0;0;0;0;0;0;0;0;0;0;0;0;0;0;0;0;0;0;0;0;0;0;0;0;0;0;0;0;0;0;0;0;0;0;0;0;0;0;0;0;0;0;0;0;0;0;0;0;0;0;0;0;0;0;0;0;0;0;0;0;0;0;0;0;;;;;;;;;;;;;;;;;;;;
22.07.2024;03:35;A 27;1;1;1;1;12;0;100;0;0;0;0;0;0;0;0;0;0;0;0;0;0;0;0;0;0;0;0;0;0;0;0;0;0;0;0;0;0;0;0;0;0;0;0;0;0;0;0;0;0;0;0;0;0;0;0;0;0;0;0;0;0;0;0;0;0;0;0;0;0;0;0;0;0;0;0;0;0;0;0;0;0;0;0;;;;;;;;;;;;;;;;;;;;
22.07.2024;03:34;A 27;1;0;0;1;6;0;100;0;0;0;0;0;0;0;0;0;0;1;1;0;0;0;0;0;0;0;0;0;0;0;0;0;0;0;0;0;0;0;0;1;0;1;1;0;0;1;7;1;5;2;2;0;0;0;0;0;0;0;0;0;0;0;0;0;0;0;0;0;0;0;0;0;0;0;0;0;0;0;0;0;0;0;0;;;;;;;;;;;;;;;;;;;;
22.07.2024;03:33;A 27;1;2;3;1;6;0;100;0;0;0;0;0;0;0;0;0;0;0;0;0;0;0;0;0;0;0;0;0;0;0;0;0;0;0;0;0;0;0;0;0;0;0;0;0;0;0;0;0;0;0;0;0;0;0;0;0;0;0;0;0;0;0;0;0;0;0;0;0;0;0;0;0;0;0;0;0;0;0;0;0;0;0;0;;;;;;;;;;;;;;;;;;;;
22.07.2024;03:32;A 27;1;0;0;0;0;0;100;0;0;0;0;0;0;0;0;0;0;0;0;0;0;0;0;0;0;0;0;0;0;0;0;0;0;0;0;0;0;0;0;0;0;0;0;0;0;0;0;0;0;0;0;0;0;0;0;0;0;0;0;0;0;0;0;0;0;0;0;0;0;0;0;0;0;0;0;0;0;0;0;0;0;0;0;;;;;;;;;;;;;;;;;;;;
22.07.2024;03:31;A 27;1;0;0;0;0;0;100;0;0;0;0;0;0;0;0;0;0;1;4;0;0;0;0;1;1;1;3;0;0;0;0;0;0;0;0;0;0;0;0;0;0;0;0;0;0;0;0;0;0;0;0;0;0;0;0;0;0;0;0;0;0;0;0;0;0;0;0;0;0;0;0;0;0;0;0;0;0;0;0;0;0;0;0;;;;;;;;;;;;;;;;;;;;
22.07.2024;03:30;A 27;1;1;1;1;6;0;100;0;0;0;0;0;0;0;0;0;0;0;0;0;0;0;0;2;5;1;1;0;0;0;0;0;0;0;0;0;0;0;0;0;0;0;0;0;0;0;0;0;0;0;0;0;0;0;0;0;0;0;0;0;0;0;0;0;0;0;0;0;0;0;0;0;0;0;0;0;0;0;0;0;0;0;0;;;;;;;;;;;;;;;;;;;;
22.07.2024;03:29;A 27;1;1;1;1;9;0;100;0;0;0;0;0;0;0;0;0;0;0;0;0;0;0;0;0;0;0;0;0;0;0;0;0;0;0;0;0;0;0;0;0;0;0;0;0;0;0;0;0;0;0;0;0;0;0;0;0;0;0;0;0;0;0;0;0;0;0;0;0;0;0;0;0;0;0;0;0;0;0;0;0;0;0;0;;;;;;;;;;;;;;;;;;;;
22.07.2024;03:28;A 27;1;0;0;0;0;0;100;0;0;0;0;0;0;0;0;0;0;0;0;0;0;0;0;0;0;0;0;0;0;1;0;2;3;1;0;0;0;0;0;0;0;0;0;0;0;0;0;0;0;0;0;0;0;0;0;0;0;0;0;0;0;0;0;0;0;0;0;0;0;0;0;0;0;0;0;0;0;0;0;0;0;0;0;;;;;;;;;;;;;;;;;;;;
22.07.2024;03:27;A 27;1;0;0;0;0;0;100;0;0;0;0;0;0;0;0;0;0;0;0;0;0;0;0;0;0;0;0;0;0;0;0;0;0;0;0;0;0;0;0;0;0;0;0;0;0;0;0;0;0;0;0;0;0;0;0;0;0;0;0;0;0;0;0;0;0;0;0;0;0;0;0;0;0;0;0;0;0;0;0;0;0;0;0;;;;;;;;;;;;;;;;;;;;
22.07.2024;03:26;A 27;1;0;0;0;0;0;100;0;0;0;0;1;20;0;0;0;0;0;0;1;6;1;3;0;0;0;0;0;0;0;0;0;0;0;0;0;0;0;0;0;0;0;0;0;0;0;0;0;0;0;0;0;0;0;0;0;0;0;0;0;0;0;0;0;0;0;0;0;0;0;0;0;0;0;0;0;0;0;0;0;0;0;0;;;;;;;;;;;;;;;;;;;;
22.07.2024;03:25;A 27;1;0;0;0;0;0;100;0;0;0;0;1;3;0;0;0;0;0;0;2;5;0;0;0;0;0;0;0;0;0;0;0;0;0;0;0;0;0;0;1;1;1;0;0;0;1;9;1;0;0;0;0;0;0;0;0;0;0;0;0;0;0;0;0;0;0;0;0;0;0;0;0;0;0;0;0;0;0;0;0;0;0;0;;;;;;;;;;;;;;;;;;;;
22.07.2024;03:24;A 27;1;0;0;0;0;0;100;0;0;0;0;0;0;0;0;0;0;0;0;0;0;0;0;0;0;0;0;0;0;0;0;0;0;0;0;0;0;0;0;0;0;0;0;0;0;0;0;0;0;0;0;0;0;0;0;0;0;0;0;0;0;0;0;0;0;0;0;0;0;0;0;0;0;0;0;0;0;0;0;0;0;0;0;;;;;;;;;;;;;;;;;;;;
22.07.2024;03:23;A 27;1;0;0;0;0;0;100;0;0;0;0;0;0;0;0;0;0;0;0;0;0;0;0;0;0;0;0;0;0;1;2;0;10;0;0;0;0;0;0;0;0;0;0;0;0;0;0;0;0;0;0;0;0;0;0;0;0;0;0;0;0;0;0;0;0;0;0;0;0;0;0;0;0;0;0;0;0;0;0;0;0;0;0;;;;;;;;;;;;;;;;;;;;
22.07.2024;03:22;A 27;1;1;1;1;6;0;100;0;0;0;0;0;0;0;0;0;0;0;0;0;0;0;0;0;0;0;0;0;0;0;0;1;0;0;0;0;0;0;0;0;0;1;1;0;0;1;6;1;2;0;0;0;0;0;0;0;0;0;0;0;0;0;0;0;0;0;0;0;0;0;0;0;0;0;0;0;0;0;0;0;0;0;0;;;;;;;;;;;;;;;;;;;;
22.07.2024;03:21;A 27;1;0;0;0;0;0;100;0;0;0;0;0;0;0;0;0;0;0;0;0;0;0;0;0;0;0;0;0;0;0;0;0;0;0;0;0;0;0;0;0;0;0;0;0;0;0;0;0;0;0;0;0;0;0;0;0;0;0;0;0;0;0;0;0;0;0;0;0;0;0;0;0;0;0;0;0;0;0;0;0;0;0;0;;;;;;;;;;;;;;;;;;;;
22.07.2024;03:20;A 27;1;0;0;0;0;0;100;0;0;0;0;0;0;0;0;0;0;0;0;0;0;0;0;0;0;0;0;0;0;0;0;0;0;0;0;0;0;0;0;0;0;0;0;0;0;0;0;0;0;0;0;0;0;0;0;0;0;0;0;0;0;0;0;0;0;0;0;0;0;0;0;0;0;0;0;0;0;0;0;0;0;0;0;;;;;;;;;;;;;;;;;;;;
22.07.2024;03:19;A 27;1;0;0;0;0;0;100;0;0;0;0;0;0;0;0;0;0;0;0;0;0;0;0;0;0;0;0;0;0;0;0;0;0;0;0;0;0;0;0;1;1;1;0;0;0;1;6;0;0;0;0;0;0;0;0;0;0;0;0;0;0;0;0;0;0;0;0;0;0;0;0;0;0;0;0;0;0;0;0;0;0;0;0;;;;;;;;;;;;;;;;;;;;
22.07.2024;03:18;A 27;1;0;0;0;0;0;100;0;0;0;0;0;0;0;0;0;0;0;0;0;0;0;0;0;0;0;0;0;0;0;0;0;0;0;0;0;0;0;0;0;0;1;0;0;0;1;6;1;3;0;0;0;0;0;0;0;0;0;0;0;0;0;0;0;0;0;0;0;0;0;0;0;0;0;0;0;0;0;0;0;0;0;0;;;;;;;;;;;;;;;;;;;;
22.07.2024;03:17;A 27;1;0;0;0;0;0;100;0;0;0;0;0;0;0;0;1;1;0;0;0;0;1;8;0;0;0;0;0;0;0;0;0;0;0;0;0;0;0;0;0;0;0;0;0;0;0;0;0;0;0;0;0;0;0;0;0;0;0;0;0;0;0;0;0;0;0;0;0;0;0;0;0;0;0;0;0;0;0;0;0;0;0;0;;;;;;;;;;;;;;;;;;;;
22.07.2024;03:16;A 27;1;0;0;0;0;0;100;0;0;0;0;0;0;0;0;1;1;0;0;0;0;2;8;0;0;0;0;0;0;0;0;0;0;0;0;0;0;0;0;0;0;0;0;0;0;0;0;0;0;0;0;0;0;0;0;0;0;0;0;0;0;0;0;0;0;0;0;0;0;0;0;0;0;0;0;0;0;0;0;0;0;0;0;;;;;;;;;;;;;;;;;;;;
22.07.2024;03:15;A 27;1;1;1;1;11;0;100;0;0;0;0;0;0;0;0;0;0;0;0;0;0;0;0;0;0;0;0;0;0;0;0;0;0;0;0;0;0;0;0;0;0;0;0;0;0;0;0;0;0;0;0;0;0;0;0;0;0;0;0;0;0;0;0;0;0;0;0;0;0;0;0;0;0;0;0;0;0;0;0;0;0;0;0;;;;;;;;;;;;;;;;;;;;
22.07.2024;03:14;A 27;1;0;0;0;0;0;100;0;0;0;0;0;0;0;0;0;0;0;0;0;0;0;0;0;0;0;0;0;0;0;0;0;0;0;0;0;0;0;0;0;0;0;0;0;0;0;0;0;0;0;0;0;0;0;0;0;0;0;0;0;0;0;0;0;0;0;0;0;0;0;0;0;0;0;0;0;0;0;0;0;0;0;0;;;;;;;;;;;;;;;;;;;;
22.07.2024;03:13;A 27;1;0;0;0;0;0;100;0;0;0;0;0;0;0;0;0;0;0;0;0;0;0;0;0;0;0;0;0;0;0;0;0;0;0;0;0;0;0;0;0;0;0;0;0;0;0;0;0;0;0;0;0;0;0;0;0;0;0;0;0;0;0;0;0;0;0;0;0;0;0;0;0;0;0;0;0;0;0;0;0;0;0;0;;;;;;;;;;;;;;;;;;;;
22.07.2024;03:12;A 27;1;0;0;0;0;0;100;0;0;0;0;0;0;0;0;0;0;0;0;0;0;0;0;0;0;0;0;0;0;0;0;0;0;0;0;0;0;0;0;0;0;0;0;0;0;0;0;0;0;0;0;0;0;0;0;0;0;0;0;0;0;0;0;0;0;0;0;0;0;0;0;0;0;0;0;0;0;0;0;0;0;0;0;;;;;;;;;;;;;;;;;;;;
22.07.2024;03:11;A 27;1;0;0;0;0;0;100;0;0;0;0;0;0;0;0;0;0;0;0;0;0;0;0;0;0;0;0;0;0;0;0;0;0;0;0;0;0;0;0;0;0;0;0;0;0;0;0;0;0;0;0;0;0;0;0;0;0;0;0;0;0;0;0;0;0;0;0;0;0;0;0;0;0;0;0;0;0;0;0;0;0;0;0;;;;;;;;;;;;;;;;;;;;
22.07.2024;03:10;A 27;1;0;0;0;0;0;100;0;0;0;0;0;0;0;0;1;2;0;0;0;0;1;13;1;71;0;0;0;0;0;0;0;0;0;0;0;0;0;0;0;0;1;0;1;6;1;1;1;9;3;5;0;0;0;0;0;0;0;0;0;0;0;0;0;0;0;0;0;0;0;0;0;0;0;0;0;0;0;0;0;0;0;0;;;;;;;;;;;;;;;;;;;;
22.07.2024;03:09;A 27;1;1;0;1;6;0;100;0;0;0;0;0;0;0;0;0;0;0;0;0;0;0;0;0;0;0;0;0;0;0;0;0;0;0;0;0;0;0;0;0;0;0;0;0;0;0;0;0;0;0;0;0;0;0;0;0;0;0;0;0;0;0;0;0;0;0;0;0;0;0;0;0;0;0;0;0;0;0;0;0;0;0;0;;;;;;;;;;;;;;;;;;;;
22.07.2024;03:08;A 27;1;0;0;0;0;0;100;0;0;0;0;0;0;0;0;1;1;0;0;0;0;2;11;0;0;0;0;0;0;2;2;2;14;0;0;0;0;0;0;0;0;0;0;0;0;0;0;0;0;0;0;0;0;0;0;0;0;0;0;0;0;0;0;0;0;0;0;0;0;0;0;0;0;0;0;0;0;0;0;0;0;0;0;;;;;;;;;;;;;;;;;;;;
22.07.2024;03:07;A 27;1;0;0;0;0;0;100;0;0;0;0;0;0;0;0;0;0;0;0;0;0;0;0;0;0;0;0;0;0;0;0;0;0;0;0;0;0;0;0;0;0;1;1;0;0;1;6;2;8;0;0;0;0;0;0;0;0;0;0;0;0;0;0;0;0;0;0;0;0;0;0;0;0;0;0;0;0;0;0;0;0;0;0;;;;;;;;;;;;;;;;;;;;
22.07.2024;03:06;A 27;1;0;0;0;0;0;100;0;0;0;0;0;0;0;0;0;0;0;0;0;0;0;0;0;0;0;0;0;0;1;1;1;8;0;0;0;0;0;0;0;0;0;0;0;0;0;0;0;0;0;0;0;0;0;0;0;0;0;0;0;0;0;0;0;0;0;0;0;0;0;0;0;0;0;0;0;0;0;0;0;0;0;0;;;;;;;;;;;;;;;;;;;;
22.07.2024;03:05;A 27;1;0;0;0;0;0;100;0;0;0;0;0;0;0;0;0;0;0;0;0;0;0;0;0;0;0;0;0;0;0;0;0;0;0;0;0;0;0;0;1;2;1;1;0;0;1;12;0;0;0;0;0;0;0;0;0;0;0;0;0;0;0;0;0;0;0;0;0;0;0;0;0;0;0;0;0;0;0;0;0;0;0;0;;;;;;;;;;;;;;;;;;;;
22.07.2024;03:04;A 27;1;0;0;0;0;0;100;0;0;0;0;0;0;0;0;0;0;0;0;0;0;0;0;0;0;0;0;0;0;0;0;0;0;0;0;0;0;0;0;0;0;0;0;0;0;0;0;0;0;0;0;0;0;0;0;0;0;0;0;0;0;0;0;0;0;0;0;0;0;0;0;0;0;0;0;0;0;0;0;0;0;0;0;;;;;;;;;;;;;;;;;;;;
22.07.2024;03:03;A 27;1;1;1;1;6;0;100;0;0;0;0;0;0;0;0;0;0;0;0;0;0;0;0;0;0;0;0;0;0;0;0;0;0;0;0;0;0;0;0;0;0;0;0;0;0;0;0;0;0;0;0;0;0;0;0;0;0;0;0;0;0;0;0;0;0;0;0;0;0;0;0;0;0;0;0;0;0;0;0;0;0;0;0;;;;;;;;;;;;;;;;;;;;
22.07.2024;03:02;A 27;1;0;0;0;0;0;100;0;0;0;0;0;0;0;0;0;0;0;0;0;0;0;0;0;0;0;0;0;0;0;0;0;0;0;0;0;0;0;0;1;2;1;0;0;0;1;12;2;8;0;0;0;0;0;0;0;0;0;0;0;0;0;0;0;0;0;0;0;0;0;0;0;0;0;0;0;0;0;0;0;0;0;0;;;;;;;;;;;;;;;;;;;;
22.07.2024;03:01;A 27;1;0;0;0;0;0;100;0;0;0;0;0;0;0;0;0;0;0;0;0;0;0;0;0;0;0;0;0;0;0;0;0;0;0;0;0;0;0;0;0;0;0;0;0;0;0;0;0;0;0;0;0;0;0;0;0;0;0;0;0;0;0;0;0;0;0;0;0;0;0;0;0;0;0;0;0;0;0;0;0;0;0;0;;;;;;;;;;;;;;;;;;;;
22.07.2024;03:00;A 27;1;0;0;0;0;0;100;0;0;0;0;0;0;0;0;0;0;0;0;0;0;0;0;0;0;0;0;0;0;0;0;0;0;0;0;0;0;0;0;0;0;0;0;0;0;0;0;0;0;0;0;0;0;0;0;0;0;0;0;0;0;0;0;0;0;0;0;0;0;0;0;0;0;0;0;0;0;0;0;0;0;0;0;;;;;;;;;;;;;;;;;;;;
22.07.2024;02:59;A 27;1;0;0;0;0;0;100;0;0;0;0;0;0;0;0;0;0;0;0;0;0;0;0;0;0;0;0;0;0;0;0;0;0;0;0;0;0;0;0;0;0;0;0;0;0;0;0;0;0;0;0;0;0;0;0;0;0;0;0;0;0;0;0;0;0;0;0;0;0;0;0;0;0;0;0;0;0;0;0;0;0;0;0;;;;;;;;;;;;;;;;;;;;
22.07.2024;02:58;A 27;1;0;0;0;0;0;100;0;0;0;0;0;0;0;0;1;1;0;0;1;0;1;11;0;0;0;0;0;0;0;0;0;0;0;0;0;0;0;0;0;0;0;0;0;0;0;0;0;0;0;0;0;0;0;0;0;0;0;0;0;0;0;0;0;0;0;0;0;0;0;0;0;0;0;0;0;0;0;0;0;0;0;0;;;;;;;;;;;;;;;;;;;;
22.07.2024;02:57;A 27;1;0;0;0;0;0;100;0;0;0;0;0;0;0;0;0;0;0;0;0;0;0;0;0;0;0;0;0;0;0;0;0;0;0;0;0;0;0;0;0;0;0;0;0;0;0;0;0;0;0;0;0;0;0;0;0;0;0;0;0;0;0;0;0;0;0;0;0;0;0;0;0;0;0;0;0;0;0;0;0;0;0;0;;;;;;;;;;;;;;;;;;;;
22.07.2024;02:56;A 27;1;0;0;0;0;0;100;0;0;0;0;0;0;0;0;0;0;0;0;0;0;0;0;0;0;0;0;1;1;0;0;1;4;0;0;0;0;0;0;0;0;0;0;0;0;0;0;0;0;0;0;0;0;0;0;0;0;0;0;0;0;0;0;0;0;0;0;0;0;0;0;0;0;0;0;0;0;0;0;0;0;0;0;;;;;;;;;;;;;;;;;;;;
22.07.2024;02:55;A 27;1;0;0;0;0;0;100;0;0;0;0;0;0;0;0;1;1;0;0;1;6;2;11;0;0;0;0;0;0;0;0;1;1;0;0;0;0;0;0;0;0;0;0;0;0;0;0;0;0;0;0;0;0;0;0;0;0;0;0;0;0;0;0;0;0;0;0;0;0;0;0;0;0;0;0;0;0;0;0;0;0;0;0;;;;;;;;;;;;;;;;;;;;
22.07.2024;02:54;A 27;1;0;0;0;0;0;100;0;0;0;0;0;0;0;0;0;0;0;0;0;0;0;0;0;0;0;0;0;0;0;0;0;0;0;0;0;0;0;0;0;0;0;0;0;0;0;0;0;0;0;0;0;0;0;0;0;0;0;0;0;0;0;0;0;0;0;0;0;0;0;0;0;0;0;0;0;0;0;0;0;0;0;0;;;;;;;;;;;;;;;;;;;;
22.07.2024;02:53;A 27;1;0;0;0;0;0;100;0;0;0;0;0;0;0;0;0;0;0;0;0;0;0;0;0;0;0;0;0;0;1;1;1;9;0;0;0;0;0;0;0;0;0;0;0;0;0;0;0;0;0;0;0;0;0;0;0;0;0;0;0;0;0;0;0;0;0;0;0;0;0;0;0;0;0;0;0;0;0;0;0;0;0;0;;;;;;;;;;;;;;;;;;;;
22.07.2024;02:52;A 27;1;1;0;1;6;0;100;0;0;0;0;0;0;0;0;0;0;0;0;0;0;0;0;0;0;0;0;0;0;0;0;0;0;0;0;0;0;0;0;0;0;0;0;0;0;0;0;0;0;0;0;0;0;0;0;0;0;0;0;0;0;0;0;0;0;0;0;0;0;0;0;0;0;0;0;0;0;0;0;0;0;0;0;;;;;;;;;;;;;;;;;;;;
22.07.2024;02:51;A 27;1;0;0;0;0;0;100;0;0;0;0;0;0;0;0;0;0;0;0;0;0;0;0;0;0;0;0;0;0;0;0;0;0;0;0;0;0;0;0;0;0;0;0;0;0;0;0;0;0;0;0;0;0;0;0;0;0;0;0;0;0;0;0;0;0;0;0;0;0;0;0;0;0;0;0;0;0;0;0;0;0;0;0;;;;;;;;;;;;;;;;;;;;
22.07.2024;02:50;A 27;1;0;0;0;0;0;100;0;0;0;0;0;0;1;1;0;0;0;0;0;0;1;4;2;9;0;0;0;0;1;1;1;7;0;0;0;0;0;0;0;0;0;0;1;0;0;0;0;0;0;0;0;0;0;0;0;0;0;0;0;0;0;0;0;0;0;0;0;0;0;0;0;0;0;0;0;0;0;0;0;0;0;0;;;;;;;;;;;;;;;;;;;;
22.07.2024;02:49;A 27;1;0;0;0;0;0;100;0;0;0;0;0;0;0;0;0;0;1;3;0;0;0;0;2;8;1;3;0;0;0;0;0;0;0;0;0;0;0;0;0;0;0;0;0;0;0;0;0;0;0;0;0;0;0;0;0;0;0;0;0;0;0;0;0;0;0;0;0;0;0;0;0;0;0;0;0;0;0;0;0;0;0;0;;;;;;;;;;;;;;;;;;;;
22.07.2024;02:48;A 27;1;0;0;0;0;0;100;0;0;0;0;0;0;0;0;0;0;0;0;0;0;0;0;0;0;0;0;0;0;0;0;0;0;0;0;0;0;0;0;0;0;0;0;0;0;0;0;0;0;0;0;0;0;0;0;0;0;0;0;0;0;0;0;0;0;0;0;0;0;0;0;0;0;0;0;0;0;0;0;0;0;0;0;;;;;;;;;;;;;;;;;;;;
22.07.2024;02:47;A 27;1;0;0;0;0;0;100;0;0;0;0;0;0;0;0;0;0;0;0;0;0;0;0;0;0;0;0;0;0;0;0;0;0;0;0;0;0;0;0;0;0;0;0;0;0;0;0;0;0;0;0;0;0;0;0;0;0;0;0;0;0;0;0;0;0;0;0;0;0;0;0;0;0;0;0;0;0;0;0;0;0;0;0;;;;;;;;;;;;;;;;;;;;
22.07.2024;02:46;A 27;1;0;0;0;0;0;100;0;0;0;0;1;0;0;0;1;1;0;0;1;7;2;11;0;0;0;0;0;0;0;0;0;0;0;0;0;0;0;0;0;0;0;0;0;0;0;0;0;0;0;0;0;0;0;0;0;0;0;0;0;0;0;0;0;0;0;0;0;0;0;0;0;0;0;0;0;0;0;0;0;0;0;0;;;;;;;;;;;;;;;;;;;;
22.07.2024;02:45;A 27;1;0;0;0;0;0;100;0;0;0;0;0;0;0;0;1;1;0;0;1;7;1;9;0;0;0;0;0;0;0;0;0;0;0;0;0;0;0;0;0;0;0;0;0;0;0;0;0;0;0;0;0;0;0;0;0;0;0;0;0;0;0;0;0;0;0;0;0;0;0;0;0;0;0;0;0;0;0;0;0;0;0;0;;;;;;;;;;;;;;;;;;;;
22.07.2024;02:44;A 27;1;0;0;0;0;0;100;0;0;0;0;0;0;0;0;0;0;0;0;0;0;0;0;0;0;0;0;0;0;0;0;0;0;0;0;0;0;0;0;0;0;0;0;0;0;0;0;0;0;0;0;0;0;0;0;0;0;0;0;0;0;0;0;0;0;0;0;0;0;0;0;0;0;0;0;0;0;0;0;0;0;0;0;;;;;;;;;;;;;;;;;;;;
22.07.2024;02:43;A 27;1;0;0;0;0;0;100;0;0;0;0;0;0;0;0;0;0;0;0;0;0;0;0;0;0;0;0;0;0;2;2;1;11;2;1;0;0;0;0;0;0;0;0;0;0;0;0;0;0;0;0;0;0;0;0;0;0;0;0;0;0;0;0;0;0;0;0;0;0;0;0;0;0;0;0;0;0;0;0;0;0;0;0;;;;;;;;;;;;;;;;;;;;
22.07.2024;02:42;A 27;1;1;0;1;6;0;100;0;0;0;0;0;0;0;0;0;0;0;0;0;0;0;0;0;0;0;0;0;0;0;0;0;0;0;0;0;0;0;0;0;0;0;0;0;0;0;0;0;0;0;0;0;0;0;0;0;0;0;0;0;0;0;0;0;0;0;0;0;0;0;0;0;0;0;0;0;0;0;0;0;0;0;0;;;;;;;;;;;;;;;;;;;;
22.07.2024;02:41;A 27;1;0;0;0;0;0;100;0;0;0;0;0;0;0;0;0;0;0;0;0;0;0;0;0;0;0;0;0;0;0;0;0;0;0;0;0;0;0;0;0;0;1;1;0;0;1;10;2;8;0;0;0;0;0;0;0;0;0;0;0;0;0;0;0;0;0;0;0;0;0;0;0;0;0;0;0;0;0;0;0;0;0;0;;;;;;;;;;;;;;;;;;;;
22.07.2024;02:40;A 27;1;0;0;0;5;0;100;0;0;0;0;1;0;0;0;1;2;0;0;2;2;1;2;0;0;0;0;0;0;0;0;0;0;0;0;0;0;0;0;0;0;0;0;0;0;0;0;0;0;0;0;0;0;0;0;0;0;0;0;0;0;0;0;0;0;0;0;0;0;0;0;0;0;0;0;0;0;0;0;0;0;0;0;;;;;;;;;;;;;;;;;;;;
22.07.2024;02:39;A 27;1;1;1;1;9;0;100;0;0;0;0;0;0;0;0;0;0;0;0;1;11;1;1;0;0;0;0;0;0;0;0;0;0;0;0;0;0;0;0;0;0;0;0;0;0;0;0;0;0;0;0;0;0;0;0;0;0;0;0;0;0;0;0;0;0;0;0;0;0;0;0;0;0;0;0;0;0;0;0;0;0;0;0;;;;;;;;;;;;;;;;;;;;
22.07.2024;02:38;A 27;1;0;0;0;0;0;100;0;0;0;0;0;43;0;0;0;0;0;0;0;0;0;0;0;0;0;0;0;0;0;0;0;0;0;0;0;0;0;0;0;0;0;0;0;0;0;0;0;0;0;0;0;0;0;0;0;0;0;0;0;0;0;0;0;0;0;0;0;0;0;0;0;0;0;0;0;0;0;0;0;0;0;0;;;;;;;;;;;;;;;;;;;;
22.07.2024;02:37;A 27;1;1;0;1;6;0;100;0;0;0;0;1;26;0;0;2;2;0;0;2;13;2;18;0;0;1;0;0;0;1;3;1;4;0;0;0;0;0;0;0;0;0;0;0;0;0;0;0;0;0;0;0;0;0;0;0;0;0;0;0;0;0;0;0;0;0;0;0;0;0;0;0;0;0;0;0;0;0;0;0;0;0;0;;;;;;;;;;;;;;;;;;;;
22.07.2024;02:36;A 27;1;0;0;0;0;0;100;0;0;0;0;0;0;0;0;0;0;0;0;0;0;0;0;0;0;0;0;0;0;0;0;0;0;0;0;0;0;0;0;0;0;0;0;0;0;0;0;0;0;0;0;0;0;0;0;0;0;0;0;0;0;0;0;0;0;0;0;0;0;0;0;0;0;0;0;0;0;0;0;0;0;0;0;;;;;;;;;;;;;;;;;;;;
22.07.2024;02:35;A 27;1;0;0;0;0;0;100;0;0;0;0;0;0;0;0;0;0;0;0;0;0;0;0;0;0;0;0;0;0;0;0;0;0;0;54;0;0;0;0;0;0;0;0;0;0;0;0;0;0;0;0;0;0;0;0;0;0;0;0;0;0;0;0;0;0;0;0;0;0;0;0;0;0;0;0;0;0;0;0;0;0;0;0;;;;;;;;;;;;;;;;;;;;
22.07.2024;02:34;A 27;1;1;1;1;6;0;100;0;0;0;0;0;0;0;0;0;0;0;0;0;0;0;0;0;0;0;0;0;0;0;0;0;0;1;60;1;1;1;7;0;0;0;0;1;1;1;6;1;4;1;1;0;0;0;0;0;0;0;0;0;0;0;0;0;0;0;0;0;0;0;0;0;0;0;0;0;0;0;0;0;0;0;0;;;;;;;;;;;;;;;;;;;;
22.07.2024;02:33;A 27;1;0;0;0;0;0;100;1;1;1;6;0;0;0;0;0;0;0;0;0;0;0;0;0;0;0;0;0;0;0;0;0;0;0;0;0;0;0;0;0;0;0;0;0;0;0;0;0;0;0;0;0;0;0;0;0;0;0;0;0;0;0;0;0;0;0;0;0;0;0;0;0;0;0;0;0;0;0;0;0;0;0;0;;;;;;;;;;;;;;;;;;;;
22.07.2024;02:32;A 27;1;0;0;1;6;0;100;0;0;0;0;0;0;0;0;0;0;0;0;0;0;0;0;0;0;0;0;0;0;0;0;0;0;2;61;2;3;1;19;0;0;0;0;0;0;0;0;0;0;0;0;0;0;0;0;0;0;0;0;0;0;0;0;0;0;0;0;0;0;0;0;0;0;0;0;0;0;0;0;0;0;0;0;;;;;;;;;;;;;;;;;;;;
22.07.2024;02:31;A 27;1;0;0;0;0;0;100;0;0;0;0;0;0;0;0;0;0;0;0;0;0;0;0;0;0;0;0;0;0;0;0;0;0;0;0;0;0;1;2;0;0;0;0;0;0;0;0;0;0;0;0;0;0;0;0;0;0;0;0;0;0;0;0;0;0;0;0;0;0;0;0;0;0;0;0;0;0;0;0;0;0;0;0;;;;;;;;;;;;;;;;;;;;
22.07.2024;02:30;A 27;1;0;0;0;0;0;100;0;0;0;0;0;0;0;0;0;0;0;0;0;0;0;0;0;0;0;0;0;0;0;0;0;0;0;0;0;0;0;0;0;0;0;0;0;0;0;0;0;0;0;0;0;0;0;0;0;0;0;0;0;0;0;0;0;0;0;0;0;0;0;0;0;0;0;0;0;0;0;0;0;0;0;0;;;;;;;;;;;;;;;;;;;;
22.07.2024;02:29;A 27;1;1;1;1;7;0;100;1;0;1;8;0;0;0;0;0;0;0;0;0;0;0;0;0;0;0;0;0;0;0;0;0;0;0;0;0;0;0;0;0;0;0;0;0;0;0;0;0;0;0;0;0;0;0;0;0;0;0;0;0;0;0;0;0;0;0;0;0;0;0;0;0;0;0;0;0;0;0;0;0;0;0;0;;;;;;;;;;;;;;;;;;;;
22.07.2024;02:28;A 27;1;0;0;0;0;0;100;0;0;0;0;0;0;0;0;1;1;0;0;1;8;1;10;0;0;0;0;0;0;0;0;0;0;0;0;0;0;0;0;0;0;0;0;0;0;0;0;0;0;0;0;0;0;0;0;0;0;0;0;0;0;0;0;0;0;0;0;0;0;0;0;0;0;0;0;0;0;0;0;0;0;0;0;;;;;;;;;;;;;;;;;;;;
22.07.2024;02:27;A 27;1;0;0;0;0;0;100;0;0;0;0;0;0;0;0;0;0;0;0;0;0;0;0;0;0;0;0;0;0;0;0;0;0;0;0;0;0;0;0;0;0;0;0;0;0;0;0;0;0;0;0;0;0;0;0;0;0;0;0;0;0;0;0;0;0;0;0;0;0;0;0;0;0;0;0;0;0;0;0;0;0;0;0;;;;;;;;;;;;;;;;;;;;
22.07.2024;02:26;A 27;1;0;0;0;0;0;100;0;0;0;0;0;0;0;0;0;0;0;0;0;0;0;0;0;0;0;0;0;0;0;0;0;0;0;0;0;0;0;0;0;0;0;0;0;0;0;0;0;0;0;0;0;0;0;0;0;0;0;0;0;0;0;0;0;0;0;0;0;0;0;0;0;0;0;0;0;0;0;0;0;0;0;0;;;;;;;;;;;;;;;;;;;;
22.07.2024;02:25;A 27;1;0;0;0;0;0;100;0;0;0;0;0;0;0;0;0;0;0;0;0;0;0;0;0;0;0;0;0;0;0;0;0;0;0;0;0;0;0;0;0;0;0;0;0;0;0;0;0;0;0;0;0;0;0;0;0;0;0;0;0;0;0;0;0;0;0;0;0;0;0;0;0;0;0;0;0;0;0;0;0;0;0;0;;;;;;;;;;;;;;;;;;;;
22.07.2024;02:24;A 27;1;2;3;2;13;0;100;0;0;0;0;0;0;0;0;0;0;0;0;0;0;0;0;0;0;0;0;0;0;0;0;0;0;0;0;0;0;0;0;0;0;0;0;0;0;0;0;0;0;0;0;0;0;0;0;0;0;0;0;0;0;0;0;0;0;0;0;0;0;0;0;0;0;0;0;0;0;0;0;0;0;0;0;;;;;;;;;;;;;;;;;;;;
22.07.2024;02:23;A 27;1;1;0;1;6;0;100;0;0;0;0;0;0;0;0;0;0;0;0;0;0;0;0;0;0;0;0;0;0;0;0;0;0;0;0;0;0;0;0;0;0;0;0;0;0;0;0;0;0;0;0;0;0;0;0;0;0;0;0;0;0;0;0;0;0;0;0;0;0;0;0;0;0;0;0;0;0;0;0;0;0;0;0;;;;;;;;;;;;;;;;;;;;
22.07.2024;02:22;A 27;1;0;0;0;0;0;100;0;0;0;0;0;0;0;0;0;0;0;0;0;0;0;0;0;0;0;0;0;0;0;0;0;0;0;0;0;0;0;0;0;0;0;0;0;0;0;0;0;0;0;0;0;0;0;0;0;0;0;0;0;0;0;0;0;0;0;0;0;0;0;0;0;0;0;0;0;0;0;0;0;0;0;0;;;;;;;;;;;;;;;;;;;;
22.07.2024;02:21;A 27;1;0;0;0;0;0;100;0;0;0;0;0;0;0;0;1;1;0;0;1;8;2;11;0;0;0;0;0;0;0;0;0;0;0;0;0;0;0;0;1;1;0;0;0;0;1;10;0;0;0;0;0;0;0;0;0;0;0;0;0;0;0;0;0;0;0;0;0;0;0;0;0;0;0;0;0;0;0;0;0;0;0;0;;;;;;;;;;;;;;;;;;;;
22.07.2024;02:20;A 27;1;0;0;0;0;0;100;0;0;0;0;0;0;0;0;0;0;0;0;0;0;0;0;0;0;0;0;0;0;0;0;0;0;0;0;0;0;0;0;0;0;0;0;0;0;0;0;0;0;0;0;0;0;0;0;0;0;0;0;0;0;0;0;0;0;0;0;0;0;0;0;0;0;0;0;0;0;0;0;0;0;0;0;;;;;;;;;;;;;;;;;;;;
22.07.2024;02:19;A 27;1;0;0;0;0;0;100;0;0;0;0;0;0;0;0;0;0;0;0;0;0;0;0;0;0;0;0;0;0;0;0;0;0;0;0;0;0;0;0;0;0;0;0;0;0;0;0;0;0;0;0;0;0;0;0;0;0;0;0;0;0;0;0;0;0;0;0;0;0;0;0;0;0;0;0;0;0;0;0;0;0;0;0;;;;;;;;;;;;;;;;;;;;
22.07.2024;02:18;A 27;1;0;0;0;0;0;100;0;0;0;0;0;0;0;0;0;0;0;0;0;0;0;0;0;0;0;0;0;0;0;0;0;0;0;0;0;0;0;0;0;0;0;0;0;0;0;0;0;0;0;0;0;0;0;0;0;0;0;0;0;0;0;0;0;0;0;0;0;0;0;0;0;0;0;0;0;0;0;0;0;0;0;0;;;;;;;;;;;;;;;;;;;;
22.07.2024;02:17;A 27;1;0;0;0;0;0;100;0;0;0;0;0;0;0;0;0;0;0;0;0;0;0;0;0;0;0;0;0;0;0;0;0;0;0;0;0;0;0;0;0;0;0;0;0;0;0;0;0;0;0;0;0;0;0;0;0;0;0;0;0;0;0;0;0;0;0;0;0;0;0;0;0;0;0;0;0;0;0;0;0;0;0;0;;;;;;;;;;;;;;;;;;;;
22.07.2024;02:16;A 27;1;0;0;0;0;0;100;0;0;0;0;0;0;0;0;0;0;0;0;0;0;0;0;0;0;0;0;0;0;0;0;0;0;0;0;0;0;0;0;0;0;0;0;0;0;0;0;0;0;0;0;0;0;0;0;0;0;0;0;0;0;0;0;0;0;0;0;0;0;0;0;0;0;0;0;0;0;0;0;0;0;0;0;;;;;;;;;;;;;;;;;;;;
22.07.2024;02:15;A 27;1;0;0;0;0;0;100;0;0;0;0;0;0;0;0;0;0;0;0;0;0;0;0;0;0;0;0;0;0;0;0;0;0;0;0;0;0;0;0;1;1;0;0;0;0;1;12;0;0;0;0;0;0;0;0;0;0;0;0;0;0;0;0;0;0;0;0;0;0;0;0;0;0;0;0;0;0;0;0;0;0;0;0;;;;;;;;;;;;;;;;;;;;
22.07.2024;02:14;A 27;1;1;1;1;6;0;100;0;0;0;0;0;0;0;0;1;1;0;0;1;7;1;14;0;0;0;0;0;0;0;0;0;0;0;0;0;0;0;0;1;1;0;0;0;0;1;11;0;0;0;0;0;0;0;0;0;0;0;0;0;0;0;0;0;0;0;0;0;0;0;0;0;0;0;0;0;0;0;0;0;0;0;0;;;;;;;;;;;;;;;;;;;;
22.07.2024;02:13;A 27;1;1;1;1;6;0;100;0;0;0;0;0;0;0;0;0;0;0;0;0;0;0;0;0;0;0;0;0;0;0;0;0;0;0;0;0;0;0;0;0;0;0;0;0;0;0;0;0;0;0;0;0;0;0;0;0;0;0;0;0;0;0;0;0;0;0;0;0;0;0;0;0;0;0;0;0;0;0;0;0;0;0;0;;;;;;;;;;;;;;;;;;;;
22.07.2024;02:12;A 27;1;0;0;0;0;0;100;0;0;0;0;0;0;0;0;0;0;0;0;0;0;0;0;0;0;0;0;0;0;0;0;0;0;0;0;0;0;0;0;0;0;0;0;0;0;0;0;0;0;0;0;0;0;0;0;0;0;0;0;0;0;0;0;0;0;0;0;0;0;0;0;0;0;0;0;0;0;0;0;0;0;0;0;;;;;;;;;;;;;;;;;;;;
22.07.2024;02:11;A 27;1;0;0;0;0;0;100;0;0;0;0;0;0;0;0;0;0;0;0;0;0;0;0;0;0;0;0;0;0;0;0;0;0;0;0;0;0;0;0;0;0;0;0;0;0;0;0;0;0;0;0;0;0;0;0;0;0;0;0;0;0;0;0;0;0;0;0;0;0;0;0;0;0;0;0;0;0;0;0;0;0;0;0;;;;;;;;;;;;;;;;;;;;
22.07.2024;02:10;A 27;1;0;0;0;0;0;100;0;0;0;0;0;0;0;0;0;0;0;0;0;0;0;0;0;0;0;0;0;0;0;0;0;0;0;0;0;0;0;0;0;0;0;0;0;0;0;0;0;0;0;0;0;0;0;0;0;0;0;0;0;0;0;0;0;0;0;0;0;0;0;0;0;0;0;0;0;0;0;0;0;0;0;0;;;;;;;;;;;;;;;;;;;;
22.07.2024;02:09;A 27;1;0;0;0;0;0;100;0;0;0;0;0;0;0;0;0;0;0;0;0;0;0;0;0;0;0;0;0;0;0;0;0;0;0;0;0;0;0;0;0;0;0;0;0;0;0;0;0;0;0;0;0;0;0;0;0;0;0;0;0;0;0;0;0;0;0;0;0;0;0;0;0;0;0;0;0;0;0;0;0;0;0;0;;;;;;;;;;;;;;;;;;;;
22.07.2024;02:08;A 27;1;1;1;1;6;0;100;0;0;0;0;0;0;0;0;0;0;0;0;0;0;0;0;0;0;0;0;0;0;0;0;0;0;0;0;0;0;0;0;0;0;0;0;1;1;0;0;0;0;0;0;0;0;0;0;0;0;0;0;0;0;0;0;0;0;0;0;0;0;0;0;0;0;0;0;0;0;0;0;0;0;0;0;;;;;;;;;;;;;;;;;;;;
22.07.2024;02:07;A 27;1;0;0;0;0;0;100;0;0;0;0;0;0;0;0;0;0;0;0;0;0;0;0;0;0;0;0;0;0;0;0;0;0;0;0;0;0;0;0;0;0;0;0;0;0;0;0;0;0;0;0;0;0;0;0;0;0;0;0;0;0;0;0;0;0;0;0;0;0;0;0;0;0;0;0;0;0;0;0;0;0;0;0;;;;;;;;;;;;;;;;;;;;
22.07.2024;02:06;A 27;1;0;0;0;0;0;100;0;0;0;0;0;0;0;0;0;0;0;0;0;0;0;0;0;0;0;0;0;0;0;0;0;0;0;0;0;0;0;0;0;0;0;0;0;0;0;0;0;0;0;0;0;0;0;0;0;0;0;0;0;0;0;0;0;0;0;0;0;0;0;0;0;0;0;0;0;0;0;0;0;0;0;0;;;;;;;;;;;;;;;;;;;;
22.07.2024;02:05;A 27;1;0;0;0;0;0;100;0;0;0;0;0;0;0;0;0;0;0;0;0;0;0;0;0;0;0;0;0;0;0;0;0;0;0;0;0;0;0;0;0;0;0;0;0;0;0;0;0;0;0;0;0;0;0;0;0;0;0;0;0;0;0;0;0;0;0;0;0;0;0;0;0;0;0;0;0;0;0;0;0;0;0;0;;;;;;;;;;;;;;;;;;;;
22.07.2024;02:04;A 27;1;0;0;0;0;0;100;0;0;0;0;0;0;0;0;0;0;0;0;0;0;0;0;0;0;0;0;0;0;0;0;0;0;0;16;0;0;0;0;0;0;1;2;0;0;1;9;1;5;0;0;0;0;0;0;0;0;0;0;0;0;0;0;0;0;0;0;0;0;0;0;0;0;0;0;0;0;0;0;0;0;0;0;;;;;;;;;;;;;;;;;;;;
22.07.2024;02:03;A 27;1;0;0;0;0;0;100;0;0;0;0;0;0;0;0;0;0;0;0;0;0;0;0;0;0;0;0;0;0;0;0;0;0;1;5;1;1;2;8;0;0;0;0;0;0;0;0;0;0;0;0;0;0;0;0;0;0;0;0;0;0;0;0;0;0;0;0;0;0;0;0;0;0;0;0;0;0;0;0;0;0;0;0;;;;;;;;;;;;;;;;;;;;
22.07.2024;02:02;A 27;1;0;0;0;0;0;100;0;0;0;0;0;0;0;0;0;0;0;0;0;0;0;0;0;0;0;0;0;0;1;1;1;1;0;0;1;1;1;2;0;0;0;0;0;0;0;0;0;0;0;0;0;0;0;0;0;0;0;0;0;0;0;0;0;0;0;0;0;0;0;0;0;0;0;0;0;0;0;0;0;0;0;0;;;;;;;;;;;;;;;;;;;;
22.07.2024;02:01;A 27;1;0;0;0;0;0;100;0;0;0;0;0;0;0;0;0;0;0;0;0;0;0;0;0;0;0;0;0;0;0;0;0;0;0;0;0;0;0;0;0;0;0;0;0;0;0;0;0;0;0;0;0;0;0;0;0;0;0;0;0;0;0;0;0;0;0;0;0;0;0;0;0;0;0;0;0;0;0;0;0;0;0;0;;;;;;;;;;;;;;;;;;;;
22.07.2024;02:00;A 27;1;0;0;0;0;0;100;0;0;0;0;0;0;0;0;0;0;0;0;0;0;0;0;0;0;0;0;0;0;0;0;0;0;0;0;0;0;0;0;1;1;0;0;0;0;1;7;0;0;0;0;0;0;0;0;0;0;0;0;0;0;0;0;0;0;0;0;0;0;0;0;0;0;0;0;0;0;0;0;0;0;0;0;;;;;;;;;;;;;;;;;;;;
