Datum;Uhrzeit;Bezeichnung;Intervall;V111Z;V111B;V121Z;V121B;D21Z;D21B;D22Z;D22B;D23Z;D23B;V211Z;V211B;V221Z;V221B;V231Z;V231B;D33Z;D33B;V301Z;V301B;V311Z;V311B;V321Z;V321B;D41Z;D41B;D42Z;D42B;V411Z;V411B;V421Z;V421B;TA32Z;TA32B;TB32Z;TB32B;TA33Z;TA33B;TB33Z;TB33B;TA35Z;TA35B;TB35Z;TB35B;TA38Z;TA38B;TB38Z;TB38B;TA39Z;TA39B;TB39Z;TB39B;TA41Z;TA41B;TB41Z;TB41B;EG21Z;EG21B;EG22Z;EG22B;D11Z;D11B;D12Z;D12B;D30Z;D30B;D31Z;D31B;D32Z;D32B;V1_StoerZ;V1_StoerB;V2_StoerZ;V2_StoerB;V3_StoerZ;V3_StoerB;V4_StoerZ;V4_StoerB;A4_MP6Z;A4_MP6B;A22_MP1Z;A22_MP1B;A13_MP4Z;A13_MP4B;A45_MP2Z;A45_MP2B;A22_MP2Z;A22_MP2B
23.01.2025;01:00;A 22;1;0;0;0;0;0;0;0;0;0;0;0;0;0;0;0;0;0;0;0;0;0;0;0;0;0;0;0;0;0;0;0;0;0;0;0;0;0;0;0;0;0;0;0;0;0;0;0;0;0;0;0;0;0;0;0;0;0;0;0;0;0;0;0;0;0;0;0;0;0;0;;;;;;;;;;;;;;;;;;
23.01.2025;00:59;A 22;1;0;0;4;3;0;0;1;0;0;0;0;0;0;0;0;0;0;0;0;0;0;0;0;0;0;0;2;2;0;0;0;0;1;0;0;0;0;0;0;0;0;0;0;0;0;0;0;0;0;0;0;0;0;0;0;0;0;0;0;0;0;0;0;0;0;0;0;0;0;0;;;;;;;;;;;;;;;;;;
23.01.2025;00:58;A 22;1;0;0;1;3;0;0;1;1;0;0;0;0;0;0;0;0;0;0;0;0;0;0;0;0;0;0;0;0;0;0;0;0;0;0;0;0;0;0;0;0;0;0;0;0;0;0;0;0;0;0;0;0;0;0;0;0;0;0;0;0;0;0;0;0;0;0;0;0;0;0;;;;;;;;;;;;;;;;;;
23.01.2025;00:57;A 22;1;0;0;0;0;0;0;0;0;0;0;0;0;0;0;0;0;0;0;0;0;0;0;0;0;0;0;2;7;0;0;0;0;2;1;0;0;0;0;0;0;0;0;0;0;0;0;0;0;0;0;0;0;0;0;0;0;0;0;0;0;0;0;0;0;0;0;0;0;0;0;;;;;;;;;;;;;;;;;;
23.01.2025;00:56;A 22;1;0;0;0;0;0;0;0;0;0;0;0;0;0;0;0;0;0;0;0;0;0;0;0;0;0;0;0;0;0;0;0;0;0;0;0;0;0;0;0;0;0;0;0;0;0;0;0;0;0;0;0;0;0;0;0;0;0;0;0;0;0;0;0;0;0;0;0;0;0;0;;;;;;;;;;;;;;;;;;
23.01.2025;00:55;A 22;1;0;0;0;0;0;0;0;0;0;0;0;0;0;0;0;0;0;0;0;0;0;0;0;0;0;0;0;0;0;0;0;0;0;0;0;0;0;0;0;0;0;0;0;0;0;0;0;0;0;0;0;0;0;0;0;0;0;0;0;0;0;0;0;0;0;0;0;0;0;0;;;;;;;;;;;;;;;;;;
23.01.2025;00:54;A 22;1;0;0;0;0;0;0;0;0;0;0;0;0;0;0;0;0;0;0;0;0;0;0;0;0;0;0;0;0;0;0;0;0;0;0;0;0;0;0;0;0;0;0;0;0;0;0;0;0;0;0;0;0;0;0;0;0;0;0;0;0;0;0;0;0;0;0;0;0;0;0;;;;;;;;;;;;;;;;;;
23.01.2025;00:53;A 22;1;0;0;0;0;0;0;0;0;0;0;0;0;0;0;0;0;0;0;0;0;0;0;0;0;0;0;1;5;0;0;0;0;1;1;0;0;0;0;0;0;0;0;0;0;0;0;0;0;0;0;0;0;0;0;0;0;0;0;0;0;0;0;0;0;0;0;0;0;0;0;;;;;;;;;;;;;;;;;;
23.01.2025;00:52;A 22;1;0;0;2;3;0;0;1;0;0;0;0;0;0;0;0;0;0;0;0;0;0;0;0;0;0;0;2;4;0;0;0;0;1;1;0;0;0;0;0;0;0;0;0;0;0;0;0;0;0;0;0;0;0;0;0;0;0;0;0;0;0;0;0;0;0;0;0;0;0;0;;;;;;;;;;;;;;;;;;
23.01.2025;00:51;A 22;1;0;0;1;4;0;0;1;0;0;0;0;0;0;0;0;0;0;0;0;0;0;0;0;0;0;0;0;0;0;0;0;0;0;0;0;0;0;0;0;0;0;0;0;0;0;0;0;0;0;0;0;0;0;0;0;0;0;0;0;0;0;0;0;0;0;0;0;0;0;0;;;;;;;;;;;;;;;;;;
23.01.2025;00:50;A 22;1;0;0;6;9;0;0;3;2;0;0;0;0;0;0;0;0;0;0;0;0;0;0;0;0;0;0;1;14;0;0;0;0;1;2;0;0;0;0;0;0;0;0;0;0;0;0;0;0;0;0;0;0;0;0;0;0;0;0;0;0;0;0;0;0;0;0;0;0;0;0;;;;;;;;;;;;;;;;;;
23.01.2025;00:49;A 22;1;0;0;0;0;0;0;0;0;0;0;0;0;1;1;1;31;0;0;0;0;1;4;0;0;0;0;0;0;0;0;0;0;0;0;0;0;0;0;0;0;0;0;0;0;0;0;0;0;0;0;0;0;0;0;0;0;0;0;0;0;0;0;0;0;0;0;0;0;0;0;;;;;;;;;;;;;;;;;;
23.01.2025;00:48;A 22;1;0;0;0;0;0;0;0;0;0;0;0;0;0;0;1;1;0;0;0;0;0;0;0;0;1;2;5;11;0;0;1;0;3;2;0;0;0;0;0;0;0;0;0;0;0;0;0;0;0;0;0;0;0;0;0;0;0;0;0;0;0;0;0;0;0;0;0;0;0;0;;;;;;;;;;;;;;;;;;
23.01.2025;00:47;A 22;1;0;0;1;5;0;0;1;1;0;0;0;0;0;0;0;0;0;0;0;0;0;0;0;0;0;0;0;0;0;0;0;0;0;0;0;0;0;0;0;0;0;0;0;0;0;0;0;0;0;0;0;0;0;0;0;0;0;0;0;0;0;0;0;0;0;0;0;0;0;0;;;;;;;;;;;;;;;;;;
23.01.2025;00:46;A 22;1;0;0;1;4;0;0;1;1;0;0;0;0;0;0;0;0;0;0;0;0;0;0;0;0;0;0;0;0;0;0;0;0;0;0;0;0;0;0;0;0;0;0;0;0;0;0;0;0;0;0;0;0;0;0;0;0;0;0;0;0;0;0;0;0;0;0;0;0;0;0;;;;;;;;;;;;;;;;;;
23.01.2025;00:45;A 22;1;0;0;0;0;0;0;0;0;0;0;0;0;0;0;0;0;0;0;0;0;0;0;0;0;0;0;3;10;0;0;0;0;2;2;0;0;0;0;0;0;0;0;0;0;0;0;0;0;1;1;0;0;0;0;0;0;0;0;0;0;0;0;0;0;0;0;0;0;0;0;;;;;;;;;;;;;;;;;;
23.01.2025;00:44;A 22;1;0;0;0;0;0;0;0;0;0;0;0;0;0;0;0;0;0;0;0;0;0;0;0;0;0;0;0;0;0;0;0;0;0;0;0;0;0;0;0;0;0;0;0;0;0;0;0;0;0;0;0;0;0;0;0;0;0;0;0;0;0;0;0;0;0;0;0;0;0;0;;;;;;;;;;;;;;;;;;
23.01.2025;00:43;A 22;1;0;0;0;0;0;0;0;0;0;0;0;0;0;0;0;0;0;0;0;0;0;0;0;0;1;2;2;6;0;0;2;0;2;1;0;0;0;0;0;0;0;0;0;0;0;0;0;0;0;0;0;0;0;0;0;0;0;0;0;0;0;0;0;0;0;0;0;0;0;0;;;;;;;;;;;;;;;;;;
23.01.2025;00:42;A 22;1;1;9;1;4;0;0;1;1;0;0;0;0;0;0;0;0;0;0;0;0;0;0;0;0;0;0;0;0;0;0;0;0;0;0;0;0;0;0;0;0;0;0;0;0;0;0;0;0;0;0;0;0;0;0;0;0;0;0;0;0;0;0;0;0;0;0;0;0;0;0;;;;;;;;;;;;;;;;;;
23.01.2025;00:41;A 22;1;0;0;0;0;0;0;0;0;0;0;0;0;0;0;0;0;0;0;0;0;0;0;0;0;0;0;2;6;0;0;0;0;2;1;0;0;0;0;0;0;0;0;0;0;0;0;0;0;0;0;0;0;0;0;0;0;0;0;0;0;0;0;0;0;0;0;0;0;0;0;;;;;;;;;;;;;;;;;;
23.01.2025;00:40;A 22;1;0;0;0;0;0;0;0;0;0;0;0;0;0;0;0;0;0;0;0;0;0;0;0;0;0;0;0;0;0;0;0;0;0;0;0;0;0;0;0;0;0;0;0;0;0;0;0;0;0;0;0;0;0;0;0;0;0;0;0;0;0;0;0;0;0;0;0;0;0;0;;;;;;;;;;;;;;;;;;
23.01.2025;00:39;A 22;1;0;0;0;0;0;0;0;0;0;0;0;0;0;0;0;0;0;0;0;0;0;0;0;0;0;0;1;4;0;0;1;1;0;0;0;0;0;0;0;0;0;0;0;0;0;0;0;0;0;0;0;0;0;0;0;0;0;0;0;0;0;0;0;0;0;0;0;0;0;0;;;;;;;;;;;;;;;;;;
23.01.2025;00:38;A 22;1;0;0;3;5;0;0;2;1;0;0;0;0;0;0;0;0;0;0;0;0;0;0;0;0;0;0;0;0;0;0;0;0;0;0;0;0;0;0;0;0;0;0;0;0;0;0;0;0;0;0;0;0;0;0;0;0;0;0;0;0;0;0;0;0;0;0;0;0;0;0;;;;;;;;;;;;;;;;;;
23.01.2025;00:37;A 22;1;0;0;0;0;0;0;0;0;0;0;0;0;0;0;0;0;0;0;0;0;0;0;0;0;0;0;0;0;0;0;0;0;0;0;1;1;0;0;1;4;1;7;0;0;0;0;0;0;0;0;0;0;0;0;0;0;0;0;0;0;0;0;0;0;0;0;0;0;0;0;;;;;;;;;;;;;;;;;;
23.01.2025;00:36;A 22;1;0;0;0;0;0;0;0;0;0;0;0;0;0;0;0;0;0;0;0;0;0;0;0;0;0;0;0;0;0;0;0;0;0;0;0;0;0;0;0;0;0;0;0;0;0;0;0;0;0;0;0;0;0;0;0;0;0;0;0;0;0;0;0;0;0;0;0;0;0;0;;;;;;;;;;;;;;;;;;
23.01.2025;00:35;A 22;1;0;0;0;0;0;0;0;0;0;0;0;0;0;0;0;0;0;0;0;0;0;0;0;0;0;0;3;9;0;0;0;0;3;2;0;0;0;0;0;0;0;0;0;0;0;0;0;0;0;0;0;0;0;0;0;0;0;0;0;0;0;0;0;0;0;0;0;0;0;0;;;;;;;;;;;;;;;;;;
23.01.2025;00:34;A 22;1;0;0;0;0;0;0;0;0;0;0;0;0;0;0;0;0;0;0;0;0;0;0;0;0;0;0;1;2;0;0;0;0;1;0;0;0;0;0;0;0;0;0;0;0;0;0;0;0;0;0;0;0;0;0;0;0;0;0;0;0;0;0;0;0;0;0;0;0;0;0;;;;;;;;;;;;;;;;;;
23.01.2025;00:33;A 22;1;0;0;2;2;0;0;1;0;0;0;0;0;0;0;0;0;0;0;0;0;0;0;0;0;0;0;0;0;0;0;0;0;0;0;0;0;0;0;0;0;0;0;0;0;0;0;0;0;0;0;0;0;0;0;0;0;0;0;0;0;0;0;0;0;0;0;0;0;0;0;;;;;;;;;;;;;;;;;;
23.01.2025;00:32;A 22;1;0;0;0;0;0;0;0;0;0;0;0;0;0;0;0;0;0;0;0;0;0;0;0;0;0;0;0;0;0;0;0;0;0;0;0;0;0;0;0;0;0;0;0;0;0;0;0;0;0;0;0;0;0;0;0;0;0;0;0;0;0;0;0;0;0;0;0;0;0;0;;;;;;;;;;;;;;;;;;
23.01.2025;00:31;A 22;1;0;0;0;0;0;0;0;0;0;0;0;0;0;0;0;0;0;0;0;0;0;0;0;0;0;0;0;0;0;0;0;0;0;0;0;0;0;0;0;0;0;0;0;0;0;0;0;0;0;0;0;0;0;0;0;0;0;0;0;0;0;0;0;0;0;0;0;0;0;0;;;;;;;;;;;;;;;;;;
23.01.2025;00:30;A 22;1;0;0;0;0;0;0;0;0;0;0;0;0;0;0;0;0;0;0;0;0;0;0;0;0;0;0;0;0;0;0;0;0;0;0;0;0;0;0;0;0;0;0;0;0;0;0;0;0;0;0;0;0;0;0;0;0;0;0;0;0;0;0;0;0;0;0;0;0;0;0;;;;;;;;;;;;;;;;;;
23.01.2025;00:29;A 22;1;0;0;0;0;0;0;0;0;0;0;0;0;0;0;0;0;0;0;0;0;0;0;0;0;0;0;0;0;0;0;0;0;0;0;0;0;0;0;0;0;0;0;0;0;0;0;0;0;0;0;0;0;0;0;0;0;0;0;0;0;0;0;0;0;0;0;0;0;0;0;;;;;;;;;;;;;;;;;;
23.01.2025;00:28;A 22;1;0;0;0;0;0;0;0;0;0;0;0;0;0;0;0;0;0;0;0;0;0;0;0;0;0;0;0;0;0;0;0;0;0;0;0;0;0;0;0;0;0;0;0;0;0;0;0;0;0;0;0;0;0;0;0;0;0;0;0;0;0;0;0;0;0;0;0;0;0;0;;;;;;;;;;;;;;;;;;
23.01.2025;00:27;A 22;1;0;0;3;5;0;0;2;1;0;0;0;0;0;0;0;0;0;0;0;0;0;0;0;0;0;0;2;3;0;0;0;0;2;1;0;0;0;0;0;0;0;0;0;0;0;0;0;0;0;0;0;0;0;0;0;0;0;0;0;0;0;0;0;0;0;0;0;0;0;0;;;;;;;;;;;;;;;;;;
23.01.2025;00:26;A 22;1;0;0;0;0;0;0;0;0;0;0;0;0;0;0;0;0;0;0;0;0;0;0;0;0;0;0;0;0;0;0;0;0;0;0;0;0;0;0;0;0;0;0;0;0;0;0;0;0;0;0;0;0;0;0;0;0;0;0;0;0;0;0;0;0;0;0;0;0;0;0;;;;;;;;;;;;;;;;;;
23.01.2025;00:25;A 22;1;0;0;0;0;0;0;0;0;0;0;0;0;0;0;0;0;0;0;0;0;0;0;0;0;0;0;3;5;0;0;0;0;2;1;0;0;0;0;0;0;0;0;0;0;0;0;0;0;0;0;0;0;0;0;0;0;0;0;0;0;0;0;0;0;0;0;0;0;0;0;;;;;;;;;;;;;;;;;;
23.01.2025;00:24;A 22;1;1;10;0;0;1;1;0;0;0;0;1;20;0;0;0;0;0;0;1;20;0;0;0;0;0;0;0;0;0;0;0;0;0;0;0;0;0;0;0;0;0;0;0;0;0;0;0;0;0;0;0;0;0;0;0;0;0;0;0;0;0;0;0;0;0;0;0;0;0;0;;;;;;;;;;;;;;;;;;
23.01.2025;00:23;A 22;1;0;0;2;3;0;0;1;0;0;0;0;0;0;0;0;0;0;0;0;0;0;0;0;0;0;0;1;4;0;0;0;0;1;0;0;0;0;0;0;0;0;0;0;0;0;0;0;0;0;0;0;0;0;0;0;0;0;0;0;0;0;0;0;0;0;0;0;0;0;0;;;;;;;;;;;;;;;;;;
23.01.2025;00:22;A 22;1;0;0;3;18;0;0;2;3;0;0;1;23;1;21;0;0;0;0;1;28;0;0;0;0;0;0;0;0;0;0;0;0;0;0;0;0;0;0;0;0;0;0;0;0;0;0;0;0;0;0;0;0;0;0;0;0;0;0;0;0;0;0;0;0;0;0;0;0;0;0;;;;;;;;;;;;;;;;;;
23.01.2025;00:21;A 22;1;0;0;0;0;0;0;0;0;0;0;0;0;0;0;0;0;0;0;0;0;0;0;0;0;0;0;2;1;0;0;0;0;1;0;0;0;0;0;0;0;0;0;0;0;0;0;0;0;0;0;0;0;0;0;0;0;0;0;0;0;0;0;0;0;0;0;0;0;0;0;;;;;;;;;;;;;;;;;;
23.01.2025;00:20;A 22;1;0;0;1;2;0;0;1;0;0;0;0;0;0;0;1;22;0;0;0;0;1;7;0;0;0;0;0;0;0;0;0;0;0;0;0;0;0;0;0;0;0;0;0;0;0;0;0;0;0;0;0;0;0;0;0;0;0;0;0;0;0;0;0;0;0;0;0;0;0;0;;;;;;;;;;;;;;;;;;
23.01.2025;00:19;A 22;1;0;0;5;5;0;0;2;1;0;0;1;23;1;21;0;0;0;0;1;26;0;0;0;0;0;0;2;3;0;0;0;0;1;0;0;0;0;0;0;0;0;0;0;0;0;0;0;0;0;0;0;0;0;0;0;0;0;0;0;0;0;0;0;0;0;0;0;0;0;0;;;;;;;;;;;;;;;;;;
23.01.2025;00:18;A 22;1;0;0;0;0;0;0;0;0;0;0;0;0;0;0;0;0;0;0;0;0;0;0;0;0;0;0;0;0;0;0;0;0;0;0;0;0;0;0;0;0;0;0;0;0;0;0;0;0;0;0;0;0;0;0;0;0;0;0;0;0;0;0;0;0;0;0;0;0;0;0;;;;;;;;;;;;;;;;;;
23.01.2025;00:17;A 22;1;0;0;0;0;0;0;0;0;0;0;0;0;0;0;0;0;0;0;0;0;0;0;0;0;0;0;2;6;0;0;0;0;2;1;0;0;0;0;0;0;0;0;0;0;0;0;0;0;0;0;0;0;0;0;0;0;0;0;0;0;0;0;0;0;0;0;0;0;0;0;;;;;;;;;;;;;;;;;;
23.01.2025;00:16;A 22;1;0;0;1;1;0;0;1;0;0;0;1;16;2;1;1;2;1;4;1;21;1;5;0;0;0;0;0;0;0;0;0;0;0;0;0;0;0;0;0;0;0;0;0;0;0;0;0;0;0;0;0;0;0;0;0;0;0;0;0;0;0;0;0;0;0;0;0;0;0;0;;;;;;;;;;;;;;;;;;
23.01.2025;00:15;A 22;1;0;0;1;4;0;0;1;1;0;0;0;0;0;0;1;22;0;0;0;0;1;27;0;0;0;0;0;0;0;0;0;0;0;0;0;0;0;0;0;0;0;0;0;0;0;0;0;0;0;0;0;0;0;0;0;0;0;0;0;0;0;0;0;0;0;0;0;0;0;0;;;;;;;;;;;;;;;;;;
23.01.2025;00:14;A 22;1;0;0;0;0;0;0;0;0;0;0;0;0;0;0;0;0;0;0;0;0;0;0;0;0;0;0;1;2;0;0;0;0;1;0;0;0;0;0;0;0;0;0;0;0;0;0;0;0;0;0;0;0;0;0;0;0;0;0;0;0;0;0;0;0;0;0;0;0;0;0;;;;;;;;;;;;;;;;;;
23.01.2025;00:13;A 22;1;0;0;2;6;0;0;2;1;0;0;0;0;0;0;1;20;0;0;0;0;1;24;0;0;0;0;2;6;0;0;0;0;1;0;0;0;0;0;0;0;0;0;0;0;0;0;0;0;0;0;0;0;0;0;0;0;0;0;0;0;0;0;0;0;0;0;0;0;0;0;;;;;;;;;;;;;;;;;;
23.01.2025;00:12;A 22;1;0;0;0;0;1;0;0;0;0;0;0;0;0;0;0;0;0;0;0;0;0;0;0;0;0;0;1;4;0;0;0;0;2;2;0;0;0;0;0;0;0;0;0;0;0;0;0;0;0;0;0;0;0;0;0;0;0;0;0;0;0;0;0;0;0;0;0;0;0;0;;;;;;;;;;;;;;;;;;
23.01.2025;00:11;A 22;1;0;0;3;4;0;0;1;2;0;0;0;0;0;0;0;0;0;0;0;0;0;0;0;0;0;0;0;0;0;0;0;0;0;0;0;0;0;0;0;0;0;0;0;0;0;0;0;0;0;0;0;0;0;0;0;0;0;0;0;0;0;0;0;0;0;0;0;0;0;0;;;;;;;;;;;;;;;;;;
23.01.2025;00:10;A 22;1;0;0;0;0;0;0;0;0;0;0;0;0;0;0;0;0;0;0;0;0;0;0;0;0;0;0;0;0;0;0;0;0;0;0;0;0;0;0;0;0;0;0;0;0;0;0;0;0;0;0;0;0;0;0;0;0;0;0;0;0;0;0;0;0;0;0;0;0;0;0;;;;;;;;;;;;;;;;;;
23.01.2025;00:09;A 22;1;0;0;0;0;0;0;0;0;0;0;0;0;0;0;0;20;0;0;0;0;1;14;0;0;0;0;0;0;0;0;0;0;0;0;0;0;0;0;0;0;0;0;0;0;0;0;0;0;0;0;0;0;0;0;0;0;0;0;0;0;0;0;0;0;0;0;0;0;0;0;;;;;;;;;;;;;;;;;;
23.01.2025;00:08;A 22;1;0;0;2;3;0;0;1;1;0;0;0;0;0;0;2;55;0;0;0;0;2;43;0;0;0;0;0;0;0;0;0;0;0;0;0;0;0;0;0;0;0;0;0;0;0;0;0;0;0;0;0;0;0;0;0;0;0;0;0;0;0;0;0;0;0;0;0;0;0;0;;;;;;;;;;;;;;;;;;
23.01.2025;00:07;A 22;1;0;0;0;0;0;0;0;0;0;0;0;0;0;0;1;21;0;0;0;0;1;25;0;0;0;0;2;2;0;0;0;0;1;0;0;0;0;0;0;0;0;0;0;0;0;0;0;0;0;0;0;0;0;0;0;0;0;0;0;0;0;0;0;0;0;0;0;0;0;0;;;;;;;;;;;;;;;;;;
23.01.2025;00:06;A 22;1;0;0;2;1;0;0;1;0;0;0;0;0;0;0;0;0;0;0;0;0;0;0;0;0;0;0;0;0;0;0;0;0;0;0;0;0;0;0;0;0;0;0;0;0;0;0;0;0;0;0;0;0;0;0;0;0;0;0;0;0;0;0;0;0;0;0;0;0;0;0;;;;;;;;;;;;;;;;;;
23.01.2025;00:05;A 22;1;0;0;0;0;0;0;0;0;0;0;0;0;0;0;0;0;0;0;0;0;0;0;0;0;0;0;0;0;0;0;0;0;0;0;0;0;0;0;0;0;0;0;0;0;0;0;0;0;0;0;0;0;0;0;0;0;0;0;0;0;0;0;0;0;0;0;0;0;0;0;;;;;;;;;;;;;;;;;;
23.01.2025;00:04;A 22;1;1;7;0;0;0;0;0;0;0;0;0;0;0;0;0;0;0;0;0;0;0;0;0;0;0;0;0;0;0;0;0;0;0;0;0;0;0;0;0;0;0;0;0;0;0;0;0;0;0;0;0;0;0;0;0;0;0;0;0;0;0;0;0;0;0;0;0;0;0;0;;;;;;;;;;;;;;;;;;
23.01.2025;00:03;A 22;1;0;0;0;0;0;0;0;0;0;0;0;0;0;0;0;0;0;0;0;0;0;0;0;0;0;0;1;1;0;0;0;0;1;0;0;0;0;0;0;0;0;0;0;0;0;0;0;0;0;0;0;0;0;0;0;0;0;0;0;0;0;0;0;0;0;0;0;0;0;0;;;;;;;;;;;;;;;;;;
23.01.2025;00:02;A 22;1;0;0;0;0;0;0;0;0;0;0;0;0;0;0;1;21;0;0;0;0;1;8;0;0;0;0;0;0;0;0;0;0;0;0;0;0;0;0;0;0;0;0;0;0;0;0;0;0;0;0;0;0;0;0;0;0;0;0;0;0;0;0;0;0;0;0;0;0;0;0;;;;;;;;;;;;;;;;;;
23.01.2025;00:01;A 22;1;0;0;2;5;0;0;2;2;0;0;0;0;0;0;1;21;0;0;0;0;1;24;0;0;0;0;0;0;0;0;0;0;0;0;0;0;0;0;0;0;0;0;0;0;0;0;0;0;0;0;0;0;0;0;0;0;0;0;0;0;0;0;0;0;0;0;0;0;0;0;;;;;;;;;;;;;;;;;;
23.01.2025;00:00;A 22;1;0;0;3;6;0;0;2;2;0;0;0;0;0;0;1;27;0;0;0;0;1;30;0;0;0;0;2;1;0;0;0;0;1;0;0;0;0;0;0;0;0;0;0;0;0;0;0;0;0;0;0;0;0;0;0;0;0;0;0;0;0;0;0;0;0;0;0;0;0;0;;;;;;;;;;;;;;;;;;
22.01.2025;23:59;A 22;1;0;0;2;3;0;0;1;1;0;0;0;0;0;0;0;0;0;0;0;0;0;0;0;0;0;0;2;1;0;0;0;0;1;0;0;0;0;0;0;0;0;0;0;0;0;0;0;0;0;0;0;0;0;0;0;0;0;0;0;0;0;0;0;0;0;0;0;0;0;0;;;;;;;;;;;;;;;;;;
22.01.2025;23:58;A 22;1;0;0;0;0;0;0;0;0;0;0;1;22;0;0;0;0;0;0;1;26;0;0;0;0;0;0;1;3;0;0;0;0;1;1;0;0;0;0;0;0;0;0;0;0;0;0;0;0;0;0;0;0;0;0;0;0;0;0;0;0;0;0;0;0;0;0;0;0;0;0;;;;;;;;;;;;;;;;;;
22.01.2025;23:57;A 22;1;0;0;2;2;0;0;1;0;0;0;0;0;0;0;0;0;0;0;0;0;0;0;0;0;0;0;3;11;0;0;0;0;3;2;0;0;0;0;0;0;0;0;0;0;0;0;0;0;0;0;0;0;0;0;0;0;0;0;0;0;0;0;0;0;0;0;0;0;0;0;;;;;;;;;;;;;;;;;;
22.01.2025;23:56;A 22;1;0;0;2;3;0;0;1;1;0;0;0;1;0;0;0;0;0;0;0;0;0;0;0;0;0;0;0;0;0;0;0;0;0;0;0;0;0;0;0;0;0;0;0;0;0;0;0;0;0;0;0;0;0;0;0;0;0;0;0;0;0;0;0;0;0;0;0;0;0;0;;;;;;;;;;;;;;;;;;
22.01.2025;23:55;A 22;1;0;0;0;0;0;0;0;0;0;0;1;20;0;0;0;0;0;0;1;8;0;0;0;0;0;0;0;0;0;0;0;0;0;0;0;0;0;0;0;0;0;0;0;0;0;0;0;0;0;0;0;0;0;0;0;0;0;0;0;0;0;0;0;0;0;0;0;0;0;0;;;;;;;;;;;;;;;;;;
22.01.2025;23:54;A 22;1;0;0;0;0;0;0;0;0;0;0;1;3;0;0;0;0;0;0;1;5;0;0;0;0;0;0;0;0;0;0;0;0;0;0;0;0;0;0;0;0;0;0;0;0;0;0;0;0;0;0;0;0;0;0;0;0;0;0;0;0;0;0;0;0;0;0;0;0;0;0;;;;;;;;;;;;;;;;;;
22.01.2025;23:53;A 22;1;0;0;2;5;0;0;1;1;0;0;0;35;0;0;1;21;0;0;0;34;1;9;0;0;0;0;1;1;0;0;0;0;1;0;0;0;1;0;0;0;0;0;0;0;0;0;0;0;0;0;0;0;0;0;0;0;0;0;0;0;0;0;0;0;0;0;0;0;0;0;;;;;;;;;;;;;;;;;;
22.01.2025;23:52;A 22;1;0;0;1;15;0;0;2;2;0;0;2;24;0;0;0;0;0;0;2;32;0;0;0;0;0;0;0;0;0;0;0;0;0;0;0;0;0;0;0;0;0;0;0;0;0;0;0;0;0;0;0;0;0;0;0;0;0;0;0;0;0;0;0;0;0;0;0;0;0;0;;;;;;;;;;;;;;;;;;
22.01.2025;23:51;A 22;1;0;0;0;0;0;0;0;0;0;0;0;0;0;0;0;0;0;0;0;0;0;0;0;0;1;3;1;2;0;0;1;0;2;1;0;0;0;0;0;0;0;0;0;0;0;0;0;0;0;0;0;0;0;0;0;0;0;0;0;0;0;0;0;0;0;0;0;0;0;0;;;;;;;;;;;;;;;;;;
22.01.2025;23:50;A 22;1;0;0;2;4;0;0;1;1;0;0;0;15;1;0;1;1;0;0;0;15;1;3;0;0;0;0;1;5;0;0;0;0;1;0;0;0;0;0;0;0;0;0;0;0;0;0;0;0;0;0;0;0;0;0;0;0;0;0;0;0;1;1;0;0;0;0;0;0;0;0;;;;;;;;;;;;;;;;;;
22.01.2025;23:49;A 22;1;0;0;2;6;0;0;1;1;0;0;1;2;0;0;1;22;0;0;1;7;1;6;0;0;0;0;0;0;0;0;0;0;0;0;0;0;0;0;0;0;0;0;2;3;0;0;0;0;0;0;0;0;0;0;0;0;0;0;0;0;0;0;0;0;0;0;0;0;0;0;;;;;;;;;;;;;;;;;;
22.01.2025;23:48;A 22;1;0;0;0;0;0;0;0;0;0;0;1;1;2;0;0;0;0;1;1;4;0;0;0;0;0;0;2;7;0;0;0;0;2;1;0;0;0;0;0;0;0;0;0;0;0;0;0;0;0;0;0;0;0;0;0;0;0;0;0;0;0;0;0;0;0;0;0;0;0;0;;;;;;;;;;;;;;;;;;
22.01.2025;23:47;A 22;1;0;0;0;0;0;0;0;0;0;0;1;40;0;0;0;0;1;0;1;37;0;0;0;0;1;5;2;3;0;0;0;0;1;1;0;0;0;0;0;0;0;0;0;0;0;0;0;0;0;0;0;0;0;0;0;0;0;0;0;0;0;0;0;0;0;0;0;0;0;0;;;;;;;;;;;;;;;;;;
22.01.2025;23:46;A 22;1;0;0;6;13;0;0;4;3;0;0;1;3;1;0;0;0;0;0;1;7;0;0;0;0;0;0;2;5;0;0;0;0;2;1;0;0;0;0;0;0;0;0;0;0;0;0;0;0;0;0;0;0;0;0;0;0;0;0;0;0;0;0;0;0;0;0;0;0;0;0;;;;;;;;;;;;;;;;;;
22.01.2025;23:45;A 22;1;0;0;0;0;0;0;0;0;0;0;0;0;0;0;1;17;0;0;0;0;0;22;0;0;0;0;3;8;0;0;0;0;2;1;0;0;0;0;0;0;0;0;0;0;0;0;0;0;0;0;0;0;0;0;0;0;0;0;0;0;0;0;0;0;0;0;0;0;0;0;;;;;;;;;;;;;;;;;;
22.01.2025;23:44;A 22;1;0;0;2;2;0;0;1;1;0;0;0;0;1;0;0;0;0;0;0;0;1;0;0;0;0;0;1;3;0;0;0;0;1;1;0;0;0;0;0;0;0;0;0;0;1;1;0;0;0;0;0;0;0;0;0;0;0;0;0;0;0;0;0;0;0;0;0;0;0;0;;;;;;;;;;;;;;;;;;
22.01.2025;23:43;A 22;1;0;0;0;0;0;0;0;0;0;0;0;0;0;0;0;0;0;0;0;0;0;0;0;0;0;0;1;4;0;0;0;0;1;0;0;0;0;0;0;0;0;0;0;0;0;0;0;0;0;0;0;0;0;0;0;0;0;0;0;0;0;0;0;0;0;0;0;0;0;0;;;;;;;;;;;;;;;;;;
22.01.2025;23:42;A 22;1;0;0;2;3;0;0;1;1;0;0;0;0;1;0;0;5;1;2;0;0;0;0;0;0;0;0;0;0;0;0;0;0;0;0;0;0;0;0;0;0;0;0;0;0;0;0;0;0;0;0;0;0;0;0;0;0;0;0;0;0;0;0;0;0;0;0;0;0;0;0;;;;;;;;;;;;;;;;;;
22.01.2025;23:41;A 22;1;0;0;1;4;0;0;0;0;0;0;0;0;0;0;1;17;0;0;0;0;1;10;0;0;0;0;1;1;0;0;0;0;1;0;0;0;0;0;0;0;0;0;0;0;0;0;0;0;0;0;0;0;0;0;0;0;0;0;0;0;0;0;0;0;0;0;0;0;0;0;;;;;;;;;;;;;;;;;;
22.01.2025;23:40;A 22;1;0;0;2;1;0;0;2;1;0;0;1;21;0;0;0;0;0;0;1;26;0;0;0;0;0;0;0;0;0;0;0;0;0;0;0;0;0;0;0;0;0;0;0;0;0;0;0;0;0;0;0;0;0;0;0;0;0;0;0;0;0;0;0;0;0;0;0;0;0;0;;;;;;;;;;;;;;;;;;
22.01.2025;23:39;A 22;1;0;0;0;0;1;1;0;0;0;0;0;0;0;0;0;0;0;0;0;0;0;0;0;0;0;0;1;1;0;0;0;0;1;1;0;0;0;0;0;0;0;0;0;0;0;0;0;0;0;0;0;0;0;0;0;0;0;0;0;0;0;0;0;0;0;0;0;0;0;0;;;;;;;;;;;;;;;;;;
22.01.2025;23:38;A 22;1;0;0;3;3;0;0;1;1;0;0;0;0;1;1;0;0;1;4;0;0;0;0;0;0;1;5;2;2;0;0;0;0;0;0;0;0;0;0;0;0;0;0;0;0;0;0;0;0;0;0;0;0;0;0;0;0;0;0;0;0;0;0;0;0;0;0;0;0;0;0;;;;;;;;;;;;;;;;;;
22.01.2025;23:37;A 22;1;1;8;0;0;1;1;0;0;0;0;0;0;0;0;0;0;0;0;0;0;0;0;0;0;0;0;0;0;0;0;0;0;0;0;0;0;0;0;0;0;0;0;0;0;0;0;0;0;0;0;0;0;0;0;0;0;0;0;0;0;0;0;0;0;0;0;0;0;0;0;;;;;;;;;;;;;;;;;;
22.01.2025;23:36;A 22;1;0;0;4;5;1;0;2;1;0;0;0;0;0;0;1;0;0;0;0;0;0;0;0;0;1;3;4;8;0;0;1;0;4;3;0;0;0;0;0;0;0;0;0;0;0;0;0;0;0;0;0;0;0;0;0;0;0;0;0;0;0;0;0;0;0;0;0;0;0;0;;;;;;;;;;;;;;;;;;
22.01.2025;23:35;A 22;1;0;0;0;0;1;0;0;0;0;0;0;0;0;0;1;13;0;0;0;0;0;17;0;0;0;0;1;3;0;0;0;0;1;0;0;0;0;0;0;0;0;0;0;0;0;0;0;0;0;0;0;0;0;0;0;0;0;0;0;0;0;0;0;0;0;0;0;0;0;0;;;;;;;;;;;;;;;;;;
22.01.2025;23:34;A 22;1;0;0;2;2;0;0;1;0;0;0;0;0;0;0;1;7;0;0;0;0;1;15;0;0;0;0;2;7;0;0;0;0;2;1;0;0;0;0;0;0;0;0;0;0;0;0;0;0;0;0;0;0;0;0;0;0;0;0;0;0;0;0;0;0;0;0;0;0;0;0;;;;;;;;;;;;;;;;;;
22.01.2025;23:33;A 22;1;0;0;2;3;0;0;1;1;0;0;0;0;0;0;0;0;0;0;0;0;0;0;0;0;0;0;1;2;0;0;0;0;1;0;0;0;0;0;0;0;0;0;0;0;0;0;0;0;0;0;0;0;0;0;0;0;0;0;0;0;0;0;0;0;0;0;0;0;0;0;;;;;;;;;;;;;;;;;;
22.01.2025;23:32;A 22;1;0;0;2;3;0;0;1;0;0;0;0;0;0;0;0;0;0;0;0;0;0;0;0;0;0;0;0;0;0;0;0;0;0;0;0;0;0;0;0;0;0;0;0;0;0;0;0;0;0;0;0;0;0;0;0;0;0;0;0;0;0;0;0;0;0;0;0;0;0;0;;;;;;;;;;;;;;;;;;
22.01.2025;23:31;A 22;1;0;0;0;0;0;0;0;0;0;0;0;0;0;0;0;0;0;0;0;0;0;0;0;0;0;0;1;4;0;0;1;4;2;1;0;0;0;0;0;0;0;0;0;0;0;0;0;0;0;0;0;0;0;0;0;0;0;0;0;0;0;0;0;0;0;0;0;0;0;0;;;;;;;;;;;;;;;;;;
22.01.2025;23:30;A 22;1;0;0;0;0;0;0;0;0;0;0;0;33;0;0;0;0;0;0;0;34;0;0;0;0;0;0;2;20;0;0;0;0;2;3;0;0;0;0;0;0;0;0;0;0;0;0;0;0;1;1;0;0;0;0;0;0;0;0;0;0;1;1;0;0;0;0;0;0;0;0;;;;;;;;;;;;;;;;;;
22.01.2025;23:29;A 22;1;0;0;2;1;0;0;1;0;0;0;2;20;1;0;1;34;1;5;2;44;1;10;0;0;0;0;0;0;0;0;0;0;0;0;0;0;0;3;0;0;0;0;0;0;0;0;0;0;0;0;0;0;0;0;0;0;0;0;0;0;0;0;0;0;0;0;0;0;0;0;;;;;;;;;;;;;;;;;;
22.01.2025;23:28;A 22;1;0;0;0;0;0;0;0;0;0;0;1;1;1;0;2;21;0;0;1;3;0;24;0;0;0;0;1;4;0;0;0;0;1;0;0;0;1;17;0;0;2;10;0;0;0;0;0;0;0;0;0;0;0;0;0;0;0;0;0;0;0;0;0;0;0;0;0;0;0;0;;;;;;;;;;;;;;;;;;
22.01.2025;23:27;A 22;1;4;8;1;1;0;0;1;0;0;0;0;28;0;0;0;0;0;0;0;28;1;4;0;0;0;0;0;0;0;0;0;0;0;0;0;0;0;0;0;0;0;0;0;0;0;0;0;0;0;0;0;0;0;0;0;0;0;0;0;0;0;0;0;0;0;0;0;0;0;0;;;;;;;;;;;;;;;;;;
22.01.2025;23:26;A 22;1;1;5;2;8;1;0;1;1;0;0;1;18;0;0;1;19;0;0;1;22;1;26;0;0;0;0;0;0;0;0;0;0;0;0;0;0;0;0;0;0;0;0;0;0;0;0;0;0;0;0;0;0;0;0;0;0;0;0;0;0;0;0;0;0;0;0;0;0;0;0;;;;;;;;;;;;;;;;;;
22.01.2025;23:25;A 22;1;0;0;4;10;0;0;2;2;0;0;1;1;0;0;0;0;0;0;1;2;0;0;0;0;0;0;0;0;0;0;0;0;0;0;0;0;0;0;0;0;0;0;0;0;0;0;0;0;0;0;0;0;0;0;0;0;0;0;0;0;0;0;0;0;0;0;0;0;0;0;;;;;;;;;;;;;;;;;;
22.01.2025;23:24;A 22;1;0;0;4;40;0;0;2;2;0;0;0;0;0;0;1;21;0;0;0;0;1;9;0;0;0;0;0;0;0;0;0;0;0;0;0;0;0;0;0;0;0;0;0;0;0;0;0;0;1;1;0;0;0;0;0;0;0;0;0;0;0;0;0;0;0;0;0;0;0;0;;;;;;;;;;;;;;;;;;
22.01.2025;23:23;A 22;1;0;0;1;4;0;0;0;0;0;0;0;0;0;0;2;11;0;0;0;0;0;13;0;0;0;0;0;0;0;0;0;0;0;0;1;2;1;6;0;0;1;12;1;1;0;0;0;0;0;0;0;0;0;0;0;0;0;0;0;0;0;0;0;0;0;0;0;0;0;0;;;;;;;;;;;;;;;;;;
22.01.2025;23:22;A 22;1;0;0;0;0;0;0;1;1;0;0;0;0;0;0;1;13;0;0;0;0;1;19;0;0;0;0;0;0;0;0;0;0;0;0;0;0;0;0;0;0;0;0;0;0;0;0;0;0;0;0;0;0;0;0;0;0;0;0;0;0;0;0;0;0;0;0;0;0;0;0;;;;;;;;;;;;;;;;;;
22.01.2025;23:21;A 22;1;0;0;2;5;0;0;1;1;0;0;0;0;1;1;0;0;0;0;0;0;0;0;0;0;0;0;1;8;0;0;0;0;1;1;0;0;0;0;0;0;0;0;0;0;0;0;0;0;0;0;0;0;0;0;0;0;0;0;0;0;0;0;0;0;0;0;0;0;0;0;;;;;;;;;;;;;;;;;;
22.01.2025;23:20;A 22;1;1;8;2;2;1;0;1;0;0;0;0;0;0;0;1;17;0;0;0;0;1;20;0;0;0;0;4;8;0;0;0;0;3;2;0;0;0;0;0;0;0;0;0;0;0;0;0;0;0;0;0;0;0;0;0;0;0;0;0;0;0;0;0;0;0;0;0;0;0;0;;;;;;;;;;;;;;;;;;
22.01.2025;23:19;A 22;1;0;0;4;12;0;0;3;3;0;0;0;48;0;0;2;15;0;0;0;47;1;23;0;0;0;0;3;38;0;0;0;0;2;2;0;0;0;0;0;0;0;0;0;0;0;0;0;0;0;0;0;0;0;0;0;0;0;0;0;0;0;0;0;0;0;0;0;0;0;0;;;;;;;;;;;;;;;;;;
22.01.2025;23:18;A 22;1;0;0;2;2;0;0;1;0;0;0;2;14;1;0;0;0;0;0;2;20;0;0;0;0;0;0;2;42;0;0;0;0;2;2;0;0;0;0;0;0;0;0;0;0;0;0;0;0;0;0;0;0;0;0;0;0;0;0;0;0;0;0;0;0;0;0;0;0;0;0;;;;;;;;;;;;;;;;;;
22.01.2025;23:17;A 22;1;0;0;2;4;0;0;1;0;0;0;2;25;1;0;0;0;0;0;1;30;0;0;0;0;0;0;3;5;0;0;0;0;3;2;0;0;0;0;0;0;0;0;1;1;0;0;0;0;0;0;0;0;0;0;0;0;0;0;0;0;0;0;0;0;0;0;0;0;0;0;;;;;;;;;;;;;;;;;;
22.01.2025;23:16;A 22;1;0;0;2;3;0;0;1;0;0;0;1;20;2;2;1;3;1;2;1;26;1;8;0;0;1;4;1;3;0;0;1;0;2;1;0;0;0;0;0;0;0;0;0;0;0;0;0;0;0;0;0;0;0;0;0;0;0;0;0;0;0;0;0;0;0;0;0;0;0;0;;;;;;;;;;;;;;;;;;
22.01.2025;23:15;A 22;1;0;0;0;0;0;0;0;0;0;0;0;0;0;0;2;2;0;0;0;0;1;5;0;0;0;0;1;4;0;0;0;0;2;1;0;0;1;18;0;0;1;10;0;0;0;0;0;0;0;0;0;0;0;0;0;0;0;0;0;0;0;0;0;0;0;0;0;0;0;0;;;;;;;;;;;;;;;;;;
22.01.2025;23:14;A 22;1;0;0;1;10;0;0;2;2;0;0;1;41;0;0;0;0;0;0;1;45;0;0;0;0;0;0;1;7;0;0;0;0;1;1;0;0;0;0;0;0;0;0;0;0;0;0;0;0;0;0;0;0;0;0;0;0;0;0;0;0;0;0;0;0;0;0;0;0;0;0;;;;;;;;;;;;;;;;;;
22.01.2025;23:13;A 22;1;0;0;0;0;0;0;1;0;0;0;1;45;0;0;1;1;0;0;1;25;1;3;0;0;0;0;0;0;0;0;0;0;0;0;0;0;0;0;0;0;0;0;0;0;0;0;0;0;0;0;0;0;0;0;0;0;0;0;0;0;0;0;0;0;0;0;0;0;0;0;;;;;;;;;;;;;;;;;;
22.01.2025;23:12;A 22;1;0;0;0;0;0;0;0;0;0;0;1;26;0;0;3;24;0;0;1;6;1;33;0;0;0;0;0;0;0;0;0;0;0;0;0;0;0;0;0;0;0;0;0;0;0;0;0;0;0;0;0;0;0;0;0;0;0;0;0;0;0;0;0;0;0;0;0;0;0;0;;;;;;;;;;;;;;;;;;
22.01.2025;23:11;A 22;1;0;0;1;46;0;0;4;5;0;0;0;0;0;0;2;10;0;0;0;0;2;12;0;0;0;0;0;0;0;0;0;0;0;0;0;0;0;0;0;0;0;0;0;0;0;0;0;0;0;0;0;0;0;0;0;0;0;0;0;0;0;0;0;0;0;0;0;0;0;0;;;;;;;;;;;;;;;;;;
22.01.2025;23:10;A 22;1;0;0;3;5;0;0;2;2;0;0;0;0;0;0;0;0;0;0;0;0;0;0;0;0;0;0;0;0;0;0;0;0;0;0;0;0;0;0;0;0;0;0;0;0;0;0;0;0;0;0;0;0;0;0;0;0;0;0;0;0;0;0;0;0;0;0;0;0;0;0;;;;;;;;;;;;;;;;;;
22.01.2025;23:09;A 22;1;0;0;6;11;0;0;6;6;0;0;0;0;0;0;0;0;0;0;0;0;0;0;0;0;0;0;0;0;0;0;0;0;0;0;0;0;0;0;0;0;0;0;0;0;0;0;0;0;0;0;0;0;0;0;0;0;0;0;0;0;0;0;0;0;0;0;0;0;0;0;;;;;;;;;;;;;;;;;;
22.01.2025;23:08;A 22;1;0;0;3;3;0;0;1;0;0;0;0;0;0;0;0;0;0;0;0;0;0;0;0;0;0;0;0;0;0;0;0;0;0;0;0;0;0;0;0;0;0;0;0;0;0;0;0;0;0;0;0;0;0;0;0;0;0;0;0;0;0;0;0;0;0;0;0;0;0;0;;;;;;;;;;;;;;;;;;
22.01.2025;23:07;A 22;1;0;0;1;2;0;0;1;0;0;0;1;77;3;4;0;0;0;0;1;8;0;0;0;0;0;0;2;3;0;0;0;0;2;1;0;0;0;0;0;0;0;0;0;0;0;0;0;0;0;0;0;0;0;0;0;0;0;0;0;0;0;0;0;0;0;0;0;0;0;0;;;;;;;;;;;;;;;;;;
22.01.2025;23:06;A 22;1;0;0;3;7;1;0;2;2;0;0;0;0;0;0;1;1;0;0;0;0;1;4;0;0;0;0;0;0;0;0;0;0;0;0;0;0;1;0;0;0;0;0;0;0;1;1;0;0;0;0;0;0;0;0;0;0;0;0;0;0;0;0;0;0;0;0;0;0;0;0;;;;;;;;;;;;;;;;;;
22.01.2025;23:05;A 22;1;0;0;0;0;0;0;0;0;0;0;2;26;1;1;2;43;0;0;0;34;1;5;0;0;0;0;0;1;0;0;0;0;0;0;0;0;0;0;0;0;0;0;0;0;0;0;1;1;0;0;0;0;0;0;0;0;0;0;0;0;0;0;0;0;0;0;0;0;0;0;;;;;;;;;;;;;;;;;;
22.01.2025;23:04;A 22;1;0;0;1;3;0;0;1;0;0;0;1;26;1;1;1;22;1;4;1;29;1;11;0;0;0;0;5;11;0;0;0;0;2;1;0;0;0;0;0;0;0;0;0;0;1;1;0;0;0;0;0;0;0;0;0;0;0;0;0;0;0;0;0;0;0;0;0;0;0;0;;;;;;;;;;;;;;;;;;
22.01.2025;23:03;A 22;1;0;0;1;4;0;0;1;1;0;0;0;73;0;0;2;79;0;0;0;73;0;84;0;0;0;0;1;2;0;0;0;0;2;2;0;0;1;0;0;0;0;0;0;0;0;0;0;0;0;0;0;0;0;0;0;0;0;0;0;0;0;0;0;0;0;0;0;0;0;0;;;;;;;;;;;;;;;;;;
22.01.2025;23:02;A 22;1;1;8;0;0;1;0;0;0;0;0;1;9;0;0;1;85;0;0;1;13;1;87;0;0;0;0;1;6;0;0;0;0;2;2;0;0;0;0;0;0;0;0;0;0;0;0;0;0;0;0;0;0;0;0;0;0;0;0;0;0;0;0;0;0;0;0;0;0;0;0;;;;;;;;;;;;;;;;;;
22.01.2025;23:01;A 22;1;0;0;2;2;0;0;1;0;0;0;0;0;0;0;3;51;0;0;0;0;1;61;0;0;0;0;1;4;0;0;0;0;1;1;0;0;0;0;0;0;0;0;0;0;0;0;0;0;0;0;0;0;0;0;1;1;0;0;0;0;0;0;0;0;0;0;0;0;0;0;;;;;;;;;;;;;;;;;;
22.01.2025;23:00;A 22;1;0;0;1;2;0;0;1;0;0;0;2;11;1;0;2;35;0;0;1;14;3;44;0;0;0;0;0;0;0;0;0;0;0;0;0;0;0;0;0;0;0;0;0;0;0;0;0;0;0;0;0;0;0;0;0;0;0;0;0;0;0;0;0;0;0;0;0;0;0;0;;;;;;;;;;;;;;;;;;
22.01.2025;22:59;A 22;1;0;0;2;10;0;0;3;2;0;0;1;18;0;0;0;0;0;0;2;12;0;0;0;0;0;0;0;0;0;0;0;0;0;0;0;0;0;0;0;0;0;0;0;0;0;0;0;0;0;0;0;0;0;0;0;0;0;0;0;0;0;0;0;0;0;0;0;0;0;0;;;;;;;;;;;;;;;;;;
22.01.2025;22:58;A 22;1;0;0;3;7;0;0;2;2;0;0;0;0;0;0;0;0;0;0;0;0;0;0;0;0;0;0;3;5;0;0;0;0;2;1;0;0;0;0;0;0;0;0;0;0;0;0;0;0;0;0;0;0;0;0;0;0;0;0;0;0;0;0;0;0;0;0;0;0;0;0;;;;;;;;;;;;;;;;;;
22.01.2025;22:57;A 22;1;0;0;5;11;0;0;3;4;0;0;1;6;0;0;0;0;0;0;0;8;0;0;0;0;0;0;1;3;0;0;0;0;1;1;0;0;0;0;0;0;0;0;0;0;0;0;0;0;0;0;0;0;0;0;0;0;0;0;0;0;0;0;0;0;0;0;0;0;0;0;;;;;;;;;;;;;;;;;;
22.01.2025;22:56;A 22;1;0;0;4;6;0;0;2;1;0;0;2;48;1;0;1;17;0;0;1;57;1;18;1;0;0;0;2;3;0;0;0;0;2;1;0;0;0;0;0;0;0;0;1;1;0;0;0;0;0;0;0;0;0;0;1;1;0;0;0;0;0;0;0;0;0;0;0;0;0;0;;;;;;;;;;;;;;;;;;
22.01.2025;22:55;A 22;1;1;5;0;0;0;0;0;0;0;0;1;2;2;1;3;34;0;0;1;5;2;39;0;0;0;0;0;0;0;0;0;0;0;0;3;7;2;28;0;0;2;31;0;0;0;0;0;0;0;0;0;0;0;0;0;0;0;0;0;0;0;0;0;0;0;0;0;0;0;0;;;;;;;;;;;;;;;;;;
22.01.2025;22:54;A 22;1;0;0;3;15;0;0;3;4;0;0;0;0;0;0;0;0;0;0;0;0;0;0;0;0;0;0;0;23;0;0;0;0;1;6;0;0;0;0;0;0;0;0;0;0;0;0;0;0;1;1;0;0;0;0;0;0;0;0;0;0;0;0;0;0;0;0;0;0;0;0;;;;;;;;;;;;;;;;;;
22.01.2025;22:53;A 22;1;1;0;6;20;0;0;3;4;0;0;0;0;0;0;0;0;0;0;0;0;0;0;0;0;0;0;7;28;0;0;0;0;5;5;0;0;0;0;0;0;0;0;0;0;3;5;0;0;0;0;0;0;0;0;0;0;0;0;0;0;0;0;0;0;0;0;0;0;0;0;;;;;;;;;;;;;;;;;;
22.01.2025;22:52;A 22;1;0;0;4;8;1;0;2;2;0;0;0;4;2;1;0;0;1;5;0;4;0;0;0;0;0;0;0;0;0;0;0;0;0;0;0;0;0;0;0;0;0;0;0;0;0;0;0;0;0;0;0;0;0;0;0;0;0;0;0;0;0;0;0;0;0;0;0;0;0;0;;;;;;;;;;;;;;;;;;
22.01.2025;22:51;A 22;1;0;0;2;4;0;0;1;1;0;0;2;36;1;1;1;2;0;0;1;43;0;17;0;0;0;0;1;2;0;0;0;0;1;1;0;0;0;0;0;0;0;0;0;0;0;0;0;0;0;0;0;0;0;0;0;0;0;0;0;0;0;0;0;0;0;0;0;0;0;0;;;;;;;;;;;;;;;;;;
22.01.2025;22:50;A 22;1;0;0;0;0;0;0;0;0;0;0;0;100;0;0;0;72;0;0;0;100;0;100;0;0;0;0;0;0;0;0;0;0;0;0;0;0;0;0;0;0;0;0;0;0;0;0;0;0;0;0;0;0;0;0;0;0;0;0;0;0;0;0;0;0;0;0;0;0;0;0;;;;;;;;;;;;;;;;;;
22.01.2025;22:49;A 22;1;0;0;0;0;0;0;0;0;0;0;1;25;0;0;1;63;0;0;1;31;2;10;0;0;0;0;1;2;0;0;0;0;1;0;0;0;0;0;0;0;0;0;0;0;0;0;0;0;0;0;0;0;0;0;0;0;0;0;0;0;0;0;0;0;0;0;0;0;0;0;;;;;;;;;;;;;;;;;;
22.01.2025;22:48;A 22;1;0;0;4;11;0;0;2;2;0;0;1;26;1;23;1;16;0;0;1;6;0;12;2;3;0;0;1;3;0;0;0;0;1;1;0;0;0;15;0;0;0;0;0;0;0;0;0;0;0;0;0;0;1;1;0;0;0;0;0;0;0;0;0;0;0;0;0;0;0;0;;;;;;;;;;;;;;;;;;
22.01.2025;22:47;A 22;1;0;0;2;18;0;0;3;5;0;0;0;0;0;0;2;42;0;0;0;0;2;50;0;0;0;0;5;19;0;0;0;0;4;4;0;0;1;31;0;0;2;7;0;0;0;0;0;0;0;0;0;0;0;0;0;0;0;0;0;0;0;0;0;0;0;0;0;0;0;0;;;;;;;;;;;;;;;;;;
22.01.2025;22:46;A 22;1;0;0;3;21;0;0;2;3;0;0;0;0;1;0;1;1;0;0;0;0;1;2;0;0;1;1;1;8;0;0;1;0;2;1;0;0;0;0;0;0;0;0;0;0;0;0;0;0;0;0;0;0;0;0;0;0;0;0;0;0;0;0;0;0;0;0;0;0;0;0;;;;;;;;;;;;;;;;;;
22.01.2025;22:45;A 22;1;0;0;1;68;0;0;4;7;0;0;0;0;0;0;1;43;0;0;0;0;0;7;0;0;1;12;1;8;0;0;0;0;1;1;1;1;0;0;1;4;1;4;0;0;0;0;0;0;0;0;0;0;0;0;0;0;0;0;0;0;0;0;0;0;0;0;0;0;0;0;;;;;;;;;;;;;;;;;;
22.01.2025;22:44;A 22;1;0;0;0;0;0;0;0;0;0;0;1;21;0;0;0;0;0;0;1;24;1;2;0;0;1;2;1;2;0;0;1;0;2;1;0;0;0;0;0;0;0;0;0;0;0;0;1;1;0;0;0;0;0;0;0;0;0;0;1;1;1;1;0;0;0;0;0;0;0;0;;;;;;;;;;;;;;;;;;
22.01.2025;22:43;A 22;1;0;0;6;15;0;0;5;4;0;0;0;0;0;0;1;35;0;0;0;0;1;40;0;0;0;0;0;0;0;0;0;0;0;0;0;0;0;0;0;0;0;0;0;0;0;0;0;0;0;0;0;0;0;0;0;0;0;0;0;0;0;0;0;0;0;0;0;0;0;0;;;;;;;;;;;;;;;;;;
22.01.2025;22:42;A 22;1;1;7;2;5;0;0;1;1;0;0;0;0;0;0;0;0;0;0;0;0;0;0;2;8;0;0;0;0;0;0;0;0;0;0;1;1;1;31;0;2;1;13;0;0;0;0;1;1;0;0;0;0;0;0;0;0;0;0;0;0;0;0;0;0;0;0;0;0;0;0;;;;;;;;;;;;;;;;;;
22.01.2025;22:41;A 22;1;0;0;7;9;1;0;3;2;0;0;0;0;1;1;0;0;1;3;0;0;0;0;0;0;0;0;1;3;0;0;0;0;1;0;0;0;0;0;1;1;1;2;0;0;0;0;0;0;0;0;0;0;0;0;0;0;0;0;0;0;0;0;0;0;0;0;0;0;0;0;;;;;;;;;;;;;;;;;;
22.01.2025;22:40;A 22;1;0;0;0;0;0;0;0;0;0;0;0;0;0;0;0;0;0;0;0;0;0;0;0;0;0;0;2;4;0;0;0;0;2;1;0;0;0;0;0;0;0;0;0;0;0;0;0;0;0;0;0;0;0;0;0;0;0;0;0;0;0;0;0;0;0;0;0;0;0;0;;;;;;;;;;;;;;;;;;
22.01.2025;22:39;A 22;1;0;0;4;4;0;0;2;1;0;0;0;0;0;0;0;0;0;0;0;0;0;0;0;0;0;0;1;1;0;0;0;0;1;0;0;0;0;0;0;0;0;0;0;0;0;0;0;0;0;0;0;0;0;0;0;0;0;0;0;0;0;0;0;0;0;0;0;0;0;0;;;;;;;;;;;;;;;;;;
22.01.2025;22:38;A 22;1;0;0;5;42;0;0;3;3;0;0;1;23;0;0;1;1;0;0;1;29;1;4;0;0;0;0;2;3;0;0;0;0;1;1;0;0;0;0;0;0;0;0;0;0;0;0;0;0;0;0;0;0;0;0;0;0;0;0;0;0;0;0;0;0;0;0;0;0;0;0;;;;;;;;;;;;;;;;;;
22.01.2025;22:37;A 22;1;0;0;4;12;0;0;3;3;0;0;0;84;1;1;2;2;0;0;0;84;0;0;0;0;0;0;0;0;0;0;0;0;0;0;0;0;0;82;0;0;0;0;0;0;0;0;1;1;0;0;0;0;0;0;0;0;0;0;1;1;1;1;0;0;0;0;0;0;0;0;;;;;;;;;;;;;;;;;;
22.01.2025;22:36;A 22;1;0;0;0;0;0;0;0;0;0;0;1;94;1;1;0;0;0;0;1;98;1;3;0;0;0;0;2;7;0;0;0;0;2;2;0;0;1;83;0;0;1;12;0;0;1;1;0;0;0;0;0;0;0;0;0;0;0;0;0;0;0;0;0;0;0;0;0;0;0;0;;;;;;;;;;;;;;;;;;
22.01.2025;22:35;A 22;1;0;0;1;6;0;0;0;0;0;0;0;0;1;1;1;54;0;0;0;0;1;59;0;0;0;0;0;0;0;0;0;0;0;0;0;0;0;0;0;0;0;0;0;0;0;0;0;0;0;0;0;0;0;0;0;0;0;0;0;0;0;0;0;0;0;0;0;0;0;0;;;;;;;;;;;;;;;;;;
22.01.2025;22:34;A 22;1;0;0;1;7;0;0;2;2;0;0;0;0;0;0;0;0;0;0;0;0;0;2;0;0;0;0;3;15;0;0;0;0;3;3;0;0;0;0;0;0;0;0;0;0;0;0;0;0;0;0;0;0;0;0;0;0;0;0;0;0;0;0;0;0;0;0;0;0;0;0;;;;;;;;;;;;;;;;;;
22.01.2025;22:33;A 22;1;0;0;6;14;0;0;4;4;0;0;1;2;1;1;1;2;0;0;1;3;1;2;1;0;0;0;5;4;0;0;0;0;3;2;0;0;0;0;0;0;0;0;0;0;0;0;0;0;1;1;0;0;0;0;0;0;0;0;0;0;1;1;0;0;0;0;0;0;0;0;;;;;;;;;;;;;;;;;;
22.01.2025;22:32;A 22;1;0;0;1;12;0;0;2;3;0;0;0;0;1;1;1;49;0;0;0;0;1;42;0;0;2;3;1;39;0;0;0;0;5;8;0;0;0;0;0;0;0;0;0;0;0;0;0;0;0;0;0;0;0;0;0;0;0;0;0;0;0;0;0;0;0;0;0;0;0;0;;;;;;;;;;;;;;;;;;
22.01.2025;22:31;A 22;1;1;2;0;8;1;0;0;0;0;0;0;41;0;0;1;7;0;0;0;40;1;13;1;5;1;4;2;67;0;0;1;0;3;3;0;0;0;0;0;0;0;0;0;0;0;0;0;0;1;1;0;0;0;0;0;0;0;0;0;0;0;0;0;0;0;0;0;0;0;0;;;;;;;;;;;;;;;;;;
22.01.2025;22:30;A 22;1;1;1;3;43;0;0;4;6;0;0;3;25;1;0;0;0;0;0;2;37;0;0;0;0;0;0;2;1;0;0;0;0;1;0;0;0;0;0;0;0;0;0;0;0;0;0;0;0;0;0;0;0;0;0;0;0;0;0;0;0;0;0;0;0;0;0;0;0;0;0;;;;;;;;;;;;;;;;;;
22.01.2025;22:29;A 22;1;1;1;2;5;1;0;1;1;0;0;0;0;1;1;1;1;0;0;0;0;0;0;0;0;1;5;1;5;0;0;1;1;3;3;0;0;1;1;0;0;1;6;0;0;0;0;0;0;0;0;0;0;0;0;0;0;0;0;0;0;0;0;0;0;0;0;0;0;0;0;;;;;;;;;;;;;;;;;;
22.01.2025;22:28;A 22;1;0;0;5;9;0;0;3;2;0;0;3;39;0;0;0;40;0;0;2;18;0;39;0;0;0;0;1;1;0;0;0;0;1;0;0;0;0;0;0;0;0;0;0;0;0;0;0;0;0;0;0;0;0;0;0;0;0;0;0;0;0;0;0;0;0;0;0;0;0;0;;;;;;;;;;;;;;;;;;
22.01.2025;22:27;A 22;1;0;0;2;16;0;0;2;2;0;0;1;3;0;0;2;24;0;0;1;6;2;30;0;0;0;0;1;7;0;0;0;0;1;1;0;0;0;0;0;0;0;0;0;0;0;0;0;0;0;0;0;0;0;0;0;0;0;0;0;0;0;0;0;0;0;0;0;0;0;0;;;;;;;;;;;;;;;;;;
22.01.2025;22:26;A 22;1;0;0;0;2;0;0;0;0;0;0;0;0;0;0;1;35;0;0;0;0;1;43;0;0;0;0;1;5;0;0;0;0;2;1;0;0;1;7;0;0;0;9;0;0;0;0;0;0;0;0;0;0;1;1;0;0;0;0;0;0;0;0;0;0;1;1;0;0;0;0;;;;;;;;;;;;;;;;;;
22.01.2025;22:25;A 22;1;0;0;4;7;0;0;2;1;0;0;1;1;0;0;1;25;0;0;1;4;1;28;0;0;0;0;2;40;0;0;0;0;3;3;1;1;0;0;1;5;2;8;0;0;1;0;0;0;0;0;0;0;0;0;0;0;0;0;0;0;0;0;0;0;0;0;0;0;0;0;;;;;;;;;;;;;;;;;;
22.01.2025;22:24;A 22;1;0;0;2;21;0;0;2;1;0;0;1;37;1;1;2;70;1;3;1;40;3;79;0;0;0;0;1;2;0;0;0;0;1;1;0;0;0;0;0;0;0;0;0;0;0;0;0;0;1;1;0;0;0;0;0;0;0;0;0;0;1;1;0;0;0;0;0;0;0;0;;;;;;;;;;;;;;;;;;
22.01.2025;22:23;A 22;1;0;0;1;40;0;0;3;3;0;0;0;0;0;0;0;0;0;0;0;0;0;0;0;0;0;0;1;6;0;0;0;0;2;2;0;0;1;2;0;0;0;0;0;0;1;1;0;0;0;0;0;0;0;0;0;0;0;0;0;0;0;0;0;0;0;0;0;0;0;0;;;;;;;;;;;;;;;;;;
22.01.2025;22:22;A 22;1;0;0;2;2;0;0;1;0;0;0;1;6;2;5;2;52;0;0;2;13;2;39;0;0;0;0;3;6;0;0;0;0;2;2;0;0;0;0;0;0;0;0;0;0;0;0;0;0;0;0;0;0;0;0;0;0;0;0;0;0;0;0;0;0;0;0;0;0;0;0;;;;;;;;;;;;;;;;;;
22.01.2025;22:21;A 22;1;0;0;9;16;0;0;5;4;0;0;0;0;2;2;1;19;0;0;0;0;2;15;0;0;0;0;0;0;0;0;0;0;0;0;0;0;0;0;0;0;0;0;0;0;0;0;0;0;0;0;0;0;0;0;0;0;0;0;0;0;0;0;0;0;0;0;0;0;0;0;;;;;;;;;;;;;;;;;;
22.01.2025;22:20;A 22;1;0;0;0;0;1;0;0;0;0;0;2;10;3;2;0;0;0;0;2;9;0;0;0;0;0;0;3;11;0;0;0;0;2;2;0;0;0;0;0;0;0;0;1;1;0;0;0;0;0;0;0;0;1;1;0;0;0;0;0;0;0;0;0;0;2;3;0;0;0;0;;;;;;;;;;;;;;;;;;
22.01.2025;22:19;A 22;1;0;0;12;19;0;0;6;5;0;0;1;26;0;0;0;0;0;0;0;28;0;0;0;0;0;0;0;0;0;0;0;0;0;0;0;0;0;0;0;0;0;0;0;0;0;0;1;1;0;0;0;0;0;0;0;0;0;0;1;1;0;0;0;0;0;0;0;0;0;0;;;;;;;;;;;;;;;;;;
22.01.2025;22:18;A 22;1;0;0;10;16;0;0;6;5;0;0;1;26;0;0;0;0;0;0;1;33;0;0;0;0;0;0;0;0;0;0;0;0;0;0;0;0;0;0;0;0;0;0;0;0;0;0;0;0;0;0;0;0;0;0;0;0;0;0;0;0;0;0;0;0;0;0;0;0;0;0;;;;;;;;;;;;;;;;;;
22.01.2025;22:17;A 22;1;0;0;0;0;0;0;0;0;0;0;0;0;0;0;1;15;0;0;0;0;0;8;0;0;0;0;1;3;0;0;0;0;1;0;0;0;0;0;0;0;1;5;0;0;0;0;0;0;0;0;0;0;0;0;0;0;0;0;0;0;0;0;0;0;0;0;0;0;0;0;;;;;;;;;;;;;;;;;;
22.01.2025;22:16;A 22;1;0;0;2;2;0;0;1;0;0;0;0;0;1;1;1;1;0;0;0;0;1;9;0;0;0;0;4;6;0;0;0;0;3;2;0;0;0;0;0;0;0;0;0;0;0;0;0;0;0;0;0;0;0;0;0;0;0;0;0;0;0;0;0;0;0;0;0;0;0;0;;;;;;;;;;;;;;;;;;
22.01.2025;22:15;A 22;1;0;0;5;9;0;0;2;4;0;0;0;0;0;0;0;0;0;0;1;0;1;3;0;0;0;0;3;9;0;0;0;0;2;2;0;0;0;0;0;0;0;0;0;0;1;1;0;0;0;0;0;0;1;1;0;0;0;0;0;0;0;0;0;0;1;1;0;0;0;0;;;;;;;;;;;;;;;;;;
22.01.2025;22:14;A 22;1;2;3;0;21;1;0;2;3;0;0;1;45;1;1;0;0;0;0;1;49;1;0;0;0;0;0;1;12;0;0;0;0;2;3;0;0;0;0;0;0;0;0;0;0;0;0;0;0;0;0;0;0;0;0;0;0;0;0;0;0;0;0;0;0;0;0;0;0;0;0;;;;;;;;;;;;;;;;;;
22.01.2025;22:13;A 22;1;0;0;4;13;0;0;3;3;0;0;2;2;0;0;3;44;0;0;1;9;2;52;0;0;0;0;3;8;0;0;0;0;2;2;0;0;0;0;0;0;0;0;0;0;0;0;0;0;0;0;0;0;0;0;0;0;0;0;0;0;0;0;0;0;0;0;0;0;0;0;;;;;;;;;;;;;;;;;;
22.01.2025;22:12;A 22;1;1;2;2;1;2;0;1;0;0;0;0;0;0;0;1;40;0;0;0;0;1;45;0;0;0;0;2;6;0;0;0;0;3;2;0;0;0;0;0;0;1;5;0;0;1;1;0;0;0;0;0;0;0;0;0;0;0;0;0;0;0;0;0;0;0;0;0;0;0;0;;;;;;;;;;;;;;;;;;
22.01.2025;22:11;A 22;1;1;8;5;13;1;0;4;4;0;0;0;0;0;0;2;62;0;0;0;0;1;72;0;0;1;5;0;0;0;0;1;0;1;1;0;0;0;0;0;0;0;0;0;0;1;1;0;0;0;0;0;0;1;1;0;0;0;0;0;0;0;0;0;0;0;0;0;0;0;0;;;;;;;;;;;;;;;;;;
22.01.2025;22:10;A 22;1;0;0;3;8;0;0;2;2;0;0;0;0;0;0;0;0;0;0;0;0;0;0;0;0;0;0;1;1;0;0;0;0;1;0;0;0;1;19;0;0;1;5;0;0;0;0;0;0;0;0;0;0;0;0;0;0;0;0;0;0;0;0;0;0;0;0;0;0;0;0;;;;;;;;;;;;;;;;;;
22.01.2025;22:09;A 22;1;0;0;4;11;0;0;4;3;0;0;0;0;0;0;0;0;0;0;0;0;0;0;0;0;0;0;2;5;0;0;0;0;2;2;0;0;0;0;0;0;0;0;0;0;0;0;0;0;0;0;0;0;0;0;0;0;0;0;0;0;0;0;0;0;0;0;0;0;0;0;;;;;;;;;;;;;;;;;;
22.01.2025;22:08;A 22;1;0;0;1;18;0;0;3;5;0;0;0;0;1;0;2;30;0;0;0;0;1;33;0;0;0;0;1;9;0;0;0;0;2;2;0;0;0;0;0;0;0;0;0;0;2;3;0;0;0;0;0;0;0;0;0;0;0;0;0;0;0;0;0;0;0;0;0;0;0;0;;;;;;;;;;;;;;;;;;
22.01.2025;22:07;A 22;1;0;0;3;45;0;0;3;3;0;0;1;27;0;0;1;55;0;0;0;27;1;59;0;0;0;0;2;5;0;0;0;0;2;1;0;0;1;1;0;0;1;5;0;0;0;0;0;0;0;0;1;1;0;0;0;0;0;0;0;0;0;0;1;1;0;0;0;0;0;0;;;;;;;;;;;;;;;;;;
22.01.2025;22:06;A 22;1;0;0;7;60;0;0;6;6;0;0;1;1;1;1;1;3;1;3;2;9;3;19;0;0;1;5;1;1;0;0;1;0;1;0;0;0;0;0;0;0;0;0;0;0;1;1;0;0;0;0;0;0;1;1;0;0;0;0;0;0;0;0;0;0;1;1;0;0;0;0;;;;;;;;;;;;;;;;;;
22.01.2025;22:05;A 22;1;0;0;0;38;0;0;1;4;0;0;1;0;0;0;2;10;0;0;1;4;2;18;0;0;0;0;2;18;0;0;0;0;2;2;0;0;0;0;0;0;0;0;0;0;0;0;0;0;0;0;1;1;0;0;0;0;0;0;0;0;0;0;0;0;0;0;0;0;0;0;;;;;;;;;;;;;;;;;;
22.01.2025;22:04;A 22;1;0;0;2;38;0;0;3;3;0;0;2;27;0;0;4;18;0;0;1;86;1;32;0;0;0;0;2;15;0;0;0;0;5;5;0;0;0;0;0;0;0;0;0;0;0;0;0;0;0;0;1;1;0;0;0;0;0;0;0;0;0;0;0;0;0;0;0;0;0;0;;;;;;;;;;;;;;;;;;
22.01.2025;22:03;A 22;1;0;0;5;11;0;0;4;3;0;0;0;83;1;0;1;3;0;0;1;28;0;0;0;0;0;0;2;8;0;0;0;0;2;2;0;0;0;0;0;0;0;0;0;0;0;0;0;0;0;0;0;0;0;0;0;0;0;0;0;0;0;0;0;0;0;0;0;0;0;0;;;;;;;;;;;;;;;;;;
22.01.2025;22:02;A 22;1;0;0;0;0;0;0;0;0;0;0;1;0;0;0;1;49;0;0;1;2;1;41;0;0;0;0;1;23;0;0;0;0;0;0;0;0;0;0;0;0;0;0;0;0;0;0;0;0;0;0;0;0;0;0;0;0;0;0;0;0;0;0;0;0;2;3;0;0;0;0;;;;;;;;;;;;;;;;;;
22.01.2025;22:01;A 22;1;0;0;4;21;0;0;5;5;0;0;0;3;0;0;1;4;0;0;0;3;1;9;0;0;0;0;1;15;0;0;0;0;3;3;0;0;0;0;0;0;0;0;0;0;1;1;0;0;0;0;0;0;1;1;0;0;0;0;0;0;0;0;0;0;0;0;0;0;0;0;;;;;;;;;;;;;;;;;;
22.01.2025;22:00;A 22;1;0;0;6;26;0;0;3;3;0;0;1;50;0;0;0;0;0;0;1;54;0;0;0;0;0;0;1;1;0;0;1;0;1;0;0;0;0;0;0;0;0;0;0;0;0;0;0;0;0;0;0;0;0;0;0;0;0;0;0;0;0;0;0;0;0;0;0;0;0;0;;;;;;;;;;;;;;;;;;
22.01.2025;21:59;A 22;1;1;2;0;0;0;0;0;0;0;0;1;0;1;1;1;6;0;0;1;4;1;9;0;0;0;0;2;4;0;0;0;0;1;1;0;0;0;0;0;0;0;0;0;0;0;0;0;0;1;1;0;0;0;0;0;0;0;0;0;0;0;0;0;0;0;0;0;0;0;0;;;;;;;;;;;;;;;;;;
22.01.2025;21:58;A 22;1;0;0;2;3;2;1;1;1;0;0;1;1;1;0;3;40;0;0;1;3;2;50;0;0;0;0;2;12;0;0;1;1;1;1;0;0;0;0;0;0;0;0;0;0;1;1;1;1;0;0;0;0;0;0;0;0;0;0;1;1;0;0;0;0;0;0;0;0;0;0;;;;;;;;;;;;;;;;;;
22.01.2025;21:57;A 22;1;0;0;0;0;0;0;0;0;0;0;0;0;0;0;0;0;0;0;0;0;0;0;0;0;0;0;1;1;0;0;0;0;1;1;1;16;1;11;1;20;1;6;0;0;0;0;0;0;0;0;0;0;0;0;0;0;0;0;0;0;0;0;0;0;0;0;0;0;0;0;;;;;;;;;;;;;;;;;;
22.01.2025;21:56;A 22;1;0;0;4;22;0;0;3;3;0;0;0;13;1;0;4;20;0;0;0;13;4;35;0;0;0;0;0;0;0;0;0;0;0;0;0;0;0;14;0;0;0;0;0;0;1;1;0;0;0;0;0;0;0;0;0;0;0;0;0;0;0;0;0;0;0;0;0;0;0;0;;;;;;;;;;;;;;;;;;
22.01.2025;21:55;A 22;1;0;0;5;33;0;0;2;2;0;0;3;52;2;1;2;20;0;0;4;41;2;27;0;0;0;0;0;0;0;0;0;0;0;0;0;0;1;11;0;0;1;10;0;0;0;0;0;0;0;0;0;0;0;0;0;0;0;0;0;0;0;0;0;0;0;0;0;0;0;0;;;;;;;;;;;;;;;;;;
22.01.2025;21:54;A 22;1;0;0;7;17;0;0;3;3;0;0;0;17;0;0;1;25;0;0;0;0;1;27;0;0;0;0;2;3;0;0;0;0;1;0;0;0;0;0;0;0;0;0;0;0;0;0;0;0;0;0;0;0;1;1;0;0;0;0;0;0;0;0;0;0;1;1;0;0;0;0;;;;;;;;;;;;;;;;;;
22.01.2025;21:53;A 22;1;2;3;2;5;1;0;0;0;0;0;2;77;0;0;0;0;0;0;2;60;0;0;0;0;0;0;0;0;0;0;0;0;0;0;0;0;0;0;0;0;0;0;0;0;0;0;0;0;0;0;0;0;2;3;0;0;0;0;0;0;0;0;0;0;1;5;0;0;0;0;;;;;;;;;;;;;;;;;;
22.01.2025;21:52;A 22;1;0;0;2;4;0;0;2;1;0;0;2;3;2;2;2;3;0;0;3;14;1;11;0;0;0;0;2;6;0;0;0;0;2;1;0;0;1;1;0;0;1;7;0;0;0;0;0;0;0;0;0;0;0;0;0;0;0;0;0;0;0;0;0;0;0;0;0;0;0;0;;;;;;;;;;;;;;;;;;
22.01.2025;21:51;A 22;1;0;0;1;2;0;0;1;0;0;0;1;26;0;0;0;0;0;0;1;31;0;0;0;0;0;0;0;0;0;0;0;0;0;0;0;0;0;0;0;0;0;0;0;0;0;0;0;0;0;0;0;0;0;0;0;0;0;0;0;0;0;0;0;0;0;0;0;0;0;0;;;;;;;;;;;;;;;;;;
22.01.2025;21:50;A 22;1;0;0;7;8;0;0;3;2;0;0;0;17;0;0;0;0;0;0;0;17;0;0;0;0;0;0;2;10;0;0;0;0;3;2;0;0;0;0;0;0;0;0;0;0;0;0;0;0;0;0;0;0;0;0;0;0;0;0;0;0;0;0;0;0;0;0;0;0;0;0;;;;;;;;;;;;;;;;;;
22.01.2025;21:49;A 22;1;0;0;3;4;0;0;2;1;0;0;2;7;1;0;1;0;0;0;2;12;2;4;0;0;0;0;2;18;0;0;0;0;2;2;0;0;0;0;0;0;0;0;0;0;0;0;0;0;0;0;0;0;0;0;0;0;0;0;0;0;0;0;0;0;0;0;0;0;0;0;;;;;;;;;;;;;;;;;;
22.01.2025;21:48;A 22;1;0;0;0;0;0;0;0;0;0;0;0;7;0;0;1;1;0;0;0;7;1;3;0;0;0;0;1;9;0;0;0;0;3;3;0;0;0;0;0;0;0;0;0;0;0;0;0;0;0;0;0;0;0;0;0;0;0;0;0;0;0;0;0;0;0;0;0;0;0;0;;;;;;;;;;;;;;;;;;
22.01.2025;21:47;A 22;1;0;0;2;2;0;0;1;0;0;0;2;29;1;1;0;0;0;0;2;37;1;5;2;2;0;0;1;1;0;0;0;0;0;0;0;0;0;0;0;0;0;0;0;0;1;1;0;0;0;0;0;0;0;0;0;0;0;0;0;0;0;0;0;0;0;0;0;0;0;0;;;;;;;;;;;;;;;;;;
22.01.2025;21:46;A 22;1;0;0;3;57;0;0;5;8;0;0;1;1;1;0;2;3;0;0;1;3;1;9;1;2;0;0;2;6;0;0;0;0;3;2;0;0;0;0;0;0;0;0;0;0;1;1;0;0;0;0;0;0;0;0;0;0;0;0;0;0;0;0;0;0;0;0;0;0;0;0;;;;;;;;;;;;;;;;;;
22.01.2025;21:45;A 22;1;0;0;0;0;0;0;0;0;0;0;1;36;1;0;1;10;1;3;0;38;1;16;2;2;0;0;0;0;0;0;0;0;0;0;0;0;0;0;0;0;0;0;0;0;0;0;0;0;0;0;0;0;0;0;0;0;0;0;0;0;0;0;0;0;0;0;0;0;0;0;;;;;;;;;;;;;;;;;;
22.01.2025;21:44;A 22;1;0;0;7;10;0;0;3;2;0;0;1;18;0;0;0;0;0;0;1;23;0;0;0;0;0;0;2;8;0;0;0;0;2;1;0;0;0;0;0;0;0;0;1;1;0;0;0;0;0;0;0;0;0;0;0;0;0;0;0;0;0;0;0;0;0;0;0;0;0;0;;;;;;;;;;;;;;;;;;
22.01.2025;21:43;A 22;1;3;9;0;0;1;0;0;0;0;0;1;0;1;1;0;0;0;0;1;2;1;6;0;0;0;0;4;12;0;0;0;0;2;1;0;0;0;0;0;0;0;0;0;0;0;0;0;0;0;0;0;0;0;0;0;0;0;0;0;0;0;0;0;0;0;0;0;0;0;0;;;;;;;;;;;;;;;;;;
22.01.2025;21:42;A 22;1;0;0;5;9;0;0;3;2;0;0;0;0;0;0;0;0;0;0;0;0;0;0;0;0;0;0;0;0;0;0;0;0;0;0;0;0;0;0;0;0;0;0;0;0;0;0;0;0;0;0;0;0;0;0;0;0;0;0;0;0;0;0;0;0;0;0;0;0;0;0;;;;;;;;;;;;;;;;;;
22.01.2025;21:41;A 22;1;0;0;7;11;1;0;4;3;0;0;1;6;1;0;1;0;1;2;1;9;1;1;0;0;1;2;4;6;0;0;0;0;2;2;0;0;0;0;0;0;0;0;0;0;1;1;0;0;0;0;0;0;0;0;0;0;0;0;0;0;0;0;0;0;0;0;0;0;0;0;;;;;;;;;;;;;;;;;;
22.01.2025;21:40;A 22;1;0;0;2;45;1;0;6;17;0;0;1;1;0;0;0;0;0;0;1;6;0;3;0;0;0;0;1;1;0;0;0;0;1;0;0;0;0;0;0;0;0;0;0;0;0;0;0;0;0;0;0;0;0;0;0;0;0;0;0;0;0;0;0;0;0;0;0;0;0;0;;;;;;;;;;;;;;;;;;
22.01.2025;21:39;A 22;1;0;0;3;5;0;0;2;2;0;0;1;1;1;1;2;10;0;0;1;0;2;14;0;0;0;0;2;3;0;0;0;0;2;1;0;0;0;0;0;0;0;0;0;0;0;0;0;0;1;1;0;0;1;1;0;0;0;0;0;0;0;0;0;0;0;0;0;0;0;0;;;;;;;;;;;;;;;;;;
22.01.2025;21:38;A 22;1;0;0;3;32;0;0;3;4;0;0;0;0;0;0;1;2;0;0;0;0;1;6;0;0;0;0;0;19;0;0;0;0;0;1;0;0;0;0;0;0;0;0;0;0;0;0;0;0;0;0;0;0;0;0;0;0;0;0;0;0;0;0;0;0;0;0;0;0;0;0;;;;;;;;;;;;;;;;;;
22.01.2025;21:37;A 22;1;0;0;2;6;0;0;1;1;0;0;2;28;1;0;2;44;0;0;2;8;2;11;0;0;0;0;2;3;0;0;0;0;3;2;0;0;0;0;0;0;0;0;0;0;1;1;0;0;0;0;0;0;0;0;0;0;0;0;1;1;1;1;0;0;0;0;0;0;0;0;;;;;;;;;;;;;;;;;;
22.01.2025;21:36;A 22;1;1;4;8;17;1;0;4;3;0;0;1;33;0;0;2;31;0;0;1;37;1;43;0;0;0;0;7;15;0;0;0;0;4;3;0;0;0;0;0;0;0;0;0;0;0;0;0;0;1;1;0;0;0;0;0;0;0;0;0;0;0;0;0;0;0;0;0;0;0;0;;;;;;;;;;;;;;;;;;
22.01.2025;21:35;A 22;1;0;0;0;0;0;0;0;0;0;0;1;1;1;0;3;9;0;0;1;4;2;15;1;1;1;1;3;9;0;0;1;0;5;4;0;0;1;22;0;0;1;7;0;0;1;1;0;0;0;0;0;0;0;0;0;0;0;0;0;0;0;0;0;0;0;0;0;0;0;0;;;;;;;;;;;;;;;;;;
22.01.2025;21:34;A 22;1;0;0;3;12;0;0;3;3;0;0;2;46;0;0;1;20;0;0;1;54;0;22;0;0;0;0;0;0;0;0;0;0;0;0;0;0;0;0;0;0;0;0;0;0;0;0;0;0;1;1;0;0;0;0;0;0;0;0;0;0;0;0;0;0;0;0;0;0;0;0;;;;;;;;;;;;;;;;;;
22.01.2025;21:33;A 22;1;0;0;4;5;0;0;2;1;0;0;0;0;1;1;0;100;1;3;0;0;0;100;0;0;0;0;0;0;0;0;0;0;0;0;0;0;0;0;0;0;0;0;0;0;1;1;0;0;0;0;0;0;0;0;0;0;0;0;0;0;0;0;0;0;0;0;0;0;0;0;;;;;;;;;;;;;;;;;;
22.01.2025;21:32;A 22;1;0;0;1;8;0;0;1;1;0;0;1;1;0;0;4;67;0;0;1;4;2;76;0;0;0;0;1;5;0;0;0;0;1;1;0;0;1;0;0;0;0;0;0;0;1;1;0;0;0;0;0;0;0;0;0;0;0;0;0;0;0;0;0;0;0;0;0;0;0;0;;;;;;;;;;;;;;;;;;
22.01.2025;21:31;A 22;1;0;0;5;10;0;0;3;3;0;0;2;43;1;1;2;70;0;0;2;49;1;54;0;0;0;0;1;1;0;0;0;0;1;0;0;0;0;0;0;0;0;0;0;0;0;0;0;0;0;0;0;0;0;0;0;0;0;0;0;0;0;0;0;0;0;0;0;0;0;0;;;;;;;;;;;;;;;;;;
22.01.2025;21:30;A 22;1;0;0;0;20;0;0;0;0;0;0;3;45;0;0;2;8;0;0;1;54;3;19;0;0;0;0;1;51;0;0;0;0;2;2;0;0;0;0;0;0;0;0;0;0;1;1;0;0;0;0;0;0;0;0;0;0;0;0;0;0;0;0;0;0;0;0;0;0;0;0;;;;;;;;;;;;;;;;;;
22.01.2025;21:29;A 22;1;0;0;4;26;0;0;4;3;0;0;1;12;2;8;1;18;0;0;1;25;0;0;0;0;0;0;2;5;0;0;0;0;2;1;0;0;0;0;0;0;0;0;0;0;0;0;0;0;0;0;0;0;0;0;0;0;0;0;0;0;0;0;0;0;0;0;0;0;0;0;;;;;;;;;;;;;;;;;;
22.01.2025;21:28;A 22;1;1;6;3;6;1;0;1;1;0;0;0;0;0;0;1;37;0;0;0;0;1;42;0;0;0;0;1;33;0;0;0;0;1;1;0;0;0;0;0;0;0;0;0;0;1;1;0;0;0;0;0;0;0;0;0;0;0;0;0;0;0;0;0;0;0;0;0;0;0;0;;;;;;;;;;;;;;;;;;
22.01.2025;21:27;A 22;1;1;8;2;8;0;0;1;1;0;0;2;10;1;1;2;1;0;0;1;9;0;0;1;1;0;0;2;8;0;0;0;0;2;3;0;0;0;0;0;0;1;4;0;0;0;0;0;0;0;0;0;0;0;0;0;0;0;0;0;0;1;1;0;0;0;0;0;0;0;0;;;;;;;;;;;;;;;;;;
22.01.2025;21:26;A 22;1;1;1;7;24;1;0;4;3;0;0;0;0;0;0;1;1;0;0;0;0;0;0;1;1;1;4;2;1;0;0;1;0;2;1;0;0;0;0;0;0;0;0;0;0;0;0;0;0;0;0;0;0;0;0;0;0;0;0;0;0;0;0;0;0;0;0;0;0;0;0;;;;;;;;;;;;;;;;;;
22.01.2025;21:25;A 22;1;0;0;3;49;0;0;3;4;0;0;0;0;0;0;1;45;0;0;0;0;1;48;0;0;0;0;1;21;0;0;0;0;2;2;1;2;1;4;1;2;1;2;0;0;1;1;0;0;0;0;0;0;0;0;0;0;0;0;0;0;0;0;0;0;0;0;0;0;0;0;;;;;;;;;;;;;;;;;;
22.01.2025;21:24;A 22;1;0;0;5;4;0;0;2;2;0;0;1;1;1;0;0;0;1;2;1;4;1;1;0;0;0;0;3;42;0;0;0;0;2;1;0;0;0;0;0;0;0;0;0;0;1;1;1;1;0;0;0;0;0;0;0;0;0;0;0;0;0;0;0;0;0;0;0;0;0;0;;;;;;;;;;;;;;;;;;
22.01.2025;21:23;A 22;1;0;0;1;3;0;0;1;0;0;0;0;0;0;0;3;58;0;0;0;0;2;68;1;2;0;0;1;15;0;0;0;0;2;2;0;0;1;1;0;0;1;6;0;0;4;6;0;0;1;1;0;0;0;0;0;0;0;0;0;0;0;0;0;0;0;0;0;0;0;0;;;;;;;;;;;;;;;;;;
22.01.2025;21:22;A 22;1;0;0;6;8;0;0;4;4;0;0;0;21;0;21;2;46;0;0;0;21;3;34;0;0;0;0;1;1;0;0;0;0;1;0;0;0;0;0;0;0;0;0;0;0;0;0;0;0;0;0;0;0;0;0;0;0;0;0;0;0;0;0;0;0;0;0;0;0;0;0;;;;;;;;;;;;;;;;;;
22.01.2025;21:21;A 22;1;0;0;1;12;0;0;2;2;0;0;1;23;2;22;1;0;0;0;1;28;1;2;0;0;0;0;0;0;0;0;0;0;0;0;0;0;0;0;0;0;0;0;0;0;0;0;0;0;1;1;0;0;0;0;0;0;0;0;0;0;0;0;0;0;0;0;0;0;0;0;;;;;;;;;;;;;;;;;;
22.01.2025;21:20;A 22;1;0;0;3;7;0;0;2;1;0;0;0;0;1;1;0;0;1;5;0;0;0;0;1;0;0;0;0;0;0;0;0;0;0;0;1;1;0;0;1;3;2;1;0;0;0;0;0;0;1;1;0;0;0;0;0;0;0;0;0;0;0;0;0;0;0;0;0;0;0;0;;;;;;;;;;;;;;;;;;
22.01.2025;21:19;A 22;1;2;3;0;0;1;0;0;0;0;0;1;10;0;0;1;18;0;0;1;14;1;21;0;0;0;0;1;14;0;0;0;0;2;1;0;0;0;0;0;0;0;0;0;0;1;1;0;0;0;0;0;0;0;0;0;0;0;0;1;1;0;0;0;0;0;0;0;0;0;0;;;;;;;;;;;;;;;;;;
22.01.2025;21:18;A 22;1;0;0;3;14;0;0;2;2;0;0;0;0;1;1;1;32;1;5;0;0;1;37;0;0;0;0;2;46;0;0;1;1;4;4;0;0;0;0;0;0;0;0;0;0;0;0;0;0;1;1;0;0;0;0;0;0;0;0;0;0;0;0;0;0;0;0;0;0;0;0;;;;;;;;;;;;;;;;;;
22.01.2025;21:17;A 22;1;0;0;2;4;1;0;1;0;0;0;1;6;0;0;0;0;0;0;1;10;0;0;0;0;0;0;2;1;0;0;0;0;1;0;0;0;0;0;0;0;0;0;0;0;0;0;0;0;0;0;1;1;0;0;0;0;0;0;0;0;0;0;0;0;0;0;0;0;0;0;;;;;;;;;;;;;;;;;;
22.01.2025;21:16;A 22;1;0;0;3;21;0;0;3;3;0;0;1;17;1;14;0;0;0;0;1;21;0;0;3;4;0;0;0;0;0;0;0;0;0;0;0;0;0;0;0;0;0;0;0;0;0;0;0;0;0;0;0;0;0;0;0;0;0;0;0;0;0;0;1;1;1;1;0;0;0;0;;;;;;;;;;;;;;;;;;
22.01.2025;21:15;A 22;1;0;0;0;0;1;0;0;0;0;0;0;0;2;1;2;33;1;4;0;0;2;31;0;0;0;0;3;3;0;0;0;0;1;0;0;0;0;0;0;0;0;0;0;0;0;0;0;0;0;0;0;0;0;0;0;0;0;0;5;8;1;1;0;0;0;0;0;0;0;0;;;;;;;;;;;;;;;;;;
22.01.2025;21:14;A 22;1;0;0;4;16;0;0;3;3;0;0;0;0;0;0;1;55;0;0;0;0;1;61;0;0;0;0;0;0;0;0;0;0;0;0;0;0;0;0;0;0;0;0;0;0;0;0;0;0;0;0;0;0;0;0;0;0;0;0;0;0;0;0;0;0;0;0;0;0;0;0;;;;;;;;;;;;;;;;;;
22.01.2025;21:13;A 22;1;0;0;8;19;0;0;5;5;0;0;1;4;1;3;2;25;0;0;2;10;3;40;0;0;0;0;3;9;0;0;0;0;2;1;0;0;0;0;0;0;0;0;0;0;1;1;0;0;0;0;0;0;0;0;0;0;0;0;0;0;1;1;0;0;0;0;0;0;0;0;;;;;;;;;;;;;;;;;;
22.01.2025;21:12;A 22;1;2;4;4;8;1;0;4;7;0;0;0;0;0;0;5;58;0;0;0;0;0;69;1;2;1;1;3;27;0;0;1;0;4;6;0;0;0;0;0;0;0;0;0;0;0;0;0;0;0;0;0;0;0;0;0;0;0;0;0;0;0;0;0;0;1;1;0;0;0;0;;;;;;;;;;;;;;;;;;
22.01.2025;21:11;A 22;1;0;0;2;25;0;0;4;5;0;0;1;5;0;0;1;68;0;0;0;5;1;73;1;1;0;0;1;15;0;0;0;0;5;5;0;0;0;0;0;0;0;0;1;1;0;0;0;0;0;0;0;0;0;0;0;0;0;0;0;0;0;0;0;0;0;0;0;0;0;0;;;;;;;;;;;;;;;;;;
22.01.2025;21:10;A 22;1;0;0;0;71;0;0;2;3;0;0;1;18;2;2;3;22;0;0;3;28;0;32;1;2;0;0;0;0;0;0;0;0;0;0;0;0;0;0;0;0;0;0;0;0;0;0;2;3;0;0;0;0;0;0;0;0;0;0;0;0;0;0;0;0;0;0;0;0;0;0;;;;;;;;;;;;;;;;;;
22.01.2025;21:09;A 22;1;0;0;6;13;0;0;6;5;0;0;1;31;0;0;1;57;0;0;1;38;1;66;0;0;0;0;3;21;0;0;0;0;5;4;0;0;0;0;0;0;0;0;1;1;0;0;0;0;1;1;0;0;0;0;1;1;0;0;0;0;0;0;0;0;0;0;0;0;0;0;;;;;;;;;;;;;;;;;;
22.01.2025;21:08;A 22;1;0;0;10;17;1;0;6;5;0;0;0;0;1;1;3;33;0;0;0;0;2;47;0;0;0;0;5;36;0;0;0;0;5;4;0;0;1;0;0;0;0;0;0;0;0;0;0;0;0;0;0;0;0;0;0;0;0;0;0;0;0;0;0;0;0;0;0;0;0;0;;;;;;;;;;;;;;;;;;
22.01.2025;21:07;A 22;1;0;0;3;7;1;0;3;2;0;0;0;0;1;0;2;47;0;0;0;0;0;49;0;0;0;0;1;1;0;0;0;0;1;0;0;0;0;0;0;0;0;0;0;0;0;0;0;0;0;0;0;0;0;0;1;1;0;0;0;0;0;0;0;0;0;0;0;0;0;0;;;;;;;;;;;;;;;;;;
22.01.2025;21:06;A 22;1;0;0;3;41;0;0;3;3;0;0;0;0;0;0;1;36;0;0;0;0;2;45;0;0;0;0;1;7;0;0;0;0;2;1;0;0;0;0;0;0;0;0;0;0;0;0;0;0;0;0;0;0;0;0;0;0;0;0;0;0;0;0;0;0;0;0;0;0;0;0;;;;;;;;;;;;;;;;;;
22.01.2025;21:05;A 22;1;0;0;5;16;0;0;3;3;0;0;0;0;1;1;3;34;0;0;0;0;2;39;0;0;1;2;2;11;0;0;1;0;3;3;0;0;0;0;0;0;0;0;2;3;0;0;0;0;0;0;0;0;0;0;0;0;0;0;0;0;0;0;0;0;0;0;0;0;0;0;;;;;;;;;;;;;;;;;;
22.01.2025;21:04;A 22;1;1;1;3;7;0;0;3;3;0;0;0;0;1;0;1;12;0;0;0;0;2;15;0;0;0;0;3;48;0;0;0;0;3;3;0;0;1;4;0;0;5;10;0;0;0;0;0;0;0;0;0;0;0;0;0;0;0;0;0;0;0;0;0;0;0;0;0;0;0;0;;;;;;;;;;;;;;;;;;
22.01.2025;21:03;A 22;1;0;0;5;7;0;0;2;2;0;0;2;9;1;1;0;0;0;0;1;18;0;0;0;0;0;0;1;5;0;0;0;0;1;1;1;29;1;32;0;0;1;18;0;0;0;0;0;0;1;1;0;0;0;0;0;0;0;0;0;0;0;0;0;0;0;0;0;0;0;0;;;;;;;;;;;;;;;;;;
22.01.2025;21:02;A 22;1;0;0;3;6;0;0;1;0;0;0;3;32;0;0;4;67;0;0;1;42;0;73;0;0;0;0;4;8;0;0;0;0;3;2;0;0;0;0;0;0;1;0;0;0;1;1;0;0;1;1;0;0;0;0;0;0;1;1;0;0;0;0;0;0;0;0;0;0;0;0;;;;;;;;;;;;;;;;;;
22.01.2025;21:01;A 22;1;0;0;8;15;0;0;7;5;0;0;0;0;1;1;1;66;1;4;0;0;2;48;0;0;0;0;0;0;0;0;0;0;0;0;0;0;0;0;0;0;0;0;0;0;1;1;0;0;0;0;0;0;0;0;0;0;0;0;0;0;0;0;0;0;0;0;0;0;0;0;;;;;;;;;;;;;;;;;;
22.01.2025;21:00;A 22;1;0;0;2;3;0;0;1;0;0;0;0;0;0;0;1;0;0;0;0;0;0;0;0;0;0;0;0;0;0;0;0;0;0;0;1;21;1;24;0;0;1;8;0;0;0;0;0;0;0;0;0;0;0;0;0;0;0;0;0;0;0;0;0;0;0;0;0;0;0;0;;;;;;;;;;;;;;;;;;
22.01.2025;20:59;A 22;1;0;0;0;0;0;0;0;0;0;0;1;81;2;0;2;83;1;4;0;82;0;87;0;0;1;3;1;8;0;0;1;0;4;3;0;0;1;81;0;0;1;10;0;0;0;0;0;0;1;1;0;0;0;0;0;0;0;0;0;0;0;0;0;0;0;0;0;0;0;0;;;;;;;;;;;;;;;;;;
22.01.2025;20:58;A 22;1;1;2;3;36;0;0;4;6;0;0;1;65;1;0;1;42;1;3;1;54;1;48;0;0;0;0;3;35;0;0;0;0;2;2;0;0;1;63;0;0;1;9;1;1;0;0;0;0;0;0;0;0;0;0;0;0;0;0;0;0;0;0;0;0;0;0;0;0;0;0;;;;;;;;;;;;;;;;;;
22.01.2025;20:57;A 22;1;0;0;4;9;1;0;3;3;0;0;2;83;0;0;1;0;0;0;1;61;1;2;1;3;1;4;1;3;0;0;1;1;2;1;0;0;0;0;0;0;0;0;0;0;0;0;0;0;0;0;0;0;0;0;0;0;0;0;0;0;0;0;0;0;1;1;0;0;0;0;;;;;;;;;;;;;;;;;;
22.01.2025;20:56;A 22;1;0;0;0;0;0;0;0;0;0;0;2;69;0;0;1;1;0;0;1;72;1;5;0;0;0;0;1;1;0;0;0;0;1;0;0;0;0;0;0;0;0;0;0;0;0;0;1;1;0;0;0;0;0;0;0;0;0;0;1;1;0;0;0;0;0;0;0;0;0;0;;;;;;;;;;;;;;;;;;
22.01.2025;20:55;A 22;1;0;0;2;13;0;0;2;2;0;0;3;75;2;1;3;76;1;3;1;85;1;82;0;0;0;0;1;2;0;0;0;0;2;2;0;0;2;71;0;0;0;74;0;0;0;0;0;0;1;1;1;1;0;0;0;0;0;0;0;0;0;0;0;0;0;0;0;0;0;0;;;;;;;;;;;;;;;;;;
22.01.2025;20:54;A 22;1;1;2;6;11;0;0;3;3;0;0;1;77;0;0;2;6;0;0;1;81;2;16;2;2;0;0;2;15;0;0;0;0;5;4;1;21;1;42;0;0;2;39;0;0;1;1;0;0;0;0;0;0;0;0;0;0;0;0;0;0;0;0;0;0;0;0;0;0;0;0;;;;;;;;;;;;;;;;;;
22.01.2025;20:53;A 22;1;0;0;0;8;1;0;0;0;0;0;2;22;1;0;2;12;0;0;2;28;1;16;0;0;1;6;4;40;0;0;1;1;4;3;0;0;0;0;0;0;0;0;0;0;1;1;0;0;0;0;0;0;0;0;0;0;0;0;0;0;0;0;0;0;0;0;0;0;0;0;;;;;;;;;;;;;;;;;;
22.01.2025;20:52;A 22;1;0;0;3;52;0;0;4;3;0;0;1;15;1;1;2;44;0;0;1;19;3;57;1;5;1;3;4;10;0;0;1;0;5;4;0;0;0;0;0;0;0;0;0;0;0;0;0;0;0;0;0;0;0;0;0;0;0;0;0;0;0;0;0;0;0;0;0;0;0;0;;;;;;;;;;;;;;;;;;
22.01.2025;20:51;A 22;1;0;0;4;13;0;0;2;2;0;0;2;2;2;18;2;21;0;0;2;8;2;29;0;0;0;0;0;40;0;0;0;0;0;0;0;0;0;0;0;0;0;0;0;0;0;0;0;0;0;0;0;0;0;0;0;0;0;0;0;0;0;0;0;0;0;0;0;0;0;0;;;;;;;;;;;;;;;;;;
22.01.2025;20:50;A 22;1;3;13;9;24;2;1;8;7;0;0;1;90;0;0;3;91;0;0;0;93;0;96;0;0;2;4;1;4;0;0;1;0;3;2;0;0;2;3;0;0;1;6;0;0;1;1;0;0;0;0;0;0;0;0;0;0;0;0;0;0;0;0;0;0;0;0;0;0;0;0;;;;;;;;;;;;;;;;;;
22.01.2025;20:49;A 22;1;0;0;6;5;0;0;3;2;0;0;1;73;0;0;3;62;0;0;1;78;1;69;2;10;0;0;3;26;0;0;0;0;3;2;0;0;0;0;0;0;0;0;0;0;1;1;0;0;0;0;0;0;0;0;0;0;0;0;0;0;2;3;1;1;0;0;0;0;0;0;;;;;;;;;;;;;;;;;;
22.01.2025;20:48;A 22;1;0;0;2;38;0;0;1;1;0;0;0;0;2;1;3;5;1;3;0;0;4;17;0;0;0;0;2;76;0;0;0;0;3;4;0;0;1;2;0;0;1;3;1;1;0;0;0;0;1;1;0;0;0;0;0;0;0;0;0;0;0;0;0;0;0;0;0;0;0;0;;;;;;;;;;;;;;;;;;
22.01.2025;20:47;A 22;1;0;0;4;62;0;0;4;24;0;0;2;64;2;60;1;0;0;0;1;68;1;2;0;0;1;6;3;51;0;0;1;1;7;7;0;0;0;0;0;0;1;4;1;1;0;0;0;0;0;0;0;0;0;0;0;0;0;0;0;0;0;0;2;3;0;0;0;0;0;0;;;;;;;;;;;;;;;;;;
22.01.2025;20:46;A 22;1;0;0;1;31;0;0;4;6;0;0;2;3;2;1;2;51;0;0;3;8;2;58;1;11;1;4;2;43;0;0;1;0;6;7;0;0;1;0;0;0;0;0;1;1;1;1;0;0;0;0;0;0;0;0;0;0;2;3;0;0;0;0;0;0;0;0;0;0;0;0;;;;;;;;;;;;;;;;;;
22.01.2025;20:45;A 22;1;0;0;1;47;0;0;3;7;0;0;2;3;2;1;5;8;0;0;0;5;2;16;0;0;0;0;1;52;0;0;0;0;0;0;0;0;0;0;0;0;1;5;0;0;0;0;0;0;0;0;0;0;0;0;0;0;0;0;0;0;1;1;0;0;0;0;0;0;0;0;;;;;;;;;;;;;;;;;;
22.01.2025;20:44;A 22;1;0;0;2;69;1;0;2;2;0;0;2;18;3;2;4;59;1;2;2;25;2;70;2;2;1;4;2;26;0;0;1;0;4;4;0;0;0;0;0;0;0;0;0;0;1;1;0;0;0;0;0;0;0;0;0;0;0;0;0;0;1;1;0;0;0;0;0;0;0;0;;;;;;;;;;;;;;;;;;
22.01.2025;20:43;A 22;1;0;0;2;11;0;0;3;3;0;0;2;43;0;0;3;33;0;0;2;50;1;33;2;5;2;28;5;23;0;0;2;2;4;5;0;0;0;0;0;0;0;0;0;0;1;1;0;0;1;1;0;0;0;0;0;0;0;0;0;0;0;0;0;0;0;0;0;0;0;0;;;;;;;;;;;;;;;;;;
22.01.2025;20:42;A 22;1;0;0;3;60;0;0;4;4;0;0;1;4;0;0;1;42;0;0;0;42;1;49;0;0;0;0;1;1;0;0;0;0;0;0;0;0;0;0;0;0;0;0;0;0;1;1;0;0;0;0;0;0;0;0;0;0;0;0;0;0;0;0;0;0;0;0;0;0;0;0;;;;;;;;;;;;;;;;;;
22.01.2025;20:41;A 22;1;2;5;14;33;0;0;10;9;0;0;113;45;0;0;0;100;0;0;1;42;0;100;0;0;0;0;2;2;0;0;0;0;3;2;0;0;0;0;0;0;0;0;0;0;0;0;0;0;0;0;1;1;0;0;0;0;0;0;0;0;0;0;1;1;0;0;0;0;0;0;;;;;;;;;;;;;;;;;;
22.01.2025;20:40;A 22;1;0;0;1;21;0;0;5;7;0;0;2;20;0;0;1;2;0;0;2;15;1;8;0;0;0;0;1;34;0;0;0;0;4;6;1;3;1;3;1;5;1;4;0;0;0;0;0;0;0;0;0;0;0;0;0;0;0;0;0;0;0;0;0;0;0;0;0;0;0;0;;;;;;;;;;;;;;;;;;
22.01.2025;20:39;A 22;1;0;0;0;0;0;0;0;0;0;0;1;87;0;0;1;1;0;0;1;99;0;0;0;0;0;0;0;0;0;0;0;0;0;0;1;0;0;0;1;3;1;1;0;0;0;0;0;0;0;0;0;0;0;0;0;0;0;0;1;1;1;1;0;0;0;0;0;0;0;0;;;;;;;;;;;;;;;;;;
22.01.2025;20:38;A 22;1;0;0;3;7;2;0;2;1;0;0;1;64;0;0;0;0;0;0;1;69;0;0;0;0;2;2;4;14;0;0;0;0;5;4;0;0;0;0;0;0;0;0;0;0;0;0;0;0;1;1;0;0;0;0;0;0;0;0;0;0;2;3;0;0;0;0;0;0;0;0;;;;;;;;;;;;;;;;;;
22.01.2025;20:37;A 22;1;0;0;3;8;0;0;1;2;0;0;0;0;0;0;1;43;0;0;0;0;1;47;0;0;0;0;1;41;0;0;0;0;3;4;0;0;0;0;0;0;0;0;0;0;0;0;0;0;0;0;0;0;0;0;0;0;0;0;0;0;0;0;0;0;0;0;0;0;0;0;;;;;;;;;;;;;;;;;;
22.01.2025;20:36;A 22;1;0;0;7;25;0;0;4;7;0;0;1;2;0;0;1;10;0;0;1;4;1;14;3;7;0;0;1;9;0;0;0;0;2;2;0;22;0;22;0;0;0;0;0;0;1;1;1;1;0;0;0;0;0;0;0;0;0;0;1;1;0;0;0;0;0;0;0;0;0;0;;;;;;;;;;;;;;;;;;
22.01.2025;20:35;A 22;1;0;0;0;0;1;0;0;0;0;0;0;0;0;0;1;39;0;0;0;0;0;42;0;0;0;0;0;0;0;0;0;0;0;0;1;1;1;3;0;0;1;3;0;0;0;0;0;0;0;0;0;0;0;0;0;0;0;0;0;0;0;0;0;0;0;0;0;0;0;0;;;;;;;;;;;;;;;;;;
22.01.2025;20:34;A 22;1;0;0;4;24;0;0;4;8;0;0;2;1;2;1;2;26;1;3;2;6;2;35;1;2;1;5;3;11;0;0;1;0;4;4;0;0;0;0;0;0;1;3;0;0;0;0;0;0;0;0;1;1;1;1;0;0;0;0;0;0;0;0;1;1;0;0;0;0;0;0;;;;;;;;;;;;;;;;;;
22.01.2025;20:33;A 22;1;0;0;2;3;0;0;1;1;0;0;2;54;1;0;2;2;0;0;0;65;2;7;1;1;0;0;2;16;0;0;0;0;4;4;0;0;0;0;0;0;0;0;0;0;0;0;0;0;1;1;0;0;0;0;1;1;0;0;0;0;0;0;0;0;0;0;0;0;0;0;;;;;;;;;;;;;;;;;;
22.01.2025;20:32;A 22;1;0;0;10;11;0;0;4;3;0;0;1;29;0;0;1;0;0;0;1;35;2;11;0;0;0;0;4;6;0;0;0;0;2;1;0;0;0;0;0;0;2;12;0;0;0;0;0;0;0;0;0;0;0;0;0;0;0;0;0;0;0;0;0;0;0;0;0;0;0;0;;;;;;;;;;;;;;;;;;
22.01.2025;20:31;A 22;1;0;0;4;50;0;0;7;29;0;0;1;3;2;2;1;42;1;2;1;6;1;47;0;0;1;3;2;3;0;0;1;0;3;3;0;0;0;0;0;0;0;0;1;1;0;0;0;0;0;0;0;0;0;0;0;0;0;0;0;0;0;0;0;0;0;0;0;0;0;0;;;;;;;;;;;;;;;;;;
22.01.2025;20:30;A 22;1;0;0;4;6;0;0;2;1;0;0;0;0;0;0;2;1;0;0;0;0;1;2;1;2;0;0;1;12;0;0;0;0;3;2;0;0;0;0;0;0;0;0;1;1;0;0;0;0;0;0;0;0;0;0;0;0;0;0;0;0;1;1;0;0;0;0;0;0;0;0;;;;;;;;;;;;;;;;;;
22.01.2025;20:29;A 22;1;0;0;1;8;0;0;1;1;0;0;0;50;0;0;1;6;0;0;0;50;1;9;2;4;1;1;4;14;0;0;1;1;4;4;0;0;0;0;0;0;0;0;0;0;1;1;0;0;0;0;0;0;0;0;0;0;0;0;0;0;0;0;0;0;0;0;0;0;0;0;;;;;;;;;;;;;;;;;;
22.01.2025;20:28;A 22;1;0;0;2;5;0;0;3;2;0;0;2;54;0;0;5;46;0;0;1;65;2;54;2;4;0;0;1;4;0;0;0;0;1;0;0;0;0;0;0;0;0;0;0;0;0;0;0;0;0;0;0;0;0;0;0;0;0;0;0;0;0;0;0;0;0;0;0;0;0;0;;;;;;;;;;;;;;;;;;
22.01.2025;20:27;A 22;1;0;0;0;0;0;0;0;0;0;0;1;46;0;0;1;26;0;0;1;50;1;33;3;3;0;0;1;4;0;0;0;0;1;0;0;0;0;0;0;0;0;0;0;0;0;0;0;0;1;1;0;0;0;0;0;0;0;0;0;0;0;0;1;1;1;1;0;0;0;0;;;;;;;;;;;;;;;;;;
22.01.2025;20:26;A 22;1;0;0;2;8;0;0;2;2;0;0;1;9;2;1;0;1;2;6;1;15;1;1;0;0;0;0;0;0;0;0;0;0;0;0;0;0;0;0;0;0;0;0;1;1;0;0;0;0;0;0;0;0;0;0;1;1;0;0;0;0;0;0;0;0;0;0;0;0;0;0;;;;;;;;;;;;;;;;;;
22.01.2025;20:25;A 22;1;0;0;8;22;0;0;7;7;0;0;0;0;0;0;2;5;0;0;0;0;2;17;0;0;0;0;1;0;0;0;0;0;1;0;0;0;0;0;0;0;0;0;0;0;0;0;0;0;0;0;0;0;0;0;0;0;0;0;0;0;0;0;0;0;0;0;0;0;0;0;;;;;;;;;;;;;;;;;;
22.01.2025;20:24;A 22;1;0;0;4;5;0;0;2;1;0;0;1;34;0;0;2;3;0;0;1;16;2;19;1;0;0;0;1;2;0;0;0;0;1;0;0;0;0;0;0;0;0;0;0;0;1;1;0;0;0;0;0;0;0;0;0;0;0;0;0;0;0;0;0;0;0;0;0;0;0;0;;;;;;;;;;;;;;;;;;
22.01.2025;20:23;A 22;1;0;0;4;12;1;0;3;3;0;0;4;34;3;2;1;0;0;0;3;45;2;6;1;1;0;0;1;1;0;0;0;0;1;0;1;1;1;0;1;4;1;11;0;0;0;0;0;0;0;0;0;0;0;0;0;0;0;0;0;0;0;0;0;0;0;0;0;0;0;0;;;;;;;;;;;;;;;;;;
22.01.2025;20:22;A 22;1;0;0;1;1;0;0;1;0;0;0;0;0;1;0;4;60;0;0;0;0;0;81;0;0;0;0;3;16;0;0;0;0;5;4;1;1;0;0;1;6;1;8;1;1;0;0;0;0;0;0;0;0;0;0;0;0;0;0;0;0;0;0;0;0;0;0;0;0;0;0;;;;;;;;;;;;;;;;;;
22.01.2025;20:21;A 22;1;2;4;3;29;0;0;6;8;0;0;1;33;0;0;2;19;0;0;1;36;2;34;0;0;2;3;1;0;0;0;1;0;2;1;0;0;1;0;0;0;0;0;0;0;0;0;0;0;0;0;1;1;0;0;0;0;0;0;0;0;0;0;0;0;0;0;0;0;0;0;;;;;;;;;;;;;;;;;;
22.01.2025;20:20;A 22;1;1;1;5;6;1;0;3;2;0;0;6;56;2;2;3;36;0;0;2;74;1;42;0;0;0;0;2;10;0;0;0;0;3;3;0;0;0;0;0;0;0;0;0;0;0;0;0;0;0;0;0;0;0;0;0;0;0;0;0;0;0;0;0;0;0;0;0;0;0;0;;;;;;;;;;;;;;;;;;
22.01.2025;20:19;A 22;1;0;0;4;22;0;0;6;6;0;0;1;40;0;0;1;65;0;0;1;45;1;70;0;0;0;0;4;11;0;0;0;0;4;3;0;0;0;0;0;0;0;8;0;0;0;0;0;0;0;0;1;1;0;0;0;0;0;0;0;0;0;0;1;1;0;0;0;0;0;0;;;;;;;;;;;;;;;;;;
22.01.2025;20:18;A 22;1;0;0;4;6;0;0;2;2;0;0;1;1;1;0;2;9;0;0;1;4;1;15;1;1;0;0;2;3;0;0;0;0;2;1;1;1;0;0;1;7;2;27;2;3;0;0;0;0;0;0;0;0;0;0;0;0;0;0;0;0;0;0;0;0;0;0;0;0;0;0;;;;;;;;;;;;;;;;;;
22.01.2025;20:17;A 22;1;0;0;5;8;0;0;3;3;0;0;0;0;0;0;1;80;0;0;0;0;1;90;1;4;0;0;5;16;0;0;0;0;7;6;0;0;0;0;0;0;0;0;0;0;0;0;0;0;0;0;0;0;0;0;0;0;0;0;0;0;1;1;0;0;0;0;0;0;0;0;;;;;;;;;;;;;;;;;;
22.01.2025;20:16;A 22;1;1;1;9;19;0;0;6;5;0;0;2;12;1;8;1;69;0;0;2;18;1;10;0;0;0;0;2;7;0;0;0;0;3;2;0;0;0;0;0;0;1;16;0;0;0;0;0;0;0;0;0;0;0;0;0;0;0;0;0;0;0;0;0;0;0;0;0;0;0;0;;;;;;;;;;;;;;;;;;
22.01.2025;20:15;A 22;1;0;0;7;17;0;0;5;5;0;0;0;0;1;1;3;43;1;3;1;6;4;44;0;0;0;0;1;14;0;0;0;0;4;4;0;0;0;0;0;0;0;0;1;1;0;0;0;0;0;0;0;0;0;0;1;1;0;0;0;0;0;0;0;0;0;0;0;0;0;0;;;;;;;;;;;;;;;;;;
22.01.2025;20:14;A 22;1;0;0;5;10;0;0;4;3;0;0;1;37;0;0;3;33;0;0;1;37;1;39;0;0;0;0;2;9;0;0;0;0;3;2;0;0;1;1;0;0;2;13;0;0;0;0;1;1;0;0;0;0;0;0;0;0;0;0;1;1;0;0;0;0;0;0;0;0;0;0;;;;;;;;;;;;;;;;;;
22.01.2025;20:13;A 22;1;1;0;9;16;1;0;6;4;0;0;2;22;0;0;2;3;0;0;2;28;2;12;0;0;0;0;1;4;0;0;0;0;0;0;0;0;1;0;0;0;0;0;0;0;0;0;0;0;0;0;0;0;0;0;1;1;0;0;0;0;0;0;0;0;0;0;0;0;0;0;;;;;;;;;;;;;;;;;;
22.01.2025;20:12;A 22;1;1;1;10;23;0;0;6;6;0;0;1;3;1;2;0;0;0;0;1;2;2;9;0;0;0;0;0;0;0;0;0;0;0;0;0;0;0;0;0;0;0;0;0;0;1;1;0;0;0;0;0;0;0;0;0;0;0;0;0;0;0;0;0;0;0;0;0;0;0;0;;;;;;;;;;;;;;;;;;
22.01.2025;20:11;A 22;1;0;0;7;13;0;0;4;3;0;0;2;81;2;1;4;88;1;4;1;88;0;100;1;7;0;0;1;6;0;0;0;0;1;1;0;0;0;0;0;0;0;0;0;0;1;1;0;0;0;0;0;0;0;0;0;0;0;0;0;0;0;0;0;0;0;0;0;0;0;0;;;;;;;;;;;;;;;;;;
22.01.2025;20:10;A 22;1;0;0;5;17;0;0;4;4;0;0;1;21;2;4;4;90;2;12;1;29;0;100;0;0;0;0;1;2;0;0;0;0;1;0;0;0;0;0;0;0;0;0;0;0;0;0;0;0;0;0;0;0;0;0;0;0;0;0;0;0;0;0;0;0;0;0;0;0;0;0;;;;;;;;;;;;;;;;;;
22.01.2025;20:09;A 22;1;1;6;4;5;1;0;3;3;0;0;0;58;1;1;4;4;1;6;0;0;3;16;1;3;0;0;4;18;0;0;3;9;6;4;0;0;1;0;0;0;0;0;0;0;1;1;0;0;1;1;0;0;0;0;0;0;0;0;0;0;0;0;0;0;0;0;0;0;0;0;;;;;;;;;;;;;;;;;;
22.01.2025;20:08;A 22;1;0;0;1;4;0;0;1;1;0;0;2;53;3;1;2;54;1;3;1;5;0;59;0;0;0;0;2;5;0;0;0;0;2;1;0;0;0;0;0;0;0;0;0;0;1;1;0;0;0;0;0;0;0;0;0;0;0;0;0;0;0;0;0;0;0;0;0;0;0;0;;;;;;;;;;;;;;;;;;
22.01.2025;20:07;A 22;1;0;0;0;0;0;0;0;0;0;0;1;37;0;0;4;76;0;0;2;39;1;87;1;5;0;0;1;11;0;0;0;0;2;2;0;0;0;0;0;0;0;0;0;0;0;0;0;0;0;0;0;0;0;0;0;0;0;0;0;0;0;0;0;0;0;0;0;0;0;0;;;;;;;;;;;;;;;;;;
22.01.2025;20:06;A 22;1;0;0;2;8;0;0;3;3;0;0;2;22;1;0;6;59;0;0;2;24;1;74;0;0;1;2;2;1;0;0;1;0;3;1;0;0;0;0;0;0;0;0;0;0;0;0;1;1;0;0;0;0;0;0;0;0;0;0;1;1;0;0;0;0;0;0;0;0;0;0;;;;;;;;;;;;;;;;;;
22.01.2025;20:05;A 22;1;3;3;4;6;1;0;2;1;0;0;3;66;2;1;1;64;1;3;0;88;2;71;0;0;0;0;2;4;0;0;0;0;2;1;0;0;0;0;1;2;0;0;0;0;0;0;0;0;0;0;0;0;0;0;1;1;0;0;0;0;0;0;0;0;0;0;0;0;0;0;;;;;;;;;;;;;;;;;;
22.01.2025;20:04;A 22;1;0;0;4;42;0;0;4;5;0;0;3;81;3;3;0;0;2;5;0;100;1;7;0;0;1;4;0;1;0;0;1;0;1;0;2;2;1;0;2;8;3;23;0;0;0;0;0;0;0;0;0;0;0;0;0;0;0;0;0;0;0;0;0;0;0;0;0;0;0;0;;;;;;;;;;;;;;;;;;
22.01.2025;20:03;A 22;1;0;0;5;19;0;0;4;4;0;0;2;34;2;2;5;79;1;2;1;84;0;93;0;0;0;0;3;6;0;0;0;0;2;2;0;0;0;75;0;0;0;0;0;0;1;1;0;0;0;0;1;1;0;0;0;0;0;0;0;0;0;0;0;0;0;0;0;0;0;0;;;;;;;;;;;;;;;;;;
22.01.2025;20:02;A 22;1;0;0;0;78;0;0;6;15;0;0;1;0;1;0;3;2;0;0;2;15;5;20;1;5;1;5;1;54;0;0;0;0;5;14;1;0;3;58;1;4;2;31;0;0;0;0;0;0;0;0;1;1;0;0;0;0;0;0;0;0;1;1;0;0;0;0;0;0;0;0;;;;;;;;;;;;;;;;;;
22.01.2025;20:01;A 22;1;0;0;7;36;0;0;7;8;0;0;1;4;3;5;1;8;2;5;0;6;1;10;0;0;1;3;0;0;0;0;1;1;1;0;0;0;0;3;0;0;1;0;0;0;1;1;0;0;0;0;1;1;0;0;0;0;0;0;1;1;0;0;0;0;0;0;0;0;0;0;;;;;;;;;;;;;;;;;;
22.01.2025;20:00;A 22;1;0;0;4;18;1;0;3;2;0;0;1;69;1;1;1;8;1;4;1;72;1;14;0;0;0;0;7;14;0;0;0;0;3;3;0;0;1;79;0;0;1;7;1;1;0;0;0;0;0;0;0;0;0;0;0;0;0;0;0;0;0;0;0;0;0;0;0;0;0;0;;;;;;;;;;;;;;;;;;
22.01.2025;19:59;A 22;1;0;0;6;23;1;0;5;6;0;0;1;67;0;0;2;28;0;0;0;69;4;33;0;0;1;6;8;30;0;0;0;0;9;9;0;0;1;21;0;0;1;6;0;0;0;0;0;0;0;0;0;0;0;0;1;1;1;1;0;0;0;0;0;0;0;0;0;0;0;0;;;;;;;;;;;;;;;;;;
22.01.2025;19:58;A 22;1;0;0;2;10;0;0;2;2;0;0;3;75;1;1;1;12;0;0;1;80;0;15;0;0;0;0;1;4;0;0;1;1;2;2;0;0;1;0;0;0;0;0;0;0;1;1;0;0;1;1;0;0;0;0;0;0;0;0;0;0;0;0;0;0;0;0;0;0;0;0;;;;;;;;;;;;;;;;;;
22.01.2025;19:57;A 22;1;0;0;4;22;0;0;4;3;0;0;1;49;1;0;1;36;1;5;1;54;1;42;0;0;0;0;2;11;0;0;0;0;4;3;0;0;0;0;0;0;0;0;0;0;0;0;0;0;0;0;0;0;0;0;1;1;0;0;0;0;0;0;0;0;0;0;0;0;0;0;;;;;;;;;;;;;;;;;;
22.01.2025;19:56;A 22;1;2;3;9;23;2;1;5;5;0;0;1;66;1;1;2;56;0;0;0;69;1;67;0;0;1;0;5;6;0;0;1;0;3;2;0;0;0;0;0;0;0;0;0;0;0;0;1;1;0;0;1;1;0;0;1;1;0;0;1;1;0;0;0;0;0;0;0;0;0;0;;;;;;;;;;;;;;;;;;
22.01.2025;19:55;A 22;1;0;0;7;12;0;0;4;3;0;0;7;33;0;0;0;3;0;0;1;55;0;2;0;1;0;0;2;5;0;0;0;0;1;0;0;0;0;0;0;0;0;0;0;0;0;0;0;0;0;0;0;0;0;0;0;0;0;0;0;0;0;0;0;0;0;0;0;0;0;0;;;;;;;;;;;;;;;;;;
22.01.2025;19:54;A 22;1;3;6;7;22;1;0;7;7;0;0;1;91;0;0;1;95;0;0;1;96;0;100;2;1;0;0;4;15;0;0;0;0;6;5;2;2;0;0;2;12;2;13;0;0;0;0;0;0;0;0;0;0;0;0;0;0;0;0;0;0;0;0;0;0;0;0;0;0;0;0;;;;;;;;;;;;;;;;;;
22.01.2025;19:53;A 22;1;0;0;4;11;0;0;3;3;0;0;3;57;2;2;2;58;1;6;1;62;1;67;0;0;0;0;2;18;0;0;0;0;5;4;0;0;0;55;0;0;0;0;0;0;1;1;0;0;1;1;0;0;0;0;0;0;0;0;0;0;0;0;0;0;0;0;0;0;0;0;;;;;;;;;;;;;;;;;;
22.01.2025;19:52;A 22;1;1;8;3;6;1;0;2;1;0;0;0;0;0;0;3;91;0;0;1;3;1;74;0;0;0;0;0;0;0;0;0;0;0;0;0;0;1;1;0;0;1;12;0;0;0;0;0;0;0;0;0;0;0;0;0;0;0;0;0;0;0;0;0;0;0;0;0;0;0;0;;;;;;;;;;;;;;;;;;
22.01.2025;19:51;A 22;1;0;0;10;27;0;0;8;8;0;0;0;93;0;0;1;95;0;0;0;93;0;100;0;0;2;2;1;3;0;0;1;0;2;1;0;0;2;37;0;0;1;9;0;0;0;0;0;0;0;0;0;0;0;0;0;0;0;0;0;0;0;0;0;0;0;0;0;0;0;0;;;;;;;;;;;;;;;;;;
22.01.2025;19:50;A 22;1;3;6;7;10;2;2;4;3;0;0;3;10;2;2;3;93;0;0;1;56;0;100;0;4;0;0;0;0;0;0;0;0;0;0;0;0;0;0;0;0;0;0;0;0;0;0;0;0;0;0;0;0;0;0;0;0;0;0;0;0;0;0;0;0;0;0;0;0;0;0;;;;;;;;;;;;;;;;;;
22.01.2025;19:49;A 22;1;0;1;0;36;0;0;0;0;0;0;0;0;1;1;2;86;0;0;0;0;1;89;1;1;1;29;2;39;0;0;0;0;3;2;0;0;0;0;0;0;0;0;0;0;0;0;0;0;0;0;0;0;0;0;0;0;0;0;0;0;0;0;0;0;0;0;0;0;0;0;;;;;;;;;;;;;;;;;;
22.01.2025;19:48;A 22;1;2;9;2;36;2;1;5;9;0;0;3;20;1;0;4;79;0;0;2;33;1;89;2;5;1;33;2;47;0;0;3;2;5;5;0;0;1;26;0;0;1;14;0;0;1;1;0;0;0;0;0;0;0;0;0;0;0;0;0;0;1;1;0;0;0;0;0;0;0;0;;;;;;;;;;;;;;;;;;
22.01.2025;19:47;A 22;1;0;0;4;10;0;0;3;3;0;0;2;59;0;0;2;69;0;0;0;64;2;73;0;0;0;0;4;6;0;0;0;0;2;1;0;0;0;0;0;0;0;0;0;0;0;0;0;0;0;0;0;0;1;1;0;0;0;0;0;0;0;0;0;0;0;0;0;0;0;0;;;;;;;;;;;;;;;;;;
22.01.2025;19:46;A 22;1;0;0;4;10;1;0;3;3;0;0;1;62;0;0;1;12;0;0;2;45;1;11;0;0;0;0;5;7;0;0;0;0;5;3;1;0;1;1;0;0;1;7;1;1;0;0;0;0;0;0;1;1;0;0;0;0;0;0;0;0;0;0;0;0;0;0;0;0;0;0;;;;;;;;;;;;;;;;;;
22.01.2025;19:45;A 22;1;0;0;6;15;1;0;4;4;0;0;1;31;0;0;1;9;0;0;1;37;1;8;0;0;0;0;4;11;0;0;0;0;5;4;0;0;0;0;0;0;0;0;0;0;0;0;0;0;1;1;0;0;0;0;1;1;0;0;0;0;0;0;0;0;0;0;0;0;0;0;;;;;;;;;;;;;;;;;;
22.01.2025;19:44;A 22;1;2;4;6;15;2;0;6;4;0;0;2;82;3;3;3;75;0;0;0;87;2;87;0;0;1;4;3;16;0;0;1;0;6;6;2;2;2;74;1;6;3;45;0;0;1;1;0;0;0;0;0;0;0;0;0;0;0;0;0;0;0;0;0;0;0;0;0;0;0;0;;;;;;;;;;;;;;;;;;
22.01.2025;19:43;A 22;1;0;0;4;11;0;0;4;3;0;0;4;58;0;0;0;35;0;0;1;69;1;35;0;0;0;0;0;0;0;0;0;0;0;0;2;2;3;48;0;0;1;46;0;0;0;0;0;0;0;0;0;0;0;0;0;0;0;0;0;0;0;0;0;0;0;0;0;0;0;0;;;;;;;;;;;;;;;;;;
22.01.2025;19:42;A 22;1;0;0;6;13;0;0;5;4;0;0;0;100;0;0;0;100;0;0;0;100;0;100;2;3;0;0;2;11;0;0;0;0;4;3;0;0;0;100;0;0;0;100;0;0;0;0;0;0;1;1;0;0;0;0;0;0;0;0;0;0;0;0;0;0;0;0;0;0;0;0;;;;;;;;;;;;;;;;;;
22.01.2025;19:41;A 22;1;0;0;3;59;2;1;5;8;0;0;2;23;1;0;2;22;0;0;2;39;3;39;0;0;1;43;2;8;0;0;1;0;3;3;0;0;1;50;0;0;3;24;1;1;0;0;0;0;0;0;0;0;0;0;0;0;0;0;1;1;0;0;0;0;0;0;0;0;0;0;;;;;;;;;;;;;;;;;;
22.01.2025;19:40;A 22;1;0;0;3;5;0;0;3;2;0;0;2;22;1;0;1;21;0;0;2;27;1;26;0;0;0;0;0;0;0;0;0;0;0;0;0;0;1;42;0;0;1;10;0;0;0;0;0;0;0;0;0;0;0;0;0;0;0;0;1;1;0;0;0;0;0;0;0;0;0;0;;;;;;;;;;;;;;;;;;
22.01.2025;19:39;A 22;1;0;0;8;33;0;0;5;5;0;0;1;89;0;0;1;89;0;0;1;95;1;93;0;0;0;0;1;9;0;0;0;0;3;2;0;0;0;0;0;0;0;0;0;0;4;6;0;0;0;0;1;1;0;0;0;0;0;0;0;0;0;0;0;0;1;1;0;0;0;0;;;;;;;;;;;;;;;;;;
22.01.2025;19:38;A 22;1;1;1;11;35;0;0;6;9;0;0;2;46;2;0;1;64;1;2;2;52;1;21;0;0;1;1;4;8;0;0;1;0;3;3;0;0;0;0;0;0;0;0;0;0;0;0;0;0;0;0;0;0;0;0;1;1;0;0;0;0;1;1;0;0;0;0;0;0;0;0;;;;;;;;;;;;;;;;;;
22.01.2025;19:37;A 22;1;0;0;12;25;0;0;8;8;0;0;3;36;0;0;1;11;0;0;1;23;1;9;0;0;0;0;0;0;0;0;0;0;1;0;0;0;0;3;0;0;0;0;0;0;0;0;0;0;0;0;0;0;0;0;0;0;0;0;0;0;0;0;0;0;0;0;0;0;0;0;;;;;;;;;;;;;;;;;;
22.01.2025;19:36;A 22;1;0;0;3;6;0;0;2;1;0;0;1;54;0;0;1;80;0;0;2;8;1;86;0;0;0;0;4;8;0;0;0;0;4;3;0;0;1;8;0;0;2;6;0;0;0;0;0;0;1;1;0;0;0;0;0;0;0;0;0;0;0;0;0;0;0;0;0;0;0;0;;;;;;;;;;;;;;;;;;
22.01.2025;19:35;A 22;1;0;0;0;0;0;0;0;0;0;0;0;0;3;3;3;41;2;11;1;1;2;52;0;0;0;0;1;6;0;0;0;0;2;1;0;0;0;0;0;0;0;0;0;0;0;0;0;0;1;1;0;0;0;0;0;0;0;0;0;0;0;0;0;0;0;0;0;0;0;0;;;;;;;;;;;;;;;;;;
22.01.2025;19:34;A 22;1;1;4;3;4;1;0;2;2;0;0;3;27;1;0;2;23;1;2;1;35;2;35;0;0;0;0;1;1;0;0;0;0;1;0;0;0;0;0;0;0;0;0;1;1;0;0;0;0;1;1;0;0;0;0;0;0;0;0;0;0;1;1;0;0;0;0;0;0;0;0;;;;;;;;;;;;;;;;;;
22.01.2025;19:33;A 22;1;2;1;7;81;1;1;11;20;0;0;3;15;0;0;5;23;0;0;1;21;2;40;1;6;0;0;3;7;0;0;0;0;3;2;0;0;0;0;0;0;0;0;0;0;0;0;0;0;0;0;1;1;1;3;0;0;0;0;0;0;0;0;2;3;0;0;0;0;0;0;;;;;;;;;;;;;;;;;;
22.01.2025;19:32;A 22;1;1;2;9;29;1;0;9;9;0;0;2;95;0;0;3;92;0;0;0;100;0;100;0;0;0;0;2;14;0;0;0;0;5;4;2;8;1;12;1;7;1;18;0;0;0;0;0;0;0;0;0;0;0;0;0;0;0;0;0;0;1;1;0;0;0;0;0;0;0;0;;;;;;;;;;;;;;;;;;
22.01.2025;19:31;A 22;1;0;0;0;33;1;0;1;9;0;0;1;13;0;0;1;52;0;0;1;18;1;57;0;0;0;0;0;0;0;0;0;0;0;0;0;0;2;1;0;0;1;6;0;0;0;0;0;0;0;0;0;0;0;0;0;0;0;0;0;0;0;0;0;0;0;0;0;0;0;0;;;;;;;;;;;;;;;;;;
22.01.2025;19:30;A 22;1;0;0;2;19;0;0;4;8;0;0;2;94;2;1;2;93;2;9;0;99;0;95;0;0;1;4;5;12;0;0;1;0;6;5;0;0;0;0;1;5;0;0;0;0;0;0;0;0;0;0;0;0;0;0;0;0;0;0;0;0;0;0;0;0;0;0;0;0;0;0;;;;;;;;;;;;;;;;;;
22.01.2025;19:29;A 22;1;2;13;2;2;1;0;0;0;0;0;4;33;2;1;2;57;0;0;1;45;1;65;0;0;0;0;1;4;0;0;1;3;0;0;0;0;0;0;0;0;0;0;0;0;0;0;0;0;1;1;0;0;1;1;0;0;0;0;0;0;0;0;0;0;1;2;0;0;0;0;;;;;;;;;;;;;;;;;;
22.01.2025;19:28;A 22;1;0;0;5;12;0;0;6;4;0;0;6;47;2;1;3;42;0;0;5;65;1;52;0;0;0;0;2;11;0;0;0;0;3;3;1;0;2;16;0;0;1;21;0;0;0;0;0;0;0;0;0;0;0;0;0;0;0;0;0;0;0;0;0;0;0;0;0;0;0;0;;;;;;;;;;;;;;;;;;
22.01.2025;19:27;A 22;1;0;0;6;24;0;0;7;6;0;0;1;1;0;0;1;89;0;0;0;3;2;92;1;1;1;1;1;8;0;0;1;0;4;3;0;0;1;95;0;0;1;82;1;1;0;0;0;0;0;0;0;0;1;1;0;0;0;0;0;0;1;1;0;0;1;1;0;0;0;0;;;;;;;;;;;;;;;;;;
22.01.2025;19:26;A 22;1;0;0;7;34;1;0;8;10;0;0;3;73;2;1;4;77;1;5;1;84;0;84;2;19;0;0;0;0;0;0;0;0;0;0;0;0;0;0;0;0;1;2;0;0;1;1;0;0;1;1;0;0;0;0;0;0;0;0;0;0;2;3;0;0;0;0;0;0;0;0;;;;;;;;;;;;;;;;;;
22.01.2025;19:25;A 22;1;1;7;0;0;1;0;0;0;0;0;3;59;1;21;8;79;1;3;1;67;2;91;1;1;3;9;0;0;0;0;2;3;1;1;1;1;0;23;1;4;3;8;0;0;0;0;0;0;0;0;0;0;0;0;0;0;0;0;2;3;0;0;0;0;0;0;0;0;0;0;;;;;;;;;;;;;;;;;;
22.01.2025;19:24;A 22;1;1;4;14;20;1;0;9;8;0;0;1;90;1;88;1;86;1;7;1;94;1;73;2;5;0;0;1;2;0;0;0;0;1;1;0;0;1;74;0;0;1;12;0;0;0;0;0;0;0;0;0;0;0;0;0;0;0;0;0;0;1;1;0;0;0;0;0;0;0;0;;;;;;;;;;;;;;;;;;
22.01.2025;19:23;A 22;1;0;0;7;33;1;0;10;11;0;0;1;43;1;1;1;63;1;5;1;46;0;0;1;1;0;0;4;18;0;0;0;0;7;6;0;0;0;0;0;0;0;0;0;0;1;1;0;0;0;0;0;0;0;0;0;0;0;0;0;0;0;0;0;0;0;0;0;0;0;0;;;;;;;;;;;;;;;;;;
22.01.2025;19:22;A 22;1;0;0;2;1;0;0;1;0;0;0;2;43;1;0;4;43;0;0;0;47;0;53;0;0;2;3;1;1;0;0;0;0;1;1;0;0;0;37;0;0;0;0;0;0;0;0;0;0;0;0;0;0;0;0;0;0;0;0;0;0;0;0;0;0;0;0;0;0;0;0;;;;;;;;;;;;;;;;;;
22.01.2025;19:21;A 22;1;0;0;5;12;0;0;4;3;0;0;3;28;3;2;1;55;0;0;3;34;2;63;3;4;0;0;3;12;0;0;0;0;4;3;0;0;1;26;0;0;1;10;0;0;1;1;1;1;0;0;2;3;2;3;0;0;0;0;0;0;1;1;1;3;1;1;0;0;0;0;;;;;;;;;;;;;;;;;;
22.01.2025;19:20;A 22;1;0;0;10;17;0;0;9;6;0;0;2;87;0;0;1;0;0;0;1;91;1;2;1;1;0;0;4;12;0;0;0;0;3;3;0;0;1;47;0;0;1;5;0;0;0;0;0;0;0;0;0;0;0;0;1;1;0;0;0;0;0;0;0;0;0;0;0;0;0;0;;;;;;;;;;;;;;;;;;
22.01.2025;19:19;A 22;1;0;0;0;0;0;0;0;0;0;0;2;41;2;3;4;31;0;13;1;25;1;37;0;0;0;0;3;9;0;0;0;0;5;4;0;0;1;0;1;3;1;9;2;3;0;0;0;0;0;0;1;1;0;0;3;5;0;0;0;0;0;0;1;1;0;0;0;0;0;0;;;;;;;;;;;;;;;;;;
22.01.2025;19:18;A 22;1;0;0;7;19;1;0;6;6;0;0;1;67;2;3;1;91;2;11;1;72;2;56;0;0;0;0;2;5;0;0;0;0;2;2;0;0;0;0;0;0;0;0;0;0;0;0;0;0;0;0;0;0;0;0;0;0;0;0;0;0;0;0;0;0;0;0;0;0;0;0;;;;;;;;;;;;;;;;;;
22.01.2025;19:17;A 22;1;0;0;1;3;0;0;1;1;0;0;3;12;2;1;4;59;1;3;3;25;2;71;0;0;0;0;2;11;0;0;0;0;4;3;0;0;4;3;0;0;0;0;0;0;1;1;0;0;0;0;0;0;0;0;0;0;0;0;0;0;0;0;0;0;0;0;0;0;0;0;;;;;;;;;;;;;;;;;;
22.01.2025;19:16;A 22;1;0;0;3;8;0;0;2;1;0;0;3;13;2;4;4;55;0;0;1;17;2;63;0;0;0;0;0;0;0;0;0;0;0;0;0;0;0;5;0;0;0;0;0;0;0;0;0;0;0;0;0;0;1;1;0;0;0;0;0;0;1;1;0;0;0;0;0;0;0;0;;;;;;;;;;;;;;;;;;
22.01.2025;19:15;A 22;1;0;0;9;30;0;0;8;7;0;0;1;70;0;0;1;75;0;0;2;59;2;62;0;0;1;1;4;10;0;0;1;0;5;4;0;0;1;20;0;0;1;8;1;1;0;0;0;0;1;1;1;1;0;0;0;0;0;0;0;0;0;0;1;1;0;0;0;0;0;0;;;;;;;;;;;;;;;;;;
22.01.2025;19:14;A 22;1;1;6;3;20;2;1;6;6;0;0;5;63;1;0;2;61;0;0;0;78;0;67;1;1;0;0;2;11;0;0;0;0;3;2;0;0;3;2;0;0;3;22;0;0;1;1;0;0;0;0;0;0;0;0;0;0;0;0;0;0;0;0;0;0;0;0;0;0;0;0;;;;;;;;;;;;;;;;;;
22.01.2025;19:13;A 22;1;3;7;3;16;1;0;4;3;0;0;2;55;0;0;5;85;0;0;1;76;0;100;0;0;0;0;3;4;0;0;0;0;0;0;1;1;2;26;0;0;0;26;0;0;1;1;0;0;0;0;0;0;0;0;0;0;0;0;0;0;0;0;1;1;1;1;0;0;0;0;;;;;;;;;;;;;;;;;;
22.01.2025;19:12;A 22;1;0;0;9;29;0;0;9;9;0;0;1;4;2;3;0;100;2;15;1;99;0;100;0;0;0;0;5;18;0;0;0;0;5;6;0;0;2;58;0;0;2;66;0;0;2;3;0;0;0;0;0;0;0;0;1;1;0;0;0;0;0;0;0;0;0;0;0;0;0;0;;;;;;;;;;;;;;;;;;
22.01.2025;19:11;A 22;1;0;0;10;31;0;0;6;6;0;0;3;41;3;3;3;47;2;8;1;50;2;26;1;71;0;12;1;79;0;0;2;10;6;63;2;0;1;41;1;3;3;8;0;0;0;0;0;0;0;0;0;0;0;0;0;0;0;0;0;0;0;0;0;0;0;0;0;0;0;0;;;;;;;;;;;;;;;;;;
22.01.2025;19:10;A 22;1;0;0;3;29;0;0;4;6;0;0;2;25;1;1;5;41;0;0;1;34;3;61;0;0;1;5;0;0;0;0;1;2;0;0;2;2;3;32;1;3;1;39;0;0;1;1;0;0;0;0;1;1;0;0;0;0;0;0;1;1;0;0;0;0;0;0;0;0;0;0;;;;;;;;;;;;;;;;;;
22.01.2025;19:09;A 22;1;0;0;5;10;0;0;4;2;0;0;0;100;1;2;2;63;2;9;0;100;2;75;3;7;1;2;5;17;0;0;1;0;8;6;0;0;1;94;0;0;3;44;0;0;0;0;0;0;0;0;0;0;0;0;0;0;0;0;0;0;0;0;0;0;0;0;0;0;0;0;;;;;;;;;;;;;;;;;;
22.01.2025;19:08;A 22;1;2;8;0;0;2;0;0;0;0;0;2;93;0;0;2;63;0;0;0;100;0;68;1;1;4;13;4;30;0;0;3;2;11;11;0;0;0;0;0;0;1;3;0;0;1;1;0;0;0;0;0;0;0;0;0;0;0;0;0;0;0;0;1;1;0;0;0;0;0;0;;;;;;;;;;;;;;;;;;
22.01.2025;19:07;A 22;1;0;0;7;22;0;0;5;5;0;0;2;30;4;3;2;21;2;7;2;25;3;8;3;3;0;0;3;11;0;0;0;0;2;2;0;0;1;18;0;0;0;0;1;1;0;0;1;1;0;0;0;0;0;0;0;0;0;0;1;1;0;0;0;0;0;0;0;0;0;0;;;;;;;;;;;;;;;;;;
22.01.2025;19:06;A 22;1;3;6;14;33;1;0;10;12;0;0;1;37;2;2;1;61;2;9;2;48;1;19;0;0;0;0;3;7;0;0;0;0;3;3;0;0;1;42;0;0;1;24;1;1;0;0;0;0;0;0;0;0;0;0;1;1;0;0;0;0;1;1;0;0;0;0;0;0;0;0;;;;;;;;;;;;;;;;;;
22.01.2025;19:05;A 22;1;1;1;2;26;2;0;5;6;0;0;2;67;3;1;4;67;1;2;1;78;1;72;1;1;0;0;0;8;0;0;0;0;1;0;0;0;1;1;0;0;1;4;0;0;0;0;0;0;0;0;1;1;0;0;0;0;0;0;0;0;0;0;0;0;0;0;0;0;0;0;;;;;;;;;;;;;;;;;;
22.01.2025;19:04;A 22;1;0;0;3;56;1;0;8;26;0;0;2;24;1;0;5;49;1;2;2;33;2;69;0;0;1;4;2;4;0;0;1;1;4;3;0;0;0;21;0;0;0;0;1;1;0;0;1;1;0;0;0;0;1;1;0;0;0;0;1;1;1;1;0;0;0;0;0;0;0;0;;;;;;;;;;;;;;;;;;
22.01.2025;19:03;A 22;1;2;7;4;16;1;0;6;5;0;0;1;70;1;51;0;100;0;0;1;66;0;100;1;4;1;1;2;11;0;0;1;0;6;5;0;0;0;100;0;0;0;0;1;1;0;0;0;0;0;0;0;0;0;0;0;0;0;0;0;0;0;0;0;0;0;0;0;0;0;0;;;;;;;;;;;;;;;;;;
22.01.2025;19:02;A 22;1;3;3;6;59;2;0;12;8;0;0;1;5;0;1;4;94;0;0;0;0;0;100;2;2;1;2;2;2;0;0;2;2;3;2;0;0;2;68;0;0;1;67;1;1;0;0;0;0;1;1;0;0;0;0;0;0;0;0;0;0;1;1;0;0;1;1;0;0;0;0;;;;;;;;;;;;;;;;;;
22.01.2025;19:01;A 22;1;0;0;7;10;1;0;5;3;0;0;1;31;2;3;3;74;0;0;0;27;1;85;3;4;0;0;0;0;0;0;0;0;0;0;0;0;1;40;0;0;1;46;0;0;0;0;1;1;0;0;0;0;0;0;0;0;0;0;0;0;0;0;0;0;0;0;0;0;0;0;;;;;;;;;;;;;;;;;;
22.01.2025;19:00;A 22;1;0;0;7;13;0;0;5;4;0;0;1;52;0;0;1;13;0;0;1;71;1;19;2;6;2;5;3;18;0;0;2;1;6;7;0;0;0;0;0;0;0;2;0;0;0;0;0;0;2;3;0;0;0;0;0;0;0;0;0;0;0;0;0;0;0;0;0;0;0;0;;;;;;;;;;;;;;;;;;
22.01.2025;18:59;A 22;1;0;0;5;7;0;0;2;2;0;0;0;62;1;1;0;61;0;0;0;62;0;60;1;6;0;0;1;9;0;0;0;0;3;3;1;0;1;1;0;0;2;7;1;1;0;0;1;1;0;0;0;0;0;0;0;0;0;0;1;1;0;1;0;0;0;0;0;0;0;0;;;;;;;;;;;;;;;;;;
22.01.2025;18:58;A 22;1;3;6;5;9;0;0;3;2;0;0;3;8;3;3;4;37;2;8;3;18;4;51;0;0;0;0;2;9;0;0;0;0;2;1;1;0;1;1;1;4;1;13;0;0;0;0;0;0;0;0;0;0;0;0;0;0;0;0;0;0;1;0;0;0;0;0;0;0;0;0;;;;;;;;;;;;;;;;;;
22.01.2025;18:57;A 22;1;0;0;13;31;1;0;10;9;0;0;0;0;0;0;2;3;0;0;0;0;1;5;1;4;2;4;5;9;0;0;1;1;5;5;0;0;0;0;0;0;0;0;0;0;0;0;0;0;1;1;0;0;0;0;0;0;0;0;0;0;1;1;2;3;0;0;0;0;0;0;;;;;;;;;;;;;;;;;;
22.01.2025;18:56;A 22;1;0;0;2;37;0;0;5;8;0;0;2;69;3;2;4;47;1;6;1;75;3;58;1;35;2;6;3;13;0;0;2;1;6;5;1;1;1;59;1;6;1;7;1;1;0;0;1;1;0;0;0;0;0;0;0;0;0;0;0;0;0;0;0;0;0;0;0;0;0;0;;;;;;;;;;;;;;;;;;
22.01.2025;18:55;A 22;1;0;0;2;35;0;0;6;7;0;0;3;54;2;3;3;25;2;6;3;57;0;35;0;100;1;3;2;9;0;0;1;0;4;4;1;2;0;0;1;7;2;16;0;0;1;1;0;0;1;1;0;0;0;0;0;0;0;0;0;0;0;0;0;0;0;0;0;0;0;0;;;;;;;;;;;;;;;;;;
22.01.2025;18:54;A 22;1;2;16;7;47;1;0;8;10;0;0;3;76;1;1;2;83;0;0;2;16;2;53;0;100;2;3;4;16;0;0;1;0;7;6;0;0;0;0;0;0;1;3;0;0;1;1;0;0;0;0;0;0;0;0;1;1;0;0;0;0;0;0;0;0;1;1;0;0;0;0;;;;;;;;;;;;;;;;;;
22.01.2025;18:53;A 22;1;1;7;5;16;0;0;4;4;0;0;3;62;1;1;3;93;0;0;1;74;0;100;2;22;0;0;1;9;0;0;0;0;3;3;1;1;1;2;0;0;1;10;0;0;0;0;0;0;1;1;0;0;0;0;0;0;0;0;0;0;1;1;0;0;0;0;0;0;0;0;;;;;;;;;;;;;;;;;;
22.01.2025;18:52;A 22;1;2;4;10;49;1;0;9;8;0;0;0;0;0;0;1;43;0;0;0;0;1;50;2;24;0;0;2;36;0;0;0;0;2;3;0;0;0;0;0;0;0;0;1;1;0;0;0;0;0;0;0;0;0;0;0;0;0;0;0;0;1;1;0;0;0;0;0;0;0;0;;;;;;;;;;;;;;;;;;
22.01.2025;18:51;A 22;1;0;0;7;42;0;0;7;10;0;0;2;77;1;2;1;76;1;7;1;84;1;72;2;7;0;0;4;47;0;0;0;0;8;14;0;0;1;71;0;0;0;0;0;0;0;0;0;0;0;0;0;0;0;0;0;0;0;0;0;0;0;0;0;0;0;0;0;0;0;0;;;;;;;;;;;;;;;;;;
22.01.2025;18:50;A 22;1;1;0;1;10;1;0;2;2;0;0;2;13;1;2;4;58;1;5;2;25;2;69;1;0;4;31;3;90;0;0;3;4;9;19;0;0;2;12;0;0;3;23;1;1;0;0;0;0;0;0;0;0;0;0;1;1;0;0;0;0;0;0;0;0;0;0;0;0;0;0;;;;;;;;;;;;;;;;;;
22.01.2025;18:49;A 22;1;0;0;0;18;1;0;1;2;0;0;2;24;1;0;6;66;0;0;1;36;2;89;0;0;0;0;2;6;0;0;0;0;1;2;2;4;1;24;0;25;2;26;0;0;0;0;0;0;1;1;0;0;1;1;0;0;0;0;0;0;0;0;0;0;0;0;0;0;0;0;;;;;;;;;;;;;;;;;;
22.01.2025;18:48;A 22;1;1;2;6;44;0;0;8;25;0;0;1;85;0;0;1;99;0;0;1;90;0;100;3;6;0;0;3;13;0;0;0;0;5;4;1;1;1;51;2;46;2;50;1;1;0;0;0;0;0;0;1;1;0;0;0;0;0;0;0;0;0;0;0;0;0;0;0;0;0;0;;;;;;;;;;;;;;;;;;
22.01.2025;18:47;A 22;1;1;1;11;30;2;1;11;12;0;0;1;75;2;1;2;71;1;4;0;80;2;8;0;0;1;4;3;20;0;0;1;0;8;8;1;1;2;78;1;2;0;83;1;1;0;0;1;1;0;0;0;0;0;0;0;0;0;0;1;1;0;0;0;0;0;0;0;0;0;0;;;;;;;;;;;;;;;;;;
22.01.2025;18:46;A 22;1;0;0;5;8;0;0;3;2;0;0;4;33;0;0;5;33;0;0;2;46;1;50;0;0;1;2;2;2;0;0;1;0;2;2;1;1;2;47;0;0;2;97;0;0;0;0;1;1;0;0;0;0;1;1;0;0;0;0;1;1;0;0;0;0;1;1;0;0;0;0;;;;;;;;;;;;;;;;;;
22.01.2025;18:45;A 22;1;0;0;16;36;0;0;9;8;0;0;1;49;1;1;2;82;0;0;1;54;2;90;0;0;0;0;6;24;0;0;1;1;9;9;0;0;1;68;0;0;2;60;0;0;1;1;0;0;0;0;0;0;2;3;0;0;0;0;0;0;1;1;0;0;1;1;0;0;0;0;;;;;;;;;;;;;;;;;;
22.01.2025;18:44;A 22;1;0;0;6;17;0;0;4;5;0;0;2;72;0;0;6;84;0;0;1;75;0;95;1;3;0;0;5;25;0;0;0;0;7;6;0;0;0;0;0;0;1;3;1;1;0;0;0;0;0;0;0;0;0;0;1;1;0;0;0;0;0;0;0;0;0;0;0;0;0;0;;;;;;;;;;;;;;;;;;
22.01.2025;18:43;A 22;1;0;0;8;31;1;0;7;8;0;0;5;35;4;3;1;44;2;9;1;49;3;49;1;4;0;0;2;2;0;0;0;0;1;1;1;1;2;2;2;6;1;30;0;0;0;0;0;0;0;0;0;0;0;0;0;0;0;0;0;0;1;1;0;0;0;0;0;0;0;0;;;;;;;;;;;;;;;;;;
22.01.2025;18:42;A 22;1;6;7;1;63;1;0;9;19;0;0;1;12;2;3;5;14;2;14;1;17;0;21;0;0;0;0;5;20;0;0;0;0;9;9;0;0;0;0;0;0;0;0;0;0;0;0;0;0;1;1;0;0;0;0;0;0;0;0;0;0;1;1;0;0;0;0;0;0;0;0;;;;;;;;;;;;;;;;;;
22.01.2025;18:41;A 22;1;1;4;9;16;1;0;5;5;0;0;0;0;0;0;2;94;0;0;0;0;0;100;0;0;0;0;1;3;0;0;0;0;1;0;0;0;0;85;0;0;0;0;0;0;0;0;0;0;0;0;0;0;0;0;0;0;0;0;0;0;0;0;1;1;0;0;0;0;0;0;;;;;;;;;;;;;;;;;;
22.01.2025;18:40;A 22;1;0;0;3;45;0;0;2;2;0;0;0;0;2;3;1;86;2;10;0;0;1;90;1;2;1;4;3;4;0;0;0;0;2;2;1;1;1;44;1;6;3;7;0;0;1;1;0;0;0;0;0;0;0;0;0;0;0;0;0;0;0;0;0;0;0;0;0;0;0;0;;;;;;;;;;;;;;;;;;
22.01.2025;18:39;A 22;1;1;1;8;41;0;0;8;11;0;0;4;5;5;4;3;69;0;0;3;23;1;75;0;0;0;0;2;34;0;0;0;0;3;2;0;0;1;0;0;0;0;0;0;0;1;1;0;0;0;0;1;1;0;0;0;0;0;0;0;0;0;0;0;0;0;0;0;0;0;0;;;;;;;;;;;;;;;;;;
22.01.2025;18:38;A 22;1;0;0;3;15;0;0;5;5;0;0;2;72;2;2;5;88;1;6;2;79;0;100;1;1;1;7;4;27;0;0;0;0;3;5;1;1;1;73;1;2;0;72;0;0;0;0;0;0;0;0;0;0;1;1;0;0;0;0;0;0;2;3;0;0;0;0;0;0;0;0;;;;;;;;;;;;;;;;;;
22.01.2025;18:37;A 22;1;0;0;0;26;0;0;2;2;0;0;1;78;1;0;1;80;1;6;2;86;3;76;0;0;0;0;1;17;0;0;0;0;1;0;1;1;1;65;1;4;2;55;0;0;0;0;0;0;0;0;1;1;0;0;0;0;0;0;0;0;0;0;1;1;0;0;0;0;0;0;;;;;;;;;;;;;;;;;;
22.01.2025;18:36;A 22;1;0;0;9;49;0;0;8;8;0;0;1;1;0;0;1;82;0;0;1;4;0;85;0;0;0;0;5;21;0;0;0;0;5;5;0;0;0;0;0;0;0;0;0;0;0;0;0;0;0;0;0;0;1;1;0;0;0;0;0;0;0;0;0;0;1;1;0;0;0;0;;;;;;;;;;;;;;;;;;
22.01.2025;18:35;A 22;1;2;3;8;27;1;0;10;9;0;0;2;16;1;0;1;4;1;3;2;22;1;7;0;0;0;0;2;6;0;0;0;0;2;1;1;0;1;28;1;2;2;12;0;0;0;0;0;0;0;0;0;0;0;0;0;0;0;0;0;0;0;0;0;0;0;0;0;0;0;0;;;;;;;;;;;;;;;;;;
22.01.2025;18:34;A 22;1;1;1;2;4;1;0;1;0;0;0;0;19;1;1;4;27;0;0;0;0;0;39;0;0;1;4;0;0;0;0;1;0;1;1;0;0;0;26;0;0;0;0;0;0;1;1;0;0;1;1;0;0;0;0;0;0;0;0;0;0;0;0;0;0;0;0;0;0;0;0;;;;;;;;;;;;;;;;;;
22.01.2025;18:33;A 22;1;2;5;9;52;0;0;9;8;0;0;2;69;0;0;1;82;0;0;1;8;1;86;3;8;0;0;7;16;0;0;0;0;6;5;0;0;1;86;0;0;1;8;1;1;1;1;0;0;0;0;0;0;0;0;0;0;0;0;0;0;0;0;0;0;0;0;0;0;0;0;;;;;;;;;;;;;;;;;;
22.01.2025;18:32;A 22;1;4;7;10;28;1;0;7;7;0;0;1;80;2;2;5;86;1;7;0;85;0;98;2;8;0;0;1;1;0;0;0;0;1;0;0;0;1;2;0;0;1;6;0;0;0;0;0;0;0;0;0;0;1;1;1;1;0;0;0;0;0;0;0;0;0;0;0;0;0;0;;;;;;;;;;;;;;;;;;
22.01.2025;18:31;A 22;1;1;3;1;3;0;0;1;1;0;0;4;90;0;0;3;89;0;0;0;100;1;86;0;0;0;0;1;4;0;0;0;0;1;1;1;1;1;20;1;6;1;13;0;0;0;0;0;0;0;0;1;1;0;0;0;0;0;0;0;0;0;0;1;1;0;0;0;0;0;0;;;;;;;;;;;;;;;;;;
22.01.2025;18:30;A 22;1;4;9;16;30;1;0;12;10;0;0;0;100;0;0;2;16;0;0;0;100;1;6;3;11;0;0;4;12;0;0;0;0;4;2;0;0;1;37;0;0;4;14;0;0;4;6;0;0;0;0;0;0;0;0;0;0;0;0;0;0;0;0;0;0;0;0;0;0;0;0;;;;;;;;;;;;;;;;;;
22.01.2025;18:29;A 22;1;1;4;9;61;1;0;7;8;0;0;1;23;0;0;1;35;0;0;2;33;0;35;4;12;0;0;1;14;0;0;0;0;2;3;0;0;0;0;0;0;0;0;0;0;1;1;0;0;0;0;0;0;0;0;0;0;0;0;0;0;0;0;0;0;0;0;0;0;0;0;;;;;;;;;;;;;;;;;;
22.01.2025;18:28;A 22;1;0;0;7;55;0;0;5;6;0;0;3;30;2;4;2;25;0;0;0;36;3;35;0;0;0;0;2;2;0;0;0;0;1;1;1;13;2;19;0;0;1;23;0;0;0;0;0;0;0;0;0;0;0;0;1;1;0;0;0;0;0;0;0;0;0;0;0;0;0;0;;;;;;;;;;;;;;;;;;
22.01.2025;18:27;A 22;1;0;0;2;50;0;0;6;6;0;0;1;63;0;0;0;0;0;0;2;84;1;4;1;2;0;0;6;20;0;0;0;0;7;9;0;0;0;0;0;0;1;7;0;0;0;0;0;0;0;0;0;0;0;0;0;0;0;0;0;0;0;0;0;0;0;0;0;0;0;0;;;;;;;;;;;;;;;;;;
22.01.2025;18:26;A 22;1;1;6;16;49;1;0;13;13;0;0;1;74;0;0;3;75;0;0;0;77;3;81;0;0;1;2;3;9;0;0;1;0;6;4;0;0;0;0;0;0;0;0;0;0;0;0;0;0;0;0;0;0;0;0;0;0;0;0;0;0;1;1;0;0;0;0;0;0;0;0;;;;;;;;;;;;;;;;;;
22.01.2025;18:25;A 22;1;0;0;1;3;1;0;1;0;0;0;4;74;1;1;6;29;0;0;0;100;1;40;2;2;0;0;0;0;0;0;0;0;0;0;0;0;2;1;0;0;0;0;0;0;0;0;1;1;0;0;0;0;0;0;1;1;0;0;0;0;0;0;0;0;0;0;0;0;0;0;;;;;;;;;;;;;;;;;;
22.01.2025;18:24;A 22;1;1;7;11;26;1;0;6;10;0;0;1;10;3;3;2;95;2;6;0;100;0;100;1;6;0;0;7;21;0;0;0;0;6;5;1;2;1;1;2;10;2;5;1;1;1;1;0;0;1;1;0;0;0;0;0;0;0;0;0;0;0;0;0;0;0;0;0;0;0;0;;;;;;;;;;;;;;;;;;
22.01.2025;18:23;A 22;1;3;11;6;21;3;1;6;7;0;0;2;93;1;1;3;6;0;0;0;100;1;90;1;5;0;0;4;35;0;0;0;0;10;9;0;0;0;0;0;0;0;0;0;0;0;0;0;0;0;0;1;1;0;0;0;0;0;0;2;3;0;0;0;0;0;0;0;0;0;0;;;;;;;;;;;;;;;;;;
22.01.2025;18:22;A 22;1;0;0;0;0;0;0;0;0;0;0;2;66;2;0;5;14;1;2;1;73;1;25;0;0;1;0;2;4;0;0;1;0;2;1;0;0;1;0;0;0;0;0;0;0;1;1;0;0;0;0;0;0;0;0;0;0;0;0;0;0;0;0;0;0;0;0;0;0;0;0;;;;;;;;;;;;;;;;;;
22.01.2025;18:21;A 22;1;0;0;12;27;0;0;8;8;0;0;1;96;3;3;0;100;2;8;1;54;0;100;0;0;1;3;6;37;0;0;1;0;10;11;0;0;1;20;0;0;1;10;0;0;0;0;0;0;0;0;0;0;0;0;0;0;0;0;1;1;2;3;0;0;0;0;0;0;0;0;;;;;;;;;;;;;;;;;;
22.01.2025;18:20;A 22;1;0;0;4;71;0;0;6;7;0;0;3;44;1;1;3;67;0;0;1;41;2;70;3;13;0;0;3;74;0;0;0;0;8;16;0;26;0;26;0;0;2;7;0;0;0;0;1;1;0;0;1;1;0;0;0;0;0;0;1;1;0;0;0;0;0;0;0;0;0;0;;;;;;;;;;;;;;;;;;
22.01.2025;18:19;A 22;1;0;0;1;2;0;0;1;0;0;0;6;66;2;1;7;79;0;0;1;76;0;100;1;14;1;2;3;7;0;0;1;0;3;2;2;8;2;11;1;24;2;27;0;0;0;0;0;0;0;0;0;0;0;0;0;0;1;1;0;0;0;0;0;0;0;0;0;0;0;0;;;;;;;;;;;;;;;;;;
22.01.2025;18:18;A 22;1;0;0;10;41;0;0;9;10;0;0;1;80;0;0;1;74;0;0;1;85;1;81;0;0;0;0;4;22;0;0;1;0;8;7;2;6;0;0;2;21;1;2;0;0;0;0;1;1;0;0;0;0;1;1;0;0;0;0;1;1;1;1;0;0;1;1;0;0;0;0;;;;;;;;;;;;;;;;;;
22.01.2025;18:17;A 22;1;0;0;11;25;0;0;7;7;0;0;3;72;2;2;3;69;0;0;3;77;0;80;2;7;0;0;1;10;0;0;0;0;3;2;1;0;1;1;0;0;1;7;0;0;0;0;0;0;0;0;0;0;0;0;0;0;0;0;1;1;0;0;0;0;1;1;0;0;0;0;;;;;;;;;;;;;;;;;;
22.01.2025;18:16;A 22;1;0;1;1;49;0;0;3;5;0;0;4;34;0;0;5;52;0;0;1;46;2;63;2;2;0;0;1;3;0;0;0;0;1;0;0;0;3;7;0;0;2;29;1;1;0;0;0;0;0;0;0;0;0;0;1;1;0;0;0;0;0;0;1;1;0;0;0;0;0;0;;;;;;;;;;;;;;;;;;
22.01.2025;18:15;A 22;1;1;3;16;26;1;0;8;7;0;0;1;77;1;1;1;98;1;3;1;82;0;100;1;1;0;0;2;5;0;0;0;0;2;2;0;0;0;0;0;0;0;0;1;1;0;0;0;0;1;1;0;0;0;0;0;0;0;0;0;0;1;1;0;0;0;0;0;0;0;0;;;;;;;;;;;;;;;;;;
22.01.2025;18:14;A 22;1;1;4;4;31;1;0;8;8;0;0;0;71;1;0;5;83;1;3;0;71;0;100;3;7;0;0;3;5;0;0;0;0;2;1;0;0;1;42;0;0;0;0;0;0;0;0;0;0;0;0;0;0;1;1;0;0;0;0;0;0;0;0;0;0;0;0;0;0;0;0;;;;;;;;;;;;;;;;;;
22.01.2025;18:13;A 22;1;2;5;6;7;1;0;4;3;0;0;4;52;3;0;5;88;2;9;1;63;0;100;0;0;0;0;4;5;0;0;0;0;3;2;2;25;0;0;1;33;1;30;1;1;0;0;0;0;1;1;2;3;1;1;0;0;0;0;0;0;0;0;0;0;1;2;0;0;0;0;;;;;;;;;;;;;;;;;;
22.01.2025;18:12;A 22;1;0;0;7;26;1;0;9;9;0;0;1;92;1;0;0;100;1;3;1;94;0;100;0;0;0;0;3;12;0;0;0;0;3;3;1;10;1;0;1;12;0;0;0;0;0;0;0;0;0;0;0;0;0;0;0;0;0;0;0;0;0;0;0;0;0;0;0;0;0;0;;;;;;;;;;;;;;;;;;
22.01.2025;18:11;A 22;1;4;15;2;97;1;0;9;60;0;0;3;27;2;3;2;69;2;11;0;31;1;77;2;3;1;3;0;0;0;0;1;0;1;0;1;1;2;24;1;7;1;27;0;0;0;0;0;0;0;0;0;0;0;0;0;0;1;2;0;0;0;0;0;0;0;0;0;0;0;0;;;;;;;;;;;;;;;;;;
22.01.2025;18:10;A 22;1;2;6;7;29;2;0;4;11;0;0;2;40;1;0;2;56;1;2;2;41;2;71;0;0;0;0;3;6;0;0;0;0;2;2;0;0;1;28;0;0;2;16;0;0;0;0;0;0;0;0;1;1;0;0;0;0;0;0;0;0;0;0;0;0;0;0;0;0;0;0;;;;;;;;;;;;;;;;;;
22.01.2025;18:09;A 22;1;1;8;11;27;0;0;7;7;0;0;2;10;0;0;1;76;0;0;2;18;1;83;1;5;0;0;3;15;0;0;0;0;5;4;1;1;0;0;1;5;1;4;1;1;0;0;0;0;0;0;0;0;0;0;0;0;0;0;0;0;1;1;0;0;0;0;0;0;0;0;;;;;;;;;;;;;;;;;;
22.01.2025;18:08;A 22;1;0;0;6;29;1;0;9;12;0;0;2;66;1;1;1;76;0;0;2;75;1;78;1;4;1;2;3;29;0;0;1;0;9;8;2;2;1;72;1;9;0;72;0;0;0;0;0;0;0;0;0;0;0;0;0;0;0;0;0;0;1;1;0;0;0;0;0;0;0;0;;;;;;;;;;;;;;;;;;
22.01.2025;18:07;A 22;1;0;0;3;13;0;0;3;3;0;0;2;19;1;0;5;77;1;3;0;20;2;68;0;0;0;0;1;2;0;0;0;0;1;0;0;0;1;32;0;0;2;32;1;1;0;0;0;0;0;0;0;0;0;0;1;1;0;0;0;0;0;0;0;0;0;0;0;0;0;0;;;;;;;;;;;;;;;;;;
22.01.2025;18:06;A 22;1;2;6;7;54;2;1;9;8;0;0;1;93;1;0;1;76;1;3;0;100;3;58;1;1;0;0;4;32;0;0;1;0;3;2;0;0;0;0;0;0;0;0;0;0;1;1;0;0;0;0;0;0;0;0;0;0;0;0;0;0;0;0;0;0;1;1;0;0;0;0;;;;;;;;;;;;;;;;;;
22.01.2025;18:05;A 22;1;1;7;14;48;1;0;9;8;0;0;5;64;0;0;1;74;0;0;1;78;1;80;1;7;1;0;9;28;0;0;0;0;7;8;1;1;1;1;1;7;2;11;0;0;0;0;0;0;0;0;0;0;1;1;0;0;0;0;0;0;0;0;1;1;1;1;0;0;0;0;;;;;;;;;;;;;;;;;;
22.01.2025;18:04;A 22;1;4;4;7;25;1;0;5;5;0;0;2;14;4;7;5;85;3;20;0;17;0;100;0;0;0;0;0;0;0;0;0;0;0;0;1;4;1;1;0;13;1;5;5;8;0;0;0;0;0;0;1;1;0;0;5;8;0;0;0;0;0;0;1;1;0;0;0;0;0;0;;;;;;;;;;;;;;;;;;
22.01.2025;18:03;A 22;1;2;4;5;13;1;0;5;4;0;0;1;28;1;0;2;34;1;2;1;32;1;38;0;0;0;0;3;23;0;0;0;0;7;6;3;6;0;0;2;45;3;11;0;0;0;0;0;0;0;0;1;1;0;0;0;0;0;0;0;0;0;0;0;0;0;0;0;0;0;0;;;;;;;;;;;;;;;;;;
22.01.2025;18:02;A 22;1;0;0;3;15;0;0;7;4;0;0;1;66;1;1;1;79;1;4;1;70;0;81;2;8;0;0;2;15;0;0;0;0;4;4;1;22;1;81;0;80;2;20;0;0;0;0;0;0;0;0;0;0;0;0;0;0;0;0;0;0;0;0;0;0;0;0;0;0;0;0;;;;;;;;;;;;;;;;;;
22.01.2025;18:01;A 22;1;0;0;7;22;0;0;5;5;0;0;1;39;0;0;5;69;0;0;0;40;1;86;3;3;0;0;1;11;0;0;0;0;2;2;2;3;1;19;2;15;2;18;1;1;1;1;0;0;0;0;0;0;1;1;1;1;0;0;1;1;0;0;0;0;0;0;0;0;0;0;;;;;;;;;;;;;;;;;;
22.01.2025;18:00;A 22;1;0;0;11;40;0;0;9;10;0;0;1;24;1;1;1;54;1;4;0;100;1;62;0;0;0;0;6;27;0;0;0;0;9;8;0;0;0;0;0;0;0;0;0;0;0;0;0;0;1;1;0;0;0;0;1;1;0;0;0;0;0;0;0;0;0;0;0;0;0;0;;;;;;;;;;;;;;;;;;
22.01.2025;17:59;A 22;1;1;1;11;23;0;0;9;9;0;0;3;73;4;3;6;81;0;0;0;100;0;92;2;7;1;2;4;18;0;0;1;0;7;6;0;0;3;1;0;0;0;0;0;0;0;0;1;1;0;0;0;0;0;0;0;0;0;0;0;0;0;0;0;0;0;0;0;0;0;0;;;;;;;;;;;;;;;;;;
22.01.2025;17:58;A 22;1;0;0;7;6;0;0;3;2;0;0;4;84;0;0;7;82;0;0;0;100;4;95;0;0;0;0;2;6;0;0;0;0;2;2;0;0;0;0;0;0;0;0;1;1;1;1;0;0;0;0;0;0;0;0;1;1;0;0;0;0;0;0;1;1;0;0;0;0;0;0;;;;;;;;;;;;;;;;;;
22.01.2025;17:57;A 22;1;0;0;5;17;0;0;6;5;0;0;0;100;0;0;1;85;0;0;0;100;1;90;4;8;0;0;3;11;0;0;0;0;4;4;1;1;0;0;1;6;0;0;1;1;0;0;0;0;0;0;0;0;0;0;0;0;0;0;0;0;0;0;0;0;1;1;0;0;0;0;;;;;;;;;;;;;;;;;;
22.01.2025;17:56;A 22;1;8;9;13;23;2;1;8;7;0;0;4;87;0;0;3;74;0;0;0;100;1;81;0;0;0;0;2;1;0;0;0;0;1;0;0;0;1;0;0;0;1;9;1;1;0;0;0;0;0;0;0;0;0;0;0;0;0;0;0;0;0;0;0;0;0;0;0;0;0;0;;;;;;;;;;;;;;;;;;
22.01.2025;17:55;A 22;1;0;0;0;0;0;0;0;0;0;0;2;93;2;2;1;73;2;8;0;100;1;79;2;3;2;6;3;3;0;0;0;0;2;1;0;0;1;1;0;0;1;5;0;0;0;0;0;0;0;0;0;0;0;0;0;0;0;0;0;0;0;0;0;0;0;0;0;0;0;0;;;;;;;;;;;;;;;;;;
22.01.2025;17:54;A 22;1;0;0;14;32;1;0;9;26;0;0;2;90;2;1;2;78;2;7;0;100;2;86;1;5;0;0;2;14;0;0;0;0;5;5;2;4;2;11;1;7;1;8;1;1;0;0;0;0;0;0;0;0;0;0;1;1;0;0;0;0;0;0;0;0;0;0;0;0;0;0;;;;;;;;;;;;;;;;;;
22.01.2025;17:53;A 22;1;0;0;9;28;0;0;8;9;0;0;3;92;1;1;4;45;1;3;0;100;2;56;2;1;0;0;2;14;0;0;0;0;4;3;0;0;1;98;0;0;0;100;1;1;1;1;0;0;1;1;0;0;0;0;0;0;0;0;0;0;0;0;0;0;0;0;0;0;0;0;;;;;;;;;;;;;;;;;;
22.01.2025;17:52;A 22;1;3;7;4;16;2;1;3;3;0;0;6;78;3;2;2;25;1;2;0;100;1;33;1;4;0;0;0;80;0;0;0;0;1;0;0;0;1;60;0;0;1;49;0;0;0;0;0;0;0;0;0;0;1;1;0;0;0;0;0;0;0;0;0;0;0;0;0;0;0;0;;;;;;;;;;;;;;;;;;
22.01.2025;17:51;A 22;1;0;0;8;20;0;0;6;6;0;0;0;100;1;0;1;75;1;3;0;100;1;81;1;7;1;12;1;50;0;0;1;10;5;8;0;0;1;64;0;0;0;0;0;0;0;0;0;0;0;0;0;0;0;0;0;0;0;0;0;0;1;1;0;0;0;0;0;0;0;0;;;;;;;;;;;;;;;;;;
22.01.2025;17:50;A 22;1;3;6;1;76;1;0;3;3;0;0;5;81;0;4;4;50;0;0;1;96;0;58;2;11;2;3;2;62;0;0;2;4;7;11;1;1;0;0;1;8;1;4;0;0;2;3;0;0;0;0;0;0;0;0;0;0;0;0;0;0;0;0;0;0;0;0;0;0;0;0;;;;;;;;;;;;;;;;;;
22.01.2025;17:49;A 22;1;0;0;10;43;0;0;4;6;0;0;6;65;4;10;6;69;1;11;0;100;1;86;0;0;1;5;2;6;0;0;0;0;2;2;0;0;2;2;0;0;0;0;0;0;0;0;0;0;1;1;0;0;0;0;1;1;0;0;0;0;1;1;1;1;0;0;0;0;0;0;;;;;;;;;;;;;;;;;;
22.01.2025;17:48;A 22;1;0;0;5;39;0;0;8;10;0;0;2;11;0;0;0;100;0;0;1;93;1;98;0;0;1;3;6;19;0;0;1;0;8;7;1;1;1;0;1;6;0;0;0;0;0;0;0;0;1;1;0;0;0;0;0;0;0;0;0;0;0;0;0;0;0;0;0;0;0;0;;;;;;;;;;;;;;;;;;
22.01.2025;17:47;A 22;1;0;0;12;24;1;0;9;9;0;0;3;82;2;0;5;83;0;0;0;100;0;85;1;6;3;12;2;9;0;0;2;1;5;5;1;1;1;14;0;0;1;13;1;1;1;1;0;0;0;0;0;0;0;0;1;1;0;0;1;1;0;0;0;0;0;0;0;0;0;0;;;;;;;;;;;;;;;;;;
22.01.2025;17:46;A 22;1;0;0;3;62;0;0;4;6;0;0;3;6;1;1;4;53;0;0;3;17;4;68;0;0;1;0;4;19;0;0;1;0;4;5;1;0;2;42;0;0;0;48;1;1;0;0;0;0;0;0;0;0;1;1;0;0;0;0;0;0;0;0;0;0;1;1;0;0;0;0;;;;;;;;;;;;;;;;;;
22.01.2025;17:45;A 22;1;0;0;5;12;0;0;3;4;0;0;0;0;1;1;4;65;1;5;0;0;1;72;2;3;0;0;1;25;0;0;0;0;7;8;0;0;1;36;0;0;2;22;0;0;1;1;0;0;0;0;0;0;0;0;0;0;0;0;0;0;0;0;1;1;0;0;0;0;0;0;;;;;;;;;;;;;;;;;;
22.01.2025;17:44;A 22;1;10;23;9;25;8;4;8;7;0;0;1;83;2;1;3;87;2;7;0;85;0;100;2;1;2;7;5;18;0;0;2;2;9;7;0;0;1;81;0;0;1;79;1;1;2;3;0;0;0;0;1;1;0;0;0;0;0;0;0;0;0;0;0;0;0;0;0;0;0;0;;;;;;;;;;;;;;;;;;
22.01.2025;17:43;A 22;1;0;0;4;6;0;0;2;1;0;0;6;54;0;0;4;48;0;0;1;72;2;62;2;2;0;0;3;11;0;0;0;0;3;4;0;0;5;30;1;0;4;15;0;0;0;0;0;0;0;0;0;0;0;0;0;0;0;0;0;0;0;0;0;0;0;0;0;0;0;0;;;;;;;;;;;;;;;;;;
22.01.2025;17:42;A 22;1;0;0;10;29;1;0;9;8;0;0;2;82;0;0;1;97;0;0;1;87;0;100;2;1;1;2;4;37;0;0;0;0;14;14;1;1;0;0;1;4;1;2;0;0;0;0;0;0;0;0;0;0;0;0;0;0;0;0;0;0;1;1;0;0;0;0;0;0;0;0;;;;;;;;;;;;;;;;;;
22.01.2025;17:41;A 22;1;4;7;11;24;2;1;8;8;0;0;6;86;4;4;4;82;2;7;0;100;1;94;0;0;0;0;5;11;0;0;0;0;4;4;1;13;1;15;1;17;2;26;0;0;0;0;1;1;0;0;0;0;0;0;0;0;0;0;0;0;0;0;0;0;0;0;0;0;0;0;;;;;;;;;;;;;;;;;;
22.01.2025;17:40;A 22;1;1;7;1;1;1;0;1;1;0;0;5;48;1;1;6;43;1;4;2;67;4;53;1;0;0;0;3;4;0;0;0;0;2;1;1;1;2;3;1;5;3;13;0;0;0;0;0;0;0;0;1;1;1;1;0;0;0;0;0;0;0;0;0;0;0;0;0;0;0;0;;;;;;;;;;;;;;;;;;
22.01.2025;17:39;A 22;1;1;5;3;8;1;0;3;2;0;0;2;82;1;0;3;67;1;2;1;89;1;75;0;0;0;0;7;37;0;0;0;0;9;8;0;0;2;1;0;0;0;0;1;1;0;0;0;0;1;1;0;0;0;0;0;0;0;0;0;0;0;0;0;0;0;0;0;0;0;0;;;;;;;;;;;;;;;;;;
22.01.2025;17:38;A 22;1;1;1;12;34;0;0;9;8;0;0;4;88;3;70;4;80;1;54;0;100;1;88;2;6;0;0;2;13;0;0;0;0;4;3;1;0;1;0;0;0;0;0;0;0;0;0;0;0;0;0;0;0;2;3;0;0;0;0;0;0;0;0;0;0;2;3;0;0;0;0;;;;;;;;;;;;;;;;;;
22.01.2025;17:37;A 22;1;2;3;4;49;2;0;3;2;0;0;3;31;4;28;2;47;1;5;1;42;2;57;2;2;0;0;1;2;0;0;0;0;1;0;0;0;0;4;0;0;0;0;0;0;1;1;0;0;0;0;0;0;0;0;0;0;0;0;0;0;1;1;1;1;0;0;0;0;0;0;;;;;;;;;;;;;;;;;;
22.01.2025;17:36;A 22;1;1;1;14;43;2;0;11;11;0;0;1;89;0;0;1;40;0;0;1;93;1;52;0;0;1;2;7;15;0;0;0;0;5;4;0;0;1;59;0;0;1;13;0;0;1;1;0;0;0;0;0;0;0;0;0;0;0;0;0;0;0;0;0;0;0;0;0;0;0;0;;;;;;;;;;;;;;;;;;
22.01.2025;17:35;A 22;1;5;4;8;20;3;2;8;7;0;0;0;0;0;0;4;78;0;0;0;0;1;88;3;3;0;0;1;17;0;0;0;0;5;5;1;2;0;0;1;7;1;2;0;0;1;1;0;0;0;0;0;0;1;1;0;0;0;0;0;0;0;0;0;0;1;1;0;0;0;0;;;;;;;;;;;;;;;;;;
22.01.2025;17:34;A 22;1;0;0;6;68;0;0;7;9;0;0;2;27;0;0;4;31;0;0;2;33;4;43;0;0;2;3;0;0;0;0;1;0;1;1;1;1;2;0;1;4;1;1;1;1;1;1;0;0;0;0;0;0;1;1;1;1;0;0;0;0;0;0;0;0;1;1;0;0;0;0;;;;;;;;;;;;;;;;;;
22.01.2025;17:33;A 22;1;2;9;7;82;3;1;10;12;0;0;2;79;0;0;1;36;0;0;1;82;1;45;1;6;0;0;7;18;0;0;0;0;6;6;0;0;0;0;0;0;0;0;0;0;1;1;0;0;0;0;0;0;1;1;0;0;0;0;0;0;1;1;0;0;1;1;0;0;0;0;;;;;;;;;;;;;;;;;;
22.01.2025;17:32;A 22;1;2;4;17;38;0;0;8;8;0;0;2;94;0;0;3;92;0;0;1;99;0;100;1;2;0;0;2;5;0;0;0;0;2;2;0;0;1;0;0;0;0;0;0;0;0;0;0;0;0;0;0;0;0;0;0;0;0;0;0;0;0;0;0;0;0;0;0;0;0;0;;;;;;;;;;;;;;;;;;
22.01.2025;17:31;A 22;1;1;0;0;0;3;2;0;0;0;0;6;24;2;1;5;33;0;0;1;43;1;47;1;5;0;0;1;2;0;0;1;0;1;0;0;0;0;0;0;0;0;0;0;0;1;1;0;0;1;1;0;0;2;3;0;0;0;0;1;1;1;1;0;0;1;1;0;0;0;0;;;;;;;;;;;;;;;;;;
22.01.2025;17:30;A 22;1;2;6;6;9;1;0;3;3;0;0;33;9;0;0;0;100;0;0;0;100;0;100;1;4;0;0;6;14;0;0;1;0;5;4;0;0;0;0;0;0;0;0;0;0;1;1;0;0;0;0;1;1;0;0;0;0;0;0;0;0;1;1;1;1;0;0;0;0;0;0;;;;;;;;;;;;;;;;;;
22.01.2025;17:29;A 22;1;0;0;3;91;0;0;7;54;0;0;7;64;0;0;4;48;0;0;1;72;2;64;1;7;0;0;2;76;0;0;0;0;7;58;1;1;0;19;1;4;1;2;1;1;0;0;0;0;0;0;0;0;0;0;1;1;0;0;0;0;0;0;0;0;0;0;0;0;0;0;;;;;;;;;;;;;;;;;;
22.01.2025;17:28;A 22;1;1;4;2;43;1;1;3;3;0;0;2;40;1;1;2;29;0;0;2;47;1;52;0;0;0;0;1;2;0;0;0;0;1;1;1;1;1;55;1;6;1;8;0;0;1;1;0;0;0;0;1;1;0;0;0;0;0;0;0;0;0;0;0;0;0;0;0;0;0;0;;;;;;;;;;;;;;;;;;
22.01.2025;17:27;A 22;1;1;8;6;18;1;0;6;6;0;0;2;17;1;0;2;90;1;2;1;23;1;94;0;0;0;0;2;5;0;0;0;0;2;1;0;0;1;29;0;0;1;9;1;1;0;0;0;0;0;0;0;0;1;1;1;1;0;0;0;0;0;0;0;0;0;0;0;0;0;0;;;;;;;;;;;;;;;;;;
22.01.2025;17:26;A 22;1;2;11;6;28;2;0;8;8;0;0;1;2;0;0;5;77;0;0;1;5;2;93;3;4;0;0;3;20;0;0;0;0;6;6;1;69;4;77;0;0;2;86;0;0;0;0;0;0;0;0;0;0;0;0;0;0;0;0;0;0;0;0;0;0;0;0;0;0;0;0;;;;;;;;;;;;;;;;;;
22.01.2025;17:25;A 22;1;2;2;2;10;1;0;2;3;0;0;1;22;0;0;3;76;0;0;1;27;2;83;0;0;0;1;4;10;0;0;0;0;4;4;2;23;1;21;2;10;3;39;0;0;1;1;0;0;2;3;0;0;0;0;0;0;0;0;0;0;0;0;0;0;0;0;0;0;0;0;;;;;;;;;;;;;;;;;;
22.01.2025;17:24;A 22;1;1;1;13;28;0;0;9;9;0;0;1;16;0;0;3;25;0;0;2;25;1;35;0;59;2;6;5;15;0;0;1;0;6;6;1;1;1;1;1;2;2;41;0;0;0;0;0;0;0;0;0;0;0;0;0;0;0;0;0;0;0;0;0;0;0;0;0;0;0;0;;;;;;;;;;;;;;;;;;
22.01.2025;17:23;A 22;1;1;5;0;0;0;0;0;0;0;0;1;97;2;3;1;96;1;9;0;100;0;100;2;64;1;0;7;15;0;0;0;0;5;5;0;0;1;13;0;0;1;1;0;0;0;0;0;0;1;1;0;0;0;0;0;0;0;0;0;0;0;0;0;0;0;0;0;0;0;0;;;;;;;;;;;;;;;;;;
22.01.2025;17:22;A 22;1;1;4;6;66;1;0;6;35;0;0;1;0;1;1;1;65;1;6;1;5;2;62;1;5;1;2;0;0;0;0;1;0;1;0;0;0;0;0;0;0;0;0;0;0;0;0;0;0;0;0;0;0;0;0;1;1;0;0;0;0;0;0;0;0;0;0;0;0;0;0;;;;;;;;;;;;;;;;;;
22.01.2025;17:21;A 22;1;1;8;6;42;1;0;7;8;0;0;2;27;1;1;4;61;1;4;1;28;1;14;1;1;4;21;4;23;0;0;1;1;4;4;0;0;2;3;0;0;2;15;0;0;1;1;1;1;0;0;1;1;0;0;1;1;0;0;1;1;0;0;1;1;0;0;0;0;0;0;;;;;;;;;;;;;;;;;;
22.01.2025;17:20;A 22;1;1;0;9;17;1;0;5;4;0;0;1;39;0;0;2;90;0;0;1;44;0;100;2;13;2;7;5;35;0;0;0;0;8;8;2;3;0;0;2;12;0;0;0;0;0;0;0;0;0;0;0;0;0;0;0;0;0;0;0;0;0;0;0;0;1;1;0;0;0;0;;;;;;;;;;;;;;;;;;
22.01.2025;17:19;A 22;1;2;3;1;4;1;0;3;1;0;0;4;29;3;2;3;49;1;4;2;35;4;44;0;0;0;0;0;0;0;0;0;0;0;0;1;1;1;1;1;5;2;7;0;0;0;0;0;0;1;0;0;0;2;3;0;0;0;0;0;0;1;1;0;0;0;0;0;0;0;0;;;;;;;;;;;;;;;;;;
22.01.2025;17:18;A 22;1;0;0;13;67;0;0;12;13;0;0;1;14;4;2;0;0;3;12;1;22;1;1;4;12;2;5;2;25;0;0;1;32;5;4;1;1;0;0;1;5;1;0;1;1;1;1;0;0;1;1;0;0;0;0;0;0;0;0;0;0;1;1;0;0;0;0;0;0;0;0;;;;;;;;;;;;;;;;;;
22.01.2025;17:17;A 22;1;3;11;13;72;1;0;13;17;0;0;6;82;3;2;1;1;0;0;0;95;1;3;0;0;0;0;2;13;0;0;0;0;4;3;1;0;1;1;0;0;0;0;0;0;0;0;0;0;1;1;0;0;0;0;0;0;0;0;0;0;1;1;0;0;0;0;0;0;0;0;;;;;;;;;;;;;;;;;;
22.01.2025;17:16;A 22;1;3;7;0;0;2;1;1;1;0;0;4;25;1;1;4;23;1;4;1;37;0;34;0;0;0;0;0;0;0;0;0;0;0;0;0;0;2;0;0;0;0;0;0;0;0;0;0;0;0;0;1;1;0;0;0;0;0;0;0;0;0;0;0;0;0;0;0;0;0;0;;;;;;;;;;;;;;;;;;
22.01.2025;17:15;A 22;1;1;1;9;15;3;1;6;5;0;0;0;100;0;0;1;72;0;0;1;98;1;79;3;6;0;0;5;21;0;0;0;0;6;5;0;0;0;0;0;0;0;0;0;0;0;0;0;0;0;0;1;1;0;0;0;0;0;0;0;0;0;0;0;0;0;0;0;0;0;0;;;;;;;;;;;;;;;;;;
22.01.2025;17:14;A 22;1;0;0;10;18;0;0;5;4;0;0;4;80;3;2;2;20;1;4;1;91;1;24;0;0;4;15;4;13;0;0;0;0;5;4;0;0;1;0;0;0;0;0;0;0;0;0;0;0;0;0;0;0;0;0;0;0;0;0;0;0;0;0;0;0;0;0;0;0;0;0;;;;;;;;;;;;;;;;;;
22.01.2025;17:13;A 22;1;0;0;4;7;0;0;3;2;0;0;5;86;1;0;5;38;1;2;0;100;0;51;0;0;2;17;4;6;0;0;1;0;3;2;1;0;2;22;0;0;1;48;1;1;0;0;0;0;1;1;0;0;0;0;0;0;0;0;0;0;1;1;0;0;0;0;0;0;0;0;;;;;;;;;;;;;;;;;;
22.01.2025;17:12;A 22;1;0;0;12;31;1;0;12;11;0;0;1;94;0;0;0;100;0;0;1;98;0;100;1;36;1;8;3;8;0;0;0;0;3;2;1;2;1;39;0;9;0;0;0;0;1;1;0;0;1;1;0;0;0;0;0;0;0;0;0;0;2;3;0;0;0;0;0;0;0;0;;;;;;;;;;;;;;;;;;
22.01.2025;17:11;A 22;1;0;0;3;79;0;0;9;13;0;0;1;48;1;0;2;94;1;3;0;52;0;100;1;2;2;10;3;78;0;0;2;2;8;14;0;0;0;0;1;0;1;2;0;0;0;0;0;0;0;0;0;0;0;0;0;0;0;0;0;0;0;0;0;0;0;0;0;0;0;0;;;;;;;;;;;;;;;;;;
22.01.2025;17:10;A 22;1;0;0;3;10;1;1;2;2;0;0;3;55;4;6;4;29;2;8;2;54;4;47;1;6;1;5;0;0;0;0;1;0;2;1;0;0;0;0;0;0;0;0;0;0;0;0;0;0;0;0;0;0;0;0;0;0;0;0;0;0;0;0;0;0;0;0;0;0;0;0;;;;;;;;;;;;;;;;;;
22.01.2025;17:09;A 22;1;3;5;4;12;2;0;3;3;0;0;1;52;0;0;0;0;0;0;1;57;0;0;3;6;2;10;5;38;0;0;2;1;9;7;1;1;0;0;1;3;1;1;1;1;3;5;0;0;1;1;0;0;0;0;2;3;0;0;0;0;0;0;0;0;0;0;0;0;0;0;;;;;;;;;;;;;;;;;;
22.01.2025;17:08;A 22;1;1;6;6;31;0;0;8;8;0;0;3;77;3;2;2;73;2;4;0;89;1;81;3;11;1;3;8;55;0;0;3;5;8;7;1;0;2;2;0;0;2;10;0;0;0;0;0;0;0;0;0;0;0;0;1;1;0;0;0;0;0;0;0;0;0;0;0;0;0;0;;;;;;;;;;;;;;;;;;
22.01.2025;17:07;A 22;1;0;0;0;5;0;0;0;0;0;0;3;40;1;1;4;47;0;27;1;53;3;54;0;0;0;0;1;10;0;0;0;0;3;3;0;0;1;25;0;0;0;0;0;0;0;0;0;0;0;0;0;0;0;0;0;0;0;0;0;0;0;0;0;0;0;0;0;0;0;0;;;;;;;;;;;;;;;;;;
22.01.2025;17:06;A 22;1;2;11;4;74;1;1;17;22;0;0;0;100;0;0;1;94;1;81;0;100;2;18;1;5;1;1;6;16;0;0;1;1;6;6;1;1;1;75;1;4;2;19;1;1;0;0;0;0;0;0;0;0;0;0;0;0;0;0;0;0;1;1;0;0;0;0;0;0;0;0;;;;;;;;;;;;;;;;;;
22.01.2025;17:05;A 22;1;1;3;2;20;1;0;4;3;0;0;4;82;0;0;3;54;0;0;1;95;1;63;0;0;2;5;3;27;0;0;3;1;10;10;0;0;0;0;0;0;0;0;0;0;0;0;0;0;0;0;0;0;0;0;0;0;0;0;0;0;0;0;0;0;0;0;0;0;0;0;;;;;;;;;;;;;;;;;;
22.01.2025;17:04;A 22;1;0;0;5;51;0;0;5;6;0;0;1;25;1;1;1;23;1;6;0;26;1;25;1;3;1;7;1;2;0;0;1;1;1;1;1;2;0;0;0;6;1;2;1;1;0;0;0;0;0;0;0;0;0;0;0;0;0;0;0;0;0;0;0;0;0;0;0;0;0;0;;;;;;;;;;;;;;;;;;
22.01.2025;17:03;A 22;1;1;7;2;44;1;0;9;11;0;0;3;61;3;2;4;89;1;4;3;70;0;100;2;9;1;3;4;16;0;0;1;0;8;6;1;1;2;10;2;4;1;6;0;0;0;0;0;0;1;1;0;0;0;0;0;0;0;0;0;0;0;0;0;0;0;0;0;0;0;0;;;;;;;;;;;;;;;;;;
22.01.2025;17:02;A 22;1;0;0;4;21;0;0;5;4;0;0;137;31;2;2;3;81;2;10;0;100;2;64;3;5;0;0;5;19;0;0;0;0;7;6;1;2;1;8;0;8;1;8;0;0;0;0;0;0;1;1;0;0;1;1;0;0;0;0;0;0;0;0;0;0;0;0;0;0;0;0;;;;;;;;;;;;;;;;;;
22.01.2025;17:01;A 22;1;1;11;1;4;1;0;1;0;0;0;12;60;1;1;1;41;1;2;1;68;0;43;0;0;0;0;2;7;0;0;0;0;2;2;1;1;1;29;2;5;1;8;0;0;0;0;0;0;0;0;1;1;0;0;0;0;0;0;0;0;0;0;0;0;0;0;0;0;0;0;;;;;;;;;;;;;;;;;;
22.01.2025;17:00;A 22;1;2;16;3;39;3;1;10;10;0;0;0;0;2;3;0;100;1;12;1;1;0;100;1;3;0;0;5;35;0;0;0;0;6;6;0;0;0;0;0;0;0;0;0;0;0;0;0;0;0;0;0;0;0;0;1;1;0;0;0;0;0;0;0;0;0;0;0;0;0;0;;;;;;;;;;;;;;;;;;
22.01.2025;16:59;A 22;1;0;0;3;13;0;0;2;2;0;0;2;60;2;0;8;75;1;2;1;69;1;97;0;0;0;0;9;80;0;0;0;0;9;9;1;1;1;39;1;7;1;7;0;0;0;0;0;0;1;1;0;0;0;0;1;1;0;0;0;0;1;1;0;0;0;0;0;0;0;0;;;;;;;;;;;;;;;;;;
22.01.2025;16:58;A 22;1;1;8;4;59;0;0;9;10;0;0;1;37;1;0;3;51;0;0;1;31;3;42;2;7;0;0;0;0;0;0;0;0;0;0;0;0;0;0;0;0;1;3;0;0;0;0;0;0;0;0;1;1;0;0;0;0;0;0;0;0;0;0;0;0;0;0;0;0;0;0;;;;;;;;;;;;;;;;;;
22.01.2025;16:57;A 22;1;0;0;5;40;1;0;9;9;0;0;1;30;0;0;0;0;0;0;1;33;0;0;1;4;0;0;5;16;0;0;0;0;5;7;1;2;0;0;1;8;1;2;1;1;1;1;0;0;0;0;0;0;0;0;0;0;0;0;1;1;0;0;0;0;0;0;0;0;0;0;;;;;;;;;;;;;;;;;;
22.01.2025;16:56;A 22;1;3;8;6;39;2;0;9;10;0;0;0;0;0;0;4;78;0;0;0;0;0;86;2;7;0;0;8;34;0;0;0;0;11;10;1;0;1;1;0;0;1;5;1;1;0;0;0;0;1;1;0;0;0;0;0;0;0;0;0;0;0;0;0;0;0;0;0;0;0;0;;;;;;;;;;;;;;;;;;
22.01.2025;16:55;A 22;1;2;4;1;4;1;0;1;1;0;0;3;10;0;0;4;54;0;0;3;22;1;69;0;0;0;0;3;34;0;0;1;0;4;14;0;0;1;2;0;0;1;2;0;1;0;0;0;0;0;0;0;0;0;0;0;0;0;0;0;0;0;0;0;0;0;0;0;0;0;0;;;;;;;;;;;;;;;;;;
22.01.2025;16:54;A 22;1;1;7;3;33;2;0;6;9;0;0;0;0;0;0;1;79;0;0;0;0;1;87;1;0;1;3;6;22;0;0;1;0;10;9;0;0;0;0;0;0;0;0;1;0;0;0;0;0;0;0;2;3;0;0;0;0;0;0;0;0;0;0;0;0;0;0;0;0;0;0;;;;;;;;;;;;;;;;;;
22.01.2025;16:53;A 22;1;1;4;3;14;0;0;4;3;0;0;3;80;0;0;3;82;0;0;0;86;0;87;0;0;0;0;6;35;0;0;0;0;10;11;1;2;1;75;2;8;1;58;3;5;0;0;0;0;1;1;0;0;0;0;1;1;0;0;0;0;0;0;0;0;0;0;0;0;0;0;;;;;;;;;;;;;;;;;;
22.01.2025;16:52;A 22;1;1;7;4;56;1;0;4;4;0;0;3;27;4;4;2;57;2;13;1;36;3;60;1;3;1;66;2;21;0;0;1;0;3;5;0;0;1;23;0;0;1;8;0;0;1;1;1;1;0;0;0;0;0;0;0;0;0;0;1;1;0;0;0;0;0;0;0;0;0;0;;;;;;;;;;;;;;;;;;
22.01.2025;16:51;A 22;1;1;5;6;44;2;0;10;10;0;0;0;100;0;0;1;46;0;0;0;100;1;51;4;6;0;0;4;13;0;0;2;4;3;3;1;2;1;1;1;9;1;10;0;0;1;1;0;0;0;0;0;0;2;3;0;0;0;0;0;0;0;0;0;0;1;1;0;0;0;0;;;;;;;;;;;;;;;;;;
22.01.2025;16:50;A 22;1;1;9;3;29;1;0;7;8;0;0;5;77;1;3;2;55;1;9;1;93;2;67;4;10;1;2;5;14;0;0;0;0;6;4;0;0;0;0;0;0;0;0;0;0;0;0;0;0;1;1;0;0;0;0;0;0;0;0;0;0;1;1;0;0;0;0;0;0;0;0;;;;;;;;;;;;;;;;;;
22.01.2025;16:49;A 22;1;0;0;1;5;0;0;1;1;0;0;2;14;0;0;2;7;0;0;2;22;1;8;1;3;0;0;1;2;0;0;0;0;1;0;1;0;2;2;0;0;3;7;0;0;1;1;0;0;0;0;0;0;0;0;2;3;1;1;0;0;0;0;0;0;0;0;0;0;0;0;;;;;;;;;;;;;;;;;;
22.01.2025;16:48;A 22;1;0;0;3;30;0;0;4;3;0;0;0;0;2;2;1;16;2;12;1;30;0;0;0;0;0;0;4;13;0;0;0;0;5;5;0;0;0;0;0;0;0;0;0;0;1;1;0;0;0;0;0;0;0;0;0;0;0;0;0;0;0;0;0;0;0;0;0;0;0;0;;;;;;;;;;;;;;;;;;
22.01.2025;16:47;A 22;1;4;16;3;82;2;0;7;12;0;0;3;87;3;2;3;70;2;6;0;93;1;77;2;8;1;2;5;14;0;0;1;0;5;4;1;0;2;3;0;0;2;14;1;1;0;0;0;0;1;1;0;0;0;0;0;0;0;0;0;0;1;1;0;0;0;0;0;0;0;0;;;;;;;;;;;;;;;;;;
22.01.2025;16:46;A 22;1;0;0;4;29;0;0;7;9;0;0;2;49;1;0;3;52;0;0;1;59;2;61;2;3;0;0;0;0;0;0;0;0;1;0;0;0;1;0;0;0;0;0;0;0;0;0;0;0;0;0;0;0;0;0;0;0;0;0;0;0;0;0;0;0;0;0;0;0;0;0;;;;;;;;;;;;;;;;;;
22.01.2025;16:45;A 22;1;7;21;6;55;5;3;10;11;0;0;1;2;1;1;2;76;1;7;1;8;3;78;1;4;0;0;5;12;0;0;0;0;5;3;0;0;0;0;0;0;0;0;0;0;1;1;0;0;0;0;0;0;0;0;0;0;0;0;0;0;0;0;0;0;0;0;0;0;0;0;;;;;;;;;;;;;;;;;;
22.01.2025;16:44;A 22;1;0;0;5;46;0;0;8;9;0;0;4;76;1;0;4;68;1;3;0;87;2;79;0;0;0;0;2;8;0;0;0;0;3;2;1;0;2;1;0;0;1;3;0;0;0;0;0;0;0;0;1;1;0;0;0;0;0;0;0;0;1;1;0;0;0;0;0;0;0;0;;;;;;;;;;;;;;;;;;
22.01.2025;16:43;A 22;1;0;0;4;13;0;0;4;3;0;0;5;72;1;1;6;61;0;0;3;84;1;78;0;0;0;0;0;0;0;0;0;0;0;0;0;0;1;1;0;0;0;0;1;1;0;0;0;0;0;0;0;0;1;1;0;0;0;0;0;0;0;0;0;0;0;0;0;0;0;0;;;;;;;;;;;;;;;;;;
22.01.2025;16:42;A 22;1;1;10;2;7;2;0;2;1;0;0;1;52;2;4;1;44;1;2;4;51;1;55;0;0;0;1;4;9;0;0;0;0;4;3;0;0;0;0;0;0;0;0;0;0;1;1;0;0;0;0;0;0;0;0;2;3;0;0;0;0;1;1;0;0;0;0;0;0;0;0;;;;;;;;;;;;;;;;;;
22.01.2025;16:41;A 22;1;1;1;4;22;1;0;5;4;0;0;3;87;1;0;2;90;0;0;0;98;0;92;4;11;2;3;8;24;0;0;1;0;9;8;0;0;0;0;0;0;0;0;1;1;0;0;0;0;0;0;0;0;0;0;0;0;0;0;0;0;1;1;0;0;0;0;0;0;0;0;;;;;;;;;;;;;;;;;;
22.01.2025;16:40;A 22;1;1;0;4;31;1;0;4;4;0;0;1;48;1;1;1;64;1;3;1;50;1;55;0;0;0;0;0;0;0;0;0;0;1;0;2;3;1;1;1;9;1;5;0;0;0;0;0;0;0;0;0;0;1;1;0;0;0;0;0;0;0;0;0;0;1;1;0;0;0;0;;;;;;;;;;;;;;;;;;
22.01.2025;16:39;A 22;1;0;0;7;47;0;0;10;10;0;0;1;9;0;0;1;28;0;0;1;12;1;6;1;2;1;0;7;26;0;0;1;0;7;7;1;0;1;0;1;3;2;10;1;1;0;0;0;0;1;1;0;0;0;0;0;0;0;0;0;0;0;0;0;0;0;0;0;0;0;0;;;;;;;;;;;;;;;;;;
22.01.2025;16:38;A 22;1;1;1;5;35;2;1;7;8;0;0;3;84;2;8;4;85;2;20;1;56;0;95;1;3;1;4;6;20;0;0;1;0;7;7;0;0;1;0;0;0;1;3;0;0;0;0;0;0;0;0;0;0;1;1;0;0;0;0;0;0;0;0;1;1;1;1;0;0;0;0;;;;;;;;;;;;;;;;;;
22.01.2025;16:37;A 22;1;2;4;3;8;1;0;4;3;0;0;1;53;1;0;3;88;1;3;1;11;1;57;0;0;0;0;3;10;0;0;0;0;3;3;0;0;0;0;0;0;0;0;1;1;0;0;0;0;0;0;0;0;0;0;0;0;0;0;0;0;0;0;0;0;0;0;0;0;0;0;;;;;;;;;;;;;;;;;;
22.01.2025;16:36;A 22;1;0;0;4;79;0;0;13;18;0;0;0;0;0;0;1;80;0;0;0;0;1;86;2;5;0;0;9;48;0;0;0;0;12;11;0;0;0;0;0;0;0;0;0;0;0;0;0;0;0;0;0;0;0;0;0;0;0;0;0;0;0;0;0;0;0;0;0;0;0;0;;;;;;;;;;;;;;;;;;
22.01.2025;16:35;A 22;1;3;7;4;75;2;0;11;10;0;0;2;77;4;4;1;1;1;2;0;82;1;8;3;9;0;0;6;26;0;0;0;0;8;7;0;0;1;55;0;0;1;9;0;0;0;0;0;0;0;0;0;0;0;0;0;0;0;0;0;0;0;0;0;0;0;0;0;0;0;0;;;;;;;;;;;;;;;;;;
22.01.2025;16:34;A 22;1;0;0;4;66;0;0;5;6;0;0;4;47;3;2;2;27;2;6;3;60;2;33;1;3;0;0;0;0;0;0;0;0;0;0;1;3;1;1;1;11;0;0;0;0;0;0;0;0;1;1;0;0;0;0;1;1;0;0;0;0;0;0;0;0;1;2;0;0;0;0;;;;;;;;;;;;;;;;;;
22.01.2025;16:33;A 22;1;1;3;5;25;1;0;7;7;0;0;3;68;2;0;3;42;1;2;2;76;2;50;0;0;0;0;3;12;0;0;0;0;5;4;0;0;0;0;0;0;0;0;0;0;0;0;0;0;1;1;0;0;0;0;0;0;0;0;0;0;1;1;0;0;0;0;0;0;0;0;;;;;;;;;;;;;;;;;;
22.01.2025;16:32;A 22;1;1;2;4;47;3;1;10;14;0;0;2;94;3;2;2;93;1;3;0;100;0;99;4;8;0;0;3;9;0;0;0;0;2;2;1;0;3;62;0;0;2;43;1;1;0;0;0;0;1;1;0;0;1;1;0;0;0;0;0;0;1;1;0;0;1;1;0;0;0;0;;;;;;;;;;;;;;;;;;
22.01.2025;16:31;A 22;1;0;0;2;43;0;0;4;4;0;0;3;39;0;0;5;49;0;0;1;55;2;61;0;0;0;0;1;3;0;0;0;0;2;2;1;1;2;18;0;0;1;9;0;0;0;0;0;0;1;1;0;0;1;1;0;0;0;0;0;0;3;5;0;0;1;1;0;0;0;0;;;;;;;;;;;;;;;;;;
22.01.2025;16:30;A 22;1;0;0;10;33;0;0;10;9;0;0;0;1;2;2;0;100;0;0;1;2;1;73;0;0;2;5;6;22;0;0;2;0;10;9;0;0;0;0;0;0;0;0;0;0;0;0;0;0;0;0;0;0;0;0;0;0;0;0;0;0;25;41;0;0;0;0;0;0;0;0;;;;;;;;;;;;;;;;;;
22.01.2025;16:29;A 22;1;4;7;2;56;2;0;4;5;0;0;2;56;1;1;2;58;0;0;2;27;1;49;5;19;1;2;6;20;0;0;0;0;7;6;1;1;1;0;1;4;2;12;1;1;0;0;0;0;0;0;0;0;0;0;1;1;0;0;0;0;0;0;0;0;0;0;0;0;0;0;;;;;;;;;;;;;;;;;;
22.01.2025;16:28;A 22;1;0;0;3;15;0;0;2;3;0;0;3;26;0;0;3;30;0;0;2;23;1;37;1;2;0;0;0;0;0;0;1;0;1;0;0;0;0;24;0;0;0;0;0;0;0;0;1;1;0;0;0;0;0;0;0;0;0;0;0;0;0;0;0;0;0;0;0;0;0;0;;;;;;;;;;;;;;;;;;
22.01.2025;16:27;A 22;1;0;0;6;32;0;0;8;8;0;0;0;0;0;0;1;74;0;0;0;0;1;79;1;3;0;0;7;21;0;0;0;0;8;7;1;2;1;87;0;0;2;81;0;0;0;0;0;0;1;1;0;0;0;0;0;0;0;0;0;0;0;0;0;0;0;0;0;0;0;0;;;;;;;;;;;;;;;;;;
22.01.2025;16:26;A 22;1;0;0;8;31;0;0;9;9;0;0;3;84;3;4;3;61;2;12;0;97;1;68;2;3;0;0;7;24;0;0;0;0;7;7;1;1;1;74;0;0;1;17;1;1;0;0;0;0;1;1;0;0;0;0;0;0;0;0;0;0;4;6;0;0;0;0;0;0;0;0;;;;;;;;;;;;;;;;;;
22.01.2025;16:25;A 22;1;3;16;3;41;1;0;4;6;0;0;3;75;2;1;3;49;2;7;1;83;0;53;1;3;0;0;0;0;0;0;0;0;0;0;1;0;3;51;1;4;1;56;0;0;0;0;0;0;0;0;0;0;1;1;0;0;0;0;0;0;0;0;0;0;1;1;0;0;0;0;;;;;;;;;;;;;;;;;;
22.01.2025;16:24;A 22;1;1;2;2;15;1;0;2;1;0;0;1;85;1;0;0;100;1;4;1;89;0;100;1;1;2;5;4;13;0;0;1;0;7;6;0;0;1;81;0;0;1;90;1;1;1;1;0;0;0;0;1;1;0;0;0;0;0;0;0;0;0;0;0;0;0;0;0;0;0;0;;;;;;;;;;;;;;;;;;
22.01.2025;16:23;A 22;1;4;7;5;28;2;1;8;8;0;0;1;71;2;2;1;2;2;8;0;74;1;8;0;0;0;0;6;21;0;0;0;0;7;6;1;1;2;74;0;0;0;79;0;0;1;1;0;0;0;0;0;0;0;0;0;0;0;0;0;0;0;0;0;0;0;0;0;0;0;0;;;;;;;;;;;;;;;;;;
22.01.2025;16:22;A 22;1;0;0;2;35;1;0;3;6;0;0;2;27;0;0;5;35;0;0;2;34;0;43;0;0;0;0;4;19;0;0;0;0;4;4;0;0;2;20;0;0;2;14;0;0;0;0;0;0;0;0;0;0;1;1;0;0;0;0;0;0;0;0;1;1;2;3;0;0;0;0;;;;;;;;;;;;;;;;;;
22.01.2025;16:21;A 22;1;6;10;7;37;3;1;11;11;0;0;0;0;1;1;1;29;1;5;0;0;1;34;3;5;0;0;9;37;0;0;0;0;12;13;0;0;1;1;0;0;1;12;0;0;0;0;0;0;0;0;0;0;0;0;0;0;0;0;0;0;0;0;0;0;0;0;0;0;0;0;;;;;;;;;;;;;;;;;;
22.01.2025;16:20;A 22;1;1;8;4;26;0;0;6;5;0;0;2;66;0;0;2;3;0;0;2;46;1;8;4;9;0;0;3;10;0;0;0;0;3;2;1;2;2;23;1;3;1;30;1;1;0;0;0;0;1;1;1;1;0;0;0;0;0;0;0;0;0;0;0;0;0;0;0;0;0;0;;;;;;;;;;;;;;;;;;
22.01.2025;16:19;A 22;1;1;2;1;43;2;1;4;5;0;0;2;2;3;1;5;46;3;9;2;8;1;61;1;3;0;0;3;9;0;0;0;0;3;3;0;0;1;11;0;0;1;4;0;0;1;1;1;1;0;0;0;0;0;0;0;0;0;0;1;1;0;0;0;0;0;0;0;0;0;0;;;;;;;;;;;;;;;;;;
22.01.2025;16:18;A 22;1;0;0;7;39;0;0;9;10;0;0;0;0;0;0;0;100;0;0;0;0;0;100;1;3;0;0;6;24;0;0;0;0;9;8;0;0;0;0;0;0;0;0;0;0;1;1;0;0;0;0;0;0;0;0;0;0;0;0;0;0;0;0;0;0;0;0;0;0;0;0;;;;;;;;;;;;;;;;;;
22.01.2025;16:17;A 22;1;2;10;3;97;1;0;11;22;0;0;2;74;3;5;3;92;2;7;2;49;0;100;0;0;0;0;4;17;0;0;0;0;5;5;0;0;2;56;0;0;1;64;0;0;0;0;0;0;0;0;1;1;0;0;0;0;0;0;0;0;0;0;1;1;0;0;0;0;0;0;;;;;;;;;;;;;;;;;;
22.01.2025;16:16;A 22;1;1;7;0;100;3;1;2;94;0;0;2;37;1;20;5;57;0;21;3;33;2;75;0;0;0;0;1;3;0;0;0;0;1;1;0;20;1;22;0;23;1;5;0;0;0;0;0;0;0;0;0;0;0;0;0;0;0;0;0;0;0;0;0;0;0;0;0;0;0;0;;;;;;;;;;;;;;;;;;
22.01.2025;16:15;A 22;1;1;2;5;53;2;1;9;17;0;0;0;100;0;100;0;100;1;21;0;100;0;100;1;4;0;0;8;22;0;0;0;0;9;7;0;100;0;100;0;100;1;4;0;0;0;0;0;0;0;0;1;1;0;0;0;0;0;0;0;0;1;1;0;0;0;0;0;0;0;0;;;;;;;;;;;;;;;;;;
22.01.2025;16:14;A 22;1;1;5;4;78;1;0;12;14;0;0;1;16;4;16;2;88;3;13;2;24;0;100;2;4;0;0;6;56;0;0;0;0;6;7;2;47;1;79;1;80;1;50;0;0;1;1;0;0;0;0;0;0;1;1;0;0;0;0;0;0;0;0;0;0;0;0;0;0;0;0;;;;;;;;;;;;;;;;;;
22.01.2025;16:13;A 22;1;1;6;2;32;1;0;2;1;0;0;4;37;1;0;6;59;0;0;2;47;3;79;0;0;0;0;1;2;0;0;0;0;1;1;0;0;1;0;0;0;0;0;0;0;0;0;0;0;0;0;0;0;0;0;0;0;0;0;0;0;0;0;0;0;0;0;0;0;0;0;;;;;;;;;;;;;;;;;;
22.01.2025;16:12;A 22;1;0;0;6;31;2;1;7;7;0;0;1;60;0;0;1;67;0;0;1;65;1;73;0;0;0;0;3;5;0;0;0;0;3;2;0;0;1;1;0;0;1;12;1;1;0;0;0;0;0;0;0;0;0;0;0;0;0;0;0;0;0;0;0;0;0;0;0;0;0;0;;;;;;;;;;;;;;;;;;
22.01.2025;16:11;A 22;1;1;1;8;33;0;0;7;7;0;0;1;65;0;0;3;7;0;0;0;69;1;45;2;3;1;4;4;13;0;0;1;0;6;5;0;0;1;39;0;0;1;45;0;0;0;0;0;0;0;0;0;0;0;0;0;0;0;0;0;0;0;0;1;1;0;0;0;0;0;0;;;;;;;;;;;;;;;;;;
22.01.2025;16:10;A 22;1;0;0;5;57;0;0;8;7;0;0;3;80;2;2;4;30;1;5;2;89;0;39;0;0;0;0;1;2;0;0;0;0;1;1;1;24;0;23;1;26;0;0;1;1;0;0;0;0;0;0;0;0;0;0;1;1;0;0;0;0;0;0;0;0;0;0;0;0;0;0;;;;;;;;;;;;;;;;;;
22.01.2025;16:09;A 22;1;1;4;3;22;1;0;4;3;0;0;0;100;0;0;1;63;0;0;0;100;1;68;0;0;0;0;1;2;0;0;0;0;1;0;2;6;1;7;2;9;1;6;0;0;1;1;0;0;0;0;0;0;0;0;1;1;0;0;0;0;0;0;0;0;0;0;0;0;0;0;;;;;;;;;;;;;;;;;;
22.01.2025;16:08;A 22;1;1;5;7;50;0;0;7;7;0;0;3;84;2;1;1;53;1;4;1;91;0;54;1;3;1;6;6;15;0;0;1;0;6;5;1;1;3;7;3;5;2;18;0;0;0;0;0;0;0;0;0;0;1;1;0;0;0;0;0;0;0;0;0;0;1;1;0;0;0;0;;;;;;;;;;;;;;;;;;
22.01.2025;16:07;A 22;1;1;8;2;55;1;1;4;6;0;0;4;34;3;1;5;37;1;2;3;46;2;51;0;0;0;0;1;2;0;0;0;0;2;1;0;0;1;12;0;0;1;9;1;1;0;0;0;1;0;0;1;1;0;0;0;0;0;0;1;1;0;0;1;1;0;0;0;0;0;0;;;;;;;;;;;;;;;;;;
22.01.2025;16:06;A 22;1;0;0;3;47;0;0;7;7;0;0;0;0;0;0;1;57;0;0;0;0;1;63;0;0;0;0;8;23;0;0;0;0;8;8;0;0;1;9;0;0;1;9;0;0;0;0;1;0;1;1;0;0;0;0;0;0;0;0;0;0;0;0;0;0;0;0;0;0;0;0;;;;;;;;;;;;;;;;;;
22.01.2025;16:05;A 22;1;2;3;8;63;2;1;12;12;0;0;3;6;3;1;2;76;2;10;1;76;0;81;2;9;0;0;3;12;0;0;0;0;5;4;2;2;0;0;2;10;2;8;0;0;0;0;0;0;1;1;0;0;0;0;0;0;0;0;1;1;0;0;0;0;0;0;0;0;0;0;;;;;;;;;;;;;;;;;;
22.01.2025;16:04;A 22;1;0;0;3;11;0;0;4;2;0;0;1;27;0;6;4;37;0;9;0;29;1;59;0;0;0;0;0;0;0;0;0;0;0;0;0;0;0;0;0;0;1;5;0;0;0;0;0;0;0;0;0;0;0;0;0;0;0;0;0;0;0;0;0;0;0;0;0;0;0;0;;;;;;;;;;;;;;;;;;
22.01.2025;16:03;A 22;1;1;5;6;57;1;0;9;16;0;0;1;82;2;15;2;4;2;22;1;86;2;74;3;9;0;0;7;19;0;0;0;0;7;6;0;0;0;0;0;0;0;0;0;0;1;1;0;0;1;1;0;0;0;0;0;0;0;0;0;0;1;1;2;4;0;0;0;0;0;0;;;;;;;;;;;;;;;;;;
22.01.2025;16:02;A 22;1;3;6;2;43;1;0;3;4;0;0;6;81;2;72;5;79;1;2;0;92;2;94;0;0;2;7;9;27;0;0;2;1;12;10;0;0;1;0;0;0;0;0;0;0;0;0;0;0;1;1;0;0;0;0;0;0;0;0;0;0;1;1;0;0;0;0;0;0;0;0;;;;;;;;;;;;;;;;;;
22.01.2025;16:01;A 22;1;1;2;1;86;1;0;10;28;0;0;3;90;2;81;5;76;1;7;0;100;1;85;0;0;0;0;0;0;0;0;0;0;0;0;0;0;0;0;0;0;0;0;0;0;0;0;0;0;0;0;0;0;0;0;0;0;0;0;0;0;0;0;0;0;0;0;0;0;0;0;;;;;;;;;;;;;;;;;;
22.01.2025;16:00;A 22;1;1;4;4;30;2;1;8;9;0;0;1;80;0;0;0;100;0;0;0;100;0;100;0;0;1;0;8;26;0;0;1;0;8;8;1;1;0;0;1;8;1;3;0;0;1;1;0;0;0;0;0;0;0;0;0;0;0;0;0;0;0;0;0;0;0;0;0;0;0;0;;;;;;;;;;;;;;;;;;
22.01.2025;15:59;A 22;1;3;4;3;97;1;0;7;48;0;0;0;27;2;1;2;32;2;6;0;100;2;22;4;4;0;0;2;78;0;0;0;0;7;17;0;0;2;3;0;0;1;6;0;0;0;0;1;1;0;0;0;0;0;0;0;0;0;0;1;1;0;0;1;1;0;0;0;0;0;0;;;;;;;;;;;;;;;;;;
22.01.2025;15:58;A 22;1;0;0;3;45;0;0;4;4;0;0;4;17;1;23;3;27;0;28;0;100;3;20;0;0;0;0;1;79;0;0;0;0;2;2;0;0;1;1;0;0;1;6;0;0;0;0;0;0;0;0;0;0;1;1;0;0;0;0;0;0;0;0;0;0;0;0;0;0;0;0;;;;;;;;;;;;;;;;;;
22.01.2025;15:57;A 22;1;0;0;9;33;0;0;10;9;0;0;0;0;1;49;1;1;1;47;0;100;0;0;1;4;1;3;3;14;0;0;1;0;7;6;0;0;0;0;0;0;0;0;1;1;0;0;0;0;0;0;0;0;0;0;0;0;0;0;0;0;0;0;0;0;0;0;0;0;0;0;;;;;;;;;;;;;;;;;;
22.01.2025;15:56;A 22;1;2;3;4;15;1;0;4;3;0;0;2;72;5;6;3;71;2;11;0;100;0;76;3;9;1;4;3;16;0;0;0;0;5;5;0;0;2;1;0;0;0;0;0;0;0;0;0;0;1;1;0;0;0;0;0;0;0;0;0;0;1;1;0;0;0;0;0;0;0;0;;;;;;;;;;;;;;;;;;
22.01.2025;15:55;A 22;1;0;0;0;0;1;0;0;0;0;0;4;55;4;7;6;36;0;0;0;100;1;59;1;5;0;0;1;3;0;0;0;0;1;1;2;10;3;29;1;13;0;47;1;1;0;0;0;0;0;0;0;0;0;0;1;1;0;0;0;0;0;0;0;0;0;0;0;0;0;0;;;;;;;;;;;;;;;;;;
22.01.2025;15:54;A 22;1;0;0;7;30;1;0;10;8;0;0;1;67;0;0;0;100;0;0;0;100;0;100;0;0;2;5;8;21;0;0;2;1;10;9;1;2;0;100;1;7;1;89;0;0;0;0;0;0;1;1;0;0;0;0;0;0;0;0;0;0;1;1;0;0;0;0;0;0;0;0;;;;;;;;;;;;;;;;;;
22.01.2025;15:53;A 22;1;0;0;5;85;0;0;7;11;0;0;0;0;0;0;3;64;0;0;1;32;2;73;0;0;1;5;0;98;0;0;1;1;3;61;1;17;2;33;0;0;3;22;0;0;0;0;0;0;0;0;1;1;0;0;0;0;0;0;0;0;0;0;1;1;0;0;0;0;0;0;;;;;;;;;;;;;;;;;;
22.01.2025;15:52;A 22;1;0;0;5;15;0;0;4;3;0;0;1;43;1;1;2;72;1;4;0;47;1;78;2;1;0;0;1;95;0;0;0;0;1;1;1;0;1;0;1;3;1;3;0;0;0;0;0;0;0;0;0;0;0;0;1;1;0;0;1;1;0;0;0;0;0;0;0;0;0;0;;;;;;;;;;;;;;;;;;
22.01.2025;15:51;A 22;1;0;0;4;35;0;0;5;5;0;0;1;34;2;2;2;2;2;6;1;38;2;9;0;0;1;2;7;28;0;0;1;0;9;8;0;0;0;0;0;0;0;0;0;0;0;0;0;0;0;0;1;1;0;0;0;0;0;0;0;0;0;0;0;0;0;0;0;0;0;0;;;;;;;;;;;;;;;;;;
22.01.2025;15:50;A 22;1;0;0;7;52;0;0;9;10;0;0;0;68;1;0;6;81;1;2;0;0;1;93;2;5;4;9;4;15;0;0;3;1;6;7;1;0;1;1;1;1;2;13;0;0;1;1;0;0;0;0;0;0;0;0;0;0;0;0;0;0;0;0;0;0;0;0;0;0;0;0;;;;;;;;;;;;;;;;;;
22.01.2025;15:49;A 22;1;1;6;2;36;3;1;4;10;0;0;3;17;2;2;4;32;1;3;2;36;1;37;0;0;0;0;2;7;0;0;0;0;2;2;0;0;0;0;0;0;0;0;2;3;1;1;0;0;0;0;1;1;0;0;0;1;0;0;0;0;0;0;0;0;0;0;0;0;0;0;;;;;;;;;;;;;;;;;;
22.01.2025;15:48;A 22;1;1;2;9;34;1;0;10;9;0;0;0;0;1;1;1;95;1;5;0;0;0;100;0;0;0;0;8;19;0;0;0;0;8;6;0;0;0;0;0;0;0;0;2;2;0;0;0;0;0;0;0;0;0;0;2;1;0;0;0;0;0;0;0;0;0;0;0;0;0;0;;;;;;;;;;;;;;;;;;
22.01.2025;15:47;A 22;1;3;3;4;27;1;0;8;8;0;0;2;65;1;0;0;0;1;2;0;69;1;0;2;6;0;0;7;19;0;0;2;0;7;6;0;0;1;0;0;0;0;0;0;0;1;1;0;0;1;1;0;0;2;3;0;0;0;0;0;0;0;0;0;0;1;1;0;0;0;0;;;;;;;;;;;;;;;;;;
22.01.2025;15:46;A 22;1;0;0;2;12;0;0;3;3;0;0;4;48;0;0;3;31;0;0;2;59;0;32;0;0;0;0;2;22;0;0;0;0;3;4;2;1;2;26;0;0;2;9;0;0;0;0;1;1;0;0;0;0;1;1;0;0;0;0;1;1;0;0;0;0;1;1;0;0;0;0;;;;;;;;;;;;;;;;;;
22.01.2025;15:45;A 22;1;1;3;9;58;1;0;11;14;0;0;1;85;1;1;1;44;1;3;1;90;1;53;0;0;0;0;10;32;0;0;0;0;10;10;1;1;1;62;1;5;2;14;1;1;0;0;0;0;0;0;0;0;0;0;0;0;0;0;0;0;2;3;0;0;0;0;0;0;0;0;;;;;;;;;;;;;;;;;;
22.01.2025;15:44;A 22;1;2;2;5;14;2;0;6;4;0;0;2;93;0;7;1;93;0;0;0;96;0;95;0;0;0;0;3;10;0;0;0;0;5;5;1;0;0;0;1;4;1;3;0;0;1;1;0;0;0;0;0;0;0;0;0;0;0;0;0;0;0;0;0;0;0;0;0;0;0;0;;;;;;;;;;;;;;;;;;
22.01.2025;15:43;A 22;1;2;3;1;4;2;0;1;1;0;0;4;56;1;23;4;51;0;0;1;64;2;66;0;2;0;0;2;30;0;0;0;0;3;3;0;19;0;19;0;20;0;0;0;0;0;0;0;0;0;0;0;0;0;0;0;0;0;0;0;0;0;0;0;0;0;0;0;0;0;0;;;;;;;;;;;;;;;;;;
22.01.2025;15:42;A 22;1;0;0;5;25;1;0;7;7;0;0;0;100;1;1;1;94;1;6;1;16;1;99;2;1;0;0;7;24;0;0;1;2;7;7;1;2;1;2;1;3;1;6;0;0;0;0;0;0;0;0;0;0;0;0;0;0;0;0;0;0;1;1;0;0;0;0;0;0;0;0;;;;;;;;;;;;;;;;;;
22.01.2025;15:41;A 22;1;3;2;5;38;0;0;10;10;0;0;3;87;1;0;4;74;1;3;0;89;0;78;3;5;0;0;4;10;0;0;0;0;4;3;2;64;4;8;1;71;2;13;1;1;0;0;0;0;0;0;0;0;0;0;1;1;0;0;0;0;0;0;0;0;0;0;0;0;0;0;;;;;;;;;;;;;;;;;;
22.01.2025;15:40;A 22;1;0;0;0;25;0;0;0;0;0;0;1;25;2;2;1;36;1;6;1;31;1;42;2;2;0;0;1;33;0;0;0;0;1;0;0;100;0;0;0;100;2;13;0;0;0;0;0;0;0;0;0;0;0;0;0;0;0;0;0;0;0;0;0;0;0;0;0;0;0;0;;;;;;;;;;;;;;;;;;
22.01.2025;15:39;A 22;1;0;0;5;66;0;0;8;8;0;0;4;42;2;2;3;51;2;6;1;53;1;62;0;0;0;0;3;45;0;0;0;0;7;9;1;46;2;0;1;48;1;10;0;0;1;1;0;0;0;0;0;0;0;0;0;0;0;0;0;0;0;0;0;0;0;0;0;0;0;0;;;;;;;;;;;;;;;;;;
22.01.2025;15:38;A 22;1;0;0;4;47;0;0;5;7;0;0;2;60;1;0;3;68;1;2;1;68;1;70;0;0;0;0;2;10;0;0;0;0;4;4;0;0;1;1;0;0;2;14;0;0;0;0;0;0;0;0;1;1;1;1;0;0;0;0;0;0;0;0;0;0;1;1;0;0;0;0;;;;;;;;;;;;;;;;;;
22.01.2025;15:37;A 22;1;0;0;5;36;0;0;6;6;0;0;1;21;0;0;6;36;0;0;0;29;2;50;0;0;0;0;1;3;0;0;0;0;1;0;0;0;0;24;0;0;1;11;0;0;1;1;0;0;1;1;0;0;1;1;0;0;0;0;0;0;0;0;0;0;1;1;0;0;0;0;;;;;;;;;;;;;;;;;;
22.01.2025;15:36;A 22;1;2;1;7;72;3;1;12;15;0;0;0;100;0;0;1;66;0;0;1;62;1;72;3;5;0;0;9;28;0;0;0;0;9;9;2;3;2;34;1;11;2;13;1;1;1;1;0;0;1;1;0;0;0;0;1;1;0;0;0;0;1;1;0;0;0;0;0;0;0;0;;;;;;;;;;;;;;;;;;
22.01.2025;15:35;A 22;1;0;0;4;84;0;0;12;13;0;0;4;82;1;1;1;47;0;0;1;88;1;54;1;1;0;0;5;12;0;0;0;0;5;4;0;0;0;0;0;100;0;0;0;0;0;0;0;0;0;0;0;0;0;0;0;0;0;0;0;0;0;0;0;0;1;1;0;0;0;0;;;;;;;;;;;;;;;;;;
22.01.2025;15:34;A 22;1;0;0;0;0;0;0;0;0;0;0;4;29;4;4;1;23;3;13;1;41;1;6;0;0;0;0;2;8;0;0;0;0;2;2;0;0;0;21;1;0;2;9;0;0;1;1;0;0;0;0;0;0;0;0;0;0;0;0;0;0;0;0;0;0;0;0;0;0;0;0;;;;;;;;;;;;;;;;;;
22.01.2025;15:33;A 22;1;0;0;10;48;0;0;14;13;0;0;0;100;0;0;1;95;0;0;0;100;0;43;0;0;1;2;8;30;0;0;1;0;8;9;0;0;1;66;0;0;1;9;0;0;0;0;0;0;0;0;0;0;0;0;0;0;0;0;0;0;0;0;0;0;0;0;0;0;0;0;;;;;;;;;;;;;;;;;;
22.01.2025;15:32;A 22;1;0;0;3;14;0;0;3;3;0;0;3;40;2;1;2;28;1;4;2;53;1;34;2;8;0;0;2;85;0;0;0;0;11;64;0;0;0;0;0;0;0;0;1;1;0;0;0;0;0;0;0;0;1;1;0;0;0;0;0;0;0;0;0;0;1;1;0;0;0;0;;;;;;;;;;;;;;;;;;
22.01.2025;15:31;A 22;1;0;0;7;34;0;0;8;7;0;0;2;40;1;0;3;60;0;0;2;37;1;69;0;0;0;0;4;10;0;0;0;0;3;3;0;0;1;1;0;0;2;6;0;0;1;1;1;1;1;1;0;0;0;0;0;0;0;0;1;1;0;0;0;0;0;0;0;0;0;0;;;;;;;;;;;;;;;;;;
22.01.2025;15:30;A 22;1;0;0;4;26;0;0;7;6;0;0;0;100;0;0;0;100;0;0;0;0;0;100;0;0;0;0;8;32;0;0;0;0;9;11;0;0;0;0;0;0;0;0;0;0;0;0;0;0;0;0;0;0;0;0;0;0;0;0;0;0;0;0;0;0;0;0;0;0;0;0;;;;;;;;;;;;;;;;;;
22.01.2025;15:29;A 22;1;0;0;1;91;0;0;5;10;0;0;3;53;2;1;1;48;1;2;3;23;1;53;3;8;1;7;3;83;0;0;2;4;8;63;1;0;1;2;0;0;1;13;0;0;1;1;0;0;0;0;0;0;1;1;0;0;0;0;0;0;0;0;0;0;1;1;0;0;0;0;;;;;;;;;;;;;;;;;;
22.01.2025;15:28;A 22;1;0;0;1;5;0;0;2;2;0;0;2;45;3;1;6;65;0;0;2;9;1;83;0;0;0;0;3;12;0;0;0;0;3;3;1;1;1;25;1;4;0;24;1;1;0;0;0;0;1;1;0;0;1;1;0;0;0;0;1;1;1;1;0;0;1;1;0;0;0;0;;;;;;;;;;;;;;;;;;
22.01.2025;15:27;A 22;1;0;0;5;42;1;0;9;12;0;0;0;0;0;0;1;57;0;0;1;3;1;65;0;0;1;2;4;10;0;0;1;0;5;4;0;0;1;40;0;0;2;37;0;0;0;0;0;0;1;1;0;0;0;0;0;0;0;0;0;0;0;0;0;0;0;0;0;0;0;0;;;;;;;;;;;;;;;;;;
22.01.2025;15:26;A 22;1;1;2;6;26;0;0;8;8;0;0;1;4;1;2;1;49;1;6;2;18;2;10;1;3;0;0;3;8;0;0;0;0;3;2;0;0;0;0;0;0;0;0;0;0;0;0;0;0;0;0;0;0;0;0;0;0;0;0;0;0;0;0;0;0;0;0;0;0;0;0;;;;;;;;;;;;;;;;;;
22.01.2025;15:25;A 22;1;0;0;5;53;0;0;5;4;0;0;2;27;2;3;4;31;1;10;1;35;2;40;2;3;0;0;1;5;0;0;0;0;1;1;1;0;2;2;0;0;1;7;1;1;1;1;0;0;0;0;1;1;1;1;0;0;0;0;0;0;0;0;0;0;1;1;0;0;0;0;;;;;;;;;;;;;;;;;;
22.01.2025;15:24;A 22;1;1;1;5;54;1;0;10;11;0;0;1;99;1;1;1;36;1;3;1;63;1;42;0;0;0;0;6;15;0;0;1;5;7;5;0;0;0;0;0;0;0;0;0;0;1;1;0;0;0;0;0;0;0;0;0;0;0;0;0;0;0;0;1;1;0;0;0;0;0;0;;;;;;;;;;;;;;;;;;
22.01.2025;15:23;A 22;1;2;8;4;33;2;1;7;8;0;0;1;1;2;1;4;80;0;0;2;4;0;88;1;3;1;3;3;9;0;0;1;0;5;3;2;2;2;13;2;12;3;26;0;0;0;1;0;0;0;0;0;0;0;0;0;0;0;0;0;0;1;1;0;0;0;0;0;0;0;0;;;;;;;;;;;;;;;;;;
22.01.2025;15:22;A 22;1;0;0;2;26;1;0;5;4;0;0;4;48;0;0;3;57;0;0;0;61;1;65;0;0;1;3;3;16;0;0;1;0;4;3;0;0;0;41;0;0;1;5;0;0;1;0;0;0;0;0;1;1;0;0;1;1;0;0;0;0;0;0;1;1;0;0;0;0;0;0;;;;;;;;;;;;;;;;;;
22.01.2025;15:21;A 22;1;1;5;1;84;1;0;9;27;0;0;2;29;4;3;3;44;3;8;2;36;3;55;0;0;1;3;2;9;0;0;1;0;3;3;1;1;2;72;0;0;1;7;0;0;0;0;0;0;0;0;0;0;0;0;0;0;0;0;0;0;0;0;0;0;1;1;0;0;0;0;;;;;;;;;;;;;;;;;;
22.01.2025;15:20;A 22;1;2;4;6;50;1;0;12;15;0;0;2;69;0;0;2;57;0;0;0;96;3;62;2;7;0;0;1;7;0;0;0;0;3;2;1;0;2;91;0;0;0;100;0;0;0;0;0;0;0;0;0;0;0;0;1;1;0;0;0;0;1;1;0;0;0;0;0;0;0;0;;;;;;;;;;;;;;;;;;
22.01.2025;15:19;A 22;1;1;12;2;28;0;0;2;6;0;0;2;65;0;0;2;16;0;0;1;72;1;21;2;7;0;0;1;2;0;0;0;0;1;0;0;11;1;58;0;12;1;57;0;0;0;0;0;0;0;0;0;0;1;1;0;0;0;0;0;0;0;0;0;0;1;1;0;0;0;0;;;;;;;;;;;;;;;;;;
22.01.2025;15:18;A 22;1;0;0;7;54;0;0;15;15;0;0;1;72;0;0;1;59;0;0;1;78;1;63;2;8;0;0;9;22;0;0;0;0;9;8;1;69;1;71;1;71;0;0;0;0;0;0;0;0;0;0;0;0;0;0;0;0;0;0;0;0;3;5;0;0;0;0;0;0;0;0;;;;;;;;;;;;;;;;;;
22.01.2025;15:17;A 22;1;3;7;5;32;1;0;8;8;0;0;2;72;3;2;3;69;2;12;1;63;0;74;3;6;1;2;2;6;0;0;0;0;3;3;0;0;1;35;0;0;0;0;0;0;0;0;1;1;0;0;1;1;0;0;0;0;0;0;0;0;0;0;1;1;0;0;0;0;0;0;;;;;;;;;;;;;;;;;;
22.01.2025;15:16;A 22;1;2;4;2;7;3;2;3;3;0;0;4;84;1;1;2;56;0;0;1;47;2;65;0;0;0;0;2;7;0;0;0;0;2;2;1;1;1;7;0;0;0;0;1;1;0;0;0;0;0;0;0;0;0;0;1;1;0;0;0;0;0;0;0;0;0;0;0;0;0;0;;;;;;;;;;;;;;;;;;
22.01.2025;15:15;A 22;1;0;0;6;24;0;0;6;5;0;0;1;83;0;0;1;46;0;0;1;87;1;51;1;3;0;0;6;19;0;0;0;0;7;7;0;0;0;0;0;0;0;0;0;0;0;0;1;1;0;0;0;0;0;0;1;1;0;0;0;0;0;0;0;0;0;0;0;0;0;0;;;;;;;;;;;;;;;;;;
22.01.2025;15:14;A 22;1;0;0;4;43;0;0;8;14;0;0;0;0;0;0;3;78;0;0;0;0;0;88;1;1;3;8;6;16;0;0;2;1;7;7;0;0;2;60;0;0;2;53;0;0;0;0;0;0;0;0;1;1;0;0;1;1;0;0;0;0;0;0;0;0;0;0;0;0;0;0;;;;;;;;;;;;;;;;;;
22.01.2025;15:13;A 22;1;0;0;1;51;0;0;5;13;0;0;2;37;2;2;3;56;1;4;1;43;2;65;0;0;0;0;0;0;0;0;0;0;0;0;0;0;0;0;0;0;0;0;1;1;0;0;0;0;0;0;0;0;0;0;0;0;0;0;0;0;0;0;1;1;0;0;0;0;0;0;;;;;;;;;;;;;;;;;;
22.01.2025;15:12;A 22;1;2;4;3;29;1;0;3;2;0;0;1;91;0;1;1;58;0;0;1;96;1;79;0;0;0;0;5;17;0;0;0;0;7;6;0;0;0;0;0;0;0;0;0;0;0;0;0;0;0;0;0;0;0;0;0;0;0;0;0;0;0;0;0;0;0;0;0;0;0;0;;;;;;;;;;;;;;;;;;
22.01.2025;15:11;A 22;1;2;5;5;65;0;0;11;14;0;0;3;73;3;2;2;77;0;0;0;81;1;10;2;2;0;0;0;0;0;0;0;0;0;0;0;0;2;1;0;0;1;12;0;0;0;0;0;0;0;0;1;1;0;0;0;0;0;0;0;0;0;0;0;0;0;0;0;0;0;0;;;;;;;;;;;;;;;;;;
22.01.2025;15:10;A 22;1;1;3;3;24;0;0;5;11;0;0;1;20;1;1;2;36;1;3;1;25;2;12;0;0;0;0;2;10;0;0;1;1;1;0;0;0;0;0;0;0;0;0;0;0;0;0;0;0;0;0;0;0;2;3;0;0;0;0;0;0;0;0;0;0;0;0;0;0;0;0;;;;;;;;;;;;;;;;;;
22.01.2025;15:09;A 22;1;2;0;5;29;3;1;9;9;0;0;1;1;0;0;1;49;0;0;1;5;1;31;0;0;1;3;2;11;0;0;1;0;5;4;0;0;1;1;0;0;0;2;1;1;1;1;0;0;0;0;0;0;0;0;0;0;0;0;0;0;1;1;0;0;0;0;0;0;0;0;;;;;;;;;;;;;;;;;;
22.01.2025;15:08;A 22;1;4;4;1;8;1;0;1;1;0;0;2;90;3;5;3;94;2;9;0;97;0;99;2;6;0;0;5;15;0;0;0;0;5;5;1;0;0;0;1;4;2;4;1;1;0;0;0;0;0;0;0;0;0;0;1;1;0;0;0;0;0;0;0;0;0;0;0;0;0;0;;;;;;;;;;;;;;;;;;
22.01.2025;15:07;A 22;1;3;3;6;33;1;0;9;9;0;0;1;89;3;43;3;81;0;0;1;93;1;91;0;0;0;0;1;40;0;0;0;0;1;1;0;0;3;3;0;0;1;7;0;0;2;3;0;0;0;0;1;1;0;0;0;0;0;0;0;0;0;0;1;1;0;0;0;0;0;0;;;;;;;;;;;;;;;;;;
22.01.2025;15:06;A 22;1;0;0;0;37;1;0;6;17;0;0;1;12;1;0;1;87;1;5;1;17;1;93;2;3;0;0;7;35;0;0;0;0;9;8;0;0;1;58;0;0;1;66;0;0;0;0;0;0;0;0;0;0;0;0;0;0;0;0;0;0;0;0;0;0;0;0;0;0;0;0;;;;;;;;;;;;;;;;;;
22.01.2025;15:05;A 22;1;0;0;3;24;0;0;6;8;0;0;1;1;1;0;1;47;0;0;1;4;1;50;2;1;0;0;1;2;0;0;0;0;1;0;0;0;1;5;0;0;0;53;0;0;0;0;0;0;0;0;0;0;0;0;0;0;0;0;0;0;0;0;0;0;0;0;0;0;0;0;;;;;;;;;;;;;;;;;;
22.01.2025;15:04;A 22;1;0;0;1;51;0;0;8;16;0;0;3;11;0;0;4;11;0;0;0;20;0;14;0;0;1;2;4;13;0;0;1;0;5;5;2;3;3;40;2;8;4;33;0;0;0;0;0;0;1;1;0;0;0;0;0;0;0;0;0;0;0;0;0;0;0;0;0;0;0;0;;;;;;;;;;;;;;;;;;
22.01.2025;15:03;A 22;1;2;3;2;7;1;0;1;1;0;0;0;100;1;0;0;100;1;3;0;100;0;100;0;0;1;2;4;24;0;0;3;2;7;9;0;0;0;0;0;0;1;72;1;1;3;5;0;0;0;0;0;0;0;0;2;3;0;0;0;0;0;0;0;0;0;0;0;0;0;0;;;;;;;;;;;;;;;;;;
22.01.2025;15:02;A 22;1;1;1;5;26;1;0;8;7;0;0;3;91;1;0;2;79;0;0;0;100;2;81;0;0;0;0;6;12;0;0;0;0;6;4;0;0;1;11;0;0;1;10;1;1;0;0;0;0;0;0;0;0;1;1;0;0;0;0;0;0;0;0;0;0;1;1;0;0;0;0;;;;;;;;;;;;;;;;;;
22.01.2025;15:01;A 22;1;0;0;4;29;0;0;7;7;0;0;0;100;0;0;0;100;0;0;0;100;0;0;1;3;0;0;2;5;0;0;0;0;2;1;0;0;1;51;0;0;1;8;0;0;0;0;0;0;0;0;0;0;0;0;0;0;0;0;0;0;0;0;0;0;0;0;0;0;0;0;;;;;;;;;;;;;;;;;;
22.01.2025;15:00;A 22;1;2;3;4;85;0;0;7;10;0;0;2;87;1;0;4;70;1;2;1;93;1;58;0;0;0;0;2;63;0;0;0;0;4;5;1;1;0;0;1;6;0;0;0;0;0;0;0;0;0;0;0;0;0;0;0;0;0;0;0;0;0;0;0;0;0;0;0;0;0;0;;;;;;;;;;;;;;;;;;
22.01.2025;14:59;A 22;1;0;0;2;65;0;0;4;6;0;0;1;62;0;0;1;75;0;0;1;66;1;79;0;0;1;3;0;49;0;0;1;0;3;4;0;0;0;0;0;0;0;0;0;0;1;1;0;0;0;0;0;0;0;0;0;0;0;0;0;0;0;0;0;0;0;0;0;0;0;0;;;;;;;;;;;;;;;;;;
22.01.2025;14:58;A 22;1;1;1;0;100;1;0;9;22;0;0;1;23;2;1;2;25;2;7;2;27;1;30;1;8;0;0;2;10;0;0;0;0;3;4;1;0;2;25;0;0;0;30;0;0;2;3;0;0;0;0;0;0;1;1;0;0;0;0;0;0;0;0;0;0;0;0;0;0;0;0;;;;;;;;;;;;;;;;;;
22.01.2025;14:57;A 22;1;0;0;7;37;0;0;11;12;0;0;2;74;0;0;0;100;0;0;2;88;0;100;1;0;1;3;4;14;0;0;1;0;6;6;0;0;1;65;0;0;2;67;0;0;0;0;0;0;0;0;0;0;0;0;0;0;0;0;0;0;0;0;0;0;0;0;0;0;0;0;;;;;;;;;;;;;;;;;;
22.01.2025;14:56;A 22;1;0;0;3;49;0;0;7;7;0;0;0;0;0;0;2;10;0;0;0;0;2;18;0;0;0;0;7;21;0;0;0;0;8;8;0;0;0;0;0;0;0;0;0;0;0;0;0;0;0;0;0;0;0;0;0;0;0;0;0;0;0;0;0;0;0;0;0;0;0;0;;;;;;;;;;;;;;;;;;
22.01.2025;14:55;A 22;1;0;0;8;45;0;0;9;9;0;0;2;35;0;0;2;13;0;0;1;44;2;9;0;0;1;2;6;31;0;0;1;0;8;6;1;0;1;1;0;0;0;0;1;1;0;0;0;0;1;1;1;1;0;0;1;1;0;0;0;0;2;3;1;1;0;0;0;0;0;0;;;;;;;;;;;;;;;;;;
22.01.2025;14:54;A 22;1;0;0;5;46;1;0;9;12;0;0;0;0;0;0;2;34;0;0;0;0;1;42;1;1;0;0;6;53;0;0;0;0;6;6;0;0;1;0;0;0;2;11;1;1;1;1;0;0;0;0;0;0;0;0;0;0;0;0;0;0;0;0;0;0;0;0;0;0;0;0;;;;;;;;;;;;;;;;;;
22.01.2025;14:53;A 22;1;0;0;5;19;1;0;6;5;0;0;4;50;2;2;3;56;0;0;2;65;2;64;0;0;1;2;2;8;0;0;1;0;2;1;0;0;0;0;0;0;0;0;1;1;0;0;0;0;0;0;0;0;0;0;0;0;0;0;0;0;0;0;0;0;0;0;0;0;0;0;;;;;;;;;;;;;;;;;;
22.01.2025;14:52;A 22;1;0;0;3;10;0;0;3;2;0;0;1;2;1;2;3;9;0;0;2;2;2;18;4;10;0;0;5;22;0;0;0;0;7;7;1;1;0;0;1;4;0;0;0;0;1;1;0;0;0;0;0;0;1;1;0;0;0;0;0;0;1;1;0;0;0;0;0;0;0;0;;;;;;;;;;;;;;;;;;
22.01.2025;14:51;A 22;1;0;0;3;12;0;0;4;3;0;0;0;19;1;0;3;26;0;0;0;19;0;34;1;2;0;0;4;9;0;0;0;0;5;4;1;1;0;0;1;5;0;0;0;0;0;0;0;0;0;0;0;0;0;0;0;0;0;0;0;0;1;1;0;0;0;0;0;0;0;0;;;;;;;;;;;;;;;;;;
22.01.2025;14:50;A 22;1;2;2;4;72;1;0;7;6;0;0;1;34;0;0;2;74;0;0;1;39;2;75;0;0;0;0;5;10;0;0;0;0;5;3;0;0;0;0;0;0;0;0;0;0;1;1;0;0;0;0;0;0;0;0;0;0;0;0;0;0;0;0;0;0;0;0;0;0;0;0;;;;;;;;;;;;;;;;;;
22.01.2025;14:49;A 22;1;0;0;4;42;0;0;7;8;0;0;2;65;1;0;3;43;0;0;1;94;2;57;0;0;0;0;2;4;0;0;0;0;2;1;1;2;0;0;1;8;0;0;0;0;0;0;0;0;0;0;0;0;0;0;0;0;0;0;0;0;1;1;0;0;0;0;0;0;0;0;;;;;;;;;;;;;;;;;;
22.01.2025;14:48;A 22;1;1;0;4;19;1;0;5;4;0;0;1;33;0;0;1;58;0;0;1;34;1;62;0;0;0;0;2;6;0;0;0;0;2;2;1;1;3;15;3;9;2;46;0;0;0;0;0;0;0;0;0;0;0;0;0;0;0;0;0;0;0;0;0;0;0;0;0;0;0;0;;;;;;;;;;;;;;;;;;
22.01.2025;14:47;A 22;1;1;1;2;30;2;1;5;5;0;0;4;73;4;4;2;64;0;0;1;76;2;73;0;0;1;3;3;9;0;0;1;0;4;3;0;0;0;0;0;0;0;0;0;0;0;0;0;0;1;1;0;0;0;0;0;0;0;0;0;0;1;1;0;0;0;0;0;0;0;0;;;;;;;;;;;;;;;;;;
22.01.2025;14:46;A 22;1;0;0;0;100;0;0;6;35;0;0;2;75;2;2;1;54;1;4;2;81;1;57;1;4;0;0;2;11;0;0;1;0;3;2;0;0;1;0;0;0;0;0;0;0;0;0;0;0;0;0;0;0;0;0;0;0;0;0;0;0;0;0;0;0;1;1;0;0;0;0;;;;;;;;;;;;;;;;;;
22.01.2025;14:45;A 22;1;0;0;5;29;0;0;6;6;0;0;1;12;2;2;3;47;2;7;1;17;2;61;0;0;0;0;4;24;0;0;1;1;4;7;0;0;2;11;0;0;1;7;0;0;0;0;0;0;0;0;0;0;0;0;0;0;0;0;0;0;0;0;0;0;1;1;0;0;0;0;;;;;;;;;;;;;;;;;;
22.01.2025;14:44;A 22;1;4;5;5;75;1;0;8;13;0;0;1;3;0;0;1;21;0;0;0;3;1;23;0;0;0;0;0;0;0;0;0;0;1;0;0;0;0;0;0;0;0;0;0;0;1;1;0;0;0;0;0;0;0;0;0;0;0;0;0;0;0;0;0;0;0;0;0;0;0;0;;;;;;;;;;;;;;;;;;
22.01.2025;14:43;A 22;1;1;2;2;11;0;0;3;5;0;0;3;17;4;6;2;52;1;2;3;25;2;59;1;4;0;0;3;75;0;0;0;0;4;5;0;0;0;0;0;0;0;0;0;0;0;0;0;0;0;0;0;0;0;0;0;0;0;0;0;0;0;0;0;0;0;0;0;0;0;0;;;;;;;;;;;;;;;;;;
22.01.2025;14:42;A 22;1;0;0;3;13;0;0;4;4;0;0;1;74;0;0;2;21;0;0;1;77;1;27;0;0;1;1;6;23;0;0;0;0;7;7;0;0;0;0;0;0;0;0;0;0;1;1;1;1;0;0;0;0;0;0;1;1;0;0;0;0;0;0;0;0;0;0;0;0;0;0;;;;;;;;;;;;;;;;;;
22.01.2025;14:41;A 22;1;0;0;6;39;1;0;7;10;0;0;3;69;3;5;4;73;0;0;1;79;2;90;0;0;1;2;5;54;0;0;1;0;7;8;0;0;0;0;0;0;0;0;0;0;0;0;0;0;3;5;0;0;0;0;0;0;0;0;0;0;0;0;0;0;0;0;0;0;0;0;;;;;;;;;;;;;;;;;;
22.01.2025;14:40;A 22;1;0;0;4;16;2;1;5;4;0;0;1;0;2;1;1;42;1;2;0;0;1;47;1;3;0;0;7;73;0;0;0;0;8;8;1;2;0;0;1;7;0;0;0;0;0;0;0;0;1;1;0;0;0;0;0;0;0;0;0;0;1;1;0;0;0;0;0;0;0;0;;;;;;;;;;;;;;;;;;
22.01.2025;14:39;A 22;1;0;0;1;14;0;0;3;3;0;0;2;31;2;3;4;59;0;0;1;38;0;66;1;3;0;0;6;73;0;0;0;0;7;7;0;13;0;51;1;6;0;0;0;0;0;0;0;0;0;0;0;0;0;0;0;0;0;0;0;0;0;0;0;0;0;0;0;0;0;0;;;;;;;;;;;;;;;;;;
22.01.2025;14:38;A 22;1;1;1;2;55;1;0;7;29;0;0;1;3;1;3;1;96;0;0;0;6;0;100;1;4;1;6;2;40;0;0;3;2;6;12;1;68;1;70;0;0;2;10;0;0;0;0;0;0;0;0;1;1;0;0;0;0;0;0;0;0;0;0;1;1;0;0;0;0;0;0;;;;;;;;;;;;;;;;;;
22.01.2025;14:37;A 22;1;0;0;1;9;0;0;3;4;0;0;1;63;1;50;3;38;1;3;1;63;2;48;0;0;0;0;2;58;0;0;0;0;3;4;2;2;0;0;2;10;1;3;0;0;0;0;0;0;0;0;0;0;0;0;0;0;0;0;0;0;0;0;0;0;0;0;0;0;0;0;;;;;;;;;;;;;;;;;;
22.01.2025;14:36;A 22;1;0;0;6;33;0;0;7;6;0;0;1;6;0;0;2;15;0;0;2;10;2;19;2;9;0;0;1;4;0;0;1;0;1;1;1;1;0;0;1;5;2;4;0;0;0;0;1;1;0;0;0;0;0;0;0;0;0;0;0;0;0;0;1;1;0;0;0;0;0;0;;;;;;;;;;;;;;;;;;
22.01.2025;14:35;A 22;1;3;10;5;26;2;1;9;8;0;0;1;55;2;3;2;32;1;4;1;63;2;14;1;3;0;0;2;50;0;0;0;0;5;4;0;0;2;0;0;0;1;8;0;0;0;0;0;0;0;0;0;0;0;0;1;1;0;0;0;0;0;0;0;0;0;0;0;0;0;0;;;;;;;;;;;;;;;;;;
22.01.2025;14:34;A 22;1;0;0;4;29;0;0;4;3;0;0;1;75;0;0;1;46;0;0;1;79;3;17;1;3;1;0;4;79;0;0;0;0;5;5;0;0;0;0;0;0;0;0;0;0;1;1;0;0;0;0;0;0;0;0;0;0;0;0;0;0;0;0;0;0;0;0;0;0;0;0;;;;;;;;;;;;;;;;;;
22.01.2025;14:33;A 22;1;1;1;5;15;0;0;5;5;0;0;2;42;1;0;2;81;0;0;4;44;0;85;2;1;0;0;5;25;0;0;0;0;8;10;0;0;0;0;0;0;0;0;0;0;0;0;0;0;0;0;0;0;0;0;0;0;0;0;0;0;0;0;0;0;0;0;0;0;0;0;;;;;;;;;;;;;;;;;;
22.01.2025;14:32;A 22;1;1;2;2;71;0;0;7;38;0;0;3;47;3;3;4;75;1;2;1;49;2;87;0;0;1;2;4;50;0;0;2;0;6;5;0;0;0;0;0;0;0;0;1;1;0;0;0;0;0;0;0;0;0;0;1;1;0;0;0;0;0;0;0;0;0;0;0;0;0;0;;;;;;;;;;;;;;;;;;
22.01.2025;14:31;A 22;1;3;3;2;52;2;0;3;3;0;0;2;11;2;3;3;54;1;6;3;21;0;69;1;1;0;0;3;6;0;0;0;0;2;1;1;2;2;1;1;9;1;12;0;0;0;0;0;0;0;0;0;0;1;1;0;0;0;0;0;0;0;0;0;0;0;0;0;0;0;0;;;;;;;;;;;;;;;;;;
22.01.2025;14:30;A 22;1;0;0;4;59;0;0;4;4;0;0;0;0;1;0;2;19;0;4;0;0;1;29;1;3;0;0;3;67;0;0;0;0;4;4;1;0;2;2;0;0;1;10;0;0;1;1;0;0;0;0;1;1;0;0;0;0;0;0;0;0;1;1;0;0;0;0;0;0;0;0;;;;;;;;;;;;;;;;;;
22.01.2025;14:29;A 22;1;1;11;4;44;2;1;8;11;0;0;1;5;1;2;2;26;1;1;0;6;2;31;2;8;2;0;3;27;0;0;1;0;6;15;1;1;1;3;1;5;2;11;0;0;0;0;1;1;0;0;1;1;0;0;0;0;0;0;1;1;0;0;1;1;0;0;0;0;0;0;;;;;;;;;;;;;;;;;;
22.01.2025;14:28;A 22;1;0;0;4;73;0;0;7;9;0;0;1;50;1;1;1;44;1;3;1;53;1;48;0;0;1;3;4;14;0;0;1;0;6;6;1;0;1;1;0;0;0;5;0;0;0;0;0;0;0;0;0;0;0;0;1;1;0;0;1;1;0;0;0;0;1;1;0;0;0;0;;;;;;;;;;;;;;;;;;
22.01.2025;14:27;A 22;1;1;3;7;75;0;0;11;14;0;0;22;12;0;0;2;24;0;0;1;3;1;31;2;1;0;0;5;43;0;0;0;0;6;5;0;0;1;41;0;0;2;11;0;0;1;1;0;0;0;0;0;0;0;0;0;0;0;0;0;0;1;1;0;0;0;0;0;0;0;0;;;;;;;;;;;;;;;;;;
22.01.2025;14:26;A 22;1;0;0;8;47;0;0;10;11;0;0;0;69;0;68;3;61;1;3;0;70;2;68;1;6;0;0;1;83;0;0;0;0;3;16;1;0;2;32;0;0;2;23;1;1;0;0;0;0;0;0;0;0;0;0;0;0;0;0;0;0;0;0;0;0;0;0;0;0;0;0;;;;;;;;;;;;;;;;;;
22.01.2025;14:25;A 22;1;1;5;4;30;3;1;7;9;0;0;4;62;7;12;2;2;1;2;4;48;3;24;0;0;0;0;1;76;0;0;0;0;5;67;0;0;0;0;0;0;0;0;0;0;1;1;0;0;1;1;0;0;0;0;0;0;0;0;0;0;0;0;0;0;0;0;0;0;0;0;;;;;;;;;;;;;;;;;;
22.01.2025;14:24;A 22;1;0;0;3;8;0;0;2;2;0;0;2;43;2;40;1;53;1;4;1;49;0;53;2;8;0;0;2;5;0;0;0;0;1;1;0;0;1;33;0;0;0;0;0;0;0;0;0;0;1;1;0;0;0;0;0;0;0;0;0;0;0;0;0;0;0;0;0;0;0;0;;;;;;;;;;;;;;;;;;
22.01.2025;14:23;A 22;1;0;0;2;18;0;0;7;4;0;0;2;19;3;2;4;92;1;6;1;25;0;100;0;0;1;2;4;12;0;0;1;0;6;4;2;2;3;11;0;0;0;28;1;1;0;0;0;0;1;1;0;0;0;0;1;1;0;0;0;0;0;0;0;0;0;0;0;0;0;0;;;;;;;;;;;;;;;;;;
22.01.2025;14:22;A 22;1;0;0;3;75;0;0;7;12;0;0;1;62;2;5;1;89;1;3;1;59;2;88;1;3;1;2;3;11;0;0;0;0;4;4;1;0;0;14;1;8;1;66;0;0;1;1;0;0;0;0;0;0;0;0;0;0;0;0;0;0;0;0;0;0;0;0;0;0;0;0;;;;;;;;;;;;;;;;;;
22.01.2025;14:21;A 22;1;0;0;3;58;0;0;8;15;0;0;2;13;3;9;6;45;0;0;1;19;2;62;0;0;0;0;1;5;0;0;0;0;2;2;0;0;1;0;0;0;1;13;0;0;0;0;0;0;0;0;0;0;0;0;0;0;0;0;0;0;0;0;0;0;1;1;0;0;0;0;;;;;;;;;;;;;;;;;;
22.01.2025;14:20;A 22;1;0;0;7;23;1;0;7;6;0;0;1;29;2;29;1;93;1;4;1;32;1;98;2;1;1;2;2;24;0;0;1;0;7;9;0;0;0;0;0;0;0;0;2;3;1;1;0;0;0;0;0;0;0;0;0;0;0;0;0;0;0;0;6;10;0;0;0;0;0;0;;;;;;;;;;;;;;;;;;
22.01.2025;14:19;A 22;1;0;0;6;30;0;0;9;9;0;0;0;0;2;2;3;13;2;10;0;0;2;26;0;0;0;0;3;43;0;0;0;0;6;20;0;0;1;0;0;0;0;0;0;0;0;0;0;0;0;0;0;0;0;0;1;1;0;0;0;0;0;0;0;0;1;1;0;0;0;0;;;;;;;;;;;;;;;;;;
22.01.2025;14:18;A 22;1;0;0;5;39;1;0;8;8;0;0;40;20;2;4;1;59;1;3;1;38;0;61;0;0;0;0;5;77;0;0;1;0;9;46;0;0;0;0;0;0;0;0;2;2;0;0;0;0;0;0;0;0;0;0;1;1;0;0;0;0;0;0;0;0;0;0;0;0;0;0;;;;;;;;;;;;;;;;;;
22.01.2025;14:17;A 22;1;0;0;5;27;0;0;6;5;0;0;2;10;2;2;4;9;0;0;2;22;4;23;0;0;1;3;4;91;0;0;1;0;8;11;0;0;0;38;0;0;0;0;0;0;0;0;1;1;0;0;0;0;0;0;0;0;0;0;0;0;0;0;0;0;0;0;0;0;0;0;;;;;;;;;;;;;;;;;;
22.01.2025;14:16;A 22;1;0;0;3;63;0;0;6;8;0;0;0;0;0;0;3;6;0;0;0;0;2;20;4;9;0;0;3;18;0;0;0;0;3;4;1;2;3;10;0;94;2;28;0;0;2;3;0;0;0;0;1;1;0;0;0;0;0;0;0;0;0;0;0;0;0;0;0;0;0;0;;;;;;;;;;;;;;;;;;
22.01.2025;14:15;A 22;1;0;0;5;83;0;0;11;12;0;0;3;9;4;5;3;12;0;0;2;15;1;20;0;0;0;0;6;14;0;0;0;0;7;6;0;1;1;5;0;100;0;3;1;1;0;0;0;0;0;0;2;4;0;0;1;1;0;0;0;0;0;0;1;1;0;0;0;0;0;0;;;;;;;;;;;;;;;;;;
22.01.2025;14:14;A 22;1;2;3;5;40;0;0;7;8;0;0;129;59;0;1;1;54;0;0;2;58;1;58;2;3;0;0;6;15;0;0;0;0;6;5;1;78;1;80;1;87;4;62;0;0;0;0;0;0;1;1;0;0;0;0;0;0;0;0;0;0;0;0;0;0;0;0;0;0;0;0;;;;;;;;;;;;;;;;;;
22.01.2025;14:13;A 22;1;2;2;5;22;2;1;6;6;0;0;6;61;7;51;1;14;2;6;1;74;2;14;2;4;0;0;2;8;0;0;0;0;3;3;0;0;0;0;0;0;1;10;0;0;1;1;1;1;0;0;0;0;0;0;0;0;0;0;0;0;0;0;0;0;0;0;0;0;0;0;;;;;;;;;;;;;;;;;;
22.01.2025;14:12;A 22;1;0;0;5;19;0;0;5;6;0;0;3;73;5;6;1;52;1;6;2;83;2;29;4;9;2;4;6;16;0;0;3;3;5;6;0;0;0;0;0;0;0;0;0;0;0;0;1;1;0;0;0;0;0;0;0;0;0;0;0;0;0;0;0;0;0;0;0;0;0;0;;;;;;;;;;;;;;;;;;
22.01.2025;14:11;A 22;1;0;0;2;13;0;0;4;3;0;0;0;0;1;1;4;63;1;4;0;0;0;72;2;14;1;7;1;2;0;0;1;1;2;1;0;0;1;0;0;0;1;5;0;0;0;0;0;0;0;0;0;0;0;0;0;0;0;0;0;0;0;0;0;0;0;0;0;0;0;0;;;;;;;;;;;;;;;;;;
22.01.2025;14:10;A 22;1;0;0;2;11;0;0;2;1;0;0;1;36;3;37;3;70;3;14;1;36;1;81;1;3;0;0;4;12;0;0;0;0;3;3;4;5;3;42;1;7;0;52;1;1;0;0;0;0;0;0;0;0;0;0;1;1;0;0;0;0;0;0;0;0;0;0;0;0;0;0;;;;;;;;;;;;;;;;;;
22.01.2025;14:09;A 22;1;0;0;5;26;0;0;7;9;0;0;5;10;1;8;4;38;0;0;2;19;1;49;0;0;0;0;4;8;0;0;0;0;5;4;0;0;1;63;0;0;2;24;0;0;0;0;0;0;1;1;0;0;0;0;0;0;0;0;0;0;0;0;0;0;0;0;0;0;0;0;;;;;;;;;;;;;;;;;;
22.01.2025;14:08;A 22;1;0;0;4;18;0;0;5;4;0;0;85;26;0;0;1;66;0;0;1;11;1;72;1;0;0;0;1;5;0;0;0;0;2;2;0;0;0;0;0;0;0;0;0;0;1;1;0;0;0;0;0;0;0;0;0;0;0;0;0;0;0;0;0;0;0;0;0;0;0;0;;;;;;;;;;;;;;;;;;
22.01.2025;14:07;A 22;1;0;0;5;44;0;0;6;11;0;0;1;1;2;3;2;28;1;5;0;93;2;33;0;0;0;0;4;13;0;0;0;0;4;4;0;0;0;0;0;0;0;0;0;0;0;0;0;0;0;0;0;0;0;0;0;0;0;0;0;0;0;0;0;0;0;0;0;0;0;0;;;;;;;;;;;;;;;;;;
22.01.2025;14:06;A 22;1;0;0;4;32;0;0;8;8;0;0;1;1;1;1;2;76;0;0;0;100;1;82;2;3;0;0;2;7;0;0;0;0;3;2;0;0;0;0;0;0;0;0;0;0;1;1;0;0;0;0;1;1;1;1;1;1;0;0;0;0;1;1;4;6;0;0;0;0;0;0;;;;;;;;;;;;;;;;;;
22.01.2025;14:05;A 22;1;0;0;2;13;0;0;3;3;0;0;1;40;2;37;1;35;1;4;0;100;1;40;0;0;0;0;6;19;0;0;1;5;4;4;0;0;1;80;0;0;1;8;0;0;0;0;0;0;0;0;0;0;0;0;0;0;0;0;0;0;0;0;0;0;0;0;0;0;0;0;;;;;;;;;;;;;;;;;;
22.01.2025;14:04;A 22;1;2;4;1;87;2;1;5;62;0;0;0;0;1;0;2;5;0;0;0;100;2;20;2;3;0;0;3;91;0;0;0;0;9;72;0;26;1;71;1;6;2;15;1;1;0;0;0;0;0;0;0;0;0;0;0;1;0;0;0;0;0;0;0;0;0;0;0;0;0;0;;;;;;;;;;;;;;;;;;
22.01.2025;14:03;A 22;1;2;3;4;19;1;0;5;4;0;0;2;51;3;5;4;7;1;4;0;100;1;60;1;0;0;0;1;10;0;0;0;0;4;4;1;28;2;32;0;0;2;8;0;0;0;0;0;0;0;0;1;1;0;0;1;0;0;0;0;0;0;0;0;0;0;0;0;0;0;0;;;;;;;;;;;;;;;;;;
22.01.2025;14:02;A 22;1;0;0;3;15;0;0;5;5;0;0;1;58;0;0;3;34;0;0;0;100;0;100;0;0;0;0;2;9;0;0;0;0;1;2;0;0;0;0;0;0;0;0;0;0;1;1;0;0;0;0;0;0;0;0;0;0;0;0;0;0;0;0;0;0;0;0;0;0;0;0;;;;;;;;;;;;;;;;;;
22.01.2025;14:01;A 22;1;0;0;5;60;1;0;6;7;0;0;3;15;3;2;4;74;0;0;0;100;4;55;2;5;0;0;3;8;0;0;0;0;4;3;1;1;0;0;1;5;1;6;0;0;0;0;0;0;0;0;0;0;0;0;0;0;0;0;0;0;0;0;0;0;0;0;0;0;0;0;;;;;;;;;;;;;;;;;;
22.01.2025;14:00;A 22;1;0;0;7;25;0;0;9;6;0;0;1;1;2;2;1;39;1;2;0;100;1;45;0;0;0;0;5;14;0;0;0;0;5;4;0;0;0;0;0;0;0;0;1;1;1;1;0;0;0;0;0;0;0;0;1;1;0;0;0;0;0;0;0;0;0;0;0;0;0;0;;;;;;;;;;;;;;;;;;
22.01.2025;13:59;A 22;1;1;5;1;38;1;0;7;9;0;0;1;28;0;0;2;40;0;0;0;100;2;28;2;1;0;0;2;9;0;0;0;0;4;3;0;0;0;0;0;0;0;0;0;0;1;1;0;0;0;0;0;0;0;0;0;0;0;0;0;0;0;0;0;0;0;0;0;0;0;0;;;;;;;;;;;;;;;;;;
22.01.2025;13:58;A 22;1;0;0;6;33;1;0;7;6;0;0;2;67;2;2;3;70;0;0;0;100;0;79;0;0;0;0;4;7;0;0;0;0;3;2;0;0;1;0;1;3;0;0;1;1;0;0;0;0;1;1;0;0;0;0;1;1;0;0;0;0;0;0;0;0;0;0;0;0;0;0;;;;;;;;;;;;;;;;;;
22.01.2025;13:57;A 22;1;0;0;3;18;0;0;4;3;0;0;2;32;0;0;2;59;0;0;0;100;2;31;3;6;0;0;2;7;0;0;0;0;2;1;0;0;2;46;1;3;2;53;0;0;0;0;0;0;0;0;0;0;0;0;0;0;0;0;0;0;0;0;0;0;0;0;0;0;0;0;;;;;;;;;;;;;;;;;;
22.01.2025;13:56;A 22;1;0;0;2;10;0;0;3;2;0;0;0;0;2;2;3;25;2;7;1;81;4;24;0;0;0;0;2;6;0;0;0;0;1;1;3;5;5;64;1;5;3;30;0;0;1;1;0;0;0;0;0;0;0;0;0;0;0;0;0;0;0;0;0;0;0;0;0;0;0;0;;;;;;;;;;;;;;;;;;
22.01.2025;13:55;A 22;1;0;0;4;12;1;0;4;4;0;0;0;0;0;0;3;20;0;0;1;11;1;26;4;5;3;65;2;62;0;0;2;1;4;3;1;2;1;50;0;21;4;18;0;0;0;0;0;0;1;1;0;0;0;0;0;0;0;0;0;0;0;0;1;1;0;0;0;0;0;0;;;;;;;;;;;;;;;;;;
22.01.2025;13:54;A 22;1;0;0;5;22;1;0;5;5;0;0;2;16;2;3;3;16;1;2;1;25;0;27;0;0;1;2;6;13;0;0;1;0;7;5;0;0;1;14;1;12;1;14;0;0;0;0;0;0;0;0;0;0;0;0;0;0;0;0;0;0;0;0;0;0;0;0;0;0;0;0;;;;;;;;;;;;;;;;;;
22.01.2025;13:53;A 22;1;2;2;8;40;1;0;6;6;0;0;1;52;1;0;2;51;1;3;1;56;2;57;0;0;0;0;6;63;0;0;1;0;7;6;0;0;1;3;0;0;1;7;1;1;0;0;0;0;0;0;1;1;1;1;0;0;0;0;0;0;0;0;0;0;0;0;0;0;0;0;;;;;;;;;;;;;;;;;;
22.01.2025;13:52;A 22;1;0;0;6;31;0;0;9;9;0;0;2;76;1;1;2;58;0;0;2;82;1;63;0;0;0;0;4;77;0;0;0;0;8;9;1;1;0;0;1;6;0;1;0;0;0;0;0;0;0;0;1;1;0;0;0;0;0;0;0;0;0;0;2;3;0;0;0;0;0;0;;;;;;;;;;;;;;;;;;
22.01.2025;13:51;A 22;1;0;0;3;25;0;0;6;8;0;0;2;3;2;0;3;47;0;0;2;8;4;59;3;8;1;4;3;58;0;0;1;1;6;7;0;0;1;0;0;0;3;18;1;1;1;1;0;0;0;0;0;0;0;0;0;0;0;0;0;0;0;0;0;0;0;0;0;0;0;0;;;;;;;;;;;;;;;;;;
22.01.2025;13:50;A 22;1;0;0;1;6;0;0;1;3;0;0;4;76;0;0;2;2;0;0;0;85;2;10;0;0;0;0;4;10;0;0;0;0;4;3;0;0;0;0;0;0;0;0;0;0;0;0;0;0;1;0;0;0;1;1;1;1;0;0;0;0;2;2;0;0;0;0;0;0;0;0;;;;;;;;;;;;;;;;;;
22.01.2025;13:49;A 22;1;0;0;1;4;0;0;1;0;0;0;1;72;0;0;5;46;0;0;1;75;0;59;1;5;0;0;3;82;0;0;0;0;5;7;0;0;0;0;0;0;0;0;0;0;1;1;0;0;0;0;0;0;1;1;0;0;0;0;0;0;0;0;0;0;1;1;0;0;0;0;;;;;;;;;;;;;;;;;;
22.01.2025;13:48;A 22;1;0;0;7;49;0;0;7;13;0;0;1;41;2;0;5;80;1;4;1;46;0;100;0;0;1;2;1;6;0;0;1;0;3;3;1;0;1;1;0;0;1;5;0;0;0;0;0;0;0;0;0;0;0;0;0;0;0;0;0;0;0;0;0;0;1;1;0;0;0;0;;;;;;;;;;;;;;;;;;
22.01.2025;13:47;A 22;1;1;0;5;30;1;0;6;7;0;0;0;0;0;0;2;68;0;0;0;0;1;78;0;0;0;0;5;61;0;0;0;0;5;4;1;0;3;10;1;2;0;13;0;0;0;0;0;0;0;0;0;0;0;0;0;0;0;0;0;0;0;0;0;0;0;0;0;0;0;0;;;;;;;;;;;;;;;;;;
22.01.2025;13:46;A 22;1;3;6;6;25;2;1;8;7;0;0;1;2;0;0;1;72;0;0;1;6;1;77;0;0;0;0;5;74;0;0;0;0;6;7;0;0;1;71;0;0;2;40;0;0;0;0;0;0;1;1;0;0;1;1;0;0;0;0;0;0;0;0;0;0;1;1;0;0;0;0;;;;;;;;;;;;;;;;;;
22.01.2025;13:45;A 22;1;1;0;6;25;1;0;7;7;0;0;1;1;2;1;1;35;1;2;1;4;1;40;0;0;0;0;7;74;0;0;0;0;12;16;1;0;0;0;1;3;1;1;0;0;0;0;0;0;0;0;0;0;0;0;1;1;0;0;0;0;0;0;0;0;0;0;0;0;0;0;;;;;;;;;;;;;;;;;;
22.01.2025;13:44;A 22;1;0;0;6;30;0;0;7;6;0;0;1;69;1;0;2;72;1;3;1;2;1;50;0;0;0;0;5;63;0;0;0;0;8;12;0;0;1;0;0;0;1;6;0;0;0;0;0;0;0;0;1;1;0;0;0;0;0;0;0;0;0;0;0;0;0;0;0;0;0;0;;;;;;;;;;;;;;;;;;
22.01.2025;13:43;A 22;1;1;5;4;21;2;1;6;5;0;0;4;39;0;0;5;74;0;0;3;47;3;90;3;5;0;0;5;22;0;0;0;0;8;6;0;0;1;20;0;0;1;9;0;0;0;0;0;0;0;0;0;0;0;0;0;0;0;0;0;0;0;0;0;0;0;0;0;0;0;0;;;;;;;;;;;;;;;;;;
22.01.2025;13:42;A 22;1;1;1;3;15;1;0;3;3;0;0;3;54;1;1;4;64;0;0;2;62;2;77;1;3;0;0;5;12;0;0;0;0;5;4;0;0;0;0;0;0;0;0;0;0;0;0;1;1;2;3;0;0;0;0;0;0;0;0;0;0;0;0;0;0;4;6;0;0;0;0;;;;;;;;;;;;;;;;;;
22.01.2025;13:41;A 22;1;0;0;3;57;0;0;5;21;0;0;2;88;0;0;2;85;0;0;2;93;2;90;0;0;0;0;0;44;0;0;0;0;0;1;1;1;0;0;1;6;1;5;1;1;0;0;0;0;0;0;0;0;1;1;0;0;0;0;0;0;0;0;0;0;0;0;0;0;0;0;;;;;;;;;;;;;;;;;;
22.01.2025;13:40;A 22;1;1;2;3;35;2;1;7;11;0;0;8;18;3;4;3;59;0;0;0;38;1;67;1;3;0;0;2;79;0;0;0;0;5;8;0;3;0;3;0;6;0;0;0;0;1;1;0;0;0;0;0;0;0;0;0;0;0;0;0;0;0;0;0;0;0;0;0;0;0;0;;;;;;;;;;;;;;;;;;
22.01.2025;13:39;A 22;1;1;0;4;25;1;0;7;6;0;0;1;52;2;12;1;76;2;7;1;55;1;80;3;5;0;0;4;24;0;0;0;0;6;6;0;100;0;100;0;100;0;8;0;0;0;0;0;0;1;1;0;0;0;0;0;0;0;0;0;0;2;3;0;0;0;0;0;0;0;0;;;;;;;;;;;;;;;;;;
22.01.2025;13:38;A 22;1;0;0;4;22;0;0;7;7;0;0;1;70;1;0;3;66;0;0;0;74;2;78;1;3;1;6;6;17;0;0;0;0;6;5;1;0;1;11;1;0;1;15;1;1;0;0;0;0;0;0;0;0;0;0;1;1;0;0;0;0;0;0;0;0;0;0;0;0;0;0;;;;;;;;;;;;;;;;;;
22.01.2025;13:37;A 22;1;0;0;5;38;0;0;8;8;0;0;0;0;1;1;2;54;0;0;1;0;1;62;2;3;1;4;5;15;0;0;2;3;6;5;1;2;0;69;1;7;1;2;0;0;0;0;0;0;0;0;0;0;0;0;0;0;0;0;0;0;0;0;0;0;0;0;0;0;0;0;;;;;;;;;;;;;;;;;;
22.01.2025;13:36;A 22;1;1;4;3;52;1;0;3;3;0;0;4;24;5;3;1;56;1;2;3;37;1;57;1;0;0;0;3;13;0;0;0;0;4;5;0;0;1;56;0;0;3;15;0;0;1;1;0;0;0;0;0;0;1;1;0;0;0;0;0;0;1;1;0;0;1;1;0;0;0;0;;;;;;;;;;;;;;;;;;
22.01.2025;13:35;A 22;1;1;4;2;12;0;0;2;2;0;0;0;44;1;1;3;60;1;3;0;24;2;73;0;0;1;3;1;6;0;0;1;0;1;1;1;11;2;20;0;0;1;43;0;0;0;0;0;0;0;0;0;0;0;0;0;0;0;0;0;0;0;0;1;1;0;0;0;0;0;0;;;;;;;;;;;;;;;;;;
22.01.2025;13:34;A 22;1;0;0;5;23;1;0;8;9;0;0;1;20;0;0;3;58;0;0;1;25;2;64;0;0;0;0;3;18;0;0;0;0;3;3;0;0;0;18;0;0;0;100;2;4;0;0;0;0;1;1;0;0;0;0;1;1;0;0;0;0;0;0;0;0;1;1;0;0;0;0;;;;;;;;;;;;;;;;;;
22.01.2025;13:33;A 22;1;1;1;2;14;1;0;5;4;0;0;1;2;0;0;1;41;0;0;1;6;1;40;0;0;0;0;3;12;0;0;0;0;4;3;0;0;1;36;0;0;0;100;1;0;0;0;0;0;0;0;0;0;0;0;0;0;0;0;0;0;0;0;0;0;0;0;0;0;0;0;;;;;;;;;;;;;;;;;;
22.01.2025;13:32;A 22;1;0;0;2;12;1;0;2;3;0;0;1;2;3;1;3;54;2;6;1;6;3;64;3;6;0;0;5;23;0;0;1;0;8;9;0;0;0;0;0;0;0;100;0;0;0;0;0;0;0;0;1;1;0;0;0;0;0;0;0;0;0;0;0;0;0;0;0;0;0;0;;;;;;;;;;;;;;;;;;
22.01.2025;13:31;A 22;1;0;0;2;38;1;0;4;7;0;0;3;71;1;0;3;17;1;2;1;80;1;28;2;13;2;9;4;12;0;0;1;0;3;2;0;0;0;0;0;0;1;9;0;0;1;1;0;0;1;1;0;0;0;0;0;0;0;0;0;0;1;1;0;0;0;0;0;0;0;0;;;;;;;;;;;;;;;;;;
22.01.2025;13:30;A 22;1;0;0;1;60;0;0;5;6;0;0;1;1;4;3;4;75;2;9;1;4;0;86;0;0;0;0;5;22;0;0;0;0;6;5;2;1;4;3;2;11;2;6;0;0;1;1;0;0;0;0;0;0;0;0;0;0;0;0;0;0;0;0;0;0;0;0;0;0;0;0;;;;;;;;;;;;;;;;;;
22.01.2025;13:29;A 22;1;0;0;3;11;1;0;3;2;0;0;97;33;2;1;6;83;0;0;1;55;0;100;1;3;0;0;1;78;0;0;0;0;7;61;0;0;0;0;0;0;0;0;0;0;0;0;0;0;0;0;0;0;0;0;0;0;0;0;0;0;0;0;0;0;0;0;0;0;0;0;;;;;;;;;;;;;;;;;;
22.01.2025;13:28;A 22;1;0;0;3;86;0;0;6;7;0;0;71;19;2;35;4;65;0;0;3;24;3;50;0;0;1;7;6;80;0;0;0;0;9;14;1;1;2;20;0;0;0;41;1;1;0;0;0;0;0;0;0;0;1;1;0;0;0;0;0;0;0;0;0;0;0;0;0;0;0;0;;;;;;;;;;;;;;;;;;
22.01.2025;13:27;A 22;1;0;0;4;19;0;0;6;8;0;0;3;24;1;52;1;55;0;0;3;35;1;9;2;5;0;0;2;81;0;0;0;0;4;5;0;6;1;23;0;0;0;100;1;1;0;0;0;0;0;0;1;1;2;3;1;1;0;0;1;1;0;0;0;0;1;1;0;0;0;0;;;;;;;;;;;;;;;;;;
22.01.2025;13:26;A 22;1;0;0;4;73;0;0;9;11;0;0;5;68;3;3;0;0;0;0;1;86;1;3;0;0;0;0;3;77;0;0;0;0;4;5;2;46;2;52;0;0;0;100;0;0;0;0;0;0;1;1;1;1;0;0;0;0;0;0;0;0;0;0;0;0;1;1;0;0;0;0;;;;;;;;;;;;;;;;;;
22.01.2025;13:25;A 22;1;2;3;3;13;0;0;4;4;0;0;2;69;0;0;2;3;0;0;2;78;2;8;1;0;0;0;5;24;0;0;0;0;8;10;1;1;1;91;0;0;1;76;1;1;0;0;0;0;0;0;1;1;0;0;0;0;0;0;0;0;1;1;1;4;1;1;0;0;0;0;;;;;;;;;;;;;;;;;;
22.01.2025;13:24;A 22;1;0;0;4;26;1;0;10;8;0;0;2;2;3;3;4;59;2;9;2;6;1;75;0;0;0;0;3;49;0;0;0;0;4;3;1;2;1;21;1;6;2;11;0;0;0;0;0;0;0;0;0;0;0;0;0;0;0;0;0;0;0;0;0;0;0;0;0;0;0;0;;;;;;;;;;;;;;;;;;
22.01.2025;13:23;A 22;1;0;0;6;37;0;0;9;10;0;0;1;1;2;1;2;7;1;4;1;4;2;21;2;3;0;0;8;24;0;0;0;0;7;7;2;1;1;2;2;54;0;0;0;0;0;0;0;0;0;0;0;0;0;0;0;0;0;0;0;0;1;1;0;0;0;0;0;0;0;0;;;;;;;;;;;;;;;;;;
22.01.2025;13:22;A 22;1;1;13;3;21;1;1;5;4;0;0;3;70;3;3;5;76;2;9;1;77;1;86;0;0;1;2;6;17;0;0;1;0;8;9;0;0;2;27;0;0;3;31;1;1;2;3;0;0;0;0;0;0;0;0;1;1;0;0;0;0;0;0;0;0;0;0;0;0;0;0;;;;;;;;;;;;;;;;;;
22.01.2025;13:21;A 22;1;0;0;4;90;0;0;6;7;0;0;2;50;2;1;4;72;1;6;1;56;3;59;2;6;1;4;4;15;0;0;1;0;4;5;0;0;2;35;0;0;2;16;0;0;0;0;0;0;0;0;0;0;1;1;0;0;0;0;0;0;0;0;0;0;0;0;0;0;0;0;;;;;;;;;;;;;;;;;;
22.01.2025;13:20;A 22;1;0;0;1;81;0;0;2;2;0;0;2;22;2;1;3;49;2;7;1;32;1;61;0;0;0;0;1;86;0;0;0;0;4;6;0;0;1;37;0;0;1;10;1;1;0;0;0;0;0;0;0;0;0;0;0;0;0;0;0;0;1;1;0;0;0;0;0;0;0;0;;;;;;;;;;;;;;;;;;
22.01.2025;13:19;A 22;1;1;4;1;37;1;0;7;9;0;0;1;56;1;1;6;79;0;0;1;58;1;94;2;5;0;0;4;12;0;0;0;0;6;5;0;0;1;0;0;0;0;0;0;0;1;1;0;0;0;0;0;0;0;0;0;0;0;0;0;0;1;1;0;0;0;0;0;0;0;0;;;;;;;;;;;;;;;;;;
22.01.2025;13:18;A 22;1;1;4;5;73;1;1;9;9;0;0;1;37;3;9;2;27;2;10;1;41;1;35;0;0;0;0;4;45;0;0;0;0;6;5;2;3;0;0;2;18;2;4;0;0;0;0;1;1;0;0;0;0;0;0;1;1;0;0;0;0;2;3;1;1;0;0;0;0;0;0;;;;;;;;;;;;;;;;;;
22.01.2025;13:17;A 22;1;0;0;1;99;0;0;13;28;0;0;3;75;1;1;0;0;0;0;1;89;1;1;1;5;0;0;5;40;0;0;0;0;6;6;0;0;1;21;0;0;1;10;1;1;0;0;0;0;1;1;0;0;0;0;0;0;0;0;0;0;0;0;0;0;0;0;0;0;0;0;;;;;;;;;;;;;;;;;;
22.01.2025;13:16;A 22;1;0;0;4;75;0;0;6;12;0;0;3;28;2;1;2;60;0;0;2;39;3;57;0;0;0;0;1;6;0;0;0;0;1;0;0;0;0;0;0;0;0;0;0;0;0;0;1;1;1;1;0;0;1;1;0;0;0;0;1;1;0;0;0;0;1;1;0;0;0;0;;;;;;;;;;;;;;;;;;
22.01.2025;13:15;A 22;1;0;0;4;76;0;0;5;7;0;0;3;58;0;0;4;63;0;0;2;47;1;77;0;0;0;0;5;19;0;0;0;0;7;7;2;1;0;0;1;7;0;0;0;0;0;0;0;0;0;0;0;0;0;0;0;0;0;0;0;0;0;0;0;0;0;0;0;0;0;0;;;;;;;;;;;;;;;;;;
22.01.2025;13:14;A 22;1;0;0;2;6;0;0;2;2;0;0;1;56;0;0;1;68;1;3;1;42;1;72;1;2;1;5;2;5;0;0;1;0;2;2;1;0;1;0;1;5;1;5;0;0;0;0;0;0;1;1;0;0;0;0;0;0;0;0;0;0;1;1;0;0;0;0;0;0;0;0;;;;;;;;;;;;;;;;;;
22.01.2025;13:13;A 22;1;0;0;3;9;0;0;3;2;0;0;1;8;1;0;1;34;1;3;1;13;1;22;0;0;0;0;3;12;0;0;0;0;5;5;0;0;0;0;0;0;0;0;0;0;1;1;0;0;0;0;0;0;0;0;0;0;0;0;0;0;0;0;0;0;1;1;0;0;0;0;;;;;;;;;;;;;;;;;;
22.01.2025;13:12;A 22;1;2;4;5;27;1;1;6;7;0;0;1;1;1;0;4;25;0;0;1;3;1;40;0;0;1;2;2;10;0;0;1;0;4;3;1;1;1;23;1;3;0;24;0;0;0;0;0;0;1;1;0;0;0;0;0;0;0;0;0;0;1;1;0;0;0;0;0;0;0;0;;;;;;;;;;;;;;;;;;
22.01.2025;13:11;A 22;1;0;0;9;40;1;0;11;11;0;0;2;5;0;0;1;89;0;0;1;6;1;93;2;9;0;0;3;10;0;0;0;0;9;2;1;21;1;65;1;3;4;17;0;0;1;1;0;0;0;0;1;1;0;0;0;0;0;0;0;0;0;0;0;0;0;0;0;0;0;0;;;;;;;;;;;;;;;;;;
22.01.2025;13:10;A 22;1;0;0;5;23;0;0;6;6;0;0;3;76;3;1;4;7;1;4;2;84;2;86;0;0;1;6;3;6;0;0;1;1;5;4;0;0;1;0;0;0;0;0;0;0;1;1;0;0;0;0;0;0;0;0;0;0;0;0;0;0;0;0;0;0;0;0;0;0;0;0;;;;;;;;;;;;;;;;;;
22.01.2025;13:09;A 22;1;0;0;3;72;0;0;6;38;0;0;2;48;1;1;3;18;1;3;2;56;5;52;1;3;0;0;1;8;0;0;0;0;1;1;0;0;0;0;0;0;0;0;0;0;0;0;1;1;1;1;0;0;0;0;0;0;0;0;0;0;0;0;0;0;1;1;0;0;0;0;;;;;;;;;;;;;;;;;;
22.01.2025;13:08;A 22;1;0;0;3;16;0;0;5;5;0;0;4;68;0;0;4;69;0;0;0;81;0;80;0;0;0;0;2;4;0;0;0;0;2;1;0;0;1;0;0;0;0;0;0;0;0;0;1;1;0;0;0;0;0;0;0;0;0;0;0;0;0;0;0;0;0;0;0;0;0;0;;;;;;;;;;;;;;;;;;
22.01.2025;13:07;A 22;1;1;0;2;75;2;0;7;9;0;0;3;30;0;0;3;78;0;0;3;41;1;88;0;0;0;0;2;4;0;0;0;0;1;0;0;0;0;0;0;0;0;0;0;0;0;0;0;0;0;0;0;0;0;0;0;0;0;0;0;0;0;0;0;0;0;0;0;0;0;0;;;;;;;;;;;;;;;;;;
22.01.2025;13:06;A 22;1;0;0;2;8;0;0;2;4;0;0;2;9;1;0;2;17;0;0;1;16;2;28;0;0;0;0;3;11;0;0;0;0;4;3;3;2;0;0;2;10;2;5;0;0;1;1;0;0;0;0;0;0;0;0;0;0;0;0;0;0;0;0;0;0;0;0;0;0;0;0;;;;;;;;;;;;;;;;;;
22.01.2025;13:05;A 22;1;0;0;5;28;0;0;6;6;0;0;2;5;1;1;1;4;1;4;1;18;1;14;0;0;0;0;2;7;0;0;0;0;2;2;0;0;0;0;0;0;0;0;0;0;0;0;0;0;0;0;0;0;0;0;0;0;0;0;0;0;0;0;0;0;0;0;0;0;0;0;;;;;;;;;;;;;;;;;;
22.01.2025;13:04;A 22;1;0;0;6;34;1;0;8;11;0;0;1;74;1;1;1;59;1;4;1;81;1;64;1;0;0;0;1;2;0;0;0;0;1;0;0;0;0;0;0;0;0;0;0;0;0;0;0;0;0;0;0;0;0;0;0;0;0;0;0;0;0;0;0;0;0;0;0;0;0;0;;;;;;;;;;;;;;;;;;
22.01.2025;13:03;A 22;1;0;0;4;38;2;1;5;4;0;0;2;23;2;1;2;83;1;4;2;8;0;87;1;3;0;0;2;4;0;0;0;0;2;1;0;0;0;0;0;0;0;0;1;1;1;1;0;0;0;0;0;0;0;0;0;0;0;0;0;0;0;0;0;0;0;0;0;0;0;0;;;;;;;;;;;;;;;;;;
22.01.2025;13:02;A 22;1;0;0;4;77;1;0;8;12;0;0;2;48;2;2;1;17;1;5;2;55;3;28;1;3;0;0;4;14;0;0;0;0;5;4;1;0;0;0;1;4;0;0;0;0;1;1;0;0;0;0;1;1;0;0;0;0;0;0;0;0;0;0;0;0;0;0;0;0;0;0;;;;;;;;;;;;;;;;;;
22.01.2025;13:01;A 22;1;0;0;0;10;0;0;1;1;0;0;0;0;0;0;0;62;0;0;0;0;1;64;1;4;0;0;5;22;0;0;0;0;8;8;0;0;0;0;0;1;0;0;0;0;0;0;0;0;0;0;0;0;0;0;0;0;0;0;0;0;0;0;0;0;0;0;0;0;0;0;;;;;;;;;;;;;;;;;;
22.01.2025;13:00;A 22;1;0;0;2;97;0;0;7;41;0;0;1;3;2;1;3;37;1;3;1;7;3;48;0;0;0;0;4;10;0;0;0;0;1;1;2;3;1;24;2;8;0;0;0;0;0;0;2;3;0;0;0;0;0;0;0;0;0;0;1;1;0;0;0;0;0;0;0;0;0;0;;;;;;;;;;;;;;;;;;
22.01.2025;12:59;A 22;1;0;0;1;5;0;0;2;4;0;0;0;0;1;0;3;2;0;0;0;0;2;7;0;0;0;0;2;40;0;0;0;0;3;2;2;6;1;53;1;12;2;17;0;0;1;1;0;0;0;0;0;0;0;0;0;0;0;0;0;0;1;1;0;0;0;0;0;0;0;0;;;;;;;;;;;;;;;;;;
22.01.2025;12:58;A 22;1;0;0;5;39;0;0;7;7;0;0;1;3;0;0;7;71;0;0;0;5;2;90;0;0;0;0;2;34;0;0;0;0;3;4;1;1;0;4;0;0;0;4;1;1;0;0;0;0;0;0;1;1;0;0;0;0;1;1;0;0;0;0;0;0;0;0;0;0;0;0;;;;;;;;;;;;;;;;;;
22.01.2025;12:57;A 22;1;1;18;3;24;5;3;7;7;0;0;1;77;1;1;1;38;1;2;1;82;1;41;0;0;0;0;3;12;0;0;0;0;2;1;1;1;3;1;1;4;2;23;1;1;1;1;0;0;0;0;0;0;0;0;0;0;0;0;0;0;0;0;0;0;0;0;0;0;0;0;;;;;;;;;;;;;;;;;;
22.01.2025;12:56;A 22;1;0;0;7;28;0;0;8;7;0;0;3;58;3;4;6;25;2;12;1;70;2;40;0;0;0;0;2;5;0;0;0;0;2;1;0;0;1;0;0;0;0;0;1;1;0;0;0;0;0;0;0;0;0;0;0;0;0;0;0;0;0;0;1;1;0;0;0;0;0;0;;;;;;;;;;;;;;;;;;
22.01.2025;12:55;A 22;1;0;0;3;40;0;0;7;9;0;0;4;31;2;1;0;0;0;0;1;41;0;0;1;2;0;0;3;8;0;0;0;0;3;2;0;0;1;1;0;0;1;5;0;0;1;1;0;0;0;0;0;0;0;0;0;0;0;0;0;0;0;0;0;0;0;0;0;0;0;0;;;;;;;;;;;;;;;;;;
22.01.2025;12:54;A 22;1;0;0;3;65;0;0;6;8;0;0;2;60;0;0;4;31;0;0;0;70;2;44;2;2;0;0;5;13;0;0;0;0;5;4;0;0;1;11;0;0;1;10;0;0;0;0;0;0;0;0;0;0;0;0;1;1;0;0;0;0;0;0;0;0;0;0;0;0;0;0;;;;;;;;;;;;;;;;;;
22.01.2025;12:53;A 22;1;0;0;4;88;0;0;6;7;0;0;2;42;0;0;5;42;0;0;2;49;3;22;0;0;0;0;2;5;0;0;0;0;2;1;1;0;0;42;1;3;1;2;0;0;0;0;0;0;0;0;1;1;1;1;0;0;0;0;0;0;0;0;0;0;1;1;0;0;0;0;;;;;;;;;;;;;;;;;;
22.01.2025;12:52;A 22;1;0;0;4;78;0;0;5;5;0;0;4;37;1;0;3;55;1;2;2;65;3;13;0;0;1;2;1;74;0;0;1;0;4;5;1;0;3;16;1;2;3;13;1;1;0;0;1;1;0;0;1;1;0;0;0;0;0;0;1;1;0;0;1;1;0;0;0;0;0;0;;;;;;;;;;;;;;;;;;
22.01.2025;12:51;A 22;1;0;0;5;22;0;0;6;6;0;0;2;71;0;0;1;1;0;0;1;77;1;4;0;0;1;3;5;13;0;0;1;0;6;6;0;0;1;1;0;0;2;14;0;0;0;0;0;0;0;0;1;1;0;0;1;1;0;0;0;0;0;0;0;0;0;0;0;0;0;0;;;;;;;;;;;;;;;;;;
22.01.2025;12:50;A 22;1;0;0;5;22;2;1;6;8;0;0;1;61;1;0;4;4;0;0;1;65;1;10;0;0;0;32;5;13;0;0;0;0;5;4;0;0;0;0;0;0;0;0;1;1;0;0;2;3;0;0;0;0;0;0;0;0;0;0;1;1;0;0;0;0;0;0;0;0;0;0;;;;;;;;;;;;;;;;;;
22.01.2025;12:49;A 22;1;1;2;4;14;2;1;4;4;0;0;1;90;0;0;2;92;0;0;0;94;0;100;0;0;2;17;2;13;0;0;2;1;7;7;0;0;1;1;1;5;1;2;1;1;0;0;0;0;0;0;0;0;0;0;1;1;0;0;0;0;0;0;0;0;0;0;0;0;0;0;;;;;;;;;;;;;;;;;;
22.01.2025;12:48;A 22;1;0;0;3;63;0;0;5;6;0;0;2;91;0;0;2;39;0;0;0;100;2;51;1;5;2;2;8;21;0;0;2;0;9;8;0;0;0;0;0;0;0;0;1;1;0;0;0;0;0;0;0;0;0;0;1;1;0;0;0;0;0;0;0;0;0;0;0;0;0;0;;;;;;;;;;;;;;;;;;
22.01.2025;12:47;A 22;1;0;0;4;69;0;0;12;20;0;0;3;47;3;5;2;63;0;0;2;60;4;69;0;0;0;0;5;19;0;0;0;0;5;5;1;1;2;37;0;0;2;18;1;1;1;1;0;0;0;0;0;0;1;1;0;0;0;0;0;0;0;0;0;0;1;1;0;0;0;0;;;;;;;;;;;;;;;;;;
22.01.2025;12:46;A 22;1;0;0;3;25;0;0;2;6;0;0;2;39;3;2;7;58;0;0;0;45;1;79;1;4;0;0;4;72;0;0;0;0;3;3;0;0;0;0;0;0;0;0;0;0;0;0;0;0;0;0;0;0;0;0;0;0;0;0;0;0;0;0;0;0;0;0;0;0;0;0;;;;;;;;;;;;;;;;;;
22.01.2025;12:45;A 22;1;0;0;5;22;0;0;6;7;0;0;4;67;1;0;7;38;0;0;1;88;2;58;0;0;1;2;2;71;0;0;1;0;4;5;1;1;3;2;1;4;2;5;1;1;1;1;1;1;1;1;1;1;0;0;1;1;0;0;0;0;0;0;0;0;0;0;0;0;0;0;;;;;;;;;;;;;;;;;;
22.01.2025;12:44;A 22;1;0;0;4;62;2;1;6;8;0;0;1;1;1;1;3;23;0;0;2;54;3;40;1;2;0;0;6;12;0;0;0;0;6;4;1;0;2;3;0;0;1;5;0;0;0;0;0;0;0;0;1;1;0;0;0;0;0;0;0;0;0;0;0;0;0;0;0;0;0;0;;;;;;;;;;;;;;;;;;
22.01.2025;12:43;A 22;1;0;0;5;62;0;0;9;13;0;0;0;0;1;1;2;43;1;3;0;0;2;51;3;8;0;0;4;12;0;0;0;0;5;4;1;1;0;0;1;4;1;14;1;1;0;0;0;0;1;1;0;0;1;1;0;0;0;0;0;0;0;0;0;0;1;1;0;0;0;0;;;;;;;;;;;;;;;;;;
22.01.2025;12:42;A 22;1;0;0;3;22;0;0;5;4;0;0;1;3;0;0;1;82;0;0;2;14;1;87;0;0;0;0;4;47;0;0;0;0;4;3;0;0;1;0;1;4;0;0;0;0;2;3;0;0;0;0;0;0;0;0;0;0;0;0;0;0;0;0;0;0;0;0;0;0;0;0;;;;;;;;;;;;;;;;;;
22.01.2025;12:41;A 22;1;0;0;3;18;0;0;7;7;0;0;1;1;0;0;4;73;0;0;1;5;1;86;0;0;0;0;6;51;0;0;0;0;8;7;0;0;0;0;0;0;0;0;0;0;0;0;0;0;0;0;1;1;1;1;0;0;0;0;0;0;0;0;0;0;1;1;0;0;0;0;;;;;;;;;;;;;;;;;;
22.01.2025;12:40;A 22;1;0;0;4;15;0;0;4;3;0;0;1;52;1;1;1;0;1;5;1;56;1;8;0;0;1;3;4;70;0;0;1;1;8;15;0;0;1;0;0;0;0;0;0;0;1;1;0;0;0;0;0;0;0;0;0;0;0;0;0;0;0;0;0;0;0;0;0;0;0;0;;;;;;;;;;;;;;;;;;
22.01.2025;12:39;A 22;1;0;0;4;11;2;1;3;3;0;0;1;27;0;0;1;0;0;0;1;9;1;0;1;0;0;0;2;4;0;0;0;0;2;1;1;0;4;23;0;0;4;30;0;0;0;0;0;0;0;0;0;0;1;1;0;0;0;0;0;0;0;0;0;0;0;0;0;0;0;0;;;;;;;;;;;;;;;;;;
22.01.2025;12:38;A 22;1;0;0;4;51;0;0;6;8;0;0;1;1;1;1;4;25;0;0;1;1;0;37;0;0;0;0;3;26;0;0;1;0;3;3;0;0;0;0;0;0;1;6;0;0;1;1;0;0;0;0;0;0;0;0;0;0;0;0;0;0;0;0;0;0;0;0;0;0;0;0;;;;;;;;;;;;;;;;;;
22.01.2025;12:37;A 22;1;0;0;5;53;0;0;6;6;0;0;1;3;1;1;1;48;0;0;2;14;3;37;0;0;0;0;5;49;0;0;0;0;7;5;0;0;1;0;0;0;0;0;0;0;0;0;0;0;3;5;0;0;0;0;0;0;0;0;0;0;3;5;0;0;0;0;0;0;0;0;;;;;;;;;;;;;;;;;;
22.01.2025;12:36;A 22;1;0;0;4;36;0;0;6;8;0;0;5;85;2;3;3;37;0;0;2;86;1;48;1;0;0;0;4;36;0;0;0;0;8;8;0;0;1;1;0;0;1;5;0;0;1;1;0;0;0;0;0;0;0;0;0;0;0;0;0;0;0;0;0;0;0;0;0;0;0;0;;;;;;;;;;;;;;;;;;
22.01.2025;12:35;A 22;1;0;0;4;40;0;0;6;13;0;0;3;85;1;0;2;79;1;4;0;100;2;62;0;0;0;0;5;13;0;0;0;0;6;4;1;2;0;0;1;10;0;0;0;0;0;0;2;3;0;0;0;0;0;0;0;0;0;0;0;0;0;0;0;0;0;0;0;0;0;0;;;;;;;;;;;;;;;;;;
22.01.2025;12:34;A 22;1;0;0;4;29;0;0;6;10;0;0;1;31;0;0;1;23;0;0;3;19;1;28;0;0;0;0;1;4;0;0;0;0;1;1;0;0;1;0;0;0;2;5;0;0;0;0;1;1;1;1;0;0;0;0;0;0;0;0;1;1;0;0;0;0;0;0;0;0;0;0;;;;;;;;;;;;;;;;;;
22.01.2025;12:33;A 22;1;0;0;4;25;1;0;5;6;0;0;1;1;2;2;1;42;2;7;2;8;3;47;2;4;0;0;4;11;0;0;1;0;4;3;1;0;0;0;1;4;1;3;1;1;0;0;1;1;1;1;0;0;0;0;0;0;0;0;1;1;0;0;0;0;0;0;0;0;0;0;;;;;;;;;;;;;;;;;;
22.01.2025;12:32;A 22;1;0;0;3;20;0;0;4;4;0;0;1;19;1;0;1;1;1;5;1;23;2;12;1;1;1;3;2;5;0;0;1;0;3;2;0;0;0;0;0;0;0;0;0;0;0;0;0;0;0;0;0;0;0;0;0;0;0;0;0;0;0;0;0;0;0;0;0;0;0;0;;;;;;;;;;;;;;;;;;
22.01.2025;12:31;A 22;1;0;0;3;13;0;0;3;3;0;0;2;22;0;0;3;30;0;0;0;27;0;36;0;0;0;0;4;72;0;0;0;0;5;6;0;19;0;25;0;0;0;21;0;0;1;1;0;0;0;0;0;0;0;0;0;0;0;0;0;0;0;0;0;0;0;0;0;0;0;0;;;;;;;;;;;;;;;;;;
22.01.2025;12:30;A 22;1;0;0;3;55;0;0;7;15;0;0;1;84;1;1;1;29;1;4;1;90;1;36;2;2;1;1;4;48;0;0;1;0;5;33;1;43;1;46;0;0;1;55;0;0;0;0;0;0;0;0;1;1;0;0;0;0;0;0;0;0;0;0;0;0;0;0;0;0;0;0;;;;;;;;;;;;;;;;;;
22.01.2025;12:29;A 22;1;2;6;3;54;1;0;8;14;0;0;0;0;0;0;1;2;0;0;0;0;0;2;0;0;0;0;4;41;0;0;0;0;8;17;0;0;3;32;0;0;2;10;1;1;1;1;0;0;0;0;0;0;0;0;1;1;1;2;0;0;0;0;0;0;0;0;0;0;0;0;;;;;;;;;;;;;;;;;;
22.01.2025;12:28;A 22;1;0;0;5;19;0;0;6;5;0;0;0;86;4;7;2;94;2;30;0;86;0;100;0;0;0;0;4;10;0;0;0;0;4;4;0;83;0;4;0;85;1;3;1;1;0;0;0;0;0;0;0;0;0;0;0;0;0;0;0;0;1;1;1;1;0;0;0;0;0;0;;;;;;;;;;;;;;;;;;
22.01.2025;12:27;A 22;1;0;0;4;58;0;0;6;6;0;0;3;50;1;0;3;40;1;3;1;59;3;51;1;1;0;0;2;57;0;0;0;0;7;39;2;33;4;36;2;37;1;32;0;0;0;0;0;0;0;0;1;1;1;1;0;0;0;0;0;0;0;0;1;1;1;1;0;0;0;0;;;;;;;;;;;;;;;;;;
22.01.2025;12:26;A 22;1;1;2;1;70;0;0;4;7;0;0;0;0;0;0;2;22;0;0;1;5;2;27;0;0;1;4;1;61;0;0;1;0;4;5;0;0;0;0;0;0;0;0;0;0;1;1;0;0;0;0;0;0;0;0;0;0;0;0;0;0;0;0;0;0;0;0;0;0;0;0;;;;;;;;;;;;;;;;;;
22.01.2025;12:25;A 22;1;0;0;1;3;0;0;1;1;0;0;2;36;4;4;6;53;0;0;0;43;2;73;1;1;1;6;5;81;0;0;1;1;7;8;0;0;0;0;0;0;0;0;0;0;0;0;0;0;0;0;0;0;0;0;0;0;0;0;0;0;0;0;1;1;0;0;0;0;0;0;;;;;;;;;;;;;;;;;;
22.01.2025;12:24;A 22;1;0;0;4;33;0;0;6;7;0;0;0;0;0;0;2;55;0;0;1;0;2;62;0;1;0;0;2;61;0;0;0;0;3;5;0;0;1;0;0;0;0;0;1;1;0;0;0;0;1;1;0;0;0;0;0;0;0;0;1;1;0;0;0;0;0;0;0;0;0;0;;;;;;;;;;;;;;;;;;
22.01.2025;12:23;A 22;1;0;0;3;30;0;0;10;9;0;0;1;15;4;4;1;15;3;17;0;18;1;17;1;0;0;0;4;10;0;0;0;0;4;3;0;0;0;0;0;0;0;0;1;1;0;0;0;0;0;0;0;0;0;0;1;1;0;0;0;0;0;0;0;0;0;0;0;0;0;0;;;;;;;;;;;;;;;;;;
22.01.2025;12:22;A 22;1;1;1;3;23;0;0;6;8;0;0;1;7;1;0;3;25;1;4;1;15;2;33;0;0;0;0;7;24;0;0;0;0;7;6;0;0;0;0;0;0;0;0;0;0;0;0;0;0;1;1;0;0;0;0;0;0;0;0;0;0;1;1;0;0;0;0;0;0;0;0;;;;;;;;;;;;;;;;;;
22.01.2025;12:21;A 22;1;0;0;3;14;0;0;5;4;0;0;1;95;3;3;1;96;2;20;0;98;0;100;3;5;0;0;2;20;0;0;0;0;2;3;0;0;0;95;0;0;0;0;0;0;1;1;0;0;1;1;0;0;0;0;1;1;0;0;0;0;1;1;0;0;0;0;0;0;0;0;;;;;;;;;;;;;;;;;;
22.01.2025;12:20;A 22;1;1;2;5;21;1;0;5;5;0;0;3;91;1;1;3;91;1;5;0;100;2;94;0;2;0;0;5;62;0;0;0;0;7;9;2;2;3;91;0;0;1;77;0;0;0;0;0;0;1;1;0;0;0;0;0;0;0;0;1;1;0;0;0;0;0;0;0;0;0;0;;;;;;;;;;;;;;;;;;
22.01.2025;12:19;A 22;1;0;0;3;77;1;0;5;21;0;0;5;65;1;1;2;55;0;0;1;81;1;51;1;2;0;3;4;87;0;0;0;0;8;50;0;0;1;14;0;0;2;34;0;0;0;0;0;0;0;0;0;0;0;0;0;0;0;0;0;0;0;0;0;0;0;0;0;0;0;0;;;;;;;;;;;;;;;;;;
22.01.2025;12:18;A 22;1;0;0;3;63;0;0;4;4;0;0;3;65;1;1;7;73;1;4;2;77;1;90;1;1;1;0;4;90;0;0;1;1;8;11;0;0;0;0;0;0;0;0;0;0;0;0;0;0;1;1;0;0;0;0;1;1;0;0;0;0;0;0;0;0;0;0;0;0;0;0;;;;;;;;;;;;;;;;;;
22.01.2025;12:17;A 22;1;1;6;3;55;1;0;5;9;0;0;1;99;1;0;1;57;1;2;0;100;1;65;0;0;0;0;4;28;0;0;0;0;4;3;0;0;0;0;0;0;0;0;0;0;2;3;0;0;0;0;0;0;0;0;0;0;0;0;0;0;0;0;0;0;0;0;0;0;0;0;;;;;;;;;;;;;;;;;;
22.01.2025;12:16;A 22;1;0;0;1;27;0;0;5;10;0;0;6;81;3;4;5;11;0;0;0;100;0;21;0;0;1;33;3;20;0;0;0;0;3;4;1;2;0;0;1;10;1;4;0;0;0;0;0;0;0;0;0;0;0;0;0;0;0;0;0;0;0;0;0;0;0;0;0;0;0;0;;;;;;;;;;;;;;;;;;
22.01.2025;12:15;A 22;1;2;4;4;68;0;0;6;7;0;0;39;54;1;1;2;41;1;5;0;100;1;50;0;0;1;10;3;7;0;0;2;1;5;3;0;0;0;0;0;0;0;0;1;1;1;1;0;0;0;0;1;1;0;0;1;1;0;0;0;0;0;0;0;0;0;0;0;0;0;0;;;;;;;;;;;;;;;;;;
22.01.2025;12:14;A 22;1;0;0;2;70;0;0;12;19;0;0;3;64;0;0;4;81;0;0;1;78;1;94;0;0;0;0;2;35;0;0;0;0;2;1;0;0;0;0;0;0;0;0;1;1;0;0;0;0;0;0;0;0;0;0;0;0;0;0;0;0;0;0;0;0;0;0;0;0;0;0;;;;;;;;;;;;;;;;;;
22.01.2025;12:13;A 22;1;1;1;3;36;1;0;5;7;0;0;0;0;1;0;4;26;0;0;0;66;3;21;0;0;1;4;6;53;0;0;1;0;7;7;1;4;0;0;1;4;0;0;0;0;0;0;0;0;0;0;0;0;0;0;0;0;0;0;0;0;1;1;1;1;0;0;0;0;0;0;;;;;;;;;;;;;;;;;;
22.01.2025;12:12;A 22;1;0;0;4;31;1;0;6;7;0;0;2;76;1;0;2;73;1;3;1;91;0;83;0;0;1;4;5;18;0;0;2;2;7;7;0;0;0;0;0;0;0;0;0;0;1;1;0;0;0;0;0;0;0;0;0;0;0;0;0;0;1;1;0;0;0;0;0;0;0;0;;;;;;;;;;;;;;;;;;
22.01.2025;12:11;A 22;1;0;0;1;11;0;0;2;2;0;0;3;61;2;32;3;74;0;0;0;100;1;83;1;4;0;0;1;2;0;0;0;0;0;0;1;1;1;42;1;4;1;42;0;0;0;0;0;0;0;0;0;0;0;0;0;0;0;0;0;0;0;0;0;0;0;0;0;0;0;0;;;;;;;;;;;;;;;;;;
22.01.2025;12:10;A 22;1;0;0;4;41;0;0;4;5;0;0;1;35;2;5;7;69;0;0;0;100;2;87;0;0;0;0;3;7;0;0;0;0;4;3;0;0;1;9;0;0;2;15;0;0;0;0;0;0;0;0;0;0;0;0;1;1;0;0;0;0;0;0;0;0;0;0;0;0;0;0;;;;;;;;;;;;;;;;;;
22.01.2025;12:09;A 22;1;0;0;5;17;0;0;5;4;0;0;3;64;1;0;1;81;0;0;0;100;1;86;0;0;1;2;4;9;0;0;1;0;5;4;1;0;0;2;0;0;1;3;0;0;0;0;0;0;0;0;1;1;0;0;0;0;0;0;0;0;0;0;0;0;0;0;0;0;0;0;;;;;;;;;;;;;;;;;;
22.01.2025;12:08;A 22;1;0;0;4;18;0;0;5;4;0;0;1;79;1;0;2;3;0;0;1;84;0;8;0;0;1;4;5;14;0;0;1;1;6;7;0;0;1;4;0;0;1;11;0;0;0;0;0;0;0;0;0;0;0;0;0;0;0;0;0;0;0;0;0;0;0;0;0;0;0;0;;;;;;;;;;;;;;;;;;
22.01.2025;12:07;A 22;1;0;0;2;41;0;0;4;5;0;0;5;55;3;6;4;63;0;0;2;71;1;76;0;0;0;0;6;19;0;0;0;0;7;6;0;0;0;0;0;0;1;1;0;0;0;0;2;3;1;1;0;0;0;0;0;0;0;0;0;0;0;0;0;0;0;0;0;0;0;0;;;;;;;;;;;;;;;;;;
22.01.2025;12:06;A 22;1;0;0;3;34;0;0;5;6;0;0;4;88;2;1;1;77;1;4;0;100;0;79;1;3;0;0;6;21;0;0;1;1;7;8;0;0;2;72;0;0;1;7;0;0;0;0;0;0;0;0;0;0;0;0;0;0;0;0;0;0;0;0;0;0;0;0;0;0;0;0;;;;;;;;;;;;;;;;;;
22.01.2025;12:05;A 22;1;0;0;1;98;0;0;8;70;0;0;3;92;0;53;1;54;0;0;0;100;2;22;1;1;1;5;6;62;0;0;1;0;7;7;0;0;0;0;0;0;1;5;0;0;0;0;0;0;1;1;0;0;0;0;1;1;0;0;0;0;1;1;1;0;0;0;0;0;0;0;;;;;;;;;;;;;;;;;;
22.01.2025;12:04;A 22;1;0;0;1;87;1;0;4;9;0;0;2;66;2;59;3;46;0;0;1;71;3;21;0;0;1;2;4;13;0;0;0;0;4;4;0;0;1;35;0;0;1;3;1;1;0;0;0;0;0;0;0;0;0;0;0;0;0;0;0;0;0;0;0;0;1;1;0;0;0;0;;;;;;;;;;;;;;;;;;
22.01.2025;12:03;A 22;1;0;0;4;42;1;0;9;13;0;0;4;20;3;2;5;44;1;5;2;36;3;34;0;0;0;0;2;72;0;0;1;0;3;2;1;2;1;25;0;0;1;7;0;0;0;0;0;0;1;1;0;0;0;0;0;0;0;0;0;0;1;1;0;0;0;0;0;0;0;0;;;;;;;;;;;;;;;;;;
22.01.2025;12:02;A 22;1;0;0;6;19;0;0;6;5;0;0;0;100;0;0;0;100;0;0;0;100;0;0;0;0;1;3;5;14;0;0;2;2;6;6;0;0;0;0;0;0;0;0;0;0;1;1;0;0;0;0;0;0;0;0;0;0;0;0;0;0;0;0;1;1;0;0;0;0;0;0;;;;;;;;;;;;;;;;;;
22.01.2025;12:01;A 22;1;0;0;3;42;0;0;8;14;0;0;3;24;1;1;1;19;1;8;1;36;1;9;0;0;0;0;7;18;0;0;0;0;7;6;0;0;0;0;0;0;0;0;0;0;0;0;0;0;0;0;0;0;0;0;0;0;0;0;0;0;0;0;0;0;0;0;0;0;0;0;;;;;;;;;;;;;;;;;;
22.01.2025;12:00;A 22;1;0;0;4;17;0;0;5;5;0;0;1;94;0;0;2;18;0;0;1;98;1;21;0;0;1;2;3;6;0;0;1;0;4;2;0;0;0;0;0;0;0;0;0;0;0;0;0;0;1;1;0;0;0;0;0;0;0;0;0;0;0;0;0;0;0;0;0;0;0;0;;;;;;;;;;;;;;;;;;
22.01.2025;11:59;A 22;1;0;0;0;96;0;0;10;27;0;0;0;49;3;2;4;51;2;12;0;49;0;1;0;0;2;38;3;48;0;0;2;3;8;27;1;3;3;62;1;7;1;13;0;0;0;0;0;0;0;0;0;0;1;1;0;0;0;0;0;0;0;0;0;0;1;1;0;0;0;0;;;;;;;;;;;;;;;;;;
22.01.2025;11:58;A 22;1;0;0;3;73;0;0;7;13;0;0;3;8;4;6;5;62;0;0;2;15;1;69;0;0;2;5;5;14;0;0;2;2;7;7;0;0;0;0;0;0;1;8;0;0;0;0;0;0;0;0;0;0;0;0;0;0;0;0;2;3;0;0;0;0;0;0;0;0;0;0;;;;;;;;;;;;;;;;;;
22.01.2025;11:57;A 22;1;0;0;3;65;0;0;5;5;0;0;0;0;2;2;4;58;1;5;0;0;4;62;0;0;0;0;4;8;0;0;0;0;2;1;0;0;0;0;0;0;0;0;1;1;0;0;0;0;1;1;1;1;1;1;0;0;0;0;0;0;0;0;0;0;0;0;0;0;0;0;;;;;;;;;;;;;;;;;;
22.01.2025;11:56;A 22;1;2;2;3;26;0;0;8;7;0;0;1;21;0;0;0;0;0;0;0;24;0;0;0;0;0;0;1;6;0;0;0;0;2;1;0;0;0;0;0;0;0;0;1;1;0;0;1;1;0;0;0;0;0;0;1;1;0;0;1;1;0;0;0;0;0;0;0;0;0;0;;;;;;;;;;;;;;;;;;
22.01.2025;11:55;A 22;1;0;0;7;67;0;0;10;12;0;0;4;83;1;1;1;1;0;0;1;90;0;0;0;0;0;0;5;82;0;0;0;0;9;59;0;0;1;0;0;0;1;6;1;1;0;0;1;1;0;0;1;1;0;0;0;0;0;0;1;1;0;0;0;0;0;0;0;0;0;0;;;;;;;;;;;;;;;;;;
22.01.2025;11:54;A 22;1;0;0;4;12;0;0;4;3;0;0;3;72;1;1;3;44;1;4;1;83;1;53;0;0;0;0;1;75;0;0;0;0;6;17;1;1;1;42;1;4;2;10;0;0;0;0;0;0;0;0;0;0;1;1;0;0;0;0;0;0;0;0;0;0;2;3;0;0;0;0;;;;;;;;;;;;;;;;;;
22.01.2025;11:53;A 22;1;0;0;2;35;0;0;3;3;0;0;2;78;0;0;0;0;0;0;1;84;0;0;0;0;0;0;4;54;0;0;0;0;6;10;0;0;0;0;0;0;0;0;0;0;1;1;0;0;2;3;0;0;0;0;0;0;0;0;0;0;2;3;1;1;0;0;0;0;0;0;;;;;;;;;;;;;;;;;;
22.01.2025;11:52;A 22;1;0;0;9;47;0;0;10;11;0;0;0;0;4;3;6;22;0;0;0;0;1;43;0;0;1;3;3;8;0;0;1;0;5;4;0;0;0;0;0;0;0;0;0;0;1;1;1;1;0;0;0;0;1;1;0;0;0;0;0;0;0;0;0;0;0;0;0;0;0;0;;;;;;;;;;;;;;;;;;
22.01.2025;11:51;A 22;1;0;0;3;44;0;0;4;5;0;0;0;42;2;32;3;33;0;0;0;41;3;35;0;0;0;0;3;7;0;0;0;0;3;2;0;0;1;33;0;39;1;7;0;0;1;1;0;0;0;0;1;1;0;0;0;0;0;0;0;0;0;0;0;0;0;0;0;0;0;0;;;;;;;;;;;;;;;;;;
22.01.2025;11:50;A 22;1;0;0;2;62;0;0;4;17;0;0;3;32;0;0;4;57;0;0;1;37;2;50;0;0;1;5;3;80;0;0;1;1;5;6;2;4;0;0;1;14;2;5;0;0;0;0;0;0;0;0;0;0;1;1;0;0;0;0;0;0;0;0;0;0;1;1;0;0;0;0;;;;;;;;;;;;;;;;;;
22.01.2025;11:49;A 22;1;1;6;5;35;1;1;6;10;0;0;5;56;2;1;3;66;0;0;2;92;1;78;1;0;0;0;3;9;0;0;0;0;3;3;0;0;0;0;0;0;0;0;1;1;0;0;0;0;0;0;1;1;0;0;3;5;1;3;0;0;0;0;0;0;0;0;0;0;0;0;;;;;;;;;;;;;;;;;;
22.01.2025;11:48;A 22;1;0;0;11;61;1;0;8;17;0;0;1;1;0;0;3;62;0;0;2;48;1;72;0;0;0;0;3;72;0;0;0;0;4;5;0;0;1;1;0;0;1;5;1;1;1;1;0;0;0;0;0;0;0;0;3;5;0;0;0;0;0;0;0;0;0;0;0;0;0;0;;;;;;;;;;;;;;;;;;
22.01.2025;11:47;A 22;1;0;0;2;24;0;0;8;9;0;0;0;0;0;0;1;78;0;0;0;0;1;82;0;0;0;0;6;27;0;0;0;0;9;13;0;0;0;0;0;0;0;0;1;1;0;0;0;0;0;0;1;1;1;1;0;0;0;0;0;0;0;0;0;0;0;0;0;0;0;0;;;;;;;;;;;;;;;;;;
22.01.2025;11:46;A 22;1;0;0;7;37;0;0;8;11;0;0;2;61;1;47;2;55;2;11;1;69;2;71;0;0;0;0;3;36;0;0;0;0;3;3;0;0;1;22;0;2;1;7;0;0;0;0;0;0;0;0;0;0;0;0;0;0;0;0;0;0;0;0;0;0;0;0;0;0;0;0;;;;;;;;;;;;;;;;;;
22.01.2025;11:45;A 22;1;0;0;4;27;0;0;5;7;0;0;1;21;1;47;1;48;0;0;1;24;1;53;1;2;0;0;6;47;0;0;0;0;7;14;0;0;3;47;1;2;2;57;0;0;0;0;1;1;0;0;1;1;0;0;0;0;0;0;0;0;0;0;0;0;0;0;0;0;0;0;;;;;;;;;;;;;;;;;;
22.01.2025;11:44;A 22;1;0;0;3;14;1;0;4;4;0;0;3;62;2;1;2;3;0;0;0;76;1;6;0;0;0;0;5;13;0;0;0;0;4;3;0;0;1;20;0;0;1;7;1;1;0;0;0;0;0;0;0;0;0;0;0;0;0;0;0;0;0;0;0;0;0;0;0;0;0;0;;;;;;;;;;;;;;;;;;
22.01.2025;11:43;A 22;1;0;0;4;16;0;0;4;4;0;0;2;94;0;42;3;55;0;0;1;80;0;53;2;1;0;0;6;20;0;0;0;0;6;6;0;0;1;1;0;0;1;7;0;0;0;0;0;0;0;0;0;0;0;0;0;0;0;0;0;0;0;0;0;0;0;0;0;0;0;0;;;;;;;;;;;;;;;;;;
22.01.2025;11:42;A 22;1;0;0;4;20;0;0;5;4;0;0;1;52;1;68;1;94;0;0;0;93;0;100;0;0;0;0;2;3;0;0;0;0;3;2;0;0;1;16;0;0;0;9;0;0;0;0;0;0;0;0;0;0;0;0;0;0;0;0;0;0;0;0;0;0;0;0;0;0;0;0;;;;;;;;;;;;;;;;;;
22.01.2025;11:41;A 22;1;0;0;5;57;1;0;7;8;0;0;2;8;2;1;3;40;2;8;0;100;2;50;1;1;0;0;4;9;0;0;0;0;4;3;0;0;0;0;0;0;1;3;0;0;0;0;0;0;0;0;0;0;0;0;0;0;0;0;0;0;0;0;0;0;0;0;0;0;0;0;;;;;;;;;;;;;;;;;;
22.01.2025;11:40;A 22;1;0;0;8;46;0;0;8;9;0;0;1;54;1;0;2;10;0;0;0;100;2;18;2;9;0;0;3;9;0;0;3;8;2;1;1;1;1;3;0;0;1;10;0;0;1;1;0;0;0;0;1;1;0;0;0;0;0;0;0;0;0;0;0;0;0;0;0;0;0;0;;;;;;;;;;;;;;;;;;
22.01.2025;11:39;A 22;1;0;0;4;30;0;0;7;7;0;0;3;84;1;1;1;89;0;0;0;100;0;91;1;1;0;0;4;16;0;0;0;0;5;6;1;17;1;21;0;0;0;0;0;0;1;1;0;0;0;0;0;0;0;0;0;0;0;0;0;0;0;0;0;0;0;0;0;0;0;0;;;;;;;;;;;;;;;;;;
22.01.2025;11:38;A 22;1;0;0;8;33;0;0;8;7;0;0;2;29;2;13;2;74;0;0;0;100;1;81;0;0;0;0;5;19;0;0;0;0;6;6;0;0;0;0;0;0;0;0;0;0;0;0;1;1;0;0;2;3;0;0;0;0;0;0;1;1;0;0;0;0;0;0;0;0;0;0;;;;;;;;;;;;;;;;;;
22.01.2025;11:37;A 22;1;1;1;5;47;1;0;6;7;0;0;1;36;2;34;5;33;0;0;0;100;3;57;0;0;0;0;5;10;0;0;1;2;4;3;0;0;0;0;0;0;0;0;1;1;0;0;0;0;0;0;0;0;0;0;0;0;0;0;1;1;0;0;0;0;0;0;0;0;0;0;;;;;;;;;;;;;;;;;;
22.01.2025;11:36;A 22;1;1;5;2;86;0;0;6;11;0;0;3;35;3;3;4;43;0;0;0;100;1;56;1;0;0;0;2;4;0;0;0;0;2;1;0;0;0;0;0;0;1;0;1;1;0;0;0;0;0;0;0;0;2;3;0;0;0;0;1;1;0;0;0;0;0;0;0;0;0;0;;;;;;;;;;;;;;;;;;
22.01.2025;11:35;A 22;1;0;0;4;15;0;0;4;3;0;0;0;12;0;12;2;33;0;0;0;100;1;40;0;0;0;0;3;59;0;0;0;0;4;5;1;2;2;4;0;0;1;9;0;0;0;0;0;0;0;0;0;0;0;0;0;0;0;0;0;0;0;0;0;0;1;1;0;0;0;0;;;;;;;;;;;;;;;;;;
22.01.2025;11:34;A 22;1;0;0;5;68;1;0;5;5;0;0;3;10;2;1;0;7;1;4;1;26;1;9;0;0;0;0;3;8;0;0;0;0;3;2;0;0;0;1;0;0;0;0;0;0;1;1;0;0;0;0;0;0;0;0;0;0;0;0;0;0;0;0;0;0;0;0;0;0;0;0;;;;;;;;;;;;;;;;;;
22.01.2025;11:33;A 22;1;0;0;4;54;0;0;8;9;0;0;3;92;0;0;1;5;0;0;0;100;1;13;0;0;0;0;5;11;0;0;0;0;5;4;0;0;1;20;0;0;1;10;1;1;0;0;0;0;0;0;0;0;0;0;1;1;0;0;0;0;0;0;0;0;0;0;0;0;0;0;;;;;;;;;;;;;;;;;;
22.01.2025;11:32;A 22;1;0;0;4;12;0;0;4;3;0;0;3;92;0;0;3;57;0;0;0;100;1;69;1;0;0;0;5;21;0;0;0;0;6;5;1;1;0;0;1;6;1;1;0;0;0;0;0;0;0;0;0;0;0;0;0;0;0;0;0;0;0;0;0;0;0;0;0;0;0;0;;;;;;;;;;;;;;;;;;
22.01.2025;11:31;A 22;1;1;1;6;33;1;0;6;6;0;0;5;87;1;1;1;61;0;0;0;100;1;59;1;4;0;0;7;28;0;0;0;0;9;8;0;0;0;0;0;0;0;0;0;0;2;3;0;0;0;0;0;0;0;0;0;0;0;0;0;0;0;0;0;0;0;0;0;0;0;0;;;;;;;;;;;;;;;;;;
22.01.2025;11:29;A 22;1;0;0;2;13;0;0;2;4;0;0;2;90;1;1;1;70;0;0;0;100;2;50;0;0;0;0;2;12;0;0;0;0;2;2;1;23;2;26;4;2;2;32;0;0;0;0;0;0;0;0;0;0;0;0;0;0;0;0;0;0;0;0;0;0;0;0;0;0;0;0;;;;;;;;;;;;;;;;;;
22.01.2025;11:28;A 22;1;0;0;3;59;0;0;4;7;0;0;4;32;0;0;4;24;0;0;3;45;2;45;0;0;1;2;4;10;0;0;1;0;4;4;0;0;1;33;0;0;0;36;0;0;0;0;0;0;0;0;0;0;0;0;0;0;0;0;0;0;0;0;0;0;0;0;0;0;0;0;;;;;;;;;;;;;;;;;;
22.01.2025;11:27;A 22;1;1;4;2;14;1;0;4;4;0;0;5;15;1;1;3;21;0;0;1;23;1;20;2;1;1;1;3;57;0;0;1;0;3;4;0;0;1;61;0;0;3;8;0;0;0;0;0;0;0;0;1;1;0;0;0;0;0;0;0;0;0;0;1;1;0;0;0;0;0;0;;;;;;;;;;;;;;;;;;
22.01.2025;11:26;A 22;1;2;1;2;8;0;0;3;2;0;0;1;68;2;1;2;82;2;6;1;74;1;81;3;3;0;0;8;30;0;0;1;0;8;8;0;0;0;0;0;0;0;0;0;0;0;0;0;0;0;0;0;0;0;0;0;0;0;0;0;0;0;0;0;0;0;0;0;0;0;0;;;;;;;;;;;;;;;;;;
22.01.2025;11:25;A 22;1;0;0;5;21;0;0;5;4;0;0;2;22;1;1;3;74;1;6;1;31;1;84;2;1;1;7;3;14;0;0;0;0;4;6;0;0;0;0;0;0;0;0;0;0;1;1;0;0;0;0;0;0;0;0;0;0;0;0;0;0;0;0;0;0;0;0;0;0;0;0;;;;;;;;;;;;;;;;;;
22.01.2025;11:24;A 22;1;2;2;5;54;0;0;8;10;0;0;0;71;0;0;0;0;0;0;0;35;0;0;0;0;0;0;6;19;0;0;0;0;6;6;0;0;0;0;0;0;0;0;0;0;0;0;0;0;0;0;0;0;0;0;0;0;0;0;1;1;0;0;0;0;0;0;0;0;0;0;;;;;;;;;;;;;;;;;;
22.01.2025;11:23;A 22;1;0;0;4;11;0;0;3;3;0;0;2;23;1;0;2;37;0;0;2;31;2;45;1;3;1;3;3;13;0;0;1;1;4;4;0;0;0;0;0;0;1;11;1;1;0;0;0;0;0;0;0;0;0;0;0;0;0;0;0;0;0;0;0;0;0;0;0;0;0;0;;;;;;;;;;;;;;;;;;
22.01.2025;11:22;A 22;1;1;1;4;17;1;0;4;4;0;0;1;48;2;2;1;50;1;3;1;51;0;58;0;0;0;0;4;28;0;0;0;0;3;5;0;0;1;0;1;3;1;4;0;0;0;0;0;0;1;1;0;0;0;0;0;0;0;0;0;0;0;0;0;0;1;1;0;0;0;0;;;;;;;;;;;;;;;;;;
22.01.2025;11:21;A 22;1;0;0;4;12;0;0;4;3;0;0;2;70;0;0;3;91;0;0;1;77;0;100;0;0;2;6;7;54;0;0;1;1;8;8;0;0;0;0;0;0;0;0;0;0;1;1;3;5;0;0;0;0;0;0;0;0;0;0;0;0;0;0;0;0;0;0;0;0;0;0;;;;;;;;;;;;;;;;;;
22.01.2025;11:20;A 22;1;0;0;4;48;0;0;5;25;0;0;1;55;2;2;0;100;2;9;1;60;0;100;0;0;0;0;5;38;0;0;0;0;6;23;0;0;0;0;0;0;0;0;0;0;0;0;0;0;0;0;0;0;0;0;0;0;0;0;0;0;0;0;0;0;0;0;0;0;0;0;;;;;;;;;;;;;;;;;;
22.01.2025;11:19;A 22;1;0;0;4;59;0;0;7;36;0;0;8;67;1;0;5;69;1;4;0;79;2;83;0;0;0;0;1;27;0;0;0;0;6;21;1;2;0;0;1;7;0;0;0;0;0;0;0;0;0;0;0;0;0;0;1;1;0;0;0;0;0;0;0;0;0;0;0;0;0;0;;;;;;;;;;;;;;;;;;
22.01.2025;11:18;A 22;1;0;0;4;22;0;0;7;7;0;0;3;89;0;0;3;94;0;1;0;100;0;100;1;1;1;0;7;12;0;0;1;0;6;4;0;0;0;0;0;0;0;0;0;0;1;1;0;0;0;0;0;0;0;0;0;0;0;0;0;0;0;0;0;0;1;1;0;0;0;0;;;;;;;;;;;;;;;;;;
22.01.2025;11:17;A 22;1;0;0;2;47;0;0;2;2;0;0;2;49;2;1;3;57;1;2;2;52;1;70;0;0;0;0;1;51;0;0;0;0;7;21;0;0;0;0;0;0;0;0;0;0;0;0;0;0;0;0;0;0;1;1;0;0;0;0;0;0;0;0;0;0;1;1;0;0;0;0;;;;;;;;;;;;;;;;;;
22.01.2025;11:16;A 22;1;3;3;2;16;1;0;4;4;0;0;2;29;0;0;4;11;0;0;1;35;5;18;3;3;0;0;4;73;0;0;0;0;4;3;0;0;1;1;0;0;1;1;0;0;1;1;0;0;0;0;1;1;0;0;0;0;0;0;0;0;0;0;0;0;0;0;0;0;0;0;;;;;;;;;;;;;;;;;;
22.01.2025;11:15;A 22;1;0;0;4;17;0;0;5;5;0;0;1;30;1;1;3;34;0;0;1;33;1;41;0;0;1;4;4;79;0;0;1;0;6;5;0;0;2;35;0;0;2;13;1;1;0;0;0;0;0;0;0;0;0;0;1;1;0;0;0;0;0;0;0;0;0;0;0;0;0;0;;;;;;;;;;;;;;;;;;
22.01.2025;11:14;A 22;1;0;0;4;41;0;0;5;5;0;0;1;7;1;1;4;34;0;0;1;10;2;42;0;0;0;0;0;0;0;0;0;0;0;0;0;19;2;40;0;0;2;16;0;0;0;0;0;0;0;0;0;0;0;0;0;0;0;0;0;0;1;1;0;0;0;0;0;0;0;0;;;;;;;;;;;;;;;;;;
22.01.2025;11:13;A 22;1;0;0;3;88;0;0;11;22;0;0;2;3;2;1;0;0;2;11;1;7;0;0;0;0;0;0;4;12;0;0;0;0;4;4;1;40;3;45;1;2;2;22;0;0;0;0;0;0;0;0;0;0;0;0;0;0;0;0;0;0;0;0;0;0;0;0;0;0;0;0;;;;;;;;;;;;;;;;;;
22.01.2025;11:12;A 22;1;0;0;4;17;0;0;5;6;0;0;1;93;1;90;1;50;0;0;1;98;1;54;2;2;0;0;7;30;0;0;0;0;6;5;0;0;1;72;0;0;3;43;0;0;0;0;0;0;0;0;0;0;0;0;1;1;0;0;0;0;1;1;0;0;0;0;0;0;0;0;;;;;;;;;;;;;;;;;;
22.01.2025;11:11;A 22;1;0;0;5;55;0;0;6;8;0;0;1;67;1;1;2;47;1;4;1;71;1;11;0;0;0;0;6;33;0;0;0;0;8;8;1;1;0;0;1;5;1;3;0;0;0;0;1;1;0;0;0;0;0;0;0;0;0;0;1;1;0;0;0;0;0;0;0;0;0;0;;;;;;;;;;;;;;;;;;
22.01.2025;11:10;A 22;1;0;0;5;60;0;0;8;7;0;0;1;71;2;6;4;81;1;5;1;74;0;93;1;3;0;0;5;18;0;0;0;0;6;6;3;4;2;73;0;0;1;43;1;1;0;0;0;0;0;0;0;0;0;0;0;0;0;0;0;0;0;0;0;0;0;0;0;0;0;0;;;;;;;;;;;;;;;;;;
22.01.2025;11:09;A 22;1;0;0;1;66;0;0;6;40;0;0;2;25;0;0;1;62;0;0;1;34;1;67;0;0;0;0;2;41;0;0;0;0;5;8;0;0;1;22;0;0;2;36;0;0;0;0;0;0;0;0;0;0;0;0;0;0;0;0;0;0;1;1;0;0;0;0;0;0;0;0;;;;;;;;;;;;;;;;;;
22.01.2025;11:08;A 22;1;0;0;5;82;0;0;9;11;0;0;1;38;0;0;4;56;0;0;1;41;1;71;0;0;0;0;1;6;0;0;0;0;2;2;0;0;3;1;0;0;0;0;0;0;0;0;0;0;0;0;0;0;0;0;0;0;0;0;0;0;0;0;0;0;1;1;0;0;0;0;;;;;;;;;;;;;;;;;;
22.01.2025;11:07;A 22;1;0;0;2;35;1;0;1;1;0;0;0;0;0;0;2;41;0;0;0;0;1;66;0;0;0;0;4;39;0;0;0;0;5;6;0;0;0;0;0;0;1;10;0;0;0;0;0;0;0;0;0;0;0;0;0;0;0;0;0;0;0;0;0;0;0;0;0;0;0;0;;;;;;;;;;;;;;;;;;
22.01.2025;11:06;A 22;1;0;0;3;45;1;0;7;12;0;0;4;53;3;2;8;40;0;0;3;66;1;65;2;3;1;4;2;8;0;0;1;0;4;5;0;0;1;0;0;0;0;0;1;1;0;0;0;0;0;0;0;0;0;0;0;0;0;0;1;1;0;0;0;0;0;0;0;0;0;0;;;;;;;;;;;;;;;;;;
22.01.2025;11:05;A 22;1;1;1;3;15;0;0;4;4;0;0;3;89;2;1;1;67;0;0;2;97;2;69;1;1;0;0;1;7;0;0;0;0;3;3;0;0;0;0;0;0;0;0;0;0;0;0;0;0;0;0;0;0;0;0;0;0;0;0;0;0;0;0;0;0;0;0;0;0;0;0;;;;;;;;;;;;;;;;;;
22.01.2025;11:04;A 22;1;0;0;6;27;0;0;7;7;0;0;4;81;1;0;1;63;1;2;1;95;1;68;0;0;0;0;5;13;0;0;0;0;5;4;0;0;0;0;0;0;0;0;0;0;0;0;0;0;0;0;0;0;0;0;0;0;0;0;0;0;0;0;0;0;0;0;0;0;0;0;;;;;;;;;;;;;;;;;;
22.01.2025;11:03;A 22;1;1;1;5;22;0;0;5;5;0;0;5;78;3;2;1;49;0;0;0;91;1;54;0;0;0;0;4;11;0;0;0;0;5;4;1;1;1;1;1;9;1;5;0;0;1;1;0;0;1;1;0;0;0;0;0;0;0;0;0;0;1;1;0;0;0;0;0;0;0;0;;;;;;;;;;;;;;;;;;
22.01.2025;11:02;A 22;1;0;0;3;20;0;0;5;5;0;0;4;73;3;3;3;58;1;7;1;86;1;65;4;5;0;0;5;12;0;0;0;0;13;6;0;0;1;2;0;0;1;2;0;0;0;0;0;0;0;0;0;0;0;0;0;0;0;0;0;0;0;0;0;0;0;0;0;0;0;0;;;;;;;;;;;;;;;;;;
22.01.2025;11:01;A 22;1;0;0;1;6;0;0;2;1;0;0;86;63;2;1;4;85;0;0;0;100;0;100;0;0;0;0;3;8;0;0;0;0;3;2;0;0;0;0;0;0;0;0;0;0;0;0;0;0;0;0;0;0;0;0;0;0;0;0;0;0;0;0;0;0;0;0;0;0;0;0;;;;;;;;;;;;;;;;;;
22.01.2025;11:00;A 22;1;0;0;4;69;0;0;7;8;0;0;60;43;2;5;5;68;0;0;2;55;1;82;0;0;1;2;3;57;0;0;1;0;4;3;0;0;0;0;0;0;0;0;0;0;0;0;0;0;0;0;0;0;0;0;0;0;0;0;0;0;0;0;0;0;0;0;0;0;0;0;;;;;;;;;;;;;;;;;;
22.01.2025;10:59;A 22;1;2;3;3;20;1;0;3;4;0;0;1;3;2;64;7;78;0;0;0;6;1;95;1;3;1;5;2;62;0;0;2;2;7;11;0;0;0;6;0;6;0;0;0;0;1;1;0;0;0;0;0;0;0;0;0;0;0;0;0;0;0;0;0;0;0;0;0;0;0;0;;;;;;;;;;;;;;;;;;
22.01.2025;10:58;A 22;1;0;0;6;29;0;0;8;8;0;0;0;100;0;58;0;100;0;0;0;100;0;100;1;3;2;6;9;35;0;0;1;0;10;9;1;2;1;54;1;53;1;12;1;1;0;0;0;0;0;0;0;0;0;0;0;0;0;0;0;0;0;0;0;0;0;0;0;0;0;0;;;;;;;;;;;;;;;;;;
22.01.2025;10:57;A 22;1;0;0;3;54;0;0;5;6;0;0;2;57;1;13;3;46;0;0;2;65;3;44;1;4;0;0;3;73;0;0;1;0;8;28;0;0;1;2;0;0;0;0;0;0;0;0;0;0;0;0;0;0;0;0;0;0;0;0;0;0;0;0;0;0;0;0;0;0;0;0;;;;;;;;;;;;;;;;;;
22.01.2025;10:56;A 22;1;0;0;6;28;0;0;8;8;0;0;3;37;3;54;3;67;1;4;3;49;2;80;0;0;0;0;9;22;0;0;0;0;8;9;1;21;3;26;1;5;1;9;0;0;1;1;0;0;0;0;0;0;0;0;0;0;0;0;0;0;0;0;0;0;0;0;0;0;0;0;;;;;;;;;;;;;;;;;;
22.01.2025;10:55;A 22;1;0;0;0;0;0;0;0;0;0;0;1;39;1;4;1;3;0;0;0;40;1;6;1;2;1;4;1;3;0;0;1;0;2;2;0;0;1;45;0;0;1;15;0;0;0;0;1;1;0;0;0;0;0;0;0;0;0;0;0;0;0;0;0;0;0;0;0;0;0;0;;;;;;;;;;;;;;;;;;
22.01.2025;10:54;A 22;1;0;0;6;60;0;0;7;7;0;0;0;33;0;0;2;37;0;0;1;3;0;44;1;1;0;0;2;6;0;0;0;0;2;2;2;4;2;32;0;0;2;23;1;1;0;0;0;0;0;0;0;0;0;0;1;1;0;0;0;0;0;0;0;0;0;0;0;0;0;0;;;;;;;;;;;;;;;;;;
22.01.2025;10:53;A 22;1;0;0;3;22;0;0;5;5;0;0;1;28;6;7;9;81;0;0;1;31;0;100;3;8;0;0;3;16;0;0;0;0;3;4;0;0;3;35;0;0;2;50;0;0;0;0;0;0;0;0;0;0;0;0;0;0;0;0;0;0;1;1;0;0;0;0;0;0;0;0;;;;;;;;;;;;;;;;;;
22.01.2025;10:52;A 22;1;0;0;2;9;0;0;4;4;0;0;2;21;1;0;2;85;1;4;1;25;1;97;0;0;2;12;6;22;0;0;2;2;7;8;0;0;1;29;0;0;1;9;1;1;0;0;0;0;0;0;0;0;0;0;0;0;0;0;0;0;0;0;0;0;0;0;0;0;0;0;;;;;;;;;;;;;;;;;;
22.01.2025;10:51;A 22;1;0;0;4;37;0;0;5;5;0;0;1;91;0;0;0;100;0;0;1;96;0;100;0;0;2;8;6;50;0;0;1;0;11;27;0;0;0;0;0;0;0;0;0;0;0;0;0;0;0;0;0;0;0;0;0;0;0;0;0;0;0;0;0;0;0;0;0;0;0;0;;;;;;;;;;;;;;;;;;
22.01.2025;10:50;A 22;1;0;0;3;64;0;0;4;10;0;0;2;36;0;0;3;7;0;0;1;43;3;22;0;0;0;0;2;57;0;0;0;0;5;35;1;3;1;50;1;11;1;3;0;0;0;0;0;0;0;0;0;0;0;0;0;0;0;0;0;0;0;0;1;1;0;0;0;0;0;0;;;;;;;;;;;;;;;;;;
22.01.2025;10:49;A 22;1;0;0;1;6;0;0;2;2;0;0;0;0;1;0;2;71;1;2;0;0;1;56;3;13;2;4;7;68;0;0;2;0;8;7;0;0;1;37;0;0;2;16;0;0;0;0;0;0;0;0;0;0;0;0;1;1;0;0;0;0;0;0;0;0;0;0;0;0;0;0;;;;;;;;;;;;;;;;;;
22.01.2025;10:48;A 22;1;0;0;4;29;0;0;7;7;0;0;2;29;2;2;4;78;1;5;2;11;2;85;0;0;0;0;5;17;0;0;0;0;5;5;0;0;0;0;0;0;0;0;1;1;0;0;0;0;1;1;0;0;0;0;4;6;0;0;0;0;0;0;0;0;0;0;0;0;0;0;;;;;;;;;;;;;;;;;;
22.01.2025;10:47;A 22;1;0;0;2;8;0;0;2;2;0;0;0;0;0;0;2;68;0;0;0;0;1;76;1;4;0;0;6;75;0;0;0;0;7;8;1;1;1;1;1;2;1;7;0;0;0;0;0;0;0;0;0;0;0;0;0;0;0;0;0;0;0;0;0;0;0;0;0;0;0;0;;;;;;;;;;;;;;;;;;
22.01.2025;10:46;A 22;1;0;0;3;23;0;0;6;6;0;0;1;19;4;3;2;23;1;3;1;22;1;32;1;1;0;0;5;74;0;0;0;0;7;7;0;0;1;1;0;0;1;4;0;0;1;1;0;0;0;0;0;0;0;0;0;0;0;0;0;0;0;0;0;0;0;0;0;0;0;0;;;;;;;;;;;;;;;;;;
22.01.2025;10:45;A 22;1;0;0;4;14;0;0;5;4;0;0;2;17;2;2;4;65;0;0;2;24;2;80;1;0;0;0;4;10;0;0;0;0;4;4;1;3;1;4;1;4;0;0;0;0;0;0;0;0;0;0;1;1;0;0;0;0;0;0;0;0;0;0;1;1;0;0;0;0;0;0;;;;;;;;;;;;;;;;;;
22.01.2025;10:44;A 22;1;0;0;6;29;0;0;8;8;0;0;3;63;1;0;3;82;0;0;2;72;1;93;0;0;1;5;6;18;0;0;2;2;7;6;0;0;1;13;0;0;1;7;1;1;0;0;0;0;0;0;1;1;0;0;0;0;0;0;1;1;0;0;0;0;0;0;0;0;0;0;;;;;;;;;;;;;;;;;;
22.01.2025;10:43;A 22;1;0;0;3;24;0;0;5;10;0;0;1;1;3;2;3;62;1;4;2;6;1;75;0;0;1;6;3;7;0;0;0;0;2;2;0;0;0;0;0;0;0;0;1;1;0;0;0;0;0;0;0;0;0;0;0;0;0;0;0;0;0;0;0;0;0;0;0;0;0;0;;;;;;;;;;;;;;;;;;
22.01.2025;10:42;A 22;1;0;0;4;18;0;0;5;4;0;0;1;85;1;1;3;92;1;6;0;87;0;100;0;0;1;2;4;10;0;0;1;0;5;4;0;0;2;88;0;0;0;90;0;0;0;0;1;1;0;0;0;0;0;0;0;0;0;0;0;0;1;1;0;0;0;0;0;0;0;0;;;;;;;;;;;;;;;;;;
22.01.2025;10:41;A 22;1;0;0;4;69;0;0;7;11;0;0;1;44;1;1;2;77;0;0;1;48;2;76;0;0;1;1;3;63;0;0;0;0;7;7;1;1;1;5;1;3;1;17;0;0;1;1;0;0;0;0;0;0;0;0;0;0;0;0;0;0;0;0;0;0;0;0;0;0;0;0;;;;;;;;;;;;;;;;;;
22.01.2025;10:40;A 22;1;0;0;3;12;0;0;4;4;0;0;0;0;1;0;3;18;2;6;0;0;5;24;0;0;0;0;4;86;0;0;0;0;5;5;0;0;0;0;0;0;0;0;0;0;0;0;0;0;0;0;0;0;0;0;0;0;0;0;0;0;0;0;0;0;0;0;0;0;0;0;;;;;;;;;;;;;;;;;;
22.01.2025;10:39;A 22;1;0;0;3;10;0;0;3;3;0;0;1;16;0;0;1;17;0;0;0;18;1;18;0;0;0;0;4;70;0;0;0;0;3;3;1;2;0;0;1;10;0;0;0;0;0;0;0;0;0;0;0;0;0;0;0;0;0;0;0;0;0;0;1;1;0;0;0;0;0;0;;;;;;;;;;;;;;;;;;
22.01.2025;10:38;A 22;1;0;0;1;3;0;0;1;0;0;0;1;46;0;0;1;57;0;0;1;52;1;63;0;0;0;0;2;7;0;0;0;0;3;2;1;0;0;0;1;3;1;11;0;0;0;0;0;0;0;0;0;0;0;0;0;0;0;0;0;0;0;0;0;0;0;0;0;0;0;0;;;;;;;;;;;;;;;;;;
22.01.2025;10:37;A 22;1;0;0;3;12;0;0;3;4;0;0;3;7;2;2;2;1;0;0;2;42;1;4;1;6;0;0;2;37;0;0;0;0;3;3;0;0;0;0;0;0;0;0;0;0;0;0;1;1;0;0;1;1;0;0;0;0;0;0;0;0;0;0;1;1;0;0;0;0;0;0;;;;;;;;;;;;;;;;;;
22.01.2025;10:36;A 22;1;0;0;4;16;0;0;4;3;0;0;4;86;1;0;1;1;0;0;1;94;1;4;0;0;0;0;3;14;0;0;0;0;3;3;0;0;2;62;0;0;1;73;0;0;0;0;0;0;0;0;0;0;0;0;0;0;0;0;0;0;0;0;0;0;0;0;0;0;0;0;;;;;;;;;;;;;;;;;;
22.01.2025;10:35;A 22;1;0;0;4;30;0;0;6;6;0;0;1;1;2;1;2;54;1;3;1;3;1;63;1;4;0;0;6;24;0;0;0;0;7;6;1;2;2;43;1;8;1;7;0;0;0;0;0;0;0;0;0;0;0;0;1;1;0;0;0;0;0;0;0;0;0;0;0;0;0;0;;;;;;;;;;;;;;;;;;
22.01.2025;10:34;A 22;1;2;2;3;32;0;0;4;5;0;0;2;54;1;1;2;4;0;0;1;56;1;55;2;3;0;0;5;71;0;0;0;0;5;4;0;0;0;0;0;0;3;6;0;0;1;1;0;0;0;0;0;0;0;0;0;0;0;0;0;0;1;1;0;0;0;0;0;0;0;0;;;;;;;;;;;;;;;;;;
22.01.2025;10:33;A 22;1;0;0;2;51;0;0;3;3;0;0;2;41;1;1;1;34;0;0;1;45;2;47;2;8;0;0;2;61;0;0;0;0;5;44;0;0;0;0;1;3;0;0;0;0;0;0;0;0;0;0;0;0;0;0;0;0;0;0;0;0;0;0;0;0;0;0;0;0;0;0;;;;;;;;;;;;;;;;;;
22.01.2025;10:32;A 22;1;0;0;2;46;0;0;4;5;0;0;3;53;2;1;3;62;0;0;1;61;2;72;3;4;0;0;1;2;0;0;0;0;2;1;1;0;0;0;1;3;2;8;0;0;0;0;1;1;0;0;0;0;0;0;0;0;0;0;0;0;0;0;0;0;0;0;0;0;0;0;;;;;;;;;;;;;;;;;;
22.01.2025;10:31;A 22;1;0;0;7;44;0;0;9;14;0;0;4;66;0;0;4;65;0;0;4;80;1;80;0;0;1;0;5;22;0;0;1;0;5;5;0;0;1;0;0;0;2;9;0;0;0;0;0;0;0;0;1;1;0;0;0;0;0;0;0;0;0;0;0;0;0;0;0;0;0;0;;;;;;;;;;;;;;;;;;
22.01.2025;10:30;A 22;1;0;0;2;5;0;0;2;1;0;0;0;0;0;0;0;100;0;0;0;40;0;100;0;0;0;0;3;38;0;0;0;0;5;5;0;0;0;0;0;0;0;0;0;0;0;0;0;0;0;0;0;0;0;0;1;1;0;0;0;0;0;0;0;0;0;0;0;0;0;0;;;;;;;;;;;;;;;;;;
22.01.2025;10:29;A 22;1;2;3;4;16;2;1;5;4;0;0;2;64;0;0;5;58;0;0;1;91;1;72;2;2;0;0;7;58;0;0;0;0;9;12;0;0;1;81;0;0;1;26;0;0;1;2;0;0;1;1;0;0;0;0;0;0;0;0;0;0;0;0;0;0;0;0;0;0;0;0;;;;;;;;;;;;;;;;;;
22.01.2025;10:28;A 22;1;0;0;5;80;0;0;8;13;0;0;0;46;0;45;1;50;0;0;1;37;1;59;1;5;0;0;1;63;0;0;0;0;6;51;1;1;1;34;1;3;1;40;1;1;1;1;0;0;0;0;0;0;0;0;0;0;0;0;0;0;0;0;0;0;0;0;0;0;0;0;;;;;;;;;;;;;;;;;;
22.01.2025;10:27;A 22;1;0;0;4;80;0;0;5;6;0;0;3;17;3;12;2;41;1;4;3;30;1;41;1;1;0;0;7;20;0;0;0;0;7;6;1;3;0;0;1;11;0;100;0;0;0;0;0;0;0;0;0;0;0;0;0;0;0;0;0;0;0;0;0;0;0;0;0;0;0;0;;;;;;;;;;;;;;;;;;
22.01.2025;10:26;A 22;1;0;0;4;68;0;0;6;24;0;0;0;0;1;1;2;85;1;5;0;0;0;100;0;0;2;3;7;16;0;0;0;0;6;6;1;1;1;1;2;7;0;100;1;1;0;0;0;0;0;0;0;0;0;0;0;0;0;0;0;0;0;0;0;0;0;0;0;0;0;0;;;;;;;;;;;;;;;;;;
22.01.2025;10:25;A 22;1;0;0;6;68;0;0;7;8;0;0;0;20;0;0;2;65;0;0;1;16;1;74;0;0;0;0;2;4;0;0;1;0;3;2;1;21;1;24;0;24;1;82;0;0;0;0;0;0;0;0;0;0;0;0;0;0;0;0;0;0;0;0;0;0;0;0;0;0;0;0;;;;;;;;;;;;;;;;;;
22.01.2025;10:24;A 22;1;0;0;4;14;0;0;4;4;0;0;5;71;1;1;2;71;1;3;2;72;2;14;0;0;0;0;5;12;0;0;0;0;4;4;1;1;1;7;1;4;0;100;0;0;1;1;0;0;0;0;0;0;0;0;0;0;0;0;0;0;0;0;0;0;0;0;0;0;0;0;;;;;;;;;;;;;;;;;;
22.01.2025;10:23;A 22;1;2;3;2;20;0;0;3;4;0;0;2;67;129;37;5;69;0;0;2;74;1;84;0;0;0;0;3;12;0;0;0;0;4;4;0;0;2;1;1;2;2;45;0;0;2;3;0;0;0;0;0;0;0;0;0;0;0;0;0;0;0;0;0;0;0;0;0;0;0;0;;;;;;;;;;;;;;;;;;
22.01.2025;10:22;A 22;1;0;0;2;6;0;0;2;1;0;0;2;88;2;0;1;91;1;3;1;95;1;96;2;7;0;0;2;9;0;0;0;0;4;3;0;0;0;0;0;0;0;0;0;0;0;0;0;0;1;1;0;0;0;0;0;0;0;0;0;0;0;0;0;0;0;0;0;0;0;0;;;;;;;;;;;;;;;;;;
22.01.2025;10:21;A 22;1;0;0;4;27;0;0;4;6;0;0;5;76;0;0;4;64;0;0;1;90;2;73;2;5;2;5;4;8;0;0;3;4;4;4;1;1;0;0;1;4;2;7;0;0;1;1;0;0;0;0;0;0;0;0;0;0;0;0;0;0;0;0;0;0;0;0;0;0;0;0;;;;;;;;;;;;;;;;;;
22.01.2025;10:20;A 22;1;2;6;5;54;2;1;6;7;0;0;0;50;0;0;3;56;0;0;0;49;0;63;0;0;0;0;3;9;0;0;0;0;3;3;0;0;0;0;0;0;0;0;1;1;0;0;0;0;0;0;0;0;0;0;0;0;0;0;0;0;2;3;0;0;0;0;0;0;0;0;;;;;;;;;;;;;;;;;;
22.01.2025;10:19;A 22;1;0;0;1;56;0;0;1;1;0;0;2;62;1;1;5;66;0;0;1;68;3;31;0;0;1;20;2;60;0;0;1;2;3;41;0;0;0;0;0;0;0;0;0;0;0;0;0;0;0;0;0;0;1;1;0;0;0;0;0;0;1;1;0;0;0;0;0;0;0;0;;;;;;;;;;;;;;;;;;
22.01.2025;10:18;A 22;1;0;0;5;32;0;0;8;9;0;0;1;83;0;0;1;49;0;0;1;89;1;54;0;0;0;0;2;25;0;0;0;0;2;1;0;0;1;3;0;0;1;8;0;0;1;1;1;1;1;1;0;0;0;0;0;0;0;0;0;0;0;0;0;0;0;0;0;0;0;0;;;;;;;;;;;;;;;;;;
22.01.2025;10:17;A 22;1;0;0;3;18;0;0;4;4;0;0;2;8;3;4;3;22;0;0;0;29;3;36;0;0;0;0;2;73;0;0;0;0;3;3;0;0;2;2;1;2;2;8;0;0;0;0;0;0;0;0;0;0;0;0;0;0;0;0;0;0;0;0;0;0;0;0;0;0;0;0;;;;;;;;;;;;;;;;;;
22.01.2025;10:16;A 22;1;0;0;3;31;0;0;9;9;0;0;1;73;1;31;3;58;0;0;0;100;1;83;0;0;0;0;8;34;0;0;0;0;9;9;0;0;0;0;0;0;0;0;0;0;0;0;0;0;1;1;0;0;0;0;0;0;0;0;0;0;0;0;0;0;0;0;0;0;0;0;;;;;;;;;;;;;;;;;;
22.01.2025;10:15;A 22;1;1;2;10;50;1;0;7;8;0;0;2;14;1;1;3;64;0;0;0;100;1;82;0;0;0;0;3;31;0;0;0;0;3;2;2;3;2;35;1;7;2;30;1;1;0;0;1;1;1;1;1;1;1;1;0;0;0;0;1;1;1;1;0;0;1;2;0;0;0;0;;;;;;;;;;;;;;;;;;
22.01.2025;10:14;A 22;1;1;2;4;21;1;0;6;6;0;0;1;1;1;1;2;2;0;0;0;100;3;18;5;6;1;2;7;61;0;0;1;0;9;11;1;0;0;0;1;1;1;2;0;0;0;0;0;0;0;0;1;1;0;0;0;0;0;0;0;0;0;0;0;0;0;0;0;0;0;0;;;;;;;;;;;;;;;;;;
22.01.2025;10:13;A 22;1;0;0;2;9;0;0;2;3;0;0;1;55;0;0;3;3;0;0;1;98;2;7;1;1;0;0;4;12;0;0;1;0;5;5;0;0;1;14;0;0;1;10;0;0;0;0;0;0;0;0;0;0;0;0;0;0;0;0;0;0;0;0;0;0;1;1;0;0;0;0;;;;;;;;;;;;;;;;;;
22.01.2025;10:12;A 22;1;2;9;2;17;1;0;1;1;0;0;2;17;1;0;4;44;0;0;2;25;1;57;0;0;0;0;1;6;0;0;0;0;1;1;1;0;2;1;1;3;1;4;1;1;0;0;0;0;0;0;0;0;0;0;0;0;0;0;0;0;0;0;0;0;0;0;0;0;0;0;;;;;;;;;;;;;;;;;;
22.01.2025;10:11;A 22;1;0;0;2;24;1;0;5;8;0;0;3;46;2;2;4;71;1;3;0;56;1;80;0;0;0;0;6;24;0;0;0;0;6;6;0;36;1;39;0;37;0;42;0;0;0;0;0;0;2;3;0;0;0;0;0;0;0;0;0;0;1;1;0;0;0;0;0;0;0;0;;;;;;;;;;;;;;;;;;
22.01.2025;10:10;A 22;1;0;0;6;24;1;1;7;5;0;0;1;57;0;0;1;73;0;0;1;61;1;79;0;0;1;5;6;15;0;0;1;1;7;8;1;78;1;80;1;79;1;7;0;0;0;0;0;0;0;0;0;0;0;0;0;0;0;0;0;0;0;0;1;1;0;0;0;0;0;0;;;;;;;;;;;;;;;;;;
22.01.2025;10:09;A 22;1;3;9;3;24;1;0;4;5;0;0;4;65;4;4;1;77;1;4;2;77;1;48;0;0;0;0;2;19;0;0;0;0;2;7;0;0;1;78;0;0;0;3;0;0;0;0;0;0;1;1;0;0;0;0;0;0;0;0;0;0;0;0;1;1;0;0;0;0;0;0;;;;;;;;;;;;;;;;;;
22.01.2025;10:08;A 22;1;0;0;3;81;0;0;9;20;0;0;2;28;2;1;2;41;0;0;2;56;3;21;1;4;1;2;2;48;0;0;1;0;6;38;0;0;1;3;0;0;2;12;0;0;1;1;0;0;0;0;0;0;0;0;0;0;0;0;0;0;0;0;0;0;0;0;0;0;0;0;;;;;;;;;;;;;;;;;;
22.01.2025;10:07;A 22;1;0;0;2;28;0;0;4;6;0;0;4;38;1;0;2;70;0;0;3;50;2;58;0;0;0;0;7;41;0;0;0;0;8;14;1;1;0;0;1;4;1;6;0;0;0;0;0;0;1;1;0;0;0;0;0;0;0;0;0;0;1;1;0;0;0;0;0;0;0;0;;;;;;;;;;;;;;;;;;
22.01.2025;10:06;A 22;1;0;0;5;20;0;0;6;5;0;0;2;57;1;18;4;12;0;0;1;62;1;68;0;0;1;2;6;79;0;0;1;0;11;17;1;1;1;0;2;8;2;17;1;1;0;0;0;0;0;0;0;0;0;0;0;0;0;0;0;0;0;0;0;0;0;0;0;0;0;0;;;;;;;;;;;;;;;;;;
22.01.2025;10:05;A 22;1;0;0;2;8;0;0;2;3;0;0;1;56;3;57;1;10;1;3;1;59;2;67;1;1;0;0;2;7;0;0;0;0;2;1;0;0;0;0;0;0;0;0;1;1;0;0;0;0;0;0;0;0;0;0;0;0;0;0;0;0;0;0;1;1;0;0;0;0;0;0;;;;;;;;;;;;;;;;;;
22.01.2025;10:04;A 22;1;0;0;3;20;0;0;6;6;0;0;1;20;0;0;0;20;0;0;0;22;0;19;0;0;0;0;5;36;0;0;0;0;5;5;0;0;0;0;0;0;0;0;0;0;0;0;1;1;0;0;0;0;0;0;0;0;0;0;0;0;0;0;0;0;1;1;0;0;0;0;;;;;;;;;;;;;;;;;;
22.01.2025;10:03;A 22;1;0;9;5;27;1;0;6;6;0;0;3;69;1;0;5;77;0;0;0;100;4;83;0;0;0;0;2;72;0;0;0;0;5;6;1;1;1;1;1;4;1;4;1;1;0;0;0;0;0;0;0;0;0;0;0;0;0;0;0;0;0;0;0;0;0;0;0;0;0;0;;;;;;;;;;;;;;;;;;
22.01.2025;10:02;A 22;1;2;5;5;18;2;1;5;5;0;0;5;68;3;2;4;70;0;0;3;81;1;28;0;0;0;0;5;53;0;0;0;0;11;13;0;0;0;0;0;0;0;0;1;1;0;0;0;0;0;0;0;0;0;0;0;0;0;0;0;0;0;0;0;0;0;0;0;0;0;0;;;;;;;;;;;;;;;;;;
22.01.2025;10:01;A 22;1;0;0;4;18;0;0;6;5;0;0;0;0;0;0;2;96;0;0;0;0;0;100;3;7;0;0;10;37;0;0;0;0;12;12;0;0;0;0;0;0;0;0;0;0;0;0;0;0;0;0;1;1;0;0;0;0;0;0;0;0;0;0;0;0;0;0;0;0;0;0;;;;;;;;;;;;;;;;;;
22.01.2025;10:00;A 22;1;0;0;1;75;0;0;5;7;0;0;2;42;0;0;0;100;0;0;0;46;0;100;0;0;1;4;2;81;0;0;1;2;7;13;0;41;1;45;0;0;2;13;1;1;0;0;0;0;0;0;0;0;0;0;1;1;0;0;0;0;0;0;0;0;0;0;0;0;0;0;;;;;;;;;;;;;;;;;;
22.01.2025;09:59;A 22;1;0;0;3;49;0;0;5;10;0;0;1;1;3;3;5;38;0;0;2;6;2;70;2;6;0;0;4;70;0;0;0;0;4;5;1;1;2;4;0;0;1;23;0;0;1;1;0;0;0;0;0;0;0;0;0;0;0;0;0;0;0;0;1;1;1;1;0;0;0;0;;;;;;;;;;;;;;;;;;
22.01.2025;09:58;A 22;1;0;0;2;12;1;0;2;2;0;0;0;0;1;0;3;50;0;21;0;0;3;28;0;0;1;3;3;17;0;0;1;0;6;6;1;1;2;30;0;0;0;0;1;1;0;0;0;0;0;0;0;0;0;0;0;0;0;0;0;0;0;0;0;0;0;0;0;0;0;0;;;;;;;;;;;;;;;;;;
22.01.2025;09:57;A 22;1;1;2;4;60;0;0;6;10;0;0;3;6;5;3;2;57;2;17;3;15;1;25;1;2;6;17;1;85;0;0;1;1;6;10;0;0;2;18;0;0;1;9;0;0;0;0;0;0;0;0;1;1;0;0;0;0;0;0;0;0;0;0;3;5;0;0;0;0;0;0;;;;;;;;;;;;;;;;;;
22.01.2025;09:56;A 22;1;1;10;5;82;1;1;6;7;0;0;0;0;0;0;2;71;0;0;0;0;1;78;3;2;1;2;8;16;0;0;1;0;9;7;1;1;1;2;0;0;2;15;1;1;0;0;0;0;0;0;0;0;0;0;1;1;0;0;1;1;0;0;0;0;0;0;0;0;0;0;;;;;;;;;;;;;;;;;;
22.01.2025;09:55;A 22;1;0;0;5;72;0;0;7;8;0;0;1;76;0;0;1;30;0;0;1;81;1;37;0;0;0;0;1;2;0;0;0;0;1;0;0;0;1;0;0;0;0;0;0;0;0;0;0;0;0;0;0;0;0;0;0;0;0;0;0;0;0;0;0;0;0;0;0;0;0;0;;;;;;;;;;;;;;;;;;
22.01.2025;09:54;A 22;1;0;0;1;82;0;0;7;34;0;0;1;57;0;0;1;0;0;0;1;65;0;0;4;5;1;1;7;20;0;0;1;0;8;7;1;3;1;5;0;0;2;14;0;0;1;1;0;0;1;1;0;0;0;0;0;0;0;0;0;0;1;1;0;0;0;0;0;0;0;0;;;;;;;;;;;;;;;;;;
22.01.2025;09:53;A 22;1;0;0;4;46;1;0;5;6;0;0;2;2;1;0;3;34;0;0;2;4;3;31;2;2;1;6;4;15;0;0;1;1;4;5;0;0;0;0;0;0;0;25;1;1;0;0;0;0;0;0;0;0;0;0;0;0;0;0;0;0;0;0;0;0;0;0;0;0;0;0;;;;;;;;;;;;;;;;;;
22.01.2025;09:52;A 22;1;0;0;3;33;0;0;8;11;0;0;3;68;2;2;2;68;1;7;2;76;0;72;1;0;2;9;7;14;0;0;2;1;7;6;0;0;0;64;0;0;1;8;0;0;0;0;0;0;0;0;0;0;0;0;0;0;0;0;0;0;0;0;1;1;1;1;0;0;0;0;;;;;;;;;;;;;;;;;;
22.01.2025;09:51;A 22;1;0;0;2;5;0;0;2;1;0;0;2;87;1;0;4;61;1;3;1;94;1;78;1;3;0;0;5;19;0;0;0;0;8;7;2;3;2;27;1;4;3;17;0;0;0;0;0;0;0;0;0;0;0;0;0;0;0;0;0;0;0;0;0;0;0;0;0;0;0;0;;;;;;;;;;;;;;;;;;
22.01.2025;09:50;A 22;1;0;0;6;26;0;0;7;7;0;0;0;100;2;2;2;46;1;3;0;100;3;59;0;0;0;0;1;1;0;0;0;0;1;0;0;0;0;0;0;0;0;0;1;1;0;0;0;0;0;0;0;0;0;0;0;0;0;0;0;0;0;0;0;0;0;0;0;0;0;0;;;;;;;;;;;;;;;;;;
22.01.2025;09:49;A 22;1;0;0;3;17;1;0;5;5;0;0;0;100;5;16;5;17;0;0;0;100;1;35;1;1;1;3;4;13;0;0;1;0;5;4;0;0;0;6;0;1;0;6;0;0;0;0;0;0;0;0;0;0;0;0;0;0;0;0;0;0;0;0;0;0;0;0;0;0;0;0;;;;;;;;;;;;;;;;;;
22.01.2025;09:48;A 22;1;0;0;6;21;0;0;6;5;0;0;0;100;1;1;1;87;1;4;0;100;1;92;1;0;0;0;2;5;0;0;0;0;2;2;2;3;1;70;2;91;2;90;0;0;0;0;0;0;1;1;0;0;0;0;0;0;0;0;0;0;0;0;0;0;0;0;0;0;0;0;;;;;;;;;;;;;;;;;;
22.01.2025;09:47;A 22;1;0;0;4;68;1;0;7;15;0;0;2;72;0;0;2;19;0;0;0;100;2;14;2;3;0;0;2;28;0;0;0;0;2;2;1;1;0;0;1;4;2;5;0;0;0;0;0;0;0;0;0;0;0;0;1;1;0;0;1;1;0;0;0;0;0;0;0;0;0;0;;;;;;;;;;;;;;;;;;
22.01.2025;09:46;A 22;1;0;0;2;28;0;0;6;12;0;0;2;10;2;1;2;1;0;2;2;41;4;9;2;4;1;4;2;11;0;0;1;0;3;2;0;0;0;0;0;0;0;0;0;0;1;1;0;0;0;0;0;0;0;0;0;0;0;0;0;0;0;0;0;0;0;0;0;0;0;0;;;;;;;;;;;;;;;;;;
22.01.2025;09:45;A 22;1;0;0;6;32;0;0;8;7;0;0;0;0;1;1;3;55;1;0;0;0;1;71;2;1;0;0;5;14;0;0;0;0;5;4;1;1;1;70;1;4;0;70;1;1;0;0;0;0;0;0;0;0;0;0;0;0;0;0;0;0;0;0;0;0;0;0;0;0;0;0;;;;;;;;;;;;;;;;;;
22.01.2025;09:44;A 22;1;2;3;4;18;0;0;5;4;0;0;0;36;0;0;2;40;0;0;1;41;1;46;3;7;0;0;4;76;0;0;0;0;6;9;1;6;1;74;1;6;1;48;0;0;0;0;0;0;0;0;1;1;0;0;0;0;0;0;0;0;1;1;0;0;0;0;0;0;0;0;;;;;;;;;;;;;;;;;;
22.01.2025;09:43;A 22;1;0;0;4;13;0;0;4;3;0;0;1;31;0;0;2;49;0;0;1;34;2;58;0;0;0;0;2;77;0;0;0;0;3;3;1;17;1;19;1;4;1;6;1;1;0;0;1;1;0;0;0;0;0;0;0;0;0;0;0;0;0;0;0;0;0;0;0;0;0;0;;;;;;;;;;;;;;;;;;
22.01.2025;09:42;A 22;1;0;0;5;30;0;0;7;8;0;0;0;0;0;0;3;5;0;0;0;0;0;15;0;0;1;5;5;18;0;0;1;1;8;9;1;1;1;2;1;7;1;3;0;0;0;0;0;0;0;0;0;0;0;0;0;0;0;0;0;0;0;0;0;0;0;0;0;0;0;0;;;;;;;;;;;;;;;;;;
22.01.2025;09:41;A 22;1;0;0;1;3;0;0;1;1;0;0;0;0;0;0;1;1;0;0;0;0;1;4;1;0;2;6;2;5;0;0;2;1;4;3;0;0;1;0;0;0;1;5;0;0;0;0;0;0;1;1;0;0;0;0;0;0;0;0;0;0;0;0;0;0;0;0;0;0;0;0;;;;;;;;;;;;;;;;;;
22.01.2025;09:40;A 22;1;0;0;4;27;0;0;7;8;0;0;2;87;1;0;2;61;0;0;1;93;2;71;5;8;0;0;10;36;0;0;0;0;10;12;0;0;0;0;0;0;0;0;1;1;0;0;0;0;0;0;0;0;0;0;0;0;0;0;0;0;0;0;0;0;0;0;0;0;0;0;;;;;;;;;;;;;;;;;;
22.01.2025;09:39;A 22;1;0;0;1;87;0;0;5;11;0;0;2;4;1;0;1;0;0;0;2;9;1;1;1;4;0;0;1;90;0;0;0;0;5;54;0;0;2;11;1;1;3;18;0;0;0;0;0;0;0;0;0;0;0;0;1;1;0;0;0;0;0;0;0;0;0;0;0;0;0;0;;;;;;;;;;;;;;;;;;
22.01.2025;09:38;A 22;1;0;0;4;18;0;0;5;5;0;0;0;0;0;0;2;63;0;0;1;4;1;46;1;1;0;0;5;27;0;0;0;0;7;8;1;0;1;1;0;0;1;7;1;1;0;0;0;0;0;0;1;1;0;0;0;0;0;0;0;0;0;0;0;0;0;0;0;0;0;0;;;;;;;;;;;;;;;;;;
22.01.2025;09:37;A 22;1;0;0;2;48;0;0;2;2;0;0;1;3;1;2;2;41;0;0;1;5;1;43;0;0;0;0;0;1;0;0;0;0;0;0;0;0;0;0;0;0;0;0;0;0;0;0;0;0;0;0;0;0;0;0;0;0;0;0;0;0;0;0;0;0;0;0;0;0;0;0;;;;;;;;;;;;;;;;;;
22.01.2025;09:36;A 22;1;0;0;4;11;0;0;4;4;0;0;0;0;0;0;2;46;0;3;0;0;2;56;0;0;1;3;5;72;0;0;1;0;8;9;0;0;0;0;0;0;2;9;0;0;0;0;0;0;0;0;0;0;0;0;0;0;0;0;0;0;0;0;0;0;0;0;0;0;0;0;;;;;;;;;;;;;;;;;;
22.01.2025;09:35;A 22;1;0;0;7;23;0;0;7;6;0;0;0;0;0;0;0;0;1;0;0;0;0;0;1;3;0;0;6;14;0;0;0;0;7;6;2;2;1;2;1;9;2;7;1;1;0;0;0;0;0;0;0;0;0;0;0;0;0;0;0;0;0;0;0;0;0;0;0;0;0;0;;;;;;;;;;;;;;;;;;
22.01.2025;09:34;A 22;1;0;0;3;15;0;0;5;4;0;0;0;0;0;0;4;86;0;0;0;0;1;97;2;3;1;5;1;5;0;0;1;1;1;2;0;0;1;14;1;0;4;16;0;0;0;0;0;0;0;0;1;1;0;0;0;0;0;0;0;0;0;0;0;0;0;0;0;0;0;0;;;;;;;;;;;;;;;;;;
22.01.2025;09:33;A 22;1;0;0;1;26;0;0;5;7;0;0;1;70;1;1;3;71;0;0;0;74;1;77;3;7;0;0;5;16;0;0;0;0;6;5;1;67;0;66;2;8;1;2;0;0;0;0;0;0;0;0;0;0;0;0;0;0;0;0;0;0;0;0;0;0;0;0;0;0;0;0;;;;;;;;;;;;;;;;;;
22.01.2025;09:32;A 22;1;1;1;2;80;2;1;11;54;0;0;3;62;0;0;1;18;0;0;1;71;1;4;1;6;1;30;2;66;0;0;1;4;7;46;1;6;1;25;1;3;0;0;1;1;0;0;0;0;0;0;1;1;1;1;0;0;0;0;0;0;0;0;1;1;0;0;0;0;0;0;;;;;;;;;;;;;;;;;;
22.01.2025;09:31;A 22;1;0;0;2;2;0;0;2;1;0;0;3;90;0;0;2;96;0;0;0;100;1;36;0;0;0;0;1;2;0;0;0;0;1;0;0;0;1;52;0;0;2;11;0;0;0;0;0;0;0;0;1;1;2;3;0;0;0;0;1;1;0;0;0;0;2;3;0;0;0;0;;;;;;;;;;;;;;;;;;
22.01.2025;09:30;A 22;1;0;0;4;24;0;0;8;8;0;0;0;100;0;0;1;85;0;0;0;100;1;91;2;4;0;0;4;10;0;0;0;0;4;3;0;0;1;76;0;1;1;9;0;0;0;0;0;0;0;0;0;0;0;0;0;0;0;0;0;0;0;0;0;0;0;0;0;0;0;0;;;;;;;;;;;;;;;;;;
22.01.2025;09:29;A 22;1;0;0;1;57;0;0;3;4;0;0;1;32;1;1;1;21;1;4;1;36;1;8;2;5;0;0;1;60;0;0;0;0;3;4;1;1;1;47;1;5;2;6;1;1;0;0;0;0;0;0;0;0;0;0;0;0;0;0;0;0;0;0;0;0;0;0;0;0;0;0;;;;;;;;;;;;;;;;;;
22.01.2025;09:28;A 22;1;0;0;0;0;0;0;0;0;0;0;0;8;0;0;1;1;0;0;1;7;1;3;1;3;0;0;2;64;0;0;0;0;4;6;1;1;1;21;1;9;2;10;0;0;0;0;0;0;0;0;0;0;0;0;0;0;0;0;0;0;0;0;0;0;0;0;0;0;0;0;;;;;;;;;;;;;;;;;;
22.01.2025;09:27;A 22;1;2;2;6;26;2;1;7;7;0;0;1;30;0;0;2;0;0;0;1;35;0;0;1;4;3;8;4;16;0;0;3;2;7;9;0;0;1;28;0;0;1;7;0;0;0;0;0;0;1;1;1;1;0;0;0;0;0;0;0;0;0;0;0;0;0;0;0;0;0;0;;;;;;;;;;;;;;;;;;
22.01.2025;09:26;A 22;1;0;0;3;12;0;0;3;4;0;0;1;25;1;0;3;19;1;2;1;28;2;24;0;0;2;10;4;21;0;0;1;0;8;8;1;0;1;2;0;0;1;11;1;1;0;0;0;0;0;0;1;1;0;0;0;0;0;0;0;0;0;0;0;0;0;0;0;0;0;0;;;;;;;;;;;;;;;;;;
22.01.2025;09:25;A 22;1;1;1;2;57;0;0;4;30;0;0;0;0;4;3;0;19;3;11;0;0;0;0;0;0;1;2;2;76;0;0;1;1;4;4;1;0;1;1;0;0;1;6;0;0;0;0;0;0;0;0;0;0;0;0;0;0;0;0;0;0;0;0;0;0;0;0;0;0;0;0;;;;;;;;;;;;;;;;;;
22.01.2025;09:24;A 22;1;0;0;9;39;0;0;11;11;0;0;0;0;0;0;1;50;0;0;0;0;2;19;1;1;0;0;6;16;0;0;0;0;7;7;0;0;0;0;0;0;0;0;0;0;1;1;0;0;0;0;0;0;0;0;0;0;0;0;0;0;0;0;1;1;0;0;0;0;0;0;;;;;;;;;;;;;;;;;;
22.01.2025;09:23;A 22;1;0;0;5;14;0;0;5;4;0;0;2;88;0;0;2;5;0;0;0;91;2;13;0;0;0;0;2;4;0;0;0;0;2;1;0;0;0;0;0;0;0;0;0;0;0;0;0;0;0;0;0;0;0;0;0;0;0;0;0;0;0;0;0;0;1;1;0;0;0;0;;;;;;;;;;;;;;;;;;
22.01.2025;09:22;A 22;1;1;1;2;10;0;0;2;3;0;0;3;5;0;0;1;1;0;0;2;16;1;2;0;0;0;0;2;6;0;0;0;0;2;1;0;0;0;0;0;0;0;0;0;0;0;0;1;1;0;0;1;1;0;0;0;0;0;0;1;1;0;0;1;1;0;0;0;0;0;0;;;;;;;;;;;;;;;;;;
22.01.2025;09:21;A 22;1;0;0;7;36;0;0;8;8;0;0;0;90;2;4;1;63;2;22;0;89;1;67;1;1;2;9;5;27;0;0;3;1;8;7;1;2;0;0;1;8;1;4;1;1;0;0;0;0;0;0;0;0;0;0;1;1;0;0;0;0;0;0;0;0;0;0;0;0;0;0;;;;;;;;;;;;;;;;;;
22.01.2025;09:20;A 22;1;0;0;2;14;0;0;5;6;0;0;4;75;2;2;1;70;0;0;1;90;0;73;1;3;1;2;4;17;0;0;1;0;6;6;0;0;1;0;0;0;0;0;0;0;0;0;0;0;0;0;0;0;0;0;0;0;0;0;0;0;0;0;0;0;0;0;0;0;0;0;;;;;;;;;;;;;;;;;;
22.01.2025;09:19;A 22;1;1;0;1;11;0;0;1;0;0;0;1;81;0;0;1;5;0;0;1;85;1;11;2;4;0;0;0;7;0;0;0;0;0;0;1;1;0;0;1;5;1;2;0;0;1;1;0;0;1;1;0;0;0;0;0;0;0;0;0;0;0;0;0;0;0;0;0;0;0;0;;;;;;;;;;;;;;;;;;
22.01.2025;09:18;A 22;1;0;0;5;63;1;0;6;7;0;0;1;2;0;0;3;51;0;0;1;6;1;63;0;0;1;5;3;48;0;0;1;1;5;7;1;1;1;5;0;0;1;17;0;0;0;0;1;1;0;0;0;0;0;0;0;0;0;0;1;1;0;0;0;0;0;0;0;0;0;0;;;;;;;;;;;;;;;;;;
22.01.2025;09:17;A 22;1;0;0;0;0;0;0;1;0;0;0;1;1;0;0;1;48;0;0;1;4;1;52;0;0;0;0;5;17;0;0;0;0;5;5;1;1;0;0;1;4;1;3;0;0;0;0;0;0;0;0;0;0;0;0;0;0;0;0;0;0;0;0;0;0;0;0;0;0;0;0;;;;;;;;;;;;;;;;;;
22.01.2025;09:16;A 22;1;0;0;4;14;0;0;4;4;0;0;0;0;1;0;2;2;0;0;0;0;1;6;0;0;0;0;2;6;0;0;0;0;2;1;1;0;0;21;1;3;1;2;0;0;0;0;0;0;0;0;0;0;0;0;0;0;0;0;0;0;0;0;0;0;0;0;0;0;0;0;;;;;;;;;;;;;;;;;;
22.01.2025;09:15;A 22;1;0;0;4;24;0;0;4;3;0;0;0;0;0;0;0;0;0;0;0;0;0;0;2;2;0;0;12;37;0;0;0;0;12;11;0;0;1;54;0;0;1;8;0;0;0;0;0;0;0;0;0;0;0;0;0;0;0;0;0;0;0;0;1;1;0;0;0;0;0;0;;;;;;;;;;;;;;;;;;
22.01.2025;09:14;A 22;1;0;0;4;53;1;0;5;7;0;0;1;60;0;0;1;53;0;0;0;67;1;56;1;2;0;0;1;56;0;0;0;0;2;3;1;2;0;0;1;8;1;5;0;0;1;1;0;0;0;0;0;0;0;0;0;0;0;0;0;0;0;0;0;0;0;0;0;0;0;0;;;;;;;;;;;;;;;;;;
22.01.2025;09:13;A 22;1;0;0;3;17;0;0;5;6;0;0;1;46;1;1;2;3;0;0;1;51;0;6;0;0;2;8;2;6;0;0;1;11;3;3;0;0;0;0;0;0;1;4;0;0;0;0;0;0;0;0;1;1;0;0;0;0;0;0;0;0;0;0;0;0;0;0;0;0;0;0;;;;;;;;;;;;;;;;;;
22.01.2025;09:12;A 22;1;0;0;4;14;0;0;4;3;0;0;2;63;0;0;1;74;0;0;1;69;1;83;3;3;1;3;5;17;0;0;1;0;7;6;1;31;2;82;0;0;2;52;0;0;0;0;0;0;0;0;0;0;0;0;0;0;0;0;0;0;1;1;0;0;0;0;0;0;0;0;;;;;;;;;;;;;;;;;;
22.01.2025;09:11;A 22;1;0;0;5;24;0;0;6;7;0;0;2;3;1;0;1;91;0;0;2;8;1;26;3;5;0;0;3;12;0;0;0;0;5;4;0;0;0;0;0;0;0;0;1;1;0;0;0;0;0;0;0;0;0;0;1;1;0;0;0;0;0;0;0;0;0;0;0;0;0;0;;;;;;;;;;;;;;;;;;
22.01.2025;09:10;A 22;1;0;0;2;18;0;0;2;2;0;0;2;27;4;5;2;61;1;6;2;38;1;67;0;0;1;4;2;8;0;0;1;1;3;3;0;0;0;0;0;0;0;0;0;0;0;0;0;0;0;0;0;0;0;0;0;0;0;0;0;0;0;0;0;0;0;0;0;0;0;0;;;;;;;;;;;;;;;;;;
22.01.2025;09:09;A 22;1;2;2;3;11;1;0;3;6;0;0;1;97;0;0;1;79;0;15;1;88;1;88;1;1;2;5;8;18;0;0;2;1;10;8;0;0;0;0;0;0;1;9;0;0;0;0;0;0;0;0;0;0;0;0;0;0;0;1;0;0;0;0;0;0;0;0;0;0;0;0;;;;;;;;;;;;;;;;;;
22.01.2025;09:08;A 22;1;0;0;2;6;0;0;2;1;0;0;2;66;1;0;1;61;1;80;0;100;0;100;1;2;0;0;5;16;0;0;0;0;6;5;0;0;2;60;1;60;1;63;0;0;1;1;0;0;0;0;0;0;0;0;2;3;1;1;0;0;0;0;0;0;0;0;0;0;0;0;;;;;;;;;;;;;;;;;;
22.01.2025;09:07;A 22;1;0;0;0;0;0;0;0;0;0;0;1;6;0;0;1;7;0;0;1;12;1;11;0;0;0;0;0;0;0;0;0;0;0;0;0;0;0;0;0;0;1;3;0;0;0;0;0;0;0;0;0;0;0;0;0;0;0;0;0;0;0;0;0;0;0;0;0;0;0;0;;;;;;;;;;;;;;;;;;
22.01.2025;09:06;A 22;1;0;0;4;18;0;0;5;5;0;0;0;0;0;0;1;1;0;0;0;0;0;1;3;5;0;0;8;19;0;0;0;0;8;6;0;0;0;0;0;0;0;0;1;1;0;0;0;0;0;0;0;0;0;0;0;0;0;0;0;0;0;0;0;0;0;0;0;0;0;0;;;;;;;;;;;;;;;;;;
22.01.2025;09:05;A 22;1;2;5;2;14;1;0;5;4;0;0;3;72;1;0;2;68;0;0;1;80;1;75;1;3;0;0;3;7;0;0;0;0;3;2;0;0;0;0;0;0;0;0;0;0;0;0;1;1;0;0;0;0;0;0;0;0;0;0;0;0;0;0;0;0;0;0;0;0;0;0;;;;;;;;;;;;;;;;;;
22.01.2025;09:04;A 22;1;2;2;1;30;1;0;3;12;0;0;1;26;0;0;1;84;0;0;2;35;1;89;0;0;0;0;1;31;0;0;0;0;1;3;0;0;0;0;0;0;1;9;1;1;0;0;0;0;0;0;0;0;0;0;1;1;0;0;0;0;0;0;0;0;0;0;0;0;0;0;;;;;;;;;;;;;;;;;;
22.01.2025;09:03;A 22;1;0;0;2;27;0;0;3;6;0;0;0;0;2;3;2;27;0;0;0;0;1;31;1;3;2;7;1;47;0;0;1;1;6;11;0;0;1;1;0;0;1;5;1;1;0;0;0;0;0;0;1;1;0;0;0;0;0;0;0;0;0;0;1;1;0;0;0;0;0;0;;;;;;;;;;;;;;;;;;
22.01.2025;09:02;A 22;1;0;0;3;15;0;0;3;3;0;0;3;61;1;0;1;61;0;0;0;67;0;63;0;0;0;0;6;65;0;0;1;0;7;6;3;6;0;59;2;14;1;8;0;0;0;0;0;0;0;0;0;0;0;0;0;0;0;0;0;0;0;0;0;0;0;0;0;0;0;0;;;;;;;;;;;;;;;;;;
22.01.2025;09:01;A 22;1;0;0;4;19;0;0;5;5;0;0;2;26;0;0;2;20;0;0;1;55;1;49;1;4;0;0;1;6;0;0;0;0;2;2;0;0;1;23;0;14;2;12;0;0;0;0;0;0;0;0;0;0;0;0;0;0;0;0;0;0;0;0;0;0;0;0;0;0;0;0;;;;;;;;;;;;;;;;;;
22.01.2025;09:00;A 22;1;0;0;8;36;0;0;11;9;0;0;1;13;0;0;1;93;1;16;2;74;2;74;1;5;0;0;4;9;0;0;0;0;4;3;1;3;2;1;1;67;1;6;0;0;1;1;0;0;0;0;1;1;0;0;0;0;0;0;0;0;0;0;0;0;0;0;0;0;0;0;;;;;;;;;;;;;;;;;;
22.01.2025;08:59;A 22;1;0;0;0;0;0;0;0;0;0;0;0;0;0;0;2;12;0;0;0;0;1;16;2;6;1;7;2;71;0;0;1;2;8;48;1;2;1;25;1;7;2;10;0;0;0;0;0;0;1;1;0;0;1;1;0;0;0;0;0;0;1;1;0;0;0;0;0;0;0;0;;;;;;;;;;;;;;;;;;
22.01.2025;08:58;A 22;1;0;0;2;15;0;0;5;4;0;0;0;0;1;0;1;1;0;0;0;0;1;4;0;0;0;0;2;9;0;0;0;0;2;2;1;1;1;37;1;6;3;15;0;0;0;0;0;0;0;0;0;0;0;0;0;0;0;0;0;0;0;0;0;0;0;0;0;0;0;0;;;;;;;;;;;;;;;;;;
22.01.2025;08:57;A 22;1;0;0;6;25;0;0;6;5;0;0;0;0;2;1;2;4;0;0;0;0;2;11;2;7;0;0;7;25;0;0;0;0;8;9;0;0;1;61;0;0;1;8;0;0;1;1;0;0;0;0;0;0;0;0;0;0;0;0;0;0;0;0;0;0;0;0;0;0;0;0;;;;;;;;;;;;;;;;;;
22.01.2025;08:56;A 22;1;0;0;4;14;0;0;4;3;0;0;0;0;2;2;1;74;2;10;0;0;0;75;2;2;0;0;6;31;0;0;0;0;10;11;0;0;1;39;0;0;0;0;0;0;0;0;0;0;0;0;1;1;0;0;0;0;0;0;0;0;0;0;0;0;0;0;0;0;0;0;;;;;;;;;;;;;;;;;;
22.01.2025;08:55;A 22;1;0;0;3;11;0;0;3;3;0;0;2;28;0;0;1;70;0;0;0;34;1;74;0;0;2;4;1;6;0;0;1;1;1;2;1;1;2;27;1;5;1;45;0;0;0;0;0;0;0;0;0;0;0;0;1;1;0;0;0;0;0;0;0;0;0;0;0;0;0;0;;;;;;;;;;;;;;;;;;
22.01.2025;08:54;A 22;1;0;0;2;18;0;0;6;5;0;0;1;43;1;1;4;6;0;0;1;85;1;80;3;4;0;0;7;53;0;0;1;0;10;9;0;0;1;85;0;0;1;93;0;0;1;1;0;0;0;0;0;0;0;0;0;0;0;0;0;0;0;0;0;0;0;0;0;0;0;0;;;;;;;;;;;;;;;;;;
22.01.2025;08:53;A 22;1;2;2;3;14;1;0;3;4;0;0;3;78;2;2;2;77;2;19;1;88;1;88;1;3;1;2;6;56;0;0;0;0;5;4;0;0;0;0;0;0;0;0;0;0;0;0;0;0;0;0;0;0;0;0;0;0;0;0;0;0;0;0;0;0;0;0;0;0;0;0;;;;;;;;;;;;;;;;;;
22.01.2025;08:52;A 22;1;0;0;2;5;0;0;3;2;0;0;2;68;1;1;1;87;0;0;1;73;1;85;0;0;0;0;1;3;0;0;0;0;2;1;0;0;1;6;1;6;1;3;0;0;0;0;0;0;1;1;0;0;0;0;0;0;0;0;0;0;1;1;0;0;0;0;0;0;0;0;;;;;;;;;;;;;;;;;;
22.01.2025;08:51;A 22;1;3;15;2;22;4;2;6;8;0;0;0;0;2;2;1;61;1;2;1;3;1;6;1;1;1;3;8;47;0;0;0;0;8;7;0;0;1;2;0;0;1;9;0;0;0;0;0;0;0;0;0;0;0;0;0;0;0;0;0;0;0;0;0;0;0;0;0;0;0;0;;;;;;;;;;;;;;;;;;
22.01.2025;08:50;A 22;1;0;0;3;17;0;0;4;3;0;0;1;1;0;0;2;73;0;0;2;7;0;78;2;6;1;1;6;60;0;0;0;0;5;4;1;1;2;76;0;0;2;77;0;0;0;0;0;0;1;1;1;1;0;0;0;0;0;0;0;0;1;1;0;0;0;0;0;0;0;0;;;;;;;;;;;;;;;;;;
22.01.2025;08:49;A 22;1;0;0;3;63;0;0;6;41;0;0;0;0;1;1;1;72;0;0;0;0;1;78;1;31;0;0;1;40;0;0;1;2;1;4;1;3;1;39;1;9;1;60;0;0;1;1;1;1;0;0;0;0;0;0;0;0;0;0;1;1;0;0;0;0;0;0;0;0;0;0;;;;;;;;;;;;;;;;;;
22.01.2025;08:48;A 22;1;0;0;2;46;0;0;6;36;0;0;0;0;1;0;1;36;1;3;0;0;1;6;5;14;0;0;2;51;0;0;0;0;6;7;1;1;2;2;1;3;1;2;0;0;0;0;0;0;0;0;0;0;0;0;0;0;0;0;0;0;0;0;0;0;0;0;0;0;0;0;;;;;;;;;;;;;;;;;;
22.01.2025;08:47;A 22;1;0;0;1;10;0;0;1;0;0;0;1;56;1;27;1;1;1;4;1;59;1;4;2;7;0;0;2;62;0;0;0;0;3;3;0;0;0;0;0;0;0;0;1;1;0;0;0;0;0;0;1;1;0;0;1;1;0;0;0;0;0;0;1;1;0;0;0;0;0;0;;;;;;;;;;;;;;;;;;
22.01.2025;08:46;A 22;1;0;0;2;15;0;0;3;6;0;0;1;23;2;1;1;2;1;5;2;26;1;8;0;0;0;0;2;72;0;0;0;0;4;5;2;46;3;59;1;30;0;0;0;0;0;0;0;0;0;0;0;0;0;0;0;0;0;0;0;0;0;0;1;1;0;0;0;0;0;0;;;;;;;;;;;;;;;;;;
22.01.2025;08:45;A 22;1;0;0;8;56;0;0;10;15;0;0;3;49;1;0;1;2;1;2;2;57;1;6;3;7;0;0;8;28;0;0;0;0;11;11;0;0;1;0;0;0;0;0;0;0;1;1;0;0;0;0;0;0;0;0;0;0;0;0;0;0;0;0;0;0;0;0;0;0;0;0;;;;;;;;;;;;;;;;;;
22.01.2025;08:44;A 22;1;2;10;6;22;1;0;6;6;0;0;1;91;4;3;3;77;3;11;1;97;1;90;2;5;1;1;5;13;0;0;1;0;6;4;0;0;0;0;0;0;0;0;0;0;0;0;0;0;1;1;0;0;0;0;0;0;0;0;0;0;1;1;0;0;0;0;0;0;0;0;;;;;;;;;;;;;;;;;;
22.01.2025;08:43;A 22;1;0;0;0;0;0;0;0;0;0;0;2;50;0;0;2;44;0;0;1;71;0;49;0;0;0;0;0;0;0;0;0;0;0;0;1;0;1;2;0;0;1;7;0;0;0;0;0;0;0;0;0;0;0;0;0;0;0;0;0;0;0;0;0;0;0;0;0;0;0;0;;;;;;;;;;;;;;;;;;
22.01.2025;08:42;A 22;1;0;0;4;31;0;0;8;9;0;0;0;0;0;0;1;13;1;16;2;66;2;66;3;8;1;4;3;10;0;0;0;0;4;3;3;4;0;0;3;19;2;11;0;0;1;1;0;0;0;0;0;0;0;0;0;0;0;0;0;0;0;0;0;0;0;0;0;0;0;0;;;;;;;;;;;;;;;;;;
22.01.2025;08:41;A 22;1;0;0;4;19;0;0;4;4;0;0;2;77;1;0;1;8;0;0;1;83;0;0;7;16;3;18;8;33;0;0;2;3;9;10;0;0;1;1;1;2;1;0;0;0;1;1;0;0;0;0;0;0;1;1;0;0;0;0;0;0;0;0;0;0;1;1;0;0;0;0;;;;;;;;;;;;;;;;;;
22.01.2025;08:40;A 22;1;1;8;2;7;0;0;3;2;0;0;2;34;1;1;3;23;1;3;2;42;1;30;1;0;0;0;2;4;0;0;0;0;3;2;1;2;1;10;1;8;2;10;0;0;0;0;0;0;0;0;1;1;0;0;0;0;0;0;0;0;0;0;0;0;0;0;0;0;0;0;;;;;;;;;;;;;;;;;;
22.01.2025;08:39;A 22;1;4;8;2;20;1;0;6;6;0;0;0;0;1;0;1;65;1;3;0;0;1;70;3;5;1;6;7;35;0;0;1;1;8;8;0;0;0;0;0;0;1;4;0;0;0;0;0;0;0;0;0;0;0;0;0;0;0;0;0;0;0;0;0;0;0;0;0;0;0;0;;;;;;;;;;;;;;;;;;
22.01.2025;08:38;A 22;1;0;0;2;8;0;0;2;2;0;0;1;4;0;0;1;23;0;0;1;9;1;26;2;11;0;0;7;75;0;0;0;0;11;12;1;1;0;0;1;5;1;2;0;0;0;0;0;0;0;0;0;0;0;0;0;0;0;0;0;0;0;0;0;0;0;0;0;0;0;0;;;;;;;;;;;;;;;;;;
22.01.2025;08:37;A 22;1;0;0;0;3;0;0;0;0;0;0;0;26;0;0;3;27;0;0;0;26;3;31;0;0;0;0;0;84;0;0;0;0;0;0;0;0;1;24;0;0;0;0;0;0;1;1;0;0;0;0;0;0;0;0;0;0;0;0;1;1;0;0;0;0;0;0;0;0;0;0;;;;;;;;;;;;;;;;;;
22.01.2025;08:36;A 22;1;0;0;4;15;0;0;5;4;0;0;1;2;1;0;1;15;1;3;1;7;2;28;2;5;0;0;7;56;0;0;0;0;9;9;0;0;1;17;0;0;1;10;0;0;1;1;0;0;0;0;0;0;0;0;0;0;0;0;0;0;1;1;0;0;0;0;0;0;0;0;;;;;;;;;;;;;;;;;;
22.01.2025;08:35;A 22;1;0;0;0;2;0;0;0;0;0;0;1;49;0;0;1;60;0;0;1;53;0;62;1;3;0;0;3;64;0;0;0;0;5;6;3;4;1;4;2;12;2;17;1;1;0;0;0;0;0;0;0;0;0;0;0;0;0;0;0;0;0;0;0;0;0;0;0;0;0;0;;;;;;;;;;;;;;;;;;
22.01.2025;08:34;A 22;1;0;0;3;27;0;0;6;10;0;0;1;20;1;0;2;27;1;2;0;21;2;31;0;0;0;0;1;75;0;0;0;0;2;2;1;0;1;1;0;0;1;5;0;0;0;0;0;0;1;1;0;0;0;0;0;0;0;0;0;0;1;1;0;0;0;0;0;0;0;0;;;;;;;;;;;;;;;;;;
22.01.2025;08:33;A 22;1;0;0;6;46;0;0;7;7;0;0;1;52;1;0;1;79;1;3;1;57;1;85;1;5;0;0;8;24;0;0;0;0;9;9;0;0;0;0;0;0;0;0;1;1;0;0;0;0;0;0;1;1;0;0;0;0;0;0;0;0;0;0;1;1;0;0;0;0;0;0;;;;;;;;;;;;;;;;;;
22.01.2025;08:32;A 22;1;2;3;10;67;1;0;12;14;0;0;2;76;2;7;1;13;1;3;0;80;1;19;1;3;0;0;4;17;0;0;0;0;6;5;0;0;0;0;0;0;0;0;0;0;0;0;0;0;0;0;0;0;0;0;0;0;0;0;0;0;0;0;0;0;0;0;0;0;0;0;;;;;;;;;;;;;;;;;;
22.01.2025;08:31;A 22;1;1;12;2;7;0;0;2;1;0;0;1;38;1;37;1;22;0;0;1;98;0;84;2;15;0;0;3;8;0;0;0;0;2;2;0;0;0;0;0;0;0;0;0;0;0;0;0;0;0;0;0;0;0;0;0;0;0;0;0;0;0;0;0;0;0;0;0;0;0;0;;;;;;;;;;;;;;;;;;
22.01.2025;08:30;A 22;1;0;0;6;27;0;0;6;6;0;0;1;5;0;0;0;0;1;16;2;38;2;31;3;15;0;0;7;20;0;0;1;0;7;5;0;0;1;0;0;0;0;0;1;1;0;0;0;0;0;0;0;0;0;0;1;1;0;0;0;0;0;0;0;0;0;0;0;0;0;0;;;;;;;;;;;;;;;;;;
22.01.2025;08:29;A 22;1;0;0;3;31;0;0;7;8;0;0;3;56;1;1;2;94;1;5;1;62;0;100;3;16;0;0;8;27;0;0;0;0;9;8;0;0;0;0;0;0;0;0;1;1;0;0;0;0;0;0;0;0;0;0;0;0;0;0;0;0;1;1;0;0;0;0;0;0;0;0;;;;;;;;;;;;;;;;;;
22.01.2025;08:28;A 22;1;0;0;1;11;0;0;1;1;0;0;3;22;1;0;4;20;1;4;1;40;3;31;0;0;0;0;0;58;0;0;0;0;0;0;0;0;1;1;0;0;0;6;0;0;0;0;0;0;0;0;0;0;0;0;0;0;0;0;0;0;0;0;0;0;0;0;0;0;0;0;;;;;;;;;;;;;;;;;;
22.01.2025;08:27;A 22;1;0;0;11;46;0;0;10;9;0;0;1;94;0;0;1;93;0;0;1;98;1;97;2;6;1;4;7;31;0;0;1;0;9;8;0;0;0;0;0;0;1;2;1;1;0;0;0;0;1;1;0;0;0;0;0;0;0;0;0;0;0;0;1;1;0;0;0;0;0;0;;;;;;;;;;;;;;;;;;
22.01.2025;08:26;A 22;1;0;0;4;19;0;0;5;4;0;0;1;1;3;2;1;36;2;6;1;3;1;40;1;1;0;0;5;12;0;0;0;0;5;4;1;1;0;0;1;5;1;2;0;0;0;0;0;0;0;0;0;0;0;0;0;0;0;0;0;0;0;0;0;0;0;0;0;0;0;0;;;;;;;;;;;;;;;;;;
22.01.2025;08:25;A 22;1;1;8;1;45;0;0;3;4;0;0;1;24;0;0;2;25;0;0;1;31;0;26;0;0;0;0;3;28;0;0;0;0;4;6;0;0;0;0;0;0;0;0;0;0;0;0;0;0;0;0;1;1;0;0;0;0;0;0;0;0;0;0;1;1;0;0;0;0;0;0;;;;;;;;;;;;;;;;;;
22.01.2025;08:24;A 22;1;0;0;2;57;0;0;9;10;0;0;1;99;0;0;1;10;0;0;0;100;1;15;1;3;0;0;5;15;0;0;0;0;5;4;0;0;0;0;0;0;2;6;0;0;0;0;0;0;0;0;0;0;0;0;1;1;0;0;0;0;0;0;0;0;0;0;0;0;0;0;;;;;;;;;;;;;;;;;;
22.01.2025;08:23;A 22;1;2;11;4;41;2;1;10;12;0;0;2;80;1;0;0;0;0;0;1;88;0;0;3;10;0;0;3;23;0;0;0;0;8;8;0;0;0;0;0;0;1;61;0;0;0;0;0;0;0;0;0;0;0;0;0;0;0;0;0;0;0;0;0;0;0;0;0;0;0;0;;;;;;;;;;;;;;;;;;
22.01.2025;08:22;A 22;1;0;0;1;6;0;0;1;1;0;0;3;46;0;0;3;43;0;0;4;55;1;49;0;0;0;0;1;6;0;0;0;0;1;0;1;0;2;39;1;4;1;6;0;0;0;0;0;0;0;0;0;0;1;1;0;0;0;0;0;0;0;0;0;0;0;0;0;0;0;0;;;;;;;;;;;;;;;;;;
22.01.2025;08:21;A 22;1;0;0;4;34;0;0;7;10;0;0;1;65;2;1;1;77;1;5;1;68;3;42;1;4;1;4;5;17;0;0;1;0;8;8;0;0;0;0;0;0;1;6;0;0;1;1;0;0;0;0;0;0;0;0;0;0;0;0;0;0;0;0;0;0;0;0;0;0;0;0;;;;;;;;;;;;;;;;;;
22.01.2025;08:20;A 22;1;1;10;2;93;0;0;7;48;0;0;0;0;0;0;1;0;0;0;0;0;1;2;0;0;0;0;1;73;0;0;0;0;4;6;0;0;0;0;0;0;0;0;0;0;0;0;0;0;0;0;0;0;0;0;0;0;0;0;0;0;1;3;0;0;0;0;0;0;0;0;;;;;;;;;;;;;;;;;;
22.01.2025;08:19;A 22;1;2;7;2;32;0;0;4;7;0;0;0;16;0;0;0;15;0;0;0;16;0;0;1;7;0;0;0;2;0;0;0;0;0;0;0;0;1;22;0;0;3;16;0;0;1;1;0;0;0;0;0;0;0;0;0;0;0;0;0;0;1;0;0;0;0;0;0;0;0;0;;;;;;;;;;;;;;;;;;
22.01.2025;08:18;A 22;1;2;10;5;43;2;0;9;9;0;0;1;70;2;23;1;64;1;6;1;81;1;4;0;0;0;0;4;38;0;0;0;0;6;5;1;2;1;58;1;8;2;12;0;0;1;1;0;0;0;0;0;0;0;0;0;0;0;0;0;0;0;0;0;0;0;0;0;0;0;0;;;;;;;;;;;;;;;;;;
22.01.2025;08:17;A 22;1;1;5;3;23;1;0;5;6;0;0;2;35;3;29;2;33;2;7;1;90;2;37;3;21;0;0;4;79;0;0;0;0;5;7;1;1;1;0;1;5;1;2;0;0;0;0;0;0;0;0;0;0;0;0;1;1;0;0;0;0;0;0;0;0;0;0;0;0;0;0;;;;;;;;;;;;;;;;;;
22.01.2025;08:16;A 22;1;1;10;3;24;1;0;3;4;0;0;2;25;2;1;1;0;0;0;2;43;1;3;1;4;1;3;3;63;0;0;1;0;5;10;0;0;2;30;0;20;2;34;0;0;0;0;0;0;1;1;1;1;0;0;0;0;0;0;0;0;0;0;0;0;0;0;0;0;0;0;;;;;;;;;;;;;;;;;;
22.01.2025;08:15;A 22;1;1;8;3;17;1;0;6;5;0;0;1;11;0;0;0;0;0;0;1;16;0;0;1;0;0;0;5;25;0;0;0;0;8;7;2;3;0;100;2;28;1;9;0;0;1;1;0;0;0;0;0;0;0;0;0;0;0;0;0;0;0;0;0;0;0;0;0;0;0;0;;;;;;;;;;;;;;;;;;
22.01.2025;08:14;A 22;1;0;0;2;25;0;0;5;4;0;0;3;75;1;2;2;59;2;12;1;76;1;65;2;11;0;0;2;6;0;0;0;0;2;1;0;0;4;61;0;0;2;16;0;0;0;0;0;0;0;0;0;0;0;0;0;0;0;0;0;0;0;0;0;0;0;0;0;0;0;0;;;;;;;;;;;;;;;;;;
22.01.2025;08:13;A 22;1;0;0;6;52;0;0;4;4;0;0;5;73;1;0;4;13;0;0;1;85;4;23;0;0;0;0;0;8;0;0;0;0;0;0;0;0;0;0;0;0;0;0;1;1;0;0;0;0;0;0;0;0;0;0;0;0;0;0;0;0;0;0;0;0;0;0;0;0;0;0;;;;;;;;;;;;;;;;;;
22.01.2025;08:12;A 22;1;0;0;4;22;0;0;5;5;0;0;1;26;0;0;1;0;0;0;1;31;0;1;0;0;1;3;6;34;0;0;1;0;5;6;1;1;0;0;1;6;1;4;0;0;1;1;0;0;0;0;0;0;0;0;0;0;0;0;0;0;0;0;0;0;0;0;0;0;0;0;;;;;;;;;;;;;;;;;;
22.01.2025;08:11;A 22;1;0;0;0;3;0;0;0;0;0;0;2;88;3;4;2;86;0;0;0;96;1;91;5;16;1;3;6;21;0;0;1;1;9;8;0;0;0;0;0;0;0;0;0;0;0;0;0;0;1;1;0;0;0;0;0;0;0;0;0;0;0;0;0;0;0;0;0;0;0;0;;;;;;;;;;;;;;;;;;
22.01.2025;08:10;A 22;1;0;0;4;20;0;0;4;8;0;0;1;17;0;0;5;46;0;0;1;21;1;64;0;0;0;0;1;1;0;0;0;0;1;0;0;0;1;0;0;0;0;0;1;1;0;0;0;0;0;0;0;0;0;0;2;3;0;0;0;0;0;0;0;0;0;0;0;0;0;0;;;;;;;;;;;;;;;;;;
22.01.2025;08:09;A 22;1;0;0;6;10;1;0;5;4;0;0;1;47;1;1;0;100;1;6;1;9;0;100;2;5;1;3;5;14;0;0;1;0;7;6;0;0;0;0;0;0;0;0;1;1;0;0;0;0;0;0;0;0;0;0;2;3;0;0;0;0;0;0;0;0;0;0;0;0;0;0;;;;;;;;;;;;;;;;;;
22.01.2025;08:08;A 22;1;0;0;4;4;0;0;1;1;0;0;0;42;0;0;3;52;0;0;0;42;1;61;1;5;0;0;4;66;0;0;0;0;6;31;0;0;1;23;1;3;1;28;0;0;0;0;0;0;1;1;0;0;0;0;0;0;0;0;0;0;1;1;0;0;0;0;0;0;0;0;;;;;;;;;;;;;;;;;;
22.01.2025;08:07;A 22;1;0;0;9;20;0;0;8;7;0;0;2;21;0;0;3;34;0;0;1;28;1;48;0;0;0;0;2;64;0;0;0;0;4;5;0;0;1;3;0;0;1;6;0;0;0;0;0;0;0;0;0;0;0;0;0;0;0;0;0;0;0;0;0;0;0;0;0;0;0;0;;;;;;;;;;;;;;;;;;
22.01.2025;08:06;A 22;1;1;5;8;16;1;0;6;6;0;0;1;92;2;4;0;100;1;10;1;96;0;100;1;0;0;0;8;34;0;0;0;0;10;13;0;0;0;0;1;5;1;2;1;1;0;0;0;0;0;0;0;0;0;0;0;0;0;0;0;0;0;0;0;0;0;0;0;0;0;0;;;;;;;;;;;;;;;;;;
22.01.2025;08:05;A 22;1;0;0;9;20;0;0;6;7;0;0;0;0;0;0;1;56;0;0;0;0;1;61;3;13;1;3;3;86;0;0;1;0;11;57;0;0;2;6;0;53;3;19;0;0;0;0;0;0;0;0;0;0;0;0;1;1;0;0;0;0;0;0;0;0;0;0;0;0;0;0;;;;;;;;;;;;;;;;;;
22.01.2025;08:04;A 22;1;0;0;0;0;0;0;0;0;0;0;0;0;0;0;1;46;0;0;0;0;1;49;0;0;0;0;0;0;0;0;0;0;0;0;0;0;0;0;0;100;0;0;0;0;1;1;0;0;0;0;0;0;0;0;0;0;0;0;0;0;0;0;0;0;0;0;0;0;0;0;;;;;;;;;;;;;;;;;;
22.01.2025;08:03;A 22;1;0;0;14;26;0;0;8;9;0;0;1;0;2;3;1;57;1;5;1;5;1;61;1;2;0;0;4;23;0;0;0;0;8;7;0;0;0;0;0;100;0;0;0;0;1;1;0;0;0;0;0;0;0;0;0;0;0;0;0;0;0;0;0;0;0;0;0;0;0;0;;;;;;;;;;;;;;;;;;
22.01.2025;08:02;A 22;1;0;0;5;13;0;0;3;4;0;0;2;42;1;2;2;62;0;0;1;50;1;59;0;0;0;0;2;12;0;0;0;0;4;4;0;0;2;28;0;100;1;35;0;0;1;1;0;0;0;0;0;0;0;0;0;0;0;0;0;0;0;0;0;0;0;0;0;0;0;0;;;;;;;;;;;;;;;;;;
22.01.2025;08:01;A 22;1;0;0;8;27;0;0;7;9;0;0;0;0;0;0;0;0;0;0;2;72;0;0;0;0;0;0;2;10;0;0;0;0;2;3;0;0;0;0;0;100;0;0;0;0;0;0;0;0;0;0;0;0;0;0;0;0;0;0;0;0;0;0;1;1;0;0;0;0;0;0;;;;;;;;;;;;;;;;;;
22.01.2025;08:00;A 22;1;3;4;5;10;1;0;4;3;0;0;0;0;0;0;0;0;0;0;0;0;0;0;2;2;0;0;6;46;0;0;0;0;7;6;0;46;0;0;0;100;0;0;1;1;0;0;0;0;1;1;0;0;0;0;0;0;0;0;0;0;0;0;0;0;0;0;0;0;0;0;;;;;;;;;;;;;;;;;;
22.01.2025;07:59;A 22;1;0;0;5;11;0;0;3;3;0;0;1;51;0;0;4;75;0;0;1;6;0;80;0;0;0;0;6;57;0;0;0;0;9;9;0;100;1;46;0;100;1;18;1;1;0;0;0;0;0;0;0;0;0;0;0;0;0;0;0;0;0;0;0;0;0;0;0;0;0;0;;;;;;;;;;;;;;;;;;
22.01.2025;07:58;A 22;1;0;0;3;5;0;0;2;1;0;0;1;22;0;19;2;25;0;0;0;24;1;37;0;0;1;55;2;82;0;0;1;28;4;8;0;100;1;11;0;100;1;23;0;0;0;0;0;0;1;3;0;0;0;0;0;0;0;0;0;0;1;1;0;0;0;0;0;0;0;0;;;;;;;;;;;;;;;;;;
22.01.2025;07:57;A 22;1;1;0;10;16;1;0;6;6;0;0;1;76;1;74;1;35;0;0;1;77;2;19;0;0;1;1;6;35;0;0;1;97;11;16;0;100;0;0;0;100;1;0;0;0;0;0;0;0;0;0;0;0;0;0;0;0;0;0;0;0;0;0;1;1;0;0;0;0;0;0;;;;;;;;;;;;;;;;;;
22.01.2025;07:56;A 22;1;0;0;9;14;0;0;6;5;0;0;1;1;2;1;2;66;1;5;1;2;3;85;3;4;0;0;2;28;0;0;0;0;8;9;0;100;2;76;0;100;0;78;0;0;1;1;0;0;0;0;0;0;0;0;0;0;0;0;0;0;0;0;0;0;0;0;0;0;0;0;;;;;;;;;;;;;;;;;;
22.01.2025;07:55;A 22;1;0;0;4;15;0;0;2;2;0;0;0;0;1;0;2;2;0;0;0;0;4;14;0;0;0;0;0;0;0;0;0;0;0;0;1;53;3;23;1;53;2;14;0;0;0;0;1;1;0;0;0;0;0;0;0;0;0;0;0;0;0;0;0;0;0;0;0;0;0;0;;;;;;;;;;;;;;;;;;
22.01.2025;07:54;A 22;1;0;0;4;11;0;0;4;4;0;0;0;0;1;0;0;0;1;2;0;0;0;0;2;8;0;0;3;5;0;0;2;1;4;4;0;0;0;0;0;0;0;0;1;1;0;0;0;0;0;0;0;0;0;0;1;1;0;0;0;0;0;0;0;0;0;0;0;0;0;0;;;;;;;;;;;;;;;;;;
22.01.2025;07:53;A 22;1;0;0;4;11;0;0;3;2;0;0;1;25;1;2;1;66;1;7;1;28;1;5;2;6;0;0;7;40;0;0;0;0;11;12;1;35;1;38;0;0;2;17;0;0;0;0;0;0;0;0;0;0;0;0;0;0;0;0;0;0;1;1;0;0;1;1;0;0;0;0;;;;;;;;;;;;;;;;;;
22.01.2025;07:52;A 22;1;2;2;5;16;1;0;7;6;0;0;3;29;2;1;1;0;1;3;0;38;1;2;1;2;0;0;2;8;0;0;0;0;2;2;1;1;1;24;0;24;0;23;0;0;0;0;0;0;0;0;0;0;0;0;0;0;0;0;0;0;0;0;0;0;0;0;0;0;0;0;;;;;;;;;;;;;;;;;;
22.01.2025;07:51;A 22;1;0;0;8;19;0;0;6;6;0;0;0;100;0;0;0;0;0;0;0;100;0;0;1;1;2;6;4;11;0;0;3;1;8;8;0;0;1;88;0;100;0;100;0;0;1;1;0;0;0;0;0;0;0;0;0;0;0;0;0;0;0;0;0;0;0;0;0;0;0;0;;;;;;;;;;;;;;;;;;
22.01.2025;07:50;A 22;1;0;0;3;25;0;0;3;6;0;0;2;92;2;5;1;86;0;0;0;100;0;90;1;4;0;0;7;14;0;0;0;0;6;6;0;0;0;0;0;100;0;100;0;0;0;0;0;0;0;0;0;0;0;0;0;0;0;0;0;0;0;0;0;0;0;0;0;0;0;0;;;;;;;;;;;;;;;;;;
22.01.2025;07:49;A 22;1;0;0;4;30;0;0;8;20;0;0;1;40;0;0;3;58;0;0;1;45;1;71;0;0;1;3;1;56;0;0;0;0;0;0;1;1;0;12;2;20;2;60;0;0;0;0;0;0;0;0;0;0;0;0;0;0;0;0;0;0;0;0;0;0;0;0;0;0;0;0;;;;;;;;;;;;;;;;;;
22.01.2025;07:48;A 22;1;0;0;7;11;0;0;5;10;0;0;0;0;2;0;1;67;1;4;0;0;1;72;2;7;1;1;4;17;0;0;1;0;7;5;0;0;1;62;0;0;2;5;0;0;0;0;0;0;1;1;0;0;0;0;0;0;0;0;0;0;0;0;0;0;0;0;0;0;0;0;;;;;;;;;;;;;;;;;;
22.01.2025;07:47;A 22;1;1;5;4;6;1;0;2;2;0;0;1;3;0;0;1;76;0;0;1;8;0;80;4;10;2;14;5;14;0;0;3;2;7;6;1;4;1;0;1;14;3;11;0;0;0;0;0;0;0;0;0;0;0;0;0;0;0;0;0;0;0;0;0;0;0;0;0;0;0;0;;;;;;;;;;;;;;;;;;
22.01.2025;07:46;A 22;1;0;0;2;2;0;0;1;1;0;0;2;23;2;1;3;22;1;3;1;28;4;40;2;6;0;0;1;3;0;0;0;0;1;0;0;0;1;0;0;0;0;0;0;0;0;0;0;0;0;0;0;0;1;1;0;0;0;0;0;0;0;0;0;0;0;0;0;0;0;0;;;;;;;;;;;;;;;;;;
22.01.2025;07:45;A 22;1;0;0;11;36;0;0;10;10;0;0;1;67;0;0;1;0;0;0;3;42;0;0;4;5;1;1;8;10;0;0;1;0;7;5;0;0;0;0;0;0;0;0;1;1;1;1;0;0;0;0;0;0;0;0;1;1;0;0;0;0;0;0;0;0;0;0;0;0;0;0;;;;;;;;;;;;;;;;;;
22.01.2025;07:44;A 22;1;0;0;3;7;0;0;2;2;0;0;0;0;1;0;1;59;1;2;0;0;0;0;2;8;0;0;4;11;0;0;0;0;5;4;0;0;1;65;0;0;1;19;0;0;0;0;0;0;0;0;0;0;0;0;0;0;0;0;0;0;0;0;0;0;0;0;0;0;0;0;;;;;;;;;;;;;;;;;;
22.01.2025;07:43;A 22;1;0;0;6;8;0;0;2;2;0;0;2;14;1;1;2;13;0;0;1;19;0;17;0;0;0;0;2;11;0;0;0;0;5;4;0;0;1;18;0;0;1;15;0;0;1;1;0;0;0;0;0;0;0;0;0;0;0;0;0;0;0;0;0;0;0;0;0;0;0;0;;;;;;;;;;;;;;;;;;
22.01.2025;07:42;A 22;1;0;0;2;8;0;0;3;2;0;0;1;15;1;1;0;100;1;3;1;19;1;90;4;20;0;0;7;32;0;0;0;0;10;10;0;0;0;0;0;0;0;0;0;0;0;0;0;0;0;0;0;0;0;0;0;0;0;0;0;0;0;0;0;0;0;0;0;0;0;0;;;;;;;;;;;;;;;;;;
22.01.2025;07:41;A 22;1;0;0;4;11;0;0;3;3;0;0;0;0;0;0;2;94;0;0;0;0;1;96;5;6;1;1;6;18;0;0;1;0;8;7;2;5;1;47;1;13;2;55;0;0;0;0;0;0;0;0;0;0;0;0;0;0;0;0;0;0;0;0;1;1;0;0;0;0;0;0;;;;;;;;;;;;;;;;;;
22.01.2025;07:40;A 22;1;0;0;8;14;0;0;5;4;0;0;0;15;1;0;3;59;1;3;0;15;2;74;0;0;0;55;1;64;0;0;0;0;3;34;0;0;0;0;0;0;0;0;0;0;0;0;0;0;0;0;0;0;0;0;0;0;0;0;0;0;0;0;0;0;0;0;0;0;0;0;;;;;;;;;;;;;;;;;;
22.01.2025;07:39;A 22;1;0;0;10;21;0;0;7;7;0;0;1;5;0;0;0;0;0;0;1;9;0;0;1;5;0;100;6;35;0;0;0;0;11;15;0;0;0;0;0;0;0;0;0;0;0;0;0;0;0;0;0;0;0;0;0;0;0;0;0;0;0;0;0;0;0;0;0;0;0;0;;;;;;;;;;;;;;;;;;
22.01.2025;07:38;A 22;1;2;5;8;12;1;0;4;3;0;0;3;39;2;1;2;72;1;3;3;45;1;77;4;11;0;100;3;36;0;0;0;0;9;15;0;0;1;52;0;0;1;11;0;0;0;0;0;0;0;0;0;0;0;0;0;0;0;0;0;0;0;0;0;0;0;0;0;0;0;0;;;;;;;;;;;;;;;;;;
22.01.2025;07:37;A 22;1;0;0;0;0;0;0;0;0;0;0;0;20;0;0;1;21;0;0;0;20;2;7;0;0;1;33;0;0;0;0;1;5;1;3;0;0;0;0;0;0;2;6;0;0;0;0;0;0;0;0;0;0;0;0;0;0;0;0;0;0;0;0;0;0;0;0;0;0;0;0;;;;;;;;;;;;;;;;;;
22.01.2025;07:36;A 22;1;0;0;15;42;0;0;12;12;0;0;1;57;0;0;1;0;0;0;1;62;1;5;2;4;0;0;3;31;0;0;0;0;6;5;0;0;0;0;0;0;0;0;1;1;0;0;0;0;0;0;0;0;0;0;0;0;0;0;0;0;0;0;0;0;0;0;0;0;0;0;;;;;;;;;;;;;;;;;;
22.01.2025;07:35;A 22;1;0;0;1;1;0;0;1;2;0;0;0;58;0;0;4;63;0;0;0;57;1;72;0;0;0;0;6;69;0;0;0;0;6;6;0;0;0;0;0;0;0;0;0;0;0;0;0;0;0;0;2;3;0;0;0;0;0;0;0;0;0;0;1;1;0;0;0;0;0;0;;;;;;;;;;;;;;;;;;
22.01.2025;07:34;A 22;1;0;0;8;10;0;0;4;3;0;0;1;68;1;0;1;33;1;2;1;72;1;37;1;0;0;0;0;0;0;0;0;0;1;0;1;1;0;22;1;6;1;3;0;0;0;0;0;0;0;0;0;0;0;0;0;0;0;0;0;0;0;0;0;0;0;0;0;0;0;0;;;;;;;;;;;;;;;;;;
22.01.2025;07:33;A 22;1;0;0;13;27;0;0;9;9;0;0;1;29;0;0;2;24;0;0;1;34;2;32;1;2;0;0;3;21;0;0;0;0;8;7;0;0;1;24;0;0;1;10;0;0;0;0;0;0;0;0;0;0;0;0;1;1;0;0;0;0;0;0;0;0;0;0;0;0;0;0;;;;;;;;;;;;;;;;;;
22.01.2025;07:32;A 22;1;0;0;0;3;0;0;0;0;0;0;0;0;0;0;0;0;0;0;0;0;0;0;2;7;0;0;5;28;0;0;0;0;10;8;1;1;0;0;1;4;1;4;1;1;0;0;0;0;0;0;0;0;0;0;0;0;0;0;0;0;0;0;0;0;0;0;0;0;0;0;;;;;;;;;;;;;;;;;;
22.01.2025;07:31;A 22;1;0;0;4;8;0;0;2;3;0;0;0;0;0;0;0;4;0;0;0;0;0;4;0;0;0;0;2;1;0;0;0;0;1;0;1;0;0;0;1;4;1;1;0;0;0;0;0;0;0;0;0;0;0;0;0;0;0;0;0;0;0;0;0;0;0;0;0;0;0;0;;;;;;;;;;;;;;;;;;
22.01.2025;07:30;A 22;1;0;0;8;15;0;0;5;4;0;0;0;0;0;0;1;49;0;0;0;0;1;57;1;9;0;0;6;6;0;0;0;0;3;3;0;0;0;0;0;0;1;4;0;0;1;1;0;0;0;0;1;1;0;0;0;0;0;0;0;0;0;0;0;0;1;1;0;0;0;0;;;;;;;;;;;;;;;;;;
22.01.2025;07:29;A 22;1;0;0;8;19;0;0;5;5;0;0;0;90;1;1;1;49;1;7;0;90;1;56;1;0;0;0;4;33;0;0;0;0;12;12;1;81;1;83;0;0;1;15;0;0;0;0;0;0;0;0;2;3;0;0;0;0;0;0;0;0;0;0;2;3;0;0;0;0;0;0;;;;;;;;;;;;;;;;;;
22.01.2025;07:28;A 22;1;0;0;3;2;0;0;2;1;0;0;1;33;0;0;0;0;0;0;1;39;0;0;0;0;0;0;2;46;0;0;0;0;1;5;0;0;0;0;0;0;1;4;0;0;1;1;0;0;0;0;3;5;0;0;0;0;0;0;0;0;0;0;2;3;0;0;0;0;0;0;;;;;;;;;;;;;;;;;;
22.01.2025;07:27;A 22;1;0;0;14;43;0;0;9;14;0;0;0;0;1;0;1;1;1;3;0;0;1;4;1;8;2;6;1;29;0;0;2;1;8;13;1;0;0;0;1;3;1;2;0;0;1;1;0;0;0;0;0;0;0;0;0;0;0;0;0;0;0;0;0;0;0;0;0;0;0;0;;;;;;;;;;;;;;;;;;
22.01.2025;07:26;A 22;1;0;0;14;25;1;1;8;8;0;0;0;0;3;3;2;18;1;4;0;0;2;32;2;4;0;0;4;8;0;0;0;0;4;3;3;2;2;6;1;3;2;9;0;0;0;0;0;0;1;1;0;0;0;0;0;0;0;0;0;0;0;0;0;0;0;0;0;0;0;0;;;;;;;;;;;;;;;;;;
22.01.2025;07:25;A 22;1;0;0;3;59;0;0;5;15;0;0;0;0;0;0;1;1;0;0;0;0;1;3;2;3;0;0;1;60;0;0;0;0;2;1;0;0;0;0;0;0;0;0;0;0;0;0;0;0;0;0;0;0;0;0;1;1;0;0;0;0;0;0;0;0;0;0;0;0;0;0;;;;;;;;;;;;;;;;;;
22.01.2025;07:24;A 22;1;0;0;7;11;0;0;3;3;0;0;0;0;1;1;0;0;1;7;0;0;0;0;0;0;0;0;6;26;0;0;0;0;10;9;1;1;0;0;1;5;1;10;1;1;0;0;0;0;0;0;0;0;0;0;0;0;0;0;0;0;0;0;0;0;0;0;0;0;0;0;;;;;;;;;;;;;;;;;;
22.01.2025;07:23;A 22;1;0;0;10;15;0;0;5;6;0;0;1;39;0;0;0;77;0;0;1;18;0;77;2;5;0;0;5;19;0;0;0;0;6;5;3;5;3;81;1;4;0;84;0;0;0;0;0;0;0;0;1;1;0;0;0;0;0;0;0;0;0;0;0;0;0;0;0;0;0;0;;;;;;;;;;;;;;;;;;
22.01.2025;07:22;A 22;1;0;0;0;0;0;0;4;2;0;0;0;23;1;1;1;53;1;5;0;23;2;62;1;2;0;0;3;3;0;0;0;0;2;1;0;0;1;20;0;0;1;12;0;0;1;1;0;0;0;0;0;0;0;0;0;0;0;0;0;0;0;0;0;0;0;0;0;0;0;0;;;;;;;;;;;;;;;;;;
22.01.2025;07:21;A 22;1;1;0;3;14;1;0;5;4;0;0;1;15;0;0;0;0;0;0;1;22;0;0;1;4;0;0;5;29;0;0;0;0;10;8;1;1;2;11;1;6;1;3;0;0;0;0;0;0;0;0;0;0;0;0;0;0;0;0;0;0;0;0;0;0;0;0;0;0;0;0;;;;;;;;;;;;;;;;;;
22.01.2025;07:20;A 22;1;0;0;5;7;0;0;4;4;0;0;1;91;1;0;1;2;0;0;0;96;1;7;2;6;0;0;2;21;0;0;0;0;7;7;0;0;0;0;0;0;0;0;1;1;0;0;0;0;0;0;0;0;0;0;0;0;0;0;0;0;0;0;0;0;0;0;0;0;0;0;;;;;;;;;;;;;;;;;;
22.01.2025;07:19;A 22;1;0;0;4;7;1;0;2;1;0;0;1;67;0;0;0;28;0;0;1;72;0;0;0;0;0;0;0;0;0;0;0;0;0;0;0;0;0;0;0;2;0;0;0;0;0;0;0;0;1;1;0;0;0;0;1;1;0;0;0;0;0;0;0;0;0;0;0;0;0;0;;;;;;;;;;;;;;;;;;
22.01.2025;07:18;A 22;1;0;0;2;18;0;0;5;7;0;0;1;2;2;1;1;81;0;0;1;7;1;3;2;11;0;0;3;9;0;0;0;0;4;3;1;0;0;0;1;3;2;7;0;0;0;0;0;0;0;0;0;0;0;0;0;0;0;0;0;0;0;0;0;0;0;0;0;0;0;0;;;;;;;;;;;;;;;;;;
22.01.2025;07:17;A 22;1;0;0;4;13;0;0;5;5;0;0;3;75;1;2;0;0;0;0;1;83;0;0;1;0;1;2;6;15;0;0;1;0;7;6;3;65;0;72;1;5;1;4;0;0;0;0;0;0;0;0;0;0;0;0;0;0;0;0;0;0;0;0;0;0;0;0;0;0;0;0;;;;;;;;;;;;;;;;;;
22.01.2025;07:16;A 22;1;0;0;2;6;0;0;2;1;0;0;1;10;0;0;2;17;0;8;1;14;1;20;1;1;0;0;0;0;0;0;0;0;1;0;0;0;1;1;0;0;1;8;0;0;0;0;0;0;1;1;0;0;0;0;0;0;0;0;0;0;1;1;0;0;0;0;0;0;0;0;;;;;;;;;;;;;;;;;;
22.01.2025;07:15;A 22;1;0;0;12;33;0;0;11;12;0;0;0;0;2;3;1;20;2;55;1;4;1;27;0;0;0;0;4;18;0;0;0;0;6;5;0;0;0;0;0;0;1;2;0;0;0;0;0;0;0;0;0;0;0;0;0;0;0;0;0;0;0;0;0;0;0;0;0;0;0;0;;;;;;;;;;;;;;;;;;
22.01.2025;07:14;A 22;1;0;0;2;3;0;0;1;1;0;0;1;1;1;0;1;64;0;0;0;0;0;65;1;3;0;0;2;9;0;0;0;0;4;3;0;0;1;67;0;0;4;22;0;0;1;1;0;0;0;0;0;0;0;0;0;0;0;0;0;0;0;0;0;0;0;0;0;0;0;0;;;;;;;;;;;;;;;;;;
22.01.2025;07:13;A 22;1;0;0;4;19;0;0;5;8;0;0;0;0;0;0;1;80;0;0;0;0;1;84;1;8;0;0;1;9;0;0;0;0;1;3;0;0;1;46;0;0;1;4;0;0;0;0;0;0;0;0;0;0;0;0;0;0;0;0;0;0;0;0;0;0;0;0;0;0;0;0;;;;;;;;;;;;;;;;;;
22.01.2025;07:12;A 22;1;0;0;6;21;0;0;6;5;0;0;0;0;0;0;1;80;0;0;0;67;0;100;1;4;0;0;7;8;0;0;0;0;6;4;2;3;1;51;2;15;2;11;0;0;0;0;0;0;0;0;0;0;0;0;0;0;0;0;0;0;0;0;0;0;0;0;0;0;0;0;;;;;;;;;;;;;;;;;;
22.01.2025;07:11;A 22;1;0;0;9;54;1;0;7;31;0;0;0;0;0;0;0;0;1;16;2;49;2;49;0;0;0;0;1;55;0;0;0;0;4;5;0;0;0;0;0;0;1;3;0;0;0;0;0;0;0;0;0;0;0;0;0;0;0;0;0;0;0;0;0;0;0;0;0;0;0;0;;;;;;;;;;;;;;;;;;
22.01.2025;07:10;A 22;1;0;0;3;60;1;0;1;34;0;0;0;0;0;4;0;5;0;0;1;5;0;5;0;0;0;0;1;1;0;0;0;0;1;0;0;0;0;0;0;0;0;0;0;0;0;0;0;0;0;0;0;0;0;0;0;0;0;0;0;0;0;0;0;0;0;0;0;0;0;0;;;;;;;;;;;;;;;;;;
22.01.2025;07:09;A 22;1;0;0;4;10;1;0;3;3;0;0;0;0;1;19;2;42;0;0;0;0;1;54;0;0;1;8;3;8;0;0;1;2;3;4;0;0;0;0;0;0;0;0;2;3;0;0;0;0;1;1;0;0;0;0;0;0;0;0;0;0;0;0;0;0;0;0;0;0;0;0;;;;;;;;;;;;;;;;;;
22.01.2025;07:08;A 22;1;0;0;0;0;0;0;0;0;0;0;1;2;1;0;0;0;0;0;1;7;0;0;2;14;0;0;1;74;0;0;0;0;5;9;0;0;0;25;0;25;0;0;0;0;0;0;0;0;0;0;1;1;0;0;0;0;0;0;0;0;0;0;1;1;0;0;0;0;0;0;;;;;;;;;;;;;;;;;;
22.01.2025;07:07;A 22;1;0;0;0;0;0;0;0;0;0;0;1;7;0;0;0;6;0;0;2;13;0;5;0;0;0;0;1;1;0;0;0;0;1;0;0;0;1;59;1;59;0;0;0;0;0;0;0;0;0;0;0;0;0;0;0;0;0;0;0;0;0;0;0;0;0;0;0;0;0;0;;;;;;;;;;;;;;;;;;
22.01.2025;07:06;A 22;1;0;0;7;17;0;0;5;4;0;0;0;100;0;0;0;100;0;0;0;0;0;100;0;0;0;0;1;2;0;0;0;0;1;0;0;0;0;0;0;0;1;1;0;0;0;0;0;0;0;0;1;1;0;0;0;0;0;0;0;0;0;0;0;0;0;0;0;0;0;0;;;;;;;;;;;;;;;;;;
22.01.2025;07:05;A 22;1;0;0;3;5;0;0;1;1;0;0;1;68;1;0;2;69;1;5;1;9;2;77;1;1;0;0;4;3;0;0;0;0;2;1;0;0;0;0;0;0;1;13;0;0;0;0;0;0;0;0;0;0;0;0;1;1;0;0;1;1;0;0;0;0;0;0;0;0;0;0;;;;;;;;;;;;;;;;;;
22.01.2025;07:04;A 22;1;0;0;1;0;0;0;1;1;0;0;1;56;0;0;1;71;0;0;1;36;1;76;0;0;0;0;7;10;0;0;0;0;2;1;0;0;1;23;0;0;0;23;1;1;0;0;0;0;0;0;0;0;0;0;0;0;0;0;0;0;0;0;0;0;0;0;0;0;0;0;;;;;;;;;;;;;;;;;;
22.01.2025;07:03;A 22;1;0;0;10;16;0;0;6;6;0;0;1;46;1;0;1;18;1;4;1;50;1;24;0;0;0;0;6;16;0;0;1;0;7;6;0;30;1;60;0;0;2;54;0;0;0;0;0;0;0;0;0;0;0;0;0;0;0;0;0;0;0;0;0;0;0;0;0;0;0;0;;;;;;;;;;;;;;;;;;
22.01.2025;07:02;A 22;1;0;0;6;9;0;0;3;2;0;0;0;86;0;0;1;63;0;0;0;87;1;67;1;3;0;0;4;9;0;0;0;0;5;3;0;100;0;0;0;27;0;0;0;0;0;0;0;0;0;0;0;0;0;0;0;0;0;0;0;0;0;0;0;0;0;0;0;0;0;0;;;;;;;;;;;;;;;;;;
22.01.2025;07:01;A 22;1;2;9;3;8;1;0;4;3;0;0;1;60;0;0;0;0;0;0;1;64;0;0;0;0;0;0;2;3;0;0;0;0;2;2;0;100;1;3;1;92;1;16;0;0;0;0;0;0;0;0;0;0;0;0;0;0;0;0;0;0;0;0;0;0;0;0;0;0;0;0;;;;;;;;;;;;;;;;;;
22.01.2025;07:00;A 22;1;0;0;2;9;0;0;3;3;0;0;1;77;1;1;0;0;1;4;1;81;0;0;2;3;0;0;2;10;0;0;0;0;3;2;0;100;1;1;0;0;1;10;0;0;0;0;0;0;0;0;0;0;0;0;0;0;0;0;0;0;0;0;0;0;0;0;0;0;0;0;;;;;;;;;;;;;;;;;;
22.01.2025;06:59;A 22;1;3;10;5;7;1;0;3;2;0;0;1;1;1;0;3;32;0;0;1;3;1;43;1;5;0;0;2;68;0;0;0;0;4;4;0;100;0;0;0;16;0;0;0;0;1;1;0;0;0;0;0;0;0;0;0;0;0;0;0;0;0;0;0;0;0;0;0;0;0;0;;;;;;;;;;;;;;;;;;
22.01.2025;06:58;A 22;1;0;0;3;6;0;0;2;1;0;0;1;2;0;0;0;11;0;1;2;7;0;9;0;0;0;0;1;2;0;0;0;0;2;1;1;70;2;79;1;48;0;0;0;0;0;0;0;0;0;0;0;0;0;0;0;0;0;0;0;0;0;0;0;0;0;0;0;0;0;0;;;;;;;;;;;;;;;;;;
22.01.2025;06:57;A 22;1;0;0;2;7;0;0;1;1;0;0;0;0;1;1;1;66;1;3;0;0;1;70;3;6;1;4;4;17;0;0;1;1;7;6;0;0;1;40;0;0;1;5;0;0;0;0;0;0;0;0;0;0;0;0;0;0;0;0;0;0;0;0;0;0;0;0;0;0;0;0;;;;;;;;;;;;;;;;;;
22.01.2025;06:56;A 22;1;0;0;5;11;0;0;5;6;0;0;0;73;1;0;1;78;0;0;0;73;0;81;0;0;1;2;4;15;0;0;1;0;7;5;0;0;1;0;0;0;0;0;1;1;0;0;0;0;0;0;0;0;0;0;0;0;0;0;0;0;0;0;0;0;0;0;0;0;0;0;;;;;;;;;;;;;;;;;;
22.01.2025;06:55;A 22;1;0;0;0;0;0;0;0;0;0;0;1;18;0;0;1;44;0;0;1;24;1;50;2;4;0;0;0;53;0;0;0;0;1;1;1;1;1;2;1;5;1;5;0;0;0;0;0;0;0;0;0;0;0;0;0;0;0;0;0;0;0;0;0;0;0;0;0;0;0;0;;;;;;;;;;;;;;;;;;
22.01.2025;06:54;A 22;1;0;0;9;15;0;0;5;4;0;0;0;0;0;0;1;27;0;0;0;0;1;35;1;5;0;0;4;18;0;0;0;0;5;5;0;0;1;0;0;0;1;1;0;0;0;0;0;0;0;0;0;0;1;1;1;1;0;0;0;0;0;0;0;0;1;1;0;0;0;0;;;;;;;;;;;;;;;;;;
22.01.2025;06:53;A 22;1;0;0;4;7;0;0;2;4;0;0;1;58;1;0;4;53;0;0;1;68;2;61;1;6;0;0;5;27;0;0;0;0;5;6;0;0;0;0;0;0;0;0;0;0;0;0;0;0;0;0;0;0;0;0;0;0;0;0;0;0;0;0;0;0;0;0;0;0;0;0;;;;;;;;;;;;;;;;;;
22.01.2025;06:52;A 22;1;0;0;0;0;0;0;0;0;0;0;0;0;0;0;0;0;0;0;0;0;0;0;0;0;0;0;4;8;0;0;0;0;3;2;0;0;0;0;0;0;1;9;1;1;0;0;0;0;0;0;0;0;0;0;1;1;0;0;0;0;0;0;0;0;0;0;0;0;0;0;;;;;;;;;;;;;;;;;;
22.01.2025;06:51;A 22;1;0;0;6;11;0;0;4;5;0;0;0;0;0;0;0;0;0;0;0;0;0;0;1;2;0;0;3;14;0;0;0;0;6;5;0;0;0;0;0;0;1;9;0;0;0;0;0;0;0;0;0;0;0;0;0;0;0;0;0;0;0;0;0;0;0;0;0;0;0;0;;;;;;;;;;;;;;;;;;
22.01.2025;06:50;A 22;1;0;0;5;9;0;0;3;3;0;0;0;0;0;0;1;1;0;0;0;0;2;1;4;3;0;0;5;13;0;0;0;0;5;4;0;0;0;0;0;0;0;0;0;0;1;1;0;0;0;0;0;0;0;0;0;0;0;0;0;0;0;0;0;0;0;0;0;0;0;0;;;;;;;;;;;;;;;;;;
22.01.2025;06:49;A 22;1;0;0;4;45;0;0;2;3;0;0;0;0;0;0;1;21;0;0;0;0;1;24;1;11;0;0;4;5;0;0;0;0;3;2;0;0;0;0;0;0;1;3;0;0;1;1;0;0;0;0;0;0;0;0;0;0;0;0;0;0;0;0;0;0;0;0;0;0;0;0;;;;;;;;;;;;;;;;;;
22.01.2025;06:48;A 22;1;0;0;4;9;0;0;2;3;0;0;0;0;1;1;0;0;1;6;0;0;0;0;1;5;0;0;5;7;0;0;0;0;4;3;0;0;0;0;0;0;0;0;0;0;1;1;0;0;0;0;0;0;0;0;0;0;0;0;0;0;0;0;0;0;0;0;0;0;0;0;;;;;;;;;;;;;;;;;;
22.01.2025;06:47;A 22;1;0;0;2;4;0;0;1;1;0;0;0;0;0;0;1;46;0;0;0;0;1;53;2;2;0;0;1;42;0;0;0;0;3;3;1;1;0;0;1;5;0;0;0;0;0;0;0;0;1;1;0;0;0;0;0;0;0;0;0;0;0;0;0;0;0;0;0;0;0;0;;;;;;;;;;;;;;;;;;
22.01.2025;06:46;A 22;1;0;0;7;9;0;0;5;4;0;0;0;9;0;0;1;45;0;0;0;0;1;41;0;0;0;0;1;1;0;0;0;0;1;0;0;0;2;12;0;0;1;37;0;0;0;0;0;0;0;0;0;0;0;0;0;0;0;0;0;0;0;0;0;0;0;0;0;0;0;0;;;;;;;;;;;;;;;;;;
22.01.2025;06:45;A 22;1;0;0;4;4;0;0;2;1;0;0;0;100;0;0;1;3;0;0;0;32;1;6;0;0;0;0;4;15;0;0;0;0;6;5;1;51;1;49;0;0;1;80;0;0;0;0;0;0;0;0;0;0;0;0;0;0;0;0;0;0;0;0;0;0;0;0;0;0;0;0;;;;;;;;;;;;;;;;;;
22.01.2025;06:44;A 22;1;0;0;5;13;0;0;3;3;0;0;1;23;0;0;3;23;0;0;1;27;0;67;0;0;0;0;3;5;0;0;0;0;3;2;0;0;0;0;0;0;1;13;0;0;0;0;0;0;0;0;0;0;0;0;0;0;0;0;0;0;0;0;0;0;0;0;0;0;0;0;;;;;;;;;;;;;;;;;;
22.01.2025;06:43;A 22;1;0;0;0;0;0;0;0;0;0;0;0;0;0;0;1;55;0;0;0;0;2;35;1;6;0;0;0;0;0;0;0;0;0;0;0;0;1;15;0;0;1;19;0;0;0;0;0;0;0;0;0;0;0;0;0;0;0;0;0;0;0;0;0;0;0;0;0;0;0;0;;;;;;;;;;;;;;;;;;
22.01.2025;06:42;A 22;1;0;0;5;7;0;0;3;2;0;0;0;0;0;0;0;0;0;0;0;0;0;0;1;2;0;0;2;20;0;0;0;0;7;6;0;0;1;60;0;0;0;100;0;0;0;0;0;0;0;0;0;0;0;0;0;0;0;0;0;0;0;0;0;0;0;0;0;0;0;0;;;;;;;;;;;;;;;;;;
22.01.2025;06:41;A 22;1;0;0;6;11;0;0;3;3;0;0;0;0;0;0;1;58;0;0;0;0;0;57;0;0;0;0;3;13;0;0;0;0;4;3;0;0;0;54;0;0;0;100;0;0;1;1;0;0;0;0;0;0;0;0;0;0;0;0;0;0;0;0;0;0;0;0;0;0;0;0;;;;;;;;;;;;;;;;;;
22.01.2025;06:40;A 22;1;0;0;2;10;0;0;1;0;0;0;0;0;0;0;0;100;0;0;0;0;0;100;0;0;0;0;1;12;0;0;0;0;2;1;0;0;1;10;0;0;0;100;0;0;0;0;0;0;0;0;0;0;0;0;0;0;0;0;0;0;0;0;0;0;0;0;0;0;0;0;;;;;;;;;;;;;;;;;;
22.01.2025;06:39;A 22;1;0;0;3;37;1;0;4;10;0;0;1;23;0;0;1;0;0;0;1;29;2;14;2;10;0;0;1;43;0;0;0;0;3;3;0;0;1;1;0;0;1;19;0;0;0;0;0;0;0;0;0;0;0;0;0;0;0;0;0;0;0;0;0;0;0;0;0;0;0;0;;;;;;;;;;;;;;;;;;
22.01.2025;06:38;A 22;1;0;0;8;13;0;0;5;5;0;0;0;0;0;0;0;0;0;0;0;0;0;0;0;0;0;0;2;7;0;0;0;0;3;2;0;0;0;0;0;0;0;0;0;0;0;0;0;0;0;0;0;0;0;0;0;0;0;0;0;0;0;0;0;0;0;0;0;0;0;0;;;;;;;;;;;;;;;;;;
22.01.2025;06:37;A 22;1;0;0;1;5;0;0;1;2;0;0;1;1;2;1;1;8;1;2;1;4;0;12;0;0;0;0;0;0;0;0;0;0;0;0;0;0;0;6;0;0;2;5;0;0;0;0;0;0;0;0;0;0;0;0;0;0;0;0;0;0;0;0;0;0;0;0;0;0;0;0;;;;;;;;;;;;;;;;;;
22.01.2025;06:36;A 22;1;0;0;6;17;0;0;5;6;0;0;0;0;0;0;1;73;0;0;1;15;1;79;0;0;0;0;9;32;0;0;0;0;13;11;0;0;1;48;0;0;1;7;0;0;1;1;0;0;0;0;1;1;0;0;0;0;0;0;0;0;0;0;0;0;0;0;0;0;0;0;;;;;;;;;;;;;;;;;;
22.01.2025;06:35;A 22;1;0;3;7;25;0;0;4;5;0;0;1;58;1;3;1;57;0;0;0;62;1;12;0;0;0;0;2;6;0;0;0;0;3;2;0;0;1;0;0;0;0;0;0;0;1;1;0;0;0;0;0;0;0;0;0;0;0;0;0;0;0;0;0;0;0;0;0;0;0;0;;;;;;;;;;;;;;;;;;
22.01.2025;06:34;A 22;1;1;0;0;0;0;0;0;0;0;0;1;99;1;1;1;62;1;3;0;100;1;9;0;0;0;0;2;1;0;0;0;0;1;0;0;0;0;0;0;0;0;0;0;0;0;0;0;0;0;0;0;0;0;0;0;0;0;0;0;0;0;0;0;0;0;0;0;0;0;0;;;;;;;;;;;;;;;;;;
22.01.2025;06:33;A 22;1;0;0;5;6;0;0;2;1;0;0;0;0;0;0;0;86;0;0;1;4;0;85;0;0;0;0;3;7;0;0;0;0;2;1;0;0;0;0;0;0;0;0;0;0;0;0;0;0;0;0;0;0;0;0;0;0;0;0;0;0;0;0;0;0;0;0;0;0;0;0;;;;;;;;;;;;;;;;;;
22.01.2025;06:32;A 22;1;0;0;3;6;0;0;2;1;0;0;0;0;0;0;1;35;0;0;0;0;1;39;0;0;0;0;1;2;0;0;0;0;2;1;0;0;0;0;0;0;0;0;0;0;0;0;0;0;0;0;0;0;0;0;0;0;0;0;0;0;0;0;0;0;0;0;0;0;0;0;;;;;;;;;;;;;;;;;;
22.01.2025;06:31;A 22;1;0;0;1;3;0;0;1;1;0;0;0;0;0;0;0;0;0;0;0;0;0;0;0;0;0;0;2;7;0;0;0;0;3;2;0;0;0;0;0;0;0;0;0;0;0;0;0;0;0;0;0;0;0;0;0;0;0;0;0;0;0;0;0;0;0;0;0;0;0;0;;;;;;;;;;;;;;;;;;
22.01.2025;06:30;A 22;1;0;0;6;8;0;0;3;2;0;0;0;55;0;0;0;0;0;0;0;34;0;0;0;0;0;0;3;9;0;0;0;0;3;3;0;0;0;0;0;0;0;0;0;0;0;0;0;0;0;0;0;0;0;0;0;0;0;0;0;0;0;0;0;0;0;0;0;0;0;0;;;;;;;;;;;;;;;;;;
22.01.2025;06:29;A 22;1;0;0;0;0;0;0;0;0;0;0;1;66;0;0;0;62;0;0;2;70;0;0;0;0;0;0;1;1;0;0;0;0;1;0;0;0;0;0;0;0;0;0;0;0;0;0;0;0;0;0;0;0;0;0;0;0;0;0;0;0;0;0;0;0;0;0;0;0;0;0;;;;;;;;;;;;;;;;;;
22.01.2025;06:28;A 22;1;0;0;3;6;0;0;2;1;0;0;1;40;0;0;1;35;0;0;1;47;0;0;0;0;0;0;1;7;0;0;0;0;1;1;0;0;0;0;0;0;0;0;0;0;0;0;0;0;0;0;0;0;0;0;0;0;0;0;0;0;0;0;0;0;0;0;0;0;0;0;;;;;;;;;;;;;;;;;;
22.01.2025;06:27;A 22;1;0;0;2;1;0;0;1;0;0;0;0;17;0;0;1;13;0;0;0;17;1;8;0;0;0;0;2;4;0;0;0;0;3;2;0;0;1;1;0;0;1;5;0;0;0;0;0;0;0;0;0;0;0;0;0;0;0;0;0;0;0;0;0;0;0;0;0;0;0;0;;;;;;;;;;;;;;;;;;
22.01.2025;06:26;A 22;1;0;0;12;19;0;0;7;5;0;0;1;9;1;0;0;2;1;2;1;16;0;0;0;0;0;0;5;14;0;0;0;0;5;4;1;1;1;1;1;1;1;6;0;0;0;0;0;0;0;0;0;0;0;0;0;0;0;0;0;0;0;0;0;0;0;0;0;0;0;0;;;;;;;;;;;;;;;;;;
22.01.2025;06:25;A 22;1;0;0;2;2;0;0;1;1;0;0;0;99;0;0;1;42;0;0;0;23;1;47;2;5;0;0;1;7;0;0;0;0;3;2;0;0;0;0;0;0;0;0;0;0;0;0;0;0;0;0;0;0;0;0;0;0;0;0;0;0;0;0;0;0;0;0;0;0;0;0;;;;;;;;;;;;;;;;;;
22.01.2025;06:24;A 22;1;0;0;4;8;0;0;2;2;0;0;1;3;0;0;0;0;0;0;1;5;0;0;1;4;0;0;1;8;0;0;0;0;3;2;0;0;0;0;0;0;0;0;0;0;1;1;0;0;0;0;0;0;0;0;0;0;0;0;0;0;0;0;0;0;0;0;0;0;0;0;;;;;;;;;;;;;;;;;;
22.01.2025;06:23;A 22;1;0;0;4;6;0;0;2;1;0;0;0;0;0;0;0;62;0;0;0;0;0;62;0;0;0;0;4;6;0;0;0;0;3;2;1;1;0;0;1;5;2;7;0;0;0;0;0;0;0;0;0;0;0;0;0;0;0;0;0;0;0;0;0;0;0;0;0;0;0;0;;;;;;;;;;;;;;;;;;
22.01.2025;06:22;A 22;1;0;0;0;0;0;0;0;0;0;0;0;0;0;0;1;46;0;0;0;0;1;52;1;1;0;0;1;2;0;0;0;0;1;0;0;0;0;0;0;0;0;0;0;0;0;0;0;0;0;0;0;0;0;0;0;0;0;0;0;0;0;0;0;0;0;0;0;0;0;0;;;;;;;;;;;;;;;;;;
22.01.2025;06:21;A 22;1;0;0;2;2;0;0;1;0;0;0;0;34;0;0;0;0;0;0;0;0;0;0;1;6;1;4;2;2;0;0;1;0;3;2;0;0;0;0;0;0;0;0;0;0;0;0;1;1;0;0;0;0;0;0;0;0;0;0;0;0;0;0;0;0;0;0;0;0;0;0;;;;;;;;;;;;;;;;;;
22.01.2025;06:20;A 22;1;0;0;7;13;1;0;5;4;0;0;1;47;0;0;1;2;0;0;1;8;1;4;0;0;0;0;1;3;0;0;0;0;3;2;0;0;1;11;0;0;0;7;0;0;0;0;0;0;0;0;0;0;0;0;0;0;0;0;0;0;0;0;0;0;0;0;0;0;0;0;;;;;;;;;;;;;;;;;;
22.01.2025;06:19;A 22;1;1;2;2;2;1;0;1;0;0;0;0;0;0;0;0;0;0;0;0;0;0;0;2;7;0;0;2;9;0;0;0;0;3;2;0;0;0;0;0;0;1;1;1;1;0;0;0;0;0;0;0;0;0;0;0;0;0;0;0;0;0;0;0;0;0;0;0;0;0;0;;;;;;;;;;;;;;;;;;
22.01.2025;06:18;A 22;1;0;0;2;2;0;0;1;0;0;0;0;0;0;0;2;2;0;0;0;0;1;3;0;0;0;0;2;10;0;0;1;0;2;2;0;0;0;0;0;0;0;0;0;0;0;0;0;0;0;0;0;0;0;0;0;0;0;0;0;0;0;0;0;0;0;0;0;0;0;0;;;;;;;;;;;;;;;;;;
22.01.2025;06:17;A 22;1;0;0;6;11;0;0;4;3;0;0;0;0;0;0;1;46;0;0;0;0;1;2;1;4;0;0;3;11;0;0;0;0;5;3;0;0;0;0;0;0;0;0;0;0;0;0;0;0;0;0;0;0;0;0;0;0;0;0;0;0;0;0;0;0;0;0;0;0;0;0;;;;;;;;;;;;;;;;;;
22.01.2025;06:16;A 22;1;0;0;3;6;0;0;2;1;0;0;0;0;0;0;0;0;0;0;0;0;0;0;0;0;0;0;3;6;0;0;0;0;3;2;0;0;0;0;0;0;1;31;0;0;0;0;0;0;0;0;0;0;0;0;0;0;0;0;0;0;0;0;0;0;0;0;0;0;0;0;;;;;;;;;;;;;;;;;;
22.01.2025;06:15;A 22;1;0;0;3;6;0;0;2;2;0;0;0;0;0;0;1;42;0;0;0;0;1;45;0;2;0;0;1;2;0;0;0;0;1;0;0;0;0;0;0;0;0;0;0;0;0;0;0;0;0;0;0;0;0;0;0;0;0;0;0;0;0;0;0;0;0;0;0;0;0;0;;;;;;;;;;;;;;;;;;
22.01.2025;06:14;A 22;1;0;0;5;9;0;0;2;2;0;0;0;0;1;0;1;52;0;0;0;0;2;59;3;8;0;0;1;2;0;0;0;0;1;0;0;0;0;22;0;0;0;0;0;0;0;0;0;0;0;0;0;0;0;0;0;0;0;0;0;0;0;0;0;0;0;0;0;0;0;0;;;;;;;;;;;;;;;;;;
22.01.2025;06:13;A 22;1;0;0;0;0;0;0;0;0;0;0;0;0;0;0;1;84;0;0;0;0;1;66;0;0;0;0;0;0;0;0;0;0;0;0;0;0;1;0;0;0;1;6;0;0;0;0;0;0;0;0;0;0;0;0;0;0;0;0;0;0;0;0;0;0;0;0;0;0;0;0;;;;;;;;;;;;;;;;;;
22.01.2025;06:12;A 22;1;0;0;6;8;0;0;3;3;0;0;0;0;0;0;1;62;0;0;0;0;1;6;1;5;0;0;2;10;0;0;0;0;3;2;0;0;0;0;0;0;0;0;0;0;0;0;0;0;0;0;0;0;0;0;0;0;0;0;0;0;0;0;0;0;0;0;0;0;0;0;;;;;;;;;;;;;;;;;;
22.01.2025;06:11;A 22;1;0;0;1;2;0;0;1;0;0;0;0;0;1;0;0;0;1;3;0;0;0;0;0;0;0;0;1;2;0;0;0;0;1;0;0;0;0;0;0;0;0;0;0;0;0;0;0;0;0;0;0;0;0;0;0;0;0;0;0;0;0;0;0;0;0;0;0;0;0;0;;;;;;;;;;;;;;;;;;
22.01.2025;06:10;A 22;1;0;0;0;0;0;0;0;0;0;0;0;0;0;0;0;0;0;0;0;0;0;0;0;0;0;0;1;2;0;0;0;0;1;0;0;0;0;0;0;0;0;0;0;0;0;0;0;0;0;0;0;0;0;0;0;0;0;0;0;0;0;0;0;0;0;0;0;0;0;0;;;;;;;;;;;;;;;;;;
22.01.2025;06:09;A 22;1;0;0;4;4;0;0;2;1;0;0;0;0;0;0;0;0;0;0;0;0;0;0;1;4;0;0;4;7;0;0;0;0;3;2;0;0;0;0;0;0;0;0;0;0;0;0;0;0;0;0;0;0;0;0;0;0;0;0;0;0;0;0;0;0;0;0;0;0;0;0;;;;;;;;;;;;;;;;;;
22.01.2025;06:08;A 22;1;0;0;0;0;0;0;0;0;0;0;0;0;1;0;0;0;1;6;0;0;0;0;0;0;2;4;2;8;0;0;1;0;3;2;0;0;0;0;0;0;0;0;0;0;0;0;0;0;0;0;0;0;0;0;0;0;0;0;0;0;0;0;0;0;0;0;0;0;0;0;;;;;;;;;;;;;;;;;;
22.01.2025;06:07;A 22;1;0;0;2;2;0;0;1;0;0;0;0;0;0;0;0;0;0;0;0;0;0;0;0;0;0;0;0;0;0;0;0;0;0;0;0;0;0;0;0;0;0;0;0;0;0;0;0;0;0;0;0;0;0;0;0;0;0;0;0;0;0;0;0;0;0;0;0;0;0;0;;;;;;;;;;;;;;;;;;
22.01.2025;06:06;A 22;1;0;0;2;4;0;0;2;1;0;0;0;0;0;0;0;5;0;0;0;0;0;0;0;0;0;0;2;3;0;0;0;0;2;1;0;0;0;0;0;0;0;0;0;0;0;0;0;0;0;0;0;0;0;0;0;0;0;0;0;0;0;0;0;0;0;0;0;0;0;0;;;;;;;;;;;;;;;;;;
22.01.2025;06:05;A 22;1;0;0;0;0;0;0;0;0;0;0;0;0;0;0;1;27;0;0;0;0;1;6;1;1;0;0;3;4;0;0;0;0;2;2;0;0;0;0;0;0;0;0;0;0;0;0;0;0;0;0;0;0;0;0;0;0;0;0;0;0;0;0;0;0;0;0;0;0;0;0;;;;;;;;;;;;;;;;;;
22.01.2025;06:04;A 22;1;0;0;0;0;0;0;0;0;0;0;0;0;0;0;0;0;0;0;0;0;0;0;0;0;0;0;1;2;0;0;0;0;1;0;0;0;0;0;0;0;0;0;0;0;0;0;0;0;0;0;0;0;0;0;0;0;0;0;0;0;0;0;0;0;0;0;0;0;0;0;;;;;;;;;;;;;;;;;;
22.01.2025;06:03;A 22;1;0;0;1;8;0;0;2;3;0;0;0;0;0;0;0;0;0;0;0;0;0;0;0;0;0;0;0;0;0;0;0;0;0;0;0;0;0;0;0;0;0;0;0;0;0;0;0;0;0;0;0;0;0;0;0;0;0;0;0;0;0;0;0;0;0;0;0;0;0;0;;;;;;;;;;;;;;;;;;
22.01.2025;06:02;A 22;1;0;0;0;0;0;0;0;0;0;0;0;0;0;0;0;0;0;0;0;0;0;0;0;0;0;0;3;5;0;0;0;0;2;1;0;0;0;0;0;0;0;0;0;0;0;0;0;0;0;0;0;0;0;0;0;0;0;0;0;0;0;0;0;0;0;0;0;0;0;0;;;;;;;;;;;;;;;;;;
22.01.2025;06:01;A 22;1;0;0;2;4;0;0;1;1;0;0;0;0;0;0;0;90;0;0;0;0;0;88;0;0;1;4;2;9;0;0;1;0;3;3;0;0;0;0;0;0;0;0;0;0;0;0;0;0;0;0;0;0;0;0;0;0;0;0;0;0;0;0;0;0;0;0;0;0;0;0;;;;;;;;;;;;;;;;;;
22.01.2025;06:00;A 22;1;0;0;2;5;0;0;1;1;0;0;1;38;2;1;1;6;0;0;1;79;1;11;0;0;0;0;1;5;0;0;0;0;3;2;0;0;0;0;0;0;0;0;0;0;0;0;0;0;0;0;0;0;0;0;0;0;0;0;0;0;0;0;0;0;0;0;0;0;0;0;;;;;;;;;;;;;;;;;;
22.01.2025;05:59;A 22;1;3;4;1;2;1;0;1;0;0;0;1;98;1;1;0;0;0;0;1;97;0;0;0;0;1;1;2;2;0;0;1;0;2;1;0;0;0;0;0;0;0;0;0;0;0;0;0;0;0;0;0;0;0;0;0;0;0;0;0;0;1;1;0;0;0;0;0;0;0;0;;;;;;;;;;;;;;;;;;
22.01.2025;05:58;A 22;1;0;0;1;3;0;0;1;0;0;0;0;0;0;0;0;0;0;0;1;2;0;0;1;2;0;0;2;4;0;0;0;0;2;1;0;0;0;0;0;0;0;0;0;0;0;0;0;0;0;0;0;0;0;0;0;0;0;0;0;0;0;0;0;0;0;0;0;0;0;0;;;;;;;;;;;;;;;;;;
22.01.2025;05:57;A 22;1;0;0;2;4;0;0;1;1;0;0;0;0;0;0;1;37;0;0;0;0;1;34;0;0;0;0;3;22;0;0;0;0;5;6;0;2;0;16;0;4;0;1;0;0;0;0;0;0;0;0;0;0;0;0;0;0;0;0;0;0;0;0;0;0;0;0;0;0;0;0;;;;;;;;;;;;;;;;;;
22.01.2025;05:56;A 22;1;0;0;0;0;0;0;0;0;0;0;0;0;0;0;1;10;0;0;0;0;1;7;0;0;0;0;2;3;0;0;0;0;3;2;1;0;1;0;1;4;1;12;0;0;0;0;0;0;0;0;0;0;0;0;0;0;0;0;0;0;0;0;0;0;0;0;0;0;0;0;;;;;;;;;;;;;;;;;;
22.01.2025;05:55;A 22;1;0;0;3;6;0;0;2;1;0;0;0;0;0;0;0;0;0;0;0;0;0;0;2;9;0;0;1;8;0;0;1;0;3;2;0;0;0;0;0;0;0;0;0;0;0;0;0;0;0;0;0;0;0;0;0;0;0;0;0;0;0;0;0;0;0;0;0;0;0;0;;;;;;;;;;;;;;;;;;
22.01.2025;05:54;A 22;1;0;0;2;2;0;0;1;0;0;0;0;0;0;0;0;8;0;0;0;0;0;0;0;0;0;0;1;1;0;0;0;0;1;0;0;0;0;0;0;0;0;0;0;0;0;0;0;0;0;0;0;0;0;0;0;0;0;0;0;0;0;0;0;0;0;0;0;0;0;0;;;;;;;;;;;;;;;;;;
22.01.2025;05:53;A 22;1;0;0;2;2;0;0;1;0;0;0;0;0;0;0;1;14;0;0;0;0;1;3;0;0;0;0;4;6;0;0;0;0;3;2;0;0;0;0;0;0;0;0;0;0;0;0;0;0;0;0;0;0;0;0;0;0;0;0;0;0;0;0;0;0;0;0;0;0;0;0;;;;;;;;;;;;;;;;;;
22.01.2025;05:52;A 22;1;0;0;0;0;0;0;0;0;0;0;0;0;0;0;0;0;0;0;0;0;0;0;0;0;0;0;1;1;0;0;0;0;1;0;0;0;0;0;0;0;0;0;0;0;0;0;0;0;0;0;0;0;0;0;0;0;0;0;0;0;0;0;0;0;0;0;0;0;0;0;;;;;;;;;;;;;;;;;;
22.01.2025;05:51;A 22;1;0;0;5;6;0;0;2;1;0;0;0;10;0;0;0;0;0;0;0;11;0;0;0;0;0;0;2;5;0;0;0;0;3;2;0;0;0;0;0;0;0;0;0;0;0;0;0;0;0;0;0;0;0;0;0;0;0;0;0;0;0;0;0;0;0;0;0;0;0;0;;;;;;;;;;;;;;;;;;
22.01.2025;05:50;A 22;1;0;0;0;0;0;0;0;0;0;0;1;29;0;0;0;0;0;0;1;34;0;0;0;0;0;0;0;0;0;0;0;0;0;0;0;0;0;0;0;0;0;0;0;0;0;0;0;0;0;0;0;0;0;0;0;0;0;0;0;0;0;0;0;0;0;0;0;0;0;0;;;;;;;;;;;;;;;;;;
22.01.2025;05:49;A 22;1;0;0;0;0;0;0;1;0;0;0;0;0;0;0;1;2;0;0;0;0;0;0;1;1;2;4;2;5;0;0;2;1;2;2;0;0;0;0;0;0;0;0;0;0;0;0;0;0;0;0;0;0;0;0;0;0;0;0;0;0;0;0;0;0;0;0;0;0;0;0;;;;;;;;;;;;;;;;;;
22.01.2025;05:48;A 22;1;0;0;2;13;0;0;2;2;0;0;0;0;0;0;0;0;0;0;0;0;0;0;0;0;1;3;3;13;0;0;0;0;3;3;0;0;0;0;0;0;0;0;0;0;0;0;0;0;0;0;0;0;0;0;0;0;0;0;0;0;0;0;0;0;0;0;0;0;0;0;;;;;;;;;;;;;;;;;;
22.01.2025;05:47;A 22;1;0;0;0;0;0;0;0;0;0;0;0;0;0;0;0;0;0;0;0;0;0;0;1;3;0;0;0;0;0;0;0;0;0;0;0;0;0;0;0;0;0;0;1;1;0;0;0;0;0;0;0;0;0;0;0;0;0;0;0;0;0;0;0;0;0;0;0;0;0;0;;;;;;;;;;;;;;;;;;
22.01.2025;05:46;A 22;1;0;0;3;11;0;0;2;2;0;0;0;0;1;1;0;0;1;3;0;0;0;0;0;0;0;0;2;6;0;0;0;0;2;1;0;0;0;0;0;0;0;0;0;0;0;0;0;0;0;0;0;0;0;0;0;0;0;0;0;0;0;0;0;0;0;0;0;0;0;0;;;;;;;;;;;;;;;;;;
22.01.2025;05:45;A 22;1;0;0;2;1;0;0;1;0;0;0;0;0;0;0;1;1;0;0;0;0;1;6;0;0;0;0;1;3;0;0;0;0;1;1;0;0;0;0;0;0;0;0;0;0;0;0;0;0;1;1;0;0;0;0;0;0;0;0;0;0;1;1;0;0;0;0;0;0;0;0;;;;;;;;;;;;;;;;;;
22.01.2025;05:44;A 22;1;0;0;0;0;0;0;0;0;0;0;0;0;0;0;0;0;0;0;0;0;0;0;1;4;0;0;5;8;0;0;0;0;4;3;0;0;0;0;0;0;0;0;0;0;0;0;0;0;0;0;0;0;0;0;0;0;0;0;0;0;0;0;0;0;0;0;0;0;0;0;;;;;;;;;;;;;;;;;;
22.01.2025;05:43;A 22;1;0;0;1;6;0;0;1;1;0;0;0;0;0;0;0;0;0;0;0;0;0;0;0;78;0;0;2;33;0;0;1;3;4;4;0;0;0;0;0;0;0;0;0;0;0;0;0;0;0;0;0;0;0;0;0;0;0;0;0;0;0;0;0;0;0;0;0;0;0;0;;;;;;;;;;;;;;;;;;
22.01.2025;05:42;A 22;1;0;0;0;0;0;0;0;0;0;0;0;0;0;0;1;49;0;0;0;0;1;7;0;100;0;0;0;0;0;0;0;0;0;0;0;0;0;0;0;0;0;0;0;0;0;0;0;0;0;0;0;0;0;0;0;0;0;0;0;0;0;0;0;0;0;0;0;0;0;0;;;;;;;;;;;;;;;;;;
22.01.2025;05:41;A 22;1;0;0;5;7;0;0;2;2;0;0;0;0;0;0;0;0;0;0;0;0;0;0;1;51;0;0;2;3;0;0;0;0;2;1;0;0;0;0;0;0;0;0;0;0;0;0;0;0;0;0;0;0;0;0;0;0;0;0;0;0;0;0;0;0;0;0;0;0;0;0;;;;;;;;;;;;;;;;;;
22.01.2025;05:40;A 22;1;0;0;0;0;0;0;0;0;0;0;0;16;1;0;0;0;1;3;1;1;0;0;0;0;0;0;2;17;0;0;0;0;2;2;0;0;0;0;0;0;0;0;0;0;0;0;0;0;0;0;0;0;0;0;0;0;0;0;0;0;0;0;0;0;0;0;0;0;0;0;;;;;;;;;;;;;;;;;;
22.01.2025;05:39;A 22;1;0;0;2;1;0;0;1;0;0;0;1;11;0;0;0;0;0;0;1;10;0;0;2;4;0;0;0;0;0;0;1;0;0;0;0;0;0;0;0;0;0;0;0;0;0;0;0;0;0;0;0;0;0;0;0;0;0;0;0;0;0;0;0;0;0;0;0;0;0;0;;;;;;;;;;;;;;;;;;
22.01.2025;05:38;A 22;1;0;0;0;0;0;0;0;0;0;0;0;0;0;0;0;0;0;0;0;0;0;0;2;1;0;0;0;0;0;0;0;0;0;0;1;1;0;0;1;5;1;4;0;0;0;0;0;0;0;0;0;0;0;0;0;0;0;0;0;0;0;0;0;0;0;0;0;0;0;0;;;;;;;;;;;;;;;;;;
22.01.2025;05:37;A 22;1;0;0;0;0;0;0;0;0;0;0;0;0;0;0;0;0;0;0;0;0;0;0;0;0;0;0;4;3;0;0;0;0;2;1;0;0;0;0;0;0;0;0;0;0;0;0;0;0;0;0;0;0;0;0;0;0;0;0;0;0;0;0;0;0;0;0;0;0;0;0;;;;;;;;;;;;;;;;;;
22.01.2025;05:36;A 22;1;0;0;0;0;0;0;0;0;0;0;0;0;1;1;1;22;0;4;0;0;2;29;0;0;0;0;3;5;0;0;0;0;2;1;0;0;0;0;0;0;0;0;0;0;0;0;0;0;0;0;0;0;0;0;0;0;0;0;0;0;0;0;0;0;0;0;0;0;0;0;;;;;;;;;;;;;;;;;;
22.01.2025;05:35;A 22;1;0;0;1;2;0;0;1;0;0;0;0;0;0;0;0;0;1;0;0;0;0;0;3;3;0;0;3;7;0;0;0;0;3;2;0;0;0;0;0;0;0;0;0;0;0;0;0;0;0;0;0;0;0;0;0;0;0;0;0;0;0;0;0;0;0;0;0;0;0;0;;;;;;;;;;;;;;;;;;
22.01.2025;05:34;A 22;1;0;0;0;0;0;0;0;0;0;0;0;0;0;0;0;0;0;0;0;0;0;0;2;2;0;0;1;9;0;0;0;0;3;2;0;0;0;0;0;0;0;0;0;0;0;0;0;0;0;0;0;0;0;0;0;0;0;0;0;0;0;0;0;0;0;0;0;0;0;0;;;;;;;;;;;;;;;;;;
22.01.2025;05:33;A 22;1;0;0;2;8;0;0;2;1;0;0;1;5;1;1;1;1;0;0;1;11;0;0;0;0;0;0;1;2;0;0;0;0;1;0;0;0;1;22;1;24;1;9;0;0;0;0;0;0;0;0;0;0;0;0;0;0;0;0;0;0;0;0;0;0;0;0;0;0;0;0;;;;;;;;;;;;;;;;;;
22.01.2025;05:32;A 22;1;0;0;1;4;0;0;1;1;0;0;0;0;0;0;0;0;0;0;0;0;0;0;0;0;0;0;1;1;0;0;0;0;1;1;0;0;0;0;0;0;0;0;0;0;0;0;0;0;0;0;0;0;0;0;0;0;0;0;0;0;0;0;0;0;0;0;0;0;0;0;;;;;;;;;;;;;;;;;;
22.01.2025;05:31;A 22;1;0;0;0;0;0;0;0;0;0;0;0;8;0;0;0;0;0;0;0;0;0;0;0;0;0;0;0;0;0;0;0;0;0;0;0;0;0;0;0;0;0;0;0;0;0;0;0;0;0;0;0;0;0;0;0;0;0;0;0;0;0;0;0;0;0;0;0;0;0;0;;;;;;;;;;;;;;;;;;
22.01.2025;05:30;A 22;1;0;0;4;7;0;0;3;2;0;0;1;14;0;0;0;0;0;0;1;7;0;0;0;0;0;0;0;0;0;0;0;0;0;0;0;0;0;0;0;0;0;0;0;0;0;0;0;0;0;0;0;0;0;0;0;0;0;0;0;0;0;0;0;0;0;0;0;0;0;0;;;;;;;;;;;;;;;;;;
22.01.2025;05:29;A 22;1;0;0;0;0;0;0;0;0;0;0;0;0;0;0;0;0;0;0;0;0;0;0;0;0;0;0;2;1;0;0;0;0;1;0;0;0;0;0;0;0;0;0;0;0;0;0;0;0;0;0;0;0;0;0;0;0;0;0;0;0;0;0;0;0;0;0;0;0;0;0;;;;;;;;;;;;;;;;;;
22.01.2025;05:28;A 22;1;0;0;0;0;0;0;0;0;0;0;1;24;0;0;0;0;0;0;1;32;0;0;1;6;0;0;3;24;0;0;0;0;3;5;0;0;0;0;0;0;0;0;0;0;0;0;0;0;0;0;0;0;0;0;0;0;0;0;0;0;0;0;0;0;0;0;0;0;0;0;;;;;;;;;;;;;;;;;;
22.01.2025;05:27;A 22;1;0;0;0;0;0;0;0;0;0;0;0;0;0;0;0;0;0;0;0;0;0;0;0;0;0;0;3;8;0;0;0;0;2;1;0;0;0;0;0;0;0;0;0;0;0;0;0;0;0;0;0;0;0;0;0;0;0;0;0;0;0;0;0;0;0;0;0;0;0;0;;;;;;;;;;;;;;;;;;
22.01.2025;05:26;A 22;1;0;0;0;0;0;0;0;0;0;0;0;0;0;0;0;0;0;0;1;2;0;0;0;0;0;0;0;0;0;0;0;0;1;0;0;0;1;1;1;8;1;6;0;0;0;0;0;0;0;0;0;0;0;0;0;0;0;0;0;0;0;0;0;0;0;0;0;0;0;0;;;;;;;;;;;;;;;;;;
22.01.2025;05:25;A 22;1;0;0;0;0;0;0;0;0;0;0;0;0;0;0;0;0;0;0;0;0;0;0;0;0;0;0;1;2;0;0;0;0;1;0;0;0;0;0;0;0;0;0;0;0;0;0;0;0;0;0;0;0;0;0;0;0;0;0;0;0;0;0;0;0;0;0;0;0;0;0;;;;;;;;;;;;;;;;;;
22.01.2025;05:24;A 22;1;0;0;2;2;0;0;1;0;0;0;0;0;0;0;0;0;0;0;0;0;0;0;0;0;0;0;0;0;0;0;0;0;0;0;0;0;0;0;0;0;0;0;0;0;0;0;0;0;0;0;0;0;0;0;0;0;0;0;0;0;0;0;0;0;0;0;0;0;0;0;;;;;;;;;;;;;;;;;;
22.01.2025;05:23;A 22;1;0;0;0;0;0;0;0;0;0;0;0;0;0;0;0;0;0;0;0;0;0;0;1;2;0;0;2;6;0;0;0;0;2;2;1;1;0;0;0;0;0;0;0;0;0;0;0;0;0;0;0;0;0;0;0;0;0;0;0;0;0;0;0;0;0;0;0;0;0;0;;;;;;;;;;;;;;;;;;
22.01.2025;05:22;A 22;1;0;0;1;3;0;0;1;0;0;0;0;0;0;0;0;0;0;0;0;0;0;0;0;0;0;0;0;0;0;0;0;0;0;0;0;0;0;0;0;0;0;0;0;0;0;0;0;0;0;0;0;0;0;0;0;0;0;0;0;0;0;0;0;0;0;0;0;0;0;0;;;;;;;;;;;;;;;;;;
22.01.2025;05:21;A 22;1;0;0;0;0;0;0;0;0;0;0;0;0;0;0;0;0;0;0;0;0;0;0;0;0;0;0;2;5;0;0;0;0;2;1;0;0;0;0;0;0;0;0;0;0;0;0;0;0;0;0;0;0;0;0;0;0;0;0;0;0;0;0;0;0;0;0;0;0;0;0;;;;;;;;;;;;;;;;;;
22.01.2025;05:20;A 22;1;1;5;0;0;1;0;0;0;0;0;0;0;0;0;0;0;0;0;0;0;0;0;0;0;0;0;2;5;0;0;0;0;2;1;0;0;0;0;0;0;0;0;0;0;0;0;0;0;0;0;0;0;0;0;0;0;0;0;0;0;0;0;0;0;0;0;0;0;0;0;;;;;;;;;;;;;;;;;;
22.01.2025;05:19;A 22;1;0;0;0;0;0;0;0;0;0;0;0;0;0;0;0;0;0;0;0;0;0;0;0;0;0;0;0;0;0;0;0;0;0;0;0;0;0;0;0;0;0;0;0;0;0;0;0;0;0;0;0;0;0;0;0;0;0;0;0;0;0;0;0;0;0;0;0;0;0;0;;;;;;;;;;;;;;;;;;
22.01.2025;05:18;A 22;1;0;0;3;7;0;0;1;1;0;0;2;42;0;0;0;0;0;0;1;51;0;0;0;0;0;0;1;2;0;0;0;0;1;0;0;0;0;0;0;0;0;0;0;0;0;0;0;0;0;0;0;0;0;0;0;0;0;0;0;0;0;0;0;0;0;0;0;0;0;0;;;;;;;;;;;;;;;;;;
22.01.2025;05:17;A 22;1;0;0;0;0;0;0;0;0;0;0;0;0;0;0;0;0;0;0;1;0;0;0;0;0;0;0;2;4;0;0;0;0;2;1;0;0;0;0;0;0;0;0;0;0;0;0;0;0;0;0;0;0;0;0;0;0;0;0;0;0;0;0;0;0;0;0;0;0;0;0;;;;;;;;;;;;;;;;;;
22.01.2025;05:16;A 22;1;0;0;3;2;0;0;1;0;0;0;0;0;0;0;0;0;0;0;0;0;0;0;0;0;0;0;1;1;0;0;0;0;1;0;0;0;0;0;0;0;0;0;0;0;0;0;0;0;0;0;0;0;0;0;0;0;0;0;0;0;0;0;0;0;0;0;0;0;0;0;;;;;;;;;;;;;;;;;;
22.01.2025;05:15;A 22;1;0;0;0;0;0;0;0;0;0;0;0;0;0;0;0;0;0;0;0;0;0;0;0;0;0;0;1;4;0;0;0;0;1;0;0;0;0;0;0;0;0;0;0;0;0;0;0;0;0;0;0;0;0;0;0;0;0;0;0;0;0;0;0;0;0;0;0;0;0;0;;;;;;;;;;;;;;;;;;
22.01.2025;05:14;A 22;1;0;0;2;2;0;0;1;0;0;0;0;0;0;0;0;0;0;0;0;0;0;0;0;0;0;0;0;0;0;0;0;0;0;0;0;0;0;0;0;0;0;0;0;0;0;0;0;0;0;0;0;0;0;0;0;0;0;0;0;0;0;0;0;0;0;0;0;0;0;0;;;;;;;;;;;;;;;;;;
22.01.2025;05:13;A 22;1;0;0;0;0;0;0;0;0;0;0;0;0;0;0;0;0;0;0;0;0;0;0;0;0;0;0;3;3;0;0;0;0;2;1;0;0;0;0;0;0;0;0;0;0;0;0;0;0;0;0;0;0;0;0;0;0;0;0;0;0;0;0;0;0;0;0;0;0;0;0;;;;;;;;;;;;;;;;;;
22.01.2025;05:12;A 22;1;0;0;0;0;0;0;0;0;0;0;0;0;0;0;0;0;0;0;0;0;0;0;0;0;0;0;2;2;0;0;0;0;2;1;0;0;0;0;0;0;0;0;0;0;0;0;0;0;0;0;0;0;0;0;0;0;0;0;0;0;0;0;0;0;0;0;0;0;0;0;;;;;;;;;;;;;;;;;;
22.01.2025;05:11;A 22;1;0;0;0;0;0;0;0;0;0;0;0;0;0;0;0;0;0;0;0;0;0;0;0;0;0;0;0;0;0;0;0;0;0;0;0;0;0;0;0;0;0;0;0;0;0;0;0;0;0;0;0;0;0;0;0;0;0;0;0;0;0;0;0;0;0;0;0;0;0;0;;;;;;;;;;;;;;;;;;
22.01.2025;05:10;A 22;1;0;0;0;0;0;0;0;0;0;0;0;0;0;0;0;0;0;0;0;0;0;0;0;0;0;0;1;3;0;0;0;0;1;0;0;0;0;0;0;0;0;0;0;0;0;0;0;0;0;0;0;0;0;0;0;0;0;0;0;0;0;0;0;0;0;0;0;0;0;0;;;;;;;;;;;;;;;;;;
22.01.2025;05:09;A 22;1;0;0;2;2;0;0;1;0;0;0;0;0;0;0;0;0;0;0;0;0;0;0;0;0;0;0;1;3;0;0;0;0;1;0;0;0;0;0;0;0;0;0;0;0;0;0;0;0;0;0;0;0;0;0;0;0;0;0;0;0;0;0;0;0;0;0;0;0;0;0;;;;;;;;;;;;;;;;;;
22.01.2025;05:08;A 22;1;0;0;0;0;0;0;0;0;0;0;0;0;0;0;0;0;0;0;0;0;0;0;0;0;0;0;1;0;0;0;0;0;1;0;0;0;0;0;0;0;0;0;0;0;0;0;0;0;0;0;0;0;0;0;0;0;0;0;0;0;0;0;0;0;0;0;0;0;0;0;;;;;;;;;;;;;;;;;;
22.01.2025;05:07;A 22;1;0;0;0;0;0;0;0;0;0;0;0;0;0;0;1;1;0;0;0;0;0;0;0;0;0;0;0;0;0;0;0;0;0;0;0;0;0;0;0;0;0;0;0;0;0;0;0;0;0;0;0;0;0;0;0;0;0;0;0;0;0;0;0;0;0;0;0;0;0;0;;;;;;;;;;;;;;;;;;
22.01.2025;05:06;A 22;1;0;0;0;0;0;0;0;0;0;0;0;0;0;0;0;0;0;0;0;0;0;0;0;0;1;7;1;6;0;0;0;0;1;1;0;0;0;0;0;0;0;0;0;0;0;0;0;0;0;0;0;0;0;0;0;0;0;0;0;0;0;0;1;1;0;0;0;0;0;0;;;;;;;;;;;;;;;;;;
22.01.2025;05:05;A 22;1;0;0;0;0;0;0;0;0;0;0;0;0;0;0;0;0;0;0;0;0;0;0;0;0;0;0;1;2;0;0;0;0;1;0;0;0;0;0;0;0;0;0;0;0;0;0;0;0;0;0;0;0;0;0;0;0;0;0;0;0;0;0;0;0;0;0;0;0;0;0;;;;;;;;;;;;;;;;;;
22.01.2025;05:04;A 22;1;0;0;1;1;0;0;1;0;0;0;0;11;0;0;0;0;0;0;0;11;0;0;0;0;0;0;1;4;0;0;0;0;1;1;0;0;0;0;0;0;0;0;0;0;0;0;0;0;0;0;0;0;0;0;0;0;0;0;0;0;0;0;0;0;0;0;0;0;0;0;;;;;;;;;;;;;;;;;;
22.01.2025;05:03;A 22;1;0;0;1;5;0;0;1;1;0;0;1;9;0;0;0;0;0;0;1;14;0;0;0;0;0;0;0;0;0;0;0;0;0;0;0;0;0;0;0;0;0;0;0;0;0;0;0;0;0;0;0;0;0;0;0;0;0;0;0;0;0;0;0;0;0;0;0;0;0;0;;;;;;;;;;;;;;;;;;
22.01.2025;05:02;A 22;1;0;0;2;3;0;0;1;1;0;0;0;0;0;0;0;0;0;0;0;0;0;0;0;0;0;0;1;2;0;0;0;0;1;0;0;0;0;0;0;0;0;0;0;0;0;0;0;0;0;0;0;0;0;0;0;0;0;0;0;0;0;0;0;0;0;0;0;0;0;0;;;;;;;;;;;;;;;;;;
22.01.2025;05:01;A 22;1;0;0;0;1;0;0;0;0;0;0;0;0;0;0;0;0;0;0;0;0;0;0;0;0;0;0;4;6;0;0;0;0;4;3;0;0;0;0;0;0;0;0;0;0;0;0;0;0;0;0;0;0;0;0;0;0;0;0;0;0;0;0;0;0;0;0;0;0;0;0;;;;;;;;;;;;;;;;;;
22.01.2025;05:00;A 22;1;0;0;1;2;0;0;1;1;0;0;0;0;0;0;0;0;0;0;0;0;0;0;0;0;0;0;1;1;0;0;0;0;1;0;0;0;0;0;0;0;0;0;0;0;0;0;0;0;0;0;0;0;0;0;0;0;0;0;0;0;0;0;0;0;0;0;0;0;0;0;;;;;;;;;;;;;;;;;;
22.01.2025;04:59;A 22;1;0;0;0;0;0;0;0;0;0;0;0;0;0;0;0;0;0;0;0;0;0;0;0;0;0;0;0;0;0;0;0;0;0;0;0;0;0;0;0;0;0;0;0;0;0;0;0;0;0;0;0;0;0;0;0;0;0;0;0;0;0;0;0;0;0;0;0;0;0;0;;;;;;;;;;;;;;;;;;
22.01.2025;04:58;A 22;1;0;0;0;0;0;0;0;0;0;0;0;0;0;0;0;0;0;0;0;0;0;0;0;0;0;0;0;0;0;0;0;0;0;0;0;0;0;0;0;0;0;0;0;0;0;0;0;0;0;0;0;0;0;0;0;0;0;0;0;0;0;0;0;0;0;0;0;0;0;0;;;;;;;;;;;;;;;;;;
22.01.2025;04:57;A 22;1;0;0;0;0;0;0;0;0;0;0;0;0;0;0;0;0;0;0;0;0;0;0;0;0;0;0;0;0;0;0;0;0;0;0;0;0;0;0;0;0;0;0;0;0;0;0;0;0;0;0;0;0;0;0;0;0;0;0;0;0;0;0;0;0;0;0;0;0;0;0;;;;;;;;;;;;;;;;;;
22.01.2025;04:56;A 22;1;0;0;2;2;0;0;1;0;0;0;0;0;0;0;0;0;0;0;0;0;0;0;0;0;0;0;0;0;0;0;0;0;0;0;0;0;0;0;0;0;0;0;0;0;0;0;0;0;0;0;0;0;0;0;0;0;0;0;0;0;0;0;0;0;0;0;0;0;0;0;;;;;;;;;;;;;;;;;;
22.01.2025;04:55;A 22;1;0;0;2;2;0;0;1;1;0;0;0;0;0;0;0;0;0;0;0;0;0;0;0;0;0;0;2;1;0;0;0;0;1;0;0;0;0;0;0;0;0;0;0;0;0;0;0;0;0;0;0;0;0;0;0;0;0;0;0;0;0;0;0;0;0;0;0;0;0;0;;;;;;;;;;;;;;;;;;
22.01.2025;04:54;A 22;1;0;0;0;0;0;0;0;0;0;0;0;0;0;0;0;0;0;0;0;0;0;0;0;0;0;0;1;4;0;0;0;0;1;1;0;0;0;0;0;0;0;0;0;0;0;0;0;0;0;0;0;0;0;0;0;0;0;0;0;0;0;0;0;0;0;0;0;0;0;0;;;;;;;;;;;;;;;;;;
22.01.2025;04:53;A 22;1;0;0;0;0;0;0;0;0;0;0;0;0;0;0;0;0;0;0;0;0;0;0;0;0;0;0;0;0;0;0;0;0;0;0;0;0;0;0;0;0;0;0;0;0;0;0;0;0;0;0;0;0;0;0;0;0;0;0;0;0;0;0;0;0;0;0;0;0;0;0;;;;;;;;;;;;;;;;;;
22.01.2025;04:52;A 22;1;0;0;0;0;0;0;0;0;0;0;0;0;0;0;0;0;0;0;0;0;0;0;0;0;0;0;0;0;0;0;0;0;0;0;0;0;0;0;0;0;0;0;1;1;0;0;0;0;0;0;0;0;0;0;0;0;0;0;0;0;0;0;0;0;0;0;0;0;0;0;;;;;;;;;;;;;;;;;;
22.01.2025;04:51;A 22;1;0;0;1;3;0;0;1;0;0;0;0;0;0;0;0;0;0;0;0;0;0;0;0;0;0;0;2;4;0;0;0;0;2;1;0;0;0;0;0;0;0;0;0;0;0;0;0;0;0;0;0;0;0;0;0;0;0;0;0;0;0;0;0;0;0;0;0;0;0;0;;;;;;;;;;;;;;;;;;
22.01.2025;04:50;A 22;1;0;0;0;0;0;0;0;0;0;0;0;0;0;0;1;20;0;0;0;0;1;26;0;0;0;0;0;0;0;0;0;0;0;0;0;0;0;0;0;0;0;0;0;0;0;0;0;0;0;0;0;0;0;0;0;0;0;0;0;0;0;0;0;0;0;0;0;0;0;0;;;;;;;;;;;;;;;;;;
22.01.2025;04:49;A 22;1;0;0;0;0;0;0;0;0;0;0;1;2;0;0;0;0;0;0;1;3;0;0;0;0;0;0;2;7;0;0;0;0;2;1;0;0;0;0;0;0;0;0;0;0;0;0;0;0;0;0;0;0;0;0;0;0;0;0;0;0;0;0;0;0;0;0;0;0;0;0;;;;;;;;;;;;;;;;;;
22.01.2025;04:48;A 22;1;0;0;0;0;0;0;0;0;0;0;0;0;0;0;0;0;0;0;0;0;0;0;2;4;0;0;0;0;0;0;0;0;0;0;0;0;0;0;0;0;0;0;0;0;0;0;0;0;0;0;0;0;0;0;0;0;0;0;0;0;0;0;0;0;0;0;0;0;0;0;;;;;;;;;;;;;;;;;;
22.01.2025;04:47;A 22;1;0;0;0;0;0;0;0;0;0;0;0;0;0;0;0;0;0;0;0;0;0;0;0;0;0;0;0;0;0;0;0;0;0;0;0;0;0;0;0;0;0;0;0;0;0;0;0;0;0;0;0;0;0;0;0;0;0;0;0;0;0;0;0;0;0;0;0;0;0;0;;;;;;;;;;;;;;;;;;
22.01.2025;04:46;A 22;1;0;0;0;0;0;0;0;0;0;0;0;0;0;0;0;0;0;0;0;0;0;0;0;0;0;0;0;0;0;0;0;0;0;0;0;0;0;0;0;0;0;0;0;0;0;0;0;0;0;0;0;0;0;0;0;0;0;0;0;0;0;0;0;0;0;0;0;0;0;0;;;;;;;;;;;;;;;;;;
22.01.2025;04:45;A 22;1;1;4;0;0;1;0;0;0;0;0;0;0;0;0;0;0;0;0;0;0;0;0;0;0;0;0;1;2;0;0;0;0;1;0;0;0;0;0;0;0;0;0;0;0;0;0;0;0;0;0;0;0;0;0;0;0;0;0;0;0;0;0;0;0;0;0;0;0;0;0;;;;;;;;;;;;;;;;;;
22.01.2025;04:44;A 22;1;0;0;0;0;0;0;0;0;0;0;0;0;0;0;0;0;0;0;0;0;0;0;1;1;0;0;0;0;0;0;0;0;0;0;0;0;0;0;0;0;0;0;0;0;0;0;0;0;0;0;0;0;0;0;0;0;0;0;0;0;0;0;0;0;0;0;0;0;0;0;;;;;;;;;;;;;;;;;;
22.01.2025;04:43;A 22;1;0;0;0;0;0;0;0;0;0;0;0;0;0;0;0;0;0;0;0;0;0;0;0;0;0;0;0;0;0;0;0;0;0;0;0;0;0;0;0;0;1;4;0;0;0;0;0;0;0;0;0;0;0;0;0;0;0;0;0;0;0;0;0;0;0;0;0;0;0;0;;;;;;;;;;;;;;;;;;
22.01.2025;04:42;A 22;1;0;0;0;0;0;0;0;0;0;0;0;0;0;0;0;0;0;0;0;0;0;0;0;0;0;0;0;0;0;0;0;0;0;0;0;0;0;0;0;0;0;0;0;0;0;0;0;0;0;0;0;0;0;0;0;0;0;0;0;0;0;0;0;0;0;0;0;0;0;0;;;;;;;;;;;;;;;;;;
22.01.2025;04:41;A 22;1;0;0;0;0;0;0;0;0;0;0;0;0;0;0;0;0;0;0;0;0;0;0;0;0;0;0;1;3;0;0;0;0;1;0;0;0;0;0;0;0;0;0;0;0;0;0;0;0;0;0;0;0;0;0;0;0;0;0;0;0;0;0;0;0;0;0;0;0;0;0;;;;;;;;;;;;;;;;;;
22.01.2025;04:40;A 22;1;0;0;0;0;0;0;0;0;0;0;0;0;0;0;0;0;0;0;0;0;0;0;0;0;0;0;0;0;0;0;0;0;0;0;0;0;0;0;0;0;0;0;0;0;0;0;0;0;0;0;0;0;0;0;0;0;0;0;0;0;0;0;0;0;0;0;0;0;0;0;;;;;;;;;;;;;;;;;;
22.01.2025;04:39;A 22;1;0;0;0;0;0;0;0;0;0;0;0;0;0;0;0;0;0;0;0;0;0;0;0;0;0;0;1;2;0;0;0;0;1;0;0;0;0;0;0;0;0;0;0;0;0;0;0;0;0;0;0;0;0;0;0;0;0;0;0;0;0;0;0;0;0;0;0;0;0;0;;;;;;;;;;;;;;;;;;
22.01.2025;04:38;A 22;1;0;0;0;0;0;0;0;0;0;0;0;0;0;0;0;0;0;0;0;0;0;0;0;0;0;0;1;1;0;0;0;0;1;1;0;0;0;0;0;0;0;0;0;0;0;0;0;0;0;0;0;0;0;0;0;0;0;0;0;0;0;0;0;0;0;0;0;0;0;0;;;;;;;;;;;;;;;;;;
22.01.2025;04:37;A 22;1;0;0;0;0;0;0;0;0;0;0;0;0;0;0;0;0;0;0;0;0;0;0;0;0;0;0;0;0;0;0;0;0;1;0;0;0;0;0;0;0;0;0;0;0;0;0;0;0;0;0;0;0;0;0;0;0;0;0;0;0;0;0;0;0;0;0;0;0;0;0;;;;;;;;;;;;;;;;;;
22.01.2025;04:36;A 22;1;0;0;0;0;0;0;0;0;0;0;0;0;0;0;0;0;0;0;0;0;0;0;0;0;0;0;0;0;0;0;0;0;0;0;0;0;0;0;0;0;0;0;0;0;0;0;0;0;0;0;0;0;0;0;0;0;0;0;0;0;0;0;0;0;0;0;0;0;0;0;;;;;;;;;;;;;;;;;;
22.01.2025;04:35;A 22;1;0;0;0;0;0;0;0;0;0;0;0;0;0;0;0;0;0;0;0;0;0;0;0;0;0;0;2;13;0;0;0;0;2;3;0;0;0;0;0;0;0;0;0;0;0;0;0;0;0;0;0;0;0;0;0;0;0;0;0;0;0;0;0;0;0;0;0;0;0;0;;;;;;;;;;;;;;;;;;
22.01.2025;04:34;A 22;1;0;0;0;0;0;0;0;0;0;0;1;4;0;0;0;0;0;0;1;6;0;0;0;0;0;0;0;0;0;0;0;0;0;0;0;0;0;0;0;0;0;0;0;0;0;0;0;0;0;0;0;0;0;0;0;0;0;0;0;0;0;0;0;0;0;0;0;0;0;0;;;;;;;;;;;;;;;;;;
22.01.2025;04:33;A 22;1;0;0;0;0;0;0;0;0;0;0;0;0;0;0;0;0;0;0;0;0;0;0;0;0;0;0;1;3;0;0;0;0;1;0;0;0;0;0;0;0;0;0;0;0;0;0;0;0;0;0;0;0;0;0;0;0;0;0;0;0;0;0;0;0;0;0;0;0;0;0;;;;;;;;;;;;;;;;;;
22.01.2025;04:32;A 22;1;0;0;0;0;0;0;0;0;0;0;0;0;0;0;0;0;0;0;0;0;0;0;0;0;0;0;0;0;0;0;0;0;0;0;0;0;0;0;0;0;0;0;0;0;0;0;0;0;0;0;0;0;0;0;0;0;0;0;0;0;0;0;0;0;0;0;0;0;0;0;;;;;;;;;;;;;;;;;;
22.01.2025;04:31;A 22;1;0;0;0;0;0;0;0;0;0;0;0;0;0;0;0;0;0;0;0;0;0;0;0;0;0;0;1;2;0;0;0;0;1;0;0;0;0;0;0;0;0;0;0;0;0;0;0;0;0;0;0;0;0;0;0;0;0;0;0;0;0;0;0;0;0;0;0;0;0;0;;;;;;;;;;;;;;;;;;
22.01.2025;04:30;A 22;1;0;0;2;2;0;0;1;0;0;0;0;0;0;0;1;0;0;0;0;0;0;0;0;0;2;3;3;4;0;0;0;0;0;0;0;0;0;0;0;0;0;0;0;0;0;0;0;0;0;0;0;0;0;0;0;0;0;0;0;0;0;0;0;0;0;0;0;0;0;0;;;;;;;;;;;;;;;;;;
22.01.2025;04:29;A 22;1;0;0;0;0;0;0;0;0;0;0;0;0;0;0;0;0;0;0;0;0;0;0;0;0;0;0;1;2;0;0;0;0;1;0;0;0;0;0;0;0;0;0;0;0;0;0;0;0;0;0;0;0;0;0;0;0;0;0;0;0;0;0;0;0;0;0;0;0;0;0;;;;;;;;;;;;;;;;;;
22.01.2025;04:28;A 22;1;0;0;0;0;0;0;0;0;0;0;0;0;0;0;0;0;0;0;0;0;0;0;0;0;0;0;1;3;0;0;0;0;1;0;0;0;0;0;0;0;0;0;1;1;0;0;0;0;0;0;0;0;0;0;1;1;0;0;0;0;0;0;0;0;0;0;0;0;0;0;;;;;;;;;;;;;;;;;;
22.01.2025;04:27;A 22;1;0;0;0;0;0;0;0;0;0;0;0;0;0;0;0;0;0;0;0;0;0;0;0;0;0;0;0;0;0;0;0;0;0;0;0;0;0;0;0;0;0;0;0;0;0;0;0;0;0;0;0;0;0;0;0;0;0;0;0;0;0;0;0;0;0;0;0;0;0;0;;;;;;;;;;;;;;;;;;
22.01.2025;04:26;A 22;1;0;0;0;0;0;0;0;0;0;0;0;0;0;0;0;0;0;0;0;0;0;0;0;0;0;0;0;0;0;0;0;0;0;0;0;0;0;0;0;0;0;0;0;0;0;0;0;0;0;0;0;0;0;0;0;0;0;0;0;0;0;0;0;0;0;0;0;0;0;0;;;;;;;;;;;;;;;;;;
22.01.2025;04:25;A 22;1;0;0;2;2;0;0;1;1;0;0;0;0;0;0;0;0;0;0;0;0;0;0;0;0;0;0;0;0;0;0;0;0;0;0;0;0;0;0;0;0;0;0;0;0;0;0;0;0;0;0;0;0;0;0;0;0;0;0;0;0;0;0;0;0;0;0;0;0;0;0;;;;;;;;;;;;;;;;;;
22.01.2025;04:24;A 22;1;0;0;2;2;0;0;1;0;0;0;0;0;0;0;1;27;0;0;0;0;1;32;0;0;0;0;0;0;0;0;0;0;0;0;0;0;0;0;0;0;0;0;0;0;0;0;0;0;0;0;0;0;0;0;0;0;0;0;0;0;0;0;0;0;0;0;0;0;0;0;;;;;;;;;;;;;;;;;;
22.01.2025;04:23;A 22;1;0;0;0;0;0;0;0;0;0;0;0;0;0;0;0;0;0;0;0;0;0;0;0;0;0;0;0;0;0;0;0;0;0;0;0;0;0;0;0;0;0;0;0;0;0;0;0;0;0;0;0;0;0;0;0;0;0;0;0;0;0;0;0;0;0;0;0;0;0;0;;;;;;;;;;;;;;;;;;
22.01.2025;04:22;A 22;1;0;0;0;0;0;0;0;0;0;0;0;0;0;0;0;0;0;0;0;0;0;0;0;0;0;0;0;0;0;0;0;0;0;0;0;0;0;0;0;0;0;0;0;0;0;0;0;0;0;0;0;0;0;0;0;0;0;0;0;0;0;0;0;0;0;0;0;0;0;0;;;;;;;;;;;;;;;;;;
22.01.2025;04:21;A 22;1;0;0;0;0;0;0;0;0;0;0;0;0;0;0;0;0;0;0;0;0;0;0;0;0;0;0;1;1;0;0;0;0;1;0;0;0;0;0;0;0;0;0;0;0;0;0;0;0;0;0;0;0;0;0;0;0;0;0;0;0;0;0;0;0;0;0;0;0;0;0;;;;;;;;;;;;;;;;;;
22.01.2025;04:20;A 22;1;0;0;0;0;0;0;0;0;0;0;0;0;0;0;0;0;0;0;0;0;0;0;0;0;0;0;0;0;0;0;0;0;0;0;0;0;0;0;0;0;0;0;0;0;0;0;0;0;0;0;0;0;0;0;0;0;0;0;0;0;0;0;0;0;0;0;0;0;0;0;;;;;;;;;;;;;;;;;;
22.01.2025;04:19;A 22;1;0;0;0;0;0;0;0;0;0;0;0;0;0;0;0;0;0;0;0;0;0;0;0;0;0;0;0;0;0;0;0;0;0;0;0;0;0;0;0;0;0;0;0;0;0;0;0;0;0;0;0;0;0;0;0;0;0;0;0;0;0;0;0;0;0;0;0;0;0;0;;;;;;;;;;;;;;;;;;
22.01.2025;04:18;A 22;1;0;0;0;0;0;0;0;0;0;0;0;0;0;0;0;0;0;0;0;0;0;0;0;0;0;0;0;0;0;0;0;0;0;0;0;0;0;0;0;0;0;0;0;0;0;0;0;0;0;0;0;0;0;0;0;0;0;0;0;0;0;0;0;0;0;0;0;0;0;0;;;;;;;;;;;;;;;;;;
22.01.2025;04:17;A 22;1;0;0;2;3;0;0;1;1;0;0;0;0;0;0;0;0;0;0;0;0;0;0;0;0;0;0;0;0;0;0;0;0;0;0;0;0;0;0;0;0;0;0;0;0;0;0;0;0;0;0;0;0;0;0;0;0;0;0;0;0;0;0;0;0;0;0;0;0;0;0;;;;;;;;;;;;;;;;;;
22.01.2025;04:16;A 22;1;0;0;0;0;0;0;0;0;0;0;0;0;0;0;0;0;0;0;0;0;0;0;0;0;0;0;0;0;0;0;0;0;0;0;0;0;0;0;0;0;0;0;0;0;0;0;0;0;0;0;0;0;0;0;0;0;0;0;0;0;0;0;0;0;0;0;0;0;0;0;;;;;;;;;;;;;;;;;;
22.01.2025;04:15;A 22;1;0;0;2;1;0;0;1;0;0;0;0;0;0;0;0;0;0;0;0;0;0;0;0;0;0;0;0;0;0;0;0;0;0;0;0;0;0;0;0;0;0;0;0;0;0;0;0;0;0;0;0;0;0;0;0;0;0;0;0;0;0;0;0;0;0;0;0;0;0;0;;;;;;;;;;;;;;;;;;
22.01.2025;04:14;A 22;1;0;0;0;0;0;0;0;0;0;0;0;0;0;0;0;0;0;0;0;0;0;0;0;32;0;0;1;1;0;0;0;0;1;0;0;0;0;0;0;0;0;0;0;0;0;0;0;0;0;0;0;0;0;0;0;0;0;0;0;0;0;0;0;0;0;0;0;0;0;0;;;;;;;;;;;;;;;;;;
22.01.2025;04:13;A 22;1;0;0;0;0;0;0;0;0;0;0;0;12;0;0;0;0;0;0;0;12;0;0;1;12;0;0;0;0;0;0;0;0;0;0;0;0;0;0;0;0;0;0;0;0;0;0;0;0;0;0;0;0;0;0;0;0;0;0;0;0;0;0;0;0;0;0;0;0;0;0;;;;;;;;;;;;;;;;;;
22.01.2025;04:12;A 22;1;0;0;0;0;0;0;0;0;0;0;1;7;0;0;0;0;0;0;1;12;0;0;0;0;0;0;0;0;0;0;0;0;0;0;0;0;0;0;0;0;0;0;0;0;0;0;0;0;0;0;0;0;0;0;0;0;0;0;0;0;0;0;0;0;0;0;0;0;0;0;;;;;;;;;;;;;;;;;;
22.01.2025;04:11;A 22;1;0;0;0;0;0;0;0;0;0;0;0;0;0;0;0;0;0;0;0;0;0;0;0;0;0;0;1;1;0;0;0;0;1;0;0;0;0;0;0;0;0;0;0;0;0;0;0;0;0;0;0;0;0;0;0;0;0;0;0;0;0;0;0;0;0;0;0;0;0;0;;;;;;;;;;;;;;;;;;
22.01.2025;04:10;A 22;1;0;0;0;0;0;0;0;0;0;0;0;0;0;0;1;24;0;0;0;0;1;5;0;0;0;0;1;2;0;0;0;0;1;1;0;0;0;0;0;0;0;0;0;0;0;0;0;0;0;0;0;0;0;0;0;0;0;0;0;0;0;0;0;0;0;0;0;0;0;0;;;;;;;;;;;;;;;;;;
22.01.2025;04:09;A 22;1;0;0;0;0;0;0;0;0;0;0;0;0;1;0;0;0;1;3;0;0;0;0;0;0;0;0;0;0;0;0;0;0;0;0;0;0;0;0;0;0;0;0;0;0;0;0;0;0;0;0;0;0;0;0;0;0;0;0;0;0;0;0;0;0;0;0;0;0;0;0;;;;;;;;;;;;;;;;;;
22.01.2025;04:08;A 22;1;0;0;0;0;0;0;0;0;0;0;0;0;0;0;0;0;0;0;0;0;0;0;0;0;0;0;0;0;0;0;0;0;0;0;0;0;0;0;0;0;0;0;0;0;0;0;0;0;0;0;0;0;0;0;0;0;0;0;0;0;0;0;0;0;0;0;0;0;0;0;;;;;;;;;;;;;;;;;;
22.01.2025;04:07;A 22;1;0;0;0;0;0;0;0;0;0;0;0;0;0;0;0;0;0;0;0;0;0;0;0;0;0;0;0;0;0;0;0;0;0;0;0;0;0;0;0;0;0;0;0;0;0;0;0;0;0;0;0;0;0;0;0;0;0;0;0;0;0;0;0;0;0;0;0;0;0;0;;;;;;;;;;;;;;;;;;
22.01.2025;04:06;A 22;1;0;0;0;0;0;0;0;0;0;0;1;19;1;1;0;0;0;0;1;16;0;0;0;0;0;0;0;0;0;0;0;0;0;0;0;0;0;0;0;0;0;0;0;0;0;0;0;0;0;0;0;0;0;0;0;0;0;0;0;0;0;0;0;0;0;0;0;0;0;0;;;;;;;;;;;;;;;;;;
22.01.2025;04:05;A 22;1;0;0;0;0;0;0;0;0;0;0;0;0;0;0;0;0;0;0;0;0;1;5;0;0;0;0;0;0;0;0;0;0;0;0;0;0;0;0;0;0;0;0;0;0;0;0;0;0;0;0;0;0;0;0;0;0;0;0;0;0;0;0;0;0;0;0;0;0;0;0;;;;;;;;;;;;;;;;;;
22.01.2025;04:04;A 22;1;0;0;0;0;0;0;0;0;0;0;0;0;0;0;0;0;0;0;0;0;0;0;0;0;0;0;0;0;0;0;0;0;0;0;0;0;0;0;0;0;0;0;0;0;0;0;0;0;0;0;0;0;0;0;0;0;0;0;0;0;0;0;0;0;0;0;0;0;0;0;;;;;;;;;;;;;;;;;;
22.01.2025;04:03;A 22;1;0;0;0;0;0;0;0;0;0;0;0;0;0;0;0;0;0;0;0;0;0;0;0;0;0;0;0;0;0;0;0;0;0;0;0;0;0;0;0;0;0;0;0;0;0;0;0;0;0;0;0;0;0;0;0;0;0;0;0;0;0;0;0;0;0;0;0;0;0;0;;;;;;;;;;;;;;;;;;
22.01.2025;04:02;A 22;1;0;0;2;6;0;0;2;1;0;0;0;0;0;0;0;0;0;0;0;0;0;0;0;0;0;0;0;0;0;0;0;0;0;0;0;0;0;0;0;0;0;0;0;0;0;0;0;0;0;0;0;0;0;0;0;0;0;0;0;0;0;0;0;0;0;0;0;0;0;0;;;;;;;;;;;;;;;;;;
22.01.2025;04:01;A 22;1;0;0;0;0;0;0;0;0;0;0;0;0;0;0;0;0;0;0;0;0;0;0;1;0;0;0;1;1;0;0;0;0;1;1;0;0;0;0;0;0;0;0;0;0;0;0;0;0;0;0;0;0;0;0;0;0;0;0;0;0;0;0;0;0;0;0;0;0;0;0;;;;;;;;;;;;;;;;;;
22.01.2025;04:00;A 22;1;0;0;0;0;0;0;0;0;0;0;0;0;0;0;1;23;0;0;0;0;1;26;0;0;0;0;0;0;0;0;0;0;0;0;0;0;0;0;0;0;0;0;0;0;0;0;0;0;0;0;0;0;0;0;0;0;0;0;0;0;0;0;0;0;0;0;0;0;0;0;;;;;;;;;;;;;;;;;;
22.01.2025;03:59;A 22;1;0;0;0;0;0;0;0;0;0;0;0;0;0;0;0;0;0;0;0;0;0;0;0;0;0;0;1;1;0;0;0;0;1;0;0;0;0;0;0;0;0;0;0;0;0;0;0;0;0;0;0;0;0;0;0;0;0;0;0;0;0;0;0;0;0;0;0;0;0;0;;;;;;;;;;;;;;;;;;
22.01.2025;03:58;A 22;1;0;0;0;0;0;0;0;0;0;0;0;0;0;0;0;0;0;0;0;0;0;0;0;0;0;0;0;0;0;0;0;0;0;0;0;0;0;0;0;0;0;0;0;0;0;0;0;0;0;0;0;0;0;0;0;0;0;0;0;0;0;0;0;0;0;0;0;0;0;0;;;;;;;;;;;;;;;;;;
22.01.2025;03:57;A 22;1;0;0;0;0;0;0;0;0;0;0;0;0;0;0;0;0;0;0;0;0;0;0;0;0;0;0;0;0;0;0;0;0;0;0;0;0;0;0;0;0;0;0;0;0;0;0;0;0;0;0;0;0;0;0;0;0;0;0;0;0;0;0;0;0;0;0;0;0;0;0;;;;;;;;;;;;;;;;;;
22.01.2025;03:56;A 22;1;2;4;0;0;0;0;0;0;0;0;0;0;0;0;0;0;0;0;0;0;0;0;0;0;0;0;2;3;0;0;0;0;1;1;1;1;0;0;0;0;0;0;0;0;0;0;0;0;0;0;0;0;0;0;0;0;0;0;0;0;0;0;0;0;0;0;0;0;0;0;;;;;;;;;;;;;;;;;;
22.01.2025;03:55;A 22;1;0;0;0;0;0;0;0;0;0;0;0;0;0;0;0;3;0;0;0;0;0;1;0;0;0;0;0;0;0;0;0;0;0;0;0;0;0;0;0;0;0;0;0;0;0;0;0;0;0;0;0;0;0;0;0;0;0;0;0;0;0;0;0;0;0;0;0;0;0;0;;;;;;;;;;;;;;;;;;
22.01.2025;03:54;A 22;1;0;0;0;0;0;0;0;0;0;0;0;0;0;0;1;19;0;0;0;0;1;23;0;0;0;0;0;0;0;0;0;0;0;0;0;0;0;0;0;0;0;0;0;0;0;0;0;0;0;0;0;0;0;0;0;0;0;0;0;0;0;0;0;0;0;0;0;0;0;0;;;;;;;;;;;;;;;;;;
22.01.2025;03:53;A 22;1;0;0;0;0;0;0;0;0;0;0;0;0;0;0;0;0;0;0;0;0;0;0;0;0;0;0;0;0;0;0;0;0;0;0;0;0;0;0;0;0;0;0;0;0;0;0;0;0;0;0;0;0;0;0;0;0;0;0;0;0;0;0;0;0;0;0;0;0;0;0;;;;;;;;;;;;;;;;;;
22.01.2025;03:52;A 22;1;0;0;2;4;0;0;1;1;0;0;0;0;0;0;0;0;0;0;0;0;0;0;0;0;0;0;0;0;0;0;0;0;0;0;0;0;1;18;0;0;2;8;0;0;0;0;0;0;0;0;0;0;0;0;0;0;0;0;0;0;0;0;0;0;0;0;0;0;0;0;;;;;;;;;;;;;;;;;;
22.01.2025;03:51;A 22;1;0;0;0;0;0;0;0;0;0;0;0;0;0;0;0;0;0;0;0;0;0;0;0;0;0;0;0;0;0;0;0;0;0;0;0;0;0;0;0;0;0;0;0;0;0;0;0;0;0;0;0;0;0;0;0;0;0;0;0;0;0;0;0;0;0;0;0;0;0;0;;;;;;;;;;;;;;;;;;
22.01.2025;03:50;A 22;1;0;0;0;0;0;0;0;0;0;0;0;0;0;0;0;0;0;0;0;0;0;0;0;0;0;0;0;0;0;0;0;0;0;0;0;0;0;0;0;0;0;0;0;0;0;0;0;0;0;0;0;0;0;0;0;0;0;0;0;0;0;0;0;0;0;0;0;0;0;0;;;;;;;;;;;;;;;;;;
22.01.2025;03:49;A 22;1;2;2;0;0;1;0;0;0;0;0;0;0;0;0;0;0;0;0;0;0;0;0;0;0;0;0;0;0;0;0;0;0;0;0;0;0;0;18;0;0;0;0;0;0;0;0;0;0;0;0;0;0;0;0;0;0;0;0;0;0;0;0;0;0;0;0;0;0;0;0;;;;;;;;;;;;;;;;;;
22.01.2025;03:48;A 22;1;0;0;0;0;1;0;0;0;0;0;0;0;0;0;0;0;0;0;0;0;0;0;0;0;0;0;0;0;0;0;0;0;0;0;0;0;1;2;0;0;1;9;0;0;0;0;0;0;0;0;0;0;0;0;0;0;0;0;0;0;0;0;0;0;0;0;0;0;0;0;;;;;;;;;;;;;;;;;;
22.01.2025;03:47;A 22;1;0;0;0;0;0;0;0;0;0;0;0;0;0;0;0;0;0;0;0;0;0;0;0;0;0;0;0;0;0;0;0;0;0;0;0;0;0;0;0;0;0;0;0;0;0;0;0;0;0;0;0;0;0;0;0;0;0;0;0;0;0;0;0;0;0;0;0;0;0;0;;;;;;;;;;;;;;;;;;
22.01.2025;03:46;A 22;1;0;0;0;0;0;0;0;0;0;0;0;0;0;0;0;0;0;0;0;0;0;0;0;0;0;0;0;0;0;0;0;0;0;0;0;0;0;0;0;0;0;0;0;0;0;0;0;0;0;0;0;0;0;0;0;0;0;0;0;0;0;0;0;0;0;0;0;0;0;0;;;;;;;;;;;;;;;;;;
22.01.2025;03:45;A 22;1;0;0;0;0;0;0;0;0;0;0;0;0;0;0;0;0;0;0;0;0;0;0;0;0;0;0;0;0;0;0;0;0;0;0;0;0;0;0;0;0;0;0;0;0;0;0;0;0;0;0;0;0;0;0;0;0;0;0;0;0;0;0;0;0;0;0;0;0;0;0;;;;;;;;;;;;;;;;;;
22.01.2025;03:44;A 22;1;0;0;0;0;0;0;0;0;0;0;0;0;0;0;0;0;0;0;0;0;0;0;0;0;0;0;0;0;0;0;0;0;0;0;0;0;1;24;0;0;1;8;0;0;0;0;0;0;0;0;0;0;0;0;0;0;0;0;0;0;0;0;0;0;0;0;0;0;0;0;;;;;;;;;;;;;;;;;;
22.01.2025;03:43;A 22;1;0;0;1;4;0;0;1;0;0;0;0;0;0;0;0;0;0;0;0;0;0;0;0;0;0;0;0;0;0;0;0;0;0;0;0;0;0;0;0;0;0;0;0;0;0;0;0;0;0;0;0;0;0;0;0;0;0;0;0;0;0;0;0;0;0;0;0;0;0;0;;;;;;;;;;;;;;;;;;
22.01.2025;03:42;A 22;1;0;0;0;0;0;0;0;0;0;0;0;0;0;0;0;0;0;0;0;0;0;0;0;0;0;0;0;1;0;0;0;0;0;0;0;0;0;0;0;0;0;0;0;0;0;0;0;0;0;0;0;0;0;0;0;0;0;0;0;0;0;0;0;0;0;0;0;0;0;0;;;;;;;;;;;;;;;;;;
22.01.2025;03:41;A 22;1;0;0;0;0;0;0;0;0;0;0;0;0;0;0;0;0;0;0;0;0;0;0;0;0;0;0;1;0;0;0;0;0;1;0;0;0;0;0;0;0;0;0;0;0;0;0;0;0;0;0;0;0;0;0;0;0;0;0;0;0;0;0;0;0;0;0;0;0;0;0;;;;;;;;;;;;;;;;;;
22.01.2025;03:40;A 22;1;0;0;0;0;0;0;0;0;0;0;0;0;0;0;0;9;0;0;0;0;0;8;0;0;0;0;0;0;0;0;0;0;0;0;0;0;0;0;0;0;0;0;0;0;0;0;0;0;0;0;0;0;0;0;0;0;0;0;0;0;0;0;0;0;0;0;0;0;0;0;;;;;;;;;;;;;;;;;;
22.01.2025;03:39;A 22;1;0;0;0;0;0;0;0;0;0;0;0;0;0;0;1;13;0;0;0;0;1;18;0;0;0;0;1;2;0;0;0;0;1;0;0;0;0;0;0;0;0;0;0;0;0;0;0;0;0;0;0;0;0;0;0;0;0;0;0;0;0;0;0;0;0;0;0;0;0;0;;;;;;;;;;;;;;;;;;
22.01.2025;03:38;A 22;1;0;0;0;0;0;0;0;0;0;0;0;0;0;0;0;0;0;0;0;0;0;0;0;0;0;0;1;1;0;0;0;0;1;0;0;0;0;0;0;0;0;0;0;0;0;0;0;0;0;0;0;0;0;0;0;0;0;0;0;0;0;0;0;0;0;0;0;0;0;0;;;;;;;;;;;;;;;;;;
22.01.2025;03:37;A 22;1;0;0;0;0;0;0;0;0;0;0;0;0;0;0;0;0;0;0;0;0;0;0;0;0;0;0;0;0;0;0;0;0;0;0;0;0;0;0;0;0;0;0;0;0;0;0;0;0;0;0;0;0;0;0;0;0;0;0;0;0;0;0;0;0;0;0;0;0;0;0;;;;;;;;;;;;;;;;;;
22.01.2025;03:36;A 22;1;0;0;3;3;0;0;1;1;0;0;0;0;0;0;0;0;0;0;0;0;0;0;0;0;0;0;1;2;0;0;0;0;1;1;0;0;0;0;0;0;0;0;0;0;0;0;0;0;0;0;0;0;0;0;0;0;0;0;0;0;0;0;0;0;0;0;0;0;0;0;;;;;;;;;;;;;;;;;;
22.01.2025;03:35;A 22;1;0;0;0;0;0;0;0;0;0;0;0;0;0;0;0;0;0;0;0;0;0;0;0;0;0;0;0;0;0;0;0;0;0;0;0;0;0;0;0;0;0;0;0;0;0;0;0;0;0;0;0;0;0;0;0;0;0;0;0;0;0;0;0;0;0;0;0;0;0;0;;;;;;;;;;;;;;;;;;
22.01.2025;03:34;A 22;1;0;0;0;0;0;0;0;0;0;0;0;0;0;0;0;0;0;0;0;0;0;0;0;0;0;0;0;0;0;0;0;0;0;0;0;0;0;0;0;0;0;0;0;0;0;0;0;0;0;0;0;0;0;0;0;0;0;0;0;0;0;0;0;0;0;0;0;0;0;0;;;;;;;;;;;;;;;;;;
22.01.2025;03:33;A 22;1;0;0;0;0;0;0;0;0;0;0;0;0;0;0;0;0;0;0;0;0;0;0;0;0;0;0;0;0;0;0;0;0;0;0;0;0;0;0;0;0;0;0;0;0;0;0;0;0;0;0;0;0;0;0;0;0;0;0;0;0;0;0;0;0;0;0;0;0;0;0;;;;;;;;;;;;;;;;;;
22.01.2025;03:32;A 22;1;0;0;0;0;0;0;0;0;0;0;0;0;0;0;0;0;0;0;0;0;0;0;0;0;0;0;0;0;0;0;0;0;0;0;0;0;0;0;0;0;0;0;0;0;0;0;0;0;0;0;0;0;0;0;0;0;0;0;0;0;0;0;0;0;0;0;0;0;0;0;;;;;;;;;;;;;;;;;;
22.01.2025;03:31;A 22;1;0;0;0;0;0;0;0;0;0;0;0;0;0;0;0;0;0;0;1;2;0;0;0;0;0;0;0;0;0;0;0;0;0;0;0;0;0;0;0;0;0;0;0;0;0;0;0;0;0;0;0;0;0;0;0;0;0;0;0;0;0;0;0;0;0;0;0;0;0;0;;;;;;;;;;;;;;;;;;
22.01.2025;03:30;A 22;1;0;0;0;0;0;0;0;0;0;0;0;0;0;0;0;0;0;0;0;0;0;0;0;0;0;0;0;0;0;0;0;0;0;0;0;0;0;0;0;0;0;0;0;0;0;0;0;0;0;0;0;0;0;0;0;0;0;0;0;0;0;0;0;0;0;0;0;0;0;0;;;;;;;;;;;;;;;;;;
22.01.2025;03:29;A 22;1;0;0;0;0;0;0;0;0;0;0;0;0;0;0;0;0;0;0;0;0;0;0;0;0;0;0;0;0;0;0;0;0;0;0;0;0;1;15;0;0;1;9;0;0;0;0;0;0;0;0;0;0;0;0;0;0;0;0;0;0;0;0;0;0;0;0;0;0;0;0;;;;;;;;;;;;;;;;;;
22.01.2025;03:28;A 22;1;0;0;0;0;0;0;0;0;0;0;0;0;0;0;0;0;0;0;0;0;0;0;0;0;0;0;0;0;0;0;0;0;0;0;0;0;0;0;0;0;0;0;0;0;0;0;0;0;0;0;0;0;0;0;0;0;0;0;0;0;0;0;0;0;0;0;0;0;0;0;;;;;;;;;;;;;;;;;;
22.01.2025;03:27;A 22;1;0;0;0;0;0;0;0;0;0;0;0;0;0;0;0;0;0;0;0;0;0;0;0;0;0;0;1;1;0;0;0;0;1;0;0;0;0;0;0;0;0;0;0;0;0;0;0;0;0;0;0;0;0;0;0;0;0;0;0;0;0;0;0;0;0;0;0;0;0;0;;;;;;;;;;;;;;;;;;
22.01.2025;03:26;A 22;1;0;0;0;0;0;0;0;0;0;0;0;0;0;0;0;0;0;0;0;0;0;0;0;0;0;0;0;0;0;0;0;0;0;0;1;1;0;0;1;3;0;0;0;0;0;0;0;0;0;0;0;0;0;0;0;0;0;0;0;0;0;0;0;0;0;0;0;0;0;0;;;;;;;;;;;;;;;;;;
22.01.2025;03:25;A 22;1;0;0;0;0;0;0;0;0;0;0;0;0;0;0;0;0;0;0;0;0;0;0;0;0;0;0;0;0;0;0;0;0;0;0;0;0;0;0;0;0;0;0;0;0;0;0;0;0;0;0;0;0;0;0;0;0;0;0;0;0;0;0;0;0;0;0;0;0;0;0;;;;;;;;;;;;;;;;;;
22.01.2025;03:24;A 22;1;0;0;0;0;0;0;0;0;0;0;0;0;0;0;0;0;0;0;0;0;0;0;0;0;0;0;0;0;0;0;0;0;0;0;0;0;0;0;0;0;0;0;0;0;0;0;0;0;0;0;0;0;0;0;0;0;0;0;0;0;0;0;0;0;0;0;0;0;0;0;;;;;;;;;;;;;;;;;;
22.01.2025;03:23;A 22;1;0;0;0;0;0;0;0;0;0;0;0;0;0;0;0;0;0;0;0;0;0;0;0;0;0;0;0;0;0;0;0;0;0;0;0;0;0;0;0;0;0;0;0;0;0;0;0;0;0;0;0;0;0;0;0;0;0;0;0;0;0;0;0;0;0;0;0;0;0;0;;;;;;;;;;;;;;;;;;
22.01.2025;03:22;A 22;1;0;0;2;2;0;0;0;0;0;0;0;0;0;0;0;0;0;0;0;0;0;0;0;0;0;0;0;0;0;0;0;0;0;0;0;0;0;0;0;0;0;0;0;0;0;0;0;0;0;0;0;0;0;0;0;0;0;0;0;0;0;0;0;0;0;0;0;0;0;0;;;;;;;;;;;;;;;;;;
22.01.2025;03:21;A 22;1;0;0;0;0;0;0;1;0;0;0;0;0;0;0;0;0;0;0;0;0;0;0;0;0;0;0;0;0;0;0;0;0;0;0;0;0;0;0;0;0;0;0;0;0;0;0;0;0;0;0;0;0;0;0;0;0;0;0;0;0;0;0;0;0;0;0;0;0;0;0;;;;;;;;;;;;;;;;;;
22.01.2025;03:20;A 22;1;0;0;0;0;0;0;0;0;0;0;0;0;0;0;0;0;0;0;0;0;0;0;0;0;0;0;2;1;0;0;0;0;1;0;0;0;0;0;0;0;0;0;0;0;0;0;0;0;0;0;0;0;0;0;0;0;0;0;0;0;0;0;0;0;0;0;0;0;0;0;;;;;;;;;;;;;;;;;;
22.01.2025;03:19;A 22;1;0;0;0;0;0;0;0;0;0;0;0;0;0;0;0;0;0;0;0;0;0;0;0;0;0;0;0;0;0;0;0;0;0;0;0;0;0;0;0;0;0;0;0;0;0;0;0;0;0;0;0;0;0;0;0;0;0;0;0;0;0;0;0;0;0;0;0;0;0;0;;;;;;;;;;;;;;;;;;
22.01.2025;03:18;A 22;1;0;0;0;0;0;0;0;0;0;0;0;0;0;0;0;1;0;0;0;0;0;0;0;0;0;0;0;0;0;0;0;0;0;0;0;0;0;0;0;0;0;0;0;0;0;0;0;0;0;0;0;0;0;0;0;0;0;0;0;0;0;0;0;0;0;0;0;0;0;0;;;;;;;;;;;;;;;;;;
22.01.2025;03:17;A 22;1;0;0;0;0;0;0;0;0;0;0;1;20;0;0;1;45;0;0;1;23;1;49;0;0;0;0;0;0;0;0;0;0;0;0;0;0;0;0;0;0;0;0;0;0;0;0;0;0;0;0;0;0;0;0;0;0;0;0;0;0;0;0;0;0;0;0;0;0;0;0;;;;;;;;;;;;;;;;;;
22.01.2025;03:16;A 22;1;0;0;0;0;0;0;0;0;0;0;0;0;0;0;0;0;0;0;0;0;0;0;0;0;0;0;0;0;0;0;0;0;0;0;0;0;0;0;0;0;0;0;0;0;0;0;0;0;0;0;0;0;0;0;0;0;0;0;0;0;0;0;0;0;0;0;0;0;0;0;;;;;;;;;;;;;;;;;;
22.01.2025;03:15;A 22;1;0;0;0;0;0;0;0;0;0;0;0;0;0;0;0;0;0;0;0;0;0;0;0;0;0;0;0;0;0;0;0;0;0;0;0;0;0;0;0;0;0;0;0;0;0;0;0;0;0;0;0;0;0;0;0;0;0;0;0;0;0;0;0;0;0;0;0;0;0;0;;;;;;;;;;;;;;;;;;
22.01.2025;03:14;A 22;1;0;0;0;0;0;0;0;0;0;0;0;0;0;0;0;0;0;0;0;0;0;0;0;0;0;0;0;0;0;0;0;0;0;0;0;0;0;0;0;0;0;0;0;0;0;0;0;0;0;0;0;0;0;0;0;0;0;0;0;0;0;0;0;0;0;0;0;0;0;0;;;;;;;;;;;;;;;;;;
22.01.2025;03:13;A 22;1;0;0;0;0;0;0;0;0;0;0;0;0;0;0;0;0;0;0;0;0;0;0;0;0;0;0;0;0;0;0;0;0;0;0;0;0;0;0;0;0;0;0;0;0;0;0;0;0;0;0;0;0;0;0;0;0;0;0;0;0;0;0;0;0;0;0;0;0;0;0;;;;;;;;;;;;;;;;;;
22.01.2025;03:12;A 22;1;0;0;0;0;0;0;0;0;0;0;0;0;0;0;0;0;0;0;0;0;0;0;0;0;0;0;0;0;0;0;0;0;0;0;0;0;0;0;0;0;0;0;0;0;0;0;0;0;0;0;0;0;0;0;0;0;0;0;0;0;0;0;0;0;0;0;0;0;0;0;;;;;;;;;;;;;;;;;;
22.01.2025;03:11;A 22;1;0;0;1;2;0;0;1;0;0;0;0;0;0;0;0;0;0;0;0;0;0;0;0;0;0;0;0;0;0;0;0;0;0;0;0;0;0;0;0;0;0;0;0;0;0;0;0;0;0;0;0;0;0;0;0;0;0;0;0;0;0;0;0;0;0;0;0;0;0;0;;;;;;;;;;;;;;;;;;
22.01.2025;03:10;A 22;1;0;0;0;0;0;0;0;0;0;0;0;0;0;0;0;0;0;0;0;0;0;0;0;0;0;0;0;0;0;0;0;0;0;0;0;0;0;0;0;0;0;0;0;0;0;0;0;0;0;0;0;0;0;0;0;0;0;0;0;0;0;0;0;0;0;0;0;0;0;0;;;;;;;;;;;;;;;;;;
22.01.2025;03:09;A 22;1;0;0;0;0;0;0;0;0;0;0;0;0;0;0;0;0;0;0;0;0;0;0;0;0;0;0;0;0;0;0;0;0;0;0;0;0;0;0;0;0;0;0;0;0;0;0;0;0;0;0;0;0;0;0;0;0;0;0;0;0;0;0;0;0;0;0;0;0;0;0;;;;;;;;;;;;;;;;;;
22.01.2025;03:08;A 22;1;0;0;0;0;0;0;0;0;0;0;0;0;0;0;0;0;0;0;0;0;0;0;0;0;0;0;1;1;0;0;0;0;1;0;0;0;0;0;0;0;0;0;0;0;0;0;0;0;0;0;0;0;0;0;0;0;0;0;0;0;0;0;0;0;0;0;0;0;0;0;;;;;;;;;;;;;;;;;;
22.01.2025;03:07;A 22;1;0;0;0;0;0;0;0;0;0;0;0;0;0;0;0;0;0;0;0;0;0;0;0;0;0;0;0;0;0;0;0;0;0;0;0;0;0;0;0;0;0;0;0;0;0;0;0;0;0;0;0;0;0;0;0;0;0;0;0;0;0;0;0;0;0;0;0;0;0;0;;;;;;;;;;;;;;;;;;
22.01.2025;03:06;A 22;1;0;0;0;0;0;0;0;0;0;0;0;0;0;0;0;0;0;0;0;0;0;0;0;0;0;0;0;0;0;0;0;0;0;0;0;0;0;0;0;0;0;0;0;0;0;0;0;0;0;0;0;0;0;0;0;0;0;0;0;0;0;0;0;0;0;0;0;0;0;0;;;;;;;;;;;;;;;;;;
22.01.2025;03:05;A 22;1;0;0;0;0;0;0;0;0;0;0;0;0;0;0;0;0;0;0;0;0;0;0;0;0;0;0;0;0;0;0;0;0;0;0;0;0;0;0;0;0;0;0;0;0;0;0;0;0;0;0;0;0;0;0;0;0;0;0;0;0;0;0;0;0;0;0;0;0;0;0;;;;;;;;;;;;;;;;;;
22.01.2025;03:04;A 22;1;0;0;0;0;0;0;0;0;0;0;0;0;0;0;0;0;0;0;0;0;0;0;0;0;0;0;0;0;0;0;0;0;0;0;0;0;0;0;0;0;0;0;0;0;0;0;0;0;0;0;0;0;0;0;0;0;0;0;0;0;0;0;0;0;0;0;0;0;0;0;;;;;;;;;;;;;;;;;;
22.01.2025;03:03;A 22;1;0;0;0;0;0;0;0;0;0;0;0;0;0;0;0;0;0;0;0;0;0;0;0;0;0;0;0;0;0;0;0;0;0;0;0;0;0;0;0;0;0;0;0;0;0;0;0;0;0;0;0;0;0;0;0;0;0;0;0;0;0;0;0;0;0;0;0;0;0;0;;;;;;;;;;;;;;;;;;
22.01.2025;03:02;A 22;1;0;0;2;4;0;0;2;1;0;0;0;0;0;0;0;0;0;0;0;0;0;0;0;0;0;0;0;0;0;0;0;0;0;0;0;0;0;0;0;0;0;0;0;0;0;0;0;0;0;0;0;0;0;0;0;0;0;0;0;0;0;0;0;0;0;0;0;0;0;0;;;;;;;;;;;;;;;;;;
22.01.2025;03:01;A 22;1;0;0;0;0;1;0;0;0;0;0;0;0;0;0;0;0;0;0;0;0;0;0;0;0;0;0;0;0;0;0;0;0;0;0;0;0;0;0;0;0;0;0;0;0;0;0;0;0;0;0;0;0;0;0;0;0;0;0;0;0;0;0;0;0;0;0;0;0;0;0;;;;;;;;;;;;;;;;;;
22.01.2025;03:00;A 22;1;0;0;0;0;0;0;0;0;0;0;0;0;0;0;0;0;0;0;0;0;0;0;0;0;0;0;0;0;0;0;0;0;0;0;0;0;0;0;0;0;0;0;0;0;0;0;0;0;0;0;0;0;0;0;0;0;0;0;0;0;0;0;0;0;0;0;0;0;0;0;;;;;;;;;;;;;;;;;;
22.01.2025;02:59;A 22;1;0;0;0;0;0;0;0;0;0;0;0;0;0;0;0;0;0;0;0;0;0;0;0;0;0;0;0;0;0;0;0;0;0;0;0;0;0;0;0;0;0;0;0;0;0;0;0;0;0;0;0;0;0;0;0;0;0;0;0;0;0;0;0;0;0;0;0;0;0;0;;;;;;;;;;;;;;;;;;
22.01.2025;02:58;A 22;1;0;0;0;0;0;0;0;0;0;0;0;0;0;0;0;0;0;0;0;0;0;0;0;0;0;0;0;0;0;0;0;0;0;0;0;0;0;0;0;0;0;0;0;0;0;0;0;0;0;0;0;0;0;0;0;0;0;0;0;0;0;0;0;0;0;0;0;0;0;0;;;;;;;;;;;;;;;;;;
22.01.2025;02:57;A 22;1;0;0;0;0;0;0;0;0;0;0;0;0;0;0;0;0;0;0;0;0;0;0;0;0;0;0;0;0;0;0;0;0;0;0;0;0;0;0;0;0;0;0;0;0;0;0;0;0;0;0;0;0;0;0;0;0;0;0;0;0;0;0;0;0;0;0;0;0;0;0;;;;;;;;;;;;;;;;;;
22.01.2025;02:56;A 22;1;0;0;0;0;0;0;0;0;0;0;0;0;0;0;0;0;0;0;0;0;0;0;0;0;0;0;1;2;0;0;0;0;1;0;0;0;0;0;0;0;0;0;0;0;0;0;0;0;0;0;0;0;0;0;0;0;0;0;0;0;0;0;0;0;0;0;0;0;0;0;;;;;;;;;;;;;;;;;;
22.01.2025;02:55;A 22;1;0;0;1;2;0;0;1;0;0;0;0;0;0;0;0;0;0;0;0;0;0;0;0;0;0;0;0;0;0;0;0;0;0;0;0;0;0;0;0;0;0;0;0;0;0;0;0;0;0;0;0;0;0;0;0;0;0;0;0;0;0;0;0;0;0;0;0;0;0;0;;;;;;;;;;;;;;;;;;
22.01.2025;02:54;A 22;1;0;0;0;0;0;0;0;0;0;0;0;0;0;0;0;0;0;0;0;0;0;0;0;0;0;0;0;0;0;0;0;0;0;0;0;0;0;0;0;0;0;0;0;0;0;0;0;0;0;0;0;0;0;0;0;0;0;0;0;0;0;0;0;0;0;0;0;0;0;0;;;;;;;;;;;;;;;;;;
22.01.2025;02:53;A 22;1;0;0;0;0;0;0;0;0;0;0;0;0;0;0;0;0;0;0;0;0;0;0;0;0;0;0;0;0;0;0;0;0;0;0;0;0;0;0;0;0;0;0;0;0;0;0;0;0;0;0;0;0;0;0;0;0;0;0;0;0;0;0;0;0;0;0;0;0;0;0;;;;;;;;;;;;;;;;;;
22.01.2025;02:52;A 22;1;0;0;0;0;0;0;0;0;0;0;0;0;0;0;0;0;0;0;0;0;0;0;0;0;0;0;0;0;0;0;0;0;0;0;0;0;0;0;0;0;0;0;0;0;0;0;0;0;0;0;0;0;0;0;0;0;0;0;0;0;0;0;0;0;0;0;0;0;0;0;;;;;;;;;;;;;;;;;;
22.01.2025;02:51;A 22;1;0;0;0;0;0;0;0;0;0;0;0;0;0;0;0;0;0;0;0;0;0;0;0;0;0;0;0;0;0;0;0;0;0;0;0;0;0;0;0;0;0;0;0;0;0;0;0;0;0;0;0;0;0;0;0;0;0;0;0;0;0;0;0;0;0;0;0;0;0;0;;;;;;;;;;;;;;;;;;
22.01.2025;02:50;A 22;1;0;0;0;0;0;0;0;0;0;0;0;0;0;0;0;0;0;0;0;0;0;0;0;0;0;0;0;0;0;0;0;0;0;0;0;0;0;0;0;0;0;0;0;0;0;0;0;0;0;0;0;0;0;0;0;0;0;0;0;0;0;0;0;0;0;0;0;0;0;0;;;;;;;;;;;;;;;;;;
22.01.2025;02:49;A 22;1;0;0;0;0;0;0;0;0;0;0;0;0;0;0;0;0;0;0;0;0;0;0;0;0;0;0;1;1;0;0;0;0;1;0;0;0;0;0;0;0;0;0;0;0;0;0;0;0;0;0;0;0;0;0;0;0;0;0;0;0;0;0;0;0;0;0;0;0;0;0;;;;;;;;;;;;;;;;;;
22.01.2025;02:48;A 22;1;0;0;0;0;0;0;0;0;0;0;0;0;0;0;0;0;0;0;0;0;0;0;0;0;0;0;0;0;0;0;0;0;0;0;0;0;0;0;0;0;0;0;0;0;0;0;0;0;0;0;0;0;0;0;0;0;0;0;0;0;0;0;0;0;0;0;0;0;0;0;;;;;;;;;;;;;;;;;;
22.01.2025;02:47;A 22;1;0;0;0;0;0;0;0;0;0;0;0;0;0;0;0;0;0;0;0;0;0;0;0;0;0;0;0;0;0;0;0;0;0;0;0;0;0;0;0;0;0;0;0;0;0;0;0;0;0;0;0;0;0;0;0;0;0;0;0;0;0;0;0;0;0;0;0;0;0;0;;;;;;;;;;;;;;;;;;
22.01.2025;02:46;A 22;1;0;0;0;0;0;0;0;0;0;0;0;0;0;0;0;0;0;0;0;0;0;0;0;0;0;0;0;0;0;0;0;0;0;0;0;0;0;0;0;0;0;0;0;0;0;0;0;0;0;0;0;0;0;0;0;0;0;0;0;0;0;0;0;0;0;0;0;0;0;0;;;;;;;;;;;;;;;;;;
22.01.2025;02:45;A 22;1;0;0;0;0;0;0;0;0;0;0;0;0;0;0;0;12;0;0;0;0;0;11;0;0;0;0;0;0;0;0;0;0;0;0;0;0;0;0;0;0;0;0;0;0;0;0;0;0;0;0;0;0;0;0;0;0;0;0;0;0;0;0;0;0;0;0;0;0;0;0;;;;;;;;;;;;;;;;;;
22.01.2025;02:44;A 22;1;0;0;0;0;0;0;0;0;0;0;0;0;0;0;1;8;0;0;0;0;1;14;0;0;0;0;0;0;0;0;0;0;0;0;0;0;0;0;0;0;0;0;0;0;0;0;0;0;0;0;0;0;0;0;0;0;0;0;0;0;0;0;0;0;0;0;0;0;0;0;;;;;;;;;;;;;;;;;;
22.01.2025;02:43;A 22;1;0;0;0;0;0;0;0;0;0;0;0;0;0;0;0;0;0;0;0;0;0;0;0;0;0;0;0;0;0;0;0;0;0;0;0;0;0;0;0;0;0;0;0;0;0;0;0;0;0;0;0;0;0;0;0;0;0;0;0;0;0;0;0;0;0;0;0;0;0;0;;;;;;;;;;;;;;;;;;
22.01.2025;02:42;A 22;1;0;0;0;0;0;0;0;0;0;0;0;0;0;0;0;0;0;0;0;0;0;0;0;0;0;0;0;0;0;0;0;0;0;0;0;0;0;0;0;0;0;0;0;0;0;0;0;0;0;0;0;0;0;0;0;0;0;0;0;0;0;0;0;0;0;0;0;0;0;0;;;;;;;;;;;;;;;;;;
22.01.2025;02:41;A 22;1;0;0;0;0;0;0;0;0;0;0;0;0;0;0;0;0;0;0;0;0;0;0;0;0;0;0;0;0;0;0;0;0;0;0;0;0;0;0;0;0;0;0;0;0;0;0;0;0;0;0;0;0;0;0;0;0;0;0;0;0;0;0;0;0;0;0;0;0;0;0;;;;;;;;;;;;;;;;;;
22.01.2025;02:40;A 22;1;0;0;0;0;0;0;0;0;0;0;0;0;0;0;0;0;0;0;0;0;0;0;0;0;0;0;0;0;0;0;0;0;0;0;0;0;0;0;0;0;0;0;0;0;0;0;0;0;0;0;0;0;0;0;0;0;0;0;0;0;0;0;0;0;0;0;0;0;0;0;;;;;;;;;;;;;;;;;;
22.01.2025;02:39;A 22;1;0;0;0;0;0;0;0;0;0;0;0;0;0;0;0;0;0;0;0;0;0;0;0;0;0;0;0;0;0;0;0;0;0;0;0;0;0;0;0;0;0;0;0;0;0;0;0;0;0;0;0;0;0;0;0;0;0;0;0;0;0;0;0;0;0;0;0;0;0;0;;;;;;;;;;;;;;;;;;
22.01.2025;02:38;A 22;1;0;0;0;0;0;0;0;0;0;0;0;0;0;0;0;0;0;0;0;0;0;0;0;0;0;0;0;0;0;0;0;0;0;0;0;0;0;0;0;0;0;0;0;0;0;0;0;0;0;0;0;0;0;0;0;0;0;0;0;0;0;0;0;0;0;0;0;0;0;0;;;;;;;;;;;;;;;;;;
22.01.2025;02:37;A 22;1;0;0;0;0;0;0;0;0;0;0;0;0;0;0;0;0;0;0;0;0;0;0;0;0;0;0;1;2;0;0;0;0;1;0;0;0;0;0;0;0;0;0;0;0;0;0;0;0;0;0;0;0;0;0;0;0;0;0;0;0;0;0;0;0;0;0;0;0;0;0;;;;;;;;;;;;;;;;;;
22.01.2025;02:36;A 22;1;0;0;0;0;0;0;0;0;0;0;0;0;0;0;0;0;0;0;0;0;0;0;0;0;0;0;1;1;0;0;0;0;1;0;0;0;0;0;0;0;0;0;0;0;0;0;0;0;0;0;0;0;0;0;0;0;0;0;0;0;0;0;0;0;0;0;0;0;0;0;;;;;;;;;;;;;;;;;;
22.01.2025;02:35;A 22;1;0;0;0;0;0;0;0;0;0;0;0;0;0;0;0;0;0;0;0;0;0;0;0;0;0;0;0;0;0;0;0;0;0;0;0;0;0;0;0;0;0;0;0;0;0;0;0;0;0;0;0;0;0;0;0;0;0;0;0;0;0;0;0;0;0;0;0;0;0;0;;;;;;;;;;;;;;;;;;
22.01.2025;02:34;A 22;1;0;0;1;4;0;0;1;0;0;0;0;0;0;0;0;0;0;0;0;0;0;0;0;0;0;0;0;0;0;0;0;0;0;0;0;0;0;0;0;0;0;0;0;0;0;0;0;0;0;0;0;0;0;0;0;0;0;0;0;0;0;0;0;0;0;0;0;0;0;0;;;;;;;;;;;;;;;;;;
22.01.2025;02:33;A 22;1;0;0;0;0;0;0;0;0;0;0;1;6;0;0;0;0;0;0;0;8;0;0;0;0;0;0;0;0;0;0;0;0;0;0;0;0;0;0;0;0;0;0;0;0;0;0;0;0;0;0;0;0;0;0;0;0;0;0;0;0;0;0;0;0;0;0;0;0;0;0;;;;;;;;;;;;;;;;;;
22.01.2025;02:32;A 22;1;0;0;2;3;0;0;1;0;0;0;0;0;0;0;0;0;0;0;1;0;0;0;0;0;0;0;0;0;0;0;0;0;0;0;0;0;0;0;0;0;0;0;0;0;0;0;0;0;0;0;0;0;0;0;0;0;0;0;0;0;0;0;0;0;0;0;0;0;0;0;;;;;;;;;;;;;;;;;;
22.01.2025;02:31;A 22;1;0;0;0;0;0;0;0;0;0;0;0;0;0;0;0;0;0;0;0;0;0;0;0;0;0;0;0;0;0;0;0;0;0;0;0;0;0;0;0;0;0;0;0;0;0;0;0;0;0;0;0;0;0;0;0;0;0;0;0;0;0;0;0;0;0;0;0;0;0;0;;;;;;;;;;;;;;;;;;
22.01.2025;02:30;A 22;1;0;0;0;0;0;0;0;0;0;0;0;0;0;0;0;0;0;0;0;0;0;0;0;0;0;0;0;0;0;0;0;0;0;0;0;0;0;0;0;0;0;0;0;0;0;0;0;0;0;0;0;0;0;0;0;0;0;0;0;0;0;0;0;0;0;0;0;0;0;0;;;;;;;;;;;;;;;;;;
22.01.2025;02:29;A 22;1;0;0;0;0;0;0;0;0;0;0;0;0;0;0;0;0;0;0;0;0;0;0;0;0;0;0;0;0;0;0;0;0;0;0;0;0;0;0;0;0;0;0;0;0;0;0;0;0;0;0;0;0;0;0;0;0;0;0;0;0;0;0;0;0;0;0;0;0;0;0;;;;;;;;;;;;;;;;;;
22.01.2025;02:28;A 22;1;0;0;0;0;0;0;0;0;0;0;0;0;0;0;0;0;0;0;0;0;0;0;0;0;0;0;0;0;0;0;0;0;0;0;0;0;0;0;0;0;0;0;0;0;0;0;0;0;0;0;0;0;0;0;0;0;0;0;0;0;0;0;0;0;0;0;0;0;0;0;;;;;;;;;;;;;;;;;;
22.01.2025;02:27;A 22;1;0;0;1;3;0;0;1;0;0;0;0;0;0;0;0;0;0;0;0;0;0;0;0;0;0;0;0;0;0;0;0;0;0;0;0;0;0;0;0;0;0;0;0;0;0;0;0;0;0;0;0;0;0;0;0;0;0;0;0;0;0;0;0;0;0;0;0;0;0;0;;;;;;;;;;;;;;;;;;
22.01.2025;02:26;A 22;1;0;0;0;0;0;0;0;0;0;0;0;0;0;0;0;0;0;0;0;0;0;0;0;0;0;0;0;0;0;0;0;0;0;0;0;0;0;0;0;0;0;0;0;0;0;0;0;0;0;0;0;0;0;0;0;0;0;0;0;0;0;0;0;0;0;0;0;0;0;0;;;;;;;;;;;;;;;;;;
22.01.2025;02:25;A 22;1;0;0;0;0;0;0;0;0;0;0;0;0;0;0;0;0;0;0;0;0;0;0;0;0;0;0;0;0;0;0;0;0;0;0;0;0;0;0;0;0;0;0;0;0;0;0;0;0;0;0;0;0;0;0;0;0;0;0;0;0;0;0;0;0;0;0;0;0;0;0;;;;;;;;;;;;;;;;;;
22.01.2025;02:24;A 22;1;0;0;0;0;0;0;0;0;0;0;0;0;0;0;0;0;0;0;0;0;0;0;0;0;0;0;0;0;0;0;0;0;0;0;0;0;0;0;0;0;0;0;0;0;0;0;0;0;0;0;0;0;0;0;0;0;0;0;0;0;0;0;0;0;0;0;0;0;0;0;;;;;;;;;;;;;;;;;;
22.01.2025;02:23;A 22;1;0;0;0;0;0;0;0;0;0;0;0;0;0;0;1;45;0;0;0;0;1;53;0;0;0;0;0;0;0;0;0;0;0;0;0;0;0;0;0;0;0;0;0;0;0;0;0;0;0;0;0;0;0;0;0;0;0;0;0;0;0;0;0;0;0;0;0;0;0;0;;;;;;;;;;;;;;;;;;
22.01.2025;02:22;A 22;1;0;0;0;0;0;0;0;0;0;0;0;0;0;0;1;18;0;0;0;0;1;11;0;0;0;0;0;0;0;0;0;0;0;0;0;0;0;0;0;0;0;0;0;0;0;0;0;0;0;0;0;0;0;0;0;0;0;0;0;0;0;0;0;0;0;0;0;0;0;0;;;;;;;;;;;;;;;;;;
22.01.2025;02:21;A 22;1;0;0;0;0;0;0;0;0;0;0;0;0;0;0;0;0;0;0;0;0;0;0;0;0;0;0;0;0;0;0;0;0;0;0;0;0;0;0;0;0;0;0;0;0;0;0;0;0;0;0;0;0;0;0;0;0;0;0;0;0;0;0;0;0;0;0;0;0;0;0;;;;;;;;;;;;;;;;;;
22.01.2025;02:20;A 22;1;0;0;0;0;0;0;0;0;0;0;0;0;0;0;0;0;0;0;0;0;0;0;0;0;0;0;0;0;0;0;0;0;0;0;0;0;0;0;0;0;0;0;0;0;0;0;0;0;0;0;0;0;0;0;0;0;0;0;0;0;0;0;0;0;0;0;0;0;0;0;;;;;;;;;;;;;;;;;;
22.01.2025;02:19;A 22;1;0;0;0;0;0;0;0;0;0;0;0;0;0;0;0;0;0;0;0;0;0;0;0;0;0;0;1;1;0;0;0;0;1;0;0;0;0;0;0;0;0;0;0;0;0;0;0;0;0;0;0;0;0;0;0;0;0;0;0;0;0;0;0;0;0;0;0;0;0;0;;;;;;;;;;;;;;;;;;
22.01.2025;02:18;A 22;1;0;0;3;5;0;0;2;1;0;0;0;0;0;0;0;0;0;0;0;0;0;0;0;0;0;0;0;0;0;0;0;0;0;0;0;0;0;0;0;0;0;0;0;0;0;0;0;0;0;0;0;0;0;0;0;0;0;0;0;0;0;0;0;0;0;0;0;0;0;0;;;;;;;;;;;;;;;;;;
22.01.2025;02:17;A 22;1;0;0;0;0;0;0;0;0;0;0;0;0;0;0;0;0;0;0;0;0;0;0;0;0;0;0;0;0;0;0;0;0;0;0;0;0;0;0;0;0;0;0;0;0;0;0;0;0;0;0;0;0;0;0;0;0;0;0;0;0;0;0;0;0;0;0;0;0;0;0;;;;;;;;;;;;;;;;;;
22.01.2025;02:16;A 22;1;0;0;2;1;0;0;1;0;0;0;0;0;0;0;0;0;0;0;0;0;0;0;0;0;0;0;0;0;0;0;0;0;0;0;0;0;0;0;0;0;0;0;0;0;0;0;0;0;0;0;0;0;0;0;0;0;0;0;0;0;0;0;0;0;0;0;0;0;0;0;;;;;;;;;;;;;;;;;;
22.01.2025;02:15;A 22;1;0;0;0;0;0;0;0;0;0;0;0;0;0;0;0;0;0;0;0;0;0;0;0;0;0;0;0;0;0;0;0;0;0;0;0;0;0;0;0;0;0;0;0;0;0;0;0;0;0;0;0;0;0;0;0;0;0;0;0;0;0;0;0;0;0;0;0;0;0;0;;;;;;;;;;;;;;;;;;
22.01.2025;02:14;A 22;1;0;0;0;0;0;0;0;0;0;0;0;0;0;0;0;0;0;0;0;0;0;0;0;0;0;0;0;0;0;0;0;0;0;0;0;0;0;0;0;0;0;0;0;0;0;0;0;0;0;0;0;0;0;0;0;0;0;0;0;0;0;0;0;0;0;0;0;0;0;0;;;;;;;;;;;;;;;;;;
22.01.2025;02:13;A 22;1;0;0;0;0;0;0;0;0;0;0;0;0;0;0;0;0;0;0;0;0;0;0;0;0;0;0;0;0;0;0;0;0;0;0;0;0;0;0;0;0;0;0;0;0;0;0;0;0;0;0;0;0;0;0;0;0;0;0;0;0;0;0;0;0;0;0;0;0;0;0;;;;;;;;;;;;;;;;;;
22.01.2025;02:12;A 22;1;0;0;0;0;0;0;0;0;0;0;0;0;0;0;0;0;0;0;0;0;0;0;0;0;0;0;0;0;0;0;0;0;0;0;0;0;0;0;0;0;0;0;0;0;0;0;0;0;0;0;0;0;0;0;0;0;0;0;0;0;0;0;0;0;0;0;0;0;0;0;;;;;;;;;;;;;;;;;;
22.01.2025;02:11;A 22;1;0;0;2;1;0;0;1;0;0;0;0;0;0;0;0;0;0;0;0;0;0;0;0;0;0;0;0;0;0;0;0;0;0;0;0;0;0;0;0;0;0;0;0;0;0;0;0;0;0;0;0;0;0;0;0;0;0;0;0;0;0;0;0;0;0;0;0;0;0;0;;;;;;;;;;;;;;;;;;
22.01.2025;02:10;A 22;1;0;0;0;0;0;0;0;0;0;0;0;0;1;1;1;2;0;0;0;0;1;4;0;0;0;0;0;0;0;0;0;0;0;0;0;0;0;0;0;0;0;0;0;0;0;0;0;0;0;0;0;0;0;0;0;0;0;0;0;0;0;0;0;0;0;0;0;0;0;0;;;;;;;;;;;;;;;;;;
22.01.2025;02:09;A 22;1;0;0;0;0;0;0;0;0;0;0;0;0;0;0;0;0;0;0;0;0;0;0;0;0;0;0;0;0;0;0;0;0;0;0;0;0;0;0;0;0;0;0;0;0;0;0;0;0;0;0;0;0;0;0;0;0;0;0;0;0;0;0;0;0;0;0;0;0;0;0;;;;;;;;;;;;;;;;;;
22.01.2025;02:08;A 22;1;0;0;0;1;0;0;0;0;0;0;0;0;0;0;0;0;0;0;0;0;0;0;0;0;0;0;0;0;0;0;0;0;0;0;0;0;0;0;0;0;0;0;0;0;0;0;0;0;0;0;0;0;0;0;0;0;0;0;0;0;0;0;0;0;0;0;0;0;0;0;;;;;;;;;;;;;;;;;;
22.01.2025;02:07;A 22;1;0;0;2;0;0;0;1;1;0;0;1;29;1;1;0;0;0;0;1;33;0;0;0;0;0;0;0;0;0;0;0;0;0;0;0;0;0;0;0;0;0;0;0;0;0;0;0;0;0;0;0;0;0;0;0;0;0;0;0;0;0;0;0;0;0;0;0;0;0;0;;;;;;;;;;;;;;;;;;
22.01.2025;02:06;A 22;1;0;0;3;4;0;0;1;0;0;0;0;0;0;0;0;0;0;0;0;0;0;0;0;0;0;0;0;0;0;0;0;0;0;0;0;0;0;0;0;0;0;0;0;0;0;0;0;0;0;0;0;0;0;0;0;0;0;0;0;0;0;0;0;0;0;0;0;0;0;0;;;;;;;;;;;;;;;;;;
22.01.2025;02:05;A 22;1;0;0;1;2;1;0;1;1;0;0;0;0;0;0;0;0;0;0;0;0;0;0;0;0;0;0;0;0;0;0;0;0;0;0;0;0;0;0;0;0;0;0;0;0;0;0;0;0;0;0;0;0;0;0;0;0;0;0;0;0;0;0;0;0;0;0;0;0;0;0;;;;;;;;;;;;;;;;;;
22.01.2025;02:04;A 22;1;0;0;0;0;0;0;0;0;0;0;0;0;0;0;0;0;0;0;0;0;0;0;0;0;0;0;0;0;0;0;0;0;0;0;0;0;0;0;0;0;0;0;0;0;0;0;0;0;0;0;0;0;0;0;0;0;0;0;0;0;0;0;0;0;0;0;0;0;0;0;;;;;;;;;;;;;;;;;;
22.01.2025;02:03;A 22;1;0;0;0;0;0;0;0;0;0;0;0;0;0;0;0;0;0;0;0;0;0;0;0;0;0;0;0;0;0;0;0;0;0;0;0;0;0;0;0;0;0;0;0;0;0;0;0;0;0;0;0;0;0;0;0;0;0;0;0;0;0;0;0;0;0;0;0;0;0;0;;;;;;;;;;;;;;;;;;
22.01.2025;02:02;A 22;1;0;0;0;0;0;0;0;0;0;0;0;0;0;0;0;0;0;0;0;0;0;0;0;0;0;0;0;0;0;0;0;0;0;0;0;0;0;0;0;0;0;0;0;0;0;0;0;0;0;0;0;0;0;0;0;0;0;0;0;0;0;0;0;0;0;0;0;0;0;0;;;;;;;;;;;;;;;;;;
22.01.2025;02:01;A 22;1;0;0;0;0;0;0;0;0;0;0;0;0;0;0;0;0;0;0;0;0;0;0;0;0;0;0;0;0;0;0;0;0;0;0;0;0;0;0;0;0;0;0;0;0;0;0;0;0;0;0;0;0;0;0;0;0;0;0;0;0;0;0;0;0;0;0;0;0;0;0;;;;;;;;;;;;;;;;;;
22.01.2025;02:00;A 22;1;0;0;0;0;0;0;0;0;0;0;0;0;0;0;0;0;0;0;0;0;0;0;0;0;0;0;0;0;0;0;0;0;0;0;0;0;0;0;0;0;0;0;0;0;0;0;0;0;0;0;0;0;0;0;0;0;0;0;0;0;0;0;0;0;0;0;0;0;0;0;;;;;;;;;;;;;;;;;;
22.01.2025;01:59;A 22;1;0;0;0;0;0;0;0;0;0;0;0;0;0;0;0;0;0;0;0;0;0;0;0;0;0;0;0;0;0;0;0;0;0;0;0;0;0;0;0;0;0;0;0;0;0;0;0;0;0;0;0;0;0;0;0;0;0;0;0;0;0;0;0;0;0;0;0;0;0;0;;;;;;;;;;;;;;;;;;
22.01.2025;01:58;A 22;1;0;0;0;0;0;0;0;0;0;0;0;0;0;0;1;22;0;0;0;0;1;7;0;0;0;0;0;0;0;0;0;0;0;0;0;0;0;0;0;0;0;0;0;0;0;0;0;0;0;0;0;0;0;0;0;0;0;0;0;0;0;0;0;0;0;0;0;0;0;0;;;;;;;;;;;;;;;;;;
22.01.2025;01:57;A 22;1;0;0;0;0;0;0;0;0;0;0;0;0;0;0;0;0;0;0;0;0;0;0;0;0;0;0;1;1;0;0;0;0;1;0;0;0;0;0;0;0;0;0;0;0;0;0;0;0;0;0;0;0;0;0;0;0;0;0;0;0;0;0;0;0;0;0;0;0;0;0;;;;;;;;;;;;;;;;;;
22.01.2025;01:56;A 22;1;0;0;0;0;0;0;0;0;0;0;0;0;0;0;0;0;0;0;0;0;0;0;0;0;0;0;0;0;0;0;0;0;0;0;0;0;0;0;0;0;0;0;0;0;0;0;0;0;0;0;0;0;0;0;0;0;0;0;0;0;0;0;0;0;0;0;0;0;0;0;;;;;;;;;;;;;;;;;;
22.01.2025;01:55;A 22;1;0;0;0;0;0;0;0;0;0;0;0;0;0;0;0;0;0;0;0;0;0;0;0;0;0;0;0;0;0;0;0;0;0;0;0;0;0;0;0;0;0;0;0;0;0;0;0;0;0;0;0;0;0;0;0;0;0;0;0;0;0;0;0;0;0;0;0;0;0;0;;;;;;;;;;;;;;;;;;
22.01.2025;01:54;A 22;1;0;0;0;0;0;0;0;0;0;0;0;0;0;0;1;2;0;0;0;0;1;4;0;0;0;0;0;0;0;0;0;0;0;0;0;0;0;0;0;0;0;0;0;0;0;0;0;0;0;0;0;0;0;0;0;0;0;0;0;0;0;0;0;0;0;0;0;0;0;0;;;;;;;;;;;;;;;;;;
22.01.2025;01:53;A 22;1;0;0;0;0;0;0;0;0;0;0;0;0;0;0;0;0;0;0;0;0;0;0;0;0;0;0;0;0;0;0;0;0;0;0;0;0;0;0;0;0;0;0;0;0;0;0;0;0;0;0;0;0;0;0;0;0;0;0;0;0;0;0;0;0;0;0;0;0;0;0;;;;;;;;;;;;;;;;;;
22.01.2025;01:52;A 22;1;0;0;2;1;0;0;1;0;0;0;0;0;0;0;0;0;0;0;0;0;0;0;0;0;0;0;0;0;0;0;0;0;0;0;0;0;0;0;0;0;0;0;0;0;0;0;0;0;0;0;0;0;0;0;0;0;0;0;0;0;0;0;0;0;0;0;0;0;0;0;;;;;;;;;;;;;;;;;;
22.01.2025;01:51;A 22;1;0;0;0;0;0;0;0;0;0;0;0;0;0;0;1;21;0;0;0;0;1;8;0;0;0;0;0;0;0;0;0;0;0;0;0;0;0;0;0;0;0;0;0;0;0;0;0;0;0;0;0;0;0;0;0;0;0;0;0;0;0;0;0;0;0;0;0;0;0;0;;;;;;;;;;;;;;;;;;
22.01.2025;01:50;A 22;1;0;0;0;0;0;0;0;0;0;0;0;0;0;0;0;0;0;0;0;0;0;0;0;0;0;0;0;0;0;0;0;0;0;0;0;0;0;0;0;0;0;0;0;0;0;0;0;0;0;0;0;0;0;0;0;0;0;0;0;0;0;0;0;0;0;0;0;0;0;0;;;;;;;;;;;;;;;;;;
22.01.2025;01:49;A 22;1;0;0;3;8;0;0;2;3;0;0;0;0;0;0;0;0;0;0;0;0;0;0;0;0;0;0;0;0;0;0;0;0;0;0;0;0;0;0;0;0;0;0;0;0;0;0;0;0;0;0;0;0;0;0;0;0;0;0;0;0;0;0;0;0;0;0;0;0;0;0;;;;;;;;;;;;;;;;;;
22.01.2025;01:48;A 22;1;0;0;0;0;0;0;0;0;0;0;0;0;0;0;0;0;0;0;0;0;0;0;0;0;0;0;0;0;0;0;0;0;0;0;0;0;0;0;0;0;0;0;0;0;0;0;0;0;0;0;0;0;0;0;0;0;0;0;0;0;0;0;0;0;0;0;0;0;0;0;;;;;;;;;;;;;;;;;;
22.01.2025;01:47;A 22;1;0;0;0;0;0;0;0;0;0;0;0;0;0;0;0;0;0;0;0;0;0;0;0;0;0;0;0;0;0;0;0;0;0;0;0;0;0;0;0;0;0;0;0;0;0;0;0;0;0;0;0;0;0;0;0;0;0;0;0;0;0;0;0;0;0;0;0;0;0;0;;;;;;;;;;;;;;;;;;
22.01.2025;01:46;A 22;1;0;0;0;0;0;0;0;0;0;0;0;0;0;0;0;0;0;0;0;0;0;0;0;0;0;0;0;0;0;0;0;0;0;0;0;0;1;26;0;0;1;7;0;0;0;0;0;0;0;0;0;0;0;0;0;0;0;0;0;0;0;0;0;0;0;0;0;0;0;0;;;;;;;;;;;;;;;;;;
22.01.2025;01:45;A 22;1;0;0;0;0;0;0;0;0;0;0;0;0;0;0;1;22;0;0;0;0;1;27;0;0;1;4;2;5;0;0;0;13;1;0;0;0;0;0;0;0;0;0;0;0;0;0;0;0;0;0;0;0;0;0;0;0;0;0;0;0;0;0;0;0;0;0;0;0;0;0;;;;;;;;;;;;;;;;;;
22.01.2025;01:44;A 22;1;0;0;0;0;0;0;0;0;0;0;0;0;0;0;0;0;0;0;0;0;0;0;0;0;0;0;0;0;0;0;1;6;0;0;0;0;0;0;0;0;0;0;0;0;0;0;0;0;0;0;0;0;0;0;0;0;0;0;0;0;0;0;0;0;0;0;0;0;0;0;;;;;;;;;;;;;;;;;;
22.01.2025;01:43;A 22;1;0;0;0;0;0;0;0;0;0;0;0;0;0;0;0;0;0;0;0;0;0;0;0;0;0;0;0;0;0;0;0;0;0;0;0;0;0;0;0;0;0;0;0;0;0;0;0;0;0;0;0;0;0;0;0;0;0;0;0;0;0;0;0;0;0;0;0;0;0;0;;;;;;;;;;;;;;;;;;
22.01.2025;01:42;A 22;1;0;0;0;0;0;0;0;0;0;0;0;0;1;0;0;0;1;2;0;0;1;0;0;0;0;0;0;0;0;0;1;1;0;0;0;0;0;0;0;0;0;0;0;0;0;0;0;0;0;0;0;0;0;0;0;0;0;0;0;0;0;0;0;0;0;0;0;0;0;0;;;;;;;;;;;;;;;;;;
22.01.2025;01:41;A 22;1;0;0;2;2;0;0;1;1;0;0;0;0;0;0;1;20;0;0;0;0;1;9;0;0;0;0;0;0;0;0;0;0;0;0;0;0;0;0;0;0;0;0;0;0;0;0;0;0;0;0;0;0;0;0;0;0;0;0;0;0;0;0;0;0;0;0;0;0;0;0;;;;;;;;;;;;;;;;;;
22.01.2025;01:40;A 22;1;0;0;0;0;0;0;0;0;0;0;0;0;0;0;0;0;0;0;0;0;0;0;0;0;0;0;0;0;0;0;0;0;0;0;0;0;0;0;0;0;0;0;0;0;0;0;0;0;0;0;0;0;0;0;0;0;0;0;0;0;0;0;0;0;0;0;0;0;0;0;;;;;;;;;;;;;;;;;;
22.01.2025;01:39;A 22;1;0;0;2;4;0;0;1;1;0;0;0;0;0;0;0;0;0;0;0;0;0;0;0;0;0;0;0;0;0;0;0;0;0;0;0;0;0;0;0;0;0;0;0;0;0;0;0;0;0;0;0;0;0;0;0;0;0;0;0;0;0;0;0;0;0;0;0;0;0;0;;;;;;;;;;;;;;;;;;
22.01.2025;01:38;A 22;1;0;0;2;2;0;0;1;0;0;0;0;0;0;0;0;0;0;0;0;0;0;0;0;0;0;0;1;2;0;0;0;0;0;0;0;0;0;0;0;0;0;0;0;0;0;0;0;0;0;0;0;0;0;0;0;0;0;0;0;0;0;0;0;0;0;0;0;0;0;0;;;;;;;;;;;;;;;;;;
22.01.2025;01:37;A 22;1;0;0;0;0;0;0;0;0;0;0;0;0;0;0;0;0;0;0;0;0;0;0;0;0;0;0;2;4;0;0;0;0;3;3;0;0;0;0;0;0;0;0;0;0;0;0;0;0;0;0;0;0;0;0;0;0;0;0;0;0;0;0;0;0;0;0;0;0;0;0;;;;;;;;;;;;;;;;;;
22.01.2025;01:36;A 22;1;0;0;2;4;0;0;1;1;0;0;0;0;0;0;1;1;0;0;0;0;0;0;0;0;0;0;0;0;0;0;0;0;0;0;0;0;0;0;0;0;0;0;0;0;0;0;0;0;0;0;0;0;0;0;0;0;0;0;0;0;0;0;0;0;0;0;0;0;0;0;;;;;;;;;;;;;;;;;;
22.01.2025;01:35;A 22;1;0;0;0;0;0;0;0;0;0;0;0;0;0;0;0;0;0;0;0;0;0;0;0;0;0;0;0;0;0;0;0;0;0;0;0;0;1;43;0;0;1;51;0;0;0;0;0;0;0;0;0;0;0;0;0;0;0;0;0;0;0;0;0;0;0;0;0;0;0;0;;;;;;;;;;;;;;;;;;
22.01.2025;01:34;A 22;1;0;0;0;0;0;0;0;0;0;0;0;0;0;0;0;0;0;0;0;0;0;0;0;0;0;0;2;2;0;0;0;0;1;1;0;0;0;0;0;0;0;0;0;0;0;0;0;0;0;0;1;1;0;0;0;0;0;0;0;0;0;0;0;0;0;0;0;0;0;0;;;;;;;;;;;;;;;;;;
22.01.2025;01:33;A 22;1;0;0;1;2;0;0;1;1;0;0;0;0;0;0;0;0;0;0;0;0;0;0;0;0;0;0;0;0;0;0;0;0;0;0;0;0;0;0;0;0;0;0;0;0;0;0;0;0;0;0;0;0;0;0;0;0;0;0;0;0;0;0;0;0;0;0;0;0;0;0;;;;;;;;;;;;;;;;;;
22.01.2025;01:32;A 22;1;0;0;0;0;0;0;0;0;0;0;0;0;1;25;1;49;0;0;0;0;2;25;0;0;0;0;0;0;0;0;0;0;0;0;0;0;0;0;0;0;0;0;0;0;0;0;0;0;0;0;0;0;0;0;0;0;0;0;0;0;0;0;0;0;0;0;0;0;0;0;;;;;;;;;;;;;;;;;;
22.01.2025;01:31;A 22;1;0;0;2;4;0;0;2;1;0;0;0;0;0;0;1;1;0;0;0;0;1;5;0;0;0;0;1;3;0;0;0;0;1;0;0;0;0;0;0;0;0;0;0;0;0;0;0;0;0;0;0;0;0;0;0;0;0;0;0;0;0;0;0;0;0;0;0;0;0;0;;;;;;;;;;;;;;;;;;
22.01.2025;01:30;A 22;1;0;0;0;0;0;0;0;0;0;0;0;0;0;0;0;0;0;0;0;0;0;0;0;0;0;0;0;0;0;0;0;0;0;0;0;0;0;0;0;0;0;0;0;0;0;0;0;0;0;0;0;0;0;0;0;0;0;0;0;0;0;0;0;0;0;0;0;0;0;0;;;;;;;;;;;;;;;;;;
22.01.2025;01:29;A 22;1;0;0;0;0;0;0;0;0;0;0;0;0;0;0;1;22;0;0;1;3;1;27;0;0;0;0;1;1;0;0;0;0;0;0;0;0;0;0;0;0;0;0;0;0;0;0;0;0;0;0;0;0;0;0;0;0;0;0;0;0;0;0;0;0;0;0;0;0;0;0;;;;;;;;;;;;;;;;;;
22.01.2025;01:28;A 22;1;0;0;0;0;0;0;0;0;0;0;0;0;0;0;0;0;0;0;0;0;0;0;0;0;0;0;0;0;0;0;0;0;1;0;0;0;0;0;0;0;0;0;0;0;0;0;0;0;0;0;0;0;0;0;0;0;0;0;0;0;0;0;0;0;0;0;0;0;0;0;;;;;;;;;;;;;;;;;;
22.01.2025;01:27;A 22;1;0;0;0;0;0;0;0;0;0;0;0;0;0;37;0;77;0;0;0;0;0;78;0;0;0;0;0;0;0;0;0;0;0;0;0;0;0;0;0;0;0;0;0;0;0;0;0;0;0;0;0;0;0;0;0;0;0;0;0;0;0;0;0;0;0;0;0;0;0;0;;;;;;;;;;;;;;;;;;
22.01.2025;01:26;A 22;1;0;0;2;1;0;0;1;1;0;0;0;0;1;24;1;34;0;0;0;76;1;17;0;0;0;0;1;2;0;0;0;0;1;0;0;0;0;0;0;0;0;0;0;0;0;0;1;1;1;1;0;0;0;0;0;0;0;0;1;1;1;1;0;0;0;0;0;0;0;0;;;;;;;;;;;;;;;;;;
22.01.2025;01:25;A 22;1;0;0;1;3;0;0;1;1;0;0;0;0;0;0;1;30;0;0;0;100;1;35;0;0;0;0;1;1;0;0;0;0;1;0;0;0;0;0;0;0;0;0;0;0;0;0;0;0;0;0;0;0;0;0;0;0;0;0;0;0;0;0;0;0;0;0;0;0;0;0;;;;;;;;;;;;;;;;;;
22.01.2025;01:24;A 22;1;0;0;0;0;0;0;0;0;0;0;0;0;0;0;0;0;0;0;0;100;0;0;0;0;0;0;1;1;0;0;0;0;1;0;0;0;0;0;0;0;0;0;0;0;0;0;0;0;0;0;0;0;0;0;0;0;0;0;0;0;0;0;0;0;0;0;0;0;0;0;;;;;;;;;;;;;;;;;;
22.01.2025;01:23;A 22;1;0;0;0;0;0;0;0;0;0;0;0;0;0;0;0;0;0;0;0;100;0;0;0;0;0;0;0;0;0;0;0;0;0;0;0;0;0;0;0;0;0;0;0;0;0;0;0;0;0;0;0;0;0;0;0;0;0;0;0;0;0;0;0;0;0;0;0;0;0;0;;;;;;;;;;;;;;;;;;
22.01.2025;01:22;A 22;1;0;0;0;0;0;0;0;0;0;0;0;0;0;0;0;0;0;0;0;100;0;0;0;0;0;0;0;0;0;0;0;0;0;0;0;0;0;0;0;0;0;0;0;0;0;0;0;0;0;0;0;0;0;0;0;0;0;0;0;0;0;0;0;0;0;0;0;0;0;0;;;;;;;;;;;;;;;;;;
22.01.2025;01:21;A 22;1;0;0;0;0;0;0;0;0;0;0;0;0;0;0;0;0;0;0;1;76;0;0;0;0;0;0;0;0;0;0;0;0;0;0;0;0;0;0;0;0;0;0;0;0;0;0;0;0;0;0;0;0;0;0;0;0;0;0;0;0;0;0;0;0;0;0;0;0;0;0;;;;;;;;;;;;;;;;;;
22.01.2025;01:20;A 22;1;0;0;0;0;0;0;0;0;0;0;0;0;0;0;0;0;0;0;0;0;0;0;0;0;0;0;0;0;0;0;0;0;0;0;0;0;0;0;0;0;0;0;0;0;0;0;0;0;0;0;0;0;0;0;0;0;0;0;0;0;0;0;0;0;0;0;0;0;0;0;;;;;;;;;;;;;;;;;;
22.01.2025;01:19;A 22;1;0;0;1;3;0;0;1;1;0;0;0;0;0;0;0;0;0;0;0;0;0;0;0;0;0;0;1;1;0;0;0;0;1;0;0;0;0;0;0;0;0;0;0;0;0;0;0;0;0;0;0;0;0;0;0;0;0;0;0;0;0;0;0;0;0;0;0;0;0;0;;;;;;;;;;;;;;;;;;
22.01.2025;01:18;A 22;1;0;0;0;0;0;0;0;0;0;0;0;0;0;0;0;0;0;0;0;0;0;0;0;0;0;0;1;2;0;0;0;0;1;0;0;0;0;0;0;0;0;0;0;0;0;0;0;0;0;0;0;0;0;0;0;0;0;0;0;0;0;0;0;0;0;0;0;0;0;0;;;;;;;;;;;;;;;;;;
22.01.2025;01:17;A 22;1;0;0;0;0;0;0;1;0;0;0;0;0;0;0;0;0;0;0;0;0;0;0;0;0;0;0;0;0;0;0;0;0;0;0;0;0;0;0;0;0;0;0;0;0;0;0;0;0;0;0;0;0;0;0;0;0;0;0;0;0;0;0;0;0;0;0;0;0;0;0;;;;;;;;;;;;;;;;;;
22.01.2025;01:16;A 22;1;0;0;2;2;0;0;1;0;0;0;0;0;0;0;0;0;0;0;0;0;0;0;0;0;0;0;1;2;0;0;0;0;1;0;0;0;0;0;0;0;0;0;0;0;0;0;0;0;0;0;0;0;0;0;0;0;0;0;0;0;0;0;0;0;0;0;0;0;0;0;;;;;;;;;;;;;;;;;;
22.01.2025;01:15;A 22;1;0;0;1;4;0;0;1;1;0;0;0;0;0;0;0;0;0;0;0;0;0;0;0;0;0;0;0;0;0;0;0;0;0;0;0;0;0;0;0;0;0;0;0;0;0;0;0;0;0;0;0;0;0;0;0;0;0;0;0;0;0;0;0;0;0;0;0;0;0;0;;;;;;;;;;;;;;;;;;
22.01.2025;01:14;A 22;1;0;0;0;0;0;0;0;0;0;0;0;0;0;0;0;0;0;0;0;0;0;0;0;0;0;0;0;0;0;0;0;0;0;0;0;0;0;0;0;0;0;0;0;0;0;0;0;0;0;0;0;0;0;0;0;0;0;0;0;0;0;0;0;0;0;0;0;0;0;0;;;;;;;;;;;;;;;;;;
22.01.2025;01:13;A 22;1;0;0;2;2;0;0;1;0;0;0;0;0;0;0;0;0;0;0;0;0;0;0;0;0;0;0;0;0;0;0;0;0;0;0;0;0;0;0;0;0;0;0;0;0;0;0;0;0;0;0;0;0;0;0;0;0;0;0;0;0;0;0;0;0;0;0;0;0;0;0;;;;;;;;;;;;;;;;;;
22.01.2025;01:12;A 22;1;0;0;1;2;0;0;1;0;0;0;0;0;2;1;0;0;1;5;0;0;0;0;0;0;0;0;0;0;0;0;0;0;0;0;0;0;0;0;0;0;0;0;0;0;0;0;0;0;0;0;0;0;0;0;0;0;0;0;0;0;0;0;0;0;0;0;0;0;0;0;;;;;;;;;;;;;;;;;;
22.01.2025;01:11;A 22;1;0;0;2;4;0;0;2;1;0;0;0;0;0;0;0;0;0;0;0;0;0;0;0;0;0;0;0;0;0;0;0;0;0;0;0;0;0;0;0;0;0;0;0;0;0;0;0;0;0;0;0;0;0;0;0;0;0;0;0;0;0;0;0;0;0;0;0;0;0;0;;;;;;;;;;;;;;;;;;
22.01.2025;01:10;A 22;1;0;0;2;3;0;0;1;1;0;0;0;0;0;0;0;0;0;0;0;0;0;0;0;0;0;0;1;3;0;0;0;0;1;0;0;0;0;0;0;0;0;0;0;0;0;0;0;0;0;0;0;0;0;0;0;0;0;0;0;0;0;0;0;0;0;0;0;0;0;0;;;;;;;;;;;;;;;;;;
22.01.2025;01:09;A 22;1;0;0;0;0;0;0;0;0;0;0;0;0;0;0;0;0;0;0;0;0;0;0;0;0;0;0;0;0;0;0;0;0;0;0;0;0;0;0;0;0;0;0;0;0;0;0;0;0;1;1;0;0;0;0;0;0;0;0;0;0;0;0;0;0;0;0;0;0;0;0;;;;;;;;;;;;;;;;;;
22.01.2025;01:08;A 22;1;0;0;2;3;0;0;1;0;0;0;0;0;0;0;1;21;0;0;0;0;1;24;0;0;0;0;0;0;0;0;0;0;0;0;0;0;0;0;0;0;0;0;0;0;0;0;0;0;0;0;0;0;0;0;0;0;0;0;0;0;0;0;0;0;0;0;0;0;0;0;;;;;;;;;;;;;;;;;;
22.01.2025;01:07;A 22;1;0;0;0;0;0;0;0;0;0;0;0;0;0;0;0;0;0;0;0;0;0;0;0;0;0;0;0;0;0;0;0;0;0;0;0;0;0;0;0;0;0;0;0;0;0;0;0;0;0;0;0;0;0;0;0;0;0;0;0;0;0;0;0;0;0;0;0;0;0;0;;;;;;;;;;;;;;;;;;
22.01.2025;01:06;A 22;1;0;0;2;5;0;0;1;1;0;0;0;0;0;0;0;0;0;0;0;0;0;0;0;0;0;0;0;0;0;0;0;0;0;0;0;0;0;0;0;0;0;0;0;0;0;0;0;0;0;0;0;0;0;0;0;0;0;0;0;0;0;0;0;0;0;0;0;0;0;0;;;;;;;;;;;;;;;;;;
22.01.2025;01:05;A 22;1;0;0;0;0;0;0;0;0;0;0;0;0;0;0;0;0;0;0;0;0;0;0;0;0;0;0;0;0;0;0;0;0;0;0;0;0;0;0;0;0;0;0;0;0;0;0;0;0;0;0;0;0;0;0;0;0;0;0;0;0;0;0;0;0;0;0;0;0;0;0;;;;;;;;;;;;;;;;;;
22.01.2025;01:04;A 22;1;0;0;2;3;0;0;1;0;0;0;0;0;0;0;0;0;0;0;0;0;0;0;0;0;0;0;0;0;0;0;0;0;0;0;0;0;0;0;0;0;0;0;0;0;0;0;0;0;0;0;0;0;0;0;0;0;0;0;0;0;0;0;0;0;0;0;0;0;0;0;;;;;;;;;;;;;;;;;;
22.01.2025;01:03;A 22;1;0;0;0;0;0;0;0;0;0;0;1;2;0;0;0;0;0;0;1;5;0;0;0;0;0;0;0;0;0;0;0;0;0;0;0;0;0;0;0;0;0;0;0;0;0;0;0;0;0;0;0;0;0;0;0;0;0;0;0;0;0;0;0;0;0;0;0;0;0;0;;;;;;;;;;;;;;;;;;
22.01.2025;01:02;A 22;1;0;0;2;2;0;0;1;0;0;0;0;0;0;0;0;0;0;0;0;0;0;0;0;0;0;0;0;0;0;0;0;0;0;0;0;0;0;0;0;0;0;0;0;0;0;0;0;0;0;0;0;0;0;0;0;0;0;0;0;0;0;0;0;0;0;0;0;0;0;0;;;;;;;;;;;;;;;;;;
22.01.2025;01:01;A 22;1;0;0;0;0;1;0;0;0;0;0;0;0;0;0;1;21;0;0;0;0;1;11;0;0;0;0;0;0;0;0;0;0;0;0;0;0;0;0;0;0;0;0;0;0;0;0;0;0;0;0;0;0;0;0;0;0;0;0;0;0;0;0;0;0;0;0;0;0;0;0;;;;;;;;;;;;;;;;;;
22.01.2025;01:00;A 22;1;0;0;0;0;0;0;3;0;0;0;0;0;0;0;0;0;0;0;0;0;0;0;0;0;0;0;0;0;0;0;0;0;0;0;0;0;0;0;0;0;0;0;0;0;0;0;0;0;0;0;0;0;0;0;0;0;0;0;0;0;0;0;0;0;0;0;0;0;0;0;;;;;;;;;;;;;;;;;;
