Datum;Uhrzeit;Bezeichnung;Intervall;D11Z;D11B;D21Z;D21B;D41Z;D41B;D42Z;D42B;B426_MP4Z;B426_MP4B;MP1Z;MP1B;MP2Z;MP2B;MP3Z;MP3B;T1_4Z;T1_4B;T2_3Z;T2_3B
08.06.2024;02:00;A118;1;0;0;2;1;1;1;1;0;0;0;0;0;0;0;0;0;0;0;0;0
08.06.2024;01:59;A118;1;0;0;3;2;1;1;0;0;0;0;0;0;0;0;0;0;0;0;0;0
08.06.2024;01:58;A118;1;0;0;1;1;1;1;1;0;0;0;0;0;0;0;0;0;0;0;0;0
08.06.2024;01:57;A118;1;0;0;1;1;0;0;0;0;0;0;0;0;0;0;0;0;0;0;0;0
08.06.2024;01:56;A118;1;1;35;1;1;2;2;0;0;0;0;0;0;0;0;0;0;0;0;0;0
08.06.2024;01:55;A118;1;0;0;0;0;2;1;0;0;0;0;0;0;0;0;0;0;0;0;0;0
08.06.2024;01:54;A118;1;0;0;3;3;0;0;0;0;0;0;0;0;0;0;0;0;0;0;0;0
08.06.2024;01:53;A118;1;0;0;2;1;2;1;0;0;0;0;0;0;0;0;0;0;0;0;0;0
08.06.2024;01:52;A118;1;0;0;2;1;1;1;0;0;0;0;0;0;0;0;0;0;0;0;0;0
08.06.2024;01:51;A118;1;0;0;1;1;2;2;1;0;0;0;0;0;0;0;0;0;0;0;0;0
08.06.2024;01:50;A118;1;0;0;1;1;1;1;0;0;0;0;0;0;0;0;0;0;0;0;0;0
08.06.2024;01:49;A118;1;0;0;5;3;1;2;2;2;0;0;0;0;0;0;0;0;0;0;0;0
08.06.2024;01:48;A118;1;0;0;0;0;0;0;0;0;0;0;0;0;0;0;0;0;0;0;0;0
08.06.2024;01:47;A118;1;0;0;0;0;2;3;2;1;0;0;0;0;0;0;0;0;0;0;0;0
08.06.2024;01:46;A118;1;0;0;3;6;0;0;2;2;0;0;1;1;1;1;0;0;0;0;0;0
08.06.2024;01:45;A118;1;1;1;2;2;1;1;1;0;0;0;0;0;0;0;0;0;0;0;0;0
08.06.2024;01:44;A118;1;0;0;3;2;0;0;0;0;0;0;0;0;0;0;0;0;0;0;0;0
08.06.2024;01:43;A118;1;0;0;0;0;0;0;0;0;0;0;0;0;0;0;0;0;0;0;0;0
08.06.2024;01:42;A118;1;0;0;0;0;2;1;0;0;0;0;0;0;0;0;0;0;0;0;0;0
08.06.2024;01:41;A118;1;0;0;1;1;2;2;1;1;0;0;0;0;0;0;0;0;0;0;0;0
08.06.2024;01:40;A118;1;0;0;1;1;2;2;1;0;0;0;0;0;0;0;0;0;0;0;0;0
08.06.2024;01:39;A118;1;0;0;1;1;0;0;0;0;0;0;0;0;0;0;0;0;0;0;0;0
08.06.2024;01:38;A118;1;0;6;0;0;0;0;0;0;0;0;0;0;0;0;0;0;0;0;0;0
08.06.2024;01:37;A118;1;1;27;2;1;0;0;0;0;0;0;0;0;0;0;0;0;0;0;0;0
08.06.2024;01:36;A118;1;0;0;1;1;1;1;2;1;0;0;0;0;0;0;0;0;0;0;0;0
08.06.2024;01:35;A118;1;0;0;1;1;1;1;1;1;0;0;0;0;0;0;0;0;0;0;0;0
08.06.2024;01:34;A118;1;0;0;1;1;1;1;1;1;0;0;0;0;0;0;0;0;0;0;0;0
08.06.2024;01:33;A118;1;0;0;2;2;1;1;0;0;0;0;0;0;0;0;0;0;0;0;0;0
08.06.2024;01:32;A118;1;0;0;1;1;0;0;0;0;0;0;0;0;0;0;0;0;0;0;0;0
08.06.2024;01:31;A118;1;0;0;2;1;4;3;0;0;0;0;0;0;0;0;0;0;0;0;0;0
08.06.2024;01:30;A118;1;0;0;2;1;1;1;1;0;0;0;0;0;0;0;0;0;0;0;0;0
08.06.2024;01:29;A118;1;0;0;1;1;0;0;1;1;0;0;0;0;0;0;0;0;0;0;0;0
08.06.2024;01:28;A118;1;0;0;3;2;1;1;1;0;0;0;0;0;0;0;0;0;0;0;0;0
08.06.2024;01:27;A118;1;0;0;2;1;2;1;0;0;0;0;0;0;0;0;0;0;0;0;0;0
08.06.2024;01:26;A118;1;0;0;0;0;0;0;0;0;0;0;0;0;0;0;0;0;0;0;0;0
08.06.2024;01:25;A118;1;0;0;1;1;0;0;0;0;0;0;0;0;0;0;0;0;0;0;0;0
08.06.2024;01:24;A118;1;0;0;1;1;4;3;0;0;0;0;0;0;0;0;0;0;0;0;0;0
08.06.2024;01:23;A118;1;0;0;1;1;1;1;0;0;0;0;0;0;0;0;0;0;0;0;0;0
08.06.2024;01:22;A118;1;0;0;0;0;2;1;1;0;0;0;0;0;0;0;0;0;0;0;0;0
08.06.2024;01:21;A118;1;0;0;3;2;1;1;3;1;0;0;0;0;0;0;0;0;0;0;0;0
08.06.2024;01:20;A118;1;0;0;2;3;2;1;2;2;0;0;0;0;0;0;0;0;0;0;0;0
08.06.2024;01:19;A118;1;0;0;0;0;1;1;0;0;0;0;0;0;0;0;0;0;0;0;0;0
08.06.2024;01:18;A118;1;0;0;0;0;0;0;0;0;0;0;0;0;0;0;0;0;0;0;0;0
08.06.2024;01:17;A118;1;0;0;1;1;2;2;1;0;0;0;0;0;0;0;0;0;0;0;0;0
08.06.2024;01:16;A118;1;0;0;0;0;2;4;2;1;1;1;0;0;0;0;1;1;0;0;0;0
08.06.2024;01:15;A118;1;0;0;0;0;1;1;0;0;0;0;0;0;0;0;0;0;0;0;0;0
08.06.2024;01:14;A118;1;0;0;2;1;2;2;0;0;0;0;0;0;0;0;0;0;0;0;0;0
08.06.2024;01:13;A118;1;0;0;2;2;3;2;0;0;0;0;0;0;0;0;0;0;0;0;0;0
08.06.2024;01:12;A118;1;0;0;1;1;1;1;0;0;0;0;0;0;0;0;0;0;0;0;0;0
08.06.2024;01:11;A118;1;0;35;5;6;3;3;0;0;0;0;0;0;0;0;0;0;0;0;0;0
08.06.2024;01:10;A118;1;1;3;4;5;2;2;2;1;0;0;0;0;0;0;0;0;0;0;0;0
08.06.2024;01:09;A118;1;0;0;1;1;1;1;0;0;0;0;0;0;0;0;0;0;0;0;0;0
08.06.2024;01:08;A118;1;0;0;1;2;1;1;0;0;0;0;0;0;0;0;0;0;1;3;0;0
08.06.2024;01:07;A118;1;0;0;4;3;0;0;2;1;0;0;0;0;0;0;0;0;0;0;0;0
08.06.2024;01:06;A118;1;0;0;3;2;1;1;0;0;0;0;0;0;0;0;0;0;0;0;0;0
08.06.2024;01:05;A118;1;0;0;3;2;2;2;1;0;0;0;0;0;0;0;0;0;0;0;0;0
08.06.2024;01:04;A118;1;0;0;2;2;0;0;0;0;0;0;0;0;0;0;0;0;0;0;0;0
08.06.2024;01:03;A118;1;0;0;3;2;1;1;2;1;0;0;0;0;0;0;0;0;0;0;0;0
08.06.2024;01:02;A118;1;0;0;1;1;1;1;0;0;0;0;0;0;0;0;0;0;0;0;0;0
08.06.2024;01:01;A118;1;0;0;0;0;0;0;0;0;0;0;0;0;0;0;0;0;0;0;0;0
08.06.2024;01:00;A118;1;0;0;1;1;0;0;0;0;0;0;0;0;0;0;0;0;0;0;0;0
08.06.2024;00:59;A118;1;0;0;2;1;2;2;1;1;0;0;0;0;0;0;0;0;0;0;0;0
08.06.2024;00:58;A118;1;0;0;1;1;1;1;0;0;0;0;0;0;0;0;0;0;0;0;0;0
08.06.2024;00:57;A118;1;0;0;0;0;2;1;0;0;0;0;0;0;0;0;0;0;0;0;0;0
08.06.2024;00:56;A118;1;0;0;1;1;2;2;0;0;0;0;0;0;0;0;0;0;0;0;0;0
08.06.2024;00:55;A118;1;0;0;1;1;2;2;2;1;0;0;0;0;0;0;0;0;0;0;0;0
08.06.2024;00:54;A118;1;1;33;2;1;1;2;0;0;0;0;0;0;0;0;0;0;0;0;0;0
08.06.2024;00:53;A118;1;0;0;3;2;2;1;2;1;0;0;0;0;0;0;0;0;0;0;0;0
08.06.2024;00:52;A118;1;0;0;2;2;1;1;1;1;0;0;0;0;0;0;0;0;0;0;0;0
08.06.2024;00:51;A118;1;0;0;1;1;0;0;1;0;0;0;0;0;0;0;0;0;0;0;0;0
08.06.2024;00:50;A118;1;0;0;2;1;2;3;1;1;0;0;0;0;0;0;0;0;0;0;0;0
08.06.2024;00:49;A118;1;0;0;0;0;0;0;0;0;0;0;0;0;0;0;0;0;0;0;0;0
08.06.2024;00:48;A118;1;0;0;1;4;2;2;4;2;0;0;1;1;1;1;0;0;0;0;0;0
08.06.2024;00:47;A118;1;0;0;3;2;2;2;1;0;0;0;0;0;0;0;0;0;0;0;0;0
08.06.2024;00:46;A118;1;0;1;4;3;1;1;1;1;0;0;0;0;0;0;0;0;0;0;0;0
08.06.2024;00:45;A118;1;1;32;2;1;0;0;0;0;0;0;0;0;0;0;0;0;0;0;0;0
08.06.2024;00:44;A118;1;0;0;2;2;2;1;0;0;0;0;0;0;0;0;0;0;0;0;0;0
08.06.2024;00:43;A118;1;0;0;1;1;1;1;1;1;0;0;0;0;0;0;0;0;0;0;0;0
08.06.2024;00:42;A118;1;0;0;1;1;1;1;0;0;0;0;0;0;0;0;0;0;0;0;0;0
08.06.2024;00:41;A118;1;0;0;2;3;1;1;1;0;0;0;0;0;0;0;0;0;0;0;0;0
08.06.2024;00:40;A118;1;0;0;1;1;1;1;1;0;0;0;0;0;0;0;0;0;0;0;0;0
08.06.2024;00:39;A118;1;0;0;3;2;3;2;0;0;0;0;0;0;0;0;0;0;0;0;0;0
08.06.2024;00:38;A118;1;1;32;1;1;3;7;0;0;0;0;0;0;0;0;0;0;0;0;0;0
08.06.2024;00:37;A118;1;0;0;2;1;0;0;0;0;0;0;0;0;0;0;0;0;0;0;0;0
08.06.2024;00:36;A118;1;0;0;0;0;1;1;0;0;0;0;0;0;0;0;0;0;0;0;0;0
08.06.2024;00:35;A118;1;0;0;4;5;2;1;2;1;0;0;0;0;0;0;0;0;0;0;0;0
08.06.2024;00:34;A118;1;0;0;2;2;1;1;0;0;0;0;0;0;0;0;0;0;0;0;0;0
08.06.2024;00:33;A118;1;0;0;2;2;2;2;0;0;0;0;0;0;0;0;0;0;0;0;0;0
08.06.2024;00:32;A118;1;0;0;0;0;2;1;0;0;0;0;0;0;0;0;0;0;0;0;0;0
08.06.2024;00:31;A118;1;0;0;2;2;3;2;0;0;0;0;0;0;0;0;0;0;0;0;0;0
08.06.2024;00:30;A118;1;0;0;3;4;2;2;3;1;0;0;0;0;0;0;0;0;0;0;0;0
08.06.2024;00:29;A118;1;0;0;1;1;3;6;2;3;0;0;0;0;0;0;0;0;0;0;0;0
08.06.2024;00:28;A118;1;0;0;2;2;1;1;0;0;0;0;0;0;0;0;0;0;0;0;0;0
08.06.2024;00:27;A118;1;0;0;0;0;1;1;0;0;0;0;0;0;0;0;0;0;0;0;0;0
08.06.2024;00:26;A118;1;0;0;3;2;3;2;2;1;0;0;0;0;0;0;0;0;0;0;0;0
08.06.2024;00:25;A118;1;0;0;3;2;0;0;1;0;0;0;0;0;0;0;0;0;0;0;0;0
08.06.2024;00:24;A118;1;0;0;3;2;0;0;0;0;0;0;0;0;0;0;0;0;0;0;0;0
08.06.2024;00:23;A118;1;0;0;1;1;7;6;1;0;0;0;0;0;0;0;0;0;0;0;0;0
08.06.2024;00:22;A118;1;0;0;0;0;1;1;0;0;0;0;0;0;0;0;0;0;0;0;0;0
08.06.2024;00:21;A118;1;0;0;3;2;3;2;0;0;0;0;0;0;0;0;0;0;0;0;0;0
08.06.2024;00:20;A118;1;0;0;2;1;1;1;1;0;0;0;0;0;0;0;0;0;0;0;0;0
08.06.2024;00:19;A118;1;0;0;2;1;3;2;1;1;0;0;0;0;0;0;0;0;0;0;0;0
08.06.2024;00:18;A118;1;0;0;2;1;7;6;1;0;0;0;0;0;0;0;0;0;0;0;0;0
08.06.2024;00:17;A118;1;0;0;1;1;3;2;0;0;0;0;0;0;0;0;0;0;0;0;0;0
08.06.2024;00:16;A118;1;0;0;4;3;4;6;1;0;1;1;0;0;0;0;1;1;0;0;0;0
08.06.2024;00:15;A118;1;0;0;1;1;1;1;0;0;0;0;0;0;0;0;0;0;0;0;0;0
08.06.2024;00:14;A118;1;0;0;1;1;1;1;0;0;0;0;0;0;0;0;0;0;0;0;0;0
08.06.2024;00:13;A118;1;0;0;4;3;0;0;1;1;0;0;0;0;0;0;0;0;0;0;0;0
08.06.2024;00:12;A118;1;0;0;5;4;5;3;1;0;0;0;0;0;0;0;0;0;0;0;0;0
08.06.2024;00:11;A118;1;0;0;2;1;2;2;1;0;0;0;0;0;0;0;0;0;0;0;0;0
08.06.2024;00:10;A118;1;0;0;2;3;4;2;2;1;0;0;0;0;0;0;0;0;0;0;0;0
08.06.2024;00:09;A118;1;0;0;3;2;2;1;0;0;0;0;0;0;0;0;0;0;0;0;0;0
08.06.2024;00:08;A118;1;0;0;1;1;4;3;0;0;0;0;0;0;0;0;0;0;0;0;0;0
08.06.2024;00:07;A118;1;0;0;4;3;3;2;2;1;0;0;0;0;0;0;0;0;0;0;0;0
08.06.2024;00:06;A118;1;0;0;1;1;2;1;0;0;0;0;0;0;0;0;0;0;0;0;0;0
08.06.2024;00:05;A118;1;0;0;2;2;1;1;1;0;0;0;0;0;0;0;0;0;0;0;0;0
08.06.2024;00:04;A118;1;0;0;2;2;1;1;0;0;0;0;0;0;0;0;0;0;0;0;0;0
08.06.2024;00:03;A118;1;0;0;4;3;1;1;0;0;0;0;0;0;0;0;0;0;0;0;0;0
08.06.2024;00:02;A118;1;0;0;4;3;1;1;0;0;0;0;0;0;0;0;0;0;0;0;0;0
08.06.2024;00:01;A118;1;0;0;4;3;4;5;2;1;0;0;0;0;0;0;0;0;0;0;0;0
08.06.2024;00:00;A118;1;0;0;0;0;2;3;1;1;0;0;0;0;0;0;0;0;0;0;0;0
07.06.2024;23:59;A118;1;0;0;1;1;1;1;0;0;0;0;0;0;0;0;0;0;0;0;0;0
07.06.2024;23:58;A118;1;0;0;1;1;2;2;0;0;0;0;0;0;0;0;0;0;0;0;0;0
07.06.2024;23:57;A118;1;0;0;0;0;4;2;0;0;0;0;0;0;0;0;0;0;0;0;0;0
07.06.2024;23:56;A118;1;0;0;1;0;3;2;0;0;0;0;0;0;0;0;0;0;0;0;0;0
07.06.2024;23:55;A118;1;0;0;1;1;1;1;0;0;0;0;0;0;0;0;0;0;0;0;0;0
07.06.2024;23:54;A118;1;0;0;1;1;4;4;1;0;0;0;0;0;0;0;0;0;0;0;0;0
07.06.2024;23:53;A118;1;0;0;5;3;1;1;1;0;0;0;0;0;0;0;0;0;0;0;0;0
07.06.2024;23:52;A118;1;1;46;5;5;3;3;0;0;0;0;0;0;0;0;0;0;0;0;0;0
07.06.2024;23:51;A118;1;0;0;1;1;1;1;0;0;0;0;0;0;0;0;0;0;0;0;0;0
07.06.2024;23:50;A118;1;0;32;2;2;0;0;1;1;0;0;0;0;0;0;0;0;0;0;0;0
07.06.2024;23:49;A118;1;1;7;4;4;4;20;3;7;0;0;0;0;0;0;0;0;0;0;0;0
07.06.2024;23:48;A118;1;0;100;0;0;3;3;0;0;0;0;0;0;0;0;0;0;0;0;2;1
07.06.2024;23:47;A118;1;1;3;2;2;2;2;0;0;0;0;0;0;0;0;0;0;0;0;0;0
07.06.2024;23:46;A118;1;0;0;6;8;2;2;1;1;0;0;1;1;1;1;0;0;0;0;0;0
07.06.2024;23:45;A118;1;0;0;3;3;5;4;0;0;0;0;0;0;0;0;0;0;0;0;0;0
07.06.2024;23:44;A118;1;1;33;3;2;0;0;1;0;0;0;0;0;0;0;0;0;0;0;0;0
07.06.2024;23:43;A118;1;1;33;3;7;1;1;0;0;0;0;0;0;0;0;0;0;0;0;0;0
07.06.2024;23:42;A118;1;0;0;3;2;3;2;0;0;0;0;0;0;0;0;0;0;0;0;0;0
07.06.2024;23:41;A118;1;0;0;5;4;1;2;0;0;0;0;0;0;0;0;0;0;0;0;0;0
07.06.2024;23:40;A118;1;1;40;3;2;4;4;2;1;0;0;0;0;0;0;0;0;0;0;0;0
07.06.2024;23:39;A118;1;0;0;1;1;3;3;1;0;0;0;0;0;0;0;0;0;0;0;0;0
07.06.2024;23:38;A118;1;1;1;6;5;3;2;0;0;0;0;0;0;0;0;0;0;0;0;0;0
07.06.2024;23:37;A118;1;0;0;3;2;4;4;0;0;0;0;0;0;0;0;0;0;0;0;0;0
07.06.2024;23:36;A118;1;1;33;0;0;4;4;0;0;0;0;0;0;0;0;0;0;0;0;0;0
07.06.2024;23:35;A118;1;0;0;6;5;2;2;1;0;0;0;0;0;0;0;0;0;0;0;0;0
07.06.2024;23:34;A118;1;0;0;6;5;4;2;0;0;0;0;0;0;0;0;0;0;0;0;0;0
07.06.2024;23:33;A118;1;0;0;6;7;2;1;3;1;0;0;0;0;0;0;0;0;0;0;0;0
07.06.2024;23:32;A118;1;0;0;5;4;2;1;1;0;0;0;0;0;0;0;0;0;0;0;0;0
07.06.2024;23:31;A118;1;0;0;2;2;3;3;0;0;0;0;0;0;0;0;0;0;0;0;0;0
07.06.2024;23:30;A118;1;0;0;4;4;0;1;1;0;0;0;0;0;0;0;0;0;0;0;0;0
07.06.2024;23:29;A118;1;1;35;7;5;4;4;1;0;0;0;0;0;0;0;0;0;0;0;0;0
07.06.2024;23:28;A118;1;0;0;2;2;0;0;0;0;0;0;0;0;0;0;0;0;0;0;0;0
07.06.2024;23:27;A118;1;0;0;3;3;3;2;0;0;0;0;0;0;0;0;0;0;0;0;0;0
07.06.2024;23:26;A118;1;0;0;6;5;3;2;0;0;0;0;0;0;0;0;0;0;0;0;0;0
07.06.2024;23:25;A118;1;1;1;4;3;4;3;2;1;0;0;0;0;0;0;0;0;0;0;0;0
07.06.2024;23:24;A118;1;0;0;4;6;2;2;2;3;0;0;0;0;0;0;0;0;0;0;0;0
07.06.2024;23:23;A118;1;2;1;4;3;1;1;0;0;0;0;0;0;0;0;0;0;0;0;0;0
07.06.2024;23:22;A118;1;0;0;4;3;3;1;2;2;0;0;0;0;0;0;0;0;0;0;0;0
07.06.2024;23:21;A118;1;0;0;3;2;0;0;0;0;0;0;0;0;0;0;0;0;0;0;0;0
07.06.2024;23:20;A118;1;0;0;3;2;3;2;1;0;0;0;0;0;0;0;0;0;0;0;0;0
07.06.2024;23:19;A118;1;0;35;7;7;3;3;0;0;0;0;0;0;0;0;0;0;0;0;0;0
07.06.2024;23:18;A118;1;1;1;3;2;3;2;0;0;0;0;0;0;0;0;0;0;0;0;0;0
07.06.2024;23:17;A118;1;1;41;7;8;2;2;2;2;0;0;0;0;0;0;0;0;0;0;0;0
07.06.2024;23:16;A118;1;2;45;2;2;6;37;2;1;1;1;0;0;0;0;1;1;0;0;0;0
07.06.2024;23:15;A118;1;0;0;8;6;1;2;0;0;0;0;0;0;0;0;0;0;0;0;0;0
07.06.2024;23:14;A118;1;0;0;3;2;4;5;0;0;0;0;0;0;0;0;0;0;0;0;0;0
07.06.2024;23:13;A118;1;0;0;3;2;4;3;0;0;0;0;0;0;0;0;0;0;0;0;0;0
07.06.2024;23:12;A118;1;0;0;1;1;4;3;0;0;0;0;0;0;0;0;0;0;0;0;0;0
07.06.2024;23:11;A118;1;0;0;4;2;6;5;0;0;0;0;0;0;0;0;0;0;0;0;0;0
07.06.2024;23:10;A118;1;0;0;5;6;2;2;4;5;0;0;0;0;0;0;0;0;0;2;1;9
07.06.2024;23:09;A118;1;0;0;3;5;3;3;1;1;0;0;0;0;0;0;0;0;1;1;0;0
07.06.2024;23:08;A118;1;0;0;5;4;4;3;2;1;0;0;0;0;0;0;0;0;0;0;0;0
07.06.2024;23:07;A118;1;0;0;8;6;7;6;0;0;0;0;0;0;0;0;0;0;0;0;0;0
07.06.2024;23:06;A118;1;0;0;8;7;1;1;1;0;0;0;0;0;0;0;0;0;0;0;0;0
07.06.2024;23:05;A118;1;1;1;6;4;1;1;0;0;0;0;0;0;0;0;0;0;0;0;0;0
07.06.2024;23:04;A118;1;0;0;9;11;1;2;3;2;0;0;0;0;0;0;0;0;0;0;0;0
07.06.2024;23:03;A118;1;0;24;4;4;4;3;0;0;0;0;0;0;0;0;0;0;0;0;0;0
07.06.2024;23:02;A118;1;2;56;5;3;3;4;1;0;0;0;0;0;0;0;0;0;0;0;0;0
07.06.2024;23:01;A118;1;0;0;7;6;2;4;3;1;0;0;0;0;0;0;0;0;0;0;0;0
07.06.2024;23:00;A118;1;0;0;1;1;6;5;0;0;0;0;0;0;0;0;0;0;0;0;0;0
07.06.2024;22:59;A118;1;1;2;4;3;1;1;1;0;0;0;0;0;0;0;0;0;0;0;0;0
07.06.2024;22:58;A118;1;0;0;4;3;6;5;0;0;0;0;0;0;0;0;0;0;0;0;0;0
07.06.2024;22:57;A118;1;0;0;3;2;4;3;1;0;0;0;0;0;0;0;0;0;0;0;0;0
07.06.2024;22:56;A118;1;0;0;3;2;4;3;0;0;0;0;0;0;0;0;0;0;0;0;0;0
07.06.2024;22:55;A118;1;0;0;2;1;5;4;0;0;0;0;0;0;0;0;0;0;0;0;0;0
07.06.2024;22:54;A118;1;0;0;3;2;3;2;1;1;0;0;0;0;0;0;0;0;0;0;0;0
07.06.2024;22:53;A118;1;0;0;8;5;3;2;1;1;0;0;0;0;0;0;0;0;0;0;0;0
07.06.2024;22:52;A118;1;2;17;3;5;4;5;1;2;0;0;0;0;0;0;0;0;0;0;0;0
07.06.2024;22:51;A118;1;1;18;4;3;3;3;1;2;0;0;0;0;0;0;0;0;0;0;0;0
07.06.2024;22:50;A118;1;0;0;1;1;4;6;2;3;0;0;0;0;0;0;0;0;0;0;0;0
07.06.2024;22:49;A118;1;0;0;7;6;3;2;0;0;0;0;0;0;0;0;0;0;0;0;0;0
07.06.2024;22:48;A118;1;0;0;4;3;5;4;3;1;0;0;0;0;0;0;0;0;0;0;0;0
07.06.2024;22:47;A118;1;0;0;8;10;4;4;0;0;0;0;1;1;1;1;0;0;0;0;0;0
07.06.2024;22:46;A118;1;0;0;2;1;4;3;0;0;0;0;0;0;0;0;0;0;0;0;0;0
07.06.2024;22:45;A118;1;0;0;2;1;2;2;1;0;0;0;0;0;0;0;0;0;0;0;0;0
07.06.2024;22:44;A118;1;0;0;0;0;7;7;2;2;1;1;0;0;0;0;1;1;0;0;0;0
07.06.2024;22:43;A118;1;0;0;4;4;2;1;0;0;0;0;0;0;0;0;0;0;0;0;0;0
07.06.2024;22:42;A118;1;2;34;2;2;1;2;1;0;0;0;0;0;0;0;0;0;0;0;2;1
07.06.2024;22:41;A118;1;1;1;4;3;2;1;0;0;0;0;0;0;0;0;0;0;0;0;0;0
07.06.2024;22:40;A118;1;0;0;6;5;4;3;1;0;0;0;0;0;0;0;0;0;0;0;0;0
07.06.2024;22:39;A118;1;0;0;5;3;4;3;2;1;0;0;0;0;0;0;0;0;0;0;0;0
07.06.2024;22:38;A118;1;0;17;2;2;4;3;0;0;0;0;0;0;0;0;0;0;0;0;0;0
07.06.2024;22:37;A118;1;1;19;2;1;5;5;1;0;0;0;0;0;0;0;0;0;0;0;4;4
07.06.2024;22:36;A118;1;0;0;4;3;7;5;0;0;0;0;0;0;0;0;0;0;0;0;0;0
07.06.2024;22:35;A118;1;0;0;1;1;1;1;1;0;0;0;0;0;0;0;0;0;0;0;0;0
07.06.2024;22:34;A118;1;1;37;5;4;5;19;1;1;0;0;0;0;0;0;0;0;0;0;2;2
07.06.2024;22:33;A118;1;0;0;8;7;5;4;0;0;0;0;0;0;0;0;0;0;0;0;0;0
07.06.2024;22:32;A118;1;0;0;4;3;2;2;0;0;0;0;0;0;0;0;0;0;0;0;0;0
07.06.2024;22:31;A118;1;1;1;0;0;4;3;1;1;0;0;0;0;0;0;0;0;0;0;0;0
07.06.2024;22:30;A118;1;0;0;9;7;4;4;0;0;0;0;0;0;0;0;0;0;0;0;0;0
07.06.2024;22:29;A118;1;0;0;6;6;4;4;3;1;0;0;0;0;0;0;0;0;0;0;0;0
07.06.2024;22:28;A118;1;1;45;7;8;4;6;0;0;0;0;0;0;0;0;0;0;0;0;0;0
07.06.2024;22:27;A118;1;1;33;6;6;4;5;1;1;0;0;0;0;0;0;0;0;0;0;3;1
07.06.2024;22:26;A118;1;0;43;6;6;5;5;2;1;0;0;0;0;0;0;0;0;0;0;7;3
07.06.2024;22:25;A118;1;1;11;4;4;6;5;0;0;0;0;0;0;0;0;0;0;0;0;0;0
07.06.2024;22:24;A118;1;1;1;0;0;4;12;1;1;0;0;0;0;0;0;0;0;0;0;0;0
07.06.2024;22:23;A118;1;1;36;4;4;4;7;0;0;0;0;0;0;0;0;0;0;0;0;2;1
07.06.2024;22:22;A118;1;0;0;8;6;7;7;1;1;0;0;0;0;0;0;0;0;0;0;0;0
07.06.2024;22:21;A118;1;0;0;3;2;3;3;0;0;0;0;0;0;0;0;0;0;0;0;0;0
07.06.2024;22:20;A118;1;0;0;7;5;0;0;0;0;0;0;0;0;0;0;0;0;0;0;0;0
07.06.2024;22:19;A118;1;0;0;7;5;3;3;1;1;0;0;0;0;0;0;0;0;0;0;0;0
07.06.2024;22:18;A118;1;0;0;6;7;7;7;6;5;0;0;0;0;0;0;0;0;0;0;0;0
07.06.2024;22:17;A118;1;0;0;6;7;7;6;1;0;0;0;0;0;0;0;0;0;0;0;0;0
07.06.2024;22:16;A118;1;0;0;8;5;4;6;2;3;0;0;0;0;0;0;1;1;0;0;0;0
07.06.2024;22:15;A118;1;0;0;3;2;1;1;0;0;1;1;0;0;0;0;0;0;0;0;0;0
07.06.2024;22:14;A118;1;0;0;1;1;1;1;2;1;0;0;0;0;0;0;0;0;0;0;0;0
07.06.2024;22:13;A118;1;0;0;5;3;4;3;1;1;0;0;0;0;0;0;0;0;0;0;0;0
07.06.2024;22:12;A118;1;0;0;4;3;2;3;1;0;0;0;0;0;0;0;0;0;0;0;0;0
07.06.2024;22:11;A118;1;0;0;4;3;7;8;1;1;0;0;0;0;0;0;0;0;0;0;0;0
07.06.2024;22:10;A118;1;0;0;5;4;5;3;1;1;0;0;0;0;0;0;0;0;0;0;0;0
07.06.2024;22:09;A118;1;0;0;6;6;5;7;0;0;0;0;0;0;0;0;0;0;0;0;0;0
07.06.2024;22:08;A118;1;1;32;8;8;1;1;2;2;0;0;0;0;0;0;0;0;0;0;4;2
07.06.2024;22:07;A118;1;0;0;3;2;4;3;0;0;0;0;0;0;0;0;0;0;0;0;0;0
07.06.2024;22:06;A118;1;0;0;3;2;5;4;3;1;0;0;0;0;0;0;0;0;0;0;0;0
07.06.2024;22:05;A118;1;0;0;3;2;3;3;0;0;0;0;0;0;0;0;0;0;0;0;0;0
07.06.2024;22:04;A118;1;1;35;3;3;4;5;1;1;0;0;0;0;0;0;0;0;0;0;1;1
07.06.2024;22:03;A118;1;0;0;3;2;3;2;0;0;0;0;0;0;0;0;0;0;0;0;0;0
07.06.2024;22:02;A118;1;0;0;4;3;7;7;0;0;0;0;0;0;0;0;0;0;0;0;0;0
07.06.2024;22:01;A118;1;1;1;6;4;6;6;1;2;0;0;0;0;0;0;0;0;0;0;0;0
07.06.2024;22:00;A118;1;0;0;6;6;4;3;0;0;0;0;0;0;0;0;0;0;0;0;0;0
07.06.2024;21:59;A118;1;0;0;7;6;5;5;3;1;1;1;0;0;0;0;1;1;0;0;0;0
07.06.2024;21:58;A118;1;1;33;4;3;5;5;1;0;0;0;0;0;0;0;0;0;0;0;5;9
07.06.2024;21:57;A118;1;0;0;3;2;1;1;0;0;0;0;0;0;0;0;0;0;0;0;0;0
07.06.2024;21:56;A118;1;0;0;4;3;3;3;0;0;0;0;0;0;0;0;0;0;0;0;0;0
07.06.2024;21:55;A118;1;0;0;4;3;8;7;1;0;0;0;0;0;0;0;0;0;0;0;0;0
07.06.2024;21:54;A118;1;0;0;6;4;12;10;0;0;0;0;0;0;0;0;0;0;0;0;0;0
07.06.2024;21:53;A118;1;0;0;5;6;4;3;0;0;0;0;0;0;0;0;0;0;0;0;0;0
07.06.2024;21:52;A118;1;0;40;4;3;6;5;0;0;0;0;0;0;0;0;0;0;0;0;12;8
07.06.2024;21:51;A118;1;5;37;5;4;5;6;0;0;0;0;0;0;0;0;0;0;0;0;5;5
07.06.2024;21:50;A118;1;0;0;8;5;8;6;1;1;0;0;0;0;0;0;0;0;0;0;0;0
07.06.2024;21:49;A118;1;0;0;4;4;2;2;0;0;0;0;0;0;0;0;0;0;0;0;0;0
07.06.2024;21:48;A118;1;0;0;10;8;4;4;3;3;0;0;0;0;1;1;0;0;0;0;0;0
07.06.2024;21:47;A118;1;1;1;3;13;6;5;2;1;0;0;1;1;1;1;0;0;0;0;0;0
07.06.2024;21:46;A118;1;1;34;4;10;7;6;1;1;0;0;1;1;0;0;0;0;0;0;6;5
07.06.2024;21:45;A118;1;0;0;9;9;11;9;1;0;0;0;0;0;0;0;0;0;0;0;0;0
07.06.2024;21:44;A118;1;0;0;7;5;7;6;1;1;0;0;0;0;0;0;0;0;0;0;0;0
07.06.2024;21:43;A118;1;0;0;2;1;3;2;1;1;0;0;0;0;0;0;0;0;0;0;0;0
07.06.2024;21:42;A118;1;0;0;7;4;6;8;0;0;0;0;0;0;0;0;0;0;0;0;0;0
07.06.2024;21:41;A118;1;0;10;5;6;4;10;0;0;0;0;0;0;0;0;0;0;0;0;11;14
07.06.2024;21:40;A118;1;2;34;12;8;6;5;0;0;0;0;0;0;0;0;0;0;1;4;12;9
07.06.2024;21:39;A118;1;0;0;4;3;1;1;0;0;0;0;0;0;0;0;0;0;0;0;0;0
07.06.2024;21:38;A118;1;0;0;6;6;7;6;0;0;0;0;0;0;0;0;0;0;0;0;0;0
07.06.2024;21:37;A118;1;0;0;17;27;9;11;3;4;0;0;0;0;0;0;0;0;0;0;0;0
07.06.2024;21:36;A118;1;0;0;4;6;3;2;2;2;0;0;0;0;0;0;0;0;0;0;0;0
07.06.2024;21:35;A118;1;1;39;7;8;5;4;0;0;0;0;0;0;0;0;0;0;0;0;12;11
07.06.2024;21:34;A118;1;0;0;7;6;11;10;0;0;0;0;0;0;0;0;0;0;0;0;0;0
07.06.2024;21:33;A118;1;0;0;2;1;1;1;2;1;0;0;0;0;0;0;0;0;0;0;0;0
07.06.2024;21:32;A118;1;0;0;5;6;3;2;0;0;0;0;0;0;0;0;0;0;1;2;9;8
07.06.2024;21:31;A118;1;0;0;3;2;10;11;0;0;0;0;0;0;0;0;0;0;0;0;0;0
07.06.2024;21:30;A118;1;0;0;6;4;6;5;1;0;0;0;0;0;0;0;0;0;0;0;0;0
07.06.2024;21:29;A118;1;0;0;10;8;6;5;1;0;0;0;0;0;0;0;0;0;0;0;0;0
07.06.2024;21:28;A118;1;0;0;1;1;3;2;0;0;0;0;0;0;0;0;0;0;0;0;0;0
07.06.2024;21:27;A118;1;0;0;4;5;2;2;0;0;0;0;0;0;0;0;0;0;0;0;0;0
07.06.2024;21:26;A118;1;0;0;5;3;4;3;0;0;0;0;0;0;0;0;0;0;0;0;0;0
07.06.2024;21:25;A118;1;0;0;5;4;8;8;0;0;0;0;0;0;0;0;0;0;0;0;0;0
07.06.2024;21:24;A118;1;0;0;2;2;4;3;0;0;0;0;0;0;0;0;0;0;0;0;0;0
07.06.2024;21:23;A118;1;0;0;7;5;4;5;0;0;0;0;0;0;0;0;0;0;0;0;0;0
07.06.2024;21:22;A118;1;0;0;0;0;3;3;1;1;0;0;0;0;0;0;0;0;0;0;0;0
07.06.2024;21:21;A118;1;0;28;8;11;5;8;0;0;0;0;0;0;0;0;0;0;0;0;14;18
07.06.2024;21:20;A118;1;1;15;4;4;8;31;0;0;1;1;0;0;0;0;1;1;0;0;4;6
07.06.2024;21:19;A118;1;1;69;8;16;4;10;5;4;0;0;0;0;0;0;0;0;0;0;32;41
07.06.2024;21:18;A118;1;0;0;7;7;5;5;1;1;0;0;0;0;0;0;0;0;0;0;11;17
07.06.2024;21:17;A118;1;0;0;5;4;8;7;1;1;0;0;0;0;0;0;0;0;0;0;0;0
07.06.2024;21:16;A118;1;0;0;5;6;6;6;3;1;0;0;1;1;1;1;0;0;0;0;0;0
07.06.2024;21:15;A118;1;3;44;7;8;9;8;1;2;0;0;0;0;0;0;0;0;0;0;12;10
07.06.2024;21:14;A118;1;0;0;7;5;8;5;0;0;0;0;0;0;0;0;0;0;0;0;0;0
07.06.2024;21:13;A118;1;0;0;11;10;8;6;2;1;0;0;0;0;0;0;0;0;0;0;0;0
07.06.2024;21:12;A118;1;0;0;6;4;3;3;0;0;0;0;0;0;0;0;0;0;0;0;0;0
07.06.2024;21:11;A118;1;0;0;7;5;7;5;1;0;0;0;0;0;0;0;0;0;0;0;0;0
07.06.2024;21:10;A118;1;0;0;6;7;13;11;3;2;0;0;0;0;0;0;0;0;0;0;0;0
07.06.2024;21:09;A118;1;0;0;7;5;6;7;1;1;0;0;0;0;0;0;0;0;0;0;0;0
07.06.2024;21:08;A118;1;0;0;6;9;8;11;1;1;0;0;0;0;0;0;0;0;1;3;9;15
07.06.2024;21:07;A118;1;1;1;2;2;7;8;3;2;0;0;0;0;0;0;0;0;0;0;0;0
07.06.2024;21:06;A118;1;1;33;7;26;4;6;0;0;0;0;0;0;0;0;0;0;0;0;8;16
07.06.2024;21:05;A118;1;1;32;10;10;9;8;1;1;1;1;0;0;0;0;1;1;0;0;7;11
07.06.2024;21:04;A118;1;0;0;6;5;6;4;0;0;0;0;0;0;0;0;0;0;0;0;0;0
07.06.2024;21:03;A118;1;0;0;11;10;3;2;0;0;0;0;0;0;0;0;0;0;0;0;0;0
07.06.2024;21:02;A118;1;1;1;13;13;6;4;2;2;0;0;0;0;0;0;0;0;0;0;0;0
07.06.2024;21:01;A118;1;0;0;6;5;15;12;1;0;0;0;0;0;0;0;0;0;0;0;0;0
07.06.2024;21:00;A118;1;0;0;4;3;4;3;0;0;0;0;0;0;0;0;0;0;0;0;0;0
07.06.2024;20:59;A118;1;0;0;7;4;7;16;3;2;0;0;0;0;0;0;0;0;0;0;0;0
07.06.2024;20:58;A118;1;1;33;5;6;6;12;0;0;0;0;0;0;0;0;0;0;0;0;7;27
07.06.2024;20:57;A118;1;0;0;4;3;8;10;0;0;0;0;0;0;0;0;0;0;0;0;0;0
07.06.2024;20:56;A118;1;0;0;8;6;6;4;0;0;0;0;0;0;0;0;0;0;0;0;0;0
07.06.2024;20:55;A118;1;0;0;8;6;1;1;3;2;0;0;0;0;0;0;0;0;0;0;0;0
07.06.2024;20:54;A118;1;1;36;3;2;7;9;0;0;0;0;0;0;0;0;0;0;0;0;5;28
07.06.2024;20:53;A118;1;0;0;4;3;1;1;1;0;0;0;0;0;0;0;0;0;0;0;0;0
07.06.2024;20:52;A118;1;0;0;10;9;3;2;2;1;0;0;0;0;0;0;0;0;0;0;0;0
07.06.2024;20:51;A118;1;1;1;8;6;7;6;2;1;0;0;0;0;0;0;1;1;0;0;0;0
07.06.2024;20:50;A118;1;3;45;5;7;7;9;0;0;0;0;0;0;0;0;0;0;0;0;15;12
07.06.2024;20:49;A118;1;0;0;9;13;3;20;2;3;0;0;0;0;0;0;0;0;0;0;0;0
07.06.2024;20:48;A118;1;1;37;6;5;6;7;1;0;0;0;0;0;0;0;0;0;0;0;11;22
07.06.2024;20:47;A118;1;0;0;8;6;3;2;1;1;0;0;0;0;0;0;0;0;0;0;0;0
07.06.2024;20:46;A118;1;1;1;9;9;6;10;3;3;0;0;1;1;1;1;0;0;0;0;1;1
07.06.2024;20:45;A118;1;3;32;5;5;7;12;1;1;0;0;0;0;0;0;0;0;1;4;-1;0
07.06.2024;20:44;A118;1;1;8;3;2;10;8;0;0;0;0;0;0;0;0;0;0;0;0;0;0
07.06.2024;20:43;A118;1;1;1;5;4;8;7;2;2;0;0;0;0;0;0;0;0;0;0;0;0
07.06.2024;20:42;A118;1;0;0;6;6;6;5;1;2;0;0;0;0;0;0;0;0;0;0;0;0
07.06.2024;20:41;A118;1;0;0;6;45;2;2;0;0;0;0;0;0;0;0;0;0;0;0;2;22
07.06.2024;20:40;A118;1;0;0;16;14;11;11;2;1;0;0;0;0;0;0;0;0;0;0;0;0
07.06.2024;20:39;A118;1;0;0;0;0;10;8;0;0;0;0;0;0;0;0;0;0;0;0;0;0
07.06.2024;20:38;A118;1;0;0;5;4;10;12;3;3;0;0;0;0;0;0;0;0;0;0;0;0
07.06.2024;20:37;A118;1;0;0;4;3;4;3;0;0;0;0;0;0;0;0;0;0;0;0;0;0
07.06.2024;20:36;A118;1;1;41;10;7;1;1;0;0;0;0;0;0;0;0;0;0;0;0;5;23
07.06.2024;20:35;A118;1;1;34;8;10;7;11;3;5;0;0;0;0;0;0;0;0;0;0;5;15
07.06.2024;20:34;A118;1;0;0;3;2;10;14;1;1;0;0;0;0;0;0;0;0;1;7;9;19
07.06.2024;20:33;A118;1;1;17;8;7;3;5;0;0;0;0;0;0;0;0;0;0;0;0;2;6
07.06.2024;20:32;A118;1;1;31;6;6;7;5;0;0;0;0;0;0;0;0;0;0;0;0;4;19
07.06.2024;20:31;A118;1;0;0;11;19;9;27;2;1;0;0;0;0;0;0;0;0;0;0;0;0
07.06.2024;20:30;A118;1;1;95;9;9;5;7;0;0;0;0;0;0;0;0;0;0;1;3;9;78
07.06.2024;20:29;A118;1;1;12;9;8;8;7;0;0;0;0;0;0;0;0;0;0;0;0;2;3
07.06.2024;20:28;A118;1;0;0;6;4;4;3;0;0;0;0;0;0;0;0;0;0;0;0;0;0
07.06.2024;20:27;A118;1;0;0;9;6;12;13;2;2;0;0;0;0;0;0;0;0;0;0;0;0
07.06.2024;20:26;A118;1;0;0;10;9;5;4;1;1;0;0;0;0;0;0;0;0;0;0;0;0
07.06.2024;20:25;A118;1;0;20;5;5;5;4;0;0;0;0;0;0;0;0;0;0;0;0;1;21
07.06.2024;20:24;A118;1;1;21;6;5;11;7;1;0;0;0;0;0;0;0;0;0;0;0;1;13
07.06.2024;20:23;A118;1;0;0;6;5;6;10;0;0;0;0;0;0;0;0;0;0;0;0;0;0
07.06.2024;20:22;A118;1;2;18;4;5;5;6;0;0;0;0;0;0;0;0;0;0;0;0;4;63
07.06.2024;20:21;A118;1;3;14;12;13;5;5;2;2;0;0;0;0;0;0;0;0;0;0;0;0
07.06.2024;20:20;A118;1;0;0;5;6;6;5;2;1;0;0;0;0;0;0;0;0;0;0;0;0
07.06.2024;20:19;A118;1;0;0;6;6;4;3;0;0;0;0;0;0;0;0;0;0;0;0;0;16
07.06.2024;20:18;A118;1;0;0;10;10;11;11;3;2;0;0;0;0;1;1;0;0;0;0;1;91
07.06.2024;20:17;A118;1;0;0;2;5;12;12;3;3;1;1;0;0;0;0;1;1;0;0;0;0
07.06.2024;20:16;A118;1;0;0;5;5;5;5;0;3;0;0;0;0;0;0;0;0;0;0;0;0
07.06.2024;20:15;A118;1;1;70;13;13;6;5;1;26;0;0;0;0;0;0;0;0;0;0;1;75
07.06.2024;20:14;A118;1;1;5;5;7;7;6;0;0;0;0;0;0;0;0;0;0;1;3;2;47
07.06.2024;20:13;A118;1;0;0;10;8;7;6;0;0;0;0;0;0;0;0;0;0;0;0;0;0
07.06.2024;20:12;A118;1;0;25;6;6;5;4;0;0;0;0;0;0;0;0;0;0;0;0;1;24
07.06.2024;20:11;A118;1;2;47;10;26;9;14;0;0;0;0;0;0;0;0;0;0;0;0;2;45
07.06.2024;20:10;A118;1;1;18;11;9;11;9;2;4;0;0;0;0;0;0;0;0;0;0;2;10
07.06.2024;20:09;A118;1;0;0;4;4;12;35;1;1;0;0;0;0;0;0;0;0;0;0;0;0
07.06.2024;20:08;A118;1;6;64;9;8;7;20;0;0;0;0;0;0;0;0;0;0;0;0;2;77
07.06.2024;20:07;A118;1;0;0;9;10;12;10;3;3;0;0;1;1;1;1;0;0;0;0;0;0
07.06.2024;20:06;A118;1;2;43;4;3;7;7;1;2;0;0;0;0;0;0;1;1;0;0;2;25
07.06.2024;20:05;A118;1;0;0;8;6;5;5;0;0;0;0;0;0;0;0;0;0;0;0;0;0
07.06.2024;20:04;A118;1;0;0;4;3;10;9;3;1;0;0;0;0;0;0;0;0;0;0;0;0
07.06.2024;20:03;A118;1;0;0;10;8;5;4;2;1;0;0;0;0;0;0;0;0;0;0;0;0
07.06.2024;20:02;A118;1;1;82;6;5;8;8;0;0;0;0;0;0;0;0;0;0;0;0;0;83
07.06.2024;20:01;A118;1;0;100;3;2;7;6;1;2;0;0;0;0;0;0;0;0;0;0;0;100
07.06.2024;20:00;A118;1;1;60;9;10;4;4;1;2;0;0;0;0;0;0;0;0;0;0;2;51
07.06.2024;19:59;A118;1;0;0;4;3;8;6;2;1;0;0;0;0;0;0;0;0;0;0;0;0
07.06.2024;19:58;A118;1;0;0;8;7;10;9;1;1;0;0;0;0;0;0;0;0;0;0;0;0
07.06.2024;19:57;A118;1;0;0;7;5;10;11;0;0;0;0;0;0;0;0;0;0;0;0;0;0
07.06.2024;19:56;A118;1;0;0;8;7;7;6;0;0;0;0;0;0;0;0;0;0;0;0;0;0
07.06.2024;19:55;A118;1;0;0;6;5;8;7;0;0;0;0;0;0;0;0;0;0;0;0;0;0
07.06.2024;19:54;A118;1;0;0;11;9;6;7;1;0;0;0;0;0;0;0;0;0;0;0;0;0
07.06.2024;19:53;A118;1;0;11;9;14;13;48;1;0;0;0;0;0;0;0;0;0;0;0;0;11
07.06.2024;19:52;A118;1;1;96;14;22;10;16;2;3;0;0;0;0;0;0;1;1;0;0;1;88
07.06.2024;19:51;A118;1;1;18;7;27;12;53;1;3;1;1;0;0;0;0;0;0;0;0;0;53
07.06.2024;19:50;A118;1;0;0;4;3;9;8;2;1;0;0;0;0;0;0;0;0;1;7;2;84
07.06.2024;19:49;A118;1;0;0;9;10;7;5;2;2;0;0;1;1;1;1;0;0;0;0;0;0
07.06.2024;19:48;A118;1;0;0;3;3;4;4;1;1;0;0;0;0;0;0;0;0;0;0;0;0
07.06.2024;19:47;A118;1;0;0;6;4;6;4;1;1;0;0;0;0;0;0;0;0;0;0;0;0
07.06.2024;19:46;A118;1;0;0;8;9;11;10;1;1;0;0;0;0;0;0;0;0;0;0;0;0
07.06.2024;19:45;A118;1;3;59;10;26;6;6;0;0;0;0;0;0;0;0;0;0;0;0;0;100
07.06.2024;19:44;A118;1;2;30;6;8;10;11;2;1;0;0;0;0;0;0;0;0;0;0;2;16
07.06.2024;19:43;A118;1;0;100;12;10;4;3;0;0;0;0;0;0;0;0;0;0;0;0;2;98
07.06.2024;19:42;A118;1;1;6;7;6;9;8;2;1;0;0;0;0;0;0;0;0;0;0;0;0
07.06.2024;19:41;A118;1;4;3;12;12;7;28;0;0;0;0;0;0;0;0;0;0;0;0;0;6
07.06.2024;19:40;A118;1;0;0;15;16;5;4;1;1;0;0;0;0;0;0;0;0;0;0;0;100
07.06.2024;19:39;A118;1;0;0;6;5;6;5;0;0;0;0;0;0;0;0;0;0;1;3;1;9
07.06.2024;19:38;A118;1;0;0;10;8;12;9;1;0;0;0;0;0;0;0;0;0;0;0;0;0
07.06.2024;19:37;A118;1;0;0;5;5;7;7;0;0;0;0;0;0;0;0;0;0;0;0;0;0
07.06.2024;19:36;A118;1;0;0;6;3;11;13;3;4;0;0;0;0;0;0;0;0;0;0;0;0
07.06.2024;19:35;A118;1;1;7;8;14;7;46;1;1;0;0;0;0;0;0;1;1;0;0;0;0
07.06.2024;19:34;A118;1;1;61;15;16;12;16;1;1;1;1;0;0;0;0;0;0;0;0;2;100
07.06.2024;19:33;A118;1;0;58;6;10;12;29;3;1;0;0;0;0;0;0;0;0;0;0;0;100
07.06.2024;19:32;A118;1;1;47;7;7;7;10;3;5;0;0;1;1;1;1;0;0;0;0;1;39
07.06.2024;19:31;A118;1;1;1;10;11;14;12;4;3;0;0;0;0;0;0;0;0;0;0;0;0
07.06.2024;19:30;A118;1;1;54;9;34;8;7;1;0;0;0;0;0;0;0;0;0;0;0;0;96
07.06.2024;19:29;A118;1;1;27;9;35;12;21;1;0;0;0;0;0;0;0;0;0;0;0;2;19
07.06.2024;19:28;A118;1;0;0;12;14;9;9;3;3;0;0;0;0;0;0;0;0;0;0;0;100
07.06.2024;19:27;A118;1;1;59;7;18;8;28;0;0;0;0;0;0;0;0;0;0;1;4;2;56
07.06.2024;19:26;A118;1;1;97;13;11;18;16;1;1;0;0;0;0;0;0;0;0;0;0;1;89
07.06.2024;19:25;A118;1;0;0;8;7;8;11;1;0;0;0;0;0;0;0;0;0;0;0;0;0
07.06.2024;19:24;A118;1;1;62;12;16;6;21;1;1;0;0;0;0;0;0;0;0;1;3;0;54
07.06.2024;19:23;A118;1;1;55;5;4;7;5;0;0;0;0;0;0;0;0;0;0;1;2;1;50
07.06.2024;19:22;A118;1;0;0;15;12;11;8;0;0;0;0;0;0;0;0;0;0;0;0;0;0
07.06.2024;19:21;A118;1;0;55;2;1;3;3;1;1;0;0;0;0;0;0;0;0;0;0;2;91
07.06.2024;19:20;A118;1;1;5;8;19;11;11;2;5;0;0;0;0;0;0;0;0;0;0;0;9
07.06.2024;19:19;A118;1;0;0;8;13;17;23;0;0;0;0;0;0;0;0;0;0;1;3;2;92
07.06.2024;19:18;A118;1;1;62;8;32;11;51;1;0;0;0;0;0;0;0;0;0;0;0;0;100
07.06.2024;19:17;A118;1;2;59;7;11;17;49;2;3;1;1;0;0;0;0;1;1;1;0;3;47
07.06.2024;19:16;A118;1;0;100;11;9;10;8;0;0;0;0;0;0;0;0;0;0;0;0;0;100
07.06.2024;19:15;A118;1;1;52;13;10;8;9;2;1;0;0;0;0;0;0;0;0;1;2;2;43
07.06.2024;19:14;A118;1;0;0;3;3;9;7;1;0;0;0;0;0;0;0;0;0;0;0;0;0
07.06.2024;19:13;A118;1;0;0;15;14;18;18;0;0;0;0;0;0;0;0;0;0;0;0;0;0
07.06.2024;19:12;A118;1;1;61;8;12;8;30;1;0;0;0;0;0;0;0;0;0;0;0;0;100
07.06.2024;19:11;A118;1;1;26;13;19;13;43;1;1;0;0;0;0;0;0;0;0;0;0;2;16
07.06.2024;19:10;A118;1;1;59;6;8;7;7;1;1;0;0;0;0;0;0;0;0;0;0;1;49
07.06.2024;19:09;A118;1;0;0;8;16;11;12;1;0;0;0;0;0;0;0;0;0;1;2;0;100
07.06.2024;19:08;A118;1;0;0;14;13;11;10;1;2;0;0;0;0;0;0;0;0;1;2;2;27
07.06.2024;19:07;A118;1;0;0;4;5;13;13;0;0;0;0;0;0;1;1;0;0;0;0;0;0
07.06.2024;19:06;A118;1;0;0;9;24;5;9;0;0;0;0;1;1;0;0;0;0;0;0;0;98
07.06.2024;19:05;A118;1;0;0;13;12;17;15;1;0;0;0;0;0;0;0;0;0;1;4;2;56
07.06.2024;19:04;A118;1;0;0;13;21;12;15;1;1;0;0;0;0;0;0;0;0;0;0;0;0
07.06.2024;19:03;A118;1;0;0;10;14;10;27;0;0;0;0;0;0;0;0;0;0;1;1;0;100
07.06.2024;19:02;A118;1;0;3;11;28;13;17;2;1;0;0;0;0;0;0;0;0;1;11;1;34
07.06.2024;19:01;A118;1;0;100;8;7;9;8;3;2;0;0;0;0;0;0;0;0;0;0;0;100
07.06.2024;19:00;A118;1;1;13;14;12;11;12;2;2;0;0;0;0;0;0;0;0;1;3;1;10
07.06.2024;18:59;A118;1;0;0;4;3;18;14;1;1;0;0;0;0;0;0;0;0;0;0;0;0
07.06.2024;18:58;A118;1;0;0;12;14;11;10;0;0;0;0;0;0;0;0;0;0;0;0;0;0
07.06.2024;18:57;A118;1;0;0;7;39;5;6;0;0;0;0;0;0;0;0;0;0;0;0;0;97
07.06.2024;18:56;A118;1;1;1;9;44;6;9;1;1;0;0;0;0;0;0;0;0;1;3;2;37
07.06.2024;18:55;A118;1;0;0;8;7;15;16;0;0;0;0;0;0;0;0;0;0;1;6;2;100
07.06.2024;18:54;A118;1;1;44;7;7;7;9;1;0;0;0;0;0;0;0;0;0;0;0;2;59
07.06.2024;18:53;A118;1;1;1;15;44;10;68;0;0;0;0;0;0;0;0;0;0;0;0;0;0
07.06.2024;18:52;A118;1;0;0;8;25;17;40;0;0;0;0;0;0;0;0;1;1;1;4;2;75
07.06.2024;18:51;A118;1;2;53;12;26;12;53;1;1;1;1;0;0;0;0;0;0;0;0;1;65
07.06.2024;18:50;A118;1;2;14;10;27;11;36;0;0;0;0;0;0;0;0;0;0;0;0;0;16
07.06.2024;18:49;A118;1;1;63;2;4;10;9;1;1;0;0;0;0;1;1;0;0;0;0;2;55
07.06.2024;18:48;A118;1;0;0;13;11;8;7;1;2;0;0;0;0;0;0;0;0;0;0;0;0
07.06.2024;18:47;A118;1;0;0;11;8;4;3;0;0;0;0;0;0;0;0;0;0;0;0;0;0
07.06.2024;18:46;A118;1;0;0;10;9;13;11;1;0;0;0;0;0;0;0;0;0;0;0;0;0
07.06.2024;18:45;A118;1;0;0;13;13;6;6;0;0;0;0;0;0;0;0;0;0;0;0;0;0
07.06.2024;18:44;A118;1;0;15;9;12;14;28;0;0;0;0;0;0;0;0;0;0;0;0;0;19
07.06.2024;18:43;A118;1;1;24;10;22;9;8;1;1;0;0;0;0;0;0;0;0;0;0;1;16
07.06.2024;18:42;A118;1;0;0;7;24;13;30;1;0;0;0;0;0;0;0;0;0;0;0;0;59
07.06.2024;18:41;A118;1;1;17;13;27;13;61;0;0;0;0;0;0;0;0;0;0;0;0;1;67
07.06.2024;18:40;A118;1;1;71;5;17;21;37;2;1;0;0;0;0;0;0;0;0;0;0;2;63
07.06.2024;18:39;A118;1;0;67;7;7;13;60;0;0;0;0;0;0;0;0;0;0;0;0;0;100
07.06.2024;18:38;A118;1;1;99;8;16;7;77;1;0;0;0;0;0;0;0;0;0;0;0;2;87
07.06.2024;18:37;A118;1;1;64;18;21;18;36;2;1;0;0;0;0;0;0;0;0;0;0;1;56
07.06.2024;18:36;A118;1;1;57;8;35;8;27;1;1;0;0;0;0;0;0;1;1;0;0;0;97
07.06.2024;18:35;A118;1;1;43;19;16;12;9;1;0;0;0;0;0;0;0;0;0;0;0;2;34
07.06.2024;18:34;A118;1;0;0;12;13;15;21;0;0;0;0;0;0;0;0;0;0;0;0;0;0
07.06.2024;18:33;A118;1;2;56;6;24;8;26;2;16;0;0;1;1;1;1;0;0;0;0;0;97
07.06.2024;18:32;A118;1;1;87;6;5;11;10;1;0;0;0;0;0;0;0;0;0;0;0;1;79
07.06.2024;18:31;A118;1;0;0;12;16;16;19;2;1;0;0;0;0;0;0;0;0;0;0;0;0
07.06.2024;18:30;A118;1;4;64;9;24;8;14;1;1;0;0;0;0;0;0;0;0;0;0;3;94
07.06.2024;18:29;A118;1;2;7;14;39;14;27;1;1;0;0;0;0;0;0;0;0;0;0;0;0
07.06.2024;18:28;A118;1;1;51;9;10;7;7;0;0;0;0;0;0;0;0;0;0;1;2;0;100
07.06.2024;18:27;A118;1;0;53;7;14;12;47;1;28;0;0;0;0;0;0;0;0;0;0;2;100
07.06.2024;18:26;A118;1;1;52;15;11;13;10;2;1;0;0;0;0;0;0;0;0;1;3;2;44
07.06.2024;18:25;A118;1;0;0;10;25;6;13;1;0;0;0;0;0;0;0;0;0;0;0;0;0
07.06.2024;18:24;A118;1;1;71;18;30;9;33;0;0;0;0;0;0;0;0;0;0;0;0;0;65
07.06.2024;18:23;A118;1;2;68;12;58;8;12;1;1;0;0;0;0;0;0;0;0;2;17;2;74
07.06.2024;18:22;A118;1;0;100;14;17;21;20;0;0;0;0;0;0;0;0;0;0;1;2;0;100
07.06.2024;18:21;A118;1;2;79;10;40;14;27;1;0;0;0;0;0;0;0;0;0;0;0;4;100
07.06.2024;18:20;A118;1;1;24;15;28;7;9;1;0;0;0;0;0;0;0;0;0;0;0;0;32
07.06.2024;18:19;A118;1;1;75;8;7;15;16;3;4;0;0;0;0;0;0;0;0;0;0;0;100
07.06.2024;18:18;A118;1;0;0;9;10;15;16;3;2;0;0;1;1;1;1;0;0;0;0;1;29
07.06.2024;18:17;A118;1;0;32;15;51;10;28;1;1;0;0;0;0;0;0;1;1;0;0;0;42
07.06.2024;18:16;A118;1;0;100;6;6;12;14;3;4;1;1;0;0;0;0;0;0;0;0;0;100
07.06.2024;18:15;A118;1;1;19;10;8;15;50;1;1;0;0;0;0;0;0;0;0;0;0;2;11
07.06.2024;18:14;A118;1;1;7;13;53;16;63;2;1;0;0;0;0;0;0;0;0;0;0;0;0
07.06.2024;18:13;A118;1;0;100;4;4;18;17;0;0;0;0;0;0;0;0;0;0;0;0;0;100
07.06.2024;18:12;A118;1;1;11;16;12;22;19;2;2;0;0;0;0;0;0;0;0;0;0;2;2
07.06.2024;18:11;A118;1;0;0;9;20;15;43;0;0;0;0;0;0;0;0;0;0;0;0;0;0
07.06.2024;18:10;A118;1;3;49;6;22;13;22;0;0;0;0;0;0;0;0;0;0;1;3;1;98
07.06.2024;18:09;A118;1;0;70;12;19;13;32;0;0;0;0;0;0;0;0;0;0;0;0;0;100
07.06.2024;18:08;A118;1;1;27;13;13;18;22;1;1;0;0;0;0;0;0;0;0;0;0;2;18
07.06.2024;18:07;A118;1;0;0;12;18;13;14;4;2;0;0;1;1;1;1;0;0;0;0;0;0
07.06.2024;18:06;A118;1;1;56;8;35;11;32;2;1;0;0;0;0;0;0;1;1;0;1;0;48
07.06.2024;18:05;A118;1;1;98;14;11;13;13;0;0;1;1;0;0;0;0;0;0;1;2;2;90
07.06.2024;18:04;A118;1;0;0;9;8;13;17;1;1;0;0;0;0;0;0;0;0;0;0;0;0
07.06.2024;18:03;A118;1;2;69;7;8;7;40;0;0;0;0;0;0;0;0;0;0;0;0;0;100
07.06.2024;18:02;A118;1;1;51;12;9;21;35;1;2;0;0;0;0;0;0;0;0;0;0;2;43
07.06.2024;18:01;A118;1;1;1;12;13;18;38;0;4;0;0;0;0;0;0;0;0;0;0;0;0
07.06.2024;18:00;A118;1;1;74;5;5;15;49;2;24;0;0;0;0;0;0;0;0;0;0;0;100
07.06.2024;17:59;A118;1;1;38;15;39;11;62;0;0;0;0;0;0;0;0;0;0;0;0;1;25
07.06.2024;17:58;A118;1;1;21;14;26;19;41;3;5;0;0;0;0;0;0;0;0;0;0;2;13
07.06.2024;17:57;A118;1;1;1;6;23;8;66;0;0;0;0;0;0;0;0;0;0;0;0;2;100
07.06.2024;17:56;A118;1;2;12;8;39;13;61;0;39;0;0;0;0;0;0;0;0;1;1;0;2
07.06.2024;17:55;A118;1;1;72;9;22;17;41;2;5;0;0;0;0;0;0;0;0;0;0;2;64
07.06.2024;17:54;A118;1;1;68;6;14;12;55;1;1;0;0;0;0;0;0;0;0;0;0;1;85
07.06.2024;17:53;A118;1;0;6;10;11;12;55;0;0;1;1;0;0;0;0;1;1;0;0;0;2
07.06.2024;17:52;A118;1;1;36;14;16;16;24;0;0;0;0;0;0;0;0;0;0;0;0;1;60
07.06.2024;17:51;A118;1;1;38;10;14;11;36;0;0;0;0;0;0;0;0;0;0;0;0;1;40
07.06.2024;17:50;A118;1;0;19;13;36;10;9;2;1;0;0;0;0;0;0;0;0;0;0;0;0
07.06.2024;17:49;A118;1;1;79;9;8;14;11;0;0;0;0;0;0;0;0;0;0;0;0;2;69
07.06.2024;17:48;A118;1;0;0;11;10;19;24;1;0;0;0;0;0;0;0;0;0;0;0;0;0
07.06.2024;17:47;A118;1;2;26;6;10;13;56;0;0;0;0;0;0;0;0;0;0;0;0;0;31
07.06.2024;17:46;A118;1;2;55;14;15;16;16;3;1;0;0;0;0;0;0;0;0;1;2;0;100
07.06.2024;17:45;A118;1;1;55;11;29;10;29;1;1;0;0;0;0;0;0;0;0;1;4;1;100
07.06.2024;17:44;A118;1;2;65;17;47;10;16;0;0;0;0;0;0;0;0;0;0;0;0;1;49
07.06.2024;17:43;A118;1;1;69;11;9;19;18;0;0;0;0;0;0;0;0;0;0;0;0;2;60
07.06.2024;17:42;A118;1;0;0;13;12;5;4;2;2;0;0;0;0;0;0;0;0;0;0;0;0
07.06.2024;17:41;A118;1;2;24;10;39;10;17;0;0;0;0;0;0;0;0;0;0;0;0;0;15
07.06.2024;17:40;A118;1;1;82;15;16;21;21;0;0;0;0;0;0;0;0;0;0;0;0;1;74
07.06.2024;17:39;A118;1;0;60;11;49;7;9;1;8;0;0;0;0;0;0;0;0;0;0;0;100
07.06.2024;17:38;A118;1;3;48;14;58;9;10;2;1;0;0;0;0;0;0;0;0;0;0;2;44
07.06.2024;17:37;A118;1;1;68;15;13;15;14;3;1;0;0;0;0;0;0;0;0;0;0;2;60
07.06.2024;17:36;A118;1;0;52;5;5;8;8;0;0;0;0;0;0;0;0;0;0;0;0;0;97
07.06.2024;17:35;A118;1;2;69;17;48;7;5;0;0;0;0;0;0;0;0;0;0;0;0;1;59
07.06.2024;17:34;A118;1;0;0;14;13;15;16;0;0;0;0;0;0;0;0;0;0;1;3;1;100
07.06.2024;17:33;A118;1;0;0;19;18;10;12;2;1;0;0;1;1;1;1;0;0;0;0;0;0
07.06.2024;17:32;A118;1;2;19;7;9;15;62;0;0;0;0;0;0;0;0;0;0;0;0;0;22
07.06.2024;17:31;A118;1;1;42;13;28;20;34;3;2;0;0;0;0;0;0;0;0;0;0;2;34
07.06.2024;17:30;A118;1;1;70;16;38;12;23;0;0;0;0;0;0;0;0;0;0;0;0;0;65
07.06.2024;17:29;A118;1;1;57;9;49;14;63;1;0;0;0;0;0;0;0;0;0;0;0;2;61
07.06.2024;17:28;A118;1;1;66;16;19;23;29;1;1;0;0;0;0;0;0;0;0;0;0;1;58
07.06.2024;17:27;A118;1;0;58;7;26;11;37;0;0;0;0;0;0;0;0;0;0;0;0;0;52
07.06.2024;17:26;A118;1;2;62;7;45;14;46;1;0;0;0;0;0;0;0;0;0;0;0;2;71
07.06.2024;17:25;A118;1;0;0;16;32;8;9;1;1;0;0;0;0;0;0;0;0;0;0;1;16
07.06.2024;17:24;A118;1;4;79;17;46;8;8;0;0;0;0;0;0;0;0;0;0;0;0;0;100
07.06.2024;17:23;A118;1;1;44;14;60;14;26;1;1;0;0;0;0;0;0;0;0;0;0;1;67
07.06.2024;17:22;A118;1;0;0;18;33;21;37;0;2;0;0;0;0;0;0;0;0;0;0;1;56
07.06.2024;17:21;A118;1;0;0;12;26;15;52;2;38;0;0;0;0;0;0;0;0;0;0;0;100
07.06.2024;17:20;A118;1;2;3;13;56;14;27;2;1;0;0;0;0;0;0;0;0;1;2;2;33
07.06.2024;17:19;A118;1;1;45;14;19;22;19;1;1;0;0;0;0;0;0;0;0;0;0;1;98
07.06.2024;17:18;A118;1;1;2;11;25;6;6;0;1;0;0;0;0;1;1;1;1;0;0;0;96
07.06.2024;17:17;A118;1;1;1;18;42;17;45;2;2;1;1;0;0;0;0;0;0;1;2;1;40
07.06.2024;17:16;A118;1;1;1;8;9;16;13;2;1;0;0;0;0;0;0;0;0;1;3;1;97
07.06.2024;17:15;A118;1;0;0;10;10;7;6;4;1;0;0;0;0;0;0;0;0;0;0;0;0
07.06.2024;17:14;A118;1;0;15;13;58;6;11;1;0;0;0;0;0;0;0;0;0;0;0;0;21
07.06.2024;17:13;A118;1;1;69;15;41;17;32;3;1;0;0;0;0;0;0;0;0;0;0;2;60
07.06.2024;17:12;A118;1;0;70;15;35;8;27;1;2;0;0;0;0;0;0;0;0;0;0;0;100
07.06.2024;17:11;A118;1;3;34;17;48;12;61;0;0;0;0;0;0;0;0;0;0;0;0;2;52
07.06.2024;17:10;A118;1;0;0;19;21;19;37;2;1;0;0;0;0;0;0;0;0;1;3;2;70
07.06.2024;17:09;A118;1;1;51;8;19;8;54;0;0;0;0;0;0;0;0;0;0;0;0;2;38
07.06.2024;17:08;A118;1;0;6;13;54;18;31;1;20;0;0;0;0;0;0;0;0;0;0;0;1
07.06.2024;17:07;A118;1;1;27;9;10;12;10;0;0;0;0;0;0;0;0;0;0;1;2;2;19
07.06.2024;17:06;A118;1;0;0;20;20;11;10;3;3;0;0;0;0;0;0;1;1;0;0;0;0
07.06.2024;17:05;A118;1;0;0;11;40;10;23;4;3;0;0;1;1;1;1;0;0;0;0;0;30
07.06.2024;17:04;A118;1;0;0;12;20;18;26;0;0;0;0;0;0;0;0;0;0;1;3;2;35
07.06.2024;17:03;A118;1;2;74;9;25;15;42;1;1;0;0;0;0;0;0;0;0;0;0;0;100
07.06.2024;17:02;A118;1;0;100;20;18;14;12;1;0;0;0;0;0;0;0;0;0;0;0;2;97
07.06.2024;17:01;A118;1;1;6;21;22;12;15;1;1;0;0;0;0;0;0;0;0;0;0;0;0
07.06.2024;17:00;A118;1;1;8;10;16;9;16;0;0;0;0;0;0;0;0;0;0;1;1;2;41
07.06.2024;16:59;A118;1;1;22;10;29;11;19;1;1;0;0;0;0;0;0;0;0;0;0;0;31
07.06.2024;16:58;A118;1;1;69;12;24;20;42;1;2;0;0;0;0;0;0;0;0;0;0;2;60
07.06.2024;16:57;A118;1;1;75;11;37;15;51;0;0;0;0;0;0;0;0;0;0;0;0;0;100
07.06.2024;16:56;A118;1;6;72;14;27;14;48;0;0;0;0;0;0;0;0;0;0;1;2;2;80
07.06.2024;16:55;A118;1;1;3;19;37;11;15;0;8;0;0;0;0;0;0;0;0;0;0;1;15
07.06.2024;16:54;A118;1;1;72;11;38;10;14;2;8;0;0;0;0;0;0;0;0;0;0;0;100
07.06.2024;16:53;A118;1;1;12;20;26;12;11;2;1;0;0;0;0;0;0;0;0;0;0;2;4
07.06.2024;16:52;A118;1;0;0;10;12;13;28;1;1;0;0;0;0;0;0;0;0;0;0;0;0
07.06.2024;16:51;A118;1;1;76;12;20;6;22;1;2;0;0;1;1;1;1;0;0;3;31;9;65
07.06.2024;16:50;A118;1;1;35;19;25;12;12;0;0;0;0;0;0;0;0;0;0;2;3;2;84
07.06.2024;16:49;A118;1;0;0;16;24;19;19;2;3;0;0;0;0;0;0;0;0;0;0;0;0
07.06.2024;16:48;A118;1;2;59;12;36;6;6;0;0;0;0;0;0;0;0;0;0;0;0;2;88
07.06.2024;16:47;A118;1;2;4;14;48;12;49;1;3;1;1;0;0;0;0;1;1;0;0;0;22
07.06.2024;16:46;A118;1;1;1;19;30;13;20;0;0;0;0;0;0;0;0;0;0;1;1;2;9
07.06.2024;16:45;A118;1;0;69;10;30;12;40;1;1;0;0;0;0;0;0;0;0;0;0;0;100
07.06.2024;16:44;A118;1;1;62;16;15;15;20;1;2;0;0;0;0;0;0;0;0;0;0;1;53
07.06.2024;16:43;A118;1;1;1;19;21;11;11;0;0;0;0;0;0;0;0;0;0;0;0;0;0
07.06.2024;16:42;A118;1;0;56;12;38;14;41;0;0;0;0;0;0;0;0;0;0;0;0;0;48
07.06.2024;16:41;A118;1;1;49;13;49;12;23;0;0;0;0;0;0;0;0;0;0;0;0;2;40
07.06.2024;16:40;A118;1;0;0;15;15;14;17;0;0;0;0;0;0;0;0;0;0;1;3;2;33
07.06.2024;16:39;A118;1;0;0;22;21;14;25;2;2;0;0;0;0;0;0;0;0;0;0;0;0
07.06.2024;16:38;A118;1;0;0;14;46;12;41;0;0;0;0;0;0;0;0;0;0;1;3;1;15
07.06.2024;16:37;A118;1;0;0;11;8;10;13;4;4;1;1;0;0;0;0;1;1;1;4;0;100
07.06.2024;16:36;A118;1;0;0;16;15;16;30;0;0;0;0;0;0;0;0;0;0;1;4;2;48
07.06.2024;16:35;A118;1;2;6;14;51;15;59;0;0;0;0;0;0;0;0;0;0;0;0;0;0
07.06.2024;16:34;A118;1;1;84;6;12;17;25;3;3;0;0;0;1;1;1;0;0;0;0;2;100
07.06.2024;16:33;A118;1;1;1;10;15;8;57;1;1;0;0;1;1;0;0;0;0;0;0;0;97
07.06.2024;16:32;A118;1;2;24;13;26;9;49;2;1;0;0;0;0;0;0;0;0;1;3;2;35
07.06.2024;16:31;A118;1;1;98;13;13;14;27;1;0;0;0;0;0;0;0;0;0;0;0;2;90
07.06.2024;16:30;A118;1;0;0;18;15;19;46;0;0;0;0;0;0;0;0;0;0;0;0;0;0
07.06.2024;16:29;A118;1;2;35;16;52;13;29;0;0;0;0;0;0;0;0;0;0;0;0;0;30
07.06.2024;16:28;A118;1;1;26;18;27;11;22;1;0;0;0;0;0;0;0;0;0;0;0;1;36
07.06.2024;16:27;A118;1;1;61;12;54;9;14;1;2;0;0;0;0;0;0;0;0;0;0;0;48
07.06.2024;16:26;A118;1;5;72;15;59;11;62;0;0;0;0;0;0;0;0;0;0;0;0;2;64
07.06.2024;16:25;A118;1;0;100;8;9;21;34;0;0;0;0;0;0;0;0;0;0;1;3;2;94
07.06.2024;16:24;A118;1;2;3;12;30;11;55;0;0;0;0;0;0;0;0;0;0;0;0;0;100
07.06.2024;16:23;A118;1;6;32;13;51;12;62;1;0;0;0;0;0;0;0;0;0;2;5;2;47
07.06.2024;16:22;A118;1;1;57;19;40;19;35;3;2;0;0;0;0;0;0;0;0;0;0;1;49
07.06.2024;16:21;A118;1;2;57;15;35;12;66;0;0;0;0;0;0;0;0;0;0;0;1;2;100
07.06.2024;16:20;A118;1;0;20;14;61;11;69;0;0;0;0;0;0;0;0;0;0;1;0;0;30
07.06.2024;16:19;A118;1;1;22;13;25;19;38;2;2;0;0;0;0;0;0;0;0;1;6;1;36
07.06.2024;16:18;A118;1;0;70;7;8;9;61;1;2;0;0;0;0;0;0;0;0;0;0;2;100
07.06.2024;16:17;A118;1;3;33;13;46;6;71;0;0;0;0;0;0;0;0;0;0;0;0;0;30
07.06.2024;16:16;A118;1;1;80;15;31;17;44;4;3;1;1;0;0;0;0;1;1;0;0;2;71
07.06.2024;16:15;A118;1;3;76;13;22;10;49;1;2;0;0;0;0;0;0;0;0;2;4;0;65
07.06.2024;16:14;A118;1;1;65;12;11;14;38;0;0;0;0;0;0;0;0;0;0;0;0;1;58
07.06.2024;16:13;A118;1;1;1;14;22;20;26;3;4;0;0;0;0;0;0;0;0;0;0;0;0
07.06.2024;16:12;A118;1;1;75;9;27;11;25;1;3;0;0;0;0;0;0;0;0;0;0;0;100
07.06.2024;16:11;A118;1;3;53;19;59;13;58;1;1;0;0;0;0;0;0;0;0;0;0;1;35
07.06.2024;16:10;A118;1;1;51;15;15;12;13;3;4;0;0;0;0;0;0;0;0;0;0;1;100
07.06.2024;16:09;A118;1;0;0;14;12;16;20;1;1;0;0;0;0;0;0;0;0;0;0;0;0
07.06.2024;16:08;A118;1;3;29;14;47;13;32;0;0;0;0;0;0;0;0;0;0;0;0;1;31
07.06.2024;16:07;A118;1;1;67;15;27;11;17;1;1;0;0;0;0;0;0;0;0;0;0;2;59
07.06.2024;16:06;A118;1;1;69;10;25;12;50;0;0;0;0;0;0;0;0;0;0;0;0;2;60
07.06.2024;16:05;A118;1;1;3;11;20;14;52;1;10;0;0;0;0;0;0;0;0;0;0;1;15
07.06.2024;16:04;A118;1;0;0;21;28;18;40;1;1;0;0;0;0;0;0;0;0;2;4;2;61
07.06.2024;16:03;A118;1;2;75;9;13;13;33;0;0;0;0;0;0;0;0;0;0;0;0;0;100
07.06.2024;16:02;A118;1;1;68;20;24;15;15;5;5;0;0;1;1;1;1;0;0;0;0;2;60
07.06.2024;16:01;A118;1;0;0;21;36;14;15;1;0;0;0;0;0;0;0;0;0;0;0;0;0
07.06.2024;16:00;A118;1;1;48;12;31;11;12;2;1;0;0;0;0;0;0;0;0;0;0;1;33
07.06.2024;15:59;A118;1;2;26;11;46;13;51;1;1;0;0;0;0;0;0;0;0;0;0;1;31
07.06.2024;15:58;A118;1;1;57;17;22;19;29;1;2;0;0;0;0;0;0;0;0;0;0;0;100
07.06.2024;15:57;A118;1;1;54;9;12;12;48;1;2;0;0;0;0;1;1;0;0;0;0;1;100
07.06.2024;15:56;A118;1;0;0;14;15;18;32;2;3;0;0;0;0;0;0;0;0;1;3;1;75
07.06.2024;15:55;A118;1;2;1;12;32;14;55;1;0;0;0;0;0;0;0;0;0;0;0;0;0
07.06.2024;15:54;A118;1;3;78;13;32;13;54;0;0;0;0;0;0;0;0;0;0;0;0;3;100
07.06.2024;15:53;A118;1;6;87;12;33;10;60;1;0;0;0;0;0;0;0;0;0;0;0;2;80
07.06.2024;15:52;A118;1;0;100;15;30;18;40;1;1;0;0;0;0;0;0;0;0;1;1;1;96
07.06.2024;15:51;A118;1;4;90;15;31;10;55;0;0;0;0;0;0;0;0;0;0;0;0;0;100
07.06.2024;15:50;A118;1;5;91;12;40;13;57;3;3;0;0;0;0;0;0;1;1;0;0;1;88
07.06.2024;15:49;A118;1;1;81;12;25;18;32;0;0;1;1;0;0;0;0;0;0;0;0;2;73
07.06.2024;15:48;A118;1;3;75;9;35;13;51;2;3;0;0;0;0;0;0;0;0;0;0;1;100
07.06.2024;15:47;A118;1;4;62;15;45;15;57;3;2;0;0;0;0;0;0;0;0;0;0;2;42
07.06.2024;15:46;A118;1;1;57;17;21;20;42;0;0;0;0;0;0;0;0;0;0;0;0;2;48
07.06.2024;15:45;A118;1;3;59;10;14;6;77;0;0;0;0;0;0;0;0;0;0;0;0;2;68
07.06.2024;15:44;A118;1;0;0;23;25;19;42;2;3;0;0;0;0;0;0;1;1;0;0;0;0
07.06.2024;15:43;A118;1;0;0;14;33;20;43;0;0;0;0;0;0;0;0;0;0;0;0;0;0
07.06.2024;15:42;A118;1;2;66;13;40;6;70;3;1;0;0;0;0;0;0;0;0;0;0;0;100
07.06.2024;15:41;A118;1;0;0;16;17;18;38;3;9;0;0;0;0;0;0;0;0;1;2;2;61
07.06.2024;15:40;A118;1;0;0;9;10;19;37;3;2;0;0;0;0;0;0;0;0;0;0;0;0
07.06.2024;15:39;A118;1;0;53;13;22;13;52;0;0;0;0;0;0;0;0;0;0;0;0;0;97
07.06.2024;15:38;A118;1;4;52;15;50;15;41;2;19;0;0;0;0;0;0;0;0;0;0;2;47
07.06.2024;15:37;A118;1;0;100;20;26;22;30;1;1;0;0;0;0;0;0;0;0;1;2;0;100
07.06.2024;15:36;A118;1;2;52;13;52;13;57;1;39;0;0;0;0;0;0;0;0;1;3;3;93
07.06.2024;15:35;A118;1;1;21;13;63;10;61;1;0;0;0;0;0;0;0;0;0;0;0;0;31
07.06.2024;15:34;A118;1;1;85;18;38;18;50;3;2;0;0;1;1;1;1;0;0;0;0;2;76
07.06.2024;15:33;A118;1;3;77;17;43;17;53;2;3;0;0;0;0;0;0;0;0;0;0;1;100
07.06.2024;15:32;A118;1;2;67;14;25;14;61;0;0;0;0;0;0;0;0;0;0;0;0;2;50
07.06.2024;15:31;A118;1;1;74;17;31;18;43;0;0;0;0;0;0;0;0;0;0;0;0;1;66
07.06.2024;15:30;A118;1;0;76;14;44;14;58;4;6;0;0;0;0;0;0;0;0;1;2;0;65
07.06.2024;15:29;A118;1;2;20;15;59;16;28;1;2;0;0;0;0;0;0;0;0;0;0;2;6
07.06.2024;15:28;A118;1;0;100;17;36;17;32;1;2;0;0;0;0;0;0;0;0;0;0;2;100
07.06.2024;15:27;A118;1;6;85;17;30;13;47;2;1;0;0;0;0;0;0;0;0;0;0;0;100
07.06.2024;15:26;A118;1;4;73;12;49;14;63;3;2;0;0;0;0;0;0;0;0;0;0;2;57
07.06.2024;15:25;A118;1;1;52;19;22;19;37;1;0;0;0;0;0;0;0;0;0;0;0;2;43
07.06.2024;15:24;A118;1;0;72;15;22;13;43;1;1;0;0;0;0;0;0;0;0;0;0;0;65
07.06.2024;15:23;A118;1;2;32;13;55;13;47;1;1;0;0;0;0;0;0;0;0;0;0;2;16
07.06.2024;15:22;A118;1;1;27;18;22;14;13;1;0;0;0;0;0;0;0;0;0;0;0;1;19
07.06.2024;15:21;A118;1;1;56;11;34;9;41;0;0;0;0;0;0;0;0;0;0;0;0;0;98
07.06.2024;15:20;A118;1;1;42;18;17;10;8;0;0;0;0;0;0;0;0;0;0;0;0;1;93
07.06.2024;15:19;A118;1;2;1;18;39;10;24;2;4;0;0;1;1;1;1;0;0;0;0;0;0
07.06.2024;15:18;A118;1;2;80;12;35;11;22;3;1;1;1;0;0;0;0;1;1;0;0;0;100
07.06.2024;15:17;A118;1;0;100;20;22;17;18;0;0;0;0;0;0;0;0;0;0;0;0;2;96
07.06.2024;15:16;A118;1;1;5;18;40;12;25;0;0;0;0;0;0;0;0;0;0;0;0;0;0
07.06.2024;15:15;A118;1;2;75;16;38;9;62;1;1;0;0;0;0;0;0;0;0;0;0;0;65
07.06.2024;15:14;A118;1;2;55;11;54;13;55;2;1;0;0;0;0;0;0;0;0;0;0;2;54
07.06.2024;15:13;A118;1;1;46;17;30;19;49;1;1;0;0;0;0;0;0;0;0;0;0;1;38
07.06.2024;15:12;A118;1;2;73;9;17;12;53;0;0;0;0;0;0;0;0;0;0;0;0;0;65
07.06.2024;15:11;A118;1;2;61;14;23;10;25;0;0;0;0;0;0;0;0;0;0;0;0;1;62
07.06.2024;15:10;A118;1;1;99;16;32;19;35;1;1;0;0;0;0;0;0;0;0;0;0;2;90
07.06.2024;15:09;A118;1;2;75;12;23;17;46;0;0;0;0;0;0;0;0;0;0;0;0;0;100
07.06.2024;15:08;A118;1;1;47;16;15;16;20;1;1;0;0;0;0;0;0;0;0;0;0;1;38
07.06.2024;15:07;A118;1;0;0;16;18;24;37;0;0;0;0;0;0;0;0;0;0;0;0;0;0
07.06.2024;15:06;A118;1;1;57;11;40;9;45;0;0;0;0;0;0;0;0;0;0;0;0;0;97
07.06.2024;15:05;A118;1;3;67;14;52;9;27;2;1;1;1;0;0;0;0;1;1;0;0;2;58
07.06.2024;15:04;A118;1;0;100;15;16;14;23;2;3;0;0;0;0;1;1;0;0;0;0;0;100
07.06.2024;15:03;A118;1;2;54;7;19;11;40;1;1;0;0;1;1;0;0;0;0;0;0;4;61
07.06.2024;15:02;A118;1;0;19;12;37;15;28;3;2;0;0;0;0;0;0;0;0;0;0;0;30
07.06.2024;15:01;A118;1;1;67;14;25;12;19;3;4;0;0;0;0;0;0;0;0;0;0;2;58
07.06.2024;15:00;A118;1;2;52;10;23;11;9;1;1;0;0;0;0;0;0;0;0;0;0;2;76
07.06.2024;14:59;A118;1;0;19;15;41;9;32;0;0;0;0;0;0;0;0;0;0;0;0;0;30
07.06.2024;14:58;A118;1;1;40;16;30;11;22;1;1;0;0;0;0;0;0;0;0;0;0;2;32
07.06.2024;14:57;A118;1;1;39;10;21;11;13;0;0;0;0;0;0;0;0;0;0;0;0;2;56
07.06.2024;14:56;A118;1;0;0;19;19;12;13;1;1;0;0;0;0;0;0;0;0;0;0;0;0
07.06.2024;14:55;A118;1;0;0;16;29;22;36;1;2;0;0;0;0;0;0;0;0;0;0;0;0
07.06.2024;14:54;A118;1;2;44;6;26;7;17;0;0;0;0;0;0;0;0;0;0;0;0;2;29
07.06.2024;14:53;A118;1;1;21;15;50;6;8;3;17;0;0;0;0;0;0;0;0;0;0;0;15
07.06.2024;14:52;A118;1;0;100;10;8;14;14;1;1;0;0;0;0;0;0;0;0;0;0;0;100
07.06.2024;14:51;A118;1;2;52;13;17;14;37;3;4;0;0;0;0;0;0;0;0;0;0;2;43
07.06.2024;14:50;A118;1;0;0;18;19;14;33;0;0;0;0;0;0;0;0;0;0;0;0;0;0
07.06.2024;14:49;A118;1;0;0;16;21;18;34;3;1;0;0;0;0;0;0;1;1;0;0;0;0
07.06.2024;14:48;A118;1;3;59;5;36;8;16;0;0;1;1;0;0;0;0;0;0;0;0;0;48
07.06.2024;14:47;A118;1;1;52;22;20;9;7;3;2;0;0;0;0;0;0;0;0;0;0;2;44
07.06.2024;14:46;A118;1;0;0;10;24;11;20;1;1;0;0;0;0;0;0;0;0;0;0;0;0
07.06.2024;14:45;A118;1;3;48;14;23;14;61;3;2;0;0;0;0;0;0;0;0;0;0;0;100
07.06.2024;14:44;A118;1;0;7;13;26;14;55;2;1;0;0;0;0;0;0;0;0;1;1;1;35
07.06.2024;14:43;A118;1;1;45;11;20;13;25;1;0;0;0;0;0;0;0;0;0;0;0;2;37
07.06.2024;14:42;A118;1;3;76;18;22;9;23;1;1;0;0;0;0;0;0;0;0;0;0;0;100
07.06.2024;14:41;A118;1;1;75;18;15;12;46;2;2;0;0;0;0;0;0;0;0;0;0;2;67
07.06.2024;14:40;A118;1;0;0;10;22;20;41;0;0;0;0;0;0;0;0;0;0;0;0;0;0
07.06.2024;14:39;A118;1;1;74;17;26;10;48;1;1;0;0;0;0;0;0;0;0;0;0;2;62
07.06.2024;14:38;A118;1;2;8;13;47;13;57;0;0;0;0;0;0;0;0;0;0;0;0;0;15
07.06.2024;14:37;A118;1;0;0;13;12;18;27;2;2;0;0;0;0;0;0;0;0;1;4;0;100
07.06.2024;14:36;A118;1;0;0;18;17;25;32;1;1;0;0;0;0;0;0;0;0;1;2;1;13
07.06.2024;14:35;A118;1;1;22;12;49;9;66;1;1;0;0;0;0;0;0;0;0;0;0;0;30
07.06.2024;14:34;A118;1;1;94;17;37;18;47;3;3;0;0;0;0;1;1;0;0;0;0;2;85
07.06.2024;14:33;A118;1;0;70;6;20;10;52;1;1;0;0;1;1;0;0;0;0;0;0;0;65
07.06.2024;14:32;A118;1;1;76;15;39;13;65;0;0;0;0;0;0;0;0;0;0;0;0;2;73
07.06.2024;14:31;A118;1;1;32;13;28;19;36;3;5;0;0;0;0;0;0;0;0;0;0;2;23
07.06.2024;14:30;A118;1;3;76;15;23;17;49;1;1;0;0;0;0;0;0;0;0;0;0;0;65
07.06.2024;14:29;A118;1;2;51;12;45;12;48;2;2;0;0;0;0;0;0;0;0;0;0;2;53
07.06.2024;14:28;A118;1;1;61;19;43;19;36;1;2;0;0;0;0;0;0;0;0;0;0;2;53
07.06.2024;14:27;A118;1;0;0;17;45;6;81;4;3;0;0;0;0;0;0;0;0;1;2;1;95
07.06.2024;14:26;A118;1;2;23;9;42;10;68;2;1;0;0;0;0;0;0;0;0;0;0;1;16
07.06.2024;14:25;A118;1;0;100;17;17;14;42;2;3;0;0;0;0;0;0;0;0;0;0;0;100
07.06.2024;14:24;A118;1;1;40;22;24;16;45;0;0;0;0;0;0;0;0;0;0;0;0;2;32
07.06.2024;14:23;A118;1;5;30;13;62;13;57;0;0;0;0;0;0;0;0;0;0;0;0;0;30
07.06.2024;14:22;A118;1;1;90;22;34;13;44;3;3;0;0;0;0;0;0;0;0;0;0;2;81
07.06.2024;14:21;A118;1;3;67;11;41;12;56;0;0;0;0;0;0;0;0;0;0;0;0;0;100
07.06.2024;14:20;A118;1;4;50;13;46;8;67;1;2;0;0;0;0;0;0;1;1;0;0;2;85
07.06.2024;14:19;A118;1;0;0;11;34;18;35;3;3;1;1;0;0;1;1;0;0;1;2;1;41
07.06.2024;14:18;A118;1;1;1;18;39;14;50;2;1;0;0;0;0;0;0;0;0;1;3;2;80
07.06.2024;14:17;A118;1;4;30;12;57;9;65;0;0;0;0;0;0;0;0;0;0;0;0;0;15
07.06.2024;14:16;A118;1;0;100;15;15;17;41;1;0;0;0;0;0;0;0;0;0;0;0;0;100
07.06.2024;14:15;A118;1;2;20;14;15;18;29;0;0;0;0;0;0;0;0;0;0;0;0;2;10
07.06.2024;14:14;A118;1;2;25;14;55;11;68;1;1;0;0;0;0;0;0;0;0;0;0;0;15
07.06.2024;14:13;A118;1;0;100;19;40;18;40;1;0;0;0;0;0;0;0;0;0;0;0;2;93
07.06.2024;14:12;A118;1;4;80;10;36;10;64;0;0;0;0;0;0;0;0;0;0;0;0;0;100
07.06.2024;14:11;A118;1;2;62;22;26;22;37;4;2;0;0;0;0;0;0;0;0;1;3;2;90
07.06.2024;14:10;A118;1;1;1;17;32;16;42;3;3;0;0;0;0;0;0;0;0;0;0;0;0
07.06.2024;14:09;A118;1;0;71;16;41;10;51;0;0;0;0;0;0;0;0;0;0;0;0;0;100
07.06.2024;14:08;A118;1;7;84;14;23;9;73;1;0;0;0;0;0;0;0;0;0;0;0;2;75
07.06.2024;14:07;A118;1;1;90;15;17;19;36;1;0;0;0;0;0;0;0;1;1;0;0;2;81
07.06.2024;14:06;A118;1;2;63;12;44;13;58;1;1;0;0;0;0;0;0;0;0;0;0;0;100
07.06.2024;14:05;A118;1;5;41;15;50;10;65;0;0;0;0;0;0;0;0;0;0;0;0;2;36
07.06.2024;14:04;A118;1;1;61;11;28;16;41;0;3;0;0;0;0;0;0;0;0;0;0;2;52
07.06.2024;14:03;A118;1;1;77;12;49;13;52;1;47;0;0;0;1;1;1;0;0;0;0;0;100
07.06.2024;14:02;A118;1;5;45;11;26;12;52;3;2;0;0;1;0;0;0;0;0;0;0;2;22
07.06.2024;14:01;A118;1;1;70;13;30;13;22;3;2;0;0;0;0;0;0;0;0;0;0;2;61
07.06.2024;14:00;A118;1;3;76;14;40;12;34;0;0;0;0;0;0;0;0;0;0;0;0;0;100
07.06.2024;13:59;A118;1;2;56;21;32;11;27;3;5;0;0;0;0;0;0;0;0;0;0;2;41
07.06.2024;13:58;A118;1;1;86;14;19;8;8;2;1;0;0;0;0;0;0;0;0;0;0;2;75
07.06.2024;13:57;A118;1;4;29;11;35;7;10;1;1;0;0;0;0;0;0;0;0;0;0;0;97
07.06.2024;13:56;A118;1;2;62;13;44;10;14;1;5;0;0;0;0;0;0;0;0;0;0;2;57
07.06.2024;13:55;A118;1;1;41;16;32;12;18;4;2;0;0;0;0;0;0;0;0;0;0;2;33
07.06.2024;13:54;A118;1;2;73;16;42;9;12;1;1;0;0;0;0;0;0;0;0;0;0;2;100
07.06.2024;13:53;A118;1;4;37;15;55;12;59;1;1;0;0;0;0;0;0;0;0;0;0;0;30
07.06.2024;13:52;A118;1;1;100;21;40;13;48;3;3;0;0;0;0;0;0;0;0;0;0;2;91
07.06.2024;13:51;A118;1;4;85;10;49;8;14;2;3;1;1;0;0;0;0;1;1;0;0;0;69
07.06.2024;13:50;A118;1;5;46;15;51;10;16;1;2;0;0;1;1;1;1;0;0;0;0;2;37
07.06.2024;13:49;A118;1;1;72;18;37;12;21;0;0;0;0;0;0;0;0;0;0;0;0;2;64
07.06.2024;13:48;A118;1;0;69;18;50;13;39;0;0;0;0;0;0;0;0;0;0;0;0;2;61
07.06.2024;13:47;A118;1;1;24;14;55;3;3;0;0;0;0;0;0;0;0;0;0;0;0;0;15
07.06.2024;13:46;A118;1;1;61;15;19;12;10;4;4;0;0;0;0;0;0;0;0;2;2;2;74
07.06.2024;13:45;A118;1;3;60;12;54;6;8;1;1;0;0;0;0;0;0;0;0;0;0;0;48
07.06.2024;13:44;A118;1;2;52;15;52;12;44;1;1;0;0;0;0;0;0;0;0;1;2;2;57
07.06.2024;13:43;A118;1;1;90;14;23;11;25;0;0;0;0;0;0;0;0;0;0;0;0;2;100
07.06.2024;13:42;A118;1;1;70;13;21;15;47;0;0;0;0;0;0;0;0;0;0;0;0;1;65
07.06.2024;13:41;A118;1;1;67;22;28;15;19;1;2;0;0;0;0;0;0;0;0;0;0;1;86
07.06.2024;13:40;A118;1;1;2;23;38;19;29;3;4;0;0;0;0;0;0;0;0;0;0;0;0
07.06.2024;13:39;A118;1;4;81;12;32;11;66;0;0;0;0;0;0;0;0;0;0;0;0;3;64
07.06.2024;13:38;A118;1;0;100;19;19;13;14;2;2;0;0;0;0;0;0;0;0;1;4;2;100
07.06.2024;13:37;A118;1;2;12;21;24;13;26;7;6;0;0;0;0;0;0;1;1;0;0;2;2
07.06.2024;13:36;A118;1;0;57;11;53;6;30;2;1;1;1;0;0;0;0;0;0;0;0;5;46
07.06.2024;13:35;A118;1;1;25;11;59;12;23;0;0;0;0;0;0;0;0;0;0;0;0;5;12
07.06.2024;13:34;A118;1;1;87;19;33;19;31;4;1;0;0;0;0;0;0;0;0;0;0;4;77
07.06.2024;13:33;A118;1;0;68;9;26;18;49;3;3;0;0;1;1;1;1;0;0;0;0;10;63
07.06.2024;13:32;A118;1;1;31;23;22;3;3;0;0;0;0;0;0;0;0;0;0;0;0;2;21
07.06.2024;13:31;A118;1;0;0;23;25;19;24;2;3;0;0;0;0;0;0;0;0;0;0;0;0
07.06.2024;13:30;A118;1;2;56;8;40;8;44;2;9;0;0;0;0;0;0;0;0;0;0;6;50
07.06.2024;13:29;A118;1;0;100;23;28;14;19;0;0;0;0;0;0;0;0;0;0;0;0;4;97
07.06.2024;13:28;A118;1;1;13;21;43;15;18;3;3;0;0;0;0;0;0;0;0;0;0;1;4
07.06.2024;13:27;A118;1;2;74;17;43;12;14;0;0;0;0;0;0;0;0;0;0;0;0;5;59
07.06.2024;13:26;A118;1;5;49;15;57;13;43;2;36;0;0;0;0;0;0;0;0;0;0;6;23
07.06.2024;13:25;A118;1;0;100;18;27;16;15;2;1;0;0;0;0;0;0;0;0;2;11;9;96
07.06.2024;13:24;A118;1;2;96;8;28;9;53;1;1;0;0;0;0;0;0;0;0;0;0;8;64
07.06.2024;13:23;A118;1;3;76;13;22;13;18;3;6;0;0;0;0;0;0;0;0;0;0;5;59
07.06.2024;13:22;A118;1;1;64;10;15;11;17;0;0;0;0;0;0;0;0;0;0;0;0;10;44
07.06.2024;13:21;A118;1;1;47;9;22;9;27;2;33;0;0;0;0;0;0;0;0;0;0;4;49
07.06.2024;13:20;A118;1;1;1;23;29;9;7;0;0;0;0;0;0;0;0;0;0;1;2;16;50
07.06.2024;13:19;A118;1;0;0;21;40;13;25;2;1;0;0;0;0;0;0;0;0;0;0;0;0
07.06.2024;13:18;A118;1;2;39;17;41;9;29;2;3;0;0;0;0;0;0;0;0;0;0;8;17
07.06.2024;13:17;A118;1;3;9;16;50;11;23;3;1;1;1;0;0;0;0;1;1;0;0;0;0
07.06.2024;13:16;A118;1;1;7;9;16;15;26;1;1;0;0;0;0;0;0;0;0;0;0;15;87
07.06.2024;13:15;A118;1;4;78;11;15;10;18;1;1;0;0;0;0;0;0;0;0;0;0;10;62
07.06.2024;13:14;A118;1;2;7;14;11;8;11;1;1;0;0;0;0;0;0;0;0;0;0;0;0
07.06.2024;13:13;A118;1;0;0;18;22;17;21;1;1;0;0;0;0;0;0;0;0;0;0;0;0
07.06.2024;13:12;A118;1;3;52;12;19;5;23;1;1;0;0;0;0;0;0;0;0;0;0;7;31
07.06.2024;13:11;A118;1;1;3;23;24;23;28;1;3;0;0;0;0;0;0;0;0;0;0;0;0
07.06.2024;13:10;A118;1;0;0;19;36;19;34;1;2;0;0;0;0;0;0;0;0;0;0;0;0
07.06.2024;13:09;A118;1;3;76;10;41;11;67;3;8;0;0;0;0;0;0;0;0;0;0;6;63
07.06.2024;13:08;A118;1;3;59;14;31;11;37;1;1;0;0;0;0;0;0;0;0;0;0;10;42
07.06.2024;13:07;A118;1;1;93;19;38;20;39;0;0;0;0;0;0;0;0;0;0;0;0;5;83
07.06.2024;13:06;A118;1;2;56;11;18;8;76;1;2;0;0;0;0;0;0;0;0;0;0;5;40
07.06.2024;13:05;A118;1;0;3;16;52;14;60;0;0;0;0;0;0;0;0;0;0;0;0;0;0
07.06.2024;13:04;A118;1;1;67;6;8;10;27;0;0;0;0;0;0;0;0;0;0;0;0;8;54
07.06.2024;13:03;A118;1;2;82;5;7;16;21;5;15;0;0;1;1;1;1;0;0;0;0;5;70
07.06.2024;13:02;A118;1;3;34;16;54;12;41;1;25;0;0;0;0;0;0;0;0;1;7;5;64
07.06.2024;13:01;A118;1;1;87;10;22;11;15;0;0;0;0;0;0;0;0;0;0;0;0;9;73
07.06.2024;13:00;A118;1;4;73;11;20;11;30;3;32;0;0;0;0;0;0;0;0;0;0;5;58
07.06.2024;12:59;A118;1;3;74;12;19;14;25;1;1;0;0;0;0;0;0;0;0;1;5;9;53
07.06.2024;12:58;A118;1;1;88;20;34;11;15;0;0;0;0;0;0;0;0;0;0;0;0;6;77
07.06.2024;12:57;A118;1;3;77;9;28;6;9;1;17;0;0;0;0;0;0;0;0;0;0;2;64
07.06.2024;12:56;A118;1;1;26;18;19;8;7;3;2;0;0;0;0;0;0;0;0;0;0;2;17
07.06.2024;12:55;A118;1;0;0;22;37;21;33;0;0;0;0;0;0;0;0;0;0;0;0;0;0
07.06.2024;12:54;A118;1;4;75;7;42;9;33;0;0;0;0;0;0;0;0;0;0;2;4;7;87
07.06.2024;12:53;A118;1;2;68;14;50;10;12;1;0;0;0;0;0;0;0;0;0;0;0;4;52
07.06.2024;12:52;A118;1;1;26;16;31;16;21;5;15;0;0;0;0;1;1;0;0;0;0;5;15
07.06.2024;12:51;A118;1;0;0;13;32;12;19;1;3;0;0;0;0;0;0;0;0;1;3;5;53
07.06.2024;12:50;A118;1;1;23;14;24;10;60;0;0;0;0;0;0;0;0;0;0;0;0;2;15
07.06.2024;12:49;A118;1;0;100;10;13;17;17;0;0;0;0;0;0;0;0;0;0;1;3;4;98
07.06.2024;12:48;A118;1;1;77;12;26;7;16;1;1;0;0;0;0;0;0;0;0;0;0;6;62
07.06.2024;12:47;A118;1;5;48;14;57;14;58;1;0;0;0;0;0;0;0;0;0;1;4;5;29
07.06.2024;12:46;A118;1;0;100;14;32;12;32;2;3;0;0;0;0;0;0;0;0;0;0;-1;0
07.06.2024;12:45;A118;1;2;42;8;46;14;21;1;2;0;0;0;0;0;0;0;0;0;0;2;33
07.06.2024;12:44;A118;1;3;16;16;36;11;27;2;2;0;0;0;0;0;0;0;0;0;0;1;2
07.06.2024;12:43;A118;1;1;90;10;20;19;35;0;2;0;0;0;0;0;0;0;0;0;0;-1;0
07.06.2024;12:42;A118;1;2;78;10;32;16;55;2;41;0;0;0;0;0;0;0;0;0;0;1;64
07.06.2024;12:41;A118;1;1;93;19;17;12;57;2;1;0;0;0;0;0;0;0;0;0;0;1;85
07.06.2024;12:40;A118;1;0;0;10;11;10;45;0;0;0;0;0;0;0;0;0;0;0;0;0;0
07.06.2024;12:39;A118;1;0;0;21;22;20;30;0;0;0;0;0;0;0;0;0;0;0;0;0;0
07.06.2024;12:38;A118;1;2;26;17;37;11;59;2;34;0;0;0;0;0;0;1;1;0;0;1;26
07.06.2024;12:37;A118;1;1;43;19;34;19;36;3;3;0;0;0;0;0;0;0;0;1;3;1;35
07.06.2024;12:36;A118;1;4;81;17;40;15;55;1;79;0;0;0;0;0;0;0;0;0;0;0;65
07.06.2024;12:35;A118;1;4;47;14;50;11;65;1;2;0;0;0;0;0;0;0;0;0;0;2;45
07.06.2024;12:34;A118;1;1;87;11;17;14;24;5;4;0;0;0;0;1;1;0;0;1;2;2;78
07.06.2024;12:33;A118;1;5;77;6;23;10;57;0;0;0;0;1;1;0;0;0;0;0;0;0;100
07.06.2024;12:32;A118;1;0;100;11;9;22;28;1;1;0;0;0;0;0;0;0;0;0;0;0;100
07.06.2024;12:31;A118;1;0;100;23;27;24;31;1;2;0;0;0;0;0;0;0;0;0;0;0;100
07.06.2024;12:30;A118;1;3;72;12;47;10;42;1;1;0;0;0;0;0;0;0;0;0;0;5;59
07.06.2024;12:29;A118;1;1;40;14;54;14;50;1;1;0;0;0;0;0;0;0;0;0;0;4;26
07.06.2024;12:28;A118;1;3;55;15;51;16;54;1;1;0;0;0;0;0;0;0;0;0;0;2;38
07.06.2024;12:27;A118;1;1;69;16;43;14;44;2;4;0;0;0;0;0;0;0;0;0;0;3;64
07.06.2024;12:26;A118;1;3;86;14;41;12;44;2;2;0;0;0;0;0;0;0;0;0;0;2;64
07.06.2024;12:25;A118;1;0;67;15;20;13;55;1;18;0;0;0;0;0;0;0;0;0;0;0;100
07.06.2024;12:24;A118;1;7;74;13;57;12;53;3;7;0;0;0;0;0;0;0;0;0;0;4;42
07.06.2024;12:23;A118;1;2;44;13;49;15;49;2;1;0;0;0;0;0;0;0;0;0;0;0;61
07.06.2024;12:22;A118;1;4;64;15;49;15;58;1;1;0;0;0;0;0;0;0;0;0;0;2;42
07.06.2024;12:21;A118;1;3;56;12;23;14;59;2;3;0;0;0;0;0;0;0;0;0;0;2;40
07.06.2024;12:20;A118;1;1;86;15;56;14;46;2;1;0;0;1;1;1;1;0;0;0;0;2;78
07.06.2024;12:19;A118;1;3;28;15;49;15;36;3;3;0;0;0;0;0;0;1;1;1;2;2;79
07.06.2024;12:18;A118;1;1;70;15;45;12;34;0;0;1;1;0;0;0;0;0;0;0;0;2;100
07.06.2024;12:17;A118;1;2;56;10;63;12;31;0;0;0;0;0;0;0;0;0;0;1;3;0;94
07.06.2024;12:16;A118;1;2;59;14;17;14;59;0;0;0;0;0;0;0;0;0;0;0;0;2;44
07.06.2024;12:15;A118;1;1;59;14;20;14;52;0;0;0;0;0;0;0;0;0;0;1;2;2;60
07.06.2024;12:14;A118;1;4;72;17;57;14;54;0;0;0;0;0;0;0;0;0;0;0;0;1;56
07.06.2024;12:13;A118;1;0;100;10;14;17;19;2;3;0;0;0;0;0;0;0;0;0;0;0;100
07.06.2024;12:12;A118;1;1;38;14;17;23;29;2;2;0;0;0;0;0;0;0;0;0;0;2;30
07.06.2024;12:11;A118;1;1;39;10;29;7;26;1;1;0;0;0;0;0;0;0;0;0;0;2;48
07.06.2024;12:10;A118;1;1;41;11;22;6;9;1;1;0;0;0;0;0;0;0;0;0;0;0;67
07.06.2024;12:09;A118;1;2;79;10;34;11;42;1;1;0;0;0;0;0;0;0;0;0;0;2;63
07.06.2024;12:08;A118;1;6;33;15;29;12;61;0;0;0;0;0;0;0;0;0;0;0;0;1;59
07.06.2024;12:07;A118;1;0;100;11;14;9;67;1;1;0;0;0;0;0;0;0;0;0;0;0;100
07.06.2024;12:06;A118;1;1;21;18;17;17;38;0;0;0;0;0;0;0;0;0;0;0;0;2;12
07.06.2024;12:05;A118;1;0;0;8;10;18;37;1;2;1;1;0;0;0;0;1;1;0;0;0;0
07.06.2024;12:04;A118;1;2;39;13;21;12;55;0;0;0;0;0;0;0;0;0;0;0;0;1;74
07.06.2024;12:03;A118;1;0;49;14;37;15;39;1;21;0;0;0;0;0;0;0;0;0;0;3;100
07.06.2024;12:02;A118;1;3;35;14;36;13;18;1;1;0;0;0;0;0;0;0;0;0;0;0;60
07.06.2024;12:01;A118;1;1;20;13;29;12;60;0;0;0;0;0;0;0;0;0;0;0;0;1;29
07.06.2024;12:00;A118;1;4;71;14;56;13;45;2;4;0;0;0;0;0;0;0;0;0;0;2;53
07.06.2024;11:59;A118;1;1;84;22;24;15;16;2;21;0;0;0;0;0;0;0;0;0;0;2;100
07.06.2024;11:58;A118;1;0;0;23;35;14;27;0;0;0;0;0;0;0;0;0;0;0;0;0;0
07.06.2024;11:57;A118;1;2;60;8;45;7;28;1;32;0;0;0;0;0;0;0;0;0;0;0;100
07.06.2024;11:56;A118;1;2;62;8;12;17;19;2;3;0;0;0;0;0;0;0;0;0;0;2;48
07.06.2024;11:55;A118;1;1;37;13;42;12;51;1;0;0;0;0;0;0;0;0;0;0;0;0;61
07.06.2024;11:54;A118;1;3;65;12;14;11;62;1;1;0;0;0;0;0;0;0;0;0;0;3;45
07.06.2024;11:53;A118;1;2;70;11;34;12;61;1;2;0;0;0;0;0;0;0;0;1;1;1;76
07.06.2024;11:52;A118;1;1;2;15;28;15;50;1;1;0;0;0;0;0;0;0;0;1;1;2;38
07.06.2024;11:51;A118;1;0;0;11;15;19;42;3;3;0;0;0;0;0;0;0;0;0;0;1;73
07.06.2024;11:50;A118;1;0;62;10;25;9;14;1;0;0;0;0;0;0;0;0;0;0;0;1;68
07.06.2024;11:49;A118;1;1;70;13;18;12;24;2;3;0;0;0;0;0;0;0;0;0;0;2;61
07.06.2024;11:48;A118;1;0;26;9;15;10;37;2;1;0;0;0;0;0;0;0;0;0;0;0;43
07.06.2024;11:47;A118;1;2;73;13;38;9;51;1;31;0;0;0;0;0;0;0;0;0;0;2;71
07.06.2024;11:46;A118;1;1;83;9;8;16;19;1;1;0;0;0;0;0;0;0;0;0;0;2;74
07.06.2024;11:45;A118;1;0;0;16;34;19;48;5;4;0;0;0;0;0;0;0;0;0;0;0;0
07.06.2024;11:44;A118;1;0;91;18;23;14;35;2;4;0;0;0;0;0;0;0;0;0;0;0;100
07.06.2024;11:43;A118;1;2;83;6;7;10;27;0;0;0;0;0;0;0;0;0;0;0;0;3;53
07.06.2024;11:42;A118;1;0;0;13;11;23;30;4;3;0;0;0;0;0;0;0;0;0;0;0;0
07.06.2024;11:41;A118;1;3;29;15;37;11;40;1;0;0;0;0;0;0;0;0;0;0;0;1;23
07.06.2024;11:40;A118;1;1;64;9;8;10;35;0;0;0;0;0;0;0;0;0;0;0;0;2;63
07.06.2024;11:39;A118;1;2;53;12;14;14;45;1;1;0;0;0;0;0;0;0;0;0;0;2;44
07.06.2024;11:38;A118;1;3;52;10;11;8;12;1;0;0;0;0;0;0;0;0;0;0;0;0;100
07.06.2024;11:37;A118;1;0;0;19;20;12;16;3;5;0;0;0;0;0;0;0;0;1;2;2;4
07.06.2024;11:36;A118;1;1;1;13;14;9;8;2;1;0;0;0;0;0;0;0;0;0;0;0;0
07.06.2024;11:35;A118;1;2;55;10;16;11;19;1;1;0;0;0;0;0;0;0;0;0;0;0;47
07.06.2024;11:34;A118;1;1;74;9;7;11;15;1;0;0;0;0;0;0;0;0;0;0;0;2;65
07.06.2024;11:33;A118;1;0;0;10;14;16;23;2;6;0;0;1;1;1;1;0;0;0;0;0;0
07.06.2024;11:32;A118;1;1;3;10;37;14;26;1;1;0;0;0;0;0;0;0;0;0;0;0;0
07.06.2024;11:31;A118;1;2;82;13;13;9;9;1;0;0;0;0;0;0;0;0;0;0;0;2;100
07.06.2024;11:30;A118;1;0;0;15;25;14;23;1;1;0;0;0;0;0;0;0;0;0;0;0;0
07.06.2024;11:29;A118;1;2;53;11;11;12;14;0;0;0;0;0;0;0;0;0;0;0;0;2;68
07.06.2024;11:28;A118;1;0;0;8;8;9;10;2;1;0;0;0;0;0;0;0;0;0;0;2;55
07.06.2024;11:27;A118;1;1;2;12;20;10;37;1;1;0;0;0;0;0;0;0;0;1;2;3;27
07.06.2024;11:26;A118;1;1;1;16;16;7;6;1;1;0;0;0;0;0;0;0;0;1;4;1;62
07.06.2024;11:25;A118;1;0;0;10;25;6;32;1;0;0;0;0;0;0;0;0;0;0;0;0;0
07.06.2024;11:24;A118;1;1;84;12;15;8;9;0;0;0;0;0;0;0;0;0;0;0;0;0;83
07.06.2024;11:23;A118;1;1;43;16;15;13;14;0;0;0;0;0;0;0;0;0;0;0;0;2;35
07.06.2024;11:22;A118;1;0;0;6;5;16;21;2;1;0;0;0;0;0;0;0;0;0;0;0;0
07.06.2024;11:21;A118;1;4;49;10;10;10;14;1;3;0;0;0;0;0;0;0;0;0;0;2;55
07.06.2024;11:20;A118;1;0;34;12;18;13;48;0;0;0;0;0;0;0;0;0;0;0;0;0;59
07.06.2024;11:19;A118;1;1;89;7;5;9;8;1;0;0;0;0;0;0;0;0;0;0;0;1;80
07.06.2024;11:18;A118;1;1;1;10;16;13;14;3;4;0;0;0;0;1;1;1;1;0;0;0;0
07.06.2024;11:17;A118;1;0;0;17;30;15;38;1;1;1;1;0;0;0;0;0;0;0;0;0;0
07.06.2024;11:16;A118;1;1;84;14;15;7;27;3;2;0;0;0;0;0;0;0;0;1;2;2;100
07.06.2024;11:15;A118;1;1;4;12;17;16;19;3;3;0;0;0;0;0;0;0;0;0;0;0;0
07.06.2024;11:14;A118;1;0;40;13;53;4;11;0;2;0;0;0;0;0;0;0;0;0;0;0;66
07.06.2024;11:13;A118;1;1;86;6;6;10;10;2;2;0;0;0;0;0;0;0;0;0;0;1;77
07.06.2024;11:12;A118;1;3;26;10;13;12;41;3;2;0;0;0;0;0;0;0;0;0;0;0;23
07.06.2024;11:11;A118;1;1;74;10;29;10;41;0;0;0;0;0;0;0;0;0;0;0;0;1;66
07.06.2024;11:10;A118;1;2;61;16;25;8;10;0;0;0;0;0;0;0;0;0;0;0;0;1;91
07.06.2024;11:09;A118;1;1;91;7;8;11;9;0;0;0;0;0;0;0;0;0;0;0;0;0;100
07.06.2024;11:08;A118;1;1;58;11;11;17;26;1;1;0;0;0;0;0;0;0;0;0;0;2;50
07.06.2024;11:07;A118;1;1;54;12;24;8;54;1;1;0;0;0;0;0;0;0;0;0;0;0;93
07.06.2024;11:06;A118;1;2;26;14;37;9;12;0;0;0;0;0;0;0;0;0;0;0;0;2;47
07.06.2024;11:05;A118;1;1;23;10;31;10;21;1;2;0;0;0;0;0;0;0;0;2;4;4;70
07.06.2024;11:04;A118;1;3;50;11;42;8;11;2;2;0;0;0;0;0;0;1;1;0;0;2;34
07.06.2024;11:03;A118;1;1;17;16;19;4;3;2;1;0;0;0;0;0;0;0;0;0;0;1;69
07.06.2024;11:02;A118;1;0;0;7;5;13;12;1;1;0;0;0;0;0;0;0;0;0;0;0;0
07.06.2024;11:01;A118;1;0;0;9;7;15;19;0;0;0;0;0;0;0;0;0;0;0;0;0;0
07.06.2024;11:00;A118;1;0;0;6;7;12;30;0;0;0;0;0;0;0;0;0;0;0;0;0;67
07.06.2024;10:59;A118;1;1;0;11;9;12;14;2;3;0;0;0;0;0;0;0;0;1;3;1;49
07.06.2024;10:58;A118;1;0;7;12;30;13;31;0;0;0;0;0;0;0;0;0;0;0;0;0;0
07.06.2024;10:57;A118;1;1;59;5;8;10;15;1;2;0;0;0;0;0;0;0;0;0;0;11;46
07.06.2024;10:56;A118;1;3;45;12;14;13;11;2;2;0;0;0;0;0;0;0;0;0;0;6;28
07.06.2024;10:55;A118;1;1;1;8;10;9;8;3;3;0;0;0;0;0;0;0;0;0;0;0;0
07.06.2024;10:54;A118;1;0;0;20;24;10;12;1;1;0;0;0;0;0;0;0;0;0;0;0;0
07.06.2024;10:53;A118;1;3;59;10;25;12;11;2;2;0;0;0;0;0;0;0;0;0;0;3;46
07.06.2024;10:52;A118;1;1;91;13;19;15;19;2;1;0;0;0;0;0;0;0;0;0;0;3;82
07.06.2024;10:51;A118;1;0;0;4;4;11;27;1;2;0;0;0;0;1;1;0;0;0;0;6;21
07.06.2024;10:50;A118;1;1;1;8;8;12;10;3;2;0;0;1;1;0;0;0;0;0;0;1;96
07.06.2024;10:49;A118;1;0;0;10;18;13;16;0;0;0;0;0;0;0;0;0;0;0;0;0;0
07.06.2024;10:48;A118;1;2;54;7;17;11;17;0;0;0;0;0;0;0;0;0;0;0;0;8;34
07.06.2024;10:47;A118;1;2;56;9;10;10;11;2;3;0;0;0;0;0;0;0;0;1;3;6;46
07.06.2024;10:46;A118;1;5;61;12;14;6;6;1;28;0;0;0;0;0;0;0;0;0;0;6;44
07.06.2024;10:45;A118;1;1;66;7;6;9;9;0;0;0;0;0;0;0;0;0;0;0;0;1;57
07.06.2024;10:44;A118;1;1;27;11;19;12;53;2;44;0;0;0;0;0;0;0;0;0;0;4;11
07.06.2024;10:43;A118;1;2;57;19;23;8;17;2;1;0;0;0;0;0;0;0;0;0;0;4;40
07.06.2024;10:42;A118;1;1;93;10;8;18;34;2;3;0;0;0;0;0;0;0;0;0;0;16;74
07.06.2024;10:41;A118;1;0;0;14;36;16;38;0;0;0;0;0;0;0;0;0;0;0;0;0;0
07.06.2024;10:40;A118;1;3;76;15;41;4;10;0;0;0;0;0;0;0;0;0;0;0;0;5;64
07.06.2024;10:39;A118;1;3;83;8;39;7;25;0;0;0;0;0;0;0;0;0;0;1;6;18;56
07.06.2024;10:38;A118;1;1;23;2;2;13;12;1;2;1;1;0;0;0;0;1;1;1;3;5;16
07.06.2024;10:37;A118;1;0;0;16;19;14;21;0;0;0;0;0;0;0;0;0;0;0;0;0;0
07.06.2024;10:36;A118;1;0;0;11;11;13;14;1;1;0;0;0;0;0;0;0;0;0;0;0;0
07.06.2024;10:35;A118;1;0;0;17;35;6;5;0;0;0;0;0;0;0;0;0;0;0;0;0;0
07.06.2024;10:34;A118;1;2;51;12;13;8;9;1;0;0;0;0;0;1;1;0;0;0;0;13;63
07.06.2024;10:33;A118;1;0;0;10;11;14;16;1;2;0;0;1;1;0;0;0;0;0;0;7;55
07.06.2024;10:32;A118;1;0;43;11;13;6;19;0;0;0;0;0;0;0;0;0;0;0;0;11;31
07.06.2024;10:31;A118;1;1;39;17;14;17;16;1;2;0;0;0;0;0;0;0;0;0;0;-1;0
07.06.2024;10:30;A118;1;1;23;10;26;8;16;1;2;0;0;0;0;0;0;0;0;0;0;7;9
07.06.2024;10:29;A118;1;3;69;12;21;12;46;1;1;0;0;0;0;0;0;0;0;0;0;-1;0
07.06.2024;10:28;A118;1;2;93;5;5;11;19;0;0;0;0;0;0;0;0;0;0;0;0;19;65
07.06.2024;10:27;A118;1;0;0;10;9;13;24;0;0;0;0;0;0;0;0;0;0;0;0;0;0
07.06.2024;10:26;A118;1;1;76;8;11;11;35;1;15;0;0;0;0;0;0;0;0;0;0;17;52
07.06.2024;10:25;A118;1;4;75;10;43;8;7;2;55;0;0;0;0;0;0;0;0;0;0;-1;0
07.06.2024;10:24;A118;1;3;60;9;35;7;12;3;6;0;0;0;0;0;0;0;0;0;0;14;22
07.06.2024;10:23;A118;1;1;74;15;16;15;14;1;1;0;0;0;0;0;0;0;0;0;0;-1;0
07.06.2024;10:22;A118;1;0;0;10;9;12;9;1;1;0;0;0;0;0;0;0;0;0;0;0;0
07.06.2024;10:21;A118;1;0;0;6;12;8;26;1;1;0;0;0;0;0;0;0;0;0;0;0;0
07.06.2024;10:20;A118;1;2;37;8;12;7;10;3;3;0;0;0;0;0;0;0;0;0;0;10;15
07.06.2024;10:19;A118;1;0;0;12;14;5;7;2;1;1;1;0;0;0;0;1;1;0;0;0;0
07.06.2024;10:18;A118;1;0;0;10;11;11;13;1;0;0;0;0;0;0;0;0;0;0;0;0;0
07.06.2024;10:17;A118;1;0;0;11;13;14;17;0;0;0;0;0;0;0;0;0;0;0;0;0;0
07.06.2024;10:16;A118;1;0;0;15;26;15;30;0;0;0;0;0;0;0;0;0;0;0;0;5;6
07.06.2024;10:15;A118;1;0;0;12;18;11;9;0;0;0;0;0;0;0;0;0;0;0;0;32;65
07.06.2024;10:14;A118;1;0;0;12;13;8;8;0;0;0;0;0;0;0;0;0;0;0;0;0;0
07.06.2024;10:13;A118;1;1;1;17;23;12;17;3;3;0;0;0;0;0;0;0;0;0;0;0;0
07.06.2024;10:12;A118;1;2;64;7;23;7;23;0;0;0;0;0;0;0;0;0;0;0;0;26;44
07.06.2024;10:11;A118;1;1;63;14;12;13;15;2;2;0;0;0;0;0;0;0;0;0;0;-1;0
07.06.2024;10:10;A118;1;1;29;14;41;12;58;0;0;0;0;0;0;0;0;0;0;0;0;11;18
07.06.2024;10:09;A118;1;1;24;8;6;9;8;1;2;0;0;0;0;0;0;0;0;0;0;7;12
07.06.2024;10:08;A118;1;1;16;9;9;12;20;3;3;0;0;0;0;0;0;0;0;0;0;0;0
07.06.2024;10:07;A118;1;1;77;11;15;15;30;0;0;0;0;0;0;0;0;0;0;0;0;23;49
07.06.2024;10:06;A118;1;1;55;4;6;8;14;3;3;0;0;0;0;0;0;0;0;0;0;33;51
07.06.2024;10:05;A118;1;1;67;8;18;5;17;0;0;0;0;0;0;0;0;0;0;0;0;-1;0
07.06.2024;10:04;A118;1;2;65;9;16;11;20;1;1;0;0;0;0;0;0;0;0;2;2;-1;0
07.06.2024;10:03;A118;1;1;86;16;19;15;15;4;6;0;0;0;0;0;0;0;0;0;0;-1;0
07.06.2024;10:02;A118;1;1;3;10;15;10;35;1;1;0;0;0;0;0;0;0;0;0;0;0;2
07.06.2024;10:01;A118;1;1;1;15;16;11;10;1;2;0;0;0;0;0;0;0;0;1;4;13;11
07.06.2024;10:00;A118;1;0;0;16;34;11;37;2;1;0;0;0;0;0;0;0;0;0;0;0;0
07.06.2024;09:59;A118;1;2;89;13;12;18;22;1;0;0;0;0;0;0;0;0;0;0;0;40;58
07.06.2024;09:58;A118;1;1;9;9;11;11;12;1;0;0;0;0;0;0;0;0;0;0;0;0;0
07.06.2024;09:57;A118;1;1;4;10;14;9;19;0;0;0;0;0;0;0;0;0;0;0;0;16;24
07.06.2024;09:56;A118;1;0;0;10;9;13;12;0;0;0;0;0;0;0;0;0;0;1;7;11;21
07.06.2024;09:55;A118;1;2;29;9;8;11;47;0;0;0;0;0;0;0;0;0;0;0;0;8;11
07.06.2024;09:54;A118;1;1;48;15;31;17;29;1;0;0;0;0;0;0;0;0;0;0;0;-1;0
07.06.2024;09:53;A118;1;2;76;10;8;8;6;2;1;0;0;0;0;0;0;0;0;0;0;29;51
07.06.2024;09:52;A118;1;1;1;12;13;12;20;1;1;0;0;0;0;0;0;0;0;0;0;0;0
07.06.2024;09:51;A118;1;2;74;14;26;12;34;2;1;0;0;0;0;0;0;0;0;0;0;30;45
07.06.2024;09:50;A118;1;1;42;7;24;12;33;1;37;0;0;1;1;1;1;0;0;0;0;17;28
07.06.2024;09:49;A118;1;1;47;14;15;8;7;0;0;0;0;0;0;0;0;0;0;0;0;15;31
07.06.2024;09:48;A118;1;1;2;10;8;7;9;1;0;0;0;0;0;0;0;0;0;0;0;0;0
07.06.2024;09:47;A118;1;0;0;13;11;11;10;1;1;0;0;0;0;0;0;0;0;0;0;0;0
07.06.2024;09:46;A118;1;0;0;8;18;12;23;0;0;0;0;0;0;0;0;0;0;0;0;0;0
07.06.2024;09:45;A118;1;2;70;7;12;9;31;1;1;0;0;0;0;0;0;0;0;0;0;17;44
07.06.2024;09:44;A118;1;0;64;10;16;13;55;3;3;0;0;0;0;0;0;0;0;0;0;13;39
07.06.2024;09:43;A118;1;1;38;12;9;10;11;1;1;0;0;0;0;0;0;0;0;0;0;13;23
07.06.2024;09:42;A118;1;0;0;13;36;11;27;0;0;0;0;0;0;0;0;0;0;0;0;10;14
07.06.2024;09:41;A118;1;2;27;8;9;12;57;2;1;0;0;0;0;0;0;0;0;1;2;-1;0
07.06.2024;09:40;A118;1;0;100;16;14;14;17;1;3;0;0;0;0;0;0;0;0;0;0;24;86
07.06.2024;09:39;A118;1;1;29;7;26;13;24;0;0;0;0;0;0;0;0;0;0;0;0;-1;0
07.06.2024;09:38;A118;1;0;84;12;18;14;37;6;4;0;0;0;0;0;0;1;1;0;0;35;62
07.06.2024;09:37;A118;1;1;64;11;28;10;32;1;0;1;1;0;0;0;0;0;0;0;0;27;34
07.06.2024;09:36;A118;1;2;62;9;12;11;49;0;0;0;0;0;0;0;0;0;0;0;0;29;38
07.06.2024;09:35;A118;1;3;50;12;28;12;42;2;0;0;0;0;0;1;1;0;0;1;2;-1;0
07.06.2024;09:34;A118;1;5;76;10;14;5;23;0;0;0;0;1;1;0;0;0;0;0;0;24;35
07.06.2024;09:33;A118;1;0;100;15;13;9;10;3;1;0;0;0;0;0;0;0;0;0;0;49;77
07.06.2024;09:32;A118;1;0;100;11;9;7;7;1;0;0;0;0;0;0;0;0;0;0;0;49;80
07.06.2024;09:31;A118;1;0;100;12;11;18;22;3;2;0;0;0;0;0;0;0;0;0;0;-1;0
07.06.2024;09:30;A118;1;1;68;6;8;10;13;0;0;0;0;0;0;0;0;0;0;0;0;38;43
07.06.2024;09:29;A118;1;1;6;16;14;12;24;2;2;0;0;0;0;0;0;0;0;2;4;-1;0
07.06.2024;09:28;A118;1;0;81;11;15;9;12;2;11;0;0;0;0;0;0;0;0;0;0;43;70
07.06.2024;09:27;A118;1;2;44;10;21;10;49;1;0;0;0;0;0;0;0;0;0;0;0;18;16
07.06.2024;09:26;A118;1;0;100;12;13;10;10;0;0;0;0;0;0;0;0;0;0;0;0;50;95
07.06.2024;09:25;A118;1;3;14;14;18;13;12;0;0;0;0;0;0;0;0;0;0;0;0;2;1
07.06.2024;09:24;A118;1;2;41;10;45;13;33;1;2;0;0;0;0;0;0;0;0;0;0;11;22
07.06.2024;09:23;A118;1;0;100;13;12;6;8;0;0;0;0;0;0;0;0;0;0;0;0;34;78
07.06.2024;09:22;A118;1;2;34;16;17;14;14;1;2;0;0;0;0;0;0;0;0;0;0;-1;0
07.06.2024;09:21;A118;1;0;0;11;17;16;19;6;5;0;0;0;0;0;0;0;0;0;0;0;0
07.06.2024;09:20;A118;1;0;0;12;10;9;11;0;0;0;0;0;0;0;0;0;0;0;0;0;0
07.06.2024;09:19;A118;1;0;0;11;12;17;22;4;4;0;0;0;0;0;0;1;1;0;0;0;0
07.06.2024;09:18;A118;1;0;37;6;8;12;55;2;1;1;1;1;1;1;1;0;0;0;0;7;11
07.06.2024;09:17;A118;1;1;3;13;14;6;6;3;2;0;0;0;0;0;0;0;0;0;0;0;0
07.06.2024;09:16;A118;1;0;0;11;11;7;8;1;1;0;0;0;0;0;0;0;0;0;0;0;0
07.06.2024;09:15;A118;1;0;0;6;5;7;6;0;0;0;0;0;0;0;0;0;0;0;0;0;0
07.06.2024;09:14;A118;1;2;1;17;18;17;30;0;0;0;0;0;0;0;0;0;0;0;0;0;0
07.06.2024;09:13;A118;1;0;76;7;7;6;14;0;0;0;0;0;0;0;0;0;0;0;0;13;23
07.06.2024;09:12;A118;1;1;43;4;3;9;13;0;0;0;0;0;0;0;0;0;0;0;0;13;13
07.06.2024;09:11;A118;1;1;3;15;22;13;18;1;1;0;0;0;0;0;0;0;0;0;0;0;0
07.06.2024;09:10;A118;1;0;0;12;17;4;5;2;1;0;0;0;0;0;0;0;0;1;1;12;14
07.06.2024;09:09;A118;1;2;28;6;4;7;12;1;28;0;0;0;0;0;0;0;0;0;0;1;1
07.06.2024;09:08;A118;1;1;42;18;23;14;52;2;1;0;0;0;0;0;0;0;0;0;0;9;7
07.06.2024;09:07;A118;1;2;39;9;9;12;27;1;0;0;0;0;0;0;0;0;0;0;0;5;5
07.06.2024;09:06;A118;1;0;41;5;8;5;11;3;2;0;0;0;0;0;0;1;1;0;0;9;11
07.06.2024;09:05;A118;1;0;100;17;13;9;8;0;0;1;1;0;0;0;0;0;0;0;0;34;33
07.06.2024;09:04;A118;1;2;18;13;17;9;8;0;0;0;0;0;0;0;0;0;0;0;0;1;1
07.06.2024;09:03;A118;1;1;1;8;12;7;39;1;25;0;0;0;0;0;0;0;0;0;0;1;2
07.06.2024;09:02;A118;1;0;0;11;9;11;11;2;2;0;0;0;0;0;0;0;0;0;0;24;23
07.06.2024;09:01;A118;1;0;0;11;9;2;1;0;0;0;0;0;0;0;0;0;0;1;2;7;5
07.06.2024;09:00;A118;1;2;40;4;4;2;4;4;23;0;0;0;0;0;0;0;0;0;0;3;3
07.06.2024;08:59;A118;1;1;81;16;22;10;18;1;2;0;0;0;0;0;0;0;0;0;0;18;14
07.06.2024;08:58;A118;1;2;63;5;5;9;13;0;0;0;0;0;0;0;0;0;0;0;0;7;7
07.06.2024;08:57;A118;1;0;0;13;14;10;12;1;0;0;0;0;0;0;0;0;0;0;0;0;0
07.06.2024;08:56;A118;1;1;2;12;15;14;22;0;0;0;0;0;0;0;0;0;0;0;0;0;0
07.06.2024;08:55;A118;1;2;78;13;14;18;30;1;1;0;0;0;0;0;0;0;0;0;0;12;11
07.06.2024;08:54;A118;1;1;29;3;3;10;25;1;1;0;0;0;0;0;0;0;0;0;0;0;0
07.06.2024;08:53;A118;1;2;79;10;12;17;45;1;1;0;0;0;0;0;0;0;0;0;0;16;13
07.06.2024;08:52;A118;1;2;44;9;9;15;44;2;1;0;0;0;0;0;0;0;0;0;0;2;1
07.06.2024;08:51;A118;1;0;38;4;7;12;65;0;0;0;0;0;0;0;0;0;0;0;0;0;0
07.06.2024;08:50;A118;1;1;17;11;12;18;35;4;2;0;0;0;0;0;0;1;1;0;0;1;1
07.06.2024;08:49;A118;1;2;72;8;8;5;12;0;0;1;1;0;0;0;0;0;0;0;0;9;6
07.06.2024;08:48;A118;1;1;74;9;10;22;26;3;4;0;0;0;0;0;0;0;0;0;0;9;6
07.06.2024;08:47;A118;1;1;3;11;57;3;65;0;0;0;0;0;0;0;0;0;0;0;0;0;0
07.06.2024;08:46;A118;1;2;95;16;24;10;16;6;6;0;0;0;0;0;0;0;0;0;0;1;0
07.06.2024;08:45;A118;1;1;75;2;3;8;13;1;17;0;0;0;0;0;0;0;0;0;0;3;9
07.06.2024;08:44;A118;1;1;60;13;13;11;13;1;0;0;0;0;0;0;0;0;0;0;0;1;0
07.06.2024;08:43;A118;1;3;90;6;5;11;9;1;0;0;0;0;0;0;0;0;0;0;0;0;0
07.06.2024;08:42;A118;1;1;79;4;3;16;17;1;3;0;0;0;0;0;0;0;0;1;2;0;0
07.06.2024;08:41;A118;1;0;0;17;18;9;20;2;3;0;0;0;0;0;0;0;0;0;0;0;0
07.06.2024;08:40;A118;1;3;83;7;9;10;22;1;1;0;0;0;0;0;0;0;0;0;0;1;0
07.06.2024;08:39;A118;1;1;44;12;10;21;26;3;2;0;0;0;0;0;0;0;0;0;0;0;0
07.06.2024;08:38;A118;1;0;0;6;6;12;17;2;3;0;0;0;0;0;0;0;0;0;0;0;0
07.06.2024;08:37;A118;1;1;3;6;6;4;4;1;0;0;0;0;0;0;0;0;0;0;0;0;0
07.06.2024;08:36;A118;1;0;32;11;11;8;27;1;1;0;0;0;0;0;0;0;0;0;0;0;0
07.06.2024;08:35;A118;1;1;59;12;10;7;27;1;1;0;0;0;0;0;0;0;0;0;0;0;0
07.06.2024;08:34;A118;1;1;2;16;18;8;20;2;1;0;0;0;0;0;0;0;0;0;0;0;0
07.06.2024;08:33;A118;1;0;0;7;7;10;8;2;2;0;0;1;1;1;1;0;0;1;3;4;7
07.06.2024;08:32;A118;1;1;1;13;14;9;30;0;0;0;0;0;0;0;0;0;0;0;0;0;0
07.06.2024;08:31;A118;1;3;90;11;11;10;28;0;0;0;0;0;0;0;0;0;0;1;2;8;12
07.06.2024;08:30;A118;1;1;38;5;4;11;14;0;0;0;0;0;0;0;0;0;0;0;0;3;2
07.06.2024;08:29;A118;1;1;67;14;14;11;9;1;1;0;0;0;0;0;0;0;0;0;0;2;4
07.06.2024;08:28;A118;1;0;0;5;8;6;5;0;0;0;0;0;0;0;0;0;0;0;0;0;0
07.06.2024;08:27;A118;1;3;34;9;17;5;5;1;1;0;0;0;0;0;0;0;0;0;0;0;0
07.06.2024;08:26;A118;1;1;16;14;16;11;11;2;1;0;0;0;0;0;0;0;0;0;0;3;2
07.06.2024;08:25;A118;1;3;84;8;7;10;22;0;0;0;0;0;0;0;0;0;0;0;0;4;2
07.06.2024;08:24;A118;1;1;52;5;5;7;9;0;0;0;0;0;0;0;0;0;0;0;0;1;1
07.06.2024;08:23;A118;1;0;100;15;16;8;6;3;2;0;0;0;0;0;0;0;0;0;0;2;1
07.06.2024;08:22;A118;1;1;22;8;7;14;18;1;1;0;0;0;0;0;0;0;0;0;0;0;0
07.06.2024;08:21;A118;1;1;4;5;12;12;37;1;1;0;0;0;0;0;0;0;0;0;0;0;0
07.06.2024;08:20;A118;1;1;39;5;5;19;30;0;0;0;0;0;0;0;0;0;0;0;0;2;1
07.06.2024;08:19;A118;1;2;75;7;7;6;33;1;2;0;0;0;0;1;1;0;0;0;0;6;10
07.06.2024;08:18;A118;1;4;41;7;8;9;51;2;2;0;0;1;1;0;0;0;0;0;0;0;0
07.06.2024;08:17;A118;1;1;58;17;15;12;16;0;0;0;0;0;0;0;0;0;0;1;3;6;3
07.06.2024;08:16;A118;1;0;0;15;15;11;20;4;4;1;1;0;0;0;0;1;1;0;0;0;0
07.06.2024;08:15;A118;1;0;0;4;4;10;21;1;1;0;0;0;0;0;0;0;0;0;0;0;1
07.06.2024;08:14;A118;1;1;2;15;17;16;14;0;0;0;0;0;0;0;0;0;0;0;0;-1;0
07.06.2024;08:13;A118;1;0;0;15;17;11;10;1;2;0;0;0;0;0;0;0;0;0;0;4;3
07.06.2024;08:12;A118;1;0;0;12;14;7;6;1;1;0;0;0;0;0;0;0;0;0;0;2;4
07.06.2024;08:11;A118;1;0;0;13;24;12;28;3;2;0;0;0;0;0;0;0;0;0;0;0;0
07.06.2024;08:10;A118;1;3;89;13;11;19;24;0;0;0;0;0;0;0;0;0;0;0;0;1;0
07.06.2024;08:09;A118;1;1;36;14;10;5;5;7;3;0;0;0;0;0;0;0;0;0;0;1;0
07.06.2024;08:08;A118;1;1;1;14;15;16;12;1;2;0;0;0;0;0;0;0;0;0;0;0;0
07.06.2024;08:07;A118;1;0;0;8;13;17;20;1;2;0;0;1;1;1;1;0;0;0;0;0;0
07.06.2024;08:06;A118;1;2;7;8;23;12;51;0;0;0;0;0;0;0;0;0;0;0;0;0;0
07.06.2024;08:05;A118;1;1;1;7;10;13;17;3;3;1;1;0;0;0;0;1;1;0;1;0;0
07.06.2024;08:04;A118;1;1;1;15;14;11;10;3;1;0;0;0;0;0;0;0;0;1;1;0;0
07.06.2024;08:03;A118;1;0;0;7;5;11;9;0;0;0;0;0;0;0;0;0;0;0;0;0;0
07.06.2024;08:02;A118;1;0;0;11;7;12;11;3;1;0;0;0;0;0;0;0;0;0;0;0;0
07.06.2024;08:01;A118;1;0;0;10;8;8;7;1;1;0;0;0;0;0;0;0;0;0;0;0;0
07.06.2024;08:00;A118;1;0;0;11;11;6;6;2;3;0;0;0;0;0;0;0;0;0;0;0;0
07.06.2024;07:59;A118;1;0;0;21;28;16;20;1;0;0;0;0;0;0;0;0;0;0;0;0;0
07.06.2024;07:58;A118;1;3;76;9;11;9;11;1;2;0;0;0;0;0;0;0;0;0;0;3;2
07.06.2024;07:57;A118;1;0;25;13;19;8;44;1;0;0;0;0;0;0;0;0;0;0;0;0;0
07.06.2024;07:56;A118;1;1;81;15;13;9;7;1;3;0;0;0;0;0;0;0;0;0;0;3;2
07.06.2024;07:55;A118;1;1;1;22;23;14;12;0;0;0;0;0;0;0;0;0;0;0;0;0;0
07.06.2024;07:54;A118;1;0;31;11;54;10;42;1;3;0;0;0;0;0;0;0;0;0;0;1;1
07.06.2024;07:53;A118;1;2;34;22;43;11;14;2;2;0;0;0;0;0;0;0;0;1;2;4;1
07.06.2024;07:52;A118;1;0;82;19;31;10;15;1;1;0;0;0;0;0;0;0;0;0;0;1;0
07.06.2024;07:51;A118;1;3;29;5;4;14;43;0;0;0;0;0;0;0;0;0;0;0;0;0;0
07.06.2024;07:50;A118;1;1;79;19;24;15;42;1;2;0;0;0;0;1;1;0;0;0;0;0;0
07.06.2024;07:49;A118;1;2;58;10;9;16;35;2;1;0;0;0;0;0;0;1;1;0;0;0;0
07.06.2024;07:48;A118;1;1;45;15;29;13;49;1;1;1;1;0;0;0;0;0;0;0;0;3;2
07.06.2024;07:47;A118;1;1;38;17;26;16;43;1;12;0;0;0;0;0;0;0;0;0;0;3;11
07.06.2024;07:46;A118;1;2;21;16;32;16;41;2;38;0;0;0;0;0;0;0;0;0;0;1;1
07.06.2024;07:45;A118;1;0;40;10;33;14;55;2;41;0;0;0;0;0;0;0;0;0;0;0;0
07.06.2024;07:44;A118;1;1;43;13;11;17;50;1;1;0;0;0;0;0;0;0;0;0;0;2;1
07.06.2024;07:43;A118;1;1;39;19;19;19;41;0;0;0;0;0;0;0;0;0;0;0;0;1;1
07.06.2024;07:42;A118;1;2;40;6;7;13;60;1;80;0;0;0;0;0;0;0;0;0;0;1;1
07.06.2024;07:41;A118;1;1;45;19;52;12;39;3;18;0;0;0;0;0;0;0;0;1;3;5;3
07.06.2024;07:40;A118;1;1;89;14;35;19;43;3;3;0;0;0;0;0;0;0;0;0;0;3;3
07.06.2024;07:39;A118;1;1;42;5;4;13;52;1;2;0;0;0;0;0;0;0;0;0;0;3;2
07.06.2024;07:38;A118;1;2;32;13;12;17;48;1;1;0;0;0;0;0;0;0;0;0;0;2;1
07.06.2024;07:37;A118;1;1;10;14;20;9;55;2;3;0;0;0;0;0;0;0;0;1;2;4;3
07.06.2024;07:36;A118;1;3;33;5;5;8;13;1;0;0;0;0;0;0;0;1;1;0;0;0;0
07.06.2024;07:35;A118;1;1;30;16;16;20;18;0;0;0;0;0;0;0;0;0;0;0;0;3;3
07.06.2024;07:34;A118;1;1;85;8;11;8;9;3;3;0;0;1;1;1;1;0;0;0;0;8;5
07.06.2024;07:33;A118;1;1;11;6;6;20;29;1;1;0;0;0;0;0;0;0;0;1;2;3;2
07.06.2024;07:32;A118;1;1;2;14;15;16;53;3;1;0;0;0;0;0;0;0;0;0;0;0;0
07.06.2024;07:31;A118;1;2;91;9;16;19;46;4;4;0;0;0;0;0;0;0;0;0;0;6;5
07.06.2024;07:30;A118;1;4;68;9;18;15;63;1;0;0;0;0;0;0;0;0;0;1;2;3;1
07.06.2024;07:29;A118;1;0;0;9;22;17;44;1;2;0;0;0;0;0;0;0;0;0;0;2;9
07.06.2024;07:28;A118;1;2;90;19;19;15;21;0;0;0;0;0;0;0;0;0;0;0;0;4;3
07.06.2024;07:27;A118;1;2;58;3;2;13;46;0;0;0;0;0;0;0;0;0;0;0;0;3;3
07.06.2024;07:26;A118;1;1;87;12;17;6;6;1;1;0;0;0;0;0;0;0;0;0;0;4;3
07.06.2024;07:25;A118;1;2;81;14;15;9;9;1;0;0;0;0;0;0;0;0;0;0;0;4;2
07.06.2024;07:24;A118;1;1;41;5;4;13;50;0;0;0;0;0;0;0;0;0;0;0;0;3;9
07.06.2024;07:23;A118;1;0;0;7;29;8;11;1;9;0;0;0;0;0;0;0;0;0;0;4;44
07.06.2024;07:22;A118;1;1;79;14;15;10;13;4;22;0;0;0;0;0;0;0;0;0;0;1;1
07.06.2024;07:21;A118;1;1;31;12;34;13;40;1;2;0;0;0;0;0;0;0;0;0;0;2;1
07.06.2024;07:20;A118;1;1;84;13;13;12;8;1;1;0;0;0;0;0;0;0;0;0;0;1;1
07.06.2024;07:19;A118;1;0;0;18;17;4;4;1;1;0;0;0;0;0;0;0;0;0;0;0;0
07.06.2024;07:18;A118;1;1;2;6;6;9;9;2;2;0;0;0;0;0;0;0;0;0;0;0;0
07.06.2024;07:17;A118;1;0;0;15;32;10;18;0;0;0;0;0;0;0;0;0;0;0;0;0;0
07.06.2024;07:16;A118;1;4;67;10;24;12;37;0;0;0;0;0;0;0;0;0;0;0;0;7;4
07.06.2024;07:15;A118;1;1;92;20;21;21;28;1;1;0;0;0;0;0;0;0;0;0;0;2;2
07.06.2024;07:14;A118;1;0;0;4;4;9;38;0;0;0;0;0;0;0;0;0;0;0;0;0;0
07.06.2024;07:13;A118;1;1;57;17;15;12;22;4;2;0;0;0;0;0;0;1;1;0;0;3;2
07.06.2024;07:12;A118;1;1;40;4;8;14;27;0;0;1;1;0;0;0;0;0;0;0;0;0;0
07.06.2024;07:11;A118;1;1;1;15;12;13;10;1;1;0;0;0;0;0;0;0;0;0;0;0;0
07.06.2024;07:10;A118;1;0;0;11;13;8;8;3;1;0;0;0;0;0;0;0;0;0;0;0;0
07.06.2024;07:09;A118;1;0;37;11;31;15;51;1;2;0;0;0;0;0;0;0;0;0;0;2;43
07.06.2024;07:08;A118;1;2;26;13;10;13;36;1;0;0;0;0;0;0;0;0;0;0;0;0;100
07.06.2024;07:07;A118;1;2;94;13;12;8;10;0;0;0;0;0;0;0;0;0;0;0;0;0;100
07.06.2024;07:06;A118;1;2;76;5;5;9;9;1;1;0;0;0;0;0;0;0;0;0;0;0;100
07.06.2024;07:05;A118;1;2;2;15;23;7;24;1;1;0;0;0;0;0;0;0;0;0;0;0;100
07.06.2024;07:04;A118;1;0;84;8;12;13;30;1;2;0;0;0;0;0;0;0;0;0;0;0;100
07.06.2024;07:03;A118;1;1;34;5;8;7;27;0;0;0;0;0;0;0;0;0;0;0;0;0;100
07.06.2024;07:02;A118;1;2;13;4;5;13;19;4;4;0;0;1;1;1;1;0;0;0;0;1;5
07.06.2024;07:01;A118;1;0;0;6;5;7;16;1;2;0;0;0;0;0;0;0;0;0;0;0;0
07.06.2024;07:00;A118;1;0;0;15;16;4;4;4;4;0;0;0;0;0;0;0;0;0;0;1;4
07.06.2024;06:59;A118;1;0;0;10;19;14;15;2;1;0;0;0;0;0;0;0;0;0;0;0;0
07.06.2024;06:58;A118;1;1;3;7;28;6;7;0;0;0;0;0;0;0;0;0;0;1;3;0;0
07.06.2024;06:57;A118;1;1;35;8;16;14;49;1;18;0;0;0;0;0;0;0;0;0;0;0;0
07.06.2024;06:56;A118;1;1;41;17;15;11;13;1;2;0;0;0;0;0;0;0;0;0;0;0;0
07.06.2024;06:55;A118;1;1;73;4;4;6;10;1;1;0;0;0;0;0;0;0;0;0;0;0;0
07.06.2024;06:54;A118;1;1;0;19;18;5;6;2;1;0;0;0;0;0;0;0;0;1;3;0;0
07.06.2024;06:53;A118;1;0;0;15;23;18;24;1;7;0;0;0;0;0;0;0;0;0;0;0;0
07.06.2024;06:52;A118;1;1;71;10;18;6;16;1;34;0;0;0;0;0;0;0;0;0;0;0;0
07.06.2024;06:51;A118;1;1;6;10;7;7;7;1;0;0;0;0;0;0;0;0;0;0;0;0;0
07.06.2024;06:50;A118;1;1;1;14;10;4;4;1;0;0;0;0;0;0;0;0;0;0;0;0;0
07.06.2024;06:49;A118;1;0;0;3;3;10;9;1;1;0;0;0;0;0;0;0;0;0;0;0;0
07.06.2024;06:48;A118;1;1;32;3;6;9;12;3;1;0;0;1;1;1;1;0;0;0;0;0;0
07.06.2024;06:47;A118;1;0;100;8;8;11;11;4;4;1;1;0;0;0;0;1;1;0;0;0;0
07.06.2024;06:46;A118;1;1;34;21;29;7;7;1;1;0;0;0;0;0;0;0;0;0;0;0;0
07.06.2024;06:45;A118;1;2;27;5;8;14;17;2;1;0;0;0;0;0;0;0;0;0;0;0;0
07.06.2024;06:44;A118;1;0;100;17;13;11;10;5;3;0;0;0;0;1;1;0;0;0;0;0;0
07.06.2024;06:43;A118;1;1;5;17;17;7;6;1;1;0;0;1;1;0;0;0;0;0;0;0;0
07.06.2024;06:42;A118;1;0;33;4;3;10;11;0;0;0;0;0;0;0;0;0;0;0;0;0;0
07.06.2024;06:41;A118;1;1;82;8;6;13;12;1;8;0;0;0;0;0;0;0;0;0;0;0;0
07.06.2024;06:40;A118;1;1;73;8;6;5;4;1;36;0;0;0;0;0;0;0;0;0;0;0;0
07.06.2024;06:39;A118;1;1;57;3;2;15;14;2;2;0;0;0;0;0;0;0;0;0;0;0;0
07.06.2024;06:38;A118;1;0;0;8;7;10;9;0;0;0;0;0;0;0;0;0;0;0;0;0;0
07.06.2024;06:37;A118;1;0;0;6;4;10;11;2;1;1;1;0;0;0;0;1;1;0;0;0;0
07.06.2024;06:36;A118;1;0;0;10;8;7;7;1;1;0;0;0;0;0;0;0;0;0;0;0;0
07.06.2024;06:35;A118;1;0;0;3;2;15;13;0;0;0;0;0;0;0;0;0;0;0;0;0;0
07.06.2024;06:34;A118;1;1;71;8;8;4;6;0;0;0;0;0;0;0;0;0;0;0;0;0;0
07.06.2024;06:33;A118;1;3;76;8;22;10;39;3;3;0;0;1;1;1;1;0;0;0;0;0;0
07.06.2024;06:32;A118;1;0;100;4;3;8;5;0;0;0;0;0;0;0;0;0;0;0;0;0;0
07.06.2024;06:31;A118;1;1;92;6;5;6;5;0;0;0;0;0;0;0;0;0;0;0;0;0;0
07.06.2024;06:30;A118;1;0;0;10;29;8;9;1;1;0;0;0;0;0;0;0;0;0;0;0;0
07.06.2024;06:29;A118;1;1;85;6;11;11;12;1;1;0;0;0;0;0;0;0;0;0;0;0;0
07.06.2024;06:28;A118;1;1;54;9;9;4;3;2;2;0;0;0;0;0;0;0;0;0;0;0;0
07.06.2024;06:27;A118;1;1;59;9;19;5;7;0;0;0;0;0;0;0;0;0;0;0;0;0;0
07.06.2024;06:26;A118;1;1;38;2;2;11;46;0;0;0;0;0;0;0;0;0;0;0;0;0;0
07.06.2024;06:25;A118;1;1;42;11;8;6;5;0;0;0;0;0;0;0;0;0;0;0;0;0;0
07.06.2024;06:24;A118;1;0;0;11;10;9;11;3;1;0;0;0;0;0;0;0;0;0;0;0;0
07.06.2024;06:23;A118;1;0;0;9;8;8;8;0;0;0;0;0;0;0;0;0;0;0;0;0;0
07.06.2024;06:22;A118;1;1;48;3;5;6;4;0;0;0;0;0;0;0;0;0;0;0;0;0;0
07.06.2024;06:21;A118;1;0;0;6;6;6;5;2;2;0;0;0;0;0;0;0;0;0;0;0;0
07.06.2024;06:20;A118;1;0;0;7;8;8;6;2;43;0;0;0;0;1;1;0;0;0;0;0;0
07.06.2024;06:19;A118;1;0;0;6;6;8;6;1;2;0;0;0;0;0;0;0;0;1;1;0;0
07.06.2024;06:18;A118;1;0;0;7;6;3;4;1;0;0;0;0;0;0;0;0;0;0;0;0;0
07.06.2024;06:17;A118;1;0;0;5;3;7;5;0;0;0;0;0;0;0;0;0;0;0;0;0;0
07.06.2024;06:16;A118;1;0;0;7;4;17;13;1;1;0;0;0;0;0;0;0;0;0;0;0;0
07.06.2024;06:15;A118;1;0;0;3;4;9;7;1;0;0;0;0;0;0;0;0;0;0;0;0;0
07.06.2024;06:14;A118;1;0;55;8;13;4;7;1;0;0;0;0;0;0;0;0;0;0;0;0;0
07.06.2024;06:13;A118;1;1;36;2;1;8;6;0;0;0;0;0;0;0;0;0;0;0;0;0;0
07.06.2024;06:12;A118;1;0;0;5;3;5;5;2;1;1;1;0;0;0;0;1;1;0;0;0;0
07.06.2024;06:11;A118;1;0;0;5;4;6;5;3;1;0;0;0;0;0;0;0;0;0;0;0;0
07.06.2024;06:10;A118;1;0;0;3;3;4;3;1;1;0;0;0;0;0;0;0;0;0;0;0;0
07.06.2024;06:09;A118;1;0;0;7;5;4;3;1;0;0;0;0;0;0;0;0;0;0;0;0;0
07.06.2024;06:08;A118;1;0;0;1;1;4;2;0;0;0;0;0;0;0;0;0;0;0;0;0;0
07.06.2024;06:07;A118;1;1;1;7;6;5;4;1;1;0;0;0;0;0;0;0;0;0;0;0;0
07.06.2024;06:06;A118;1;1;0;1;1;7;6;1;1;0;0;0;0;0;0;0;0;0;0;0;0
07.06.2024;06:05;A118;1;0;0;10;9;8;8;1;2;0;0;0;0;0;0;1;1;0;0;0;0
07.06.2024;06:04;A118;1;2;1;3;5;6;5;4;4;0;0;1;1;1;1;0;0;0;0;0;0
07.06.2024;06:03;A118;1;0;0;2;2;4;3;0;0;0;0;0;0;0;0;0;0;0;0;0;0
07.06.2024;06:02;A118;1;0;87;1;1;4;4;0;0;0;0;0;0;0;0;0;0;0;0;0;0
07.06.2024;06:01;A118;1;1;4;5;4;2;2;1;1;0;0;0;0;0;0;0;0;0;0;0;0
07.06.2024;06:00;A118;1;0;0;3;2;4;3;2;3;0;0;0;0;0;0;0;0;0;0;0;0
07.06.2024;05:59;A118;1;0;28;2;2;4;3;1;1;0;0;0;0;0;0;0;0;0;0;0;0
07.06.2024;05:58;A118;1;1;12;8;7;6;5;2;1;0;0;0;0;0;0;0;0;0;0;0;0
07.06.2024;05:57;A118;1;0;0;2;2;2;5;0;0;0;0;0;0;0;0;0;0;0;0;0;0
07.06.2024;05:56;A118;1;0;0;6;4;4;3;2;1;0;0;0;0;0;0;0;0;0;0;0;0
07.06.2024;05:55;A118;1;0;0;3;2;16;13;1;1;0;0;0;0;0;0;0;0;0;0;0;0
07.06.2024;05:54;A118;1;3;13;8;6;6;5;1;8;0;0;0;0;0;0;0;0;0;0;0;0
07.06.2024;05:53;A118;1;1;29;1;1;2;2;1;0;0;0;0;0;0;0;0;0;0;0;0;0
07.06.2024;05:52;A118;1;1;33;4;7;3;2;1;0;0;0;0;0;0;0;0;0;0;0;0;0
07.06.2024;05:51;A118;1;2;43;3;3;4;8;0;0;0;0;0;0;0;0;0;0;0;0;0;0
07.06.2024;05:50;A118;1;2;58;5;5;5;12;0;0;0;0;0;0;0;0;0;0;0;0;0;0
07.06.2024;05:49;A118;1;3;54;10;29;7;7;1;12;0;0;0;0;0;0;0;0;0;0;0;0
07.06.2024;05:48;A118;1;2;45;2;3;8;30;1;1;0;0;0;0;0;0;0;0;0;0;0;0
07.06.2024;05:47;A118;1;2;40;4;6;11;16;4;5;0;0;0;0;0;0;1;1;0;0;0;0
07.06.2024;05:46;A118;1;0;0;1;1;5;6;1;1;1;1;0;0;0;0;0;0;0;0;0;0
07.06.2024;05:45;A118;1;0;0;2;1;7;6;1;1;0;0;0;0;0;0;0;0;0;0;0;0
07.06.2024;05:44;A118;1;0;30;2;2;4;5;1;1;0;0;0;0;0;0;0;0;0;0;0;0
07.06.2024;05:43;A118;1;2;43;2;2;9;18;0;0;0;0;0;0;0;0;0;0;0;0;0;0
07.06.2024;05:42;A118;1;0;0;4;2;6;6;0;0;0;0;0;0;0;0;0;0;0;0;0;0
07.06.2024;05:41;A118;1;0;0;5;3;8;7;1;1;0;0;0;0;0;0;0;0;0;0;0;0
07.06.2024;05:40;A118;1;0;0;1;1;7;6;1;1;0;0;0;0;0;0;0;0;0;0;0;0
07.06.2024;05:39;A118;1;1;35;6;13;6;5;1;1;0;0;0;0;0;0;0;0;0;0;0;0
07.06.2024;05:38;A118;1;0;0;3;2;6;5;0;0;0;0;0;0;0;0;0;0;0;0;0;0
07.06.2024;05:37;A118;1;0;0;4;3;5;3;2;2;0;0;0;0;0;0;0;0;0;0;0;0
07.06.2024;05:36;A118;1;0;0;5;4;2;1;0;0;0;0;0;0;0;0;0;0;0;0;0;0
07.06.2024;05:35;A118;1;1;1;4;3;17;18;1;2;0;0;0;0;0;0;0;0;0;0;0;0
07.06.2024;05:34;A118;1;0;0;3;3;2;1;1;1;0;0;0;0;0;0;0;0;0;0;0;0
07.06.2024;05:33;A118;1;0;0;2;4;8;6;2;2;0;0;1;1;1;1;0;0;0;0;0;0
07.06.2024;05:32;A118;1;0;0;4;3;2;1;1;1;0;0;0;0;0;0;0;0;0;0;0;0
07.06.2024;05:31;A118;1;0;0;1;1;3;2;0;0;0;0;0;0;0;0;0;0;0;0;0;0
07.06.2024;05:30;A118;1;0;0;4;5;3;2;1;2;0;0;0;0;0;0;0;0;0;0;0;0
07.06.2024;05:29;A118;1;1;40;2;2;5;15;1;23;0;0;0;0;0;0;0;0;0;0;0;0
07.06.2024;05:28;A118;1;0;0;2;1;6;4;0;0;0;0;0;0;0;0;0;0;0;0;0;0
07.06.2024;05:27;A118;1;0;0;6;4;3;2;1;0;0;0;0;0;0;0;0;0;0;0;0;0
07.06.2024;05:26;A118;1;0;0;2;1;3;2;1;0;0;0;0;0;0;0;0;0;0;0;0;0
07.06.2024;05:25;A118;1;0;0;2;2;4;3;0;0;0;0;0;0;0;0;0;0;0;0;0;0
07.06.2024;05:24;A118;1;0;0;4;2;3;2;0;0;0;0;0;0;0;0;0;0;0;0;0;0
07.06.2024;05:23;A118;1;0;0;1;1;5;3;0;0;0;0;0;0;0;0;0;0;0;0;0;0
07.06.2024;05:22;A118;1;0;0;1;1;1;3;0;0;0;0;0;0;0;0;0;0;0;0;0;0
07.06.2024;05:21;A118;1;0;0;1;1;3;2;0;0;0;0;0;0;0;0;0;0;0;0;0;0
07.06.2024;05:20;A118;1;0;0;1;1;0;0;0;0;0;0;0;0;0;0;0;0;0;0;0;0
07.06.2024;05:19;A118;1;0;0;5;6;1;1;3;1;0;0;1;1;1;1;0;0;0;0;0;0
07.06.2024;05:18;A118;1;0;0;1;1;2;2;1;1;0;0;0;0;0;0;0;0;1;4;0;0
07.06.2024;05:17;A118;1;0;0;2;2;3;5;1;1;1;1;0;0;0;0;1;1;0;0;0;0
07.06.2024;05:16;A118;1;1;1;3;3;5;3;3;2;0;0;0;0;0;0;0;0;0;0;0;0
07.06.2024;05:15;A118;1;0;0;4;3;6;5;2;2;0;0;0;0;0;0;0;0;0;0;0;0
07.06.2024;05:14;A118;1;0;0;2;2;2;2;0;0;0;0;0;0;0;0;0;0;0;0;0;0
07.06.2024;05:13;A118;1;0;0;2;1;1;1;0;0;0;0;0;0;0;0;0;0;0;0;0;0
07.06.2024;05:12;A118;1;0;0;2;2;1;1;1;1;0;0;0;0;0;0;0;0;0;0;0;0
07.06.2024;05:11;A118;1;0;0;0;0;3;2;0;0;0;0;0;0;0;0;0;0;0;0;0;0
07.06.2024;05:10;A118;1;0;18;2;2;4;5;0;0;0;0;0;0;0;0;0;0;0;0;0;0
07.06.2024;05:09;A118;1;1;16;0;0;2;1;1;1;0;0;0;0;0;0;0;0;0;0;0;0
07.06.2024;05:08;A118;1;1;34;2;2;2;2;1;1;0;0;0;0;0;0;0;0;0;0;0;0
07.06.2024;05:07;A118;1;0;0;2;1;0;0;0;0;0;0;0;0;0;0;0;0;0;0;0;0
07.06.2024;05:06;A118;1;0;0;1;1;3;2;0;0;0;0;0;0;0;0;0;0;0;0;0;0
07.06.2024;05:05;A118;1;0;0;0;0;4;5;2;1;0;0;0;0;0;0;1;1;0;0;0;0
07.06.2024;05:04;A118;1;0;0;3;4;4;3;2;2;1;1;1;1;1;1;0;0;0;0;0;0
07.06.2024;05:03;A118;1;0;0;3;3;0;0;1;1;0;0;0;0;0;0;0;0;0;0;0;0
07.06.2024;05:02;A118;1;0;0;0;0;0;0;0;0;0;0;0;0;0;0;0;0;0;0;0;0
07.06.2024;05:01;A118;1;0;0;3;2;4;3;1;0;0;0;0;0;0;0;0;0;0;0;0;0
07.06.2024;05:00;A118;1;0;0;2;4;0;0;2;2;0;0;0;0;0;0;0;0;0;0;0;0
07.06.2024;04:59;A118;1;0;0;0;0;3;2;2;2;0;0;0;0;0;0;0;0;0;0;0;0
07.06.2024;04:58;A118;1;0;0;1;1;2;1;0;0;0;0;0;0;0;0;0;0;0;0;0;0
07.06.2024;04:57;A118;1;0;0;1;1;1;1;1;1;0;0;0;0;0;0;0;0;0;0;0;0
07.06.2024;04:56;A118;1;0;0;0;0;2;2;2;1;0;0;0;0;0;0;0;0;0;0;0;0
07.06.2024;04:55;A118;1;0;0;1;1;3;2;0;0;0;0;0;0;0;0;0;0;0;0;0;0
07.06.2024;04:54;A118;1;0;0;1;2;1;1;1;0;0;0;0;0;0;0;0;0;0;0;1;2
07.06.2024;04:53;A118;1;0;0;2;2;3;2;1;0;0;0;0;0;0;0;0;0;0;0;0;0
07.06.2024;04:52;A118;1;0;0;0;0;2;1;0;0;0;0;0;0;0;0;0;0;0;0;0;0
07.06.2024;04:51;A118;1;0;0;1;1;1;1;0;0;0;0;0;0;0;0;0;0;0;0;0;0
07.06.2024;04:50;A118;1;0;0;0;0;0;0;0;0;0;0;0;0;0;0;0;0;0;0;0;0
07.06.2024;04:49;A118;1;0;0;2;3;0;0;2;2;0;0;0;0;1;1;0;0;0;0;0;0
07.06.2024;04:48;A118;1;0;0;1;0;1;1;0;0;0;0;0;0;0;0;0;0;0;0;0;0
07.06.2024;04:47;A118;1;0;0;0;0;2;3;2;2;0;0;0;0;0;0;1;1;0;0;0;0
07.06.2024;04:46;A118;1;0;0;0;0;1;1;0;0;1;1;0;0;0;0;0;0;0;0;0;0
07.06.2024;04:45;A118;1;0;0;2;2;2;1;0;0;0;0;0;0;0;0;0;0;0;0;0;0
07.06.2024;04:44;A118;1;0;0;0;0;0;0;0;0;0;0;0;0;0;0;0;0;0;0;0;0
07.06.2024;04:43;A118;1;0;0;0;0;1;1;0;0;0;0;0;0;0;0;0;0;0;0;0;0
07.06.2024;04:42;A118;1;0;0;1;1;3;2;1;1;0;0;0;0;0;0;0;0;0;0;0;0
07.06.2024;04:41;A118;1;0;0;0;0;0;0;0;0;0;0;0;0;0;0;0;0;0;0;0;0
07.06.2024;04:40;A118;1;0;0;0;0;1;1;1;1;0;0;0;0;0;0;0;0;0;0;0;0
07.06.2024;04:39;A118;1;0;0;1;1;1;1;0;0;0;0;0;0;0;0;0;0;0;0;0;0
07.06.2024;04:38;A118;1;0;0;0;0;0;0;0;0;0;0;0;0;0;0;0;0;0;0;0;0
07.06.2024;04:37;A118;1;0;0;0;0;2;2;0;0;0;0;0;0;0;0;0;0;0;0;0;0
07.06.2024;04:36;A118;1;1;32;0;0;1;1;0;0;0;0;0;0;0;0;0;0;0;0;0;0
07.06.2024;04:35;A118;1;0;0;0;0;1;2;0;0;0;0;0;0;0;0;0;0;0;0;0;0
07.06.2024;04:34;A118;1;0;0;0;2;2;3;2;2;0;0;0;0;1;1;0;0;0;0;0;0
07.06.2024;04:33;A118;1;0;0;3;2;1;1;0;0;0;0;1;1;0;0;0;0;0;0;0;0
07.06.2024;04:32;A118;1;0;0;1;1;3;2;0;0;0;0;0;0;0;0;0;0;0;0;0;0
07.06.2024;04:31;A118;1;0;0;0;0;0;0;0;0;0;0;0;0;0;0;0;0;0;0;0;0
07.06.2024;04:30;A118;1;0;0;0;0;1;1;0;0;0;0;0;0;0;0;0;0;0;0;0;0
07.06.2024;04:29;A118;1;0;0;1;1;2;3;1;2;0;0;0;0;0;0;0;0;0;0;0;0
07.06.2024;04:28;A118;1;0;0;1;1;2;1;0;0;0;0;0;0;0;0;0;0;0;0;0;0
07.06.2024;04:27;A118;1;0;0;1;1;1;1;0;0;0;0;0;0;0;0;0;0;0;0;0;0
07.06.2024;04:26;A118;1;0;0;0;0;0;0;0;0;0;0;0;0;0;0;0;0;0;0;0;0
07.06.2024;04:25;A118;1;0;0;1;1;1;1;0;0;0;0;0;0;0;0;0;0;0;0;0;0
07.06.2024;04:24;A118;1;0;0;0;1;0;0;0;0;0;0;0;0;0;0;0;0;0;0;0;0
07.06.2024;04:23;A118;1;0;0;1;0;4;3;0;0;0;0;0;0;0;0;0;0;0;0;0;0
07.06.2024;04:22;A118;1;0;0;1;1;0;0;0;0;0;0;0;0;0;0;0;0;0;0;0;0
07.06.2024;04:21;A118;1;1;35;1;1;0;0;0;0;0;0;0;0;0;0;0;0;0;0;0;0
07.06.2024;04:20;A118;1;0;0;0;0;1;1;0;0;0;0;0;0;0;0;0;0;0;0;0;0
07.06.2024;04:19;A118;1;0;0;1;1;1;1;0;0;0;0;0;0;0;0;0;0;0;0;0;0
07.06.2024;04:18;A118;1;0;0;1;1;0;0;0;0;0;0;0;0;0;0;0;0;0;0;0;0
07.06.2024;04:17;A118;1;0;0;0;0;2;5;1;1;1;1;0;0;0;0;1;1;0;0;0;0
07.06.2024;04:16;A118;1;0;0;0;0;2;3;1;2;0;0;0;0;0;0;0;0;0;0;0;0
07.06.2024;04:15;A118;1;0;0;1;1;0;0;0;0;0;0;0;0;0;0;0;0;0;0;0;0
07.06.2024;04:14;A118;1;0;0;1;1;1;1;0;0;0;0;0;0;0;0;0;0;0;0;0;0
07.06.2024;04:13;A118;1;0;0;0;0;1;1;0;0;0;0;0;0;0;0;0;0;0;0;0;0
07.06.2024;04:12;A118;1;0;0;0;0;1;1;0;0;0;0;0;0;0;0;0;0;0;0;0;0
07.06.2024;04:11;A118;1;0;0;0;0;1;1;0;0;0;0;0;0;0;0;0;0;0;0;0;0
07.06.2024;04:10;A118;1;0;0;0;0;0;0;0;0;0;0;0;0;0;0;0;0;0;0;0;0
07.06.2024;04:09;A118;1;0;0;0;0;1;1;0;0;0;0;0;0;0;0;0;0;0;0;0;0
07.06.2024;04:08;A118;1;0;0;0;0;0;0;0;0;0;0;0;0;0;0;0;0;0;0;0;0
07.06.2024;04:07;A118;1;0;0;1;1;0;0;0;0;0;0;0;0;0;0;0;0;0;0;0;0
07.06.2024;04:06;A118;1;0;0;0;0;1;1;0;0;0;0;0;0;0;0;0;0;0;0;0;0
07.06.2024;04:05;A118;1;0;0;2;4;0;0;1;0;0;0;0;0;0;0;0;0;0;0;0;0
07.06.2024;04:04;A118;1;0;0;0;0;0;0;0;0;0;0;0;0;0;0;0;0;0;0;0;0
07.06.2024;04:03;A118;1;0;0;2;4;1;1;4;2;0;0;1;1;1;1;0;0;0;0;0;0
07.06.2024;04:02;A118;1;0;0;1;0;1;1;0;0;0;0;0;0;0;0;0;0;0;0;0;0
07.06.2024;04:01;A118;1;0;0;0;0;0;0;0;0;0;0;0;0;0;0;0;0;0;0;0;0
07.06.2024;04:00;A118;1;0;0;0;0;0;0;0;0;0;0;0;0;0;0;0;0;0;0;0;0
07.06.2024;03:59;A118;1;0;0;1;1;1;1;0;0;0;0;0;0;0;0;0;0;0;0;0;0
07.06.2024;03:58;A118;1;0;0;0;0;1;1;0;0;0;0;0;0;0;0;0;0;0;0;0;0
07.06.2024;03:57;A118;1;0;13;0;0;0;0;0;0;0;0;0;0;0;0;0;0;0;0;0;0
07.06.2024;03:56;A118;1;1;21;1;2;1;1;0;0;0;0;0;0;0;0;0;0;0;0;0;0
07.06.2024;03:55;A118;1;0;0;2;2;0;0;0;0;0;0;0;0;0;0;0;0;0;0;0;0
07.06.2024;03:54;A118;1;0;0;1;0;1;1;1;0;0;0;0;0;0;0;0;0;0;0;0;0
07.06.2024;03:53;A118;1;0;0;0;0;1;1;1;0;0;0;0;0;0;0;0;0;0;0;0;0
07.06.2024;03:52;A118;1;0;0;2;1;0;0;0;0;0;0;0;0;0;0;0;0;0;0;0;0
07.06.2024;03:51;A118;1;0;0;3;3;0;0;2;1;0;0;0;0;0;0;0;0;0;0;0;0
07.06.2024;03:50;A118;1;1;2;1;1;2;2;2;2;0;0;0;0;0;0;0;0;0;0;0;0
07.06.2024;03:49;A118;1;0;0;0;0;1;1;0;0;0;0;0;0;0;0;0;0;0;0;0;0
07.06.2024;03:48;A118;1;1;33;0;0;1;1;0;0;0;0;0;0;0;0;0;0;0;0;0;0
07.06.2024;03:47;A118;1;0;0;0;0;0;0;0;0;0;0;0;0;0;0;0;0;0;0;0;0
07.06.2024;03:46;A118;1;0;0;0;0;0;0;0;0;0;0;0;0;0;0;0;0;0;0;0;0
07.06.2024;03:45;A118;1;0;0;1;1;0;0;1;1;0;0;0;0;0;0;0;0;0;0;0;0
07.06.2024;03:44;A118;1;0;0;0;0;1;1;0;0;0;0;0;0;0;0;0;0;0;0;0;0
07.06.2024;03:43;A118;1;0;0;0;0;0;0;0;0;0;0;0;0;0;0;0;0;0;0;0;0
07.06.2024;03:42;A118;1;0;0;0;0;1;0;0;0;0;0;0;0;0;0;0;0;0;0;0;0
07.06.2024;03:41;A118;1;0;0;1;1;0;0;0;0;0;0;0;0;0;0;0;0;0;0;0;0
07.06.2024;03:40;A118;1;0;0;0;0;0;0;0;0;0;0;0;0;0;0;0;0;0;0;0;0
07.06.2024;03:39;A118;1;0;0;1;1;0;0;0;0;0;0;0;0;0;0;0;0;0;0;0;0
07.06.2024;03:38;A118;1;0;0;0;0;0;0;0;0;0;0;0;0;0;0;0;0;0;0;0;0
07.06.2024;03:37;A118;1;0;0;0;0;0;0;0;0;0;0;0;0;0;0;0;0;0;0;0;0
07.06.2024;03:36;A118;1;0;0;1;2;3;3;1;2;0;0;0;0;0;0;0;0;0;0;0;0
07.06.2024;03:35;A118;1;0;0;1;1;1;2;1;1;0;0;0;0;0;0;0;0;0;0;0;0
07.06.2024;03:34;A118;1;0;0;0;0;0;0;0;0;0;0;0;0;0;0;0;0;0;0;0;0
07.06.2024;03:33;A118;1;0;0;1;1;1;1;0;0;0;0;0;0;0;0;0;0;0;0;0;0
07.06.2024;03:32;A118;1;0;0;0;0;0;0;0;0;0;0;0;0;0;0;0;0;0;0;0;0
07.06.2024;03:31;A118;1;0;0;0;0;0;0;0;0;0;0;0;0;0;0;0;0;0;0;0;0
07.06.2024;03:30;A118;1;0;0;0;0;1;1;0;0;0;0;0;0;0;0;0;0;0;0;0;0
07.06.2024;03:29;A118;1;0;0;2;1;1;1;0;0;0;0;0;0;0;0;0;0;0;0;0;0
07.06.2024;03:28;A118;1;0;0;0;0;0;0;0;0;0;0;0;0;0;0;0;0;0;0;0;0
07.06.2024;03:27;A118;1;0;0;0;0;1;1;0;0;0;0;0;0;0;0;0;0;0;0;0;0
07.06.2024;03:26;A118;1;0;0;0;0;1;1;1;1;0;0;0;0;0;0;0;0;0;0;0;0
07.06.2024;03:25;A118;1;0;0;1;1;0;0;0;0;0;0;0;0;0;0;0;0;0;0;0;0
07.06.2024;03:24;A118;1;0;0;0;0;0;0;0;0;0;0;0;0;0;0;0;0;0;0;0;0
07.06.2024;03:23;A118;1;0;0;1;1;1;1;0;0;0;0;0;0;0;0;0;0;0;0;0;0
07.06.2024;03:21;A118;1;0;0;1;1;0;0;1;1;0;0;0;0;0;0;0;0;0;0;0;0
07.06.2024;03:20;A118;1;0;0;0;0;0;0;0;0;0;0;0;0;0;0;0;0;0;0;0;0
07.06.2024;03:19;A118;1;0;0;1;1;0;0;1;1;0;0;0;0;0;0;0;0;0;0;0;0
07.06.2024;03:18;A118;1;0;0;1;1;0;0;0;0;0;0;0;0;0;0;0;0;0;0;0;0
07.06.2024;03:17;A118;1;0;0;0;0;0;0;0;0;0;0;0;0;0;0;0;0;0;0;0;0
07.06.2024;03:16;A118;1;0;0;2;1;1;1;0;0;0;0;0;0;0;0;0;0;0;0;0;0
07.06.2024;03:15;A118;1;0;0;0;0;0;0;0;0;0;0;0;0;0;0;0;0;0;0;0;0
07.06.2024;03:14;A118;1;0;0;0;0;0;0;0;0;0;0;0;0;0;0;0;0;0;0;0;0
07.06.2024;03:13;A118;1;0;0;1;1;1;1;0;0;0;0;0;0;0;0;0;0;0;0;0;0
07.06.2024;03:12;A118;1;0;0;0;0;0;0;0;0;0;0;0;0;0;0;0;0;0;0;0;0
07.06.2024;03:11;A118;1;0;0;1;1;0;0;1;1;0;0;0;0;0;0;0;0;0;0;0;0
07.06.2024;03:10;A118;1;0;0;0;0;0;0;0;0;0;0;0;0;0;0;0;0;0;0;0;0
07.06.2024;03:09;A118;1;0;0;0;0;0;0;0;0;0;0;0;0;0;0;0;0;0;0;0;0
07.06.2024;03:08;A118;1;0;0;0;0;0;0;0;0;0;0;0;0;0;0;0;0;0;0;0;0
07.06.2024;03:07;A118;1;0;0;1;1;0;0;1;0;0;0;0;0;0;0;0;0;0;0;0;0
07.06.2024;03:06;A118;1;0;0;0;0;1;1;0;0;0;0;0;0;0;0;0;0;0;0;0;0
07.06.2024;03:05;A118;1;0;0;1;1;0;0;0;0;0;0;0;0;0;0;0;0;0;0;0;0
07.06.2024;03:04;A118;1;0;0;0;0;0;0;0;0;0;0;0;0;0;0;0;0;0;0;0;0
07.06.2024;03:03;A118;1;0;0;1;1;0;0;0;0;0;0;0;0;0;0;0;0;0;0;0;0
07.06.2024;03:02;A118;1;0;0;0;0;0;0;0;0;0;0;0;0;0;0;0;0;0;0;0;0
07.06.2024;03:01;A118;1;0;0;0;0;0;0;0;0;0;0;0;0;0;0;0;0;0;0;0;0
07.06.2024;03:00;A118;1;0;0;0;0;1;1;0;0;0;0;0;0;0;0;0;0;0;0;0;0
07.06.2024;02:59;A118;1;0;0;1;1;0;0;0;0;0;0;0;0;0;0;0;0;0;0;0;0
07.06.2024;02:58;A118;1;0;0;0;0;2;2;0;0;0;0;0;0;0;0;0;0;0;0;0;0
07.06.2024;02:57;A118;1;0;0;0;0;1;1;1;1;0;0;0;0;0;0;0;0;0;0;0;0
07.06.2024;02:56;A118;1;0;0;2;2;0;0;0;0;0;0;0;0;0;0;0;0;0;0;0;0
07.06.2024;02:55;A118;1;0;0;0;0;0;0;0;0;0;0;0;0;0;0;0;0;0;0;0;0
07.06.2024;02:54;A118;1;0;0;0;0;0;0;0;0;0;0;0;0;0;0;0;0;0;0;0;0
07.06.2024;02:53;A118;1;0;0;0;0;0;0;0;0;0;0;0;0;0;0;0;0;0;0;0;0
07.06.2024;02:52;A118;1;0;0;0;0;0;0;0;0;0;0;0;0;0;0;0;0;0;0;0;0
07.06.2024;02:51;A118;1;0;0;2;2;0;0;1;1;0;0;0;0;0;0;0;0;0;0;0;0
07.06.2024;02:50;A118;1;0;0;1;0;0;0;0;0;0;0;0;0;0;0;0;0;0;0;0;0
07.06.2024;02:49;A118;1;0;0;0;0;2;2;0;0;0;0;0;0;0;0;0;0;0;0;0;0
07.06.2024;02:48;A118;1;0;0;1;1;0;0;0;0;0;0;0;0;0;0;0;0;0;0;0;0
07.06.2024;02:47;A118;1;0;0;0;0;0;0;0;0;0;0;0;0;0;0;0;0;0;0;0;0
07.06.2024;02:46;A118;1;0;0;1;2;0;0;1;0;0;0;0;0;0;0;0;0;0;0;0;0
07.06.2024;02:45;A118;1;0;0;0;0;0;0;0;0;0;0;0;0;0;0;0;0;0;0;0;0
07.06.2024;02:44;A118;1;0;0;0;0;0;0;0;0;0;0;0;0;0;0;0;0;0;0;0;0
07.06.2024;02:43;A118;1;0;0;2;2;0;0;0;0;0;0;0;0;0;0;0;0;0;0;0;0
07.06.2024;02:42;A118;1;0;0;0;0;1;2;1;2;0;0;0;0;0;0;0;0;0;0;0;0
07.06.2024;02:41;A118;1;0;0;2;2;0;0;0;0;0;0;0;0;0;0;0;0;0;0;0;0
07.06.2024;02:40;A118;1;0;0;0;0;0;0;0;0;0;0;0;0;0;0;0;0;0;0;0;0
07.06.2024;02:39;A118;1;0;0;0;0;0;0;0;0;0;0;0;0;0;0;0;0;0;0;0;0
07.06.2024;02:38;A118;1;0;0;1;1;0;0;0;0;0;0;0;0;0;0;0;0;0;0;0;0
07.06.2024;02:37;A118;1;0;6;1;1;0;0;0;0;0;0;0;0;0;0;0;0;0;0;0;0
07.06.2024;02:36;A118;1;1;27;1;1;0;0;0;0;0;0;0;0;0;0;0;0;0;0;0;0
07.06.2024;02:35;A118;1;0;0;1;1;0;0;0;0;0;0;0;0;0;0;0;0;0;0;0;0
07.06.2024;02:34;A118;1;1;36;0;0;1;2;1;0;0;0;0;0;0;0;0;0;0;0;0;0
07.06.2024;02:33;A118;1;1;1;1;1;0;0;0;0;0;0;0;0;0;0;0;0;0;0;0;0
07.06.2024;02:32;A118;1;0;0;2;5;1;1;0;0;0;0;0;0;0;0;0;0;0;0;0;0
07.06.2024;02:31;A118;1;0;0;0;0;0;0;0;0;0;0;0;0;0;0;0;0;0;0;0;0
07.06.2024;02:30;A118;1;1;35;0;0;0;0;1;1;0;0;0;0;0;0;0;0;0;0;0;0
07.06.2024;02:29;A118;1;0;0;0;0;0;0;0;0;0;0;0;0;0;0;0;0;0;0;0;0
07.06.2024;02:28;A118;1;0;0;0;0;2;1;0;0;0;0;0;0;0;0;0;0;0;0;0;0
07.06.2024;02:27;A118;1;0;0;0;0;0;0;0;0;0;0;0;0;0;0;0;0;0;0;0;0
07.06.2024;02:26;A118;1;1;2;2;2;0;0;1;1;0;0;0;0;0;0;0;0;0;0;0;0
07.06.2024;02:25;A118;1;0;0;0;0;0;0;0;0;0;0;0;0;0;0;0;0;0;0;0;0
07.06.2024;02:24;A118;1;0;0;1;1;0;0;0;0;0;0;0;0;0;0;0;0;0;0;0;0
07.06.2024;02:23;A118;1;2;2;5;4;0;0;1;0;0;0;0;0;0;0;0;0;0;0;0;0
07.06.2024;02:22;A118;1;0;0;1;1;2;1;0;0;0;0;0;0;0;0;0;0;0;0;0;0
07.06.2024;02:21;A118;1;0;0;1;2;0;0;1;1;0;0;0;0;0;0;0;0;0;0;0;0
07.06.2024;02:20;A118;1;0;0;0;0;0;0;0;0;0;0;0;0;0;0;0;0;0;0;0;0
07.06.2024;02:19;A118;1;0;0;3;3;0;0;1;1;0;0;0;0;0;0;0;0;0;0;0;0
07.06.2024;02:18;A118;1;0;0;0;0;0;0;0;0;0;0;0;0;0;0;0;0;0;0;0;0
07.06.2024;02:17;A118;1;0;0;1;1;1;1;1;0;0;0;0;0;0;0;0;0;0;0;0;0
07.06.2024;02:16;A118;1;0;0;0;0;0;0;0;0;0;0;0;0;0;0;0;0;0;0;0;0
07.06.2024;02:15;A118;1;0;0;0;0;0;0;0;0;0;0;0;0;0;0;0;0;0;0;0;0
07.06.2024;02:14;A118;1;0;0;0;0;2;3;2;1;0;0;0;0;0;0;0;0;0;0;0;0
07.06.2024;02:13;A118;1;0;0;0;0;0;0;0;0;0;0;0;0;0;0;0;0;0;0;0;0
07.06.2024;02:12;A118;1;0;0;1;2;0;0;1;1;0;0;0;0;0;0;0;0;0;0;0;0
07.06.2024;02:11;A118;1;0;0;0;0;2;1;0;0;0;0;0;0;0;0;0;0;0;0;0;0
07.06.2024;02:10;A118;1;0;0;1;2;0;0;1;3;0;0;0;0;0;0;0;0;0;0;0;0
07.06.2024;02:09;A118;1;0;0;0;0;0;0;0;0;0;0;0;0;0;0;0;0;0;0;0;0
07.06.2024;02:08;A118;1;0;0;0;0;0;0;0;0;0;0;0;0;0;0;0;0;0;0;0;0
07.06.2024;02:07;A118;1;0;0;0;0;1;1;1;0;0;0;0;0;0;0;0;0;0;0;0;0
07.06.2024;02:06;A118;1;0;0;0;0;0;0;0;0;0;0;0;0;0;0;0;0;0;0;0;0
07.06.2024;02:05;A118;1;0;0;1;1;1;1;0;0;0;0;0;0;0;0;0;0;0;0;0;0
07.06.2024;02:04;A118;1;0;0;0;0;0;0;0;0;0;0;0;0;0;0;0;0;0;0;0;0
07.06.2024;02:03;A118;1;0;0;1;1;0;0;0;0;0;0;0;0;0;0;0;0;0;0;0;0
07.06.2024;02:02;A118;1;0;0;2;1;0;0;2;1;0;0;0;0;0;0;0;0;0;0;0;0
07.06.2024;02:01;A118;1;0;0;1;1;0;0;0;0;0;0;0;0;0;0;0;0;0;0;0;0
07.06.2024;02:00;A118;1;0;0;0;0;0;0;0;0;0;0;0;0;0;0;0;0;0;0;0;0
