Datum;Uhrzeit;Bezeichnung;Intervall;D11Z;D11B;D12Z;D12B;D13Z;D13B;D14Z;D14B;V15Z;V15B;V16Z;V16B;V17Z;V17B;D21Z;D21B;D22Z;D22B;D23Z;D23B;D24Z;D24B;V26Z;V26B;V27Z;V27B;V28Z;V28B;V29Z;V29B;D31Z;D31B;D32Z;D32B;D33Z;D33B;D34Z;D34B;V36Z;V36B;V37Z;V37B;V38Z;V38B;V39Z;V39B;V40Z;V40B;V41Z;V41B;V42Z;V42B;D43Z;D43B;V45Z;V45B;V46Z;V46B;V47Z;V47B;V48Z;V48B
04.11.2024;01:00;A 36;1;0;0;0;0;0;0;0;0;0;0;0;0;0;0;0;0;1;1;1;1;0;0;0;0;1;3;1;2;0;0;0;0;0;0;0;0;0;0;0;0;0;0;0;0;0;0;0;0;1;1;0;0;0;0;0;0;1;6;0;0;0;0
04.11.2024;00:59;A 36;1;0;0;1;17;0;0;0;0;2;9;0;0;0;0;0;0;0;0;0;0;0;0;0;0;0;0;0;0;0;0;0;0;0;0;0;0;0;0;0;0;0;0;0;0;0;0;0;0;0;0;0;0;0;0;0;0;0;0;0;0;0;0
04.11.2024;00:58;A 36;1;0;0;0;0;0;0;0;0;0;0;0;0;0;0;0;0;0;0;0;0;0;0;0;0;0;0;0;0;0;0;0;0;0;0;1;22;0;0;0;0;0;0;1;6;0;0;0;0;0;0;1;1;0;0;0;0;0;0;1;6;0;0
04.11.2024;00:57;A 36;1;0;0;2;21;0;0;0;0;3;21;0;0;0;0;0;0;0;0;0;0;0;0;0;0;0;0;0;0;0;0;0;0;1;1;0;0;0;0;0;0;2;6;0;0;0;0;0;0;0;0;0;0;0;0;0;0;0;0;0;0;0;0
04.11.2024;00:56;A 36;1;0;0;0;0;0;0;0;0;0;0;0;0;0;0;0;0;0;0;0;0;0;0;0;0;0;0;0;0;0;0;0;0;1;15;0;0;0;0;0;0;1;3;0;0;0;0;0;0;0;0;0;0;0;0;0;0;0;0;0;0;0;0
04.11.2024;00:55;A 36;1;0;0;0;0;0;0;0;0;0;0;0;0;0;0;0;0;1;1;0;0;0;0;0;0;1;5;0;0;0;0;0;0;0;0;0;0;0;0;0;0;0;0;0;0;0;0;0;0;0;0;0;0;0;0;0;0;0;0;0;0;0;0
04.11.2024;00:54;A 36;1;0;0;0;0;0;0;0;0;0;0;0;0;0;0;0;0;0;0;0;0;0;0;0;0;0;0;0;0;0;0;0;0;0;0;0;0;0;0;0;0;0;0;0;0;0;0;0;0;0;0;1;1;1;13;0;0;0;0;2;6;1;4
04.11.2024;00:53;A 36;1;0;0;2;18;0;0;0;0;1;26;0;0;0;0;0;0;0;0;0;0;0;0;0;0;0;0;0;0;0;0;0;0;0;0;0;0;0;0;0;0;0;0;0;0;0;0;0;0;0;0;0;0;0;0;0;0;0;0;0;0;0;0
04.11.2024;00:52;A 36;1;0;0;0;0;0;0;0;0;0;0;0;0;0;0;1;1;0;0;0;0;0;0;1;7;0;0;0;0;0;0;0;0;0;0;0;0;0;0;0;0;0;0;0;0;0;0;0;0;0;0;0;0;0;0;0;0;0;0;0;0;0;0
04.11.2024;00:51;A 36;1;0;0;0;0;1;18;0;0;0;0;2;10;0;0;0;0;1;1;0;0;0;0;0;0;1;3;0;0;0;0;0;0;0;0;0;0;0;0;0;0;0;0;0;0;0;0;0;0;1;1;1;27;0;0;0;0;2;8;2;7;0;0
04.11.2024;00:50;A 36;1;0;0;0;0;0;0;0;0;0;0;0;0;0;0;0;0;0;0;0;0;0;0;0;0;0;0;0;0;0;0;0;0;0;0;0;0;1;40;0;0;1;5;1;2;2;3;0;0;1;33;0;0;0;0;2;4;3;6;0;0;0;0
04.11.2024;00:49;A 36;1;0;0;0;0;0;0;0;0;0;0;0;0;0;0;0;0;0;0;0;0;0;0;0;0;0;0;0;0;0;0;0;0;0;0;0;0;1;26;0;0;0;0;0;0;1;6;0;0;0;0;0;0;0;0;0;0;0;0;0;0;0;0
04.11.2024;00:48;A 36;1;0;0;0;0;0;0;0;0;0;0;0;0;0;0;0;0;0;0;0;0;0;0;0;0;0;0;0;0;0;0;0;0;0;0;0;0;2;22;0;0;0;0;0;0;3;27;0;0;0;0;0;0;0;0;0;0;0;0;0;0;0;0
04.11.2024;00:47;A 36;1;0;0;0;0;0;0;0;0;0;0;0;0;0;0;0;0;0;0;2;17;0;0;0;0;0;0;2;11;0;0;0;0;0;0;0;0;1;20;0;0;0;0;1;2;1;4;0;0;0;0;0;0;0;0;0;0;0;0;0;0;0;0
04.11.2024;00:46;A 36;1;0;0;1;15;0;0;0;0;1;13;0;0;0;0;0;0;0;0;0;0;0;0;0;0;0;0;0;0;0;0;0;0;0;0;0;0;0;0;0;0;0;0;0;0;0;0;0;0;2;30;0;0;0;0;1;3;2;41;0;0;0;0
04.11.2024;00:45;A 36;1;0;0;0;0;0;0;0;0;0;0;0;0;0;0;0;0;0;0;1;1;0;0;0;0;0;0;1;3;0;0;0;0;1;1;0;0;0;0;0;0;1;6;0;0;0;0;0;0;0;0;0;0;0;0;0;0;0;0;0;0;0;0
04.11.2024;00:44;A 36;1;0;0;0;0;0;0;0;0;0;0;0;0;0;0;0;0;1;2;0;0;0;0;0;0;1;8;0;0;0;0;0;0;0;0;0;0;1;35;0;0;0;0;1;2;1;5;0;0;0;0;2;31;0;0;0;0;0;0;1;42;0;0
04.11.2024;00:43;A 36;1;0;0;0;0;0;0;0;0;0;0;0;0;0;0;0;0;0;0;0;0;0;0;0;0;0;0;0;0;0;0;0;0;0;0;0;0;0;0;0;0;0;0;0;0;0;0;0;0;0;0;0;0;0;0;0;0;0;0;0;0;0;0
04.11.2024;00:42;A 36;1;0;0;0;0;0;0;0;0;0;0;0;0;0;0;0;0;0;0;0;0;0;0;0;0;0;0;0;0;0;0;0;0;2;33;0;0;0;0;0;0;1;9;0;0;0;0;0;0;0;0;0;0;0;0;0;0;0;0;0;0;0;0
04.11.2024;00:41;A 36;1;0;0;1;3;1;10;0;0;2;8;1;9;0;0;0;0;1;34;2;1;0;0;1;8;1;41;3;38;0;0;0;0;0;0;0;0;0;0;0;0;1;9;0;0;0;0;0;0;2;2;0;0;0;0;0;0;3;11;0;0;0;0
04.11.2024;00:40;A 36;1;0;0;1;19;0;0;0;0;2;13;0;0;0;0;0;0;0;0;0;0;0;0;0;0;0;0;0;0;0;0;0;0;0;0;0;0;0;0;0;0;0;0;0;0;0;0;0;0;0;0;0;0;0;0;1;5;2;4;0;0;0;0
04.11.2024;00:39;A 36;1;0;0;0;0;0;0;0;0;0;0;0;0;0;0;0;0;0;0;0;0;0;0;0;0;0;0;0;0;0;0;1;20;0;0;0;0;0;0;1;8;0;0;0;0;0;0;0;0;0;0;0;0;0;0;0;0;0;0;0;0;0;0
04.11.2024;00:38;A 36;1;0;0;0;23;0;0;0;0;0;23;0;0;0;0;0;0;0;0;0;0;0;0;0;0;0;0;0;0;0;0;0;0;0;0;0;0;0;0;0;0;0;0;0;0;0;0;0;0;1;28;0;0;0;0;0;0;1;9;0;0;0;0
04.11.2024;00:37;A 36;1;0;0;1;68;0;0;1;15;1;78;0;0;1;3;0;0;0;0;0;0;1;13;0;0;0;0;0;0;1;4;0;0;0;0;0;0;0;0;0;0;0;0;0;0;0;0;0;0;0;0;0;0;0;0;0;0;0;0;0;0;0;0
04.11.2024;00:36;A 36;1;2;0;1;14;2;39;0;0;1;21;1;54;0;0;0;0;0;0;0;0;0;0;0;0;0;0;0;0;0;0;0;0;0;0;0;0;0;0;0;0;0;0;0;0;0;0;0;0;1;0;0;0;0;0;0;0;2;3;0;0;0;0
04.11.2024;00:35;A 36;1;0;0;0;0;0;0;0;0;0;0;0;0;0;0;0;0;0;0;0;0;1;13;0;0;0;0;0;0;1;4;0;0;0;0;0;0;0;0;0;0;0;0;0;0;0;0;0;0;0;0;0;0;0;0;0;0;0;0;0;0;0;0
04.11.2024;00:34;A 36;1;0;0;0;0;0;0;0;0;0;0;0;0;0;0;0;0;0;0;0;0;0;0;0;0;0;0;0;0;0;0;0;0;0;0;0;0;0;0;0;0;0;0;0;0;0;0;0;0;0;0;0;0;1;14;0;0;0;0;0;0;1;2
04.11.2024;00:33;A 36;1;0;0;0;0;0;0;0;0;0;0;0;0;0;0;0;0;0;0;0;0;0;0;0;0;0;0;0;0;0;0;0;0;0;0;0;0;0;0;0;0;0;0;0;0;0;0;0;0;1;1;0;0;1;14;0;0;1;5;0;0;1;3
04.11.2024;00:32;A 36;1;0;0;0;0;0;0;0;0;0;0;0;0;0;0;0;0;0;0;0;0;0;0;0;0;0;0;0;0;0;0;0;0;0;0;0;0;0;0;0;0;0;0;0;0;0;0;0;0;2;2;0;0;0;0;0;0;2;8;0;0;0;0
04.11.2024;00:31;A 36;1;0;0;0;0;0;0;0;0;0;0;0;0;0;0;0;0;0;0;0;0;0;0;0;0;0;0;0;0;0;0;0;0;1;23;0;21;0;0;0;0;1;8;0;0;0;0;0;0;0;0;0;0;0;0;0;0;0;0;0;0;0;0
04.11.2024;00:30;A 36;1;0;0;0;3;0;0;0;0;0;3;0;0;0;0;0;0;0;0;0;0;0;0;0;0;0;0;0;0;0;0;0;0;1;40;1;3;0;0;0;0;1;9;1;8;0;0;0;0;0;0;0;0;0;0;0;0;0;0;0;0;0;0
04.11.2024;00:29;A 36;1;0;0;1;19;0;0;0;0;1;29;0;0;0;0;0;0;0;0;0;0;0;0;0;0;0;0;0;0;0;0;0;0;0;0;0;0;0;0;0;0;0;0;0;0;0;0;0;0;0;0;0;0;0;0;0;0;0;0;0;0;0;0
04.11.2024;00:28;A 36;1;0;0;1;20;1;1;1;1;2;31;1;5;0;0;0;0;0;0;0;0;0;0;0;0;0;0;0;0;0;0;0;0;0;0;0;0;0;0;0;0;0;0;0;0;0;0;0;0;0;0;0;0;0;0;1;2;1;3;0;0;0;0
04.11.2024;00:27;A 36;1;0;0;0;0;0;0;0;0;0;0;0;0;0;0;0;0;0;0;0;0;0;0;0;0;0;0;0;0;0;0;0;0;0;0;0;0;0;0;0;0;0;0;0;0;0;0;0;0;0;0;0;0;0;0;0;0;0;0;0;0;0;0
04.11.2024;00:26;A 36;1;0;0;0;0;0;0;0;0;0;0;0;0;0;0;0;0;1;1;0;0;0;0;0;0;1;5;0;0;0;0;0;0;0;0;1;17;0;0;0;0;0;0;1;8;0;0;0;0;0;0;1;1;0;0;0;0;0;0;1;5;0;0
04.11.2024;00:25;A 36;1;0;0;0;0;0;0;0;0;0;0;0;0;0;0;0;0;0;0;1;1;0;0;0;0;0;0;1;3;0;0;0;0;0;0;0;0;0;0;0;0;0;0;0;0;0;0;0;0;0;0;0;0;0;2;0;0;0;0;0;0;0;0
04.11.2024;00:24;A 36;1;0;0;0;0;0;0;0;0;0;0;0;0;0;0;0;0;1;1;1;1;0;0;0;0;1;5;1;4;0;0;0;0;0;0;0;0;0;0;0;0;0;0;0;0;0;0;0;0;1;1;0;0;1;14;0;0;1;4;0;0;1;2
04.11.2024;00:23;A 36;1;0;0;0;0;1;17;0;0;0;0;1;10;0;0;0;0;1;1;0;0;0;0;0;0;1;3;0;0;0;0;0;0;0;0;0;0;0;0;0;0;0;0;0;0;0;0;0;0;0;0;0;0;0;0;1;3;1;2;0;0;0;0
04.11.2024;00:22;A 36;1;0;0;0;0;0;0;0;0;0;0;0;0;0;0;0;0;1;1;0;0;0;0;0;0;1;4;0;0;0;0;0;0;0;0;0;0;0;5;0;0;0;0;0;0;0;0;0;0;0;0;1;1;0;0;0;0;0;0;1;4;0;0
04.11.2024;00:21;A 36;1;0;0;1;15;0;0;0;0;2;6;0;0;0;0;0;0;0;0;0;0;0;0;0;0;0;0;0;0;0;0;0;0;1;22;1;20;1;18;0;0;1;8;1;10;2;5;0;0;0;0;0;0;0;0;0;0;0;0;0;0;0;0
04.11.2024;00:20;A 36;1;0;0;1;1;0;0;0;0;1;3;0;0;0;0;0;0;0;0;0;0;0;0;0;0;0;0;0;0;0;0;1;21;0;0;0;0;0;0;1;5;0;0;0;0;0;0;0;0;1;1;0;0;1;40;0;0;1;7;5;15;2;40
04.11.2024;00:19;A 36;1;0;0;0;0;0;0;0;0;0;0;0;0;0;0;0;0;1;3;0;0;0;0;0;0;3;16;0;0;0;0;0;0;0;0;1;33;0;0;0;0;0;0;0;7;0;0;0;0;0;0;0;0;0;0;1;7;0;0;0;0;0;0
04.11.2024;00:18;A 36;1;0;0;0;0;0;0;0;0;0;0;0;0;0;0;0;0;1;1;0;0;0;0;0;0;1;5;0;0;0;0;0;0;0;0;1;15;0;0;0;0;0;0;2;13;0;0;0;0;0;0;0;0;0;0;1;2;0;0;0;0;0;0
04.11.2024;00:17;A 36;1;0;0;0;0;0;0;0;0;0;0;0;0;0;0;0;0;1;1;0;0;0;0;0;0;1;5;0;0;0;0;0;0;0;0;0;0;0;0;0;0;0;0;0;0;0;0;0;0;0;0;0;0;0;0;0;0;0;0;0;0;0;0
04.11.2024;00:16;A 36;1;0;0;0;0;0;0;1;19;0;0;0;0;1;4;0;0;0;0;1;21;0;0;0;0;0;0;1;6;0;0;0;0;0;0;0;0;1;24;0;0;0;0;0;0;2;3;0;0;0;0;0;0;0;0;0;0;0;0;0;0;0;0
04.11.2024;00:15;A 36;1;1;1;2;2;0;0;0;0;1;9;0;0;0;0;0;0;0;0;0;0;0;0;0;0;0;0;0;0;0;0;0;0;1;18;0;0;1;9;0;0;2;5;0;0;1;6;0;0;1;1;0;0;0;0;1;2;2;5;0;0;0;0
04.11.2024;00:14;A 36;1;0;0;0;0;0;0;0;0;0;0;0;0;0;0;0;0;0;1;0;0;0;2;0;0;0;0;0;0;0;0;0;0;0;0;0;0;0;0;0;0;0;0;0;0;0;0;0;0;1;4;1;1;0;0;1;7;4;16;1;5;0;0
04.11.2024;00:13;A 36;1;0;0;0;0;1;16;0;0;0;0;1;10;0;0;0;0;1;1;0;0;1;47;0;0;1;9;0;0;1;3;0;0;0;0;0;0;1;44;0;0;0;0;0;0;2;3;0;0;0;0;0;0;0;0;0;0;0;0;0;0;0;0
04.11.2024;00:12;A 36;1;0;0;0;19;0;0;0;0;0;0;0;0;0;0;0;0;1;1;1;1;0;0;0;0;1;5;1;2;0;0;0;0;0;0;0;0;0;0;0;0;0;0;0;0;0;0;0;0;1;27;0;0;0;0;0;0;1;3;0;0;0;0
04.11.2024;00:11;A 36;1;0;0;1;8;0;2;0;0;2;15;0;0;0;0;0;0;0;0;0;0;0;0;0;0;0;0;0;0;0;0;0;0;0;0;0;0;1;69;0;0;0;0;1;1;1;70;0;0;0;0;0;0;0;0;0;0;0;0;0;0;0;0
04.11.2024;00:10;A 36;1;2;6;3;11;2;25;0;0;1;25;1;2;0;0;0;0;0;0;0;0;0;0;0;0;0;0;0;0;0;0;0;0;0;0;0;0;0;0;0;0;0;0;0;0;0;0;0;0;0;0;0;0;0;0;0;0;0;0;0;0;0;0
04.11.2024;00:09;A 36;1;0;0;1;17;0;0;0;0;2;7;0;0;0;0;0;0;0;0;0;0;0;0;0;0;0;0;0;0;0;0;0;0;0;0;0;0;0;0;0;0;0;0;0;0;0;0;0;0;1;1;0;0;0;0;1;2;1;5;0;0;0;0
04.11.2024;00:08;A 36;1;0;0;0;0;0;0;0;0;0;0;0;0;0;0;0;0;2;2;0;0;0;0;0;0;2;7;0;0;0;0;0;0;0;0;0;0;0;0;0;0;0;0;0;0;0;0;0;0;1;1;0;0;0;0;0;0;2;6;0;0;0;0
04.11.2024;00:07;A 36;1;0;0;0;14;0;0;0;0;0;0;0;0;0;0;0;0;1;7;0;0;0;0;0;0;1;8;0;0;0;0;0;0;0;0;0;0;0;0;0;0;0;0;0;0;0;0;0;0;0;0;0;0;1;39;1;2;0;0;0;0;1;2
04.11.2024;00:06;A 36;1;0;0;1;4;0;0;0;0;2;9;0;0;0;0;0;0;3;3;0;0;0;0;0;0;3;13;0;0;0;0;0;0;0;0;0;0;0;0;0;0;0;0;0;0;0;0;0;0;0;0;0;0;0;0;0;0;0;0;0;0;0;0
04.11.2024;00:05;A 36;1;0;0;1;21;1;13;0;0;1;14;1;10;0;0;0;0;1;20;0;0;0;0;0;0;0;7;0;0;0;0;0;0;1;22;1;57;0;0;0;0;1;13;0;0;0;0;0;0;0;0;1;2;0;0;0;0;0;0;1;6;0;0
04.11.2024;00:04;A 36;1;0;0;1;15;0;0;0;0;1;9;0;0;0;0;0;0;0;0;0;0;0;0;0;0;1;0;0;0;0;0;0;0;0;0;0;0;0;0;0;0;0;0;1;5;0;0;0;0;1;1;0;0;0;0;0;0;1;2;0;0;0;0
04.11.2024;00:03;A 36;1;0;0;0;0;0;0;0;0;0;0;0;0;0;0;0;0;2;2;0;0;1;12;0;0;2;4;1;2;2;4;0;0;0;0;0;0;0;0;0;0;0;0;0;0;0;0;0;0;0;0;0;0;0;0;0;0;0;0;0;0;0;0
04.11.2024;00:02;A 36;1;0;0;0;0;0;0;0;0;0;0;0;0;0;0;0;0;3;3;0;0;1;11;0;0;3;7;1;1;1;4;0;0;0;0;0;0;0;0;0;0;0;0;0;0;0;0;0;0;0;0;0;0;0;0;0;0;2;3;0;0;0;0
04.11.2024;00:01;A 36;1;0;0;0;0;0;0;0;0;0;0;0;0;0;0;0;0;1;1;0;0;0;0;0;0;2;4;0;0;0;0;0;0;1;15;1;13;0;0;0;0;1;13;2;6;0;0;0;0;0;0;0;0;0;0;0;0;0;0;0;0;0;0
04.11.2024;00:00;A 36;1;0;0;0;0;0;0;0;0;0;0;0;0;0;0;0;0;1;1;0;0;0;0;0;0;1;2;0;0;0;0;0;0;0;0;0;0;0;0;0;0;0;0;0;0;0;0;0;0;1;1;0;0;0;0;0;0;1;5;0;0;0;0
03.11.2024;23:59;A 36;1;0;0;0;0;0;0;0;0;0;0;0;0;0;0;0;0;1;2;0;0;0;0;0;0;1;8;0;0;0;0;0;0;0;0;0;0;0;0;0;0;0;0;0;0;0;0;0;0;0;0;0;0;0;0;0;0;0;0;0;0;0;0
03.11.2024;23:57;A 36;1;0;0;0;0;0;0;0;0;0;0;0;0;0;0;0;0;1;1;0;0;0;0;0;0;2;3;0;0;0;0;0;0;0;0;0;0;0;0;0;0;0;0;0;0;0;0;0;0;1;2;0;0;0;0;0;0;1;4;0;0;0;0
03.11.2024;23:56;A 36;1;0;0;0;0;2;19;0;0;0;0;2;18;0;0;0;0;0;0;0;0;0;0;0;0;0;0;0;0;0;0;0;0;0;0;0;0;0;0;0;0;0;0;0;0;0;0;0;0;1;1;0;2;0;0;0;0;1;4;0;0;0;0
03.11.2024;23:55;A 36;1;0;0;0;0;1;21;0;0;0;0;1;6;0;0;0;0;0;0;0;0;0;0;0;0;0;0;0;0;0;0;0;0;1;1;0;0;0;0;0;0;1;5;0;0;0;0;0;0;0;0;1;36;0;0;0;0;0;0;1;6;0;0
03.11.2024;23:54;A 36;1;0;0;0;0;0;0;0;0;0;0;0;0;0;0;0;0;2;2;0;0;0;0;0;0;1;7;0;0;0;0;0;0;0;0;0;0;0;0;0;0;0;0;0;0;0;0;0;0;1;1;0;0;0;0;0;0;1;5;0;0;0;0
03.11.2024;23:53;A 36;1;0;0;0;0;0;0;0;0;0;0;0;0;0;0;0;0;1;4;0;0;0;0;0;0;1;11;0;0;0;0;0;0;0;7;0;0;0;0;0;0;0;0;0;0;0;0;0;0;1;18;0;0;0;0;0;0;1;8;0;0;0;0
03.11.2024;23:52;A 36;1;0;0;0;0;0;0;0;0;0;0;0;0;0;0;0;0;1;1;0;0;0;0;0;0;1;3;0;0;0;0;0;0;1;14;0;0;0;0;0;0;1;5;0;0;0;0;0;0;1;1;1;1;0;0;0;0;1;7;1;4;0;0
03.11.2024;23:51;A 36;1;0;0;1;17;1;2;0;0;2;6;1;13;0;0;0;0;0;0;0;0;0;0;0;0;0;0;0;0;0;0;0;0;0;0;0;0;0;0;0;0;0;0;0;0;0;0;0;0;0;0;1;1;0;0;0;0;0;0;1;5;0;0
03.11.2024;23:50;A 36;1;0;0;0;0;0;0;0;0;0;0;0;0;0;0;0;0;1;4;0;0;0;0;0;0;1;9;0;0;0;0;0;0;0;0;0;0;0;0;0;0;0;0;0;0;0;0;0;0;0;0;0;0;0;3;0;0;0;0;0;0;0;0
03.11.2024;23:49;A 36;1;0;0;0;0;0;0;0;0;0;0;0;0;0;0;0;0;0;0;1;1;0;0;0;0;1;1;1;3;0;0;0;0;0;0;0;0;0;0;0;0;0;0;0;0;0;0;0;0;0;0;0;0;1;20;2;4;1;3;1;6;2;5
03.11.2024;23:48;A 36;1;0;0;0;0;0;0;0;0;0;0;0;0;0;0;1;2;1;1;0;0;0;0;1;5;1;3;0;0;0;0;0;0;0;0;0;0;0;0;0;0;0;0;0;0;0;0;0;0;2;2;0;0;0;0;0;0;2;3;0;0;0;0
03.11.2024;23:47;A 36;1;0;0;1;12;0;0;1;36;1;1;0;0;2;5;0;0;0;0;0;0;0;0;0;0;0;0;0;0;0;0;0;0;0;0;0;0;0;45;0;0;0;0;0;0;0;0;0;0;0;0;0;0;2;60;0;0;0;0;0;0;3;8
03.11.2024;23:46;A 36;1;0;0;1;2;0;0;0;0;1;5;0;0;0;0;0;2;2;5;0;1;0;0;0;0;0;11;0;0;0;0;0;0;0;0;0;0;1;9;0;0;0;0;1;2;1;6;0;0;1;1;1;0;0;34;1;4;2;2;0;0;0;0
03.11.2024;23:45;A 36;1;0;0;1;2;1;2;0;0;1;7;2;7;1;3;1;5;1;8;1;22;0;10;0;0;2;23;1;7;0;0;0;0;0;0;0;0;0;0;0;0;0;0;0;0;0;0;0;0;2;13;4;23;2;51;0;0;2;18;1;7;2;7
03.11.2024;23:44;A 36;1;0;0;0;0;0;0;1;4;0;0;1;2;1;4;0;0;0;0;0;0;1;15;0;0;0;0;1;1;1;4;0;0;0;0;0;0;0;0;0;0;0;0;0;0;0;0;0;0;0;0;0;0;0;0;1;3;0;0;0;0;0;0
03.11.2024;23:43;A 36;1;0;0;1;17;0;0;0;0;2;8;0;0;0;0;1;1;2;6;0;0;0;0;1;1;1;7;0;0;0;0;0;0;2;22;0;0;0;0;0;0;2;7;0;0;0;0;0;0;0;0;2;2;1;25;0;0;0;0;1;7;1;2
03.11.2024;23:42;A 36;1;2;3;1;29;0;0;0;0;1;39;0;0;0;0;0;0;0;0;0;0;0;0;0;0;1;6;0;0;0;0;0;0;0;0;0;0;1;5;0;0;0;0;0;0;0;2;0;0;0;0;0;0;0;0;0;0;0;0;0;0;0;0
03.11.2024;23:41;A 36;1;0;0;0;0;0;0;0;0;0;0;0;0;0;0;0;0;0;0;0;0;0;0;0;0;0;0;0;0;0;0;0;0;0;0;0;0;1;21;0;0;0;0;0;0;3;11;0;0;0;0;0;0;0;5;0;0;0;0;0;0;0;0
03.11.2024;23:40;A 36;1;0;0;0;0;0;0;0;0;0;0;0;0;0;0;1;1;1;1;0;0;0;0;1;3;1;5;0;0;0;0;0;0;0;0;0;0;0;0;0;0;0;0;0;0;0;0;0;0;1;1;1;1;1;8;0;0;2;5;1;4;1;3
03.11.2024;23:39;A 36;1;0;0;1;3;0;0;0;0;0;0;0;0;0;0;0;0;0;0;0;0;0;0;0;0;0;0;0;0;0;0;0;0;0;6;0;0;1;43;0;0;0;0;1;1;1;6;0;0;0;0;0;0;0;0;0;0;0;0;0;0;0;0
03.11.2024;23:38;A 36;1;0;0;0;0;0;0;0;0;1;8;0;0;0;0;0;0;0;0;0;0;0;0;0;0;0;0;0;0;0;0;0;0;1;13;0;0;0;0;0;0;1;7;0;0;0;0;0;0;0;0;0;0;0;0;0;0;0;0;0;0;0;0
03.11.2024;23:37;A 36;1;0;0;1;34;0;0;1;64;2;7;0;0;1;6;0;0;0;0;0;0;0;0;0;0;0;0;0;0;0;0;0;0;0;0;0;0;0;0;0;0;0;0;0;0;0;0;0;0;0;0;0;0;0;0;1;3;0;0;0;0;0;0
03.11.2024;23:36;A 36;1;0;0;1;12;0;0;0;0;2;5;0;0;0;0;0;0;0;0;0;0;0;0;0;0;0;0;0;0;0;0;0;0;0;0;0;6;0;0;0;0;0;0;0;0;0;0;0;0;1;11;0;0;0;0;0;0;1;10;0;0;0;0
03.11.2024;23:35;A 36;1;0;0;0;0;1;1;0;0;0;0;2;5;0;0;0;0;0;0;0;0;0;0;0;0;0;0;0;0;0;0;0;0;0;0;2;36;0;0;0;0;0;0;2;16;0;0;0;0;1;1;1;0;0;0;0;0;1;4;0;0;0;0
03.11.2024;23:34;A 36;1;0;0;1;3;0;0;0;21;0;0;0;0;0;0;0;0;0;0;0;0;0;0;0;0;0;0;0;0;0;0;0;0;0;2;0;0;0;0;0;0;0;0;0;0;0;0;0;0;1;1;0;0;0;0;0;0;1;6;0;0;0;0
03.11.2024;23:33;A 36;1;0;0;0;0;0;0;1;10;1;6;0;0;1;6;0;0;0;0;0;0;0;0;0;0;0;0;0;0;0;0;1;2;1;16;0;0;1;34;1;3;2;12;0;0;2;3;0;0;0;0;0;0;0;0;0;0;0;0;0;0;0;0
03.11.2024;23:32;A 36;1;0;0;0;0;1;10;0;0;0;0;1;11;0;0;0;0;4;35;1;20;0;0;0;0;2;51;2;8;0;0;0;0;0;0;0;0;0;0;0;0;0;0;1;2;0;0;0;0;0;0;0;0;0;18;0;0;0;0;0;0;0;0
03.11.2024;23:31;A 36;1;0;0;1;14;1;0;1;28;2;1;0;0;1;5;0;0;0;0;0;0;0;0;0;0;0;0;0;0;0;0;0;0;0;0;0;0;0;0;0;0;0;0;0;0;0;0;0;0;1;17;1;3;1;38;0;0;1;4;2;12;0;0
03.11.2024;23:30;A 36;1;0;0;1;3;0;0;0;0;2;12;0;0;0;0;0;0;1;20;2;19;0;0;0;0;3;17;2;5;0;0;0;0;0;0;0;0;0;0;0;0;0;0;0;0;0;0;0;0;0;0;0;0;1;13;0;0;0;0;0;0;1;3
03.11.2024;23:29;A 36;1;0;0;0;0;0;0;0;0;0;0;0;0;0;0;0;0;0;0;0;0;0;0;0;0;0;0;0;0;0;0;0;0;0;0;0;0;1;19;0;0;0;0;0;0;2;5;0;0;1;1;0;0;0;0;0;0;1;7;0;0;0;0
03.11.2024;23:28;A 36;1;0;0;1;39;0;0;0;0;2;12;0;0;0;0;0;0;0;0;0;0;0;0;0;0;0;0;0;0;0;0;0;0;0;0;1;14;1;40;0;0;0;0;1;8;2;3;0;0;0;0;0;0;0;0;0;0;0;0;0;0;0;0
03.11.2024;23:27;A 36;1;0;0;0;0;1;2;0;0;0;0;2;16;0;0;0;0;0;0;1;1;0;0;0;0;0;0;0;3;0;0;0;0;1;18;0;0;0;0;0;0;1;10;0;0;0;0;0;0;2;10;0;0;1;23;0;0;1;26;0;0;1;3
03.11.2024;23:26;A 36;1;0;0;0;0;0;0;0;0;0;0;0;0;0;0;0;0;0;0;0;0;0;0;0;0;0;0;1;0;0;0;0;0;0;0;0;0;1;10;0;0;0;0;0;0;0;9;0;0;0;0;0;0;0;0;1;6;0;0;0;0;0;0
03.11.2024;23:25;A 36;1;0;0;0;32;0;0;0;0;0;0;0;0;0;0;0;0;0;0;0;0;0;0;0;0;0;0;0;0;0;0;0;0;0;0;0;0;1;37;0;0;0;0;2;4;4;27;0;0;1;19;0;0;0;0;2;7;2;13;0;0;0;0
03.11.2024;23:24;A 36;1;0;0;2;32;1;15;0;0;2;18;1;5;0;0;0;0;0;0;0;0;0;0;0;0;0;0;0;0;0;0;0;0;0;0;0;0;0;0;0;0;0;0;0;0;0;0;0;0;0;0;1;0;0;0;0;0;0;0;1;4;0;0
03.11.2024;23:23;A 36;1;0;0;0;0;1;17;1;33;0;0;1;9;1;3;0;0;0;0;0;0;0;0;0;0;0;0;0;0;0;0;0;0;0;0;0;0;0;0;0;0;0;0;0;0;0;0;0;0;1;1;0;0;0;0;0;0;1;5;0;0;0;0
03.11.2024;23:22;A 36;1;0;0;1;12;0;0;0;0;2;9;0;0;0;0;0;70;1;75;0;70;0;0;0;0;0;75;0;0;0;0;0;17;0;0;0;0;0;0;0;0;0;0;0;0;0;0;0;0;0;0;0;0;0;0;0;0;0;0;0;0;0;0
03.11.2024;23:21;A 36;1;0;0;0;0;0;0;1;34;0;0;0;0;1;3;1;9;1;15;1;4;0;0;1;9;1;24;2;11;0;0;1;37;0;29;0;0;0;0;2;6;0;0;0;0;0;0;0;0;0;0;0;0;1;46;0;0;0;0;1;36;1;45
03.11.2024;23:20;A 36;1;3;3;2;24;0;0;0;0;5;25;0;0;0;0;0;0;1;24;0;0;0;0;0;0;1;7;0;0;0;0;0;0;1;12;0;0;0;0;0;0;1;8;0;0;0;0;0;0;0;0;0;0;0;0;1;8;2;4;0;0;0;0
03.11.2024;23:19;A 36;1;0;0;0;21;0;0;0;0;0;0;0;0;0;0;0;0;2;2;0;0;0;0;0;0;1;5;0;0;0;0;0;0;0;0;0;0;0;0;0;0;0;0;0;0;0;0;0;0;0;0;0;0;0;0;0;0;0;0;0;0;0;0
03.11.2024;23:18;A 36;1;0;0;2;37;0;0;0;0;2;17;0;0;0;0;0;0;0;0;0;0;0;0;0;0;0;0;0;0;0;0;0;0;0;0;0;0;0;0;0;0;0;0;0;0;0;0;0;0;0;0;0;0;0;0;0;0;0;0;0;0;0;0
03.11.2024;23:17;A 36;1;0;0;0;0;0;0;0;0;0;0;0;0;0;0;0;0;2;2;0;0;0;0;0;0;2;7;0;0;0;0;0;0;0;0;0;0;1;1;0;0;0;0;0;0;0;0;0;0;0;5;1;1;0;0;0;0;0;0;1;4;0;0
03.11.2024;23:16;A 36;1;0;0;1;4;0;0;0;0;1;8;0;0;0;0;0;34;0;33;0;0;0;53;0;0;0;0;0;0;0;0;0;0;1;1;1;1;0;0;0;0;1;7;1;4;0;0;0;0;1;17;0;0;0;0;0;0;1;8;0;0;0;0
03.11.2024;23:15;A 36;1;0;0;1;12;1;10;0;0;1;22;1;5;0;0;1;3;1;11;0;20;1;11;1;8;1;4;0;0;2;3;0;0;1;13;0;0;0;0;0;0;1;15;0;0;0;0;0;0;0;0;0;0;1;15;1;3;0;0;0;0;1;2
03.11.2024;23:14;A 36;1;0;0;0;0;0;0;1;31;0;0;0;0;1;5;0;0;0;0;2;56;0;0;0;0;0;0;2;16;0;0;0;0;1;84;1;3;1;60;0;0;1;7;1;10;1;6;0;0;0;15;1;9;1;40;1;3;0;0;0;4;0;1
03.11.2024;23:13;A 36;1;0;0;0;0;0;0;0;0;0;0;0;0;0;0;0;0;0;0;0;0;0;0;0;0;0;0;0;0;0;0;1;18;0;0;0;0;0;0;1;4;1;3;1;2;0;0;0;0;1;2;0;0;0;0;0;0;1;6;1;5;1;4
03.11.2024;23:12;A 36;1;0;0;0;0;0;0;0;0;0;0;0;0;0;0;0;0;0;0;1;2;2;29;0;0;1;2;2;9;2;12;0;0;0;0;0;0;0;0;0;0;0;0;0;0;0;0;0;0;0;0;0;0;0;0;0;0;0;0;0;0;0;0
03.11.2024;23:11;A 36;1;1;1;0;0;0;0;0;0;0;0;0;0;0;0;0;0;1;16;0;0;0;0;0;0;1;9;0;0;0;0;0;0;0;0;0;0;1;8;0;0;0;0;0;0;3;6;0;0;0;0;1;3;0;0;0;0;0;0;1;9;0;0
03.11.2024;23:10;A 36;1;4;5;1;6;3;2;1;1;1;12;2;15;0;0;0;0;0;0;0;0;0;0;0;0;0;0;0;0;0;0;0;0;0;0;0;0;1;40;0;0;0;0;1;2;1;47;0;0;0;0;0;0;0;0;0;0;0;0;0;0;0;0
03.11.2024;23:09;A 36;1;0;0;1;15;0;0;0;0;2;9;0;0;0;0;0;0;0;0;0;0;1;27;0;0;0;0;0;0;1;4;0;0;0;0;0;0;0;0;0;0;0;0;0;0;0;0;0;0;0;0;0;0;0;0;0;0;0;0;0;0;0;0
03.11.2024;23:08;A 36;1;0;0;0;0;0;0;1;25;0;0;0;0;2;7;0;0;1;1;0;0;0;0;0;0;1;2;0;0;0;0;0;0;0;0;0;0;0;0;0;0;0;0;0;0;0;0;0;0;0;0;0;0;0;0;0;0;0;0;0;0;0;0
03.11.2024;23:07;A 36;1;0;0;1;28;0;0;0;0;3;8;0;0;0;0;0;0;1;1;0;0;0;0;0;0;1;5;0;0;0;0;0;0;0;0;1;14;0;0;0;0;0;0;1;10;0;0;0;0;1;1;0;0;0;0;0;0;1;4;0;0;0;0
03.11.2024;23:06;A 36;1;0;0;1;10;0;0;0;0;2;8;0;0;0;0;0;0;0;0;0;0;0;0;0;0;0;0;0;0;0;0;0;0;1;1;0;0;0;0;0;0;1;4;0;0;0;0;0;0;0;0;0;0;0;0;0;0;0;0;0;0;0;0
03.11.2024;23:05;A 36;1;0;0;0;0;0;0;0;0;0;0;0;0;0;0;0;0;0;0;0;0;1;47;0;0;0;0;1;2;2;3;1;1;1;1;0;0;0;9;0;0;0;1;0;0;0;0;0;0;1;1;1;1;0;0;0;0;1;6;1;5;0;0
03.11.2024;23:04;A 36;1;0;0;3;55;0;0;0;0;4;33;0;0;0;0;0;0;1;1;0;0;1;29;0;0;1;4;1;1;2;3;0;0;1;2;0;0;1;8;0;0;2;9;2;4;1;5;0;0;0;0;0;0;0;0;1;8;2;8;0;0;0;0
03.11.2024;23:03;A 36;1;1;2;1;1;0;38;0;0;2;10;0;34;0;0;0;0;0;0;1;1;0;0;0;0;1;2;1;3;0;0;0;0;1;24;0;0;0;0;0;0;1;11;0;0;0;0;0;0;0;0;0;0;0;12;0;0;0;0;0;0;0;0
03.11.2024;23:02;A 36;1;0;0;0;0;1;12;0;0;0;0;2;21;0;0;0;0;2;16;0;0;0;1;0;0;2;12;0;0;0;0;0;0;0;0;0;0;1;35;0;0;0;0;1;2;1;4;0;0;2;17;0;0;1;63;0;0;2;31;1;1;1;3
03.11.2024;23:01;A 36;1;0;0;1;43;0;0;0;0;1;11;0;0;0;0;0;0;0;0;0;0;1;1;0;0;0;0;1;3;2;4;0;0;0;0;0;0;0;0;0;0;0;0;0;0;0;0;0;0;0;0;0;0;0;0;0;0;0;0;0;0;0;0
03.11.2024;23:00;A 36;1;0;0;0;0;1;12;0;0;0;0;1;7;0;0;1;2;1;1;1;1;0;0;1;5;0;0;1;4;0;0;0;10;1;44;2;2;1;28;0;0;1;11;3;9;2;3;0;0;0;0;0;0;0;0;0;0;0;0;0;0;0;0
03.11.2024;22:59;A 36;1;0;0;0;0;0;0;0;0;0;0;0;0;0;0;0;0;0;0;0;0;0;23;0;0;0;0;0;0;0;0;1;18;1;29;1;28;0;0;1;4;1;9;1;8;0;0;0;0;3;42;2;2;0;0;0;0;2;7;1;5;0;0
03.11.2024;22:58;A 36;1;0;0;1;13;1;15;0;0;0;2;1;4;0;0;0;0;0;0;0;0;1;28;0;0;0;0;1;1;2;5;0;0;1;1;1;14;0;0;0;0;1;3;0;0;0;0;0;0;2;17;0;0;0;0;1;3;4;22;0;0;0;0
03.11.2024;22:57;A 36;1;0;0;0;0;1;3;0;0;1;3;1;11;0;0;1;1;1;2;1;1;0;0;1;6;1;6;2;4;0;0;0;0;0;0;0;0;0;0;0;0;0;0;1;6;0;0;0;0;0;0;0;0;0;0;0;0;0;0;0;0;0;0
03.11.2024;22:56;A 36;1;0;0;0;0;0;0;0;0;0;0;0;0;0;0;0;0;1;6;0;0;0;0;0;0;1;12;0;0;0;0;0;0;0;0;0;0;1;43;0;0;0;0;0;0;2;30;0;0;0;43;0;0;0;0;0;0;0;0;0;0;0;0
03.11.2024;22:55;A 36;1;0;0;1;19;0;0;0;0;0;3;0;0;0;0;0;0;0;0;0;0;0;0;0;0;0;0;0;0;0;0;0;0;0;0;0;0;1;75;0;0;0;0;1;2;2;2;0;0;1;6;0;0;0;0;0;0;2;6;0;0;0;0
03.11.2024;22:54;A 36;1;1;1;0;0;1;19;0;0;1;8;0;1;0;0;0;0;2;11;0;0;1;21;0;0;2;12;0;0;2;3;0;0;0;0;0;0;1;12;0;0;0;0;0;0;2;3;0;0;2;30;2;35;0;0;0;0;2;23;3;14;0;0
03.11.2024;22:53;A 36;1;0;0;0;0;0;0;0;0;0;0;1;5;0;0;0;0;1;1;0;0;0;0;0;0;1;7;0;0;0;0;0;0;0;0;1;19;0;0;0;0;0;0;1;7;0;0;0;0;0;0;0;0;0;0;0;0;0;0;0;0;0;0
03.11.2024;22:52;A 36;1;0;0;0;0;0;0;1;23;0;0;0;0;1;3;0;0;0;29;1;30;0;0;0;0;0;0;0;29;0;0;0;0;1;1;0;0;1;33;0;0;0;0;1;2;3;30;0;0;0;0;0;0;0;0;0;0;0;0;0;0;0;0
03.11.2024;22:51;A 36;1;0;0;0;18;0;0;0;0;0;0;0;0;0;0;0;0;1;20;1;1;0;0;0;0;2;11;2;7;0;0;0;0;0;20;3;12;1;31;0;0;1;4;1;24;2;3;0;0;0;0;0;0;0;0;0;0;2;4;0;0;0;0
03.11.2024;22:50;A 36;1;0;0;1;60;0;0;0;0;2;9;0;0;0;0;1;4;0;4;0;0;0;0;1;8;0;0;0;0;0;0;0;0;1;21;0;0;0;0;0;0;1;10;1;3;0;0;0;0;6;8;0;2;1;75;1;7;3;30;2;25;1;73
03.11.2024;22:49;A 36;1;0;0;1;3;0;0;0;0;2;6;0;0;0;0;1;1;1;42;0;0;0;13;1;7;2;10;0;0;0;0;1;18;1;28;0;0;1;21;1;3;1;9;1;1;2;5;0;0;1;31;1;17;0;0;0;0;2;28;1;6;0;0
03.11.2024;22:48;A 36;1;0;0;0;0;0;0;0;0;0;0;0;0;0;0;0;0;0;6;0;0;1;1;0;0;0;0;0;0;1;3;0;0;0;0;1;6;0;0;0;0;0;0;2;14;0;0;0;0;2;8;1;5;0;0;0;0;1;14;2;7;0;0
03.11.2024;22:47;A 36;1;0;0;0;76;1;3;0;0;0;0;2;63;0;0;0;0;2;60;0;24;0;0;0;0;1;13;0;0;0;0;0;0;0;0;2;59;0;1;0;0;0;0;3;48;0;0;0;0;1;55;2;48;0;49;0;0;1;38;2;14;0;0
03.11.2024;22:46;A 36;1;0;0;2;45;0;0;0;0;2;11;0;0;0;0;0;0;0;0;1;1;0;50;0;0;1;7;1;6;0;0;0;0;0;0;1;61;2;73;0;0;0;0;4;8;2;78;0;0;4;45;1;11;1;27;0;0;2;48;2;13;1;3
03.11.2024;22:45;A 36;1;0;0;2;32;0;0;0;0;3;14;0;0;0;0;0;0;0;0;0;0;2;28;0;0;0;0;1;2;2;7;1;38;0;0;0;0;0;0;1;8;0;0;0;0;0;0;0;0;2;72;0;0;0;0;0;0;2;60;1;1;0;0
03.11.2024;22:44;A 36;1;1;1;1;10;0;0;0;0;1;12;0;0;0;0;0;0;1;1;0;0;2;55;0;0;1;3;2;3;2;7;0;0;0;0;0;0;0;0;0;0;0;0;0;0;0;0;0;0;0;0;0;0;0;0;0;0;1;13;0;0;0;0
03.11.2024;22:43;A 36;1;0;0;0;0;0;0;0;0;1;6;0;0;0;0;0;0;1;3;0;0;0;0;0;2;1;5;0;3;0;0;0;0;1;1;0;0;0;0;0;0;1;6;0;0;0;0;0;0;5;36;1;2;0;0;0;0;2;50;0;0;0;0
03.11.2024;22:42;A 36;1;2;28;1;30;1;5;0;0;1;37;1;11;0;0;0;0;1;43;0;0;0;0;1;43;2;49;1;40;0;0;0;0;0;0;0;0;1;60;0;0;0;0;0;0;1;61;0;0;1;38;1;32;0;0;0;0;2;18;2;38;0;0
03.11.2024;22:41;A 36;1;0;0;0;0;0;0;0;0;0;0;0;0;0;0;0;0;0;0;0;0;0;0;0;0;0;0;0;0;0;0;0;0;0;0;1;13;0;0;0;0;0;0;1;7;0;0;0;0;2;2;1;1;0;0;0;0;3;9;1;3;0;0
03.11.2024;22:40;A 36;1;0;0;1;19;0;0;1;17;1;7;0;0;2;7;0;0;0;0;0;0;0;0;0;0;0;0;0;0;0;0;1;12;0;0;0;0;0;0;1;3;0;0;0;0;0;0;0;0;2;43;1;0;0;0;0;0;1;10;0;0;0;0
03.11.2024;22:39;A 36;1;0;0;1;18;0;0;0;0;1;12;0;0;0;0;0;0;3;3;0;0;0;0;0;0;2;14;0;0;0;0;0;0;0;0;1;11;0;0;0;0;0;0;2;6;0;0;0;0;2;2;1;1;0;0;0;0;3;16;1;3;0;0
03.11.2024;22:38;A 36;1;0;0;1;22;0;0;0;0;2;3;0;0;0;0;0;0;0;0;0;0;0;0;0;0;0;0;0;0;0;0;0;0;0;0;0;0;1;38;0;0;0;0;0;0;1;5;0;0;2;15;1;14;0;0;0;0;1;9;2;8;0;0
03.11.2024;22:37;A 36;1;0;0;0;0;0;0;0;8;1;7;0;0;0;0;0;0;2;15;1;8;1;10;0;0;1;24;2;16;1;5;0;0;0;0;0;0;0;0;0;0;0;0;0;0;0;0;0;0;1;1;2;1;1;56;0;0;2;7;2;3;1;39
03.11.2024;22:36;A 36;1;0;0;1;3;0;0;1;7;4;27;0;0;1;7;0;0;1;3;0;0;0;39;0;0;0;7;0;0;0;0;0;0;0;0;1;15;0;0;0;0;0;0;2;7;0;0;0;0;0;0;1;17;1;33;1;9;0;0;1;7;1;5
03.11.2024;22:35;A 36;1;0;0;1;1;0;0;2;62;1;5;1;5;2;9;0;0;1;1;0;0;1;21;0;0;2;20;1;1;2;2;0;0;0;17;0;16;0;0;0;0;0;0;0;0;0;0;0;0;2;4;0;0;0;0;0;0;1;16;0;0;0;0
03.11.2024;22:34;A 36;1;0;0;0;0;0;0;0;0;0;0;0;0;0;0;0;0;1;34;1;17;1;23;0;0;2;12;2;11;1;1;0;0;1;13;2;17;0;0;0;0;2;14;2;21;0;0;0;0;0;0;1;49;1;14;0;0;0;0;1;6;1;3
03.11.2024;22:33;A 36;1;0;0;0;0;0;0;0;0;0;0;0;0;0;0;1;6;0;0;1;0;1;15;1;64;2;9;3;9;2;3;0;0;0;0;0;0;0;0;0;0;0;0;0;0;0;0;0;0;5;44;2;1;1;19;0;0;6;56;1;3;0;0
03.11.2024;22:32;A 36;1;0;0;1;20;1;18;0;0;1;4;0;5;0;0;0;0;2;1;1;1;0;0;0;100;4;26;1;7;0;0;2;13;1;21;1;1;0;0;1;5;1;3;2;5;0;0;0;0;2;60;0;0;0;0;0;0;2;40;0;0;0;0
03.11.2024;22:31;A 36;1;0;0;0;0;1;32;1;2;1;7;2;11;1;3;0;0;1;1;0;0;1;41;1;65;3;12;1;19;2;4;0;0;1;1;0;0;1;21;0;0;2;12;0;0;2;17;0;0;1;61;0;0;0;0;0;0;2;15;0;0;0;0
03.11.2024;22:30;A 36;1;0;0;1;34;1;23;0;0;1;8;1;9;0;0;0;0;0;0;0;0;0;0;0;0;0;0;0;0;0;0;0;0;0;0;0;0;1;6;0;0;0;0;0;0;1;6;0;0;2;2;0;0;0;0;0;0;3;10;1;1;0;0
03.11.2024;22:29;A 36;1;0;0;0;0;0;0;0;0;0;0;0;0;0;0;0;0;1;1;0;0;0;0;0;0;1;7;0;0;0;0;0;0;0;0;1;1;1;1;0;0;0;0;2;7;0;0;0;0;2;4;0;0;1;16;0;0;2;9;1;4;1;8
03.11.2024;22:28;A 36;1;0;0;1;1;1;1;1;33;1;4;1;5;1;4;0;0;0;0;0;0;0;0;0;0;0;0;0;0;0;0;0;0;0;0;0;0;1;49;0;0;0;0;2;3;1;5;0;0;0;0;0;0;0;0;0;0;0;0;0;0;0;0
03.11.2024;22:27;A 36;1;0;0;1;1;0;0;0;37;1;5;0;0;0;0;0;0;0;0;0;0;0;0;0;0;0;0;0;0;0;0;0;0;0;0;0;0;0;12;0;0;0;0;0;0;0;0;0;0;0;0;1;25;1;37;0;0;0;0;2;5;1;5
03.11.2024;22:26;A 36;1;0;0;0;0;0;0;2;28;0;0;0;0;2;11;0;0;0;0;0;0;0;0;0;0;0;0;0;0;0;0;0;0;0;0;0;0;1;11;0;0;0;0;0;0;2;5;0;0;2;19;0;0;1;39;1;2;2;20;0;0;1;3
03.11.2024;22:25;A 36;1;0;0;0;0;1;1;2;8;0;0;0;1;1;3;0;0;2;4;1;1;0;0;0;0;2;17;1;4;0;0;0;0;0;0;0;0;0;0;0;0;0;0;0;0;0;0;0;0;1;1;2;29;1;28;1;3;1;4;3;20;1;4
03.11.2024;22:24;A 36;1;0;0;5;40;1;36;0;20;5;52;2;12;0;0;0;0;1;48;1;1;1;69;0;0;0;0;2;4;1;1;0;0;1;13;3;63;0;0;0;0;1;10;2;15;0;0;0;0;1;45;2;32;3;52;0;0;2;14;2;12;2;50
03.11.2024;22:23;A 36;1;1;16;2;38;0;0;1;35;4;43;0;0;1;4;0;0;1;7;1;1;0;0;0;0;1;13;2;4;1;3;0;0;0;0;0;0;0;0;0;0;0;0;1;2;0;0;0;0;1;4;1;1;0;0;0;0;3;7;1;7;0;0
03.11.2024;22:22;A 36;1;0;0;0;0;0;0;1;1;0;0;0;0;1;3;0;0;0;0;0;0;0;0;0;0;0;0;0;0;0;0;0;0;0;0;0;0;1;7;0;0;0;0;0;0;0;10;0;0;1;2;0;0;0;30;0;0;1;10;0;0;0;0
03.11.2024;22:21;A 36;1;0;0;1;13;0;0;1;50;0;15;0;0;1;4;0;0;0;0;0;0;0;0;0;0;0;0;0;0;0;0;0;0;0;0;0;0;2;45;0;0;0;0;1;2;1;53;0;0;0;0;0;0;1;23;1;10;0;0;0;0;1;4
03.11.2024;22:20;A 36;1;0;0;1;37;0;33;0;0;1;14;0;0;0;0;0;0;1;2;0;1;0;0;0;0;0;2;0;0;0;0;0;0;1;10;1;10;0;0;0;0;1;9;1;5;0;0;0;0;1;1;1;1;1;75;0;0;1;5;1;74;3;75
03.11.2024;22:19;A 36;1;1;1;2;58;1;7;0;0;2;15;2;9;0;0;0;0;2;49;1;36;0;0;0;0;3;54;1;9;0;0;0;0;0;0;2;52;1;21;0;0;0;0;1;46;3;3;0;0;1;24;1;12;0;0;0;0;1;7;1;8;0;0
03.11.2024;22:18;A 36;1;0;0;2;5;0;9;5;65;2;13;0;0;3;32;0;0;1;7;0;0;0;0;0;0;2;18;0;0;0;0;0;0;0;0;0;0;2;30;0;0;0;0;1;5;3;5;0;0;1;1;0;0;0;0;0;0;1;4;0;0;0;0
03.11.2024;22:17;A 36;1;0;0;1;22;1;36;1;23;1;11;1;8;1;8;0;0;1;1;0;0;1;66;0;0;1;3;1;3;1;4;1;2;0;0;0;0;1;33;1;1;0;0;0;0;2;8;0;0;3;3;0;0;1;50;0;0;1;17;0;0;1;6
03.11.2024;22:16;A 36;1;0;0;2;39;1;40;0;0;2;31;2;15;0;0;0;0;1;17;1;21;1;33;0;0;1;9;2;8;1;3;2;1;2;23;1;29;0;0;2;7;0;0;2;12;0;0;0;0;0;0;0;0;1;52;1;4;0;0;0;0;1;3
03.11.2024;22:15;A 36;1;0;0;0;0;1;4;0;0;0;0;1;12;0;0;0;0;1;26;1;29;1;39;0;0;4;12;2;9;2;4;1;2;0;0;1;0;1;26;1;6;0;0;1;1;1;1;0;0;1;1;0;0;0;0;0;0;1;6;0;0;0;0
03.11.2024;22:14;A 36;1;0;0;0;0;0;16;0;0;0;0;0;0;0;0;1;22;1;1;0;0;1;48;1;8;1;4;1;1;1;4;0;0;0;0;0;17;2;31;0;0;0;0;0;0;4;7;0;0;0;0;0;0;0;0;0;0;0;0;0;0;0;0
03.11.2024;22:13;A 36;1;0;0;1;1;3;1;0;0;1;1;3;16;0;0;1;1;1;13;0;0;0;0;1;4;0;0;0;0;0;0;0;0;1;38;1;26;0;0;0;0;1;6;1;5;0;0;0;0;1;33;0;0;0;0;0;0;1;10;0;0;0;0
03.11.2024;22:12;A 36;1;0;0;1;24;0;0;0;0;1;8;0;0;0;0;0;2;0;3;0;0;0;22;0;0;3;14;0;0;0;0;0;0;0;0;0;0;0;0;0;0;0;0;0;0;0;0;0;0;2;11;0;0;0;0;0;0;2;10;0;0;0;0
03.11.2024;22:11;A 36;1;0;0;0;7;1;1;0;0;0;6;0;1;0;0;1;28;3;18;0;0;2;67;1;8;3;18;2;4;2;7;0;0;1;58;1;1;0;0;0;0;2;7;0;1;0;0;0;0;0;0;0;0;0;0;1;3;0;0;0;0;0;0
03.11.2024;22:10;A 36;1;0;0;1;19;1;1;0;0;1;27;1;21;0;0;0;0;1;18;0;0;0;0;0;0;1;4;0;0;0;0;0;0;0;0;0;0;0;0;0;0;0;0;1;5;0;0;0;0;1;19;0;17;0;0;0;0;1;5;0;0;0;0
03.11.2024;22:09;A 36;1;0;0;0;0;0;0;1;20;0;0;0;0;1;3;0;0;1;28;0;0;0;0;0;0;2;10;0;0;0;0;1;53;0;0;1;1;0;31;1;6;1;2;1;3;0;0;0;0;1;8;1;3;1;23;1;8;3;13;1;8;1;7
03.11.2024;22:08;A 36;1;1;1;0;2;0;0;0;0;0;0;0;0;0;0;0;0;3;55;0;0;0;0;0;0;0;66;0;0;0;0;0;0;0;0;0;0;3;72;0;0;0;0;1;4;2;38;0;0;3;57;0;0;1;47;0;0;2;64;0;0;1;3
03.11.2024;22:07;A 36;1;1;1;1;48;0;0;1;27;2;28;0;0;0;2;0;0;2;24;0;0;3;31;0;0;3;22;4;6;2;31;1;3;0;0;0;0;1;78;0;6;0;0;1;2;3;22;0;0;1;34;1;1;0;0;0;0;2;28;1;6;0;0
03.11.2024;22:06;A 36;1;0;0;1;30;0;0;0;0;1;41;0;0;1;1;0;0;3;4;1;1;0;24;0;0;3;14;0;2;0;0;0;0;1;39;0;0;0;0;1;3;1;5;0;0;0;0;0;0;3;52;0;0;0;0;1;2;1;15;0;0;0;0
03.11.2024;22:05;A 36;1;0;0;1;1;0;0;0;0;2;6;0;0;0;0;0;0;1;49;0;0;1;73;0;0;1;62;2;8;1;23;0;0;2;26;0;0;2;71;0;0;2;26;0;0;5;70;0;0;0;0;0;0;0;0;0;0;1;5;0;0;0;0
03.11.2024;22:04;A 36;1;0;0;0;0;0;0;0;0;0;0;0;0;0;0;0;0;1;22;0;0;1;1;0;0;1;9;0;0;1;8;1;22;1;19;0;18;0;0;1;4;2;15;0;0;1;2;0;0;1;7;0;0;0;0;0;0;2;9;0;0;0;0
03.11.2024;22:03;A 36;1;0;0;1;28;0;0;0;0;2;6;0;0;0;0;0;0;0;0;0;0;0;0;0;0;0;0;0;0;0;0;1;4;1;17;1;10;0;0;1;4;2;5;1;8;0;0;0;0;2;2;0;0;0;0;0;0;2;5;0;0;0;0
03.11.2024;22:02;A 36;1;0;0;1;34;0;0;0;0;1;11;0;0;0;0;0;0;2;4;0;0;0;0;0;0;1;20;0;0;0;0;0;0;0;0;0;0;1;18;0;0;0;0;0;0;2;9;0;0;1;28;1;1;0;0;0;0;1;5;1;3;0;0
03.11.2024;22:01;A 36;1;1;1;0;0;0;0;0;0;0;0;0;0;0;0;0;0;2;79;2;73;0;0;0;0;1;92;4;68;0;0;0;0;1;1;0;0;3;67;0;0;2;6;1;1;1;60;0;0;2;3;0;0;1;7;0;0;2;10;0;0;0;9
03.11.2024;22:00;A 36;1;0;0;1;42;0;0;0;0;1;9;0;0;0;0;1;1;0;16;1;19;0;0;1;6;0;0;0;0;0;0;0;0;2;1;2;1;4;27;0;0;2;3;3;8;3;41;0;0;1;17;0;0;1;59;0;0;0;0;0;0;1;64
03.11.2024;21:59;A 36;1;0;0;0;0;0;63;0;0;0;0;0;0;0;0;0;0;1;16;1;71;1;12;0;0;2;12;3;16;2;4;0;0;2;43;0;0;0;0;0;0;2;6;0;0;0;0;0;0;2;6;0;2;2;30;1;3;2;16;0;0;1;22
03.11.2024;21:58;A 36;1;0;0;2;25;1;13;0;0;4;34;1;3;0;0;0;0;1;1;3;5;0;0;0;0;0;5;0;10;0;0;0;0;1;42;2;13;2;10;0;0;1;5;4;16;4;11;0;0;1;29;1;5;2;47;0;0;3;16;1;13;2;8
03.11.2024;21:57;A 36;1;0;0;0;0;0;0;0;0;0;0;0;0;0;0;0;0;0;0;0;0;0;0;0;0;1;2;1;10;0;0;0;0;1;3;0;0;1;28;0;0;0;0;0;0;1;8;0;0;0;0;0;0;0;0;0;0;0;0;0;0;2;6
03.11.2024;21:56;A 36;1;2;0;0;18;0;0;0;19;1;16;0;0;0;0;0;0;0;0;0;0;0;67;0;0;0;0;0;0;0;0;0;0;1;19;1;51;2;2;0;0;3;19;3;8;2;6;0;0;2;19;0;0;0;0;0;0;2;16;0;0;0;0
03.11.2024;21:55;A 36;1;0;0;1;4;0;0;1;24;1;12;0;0;1;6;1;16;0;0;0;0;5;30;1;12;0;0;3;8;6;32;0;0;1;35;1;5;0;0;0;0;2;10;1;20;0;0;0;0;1;6;0;0;1;12;1;3;2;11;0;0;0;0
03.11.2024;21:54;A 36;1;0;0;0;0;0;0;0;0;0;0;0;0;0;0;0;0;1;1;3;46;1;60;0;0;3;14;7;46;1;42;0;0;2;52;0;0;2;51;0;0;1;4;0;0;1;64;0;0;1;1;2;2;3;63;0;0;1;3;2;7;2;6
03.11.2024;21:53;A 36;1;0;0;1;36;0;0;0;0;1;5;0;0;0;0;0;0;0;0;0;0;0;0;0;0;0;0;1;3;0;0;0;0;0;0;0;0;0;19;0;0;1;5;0;0;0;0;0;0;1;1;1;1;0;0;0;0;1;4;1;5;0;0
03.11.2024;21:52;A 36;1;0;0;2;66;0;10;0;0;3;14;0;0;0;0;1;1;1;0;1;1;1;64;1;5;0;0;2;9;1;20;0;11;0;0;0;11;1;44;0;0;0;0;0;0;1;8;0;0;1;27;1;14;0;69;0;0;2;4;2;10;0;68
03.11.2024;21:51;A 36;1;0;0;2;13;2;28;0;0;4;15;2;21;0;0;0;0;2;56;0;0;3;33;0;0;2;73;1;0;3;24;4;54;0;0;1;5;0;0;2;58;0;0;1;6;0;0;0;0;0;0;1;32;1;32;1;3;1;3;4;12;1;13
03.11.2024;21:50;A 36;1;0;0;2;3;1;1;0;0;2;16;1;3;0;0;0;0;1;81;1;49;1;35;0;0;1;7;2;15;1;10;2;3;0;0;0;0;2;48;3;10;0;0;1;2;3;42;0;0;0;0;1;1;1;43;1;4;0;0;0;1;1;3
03.11.2024;21:49;A 36;1;0;0;1;12;0;0;1;22;1;7;0;0;1;2;0;0;2;24;1;15;0;0;0;0;2;18;1;7;0;0;0;0;0;0;0;0;0;5;0;0;0;0;0;0;0;0;0;0;3;32;1;30;1;25;0;0;2;37;1;3;1;4
03.11.2024;21:48;A 36;1;1;1;3;31;0;0;0;0;1;45;0;0;0;0;0;0;0;12;1;13;1;15;0;0;0;11;1;0;2;4;0;0;1;3;0;0;1;26;0;0;1;11;1;2;2;4;0;0;3;33;1;8;0;0;0;0;3;36;1;6;0;0
03.11.2024;21:47;A 36;1;0;0;1;18;1;3;0;0;1;9;1;11;0;0;0;0;2;26;0;0;1;44;0;0;3;25;2;5;1;3;0;0;0;0;0;0;0;0;0;0;0;0;0;0;0;0;0;0;0;0;0;0;0;0;0;0;1;4;1;8;0;0
03.11.2024;21:46;A 36;1;0;0;0;0;0;18;0;0;0;0;0;0;0;0;0;0;2;19;1;5;0;0;0;0;1;32;1;10;0;0;0;0;0;0;1;1;1;33;0;0;0;0;1;4;1;3;0;0;2;2;0;0;0;95;0;0;1;7;0;0;0;0
03.11.2024;21:45;A 36;1;0;0;0;32;1;5;0;0;0;0;2;7;0;0;0;0;3;2;1;39;0;0;0;0;3;11;2;11;0;0;1;1;0;34;0;0;1;45;1;3;0;0;0;0;1;9;0;0;4;30;2;33;1;2;0;0;3;53;3;36;1;3
03.11.2024;21:44;A 36;1;0;0;1;7;0;0;0;0;2;8;0;0;0;0;0;0;2;23;0;0;0;0;0;0;3;13;0;0;0;0;0;0;2;23;0;0;0;0;0;0;2;11;1;1;1;5;0;0;0;0;0;0;0;0;0;0;0;0;0;0;0;0
03.11.2024;21:43;A 36;1;0;0;1;11;1;9;0;0;0;11;1;3;0;0;1;49;1;0;1;1;0;0;1;7;1;4;1;4;0;0;0;0;0;0;0;0;0;43;0;0;0;0;0;0;0;0;0;0;1;1;1;1;0;0;1;3;1;4;1;3;0;0
03.11.2024;21:42;A 36;1;0;0;2;77;1;20;0;0;4;53;1;8;0;0;0;0;0;0;0;0;0;0;0;0;0;0;0;0;0;0;1;19;0;0;1;5;1;45;1;5;0;0;3;13;2;3;0;0;0;0;0;0;3;37;0;0;0;0;0;0;2;19
03.11.2024;21:41;A 36;1;0;0;1;46;1;48;0;65;2;12;1;6;0;0;1;26;0;0;0;0;1;15;1;6;0;0;1;1;1;4;0;0;1;21;1;3;0;0;0;0;1;12;2;11;0;0;0;0;0;0;1;9;0;13;0;0;0;0;1;8;0;0
03.11.2024;21:40;A 36;1;4;6;2;25;2;22;1;84;1;27;2;12;1;3;1;14;2;53;1;1;0;0;1;7;1;63;0;3;0;0;0;49;0;0;0;0;0;0;0;0;0;0;0;0;0;0;0;0;4;26;1;1;1;45;1;4;2;35;2;12;0;0
03.11.2024;21:39;A 36;1;0;0;1;53;0;0;2;48;0;53;1;3;2;9;1;2;2;24;0;0;0;0;1;5;1;32;1;2;0;0;1;23;0;0;0;0;0;0;1;7;0;0;0;0;0;0;0;0;2;44;2;22;1;11;0;0;2;36;4;26;1;4
03.11.2024;21:38;A 36;1;0;0;2;49;1;43;0;0;2;30;2;10;0;0;0;0;1;47;0;0;1;32;0;0;1;57;0;0;0;1;1;2;0;0;0;0;2;44;1;4;0;0;0;0;1;51;0;0;2;10;0;0;0;0;0;0;0;11;0;0;0;0
03.11.2024;21:37;A 36;1;0;0;0;0;0;0;1;14;0;0;0;0;0;12;0;0;1;3;0;0;1;21;0;0;1;24;2;7;2;8;0;0;1;0;0;0;3;21;0;0;0;0;0;0;1;25;0;0;1;27;1;1;0;0;2;12;1;37;1;3;0;0
03.11.2024;21:36;A 36;1;0;0;1;3;1;1;1;25;3;11;2;6;2;21;0;0;2;15;1;15;0;0;0;0;1;3;1;4;0;0;0;0;2;2;0;0;1;14;0;0;2;9;0;0;4;18;0;0;4;16;1;0;0;0;0;0;3;18;0;0;0;0
03.11.2024;21:35;A 36;1;0;0;0;0;1;21;0;0;0;0;1;11;0;0;0;0;2;41;3;64;1;31;0;0;3;45;3;47;1;6;1;47;0;0;0;0;0;15;1;4;4;5;0;0;0;0;0;0;2;31;1;20;0;0;0;0;4;24;1;7;0;0
03.11.2024;21:34;A 36;1;0;0;0;0;0;0;0;0;0;0;0;0;0;0;0;0;1;27;1;6;1;49;0;0;2;40;1;6;2;4;0;0;1;7;0;0;2;70;0;0;1;5;1;1;3;8;0;0;3;2;0;0;1;45;0;0;3;17;0;0;1;6
03.11.2024;21:33;A 36;1;0;0;1;45;0;0;0;0;1;14;0;0;0;0;0;0;0;0;1;15;0;0;0;0;0;0;1;9;0;0;0;0;0;0;0;0;2;65;0;0;0;0;1;8;4;11;0;0;2;2;0;0;0;0;0;0;3;12;0;0;0;0
03.11.2024;21:32;A 36;1;0;0;1;24;0;0;0;0;2;7;0;0;0;0;1;3;0;0;0;0;0;0;1;8;0;0;0;0;0;0;0;0;2;72;0;35;0;0;0;0;1;8;0;0;0;0;0;0;1;4;1;1;0;0;0;0;1;11;1;4;0;0
03.11.2024;21:31;A 36;1;0;0;1;3;2;47;0;0;7;12;1;50;0;0;0;0;0;0;1;68;0;0;0;0;0;0;1;6;0;0;2;4;1;43;2;17;1;72;2;7;2;10;2;9;1;7;0;0;1;32;4;32;0;16;0;0;1;8;3;18;0;0
03.11.2024;21:30;A 36;1;0;0;2;33;3;26;1;49;2;57;2;12;1;5;0;0;2;31;2;34;3;27;0;0;1;15;5;15;1;13;0;0;3;33;0;0;2;85;0;0;2;28;0;0;1;4;0;0;1;1;3;21;2;61;0;0;1;10;1;22;1;3
03.11.2024;21:29;A 36;1;2;3;0;0;0;0;0;0;0;0;0;0;0;0;0;0;0;0;0;0;0;0;0;0;1;6;2;2;1;1;1;1;0;0;0;0;1;8;1;3;2;2;0;0;2;4;0;0;2;1;2;24;0;17;0;2;2;9;4;19;1;2
03.11.2024;21:28;A 36;1;0;0;2;55;0;0;0;0;3;15;0;0;0;0;0;0;0;0;1;1;0;0;0;0;1;3;1;5;0;0;0;0;0;0;1;50;1;1;0;0;0;0;1;9;1;2;0;0;2;34;1;0;2;29;1;0;2;8;1;0;1;3
03.11.2024;21:27;A 36;1;0;0;0;0;0;0;0;0;0;0;0;0;0;0;0;0;1;2;1;1;0;0;1;10;4;19;3;6;0;0;0;0;2;45;0;0;2;24;0;0;1;9;0;0;2;19;0;0;0;0;1;45;0;0;0;0;0;0;0;0;0;0
03.11.2024;21:26;A 36;1;0;0;2;38;1;22;0;0;2;32;2;9;0;0;0;0;2;33;1;1;0;0;0;0;3;11;1;5;0;0;1;18;0;16;0;0;1;65;1;4;0;0;1;2;1;5;0;0;0;0;0;0;0;0;0;0;0;0;2;6;0;0
03.11.2024;21:25;A 36;1;0;0;2;62;0;24;0;44;5;52;0;0;0;0;0;0;2;12;1;13;2;43;0;0;1;24;2;10;1;5;1;55;1;42;1;5;3;36;2;7;1;9;1;1;7;20;0;0;2;46;0;0;0;0;1;4;4;39;0;0;0;0
03.11.2024;21:24;A 36;1;2;1;1;70;1;78;1;30;1;7;2;5;1;5;0;0;2;64;1;29;1;3;0;0;1;51;2;12;1;5;0;0;2;14;1;14;1;5;0;0;1;27;3;11;3;12;0;0;3;54;3;47;1;29;0;0;1;52;1;56;2;7
03.11.2024;21:23;A 36;1;0;0;2;37;0;0;0;0;1;7;0;0;0;0;0;0;1;4;0;0;1;56;0;0;1;9;1;2;1;5;1;11;0;0;0;0;0;0;1;5;0;0;0;0;0;0;0;0;0;0;0;0;2;69;0;0;1;3;0;0;2;45
03.11.2024;21:22;A 36;1;0;0;1;28;0;0;0;0;4;21;0;0;0;0;0;0;1;2;1;50;0;0;0;0;1;8;2;8;0;0;1;1;1;15;0;0;1;61;1;1;2;7;0;0;0;1;0;0;1;8;3;3;0;20;0;0;1;5;3;13;0;0
03.11.2024;21:21;A 36;1;0;0;1;3;1;43;0;0;2;9;1;4;0;0;2;6;2;18;0;0;0;0;2;16;2;13;0;0;0;0;0;59;0;0;0;0;1;37;0;0;0;0;2;3;4;8;0;0;1;19;0;0;2;68;3;8;2;20;0;32;2;34
03.11.2024;21:20;A 36;1;1;0;1;57;1;1;0;0;2;8;1;7;0;0;0;0;2;1;0;0;1;18;0;0;2;7;1;2;2;4;2;43;0;0;0;0;0;0;2;10;1;3;0;0;0;0;0;0;2;50;0;0;1;53;1;9;3;29;1;5;2;38
03.11.2024;21:19;A 36;1;0;0;1;3;1;48;0;0;0;0;1;62;0;0;0;0;2;36;0;0;2;26;0;0;1;48;2;8;2;6;0;6;0;0;0;0;0;25;0;0;0;0;0;0;0;0;0;0;1;33;1;22;1;7;1;2;1;9;2;11;1;4
03.11.2024;21:18;A 36;1;0;0;2;25;1;26;0;0;3;51;2;6;0;0;0;0;0;0;0;0;0;10;0;0;0;0;0;0;0;0;1;27;1;1;1;1;1;29;1;6;0;0;1;8;2;3;0;0;1;28;1;36;1;9;0;0;2;4;1;8;1;3
03.11.2024;21:17;A 36;1;0;0;1;31;0;0;1;2;1;9;0;0;1;3;0;0;3;79;0;0;1;32;0;0;3;38;1;4;2;5;0;0;1;1;0;0;1;9;0;0;2;6;0;0;2;7;0;0;1;8;0;0;1;14;0;0;2;16;0;12;0;14
03.11.2024;21:16;A 36;1;0;0;2;50;2;6;0;0;2;11;3;58;0;0;0;0;1;3;0;4;1;3;0;0;0;0;0;0;0;0;0;0;1;52;0;0;0;0;0;0;0;6;0;0;0;0;0;0;3;16;2;8;1;89;0;0;3;14;2;86;1;78
03.11.2024;21:15;A 36;1;0;0;1;29;0;0;0;0;2;10;0;0;0;0;0;0;0;12;1;4;0;0;0;0;2;14;2;14;1;3;0;0;5;67;3;26;1;21;0;0;5;42;4;18;2;5;0;0;0;0;3;4;0;34;0;0;1;5;1;17;0;0
03.11.2024;21:14;A 36;1;0;0;3;27;0;0;1;20;2;38;0;0;2;6;0;0;1;4;0;0;0;0;0;0;2;10;0;0;0;0;1;1;3;52;1;34;1;51;1;4;5;30;2;9;2;13;0;0;1;1;3;4;1;81;1;4;1;7;2;6;1;2
03.11.2024;21:13;A 36;1;0;0;2;18;0;0;0;0;3;19;0;0;0;0;0;0;1;41;1;8;1;15;0;0;1;6;1;6;0;3;1;32;2;31;0;0;2;21;1;6;4;19;0;0;4;7;0;0;2;34;1;60;1;4;0;0;2;12;3;39;1;3
03.11.2024;21:12;A 36;1;3;3;1;9;1;1;0;0;0;11;0;3;0;0;0;39;1;40;0;0;0;0;0;0;1;4;1;2;1;2;1;7;3;5;1;2;0;0;0;6;0;14;0;2;0;0;0;0;4;4;2;26;0;0;1;3;4;12;3;11;0;0
03.11.2024;21:11;A 36;1;0;0;3;44;0;0;0;0;3;39;1;5;0;0;1;8;2;38;0;0;0;0;1;7;2;20;0;0;0;0;1;30;1;1;1;0;1;28;2;34;2;12;1;9;2;21;0;0;0;58;0;0;2;32;0;0;0;0;0;0;3;10
03.11.2024;21:10;A 36;1;0;0;3;12;0;0;0;44;2;24;0;0;0;0;0;0;2;3;0;0;0;0;0;0;2;13;0;0;0;0;0;0;1;22;0;0;1;5;0;0;0;9;1;1;2;3;0;0;2;48;0;0;0;0;0;0;3;12;0;0;0;0
03.11.2024;21:09;A 36;1;0;0;1;5;1;41;1;41;1;11;0;1;1;4;0;0;3;39;1;2;0;0;0;0;2;59;1;26;0;0;1;1;0;0;0;0;2;36;1;3;1;3;0;0;1;48;0;0;9;12;0;0;0;0;2;8;3;7;0;0;0;0
03.11.2024;21:08;A 36;1;0;0;2;40;0;0;0;0;3;17;1;9;0;0;0;0;1;2;0;0;0;0;0;0;1;8;0;0;0;0;0;0;1;4;1;1;2;26;0;0;2;15;3;8;1;29;0;0;3;24;2;2;0;0;0;0;6;23;3;11;0;0
03.11.2024;21:07;A 36;1;0;0;0;0;0;0;0;9;0;0;0;0;0;0;0;0;0;0;0;39;0;0;0;0;1;2;0;0;0;0;0;0;1;8;1;1;2;36;0;0;2;9;2;4;1;5;0;0;1;36;2;35;0;0;0;0;0;15;2;34;0;0
03.11.2024;21:06;A 36;1;0;0;3;6;1;1;1;77;2;77;1;3;1;5;0;0;1;23;2;30;1;33;0;0;1;8;2;17;1;4;0;0;1;17;0;0;2;23;0;0;1;5;0;1;9;18;0;0;1;33;0;0;0;67;1;11;2;25;1;6;0;0
03.11.2024;21:05;A 36;1;0;0;0;23;1;1;1;0;0;0;1;4;0;0;0;0;1;38;1;10;0;0;0;0;1;8;1;6;0;0;0;0;0;0;0;0;1;53;0;0;0;0;2;4;1;6;0;0;1;1;0;0;1;12;1;3;1;7;0;0;1;3
03.11.2024;21:04;A 36;1;0;0;1;1;0;0;0;0;3;10;0;0;0;0;0;0;2;6;1;11;1;41;0;0;2;15;1;13;1;4;0;0;0;18;0;0;0;0;0;0;0;0;0;0;0;0;0;0;4;36;0;0;0;0;1;3;3;58;0;0;0;0
03.11.2024;21:03;A 36;1;0;0;1;1;1;7;0;0;1;3;1;10;0;0;0;0;3;23;1;1;1;14;0;0;2;27;2;8;1;4;1;3;2;71;0;0;0;0;1;5;2;16;0;0;0;0;0;0;2;3;1;1;0;0;1;3;2;6;1;4;0;0
03.11.2024;21:02;A 36;1;0;0;1;34;0;0;1;13;1;7;0;0;2;8;0;0;2;2;1;1;0;0;0;0;3;9;1;3;0;0;0;0;0;0;1;8;0;0;0;0;1;5;1;9;0;0;0;0;2;52;1;2;0;0;0;0;2;31;1;11;0;0
03.11.2024;21:01;A 36;1;0;0;2;79;0;0;0;0;3;80;0;0;0;0;2;2;3;36;0;34;1;57;3;9;3;11;0;0;1;9;1;1;0;0;0;0;0;11;1;4;0;0;0;0;0;0;0;0;1;16;0;0;0;0;0;0;1;22;0;0;0;0
03.11.2024;21:00;A 36;1;0;0;0;0;3;17;0;0;1;3;1;33;0;0;0;0;2;17;1;2;1;59;0;0;2;21;1;9;2;11;0;0;0;11;0;0;1;56;0;0;0;0;0;0;1;5;0;0;1;19;0;35;0;0;0;0;0;13;0;0;0;0
03.11.2024;20:59;A 36;1;0;0;1;44;1;1;0;0;1;12;2;18;0;0;1;1;0;0;1;36;1;55;1;5;1;1;2;30;1;6;0;0;1;34;0;0;0;11;0;0;1;5;0;0;0;0;0;0;0;0;1;20;0;0;0;0;1;3;1;5;0;0
03.11.2024;20:58;A 36;1;0;0;2;48;1;18;0;0;1;39;1;14;0;0;0;0;1;18;1;16;1;11;0;0;2;9;1;6;2;2;0;0;1;32;0;0;1;12;0;0;2;9;0;0;1;5;0;0;1;30;2;33;2;8;1;3;2;8;2;22;1;5
03.11.2024;20:57;A 36;1;0;0;2;59;2;12;0;0;3;34;2;16;0;0;0;0;4;24;1;11;0;0;0;0;1;37;1;7;0;0;0;0;3;58;0;29;1;24;0;0;3;25;0;0;2;4;0;0;0;0;0;0;1;91;0;0;0;0;0;0;2;11
03.11.2024;20:56;A 36;1;1;1;3;5;3;7;1;1;3;51;2;32;0;0;0;0;3;6;1;47;0;0;0;0;4;72;2;11;0;0;0;29;2;57;1;38;0;27;0;0;1;16;1;11;0;0;0;0;0;0;0;0;0;0;1;4;0;0;0;0;0;0
03.11.2024;20:55;A 36;1;0;0;0;3;2;2;0;0;0;0;2;5;0;0;0;0;1;1;1;32;0;0;0;0;1;6;1;7;0;0;1;9;0;0;0;4;2;31;1;5;1;4;0;0;3;15;0;0;0;0;2;7;2;78;0;0;0;0;3;11;3;10
03.11.2024;20:54;A 36;1;0;0;4;3;0;0;0;0;6;17;2;9;0;0;1;1;1;1;1;4;1;13;1;4;1;7;2;13;1;3;0;4;0;3;2;43;1;31;0;0;0;0;3;12;0;34;0;0;0;0;1;23;1;4;0;0;0;0;1;5;1;3
03.11.2024;20:53;A 36;1;0;0;2;12;2;3;0;7;3;21;1;10;0;0;1;32;0;0;0;0;0;0;1;10;0;0;0;0;0;0;1;10;1;18;0;0;2;28;1;7;1;7;0;0;2;37;0;0;1;1;0;0;0;0;2;6;2;7;0;0;0;0
03.11.2024;20:52;A 36;1;0;0;2;29;2;1;1;3;2;16;2;13;1;6;0;0;4;37;1;1;0;0;0;0;3;44;1;4;0;0;0;0;0;0;0;0;1;87;0;0;0;0;1;1;3;11;0;0;3;14;0;0;0;0;1;4;4;17;0;0;0;0
03.11.2024;20:51;A 36;1;0;0;1;85;0;0;0;0;2;4;0;0;0;0;0;0;4;55;0;0;1;24;0;0;2;61;1;1;1;4;0;0;1;2;0;0;3;34;0;0;0;0;0;0;2;19;0;0;2;47;1;43;0;0;0;0;1;43;2;33;0;0
03.11.2024;20:50;A 36;1;0;0;3;91;0;0;0;0;1;49;0;0;0;0;0;0;1;47;2;32;0;0;0;0;1;7;0;35;0;0;1;66;0;0;1;61;2;4;1;9;0;0;3;12;2;36;0;0;2;29;7;40;2;62;0;0;2;14;4;51;1;59
03.11.2024;20:49;A 36;1;0;0;1;34;1;31;0;0;2;13;1;8;0;0;2;36;1;5;1;13;0;0;0;35;1;8;2;21;0;0;0;4;2;53;0;3;1;52;0;0;2;10;1;3;4;41;0;0;2;51;2;16;2;57;1;6;3;10;2;8;1;4
03.11.2024;20:48;A 36;1;0;0;1;42;0;19;0;0;1;7;0;0;0;0;2;21;4;9;2;34;0;0;2;25;1;44;3;25;0;0;2;48;3;27;2;30;1;40;2;10;3;7;3;11;1;7;0;0;1;19;2;38;0;0;0;0;2;22;5;15;2;5
03.11.2024;20:47;A 36;1;1;1;1;54;2;7;0;49;2;5;3;15;0;0;1;31;1;1;1;1;1;2;1;9;1;8;1;3;0;3;2;49;1;32;0;0;2;68;2;5;1;20;0;0;4;7;0;0;2;31;0;0;0;0;2;4;2;15;0;0;0;0
03.11.2024;20:46;A 36;1;1;0;1;51;1;37;1;19;2;12;1;6;1;5;0;0;1;28;0;0;1;59;0;0;2;9;0;0;2;39;2;44;1;42;2;27;2;47;2;19;1;5;1;33;3;6;0;0;0;0;1;1;0;11;0;0;0;0;1;6;0;0
03.11.2024;20:45;A 36;1;0;0;3;31;2;19;0;0;3;24;2;12;0;0;0;0;4;14;2;17;0;0;0;0;1;27;2;25;0;0;1;85;3;19;0;0;1;27;1;6;4;21;0;0;1;4;0;0;2;24;0;0;1;28;0;0;3;12;0;0;1;5
03.11.2024;20:44;A 36;1;0;0;1;6;0;0;1;0;2;8;0;0;1;2;1;18;2;50;1;36;0;0;1;11;2;16;0;36;0;0;1;5;2;2;1;40;2;7;1;5;2;8;1;7;0;11;0;0;3;63;3;44;0;0;0;3;5;47;1;9;0;0
03.11.2024;20:43;A 36;1;1;2;2;13;4;17;0;0;3;32;3;28;0;0;0;0;1;40;1;36;1;62;0;0;2;12;3;47;1;55;0;0;2;4;1;32;0;100;0;0;1;9;3;10;1;42;0;0;2;46;0;41;2;35;4;9;2;53;1;2;3;12
03.11.2024;20:42;A 36;1;0;0;1;38;1;27;0;0;1;46;1;40;0;0;0;0;2;24;1;1;1;24;0;0;2;17;2;4;1;2;1;16;2;4;1;1;1;44;1;12;1;13;2;3;1;7;0;0;3;32;4;16;0;0;0;0;4;42;3;17;0;0
03.11.2024;20:41;A 36;1;1;5;1;12;0;0;0;0;0;17;0;0;0;0;0;0;2;72;0;0;1;21;0;0;2;21;1;2;1;5;0;0;1;65;0;0;0;0;0;0;1;11;0;0;0;0;0;0;5;24;1;1;1;3;2;4;2;27;1;5;1;6
03.11.2024;20:40;A 36;1;0;0;1;16;0;0;0;0;2;10;0;0;0;0;0;0;3;71;0;25;0;0;0;0;2;23;0;0;0;0;0;0;1;34;0;0;1;12;0;0;1;5;0;0;2;6;0;0;1;27;0;24;2;53;0;0;0;25;0;0;1;2
03.11.2024;20:39;A 36;1;0;0;1;30;0;0;0;0;1;9;0;0;0;0;0;0;3;17;2;15;1;25;0;0;1;27;2;17;1;4;0;0;3;42;1;37;2;54;0;0;3;50;3;20;1;39;0;0;2;59;1;53;0;0;0;0;4;14;1;8;1;3
03.11.2024;20:38;A 36;1;1;2;3;17;1;1;1;0;2;16;1;7;0;0;0;0;1;18;0;0;0;0;0;0;1;34;1;1;0;0;0;0;0;0;0;0;3;6;0;0;0;0;0;0;0;12;0;0;0;26;1;25;0;0;0;0;0;0;1;1;0;0
03.11.2024;20:37;A 36;1;0;0;3;3;0;0;1;19;2;9;0;0;1;5;0;0;1;1;1;1;1;15;0;0;4;10;1;5;1;3;1;1;3;73;4;64;1;79;1;3;2;77;2;77;3;40;0;0;1;66;0;0;1;15;0;0;3;33;1;10;1;3
03.11.2024;20:36;A 36;1;0;0;1;36;2;32;0;0;2;49;2;19;0;0;0;0;3;40;2;39;2;15;0;0;2;43;3;12;2;8;0;0;2;3;1;5;0;0;0;0;3;11;2;5;0;0;0;0;0;0;0;0;0;0;3;13;1;2;0;0;0;0
03.11.2024;20:35;A 36;1;0;0;2;56;2;4;0;0;2;59;2;16;0;0;1;1;5;33;1;6;1;20;1;7;5;34;2;13;2;2;0;0;0;0;1;33;0;0;0;0;1;6;1;4;0;0;0;0;2;23;1;24;0;0;0;0;0;29;2;24;0;0
03.11.2024;20:34;A 36;1;0;0;2;62;1;5;0;0;4;67;1;10;0;0;0;0;2;51;0;0;0;49;1;4;1;10;0;0;0;0;0;0;2;2;0;0;1;3;0;0;3;10;1;1;2;2;0;0;1;67;1;85;0;0;1;3;4;40;3;15;0;0
03.11.2024;20:33;A 36;1;0;0;4;3;0;0;0;0;2;9;0;0;0;0;1;1;2;2;0;0;2;10;1;5;2;13;2;7;2;11;1;17;2;85;0;0;1;8;1;4;3;51;0;0;1;6;0;0;1;35;1;38;0;0;0;0;1;5;1;7;0;0
03.11.2024;20:32;A 36;1;0;0;2;66;1;3;1;81;3;8;1;8;2;3;0;0;2;25;0;22;0;47;0;0;2;16;0;0;0;0;0;0;1;11;1;30;0;0;0;0;2;4;2;6;0;0;0;0;3;42;1;43;0;0;0;0;2;29;1;10;0;0
03.11.2024;20:31;A 36;1;0;0;2;19;3;14;0;0;2;16;2;29;0;0;0;29;2;73;4;53;1;55;0;0;2;44;3;42;1;4;0;0;1;21;2;70;1;53;0;0;0;0;2;23;2;5;0;0;1;66;2;38;0;53;0;0;1;6;1;35;0;0
03.11.2024;20:30;A 36;1;0;0;2;53;1;53;1;43;3;41;3;20;1;6;1;19;1;43;1;44;1;14;1;11;2;51;3;41;1;4;0;0;2;24;2;1;1;25;0;0;3;20;4;12;1;4;0;0;1;47;1;39;1;36;0;0;1;4;3;46;1;4
03.11.2024;20:29;A 36;1;0;0;2;34;1;9;2;52;3;47;4;20;2;5;0;0;1;14;1;5;0;5;1;20;1;29;1;8;0;0;1;40;0;0;0;0;0;0;2;5;0;0;0;0;0;0;0;0;2;62;1;38;0;0;0;0;2;55;3;6;0;0
03.11.2024;20:28;A 36;1;0;0;2;81;1;1;0;0;1;7;3;8;0;0;0;0;1;12;1;1;2;38;0;0;1;10;1;3;2;5;3;36;0;31;0;33;0;49;1;9;0;0;0;0;0;0;0;0;3;37;3;34;0;0;1;3;4;23;3;34;0;0
03.11.2024;20:27;A 36;1;0;0;3;51;1;3;0;0;2;64;1;12;0;0;0;0;3;11;0;6;1;31;0;0;2;17;1;1;1;3;0;0;1;11;1;6;1;16;1;6;1;6;2;7;1;5;0;0;4;8;3;2;0;0;0;0;5;12;2;8;0;0
03.11.2024;20:26;A 36;1;2;2;2;51;2;40;1;1;3;72;2;25;0;0;0;0;2;54;1;28;0;0;0;0;1;64;1;7;0;0;0;53;0;0;1;3;1;20;0;0;0;0;2;14;2;5;0;0;2;16;4;6;0;0;0;0;2;17;3;14;0;0
03.11.2024;20:25;A 36;1;0;0;1;2;0;1;1;56;1;1;0;0;1;6;1;3;2;20;0;0;0;0;0;0;3;32;0;0;0;0;1;6;0;0;0;0;2;40;1;5;1;2;0;0;1;48;0;0;2;23;0;0;0;0;0;0;4;21;5;12;0;0
03.11.2024;20:24;A 36;1;0;0;3;6;2;53;1;6;2;76;2;23;0;4;0;0;2;47;1;8;0;0;1;7;4;30;2;9;0;0;0;0;0;0;0;0;0;0;0;0;0;0;0;0;0;0;0;0;4;49;1;44;0;73;1;7;2;62;2;5;0;0
03.11.2024;20:23;A 36;1;0;0;0;0;1;33;1;49;0;0;3;9;2;5;1;1;1;26;0;0;1;31;1;6;1;9;2;3;2;25;0;0;2;84;0;78;0;52;0;0;1;49;0;0;0;0;0;0;1;38;1;20;1;22;0;0;3;34;1;3;1;4
03.11.2024;20:22;A 36;1;0;0;1;3;2;4;2;41;4;28;1;18;2;9;2;35;2;1;3;50;1;68;3;51;3;11;2;63;1;3;0;0;2;43;1;29;1;34;0;0;3;17;1;8;1;7;0;0;5;39;2;4;1;0;0;0;1;61;2;15;0;0
03.11.2024;20:21;A 36;1;0;0;0;0;0;28;1;47;0;0;0;0;0;45;0;0;2;21;1;2;4;12;0;0;1;31;3;13;2;17;0;0;0;29;1;10;1;29;0;0;0;0;2;6;1;6;0;0;2;65;2;65;1;13;2;13;2;11;1;21;2;8
03.11.2024;20:20;A 36;1;0;0;1;2;1;34;1;32;0;2;1;7;1;20;0;0;1;1;0;0;1;80;0;0;1;4;4;7;2;29;0;0;1;12;0;0;0;21;0;0;1;16;0;0;0;0;0;0;4;49;0;0;1;69;2;5;0;56;1;73;1;72
03.11.2024;20:19;A 36;1;0;0;2;62;2;4;1;64;2;63;2;16;1;4;0;0;2;3;0;0;1;63;0;0;3;14;1;1;2;4;0;0;1;1;0;0;3;12;0;0;1;2;0;0;2;15;0;0;3;61;2;40;2;24;0;0;2;61;1;23;2;16
03.11.2024;20:18;A 36;1;0;0;3;56;1;1;0;0;2;68;1;8;0;0;0;0;1;4;1;14;2;59;0;0;2;15;2;15;2;6;1;3;0;0;0;0;1;87;1;22;0;0;1;2;3;18;0;0;1;64;1;22;0;0;0;0;3;24;1;7;0;0
03.11.2024;20:17;A 36;1;0;0;1;15;0;0;0;0;1;22;0;0;0;1;0;0;4;29;3;4;3;9;0;0;0;38;4;21;1;18;1;81;3;74;4;47;0;0;1;8;0;2;5;33;0;0;0;0;2;67;1;3;0;0;0;0;1;27;0;0;0;0
03.11.2024;20:16;A 36;1;1;0;1;12;1;21;1;26;3;11;6;12;2;35;0;0;2;56;1;55;0;52;0;0;2;29;1;54;1;31;2;68;0;0;1;11;0;99;3;15;1;6;1;8;0;0;0;0;2;34;2;3;1;53;0;0;2;45;2;11;1;2
03.11.2024;20:15;A 36;1;0;0;0;48;1;1;0;0;0;0;1;9;0;0;0;0;3;79;1;21;0;100;0;0;1;90;3;9;3;3;0;0;3;43;1;33;2;51;0;0;3;51;1;6;3;14;0;0;3;58;3;39;1;70;0;0;1;74;3;38;1;3
03.11.2024;20:14;A 36;1;1;1;1;18;0;0;0;0;1;10;0;0;0;0;2;38;2;40;1;45;0;100;3;36;2;55;1;8;2;1;1;2;2;2;2;2;1;67;1;3;4;13;4;10;1;58;0;0;2;68;2;75;1;65;1;4;3;76;3;77;1;3
03.11.2024;20:13;A 36;1;0;0;1;6;1;0;1;68;1;8;1;2;1;46;1;1;3;4;1;17;0;100;0;0;1;15;1;8;0;0;2;4;0;0;1;24;1;42;2;7;0;0;3;10;2;4;0;0;3;50;0;0;1;74;0;0;3;31;1;0;1;3
03.11.2024;20:12;A 36;1;0;0;1;23;2;38;2;26;2;8;2;30;2;4;0;0;2;7;2;32;0;100;0;0;4;52;1;54;3;26;2;25;2;16;1;1;1;12;2;5;2;6;2;5;1;5;0;0;3;32;3;58;1;15;0;0;1;42;5;44;1;2
03.11.2024;20:11;A 36;1;8;33;1;71;3;65;3;32;0;72;1;42;3;12;0;0;2;2;0;0;1;78;0;0;2;8;1;3;4;5;0;0;0;0;0;0;0;0;0;0;0;0;0;0;0;0;0;0;4;48;1;40;0;0;0;0;6;65;1;7;0;0
03.11.2024;20:10;A 36;1;0;0;1;1;0;0;1;37;1;8;1;7;1;4;0;0;2;4;0;0;1;55;0;0;3;4;2;11;1;3;1;50;1;50;0;0;1;2;1;5;1;12;0;0;1;1;0;0;1;16;1;19;0;0;0;0;1;2;1;4;0;0
03.11.2024;20:09;A 36;1;0;0;0;71;0;0;0;0;0;0;0;0;0;0;0;0;2;17;1;16;1;21;0;0;4;27;0;18;1;4;0;0;1;2;2;13;1;47;0;0;0;0;3;22;2;5;0;0;3;85;2;76;3;27;0;0;2;26;3;29;2;3
03.11.2024;20:08;A 36;1;0;0;4;64;1;2;0;0;1;72;1;5;0;0;0;0;3;64;1;62;0;39;0;0;3;18;2;11;3;1;0;0;1;9;1;1;3;47;0;0;1;10;1;3;1;56;0;0;3;71;1;49;1;43;0;0;3;76;3;17;3;8
03.11.2024;20:07;A 36;1;0;0;3;6;0;0;0;0;2;67;0;0;0;0;1;1;4;6;3;25;1;36;1;4;0;20;1;43;3;25;0;0;1;42;1;25;1;84;0;0;0;11;2;7;0;0;0;0;3;37;1;8;1;2;0;0;4;34;1;4;1;2
03.11.2024;20:06;A 36;1;0;0;1;50;2;45;0;0;1;61;3;21;0;0;0;0;3;8;3;53;1;2;0;0;6;20;6;32;4;4;1;22;1;6;1;37;0;0;2;8;3;15;1;9;2;3;0;0;1;33;1;15;0;0;2;16;4;23;1;7;0;0
03.11.2024;20:05;A 36;1;0;0;2;59;1;52;1;49;3;58;2;11;1;10;2;4;3;54;5;54;1;18;0;6;3;73;3;25;5;5;1;56;1;55;1;51;1;31;1;6;0;0;0;0;1;4;0;0;2;35;3;29;0;0;0;0;1;13;2;16;0;0
03.11.2024;20:04;A 36;1;0;0;4;59;2;10;1;0;2;60;3;12;0;0;1;30;0;100;1;90;0;0;2;17;1;41;3;46;5;41;1;1;2;8;0;0;2;57;1;7;1;14;1;7;3;8;0;0;2;66;1;39;0;4;0;0;2;71;1;52;0;0
03.11.2024;20:03;A 36;1;0;0;1;2;1;2;0;0;1;13;0;0;0;0;1;1;1;0;0;0;0;0;1;10;1;8;0;0;1;1;1;2;0;0;1;3;0;0;1;2;1;1;2;6;0;0;0;0;3;25;2;14;1;7;0;0;3;25;1;9;1;3
03.11.2024;20:02;A 36;1;0;0;4;51;0;0;0;0;0;55;1;12;0;0;1;1;7;11;2;5;0;0;1;7;2;26;1;7;2;2;0;0;0;0;0;0;0;0;0;0;0;0;0;0;0;0;0;0;1;53;0;0;0;0;1;4;2;9;0;0;0;0
03.11.2024;20:01;A 36;1;0;0;2;41;0;0;0;0;5;46;0;0;0;0;0;0;2;71;2;42;1;5;0;0;2;83;4;40;10;13;0;54;2;58;0;54;1;73;0;0;4;47;1;3;1;36;0;0;1;74;1;14;1;13;0;0;1;4;1;7;1;3
03.11.2024;20:00;A 36;1;1;0;2;19;0;0;1;47;4;22;0;0;1;3;0;0;1;16;1;3;0;0;0;0;2;13;2;59;3;29;1;36;1;43;1;19;3;42;1;4;1;8;1;10;3;30;0;0;1;46;0;0;0;0;1;9;1;9;0;0;0;0
03.11.2024;19:59;A 36;1;0;0;2;26;0;0;0;41;0;28;0;0;0;0;0;0;0;0;1;24;0;0;0;0;0;0;2;8;2;1;0;0;1;34;0;25;1;35;0;0;1;10;0;0;1;40;0;0;2;10;2;38;1;20;3;12;2;15;1;17;1;3
03.11.2024;19:58;A 36;1;0;0;1;38;0;0;1;35;3;28;0;0;1;7;0;0;5;8;0;0;0;0;0;0;4;29;0;0;0;0;1;45;3;37;3;22;1;11;1;7;2;31;4;24;2;3;0;0;2;9;0;3;0;0;1;3;3;16;0;0;0;0
03.11.2024;19:57;A 36;1;0;0;1;74;0;0;0;47;1;67;0;0;0;0;0;0;4;42;0;0;0;0;0;0;3;59;0;0;1;1;0;0;1;34;2;23;1;37;1;7;2;10;3;17;1;5;0;0;1;56;1;62;0;0;0;0;1;10;1;7;0;0
03.11.2024;19:56;A 36;1;0;0;3;68;2;35;1;9;6;54;2;29;1;3;1;1;2;3;3;3;0;0;1;7;4;19;4;14;4;4;2;39;0;0;0;0;0;0;2;21;0;0;0;0;0;0;0;0;2;52;2;2;0;0;1;4;3;16;2;7;0;0
03.11.2024;19:55;A 36;1;0;0;0;0;0;0;0;0;0;0;0;0;0;0;0;0;1;13;2;56;2;40;0;0;1;4;1;62;2;10;1;44;0;0;1;61;0;0;1;11;1;4;1;8;0;0;0;0;2;4;1;1;1;73;0;0;2;12;1;5;1;27
03.11.2024;19:54;A 36;1;0;0;0;48;0;0;0;0;0;0;0;0;0;0;0;0;3;44;2;13;1;26;0;0;2;16;1;15;1;6;1;12;2;3;5;40;0;0;2;6;2;15;4;45;0;0;0;0;0;0;1;3;1;37;0;0;1;1;0;1;1;2
03.11.2024;19:53;A 36;1;0;0;1;7;0;0;0;0;1;8;0;0;0;0;0;0;3;31;2;4;1;18;0;0;2;45;2;57;9;18;1;24;0;0;1;60;3;66;1;4;0;0;2;7;2;72;0;0;0;0;1;55;0;51;0;0;0;0;5;34;0;0
03.11.2024;19:52;A 36;1;0;0;2;62;2;4;1;11;2;64;1;70;2;7;1;1;4;22;4;8;2;26;1;6;4;20;0;49;7;26;0;0;0;0;0;0;1;1;0;0;0;0;0;0;1;2;0;0;1;1;1;3;1;6;1;9;1;1;1;10;1;5
03.11.2024;19:51;A 36;1;0;0;0;0;0;0;0;0;0;0;0;0;0;0;0;0;5;14;2;2;0;0;0;0;4;27;3;6;2;2;0;0;1;42;0;0;1;3;0;0;2;15;0;0;1;50;0;0;2;27;2;16;0;0;0;0;2;29;2;13;0;0
03.11.2024;19:50;A 36;1;0;0;2;12;1;4;0;0;2;20;1;6;0;0;0;0;1;11;2;7;1;3;0;0;1;10;2;23;2;24;0;0;1;16;0;0;1;11;0;0;1;7;0;0;0;0;0;0;1;25;1;8;1;30;0;0;1;7;1;9;1;31
03.11.2024;19:49;A 36;1;0;0;2;57;0;0;0;0;3;54;0;0;0;0;2;41;3;6;2;3;0;69;1;43;3;24;3;19;2;3;0;0;2;51;1;3;1;67;0;0;2;16;1;7;1;6;0;0;3;33;1;25;0;68;0;0;5;43;1;5;0;0
03.11.2024;19:48;A 36;1;0;0;0;0;1;23;0;60;0;0;2;9;0;0;1;28;2;7;1;35;1;60;3;19;0;8;4;24;2;3;0;0;2;92;1;17;4;35;0;0;1;61;2;9;5;37;0;0;4;11;2;9;1;10;1;4;1;18;3;11;2;6
03.11.2024;19:47;A 36;1;0;0;4;50;0;0;1;10;2;25;0;0;1;3;0;0;7;56;2;16;1;15;0;0;6;48;4;24;5;5;1;2;2;51;1;55;0;79;1;8;2;54;1;3;0;0;0;0;1;51;2;41;0;0;0;0;2;21;2;8;0;0
03.11.2024;19:46;A 36;1;0;0;0;0;0;0;0;0;1;0;0;0;0;0;2;5;5;75;1;64;0;0;2;13;3;90;1;7;1;0;0;67;1;60;3;27;1;5;0;0;1;9;5;17;1;5;0;0;5;12;0;3;2;35;0;0;3;23;1;3;0;36
03.11.2024;19:45;A 36;1;0;0;2;60;1;2;0;0;1;49;1;10;0;0;1;2;3;54;2;13;1;4;1;9;1;28;0;23;2;2;2;58;1;43;1;42;1;11;1;4;3;14;2;5;2;5;0;0;1;46;1;16;1;59;0;0;1;49;3;11;2;26
03.11.2024;19:44;A 36;1;1;1;2;45;1;1;1;58;4;23;1;8;1;6;0;0;2;36;3;39;1;11;0;0;2;38;2;58;7;9;0;63;4;7;1;3;2;75;1;8;1;65;2;4;3;67;0;0;3;62;0;7;0;0;0;0;2;22;0;0;0;0
03.11.2024;19:43;A 36;1;1;6;1;64;1;1;1;0;1;47;1;2;0;0;0;0;4;59;3;41;1;28;0;0;1;72;1;28;3;12;1;15;1;37;1;19;1;62;1;5;3;13;2;6;2;9;0;0;2;52;1;21;1;41;0;0;1;57;1;8;1;5
03.11.2024;19:42;A 36;1;1;1;4;49;0;0;0;0;5;40;0;0;0;0;1;8;3;40;1;3;0;0;1;9;3;59;2;32;1;54;0;0;1;1;0;0;2;60;0;0;0;0;1;2;4;12;0;0;1;73;1;32;1;58;0;0;2;16;2;8;1;3
03.11.2024;19:41;A 36;1;0;0;0;0;0;0;0;0;0;0;0;0;0;0;0;53;1;1;0;48;0;0;0;0;3;16;1;10;0;0;0;0;0;0;0;21;4;45;0;0;0;0;1;1;4;26;0;0;3;72;2;28;0;0;2;5;2;38;2;19;0;0
03.11.2024;19:40;A 36;1;0;0;0;21;0;0;0;0;0;0;0;0;0;0;1;9;7;73;2;9;0;0;1;8;0;89;2;45;5;8;1;29;0;26;2;32;0;41;0;29;0;0;1;10;0;0;0;0;2;67;1;42;1;20;0;0;2;59;1;7;1;3
03.11.2024;19:39;A 36;1;0;0;5;50;4;7;0;0;1;31;0;21;0;0;2;64;4;76;2;3;0;0;1;14;1;92;1;9;1;86;2;52;2;23;1;1;1;85;3;10;3;18;2;13;2;44;0;0;1;3;1;1;1;20;0;0;1;50;1;3;1;4
03.11.2024;19:38;A 36;1;0;0;0;100;0;0;0;0;1;77;1;87;0;0;0;0;6;41;3;70;3;80;1;5;2;64;0;100;2;25;2;49;0;6;0;0;1;67;2;16;0;0;0;0;1;74;0;0;2;31;2;2;0;90;1;9;4;12;2;8;0;0
03.11.2024;19:37;A 36;1;0;0;3;7;0;0;0;0;2;9;0;0;0;0;0;0;1;13;4;5;1;50;0;0;2;27;4;31;0;100;1;3;1;27;0;0;0;0;1;5;1;12;0;0;0;0;0;0;4;35;3;17;1;29;1;3;6;31;1;21;1;2
03.11.2024;19:36;A 36;1;0;0;0;0;0;0;0;36;1;8;0;0;0;0;1;2;2;50;1;2;4;67;1;6;1;11;4;11;4;99;1;1;1;0;1;19;4;44;1;3;0;0;1;7;2;57;0;0;2;28;1;57;0;0;0;0;2;39;3;25;0;0
03.11.2024;19:35;A 36;1;0;0;1;38;1;1;1;24;1;36;1;4;1;4;0;0;2;64;3;78;0;17;0;0;2;12;3;34;1;27;0;0;1;36;2;2;1;63;0;0;1;4;3;14;0;64;0;0;3;65;2;28;0;17;0;0;1;86;3;18;0;0
03.11.2024;19:34;A 36;1;0;0;3;20;10;24;0;0;3;10;2;22;0;0;1;11;5;48;3;2;1;81;1;5;3;60;3;11;1;10;0;0;2;15;1;58;1;20;0;0;2;10;1;2;2;16;0;0;2;68;0;0;1;58;0;0;1;11;0;0;1;4
03.11.2024;19:33;A 36;1;0;0;1;38;0;0;1;20;3;11;0;0;1;2;1;32;3;38;1;1;1;43;1;9;1;26;1;9;1;4;3;46;0;0;0;0;2;42;3;58;0;0;2;8;1;48;0;0;4;12;5;15;0;0;0;0;1;21;1;25;0;0
03.11.2024;19:32;A 36;1;1;1;4;33;1;19;0;0;3;23;1;9;0;0;0;0;4;25;2;2;1;11;0;0;3;46;2;8;0;1;2;42;2;22;2;3;1;31;2;26;4;18;3;13;2;5;0;0;1;87;1;33;0;0;0;0;2;22;1;44;0;0
03.11.2024;19:31;A 36;1;0;0;2;39;1;37;0;0;2;45;0;7;0;0;0;0;2;2;1;2;0;18;0;0;1;3;2;5;1;3;1;36;2;2;1;1;1;40;2;10;2;4;2;11;1;8;0;0;0;0;0;0;0;0;0;0;0;0;0;0;0;0
03.11.2024;19:30;A 36;1;0;0;0;0;0;0;0;0;1;2;1;0;0;0;1;34;1;50;2;50;2;79;1;9;3;60;2;52;3;7;1;39;0;0;0;0;3;8;2;4;0;0;0;0;0;11;0;0;1;28;1;29;0;50;2;6;1;28;1;14;0;0
03.11.2024;19:29;A 36;1;2;2;2;32;3;12;1;1;3;41;2;24;0;1;0;0;3;5;2;2;3;54;0;0;2;27;2;9;2;28;2;49;1;61;0;0;1;85;2;10;1;5;1;1;3;59;0;0;2;39;3;34;1;33;1;3;3;52;3;21;1;4
03.11.2024;19:28;A 36;1;0;0;2;9;2;29;0;0;3;12;1;39;1;1;1;18;2;16;1;1;0;4;1;11;2;22;2;4;1;2;0;0;0;32;0;34;0;0;0;0;0;0;0;0;0;0;0;0;1;11;0;0;0;0;0;0;1;13;0;0;0;0
03.11.2024;19:27;A 36;1;0;0;1;39;1;40;2;55;1;2;3;3;1;20;1;7;1;48;0;0;1;20;1;9;2;7;1;6;1;6;0;0;1;21;1;17;1;27;0;0;1;11;2;10;2;6;0;0;3;39;1;2;0;0;0;0;2;12;0;1;0;0
03.11.2024;19:26;A 36;1;0;0;3;5;1;1;1;1;2;27;2;13;1;2;2;32;1;62;0;0;0;0;1;19;2;6;0;0;0;0;2;31;1;2;0;0;2;48;2;13;1;10;2;2;1;54;0;0;4;65;3;38;0;0;0;0;1;80;1;49;0;0
03.11.2024;19:25;A 36;1;0;0;2;57;2;54;0;0;1;60;1;6;0;0;1;24;4;10;0;0;1;26;2;31;4;23;0;0;0;26;0;0;2;32;1;23;2;61;0;0;2;24;3;10;4;52;0;0;3;76;1;48;0;0;0;0;2;72;3;35;0;0
03.11.2024;19:24;A 36;1;0;0;3;62;3;58;0;0;2;69;2;30;0;0;0;0;1;1;1;9;1;67;0;0;1;4;3;6;3;61;2;30;5;13;0;0;2;12;3;7;2;21;0;0;3;52;0;0;5;57;3;45;0;4;0;0;1;78;4;26;0;0
03.11.2024;19:23;A 36;1;0;0;1;98;1;43;0;0;1;94;2;7;0;0;0;0;3;49;2;76;1;79;0;0;3;23;2;11;1;87;2;9;1;12;1;14;0;12;2;14;1;6;0;0;0;0;0;0;2;46;2;41;1;68;0;0;1;46;0;49;1;4
03.11.2024;19:22;A 36;1;0;0;4;73;1;71;1;63;3;83;0;5;1;3;0;32;1;72;0;0;0;0;0;0;1;9;0;0;0;0;1;1;2;31;1;29;3;9;1;3;0;0;3;12;2;19;0;0;2;13;1;38;0;0;0;7;2;15;1;19;0;0
03.11.2024;19:21;A 36;1;0;0;1;79;0;0;0;0;1;3;1;4;0;0;3;18;2;14;1;12;0;0;2;23;2;12;1;4;0;0;1;69;3;37;4;43;1;29;1;5;1;54;4;31;3;43;0;0;0;11;1;4;1;62;1;2;0;1;1;73;2;59
03.11.2024;19:20;A 36;1;0;0;2;60;0;0;0;0;2;33;0;0;0;0;1;33;5;51;2;7;0;0;1;8;1;28;1;12;0;0;1;29;0;0;0;0;1;89;1;9;1;3;0;0;1;2;0;0;4;22;2;1;2;66;0;0;6;22;4;44;3;44
03.11.2024;19:19;A 36;1;0;0;3;12;1;0;0;0;3;23;1;1;0;0;0;0;2;70;0;0;0;0;0;0;2;77;1;4;0;0;1;35;1;1;0;0;1;5;2;6;2;6;1;1;2;4;0;0;3;39;1;1;0;0;0;0;1;34;1;4;0;0
03.11.2024;19:18;A 36;1;0;0;2;27;0;0;0;0;3;38;0;0;0;0;2;56;3;56;1;15;0;0;1;39;4;43;1;7;0;0;2;30;0;0;0;23;2;18;2;9;0;0;0;0;2;22;0;0;3;56;1;54;1;18;0;0;1;64;0;54;1;3
03.11.2024;19:17;A 36;1;0;0;1;62;2;61;0;0;1;32;1;67;0;0;4;53;5;72;2;5;1;67;3;30;1;55;0;30;2;45;0;0;0;0;1;13;2;4;0;0;0;0;2;6;1;4;0;0;1;13;5;43;1;67;0;0;2;13;6;56;0;0
03.11.2024;19:16;A 36;1;0;0;1;49;0;0;0;0;2;64;0;0;0;0;0;0;2;58;0;21;3;53;1;9;2;72;3;45;8;27;0;0;2;36;2;10;1;78;0;0;2;12;2;26;4;48;0;0;4;27;3;34;1;68;1;5;0;33;2;36;2;8
03.11.2024;19:15;A 36;1;0;0;4;36;0;0;0;0;1;46;0;0;0;0;0;0;0;0;1;35;2;24;0;0;1;2;2;8;0;26;2;18;1;13;0;0;1;38;2;22;3;47;0;0;1;7;0;0;1;55;1;30;3;36;0;0;2;53;1;41;3;30
03.11.2024;19:14;A 36;1;0;0;2;41;0;0;2;43;2;19;0;0;3;32;0;0;3;65;2;42;1;52;0;0;5;19;5;20;2;6;2;45;1;36;1;19;0;0;3;16;3;9;2;7;0;0;0;0;1;1;1;2;1;11;0;0;1;5;2;10;1;3
03.11.2024;19:13;A 36;1;1;1;1;43;0;0;0;0;1;54;0;0;0;0;1;4;3;51;0;38;1;59;0;0;1;51;1;4;2;3;1;1;1;4;2;60;2;11;1;3;2;8;3;17;0;14;0;0;1;35;1;36;0;0;3;9;1;5;0;0;0;0
03.11.2024;19:12;A 36;1;0;0;2;59;1;1;0;7;2;59;1;3;0;0;2;19;4;68;2;13;3;50;3;34;3;62;3;22;3;10;0;0;3;67;2;83;5;81;0;0;5;20;2;78;7;51;0;0;1;35;1;6;0;69;0;0;2;14;2;13;0;0
03.11.2024;19:11;A 36;1;1;1;2;72;7;23;1;56;4;41;3;30;1;5;0;35;3;57;3;39;1;66;0;0;1;54;0;45;3;6;0;0;1;45;1;80;1;24;0;0;1;11;1;6;2;4;0;0;1;44;0;0;1;79;0;0;2;12;0;0;1;2
03.11.2024;19:10;A 36;1;0;0;1;24;1;17;0;0;1;36;1;23;0;0;1;24;2;66;3;45;1;33;1;9;1;79;3;66;1;2;2;4;0;0;0;0;1;7;1;9;1;2;1;1;1;5;0;0;2;36;1;22;2;41;0;0;3;29;0;23;2;6
03.11.2024;19:09;A 36;1;0;0;2;46;0;0;1;48;3;27;0;0;1;5;1;23;5;57;1;16;1;45;0;23;1;69;3;42;1;7;1;29;1;1;2;2;2;64;1;9;1;9;0;5;1;72;0;0;1;86;1;29;0;0;0;0;2;46;1;24;0;0
03.11.2024;19:08;A 36;1;0;0;2;75;1;2;0;0;1;8;2;8;0;0;1;22;3;53;2;24;5;77;1;30;1;59;1;66;2;72;1;1;0;0;0;0;1;76;1;3;1;3;2;12;1;7;0;0;3;51;5;25;2;50;1;8;3;15;5;24;1;24
03.11.2024;19:07;A 36;1;0;0;0;0;0;0;0;59;1;1;0;0;0;0;0;0;1;17;1;22;1;53;0;0;1;41;5;33;2;37;1;49;1;74;1;0;0;0;1;6;1;9;1;2;0;0;0;0;3;10;2;7;0;34;0;0;2;15;1;26;2;32
03.11.2024;19:06;A 36;1;0;0;0;0;1;27;1;2;1;5;1;4;1;5;1;1;2;2;1;7;3;28;1;3;2;10;2;7;2;23;2;7;0;0;0;0;0;0;2;12;0;0;0;0;0;0;0;0;2;33;2;26;1;34;0;0;3;40;1;40;1;38
03.11.2024;19:05;A 36;1;0;0;3;56;4;55;0;0;1;44;1;36;0;0;1;2;6;7;4;56;4;19;0;0;3;19;6;27;2;31;1;2;1;2;0;0;1;18;1;6;0;0;1;1;2;4;0;0;3;26;0;1;0;0;1;5;3;35;1;9;0;0
03.11.2024;19:04;A 36;1;0;0;2;27;2;44;1;72;2;48;2;31;1;65;1;68;1;72;1;75;0;0;5;47;2;81;6;36;0;0;2;48;1;10;0;0;0;70;0;53;1;7;0;0;0;0;0;0;2;51;2;8;1;20;0;0;3;43;2;17;1;6
03.11.2024;19:03;A 36;1;0;0;8;29;1;3;2;76;0;51;1;8;2;59;0;0;0;0;1;26;1;20;0;0;0;0;2;9;0;20;1;62;1;38;0;0;2;68;1;29;0;2;1;1;3;11;0;0;2;47;1;11;1;68;0;1;2;30;1;8;2;6
03.11.2024;19:02;A 36;1;0;0;2;33;0;0;1;13;4;64;0;0;1;6;0;0;1;1;2;3;5;18;0;0;3;8;4;17;2;31;2;14;3;38;0;0;1;61;2;11;2;56;0;0;1;5;0;0;4;70;2;40;1;44;2;6;3;84;3;25;1;3
03.11.2024;19:01;A 36;1;0;0;2;58;1;27;0;46;2;10;0;28;0;0;1;2;0;0;0;0;1;87;1;7;1;2;3;4;2;50;0;0;2;43;0;0;1;57;0;0;1;64;1;3;1;4;0;0;4;54;1;41;0;8;0;0;2;64;1;6;0;0
03.11.2024;19:00;A 36;1;0;0;5;27;2;43;1;74;3;51;2;27;2;5;0;0;4;75;2;2;3;39;0;0;4;34;3;13;2;14;1;20;3;21;1;18;0;0;1;4;4;43;2;7;0;0;0;0;0;0;0;0;1;28;0;0;0;0;0;0;2;5
03.11.2024;18:59;A 36;1;1;0;1;16;1;39;1;16;3;61;2;13;2;5;1;71;2;66;1;40;0;0;0;7;3;41;4;10;1;2;0;0;1;8;1;33;1;2;0;0;2;7;1;8;1;5;0;0;2;49;3;6;1;25;1;3;3;6;3;15;1;2
03.11.2024;18:58;A 36;1;0;0;2;77;1;66;3;19;2;83;1;61;2;31;0;10;3;5;3;11;2;17;1;1;1;5;5;16;1;23;1;37;1;2;1;39;2;47;1;4;1;15;1;4;1;15;0;0;3;14;1;2;0;0;0;0;0;16;0;0;0;0
03.11.2024;18:57;A 36;1;3;8;3;39;3;11;0;0;1;74;2;41;0;0;1;52;1;4;1;38;0;0;1;8;3;20;1;47;0;0;1;59;0;0;1;58;2;53;2;17;0;0;2;5;2;54;0;0;3;48;2;6;1;30;0;0;1;59;3;24;1;2
03.11.2024;18:56;A 36;1;0;0;4;40;0;0;1;46;5;69;1;12;1;3;1;44;2;39;1;10;0;28;1;8;1;18;0;10;0;0;1;27;1;20;3;39;1;78;1;5;4;19;4;21;2;69;0;0;1;38;1;43;2;80;0;0;1;47;1;53;2;37
03.11.2024;18:55;A 36;1;0;0;1;55;2;57;0;0;2;6;2;33;0;0;0;0;1;63;1;49;1;6;0;0;1;70;3;20;1;3;4;65;1;33;2;18;2;4;6;44;1;10;3;17;2;8;0;0;2;13;0;10;1;73;0;0;2;13;0;0;2;22
03.11.2024;18:54;A 36;1;0;0;2;59;1;7;0;0;1;66;3;19;1;3;1;12;2;9;1;8;0;27;0;11;0;12;0;9;0;0;2;42;5;34;2;34;3;29;3;51;5;32;3;10;2;38;0;0;2;36;1;16;1;11;0;0;1;28;1;8;1;4
03.11.2024;18:53;A 36;1;0;0;1;13;1;3;0;0;1;26;1;7;0;0;2;57;2;58;1;52;1;71;3;60;2;69;2;19;1;4;0;0;3;43;2;37;1;28;0;0;2;42;4;14;2;4;0;0;2;43;2;4;0;49;0;0;1;58;4;53;1;45
03.11.2024;18:52;A 36;1;2;3;1;43;1;11;2;21;1;7;0;0;1;4;0;0;3;35;1;21;3;65;2;8;1;53;4;18;2;16;1;41;1;40;0;0;0;0;0;0;1;28;0;0;0;0;0;0;0;0;2;58;2;56;1;4;1;0;4;80;2;42
03.11.2024;18:51;A 36;1;1;1;2;73;0;0;0;0;2;13;0;0;1;0;3;69;6;56;3;68;1;36;2;70;6;88;1;74;3;35;1;16;2;52;2;3;1;43;1;6;1;36;2;9;2;34;0;0;4;73;4;74;1;6;1;8;1;84;0;81;1;3
03.11.2024;18:50;A 36;1;0;16;5;7;1;1;2;7;1;39;1;6;1;5;0;0;2;48;0;0;3;48;1;7;3;46;3;8;3;55;0;16;2;77;0;0;1;32;0;0;4;55;0;0;1;4;0;0;2;47;2;24;1;10;0;0;3;32;4;33;1;2
03.11.2024;18:49;A 36;1;3;31;2;17;1;1;0;0;1;50;2;6;0;0;1;3;3;8;2;2;3;51;1;8;3;19;5;15;5;54;3;53;3;50;1;15;0;36;2;8;2;30;1;7;0;0;0;0;1;45;0;0;1;54;2;6;2;9;0;0;1;3
03.11.2024;18:48;A 36;1;0;0;4;37;2;7;0;0;2;33;0;12;0;0;1;2;5;7;2;2;3;40;1;11;3;35;3;13;5;31;1;16;4;25;3;37;3;44;1;8;2;34;1;15;2;32;0;0;0;0;1;61;0;0;0;0;0;0;0;3;0;0
03.11.2024;18:47;A 36;1;0;0;3;40;2;30;0;0;3;36;5;27;0;0;1;37;4;63;1;46;0;0;1;9;3;34;0;9;0;0;1;14;2;54;2;43;2;3;1;9;5;40;3;38;2;6;0;0;1;51;3;37;0;0;1;3;1;5;5;45;0;0
03.11.2024;18:46;A 36;1;0;0;1;5;1;0;1;8;1;11;1;12;1;5;1;1;6;35;3;27;1;58;2;1;3;62;5;25;1;4;0;0;1;15;2;63;2;9;0;0;4;27;2;11;4;7;0;0;2;3;3;3;1;34;0;0;1;14;2;11;1;3
03.11.2024;18:45;A 36;1;0;0;3;9;1;1;1;21;5;19;1;3;1;5;1;40;1;54;1;2;0;0;0;8;1;64;2;11;0;0;1;31;3;59;2;61;4;67;2;37;6;58;2;56;3;38;0;0;1;50;1;20;0;0;1;2;0;51;1;11;0;0
03.11.2024;18:44;A 36;1;0;0;2;35;1;89;1;52;3;25;2;9;1;4;0;0;6;74;4;45;2;32;1;3;2;93;2;60;2;18;0;1;2;43;0;0;1;84;0;0;2;50;0;0;2;75;0;0;2;55;1;27;1;30;0;0;2;64;3;37;2;11
03.11.2024;18:43;A 36;1;0;0;2;56;1;1;0;9;2;15;1;2;0;0;1;41;2;69;2;42;0;0;0;43;2;76;3;28;0;0;2;69;1;31;0;0;3;73;2;60;3;9;0;0;3;27;0;0;3;27;2;1;2;45;0;0;4;30;3;11;2;8
03.11.2024;18:42;A 36;1;0;0;5;89;3;4;1;52;0;97;0;94;1;4;2;32;9;51;3;2;0;0;3;35;6;86;2;7;0;0;1;1;2;69;2;13;0;100;1;4;4;57;4;11;0;100;0;0;0;0;1;1;2;57;0;0;0;0;1;5;3;48
03.11.2024;18:41;A 36;1;0;0;1;98;2;46;0;0;1;81;1;55;0;0;1;1;4;62;1;3;0;0;1;4;3;78;2;12;0;0;1;15;1;1;0;0;2;55;1;5;1;5;0;0;4;16;0;0;3;3;0;0;1;2;0;0;1;10;0;0;1;3
03.11.2024;18:40;A 36;1;2;2;1;28;2;71;1;54;1;32;3;27;2;6;0;0;3;4;0;0;1;24;0;0;0;10;0;0;0;0;0;0;0;0;0;47;2;71;0;0;0;0;0;0;1;15;0;0;1;5;1;16;1;27;0;0;2;14;1;5;0;1
03.11.2024;18:39;A 36;1;1;1;4;40;1;1;1;0;0;44;3;14;0;0;1;1;4;33;4;17;0;0;3;10;2;46;3;27;1;1;0;0;4;18;4;9;5;72;0;0;6;23;6;25;3;59;0;0;1;1;1;46;0;0;0;0;1;7;3;4;1;2
03.11.2024;18:38;A 36;1;0;0;5;82;1;18;0;0;3;88;2;10;0;0;1;68;4;84;4;58;1;15;1;11;0;100;1;78;0;14;0;0;0;0;0;43;2;15;0;0;0;0;1;3;3;10;0;0;3;75;3;39;0;14;0;0;3;68;2;52;0;0
03.11.2024;18:37;A 36;1;0;0;1;72;0;0;0;0;1;38;0;0;0;0;0;0;1;1;0;0;2;56;0;0;2;5;1;3;3;52;1;43;0;41;2;62;3;60;1;6;0;0;2;17;2;60;0;0;2;69;2;84;1;79;1;2;3;77;5;64;1;4
03.11.2024;18:36;A 36;1;0;0;4;46;1;20;0;9;2;46;2;9;0;0;2;72;5;33;3;10;0;0;2;12;1;49;4;21;1;4;1;5;1;62;1;12;1;10;2;4;2;7;5;15;3;3;0;0;3;88;1;83;0;0;1;10;1;89;1;15;0;0
03.11.2024;18:35;A 36;1;0;0;0;0;0;0;1;50;1;0;0;0;1;5;1;18;4;62;2;59;1;28;1;7;1;69;1;65;1;4;0;0;2;68;0;0;2;46;0;0;1;4;0;0;2;37;0;0;2;17;1;12;0;0;0;0;4;12;2;9;0;0
03.11.2024;18:34;A 36;1;0;0;0;0;0;0;0;0;0;0;0;0;0;0;0;0;3;21;3;14;0;0;0;0;4;37;4;30;0;0;0;0;2;54;0;0;3;45;0;0;3;9;1;1;2;51;0;0;2;44;3;51;2;21;1;2;3;25;2;60;2;14
03.11.2024;18:33;A 36;1;0;0;4;59;2;1;0;9;4;42;3;9;0;0;0;0;7;32;1;3;2;51;0;0;3;46;2;8;2;50;1;73;1;39;1;36;1;61;1;8;1;10;2;6;2;54;0;0;3;52;1;39;0;0;0;0;2;15;2;51;0;0
03.11.2024;18:32;A 36;1;0;0;6;54;1;30;2;31;3;62;1;13;1;14;0;0;3;6;2;2;0;0;0;0;1;27;3;15;0;0;3;63;1;24;1;25;0;0;1;76;2;14;2;12;0;0;0;0;2;32;0;31;1;61;0;0;1;38;0;0;1;60
03.11.2024;18:31;A 36;1;0;0;2;5;2;58;0;100;4;63;2;11;1;84;0;0;4;6;3;25;3;24;0;0;4;47;3;31;2;15;1;48;1;1;0;0;0;0;1;5;1;5;0;0;0;0;0;0;4;50;1;40;2;87;1;4;3;49;1;6;3;48
03.11.2024;18:30;A 36;1;0;0;2;62;0;0;1;83;0;66;0;0;1;5;0;0;2;5;2;12;0;0;0;0;2;37;1;25;0;0;0;0;1;46;0;0;2;47;0;0;2;8;1;3;1;52;0;0;3;55;3;21;4;56;0;0;1;66;1;17;2;36
03.11.2024;18:29;A 36;1;0;0;2;78;0;0;1;16;1;42;0;0;1;5;0;0;4;39;2;64;0;35;0;0;5;63;4;51;0;0;1;55;0;55;2;2;1;75;2;5;0;0;2;7;2;27;0;0;5;46;2;65;1;59;2;5;3;38;3;53;2;18
03.11.2024;18:28;A 36;1;0;0;2;22;0;0;0;0;2;35;0;0;0;0;1;2;4;26;2;24;1;32;1;3;3;26;3;18;2;8;2;10;3;52;1;45;4;79;1;8;3;26;1;4;4;72;0;0;1;77;1;6;1;2;0;0;2;58;2;7;1;3
03.11.2024;18:27;A 36;1;0;0;1;51;2;22;0;0;1;42;2;21;0;0;1;56;2;31;2;17;1;55;3;32;2;33;3;35;1;1;2;36;3;50;4;56;4;77;2;19;5;21;3;62;3;82;0;0;0;1;2;5;0;30;0;0;0;0;3;7;0;0
03.11.2024;18:26;A 36;1;3;7;4;81;0;66;0;0;0;96;0;0;0;0;0;0;4;7;3;2;2;47;0;0;2;23;3;21;3;33;0;0;2;81;4;41;1;1;0;0;4;13;5;27;1;7;0;0;3;50;1;31;4;61;1;2;4;27;3;27;2;8
03.11.2024;18:25;A 36;1;1;0;3;56;1;7;0;0;3;73;2;20;0;0;0;0;3;65;2;2;1;73;0;0;2;80;1;12;1;3;0;0;1;52;0;0;1;65;0;0;1;7;0;0;0;65;0;0;2;62;0;0;1;36;0;0;3;28;0;0;2;9
03.11.2024;18:24;A 36;1;0;0;3;59;2;60;0;0;0;64;0;63;0;0;1;9;3;39;1;8;4;8;0;0;2;23;6;9;1;32;1;1;3;16;2;61;1;17;1;4;2;43;3;47;1;27;0;0;2;53;3;69;1;66;1;4;3;46;2;58;1;2
03.11.2024;18:23;A 36;1;1;1;3;69;1;68;1;40;3;66;3;21;3;43;1;76;2;65;2;71;0;30;2;11;2;79;2;9;1;32;0;53;1;1;1;58;2;86;0;0;1;21;1;9;2;83;0;0;1;27;0;0;1;34;1;5;2;4;1;28;2;34
03.11.2024;18:22;A 36;1;0;0;2;39;1;20;0;0;1;51;1;7;0;0;0;0;4;6;0;0;3;30;0;0;2;25;3;7;2;39;1;25;3;19;2;29;1;22;1;5;5;23;3;15;1;6;0;0;2;3;2;21;1;79;3;13;1;17;2;82;1;82
03.11.2024;18:21;A 36;1;0;0;3;52;1;33;0;0;3;54;1;35;0;0;2;33;0;0;2;24;5;5;1;20;1;3;4;34;2;17;1;1;3;37;4;33;0;59;0;0;1;28;0;41;0;0;0;0;1;85;2;78;0;0;0;0;3;14;1;85;0;0
03.11.2024;18:20;A 36;1;0;0;4;50;4;37;0;0;3;57;2;56;0;0;0;0;5;60;1;1;1;94;1;1;5;27;6;12;2;93;1;2;3;24;2;5;3;63;1;4;2;27;1;21;5;35;0;0;3;83;2;74;0;0;1;2;1;90;2;10;0;0
03.11.2024;18:19;A 36;1;0;0;5;58;1;63;0;0;2;75;2;62;0;0;1;2;3;29;3;35;4;71;1;7;3;42;5;52;12;24;1;5;4;21;0;0;4;26;1;5;5;20;2;4;6;30;0;0;2;81;1;24;1;20;0;0;3;17;2;5;1;3
03.11.2024;18:18;A 36;1;0;0;2;83;1;1;1;1;3;35;1;2;1;2;0;0;4;51;3;50;1;82;0;0;0;56;1;31;0;79;1;57;1;49;0;0;2;2;2;44;2;8;1;3;1;1;0;0;3;59;4;37;3;70;0;0;4;27;6;48;2;59
03.11.2024;18:17;A 36;1;2;1;1;30;0;0;0;0;1;11;0;0;0;0;0;0;7;26;1;7;4;66;0;0;6;58;2;13;2;71;0;0;1;38;2;36;0;0;0;0;1;11;3;42;0;0;0;0;2;51;1;1;0;0;0;0;2;10;1;4;0;0
03.11.2024;18:16;A 36;1;1;1;3;5;1;1;1;3;4;41;1;5;0;0;0;24;5;29;3;17;4;77;0;0;1;40;7;37;3;84;1;21;2;17;1;1;1;0;1;7;2;32;3;8;0;0;0;0;0;0;2;28;0;0;0;0;0;0;0;33;0;0
03.11.2024;18:15;A 36;1;0;0;2;74;3;2;1;52;1;22;2;10;1;16;3;46;3;28;3;25;4;58;3;34;2;43;3;35;4;65;0;0;2;16;2;78;1;2;0;0;1;25;1;70;0;0;0;0;2;21;2;12;0;0;1;3;0;24;2;19;0;0
03.11.2024;18:14;A 36;1;2;5;3;9;2;67;2;2;4;84;1;66;1;3;1;44;6;56;1;7;3;76;1;52;3;71;7;20;3;41;1;54;3;17;4;7;2;46;1;7;2;12;4;18;3;49;0;0;2;64;1;2;3;43;1;3;3;35;4;12;0;47
03.11.2024;18:13;A 36;1;0;0;1;33;1;29;0;0;1;73;1;38;0;0;0;0;5;47;2;4;2;62;0;0;3;32;3;19;3;19;1;35;2;2;1;10;2;15;0;0;2;8;2;10;4;11;0;0;4;36;1;25;1;36;0;0;4;13;1;9;2;35
03.11.2024;18:12;A 36;1;1;27;2;46;0;22;0;0;1;66;0;0;0;0;1;3;5;6;2;6;1;10;1;7;2;24;5;20;2;3;2;29;0;0;1;1;2;50;2;10;2;11;2;4;1;42;0;0;2;73;1;80;0;0;0;0;1;60;1;10;0;0
03.11.2024;18:11;A 36;1;1;41;1;42;1;40;0;0;1;44;1;6;0;0;0;0;7;9;0;0;3;65;0;0;4;49;3;7;3;19;2;48;0;0;1;23;1;10;5;24;0;0;1;10;2;6;0;0;0;0;2;63;0;0;0;0;1;1;2;17;0;0
03.11.2024;18:10;A 36;1;0;0;3;59;4;9;0;0;2;18;0;67;0;0;1;3;4;66;3;39;5;84;1;10;2;82;1;61;0;100;2;36;2;2;3;3;0;0;2;26;2;7;4;15;0;0;0;0;1;7;1;4;3;37;0;0;1;7;0;4;0;41
03.11.2024;18:09;A 36;1;0;0;6;87;1;54;0;0;0;74;3;83;0;0;0;0;1;65;2;41;1;63;0;0;2;57;6;23;4;43;0;0;1;1;1;1;1;4;0;0;1;3;1;4;2;6;0;0;2;20;2;34;1;41;0;0;1;20;2;33;2;46
03.11.2024;18:08;A 36;1;1;3;3;82;2;9;0;0;1;96;4;21;0;0;3;10;2;18;1;2;2;50;0;16;1;13;0;4;1;47;1;14;0;0;1;71;2;5;1;4;1;2;1;2;3;7;0;0;5;48;6;35;1;46;0;0;7;44;4;59;1;21
03.11.2024;18:07;A 36;1;0;0;3;16;1;51;2;28;2;32;1;9;1;31;1;45;3;6;0;2;4;36;2;51;4;24;4;7;1;35;0;51;1;1;1;25;4;59;0;0;1;4;2;10;3;46;0;0;1;65;1;89;1;68;2;10;4;57;3;60;1;2
03.11.2024;18:06;A 36;1;1;2;2;53;2;24;0;72;3;23;2;13;1;20;0;0;2;52;2;36;1;58;0;0;3;59;2;15;2;66;1;78;0;56;0;0;2;6;1;8;1;1;1;2;2;24;0;0;0;0;6;18;1;34;0;0;0;0;2;28;1;29
03.11.2024;18:05;A 36;1;1;1;2;17;1;39;1;13;2;32;2;35;1;4;1;14;4;53;2;46;1;44;0;5;4;61;5;50;1;3;1;5;2;22;1;1;0;0;1;6;4;13;2;5;0;0;0;0;1;20;2;41;1;24;0;0;3;18;4;38;1;29
03.11.2024;18:04;A 36;1;1;2;1;27;0;0;0;0;1;10;0;0;0;0;1;27;2;40;2;5;1;16;2;14;1;17;4;12;1;4;2;17;5;34;4;4;1;14;3;4;4;27;7;16;2;2;0;0;2;27;3;29;0;0;0;0;5;30;2;26;0;0
03.11.2024;18:03;A 36;1;0;0;0;30;1;30;0;0;0;0;1;21;0;0;0;0;3;25;4;22;4;53;0;0;2;46;3;32;3;10;1;13;2;22;2;33;1;20;2;14;2;12;2;31;2;5;0;0;4;50;2;13;2;81;1;2;5;41;2;11;3;38
03.11.2024;18:02;A 36;1;0;0;1;36;2;2;0;0;1;8;2;11;0;0;1;30;4;39;2;40;1;38;1;5;2;57;1;50;3;31;1;28;0;0;1;11;3;52;0;5;1;6;1;8;3;53;0;0;1;1;3;48;1;4;0;0;0;4;5;16;1;1
03.11.2024;18:01;A 36;1;0;0;1;52;0;35;0;0;1;7;0;0;0;0;1;21;2;33;0;0;4;13;1;8;2;12;0;0;0;18;1;1;3;23;1;41;1;56;2;4;4;16;1;4;1;4;0;0;4;83;1;32;1;50;1;1;3;91;1;15;2;8
03.11.2024;18:00;A 36;1;0;0;3;67;3;21;0;0;1;57;4;15;0;0;0;0;2;6;4;21;3;76;0;0;3;22;1;33;3;51;4;44;1;35;2;47;1;74;0;50;2;10;1;5;2;5;0;0;1;36;1;26;0;11;0;0;2;15;2;8;0;0
03.11.2024;17:59;A 36;1;0;0;4;49;1;7;2;20;1;68;1;3;2;9;1;1;5;68;4;65;1;25;2;6;1;79;3;75;1;32;1;50;1;47;0;0;4;72;2;23;2;12;3;14;1;48;0;0;2;8;4;4;1;95;0;0;2;15;5;24;0;2
03.11.2024;17:58;A 36;1;0;0;1;59;1;42;0;0;1;66;1;9;0;0;2;25;7;64;2;45;4;87;1;37;3;78;2;26;0;91;1;22;2;68;1;1;2;44;1;7;3;21;4;9;3;21;0;0;4;46;3;43;1;68;0;0;2;48;0;49;2;4
03.11.2024;17:57;A 36;1;0;0;3;84;1;85;0;0;3;61;1;6;0;0;1;2;4;28;1;5;2;69;1;4;4;45;5;12;4;14;1;46;4;91;3;83;1;73;1;6;1;89;5;36;4;65;0;0;3;28;3;17;4;65;0;0;2;19;5;19;0;71
03.11.2024;17:56;A 36;1;3;5;3;57;8;14;2;61;3;74;2;74;1;66;0;0;1;6;2;7;0;0;0;0;2;12;4;11;0;0;2;56;1;57;2;53;0;0;1;25;1;60;1;57;0;0;0;0;1;56;1;1;1;36;0;0;1;8;1;3;2;40
03.11.2024;17:55;A 36;1;0;0;5;81;0;0;0;54;0;100;1;21;0;0;2;51;4;52;3;25;1;7;2;30;4;56;3;40;0;6;1;29;5;84;4;34;2;60;3;22;0;100;1;89;1;7;0;0;2;31;0;0;2;14;1;15;4;35;1;13;0;17
03.11.2024;17:54;A 36;1;0;0;3;82;0;0;1;51;3;86;0;0;1;4;1;45;7;12;0;43;1;97;1;5;1;68;0;0;2;95;1;1;1;63;3;59;3;41;0;0;1;75;3;71;3;13;0;0;2;11;3;3;0;100;1;19;2;19;0;100;0;100
03.11.2024;17:53;A 36;1;0;0;2;92;2;89;1;71;1;89;1;72;2;8;1;3;5;31;2;4;2;63;2;24;3;81;2;17;3;65;1;63;2;6;2;50;1;0;1;5;5;14;2;45;3;6;0;0;2;10;5;29;2;82;2;4;2;12;2;71;1;41
03.11.2024;17:52;A 36;1;0;0;2;57;2;52;0;0;3;13;3;57;0;0;0;17;3;7;1;18;2;43;0;0;1;31;4;10;2;29;0;0;2;4;0;0;2;74;0;0;0;0;2;3;2;19;0;0;0;15;2;28;1;21;0;0;0;0;3;27;3;11
03.11.2024;17:51;A 36;1;0;0;1;68;1;40;0;0;0;68;1;10;0;0;2;49;5;8;2;46;1;49;2;14;2;64;1;10;1;6;1;33;3;71;5;72;2;75;2;7;2;60;3;77;4;46;0;0;4;35;1;37;2;40;0;0;3;19;3;42;1;3
03.11.2024;17:50;A 36;1;0;0;2;67;1;1;1;46;2;65;1;7;1;3;1;2;3;53;3;37;0;20;1;9;2;68;5;45;0;0;0;0;5;46;1;26;0;0;0;0;3;47;2;14;0;0;0;0;1;2;0;0;0;0;0;0;1;1;0;0;1;3
03.11.2024;17:49;A 36;1;0;0;4;71;2;34;0;0;6;69;1;11;0;0;0;0;2;86;1;23;3;18;0;0;2;96;3;35;1;27;2;41;2;35;4;34;4;69;1;27;1;45;3;47;1;60;0;0;1;13;0;0;2;18;1;3;2;19;1;2;0;18
03.11.2024;17:48;A 36;1;1;1;4;87;2;46;0;0;0;58;2;54;0;0;1;31;5;67;1;55;5;36;1;9;4;69;4;20;3;41;0;43;0;42;0;41;0;0;1;3;1;1;0;0;1;1;0;0;2;11;2;34;1;77;0;0;2;12;1;7;3;18
03.11.2024;17:47;A 36;1;0;0;2;79;1;7;1;29;5;53;1;18;1;3;0;0;6;80;4;40;4;67;0;0;0;92;4;24;5;25;2;41;1;37;1;32;1;46;2;30;1;14;2;6;1;37;0;0;2;5;3;5;2;85;0;0;2;19;3;12;1;2
03.11.2024;17:46;A 36;1;1;0;2;31;0;0;0;0;3;16;0;0;0;0;0;0;7;66;3;50;2;60;0;0;2;92;2;60;3;63;2;16;2;45;1;15;2;63;2;12;2;37;1;7;3;10;0;0;2;23;0;0;1;58;0;0;3;31;0;0;2;6
03.11.2024;17:45;A 36;1;0;0;3;53;0;0;0;0;2;41;0;0;0;0;0;0;4;59;3;48;3;59;0;0;3;42;5;54;3;57;1;22;4;31;0;24;3;12;0;1;2;50;0;0;2;6;0;0;2;66;2;58;1;48;1;9;2;16;3;15;1;2
03.11.2024;17:44;A 36;1;0;0;3;61;0;15;0;44;2;76;0;0;0;0;0;0;1;35;1;2;3;81;0;0;1;9;6;17;2;78;1;16;3;43;4;35;2;44;2;9;1;43;4;25;2;14;0;0;2;56;1;61;0;0;0;0;3;66;1;8;0;0
03.11.2024;17:43;A 36;1;0;0;2;33;1;19;3;83;5;46;1;13;2;23;0;0;4;41;1;33;3;90;0;0;4;60;5;32;1;80;2;15;1;3;0;0;0;0;3;12;3;14;1;13;1;2;0;0;2;41;2;64;0;0;0;0;2;37;4;56;0;0
03.11.2024;17:42;A 36;1;1;2;1;40;3;34;2;1;1;42;0;40;1;3;2;61;3;18;3;73;2;14;5;29;1;34;4;43;1;19;1;20;1;33;0;0;0;0;1;7;0;0;0;0;0;0;0;0;3;3;1;76;1;11;0;0;4;13;2;5;0;2
03.11.2024;17:41;A 36;1;8;13;4;81;3;74;0;0;1;96;1;90;0;0;1;20;3;60;3;50;3;85;1;9;1;74;5;38;3;37;0;29;3;32;0;0;0;56;0;0;4;20;0;0;0;0;0;0;4;44;2;35;2;73;0;0;3;54;3;11;5;47
03.11.2024;17:40;A 36;1;1;1;3;64;1;50;0;0;1;86;1;61;0;0;1;2;5;64;3;50;4;50;1;11;2;62;4;47;2;51;1;57;1;31;0;28;1;22;1;5;0;0;0;0;2;2;0;0;2;31;1;75;5;44;1;10;2;42;4;10;2;19
03.11.2024;17:39;A 36;1;2;2;4;87;1;9;0;0;3;85;0;9;0;0;3;50;7;54;1;9;0;100;5;43;4;61;4;17;1;67;2;14;2;19;3;15;3;40;4;12;2;15;4;11;2;44;0;0;1;41;3;66;1;33;0;0;2;9;2;68;2;16
03.11.2024;17:38;A 36;1;0;0;4;56;2;17;0;0;2;56;1;30;0;0;0;0;2;7;4;7;5;54;0;0;4;17;3;28;2;48;2;16;3;32;0;13;1;14;2;20;3;28;3;7;2;5;0;0;2;51;1;47;1;42;1;1;1;57;1;10;1;2
03.11.2024;17:37;A 36;1;0;0;6;15;2;78;0;27;2;39;4;30;0;0;0;0;4;60;3;5;3;51;0;0;1;49;3;24;5;52;2;49;4;37;3;49;3;36;2;53;2;48;3;17;0;38;0;0;2;10;1;6;2;38;1;3;4;13;2;8;2;37
03.11.2024;17:36;A 36;1;1;1;3;89;1;20;1;42;0;100;3;26;2;5;1;17;4;59;2;55;0;83;1;9;2;76;1;57;0;0;2;77;1;99;3;90;2;67;2;64;0;100;1;49;3;70;0;0;1;52;2;24;2;27;1;5;1;6;1;38;2;26
03.11.2024;17:35;A 36;1;1;2;1;3;0;0;1;50;0;100;0;0;1;4;1;1;4;59;6;48;5;89;1;9;2;77;5;61;1;88;1;4;0;0;1;41;3;38;3;12;1;53;3;48;3;22;0;0;2;48;1;30;3;75;1;3;1;5;0;0;3;5
03.11.2024;17:34;A 36;1;0;0;4;82;3;79;1;30;1;100;1;38;2;7;1;4;4;15;2;9;3;7;0;0;4;33;2;26;3;54;1;68;1;3;0;0;1;71;0;6;1;8;0;0;3;51;0;0;5;75;3;75;1;9;0;0;5;35;3;33;1;3
03.11.2024;17:33;A 36;1;0;0;4;66;2;64;0;0;2;74;2;15;0;0;1;2;6;9;1;5;2;45;2;15;1;27;5;10;3;45;1;2;7;73;2;62;1;91;2;5;1;85;0;67;3;12;0;0;1;50;2;47;0;43;1;3;5;45;4;31;0;0
03.11.2024;17:32;A 36;1;0;0;5;62;2;26;0;1;0;78;3;12;0;0;2;28;4;63;4;42;1;8;2;26;1;78;1;40;1;4;0;0;2;60;4;58;1;11;0;0;3;65;3;78;2;3;0;0;3;29;0;24;1;13;0;0;1;39;0;0;1;2
03.11.2024;17:31;A 36;1;0;0;5;67;3;28;2;67;3;79;4;20;1;76;2;46;3;33;3;27;2;40;1;14;1;45;2;38;2;28;0;0;4;68;2;43;2;36;0;0;2;81;4;31;2;5;0;0;2;62;3;65;0;0;2;3;1;68;2;28;0;0
03.11.2024;17:30;A 36;1;0;0;2;42;0;0;0;0;4;23;0;0;0;0;1;2;4;55;4;19;4;27;1;8;4;40;8;42;4;17;2;65;4;6;0;60;3;86;2;7;2;77;0;0;6;41;0;0;2;47;4;34;3;38;0;0;1;57;3;41;1;23
03.11.2024;17:29;A 36;1;0;0;3;48;2;36;2;71;2;36;1;42;1;57;1;5;3;74;1;9;4;25;2;11;2;84;5;13;2;20;1;23;1;46;2;42;2;9;1;6;2;51;2;5;3;13;0;0;2;51;2;41;1;26;0;1;2;47;2;43;3;9
03.11.2024;17:28;A 36;1;2;4;5;87;1;30;1;20;2;75;1;45;0;0;0;0;3;90;3;76;3;16;0;0;2;86;3;82;2;20;0;0;4;35;1;27;3;60;0;0;3;54;2;8;2;64;0;0;4;69;2;61;2;71;1;4;3;64;3;37;2;5
03.11.2024;17:27;A 36;1;2;2;4;43;3;19;0;50;1;77;5;21;0;0;0;0;3;80;2;54;5;88;0;0;2;75;2;10;1;96;1;20;2;56;1;1;1;66;0;6;2;45;2;9;2;2;0;0;1;60;0;76;1;1;0;0;1;7;0;0;0;0
03.11.2024;17:26;A 36;1;0;0;1;32;3;18;1;54;1;75;4;27;1;11;1;1;4;66;4;7;1;88;1;8;3;59;3;70;2;94;1;1;3;22;4;21;2;29;2;8;3;37;1;32;4;9;0;0;2;75;4;75;1;17;0;0;0;76;3;57;1;6
03.11.2024;17:25;A 36;1;1;10;4;20;2;11;0;24;2;34;1;20;0;0;1;15;2;45;0;0;4;71;2;7;2;30;3;7;2;69;1;4;1;73;2;58;4;34;1;1;4;52;3;17;0;38;0;0;3;64;2;4;2;77;2;4;4;77;3;31;2;6
03.11.2024;17:24;A 36;1;0;0;0;98;1;16;1;65;0;100;1;25;1;5;2;3;9;29;5;24;4;79;1;12;1;51;3;40;1;25;0;0;1;83;0;0;1;92;0;0;3;8;0;0;2;29;0;0;1;30;0;16;1;56;3;7;3;15;0;0;1;4
03.11.2024;17:23;A 36;1;1;0;4;44;2;4;0;0;7;50;2;14;0;0;1;1;4;62;2;12;4;53;1;7;1;77;5;31;3;12;3;46;1;51;1;50;4;76;3;18;2;7;0;5;5;76;0;0;1;55;2;65;2;41;4;14;3;11;2;13;0;40
03.11.2024;17:22;A 36;1;1;22;2;38;0;35;0;0;0;42;0;0;0;0;1;43;3;67;2;58;3;88;1;10;3;80;3;60;2;21;0;37;0;37;3;38;3;62;0;0;1;0;9;34;0;70;0;0;0;0;0;0;1;63;2;8;1;2;0;18;3;60
03.11.2024;17:21;A 36;1;2;3;4;19;1;12;0;0;2;35;2;11;0;0;3;3;5;19;4;60;0;100;4;11;4;24;4;42;2;32;2;3;4;49;2;9;3;42;1;7;3;17;3;11;1;49;0;0;5;61;0;54;1;97;1;8;2;78;0;100;0;100
03.11.2024;17:20;A 36;1;0;0;3;81;2;25;0;0;2;91;3;10;0;0;0;0;3;23;4;36;5;89;0;0;2;37;5;33;1;83;0;0;4;29;3;16;1;46;0;0;2;27;5;17;1;33;0;0;3;70;3;21;2;39;0;0;3;85;4;44;3;8
03.11.2024;17:19;A 36;1;0;0;2;95;2;95;0;0;0;100;0;99;0;0;0;27;6;36;2;28;6;83;0;0;0;47;8;27;1;99;2;28;2;63;1;27;2;3;2;13;2;56;2;18;1;10;0;0;2;28;2;28;0;67;0;0;0;34;0;7;0;0
03.11.2024;17:18;A 36;1;0;0;4;72;3;78;0;0;2;94;1;91;0;0;2;7;4;32;1;4;7;79;1;15;3;47;8;61;2;98;0;0;2;64;0;0;1;96;0;0;2;54;1;3;0;100;0;0;4;63;2;24;2;30;1;2;3;57;3;21;2;13
03.11.2024;17:17;A 36;1;0;0;5;87;3;41;0;0;0;100;5;55;0;0;1;2;2;92;1;1;5;92;2;10;1;31;1;30;0;100;0;0;3;44;3;40;5;70;0;0;1;49;2;19;6;62;0;0;3;79;2;36;1;14;0;0;3;79;1;53;0;14
03.11.2024;17:16;A 36;1;0;0;3;75;2;14;1;20;2;81;0;13;0;24;1;1;4;74;2;73;2;95;1;5;2;88;2;73;1;89;0;0;4;87;5;64;2;50;0;0;1;43;7;55;0;51;0;0;2;28;3;20;1;17;2;8;3;32;5;34;1;28
03.11.2024;17:15;A 36;1;1;1;5;86;0;0;3;51;3;91;2;13;3;49;1;51;4;72;3;65;4;60;1;7;3;73;8;47;2;71;0;0;1;67;2;79;2;52;0;0;1;74;2;81;3;32;0;0;3;53;3;50;1;32;1;4;1;56;2;49;1;10
03.11.2024;17:14;A 36;1;2;4;1;95;0;0;0;0;1;83;0;0;0;0;0;23;6;10;0;23;6;92;0;0;2;46;3;10;1;94;1;2;1;3;1;36;0;0;1;6;1;7;3;27;1;2;0;0;6;5;4;45;3;85;1;4;7;32;0;87;0;93
03.11.2024;17:13;A 36;1;0;0;3;68;1;54;0;0;2;88;1;9;0;0;2;40;2;3;5;31;2;62;1;10;1;15;5;28;4;22;0;0;6;40;4;43;3;64;0;0;0;80;3;40;2;63;0;0;0;5;1;19;1;45;1;6;0;0;2;9;2;44
03.11.2024;17:12;A 36;1;0;0;6;85;3;79;0;0;1;96;0;81;0;0;1;23;6;19;3;17;3;56;1;9;3;32;2;27;1;58;3;42;3;6;3;5;0;0;3;51;4;30;1;42;0;0;0;0;4;24;2;14;2;70;0;0;2;32;2;18;2;59
03.11.2024;17:11;A 36;1;0;0;5;87;6;84;0;0;1;95;3;97;0;0;2;3;2;66;4;59;2;55;2;9;2;67;3;77;4;54;1;45;2;67;0;0;0;86;1;6;0;69;0;0;0;0;0;0;3;62;2;30;2;58;0;0;2;40;3;35;3;19
03.11.2024;17:10;A 36;1;2;2;1;11;0;0;0;0;2;25;1;6;0;0;1;44;3;70;2;57;5;79;1;8;2;84;1;66;1;44;4;60;2;68;1;55;2;78;3;22;1;76;0;55;2;15;0;0;5;43;3;22;0;0;0;0;1;57;2;30;0;0
03.11.2024;17:09;A 36;1;0;0;1;1;0;49;1;25;1;5;0;0;2;10;2;46;1;53;2;20;2;56;1;10;1;8;1;8;1;64;3;74;5;71;5;87;1;46;1;64;2;84;2;84;2;8;0;0;1;81;1;42;4;30;0;0;1;91;3;15;0;37
03.11.2024;17:08;A 36;1;1;4;4;30;4;38;0;0;0;37;3;28;0;0;0;0;4;56;3;5;2;58;2;12;1;31;5;22;4;25;1;22;2;46;2;46;3;53;2;26;3;23;3;18;2;29;0;0;2;73;1;45;1;88;1;5;2;81;1;10;1;94
03.11.2024;17:07;A 36;1;0;0;3;51;0;17;1;41;3;41;1;0;0;40;0;0;5;75;3;73;3;50;0;0;2;28;4;32;1;54;0;24;1;77;1;52;5;47;0;0;1;9;3;9;2;55;0;0;3;3;2;2;0;0;1;2;4;27;3;9;0;0
03.11.2024;17:06;A 36;1;0;0;1;84;1;24;1;26;1;9;1;9;2;22;0;30;5;31;2;16;4;90;0;0;2;42;2;17;1;99;1;3;1;53;1;1;2;58;1;9;1;11;0;3;2;54;0;0;3;31;0;0;2;60;0;1;2;40;2;64;1;65
03.11.2024;17:05;A 36;1;0;0;1;75;3;56;0;0;1;6;3;38;0;0;1;10;6;31;0;27;2;18;1;11;0;47;0;0;3;23;0;1;2;50;1;42;2;64;0;0;1;6;2;11;2;54;0;0;1;53;1;2;0;0;2;12;2;49;1;9;0;0
03.11.2024;17:04;A 36;1;0;0;5;76;1;66;0;0;2;89;1;4;0;0;0;0;1;77;1;45;3;46;0;0;2;27;0;0;1;59;1;0;2;48;1;68;3;93;1;4;1;56;1;43;2;99;0;0;2;16;2;15;0;38;0;0;0;19;1;18;0;0
03.11.2024;17:03;A 36;1;1;1;7;53;3;6;1;34;2;76;5;22;1;7;0;0;7;27;1;43;1;63;0;0;3;32;1;9;1;39;0;0;1;37;2;21;4;71;0;0;1;9;2;15;2;79;0;0;4;75;2;13;1;52;0;0;3;23;3;19;1;4
03.11.2024;17:02;A 36;1;3;26;5;22;2;20;1;67;1;44;2;19;3;8;0;0;1;21;2;86;5;71;0;0;1;32;3;35;2;33;2;29;2;9;1;2;5;26;2;11;2;17;1;8;2;32;0;0;2;55;1;18;0;16;0;0;2;35;1;10;0;0
03.11.2024;17:01;A 36;1;1;1;1;27;0;0;1;55;0;28;0;0;1;7;0;0;7;69;2;54;4;12;0;0;2;87;3;12;2;16;1;2;2;29;0;0;1;11;1;6;2;9;0;0;1;5;0;0;2;55;0;0;1;54;0;0;2;24;0;0;2;7
03.11.2024;17:00;A 36;1;0;0;6;58;3;33;0;0;2;74;0;38;0;0;2;2;11;30;5;36;1;76;1;5;3;44;3;39;1;79;2;31;2;50;1;1;0;0;0;1;1;9;1;3;0;0;0;0;5;44;6;23;1;57;0;0;2;58;3;43;1;8
03.11.2024;16:59;A 36;1;2;1;2;59;1;63;0;0;2;68;2;30;0;0;2;50;3;30;2;3;3;2;3;35;3;41;1;4;4;42;0;0;2;28;1;29;1;50;1;17;0;33;0;29;0;51;0;0;1;75;2;5;0;0;2;9;1;3;1;60;0;0
03.11.2024;16:58;A 36;1;1;1;3;87;5;60;1;0;1;59;1;38;0;0;1;0;2;49;1;47;1;75;3;5;2;11;1;6;1;4;3;23;3;36;3;4;3;75;1;29;2;57;2;35;1;84;0;0;3;77;1;56;0;0;0;0;1;88;2;14;0;0
03.11.2024;16:57;A 36;1;0;0;1;70;1;49;0;0;3;61;2;17;0;0;0;0;8;64;3;32;4;64;0;0;3;81;2;29;2;51;2;39;1;1;0;0;2;76;3;27;4;20;1;35;7;54;0;0;1;87;1;6;1;2;0;0;2;18;1;8;0;1
03.11.2024;16:56;A 36;1;0;0;2;84;0;0;3;5;2;11;0;0;1;10;2;36;6;37;2;33;3;50;1;39;3;51;2;7;1;61;1;26;0;0;0;0;1;95;1;6;0;0;0;0;0;100;0;0;4;38;5;36;2;92;1;5;1;51;2;21;1;40
03.11.2024;16:55;A 36;1;0;0;2;73;0;74;0;99;1;8;0;0;1;52;1;20;3;46;3;54;4;47;1;28;2;67;1;29;2;24;1;23;6;49;5;47;0;0;1;9;2;31;4;62;1;1;0;0;3;58;4;57;1;12;1;5;1;56;3;20;2;9
03.11.2024;16:54;A 36;1;0;0;2;70;2;74;1;13;1;78;2;54;1;5;2;3;6;49;2;41;5;53;0;6;2;65;3;44;2;59;1;48;3;70;4;69;2;54;1;6;3;71;2;53;2;53;0;0;2;4;1;1;2;44;0;0;2;16;1;5;1;28
03.11.2024;16:53;A 36;1;0;0;5;78;2;52;2;29;5;39;2;17;2;22;1;67;2;42;3;3;6;85;2;32;1;53;2;25;2;76;1;2;4;50;2;52;2;37;1;6;1;61;1;60;2;41;0;0;1;1;1;13;2;61;0;0;1;83;1;8;2;12
03.11.2024;16:52;A 36;1;0;0;2;54;0;0;2;47;1;49;1;2;2;9;2;82;2;78;2;79;4;80;2;40;2;85;2;13;3;66;1;1;5;72;3;31;2;63;1;6;3;68;3;40;1;7;0;0;0;0;0;0;0;15;1;2;1;2;0;0;1;0
03.11.2024;16:51;A 36;1;0;0;1;75;0;37;1;59;2;27;0;0;2;35;1;78;4;80;3;80;2;26;2;80;1;94;3;88;1;32;0;0;2;40;2;22;1;61;0;0;3;47;1;36;1;10;0;0;2;80;1;1;1;27;1;7;2;41;1;5;1;6
03.11.2024;16:50;A 36;1;2;6;2;76;1;86;1;45;2;12;1;10;1;3;1;1;0;0;0;0;4;88;1;5;0;0;0;0;2;38;2;42;1;12;0;44;0;62;1;7;1;7;0;0;1;5;0;0;4;73;2;44;3;93;3;12;2;60;4;77;0;33
03.11.2024;16:49;A 36;1;0;0;2;47;2;78;0;0;2;15;1;11;0;0;1;1;7;68;3;61;1;60;1;5;1;82;0;67;3;18;1;2;2;5;3;37;1;10;2;9;1;24;2;19;1;4;0;0;3;56;2;60;1;52;1;4;2;13;1;94;2;37
03.11.2024;16:48;A 36;1;1;1;3;71;1;71;0;0;2;46;3;10;0;0;3;14;4;49;4;72;3;53;3;16;5;57;3;30;3;12;0;0;1;3;0;0;3;6;0;0;3;16;0;0;0;10;0;0;1;35;1;56;2;61;0;0;1;41;2;35;1;31
03.11.2024;16:47;A 36;1;0;0;2;53;2;40;0;0;1;63;2;16;0;0;0;0;3;26;2;61;3;21;0;0;1;33;1;30;2;29;2;50;3;56;4;61;1;64;1;60;2;10;2;72;2;70;0;0;1;55;3;37;0;53;1;3;1;44;1;39;1;2
03.11.2024;16:46;A 36;1;0;0;2;66;2;8;0;0;2;13;3;19;0;0;0;0;9;66;6;38;4;53;1;1;2;79;3;54;1;54;0;0;1;63;1;62;2;85;0;0;1;8;2;8;2;86;0;0;5;47;4;45;4;54;2;9;2;19;3;55;3;56
03.11.2024;16:45;A 36;1;0;0;5;66;4;6;1;11;0;73;1;68;2;6;0;0;3;74;1;67;6;88;0;0;2;87;2;72;0;55;0;0;1;29;1;32;0;0;1;17;1;5;1;5;0;0;0;0;4;36;4;39;0;35;1;5;1;59;2;60;0;0
03.11.2024;16:44;A 36;1;0;0;4;75;3;43;1;34;2;89;3;46;1;6;0;0;3;49;1;1;2;71;0;0;3;15;0;3;3;68;0;43;2;5;2;41;2;45;0;0;0;47;1;10;1;53;0;0;2;50;2;41;1;35;1;3;3;52;1;54;1;7
03.11.2024;16:43;A 36;1;0;0;6;72;3;35;1;14;3;85;3;48;1;5;2;22;2;11;2;11;2;70;1;30;3;15;2;20;1;23;1;12;3;28;1;2;0;0;1;8;3;41;2;14;0;0;0;0;0;0;1;4;0;0;1;2;0;0;1;9;0;0
03.11.2024;16:42;A 36;1;1;1;4;62;2;28;0;0;1;49;0;34;0;0;1;1;1;43;0;0;1;80;2;4;1;9;0;0;2;11;1;2;2;11;2;8;2;16;1;9;2;11;3;10;2;19;0;0;2;71;0;0;0;12;1;4;2;23;0;0;0;0
03.11.2024;16:41;A 36;1;2;3;4;89;2;4;0;0;0;100;1;47;0;0;0;0;4;69;2;73;2;13;0;0;3;27;2;18;3;9;0;0;4;26;3;24;2;6;0;0;0;35;0;29;0;53;0;0;1;82;3;5;1;23;0;0;0;82;2;86;1;5
03.11.2024;16:40;A 36;1;1;1;4;71;1;1;0;0;2;75;2;64;0;0;3;54;4;66;1;58;4;19;2;63;2;76;1;3;1;28;0;8;1;26;1;36;1;19;0;0;2;25;2;33;3;10;0;0;2;10;0;0;0;0;1;4;2;19;1;3;0;0
03.11.2024;16:39;A 36;1;0;0;3;69;1;1;0;26;2;75;1;7;0;0;0;0;3;75;2;71;3;85;1;1;2;82;1;66;1;87;1;25;1;26;2;53;2;31;1;7;1;17;2;10;0;35;0;0;1;2;1;10;0;80;1;5;1;11;1;11;0;0
03.11.2024;16:38;A 36;1;0;0;1;54;0;0;1;76;2;27;0;0;1;6;1;2;2;45;1;13;5;82;1;5;2;32;2;11;1;76;1;5;1;37;1;1;3;87;1;13;1;7;0;0;0;100;0;0;3;28;2;46;1;18;0;0;2;36;0;50;1;3
03.11.2024;16:37;A 36;1;0;0;2;68;1;34;1;59;2;30;1;7;1;8;3;6;4;48;3;2;2;65;5;13;3;16;4;15;1;71;2;42;3;36;4;37;1;98;2;16;4;48;3;41;1;89;0;0;0;4;2;22;1;69;0;0;0;0;2;72;0;70
03.11.2024;16:36;A 36;1;0;0;4;57;2;5;0;0;1;60;0;54;0;0;2;1;2;3;3;3;1;46;1;7;1;48;0;8;2;51;2;43;1;59;0;0;0;78;2;20;0;59;0;0;1;8;0;0;2;16;0;0;1;79;1;5;2;15;1;56;1;56
03.11.2024;16:35;A 36;1;1;1;2;61;2;43;0;61;2;49;3;67;0;0;1;35;4;91;3;90;1;20;1;12;0;100;1;100;2;17;2;40;4;33;2;40;1;16;1;41;4;40;2;12;1;5;0;0;1;59;1;45;2;43;1;7;1;9;1;8;1;24
03.11.2024;16:34;A 36;1;0;0;1;25;1;38;1;84;1;7;1;11;1;5;0;0;7;58;0;0;1;33;0;0;0;100;0;100;2;6;3;29;0;0;1;26;4;30;2;12;0;0;1;5;0;36;0;0;1;23;5;26;1;87;0;0;1;13;1;50;1;100
03.11.2024;16:33;A 36;1;0;0;2;78;0;0;1;83;2;44;0;0;1;6;0;45;3;65;0;45;6;79;0;0;2;78;1;19;2;82;2;25;4;52;0;0;3;57;2;28;4;25;0;0;3;26;0;0;0;0;0;45;0;69;1;4;0;0;0;0;0;100
03.11.2024;16:32;A 36;1;0;0;5;52;3;3;1;5;1;68;2;13;0;6;1;9;1;17;2;13;2;58;1;9;2;11;2;11;2;43;1;33;2;68;1;20;2;11;1;8;2;55;2;11;2;14;0;0;2;5;3;23;1;1;1;4;2;22;2;19;1;8
03.11.2024;16:31;A 36;1;1;1;3;4;0;0;1;41;1;63;0;0;2;34;0;0;6;30;5;34;4;43;3;2;2;46;4;27;4;30;1;41;4;22;2;15;2;2;1;7;1;35;2;8;0;1;0;0;0;27;1;27;0;0;0;0;0;0;0;30;0;0
03.11.2024;16:30;A 36;1;0;0;2;77;3;5;0;0;1;76;1;39;0;0;1;11;9;20;4;45;3;54;0;2;7;46;3;25;0;57;2;39;2;42;3;4;1;40;2;36;2;12;2;16;2;41;0;0;6;17;7;54;0;0;0;0;1;37;3;44;0;0
03.11.2024;16:29;A 36;1;1;2;2;57;1;66;1;31;1;70;1;29;1;11;0;0;7;58;3;42;5;88;1;5;6;74;2;56;2;62;1;52;1;54;0;58;2;72;0;2;1;3;0;0;2;43;0;0;1;58;3;47;0;0;1;3;2;56;3;53;0;0
03.11.2024;16:28;A 36;1;4;26;4;84;6;49;1;0;1;76;3;55;0;0;1;3;5;54;1;58;2;85;1;7;5;59;2;64;3;74;1;47;3;50;3;41;1;59;2;8;1;49;2;15;1;8;0;0;1;49;2;48;0;0;0;1;5;24;1;59;0;0
03.11.2024;16:27;A 36;1;2;1;2;37;3;5;0;0;1;44;1;42;0;0;0;0;3;61;2;55;2;76;0;0;2;74;2;54;2;20;2;38;0;34;0;0;0;0;2;26;1;6;1;4;0;0;0;0;4;62;1;52;1;15;2;8;2;69;1;11;0;17
03.11.2024;16:26;A 36;1;0;0;1;45;0;0;0;0;2;15;1;2;0;0;0;0;1;5;0;0;3;68;0;0;2;10;0;0;2;73;1;19;1;25;1;44;3;16;1;5;1;7;1;20;4;14;0;0;3;73;4;37;1;60;0;0;2;40;3;56;3;49
03.11.2024;16:25;A 36;1;1;2;0;0;0;0;0;0;0;0;0;0;0;0;0;0;3;31;2;6;2;69;0;0;3;42;1;10;2;59;0;43;3;18;2;7;0;68;0;0;3;11;3;14;0;0;0;0;1;73;2;14;1;17;2;10;1;11;2;45;1;4
03.11.2024;16:24;A 36;1;2;1;1;34;0;34;0;0;0;35;0;0;0;0;1;2;4;6;3;7;3;29;1;6;2;20;3;11;3;24;5;63;6;5;4;3;3;76;4;47;4;17;3;12;2;72;0;0;2;3;3;27;0;0;0;0;2;14;2;37;0;0
03.11.2024;16:23;A 36;1;0;0;2;75;2;56;0;0;2;73;2;21;0;0;0;0;5;8;5;38;5;77;0;0;4;22;3;43;1;90;1;1;0;0;0;0;1;27;1;8;0;0;0;0;1;33;0;0;4;63;1;58;0;0;0;0;2;74;1;8;0;0
03.11.2024;16:22;A 36;1;0;0;5;85;4;36;1;51;1;93;2;55;1;5;1;52;2;82;1;74;5;36;1;7;4;73;1;3;2;48;2;43;0;42;1;40;2;65;1;17;0;0;0;0;1;11;0;0;1;1;1;1;1;19;1;9;2;9;1;6;0;18
03.11.2024;16:21;A 36;1;0;27;4;82;1;14;0;56;1;96;1;8;0;0;1;2;4;85;3;83;6;89;1;7;1;92;2;82;0;100;1;29;2;34;0;0;1;52;2;14;1;38;1;11;1;4;0;0;5;76;3;82;4;14;1;6;2;73;1;90;3;17
03.11.2024;16:20;A 36;1;1;60;2;67;1;1;1;87;1;77;1;7;1;3;0;0;7;11;6;49;0;100;0;0;3;86;3;65;0;100;1;72;3;68;3;2;2;38;1;4;4;63;2;6;3;11;0;0;3;65;1;65;1;77;0;0;2;72;1;9;3;27
03.11.2024;16:19;A 36;1;0;0;2;91;0;0;1;45;2;21;0;0;1;6;1;26;5;40;0;0;3;61;1;7;2;57;1;1;4;62;4;35;3;3;2;2;3;25;1;18;2;8;2;6;1;48;0;0;5;38;5;50;0;0;0;0;4;48;3;57;0;0
03.11.2024;16:18;A 36;1;0;0;2;3;0;0;1;10;1;89;0;0;0;10;1;4;2;42;3;43;0;0;1;8;1;31;1;28;0;0;2;77;1;5;1;90;2;23;2;74;2;10;1;6;1;29;0;0;3;3;0;0;1;63;0;0;2;13;1;68;2;68
03.11.2024;16:17;A 36;1;0;0;3;2;0;0;1;21;2;10;0;0;1;26;4;26;4;57;4;54;2;62;2;16;1;39;3;18;1;34;0;0;3;44;1;74;1;62;0;0;1;63;1;6;2;30;0;0;3;21;2;22;3;67;1;5;1;31;1;27;2;19
03.11.2024;16:16;A 36;1;3;3;3;64;1;68;0;0;3;12;0;71;0;0;0;0;3;68;0;0;8;55;2;18;4;80;1;6;3;38;1;4;1;61;3;57;1;91;1;12;0;0;0;67;1;91;0;0;1;31;2;86;1;85;2;6;3;37;3;23;2;6
03.11.2024;16:15;A 36;1;0;0;3;47;2;45;0;0;1;36;1;55;0;0;0;83;2;88;1;17;1;80;0;0;1;54;1;6;2;21;1;43;1;44;0;0;3;10;1;7;2;16;1;3;3;12;0;0;5;62;3;4;0;1;1;4;4;21;3;15;0;0
03.11.2024;16:14;A 36;1;1;0;1;32;1;41;0;0;2;38;2;41;0;0;2;19;3;12;0;0;0;16;2;8;2;16;0;0;0;0;0;0;0;0;0;0;0;0;0;0;0;0;0;0;0;0;0;0;2;2;1;1;2;43;0;0;3;12;1;46;1;50
03.11.2024;16:13;A 36;1;0;0;4;43;2;40;0;0;0;51;1;25;0;0;0;0;2;3;1;61;4;80;0;0;3;12;1;10;1;26;1;23;2;36;1;28;1;62;1;7;1;41;1;6;0;3;0;0;3;74;1;24;0;12;1;6;1;86;1;7;0;0
03.11.2024;16:12;A 36;1;2;29;1;94;6;28;1;11;0;100;4;45;1;6;1;0;4;85;2;4;5;92;1;3;0;93;4;23;0;100;2;28;3;28;5;21;2;55;2;21;2;32;2;35;2;47;0;0;3;13;0;0;1;73;0;0;1;56;0;0;2;5
03.11.2024;16:11;A 36;1;1;3;2;6;1;1;1;31;1;11;1;6;1;6;1;1;2;36;0;0;2;93;0;0;3;26;0;0;1;99;1;54;1;55;1;20;2;47;1;7;1;7;0;19;2;16;0;0;2;72;4;38;1;39;2;15;0;79;1;52;1;3
03.11.2024;16:10;A 36;1;0;0;4;21;3;20;0;0;2;36;0;24;0;0;1;72;5;20;1;1;4;86;1;17;3;31;1;4;1;100;4;45;4;50;1;42;2;44;1;36;2;31;2;14;1;49;0;0;1;82;0;0;0;0;1;4;2;17;0;0;0;0
03.11.2024;16:09;A 36;1;0;0;2;87;1;86;0;28;2;67;2;61;0;0;2;56;2;62;0;53;6;90;2;12;0;63;0;0;2;99;1;31;1;49;1;77;2;46;2;34;2;45;1;7;2;47;0;0;2;16;0;0;3;68;0;0;2;11;0;0;2;68
03.11.2024;16:08;A 36;1;0;0;1;85;1;55;1;57;2;50;1;65;1;4;0;0;3;37;2;6;4;86;0;0;3;32;2;13;2;98;0;0;1;67;1;37;3;79;0;0;1;7;1;11;3;74;0;0;2;16;0;0;1;84;0;0;2;22;0;82;0;85
03.11.2024;16:07;A 36;1;0;0;2;37;2;1;2;31;2;18;1;6;1;37;2;3;5;19;4;7;4;77;2;11;3;30;3;18;3;53;3;7;5;41;4;29;2;57;3;16;1;57;1;42;2;26;0;0;1;0;2;12;1;40;1;5;3;7;1;61;1;45
03.11.2024;16:06;A 36;1;0;0;1;65;1;50;0;0;0;67;1;57;0;0;0;0;3;8;3;1;5;87;0;0;1;18;2;11;2;96;1;66;0;0;0;0;1;17;0;0;1;1;0;0;2;7;0;0;2;4;1;20;1;39;2;19;1;12;2;9;0;39
03.11.2024;16:05;A 36;1;0;0;6;40;2;2;1;77;6;58;2;11;0;4;0;0;4;6;1;2;1;64;2;4;1;12;0;0;2;12;3;85;1;41;2;17;5;89;0;87;1;10;2;19;1;69;0;0;1;1;2;2;2;65;1;5;3;42;3;6;4;43
03.11.2024;16:04;A 36;1;1;1;4;49;1;1;3;39;2;59;1;3;2;50;0;0;3;67;1;66;0;0;0;0;2;80;2;70;0;0;2;37;3;42;0;48;1;27;3;42;2;39;0;6;1;8;0;0;2;48;0;0;0;20;0;0;2;15;0;0;0;0
03.11.2024;16:03;A 36;1;0;0;4;34;1;25;0;0;2;59;1;5;0;0;1;2;4;32;2;26;1;2;1;7;2;59;1;32;0;0;4;20;3;30;6;14;2;6;4;15;2;7;5;28;3;13;0;0;2;38;0;0;1;97;0;0;2;20;0;0;1;2
03.11.2024;16:02;A 36;1;0;0;1;28;0;0;0;0;2;84;1;6;0;0;0;0;5;32;2;21;1;44;0;0;1;44;2;24;2;19;1;3;5;16;4;4;2;49;1;6;2;19;5;24;0;53;0;0;1;52;0;0;0;6;0;0;1;10;0;0;0;0
03.11.2024;16:01;A 36;1;0;0;1;46;0;0;0;0;1;53;0;0;0;0;1;1;3;70;3;4;3;7;0;0;1;31;3;18;0;9;0;28;4;28;0;25;6;84;0;0;2;34;0;0;2;99;0;0;3;73;3;53;1;81;0;0;0;81;3;63;1;6
03.11.2024;16:00;A 36;1;0;0;1;12;0;0;0;31;1;7;0;0;0;0;1;1;3;50;3;64;4;68;1;6;2;67;1;64;2;24;1;68;1;44;1;32;4;87;1;8;1;51;1;14;1;97;0;0;1;20;3;64;1;8;1;3;2;16;0;71;1;5
03.11.2024;15:59;A 36;1;0;0;2;76;4;32;1;51;1;34;0;42;1;5;1;1;5;42;1;14;8;75;1;4;3;57;2;14;1;96;2;58;2;3;0;24;1;50;1;7;3;7;0;0;3;18;0;0;2;34;2;1;0;0;0;0;1;45;3;25;0;0
03.11.2024;15:58;A 36;1;0;0;2;53;3;67;0;0;1;61;1;82;0;0;1;3;3;55;1;39;2;93;1;10;2;61;1;12;2;99;1;11;4;15;4;52;3;39;2;11;0;26;1;27;0;45;0;0;2;2;0;0;0;0;0;0;2;8;0;0;0;0
03.11.2024;15:57;A 36;1;3;6;2;23;4;24;2;1;2;32;1;41;0;0;0;0;4;8;2;2;4;91;0;0;2;18;2;7;2;96;3;60;3;65;1;32;1;42;1;14;3;73;1;42;2;33;0;0;4;50;2;51;1;82;2;10;2;34;2;39;0;0
03.11.2024;15:56;A 36;1;0;0;1;27;0;0;0;0;2;27;1;4;0;0;0;0;2;33;6;38;3;86;0;0;2;15;3;28;0;90;1;42;1;58;1;33;0;0;1;54;2;62;1;6;0;0;0;0;4;30;3;52;4;53;3;5;3;35;3;18;5;20
03.11.2024;15:55;A 36;1;0;0;2;52;4;70;0;0;2;31;2;40;0;0;0;0;3;21;1;36;1;31;0;0;3;19;2;8;2;13;1;46;1;59;1;1;4;7;1;7;1;6;1;2;0;12;0;0;5;15;2;2;1;15;0;0;6;27;2;7;2;4
03.11.2024;15:54;A 36;1;0;0;2;78;0;73;0;0;0;81;0;71;0;0;1;18;3;23;3;23;1;44;0;21;0;29;1;28;0;43;2;13;3;75;1;2;3;90;2;13;3;60;2;13;1;78;0;0;2;16;2;17;0;0;0;0;1;20;0;22;0;0
03.11.2024;15:53;A 36;1;1;1;4;49;1;76;1;27;3;44;1;20;1;6;2;37;3;53;2;38;1;15;2;26;1;62;3;36;2;8;3;61;3;73;4;4;3;86;2;52;2;63;3;13;0;100;0;0;1;51;2;40;1;39;0;0;2;56;1;50;0;5
03.11.2024;15:52;A 36;1;0;0;2;63;3;5;0;0;0;67;3;19;0;0;1;1;6;78;2;31;1;35;1;4;4;20;2;11;1;4;3;32;3;50;1;5;1;54;3;19;3;15;1;6;2;39;0;0;1;59;1;39;1;46;1;6;1;67;1;90;1;49
03.11.2024;15:51;A 36;1;0;0;1;76;0;0;0;0;2;39;0;0;0;0;0;0;2;19;1;29;1;81;0;0;3;40;1;5;1;3;1;44;1;47;0;0;0;0;1;31;0;47;0;0;0;0;0;0;1;48;2;4;1;26;0;0;1;10;2;81;1;33
03.11.2024;15:50;A 36;1;0;0;2;76;1;34;0;0;2;13;1;3;0;0;1;17;2;56;1;19;4;93;1;8;2;33;2;12;0;11;4;28;3;24;2;2;3;58;3;35;3;30;2;9;1;53;0;0;2;22;4;70;0;0;0;0;2;14;2;45;0;0
03.11.2024;15:49;A 36;1;1;1;3;44;1;26;0;0;3;30;1;8;0;0;1;2;3;76;1;1;2;25;1;4;2;21;1;4;2;27;3;13;3;3;1;1;2;44;3;19;2;12;1;3;2;12;0;0;1;2;1;50;0;3;0;0;1;9;3;6;0;0
03.11.2024;15:48;A 36;1;0;0;2;27;1;72;1;23;0;30;1;7;1;5;0;0;4;71;2;70;2;5;0;0;2;19;1;68;4;14;2;28;1;26;1;11;95;29;0;29;0;28;1;7;0;0;0;0;5;10;4;60;1;49;1;4;3;66;2;53;1;5
03.11.2024;15:47;A 36;1;0;0;1;43;1;12;2;17;2;47;1;13;0;20;1;1;7;54;2;8;2;41;1;4;3;68;3;18;2;45;0;0;2;22;2;2;92;51;1;6;2;32;1;4;2;32;0;0;1;54;0;0;0;97;0;1;1;61;0;0;0;0
03.11.2024;15:46;A 36;1;0;0;1;12;2;36;1;69;1;9;2;15;2;60;1;1;2;28;2;15;3;65;1;4;2;37;1;13;3;8;2;3;3;79;3;68;4;33;2;10;3;62;2;31;1;54;0;0;4;68;1;32;1;15;1;4;1;87;0;33;2;5
03.11.2024;15:45;A 36;1;0;0;2;84;0;0;1;22;1;28;0;0;1;6;2;3;6;24;3;18;4;26;1;6;2;37;0;25;4;36;0;82;2;75;0;0;2;69;0;0;1;82;0;0;5;61;0;0;4;61;4;24;2;32;1;4;2;71;3;56;2;35
03.11.2024;15:44;A 36;1;0;0;0;62;1;61;2;64;1;8;0;63;2;55;0;0;5;75;1;52;3;41;1;3;3;87;4;17;1;45;1;16;2;65;1;54;5;78;1;7;1;41;0;6;1;78;0;0;6;51;3;27;1;36;0;0;4;57;3;44;0;0
03.11.2024;15:43;A 36;1;1;0;3;52;2;36;0;0;1;55;3;32;0;0;0;0;3;69;0;0;1;46;0;0;2;48;1;3;2;12;0;0;5;54;1;40;2;69;0;0;1;63;2;4;1;72;0;0;2;55;2;57;1;36;0;0;2;62;1;69;1;6
03.11.2024;15:42;A 36;1;0;0;5;34;0;0;0;51;1;51;0;0;0;0;0;0;4;83;1;1;2;31;0;0;3;55;1;2;1;7;0;0;1;12;2;27;5;77;0;0;1;19;1;35;1;88;0;0;5;68;3;59;2;24;0;0;2;83;3;46;2;7
03.11.2024;15:41;A 36;1;2;2;3;31;1;1;1;53;1;51;2;42;1;6;1;58;6;77;4;73;1;83;0;5;3;90;2;63;2;78;2;9;6;15;1;43;4;48;2;10;3;27;2;29;5;26;0;0;1;66;3;4;0;0;1;1;0;67;3;11;0;0
03.11.2024;15:40;A 36;1;0;0;4;6;2;4;0;20;0;100;0;10;0;0;0;0;11;39;3;14;6;65;1;3;3;41;4;39;2;75;1;2;1;57;1;48;2;31;1;39;1;65;1;5;0;32;0;0;2;22;1;1;4;55;2;4;3;29;3;5;2;59
03.11.2024;15:39;A 36;1;2;2;2;4;1;81;1;13;0;100;2;23;2;6;1;5;4;46;2;13;2;56;3;17;1;46;1;20;2;37;1;75;2;17;2;48;1;83;1;6;1;12;2;53;2;50;0;0;3;41;1;38;0;0;2;7;0;49;2;39;0;0
03.11.2024;15:38;A 36;1;0;0;5;6;3;2;0;0;0;100;3;13;0;0;0;0;4;33;1;1;4;66;1;15;1;15;1;70;0;75;2;91;3;6;3;90;0;100;0;98;1;45;0;96;0;0;0;0;6;52;3;44;0;0;2;5;5;54;7;64;1;0
03.11.2024;15:37;A 36;1;0;0;6;6;1;47;2;62;3;93;1;4;3;7;0;0;2;4;0;0;5;87;3;44;2;56;4;61;2;92;2;67;3;4;2;72;5;78;2;50;5;18;2;30;3;62;0;0;1;80;1;80;0;18;0;0;2;83;1;9;0;0
03.11.2024;15:36;A 36;1;0;0;5;6;4;14;0;0;4;74;2;41;0;0;1;22;3;47;2;15;1;64;1;26;2;42;2;11;2;57;3;36;2;31;2;41;2;57;0;42;1;36;3;11;2;40;0;0;3;67;3;18;1;3;0;0;2;48;5;17;1;4
03.11.2024;15:35;A 36;1;0;0;5;19;0;23;0;0;0;35;1;19;0;0;3;4;1;11;0;0;1;6;1;9;1;6;1;3;1;3;1;41;1;26;2;33;2;66;2;24;1;10;2;10;2;11;0;0;2;77;2;41;1;81;1;7;1;56;1;90;1;85
03.11.2024;15:34;A 36;1;1;1;2;4;2;72;0;0;1;36;1;13;0;0;0;0;3;52;2;52;4;61;0;0;2;65;2;9;3;61;3;42;2;11;2;38;0;0;5;28;3;21;1;43;1;2;0;0;5;36;2;48;0;11;2;13;4;44;3;69;0;0
03.11.2024;15:33;A 36;1;0;0;1;41;0;0;0;0;1;57;1;5;0;0;1;1;1;1;0;0;3;74;0;1;1;3;0;0;2;17;2;10;3;41;3;45;0;59;2;17;2;43;4;19;0;0;0;0;1;3;3;60;1;39;1;8;1;9;2;59;1;26
03.11.2024;15:32;A 36;1;0;0;1;52;1;1;0;0;2;35;1;3;0;0;0;0;5;18;2;2;3;50;1;4;4;18;1;6;3;52;0;31;2;83;2;44;2;48;0;0;3;80;1;7;1;7;0;0;6;71;4;61;0;0;0;0;1;82;6;30;0;0
03.11.2024;15:31;A 36;1;0;0;0;0;1;20;0;0;0;0;2;9;0;0;0;0;5;53;3;19;2;57;0;0;3;54;3;15;2;34;3;28;4;51;1;35;1;56;2;20;4;22;1;3;1;0;0;0;2;4;0;0;0;16;0;0;2;19;1;8;0;0
03.11.2024;15:30;A 36;1;0;0;2;1;0;0;0;0;2;6;0;0;0;0;1;37;6;75;1;1;3;31;1;7;1;78;1;4;3;28;1;27;2;63;3;29;2;30;2;18;2;9;3;29;2;27;0;0;4;68;4;75;2;51;3;12;1;85;1;78;2;9
03.11.2024;15:29;A 36;1;0;0;4;27;5;27;1;0;0;37;0;36;0;0;1;38;2;47;0;0;1;72;1;6;4;56;1;7;2;6;1;31;1;50;2;24;1;17;1;7;1;7;1;3;1;6;0;0;1;47;3;44;1;62;2;1;1;56;2;59;1;4
03.11.2024;15:28;A 36;1;1;8;3;76;7;78;0;39;0;100;1;75;0;0;0;0;1;17;2;22;3;26;0;0;1;7;3;43;2;34;1;11;2;53;4;31;3;49;0;12;2;14;2;22;0;54;0;0;1;51;0;0;1;11;0;0;1;7;0;0;1;6
03.11.2024;15:27;A 36;1;0;0;1;3;2;44;1;63;1;72;1;59;2;9;2;42;3;52;3;11;4;27;2;29;2;26;1;24;2;35;1;10;3;12;2;3;2;34;1;16;2;14;3;14;3;25;0;0;0;0;1;14;1;20;0;0;0;0;1;8;2;10
03.11.2024;15:26;A 36;1;0;0;1;83;0;0;1;92;2;34;1;8;1;4;2;35;4;51;5;52;2;77;2;20;2;65;3;60;2;70;1;58;1;14;2;8;2;18;2;14;1;6;1;8;0;22;0;0;2;13;3;39;0;0;1;4;1;25;1;49;0;0
03.11.2024;15:25;A 36;1;1;1;3;5;2;35;1;2;3;23;1;41;0;5;0;0;5;71;1;62;5;84;0;0;1;87;2;35;1;82;2;64;3;55;2;84;3;48;2;61;2;60;2;72;3;54;0;0;0;0;1;31;0;0;1;10;2;2;1;29;0;4
03.11.2024;15:24;A 36;1;0;0;4;45;1;21;1;15;2;38;1;9;2;18;0;0;5;63;3;63;3;88;0;0;2;71;1;31;3;46;1;67;4;9;4;66;1;60;1;8;0;98;3;81;2;30;0;0;2;20;3;61;1;59;3;7;2;27;7;46;2;23
03.11.2024;15:23;A 36;1;0;0;4;16;3;9;0;0;3;24;4;21;0;0;0;0;2;51;1;40;3;57;0;0;2;60;3;44;1;45;2;2;3;64;1;66;2;94;2;11;1;73;1;3;1;60;0;0;1;68;1;74;2;62;0;0;1;75;1;23;2;9
03.11.2024;15:22;A 36;1;1;3;3;36;4;8;1;0;0;41;2;26;0;0;0;0;3;26;3;26;5;57;0;0;2;44;1;37;2;53;2;31;2;40;1;12;2;64;0;34;2;23;2;12;1;64;0;0;1;21;2;25;1;2;1;12;2;10;2;96;0;1
03.11.2024;15:21;A 36;1;0;0;5;83;3;11;0;0;1;31;0;20;0;0;0;40;5;50;2;45;0;99;0;0;1;57;1;49;0;100;0;100;1;59;0;0;0;100;1;74;2;9;0;0;1;17;0;0;2;49;4;3;0;0;2;2;0;48;1;61;1;25
03.11.2024;15:20;A 36;1;0;0;1;47;1;20;0;0;2;54;2;28;0;0;1;33;4;32;3;13;2;54;1;8;3;43;3;14;2;55;1;2;2;61;3;67;2;15;1;8;1;6;2;68;4;11;0;0;2;47;3;12;1;14;1;18;1;63;0;17;1;5
03.11.2024;15:19;A 36;1;1;0;1;55;1;51;1;80;0;56;1;4;0;81;0;0;1;62;0;0;5;88;0;0;2;67;0;0;0;43;0;0;4;73;2;68;2;82;0;0;4;70;2;17;1;52;0;0;2;63;2;54;2;33;5;52;2;65;2;91;2;41
03.11.2024;15:18;A 36;1;1;3;3;70;3;28;1;71;4;31;3;36;2;8;1;1;2;11;8;11;1;95;1;4;2;11;1;11;1;50;1;2;1;29;0;0;2;53;1;4;2;33;1;24;2;41;0;0;1;1;1;67;1;79;2;5;1;2;1;44;2;50
03.11.2024;15:17;A 36;1;0;0;3;25;2;23;1;42;3;37;4;23;1;5;1;4;5;9;1;54;3;15;1;9;2;26;4;5;3;11;1;6;2;2;1;2;2;32;1;10;2;20;0;100;1;7;0;0;1;5;2;53;0;0;3;5;1;20;3;15;0;0
03.11.2024;15:16;A 36;1;1;2;3;45;1;39;0;0;2;25;2;14;0;0;0;0;3;36;4;39;1;36;0;0;0;50;2;51;1;4;2;49;1;0;2;5;1;90;2;12;0;0;0;100;1;4;0;0;4;49;3;46;2;44;0;0;0;63;0;57;2;32
03.11.2024;15:15;A 36;1;0;0;3;65;3;27;2;11;1;82;2;42;0;13;0;0;5;61;2;42;1;74;0;0;2;70;1;47;2;60;2;78;3;56;3;90;3;21;3;34;2;46;1;88;2;24;0;0;2;56;1;14;1;39;1;3;3;32;1;22;1;4
03.11.2024;15:14;A 36;1;0;0;1;52;0;0;1;70;1;8;0;0;1;73;0;0;3;24;2;28;3;34;0;0;3;34;3;25;2;41;2;49;3;5;2;2;0;0;2;15;2;18;3;11;2;32;0;0;1;46;1;46;2;51;1;4;2;15;1;20;2;8
03.11.2024;15:13;A 36;1;0;0;0;0;0;0;0;15;0;0;0;0;0;0;1;47;2;46;2;47;1;19;1;21;2;30;0;50;1;4;3;31;2;47;2;48;2;19;3;24;2;50;1;8;2;18;0;0;4;29;2;52;0;0;0;0;2;39;2;15;0;0
03.11.2024;15:12;A 36;1;1;14;4;82;4;71;1;50;1;92;1;85;1;5;1;26;2;81;3;88;2;15;1;9;1;44;2;94;2;19;2;4;1;3;2;4;1;24;1;7;1;4;1;10;1;11;0;0;0;32;1;35;3;68;2;12;1;0;1;18;0;74
03.11.2024;15:11;A 36;1;1;2;1;54;1;1;0;15;1;13;1;6;0;0;0;0;2;43;1;37;1;20;0;0;3;55;2;14;1;4;1;2;2;70;0;0;1;12;2;45;3;87;1;85;1;9;0;0;7;16;3;74;1;72;0;88;4;33;1;54;1;12
03.11.2024;15:10;A 36;1;0;0;3;92;27;78;2;68;1;97;2;31;1;13;0;0;2;37;4;24;0;0;0;0;1;29;2;42;0;0;0;0;1;86;0;92;3;11;0;0;0;5;0;100;0;15;0;0;1;2;2;54;2;32;1;93;1;10;2;64;2;11
03.11.2024;15:09;A 36;1;0;0;6;83;3;47;1;50;1;74;1;61;2;27;1;17;5;54;2;19;3;9;1;4;3;35;0;23;3;9;2;72;4;85;4;83;3;88;2;75;1;95;0;100;4;89;0;0;3;16;3;61;1;22;2;36;6;26;2;13;1;6
03.11.2024;15:08;A 36;1;0;0;1;6;0;0;3;67;1;6;1;2;3;54;1;51;5;53;1;70;2;49;1;4;4;62;2;47;2;11;0;64;3;62;2;15;3;78;0;0;3;26;2;19;2;91;0;0;1;13;1;15;1;27;1;3;2;11;1;7;1;12
03.11.2024;15:07;A 36;1;1;18;4;68;0;66;2;66;0;77;5;17;2;71;0;0;4;29;3;44;3;80;0;0;1;44;3;23;1;46;2;55;2;60;3;50;1;77;2;13;2;54;3;54;1;8;0;0;3;12;2;73;0;38;2;2;2;21;3;18;0;0
03.11.2024;15:06;A 36;1;0;0;3;70;1;68;0;0;3;32;1;7;0;0;0;0;2;40;2;28;5;89;0;0;2;51;4;41;1;91;1;1;2;17;1;59;1;80;1;5;3;29;1;3;1;4;0;0;1;36;1;39;1;88;1;3;2;36;1;68;2;43
03.11.2024;15:05;A 36;1;0;0;0;23;1;44;0;0;1;4;1;7;0;0;1;41;5;9;4;37;1;66;1;7;2;33;3;36;2;18;0;0;1;27;2;39;3;75;0;0;1;5;2;9;2;58;0;0;5;57;5;45;1;27;0;0;2;78;2;76;1;32
03.11.2024;15:04;A 36;1;0;0;2;79;1;1;1;47;2;28;1;5;1;36;0;0;7;84;2;1;4;71;0;0;0;100;2;7;2;33;0;22;3;45;2;27;2;76;0;0;2;39;1;35;1;83;0;0;2;60;1;73;0;1;1;4;2;59;3;16;0;0
03.11.2024;15:03;A 36;1;1;0;3;19;1;11;3;67;4;23;0;9;3;14;0;0;6;77;0;57;1;96;0;0;5;92;0;0;1;41;5;32;4;20;5;14;2;45;1;32;2;28;1;23;3;15;0;0;3;67;4;58;2;42;0;0;0;70;2;67;4;7
03.11.2024;15:02;A 36;1;0;0;2;68;2;64;2;31;2;13;3;51;0;34;0;0;2;78;1;10;3;65;0;0;3;61;1;8;3;16;1;15;4;88;2;37;4;39;1;24;0;100;1;46;2;43;0;0;3;72;3;58;1;16;0;0;3;43;3;28;3;2
03.11.2024;15:01;A 36;1;1;1;1;48;2;29;1;83;1;5;3;41;2;33;0;0;3;23;2;35;4;8;0;0;3;18;2;23;2;66;0;0;1;35;3;34;3;56;0;0;1;43;2;43;1;32;0;0;3;51;3;29;2;90;1;6;4;29;2;55;2;55
03.11.2024;15:00;A 36;1;0;0;3;55;1;29;1;17;1;11;2;35;0;19;1;43;4;12;0;0;3;50;0;2;1;24;0;0;1;60;1;3;1;27;2;49;1;56;0;2;1;11;2;36;2;57;0;0;0;42;3;48;4;81;1;4;0;0;0;54;2;78
03.11.2024;14:59;A 36;1;0;0;3;89;2;61;1;50;2;94;2;71;2;42;1;2;9;29;5;27;2;64;2;12;0;50;3;36;0;68;3;70;3;80;2;87;1;1;3;64;1;94;2;28;0;2;0;0;7;59;4;27;1;14;1;6;3;46;4;32;1;5
03.11.2024;14:58;A 36;1;1;0;4;47;2;20;0;0;3;61;1;29;0;0;1;2;2;85;1;52;4;64;0;1;2;82;2;38;7;62;2;4;2;20;4;44;2;26;2;14;2;27;5;26;2;37;0;0;4;44;3;5;2;24;2;6;4;22;1;20;0;26
03.11.2024;14:57;A 36;1;0;0;6;14;1;43;0;0;0;55;1;22;0;0;0;0;2;37;1;3;3;11;1;7;1;48;1;9;1;14;3;44;7;45;4;45;2;70;2;52;4;59;1;53;2;42;0;0;2;63;2;58;3;79;1;4;2;40;2;69;3;33
03.11.2024;14:56;A 36;1;2;3;3;59;2;38;1;45;3;65;2;33;1;25;0;0;2;51;2;2;3;29;0;0;2;11;2;8;2;26;2;88;1;69;2;66;1;51;2;91;1;49;3;54;1;9;0;0;3;3;2;8;1;6;3;10;2;15;3;9;2;4
03.11.2024;14:55;A 36;1;0;0;1;46;1;17;1;15;2;10;1;9;1;5;1;46;1;1;2;3;1;94;1;9;1;3;2;8;2;88;1;29;3;83;2;10;2;30;2;38;1;37;1;45;1;36;0;0;0;70;0;0;1;46;1;5;0;0;0;0;1;6
03.11.2024;14:54;A 36;1;0;0;2;49;1;45;2;21;2;10;2;7;0;24;1;29;4;28;4;28;2;71;1;5;2;31;1;39;1;76;0;0;0;1;0;0;1;24;0;0;1;8;1;2;0;28;0;0;6;64;1;50;3;38;0;0;2;75;1;22;4;44
03.11.2024;14:53;A 36;1;0;0;1;1;0;0;1;49;0;1;0;0;2;18;1;1;6;40;1;17;3;48;1;5;1;49;1;8;2;56;0;0;4;9;1;1;5;79;0;0;4;16;1;2;1;96;0;0;3;72;2;57;0;0;2;18;2;81;1;49;0;0
03.11.2024;14:52;A 36;1;2;1;2;27;2;31;0;0;2;42;2;41;0;0;2;26;3;28;1;22;5;52;0;25;2;37;1;2;2;63;2;5;4;56;2;48;4;60;1;39;2;61;2;37;2;66;0;0;2;48;2;77;3;26;5;12;2;57;4;57;1;11
03.11.2024;14:51;A 36;1;1;0;5;72;5;71;1;12;0;83;1;81;1;4;1;6;5;38;1;23;5;91;2;19;1;54;1;6;3;95;3;70;2;68;4;66;3;89;0;74;2;59;0;77;2;91;0;0;4;26;3;6;0;0;2;18;3;26;3;9;0;0
03.11.2024;14:50;A 36;1;0;0;2;62;1;11;2;6;3;19;2;12;1;69;0;0;1;44;1;57;1;43;2;10;2;55;1;68;3;52;3;51;5;50;3;51;2;73;2;46;1;62;1;66;2;62;0;0;2;47;1;45;1;19;1;1;2;24;2;14;1;16
03.11.2024;14:49;A 36;1;0;0;4;52;2;47;1;1;1;68;0;52;2;20;4;40;5;25;3;8;3;24;1;80;2;41;2;23;0;28;2;14;1;68;2;64;1;7;3;20;1;29;3;35;1;6;0;0;1;1;1;1;2;70;0;0;1;4;1;5;2;23
03.11.2024;14:48;A 36;1;0;0;4;75;2;73;0;0;2;85;2;52;0;0;1;1;6;74;1;63;1;32;1;4;4;67;2;7;2;29;3;7;5;39;2;37;1;62;2;38;1;50;0;38;1;11;0;0;1;1;2;3;1;1;2;7;1;3;2;12;1;5
03.11.2024;14:47;A 36;1;0;0;4;85;2;58;0;0;3;58;2;10;0;0;1;17;4;78;1;2;3;21;1;9;3;83;1;6;2;7;4;17;1;50;1;46;3;57;2;47;1;41;2;27;1;57;0;0;4;52;3;42;0;0;1;26;3;31;2;62;0;0
03.11.2024;14:46;A 36;1;0;0;5;72;1;1;0;0;3;74;1;4;0;0;1;67;4;67;2;1;2;20;0;63;1;82;2;4;1;29;3;12;2;19;2;29;3;74;3;40;1;28;2;11;2;70;0;0;2;65;3;58;2;96;3;27;1;54;1;71;2;16
03.11.2024;14:45;A 36;1;1;0;1;2;2;4;2;24;3;52;1;7;0;28;1;4;5;54;1;40;2;57;2;10;4;67;1;7;2;6;1;73;1;33;1;33;2;70;3;76;3;45;1;7;2;56;0;0;4;52;2;47;1;83;0;0;4;56;0;25;1;4
03.11.2024;14:44;A 36;1;0;0;2;20;1;81;1;82;1;33;2;85;3;81;0;0;5;23;5;22;2;72;0;0;1;35;2;29;2;14;1;41;0;0;1;43;0;0;2;15;0;0;1;62;0;0;0;0;3;17;1;17;0;77;0;0;0;58;1;21;4;3
03.11.2024;14:43;A 36;1;0;0;2;3;1;1;0;0;1;16;1;7;0;0;0;0;2;64;3;11;0;0;0;0;2;41;2;19;0;0;1;2;4;63;2;2;2;88;1;5;1;79;0;100;2;59;0;0;3;57;4;34;2;73;2;13;0;100;1;64;4;50
03.11.2024;14:42;A 36;1;0;0;4;68;2;65;0;89;0;76;1;71;0;0;0;0;2;19;1;1;2;44;0;0;3;23;2;8;0;47;2;72;3;49;1;37;0;0;1;52;3;57;0;100;1;3;0;0;1;35;1;41;1;41;0;0;0;100;2;48;2;5
03.11.2024;14:41;A 36;1;1;0;2;85;5;34;4;64;2;88;4;72;1;60;0;0;5;56;1;57;2;15;0;0;3;72;2;8;2;16;3;39;1;21;1;20;0;47;1;38;0;24;0;100;0;0;0;0;2;70;1;19;1;44;1;70;2;66;1;7;1;5
03.11.2024;14:40;A 36;1;0;0;2;23;1;43;2;86;1;32;3;17;3;41;0;0;3;63;0;0;4;57;0;0;1;66;0;0;2;73;4;48;5;23;3;39;2;36;2;52;2;34;0;100;2;32;0;0;2;62;3;59;0;0;0;0;0;63;2;68;0;0
03.11.2024;14:39;A 36;1;0;0;1;6;1;24;1;28;1;15;1;10;2;20;0;0;2;10;5;23;3;45;0;0;2;16;3;48;2;51;1;98;1;87;1;98;5;87;1;48;1;96;1;95;2;23;0;0;4;65;5;47;0;0;2;11;5;43;3;63;0;0
03.11.2024;14:38;A 36;1;1;0;4;6;2;17;1;23;2;49;2;32;1;6;0;0;1;31;1;1;3;57;1;4;1;10;1;9;1;15;2;60;3;8;1;3;5;68;3;16;3;17;2;12;3;62;0;0;1;53;2;54;0;53;0;70;3;22;5;23;0;0
03.11.2024;14:37;A 36;1;0;0;6;52;4;50;1;22;2;74;3;60;1;6;0;0;4;76;3;4;1;4;0;0;3;10;5;9;1;5;2;22;2;16;2;26;1;53;2;12;2;13;2;22;1;60;0;0;3;14;4;33;1;40;0;100;3;16;2;30;1;4
03.11.2024;14:36;A 36;1;0;0;1;94;1;29;0;0;1;76;2;26;0;0;1;44;2;5;3;40;2;49;0;41;2;34;2;66;2;52;1;2;0;0;0;0;3;10;1;3;1;2;0;0;0;14;0;0;0;36;1;1;1;42;1;42;0;0;3;12;1;5
03.11.2024;14:35;A 36;1;0;0;3;81;3;7;0;0;1;89;1;88;0;0;1;35;1;1;3;53;4;58;2;10;1;17;3;61;0;65;3;40;2;81;3;55;1;64;2;52;1;41;3;41;2;59;0;0;2;11;3;2;0;53;5;27;3;12;0;54;0;53
03.11.2024;14:34;A 36;1;2;3;3;58;2;34;4;45;2;70;3;38;2;42;1;10;3;43;3;41;1;69;1;10;2;49;2;49;2;65;1;8;4;54;4;39;3;67;1;8;1;55;0;50;3;44;0;0;1;53;1;20;1;40;1;4;1;6;1;44;1;44
03.11.2024;14:33;A 36;1;0;0;2;65;0;34;1;20;2;56;2;10;2;5;1;86;3;88;1;65;3;51;1;82;1;92;1;8;2;53;1;38;4;87;2;65;1;19;1;35;1;61;2;71;1;6;0;0;0;0;1;73;1;4;0;0;0;0;1;7;1;3
03.11.2024;14:32;A 36;1;0;0;3;65;2;60;0;0;2;83;2;27;0;0;2;4;6;72;2;46;0;0;2;64;1;87;2;51;1;4;1;30;3;66;2;32;0;0;1;7;1;75;2;48;0;0;0;0;2;5;0;0;2;76;6;10;4;15;0;0;1;6
03.11.2024;14:31;A 36;1;1;2;2;44;3;72;2;38;2;58;3;63;0;43;1;62;2;30;0;0;1;65;0;4;3;16;0;0;1;3;1;10;2;61;1;14;4;45;1;7;2;71;0;0;0;56;0;0;5;57;2;60;1;1;0;0;1;73;1;53;1;5
03.11.2024;14:30;A 36;1;0;0;2;5;2;4;2;47;0;7;5;51;3;33;1;1;6;63;5;53;1;95;2;10;0;73;1;30;1;48;0;10;2;5;2;3;1;75;1;3;0;0;2;17;4;13;0;0;4;61;3;6;2;93;1;40;1;67;3;57;2;17
03.11.2024;14:29;A 36;1;1;5;3;88;5;75;1;26;4;60;2;90;0;27;0;0;3;78;0;0;4;74;0;0;3;77;3;5;3;81;1;34;5;46;5;8;3;36;2;11;3;22;1;21;1;39;0;0;2;47;3;4;1;1;0;100;2;37;5;13;1;2
03.11.2024;14:28;A 36;1;1;67;2;77;3;10;1;58;1;86;1;69;2;22;0;35;3;5;2;2;5;59;0;0;3;18;5;16;2;67;1;57;1;72;1;13;1;70;1;11;2;44;1;24;4;24;0;0;3;39;0;0;1;38;2;82;2;43;0;0;1;4
03.11.2024;14:27;A 36;1;1;1;2;87;3;50;0;0;1;95;2;70;0;0;1;2;3;6;2;5;1;32;2;5;2;30;1;14;1;6;4;65;2;29;1;1;0;0;3;20;3;29;1;3;0;0;0;0;2;56;1;11;1;67;2;23;2;18;1;5;1;6
03.11.2024;14:26;A 36;1;1;2;3;84;0;12;0;35;2;69;1;10;0;0;0;0;2;72;0;66;1;48;1;4;1;43;2;16;0;0;1;18;3;46;1;1;5;49;1;18;3;62;1;3;1;53;0;0;1;1;2;10;2;54;0;0;1;5;3;15;3;12
03.11.2024;14:25;A 36;1;0;0;1;55;1;44;0;100;2;63;3;57;0;0;0;0;7;53;1;50;3;94;4;53;3;57;2;88;0;97;1;51;1;1;0;0;2;47;1;58;0;0;0;0;4;6;0;0;5;35;3;30;1;46;0;0;1;45;1;38;2;2
03.11.2024;14:24;A 36;1;4;5;3;68;3;66;1;13;2;10;0;76;1;4;0;0;4;51;2;29;3;59;1;9;1;68;8;27;2;63;1;69;3;72;4;70;0;99;0;70;2;24;3;18;0;100;0;0;1;79;2;79;0;0;1;84;2;64;2;68;0;0
03.11.2024;14:23;A 36;1;1;1;2;39;1;1;1;37;3;16;2;9;0;2;2;30;6;51;1;18;5;61;1;27;3;68;3;16;3;68;4;70;2;11;5;9;1;1;3;67;2;13;2;20;2;6;0;0;2;74;1;67;0;0;3;84;3;16;3;70;0;0
03.11.2024;14:22;A 36;1;0;0;1;1;0;0;1;71;2;6;0;0;2;6;2;37;3;46;1;18;4;8;3;35;3;59;1;7;0;57;2;40;2;2;1;36;1;4;1;8;1;10;1;8;0;0;0;0;3;56;0;16;1;28;4;13;1;37;0;0;1;4
03.11.2024;14:21;A 36;1;4;17;4;57;0;0;0;4;2;58;0;0;0;0;0;0;2;40;4;36;0;0;0;0;2;30;1;43;2;8;1;50;4;58;4;54;1;7;2;12;3;73;1;64;0;10;0;0;3;60;2;52;0;0;1;11;4;59;2;15;0;0
03.11.2024;14:20;A 36;1;0;0;3;85;3;66;0;100;0;91;1;83;0;0;0;0;8;64;1;1;4;58;0;12;4;25;3;11;0;65;2;65;3;80;5;70;0;100;2;50;0;88;1;87;2;83;0;0;1;28;1;45;1;63;3;4;1;7;2;83;0;65
03.11.2024;14:19;A 36;1;0;0;4;72;2;9;1;20;2;58;2;16;1;6;2;71;4;63;2;44;4;44;2;46;2;79;2;10;2;57;0;0;3;7;2;2;6;85;1;13;4;23;2;13;1;82;0;0;2;28;1;56;1;9;0;0;1;35;3;13;2;6
03.11.2024;14:18;A 36;1;0;0;4;69;0;0;0;0;2;80;0;0;0;0;1;0;2;52;0;0;1;80;0;0;2;49;0;0;3;75;0;25;0;23;1;30;2;64;1;6;0;0;1;4;2;10;0;0;1;1;1;54;0;0;1;5;1;7;1;1;0;0
03.11.2024;14:17;A 36;1;0;0;1;85;0;0;0;0;3;10;0;0;0;0;2;68;2;23;1;7;2;57;3;30;2;21;1;9;2;51;4;37;4;55;3;65;2;19;2;20;1;47;1;39;1;52;0;0;1;73;2;64;2;4;1;8;1;2;1;8;0;9
03.11.2024;14:16;A 36;1;0;0;4;66;0;0;2;40;2;36;0;0;1;44;0;0;5;73;1;18;2;2;0;0;1;68;1;7;1;2;1;14;2;36;1;87;0;0;1;7;2;46;2;36;1;22;0;0;3;48;2;66;1;82;0;0;2;38;1;52;3;36
03.11.2024;14:15;A 36;1;1;1;4;31;1;11;1;71;3;43;1;18;2;10;0;0;4;52;1;1;2;71;0;0;4;24;1;3;2;31;3;8;2;13;4;42;0;34;1;17;1;18;1;24;0;0;0;0;3;58;2;33;1;88;1;3;4;46;3;56;1;4
03.11.2024;14:14;A 36;1;2;2;4;67;2;17;0;0;1;80;1;34;1;3;0;0;4;66;3;36;0;0;0;0;3;70;3;43;0;0;0;14;1;31;0;14;3;53;2;15;2;23;1;7;2;50;0;0;1;72;2;69;0;0;1;6;1;74;2;9;0;0
03.11.2024;14:13;A 36;1;2;4;2;75;4;14;0;35;2;74;5;57;0;0;0;0;2;69;2;8;2;32;0;0;1;19;2;10;2;27;1;46;2;22;4;33;3;35;2;8;1;19;1;25;7;55;0;0;3;53;3;62;2;62;0;0;3;26;3;51;2;57
03.11.2024;14:12;A 36;1;0;0;2;39;0;0;3;30;2;38;2;16;2;10;1;29;4;58;2;47;4;79;1;6;1;61;1;63;2;69;1;9;0;0;2;34;2;27;2;23;3;22;2;26;0;0;0;0;2;13;1;5;3;59;2;9;4;16;2;7;2;63
03.11.2024;14:11;A 36;1;1;48;2;77;3;30;0;12;1;88;1;72;0;0;0;0;4;47;2;39;2;49;0;0;5;38;2;9;3;59;2;9;3;24;3;41;1;5;2;15;4;14;2;10;2;1;0;0;3;3;0;0;0;0;0;0;3;12;0;0;0;0
03.11.2024;14:10;A 36;1;0;0;2;69;0;0;1;48;2;50;0;0;1;5;1;46;3;32;1;18;2;61;1;30;1;43;1;8;2;52;3;50;3;14;2;3;2;18;2;29;5;25;1;8;2;17;0;0;2;25;2;48;0;0;0;0;2;25;0;49;0;0
03.11.2024;14:09;A 36;1;0;0;2;92;0;0;0;0;1;96;0;0;0;0;1;35;3;11;2;7;4;67;1;8;0;14;0;8;1;76;0;0;3;85;2;79;1;61;0;0;2;42;2;11;1;66;0;0;4;5;2;37;2;71;2;4;2;18;3;71;1;63
03.11.2024;14:08;A 36;1;0;0;4;53;2;46;0;0;2;65;0;48;0;0;1;85;2;66;2;11;3;66;1;5;2;49;1;27;3;69;3;5;3;49;2;45;3;48;0;49;1;54;2;17;2;41;0;0;1;2;2;13;1;36;1;4;2;9;1;11;1;4
03.11.2024;14:07;A 36;1;0;0;7;37;4;47;0;43;2;60;2;48;0;0;1;27;9;78;3;73;1;88;1;6;1;98;1;55;2;82;0;18;3;48;2;25;0;0;1;15;2;59;1;38;0;0;0;0;2;63;4;4;1;60;3;22;4;37;5;19;1;9
03.11.2024;14:06;A 36;1;1;0;3;51;0;0;1;8;1;63;3;40;1;7;1;8;1;24;2;10;2;23;1;6;2;18;2;10;2;25;2;39;3;33;1;3;1;30;1;17;1;42;1;29;0;31;0;0;4;41;3;14;2;45;1;32;6;72;2;29;2;21
03.11.2024;14:05;A 36;1;0;0;3;69;1;17;0;0;2;83;0;7;0;0;1;2;4;30;0;0;2;57;1;5;2;45;0;0;2;60;2;50;6;81;1;21;2;21;3;42;2;67;1;9;2;25;0;0;3;55;4;47;2;31;3;46;0;61;2;51;2;11
03.11.2024;14:04;A 36;1;0;0;1;74;1;0;0;0;2;46;2;28;0;0;2;20;9;32;4;23;4;83;6;25;3;48;1;31;0;87;1;22;0;100;0;100;1;1;1;8;1;74;0;0;2;3;0;0;3;34;1;18;2;69;3;17;2;36;2;13;2;49
03.11.2024;14:03;A 36;1;0;0;2;59;2;25;3;78;1;4;1;35;3;78;1;29;1;66;1;49;2;89;2;8;1;72;2;43;5;57;2;18;3;64;4;58;2;86;1;27;1;78;3;33;1;52;0;0;6;66;2;15;0;40;1;4;2;80;3;17;0;0
03.11.2024;14:02;A 36;1;1;0;1;48;1;51;1;80;2;9;1;4;1;60;0;0;2;3;1;1;2;57;0;0;1;7;1;3;3;9;3;51;3;70;1;1;0;0;0;55;2;43;1;4;1;1;0;0;2;55;4;40;2;77;0;0;3;44;2;19;2;15
03.11.2024;14:01;A 36;1;0;0;5;70;2;48;2;25;1;61;1;54;3;19;0;0;4;4;0;0;1;66;0;0;1;12;0;0;1;5;3;25;2;25;2;28;1;56;4;39;3;34;2;13;1;7;0;0;3;62;2;53;1;80;0;0;2;64;1;65;0;0
03.11.2024;14:00;A 36;1;0;0;3;44;2;62;1;1;1;58;2;40;1;3;1;2;1;2;2;39;3;33;1;9;1;47;2;36;1;13;1;38;3;37;5;25;3;47;1;29;0;43;1;39;3;44;0;0;3;39;2;42;0;0;0;0;2;43;2;27;0;0
03.11.2024;13:59;A 36;1;0;0;5;83;3;46;1;30;1;31;1;18;1;23;1;1;3;64;2;38;1;90;1;3;0;69;2;18;2;46;2;13;4;60;3;10;2;36;1;13;2;61;0;17;1;37;0;0;5;53;5;67;0;0;0;14;1;66;0;84;0;0
03.11.2024;13:58;A 36;1;0;0;2;91;1;87;1;2;0;100;2;92;1;4;0;0;6;62;3;28;5;11;0;0;1;81;1;48;2;70;2;71;2;41;1;42;1;48;2;55;3;33;1;53;3;12;0;0;4;44;4;56;0;75;2;87;0;54;4;72;0;0
03.11.2024;13:57;A 36;1;0;0;4;57;2;6;0;0;3;53;1;46;0;0;0;0;7;48;4;7;6;63;0;0;2;68;4;30;0;72;3;73;0;0;0;0;1;4;1;87;0;0;0;0;6;4;0;0;3;67;3;59;2;25;2;11;2;79;2;80;2;8
03.11.2024;13:56;A 36;1;2;6;3;64;4;38;0;0;2;70;2;47;0;0;0;6;5;38;2;7;5;87;0;0;6;29;1;6;0;100;0;0;3;70;0;64;1;92;0;0;1;72;0;0;3;63;0;0;1;69;2;53;0;39;0;0;2;68;4;15;0;38
03.11.2024;13:55;A 36;1;0;0;3;65;3;6;1;55;1;48;1;69;1;5;1;29;4;3;1;9;5;88;1;13;3;18;2;10;0;100;2;44;3;67;3;8;1;4;2;25;1;75;5;25;3;3;0;0;2;2;3;29;1;35;2;7;1;6;3;21;1;38
03.11.2024;13:54;A 36;1;2;4;12;33;0;24;2;32;2;10;1;37;2;10;0;0;0;0;1;1;1;67;0;0;0;0;1;3;2;68;1;3;4;40;2;26;3;59;1;14;4;55;2;6;1;60;0;0;2;30;5;46;0;0;0;0;3;17;3;42;0;0
03.11.2024;13:53;A 36;1;0;0;12;86;3;62;0;60;0;53;2;47;0;0;0;0;3;53;1;18;0;13;0;0;2;48;1;23;0;0;1;37;1;34;1;41;0;0;2;34;1;23;1;7;1;5;0;0;1;13;1;23;0;14;0;0;1;19;2;12;0;0
03.11.2024;13:52;A 36;1;1;0;5;81;1;22;1;46;1;93;2;7;1;5;1;2;5;80;1;6;2;6;1;5;0;95;1;7;1;5;1;24;4;32;2;53;3;52;1;5;5;28;2;9;1;57;0;0;1;0;3;2;1;37;3;17;0;0;4;12;1;3
03.11.2024;13:51;A 36;1;0;0;1;80;1;64;0;0;2;84;1;6;0;0;1;36;3;38;4;35;1;95;1;25;3;43;0;40;1;16;0;0;3;54;2;23;5;80;1;2;1;8;1;11;2;73;0;0;4;24;2;3;2;98;2;5;2;42;4;68;1;59
03.11.2024;13:50;A 36;1;0;0;1;62;1;28;0;0;1;10;1;6;0;0;1;31;4;31;0;29;1;61;1;6;2;52;1;7;1;4;1;1;3;3;7;10;4;91;2;10;2;11;4;49;1;92;0;0;0;31;2;10;2;60;1;7;1;2;4;18;2;60
03.11.2024;13:49;A 36;1;0;0;5;7;1;10;0;0;3;52;1;8;0;0;1;5;5;31;1;29;2;67;0;0;1;58;1;9;3;36;1;73;3;61;2;70;1;90;1;7;2;71;2;57;4;87;0;0;3;20;1;1;1;15;0;0;2;27;2;2;1;4
03.11.2024;13:48;A 36;1;0;0;6;66;5;55;2;72;0;78;1;67;3;58;0;0;6;8;3;28;2;46;1;14;1;52;2;11;2;7;3;66;0;56;0;58;0;0;1;70;1;16;1;5;0;0;0;0;2;17;1;3;0;40;3;13;2;11;0;5;0;0
03.11.2024;13:47;A 36;1;0;0;3;61;2;29;1;71;3;62;2;9;0;5;1;27;1;11;1;2;1;11;1;12;1;22;1;10;0;9;3;52;4;68;5;33;1;13;3;65;4;34;3;41;1;7;0;0;1;48;2;16;2;35;1;6;3;40;2;59;2;26
03.11.2024;13:46;A 36;1;0;0;3;33;0;30;0;0;1;40;0;0;1;1;2;11;2;9;4;5;4;66;2;13;1;6;4;19;3;41;2;32;4;22;3;14;4;65;2;30;3;33;3;19;1;72;0;0;1;36;1;42;0;0;1;4;1;9;2;6;0;0
03.11.2024;13:45;A 36;1;0;0;1;13;1;24;1;32;2;20;1;9;0;32;0;0;3;45;4;57;2;75;0;0;2;56;3;63;2;77;1;12;0;10;0;16;1;25;1;23;0;0;0;0;1;31;0;0;5;9;3;64;0;0;1;4;2;29;1;69;0;0
03.11.2024;13:44;A 36;1;0;0;0;4;2;1;4;22;0;1;0;2;5;19;0;0;0;0;0;0;2;46;0;0;0;0;0;0;3;15;3;84;6;62;5;25;1;25;2;43;1;14;1;19;0;0;0;0;3;57;3;65;0;92;0;2;2;66;4;57;0;0
03.11.2024;13:43;A 36;1;1;1;4;61;0;0;1;3;2;17;1;4;0;0;1;2;4;50;5;52;5;23;1;5;0;58;1;61;3;24;1;39;3;83;2;80;1;21;2;36;2;94;3;83;1;5;0;0;1;3;2;41;1;15;2;8;1;16;5;40;1;5
03.11.2024;13:42;A 36;1;0;0;3;64;2;4;3;62;2;55;1;81;2;8;0;0;4;76;2;10;1;57;0;0;1;88;2;23;1;6;1;2;2;80;3;31;2;11;1;6;2;89;2;46;1;17;0;0;3;3;4;24;1;73;0;0;3;15;3;35;3;64
03.11.2024;13:41;A 36;1;0;0;2;41;3;4;1;63;3;38;1;16;1;5;0;0;4;41;3;38;2;38;0;0;3;58;0;46;2;36;1;2;2;3;3;51;4;71;1;5;2;37;3;15;8;57;0;0;1;34;0;33;2;59;0;0;1;25;0;14;1;6
03.11.2024;13:40;A 36;1;2;4;2;86;2;2;3;4;4;23;1;9;0;9;0;0;2;90;1;48;1;54;0;0;2;75;1;57;1;2;1;86;1;47;0;0;3;23;1;74;1;7;0;0;7;22;0;0;1;2;1;11;2;56;0;0;1;7;2;10;0;57
03.11.2024;13:39;A 36;1;0;0;4;50;2;53;2;69;4;68;2;43;2;66;3;34;6;58;5;26;3;72;1;39;5;23;2;6;1;57;3;79;4;84;4;81;0;100;3;28;1;84;0;87;0;100;0;0;1;24;1;28;1;3;0;0;1;13;0;27;3;4
03.11.2024;13:38;A 36;1;0;0;5;72;1;57;2;55;1;86;1;7;1;31;1;51;1;37;4;50;2;78;1;59;1;7;1;7;3;31;1;77;1;87;1;5;1;1;1;78;1;4;2;9;1;6;0;0;2;47;6;67;1;56;6;37;2;27;3;74;1;32
03.11.2024;13:37;A 36;1;0;0;1;71;1;69;2;52;2;53;0;1;2;6;1;4;6;8;1;1;4;45;0;6;1;27;0;2;4;51;2;76;1;18;0;0;1;50;1;22;1;5;0;0;2;7;0;0;3;41;5;52;1;69;3;7;3;40;2;42;1;4
03.11.2024;13:36;A 36;1;0;0;3;65;0;54;0;0;2;68;1;8;0;0;1;76;2;63;3;55;3;32;2;52;3;56;3;12;3;49;2;60;4;59;0;53;2;79;1;66;1;69;0;0;4;7;0;0;1;40;2;65;4;62;2;11;2;48;1;83;1;43
03.11.2024;13:35;A 36;1;0;0;3;36;2;33;1;40;3;44;2;22;1;17;1;5;5;49;2;52;1;51;1;10;3;68;2;61;2;42;2;30;2;70;3;30;3;49;2;45;1;99;4;24;2;48;0;0;2;24;0;0;1;52;3;3;2;26;1;39;2;56
03.11.2024;13:34;A 36;1;2;1;5;48;2;10;1;16;1;64;2;50;1;4;0;0;1;1;0;0;2;59;0;0;1;3;0;0;2;61;2;24;4;31;4;28;2;45;2;18;2;41;3;31;2;46;0;0;2;53;1;2;1;1;0;0;1;60;1;14;1;1
03.11.2024;13:33;A 36;1;0;0;2;42;1;1;0;0;2;40;2;7;0;0;1;1;2;3;2;35;3;82;0;0;2;12;2;14;2;50;4;29;5;18;4;18;4;67;2;25;2;52;2;36;2;43;0;0;2;63;2;63;1;83;1;4;1;72;3;73;0;0
03.11.2024;13:32;A 36;1;0;0;1;32;1;10;0;0;2;11;1;9;0;0;2;19;3;12;1;1;4;21;2;23;2;23;1;5;4;18;0;0;1;22;1;37;0;0;1;7;0;100;1;44;1;5;0;0;0;0;0;0;0;6;1;4;2;5;0;0;0;0
03.11.2024;13:31;A 36;1;1;0;1;1;1;2;0;0;1;4;0;25;0;0;0;0;4;12;4;55;3;28;0;0;1;23;2;30;1;13;4;11;3;29;2;27;3;47;0;35;0;100;0;30;1;45;0;0;0;74;0;74;1;6;0;0;0;0;0;29;1;3
03.11.2024;13:30;A 36;1;0;0;0;0;0;0;1;11;0;0;1;66;0;11;0;36;5;43;3;28;1;98;0;0;0;53;1;37;1;99;0;0;1;29;1;45;1;40;2;44;2;34;2;37;1;4;0;0;2;6;1;44;1;97;1;25;3;14;0;100;0;98
03.11.2024;13:29;A 36;1;0;0;3;89;1;86;0;100;0;95;0;87;0;100;1;24;7;53;5;13;4;67;1;5;3;51;2;24;1;76;0;0;2;54;1;37;1;8;0;0;1;62;1;7;1;6;0;0;4;4;4;13;1;62;2;21;3;14;3;20;1;7
03.11.2024;13:28;A 36;1;2;3;2;17;2;5;1;20;2;30;2;15;2;15;0;0;4;64;5;45;6;45;3;13;5;79;6;41;3;55;2;60;2;18;2;54;0;0;3;24;2;10;1;4;3;5;0;0;0;3;0;0;2;58;0;79;0;0;1;6;2;5
03.11.2024;13:27;A 36;1;0;0;3;6;1;45;3;73;0;54;1;5;1;80;0;0;2;14;0;0;2;27;0;0;1;7;0;0;1;32;1;29;3;6;1;46;2;74;1;7;2;28;1;26;1;86;0;0;2;64;0;0;0;24;4;13;2;11;0;0;0;0
03.11.2024;13:26;A 36;1;1;2;4;29;3;75;1;43;2;98;1;39;2;24;1;18;6;91;1;82;4;89;1;13;0;100;1;36;2;38;0;24;1;25;2;48;5;87;0;0;0;25;3;10;2;98;0;0;3;83;3;66;2;16;4;7;1;31;4;12;2;5
03.11.2024;13:25;A 36;1;0;0;1;60;3;66;0;24;2;67;4;63;0;0;0;0;3;14;2;10;1;66;2;6;5;20;2;16;1;74;4;77;2;52;1;45;1;86;2;21;3;60;2;8;1;91;0;0;4;54;0;50;1;98;0;1;2;74;1;11;0;100
03.11.2024;13:24;A 36;1;0;0;0;0;1;1;1;53;0;0;0;2;1;8;0;0;2;48;2;2;1;23;0;0;1;21;1;11;2;5;2;19;1;2;1;46;1;24;2;13;0;0;2;8;1;25;0;0;3;21;3;37;1;12;1;5;4;18;4;59;2;13
03.11.2024;13:23;A 36;1;0;0;2;2;0;0;1;2;2;8;1;0;1;5;0;0;7;40;3;17;1;74;2;12;1;42;0;21;1;49;3;77;3;59;0;90;1;43;0;100;1;73;1;5;1;48;0;0;0;10;3;15;1;49;1;8;0;0;1;97;1;7
03.11.2024;13:22;A 36;1;1;1;2;1;2;64;1;57;2;7;2;6;2;7;0;0;1;74;1;63;4;72;0;0;2;71;2;66;1;52;4;66;4;70;7;66;0;0;3;49;0;71;2;85;0;0;0;0;2;43;2;75;0;40;0;24;2;12;0;100;0;39
03.11.2024;13:21;A 36;1;0;3;2;44;2;54;0;0;2;29;1;11;0;0;0;0;6;42;1;3;1;56;0;0;2;60;1;9;1;43;0;0;1;8;0;0;0;0;1;5;1;15;0;0;0;0;0;0;1;1;0;0;1;71;8;51;2;5;3;74;1;75
03.11.2024;13:20;A 36;1;1;0;1;47;1;56;1;39;1;12;2;42;1;6;1;25;2;40;0;0;4;91;1;8;2;38;0;0;0;45;1;44;1;33;1;22;1;70;1;7;1;7;1;9;0;4;0;0;3;26;2;53;1;29;0;0;1;18;3;6;0;0
03.11.2024;13:19;A 36;1;0;0;3;50;1;72;1;49;1;57;1;7;1;6;1;70;3;22;2;12;2;37;1;6;2;32;1;10;1;30;1;45;2;2;0;47;1;73;0;2;0;0;0;0;2;60;0;0;2;65;1;30;2;56;3;13;4;32;2;38;2;14
03.11.2024;13:18;A 36;1;0;0;1;61;2;28;0;0;2;31;2;14;0;0;1;21;3;2;0;0;3;16;1;6;4;9;1;1;4;13;2;17;1;39;2;53;4;63;3;20;0;44;1;9;3;72;0;0;2;50;3;47;0;0;4;11;3;28;2;32;1;1
03.11.2024;13:17;A 36;1;0;0;2;74;0;0;0;0;1;46;0;0;0;0;0;0;3;80;2;60;4;63;0;0;2;80;2;63;1;25;0;37;1;43;2;35;2;60;1;7;1;13;1;44;0;63;0;0;1;88;0;0;2;10;1;1;0;0;0;0;2;5
03.11.2024;13:16;A 36;1;0;0;3;35;1;2;0;52;1;48;1;18;0;0;0;0;2;35;0;0;1;42;1;7;2;15;3;9;2;35;3;46;1;46;2;30;2;54;1;39;1;6;2;43;3;20;0;0;0;0;3;69;1;46;1;4;1;6;1;19;1;16
03.11.2024;13:15;A 36;1;0;0;3;52;0;0;1;11;1;66;0;0;1;5;0;0;4;4;0;0;1;62;0;0;3;56;1;2;1;5;2;44;2;59;1;21;0;23;2;44;1;12;2;27;0;0;0;0;4;29;1;2;0;100;0;0;2;45;0;100;0;100
03.11.2024;13:14;A 36;1;0;0;2;75;1;20;0;16;1;85;1;6;0;0;0;0;4;52;3;51;2;76;0;0;5;19;1;57;1;79;4;13;1;87;1;12;3;26;3;24;2;34;1;8;1;29;0;0;1;45;1;47;1;19;0;0;0;49;2;54;2;22
03.11.2024;13:13;A 36;1;1;1;1;42;2;25;1;32;1;51;1;36;1;5;0;0;5;60;4;17;5;46;3;42;2;56;3;60;3;53;2;79;3;89;2;1;1;39;3;11;1;92;1;4;4;35;0;0;3;52;2;48;0;0;2;8;2;61;2;15;0;0
03.11.2024;13:12;A 36;1;1;1;2;42;2;79;1;50;1;79;2;77;1;5;0;0;2;40;0;0;3;57;2;11;2;19;1;80;0;65;2;28;5;22;2;71;0;9;1;40;3;25;4;82;1;6;0;0;2;73;1;29;0;0;0;0;3;68;2;9;0;0
03.11.2024;13:11;A 36;1;0;0;3;81;3;70;1;0;1;91;3;14;0;0;1;1;8;11;3;2;5;69;3;8;4;28;7;20;3;77;1;87;1;42;3;44;1;66;1;9;2;13;2;51;1;5;0;0;4;40;4;5;0;57;0;0;3;21;2;43;0;0
03.11.2024;13:10;A 36;1;2;4;2;50;2;44;1;8;1;57;1;52;1;3;0;0;1;73;3;72;1;36;0;0;2;82;2;81;1;5;2;7;2;53;1;50;0;75;2;8;0;55;0;50;0;0;0;0;2;65;3;76;2;72;0;0;2;74;1;89;3;3
03.11.2024;13:09;A 36;1;0;0;3;59;2;18;0;0;2;44;0;23;0;0;0;0;0;0;0;0;2;47;0;0;0;0;0;0;3;11;0;0;2;31;1;51;1;74;0;0;1;41;2;14;1;7;0;0;2;62;2;43;2;84;0;0;1;53;0;100;2;13
03.11.2024;13:08;A 36;1;1;1;4;17;0;0;0;0;2;25;1;3;0;0;1;1;2;35;2;1;1;99;1;4;1;5;2;6;1;99;0;0;1;58;3;62;2;55;0;0;2;7;1;5;5;9;0;0;2;39;0;0;0;0;0;0;2;45;0;100;0;0
03.11.2024;13:07;A 36;1;0;0;3;6;2;4;0;0;0;100;2;34;0;0;0;0;10;13;2;3;3;65;2;2;2;35;3;9;3;20;4;59;4;73;3;61;1;31;2;63;1;90;4;58;2;4;0;0;1;44;0;0;3;65;0;0;2;17;0;100;0;81
03.11.2024;13:06;A 36;1;0;0;4;48;2;4;0;0;1;85;7;24;0;0;0;0;1;62;1;41;3;7;0;0;2;68;1;11;1;22;3;13;2;45;2;12;2;78;1;23;2;8;2;14;0;80;0;0;1;0;2;3;3;88;2;7;2;10;8;90;2;98
03.11.2024;13:05;A 36;1;0;0;3;67;0;2;1;3;1;78;36;20;0;29;1;2;3;63;5;61;0;0;1;7;2;66;24;75;1;99;1;2;4;56;1;2;1;62;0;4;2;30;1;1;0;100;0;0;5;66;4;62;0;100;1;0;0;77;0;100;2;51
03.11.2024;13:04;A 36;1;0;0;1;70;1;82;0;0;1;78;1;6;1;27;0;0;5;21;0;0;4;82;0;0;3;32;0;0;1;91;0;0;1;25;1;0;2;6;1;0;2;37;1;5;5;97;0;0;1;31;1;31;1;8;1;7;1;40;0;100;1;2
03.11.2024;13:03;A 36;1;0;0;4;49;1;64;0;0;2;58;1;36;0;0;0;0;7;38;1;1;1;43;1;1;6;57;1;3;1;49;1;69;1;47;2;65;1;46;1;38;1;13;1;63;1;5;0;0;0;0;2;6;0;0;0;0;0;0;0;100;0;0
03.11.2024;13:02;A 36;1;1;0;2;53;2;49;1;35;2;24;2;13;1;5;1;40;0;0;1;1;1;35;1;7;0;0;1;5;1;15;2;79;4;58;3;80;0;0;2;12;2;66;2;66;0;0;0;0;1;10;0;0;0;33;0;0;1;12;0;100;0;0
03.11.2024;13:01;A 36;1;0;0;1;13;2;2;2;18;1;7;1;7;1;12;1;1;6;67;2;79;2;21;3;7;3;85;1;74;1;3;1;0;2;58;1;13;1;1;1;8;2;31;1;22;1;5;0;0;0;0;1;38;1;76;1;6;1;0;1;73;1;7
03.11.2024;13:00;A 36;1;2;1;1;60;0;0;0;0;1;9;0;0;1;3;0;0;4;12;4;3;3;51;0;0;2;19;2;13;4;19;0;0;0;0;0;0;0;0;0;0;1;2;0;0;0;0;0;0;2;21;0;0;2;22;0;0;2;26;0;0;3;7
03.11.2024;12:59;A 36;1;0;0;1;75;2;34;0;0;1;7;2;31;0;0;1;2;4;20;2;18;1;49;1;3;2;42;1;27;1;36;0;0;2;48;2;3;0;0;0;0;2;56;2;13;0;0;0;0;1;15;0;14;0;0;1;1;0;17;0;0;0;0
03.11.2024;12:58;A 36;1;0;0;2;8;1;3;0;0;2;12;1;26;0;0;0;0;2;78;2;79;1;46;0;0;2;25;4;31;2;6;1;8;4;46;1;10;1;17;2;13;2;43;1;8;2;16;0;0;2;72;3;64;2;22;0;0;3;12;4;73;3;6
03.11.2024;12:57;A 36;1;3;33;1;35;2;21;0;0;1;43;1;31;0;0;0;0;2;84;1;29;1;31;0;0;3;86;1;6;1;5;1;13;2;47;1;1;0;0;1;6;2;30;1;2;0;0;0;0;2;27;2;4;0;21;3;11;1;11;1;12;0;0
03.11.2024;12:56;A 36;1;0;0;2;45;1;31;0;0;1;56;1;7;0;0;1;1;2;13;1;23;3;44;2;7;1;9;1;9;1;48;1;41;0;0;0;70;0;0;1;5;0;0;0;0;0;0;0;0;2;21;4;59;1;1;0;0;1;35;4;47;1;7
03.11.2024;12:55;A 36;1;0;0;2;80;0;0;0;0;0;86;0;0;0;0;1;1;9;22;4;12;3;56;2;5;2;42;4;17;1;58;1;71;3;80;4;29;0;0;0;8;1;46;5;43;0;0;0;0;2;16;5;46;0;0;0;0;1;20;4;59;0;0
03.11.2024;12:54;A 36;1;1;1;6;81;1;60;2;26;1;98;1;26;2;22;0;0;2;2;1;1;2;42;0;0;2;7;1;3;3;19;3;7;5;36;2;28;1;93;2;46;3;51;2;18;1;94;0;0;1;42;1;64;1;12;0;0;1;51;0;100;1;3
03.11.2024;12:53;A 36;1;0;0;1;54;1;8;0;0;2;35;1;6;0;0;2;3;6;72;5;59;1;66;2;9;1;81;5;33;1;4;2;7;2;23;3;26;2;59;2;4;4;21;2;23;4;61;0;0;4;73;2;66;0;0;0;0;1;79;0;100;0;0
03.11.2024;12:52;A 36;1;1;1;4;75;0;5;0;0;1;25;0;0;0;0;0;0;156;40;2;55;3;35;1;1;1;83;1;57;3;11;0;3;2;8;1;11;0;33;0;0;1;13;0;11;0;0;0;0;1;27;1;25;0;0;0;0;3;17;1;31;0;0
03.11.2024;12:51;A 36;1;0;0;3;68;1;6;0;0;1;86;1;16;0;0;1;51;4;50;0;0;1;54;0;7;3;44;1;3;1;5;2;27;4;54;2;53;2;61;1;18;2;63;3;48;1;37;0;0;3;3;0;0;1;15;1;10;4;18;0;1;1;5
03.11.2024;12:50;A 36;1;0;0;1;1;0;0;0;0;1;25;0;0;0;0;2;3;3;24;2;25;3;85;3;10;3;9;0;26;1;57;1;44;1;45;1;14;1;75;1;53;2;51;1;11;3;44;0;0;2;11;1;1;2;92;0;0;2;13;1;94;1;88
03.11.2024;12:49;A 36;1;0;0;3;73;3;5;2;93;1;82;0;77;1;47;0;0;1;27;2;43;1;81;0;0;1;7;3;42;1;4;0;69;3;7;3;68;0;0;0;0;0;76;0;77;0;0;0;0;3;3;0;0;2;53;0;0;2;12;0;49;2;56
03.11.2024;12:48;A 36;1;0;0;3;62;1;30;1;2;2;52;1;71;1;2;0;0;1;1;3;6;1;19;0;0;2;27;2;87;1;5;3;23;1;43;1;63;1;52;2;14;1;55;3;7;3;16;0;0;3;6;2;2;2;78;1;4;2;18;5;80;1;85
03.11.2024;12:47;A 36;1;2;2;1;44;1;40;0;33;1;52;2;47;0;0;3;39;8;68;5;61;1;83;3;31;5;86;2;74;1;5;3;13;3;49;2;72;2;36;1;21;1;19;2;22;1;37;0;0;2;13;2;65;0;0;1;4;2;21;6;14;2;51
03.11.2024;12:46;A 36;1;0;0;1;77;2;3;1;32;1;7;0;4;1;4;2;30;5;35;3;28;0;0;3;11;3;49;3;31;1;4;1;50;1;99;1;99;1;40;2;26;1;85;1;70;1;6;0;0;4;37;3;50;1;90;0;0;2;45;0;84;2;7
03.11.2024;12:45;A 36;1;0;0;1;20;1;38;0;0;1;9;3;43;0;0;1;28;6;6;0;0;5;32;4;14;6;29;4;10;3;32;2;46;1;32;3;43;1;62;2;19;2;19;4;20;1;4;0;0;2;71;1;76;1;25;0;0;1;83;2;8;1;4
03.11.2024;12:44;A 36;1;0;0;2;44;0;0;1;80;2;45;0;0;1;34;0;0;1;20;0;0;1;4;0;0;1;12;0;0;0;0;1;37;3;25;1;13;1;13;1;6;1;36;1;5;1;6;0;0;2;63;3;67;2;23;2;7;2;75;3;21;2;19
03.11.2024;12:43;A 36;1;1;1;3;4;2;37;1;5;1;75;1;45;2;2;0;20;3;57;0;0;1;40;0;0;2;31;0;0;2;8;1;16;2;49;0;0;2;63;1;8;3;59;0;0;1;70;0;0;1;17;0;0;0;0;0;0;0;2;0;0;0;0
03.11.2024;12:42;A 36;1;0;0;4;58;1;50;0;0;2;77;1;8;0;0;4;40;2;29;1;1;2;38;1;7;2;26;1;4;3;18;2;68;0;0;0;0;2;91;2;70;1;1;1;1;2;71;0;0;1;12;0;13;1;33;2;4;2;10;1;3;3;6
03.11.2024;12:41;A 36;1;4;6;3;63;5;49;1;0;1;77;3;62;0;0;0;0;5;70;2;20;1;34;2;10;1;37;1;17;1;8;4;61;2;46;2;32;0;0;3;34;2;41;1;38;1;4;0;0;1;27;1;10;0;47;0;0;2;36;2;9;0;0
03.11.2024;12:40;A 36;1;0;0;2;4;1;66;0;93;1;14;0;0;0;0;0;0;4;61;2;59;2;23;1;4;1;79;1;11;2;10;1;19;3;62;3;53;0;0;1;5;1;74;2;65;0;0;0;0;1;43;1;1;2;59;0;0;3;8;1;4;1;34
03.11.2024;12:39;A 36;1;1;2;3;5;1;43;1;77;1;56;2;32;1;4;1;52;3;56;3;34;1;19;1;6;2;69;1;45;0;21;0;0;1;48;2;44;2;75;0;0;0;48;1;47;0;79;0;0;2;15;1;44;3;62;0;0;2;13;1;8;2;64
03.11.2024;12:38;A 36;1;0;0;5;41;1;65;2;14;3;87;1;46;2;7;0;92;2;93;1;92;1;52;0;0;0;98;2;41;3;16;1;17;1;11;1;6;3;63;1;7;2;16;1;7;3;63;0;0;2;36;2;35;1;31;0;0;3;44;1;43;2;35
03.11.2024;12:37;A 36;1;0;0;1;50;1;7;1;52;2;52;1;15;1;4;2;46;4;78;3;28;2;90;2;14;2;92;5;69;2;73;1;2;1;18;2;2;3;75;1;4;1;19;2;9;3;58;0;0;3;21;2;25;1;52;0;0;2;29;2;17;1;4
03.11.2024;12:36;A 36;1;2;50;2;29;2;22;0;0;2;25;1;33;0;0;0;3;6;14;0;0;2;29;0;0;3;49;4;4;2;9;2;41;2;25;0;0;0;0;1;49;2;13;0;0;2;2;0;0;0;5;4;40;0;33;1;9;1;2;1;21;0;0
03.11.2024;12:35;A 36;1;1;18;2;57;2;19;0;0;0;63;1;28;0;0;1;69;5;63;0;0;1;33;1;7;2;46;7;10;1;4;1;39;2;43;3;48;1;35;1;7;2;48;2;53;1;7;0;0;2;74;2;20;1;45;0;0;2;10;3;14;1;3
03.11.2024;12:34;A 36;1;0;0;3;67;0;0;1;1;2;87;0;0;1;3;1;9;7;57;4;40;4;66;0;7;1;73;1;51;1;50;0;0;0;0;0;0;0;0;0;0;0;0;0;0;0;0;0;0;2;3;0;0;2;62;0;0;0;6;0;0;3;9
03.11.2024;12:33;A 36;1;0;0;2;58;1;8;0;0;2;43;1;9;0;0;1;29;2;80;2;68;1;55;1;22;2;79;2;65;2;36;3;14;2;13;0;0;0;0;1;75;2;20;0;0;0;0;0;0;2;54;0;15;1;45;1;3;2;63;0;0;1;3
03.11.2024;12:32;A 36;1;0;0;2;56;1;1;3;74;2;9;1;4;2;74;2;21;2;25;1;35;3;28;2;12;3;37;1;33;0;37;2;40;2;8;2;33;0;0;2;41;1;24;1;45;0;0;0;0;2;38;1;0;1;28;0;0;2;26;1;4;1;4
03.11.2024;12:31;A 36;1;0;0;2;56;0;0;0;0;3;59;0;0;0;0;0;34;3;20;5;49;1;2;0;0;3;31;3;40;2;5;1;20;2;47;1;45;0;8;1;7;2;42;1;8;0;0;0;0;1;28;0;0;1;59;0;0;1;36;0;0;1;3
03.11.2024;12:30;A 36;1;2;1;2;5;4;8;1;0;0;8;3;15;0;0;3;48;3;38;1;23;0;0;3;19;2;40;2;7;1;0;0;2;2;51;2;35;3;70;0;0;2;47;2;35;3;11;0;0;0;0;4;22;0;0;0;0;0;0;8;29;1;0
03.11.2024;12:29;A 36;1;0;0;6;49;1;17;1;33;2;65;1;5;0;3;1;18;0;0;1;1;1;36;1;6;0;0;1;4;1;6;1;43;0;19;0;19;1;49;1;9;0;0;0;0;1;5;0;0;2;50;2;45;2;62;0;0;2;52;3;17;2;8
03.11.2024;12:28;A 36;1;0;0;3;80;4;56;0;0;2;84;1;38;1;6;0;0;5;32;0;0;2;3;0;0;4;25;0;0;0;5;1;56;1;43;2;64;0;0;1;6;1;8;1;15;0;0;0;0;1;57;1;57;3;74;1;3;0;57;1;17;2;76
03.11.2024;12:27;A 36;1;0;0;1;83;0;0;1;48;2;59;1;5;0;48;1;2;6;45;2;2;3;50;0;4;4;26;2;8;2;40;0;32;1;4;0;0;3;31;0;0;1;23;1;1;3;38;0;0;1;7;1;6;0;0;1;3;2;12;2;6;0;0
03.11.2024;12:26;A 36;1;0;0;5;35;3;33;1;47;1;54;0;35;2;20;1;1;5;24;2;17;1;70;2;7;2;41;2;30;2;74;1;11;1;1;1;1;2;32;1;8;1;3;1;2;2;10;0;0;1;1;0;0;1;12;0;0;1;9;0;0;1;8
03.11.2024;12:25;A 36;1;0;0;2;67;1;37;0;0;3;34;2;44;0;0;0;0;9;22;2;1;1;82;2;2;8;52;3;6;2;5;4;26;0;19;1;6;1;21;0;32;0;0;1;7;0;21;0;0;2;53;3;11;1;47;0;0;3;36;2;32;1;3
03.11.2024;12:24;A 36;1;0;0;3;37;1;1;1;0;3;22;1;3;0;0;1;37;3;18;1;17;2;67;1;3;1;32;1;5;1;63;2;16;2;15;0;0;2;15;1;23;2;13;0;0;2;19;0;0;2;39;0;0;0;58;0;0;2;17;0;0;0;0
03.11.2024;12:23;A 36;1;0;0;4;67;2;60;0;0;2;82;3;8;0;0;1;27;5;35;3;6;1;32;1;5;1;45;1;17;2;8;2;37;5;45;4;5;2;18;3;24;6;21;5;26;2;14;0;0;2;81;0;0;1;39;0;0;1;42;0;0;1;4
03.11.2024;12:22;A 36;1;0;0;3;25;0;0;1;4;3;15;0;0;0;3;3;5;3;15;2;4;2;35;2;17;2;26;2;11;3;9;0;0;1;3;2;54;1;94;0;0;1;6;1;63;2;7;0;0;2;64;0;0;0;0;4;6;4;66;1;1;0;0
03.11.2024;12:21;A 36;1;0;0;4;7;0;0;0;100;1;94;0;0;1;69;0;0;0;0;0;0;4;61;0;0;0;0;0;0;0;67;0;82;0;80;1;81;0;0;0;0;0;0;1;42;1;4;0;0;4;4;3;6;1;60;1;7;4;15;0;71;3;59
03.11.2024;12:20;A 36;1;1;1;3;49;0;0;2;75;1;87;0;0;3;17;1;52;1;15;0;0;3;48;1;6;1;10;0;0;2;49;1;10;3;50;3;51;0;72;1;6;1;58;2;56;0;0;0;0;0;0;2;21;1;36;1;3;0;0;1;41;1;40
03.11.2024;12:19;A 36;1;1;0;5;49;0;0;2;44;1;64;0;0;2;10;0;0;2;13;1;10;1;64;0;0;1;25;1;9;4;42;1;19;2;25;4;55;2;25;1;7;1;72;2;74;2;12;0;0;3;30;1;13;0;22;0;0;2;44;2;7;0;0
03.11.2024;12:18;A 36;1;0;0;5;18;1;1;0;0;2;65;1;7;0;0;0;0;3;21;2;34;5;42;0;0;2;20;2;25;2;37;0;0;1;47;1;49;1;68;0;0;1;49;1;50;0;5;0;0;2;67;3;50;1;72;0;0;2;55;3;45;1;4
03.11.2024;12:17;A 36;1;0;0;1;31;1;34;2;61;2;14;0;4;1;61;0;0;3;64;1;89;5;87;0;0;2;82;1;36;4;74;2;40;1;47;1;9;0;58;0;41;2;11;1;16;1;1;0;0;4;66;4;43;1;25;2;3;2;73;2;63;1;13
03.11.2024;12:16;A 36;1;1;1;1;26;0;0;2;67;1;11;1;8;1;26;0;0;2;17;7;9;1;70;0;0;3;16;5;21;2;76;1;57;1;3;0;0;1;6;2;29;1;9;0;0;1;5;0;0;3;31;3;28;1;41;2;4;2;23;2;85;1;46
03.11.2024;12:15;A 36;1;0;0;4;60;1;1;1;14;2;35;1;4;2;10;0;0;4;17;3;14;3;19;0;0;2;29;3;21;3;13;0;0;1;2;2;16;1;14;0;0;1;11;1;10;1;5;0;0;1;42;3;6;0;77;0;0;0;2;3;53;0;0
03.11.2024;12:14;A 36;1;0;0;5;84;0;0;0;0;3;62;0;0;0;0;0;0;4;61;0;53;0;0;1;2;0;68;0;0;0;0;2;18;3;46;2;40;2;24;1;7;2;48;1;49;0;31;0;0;1;55;0;0;1;24;1;3;2;36;0;0;1;6
03.11.2024;12:13;A 36;1;0;0;2;55;0;0;0;4;2;63;0;0;0;0;1;15;2;69;4;65;2;16;1;9;2;74;1;47;2;7;1;59;2;78;2;56;1;94;2;9;2;69;2;19;2;88;0;0;2;38;3;25;1;30;1;4;3;16;1;35;2;7
03.11.2024;12:12;A 36;1;1;6;2;11;2;7;1;65;0;17;1;9;1;4;0;42;2;29;1;16;0;0;0;0;3;25;1;23;0;0;3;53;4;35;3;54;0;0;2;43;1;49;3;50;0;0;0;0;3;14;1;1;0;0;0;0;2;15;4;5;0;0
03.11.2024;12:11;A 36;1;0;0;1;70;1;42;1;33;1;77;2;12;1;5;1;10;5;43;2;40;1;85;1;7;2;27;1;6;1;42;1;98;0;0;0;0;0;13;0;4;0;0;0;0;0;0;0;0;2;2;1;1;1;70;0;0;2;10;1;4;1;5
03.11.2024;12:10;A 36;1;0;0;2;72;0;0;1;12;1;79;0;0;1;2;0;37;4;38;3;34;2;63;0;0;2;45;2;43;3;9;3;6;3;67;2;22;2;36;1;55;3;46;2;13;1;25;0;0;3;3;2;21;2;55;0;0;1;13;6;18;2;40
03.11.2024;12:09;A 36;1;0;0;4;82;1;47;1;69;0;94;1;8;1;7;1;49;3;23;0;0;2;16;1;8;0;28;1;1;2;13;4;80;3;63;2;52;1;91;2;85;2;61;2;39;2;96;0;0;3;12;0;0;2;32;1;3;3;16;0;0;2;38
03.11.2024;12:08;A 36;1;0;0;2;7;0;0;0;0;1;15;0;0;0;0;0;0;1;83;0;0;1;73;0;0;1;23;0;0;1;4;0;0;0;0;1;13;1;40;0;0;0;0;1;9;0;40;0;0;1;55;1;39;1;91;1;3;2;11;1;8;0;92
03.11.2024;12:07;A 36;1;1;2;4;56;2;2;2;5;2;31;2;7;0;24;1;32;3;17;1;1;3;52;1;6;3;22;1;7;1;58;0;0;0;0;1;2;2;41;0;0;0;0;0;0;2;34;0;0;2;54;0;0;1;13;0;0;0;58;0;0;2;13
03.11.2024;12:06;A 36;1;0;0;1;21;1;1;11;10;1;28;1;6;2;24;1;2;6;44;3;40;3;22;1;5;4;54;2;44;2;25;0;0;1;28;1;30;1;46;0;0;1;7;2;35;2;26;0;0;2;69;0;0;0;0;3;4;2;76;0;0;0;0
03.11.2024;12:05;A 36;1;0;0;3;40;3;44;0;0;6;39;2;37;0;0;0;0;2;64;1;42;0;0;0;0;2;13;1;47;0;0;1;14;1;15;4;24;2;39;1;11;1;3;2;22;1;7;0;0;3;15;2;23;1;12;1;8;2;26;2;12;1;5
03.11.2024;12:04;A 36;1;0;0;6;56;4;77;1;34;0;68;1;6;1;4;2;59;1;25;0;0;1;2;2;53;1;9;0;0;0;0;2;39;2;56;1;1;1;49;2;27;2;49;2;30;0;49;0;0;2;59;2;23;0;0;1;3;2;17;1;30;0;0
03.11.2024;12:03;A 36;1;0;0;2;82;2;65;0;0;2;94;1;11;0;0;0;0;5;65;4;64;1;28;4;71;0;83;0;73;1;33;2;8;5;58;2;1;2;70;2;7;6;20;1;3;1;76;0;0;1;57;1;55;2;86;0;0;1;56;1;34;2;8
03.11.2024;12:02;A 36;1;0;0;1;83;1;80;0;5;2;68;2;46;0;0;0;0;6;56;3;66;3;23;3;18;1;75;3;61;3;13;1;4;0;0;0;0;1;49;1;81;0;0;0;0;2;14;0;0;3;37;2;1;0;67;0;0;3;16;2;12;1;5
03.11.2024;12:01;A 36;1;0;0;3;82;2;60;1;61;2;55;2;31;1;4;1;16;5;44;2;42;3;57;0;14;2;56;2;49;0;64;2;3;4;64;4;58;1;77;0;100;9;31;3;77;1;5;0;0;2;2;1;1;2;98;0;0;3;14;1;4;0;70
03.11.2024;12:00;A 36;1;1;7;2;53;1;49;0;0;2;73;1;7;0;0;1;20;7;65;2;23;1;34;1;26;2;68;3;27;1;39;0;0;1;38;1;49;2;68;0;100;1;7;1;7;2;4;0;0;2;4;5;7;1;48;0;0;1;7;3;18;2;52
03.11.2024;11:59;A 36;1;0;0;4;47;3;36;1;20;0;57;2;46;1;4;0;0;2;36;0;0;3;7;0;0;3;44;1;4;1;26;1;50;1;1;1;1;5;67;0;100;1;4;1;5;3;37;0;0;3;76;3;34;2;55;0;0;3;16;5;35;3;8
03.11.2024;11:58;A 36;1;0;0;1;32;2;3;0;0;1;5;0;36;0;0;0;0;3;66;1;1;0;0;0;0;3;25;1;3;1;4;3;66;2;39;1;5;1;16;0;100;0;42;1;6;1;4;0;0;1;1;2;1;3;9;0;0;2;12;3;13;2;5
03.11.2024;11:57;A 36;1;0;0;3;30;1;26;4;46;1;46;1;29;3;55;0;0;0;0;2;25;0;0;0;0;0;0;2;10;0;0;2;29;4;57;0;25;0;52;0;100;3;53;0;0;0;0;0;0;3;25;4;24;1;25;1;11;2;40;5;67;1;4
03.11.2024;11:56;A 36;1;0;0;4;53;1;46;1;33;3;59;2;20;1;5;2;61;6;78;4;65;2;15;1;58;2;89;1;78;2;8;1;67;1;41;1;48;1;69;1;47;2;39;1;6;1;7;0;0;0;0;0;0;0;0;0;0;0;0;0;0;0;0
03.11.2024;11:55;A 36;1;0;0;1;25;0;0;0;0;1;59;0;0;0;0;1;49;4;52;1;64;2;3;2;8;3;41;1;4;1;4;1;36;4;27;2;25;2;73;1;7;2;31;2;7;1;56;0;0;2;18;2;56;1;12;1;3;1;26;6;59;1;6
03.11.2024;11:54;A 36;1;0;0;1;74;0;13;0;0;12;17;0;0;0;0;0;0;6;55;1;29;2;71;0;0;2;76;1;7;2;71;0;16;1;33;1;21;1;70;0;14;2;41;1;9;2;60;0;0;5;61;1;45;0;0;1;5;1;74;1;7;0;0
03.11.2024;11:53;A 36;1;0;0;6;31;1;31;0;0;26;79;1;10;0;0;1;44;1;68;1;3;0;0;1;8;0;66;0;0;0;0;1;26;2;15;0;13;1;53;2;30;1;21;0;0;1;20;0;0;1;49;1;53;1;66;1;4;0;0;1;8;1;6
03.11.2024;11:52;A 36;1;0;0;1;35;1;23;0;0;4;58;1;7;0;0;1;6;1;22;0;0;2;11;1;6;1;30;1;10;0;15;0;0;1;72;2;83;1;38;0;0;2;33;1;43;1;8;0;0;4;49;0;0;2;53;0;0;3;62;9;40;1;61
03.11.2024;11:51;A 36;1;0;0;5;48;2;36;2;30;1;54;1;33;2;9;1;3;5;66;2;57;3;87;1;9;2;79;2;59;0;100;0;0;1;59;1;57;2;24;0;0;1;8;2;34;2;18;0;0;0;0;1;18;0;0;2;26;0;0;1;7;0;0
03.11.2024;11:50;A 36;1;0;0;1;64;2;8;1;15;2;20;2;10;0;15;0;0;4;57;3;36;1;63;0;0;2;56;3;46;0;100;1;41;5;50;3;18;1;18;2;41;3;64;1;54;1;19;0;0;2;42;0;0;0;0;1;5;3;22;0;0;0;0
03.11.2024;11:49;A 36;1;0;0;2;41;1;1;1;83;1;9;1;7;2;87;0;0;3;65;0;0;0;0;2;30;2;43;0;0;0;100;0;0;1;8;0;4;6;54;0;0;2;10;1;1;5;70;0;0;2;35;0;0;0;0;1;8;2;12;0;0;0;0
03.11.2024;11:48;A 36;1;1;0;0;4;0;0;0;0;1;4;0;0;0;0;0;0;1;4;0;0;2;38;1;2;1;6;2;3;11;27;0;0;3;41;3;35;1;26;0;0;2;23;1;18;2;84;0;0;1;15;2;23;1;16;0;0;1;6;2;21;2;5
03.11.2024;11:47;A 36;1;0;0;3;40;2;3;0;25;1;23;0;9;0;0;1;1;4;55;4;54;1;2;2;5;1;64;1;62;44;55;0;8;1;73;1;74;1;68;0;0;2;67;1;72;3;62;0;0;0;47;1;51;1;9;0;2;0;0;1;30;2;3
03.11.2024;11:46;A 36;1;2;0;1;86;0;0;1;55;3;35;0;100;1;5;2;26;5;66;3;75;2;3;0;45;2;89;1;82;3;60;2;70;1;74;1;63;0;12;1;23;1;24;1;26;0;0;0;0;3;63;3;54;0;80;3;9;2;60;2;37;0;0
03.11.2024;11:45;A 36;1;0;0;4;71;1;56;0;0;2;78;2;15;0;0;0;0;2;10;1;49;0;0;1;8;3;26;3;22;0;0;0;0;1;18;0;0;4;17;2;26;1;31;1;26;1;18;0;0;2;37;4;7;2;56;0;0;2;44;2;46;3;8
03.11.2024;11:44;A 36;1;1;1;3;71;1;43;0;93;1;78;1;8;0;0;1;2;4;3;4;40;1;47;1;6;3;11;4;18;1;38;0;0;3;71;2;55;1;4;0;0;0;75;2;13;0;100;0;0;2;38;0;0;1;82;0;0;2;53;0;100;1;55
03.11.2024;11:43;A 36;1;0;0;4;57;2;0;2;78;2;60;1;5;2;45;0;0;3;28;2;36;1;42;0;0;1;52;1;48;2;5;0;0;0;41;2;42;0;0;1;1;1;6;1;8;1;34;0;0;1;73;0;0;1;6;0;0;28;70;4;14;1;12
03.11.2024;11:42;A 36;1;0;0;5;60;3;20;1;42;1;79;2;30;1;4;0;0;2;20;2;17;2;34;0;0;1;27;1;24;2;7;0;0;2;6;1;3;1;31;0;0;2;14;3;4;2;8;0;0;2;93;2;59;1;15;0;0;1;92;2;13;0;2
03.11.2024;11:41;A 36;1;0;0;4;80;2;24;0;0;2;58;2;28;0;0;0;0;4;66;1;1;6;14;1;1;2;21;4;16;1;26;1;37;1;40;1;38;0;59;1;4;1;5;1;3;0;0;0;0;1;4;0;0;0;6;0;0;2;6;0;0;1;2
03.11.2024;11:40;A 36;1;0;0;0;19;0;20;0;20;1;10;0;0;0;0;1;48;8;59;1;48;1;82;0;56;0;72;0;100;2;87;1;17;1;7;1;8;1;3;1;5;2;8;1;7;1;6;0;0;2;48;4;50;2;91;0;0;2;19;3;12;0;2
03.11.2024;11:39;A 36;1;0;0;3;24;1;8;1;29;1;15;1;9;1;7;1;17;1;54;1;81;0;0;1;24;1;62;2;86;0;0;1;1;6;60;2;36;1;1;2;8;3;78;2;15;1;3;0;0;2;66;3;65;1;31;1;7;2;12;3;26;2;6
03.11.2024;11:38;A 36;1;1;0;6;86;2;3;1;23;2;46;3;13;1;5;2;1;4;3;4;25;2;12;1;4;4;14;3;19;3;11;1;14;1;23;0;0;1;29;1;6;1;6;0;0;1;27;0;0;1;49;1;46;0;0;0;0;1;31;0;1;0;0
03.11.2024;11:37;A 36;1;0;0;6;49;2;2;1;10;1;66;2;10;1;5;1;2;1;25;1;19;3;66;1;16;2;10;3;11;2;72;0;0;0;0;1;23;1;78;0;0;0;0;2;12;1;65;0;0;2;50;1;48;1;49;0;0;2;42;3;7;1;4
03.11.2024;11:36;A 36;1;0;0;2;5;1;2;0;0;1;56;1;55;0;0;0;0;6;30;7;42;1;20;4;10;0;41;3;37;2;23;1;32;0;1;1;1;1;89;1;7;0;0;0;2;1;5;0;0;2;19;0;0;0;0;1;13;3;9;1;5;0;0
03.11.2024;11:35;A 36;1;2;3;3;38;1;33;0;0;2;37;1;8;0;0;0;0;2;45;2;42;0;0;0;0;1;52;3;39;0;0;1;31;2;38;0;0;4;21;1;11;3;11;1;1;3;30;0;0;4;41;0;0;0;0;0;0;2;38;0;0;0;0
03.11.2024;11:34;A 36;1;0;0;4;59;2;44;1;74;3;30;1;12;1;4;0;0;2;4;1;1;0;0;0;0;2;15;1;5;0;0;0;0;1;41;1;38;0;0;0;0;1;8;1;5;0;0;0;0;1;1;0;0;1;33;0;0;2;31;0;0;1;3
03.11.2024;11:33;A 36;1;0;0;2;29;2;16;0;0;1;7;3;11;0;0;0;0;3;12;4;14;2;15;0;0;1;28;3;27;3;17;0;0;3;46;3;17;0;0;0;0;3;54;2;38;0;0;0;0;1;28;1;18;0;0;1;0;1;8;2;8;0;0
03.11.2024;11:32;A 36;1;0;0;1;1;0;0;0;16;1;7;0;0;0;0;1;1;2;47;0;0;2;80;1;4;1;49;0;0;1;57;0;1;1;9;1;4;1;18;0;1;1;10;1;8;0;19;0;0;4;48;3;33;0;0;1;9;1;57;4;27;0;0
03.11.2024;11:31;A 36;1;0;0;1;34;1;2;1;74;3;12;1;9;1;6;0;0;4;9;3;5;4;46;2;2;3;28;2;14;2;55;1;56;2;75;0;0;3;82;1;68;5;22;0;0;3;88;0;0;4;41;1;1;1;25;0;0;3;61;1;4;1;3
03.11.2024;11:30;A 36;1;1;0;5;38;1;3;0;0;2;21;0;4;0;0;0;0;0;0;1;1;0;0;0;0;0;0;1;3;0;0;1;20;3;46;2;37;2;65;1;6;2;44;2;32;2;55;0;0;1;9;2;4;0;0;0;0;1;7;2;14;0;0
03.11.2024;11:29;A 36;1;0;0;1;32;3;16;1;36;2;17;5;31;0;36;0;0;3;50;2;45;0;0;3;5;2;56;2;43;0;0;0;18;1;52;2;42;0;0;0;0;2;34;1;9;0;0;0;0;0;0;0;0;0;0;3;7;0;0;0;0;0;0
03.11.2024;11:28;A 36;1;0;0;1;33;1;33;1;11;1;9;0;34;1;18;1;42;6;46;5;53;1;15;6;37;2;64;2;64;1;13;2;59;1;26;1;20;0;0;1;42;0;5;1;6;0;0;0;0;2;1;1;0;0;11;2;4;2;6;0;0;0;0
03.11.2024;11:27;A 36;1;0;0;3;29;1;19;0;0;1;34;2;12;0;0;0;0;5;33;1;32;1;89;1;29;3;51;1;8;3;94;1;5;0;17;0;0;0;0;1;10;1;2;0;0;0;0;0;0;1;1;1;1;1;72;0;0;1;4;1;5;1;6
03.11.2024;11:26;A 36;1;0;0;1;40;1;71;0;48;2;32;1;6;0;0;1;52;3;52;4;52;0;4;2;17;1;65;3;58;0;0;0;33;1;59;1;32;2;55;0;0;1;37;0;33;0;57;0;0;1;42;3;23;0;0;0;0;1;7;1;46;0;0
03.11.2024;11:25;A 36;1;0;0;0;24;1;48;1;60;0;0;1;8;1;4;1;2;1;32;1;26;1;78;1;6;1;8;2;10;1;8;1;0;2;56;1;62;1;35;1;5;2;48;2;30;2;28;0;0;4;51;1;19;0;0;2;9;1;62;1;8;0;0
03.11.2024;11:24;A 36;1;2;1;4;82;3;47;1;36;2;39;3;22;1;4;0;0;3;22;3;4;0;0;0;0;2;20;3;17;0;0;0;0;3;62;5;51;3;59;1;4;1;33;4;43;2;62;0;0;2;81;1;35;0;0;2;2;1;88;1;11;0;0
03.11.2024;11:23;A 36;1;0;0;2;67;1;58;0;0;2;66;2;7;0;0;3;57;6;48;1;42;1;79;2;44;2;68;1;8;1;6;0;0;2;37;1;35;2;73;0;0;1;47;1;19;2;53;0;0;4;54;3;41;0;0;0;62;4;79;3;54;0;0
03.11.2024;11:22;A 36;1;0;0;1;18;2;2;0;0;2;14;2;9;0;0;2;2;4;52;0;0;0;0;0;0;3;49;0;0;0;0;0;0;1;1;1;3;1;43;0;0;1;8;1;8;1;8;0;0;0;0;1;1;1;20;4;27;0;0;1;24;3;22
03.11.2024;11:21;A 36;1;1;18;2;25;2;23;0;0;2;12;2;14;0;0;1;58;2;69;0;74;2;21;1;8;2;7;0;73;1;24;0;32;2;3;0;0;2;50;1;1;2;10;0;0;4;15;0;0;1;21;0;0;0;0;0;0;1;16;0;0;0;0
03.11.2024;11:20;A 36;1;3;9;2;50;1;2;0;0;2;15;1;9;0;0;0;0;7;62;3;54;1;13;0;0;2;72;2;59;1;4;1;56;0;24;1;1;0;0;3;11;0;0;1;3;0;0;0;0;3;19;2;1;1;75;1;4;3;16;2;4;1;2
03.11.2024;11:19;A 36;1;0;0;2;38;0;0;0;0;2;15;0;0;0;0;0;0;0;0;0;0;1;57;0;0;0;0;1;3;2;6;2;23;1;16;1;1;3;39;2;12;1;9;1;3;1;48;0;0;2;55;3;51;1;34;0;0;2;16;1;72;1;2
03.11.2024;11:18;A 36;1;0;0;2;47;0;36;0;0;2;20;0;0;0;0;0;0;5;13;0;0;2;34;2;2;4;23;0;0;2;19;1;2;3;20;2;3;0;0;2;5;3;26;2;9;0;0;0;0;1;21;0;0;0;17;1;0;1;6;1;0;1;0
03.11.2024;11:17;A 36;1;0;0;2;4;1;4;0;0;2;12;1;7;0;0;0;0;2;1;1;1;1;1;0;0;1;3;1;3;1;4;2;30;3;36;1;1;0;0;2;35;2;25;1;6;0;0;0;0;2;24;1;11;1;10;0;0;1;11;0;5;1;4
03.11.2024;11:16;A 36;1;1;1;3;64;1;58;0;0;3;21;2;9;0;0;0;33;4;34;2;31;1;59;0;4;2;45;1;35;1;59;2;27;3;31;1;25;0;6;2;8;2;14;1;6;0;0;0;0;0;0;1;37;0;0;0;0;1;4;2;35;0;0
03.11.2024;11:15;A 36;1;0;0;1;23;1;15;0;0;1;14;2;7;0;0;1;7;1;27;2;16;1;31;2;16;2;35;3;15;2;15;1;17;3;25;2;21;1;73;1;7;2;33;2;17;1;6;0;0;1;1;1;11;1;39;1;2;1;3;9;49;1;45
03.11.2024;11:14;A 36;1;0;0;3;53;1;52;1;42;3;29;1;40;1;5;1;1;7;7;0;0;2;20;3;7;5;21;0;0;2;11;0;0;2;5;1;2;0;0;0;0;1;12;1;9;0;0;0;0;1;18;2;3;0;0;0;0;1;5;0;5;0;0
03.11.2024;11:13;A 36;1;0;0;3;54;1;41;0;0;1;42;2;15;0;0;0;0;3;45;0;0;0;1;1;4;1;58;0;0;0;0;0;0;3;43;3;30;0;0;0;0;4;48;3;19;0;0;0;0;1;91;1;96;0;0;0;0;1;15;1;25;0;0
03.11.2024;11:12;A 36;1;0;0;4;89;4;62;1;38;1;97;2;43;1;5;0;0;3;74;3;81;4;19;0;0;3;83;1;55;4;12;0;0;1;28;2;28;1;55;0;0;0;29;0;32;1;56;0;0;1;8;2;7;1;3;0;0;2;6;2;13;1;3
03.11.2024;11:11;A 36;1;0;0;1;21;1;12;0;36;1;32;2;8;1;1;0;0;4;58;1;12;1;43;1;3;2;55;2;9;1;5;0;0;1;60;1;42;3;80;0;0;2;26;2;34;1;52;0;0;2;15;1;11;1;69;0;0;2;11;1;8;1;2
03.11.2024;11:10;A 36;1;0;0;2;44;0;0;1;25;2;48;0;0;1;4;0;0;2;5;0;0;0;0;0;0;3;17;0;0;0;0;1;29;1;54;0;0;2;86;1;5;1;8;0;0;3;91;0;0;1;31;0;0;0;0;3;3;1;10;0;0;0;0
03.11.2024;11:09;A 36;1;0;0;1;27;0;0;0;0;0;3;0;0;0;0;0;0;5;42;2;39;1;50;0;0;1;55;2;41;1;5;1;3;4;18;1;1;4;79;1;6;2;30;1;6;1;90;0;0;1;38;1;44;0;0;2;5;1;7;1;8;0;0
03.11.2024;11:08;A 36;1;0;0;0;0;0;0;0;0;1;3;0;0;0;0;0;0;1;36;1;21;1;29;0;0;1;7;1;7;1;5;0;0;0;0;1;66;1;84;0;0;0;0;1;5;3;48;0;0;4;79;0;14;0;0;2;5;2;66;0;0;0;0
03.11.2024;11:07;A 36;1;0;0;0;0;2;41;0;0;0;0;2;16;0;0;0;3;2;35;0;2;0;22;0;0;1;13;0;0;0;0;1;51;3;55;1;53;2;67;0;53;0;62;2;49;2;12;0;0;1;64;1;68;0;0;1;3;3;67;1;7;0;0
03.11.2024;11:06;A 36;1;0;0;1;40;1;1;0;0;1;9;2;6;0;0;1;19;1;71;1;54;5;66;2;7;2;80;2;15;1;16;1;26;1;57;3;30;1;37;1;32;3;29;2;30;1;6;0;0;0;0;0;0;2;7;1;5;0;0;0;0;0;7
03.11.2024;11:05;A 36;1;0;0;4;46;2;4;0;0;1;38;1;29;0;0;0;0;1;14;1;0;1;40;0;0;1;9;1;2;2;41;0;0;1;4;2;16;1;29;0;0;1;7;1;22;1;10;0;0;0;0;2;69;1;19;2;8;0;0;2;43;1;82
03.11.2024;11:04;A 36;1;0;0;1;1;0;0;0;0;2;9;0;0;0;0;1;6;6;59;2;47;2;57;4;12;3;76;2;11;1;68;2;6;2;23;3;11;1;17;2;10;2;10;4;24;1;8;0;0;1;23;0;0;0;0;1;0;1;8;0;0;0;0
03.11.2024;11:03;A 36;1;0;0;0;0;0;0;1;3;0;0;0;0;1;6;0;0;0;0;0;0;0;0;1;4;0;0;0;0;0;0;0;28;2;32;1;25;0;0;0;0;2;30;0;0;0;0;0;0;2;29;2;11;0;0;1;3;2;37;2;14;0;0
03.11.2024;11:02;A 36;1;0;0;2;57;1;8;0;0;1;8;1;18;0;0;0;3;4;31;5;37;0;38;0;0;2;23;2;27;0;0;3;55;1;3;1;1;0;0;3;73;1;6;2;8;0;0;0;0;0;0;0;0;2;38;1;4;0;0;0;0;2;30
03.11.2024;11:01;A 36;1;0;0;3;33;0;0;1;54;2;51;0;0;1;4;1;20;1;32;1;10;1;12;1;7;2;29;1;17;1;5;0;0;1;38;2;52;0;0;0;0;1;8;2;42;0;0;0;0;1;1;1;1;2;48;1;0;1;4;1;4;3;28
03.11.2024;11:00;A 36;1;0;0;3;55;1;42;1;62;3;54;1;10;1;4;0;0;4;46;1;3;1;43;1;1;4;18;0;14;1;12;0;0;1;28;2;33;2;84;0;0;1;7;2;32;1;64;0;0;1;4;1;1;1;22;0;0;0;5;1;6;1;3
03.11.2024;10:59;A 36;1;3;1;2;54;0;0;0;0;2;54;0;0;0;0;0;0;1;16;0;15;2;50;1;1;1;15;2;24;3;13;0;0;3;6;0;0;0;0;0;0;2;44;0;0;1;3;0;0;3;19;2;3;0;0;0;0;2;28;1;12;0;0
03.11.2024;10:58;A 36;1;0;0;2;4;1;12;0;0;1;66;1;5;0;0;0;0;4;30;1;1;2;40;2;2;3;23;1;7;0;42;0;0;3;71;2;71;1;88;0;0;1;46;1;17;2;71;0;0;3;48;2;11;0;0;1;3;2;24;0;18;0;0
03.11.2024;10:57;A 36;1;1;1;4;51;2;28;0;0;1;67;2;10;0;0;0;0;2;2;1;1;1;81;0;0;3;30;2;5;1;70;1;44;1;64;2;12;2;6;0;46;1;6;2;9;3;9;0;0;1;36;1;37;0;0;3;1;2;32;2;24;0;0
03.11.2024;10:56;A 36;1;0;0;3;19;0;0;0;0;2;28;0;0;0;0;0;0;1;29;0;0;1;52;0;0;1;8;0;0;2;5;1;44;3;51;1;36;1;69;1;9;1;10;1;6;0;2;0;0;2;73;1;64;0;0;0;0;1;10;1;11;0;0
03.11.2024;10:55;A 36;1;0;0;1;12;0;0;1;31;2;10;0;0;1;5;1;3;0;0;2;5;1;14;1;7;0;0;1;15;1;5;1;10;1;40;2;35;1;30;1;7;2;16;1;43;2;9;0;0;0;0;0;0;1;14;0;0;1;2;0;0;0;10
03.11.2024;10:54;A 36;1;2;1;0;42;0;40;0;0;0;0;0;0;0;0;0;0;1;21;2;27;4;74;0;0;1;6;1;37;1;25;1;21;1;35;0;38;1;59;1;9;0;5;0;0;1;8;0;0;1;1;1;23;1;11;1;5;1;5;1;8;3;8
03.11.2024;10:53;A 36;1;0;0;2;56;1;1;0;0;2;14;1;8;0;0;1;2;3;19;3;6;2;38;1;7;2;32;2;14;2;43;0;0;2;34;1;7;2;12;0;0;2;24;1;5;2;8;0;0;1;16;2;3;0;0;0;0;1;7;1;9;0;0
03.11.2024;10:52;A 36;1;0;0;1;24;0;25;0;0;1;8;0;0;0;0;1;2;6;10;3;22;3;59;2;8;2;80;2;31;2;9;0;0;2;42;0;0;1;48;0;0;1;31;0;0;1;8;0;0;2;2;4;4;0;6;0;0;2;8;1;13;0;5
03.11.2024;10:51;A 36;1;0;0;1;84;1;14;1;13;1;7;1;9;1;10;0;0;1;43;0;0;1;49;0;0;2;9;1;1;1;4;0;0;1;61;0;0;1;56;0;0;2;64;0;0;1;6;0;0;3;1;26;58;0;100;0;0;0;0;0;100;0;100
03.11.2024;10:50;A 36;1;1;2;3;32;1;23;1;9;2;39;2;7;1;4;0;0;6;24;1;36;3;55;0;0;5;28;1;3;1;63;2;74;1;1;0;0;2;13;2;13;1;4;0;0;1;7;0;0;0;33;3;21;1;6;1;9;0;0;3;26;1;11
03.11.2024;10:49;A 36;1;2;1;1;80;0;83;1;44;0;2;1;83;1;4;0;0;3;32;4;47;0;0;0;0;1;24;2;47;1;0;0;0;1;76;3;71;4;91;0;0;2;7;3;23;0;15;0;0;2;20;2;25;1;60;0;0;1;12;0;59;0;62
03.11.2024;10:48;A 36;1;0;0;1;3;3;87;0;0;2;10;1;50;0;0;0;7;7;14;2;10;0;0;0;0;2;35;1;16;0;0;0;0;5;65;2;38;1;76;0;0;2;75;2;12;1;86;0;0;1;1;0;0;1;72;0;0;2;7;1;35;1;73
03.11.2024;10:47;A 36;1;0;0;2;66;0;0;1;82;1;52;2;5;1;2;1;50;4;69;1;48;0;0;1;5;2;77;1;57;0;0;0;0;0;0;0;0;0;0;0;0;0;0;0;0;0;0;0;0;0;12;1;12;1;56;0;0;1;14;0;13;2;23
03.11.2024;10:46;A 36;1;0;0;5;67;2;3;2;6;2;29;2;20;2;9;0;0;1;77;0;0;4;12;1;5;2;44;0;0;1;24;1;1;0;0;0;0;1;56;1;4;0;0;0;0;1;6;0;0;1;15;1;30;1;69;0;0;1;22;3;45;0;0
03.11.2024;10:45;A 36;1;0;0;3;38;1;9;1;33;4;42;1;7;2;6;0;0;3;52;1;2;0;21;0;0;1;59;0;2;0;0;3;17;2;2;1;1;0;65;1;29;2;7;1;4;0;0;0;0;2;4;1;6;1;45;0;0;1;30;1;12;1;6
03.11.2024;10:44;A 36;1;0;0;1;37;1;37;0;0;1;6;1;7;0;0;0;90;1;94;4;76;2;74;0;0;0;100;2;37;1;8;0;0;4;10;1;1;3;53;0;0;2;11;1;3;2;22;0;0;2;47;2;45;1;31;0;0;2;47;2;42;2;5
03.11.2024;10:43;A 36;1;0;0;0;0;0;0;0;0;0;0;0;0;0;0;1;5;2;22;0;0;2;57;1;6;2;18;0;0;2;6;0;0;3;39;2;36;1;31;0;0;0;44;0;40;1;4;0;0;0;0;1;21;1;53;1;4;0;0;1;7;1;5
03.11.2024;10:42;A 36;1;2;12;1;10;2;2;0;0;1;20;1;7;0;0;0;0;0;0;1;68;0;0;0;0;0;0;1;7;4;10;0;0;2;69;2;39;2;18;0;0;2;64;2;45;2;16;0;0;1;5;0;0;0;0;0;0;1;6;0;0;0;0
03.11.2024;10:41;A 36;1;0;0;0;0;0;0;0;0;0;0;0;0;1;6;2;26;1;29;0;0;0;0;1;37;1;11;0;0;0;0;0;0;2;36;1;14;1;13;0;0;1;31;1;21;0;14;0;0;0;0;0;0;1;28;1;8;0;0;0;0;2;4
03.11.2024;10:40;A 36;1;0;0;0;34;1;1;0;0;0;0;1;4;0;0;0;0;1;1;1;1;4;23;0;0;1;3;0;2;4;11;0;0;0;36;0;0;1;51;0;0;1;5;0;0;2;51;0;0;0;0;0;0;0;13;0;0;0;0;0;0;0;0
03.11.2024;10:39;A 36;1;1;1;1;13;0;0;0;0;1;8;0;0;0;0;1;46;3;54;0;0;4;86;1;7;3;13;1;2;3;89;0;0;1;61;2;2;1;56;0;0;1;5;2;9;0;54;0;0;0;81;0;0;1;1;0;0;0;0;0;0;1;4
03.11.2024;10:38;A 36;1;1;1;3;30;1;25;0;0;0;37;0;0;0;0;2;69;3;30;0;0;1;37;3;20;1;43;0;0;1;36;1;29;2;39;0;0;2;89;1;30;1;38;0;0;2;77;0;0;1;1;0;0;0;6;1;8;1;7;0;0;0;0
03.11.2024;10:37;A 36;1;1;2;1;59;1;2;0;0;1;66;2;38;0;0;0;0;3;77;2;82;1;36;0;0;0;86;0;85;1;5;2;44;2;31;2;29;2;70;2;10;2;39;0;30;2;76;0;0;1;13;2;3;1;40;0;0;1;7;4;12;1;5
03.11.2024;10:36;A 36;1;3;1;2;12;0;0;0;47;2;19;1;8;0;0;0;0;1;1;1;0;1;9;0;0;1;9;1;7;1;5;1;7;1;29;1;26;1;32;1;11;2;35;2;28;2;9;0;0;3;3;0;0;1;45;3;10;2;12;0;0;1;5
03.11.2024;10:35;A 36;1;0;0;0;0;0;0;2;51;0;0;0;0;3;10;0;0;3;49;2;51;2;47;0;0;3;30;2;16;0;46;0;0;0;0;0;0;0;0;0;0;0;0;0;0;0;0;0;0;0;0;0;0;2;74;0;0;0;0;0;0;4;5
03.11.2024;10:34;A 36;1;0;0;1;41;1;53;0;12;2;8;1;9;0;0;0;0;0;0;2;43;1;68;0;0;1;3;2;19;2;11;0;0;3;31;1;2;0;0;0;0;2;44;1;8;0;0;0;0;1;1;0;36;1;16;0;0;1;4;0;0;1;5
03.11.2024;10:33;A 36;1;0;0;2;27;0;0;2;20;2;37;0;0;1;13;0;0;3;34;1;20;1;27;0;0;0;40;1;8;1;5;1;6;1;37;2;39;0;0;1;6;1;7;2;40;0;0;0;0;1;22;2;27;2;44;0;0;1;7;3;19;2;9
03.11.2024;10:32;A 36;1;0;0;1;3;0;0;1;38;1;12;0;0;1;43;1;1;7;33;2;3;2;59;4;7;1;49;2;22;2;51;0;0;2;82;3;27;0;0;0;0;1;58;2;33;0;0;0;0;0;21;0;0;2;45;0;0;0;0;0;0;4;6
03.11.2024;10:31;A 36;1;0;0;1;2;0;0;1;4;1;55;0;0;2;8;0;0;3;25;1;2;1;16;0;0;3;28;2;9;1;5;0;0;1;3;1;48;2;84;0;0;2;19;1;7;2;15;0;0;2;34;0;27;0;0;0;0;2;23;0;0;0;0
03.11.2024;10:30;A 36;1;0;0;3;10;1;2;0;0;1;20;1;3;0;0;1;37;3;39;3;41;2;60;1;5;2;44;1;45;2;20;1;17;2;77;1;61;1;89;1;7;1;87;1;9;1;5;0;0;1;62;1;20;0;0;0;0;1;7;1;9;0;0
03.11.2024;10:29;A 36;1;0;0;1;18;1;17;0;0;2;9;1;5;0;0;1;18;2;27;1;18;2;10;1;6;2;37;2;26;2;8;0;0;1;54;1;1;1;8;0;0;1;7;0;0;1;3;0;0;1;18;0;0;0;0;0;0;1;6;0;0;0;0
03.11.2024;10:28;A 36;1;0;0;2;42;0;0;0;0;2;15;0;0;0;0;0;0;2;35;0;32;1;27;0;0;1;21;0;0;2;11;2;86;2;7;1;70;1;37;0;93;1;19;0;6;1;6;0;0;1;9;0;0;0;0;1;1;1;6;0;0;0;0
03.11.2024;10:27;A 36;1;0;0;1;41;1;12;0;0;1;52;3;10;0;0;0;0;1;32;1;16;0;0;0;0;1;8;1;7;0;0;2;10;3;9;2;2;2;3;1;15;2;6;2;7;3;4;0;0;1;1;1;1;0;0;0;0;1;4;1;4;0;0
03.11.2024;10:26;A 36;1;0;0;0;0;0;0;0;0;0;0;0;0;0;0;3;3;6;39;2;22;30;56;3;12;2;54;2;31;1;46;1;14;0;0;0;0;1;37;2;16;0;0;1;0;1;6;0;0;1;30;0;0;0;0;1;5;0;7;0;0;0;0
03.11.2024;10:25;A 36;1;0;0;2;63;2;2;1;11;2;22;1;9;1;2;0;0;0;0;1;25;14;39;0;0;1;5;1;9;3;17;0;0;2;53;1;82;1;86;0;0;2;48;1;9;1;3;0;0;2;38;0;0;0;0;1;4;2;45;0;0;0;0
03.11.2024;10:24;A 36;1;0;0;2;57;0;0;1;72;3;62;0;0;1;5;1;36;5;45;1;41;4;8;2;31;1;58;0;38;2;62;1;56;3;58;1;33;0;14;1;5;2;68;1;7;0;0;0;0;1;39;0;0;0;0;0;0;2;45;0;0;0;0
03.11.2024;10:23;A 36;1;1;2;0;85;1;2;1;58;0;0;2;9;1;6;0;0;1;29;2;39;0;0;1;6;1;36;2;22;1;6;0;0;3;45;3;41;1;43;0;0;1;59;2;26;2;13;0;0;1;37;0;40;1;21;0;0;1;2;1;2;1;6
03.11.2024;10:22;A 36;1;1;0;1;2;1;3;0;0;1;7;1;8;0;0;0;0;3;27;1;27;0;48;0;0;1;31;1;21;0;0;0;0;1;1;0;0;1;46;0;0;1;4;0;0;2;49;0;0;2;77;1;71;0;0;0;0;2;10;4;36;0;0
03.11.2024;10:21;A 36;1;1;1;2;18;0;0;1;44;1;26;0;0;1;6;0;0;1;48;2;36;2;35;0;0;2;37;1;28;3;8;2;73;2;66;3;60;0;0;1;82;2;13;3;72;0;0;0;0;1;21;1;20;0;0;2;6;1;7;1;18;0;0
03.11.2024;10:20;A 36;1;0;0;0;0;0;0;0;0;0;0;0;0;0;0;1;1;3;72;2;63;3;46;1;22;1;28;3;69;1;49;1;2;1;50;3;48;1;89;1;4;1;56;1;60;1;86;0;0;1;21;3;31;2;42;0;0;1;7;3;20;1;28
03.11.2024;10:19;A 36;1;3;3;1;38;0;0;0;0;1;9;0;0;0;0;0;18;1;32;0;16;1;67;1;5;1;41;0;0;2;32;1;1;2;1;1;32;4;82;1;4;1;3;1;5;3;93;0;0;1;57;1;40;1;43;1;3;1;8;1;12;2;14
03.11.2024;10:18;A 36;1;0;0;4;53;4;34;0;0;1;63;1;42;0;0;2;56;2;4;1;41;1;8;1;9;1;16;1;7;2;5;1;3;1;3;2;32;0;0;0;3;0;0;2;33;0;0;0;0;1;46;2;22;1;63;0;0;1;6;0;62;2;63
03.11.2024;10:17;A 36;1;0;0;2;61;1;24;0;0;1;72;3;22;0;0;0;0;2;30;1;27;3;78;1;6;1;41;1;7;1;79;1;50;1;9;1;55;0;25;2;54;1;7;1;8;0;0;0;0;2;39;0;0;1;58;0;0;2;14;1;6;2;9
03.11.2024;10:16;A 36;1;0;0;1;39;1;31;0;0;1;51;1;11;0;0;0;0;3;38;1;9;3;48;0;0;2;33;1;11;2;8;0;0;1;8;1;41;1;32;0;0;1;7;2;7;1;8;0;0;1;50;1;48;2;43;0;0;1;6;1;7;2;13
03.11.2024;10:15;A 36;1;0;0;0;0;0;0;0;0;0;0;0;0;0;0;1;8;4;35;1;1;0;0;1;9;4;49;1;3;2;1;0;0;1;38;2;2;0;11;0;0;1;7;2;13;0;0;0;0;0;0;0;0;1;1;0;0;0;0;0;0;1;5
03.11.2024;10:14;A 36;1;1;0;2;39;12;19;0;0;1;48;1;11;0;0;1;1;4;5;1;1;0;0;1;5;1;17;1;4;0;0;0;0;0;0;0;0;1;2;0;0;0;0;0;0;1;5;0;0;2;1;1;1;1;25;2;10;3;8;3;17;1;14
03.11.2024;10:13;A 36;1;0;0;4;56;1;30;0;72;0;67;1;40;0;0;0;0;2;2;2;2;0;20;1;2;2;8;3;9;0;0;1;3;3;20;2;2;0;0;1;7;3;18;2;9;0;0;0;0;1;1;0;0;1;34;0;0;0;3;0;0;1;4
03.11.2024;10:12;A 36;1;0;0;3;50;0;0;1;14;2;23;0;0;1;6;2;58;1;4;0;0;3;80;1;7;0;4;0;0;1;36;0;0;2;2;1;26;1;41;0;0;2;7;1;7;1;6;0;0;1;1;0;0;1;26;0;0;2;8;0;0;0;26
03.11.2024;10:11;A 36;1;0;0;2;35;2;6;0;0;2;47;3;12;0;0;1;19;2;67;1;25;1;40;1;9;2;48;1;4;2;24;0;0;0;0;0;0;0;0;0;0;0;0;0;0;0;0;0;0;1;1;1;26;1;21;2;7;2;4;1;6;2;5
03.11.2024;10:10;A 36;1;2;4;2;22;1;1;1;0;3;21;1;3;0;0;2;5;3;20;1;7;0;0;5;18;2;34;1;22;0;0;0;0;2;12;2;16;0;22;0;0;1;16;2;9;0;0;0;0;0;0;2;2;0;0;0;0;0;0;1;9;0;0
03.11.2024;10:09;A 36;1;0;0;1;39;1;10;0;0;1;10;1;10;0;0;0;0;1;0;1;3;1;4;0;0;2;5;1;6;1;14;0;0;4;9;2;27;1;27;0;0;3;40;2;33;1;5;0;0;2;4;0;0;0;0;0;2;1;8;0;0;0;0
03.11.2024;10:08;A 36;1;0;0;2;35;0;0;1;61;2;15;0;0;1;4;0;0;2;3;0;0;0;0;0;0;1;4;0;0;0;0;0;0;0;52;0;0;2;42;0;0;0;0;0;0;2;40;0;0;3;54;0;0;0;0;1;3;1;68;0;0;0;0
03.11.2024;10:07;A 36;1;0;0;1;2;1;2;2;73;1;56;1;8;1;38;0;0;1;51;1;1;2;30;0;0;1;57;1;4;1;31;0;0;4;87;1;1;0;0;0;0;2;61;1;3;0;0;0;0;1;70;1;1;0;0;0;0;2;66;1;6;0;0
03.11.2024;10:06;A 36;1;0;0;3;52;1;16;0;0;3;59;1;8;1;3;0;0;3;2;0;0;2;35;0;0;1;8;0;0;1;40;0;0;1;42;1;43;0;0;0;0;2;13;1;11;0;0;0;0;1;51;0;0;0;0;1;10;1;12;0;0;0;0
03.11.2024;10:05;A 36;1;0;0;1;6;0;0;0;0;1;8;0;0;0;0;0;0;1;13;0;0;1;6;0;0;2;6;0;0;3;12;1;25;0;0;1;28;2;63;1;7;0;0;1;8;1;48;0;0;2;50;0;14;0;0;1;0;2;32;0;0;0;0
03.11.2024;10:04;A 36;1;0;0;4;49;0;0;1;78;3;16;0;0;1;4;0;0;1;57;0;17;4;47;0;0;1;8;0;0;0;52;1;57;53;26;1;61;0;0;1;7;1;61;0;4;1;6;0;0;2;21;1;32;1;41;0;0;1;30;1;8;1;5
03.11.2024;10:03;A 36;1;0;0;1;62;1;1;2;52;1;12;1;1;2;39;0;0;4;55;3;56;2;28;0;0;1;51;2;17;5;31;0;6;0;8;0;0;0;6;0;0;0;0;1;3;0;0;0;0;1;35;3;66;1;22;0;0;2;21;1;42;1;4
03.11.2024;10:02;A 36;1;1;2;3;6;0;0;2;5;1;84;1;4;2;8;0;0;2;25;0;0;3;51;0;0;2;15;1;5;0;59;1;34;1;35;0;0;1;31;1;8;1;8;0;0;1;6;0;0;0;0;0;0;0;47;3;3;0;0;1;6;0;0
03.11.2024;10:01;A 36;1;1;1;4;70;1;2;0;0;1;87;0;68;1;1;0;0;1;21;0;0;2;71;0;0;1;8;0;0;3;45;1;41;3;36;0;0;2;55;1;9;2;46;0;0;2;59;0;0;0;19;0;0;1;50;0;0;0;0;0;0;1;4
03.11.2024;10:00;A 36;1;0;0;0;0;0;0;0;0;1;4;1;7;0;0;0;0;0;0;0;0;0;0;0;0;0;0;0;0;0;0;1;5;3;46;3;7;2;20;1;5;1;59;2;21;1;21;0;0;2;43;1;0;0;0;0;0;2;10;0;0;0;0
03.11.2024;09:59;A 36;1;0;0;1;3;0;0;0;17;1;52;0;0;0;18;1;1;1;27;0;0;2;22;1;5;1;7;0;0;1;26;0;0;2;35;1;1;1;86;0;0;2;42;1;4;2;49;0;0;1;16;0;0;0;0;1;4;1;14;0;0;0;0
03.11.2024;09:58;A 36;1;0;0;2;37;0;0;1;61;2;11;0;0;1;64;0;0;1;40;1;39;1;53;0;0;0;13;0;8;1;5;0;0;0;17;1;8;3;19;0;15;0;0;1;6;1;25;0;0;0;0;0;0;0;0;0;0;0;0;0;0;0;0
03.11.2024;09:57;A 36;1;0;0;1;14;1;2;0;0;1;7;1;28;0;0;0;0;1;35;1;1;0;60;0;0;2;7;2;5;0;0;0;0;2;31;3;7;1;48;1;5;1;15;0;10;2;49;0;0;1;27;1;19;0;0;1;7;1;40;1;7;0;0
03.11.2024;09:56;A 36;1;0;0;1;1;0;0;0;0;1;3;0;0;0;0;0;0;2;44;2;21;2;77;0;0;2;12;1;8;2;7;0;0;1;30;1;21;0;0;0;0;1;36;1;31;0;0;0;0;1;25;0;0;0;0;0;0;0;26;0;0;0;0
03.11.2024;09:55;A 36;1;2;55;2;77;2;14;0;0;2;7;2;13;0;0;1;2;1;0;0;0;2;11;1;5;1;9;1;6;2;17;0;0;1;54;0;0;1;62;0;0;1;8;0;0;1;5;0;0;2;82;1;34;0;0;0;0;3;71;1;15;0;0
03.11.2024;09:54;A 36;1;0;0;2;76;0;0;0;0;1;86;0;0;0;0;0;9;4;21;4;16;2;40;1;14;0;28;0;21;2;6;0;0;1;39;0;0;0;0;0;0;1;8;0;0;0;0;0;0;2;31;1;17;1;38;0;0;2;12;1;10;1;4
03.11.2024;09:53;A 36;1;0;0;4;67;1;35;0;0;3;68;1;8;0;0;1;41;1;99;1;76;4;15;1;8;1;91;1;86;3;23;1;2;3;5;1;1;3;69;1;5;3;16;1;3;1;76;0;0;0;0;0;0;0;6;1;6;1;0;0;0;0;0
03.11.2024;09:52;A 36;1;0;0;0;18;0;15;0;17;0;0;0;0;0;0;0;0;0;0;0;44;1;66;0;0;1;6;0;0;17;24;0;0;0;0;0;0;0;0;0;0;0;0;0;0;0;0;0;0;0;0;1;30;1;5;1;3;0;0;1;11;1;5
03.11.2024;09:51;A 36;1;0;0;1;25;1;23;1;34;2;9;1;7;1;4;0;0;1;8;3;30;2;38;0;0;0;10;2;54;2;9;2;7;3;3;1;1;0;0;2;54;3;10;1;3;0;0;0;0;0;0;0;0;1;16;0;0;0;0;0;0;1;4
03.11.2024;09:50;A 36;1;0;0;1;36;1;3;0;0;7;14;1;10;0;0;1;1;1;13;1;4;0;0;1;5;1;12;1;9;0;0;1;20;0;0;1;5;0;0;2;9;0;0;1;7;0;0;0;0;1;9;0;7;1;20;0;0;0;9;3;22;1;23
03.11.2024;09:49;A 36;1;0;0;3;31;1;17;0;0;1;44;1;10;0;0;1;14;3;58;3;31;1;49;1;8;1;40;0;37;0;0;0;0;1;75;2;73;0;0;0;0;1;7;1;7;0;0;0;0;1;32;1;67;0;0;0;0;1;40;1;8;0;0
03.11.2024;09:48;A 36;1;2;4;1;2;0;0;0;0;1;27;0;0;0;0;0;28;4;24;4;37;2;56;0;0;2;41;1;50;7;13;0;0;1;2;1;51;1;58;0;0;1;6;2;10;1;6;0;0;0;0;1;3;0;0;0;0;0;0;1;7;0;0
03.11.2024;09:47;A 36;1;0;0;2;81;0;0;0;0;1;7;0;0;0;0;1;31;2;22;3;34;1;3;1;8;2;36;1;47;4;6;2;35;1;1;1;0;1;61;2;13;1;3;0;0;1;9;0;0;1;23;0;0;0;50;0;0;0;22;0;0;0;0
03.11.2024;09:46;A 36;1;0;0;0;0;2;47;0;0;1;6;1;9;0;0;0;0;1;26;1;94;1;30;0;0;1;42;1;38;0;4;2;30;3;48;2;35;0;89;2;32;1;55;1;44;0;0;0;0;1;28;1;16;1;25;0;0;1;37;0;17;1;4
03.11.2024;09:45;A 36;1;0;0;3;72;1;1;1;0;1;78;1;3;0;0;0;0;0;0;0;17;0;0;0;0;0;0;1;1;1;2;1;43;1;47;0;0;1;11;1;8;1;9;0;0;1;6;0;0;1;16;1;10;2;47;0;0;0;18;3;47;1;48
03.11.2024;09:44;A 36;1;0;0;2;7;2;44;0;0;3;27;1;13;0;0;0;0;7;30;3;39;1;43;0;0;1;46;1;31;1;33;1;2;1;1;0;0;1;1;0;2;1;4;0;0;1;3;0;0;1;44;0;0;1;19;0;0;1;57;1;24;1;24
03.11.2024;09:43;A 36;1;0;0;2;67;0;0;1;4;2;33;0;0;0;5;0;0;1;24;0;0;1;28;0;0;1;39;1;24;1;5;1;78;2;41;2;42;1;54;1;4;1;35;2;33;1;5;0;0;0;0;1;23;1;19;0;0;0;0;0;4;1;4
03.11.2024;09:42;A 36;1;1;2;1;40;0;0;1;56;1;6;0;0;2;8;0;0;3;30;1;23;0;62;0;0;1;37;0;23;0;0;1;2;3;68;0;0;1;74;2;14;2;60;0;0;2;2;0;0;0;0;1;41;0;63;0;0;0;0;1;42;0;0
03.11.2024;09:41;A 36;1;1;8;3;12;3;5;0;0;1;72;2;53;1;6;0;0;2;49;1;18;1;5;0;0;2;39;2;22;3;4;0;0;1;6;1;4;1;24;0;0;0;6;0;5;0;0;0;0;1;47;1;8;1;13;0;0;0;0;2;22;2;4
03.11.2024;09:40;A 36;1;0;0;0;0;0;40;0;0;0;0;0;0;0;0;0;0;2;10;1;7;0;20;0;0;1;16;1;8;0;0;0;0;2;54;1;18;1;25;0;0;4;37;2;24;3;10;0;0;0;0;1;1;0;20;0;0;1;7;1;3;0;0
03.11.2024;09:39;A 36;1;0;0;2;45;1;19;0;0;0;45;1;8;0;0;0;0;1;63;1;71;2;36;0;0;1;10;1;9;3;9;1;20;1;21;1;2;0;0;1;8;1;12;1;15;0;0;0;0;1;72;0;0;2;58;0;0;1;5;0;0;2;7
03.11.2024;09:38;A 36;1;0;0;4;66;2;2;0;0;5;44;2;11;0;0;0;0;3;40;1;31;1;30;0;0;0;43;1;34;1;6;0;0;1;32;0;0;1;8;0;0;1;7;0;0;0;10;0;0;2;32;0;0;0;0;0;0;1;18;1;0;0;0
03.11.2024;09:37;A 36;1;0;0;3;66;0;0;1;83;2;64;2;1;1;5;0;0;4;10;4;6;1;13;0;0;5;24;2;22;1;5;0;0;2;2;3;74;1;96;0;0;2;7;2;12;2;34;0;0;1;0;0;0;0;0;0;0;1;8;0;0;0;0
03.11.2024;09:36;A 36;1;0;0;1;3;0;0;0;0;1;9;0;0;0;0;0;0;2;18;3;4;0;36;0;0;2;7;2;6;0;0;0;0;1;0;0;0;1;65;0;0;1;5;1;1;2;5;0;0;0;0;0;0;0;0;1;3;1;3;0;0;0;0
03.11.2024;09:35;A 36;1;0;0;0;0;0;0;0;0;0;0;0;0;0;0;0;0;1;31;0;0;2;79;1;2;1;6;1;9;3;9;0;0;2;44;0;0;0;0;0;0;2;33;0;0;0;0;0;0;0;46;0;44;1;68;2;8;0;0;0;0;1;49
03.11.2024;09:34;A 36;1;0;0;2;56;0;0;1;59;2;14;0;0;1;4;0;0;4;46;1;41;2;64;0;0;1;56;0;43;2;6;0;0;1;28;1;2;0;0;0;0;1;7;0;9;0;0;0;0;1;3;1;44;1;1;0;0;1;13;1;8;1;4
03.11.2024;09:33;A 36;1;0;0;2;36;0;0;1;17;1;19;1;1;1;5;0;0;2;47;1;10;3;53;0;0;2;36;2;13;3;14;0;0;2;10;0;11;0;0;0;0;2;18;1;0;0;0;0;0;0;0;1;3;0;0;0;0;0;0;1;7;0;0
03.11.2024;09:32;A 36;1;0;0;2;5;0;0;0;0;2;74;0;0;0;0;0;0;2;76;1;55;0;27;0;0;1;44;0;0;0;20;0;0;1;31;1;16;0;0;0;0;1;8;1;5;0;0;0;0;1;1;1;9;1;13;0;0;1;6;0;2;1;2
03.11.2024;09:31;A 36;1;0;0;3;62;2;14;0;0;2;75;1;28;0;0;0;0;1;17;0;0;1;2;0;0;2;8;0;0;2;5;0;0;0;0;0;0;2;7;0;0;0;0;0;0;0;9;0;0;1;22;0;0;1;84;0;0;1;7;1;6;1;6
03.11.2024;09:30;A 36;1;1;2;1;22;1;23;0;0;0;25;0;24;0;0;0;0;1;1;0;0;0;0;0;0;1;3;0;0;0;0;0;0;1;30;0;0;1;57;0;0;1;7;0;0;2;36;0;0;0;0;0;0;1;6;1;1;1;3;0;0;3;5
03.11.2024;09:29;A 36;1;0;0;1;29;1;20;0;0;2;31;2;10;0;0;0;0;4;28;3;4;0;0;0;0;2;46;3;14;0;0;1;1;1;10;1;1;1;22;1;4;1;9;1;3;1;7;0;0;1;22;0;0;0;0;0;0;0;22;0;0;0;0
03.11.2024;09:28;A 36;1;0;0;1;45;0;0;0;0;1;7;0;0;0;0;0;0;0;0;1;27;0;0;0;0;0;0;0;4;0;0;1;35;0;7;0;0;1;53;1;7;0;0;0;0;1;5;0;0;1;16;0;0;0;0;0;0;2;23;0;0;0;0
03.11.2024;09:27;A 36;1;0;0;1;39;1;8;0;0;1;12;1;8;0;0;0;0;0;0;1;2;2;20;0;0;0;0;1;4;2;8;0;0;1;24;0;0;0;0;1;3;1;8;0;0;0;0;0;0;0;1;1;1;2;8;0;0;0;0;0;0;2;9
03.11.2024;09:26;A 36;1;0;0;2;11;0;0;0;0;2;46;0;0;0;0;2;56;2;2;1;2;0;0;2;12;2;8;1;13;0;0;1;11;0;0;0;0;1;27;1;7;0;0;0;0;3;3;0;0;1;19;0;0;0;0;0;0;1;6;0;0;0;0
03.11.2024;09:25;A 36;1;0;0;1;3;0;0;0;0;1;28;0;0;0;0;0;0;1;4;2;2;1;23;0;0;1;6;2;8;0;22;1;39;1;28;2;51;1;71;1;6;1;22;1;10;1;60;0;0;2;19;0;2;0;0;0;0;2;24;0;0;0;0
03.11.2024;09:24;A 36;1;0;0;0;0;0;0;0;0;0;0;0;0;0;0;0;0;0;33;1;1;1;36;0;0;0;0;1;3;2;21;0;0;0;0;1;1;3;15;0;0;0;0;2;10;2;20;0;0;0;0;1;0;0;0;0;0;0;0;1;9;0;0
03.11.2024;09:23;A 36;1;0;0;2;52;1;35;0;0;2;41;1;8;0;0;0;25;4;35;4;27;2;48;0;0;3;37;0;36;0;48;0;1;0;1;0;0;1;77;0;0;0;0;0;0;2;79;0;0;0;0;0;0;0;0;0;0;0;0;0;0;0;0
03.11.2024;09:22;A 36;1;0;0;1;12;0;0;0;0;0;14;0;0;0;0;1;4;2;59;0;0;1;14;1;7;1;18;1;5;3;17;2;31;1;27;1;10;1;22;2;29;1;9;0;3;2;9;0;0;1;1;2;18;0;0;0;0;1;3;1;28;0;0
03.11.2024;09:21;A 36;1;0;0;1;38;0;0;0;0;3;39;0;0;0;0;2;23;2;40;1;50;0;8;2;19;3;26;1;5;0;0;0;0;1;32;0;36;0;0;0;0;1;8;1;3;0;0;0;0;0;0;3;6;2;19;0;0;0;0;7;15;0;21
03.11.2024;09:20;A 36;1;0;0;0;20;0;0;0;0;0;0;0;0;0;0;0;0;0;0;1;1;1;96;0;0;0;0;1;3;3;2;0;0;0;0;1;13;0;0;0;0;0;0;1;6;0;0;0;0;0;47;0;0;0;100;0;0;0;0;5;99;0;100
03.11.2024;09:19;A 36;1;0;0;2;19;0;0;0;0;1;10;0;0;0;0;0;0;2;2;0;0;1;65;0;0;2;9;0;0;0;64;1;28;0;0;1;2;0;19;1;10;0;0;1;6;0;0;0;0;1;21;0;0;1;5;2;14;1;8;1;3;2;7
03.11.2024;09:18;A 36;1;0;0;3;21;1;1;0;0;3;51;1;3;0;0;0;0;1;1;0;0;1;17;0;0;0;4;0;0;1;18;0;0;1;53;0;0;1;52;0;0;1;6;0;0;2;4;0;0;2;4;1;1;0;0;0;0;2;20;1;3;0;0
03.11.2024;09:17;A 36;1;1;1;1;25;0;0;0;0;2;11;0;0;0;0;0;0;7;59;4;45;1;62;0;0;1;77;1;58;1;7;1;42;3;54;0;0;0;0;1;10;3;10;0;0;0;0;0;0;0;0;0;0;0;0;0;0;0;0;0;0;0;0
03.11.2024;09:16;A 36;1;0;0;2;70;0;0;0;0;1;59;0;0;0;0;0;15;1;35;1;11;0;0;0;0;1;33;1;7;0;0;0;0;2;37;0;0;0;0;0;0;2;16;0;0;0;0;0;0;0;13;0;0;2;41;0;0;0;0;1;9;2;44
03.11.2024;09:15;A 36;1;0;0;2;42;0;0;0;0;2;18;0;0;0;0;1;18;2;39;0;0;0;25;1;9;1;15;0;0;0;0;0;0;0;0;0;0;2;44;0;0;0;0;0;0;3;52;0;0;1;13;0;0;1;9;1;3;1;8;0;0;2;10
03.11.2024;09:14;A 36;1;0;0;1;53;0;0;0;0;2;8;0;0;0;0;1;10;1;18;0;0;1;63;1;8;2;18;0;0;2;7;1;29;1;2;1;1;0;5;1;6;1;11;1;5;1;5;0;0;0;0;0;29;0;0;0;0;0;0;0;0;0;0
03.11.2024;09:13;A 36;1;0;0;0;20;1;38;0;0;0;0;1;8;0;0;0;0;0;0;0;0;1;38;0;0;0;0;0;0;1;5;1;5;1;21;1;23;2;38;1;8;1;11;1;7;2;41;0;0;0;0;1;8;1;29;0;0;0;0;1;8;1;4
03.11.2024;09:12;A 36;1;4;25;2;75;1;1;0;0;1;42;1;13;0;0;0;0;0;0;0;0;2;16;0;0;0;0;0;0;2;8;0;0;1;2;2;3;0;0;0;0;1;11;1;13;0;0;0;0;2;1;1;1;1;38;0;0;1;6;2;6;1;4
03.11.2024;09:11;A 36;1;0;0;0;0;0;0;0;0;1;1;0;0;0;0;1;2;3;31;2;3;0;28;1;5;2;13;1;6;0;26;0;0;0;0;1;29;0;0;0;0;0;0;1;9;0;0;0;0;2;8;0;0;0;0;0;9;3;16;0;0;0;0
03.11.2024;09:10;A 36;1;0;0;3;22;2;20;0;0;1;37;1;27;0;0;0;0;1;33;1;19;2;41;0;0;2;30;2;26;2;36;0;0;0;0;0;0;0;0;0;0;0;0;0;0;0;0;0;0;1;80;0;0;0;0;1;83;1;90;0;0;0;0
03.11.2024;09:09;A 36;1;0;0;1;40;0;0;0;0;2;12;0;0;0;0;0;0;1;44;0;0;1;60;0;0;1;10;0;0;1;5;0;0;0;0;1;2;1;42;0;0;0;0;1;6;2;2;0;0;0;0;1;88;0;0;0;0;0;0;0;5;0;0
03.11.2024;09:08;A 36;1;0;0;2;35;0;0;0;0;1;46;0;0;0;0;1;15;1;11;2;15;1;18;1;5;1;9;1;12;1;6;2;40;0;2;0;0;1;22;1;47;0;0;0;0;2;6;0;0;1;17;2;14;0;0;0;0;1;8;3;14;0;0
03.11.2024;09:07;A 36;1;0;0;0;36;0;0;0;0;0;0;0;0;0;0;0;0;1;14;0;0;0;0;0;0;1;10;0;0;0;0;1;12;2;23;1;12;0;0;1;8;2;23;1;64;0;0;0;0;1;25;0;0;0;7;0;0;1;10;0;0;0;0
03.11.2024;09:06;A 36;1;0;0;2;35;1;36;0;0;3;22;1;6;0;0;0;0;1;20;1;1;0;0;0;0;1;8;1;5;0;0;0;0;0;0;0;0;0;0;0;0;0;0;0;100;0;0;0;0;0;87;1;18;1;34;0;0;0;0;2;5;1;4
03.11.2024;09:05;A 36;1;0;0;0;0;0;0;0;0;0;0;0;0;0;0;0;0;0;0;0;0;1;19;0;0;0;0;0;0;1;5;0;0;2;21;0;0;0;0;0;0;2;28;0;100;0;29;0;0;1;19;0;0;1;22;0;0;1;6;1;2;0;20
03.11.2024;09:04;A 36;1;0;0;1;45;0;0;1;51;0;0;0;0;1;4;0;0;2;47;0;0;1;2;1;1;1;14;0;0;0;1;1;38;2;50;3;22;0;0;0;7;0;55;0;100;1;33;0;0;0;0;0;0;1;47;0;0;0;0;0;0;2;16
03.11.2024;09:03;A 36;1;0;0;0;0;0;0;0;0;1;9;0;0;0;0;1;27;2;55;0;0;0;0;1;7;2;65;0;0;1;4;0;0;2;22;1;1;4;10;2;1;4;26;3;15;2;33;0;0;1;1;1;1;0;0;0;0;1;4;1;3;0;0
03.11.2024;09:02;A 36;1;0;0;1;3;1;34;0;0;1;11;1;5;0;0;0;0;1;12;1;4;0;0;0;0;1;7;1;9;0;0;0;0;1;3;0;0;0;0;0;0;1;11;0;0;0;0;0;0;1;17;0;29;0;0;0;0;1;7;0;0;0;0
03.11.2024;09:01;A 36;1;0;0;1;42;0;0;0;11;1;8;0;0;0;0;0;0;1;3;1;37;0;0;0;0;0;36;0;0;0;0;0;0;0;0;0;0;1;13;0;0;0;0;0;0;1;3;0;0;0;0;1;4;0;0;0;0;0;0;1;7;0;0
03.11.2024;09:00;A 36;1;0;0;2;32;1;2;1;37;2;47;0;7;1;7;0;0;1;54;0;0;0;0;0;0;1;18;1;10;0;0;0;0;1;4;0;0;1;63;0;0;1;2;0;0;0;75;0;0;1;1;1;1;0;0;0;0;1;4;1;3;0;0
03.11.2024;08:59;A 36;1;0;0;3;64;0;6;0;0;1;21;1;1;0;0;0;0;2;2;1;1;0;0;0;0;3;10;1;3;0;0;1;1;2;69;1;1;2;37;1;16;1;20;1;18;2;70;0;0;0;60;0;0;0;0;0;0;0;0;0;0;0;0
03.11.2024;08:58;A 36;1;1;1;1;41;1;9;0;30;2;48;1;10;0;0;0;0;2;4;0;0;2;63;0;0;2;16;1;1;2;7;0;0;1;55;0;0;0;0;3;34;1;50;1;46;0;0;0;0;1;6;0;0;1;23;0;0;1;9;0;0;1;4
03.11.2024;08:57;A 36;1;0;0;1;22;0;23;1;4;0;23;0;0;1;4;0;0;0;0;1;1;1;59;0;0;0;0;1;3;1;6;0;19;1;30;1;1;1;16;0;0;1;8;1;4;1;5;0;0;0;0;1;1;0;0;1;3;0;0;1;5;0;0
03.11.2024;08:56;A 36;1;0;0;2;32;2;46;0;0;18;55;4;15;0;0;0;0;3;42;1;28;0;0;0;0;1;52;1;7;0;0;1;36;1;11;1;1;0;0;1;6;1;10;1;4;0;0;0;0;2;12;0;0;0;0;0;0;1;16;0;0;0;0
03.11.2024;08:55;A 36;1;0;0;0;0;0;0;0;0;1;6;1;4;0;0;0;0;0;0;0;0;0;0;0;0;0;0;0;0;0;0;0;0;0;22;1;10;2;1;0;0;0;0;1;9;0;0;0;0;0;0;0;0;1;38;0;0;1;4;0;0;1;6
03.11.2024;08:54;A 36;1;0;0;0;0;0;0;0;0;0;0;0;0;0;0;1;1;1;18;1;1;0;0;1;4;1;14;1;3;0;0;0;0;1;2;0;0;0;0;0;0;1;7;0;0;0;0;0;0;3;2;1;1;0;17;0;0;1;5;0;16;0;16
03.11.2024;08:53;A 36;1;1;0;0;0;1;7;1;54;0;0;1;5;1;5;1;1;4;32;1;10;0;0;1;4;3;32;1;8;0;0;0;0;2;12;1;6;0;0;0;0;2;11;1;9;0;0;0;0;0;0;0;0;1;34;0;0;1;3;1;38;1;38
03.11.2024;08:52;A 36;1;0;0;1;1;0;0;0;0;1;4;0;0;0;0;1;2;1;3;0;0;0;0;1;7;2;11;0;0;0;0;1;1;1;26;1;3;0;0;1;5;1;5;0;0;0;0;0;0;1;1;1;1;0;0;0;0;1;4;1;3;0;0
03.11.2024;08:51;A 36;1;0;0;0;0;0;0;0;0;0;0;0;0;0;0;0;0;1;21;0;0;1;54;0;0;1;12;0;0;5;3;1;10;0;6;0;6;1;26;0;11;0;0;1;11;0;25;0;0;0;0;0;0;0;0;1;4;2;2;0;0;0;0
03.11.2024;08:50;A 36;1;0;0;0;0;1;23;0;0;0;0;2;14;0;0;0;0;1;5;0;0;1;8;0;0;1;10;0;0;0;7;1;41;1;29;1;20;1;29;2;44;1;8;1;7;1;33;0;0;0;0;0;0;0;0;0;0;0;0;0;0;0;0
03.11.2024;08:49;A 36;1;0;0;0;0;0;0;0;0;0;0;0;0;0;0;0;0;0;0;0;0;1;11;0;0;0;0;0;0;4;7;0;0;0;0;0;0;0;0;0;0;0;0;0;0;0;0;0;0;0;0;0;0;0;0;0;0;0;0;0;0;0;0
03.11.2024;08:48;A 36;1;0;0;0;0;0;0;0;0;0;0;0;0;0;0;0;0;2;15;2;2;0;14;0;0;2;16;2;8;0;0;0;0;1;34;0;0;0;0;0;0;1;6;0;0;0;0;0;0;1;1;0;0;0;0;0;0;1;6;0;0;0;0
03.11.2024;08:47;A 36;1;0;0;1;29;1;12;0;0;1;7;1;19;0;0;0;0;2;2;0;0;1;3;0;0;2;7;0;0;1;6;0;0;1;29;0;0;0;0;0;0;2;24;0;0;0;0;0;0;2;2;0;10;0;39;0;0;2;7;0;0;0;0
03.11.2024;08:46;A 36;1;0;0;1;26;0;0;0;0;1;5;0;0;0;0;0;0;0;0;0;0;1;11;0;0;0;0;0;0;1;6;0;0;1;42;0;0;0;0;0;0;1;7;0;0;0;0;0;0;0;0;1;26;1;30;0;0;0;0;1;6;1;4
03.11.2024;08:45;A 36;1;0;0;0;0;0;0;0;0;0;0;0;0;0;0;0;0;3;31;1;1;0;0;0;0;0;38;2;2;0;0;0;1;0;0;0;0;0;4;0;0;0;0;0;0;0;0;0;0;0;0;0;0;0;0;0;0;0;0;0;0;0;0
03.11.2024;08:44;A 36;1;0;0;0;0;0;0;0;19;0;0;0;0;0;0;0;0;5;62;1;39;0;0;0;0;2;83;0;4;0;0;1;54;0;0;1;45;1;46;1;7;0;0;1;7;1;7;0;0;0;0;1;1;0;73;0;0;0;0;2;3;0;0
03.11.2024;08:43;A 36;1;0;0;2;24;1;1;1;59;2;8;1;5;1;6;1;32;1;17;1;2;0;0;1;7;1;8;2;14;0;0;0;0;0;0;0;0;0;0;0;0;0;0;0;0;0;0;0;0;0;0;1;1;1;8;0;0;0;0;2;9;0;0
03.11.2024;08:42;A 36;1;0;0;2;38;0;0;1;1;3;29;0;0;1;3;1;2;2;88;0;82;0;0;1;5;1;12;0;0;0;0;1;2;0;0;0;9;2;12;1;4;0;0;0;0;1;17;0;0;1;1;0;0;0;0;0;0;1;3;0;0;0;0
03.11.2024;08:41;A 36;1;0;0;0;0;0;0;0;26;0;0;0;0;0;0;0;0;1;26;1;13;1;16;0;0;1;7;1;10;1;5;0;0;0;0;1;54;0;0;0;0;0;0;1;7;1;2;0;0;1;1;0;0;1;13;0;0;1;3;0;0;1;4
03.11.2024;08:40;A 36;1;0;0;1;26;0;0;1;10;1;31;0;0;1;5;0;0;1;18;0;0;0;22;0;0;1;10;0;0;0;0;0;0;0;0;0;0;0;0;0;0;0;0;0;0;0;0;0;0;1;2;0;0;0;0;0;0;0;1;0;0;0;0
03.11.2024;08:39;A 36;1;2;22;1;25;0;0;0;0;1;34;0;0;0;0;0;0;2;5;0;16;1;41;0;0;1;14;0;0;1;6;0;0;0;0;0;0;0;0;0;0;0;0;0;0;0;0;0;0;0;0;0;0;0;0;0;0;1;8;0;0;0;0
03.11.2024;08:38;A 36;1;0;0;1;3;1;13;0;0;0;32;1;7;0;0;0;0;0;0;1;4;0;0;0;0;1;3;1;8;0;0;0;0;0;0;0;0;2;30;0;0;0;0;1;1;2;13;0;0;1;1;0;0;1;29;0;0;1;4;0;0;1;8
03.11.2024;08:37;A 36;1;0;0;0;0;0;0;0;0;1;20;0;0;0;0;0;0;2;2;0;0;1;12;0;0;1;6;0;0;1;5;0;0;0;0;0;0;0;0;0;0;0;0;0;0;0;0;0;0;0;0;0;0;1;8;0;0;0;0;0;0;1;4
03.11.2024;08:36;A 36;1;0;0;1;25;0;0;0;0;1;6;0;0;0;0;0;0;1;20;0;0;0;0;0;0;1;7;0;0;0;0;0;0;1;30;0;0;0;29;0;0;1;10;0;0;0;0;0;0;0;0;0;0;0;0;0;0;0;0;0;0;0;0
03.11.2024;08:35;A 36;1;0;0;3;53;0;0;0;0;3;20;0;0;0;0;0;0;1;1;0;0;0;0;0;0;1;3;0;0;0;0;0;0;0;0;0;0;1;31;0;0;0;0;0;0;2;9;0;0;1;1;1;4;0;0;0;0;1;6;1;7;0;0
03.11.2024;08:34;A 36;1;1;0;0;0;0;0;0;0;0;0;0;0;0;0;0;0;3;36;1;1;0;0;0;0;1;51;1;3;0;0;1;4;1;14;0;0;0;26;1;5;1;8;0;0;0;0;0;0;0;0;0;0;0;0;0;0;0;0;0;0;0;0
03.11.2024;08:33;A 36;1;0;0;0;0;0;0;0;0;0;0;0;0;0;0;0;0;3;4;0;0;0;0;1;4;3;12;1;4;0;0;1;17;0;0;0;0;1;10;1;8;0;0;1;5;1;4;0;0;1;1;0;0;0;0;0;0;1;3;0;0;0;0
03.11.2024;08:32;A 36;1;0;0;0;3;0;0;0;0;0;0;0;0;0;0;0;0;2;2;1;5;0;0;0;0;1;15;1;9;0;0;1;9;1;52;0;0;0;0;1;9;1;6;0;0;0;0;0;0;0;0;0;0;0;0;0;0;0;0;0;0;0;0
03.11.2024;08:31;A 36;1;0;0;3;77;1;1;0;0;3;24;1;2;0;0;0;0;2;2;1;1;0;0;0;0;2;9;1;4;0;0;0;0;2;49;0;0;0;0;0;0;2;9;0;0;0;0;0;0;1;26;0;0;0;0;0;0;1;9;0;0;0;0
03.11.2024;08:30;A 36;1;0;0;0;0;1;15;0;0;1;2;2;12;0;0;0;0;2;2;0;0;0;0;0;0;1;6;0;0;0;0;1;3;0;0;0;0;0;0;1;6;0;0;0;0;0;0;0;0;0;0;1;1;0;0;0;0;0;0;1;4;0;0
03.11.2024;08:29;A 36;1;0;0;0;0;0;0;0;0;0;0;0;0;0;0;0;0;2;10;1;5;0;0;0;0;2;12;1;10;0;0;0;0;0;0;0;0;0;1;0;0;0;0;0;0;0;0;0;0;1;1;0;0;0;0;0;0;1;3;0;0;0;0
03.11.2024;08:28;A 36;1;0;0;0;0;0;0;0;0;0;0;0;0;0;0;0;0;1;20;1;1;1;28;2;20;0;26;1;26;1;6;0;0;0;0;0;0;1;21;0;0;0;0;0;0;1;6;0;0;0;0;0;0;0;0;0;0;0;0;0;0;0;0
03.11.2024;08:27;A 36;1;0;0;0;15;0;0;0;0;0;0;0;0;0;0;0;0;2;6;0;0;0;0;0;0;3;13;0;0;0;0;0;0;0;0;1;49;1;29;0;0;0;0;1;5;1;5;0;0;0;0;1;1;0;0;0;0;0;0;1;4;0;0
03.11.2024;08:26;A 36;1;0;0;2;82;0;0;0;0;2;25;0;0;0;0;0;0;1;3;0;0;0;0;0;0;0;3;0;0;0;0;0;0;0;0;0;0;0;0;0;0;0;0;0;0;0;0;0;0;0;3;0;1;0;20;0;0;0;0;0;0;0;0
03.11.2024;08:25;A 36;1;0;0;2;30;0;0;0;0;2;18;0;0;0;0;0;0;2;60;0;0;0;0;0;0;2;59;0;0;0;0;0;0;0;0;0;0;1;23;0;0;0;0;0;0;1;5;0;0;1;17;1;16;1;62;0;0;1;9;1;8;1;3
03.11.2024;08:24;A 36;1;0;0;0;0;0;0;0;0;0;0;0;0;0;0;0;0;1;13;0;0;0;0;0;0;1;8;0;0;0;0;0;0;1;17;0;0;0;0;0;0;1;7;0;0;0;0;0;0;2;1;1;1;0;0;0;0;1;4;0;0;0;0
03.11.2024;08:23;A 36;1;0;0;1;39;1;2;0;0;1;7;1;9;0;0;1;34;2;6;2;30;1;13;0;9;1;44;0;3;1;5;1;14;1;14;0;10;0;0;0;12;0;13;0;0;0;0;0;0;0;0;0;0;1;43;0;0;0;0;0;0;1;4
03.11.2024;08:22;A 36;1;0;0;2;46;0;0;0;36;1;38;0;0;0;0;0;0;0;0;0;0;0;0;1;3;0;0;1;8;0;0;1;8;1;20;1;29;0;0;1;19;2;46;1;8;0;0;0;0;0;0;5;5;2;63;0;4;0;0;2;61;2;62
03.11.2024;08:21;A 36;1;0;0;1;21;0;0;1;6;1;28;0;0;1;3;0;0;2;4;0;0;0;0;0;0;2;18;0;0;0;0;0;0;1;39;0;0;0;0;0;0;1;7;0;0;0;0;0;0;0;0;0;0;0;0;1;4;0;0;0;0;0;0
03.11.2024;08:20;A 36;1;0;0;2;50;0;0;0;0;2;39;0;0;0;0;0;0;3;25;0;0;0;0;0;0;2;38;0;0;0;0;0;0;1;16;1;1;0;0;0;0;1;8;1;3;0;0;0;0;1;31;1;26;0;0;0;0;1;8;1;10;0;0
03.11.2024;08:19;A 36;1;0;0;3;27;0;0;0;0;3;34;0;0;0;0;0;0;0;0;0;0;0;0;0;0;0;0;0;0;0;0;0;0;1;32;0;0;0;0;0;0;0;0;0;0;0;0;0;0;0;0;0;0;0;0;0;0;0;0;0;0;0;0
03.11.2024;08:18;A 36;1;0;0;0;0;0;0;0;0;0;0;0;0;0;0;0;0;1;1;0;0;1;14;0;0;1;3;0;0;1;3;0;0;0;0;0;17;0;0;0;0;1;5;0;0;0;0;0;0;1;1;0;0;0;0;0;0;1;6;0;0;0;0
03.11.2024;08:17;A 36;1;0;0;0;0;0;0;0;0;0;0;0;0;0;0;0;0;1;1;0;14;0;0;0;0;1;3;0;0;0;0;0;0;1;1;1;6;0;0;0;0;0;0;1;5;0;0;0;0;0;0;0;0;0;42;0;0;0;0;0;41;0;41
03.11.2024;08:16;A 36;1;0;0;0;0;0;0;0;0;0;0;0;0;0;0;0;0;0;0;1;46;0;0;0;0;0;0;1;8;0;0;0;0;2;19;1;1;0;0;0;0;1;9;1;2;0;0;0;0;0;0;0;0;1;26;0;0;0;0;1;33;1;32
03.11.2024;08:15;A 36;1;0;0;0;0;0;0;0;0;0;0;0;0;0;0;0;0;0;0;0;0;1;26;0;0;0;0;0;0;1;4;0;0;0;0;0;0;0;0;0;0;0;0;0;0;0;0;0;0;0;0;1;31;0;0;0;0;0;0;1;7;0;0
03.11.2024;08:14;A 36;1;0;0;0;0;0;0;1;39;0;0;0;0;1;5;0;0;1;16;0;0;0;0;0;0;1;8;0;0;0;0;0;20;0;0;0;0;0;18;0;0;0;0;0;0;0;0;0;0;0;0;0;0;0;0;0;0;0;0;0;0;0;0
03.11.2024;08:13;A 36;1;0;0;1;24;0;0;0;0;2;9;0;0;0;0;0;0;0;0;0;0;0;0;0;0;0;0;0;0;0;0;2;53;0;0;0;0;1;44;2;11;0;0;0;0;1;5;0;0;2;35;0;0;0;93;0;0;2;18;0;0;0;0
03.11.2024;08:12;A 36;1;0;0;2;42;0;0;0;0;1;55;0;0;0;0;0;0;2;3;2;2;0;0;0;0;2;15;2;12;0;0;0;0;0;0;0;0;0;0;0;0;0;0;0;0;0;0;0;0;0;0;0;0;2;16;0;0;0;0;0;0;2;8
03.11.2024;08:11;A 36;1;0;0;1;47;1;14;0;0;1;57;1;11;0;0;0;0;0;0;0;11;0;0;0;0;0;0;0;0;0;0;0;0;2;42;0;0;3;73;0;0;1;48;0;0;1;85;0;0;0;0;0;0;0;0;0;0;0;0;0;0;0;0
03.11.2024;08:10;A 36;1;0;0;1;15;0;0;0;0;1;29;0;0;0;0;0;0;0;0;2;31;0;0;0;0;0;0;2;14;0;0;0;0;1;1;0;0;1;1;0;0;1;4;0;0;1;2;0;0;0;0;0;0;0;0;0;0;0;0;0;0;0;0
03.11.2024;08:09;A 36;1;0;0;0;0;0;0;0;6;0;0;0;0;0;0;0;0;1;1;0;0;0;0;0;0;1;4;0;0;0;0;0;0;0;0;0;0;1;69;0;0;0;0;0;0;1;6;0;0;0;0;0;0;0;0;0;0;0;0;0;0;0;0
03.11.2024;08:08;A 36;1;0;0;0;0;0;0;1;20;0;0;0;0;1;4;0;0;0;0;0;0;0;0;0;0;0;0;0;0;0;0;0;0;0;0;0;0;1;9;0;0;0;0;0;0;1;6;0;0;0;0;0;0;0;0;0;0;0;0;0;0;0;0
03.11.2024;08:07;A 36;1;0;0;0;2;0;0;0;0;0;0;0;0;0;0;0;0;0;31;0;0;0;0;0;0;0;0;0;0;0;0;0;0;0;0;0;0;0;0;0;0;0;0;0;0;0;0;0;0;0;0;0;0;0;0;1;4;0;0;0;0;0;0
03.11.2024;08:06;A 36;1;0;0;1;32;0;0;0;0;1;7;0;0;0;0;0;0;1;15;1;6;0;0;0;0;1;12;1;9;0;0;0;0;0;0;1;1;1;21;0;0;0;0;1;3;1;6;0;0;1;1;0;0;0;2;0;0;1;3;0;0;0;0
03.11.2024;08:05;A 36;1;0;0;0;0;0;0;0;0;0;0;0;0;0;0;0;0;0;0;0;0;0;0;0;0;0;0;0;0;0;0;0;0;0;13;1;22;0;0;0;0;0;0;1;8;0;0;0;0;0;0;1;1;1;39;0;0;0;0;1;6;1;5
03.11.2024;08:04;A 36;1;0;0;0;0;0;0;0;0;0;0;0;0;0;0;0;0;1;1;0;0;0;0;0;0;1;3;0;0;0;0;0;0;1;18;0;0;0;0;0;0;1;5;0;0;0;0;0;0;0;0;0;0;1;12;0;0;0;0;0;0;2;4
03.11.2024;08:03;A 36;1;0;0;0;0;1;35;0;0;0;0;0;2;0;0;0;0;1;1;0;0;1;12;0;0;1;3;0;0;1;5;1;39;0;0;0;0;0;0;1;27;1;4;0;0;0;0;0;0;0;8;0;0;0;0;3;2;0;4;0;0;0;0
03.11.2024;08:02;A 36;1;0;0;0;0;0;0;0;0;0;0;1;4;0;0;0;0;0;0;0;0;0;0;0;0;0;0;0;0;0;0;1;8;1;10;0;0;0;0;1;5;1;4;0;0;0;0;0;0;2;22;0;0;0;0;1;2;2;36;0;0;0;0
03.11.2024;08:01;A 36;1;0;0;1;18;0;0;0;0;1;23;0;0;0;0;1;35;1;1;0;0;0;0;1;6;1;4;0;0;0;0;0;0;0;0;0;0;0;0;0;0;0;0;0;0;0;0;0;0;0;0;1;27;0;0;1;4;0;0;1;6;0;0
03.11.2024;08:00;A 36;1;0;0;0;0;0;0;0;0;0;0;0;0;0;0;0;0;3;3;1;0;0;0;0;0;2;8;0;0;0;0;0;0;0;0;0;0;0;0;0;0;0;0;0;0;0;0;0;0;0;0;0;0;1;27;0;0;0;0;0;0;1;4
03.11.2024;07:59;A 36;1;0;0;0;0;0;0;0;0;0;0;0;0;0;0;0;0;1;1;0;0;0;0;0;0;1;3;0;0;0;0;0;0;0;0;0;0;0;0;0;0;0;0;0;0;0;0;0;0;1;1;0;0;1;12;0;0;1;3;0;0;2;9
03.11.2024;07:58;A 36;1;0;0;0;0;0;0;0;0;0;0;0;0;0;0;0;0;0;0;0;0;0;0;0;0;0;0;0;0;0;0;0;0;0;0;0;0;0;0;0;0;0;0;0;0;0;0;0;0;0;0;0;0;0;0;0;0;0;0;0;0;0;0
03.11.2024;07:57;A 36;1;0;0;0;0;0;0;0;0;0;0;0;0;0;0;0;0;0;0;0;28;0;0;0;0;0;0;0;26;0;0;0;0;2;25;1;18;0;0;0;0;2;31;1;9;0;0;0;0;0;0;2;1;0;0;0;0;0;0;2;6;0;0
03.11.2024;07:56;A 36;1;0;0;1;15;0;0;0;0;1;14;0;0;0;0;0;0;1;1;1;6;0;0;0;0;0;1;1;16;0;0;0;0;1;23;0;0;0;0;0;0;0;7;0;0;0;0;0;0;0;0;1;1;0;0;0;0;0;0;1;4;0;0
03.11.2024;07:55;A 36;1;0;0;0;0;0;0;1;20;0;0;0;0;1;6;0;0;1;1;0;0;0;0;0;0;2;9;0;0;0;0;0;0;0;0;0;0;0;0;0;0;1;2;0;0;0;0;0;0;0;0;0;0;0;0;0;0;0;0;0;0;0;0
03.11.2024;07:54;A 36;1;0;0;0;0;0;0;0;0;0;0;0;0;0;0;0;0;0;0;0;0;0;0;0;0;0;0;0;0;0;0;0;0;0;0;0;0;0;0;0;0;0;0;0;0;0;0;0;0;1;1;0;0;1;13;0;0;1;4;0;0;1;3
03.11.2024;07:53;A 36;1;0;0;0;0;0;0;0;0;0;0;0;0;0;0;0;0;1;60;0;2;0;0;0;0;1;8;0;0;0;0;0;0;0;0;1;2;0;0;0;0;0;0;1;8;0;0;0;0;2;2;0;0;0;28;0;0;1;6;0;26;0;27
03.11.2024;07:52;A 36;1;0;0;0;0;0;0;0;0;0;0;0;0;0;0;0;0;1;1;1;1;0;0;0;0;1;3;1;9;0;0;0;0;2;16;2;5;0;0;0;0;1;27;2;22;0;0;0;0;1;1;2;2;1;22;1;7;3;8;2;31;1;26
03.11.2024;07:51;A 36;1;0;0;0;0;1;1;0;0;0;0;1;3;0;0;0;0;0;0;0;0;0;0;0;0;0;0;0;0;0;0;0;0;1;3;1;1;0;0;0;0;0;1;1;3;0;0;0;0;1;23;0;0;0;0;0;0;1;8;1;4;0;0
03.11.2024;07:50;A 36;1;0;0;0;0;0;0;0;0;0;0;0;0;0;0;0;0;1;5;1;15;0;0;0;0;0;10;0;0;0;0;0;0;0;0;0;0;1;24;0;0;1;6;0;0;1;5;0;0;0;0;0;0;0;0;0;0;0;0;0;0;0;0
03.11.2024;07:49;A 36;1;0;0;1;19;1;1;0;0;1;8;1;4;0;0;0;0;2;2;1;1;0;0;0;0;3;7;2;9;0;0;1;2;1;25;0;0;0;0;1;6;1;34;1;30;0;0;0;0;1;2;1;1;0;0;0;0;1;5;0;0;0;0
03.11.2024;07:48;A 36;1;0;0;0;0;0;0;0;0;0;0;0;0;0;0;0;0;2;21;0;0;0;0;0;0;2;13;0;0;0;0;0;0;1;31;0;0;0;0;0;0;1;6;0;0;0;0;0;0;0;0;1;1;0;0;0;0;0;0;1;3;0;0
03.11.2024;07:47;A 36;1;0;0;0;0;0;0;0;0;0;0;0;0;0;0;0;0;2;16;2;16;0;0;0;0;2;24;2;14;0;0;0;0;0;0;0;0;1;21;0;0;0;0;0;0;1;6;0;0;0;0;0;0;1;55;0;0;0;0;0;0;1;4
03.11.2024;07:46;A 36;1;0;0;0;0;0;0;0;0;0;0;0;0;0;0;0;0;0;0;0;0;0;0;0;0;0;0;0;0;0;0;0;0;0;0;0;0;0;0;0;0;0;0;0;0;0;0;0;0;1;1;0;0;0;0;0;0;1;4;0;0;0;0
03.11.2024;07:45;A 36;1;0;0;0;0;0;0;0;0;0;0;0;0;0;0;0;0;2;13;1;1;0;0;0;0;2;11;1;3;0;0;0;0;0;0;0;50;0;0;0;0;0;0;0;0;0;0;0;0;0;0;0;0;0;0;0;0;0;0;0;0;0;0
03.11.2024;07:44;A 36;1;0;0;1;31;0;0;0;0;1;12;0;0;0;0;0;0;2;59;0;0;0;8;0;0;1;6;0;0;0;0;0;0;0;0;1;1;0;0;0;0;0;0;2;7;0;0;0;0;0;0;0;0;1;14;0;0;0;0;1;28;1;21
03.11.2024;07:43;A 36;1;0;0;0;0;1;35;0;0;0;0;2;41;0;0;0;0;0;0;0;0;1;4;0;0;1;3;0;0;1;5;0;0;0;0;0;0;0;0;0;0;0;0;0;0;0;0;0;0;1;3;0;0;0;0;0;0;1;8;0;0;0;0
03.11.2024;07:42;A 36;1;2;14;0;39;1;1;0;0;0;39;1;3;0;0;0;0;1;1;0;0;0;0;0;0;1;4;0;0;0;0;1;1;0;0;0;31;0;0;1;4;0;0;0;0;0;0;0;0;0;0;0;0;1;11;0;0;0;0;0;0;1;4
03.11.2024;07:41;A 36;1;1;10;1;12;0;0;0;0;1;20;0;0;0;0;0;0;0;0;0;0;0;0;0;0;0;0;0;0;0;0;0;0;0;0;1;8;1;28;0;0;0;0;1;6;1;32;0;0;0;0;0;0;0;0;0;0;0;0;0;0;0;0
03.11.2024;07:40;A 36;1;0;0;0;0;0;0;0;0;0;0;0;0;0;0;1;1;0;0;1;1;0;0;1;4;0;0;1;4;0;0;0;0;1;42;0;0;0;0;0;0;1;7;0;0;0;0;0;0;0;0;0;0;0;0;0;0;0;0;0;0;0;0
03.11.2024;07:39;A 36;1;0;0;0;0;0;0;0;0;0;0;0;0;0;0;0;0;1;1;0;0;0;0;0;0;1;4;0;0;0;0;0;0;1;21;0;0;0;0;0;0;1;8;0;0;0;0;0;0;1;1;0;0;0;0;0;0;0;1;0;0;0;0
03.11.2024;07:38;A 36;1;0;0;1;21;0;0;0;0;1;5;0;0;0;0;0;0;1;1;0;0;0;0;0;0;0;2;0;0;0;0;0;0;0;0;0;0;0;0;0;0;0;0;0;0;0;0;0;0;0;0;0;0;0;0;1;4;1;4;0;0;0;0
03.11.2024;07:37;A 36;1;0;0;0;0;0;0;0;0;0;0;0;0;0;0;0;0;1;1;0;0;0;0;0;0;2;5;0;0;0;0;0;0;0;0;0;0;0;0;0;0;0;0;0;0;0;0;0;0;0;0;0;0;0;0;0;0;0;0;0;0;0;0
03.11.2024;07:36;A 36;1;0;0;0;0;0;0;0;0;0;0;0;0;0;0;0;0;1;6;0;0;0;0;0;0;1;9;0;0;0;0;1;1;1;5;0;0;2;24;1;10;0;0;0;0;1;7;0;0;0;0;0;0;0;0;0;0;0;0;0;0;0;0
03.11.2024;07:35;A 36;1;0;0;0;0;0;0;0;0;0;0;0;0;0;0;0;0;0;0;0;0;0;0;0;0;0;0;0;0;0;0;1;2;0;0;0;0;0;0;1;20;0;0;0;0;0;0;0;0;0;0;1;1;0;0;0;0;0;0;1;3;0;0
03.11.2024;07:34;A 36;1;0;0;0;0;0;0;0;0;0;0;0;0;0;0;0;0;1;3;0;0;0;0;0;0;1;9;0;0;0;0;0;0;0;0;0;0;1;2;0;0;0;0;0;0;1;4;0;0;0;0;2;2;1;14;0;0;0;0;2;9;0;12
03.11.2024;07:33;A 36;1;0;0;0;0;0;0;0;0;0;0;0;0;0;0;0;0;0;0;0;0;0;0;0;0;0;0;0;0;0;0;0;0;0;0;0;0;0;0;0;0;1;1;0;0;0;0;0;0;0;0;0;0;1;2;0;0;0;0;0;0;1;6
03.11.2024;07:32;A 36;1;0;0;0;15;0;0;0;0;0;0;0;0;0;0;0;0;0;0;0;0;0;0;0;0;0;0;0;0;0;0;0;0;0;0;0;0;0;0;0;0;0;0;0;0;0;0;0;0;0;0;0;0;0;0;0;0;0;0;0;0;0;0
03.11.2024;07:31;A 36;1;0;0;1;9;0;0;0;0;1;4;1;6;0;0;0;0;2;15;1;0;1;17;0;0;1;26;0;0;2;13;1;30;0;0;0;0;0;0;1;7;0;0;0;0;0;0;0;0;1;1;0;0;0;0;0;0;1;3;0;0;0;0
03.11.2024;07:30;A 36;1;0;0;1;19;0;0;0;0;1;7;0;0;0;0;0;0;1;1;0;0;1;29;0;0;1;4;0;0;1;6;0;0;0;0;0;0;0;0;0;0;0;0;0;0;0;0;0;0;0;0;0;0;0;0;0;0;0;0;0;0;0;0
03.11.2024;07:29;A 36;1;0;0;0;0;0;0;0;0;0;0;0;0;0;0;0;0;2;53;0;0;0;0;0;0;2;13;0;0;0;0;0;0;0;0;0;0;1;29;0;0;0;0;0;0;2;11;0;0;0;0;0;0;0;0;0;0;0;0;0;0;0;0
03.11.2024;07:28;A 36;1;0;0;1;3;0;0;0;0;0;1;0;0;0;0;0;0;3;42;1;26;0;0;0;0;2;27;1;14;0;0;1;37;0;0;1;18;0;0;1;7;0;0;1;7;0;0;0;0;0;0;0;0;1;32;0;0;0;0;0;0;1;4
03.11.2024;07:27;A 36;1;0;0;1;15;0;0;0;0;2;19;0;0;0;0;0;0;0;0;0;0;0;0;0;0;1;2;0;0;0;0;0;0;0;0;0;0;0;0;0;0;0;0;0;0;0;0;0;0;0;0;0;0;0;0;0;0;0;0;0;0;0;0
03.11.2024;07:26;A 36;1;0;0;1;13;1;20;0;0;1;8;0;5;0;0;0;0;0;0;0;0;0;0;0;0;0;0;0;0;0;0;1;2;0;0;0;0;0;0;1;5;0;0;0;0;0;0;0;0;0;0;0;0;0;0;0;0;0;0;0;0;0;0
03.11.2024;07:25;A 36;1;0;0;0;0;0;0;0;0;0;0;1;1;0;0;0;0;0;0;0;0;0;0;0;0;0;0;0;0;0;0;0;0;1;21;0;0;0;0;0;0;1;5;0;0;0;0;0;0;0;0;0;0;0;0;0;0;0;0;0;0;0;0
03.11.2024;07:24;A 36;1;0;0;0;0;1;22;0;0;0;0;1;11;0;0;1;1;0;0;0;0;0;0;1;4;0;0;0;0;0;0;0;0;0;0;1;1;0;0;0;0;0;0;1;3;0;0;0;0;1;1;0;0;0;0;0;0;1;4;0;0;0;0
03.11.2024;07:23;A 36;1;0;0;0;0;0;0;0;0;0;0;0;0;0;0;0;0;0;0;0;0;0;0;0;0;0;0;0;0;0;0;0;0;0;2;0;0;2;52;0;0;0;0;0;0;2;10;0;0;0;0;0;0;1;17;0;0;0;0;0;0;1;5
03.11.2024;07:22;A 36;1;1;0;0;0;0;0;0;0;0;0;0;0;0;0;0;0;0;0;0;0;0;0;0;0;0;0;0;0;0;0;0;0;1;2;0;0;1;17;0;0;1;12;0;0;2;7;0;0;1;27;0;0;0;0;0;0;1;9;0;0;0;0
03.11.2024;07:21;A 36;1;0;0;0;0;0;0;0;0;0;0;0;0;0;0;0;0;1;45;0;0;0;0;0;0;1;8;0;0;0;0;0;0;0;0;0;0;0;0;0;0;0;0;0;0;0;0;0;0;0;0;0;0;1;19;0;0;0;0;1;23;1;22
03.11.2024;07:20;A 36;1;1;2;1;20;0;0;1;36;1;5;0;0;1;4;0;0;1;7;0;0;0;0;0;0;1;8;0;0;0;0;0;0;0;0;0;0;1;29;0;0;0;0;0;0;1;6;0;0;0;0;0;0;0;0;1;7;0;0;0;0;0;0
03.11.2024;07:19;A 36;1;0;0;0;0;0;0;0;0;0;0;0;0;0;0;0;0;3;3;1;1;0;0;0;0;3;12;1;3;0;0;0;0;0;0;0;0;0;0;0;0;0;0;0;0;0;0;0;0;0;0;0;0;1;5;1;4;0;0;0;0;1;11
03.11.2024;07:18;A 36;1;0;0;0;0;0;0;0;0;0;0;0;0;0;0;0;0;0;0;0;0;0;0;0;0;0;0;0;0;0;0;1;14;0;0;0;0;1;38;1;27;0;0;0;0;1;10;0;0;0;0;2;2;0;0;0;0;0;0;2;8;0;0
03.11.2024;07:17;A 36;1;0;0;0;4;0;0;0;0;0;0;0;0;0;0;0;0;0;0;0;0;0;0;0;0;0;0;0;0;0;0;0;0;0;0;0;0;1;10;0;0;0;0;0;0;3;9;0;0;1;5;0;0;0;0;0;0;1;10;0;0;0;0
03.11.2024;07:16;A 36;1;0;0;1;27;0;0;0;0;1;8;0;0;0;0;0;0;1;1;0;0;0;0;0;0;1;5;0;0;0;0;1;22;0;0;0;0;0;0;1;6;0;0;0;0;1;3;0;0;0;0;0;0;0;0;0;0;0;0;0;0;0;0
03.11.2024;07:15;A 36;1;0;0;0;0;0;0;0;0;0;0;0;0;0;0;0;0;1;1;0;0;0;0;0;0;1;5;0;0;0;0;0;0;1;3;1;0;0;0;0;0;1;8;0;0;0;0;0;0;0;0;0;0;0;0;0;0;0;0;0;0;0;0
03.11.2024;07:14;A 36;1;0;0;0;0;0;0;0;0;0;0;0;0;0;0;0;0;0;0;0;0;0;0;0;0;0;0;0;0;0;0;0;0;0;0;0;0;0;0;0;0;0;0;0;0;0;0;0;0;0;0;0;0;0;0;0;0;0;0;0;0;0;0
03.11.2024;07:13;A 36;1;0;0;0;0;0;0;0;0;0;0;0;0;0;0;0;0;0;0;0;0;0;0;0;0;0;0;0;0;0;0;1;21;0;0;0;0;0;0;1;5;0;0;0;0;0;0;0;0;0;0;0;0;0;0;0;0;0;0;0;0;0;0
03.11.2024;07:12;A 36;1;0;0;1;30;0;0;0;0;1;7;0;0;0;0;0;0;0;0;1;1;0;0;0;0;0;0;1;5;0;0;1;11;0;0;0;0;0;24;2;16;0;0;0;0;0;23;0;0;1;1;1;0;0;0;0;0;3;2;0;0;0;0
03.11.2024;07:11;A 36;1;0;0;0;0;0;0;0;0;0;0;0;0;0;0;0;0;0;0;1;24;0;0;0;0;0;0;1;7;0;0;0;0;0;0;0;32;1;9;1;6;0;0;0;0;1;16;0;0;0;0;0;0;0;0;0;0;0;0;0;0;0;0
03.11.2024;07:10;A 36;1;3;2;1;25;1;1;0;0;1;33;1;4;0;0;0;0;1;17;0;0;0;0;0;0;1;11;0;0;0;0;0;0;0;0;1;12;0;0;0;0;0;0;2;4;0;0;0;0;0;0;0;0;0;0;0;0;0;0;0;0;0;0
03.11.2024;07:09;A 36;1;0;0;0;0;0;0;0;0;0;0;0;0;0;0;0;0;0;0;0;0;1;14;0;0;0;0;0;0;0;0;0;0;0;0;0;0;0;0;0;0;0;0;0;0;0;0;0;0;0;0;0;0;0;0;0;0;0;0;0;0;0;0
03.11.2024;07:08;A 36;1;0;0;0;0;0;0;0;0;0;0;0;0;0;0;1;40;1;14;0;0;0;0;1;8;1;25;1;18;1;4;0;0;1;1;1;18;0;0;0;0;1;5;1;6;0;0;0;0;0;0;0;0;0;0;0;0;0;0;0;0;0;0
03.11.2024;07:07;A 36;1;0;0;1;18;0;0;0;0;1;7;0;0;0;0;0;0;1;2;0;0;1;12;0;0;1;6;1;3;1;5;0;0;0;0;0;0;0;0;0;0;0;0;0;0;0;0;0;0;1;21;0;0;0;0;0;0;1;6;0;0;0;0
03.11.2024;07:06;A 36;1;0;0;1;19;1;3;0;0;1;7;1;6;0;0;0;0;0;0;0;0;0;0;0;0;0;0;0;0;0;0;0;0;0;0;0;0;0;0;0;0;0;0;0;0;0;0;0;0;0;0;0;0;0;0;0;0;0;0;0;0;0;0
03.11.2024;07:05;A 36;1;0;0;0;10;0;0;0;0;0;0;0;0;0;0;0;0;0;0;1;17;0;0;0;0;0;0;1;6;0;0;0;0;0;0;0;0;0;0;0;0;0;0;0;0;0;0;0;0;1;1;0;0;0;0;0;0;1;2;0;0;0;0
03.11.2024;07:04;A 36;1;0;0;1;11;1;3;0;0;1;8;1;3;0;0;0;0;0;0;1;1;0;0;0;0;0;0;1;3;0;0;0;0;0;0;0;0;0;0;0;0;0;0;0;0;0;0;0;0;0;0;1;1;0;0;0;0;0;0;1;3;0;0
03.11.2024;07:03;A 36;1;0;0;0;0;0;0;0;0;0;0;1;24;0;0;0;0;1;1;0;0;0;0;0;0;1;4;0;0;0;0;0;0;0;0;0;0;0;0;0;0;0;0;0;0;0;0;0;0;0;0;0;0;0;0;0;0;0;0;0;0;0;0
03.11.2024;07:02;A 36;1;0;0;1;21;0;0;0;0;2;5;0;0;0;0;0;0;0;0;0;0;0;0;0;0;0;0;0;0;0;0;0;0;0;0;0;0;0;0;0;0;0;0;0;0;0;0;0;0;1;1;0;0;0;0;0;0;1;1;0;0;0;0
03.11.2024;07:01;A 36;1;0;0;0;0;0;0;0;0;0;0;0;0;0;0;1;1;1;1;0;0;0;0;1;7;1;5;0;0;0;0;0;0;0;0;0;0;0;0;0;0;0;0;0;0;0;0;0;0;0;0;0;0;0;0;1;3;0;0;0;0;0;0
03.11.2024;07:00;A 36;1;0;0;0;0;0;0;0;0;0;0;0;0;0;0;0;0;1;11;0;0;0;0;0;3;2;23;1;3;0;0;0;0;1;54;0;0;0;0;0;0;0;3;0;0;0;0;0;0;1;23;0;0;0;0;0;0;2;3;0;0;0;0
03.11.2024;06:59;A 36;1;0;0;0;6;1;40;0;0;0;3;2;12;0;0;0;0;1;26;0;0;1;30;1;4;1;8;1;2;2;4;0;0;0;0;0;0;1;19;0;0;1;0;0;0;0;3;0;0;1;5;0;0;0;0;0;0;1;10;0;0;0;0
03.11.2024;06:58;A 36;1;0;0;1;13;0;0;0;0;1;22;0;0;0;0;0;0;0;0;0;0;0;0;0;0;0;0;0;0;0;0;0;0;0;0;0;0;0;0;0;0;0;0;0;0;1;1;0;0;1;15;0;0;0;0;0;0;0;3;0;0;0;0
03.11.2024;06:57;A 36;1;0;0;1;10;0;0;0;0;1;9;0;0;0;0;0;0;1;1;0;0;0;0;0;0;1;3;0;0;0;0;0;0;1;20;0;0;0;0;0;0;1;8;0;0;0;0;0;0;0;0;0;0;0;0;0;0;1;6;0;0;0;0
03.11.2024;06:56;A 36;1;0;0;1;16;0;0;1;30;1;11;0;0;1;5;0;0;1;1;0;0;0;0;0;0;1;3;0;0;0;0;0;0;0;0;0;0;1;17;0;0;0;0;0;0;3;5;0;0;0;0;0;0;0;0;0;0;0;0;0;0;0;0
03.11.2024;06:55;A 36;1;0;0;0;0;0;0;0;0;0;0;0;0;0;0;0;0;1;1;0;0;0;0;0;0;1;3;0;0;0;0;0;0;0;0;0;0;1;24;0;0;0;0;0;0;1;5;0;0;0;0;0;0;0;0;0;0;0;0;0;0;0;0
03.11.2024;06:54;A 36;1;0;0;0;0;0;0;0;0;0;0;0;0;0;0;0;0;0;0;1;1;0;0;0;0;0;0;1;4;0;0;0;0;1;15;0;0;0;0;0;0;1;13;0;0;0;0;0;0;0;0;0;0;0;0;0;0;1;3;1;5;0;0
03.11.2024;06:53;A 36;1;0;0;0;0;0;0;0;0;0;0;0;0;0;0;0;0;1;1;0;0;0;0;0;0;1;4;0;0;0;0;0;0;0;0;1;24;0;0;0;0;0;0;1;6;0;0;0;0;0;0;0;0;0;0;0;0;0;0;0;0;0;0
03.11.2024;06:52;A 36;1;0;0;0;0;0;0;0;0;0;0;0;0;0;0;0;0;1;1;0;0;0;0;0;0;1;4;0;0;0;0;0;0;0;0;0;0;0;0;0;0;0;0;0;0;0;0;0;0;0;0;0;0;0;0;1;3;1;1;0;0;0;0
03.11.2024;06:51;A 36;1;0;0;2;46;0;0;0;0;0;53;0;0;0;0;0;0;0;14;0;12;0;0;0;0;0;0;0;0;0;0;0;0;0;0;0;0;0;0;0;0;0;0;0;0;0;0;0;0;0;0;0;0;0;0;1;1;0;0;0;0;0;0
03.11.2024;06:50;A 36;1;0;0;1;24;0;0;0;0;2;10;0;0;0;0;0;0;1;33;1;31;0;0;0;0;1;14;1;7;0;0;0;0;0;0;0;0;0;0;0;0;0;0;0;0;0;0;0;0;0;0;0;0;1;21;1;3;0;0;3;8;2;19
03.11.2024;06:49;A 36;1;0;0;0;0;0;0;0;0;0;0;0;0;0;0;0;0;3;3;1;1;0;0;0;0;3;9;1;3;0;0;0;0;0;0;0;0;0;0;0;0;0;0;0;0;0;0;0;0;1;1;0;0;0;0;2;5;1;6;0;0;0;0
03.11.2024;06:48;A 36;1;0;0;0;0;0;0;0;0;0;0;0;0;0;0;0;0;0;0;1;1;0;0;0;0;2;5;1;4;0;0;0;0;0;0;0;0;0;0;0;0;0;0;0;0;0;0;0;0;0;0;1;1;0;0;0;0;0;0;1;5;0;0
03.11.2024;06:47;A 36;1;0;0;0;0;0;0;0;0;0;0;0;0;0;0;0;0;0;0;0;0;1;47;0;0;0;0;1;1;2;2;0;0;0;0;0;0;0;0;0;0;0;0;0;0;0;0;0;0;1;3;0;0;0;0;0;0;0;2;0;0;0;0
03.11.2024;06:46;A 36;1;0;0;0;0;0;0;0;0;0;0;0;0;0;0;0;0;0;0;0;0;1;14;0;0;0;0;1;8;1;10;1;22;0;0;0;0;0;0;1;7;0;0;0;0;0;0;0;0;1;20;0;0;0;0;0;0;1;31;0;0;0;0
03.11.2024;06:45;A 36;1;0;0;0;0;0;0;0;0;0;0;0;0;0;0;0;0;0;0;2;17;0;0;0;0;0;0;2;11;0;0;0;0;0;0;0;0;1;44;0;0;0;0;0;0;0;44;0;0;0;0;1;9;1;16;0;0;0;0;2;6;1;2
03.11.2024;06:44;A 36;1;0;0;0;0;0;0;0;0;0;0;0;0;0;0;0;0;0;0;0;0;0;0;0;0;0;0;0;0;0;0;0;0;0;0;0;0;0;0;0;0;0;0;0;0;1;4;0;0;0;0;0;0;0;0;0;0;0;0;0;0;0;0
03.11.2024;06:43;A 36;1;0;0;0;0;0;0;0;0;0;0;0;0;0;0;0;0;0;0;0;0;0;0;0;0;0;0;0;0;0;0;0;0;0;0;0;0;0;0;0;0;0;0;0;0;0;0;0;0;0;0;0;0;0;0;0;0;0;0;0;0;0;0
03.11.2024;06:42;A 36;1;0;0;0;0;0;0;0;0;0;0;0;0;0;0;0;0;0;0;0;0;0;0;0;0;0;0;0;0;0;0;0;0;0;0;0;0;0;0;0;0;0;0;0;0;0;0;0;0;0;0;0;0;0;0;0;0;0;0;0;0;0;0
03.11.2024;06:41;A 36;1;2;5;2;44;0;0;0;0;3;31;0;0;0;0;0;0;0;0;1;1;0;0;0;0;0;0;1;7;0;0;0;0;1;27;0;0;2;23;0;0;1;11;0;0;2;12;0;0;0;0;0;0;0;0;0;0;0;0;0;0;0;0
03.11.2024;06:40;A 36;1;0;0;0;11;0;0;0;0;0;0;0;0;0;0;0;0;0;0;0;0;0;0;0;0;0;0;0;0;0;0;0;0;0;0;0;0;1;5;0;0;0;0;0;0;1;5;0;0;0;0;1;1;0;0;0;0;0;0;1;5;0;0
03.11.2024;06:39;A 36;1;0;0;2;35;0;0;0;0;2;13;0;0;0;0;0;0;2;2;0;0;0;0;0;0;2;11;0;0;0;0;0;0;0;0;0;0;0;0;0;0;0;0;0;0;0;0;0;0;1;5;1;10;0;0;0;0;1;9;1;10;0;0
03.11.2024;06:38;A 36;1;0;0;0;0;0;0;0;0;0;0;0;0;0;0;0;0;0;0;0;0;3;71;0;0;0;0;3;9;3;59;0;0;1;2;0;0;1;35;0;0;1;10;0;0;2;4;0;0;0;14;0;0;0;0;0;0;0;0;0;0;0;0
03.11.2024;06:37;A 36;1;0;0;2;3;1;4;0;0;1;4;0;0;0;0;1;31;0;45;5;38;1;21;1;8;0;0;2;3;1;4;0;0;0;0;0;0;0;0;0;0;0;0;0;0;0;0;0;0;1;42;0;0;0;0;0;0;1;7;0;0;0;0
03.11.2024;06:36;A 36;1;0;0;1;8;0;0;0;0;2;18;1;19;0;0;0;0;2;5;0;0;0;0;1;1;4;13;1;11;0;0;0;0;0;0;0;0;1;22;0;0;0;0;0;0;2;3;0;0;1;4;0;0;0;0;0;0;1;7;0;0;0;0
03.11.2024;06:35;A 36;1;0;0;1;12;0;0;0;0;1;20;0;0;0;0;0;0;0;0;1;1;0;0;0;0;0;0;1;4;0;0;0;0;0;0;0;0;0;0;0;0;0;0;0;0;0;0;0;0;0;0;0;0;0;0;0;0;0;0;0;0;0;0
03.11.2024;06:34;A 36;1;0;0;0;0;0;0;0;0;0;0;0;0;0;0;0;0;0;20;0;0;0;0;0;0;0;0;0;0;0;0;0;0;0;0;0;0;0;0;0;0;0;0;0;0;0;0;0;0;1;1;0;0;0;0;0;0;1;2;0;0;0;0
03.11.2024;06:33;A 36;1;0;0;1;17;0;0;0;0;1;9;0;0;0;0;0;0;1;8;0;0;0;0;0;0;1;11;0;0;0;0;0;0;0;0;0;0;0;0;0;0;0;0;0;0;0;0;0;0;0;0;0;0;0;0;0;0;0;0;0;0;0;0
03.11.2024;06:32;A 36;1;0;0;0;0;0;0;0;0;0;0;0;0;0;0;0;0;2;2;0;0;0;0;0;0;2;10;1;0;0;0;0;0;0;0;0;0;0;0;0;0;0;0;0;0;0;0;0;0;1;1;0;0;0;0;0;0;1;4;0;0;0;0
03.11.2024;06:31;A 36;1;0;0;0;0;0;0;0;0;0;0;0;0;0;0;0;0;2;2;0;0;1;12;0;0;1;7;1;2;1;3;0;0;0;0;0;0;0;0;0;0;0;0;0;0;0;0;0;0;1;1;0;0;0;0;0;0;1;4;0;0;0;0
03.11.2024;06:30;A 36;1;0;0;1;20;0;0;0;0;2;7;0;0;0;0;0;0;0;23;0;0;0;0;0;0;1;20;0;0;0;0;0;0;1;1;0;0;0;0;0;0;1;4;0;0;0;0;0;0;0;0;0;0;0;0;0;0;0;0;0;0;0;0
03.11.2024;06:29;A 36;1;0;0;1;20;0;0;0;0;0;5;0;0;0;0;0;0;1;51;0;0;0;0;0;0;4;55;0;0;0;0;0;0;1;20;0;0;0;0;0;0;1;7;0;0;0;0;0;0;0;0;0;0;1;46;0;0;0;0;0;0;0;2
03.11.2024;06:28;A 36;1;0;0;1;15;0;0;0;0;2;13;0;0;0;0;0;0;0;0;0;0;0;0;0;0;0;0;0;0;0;0;0;0;0;0;0;0;0;0;0;0;0;0;0;0;0;0;0;0;0;0;0;0;0;0;0;0;0;0;0;0;1;0
03.11.2024;06:27;A 36;1;0;0;1;39;1;23;0;0;2;7;1;5;0;0;0;0;2;10;1;1;0;0;0;0;2;7;1;4;0;0;0;0;0;0;0;0;0;0;0;0;0;0;0;0;0;0;0;0;0;0;0;0;0;0;1;4;0;0;0;0;0;0
03.11.2024;06:26;A 36;1;0;0;0;0;0;0;0;0;0;0;0;0;0;0;0;0;0;0;0;0;0;0;0;0;1;10;0;0;0;0;0;0;0;0;0;0;1;18;0;0;0;0;0;0;2;13;0;0;0;0;1;1;0;0;0;0;0;0;1;6;0;0
03.11.2024;06:25;A 36;1;0;0;1;17;0;0;0;0;1;9;0;0;0;0;0;0;1;1;0;0;0;0;0;0;1;5;0;0;0;0;0;0;0;0;0;0;0;0;0;0;0;0;0;0;0;0;0;0;0;0;1;1;0;0;0;0;0;0;0;1;0;0
03.11.2024;06:24;A 36;1;0;0;0;0;0;0;0;0;0;0;0;0;0;0;0;0;0;0;0;0;0;0;0;0;0;0;0;0;0;0;0;0;0;0;0;0;0;0;0;0;0;0;0;0;0;0;0;0;0;0;0;0;0;0;0;0;0;0;1;3;0;0
03.11.2024;06:23;A 36;1;0;0;0;0;0;0;0;0;0;0;0;0;0;0;0;0;0;0;0;0;0;0;0;0;0;0;0;0;0;0;0;0;0;0;0;0;0;0;0;0;0;0;0;0;0;0;0;0;1;1;1;1;0;22;0;0;2;4;1;3;0;0
03.11.2024;06:22;A 36;1;0;0;0;0;0;0;0;0;0;0;0;0;0;0;0;0;2;2;0;0;1;12;0;0;2;9;1;1;1;5;0;0;0;0;0;0;0;0;0;0;0;0;0;0;0;0;0;0;0;0;0;0;1;3;0;0;0;0;0;0;1;6
03.11.2024;06:21;A 36;1;0;0;0;0;0;0;0;0;0;0;0;0;0;0;0;0;0;18;0;20;0;0;0;0;0;0;0;0;0;0;0;0;0;0;0;0;0;0;0;0;0;0;0;0;0;0;0;0;0;0;0;0;1;19;0;0;0;0;3;15;1;17
03.11.2024;06:20;A 36;1;0;0;1;3;0;0;0;0;2;17;0;0;0;0;0;0;3;44;1;33;0;0;0;0;2;30;1;8;0;0;0;68;0;0;0;0;0;0;0;0;0;0;0;0;0;0;0;0;0;0;1;1;0;39;1;7;0;0;1;4;0;0
03.11.2024;06:19;A 36;1;1;0;3;69;0;0;1;70;0;85;0;0;2;69;0;0;3;2;1;1;0;0;0;0;3;15;1;4;0;0;1;2;0;0;0;0;0;6;1;7;0;0;0;0;0;0;0;0;0;28;0;0;1;25;0;0;0;0;0;0;1;4
03.11.2024;06:18;A 36;1;0;0;1;2;0;0;0;0;2;11;0;0;0;0;0;0;0;0;1;1;0;0;0;0;1;1;1;6;0;0;0;0;2;18;0;0;1;22;0;0;1;29;0;0;2;3;0;0;1;7;0;0;0;0;0;0;1;8;0;0;0;0
03.11.2024;06:17;A 36;1;0;0;0;0;0;0;0;0;0;0;0;0;0;0;0;0;1;1;1;1;0;0;0;0;1;3;1;4;0;0;0;0;0;0;1;19;1;32;0;0;0;0;1;8;2;3;0;0;1;1;0;0;0;0;0;0;1;5;0;0;0;0
03.11.2024;06:16;A 36;1;1;0;1;29;0;0;0;0;1;4;0;0;0;0;0;0;2;4;0;0;0;0;0;0;1;14;0;0;0;0;0;0;0;0;0;0;0;0;0;0;0;0;0;0;0;0;0;0;0;0;0;0;0;0;0;0;0;0;0;0;0;0
03.11.2024;06:15;A 36;1;0;0;0;0;0;0;0;0;1;5;0;0;0;0;1;2;0;0;0;0;0;0;1;6;0;0;0;0;0;0;0;0;1;14;0;0;1;30;0;0;2;10;0;0;2;3;0;0;1;1;0;0;0;0;0;0;1;4;0;0;0;0
03.11.2024;06:14;A 36;1;1;2;1;1;0;0;0;0;0;1;0;0;0;0;0;0;2;30;1;38;0;0;0;0;2;11;1;6;0;0;0;0;0;0;0;0;0;0;0;0;0;0;0;0;0;0;0;0;2;2;0;0;0;0;0;0;2;10;0;0;0;0
03.11.2024;06:13;A 36;1;0;0;0;26;0;0;0;0;1;4;0;0;0;0;0;0;0;0;0;0;0;0;0;0;0;0;0;0;0;0;0;0;0;0;0;0;0;0;0;0;0;0;0;0;0;0;0;0;0;0;0;0;0;0;0;0;0;0;0;0;0;0
03.11.2024;06:12;A 36;1;0;0;3;73;0;0;0;0;2;53;0;0;0;0;0;0;2;51;0;0;0;0;0;0;2;19;0;0;0;0;0;0;0;0;0;0;2;22;0;0;0;0;1;2;2;24;0;0;0;0;0;0;0;0;0;0;0;0;0;0;0;0
03.11.2024;06:11;A 36;1;0;0;0;0;0;0;0;0;0;0;0;0;0;0;0;0;2;2;0;0;0;0;0;0;3;13;0;0;0;0;0;0;0;0;0;0;1;34;0;0;0;0;1;1;1;35;0;0;0;0;1;1;0;0;0;0;0;0;1;6;0;0
03.11.2024;06:10;A 36;1;2;4;2;6;1;1;0;0;2;16;1;6;0;0;0;0;1;4;0;0;0;0;0;0;1;10;0;0;0;0;0;0;1;43;0;0;1;62;0;0;1;7;0;0;2;3;0;0;0;0;0;0;0;0;0;0;0;0;0;0;0;0
03.11.2024;06:09;A 36;1;0;0;0;0;0;0;0;0;0;0;0;0;0;0;0;0;3;6;0;0;0;0;0;0;2;21;0;0;0;0;0;0;1;1;0;0;0;0;0;0;2;7;0;0;0;0;0;0;1;1;1;1;1;13;0;0;1;2;1;4;1;3
03.11.2024;06:08;A 36;1;0;0;1;36;0;0;0;0;2;11;0;0;0;0;0;0;0;0;0;0;0;0;0;0;0;0;0;0;0;0;0;0;0;0;0;0;2;24;0;0;0;0;0;0;2;26;0;0;0;0;0;0;0;0;0;0;0;0;0;0;0;0
03.11.2024;06:07;A 36;1;0;0;0;0;0;0;0;0;0;0;0;0;0;0;0;0;0;0;0;0;0;0;0;0;0;0;0;0;0;0;0;0;0;0;0;0;0;0;0;0;0;0;0;0;0;0;0;0;0;0;0;0;0;0;0;0;0;0;0;0;0;0
03.11.2024;06:06;A 36;1;0;0;0;0;0;0;0;0;0;0;0;0;0;0;0;0;0;0;0;0;0;0;0;0;0;0;0;0;0;0;0;0;0;0;0;0;0;0;0;0;0;0;0;0;0;0;0;0;0;0;0;0;1;11;0;0;0;0;0;0;1;4
03.11.2024;06:05;A 36;1;0;0;0;0;0;0;0;0;0;0;0;0;0;0;0;0;1;1;0;0;0;0;0;0;1;3;0;0;0;0;0;0;0;0;0;0;0;0;0;0;0;0;0;0;0;0;0;0;0;0;0;0;0;0;0;0;0;0;0;0;0;0
03.11.2024;06:04;A 36;1;0;0;0;0;0;0;0;0;0;0;0;0;0;0;0;0;1;1;0;0;0;0;0;0;1;2;0;0;0;0;0;0;0;0;0;0;0;0;0;0;0;0;0;0;0;0;0;0;0;0;0;0;0;0;0;0;0;0;0;0;0;0
03.11.2024;06:03;A 36;1;0;0;0;0;0;0;0;0;0;0;0;0;0;0;1;0;2;1;0;0;0;0;1;2;2;3;0;0;0;0;0;0;0;0;0;0;0;0;0;0;0;0;0;0;0;0;0;0;0;0;0;0;0;0;0;0;0;0;0;0;0;0
03.11.2024;06:02;A 36;1;0;0;1;14;0;0;0;0;1;10;0;0;0;0;0;0;0;0;0;0;0;0;0;0;0;0;0;0;0;0;0;0;0;0;1;0;0;0;0;0;0;0;0;0;0;0;0;0;0;0;0;0;0;0;0;0;0;0;0;0;0;0
03.11.2024;06:01;A 36;1;0;0;0;0;0;0;0;0;0;0;0;0;0;0;0;0;0;0;0;0;0;0;0;0;0;0;0;0;0;0;0;24;0;0;0;0;0;0;0;0;0;0;0;0;0;0;0;0;1;1;0;0;0;0;0;0;1;3;0;0;0;0
03.11.2024;06:00;A 36;1;0;0;0;0;0;0;0;0;0;0;0;0;0;0;1;3;1;4;0;0;0;0;1;10;1;11;0;0;0;0;1;2;1;27;0;0;0;0;1;3;2;29;1;3;0;0;0;0;1;35;2;11;0;0;0;0;1;6;3;11;0;0
03.11.2024;05:59;A 36;1;0;0;1;19;0;0;0;0;1;6;0;0;0;0;0;0;0;0;0;0;1;14;0;0;0;0;1;1;2;5;0;0;0;0;0;0;0;0;0;0;0;0;0;0;0;0;0;0;1;10;1;14;0;0;0;0;1;4;2;13;0;0
03.11.2024;05:58;A 36;1;0;0;0;0;0;0;0;0;0;0;0;0;0;0;0;0;1;1;0;0;0;0;0;0;1;6;0;0;0;0;0;0;0;0;0;0;0;0;0;0;0;0;0;0;0;0;0;0;0;0;0;0;0;0;0;0;0;0;0;0;0;0
03.11.2024;05:57;A 36;1;0;0;1;34;0;0;0;0;2;6;0;0;0;0;0;0;0;0;0;0;0;0;0;0;0;0;0;0;0;0;0;0;2;24;0;0;0;0;0;0;2;21;0;0;0;0;0;0;0;0;0;0;0;0;0;0;0;0;0;0;0;0
03.11.2024;05:56;A 36;1;0;0;0;0;0;0;0;0;0;0;0;0;0;0;0;0;1;8;0;0;1;24;0;0;1;7;1;0;1;3;0;0;0;0;0;0;0;0;0;0;0;0;0;0;0;0;0;0;0;0;0;0;1;12;0;0;0;0;0;0;1;5
03.11.2024;05:55;A 36;1;0;0;0;0;0;0;0;0;0;0;0;0;0;0;1;2;1;21;0;0;0;0;1;7;1;4;0;0;0;0;0;0;1;38;0;0;0;0;0;0;1;10;0;0;0;0;0;0;0;0;1;1;0;0;0;0;0;0;1;3;0;0
03.11.2024;05:54;A 36;1;0;0;0;0;1;58;0;0;0;0;0;7;0;0;0;0;1;20;0;0;1;19;0;0;1;15;0;0;1;2;0;0;0;0;0;0;2;91;0;0;0;0;1;3;1;57;0;0;1;1;0;0;0;0;1;5;2;4;0;0;0;0
03.11.2024;05:53;A 36;1;0;0;0;0;0;0;0;0;0;0;1;1;0;0;0;0;1;1;0;0;0;0;0;0;1;3;0;0;0;0;0;0;1;13;0;0;1;33;0;0;1;5;2;9;4;5;0;0;0;0;0;0;0;0;0;0;0;0;0;0;0;0
03.11.2024;05:52;A 36;1;0;0;0;0;0;0;0;0;0;0;0;0;0;0;1;1;0;0;0;0;0;0;1;6;0;0;0;0;0;0;0;0;0;0;0;0;0;0;0;0;0;0;0;0;0;0;0;0;0;0;0;0;0;0;0;0;0;0;0;0;0;0
03.11.2024;05:51;A 36;1;0;0;0;0;0;0;0;0;0;0;0;0;0;0;0;0;0;0;0;0;0;0;0;0;0;0;0;0;0;0;0;0;0;0;1;4;0;0;0;0;0;0;0;1;0;0;0;0;0;0;1;1;1;1;0;0;0;0;1;4;0;0
03.11.2024;05:50;A 36;1;0;0;0;0;0;0;0;0;0;0;0;0;0;0;0;0;1;1;0;0;0;0;0;0;2;4;0;0;0;0;0;0;0;0;0;0;0;0;0;0;0;0;2;5;0;0;0;0;0;0;0;0;0;0;0;0;0;0;0;0;0;0
03.11.2024;05:49;A 36;1;0;0;0;0;0;0;0;0;0;0;0;0;0;0;0;0;0;0;0;0;0;0;0;0;0;0;0;0;0;0;0;0;1;2;0;0;0;0;0;0;1;8;0;0;0;0;0;0;0;0;0;0;0;0;2;5;0;0;0;0;0;0
03.11.2024;05:48;A 36;1;0;0;0;0;0;0;0;0;0;0;0;0;0;0;0;0;0;0;1;1;0;0;0;0;0;0;1;4;0;0;0;0;1;23;0;0;0;20;0;0;0;1;0;0;0;0;0;0;0;0;1;9;0;0;0;0;0;0;1;9;0;0
03.11.2024;05:47;A 36;1;0;0;1;23;0;0;1;37;0;3;0;0;1;9;0;0;3;2;0;0;0;0;0;0;2;9;0;0;0;0;0;0;0;0;0;0;1;60;0;0;1;11;0;0;2;5;0;0;0;0;0;0;1;27;0;0;0;0;0;0;1;3
03.11.2024;05:46;A 36;1;0;0;0;0;0;0;0;0;1;5;0;0;1;1;0;0;1;44;0;0;0;0;0;0;1;6;0;0;0;0;0;0;0;0;0;0;0;0;0;0;0;0;0;0;0;0;0;0;2;2;0;0;1;16;0;0;2;11;0;0;1;1
03.11.2024;05:45;A 36;1;0;0;0;0;0;0;0;0;0;0;0;0;0;0;0;0;1;37;0;0;0;0;0;0;1;4;0;0;0;0;0;0;2;4;2;2;4;46;0;0;3;14;4;8;2;30;0;0;0;0;0;0;0;0;0;0;0;0;0;0;0;0
03.11.2024;05:44;A 36;1;0;0;1;16;0;0;0;0;0;4;0;0;0;0;0;0;0;0;0;0;0;0;0;0;0;0;0;0;0;0;0;0;0;0;0;0;0;0;0;0;0;0;0;0;0;0;0;0;1;1;1;1;0;0;0;0;1;5;0;0;0;0
03.11.2024;05:43;A 36;1;0;0;0;0;0;0;0;0;1;5;0;0;0;0;0;0;1;2;0;0;1;40;0;0;1;11;1;1;1;2;0;0;0;0;1;14;1;29;0;0;0;0;2;12;0;2;0;0;2;5;0;0;0;0;0;0;1;7;0;0;0;0
03.11.2024;05:42;A 36;1;0;0;0;6;0;0;1;26;0;0;0;0;1;3;0;0;0;0;1;4;0;0;0;0;0;0;0;0;0;0;0;0;1;33;0;0;0;0;0;0;0;2;0;0;1;3;0;0;0;0;0;0;0;0;0;0;1;3;0;0;0;0
03.11.2024;05:41;A 36;1;0;0;1;32;0;0;0;0;1;9;0;0;0;0;0;0;0;0;0;0;0;0;0;0;0;0;2;10;0;0;1;15;0;0;0;0;0;0;1;3;1;7;0;0;0;0;0;0;0;0;0;0;1;15;0;0;0;0;0;0;1;2
03.11.2024;05:40;A 36;1;0;0;1;2;0;0;1;34;1;9;0;0;1;5;0;0;1;2;0;0;0;0;0;0;1;8;0;0;0;0;1;3;0;0;0;0;0;0;1;6;0;0;0;0;0;0;0;0;2;11;0;0;0;0;0;0;6;16;0;0;0;0
03.11.2024;05:39;A 36;1;0;0;0;0;0;0;0;0;0;0;0;0;1;3;0;0;1;1;0;0;0;0;0;0;1;6;0;0;0;0;0;0;1;36;1;30;1;46;0;0;1;11;2;9;1;5;0;0;0;0;0;0;0;0;0;0;0;0;0;0;0;0
03.11.2024;05:38;A 36;1;0;0;0;0;0;0;1;30;0;0;0;0;0;2;0;0;5;44;0;0;0;0;0;0;4;51;0;0;0;0;0;0;0;0;0;0;0;0;0;0;0;0;0;0;0;0;0;0;0;0;0;0;0;0;0;0;0;0;0;0;0;0
03.11.2024;05:37;A 36;1;0;0;0;0;0;0;0;0;0;0;0;0;1;5;0;0;2;17;0;0;0;0;0;0;2;20;0;0;0;0;0;0;0;0;0;0;1;36;0;0;0;0;1;3;2;3;0;0;0;0;0;0;0;0;0;0;0;0;0;0;0;0
03.11.2024;05:36;A 36;1;0;0;1;1;0;0;0;0;0;1;0;0;0;0;0;29;1;1;0;0;0;0;0;0;2;6;0;0;0;0;0;0;0;0;0;0;0;0;0;0;0;0;0;0;0;0;0;0;0;0;0;0;0;50;0;0;0;0;0;0;0;0
03.11.2024;05:35;A 36;1;0;0;0;0;0;0;0;0;1;8;0;0;0;0;1;5;2;1;0;0;0;0;1;10;2;5;0;0;0;0;0;0;0;0;0;0;0;0;0;0;0;0;0;0;0;0;0;0;0;0;1;1;1;20;0;0;0;0;1;4;1;3
03.11.2024;05:34;A 36;1;0;0;1;15;0;0;0;0;3;12;0;0;0;0;0;0;0;0;1;1;0;0;0;0;0;0;1;3;0;0;0;0;0;0;0;0;0;0;0;0;0;0;0;0;0;0;0;0;0;0;0;0;1;12;0;0;0;0;0;0;1;3
03.11.2024;05:33;A 36;1;0;0;0;0;0;0;0;0;0;0;0;0;0;0;0;0;1;31;2;22;0;0;0;0;1;32;5;21;0;0;0;0;0;0;0;0;0;5;0;0;0;0;0;0;0;0;0;0;0;0;0;0;0;0;0;0;0;0;0;0;0;0
03.11.2024;05:32;A 36;1;0;0;1;2;1;18;0;0;2;8;1;7;0;0;0;0;1;10;0;0;0;0;0;0;1;17;1;2;0;0;0;0;0;0;0;0;1;56;0;0;0;0;1;1;1;6;0;0;0;0;0;0;0;0;0;0;0;0;0;0;0;0
03.11.2024;05:31;A 36;1;0;0;0;0;0;0;0;0;0;0;1;0;0;0;0;0;0;0;0;0;0;0;0;0;0;0;0;0;0;0;0;0;0;0;0;0;0;0;0;0;0;0;0;0;0;0;0;0;0;0;0;0;0;0;0;0;0;0;0;0;0;0
03.11.2024;05:30;A 36;1;0;0;0;0;0;0;0;0;0;0;0;0;0;0;0;0;1;1;0;0;0;0;0;0;1;3;0;0;0;0;0;0;0;0;1;17;0;0;0;0;0;0;1;9;0;0;0;0;2;13;0;0;0;0;1;2;3;11;0;0;0;0
03.11.2024;05:29;A 36;1;0;0;0;0;0;0;0;0;0;0;0;0;0;0;0;0;2;2;0;0;0;0;0;0;2;8;0;0;0;0;0;0;0;0;0;0;0;0;0;0;0;0;0;0;0;0;0;0;0;0;0;0;0;0;0;0;0;0;0;0;0;0
03.11.2024;05:28;A 36;1;1;1;0;0;0;0;0;0;0;0;0;0;0;0;0;0;1;23;0;0;0;0;0;0;1;9;0;0;0;0;0;0;1;61;0;0;1;12;0;0;2;69;2;64;2;17;0;0;0;0;0;0;0;65;1;3;0;0;0;0;0;0
03.11.2024;05:27;A 36;1;0;0;0;0;0;0;0;0;0;0;0;0;0;0;0;0;3;2;0;0;0;0;0;0;2;8;0;0;0;0;0;0;1;17;0;0;1;36;0;0;1;9;2;3;2;3;0;0;1;11;0;0;1;2;0;0;1;8;1;1;1;4
03.11.2024;05:26;A 36;1;0;0;0;0;0;0;0;0;0;0;0;0;0;0;0;0;0;0;1;3;0;0;0;0;0;0;1;5;0;0;0;0;0;0;0;0;1;58;0;0;0;0;1;3;2;47;0;0;1;39;0;0;0;0;0;0;1;2;0;0;0;0
03.11.2024;05:25;A 36;1;0;0;1;16;0;0;0;0;5;12;0;0;0;0;0;0;1;27;0;0;0;0;0;0;1;5;0;0;0;0;0;0;0;0;0;0;1;42;0;0;0;0;1;1;1;6;0;0;0;0;0;0;0;0;0;0;1;9;0;0;0;0
03.11.2024;05:24;A 36;1;0;0;0;0;0;0;1;24;0;0;0;0;1;6;0;0;0;0;0;0;0;0;0;0;0;0;0;0;0;0;0;0;0;0;0;0;1;15;0;0;0;0;1;3;2;8;0;0;0;0;0;0;1;44;0;0;0;0;2;3;1;7
03.11.2024;05:23;A 36;1;0;0;0;0;0;0;0;0;0;0;0;0;0;0;0;0;0;0;0;0;0;0;0;0;0;0;0;0;0;0;1;1;0;0;0;0;0;0;0;0;1;3;0;0;0;0;0;0;0;0;0;0;0;0;0;0;0;0;0;0;0;0
03.11.2024;05:22;A 36;1;0;0;0;0;0;0;0;0;0;0;0;0;0;0;0;0;1;1;0;0;0;0;0;0;2;3;0;0;0;0;0;0;0;0;0;0;0;0;0;0;0;0;0;0;0;0;0;0;0;0;0;0;0;0;0;0;0;0;0;0;0;0
03.11.2024;05:21;A 36;1;0;0;0;0;0;0;0;0;0;0;0;0;0;0;0;0;1;1;0;0;0;0;0;0;1;3;0;0;0;0;0;0;0;0;0;0;0;0;0;0;0;0;0;0;0;0;0;0;0;0;0;0;0;0;0;0;0;0;0;0;0;0
03.11.2024;05:20;A 36;1;0;0;0;0;1;22;0;0;0;0;1;9;0;0;0;0;0;0;0;0;0;0;0;0;0;0;0;0;0;0;0;0;0;0;0;0;0;0;0;0;0;0;0;0;0;0;0;0;0;0;0;0;0;0;1;1;1;5;1;1;0;0
03.11.2024;05:19;A 36;1;0;0;0;0;0;0;0;0;0;0;0;0;0;0;0;0;0;0;0;0;0;0;0;0;0;0;0;0;0;0;0;0;0;0;0;0;0;0;0;0;0;0;0;0;0;0;0;0;1;1;0;0;0;0;0;0;2;6;0;0;0;0
03.11.2024;05:18;A 36;1;0;0;0;0;1;3;0;0;0;0;0;0;0;0;0;0;0;0;0;0;0;0;0;0;0;0;0;0;0;0;0;0;0;0;0;0;0;0;0;0;0;0;0;0;0;0;0;0;0;0;0;0;1;13;0;0;0;0;0;0;1;2
03.11.2024;05:17;A 36;1;0;0;0;0;0;0;0;0;0;0;2;10;0;0;0;0;0;0;1;1;0;0;0;0;0;0;1;3;0;0;0;0;0;0;0;0;0;0;0;0;0;0;0;0;0;0;0;0;0;0;0;0;0;0;0;0;0;0;0;0;0;0
03.11.2024;05:16;A 36;1;0;0;0;0;0;0;0;0;0;0;0;0;0;0;0;0;0;5;0;5;0;0;0;0;0;0;0;0;0;0;0;0;0;0;0;0;0;0;0;0;0;0;0;0;0;0;0;0;0;0;0;0;1;11;0;0;0;0;0;0;1;5
03.11.2024;05:15;A 36;1;0;0;0;0;0;0;0;0;0;0;0;0;0;0;0;0;1;11;1;7;1;39;0;0;1;7;2;8;2;3;0;0;0;0;0;0;0;0;0;0;0;0;0;0;0;0;0;0;1;3;0;0;2;11;0;0;1;8;0;0;2;4
03.11.2024;05:14;A 36;1;0;0;0;0;0;0;0;0;0;0;0;0;0;0;0;0;1;0;1;1;0;0;0;0;1;1;1;3;0;0;0;0;1;18;0;0;0;0;0;0;1;10;0;0;0;0;0;0;0;0;0;0;0;0;1;3;2;8;0;0;0;0
03.11.2024;05:13;A 36;1;0;0;0;0;0;0;0;0;0;0;0;0;0;0;0;0;0;0;0;0;0;0;0;0;0;0;0;0;0;0;0;0;0;0;0;0;0;0;0;0;0;0;0;0;0;0;0;0;0;0;0;0;0;0;0;0;0;0;0;0;0;0
03.11.2024;05:12;A 36;1;0;0;0;0;0;0;0;0;0;0;0;0;0;0;0;0;1;2;0;0;0;0;0;0;1;9;0;0;0;0;0;0;2;18;0;0;0;0;0;0;0;20;0;0;0;0;0;0;0;0;0;0;0;0;0;0;0;0;0;0;0;0
03.11.2024;05:11;A 36;1;0;0;1;20;0;0;0;0;1;11;0;0;0;0;0;0;0;0;1;1;0;0;0;0;0;0;1;3;0;0;0;0;0;0;0;0;0;0;0;0;1;9;0;0;0;0;0;0;1;27;0;0;0;0;0;0;1;8;0;0;0;0
03.11.2024;05:10;A 36;1;0;0;0;0;0;0;0;0;0;0;0;0;0;0;0;0;1;1;0;0;0;0;0;0;1;2;0;0;0;0;0;0;0;0;0;0;0;0;0;0;0;0;0;0;0;0;0;0;0;0;0;0;0;0;0;0;0;0;0;0;0;0
03.11.2024;05:09;A 36;1;0;0;0;0;0;0;0;0;0;0;0;0;0;0;0;0;0;0;1;1;0;0;0;0;0;0;1;3;0;0;0;0;0;0;0;0;0;0;0;0;0;0;0;0;0;0;0;0;0;0;1;1;0;0;0;0;0;0;1;3;0;0
03.11.2024;05:08;A 36;1;0;0;0;0;0;0;0;0;0;0;0;0;0;0;0;0;0;0;0;0;0;0;0;0;0;0;0;0;0;0;0;0;0;0;0;0;0;0;0;0;0;0;0;0;0;0;0;0;0;0;0;0;0;0;0;0;0;0;0;0;0;0
03.11.2024;05:07;A 36;1;0;0;0;0;0;0;0;0;0;0;0;0;0;0;0;0;1;4;0;0;1;15;0;0;0;4;0;0;2;2;0;0;0;0;0;0;0;0;0;0;0;0;0;0;0;0;0;0;0;0;1;1;0;0;0;0;0;0;1;3;0;0
03.11.2024;05:06;A 36;1;0;0;0;0;0;0;0;0;0;0;0;0;0;0;0;0;0;1;0;0;0;0;0;0;1;5;0;0;0;0;0;0;1;16;0;0;0;0;0;0;2;10;0;0;0;0;0;0;0;0;2;2;0;0;0;0;0;0;2;8;0;0
03.11.2024;05:05;A 36;1;0;0;0;0;1;17;0;0;0;0;0;2;0;0;0;0;2;2;0;0;0;0;0;0;3;9;0;0;0;0;0;0;0;0;0;0;0;0;0;0;0;0;0;0;0;0;0;0;0;0;0;0;0;0;1;3;0;0;0;0;0;0
03.11.2024;05:04;A 36;1;0;0;0;0;0;0;0;0;0;0;1;9;0;0;1;1;0;0;0;0;0;0;1;6;0;0;0;0;0;0;0;0;0;0;0;0;0;0;0;0;0;0;0;0;0;0;0;0;0;0;0;0;0;0;1;8;0;0;0;0;0;0
03.11.2024;05:03;A 36;1;0;0;0;0;0;0;0;0;0;0;0;0;0;0;0;0;0;0;1;1;0;0;0;0;1;1;1;2;0;0;0;0;0;0;0;0;0;0;0;0;0;0;0;0;0;0;0;0;0;0;1;1;0;0;0;0;0;0;1;3;0;0
03.11.2024;05:02;A 36;1;0;0;0;0;1;13;0;0;0;0;2;11;0;0;0;0;0;0;0;0;0;0;0;0;0;0;0;0;0;0;0;0;0;0;0;0;0;0;0;0;0;0;0;0;0;0;0;0;0;0;0;0;0;0;0;0;0;0;0;0;0;0
03.11.2024;05:01;A 36;1;0;0;1;24;0;0;0;0;0;0;0;0;0;0;0;0;0;0;0;0;1;11;0;0;0;0;0;0;2;2;0;0;0;0;1;1;0;0;0;0;0;0;2;4;0;0;0;0;0;0;0;0;0;0;0;0;0;0;0;0;0;0
03.11.2024;05:00;A 36;1;0;0;0;0;0;0;0;0;1;6;0;0;0;0;0;0;0;0;0;0;0;0;0;0;0;0;0;0;0;0;0;0;0;12;0;0;0;0;0;0;0;0;0;0;0;0;0;0;0;0;0;0;0;0;0;0;0;0;0;0;0;0
03.11.2024;04:59;A 36;1;0;0;0;0;0;0;0;0;0;0;0;0;0;0;0;0;0;0;1;1;0;0;0;0;0;0;1;2;0;0;0;0;1;2;0;0;0;0;0;0;1;10;0;0;0;0;0;0;0;0;0;0;0;0;0;0;0;0;0;0;0;0
03.11.2024;04:58;A 36;1;0;0;0;27;0;0;0;0;0;0;0;0;0;0;0;0;0;0;1;1;0;0;0;0;1;1;1;2;0;0;0;0;0;0;0;0;0;0;0;0;0;0;0;0;0;0;0;0;1;13;0;0;0;1;0;0;1;7;0;0;0;0
03.11.2024;04:57;A 36;1;0;0;1;6;0;0;0;0;1;11;0;0;0;0;0;0;0;0;0;0;0;0;0;0;0;0;0;0;0;0;0;0;0;0;0;0;0;0;0;0;0;0;0;0;0;0;0;0;1;1;0;0;1;12;0;0;1;3;0;0;1;2
03.11.2024;04:56;A 36;1;0;0;0;0;1;3;0;0;0;0;1;7;0;0;0;0;1;1;0;0;0;0;0;0;1;3;0;0;0;0;0;0;0;0;0;0;1;39;0;0;0;0;0;0;1;41;0;0;0;0;0;0;0;0;0;0;0;0;0;0;0;0
03.11.2024;04:55;A 36;1;0;0;0;0;0;0;0;0;0;0;0;0;0;0;0;0;3;2;0;0;0;0;0;0;4;10;0;0;0;0;0;0;0;0;0;0;0;0;0;0;0;0;1;2;0;0;0;0;2;1;0;0;0;0;0;0;2;3;0;0;0;0
03.11.2024;04:54;A 36;1;0;0;0;0;0;0;0;0;0;0;0;0;0;0;0;0;0;0;0;0;0;0;0;0;0;0;0;0;0;0;0;0;0;0;0;0;0;0;0;0;0;0;0;0;0;0;0;0;0;0;0;0;0;0;0;0;0;0;0;0;0;0
03.11.2024;04:53;A 36;1;0;0;0;0;0;0;0;0;0;0;0;0;0;0;0;0;0;0;0;0;0;0;0;0;0;0;0;0;0;0;0;0;1;19;0;0;0;0;0;0;1;7;0;0;0;0;0;0;0;0;0;0;0;0;0;0;0;0;0;0;0;0
03.11.2024;04:52;A 36;1;0;0;0;0;0;0;0;0;0;0;0;0;0;0;0;0;0;0;1;1;0;0;0;0;0;0;1;3;0;0;0;0;0;0;0;0;0;0;0;0;0;0;0;0;0;0;0;0;0;0;0;0;0;0;0;0;0;0;0;0;0;0
03.11.2024;04:51;A 36;1;0;0;0;0;1;3;0;0;0;0;0;0;0;0;0;0;0;0;0;0;0;0;0;0;0;0;0;0;0;0;1;1;1;3;0;0;0;0;0;0;1;2;1;1;0;0;0;0;0;0;0;0;0;0;0;0;0;0;0;0;0;0
03.11.2024;04:50;A 36;1;0;0;0;0;0;0;0;0;0;0;1;7;0;0;0;0;0;0;1;20;0;0;0;0;1;2;1;6;0;0;0;0;1;12;0;0;0;15;0;0;2;8;0;0;0;0;0;0;1;22;0;0;0;0;1;2;1;3;0;0;0;0
03.11.2024;04:49;A 36;1;0;0;2;54;0;0;0;0;4;21;0;0;0;0;0;0;1;1;1;3;0;0;0;0;1;4;1;9;0;0;0;0;1;45;0;0;1;28;0;0;1;10;1;3;1;5;0;0;0;0;0;0;0;0;0;0;0;0;0;0;0;0
03.11.2024;04:48;A 36;1;0;0;0;0;0;0;0;0;0;0;0;0;0;0;0;0;0;0;0;0;0;0;0;0;0;0;0;0;0;0;0;0;0;9;0;0;0;0;0;0;0;0;0;0;0;0;0;0;0;0;0;0;0;0;0;0;0;0;0;0;0;0
03.11.2024;04:47;A 36;1;0;0;0;0;0;0;0;0;0;0;0;0;0;0;0;0;1;1;0;0;1;14;0;0;2;5;1;2;1;4;0;0;1;8;0;0;0;0;0;0;1;8;0;0;0;0;0;0;0;0;0;0;0;0;0;0;0;0;0;0;0;0
03.11.2024;04:46;A 36;1;0;0;0;0;0;0;0;0;0;0;0;0;0;0;0;0;0;0;0;0;0;0;0;0;0;0;0;0;0;0;0;0;0;0;0;0;0;0;0;0;0;0;0;0;0;0;0;0;2;2;0;0;0;0;0;0;1;7;0;0;0;0
03.11.2024;04:45;A 36;1;0;0;0;0;0;0;1;28;0;0;0;0;1;6;0;0;0;15;0;0;0;0;0;0;0;0;0;0;0;0;0;0;0;0;0;0;1;43;0;0;0;0;1;2;1;4;0;0;1;1;1;28;0;0;0;0;1;7;2;7;0;0
03.11.2024;04:44;A 36;1;0;0;0;0;0;0;17;15;0;0;0;0;1;5;0;0;1;7;0;0;0;0;0;0;1;9;0;0;0;0;0;0;0;0;0;0;0;0;0;0;0;0;0;0;0;0;0;0;0;0;0;0;0;0;0;0;0;0;0;0;0;0
03.11.2024;04:43;A 36;1;0;0;0;0;0;0;0;0;0;0;0;0;0;0;0;0;0;0;0;0;1;34;0;0;0;0;1;1;1;3;0;0;0;0;0;0;0;0;0;0;0;0;0;0;0;0;0;0;2;12;0;0;0;0;0;0;1;11;0;0;0;0
03.11.2024;04:42;A 36;1;0;0;0;0;0;0;0;0;0;0;0;0;0;0;0;0;0;0;0;0;0;0;0;0;0;0;0;0;0;0;1;15;0;0;0;0;0;34;1;5;1;4;0;0;0;0;0;0;0;0;0;0;0;0;0;0;0;0;0;0;0;0
03.11.2024;04:41;A 36;1;0;0;0;0;0;0;0;0;0;0;0;0;0;0;0;0;0;0;0;0;0;0;0;0;0;0;0;0;0;0;0;0;0;0;0;20;1;3;0;0;0;0;1;5;2;4;0;0;0;0;0;0;0;0;0;0;0;0;0;0;0;0
03.11.2024;04:40;A 36;1;0;0;0;0;0;0;0;0;0;0;0;0;0;0;0;0;0;0;0;0;0;0;0;0;0;0;0;0;0;0;0;0;1;18;1;23;0;0;0;0;3;13;1;9;0;0;0;0;0;0;0;0;0;9;0;0;0;0;0;0;0;0
03.11.2024;04:39;A 36;1;0;0;0;0;1;16;0;0;0;0;1;8;0;0;0;0;1;25;0;0;0;0;0;0;1;7;0;0;0;0;0;0;0;0;0;0;0;0;0;0;0;0;0;0;0;0;0;0;0;0;0;0;1;56;0;0;0;0;1;0;1;2
03.11.2024;04:38;A 36;1;0;0;0;0;0;0;0;0;0;0;0;0;0;0;0;0;0;0;0;0;0;0;0;0;0;0;0;0;0;0;0;0;1;17;0;0;1;20;0;0;2;8;0;0;1;7;0;0;0;0;0;0;0;0;0;0;0;0;0;0;0;0
03.11.2024;04:37;A 36;1;0;0;0;0;0;0;0;0;0;0;0;0;0;0;0;0;0;0;0;0;0;0;0;0;0;0;0;0;0;0;0;0;0;0;0;0;0;0;0;0;0;0;0;0;0;0;0;0;1;1;0;0;0;0;1;3;1;5;0;0;0;0
03.11.2024;04:36;A 36;1;0;0;0;0;0;14;0;0;0;0;0;0;0;0;0;0;0;0;0;0;0;0;0;0;0;0;0;0;0;0;0;0;0;0;0;0;0;0;0;0;0;0;0;0;0;0;0;0;1;1;0;0;0;0;0;0;1;6;0;0;0;0
03.11.2024;04:35;A 36;1;0;0;1;9;1;8;0;0;1;7;1;9;0;0;0;0;0;0;0;0;0;0;0;0;0;0;0;0;0;0;0;0;0;0;0;0;0;0;0;0;0;0;0;0;0;0;0;0;1;1;0;0;1;46;0;0;1;5;0;0;1;4
03.11.2024;04:34;A 36;1;0;0;0;22;0;0;0;0;0;0;0;0;0;0;0;0;0;0;0;0;0;0;0;0;0;0;0;0;0;0;0;0;0;0;0;0;0;0;0;0;0;0;0;0;0;0;0;0;0;0;0;0;0;0;1;3;0;0;0;0;0;0
03.11.2024;04:33;A 36;1;0;0;1;5;0;0;0;0;1;9;0;0;0;0;0;0;0;0;0;0;1;29;0;0;0;0;0;0;1;3;0;0;0;0;0;0;1;24;0;0;0;0;0;0;2;3;0;0;0;0;0;0;0;0;0;0;0;0;0;0;0;0
03.11.2024;04:32;A 36;1;0;0;0;0;0;0;0;0;0;0;0;0;0;0;0;0;0;0;0;0;0;0;0;0;0;0;0;0;0;0;0;0;0;0;0;0;0;0;0;0;0;0;0;0;0;0;0;0;0;0;0;0;0;0;0;0;0;0;0;0;0;0
03.11.2024;04:31;A 36;1;0;0;0;0;0;0;0;0;0;0;0;0;0;0;0;0;1;1;0;0;0;0;0;0;1;3;0;0;0;0;0;0;0;0;0;0;0;0;0;0;0;0;0;0;0;0;0;0;0;0;1;1;0;0;0;0;0;0;1;4;0;0
03.11.2024;04:30;A 36;1;0;0;0;0;0;0;0;4;0;0;0;0;0;0;0;0;0;0;0;0;0;0;0;0;0;0;0;0;0;0;0;0;1;18;0;0;0;0;0;0;1;10;0;0;0;0;0;0;0;0;0;0;0;0;0;0;0;0;0;0;0;0
03.11.2024;04:29;A 36;1;0;0;1;15;1;1;1;31;4;14;1;8;1;3;0;0;0;0;0;0;0;0;0;0;0;0;0;0;0;0;0;0;0;0;0;0;0;0;0;0;0;0;0;0;0;0;0;0;2;1;2;2;0;0;0;0;1;3;3;4;0;0
03.11.2024;04:28;A 36;1;0;0;0;0;0;0;0;0;0;0;0;0;0;0;0;0;1;1;1;1;0;0;0;0;1;9;0;0;0;0;0;0;0;0;0;0;0;14;0;0;0;0;0;0;0;0;0;0;0;0;1;9;0;0;0;0;0;0;1;6;0;0
03.11.2024;04:27;A 36;1;0;0;0;0;0;0;0;0;0;0;0;0;0;0;0;0;0;0;0;0;0;0;0;0;0;0;0;0;0;0;0;0;0;0;0;0;1;48;0;0;0;0;1;3;2;4;0;0;0;0;0;0;0;0;0;0;0;0;0;0;0;0
03.11.2024;04:26;A 36;1;0;0;1;3;0;0;0;0;2;7;0;0;0;0;1;2;0;0;0;0;0;0;1;5;0;0;0;0;0;0;0;0;0;0;0;0;3;36;0;0;0;0;1;2;5;20;0;0;0;0;0;0;0;0;0;0;0;0;0;0;0;0
03.11.2024;04:25;A 36;1;0;0;0;0;0;0;0;0;0;0;0;0;0;0;0;0;1;1;0;0;0;0;0;0;1;5;0;0;0;0;0;0;0;0;0;0;1;24;0;0;0;0;0;0;2;5;0;0;0;0;0;0;0;0;0;0;0;0;0;0;0;0
03.11.2024;04:24;A 36;1;0;0;0;0;0;0;0;0;0;0;0;0;0;0;0;0;0;0;0;0;0;0;0;0;0;0;0;0;0;0;0;0;0;0;0;0;0;0;0;0;0;0;0;0;0;0;0;0;0;0;0;0;0;0;0;0;0;0;0;0;0;0
03.11.2024;04:23;A 36;1;0;0;0;0;0;0;0;0;0;0;0;0;0;0;0;0;2;2;0;0;0;0;0;0;2;7;0;0;0;0;0;0;0;0;0;0;0;0;0;0;0;0;0;0;0;0;0;0;0;0;0;0;0;0;0;0;0;0;0;0;0;0
03.11.2024;04:22;A 36;1;0;0;0;0;0;0;0;0;0;0;0;0;0;0;0;0;1;1;0;0;1;12;0;0;1;4;0;0;2;4;0;0;0;0;0;0;0;0;0;0;0;0;0;0;0;0;0;0;2;9;0;0;0;0;1;3;2;17;0;0;0;0
03.11.2024;04:21;A 36;1;0;0;0;0;0;0;0;0;0;0;0;0;0;0;0;0;2;4;1;1;0;0;0;0;2;11;1;3;0;0;0;0;0;0;0;0;0;0;0;0;0;0;0;0;0;0;0;0;0;0;0;0;0;2;0;0;0;0;0;0;0;0
03.11.2024;04:20;A 36;1;0;0;0;0;0;0;0;0;0;0;0;0;0;0;0;0;0;0;1;15;0;0;0;0;0;0;1;5;0;0;0;0;0;0;0;0;0;0;0;0;0;0;0;0;0;0;0;0;1;1;1;1;2;25;0;0;1;5;1;3;2;4
03.11.2024;04:19;A 36;1;0;0;0;0;0;0;0;0;0;0;0;0;0;0;0;0;0;7;0;0;0;0;0;0;1;6;0;0;0;0;1;21;0;0;0;0;0;0;1;4;0;0;0;0;0;0;0;0;0;0;0;0;0;0;0;0;0;0;0;0;0;0
03.11.2024;04:18;A 36;1;0;0;1;18;0;0;0;0;2;11;0;0;0;0;0;0;1;0;0;0;0;0;0;0;1;14;0;0;0;0;0;0;0;0;0;0;0;0;0;0;0;0;0;0;0;0;0;0;0;0;0;0;0;0;0;0;0;0;0;0;0;0
03.11.2024;04:17;A 36;1;0;0;0;0;0;0;0;0;0;0;0;0;0;0;0;0;1;1;0;0;0;0;0;0;1;2;0;0;0;0;0;0;0;0;0;0;0;0;0;0;0;0;0;0;0;0;0;0;1;1;0;0;1;11;0;0;0;0;0;0;1;4
03.11.2024;04:16;A 36;1;0;0;0;0;0;0;0;0;0;0;0;0;0;0;0;0;0;0;0;0;0;0;0;0;0;0;0;0;0;0;0;0;0;0;0;0;0;0;0;0;0;0;0;0;0;0;0;0;1;1;0;0;1;10;0;0;1;5;0;0;1;3
03.11.2024;04:15;A 36;1;0;0;0;0;0;0;0;0;0;0;0;0;0;0;0;0;0;0;0;0;0;0;0;0;0;0;0;0;0;0;0;0;0;0;0;0;0;0;0;0;0;0;0;0;0;0;0;0;0;0;0;0;0;0;0;0;0;0;0;0;0;0
03.11.2024;04:14;A 36;1;0;0;0;0;0;0;0;0;0;0;0;0;0;0;0;0;1;1;0;0;1;25;0;0;1;5;0;0;1;9;1;14;0;0;0;0;0;0;1;7;0;0;0;0;0;0;0;0;0;0;0;0;0;0;0;0;0;0;0;0;0;0
03.11.2024;04:13;A 36;1;0;0;2;19;0;0;0;0;2;11;0;0;0;0;0;0;0;0;0;0;0;0;0;0;0;0;0;0;0;0;0;0;0;0;0;0;0;0;0;0;0;0;0;0;0;0;0;0;0;25;0;0;0;0;0;0;0;0;0;0;0;0
03.11.2024;04:12;A 36;1;1;17;1;11;0;0;0;0;1;6;0;0;0;0;0;0;1;1;0;0;0;0;0;0;1;4;0;0;0;0;0;0;0;0;0;0;0;0;0;0;0;0;0;0;0;0;0;0;2;5;0;0;0;0;0;0;1;11;0;0;0;0
03.11.2024;04:11;A 36;1;0;0;0;12;0;0;0;0;0;0;0;0;0;0;0;0;0;0;0;0;0;0;0;0;0;0;0;0;0;0;0;0;0;0;1;48;0;0;0;0;0;0;1;5;0;0;0;0;0;0;0;0;0;0;0;0;1;5;0;0;0;0
03.11.2024;04:10;A 36;1;0;0;1;34;0;0;0;0;1;9;0;0;0;0;0;0;0;0;0;0;0;0;0;0;0;0;0;0;0;0;0;0;0;0;1;10;1;35;0;0;0;0;2;13;1;7;0;0;1;7;0;0;0;0;0;0;1;9;0;0;0;0
03.11.2024;04:09;A 36;1;0;0;0;0;0;0;0;0;0;0;0;0;0;0;0;0;0;0;0;0;0;0;0;0;0;0;0;0;0;0;0;0;0;0;0;0;0;0;0;0;0;0;0;0;0;0;0;0;0;0;0;0;1;20;0;0;0;0;0;0;1;3
03.11.2024;04:08;A 36;1;0;0;1;5;0;17;0;0;2;6;1;16;0;0;0;0;0;0;0;0;0;0;0;0;0;0;0;0;0;0;0;0;2;2;1;1;1;32;0;0;1;4;1;2;1;2;0;0;0;0;0;0;0;0;0;0;0;0;0;0;0;0
03.11.2024;04:07;A 36;1;0;0;0;0;1;8;0;0;0;0;1;17;0;0;0;0;0;0;0;0;0;0;0;0;0;0;0;0;0;0;0;0;0;0;0;0;0;0;0;0;0;0;1;3;1;5;0;0;2;2;3;2;0;0;0;0;2;8;3;15;0;0
03.11.2024;04:06;A 36;1;0;0;1;22;0;0;0;0;1;9;0;0;0;0;0;0;0;5;0;8;0;0;0;0;0;0;0;0;0;0;0;0;0;0;0;0;0;0;0;0;0;0;0;0;0;0;0;0;1;2;0;0;0;0;0;0;2;7;0;0;0;0
03.11.2024;04:05;A 36;1;0;0;0;0;2;20;0;0;0;0;1;33;0;0;0;0;1;6;1;14;0;0;0;0;1;11;1;6;0;0;0;0;0;0;0;0;0;0;0;0;0;0;0;0;0;0;0;0;0;0;0;0;0;0;0;0;0;0;0;0;0;0
03.11.2024;04:04;A 36;1;0;0;0;0;0;0;0;0;0;0;0;0;0;0;0;0;0;0;0;0;0;0;0;0;0;0;0;0;0;0;0;0;0;0;0;0;0;0;0;0;0;0;0;0;0;0;0;0;0;0;0;0;0;0;0;0;0;0;0;0;0;0
03.11.2024;04:03;A 36;1;0;0;1;1;0;0;0;0;2;4;0;0;0;0;0;0;0;0;0;0;0;0;0;0;0;0;0;0;0;0;0;0;1;17;0;0;0;0;0;0;1;11;0;0;0;0;0;0;1;1;0;0;0;0;0;0;1;6;0;0;0;0
03.11.2024;04:02;A 36;1;0;0;0;0;0;0;0;0;0;0;0;0;0;0;0;0;0;0;0;0;0;0;0;0;0;0;0;0;0;0;0;0;0;0;0;17;0;0;0;0;0;0;0;0;0;0;0;0;1;3;0;0;0;0;1;2;2;12;0;0;0;0
03.11.2024;04:01;A 36;1;0;0;1;42;0;0;0;0;1;5;0;0;0;0;0;0;1;1;1;1;0;0;0;0;1;5;1;3;0;0;1;8;0;0;1;8;0;0;1;6;0;0;1;6;0;0;0;0;0;0;0;0;0;0;0;0;0;0;0;0;0;0
03.11.2024;04:00;A 36;1;0;0;0;0;0;0;0;0;1;2;0;0;0;0;0;0;1;1;0;0;1;11;0;0;1;4;0;0;2;4;0;0;0;0;0;0;1;21;0;0;0;0;1;2;1;4;0;0;1;1;0;0;0;0;0;0;1;2;0;0;0;0
03.11.2024;03:59;A 36;1;0;0;0;0;1;2;0;0;0;0;1;11;0;0;0;0;1;1;0;0;0;0;0;0;2;4;0;0;0;0;0;0;0;0;0;0;1;43;0;0;0;0;0;0;1;10;0;0;0;0;0;0;0;0;0;0;0;0;0;0;0;0
03.11.2024;03:58;A 36;1;0;0;0;0;0;32;0;0;0;0;0;0;0;0;0;0;0;0;0;0;0;0;0;0;0;0;0;0;0;0;0;0;0;0;0;0;0;0;0;0;0;0;1;2;1;1;0;0;0;0;0;0;0;0;0;0;1;3;1;2;0;0
03.11.2024;03:57;A 36;1;0;0;1;38;1;11;0;0;1;9;2;10;0;0;0;0;0;0;0;0;0;0;0;0;0;0;0;0;0;0;0;41;0;0;0;0;0;0;0;0;0;0;0;0;0;0;0;0;0;0;0;0;0;13;1;4;0;0;0;0;0;0
03.11.2024;03:56;A 36;1;0;0;0;0;0;0;1;42;0;0;0;0;1;5;0;0;1;2;0;0;0;0;0;0;2;41;0;0;0;0;1;10;0;0;0;0;0;29;1;10;0;0;0;0;0;0;0;0;1;0;0;0;1;47;0;0;0;0;0;0;1;2
03.11.2024;03:55;A 36;1;0;0;0;0;0;0;0;0;0;0;0;0;0;0;0;0;0;0;0;0;0;0;0;0;0;0;0;0;0;0;0;0;0;0;0;0;1;6;0;0;0;0;1;5;1;5;0;0;0;0;0;0;0;0;0;0;0;0;0;0;0;0
03.11.2024;03:54;A 36;1;0;0;1;17;0;0;0;0;1;8;0;0;0;0;0;0;0;0;1;2;0;0;0;0;0;0;1;6;0;0;0;0;0;0;0;0;0;0;0;0;0;0;0;0;0;0;0;0;0;0;0;0;0;11;0;0;0;0;0;0;0;0
03.11.2024;03:53;A 36;1;0;0;0;0;0;0;0;0;0;0;0;0;0;0;1;9;0;0;0;0;0;0;1;5;0;0;0;0;0;0;0;0;1;30;0;0;0;0;0;0;1;6;0;0;0;0;0;0;1;1;0;0;1;39;3;10;2;9;0;0;1;2
03.11.2024;03:52;A 36;1;0;0;0;0;0;0;0;0;0;0;0;0;0;0;0;0;0;0;0;0;0;0;0;0;0;0;0;0;0;0;0;0;1;16;0;0;0;0;0;0;1;9;0;0;0;0;0;0;0;0;0;0;0;0;0;0;0;0;0;0;0;0
03.11.2024;03:51;A 36;1;0;0;0;0;0;0;0;0;0;0;0;0;0;0;1;1;0;0;0;0;0;0;1;5;0;0;0;0;0;0;0;0;0;0;0;0;0;0;0;0;0;0;0;0;0;0;0;0;1;2;1;1;0;0;0;0;1;9;1;5;0;0
03.11.2024;03:50;A 36;1;1;1;1;1;0;0;0;0;1;5;0;0;0;0;0;0;0;0;0;0;0;0;0;0;0;0;0;0;0;0;1;22;0;0;0;0;0;0;2;26;0;0;0;0;0;0;0;0;0;0;0;0;0;0;0;0;0;0;0;0;0;0
03.11.2024;03:49;A 36;1;0;0;0;0;0;0;0;0;0;0;0;0;0;0;0;0;0;0;0;0;0;0;0;0;0;0;0;0;0;0;1;19;0;7;0;0;0;0;1;6;0;0;0;0;0;0;0;0;0;0;0;0;0;0;1;4;0;0;0;0;0;0
03.11.2024;03:48;A 36;1;0;0;0;0;0;0;0;0;0;0;0;0;0;0;0;0;1;1;0;0;0;12;0;0;1;5;0;0;0;0;0;0;1;4;0;0;0;0;0;0;1;12;0;0;0;0;0;0;1;1;0;0;0;0;0;0;1;5;0;0;0;0
03.11.2024;03:47;A 36;1;0;0;0;0;0;0;0;0;0;0;0;0;0;0;0;0;1;1;1;1;2;55;0;0;0;0;3;6;3;6;0;0;0;0;0;0;0;0;0;0;0;0;0;0;0;0;0;0;0;0;1;1;0;0;0;0;0;0;2;3;0;0
03.11.2024;03:46;A 36;1;0;0;1;17;0;0;0;0;1;13;0;0;0;0;0;0;1;1;0;0;0;0;0;0;1;2;0;0;0;0;0;0;0;0;0;0;0;0;0;0;0;0;0;0;0;0;0;0;0;0;0;0;0;0;0;0;0;0;0;0;0;0
03.11.2024;03:45;A 36;1;0;0;0;0;0;0;0;0;0;0;0;0;0;0;0;0;0;0;0;0;1;12;0;0;0;0;0;0;2;3;0;0;0;0;0;0;0;0;0;0;0;0;0;0;0;0;0;0;0;0;0;0;1;11;1;3;1;2;0;0;1;6
03.11.2024;03:44;A 36;1;0;0;1;45;1;1;0;0;2;8;1;4;0;0;0;0;1;3;0;0;0;0;0;0;1;6;0;0;0;0;0;0;0;0;0;0;0;0;0;0;0;0;0;0;0;0;0;0;0;0;0;0;0;0;0;0;0;0;0;0;0;0
03.11.2024;03:43;A 36;1;0;0;1;3;0;0;0;0;3;13;0;0;0;0;0;0;0;0;0;0;0;0;0;0;0;0;0;0;0;0;0;0;0;0;0;0;0;0;0;0;0;0;0;0;0;0;0;0;1;1;0;0;0;0;0;0;2;6;0;0;0;0
03.11.2024;03:42;A 36;1;0;0;0;0;0;0;0;0;0;0;0;0;0;0;0;0;1;1;1;1;0;0;0;0;1;2;1;3;0;0;0;2;1;21;0;0;0;0;0;0;2;33;1;7;0;0;0;0;0;0;0;0;0;0;0;0;0;0;0;0;0;0
03.11.2024;03:41;A 36;1;0;0;0;0;0;0;0;0;0;0;0;0;0;0;0;0;0;0;0;0;0;0;0;0;0;0;0;0;0;0;1;17;0;0;0;0;0;0;1;3;1;11;0;0;0;0;0;0;0;16;0;0;0;0;0;0;0;0;0;0;0;0
03.11.2024;03:40;A 36;1;0;0;1;15;1;1;0;0;1;7;1;8;0;0;0;0;0;0;0;0;0;0;0;0;0;0;0;0;0;0;1;18;0;0;0;0;1;23;1;5;1;3;0;0;2;4;0;0;2;14;0;0;0;0;0;0;2;16;0;0;0;0
03.11.2024;03:39;A 36;1;0;0;0;0;0;0;0;0;0;0;0;0;0;0;0;0;0;0;0;0;0;0;0;0;0;0;0;0;0;0;1;18;0;0;0;0;0;0;1;4;0;2;0;0;0;0;0;0;1;15;0;0;0;0;1;9;2;14;0;0;0;0
03.11.2024;03:38;A 36;1;0;0;0;0;0;0;0;0;0;0;0;0;0;0;0;0;0;0;0;0;0;0;0;0;0;0;0;0;0;0;0;0;0;0;0;0;0;0;0;0;1;1;0;0;0;0;0;0;0;0;0;0;0;0;0;0;0;0;0;0;0;0
03.11.2024;03:37;A 36;1;0;0;0;0;0;0;0;0;0;0;0;0;0;0;0;0;0;0;0;0;0;0;0;0;0;0;0;0;0;0;0;0;0;0;0;0;1;48;0;0;0;0;0;0;2;9;0;0;0;0;0;0;0;0;0;0;0;0;0;0;0;0
03.11.2024;03:36;A 36;1;0;0;0;0;1;3;1;0;0;0;1;4;0;0;1;2;1;1;2;1;0;0;0;4;1;5;1;4;0;0;0;0;1;9;1;7;0;0;0;0;1;12;2;25;1;1;0;0;0;1;0;0;0;0;0;0;0;0;0;0;0;0
03.11.2024;03:35;A 36;1;0;0;0;0;0;0;0;0;0;0;0;0;0;0;0;0;0;0;0;0;0;0;1;11;1;2;0;0;0;0;0;0;0;0;1;31;0;0;0;0;0;0;1;8;0;0;0;0;1;28;0;0;0;0;0;0;1;9;0;0;0;0
03.11.2024;03:34;A 36;1;0;0;0;0;0;0;0;0;0;0;0;0;0;0;0;0;0;0;0;0;0;0;0;0;0;0;0;0;0;0;0;0;0;0;1;9;0;0;0;0;0;0;1;5;0;0;0;0;1;1;0;0;0;0;0;0;1;9;0;0;0;0
03.11.2024;03:33;A 36;1;0;0;0;0;0;0;0;0;0;0;0;0;0;0;0;0;0;0;1;56;0;0;0;0;0;0;1;5;0;0;0;0;0;0;0;0;3;45;0;0;0;0;0;0;0;50;0;0;0;0;2;25;1;82;0;0;0;0;2;21;1;2
03.11.2024;03:32;A 36;1;0;0;0;0;0;0;0;0;0;0;0;0;0;0;0;0;1;1;0;0;0;0;0;0;1;7;0;0;0;0;0;0;0;0;1;13;1;22;0;0;0;0;3;13;3;7;0;0;0;0;0;0;0;0;0;0;0;0;0;0;0;0
03.11.2024;03:31;A 36;1;0;0;0;25;0;0;0;0;0;0;0;0;0;0;0;0;0;0;0;0;0;0;0;0;0;0;0;0;0;0;0;0;0;0;0;0;0;0;0;0;0;0;0;0;0;0;0;0;0;0;0;0;1;23;0;0;0;0;0;0;1;2
03.11.2024;03:30;A 36;1;0;0;1;9;0;0;0;0;2;8;0;0;0;0;0;0;1;1;2;2;0;0;0;0;2;5;2;9;0;0;0;0;0;0;0;0;1;22;0;0;0;0;0;0;2;3;0;0;0;0;0;0;0;0;0;0;0;0;0;0;0;0
03.11.2024;03:29;A 36;1;0;0;0;0;0;0;2;44;0;0;0;0;3;48;0;0;0;0;0;0;0;0;0;0;0;0;0;0;0;0;1;10;1;58;0;0;1;29;1;11;1;1;0;0;2;2;0;0;0;8;0;0;1;15;0;0;1;9;1;2;1;1
03.11.2024;03:28;A 36;1;0;0;1;16;0;0;0;0;2;6;0;0;0;0;0;0;0;0;0;0;0;0;0;0;0;0;0;0;0;0;0;0;0;0;0;0;0;0;0;0;1;11;0;0;0;0;0;0;1;23;1;1;0;2;0;0;2;9;1;3;0;0
03.11.2024;03:27;A 36;1;0;0;0;0;0;0;0;0;0;0;0;0;0;0;0;0;0;0;0;0;0;0;0;0;0;0;0;0;0;0;0;0;0;0;1;12;0;0;0;0;0;0;1;13;0;0;0;0;0;0;0;0;1;22;0;0;0;0;0;0;1;6
03.11.2024;03:26;A 36;1;0;0;0;0;0;0;0;0;0;0;0;0;0;0;0;0;0;0;0;0;0;0;0;0;0;0;0;0;0;0;0;0;0;0;0;0;1;20;0;0;0;0;0;0;1;6;0;0;1;19;0;0;0;0;1;3;2;13;0;0;0;0
03.11.2024;03:25;A 36;1;0;0;0;0;0;0;0;0;0;0;0;0;0;0;0;0;0;0;0;0;0;0;0;0;0;0;0;0;0;0;0;0;0;0;0;0;0;0;0;0;0;0;0;0;0;0;0;0;1;1;0;0;1;14;0;0;1;4;0;0;1;3
03.11.2024;03:24;A 36;1;0;0;0;0;0;0;0;0;0;0;0;0;0;0;0;0;1;1;0;0;0;0;0;0;1;5;0;0;0;0;0;0;0;0;0;0;0;0;0;0;0;0;0;0;0;0;0;0;0;0;0;0;0;0;0;0;0;0;0;0;0;0
03.11.2024;03:23;A 36;1;0;0;1;17;0;0;0;0;2;7;0;0;0;0;0;0;0;0;0;0;0;0;0;0;0;0;0;0;0;0;0;0;0;0;1;1;0;0;0;0;0;0;1;5;0;0;0;0;0;0;0;0;0;0;0;0;0;0;0;0;0;0
03.11.2024;03:22;A 36;1;0;0;0;0;0;0;0;0;0;0;0;0;0;0;0;0;0;0;0;0;1;24;0;0;0;0;0;0;2;3;0;0;1;1;0;0;1;17;0;0;1;2;0;0;0;4;0;0;1;15;1;1;0;0;0;0;1;9;1;3;0;0
03.11.2024;03:21;A 36;1;0;0;0;2;0;0;0;0;0;0;0;0;0;0;0;0;0;0;0;0;0;0;0;0;0;0;0;0;0;0;0;0;0;0;0;0;0;0;0;0;0;0;0;0;1;2;0;0;0;0;0;0;0;0;1;3;1;3;0;0;0;0
03.11.2024;03:20;A 36;1;0;0;1;2;0;0;0;0;1;12;0;0;0;0;0;0;0;0;0;0;1;17;0;0;0;0;0;0;1;3;0;0;0;0;1;17;0;0;0;0;0;0;1;11;0;0;0;0;0;0;0;0;0;0;0;0;0;0;0;0;0;0
03.11.2024;03:19;A 36;1;0;0;0;0;0;0;0;0;0;0;0;0;0;0;0;0;0;0;0;0;0;0;0;0;0;0;0;0;0;0;3;14;1;1;2;28;0;0;0;2;1;8;1;7;0;0;0;0;0;0;0;0;0;0;0;0;0;0;0;0;0;0
03.11.2024;03:18;A 36;1;0;0;1;20;0;0;0;0;1;7;0;0;0;0;0;0;0;0;0;0;1;3;0;0;0;0;0;0;0;1;0;0;0;0;0;0;0;0;1;4;1;2;0;0;0;0;0;0;0;7;1;9;0;0;0;0;0;0;1;8;0;0
03.11.2024;03:17;A 36;1;0;0;2;56;0;0;0;0;4;14;0;0;0;0;0;0;0;0;1;26;0;0;0;0;1;3;3;8;2;5;0;0;1;23;0;0;0;0;0;0;1;8;0;0;0;0;0;0;1;19;0;0;0;0;1;4;2;13;0;0;0;0
03.11.2024;03:16;A 36;1;0;0;0;0;0;0;0;0;1;7;0;0;0;0;0;0;0;0;0;0;0;0;0;0;0;0;0;0;0;0;0;0;0;4;0;0;0;0;0;0;0;0;0;0;0;0;0;0;0;0;0;0;1;17;0;0;0;0;0;0;1;4
03.11.2024;03:15;A 36;1;0;0;1;16;0;0;0;0;2;6;0;0;0;0;0;0;1;14;1;14;0;0;0;0;1;9;1;4;0;0;0;0;1;24;0;0;0;0;0;0;2;6;0;0;0;0;0;0;1;0;0;0;0;0;0;0;2;2;0;0;0;0
03.11.2024;03:14;A 36;1;0;0;0;0;0;0;0;0;0;0;0;0;0;0;0;0;0;0;0;0;0;0;0;0;0;0;0;0;0;0;0;0;0;0;0;0;0;0;0;0;0;0;0;0;0;0;0;0;1;14;0;0;1;13;0;0;2;5;0;0;1;2
03.11.2024;03:13;A 36;1;0;0;1;21;1;10;0;0;2;5;1;9;0;0;0;0;0;0;1;1;0;0;0;0;1;2;1;3;0;0;0;0;0;0;0;0;0;0;0;0;0;0;0;0;0;0;0;0;1;13;0;0;0;0;0;0;1;8;0;0;0;0
03.11.2024;03:12;A 36;1;0;0;1;24;0;0;0;0;1;7;0;0;0;0;0;0;0;0;0;0;0;0;0;0;0;0;0;0;0;0;0;50;0;0;0;0;0;0;0;0;0;0;0;0;0;0;0;0;0;0;0;0;0;0;0;0;0;0;0;0;0;0
03.11.2024;03:11;A 36;1;0;0;0;0;0;0;1;35;0;0;0;0;1;7;0;0;0;0;0;0;0;0;0;0;0;0;0;0;0;0;1;11;0;0;0;0;0;0;1;6;0;0;0;0;0;0;0;0;0;0;0;0;0;0;0;0;0;0;0;0;0;0
03.11.2024;03:10;A 36;1;0;0;0;0;0;0;0;0;0;0;0;0;0;0;0;0;1;1;1;1;0;0;0;0;2;6;1;3;0;0;0;0;0;0;0;0;0;0;0;0;0;0;0;0;0;0;0;0;0;0;0;0;0;0;0;0;0;0;0;0;0;0
03.11.2024;03:09;A 36;1;0;0;1;18;0;0;0;0;0;0;0;0;0;0;0;0;2;49;0;0;1;76;0;0;3;18;0;0;2;2;0;0;0;0;0;0;1;34;0;0;0;0;0;0;2;3;0;0;0;0;0;0;0;0;0;0;0;0;0;0;0;0
03.11.2024;03:08;A 36;1;0;0;0;0;0;0;0;0;1;7;0;0;0;0;0;0;0;0;0;0;0;0;0;0;0;0;0;0;0;0;0;0;0;0;0;0;0;0;0;0;0;0;1;3;0;0;0;0;2;25;0;0;0;0;1;2;1;10;0;0;0;0
03.11.2024;03:07;A 36;1;0;0;0;0;0;0;0;0;1;48;0;0;0;0;0;0;0;0;1;28;0;0;0;0;1;2;1;10;0;0;0;0;0;0;0;0;0;0;0;0;0;0;0;0;0;0;0;0;0;0;0;0;0;0;0;0;1;11;0;0;0;0
03.11.2024;03:06;A 36;1;0;0;0;0;0;0;0;0;0;0;0;0;0;0;0;0;0;0;0;0;0;0;0;0;0;0;0;0;0;0;0;0;0;0;0;0;1;57;0;0;0;0;0;0;1;5;0;0;0;0;0;0;1;43;0;0;0;0;0;0;1;3
03.11.2024;03:05;A 36;1;0;0;1;27;1;10;0;0;2;12;1;10;0;0;0;0;0;0;0;0;0;0;0;0;0;0;0;0;0;0;0;0;0;0;1;1;3;43;0;0;0;0;4;11;2;45;0;0;1;1;0;0;2;29;0;0;1;2;0;0;1;30
03.11.2024;03:04;A 36;1;0;0;2;43;0;0;0;0;3;17;0;0;0;0;0;0;0;0;0;0;0;53;0;0;0;0;0;0;0;0;0;0;0;0;1;1;0;0;0;0;0;0;0;3;0;0;0;0;1;31;0;0;0;0;0;0;0;32;0;0;0;0
03.11.2024;03:03;A 36;1;1;1;1;36;0;0;0;0;3;7;0;0;0;0;0;0;0;0;0;0;1;74;0;0;0;0;0;0;2;3;0;0;1;19;0;0;0;0;0;0;1;6;1;2;0;0;0;0;1;26;1;4;0;0;0;0;3;25;0;6;0;0
03.11.2024;03:02;A 36;1;0;0;1;19;0;0;0;0;1;8;0;0;0;0;0;0;0;0;0;0;1;11;0;0;0;0;1;1;1;6;0;0;1;24;0;0;0;0;0;0;2;12;0;0;0;0;0;0;0;0;0;0;0;0;0;0;0;0;1;1;0;0
03.11.2024;03:01;A 36;1;0;0;0;0;0;0;0;0;1;2;0;0;0;0;0;0;1;2;1;23;1;30;0;0;1;33;1;8;1;34;0;0;0;0;1;0;1;41;0;0;0;0;0;0;1;5;0;0;1;29;0;0;0;0;0;0;0;3;0;0;0;0
03.11.2024;03:00;A 36;1;0;0;0;0;0;0;0;0;0;0;0;0;0;0;0;0;0;0;0;0;0;0;0;0;0;0;0;0;0;0;0;0;1;37;0;0;2;42;0;0;0;0;1;3;1;6;0;0;1;1;1;1;0;8;1;2;2;10;1;4;0;0
03.11.2024;02:59;A 36;1;0;0;0;0;0;0;0;0;0;0;0;0;0;0;0;0;1;1;0;0;0;0;0;0;2;4;0;0;0;0;1;18;2;3;0;0;0;0;2;14;2;17;0;0;0;0;0;0;2;40;0;0;1;5;0;0;2;9;0;0;1;2
03.11.2024;02:58;A 36;1;0;0;1;3;0;0;0;0;2;4;0;0;0;0;0;0;0;0;1;6;0;0;0;0;0;0;1;8;0;0;0;0;0;0;0;0;0;0;0;0;0;0;0;0;0;0;0;0;1;5;2;24;0;0;0;0;1;9;1;6;0;0
03.11.2024;02:57;A 36;1;0;0;1;40;1;18;0;0;2;35;2;11;0;0;0;0;2;7;1;0;0;0;0;0;2;10;1;2;0;0;0;0;0;0;0;0;0;0;0;0;0;0;0;0;0;0;0;0;1;1;0;0;0;0;0;0;1;5;1;7;0;0
03.11.2024;02:56;A 36;1;0;0;0;0;1;1;1;0;0;0;1;7;0;0;0;0;1;4;0;0;0;0;0;0;1;10;0;0;0;0;0;0;1;13;1;1;0;0;0;0;1;13;1;4;0;0;0;0;0;0;0;0;0;0;0;0;0;0;0;0;0;0
03.11.2024;02:55;A 36;1;0;0;0;0;0;0;0;0;0;0;0;0;0;0;0;0;0;0;0;0;0;0;0;0;0;0;0;0;0;0;0;0;0;0;0;0;0;0;0;0;1;2;0;0;0;0;0;0;2;1;1;0;0;0;0;0;1;5;1;1;0;0
03.11.2024;02:54;A 36;1;0;0;0;0;0;0;0;0;0;0;0;0;0;0;0;0;1;4;0;0;0;0;0;0;1;6;0;0;0;0;0;0;0;0;0;0;0;0;0;0;0;0;0;0;0;0;0;0;0;0;0;0;1;14;1;9;1;6;0;0;1;2
03.11.2024;02:53;A 36;1;0;0;0;0;0;0;0;0;0;0;0;0;0;0;0;0;0;0;0;0;0;0;0;0;0;0;0;0;0;0;0;0;0;0;0;0;0;0;0;0;0;0;0;0;0;0;0;0;1;1;0;0;0;15;0;0;1;5;0;0;0;0
03.11.2024;02:52;A 36;1;0;0;1;16;0;0;0;0;2;12;0;0;0;0;0;0;0;0;1;1;1;1;0;0;0;0;1;3;0;0;0;0;0;0;1;39;0;0;0;0;0;0;1;4;1;3;0;0;0;0;0;0;1;43;1;4;0;0;0;0;1;5
03.11.2024;02:51;A 36;1;0;0;0;0;0;0;0;15;0;0;0;0;1;13;0;0;2;34;1;30;0;0;0;0;2;13;1;6;0;0;0;0;1;1;0;0;1;5;0;0;1;6;0;0;0;0;0;0;0;0;0;0;0;0;0;0;0;0;0;0;0;0
03.11.2024;02:50;A 36;1;0;0;0;0;0;0;1;12;0;0;0;0;3;17;0;0;1;16;0;6;0;0;0;0;0;0;0;0;0;0;0;0;1;17;0;0;0;0;0;0;1;11;0;0;0;0;0;0;1;1;1;1;0;0;0;0;2;9;1;3;0;0
03.11.2024;02:49;A 36;1;0;0;0;0;0;0;0;0;0;0;0;0;0;0;0;0;0;0;1;18;1;59;0;0;0;0;1;7;0;0;0;0;1;13;1;1;1;64;0;0;1;11;2;11;2;2;0;0;0;0;0;0;0;65;0;0;0;0;0;0;0;4
03.11.2024;02:48;A 36;1;0;0;1;1;0;0;0;0;1;8;0;0;0;0;0;0;0;0;0;0;0;0;0;0;0;0;1;1;1;4;0;0;0;0;0;0;1;25;0;0;0;0;1;4;1;7;0;0;2;47;0;0;1;6;1;3;1;11;1;6;1;9
03.11.2024;02:47;A 36;1;0;0;2;24;2;29;0;0;4;14;2;26;0;0;1;0;2;2;0;0;0;0;1;1;3;5;0;0;0;0;0;0;0;0;1;1;0;0;0;0;0;0;1;5;0;0;0;0;3;33;1;2;0;0;1;3;4;33;1;8;0;0
03.11.2024;02:46;A 36;1;0;0;2;32;0;0;0;0;4;18;0;0;0;0;0;0;0;0;0;0;0;0;0;0;0;0;0;0;0;0;0;0;0;0;0;0;0;0;0;0;0;0;0;0;0;0;0;0;2;24;0;0;0;0;0;0;2;13;0;0;0;0
03.11.2024;02:45;A 36;1;0;0;0;0;0;0;0;0;0;0;0;0;0;0;0;0;1;3;0;0;0;0;0;0;1;10;0;0;0;0;0;0;1;12;0;0;0;7;0;0;1;11;0;0;0;0;0;0;1;17;0;0;0;0;0;0;2;8;0;0;0;0
03.11.2024;02:44;A 36;1;0;0;0;0;0;0;0;0;0;0;0;0;0;0;0;0;2;3;0;0;0;0;0;0;2;2;0;0;0;0;0;0;0;0;0;0;1;13;0;0;0;0;0;0;2;5;0;0;0;0;0;0;0;0;0;0;0;0;0;0;0;0
03.11.2024;02:43;A 36;1;0;0;0;0;1;2;0;0;0;0;1;13;0;0;0;0;1;7;0;0;1;15;0;0;1;17;0;0;1;3;0;0;1;26;0;0;0;0;0;0;1;7;0;0;0;0;0;0;0;0;0;0;0;0;0;0;0;0;0;0;0;0
03.11.2024;02:42;A 36;1;0;0;1;39;0;0;0;0;2;17;0;0;0;0;0;0;0;0;0;0;0;0;0;0;0;0;0;0;0;0;0;0;0;0;0;0;0;0;0;0;0;0;0;0;0;0;0;0;1;2;1;1;0;37;0;0;1;10;1;6;0;0
03.11.2024;02:41;A 36;1;0;0;0;0;0;0;1;36;0;0;0;0;1;5;0;38;1;1;0;0;0;0;0;0;1;6;0;0;0;0;0;0;0;0;2;3;0;10;0;0;0;0;1;5;0;0;0;0;0;0;0;0;1;8;0;0;0;0;0;0;1;5
03.11.2024;02:40;A 36;1;0;0;1;1;0;0;0;0;1;5;0;0;0;0;1;19;0;0;0;0;0;0;1;11;0;0;0;0;0;0;1;1;0;0;0;0;1;28;1;3;0;0;1;1;2;4;0;0;0;0;0;0;0;0;0;0;0;0;0;0;0;0
03.11.2024;02:39;A 36;1;0;0;0;0;0;0;0;0;0;0;0;0;0;0;0;0;0;0;0;0;0;0;0;0;0;0;0;0;0;0;0;19;0;0;0;0;0;0;0;0;0;0;0;0;0;0;0;0;1;1;1;1;0;0;0;0;1;6;1;6;0;0
03.11.2024;02:38;A 36;1;0;0;0;0;0;0;0;0;0;0;0;0;0;0;0;0;0;0;0;0;0;0;0;0;0;0;0;0;0;0;1;40;0;0;0;0;1;39;1;5;0;0;0;0;1;4;0;0;1;51;0;0;2;85;0;0;2;11;0;0;2;74
03.11.2024;02:37;A 36;1;0;0;0;0;0;0;0;0;0;0;0;0;0;0;0;0;0;0;1;1;0;0;0;0;0;0;1;3;0;0;0;0;0;0;1;11;0;0;0;0;0;0;2;17;0;0;0;0;2;2;1;1;0;0;0;0;3;11;1;4;0;0
03.11.2024;02:36;A 36;1;0;0;0;0;0;0;0;0;0;0;0;0;0;0;0;0;1;1;0;0;0;0;0;0;1;3;0;0;0;0;0;0;0;9;0;0;0;0;0;0;0;0;0;0;0;0;0;0;0;0;0;0;0;0;0;0;0;0;0;0;0;0
03.11.2024;02:35;A 36;1;0;0;0;0;0;0;0;0;0;0;0;0;0;0;0;0;0;0;0;0;0;0;0;0;0;0;0;0;0;0;0;0;3;7;0;0;1;38;0;0;3;25;0;0;0;3;0;0;1;40;1;1;0;0;0;0;1;11;1;6;0;0
03.11.2024;02:34;A 36;1;0;0;0;0;0;0;0;0;0;0;0;0;0;0;0;0;2;2;0;0;0;0;0;0;2;5;0;0;0;0;0;0;1;2;0;0;0;0;0;0;2;33;1;2;2;4;0;0;0;0;0;0;0;0;0;0;0;0;0;0;0;0
03.11.2024;02:33;A 36;1;0;0;0;0;0;0;0;0;0;0;0;0;0;0;0;0;0;0;0;0;1;20;0;0;0;0;0;0;1;4;0;0;0;0;0;0;0;0;0;0;0;0;0;0;0;0;0;0;1;1;0;0;0;0;0;0;1;5;0;0;0;0
03.11.2024;02:32;A 36;1;0;0;0;0;0;0;0;0;0;0;0;0;0;0;0;0;0;0;0;0;0;0;0;0;0;0;0;0;0;0;0;0;0;0;0;0;0;0;0;0;0;0;0;0;0;0;0;0;2;18;1;1;1;41;0;0;4;17;1;6;1;2
03.11.2024;02:31;A 36;1;3;20;2;23;0;12;0;0;1;31;0;0;0;0;0;0;0;0;0;0;0;0;0;0;0;0;0;0;0;0;0;0;0;0;0;0;0;0;0;0;0;0;0;0;0;0;0;0;1;11;0;0;0;0;0;0;3;15;0;0;0;0
03.11.2024;02:30;A 36;1;0;0;0;0;1;4;0;0;1;8;1;10;0;0;0;0;1;1;1;1;0;0;0;0;2;7;1;2;0;0;0;0;0;0;0;0;0;0;0;0;0;0;0;0;0;0;0;0;1;1;1;1;0;0;0;0;1;3;1;3;0;0
03.11.2024;02:29;A 36;1;1;1;1;8;1;31;0;0;1;10;2;6;0;0;0;0;0;0;0;0;0;0;0;0;0;0;0;0;0;0;0;0;0;0;0;0;0;40;0;0;0;0;0;0;0;0;0;0;2;46;0;0;0;0;0;0;1;16;0;0;0;0
03.11.2024;02:28;A 36;1;0;0;0;0;0;0;0;0;0;0;0;0;0;0;0;0;0;0;0;0;0;0;0;0;0;0;0;0;0;0;0;0;0;0;0;0;2;44;0;0;0;0;1;2;4;9;0;0;2;22;0;0;0;0;0;0;2;41;0;0;0;0
03.11.2024;02:27;A 36;1;0;0;0;0;0;0;0;0;0;0;0;0;0;0;0;0;0;0;0;0;1;46;0;0;0;0;0;0;1;28;0;0;1;39;0;0;1;4;0;0;2;9;0;0;1;6;0;0;0;11;3;43;0;0;0;0;0;0;4;25;0;0
03.11.2024;02:26;A 36;1;0;0;0;0;0;0;0;0;0;0;0;0;0;0;1;20;0;0;0;0;1;49;1;9;0;0;1;2;2;3;0;0;0;0;0;0;1;37;0;0;0;0;1;1;2;4;0;0;2;34;0;0;0;0;0;0;2;14;1;2;0;0
03.11.2024;02:25;A 36;1;0;0;1;25;1;5;0;0;2;4;1;5;0;0;0;0;0;0;0;0;0;0;0;0;0;0;0;0;0;0;1;16;0;0;1;47;1;39;1;7;0;0;1;4;1;6;0;0;0;0;0;0;0;0;0;0;0;0;0;0;0;0
03.11.2024;02:24;A 36;1;0;0;0;0;2;19;1;3;1;2;2;13;0;3;0;0;0;0;1;1;0;0;0;0;1;3;1;3;0;0;0;0;0;0;0;0;0;0;0;0;0;0;0;0;0;0;0;0;1;14;0;0;0;0;0;0;1;10;0;0;0;0
03.11.2024;02:23;A 36;1;0;0;2;3;0;0;1;23;3;12;0;0;1;28;0;0;0;0;0;0;0;0;0;0;0;0;0;0;0;0;0;0;1;17;0;0;0;0;0;0;2;8;0;0;0;0;0;0;2;3;0;19;0;0;0;0;3;16;0;0;0;0
03.11.2024;02:22;A 36;1;0;0;1;44;0;0;0;0;1;6;0;0;0;0;0;0;1;2;0;0;0;0;0;0;2;6;0;0;0;0;0;0;0;13;0;0;0;0;0;0;0;0;0;0;0;0;0;0;1;3;1;7;1;12;1;2;2;12;1;14;1;4
03.11.2024;02:21;A 36;1;0;0;1;36;0;0;0;0;0;0;0;0;0;0;0;0;1;3;0;0;0;0;0;0;1;11;0;0;0;0;1;18;2;57;0;0;0;0;1;5;2;16;0;0;0;0;0;0;1;20;0;0;1;46;0;0;1;9;0;0;1;3
03.11.2024;02:20;A 36;1;0;0;0;0;0;0;0;0;2;9;0;0;0;0;0;0;1;17;0;0;0;0;0;0;1;5;0;0;0;0;1;21;0;14;0;0;0;0;1;7;0;0;0;0;0;0;0;0;0;0;1;3;0;0;0;0;0;0;2;8;0;0
03.11.2024;02:19;A 36;1;0;0;0;0;1;17;0;0;0;0;1;12;0;0;0;0;0;0;0;0;0;0;0;0;0;0;0;0;0;0;0;0;1;5;0;0;0;0;0;0;1;5;0;0;0;0;0;0;0;0;0;0;0;0;0;0;0;0;0;0;0;0
03.11.2024;02:18;A 36;1;0;0;2;46;1;47;0;0;1;54;1;9;0;0;0;0;1;2;0;0;0;0;0;0;1;6;0;0;0;0;0;0;0;10;0;0;0;0;0;0;0;0;0;0;0;0;0;0;0;0;0;0;0;0;0;0;0;0;0;0;0;0
03.11.2024;02:17;A 36;1;0;0;0;0;0;0;0;0;0;0;0;0;0;0;0;0;0;0;0;0;0;0;0;0;0;0;0;0;0;0;0;0;1;4;0;0;0;0;0;0;2;12;0;0;0;0;0;0;0;0;0;0;1;36;2;7;0;0;0;0;1;4
03.11.2024;02:16;A 36;1;0;0;0;0;0;0;0;27;0;0;0;0;0;0;0;0;3;11;1;53;0;0;0;0;2;19;1;4;0;0;1;2;2;3;0;2;0;0;1;5;0;8;0;0;0;0;0;0;2;43;1;1;0;0;0;0;3;12;2;4;0;0
03.11.2024;02:15;A 36;1;0;0;0;0;0;0;1;3;0;0;0;0;1;5;0;0;0;0;1;2;0;0;0;0;0;0;2;9;0;0;0;0;0;0;1;27;0;0;0;0;1;10;1;23;0;0;0;0;1;1;0;0;1;16;0;0;2;5;0;0;1;2
03.11.2024;02:14;A 36;1;0;0;0;0;0;0;0;0;0;0;0;0;0;0;1;1;0;0;0;0;1;12;1;5;0;0;1;1;1;4;0;0;0;0;0;0;0;0;0;0;0;0;0;0;0;0;0;0;0;0;0;0;0;0;1;3;0;0;0;0;0;0
03.11.2024;02:13;A 36;1;0;0;0;0;0;0;0;0;0;0;0;0;0;0;1;7;0;0;0;0;0;0;1;10;0;0;0;0;0;0;1;20;2;5;0;0;0;2;1;6;1;11;0;0;0;0;0;0;1;1;0;0;0;0;0;0;1;5;0;0;0;0
03.11.2024;02:12;A 36;1;0;0;0;0;1;19;0;0;0;0;1;7;0;0;0;0;0;0;0;0;0;0;0;0;0;0;0;0;0;0;0;0;0;0;0;0;1;37;0;0;0;0;1;1;1;6;0;0;0;0;0;0;0;0;2;7;1;3;0;0;0;0
03.11.2024;02:11;A 36;1;0;0;0;0;0;0;0;0;0;0;0;0;0;0;0;0;0;0;0;0;0;0;0;0;0;0;0;0;0;0;0;0;0;0;0;0;0;0;0;0;0;0;0;0;0;0;0;0;1;1;0;0;0;0;2;7;2;5;0;0;0;0
03.11.2024;02:10;A 36;1;0;0;1;6;0;0;0;0;2;15;0;0;0;0;0;0;0;0;0;0;0;0;0;0;0;0;0;0;0;0;1;2;0;0;0;0;0;0;1;7;0;0;0;0;0;0;0;0;0;0;1;1;0;16;0;0;0;0;1;5;0;0
03.11.2024;02:09;A 36;1;0;0;0;0;2;28;0;0;0;0;4;11;0;0;0;0;1;1;0;0;0;0;0;0;1;4;0;0;0;0;0;0;0;0;0;0;1;2;0;0;0;0;0;0;0;1;0;0;0;27;2;1;1;26;0;0;0;0;2;7;1;5
03.11.2024;02:08;A 36;1;1;2;2;40;0;0;0;0;2;17;0;0;0;0;0;0;0;0;0;0;0;0;0;0;0;0;0;0;0;0;0;0;1;1;0;0;1;45;0;0;0;0;1;3;2;12;0;0;1;15;0;0;0;0;0;0;1;9;0;0;0;0
03.11.2024;02:07;A 36;1;0;0;1;16;0;0;0;0;2;6;0;0;0;0;0;0;0;0;1;1;1;11;0;0;0;0;1;3;2;5;0;0;0;0;1;2;0;0;0;0;0;0;2;8;0;0;0;0;0;0;0;0;0;0;0;0;0;0;0;0;0;0
03.11.2024;02:06;A 36;1;0;0;0;0;0;0;0;0;0;0;0;0;0;0;0;0;1;16;0;17;0;0;0;0;1;1;0;0;0;0;0;0;0;0;0;0;0;0;0;0;0;0;0;0;0;0;0;0;0;0;0;0;0;0;0;0;0;0;0;0;0;0
03.11.2024;02:05;A 36;1;0;0;1;1;0;0;0;0;1;2;0;0;0;0;0;0;1;13;1;11;0;0;0;0;1;10;1;2;0;0;0;0;1;17;1;18;0;0;0;0;0;0;0;13;0;0;0;0;0;42;0;0;1;13;0;0;0;0;0;0;1;3
03.11.2024;02:04;A 36;1;0;0;1;74;0;0;0;0;2;83;0;0;0;0;0;0;1;23;0;0;1;49;0;0;2;7;1;1;1;3;0;0;1;20;1;10;0;15;0;0;1;12;2;16;0;0;0;0;2;15;0;0;0;0;3;10;2;12;0;0;0;0
03.11.2024;02:03;A 36;1;0;0;0;0;0;0;0;0;0;0;0;0;0;0;0;0;0;0;0;0;0;0;0;0;0;0;0;0;0;0;0;0;0;0;0;0;1;21;0;0;0;0;1;2;1;5;0;0;0;0;0;0;1;11;2;4;0;0;0;0;1;4
03.11.2024;02:02;A 36;1;3;41;1;47;0;0;0;0;2;8;0;0;0;0;0;0;0;0;0;0;0;0;0;0;0;0;0;0;0;0;0;0;0;0;0;0;0;0;0;0;0;0;0;0;0;0;0;0;1;2;0;0;0;0;1;37;0;0;0;0;0;0
03.11.2024;02:01;A 36;1;0;0;0;4;0;0;0;0;0;0;0;0;0;0;0;0;0;0;0;0;0;0;0;0;0;0;0;0;0;0;0;0;0;0;1;18;1;23;0;0;0;0;1;8;1;4;0;0;0;0;0;0;0;0;0;0;0;0;0;0;0;0
03.11.2024;02:00;A 36;1;1;0;1;72;0;0;0;0;1;5;0;0;0;0;0;0;0;0;0;0;0;0;0;0;0;0;0;0;0;0;0;0;0;0;0;0;0;0;0;0;0;0;0;0;0;0;0;0;0;0;0;0;0;0;0;0;0;0;0;0;0;0
03.11.2024;01:59;A 36;1;0;0;1;66;0;0;0;0;1;12;0;0;0;0;0;0;1;59;1;35;0;0;0;0;2;8;1;8;0;0;0;0;0;0;0;0;2;38;0;0;0;0;2;8;2;10;0;0;1;46;0;0;0;0;0;0;1;4;0;0;0;0
03.11.2024;01:58;A 36;1;0;0;2;49;0;0;0;0;3;21;0;0;0;0;0;0;1;10;0;0;0;0;0;0;1;9;0;0;0;0;0;65;1;1;1;1;1;84;0;0;0;0;1;6;0;84;0;0;1;16;1;3;0;0;0;0;1;7;1;6;0;0
03.11.2024;01:57;A 36;1;0;0;1;25;1;2;1;22;1;34;1;7;2;5;0;0;0;0;0;0;0;0;0;0;0;0;0;0;0;0;3;7;0;0;0;0;3;60;3;13;0;0;2;2;7;20;0;0;0;0;1;1;0;40;1;3;0;0;1;4;0;0
03.11.2024;01:56;A 36;1;0;0;1;16;0;0;0;0;1;9;0;0;0;0;0;0;2;11;1;1;0;33;0;0;2;6;1;3;0;0;1;54;0;0;1;50;2;62;1;4;0;4;1;8;0;62;0;0;1;13;0;0;1;46;0;0;3;10;2;32;0;0
03.11.2024;01:55;A 36;1;0;0;0;0;0;0;1;1;0;0;0;0;0;0;0;0;1;7;0;0;1;15;0;0;1;11;1;1;1;5;0;0;0;0;0;0;1;34;0;0;1;4;2;4;2;7;0;0;1;19;0;0;0;0;2;3;1;8;0;0;0;0
03.11.2024;01:54;A 36;1;0;0;0;0;0;0;0;0;0;0;0;0;0;0;0;0;0;0;0;0;0;0;0;0;0;0;0;0;0;0;0;0;1;32;0;0;0;0;0;0;1;9;0;0;0;0;0;0;1;29;0;0;0;0;0;0;2;6;0;0;0;0
03.11.2024;01:53;A 36;1;0;0;1;14;1;10;0;0;3;13;1;12;0;0;0;0;0;0;0;0;0;0;0;0;0;0;0;0;0;0;1;2;0;0;0;0;0;0;1;4;0;0;0;0;0;0;0;0;0;0;0;0;0;0;0;0;0;0;0;0;0;0
03.11.2024;01:52;A 36;1;0;0;0;0;0;0;0;0;0;0;0;0;0;0;0;0;1;1;0;0;0;0;0;0;1;4;0;0;0;0;1;26;0;0;0;0;0;0;1;10;0;0;0;0;0;0;0;0;1;1;0;0;0;0;0;0;2;2;0;0;0;0
03.11.2024;01:51;A 36;1;0;0;0;8;1;8;0;0;0;0;2;10;0;0;0;0;0;0;0;0;0;0;0;0;0;0;0;0;0;0;0;0;0;0;0;0;1;51;0;0;0;0;1;6;0;0;0;0;1;33;0;0;0;0;0;0;1;5;0;0;0;0
03.11.2024;01:50;A 36;1;0;0;1;36;0;0;0;0;2;10;0;0;0;0;0;0;1;30;0;0;0;0;0;0;1;8;0;0;0;0;0;0;0;0;0;0;0;0;0;0;0;0;0;0;0;0;0;0;0;0;3;5;1;10;0;0;1;2;1;39;1;33
03.11.2024;01:49;A 36;1;0;0;2;18;0;0;0;0;2;19;0;0;0;0;0;0;1;1;0;0;0;0;0;0;1;4;0;0;0;0;0;0;0;0;0;0;0;0;0;0;0;0;0;0;0;0;0;0;2;18;2;3;0;0;0;0;2;8;2;11;0;0
03.11.2024;01:48;A 36;1;0;0;0;0;0;0;0;0;0;0;0;0;0;0;0;0;0;0;0;0;1;27;0;0;0;0;0;0;1;2;0;0;1;29;0;0;0;0;0;0;0;0;0;0;0;0;0;0;1;24;1;1;0;0;0;0;2;34;0;2;0;0
03.11.2024;01:47;A 36;1;0;0;1;0;1;1;0;0;1;3;1;6;0;0;0;0;1;1;0;0;0;0;0;0;1;3;0;0;0;0;1;16;0;0;0;0;0;0;1;6;3;18;0;0;0;0;0;0;1;0;1;0;0;0;0;0;1;3;2;4;0;0
03.11.2024;01:46;A 36;1;0;0;0;0;1;1;0;0;0;0;1;2;0;0;1;34;0;0;0;0;0;0;1;9;0;0;0;0;0;0;0;0;0;0;0;0;0;0;0;0;0;0;0;0;0;0;0;0;3;30;1;2;0;0;1;3;2;20;1;8;0;0
03.11.2024;01:45;A 36;1;0;0;1;1;0;0;0;0;1;6;0;0;0;0;1;1;0;0;1;1;0;0;1;6;0;0;1;3;0;0;1;2;1;24;0;0;0;0;1;4;2;4;0;0;0;0;0;0;0;0;0;0;0;0;0;0;0;0;0;0;0;0
03.11.2024;01:44;A 36;1;0;0;1;20;0;0;0;0;2;11;0;0;0;0;0;0;1;1;0;0;0;0;0;0;1;4;0;0;0;0;1;11;0;44;0;0;0;0;1;6;1;2;0;0;0;0;0;0;1;10;1;18;0;0;1;2;0;11;1;6;0;0
03.11.2024;01:43;A 36;1;0;0;1;38;0;0;0;0;2;45;0;0;0;0;0;0;1;9;1;14;0;0;0;0;1;9;1;2;0;0;0;0;1;2;0;0;1;41;0;0;2;10;0;0;1;5;0;0;2;20;0;0;0;0;0;0;3;29;0;0;0;0
03.11.2024;01:42;A 36;1;0;0;0;0;0;0;0;0;0;0;0;0;0;0;0;0;0;0;0;0;1;30;0;0;0;0;1;5;1;3;1;38;1;16;1;8;1;19;1;4;0;1;1;6;0;0;0;0;0;0;0;0;0;1;0;0;0;0;0;0;0;0
03.11.2024;01:41;A 36;1;0;0;0;0;0;0;0;0;0;0;0;0;0;0;2;51;1;25;1;54;1;81;1;58;1;31;1;5;2;4;0;0;2;12;0;0;0;52;0;0;1;16;0;0;2;3;0;0;2;19;1;4;1;32;0;0;2;21;1;4;1;4
03.11.2024;01:40;A 36;1;0;0;0;0;0;0;0;0;0;0;0;0;0;0;0;0;0;0;0;0;0;21;0;0;0;0;0;0;0;0;0;0;0;0;1;15;1;17;0;0;1;4;2;8;1;7;0;0;0;0;1;9;0;0;1;3;3;9;1;3;0;0
03.11.2024;01:39;A 36;1;0;0;1;4;0;0;0;0;1;14;0;0;0;0;0;0;2;3;0;0;2;26;0;0;2;11;2;4;3;8;1;23;0;33;0;0;0;0;1;4;0;0;0;0;0;0;0;0;1;3;1;1;1;58;0;0;1;13;1;8;1;3
03.11.2024;01:38;A 36;1;0;0;0;0;0;0;0;0;0;0;0;0;0;0;0;0;0;0;0;0;0;2;0;0;0;0;0;0;0;0;0;0;1;4;0;0;1;33;0;0;1;11;1;2;1;6;0;0;2;1;0;0;0;0;0;0;2;7;0;0;0;0
03.11.2024;01:37;A 36;1;1;9;1;11;0;0;0;0;2;8;0;0;0;0;0;0;0;0;1;8;1;40;0;0;0;0;2;8;2;2;0;0;1;23;0;0;0;0;0;0;1;13;0;0;0;0;0;0;1;15;0;0;0;0;0;0;1;9;0;0;0;0
03.11.2024;01:36;A 36;1;1;0;2;31;0;0;0;0;1;43;0;0;0;0;0;0;0;0;0;0;1;30;0;0;0;0;1;1;2;4;2;54;0;0;0;0;0;0;1;8;1;2;0;0;0;0;0;0;0;0;0;0;0;0;0;0;0;0;0;0;0;0
03.11.2024;01:35;A 36;1;0;0;0;7;0;0;0;0;0;0;0;0;0;0;0;0;1;1;0;0;0;0;0;0;1;4;0;0;0;0;0;0;0;0;0;0;0;0;2;4;0;0;0;0;0;0;0;0;2;34;0;0;0;0;1;2;2;10;0;0;0;0
03.11.2024;01:34;A 36;1;0;0;2;32;1;1;0;0;8;20;1;4;0;0;0;0;0;0;0;0;1;18;0;0;0;0;0;0;2;3;1;2;0;0;0;0;0;0;1;4;1;3;0;0;0;0;0;0;1;43;0;0;0;0;0;0;2;10;0;0;0;0
03.11.2024;01:33;A 36;1;0;0;0;0;0;0;0;0;0;0;0;0;0;0;0;0;1;19;0;0;0;0;0;0;1;9;0;0;0;0;0;0;0;7;1;1;1;30;0;0;0;0;1;5;1;23;0;0;0;0;0;0;0;0;0;0;0;0;0;0;0;0
03.11.2024;01:32;A 36;1;0;0;0;43;0;0;1;24;0;0;0;0;2;8;0;0;1;3;1;1;0;0;0;0;2;15;1;3;0;0;0;0;1;30;0;0;1;3;0;0;1;9;1;1;2;5;0;0;1;12;1;1;0;17;0;0;1;8;1;3;0;0
03.11.2024;01:31;A 36;1;0;0;2;70;0;0;0;0;2;56;0;0;0;0;0;0;1;26;0;0;0;0;0;0;1;3;0;0;0;0;0;0;1;40;1;4;0;0;0;0;1;12;1;18;0;0;0;0;0;0;1;14;1;23;0;0;0;0;1;7;1;3
03.11.2024;01:30;A 36;1;0;0;2;15;0;0;1;2;3;19;1;1;0;0;0;0;1;11;0;0;0;0;0;0;1;10;0;0;0;0;0;0;0;0;0;0;1;62;0;0;0;0;0;0;1;7;0;0;1;1;0;0;0;0;0;0;1;8;1;1;0;0
03.11.2024;01:29;A 36;1;0;0;1;20;0;0;0;0;1;19;0;0;0;0;0;0;1;24;1;1;0;0;0;0;1;6;1;3;0;0;0;0;1;4;0;0;0;0;0;0;2;6;0;0;0;0;0;0;0;0;0;0;0;0;0;0;0;0;0;0;0;0
03.11.2024;01:28;A 36;1;0;0;1;2;0;0;0;0;1;10;0;0;0;0;0;0;1;9;0;0;0;0;0;0;0;1;0;0;0;0;0;0;0;0;0;0;0;0;0;0;0;0;0;0;0;0;0;0;0;0;0;0;0;0;0;0;0;0;0;0;0;0
03.11.2024;01:27;A 36;1;0;0;1;27;0;0;1;27;2;13;0;0;1;4;0;0;0;0;0;0;0;0;0;0;1;7;0;0;0;0;1;2;0;0;0;0;0;9;1;4;0;0;0;0;0;0;0;0;0;0;0;0;0;0;1;3;0;0;0;0;0;0
03.11.2024;01:26;A 36;1;0;0;1;7;1;19;0;0;1;9;1;10;0;0;0;0;0;0;0;0;1;11;0;0;0;0;0;0;2;4;0;0;0;0;0;0;1;13;0;0;0;0;1;1;1;6;0;0;1;14;0;0;0;0;1;2;2;11;0;0;0;0
03.11.2024;01:25;A 36;1;0;0;1;22;0;0;0;0;1;8;0;0;0;0;0;0;1;9;0;0;0;0;0;0;1;7;0;0;0;0;0;0;0;0;0;0;0;0;0;0;0;0;0;0;0;0;0;0;1;1;0;0;0;21;1;3;2;6;0;0;0;0
03.11.2024;01:24;A 36;1;0;0;0;14;0;0;1;20;0;0;0;0;1;5;0;0;0;0;0;0;0;0;0;0;0;0;0;0;0;0;0;0;0;0;0;0;0;0;0;0;0;0;0;0;0;0;0;0;0;0;2;2;1;12;0;0;0;0;2;11;1;3
03.11.2024;01:23;A 36;1;0;0;1;5;0;0;0;0;1;9;0;0;0;0;0;0;3;21;2;12;0;0;0;0;2;27;1;7;0;0;0;0;0;0;0;0;0;0;0;0;0;0;0;0;0;0;0;0;1;3;1;1;0;0;1;3;2;7;2;6;0;0
03.11.2024;01:22;A 36;1;0;0;0;24;1;73;0;0;0;23;1;6;0;0;0;0;1;3;0;0;0;0;0;0;1;15;1;5;0;0;0;0;0;0;0;0;0;0;0;0;0;0;0;0;0;0;0;0;1;16;0;0;0;0;1;2;1;9;0;0;0;0
03.11.2024;01:21;A 36;1;0;0;1;19;1;17;0;0;1;32;1;4;0;0;0;0;1;22;1;25;1;46;0;0;1;11;1;8;3;5;2;25;1;53;0;0;0;0;1;9;2;7;0;0;0;0;0;0;0;0;0;0;0;0;1;2;1;2;0;0;0;0
03.11.2024;01:20;A 36;1;0;0;2;21;1;0;0;0;3;12;0;0;0;0;0;0;0;0;0;0;1;23;0;0;0;0;0;0;2;3;1;10;0;0;0;0;0;0;1;4;0;0;0;0;0;0;0;0;1;3;0;0;0;0;0;0;0;0;0;0;0;0
03.11.2024;01:19;A 36;1;0;0;1;3;0;0;0;0;1;17;0;0;0;0;0;0;0;12;0;0;0;32;0;0;0;0;0;0;0;0;0;0;1;3;0;0;1;30;0;0;2;10;0;0;2;3;0;0;0;0;0;0;0;0;1;3;2;7;0;0;0;0
03.11.2024;01:18;A 36;1;0;0;0;0;0;0;1;2;0;0;0;0;1;5;0;0;1;20;0;0;1;25;0;0;1;10;1;2;1;4;0;0;0;0;0;0;0;0;0;0;0;0;0;0;0;0;0;0;1;1;0;0;0;0;0;0;1;4;0;0;0;0
03.11.2024;01:17;A 36;1;0;0;1;3;0;12;0;0;0;0;0;0;0;0;0;0;1;22;0;0;0;0;0;0;2;11;0;0;0;0;0;0;0;0;1;10;1;56;0;0;0;0;2;9;1;4;0;0;1;1;1;17;0;0;0;0;1;7;1;7;0;0
03.11.2024;01:16;A 36;1;0;0;1;19;1;4;0;44;2;13;1;9;0;0;0;0;1;1;0;0;0;0;0;0;1;3;0;0;0;0;0;0;0;27;0;0;0;47;0;0;0;0;0;0;0;0;0;0;0;0;0;0;0;0;0;0;0;0;0;0;0;0
03.11.2024;01:15;A 36;1;0;0;0;0;0;0;1;40;1;0;0;0;1;6;0;0;0;0;0;0;0;0;0;0;0;0;0;0;0;0;1;33;1;6;0;0;1;9;0;0;2;8;0;0;2;7;0;0;2;33;0;0;1;72;1;4;3;20;0;0;1;2
03.11.2024;01:14;A 36;1;0;0;2;68;0;0;0;0;3;37;0;0;0;0;1;20;0;21;1;15;0;0;0;0;0;0;0;4;0;0;0;0;1;4;0;0;1;1;1;6;2;9;0;0;0;0;0;0;0;0;0;0;1;46;1;3;1;3;0;0;1;4
03.11.2024;01:13;A 36;1;1;1;2;61;0;0;0;0;2;73;0;0;0;0;0;0;2;27;0;0;0;0;1;6;1;7;1;0;0;0;0;0;1;3;0;0;1;81;0;0;1;54;0;0;1;4;0;0;1;1;1;1;2;48;0;0;1;2;2;3;2;4
03.11.2024;01:12;A 36;1;0;0;2;7;1;1;0;0;2;20;1;6;0;0;0;0;0;0;0;0;0;0;0;0;1;9;0;0;0;0;0;0;0;1;2;25;1;30;0;0;0;0;3;21;1;10;0;0;0;0;0;0;0;0;0;0;0;0;0;0;0;0
03.11.2024;01:11;A 36;1;3;4;1;26;1;71;0;0;2;41;2;5;0;0;0;0;1;1;0;0;0;69;0;0;1;6;0;0;0;0;0;1;2;28;0;0;0;23;0;0;1;40;0;0;0;0;0;0;0;49;0;0;0;0;1;3;1;2;0;0;0;0
03.11.2024;01:10;A 36;1;0;0;1;16;0;0;0;0;1;26;0;0;0;0;0;0;0;0;0;0;1;13;0;0;0;0;0;0;1;4;1;13;0;0;0;0;1;11;1;4;0;0;1;2;2;3;0;0;3;9;0;0;0;0;0;0;4;18;0;0;0;0
03.11.2024;01:09;A 36;1;0;0;1;11;0;0;0;0;1;9;0;0;0;0;0;0;1;4;1;1;0;0;0;0;2;20;0;1;0;0;1;24;1;1;0;0;1;23;1;5;2;11;1;1;1;3;0;0;2;2;0;0;0;0;0;0;1;5;0;0;0;0
03.11.2024;01:08;A 36;1;0;0;0;0;0;0;0;0;0;0;0;0;0;0;0;0;0;0;0;12;0;29;0;0;1;1;1;1;0;0;0;0;0;0;0;0;0;0;0;0;0;0;0;0;0;0;0;0;1;1;1;4;0;0;0;0;1;7;1;11;0;0
03.11.2024;01:07;A 36;1;0;0;1;1;0;0;0;0;1;6;0;0;0;0;0;0;1;52;1;6;1;2;0;0;0;53;1;7;1;3;1;21;1;33;0;0;0;0;1;7;4;18;0;0;0;0;0;0;1;45;0;0;0;0;0;0;0;2;0;0;0;0
03.11.2024;01:06;A 36;1;2;6;0;0;1;1;0;7;0;0;1;4;0;6;0;0;1;22;0;31;0;0;0;0;2;25;0;0;0;0;0;0;1;3;0;0;0;0;0;0;0;0;0;0;0;0;0;0;1;28;1;2;1;13;0;0;4;24;1;9;1;3
03.11.2024;01:05;A 36;1;0;0;1;40;2;3;1;34;1;13;2;18;1;39;0;0;0;0;1;46;0;0;0;0;0;0;1;7;0;0;0;0;1;30;0;0;0;0;0;0;1;17;0;0;0;0;0;0;1;1;1;0;1;36;0;0;1;5;0;0;1;3
03.11.2024;01:04;A 36;1;0;0;1;26;1;20;1;55;2;13;1;9;2;7;0;0;1;3;1;41;0;0;0;0;0;5;1;8;0;0;0;0;1;10;0;0;1;68;0;0;1;14;0;0;0;0;0;0;0;0;0;0;1;11;2;5;1;2;0;0;1;3
03.11.2024;01:03;A 36;1;0;0;0;0;1;1;0;0;0;0;1;6;0;0;0;0;1;24;0;0;2;63;0;0;3;7;0;0;4;4;0;0;0;0;0;0;1;22;0;0;0;0;0;0;3;8;0;0;2;17;1;44;0;72;0;0;3;21;1;5;0;0
03.11.2024;01:02;A 36;1;0;0;1;58;1;1;0;0;3;88;1;10;0;0;0;0;0;0;0;0;0;0;0;0;0;0;0;0;0;0;0;0;0;15;0;0;1;39;0;0;0;0;0;0;0;0;0;0;0;0;0;0;1;8;0;0;0;0;2;4;1;4
03.11.2024;01:01;A 36;1;0;0;1;3;0;0;0;0;3;15;0;0;0;0;1;38;0;0;0;0;0;0;1;8;0;0;0;0;0;0;1;2;1;5;1;21;1;21;1;4;1;6;2;9;3;20;0;0;2;57;2;31;0;0;1;3;2;66;4;15;0;0
03.11.2024;01:00;A 36;1;0;0;0;0;0;0;0;0;0;0;0;0;0;0;0;0;4;16;0;0;0;0;0;0;3;22;2;2;0;0;0;0;0;0;0;0;2;31;0;0;0;0;1;1;2;30;0;0;1;1;0;0;0;0;0;0;1;1;0;0;0;0
