Datum;Uhrzeit;Bezeichnung;Intervall;V21Z;V21B;V22Z;V22B;D51Z;D51B;D81Z;D81B;D82Z;D82B;D91Z;D91B;D41Z;D41B;D42_1Z;D42_1B;_FG32Z;_FG32B;_FG33Z;_FG33B;_FG38Z;_FG38B;V83Z;V83B;V84Z;V84B;V92Z;V92B;V43Z;V43B;V44Z;V44B
14.03.2025;01:00;A 11;1;0;0;0;0;0;0;0;0;1;1;0;0;0;0;0;0;0;0;0;0;0;0;1;13;4;15;1;12;0;0;0;0
14.03.2025;00:59;A 11;1;0;0;0;0;0;0;1;1;2;2;0;0;0;0;0;0;0;0;0;0;0;0;2;27;2;10;3;17;0;0;0;0
14.03.2025;00:58;A 11;1;0;1;0;0;0;0;0;0;0;0;0;0;0;23;0;21;0;0;0;0;0;0;0;0;0;0;0;0;0;0;0;0
14.03.2025;00:57;A 11;1;1;9;0;0;0;0;2;2;0;0;0;0;1;16;1;14;0;0;0;0;0;0;2;20;0;0;2;16;1;6;2;10
14.03.2025;00:56;A 11;1;0;0;0;0;0;0;1;0;2;2;0;0;0;0;0;0;0;0;0;0;0;0;2;12;4;13;3;12;0;0;0;0
14.03.2025;00:55;A 11;1;2;21;0;0;0;0;0;0;0;0;0;0;0;0;0;0;0;0;0;0;0;0;0;0;0;0;0;0;0;0;0;0
14.03.2025;00:54;A 11;1;0;8;1;7;0;0;1;3;1;1;0;0;0;0;0;0;0;0;0;0;0;0;1;67;1;11;2;13;0;0;0;0
14.03.2025;00:53;A 11;1;1;24;1;10;0;0;0;0;1;1;0;0;0;0;0;0;0;0;0;0;0;0;2;16;1;7;1;12;0;0;0;0
14.03.2025;00:52;A 11;1;2;40;1;12;0;0;1;1;1;1;0;0;0;0;0;0;0;0;0;0;0;0;2;25;3;10;2;12;0;0;0;0
14.03.2025;00:51;A 11;1;2;13;1;4;0;0;1;3;1;1;0;0;0;0;0;0;0;0;0;0;0;0;2;20;1;5;2;15;0;0;0;0
14.03.2025;00:50;A 11;1;1;10;1;19;0;0;1;1;1;1;0;0;0;0;0;0;0;0;0;0;0;0;2;21;1;8;5;19;0;0;0;0
14.03.2025;00:49;A 11;1;0;0;0;0;0;0;0;0;0;0;0;0;0;0;0;0;0;0;0;0;0;0;0;0;0;0;0;0;0;0;0;0
14.03.2025;00:48;A 11;1;1;10;0;0;0;0;2;1;2;1;0;0;0;0;0;0;0;0;0;0;0;0;3;19;2;9;2;9;0;0;0;0
14.03.2025;00:47;A 11;1;1;10;3;38;0;0;0;0;2;2;0;0;0;0;0;0;0;0;0;0;0;0;1;19;2;18;2;16;0;0;0;0
14.03.2025;00:46;A 11;1;0;0;0;0;0;0;1;1;0;0;2;2;0;0;1;1;0;0;0;0;0;0;1;9;2;10;2;13;0;0;0;0
14.03.2025;00:45;A 11;1;0;0;0;0;0;0;0;0;0;0;0;0;0;0;0;0;0;0;0;0;0;0;0;0;0;0;0;0;0;0;0;0
14.03.2025;00:44;A 11;1;0;0;0;0;0;0;1;1;0;0;0;0;0;0;0;0;0;0;0;0;0;0;1;12;0;0;1;2;0;0;0;0
14.03.2025;00:43;A 11;1;0;0;1;15;0;0;0;0;0;0;0;0;0;0;0;0;0;0;0;0;0;0;0;0;0;0;0;0;0;0;0;0
14.03.2025;00:42;A 11;1;3;25;1;10;0;0;0;0;0;0;0;0;0;0;0;0;0;0;0;0;0;0;0;0;0;0;0;0;0;0;0;0
14.03.2025;00:41;A 11;1;0;0;0;0;0;0;0;0;0;0;0;0;0;0;0;0;0;0;0;0;0;0;0;0;0;0;0;0;0;0;0;0
14.03.2025;00:40;A 11;1;0;0;0;0;0;0;1;1;2;3;0;0;1;23;1;19;0;0;0;0;0;0;1;21;3;12;1;15;2;9;0;17
14.03.2025;00:39;A 11;1;0;0;0;0;0;0;1;1;0;0;0;0;0;0;0;0;0;0;0;0;0;0;1;25;1;4;3;13;0;0;1;7
14.03.2025;00:38;A 11;1;0;0;0;0;0;0;1;1;0;0;0;0;0;0;0;0;0;0;0;0;0;0;1;8;0;0;1;1;0;0;0;0
14.03.2025;00:37;A 11;1;2;22;1;12;0;0;2;2;1;0;0;0;1;2;1;1;0;0;0;0;0;0;2;21;0;0;2;12;0;0;0;1
14.03.2025;00:36;A 11;1;0;0;0;0;0;0;2;2;0;0;0;0;0;0;0;0;0;0;0;0;0;0;1;23;0;2;1;2;1;10;3;27
14.03.2025;00:35;A 11;1;0;0;0;0;0;0;1;1;1;0;0;0;0;0;0;0;0;0;0;0;0;0;2;20;1;4;1;5;0;0;0;0
14.03.2025;00:34;A 11;1;0;0;0;0;0;0;1;1;1;1;0;0;0;0;0;0;0;0;0;0;0;0;2;17;7;19;2;10;0;0;0;0
14.03.2025;00:33;A 11;1;0;0;0;0;0;0;2;1;2;2;0;0;0;0;0;0;0;0;0;0;0;0;3;27;4;13;3;14;0;0;0;0
14.03.2025;00:32;A 11;1;0;0;1;11;0;0;1;2;1;3;0;0;0;0;1;1;0;0;0;0;0;0;2;34;1;12;2;24;0;0;0;0
14.03.2025;00:31;A 11;1;1;10;0;0;0;0;0;0;0;0;0;0;0;0;0;0;0;0;0;0;0;0;0;0;0;0;0;0;0;0;0;0
14.03.2025;00:30;A 11;1;1;8;1;14;0;0;0;0;0;0;0;0;0;0;0;0;0;0;0;0;0;0;0;1;0;0;0;0;0;0;0;0
14.03.2025;00:29;A 11;1;1;11;0;0;0;0;1;1;1;1;0;0;0;0;0;0;0;0;0;0;0;0;2;19;2;7;1;6;0;0;0;0
14.03.2025;00:28;A 11;1;1;19;1;6;0;0;0;0;0;0;0;0;0;0;0;0;0;0;0;0;0;0;0;0;0;0;0;0;0;0;0;0
14.03.2025;00:27;A 11;1;0;10;2;19;0;0;0;0;0;0;0;0;0;0;0;0;0;0;0;0;0;0;0;0;0;0;0;0;0;0;0;0
14.03.2025;00:26;A 11;1;2;10;1;15;0;0;0;0;0;0;0;0;0;0;0;0;0;0;0;0;0;0;0;0;0;0;0;0;0;0;0;0
14.03.2025;00:25;A 11;1;1;22;3;16;0;0;0;0;2;3;0;0;0;0;0;0;0;0;0;0;0;0;1;21;4;23;1;18;0;0;0;0
14.03.2025;00:24;A 11;1;0;7;0;0;0;0;1;1;1;1;0;0;0;0;0;0;0;0;0;0;0;0;2;28;2;9;2;5;0;0;0;0
14.03.2025;00:23;A 11;1;1;3;0;0;0;0;0;0;1;1;0;0;0;0;0;0;0;0;0;0;0;0;1;14;1;9;1;9;0;0;0;0
14.03.2025;00:22;A 11;1;0;0;1;21;0;0;0;0;0;0;0;0;0;0;0;0;0;0;0;0;0;0;0;0;0;0;0;0;0;0;0;0
14.03.2025;00:21;A 11;1;0;0;0;0;0;0;0;0;0;0;0;0;0;0;1;4;0;0;0;0;0;0;0;0;0;0;0;0;0;0;0;1
14.03.2025;00:20;A 11;1;0;0;0;0;0;0;0;0;0;0;0;0;0;0;0;0;0;0;0;0;0;0;0;0;0;0;0;0;1;4;1;20
14.03.2025;00:19;A 11;1;2;25;2;13;0;0;0;0;3;2;0;0;0;0;0;0;0;0;0;0;0;0;1;20;1;19;1;22;0;0;0;0
14.03.2025;00:18;A 11;1;0;0;1;12;0;0;1;1;0;0;0;0;0;0;0;0;0;0;0;0;0;0;1;10;0;0;1;2;0;0;0;0
14.03.2025;00:17;A 11;1;1;11;0;0;0;0;0;0;0;0;0;0;1;1;0;0;0;0;0;0;0;0;0;0;0;0;0;0;2;19;0;0
14.03.2025;00:16;A 11;1;0;0;0;0;0;0;1;1;2;2;0;0;0;0;0;0;0;0;0;0;0;0;1;28;2;18;2;23;0;0;0;0
14.03.2025;00:15;A 11;1;1;20;0;0;0;0;2;2;1;1;0;0;0;0;0;0;0;0;0;0;0;0;3;36;1;9;1;8;0;0;0;0
14.03.2025;00:14;A 11;1;3;25;0;0;0;0;1;1;1;1;0;0;1;1;2;1;0;0;0;0;0;0;2;21;1;9;1;9;1;11;1;15
14.03.2025;00:13;A 11;1;2;26;2;27;0;0;1;1;0;0;2;3;0;0;0;0;0;0;0;0;0;0;1;12;1;9;3;17;0;0;0;0
14.03.2025;00:12;A 11;1;6;28;3;11;0;0;1;1;0;0;0;0;0;0;0;0;0;0;0;0;0;0;1;9;0;0;1;1;0;0;0;0
14.03.2025;00:11;A 11;1;7;78;2;13;0;0;0;0;2;2;0;0;0;0;0;0;0;0;0;0;1;8;1;16;3;14;2;18;0;0;0;0
14.03.2025;00:10;A 11;1;1;11;1;13;0;0;1;1;1;1;0;0;0;0;0;0;0;0;0;0;0;0;2;16;1;5;1;7;0;0;0;0
14.03.2025;00:09;A 11;1;0;0;0;0;1;2;1;1;1;1;0;0;0;0;0;0;1;2;0;0;0;0;1;20;2;9;1;10;0;0;0;0
14.03.2025;00:08;A 11;1;2;19;1;9;0;0;2;2;0;0;0;0;0;0;0;0;0;0;0;0;0;0;3;27;0;0;1;11;0;0;0;0
14.03.2025;00:07;A 11;1;2;34;0;0;0;0;1;1;0;0;1;2;0;0;1;1;0;0;0;0;0;0;1;12;1;8;2;17;0;0;0;0
14.03.2025;00:06;A 11;1;0;0;0;14;0;0;0;0;1;1;0;0;0;0;0;0;0;0;0;0;0;0;0;11;1;6;1;10;0;0;0;0
14.03.2025;00:05;A 11;1;1;8;2;16;0;0;1;3;5;6;2;3;0;0;1;1;0;0;0;0;0;0;5;62;4;49;4;47;0;0;0;0
14.03.2025;00:04;A 11;1;1;27;0;0;0;0;1;2;2;1;0;0;0;0;0;0;0;0;0;0;0;0;1;22;1;11;3;17;0;0;0;0
14.03.2025;00:03;A 11;1;2;29;2;21;0;0;0;0;1;1;0;0;0;0;1;9;0;0;0;0;0;0;2;7;0;8;1;11;0;0;1;10
14.03.2025;00:02;A 11;1;0;0;0;0;0;0;0;0;0;0;0;0;0;0;0;0;0;0;0;0;0;0;1;6;1;0;1;8;0;0;0;0
14.03.2025;00:01;A 11;1;0;0;0;0;0;0;0;0;1;1;0;0;1;0;0;0;0;0;0;0;0;0;1;10;1;6;1;9;1;12;0;0
14.03.2025;00:00;A 11;1;3;29;1;20;0;0;0;0;1;1;0;0;0;0;0;0;0;0;0;0;0;0;1;7;1;7;1;11;0;0;0;0
13.03.2025;23:59;A 11;1;0;0;1;17;0;0;1;1;2;4;0;0;0;0;0;12;0;0;0;0;0;0;2;36;2;25;3;23;0;0;0;0
13.03.2025;23:58;A 11;1;1;14;3;57;0;0;0;0;1;1;0;0;0;0;1;29;0;0;0;0;0;0;2;15;3;9;2;19;0;0;0;0
13.03.2025;23:57;A 11;1;1;11;2;19;0;0;1;1;0;0;0;0;0;0;1;18;0;0;0;0;0;0;1;11;0;0;0;0;1;9;1;17
13.03.2025;23:56;A 11;1;0;0;1;14;0;0;1;1;2;3;0;0;0;0;0;0;0;13;0;0;1;3;2;25;3;22;2;25;0;0;0;0
13.03.2025;23:55;A 11;1;2;29;0;0;0;0;0;0;1;1;0;0;0;0;0;0;1;7;0;0;0;0;1;14;1;8;1;8;0;0;0;0
13.03.2025;23:54;A 11;1;1;15;0;0;0;0;2;2;0;0;0;0;0;0;0;0;0;0;0;0;0;0;1;22;0;0;2;2;0;0;0;0
13.03.2025;23:53;A 11;1;2;28;1;6;0;0;2;2;2;2;0;0;0;0;0;0;0;0;0;0;0;0;1;19;1;12;1;17;0;0;0;0
13.03.2025;23:52;A 11;1;1;13;0;0;0;0;0;0;0;0;0;0;0;0;0;0;0;0;0;0;0;0;1;6;0;0;1;9;0;0;0;0
13.03.2025;23:51;A 11;1;0;0;0;0;0;0;0;0;1;1;0;0;0;0;1;2;0;0;0;0;0;0;1;10;2;14;1;7;0;2;0;0
13.03.2025;23:50;A 11;1;0;0;0;0;0;0;0;0;2;2;0;0;0;0;0;0;0;0;0;0;0;0;2;22;3;16;3;20;1;9;1;18
13.03.2025;23:49;A 11;1;1;11;0;0;0;0;0;0;0;0;0;0;0;0;0;0;0;0;0;0;0;0;0;0;0;0;0;0;1;4;2;1
13.03.2025;23:48;A 11;1;2;23;2;19;0;0;1;1;1;1;0;0;0;0;1;0;0;0;0;0;0;0;2;22;1;9;1;13;0;0;0;0
13.03.2025;23:47;A 11;1;1;11;1;12;0;0;1;1;1;1;0;0;0;0;0;0;0;0;0;0;0;0;1;18;1;8;1;7;0;0;0;0
13.03.2025;23:46;A 11;1;1;20;0;0;1;1;3;4;0;0;0;0;0;0;0;0;0;0;0;0;0;0;2;30;0;0;1;1;0;0;0;0
13.03.2025;23:45;A 11;1;2;35;0;0;0;0;1;1;1;1;0;0;0;0;0;0;0;0;0;0;0;0;1;21;1;10;1;10;0;0;0;0
13.03.2025;23:44;A 11;1;2;29;1;10;0;0;2;2;2;2;0;0;2;27;2;3;0;0;0;0;0;0;3;45;3;39;5;26;1;8;1;12
13.03.2025;23:43;A 11;1;3;35;0;0;0;0;0;0;0;0;0;0;0;0;0;0;0;0;0;0;0;0;0;0;0;0;0;0;3;4;1;16
13.03.2025;23:42;A 11;1;0;0;2;20;0;0;0;0;1;1;0;0;0;0;0;0;0;0;0;0;0;0;1;7;1;5;1;7;0;0;0;0
13.03.2025;23:41;A 11;1;0;0;0;13;0;0;0;0;0;0;0;0;0;0;0;0;0;0;0;0;0;0;0;0;0;0;0;0;0;0;0;0
13.03.2025;23:40;A 11;1;0;0;1;1;0;0;0;0;0;0;0;0;0;0;0;0;0;0;0;0;0;0;0;0;0;0;0;0;0;0;0;0
13.03.2025;23:39;A 11;1;0;0;0;0;0;0;0;0;1;1;0;0;0;0;0;0;0;0;0;0;0;0;0;0;1;7;0;0;0;0;0;0
13.03.2025;23:38;A 11;1;1;15;0;0;0;0;1;1;1;1;0;0;0;0;1;1;0;0;0;0;0;0;2;29;1;11;1;13;0;0;0;0
13.03.2025;23:37;A 11;1;0;13;0;0;0;0;0;0;1;1;2;3;0;0;0;0;0;0;0;0;1;5;2;12;2;22;2;34;0;0;0;0
13.03.2025;23:36;A 11;1;1;4;0;0;0;0;1;1;0;0;0;0;0;0;0;0;0;0;0;0;0;0;1;14;0;0;1;1;0;0;0;0
13.03.2025;23:35;A 11;1;1;40;0;0;0;0;0;0;3;5;0;0;0;0;0;0;0;0;0;0;0;0;1;18;3;20;1;15;0;0;0;0
13.03.2025;23:34;A 11;1;1;33;4;28;0;12;0;0;1;1;0;0;0;0;2;5;0;0;0;0;0;0;1;11;1;8;2;12;2;4;2;11
13.03.2025;23:33;A 11;1;1;34;1;1;1;39;1;1;1;1;0;0;0;0;0;0;0;0;0;0;0;0;2;24;1;9;1;13;1;0;1;9
13.03.2025;23:32;A 11;1;1;16;2;30;0;0;0;0;0;0;0;0;0;0;0;0;0;0;0;0;0;0;0;0;0;0;0;0;0;0;0;0
13.03.2025;23:31;A 11;1;0;0;0;0;0;0;3;3;3;3;0;0;0;0;0;0;0;0;0;0;0;0;3;41;4;20;4;29;0;0;0;0
13.03.2025;23:30;A 11;1;4;39;2;33;0;0;0;0;1;1;0;0;2;2;2;4;0;0;0;0;0;0;0;0;1;1;0;0;3;15;1;39
13.03.2025;23:29;A 11;1;3;23;1;12;0;0;0;0;0;0;0;0;0;0;0;0;0;0;0;0;0;0;0;1;0;0;0;0;0;0;0;0
13.03.2025;23:28;A 11;1;1;9;2;27;0;0;5;5;1;1;0;0;0;0;0;0;0;0;0;0;0;0;5;50;1;11;5;27;0;0;0;0
13.03.2025;23:27;A 11;1;0;0;0;0;0;0;3;3;2;1;0;0;0;0;0;0;0;0;0;0;0;0;2;35;1;6;3;21;1;2;0;0
13.03.2025;23:26;A 11;1;0;12;0;0;0;0;1;1;1;1;1;1;0;0;1;1;0;0;0;0;0;0;4;20;3;13;6;35;0;0;0;0
13.03.2025;23:25;A 11;1;1;4;0;0;0;0;0;0;1;1;0;0;0;0;0;0;0;0;0;0;0;0;1;14;1;9;1;8;0;0;0;0
13.03.2025;23:24;A 11;1;1;17;1;18;0;0;0;0;0;0;1;1;0;0;1;0;0;0;0;0;0;0;2;5;1;8;1;9;0;0;0;0
13.03.2025;23:23;A 11;1;0;16;1;12;0;0;1;1;3;3;0;0;0;0;0;0;0;0;0;0;0;0;2;27;3;22;2;20;0;0;0;0
13.03.2025;23:22;A 11;1;3;19;2;18;0;0;1;2;0;0;0;0;1;2;2;8;0;0;0;0;0;0;1;17;0;0;1;5;1;3;2;25
13.03.2025;23:21;A 11;1;1;5;1;19;0;0;1;1;1;1;0;0;1;30;1;29;0;0;0;0;0;0;2;19;1;9;2;9;2;40;1;27
13.03.2025;23:20;A 11;1;1;19;0;0;0;0;0;0;1;1;0;0;2;1;0;0;0;0;0;0;0;0;1;18;1;10;2;14;1;2;1;2
13.03.2025;23:19;A 11;1;1;7;1;18;0;0;1;1;1;1;0;0;0;0;0;0;0;0;0;0;0;0;2;25;1;7;3;15;0;0;0;0
13.03.2025;23:18;A 11;1;0;0;0;0;0;0;2;3;2;2;0;0;0;0;0;0;0;0;0;0;0;0;2;33;1;12;3;19;0;0;0;0
13.03.2025;23:17;A 11;1;1;8;1;10;0;0;0;0;2;2;0;0;1;3;1;1;0;0;0;0;0;0;2;18;2;12;3;17;1;9;2;10
13.03.2025;23:16;A 11;1;2;26;1;16;0;0;2;3;1;1;0;0;0;0;1;2;0;0;0;0;0;0;1;23;4;15;4;19;0;12;0;15
13.03.2025;23:15;A 11;1;0;2;1;19;0;0;1;1;2;2;0;0;0;0;0;0;0;0;0;0;0;0;2;35;2;16;2;24;1;1;3;6
13.03.2025;23:14;A 11;1;1;13;2;25;0;0;2;2;2;2;0;0;0;0;0;0;0;0;0;0;0;0;2;23;3;18;3;28;0;0;0;0
13.03.2025;23:13;A 11;1;1;15;1;14;1;2;3;3;3;3;0;0;0;0;0;0;0;0;0;0;0;0;4;43;3;20;5;32;0;0;0;0
13.03.2025;23:12;A 11;1;2;32;0;1;0;0;2;2;0;0;0;0;0;0;0;0;0;0;0;0;1;3;2;22;1;1;3;14;0;0;0;0
13.03.2025;23:11;A 11;1;1;7;1;10;0;0;4;4;2;2;0;0;0;0;0;0;0;0;0;0;0;0;2;44;2;16;2;27;0;0;0;0
13.03.2025;23:10;A 11;1;1;83;2;29;0;0;2;3;2;2;1;1;2;2;1;1;0;0;0;0;0;0;3;30;4;20;6;48;1;15;0;0
13.03.2025;23:09;A 11;1;0;0;1;12;0;0;0;0;3;4;0;0;1;7;0;0;0;0;0;0;0;0;2;35;4;24;3;29;0;0;0;0
13.03.2025;23:08;A 11;1;1;33;0;4;1;1;3;4;0;0;0;0;1;11;1;9;0;0;0;0;0;0;2;31;0;0;1;9;2;15;4;27
13.03.2025;23:07;A 11;1;5;49;2;26;0;0;5;7;1;1;0;0;1;2;1;1;0;0;0;0;0;0;4;70;1;5;5;42;1;14;2;21
13.03.2025;23:06;A 11;1;0;0;1;39;1;1;3;4;3;3;0;0;0;0;0;0;0;0;0;0;0;0;3;50;4;21;2;34;0;0;0;0
13.03.2025;23:05;A 11;1;2;18;1;2;0;0;0;0;1;1;0;0;0;0;1;12;0;0;0;0;0;0;1;13;2;9;1;12;1;13;2;23
13.03.2025;23:04;A 11;1;1;13;1;13;0;0;1;2;2;4;0;0;0;0;0;0;0;0;0;0;0;0;2;24;1;21;3;19;0;0;0;0
13.03.2025;23:03;A 11;1;1;19;0;0;0;0;2;4;2;3;0;0;3;5;1;17;0;0;0;0;0;0;1;40;3;15;3;36;5;35;5;35
13.03.2025;23:02;A 11;1;2;37;2;14;0;0;1;2;1;1;0;0;0;0;0;0;0;0;0;0;0;0;1;20;2;12;1;13;0;0;2;1
13.03.2025;23:01;A 11;1;2;18;1;29;0;0;3;6;3;7;3;4;0;0;1;1;0;0;0;0;0;0;1;46;1;43;7;52;0;0;0;0
13.03.2025;23:00;A 11;1;3;34;0;0;0;0;0;0;1;1;0;0;1;32;1;47;0;0;0;0;0;0;3;15;1;9;1;11;1;10;2;15
13.03.2025;22:59;A 11;1;1;18;4;50;0;0;1;1;0;0;0;0;0;0;1;29;0;0;0;0;0;0;1;7;0;0;2;7;0;0;1;16
13.03.2025;22:58;A 11;1;1;10;1;43;0;0;2;2;1;1;0;0;0;0;0;0;0;0;0;0;0;0;1;19;1;8;1;9;0;0;0;0
13.03.2025;22:57;A 11;1;1;14;1;50;0;0;2;2;0;0;1;1;1;32;1;1;0;0;0;0;0;0;2;20;1;8;4;33;3;20;3;21
13.03.2025;22:56;A 11;1;2;22;1;31;0;0;3;7;3;4;0;0;0;0;0;0;0;0;0;0;0;0;2;70;5;31;3;52;0;0;0;0
13.03.2025;22:55;A 11;1;1;84;1;3;1;12;3;3;3;3;0;0;0;0;2;56;0;0;0;0;0;0;2;36;2;24;2;39;1;3;2;3
13.03.2025;22:54;A 11;1;2;22;2;92;1;1;3;5;2;3;0;0;0;0;1;20;0;0;0;0;0;0;2;80;4;26;2;41;1;13;1;25
13.03.2025;22:53;A 11;1;2;29;2;16;0;0;2;3;1;1;0;0;0;0;1;1;0;0;0;0;0;0;3;41;2;8;4;27;0;0;0;0
13.03.2025;22:52;A 11;1;6;33;2;18;0;0;3;3;1;2;0;0;0;0;1;1;0;0;0;0;0;0;4;47;1;13;3;60;0;0;0;0
13.03.2025;22:51;A 11;1;1;13;2;21;0;0;4;4;1;1;0;0;0;0;1;1;0;0;0;0;0;0;2;25;0;3;4;22;0;0;0;0
13.03.2025;22:50;A 11;1;3;22;2;22;0;0;1;1;1;1;0;0;0;0;0;0;0;0;0;0;0;0;2;23;1;8;2;18;0;0;0;0
13.03.2025;22:49;A 11;1;1;21;1;16;0;0;1;1;1;1;0;0;0;0;1;1;0;0;0;0;0;0;1;23;1;7;1;12;0;0;0;0
13.03.2025;22:48;A 11;1;5;28;1;45;0;0;1;1;2;2;0;0;2;61;2;3;0;0;0;0;0;0;2;24;8;20;3;18;2;14;3;12
13.03.2025;22:47;A 11;1;1;19;1;6;0;0;1;1;3;4;0;0;1;4;1;15;0;0;0;0;0;0;2;37;3;24;1;24;3;29;1;38
13.03.2025;22:46;A 11;1;1;95;3;68;0;0;3;4;3;5;0;0;0;0;0;0;0;0;0;0;0;0;3;61;1;50;3;41;0;0;0;0
13.03.2025;22:45;A 11;1;4;62;2;32;0;0;0;0;1;1;0;0;1;0;1;1;0;0;0;0;0;0;2;30;3;14;2;17;1;17;3;23
13.03.2025;22:44;A 11;1;1;71;6;33;0;0;3;1;4;5;0;0;0;0;2;2;0;0;0;0;0;0;2;38;4;22;3;30;3;6;0;0
13.03.2025;22:43;A 11;1;2;32;1;14;0;0;5;6;5;5;0;0;0;0;1;1;0;0;0;0;0;0;1;51;2;33;2;44;0;0;0;0
13.03.2025;22:42;A 11;1;2;71;0;0;0;0;5;8;2;2;1;1;1;1;1;1;0;0;0;0;0;0;1;55;3;21;3;37;1;14;0;0
13.03.2025;22:41;A 11;1;0;47;2;34;1;1;3;15;1;3;0;0;0;0;1;1;0;0;0;0;0;0;2;51;2;30;2;19;0;6;0;8
13.03.2025;22:40;A 11;1;1;12;4;32;0;0;3;4;1;1;0;0;1;0;2;5;0;0;0;0;1;3;4;56;1;12;6;57;2;17;3;21
13.03.2025;22:39;A 11;1;2;32;2;15;0;0;4;4;4;14;0;0;0;1;2;58;0;0;0;0;1;3;2;50;3;41;3;45;1;13;3;35
13.03.2025;22:38;A 11;1;4;31;0;0;0;0;0;0;2;3;0;0;1;8;1;8;0;0;0;0;0;0;1;25;2;20;3;18;1;7;1;13
13.03.2025;22:37;A 11;1;1;16;2;21;0;0;0;0;1;2;0;0;0;0;0;6;0;0;0;0;0;0;1;23;1;13;1;17;2;12;2;15
13.03.2025;22:36;A 11;1;2;76;2;40;0;0;3;2;5;4;0;0;0;0;2;17;0;0;0;0;0;0;2;32;3;24;2;34;0;0;1;17
13.03.2025;22:35;A 11;1;1;4;2;43;0;0;0;0;1;1;0;0;0;0;0;0;0;0;0;0;0;0;1;18;1;8;1;15;2;4;1;7
13.03.2025;22:34;A 11;1;2;28;2;21;0;0;5;5;3;3;0;0;0;0;1;45;0;0;0;0;1;5;2;40;2;23;3;23;0;0;1;19
13.03.2025;22:33;A 11;1;1;11;1;12;0;0;1;1;2;2;0;0;1;3;1;1;0;0;0;0;0;0;1;24;2;14;1;21;1;11;1;14
13.03.2025;22:32;A 11;1;6;32;2;31;1;1;2;2;1;1;0;0;0;0;0;0;0;0;0;0;0;0;2;26;5;13;2;10;0;0;0;0
13.03.2025;22:31;A 11;1;1;17;1;17;0;0;2;3;1;1;0;0;0;0;1;30;0;0;0;0;0;0;2;36;2;12;5;25;2;8;4;13
13.03.2025;22:30;A 11;1;1;12;1;26;0;0;2;1;2;2;0;0;0;0;1;23;0;0;0;0;0;0;2;35;3;17;3;19;0;0;0;3
13.03.2025;22:29;A 11;1;2;27;2;44;1;2;3;4;4;4;0;0;1;1;4;55;0;0;0;0;0;0;5;55;7;30;4;59;2;10;2;50
13.03.2025;22:28;A 11;1;4;44;3;44;0;0;1;1;4;4;0;0;0;0;2;71;0;0;0;0;0;0;2;33;10;34;2;25;1;16;4;49
13.03.2025;22:27;A 11;1;1;53;0;0;1;41;3;5;2;5;0;0;0;13;0;12;0;0;0;0;0;0;2;53;5;34;2;31;0;0;0;0
13.03.2025;22:26;A 11;1;3;70;3;77;0;0;0;0;1;2;0;0;1;43;2;56;0;0;0;0;0;0;1;15;2;10;1;17;3;18;2;22
13.03.2025;22:25;A 11;1;1;20;2;29;0;0;2;2;1;1;1;2;0;0;2;21;0;0;0;0;0;0;2;29;7;20;2;14;1;6;2;17
13.03.2025;22:24;A 11;1;1;49;0;0;0;0;0;0;1;1;0;0;0;0;2;29;0;0;0;0;0;0;2;13;2;12;2;7;0;2;1;8
13.03.2025;22:23;A 11;1;2;18;1;13;0;0;2;2;1;1;0;0;2;10;2;2;0;0;0;0;0;0;2;31;1;7;1;12;3;22;0;0
13.03.2025;22:22;A 11;1;5;34;3;23;1;40;0;0;1;1;0;0;0;0;1;1;0;0;0;0;0;0;1;11;3;10;1;2;0;0;0;0
13.03.2025;22:21;A 11;1;4;51;2;66;0;0;5;5;4;15;0;0;0;0;1;14;0;0;0;0;0;0;2;70;1;51;5;59;1;5;0;0
13.03.2025;22:20;A 11;1;2;27;2;32;0;0;3;5;3;2;0;0;0;0;2;72;0;0;0;0;0;0;2;41;2;58;3;29;0;0;1;13
13.03.2025;22:19;A 11;1;2;24;1;35;0;0;0;0;4;4;2;3;2;1;2;62;0;0;0;0;0;0;0;23;2;75;0;22;4;17;2;23
13.03.2025;22:18;A 11;1;2;22;7;48;0;0;2;3;2;1;0;0;0;0;0;1;0;0;0;0;0;0;5;48;4;14;4;28;0;0;0;0
13.03.2025;22:17;A 11;1;2;38;2;74;0;0;1;1;1;0;0;0;2;3;3;2;0;0;0;0;0;0;1;14;2;4;1;11;2;16;0;0
13.03.2025;22:16;A 11;1;2;63;2;41;0;0;2;2;2;2;0;0;1;0;1;18;0;0;0;0;0;0;2;30;2;15;2;26;1;12;0;0
13.03.2025;22:15;A 11;1;2;44;5;42;0;0;1;2;3;4;0;0;0;0;1;30;0;0;0;0;0;0;2;43;2;27;3;23;1;3;1;6
13.03.2025;22:14;A 11;1;1;99;0;81;0;0;0;0;0;0;0;0;1;3;3;15;0;0;0;0;0;0;0;0;0;0;0;0;3;23;2;40
13.03.2025;22:13;A 11;1;2;13;2;20;0;0;3;6;5;6;0;0;0;0;1;0;1;2;0;0;0;0;3;69;10;49;5;49;1;1;1;9
13.03.2025;22:12;A 11;1;3;27;2;32;1;1;9;9;4;7;0;0;1;13;2;11;0;0;0;0;0;0;3;66;2;33;2;38;1;8;1;15
13.03.2025;22:11;A 11;1;4;55;4;33;0;0;0;0;2;2;0;0;1;3;1;1;0;0;0;0;0;0;2;26;2;17;4;19;3;15;1;7
13.03.2025;22:10;A 11;1;3;11;1;24;0;0;0;0;1;1;0;0;0;0;0;0;0;0;0;0;0;0;1;10;2;6;1;11;2;3;0;0
13.03.2025;22:09;A 11;1;1;50;1;66;0;0;5;5;5;6;3;4;0;0;0;0;0;0;0;0;0;0;2;52;2;54;2;64;0;0;0;0
13.03.2025;22:08;A 11;1;6;75;1;71;0;0;0;0;0;0;8;10;2;5;3;57;0;0;0;0;0;0;5;10;0;100;2;60;0;0;1;60
13.03.2025;22:07;A 11;1;4;37;0;9;0;0;2;2;3;2;1;1;0;0;2;9;0;0;0;0;0;0;3;27;3;37;3;48;0;0;1;56
13.03.2025;22:06;A 11;1;6;32;1;9;1;1;0;0;1;1;0;0;1;5;2;12;0;0;0;0;0;0;3;21;2;12;2;17;0;0;2;30
13.03.2025;22:05;A 11;1;4;31;1;49;0;0;3;3;2;2;0;0;0;0;0;0;0;0;0;0;0;0;3;46;1;11;2;28;0;0;0;0
13.03.2025;22:04;A 11;1;0;33;2;33;0;0;6;8;1;1;0;0;0;0;1;62;0;0;0;0;0;0;0;44;1;9;2;18;1;7;0;11
13.03.2025;22:03;A 11;1;1;71;2;89;0;0;2;5;1;1;0;0;0;0;1;1;2;5;0;0;0;0;1;51;1;24;2;11;0;0;1;3
13.03.2025;22:02;A 11;1;6;50;6;46;1;2;3;6;2;4;2;3;3;5;4;4;0;0;0;0;1;3;2;42;1;27;1;23;0;4;1;13
13.03.2025;22:01;A 11;1;6;72;2;33;0;0;1;1;0;0;2;2;1;82;3;3;0;0;0;0;0;0;3;15;1;10;1;10;3;53;0;0
13.03.2025;22:00;A 11;1;6;56;1;12;0;0;1;1;0;0;0;0;1;23;1;2;0;0;0;0;0;0;1;13;0;0;2;5;1;5;0;0
13.03.2025;21:59;A 11;1;2;49;1;25;0;0;3;4;2;2;0;0;0;0;0;0;0;0;0;0;0;0;1;36;2;20;2;19;1;4;1;2
13.03.2025;21:58;A 11;1;8;78;1;13;0;0;3;3;4;5;0;0;0;0;1;1;0;0;0;0;0;0;4;48;5;31;4;45;0;0;0;0
13.03.2025;21:57;A 11;1;4;69;3;56;0;0;2;2;6;7;0;0;0;0;0;0;0;0;0;0;0;0;2;38;7;31;1;42;0;0;0;0
13.03.2025;21:56;A 11;1;1;34;1;6;0;0;4;3;1;0;0;0;0;0;0;0;0;0;0;0;0;0;3;30;3;3;4;12;0;0;0;0
13.03.2025;21:55;A 11;1;4;30;2;37;0;0;2;3;4;5;0;0;0;0;0;0;0;0;0;0;0;0;1;46;2;41;2;29;0;0;0;0
13.03.2025;21:54;A 11;1;6;36;2;17;0;0;1;1;1;1;0;0;0;0;0;0;1;2;0;0;1;4;2;20;2;7;2;12;0;0;0;0
13.03.2025;21:53;A 11;1;4;83;3;74;0;0;1;2;2;3;0;0;0;0;1;64;1;2;0;0;0;0;2;22;2;22;2;23;0;0;0;4
13.03.2025;21:52;A 11;1;3;43;2;18;0;0;2;2;1;1;0;0;1;21;0;0;0;0;0;0;0;0;2;26;1;7;1;14;1;9;1;7
13.03.2025;21:51;A 11;1;0;100;1;86;0;0;4;4;2;3;0;0;0;0;2;52;0;0;0;0;0;0;2;43;1;20;2;22;0;0;0;56
13.03.2025;21:50;A 11;1;8;64;5;29;0;0;1;1;2;1;0;0;0;0;1;28;0;0;0;0;0;0;2;19;2;15;1;23;1;15;1;41
13.03.2025;21:49;A 11;1;7;55;1;14;0;0;1;1;3;3;0;0;0;0;0;0;0;0;0;0;0;0;3;28;5;19;3;24;0;0;0;0
13.03.2025;21:48;A 11;1;3;29;3;17;0;0;3;5;2;2;0;0;0;0;0;0;1;2;0;0;0;0;2;51;2;14;2;23;0;0;0;0
13.03.2025;21:47;A 11;1;2;23;0;27;0;0;1;2;1;2;0;0;0;0;1;1;0;0;0;0;0;0;2;26;1;15;2;17;0;0;0;0
13.03.2025;21:46;A 11;1;8;45;1;37;0;0;4;5;4;4;0;0;0;0;2;2;0;0;0;0;0;0;3;55;6;32;6;47;0;0;1;11
13.03.2025;21:45;A 11;1;3;54;2;37;1;1;3;3;5;4;2;2;0;0;2;3;0;0;0;0;0;0;1;46;2;28;2;37;1;2;1;9
13.03.2025;21:44;A 11;1;6;22;3;29;0;0;2;2;3;10;0;0;2;21;1;1;0;0;0;0;0;0;2;36;1;32;2;37;1;23;0;3
13.03.2025;21:43;A 11;1;6;59;1;61;0;0;2;2;1;1;0;0;1;40;0;0;0;0;0;0;0;0;1;17;2;6;3;12;2;17;3;8
13.03.2025;21:42;A 11;1;4;71;3;74;0;0;1;1;0;0;0;0;0;36;0;37;0;0;0;0;0;0;2;10;0;0;2;11;1;10;1;3
13.03.2025;21:41;A 11;1;5;56;3;62;0;0;2;3;1;1;0;0;2;25;2;25;1;2;0;0;0;0;2;29;2;4;3;18;4;19;2;16
13.03.2025;21:40;A 11;1;2;30;2;76;0;0;5;6;4;4;0;0;1;2;1;17;0;0;0;0;1;3;3;60;6;36;3;42;1;7;0;0
13.03.2025;21:39;A 11;1;12;59;1;34;0;0;2;3;1;1;0;0;0;0;1;26;0;0;0;0;0;0;5;32;2;8;3;10;0;0;1;11
13.03.2025;21:38;A 11;1;1;77;3;82;1;0;7;11;4;11;0;0;1;1;1;55;0;0;0;0;0;0;6;75;1;41;2;42;0;12;2;12
13.03.2025;21:37;A 11;1;2;86;1;14;0;0;2;3;2;4;0;0;1;25;1;53;0;0;0;0;0;0;2;34;2;28;5;31;4;19;1;12
13.03.2025;21:36;A 11;1;1;97;2;41;0;0;3;2;3;4;0;0;1;48;1;48;0;0;0;0;0;0;3;47;6;23;4;30;1;7;1;3
13.03.2025;21:35;A 11;1;2;49;3;49;0;0;3;2;7;8;0;0;1;3;0;0;0;0;0;0;1;3;4;79;7;54;4;70;1;14;0;0
13.03.2025;21:34;A 11;1;2;50;1;49;1;29;3;2;6;10;0;0;1;0;1;1;0;0;0;0;0;0;2;69;3;61;3;49;0;0;1;7
13.03.2025;21:33;A 11;1;2;83;1;63;0;0;3;4;4;4;0;0;0;0;0;0;0;0;0;0;0;0;3;51;3;30;3;36;0;0;0;0
13.03.2025;21:32;A 11;1;3;37;1;49;0;0;3;2;2;2;0;0;0;0;1;66;0;0;0;0;0;0;2;36;2;12;3;29;0;0;1;9
13.03.2025;21:31;A 11;1;2;44;3;64;0;0;2;2;4;3;0;0;1;40;1;1;0;0;0;0;0;0;4;52;4;26;4;56;1;13;1;9
13.03.2025;21:30;A 11;1;3;59;4;50;0;0;1;1;5;6;0;0;1;72;0;84;0;0;0;0;0;0;2;56;6;38;5;71;0;9;0;0
13.03.2025;21:29;A 11;1;13;78;3;32;0;0;2;2;3;4;0;0;1;22;2;38;0;0;0;0;0;0;3;46;3;31;4;46;2;12;2;22
13.03.2025;21:28;A 11;1;1;43;2;64;0;0;2;3;4;6;0;0;0;0;2;41;0;0;0;0;0;0;2;44;2;30;3;35;1;4;2;22
13.03.2025;21:27;A 11;1;2;80;2;77;0;0;0;0;2;5;0;0;2;5;3;9;0;0;0;0;0;0;1;36;3;30;1;31;0;0;1;12
13.03.2025;21:26;A 11;1;3;40;1;33;0;0;0;0;3;3;0;0;1;2;1;28;0;0;0;0;0;0;3;33;3;22;2;19;1;27;2;39
13.03.2025;21:25;A 11;1;2;42;1;54;1;0;2;3;0;0;0;0;0;0;2;2;0;0;0;0;0;0;1;32;1;2;2;6;0;0;0;0
13.03.2025;21:24;A 11;1;4;72;2;40;0;0;4;4;4;4;0;0;0;0;0;0;0;0;0;0;1;5;3;40;2;23;3;33;0;0;0;0
13.03.2025;21:23;A 11;1;2;77;4;41;1;44;1;1;0;0;0;0;0;0;2;2;0;0;0;0;0;0;1;10;0;0;1;1;1;22;0;0
13.03.2025;21:22;A 11;1;2;70;2;92;0;0;0;0;1;2;0;0;0;0;0;0;1;2;0;0;0;0;1;12;4;12;1;17;0;0;0;0
13.03.2025;21:21;A 11;1;3;38;2;34;0;0;3;5;2;2;2;3;0;0;1;19;0;0;0;0;0;0;3;69;4;27;3;32;0;0;0;0
13.03.2025;21:20;A 11;1;5;82;3;27;0;0;2;2;2;3;0;0;0;0;1;10;0;0;0;0;0;0;2;33;4;23;3;22;0;0;1;7
13.03.2025;21:19;A 11;1;4;67;5;61;2;1;6;15;5;18;1;1;0;0;1;1;0;0;0;0;0;0;4;75;2;55;2;62;0;0;0;0
13.03.2025;21:18;A 11;1;2;41;5;26;0;0;2;2;7;9;0;0;0;0;1;10;0;0;0;0;0;0;3;58;5;46;3;49;1;6;1;8
13.03.2025;21:17;A 11;1;5;27;6;83;0;0;3;4;4;4;0;0;1;68;1;2;0;0;0;0;0;0;3;41;3;27;3;33;1;3;0;7
13.03.2025;21:16;A 11;1;4;68;1;31;0;0;1;1;1;1;0;0;0;0;2;16;0;0;0;0;0;0;1;23;1;8;1;15;1;7;3;15
13.03.2025;21:15;A 11;1;6;43;6;46;0;0;3;5;1;1;0;0;0;0;1;53;0;0;0;0;0;0;2;50;0;7;0;4;1;6;1;10
13.03.2025;21:14;A 11;1;2;43;2;24;0;0;4;4;4;4;0;0;0;0;0;0;0;0;0;0;0;0;2;45;7;25;3;26;0;0;0;0
13.03.2025;21:13;A 11;1;2;44;2;39;0;0;5;5;6;7;1;1;1;6;0;22;0;0;0;0;0;0;2;58;3;38;3;44;1;7;1;4
13.03.2025;21:12;A 11;1;7;52;4;30;0;0;3;3;2;2;0;0;0;0;1;38;0;0;0;0;0;0;2;28;2;18;2;19;2;4;1;12
13.03.2025;21:11;A 11;1;2;52;4;32;0;0;3;4;0;0;0;0;0;0;1;1;0;0;0;0;0;0;4;22;1;1;0;0;0;0;0;0
13.03.2025;21:10;A 11;1;2;22;4;50;0;0;4;4;3;5;2;3;0;0;2;35;0;0;0;0;0;0;2;44;2;39;1;14;0;0;1;10
13.03.2025;21:09;A 11;1;2;23;2;19;0;0;1;1;3;3;0;0;0;0;0;0;0;0;0;0;0;0;4;47;4;23;2;28;0;0;1;1
13.03.2025;21:08;A 11;1;3;51;2;47;0;0;3;2;3;4;0;0;1;9;1;1;0;0;0;0;0;0;2;37;2;29;2;31;2;11;1;5
13.03.2025;21:07;A 11;1;2;36;3;70;0;0;4;3;7;10;0;0;0;0;2;13;0;0;0;0;0;0;3;71;6;60;5;64;0;0;2;13
13.03.2025;21:06;A 11;1;2;12;2;63;0;0;1;2;2;2;0;0;0;0;0;0;0;0;0;0;1;3;3;35;2;13;2;10;0;0;0;0
13.03.2025;21:05;A 11;1;2;46;2;27;0;0;2;1;3;3;0;0;0;0;0;0;0;0;0;0;0;0;3;34;4;23;3;28;0;0;0;0
13.03.2025;21:04;A 11;1;1;47;3;51;0;0;1;3;2;3;0;0;0;0;1;22;0;0;0;0;1;3;2;39;3;20;2;26;0;0;1;12
13.03.2025;21:03;A 11;1;3;51;2;20;0;0;3;5;2;4;2;3;1;9;2;8;0;0;0;0;0;0;3;71;4;31;5;36;1;18;1;12
13.03.2025;21:02;A 11;1;6;52;2;30;0;0;2;3;2;3;3;4;0;1;2;2;0;0;0;0;0;0;1;31;1;23;1;21;1;1;1;8
13.03.2025;21:01;A 11;1;1;19;0;0;0;0;3;5;4;5;0;0;1;40;1;19;0;0;0;0;0;0;3;66;2;30;3;28;2;10;2;11
13.03.2025;21:00;A 11;1;2;25;1;7;0;0;1;1;0;0;0;0;1;23;1;20;0;0;0;0;0;0;1;12;0;0;0;0;0;0;1;10
13.03.2025;20:59;A 11;1;3;62;5;51;0;14;2;2;4;5;0;0;1;62;2;47;0;0;0;0;0;0;2;36;2;26;2;21;3;35;2;16
13.03.2025;20:58;A 11;1;1;30;3;56;1;42;1;1;5;6;0;0;1;32;2;2;0;0;0;0;0;0;4;53;6;41;4;47;1;12;1;7
13.03.2025;20:57;A 11;1;0;51;2;64;1;36;2;2;1;1;0;0;0;0;0;1;0;0;0;0;0;0;1;14;1;8;1;8;1;5;1;8
13.03.2025;20:56;A 11;1;2;24;2;11;0;0;3;3;5;5;0;0;0;0;1;46;0;0;0;0;1;3;2;43;2;22;2;27;0;0;1;10
13.03.2025;20:55;A 11;1;5;67;3;21;0;0;2;3;4;4;0;0;0;0;0;0;0;0;0;0;0;0;4;52;3;29;3;43;0;0;0;0
13.03.2025;20:54;A 11;1;1;44;4;26;0;0;5;12;4;8;0;0;0;0;1;38;0;0;0;0;1;3;3;83;4;63;2;44;0;0;0;0
13.03.2025;20:53;A 11;1;1;16;2;35;0;0;1;0;3;5;0;0;2;16;3;24;0;0;0;0;0;0;4;49;7;36;4;36;3;23;4;42
13.03.2025;20:52;A 11;1;2;48;2;40;1;1;2;2;4;5;1;1;0;27;0;28;0;0;0;0;0;0;2;51;1;30;1;33;1;2;1;3
13.03.2025;20:51;A 11;1;4;33;2;52;0;0;4;4;4;5;0;0;1;28;2;33;0;0;0;0;0;0;2;46;4;28;3;32;1;13;2;10
13.03.2025;20:50;A 11;1;3;38;7;51;0;0;3;3;3;4;1;1;0;0;1;6;0;0;0;0;0;0;4;60;5;29;3;39;1;11;1;16
13.03.2025;20:49;A 11;1;0;10;3;64;0;0;7;7;5;4;0;0;0;0;0;0;0;0;0;0;0;0;1;44;3;28;4;40;0;0;0;0
13.03.2025;20:48;A 11;1;3;32;5;50;1;20;49;5;6;36;0;0;0;0;0;0;0;0;0;0;0;0;3;81;2;69;2;72;0;0;0;0
13.03.2025;20:47;A 11;1;4;59;2;38;0;0;1;1;3;3;0;0;2;4;2;4;0;0;0;0;0;0;2;23;2;16;2;21;4;33;2;24
13.03.2025;20:46;A 11;1;4;74;2;36;0;0;4;5;1;1;0;0;0;0;0;41;0;0;0;0;0;0;3;46;2;9;1;8;0;0;0;0
13.03.2025;20:45;A 11;1;3;68;6;57;1;19;1;2;2;2;0;0;0;0;2;21;0;0;0;0;0;0;2;38;2;16;3;21;1;3;2;28
13.03.2025;20:44;A 11;1;1;42;1;29;1;41;2;2;3;3;0;0;1;40;1;2;0;0;0;0;0;0;3;38;3;21;2;24;0;1;0;0
13.03.2025;20:43;A 11;1;2;41;1;57;1;26;1;1;4;5;0;0;0;0;2;2;0;0;0;0;0;0;2;32;2;25;3;31;5;14;2;22
13.03.2025;20:42;A 11;1;1;16;2;19;1;59;2;2;3;7;0;0;0;0;0;0;0;0;0;0;0;0;1;38;2;49;1;23;2;20;1;14
13.03.2025;20:41;A 11;1;1;40;4;38;1;26;0;0;1;1;0;0;0;47;1;2;0;0;0;0;0;0;0;15;1;9;1;9;0;0;0;0
13.03.2025;20:40;A 11;1;5;58;2;72;0;0;0;0;2;2;1;0;1;5;0;0;0;0;0;0;0;0;2;23;1;18;1;16;2;10;2;6
13.03.2025;20:39;A 11;1;2;55;4;57;0;0;5;7;2;4;0;0;1;44;2;41;0;0;0;0;0;0;3;59;2;18;2;16;2;15;3;32
13.03.2025;20:38;A 11;1;1;51;2;49;0;4;1;2;1;1;0;0;1;1;2;2;0;0;0;0;0;0;3;33;1;7;1;5;5;12;6;16
13.03.2025;20:37;A 11;1;2;36;2;71;1;25;3;5;5;5;0;0;0;0;0;0;0;0;0;0;0;0;3;35;4;43;3;34;0;0;0;0
13.03.2025;20:36;A 11;1;3;69;8;68;0;0;4;6;4;5;2;2;1;64;3;71;0;0;0;0;0;0;3;55;6;47;3;41;3;18;1;67
13.03.2025;20:35;A 11;1;2;33;1;21;0;0;1;4;0;0;2;2;1;17;2;2;0;0;0;0;0;0;4;21;2;11;2;13;2;17;4;7
13.03.2025;20:34;A 11;1;4;50;4;37;0;0;4;5;2;2;0;0;0;0;0;0;0;0;0;0;0;0;3;47;3;19;5;32;0;0;0;0
13.03.2025;20:33;A 11;1;3;24;3;32;0;0;2;2;2;2;0;0;1;33;1;1;0;0;0;0;0;0;2;19;2;13;1;11;3;39;5;26
13.03.2025;20:32;A 11;1;3;49;4;35;1;1;4;8;3;6;0;0;2;47;1;1;0;0;1;3;0;0;3;67;3;42;2;46;1;7;1;0
13.03.2025;20:31;A 11;1;2;42;1;78;0;0;2;2;2;2;0;0;1;2;4;32;0;0;0;0;0;0;3;31;3;17;2;25;3;17;3;35
13.03.2025;20:30;A 11;1;1;42;1;25;0;0;2;2;3;3;0;0;0;0;1;30;0;0;0;0;0;0;2;28;1;17;1;15;1;3;1;32
13.03.2025;20:29;A 11;1;2;56;5;64;0;0;2;2;0;0;0;0;0;0;3;15;0;0;0;0;0;0;1;15;0;0;0;0;3;9;3;28
13.03.2025;20:28;A 11;1;6;58;0;0;2;1;5;6;2;2;0;0;0;0;0;0;0;0;0;0;0;0;3;49;1;11;1;10;0;0;0;0
13.03.2025;20:27;A 11;1;4;52;2;37;1;33;2;2;6;8;0;0;0;0;0;0;0;0;0;0;0;0;3;55;5;51;4;48;0;0;0;0
13.03.2025;20:26;A 11;1;3;61;1;59;0;0;1;1;2;2;0;0;1;62;1;1;0;0;0;0;0;0;2;23;2;16;1;17;1;10;0;0
13.03.2025;20:25;A 11;1;11;73;4;44;0;0;1;1;4;4;0;0;1;11;0;0;0;0;1;3;0;0;2;30;4;23;2;22;2;10;0;0
13.03.2025;20:24;A 11;1;1;56;1;77;0;0;1;1;2;2;0;0;0;0;0;39;0;0;0;0;0;0;2;20;2;16;2;14;0;0;0;0
13.03.2025;20:23;A 11;1;3;88;2;27;2;3;3;5;5;5;0;0;0;0;3;29;0;0;0;0;0;0;2;46;1;23;1;20;2;8;1;13
13.03.2025;20:22;A 11;1;2;19;1;39;0;0;2;2;3;4;0;0;0;0;0;0;1;2;0;0;1;3;2;34;1;15;1;17;0;0;0;0
13.03.2025;20:21;A 11;1;3;62;3;48;0;0;2;2;3;3;1;2;1;11;3;3;0;0;0;0;0;0;2;36;1;34;3;32;1;8;0;0
13.03.2025;20:20;A 11;1;2;48;1;51;1;1;4;4;2;2;4;6;0;0;1;1;0;0;0;0;0;0;2;33;5;25;3;36;2;2;0;0
13.03.2025;20:19;A 11;1;3;51;3;71;0;64;2;2;1;1;0;0;1;50;2;2;0;0;0;0;1;3;1;14;3;16;2;9;1;10;2;4
13.03.2025;20:18;A 11;1;2;59;3;70;1;32;4;4;3;3;0;0;0;0;0;0;0;0;0;0;0;0;3;32;4;15;2;20;0;0;0;0
13.03.2025;20:17;A 11;1;1;45;4;51;0;0;3;2;3;3;0;0;1;35;1;32;0;0;0;0;0;0;1;21;1;15;1;16;0;0;1;5
13.03.2025;20:16;A 11;1;1;82;1;51;0;0;2;2;2;2;1;2;1;58;5;42;0;0;0;0;0;0;1;18;1;13;2;17;1;57;1;8
13.03.2025;20:15;A 11;1;1;45;4;49;0;0;4;4;3;3;3;4;1;28;1;6;0;0;0;0;0;0;2;35;4;55;4;72;2;12;1;8
13.03.2025;20:14;A 11;1;6;61;2;34;1;1;5;5;3;3;0;0;1;16;1;14;0;0;0;0;0;0;4;52;4;22;3;35;1;9;1;5
13.03.2025;20:13;A 11;1;4;39;1;10;0;0;4;4;5;5;4;6;0;0;1;1;1;2;0;0;0;0;4;54;4;35;1;41;0;0;0;0
13.03.2025;20:12;A 11;1;2;74;3;75;2;0;4;4;1;1;0;0;1;73;1;72;0;0;0;0;0;0;2;26;1;8;2;11;6;19;1;17
13.03.2025;20:11;A 11;1;2;66;5;33;2;1;5;6;4;4;0;0;3;43;2;9;0;0;0;0;0;0;3;48;3;29;2;35;4;27;3;8
13.03.2025;20:10;A 11;1;3;66;3;71;2;2;4;5;4;4;2;2;0;0;1;17;0;0;0;0;0;0;2;41;2;23;2;51;0;0;2;13
13.03.2025;20:09;A 11;1;4;68;5;45;0;0;5;7;4;5;1;2;1;28;2;25;0;0;0;0;0;0;4;71;4;37;6;94;1;24;0;0
13.03.2025;20:08;A 11;1;3;73;2;39;0;0;2;1;5;6;0;0;1;57;1;57;0;0;0;0;0;0;1;25;1;23;4;40;3;20;2;12
13.03.2025;20:07;A 11;1;3;84;3;40;0;0;3;2;7;8;0;0;0;0;1;41;0;0;0;0;2;5;3;65;5;49;2;69;2;4;2;12
13.03.2025;20:06;A 11;1;3;56;4;70;1;29;4;4;5;6;1;1;0;0;1;1;0;0;0;0;0;0;1;42;3;28;5;56;0;0;0;0
13.03.2025;20:05;A 11;1;2;81;3;49;1;1;3;2;4;4;1;2;0;0;1;1;0;0;0;0;0;0;1;41;8;29;6;69;0;0;0;0
13.03.2025;20:04;A 11;1;4;67;2;29;0;45;1;1;1;1;1;1;0;45;0;49;0;0;0;0;0;0;2;23;3;15;1;42;0;0;0;0
13.03.2025;20:03;A 11;1;2;93;4;77;1;9;4;8;5;4;0;0;1;15;2;51;0;0;0;0;0;0;4;52;6;26;5;62;1;8;1;59
13.03.2025;20:02;A 11;1;8;41;4;63;1;2;5;4;4;4;0;0;0;0;1;0;0;0;0;0;0;0;3;58;2;41;4;45;2;9;1;20
13.03.2025;20:01;A 11;1;2;45;5;46;0;0;1;1;0;0;1;0;1;3;1;62;0;0;0;0;0;0;2;16;1;95;3;14;1;12;2;33
13.03.2025;20:00;A 11;1;7;71;5;40;0;0;6;8;4;5;1;2;0;8;2;41;2;5;1;5;0;0;2;63;2;73;4;35;0;0;2;12
13.03.2025;19:59;A 11;1;5;66;4;55;1;2;4;8;3;4;4;6;1;80;1;45;0;0;0;0;0;0;0;19;3;44;1;92;2;14;2;18
13.03.2025;19:58;A 11;1;2;89;5;25;0;0;4;8;4;4;3;3;1;66;5;6;0;0;0;0;0;0;4;59;4;42;2;86;0;41;0;0
13.03.2025;19:57;A 11;1;0;94;2;89;0;0;5;8;8;8;2;3;2;70;3;12;0;0;0;0;1;3;1;83;6;63;3;80;2;42;2;9
13.03.2025;19:56;A 11;1;3;87;0;100;0;0;6;3;6;9;1;2;1;58;2;50;0;0;0;0;0;0;3;49;3;34;3;28;2;45;3;56
13.03.2025;19:55;A 11;1;1;56;3;78;1;1;3;6;4;18;2;3;1;35;0;50;0;0;0;0;0;0;1;58;1;51;2;51;0;0;0;0
13.03.2025;19:54;A 11;1;2;46;3;39;0;0;2;3;3;4;0;0;1;17;2;59;0;0;0;0;0;0;4;32;6;22;1;13;2;15;1;11
13.03.2025;19:53;A 11;1;4;56;0;22;0;0;4;5;4;4;0;0;1;90;1;60;0;0;1;3;0;0;2;55;3;27;4;33;2;41;2;15
13.03.2025;19:52;A 11;1;3;38;4;34;0;0;3;2;4;12;0;0;0;0;2;56;0;0;0;0;0;0;2;54;1;52;2;45;2;13;2;28
13.03.2025;19:51;A 11;1;0;69;4;65;2;0;3;22;3;6;1;1;0;0;1;21;0;0;0;0;0;0;0;71;1;52;1;29;0;0;1;10
13.03.2025;19:50;A 11;1;1;60;4;61;0;0;6;6;10;13;0;0;0;0;1;8;1;5;0;0;1;3;3;64;4;46;3;44;0;0;2;9
13.03.2025;19:49;A 11;1;5;64;2;7;0;0;3;5;4;11;0;0;1;60;1;58;0;0;0;0;0;0;1;63;1;51;2;55;1;10;1;3
13.03.2025;19:48;A 11;1;0;88;2;92;3;3;3;4;5;5;1;0;2;19;3;16;0;0;0;0;0;0;2;35;4;35;5;47;2;10;1;5
13.03.2025;19:47;A 11;1;3;68;2;71;1;1;5;6;6;11;0;0;1;78;1;76;1;2;0;0;0;0;3;43;3;35;2;45;4;27;3;24
13.03.2025;19:46;A 11;1;2;36;3;56;1;1;2;1;7;35;0;0;1;1;2;12;0;0;0;0;0;0;1;78;2;70;1;72;0;0;1;4
13.03.2025;19:45;A 11;1;3;84;1;94;0;0;4;10;2;3;0;0;1;1;1;1;1;2;0;0;0;0;1;69;4;21;3;39;1;5;1;5
13.03.2025;19:44;A 11;1;3;64;4;45;2;2;7;9;6;7;0;0;1;34;2;32;0;0;0;0;0;0;1;51;3;36;1;39;2;10;1;3
13.03.2025;19:43;A 11;1;5;37;1;10;0;0;5;5;5;8;0;0;0;0;0;69;1;5;1;3;0;0;2;75;6;51;4;71;0;0;0;0
13.03.2025;19:42;A 11;1;5;68;1;75;1;1;1;2;0;0;0;0;0;0;1;9;0;0;0;0;0;0;1;14;0;0;0;0;0;0;1;23
13.03.2025;19:41;A 11;1;5;62;1;55;1;1;2;2;2;2;0;0;1;1;1;31;0;0;0;0;0;0;2;24;3;11;2;23;2;13;1;9
13.03.2025;19:40;A 11;1;4;73;3;12;1;33;3;3;3;4;0;0;2;4;1;0;0;0;0;0;0;0;4;44;4;29;4;74;2;16;1;1
13.03.2025;19:39;A 11;1;4;86;4;60;0;0;3;3;5;5;0;0;1;8;1;2;0;0;0;0;0;0;2;28;2;26;3;48;1;4;0;9
13.03.2025;19:38;A 11;1;6;77;5;51;1;1;7;6;6;5;1;2;0;100;1;0;0;0;0;0;0;0;3;45;2;25;2;35;1;72;2;8
13.03.2025;19:37;A 11;1;1;53;3;45;0;0;4;5;4;4;2;3;2;54;2;27;0;0;0;0;1;3;2;37;3;30;4;66;2;15;3;46
13.03.2025;19:36;A 11;1;8;80;3;71;2;1;1;1;1;1;0;0;0;0;0;0;0;0;0;0;0;0;1;12;1;9;3;17;0;0;0;0
13.03.2025;19:35;A 11;1;7;66;4;85;0;0;3;3;2;2;0;0;0;96;0;98;0;0;0;0;0;0;3;39;3;13;3;42;0;0;0;0
13.03.2025;19:34;A 11;1;3;31;2;33;0;52;2;1;2;3;0;0;1;8;4;70;0;0;0;0;1;3;2;30;4;21;3;40;2;9;2;69
13.03.2025;19:33;A 11;1;0;100;1;98;2;34;3;5;3;17;0;0;3;20;6;72;0;0;0;0;0;0;2;47;0;65;1;45;3;41;2;84
13.03.2025;19:32;A 11;1;2;81;3;67;0;0;6;4;5;6;2;3;1;63;1;82;0;0;0;0;1;3;3;43;2;23;4;51;1;72;2;81
13.03.2025;19:31;A 11;1;3;54;1;77;0;0;3;3;2;2;0;0;2;61;3;68;0;0;0;0;0;0;3;37;3;27;9;56;0;68;1;29
13.03.2025;19:30;A 11;1;2;42;3;80;0;0;3;5;6;15;0;0;2;44;6;62;0;0;0;0;0;0;1;90;3;83;4;70;2;63;2;49
13.03.2025;19:29;A 11;1;6;55;6;61;0;0;1;1;4;6;0;0;0;0;0;100;0;0;0;0;1;3;2;32;2;34;2;42;2;68;1;77
13.03.2025;19:28;A 11;1;2;86;2;70;1;0;2;3;5;18;0;0;0;0;3;13;0;0;0;0;0;0;2;87;5;69;2;95;1;21;3;41
13.03.2025;19:27;A 11;1;4;55;2;26;0;13;6;19;4;11;1;1;2;16;3;26;0;0;0;0;0;0;1;85;1;33;5;66;2;17;1;11
13.03.2025;19:26;A 11;1;7;43;2;43;1;7;5;5;3;3;1;1;1;31;0;100;0;0;0;0;0;0;2;46;1;23;4;50;2;15;3;36
13.03.2025;19:25;A 11;1;5;40;4;67;0;0;4;3;3;5;1;1;0;0;2;7;1;2;0;0;1;3;2;64;6;32;5;66;1;5;1;14
13.03.2025;19:24;A 11;1;0;100;0;100;0;9;3;4;3;2;0;0;0;13;4;3;0;0;0;0;0;0;1;43;4;20;4;48;0;0;1;2
13.03.2025;19:23;A 11;1;6;78;2;91;1;22;0;0;0;1;2;3;1;21;4;4;0;0;0;0;0;0;2;9;3;81;1;93;2;20;2;14
13.03.2025;19:22;A 11;1;1;87;2;71;0;0;2;3;5;11;3;5;1;57;1;54;0;0;0;0;0;0;1;63;1;53;3;95;0;54;0;3
13.03.2025;19:21;A 11;1;2;76;1;50;0;0;3;4;4;17;2;3;2;35;3;32;0;0;0;1;0;0;3;76;2;63;2;86;4;48;3;37
13.03.2025;19:20;A 11;1;4;64;1;73;4;4;7;26;9;25;2;3;0;0;2;2;1;2;1;4;0;0;2;80;1;64;5;83;2;28;1;29
13.03.2025;19:19;A 11;1;8;35;2;44;3;2;4;38;4;9;0;0;4;26;5;8;1;2;0;0;1;3;1;65;1;43;6;49;5;46;5;54
13.03.2025;19:18;A 11;1;4;38;3;59;0;0;4;3;5;30;2;3;3;4;6;12;0;0;0;0;0;0;0;69;3;74;4;87;1;5;2;43
13.03.2025;19:17;A 11;1;1;22;4;40;0;0;2;1;3;3;0;0;0;0;1;39;0;0;1;3;0;0;1;18;3;12;2;12;1;84;1;62
13.03.2025;19:16;A 11;1;5;81;2;97;1;1;3;3;1;1;0;0;2;62;3;62;0;0;0;0;0;0;3;37;3;12;3;19;4;78;2;55
13.03.2025;19:15;A 11;1;2;94;2;74;2;7;6;6;6;7;0;0;2;45;3;58;0;0;0;0;0;0;2;62;7;36;2;45;3;11;5;24
13.03.2025;19:14;A 11;1;9;73;3;67;1;90;2;11;4;11;0;0;1;87;1;1;0;0;0;0;0;0;2;50;4;34;1;31;2;19;0;1
13.03.2025;19:13;A 11;1;1;55;2;55;1;2;4;30;5;13;6;9;1;1;2;56;1;2;0;0;1;3;2;71;2;52;3;58;5;26;5;26
13.03.2025;19:12;A 11;1;1;99;2;97;1;1;3;9;4;6;0;0;1;0;2;23;0;0;0;0;0;0;2;42;3;31;3;45;1;9;2;17
13.03.2025;19:11;A 11;1;4;80;3;81;2;0;2;2;1;1;2;3;0;0;2;23;0;0;0;0;1;5;3;24;7;18;6;68;1;2;1;13
13.03.2025;19:10;A 11;1;9;50;4;50;0;0;2;3;5;7;0;0;3;64;2;62;0;0;0;0;0;0;3;36;3;33;3;60;2;41;2;8
13.03.2025;19:09;A 11;1;0;94;2;83;2;15;7;18;7;19;0;0;5;21;5;28;0;0;0;0;0;0;1;94;0;87;3;77;4;43;4;28
13.03.2025;19:08;A 11;1;4;62;2;75;2;2;4;3;5;5;1;2;0;0;1;92;1;6;1;3;0;0;1;47;4;32;3;67;1;2;1;22
13.03.2025;19:07;A 11;1;1;88;1;82;0;0;3;4;0;0;0;0;2;52;3;4;0;0;0;0;1;3;1;31;0;0;6;49;3;22;2;14
13.03.2025;19:06;A 11;1;4;30;2;24;0;0;6;15;6;9;3;4;1;65;0;0;0;0;0;0;0;0;1;91;4;63;6;77;2;18;1;3
13.03.2025;19:05;A 11;1;3;60;3;52;2;2;2;0;1;3;0;0;0;0;0;0;0;0;2;5;0;0;2;12;4;24;5;24;0;0;0;0
13.03.2025;19:04;A 11;1;2;52;2;51;0;0;2;3;4;5;0;0;3;49;4;7;0;0;0;0;1;3;4;66;6;38;4;60;3;18;2;17
13.03.2025;19:03;A 11;1;6;72;1;85;0;0;4;22;8;22;2;3;5;23;7;26;3;9;1;3;0;0;0;82;3;76;0;81;0;38;1;39
13.03.2025;19:02;A 11;1;7;50;4;52;1;1;4;4;1;1;0;0;0;100;1;38;0;0;0;0;1;7;2;31;1;5;3;39;0;100;2;24
13.03.2025;19:01;A 11;1;12;64;2;74;1;0;4;7;4;9;1;1;1;7;2;22;1;4;0;0;0;0;2;75;3;61;4;89;2;30;1;14
13.03.2025;19:00;A 11;1;6;65;2;84;0;0;4;6;3;3;2;2;0;0;6;20;0;0;0;0;0;0;1;73;4;24;4;74;0;0;2;25
13.03.2025;18:59;A 11;1;8;77;4;88;0;0;6;6;5;8;1;2;0;0;1;52;0;0;0;0;0;0;2;63;4;41;6;82;3;17;2;63
13.03.2025;18:58;A 11;1;2;36;4;63;1;0;4;4;6;10;0;0;1;1;1;64;0;0;0;0;0;0;4;65;4;91;2;80;1;6;1;6
13.03.2025;18:57;A 11;1;0;100;0;100;0;0;1;2;3;7;0;0;1;5;4;48;0;0;0;0;0;0;1;45;2;77;2;51;1;8;2;25
13.03.2025;18:56;A 11;1;3;73;4;37;1;1;9;12;5;6;0;0;0;0;0;0;0;0;0;0;0;0;2;66;1;93;5;53;2;65;0;0
13.03.2025;18:55;A 11;1;0;29;1;25;2;1;4;4;3;3;0;0;0;0;3;72;0;0;0;0;1;3;2;34;1;83;3;53;1;7;1;39
13.03.2025;18:54;A 11;1;1;98;4;69;2;2;6;12;5;11;0;0;2;18;4;59;2;5;0;0;0;0;0;72;1;83;0;71;2;29;5;50
13.03.2025;18:53;A 11;1;3;82;2;58;1;0;7;7;7;8;2;3;1;98;1;0;0;0;0;0;0;0;3;68;3;46;8;63;1;10;1;4
13.03.2025;18:52;A 11;1;2;25;1;48;0;0;1;2;2;3;2;3;4;36;2;69;0;0;0;0;0;0;2;34;4;49;2;77;3;72;1;75
13.03.2025;18:51;A 11;1;4;89;3;87;1;1;7;6;7;9;2;3;0;0;2;61;1;2;0;0;0;0;2;63;1;99;0;100;1;4;3;76
13.03.2025;18:50;A 11;1;3;58;4;74;1;1;1;1;3;3;0;0;0;0;3;4;1;4;0;0;1;3;3;35;4;21;7;40;0;0;0;0
13.03.2025;18:49;A 11;1;1;80;1;51;1;1;4;5;4;4;3;4;3;5;1;67;0;0;0;0;0;0;2;79;7;35;2;65;1;27;2;33
13.03.2025;18:48;A 11;1;4;63;1;81;0;0;14;34;6;7;1;2;1;2;2;26;0;0;0;0;0;0;0;100;5;63;6;87;1;16;3;14
13.03.2025;18:47;A 11;1;2;58;3;58;0;0;3;5;2;18;0;0;0;0;1;6;0;0;0;0;0;0;1;34;0;25;2;34;4;16;1;16
13.03.2025;18:46;A 11;1;0;100;4;85;0;0;2;4;4;29;0;0;3;2;2;2;0;0;0;0;0;0;1;61;1;59;2;63;2;13;1;28
13.03.2025;18:45;A 11;1;1;82;2;77;0;0;6;6;9;21;0;0;1;18;2;15;0;0;0;0;0;0;0;84;1;83;1;81;0;18;0;27
13.03.2025;18:44;A 11;1;1;83;6;72;1;1;7;10;2;9;1;1;2;59;2;52;0;0;0;0;0;0;3;54;1;68;5;70;2;35;4;62
13.03.2025;18:43;A 11;1;3;95;0;100;1;1;5;6;6;6;0;0;5;74;5;7;0;0;0;0;0;0;2;77;0;100;6;44;2;84;2;19
13.03.2025;18:42;A 11;1;0;100;0;100;1;15;4;5;2;4;0;0;3;51;2;19;0;0;0;0;1;5;2;41;1;76;5;41;1;62;2;29
13.03.2025;18:41;A 11;1;2;93;2;61;0;100;3;3;2;2;0;0;1;19;1;92;1;2;0;0;0;0;4;48;2;81;7;46;2;42;4;40
13.03.2025;18:40;A 11;1;18;66;1;67;2;29;2;6;3;5;0;0;2;58;1;1;1;2;0;0;0;0;1;65;1;96;2;37;2;11;2;29
13.03.2025;18:39;A 11;1;6;89;3;46;2;2;4;6;6;8;0;0;0;15;1;16;0;0;0;0;0;0;5;68;1;86;3;79;2;5;1;28
13.03.2025;18:38;A 11;1;6;83;3;82;0;0;7;8;5;8;3;4;1;60;1;85;1;2;0;0;1;4;2;56;1;83;0;100;1;16;3;98
13.03.2025;18:37;A 11;1;5;91;1;96;2;2;1;1;3;7;2;3;0;58;1;1;0;0;0;0;0;0;3;59;4;44;4;57;1;11;0;0
13.03.2025;18:36;A 11;1;1;99;3;89;1;1;8;55;6;41;2;3;3;7;3;19;0;0;0;0;1;3;0;81;0;78;0;76;3;23;1;8
13.03.2025;18:35;A 11;1;4;82;5;60;0;0;3;2;3;3;1;0;0;0;1;94;0;0;0;0;1;3;2;36;3;21;4;31;4;42;3;36
13.03.2025;18:34;A 11;1;4;98;1;93;1;1;2;2;2;3;3;5;1;58;4;63;0;0;0;0;0;0;3;52;3;40;4;53;4;32;3;53
13.03.2025;18:33;A 11;1;1;94;3;67;0;0;5;8;5;7;0;0;5;28;4;42;0;0;0;0;0;0;3;57;2;43;2;51;1;37;2;35
13.03.2025;18:32;A 11;1;3;74;8;69;0;0;5;5;3;3;0;0;0;100;0;100;1;2;0;0;0;0;1;40;2;20;3;24;0;100;2;94
13.03.2025;18:31;A 11;1;4;61;1;94;2;1;2;1;3;5;0;0;4;60;5;59;0;0;0;0;0;0;2;30;3;30;3;24;2;41;3;68
13.03.2025;18:30;A 11;1;5;64;3;46;0;13;3;5;5;21;0;0;5;47;3;68;0;0;0;0;0;0;2;58;1;88;2;43;6;63;2;72
13.03.2025;18:29;A 11;1;5;75;5;89;1;54;5;5;7;10;0;0;0;0;1;79;0;0;0;0;0;0;2;54;1;33;1;37;5;61;2;13
13.03.2025;18:28;A 11;1;2;97;2;92;0;0;4;27;4;16;0;0;2;71;1;65;0;0;0;0;1;2;1;67;1;58;3;63;1;12;1;18
13.03.2025;18:27;A 11;1;2;93;1;86;2;1;8;21;6;16;0;0;2;58;2;44;0;0;0;0;0;0;0;93;1;90;3;60;2;30;2;8
13.03.2025;18:26;A 11;1;1;99;1;95;0;0;5;9;6;15;0;0;2;65;2;5;0;0;0;0;1;2;5;69;4;51;5;63;2;37;1;16
13.03.2025;18:25;A 11;1;6;78;3;98;0;0;3;9;4;36;1;0;0;64;1;65;0;0;1;2;0;0;1;64;1;55;4;62;0;0;0;64
13.03.2025;18:24;A 11;1;3;90;1;87;2;15;7;15;4;5;2;3;4;50;5;61;2;5;0;0;1;3;1;90;4;46;6;62;2;38;3;69
13.03.2025;18:23;A 11;1;3;62;3;51;1;41;5;5;7;9;2;3;1;55;2;5;0;0;0;0;0;0;3;51;2;96;1;97;1;67;2;20
13.03.2025;18:22;A 11;1;3;80;2;66;0;0;3;5;4;12;3;3;0;45;1;51;0;0;0;0;1;2;2;47;1;53;3;57;1;4;2;17
13.03.2025;18:21;A 11;1;0;100;2;97;0;0;5;6;6;12;2;3;4;21;6;57;0;0;0;0;0;0;1;60;1;83;9;71;2;51;3;28
13.03.2025;18:20;A 11;1;3;88;4;76;1;1;10;23;9;20;4;5;1;15;1;96;1;5;0;0;1;2;3;76;3;62;3;74;1;68;2;25
13.03.2025;18:19;A 11;1;2;79;1;59;0;0;3;4;4;35;0;0;2;6;3;71;0;0;0;0;2;5;1;66;2;64;3;61;2;20;2;88
13.03.2025;18:18;A 11;1;3;92;1;91;0;0;11;43;8;54;0;0;2;23;3;56;0;0;0;0;0;0;0;99;1;91;0;90;0;23;2;62
13.03.2025;18:17;A 11;1;5;62;1;92;0;0;2;2;7;8;0;0;1;4;1;0;0;0;0;0;0;0;2;35;1;34;1;32;1;17;0;0
13.03.2025;18:16;A 11;1;1;91;4;86;0;0;3;2;3;3;6;8;0;0;3;3;0;0;0;0;1;5;3;42;4;37;2;76;0;0;1;6
13.03.2025;18:15;A 11;1;0;100;0;97;0;0;6;50;4;6;3;5;2;13;4;21;0;0;0;0;0;0;0;90;2;78;7;92;1;16;0;28
13.03.2025;18:14;A 11;1;1;97;3;72;2;3;9;11;7;15;2;3;1;61;1;71;2;5;0;0;0;0;2;78;1;46;1;44;2;26;2;83
13.03.2025;18:13;A 11;1;2;88;2;68;0;0;4;9;4;9;0;0;2;48;4;11;1;2;0;0;0;0;2;65;2;52;3;57;3;25;3;26
13.03.2025;18:12;A 11;1;8;63;4;72;1;1;5;23;4;8;1;1;3;19;4;4;1;2;0;0;0;0;1;81;1;72;7;52;1;25;1;3
13.03.2025;18:11;A 11;1;2;86;3;73;1;2;8;11;5;6;0;0;1;46;1;1;1;2;0;2;0;0;2;66;4;37;3;39;4;39;0;0
13.03.2025;18:10;A 11;1;1;99;5;55;0;0;4;3;4;4;1;2;0;62;1;64;0;0;1;0;0;0;3;47;4;30;1;56;0;0;0;0
13.03.2025;18:09;A 11;1;2;97;2;76;1;3;9;9;5;9;3;5;1;28;3;67;2;5;0;0;1;5;3;77;2;78;3;76;1;12;1;55
13.03.2025;18:08;A 11;1;4;91;1;85;1;1;7;12;8;24;1;2;1;71;0;100;0;0;0;0;0;0;1;48;2;72;2;90;1;8;1;60
13.03.2025;18:07;A 11;1;2;90;9;84;2;2;3;35;6;33;2;3;6;76;7;74;0;0;0;0;1;5;1;72;2;65;0;100;2;31;3;88
13.03.2025;18:06;A 11;1;3;95;1;91;0;0;6;10;4;15;1;2;1;41;2;39;1;2;0;0;0;0;0;61;3;49;2;99;1;9;1;32
13.03.2025;18:05;A 11;1;3;79;3;80;1;2;9;10;11;14;0;0;1;35;1;34;0;0;0;0;0;0;2;61;1;47;3;47;1;9;0;0
13.03.2025;18:04;A 11;1;5;81;1;94;1;1;1;1;3;8;0;0;3;57;4;55;0;0;0;0;0;0;1;43;1;40;2;35;2;24;2;13
13.03.2025;18:03;A 11;1;3;89;5;45;1;0;6;10;6;9;0;0;3;81;3;70;0;0;0;0;0;0;3;60;3;44;3;43;2;32;5;20
13.03.2025;18:02;A 11;1;5;46;1;60;0;0;5;6;2;2;0;0;1;68;1;59;0;0;0;0;0;0;2;43;1;12;1;10;2;47;1;73
13.03.2025;18:01;A 11;1;0;100;3;71;1;1;3;4;3;4;0;0;2;5;3;36;2;5;0;0;1;3;2;40;2;33;3;25;1;8;3;27
13.03.2025;18:00;A 11;1;0;100;1;95;0;0;9;16;10;23;2;2;4;15;5;12;0;0;0;0;0;0;1;87;1;82;3;74;1;31;1;12
13.03.2025;17:59;A 11;1;4;90;2;74;1;1;6;8;6;17;2;4;1;71;1;60;0;0;1;2;2;5;3;56;2;47;4;42;2;22;1;85
13.03.2025;17:58;A 11;1;4;52;1;99;2;14;3;3;7;25;0;0;4;71;3;66;0;0;0;0;0;0;2;76;3;69;4;69;1;70;3;17
13.03.2025;17:57;A 11;1;3;68;4;28;0;0;5;5;8;17;0;0;3;27;4;27;0;0;1;2;0;0;3;60;3;75;2;49;3;27;2;12
13.03.2025;17:56;A 11;1;2;40;2;66;0;0;7;8;7;9;0;0;0;0;0;100;0;0;0;0;0;0;2;53;1;38;3;34;1;65;1;87
13.03.2025;17:55;A 11;1;5;54;1;95;0;0;5;10;5;19;0;0;5;22;6;40;0;0;0;0;0;0;1;48;1;45;2;45;5;71;5;50
13.03.2025;17:54;A 11;1;1;98;3;66;2;8;8;16;7;14;0;0;3;5;3;18;1;2;0;0;0;0;0;82;1;73;7;39;0;25;0;15
13.03.2025;17:53;A 11;1;2;89;0;62;1;1;6;20;8;26;4;6;1;0;2;43;0;0;0;0;1;3;4;58;2;63;0;97;2;10;2;51
13.03.2025;17:52;A 11;1;0;100;2;78;1;0;3;5;6;33;2;3;2;64;7;71;0;0;0;0;0;0;3;65;2;61;2;58;3;63;3;66
13.03.2025;17:51;A 11;1;0;100;4;95;0;0;7;27;9;24;2;3;6;37;4;49;0;0;0;0;1;3;0;91;1;83;6;64;2;52;1;12
13.03.2025;17:50;A 11;1;0;100;4;59;0;0;9;12;7;8;3;4;1;2;3;59;1;2;0;0;1;4;4;81;6;63;0;99;4;65;2;18
13.03.2025;17:49;A 11;1;5;57;3;85;0;0;3;5;3;5;2;2;2;62;1;55;1;2;0;0;1;3;3;36;1;37;3;39;2;23;2;7
13.03.2025;17:48;A 11;1;0;100;1;85;0;0;3;13;5;9;0;0;5;41;5;38;0;0;0;0;0;0;2;57;2;57;2;33;1;28;3;22
13.03.2025;17:47;A 11;1;1;97;3;95;1;1;6;23;8;23;1;1;1;77;5;4;0;0;0;0;0;0;3;69;3;71;3;73;1;87;2;4
13.03.2025;17:46;A 11;1;2;64;4;57;0;0;4;7;5;42;0;0;2;69;4;4;0;0;0;0;1;3;2;72;2;67;1;63;0;72;0;0
13.03.2025;17:45;A 11;1;0;100;1;84;0;0;3;15;2;2;1;1;5;53;4;17;0;0;0;0;1;2;2;55;2;26;3;26;2;56;2;27
13.03.2025;17:44;A 11;1;1;95;3;79;1;0;6;10;5;21;0;0;0;100;1;69;0;0;0;0;0;0;1;43;1;43;1;39;1;60;3;49
13.03.2025;17:43;A 11;1;1;96;2;81;1;0;4;5;6;39;1;1;6;59;6;41;3;7;0;0;1;3;3;57;2;68;3;67;2;83;5;66
13.03.2025;17:42;A 11;1;0;100;4;88;1;1;8;20;8;15;0;0;4;6;8;24;0;0;2;5;0;0;0;87;1;65;2;51;3;45;3;35
13.03.2025;17:41;A 11;1;2;77;3;84;0;0;5;6;7;8;1;2;0;99;4;3;1;2;0;0;1;2;4;59;3;52;2;80;3;31;3;16
13.03.2025;17:40;A 11;1;3;61;2;90;0;0;3;4;3;5;1;2;6;69;5;66;0;0;0;0;0;0;1;36;1;26;4;24;3;71;0;70
13.03.2025;17:39;A 11;1;0;100;1;68;0;8;0;0;6;7;2;3;1;44;4;64;0;0;0;0;0;0;5;30;3;64;4;30;2;54;3;84
13.03.2025;17:38;A 11;1;0;100;1;92;1;91;5;28;5;23;3;5;1;25;4;26;1;2;0;0;0;0;2;48;1;55;2;85;3;9;0;0
13.03.2025;17:37;A 11;1;0;100;4;88;3;2;7;22;8;26;1;1;1;68;7;71;0;0;0;0;0;0;2;68;3;83;3;66;2;25;3;78
13.03.2025;17:36;A 11;1;2;70;4;67;0;6;7;11;10;46;0;0;5;23;3;12;1;2;0;0;0;0;3;73;0;83;3;75;3;25;7;15
13.03.2025;17:35;A 11;1;1;67;3;58;0;100;4;5;7;6;2;3;0;0;0;100;0;0;1;2;0;0;3;31;3;43;4;35;1;12;3;15
13.03.2025;17:34;A 11;1;2;95;1;90;2;4;5;8;6;6;1;2;2;62;3;68;0;0;0;0;1;5;2;85;5;37;3;20;0;68;2;39
13.03.2025;17:33;A 11;1;1;97;3;66;0;0;7;8;11;14;1;0;3;74;3;67;1;2;0;0;0;0;5;72;2;72;6;66;2;55;2;16
13.03.2025;17:32;A 11;1;2;91;2;46;1;1;4;6;5;5;5;8;1;48;2;78;0;0;0;0;0;0;2;32;1;28;3;74;2;20;1;9
13.03.2025;17:31;A 11;1;2;77;2;52;0;57;5;5;2;1;0;0;4;6;2;58;0;0;0;0;1;2;2;41;3;17;4;8;4;47;0;0
13.03.2025;17:30;A 11;1;4;88;1;72;2;34;8;15;7;45;0;0;3;22;4;75;1;3;1;5;0;0;1;79;1;72;1;67;2;32;2;24
13.03.2025;17:29;A 11;1;2;79;2;86;1;70;7;13;11;27;0;0;1;97;1;82;0;0;0;0;0;0;1;69;1;72;5;58;1;98;2;18
13.03.2025;17:28;A 11;1;0;100;0;100;0;0;2;1;6;30;0;0;2;3;6;75;0;0;0;0;0;0;5;60;4;68;6;38;2;22;0;84
13.03.2025;17:27;A 11;1;3;56;1;78;2;0;9;33;7;22;2;3;0;15;1;76;1;2;0;0;0;0;6;85;2;66;7;46;0;0;2;13
13.03.2025;17:26;A 11;1;3;61;3;80;0;0;7;8;13;16;5;8;1;96;4;3;0;0;0;0;0;0;1;60;2;74;3;83;1;2;1;11
13.03.2025;17:25;A 11;1;4;58;2;62;0;0;1;1;4;5;2;3;2;3;5;4;0;0;0;0;0;0;2;25;2;25;2;43;3;15;1;5
13.03.2025;17:24;A 11;1;2;92;3;45;1;2;8;12;9;33;2;2;5;10;5;10;0;0;0;0;1;3;2;83;2;89;1;85;2;20;0;12
13.03.2025;17:23;A 11;1;3;84;3;54;0;0;7;8;3;5;0;0;0;99;0;100;1;4;0;0;1;4;1;24;1;16;0;8;0;100;1;83
13.03.2025;17:22;A 11;1;1;96;3;60;1;1;4;28;4;22;3;4;4;80;3;81;1;2;0;0;0;0;1;62;4;70;2;77;3;86;3;90
13.03.2025;17:21;A 11;1;0;100;2;59;0;11;6;8;7;11;2;3;1;12;3;49;0;0;2;5;0;0;3;80;3;74;3;26;2;11;1;64
13.03.2025;17:20;A 11;1;2;96;4;58;2;45;7;17;11;27;1;1;1;48;3;59;0;0;0;0;1;2;1;65;1;66;4;61;2;14;3;65
13.03.2025;17:19;A 11;1;1;100;3;92;1;1;5;27;7;43;0;0;3;73;3;66;0;0;0;0;1;3;2;74;3;77;3;47;0;70;1;68
13.03.2025;17:18;A 11;1;1;96;0;95;0;0;7;10;10;50;1;3;5;72;8;80;0;0;0;0;0;0;3;88;2;96;8;43;3;87;2;65
13.03.2025;17:17;A 11;1;1;90;3;81;1;1;4;3;9;11;4;5;1;60;2;76;0;0;0;0;0;0;5;40;2;59;0;100;2;69;2;48
13.03.2025;17:16;A 11;1;0;100;2;86;0;0;2;2;6;9;5;7;4;71;2;74;0;0;0;0;1;2;6;39;1;79;2;95;0;75;0;74
13.03.2025;17:15;A 11;1;0;100;1;93;0;0;9;31;6;14;2;3;1;28;2;41;0;0;0;0;0;0;2;89;1;79;2;88;2;36;2;33
13.03.2025;17:14;A 11;1;0;100;4;86;0;0;7;13;10;14;6;10;1;2;5;39;1;5;0;0;1;3;2;48;2;64;1;85;1;2;1;42
13.03.2025;17:13;A 11;1;1;93;3;75;0;0;5;5;7;19;4;6;1;3;0;59;0;0;0;0;1;3;3;71;2;74;1;58;1;8;0;0
13.03.2025;17:12;A 11;1;3;87;3;77;1;1;3;4;2;15;2;2;4;30;7;34;0;0;0;0;0;0;2;41;2;70;1;23;1;42;2;7
13.03.2025;17:11;A 11;1;0;77;2;82;0;0;3;17;6;10;1;1;1;19;5;5;0;0;0;0;1;4;3;45;2;45;0;96;2;21;1;7
13.03.2025;17:10;A 11;1;1;93;2;80;0;0;7;28;6;9;3;5;2;65;5;69;1;2;0;0;0;0;3;76;5;58;3;60;2;16;1;76
13.03.2025;17:09;A 11;1;2;55;1;63;0;0;8;13;11;63;1;2;6;62;7;56;0;0;0;0;1;3;2;95;0;100;3;8;3;20;5;66
13.03.2025;17:08;A 11;1;3;62;5;47;0;0;7;9;13;17;3;5;0;100;3;2;0;0;0;0;1;2;3;42;3;76;2;74;1;10;0;0
13.03.2025;17:07;A 11;1;1;87;1;86;0;0;4;21;4;44;1;1;4;70;2;59;0;0;1;2;0;0;1;66;1;64;1;4;1;71;1;33
13.03.2025;17:06;A 11;1;1;90;3;83;0;16;26;38;8;51;2;3;1;71;3;74;0;0;0;0;0;0;2;91;0;80;1;29;3;35;2;27
13.03.2025;17:05;A 11;1;3;83;3;65;1;70;10;13;13;18;3;5;1;31;1;86;0;0;0;0;0;0;2;81;2;71;0;100;1;13;2;90
13.03.2025;17:04;A 11;1;2;55;4;72;0;0;2;7;4;8;2;3;3;34;4;62;2;5;0;0;0;0;2;39;2;55;1;44;3;25;3;50
13.03.2025;17:03;A 11;1;2;84;4;81;0;0;5;7;10;12;0;0;1;0;5;30;0;0;0;0;1;4;1;86;2;86;0;0;0;0;3;29
13.03.2025;17:02;A 11;1;3;70;3;62;1;0;5;8;2;7;1;2;1;3;2;38;0;0;0;0;0;0;1;24;4;27;1;11;1;8;3;22
13.03.2025;17:01;A 11;1;5;76;2;77;0;0;4;4;7;34;2;3;1;47;4;70;0;0;0;0;1;12;7;46;1;69;2;29;0;0;1;75
13.03.2025;17:00;A 11;1;1;99;3;36;1;11;2;7;6;15;2;3;3;18;6;76;1;2;0;0;0;0;2;58;0;86;1;100;0;23;2;57
13.03.2025;16:59;A 11;1;2;83;4;35;2;47;8;9;14;17;2;3;0;100;1;87;1;2;0;0;0;0;3;52;3;97;1;97;0;100;2;81
13.03.2025;16:58;A 11;1;2;98;4;76;0;0;3;3;9;39;3;4;2;78;5;13;0;0;0;0;1;2;5;32;2;88;4;61;1;81;0;63
13.03.2025;16:57;A 11;1;2;73;2;58;1;1;11;39;12;19;2;3;1;67;3;21;0;0;0;0;1;3;1;95;0;100;4;22;2;42;1;84
13.03.2025;16:56;A 11;1;4;59;5;41;1;2;3;17;8;24;1;1;1;51;1;73;0;0;0;0;0;0;1;97;4;57;3;24;1;8;2;77
13.03.2025;16:55;A 11;1;2;41;4;71;0;0;4;8;5;30;0;0;4;64;4;64;0;0;0;0;0;0;1;46;2;53;2;2;1;75;2;12
13.03.2025;16:54;A 11;1;4;52;4;71;1;9;9;14;7;45;0;0;1;58;4;52;0;0;0;0;0;0;3;82;0;69;0;0;2;58;2;20
13.03.2025;16:53;A 11;1;0;69;2;60;1;60;2;2;4;8;7;9;1;67;1;86;0;0;0;0;0;0;2;26;4;44;1;75;1;8;2;54
13.03.2025;16:52;A 11;1;2;88;2;83;1;2;5;7;5;5;0;0;5;16;5;68;0;0;1;3;0;0;2;52;4;31;3;11;3;34;2;77
13.03.2025;16:51;A 11;1;2;98;6;55;0;0;9;14;12;51;2;2;3;3;7;44;0;0;0;0;0;0;2;91;0;91;5;32;3;26;2;63
13.03.2025;16:50;A 11;1;4;80;4;40;0;0;1;0;2;2;2;2;1;29;2;2;0;0;0;0;0;0;1;2;2;11;1;10;2;18;2;53
13.03.2025;16:49;A 11;1;1;65;1;93;0;58;3;4;1;1;0;0;2;60;2;62;0;0;0;0;0;0;2;27;1;5;0;0;1;16;1;7
13.03.2025;16:48;A 11;1;0;100;1;97;1;8;10;20;8;64;0;0;5;25;6;57;1;10;0;0;0;0;1;76;0;93;2;2;2;33;3;29
13.03.2025;16:47;A 11;1;4;88;6;57;1;2;9;11;11;17;0;0;0;100;0;100;0;0;0;0;1;2;3;67;3;65;5;19;0;11;1;97
13.03.2025;16:46;A 11;1;3;62;2;78;2;3;5;6;5;11;2;2;1;60;5;71;0;0;0;0;0;0;3;43;3;57;2;26;3;10;0;76
13.03.2025;16:45;A 11;1;4;59;5;47;1;1;9;9;11;13;0;0;4;72;6;78;0;0;0;0;0;0;3;67;4;76;4;14;2;21;4;63
13.03.2025;16:44;A 11;1;1;76;2;60;0;0;4;5;4;4;0;0;1;93;0;100;0;0;0;0;1;2;2;39;2;31;2;3;0;100;1;74
13.03.2025;16:43;A 11;1;0;100;3;86;0;0;3;6;2;3;0;0;4;68;5;62;0;0;0;0;0;0;2;53;1;54;0;0;2;91;3;22
13.03.2025;16:42;A 11;1;2;72;2;81;0;0;7;7;5;52;0;0;4;78;3;72;1;2;0;0;1;3;4;45;1;75;3;13;3;56;1;6
13.03.2025;16:41;A 11;1;3;85;4;37;1;1;8;9;10;25;0;0;0;100;0;100;0;0;0;0;1;2;4;56;3;72;3;22;2;58;4;27
13.03.2025;16:40;A 11;1;2;56;4;46;1;50;4;9;5;11;0;0;6;67;5;62;1;2;0;0;0;0;2;58;3;44;1;4;1;75;5;52
13.03.2025;16:39;A 11;1;2;65;1;79;3;22;7;13;7;13;0;0;3;35;3;42;0;0;1;3;1;2;2;68;1;68;3;27;1;37;1;15
13.03.2025;16:38;A 11;1;2;53;5;63;2;0;4;7;5;17;1;1;1;94;1;94;0;0;0;0;0;0;2;28;2;48;4;24;0;100;2;24
13.03.2025;16:37;A 11;1;3;46;2;40;1;2;5;7;5;9;1;2;1;27;4;76;0;0;1;3;1;2;4;60;2;58;4;63;2;18;1;81
13.03.2025;16:36;A 11;1;0;100;1;90;1;1;43;11;10;58;2;4;2;2;5;22;0;0;1;3;0;0;1;64;0;87;1;95;1;6;3;23
13.03.2025;16:35;A 11;1;1;77;2;76;1;14;1;1;2;2;0;0;1;3;1;77;0;0;1;3;1;3;3;11;2;21;2;5;2;15;2;82
13.03.2025;16:34;A 11;1;1;87;1;83;1;1;3;4;4;5;0;0;5;38;4;66;0;0;0;0;0;1;2;29;2;29;4;20;2;79;0;70
13.03.2025;16:33;A 11;1;1;99;2;90;0;12;9;11;9;18;0;0;2;51;9;82;0;0;0;0;1;1;2;54;3;77;6;47;1;50;0;100
13.03.2025;16:32;A 11;1;1;85;1;75;3;31;6;15;7;16;1;0;1;61;0;100;0;0;1;7;0;0;0;35;1;39;2;98;1;11;0;100
13.03.2025;16:31;A 11;1;1;95;3;89;1;44;5;23;4;32;1;0;7;68;6;72;0;0;0;0;2;7;1;57;1;55;4;50;1;81;4;22
13.03.2025;16:30;A 11;1;2;68;3;44;1;39;8;9;10;50;2;3;1;20;2;13;0;0;0;0;0;0;4;90;0;82;3;43;2;26;2;11
13.03.2025;16:29;A 11;1;1;68;3;35;1;51;4;10;8;22;0;0;0;0;3;4;0;0;0;0;0;0;2;44;1;49;3;20;0;0;1;0
13.03.2025;16:28;A 11;1;3;65;3;46;4;7;5;8;4;8;3;3;4;74;4;77;0;0;0;0;1;2;3;54;2;48;3;26;0;81;3;42
13.03.2025;16:27;A 11;1;2;78;2;62;0;5;3;4;8;15;0;0;5;37;9;36;0;0;0;0;0;0;3;40;4;67;8;12;3;53;6;44
13.03.2025;16:26;A 11;1;3;71;3;40;0;100;3;2;7;10;2;3;1;59;3;64;0;0;0;0;0;0;2;18;3;43;0;89;2;65;1;68
13.03.2025;16:25;A 11;1;3;64;0;0;2;8;6;7;4;26;1;1;1;58;2;2;0;0;0;0;1;3;3;41;2;58;1;41;0;59;0;0
13.03.2025;16:24;A 11;1;2;68;0;70;0;0;6;10;6;16;0;0;8;31;6;12;0;0;0;0;0;0;1;73;0;74;2;8;1;55;1;16
13.03.2025;16:23;A 11;1;5;83;6;78;0;0;5;4;7;8;0;0;1;52;1;34;0;0;0;0;0;0;4;36;3;43;0;0;1;62;1;44
13.03.2025;16:22;A 11;1;1;87;1;68;1;51;5;4;6;33;3;6;1;67;0;64;0;0;0;0;1;5;2;30;3;67;3;55;2;5;0;0
13.03.2025;16:21;A 11;1;2;95;1;85;0;0;9;10;4;5;2;3;3;51;4;44;0;0;0;0;0;0;3;67;4;26;1;15;1;13;2;21
13.03.2025;16:20;A 11;1;1;83;3;70;0;0;2;4;2;10;0;0;1;98;0;98;0;0;0;0;0;0;1;20;1;25;3;2;0;100;1;95
13.03.2025;16:19;A 11;1;1;90;1;91;0;0;7;4;5;39;0;0;2;58;8;73;0;0;0;0;2;7;3;63;2;67;4;18;5;22;1;88
13.03.2025;16:18;A 11;1;1;95;3;78;0;0;7;13;7;16;2;3;5;65;6;28;0;0;0;0;1;3;1;97;1;81;5;29;1;37;2;34
13.03.2025;16:17;A 11;1;2;66;2;70;0;0;8;10;7;13;2;3;1;95;1;72;0;0;0;0;0;0;4;48;2;43;3;15;1;32;2;51
13.03.2025;16:16;A 11;1;6;63;2;64;0;57;3;4;5;34;2;3;3;72;2;67;1;2;0;0;1;3;4;29;2;58;3;14;1;76;1;50
13.03.2025;16:15;A 11;1;0;100;3;94;2;60;7;11;10;18;0;0;3;37;3;52;0;0;0;0;1;2;3;70;1;79;0;0;2;51;2;21
13.03.2025;16:14;A 11;1;4;64;8;60;1;76;3;3;2;3;3;4;1;98;1;43;0;0;1;3;0;0;2;22;2;12;0;80;1;14;2;35
13.03.2025;16:13;A 11;1;3;87;3;49;0;49;4;10;3;5;3;4;2;54;2;53;0;0;0;0;0;0;2;52;1;55;2;71;1;57;2;46
13.03.2025;16:12;A 11;1;1;98;1;93;1;13;8;22;11;45;1;1;4;58;4;3;0;0;1;2;1;3;1;74;0;89;5;65;2;23;1;7
13.03.2025;16:11;A 11;1;7;76;7;76;0;0;7;9;14;22;0;0;0;100;0;0;0;0;0;0;0;0;4;61;2;73;6;26;1;93;0;0
13.03.2025;16:10;A 11;1;2;93;2;68;1;1;7;10;5;33;1;1;2;42;2;60;1;4;0;0;0;0;3;79;2;54;1;26;2;14;1;29
13.03.2025;16:09;A 11;1;4;88;3;41;0;0;8;9;8;14;2;3;1;3;4;72;0;0;0;0;0;0;4;58;3;73;4;19;2;4;4;24
13.03.2025;16:08;A 11;1;4;64;3;57;1;1;4;8;5;19;0;0;1;75;2;76;0;0;1;2;0;0;3;29;3;47;1;3;2;18;2;48
13.03.2025;16:07;A 11;1;3;69;2;93;0;0;6;9;6;8;4;4;5;10;4;69;0;0;0;0;1;3;4;61;6;63;3;19;0;80;1;40
13.03.2025;16:06;A 11;1;2;88;4;65;1;1;8;11;8;10;3;2;1;5;1;1;0;0;0;0;0;0;4;74;3;64;2;16;5;33;1;7
13.03.2025;16:05;A 11;1;2;62;2;52;0;0;7;11;13;20;1;2;1;54;1;18;0;0;0;0;0;0;4;42;3;68;0;0;1;6;1;6
13.03.2025;16:04;A 11;1;3;88;1;43;0;54;4;15;4;26;1;1;2;62;3;29;0;0;0;0;1;5;2;62;3;49;2;38;2;57;2;20
13.03.2025;16:03;A 11;1;2;87;2;51;1;30;6;10;12;43;0;0;3;72;2;2;0;0;0;0;0;0;4;65;1;86;2;7;2;15;1;6
13.03.2025;16:02;A 11;1;3;85;4;75;1;1;8;12;6;20;0;0;1;7;1;0;0;0;0;0;0;0;1;48;0;43;0;0;1;15;0;0
13.03.2025;16:01;A 11;1;5;91;5;65;1;1;3;6;4;32;3;4;3;7;2;66;0;1;0;0;1;3;2;56;1;57;2;31;3;9;0;0
13.03.2025;16:00;A 11;1;5;59;4;64;0;0;4;6;2;3;0;0;5;18;4;30;1;1;1;3;0;0;2;35;2;20;0;0;1;36;1;35
13.03.2025;15:59;A 11;1;3;56;2;60;1;2;3;3;4;4;2;2;1;93;0;100;0;0;0;0;0;0;3;26;1;25;0;0;1;100;0;100
13.03.2025;15:58;A 11;1;3;58;3;66;0;0;3;5;3;4;6;9;6;70;7;77;0;0;0;0;0;0;2;33;2;61;1;51;1;81;3;60
13.03.2025;15:57;A 11;1;4;83;2;86;2;2;3;5;8;12;3;4;2;64;2;59;0;0;1;2;0;0;1;37;2;72;0;100;2;34;1;10
13.03.2025;15:56;A 11;1;3;67;4;55;0;0;3;15;2;8;0;0;1;68;1;0;0;0;0;0;0;0;3;36;3;34;1;8;2;27;0;0
13.03.2025;15:55;A 11;1;2;42;2;84;1;0;5;8;4;5;4;5;4;74;6;81;1;2;0;0;1;3;3;60;3;27;0;52;2;80;1;84
13.03.2025;15:54;A 11;1;3;81;2;87;2;12;6;7;5;8;2;3;5;56;5;44;0;0;0;0;0;0;2;38;4;51;2;24;2;72;2;41
13.03.2025;15:53;A 11;1;4;41;3;58;1;1;1;1;3;13;7;9;0;0;2;4;0;0;0;0;1;3;1;10;1;28;0;91;1;9;1;3
13.03.2025;15:52;A 11;1;5;44;3;43;1;22;4;6;7;31;2;2;2;4;2;59;0;0;0;0;0;0;3;31;3;63;1;49;2;16;1;8
13.03.2025;15:51;A 11;1;1;100;3;61;1;1;7;38;9;17;0;0;7;20;6;17;0;0;0;0;1;2;1;80;3;62;0;0;0;29;1;16
13.03.2025;15:50;A 11;1;4;90;2;85;0;0;10;9;7;9;0;0;1;80;0;100;0;0;0;0;0;0;6;50;3;38;0;0;3;19;0;100
13.03.2025;15:49;A 11;1;3;71;2;62;0;0;3;3;6;9;1;2;2;64;5;52;0;0;0;0;0;0;2;24;2;70;0;36;1;58;4;65
13.03.2025;15:48;A 11;1;0;100;0;97;1;1;7;16;7;51;2;2;3;65;5;11;0;0;0;0;0;0;1;78;0;88;2;46;3;31;2;13
13.03.2025;15:47;A 11;1;2;81;5;56;0;0;8;11;12;14;1;1;1;70;1;87;0;0;1;3;0;0;4;66;2;56;1;10;3;81;2;51
13.03.2025;15:46;A 11;1;2;65;3;78;0;0;1;1;2;3;2;3;1;60;5;67;0;0;0;0;1;3;1;6;3;16;0;43;2;13;0;76
13.03.2025;15:45;A 11;1;3;89;3;87;1;1;7;17;5;6;2;3;2;50;3;69;0;0;0;0;0;0;0;67;5;39;0;100;2;11;3;42
13.03.2025;15:44;A 11;1;4;58;3;78;2;1;2;2;4;6;1;1;1;74;0;100;0;0;0;0;0;0;3;20;2;31;2;14;1;8;0;100
13.03.2025;15:43;A 11;1;2;64;4;67;0;0;3;5;4;7;2;2;1;2;4;32;0;0;0;0;0;0;2;30;1;53;0;38;1;6;3;31
13.03.2025;15:42;A 11;1;4;72;3;35;0;9;5;46;9;13;0;0;1;1;4;15;0;0;0;0;0;0;0;75;3;82;1;9;0;0;2;17
13.03.2025;15:41;A 11;1;1;56;2;46;1;71;10;22;9;23;0;0;0;0;1;77;0;0;1;3;1;3;1;55;1;51;3;4;0;0;1;7
13.03.2025;15:40;A 11;1;2;52;1;82;1;0;2;6;4;27;0;0;2;4;5;68;0;0;0;0;0;0;3;65;1;42;0;0;2;12;1;17
13.03.2025;15:39;A 11;1;2;89;2;70;1;0;5;7;5;10;2;3;2;6;4;74;0;0;1;3;1;3;1;45;1;57;1;12;1;11;2;23
13.03.2025;15:38;A 11;1;4;64;5;67;0;0;1;1;6;7;1;2;0;100;0;100;0;0;0;0;0;0;0;12;2;32;1;77;1;44;1;50
13.03.2025;15:37;A 11;1;6;55;3;59;2;0;6;14;8;28;5;7;3;28;4;78;0;0;0;0;0;0;5;78;4;71;2;64;3;15;1;72
13.03.2025;15:36;A 11;1;0;100;4;36;1;1;6;47;13;26;2;3;6;18;4;46;0;0;0;0;0;0;2;98;1;92;1;87;1;26;2;27
13.03.2025;15:35;A 11;1;6;71;5;59;0;0;5;6;8;15;3;5;0;100;1;95;0;0;0;0;0;0;2;30;3;51;2;32;2;52;0;4
13.03.2025;15:34;A 11;1;3;53;4;22;1;47;2;1;4;21;0;0;4;82;2;56;0;0;0;0;0;0;2;15;1;46;0;0;3;77;3;10
13.03.2025;15:33;A 11;1;2;84;0;80;0;0;7;8;5;26;0;0;1;55;3;40;0;0;0;0;1;3;3;39;3;60;3;5;2;52;3;28
13.03.2025;15:32;A 11;1;3;60;4;47;1;1;2;2;8;13;1;0;2;25;2;78;0;0;0;0;0;0;2;15;0;33;0;75;5;18;2;73
13.03.2025;15:31;A 11;1;3;35;3;63;0;0;2;3;3;44;3;3;3;69;7;14;0;0;0;0;1;4;1;61;1;62;1;97;1;53;1;10
13.03.2025;15:30;A 11;1;1;98;0;90;2;15;7;62;7;23;2;2;5;56;4;21;0;0;0;0;1;1;0;87;1;88;1;88;2;19;2;10
13.03.2025;15:29;A 11;1;1;95;4;72;1;57;3;5;5;10;3;4;1;99;0;100;0;0;0;0;1;5;1;26;5;70;0;100;2;16;0;0
13.03.2025;15:28;A 11;1;2;79;5;43;0;0;5;5;4;8;1;2;1;76;6;86;0;0;0;0;0;0;2;72;4;63;1;60;1;80;2;94
13.03.2025;15:27;A 11;1;1;99;5;51;0;0;6;6;12;18;0;0;3;67;3;56;0;0;0;0;0;0;6;44;4;69;1;0;2;74;1;68
13.03.2025;15:26;A 11;1;3;87;3;49;0;0;2;9;4;19;0;0;0;100;0;0;1;2;0;0;1;3;0;21;0;41;0;0;1;81;1;1
13.03.2025;15:25;A 11;1;2;54;4;36;1;0;2;4;3;21;0;0;3;62;4;5;0;0;0;2;0;0;1;59;2;49;0;0;2;93;2;9
13.03.2025;15:24;A 11;1;5;81;2;29;0;0;6;15;3;6;0;0;3;68;4;14;0;0;1;7;1;5;0;65;1;60;0;0;3;79;1;1
13.03.2025;15:23;A 11;1;8;74;2;74;0;0;2;3;4;5;0;0;1;86;1;45;0;0;1;2;0;0;2;18;2;26;0;0;3;49;1;8
13.03.2025;15:22;A 11;1;2;75;1;85;0;0;2;3;5;11;0;0;0;52;2;39;0;0;0;0;0;5;2;26;2;61;0;0;0;0;3;18
13.03.2025;15:21;A 11;1;2;59;3;21;1;1;8;18;7;54;0;0;3;50;4;25;0;0;0;0;1;1;4;57;0;90;1;3;2;12;1;27
13.03.2025;15:20;A 11;1;3;68;3;49;0;0;3;3;5;5;0;0;0;0;2;84;1;4;0;0;0;0;1;22;3;27;0;0;1;10;2;84
13.03.2025;15:19;A 11;1;2;64;4;36;2;1;4;7;2;3;2;2;2;62;6;22;0;0;0;0;1;3;3;56;2;24;0;43;1;58;1;4
13.03.2025;15:18;A 11;1;2;96;4;85;2;10;4;14;10;70;0;0;6;41;7;48;0;0;0;0;0;0;2;64;0;100;2;5;2;34;0;31
13.03.2025;15:17;A 11;1;3;77;4;76;1;57;6;7;6;6;0;0;1;91;1;91;0;0;0;0;0;0;2;34;2;27;4;12;1;76;1;100
13.03.2025;15:16;A 11;1;2;88;1;96;1;1;2;2;1;1;0;0;2;57;3;60;0;0;0;0;1;5;3;24;2;12;0;0;1;63;3;64
13.03.2025;15:15;A 11;1;1;97;3;86;1;1;9;10;6;35;0;0;1;23;2;38;0;0;0;0;0;0;1;45;2;70;2;4;3;17;3;10
13.03.2025;15:14;A 11;1;4;73;3;70;1;2;3;12;5;24;1;1;1;40;2;34;0;0;0;0;0;0;1;35;3;46;1;7;2;11;1;9
13.03.2025;15:13;A 11;1;3;77;2;81;0;0;3;7;4;43;0;0;1;2;8;70;0;0;0;0;1;3;1;47;1;57;1;8;1;7;0;86
13.03.2025;15:12;A 11;1;3;45;7;66;0;0;3;3;5;17;0;0;3;7;4;71;0;0;0;0;1;7;3;34;1;66;1;1;2;13;2;77
13.03.2025;15:11;A 11;1;6;54;3;58;0;0;4;8;4;8;3;3;0;100;1;99;0;0;0;0;0;0;1;32;1;27;0;0;1;34;1;86
13.03.2025;15:10;A 11;1;3;69;3;93;1;27;4;8;4;23;4;5;4;67;3;59;0;0;0;0;1;3;2;44;1;50;1;18;2;78;2;65
13.03.2025;15:09;A 11;1;3;87;3;37;1;9;5;6;8;29;3;4;1;32;3;72;0;0;1;2;1;3;1;27;2;85;5;25;2;30;4;39
13.03.2025;15:08;A 11;1;6;63;5;50;1;21;7;7;7;9;2;2;1;60;1;67;0;0;0;0;1;4;3;38;1;45;4;20;1;5;2;45
13.03.2025;15:07;A 11;1;2;54;2;85;0;49;4;9;6;13;0;0;2;50;3;54;0;0;0;0;1;1;1;48;2;72;2;8;1;12;2;46
13.03.2025;15:06;A 11;1;5;46;4;57;2;44;5;52;12;59;0;0;0;9;3;36;0;0;0;0;1;2;3;90;0;100;1;1;2;6;2;14
13.03.2025;15:05;A 11;1;4;56;5;34;1;67;11;17;8;16;5;7;0;100;4;3;0;0;0;0;0;0;2;48;1;40;1;94;1;1;1;1
13.03.2025;15:04;A 11;1;3;34;3;25;1;58;4;28;4;21;0;0;5;68;3;66;0;0;0;0;1;3;1;45;1;37;0;0;1;80;0;65
13.03.2025;15:03;A 11;1;5;50;3;31;1;2;4;33;2;4;0;0;3;52;4;24;0;0;0;0;0;0;1;61;1;56;0;0;2;58;3;33
13.03.2025;15:02;A 11;1;3;36;5;39;0;0;7;8;4;4;0;0;0;100;2;30;0;0;0;0;0;0;3;37;3;25;0;0;0;100;2;17
13.03.2025;15:01;A 11;1;3;74;2;55;1;1;3;3;4;4;1;1;1;24;4;6;1;2;0;0;0;0;2;17;2;26;0;6;6;15;0;0
13.03.2025;15:00;A 11;1;0;93;1;68;1;1;1;1;2;2;1;2;3;10;3;5;0;0;0;0;1;3;1;8;1;9;2;35;0;11;1;13
13.03.2025;14:59;A 11;1;2;95;1;73;1;1;8;9;7;9;3;4;1;65;3;3;0;0;0;0;1;3;2;41;3;47;1;11;2;62;2;9
13.03.2025;14:58;A 11;1;5;43;2;69;0;84;5;5;6;7;0;0;1;54;2;83;0;0;0;0;0;0;3;25;6;37;0;0;2;11;3;96
13.03.2025;14:57;A 11;1;3;38;3;75;3;3;5;6;3;3;5;5;0;0;2;2;0;0;0;0;2;5;3;33;1;13;1;10;1;2;2;4
13.03.2025;14:56;A 11;1;4;31;3;60;0;0;4;4;3;4;0;0;0;0;2;32;0;0;0;0;1;3;3;18;3;28;0;0;0;0;2;36
13.03.2025;14:55;A 11;1;4;73;4;53;0;0;3;4;2;2;2;3;1;1;1;40;0;0;0;0;0;0;1;16;2;15;0;23;2;6;2;22
13.03.2025;14:54;A 11;1;2;85;2;62;0;0;2;2;7;8;3;4;1;23;2;50;0;0;0;0;1;2;2;16;5;44;3;26;0;0;1;34
13.03.2025;14:53;A 11;1;3;84;0;64;0;0;7;8;10;13;0;0;1;76;4;72;0;0;1;3;1;3;3;38;1;53;3;9;2;8;2;75
13.03.2025;14:52;A 11;1;2;75;2;71;1;0;8;9;13;14;0;0;0;0;3;35;0;0;0;0;0;0;3;41;3;54;1;0;1;4;2;39
13.03.2025;14:51;A 11;1;1;63;3;80;1;1;7;6;8;9;3;5;2;27;1;30;0;0;0;0;0;0;4;29;1;37;1;22;2;22;1;7
13.03.2025;14:50;A 11;1;1;95;4;75;3;2;5;6;5;6;4;6;1;1;6;6;0;0;0;0;1;3;2;33;3;28;1;25;1;6;3;8
13.03.2025;14:49;A 11;1;2;65;2;40;2;1;5;6;9;10;0;0;0;43;2;48;0;0;0;0;1;3;2;21;4;49;0;0;1;3;1;49
13.03.2025;14:48;A 11;1;2;51;2;43;0;0;7;7;8;9;1;1;1;46;2;77;0;0;0;0;0;0;3;34;3;36;1;10;1;9;2;25
13.03.2025;14:47;A 11;1;1;48;2;59;2;0;5;4;6;6;2;3;2;37;4;33;0;0;1;3;0;0;4;25;2;26;1;9;1;7;2;10
13.03.2025;14:46;A 11;1;0;67;2;50;0;0;3;3;4;4;2;3;2;4;5;8;0;0;0;0;0;0;1;15;2;20;3;18;2;15;1;6
13.03.2025;14:45;A 11;1;2;61;1;46;1;1;5;6;8;9;2;3;0;0;2;59;0;0;1;2;0;0;5;34;2;36;1;15;1;2;2;68
13.03.2025;14:44;A 11;1;2;65;3;44;0;0;5;5;7;7;4;5;1;1;2;86;0;0;0;0;1;5;4;28;3;33;1;27;0;0;1;43
13.03.2025;14:43;A 11;1;1;38;4;53;0;0;5;5;7;8;0;0;1;1;5;63;0;0;0;0;0;0;4;30;2;39;0;0;0;0;1;71
13.03.2025;14:42;A 11;1;2;41;1;85;1;1;3;3;5;6;3;3;0;57;0;56;0;0;0;0;0;0;2;16;3;29;1;14;0;0;0;0
13.03.2025;14:41;A 11;1;3;78;3;81;1;2;2;2;9;14;0;0;3;67;3;66;0;0;0;0;1;5;2;10;2;79;0;0;1;52;1;8
13.03.2025;14:40;A 11;1;5;62;3;48;0;0;3;4;2;2;0;0;1;23;4;28;0;0;0;0;0;0;3;26;1;11;0;0;2;16;1;25
13.03.2025;14:39;A 11;1;1;52;1;67;2;2;3;3;4;4;0;0;4;16;3;49;0;0;0;0;1;3;2;19;2;17;0;0;1;20;1;57
13.03.2025;14:38;A 11;1;4;86;6;52;3;3;8;9;6;7;0;0;1;1;2;30;0;0;0;0;0;0;6;49;3;34;0;0;1;95;3;37
13.03.2025;14:37;A 11;1;3;71;2;43;0;0;7;8;12;16;0;0;2;57;4;2;0;0;0;0;0;0;2;33;3;66;0;0;2;11;0;0
13.03.2025;14:36;A 11;1;2;34;4;63;1;59;0;0;4;5;4;6;1;4;1;75;0;0;0;0;1;3;1;4;3;26;1;25;0;0;1;66
13.03.2025;14:35;A 11;1;5;66;2;68;1;40;2;3;5;5;4;6;1;32;2;64;0;0;0;0;0;0;1;14;3;25;1;13;2;26;1;9
13.03.2025;14:34;A 11;1;1;98;2;37;0;29;3;3;5;5;0;0;2;4;5;28;0;0;0;0;0;0;3;19;3;31;0;0;2;18;3;18
13.03.2025;14:33;A 11;1;2;37;6;19;1;44;3;2;2;2;2;3;0;12;1;12;0;0;0;0;0;0;1;7;1;9;1;16;1;0;2;7
13.03.2025;14:32;A 11;1;3;54;1;69;0;0;3;3;5;4;3;5;1;53;2;58;0;0;0;0;0;0;3;22;3;26;1;27;1;10;0;5
13.03.2025;14:31;A 11;1;2;58;1;48;0;0;3;3;5;5;2;3;0;0;1;79;0;0;2;5;0;0;3;20;4;33;1;12;0;0;2;15
13.03.2025;14:30;A 11;1;6;48;3;41;0;0;7;7;6;6;0;0;2;5;2;30;0;0;0;0;0;0;3;35;3;29;0;0;2;9;3;15
13.03.2025;14:29;A 11;1;4;36;2;16;0;0;3;4;8;9;0;0;2;3;1;1;0;0;0;0;0;0;2;19;3;42;0;0;3;18;1;4
13.03.2025;14:28;A 11;1;3;69;1;72;1;47;8;7;10;11;2;3;1;34;3;57;0;0;0;0;0;0;4;39;3;38;1;3;1;9;1;63
13.03.2025;14:27;A 11;1;2;70;3;72;0;0;3;3;3;3;0;0;1;34;2;56;0;0;0;0;0;0;3;24;2;17;0;0;1;2;2;50
13.03.2025;14:26;A 11;1;2;95;1;81;0;0;6;5;8;10;0;0;7;16;6;41;0;0;0;0;0;0;3;24;3;42;0;0;2;35;2;58
13.03.2025;14:25;A 11;1;3;63;0;52;1;5;6;6;5;5;2;3;3;8;3;37;2;5;0;0;0;0;2;29;2;21;2;9;2;49;6;24
13.03.2025;14:24;A 11;1;2;67;3;67;1;74;9;12;12;14;0;0;1;46;0;0;0;0;0;0;0;0;3;52;3;58;1;1;3;43;2;3
13.03.2025;14:23;A 11;1;3;25;2;40;1;0;8;7;6;6;0;0;0;0;2;98;0;0;1;3;0;0;4;33;4;38;0;0;0;0;0;99
13.03.2025;14:22;A 11;1;3;41;1;19;0;0;2;4;4;4;0;0;0;0;2;79;0;0;0;0;1;5;1;12;4;26;0;0;0;15;2;21
13.03.2025;14:21;A 11;1;2;33;3;59;0;0;4;4;4;4;2;3;0;0;3;20;0;0;0;0;0;0;2;19;3;31;1;19;1;30;1;6
13.03.2025;14:20;A 11;1;1;76;1;78;0;0;4;7;3;3;1;2;2;1;2;24;0;0;0;0;1;2;3;62;1;16;1;8;0;6;1;7
13.03.2025;14:19;A 11;1;2;93;1;75;2;6;8;9;7;7;0;0;1;1;2;17;0;0;0;0;0;0;2;37;5;37;0;0;4;8;1;2
13.03.2025;14:18;A 11;1;0;60;2;65;0;5;6;5;6;5;0;0;0;6;3;14;0;0;0;0;0;0;2;25;3;30;1;3;4;7;1;7
13.03.2025;14:17;A 11;1;2;66;5;41;1;96;6;6;8;11;3;3;1;32;1;68;0;0;1;5;0;0;3;30;4;45;1;9;1;8;1;5
13.03.2025;14:16;A 11;1;2;52;1;28;0;0;6;7;6;7;0;0;1;63;1;83;0;0;0;0;0;0;3;38;3;30;0;0;1;6;0;84
13.03.2025;14:15;A 11;1;3;39;2;10;1;2;3;3;6;6;3;4;2;44;4;78;0;0;1;2;0;0;1;12;3;32;1;10;2;16;2;66
13.03.2025;14:14;A 11;1;2;45;1;7;0;0;4;4;7;6;1;1;0;0;1;46;0;0;0;0;0;0;3;23;3;31;1;6;0;0;1;7
13.03.2025;14:13;A 11;1;2;57;4;22;0;0;1;1;1;2;0;0;2;32;4;4;0;2;0;0;0;0;1;5;2;10;0;0;2;12;1;4
13.03.2025;14:12;A 11;1;1;94;2;50;0;0;6;8;7;6;0;0;3;83;2;30;2;3;0;0;0;0;2;33;2;23;0;0;1;37;0;24
13.03.2025;14:11;A 11;1;4;44;4;25;0;0;7;6;7;7;0;0;1;80;2;51;0;0;0;0;1;3;2;32;4;35;0;0;2;84;4;9
13.03.2025;14:10;A 11;1;2;77;5;57;0;0;5;6;7;8;3;4;1;6;4;4;2;5;0;0;0;0;2;26;3;40;2;31;2;9;0;0
13.03.2025;14:09;A 11;1;1;59;2;34;0;0;4;4;10;13;6;9;1;92;1;61;0;0;1;2;0;0;2;19;3;57;1;56;0;0;1;8
13.03.2025;14:08;A 11;1;2;57;3;47;1;1;4;4;7;6;0;0;0;0;2;55;0;0;0;0;1;3;3;18;3;34;0;0;3;35;3;28
13.03.2025;14:07;A 11;1;2;63;4;53;0;0;4;5;7;10;0;0;2;3;2;47;0;0;0;0;0;0;2;28;2;61;0;0;2;15;6;20
13.03.2025;14:06;A 11;1;1;85;3;64;0;0;3;3;2;2;0;0;2;39;3;31;0;0;0;0;1;4;3;22;1;10;0;0;2;21;3;8
13.03.2025;14:05;A 11;1;2;90;3;58;1;19;4;5;7;9;0;1;3;67;4;33;0;0;0;0;0;0;3;27;3;40;2;5;3;58;2;23
13.03.2025;14:04;A 11;1;2;47;1;43;1;13;2;2;5;5;1;0;1;69;2;69;0;0;0;0;1;3;2;13;4;28;1;7;2;80;1;75
13.03.2025;14:03;A 11;1;3;47;2;48;2;76;6;7;5;6;0;0;0;0;3;3;0;0;0;0;0;0;4;36;2;28;0;0;1;1;1;1
13.03.2025;14:02;A 11;1;4;40;4;20;0;0;3;3;0;0;2;4;2;20;5;56;0;0;0;0;0;0;2;17;0;0;1;44;2;13;2;44
13.03.2025;14:01;A 11;1;3;42;1;29;0;0;3;4;1;2;6;8;2;37;3;37;0;0;0;0;0;0;1;17;3;19;1;36;2;9;3;16
13.03.2025;14:00;A 11;1;2;75;1;75;2;2;2;3;5;8;1;1;3;37;5;32;0;0;0;0;0;0;1;18;4;37;1;8;4;19;4;39
13.03.2025;13:59;A 11;1;4;22;3;24;1;1;4;4;6;6;0;0;1;28;0;0;0;0;1;3;1;3;5;24;5;32;0;0;1;2;0;0
13.03.2025;13:58;A 11;1;1;14;1;7;0;0;7;6;6;5;0;0;3;52;2;23;0;0;0;0;0;0;2;24;2;24;0;0;2;35;0;0
13.03.2025;13:57;A 11;1;3;67;3;88;0;0;6;8;7;8;0;0;2;59;1;42;0;0;0;0;0;0;3;58;3;37;0;0;3;22;3;26
13.03.2025;13:56;A 11;1;0;73;4;88;0;0;7;6;4;3;1;2;1;0;6;6;0;0;0;0;1;3;4;34;3;18;2;8;1;0;1;4
13.03.2025;13:55;A 11;1;1;78;5;67;0;0;3;4;5;6;5;8;1;1;7;7;0;0;0;0;0;0;1;19;4;39;3;36;1;4;1;2
13.03.2025;13:54;A 11;1;2;64;7;64;0;0;2;1;6;7;3;4;1;68;1;67;0;0;0;0;1;19;3;7;3;37;2;12;0;68;0;0
13.03.2025;13:53;A 11;1;1;70;2;50;0;0;2;2;0;0;3;5;3;70;4;68;0;0;1;3;0;0;2;17;0;0;0;31;1;65;2;16
13.03.2025;13:52;A 11;1;2;78;2;76;0;0;4;3;6;6;1;0;4;67;5;43;0;0;0;0;0;0;2;13;2;25;2;3;5;77;1;10
13.03.2025;13:51;A 11;1;1;63;2;56;0;13;6;5;3;3;0;0;2;27;1;17;0;0;0;0;0;0;4;27;3;19;1;3;4;12;1;5
13.03.2025;13:50;A 11;1;1;33;6;46;1;39;4;4;4;6;2;3;1;51;2;4;0;0;0;0;0;0;3;25;3;44;2;12;2;12;2;14
13.03.2025;13:49;A 11;1;1;74;2;54;0;0;5;5;7;9;0;0;2;20;1;74;1;2;0;0;0;0;2;25;3;37;0;0;4;23;2;6
13.03.2025;13:48;A 11;1;4;53;4;29;3;1;4;4;5;6;2;3;1;93;2;97;0;0;1;3;0;0;3;20;4;32;1;43;2;20;1;73
13.03.2025;13:47;A 11;1;4;22;2;11;1;0;3;4;7;8;0;0;1;3;2;16;1;2;0;0;0;0;1;14;2;30;0;0;1;12;2;11
13.03.2025;13:46;A 11;1;3;20;3;29;1;26;3;3;0;0;0;0;1;2;3;41;0;0;0;0;0;0;2;18;0;0;0;0;1;9;0;3
13.03.2025;13:45;A 11;1;2;52;4;58;0;0;7;7;5;8;0;0;1;33;3;34;0;0;0;0;0;0;3;35;4;60;0;0;1;3;1;4
13.03.2025;13:44;A 11;1;3;38;4;71;0;0;4;5;8;10;0;0;3;33;3;62;0;0;0;0;0;0;3;24;3;43;1;1;2;27;2;36
13.03.2025;13:43;A 11;1;2;38;2;41;1;7;5;5;5;6;0;0;2;10;3;65;0;0;0;0;0;0;1;21;4;32;0;0;1;22;2;61
13.03.2025;13:42;A 11;1;3;47;3;34;1;14;4;4;6;7;0;0;0;100;0;100;0;0;0;0;0;0;2;18;2;28;0;0;0;100;0;0
13.03.2025;13:41;A 11;1;2;63;8;66;0;0;3;3;4;5;0;0;1;19;1;17;0;0;0;0;0;0;3;21;3;28;0;0;2;21;0;0
13.03.2025;13:40;A 11;1;6;69;8;44;0;78;1;1;2;2;6;8;0;0;2;82;0;0;0;0;0;0;1;5;1;11;1;52;0;0;1;84
13.03.2025;13:39;A 11;1;1;30;3;62;1;13;4;4;3;4;2;1;0;0;2;13;0;0;0;0;0;0;4;25;2;18;0;41;0;0;1;17
13.03.2025;13:38;A 11;1;1;81;4;77;1;1;4;4;2;6;1;2;0;0;0;38;0;0;1;3;0;0;1;18;2;33;2;73;0;0;0;0
13.03.2025;13:37;A 11;1;2;79;3;47;2;1;4;5;7;7;0;0;1;24;3;41;0;0;0;0;2;5;3;21;3;42;0;0;1;3;1;6
13.03.2025;13:36;A 11;1;2;78;9;57;3;3;2;2;4;3;0;0;1;49;4;13;0;0;0;0;1;3;2;13;3;21;0;0;2;9;2;12
13.03.2025;13:35;A 11;1;2;64;1;50;2;2;8;10;10;18;2;3;1;66;2;31;1;5;0;0;0;0;2;47;3;64;1;33;1;8;2;29
13.03.2025;13:34;A 11;1;1;61;3;77;0;0;2;2;7;8;3;4;1;66;3;5;0;0;0;0;0;0;2;13;5;48;3;29;2;4;0;0
13.03.2025;13:33;A 11;1;3;69;3;51;1;2;2;1;2;3;0;0;0;0;4;32;0;0;0;0;0;0;0;4;2;18;0;0;0;0;2;20
13.03.2025;13:32;A 11;1;2;84;3;74;1;17;2;2;7;7;0;0;4;62;5;13;0;0;0;0;1;3;2;12;2;36;0;0;0;65;1;2
13.03.2025;13:31;A 11;1;2;66;4;62;1;1;6;7;4;4;4;6;1;30;2;1;0;0;0;0;0;0;2;27;5;29;1;13;3;24;1;2
13.03.2025;13:30;A 11;1;1;80;1;64;0;0;4;3;7;7;0;0;3;19;3;21;0;0;0;0;0;0;1;11;2;31;1;14;1;34;1;9
13.03.2025;13:29;A 11;1;2;75;3;74;1;1;10;13;8;9;1;2;1;49;2;26;0;0;0;0;1;3;4;49;5;47;1;10;2;21;1;21
13.03.2025;13:28;A 11;1;1;84;7;78;2;2;4;4;6;7;1;1;1;69;1;46;1;2;0;0;1;3;3;27;4;43;1;12;1;6;1;10
13.03.2025;13:27;A 11;1;1;68;2;49;1;1;8;8;7;7;1;2;1;0;3;51;0;0;0;0;2;5;5;44;4;36;1;7;1;3;3;15
13.03.2025;13:26;A 11;1;3;90;4;62;1;1;2;3;3;3;0;0;0;0;1;1;0;0;0;0;1;3;2;19;2;15;0;0;0;0;0;0
13.03.2025;13:25;A 11;1;1;69;1;65;1;1;5;6;3;3;0;0;0;0;0;0;0;2;1;2;1;3;4;33;3;18;0;0;0;0;0;0
13.03.2025;13:24;A 11;1;2;58;1;70;2;0;2;2;1;1;1;0;0;0;0;31;1;1;0;0;1;3;2;11;1;5;0;0;0;0;0;1
13.03.2025;13:23;A 11;1;2;40;4;37;2;2;3;4;6;9;2;3;2;4;5;11;1;2;0;0;0;0;2;21;4;44;0;0;2;11;2;12
13.03.2025;13:22;A 11;1;1;84;2;89;2;4;5;6;7;7;0;0;1;9;3;21;0;0;0;0;1;7;2;30;2;35;0;0;2;8;1;24
13.03.2025;13:21;A 11;1;2;70;4;61;2;2;5;5;3;3;6;6;1;10;3;10;0;0;0;0;1;3;4;33;3;19;2;38;3;7;2;13
13.03.2025;13:20;A 11;1;3;35;5;49;2;2;4;5;2;2;0;0;2;55;2;33;0;0;0;0;2;9;4;27;3;22;0;0;2;15;1;11
13.03.2025;13:19;A 11;1;1;35;3;32;2;3;3;4;4;5;0;0;2;14;2;68;1;2;0;0;1;3;2;18;3;35;0;0;2;16;1;68
13.03.2025;13:18;A 11;1;5;69;4;60;0;55;7;8;5;5;0;0;1;57;3;58;0;0;0;0;2;5;2;32;1;24;0;0;1;57;2;8
13.03.2025;13:17;A 11;1;3;87;1;68;4;55;1;1;2;2;1;0;2;58;3;55;0;0;0;0;0;0;1;7;2;12;0;0;2;26;2;46
13.03.2025;13:16;A 11;1;1;77;2;83;4;24;2;1;4;4;2;2;2;23;2;25;0;0;0;0;1;8;2;11;3;21;1;9;1;10;1;25
13.03.2025;13:15;A 11;1;1;84;2;62;2;1;3;3;8;10;0;0;0;0;2;42;1;4;0;0;1;3;2;15;2;38;0;0;1;8;2;18
13.03.2025;13:14;A 11;1;5;73;2;31;1;43;7;10;8;10;0;1;2;27;3;25;0;0;0;0;1;3;3;50;1;37;0;0;2;8;2;2
13.03.2025;13:13;A 11;1;2;64;3;16;2;59;0;0;4;5;2;2;3;55;5;13;0;0;0;0;0;1;0;0;3;29;1;7;4;8;2;27
13.03.2025;13:12;A 11;1;3;68;2;41;5;5;2;2;3;3;0;0;2;17;1;1;0;0;0;0;2;4;1;13;3;20;0;0;1;22;0;0
13.03.2025;13:11;A 11;1;2;58;1;58;3;42;5;5;7;10;0;0;4;63;4;55;1;2;0;0;1;3;2;25;2;36;0;0;3;68;1;50
13.03.2025;13:10;A 11;1;3;45;1;43;1;0;2;2;3;4;3;5;1;22;2;40;0;0;0;0;3;9;1;9;2;18;0;2;1;6;1;7
13.03.2025;13:09;A 11;1;1;75;3;65;1;2;5;6;5;6;0;0;1;21;2;5;0;0;0;0;0;0;4;34;3;30;1;9;0;19;0;0
13.03.2025;13:08;A 11;1;2;40;1;67;0;8;6;6;10;12;0;0;1;36;2;12;0;0;0;0;1;3;3;26;2;48;0;0;2;17;0;10
13.03.2025;13:07;A 11;1;2;62;6;61;1;20;2;2;7;8;3;5;1;59;2;3;0;0;0;0;2;5;2;13;4;42;2;34;2;13;3;11
13.03.2025;13:06;A 11;1;4;60;1;47;2;1;6;5;8;8;4;6;1;95;2;71;0;0;0;0;0;0;3;26;2;32;2;36;2;37;2;63
13.03.2025;13:05;A 11;1;3;70;4;60;1;2;3;4;2;2;1;1;2;53;0;63;0;0;0;0;0;0;3;22;2;14;1;23;2;16;1;5
13.03.2025;13:04;A 11;1;5;28;3;53;0;0;4;4;4;4;1;2;2;58;5;38;0;0;0;0;5;13;2;28;2;20;2;14;1;14;4;49
13.03.2025;13:03;A 11;1;2;81;4;57;2;25;3;3;5;5;0;0;1;38;1;35;0;0;0;0;1;3;3;18;3;25;0;0;2;36;2;6
13.03.2025;13:02;A 11;1;1;97;2;78;0;0;6;6;5;4;0;0;2;45;3;48;0;0;0;0;0;0;3;29;3;29;0;2;2;5;3;12
13.03.2025;13:01;A 11;1;4;38;5;29;0;0;5;5;5;9;6;9;0;0;2;3;0;0;0;0;1;3;4;25;1;63;1;66;0;0;1;5
13.03.2025;13:00;A 11;1;3;44;3;55;1;2;4;4;10;10;0;0;1;14;1;1;0;0;0;0;1;3;3;18;5;50;0;0;1;7;0;0
13.03.2025;12:59;A 11;1;3;51;3;58;0;0;2;2;4;4;1;2;1;87;3;75;0;0;0;0;0;0;1;11;2;20;0;69;0;85;0;0
13.03.2025;12:58;A 11;1;4;50;3;34;0;0;8;8;6;7;2;3;2;67;1;1;0;0;0;0;0;0;6;34;3;35;1;35;2;15;2;6
13.03.2025;12:57;A 11;1;5;54;2;47;0;0;0;0;1;1;0;0;1;0;2;3;0;0;1;3;2;5;0;0;1;5;0;0;0;0;1;6
13.03.2025;12:56;A 11;1;2;87;1;98;0;0;6;8;5;4;2;3;2;1;7;8;0;0;0;0;0;0;3;76;2;22;0;19;2;4;3;17
13.03.2025;12:55;A 11;1;1;54;2;27;1;1;3;3;5;5;1;2;0;0;2;19;0;0;0;0;2;5;3;17;5;32;2;48;0;0;0;16
13.03.2025;12:54;A 11;1;2;39;2;53;0;0;4;4;4;4;2;3;1;5;4;21;0;0;1;3;0;0;2;23;3;23;1;56;0;4;1;28
13.03.2025;12:53;A 11;1;3;58;4;26;0;0;4;4;6;6;3;5;1;72;5;5;0;0;0;0;0;0;3;28;1;33;0;89;3;36;2;11
13.03.2025;12:52;A 11;1;1;43;5;35;0;0;7;6;8;9;2;2;1;35;2;44;0;0;0;0;0;0;2;36;3;44;1;48;1;7;1;7
13.03.2025;12:51;A 11;1;2;54;2;16;0;0;6;7;3;3;3;2;0;0;3;2;0;0;0;0;1;6;4;50;3;15;2;8;1;2;1;0
13.03.2025;12:50;A 11;1;1;64;3;65;0;0;2;2;7;8;2;2;0;0;2;1;0;0;0;0;2;5;1;12;3;35;1;14;0;0;0;0
13.03.2025;12:49;A 11;1;3;64;5;70;0;0;1;1;8;10;0;0;0;0;2;15;0;0;0;0;0;0;1;7;1;38;0;0;0;0;1;6
13.03.2025;12:48;A 11;1;1;90;3;38;1;1;1;1;9;12;1;1;0;0;2;29;0;0;0;0;1;6;1;9;3;53;0;11;0;0;1;4
13.03.2025;12:47;A 11;1;2;49;2;15;0;0;2;2;13;18;1;2;2;11;3;41;0;0;0;0;0;0;2;10;3;61;1;15;0;12;1;8
13.03.2025;12:46;A 11;1;3;66;1;46;0;0;1;0;5;6;0;0;1;33;1;0;0;0;0;0;0;0;0;13;4;40;1;2;2;33;0;0
13.03.2025;12:45;A 11;1;1;47;4;65;0;0;7;1;8;38;3;4;1;34;1;78;0;0;0;0;1;3;0;100;0;100;1;8;1;7;2;6
13.03.2025;12:44;A 11;1;2;62;5;32;1;2;3;6;10;21;0;0;0;0;2;3;0;0;0;0;1;5;0;100;2;93;0;0;0;0;0;0
13.03.2025;12:43;A 11;1;2;58;3;19;0;0;2;2;9;9;0;0;1;54;1;1;0;0;0;0;0;0;1;89;1;37;0;0;1;6;0;0
13.03.2025;12:42;A 11;1;2;62;2;27;1;2;2;2;1;2;0;0;2;2;2;29;0;0;0;0;1;2;2;7;3;15;0;0;2;7;0;2
13.03.2025;12:41;A 11;1;1;60;2;33;1;1;7;8;14;16;0;0;0;0;0;0;0;0;0;0;0;0;1;98;3;71;3;1;0;0;1;5
13.03.2025;12:40;A 11;1;4;41;2;9;0;0;3;1;7;7;0;0;1;1;3;6;0;0;0;0;0;0;1;92;3;28;0;0;0;0;0;8
13.03.2025;12:39;A 11;1;2;60;3;53;0;0;5;5;8;8;3;5;0;0;4;8;0;0;0;0;0;0;3;25;5;42;1;11;0;0;1;67
13.03.2025;12:38;A 11;1;2;75;2;29;2;41;1;2;8;9;0;0;1;29;5;50;0;0;0;0;0;0;1;9;2;40;0;0;1;38;2;56
13.03.2025;12:37;A 11;1;7;48;1;64;5;7;3;4;2;2;7;9;0;69;2;39;0;0;1;3;1;7;2;20;3;11;2;31;0;0;1;16
13.03.2025;12:36;A 11;1;3;44;2;29;0;0;6;7;4;4;2;3;3;23;5;5;0;0;0;0;0;0;2;29;2;28;1;16;3;19;3;11
13.03.2025;12:35;A 11;1;4;50;1;59;0;0;1;1;6;29;0;0;1;2;0;0;0;0;0;0;0;0;2;13;2;68;0;0;1;3;1;0
13.03.2025;12:34;A 11;1;2;23;2;16;2;2;6;6;8;9;0;0;0;0;0;14;0;0;1;5;1;3;4;29;5;46;0;0;1;4;0;0
13.03.2025;12:33;A 11;1;1;51;0;51;0;0;4;3;7;7;2;3;0;0;1;58;0;0;0;0;1;4;4;16;3;31;2;21;1;2;2;7
13.03.2025;12:32;A 11;1;2;60;2;34;2;3;6;6;4;4;0;0;1;26;2;2;0;0;0;0;0;0;4;35;4;24;0;0;1;7;0;0
13.03.2025;12:31;A 11;1;1;56;3;44;2;3;3;3;5;8;2;3;1;2;1;59;0;0;0;0;0;0;3;25;2;31;1;28;1;9;1;67
13.03.2025;12:30;A 11;1;5;63;5;40;1;1;4;9;7;10;0;0;2;37;3;72;0;0;0;0;1;3;3;36;2;47;0;0;3;30;2;64
13.03.2025;12:29;A 11;1;4;86;2;21;0;0;5;6;5;5;0;0;0;56;3;48;1;2;1;3;1;5;2;32;5;41;0;0;0;0;1;33
13.03.2025;12:28;A 11;1;2;86;1;72;0;0;2;3;3;2;3;4;2;45;1;32;0;0;0;0;1;3;2;21;3;20;1;20;3;12;1;3
13.03.2025;12:27;A 11;1;0;76;1;66;0;0;4;5;6;7;2;2;4;20;4;16;0;0;0;0;0;0;4;26;5;45;1;10;2;29;1;7
13.03.2025;12:26;A 11;1;3;64;4;47;2;0;0;0;3;4;0;0;2;3;3;4;0;0;1;3;0;0;0;0;2;26;0;0;4;19;0;2
13.03.2025;12:25;A 11;1;3;82;1;61;1;2;2;3;5;7;2;3;0;0;4;5;0;0;0;0;0;0;2;16;2;27;1;10;0;0;1;5
13.03.2025;12:24;A 11;1;3;51;5;55;3;2;6;6;6;6;0;0;1;43;1;68;0;0;1;3;1;5;4;26;3;34;0;0;1;8;1;7
13.03.2025;12:23;A 11;1;3;59;1;62;1;5;3;4;6;5;3;5;1;3;2;70;0;0;0;0;0;2;3;20;6;34;1;25;1;9;4;3
13.03.2025;12:22;A 11;1;3;41;3;28;1;1;2;2;3;3;0;0;1;0;4;6;0;0;0;0;3;6;2;14;1;16;0;0;0;0;3;18
13.03.2025;12:21;A 11;1;3;28;4;51;1;0;1;3;2;2;3;3;2;3;3;41;0;0;0;0;2;5;1;12;3;25;1;29;1;5;1;13
13.03.2025;12:20;A 11;1;2;64;1;33;1;0;7;8;6;6;0;0;0;0;1;1;0;0;0;0;1;3;6;43;3;32;1;2;1;2;1;1
13.03.2025;12:19;A 11;1;4;65;2;40;0;0;4;4;2;2;0;0;2;10;4;4;0;0;0;0;0;0;2;20;3;14;0;0;0;13;0;0
13.03.2025;12:18;A 11;1;2;48;4;49;1;2;5;4;7;7;0;0;1;63;0;0;2;5;0;0;0;0;2;23;3;50;0;0;2;77;0;0
13.03.2025;12:17;A 11;1;2;50;2;33;3;63;3;4;6;9;1;1;1;78;1;78;0;0;0;0;0;0;1;16;4;50;1;8;2;8;1;4
13.03.2025;12:16;A 11;1;2;68;5;45;2;5;3;3;5;7;0;0;2;81;3;80;0;0;0;0;0;0;2;21;2;42;0;0;1;5;1;18
13.03.2025;12:15;A 11;1;2;50;3;44;0;55;4;5;5;5;0;0;1;5;0;56;0;0;0;0;0;0;2;18;2;35;0;0;1;5;1;6
13.03.2025;12:14;A 11;1;3;62;1;40;1;34;6;5;9;11;2;3;0;39;1;46;0;0;0;0;1;3;2;29;3;43;0;5;0;0;1;6
13.03.2025;12:13;A 11;1;1;62;0;0;0;0;3;4;4;4;0;0;2;68;2;54;0;0;0;0;0;0;2;19;2;25;1;5;1;28;0;0
13.03.2025;12:12;A 11;1;3;69;1;48;1;0;4;8;2;2;0;0;2;68;4;21;0;0;0;0;0;0;3;44;3;17;0;0;2;48;3;31
13.03.2025;12:11;A 11;1;3;61;3;42;2;1;4;3;7;8;9;7;1;21;3;38;0;0;0;0;0;0;3;18;3;38;1;39;2;15;1;45
13.03.2025;12:10;A 11;1;3;72;2;73;1;1;2;3;5;5;0;0;0;0;0;0;0;0;0;0;1;4;2;15;3;26;0;0;1;3;1;3
13.03.2025;12:09;A 11;1;2;32;3;81;1;1;3;3;4;4;4;4;1;1;4;15;1;2;0;0;1;3;2;15;1;22;3;42;1;5;3;16
13.03.2025;12:08;A 11;1;4;73;2;66;0;0;3;4;4;4;0;0;1;3;1;1;0;0;0;0;1;3;3;24;2;18;0;0;1;9;0;0
13.03.2025;12:07;A 11;1;1;83;2;92;1;1;2;2;1;1;0;0;1;0;4;5;0;0;0;0;1;3;1;13;2;8;0;0;0;0;1;5
13.03.2025;12:06;A 11;1;5;55;4;65;1;1;4;4;7;7;2;2;1;2;3;17;0;0;0;0;2;5;3;19;6;40;3;13;1;3;1;17
13.03.2025;12:05;A 11;1;2;69;2;39;2;1;3;3;5;5;0;0;0;0;1;37;0;0;0;0;0;0;1;15;2;24;0;0;0;0;2;28
13.03.2025;12:04;A 11;1;2;65;1;69;1;2;6;8;5;6;0;0;1;29;4;48;0;0;0;0;1;3;3;43;4;39;3;4;1;10;1;7
13.03.2025;12:03;A 11;1;2;94;4;58;1;1;8;15;12;17;2;4;1;1;6;5;0;0;0;0;2;5;1;54;2;66;0;71;0;0;1;5
13.03.2025;12:02;A 11;1;3;36;3;19;0;0;4;4;9;11;1;2;1;65;1;73;0;0;0;0;1;3;2;23;2;45;1;63;1;6;1;4
13.03.2025;12:01;A 11;1;2;31;4;38;1;0;2;1;4;5;3;4;0;55;2;56;0;0;0;0;0;0;1;20;1;14;0;34;0;0;3;58
13.03.2025;12:00;A 11;1;1;46;4;53;1;1;1;1;7;9;0;0;2;36;5;33;0;0;0;0;1;2;0;100;3;40;2;4;4;23;4;45
13.03.2025;11:59;A 11;1;2;80;4;61;0;0;3;7;9;24;0;0;0;23;4;31;0;0;0;0;2;5;0;100;1;54;0;0;0;0;2;15
13.03.2025;11:58;A 11;1;3;36;1;64;0;0;5;5;12;15;0;0;3;33;3;14;0;0;0;0;0;0;0;100;3;57;0;0;2;16;1;17
13.03.2025;11:57;A 11;1;2;37;1;22;0;0;4;3;7;6;3;4;1;36;1;32;0;0;0;0;0;0;0;100;2;25;1;38;4;31;2;27
13.03.2025;11:56;A 11;1;1;35;6;54;1;30;7;9;14;15;3;4;1;43;2;1;0;0;0;0;0;0;1;82;6;57;1;12;1;8;0;0
13.03.2025;11:55;A 11;1;2;87;4;50;1;1;5;5;3;3;2;2;2;40;3;36;0;0;0;0;0;0;4;30;3;19;1;32;2;36;0;0
13.03.2025;11:54;A 11;1;1;58;3;62;1;1;2;2;2;2;1;2;2;52;1;17;0;0;0;0;0;0;2;13;2;15;1;9;3;14;2;10
13.03.2025;11:53;A 11;1;3;45;3;62;0;39;3;3;2;2;6;8;2;62;2;2;0;0;0;0;0;0;3;20;3;25;1;64;3;7;1;1
13.03.2025;11:52;A 11;1;3;72;2;54;1;44;4;4;4;5;2;3;1;67;2;16;0;0;0;0;0;0;3;22;3;63;1;16;1;14;0;0
13.03.2025;11:51;A 11;1;2;54;2;52;1;1;3;4;4;4;0;0;1;21;3;23;0;0;0;0;1;5;3;23;4;29;0;0;1;7;0;0
13.03.2025;11:50;A 11;1;3;48;1;28;0;0;9;9;10;14;2;3;0;0;1;24;0;0;3;10;1;3;3;47;2;50;1;15;0;0;2;12
13.03.2025;11:49;A 11;1;3;46;2;37;0;0;2;3;3;2;0;0;1;83;2;59;0;0;0;0;0;0;2;15;2;16;0;0;0;0;2;21
13.03.2025;11:48;A 11;1;2;31;1;59;1;19;2;2;2;2;2;2;0;0;3;35;0;0;0;0;1;5;2;15;2;11;1;8;1;15;1;8
13.03.2025;11:47;A 11;1;3;38;3;68;1;0;5;5;5;6;0;0;1;0;2;54;0;0;1;3;0;0;3;31;2;30;0;0;3;6;0;55
13.03.2025;11:46;A 11;1;2;95;3;47;0;0;4;4;2;2;0;0;2;43;3;76;0;0;0;0;1;3;2;22;1;11;0;0;0;44;2;77
13.03.2025;11:45;A 11;1;2;85;2;79;0;0;2;2;2;1;0;0;1;76;4;46;0;0;0;0;0;0;2;12;2;8;2;1;2;67;3;38
13.03.2025;11:44;A 11;1;2;74;1;70;0;0;2;2;3;3;3;4;4;27;4;6;0;0;0;0;0;0;2;14;1;16;2;15;3;15;0;0
13.03.2025;11:43;A 11;1;3;53;2;79;0;0;4;5;6;7;2;3;0;0;2;1;0;0;0;0;0;0;2;23;4;38;2;30;1;7;1;9
13.03.2025;11:42;A 11;1;1;53;2;71;1;49;6;8;6;6;2;2;0;0;3;38;1;4;0;0;0;0;6;48;3;36;1;23;0;0;1;23
13.03.2025;11:41;A 11;1;2;21;4;61;1;0;2;2;5;4;0;0;2;3;3;2;0;0;0;0;0;0;1;9;2;24;0;0;1;8;1;5
13.03.2025;11:40;A 11;1;2;28;2;66;0;0;6;8;3;2;1;1;1;10;2;2;0;0;0;0;0;0;3;33;2;26;1;7;1;8;0;0
13.03.2025;11:39;A 11;1;2;35;2;67;0;0;4;4;2;2;2;3;1;0;4;3;0;0;1;5;0;0;2;24;2;11;0;20;0;0;1;3
13.03.2025;11:38;A 11;1;2;52;2;68;1;0;1;2;3;3;2;3;0;0;5;4;0;0;0;0;0;0;1;12;3;17;1;97;0;0;0;0
13.03.2025;11:37;A 11;1;2;71;2;49;2;0;6;6;8;7;3;5;1;1;0;0;0;0;0;0;0;0;6;28;6;41;2;32;1;10;0;0
13.03.2025;11:36;A 11;1;3;17;4;24;0;0;5;4;9;11;0;0;1;0;1;60;0;0;0;0;0;0;4;21;4;48;0;0;0;0;1;7
13.03.2025;11:35;A 11;1;3;36;1;18;1;21;4;4;6;7;2;3;0;0;1;7;0;0;0;0;0;0;3;26;2;31;1;13;0;0;1;6
13.03.2025;11:34;A 11;1;3;62;2;32;0;0;2;2;5;6;0;0;0;72;0;73;0;0;0;0;0;0;2;14;3;35;0;0;0;0;0;6
13.03.2025;11:33;A 11;1;2;56;3;62;1;53;6;9;5;5;3;4;1;56;4;17;0;0;0;0;1;3;2;33;3;19;1;26;1;3;3;19
13.03.2025;11:32;A 11;1;3;43;1;26;1;47;0;0;3;2;0;0;2;67;1;1;1;2;1;3;1;3;0;0;1;13;0;0;2;13;0;0
13.03.2025;11:31;A 11;1;2;70;3;34;1;14;5;5;4;4;0;0;1;64;0;15;0;0;0;0;0;0;2;27;2;22;0;0;1;29;0;0
13.03.2025;11:30;A 11;1;2;65;4;41;0;0;2;2;6;7;0;0;1;68;1;49;0;0;0;0;0;0;1;10;3;33;0;95;1;77;4;5
13.03.2025;11:29;A 11;1;2;63;4;34;2;79;5;5;10;11;2;3;1;42;3;43;0;0;0;0;1;3;3;21;3;44;1;31;2;5;1;6
13.03.2025;11:28;A 11;1;7;52;3;47;0;0;4;5;3;4;0;0;1;36;1;32;0;0;0;0;1;3;4;32;1;14;0;0;1;6;0;0
13.03.2025;11:27;A 11;1;2;19;1;12;0;0;6;5;7;7;2;3;1;13;2;70;0;0;0;0;1;3;3;29;1;29;1;23;2;10;1;16
13.03.2025;11:26;A 11;1;4;67;1;39;0;0;1;1;3;3;0;0;1;35;2;30;0;0;0;0;0;0;1;4;2;17;0;0;1;6;2;41
13.03.2025;11:25;A 11;1;2;73;2;90;1;2;2;3;2;3;0;0;0;0;1;40;0;0;0;0;2;5;1;15;2;17;0;0;0;0;0;0
13.03.2025;11:24;A 11;1;2;39;1;49;0;0;4;4;4;5;0;0;0;0;1;46;0;0;0;0;0;0;4;22;3;22;0;0;0;0;1;6
13.03.2025;11:23;A 11;1;3;46;4;67;0;0;6;7;4;4;0;0;1;5;3;8;0;0;0;0;2;5;5;33;2;18;2;5;0;6;0;10
13.03.2025;11:22;A 11;1;1;57;3;78;0;0;3;3;6;6;2;3;1;73;4;6;0;0;0;0;1;14;3;17;5;37;3;23;2;27;1;19
13.03.2025;11:21;A 11;1;3;71;6;53;0;0;5;7;5;6;0;0;1;2;5;6;0;0;0;0;0;0;3;33;3;31;0;0;1;4;2;8
13.03.2025;11:20;A 11;1;1;86;5;21;0;0;1;1;3;3;1;1;4;46;7;14;0;0;0;0;0;0;1;7;2;19;2;8;2;72;1;54
13.03.2025;11:19;A 11;1;2;93;3;58;0;0;2;3;4;4;5;6;1;1;2;1;0;0;0;0;0;0;1;13;1;21;0;5;2;7;2;5
13.03.2025;11:18;A 11;1;1;90;4;79;0;0;2;2;2;2;2;1;1;35;3;38;2;5;0;0;0;0;2;13;1;12;1;7;0;35;1;17
13.03.2025;11:17;A 11;1;5;59;3;77;0;0;5;5;8;8;0;0;1;52;2;50;0;0;0;0;1;5;4;26;3;35;1;1;2;49;1;5
13.03.2025;11:16;A 11;1;1;70;1;69;2;0;4;4;7;9;2;3;0;4;1;0;0;0;0;0;1;0;3;22;2;38;1;11;0;0;0;0
13.03.2025;11:15;A 11;1;3;33;7;66;1;1;7;6;8;9;0;0;1;47;1;65;0;0;0;0;1;3;3;27;5;38;2;5;1;7;1;8
13.03.2025;11:14;A 11;1;4;40;3;68;0;0;1;1;4;4;0;0;0;0;0;0;0;0;0;0;0;0;1;7;3;21;1;4;0;0;0;0
13.03.2025;11:13;A 11;1;1;17;2;40;0;66;3;3;6;6;0;0;0;0;1;21;0;0;0;0;0;0;2;21;1;25;0;0;0;0;1;6
13.03.2025;11:12;A 11;1;2;47;2;78;1;4;6;7;4;4;0;0;0;0;1;47;0;0;0;0;0;0;3;30;3;29;0;0;0;0;1;9
13.03.2025;11:11;A 11;1;3;36;4;56;0;0;5;4;1;1;0;0;0;0;2;36;0;0;0;0;1;3;2;21;1;10;0;0;0;0;2;13
13.03.2025;11:10;A 11;1;4;83;2;32;0;21;5;8;3;3;0;0;0;0;1;27;0;0;0;0;0;0;4;47;2;20;0;0;0;0;0;0
13.03.2025;11:09;A 11;1;3;77;5;73;1;28;3;3;3;3;0;0;1;1;3;27;0;0;0;0;0;0;3;19;2;13;0;0;1;4;2;11
13.03.2025;11:08;A 11;1;2;30;1;10;1;44;4;4;10;9;0;0;0;0;1;1;0;0;0;0;1;3;3;20;4;45;0;0;3;6;0;0
13.03.2025;11:07;A 11;1;3;32;3;36;0;0;3;3;9;10;0;0;1;1;3;33;0;0;0;0;0;0;1;15;2;45;1;0;0;0;2;39
13.03.2025;11:06;A 11;1;3;65;2;54;0;0;4;5;5;5;0;0;0;0;0;0;2;5;0;0;0;0;3;29;3;30;0;0;0;0;0;0
13.03.2025;11:05;A 11;1;2;81;1;69;0;0;4;4;2;2;0;0;0;0;3;55;0;0;0;0;0;0;3;24;2;13;0;0;0;0;1;47
13.03.2025;11:04;A 11;1;6;35;2;13;0;0;1;1;6;6;1;1;3;5;4;27;0;0;0;0;0;0;1;6;3;32;1;10;2;18;3;21
13.03.2025;11:03;A 11;1;1;44;5;70;0;0;9;10;5;6;0;0;0;0;2;23;0;0;0;0;0;0;2;40;2;29;0;0;4;13;1;2
13.03.2025;11:02;A 11;1;4;35;3;73;0;0;2;3;6;7;4;6;0;4;1;38;0;0;0;0;0;4;1;19;2;70;1;6;0;0;1;8
13.03.2025;11:01;A 11;1;1;60;4;48;0;0;4;5;7;12;0;0;1;44;2;46;0;0;0;0;1;1;3;26;4;58;0;0;0;0;1;9
13.03.2025;11:00;A 11;1;2;35;3;17;1;0;6;9;7;8;0;0;0;76;0;0;0;0;0;0;0;0;3;43;3;47;0;0;0;0;0;0
13.03.2025;10:59;A 11;1;4;72;3;33;0;0;2;1;6;7;0;0;1;18;1;1;0;0;0;0;2;7;1;6;3;33;0;0;1;5;0;0
13.03.2025;10:58;A 11;1;5;48;2;70;0;0;6;6;6;6;6;9;1;1;7;8;0;0;0;0;0;0;2;23;3;24;0;55;2;1;2;7
13.03.2025;10:57;A 11;1;4;74;3;69;0;32;7;8;4;4;4;6;0;29;2;3;0;0;0;0;0;0;2;34;3;23;2;35;0;0;0;0
13.03.2025;10:56;A 11;1;2;53;1;9;1;53;4;4;7;8;0;0;1;58;1;1;0;0;0;0;0;0;4;24;2;29;0;0;1;7;0;0
13.03.2025;10:55;A 11;1;1;86;2;14;2;2;3;4;8;10;0;0;6;16;6;8;0;0;1;3;0;0;3;24;4;58;0;0;1;25;2;18
13.03.2025;10:54;A 11;1;5;45;7;25;2;0;3;4;1;1;0;0;1;70;1;68;0;0;0;0;0;8;2;18;3;12;1;2;1;80;3;13
13.03.2025;10:53;A 11;1;1;51;1;40;0;0;3;6;4;10;2;3;0;0;4;3;0;0;0;0;1;1;0;21;1;32;1;10;0;0;1;4
13.03.2025;10:52;A 11;1;2;59;1;37;0;0;1;1;2;1;0;0;3;32;2;77;0;0;0;0;0;0;3;5;3;14;0;0;2;40;1;81
13.03.2025;10:51;A 11;1;2;49;3;74;0;0;0;0;3;3;1;2;1;2;1;46;0;0;0;0;1;3;0;2;0;12;0;29;1;6;0;0
13.03.2025;10:50;A 11;1;1;52;3;43;0;0;2;2;3;4;0;0;0;0;1;62;0;0;0;0;0;0;1;8;2;21;1;92;1;2;2;9
13.03.2025;10:49;A 11;1;1;92;3;69;0;0;7;6;6;6;0;0;0;24;1;61;0;0;0;0;0;0;4;31;3;31;0;1;1;3;1;7
13.03.2025;10:48;A 11;1;2;85;1;81;0;0;6;7;6;5;2;3;1;56;1;53;0;0;0;0;0;0;3;40;2;26;1;21;1;7;1;1
13.03.2025;10:47;A 11;1;1;21;3;62;0;0;3;4;4;5;0;0;1;53;1;51;0;0;0;0;1;3;3;21;3;38;1;1;2;5;0;0
13.03.2025;10:46;A 11;1;1;43;6;61;1;0;4;5;6;7;3;4;0;0;1;1;0;0;0;0;0;0;3;28;5;41;1;12;0;0;0;0
13.03.2025;10:45;A 11;1;1;29;1;9;2;0;6;6;6;7;1;1;1;72;4;4;0;0;0;0;1;3;4;37;4;38;1;7;1;6;1;4
13.03.2025;10:44;A 11;1;4;77;3;76;1;58;1;1;4;4;4;5;3;75;2;14;0;0;0;0;0;0;2;9;2;21;1;27;3;66;2;23
13.03.2025;10:43;A 11;1;2;53;3;59;2;42;2;2;3;3;0;0;2;68;2;33;0;0;0;0;0;0;1;15;3;24;0;0;2;40;0;0
13.03.2025;10:42;A 11;1;1;73;2;96;0;22;6;13;5;11;0;0;2;37;2;43;0;0;0;0;0;0;4;46;2;45;0;0;1;23;2;9
13.03.2025;10:41;A 11;1;2;42;2;27;1;67;8;13;7;10;0;0;1;77;1;75;0;0;0;0;1;5;6;56;4;45;0;0;3;23;3;8
13.03.2025;10:40;A 11;1;4;23;2;43;0;0;3;4;4;4;2;2;0;0;1;63;0;0;0;0;0;0;2;19;3;22;0;0;0;0;1;7
13.03.2025;10:39;A 11;1;3;34;4;54;0;0;4;4;5;5;4;6;1;26;2;74;0;0;0;0;0;0;1;26;4;36;3;27;2;11;2;64
13.03.2025;10:38;A 11;1;1;11;1;7;0;0;3;4;7;9;1;2;2;2;3;26;0;0;1;3;0;0;3;22;3;40;1;9;1;5;3;38
13.03.2025;10:37;A 11;1;1;53;3;64;1;2;4;4;4;5;1;1;1;1;5;5;0;0;0;0;0;0;1;25;2;23;1;5;1;6;0;0
13.03.2025;10:36;A 11;1;2;88;1;95;2;2;2;2;0;0;2;3;1;49;1;48;0;0;0;0;0;0;3;13;0;0;1;12;0;47;0;0
13.03.2025;10:35;A 11;1;2;62;3;61;2;4;1;1;4;5;0;0;1;36;1;10;0;0;0;0;1;3;1;7;2;21;1;3;1;46;1;25
13.03.2025;10:34;A 11;1;3;51;1;37;2;15;1;1;6;6;0;0;3;49;3;4;0;0;0;0;0;0;1;8;4;27;0;0;2;63;1;53
13.03.2025;10:33;A 11;1;3;48;6;28;1;2;4;3;7;9;0;0;0;0;0;97;0;0;0;0;0;0;3;17;5;38;0;0;1;0;1;8
13.03.2025;10:32;A 11;1;5;58;4;50;0;0;3;5;4;5;2;2;0;0;1;6;0;0;0;0;0;0;1;17;2;22;1;10;0;0;1;8
13.03.2025;10:31;A 11;1;6;38;2;69;0;0;5;6;4;4;3;5;2;2;4;5;0;0;0;0;0;0;2;29;3;24;1;34;3;7;1;1
13.03.2025;10:30;A 11;1;2;59;1;77;1;1;4;5;6;6;4;6;2;45;1;51;0;0;0;0;1;3;1;21;3;28;1;28;1;34;1;9
13.03.2025;10:29;A 11;1;2;66;1;76;0;41;3;3;2;2;4;6;0;0;5;11;0;0;0;0;1;3;2;17;1;14;2;27;1;9;2;12
13.03.2025;10:28;A 11;1;3;42;3;83;2;9;3;4;5;6;2;3;2;24;3;5;0;0;0;0;0;0;3;23;5;28;1;88;2;6;2;8
13.03.2025;10:27;A 11;1;0;45;4;66;1;9;1;1;4;4;2;3;1;37;3;3;0;0;1;3;1;3;1;5;1;15;1;14;1;17;0;0
13.03.2025;10:26;A 11;1;3;34;3;27;1;61;3;2;6;6;3;4;1;18;1;1;0;0;0;0;0;0;2;10;3;28;1;24;2;13;1;3
13.03.2025;10:25;A 11;1;3;27;2;33;0;0;7;10;2;2;1;1;1;4;4;69;0;0;0;0;0;0;4;40;3;21;0;0;3;14;5;73
13.03.2025;10:24;A 11;1;2;31;1;68;0;0;4;5;2;2;3;3;3;57;3;55;0;0;0;0;0;0;1;20;1;15;2;11;3;36;1;5
13.03.2025;10:23;A 11;1;2;62;1;74;0;0;2;4;5;6;2;2;0;47;2;2;0;0;0;0;0;0;2;16;4;44;1;9;0;0;0;0
13.03.2025;10:22;A 11;1;2;39;2;12;1;29;4;4;2;2;0;0;1;32;4;33;0;0;0;0;0;0;3;26;2;13;0;0;1;6;2;8
13.03.2025;10:21;A 11;1;3;69;3;61;3;30;5;4;6;6;0;0;1;18;6;17;0;0;0;0;1;3;2;18;4;32;0;0;0;18;2;7
13.03.2025;10:20;A 11;1;2;36;5;27;0;0;6;5;7;7;5;5;1;21;1;0;0;0;0;0;0;0;3;26;4;32;2;20;1;31;3;3
13.03.2025;10:19;A 11;1;1;34;4;43;1;1;1;1;4;4;0;0;1;1;2;2;0;0;1;3;0;0;1;8;2;19;0;0;2;8;1;3
13.03.2025;10:18;A 11;1;1;88;8;58;0;0;5;3;12;14;1;1;0;0;1;89;0;0;0;0;0;0;3;20;3;49;1;8;0;0;1;47
13.03.2025;10:17;A 11;1;1;64;2;52;3;1;3;5;2;6;2;3;1;49;4;12;0;0;1;3;0;0;2;22;3;23;2;44;2;11;2;10
13.03.2025;10:16;A 11;1;3;58;2;57;0;0;2;2;3;6;3;5;1;1;4;4;0;0;0;0;1;3;2;16;2;36;2;17;1;1;3;12
13.03.2025;10:15;A 11;1;7;42;3;25;0;0;4;5;3;3;0;0;1;0;1;41;0;0;0;0;0;0;2;23;2;17;0;0;0;0;0;42
13.03.2025;10:14;A 11;1;4;30;1;63;0;0;5;7;3;3;0;0;1;2;2;56;0;0;0;0;0;0;4;41;3;24;0;0;1;6;2;62
13.03.2025;10:13;A 11;1;1;76;3;21;1;0;7;12;5;7;0;0;0;3;1;2;0;0;0;0;0;0;3;45;5;39;1;1;0;0;0;0
13.03.2025;10:12;A 11;1;1;11;0;5;0;0;5;5;6;7;0;0;1;47;1;59;1;2;0;0;1;3;3;30;4;34;0;0;1;11;2;9
13.03.2025;10:11;A 11;1;1;41;3;43;0;0;5;7;4;5;1;2;2;39;3;5;0;0;0;0;0;0;3;34;4;37;1;14;1;16;1;1
13.03.2025;10:10;A 11;1;4;59;2;49;2;1;2;5;2;2;1;2;3;62;3;59;0;0;0;0;0;0;1;13;2;23;1;13;3;63;2;7
13.03.2025;10:09;A 11;1;7;80;3;69;0;0;3;4;2;3;0;0;1;20;3;9;1;2;0;0;1;3;2;15;1;10;0;0;2;8;1;0
13.03.2025;10:08;A 11;1;2;83;3;38;1;2;5;10;3;2;3;4;0;0;1;20;0;0;0;0;0;0;2;38;5;26;0;20;1;3;4;13
13.03.2025;10:07;A 11;1;2;63;1;33;0;0;8;9;5;4;1;1;0;12;1;13;0;0;0;0;0;0;5;46;2;17;2;23;0;0;0;0
13.03.2025;10:06;A 11;1;4;67;2;70;0;0;4;5;2;2;4;5;1;34;2;37;0;0;0;0;0;0;4;26;2;13;1;13;1;7;1;7
13.03.2025;10:05;A 11;1;4;57;2;62;2;5;3;3;6;7;5;8;0;0;3;3;0;0;1;3;0;0;2;15;3;36;1;10;0;0;0;0
13.03.2025;10:04;A 11;1;3;85;5;74;0;0;4;4;2;2;2;2;0;0;5;6;0;0;0;0;0;0;4;22;4;17;1;15;0;0;0;0
13.03.2025;10:03;A 11;1;1;51;4;60;1;63;3;3;3;3;2;3;4;43;4;39;0;0;0;0;0;0;3;23;2;19;1;14;1;44;1;9
13.03.2025;10:02;A 11;1;1;66;3;79;2;19;3;3;2;2;3;4;0;0;1;50;0;0;0;0;0;0;2;15;2;12;1;11;0;0;1;6
13.03.2025;10:01;A 11;1;2;25;3;50;0;0;2;2;3;4;3;4;1;2;7;19;0;0;0;0;0;0;2;8;2;18;1;30;3;12;5;13
13.03.2025;10:00;A 11;1;2;61;3;36;1;12;4;15;3;15;2;15;1;13;3;43;0;0;0;0;0;0;2;31;3;25;2;13;0;0;4;16
13.03.2025;09:59;A 11;1;3;31;3;36;0;0;1;1;2;2;0;0;0;0;1;57;0;0;0;0;1;3;2;26;1;21;1;18;1;18;2;23
13.03.2025;09:51;A 11;1;4;76;3;73;1;4;6;8;5;37;1;1;0;0;0;100;0;0;0;0;0;0;1;26;2;64;1;7;0;0;0;0
13.03.2025;09:50;A 11;1;2;34;5;39;2;19;7;11;4;5;1;0;1;15;3;32;0;0;1;3;0;0;3;31;2;13;0;0;1;4;1;1
13.03.2025;09:49;A 11;1;6;49;2;37;0;0;3;2;7;8;2;3;1;1;3;2;0;0;0;0;0;0;1;14;1;35;1;0;1;2;1;1
13.03.2025;09:48;A 11;1;2;61;0;100;0;0;3;4;2;2;2;3;0;0;3;3;0;0;0;0;0;0;2;19;2;11;3;45;0;0;0;0
13.03.2025;09:47;A 11;1;5;53;2;91;0;0;2;2;4;8;8;7;3;51;2;60;3;7;0;0;0;0;2;17;1;29;1;36;1;54;0;59
13.03.2025;09:46;A 11;1;2;38;1;61;0;0;2;1;3;3;0;0;2;57;2;55;0;0;0;0;1;3;2;9;2;19;1;27;2;50;1;30
13.03.2025;09:45;A 11;1;4;78;4;86;2;1;4;5;6;7;1;2;1;31;2;35;0;0;0;0;0;0;2;25;3;38;1;8;2;28;0;0
13.03.2025;09:44;A 11;1;6;53;1;90;0;0;4;4;6;9;4;5;0;0;2;3;0;0;0;0;0;0;5;25;6;38;1;11;1;1;1;1
13.03.2025;09:43;A 11;1;4;74;2;94;1;1;2;2;3;3;1;2;0;0;2;2;0;0;0;0;0;0;2;13;3;17;2;9;0;0;0;0
13.03.2025;09:42;A 11;1;2;88;3;81;0;0;0;0;2;2;0;0;0;0;1;73;1;2;0;0;0;0;0;0;1;11;1;1;0;0;1;60
13.03.2025;09:41;A 11;1;1;55;2;67;0;0;3;2;3;3;2;3;3;59;6;9;0;0;0;0;1;3;2;11;2;14;1;11;0;66;1;9
13.03.2025;09:40;A 11;1;6;46;3;76;0;28;2;2;3;4;0;0;2;81;5;33;0;0;0;0;0;0;2;11;2;15;0;0;2;74;1;7
13.03.2025;09:39;A 11;1;2;64;3;44;2;2;1;1;7;7;0;0;2;46;5;12;0;0;0;0;0;0;1;5;2;32;0;0;4;13;3;8
13.03.2025;09:38;A 11;1;2;45;5;61;0;0;3;4;5;7;0;0;0;0;1;8;0;0;0;0;0;0;3;23;2;32;0;0;0;0;0;0
13.03.2025;09:37;A 11;1;0;23;1;5;0;0;6;6;9;10;0;0;0;1;1;42;0;0;0;0;1;3;3;26;2;45;0;0;0;0;1;8
13.03.2025;09:36;A 11;1;3;47;4;53;0;0;4;4;5;5;1;1;3;18;2;52;0;0;0;0;0;0;1;18;2;32;1;5;1;29;3;28
13.03.2025;09:35;A 11;1;3;31;4;58;0;0;3;3;6;7;0;0;1;1;2;2;0;0;0;0;1;3;1;10;2;25;0;0;1;3;2;5
13.03.2025;09:34;A 11;1;4;81;3;35;1;1;2;2;1;1;1;0;0;46;2;2;0;0;1;3;1;3;2;12;2;10;0;0;2;8;0;0
13.03.2025;09:33;A 11;1;2;80;2;51;2;26;4;4;6;9;3;4;2;47;4;5;0;0;0;0;0;0;5;24;4;45;2;24;1;7;0;0
13.03.2025;09:32;A 11;1;3;31;5;34;0;0;4;4;10;10;0;0;0;100;0;0;1;4;0;0;0;0;2;21;4;43;0;0;0;0;0;0
13.03.2025;09:31;A 11;1;2;83;4;80;0;0;1;1;1;1;2;3;1;40;2;8;0;0;0;0;2;5;1;5;1;10;1;11;2;21;2;16
13.03.2025;09:30;A 11;1;7;67;4;56;0;0;6;7;5;6;5;6;1;29;2;72;0;0;0;0;0;0;3;36;3;30;2;8;3;26;2;8
13.03.2025;09:29;A 11;1;1;94;2;95;1;1;6;9;8;41;3;3;1;48;3;6;0;0;0;0;0;0;3;74;2;77;1;10;2;27;0;0
13.03.2025;09:28;A 11;1;3;80;5;43;0;0;3;3;3;3;3;3;1;50;2;1;0;0;0;0;1;3;2;10;3;18;2;9;3;3;0;0
13.03.2025;09:27;A 11;1;4;67;1;41;0;0;2;2;2;2;0;0;0;0;0;0;0;0;0;0;0;0;2;13;1;10;0;0;2;1;1;1
13.03.2025;09:26;A 11;1;2;35;1;89;4;2;3;4;1;2;0;0;0;0;0;0;0;0;0;0;0;0;1;39;1;9;0;0;0;0;0;0
13.03.2025;09:25;A 11;1;1;73;4;34;0;0;2;2;2;2;0;0;1;6;3;5;0;0;0;0;1;3;3;7;3;16;0;0;0;4;0;0
13.03.2025;09:24;A 11;1;7;42;2;30;0;0;8;8;6;8;3;4;1;98;0;98;0;0;0;0;0;2;4;35;2;41;0;14;1;76;1;3
13.03.2025;09:23;A 11;1;2;24;3;22;2;5;3;3;4;8;0;0;2;10;2;6;0;0;0;0;1;0;2;16;2;33;1;1;3;13;0;0
13.03.2025;09:22;A 11;1;3;89;2;83;0;0;1;5;3;4;0;0;0;0;0;0;0;0;0;0;0;0;1;15;3;40;0;0;3;6;0;0
13.03.2025;09:21;A 11;1;3;32;4;32;1;0;7;7;8;8;2;3;0;0;4;3;0;0;0;0;0;0;3;31;5;34;0;80;1;4;0;0
13.03.2025;09:20;A 11;1;2;60;2;84;1;0;0;0;2;4;1;2;0;48;2;2;0;0;0;0;0;0;1;2;2;21;2;21;0;0;0;0
13.03.2025;09:19;A 11;1;4;70;1;8;1;1;2;3;1;1;3;5;1;9;2;2;0;0;0;0;0;0;1;12;1;7;1;19;2;10;2;5
13.03.2025;09:18;A 11;1;4;45;3;34;2;3;4;3;6;7;0;0;1;64;2;66;0;0;0;0;1;5;2;18;4;31;0;0;1;5;2;9
13.03.2025;09:17;A 11;1;2;41;1;86;4;2;5;6;9;16;2;3;0;61;0;60;0;0;1;3;0;0;3;28;2;69;1;10;1;3;1;2
13.03.2025;09:16;A 11;1;1;86;1;89;0;0;2;2;5;11;0;0;1;4;3;13;0;0;0;0;0;0;1;15;0;73;1;1;1;6;1;11
13.03.2025;09:15;A 11;1;5;63;4;55;1;1;5;14;6;9;6;5;0;0;1;69;0;0;0;0;1;6;2;38;4;39;0;91;0;0;2;58
13.03.2025;09:14;A 11;1;2;96;3;26;0;0;3;4;3;3;1;1;0;0;1;1;0;0;0;0;0;0;3;26;4;22;2;9;0;8;1;2
13.03.2025;09:13;A 11;1;3;83;4;80;0;0;2;4;9;10;2;3;1;2;2;2;1;4;0;0;0;0;1;18;3;40;3;10;2;7;1;4
13.03.2025;09:12;A 11;1;6;60;2;15;0;0;7;11;5;5;2;3;1;1;5;5;0;0;0;0;0;0;6;44;3;34;1;20;3;4;2;1
13.03.2025;09:11;A 11;1;2;32;5;20;1;11;1;1;5;6;2;3;0;49;0;43;0;0;0;0;0;0;1;8;3;26;1;28;0;0;1;0
13.03.2025;09:10;A 11;1;4;30;4;68;0;0;5;7;6;8;2;3;1;20;5;24;0;0;0;0;1;3;3;38;2;37;1;84;1;6;0;5
13.03.2025;09:09;A 11;1;2;15;4;49;0;0;5;5;3;4;0;0;0;100;0;97;0;0;2;5;0;0;2;26;3;22;2;7;1;1;1;50
13.03.2025;09:08;A 11;1;1;12;1;73;1;47;4;6;5;6;0;0;1;7;3;52;0;0;0;0;0;0;1;28;2;36;0;0;1;7;3;18
13.03.2025;09:07;A 11;1;2;24;4;74;2;33;4;4;7;8;2;3;1;2;2;2;0;0;0;0;1;3;3;18;2;35;1;8;1;3;1;2
13.03.2025;09:06;A 11;1;4;30;11;38;0;0;1;1;5;7;0;0;1;84;3;7;0;0;0;0;1;4;1;7;2;25;2;2;1;6;1;5
13.03.2025;09:05;A 11;1;3;23;3;89;1;1;4;5;4;8;0;0;2;50;3;6;0;0;0;0;0;0;2;26;4;41;0;0;0;52;0;0
13.03.2025;09:04;A 11;1;5;71;2;93;2;5;4;4;2;2;0;0;3;45;4;15;1;6;0;0;2;6;2;20;2;10;2;8;3;36;0;13
13.03.2025;09:03;A 11;1;5;36;0;100;1;96;5;7;11;12;3;5;0;0;3;59;0;0;0;0;0;0;2;29;3;52;3;75;1;7;2;11
13.03.2025;09:02;A 11;1;3;55;1;93;0;0;4;4;6;7;0;0;0;0;2;1;0;0;0;0;0;0;3;22;3;32;0;0;1;22;1;3
13.03.2025;09:01;A 11;1;1;79;3;90;1;3;6;8;4;5;4;5;0;0;1;2;0;0;0;0;2;5;3;36;2;24;2;14;1;2;0;0
13.03.2025;09:00;A 11;1;0;100;5;63;1;1;6;7;7;7;3;3;1;84;2;59;0;0;0;0;0;0;2;20;5;40;2;77;2;10;2;9
13.03.2025;08:59;A 11;1;0;100;1;83;0;0;2;2;2;2;2;2;1;49;0;48;0;0;1;3;0;0;0;11;0;9;0;32;2;10;0;0
13.03.2025;08:58;A 11;1;7;52;5;75;2;1;4;4;4;4;1;2;2;34;2;40;0;0;0;0;1;4;2;16;1;17;1;57;1;6;1;7
13.03.2025;08:57;A 11;1;4;44;3;77;0;0;7;5;7;9;2;2;0;0;1;15;0;0;0;0;2;5;3;22;3;37;1;10;1;2;2;20
13.03.2025;08:56;A 11;1;2;41;2;90;0;0;1;1;3;3;4;7;1;58;3;60;0;0;0;0;0;0;1;6;2;20;0;40;3;25;4;18
13.03.2025;08:55;A 11;1;3;88;1;78;0;0;3;5;3;3;2;2;1;21;2;39;0;0;0;0;1;3;2;19;3;24;2;62;4;8;4;13
13.03.2025;08:54;A 11;1;6;65;6;67;3;88;3;3;6;8;0;0;1;13;1;90;0;0;0;0;0;0;3;18;2;31;0;0;1;6;1;8
13.03.2025;08:53;A 11;1;2;27;1;52;1;0;9;10;5;6;0;0;1;48;2;2;0;0;1;3;1;3;4;47;2;34;0;0;0;49;1;2
13.03.2025;08:52;A 11;1;3;65;4;80;1;2;7;7;5;4;2;4;1;10;0;0;0;0;0;0;0;0;4;31;3;27;1;7;1;19;0;0
13.03.2025;08:51;A 11;1;3;42;4;73;1;2;5;5;8;9;2;3;0;0;5;6;0;0;0;0;1;3;4;31;4;43;1;10;1;2;1;1
13.03.2025;08:50;A 11;1;1;91;2;91;0;0;0;0;3;3;0;0;2;3;2;2;0;0;0;0;0;0;1;1;2;21;0;0;2;9;0;0
13.03.2025;08:49;A 11;1;2;61;3;25;1;2;2;2;4;4;0;0;0;0;2;4;0;0;0;0;0;0;1;10;1;17;0;0;2;6;1;1
13.03.2025;08:48;A 11;1;4;29;5;62;2;1;6;8;6;6;4;6;0;0;5;4;0;0;1;3;1;3;3;32;3;30;2;71;3;10;1;3
13.03.2025;08:47;A 11;1;2;25;2;84;1;0;5;6;6;7;3;4;0;0;5;4;0;0;1;3;0;0;3;29;3;29;0;39;0;0;0;0
13.03.2025;08:46;A 11;1;2;48;1;87;0;0;5;4;5;5;2;3;1;2;3;5;0;0;0;0;1;3;4;22;3;23;2;65;0;5;1;5
13.03.2025;08:45;A 11;1;6;62;6;72;1;1;3;3;7;9;1;1;0;0;1;59;0;0;0;0;0;0;2;15;3;39;0;83;1;5;1;5
13.03.2025;08:44;A 11;1;1;11;1;88;0;0;4;5;4;7;7;10;2;29;4;24;0;0;0;0;2;5;2;27;3;29;2;38;4;18;2;11
13.03.2025;08:43;A 11;1;0;86;5;81;1;1;2;4;2;2;2;3;0;0;2;3;0;0;0;0;0;0;1;11;2;22;2;12;1;29;0;26
13.03.2025;08:42;A 11;1;5;86;3;29;0;99;1;0;5;7;1;1;1;55;2;54;0;0;0;0;0;0;0;0;2;26;1;2;2;10;1;30
13.03.2025;08:41;A 11;1;3;36;4;25;2;17;3;3;5;12;3;4;0;48;0;49;1;2;0;0;0;0;1;13;3;41;1;11;0;0;0;0
13.03.2025;08:40;A 11;1;1;94;2;74;1;3;6;5;7;6;3;5;2;15;1;54;0;0;0;0;1;3;3;28;6;38;1;11;1;22;1;6
13.03.2025;08:39;A 11;1;4;76;2;36;0;100;7;12;8;7;2;1;0;100;0;100;1;2;0;0;0;0;3;39;3;39;2;4;0;100;2;5
13.03.2025;08:38;A 11;1;4;79;2;28;4;6;4;5;7;7;3;5;2;4;2;63;0;0;2;5;1;3;2;26;1;30;1;40;2;14;1;61
13.03.2025;08:37;A 11;1;4;54;4;80;0;0;6;2;10;14;2;2;2;8;2;14;0;0;0;0;0;0;2;10;3;59;1;88;2;9;1;22
13.03.2025;08:36;A 11;1;3;44;2;31;1;0;5;4;6;6;2;2;0;0;0;98;0;0;0;0;1;3;1;21;4;34;1;11;2;39;1;33
13.03.2025;08:35;A 11;1;2;64;1;96;1;0;2;3;3;5;2;2;1;52;1;68;2;7;0;0;0;0;2;19;2;34;1;29;0;0;1;57
13.03.2025;08:34;A 11;1;4;30;2;36;1;2;4;3;7;11;2;3;2;40;3;38;1;2;0;0;1;3;6;17;2;45;1;10;3;22;1;12
13.03.2025;08:33;A 11;1;2;32;3;45;2;30;6;6;11;14;3;4;2;46;2;44;0;0;0;0;2;5;3;34;2;52;0;76;1;47;2;10
13.03.2025;08:32;A 11;1;2;34;1;95;1;29;3;3;5;35;1;2;1;52;2;3;0;0;0;0;0;0;2;26;3;64;2;12;4;11;0;0
13.03.2025;08:31;A 11;1;1;88;4;82;0;0;5;5;7;9;3;3;2;57;5;15;0;0;0;0;1;5;3;27;3;39;1;8;2;8;0;15
13.03.2025;08:30;A 11;1;6;69;3;25;2;1;9;16;9;9;1;2;0;0;0;100;0;0;0;0;0;0;6;64;5;66;1;36;0;0;1;99
13.03.2025;08:29;A 11;1;3;36;4;31;1;48;1;0;2;3;3;4;1;51;2;57;0;0;0;0;1;3;0;0;2;21;2;7;1;24;1;8
13.03.2025;08:28;A 11;1;5;57;2;59;1;26;7;9;3;6;1;2;3;47;2;50;0;0;0;0;1;3;3;48;1;32;1;9;2;14;1;9
13.03.2025;08:27;A 11;1;3;26;4;61;0;0;3;3;12;15;2;3;1;86;2;24;0;0;0;0;0;0;3;18;3;56;0;84;2;34;1;14
13.03.2025;08:26;A 11;1;6;57;1;91;3;0;0;0;2;2;0;0;1;52;2;53;0;0;0;0;0;0;0;0;2;14;2;10;1;48;1;48
13.03.2025;08:25;A 11;1;3;83;2;76;0;0;2;2;3;3;1;2;1;60;1;62;0;0;1;3;0;0;2;14;3;20;1;10;2;3;1;7
13.03.2025;08:24;A 11;1;5;50;5;67;0;0;7;8;6;6;4;4;0;0;9;10;0;0;0;0;0;0;3;36;4;34;4;14;0;0;0;0
13.03.2025;08:23;A 11;1;2;79;2;55;2;50;5;9;9;13;1;2;1;45;2;3;0;0;0;0;0;0;2;36;2;48;1;12;2;6;1;1
13.03.2025;08:22;A 11;1;3;80;3;72;2;10;2;2;5;4;0;0;1;0;1;1;0;0;0;0;1;3;2;11;3;24;0;0;1;7;0;0
13.03.2025;08:21;A 11;1;4;50;4;50;2;77;2;1;5;5;3;4;1;45;2;31;0;0;0;0;1;3;1;8;1;21;1;52;2;18;0;0
13.03.2025;08:20;A 11;1;2;87;1;88;1;16;4;5;3;3;1;1;0;0;0;47;0;0;0;0;0;2;1;15;3;20;0;0;0;0;0;0
13.03.2025;08:19;A 11;1;4;47;2;77;0;0;2;2;4;5;2;3;1;15;1;40;0;0;1;3;1;1;1;9;3;28;1;9;1;5;0;0
13.03.2025;08:18;A 11;1;4;43;4;64;2;1;7;8;8;17;0;0;0;0;3;26;0;0;1;3;1;3;3;44;3;53;0;0;3;4;3;29
13.03.2025;08:17;A 11;1;2;37;2;83;1;1;3;7;7;37;6;8;2;63;1;68;0;0;0;0;0;0;2;52;1;78;0;51;3;31;2;5
13.03.2025;08:16;A 11;1;3;86;5;71;1;1;6;6;9;10;3;4;1;2;5;8;0;0;0;0;0;0;5;33;4;43;1;51;5;8;2;7
13.03.2025;08:15;A 11;1;5;58;4;63;3;1;5;4;8;7;0;0;1;2;4;3;0;0;0;0;1;3;2;17;4;35;0;0;1;6;0;0
13.03.2025;08:14;A 11;1;2;11;1;69;0;43;0;0;1;1;0;0;4;57;5;7;1;2;0;0;0;0;0;3;1;5;0;0;2;57;0;0
13.03.2025;08:13;A 11;1;3;90;2;74;1;63;7;9;6;8;0;0;1;42;1;1;0;0;0;0;0;0;4;45;2;52;0;0;2;6;0;0
13.03.2025;08:12;A 11;1;6;84;5;59;0;0;3;4;5;6;0;0;1;27;1;1;0;0;0;1;0;0;2;18;2;29;0;0;0;3;0;0
13.03.2025;08:11;A 11;1;1;30;14;88;3;1;1;2;3;4;6;8;1;21;1;60;0;0;1;1;0;0;1;10;2;24;1;50;2;11;1;8
13.03.2025;08:10;A 11;1;2;34;1;68;0;0;7;6;8;12;3;3;1;2;2;63;0;0;0;0;1;5;5;38;4;73;1;86;2;8;2;8
13.03.2025;08:09;A 11;1;4;65;5;66;0;0;2;6;4;4;2;3;1;89;6;37;0;0;0;0;0;0;2;19;2;28;0;85;4;82;3;20
13.03.2025;08:08;A 11;1;3;85;2;88;1;1;3;3;5;6;5;6;0;0;2;51;0;0;0;0;0;0;3;22;3;37;3;35;1;2;0;50
13.03.2025;08:07;A 11;1;2;67;3;76;0;0;7;13;9;10;1;0;1;3;2;67;0;0;0;0;1;6;2;72;1;67;2;9;1;3;1;72
13.03.2025;08:06;A 11;1;3;36;2;54;1;50;5;4;8;9;3;5;1;90;4;40;0;0;0;0;1;4;4;28;3;40;0;75;1;93;1;95
13.03.2025;08:05;A 11;1;2;78;3;53;2;2;2;2;5;6;1;1;2;56;4;7;0;0;0;0;0;0;2;13;2;24;2;6;0;58;2;6
13.03.2025;08:04;A 11;1;3;82;3;68;2;3;4;4;4;3;0;0;1;54;3;3;0;0;0;0;0;0;2;21;4;23;0;0;2;59;1;2
13.03.2025;08:03;A 11;1;4;52;4;48;0;0;6;7;12;12;3;4;0;0;2;1;0;0;0;0;2;5;4;32;3;66;2;63;2;5;0;0
13.03.2025;08:02;A 11;1;1;73;2;47;0;0;2;2;4;6;2;3;1;53;7;6;0;0;0;0;0;0;1;11;2;22;1;13;3;10;2;2
13.03.2025;08:01;A 11;1;5;61;2;89;1;0;1;4;4;19;2;3;2;31;4;4;0;0;1;3;1;5;1;23;1;41;1;10;3;16;1;4
13.03.2025;08:00;A 11;1;3;69;4;48;1;97;7;8;10;10;3;3;0;0;1;89;1;2;0;0;0;0;5;42;3;51;2;10;1;3;2;11
13.03.2025;07:59;A 11;1;2;89;3;69;1;7;4;5;4;5;4;5;2;4;1;69;0;0;0;0;0;0;4;35;3;35;1;56;2;14;1;4
13.03.2025;07:58;A 11;1;1;89;2;69;1;3;3;4;9;12;1;2;2;8;5;15;0;0;0;0;0;0;3;25;4;44;2;26;2;11;4;9
13.03.2025;07:57;A 11;1;3;79;4;49;1;1;7;7;9;9;4;6;1;78;1;81;0;0;0;0;0;0;2;28;3;51;3;82;1;30;1;87
13.03.2025;07:56;A 11;1;1;80;1;82;1;1;4;5;4;4;4;6;2;5;8;25;0;0;0;0;0;0;3;27;0;17;0;36;1;3;1;64
13.03.2025;07:55;A 11;1;3;96;2;81;1;2;6;7;7;7;2;3;2;6;4;4;0;0;0;0;1;3;4;30;4;36;1;53;1;12;1;51
13.03.2025;07:54;A 11;1;5;80;2;80;1;1;2;4;1;2;1;2;2;81;2;80;0;0;0;0;0;0;2;21;1;14;0;82;5;80;0;0
13.03.2025;07:53;A 11;1;3;52;4;62;1;1;7;17;6;12;1;2;2;54;3;51;0;0;0;0;1;4;2;55;1;47;1;39;0;56;0;0
13.03.2025;07:52;A 11;1;3;66;2;59;2;1;3;3;6;6;2;3;1;26;2;26;1;2;0;0;0;0;3;21;4;36;1;8;4;24;1;1
13.03.2025;07:51;A 11;1;5;41;3;28;2;4;7;5;7;7;3;5;1;24;4;3;0;0;1;3;1;3;3;25;3;34;4;68;2;11;0;0
13.03.2025;07:50;A 11;1;2;17;3;37;3;54;6;6;6;8;2;3;2;3;4;58;1;2;1;3;1;4;1;33;2;37;3;39;2;17;0;53
13.03.2025;07:49;A 11;1;5;60;3;16;3;34;1;2;12;17;0;0;4;7;3;53;0;0;1;4;0;0;2;9;3;56;0;0;2;9;2;35
13.03.2025;07:48;A 11;1;5;46;2;23;1;87;6;9;12;15;0;0;0;100;0;99;0;0;0;0;1;5;3;43;2;57;0;0;3;23;3;20
13.03.2025;07:47;A 11;1;4;48;4;18;2;3;9;10;10;25;3;4;4;64;5;24;0;0;0;0;1;3;4;52;3;61;0;37;3;63;3;13
13.03.2025;07:46;A 11;1;1;100;2;70;1;0;4;7;6;7;2;3;3;40;5;10;0;0;0;0;0;0;4;60;1;73;2;46;2;23;0;10
13.03.2025;07:45;A 11;1;3;54;5;51;1;71;10;11;11;13;1;2;1;21;3;4;1;2;0;0;1;3;4;54;5;57;1;15;2;16;1;4
13.03.2025;07:44;A 11;1;1;77;2;96;2;3;7;9;6;7;1;2;1;54;4;5;1;2;0;0;1;3;3;45;3;36;0;33;1;12;0;0
13.03.2025;07:43;A 11;1;3;79;1;62;2;4;4;6;4;5;2;3;5;40;4;5;0;0;0;0;0;0;3;27;3;75;3;27;3;25;0;3
13.03.2025;07:42;A 11;1;4;86;2;39;1;82;12;13;15;17;4;4;1;76;1;78;1;2;1;3;1;3;3;53;4;68;2;66;3;66;3;34
13.03.2025;07:41;A 11;1;3;33;2;89;4;7;7;8;10;11;1;1;1;46;4;3;0;0;0;0;1;3;2;36;2;46;1;6;2;9;1;1
13.03.2025;07:40;A 11;1;6;82;3;68;4;4;7;9;8;9;0;0;2;4;2;3;0;0;0;0;0;0;3;45;3;49;0;0;2;7;1;5
13.03.2025;07:39;A 11;1;2;28;4;30;4;5;11;10;8;10;2;2;2;30;0;100;0;0;1;3;1;3;5;61;5;57;0;74;1;11;2;9
13.03.2025;07:38;A 11;1;2;20;2;65;3;4;0;0;2;1;4;6;2;52;7;35;0;0;0;0;1;3;1;1;2;11;1;38;3;32;2;18
13.03.2025;07:37;A 11;1;1;73;1;23;2;3;4;6;7;11;1;2;2;41;4;4;0;0;0;0;1;3;2;29;2;55;1;77;2;14;1;2
13.03.2025;07:36;A 11;1;4;75;4;50;1;0;9;11;6;6;3;5;1;89;7;5;0;0;0;0;0;0;5;53;3;30;1;73;1;97;1;3
13.03.2025;07:35;A 11;1;4;79;2;68;1;47;3;3;8;10;3;3;1;50;1;51;0;0;0;0;0;0;1;20;1;83;0;30;0;56;0;51
13.03.2025;07:34;A 11;1;6;49;1;61;1;25;4;5;6;8;2;3;1;25;2;75;0;0;0;0;1;3;3;27;1;72;1;68;4;23;3;54
13.03.2025;07:33;A 11;1;3;52;2;54;1;1;5;6;10;14;6;8;0;0;2;30;0;0;1;3;1;3;4;40;3;64;1;88;0;0;1;37
13.03.2025;07:32;A 11;1;3;68;1;12;1;1;3;10;5;6;10;7;3;77;3;71;0;0;0;0;0;0;2;30;3;38;1;56;1;46;0;6
13.03.2025;07:31;A 11;1;2;82;2;83;2;2;4;4;7;10;1;1;2;60;2;48;0;0;0;0;1;4;4;21;2;42;3;24;3;11;4;13
13.03.2025;07:30;A 11;1;5;63;7;50;1;1;9;10;5;4;5;8;1;67;5;56;0;0;0;0;0;0;4;43;2;25;0;88;2;53;3;8
13.03.2025;07:29;A 11;1;2;33;1;96;0;0;5;6;6;7;3;4;0;0;0;54;0;0;0;0;1;3;2;29;1;78;2;46;1;9;0;0
13.03.2025;07:28;A 11;1;3;93;2;58;4;14;5;6;3;6;2;2;0;3;2;12;0;0;1;3;0;0;2;26;1;19;2;58;0;0;1;7
13.03.2025;07:27;A 11;1;5;60;6;43;0;0;4;3;3;2;3;4;1;14;4;13;0;0;2;5;0;0;3;20;3;16;3;66;3;14;0;0
13.03.2025;07:26;A 11;1;2;96;2;84;4;14;6;10;5;8;6;7;2;60;2;57;0;0;1;3;0;0;1;44;2;44;1;54;0;62;0;0
13.03.2025;07:25;A 11;1;1;83;3;71;1;2;3;4;7;8;2;3;1;23;1;4;0;0;0;0;0;0;3;20;3;40;1;52;2;35;2;6
13.03.2025;07:24;A 11;1;4;45;4;31;2;1;3;3;9;10;2;3;0;0;3;58;0;0;0;0;0;0;2;15;3;39;1;73;1;4;1;66
13.03.2025;07:23;A 11;1;3;61;2;76;0;46;0;1;5;5;1;2;0;0;2;2;2;5;1;3;0;0;0;5;1;23;0;9;0;0;0;0
13.03.2025;07:22;A 11;1;4;38;35;33;2;35;6;7;8;24;0;0;0;5;2;6;0;0;0;0;0;0;4;45;3;57;2;4;1;3;1;6
13.03.2025;07:21;A 11;1;1;30;5;49;1;1;7;8;10;12;5;7;1;44;1;66;0;0;0;0;0;0;3;41;2;40;1;81;2;10;2;57
13.03.2025;07:20;A 11;1;1;1;1;15;2;2;2;3;3;6;5;8;1;1;5;4;0;0;0;0;0;0;2;19;2;24;3;34;1;4;1;0
13.03.2025;07:19;A 11;1;2;74;2;74;1;1;2;2;6;6;5;7;0;16;1;18;0;0;0;0;0;0;4;10;2;32;2;15;1;3;1;1
13.03.2025;07:18;A 11;1;4;59;4;48;0;0;2;2;1;1;6;7;1;2;1;88;0;0;0;0;0;0;2;14;2;8;2;88;1;5;2;10
13.03.2025;07:17;A 11;1;2;52;1;84;2;2;5;9;5;6;1;2;1;49;1;52;0;0;0;0;0;0;1;37;1;22;1;6;1;9;1;4
13.03.2025;07:16;A 11;1;4;82;2;14;2;1;1;1;6;6;1;2;1;12;2;13;0;0;0;0;1;3;2;9;3;31;1;6;2;11;2;19
13.03.2025;07:15;A 11;1;2;85;4;40;0;0;1;1;3;3;3;5;1;28;4;51;0;0;0;0;1;5;1;6;3;19;0;5;2;9;1;7
13.03.2025;07:14;A 11;1;0;100;1;81;2;1;2;5;3;4;1;2;0;0;3;4;0;0;0;0;0;0;2;50;1;50;1;15;0;0;1;8
13.03.2025;07:13;A 11;1;4;41;2;12;0;3;5;5;12;15;1;2;0;10;1;0;0;0;0;0;0;0;2;25;4;80;2;7;0;7;0;8
13.03.2025;07:12;A 11;1;2;23;7;44;1;39;0;0;3;4;4;6;2;38;6;7;1;4;0;0;0;0;0;0;1;18;0;88;1;49;1;45
13.03.2025;07:11;A 11;1;2;33;3;89;0;0;4;3;8;15;2;3;1;26;0;0;0;0;0;0;1;2;2;19;2;56;1;37;2;15;0;0
13.03.2025;07:10;A 11;1;2;74;3;40;0;0;5;7;8;9;0;0;0;0;0;0;0;0;0;0;0;0;3;42;4;49;0;0;0;0;0;0
13.03.2025;07:09;A 11;1;4;53;3;33;2;2;5;8;4;4;2;2;0;0;4;4;0;0;0;0;0;0;4;36;3;35;2;12;0;0;0;0
13.03.2025;07:08;A 11;1;2;30;2;67;0;0;1;1;0;0;1;1;0;0;1;1;0;0;0;0;0;0;1;7;0;0;0;0;2;1;0;0
13.03.2025;07:07;A 11;1;3;28;2;16;0;3;1;5;3;6;2;3;0;0;0;0;1;2;1;3;1;5;1;20;2;37;1;10;0;0;0;0
13.03.2025;07:06;A 11;1;2;26;4;23;1;10;4;6;6;6;3;5;0;0;6;4;0;0;0;0;1;10;4;33;3;29;1;91;0;0;0;0
13.03.2025;07:05;A 11;1;0;0;1;12;0;0;3;4;6;11;4;7;3;61;2;57;0;0;0;0;0;0;2;27;1;42;3;52;0;64;0;0
13.03.2025;07:04;A 11;1;3;56;5;46;2;2;2;2;1;1;1;2;1;5;2;4;0;0;0;0;0;0;3;17;2;8;1;8;1;10;0;0
13.03.2025;07:03;A 11;1;1;53;3;39;1;1;3;3;3;3;2;2;1;76;3;3;0;0;0;0;0;0;1;17;1;14;1;12;0;21;0;0
13.03.2025;07:02;A 11;1;0;19;2;20;0;53;1;1;4;6;3;4;0;0;1;57;0;0;0;0;0;0;1;3;1;34;0;39;1;4;0;56
13.03.2025;07:01;A 11;1;4;26;0;7;1;38;7;5;11;26;1;1;0;0;1;25;0;0;1;3;0;0;5;32;3;72;4;66;0;0;2;31
13.03.2025;07:00;A 11;1;3;29;2;8;1;1;1;0;10;10;3;4;0;0;1;80;0;0;0;0;0;0;0;0;4;43;3;70;0;0;1;6
13.03.2025;06:59;A 11;1;1;8;2;57;1;0;2;2;4;5;2;2;0;49;2;1;0;0;0;0;0;0;2;14;1;17;0;23;0;0;0;0
13.03.2025;06:58;A 11;1;3;38;1;5;0;0;2;4;2;3;2;3;1;18;2;2;0;0;0;0;0;0;1;17;2;42;1;84;1;6;0;0
13.03.2025;06:57;A 11;1;4;46;2;20;0;0;6;7;5;7;4;6;0;0;1;54;0;0;0;0;0;0;3;28;2;28;0;83;0;0;1;8
13.03.2025;06:56;A 11;1;2;21;1;14;3;1;5;7;6;11;3;5;2;9;5;4;0;0;0;0;1;3;3;39;1;42;1;67;2;12;0;0
13.03.2025;06:55;A 11;1;6;63;2;12;1;2;7;7;8;9;2;3;0;0;3;3;0;0;0;0;0;0;2;21;3;36;1;46;0;0;0;0
13.03.2025;06:54;A 11;1;4;23;3;29;0;0;2;4;2;1;3;2;0;0;1;1;0;0;0;0;0;0;1;17;2;17;1;9;0;0;0;0
13.03.2025;06:53;A 11;1;2;30;3;31;0;0;2;1;5;6;3;4;0;50;5;4;0;0;0;0;0;0;1;7;3;32;1;18;0;0;0;0
13.03.2025;06:52;A 11;1;1;17;2;13;0;0;5;14;6;7;2;2;1;26;0;0;0;0;0;0;1;3;3;34;4;51;1;11;1;8;0;0
13.03.2025;06:51;A 11;1;1;27;3;35;0;0;3;2;7;8;0;0;0;0;1;1;0;0;0;0;1;3;3;16;4;34;1;1;0;0;0;0
13.03.2025;06:50;A 11;1;0;0;0;5;1;28;2;29;4;8;1;1;1;1;5;6;0;0;0;0;0;0;1;35;1;54;2;30;1;5;1;7
13.03.2025;06:49;A 11;1;3;33;5;53;0;0;4;5;7;9;2;3;0;0;1;1;0;0;1;3;0;0;1;13;6;36;2;41;0;0;0;0
13.03.2025;06:48;A 11;1;3;56;2;19;0;0;0;0;3;3;2;4;0;0;5;9;0;0;1;3;0;0;0;0;1;18;0;82;0;0;0;0
13.03.2025;06:47;A 11;1;2;32;1;84;1;0;6;7;5;5;2;2;0;48;1;2;0;0;0;0;0;0;3;34;2;38;4;28;0;0;0;0
13.03.2025;06:46;A 11;1;2;29;4;33;0;0;3;2;7;8;0;0;1;53;1;1;0;0;0;0;0;0;2;10;4;45;6;22;3;16;2;5
13.03.2025;06:45;A 11;1;1;17;2;18;0;0;1;1;2;2;0;0;2;59;3;3;0;0;0;0;0;0;1;7;1;11;0;0;3;20;2;4
13.03.2025;06:44;A 11;1;4;32;4;52;0;0;2;2;1;2;2;3;0;0;0;48;0;0;0;0;0;0;1;15;1;12;2;19;1;4;0;0
13.03.2025;06:43;A 11;1;4;42;3;35;0;0;9;10;12;34;0;0;1;1;3;23;0;0;0;3;1;3;4;65;3;80;3;36;0;0;2;20
13.03.2025;06:42;A 11;1;4;50;0;0;1;0;4;4;10;10;2;3;0;0;5;3;0;0;2;3;0;0;2;22;5;54;2;92;0;0;1;9
13.03.2025;06:41;A 11;1;1;12;1;6;1;25;2;2;3;3;2;2;1;1;2;3;0;0;0;0;0;0;2;11;2;24;2;20;0;0;1;10
13.03.2025;06:40;A 11;1;3;40;2;16;0;0;4;5;5;6;1;1;0;0;1;1;0;0;0;0;0;0;2;27;5;39;6;29;0;0;0;0
13.03.2025;06:39;A 11;1;2;34;1;14;2;0;4;5;4;4;3;5;0;0;1;54;0;0;1;3;0;0;3;30;3;27;2;39;0;0;1;9
13.03.2025;06:38;A 11;1;3;28;3;86;0;0;2;3;5;6;3;3;1;0;3;5;0;0;0;0;0;0;1;15;2;31;1;37;2;7;2;5
13.03.2025;06:37;A 11;1;3;38;2;20;0;0;3;3;7;8;2;3;0;0;2;2;0;0;0;0;1;3;4;32;6;58;1;57;0;0;0;0
13.03.2025;06:36;A 11;1;3;17;1;3;0;0;1;1;3;3;2;3;0;0;5;4;0;0;0;0;1;3;1;8;5;24;3;29;1;7;1;4
13.03.2025;06:35;A 11;1;3;23;0;0;1;1;2;3;3;6;2;3;0;0;2;1;0;0;0;0;0;0;1;45;6;44;3;37;0;0;0;0
13.03.2025;06:34;A 11;1;5;60;5;23;0;0;2;3;2;2;1;2;0;0;0;0;0;0;1;3;0;0;5;14;5;21;4;22;0;0;0;0
13.03.2025;06:33;A 11;1;2;33;2;10;0;0;3;2;2;2;1;2;0;0;1;1;0;0;0;0;0;0;5;11;2;9;0;72;0;0;0;0
13.03.2025;06:32;A 11;1;4;19;1;5;0;0;7;8;9;9;2;3;0;0;0;0;0;0;0;0;0;0;5;36;12;52;3;86;0;0;0;0
13.03.2025;06:31;A 11;1;2;12;0;0;0;0;1;1;4;4;1;2;0;0;1;1;0;0;0;0;0;0;4;16;10;26;4;24;0;0;0;0
13.03.2025;06:30;A 11;1;2;60;0;0;0;0;5;6;5;7;1;2;0;0;2;16;0;0;0;0;0;0;6;21;8;46;3;58;0;0;0;0
13.03.2025;06:29;A 11;1;2;22;1;11;0;0;6;5;5;5;4;5;0;0;1;69;0;0;0;0;1;3;5;27;6;32;3;45;0;0;5;22
13.03.2025;06:28;A 11;1;6;61;2;19;0;0;4;4;2;1;3;4;0;0;4;3;0;0;0;0;0;0;4;24;5;20;3;51;0;0;0;0
13.03.2025;06:27;A 11;1;3;10;0;0;0;0;3;2;7;8;4;6;0;0;2;53;0;0;0;0;0;0;4;22;10;34;13;42;0;0;1;10
13.03.2025;06:26;A 11;1;1;22;4;59;0;0;5;5;4;4;2;3;0;0;1;23;0;0;0;0;0;0;5;27;2;26;1;50;0;0;2;9
13.03.2025;06:25;A 11;1;1;18;7;10;0;0;2;2;1;1;7;8;0;0;1;49;0;0;0;0;0;0;4;12;2;11;1;50;0;0;0;0
13.03.2025;06:24;A 11;1;4;51;3;69;0;0;1;0;4;5;3;4;0;0;2;17;0;0;0;0;0;0;2;13;3;15;2;36;0;1;1;7
13.03.2025;06:23;A 11;1;3;16;0;0;1;2;4;4;7;7;2;3;0;16;1;21;0;0;0;0;0;0;2;26;2;34;3;28;1;1;0;0
13.03.2025;06:22;A 11;1;2;36;3;32;1;1;2;2;2;2;5;5;1;6;3;24;0;0;0;0;0;0;3;6;7;29;2;58;1;7;1;3
13.03.2025;06:21;A 11;1;4;29;1;8;0;0;2;2;3;3;0;0;0;0;1;80;0;0;0;0;0;0;2;14;2;17;2;13;0;0;1;89
13.03.2025;06:20;A 11;1;1;10;1;4;0;0;0;0;2;2;0;0;0;0;0;0;0;0;0;0;0;0;1;4;4;10;1;4;0;0;0;0
13.03.2025;06:19;A 11;1;3;40;3;20;0;0;0;0;2;2;2;2;0;0;1;10;0;0;0;0;0;0;1;4;5;21;3;15;0;0;2;8
13.03.2025;06:18;A 11;1;6;20;1;61;0;0;1;1;0;0;0;0;0;0;0;0;0;0;0;0;0;0;1;6;1;4;2;8;0;0;0;0
13.03.2025;06:17;A 11;1;1;26;1;16;1;0;2;2;1;1;0;0;0;0;1;1;0;0;0;0;0;0;4;10;1;9;1;8;0;0;0;0
13.03.2025;06:16;A 11;1;1;20;3;8;0;0;3;6;2;3;0;0;0;0;1;1;0;0;0;0;0;0;4;23;3;11;2;21;0;0;0;0
13.03.2025;06:15;A 11;1;1;7;0;0;1;1;4;4;4;4;0;0;0;0;0;0;0;0;0;0;0;0;6;26;2;25;3;23;0;0;0;0
13.03.2025;06:14;A 11;1;1;9;1;5;0;0;0;0;1;1;0;0;0;0;0;0;0;0;0;0;0;0;1;1;1;7;1;3;0;0;0;0
13.03.2025;06:13;A 11;1;3;10;0;6;0;0;2;3;3;4;0;0;0;0;0;0;0;0;0;0;0;0;3;12;5;15;1;13;0;0;0;0
13.03.2025;06:12;A 11;1;1;8;2;14;0;0;2;2;3;2;0;0;2;18;2;14;0;0;0;0;0;0;1;15;1;11;1;7;1;14;0;0
13.03.2025;06:11;A 11;1;1;22;3;21;0;0;0;0;3;3;0;0;0;0;0;0;0;0;0;0;0;0;3;8;4;15;1;5;0;0;0;0
13.03.2025;06:10;A 11;1;1;47;0;0;0;0;1;1;5;5;0;0;0;0;1;1;0;0;0;0;0;0;2;12;3;28;13;20;0;0;0;0
13.03.2025;06:09;A 11;1;3;25;3;19;0;14;3;3;6;6;2;3;0;0;0;14;0;0;0;0;0;0;3;26;4;25;2;21;0;0;0;0
13.03.2025;06:08;A 11;1;0;35;2;10;1;32;1;1;6;6;0;0;1;1;3;7;0;0;0;0;0;0;4;15;5;29;1;11;0;0;2;12
13.03.2025;06:07;A 11;1;1;13;0;0;0;0;1;1;3;4;3;3;0;0;1;20;0;0;0;0;0;0;2;16;5;30;3;39;0;0;1;8
13.03.2025;06:06;A 11;1;4;19;2;30;0;0;1;1;0;0;2;2;0;0;2;2;0;0;0;0;0;0;1;7;1;7;2;15;0;0;0;0
13.03.2025;06:05;A 11;1;5;25;2;34;0;0;1;1;3;3;2;3;0;0;2;1;0;0;0;0;0;0;0;8;1;25;2;32;0;0;0;0
13.03.2025;06:04;A 11;1;2;9;0;0;0;0;1;2;0;0;0;0;0;0;0;0;0;0;0;0;1;3;3;13;1;3;1;6;0;0;0;0
13.03.2025;06:03;A 11;1;1;12;2;38;0;0;2;3;4;5;0;0;0;0;1;31;0;0;0;0;0;0;3;19;3;31;1;12;0;0;0;0
13.03.2025;06:02;A 11;1;1;8;1;16;1;0;3;2;2;2;1;2;0;0;2;49;0;0;0;0;1;3;4;28;2;19;1;16;0;0;1;8
13.03.2025;06:01;A 11;1;2;9;4;22;0;0;1;1;2;2;3;5;0;0;0;0;0;0;0;0;0;0;2;18;4;33;2;29;0;0;0;0
13.03.2025;06:00;A 11;1;1;26;1;11;0;0;1;1;3;5;0;0;0;0;2;2;0;0;0;0;0;0;2;13;3;60;2;8;0;0;0;0
13.03.2025;05:59;A 11;1;4;27;1;1;0;0;1;1;4;5;1;2;0;0;2;1;0;0;0;0;0;0;3;20;2;26;3;30;1;4;1;7
13.03.2025;05:58;A 11;1;0;0;2;15;1;0;3;4;6;8;2;3;0;0;1;0;0;0;0;0;0;0;3;39;6;60;4;36;0;0;0;0
13.03.2025;05:57;A 11;1;3;50;2;4;1;0;2;3;1;1;0;0;1;3;1;4;0;0;0;0;0;0;2;21;1;9;1;6;1;7;3;12
13.03.2025;05:56;A 11;1;3;19;1;11;1;1;3;2;4;4;2;2;0;0;1;1;0;0;0;0;0;0;2;14;4;23;1;5;1;2;1;9
13.03.2025;05:55;A 11;1;4;36;0;0;0;0;1;1;2;2;1;1;0;0;2;19;0;0;0;0;0;0;3;16;6;30;5;34;0;0;0;0
13.03.2025;05:54;A 11;1;5;54;0;0;0;0;1;2;3;4;2;3;2;28;2;25;0;0;0;0;0;0;2;21;4;51;1;14;1;12;3;44
13.03.2025;05:53;A 11;1;6;24;5;20;0;0;1;1;3;3;1;1;0;0;1;1;0;0;0;0;0;0;1;17;3;21;2;19;1;2;1;2
13.03.2025;05:52;A 11;1;2;49;2;42;1;0;2;3;2;3;3;5;0;0;3;16;0;0;0;0;0;0;2;34;3;32;1;49;1;3;2;22
13.03.2025;05:51;A 11;1;3;14;3;6;1;26;0;0;1;2;2;3;1;5;3;20;0;0;0;0;0;0;2;4;3;31;1;56;0;15;2;38
13.03.2025;05:50;A 11;1;2;20;0;0;0;0;1;1;4;7;4;5;0;0;1;68;0;0;0;0;0;0;3;23;2;30;3;36;1;30;1;77
13.03.2025;05:49;A 11;1;3;10;1;13;2;0;1;1;2;2;6;8;2;8;2;77;0;0;0;0;0;0;4;20;5;32;5;28;2;12;1;87
13.03.2025;05:48;A 11;1;1;12;2;5;1;0;3;4;4;4;1;2;0;0;1;3;0;0;0;0;0;0;4;33;7;42;3;27;1;22;1;22
13.03.2025;05:47;A 11;1;4;41;3;21;0;0;4;4;3;5;1;1;0;0;3;3;0;0;0;0;0;0;7;24;7;37;3;29;0;0;0;0
13.03.2025;05:46;A 11;1;7;27;1;10;0;0;1;1;3;4;0;0;1;40;2;44;0;0;0;0;0;0;2;19;5;37;2;7;1;3;1;23
13.03.2025;05:45;A 11;1;4;64;6;22;0;0;1;2;2;4;0;0;0;0;0;1;0;0;0;0;0;0;0;14;3;42;0;11;1;7;1;7
13.03.2025;05:44;A 11;1;3;80;5;38;0;0;2;2;3;4;7;7;0;0;2;4;0;0;0;0;0;0;3;20;4;45;3;52;0;0;0;0
13.03.2025;05:43;A 11;1;4;39;1;10;0;0;2;2;4;6;2;3;0;0;4;3;0;0;0;0;1;6;2;26;3;44;2;65;0;0;1;1
13.03.2025;05:42;A 11;1;2;9;1;14;0;0;0;0;2;2;2;2;0;0;2;1;0;0;0;0;1;3;3;14;2;18;1;12;2;3;1;6
13.03.2025;05:41;A 11;1;4;21;1;3;0;0;3;4;4;5;0;0;1;0;1;1;0;0;0;0;0;0;2;42;5;48;3;33;0;0;0;9
13.03.2025;05:40;A 11;1;3;47;0;0;0;25;3;4;1;2;0;0;0;0;3;35;0;0;0;0;0;0;4;25;2;15;2;8;1;2;4;34
13.03.2025;05:39;A 11;1;3;16;1;20;1;11;3;4;1;1;0;0;0;0;1;7;0;0;0;0;0;0;2;26;2;8;1;9;0;0;1;17
13.03.2025;05:38;A 11;1;0;49;1;48;0;0;1;1;0;0;0;0;0;0;1;1;0;0;0;0;0;0;1;6;0;0;0;0;2;4;4;4
13.03.2025;05:37;A 11;1;1;20;1;20;0;0;4;6;2;2;1;1;0;0;1;1;0;0;0;0;0;0;7;50;2;17;1;14;1;2;0;0
13.03.2025;05:36;A 11;1;1;17;3;12;0;0;1;1;3;3;0;0;0;0;1;1;0;0;0;0;0;0;3;10;3;21;3;12;0;0;0;0
13.03.2025;05:35;A 11;1;1;13;3;20;0;8;1;1;1;1;0;0;0;0;0;12;0;0;0;0;0;0;1;11;3;7;1;7;0;0;0;10
13.03.2025;05:34;A 11;1;1;7;0;8;1;62;2;3;6;6;1;1;0;0;1;7;0;0;0;0;0;0;3;13;4;37;3;36;1;2;1;19
13.03.2025;05:33;A 11;1;3;55;1;5;1;1;1;0;1;1;3;4;0;10;4;6;0;0;0;0;0;0;0;0;3;20;1;31;0;0;0;0
13.03.2025;05:32;A 11;1;2;34;1;14;1;20;1;1;2;1;0;0;1;24;2;2;0;0;0;0;0;0;1;6;2;10;1;11;3;13;2;7
13.03.2025;05:31;A 11;1;1;8;2;9;1;38;1;1;3;3;0;0;0;0;0;0;0;0;0;0;0;0;3;12;5;19;3;16;0;0;0;0
13.03.2025;05:30;A 11;1;0;0;0;0;0;0;1;1;2;3;1;0;0;0;1;1;0;0;0;0;0;0;1;11;4;18;1;17;0;0;0;0
13.03.2025;05:29;A 11;1;1;44;0;0;0;0;0;0;1;1;1;2;0;0;2;2;0;0;0;0;0;0;1;5;2;14;5;25;1;1;3;4
13.03.2025;05:28;A 11;1;7;29;2;14;0;0;1;0;1;0;4;5;0;0;2;24;0;0;0;0;0;0;3;7;1;6;27;45;3;9;2;41
13.03.2025;05:27;A 11;1;0;0;0;0;0;0;1;1;1;1;0;0;0;0;1;15;0;0;0;0;0;0;3;10;1;6;1;5;0;0;0;15
13.03.2025;05:26;A 11;1;0;0;2;12;0;0;4;6;0;0;0;0;0;0;1;9;0;0;0;0;1;3;4;36;0;0;0;0;0;0;1;24
13.03.2025;05:25;A 11;1;0;39;0;0;1;1;1;1;0;0;0;0;0;0;2;1;0;0;0;0;0;0;1;6;0;0;0;0;0;0;0;0
13.03.2025;05:24;A 11;1;1;4;0;0;0;0;0;0;2;3;2;2;1;27;1;1;0;0;0;0;0;0;1;9;0;44;0;22;2;11;2;12
13.03.2025;05:23;A 11;1;2;9;3;8;0;0;2;3;2;2;3;3;0;0;2;2;0;0;0;0;0;0;1;18;5;27;3;37;1;3;2;4
13.03.2025;05:22;A 11;1;2;7;0;0;0;0;0;0;0;0;2;3;0;0;1;1;0;0;0;0;1;3;0;0;2;7;1;16;0;0;0;0
13.03.2025;05:21;A 11;1;0;0;6;6;0;0;0;0;1;1;0;0;0;0;0;0;0;0;0;0;0;0;0;0;2;7;1;8;0;0;0;0
13.03.2025;05:20;A 11;1;0;0;0;0;0;0;1;0;2;2;0;0;0;0;0;0;0;0;0;0;0;0;1;7;2;15;2;15;0;0;0;0
13.03.2025;05:19;A 11;1;2;13;2;8;0;0;1;1;1;1;0;0;0;0;0;0;0;0;0;0;0;0;1;10;1;8;1;6;0;0;0;0
13.03.2025;05:18;A 11;1;1;12;0;0;0;0;3;3;1;1;0;0;0;0;0;0;0;0;0;0;0;0;6;17;1;4;1;5;0;0;0;0
13.03.2025;05:17;A 11;1;0;0;1;14;0;0;1;1;3;3;0;0;0;0;0;0;0;0;0;0;0;0;2;10;2;20;2;11;0;0;0;0
13.03.2025;05:16;A 11;1;2;8;0;0;0;0;2;2;1;0;0;0;0;0;1;1;0;0;0;0;0;0;2;15;2;8;1;4;0;0;0;1
13.03.2025;05:15;A 11;1;2;45;3;36;0;0;2;4;2;2;0;0;0;0;1;1;0;0;0;0;0;0;2;37;2;22;2;19;0;0;1;2
13.03.2025;05:14;A 11;1;2;17;0;0;0;0;0;0;2;2;1;1;0;0;1;1;0;0;0;0;0;0;2;14;4;20;4;22;0;0;2;1
13.03.2025;05:13;A 11;1;4;16;2;7;0;0;1;1;2;2;2;3;0;0;1;1;0;0;1;3;0;0;1;9;4;19;4;14;0;0;0;0
13.03.2025;05:12;A 11;1;3;35;1;18;0;0;0;0;4;6;0;0;0;0;2;2;0;0;0;0;0;0;4;14;4;33;2;17;0;0;0;0
13.03.2025;05:11;A 11;1;0;0;1;6;0;0;4;4;2;2;3;3;0;0;1;4;0;0;0;0;0;0;5;32;2;21;1;23;0;0;0;0
13.03.2025;05:10;A 11;1;0;0;0;0;0;0;0;0;2;2;0;0;0;0;0;0;0;0;0;0;0;0;2;13;3;16;2;14;0;0;0;0
13.03.2025;05:09;A 11;1;0;0;0;0;0;0;2;1;1;2;0;0;0;0;0;0;0;0;0;0;0;0;2;15;1;12;1;6;0;0;0;0
13.03.2025;05:08;A 11;1;3;3;1;2;0;0;0;0;1;0;0;0;0;0;1;18;0;0;0;0;0;0;1;2;1;7;1;7;0;0;0;0
13.03.2025;05:07;A 11;1;0;0;2;36;0;0;1;1;2;4;0;0;0;0;2;10;0;0;0;0;0;0;2;25;2;23;1;29;0;0;1;15
13.03.2025;05:06;A 11;1;0;0;0;0;1;2;2;2;0;0;0;0;0;0;0;0;0;0;0;0;0;0;1;13;0;0;0;0;0;0;1;3
13.03.2025;05:05;A 11;1;2;4;1;10;0;0;3;4;1;1;0;0;0;0;1;1;0;0;0;0;0;0;4;32;3;12;1;13;0;0;0;0
13.03.2025;05:04;A 11;1;4;28;2;17;0;0;0;0;2;2;0;0;0;0;0;0;0;0;0;0;0;0;2;13;0;14;1;7;0;0;0;0
13.03.2025;05:03;A 11;1;0;0;1;0;0;0;2;2;1;1;0;0;0;0;0;0;0;0;0;0;0;0;2;15;1;6;1;8;0;0;0;0
13.03.2025;05:02;A 11;1;1;6;1;11;0;0;0;0;1;1;0;0;0;0;0;1;0;0;0;0;0;0;1;8;1;7;1;3;0;0;0;0
13.03.2025;05:01;A 11;1;1;12;0;0;0;0;1;1;0;0;0;0;0;0;2;11;0;0;0;0;0;0;0;8;0;0;0;0;0;0;2;13
13.03.2025;05:00;A 11;1;1;16;0;0;0;0;1;1;0;0;0;0;0;0;0;0;0;0;0;0;0;0;2;9;0;0;2;6;0;0;0;0
13.03.2025;04:59;A 11;1;2;7;0;0;0;0;0;0;0;0;0;0;0;0;1;1;0;0;0;0;0;0;0;0;0;0;0;0;0;0;0;0
13.03.2025;04:58;A 11;1;0;0;0;0;0;0;1;1;1;1;0;0;0;0;0;0;0;0;0;0;0;0;2;7;1;6;1;6;0;0;0;0
13.03.2025;04:57;A 11;1;0;0;0;0;0;0;2;1;1;1;0;0;0;0;0;0;0;0;0;0;0;0;3;13;1;4;1;7;0;0;0;0
13.03.2025;04:56;A 11;1;0;0;0;0;0;0;0;0;0;0;0;0;0;0;0;0;0;0;0;0;0;0;0;0;0;0;0;0;0;0;0;0
13.03.2025;04:55;A 11;1;2;9;1;11;0;0;1;1;4;4;0;0;0;0;0;0;0;0;0;0;0;0;6;30;4;25;3;23;0;0;0;0
13.03.2025;04:54;A 11;1;2;5;1;8;0;0;0;0;1;1;0;0;0;0;0;0;0;0;0;0;0;0;2;5;1;5;1;6;0;0;0;0
13.03.2025;04:53;A 11;1;0;2;0;0;0;0;0;0;1;2;0;0;0;0;0;0;0;0;0;0;0;0;0;0;1;7;1;4;0;0;0;0
13.03.2025;04:52;A 11;1;1;4;0;0;0;0;0;0;1;1;0;0;0;0;0;0;0;0;0;0;0;0;0;0;1;8;1;7;0;0;0;0
13.03.2025;04:51;A 11;1;0;0;0;0;0;0;0;0;0;0;0;0;0;5;0;5;0;0;0;0;0;0;0;0;0;0;0;0;0;0;0;0
13.03.2025;04:50;A 11;1;1;9;0;0;0;0;0;0;0;0;0;0;1;18;2;18;0;0;0;0;0;0;0;0;0;0;0;0;1;6;1;4
13.03.2025;04:49;A 11;1;3;12;0;0;0;0;0;0;0;0;0;0;0;0;0;0;0;0;0;0;0;0;0;0;0;0;0;0;0;0;0;0
13.03.2025;04:48;A 11;1;0;0;0;0;0;0;0;0;1;1;0;0;0;0;0;0;0;0;0;0;0;0;1;3;1;6;1;6;0;0;0;0
13.03.2025;04:47;A 11;1;0;0;0;0;0;0;4;4;1;0;0;0;0;0;0;0;0;0;0;0;0;0;4;39;1;5;0;0;0;0;0;0
13.03.2025;04:46;A 11;1;1;10;0;0;0;0;1;1;0;0;0;0;0;0;0;0;0;0;0;0;0;0;1;8;0;0;0;0;0;0;0;0
13.03.2025;04:45;A 11;1;0;0;0;0;0;0;0;0;0;0;0;0;0;0;0;0;0;0;0;0;0;0;0;0;0;0;0;0;0;0;0;0
13.03.2025;04:44;A 11;1;1;17;1;13;0;0;0;0;0;0;0;0;0;0;1;0;0;0;0;0;0;0;0;0;0;0;0;0;0;0;0;0
13.03.2025;04:43;A 11;1;3;9;0;0;0;0;0;0;1;1;0;0;0;0;0;0;0;0;0;0;0;0;1;4;1;5;1;8;0;0;0;0
13.03.2025;04:42;A 11;1;1;10;0;0;0;0;0;0;0;0;0;0;0;0;0;0;0;0;0;0;0;0;0;0;0;0;0;0;0;0;0;0
13.03.2025;04:41;A 11;1;1;10;0;0;0;0;0;0;2;2;0;0;0;0;0;0;0;0;0;0;0;0;1;2;3;12;1;12;0;0;0;0
13.03.2025;04:40;A 11;1;2;9;0;0;0;0;0;0;1;1;0;0;0;0;0;0;0;0;0;0;0;0;3;8;1;11;2;12;0;0;0;0
13.03.2025;04:39;A 11;1;1;17;0;0;0;0;1;2;2;2;0;0;0;0;1;1;0;0;0;0;0;0;1;6;4;9;1;8;0;0;0;0
13.03.2025;04:38;A 11;1;1;9;0;0;0;0;1;23;0;0;0;0;0;0;1;8;0;0;0;0;0;0;3;35;3;13;0;0;0;0;1;13
13.03.2025;04:37;A 11;1;0;0;0;0;0;0;1;1;2;2;0;0;0;0;0;0;0;0;0;0;0;0;2;19;1;11;1;11;0;0;0;0
13.03.2025;04:36;A 11;1;0;0;0;0;0;0;0;0;0;0;0;0;0;0;1;1;0;0;0;0;0;0;0;0;0;0;0;0;0;0;1;8
13.03.2025;04:35;A 11;1;0;0;0;0;0;0;0;0;0;0;0;0;1;14;1;9;0;0;0;0;0;0;0;0;0;0;0;0;3;8;2;3
13.03.2025;04:34;A 11;1;0;0;0;0;0;0;1;2;0;0;0;0;0;0;0;0;0;0;0;0;0;0;1;16;0;0;0;0;0;0;0;0
13.03.2025;04:33;A 11;1;0;0;0;0;0;0;0;0;1;1;2;3;0;0;1;1;0;0;0;0;0;0;0;7;2;17;2;17;0;0;0;0
13.03.2025;04:32;A 11;1;0;0;1;9;0;0;1;1;0;0;0;0;0;0;0;0;0;0;0;0;0;0;2;8;0;0;3;7;0;0;0;0
13.03.2025;04:31;A 11;1;0;0;0;0;0;0;0;0;0;0;0;0;1;9;1;3;0;0;0;0;0;0;0;0;0;0;0;0;1;16;1;5
13.03.2025;04:30;A 11;1;0;0;0;0;0;0;1;1;1;1;0;0;0;0;0;11;0;0;0;0;0;0;1;9;1;7;1;8;0;0;1;6
13.03.2025;04:29;A 11;1;3;3;0;0;0;0;1;2;1;1;0;0;0;0;1;4;0;0;0;0;0;0;2;10;3;9;3;16;0;0;3;9
13.03.2025;04:28;A 11;1;0;0;0;0;0;0;0;0;1;1;0;0;0;0;0;0;0;0;0;0;0;0;1;7;1;9;1;6;0;0;0;0
13.03.2025;04:27;A 11;1;0;0;0;0;0;0;0;0;0;0;1;2;0;0;1;1;0;0;0;0;1;4;0;0;1;9;1;36;0;0;0;0
13.03.2025;04:26;A 11;1;0;0;0;0;0;0;1;1;1;1;0;0;0;0;0;0;0;0;0;0;0;0;2;13;2;9;1;7;0;0;0;0
13.03.2025;04:25;A 11;1;0;3;0;0;0;0;0;0;0;0;0;0;0;0;1;10;0;0;0;0;0;0;0;0;0;0;0;0;1;2;1;23
13.03.2025;04:24;A 11;1;2;8;0;0;0;0;2;2;0;0;0;0;0;0;0;0;0;0;0;0;0;0;3;18;0;0;0;0;0;0;0;0
13.03.2025;04:23;A 11;1;0;0;0;0;0;0;0;0;0;0;0;0;0;0;0;0;0;0;0;0;0;0;0;0;0;0;0;0;0;0;0;0
13.03.2025;04:22;A 11;1;0;0;1;8;0;0;0;0;0;0;0;0;0;0;0;0;0;0;0;0;0;0;0;0;0;0;0;0;0;0;0;0
13.03.2025;04:21;A 11;1;0;0;0;0;0;0;0;0;0;0;0;0;0;0;0;0;0;0;0;0;0;0;0;0;0;0;0;0;0;0;0;0
13.03.2025;04:20;A 11;1;0;0;0;0;0;0;0;0;0;0;0;0;0;0;0;0;0;0;0;0;0;0;0;0;0;0;0;0;0;0;0;0
13.03.2025;04:19;A 11;1;0;0;2;12;0;0;0;0;1;1;0;0;0;0;0;0;0;0;0;0;0;0;1;4;1;7;1;1;0;0;0;0
13.03.2025;04:18;A 11;1;0;0;0;0;0;0;0;0;0;0;0;0;0;0;0;0;0;0;0;0;0;0;0;0;0;0;0;0;0;0;0;0
13.03.2025;04:17;A 11;1;2;4;0;0;0;0;0;0;0;0;0;0;0;0;0;0;0;0;0;0;0;0;0;0;0;0;0;0;0;0;0;0
13.03.2025;04:16;A 11;1;0;0;0;0;0;0;1;1;0;0;0;0;0;0;0;0;0;0;0;0;0;0;2;6;0;0;0;0;0;0;0;0
13.03.2025;04:15;A 11;1;2;3;1;12;0;0;0;0;0;0;0;0;0;0;0;0;0;0;0;0;0;0;0;0;0;0;0;0;0;0;0;0
13.03.2025;04:14;A 11;1;0;0;1;7;0;0;1;0;1;1;0;0;0;0;0;0;0;0;0;0;0;0;1;6;1;6;1;5;0;0;0;0
13.03.2025;04:13;A 11;1;2;13;0;0;0;0;1;1;0;0;0;0;0;0;0;0;0;0;0;0;0;0;1;8;0;0;0;0;0;0;0;0
13.03.2025;04:12;A 11;1;2;7;0;0;0;0;1;1;0;0;0;0;0;0;0;0;0;0;0;0;0;0;1;9;0;0;0;0;0;0;0;0
13.03.2025;04:11;A 11;1;0;0;0;0;0;0;0;0;0;0;0;0;0;0;0;0;0;0;0;0;0;0;0;0;0;0;0;0;0;0;0;0
13.03.2025;04:10;A 11;1;0;0;1;10;0;0;0;0;0;0;0;0;0;0;0;0;0;0;0;0;0;0;0;0;0;0;0;0;0;0;0;0
13.03.2025;04:09;A 11;1;1;10;0;0;0;0;2;2;1;1;0;0;0;0;0;0;0;0;0;0;0;0;3;22;1;6;1;5;0;0;0;0
13.03.2025;04:08;A 11;1;0;0;0;0;0;0;0;0;1;1;0;0;0;0;0;0;0;0;0;0;0;0;1;8;1;8;1;7;0;0;0;0
13.03.2025;04:07;A 11;1;0;0;0;0;0;0;0;0;0;0;0;0;0;0;1;1;0;0;0;0;0;0;0;0;0;0;0;0;0;0;0;0
13.03.2025;04:06;A 11;1;3;7;1;4;0;0;0;0;0;0;0;0;1;15;1;12;0;0;0;0;0;0;0;0;0;0;0;0;1;6;1;3
13.03.2025;04:05;A 11;1;0;0;1;4;0;0;0;0;0;0;0;0;0;0;0;0;0;0;0;0;0;0;0;0;0;0;0;0;0;0;0;0
13.03.2025;04:04;A 11;1;0;0;0;0;0;0;0;0;0;0;0;0;0;0;0;0;0;0;0;0;0;0;0;0;0;0;0;0;0;0;0;0
13.03.2025;04:03;A 11;1;0;0;0;0;0;0;0;0;0;0;0;0;0;0;2;7;0;0;0;0;0;0;0;0;0;0;0;0;0;0;2;8
13.03.2025;04:02;A 11;1;0;0;0;0;0;0;0;0;0;0;0;0;0;0;0;0;0;0;0;0;0;0;0;0;0;0;0;0;0;0;0;0
13.03.2025;04:01;A 11;1;0;0;1;8;0;0;1;1;0;0;0;0;0;0;0;0;0;0;0;0;0;0;1;12;1;2;0;0;0;0;0;0
13.03.2025;04:00;A 11;1;0;0;2;5;0;0;1;1;0;0;0;0;0;0;0;0;0;0;0;0;0;0;3;9;0;0;0;0;0;0;0;0
13.03.2025;03:59;A 11;1;1;6;0;0;0;0;0;0;0;0;0;0;0;0;0;0;0;0;0;0;0;0;0;0;0;0;0;0;0;0;0;0
13.03.2025;03:58;A 11;1;0;0;1;7;1;2;0;0;0;0;0;0;0;0;0;0;0;0;0;0;0;0;0;0;0;0;0;0;0;0;0;0
13.03.2025;03:57;A 11;1;0;0;0;0;0;0;0;0;1;1;0;0;0;0;0;0;0;0;0;0;0;0;3;6;1;8;1;6;0;0;0;0
13.03.2025;03:56;A 11;1;0;0;1;6;0;0;0;0;0;0;0;0;0;0;0;0;0;0;0;0;0;0;0;0;0;0;0;0;0;0;0;0
13.03.2025;03:55;A 11;1;0;0;0;0;0;0;0;0;0;0;0;0;0;0;0;0;0;0;0;0;0;0;0;0;0;0;0;0;0;0;0;0
13.03.2025;03:54;A 11;1;1;8;0;0;0;0;0;0;0;0;0;0;0;0;0;0;0;0;0;0;0;0;0;0;0;0;0;0;0;0;0;0
13.03.2025;03:53;A 11;1;0;0;1;5;0;0;0;0;0;0;0;0;0;0;0;0;0;0;0;0;0;0;0;0;0;0;0;0;0;0;0;0
13.03.2025;03:52;A 11;1;0;0;0;0;0;0;0;0;0;0;0;0;0;0;0;0;0;0;0;0;0;0;0;0;0;0;0;0;0;0;0;0
13.03.2025;03:51;A 11;1;0;0;0;0;0;0;1;1;0;0;0;0;0;0;0;0;0;0;0;0;0;0;2;6;0;0;0;0;0;0;0;0
13.03.2025;03:50;A 11;1;0;0;0;0;0;0;0;0;0;0;0;0;0;0;0;0;0;0;0;0;0;0;0;0;0;0;0;0;0;0;0;0
13.03.2025;03:49;A 11;1;0;2;0;0;0;0;0;0;0;0;0;0;0;0;0;0;0;0;0;0;0;0;0;0;0;0;0;0;0;0;0;0
13.03.2025;03:48;A 11;1;1;4;1;7;0;0;0;0;0;0;0;0;0;0;0;0;0;0;0;0;0;0;0;0;0;0;0;0;0;0;0;0
13.03.2025;03:47;A 11;1;0;0;0;0;0;0;0;0;0;0;0;0;0;0;0;0;0;0;0;0;0;0;0;0;0;0;0;0;0;0;0;0
13.03.2025;03:46;A 11;1;1;12;0;0;0;0;0;0;0;0;0;0;0;0;0;0;0;0;0;0;0;0;0;0;0;0;0;0;0;0;0;0
13.03.2025;03:45;A 11;1;2;10;0;0;0;0;0;0;0;0;0;0;0;0;1;6;0;0;0;0;0;0;0;0;0;0;0;0;1;0;2;18
13.03.2025;03:44;A 11;1;0;0;0;0;0;0;0;0;1;1;0;0;0;0;0;0;0;0;0;0;0;0;1;9;2;9;1;8;0;0;0;0
13.03.2025;03:43;A 11;1;2;6;0;0;0;0;0;0;0;0;0;0;0;0;0;0;0;0;0;0;0;0;0;0;0;0;0;0;0;0;0;0
13.03.2025;03:42;A 11;1;0;0;1;8;0;0;0;0;0;0;0;0;0;0;0;0;0;0;0;0;0;0;0;0;0;0;0;0;0;0;0;0
13.03.2025;03:41;A 11;1;2;5;0;0;0;0;0;0;0;0;0;0;0;0;0;0;0;0;0;0;0;0;0;0;0;0;0;0;0;0;0;0
13.03.2025;03:40;A 11;1;0;0;0;0;0;0;0;0;0;0;0;0;0;0;0;0;0;0;0;0;0;0;0;0;0;0;0;0;0;0;0;0
13.03.2025;03:39;A 11;1;1;8;0;0;0;0;0;0;0;0;0;0;0;0;1;1;0;0;0;0;0;0;0;0;0;0;0;0;0;0;0;0
13.03.2025;03:38;A 11;1;2;6;0;0;0;0;0;0;0;0;0;0;0;0;0;0;0;0;0;0;0;0;0;0;0;0;0;0;0;0;0;0
13.03.2025;03:37;A 11;1;0;0;0;0;0;0;0;0;0;0;0;0;0;0;0;0;0;0;0;0;0;0;0;0;0;0;0;0;0;0;0;0
13.03.2025;03:36;A 11;1;0;0;0;0;0;0;0;0;2;2;0;0;0;0;0;0;0;0;0;0;0;0;0;0;3;15;2;8;0;0;0;0
13.03.2025;03:35;A 11;1;0;0;0;0;0;0;0;0;1;1;0;0;0;0;0;0;0;0;0;0;0;0;1;5;1;5;1;4;0;0;0;0
13.03.2025;03:34;A 11;1;0;0;0;0;0;0;0;0;0;0;0;0;0;0;0;0;0;0;0;0;0;0;0;0;0;0;0;0;0;0;0;0
13.03.2025;03:33;A 11;1;0;0;0;0;0;0;1;1;1;1;0;0;0;0;0;0;0;0;0;0;0;0;4;13;1;7;1;9;0;0;0;0
13.03.2025;03:32;A 11;1;3;3;1;6;0;0;0;0;1;1;0;0;0;0;0;0;0;0;0;0;0;0;1;1;1;7;2;4;0;0;0;0
13.03.2025;03:31;A 11;1;3;6;1;5;0;0;0;0;0;0;0;0;0;0;0;0;0;0;0;0;0;0;0;0;0;0;0;0;0;0;0;0
13.03.2025;03:30;A 11;1;0;0;0;0;0;0;0;0;0;0;0;0;0;0;0;0;0;0;0;0;0;0;0;0;0;0;0;0;0;0;0;0
13.03.2025;03:29;A 11;1;0;0;0;0;0;0;0;0;0;0;0;0;0;0;0;0;0;0;0;0;0;0;0;0;0;0;0;0;0;0;0;0
13.03.2025;03:28;A 11;1;0;0;0;0;0;0;0;0;0;0;0;0;0;0;0;0;0;0;0;0;0;0;0;0;0;0;0;0;0;0;0;0
13.03.2025;03:27;A 11;1;3;13;0;0;0;0;2;4;1;0;0;0;0;0;0;0;0;0;0;0;0;0;2;18;2;3;0;0;0;0;0;0
13.03.2025;03:26;A 11;1;0;0;0;0;0;0;0;0;0;0;0;0;0;0;0;0;0;0;0;0;0;0;0;0;0;0;0;0;0;0;0;0
13.03.2025;03:25;A 11;1;0;0;1;5;0;0;0;0;1;1;0;0;0;0;0;0;0;0;0;0;0;0;1;6;1;6;1;6;0;0;0;0
13.03.2025;03:24;A 11;1;0;0;0;0;0;0;1;1;0;0;0;0;0;0;1;19;0;0;0;0;0;0;1;8;0;0;0;0;0;0;1;11
13.03.2025;03:23;A 11;1;0;0;1;4;0;0;0;0;1;1;0;0;0;0;0;0;0;0;0;0;0;0;1;5;1;8;2;9;0;0;0;0
13.03.2025;03:22;A 11;1;0;0;0;0;0;0;0;0;0;0;0;0;0;0;0;0;0;0;0;0;0;0;0;0;0;0;0;0;0;0;0;0
13.03.2025;03:21;A 11;1;0;0;0;0;0;0;0;0;0;0;0;0;0;0;0;0;0;0;0;0;0;0;0;0;0;0;0;0;0;0;0;0
13.03.2025;03:20;A 11;1;0;0;1;5;0;0;0;0;0;0;0;0;0;0;0;0;0;0;0;0;0;0;0;0;0;0;0;0;0;0;0;0
13.03.2025;03:19;A 11;1;1;8;0;0;0;0;0;0;0;0;0;0;0;0;0;0;0;0;0;0;0;0;0;0;0;0;0;0;0;0;0;0
13.03.2025;03:18;A 11;1;0;0;0;0;0;0;1;0;1;0;0;0;0;0;0;0;0;0;0;0;0;0;2;3;1;4;1;6;0;0;0;0
13.03.2025;03:17;A 11;1;0;0;0;0;0;0;0;0;0;0;0;0;0;0;0;0;0;0;0;0;0;0;0;0;0;0;0;0;0;0;0;0
13.03.2025;03:16;A 11;1;0;0;0;0;0;0;0;0;0;0;0;0;0;0;0;0;0;0;0;0;0;0;0;0;0;0;0;0;0;0;0;0
13.03.2025;03:15;A 11;1;3;19;0;0;0;0;0;0;1;1;0;0;0;0;0;0;0;0;0;0;0;0;2;9;1;8;1;7;0;0;0;0
13.03.2025;03:14;A 11;1;0;0;0;0;0;0;1;1;0;0;0;0;0;0;0;0;0;0;0;0;0;0;1;4;0;0;0;0;0;0;0;0
13.03.2025;03:13;A 11;1;0;1;0;0;0;0;0;0;0;0;0;0;0;0;1;12;0;0;0;0;0;0;0;0;0;0;0;0;0;0;1;14
13.03.2025;03:12;A 11;1;1;5;0;0;0;0;0;0;0;0;0;0;0;0;0;0;0;0;0;0;0;0;0;0;0;0;0;0;0;0;0;0
13.03.2025;03:11;A 11;1;0;0;0;0;0;0;0;0;0;0;0;0;0;0;0;0;0;0;0;0;0;0;0;0;0;0;0;0;0;0;0;0
13.03.2025;03:10;A 11;1;0;0;0;0;0;0;1;1;0;0;0;0;0;0;0;0;0;0;0;0;0;0;1;9;0;0;0;0;0;0;0;0
13.03.2025;03:09;A 11;1;0;0;0;0;0;0;0;0;0;0;0;0;0;0;0;0;0;0;0;0;0;0;0;0;0;0;0;0;0;0;0;0
13.03.2025;03:08;A 11;1;0;0;0;0;0;0;0;0;0;0;0;0;0;0;0;0;0;0;0;0;0;0;0;0;0;0;0;0;0;0;0;0
13.03.2025;03:07;A 11;1;1;9;0;0;0;0;0;0;0;0;0;0;0;0;0;0;0;0;0;0;0;0;0;0;0;0;0;0;0;0;0;0
13.03.2025;03:06;A 11;1;3;3;0;0;0;0;0;0;0;0;0;0;0;0;0;31;0;0;0;0;0;0;0;0;0;0;0;0;0;0;0;30
13.03.2025;03:05;A 11;1;0;0;0;0;0;0;0;0;1;1;0;0;0;0;2;29;0;0;0;0;0;0;1;4;1;9;1;10;0;0;2;39
13.03.2025;03:04;A 11;1;0;0;0;0;0;0;0;0;0;0;0;0;0;0;0;0;0;0;0;0;0;0;0;0;0;0;0;0;0;0;0;0
13.03.2025;03:03;A 11;1;0;0;0;0;0;0;0;0;0;0;0;0;0;0;0;0;0;0;0;0;0;0;0;0;0;0;0;0;0;0;0;0
13.03.2025;03:02;A 11;1;0;0;0;0;0;0;0;0;0;0;0;0;1;1;1;14;0;0;0;0;0;0;0;0;0;0;0;0;0;0;3;15
13.03.2025;03:01;A 11;1;0;0;0;0;0;0;1;1;0;0;0;0;0;0;0;0;0;0;0;0;0;0;1;9;0;0;0;0;0;0;0;0
13.03.2025;03:00;A 11;1;0;0;0;0;0;0;0;0;0;0;0;0;0;0;0;0;0;0;0;0;0;0;0;0;0;0;0;0;0;0;0;0
13.03.2025;02:59;A 11;1;0;0;0;0;0;0;0;0;0;0;0;0;0;0;0;0;0;0;0;0;0;0;0;0;0;0;0;0;0;0;0;0
13.03.2025;02:58;A 11;1;0;0;0;0;0;0;1;1;0;0;1;2;0;0;1;1;0;0;0;0;0;0;2;10;2;8;1;15;0;0;0;0
13.03.2025;02:57;A 11;1;0;0;0;0;0;0;0;0;0;0;0;0;0;0;0;0;0;0;0;0;0;0;0;0;0;0;0;0;0;0;0;0
13.03.2025;02:56;A 11;1;0;0;0;0;0;0;0;0;0;0;0;0;0;0;1;17;0;0;0;0;0;0;0;0;0;0;0;0;0;0;1;6
13.03.2025;02:55;A 11;1;0;0;0;0;0;0;0;0;0;0;0;0;0;0;0;0;0;0;0;0;0;0;0;0;0;0;0;0;0;0;0;0
13.03.2025;02:54;A 11;1;0;0;0;0;0;0;1;1;1;1;0;0;0;0;0;0;0;0;0;0;0;0;1;8;2;9;1;8;0;0;0;0
13.03.2025;02:53;A 11;1;0;0;0;0;0;0;0;0;0;0;0;0;0;0;0;0;0;0;0;0;0;0;0;0;0;0;0;0;0;0;0;0
13.03.2025;02:52;A 11;1;0;0;0;0;0;0;1;1;0;0;0;0;0;0;0;0;0;0;0;0;0;0;1;7;0;0;0;0;0;0;0;0
13.03.2025;02:51;A 11;1;0;0;0;0;0;0;0;0;1;1;0;0;0;0;0;0;0;0;0;0;0;0;1;2;1;8;2;5;0;0;0;0
13.03.2025;02:50;A 11;1;0;0;0;0;0;0;0;0;0;0;0;0;0;0;0;0;0;0;0;0;0;0;0;0;0;0;0;0;0;0;0;0
13.03.2025;02:49;A 11;1;1;9;0;0;0;0;0;0;0;0;0;0;0;0;0;0;0;0;0;0;0;0;0;0;0;0;0;0;0;0;0;0
13.03.2025;02:48;A 11;1;0;0;0;0;0;0;0;0;0;0;0;0;0;0;0;0;0;0;0;0;0;0;0;0;0;0;0;0;0;0;0;0
13.03.2025;02:47;A 11;1;0;0;0;0;0;0;0;0;0;0;0;0;0;0;0;0;0;0;0;0;0;0;0;0;0;0;0;0;0;0;0;0
13.03.2025;02:46;A 11;1;0;0;0;0;0;0;0;0;0;0;1;2;0;0;1;12;0;0;0;0;0;0;0;0;1;5;2;19;0;0;0;9
13.03.2025;02:45;A 11;1;0;0;0;0;0;0;0;0;0;0;0;0;0;0;1;5;0;0;0;0;0;0;0;0;0;0;0;0;0;0;1;14
13.03.2025;02:44;A 11;1;0;0;0;0;0;0;0;0;2;2;0;0;0;0;0;0;0;0;0;0;0;0;2;15;3;16;1;14;0;0;0;0
13.03.2025;02:43;A 11;1;0;0;0;0;0;0;0;0;1;1;0;0;0;0;0;0;0;0;0;0;0;0;2;7;1;8;1;8;0;0;0;0
13.03.2025;02:42;A 11;1;0;0;2;8;0;0;0;0;1;1;0;0;0;0;0;0;0;0;0;0;0;0;2;7;2;8;1;9;0;0;0;0
13.03.2025;02:41;A 11;1;0;0;0;0;0;0;1;1;0;0;0;0;0;0;0;0;0;0;0;0;0;0;1;9;0;0;0;0;0;0;0;0
13.03.2025;02:40;A 11;1;0;0;0;0;0;0;1;1;1;1;0;0;0;0;0;0;0;0;0;0;0;0;3;10;3;9;3;12;0;0;0;0
13.03.2025;02:39;A 11;1;0;0;0;0;0;0;0;0;0;0;0;0;0;0;0;0;0;0;0;0;0;0;0;0;0;0;0;0;0;0;0;0
13.03.2025;02:38;A 11;1;0;0;0;0;0;0;0;0;0;0;0;0;0;0;0;0;1;2;0;0;1;3;0;0;0;0;0;0;0;0;0;0
13.03.2025;02:37;A 11;1;1;7;0;0;0;0;0;0;0;0;0;0;0;0;1;1;0;0;0;0;0;0;0;0;0;0;0;0;0;0;0;0
13.03.2025;02:36;A 11;1;1;8;0;11;0;0;0;0;0;0;0;0;2;5;0;10;0;0;0;0;0;0;0;0;0;0;1;1;0;0;0;9
13.03.2025;02:35;A 11;1;0;0;1;1;0;0;0;0;1;1;0;0;0;0;1;11;0;0;0;0;0;0;1;2;1;7;2;8;0;0;1;21
13.03.2025;02:34;A 11;1;0;0;0;0;0;0;0;0;0;0;0;0;0;0;0;0;0;0;0;0;0;0;0;0;0;0;0;0;0;0;0;0
13.03.2025;02:33;A 11;1;1;8;0;0;0;0;0;0;1;1;0;0;0;0;0;0;0;0;0;0;0;0;2;5;3;8;0;9;0;0;0;0
13.03.2025;02:32;A 11;1;0;0;0;0;0;0;0;0;1;1;0;0;0;0;0;0;0;0;0;0;0;0;2;5;1;6;2;10;0;0;0;0
13.03.2025;02:31;A 11;1;0;0;1;8;0;0;2;1;2;2;0;0;0;0;0;0;0;0;0;0;0;0;5;18;3;11;3;19;0;0;0;0
13.03.2025;02:30;A 11;1;0;0;0;0;0;0;0;0;0;0;0;0;0;0;0;0;0;0;0;0;0;0;0;0;0;0;0;0;0;0;0;0
13.03.2025;02:29;A 11;1;0;0;0;0;0;0;0;0;0;0;0;0;0;0;0;0;0;0;0;0;0;0;0;0;0;0;0;0;0;0;0;0
13.03.2025;02:28;A 11;1;2;5;1;6;0;0;0;0;0;0;0;0;0;0;0;0;0;0;0;0;0;0;0;0;0;0;0;0;0;0;0;0
13.03.2025;02:27;A 11;1;0;0;0;0;0;0;0;0;0;0;0;0;0;0;0;0;0;0;0;0;0;0;0;0;0;0;0;0;0;0;0;0
13.03.2025;02:26;A 11;1;0;0;0;0;0;0;1;1;0;0;0;0;0;0;0;0;0;0;0;0;0;0;3;3;0;0;0;0;0;0;0;0
13.03.2025;02:25;A 11;1;0;0;0;0;0;0;0;0;0;0;0;0;0;0;0;0;0;0;0;0;0;0;0;0;0;0;0;0;0;0;0;0
13.03.2025;02:24;A 11;1;0;0;0;0;0;0;1;1;0;0;0;0;0;0;0;0;0;0;0;0;0;0;1;8;1;2;0;0;0;0;0;0
13.03.2025;02:23;A 11;1;0;0;0;0;0;0;2;4;1;1;0;0;0;0;0;0;0;0;0;0;0;0;2;22;1;6;2;5;0;0;0;0
13.03.2025;02:22;A 11;1;0;0;0;0;0;0;0;0;0;0;0;0;0;0;0;0;0;0;0;0;0;0;0;0;0;0;0;0;0;0;0;0
13.03.2025;02:21;A 11;1;3;5;0;0;0;0;0;0;1;1;0;0;0;0;0;0;0;0;0;0;0;0;1;4;0;13;0;0;0;0;0;0
13.03.2025;02:20;A 11;1;1;9;0;0;0;0;0;0;0;0;0;0;0;0;1;1;0;0;0;0;0;0;1;9;1;4;0;0;0;0;0;0
13.03.2025;02:19;A 11;1;0;0;0;0;0;0;0;0;2;2;0;0;0;0;0;0;0;0;0;0;0;0;2;9;3;14;2;13;0;0;0;0
13.03.2025;02:18;A 11;1;1;9;0;0;0;0;0;0;0;0;0;0;0;0;0;0;0;0;0;0;0;0;0;0;1;11;1;12;0;0;0;0
13.03.2025;02:17;A 11;1;1;11;0;0;0;0;0;0;0;0;0;0;0;0;0;0;0;0;0;0;0;0;0;0;0;0;0;0;0;0;0;0
13.03.2025;02:16;A 11;1;0;0;2;14;0;0;0;0;0;0;0;0;0;0;0;0;0;0;0;0;0;0;0;0;0;0;0;0;0;0;0;0
13.03.2025;02:15;A 11;1;0;0;1;7;0;0;0;0;0;0;0;0;0;0;0;0;0;0;0;0;0;0;0;0;0;0;0;0;0;0;0;0
13.03.2025;02:14;A 11;1;0;0;0;0;0;0;1;1;0;0;0;0;0;0;0;0;0;0;0;0;0;0;1;7;0;0;0;0;0;0;0;0
13.03.2025;02:13;A 11;1;0;0;1;11;0;0;0;0;0;0;0;0;1;1;0;0;0;0;0;0;0;0;0;0;0;0;0;0;1;6;0;0
13.03.2025;02:12;A 11;1;0;0;0;0;0;0;0;0;1;1;0;0;0;0;0;0;0;0;0;0;0;0;0;0;1;9;1;9;0;0;0;0
13.03.2025;02:11;A 11;1;2;8;0;0;0;0;0;0;0;0;0;0;0;0;0;0;0;0;0;0;0;0;0;0;0;0;0;0;0;0;0;0
13.03.2025;02:10;A 11;1;4;26;0;0;1;2;1;2;1;1;0;0;0;0;1;12;0;0;0;0;0;0;4;13;1;8;3;5;0;0;1;11
13.03.2025;02:09;A 11;1;0;0;1;10;0;0;2;2;0;0;0;0;0;0;1;16;0;0;0;0;0;0;5;20;0;0;0;0;0;0;1;8
13.03.2025;02:08;A 11;1;3;10;0;0;0;0;0;0;0;0;0;0;0;0;0;0;0;0;0;0;0;0;0;0;0;0;0;0;0;0;0;0
13.03.2025;02:07;A 11;1;1;9;0;0;0;0;1;1;0;0;0;0;0;0;0;0;0;0;0;0;0;0;1;8;0;0;1;1;0;0;0;0
13.03.2025;02:06;A 11;1;0;0;0;0;0;0;1;3;0;0;0;0;1;12;1;7;0;0;0;0;0;0;1;15;0;0;0;0;1;9;1;5
13.03.2025;02:05;A 11;1;0;0;2;11;0;0;0;0;0;0;0;0;0;0;1;15;0;0;0;0;0;0;0;0;0;0;0;0;0;0;1;9
13.03.2025;02:04;A 11;1;0;0;1;11;0;0;0;0;0;0;0;0;0;0;0;0;0;0;0;0;0;0;0;0;0;0;0;0;0;0;0;0
13.03.2025;02:03;A 11;1;0;0;1;9;0;0;0;0;1;1;0;0;0;0;0;0;0;0;0;0;0;0;2;2;2;8;1;6;0;0;0;0
13.03.2025;02:02;A 11;1;0;0;0;0;0;0;0;0;0;0;0;0;0;0;0;0;0;0;0;0;0;0;0;0;0;0;0;0;0;0;0;0
13.03.2025;02:01;A 11;1;0;0;0;0;0;0;0;0;0;0;0;0;0;0;0;0;0;0;0;0;0;0;0;0;0;0;0;0;0;0;0;0
13.03.2025;02:00;A 11;1;3;6;0;0;0;0;0;0;0;0;0;0;0;0;0;0;0;0;0;0;0;0;0;0;0;0;0;0;0;0;0;0
13.03.2025;01:59;A 11;1;0;0;0;0;0;0;1;1;0;0;0;0;0;0;0;0;0;0;0;0;0;0;1;7;0;0;0;0;0;0;0;0
13.03.2025;01:58;A 11;1;0;0;0;0;0;0;0;0;0;0;0;0;0;0;0;0;0;0;0;0;0;0;0;0;0;0;0;0;0;0;0;0
13.03.2025;01:57;A 11;1;2;10;0;0;1;1;1;1;0;0;0;0;0;0;0;0;0;0;0;0;0;0;2;10;0;0;0;0;0;0;0;0
13.03.2025;01:56;A 11;1;0;0;0;0;0;0;0;0;1;1;0;0;0;0;0;0;0;0;0;0;0;0;0;0;1;9;1;8;1;9;3;8
13.03.2025;01:55;A 11;1;4;11;0;0;0;0;0;0;0;0;0;0;0;0;0;0;0;0;0;0;0;0;0;0;0;0;0;0;0;0;0;0
13.03.2025;01:54;A 11;1;1;5;0;0;0;0;1;1;1;1;0;0;0;0;0;0;0;0;0;0;0;0;2;13;1;6;1;2;0;0;0;0
13.03.2025;01:53;A 11;1;0;0;0;0;0;0;0;0;0;0;0;0;0;0;1;20;0;0;0;0;0;0;0;0;0;0;0;0;0;0;1;13
13.03.2025;01:52;A 11;1;0;0;0;0;0;0;0;0;1;1;0;0;0;0;0;0;0;0;0;0;0;0;3;4;1;6;1;5;0;0;0;0
13.03.2025;01:51;A 11;1;0;0;0;0;0;0;1;1;0;0;0;0;0;0;0;0;0;0;0;0;0;0;1;8;0;0;0;0;0;0;0;0
13.03.2025;01:50;A 11;1;1;11;1;10;1;1;0;0;1;1;0;0;1;1;1;1;0;0;0;0;0;0;1;7;1;9;1;6;2;4;2;34
13.03.2025;01:49;A 11;1;0;0;0;0;0;0;0;0;0;0;0;0;0;0;0;0;0;0;0;0;0;0;0;0;0;0;0;0;0;0;0;100
13.03.2025;01:48;A 11;1;0;0;0;0;0;0;1;1;0;0;0;0;0;0;0;0;0;0;0;0;0;0;2;11;0;0;0;0;0;0;0;100
13.03.2025;01:47;A 11;1;3;10;0;0;0;0;0;0;0;0;0;0;0;0;0;0;0;0;0;0;0;0;0;0;0;0;0;0;0;0;0;100
13.03.2025;01:46;A 11;1;0;0;0;0;0;0;1;1;2;1;0;0;0;0;0;0;0;0;0;0;0;0;2;4;4;10;0;0;0;0;0;100
13.03.2025;01:45;A 11;1;4;16;0;0;0;0;0;0;1;1;0;0;0;0;0;0;0;0;0;0;0;0;2;4;2;13;2;5;0;0;0;100
13.03.2025;01:44;A 11;1;1;23;0;0;0;0;0;0;1;1;0;0;0;0;0;0;0;0;0;0;0;0;2;3;1;6;2;5;0;0;0;100
13.03.2025;01:43;A 11;1;0;0;2;14;0;0;0;0;0;0;0;0;0;0;0;0;0;0;0;0;0;0;0;0;0;0;0;0;0;0;0;100
13.03.2025;01:42;A 11;1;0;0;0;0;0;0;0;0;1;1;0;0;0;0;0;0;0;0;0;0;0;0;1;4;2;12;1;10;0;0;0;100
13.03.2025;01:41;A 11;1;1;11;3;5;0;0;2;1;1;1;0;0;0;0;0;0;0;0;0;0;0;0;2;13;1;7;1;5;0;0;0;100
13.03.2025;01:40;A 11;1;0;0;0;0;0;0;2;2;1;1;0;0;0;0;0;0;0;0;0;0;0;0;3;21;1;10;1;8;0;0;0;100
13.03.2025;01:39;A 11;1;2;6;0;0;0;0;1;1;0;0;0;0;0;0;0;0;0;0;0;0;0;0;1;11;0;0;0;0;0;0;0;100
13.03.2025;01:38;A 11;1;2;11;0;0;0;0;0;0;0;0;0;0;0;0;0;0;0;0;0;0;0;0;0;0;0;0;0;0;0;0;0;100
13.03.2025;01:37;A 11;1;1;8;0;0;0;0;0;0;2;2;0;0;0;0;0;0;0;0;0;0;0;0;3;16;2;17;3;7;0;0;0;100
13.03.2025;01:36;A 11;1;0;0;0;0;0;0;1;2;1;1;0;0;0;0;0;0;0;0;0;0;0;0;2;11;1;5;1;4;0;0;0;100
13.03.2025;01:35;A 11;1;3;28;3;6;0;0;0;0;0;0;0;0;0;0;0;0;0;0;0;0;0;0;0;0;0;0;0;0;0;0;0;100
13.03.2025;01:34;A 11;1;0;0;0;0;1;0;0;0;0;0;0;0;0;0;0;0;0;0;0;0;0;0;0;0;0;0;0;0;0;0;0;100
13.03.2025;01:33;A 11;1;4;22;0;0;0;0;0;0;1;1;0;0;0;0;0;0;0;0;0;0;0;0;1;6;1;7;1;3;0;0;0;100
13.03.2025;01:32;A 11;1;4;10;0;0;0;0;0;0;1;1;0;0;0;0;0;0;0;0;0;0;0;0;1;5;2;13;1;11;0;0;0;100
13.03.2025;01:31;A 11;1;1;13;0;0;0;0;1;1;2;2;0;0;0;0;0;0;0;0;0;0;0;0;2;7;3;14;1;7;0;0;0;100
13.03.2025;01:30;A 11;1;1;11;0;0;0;0;1;1;1;0;0;0;0;0;0;0;0;0;0;0;0;0;1;9;0;0;0;0;0;0;0;100
13.03.2025;01:29;A 11;1;0;0;0;0;0;0;0;0;0;0;0;0;0;0;0;0;0;0;0;0;0;0;0;0;0;0;0;0;0;0;0;100
13.03.2025;01:28;A 11;1;0;0;1;9;0;0;0;0;2;3;0;0;0;0;0;0;0;0;0;0;0;0;2;6;1;11;1;15;0;0;0;100
13.03.2025;01:27;A 11;1;1;10;1;11;0;0;0;0;1;1;0;0;0;0;0;0;0;0;0;0;0;0;1;2;1;9;1;2;0;0;0;100
13.03.2025;01:26;A 11;1;0;2;0;0;0;0;0;0;2;3;0;0;0;0;0;0;0;0;0;0;0;0;1;11;5;28;2;19;0;0;0;100
13.03.2025;01:25;A 11;1;1;5;0;0;1;48;0;0;0;0;0;0;0;0;0;0;0;0;0;0;0;0;0;0;0;0;0;0;0;0;0;100
13.03.2025;01:24;A 11;1;0;0;0;0;0;0;1;3;1;3;0;0;0;0;0;0;0;0;0;0;0;0;3;19;2;15;1;18;0;0;0;100
13.03.2025;01:23;A 11;1;1;8;0;0;0;0;1;1;1;1;0;0;0;0;0;0;0;0;0;0;1;11;1;9;4;7;1;7;0;0;0;100
13.03.2025;01:22;A 11;1;1;15;2;17;0;0;0;0;0;0;0;0;0;0;1;1;1;2;0;0;0;0;0;0;0;0;0;0;0;0;2;97
13.03.2025;01:21;A 11;1;0;0;0;0;0;0;0;0;0;0;0;0;0;0;1;8;0;0;0;0;0;0;0;0;0;0;0;0;0;0;2;56
13.03.2025;01:20;A 11;1;3;10;0;0;0;0;2;2;0;0;0;0;1;9;0;0;0;0;0;0;0;0;3;19;0;0;1;1;0;1;0;0
13.03.2025;01:19;A 11;1;0;0;4;11;0;0;1;1;0;0;0;0;0;0;0;0;0;0;0;0;0;0;2;11;0;0;0;0;1;8;0;0
13.03.2025;01:18;A 11;1;0;0;0;0;0;0;0;0;1;1;0;0;0;0;0;0;0;0;0;0;0;0;0;7;0;8;0;6;0;0;0;0
13.03.2025;01:17;A 11;1;1;10;0;0;0;0;2;3;1;1;0;0;0;0;0;0;0;0;0;0;0;0;1;16;1;2;1;1;0;0;0;0
13.03.2025;01:16;A 11;1;0;0;0;0;0;0;0;0;2;2;0;0;0;0;0;0;0;0;0;0;0;0;4;10;2;13;2;10;0;0;0;0
13.03.2025;01:15;A 11;1;0;0;0;0;0;0;1;1;0;0;0;0;0;0;0;0;0;0;0;0;0;0;1;4;0;0;0;0;0;0;0;0
13.03.2025;01:14;A 11;1;0;0;0;0;0;0;1;1;0;0;0;0;0;0;0;0;0;0;0;0;0;0;2;6;0;0;0;0;0;0;0;0
13.03.2025;01:13;A 11;1;3;18;1;5;0;0;3;4;2;3;0;0;0;0;0;0;0;0;0;0;0;0;4;28;2;18;3;17;0;0;0;0
13.03.2025;01:12;A 11;1;0;0;3;13;0;0;0;0;0;0;0;0;0;0;0;0;0;0;0;0;0;0;0;0;0;0;0;0;0;0;0;0
13.03.2025;01:11;A 11;1;2;12;1;9;0;0;0;0;1;1;1;1;0;0;0;0;0;0;0;0;0;0;1;5;2;6;1;2;0;0;0;0
13.03.2025;01:10;A 11;1;0;0;2;9;0;0;1;1;1;1;0;0;0;0;0;0;0;0;0;0;0;0;4;15;1;8;1;7;0;0;0;0
13.03.2025;01:09;A 11;1;3;4;0;0;0;0;0;0;0;0;0;0;0;0;0;0;0;0;0;0;0;0;0;0;0;0;0;0;0;0;0;0
13.03.2025;01:08;A 11;1;0;0;0;0;0;0;0;0;0;0;0;0;0;0;0;0;0;0;0;0;0;0;0;0;0;0;0;0;0;0;0;0
13.03.2025;01:07;A 11;1;0;0;1;8;0;0;1;1;1;1;0;0;0;0;0;0;0;0;0;0;0;0;1;8;1;7;1;7;0;0;0;0
13.03.2025;01:06;A 11;1;1;14;0;0;0;0;0;0;1;1;0;0;0;0;0;0;0;0;0;0;0;0;1;7;1;7;1;7;0;0;0;0
13.03.2025;01:05;A 11;1;0;0;0;0;0;0;2;2;1;1;0;0;0;0;0;0;0;0;0;0;0;0;2;24;1;9;1;8;0;0;0;0
13.03.2025;01:04;A 11;1;0;0;0;0;0;0;0;0;1;1;0;0;0;0;0;0;0;0;0;0;0;0;1;7;3;8;1;8;0;0;0;0
13.03.2025;01:03;A 11;1;0;0;0;0;0;0;1;1;1;1;0;0;0;0;0;0;0;0;0;0;0;0;1;9;3;9;1;15;0;0;0;0
13.03.2025;01:02;A 11;1;3;14;0;0;0;0;1;1;1;1;0;0;0;0;0;0;0;0;0;0;0;0;2;17;1;7;1;2;0;0;0;0
13.03.2025;01:01;A 11;1;0;0;0;0;0;0;0;0;0;0;0;0;0;10;1;1;0;0;0;0;0;0;0;0;0;0;0;0;0;0;0;0
13.03.2025;01:00;A 11;1;0;0;0;0;0;0;0;0;1;1;0;0;1;25;0;0;0;0;0;0;0;0;1;6;1;7;1;5;1;8;1;6
