Datum;Uhrzeit;Bezeichnung;Intervall;D11Z;D11B;D12Z;D12B;D13Z;D13B;D14Z;D14B;D21Z;D21B;D22Z;D22B;D31Z;D31B;D32Z;D32B;D33Z;D33B;D41Z;D41B;D42Z;D42B;D57Z;D57B;A5_M1_460Z;A5_M1_460B;A57_M2_464Z;A57_M2_464B;T7_8Z;T7_8B;D43Z;D43B
26.10.2024;02:00;A 10;1;2;3;0;0;0;0;0;0;0;100;0;100;0;0;0;0;0;0;1;1;0;0;0;0;0;0;0;0;0;0;1;1
26.10.2024;01:59;A 10;1;0;0;0;0;0;0;0;0;0;100;0;100;1;0;2;4;1;2;0;0;0;0;0;0;0;0;0;0;0;0;0;0
26.10.2024;01:58;A 10;1;1;2;1;1;0;0;0;0;0;100;0;100;3;3;0;0;0;0;0;0;0;0;0;0;0;0;0;0;0;0;1;2
26.10.2024;01:57;A 10;1;0;0;0;0;0;0;0;0;0;100;0;100;0;0;1;1;1;2;0;0;0;0;0;0;1;2;0;0;0;0;1;2
26.10.2024;01:56;A 10;1;1;2;2;1;0;0;0;0;0;100;0;100;0;0;1;1;3;6;0;0;0;0;0;0;0;0;0;0;0;0;0;0
26.10.2024;01:55;A 10;1;0;0;0;0;0;0;0;0;0;100;0;100;0;0;1;1;3;7;2;22;0;0;1;2;0;0;0;0;0;0;0;0
26.10.2024;01:54;A 10;1;1;2;0;0;0;0;0;0;0;100;0;100;2;3;0;0;0;0;1;28;0;0;0;0;0;0;0;0;1;2;0;0
26.10.2024;01:53;A 10;1;0;0;1;0;1;1;0;0;0;100;0;100;0;0;1;1;0;0;0;0;0;0;0;0;0;0;0;0;0;0;1;1
26.10.2024;01:52;A 10;1;0;0;0;0;0;0;0;0;0;100;0;100;1;1;1;1;0;0;0;0;0;0;0;0;0;0;0;0;0;0;1;1
26.10.2024;01:51;A 10;1;0;0;0;0;0;0;0;0;0;100;0;100;0;0;0;0;0;0;1;1;0;0;0;0;0;0;0;0;0;0;3;5
26.10.2024;01:50;A 10;1;1;2;0;0;0;0;0;0;0;100;0;100;0;0;0;0;1;2;0;1;0;0;0;0;0;0;0;0;0;0;2;3
26.10.2024;01:49;A 10;1;0;0;0;0;0;0;0;0;0;100;0;100;0;0;0;0;0;0;1;63;0;0;0;0;0;0;0;0;0;0;2;3
26.10.2024;01:48;A 10;1;2;7;1;1;0;0;0;0;0;100;0;100;0;0;1;1;1;2;1;36;0;0;0;0;0;0;0;0;0;0;2;3
26.10.2024;01:47;A 10;1;0;0;2;3;0;1;0;0;0;100;0;100;0;0;0;0;1;2;0;0;0;0;0;0;0;0;0;0;0;0;0;0
26.10.2024;01:46;A 10;1;0;0;1;1;1;0;0;0;0;100;0;100;0;0;1;1;1;3;0;0;0;0;0;0;0;0;0;0;0;0;1;1
26.10.2024;01:45;A 10;1;1;1;1;2;0;0;0;0;0;100;0;100;1;0;0;0;1;2;0;0;0;35;0;0;0;0;0;0;0;0;0;0
26.10.2024;01:44;A 10;1;0;0;0;0;0;0;1;1;0;100;0;100;0;0;0;0;0;0;0;17;2;48;0;0;0;0;0;0;0;0;1;2
26.10.2024;01:43;A 10;1;1;3;0;0;0;0;0;0;0;100;0;100;0;0;0;0;4;11;1;52;1;54;0;0;0;0;0;0;0;0;1;1
26.10.2024;01:42;A 10;1;0;0;0;0;1;2;0;0;0;100;0;100;0;0;1;2;0;0;0;0;1;8;0;0;0;0;0;0;0;0;0;0
26.10.2024;01:41;A 10;1;0;0;1;1;0;0;0;0;0;100;0;100;1;0;2;2;1;1;0;0;0;0;0;0;0;0;0;0;0;0;1;1
26.10.2024;01:40;A 10;1;0;0;1;1;1;2;0;0;0;100;0;100;0;0;0;0;1;1;0;0;0;0;0;0;0;0;0;0;0;0;0;0
26.10.2024;01:39;A 10;1;0;0;1;1;0;0;0;0;0;100;0;100;1;7;1;7;1;3;1;56;0;0;0;0;0;0;0;0;0;0;0;0
26.10.2024;01:38;A 10;1;2;14;0;0;0;0;0;0;0;100;0;100;0;0;0;0;0;0;2;81;0;0;0;0;0;0;0;0;0;0;0;0
26.10.2024;01:37;A 10;1;1;2;0;0;0;0;0;0;0;100;0;100;0;0;0;0;0;0;0;17;0;0;0;0;0;0;0;0;0;0;0;0
26.10.2024;01:36;A 10;1;0;0;0;0;0;0;0;0;0;100;0;100;0;0;1;1;0;0;1;9;0;0;0;0;0;0;0;0;0;0;0;0
26.10.2024;01:35;A 10;1;0;0;0;0;0;0;0;0;0;100;0;100;0;0;0;0;0;0;0;0;0;0;0;0;0;0;0;0;0;0;3;4
26.10.2024;01:34;A 10;1;0;0;0;0;0;0;0;0;0;100;0;100;2;3;0;0;2;3;0;0;0;0;0;0;0;0;0;0;1;2;2;3
26.10.2024;01:33;A 10;1;0;0;0;0;1;2;0;0;0;100;0;100;0;0;0;0;0;0;0;0;0;0;0;0;0;0;0;0;0;0;1;1
26.10.2024;01:32;A 10;1;1;3;1;1;0;0;0;0;0;100;0;100;1;2;1;1;1;1;0;0;1;13;0;0;0;0;0;0;0;0;0;0
26.10.2024;01:31;A 10;1;2;5;0;0;0;0;0;0;0;100;0;100;0;0;2;2;1;2;1;2;1;1;0;0;0;0;0;0;0;0;1;2
26.10.2024;01:30;A 10;1;0;0;0;0;0;0;0;0;0;100;0;100;0;0;0;0;0;0;0;0;0;0;0;0;0;0;0;0;0;0;1;1
26.10.2024;01:29;A 10;1;0;0;1;1;0;0;0;0;0;100;0;100;0;0;1;1;1;2;0;0;0;0;0;0;0;0;0;0;0;0;2;2
26.10.2024;01:28;A 10;1;0;0;2;3;1;2;0;0;0;100;0;100;0;0;2;2;0;0;0;0;0;0;0;0;0;0;0;0;0;0;1;7
26.10.2024;01:27;A 10;1;1;2;0;0;0;0;0;0;0;100;0;100;0;0;1;2;1;2;0;0;0;0;0;0;0;0;0;0;0;0;0;0
26.10.2024;01:26;A 10;1;0;0;0;0;0;0;0;0;0;100;0;100;1;1;0;0;1;2;0;0;0;0;0;0;0;0;0;0;0;0;1;1
26.10.2024;01:25;A 10;1;1;1;1;2;2;3;0;0;0;100;0;100;0;0;1;2;2;4;0;0;0;0;0;0;1;2;0;0;0;0;1;1
26.10.2024;01:24;A 10;1;0;0;0;0;0;0;0;0;1;22;1;22;0;0;0;0;0;0;0;0;0;0;0;0;0;0;0;0;0;0;0;0
26.10.2024;01:23;A 10;1;1;1;0;0;0;0;0;0;0;100;0;100;0;0;0;0;1;3;0;18;0;0;0;0;0;0;0;0;0;0;1;2
26.10.2024;01:22;A 10;1;0;0;0;0;0;0;0;0;0;100;0;100;0;0;0;0;3;6;1;27;0;0;0;0;0;0;0;0;0;0;0;0
26.10.2024;01:21;A 10;1;1;1;2;2;0;0;0;0;0;100;0;100;1;1;1;1;3;6;0;0;0;0;0;0;0;0;0;0;0;0;2;2
26.10.2024;01:20;A 10;1;1;3;0;0;0;0;0;0;0;100;0;100;3;6;1;2;1;3;1;15;0;0;0;0;0;0;0;0;0;0;1;1
26.10.2024;01:19;A 10;1;1;1;2;2;0;0;0;0;0;100;0;100;0;0;0;0;0;0;0;0;0;0;0;0;0;0;0;0;0;0;0;0
26.10.2024;01:18;A 10;1;0;0;1;2;0;0;0;0;0;100;0;100;1;2;2;3;1;2;0;0;0;0;0;0;0;0;0;0;0;0;1;1
26.10.2024;01:17;A 10;1;0;0;2;2;0;0;0;0;0;100;0;100;2;2;1;1;0;0;1;11;1;23;0;0;0;0;0;0;0;0;1;2
26.10.2024;01:16;A 10;1;3;9;2;1;0;0;0;0;0;100;0;100;1;2;1;1;1;2;0;19;1;1;0;0;0;0;0;0;1;6;1;1
26.10.2024;01:15;A 10;1;1;1;1;1;0;0;0;0;0;100;0;100;0;0;1;1;0;0;1;48;0;0;0;0;0;0;0;0;1;1;0;0
26.10.2024;01:14;A 10;1;1;2;1;2;0;0;0;0;0;100;0;100;0;0;0;0;2;3;0;0;0;0;0;0;0;0;0;0;0;0;2;3
26.10.2024;01:13;A 10;1;1;2;0;0;0;0;0;0;0;100;0;100;0;0;0;0;1;2;0;0;0;0;0;2;0;0;1;2;0;0;3;4
26.10.2024;01:12;A 10;1;1;1;2;2;0;0;0;0;0;100;0;100;1;1;0;0;2;3;0;68;0;0;1;2;0;0;0;0;0;0;1;1
26.10.2024;01:11;A 10;1;1;1;0;0;0;0;0;0;0;100;0;100;0;0;1;2;0;0;1;32;0;0;0;0;0;0;0;0;0;0;3;5
26.10.2024;01:10;A 10;1;0;0;1;1;0;0;0;0;0;100;0;100;0;0;1;1;1;1;1;12;0;0;0;0;0;0;0;0;0;0;1;1
26.10.2024;01:09;A 10;1;1;2;2;2;0;0;0;0;0;100;0;100;1;1;1;2;0;0;1;4;0;0;0;0;0;0;0;0;0;0;2;3
26.10.2024;01:08;A 10;1;2;22;1;1;0;0;0;0;0;100;0;100;0;0;2;3;0;0;0;0;0;0;0;0;0;0;0;0;0;0;0;0
26.10.2024;01:07;A 10;1;1;1;1;1;1;1;0;0;0;100;0;100;0;0;0;0;2;4;0;0;0;0;0;0;0;0;0;0;0;0;0;0
26.10.2024;01:06;A 10;1;0;0;1;1;0;0;0;0;0;100;0;100;0;0;0;0;2;6;0;0;0;0;0;0;0;0;0;0;0;0;2;4
26.10.2024;01:05;A 10;1;1;1;0;0;0;0;0;0;0;100;0;100;0;0;1;1;0;0;0;0;1;53;0;0;0;0;0;1;0;0;3;3
26.10.2024;01:04;A 10;1;1;2;1;1;1;1;0;0;0;100;0;100;1;2;2;3;1;2;2;5;0;0;1;6;0;0;1;0;1;3;0;0
26.10.2024;01:03;A 10;1;1;2;0;0;0;0;0;0;0;100;0;100;1;2;0;0;0;0;1;2;0;0;0;0;0;0;0;0;0;0;4;5
26.10.2024;01:02;A 10;1;0;0;1;2;1;1;0;0;0;100;0;100;2;4;3;5;2;7;0;0;0;0;0;0;0;0;0;0;1;4;0;0
26.10.2024;01:01;A 10;1;0;0;1;2;0;0;0;0;0;100;0;100;0;0;0;0;0;0;0;1;0;0;0;0;0;0;0;0;0;0;1;1
26.10.2024;01:00;A 10;1;0;0;0;0;0;0;0;0;0;100;0;100;1;1;4;7;1;2;1;19;0;0;0;0;0;0;0;0;0;0;2;3
26.10.2024;00:59;A 10;1;1;2;2;2;0;0;0;0;0;100;0;100;1;2;1;1;0;0;1;3;0;0;0;0;0;0;0;0;0;0;1;2
26.10.2024;00:58;A 10;1;0;0;0;0;0;0;0;0;0;100;0;100;1;1;1;2;0;0;1;19;0;0;0;0;0;0;0;0;0;0;5;7
26.10.2024;00:57;A 10;1;1;2;2;4;0;0;0;0;0;100;0;100;0;0;2;2;3;9;0;0;0;0;0;0;1;2;0;0;1;1;1;2
26.10.2024;00:56;A 10;1;1;1;2;3;0;0;0;0;0;100;0;100;0;0;0;1;2;4;0;0;0;39;0;0;0;0;0;0;2;3;4;5
26.10.2024;00:55;A 10;1;1;3;1;1;2;2;0;0;0;100;0;100;1;1;2;2;0;0;0;0;1;51;0;0;0;0;0;0;0;0;0;0
26.10.2024;00:54;A 10;1;0;0;1;2;0;0;0;0;0;100;0;100;0;0;1;2;1;3;0;0;0;0;0;0;0;0;0;0;1;3;0;0
26.10.2024;00:53;A 10;1;0;0;1;1;1;1;0;0;0;100;0;100;3;6;1;1;1;2;0;0;0;0;0;0;0;0;0;0;3;9;3;5
26.10.2024;00:52;A 10;1;0;0;1;2;2;4;0;0;0;100;0;100;0;1;1;1;2;5;0;0;0;0;0;0;0;0;0;0;0;0;3;5
26.10.2024;00:51;A 10;1;0;0;1;1;0;0;0;0;0;100;0;100;1;0;3;4;3;5;3;62;0;68;0;0;0;0;0;0;0;0;1;1
26.10.2024;00:50;A 10;1;0;0;0;0;0;0;0;7;0;100;0;100;0;0;1;1;2;5;0;0;1;21;0;0;0;0;0;0;0;0;3;4
26.10.2024;00:49;A 10;1;0;0;0;0;1;1;1;9;0;100;0;100;1;2;0;0;3;9;0;34;0;0;0;0;0;0;0;0;0;0;1;2
26.10.2024;00:48;A 10;1;2;6;1;3;2;2;0;0;0;100;0;100;1;1;0;0;1;2;1;48;0;0;0;0;0;0;0;0;1;5;2;3
26.10.2024;00:47;A 10;1;1;2;3;4;1;1;0;0;0;100;0;100;1;2;2;3;3;6;0;4;0;0;0;0;0;0;0;0;0;0;0;0
26.10.2024;00:46;A 10;1;0;0;0;0;0;0;0;0;0;100;0;100;2;2;1;1;0;0;1;71;0;0;0;0;0;0;0;0;0;0;1;1
26.10.2024;00:45;A 10;1;0;0;0;0;0;0;0;0;0;100;0;100;1;1;4;4;2;2;0;0;0;0;0;0;0;0;0;0;0;0;0;0
26.10.2024;00:44;A 10;1;0;0;2;3;0;0;0;0;0;100;0;100;1;2;1;1;2;3;0;0;0;0;0;0;0;0;0;0;0;0;1;2
26.10.2024;00:43;A 10;1;1;2;1;1;0;0;0;0;0;100;0;100;0;0;3;5;3;6;0;0;0;0;0;0;0;0;0;0;0;0;4;5
26.10.2024;00:42;A 10;1;1;2;1;1;0;0;0;0;0;100;0;100;1;1;0;0;0;0;0;0;0;0;0;0;0;0;0;0;0;0;1;2
26.10.2024;00:41;A 10;1;2;7;2;2;0;0;0;0;0;100;0;100;0;0;1;1;1;2;0;0;0;0;0;0;0;0;0;0;0;0;0;0
26.10.2024;00:40;A 10;1;0;0;0;0;1;2;0;0;0;100;0;100;0;0;2;2;1;1;0;0;1;1;0;0;0;0;0;0;0;0;1;1
26.10.2024;00:39;A 10;1;0;0;0;0;0;0;0;0;0;100;0;100;2;4;2;4;2;5;2;41;0;0;0;0;0;0;0;0;0;0;2;2
26.10.2024;00:38;A 10;1;0;0;0;0;0;0;0;0;1;29;1;29;0;0;0;0;1;3;0;0;0;0;0;0;0;0;0;0;0;0;0;0
26.10.2024;00:37;A 10;1;0;0;3;4;0;0;0;0;0;100;0;100;0;0;0;0;0;0;0;0;0;0;0;0;0;0;0;0;0;0;2;2
26.10.2024;00:36;A 10;1;1;2;2;3;0;0;0;0;0;100;0;100;0;0;0;0;2;4;0;0;0;0;0;0;0;0;0;0;0;0;3;5
26.10.2024;00:35;A 10;1;1;2;3;4;1;1;0;0;0;100;0;100;0;0;0;0;0;0;0;0;0;0;0;0;0;0;0;0;0;0;1;1
26.10.2024;00:34;A 10;1;1;1;1;1;0;0;0;0;0;100;0;100;0;0;0;0;1;2;0;0;0;0;0;0;0;0;0;0;0;0;1;1
26.10.2024;00:33;A 10;1;0;0;4;8;0;0;0;0;0;100;0;100;2;2;1;1;0;0;0;4;0;0;0;0;0;0;0;0;0;0;0;0
26.10.2024;00:32;A 10;1;1;1;0;0;0;0;0;0;0;100;0;100;1;1;3;6;4;13;1;47;1;2;0;0;0;0;0;0;0;0;1;1
26.10.2024;00:31;A 10;1;1;2;5;10;1;2;0;0;0;100;0;100;1;1;0;0;3;8;0;0;0;0;0;0;0;0;0;0;0;0;2;3
26.10.2024;00:30;A 10;1;0;0;0;0;0;0;0;0;0;100;0;100;2;3;1;1;2;5;2;34;0;0;0;0;0;0;0;0;0;0;1;2
26.10.2024;00:29;A 10;1;0;0;1;1;1;2;0;0;0;100;0;100;0;0;0;0;1;2;1;6;1;1;0;0;1;2;0;0;0;0;0;0
26.10.2024;00:28;A 10;1;0;0;1;1;0;0;0;0;0;100;0;100;1;2;3;5;1;3;0;0;0;0;0;0;0;0;0;0;1;3;1;1
26.10.2024;00:27;A 10;1;1;2;2;3;1;1;0;0;0;100;0;100;1;1;0;0;2;5;0;0;0;0;0;0;0;0;0;0;0;0;2;3
26.10.2024;00:26;A 10;1;5;14;2;2;0;0;0;0;0;100;0;100;2;2;3;5;0;0;1;2;0;0;0;0;0;0;0;0;0;0;0;0
26.10.2024;00:25;A 10;1;1;2;1;2;0;0;0;0;0;100;0;100;0;0;2;4;1;2;0;0;0;0;0;0;0;0;0;0;1;6;2;3
26.10.2024;00:24;A 10;1;0;0;0;0;0;0;0;0;0;100;0;100;0;0;3;5;2;4;2;83;0;0;0;0;0;0;0;0;0;0;1;1
26.10.2024;00:23;A 10;1;0;0;0;0;1;1;0;0;0;100;0;100;1;2;1;2;3;7;1;20;0;0;0;0;0;0;0;0;1;1;0;0
26.10.2024;00:22;A 10;1;2;5;2;2;0;0;0;0;0;100;0;100;0;0;2;4;0;0;0;0;0;0;0;0;0;0;0;0;0;0;1;2
26.10.2024;00:21;A 10;1;0;0;3;6;1;1;0;0;0;100;0;100;1;1;1;1;0;0;0;0;0;0;0;0;0;0;0;0;1;2;1;1
26.10.2024;00:20;A 10;1;1;2;1;3;1;1;0;0;0;100;0;100;0;0;1;1;2;4;0;0;0;21;0;0;0;0;0;0;0;0;1;1
26.10.2024;00:19;A 10;1;2;3;2;1;1;2;0;0;0;100;0;100;0;0;3;6;0;0;0;0;1;5;0;0;0;0;0;0;0;0;1;2
26.10.2024;00:18;A 10;1;1;1;1;1;0;0;0;0;0;100;0;100;0;0;0;0;1;2;0;0;0;0;0;0;0;0;0;0;0;0;1;1
26.10.2024;00:17;A 10;1;3;7;2;2;0;0;0;0;0;100;0;100;0;0;3;3;0;0;1;63;0;0;0;0;0;0;0;0;0;0;0;0
26.10.2024;00:16;A 10;1;0;0;1;1;1;2;0;0;0;100;0;100;0;0;2;2;4;7;2;9;1;21;1;3;0;0;1;2;0;0;3;5
26.10.2024;00:15;A 10;1;0;0;3;5;3;4;0;0;0;100;0;100;3;6;1;1;2;5;0;0;1;1;0;0;0;0;0;0;0;0;2;4
26.10.2024;00:14;A 10;1;2;7;2;3;1;1;0;0;0;100;0;100;2;3;2;2;0;0;1;23;0;0;0;0;0;0;0;0;0;0;1;1
26.10.2024;00:13;A 10;1;4;9;3;4;1;1;0;0;0;100;0;100;0;0;1;1;1;2;0;0;1;0;0;0;0;0;0;0;0;0;3;4
26.10.2024;00:12;A 10;1;1;48;1;3;0;0;0;0;0;100;0;100;1;2;2;3;1;3;0;4;0;3;0;0;0;0;0;0;0;0;1;1
26.10.2024;00:11;A 10;1;2;2;3;3;2;3;0;0;0;100;0;100;1;1;1;2;4;9;1;0;1;59;0;0;0;0;0;0;0;0;3;4
26.10.2024;00:10;A 10;1;2;5;1;1;0;0;0;0;0;100;0;100;2;2;3;4;0;0;1;55;0;0;0;0;0;0;0;0;0;0;1;1
26.10.2024;00:09;A 10;1;0;0;2;3;0;0;0;0;0;100;0;100;2;2;1;1;4;11;0;0;0;66;0;0;0;0;0;0;0;0;1;2
26.10.2024;00:08;A 10;1;1;2;1;1;0;0;0;0;0;100;0;100;0;0;3;4;2;3;0;52;1;58;0;0;0;0;0;0;0;0;1;1
26.10.2024;00:07;A 10;1;1;2;1;1;0;0;0;0;0;100;0;100;1;2;1;1;3;6;2;42;1;25;0;0;0;0;0;0;0;0;3;6
26.10.2024;00:06;A 10;1;2;7;1;1;2;3;0;0;0;100;0;100;0;0;1;2;1;2;3;25;0;0;0;0;0;0;0;0;1;1;0;0
26.10.2024;00:05;A 10;1;1;0;3;5;1;1;0;0;0;100;0;100;2;4;1;1;2;3;1;6;0;0;0;0;0;0;1;2;0;0;1;1
26.10.2024;00:04;A 10;1;2;2;2;2;0;0;0;0;0;100;0;100;3;2;3;2;1;2;1;87;0;0;0;0;0;0;0;0;0;0;1;2
26.10.2024;00:03;A 10;1;0;0;1;2;0;0;0;0;0;100;0;100;0;0;2;3;1;49;0;0;1;9;0;0;0;0;0;0;0;0;2;3
26.10.2024;00:02;A 10;1;2;3;2;3;0;0;0;0;0;100;0;100;1;1;1;1;4;27;0;0;0;0;0;0;0;0;0;0;2;5;2;3
26.10.2024;00:01;A 10;1;1;1;1;2;3;5;0;0;0;100;0;100;0;0;1;1;2;6;1;11;0;0;0;0;0;0;0;0;0;0;2;3
26.10.2024;00:00;A 10;1;0;0;2;2;0;0;0;0;0;100;0;100;2;2;1;2;0;0;0;0;0;3;0;0;0;0;0;0;0;0;4;6
25.10.2024;23:59;A 10;1;2;2;3;6;0;0;0;0;0;100;0;100;0;0;2;3;1;2;0;0;1;5;0;0;0;0;0;0;0;0;2;3
25.10.2024;23:58;A 10;1;0;0;2;3;0;0;0;0;0;100;0;100;1;2;0;0;3;7;1;57;0;83;0;0;0;0;0;0;0;0;1;1
25.10.2024;23:57;A 10;1;0;0;1;1;0;0;0;0;0;100;0;100;1;2;1;1;1;2;0;68;1;14;0;0;0;0;0;0;0;0;1;0
25.10.2024;23:56;A 10;1;1;2;2;3;2;2;0;0;0;100;0;100;1;2;0;0;4;10;2;11;1;33;0;0;0;0;0;0;1;1;2;3
25.10.2024;23:55;A 10;1;2;8;3;5;1;2;0;0;0;100;0;100;4;7;2;4;3;7;2;1;0;0;0;0;1;2;0;0;0;62;3;4
25.10.2024;23:54;A 10;1;0;0;0;0;0;0;0;0;0;100;0;100;1;1;2;3;2;3;1;5;0;21;0;0;0;0;0;0;0;100;1;2
25.10.2024;23:53;A 10;1;0;0;1;1;2;2;0;0;0;100;0;100;0;0;2;2;3;6;0;0;1;51;0;0;0;0;0;0;0;100;1;1
25.10.2024;23:52;A 10;1;2;3;2;2;2;3;0;0;0;100;0;100;0;0;2;3;2;3;0;0;0;0;0;0;0;0;0;0;0;100;1;1
25.10.2024;23:51;A 10;1;0;0;1;1;1;1;0;0;0;100;0;100;3;2;3;8;1;5;1;82;0;0;0;0;0;0;0;0;0;100;1;1
25.10.2024;23:50;A 10;1;1;0;1;1;2;3;0;0;0;100;0;100;0;0;1;1;3;6;1;70;0;0;0;0;0;0;0;0;0;100;1;1
25.10.2024;23:49;A 10;1;2;3;1;2;0;0;0;0;0;100;0;100;1;1;1;3;1;2;2;66;0;0;0;0;0;0;0;0;0;100;1;1
25.10.2024;23:48;A 10;1;3;7;4;12;2;2;0;0;0;100;0;100;2;5;5;12;1;2;0;0;0;0;0;0;0;0;0;0;0;100;3;4
25.10.2024;23:47;A 10;1;0;0;1;2;0;0;0;0;0;100;0;100;0;0;2;3;2;5;3;19;0;0;0;0;0;0;0;0;0;100;0;0
25.10.2024;23:46;A 10;1;0;0;5;9;0;0;0;0;0;100;0;100;1;0;0;0;2;4;0;2;0;0;0;0;0;0;0;0;0;100;1;1
25.10.2024;23:45;A 10;1;4;10;4;5;2;3;1;27;0;100;0;100;1;1;0;0;2;5;1;11;1;1;0;0;0;0;0;0;0;100;2;3
25.10.2024;23:44;A 10;1;0;0;1;1;1;1;0;0;1;26;1;26;0;0;0;0;0;0;0;0;0;0;0;0;0;0;0;0;1;26;1;2
25.10.2024;23:43;A 10;1;0;0;3;5;2;3;0;0;0;100;0;100;3;2;2;2;0;0;1;72;0;0;0;0;0;0;0;0;1;73;2;7
25.10.2024;23:41;A 10;1;0;0;1;1;1;1;0;0;0;100;0;100;1;1;1;2;1;2;0;33;0;0;0;0;0;0;0;0;1;1;4;6
25.10.2024;23:40;A 10;1;1;2;1;1;0;0;0;0;0;100;0;100;1;1;2;3;2;6;1;25;0;0;0;0;0;0;0;0;1;1;0;0
25.10.2024;23:39;A 10;1;0;0;1;2;0;0;0;0;0;100;0;100;0;0;2;4;4;9;2;2;0;0;0;0;0;0;0;0;0;0;2;2
25.10.2024;23:38;A 10;1;2;2;3;18;1;1;0;0;0;100;0;100;2;3;2;3;0;0;0;0;0;0;1;53;0;0;0;0;0;0;0;0
25.10.2024;23:37;A 10;1;2;4;3;4;0;0;0;0;0;100;0;100;0;0;1;3;4;9;0;0;0;0;0;0;0;0;0;0;0;0;0;0
25.10.2024;23:36;A 10;1;0;0;0;0;0;0;0;23;0;100;0;100;0;0;3;6;3;9;1;70;1;65;0;0;0;0;0;0;0;0;5;8
25.10.2024;23:35;A 10;1;0;0;2;4;1;1;1;15;0;100;0;100;0;0;0;0;2;51;3;76;0;0;0;0;0;0;1;2;2;3;1;2
25.10.2024;23:34;A 10;1;2;4;0;0;0;0;0;0;0;100;0;100;4;4;2;2;3;56;1;82;0;0;0;0;0;0;0;0;0;0;1;2
25.10.2024;23:33;A 10;1;0;0;0;0;0;0;0;0;0;100;0;100;3;6;1;1;2;4;2;13;0;17;0;0;0;0;0;0;0;0;1;2
25.10.2024;23:32;A 10;1;1;1;1;1;1;1;0;0;0;100;0;100;2;4;2;3;1;2;0;5;1;19;0;0;0;0;0;0;0;0;3;4
25.10.2024;23:31;A 10;1;2;3;6;8;0;0;0;0;0;100;0;100;2;4;2;3;0;0;1;86;0;0;0;0;0;0;0;0;0;0;3;4
25.10.2024;23:30;A 10;1;0;0;1;2;0;0;0;0;0;100;0;100;2;3;3;3;2;4;1;74;1;4;0;0;0;0;0;0;0;0;1;1
25.10.2024;23:29;A 10;1;2;6;1;1;1;1;0;0;0;100;0;100;4;7;2;3;2;3;1;72;0;0;0;0;0;0;0;0;0;0;0;0
25.10.2024;23:28;A 10;1;1;3;2;3;0;0;0;0;0;100;0;100;1;2;1;3;0;22;1;12;0;0;0;0;0;0;0;0;0;0;1;1
25.10.2024;23:27;A 10;1;1;1;0;0;2;3;0;0;0;100;0;100;2;3;1;1;5;30;1;8;1;2;0;0;0;0;0;0;0;0;3;6
25.10.2024;23:26;A 10;1;2;4;2;3;0;0;0;0;0;100;0;100;2;3;2;2;2;6;1;1;1;1;0;0;0;0;0;0;0;0;0;0
25.10.2024;23:25;A 10;1;2;5;0;0;1;2;0;0;0;100;0;100;2;2;1;1;6;45;0;19;0;0;0;0;0;0;0;0;0;0;2;3
25.10.2024;23:24;A 10;1;0;0;2;2;0;0;0;0;0;100;0;100;1;1;3;5;2;5;1;33;0;0;0;0;1;2;0;0;0;0;0;0
25.10.2024;23:23;A 10;1;1;2;1;1;1;1;0;0;0;100;0;100;1;2;0;0;0;0;0;0;0;0;0;0;0;0;0;0;1;1;3;4
25.10.2024;23:22;A 10;1;0;0;0;0;1;1;0;0;0;100;0;100;1;1;1;1;4;9;2;13;0;0;0;0;0;0;0;0;0;0;2;2
25.10.2024;23:21;A 10;1;2;3;3;2;2;2;0;0;0;100;0;100;2;3;1;2;1;2;3;11;0;53;0;0;0;0;0;0;1;1;4;5
25.10.2024;23:20;A 10;1;0;0;4;7;0;0;0;0;0;100;0;100;0;0;1;1;0;0;0;36;3;19;0;0;0;0;0;0;1;3;1;2
25.10.2024;23:19;A 10;1;1;2;2;4;1;1;0;0;0;100;0;100;1;1;2;3;1;2;1;46;0;18;0;0;0;0;0;0;0;0;2;3
25.10.2024;23:18;A 10;1;0;0;1;1;1;2;0;0;0;100;0;100;2;5;1;1;1;2;2;32;1;45;0;0;0;0;0;0;0;0;0;0
25.10.2024;23:17;A 10;1;2;5;1;1;1;2;0;30;0;100;0;100;2;4;1;2;1;5;1;57;1;6;0;0;0;0;0;0;0;0;2;3
25.10.2024;23:16;A 10;1;1;2;1;1;1;1;1;20;0;100;0;100;0;0;0;0;4;38;0;84;0;0;0;0;0;0;0;0;0;0;2;3
25.10.2024;23:15;A 10;1;0;0;3;4;0;0;0;0;0;100;0;100;8;9;5;8;0;0;1;68;0;0;0;0;0;0;0;0;0;0;6;7
25.10.2024;23:14;A 10;1;1;1;1;2;1;2;0;0;0;100;0;100;2;2;0;0;1;2;1;80;1;1;1;48;0;0;0;0;0;0;2;3
25.10.2024;23:13;A 10;1;0;0;1;1;0;0;0;0;0;100;0;100;2;2;5;6;0;0;3;52;1;39;2;36;0;0;0;0;1;2;1;2
25.10.2024;23:12;A 10;1;2;4;1;1;1;2;0;0;0;100;0;100;0;0;1;1;2;3;3;30;1;30;1;1;0;0;0;0;1;2;2;3
25.10.2024;23:11;A 10;1;0;0;2;4;0;0;0;0;0;100;0;100;3;6;3;11;6;83;2;10;0;0;0;0;0;0;0;0;2;3;1;1
25.10.2024;23:10;A 10;1;0;0;2;2;1;1;0;0;0;100;0;100;4;6;1;2;2;7;1;74;0;0;0;0;0;0;0;0;1;1;1;2
25.10.2024;23:09;A 10;1;1;2;1;2;0;0;0;0;0;100;0;100;1;2;1;1;1;4;1;2;0;0;0;0;0;0;0;0;1;1;3;5
25.10.2024;23:08;A 10;1;1;2;0;0;0;0;0;0;0;100;0;100;0;0;2;3;3;6;2;66;1;5;0;0;0;0;0;0;1;1;1;2
25.10.2024;23:07;A 10;1;2;7;1;2;0;0;0;0;0;100;0;100;5;5;5;6;1;2;2;19;1;14;0;0;0;0;0;0;0;0;3;4
25.10.2024;23:06;A 10;1;1;1;1;1;0;0;0;0;1;74;1;74;1;2;0;0;0;0;2;11;1;6;1;8;0;0;1;2;0;0;0;0
25.10.2024;23:04;A 10;1;1;2;1;1;0;0;0;0;0;100;0;100;2;2;0;0;2;3;1;3;1;2;0;0;0;0;0;0;0;0;4;6
25.10.2024;23:03;A 10;1;0;0;1;1;1;1;0;0;0;100;0;100;1;1;0;0;3;7;1;99;1;89;0;0;0;0;0;0;0;0;0;0
25.10.2024;23:02;A 10;1;0;0;1;1;1;1;0;0;1;24;1;24;1;1;1;2;0;0;0;0;0;0;0;0;0;0;0;0;0;0;2;3
25.10.2024;23:01;A 10;1;0;0;0;1;0;0;0;0;0;100;0;100;3;4;0;0;2;5;1;3;0;0;0;0;0;0;0;0;0;0;2;3
25.10.2024;23:00;A 10;1;2;3;3;4;0;0;0;0;0;100;0;100;1;2;2;3;3;6;0;0;0;0;0;0;0;0;0;0;0;0;1;1
25.10.2024;22:59;A 10;1;1;2;0;0;0;0;0;0;0;100;0;100;0;0;0;0;2;5;0;0;0;0;0;0;0;0;0;0;0;0;2;3
25.10.2024;22:58;A 10;1;1;2;0;0;2;3;0;2;0;100;0;100;1;2;1;2;2;4;0;46;0;0;0;0;0;0;0;0;0;0;1;1
25.10.2024;22:57;A 10;1;0;0;0;0;2;5;1;2;0;100;0;100;0;0;1;2;3;7;2;13;0;0;0;0;1;2;0;0;1;2;2;3
25.10.2024;22:56;A 10;1;0;0;0;0;1;1;0;0;0;100;0;100;1;1;1;1;6;38;0;0;1;1;0;0;0;0;0;0;0;0;2;3
25.10.2024;22:55;A 10;1;1;2;1;1;0;0;0;0;0;100;0;100;0;0;0;0;0;0;1;7;1;1;0;0;0;0;0;0;0;0;4;7
25.10.2024;22:54;A 10;1;3;6;1;1;0;0;1;1;1;96;1;95;1;1;1;1;3;5;2;25;1;3;0;0;0;0;0;0;1;3;1;1
25.10.2024;22:52;A 10;1;3;6;2;3;1;1;1;29;0;100;0;100;0;0;1;1;4;32;3;54;1;61;0;0;0;0;0;0;1;2;12;27
25.10.2024;22:51;A 10;1;0;0;1;1;0;0;0;0;1;7;1;7;0;0;0;0;0;0;0;0;1;7;0;0;0;0;0;0;0;0;0;0
25.10.2024;22:50;A 10;1;0;0;2;6;1;2;0;0;0;100;0;100;2;3;2;2;5;55;2;31;0;0;0;0;0;0;0;0;0;0;2;3
25.10.2024;22:49;A 10;1;2;3;3;9;1;2;0;0;1;57;1;57;0;0;1;0;1;1;0;0;0;0;0;0;0;0;0;0;1;2;2;3
25.10.2024;22:47;A 10;1;1;1;3;3;1;1;0;0;0;100;0;100;1;0;3;4;1;2;3;51;0;0;0;0;0;0;0;0;0;0;3;4
25.10.2024;22:46;A 10;1;1;2;3;4;0;0;0;0;0;100;0;100;1;1;2;3;4;7;2;46;1;33;0;0;0;0;0;0;1;7;2;4
25.10.2024;22:45;A 10;1;1;2;0;0;0;0;0;0;0;100;0;100;2;3;0;0;2;3;0;36;0;36;0;0;0;0;0;0;1;3;2;2
25.10.2024;22:44;A 10;1;1;3;1;1;1;3;0;0;0;100;0;100;1;1;1;2;3;10;1;13;1;13;0;0;0;0;0;0;0;0;1;1
25.10.2024;22:43;A 10;1;0;0;2;3;1;1;0;0;0;100;0;100;1;1;1;1;2;5;1;1;0;1;1;2;0;0;0;0;0;73;0;0
25.10.2024;22:42;A 10;1;1;2;3;5;0;0;0;0;0;100;0;100;1;2;2;3;1;2;0;0;1;46;1;3;0;0;0;0;0;100;1;1
25.10.2024;22:41;A 10;1;3;6;2;3;2;3;0;0;0;100;0;100;2;2;2;1;3;5;0;0;0;0;0;0;0;0;0;0;0;100;1;1
25.10.2024;22:40;A 10;1;2;4;1;1;0;0;0;0;0;100;0;100;1;1;1;1;1;1;4;42;0;0;0;0;0;0;0;0;1;45;4;7
25.10.2024;22:39;A 10;1;1;2;0;0;0;0;0;0;0;100;0;100;1;1;1;4;1;2;0;0;0;0;0;0;0;0;0;0;0;0;2;3
25.10.2024;22:38;A 10;1;2;6;3;4;1;1;0;0;0;100;0;100;1;2;2;2;0;1;2;39;0;0;0;0;0;0;0;0;0;0;1;2
25.10.2024;22:37;A 10;1;4;20;4;8;2;4;0;0;0;100;0;100;2;4;2;3;2;3;2;31;0;0;0;0;0;0;0;0;0;0;3;4
25.10.2024;22:36;A 10;1;1;3;0;0;0;0;0;0;0;100;0;100;1;3;4;9;4;7;2;4;1;1;0;0;0;0;0;0;0;0;2;3
25.10.2024;22:35;A 10;1;0;0;2;3;0;0;0;56;0;100;0;100;3;21;5;6;2;3;1;77;0;0;0;0;0;0;0;0;3;6;2;3
25.10.2024;22:34;A 10;1;0;0;0;0;1;1;1;34;0;100;0;100;4;6;0;0;0;0;1;6;0;0;1;1;0;0;1;2;0;0;2;4
25.10.2024;22:33;A 10;1;3;6;0;0;1;1;0;0;0;100;0;100;0;0;1;1;2;4;1;2;0;0;0;0;0;0;0;0;1;1;1;1
25.10.2024;22:32;A 10;1;1;2;2;3;1;2;1;1;0;100;0;100;2;2;2;3;0;0;0;53;1;54;0;0;0;0;0;0;1;2;2;3
25.10.2024;22:31;A 10;1;3;29;1;2;0;0;0;0;0;100;0;100;1;1;2;3;2;4;2;24;1;70;0;0;0;0;0;0;0;0;3;4
25.10.2024;22:30;A 10;1;1;2;1;2;0;0;0;0;0;100;0;100;1;1;3;4;4;12;0;17;1;45;0;0;0;0;0;0;0;0;0;0
25.10.2024;22:29;A 10;1;3;27;2;3;0;0;0;0;0;100;0;100;1;1;1;1;2;5;2;26;1;1;0;3;0;0;0;0;0;0;12;12
25.10.2024;22:28;A 10;1;2;4;0;0;2;3;0;0;0;100;0;100;4;7;4;10;2;7;1;35;0;0;1;60;0;0;0;0;1;1;0;0
25.10.2024;22:27;A 10;1;0;1;2;3;1;1;0;0;0;100;0;100;5;8;5;6;3;5;3;80;0;0;0;0;0;0;0;0;0;0;7;10
25.10.2024;22:26;A 10;1;2;3;3;5;0;0;0;0;0;100;0;100;2;3;3;4;2;12;0;69;0;0;0;0;0;0;0;0;0;0;0;0
25.10.2024;22:25;A 10;1;2;3;2;1;0;0;0;0;0;100;0;100;1;2;0;0;1;2;3;76;0;0;0;0;0;0;0;0;0;0;1;1
25.10.2024;22:24;A 10;1;0;0;1;1;1;1;1;1;0;100;0;100;1;2;1;1;0;0;3;66;1;47;0;0;0;0;0;0;1;1;2;3
25.10.2024;22:23;A 10;1;2;4;2;3;1;2;0;0;0;100;0;100;2;3;1;2;2;6;1;41;1;28;0;0;1;2;0;0;0;0;3;4
25.10.2024;22:22;A 10;1;1;2;0;0;0;0;0;0;0;100;0;100;2;3;1;1;4;9;0;6;0;8;0;0;0;0;0;0;0;0;1;2
25.10.2024;22:21;A 10;1;1;2;2;3;2;3;0;0;0;100;0;100;2;3;4;5;2;6;1;24;1;1;0;0;0;0;0;0;0;0;3;4
25.10.2024;22:20;A 10;1;2;3;4;5;2;3;0;0;0;100;0;100;0;0;2;4;1;2;1;81;2;86;0;0;0;0;0;0;1;2;5;18
25.10.2024;22:19;A 10;1;5;34;2;2;4;7;0;0;0;100;0;100;1;1;0;0;4;11;0;0;0;0;0;0;0;0;0;0;2;4;2;3
25.10.2024;22:18;A 10;1;1;2;1;3;2;2;0;0;0;100;0;100;2;3;1;1;4;7;1;3;1;10;0;0;0;0;0;0;0;0;1;2
25.10.2024;22:17;A 10;1;1;1;4;6;2;3;0;0;0;100;0;100;3;5;1;1;0;0;2;30;0;0;0;0;0;0;0;0;1;1;1;4
25.10.2024;22:16;A 10;1;2;4;3;5;1;3;0;0;0;100;0;100;2;5;1;1;1;2;0;0;0;0;0;0;0;0;0;0;0;0;4;5
25.10.2024;22:15;A 10;1;0;0;2;3;0;0;0;0;0;100;0;100;2;3;3;4;0;0;2;6;0;2;0;0;0;0;0;0;0;0;3;4
25.10.2024;22:14;A 10;1;1;2;2;2;0;0;0;0;0;100;0;100;3;6;2;7;1;2;0;0;1;98;0;0;0;0;0;0;1;3;2;2
25.10.2024;22:13;A 10;1;1;2;2;3;0;0;0;0;0;100;0;100;3;4;3;6;3;8;1;38;0;0;0;0;0;0;0;0;0;0;5;8
25.10.2024;22:12;A 10;1;0;0;0;0;0;0;1;1;0;100;0;100;1;2;4;7;3;34;2;71;2;2;1;4;0;0;1;2;0;0;4;5
25.10.2024;22:11;A 10;1;2;3;1;2;1;2;0;0;0;100;0;100;3;5;2;3;4;15;2;69;0;0;0;0;0;0;0;0;1;1;2;4
25.10.2024;22:10;A 10;1;1;2;1;2;0;0;0;0;0;100;0;100;1;1;3;4;1;2;1;26;0;0;0;0;0;0;0;0;0;0;2;3
25.10.2024;22:09;A 10;1;0;0;2;4;2;3;0;0;0;100;0;100;1;2;0;0;2;4;0;0;0;0;0;0;0;0;0;0;0;0;3;4
25.10.2024;22:08;A 10;1;2;5;1;2;1;1;1;1;0;100;0;100;0;0;1;1;0;0;0;3;1;1;0;0;0;0;0;0;0;0;3;6
25.10.2024;22:07;A 10;1;1;1;1;1;1;1;1;6;0;100;0;100;1;1;1;1;0;0;1;51;0;0;0;0;0;0;0;0;0;0;1;1
25.10.2024;22:06;A 10;1;1;2;0;0;1;1;0;0;0;100;0;100;0;0;4;6;2;4;1;1;2;12;0;0;0;0;0;0;1;1;0;0
25.10.2024;22:05;A 10;1;0;0;2;4;1;1;0;0;0;100;0;100;2;3;2;2;1;2;2;7;1;1;0;0;0;0;0;0;1;2;8;12
25.10.2024;22:04;A 10;1;1;2;0;0;0;0;0;0;0;100;0;100;0;0;0;0;2;4;3;7;1;1;0;0;0;0;0;0;0;0;4;7
25.10.2024;22:03;A 10;1;0;0;1;3;3;5;0;0;0;100;0;100;1;1;4;37;2;5;3;40;0;0;0;0;0;0;0;0;0;0;1;1
25.10.2024;22:02;A 10;1;4;13;1;1;1;1;1;2;0;100;0;100;0;0;4;6;0;0;2;30;1;15;0;0;0;0;0;0;3;5;7;10
25.10.2024;22:01;A 10;1;3;12;2;6;1;5;0;0;0;100;0;100;3;6;3;5;4;53;2;22;1;1;0;0;0;0;0;0;0;0;2;3
25.10.2024;22:00;A 10;1;0;0;5;6;6;8;0;0;0;100;0;100;2;3;3;3;2;3;1;14;2;3;0;0;0;0;0;0;0;0;2;4
25.10.2024;21:59;A 10;1;0;0;2;3;0;0;0;0;0;100;0;100;0;0;2;4;4;39;3;42;0;15;0;0;1;2;0;0;1;2;3;5
25.10.2024;21:58;A 10;1;1;2;2;3;1;0;0;0;0;100;0;100;1;1;1;1;4;10;0;0;1;79;0;0;0;0;0;0;1;1;5;7
25.10.2024;21:57;A 10;1;2;3;1;1;1;2;0;0;0;100;0;100;0;0;2;3;0;0;0;54;0;0;0;0;1;1;0;0;0;0;2;4
25.10.2024;21:56;A 10;1;1;2;3;7;1;1;0;0;0;100;0;100;3;5;1;1;1;2;3;5;0;0;0;0;0;0;0;0;0;0;4;5
25.10.2024;21:55;A 10;1;3;6;2;2;1;2;0;0;0;100;0;100;2;2;1;1;1;2;1;21;0;17;0;0;0;0;0;0;1;2;2;3
25.10.2024;21:54;A 10;1;0;0;2;6;0;0;0;0;0;100;0;100;0;0;1;1;2;10;1;29;1;20;0;0;0;0;0;0;1;1;1;1
25.10.2024;21:53;A 10;1;2;2;3;3;1;1;0;0;0;100;0;100;1;1;1;1;2;3;1;78;1;45;0;0;0;0;0;0;1;2;1;2
25.10.2024;21:52;A 10;1;3;4;2;2;1;1;0;0;0;100;0;100;3;6;1;1;0;43;3;89;1;83;0;0;0;0;0;0;0;0;1;1
25.10.2024;21:51;A 10;1;2;3;2;3;0;0;0;0;0;100;0;100;2;4;2;3;5;26;2;66;1;53;0;0;0;0;0;0;1;1;2;3
25.10.2024;21:50;A 10;1;2;4;2;3;1;1;0;0;0;100;0;100;3;5;1;1;3;7;2;57;0;51;0;0;0;0;0;0;1;2;1;1
25.10.2024;21:49;A 10;1;0;0;2;3;1;3;0;0;0;100;0;100;2;3;0;0;1;2;5;25;1;44;0;0;0;0;0;0;0;0;3;5
25.10.2024;21:48;A 10;1;1;2;1;1;1;1;0;0;0;100;0;100;1;1;1;1;3;8;0;19;1;41;0;0;0;0;0;0;0;0;1;1
25.10.2024;21:47;A 10;1;1;1;0;0;0;0;1;1;0;100;0;100;1;3;1;2;2;19;1;4;2;8;0;0;0;0;0;0;1;22;2;3
25.10.2024;21:46;A 10;1;1;1;2;3;1;3;0;0;0;100;0;100;2;3;2;2;4;9;1;56;1;53;0;0;0;0;0;0;0;0;6;10
25.10.2024;21:45;A 10;1;1;3;4;25;0;0;0;0;0;100;0;100;1;1;1;1;1;2;2;83;1;71;0;0;0;0;0;0;0;0;5;8
25.10.2024;21:44;A 10;1;1;2;6;10;1;1;1;1;0;100;0;100;0;0;1;3;4;8;1;39;1;73;0;0;0;0;0;0;0;0;4;5
25.10.2024;21:43;A 10;1;2;6;1;1;1;2;0;0;0;100;0;100;3;4;4;6;0;0;0;0;2;27;0;0;0;0;0;0;2;2;3;6
25.10.2024;21:42;A 10;1;4;35;1;1;1;1;1;4;0;100;0;100;2;4;0;0;3;13;1;38;1;35;0;0;0;0;0;0;0;0;2;2
25.10.2024;21:41;A 10;1;1;1;1;2;0;0;0;0;0;100;0;100;2;3;1;1;0;0;1;79;1;10;0;0;0;0;0;0;0;0;1;1
25.10.2024;21:40;A 10;1;1;1;1;1;0;0;0;0;0;100;0;100;2;3;1;1;1;2;1;9;0;6;0;0;0;0;0;0;0;0;4;6
25.10.2024;21:39;A 10;1;1;2;2;3;0;0;0;0;0;100;0;100;3;6;1;1;3;6;1;8;1;74;0;0;0;0;0;0;0;0;5;8
25.10.2024;21:38;A 10;1;1;1;1;1;1;2;1;3;0;100;0;100;2;2;5;12;3;5;2;54;0;0;1;5;0;0;1;2;2;10;3;5
25.10.2024;21:37;A 10;1;1;2;1;2;0;0;0;0;0;100;0;100;4;6;4;6;0;0;5;49;1;8;0;0;0;0;0;0;0;0;4;6
25.10.2024;21:36;A 10;1;0;0;2;3;0;0;0;0;0;100;0;100;1;1;0;0;0;0;3;4;0;0;0;0;0;0;0;0;2;4;2;3
25.10.2024;21:35;A 10;1;2;3;1;1;2;3;0;0;0;100;0;100;1;1;2;2;3;8;0;0;0;0;0;0;0;0;0;0;1;1;1;1
25.10.2024;21:34;A 10;1;2;3;1;1;0;0;0;0;0;100;0;100;1;1;1;1;3;5;0;20;1;2;0;0;0;0;0;0;0;0;3;4
25.10.2024;21:33;A 10;1;1;2;4;6;1;2;0;0;0;100;0;100;2;4;2;4;3;7;3;26;2;5;0;0;0;0;0;0;2;2;6;14
25.10.2024;21:32;A 10;1;2;4;2;2;1;1;0;0;0;100;0;100;3;4;2;4;1;3;1;89;0;0;0;0;0;0;0;0;0;0;3;4
25.10.2024;21:31;A 10;1;3;6;1;1;0;0;0;0;0;100;0;100;2;2;2;2;3;6;1;9;0;0;0;0;0;0;0;0;0;0;3;4
25.10.2024;21:30;A 10;1;0;0;1;1;3;3;1;1;0;100;0;100;1;1;0;0;0;0;4;78;0;0;0;0;0;0;0;0;2;3;4;5
25.10.2024;21:29;A 10;1;2;3;0;0;0;0;0;0;0;100;0;100;2;2;2;2;1;1;3;79;1;1;0;0;0;0;0;0;0;1;5;8
25.10.2024;21:28;A 10;1;1;2;3;6;0;0;0;0;0;100;0;100;0;0;3;3;3;7;3;70;1;43;0;0;0;0;0;0;2;3;5;8
25.10.2024;21:27;A 10;1;1;2;3;5;3;4;0;0;0;100;0;100;2;2;3;4;3;6;2;81;2;65;0;0;0;0;0;0;0;0;6;9
25.10.2024;21:26;A 10;1;4;28;1;2;0;0;0;0;0;100;0;100;2;3;0;0;0;0;1;27;1;80;0;0;0;0;0;0;1;1;1;1
25.10.2024;21:25;A 10;1;1;2;1;1;3;3;2;52;0;100;0;100;1;1;0;0;1;3;1;57;0;0;0;0;0;0;0;0;0;0;1;2
25.10.2024;21:24;A 10;1;3;13;2;3;2;3;0;0;0;100;0;100;2;3;2;3;1;2;3;84;1;3;0;0;1;2;0;0;0;0;4;5
25.10.2024;21:23;A 10;1;1;2;1;1;1;1;0;0;0;100;0;100;3;4;3;4;6;12;2;4;0;0;0;0;0;0;0;0;0;0;5;9
25.10.2024;21:22;A 10;1;0;0;2;3;1;2;1;1;0;100;0;100;1;2;2;2;1;2;1;55;0;52;1;1;0;0;0;0;1;2;2;4
25.10.2024;21:21;A 10;1;4;4;2;3;3;5;1;1;0;100;0;100;1;2;1;3;0;0;3;70;1;56;0;0;0;0;0;0;1;1;0;0
25.10.2024;21:20;A 10;1;0;0;2;3;2;3;0;0;0;100;0;100;2;2;4;6;3;7;2;18;1;26;0;0;0;0;0;0;2;4;3;5
25.10.2024;21:19;A 10;1;2;4;4;7;6;7;1;1;0;100;0;100;3;5;2;2;1;2;1;1;0;1;0;0;0;0;0;0;1;1;7;11
25.10.2024;21:18;A 10;1;3;3;3;3;1;1;0;0;0;100;0;100;0;0;0;0;1;2;1;66;1;1;0;0;0;0;0;0;1;4;3;5
25.10.2024;21:17;A 10;1;2;5;2;2;0;0;0;0;0;100;0;100;2;3;3;4;4;9;1;1;2;3;0;0;0;0;0;0;1;1;0;0
25.10.2024;21:16;A 10;1;3;5;1;1;0;0;0;19;0;100;0;100;1;1;3;3;5;10;0;0;1;1;1;3;0;0;1;2;2;5;0;0
25.10.2024;21:15;A 10;1;3;4;4;6;0;0;1;61;0;100;0;100;0;0;0;0;0;0;2;44;1;21;0;0;0;0;0;0;0;0;2;3
25.10.2024;21:14;A 10;1;0;0;2;3;1;2;0;0;0;100;0;100;1;1;2;3;3;8;3;6;0;36;0;0;0;0;0;0;0;86;3;4
25.10.2024;21:13;A 10;1;3;5;3;5;0;0;0;0;0;100;0;100;1;2;2;3;1;2;4;25;1;20;0;0;0;0;0;0;1;59;4;5
25.10.2024;21:12;A 10;1;4;31;1;1;1;1;0;0;0;100;0;100;2;3;2;2;1;2;3;54;1;10;0;0;0;0;0;0;0;0;3;4
25.10.2024;21:11;A 10;1;0;0;1;1;1;1;0;0;0;100;0;100;2;3;1;2;2;5;1;71;1;50;0;0;0;0;0;0;1;2;2;3
25.10.2024;21:10;A 10;1;2;3;1;2;1;1;0;0;0;100;0;100;1;1;2;4;2;4;2;64;1;2;0;0;0;0;0;0;1;2;3;5
25.10.2024;21:09;A 10;1;0;0;0;0;0;0;0;0;0;100;0;100;3;3;3;4;3;6;2;61;2;55;0;0;0;0;0;0;0;0;8;12
25.10.2024;21:08;A 10;1;5;53;1;1;0;0;2;1;0;100;0;100;1;5;0;0;1;1;2;52;1;26;0;0;0;0;1;2;1;3;1;1
25.10.2024;21:07;A 10;1;2;6;0;0;0;0;0;0;0;100;0;100;4;7;1;2;1;3;3;39;5;41;0;0;0;0;0;0;2;5;3;5
25.10.2024;21:06;A 10;1;2;6;2;4;1;2;0;0;0;100;0;100;3;5;3;6;3;8;1;54;0;19;0;0;0;0;0;0;2;3;2;2
25.10.2024;21:05;A 10;1;2;6;1;2;0;0;0;0;0;100;0;100;1;0;1;1;0;0;1;2;1;80;0;0;0;0;0;0;2;3;4;6
25.10.2024;21:04;A 10;1;3;6;2;4;1;2;0;0;0;100;0;100;0;0;1;1;2;7;1;77;0;0;0;0;0;0;0;0;1;1;5;6
25.10.2024;21:03;A 10;1;0;96;3;5;1;2;0;0;0;100;0;100;1;0;2;3;4;35;2;88;0;85;0;0;0;0;0;0;1;2;9;25
25.10.2024;21:02;A 10;1;7;25;2;3;0;0;0;0;0;100;0;100;3;5;0;0;7;17;1;2;1;1;0;0;0;0;0;0;1;1;0;0
25.10.2024;21:01;A 10;1;0;0;0;0;1;2;0;0;0;100;0;100;1;1;1;1;1;2;3;56;0;64;0;0;0;0;0;0;0;0;3;5
25.10.2024;21:00;A 10;1;1;1;1;2;1;2;0;0;0;100;0;100;0;0;3;4;0;0;2;32;2;38;0;0;0;0;0;0;1;3;5;8
25.10.2024;20:59;A 10;1;7;46;1;1;0;0;0;0;0;100;0;100;2;3;2;4;2;5;3;59;1;8;0;0;1;2;0;0;0;0;5;8
25.10.2024;20:58;A 10;1;1;2;2;1;0;0;0;0;0;100;0;100;1;1;3;4;5;10;2;32;1;10;0;0;0;0;0;0;1;2;0;0
25.10.2024;20:57;A 10;1;1;1;2;2;0;0;0;0;0;100;0;100;1;2;2;3;2;5;1;94;1;27;0;0;0;0;0;0;1;2;2;3
25.10.2024;20:56;A 10;1;1;1;3;6;2;3;0;0;0;100;0;100;4;6;3;4;5;15;2;54;1;84;0;0;0;0;0;0;1;2;1;2
25.10.2024;20:55;A 10;1;1;3;1;1;0;0;1;1;1;57;1;57;1;1;0;0;1;2;3;31;3;28;0;0;0;0;0;0;0;0;3;5
25.10.2024;20:53;A 10;1;2;3;3;4;2;3;0;0;0;100;0;100;4;6;2;4;3;5;2;85;1;16;0;0;0;0;0;0;0;0;5;6
25.10.2024;20:52;A 10;1;4;35;4;7;1;1;0;0;0;100;0;100;6;36;5;41;4;14;5;47;3;8;0;0;0;0;0;0;0;0;10;37
25.10.2024;20:51;A 10;1;3;6;1;2;2;4;0;0;0;100;0;100;3;6;1;2;0;0;4;68;0;0;0;0;0;0;0;0;1;2;0;0
25.10.2024;20:50;A 10;1;5;20;2;3;6;11;2;35;0;100;0;100;3;4;2;4;2;4;3;58;0;0;0;0;0;0;0;0;1;2;1;2
25.10.2024;20:49;A 10;1;3;29;4;7;1;2;0;0;0;100;0;100;3;3;2;1;2;3;2;78;2;4;0;0;0;0;0;0;1;1;0;0
25.10.2024;20:48;A 10;1;1;24;2;3;0;0;0;0;0;100;0;100;4;5;1;28;2;30;6;59;1;2;1;5;0;0;1;2;1;2;6;9
25.10.2024;20:47;A 10;1;2;12;1;1;2;2;0;0;0;100;0;100;2;3;5;12;3;18;2;56;2;41;0;0;0;0;0;0;1;3;5;8
25.10.2024;20:46;A 10;1;1;1;2;2;0;0;1;10;0;100;0;100;1;2;5;10;5;12;6;48;1;3;0;0;0;0;0;0;0;0;4;8
25.10.2024;20:45;A 10;1;5;6;4;3;4;5;2;54;0;100;0;100;2;3;2;3;1;2;1;58;1;2;0;0;0;0;0;0;1;2;9;27
25.10.2024;20:44;A 10;1;0;0;2;3;1;2;0;0;0;100;0;100;3;5;2;3;3;9;3;10;0;3;0;0;0;0;0;0;2;3;3;5
25.10.2024;20:43;A 10;1;0;0;4;6;2;3;0;0;0;100;0;100;0;0;2;3;5;12;1;16;1;72;0;0;0;0;0;0;1;1;7;12
25.10.2024;20:42;A 10;1;0;0;2;4;1;1;0;0;0;100;0;100;0;0;1;1;2;4;2;15;1;22;0;0;0;0;0;0;1;1;4;5
25.10.2024;20:41;A 10;1;3;6;3;3;1;2;0;0;0;100;0;100;3;7;2;2;0;35;3;7;0;0;0;0;0;0;0;0;0;0;5;11
25.10.2024;20:40;A 10;1;0;0;1;1;0;0;0;0;0;100;0;100;5;9;2;4;6;18;1;30;0;0;0;0;0;0;0;0;1;2;8;12
25.10.2024;20:39;A 10;1;2;11;1;1;1;1;0;0;0;100;0;100;1;1;3;5;3;7;2;40;3;40;0;0;0;0;0;0;0;0;4;6
25.10.2024;20:38;A 10;1;0;0;2;3;1;1;1;1;0;100;0;100;3;4;1;1;3;7;5;13;3;75;1;4;0;0;1;2;1;1;5;7
25.10.2024;20:37;A 10;1;1;2;2;3;1;2;0;0;0;100;0;100;0;0;4;14;5;17;0;2;3;49;0;0;0;0;0;0;1;1;4;7
25.10.2024;20:36;A 10;1;6;12;0;1;4;7;0;0;0;100;0;100;2;2;3;3;2;5;2;79;1;81;0;0;0;0;0;0;0;0;7;11
25.10.2024;20:35;A 10;1;2;5;4;8;2;3;0;0;0;100;0;100;2;3;1;2;1;2;2;89;1;35;0;0;0;0;0;0;2;6;4;16
25.10.2024;20:34;A 10;1;1;2;3;5;1;2;0;0;0;100;0;100;5;5;4;5;0;0;2;4;3;67;0;0;0;0;0;0;0;0;4;19
25.10.2024;20:33;A 10;1;0;0;1;1;2;4;0;0;0;100;0;100;2;1;4;7;2;3;2;54;0;50;0;0;0;0;0;0;1;1;4;7
25.10.2024;20:32;A 10;1;3;4;2;7;2;3;0;0;0;100;0;100;2;3;3;4;3;6;4;38;1;70;0;0;0;0;0;0;1;1;3;4
25.10.2024;20:31;A 10;1;1;1;2;2;0;0;0;0;0;100;0;100;4;4;6;21;6;10;2;6;1;58;0;0;0;0;0;0;0;0;6;8
25.10.2024;20:30;A 10;1;2;7;3;22;1;2;0;0;0;100;0;100;1;2;1;1;2;3;1;7;2;13;1;1;0;0;0;0;1;3;2;3
25.10.2024;20:29;A 10;1;1;0;2;3;2;3;1;1;0;100;0;100;1;2;1;1;6;39;3;90;2;71;0;0;0;0;0;0;1;2;8;17
25.10.2024;20:28;A 10;1;3;5;0;0;1;1;0;0;0;100;0;100;1;1;3;5;0;0;4;61;2;4;1;1;0;0;0;0;1;1;3;4
25.10.2024;20:27;A 10;1;2;3;1;1;0;0;1;10;0;100;0;100;1;1;2;3;1;1;0;100;0;0;0;0;1;2;0;0;1;5;5;12
25.10.2024;20:26;A 10;1;5;13;3;6;2;3;1;32;0;100;0;100;1;1;1;0;3;6;2;63;1;56;0;0;0;0;0;0;0;0;7;11
25.10.2024;20:25;A 10;1;0;0;0;0;0;0;0;0;0;100;0;100;0;0;1;1;0;0;5;67;2;55;0;0;0;0;0;0;0;0;1;1
25.10.2024;20:24;A 10;1;1;2;1;1;2;2;0;0;0;100;0;100;3;4;0;0;3;8;4;68;2;61;0;0;0;0;0;0;1;2;3;6
25.10.2024;20:23;A 10;1;3;5;4;7;2;2;0;0;0;100;0;100;3;4;3;6;2;7;2;86;2;65;1;4;0;0;1;2;1;3;4;6
25.10.2024;20:22;A 10;1;0;0;2;3;1;2;1;2;0;100;0;100;2;3;4;5;8;21;1;78;0;0;0;0;0;0;0;0;1;56;7;12
25.10.2024;20:21;A 10;1;1;4;2;2;0;0;1;42;0;100;0;100;2;3;3;6;2;39;1;88;2;38;0;0;0;0;0;0;0;0;4;7
25.10.2024;20:20;A 10;1;3;5;3;5;3;5;0;0;0;100;0;100;2;3;1;1;3;9;2;77;1;73;0;0;0;0;0;0;0;0;7;15
25.10.2024;20:19;A 10;1;2;5;3;4;3;4;0;0;0;100;0;100;2;4;0;0;0;0;2;77;2;66;0;0;0;0;0;0;1;2;5;20
25.10.2024;20:18;A 10;1;1;2;3;4;2;3;0;0;0;100;0;100;1;3;2;3;1;2;2;66;1;30;0;0;0;0;0;0;2;3;2;4
25.10.2024;20:17;A 10;1;2;2;2;3;2;3;0;0;0;100;0;100;2;4;1;1;2;12;4;7;1;1;0;0;0;0;0;0;0;0;6;11
25.10.2024;20:16;A 10;1;4;7;2;3;0;0;0;0;0;100;0;100;3;37;1;1;5;24;5;53;0;47;1;50;1;2;1;2;2;5;0;0
25.10.2024;20:15;A 10;1;0;0;1;1;0;0;0;0;0;100;0;100;3;5;2;3;0;0;1;93;1;29;1;64;0;0;0;0;1;1;8;13
25.10.2024;20:14;A 10;1;1;2;0;0;0;0;1;30;0;100;0;100;3;4;2;2;4;42;0;0;0;0;0;0;0;0;0;0;2;59;5;9
25.10.2024;20:13;A 10;1;2;3;3;4;0;0;1;1;0;100;0;100;0;0;1;1;2;35;3;74;1;72;0;0;0;0;0;0;0;100;6;14
25.10.2024;20:12;A 10;1;0;14;1;1;0;0;0;0;0;100;0;100;1;2;2;3;4;9;3;77;3;61;0;0;0;0;0;0;0;100;1;1
25.10.2024;20:11;A 10;1;5;55;2;2;2;2;0;0;0;100;0;100;2;3;3;6;3;7;2;63;1;82;0;0;0;0;0;0;0;100;5;8
25.10.2024;20:10;A 10;1;0;0;2;3;1;2;2;4;0;100;0;100;0;0;0;0;4;10;5;26;2;70;0;0;0;0;0;0;1;96;5;10
25.10.2024;20:09;A 10;1;3;18;1;1;1;1;0;0;0;100;0;100;3;5;4;10;0;0;3;78;1;66;0;0;0;0;0;0;0;0;6;9
25.10.2024;20:08;A 10;1;4;21;2;3;1;1;0;0;0;100;0;100;2;4;4;10;4;14;1;1;1;19;0;0;0;0;0;0;4;42;7;11
25.10.2024;20:07;A 10;1;0;0;0;0;2;3;0;0;0;100;0;100;2;3;3;6;1;2;3;89;1;89;0;0;0;0;0;0;0;75;5;10
25.10.2024;20:06;A 10;1;3;25;0;0;2;3;0;0;0;100;0;100;0;0;0;0;0;0;2;16;1;1;1;2;0;0;0;0;0;100;2;2
25.10.2024;20:05;A 10;1;1;2;4;6;0;0;0;5;0;100;0;100;2;3;1;1;4;38;3;57;0;0;0;0;0;0;0;0;1;93;9;15
25.10.2024;20:04;A 10;1;2;4;3;4;2;2;1;59;0;100;0;100;3;4;1;2;4;30;4;45;0;0;0;0;0;0;0;0;0;0;6;9
25.10.2024;20:03;A 10;1;7;45;0;0;2;3;1;45;0;100;0;100;2;6;3;4;3;9;0;0;0;0;0;0;0;0;0;0;1;3;5;10
25.10.2024;20:02;A 10;1;2;5;1;2;1;2;0;0;0;100;0;100;3;4;4;5;2;4;1;4;0;0;0;0;0;0;0;0;1;1;5;10
25.10.2024;20:01;A 10;1;1;2;6;9;2;3;0;0;0;100;0;100;2;2;2;3;4;9;0;100;0;0;0;0;0;0;0;0;2;5;5;7
25.10.2024;20:00;A 10;1;1;1;3;4;1;1;0;0;0;100;0;100;0;0;1;2;2;5;4;47;1;22;0;0;0;0;0;0;0;0;10;16
25.10.2024;19:59;A 10;1;3;18;3;46;4;6;0;0;0;100;0;100;3;4;4;10;1;2;0;4;0;3;0;0;0;0;0;0;1;1;1;2
25.10.2024;19:58;A 10;1;2;35;1;4;3;4;0;0;0;100;0;100;4;5;1;1;5;28;2;14;2;14;0;0;0;0;0;0;1;2;6;11
25.10.2024;19:57;A 10;1;3;61;3;4;0;0;0;0;0;100;0;100;1;1;0;0;2;6;2;71;1;74;0;0;1;2;0;0;2;3;6;11
25.10.2024;19:56;A 10;1;2;4;3;6;1;1;0;0;0;100;0;100;2;3;0;0;2;3;3;6;1;5;0;0;0;0;0;0;0;83;8;17
25.10.2024;19:55;A 10;1;4;7;4;5;3;4;1;2;0;100;0;100;2;3;3;4;7;59;0;0;0;0;0;0;0;0;0;0;0;100;12;41
25.10.2024;19:54;A 10;1;0;0;4;5;0;0;0;0;0;100;0;100;4;5;5;8;4;8;4;59;3;59;0;0;0;0;0;0;1;93;8;47
25.10.2024;19:53;A 10;1;4;8;4;9;4;6;1;53;0;100;0;100;3;5;3;3;3;6;3;43;1;37;0;0;0;0;0;0;0;0;7;12
25.10.2024;19:52;A 10;1;1;1;3;5;2;3;0;0;0;100;0;100;1;2;1;1;1;6;1;10;1;69;0;0;0;0;0;0;1;1;6;8
25.10.2024;19:51;A 10;1;3;5;2;3;1;1;0;0;0;100;0;100;2;2;2;2;3;7;5;62;5;49;1;6;0;0;1;2;0;0;10;17
25.10.2024;19:50;A 10;1;3;4;2;2;2;3;1;21;0;100;0;100;2;2;1;1;2;3;5;70;2;9;0;0;0;0;0;0;1;3;6;16
25.10.2024;19:49;A 10;1;5;9;3;3;1;3;0;0;0;100;0;100;3;4;5;11;5;10;1;27;1;36;0;0;0;0;0;0;0;39;7;15
25.10.2024;19:48;A 10;1;6;34;1;2;1;1;0;0;0;100;0;100;1;1;4;6;1;7;1;1;0;52;0;0;0;0;0;0;0;100;7;12
25.10.2024;19:47;A 10;1;1;1;3;5;1;2;0;0;0;100;0;100;3;6;4;7;1;27;2;15;2;21;1;2;0;0;0;0;0;100;3;4
25.10.2024;19:46;A 10;1;3;3;1;1;0;0;0;0;0;100;0;100;2;3;0;0;5;59;1;100;1;3;0;0;1;2;0;0;0;100;4;7
25.10.2024;19:45;A 10;1;3;4;2;3;2;3;0;0;0;100;0;100;3;4;3;4;4;11;2;46;2;18;0;0;0;0;0;0;0;100;9;13
25.10.2024;19:44;A 10;1;2;6;5;10;2;3;0;0;0;100;0;100;2;2;4;6;3;6;1;50;0;0;0;0;1;2;0;0;0;100;4;7
25.10.2024;19:43;A 10;1;4;14;1;1;1;1;0;0;0;100;0;100;4;5;2;3;3;5;2;27;2;13;1;18;0;0;1;2;0;100;9;17
25.10.2024;19:42;A 10;1;1;1;3;4;1;1;0;0;0;100;0;100;2;4;2;3;0;1;2;55;2;54;0;0;0;0;0;0;0;100;10;22
25.10.2024;19:41;A 10;1;1;2;1;2;3;4;1;4;0;100;0;100;3;5;5;7;3;6;6;51;1;24;0;0;0;0;0;0;0;100;8;18
25.10.2024;19:40;A 10;1;3;4;2;2;0;0;0;0;0;100;0;100;4;6;3;4;2;89;1;89;1;1;0;0;0;0;0;0;0;100;10;33
25.10.2024;19:39;A 10;1;1;2;1;1;1;1;0;0;0;100;0;100;3;4;5;5;6;53;5;64;0;0;0;0;0;0;1;2;0;100;5;12
25.10.2024;19:38;A 10;1;3;20;3;5;2;3;0;0;0;100;0;100;3;6;2;2;1;1;7;61;2;12;0;0;0;0;0;0;0;100;7;16
25.10.2024;19:37;A 10;1;3;4;2;3;1;1;0;0;0;100;0;100;3;5;6;6;8;21;0;100;1;35;0;0;0;0;0;0;1;55;6;23
25.10.2024;19:36;A 10;1;4;25;1;3;0;0;0;0;0;100;0;100;1;2;0;0;3;7;3;65;1;54;0;0;0;0;0;0;0;0;3;5
25.10.2024;19:35;A 10;1;0;2;3;58;1;2;0;0;0;100;0;100;1;1;2;3;1;2;3;58;2;24;1;0;0;0;0;0;1;2;5;7
25.10.2024;19:34;A 10;1;4;24;2;3;1;2;0;0;0;100;0;100;5;6;3;4;7;36;4;30;6;24;0;0;0;0;0;0;0;0;6;10
25.10.2024;19:33;A 10;1;3;56;1;2;3;5;1;7;0;100;0;100;0;0;1;2;2;11;0;100;1;91;0;0;1;2;0;0;2;14;5;8
25.10.2024;19:32;A 10;1;0;0;0;0;0;0;0;0;1;7;1;6;0;0;2;3;3;16;1;6;0;0;0;0;0;0;0;0;1;6;2;4
25.10.2024;19:31;A 10;1;2;3;3;17;3;4;0;0;0;100;0;100;1;1;0;0;3;7;0;100;1;20;0;0;0;0;0;0;0;100;4;6
25.10.2024;19:30;A 10;1;3;5;5;6;2;2;0;0;0;100;0;100;1;2;2;3;1;3;3;77;2;16;0;0;0;0;0;0;0;100;4;31
25.10.2024;19:29;A 10;1;0;0;1;1;0;0;0;0;0;100;0;100;3;5;2;4;2;5;6;56;2;5;0;0;0;0;0;0;0;100;6;8
25.10.2024;19:28;A 10;1;2;3;1;2;1;1;0;0;1;56;1;55;3;4;1;2;3;6;1;1;1;38;0;0;0;0;0;0;1;55;6;10
25.10.2024;19:26;A 10;1;4;8;3;9;3;3;0;0;0;100;0;100;2;1;0;0;3;7;4;9;3;8;0;0;0;0;0;0;0;100;3;4
25.10.2024;19:25;A 10;1;5;7;1;1;3;3;1;2;0;100;0;100;3;4;3;3;3;7;1;30;1;23;0;0;0;0;0;0;0;100;7;11
25.10.2024;19:24;A 10;1;4;7;5;8;1;1;0;0;0;100;0;100;1;1;0;0;2;11;2;42;1;1;1;35;0;0;1;2;0;100;8;13
25.10.2024;19:23;A 10;1;3;5;3;5;3;4;2;82;0;100;0;100;1;1;6;11;5;16;6;20;2;5;0;0;0;0;0;0;0;100;4;7
25.10.2024;19:22;A 10;1;6;8;1;1;5;7;3;51;0;100;0;100;5;8;4;6;4;11;0;0;0;100;0;0;0;0;0;0;0;100;4;6
25.10.2024;19:21;A 10;1;1;2;4;5;2;3;0;0;0;100;0;100;3;4;2;2;1;2;2;54;3;60;0;0;0;0;0;0;0;100;2;4
25.10.2024;19:20;A 10;1;1;14;2;2;1;2;1;1;0;100;0;100;0;0;2;3;2;8;4;52;4;66;0;0;0;0;0;0;0;100;7;19
25.10.2024;19:19;A 10;1;2;5;0;0;1;1;0;0;0;100;0;100;5;5;8;11;5;9;1;9;0;100;0;0;0;0;0;0;0;100;5;8
25.10.2024;19:18;A 10;1;3;4;3;3;2;3;1;17;0;100;0;100;3;3;3;4;1;2;7;56;3;56;0;0;0;0;0;0;0;100;3;3
25.10.2024;19:17;A 10;1;0;0;3;5;3;4;1;23;0;100;0;100;2;3;2;2;4;10;1;49;0;47;0;9;0;0;1;2;0;100;3;5
25.10.2024;19:16;A 10;1;0;0;2;3;3;5;1;28;0;100;0;100;2;4;5;10;3;43;1;96;1;27;1;1;0;0;0;0;0;100;7;18
25.10.2024;19:15;A 10;1;5;9;2;2;1;1;1;0;0;100;0;100;5;7;2;3;5;31;4;59;3;42;0;0;0;0;0;0;0;100;6;12
25.10.2024;19:14;A 10;1;2;25;1;2;0;0;0;0;0;100;0;100;0;0;1;1;4;20;5;57;0;4;0;0;0;0;0;0;2;63;4;14
25.10.2024;19:13;A 10;1;7;22;1;1;2;3;0;0;0;100;0;100;2;4;3;4;5;21;6;55;4;10;0;0;0;0;0;0;1;56;11;33
25.10.2024;19:12;A 10;1;0;0;2;3;0;0;0;0;0;100;0;100;2;3;3;3;2;3;0;100;0;99;0;0;1;2;0;0;0;0;10;37
25.10.2024;19:11;A 10;1;3;5;2;5;2;2;0;0;0;100;0;100;1;1;1;1;2;4;5;28;3;36;2;1;0;0;1;2;1;5;8;12
25.10.2024;19:10;A 10;1;1;2;5;7;3;4;0;0;0;100;0;100;1;1;1;1;7;16;1;38;1;0;0;0;0;0;0;0;1;3;4;7
25.10.2024;19:09;A 10;1;9;61;2;3;2;3;0;0;0;100;0;100;2;3;0;0;1;2;7;65;2;56;0;0;0;0;0;0;1;2;4;9
25.10.2024;19:08;A 10;1;1;26;2;5;2;3;0;0;0;100;0;100;3;4;4;6;2;7;7;43;6;52;0;0;0;0;0;0;0;0;5;9
25.10.2024;19:07;A 10;1;5;30;3;4;3;3;0;0;0;100;0;100;3;4;7;30;3;7;1;77;1;7;0;0;0;0;0;0;0;0;5;7
25.10.2024;19:06;A 10;1;4;5;4;6;0;0;0;0;0;100;0;100;3;5;5;9;1;2;5;58;2;10;0;0;0;0;0;0;2;3;5;8
25.10.2024;19:05;A 10;1;5;7;1;2;3;5;2;5;0;100;0;100;1;1;4;5;3;7;5;78;1;3;0;0;0;0;0;0;2;4;10;17
25.10.2024;19:04;A 10;1;0;0;1;3;0;0;0;0;0;100;0;100;4;10;4;10;4;10;1;56;1;21;0;0;0;0;0;0;3;4;8;14
25.10.2024;19:03;A 10;1;5;9;4;7;3;9;0;0;0;100;0;100;3;4;4;4;2;4;4;56;2;56;0;0;0;0;0;0;1;1;7;11
25.10.2024;19:02;A 10;1;3;4;2;5;3;4;0;0;0;100;0;100;3;11;3;6;3;11;7;48;4;62;2;6;0;0;0;0;2;3;8;18
25.10.2024;19:01;A 10;1;1;1;1;2;0;0;0;41;0;100;0;100;4;5;3;3;7;12;1;77;1;15;0;0;0;0;0;0;1;2;8;13
25.10.2024;19:00;A 10;1;4;19;1;1;1;1;1;27;0;100;0;100;0;0;2;2;0;0;6;62;5;59;1;1;0;0;0;0;1;2;5;9
25.10.2024;18:59;A 10;1;6;87;2;11;2;6;1;2;0;100;0;100;2;3;2;3;4;10;6;84;6;87;0;0;0;0;0;0;0;0;8;13
25.10.2024;18:58;A 10;1;5;89;1;1;6;7;1;37;0;100;0;100;4;5;2;2;6;41;0;100;0;100;0;0;0;0;0;0;1;1;8;18
25.10.2024;18:57;A 10;1;9;68;4;12;2;4;0;0;0;100;0;100;0;0;0;0;1;9;4;83;6;28;0;0;1;2;0;0;0;0;12;39
25.10.2024;18:56;A 10;1;1;1;4;7;4;6;2;6;0;100;0;100;1;2;5;9;0;100;5;48;2;4;0;0;0;0;0;0;0;0;5;13
25.10.2024;18:55;A 10;1;4;63;2;12;3;10;0;0;0;100;0;100;4;5;3;4;5;51;2;44;3;45;0;0;0;0;1;2;1;2;9;23
25.10.2024;18:54;A 10;1;4;17;4;7;3;6;0;0;0;100;0;100;0;0;0;0;4;13;6;49;2;17;1;1;0;0;1;2;1;2;12;53
25.10.2024;18:53;A 10;1;5;8;4;9;3;8;0;0;0;100;0;100;6;9;3;5;6;18;8;39;2;7;0;0;0;0;0;0;1;2;6;10
25.10.2024;18:52;A 10;1;3;5;3;3;1;2;1;6;0;100;0;100;1;2;4;6;3;9;1;85;1;91;0;0;0;0;0;0;2;3;5;11
25.10.2024;18:51;A 10;1;3;5;2;2;4;6;1;3;0;100;0;100;4;6;3;3;1;2;5;60;2;55;0;0;0;0;0;0;0;0;11;19
25.10.2024;18:50;A 10;1;6;18;4;7;3;5;0;0;0;100;0;100;4;6;2;2;3;8;3;88;1;72;0;0;0;0;0;0;0;0;4;7
25.10.2024;18:49;A 10;1;2;3;1;2;3;5;1;9;0;100;0;100;6;7;4;4;8;61;0;100;1;17;0;0;0;0;0;0;1;1;5;7
25.10.2024;18:48;A 10;1;6;9;3;6;0;0;0;0;0;100;0;100;2;2;4;5;4;8;7;75;3;3;2;2;0;0;0;0;0;0;5;7
25.10.2024;18:47;A 10;1;4;7;4;6;5;8;2;85;0;100;0;100;4;7;3;4;1;2;6;22;3;14;0;0;0;0;0;0;1;2;10;27
25.10.2024;18:46;A 10;1;0;0;1;3;2;3;0;0;0;100;0;100;4;6;3;4;4;85;0;100;0;100;0;0;1;2;0;0;1;5;5;8
25.10.2024;18:45;A 10;1;1;2;2;5;1;1;0;0;0;100;0;100;1;1;2;3;4;44;3;84;2;37;0;0;0;0;0;0;2;24;9;33
25.10.2024;18:44;A 10;1;8;17;5;12;5;8;1;44;0;100;0;100;1;3;2;3;4;26;4;47;5;7;0;0;0;0;0;0;1;2;6;10
25.10.2024;18:43;A 10;1;1;53;1;22;1;40;0;0;0;100;0;100;3;3;3;3;5;8;1;59;1;13;0;0;0;0;0;0;0;0;4;5
25.10.2024;18:42;A 10;1;6;44;4;12;4;6;0;0;0;100;0;100;3;3;2;2;4;21;2;60;2;34;0;0;0;0;0;0;2;3;3;4
25.10.2024;18:41;A 10;1;4;31;4;26;2;5;0;0;0;100;0;100;1;1;1;1;4;10;4;65;3;7;0;0;1;2;0;0;0;0;6;26
25.10.2024;18:40;A 10;1;2;3;2;4;2;3;0;0;0;100;0;100;3;4;3;3;8;39;1;3;1;3;0;0;0;0;0;0;0;0;6;14
25.10.2024;18:39;A 10;1;1;2;2;6;1;1;0;0;0;100;0;100;1;1;4;5;3;15;5;39;2;37;1;4;0;0;1;2;3;5;8;21
25.10.2024;18:38;A 10;1;6;35;4;54;0;1;0;0;0;100;0;100;3;4;1;1;3;6;5;18;4;17;0;0;0;0;0;0;1;3;3;17
25.10.2024;18:37;A 10;1;5;20;4;6;6;10;1;33;0;100;0;100;4;5;4;4;9;27;0;100;1;80;0;0;0;0;0;0;0;0;4;6
25.10.2024;18:36;A 10;1;4;18;3;6;4;7;0;0;0;100;0;100;1;1;3;6;2;39;6;57;5;42;0;0;0;0;0;0;1;1;9;14
25.10.2024;18:35;A 10;1;0;0;3;8;3;5;0;0;0;100;0;100;2;2;4;9;1;22;6;61;1;52;0;0;1;2;0;0;1;4;4;7
25.10.2024;18:34;A 10;1;2;2;1;1;3;3;0;0;0;100;0;100;2;3;2;2;4;53;1;76;1;23;0;0;0;0;0;0;1;2;8;12
25.10.2024;18:33;A 10;1;5;47;3;2;3;4;1;4;0;100;0;100;4;6;3;4;4;8;2;5;3;57;0;0;0;0;0;0;2;3;10;22
25.10.2024;18:32;A 10;1;5;9;3;7;3;3;1;48;0;100;0;100;3;7;4;6;3;7;7;12;5;35;0;0;0;0;0;0;1;1;11;45
25.10.2024;18:31;A 10;1;4;22;3;5;0;0;0;0;0;100;0;100;3;5;1;1;3;31;1;77;1;19;0;0;0;0;0;0;1;4;9;25
25.10.2024;18:30;A 10;1;5;9;0;1;3;5;0;0;0;100;0;100;0;0;3;3;1;3;7;38;3;23;0;0;0;0;0;0;2;3;10;50
25.10.2024;18:29;A 10;1;5;11;1;0;0;0;1;86;0;100;0;100;2;4;4;6;5;13;6;11;3;7;0;0;0;0;0;0;0;0;11;40
25.10.2024;18:28;A 10;1;4;9;0;0;3;4;0;0;0;100;0;100;3;4;6;7;5;11;0;100;1;65;0;0;0;0;0;0;0;0;6;11
25.10.2024;18:27;A 10;1;6;42;2;2;3;4;0;0;0;100;0;100;1;1;3;3;2;6;9;71;5;18;0;0;0;0;0;0;2;3;10;22
25.10.2024;18:26;A 10;1;5;26;2;4;1;2;1;19;0;100;0;100;2;2;3;3;3;8;7;63;3;7;0;0;0;0;0;0;1;1;10;15
25.10.2024;18:25;A 10;1;6;19;3;4;3;5;1;44;0;100;0;100;6;8;6;7;6;25;0;100;1;11;0;0;0;0;0;0;1;1;11;27
25.10.2024;18:24;A 10;1;8;68;5;8;4;5;1;40;0;100;0;100;4;5;3;4;4;31;7;53;3;66;1;5;0;0;1;2;1;2;8;52
25.10.2024;18:23;A 10;1;4;32;1;1;1;1;0;0;0;100;0;100;4;7;1;1;4;17;8;13;6;37;0;0;0;0;0;0;1;5;5;9
25.10.2024;18:22;A 10;1;4;15;4;5;3;5;1;46;0;100;0;100;3;4;4;6;3;6;0;100;1;20;0;0;0;0;0;0;1;34;8;13
25.10.2024;18:21;A 10;1;5;39;2;4;0;0;2;19;0;100;0;100;4;6;2;2;2;8;9;75;6;60;0;0;0;0;0;0;1;1;7;18
25.10.2024;18:20;A 10;1;4;86;1;5;1;1;1;1;0;100;0;100;2;3;4;6;3;10;4;65;2;43;0;0;0;0;0;0;0;0;9;39
25.10.2024;18:19;A 10;1;7;84;6;9;3;3;0;0;0;100;0;100;4;4;7;10;5;55;0;100;1;77;0;0;0;0;0;0;1;3;5;8
25.10.2024;18:18;A 10;1;3;10;1;1;1;2;0;0;0;100;0;100;2;2;2;7;4;9;3;38;1;25;1;3;0;0;1;2;0;0;8;15
25.10.2024;18:17;A 10;1;7;15;2;3;4;8;0;0;0;100;0;100;2;3;4;21;1;2;5;43;4;52;0;0;1;2;0;0;1;1;6;11
25.10.2024;18:16;A 10;1;1;1;0;42;1;3;0;0;0;100;0;100;1;1;2;2;8;26;1;82;1;67;0;0;0;0;0;0;1;1;5;9
25.10.2024;18:15;A 10;1;8;12;6;14;3;5;1;2;0;100;0;100;2;2;3;3;7;18;5;63;3;60;0;0;0;0;0;0;1;2;7;33
25.10.2024;18:14;A 10;1;11;24;5;9;4;7;0;0;0;100;0;100;0;0;0;0;1;3;8;74;4;18;0;0;0;0;0;0;1;2;9;18
25.10.2024;18:13;A 10;1;2;3;1;1;0;0;0;0;0;100;0;100;4;5;2;2;3;71;1;90;1;91;0;0;0;0;0;0;1;1;11;42
25.10.2024;18:12;A 10;1;7;24;4;7;0;0;0;0;0;100;0;100;4;7;0;0;3;97;5;14;1;10;0;0;0;0;0;0;1;2;10;28
25.10.2024;18:11;A 10;1;6;84;4;9;2;3;0;0;0;100;0;100;2;6;2;4;3;8;9;15;6;12;1;6;1;2;1;2;2;3;10;15
25.10.2024;18:10;A 10;1;5;89;1;6;0;2;0;0;0;100;0;100;3;5;6;7;1;2;0;100;1;88;0;0;0;0;0;0;1;2;5;7
25.10.2024;18:09;A 10;1;6;83;3;4;6;8;1;6;0;100;0;100;3;4;2;2;1;1;8;75;3;13;0;0;0;0;0;0;0;0;6;24
25.10.2024;18:08;A 10;1;6;55;1;3;2;5;0;0;0;100;0;100;1;2;2;3;2;7;5;31;1;2;0;0;0;0;0;0;1;4;8;29
25.10.2024;18:07;A 10;1;3;10;1;1;1;1;1;45;0;100;0;100;2;3;7;9;4;6;0;100;1;18;0;0;0;0;0;0;2;2;9;14
25.10.2024;18:06;A 10;1;11;46;2;3;5;6;1;66;0;100;0;100;1;2;4;4;3;6;7;45;4;29;0;0;0;0;0;0;1;2;10;20
25.10.2024;18:05;A 10;1;4;8;1;3;2;3;1;1;0;100;0;100;3;7;2;3;2;4;4;12;2;18;0;0;0;0;0;0;0;0;7;18
25.10.2024;18:04;A 10;1;1;1;3;56;3;5;0;0;0;100;0;100;2;1;3;6;2;61;1;69;1;60;0;0;0;0;0;0;1;1;6;10
25.10.2024;18:03;A 10;1;3;4;5;14;1;1;0;0;0;100;0;100;3;4;3;12;6;45;5;46;2;38;0;0;0;0;0;0;0;0;13;46
25.10.2024;18:02;A 10;1;4;39;2;7;4;8;0;0;0;100;0;100;3;5;4;6;0;100;1;51;3;54;0;0;0;0;0;0;2;3;10;62
25.10.2024;18:01;A 10;1;4;6;4;51;2;2;1;3;0;100;0;100;2;1;1;1;3;63;1;86;1;10;0;0;1;2;0;0;3;4;7;17
25.10.2024;18:00;A 10;1;4;7;4;39;4;7;0;0;0;100;0;100;6;7;8;11;7;14;6;8;4;20;0;0;0;0;0;0;0;0;10;29
25.10.2024;17:59;A 10;1;1;1;2;2;0;0;0;0;1;37;1;37;4;7;4;12;1;1;0;0;0;0;0;0;0;0;0;0;1;2;4;7
25.10.2024;17:58;A 10;1;1;2;2;16;1;1;0;0;0;100;0;100;4;7;5;7;4;14;1;94;0;0;0;0;0;0;0;0;1;1;1;2
25.10.2024;17:57;A 10;1;5;11;4;7;2;3;0;0;0;100;0;100;3;4;4;4;4;28;7;62;6;61;0;0;0;0;0;0;0;0;12;50
25.10.2024;17:56;A 10;1;2;6;2;6;1;2;1;78;0;100;0;100;2;3;2;3;3;17;6;82;5;64;0;0;0;0;0;0;2;3;7;47
25.10.2024;17:55;A 10;1;5;23;3;6;3;5;0;0;0;100;0;100;5;6;6;9;6;80;0;100;1;88;0;0;0;0;0;0;1;3;8;18
25.10.2024;17:54;A 10;1;11;33;3;6;1;1;0;0;0;100;0;100;0;0;3;4;4;10;9;59;4;23;2;3;0;0;1;2;1;2;11;21
25.10.2024;17:53;A 10;1;5;25;2;3;2;4;0;0;0;100;0;100;1;1;1;1;4;6;5;10;2;5;0;0;0;0;0;0;1;2;3;6
25.10.2024;17:52;A 10;1;3;10;2;3;2;3;0;0;0;100;0;100;1;2;4;17;5;33;1;86;1;25;0;0;0;0;0;0;0;0;5;8
25.10.2024;17:51;A 10;1;6;41;3;4;3;5;2;7;0;100;0;100;0;0;5;7;3;18;4;6;0;56;1;2;0;0;0;0;1;3;6;9
25.10.2024;17:50;A 10;1;0;0;2;3;3;3;2;4;0;100;0;100;0;0;1;4;1;98;5;10;4;52;0;0;0;0;0;0;1;2;3;8
25.10.2024;17:49;A 10;1;6;16;5;6;2;3;0;0;0;100;0;100;5;7;4;6;4;87;4;65;2;61;0;0;0;0;0;0;0;91;8;20
25.10.2024;17:48;A 10;1;6;81;2;2;4;6;0;0;0;100;0;100;5;23;3;7;1;99;1;97;1;98;0;0;0;0;0;0;0;100;8;14
25.10.2024;17:47;A 10;1;1;2;2;5;3;5;0;0;0;100;0;100;3;6;2;3;2;97;7;73;3;73;0;0;0;0;0;0;1;38;8;24
25.10.2024;17:46;A 10;1;4;11;6;8;1;1;0;0;0;100;0;100;1;1;4;5;3;97;1;82;1;2;0;0;0;0;0;0;0;0;8;16
25.10.2024;17:45;A 10;1;9;58;5;7;4;11;0;0;0;100;0;100;1;1;0;0;6;85;5;47;2;37;2;3;0;0;1;2;2;3;11;37
25.10.2024;17:44;A 10;1;4;86;1;73;5;12;0;0;0;100;0;100;4;7;3;4;4;11;1;50;0;48;0;0;0;1;0;0;0;0;6;9
25.10.2024;17:43;A 10;1;9;24;4;6;0;0;0;0;0;100;0;100;5;5;2;2;5;8;1;23;1;14;0;0;1;1;0;0;0;0;6;9
25.10.2024;17:42;A 10;1;3;14;3;6;2;3;0;0;0;100;0;100;1;2;2;4;1;9;4;57;3;11;0;0;0;0;0;0;2;3;9;27
25.10.2024;17:41;A 10;1;5;29;2;4;2;6;0;0;0;100;0;100;6;11;4;10;5;23;8;77;5;8;1;1;0;0;1;2;1;2;8;13
25.10.2024;17:40;A 10;1;4;9;3;6;3;4;0;0;0;100;0;100;4;5;6;9;4;19;0;100;0;100;0;0;0;0;0;0;2;2;7;12
25.10.2024;17:39;A 10;1;2;6;4;6;2;2;0;0;0;100;0;100;3;4;2;4;5;35;7;81;3;38;0;0;0;0;0;0;0;0;11;16
25.10.2024;17:38;A 10;1;1;94;3;5;3;5;0;0;0;100;0;100;4;11;4;7;4;15;3;62;0;4;0;0;0;0;0;0;0;60;5;8
25.10.2024;17:37;A 10;1;7;35;3;6;2;3;1;5;0;100;0;100;3;51;3;4;4;26;1;57;1;37;0;0;0;0;0;0;0;100;8;15
25.10.2024;17:36;A 10;1;4;31;2;2;3;4;0;0;0;100;0;100;5;23;0;0;5;16;4;18;0;0;0;0;0;0;0;0;0;100;5;7
25.10.2024;17:35;A 10;1;3;45;1;4;0;0;0;0;0;100;0;100;3;3;2;3;3;96;6;19;2;18;0;0;0;0;0;0;0;100;8;12
25.10.2024;17:34;A 10;1;7;40;2;11;3;7;2;29;0;100;0;100;2;4;3;10;7;50;11;69;3;51;0;0;0;0;0;0;0;100;7;53
25.10.2024;17:33;A 10;1;3;37;2;3;3;4;0;0;0;100;0;100;7;10;7;10;3;17;0;97;2;57;1;37;1;2;0;0;0;100;15;29
25.10.2024;17:32;A 10;1;5;11;5;9;0;0;0;0;0;100;0;100;2;3;2;2;5;19;2;56;3;7;0;0;0;0;0;0;0;100;5;11
25.10.2024;17:31;A 10;1;1;1;2;3;3;5;2;30;0;100;0;100;6;10;4;5;7;14;0;100;1;35;0;0;0;0;0;0;0;100;7;10
25.10.2024;17:30;A 10;1;8;23;2;3;3;4;0;0;0;100;0;100;3;5;2;2;3;6;1;11;4;33;0;0;0;0;0;0;0;100;8;28
25.10.2024;17:29;A 10;1;9;54;3;9;3;8;1;32;0;100;0;100;3;4;4;8;4;5;8;11;4;8;0;0;0;0;0;0;0;100;4;5
25.10.2024;17:28;A 10;1;3;7;4;8;3;5;0;0;0;100;0;100;6;8;5;7;4;9;0;0;1;55;0;0;0;0;0;0;0;100;5;14
25.10.2024;17:27;A 10;1;8;29;6;18;2;3;1;1;0;100;0;100;3;3;7;9;4;18;4;62;6;62;0;0;0;0;0;0;0;100;11;16
25.10.2024;17:26;A 10;1;4;29;2;83;3;5;2;33;0;100;0;100;3;4;5;8;2;27;6;80;1;34;2;2;0;0;1;2;0;100;5;9
25.10.2024;17:25;A 10;1;5;24;4;8;2;4;0;0;0;100;0;100;2;2;5;6;8;45;1;35;0;0;0;0;0;0;0;0;0;100;6;12
25.10.2024;17:24;A 10;1;9;54;7;11;3;4;0;0;0;100;0;100;0;0;2;3;3;28;6;34;2;39;2;5;0;0;0;0;0;100;7;24
25.10.2024;17:23;A 10;1;2;19;1;1;0;0;0;0;0;100;0;100;2;4;3;6;4;19;3;7;0;2;0;0;0;0;0;0;0;100;5;12
25.10.2024;17:22;A 10;1;2;18;7;9;1;1;0;0;0;100;0;100;6;6;8;9;3;71;0;100;1;17;0;0;0;0;0;0;0;100;6;35
25.10.2024;17:21;A 10;1;7;24;1;1;3;4;0;0;0;100;0;100;2;2;3;8;7;85;6;84;4;71;0;0;0;0;0;0;0;100;9;13
25.10.2024;17:20;A 10;1;1;4;4;6;2;3;1;2;0;100;0;100;4;7;5;13;0;100;8;45;3;38;0;0;0;0;0;1;0;100;10;39
25.10.2024;17:19;A 10;1;6;26;3;6;4;6;0;0;0;100;0;100;4;5;2;3;6;56;2;91;2;94;0;0;0;0;1;1;0;100;7;41
25.10.2024;17:18;A 10;1;3;6;5;13;2;3;0;0;0;100;0;100;2;3;4;4;2;9;6;82;7;87;0;0;0;0;0;0;0;100;10;32
25.10.2024;17:17;A 10;1;3;6;6;7;3;2;0;0;1;74;1;74;6;6;3;4;1;2;1;74;1;74;0;0;0;0;0;0;1;74;4;8
25.10.2024;17:15;A 10;1;8;25;4;6;3;6;0;0;0;100;0;100;4;5;6;6;5;31;7;75;3;56;1;1;0;0;0;0;0;100;7;9
25.10.2024;17:14;A 10;1;1;3;0;0;1;1;0;0;0;100;0;100;4;7;2;3;2;4;6;34;4;59;0;0;0;0;0;0;0;100;13;48
25.10.2024;17:13;A 10;1;4;11;2;7;5;6;1;1;0;100;0;100;5;8;3;5;2;8;1;91;1;22;0;0;0;0;0;0;0;100;6;23
25.10.2024;17:12;A 10;1;5;14;3;7;0;0;0;0;0;100;0;100;3;6;7;14;3;6;4;51;4;5;0;0;0;0;1;2;1;85;8;33
25.10.2024;17:11;A 10;1;1;3;6;15;2;3;0;0;0;100;0;100;1;1;3;5;3;6;6;17;2;6;0;0;1;2;0;0;3;26;7;35
25.10.2024;17:10;A 10;1;4;8;3;4;4;9;0;0;0;100;0;100;5;7;4;7;2;11;0;100;1;61;0;0;0;0;0;0;1;2;13;38
25.10.2024;17:09;A 10;1;5;8;3;3;6;8;0;0;0;100;0;100;1;1;3;5;4;49;6;81;3;66;0;0;0;0;0;0;0;0;8;57
25.10.2024;17:08;A 10;1;4;25;4;7;2;4;0;0;0;100;0;100;4;7;5;10;4;80;8;75;5;46;0;0;0;0;0;0;2;9;13;61
25.10.2024;17:07;A 10;1;4;8;2;34;4;6;0;0;0;100;0;100;6;9;11;15;3;91;1;80;2;65;0;0;0;0;0;0;3;6;7;52
25.10.2024;17:06;A 10;1;6;48;5;12;1;5;0;0;0;100;0;100;4;8;3;7;7;81;2;64;5;33;0;0;0;0;0;0;3;14;10;26
25.10.2024;17:05;A 10;1;5;26;3;27;5;36;0;0;0;100;0;100;5;18;5;18;4;62;6;83;1;14;0;0;0;0;0;0;2;3;8;13
25.10.2024;17:04;A 10;1;3;68;4;9;3;52;0;0;0;100;0;100;1;2;3;4;6;45;1;74;1;19;1;2;0;0;0;0;0;0;4;8
25.10.2024;17:03;A 10;1;6;34;3;5;4;15;0;0;0;100;0;100;2;3;0;0;3;31;1;43;2;40;0;0;0;0;0;0;1;4;13;51
25.10.2024;17:02;A 10;1;4;66;2;2;1;2;0;0;0;100;0;100;2;4;3;5;4;15;6;57;0;47;0;0;1;2;0;0;0;0;9;50
25.10.2024;17:01;A 10;1;7;53;4;9;1;2;1;2;1;91;1;90;6;10;5;9;4;11;1;81;1;16;0;0;0;0;0;0;1;1;16;38
25.10.2024;16:59;A 10;1;2;25;1;1;2;5;0;0;0;100;0;100;4;6;4;8;5;19;7;50;4;41;0;0;0;0;0;0;1;2;3;5
25.10.2024;16:58;A 10;1;6;74;4;5;6;15;0;0;0;100;0;100;8;20;6;9;3;33;1;28;0;0;0;0;0;0;0;0;2;32;5;8
25.10.2024;16:57;A 10;1;8;62;6;9;6;7;0;0;0;100;0;100;2;3;0;0;5;20;7;10;3;12;0;0;0;0;0;0;1;6;5;7
25.10.2024;16:56;A 10;1;6;10;1;3;1;2;0;0;0;100;0;100;3;4;2;3;3;12;6;10;3;14;0;0;0;0;0;0;2;23;14;39
25.10.2024;16:55;A 10;1;4;7;4;6;2;2;0;0;0;100;0;100;6;8;3;4;6;87;0;0;1;8;0;0;0;0;0;0;2;5;11;20
25.10.2024;16:54;A 10;1;9;42;4;6;2;3;0;0;0;100;0;100;2;2;2;3;5;90;6;66;2;5;0;0;0;0;1;2;0;0;9;29
25.10.2024;16:53;A 10;1;4;7;2;3;2;2;0;0;0;100;0;100;2;2;4;6;6;19;5;53;4;9;0;0;0;0;0;0;1;3;5;10
25.10.2024;16:52;A 10;1;0;0;1;1;2;3;0;0;0;100;0;100;1;1;6;9;8;20;1;94;1;12;0;0;0;0;0;0;1;4;9;38
25.10.2024;16:51;A 10;1;8;59;6;9;1;1;0;0;0;100;0;100;2;1;3;4;2;3;8;64;5;58;0;0;0;0;0;0;0;0;8;20
25.10.2024;16:50;A 10;1;5;81;3;9;1;1;0;0;0;100;0;100;2;3;6;10;1;2;2;48;3;80;0;0;0;0;0;0;1;3;10;39
25.10.2024;16:49;A 10;1;4;86;3;5;3;5;0;0;0;100;0;100;1;2;6;6;5;40;1;2;1;63;0;0;0;0;0;0;1;2;10;17
25.10.2024;16:48;A 10;1;10;56;3;5;2;2;0;0;0;100;0;100;3;3;1;1;3;12;5;47;4;5;0;0;0;0;1;2;1;3;7;19
25.10.2024;16:47;A 10;1;3;4;9;15;4;8;0;0;1;90;1;90;2;3;3;4;5;10;7;34;0;0;0;0;0;0;0;0;2;5;7;10
25.10.2024;16:45;A 10;1;5;50;1;1;2;2;0;0;0;100;0;100;1;4;5;4;3;8;0;100;1;98;0;0;2;3;0;0;2;3;11;26
25.10.2024;16:44;A 10;1;8;77;2;7;2;3;0;0;0;100;0;100;5;7;3;3;3;8;8;80;2;69;0;0;0;0;0;0;0;0;7;14
25.10.2024;16:43;A 10;1;4;25;3;51;3;4;0;0;0;100;0;100;3;4;3;4;6;15;0;100;0;100;0;0;0;0;0;0;0;0;9;15
25.10.2024;16:42;A 10;1;9;46;10;18;1;1;0;0;0;100;0;100;0;0;3;4;3;6;7;79;6;30;0;0;0;0;0;0;1;2;6;10
25.10.2024;16:41;A 10;1;5;79;4;59;3;5;0;0;0;100;0;100;1;1;1;1;2;5;3;63;5;17;0;0;0;0;1;2;1;2;10;40
25.10.2024;16:40;A 10;1;5;30;0;0;0;0;0;0;0;100;0;100;3;6;2;2;4;92;0;100;0;100;0;0;0;0;0;0;2;3;9;16
25.10.2024;16:39;A 10;1;8;40;1;1;3;5;0;0;0;100;0;100;6;11;2;3;6;25;4;79;4;75;0;0;0;0;0;0;3;6;9;13
25.10.2024;16:38;A 10;1;0;26;3;8;1;2;0;0;0;100;0;100;4;10;4;6;4;7;5;81;3;39;0;0;0;0;0;0;4;7;11;29
25.10.2024;16:37;A 10;1;7;16;4;6;2;3;0;0;0;100;0;100;3;4;4;5;4;6;0;100;1;64;0;0;0;0;0;0;1;1;11;18
25.10.2024;16:36;A 10;1;3;6;5;9;4;5;0;0;0;100;0;100;2;5;1;3;6;13;7;71;3;18;0;0;0;0;0;0;2;3;12;23
25.10.2024;16:35;A 10;1;5;34;1;2;0;0;0;0;0;100;0;100;4;10;4;6;1;2;7;75;6;11;0;0;0;0;0;0;0;39;11;34
25.10.2024;16:34;A 10;1;8;43;2;10;1;1;0;0;0;100;0;100;2;2;2;2;7;29;1;93;0;100;0;0;0;0;0;0;0;100;5;8
25.10.2024;16:33;A 10;1;7;33;2;3;5;7;0;0;0;100;0;100;1;1;6;8;1;4;4;58;4;65;0;0;0;0;0;0;0;100;6;35
25.10.2024;16:32;A 10;1;4;55;4;4;3;5;0;0;0;100;0;100;2;3;3;4;5;14;3;16;2;16;0;0;0;0;0;0;1;68;6;11
25.10.2024;16:31;A 10;1;4;6;3;7;3;9;0;0;0;100;0;100;2;2;3;9;3;6;0;100;1;34;0;0;1;2;0;0;0;0;6;11
25.10.2024;16:30;A 10;1;5;10;4;6;2;3;0;0;0;100;0;100;0;0;2;3;1;39;8;42;2;63;0;0;0;0;0;0;0;0;7;22
25.10.2024;16:29;A 10;1;4;45;2;2;4;4;0;0;0;100;0;100;4;7;3;4;3;13;3;10;2;58;0;0;0;0;0;0;1;2;11;23
25.10.2024;16:28;A 10;1;0;0;3;5;1;1;0;0;0;100;0;100;2;2;3;5;7;26;0;100;0;100;0;0;0;0;0;0;2;4;12;26
25.10.2024;16:27;A 10;1;6;7;3;5;2;2;0;0;0;100;0;100;5;6;1;1;4;8;7;74;4;74;0;0;0;0;0;0;2;4;9;14
25.10.2024;16:26;A 10;1;5;11;5;16;2;4;0;0;0;100;0;100;1;2;3;4;4;11;3;56;4;38;0;0;0;0;1;2;0;0;11;20
25.10.2024;16:25;A 10;1;3;18;0;0;0;55;0;0;0;100;0;100;4;8;3;4;5;8;0;100;0;100;0;0;0;0;0;0;1;1;10;17
25.10.2024;16:24;A 10;1;6;9;4;6;5;25;0;0;0;100;0;100;3;5;1;1;0;0;7;65;3;28;0;0;0;0;0;0;0;0;6;9
25.10.2024;16:23;A 10;1;0;17;3;3;0;0;0;0;0;100;0;100;2;3;2;4;2;6;9;44;3;5;0;0;0;0;0;0;1;1;10;27
25.10.2024;16:22;A 10;1;6;23;6;7;1;2;0;0;0;100;0;100;3;4;2;3;5;9;1;79;1;16;0;0;0;0;0;0;0;0;7;11
25.10.2024;16:21;A 10;1;9;42;1;1;2;3;0;0;0;100;0;100;7;9;9;11;4;10;6;67;6;70;0;0;0;0;0;0;1;1;9;13
25.10.2024;16:20;A 10;1;2;23;2;4;2;3;0;0;0;100;0;100;4;7;4;8;3;9;7;78;5;42;0;0;0;0;0;0;1;3;12;44
25.10.2024;16:19;A 10;1;6;23;2;5;0;0;0;0;0;100;0;100;0;0;5;7;5;49;0;100;1;20;0;0;0;0;0;0;4;34;10;21
25.10.2024;16:18;A 10;1;5;10;6;21;3;8;0;0;0;100;0;100;3;4;4;5;5;29;3;90;6;62;0;0;0;0;0;0;0;0;10;45
25.10.2024;16:17;A 10;1;4;29;3;39;3;19;0;0;0;100;0;100;3;4;4;6;1;3;7;22;3;18;0;0;0;0;0;0;1;1;4;10
25.10.2024;16:16;A 10;1;5;60;6;19;7;43;0;0;0;100;0;100;4;6;3;5;1;96;0;100;1;78;0;0;1;2;0;0;1;2;8;10
25.10.2024;16:15;A 10;1;9;65;5;7;4;7;0;0;0;100;0;100;6;8;4;4;9;50;5;39;1;1;0;0;0;0;0;0;1;2;6;34
25.10.2024;16:14;A 10;1;4;84;2;6;1;2;0;0;0;100;0;100;3;4;2;4;2;4;3;11;0;9;0;0;0;0;0;0;0;0;5;7
25.10.2024;16:13;A 10;1;5;84;5;9;4;5;0;0;0;100;0;100;4;14;7;12;3;87;1;78;1;73;0;0;1;2;0;0;1;2;6;9
25.10.2024;16:12;A 10;1;8;73;3;5;2;4;0;0;0;100;0;100;5;8;2;3;8;81;5;67;4;39;0;0;0;0;0;0;3;5;11;20
25.10.2024;16:11;A 10;1;5;61;5;10;3;4;0;0;0;100;0;100;1;1;3;7;3;24;6;53;2;7;0;0;0;0;0;0;0;0;4;18
25.10.2024;16:10;A 10;1;4;59;0;0;2;5;0;0;0;100;0;100;4;6;3;3;6;18;0;100;0;100;0;0;0;0;0;0;3;7;7;14
25.10.2024;16:09;A 10;1;7;71;4;7;3;3;0;0;0;100;0;100;0;0;3;4;5;9;9;40;5;24;0;0;0;0;1;2;0;0;7;12
25.10.2024;16:08;A 10;1;5;23;3;4;1;2;0;0;0;100;0;100;3;4;2;3;3;5;5;9;2;3;0;0;0;0;0;0;1;2;9;21
25.10.2024;16:07;A 10;1;6;44;4;24;4;20;0;0;0;100;0;100;5;7;4;11;4;9;0;100;0;100;0;0;0;0;0;0;1;2;9;16
25.10.2024;16:06;A 10;1;6;55;6;9;4;8;0;0;0;100;0;100;2;3;5;10;0;0;6;34;2;80;0;0;0;0;0;0;0;0;14;23
25.10.2024;16:05;A 10;1;5;86;1;2;2;2;0;0;0;100;0;100;2;3;4;6;3;5;1;1;2;41;0;0;0;0;0;0;1;2;9;17
25.10.2024;16:04;A 10;1;4;22;2;3;1;1;0;0;0;100;0;100;6;11;4;5;6;22;0;0;1;33;0;0;0;0;0;0;2;3;4;7
25.10.2024;16:03;A 10;1;4;11;3;4;1;1;0;0;0;100;0;100;3;4;4;4;3;10;6;61;2;55;0;0;0;0;0;0;2;3;11;21
25.10.2024;16:02;A 10;1;5;9;2;3;2;3;0;0;0;100;0;100;1;1;3;4;3;9;6;57;3;22;0;0;0;0;0;0;1;3;10;24
25.10.2024;16:01;A 10;1;3;6;3;4;2;2;0;0;0;100;0;100;3;4;0;0;3;19;1;90;1;10;0;0;0;0;0;0;4;5;7;10
25.10.2024;16:00;A 10;1;8;59;2;2;1;1;0;0;0;100;0;100;4;4;2;4;5;24;5;9;8;41;0;0;0;0;0;0;1;2;11;25
25.10.2024;15:59;A 10;1;2;69;1;2;1;2;0;0;0;100;0;100;2;3;2;2;4;20;2;3;2;3;0;0;0;0;0;0;1;2;12;46
25.10.2024;15:58;A 10;1;10;52;3;5;1;57;0;0;0;100;0;100;5;14;4;6;2;5;6;24;3;3;0;0;0;0;0;0;3;10;5;18
25.10.2024;15:57;A 10;1;4;14;4;5;6;70;0;0;0;100;0;100;4;5;2;2;3;6;1;98;2;92;0;0;1;2;0;0;7;37;10;17
25.10.2024;15:56;A 10;1;2;5;3;7;2;42;0;0;0;100;0;100;5;5;3;4;3;7;6;39;0;5;0;0;0;0;1;2;1;1;5;10
25.10.2024;15:55;A 10;1;3;50;4;55;7;14;0;0;0;100;0;100;3;4;5;6;4;24;0;0;1;8;0;0;0;0;0;0;2;3;8;14
25.10.2024;15:54;A 10;1;10;69;6;11;4;9;0;0;0;100;0;100;3;8;2;5;4;31;5;71;3;52;0;0;0;0;0;0;2;5;6;21
25.10.2024;15:53;A 10;1;3;14;2;3;2;2;0;0;0;100;0;100;4;16;4;19;5;16;7;72;3;8;0;0;0;0;0;0;0;0;6;10
25.10.2024;15:52;A 10;1;4;7;6;12;2;4;0;0;0;100;0;100;6;10;7;8;6;12;0;100;2;68;0;0;0;0;0;0;2;2;6;9
25.10.2024;15:51;A 10;1;8;50;4;5;5;7;0;0;0;100;0;100;4;5;5;8;2;31;8;71;5;64;0;0;0;0;0;0;0;0;4;7
25.10.2024;15:50;A 10;1;1;25;1;2;2;2;0;0;0;100;0;100;5;8;4;7;2;94;6;86;6;37;0;0;0;0;0;0;0;80;12;19
25.10.2024;15:49;A 10;1;5;13;6;11;6;10;0;0;0;100;0;100;4;4;1;1;5;91;0;100;1;54;0;0;0;0;0;0;2;80;9;26
25.10.2024;15:48;A 10;1;4;31;2;5;2;4;0;0;0;100;0;100;2;18;1;3;4;91;6;32;1;39;0;0;0;0;0;0;2;2;1;2
25.10.2024;15:47;A 10;1;5;83;3;6;1;1;0;0;0;100;0;100;3;5;2;3;0;100;1;64;2;66;0;0;1;2;0;0;1;1;8;38
25.10.2024;15:46;A 10;1;7;45;4;7;5;8;0;0;0;100;0;100;2;2;4;7;7;41;1;65;1;11;0;0;0;0;0;0;3;4;8;9
25.10.2024;15:45;A 10;1;4;7;2;3;2;2;0;0;0;100;0;100;4;5;3;4;4;33;8;12;3;62;0;0;0;0;0;0;0;0;8;16
25.10.2024;15:44;A 10;1;4;59;2;3;1;2;0;0;0;100;0;100;4;6;3;5;0;100;4;9;4;10;0;0;0;0;1;2;0;0;10;19
25.10.2024;15:43;A 10;1;10;40;4;11;3;3;0;0;0;100;0;100;1;2;3;5;5;44;7;59;6;41;0;0;0;0;0;0;2;4;7;12
25.10.2024;15:42;A 10;1;2;77;4;11;1;1;0;0;0;100;0;100;4;9;6;8;2;3;1;99;0;100;0;0;1;2;0;0;1;2;9;15
25.10.2024;15:41;A 10;1;5;19;3;6;3;7;0;0;0;100;0;100;3;8;5;7;2;5;4;44;5;21;0;0;0;0;1;2;1;2;9;17
25.10.2024;15:40;A 10;1;0;0;2;3;2;2;0;0;0;100;0;100;3;4;4;5;6;10;0;100;0;100;0;0;0;0;0;0;0;6;15;57
25.10.2024;15:39;A 10;1;3;6;1;1;4;6;0;0;1;24;1;24;0;0;1;1;0;0;7;16;6;22;0;0;0;0;0;0;1;2;1;1
25.10.2024;15:38;A 10;1;4;24;3;6;3;7;0;0;0;100;0;100;3;6;0;0;4;54;2;61;2;58;0;0;0;0;0;0;1;1;6;9
25.10.2024;15:37;A 10;1;6;54;3;5;5;8;0;0;0;100;0;100;2;3;4;10;5;29;1;78;1;87;0;0;0;0;0;0;0;0;12;23
25.10.2024;15:36;A 10;1;6;9;3;4;2;2;0;0;0;100;0;100;2;2;4;5;6;32;6;66;4;15;0;0;0;0;0;0;0;0;10;35
25.10.2024;15:35;A 10;1;4;5;5;9;4;36;0;0;0;100;0;100;3;3;4;9;3;9;8;80;7;20;0;0;0;0;0;0;1;3;10;18
25.10.2024;15:34;A 10;1;3;50;1;2;3;37;0;0;0;100;0;100;6;8;5;50;5;89;0;100;0;100;0;0;0;0;0;0;2;5;10;36
25.10.2024;15:33;A 10;1;6;42;3;5;4;5;0;0;0;100;0;100;4;7;8;26;2;90;4;88;4;86;0;0;1;2;0;0;0;0;8;37
25.10.2024;15:32;A 10;1;3;7;3;3;3;4;0;0;1;89;1;89;1;1;5;6;4;19;7;68;8;74;0;0;0;0;0;0;1;1;12;61
25.10.2024;15:29;A 10;1;6;61;5;66;5;15;0;0;0;100;0;100;2;3;3;5;5;26;2;9;0;6;0;0;0;0;0;0;1;2;9;21
25.10.2024;15:28;A 10;1;2;3;2;44;2;4;0;0;0;100;0;100;4;6;6;8;3;10;1;9;1;7;0;0;0;0;0;0;2;4;11;20
25.10.2024;15:27;A 10;1;7;19;4;7;2;3;0;0;0;100;0;100;5;6;6;6;2;4;6;13;7;18;0;0;0;0;1;2;1;1;11;20
25.10.2024;15:26;A 10;1;8;77;7;61;4;9;0;0;0;100;0;100;1;1;2;2;1;2;6;21;5;18;0;0;0;0;0;0;0;0;8;14
25.10.2024;15:25;A 10;1;5;88;2;5;6;33;0;0;0;100;0;100;2;3;3;8;2;95;1;88;1;68;0;0;0;0;0;0;1;1;9;16
25.10.2024;15:24;A 10;1;6;29;6;11;5;9;0;0;0;100;0;100;4;6;2;3;7;31;2;64;5;67;0;0;0;0;0;0;1;3;6;9
25.10.2024;15:23;A 10;1;8;30;5;51;6;24;0;0;0;100;0;100;2;3;4;6;4;8;4;48;5;28;0;0;0;0;0;0;1;1;7;10
25.10.2024;15:22;A 10;1;6;76;4;50;1;25;0;0;0;100;0;100;5;5;4;5;3;8;1;46;1;86;0;0;0;0;0;0;2;3;6;7
25.10.2024;15:21;A 10;1;10;61;7;14;7;12;0;0;0;100;0;100;4;6;6;6;3;19;4;65;4;17;0;0;0;0;0;0;2;3;5;40
25.10.2024;15:20;A 10;1;4;87;4;67;4;67;0;0;0;100;0;100;4;7;1;1;2;6;5;28;2;12;0;0;0;0;0;0;1;2;13;28
25.10.2024;15:19;A 10;1;13;50;4;63;2;58;0;0;0;100;0;100;3;4;4;6;0;98;4;31;4;22;0;0;0;0;0;0;4;10;7;22
25.10.2024;15:18;A 10;1;2;9;7;20;7;59;0;0;0;100;0;100;2;5;2;5;2;71;0;98;1;58;0;0;1;2;0;0;1;5;7;18
25.10.2024;15:17;A 10;1;9;57;3;63;2;7;0;0;0;100;0;100;3;9;4;5;3;16;8;41;2;1;0;0;0;0;1;2;1;26;17;38
25.10.2024;15:16;A 10;1;6;76;5;64;7;17;0;0;0;100;0;100;6;8;1;1;6;14;1;52;2;2;0;0;0;0;0;0;1;2;12;65
25.10.2024;15:15;A 10;1;8;50;9;27;7;22;0;0;0;100;0;100;4;4;4;12;1;21;5;25;3;20;0;0;0;0;0;0;5;9;11;54
25.10.2024;15:14;A 10;1;6;69;4;69;3;67;0;0;0;100;0;100;4;5;5;8;5;22;8;62;6;56;0;0;1;2;1;2;1;30;11;29
25.10.2024;15:13;A 10;1;4;10;2;2;5;18;0;0;0;100;0;100;2;42;2;2;4;11;0;100;1;67;0;0;0;0;0;0;2;79;9;19
25.10.2024;15:12;A 10;1;8;24;7;11;5;6;0;0;0;100;0;100;5;10;5;5;4;13;4;45;4;15;0;0;0;0;0;0;0;0;3;4
25.10.2024;15:11;A 10;1;6;61;4;12;4;7;0;0;0;100;0;100;2;3;3;4;2;12;4;15;2;16;0;0;0;0;0;0;1;2;7;33
25.10.2024;15:10;A 10;1;7;21;6;17;1;2;0;0;0;100;0;100;3;5;7;7;5;58;1;72;1;14;0;0;0;0;0;0;1;1;9;21
25.10.2024;15:09;A 10;1;5;23;5;12;4;7;0;0;0;100;0;100;1;1;3;3;2;6;7;59;0;52;0;0;0;0;0;0;2;3;8;18
25.10.2024;15:08;A 10;1;5;10;4;8;3;5;0;0;0;100;0;100;2;3;0;0;4;10;9;73;8;57;0;0;0;0;0;0;0;0;13;28
25.10.2024;15:07;A 10;1;5;8;3;11;9;14;0;0;0;100;0;100;3;5;3;3;4;10;1;1;1;75;0;0;0;0;0;0;1;2;4;5
25.10.2024;15:06;A 10;1;10;70;3;5;1;0;0;0;0;100;0;100;6;7;6;6;5;36;6;68;4;6;0;0;0;0;0;0;0;0;6;9
25.10.2024;15:05;A 10;1;3;30;3;6;3;6;0;0;0;100;0;100;3;4;1;2;4;35;6;39;3;12;0;0;0;0;0;0;4;8;14;35
25.10.2024;15:04;A 10;1;9;31;3;3;3;4;0;0;0;100;0;100;2;3;4;8;3;39;1;93;1;91;0;0;0;0;0;0;1;2;5;7
25.10.2024;15:03;A 10;1;6;43;5;12;2;3;0;0;0;100;0;100;2;2;3;3;4;16;7;58;5;57;0;0;0;0;0;0;0;0;9;18
25.10.2024;15:02;A 10;1;3;10;3;8;2;5;0;0;0;100;0;100;3;5;2;2;3;10;8;74;4;65;0;0;0;0;0;0;1;4;7;14
25.10.2024;15:01;A 10;1;2;3;3;4;5;6;0;0;0;100;0;100;2;2;3;4;9;34;0;0;1;22;0;0;0;0;0;0;1;1;2;4
25.10.2024;15:00;A 10;1;4;41;2;3;0;0;0;0;0;100;0;100;0;0;2;2;0;3;3;57;2;25;0;0;0;0;0;0;0;0;7;15
25.10.2024;14:59;A 10;1;4;6;5;9;4;7;0;0;0;100;0;100;2;4;5;11;3;20;6;74;3;5;0;0;0;0;0;0;1;2;11;21
25.10.2024;14:58;A 10;1;3;14;0;0;2;4;2;2;0;100;0;100;8;11;5;13;9;54;8;12;1;7;0;0;0;0;1;2;2;3;12;22
25.10.2024;14:57;A 10;1;3;8;7;15;3;4;0;0;0;100;0;100;0;0;4;6;4;23;0;100;1;99;0;0;1;2;0;0;0;0;10;15
25.10.2024;14:56;A 10;1;7;28;3;7;5;12;0;0;0;100;0;100;3;3;1;2;2;6;4;36;6;34;0;0;0;0;0;0;2;7;7;10
25.10.2024;14:55;A 10;1;3;10;2;4;2;2;0;0;0;100;0;100;8;32;7;14;6;14;0;100;1;96;0;0;0;0;0;0;3;4;6;19
25.10.2024;14:54;A 10;1;5;60;3;4;3;4;0;0;0;100;0;100;2;2;0;0;6;38;5;80;3;66;1;1;0;0;0;0;0;0;6;11
25.10.2024;14:53;A 10;1;5;53;4;6;2;2;0;0;0;100;0;100;2;3;1;1;3;32;3;64;3;55;0;0;0;0;1;2;0;0;8;11
25.10.2024;14:52;A 10;1;3;3;7;33;2;21;0;0;0;100;0;100;3;4;6;7;4;94;0;100;1;72;1;1;0;0;0;0;1;2;8;12
25.10.2024;14:51;A 10;1;8;68;7;13;4;6;0;0;0;100;0;100;4;5;3;3;8;79;5;83;5;61;0;0;0;0;0;0;1;1;5;8
25.10.2024;14:50;A 10;1;6;39;1;1;1;1;0;0;0;100;0;100;2;3;5;8;2;94;4;75;5;20;0;0;0;0;0;0;0;0;6;11
25.10.2024;14:49;A 10;1;7;77;3;5;0;48;0;0;0;100;0;100;4;6;6;8;4;88;0;100;1;99;0;0;1;2;0;0;1;2;9;11
25.10.2024;14:48;A 10;1;9;32;2;8;5;32;0;0;0;100;0;100;4;5;1;1;3;96;3;24;2;8;0;0;0;0;0;0;2;4;6;18
25.10.2024;14:47;A 10;1;2;29;5;10;2;4;0;0;0;100;0;100;2;2;1;1;3;88;4;17;2;13;0;0;0;0;0;0;1;2;9;17
25.10.2024;14:46;A 10;1;8;61;0;0;2;3;0;0;0;100;0;100;4;5;4;5;6;89;1;70;1;8;0;0;0;0;0;0;0;0;9;15
25.10.2024;14:45;A 10;1;7;31;1;2;2;4;0;0;0;100;0;100;7;7;7;9;9;69;4;64;3;61;0;0;0;0;0;0;1;7;5;7
25.10.2024;14:44;A 10;1;4;46;5;48;6;30;0;0;0;100;0;100;2;3;2;3;2;38;6;45;4;28;0;0;0;0;0;0;1;1;11;21
25.10.2024;14:43;A 10;1;4;13;2;60;0;0;0;0;0;100;0;100;4;4;5;14;3;97;10;37;7;20;0;0;0;0;0;0;2;4;9;16
25.10.2024;14:42;A 10;1;4;24;6;15;3;6;0;0;0;100;0;100;2;2;1;1;7;65;0;99;1;98;0;0;1;2;0;0;0;0;8;16
25.10.2024;14:41;A 10;1;6;13;4;6;0;0;0;0;0;100;0;100;1;1;4;7;3;21;5;83;7;82;0;0;0;0;1;2;0;0;11;17
25.10.2024;14:40;A 10;1;8;25;1;1;0;0;0;0;0;100;0;100;3;5;6;7;6;72;0;100;0;100;0;0;0;0;0;0;1;3;6;11
25.10.2024;14:39;A 10;1;2;2;0;2;1;1;0;0;0;100;0;100;3;3;3;5;7;47;5;15;3;36;0;0;0;0;0;0;0;56;14;41
25.10.2024;14:38;A 10;1;4;5;4;20;4;6;0;0;0;100;0;100;1;1;3;6;2;97;4;18;1;12;0;0;0;0;0;0;0;100;7;14
25.10.2024;14:37;A 10;1;1;46;5;7;1;1;0;0;0;100;0;100;7;20;10;22;6;89;1;79;1;0;0;0;0;0;0;0;0;100;10;22
25.10.2024;14:36;A 10;1;6;12;1;1;2;3;0;0;0;100;0;100;7;12;10;13;9;83;5;66;5;67;0;0;0;0;0;0;0;100;12;25
25.10.2024;14:35;A 10;1;5;9;5;58;2;3;0;0;0;100;0;100;1;1;3;5;3;11;7;13;6;22;0;0;0;0;0;0;0;100;10;33
25.10.2024;14:34;A 10;1;1;1;0;4;4;13;0;0;0;100;0;100;10;17;7;25;4;74;0;100;0;100;0;0;0;0;0;0;0;100;8;47
25.10.2024;14:33;A 10;1;10;20;4;12;2;2;0;0;0;100;0;100;2;2;5;8;2;78;6;28;5;50;0;0;0;0;1;2;1;78;6;10
25.10.2024;14:32;A 10;1;5;60;5;13;5;11;0;0;0;100;0;100;4;8;3;3;4;35;3;12;1;38;0;0;1;2;0;0;1;8;8;13
25.10.2024;14:31;A 10;1;3;5;4;4;4;7;0;0;0;100;0;100;0;96;10;17;4;72;1;25;1;3;0;0;0;0;0;0;1;44;6;13
25.10.2024;14:30;A 10;1;4;12;4;10;4;9;0;0;0;100;0;100;3;20;4;7;4;25;7;62;4;62;0;0;0;0;0;0;0;0;9;22
25.10.2024;14:29;A 10;1;4;24;5;57;5;83;0;0;0;100;0;100;1;1;3;5;4;13;6;78;3;71;0;0;0;0;0;0;1;1;8;48
25.10.2024;14:28;A 10;1;3;92;1;3;1;1;0;0;0;100;0;100;5;22;4;6;4;10;0;100;0;100;0;0;0;0;0;0;2;5;9;18
25.10.2024;14:27;A 10;1;7;43;6;14;1;2;0;0;0;100;0;100;2;1;5;8;3;30;6;69;5;30;0;0;0;0;0;0;3;3;12;32
25.10.2024;14:26;A 10;1;7;23;4;74;3;5;0;0;0;100;0;100;2;3;3;3;4;41;6;77;5;18;0;0;0;0;0;0;1;3;7;13
25.10.2024;14:25;A 10;1;0;43;2;3;0;0;0;0;0;100;0;100;5;7;7;12;8;87;1;87;1;10;0;0;0;0;0;0;2;3;5;7
25.10.2024;14:24;A 10;1;5;68;3;5;4;7;0;0;0;100;0;100;5;7;4;5;10;76;3;63;2;62;0;0;0;0;0;0;0;0;8;14
25.10.2024;14:23;A 10;1;0;23;3;6;2;2;0;0;0;100;0;100;1;2;1;1;2;93;6;21;2;31;0;0;0;0;0;0;0;0;13;30
25.10.2024;14:22;A 10;1;2;6;2;5;3;4;0;0;0;100;0;100;1;1;8;13;5;92;0;0;0;100;0;0;0;0;0;0;0;0;6;27
25.10.2024;14:21;A 10;1;6;57;5;6;7;13;0;0;0;100;0;100;2;2;10;15;5;81;6;69;5;76;0;0;0;0;0;0;2;7;10;29
25.10.2024;14:20;A 10;1;3;10;3;6;3;85;0;0;0;100;0;100;2;3;3;45;0;100;6;83;7;60;0;0;1;2;1;2;1;6;7;12
25.10.2024;14:19;A 10;1;8;59;2;2;3;3;0;0;0;100;0;100;7;9;9;36;4;68;1;96;4;83;0;0;0;0;0;0;0;0;7;10
25.10.2024;14:18;A 10;1;14;56;5;7;5;6;0;0;0;100;0;100;4;4;11;17;6;18;6;60;5;59;0;0;0;0;0;0;0;0;10;36
25.10.2024;14:17;A 10;1;4;10;4;69;1;1;0;0;0;100;0;100;2;2;4;6;4;9;7;55;3;52;0;0;0;0;0;0;1;2;12;44
25.10.2024;14:16;A 10;1;2;4;1;1;2;2;0;0;0;100;0;100;1;2;5;7;6;12;0;100;0;100;0;0;0;0;0;0;2;5;5;7
25.10.2024;14:15;A 10;1;4;7;6;8;5;8;0;0;0;100;0;100;6;9;5;6;4;28;8;81;7;82;0;0;0;0;0;0;0;0;10;31
25.10.2024;14:14;A 10;1;2;1;1;1;1;1;0;0;0;100;0;100;1;0;3;5;3;22;6;66;4;36;0;0;0;0;0;0;1;3;7;10
25.10.2024;14:13;A 10;1;5;25;4;5;1;1;0;0;0;100;0;100;5;6;6;9;6;90;2;2;1;94;0;0;1;2;0;0;0;0;12;24
25.10.2024;14:12;A 10;1;2;4;0;0;0;0;0;0;0;100;0;100;2;2;4;4;4;90;4;49;4;9;1;1;0;0;1;27;0;0;4;46
25.10.2024;14:11;A 10;1;1;21;5;25;2;3;0;0;0;100;0;100;2;2;2;3;2;91;8;78;7;16;0;0;0;0;0;0;2;4;8;52
25.10.2024;14:10;A 10;1;6;18;1;1;1;1;0;0;0;100;0;100;4;4;13;14;8;69;0;100;1;98;0;0;0;0;0;0;0;0;9;14
25.10.2024;14:09;A 10;1;5;9;2;3;2;3;0;0;0;100;0;100;0;0;1;1;5;14;4;79;3;55;0;0;0;0;0;0;3;10;6;9
25.10.2024;14:08;A 10;1;2;5;1;1;1;1;0;0;0;100;0;100;0;0;3;5;3;8;2;63;1;40;0;0;0;0;0;0;0;3;9;12
25.10.2024;14:07;A 10;1;3;3;4;6;2;3;0;0;0;100;0;100;4;6;4;5;2;70;1;66;1;11;0;0;0;0;0;0;2;16;8;11
25.10.2024;14:06;A 10;1;1;0;1;1;3;3;0;0;0;100;0;100;4;11;2;3;9;66;3;52;3;34;0;0;0;0;0;0;1;6;8;14
25.10.2024;14:05;A 10;1;5;73;3;6;3;5;0;0;0;100;0;100;3;15;4;7;3;23;8;57;5;58;0;0;1;2;0;0;2;7;7;40
25.10.2024;14:04;A 10;1;7;26;2;2;3;4;0;0;0;100;0;100;3;3;1;0;7;12;0;100;0;100;0;0;0;0;0;0;0;0;7;16
25.10.2024;14:03;A 10;1;4;6;5;4;3;3;0;0;1;24;1;24;1;0;1;1;0;0;1;24;1;24;0;0;0;0;0;0;0;0;1;1
25.10.2024;14:02;A 10;1;4;11;2;4;0;0;0;0;0;100;0;100;3;5;1;19;2;5;4;10;3;9;0;0;0;0;0;0;1;4;6;11
25.10.2024;14:01;A 10;1;1;46;2;4;1;2;0;0;0;100;0;100;4;18;2;3;4;71;1;55;1;75;0;0;0;0;0;0;1;1;4;5
25.10.2024;14:00;A 10;1;6;17;4;6;3;3;0;0;1;89;1;89;7;8;4;4;7;87;5;7;4;52;0;0;0;0;0;0;1;1;8;12
25.10.2024;13:58;A 10;1;8;71;4;4;3;3;0;0;0;100;0;100;0;0;6;8;8;24;0;100;1;21;0;0;0;0;0;0;0;0;3;4
25.10.2024;13:57;A 10;1;9;64;4;5;2;2;0;0;0;100;0;100;0;0;0;0;6;36;6;85;3;69;0;0;0;0;0;0;0;0;13;36
25.10.2024;13:56;A 10;1;4;26;2;3;0;0;0;0;0;100;0;100;2;5;1;2;2;32;4;76;1;25;0;0;0;0;0;0;2;2;8;12
25.10.2024;13:55;A 10;1;3;78;2;4;0;0;0;0;0;100;0;100;4;6;4;6;5;56;0;100;1;88;0;0;0;0;0;0;1;3;9;15
25.10.2024;13:54;A 10;1;9;68;3;3;1;2;0;0;0;100;0;100;1;1;6;6;7;39;7;81;5;20;0;0;0;0;0;0;1;2;6;10
25.10.2024;13:53;A 10;1;5;32;2;64;4;6;0;0;0;100;0;100;1;2;3;5;5;13;4;81;5;19;0;0;0;0;0;0;1;9;5;6
25.10.2024;13:52;A 10;1;3;7;5;6;3;5;0;0;0;100;0;100;4;5;2;4;3;86;0;100;1;74;0;0;0;0;0;0;15;42;7;66
25.10.2024;13:51;A 10;1;8;67;2;3;1;2;0;0;0;100;0;100;1;1;3;3;11;80;3;75;4;25;0;0;0;0;0;0;0;0;4;7
25.10.2024;13:50;A 10;1;6;18;2;3;1;1;0;0;0;100;0;100;2;3;2;2;2;96;5;35;2;13;0;0;0;0;0;0;2;5;6;9
25.10.2024;13:49;A 10;1;3;6;5;13;2;4;0;0;0;100;0;100;3;5;3;3;5;92;1;98;1;53;0;0;0;0;0;0;3;4;6;10
25.10.2024;13:48;A 10;1;9;66;1;1;2;3;0;0;0;100;0;100;3;4;2;2;5;91;6;36;1;28;0;0;0;0;1;2;3;5;8;11
25.10.2024;13:47;A 10;1;7;80;1;2;2;3;0;0;0;100;0;100;3;6;1;2;3;32;9;14;4;52;1;1;1;2;1;2;0;2;7;28
25.10.2024;13:46;A 10;1;6;32;1;1;1;1;0;0;0;100;0;100;2;4;3;5;4;23;0;77;1;100;0;0;0;0;0;0;3;26;7;24
25.10.2024;13:45;A 10;1;5;32;3;5;3;4;0;0;0;100;0;100;3;2;2;3;1;2;4;25;3;25;0;0;0;0;0;0;1;3;15;32
25.10.2024;13:44;A 10;1;1;2;3;4;1;1;0;0;0;100;0;100;3;22;3;11;3;7;6;17;3;11;0;0;0;0;0;0;0;0;5;8
25.10.2024;13:43;A 10;1;3;4;2;2;2;2;0;0;0;100;0;100;7;10;3;4;6;24;1;79;1;87;0;0;0;0;0;0;2;3;10;17
25.10.2024;13:42;A 10;1;1;4;3;4;0;0;0;0;0;100;0;100;2;2;3;3;7;36;5;68;3;65;0;0;0;0;0;0;1;4;7;11
25.10.2024;13:41;A 10;1;6;46;4;11;4;7;0;0;0;100;0;100;1;2;1;1;3;24;4;59;3;77;0;0;0;0;0;0;0;0;5;8
25.10.2024;13:40;A 10;1;6;82;5;38;3;41;0;0;0;100;0;100;6;8;0;0;5;37;1;27;0;0;0;0;0;0;0;0;2;2;4;6
25.10.2024;13:39;A 10;1;8;62;3;7;4;7;0;0;0;100;0;100;2;2;4;5;8;34;3;67;3;64;0;0;0;0;0;0;1;13;11;47
25.10.2024;13:38;A 10;1;7;82;1;2;0;0;0;0;0;100;0;100;2;3;1;2;1;1;6;80;5;38;0;0;0;0;0;0;1;2;14;46
25.10.2024;13:37;A 10;1;8;62;4;7;1;1;0;0;0;100;0;100;5;8;6;8;8;30;0;100;1;78;0;0;0;0;0;0;3;8;5;15
25.10.2024;13:36;A 10;1;4;5;5;7;4;9;0;0;0;100;0;100;1;1;4;6;4;37;6;88;3;26;0;0;0;0;0;0;0;0;11;29
25.10.2024;13:35;A 10;1;6;18;6;35;5;62;0;0;0;100;0;100;4;6;4;5;3;93;5;69;3;16;0;0;0;0;0;0;1;2;14;59
25.10.2024;13:34;A 10;1;5;9;4;54;3;53;0;0;0;100;0;100;4;5;6;7;6;45;1;52;1;71;0;0;0;0;0;0;2;4;9;44
25.10.2024;13:33;A 10;1;4;8;6;12;5;25;0;0;0;100;0;100;3;5;4;7;7;22;2;54;3;55;0;0;0;0;0;0;1;4;11;48
25.10.2024;13:32;A 10;1;6;40;1;1;3;5;0;0;0;100;0;100;1;1;1;1;2;7;7;40;5;43;0;0;0;0;0;0;1;2;9;32
25.10.2024;13:31;A 10;1;4;7;1;1;3;3;0;0;0;100;0;100;4;5;3;4;8;51;1;64;1;30;0;0;0;0;0;0;9;38;9;21
25.10.2024;13:30;A 10;1;6;26;5;22;5;8;0;0;0;100;0;100;2;4;2;6;2;26;2;5;1;18;0;0;0;0;0;0;2;6;4;5
25.10.2024;13:29;A 10;1;4;86;4;20;4;5;0;0;0;100;0;100;1;2;2;3;3;16;1;8;1;12;0;0;1;2;0;0;5;6;9;30
25.10.2024;13:28;A 10;1;7;31;2;2;0;0;0;0;0;100;0;100;3;6;1;1;9;45;1;21;1;8;0;0;0;0;0;0;1;1;8;12
25.10.2024;13:27;A 10;1;5;41;6;13;2;3;0;0;0;100;0;100;7;11;1;1;5;26;4;12;0;59;0;0;0;0;1;2;1;1;6;9
25.10.2024;13:26;A 10;1;5;33;3;13;2;3;0;0;0;100;0;100;5;11;3;5;3;93;2;18;3;26;0;0;0;0;0;0;2;7;6;18
25.10.2024;13:25;A 10;1;10;36;5;62;3;62;0;0;0;100;0;100;4;8;4;9;1;99;5;12;4;9;0;0;0;0;0;0;1;2;5;18
25.10.2024;13:24;A 10;1;5;81;5;9;5;44;0;0;0;100;0;100;1;1;1;1;3;80;0;100;0;100;1;1;1;2;0;0;1;2;6;12
25.10.2024;13:23;A 10;1;3;56;4;7;3;3;0;0;0;100;0;100;5;6;3;4;7;17;5;39;5;34;0;0;0;0;0;0;2;3;8;12
25.10.2024;13:22;A 10;1;6;25;7;54;8;16;0;0;0;100;0;100;1;2;5;22;2;3;1;96;1;89;0;0;0;0;0;0;6;26;6;18
25.10.2024;13:21;A 10;1;5;61;3;4;2;2;0;0;0;100;0;100;2;3;0;0;2;36;5;67;2;64;0;0;0;0;0;0;6;13;9;31
25.10.2024;13:20;A 10;1;8;75;2;3;3;3;0;0;0;100;0;100;0;0;3;4;3;43;2;37;3;59;0;0;0;0;0;0;2;3;10;15
25.10.2024;13:19;A 10;1;7;81;5;49;2;36;0;0;0;100;0;100;5;9;4;7;4;93;1;65;1;49;0;0;0;0;0;0;1;2;1;1
25.10.2024;13:18;A 10;1;11;63;4;9;6;23;0;0;0;100;0;100;3;4;5;16;3;94;4;51;3;39;0;0;0;0;0;0;1;1;11;53
25.10.2024;13:17;A 10;1;4;84;3;15;2;6;0;0;0;100;0;100;3;5;2;2;0;100;7;76;6;73;1;1;1;2;1;2;1;3;8;15
25.10.2024;13:16;A 10;1;6;83;4;6;3;4;0;0;0;100;0;100;0;0;2;2;3;83;0;100;1;40;0;0;0;0;0;0;1;1;4;8
25.10.2024;13:15;A 10;1;12;69;5;7;2;3;1;1;0;100;0;100;6;8;3;7;8;74;3;77;1;26;0;0;0;0;0;0;1;2;5;8
25.10.2024;13:14;A 10;1;6;80;5;34;3;6;0;0;0;100;0;100;1;1;4;5;3;91;5;79;3;14;0;0;0;0;0;0;0;0;9;28
25.10.2024;13:13;A 10;1;7;73;3;30;3;4;0;0;0;100;0;100;4;5;3;4;5;91;1;20;1;74;0;0;0;0;0;0;2;3;10;66
25.10.2024;13:12;A 10;1;8;69;5;15;3;4;0;0;0;100;0;100;4;7;5;7;6;84;4;71;2;24;0;0;0;0;0;0;0;0;10;69
25.10.2024;13:11;A 10;1;6;76;5;43;4;58;0;0;0;100;0;100;5;19;4;17;2;94;2;16;2;15;0;0;0;0;0;0;1;1;15;53
25.10.2024;13:10;A 10;1;7;46;2;62;3;5;0;0;0;100;0;100;3;6;6;8;6;85;1;71;1;65;0;0;0;0;0;0;1;1;9;48
25.10.2024;13:09;A 10;1;7;50;6;11;1;2;0;0;0;100;0;100;5;7;3;3;0;100;6;14;4;45;1;1;0;0;1;2;0;0;7;42
25.10.2024;13:08;A 10;1;5;11;6;34;5;14;0;0;0;100;0;100;4;6;0;0;2;22;3;14;5;25;0;0;0;0;0;0;1;1;5;9
25.10.2024;13:07;A 10;1;4;14;0;0;3;5;0;0;0;100;0;100;5;9;4;6;7;81;0;100;1;76;0;0;0;0;0;0;2;5;6;8
25.10.2024;13:06;A 10;1;4;13;6;13;0;2;0;0;0;100;0;100;3;5;0;0;5;51;7;41;2;3;0;0;0;0;0;0;0;0;4;22
25.10.2024;13:05;A 10;1;9;54;4;86;6;24;0;0;0;100;0;100;2;3;3;3;4;20;3;6;0;3;0;0;0;0;0;0;3;4;9;35
25.10.2024;13:04;A 10;1;6;16;2;2;0;0;0;0;0;100;0;100;6;9;6;8;4;12;1;76;1;12;0;0;0;0;0;0;1;2;10;17
25.10.2024;13:03;A 10;1;4;9;3;6;1;1;0;0;0;100;0;100;2;2;1;0;4;25;3;22;3;13;0;0;0;0;0;0;1;1;11;20
25.10.2024;13:02;A 10;1;2;6;5;73;5;55;0;0;0;100;0;100;4;6;3;4;4;51;3;11;0;3;0;0;0;0;0;0;1;2;7;14
25.10.2024;13:01;A 10;1;1;0;2;3;1;2;0;0;0;100;0;100;3;7;2;3;4;11;1;58;1;40;1;2;0;0;0;0;2;5;8;12
25.10.2024;13:00;A 10;1;13;57;3;3;3;3;0;0;0;100;0;100;1;2;3;3;4;44;1;37;1;41;0;0;0;0;0;0;0;0;9;21
25.10.2024;12:59;A 10;1;10;46;4;7;3;8;0;0;0;100;0;100;2;3;4;9;2;26;4;51;3;51;0;0;1;2;0;0;0;0;4;8
25.10.2024;12:58;A 10;1;3;30;3;6;3;42;0;0;0;100;0;100;1;3;3;4;5;23;0;100;1;91;0;0;0;0;0;0;1;3;3;4
25.10.2024;12:57;A 10;1;8;15;3;6;5;23;0;0;0;100;0;100;2;4;1;2;3;8;6;79;4;44;0;0;0;0;0;0;0;0;6;10
25.10.2024;12:56;A 10;1;7;25;4;9;4;30;0;0;0;100;0;100;3;5;4;6;3;7;2;47;0;0;0;0;0;0;0;0;2;3;8;12
25.10.2024;12:55;A 10;1;2;3;1;2;2;2;0;0;0;100;0;100;3;5;3;5;3;78;1;5;0;0;0;0;0;0;0;0;1;1;3;4
25.10.2024;12:54;A 10;1;5;8;3;10;4;9;0;0;0;100;0;100;4;4;5;6;6;83;3;65;3;29;0;0;0;0;0;0;0;0;11;33
25.10.2024;12:53;A 10;1;4;32;3;66;4;18;0;0;0;100;0;100;1;3;4;5;5;25;6;47;4;14;0;0;0;0;0;0;1;2;11;42
25.10.2024;12:52;A 10;1;6;60;4;7;2;2;0;0;0;100;0;100;5;5;2;2;6;38;1;89;1;68;0;0;0;0;0;0;4;7;1;1
25.10.2024;12:51;A 10;1;8;58;3;5;3;3;0;0;0;100;0;100;7;9;2;3;5;43;5;67;3;6;0;0;0;0;0;0;0;0;1;1
25.10.2024;12:50;A 10;1;6;78;4;9;1;2;0;0;0;100;0;100;3;3;2;2;2;9;4;69;6;19;0;0;0;0;0;0;1;1;6;10
25.10.2024;12:49;A 10;1;3;11;1;1;0;0;0;0;0;100;0;100;4;3;4;4;7;84;1;96;2;6;0;0;0;0;0;0;1;2;7;15
25.10.2024;12:48;A 10;1;10;52;3;5;5;7;0;0;0;100;0;100;4;7;8;9;6;84;6;69;3;64;0;0;0;0;0;0;1;7;11;56
25.10.2024;12:47;A 10;1;8;66;3;4;0;0;0;0;0;100;0;100;4;7;2;5;3;89;5;57;2;20;0;0;0;0;0;0;0;0;4;8
25.10.2024;12:46;A 10;1;1;2;3;3;2;2;0;0;0;100;0;100;3;3;5;17;4;89;0;0;1;13;0;0;1;2;0;0;1;2;4;6
25.10.2024;12:45;A 10;1;9;62;2;2;0;0;0;0;0;100;0;100;4;5;3;4;6;85;5;66;2;56;0;0;0;0;0;0;0;0;3;5
25.10.2024;12:44;A 10;1;5;38;1;2;1;2;0;0;0;100;0;100;1;1;2;2;2;93;4;81;4;39;0;0;0;0;0;0;2;3;6;20
25.10.2024;12:43;A 10;1;5;29;5;59;4;57;0;0;0;100;0;100;1;1;4;4;5;76;5;70;4;34;0;0;0;0;0;0;1;3;9;15
25.10.2024;12:42;A 10;1;2;5;5;18;6;14;0;0;0;100;0;100;4;5;2;3;6;10;1;98;2;52;0;0;1;2;0;0;1;3;6;15
25.10.2024;12:41;A 10;1;8;11;4;7;4;7;0;0;0;100;0;100;2;2;3;4;2;4;7;35;3;6;0;0;0;0;0;0;0;0;10;14
25.10.2024;12:40;A 10;1;1;48;2;4;1;3;0;0;0;100;0;100;2;2;4;5;7;33;1;57;1;6;0;0;0;0;0;0;1;2;7;10
25.10.2024;12:39;A 10;1;8;33;3;7;2;6;0;0;0;100;0;100;2;3;2;2;2;7;6;11;1;52;0;0;0;0;0;0;1;1;7;17
25.10.2024;12:38;A 10;1;8;78;4;39;5;27;0;0;0;100;0;100;3;4;3;12;4;22;4;18;3;36;0;0;0;0;1;2;2;5;7;22
25.10.2024;12:37;A 10;1;2;5;3;4;2;2;0;0;0;100;0;100;2;4;4;7;4;6;1;87;1;64;0;0;0;0;0;0;1;3;8;24
25.10.2024;12:36;A 10;1;10;64;5;7;6;8;0;0;0;100;0;100;3;3;1;1;4;6;5;61;1;10;0;0;0;0;0;0;0;0;6;13
25.10.2024;12:35;A 10;1;6;39;2;3;3;7;0;0;0;100;0;100;1;1;3;5;1;2;7;31;1;3;0;0;0;0;0;0;1;4;12;30
25.10.2024;12:34;A 10;1;7;64;0;0;1;1;0;0;0;100;0;100;1;51;1;1;4;27;1;0;1;9;0;0;0;0;0;0;2;3;8;11
25.10.2024;12:33;A 10;1;2;31;1;1;1;1;0;0;0;100;0;100;6;10;3;3;8;43;6;40;3;63;0;0;0;0;0;0;0;0;6;8
25.10.2024;12:32;A 10;1;6;46;3;29;4;6;0;0;0;100;0;100;2;3;2;3;3;60;5;10;4;49;0;0;0;0;0;0;1;10;11;23
25.10.2024;12:31;A 10;1;12;72;2;4;2;2;0;0;0;100;0;100;4;7;3;4;9;86;0;0;0;100;0;0;0;0;0;0;1;1;8;17
25.10.2024;12:30;A 10;1;3;4;1;1;0;0;0;0;0;100;0;100;3;4;3;5;8;73;5;6;1;14;0;0;0;0;0;0;2;3;10;31
25.10.2024;12:29;A 10;1;6;13;1;1;2;2;0;0;0;100;0;100;4;5;4;6;4;91;0;43;0;47;0;0;0;0;0;0;1;2;5;7
25.10.2024;12:28;A 10;1;6;12;4;5;3;7;0;0;0;100;0;100;2;3;3;5;5;88;3;65;2;46;0;0;0;0;0;0;0;0;8;15
25.10.2024;12:27;A 10;1;5;47;5;8;3;8;0;0;0;100;0;100;1;2;4;9;2;76;5;47;2;6;0;0;1;2;0;0;1;2;13;46
25.10.2024;12:26;A 10;1;3;6;8;12;2;3;0;0;0;100;0;100;1;1;5;12;8;46;1;84;0;0;0;0;0;0;0;0;2;3;11;26
25.10.2024;12:25;A 10;1;7;32;5;8;2;2;0;0;0;100;0;100;1;5;2;19;2;15;2;91;1;72;0;0;0;0;0;0;2;4;8;33
25.10.2024;12:24;A 10;1;7;50;4;7;5;9;0;0;0;100;0;100;3;7;5;11;4;49;3;89;3;86;0;0;0;0;1;2;0;0;9;27
25.10.2024;12:23;A 10;1;3;5;3;4;1;2;0;0;0;100;0;100;4;7;4;5;6;37;5;66;2;12;0;0;0;0;0;0;0;0;6;18
25.10.2024;12:22;A 10;1;2;4;3;5;2;3;0;0;0;100;0;100;2;4;2;4;4;90;3;45;1;2;0;0;0;0;0;0;1;1;8;25
25.10.2024;12:21;A 10;1;8;38;4;12;4;7;0;0;0;100;0;100;3;5;4;7;1;99;5;58;3;23;0;0;0;0;0;0;0;14;12;22
25.10.2024;12:20;A 10;1;7;15;4;5;6;11;0;0;0;100;0;100;5;7;6;13;4;89;1;53;2;18;0;0;0;0;0;0;3;14;8;17
25.10.2024;12:19;A 10;1;3;14;1;2;1;2;0;0;0;100;0;100;2;37;6;31;7;85;4;93;1;91;0;0;0;0;0;0;2;4;9;17
25.10.2024;12:18;A 10;1;7;84;1;2;3;5;0;0;0;100;0;100;4;5;6;28;1;96;2;4;2;86;0;0;0;0;0;0;1;2;9;26
25.10.2024;12:17;A 10;1;4;8;3;8;0;0;1;2;1;79;1;79;2;29;5;9;6;72;5;62;3;2;0;0;0;0;0;0;2;3;7;13
25.10.2024;12:15;A 10;1;5;22;2;3;2;3;0;0;0;100;0;100;7;10;5;7;2;94;2;13;0;83;0;0;0;0;0;0;3;28;8;24
25.10.2024;12:14;A 10;1;5;89;2;2;2;3;0;0;0;100;0;100;2;4;4;10;6;90;4;31;2;87;0;0;0;0;0;0;1;2;11;23
25.10.2024;12:13;A 10;1;11;21;3;4;2;4;0;0;0;100;0;100;2;4;1;1;1;97;2;50;1;48;0;0;1;2;0;0;1;2;11;16
25.10.2024;12:12;A 10;1;5;44;4;14;4;5;0;0;0;100;0;100;3;4;1;1;2;96;4;69;1;75;0;0;0;0;0;0;1;1;11;23
25.10.2024;12:11;A 10;1;3;4;2;1;1;1;0;0;0;100;0;100;3;22;3;6;7;73;2;4;2;45;0;0;0;0;0;0;2;4;7;18
25.10.2024;12:10;A 10;1;7;25;5;9;3;5;0;0;0;100;0;100;4;39;3;8;4;27;5;77;2;74;0;0;0;0;0;0;1;3;4;6
25.10.2024;12:09;A 10;1;3;19;2;3;2;2;0;0;0;100;0;100;6;11;4;7;4;40;4;88;4;92;0;0;0;0;0;0;1;1;6;9
25.10.2024;12:08;A 10;1;3;15;3;10;3;3;0;0;0;100;0;100;4;7;3;6;5;46;2;91;4;90;1;2;0;0;1;2;1;1;6;10
25.10.2024;12:07;A 10;1;3;30;5;27;4;7;0;0;0;100;0;100;2;2;3;7;2;92;6;85;4;71;1;1;0;0;0;0;0;0;9;19
25.10.2024;12:06;A 10;1;10;71;4;17;2;2;0;0;1;87;1;87;1;1;1;1;6;88;3;73;2;62;0;0;0;0;0;0;1;2;9;16
25.10.2024;12:04;A 10;1;5;54;2;3;3;4;0;0;0;100;0;100;1;2;2;25;4;93;1;8;1;59;0;0;0;0;0;0;1;13;9;17
25.10.2024;12:03;A 10;1;9;57;3;5;6;7;0;0;0;100;0;100;2;3;5;24;4;84;0;72;1;41;0;0;0;0;0;0;0;64;3;4
25.10.2024;12:02;A 10;1;3;14;5;24;2;1;0;0;0;100;0;100;3;3;4;6;3;58;4;75;1;53;0;0;0;0;0;0;0;100;9;18
25.10.2024;12:01;A 10;1;6;71;4;70;6;9;0;0;0;100;0;100;2;3;2;4;9;32;5;53;3;47;0;0;0;0;0;0;0;100;7;19
25.10.2024;12:00;A 10;1;1;33;0;0;0;0;0;0;0;100;0;100;5;10;4;8;4;28;3;87;2;39;0;0;0;0;0;0;1;51;2;4
25.10.2024;11:59;A 10;1;7;25;0;0;1;2;0;0;0;100;0;100;0;0;1;1;3;82;2;71;1;1;0;0;0;0;0;0;1;2;2;3
25.10.2024;11:58;A 10;1;2;2;3;3;2;2;0;0;0;100;0;100;6;10;5;17;4;89;1;62;0;1;0;0;0;0;0;0;1;2;8;33
25.10.2024;11:57;A 10;1;10;18;2;3;3;3;0;0;0;100;0;100;3;5;2;2;3;93;5;12;4;8;0;0;0;0;0;0;1;2;7;11
25.10.2024;11:56;A 10;1;4;16;3;8;1;2;0;0;0;100;0;100;3;5;5;28;6;91;0;100;0;100;0;0;1;2;0;0;0;0;5;7
25.10.2024;11:55;A 10;1;4;12;5;10;5;11;0;0;0;100;0;100;5;7;2;4;2;95;4;77;1;73;0;0;0;0;0;0;0;0;6;17
25.10.2024;11:54;A 10;1;5;28;4;5;4;4;0;0;0;100;0;100;2;3;0;0;3;71;2;77;3;43;0;0;0;0;0;0;1;1;9;18
25.10.2024;11:53;A 10;1;5;12;4;8;1;1;0;0;0;100;0;100;2;2;2;3;2;75;3;72;1;27;0;0;0;0;0;0;2;4;6;10
25.10.2024;11:52;A 10;1;0;0;4;7;2;3;0;0;0;100;0;100;3;5;2;4;2;70;3;60;2;65;0;0;0;0;0;0;0;0;9;16
25.10.2024;11:51;A 10;1;6;14;3;6;4;10;0;0;0;100;0;100;3;18;5;13;8;59;1;1;1;89;0;0;0;0;0;0;1;5;11;19
25.10.2024;11:50;A 10;1;7;44;4;5;3;3;0;0;0;100;0;100;5;7;1;1;2;12;4;90;2;76;0;0;0;0;0;0;1;1;8;22
25.10.2024;11:49;A 10;1;3;3;2;3;1;2;0;0;0;100;0;100;1;1;0;0;2;31;4;76;2;71;0;0;0;0;0;0;1;1;8;24
25.10.2024;11:48;A 10;1;7;52;1;1;2;2;0;0;0;100;0;100;5;10;3;5;4;32;5;16;3;73;0;0;0;0;0;0;2;3;4;8
25.10.2024;11:47;A 10;1;3;15;3;6;2;4;0;0;0;100;0;100;1;1;3;6;5;17;0;33;1;46;0;0;0;0;0;0;2;4;2;3
25.10.2024;11:46;A 10;1;3;5;2;3;1;2;0;0;0;100;0;100;1;1;2;3;4;11;7;58;5;23;0;0;0;0;0;0;1;2;7;20
25.10.2024;11:45;A 10;1;6;53;6;13;2;3;0;0;0;100;0;100;5;45;7;17;3;9;2;3;1;61;0;0;0;0;0;0;0;0;4;6
25.10.2024;11:44;A 10;1;2;4;2;3;2;2;0;0;0;100;0;100;5;9;5;11;3;7;2;88;2;3;0;0;1;2;1;2;3;3;10;31
25.10.2024;11:43;A 10;1;3;14;3;5;0;0;0;0;0;100;0;100;4;33;4;8;3;50;0;100;1;82;0;0;0;0;0;0;0;0;2;2
25.10.2024;11:42;A 10;1;1;2;3;6;2;3;0;0;0;100;0;100;4;25;2;4;5;29;2;39;2;71;0;0;0;0;0;0;1;1;6;16
25.10.2024;11:41;A 10;1;3;10;0;0;3;3;0;0;0;100;0;100;4;6;3;6;2;42;1;71;3;95;0;0;0;0;1;2;0;0;7;14
25.10.2024;11:40;A 10;1;7;52;2;4;1;1;0;0;0;100;0;100;4;9;3;6;4;32;4;69;4;50;0;0;0;0;0;0;2;3;8;12
25.10.2024;11:39;A 10;1;7;14;4;16;2;3;0;0;0;100;0;100;3;6;3;5;4;12;4;52;4;83;0;0;0;0;0;0;2;3;3;5
25.10.2024;11:38;A 10;1;2;2;4;8;1;2;0;0;0;100;0;100;6;15;4;6;5;63;3;74;2;55;0;0;0;0;0;0;1;2;7;17
25.10.2024;11:37;A 10;1;7;39;1;1;1;2;0;0;0;100;0;100;3;6;2;3;4;48;2;94;1;4;0;0;0;0;0;0;1;5;5;7
25.10.2024;11:36;A 10;1;1;1;1;3;1;1;0;0;0;100;0;100;3;4;1;1;2;7;3;91;4;82;0;0;0;0;0;0;1;1;7;14
25.10.2024;11:35;A 10;1;1;4;7;10;1;1;0;0;0;100;0;100;2;8;2;3;3;8;2;73;1;71;0;0;0;0;0;0;0;0;4;6
25.10.2024;11:34;A 10;1;3;17;2;3;0;0;0;0;0;100;0;100;3;6;3;18;3;22;2;72;3;66;0;0;0;0;0;0;0;0;7;12
25.10.2024;11:33;A 10;1;8;57;5;6;3;4;0;0;0;100;0;100;4;10;5;27;4;14;5;62;1;19;0;0;0;0;0;0;1;4;9;19
25.10.2024;11:32;A 10;1;1;2;1;4;0;0;0;0;0;100;0;100;3;8;4;7;3;42;4;77;0;0;0;0;0;0;0;0;1;28;5;7
25.10.2024;11:31;A 10;1;6;16;2;3;1;1;0;0;0;100;0;100;2;3;0;0;7;55;6;62;3;4;0;0;0;0;0;0;1;3;3;6
25.10.2024;11:30;A 10;1;5;15;3;3;0;0;0;0;0;100;0;100;4;10;3;7;5;29;2;2;1;82;0;0;0;0;0;0;0;0;7;11
25.10.2024;11:29;A 10;1;5;24;2;25;2;3;0;0;0;100;0;100;3;5;1;1;0;0;3;48;5;23;0;0;0;0;0;0;3;7;7;10
25.10.2024;11:28;A 10;1;11;62;4;41;0;0;0;0;0;100;0;100;2;3;2;3;2;26;1;99;1;96;0;0;1;2;0;0;0;0;6;14
25.10.2024;11:27;A 10;1;2;16;1;1;0;0;0;0;0;100;0;100;2;3;4;20;4;29;3;56;1;54;0;0;0;0;0;0;1;1;5;9
25.10.2024;11:26;A 10;1;9;39;3;5;2;3;0;0;0;100;0;100;5;10;4;29;4;12;5;86;2;48;0;0;0;0;0;0;1;1;7;13
25.10.2024;11:25;A 10;1;0;0;1;2;1;1;0;0;0;100;0;100;2;4;1;1;5;24;1;60;1;74;0;0;0;0;0;0;0;0;2;3
25.10.2024;11:24;A 10;1;6;62;2;3;1;1;0;0;0;100;0;100;4;6;4;6;3;9;2;23;8;8;1;1;0;0;1;2;1;2;10;14
25.10.2024;11:23;A 10;1;2;17;2;2;3;4;0;0;0;100;0;100;1;0;2;2;5;43;1;97;1;76;0;0;0;0;0;0;0;0;5;8
25.10.2024;11:22;A 10;1;6;63;3;7;0;0;0;0;0;100;0;100;3;4;5;22;6;47;2;93;0;0;0;0;0;0;0;0;0;0;10;48
25.10.2024;11:21;A 10;1;1;2;4;8;0;0;0;0;0;100;0;100;1;1;0;0;2;14;1;72;0;69;0;0;0;0;0;0;0;0;7;15
25.10.2024;11:20;A 10;1;2;4;3;4;1;1;0;0;0;100;0;100;1;1;1;13;3;11;2;19;1;54;0;0;0;0;0;0;1;5;3;4
25.10.2024;11:19;A 10;1;3;5;2;4;0;0;0;0;0;100;0;100;0;0;5;17;3;9;8;45;1;35;0;0;0;0;0;0;3;6;7;17
25.10.2024;11:18;A 10;1;5;5;4;7;2;3;0;0;0;100;0;100;4;7;2;3;4;13;2;80;0;24;0;0;0;0;1;2;0;0;5;8
25.10.2024;11:17;A 10;1;0;0;6;12;2;4;0;0;0;100;0;100;4;8;4;7;2;4;4;74;2;66;0;0;0;0;0;0;3;5;4;7
25.10.2024;11:16;A 10;1;4;9;2;2;4;8;0;0;0;100;0;100;3;5;4;6;3;9;0;0;1;65;0;0;0;0;0;0;0;0;9;17
25.10.2024;11:15;A 10;1;9;67;2;3;0;0;0;0;0;100;0;100;4;6;2;5;4;11;2;78;1;85;0;0;0;0;0;0;1;2;10;34
25.10.2024;11:14;A 10;1;10;71;6;10;3;3;0;0;0;100;0;100;4;4;2;3;2;7;2;34;0;0;0;0;0;0;0;0;0;0;4;5
25.10.2024;11:13;A 10;1;7;54;2;3;1;1;0;0;0;100;0;100;2;4;3;4;3;23;1;54;1;10;0;0;0;0;0;0;1;2;3;4
25.10.2024;11:12;A 10;1;1;2;2;2;0;0;0;0;0;100;0;100;3;5;3;5;4;31;3;56;1;1;1;2;0;0;0;0;0;0;5;7
25.10.2024;11:11;A 10;1;7;32;4;10;3;6;0;0;0;100;0;100;1;1;1;1;2;7;3;60;2;3;0;0;1;2;0;0;1;1;7;26
25.10.2024;11:10;A 10;1;5;59;4;14;2;3;1;1;0;100;0;100;0;0;2;3;3;90;4;66;1;8;0;0;0;0;0;0;0;0;8;23
25.10.2024;11:09;A 10;1;8;11;2;2;3;3;0;0;0;100;0;100;2;3;0;0;5;51;2;94;3;55;0;0;0;0;1;2;1;2;8;14
25.10.2024;11:08;A 10;1;3;7;1;1;0;0;0;0;1;24;1;24;1;1;0;0;3;9;2;22;2;21;0;0;0;0;0;0;0;0;0;0
25.10.2024;11:07;A 10;1;0;0;0;0;0;0;0;0;0;100;0;100;1;1;1;1;1;3;2;73;0;0;0;0;0;0;0;0;2;3;4;10
25.10.2024;11:06;A 10;1;0;0;1;2;2;1;0;0;0;100;0;100;0;0;2;2;2;4;4;86;0;52;0;0;0;0;0;0;0;0;4;7
25.10.2024;11:05;A 10;1;2;3;1;2;2;3;0;0;0;100;0;100;1;2;1;1;3;8;6;74;1;17;0;0;0;0;0;0;0;0;5;6
25.10.2024;11:04;A 10;1;7;71;3;3;1;2;0;0;0;100;0;100;1;1;1;2;1;4;3;67;3;25;0;0;0;0;0;0;0;0;9;27
25.10.2024;11:03;A 10;1;5;16;2;2;2;4;0;0;0;100;0;100;2;4;1;2;4;67;4;73;2;81;0;0;0;0;0;0;0;0;8;20
25.10.2024;11:02;A 10;1;5;33;6;13;1;1;0;0;0;100;0;100;1;2;3;7;2;94;3;90;2;27;0;0;0;0;0;0;0;54;12;29
25.10.2024;11:01;A 10;1;2;7;2;2;1;2;0;0;1;22;1;22;1;2;0;0;5;33;3;17;3;18;0;0;0;0;0;0;1;22;4;14
25.10.2024;11:00;A 10;1;5;9;1;1;1;1;0;0;0;100;0;100;0;0;0;0;3;89;1;78;0;74;0;0;0;0;0;0;0;100;9;23
25.10.2024;10:59;A 10;1;3;2;2;2;2;2;0;0;0;100;0;100;2;3;2;4;2;31;1;71;2;64;0;0;0;0;0;0;0;100;5;9
25.10.2024;10:58;A 10;1;3;5;2;3;0;0;0;0;0;100;0;100;4;8;3;7;5;27;8;68;2;64;0;0;0;0;0;0;0;100;7;17
25.10.2024;10:57;A 10;1;3;46;0;2;0;1;0;0;0;100;0;100;3;6;1;1;5;13;2;43;2;33;0;0;0;0;0;0;0;100;7;9
25.10.2024;10:56;A 10;1;4;14;2;81;3;63;0;0;0;100;0;100;2;3;2;3;2;5;5;7;2;50;0;0;1;2;0;0;0;100;11;18
25.10.2024;10:55;A 10;1;5;8;5;9;4;6;0;0;0;100;0;100;4;6;3;3;4;35;0;0;1;30;0;0;0;0;0;0;0;100;7;22
25.10.2024;10:54;A 10;1;9;42;1;2;1;1;0;0;0;100;0;100;4;20;0;0;3;9;2;73;0;0;0;0;0;0;0;0;0;100;3;5
25.10.2024;10:53;A 10;1;2;31;2;2;0;0;0;0;0;100;0;100;1;1;2;3;4;14;1;74;1;40;0;0;0;0;0;0;0;100;6;14
25.10.2024;10:52;A 10;1;7;33;4;6;2;3;0;0;0;100;0;100;1;3;1;1;1;12;2;74;1;53;0;0;0;0;0;0;0;100;5;12
25.10.2024;10:51;A 10;1;0;0;3;5;0;0;0;0;0;100;0;100;5;8;3;5;5;18;4;18;2;62;0;0;0;0;0;0;0;100;8;12
25.10.2024;10:50;A 10;1;5;24;2;3;4;7;0;0;0;100;0;100;2;3;2;3;3;42;3;28;1;73;0;0;0;0;0;0;0;100;7;35
25.10.2024;10:49;A 10;1;4;62;5;53;6;41;0;0;0;100;0;100;3;5;4;7;5;44;1;58;1;14;0;0;0;0;0;0;0;100;10;18
25.10.2024;10:48;A 10;1;4;17;5;38;1;1;0;0;0;100;0;100;0;0;1;1;4;41;0;0;1;18;0;0;0;0;0;0;0;100;5;9
25.10.2024;10:47;A 10;1;0;0;2;3;1;2;0;0;0;100;0;100;1;1;1;2;3;46;2;49;0;0;0;0;0;0;0;0;0;100;6;10
25.10.2024;10:46;A 10;1;3;13;2;3;2;3;0;0;0;100;0;100;3;4;1;1;4;11;0;70;1;70;0;0;1;2;0;0;0;100;9;32
25.10.2024;10:45;A 10;1;0;0;2;3;0;0;0;0;0;100;0;100;3;7;2;3;4;48;4;70;3;81;0;0;0;0;0;0;0;100;5;22
25.10.2024;10:44;A 10;1;7;29;2;3;1;1;0;0;0;100;0;100;3;5;2;3;3;49;1;79;2;44;0;0;0;0;0;0;0;100;6;19
25.10.2024;10:43;A 10;1;0;0;2;3;0;1;0;0;0;100;0;100;5;28;3;4;5;58;1;45;1;33;0;0;0;0;0;0;0;100;3;4
25.10.2024;10:42;A 10;1;6;34;1;1;2;2;0;0;0;100;0;100;3;4;2;3;4;41;2;6;1;59;0;0;0;0;0;0;0;100;9;13
25.10.2024;10:41;A 10;1;5;27;1;1;2;3;0;0;0;100;0;100;0;0;2;3;6;54;1;84;1;38;0;0;0;0;0;0;0;100;5;7
25.10.2024;10:40;A 10;1;5;13;3;4;2;3;0;0;0;100;0;100;2;4;3;4;0;43;3;87;1;79;0;0;0;0;0;0;0;100;3;6
25.10.2024;10:39;A 10;1;2;2;0;0;2;3;0;0;0;100;0;100;1;2;2;4;6;18;2;70;0;67;0;0;0;0;0;0;0;100;3;16
25.10.2024;10:38;A 10;1;6;67;2;27;3;15;0;0;0;100;0;100;1;1;3;10;1;38;3;82;3;66;0;0;0;0;1;2;0;100;4;17
25.10.2024;10:37;A 10;1;3;26;5;13;5;10;0;0;0;100;0;100;1;1;3;6;3;7;2;67;1;33;0;0;0;0;0;0;0;100;4;9
25.10.2024;10:36;A 10;1;0;0;2;4;1;1;0;0;0;100;0;100;2;2;6;18;4;8;2;65;1;35;0;0;0;0;0;0;0;100;4;5
25.10.2024;10:35;A 10;1;5;48;3;4;0;0;0;0;0;100;0;100;4;8;3;4;5;37;3;84;1;1;0;0;0;0;0;0;1;24;9;18
25.10.2024;10:34;A 10;1;5;29;4;6;2;3;0;0;0;100;0;100;0;0;0;0;2;47;1;1;1;1;0;0;0;0;0;0;1;2;4;4
25.10.2024;10:33;A 10;1;0;0;2;27;1;1;0;0;0;100;0;100;1;2;5;9;5;56;2;79;0;0;0;0;1;2;0;0;0;0;4;4
25.10.2024;10:32;A 10;1;4;22;3;31;1;1;0;0;0;100;0;100;3;30;3;3;1;37;4;76;2;62;0;0;0;0;0;0;0;0;10;24
25.10.2024;10:31;A 10;1;6;66;3;37;3;6;0;0;0;100;0;100;3;26;2;3;4;31;5;77;2;54;0;0;0;0;0;0;1;2;5;24
25.10.2024;10:30;A 10;1;6;42;2;5;2;4;0;0;0;100;0;100;4;6;2;7;4;23;1;85;1;72;0;0;0;0;0;0;1;2;7;12
25.10.2024;10:29;A 10;1;4;78;2;4;2;3;0;0;0;100;0;100;1;1;5;22;2;98;4;65;3;29;0;0;0;0;0;0;0;0;2;4
25.10.2024;10:28;A 10;1;9;13;3;3;4;7;0;0;0;100;0;100;3;6;3;7;5;83;1;63;1;43;0;0;0;0;0;0;1;1;4;6
25.10.2024;10:27;A 10;1;1;2;2;2;1;1;0;0;0;100;0;100;2;4;1;3;4;93;0;0;0;0;0;0;0;0;0;0;0;0;9;28
25.10.2024;10:26;A 10;1;7;23;3;6;2;3;0;0;0;100;0;100;2;2;2;5;6;15;3;82;2;82;0;0;0;0;0;0;0;0;8;12
25.10.2024;10:25;A 10;1;1;2;2;4;0;0;0;0;0;100;0;100;2;3;1;1;1;2;0;0;1;69;0;0;0;0;0;0;1;3;11;35
25.10.2024;10:24;A 10;1;10;38;3;5;2;2;0;0;0;100;0;100;1;2;1;2;4;11;4;60;1;22;0;0;0;0;0;0;1;3;4;15
25.10.2024;10:23;A 10;1;0;0;1;1;0;0;0;0;0;100;0;100;4;9;2;3;2;7;5;76;1;32;0;0;0;0;1;2;2;2;1;2
25.10.2024;10:22;A 10;1;5;24;4;6;2;5;0;0;0;100;0;100;6;46;5;32;2;6;4;80;3;62;0;0;0;0;0;0;0;0;7;16
25.10.2024;10:21;A 10;1;1;11;4;5;1;1;0;0;0;100;0;100;4;8;2;2;4;31;5;86;4;71;0;0;0;0;0;0;1;2;6;12
25.10.2024;10:20;A 10;1;8;29;0;0;1;2;0;0;0;100;0;100;7;26;3;6;3;8;1;97;1;81;0;0;0;0;0;0;1;2;8;16
25.10.2024;10:19;A 10;1;1;1;1;1;1;2;0;0;0;100;0;100;1;1;2;6;3;7;1;81;0;0;0;0;0;0;1;2;1;2;3;3
25.10.2024;10:18;A 10;1;8;65;4;6;3;3;0;0;0;100;0;100;0;0;2;3;3;12;2;93;1;55;0;0;1;2;0;0;1;3;2;3
25.10.2024;10:17;A 10;1;0;0;1;1;1;2;0;0;0;100;0;100;1;1;0;0;3;28;2;80;0;60;0;0;0;0;1;2;0;0;2;3
25.10.2024;10:16;A 10;1;5;11;2;3;0;0;0;0;0;100;0;100;3;7;3;5;3;12;2;74;1;24;0;0;0;0;0;0;3;9;8;14
25.10.2024;10:15;A 10;1;5;5;6;9;2;3;0;0;0;100;0;100;2;3;2;3;4;34;1;20;0;19;0;0;0;0;0;0;0;0;4;6
25.10.2024;10:14;A 10;1;5;62;1;1;0;0;0;0;0;100;0;100;2;3;2;3;4;47;1;64;2;66;0;0;0;0;0;0;2;3;3;4
25.10.2024;10:13;A 10;1;4;9;2;4;3;4;0;0;0;100;0;100;1;1;2;5;2;6;3;81;2;84;0;0;0;0;0;0;1;1;6;20
25.10.2024;10:12;A 10;1;10;32;2;8;1;3;0;0;0;100;0;100;1;1;5;14;2;7;7;11;0;3;0;0;0;0;0;0;1;1;7;10
25.10.2024;10:11;A 10;1;4;53;6;10;6;9;0;0;0;100;0;100;0;0;1;1;4;10;0;0;0;100;0;0;1;2;0;0;3;11;0;1
25.10.2024;10:10;A 10;1;8;57;2;4;1;1;0;0;0;100;0;100;3;4;0;0;2;7;6;60;2;74;0;0;0;0;0;0;1;11;5;6
25.10.2024;10:09;A 10;1;5;85;2;1;1;1;0;0;0;100;0;100;4;14;3;6;2;24;3;92;2;81;0;0;0;0;0;0;0;100;7;17
25.10.2024;10:08;A 10;1;6;77;5;9;4;6;0;0;0;100;0;100;5;19;6;39;4;26;3;69;1;41;0;0;0;0;0;0;0;100;10;16
25.10.2024;10:07;A 10;1;8;42;2;3;1;1;0;0;0;100;0;100;1;2;2;3;1;3;0;2;1;3;0;0;0;0;0;0;0;100;6;13
25.10.2024;10:06;A 10;1;1;10;3;10;1;1;0;0;0;100;0;100;4;5;2;3;3;52;1;82;1;88;0;0;0;0;0;0;0;100;6;9
25.10.2024;10:05;A 10;1;5;63;5;50;4;9;0;0;0;100;0;100;1;1;3;6;2;78;0;91;1;32;0;0;0;0;0;0;0;100;10;17
25.10.2024;10:04;A 10;1;4;8;4;48;3;4;0;0;0;100;0;100;4;37;2;3;5;36;2;18;0;0;0;0;0;0;0;0;0;100;3;9
25.10.2024;10:03;A 10;1;5;64;6;62;3;4;0;0;0;100;0;100;3;11;3;5;3;9;0;0;1;20;0;0;0;0;0;0;0;100;4;18
25.10.2024;10:02;A 10;1;5;84;1;1;0;0;0;0;0;100;0;100;3;5;1;1;4;14;2;34;0;0;0;0;0;0;0;0;0;100;4;7
25.10.2024;10:01;A 10;1;6;46;7;9;2;2;0;0;0;100;0;100;2;4;4;7;3;8;0;0;1;1;0;0;0;0;0;0;0;100;4;4
25.10.2024;10:00;A 10;1;1;1;1;2;2;3;0;0;0;100;0;100;1;2;1;1;0;0;3;46;1;41;0;0;1;2;0;0;0;100;4;7
25.10.2024;09:59;A 10;1;8;70;3;4;5;7;0;0;0;100;0;100;1;2;2;3;1;2;1;82;1;82;0;0;0;0;0;0;0;100;4;4
25.10.2024;09:58;A 10;1;8;15;1;2;4;5;0;0;0;100;0;100;4;10;1;1;0;0;0;0;1;69;0;0;0;0;0;0;0;100;2;2
25.10.2024;09:57;A 10;1;0;0;0;0;0;0;0;0;0;100;0;100;1;3;2;6;1;31;1;70;1;69;0;0;0;0;0;0;0;100;4;6
25.10.2024;09:56;A 10;1;3;7;1;1;3;5;0;0;1;7;1;7;3;7;3;7;2;9;1;21;1;7;0;0;0;0;0;0;1;7;1;1
25.10.2024;09:55;A 10;1;3;6;1;2;0;0;0;0;0;100;0;100;4;25;3;5;3;8;4;70;3;70;0;0;0;0;0;0;0;100;4;7
25.10.2024;09:54;A 10;1;7;53;4;8;1;1;0;0;0;100;0;100;2;2;2;4;2;11;3;71;2;59;0;0;0;0;0;0;0;100;7;13
25.10.2024;09:53;A 10;1;2;4;3;5;2;3;0;0;0;100;0;100;3;5;7;20;3;17;1;73;0;0;0;0;0;0;0;0;0;100;5;9
25.10.2024;09:52;A 10;1;5;20;3;5;2;3;0;0;0;100;0;100;3;5;6;38;4;81;1;77;0;0;0;0;0;0;0;0;0;100;5;6
25.10.2024;09:51;A 10;1;3;16;2;3;1;2;0;0;0;100;0;100;2;4;4;9;3;10;2;90;1;3;0;0;0;0;0;0;0;100;11;37
25.10.2024;09:50;A 10;1;1;31;2;2;4;5;0;0;0;100;0;100;1;2;0;0;1;37;5;80;2;2;0;0;0;0;0;0;0;100;8;13
25.10.2024;09:49;A 10;1;7;42;3;5;1;1;0;0;0;100;0;100;2;6;2;5;5;33;2;85;1;71;0;0;1;2;0;0;0;100;6;10
25.10.2024;09:48;A 10;1;10;47;2;5;2;3;0;0;0;100;0;100;4;11;4;12;2;4;5;70;2;78;0;0;0;0;0;0;1;78;13;38
25.10.2024;09:47;A 10;1;4;15;3;5;1;1;0;0;0;100;0;100;5;12;3;19;4;17;3;66;4;72;0;0;0;0;0;0;1;1;8;15
25.10.2024;09:46;A 10;1;2;3;3;6;1;3;0;0;0;100;0;100;1;1;1;1;2;71;1;14;1;41;0;0;0;0;1;2;1;2;7;19
25.10.2024;09:45;A 10;1;5;21;2;3;4;19;0;0;0;100;0;100;5;27;3;11;6;63;1;98;0;0;0;0;0;0;0;0;0;0;7;32
25.10.2024;09:44;A 10;1;5;46;7;13;3;5;0;0;0;100;0;100;2;6;1;2;0;0;1;72;3;66;0;0;0;0;0;0;0;0;4;6
25.10.2024;09:43;A 10;1;2;4;1;1;3;4;0;0;0;100;0;100;3;5;1;2;3;9;1;20;1;44;0;0;0;0;0;0;0;0;2;3
25.10.2024;09:42;A 10;1;4;19;4;12;3;17;0;0;0;100;0;100;2;3;3;16;2;4;3;5;0;50;0;0;0;0;0;0;2;6;2;4
25.10.2024;09:41;A 10;1;2;4;7;10;4;19;0;0;1;91;1;90;2;3;4;13;3;8;1;28;1;22;0;0;0;0;0;0;1;2;3;5
25.10.2024;09:39;A 10;1;6;9;1;3;1;1;0;0;0;100;0;100;2;8;3;7;3;41;2;88;1;75;0;0;0;0;1;2;0;0;7;13
25.10.2024;09:38;A 10;1;3;35;6;32;2;2;0;0;0;100;0;100;1;2;3;4;8;59;2;86;1;49;0;0;0;0;0;0;0;0;2;3
25.10.2024;09:37;A 10;1;5;49;2;7;1;1;0;0;0;100;0;100;2;3;1;1;3;54;2;79;2;92;0;0;0;0;0;0;0;0;5;8
25.10.2024;09:36;A 10;1;1;2;4;6;3;3;0;0;0;100;0;100;3;29;2;3;3;47;0;70;1;71;0;0;0;0;0;0;0;0;5;9
25.10.2024;09:35;A 10;1;3;8;1;2;0;0;0;0;1;40;1;40;1;15;3;6;3;12;3;27;2;19;1;13;0;0;0;0;0;0;7;11
25.10.2024;09:34;A 10;1;2;13;1;2;0;0;0;0;0;100;0;100;1;1;2;4;0;0;2;2;0;0;0;0;0;0;0;0;0;0;5;5
25.10.2024;09:33;A 10;1;2;3;1;1;0;0;0;0;0;100;0;100;2;3;1;2;4;46;4;26;1;24;0;0;0;0;0;0;2;2;1;22
25.10.2024;09:32;A 10;1;10;59;3;7;4;5;0;0;0;100;0;100;5;6;4;5;3;9;6;42;2;17;0;0;0;0;0;0;2;5;5;15
25.10.2024;09:31;A 10;1;7;11;3;3;2;2;0;0;0;100;0;100;2;5;1;1;2;43;1;71;1;68;0;0;0;0;0;0;6;22;8;13
25.10.2024;09:30;A 10;1;3;52;2;3;1;2;0;0;0;100;0;100;4;6;1;2;4;12;1;13;1;1;0;0;0;0;0;0;1;2;6;9
25.10.2024;09:29;A 10;1;8;38;3;7;2;3;0;0;0;100;0;100;5;6;6;6;6;11;1;15;0;0;0;0;0;0;0;0;1;1;3;6
25.10.2024;09:28;A 10;1;2;4;1;6;2;3;0;0;0;100;0;100;0;0;1;3;2;19;3;36;1;14;0;0;0;0;0;0;0;0;7;15
25.10.2024;09:27;A 10;1;8;23;3;5;2;3;0;0;0;100;0;100;2;3;4;8;3;6;1;61;0;56;0;0;1;2;0;0;0;0;5;10
25.10.2024;09:26;A 10;1;4;45;5;9;3;5;0;0;0;100;0;100;2;2;8;9;3;50;1;98;1;24;0;0;0;0;0;0;1;4;7;13
25.10.2024;09:25;A 10;1;7;19;1;8;0;0;0;0;0;100;0;100;1;1;2;2;5;16;5;63;1;10;0;0;0;0;0;0;0;0;2;4
25.10.2024;09:24;A 10;1;5;10;5;18;2;6;0;0;0;100;0;100;1;1;1;1;4;9;4;62;2;2;1;1;0;0;1;2;0;0;0;0
25.10.2024;09:23;A 10;1;5;21;4;6;3;5;0;0;0;100;0;100;5;5;7;8;3;5;1;30;0;0;0;0;0;0;0;0;1;1;5;7
25.10.2024;09:22;A 10;1;6;17;5;15;3;5;0;0;0;100;0;100;0;0;0;0;1;9;4;63;0;57;0;0;0;0;0;0;1;2;5;8
25.10.2024;09:21;A 10;1;4;87;2;53;1;1;0;0;0;100;0;100;1;1;4;3;3;43;3;68;2;43;0;0;0;0;0;0;1;2;5;9
25.10.2024;09:20;A 10;1;8;76;5;8;3;7;0;0;0;100;0;100;2;2;3;4;5;14;1;45;0;0;0;0;0;0;0;0;0;0;5;7
25.10.2024;09:19;A 10;1;10;26;3;3;3;4;0;0;0;100;0;100;3;3;2;2;4;20;3;64;2;63;0;0;0;0;0;0;1;1;9;29
25.10.2024;09:18;A 10;1;3;7;1;1;0;0;0;0;0;100;0;100;0;0;0;0;4;24;4;47;3;45;0;0;0;0;0;0;3;8;2;3
25.10.2024;09:17;A 10;1;5;49;3;3;1;1;0;0;0;100;0;100;5;12;3;3;3;46;1;97;0;0;0;0;0;0;0;0;0;0;7;11
25.10.2024;09:16;A 10;1;1;2;2;3;0;0;0;0;0;100;0;100;1;1;1;1;5;22;2;66;5;67;1;1;0;0;1;2;1;2;11;58
25.10.2024;09:15;A 10;1;1;2;0;0;3;5;0;0;0;100;0;100;0;0;0;0;3;10;4;62;1;13;0;0;0;0;0;0;0;0;2;2
25.10.2024;09:14;A 10;1;2;3;5;41;0;1;0;0;0;100;0;100;1;1;2;3;3;10;1;34;1;31;0;0;0;0;0;0;0;0;4;9
25.10.2024;09:13;A 10;1;2;2;7;13;2;2;0;0;0;100;0;100;2;3;2;3;4;43;2;74;1;27;1;1;0;0;0;0;1;1;5;9
25.10.2024;09:12;A 10;1;0;27;3;5;0;0;0;0;0;100;0;100;1;0;0;0;0;100;3;34;1;17;0;0;0;0;0;0;0;65;1;2
25.10.2024;09:11;A 10;1;7;42;3;7;3;3;0;0;0;100;0;100;1;1;2;3;5;51;1;97;1;20;0;0;1;2;0;0;0;100;6;12
25.10.2024;09:10;A 10;1;2;3;2;4;2;3;0;0;0;100;0;100;2;2;2;3;2;4;1;18;2;30;0;0;0;0;0;0;0;100;5;9
25.10.2024;09:09;A 10;1;1;1;0;0;2;3;0;0;0;100;0;100;3;5;2;3;2;5;2;5;0;6;0;0;0;0;0;0;0;100;3;4
25.10.2024;09:08;A 10;1;7;29;2;18;4;8;0;0;0;100;0;100;3;4;2;3;5;13;0;0;1;14;0;0;0;0;0;0;0;100;3;6
25.10.2024;09:07;A 10;1;5;16;5;11;0;0;0;0;0;100;0;100;4;11;2;2;1;2;3;59;1;4;0;0;0;0;1;2;0;100;12;37
25.10.2024;09:06;A 10;1;3;7;2;91;4;69;0;0;0;100;0;100;3;6;1;6;4;15;3;8;0;6;0;0;0;0;0;0;0;100;1;2
25.10.2024;09:05;A 10;1;7;32;1;1;3;4;0;0;0;100;0;100;4;4;5;5;3;6;1;79;1;24;0;0;0;0;0;0;0;100;7;15
25.10.2024;09:04;A 10;1;5;11;4;6;0;0;0;0;0;100;0;100;3;3;1;1;5;39;4;23;2;27;0;0;0;0;0;0;0;100;9;21
25.10.2024;09:03;A 10;1;0;0;2;2;0;0;0;0;0;100;0;100;2;3;1;1;3;15;2;11;1;2;0;0;0;0;0;0;0;100;3;7
25.10.2024;09:02;A 10;1;2;3;2;2;0;0;0;0;0;100;0;100;4;6;5;6;5;10;1;91;0;0;0;0;0;0;0;0;0;100;8;22
25.10.2024;09:01;A 10;1;3;3;4;5;0;0;0;0;0;100;0;100;0;0;2;2;4;47;3;41;0;0;0;0;0;0;0;0;0;100;3;5
25.10.2024;09:00;A 10;1;3;6;2;3;1;1;0;0;0;100;0;100;1;2;1;2;2;93;2;20;1;19;0;0;0;0;0;0;0;100;3;8
25.10.2024;08:59;A 10;1;5;22;3;50;1;2;0;0;0;100;0;100;3;3;2;2;4;85;1;99;1;64;0;0;0;0;0;0;0;100;5;8
25.10.2024;08:58;A 10;1;8;35;7;33;3;18;0;0;0;100;0;100;4;6;2;3;1;99;0;78;1;43;0;0;0;0;0;0;0;100;5;24
25.10.2024;08:57;A 10;1;3;23;4;88;4;11;0;0;0;100;0;100;0;0;2;3;4;10;4;44;0;7;0;0;1;2;0;0;0;100;5;10
25.10.2024;08:56;A 10;1;7;21;2;8;1;2;0;0;0;100;0;100;0;0;2;2;4;23;1;18;1;18;0;0;0;0;0;0;0;100;4;6
25.10.2024;08:55;A 10;1;5;15;4;7;1;1;0;0;0;100;0;100;2;2;4;4;2;9;5;64;1;26;0;0;0;0;0;0;0;100;5;8
25.10.2024;08:54;A 10;1;3;34;5;33;4;8;0;0;0;100;0;100;0;0;1;2;4;11;3;56;2;16;0;0;0;0;0;0;0;100;12;46
25.10.2024;08:53;A 10;1;6;25;1;2;1;1;0;0;0;100;0;100;2;3;2;2;6;37;1;15;1;84;0;0;0;0;0;0;0;100;6;9
25.10.2024;08:52;A 10;1;3;13;2;6;2;5;0;0;0;100;0;100;1;2;1;1;1;7;0;0;0;0;0;0;0;0;0;0;0;100;1;1
25.10.2024;08:51;A 10;1;2;39;1;2;0;0;2;1;0;100;0;100;1;79;1;2;4;11;5;18;5;16;0;0;0;0;1;2;0;100;1;1
25.10.2024;08:50;A 10;1;7;44;3;3;2;3;0;0;0;100;0;100;5;6;7;11;3;9;1;86;1;23;0;0;0;0;0;0;0;100;3;5
25.10.2024;08:49;A 10;1;8;12;6;7;4;5;0;0;0;100;0;100;7;9;3;3;3;17;1;59;1;58;0;0;0;0;0;0;0;100;6;17
25.10.2024;08:48;A 10;1;0;0;1;1;0;0;0;0;0;100;0;100;1;2;2;2;4;12;4;89;2;34;0;0;0;0;0;0;0;100;3;7
25.10.2024;08:47;A 10;1;5;14;3;21;1;2;0;0;0;100;0;100;2;3;2;4;4;48;4;41;1;16;1;1;1;2;0;0;0;100;3;6
25.10.2024;08:46;A 10;1;3;5;5;6;1;1;0;0;0;100;0;100;1;1;2;3;2;3;1;80;0;0;0;0;0;0;0;0;0;100;6;8
25.10.2024;08:45;A 10;1;3;7;3;9;1;2;0;0;0;100;0;100;0;0;1;1;1;4;2;11;1;8;0;0;0;0;0;0;0;100;5;7
25.10.2024;08:44;A 10;1;2;51;2;3;2;3;0;0;0;100;0;100;2;2;5;6;3;6;1;19;1;19;0;0;0;0;0;0;0;100;5;7
25.10.2024;08:43;A 10;1;6;19;2;5;4;9;0;0;0;100;0;100;0;0;3;3;2;5;2;38;2;69;0;0;0;0;0;0;0;100;9;14
25.10.2024;08:42;A 10;1;1;2;1;1;0;0;0;0;0;100;0;100;2;3;1;1;3;9;3;11;1;40;0;0;0;0;0;0;0;100;8;19
25.10.2024;08:41;A 10;1;5;55;3;4;1;1;0;0;0;100;0;100;3;3;1;1;4;8;1;24;1;17;0;0;0;0;0;0;0;100;6;9
25.10.2024;08:40;A 10;1;3;4;6;9;1;1;0;0;0;100;0;100;3;4;4;6;0;0;4;19;1;1;0;0;0;0;0;0;0;100;7;13
25.10.2024;08:39;A 10;1;2;3;5;7;2;3;0;0;0;100;0;100;1;8;4;8;1;4;1;14;1;9;0;0;0;0;1;2;0;100;5;8
25.10.2024;08:38;A 10;1;3;10;2;6;1;1;0;0;0;100;0;100;5;6;3;5;1;78;0;100;1;78;0;0;0;0;0;0;1;20;6;9
25.10.2024;08:37;A 10;1;6;16;2;3;1;1;0;0;0;100;0;100;4;5;0;0;6;88;5;61;2;37;0;0;0;0;0;0;0;0;10;18
25.10.2024;08:36;A 10;1;4;61;2;5;2;2;0;0;0;100;0;100;1;2;2;3;5;19;2;15;0;10;0;0;0;0;0;0;0;0;8;18
25.10.2024;08:35;A 10;1;8;24;3;5;0;0;0;0;1;91;1;90;3;4;3;4;7;14;1;92;1;11;0;0;0;0;0;0;0;0;9;13
25.10.2024;08:33;A 10;1;2;4;1;4;0;0;0;0;0;100;0;100;3;5;2;3;3;17;2;11;3;14;1;1;0;0;0;0;0;0;5;20
25.10.2024;08:32;A 10;1;4;11;5;13;5;44;0;0;0;100;0;100;2;4;4;5;3;5;1;22;1;20;0;0;0;0;0;0;1;1;5;8
25.10.2024;08:31;A 10;1;4;16;7;14;4;13;0;0;0;100;0;100;1;1;1;1;2;10;2;31;4;7;2;3;0;0;0;0;4;3;9;20
25.10.2024;08:30;A 10;1;3;15;2;94;5;74;0;0;0;100;0;100;2;3;1;1;3;9;1;7;0;0;0;0;0;0;0;0;3;14;3;27
25.10.2024;08:29;A 10;1;7;21;2;3;2;4;0;0;0;100;0;100;5;9;3;3;3;15;1;87;1;1;0;0;0;0;0;0;1;2;5;8
25.10.2024;08:28;A 10;1;7;12;3;4;0;0;0;0;0;100;0;100;3;3;6;17;4;7;4;57;0;0;0;0;0;0;0;0;1;2;2;3
25.10.2024;08:27;A 10;1;1;3;3;4;2;3;0;0;0;100;0;100;1;1;3;12;2;5;2;60;0;0;0;0;1;2;0;0;0;0;4;6
25.10.2024;08:26;A 10;1;4;56;1;55;1;1;0;0;0;100;0;100;7;8;8;11;3;13;1;24;0;0;0;0;0;0;0;0;1;1;6;9
25.10.2024;08:25;A 10;1;4;7;7;11;2;8;0;0;0;100;0;100;4;5;5;5;5;52;2;29;4;33;0;0;0;0;0;0;1;2;5;11
25.10.2024;08:24;A 10;1;7;13;2;2;4;14;0;0;0;100;0;100;2;3;4;6;2;27;4;9;2;9;0;0;0;0;0;0;0;0;8;27
25.10.2024;08:23;A 10;1;1;1;1;2;0;0;0;0;0;100;0;100;1;1;5;6;3;6;0;0;1;40;0;0;0;0;0;0;0;0;6;25
25.10.2024;08:22;A 10;1;5;34;3;5;5;23;0;0;0;100;0;100;3;9;2;3;0;0;2;76;4;76;0;0;0;0;1;2;1;2;8;26
25.10.2024;08:21;A 10;1;3;27;4;7;3;6;0;0;0;100;0;100;2;4;1;1;1;2;3;20;0;8;0;0;0;0;0;0;1;1;3;5
25.10.2024;08:20;A 10;1;8;42;3;5;4;9;0;0;0;100;0;100;4;7;6;6;3;10;1;26;1;1;0;0;0;0;0;0;1;5;8;15
25.10.2024;08:19;A 10;1;0;0;1;2;1;1;0;0;0;100;0;100;1;2;4;4;1;2;1;56;1;35;0;0;0;0;0;0;1;1;5;5
25.10.2024;08:18;A 10;1;6;32;5;10;3;6;0;0;0;100;0;100;1;2;1;2;2;6;2;50;0;3;0;0;0;0;1;2;0;0;2;2
25.10.2024;08:17;A 10;1;0;0;3;4;1;4;0;0;0;100;0;100;0;0;1;1;4;18;1;92;1;58;0;0;0;0;0;0;0;0;6;8
25.10.2024;08:16;A 10;1;4;8;4;26;6;6;0;0;0;100;0;100;1;2;1;1;2;33;2;72;3;31;0;0;0;0;0;0;0;0;4;6
25.10.2024;08:15;A 10;1;3;45;3;48;1;1;0;0;0;100;0;100;1;2;2;3;4;14;1;47;0;5;0;0;1;2;0;0;1;2;3;5
25.10.2024;08:14;A 10;1;7;24;5;9;1;1;0;0;0;100;0;100;1;1;4;6;3;8;1;10;1;17;0;0;0;0;0;0;0;0;11;17
25.10.2024;08:13;A 10;1;2;4;5;6;1;1;0;0;0;100;0;100;1;2;3;3;1;2;3;72;1;1;0;0;0;0;0;0;0;0;3;5
25.10.2024;08:12;A 10;1;1;2;1;1;0;0;0;0;0;100;0;100;2;3;1;1;1;2;1;58;2;62;0;0;1;2;0;0;0;0;3;6
25.10.2024;08:11;A 10;1;6;22;1;7;0;0;0;0;1;39;1;39;4;5;3;3;4;21;1;38;1;19;0;0;0;0;0;0;1;8;3;4
25.10.2024;08:10;A 10;1;9;79;2;3;1;2;0;0;0;100;0;100;3;5;1;1;2;4;2;59;1;1;0;0;0;0;0;0;0;100;3;6
25.10.2024;08:09;A 10;1;3;36;4;6;2;3;0;0;0;100;0;100;1;1;1;1;3;6;1;65;0;11;0;0;0;0;0;0;0;100;3;6
25.10.2024;08:08;A 10;1;0;0;4;6;0;0;0;0;0;100;0;100;4;4;4;6;7;59;1;96;1;42;0;0;0;0;0;0;0;100;7;14
25.10.2024;08:07;A 10;1;5;8;3;8;2;7;0;0;0;100;0;100;2;2;1;1;2;4;1;53;0;50;0;0;0;0;1;2;0;100;2;4
25.10.2024;08:06;A 10;1;1;1;5;53;3;69;0;0;0;100;0;100;1;1;2;3;4;11;1;71;1;4;0;0;0;0;0;0;0;100;2;1
25.10.2024;08:05;A 10;1;1;2;5;13;4;8;0;0;0;100;0;100;2;3;2;2;2;2;1;82;0;0;0;0;0;0;0;0;0;100;7;13
25.10.2024;08:04;A 10;1;6;17;3;8;1;1;0;0;0;100;0;100;1;1;2;2;3;4;5;72;3;57;0;0;0;0;0;0;0;100;5;14
25.10.2024;08:03;A 10;1;3;54;5;12;3;5;0;0;0;100;0;100;3;6;0;0;1;2;2;81;1;43;0;0;0;0;0;0;0;100;5;9
25.10.2024;08:02;A 10;1;2;6;4;6;1;2;0;0;0;100;0;100;2;3;5;6;1;1;1;21;0;0;0;0;0;0;0;0;0;100;4;7
25.10.2024;08:01;A 10;1;8;21;1;1;0;0;0;0;0;100;0;100;3;4;1;1;3;21;5;64;3;18;0;0;0;0;0;0;0;100;5;9
25.10.2024;08:00;A 10;1;2;2;2;4;0;1;0;0;0;100;0;100;2;3;2;3;2;21;3;48;2;10;0;0;0;0;0;0;0;100;6;10
25.10.2024;07:59;A 10;1;7;24;4;9;1;0;0;0;0;100;0;100;2;3;2;3;5;23;1;22;1;20;0;0;0;0;0;0;0;100;3;5
25.10.2024;07:58;A 10;1;6;11;2;8;0;4;0;0;0;100;0;100;2;1;8;9;3;13;1;24;0;0;0;0;0;0;0;0;0;100;6;10
25.10.2024;07:57;A 10;1;2;3;1;19;3;10;0;0;1;46;1;45;2;6;3;7;2;11;0;0;0;0;0;0;1;2;0;0;1;45;3;6
25.10.2024;07:55;A 10;1;5;15;2;3;1;1;0;0;0;100;0;100;0;0;1;1;1;2;3;62;4;45;0;0;0;0;0;0;0;100;12;33
25.10.2024;07:54;A 10;1;3;50;0;0;1;2;0;0;1;96;1;96;1;1;1;2;2;3;6;50;4;8;0;0;0;0;1;2;1;96;6;7
25.10.2024;07:52;A 10;1;6;17;2;3;1;1;0;0;0;100;0;100;1;2;3;4;1;12;2;64;2;39;0;0;0;0;0;0;0;100;9;15
25.10.2024;07:51;A 10;1;1;1;4;9;1;2;0;0;0;100;0;100;1;2;3;4;3;5;4;40;1;15;0;0;0;0;0;0;1;56;4;8
25.10.2024;07:50;A 10;1;4;45;3;7;5;9;0;0;0;100;0;100;0;0;3;3;3;8;1;22;1;9;0;0;0;0;0;0;18;45;4;7
25.10.2024;07:49;A 10;1;1;2;4;15;1;1;0;0;0;100;0;100;5;7;5;6;2;12;3;63;2;34;0;0;0;0;0;0;0;0;7;11
25.10.2024;07:48;A 10;1;2;3;4;36;2;5;0;0;0;100;0;100;0;0;0;0;4;12;3;41;2;8;0;0;0;0;0;0;0;0;5;10
25.10.2024;07:47;A 10;1;1;1;1;1;2;3;0;0;0;100;0;100;4;7;4;6;3;7;1;67;1;66;0;0;0;0;0;0;1;1;4;8
25.10.2024;07:46;A 10;1;8;75;4;7;3;23;0;0;0;100;0;100;4;5;2;2;2;6;1;71;0;0;0;0;0;0;0;0;0;0;6;19
25.10.2024;07:45;A 10;1;4;23;2;4;3;7;0;0;0;100;0;100;0;0;2;3;4;10;3;62;0;0;0;0;1;2;0;0;0;0;6;9
25.10.2024;07:44;A 10;1;7;36;7;30;2;55;0;0;0;100;0;100;1;2;2;2;4;40;1;59;0;0;0;0;0;0;0;0;1;2;8;14
25.10.2024;07:43;A 10;1;6;16;6;12;6;21;0;0;0;100;0;100;0;0;0;0;1;1;3;23;1;1;0;0;0;0;1;2;0;0;3;5
25.10.2024;07:42;A 10;1;1;1;0;0;1;3;0;0;0;100;0;100;0;0;1;1;0;0;3;13;0;0;0;0;0;0;0;0;0;0;2;5
25.10.2024;07:41;A 10;1;3;49;6;9;2;5;0;0;0;100;0;100;5;6;8;16;4;29;1;64;0;0;0;0;0;0;0;0;1;1;7;12
25.10.2024;07:40;A 10;1;2;3;1;1;1;1;0;0;0;100;0;100;3;5;2;2;3;8;4;57;3;40;0;0;0;0;1;2;0;0;5;7
25.10.2024;07:39;A 10;1;1;1;3;5;2;3;0;0;0;100;0;100;0;0;1;1;4;13;0;17;2;18;0;0;0;0;0;0;0;0;2;6
25.10.2024;07:38;A 10;1;8;50;3;6;1;1;0;0;0;100;0;100;3;4;7;8;3;19;1;19;1;15;0;0;0;0;0;0;1;2;2;3
25.10.2024;07:37;A 10;1;4;9;2;5;0;0;0;0;0;100;0;100;5;5;2;1;2;3;1;18;1;24;0;0;0;0;0;0;0;0;5;7
25.10.2024;07:36;A 10;1;3;49;4;4;0;0;0;0;0;100;0;100;2;4;0;0;1;2;4;17;1;8;0;0;0;0;0;0;0;0;3;4
25.10.2024;07:35;A 10;1;2;5;4;9;0;0;0;0;0;100;0;100;2;3;1;1;1;4;1;85;1;85;0;0;0;0;0;0;0;0;5;11
25.10.2024;07:34;A 10;1;4;20;5;7;4;5;0;0;0;100;0;100;1;1;3;4;4;51;3;46;1;1;0;0;0;0;0;0;0;88;4;5
25.10.2024;07:33;A 10;1;4;16;1;2;0;0;0;0;0;100;0;100;2;4;0;0;0;100;6;14;1;2;0;0;0;0;0;0;0;100;6;12
25.10.2024;07:32;A 10;1;6;27;4;10;0;0;0;0;0;100;0;100;2;3;7;9;5;25;0;0;0;0;0;0;0;0;0;0;0;100;5;8
25.10.2024;07:31;A 10;1;2;7;3;5;3;7;0;0;0;100;0;100;2;2;1;1;1;2;2;6;0;0;1;1;0;0;1;2;0;100;6;26
25.10.2024;07:30;A 10;1;3;53;0;0;1;1;0;0;0;100;0;100;1;2;2;3;2;5;2;10;2;5;0;0;0;0;0;0;0;100;2;4
25.10.2024;07:29;A 10;1;3;7;6;9;1;1;0;0;0;100;0;100;1;2;1;1;3;9;1;39;0;0;0;0;0;0;0;0;0;100;3;5
25.10.2024;07:28;A 10;1;0;0;1;1;0;0;0;0;0;100;0;100;4;6;3;4;4;12;0;0;0;0;0;0;0;0;0;0;0;100;1;2
25.10.2024;07:27;A 10;1;6;11;5;7;1;1;0;0;0;100;0;100;0;0;1;2;2;4;0;58;0;0;0;0;1;2;0;0;0;100;4;11
25.10.2024;07:26;A 10;1;3;27;2;2;2;2;0;0;0;100;0;100;0;0;3;4;4;7;1;94;0;0;0;0;0;0;0;0;0;100;4;7
25.10.2024;07:25;A 10;1;3;11;2;6;1;1;0;0;0;100;0;100;4;8;4;3;1;2;1;34;2;43;0;0;0;0;0;0;0;100;4;6
25.10.2024;07:24;A 10;1;2;10;3;43;1;1;0;0;0;100;0;100;1;1;2;4;2;5;1;7;0;0;0;0;0;0;0;0;0;100;3;5
25.10.2024;07:23;A 10;1;0;0;1;1;0;0;0;0;0;100;0;100;1;1;2;3;3;14;1;76;0;0;0;0;0;0;0;0;0;100;2;3
25.10.2024;07:22;A 10;1;5;15;0;0;0;0;0;0;0;100;0;100;2;2;3;4;5;38;4;73;2;19;1;2;0;0;0;0;0;100;6;25
25.10.2024;07:21;A 10;1;4;52;3;5;0;0;0;0;0;100;0;100;1;2;2;4;3;9;6;34;1;6;0;0;0;0;1;2;0;100;9;18
25.10.2024;07:20;A 10;1;4;7;3;9;3;7;0;0;0;100;0;100;3;4;6;6;6;12;1;26;1;12;0;0;0;0;0;0;0;100;3;3
25.10.2024;07:19;A 10;1;3;5;2;3;1;1;0;0;0;100;0;100;2;2;3;3;3;10;2;35;1;60;0;0;0;0;0;0;0;100;4;7
25.10.2024;07:18;A 10;1;2;4;5;9;2;3;0;0;0;100;0;100;2;4;0;0;2;5;4;17;2;45;0;0;0;0;0;0;1;75;3;18
25.10.2024;07:17;A 10;1;9;31;5;10;2;2;0;0;0;100;0;100;0;0;2;3;5;10;0;100;1;8;0;0;0;0;0;0;0;0;2;3
25.10.2024;07:16;A 10;1;4;6;4;6;0;0;0;0;0;100;0;100;1;1;0;0;3;5;4;31;1;5;0;0;0;0;0;0;0;0;1;1
25.10.2024;07:15;A 10;1;2;5;1;2;0;0;0;0;0;100;0;100;2;4;0;0;1;2;4;11;1;3;0;0;0;0;0;0;0;0;0;0
25.10.2024;07:14;A 10;1;1;1;2;23;0;0;0;0;0;100;0;100;3;6;1;1;3;5;0;100;0;0;0;0;0;0;0;0;2;8;2;3
25.10.2024;07:13;A 10;1;2;7;4;7;1;2;0;0;0;100;0;100;2;3;6;7;2;7;8;77;2;41;0;0;0;0;0;0;0;0;5;11
25.10.2024;07:12;A 10;1;8;72;5;9;2;3;0;0;0;100;0;100;2;3;1;1;2;7;1;60;0;0;0;0;1;2;0;0;0;53;2;2
25.10.2024;07:11;A 10;1;5;90;3;4;0;0;0;0;0;100;0;100;0;0;3;4;1;2;1;26;0;0;0;0;0;0;0;0;0;100;6;12
25.10.2024;07:10;A 10;1;3;4;1;1;2;5;0;0;0;100;0;100;0;0;0;0;1;2;2;67;2;25;0;0;0;0;0;0;0;100;5;12
25.10.2024;07:09;A 10;1;5;11;2;3;0;0;0;0;0;100;0;100;2;4;1;2;3;6;4;53;0;0;0;0;0;0;0;0;0;100;3;13
25.10.2024;07:08;A 10;1;1;2;2;2;2;3;0;0;0;100;0;100;4;5;6;10;3;5;1;68;0;0;0;0;0;0;0;0;0;100;2;4
25.10.2024;07:07;A 10;1;6;10;1;1;0;0;0;0;0;100;0;100;4;6;1;1;1;13;1;40;0;0;0;0;0;0;0;0;0;100;3;4
25.10.2024;07:06;A 10;1;3;5;2;6;0;0;0;0;0;100;0;100;2;3;2;4;3;9;1;14;1;11;0;0;0;0;0;0;0;100;4;13
25.10.2024;07:05;A 10;1;5;17;2;21;1;2;0;0;0;100;0;100;0;0;1;1;3;12;1;24;0;0;0;0;0;0;0;0;0;100;5;15
25.10.2024;07:04;A 10;1;1;24;4;8;1;1;0;0;0;100;0;100;1;1;2;3;5;43;2;81;1;75;0;0;0;0;1;2;0;100;10;16
25.10.2024;07:03;A 10;1;7;64;2;2;0;0;0;0;0;100;0;100;1;2;3;6;2;4;1;66;1;14;0;0;0;0;0;0;0;100;3;15
25.10.2024;07:02;A 10;1;1;52;0;0;1;1;0;0;0;100;0;100;1;4;2;3;1;3;1;17;1;0;0;0;0;0;0;0;0;100;1;2
25.10.2024;07:01;A 10;1;7;41;1;1;1;2;0;0;0;100;0;100;2;2;4;6;3;6;2;61;2;29;0;0;0;0;0;0;0;100;2;3
25.10.2024;07:00;A 10;1;2;3;3;5;2;3;0;0;0;100;0;100;1;2;1;2;1;2;2;30;1;13;0;0;0;0;0;0;0;100;1;2
25.10.2024;06:59;A 10;1;1;52;2;3;0;0;0;0;0;100;0;100;2;3;4;10;5;11;1;4;1;30;0;0;0;0;0;0;0;100;6;13
25.10.2024;06:58;A 10;1;3;5;2;3;0;0;0;0;0;100;0;100;3;3;4;5;1;1;2;55;1;1;0;0;0;0;0;0;0;100;4;9
25.10.2024;06:57;A 10;1;3;40;1;6;1;1;0;0;0;100;0;100;1;1;1;1;2;5;1;9;1;9;0;0;0;0;0;0;0;100;6;11
25.10.2024;06:56;A 10;1;1;1;1;1;1;1;0;0;0;100;0;100;3;6;7;12;3;8;1;15;2;33;0;0;1;2;0;0;1;33;3;10
25.10.2024;06:55;A 10;1;7;16;3;4;1;1;0;0;0;100;0;100;2;2;2;3;1;17;1;17;0;0;0;0;0;0;0;0;0;0;4;8
25.10.2024;06:54;A 10;1;5;9;1;2;0;0;0;0;0;100;0;100;1;3;0;0;3;9;3;7;0;0;0;0;0;0;0;0;0;0;3;5
25.10.2024;06:53;A 10;1;7;38;2;3;0;0;0;0;0;100;0;100;5;6;4;5;4;10;0;0;0;0;0;0;0;0;0;0;0;0;5;9
25.10.2024;06:52;A 10;1;1;1;3;4;0;0;0;0;0;100;0;100;0;0;0;0;2;14;3;25;1;1;0;0;0;0;0;0;0;0;6;8
25.10.2024;06:51;A 10;1;2;6;1;1;1;1;0;0;0;100;0;100;1;2;1;2;4;11;2;12;0;0;0;0;0;0;0;0;1;1;0;1
25.10.2024;06:50;A 10;1;6;17;2;2;0;0;0;0;0;100;0;100;2;3;5;6;5;55;1;31;0;0;0;0;0;0;0;0;0;0;1;1
25.10.2024;06:49;A 10;1;1;2;2;2;0;0;0;0;0;100;0;100;0;0;4;4;0;0;0;54;2;49;0;0;0;0;0;0;0;0;2;6
25.10.2024;06:48;A 10;1;4;47;2;3;1;1;0;0;0;100;0;100;1;5;1;5;4;10;1;6;0;0;0;0;0;0;0;0;1;1;2;5
25.10.2024;06:47;A 10;1;0;32;2;3;3;4;0;0;0;100;0;100;0;0;5;7;5;57;1;4;0;0;0;0;1;2;0;0;1;9;4;7
25.10.2024;06:46;A 10;1;4;47;1;1;0;0;0;0;0;100;0;100;0;0;5;6;2;18;0;0;0;0;0;0;0;0;0;0;4;12;3;4
25.10.2024;06:45;A 10;1;5;63;1;1;2;2;0;0;0;100;0;100;2;3;3;4;4;19;0;0;0;0;0;0;0;0;0;0;0;0;5;14
25.10.2024;06:44;A 10;1;9;26;5;6;1;1;0;0;0;100;0;100;2;2;3;4;3;9;0;0;0;0;0;0;0;0;0;0;0;0;2;3
25.10.2024;06:43;A 10;1;4;5;2;9;1;1;0;0;0;100;0;100;1;1;1;1;2;3;2;68;1;61;0;0;0;0;0;0;0;0;3;4
25.10.2024;06:42;A 10;1;1;3;3;70;0;1;0;0;0;100;0;100;0;0;2;3;3;6;2;62;1;53;0;0;0;0;0;0;0;0;1;1
25.10.2024;06:41;A 10;1;4;5;5;8;2;1;0;0;0;100;0;100;0;0;3;4;3;10;1;40;0;0;0;0;0;0;0;0;0;0;3;6
25.10.2024;06:40;A 10;1;6;11;2;5;1;3;0;0;0;100;0;100;1;1;0;0;2;6;1;60;2;36;0;0;0;0;0;0;1;3;3;5
25.10.2024;06:39;A 10;1;3;12;3;6;2;5;0;0;0;100;0;100;1;1;1;1;1;2;4;54;0;0;0;0;0;0;0;0;0;0;2;3
25.10.2024;06:38;A 10;1;8;56;3;5;3;3;0;0;0;100;0;100;3;4;4;5;2;7;0;0;0;0;0;0;0;0;0;0;0;0;2;4
25.10.2024;06:37;A 10;1;2;6;2;2;0;0;0;0;0;100;0;100;1;1;1;1;2;4;2;58;1;27;0;0;0;0;0;0;0;0;4;7
25.10.2024;06:36;A 10;1;5;29;2;3;1;1;0;0;0;100;0;100;1;1;1;1;2;4;3;83;1;14;0;0;0;0;2;3;0;0;1;2
25.10.2024;06:35;A 10;1;1;2;1;1;0;0;0;0;0;100;0;100;3;4;4;8;4;11;1;93;0;0;0;0;0;0;0;0;0;0;2;2
25.10.2024;06:34;A 10;1;3;10;2;4;1;1;0;0;0;100;0;100;1;2;3;14;2;3;1;60;0;57;0;0;0;0;0;0;1;7;0;0
25.10.2024;06:33;A 10;1;0;0;4;59;4;6;0;0;0;100;0;100;3;7;6;24;3;13;1;31;2;66;0;0;0;0;0;0;0;0;1;1
25.10.2024;06:32;A 10;1;6;6;2;3;0;0;0;0;0;100;0;100;0;0;2;2;1;2;0;100;0;100;0;0;0;0;0;0;0;0;1;5
25.10.2024;06:31;A 10;1;7;64;3;7;0;0;0;0;0;100;0;100;2;2;0;0;1;2;1;51;1;13;0;0;0;0;0;0;0;0;1;1
25.10.2024;06:30;A 10;1;0;0;2;4;0;0;0;0;0;100;0;100;0;0;1;2;4;42;0;0;0;0;0;0;0;0;0;0;0;0;3;7
25.10.2024;06:29;A 10;1;4;5;3;10;2;2;0;0;0;100;0;100;2;3;4;8;4;12;0;0;2;1;0;0;0;0;0;0;0;0;2;3
25.10.2024;06:28;A 10;1;3;21;1;1;0;0;0;0;0;100;0;100;0;0;0;0;4;12;2;18;0;5;0;0;0;0;0;0;1;11;3;7
25.10.2024;06:27;A 10;1;3;37;0;0;0;0;0;0;0;100;0;100;2;3;1;1;3;5;0;100;0;100;0;0;1;2;0;0;0;0;0;0
25.10.2024;06:26;A 10;1;5;20;0;0;0;0;0;0;0;100;0;100;1;1;5;22;3;11;1;68;1;2;0;0;0;0;0;0;2;3;4;7
25.10.2024;06:25;A 10;1;11;67;1;1;1;1;0;0;0;100;0;100;4;9;5;17;2;7;2;44;0;35;0;0;0;0;0;0;0;0;2;3
25.10.2024;06:24;A 10;1;1;31;1;1;0;0;0;0;0;100;0;100;0;0;0;0;3;9;0;0;1;63;0;0;0;0;0;0;0;0;3;4
25.10.2024;06:23;A 10;1;3;11;3;3;2;3;0;0;0;100;0;100;2;4;3;6;1;2;0;1;0;0;0;0;0;0;0;0;0;0;3;4
25.10.2024;06:22;A 10;1;1;2;1;1;1;1;0;0;0;100;0;100;0;0;5;23;1;2;1;88;0;0;0;0;0;0;0;1;0;0;0;0
25.10.2024;06:21;A 10;1;3;5;3;5;0;0;0;0;0;100;0;100;1;1;0;0;0;0;1;4;0;0;0;0;0;0;1;1;0;0;3;6
25.10.2024;06:20;A 10;1;7;18;1;1;2;2;0;0;0;100;0;100;1;1;3;5;4;10;3;76;1;72;0;0;0;0;0;0;1;2;0;0
25.10.2024;06:19;A 10;1;4;16;1;1;0;0;0;0;0;100;0;100;2;3;1;1;2;5;1;74;1;23;0;0;0;0;0;0;0;0;3;3
25.10.2024;06:18;A 10;1;3;12;1;2;2;4;0;0;1;24;1;24;0;0;3;7;0;0;1;24;0;0;0;0;0;0;0;0;1;1;0;0
25.10.2024;06:17;A 10;1;1;1;2;3;0;0;0;0;0;100;0;100;3;5;3;4;3;8;1;4;0;0;0;0;0;0;1;2;0;0;1;1
25.10.2024;06:16;A 10;1;2;1;1;1;0;0;0;0;0;100;0;100;3;4;2;3;2;4;1;3;0;0;0;0;0;0;0;0;0;0;2;3
25.10.2024;06:15;A 10;1;3;30;5;8;1;1;0;0;0;100;0;100;1;3;1;1;3;26;1;85;0;0;0;0;0;0;0;0;0;0;1;2
25.10.2024;06:14;A 10;1;1;2;0;0;1;1;0;0;0;100;0;100;0;0;1;1;0;0;0;0;0;0;0;0;0;0;0;0;0;0;2;4
25.10.2024;06:13;A 10;1;6;29;2;3;1;1;0;0;0;100;0;100;0;0;0;0;0;0;2;46;0;0;0;0;0;0;0;0;0;0;3;6
25.10.2024;06:12;A 10;1;4;9;0;0;2;4;0;0;0;100;0;100;1;1;4;6;1;30;1;14;0;0;0;0;0;0;0;0;0;0;0;0
25.10.2024;06:11;A 10;1;4;37;1;2;2;2;0;0;0;100;0;100;0;0;3;6;4;23;1;24;0;0;0;0;1;2;0;0;0;0;2;3
25.10.2024;06:10;A 10;1;2;5;3;5;0;0;0;0;0;100;0;100;1;1;0;0;4;16;0;0;0;0;0;0;0;0;0;0;0;0;1;1
25.10.2024;06:09;A 10;1;0;0;2;2;0;0;0;0;0;100;0;100;1;2;0;0;5;46;1;5;0;0;0;0;0;0;0;0;0;0;3;7
25.10.2024;06:08;A 10;1;5;46;2;3;0;0;0;0;0;100;0;100;1;1;1;1;2;4;2;66;0;0;0;0;0;0;0;0;0;0;1;1
25.10.2024;06:07;A 10;1;1;1;1;1;0;0;0;0;0;100;0;100;0;0;0;0;0;0;2;39;0;0;0;0;0;0;0;0;1;2;0;0
25.10.2024;06:06;A 10;1;2;4;3;7;3;4;0;0;0;100;0;100;0;0;3;4;2;8;0;73;0;0;0;0;0;0;0;0;1;2;2;3
25.10.2024;06:05;A 10;1;3;4;2;3;1;2;0;0;0;100;0;100;2;4;2;4;4;7;2;19;1;51;0;0;0;0;0;0;0;0;4;5
25.10.2024;06:04;A 10;1;2;4;1;2;0;0;0;0;0;100;0;100;1;1;2;3;1;3;1;10;1;38;0;0;0;0;0;0;0;0;1;3
25.10.2024;06:03;A 10;1;4;30;1;1;0;0;0;0;0;100;0;100;0;0;1;1;0;0;1;41;0;0;0;0;0;0;1;2;0;0;3;5
25.10.2024;06:02;A 10;1;4;33;0;0;1;2;0;0;0;100;0;100;0;0;1;2;1;2;1;59;0;0;0;0;0;0;0;0;0;0;4;7
25.10.2024;06:01;A 10;1;2;4;3;5;1;1;0;0;0;100;0;100;0;0;0;0;3;9;0;0;0;0;0;0;0;0;0;0;1;3;0;0
25.10.2024;06:00;A 10;1;1;1;0;0;0;0;0;0;0;100;0;100;1;1;1;1;2;4;1;80;0;0;0;0;0;0;0;0;0;0;0;0
25.10.2024;05:59;A 10;1;6;12;2;3;1;1;0;0;1;56;1;56;0;0;0;0;1;2;2;30;2;29;0;0;0;0;0;0;0;0;1;1
25.10.2024;05:57;A 10;1;2;4;2;5;2;3;0;0;0;100;0;100;0;0;0;0;2;6;2;62;0;35;0;0;0;0;0;0;0;0;2;4
25.10.2024;05:56;A 10;1;7;78;4;5;2;3;0;0;0;100;0;100;1;2;1;2;0;0;1;26;1;22;0;0;0;0;0;0;0;0;0;0
25.10.2024;05:55;A 10;1;5;22;2;4;0;0;0;0;0;100;0;100;1;1;2;2;0;0;1;1;1;3;0;0;0;0;0;0;0;0;0;0
25.10.2024;05:54;A 10;1;5;16;1;2;0;0;0;0;0;100;0;100;1;1;2;3;4;54;0;0;1;82;0;0;0;0;0;0;0;0;0;0
25.10.2024;05:53;A 10;1;6;11;1;1;1;1;0;0;0;100;0;100;0;0;0;0;3;6;0;0;1;70;0;0;0;0;0;0;0;0;2;2
25.10.2024;05:52;A 10;1;3;8;1;1;0;0;0;0;0;100;0;100;3;4;1;2;1;4;4;70;2;62;0;0;0;0;0;0;0;0;0;0
25.10.2024;05:51;A 10;1;5;12;1;1;0;0;0;0;0;100;0;100;1;1;3;5;5;13;0;0;0;51;0;0;0;0;0;0;0;0;0;0
25.10.2024;05:50;A 10;1;6;16;0;0;0;0;0;0;0;100;0;100;0;0;3;4;1;1;0;0;1;11;0;0;0;0;0;0;0;0;0;0
25.10.2024;05:49;A 10;1;4;6;1;2;1;2;0;0;0;100;0;100;3;7;6;6;2;4;1;29;0;0;0;0;0;0;0;0;0;0;1;0
25.10.2024;05:48;A 10;1;3;9;1;1;0;0;0;0;0;100;0;100;1;2;0;0;0;0;0;1;0;0;0;0;0;0;0;0;0;0;4;8
25.10.2024;05:47;A 10;1;1;2;2;3;1;1;0;0;0;100;0;100;0;0;2;2;0;0;1;8;0;0;0;0;0;0;0;0;0;0;1;2
25.10.2024;05:46;A 10;1;4;6;2;4;0;0;0;0;0;100;0;100;0;0;4;6;1;3;0;0;0;0;0;0;0;0;0;0;0;0;1;1
25.10.2024;05:45;A 10;1;0;28;0;0;0;0;0;0;0;100;0;100;3;9;3;5;1;2;0;68;1;1;0;0;0;0;0;0;0;0;0;0
25.10.2024;05:44;A 10;1;4;24;2;3;1;1;0;0;0;100;0;100;0;0;1;2;1;2;2;33;0;0;0;0;0;0;0;0;1;3;4;6
25.10.2024;05:43;A 10;1;3;18;3;4;0;0;0;0;0;100;0;100;1;2;2;3;1;2;1;43;0;0;0;0;0;0;0;0;0;0;0;0
25.10.2024;05:42;A 10;1;4;9;1;2;0;0;0;0;0;100;0;100;2;2;2;3;1;2;1;13;0;0;0;0;0;0;0;0;0;0;2;3
25.10.2024;05:41;A 10;1;1;4;1;3;0;0;0;0;0;100;0;100;1;0;3;6;4;11;1;1;0;0;0;0;0;0;0;0;1;2;0;0
25.10.2024;05:40;A 10;1;2;5;2;3;2;2;0;0;0;100;0;100;0;0;2;3;2;6;0;0;0;0;0;0;0;0;0;0;0;0;2;2
25.10.2024;05:39;A 10;1;2;7;1;3;0;0;0;0;0;100;0;100;0;0;2;3;0;0;1;59;0;0;0;0;0;0;0;0;0;0;1;1
25.10.2024;05:38;A 10;1;3;6;1;1;1;1;0;0;0;100;0;100;2;3;1;1;1;2;1;73;0;0;0;0;0;0;1;2;0;0;3;7
25.10.2024;05:37;A 10;1;2;6;2;3;0;0;0;0;0;100;0;100;3;4;2;3;3;4;0;0;0;0;0;0;0;0;0;0;1;1;0;0
25.10.2024;05:36;A 10;1;3;6;1;1;0;0;0;0;0;100;0;100;0;0;3;5;1;3;0;0;0;0;0;0;0;0;0;0;0;0;1;1
25.10.2024;05:35;A 10;1;0;0;1;5;1;2;0;0;0;100;0;100;0;0;2;3;2;4;0;0;0;0;0;0;0;0;0;0;0;0;1;2
25.10.2024;05:34;A 10;1;3;3;0;0;0;0;0;0;0;100;0;100;0;0;1;2;2;4;0;0;0;0;0;0;0;0;0;0;1;1;0;0
25.10.2024;05:33;A 10;1;4;6;0;0;0;0;0;0;0;100;0;100;1;2;3;4;0;0;0;0;0;0;0;0;0;0;0;0;0;0;1;1
25.10.2024;05:32;A 10;1;1;1;0;0;0;0;0;0;0;100;0;100;0;0;1;1;0;0;2;79;0;0;0;0;0;0;1;2;0;0;1;2
25.10.2024;05:31;A 10;1;2;2;1;1;1;1;0;0;0;100;0;100;0;0;1;1;2;3;1;18;0;0;0;0;0;0;0;0;1;3;3;5
25.10.2024;05:30;A 10;1;0;0;2;3;1;1;0;0;0;100;0;100;2;4;1;1;1;2;0;58;1;54;0;0;0;0;0;0;0;0;0;0
25.10.2024;05:29;A 10;1;0;0;2;13;2;3;0;0;0;100;0;100;0;0;1;1;1;3;1;22;1;21;0;0;0;0;0;0;0;0;2;3
25.10.2024;05:28;A 10;1;3;12;1;2;0;0;0;0;0;100;0;100;0;0;1;1;0;0;1;1;0;0;0;0;0;0;0;0;0;0;3;10
25.10.2024;05:27;A 10;1;3;4;0;0;0;0;0;0;0;100;0;100;1;4;0;0;0;0;0;0;0;0;0;0;1;2;0;0;0;0;1;1
25.10.2024;05:26;A 10;1;1;1;0;0;0;0;0;0;0;100;0;100;0;0;1;1;0;0;0;0;0;0;0;0;0;0;0;0;0;0;0;0
25.10.2024;05:25;A 10;1;0;0;0;0;0;0;0;0;0;100;0;100;0;0;2;4;0;0;2;35;0;0;0;0;0;0;0;0;0;0;0;0
25.10.2024;05:24;A 10;1;1;1;1;1;1;2;0;0;0;100;0;100;1;2;2;2;1;3;0;0;0;0;0;0;0;0;0;0;0;0;0;0
25.10.2024;05:23;A 10;1;2;6;0;0;0;0;0;0;0;100;0;100;1;1;0;0;0;0;0;52;0;0;0;0;0;0;0;0;0;0;0;0
25.10.2024;05:22;A 10;1;2;7;0;0;0;0;0;0;0;100;0;100;1;1;1;1;1;2;2;80;0;34;0;0;0;0;0;0;0;0;0;0
25.10.2024;05:21;A 10;1;0;0;0;0;0;0;0;0;0;100;0;100;1;2;2;4;0;0;1;67;1;14;0;0;0;0;0;0;1;2;1;2
25.10.2024;05:20;A 10;1;0;0;1;1;0;0;0;0;0;100;0;100;0;0;1;2;1;2;0;0;0;0;0;0;0;0;0;0;0;0;1;2
25.10.2024;05:19;A 10;1;3;10;2;3;0;0;0;0;0;100;0;100;1;1;0;0;1;2;0;0;1;1;0;0;0;0;0;0;1;1;0;0
25.10.2024;05:18;A 10;1;2;3;0;0;0;0;0;0;0;100;0;100;0;0;1;2;2;8;0;0;0;0;0;0;0;0;0;0;0;0;0;0
25.10.2024;05:17;A 10;1;0;0;0;0;0;0;0;0;0;100;0;100;0;0;0;0;1;3;0;0;0;0;0;0;0;0;0;0;0;0;2;4
25.10.2024;05:16;A 10;1;3;6;0;0;0;0;0;0;0;100;0;100;0;0;3;3;0;0;0;0;0;0;0;0;0;0;0;0;0;0;2;3
25.10.2024;05:15;A 10;1;1;2;2;6;0;0;0;0;0;100;0;100;0;0;0;0;0;0;1;2;0;0;0;0;0;0;0;0;0;0;1;1
25.10.2024;05:14;A 10;1;1;3;0;0;0;0;0;0;0;100;0;100;1;2;1;2;1;3;0;0;0;0;0;0;0;0;0;0;0;0;1;3
25.10.2024;05:13;A 10;1;0;0;1;2;0;0;0;0;0;100;0;100;0;0;0;0;1;2;0;0;0;0;0;0;0;0;0;0;0;0;0;0
25.10.2024;05:12;A 10;1;1;2;1;1;0;0;0;0;0;100;0;100;1;1;1;1;2;4;0;0;0;0;0;0;0;0;0;0;0;0;1;1
25.10.2024;05:11;A 10;1;0;0;0;1;0;0;0;0;0;100;0;100;0;0;1;2;0;0;0;0;0;0;0;0;0;0;0;0;0;0;0;0
25.10.2024;05:10;A 10;1;1;2;1;0;0;0;0;0;0;100;0;100;0;0;0;0;2;5;0;0;0;0;0;0;0;0;0;0;0;0;0;0
25.10.2024;05:09;A 10;1;0;0;0;0;0;0;0;0;0;100;0;100;1;1;1;1;1;3;0;56;0;0;0;0;0;0;0;0;0;0;4;6
25.10.2024;05:08;A 10;1;1;1;0;0;0;0;0;0;0;100;0;100;2;2;2;3;0;0;1;12;0;0;0;0;0;0;0;0;0;0;2;3
25.10.2024;05:07;A 10;1;0;0;1;1;0;0;0;0;0;100;0;100;1;2;1;1;1;3;0;21;0;0;0;0;0;0;0;0;0;0;0;0
25.10.2024;05:06;A 10;1;0;0;1;7;1;1;0;0;0;100;0;100;0;0;1;1;1;2;1;4;0;0;0;0;0;0;0;0;0;0;1;2
25.10.2024;05:05;A 10;1;0;0;1;1;0;0;0;0;0;100;0;100;1;1;0;0;1;2;0;0;0;0;0;0;0;0;0;0;1;1;0;0
25.10.2024;05:04;A 10;1;1;1;0;0;0;0;0;0;0;100;0;100;1;1;1;1;0;0;1;28;0;0;0;0;0;0;0;0;0;0;0;0
25.10.2024;05:03;A 10;1;0;0;0;0;0;0;0;0;0;100;0;100;0;0;1;1;0;3;0;0;0;0;0;0;0;0;0;0;0;0;0;0
25.10.2024;05:02;A 10;1;0;0;1;4;3;4;0;0;0;100;0;100;0;0;0;0;2;2;0;0;0;0;0;0;0;0;0;0;0;0;0;0
25.10.2024;05:01;A 10;1;1;1;0;0;0;0;0;0;0;100;0;100;0;0;0;0;1;2;0;0;0;0;0;0;0;0;0;0;0;0;2;3
25.10.2024;05:00;A 10;1;0;0;0;0;0;0;0;0;0;100;0;100;1;1;1;2;1;2;0;0;0;0;0;0;0;0;0;0;0;0;0;0
25.10.2024;04:59;A 10;1;3;5;0;0;0;0;0;0;0;100;0;100;0;0;1;1;0;0;0;0;0;0;0;0;0;0;0;0;0;0;2;5
25.10.2024;04:58;A 10;1;1;1;2;3;1;2;0;0;0;100;0;100;2;3;0;0;0;0;0;0;0;0;0;0;0;0;0;0;0;0;0;0
25.10.2024;04:57;A 10;1;0;0;0;0;0;0;0;0;0;100;0;100;1;1;0;0;0;0;1;82;0;0;0;0;0;0;0;0;0;0;0;0
25.10.2024;04:56;A 10;1;1;2;1;1;0;0;0;0;0;100;0;100;0;0;0;0;0;0;0;0;0;0;0;0;0;0;0;0;0;0;1;1
25.10.2024;04:55;A 10;1;0;0;0;0;0;0;0;0;0;100;0;100;0;0;2;2;1;1;0;0;0;0;0;0;0;0;0;0;0;0;2;3
25.10.2024;04:54;A 10;1;0;0;0;0;0;0;0;0;0;100;0;100;1;1;1;1;2;5;0;0;0;0;0;0;0;0;0;0;0;0;1;1
25.10.2024;04:53;A 10;1;0;0;0;0;0;0;0;0;0;100;0;100;0;0;1;2;0;0;0;0;0;0;0;0;0;0;0;0;0;0;0;0
25.10.2024;04:52;A 10;1;0;0;0;0;0;0;0;0;0;100;0;100;1;1;1;0;0;1;0;0;0;0;0;0;0;0;0;0;0;0;0;0
25.10.2024;04:51;A 10;1;0;0;0;0;0;0;0;0;0;100;0;100;0;0;0;0;2;2;0;0;0;0;0;0;0;0;0;0;0;0;1;1
25.10.2024;04:50;A 10;1;0;0;0;0;1;1;0;0;0;100;0;100;0;0;0;0;0;0;0;0;0;0;0;0;0;0;0;0;0;0;0;0
25.10.2024;04:49;A 10;1;1;1;0;0;0;0;0;0;0;100;0;100;1;2;1;1;0;0;0;0;0;0;0;0;0;0;0;0;0;0;0;0
25.10.2024;04:48;A 10;1;0;0;0;0;0;0;0;0;0;100;0;100;0;0;1;2;1;2;0;0;0;0;0;0;0;0;0;0;0;0;0;0
25.10.2024;04:47;A 10;1;1;1;1;1;0;0;0;0;0;100;0;100;1;2;3;7;0;0;0;0;0;0;0;0;0;0;0;0;0;0;0;0
25.10.2024;04:46;A 10;1;0;0;0;0;0;0;0;0;0;100;0;100;0;0;0;0;0;0;0;0;0;0;0;0;0;0;0;0;0;0;0;0
25.10.2024;04:45;A 10;1;0;0;0;0;0;0;0;0;0;100;0;100;0;0;0;0;0;0;0;0;0;0;0;0;0;0;0;0;0;0;0;0
25.10.2024;04:44;A 10;1;1;1;1;1;1;2;0;0;0;100;0;100;3;4;3;3;0;0;0;0;0;0;0;0;0;0;0;0;0;0;0;0
25.10.2024;04:43;A 10;1;1;2;1;2;0;0;0;0;0;100;0;100;2;3;0;0;0;0;0;0;0;0;0;0;0;0;0;0;0;0;0;0
25.10.2024;04:42;A 10;1;0;0;0;0;0;0;0;0;0;100;0;100;0;0;1;1;0;0;0;0;0;0;0;0;0;0;0;0;0;0;1;1
25.10.2024;04:41;A 10;1;0;0;0;0;0;0;0;0;0;100;0;100;0;0;0;0;1;2;0;0;0;0;0;0;0;0;0;0;0;0;0;0
25.10.2024;04:40;A 10;1;0;0;1;1;0;0;0;0;0;100;0;100;0;0;1;2;0;0;0;36;0;0;0;0;0;0;0;0;1;2;0;0
25.10.2024;04:39;A 10;1;1;2;1;1;1;1;0;0;0;100;0;100;0;0;0;0;1;1;2;9;0;0;1;1;0;0;1;2;0;0;0;0
25.10.2024;04:38;A 10;1;0;0;0;0;1;1;0;0;0;100;0;100;0;0;0;0;0;0;0;0;0;0;0;0;0;0;0;0;0;0;0;0
25.10.2024;04:37;A 10;1;0;0;1;2;0;0;0;0;0;100;0;100;0;0;0;0;0;0;0;0;0;0;0;0;0;0;0;0;0;0;1;2
25.10.2024;04:36;A 10;1;1;2;0;0;0;0;0;0;0;100;0;100;0;0;0;0;0;0;0;0;0;0;0;0;0;0;0;0;1;1;0;0
25.10.2024;04:35;A 10;1;0;0;1;5;0;0;0;0;0;100;0;100;0;0;0;0;0;0;0;0;0;0;0;0;0;0;0;0;2;6;1;2
25.10.2024;04:34;A 10;1;0;0;2;8;0;0;0;0;0;100;0;100;0;0;0;0;2;5;0;51;1;2;0;0;0;0;0;0;0;0;0;0
25.10.2024;04:33;A 10;1;0;0;1;1;0;0;0;0;0;100;0;100;0;0;1;1;0;0;1;74;0;0;0;0;0;0;0;0;0;0;0;0
25.10.2024;04:32;A 10;1;0;0;0;0;0;0;0;0;0;100;0;100;0;0;0;0;0;0;1;4;0;0;0;0;0;0;0;0;0;0;1;1
25.10.2024;04:31;A 10;1;2;3;0;0;0;0;0;0;0;100;0;100;0;0;0;0;1;6;0;0;0;0;0;0;0;0;0;0;0;0;0;0
25.10.2024;04:30;A 10;1;0;0;0;0;0;0;0;0;0;100;0;100;1;0;1;1;0;0;0;0;0;0;0;0;0;0;0;0;0;0;0;0
25.10.2024;04:29;A 10;1;0;0;0;0;0;0;0;0;0;100;0;100;0;0;0;0;0;0;0;0;0;0;0;0;0;0;0;0;0;0;0;0
25.10.2024;04:28;A 10;1;1;2;0;0;0;0;0;0;0;100;0;100;0;0;1;1;0;0;1;89;0;0;0;0;0;0;1;2;0;0;0;0
25.10.2024;04:27;A 10;1;1;10;0;0;0;0;0;0;0;100;0;100;0;0;0;0;0;0;0;0;1;2;0;0;0;0;0;0;0;0;0;0
25.10.2024;04:26;A 10;1;1;7;2;3;0;0;0;0;0;100;0;100;0;0;0;0;1;3;0;0;0;0;0;0;0;0;0;0;0;0;1;1
25.10.2024;04:25;A 10;1;1;2;0;0;0;0;0;0;0;100;0;100;0;0;1;2;0;0;0;0;0;16;0;0;0;0;0;0;0;0;0;0
25.10.2024;04:24;A 10;1;1;1;0;0;0;0;0;0;0;100;0;100;0;0;0;0;2;3;0;0;1;10;0;0;0;0;0;0;0;0;0;0
25.10.2024;04:23;A 10;1;0;0;1;2;0;0;0;0;0;100;0;100;0;0;0;0;0;0;0;0;0;0;0;0;0;0;0;0;0;0;0;0
25.10.2024;04:22;A 10;1;0;0;0;0;0;0;0;0;0;100;0;100;1;2;1;1;1;2;0;0;0;0;0;0;0;0;0;0;0;0;0;0
25.10.2024;04:21;A 10;1;0;0;0;0;0;0;0;0;0;100;0;100;0;0;1;1;0;0;0;0;0;0;0;0;0;0;0;0;0;0;0;0
25.10.2024;04:20;A 10;1;0;0;0;0;0;0;0;0;0;100;0;100;0;0;0;0;0;0;0;0;0;0;0;0;0;0;0;0;0;0;2;3
25.10.2024;04:19;A 10;1;0;0;0;0;0;0;0;0;0;100;0;100;0;0;0;0;0;0;0;0;0;0;0;0;0;0;0;0;0;0;0;0
25.10.2024;04:18;A 10;1;1;2;0;0;0;0;0;0;0;100;0;100;0;0;0;0;0;0;0;0;0;0;0;0;0;0;0;0;0;0;1;1
25.10.2024;04:17;A 10;1;0;0;0;0;0;0;0;0;0;100;0;100;0;0;0;0;0;0;0;10;0;0;0;0;0;0;0;0;0;0;0;0
25.10.2024;04:16;A 10;1;2;5;0;0;0;0;0;0;0;100;0;100;1;2;0;0;1;2;1;75;0;0;0;0;0;0;0;0;0;0;0;0
25.10.2024;04:15;A 10;1;1;2;1;1;0;0;0;0;0;100;0;100;0;0;0;0;0;0;0;0;0;0;0;0;0;0;0;0;0;0;0;0
25.10.2024;04:14;A 10;1;1;1;0;0;0;0;0;0;0;100;0;100;0;0;1;1;0;0;1;68;0;0;0;0;0;0;0;0;0;0;1;1
25.10.2024;04:13;A 10;1;1;2;0;0;0;0;0;0;0;100;0;100;0;1;1;2;0;0;1;12;0;0;0;0;0;0;0;0;0;0;0;0
25.10.2024;04:12;A 10;1;0;0;0;0;0;0;0;0;0;100;0;100;1;1;0;0;0;0;0;0;0;0;0;0;0;0;0;0;0;0;1;1
25.10.2024;04:11;A 10;1;0;0;0;0;0;0;0;0;0;100;0;100;0;0;0;0;1;3;0;24;0;0;0;0;0;0;0;0;0;0;2;4
25.10.2024;04:10;A 10;1;0;0;1;1;0;0;0;0;0;100;0;100;1;1;0;0;0;0;1;45;1;7;0;0;0;0;0;0;0;0;1;2
25.10.2024;04:09;A 10;1;0;0;0;0;0;0;0;0;0;100;0;100;0;0;0;0;0;0;0;0;0;0;0;0;0;0;0;0;0;0;0;0
25.10.2024;04:08;A 10;1;1;2;0;0;0;0;0;0;0;100;0;100;0;0;1;2;0;0;0;0;0;0;0;0;0;0;0;0;0;0;0;0
25.10.2024;04:07;A 10;1;0;0;0;0;1;2;0;0;0;100;0;100;0;0;1;0;0;0;0;0;0;0;0;0;0;0;0;0;0;0;1;1
25.10.2024;04:06;A 10;1;0;0;0;0;0;0;0;0;0;100;0;100;0;0;1;1;0;0;0;0;0;0;0;0;0;0;0;0;0;0;2;3
25.10.2024;04:05;A 10;1;0;0;0;0;0;0;0;0;0;100;0;100;0;0;0;0;0;0;0;0;0;0;0;0;0;0;0;0;0;0;1;1
25.10.2024;04:04;A 10;1;0;0;0;0;0;0;0;0;0;100;0;100;0;0;0;0;0;0;0;0;0;0;0;0;0;0;0;0;0;0;0;0
25.10.2024;04:03;A 10;1;0;0;0;0;0;0;0;0;0;100;0;100;0;0;1;2;0;0;0;0;0;0;0;0;0;0;0;0;0;0;0;0
25.10.2024;04:02;A 10;1;0;0;0;0;0;0;0;0;0;100;0;100;1;1;0;0;0;0;0;0;0;0;0;0;0;0;0;0;0;0;0;0
25.10.2024;04:01;A 10;1;1;2;0;0;0;0;0;0;0;100;0;100;0;0;0;0;0;0;0;0;0;0;0;0;0;0;0;0;0;0;1;2
25.10.2024;04:00;A 10;1;0;0;0;0;0;0;0;0;0;100;0;100;0;0;0;0;1;2;0;0;0;0;0;0;0;0;0;0;0;0;0;0
25.10.2024;03:59;A 10;1;0;0;0;0;0;0;0;0;0;100;0;100;0;0;0;0;0;0;1;11;0;0;0;0;0;0;0;0;0;0;1;1
25.10.2024;03:58;A 10;1;1;1;1;1;0;0;0;0;0;100;0;100;0;0;0;0;0;0;0;0;0;0;0;0;0;0;0;0;0;0;0;0
25.10.2024;03:57;A 10;1;0;0;0;0;1;2;0;0;0;100;0;100;0;0;0;0;0;0;0;21;0;0;0;0;0;0;0;0;0;0;1;1
25.10.2024;03:56;A 10;1;0;0;0;0;0;0;0;0;0;100;0;100;0;0;0;0;2;4;1;66;0;0;0;0;0;0;0;0;1;2;0;0
25.10.2024;03:55;A 10;1;0;0;0;0;0;0;0;0;0;100;0;100;0;0;1;1;0;0;0;0;0;0;0;0;0;0;0;0;0;0;0;0
25.10.2024;03:54;A 10;1;0;0;0;0;0;0;0;0;0;100;0;100;1;2;0;0;0;0;0;0;0;0;0;0;0;0;0;0;0;0;0;0
25.10.2024;03:53;A 10;1;0;0;0;0;0;0;0;0;0;100;0;100;0;0;0;0;0;0;0;0;0;0;0;0;0;0;0;0;1;1;0;0
25.10.2024;03:52;A 10;1;1;2;0;0;1;2;0;0;0;100;0;100;0;0;0;0;0;0;0;0;0;0;0;0;0;0;0;0;0;0;1;2
25.10.2024;03:51;A 10;1;0;0;0;0;0;0;0;0;0;100;0;100;1;2;0;0;0;0;1;2;0;0;0;0;0;0;0;0;0;0;0;0
25.10.2024;03:50;A 10;1;0;0;0;0;0;0;0;0;0;100;0;100;0;0;0;0;0;0;1;2;0;0;0;0;0;0;0;0;0;0;0;0
25.10.2024;03:49;A 10;1;0;0;0;0;0;0;0;0;0;100;0;100;0;0;0;0;0;0;0;0;0;0;0;0;0;0;0;0;0;0;1;1
25.10.2024;03:48;A 10;1;0;0;0;0;0;0;0;0;0;100;0;100;1;2;0;0;0;0;0;0;0;0;0;0;0;0;0;0;0;0;0;0
25.10.2024;03:47;A 10;1;0;0;0;0;0;0;0;0;0;100;0;100;0;0;0;0;0;0;0;0;0;0;0;0;0;0;0;0;0;0;1;2
25.10.2024;03:46;A 10;1;2;2;0;0;0;0;0;0;0;100;0;100;0;0;0;0;0;0;0;0;0;0;0;0;0;0;0;0;0;0;0;0
25.10.2024;03:45;A 10;1;0;0;0;0;0;0;0;0;0;100;0;100;0;0;0;0;0;0;0;0;0;0;0;0;0;0;0;0;0;0;0;0
25.10.2024;03:44;A 10;1;0;0;0;0;0;0;0;0;0;100;0;100;1;7;0;0;0;0;0;0;0;0;0;0;0;0;0;0;0;0;1;1
25.10.2024;03:43;A 10;1;0;0;0;0;0;0;0;0;0;100;0;100;1;1;1;5;0;0;0;0;0;0;0;0;0;0;0;0;0;0;0;0
25.10.2024;03:42;A 10;1;0;15;0;0;0;0;0;0;0;100;0;100;0;0;0;0;0;0;0;0;1;1;0;0;0;0;0;0;0;0;1;1
25.10.2024;03:41;A 10;1;2;20;0;0;0;0;0;0;0;100;0;100;0;0;0;0;0;0;0;0;0;0;0;0;0;0;0;0;0;0;0;0
25.10.2024;03:40;A 10;1;0;0;1;1;0;0;0;0;0;100;0;100;0;0;1;2;0;0;1;17;0;0;0;0;0;0;0;0;0;0;2;2
25.10.2024;03:39;A 10;1;0;0;0;0;0;0;0;0;0;100;0;100;0;0;1;1;1;2;0;0;0;0;0;0;0;0;0;0;0;0;0;0
25.10.2024;03:38;A 10;1;0;0;0;0;0;0;0;0;0;100;0;100;0;0;0;0;0;0;0;0;0;0;0;0;0;0;0;0;0;0;1;1
25.10.2024;03:37;A 10;1;0;0;0;0;0;0;0;0;0;100;0;100;0;0;1;2;1;2;0;0;0;0;0;0;0;0;0;0;0;0;0;0
25.10.2024;03:36;A 10;1;1;2;0;0;0;0;0;0;0;100;0;100;1;3;0;0;0;0;1;2;0;0;0;0;0;0;0;0;0;0;0;0
25.10.2024;03:35;A 10;1;0;0;0;0;0;0;0;0;0;100;0;100;0;0;0;0;0;0;0;0;0;0;0;0;0;0;0;0;0;0;0;0
25.10.2024;03:34;A 10;1;0;0;0;0;0;0;0;0;0;100;0;100;0;0;0;0;0;0;0;0;0;0;0;0;0;0;0;0;0;0;0;0
25.10.2024;03:33;A 10;1;0;0;0;0;0;0;0;0;0;100;0;100;0;0;0;0;0;0;0;0;0;0;0;0;0;0;0;0;0;0;1;1
25.10.2024;03:32;A 10;1;0;0;0;0;0;0;0;0;0;100;0;100;0;0;0;0;0;0;1;2;0;0;0;0;0;0;0;0;0;0;1;1
25.10.2024;03:31;A 10;1;0;0;0;0;0;0;0;0;0;100;0;100;0;0;0;0;0;0;0;0;1;1;0;0;0;0;0;0;0;0;1;1
25.10.2024;03:30;A 10;1;0;0;0;0;0;0;0;0;0;100;0;100;0;0;0;0;0;0;0;0;0;0;0;0;0;0;0;0;0;0;0;0
25.10.2024;03:29;A 10;1;0;0;0;0;0;0;0;0;0;100;0;100;0;0;0;0;0;0;0;25;0;0;0;0;0;0;0;0;0;0;1;1
25.10.2024;03:28;A 10;1;0;0;0;0;0;0;0;0;0;100;0;100;0;0;0;0;0;0;1;33;0;0;0;0;0;0;0;0;0;0;1;1
25.10.2024;03:27;A 10;1;0;0;0;0;0;0;0;0;0;100;0;100;0;0;0;0;0;0;0;0;0;0;0;0;0;0;0;0;0;0;0;0
25.10.2024;03:26;A 10;1;0;0;1;1;0;0;0;0;0;100;0;100;0;0;0;0;0;0;1;86;0;0;0;0;0;0;0;0;0;0;0;0
25.10.2024;03:25;A 10;1;0;0;0;0;0;0;0;0;0;100;0;100;0;0;0;0;0;0;1;1;0;0;0;0;0;0;0;0;0;0;0;0
25.10.2024;03:24;A 10;1;0;0;1;1;0;0;0;0;0;100;0;100;1;1;0;0;0;0;0;0;0;0;0;0;0;0;0;0;0;0;0;0
25.10.2024;03:23;A 10;1;2;5;1;1;0;0;0;0;0;100;0;100;0;0;0;0;0;0;0;35;0;0;0;0;0;0;0;0;0;0;0;0
25.10.2024;03:22;A 10;1;0;0;0;0;0;0;0;0;0;100;0;100;0;0;0;0;0;0;1;19;0;0;0;0;0;0;0;0;0;0;0;0
25.10.2024;03:21;A 10;1;0;0;0;0;0;0;0;0;0;100;0;100;0;0;0;0;0;0;0;1;0;0;0;0;0;0;0;0;0;0;1;2
25.10.2024;03:20;A 10;1;1;2;0;0;0;0;0;0;0;100;0;100;1;1;0;0;0;0;1;70;0;0;0;0;0;0;0;0;0;0;0;0
25.10.2024;03:19;A 10;1;0;0;0;0;0;0;0;0;0;100;0;100;0;0;1;1;1;2;0;0;0;0;0;0;0;0;0;0;0;0;0;0
25.10.2024;03:18;A 10;1;0;0;0;0;0;0;0;0;0;100;0;100;1;2;0;0;0;0;0;0;0;0;0;0;0;0;0;0;0;0;0;0
25.10.2024;03:17;A 10;1;0;0;0;0;0;0;0;0;0;100;0;100;0;0;0;0;0;0;0;0;0;0;0;0;0;0;0;0;0;0;0;0
25.10.2024;03:16;A 10;1;0;0;0;0;0;0;0;0;0;100;0;100;1;1;0;0;0;0;0;0;0;0;0;0;0;0;0;0;0;0;0;0
25.10.2024;03:15;A 10;1;0;0;0;0;0;0;0;0;0;100;0;100;0;0;0;0;0;0;0;0;0;0;0;0;0;0;0;0;0;0;0;0
25.10.2024;03:14;A 10;1;0;0;0;0;0;0;0;0;0;100;0;100;0;0;0;0;0;0;0;0;0;0;0;0;0;0;0;0;0;0;2;3
25.10.2024;03:13;A 10;1;0;0;1;1;0;0;0;0;0;100;0;100;0;0;0;0;1;2;0;0;0;0;0;0;0;0;0;0;0;0;0;0
25.10.2024;03:12;A 10;1;0;0;0;0;0;0;0;0;0;100;0;100;0;0;0;0;0;0;0;0;0;0;0;0;0;0;0;0;0;0;0;0
25.10.2024;03:11;A 10;1;0;0;0;0;0;0;0;0;0;100;0;100;0;0;1;2;1;1;0;0;0;0;0;0;0;0;0;0;0;0;1;1
25.10.2024;03:10;A 10;1;0;0;0;0;0;0;0;0;0;100;0;100;0;0;0;0;0;0;0;0;0;0;0;0;0;0;0;0;0;0;0;0
25.10.2024;03:09;A 10;1;0;0;0;0;0;0;0;0;0;100;0;100;0;0;0;0;1;2;1;37;0;0;0;0;0;0;0;0;0;0;1;1
25.10.2024;03:08;A 10;1;0;0;0;0;0;0;0;0;0;100;0;100;0;0;0;0;0;0;1;7;0;0;0;0;0;0;0;0;0;0;0;0
25.10.2024;03:07;A 10;1;0;0;0;0;0;0;0;0;0;100;0;100;0;0;2;3;1;2;0;0;0;0;0;0;0;0;0;0;0;0;0;0
25.10.2024;03:06;A 10;1;0;0;1;1;1;1;0;0;0;100;0;100;0;0;0;0;2;4;0;0;0;0;0;0;0;0;0;0;0;0;0;0
25.10.2024;03:05;A 10;1;0;0;0;0;0;0;0;0;1;42;1;42;0;0;0;0;0;0;1;33;0;0;0;0;0;0;0;0;0;0;0;0
25.10.2024;03:03;A 10;1;0;0;0;0;0;0;0;0;0;100;0;100;0;0;0;0;0;0;0;0;0;0;0;0;0;0;0;0;0;0;0;0
25.10.2024;03:02;A 10;1;0;0;0;0;0;0;0;0;0;100;0;100;0;0;0;0;0;0;0;0;0;0;0;0;0;0;0;0;1;3;0;0
25.10.2024;03:01;A 10;1;0;0;0;0;0;0;0;0;0;100;0;100;0;0;0;0;1;2;0;0;0;0;0;0;0;0;0;0;0;0;0;0
25.10.2024;03:00;A 10;1;0;0;0;0;0;0;0;0;0;100;0;100;0;0;0;0;0;0;0;0;0;0;0;0;0;0;0;0;0;0;0;0
25.10.2024;02:59;A 10;1;0;0;0;0;0;0;0;0;0;100;0;100;0;0;0;0;0;0;0;0;0;0;0;0;0;0;0;0;0;0;0;0
25.10.2024;02:58;A 10;1;2;10;0;0;0;0;0;0;0;100;0;100;0;0;0;0;0;0;0;0;0;0;0;0;0;0;0;0;0;0;0;0
25.10.2024;02:57;A 10;1;0;0;0;0;0;0;0;0;0;100;0;100;0;0;0;0;0;0;0;0;0;0;0;0;0;0;0;0;0;0;1;0
25.10.2024;02:56;A 10;1;0;0;0;0;0;0;0;0;0;100;0;100;0;0;0;0;0;0;0;0;0;51;0;0;0;0;0;0;0;0;0;0
25.10.2024;02:55;A 10;1;0;0;0;0;0;0;0;0;0;100;0;100;0;0;0;0;0;0;0;0;1;15;0;0;0;0;0;0;0;0;0;0
25.10.2024;02:54;A 10;1;0;0;0;0;0;0;0;0;0;100;0;100;0;0;0;0;0;0;0;0;0;0;0;0;0;0;0;0;0;0;0;0
25.10.2024;02:53;A 10;1;0;0;0;0;0;0;0;0;0;100;0;100;0;0;0;0;0;0;0;0;0;0;0;0;0;0;0;0;0;0;0;0
25.10.2024;02:52;A 10;1;0;0;0;0;0;0;0;0;0;100;0;100;0;0;0;0;0;0;0;0;0;0;0;0;0;0;0;0;0;0;1;2
25.10.2024;02:51;A 10;1;1;3;1;2;0;0;0;0;0;100;0;100;0;0;0;0;2;4;0;0;0;0;0;0;0;0;0;0;0;0;0;0
25.10.2024;02:50;A 10;1;0;0;0;0;0;0;0;0;0;100;0;100;0;0;0;0;0;0;0;0;0;0;0;0;0;0;0;0;0;0;2;3
25.10.2024;02:49;A 10;1;0;0;1;1;0;0;0;0;0;100;0;100;0;0;0;0;1;2;0;0;0;0;0;0;0;0;0;0;0;0;0;0
25.10.2024;02:48;A 10;1;0;0;1;1;0;0;0;0;0;100;0;100;0;0;0;0;0;0;0;35;0;0;0;0;0;0;0;0;0;0;0;0
25.10.2024;02:47;A 10;1;0;0;0;0;0;0;0;0;0;100;0;100;0;0;0;0;0;0;1;6;0;0;0;0;0;0;0;0;0;0;0;0
25.10.2024;02:46;A 10;1;0;0;0;0;0;0;0;0;0;100;0;100;0;0;0;0;0;0;0;0;0;0;0;0;0;0;0;0;0;0;1;7
25.10.2024;02:45;A 10;1;0;0;0;0;0;0;0;0;0;100;0;100;0;0;1;2;0;0;0;0;0;0;0;0;0;0;0;0;0;0;0;0
25.10.2024;02:44;A 10;1;0;0;0;0;0;0;0;0;0;100;0;100;0;0;0;0;0;0;0;0;0;0;0;0;0;0;0;0;0;0;0;0
25.10.2024;02:43;A 10;1;1;1;1;1;0;0;0;0;0;100;0;100;0;0;0;0;1;2;0;0;0;0;0;0;0;0;0;0;0;0;0;0
25.10.2024;02:42;A 10;1;0;0;0;0;0;0;0;0;0;100;0;100;0;0;0;0;0;0;0;0;0;0;0;0;0;0;0;0;0;0;1;1
25.10.2024;02:41;A 10;1;0;0;0;0;0;0;0;0;0;100;0;100;0;0;0;0;0;0;0;0;0;0;0;0;0;0;0;0;0;0;0;0
25.10.2024;02:40;A 10;1;0;0;0;0;0;0;0;0;0;100;0;100;0;0;0;0;1;2;0;0;0;0;0;0;0;0;0;0;0;0;0;0
25.10.2024;02:39;A 10;1;0;0;0;0;0;0;0;0;0;100;0;100;0;0;0;0;1;2;0;0;0;0;0;0;0;0;0;0;0;0;0;0
25.10.2024;02:38;A 10;1;0;0;0;0;0;0;0;0;0;100;0;100;0;0;0;0;0;0;0;0;0;0;0;0;0;0;0;0;0;0;1;1
25.10.2024;02:37;A 10;1;0;0;0;0;0;0;0;0;0;100;0;100;0;0;0;0;0;0;0;0;1;56;0;0;0;0;0;0;0;0;1;1
25.10.2024;02:36;A 10;1;0;0;0;0;0;0;0;0;0;100;0;100;0;0;1;1;0;0;1;10;0;0;0;0;0;0;0;0;0;0;0;0
25.10.2024;02:35;A 10;1;1;1;0;0;0;0;0;0;0;100;0;100;0;0;0;0;0;0;0;0;0;0;0;0;0;0;0;0;0;0;0;0
25.10.2024;02:34;A 10;1;0;0;0;0;0;0;0;0;0;100;0;100;1;1;0;0;0;0;0;0;0;0;0;0;0;0;0;0;0;0;1;2
25.10.2024;02:33;A 10;1;0;0;0;0;0;0;0;0;0;100;0;100;1;2;0;0;1;2;0;0;0;0;0;0;0;0;0;0;0;0;0;0
25.10.2024;02:32;A 10;1;0;0;0;0;0;0;0;0;0;100;0;100;1;2;0;0;0;0;0;0;0;0;0;0;0;0;0;0;0;0;0;0
25.10.2024;02:31;A 10;1;1;1;0;0;0;0;0;0;0;100;0;100;0;0;0;0;0;0;0;0;0;0;0;0;0;0;0;0;0;0;0;0
25.10.2024;02:30;A 10;1;0;0;0;0;0;0;0;0;0;100;0;100;0;0;1;1;0;0;0;0;0;0;0;0;0;0;0;0;0;0;0;0
25.10.2024;02:29;A 10;1;0;0;0;0;0;0;0;0;0;100;0;100;0;0;0;0;0;0;0;0;0;0;0;0;0;0;0;0;0;0;1;1
25.10.2024;02:28;A 10;1;0;0;0;0;0;0;0;0;0;100;0;100;0;0;0;0;1;2;0;0;0;0;0;0;0;0;0;0;0;0;0;0
25.10.2024;02:27;A 10;1;0;0;0;0;0;0;0;0;1;24;1;24;0;0;0;0;0;0;0;0;0;0;0;0;1;2;0;0;0;0;0;0
25.10.2024;02:26;A 10;1;1;2;0;0;0;0;0;0;0;100;0;100;0;0;1;6;1;1;0;0;0;19;0;0;0;0;0;0;0;0;0;0
25.10.2024;02:25;A 10;1;0;0;0;0;0;0;0;0;0;100;0;100;0;0;0;0;0;0;0;0;1;61;0;0;0;0;0;0;0;0;1;1
25.10.2024;02:24;A 10;1;0;0;0;0;0;0;0;0;0;100;0;100;1;2;0;0;1;1;0;0;0;0;0;0;0;0;0;0;0;0;2;3
25.10.2024;02:23;A 10;1;0;0;2;3;1;1;0;0;0;100;0;100;0;0;0;0;0;0;0;0;0;0;0;0;0;0;0;0;0;0;0;0
25.10.2024;02:22;A 10;1;0;0;0;0;0;0;0;0;0;100;0;100;0;0;0;0;0;0;0;0;0;0;0;0;0;0;0;0;0;0;0;0
25.10.2024;02:21;A 10;1;1;2;0;0;0;0;0;0;0;100;0;100;0;0;0;0;1;2;0;51;0;0;0;0;0;0;0;0;0;0;0;0
25.10.2024;02:20;A 10;1;1;1;1;1;1;1;0;0;0;100;0;100;2;2;0;0;0;0;1;18;0;0;0;0;0;0;0;0;0;0;0;0
25.10.2024;02:19;A 10;1;0;0;0;0;0;0;0;0;0;100;0;100;0;0;2;3;0;0;0;0;0;0;0;0;0;0;0;0;0;0;0;0
25.10.2024;02:18;A 10;1;0;0;0;0;0;0;0;0;0;100;0;100;0;0;0;0;1;2;0;0;0;0;0;0;0;0;0;0;0;0;0;0
25.10.2024;02:17;A 10;1;1;2;2;3;0;0;0;0;0;100;0;100;0;0;0;0;1;2;0;0;0;0;0;0;0;0;0;0;0;0;0;0
25.10.2024;02:16;A 10;1;0;0;1;2;0;0;0;0;0;100;0;100;0;0;0;0;0;0;0;0;0;0;0;0;0;0;0;0;0;0;0;0
25.10.2024;02:15;A 10;1;0;0;0;0;0;0;0;0;0;100;0;100;0;0;0;0;0;0;0;0;0;0;0;0;0;0;0;0;0;0;1;1
25.10.2024;02:14;A 10;1;0;0;0;0;0;0;0;0;0;100;0;100;1;1;0;0;0;0;2;40;0;0;0;0;0;0;0;0;0;0;0;0
25.10.2024;02:13;A 10;1;0;0;0;0;0;0;0;0;0;100;0;100;2;3;0;0;0;0;0;0;0;0;0;0;0;0;0;0;0;0;1;2
25.10.2024;02:12;A 10;1;0;0;0;0;0;0;0;0;0;100;0;100;0;0;0;0;0;0;0;0;0;0;0;0;0;0;0;0;0;0;1;1
25.10.2024;02:11;A 10;1;0;0;0;0;0;0;0;0;0;100;0;100;0;0;0;0;0;0;0;2;0;0;0;0;0;0;0;0;0;0;0;0
25.10.2024;02:10;A 10;1;0;0;0;0;0;0;0;0;0;100;0;100;0;0;0;0;0;0;1;1;0;0;0;0;0;0;0;0;0;0;2;3
25.10.2024;02:09;A 10;1;1;2;0;0;0;0;0;0;0;100;0;100;0;0;0;0;0;0;0;0;0;0;0;0;0;0;0;0;0;0;0;0
25.10.2024;02:08;A 10;1;0;0;0;0;0;0;0;0;0;100;0;100;0;0;0;0;0;0;0;0;0;0;0;0;0;0;0;0;0;0;1;2
25.10.2024;02:07;A 10;1;0;0;0;0;0;0;0;0;0;100;0;100;1;2;0;0;1;2;0;0;0;0;0;0;0;0;0;0;0;0;1;2
25.10.2024;02:06;A 10;1;0;0;0;0;0;0;0;0;0;100;0;100;0;0;0;0;0;0;0;0;0;0;0;0;0;0;0;0;0;0;0;0
25.10.2024;02:05;A 10;1;0;0;2;2;0;0;0;0;0;100;0;100;0;0;1;1;0;0;0;0;0;0;0;0;0;0;0;0;0;0;0;0
25.10.2024;02:04;A 10;1;0;0;0;0;0;0;0;0;0;100;0;100;0;0;0;0;0;0;0;0;0;0;0;0;0;0;0;0;0;0;0;0
25.10.2024;02:03;A 10;1;0;0;0;0;0;0;0;0;0;100;0;100;0;0;1;1;0;0;0;0;0;0;0;0;0;0;0;0;0;0;0;0
25.10.2024;02:02;A 10;1;0;0;0;0;0;0;0;0;0;100;0;100;0;0;1;2;0;0;0;0;0;0;0;0;0;0;0;0;0;0;1;1
25.10.2024;02:01;A 10;1;0;0;1;1;0;0;0;0;0;100;0;100;0;0;0;0;0;0;0;0;0;0;0;0;0;0;0;0;0;0;0;0
25.10.2024;02:00;A 10;1;1;2;0;0;0;0;0;0;0;100;0;100;0;0;0;0;1;2;0;0;1;0;0;0;0;0;0;0;0;0;0;0
