Datum;Uhrzeit;Bezeichnung;Intervall;D11Z;D11B;D21Z;D21B;D31Z;D31B;D41Z;D41B;MP1Z;MP1B;MP2Z;MP2B;MP3Z;MP3B
09.12.2024;01:00;A111;1;0;0;0;0;0;0;0;0;0;0;0;0;0;0
09.12.2024;00:59;A111;1;0;0;0;0;0;0;0;0;0;0;0;0;0;0
09.12.2024;00:58;A111;1;2;2;0;0;0;0;0;0;0;0;0;0;0;0
09.12.2024;00:57;A111;1;0;0;0;0;0;0;0;0;0;0;0;0;0;0
09.12.2024;00:56;A111;1;1;1;0;0;0;0;0;0;0;0;0;0;0;0
09.12.2024;00:55;A111;1;1;1;2;5;1;1;0;0;0;0;0;0;0;0
09.12.2024;00:54;A111;1;0;0;0;0;0;0;0;0;0;0;0;0;0;0
09.12.2024;00:53;A111;1;0;0;0;0;0;0;0;0;0;0;0;0;0;0
09.12.2024;00:52;A111;1;1;1;0;0;1;7;0;0;0;0;0;0;0;0
09.12.2024;00:51;A111;1;0;0;0;0;0;0;0;0;0;0;0;0;0;0
09.12.2024;00:50;A111;1;0;0;0;0;0;0;0;0;0;0;0;0;0;0
09.12.2024;00:49;A111;1;0;0;0;0;0;0;0;0;0;0;0;0;0;0
09.12.2024;00:48;A111;1;0;0;0;0;0;0;0;0;0;0;0;0;0;0
09.12.2024;00:47;A111;1;1;1;0;0;0;0;0;0;0;0;0;0;0;0
09.12.2024;00:46;A111;1;0;0;0;0;1;1;0;0;0;0;0;0;0;0
09.12.2024;00:45;A111;1;0;0;0;0;1;1;0;0;0;0;0;0;0;0
09.12.2024;00:44;A111;1;0;0;0;0;2;2;0;0;0;0;0;0;0;0
09.12.2024;00:43;A111;1;0;0;1;45;0;0;0;0;0;0;0;0;0;0
09.12.2024;00:42;A111;1;0;0;1;1;1;2;0;0;0;0;0;0;0;0
09.12.2024;00:41;A111;1;0;0;0;0;1;1;0;0;0;0;0;0;0;0
09.12.2024;00:40;A111;1;0;0;0;18;0;0;0;0;0;0;0;0;0;0
09.12.2024;00:39;A111;1;1;0;1;8;1;1;0;0;0;0;0;0;0;0
09.12.2024;00:38;A111;1;0;0;0;0;0;0;0;0;0;0;0;0;0;0
09.12.2024;00:37;A111;1;1;2;0;0;1;1;0;0;0;0;0;0;0;0
09.12.2024;00:36;A111;1;0;0;0;0;1;1;0;0;0;0;0;0;0;0
09.12.2024;00:35;A111;1;0;0;0;57;1;1;0;0;0;0;0;0;0;0
09.12.2024;00:34;A111;1;0;0;1;12;0;0;0;0;0;0;0;0;0;0
09.12.2024;00:33;A111;1;0;0;0;0;0;0;0;0;0;0;0;0;0;0
09.12.2024;00:32;A111;1;0;0;1;2;0;0;0;0;0;0;0;0;0;0
09.12.2024;00:31;A111;1;0;0;0;0;1;2;0;0;0;0;0;0;0;0
09.12.2024;00:30;A111;1;0;0;0;0;0;0;0;0;0;0;0;0;0;0
09.12.2024;00:29;A111;1;1;1;0;0;0;0;0;0;0;0;0;0;0;0
09.12.2024;00:28;A111;1;0;0;1;1;1;1;0;0;0;0;0;0;0;0
09.12.2024;00:27;A111;1;1;1;0;12;0;0;0;0;0;0;0;0;0;0
09.12.2024;00:26;A111;1;1;49;2;19;0;0;0;0;0;0;0;0;0;0
09.12.2024;00:25;A111;1;0;0;1;1;1;1;0;0;0;0;0;0;0;0
09.12.2024;00:24;A111;1;0;0;1;18;1;1;0;0;0;0;0;0;0;0
09.12.2024;00:23;A111;1;1;1;0;0;0;0;0;0;0;0;0;0;0;0
09.12.2024;00:22;A111;1;3;4;0;0;0;0;0;0;0;0;0;0;0;0
09.12.2024;00:21;A111;1;0;0;0;0;1;5;0;0;0;0;0;0;0;0
09.12.2024;00:20;A111;1;1;1;0;0;0;0;0;0;0;0;0;0;0;0
09.12.2024;00:19;A111;1;0;0;0;0;0;0;0;0;0;0;0;0;0;0
09.12.2024;00:18;A111;1;0;0;0;0;0;0;0;0;0;0;0;0;0;0
09.12.2024;00:17;A111;1;0;0;0;0;0;0;0;0;0;0;0;0;0;0
09.12.2024;00:16;A111;1;0;0;0;0;0;0;0;0;0;0;0;0;0;0
09.12.2024;00:15;A111;1;1;1;0;0;0;0;0;0;0;0;0;0;0;0
09.12.2024;00:14;A111;1;0;0;0;0;1;1;0;0;0;0;0;0;0;0
09.12.2024;00:13;A111;1;1;1;0;0;0;0;0;0;0;0;0;0;0;0
09.12.2024;00:12;A111;1;0;0;0;0;2;3;0;0;0;0;0;0;0;0
09.12.2024;00:11;A111;1;4;6;0;31;1;3;1;2;0;0;0;0;0;0
09.12.2024;00:10;A111;1;1;1;1;45;0;0;0;0;0;0;0;0;0;0
09.12.2024;00:09;A111;1;2;1;0;36;0;0;1;1;0;0;0;0;0;0
09.12.2024;00:08;A111;1;2;2;1;6;0;0;1;1;0;0;0;0;0;0
09.12.2024;00:07;A111;1;1;1;0;0;0;0;0;0;0;0;0;0;0;0
09.12.2024;00:06;A111;1;0;0;0;0;1;1;0;0;0;0;0;0;0;0
09.12.2024;00:05;A111;1;0;0;1;1;1;1;0;0;0;0;0;0;0;0
09.12.2024;00:04;A111;1;1;3;1;6;1;2;0;0;0;0;0;0;0;0
09.12.2024;00:03;A111;1;1;0;0;0;3;5;0;0;0;0;0;0;0;0
09.12.2024;00:02;A111;1;2;2;1;2;0;0;0;0;0;0;0;0;0;0
09.12.2024;00:01;A111;1;0;0;0;0;0;0;0;0;0;0;0;0;0;0
09.12.2024;00:00;A111;1;0;0;0;0;2;2;0;0;0;0;0;0;0;0
08.12.2024;23:59;A111;1;1;1;0;0;0;0;0;0;0;0;0;0;0;0
08.12.2024;23:58;A111;1;1;1;0;29;1;1;0;0;0;0;0;0;0;0
08.12.2024;23:57;A111;1;0;0;1;32;1;2;0;0;0;0;0;0;0;0
08.12.2024;23:56;A111;1;3;7;1;1;0;0;0;0;0;0;0;0;0;0
08.12.2024;23:55;A111;1;0;0;0;0;0;0;0;0;0;0;0;0;0;0
08.12.2024;23:54;A111;1;0;0;0;0;0;0;0;0;0;0;0;0;0;0
08.12.2024;23:53;A111;1;1;1;0;0;1;1;0;0;0;0;0;0;0;0
08.12.2024;23:52;A111;1;0;0;0;0;1;3;0;0;0;0;0;0;0;0
08.12.2024;23:51;A111;1;0;0;0;0;1;6;0;0;0;0;0;0;0;0
08.12.2024;23:50;A111;1;1;1;0;0;0;0;0;0;0;0;0;0;0;0
08.12.2024;23:49;A111;1;1;0;1;1;1;1;0;0;0;0;0;0;0;0
08.12.2024;23:48;A111;1;0;0;1;33;0;0;0;0;0;0;0;0;0;0
08.12.2024;23:47;A111;1;1;0;0;0;2;3;0;0;0;0;0;0;0;0
08.12.2024;23:46;A111;1;1;1;1;1;1;1;0;0;0;0;0;0;0;0
08.12.2024;23:45;A111;1;0;0;0;0;0;0;0;0;0;0;0;0;0;0
08.12.2024;23:44;A111;1;0;0;0;0;1;1;0;0;0;0;0;0;0;0
08.12.2024;23:43;A111;1;0;0;1;3;1;1;0;0;0;0;0;0;0;0
08.12.2024;23:42;A111;1;1;1;0;0;0;0;0;0;0;0;0;0;0;0
08.12.2024;23:41;A111;1;0;0;1;1;2;3;0;0;0;0;0;0;0;0
08.12.2024;23:40;A111;1;0;0;1;28;2;2;0;0;0;0;0;0;0;0
08.12.2024;23:39;A111;1;0;0;0;0;0;0;0;0;0;0;0;0;0;0
08.12.2024;23:38;A111;1;0;0;0;0;0;0;0;0;0;0;0;0;0;0
08.12.2024;23:37;A111;1;0;0;1;1;0;0;0;0;0;0;0;0;0;0
08.12.2024;23:36;A111;1;0;0;0;0;1;1;0;0;0;0;0;0;0;0
08.12.2024;23:35;A111;1;0;0;1;1;0;0;0;0;0;0;0;0;0;0
08.12.2024;23:34;A111;1;2;2;0;0;0;0;0;0;0;0;0;0;0;0
08.12.2024;23:33;A111;1;0;0;0;0;1;2;0;0;0;0;0;0;0;0
08.12.2024;23:32;A111;1;1;2;0;0;2;3;0;0;0;0;0;0;0;0
08.12.2024;23:31;A111;1;1;2;0;0;0;0;0;0;0;0;0;0;0;0
08.12.2024;23:30;A111;1;0;0;0;0;0;0;0;0;0;0;0;0;0;0
08.12.2024;23:29;A111;1;1;1;0;0;0;0;0;0;0;0;0;0;0;0
08.12.2024;23:28;A111;1;1;1;0;0;1;4;0;0;0;0;0;0;0;0
08.12.2024;23:27;A111;1;2;1;0;0;1;1;0;0;0;0;0;0;0;0
08.12.2024;23:26;A111;1;0;0;0;0;2;3;0;0;0;0;0;0;0;0
08.12.2024;23:25;A111;1;0;0;0;0;1;2;0;0;0;0;0;0;0;0
08.12.2024;23:24;A111;1;0;0;3;23;3;3;0;0;0;0;0;0;0;0
08.12.2024;23:23;A111;1;0;0;3;16;0;0;0;0;0;0;0;0;0;0
08.12.2024;23:22;A111;1;3;4;0;0;2;2;0;0;0;0;0;0;0;0
08.12.2024;23:21;A111;1;1;1;1;1;1;1;0;0;0;0;0;0;0;0
08.12.2024;23:20;A111;1;0;0;0;0;1;1;0;0;0;0;0;0;0;0
08.12.2024;23:19;A111;1;1;2;0;0;1;2;0;0;0;0;0;0;0;0
08.12.2024;23:18;A111;1;1;1;0;16;3;3;0;0;0;0;0;0;0;0
08.12.2024;23:17;A111;1;0;0;1;13;1;2;0;0;0;0;0;0;0;0
08.12.2024;23:16;A111;1;1;1;0;0;0;0;0;0;0;0;0;0;0;0
08.12.2024;23:15;A111;1;2;2;0;36;3;4;1;0;0;0;0;0;0;0
08.12.2024;23:14;A111;1;2;3;2;24;2;4;0;0;0;0;0;0;0;0
08.12.2024;23:13;A111;1;1;2;0;0;2;3;0;0;0;0;0;0;0;0
08.12.2024;23:12;A111;1;2;38;0;0;0;0;0;0;0;0;0;0;0;0
08.12.2024;23:11;A111;1;0;0;1;31;0;0;0;0;0;0;0;0;0;0
08.12.2024;23:10;A111;1;0;0;1;38;2;3;0;0;0;0;0;0;0;0
08.12.2024;23:09;A111;1;0;0;0;0;0;0;1;0;0;0;0;0;0;0
08.12.2024;23:08;A111;1;0;0;1;1;3;4;0;0;0;0;0;0;0;0
08.12.2024;23:07;A111;1;0;0;4;44;0;0;0;0;0;0;0;0;0;0
08.12.2024;23:06;A111;1;1;1;2;22;0;0;0;0;0;0;0;0;0;0
08.12.2024;23:05;A111;1;2;2;1;1;2;6;0;0;0;0;0;0;0;0
08.12.2024;23:04;A111;1;0;0;0;0;3;6;0;0;0;0;0;0;0;0
08.12.2024;23:03;A111;1;1;1;1;3;1;1;0;0;0;0;0;0;0;0
08.12.2024;23:02;A111;1;1;1;0;0;0;0;0;0;0;0;0;0;0;0
08.12.2024;23:01;A111;1;0;1;0;0;1;1;0;0;0;0;0;0;0;0
08.12.2024;23:00;A111;1;2;1;0;48;1;1;0;0;0;0;0;0;0;0
08.12.2024;22:59;A111;1;1;2;2;12;0;0;1;1;0;0;0;0;0;0
08.12.2024;22:58;A111;1;0;0;1;32;3;3;0;0;0;0;0;0;0;0
08.12.2024;22:57;A111;1;0;0;0;0;1;1;0;0;0;0;0;0;0;0
08.12.2024;22:56;A111;1;0;0;1;26;1;1;1;1;0;0;0;0;0;0
08.12.2024;22:55;A111;1;1;0;1;40;2;2;0;0;0;0;0;0;0;0
08.12.2024;22:54;A111;1;0;0;2;33;2;3;0;0;0;0;0;0;0;0
08.12.2024;22:53;A111;1;0;0;0;0;2;8;0;0;0;0;0;0;0;0
08.12.2024;22:52;A111;1;1;1;0;0;0;0;0;0;0;0;0;0;0;0
08.12.2024;22:51;A111;1;0;0;1;10;1;1;0;0;0;0;0;0;0;0
08.12.2024;22:50;A111;1;1;1;1;44;3;8;0;0;0;0;0;0;0;0
08.12.2024;22:49;A111;1;2;4;0;0;1;2;0;0;0;0;0;0;0;0
08.12.2024;22:48;A111;1;0;0;1;5;0;0;0;0;0;0;0;0;0;0
08.12.2024;22:47;A111;1;1;1;2;7;1;1;0;0;0;0;0;0;0;0
08.12.2024;22:46;A111;1;0;0;1;24;0;0;0;0;0;0;0;0;0;0
08.12.2024;22:45;A111;1;2;2;0;0;2;2;0;0;0;0;0;0;0;0
08.12.2024;22:44;A111;1;0;0;2;2;4;4;0;0;0;0;0;0;0;0
08.12.2024;22:43;A111;1;0;0;1;49;0;0;0;0;0;0;0;0;0;0
08.12.2024;22:42;A111;1;1;1;1;1;0;0;0;0;0;0;0;0;0;0
08.12.2024;22:41;A111;1;0;0;1;1;3;7;0;0;0;0;0;0;0;0
08.12.2024;22:40;A111;1;2;4;0;0;1;1;0;0;0;0;0;0;0;0
08.12.2024;22:39;A111;1;0;0;0;2;1;2;0;0;0;0;0;0;0;0
08.12.2024;22:38;A111;1;0;0;1;62;3;3;0;0;0;0;0;0;0;0
08.12.2024;22:37;A111;1;0;0;0;0;0;0;0;0;0;0;0;0;0;0
08.12.2024;22:36;A111;1;2;3;0;0;1;1;0;0;0;0;0;0;0;0
08.12.2024;22:35;A111;1;0;0;0;23;1;4;0;0;0;0;0;0;0;0
08.12.2024;22:34;A111;1;0;0;2;17;1;1;0;0;0;0;0;0;0;0
08.12.2024;22:33;A111;1;1;1;1;1;2;3;0;0;0;0;0;0;0;0
08.12.2024;22:32;A111;1;1;1;2;10;1;1;0;0;0;0;0;0;0;0
08.12.2024;22:31;A111;1;2;3;0;0;0;0;0;0;0;0;0;0;0;0
08.12.2024;22:30;A111;1;3;4;1;1;5;4;0;0;0;0;0;0;0;0
08.12.2024;22:29;A111;1;4;6;1;1;2;2;1;1;0;0;0;0;0;0
08.12.2024;22:28;A111;1;1;2;0;0;1;1;0;0;0;0;0;0;0;0
08.12.2024;22:27;A111;1;1;1;0;0;1;1;0;0;0;0;0;0;0;0
08.12.2024;22:26;A111;1;1;1;1;2;3;2;0;0;0;0;0;0;0;0
08.12.2024;22:25;A111;1;3;8;1;4;0;0;0;0;0;0;0;0;0;0
08.12.2024;22:24;A111;1;0;0;1;69;3;3;0;0;0;0;0;0;0;0
08.12.2024;22:23;A111;1;0;0;0;0;0;0;0;0;0;0;0;0;0;0
08.12.2024;22:22;A111;1;2;1;1;1;1;1;0;0;0;0;0;0;0;0
08.12.2024;22:21;A111;1;1;1;0;21;5;8;0;0;0;0;0;0;0;0
08.12.2024;22:20;A111;1;1;1;1;23;1;1;1;0;0;0;0;0;0;0
08.12.2024;22:19;A111;1;2;4;1;2;1;0;0;0;0;0;0;0;0;0
08.12.2024;22:18;A111;1;0;0;0;0;1;1;0;0;0;0;0;0;0;0
08.12.2024;22:17;A111;1;1;2;1;1;4;4;0;0;0;0;0;0;0;0
08.12.2024;22:15;A111;1;1;1;2;42;2;2;0;0;0;0;0;0;0;0
08.12.2024;22:14;A111;1;2;1;1;1;3;11;0;0;0;0;0;0;0;0
08.12.2024;22:13;A111;1;0;0;1;1;3;8;0;0;0;0;0;0;0;0
08.12.2024;22:12;A111;1;1;1;1;1;3;8;0;0;0;0;0;0;0;0
08.12.2024;22:11;A111;1;2;2;1;8;1;1;0;0;0;0;0;0;0;0
08.12.2024;22:10;A111;1;2;4;0;10;3;4;0;0;0;0;0;0;0;0
08.12.2024;22:09;A111;1;1;1;1;40;0;0;0;0;0;0;0;0;0;0
08.12.2024;22:08;A111;1;0;0;0;0;1;1;0;0;0;0;0;0;0;0
08.12.2024;22:07;A111;1;1;1;3;3;6;6;0;0;0;0;0;0;0;0
08.12.2024;22:06;A111;1;1;3;2;23;3;5;0;0;0;0;0;0;0;0
08.12.2024;22:05;A111;1;0;0;0;0;2;4;0;0;0;0;0;0;0;0
08.12.2024;22:04;A111;1;2;2;4;7;4;27;0;0;0;0;0;0;0;0
08.12.2024;22:03;A111;1;1;1;1;1;1;1;0;1;0;0;0;0;0;0
08.12.2024;22:02;A111;1;1;2;2;6;2;2;1;0;0;0;0;0;0;0
08.12.2024;22:01;A111;1;1;1;1;5;2;2;0;0;0;0;0;0;0;0
08.12.2024;22:00;A111;1;0;0;1;3;1;1;0;0;0;0;0;0;0;0
08.12.2024;21:59;A111;1;3;5;1;88;0;0;0;0;0;0;0;0;0;0
08.12.2024;21:58;A111;1;1;2;2;57;0;0;0;0;0;0;0;0;0;0
08.12.2024;21:57;A111;1;0;0;2;2;1;1;0;0;0;0;0;0;0;0
08.12.2024;21:56;A111;1;1;1;1;12;1;1;0;0;0;0;0;0;0;0
08.12.2024;21:54;A111;1;0;0;2;41;3;3;0;0;0;0;0;0;0;0
08.12.2024;21:53;A111;1;1;1;0;0;3;3;0;0;0;0;0;0;0;0
08.12.2024;21:52;A111;1;1;1;1;4;2;2;0;0;0;0;0;0;0;0
08.12.2024;21:51;A111;1;3;15;0;0;3;13;1;0;0;0;0;0;0;0
08.12.2024;21:50;A111;1;2;2;0;0;1;6;0;0;0;0;0;0;0;0
08.12.2024;21:49;A111;1;1;0;0;0;4;7;0;0;0;0;0;0;0;0
08.12.2024;21:48;A111;1;1;2;0;0;3;3;0;0;0;0;0;0;0;0
08.12.2024;21:47;A111;1;2;2;0;0;2;2;0;0;0;0;0;0;0;0
08.12.2024;21:46;A111;1;2;3;1;13;0;0;0;0;0;0;0;0;0;0
08.12.2024;21:45;A111;1;3;3;1;40;2;3;1;3;0;0;0;0;0;0
08.12.2024;21:44;A111;1;2;2;0;0;3;24;0;0;0;0;0;0;0;0
08.12.2024;21:43;A111;1;0;0;2;45;4;5;0;0;0;0;0;0;0;0
08.12.2024;21:42;A111;1;0;0;1;1;4;6;1;3;0;0;0;0;0;0
08.12.2024;21:41;A111;1;1;1;1;12;2;3;0;0;0;0;0;0;0;0
08.12.2024;21:40;A111;1;1;1;1;43;1;1;1;1;0;0;0;0;0;0
08.12.2024;21:39;A111;1;2;3;2;21;3;2;0;0;0;0;0;0;0;0
08.12.2024;21:38;A111;1;2;3;0;29;2;5;0;0;0;0;0;0;0;0
08.12.2024;21:37;A111;1;0;0;1;27;4;6;0;0;0;0;0;0;0;0
08.12.2024;21:36;A111;1;5;12;1;1;3;3;1;1;0;0;0;0;0;0
08.12.2024;21:35;A111;1;1;1;2;30;3;3;0;0;0;0;0;0;0;0
08.12.2024;21:34;A111;1;0;0;0;0;3;14;0;0;0;0;0;0;0;0
08.12.2024;21:33;A111;1;1;1;3;64;4;26;0;0;0;0;0;0;0;0
08.12.2024;21:32;A111;1;1;1;1;1;2;2;0;0;0;0;0;0;0;0
08.12.2024;21:31;A111;1;1;1;2;2;7;8;0;0;0;0;0;0;0;0
08.12.2024;21:30;A111;1;0;0;1;3;6;23;0;0;0;0;0;0;0;0
08.12.2024;21:29;A111;1;3;6;4;29;1;1;0;0;0;0;0;0;0;0
08.12.2024;21:28;A111;1;1;1;1;58;0;0;0;0;0;0;0;0;0;0
08.12.2024;21:27;A111;1;2;3;0;20;1;1;0;0;0;0;0;0;0;0
08.12.2024;21:26;A111;1;2;3;1;51;5;5;0;0;0;0;0;0;0;0
08.12.2024;21:25;A111;1;1;2;1;26;2;2;0;0;0;0;0;0;0;0
08.12.2024;21:24;A111;1;1;1;2;49;5;6;0;0;0;0;0;0;0;0
08.12.2024;21:23;A111;1;3;3;1;38;2;2;0;0;0;0;0;0;0;0
08.12.2024;21:22;A111;1;0;0;2;3;6;13;0;0;0;0;0;0;0;0
08.12.2024;21:21;A111;1;2;2;0;0;1;1;0;0;0;0;0;0;0;0
08.12.2024;21:20;A111;1;3;5;1;61;4;4;0;0;0;0;0;0;0;0
08.12.2024;21:19;A111;1;1;2;0;0;2;3;0;0;0;0;0;0;0;0
08.12.2024;21:18;A111;1;2;2;0;0;6;5;0;0;0;0;0;0;0;0
08.12.2024;21:17;A111;1;2;2;2;6;1;1;0;0;0;0;0;0;0;0
08.12.2024;21:16;A111;1;1;2;3;3;0;0;0;0;0;0;0;0;0;0
08.12.2024;21:15;A111;1;0;0;1;37;2;3;0;0;0;0;0;0;0;0
08.12.2024;21:14;A111;1;2;2;0;0;1;1;0;0;0;0;0;0;0;0
08.12.2024;21:13;A111;1;2;3;1;2;0;0;0;0;0;0;0;0;0;0
08.12.2024;21:12;A111;1;0;0;2;17;2;3;0;0;0;0;0;0;0;0
08.12.2024;21:11;A111;1;4;9;0;0;2;2;0;0;0;0;0;0;0;0
08.12.2024;21:10;A111;1;2;4;3;39;0;0;0;0;0;0;0;0;0;0
08.12.2024;21:09;A111;1;0;0;6;36;4;6;0;0;0;0;0;0;0;0
08.12.2024;21:08;A111;1;1;1;1;1;5;7;0;0;0;0;0;0;0;0
08.12.2024;21:07;A111;1;1;1;1;20;0;0;0;0;0;0;0;0;0;0
08.12.2024;21:06;A111;1;2;3;0;55;2;3;0;0;0;0;0;0;0;0
08.12.2024;21:05;A111;1;2;2;1;6;1;7;0;0;0;0;0;0;0;0
08.12.2024;21:04;A111;1;2;2;2;17;3;3;0;0;0;0;0;0;0;0
08.12.2024;21:03;A111;1;0;0;6;53;6;6;1;1;0;0;0;0;0;0
08.12.2024;21:02;A111;1;3;3;1;7;0;0;0;0;0;0;0;0;0;0
08.12.2024;21:01;A111;1;0;0;1;3;8;7;0;0;0;0;0;0;0;0
08.12.2024;21:00;A111;1;3;15;0;0;0;0;0;0;0;0;0;0;0;0
08.12.2024;20:59;A111;1;2;6;2;12;4;4;0;2;0;0;0;0;0;0
08.12.2024;20:58;A111;1;2;9;2;43;8;8;1;3;0;0;0;0;0;0
08.12.2024;20:57;A111;1;0;0;1;1;1;1;0;0;0;0;0;0;0;0
08.12.2024;20:56;A111;1;1;1;0;27;0;0;0;0;0;0;0;0;0;0
08.12.2024;20:55;A111;1;0;0;1;0;1;1;0;0;0;0;0;0;0;0
08.12.2024;20:54;A111;1;3;5;0;50;5;8;0;0;0;0;0;0;0;0
08.12.2024;20:53;A111;1;1;1;2;19;3;5;0;0;0;0;0;0;0;0
08.12.2024;20:52;A111;1;3;3;4;54;4;6;0;0;0;0;0;0;0;0
08.12.2024;20:51;A111;1;0;0;2;33;3;19;0;0;0;0;0;0;0;0
08.12.2024;20:50;A111;1;3;4;0;0;3;4;0;0;0;0;0;0;0;0
08.12.2024;20:49;A111;1;0;0;1;1;1;1;0;0;0;0;0;0;0;0
08.12.2024;20:48;A111;1;0;0;1;1;3;3;0;0;0;0;0;0;0;0
08.12.2024;20:47;A111;1;1;1;1;15;1;1;0;0;0;0;0;0;0;0
08.12.2024;20:46;A111;1;3;8;1;0;6;7;1;21;0;0;0;0;0;0
08.12.2024;20:45;A111;1;1;0;0;10;2;2;1;1;0;0;0;0;0;0
08.12.2024;20:44;A111;1;2;3;3;43;4;5;0;0;0;0;0;0;0;0
08.12.2024;20:43;A111;1;6;39;1;1;1;1;0;0;0;0;0;0;0;0
08.12.2024;20:42;A111;1;2;3;1;36;2;3;0;0;0;0;0;0;0;0
08.12.2024;20:41;A111;1;6;12;1;14;4;11;0;0;0;0;0;0;0;0
08.12.2024;20:40;A111;1;4;6;2;49;2;3;0;0;0;0;0;0;0;0
08.12.2024;20:39;A111;1;0;0;5;35;4;9;0;0;0;0;0;0;0;0
08.12.2024;20:38;A111;1;1;1;1;36;1;1;0;0;0;0;0;0;0;0
08.12.2024;20:37;A111;1;3;3;1;1;3;4;0;0;0;0;0;0;0;0
08.12.2024;20:36;A111;1;0;0;1;24;1;17;0;0;0;0;0;0;0;0
08.12.2024;20:35;A111;1;1;1;2;61;3;35;0;0;0;0;0;0;0;0
08.12.2024;20:34;A111;1;0;0;2;29;3;5;0;0;0;0;0;0;0;0
08.12.2024;20:33;A111;1;3;3;1;1;1;1;0;0;0;0;0;0;0;0
08.12.2024;20:32;A111;1;2;3;1;1;1;1;0;0;0;0;0;0;0;0
08.12.2024;20:31;A111;1;1;2;1;12;1;2;0;0;0;0;0;0;0;0
08.12.2024;20:30;A111;1;0;0;1;48;5;5;0;0;0;0;0;0;0;0
08.12.2024;20:29;A111;1;4;6;2;2;1;1;0;0;0;0;0;0;0;0
08.12.2024;20:28;A111;1;4;4;3;37;0;0;0;0;0;0;0;0;0;0
08.12.2024;20:27;A111;1;1;1;1;33;6;8;0;0;0;0;0;0;0;0
08.12.2024;20:26;A111;1;1;0;2;24;2;3;0;0;0;0;0;0;0;0
08.12.2024;20:25;A111;1;2;2;1;44;3;4;0;0;0;0;0;0;0;0
08.12.2024;20:24;A111;1;3;3;3;21;2;2;0;0;0;0;0;0;0;0
08.12.2024;20:23;A111;1;2;3;1;53;1;2;0;0;0;0;0;0;0;0
08.12.2024;20:22;A111;1;2;3;0;0;2;5;0;0;0;0;0;0;0;0
08.12.2024;20:21;A111;1;2;4;1;6;3;5;1;1;0;0;0;0;0;0
08.12.2024;20:20;A111;1;3;8;4;14;3;3;0;0;0;0;0;0;0;0
08.12.2024;20:19;A111;1;1;1;1;51;1;6;0;0;0;0;0;0;0;0
08.12.2024;20:18;A111;1;2;5;3;51;7;32;1;1;0;0;0;0;0;0
08.12.2024;20:17;A111;1;3;4;2;2;1;2;1;2;0;0;0;0;0;0
08.12.2024;20:16;A111;1;2;4;2;7;4;5;1;1;0;0;0;0;0;0
08.12.2024;20:15;A111;1;2;3;1;3;5;5;0;0;0;0;0;0;0;0
08.12.2024;20:14;A111;1;2;1;2;33;4;8;0;0;0;0;0;0;0;0
08.12.2024;20:13;A111;1;4;4;2;56;8;11;1;1;0;0;0;0;0;0
08.12.2024;20:12;A111;1;2;3;1;81;5;13;0;0;0;0;0;0;0;0
08.12.2024;20:11;A111;1;2;2;1;1;1;2;0;0;0;0;0;0;0;0
08.12.2024;20:10;A111;1;3;4;1;66;5;6;1;2;0;0;0;0;0;0
08.12.2024;20:09;A111;1;0;0;2;6;4;7;0;0;0;0;0;0;0;0
08.12.2024;20:08;A111;1;2;3;2;38;3;5;0;0;0;0;0;0;0;0
08.12.2024;20:07;A111;1;1;35;1;1;2;5;0;0;0;0;0;0;0;0
08.12.2024;20:06;A111;1;4;13;2;58;5;8;2;2;0;0;0;0;0;0
08.12.2024;20:05;A111;1;2;3;2;3;4;4;1;1;0;0;0;0;0;0
08.12.2024;20:04;A111;1;3;3;2;2;2;2;0;0;0;0;0;0;0;0
08.12.2024;20:03;A111;1;3;3;0;0;5;7;1;1;0;0;0;0;0;0
08.12.2024;20:02;A111;1;2;2;3;6;6;17;0;0;0;0;0;0;0;0
08.12.2024;20:01;A111;1;3;8;1;24;4;4;0;0;0;0;0;0;0;0
08.12.2024;20:00;A111;1;1;1;1;42;2;2;1;2;0;0;0;0;0;0
08.12.2024;19:59;A111;1;0;0;1;35;2;3;0;0;0;0;0;0;0;0
08.12.2024;19:58;A111;1;4;14;0;45;0;0;0;0;0;0;0;0;0;0
08.12.2024;19:57;A111;1;2;2;2;22;5;18;2;4;0;0;0;0;0;0
08.12.2024;19:56;A111;1;2;2;2;22;5;10;0;0;0;0;0;0;0;0
08.12.2024;19:55;A111;1;3;6;1;1;3;6;0;0;0;0;0;0;0;0
08.12.2024;19:54;A111;1;2;2;6;64;4;7;0;0;0;0;0;0;0;0
08.12.2024;19:53;A111;1;4;5;0;0;5;15;1;2;0;0;0;0;0;0
08.12.2024;19:52;A111;1;2;3;1;1;5;9;1;1;0;0;0;0;0;0
08.12.2024;19:51;A111;1;2;3;2;30;5;38;0;0;0;0;0;0;0;0
08.12.2024;19:50;A111;1;3;5;3;49;2;4;1;0;0;0;0;0;0;0
08.12.2024;19:49;A111;1;0;0;3;6;2;2;0;0;0;0;0;0;0;0
08.12.2024;19:48;A111;1;4;5;1;25;4;5;0;0;0;0;0;0;0;0
08.12.2024;19:47;A111;1;2;2;1;32;6;16;0;0;0;0;0;0;0;0
08.12.2024;19:46;A111;1;2;2;0;0;4;3;1;0;0;0;0;0;0;0
08.12.2024;19:45;A111;1;4;6;2;7;4;3;0;0;0;0;0;0;0;0
08.12.2024;19:44;A111;1;5;22;1;1;5;6;2;3;0;0;0;0;0;0
08.12.2024;19:43;A111;1;2;2;5;5;2;2;0;0;0;0;0;0;0;0
08.12.2024;19:42;A111;1;1;1;2;5;6;8;1;1;0;0;0;0;0;0
08.12.2024;19:41;A111;1;1;3;1;4;7;32;0;0;0;0;0;0;0;0
08.12.2024;19:40;A111;1;2;3;2;35;6;30;1;54;0;0;0;0;0;0
08.12.2024;19:39;A111;1;2;2;4;10;3;27;0;0;0;0;0;0;0;0
08.12.2024;19:38;A111;1;1;33;2;13;4;51;0;0;0;0;0;0;0;0
08.12.2024;19:37;A111;1;3;30;0;0;6;13;0;0;0;0;0;0;0;0
08.12.2024;19:36;A111;1;4;4;0;0;2;10;1;1;0;0;0;0;0;0
08.12.2024;19:35;A111;1;3;3;2;16;2;2;0;0;0;0;0;0;0;0
08.12.2024;19:34;A111;1;1;1;1;18;6;17;0;0;0;0;0;0;0;0
08.12.2024;19:33;A111;1;6;17;0;0;1;1;0;0;0;0;0;0;0;0
08.12.2024;19:32;A111;1;1;2;1;31;2;2;1;1;0;0;0;0;0;0
08.12.2024;19:31;A111;1;1;1;3;47;6;5;1;1;0;0;0;0;0;0
08.12.2024;19:30;A111;1;3;6;3;45;4;4;0;0;0;0;0;0;0;0
08.12.2024;19:29;A111;1;1;0;0;0;5;3;1;2;0;0;0;0;0;0
08.12.2024;19:28;A111;1;2;2;1;23;2;4;0;0;0;0;0;0;0;0
08.12.2024;19:27;A111;1;5;8;0;0;4;4;0;0;0;0;0;0;0;0
08.12.2024;19:26;A111;1;2;18;1;22;1;3;0;0;0;0;0;0;0;0
08.12.2024;19:25;A111;1;5;14;1;16;4;3;0;0;0;0;0;0;0;0
08.12.2024;19:24;A111;1;0;0;3;69;3;3;0;0;0;0;0;0;0;0
08.12.2024;19:23;A111;1;2;5;0;0;3;2;1;1;0;0;0;0;0;0
08.12.2024;19:22;A111;1;3;6;1;8;1;1;1;0;0;0;0;0;0;0
08.12.2024;19:21;A111;1;1;1;2;40;6;11;2;1;0;0;0;0;0;0
08.12.2024;19:20;A111;1;2;2;2;19;4;5;0;0;0;0;0;0;0;0
08.12.2024;19:19;A111;1;4;9;1;3;2;2;0;0;0;0;0;0;0;0
08.12.2024;19:18;A111;1;1;1;2;33;1;1;0;0;0;0;0;0;0;0
08.12.2024;19:17;A111;1;1;1;3;29;2;3;0;0;0;0;0;0;0;0
08.12.2024;19:16;A111;1;1;1;0;0;2;2;0;0;0;0;0;0;0;0
08.12.2024;19:15;A111;1;3;13;1;61;1;1;1;1;0;0;0;0;0;0
08.12.2024;19:14;A111;1;2;6;3;11;4;17;0;0;0;0;0;0;0;0
08.12.2024;19:13;A111;1;3;8;0;0;5;19;0;0;0;0;0;0;0;0
08.12.2024;19:12;A111;1;1;1;2;3;8;12;0;0;0;0;0;0;0;0
08.12.2024;19:11;A111;1;1;1;2;11;3;3;1;0;0;0;0;0;0;0
08.12.2024;19:10;A111;1;1;2;6;58;4;5;0;0;0;0;0;0;0;0
08.12.2024;19:09;A111;1;1;3;1;24;2;2;0;0;0;0;0;0;0;0
08.12.2024;19:08;A111;1;4;11;2;20;3;3;0;0;0;0;0;0;0;0
08.12.2024;19:07;A111;1;4;8;3;61;2;2;0;0;0;0;0;0;0;0
08.12.2024;19:06;A111;1;3;5;2;54;9;8;0;0;0;0;0;0;0;0
08.12.2024;19:05;A111;1;5;10;2;18;6;18;0;0;0;0;0;0;0;0
08.12.2024;19:04;A111;1;3;4;2;5;5;30;1;1;0;0;0;0;0;0
08.12.2024;19:03;A111;1;1;1;1;1;0;0;1;3;0;0;0;0;0;0
08.12.2024;19:02;A111;1;1;2;0;0;4;7;1;1;0;0;0;0;0;0
08.12.2024;19:01;A111;1;3;5;1;64;4;51;1;58;0;0;0;0;0;0
08.12.2024;19:00;A111;1;3;6;2;7;4;6;2;3;0;0;0;0;0;0
08.12.2024;18:59;A111;1;5;6;3;38;5;9;0;0;0;0;0;0;0;0
08.12.2024;18:58;A111;1;4;5;1;60;5;9;1;1;0;0;0;0;0;0
08.12.2024;18:57;A111;1;3;4;0;0;2;8;1;1;0;0;0;0;0;0
08.12.2024;18:56;A111;1;5;9;1;2;6;7;0;0;0;0;0;0;0;0
08.12.2024;18:55;A111;1;2;4;6;82;4;4;0;0;0;0;0;0;0;0
08.12.2024;18:54;A111;1;2;4;1;19;5;45;0;0;0;0;0;0;0;0
08.12.2024;18:53;A111;1;4;14;0;0;5;7;0;20;0;0;0;0;0;0
08.12.2024;18:52;A111;1;3;4;5;8;10;48;1;50;0;0;0;0;0;0
08.12.2024;18:51;A111;1;0;0;3;22;8;15;1;0;0;0;0;0;0;0
08.12.2024;18:50;A111;1;5;7;2;43;6;5;0;0;0;0;0;0;0;0
08.12.2024;18:49;A111;1;4;5;3;51;2;2;0;0;0;0;0;0;0;0
08.12.2024;18:48;A111;1;4;4;2;51;4;5;0;0;0;0;0;0;0;0
08.12.2024;18:47;A111;1;7;8;0;57;7;18;0;0;0;0;0;0;0;0
08.12.2024;18:46;A111;1;0;0;4;60;6;38;0;0;0;0;0;0;0;0
08.12.2024;18:45;A111;1;1;2;2;12;2;3;0;0;0;0;0;0;0;0
08.12.2024;18:44;A111;1;2;5;1;1;3;5;0;0;0;0;0;0;0;0
08.12.2024;18:43;A111;1;2;6;3;2;9;11;0;0;0;0;0;0;0;0
08.12.2024;18:42;A111;1;3;4;1;1;3;7;0;0;0;0;0;0;0;0
08.12.2024;18:41;A111;1;5;8;7;66;8;14;1;1;0;0;0;0;0;0
08.12.2024;18:40;A111;1;0;0;5;72;1;1;0;0;0;0;0;0;0;0
08.12.2024;18:39;A111;1;1;2;1;34;3;5;0;0;0;0;0;0;0;0
08.12.2024;18:38;A111;1;7;42;1;1;5;6;0;0;0;0;0;0;0;0
08.12.2024;18:37;A111;1;3;9;0;0;2;2;0;0;0;0;0;0;0;0
08.12.2024;18:36;A111;1;2;3;1;1;6;46;1;0;0;0;0;0;0;0
08.12.2024;18:35;A111;1;1;1;0;0;2;6;0;0;0;0;0;0;0;0
08.12.2024;18:34;A111;1;3;3;2;5;3;3;0;0;0;0;0;0;0;0
08.12.2024;18:33;A111;1;3;3;1;48;2;2;0;0;0;0;0;0;0;0
08.12.2024;18:32;A111;1;6;11;1;1;4;4;0;0;0;0;0;0;0;0
08.12.2024;18:31;A111;1;2;4;2;66;3;4;0;0;0;0;0;0;0;0
08.12.2024;18:30;A111;1;2;2;3;4;7;20;0;0;0;0;0;0;0;0
08.12.2024;18:29;A111;1;0;0;6;40;6;14;0;0;0;0;0;0;0;0
08.12.2024;18:28;A111;1;1;1;1;2;3;3;1;2;0;0;0;0;0;0
08.12.2024;18:27;A111;1;2;2;0;0;2;3;0;0;0;0;0;0;0;0
08.12.2024;18:26;A111;1;2;4;3;17;3;7;0;0;0;0;0;0;0;0
08.12.2024;18:25;A111;1;4;4;2;20;7;7;1;0;0;0;0;0;0;0
08.12.2024;18:24;A111;1;0;0;2;37;3;43;0;0;0;0;0;0;0;0
08.12.2024;18:23;A111;1;4;46;1;27;7;38;0;0;0;0;0;0;0;0
08.12.2024;18:22;A111;1;2;4;4;70;4;12;0;0;0;0;0;0;0;0
08.12.2024;18:21;A111;1;1;2;3;31;4;3;0;0;0;0;0;0;0;0
08.12.2024;18:20;A111;1;5;5;1;3;5;9;0;0;0;0;0;0;0;0
08.12.2024;18:19;A111;1;5;8;2;4;8;23;0;0;0;0;0;0;0;0
08.12.2024;18:18;A111;1;4;7;1;41;3;31;1;1;0;0;0;0;0;0
08.12.2024;18:17;A111;1;1;2;1;0;8;9;0;0;0;0;0;0;0;0
08.12.2024;18:16;A111;1;2;27;3;66;2;1;0;0;0;0;0;0;0;0
08.12.2024;18:15;A111;1;4;16;5;45;3;4;0;0;0;0;0;0;0;0
08.12.2024;18:14;A111;1;2;3;0;0;10;21;0;0;0;0;0;0;0;0
08.12.2024;18:13;A111;1;5;9;0;0;1;1;0;0;0;0;0;0;0;0
08.12.2024;18:12;A111;1;1;3;1;13;3;2;0;0;0;0;0;0;0;0
08.12.2024;18:11;A111;1;4;6;1;57;4;6;0;0;0;0;0;0;0;0
08.12.2024;18:10;A111;1;1;1;1;22;5;7;0;27;0;0;0;0;0;0
08.12.2024;18:09;A111;1;5;26;1;13;7;12;1;2;0;0;0;0;0;0
08.12.2024;18:08;A111;1;2;5;4;40;2;1;0;0;0;0;0;0;0;0
08.12.2024;18:07;A111;1;2;4;7;86;4;13;0;0;0;0;0;0;0;0
08.12.2024;18:06;A111;1;1;2;1;94;2;2;0;0;0;0;0;0;0;0
08.12.2024;18:05;A111;1;4;10;2;23;6;6;1;28;0;0;0;0;0;0
08.12.2024;18:04;A111;1;3;28;2;22;6;8;0;0;0;0;0;0;0;0
08.12.2024;18:03;A111;1;1;1;0;0;4;21;0;0;0;0;0;0;0;0
08.12.2024;18:02;A111;1;0;0;0;0;3;7;2;1;0;0;0;0;0;0
08.12.2024;18:01;A111;1;3;5;5;16;5;5;0;0;0;0;0;0;0;0
08.12.2024;18:00;A111;1;5;7;6;30;4;6;0;0;0;0;0;0;0;0
08.12.2024;17:59;A111;1;2;2;2;53;5;15;0;0;0;0;0;0;0;0
08.12.2024;17:58;A111;1;1;19;0;0;2;6;1;35;0;0;0;0;0;0
08.12.2024;17:57;A111;1;3;4;3;20;8;31;0;0;0;0;0;0;0;0
08.12.2024;17:56;A111;1;4;9;6;77;3;7;0;0;0;0;0;0;0;0
08.12.2024;17:55;A111;1;4;10;1;23;2;2;0;0;0;0;0;0;0;0
08.12.2024;17:54;A111;1;3;17;5;8;3;4;0;0;0;0;0;0;0;0
08.12.2024;17:53;A111;1;3;5;2;3;8;16;0;0;0;0;0;0;0;0
08.12.2024;17:52;A111;1;5;6;2;58;6;10;1;1;0;0;0;0;0;0
08.12.2024;17:51;A111;1;1;1;7;73;6;7;0;0;0;0;0;0;0;0
08.12.2024;17:50;A111;1;4;6;2;5;7;8;0;0;0;0;0;0;0;0
08.12.2024;17:49;A111;1;2;1;0;0;7;20;0;0;0;0;0;0;0;0
08.12.2024;17:48;A111;1;3;26;2;28;5;24;1;1;0;0;0;0;0;0
08.12.2024;17:47;A111;1;5;9;1;1;10;10;0;0;0;0;0;0;0;0
08.12.2024;17:46;A111;1;0;0;0;0;6;11;0;0;0;0;0;0;0;0
08.12.2024;17:45;A111;1;1;2;7;23;0;0;0;0;0;0;0;0;0;0
08.12.2024;17:44;A111;1;2;2;2;33;6;35;0;0;0;0;0;0;0;0
08.12.2024;17:43;A111;1;1;1;1;0;3;31;0;0;0;0;0;0;0;0
08.12.2024;17:42;A111;1;5;12;1;1;5;6;0;0;0;0;0;0;0;0
08.12.2024;17:41;A111;1;1;2;3;13;8;7;0;0;0;0;0;0;0;0
08.12.2024;17:40;A111;1;6;34;2;4;6;9;0;0;0;0;0;0;0;0
08.12.2024;17:39;A111;1;1;3;1;6;10;43;1;1;0;0;0;0;0;0
08.12.2024;17:38;A111;1;3;3;2;19;7;18;0;0;0;0;0;0;0;0
08.12.2024;17:37;A111;1;3;7;2;2;3;3;1;1;0;0;0;0;0;0
08.12.2024;17:36;A111;1;3;18;4;37;7;9;1;18;0;0;0;0;0;0
08.12.2024;17:35;A111;1;2;11;7;47;5;26;0;0;0;0;0;0;0;0
08.12.2024;17:34;A111;1;3;33;1;55;8;22;0;0;0;0;0;0;0;0
08.12.2024;17:33;A111;1;3;5;0;0;3;6;0;0;0;0;0;0;0;0
08.12.2024;17:32;A111;1;1;1;5;13;4;4;0;0;0;0;0;0;0;0
08.12.2024;17:31;A111;1;4;17;3;39;5;4;0;0;0;0;0;0;0;0
08.12.2024;17:30;A111;1;2;5;3;61;5;5;1;1;0;0;0;0;0;0
08.12.2024;17:29;A111;1;7;13;3;19;8;22;2;8;0;0;0;0;0;0
08.12.2024;17:28;A111;1;1;1;3;57;7;31;0;0;0;0;0;0;0;0
08.12.2024;17:27;A111;1;1;1;2;71;10;14;0;1;0;0;0;0;0;0
08.12.2024;17:26;A111;1;6;11;5;54;5;8;2;2;0;0;0;0;0;0
08.12.2024;17:25;A111;1;1;1;7;56;9;24;2;3;0;0;0;0;0;0
08.12.2024;17:24;A111;1;3;3;2;76;6;15;1;17;0;0;0;0;0;0
08.12.2024;17:23;A111;1;4;6;3;57;4;5;0;0;0;0;0;0;0;0
08.12.2024;17:22;A111;1;4;31;5;46;4;12;0;0;0;0;0;0;0;0
08.12.2024;17:21;A111;1;3;42;2;65;6;8;0;0;0;0;0;0;0;0
08.12.2024;17:20;A111;1;6;19;2;2;8;28;0;0;0;0;0;0;0;0
08.12.2024;17:19;A111;1;2;3;4;9;9;8;0;0;0;0;0;0;0;0
08.12.2024;17:18;A111;1;4;5;5;7;4;4;1;1;0;0;0;0;0;0
08.12.2024;17:17;A111;1;3;6;3;23;5;24;0;0;0;0;0;0;0;0
08.12.2024;17:16;A111;1;1;3;3;82;4;34;0;0;0;0;0;0;0;0
08.12.2024;17:15;A111;1;4;61;1;43;7;18;0;0;0;0;0;0;0;0
08.12.2024;17:14;A111;1;3;3;1;27;9;43;1;1;0;0;0;0;0;0
08.12.2024;17:13;A111;1;2;2;3;57;7;55;0;0;0;0;0;0;0;0
08.12.2024;17:12;A111;1;4;3;3;18;5;6;1;2;0;0;0;0;0;0
08.12.2024;17:11;A111;1;6;41;3;45;5;5;1;1;0;0;0;0;0;0
08.12.2024;17:10;A111;1;6;9;4;45;5;9;1;0;0;0;0;0;0;0
08.12.2024;17:09;A111;1;5;58;3;55;8;10;0;0;0;0;0;0;0;0
08.12.2024;17:08;A111;1;0;0;1;7;6;10;1;31;0;0;0;0;0;0
08.12.2024;17:07;A111;1;4;16;3;25;2;2;0;0;0;0;0;0;0;0
08.12.2024;17:06;A111;1;2;3;4;51;2;2;0;0;0;0;0;0;0;0
08.12.2024;17:05;A111;1;3;4;4;36;2;30;0;0;0;0;0;0;0;0
08.12.2024;17:04;A111;1;1;0;9;70;6;12;1;1;0;0;0;0;0;0
08.12.2024;17:03;A111;1;2;46;3;88;8;19;0;5;0;0;0;0;0;0
08.12.2024;17:02;A111;1;7;11;1;58;5;7;2;48;0;0;0;0;0;0
08.12.2024;17:01;A111;1;4;5;4;22;11;20;1;4;0;0;0;0;0;0
08.12.2024;17:00;A111;1;2;3;3;59;8;16;0;0;0;0;0;0;0;0
08.12.2024;16:59;A111;1;3;17;0;0;4;28;0;0;0;0;0;0;0;0
08.12.2024;16:58;A111;1;2;2;4;44;9;12;0;0;0;0;0;0;0;0
08.12.2024;16:57;A111;1;2;3;1;61;0;0;0;0;0;0;0;0;0;0
08.12.2024;16:56;A111;1;2;2;3;73;3;8;0;0;0;0;0;0;0;0
08.12.2024;16:55;A111;1;1;1;2;14;6;27;0;0;0;0;0;0;0;0
08.12.2024;16:54;A111;1;3;3;1;48;8;9;0;0;0;0;0;0;0;0
08.12.2024;16:53;A111;1;0;0;0;0;7;18;0;0;0;0;0;0;0;0
08.12.2024;16:52;A111;1;3;6;5;33;3;26;0;0;0;0;0;0;0;0
08.12.2024;16:51;A111;1;6;13;4;58;5;8;0;0;0;0;0;0;0;0
08.12.2024;16:50;A111;1;5;9;1;2;8;9;0;0;0;0;0;0;0;0
08.12.2024;16:49;A111;1;3;5;2;9;6;44;1;1;0;0;0;0;0;0
08.12.2024;16:48;A111;1;3;4;5;21;5;33;0;0;0;0;0;0;0;0
08.12.2024;16:47;A111;1;5;9;3;51;12;12;0;0;0;0;0;0;0;0
08.12.2024;16:46;A111;1;5;9;1;38;9;27;0;0;0;0;0;0;0;0
08.12.2024;16:45;A111;1;3;4;3;46;9;20;0;0;0;0;0;0;0;0
08.12.2024;16:44;A111;1;1;1;1;2;3;3;0;0;0;0;0;0;0;0
08.12.2024;16:43;A111;1;6;38;4;39;4;4;0;0;0;0;0;0;0;0
08.12.2024;16:42;A111;1;4;17;4;45;11;17;0;0;0;0;0;0;0;0
08.12.2024;16:41;A111;1;1;2;1;1;4;26;0;0;0;0;0;0;0;0
08.12.2024;16:40;A111;1;4;13;2;63;3;3;0;0;0;0;0;0;0;0
08.12.2024;16:39;A111;1;2;18;5;18;3;24;0;0;0;0;0;0;0;0
08.12.2024;16:38;A111;1;2;2;3;46;7;38;0;0;0;0;0;0;0;0
08.12.2024;16:37;A111;1;2;3;2;20;6;12;0;0;0;0;0;0;0;0
08.12.2024;16:36;A111;1;3;5;5;42;5;5;1;1;0;0;0;0;0;0
08.12.2024;16:35;A111;1;2;2;3;15;7;8;0;0;0;0;0;0;0;0
08.12.2024;16:34;A111;1;1;1;4;59;4;4;0;0;0;0;0;0;0;0
08.12.2024;16:33;A111;1;2;3;2;28;6;19;0;0;0;0;0;0;0;0
08.12.2024;16:32;A111;1;3;3;5;32;9;46;0;0;0;0;0;0;0;0
08.12.2024;16:31;A111;1;3;4;1;42;3;3;0;0;0;0;0;0;0;0
08.12.2024;16:30;A111;1;6;50;7;35;7;59;0;0;0;0;0;0;0;0
08.12.2024;16:29;A111;1;2;2;0;0;5;4;0;0;0;0;0;0;0;0
08.12.2024;16:28;A111;1;6;10;0;46;3;5;0;0;0;0;0;0;0;0
08.12.2024;16:27;A111;1;4;23;6;17;4;17;0;0;0;0;0;0;0;0
08.12.2024;16:26;A111;1;5;8;3;44;2;2;0;0;0;0;0;0;0;0
08.12.2024;16:25;A111;1;2;5;7;62;6;6;0;0;0;0;0;0;0;0
08.12.2024;16:24;A111;1;4;9;4;68;6;6;0;0;0;0;0;0;0;0
08.12.2024;16:23;A111;1;2;4;5;31;7;42;0;0;0;0;0;0;0;0
08.12.2024;16:22;A111;1;4;6;4;5;6;50;0;0;0;0;0;0;0;0
08.12.2024;16:21;A111;1;5;48;2;0;4;5;0;0;0;0;0;0;0;0
08.12.2024;16:20;A111;1;5;15;1;11;8;28;0;0;0;0;0;0;0;0
08.12.2024;16:19;A111;1;3;15;4;52;6;12;1;0;0;0;0;0;0;0
08.12.2024;16:18;A111;1;4;11;1;25;4;5;0;0;0;0;0;0;0;0
08.12.2024;16:17;A111;1;1;1;1;37;6;17;3;3;0;0;0;0;0;0
08.12.2024;16:16;A111;1;2;2;6;52;7;9;0;0;0;0;0;0;0;0
08.12.2024;16:15;A111;1;1;1;1;0;7;6;0;0;0;0;0;0;0;0
08.12.2024;16:14;A111;1;7;10;1;45;4;5;1;1;0;0;0;0;0;0
08.12.2024;16:13;A111;1;4;8;3;28;7;15;2;10;0;0;0;0;0;0
08.12.2024;16:12;A111;1;3;4;1;55;4;6;0;0;0;0;0;0;0;0
08.12.2024;16:11;A111;1;3;5;6;77;7;5;0;0;0;0;0;0;0;0
08.12.2024;16:10;A111;1;2;4;5;38;1;1;0;0;0;0;0;0;0;0
08.12.2024;16:09;A111;1;2;2;0;0;4;9;0;0;0;0;0;0;0;0
08.12.2024;16:08;A111;1;5;5;3;46;3;3;0;0;0;0;0;0;0;0
08.12.2024;16:07;A111;1;0;0;5;9;3;3;0;0;0;0;0;0;0;0
08.12.2024;16:06;A111;1;3;3;3;40;2;2;0;0;0;0;0;0;0;0
08.12.2024;16:05;A111;1;3;3;2;54;5;30;1;1;0;0;0;0;0;0
08.12.2024;16:04;A111;1;4;14;5;29;1;2;1;0;0;0;0;0;0;0
08.12.2024;16:03;A111;1;4;18;3;37;2;3;0;0;0;0;0;0;0;0
08.12.2024;16:02;A111;1;4;3;4;20;5;34;0;0;0;0;0;0;0;0
08.12.2024;16:01;A111;1;2;4;1;41;4;6;0;0;0;0;0;0;0;0
08.12.2024;16:00;A111;1;2;2;4;26;4;5;0;0;0;0;0;0;0;0
08.12.2024;15:59;A111;1;6;16;2;23;7;30;0;0;0;0;0;0;0;0
08.12.2024;15:58;A111;1;3;9;1;2;4;47;0;0;0;0;0;0;0;0
08.12.2024;15:57;A111;1;2;2;6;15;9;13;1;1;0;0;0;0;0;0
08.12.2024;15:56;A111;1;2;31;8;75;5;4;0;0;0;0;0;0;0;0
08.12.2024;15:55;A111;1;2;6;8;77;6;9;0;0;0;0;0;0;0;0
08.12.2024;15:54;A111;1;3;4;2;51;5;10;0;0;0;0;0;0;0;0
08.12.2024;15:53;A111;1;3;11;1;2;5;7;1;1;0;0;0;0;0;0
08.12.2024;15:52;A111;1;2;2;0;0;6;7;0;0;0;0;0;0;0;0
08.12.2024;15:51;A111;1;4;4;1;14;4;3;1;1;0;0;0;0;0;0
08.12.2024;15:50;A111;1;2;33;5;33;9;11;1;1;0;0;0;0;0;0
08.12.2024;15:49;A111;1;4;7;7;69;7;15;1;3;0;0;0;0;0;0
08.12.2024;15:48;A111;1;5;21;2;42;9;11;1;1;0;0;0;0;0;0
08.12.2024;15:47;A111;1;3;46;3;66;3;8;0;0;0;0;0;0;0;0
08.12.2024;15:46;A111;1;5;7;2;44;3;3;1;0;0;0;0;0;0;0
08.12.2024;15:45;A111;1;4;11;0;0;5;9;0;0;0;0;0;0;0;0
08.12.2024;15:44;A111;1;2;2;4;70;2;9;1;18;0;0;0;0;0;0
08.12.2024;15:43;A111;1;2;2;5;69;6;37;1;37;0;0;0;0;0;0
08.12.2024;15:42;A111;1;3;5;4;28;6;6;0;0;0;0;0;0;0;0
08.12.2024;15:41;A111;1;2;4;2;6;7;11;0;0;0;0;0;0;0;0
08.12.2024;15:40;A111;1;5;10;1;41;0;0;0;0;0;0;0;0;0;0
08.12.2024;15:39;A111;1;2;2;4;8;12;12;1;44;0;0;0;0;0;0
08.12.2024;15:38;A111;1;1;2;1;21;5;13;0;0;0;0;0;0;0;0
08.12.2024;15:37;A111;1;4;6;2;17;7;9;0;0;0;0;0;0;0;0
08.12.2024;15:36;A111;1;1;2;3;44;8;7;0;0;0;0;0;0;0;0
08.12.2024;15:35;A111;1;0;0;2;30;5;6;0;0;0;0;0;0;0;0
08.12.2024;15:34;A111;1;6;16;3;42;0;0;0;0;0;0;0;0;0;0
08.12.2024;15:33;A111;1;5;10;2;49;6;5;1;2;0;0;0;0;0;0
08.12.2024;15:32;A111;1;2;4;1;5;3;8;0;0;0;0;0;0;0;0
08.12.2024;15:31;A111;1;5;11;3;58;4;13;0;0;0;0;0;0;0;0
08.12.2024;15:30;A111;1;3;5;8;25;4;26;0;0;0;0;0;0;0;0
08.12.2024;15:29;A111;1;2;4;0;0;1;1;1;0;0;0;0;0;0;0
08.12.2024;15:28;A111;1;3;66;3;13;4;26;0;0;0;0;0;0;0;0
08.12.2024;15:27;A111;1;7;35;0;0;3;9;0;0;0;0;0;0;0;0
08.12.2024;15:26;A111;1;2;2;4;63;6;6;0;0;0;0;0;0;0;0
08.12.2024;15:25;A111;1;4;22;1;15;6;7;0;0;0;0;0;0;0;0
08.12.2024;15:24;A111;1;4;7;4;19;3;4;0;0;0;0;0;0;0;0
08.12.2024;15:23;A111;1;2;2;1;20;7;6;0;0;0;0;0;0;0;0
08.12.2024;15:22;A111;1;2;2;0;26;7;6;0;24;0;0;0;0;0;0
08.12.2024;15:21;A111;1;2;2;5;58;4;7;1;25;0;0;0;0;0;0
08.12.2024;15:20;A111;1;5;8;7;75;6;9;0;0;0;0;0;0;0;0
08.12.2024;15:19;A111;1;2;3;5;80;8;51;0;0;0;0;0;0;0;0
08.12.2024;15:18;A111;1;2;2;7;67;9;51;0;0;0;0;0;0;0;0
08.12.2024;15:17;A111;1;3;5;4;76;8;52;0;0;0;0;0;0;0;0
08.12.2024;15:16;A111;1;2;5;3;10;8;17;0;0;0;0;0;0;0;0
08.12.2024;15:15;A111;1;1;2;7;75;4;33;2;1;0;0;0;0;0;0
08.12.2024;15:14;A111;1;4;21;3;9;4;9;0;0;0;0;0;0;0;0
08.12.2024;15:13;A111;1;2;5;6;69;2;2;1;3;0;0;0;0;0;0
08.12.2024;15:12;A111;1;5;49;4;70;2;2;1;1;0;0;0;0;0;0
08.12.2024;15:11;A111;1;4;44;0;3;4;5;0;0;0;0;0;0;0;0
08.12.2024;15:10;A111;1;4;7;1;24;6;6;0;0;0;0;0;0;0;0
08.12.2024;15:09;A111;1;1;0;1;18;4;5;0;0;0;0;0;0;0;0
08.12.2024;15:08;A111;1;7;13;1;44;5;9;0;0;0;0;0;0;0;0
08.12.2024;15:07;A111;1;4;13;2;35;6;6;0;0;0;0;0;0;0;0
08.12.2024;15:06;A111;1;2;2;3;41;2;2;1;0;0;0;0;0;0;0
08.12.2024;15:05;A111;1;3;3;2;61;7;6;0;0;0;0;0;0;0;0
08.12.2024;15:04;A111;1;5;20;2;60;7;10;0;0;0;0;0;0;0;0
08.12.2024;15:03;A111;1;6;44;6;75;6;21;0;0;0;0;0;0;0;0
08.12.2024;15:02;A111;1;5;18;4;4;6;35;0;0;0;0;0;0;0;0
08.12.2024;15:01;A111;1;4;27;1;20;12;14;0;0;0;0;0;0;0;0
08.12.2024;15:00;A111;1;4;35;1;8;1;1;1;26;0;0;0;0;0;0
08.12.2024;14:59;A111;1;5;8;3;26;5;4;0;0;0;0;0;0;0;0
08.12.2024;14:58;A111;1;1;3;6;9;3;4;0;0;0;0;0;0;0;0
08.12.2024;14:57;A111;1;3;3;7;80;6;19;0;0;0;0;0;0;0;0
08.12.2024;14:56;A111;1;3;32;3;79;8;10;0;0;0;0;0;0;0;0
08.12.2024;14:55;A111;1;2;4;1;38;0;0;1;0;0;0;0;0;0;0
08.12.2024;14:54;A111;1;2;2;2;20;3;4;1;1;0;0;0;0;0;0
08.12.2024;14:53;A111;1;4;6;1;18;7;12;1;1;0;0;0;0;0;0
08.12.2024;14:52;A111;1;3;3;3;39;7;54;1;0;0;0;0;0;0;0
08.12.2024;14:51;A111;1;6;54;5;84;5;35;0;0;0;0;0;0;0;0
08.12.2024;14:50;A111;1;2;2;1;55;4;3;0;0;0;0;0;0;0;0
08.12.2024;14:49;A111;1;1;1;4;48;5;5;0;0;0;0;0;0;0;0
08.12.2024;14:48;A111;1;3;5;6;64;3;2;0;0;0;0;0;0;0;0
08.12.2024;14:47;A111;1;5;11;1;53;4;8;1;0;0;0;0;0;0;0
08.12.2024;14:46;A111;1;4;33;2;3;5;37;0;0;0;0;0;0;0;0
08.12.2024;14:45;A111;1;3;5;3;76;9;26;1;0;0;0;0;0;0;0
08.12.2024;14:44;A111;1;1;2;5;8;6;18;0;0;0;0;0;0;0;0
08.12.2024;14:43;A111;1;2;6;2;41;5;35;0;0;0;0;0;0;0;0
08.12.2024;14:42;A111;1;2;4;1;51;5;7;1;16;0;0;0;0;0;0
08.12.2024;14:41;A111;1;8;12;1;60;7;11;1;32;0;0;0;0;0;0
08.12.2024;14:40;A111;1;0;0;0;22;6;5;0;0;0;0;0;0;0;0
08.12.2024;14:39;A111;1;1;2;3;51;4;4;0;0;0;0;0;0;0;0
08.12.2024;14:38;A111;1;1;1;2;35;2;3;0;0;0;0;0;0;0;0
08.12.2024;14:37;A111;1;6;47;1;55;2;2;0;0;0;0;0;0;0;0
08.12.2024;14:36;A111;1;3;6;1;10;4;12;0;0;0;0;0;0;0;0
08.12.2024;14:35;A111;1;2;5;1;19;4;6;0;0;0;0;0;0;0;0
08.12.2024;14:34;A111;1;2;12;3;42;5;14;0;0;0;0;0;0;0;0
08.12.2024;14:33;A111;1;3;6;2;74;5;6;0;0;0;0;0;0;0;0
08.12.2024;14:32;A111;1;2;6;10;77;1;1;1;2;0;0;0;0;0;0
08.12.2024;14:31;A111;1;6;28;2;77;5;8;2;2;0;0;0;0;0;0
08.12.2024;14:30;A111;1;7;9;1;1;3;6;0;0;0;0;0;0;0;0
08.12.2024;14:29;A111;1;2;35;2;2;9;32;1;0;0;0;0;0;0;0
08.12.2024;14:28;A111;1;7;15;3;3;7;35;0;0;0;0;0;0;0;0
08.12.2024;14:27;A111;1;4;21;2;23;7;32;0;0;0;0;0;0;0;0
08.12.2024;14:26;A111;1;2;3;2;76;15;39;0;0;0;0;0;0;0;0
08.12.2024;14:25;A111;1;1;1;1;45;0;0;0;0;0;0;0;0;0;0
08.12.2024;14:24;A111;1;3;7;2;9;3;4;0;0;0;0;0;0;0;0
08.12.2024;14:23;A111;1;2;4;1;40;5;46;0;0;0;0;0;0;0;0
08.12.2024;14:22;A111;1;2;2;2;25;2;2;0;0;0;0;0;0;0;0
08.12.2024;14:21;A111;1;2;3;2;12;4;3;0;0;0;0;0;0;0;0
08.12.2024;14:20;A111;1;2;4;0;0;7;6;0;0;0;0;0;0;0;0
08.12.2024;14:19;A111;1;2;2;3;7;5;14;1;1;0;0;0;0;0;0
08.12.2024;14:18;A111;1;3;3;2;71;3;5;0;0;0;0;0;0;0;0
08.12.2024;14:17;A111;1;5;8;2;2;3;2;0;0;0;0;0;0;0;0
08.12.2024;14:16;A111;1;2;2;0;0;6;4;1;0;0;0;0;0;0;0
08.12.2024;14:15;A111;1;1;4;8;76;4;8;0;0;0;0;0;0;0;0
08.12.2024;14:14;A111;1;6;10;0;7;7;10;1;1;0;0;0;0;0;0
08.12.2024;14:13;A111;1;2;3;2;2;5;6;0;0;0;0;0;0;0;0
08.12.2024;14:12;A111;1;2;3;4;7;7;54;0;0;0;0;0;0;0;0
08.12.2024;14:11;A111;1;4;5;1;29;5;24;2;0;0;0;0;0;0;0
08.12.2024;14:10;A111;1;4;60;2;7;5;5;1;1;0;0;0;0;0;0
08.12.2024;14:09;A111;1;2;2;3;17;8;11;1;0;0;0;0;0;0;0
08.12.2024;14:08;A111;1;3;7;0;0;9;60;0;0;0;0;0;0;0;0
08.12.2024;14:07;A111;1;2;28;2;2;5;50;1;0;0;0;0;0;0;0
08.12.2024;14:06;A111;1;1;1;1;19;11;32;3;24;0;0;0;0;0;0
08.12.2024;14:05;A111;1;2;11;4;11;8;53;0;0;0;0;0;0;0;0
08.12.2024;14:04;A111;1;5;7;1;47;6;26;0;0;0;0;0;0;0;0
08.12.2024;14:03;A111;1;1;1;2;50;1;1;0;0;0;0;0;0;0;0
08.12.2024;14:02;A111;1;1;37;3;62;4;4;0;0;0;0;0;0;0;0
08.12.2024;14:01;A111;1;6;53;2;47;6;12;0;0;0;0;0;0;0;0
08.12.2024;14:00;A111;1;4;21;4;11;4;4;1;0;0;0;0;0;0;0
08.12.2024;13:59;A111;1;5;6;1;17;4;13;1;1;0;0;0;0;0;0
08.12.2024;13:58;A111;1;4;6;3;67;4;4;1;1;0;0;0;0;0;0
08.12.2024;13:57;A111;1;1;2;1;0;3;6;0;0;0;0;0;0;0;0
08.12.2024;13:56;A111;1;5;10;2;42;9;18;0;0;0;0;0;0;0;0
08.12.2024;13:55;A111;1;7;23;6;56;6;13;1;1;0;0;0;0;0;0
08.12.2024;13:54;A111;1;8;74;6;81;6;5;0;0;0;0;0;0;0;0
08.12.2024;13:53;A111;1;2;5;0;0;6;8;0;0;0;0;0;0;0;0
08.12.2024;13:52;A111;1;1;1;1;2;4;26;0;0;0;0;0;0;0;0
08.12.2024;13:51;A111;1;1;2;3;7;7;23;0;0;0;0;0;0;0;0
08.12.2024;13:50;A111;1;5;9;1;32;2;6;1;1;0;0;0;0;0;0
08.12.2024;13:49;A111;1;2;5;4;7;8;9;0;0;0;0;0;0;0;0
08.12.2024;13:48;A111;1;2;3;2;3;6;6;0;6;0;0;0;0;0;0
08.12.2024;13:47;A111;1;2;6;6;36;2;2;0;100;0;0;0;0;0;0
08.12.2024;13:46;A111;1;5;5;2;55;6;37;0;100;0;0;0;0;0;0
08.12.2024;13:45;A111;1;4;9;2;36;5;10;0;100;0;0;0;0;0;0
08.12.2024;13:44;A111;1;2;4;0;0;4;8;1;68;0;0;0;0;0;0
08.12.2024;13:43;A111;1;4;63;0;0;5;8;0;0;0;0;0;0;0;0
08.12.2024;13:42;A111;1;3;4;2;2;3;3;0;0;0;0;0;0;0;0
08.12.2024;13:41;A111;1;3;7;3;17;4;43;0;0;0;0;0;0;0;0
08.12.2024;13:40;A111;1;4;7;2;53;5;5;0;0;0;0;0;0;0;0
08.12.2024;13:39;A111;1;2;7;2;10;3;6;0;0;0;0;0;0;0;0
08.12.2024;13:38;A111;1;3;49;1;47;4;6;0;0;0;0;0;0;0;0
08.12.2024;13:37;A111;1;1;1;1;15;4;7;0;0;0;0;0;0;0;0
08.12.2024;13:36;A111;1;0;0;5;77;5;6;1;2;0;0;0;0;0;0
08.12.2024;13:35;A111;1;1;2;3;8;5;45;0;0;0;0;0;0;0;0
08.12.2024;13:34;A111;1;4;20;0;0;6;13;0;0;0;0;0;0;0;0
08.12.2024;13:33;A111;1;5;9;2;9;2;1;1;5;0;0;0;0;0;0
08.12.2024;13:32;A111;1;2;2;3;54;3;3;1;0;0;0;0;0;0;0
08.12.2024;13:31;A111;1;4;12;2;44;6;6;0;0;0;0;0;0;0;0
08.12.2024;13:30;A111;1;7;31;2;60;3;4;1;1;0;0;0;0;0;0
08.12.2024;13:29;A111;1;2;1;1;20;6;6;0;0;0;0;0;0;0;0
08.12.2024;13:28;A111;1;3;6;3;32;5;6;0;0;0;0;0;0;0;0
08.12.2024;13:27;A111;1;0;0;5;22;5;6;2;1;0;0;0;0;0;0
08.12.2024;13:26;A111;1;5;6;2;50;9;11;0;0;0;0;0;0;0;0
08.12.2024;13:25;A111;1;1;2;6;82;6;9;1;1;0;0;0;0;0;0
08.12.2024;13:24;A111;1;1;2;2;13;4;6;0;0;0;0;0;0;0;0
08.12.2024;13:23;A111;1;6;11;1;3;2;2;1;1;0;0;0;0;0;0
08.12.2024;13:22;A111;1;3;20;1;52;6;6;1;3;0;0;0;0;0;0
08.12.2024;13:21;A111;1;3;1;1;1;4;8;0;0;0;0;0;0;0;0
08.12.2024;13:20;A111;1;3;5;0;0;2;2;0;0;0;0;0;0;0;0
08.12.2024;13:19;A111;1;1;2;1;1;5;5;0;0;0;0;0;0;0;0
08.12.2024;13:18;A111;1;1;2;2;8;7;16;0;0;0;0;0;0;0;0
08.12.2024;13:17;A111;1;5;8;4;5;6;7;1;0;0;0;0;0;0;0
08.12.2024;13:16;A111;1;4;10;4;30;9;9;0;0;0;0;0;0;0;0
08.12.2024;13:15;A111;1;3;11;5;86;8;7;0;0;0;0;0;0;0;0
08.12.2024;13:14;A111;1;0;0;2;25;5;5;0;0;0;0;0;0;0;0
08.12.2024;13:13;A111;1;2;2;3;45;7;19;0;0;0;0;0;0;0;0
08.12.2024;13:12;A111;1;5;9;3;21;6;11;0;0;0;0;0;0;0;0
08.12.2024;13:11;A111;1;3;3;2;5;4;14;0;0;0;0;0;0;0;0
08.12.2024;13:10;A111;1;3;12;0;0;1;1;0;0;0;0;0;0;0;0
08.12.2024;13:09;A111;1;2;36;5;68;4;3;0;0;0;0;0;0;0;0
08.12.2024;13:08;A111;1;3;3;1;1;0;0;0;0;0;0;0;0;0;0
08.12.2024;13:07;A111;1;3;3;1;33;1;21;1;1;0;0;0;0;0;0
08.12.2024;13:06;A111;1;0;0;1;25;3;11;1;0;0;0;0;0;0;0
08.12.2024;13:05;A111;1;4;9;1;46;4;5;0;0;0;0;0;0;0;0
08.12.2024;13:04;A111;1;1;2;0;7;2;2;0;0;0;0;0;0;0;0
08.12.2024;13:03;A111;1;4;5;1;44;1;1;0;0;0;0;0;0;0;0
08.12.2024;13:02;A111;1;3;4;3;4;5;6;0;0;0;0;0;0;0;0
08.12.2024;13:01;A111;1;3;3;4;36;0;0;0;0;0;0;0;0;0;0
08.12.2024;13:00;A111;1;5;23;1;19;2;3;0;0;0;0;0;0;0;0
08.12.2024;12:59;A111;1;5;6;0;0;1;1;0;0;0;0;0;0;0;0
08.12.2024;12:58;A111;1;4;15;1;1;6;36;0;0;0;0;0;0;0;0
08.12.2024;12:57;A111;1;5;48;2;26;4;33;0;0;0;0;0;0;0;0
08.12.2024;12:56;A111;1;6;20;3;49;5;34;0;0;0;0;0;0;0;0
08.12.2024;12:55;A111;1;4;17;5;65;2;2;0;0;0;0;0;0;0;0
08.12.2024;12:54;A111;1;1;2;3;55;3;29;0;0;0;0;0;0;0;0
08.12.2024;12:53;A111;1;1;2;1;6;8;12;1;0;0;0;0;0;0;0
08.12.2024;12:52;A111;1;0;0;1;33;6;5;0;0;0;0;0;0;0;0
08.12.2024;12:51;A111;1;2;2;1;62;5;4;0;0;0;0;0;0;0;0
08.12.2024;12:50;A111;1;3;5;1;49;3;2;0;0;0;0;0;0;0;0
08.12.2024;12:49;A111;1;0;0;2;23;8;7;0;0;0;0;0;0;0;0
08.12.2024;12:48;A111;1;4;6;1;21;4;4;0;18;0;0;0;0;0;0
08.12.2024;12:47;A111;1;4;6;4;64;7;18;1;35;0;0;0;0;0;0
08.12.2024;12:46;A111;1;3;4;4;56;4;7;0;0;0;0;0;0;0;0
08.12.2024;12:45;A111;1;1;1;1;43;5;9;0;0;0;0;0;0;0;0
08.12.2024;12:44;A111;1;2;2;2;57;6;13;0;0;0;0;0;0;0;0
08.12.2024;12:43;A111;1;1;1;2;2;3;12;1;1;0;0;0;0;0;0
08.12.2024;12:42;A111;1;2;3;0;0;6;14;2;0;0;0;0;0;0;0
08.12.2024;12:41;A111;1;5;8;1;32;4;3;0;0;0;0;0;0;0;0
08.12.2024;12:40;A111;1;1;1;2;60;10;11;0;0;0;0;0;0;0;0
08.12.2024;12:39;A111;1;4;5;3;19;5;6;0;0;0;0;0;0;0;0
08.12.2024;12:38;A111;1;3;7;3;64;3;17;0;0;0;0;0;0;0;0
08.12.2024;12:37;A111;1;3;29;2;82;6;9;0;0;0;0;0;0;0;0
08.12.2024;12:36;A111;1;7;55;0;100;4;10;1;1;0;0;0;0;0;0
08.12.2024;12:35;A111;1;5;6;2;40;5;17;0;0;0;0;0;0;0;0
08.12.2024;12:34;A111;1;2;4;1;1;5;5;0;0;0;0;0;0;0;0
08.12.2024;12:33;A111;1;4;9;0;0;6;12;0;0;0;0;0;0;0;0
08.12.2024;12:32;A111;1;1;1;4;47;4;5;0;0;0;0;0;0;0;0
08.12.2024;12:31;A111;1;0;0;3;50;2;2;1;46;0;0;0;0;0;0
08.12.2024;12:30;A111;1;2;5;0;0;3;3;1;3;0;0;0;0;0;0
08.12.2024;12:29;A111;1;6;8;2;12;4;5;0;0;0;0;0;0;0;0
08.12.2024;12:28;A111;1;4;4;3;42;3;5;0;0;0;0;0;0;0;0
08.12.2024;12:27;A111;1;1;15;1;46;7;29;1;1;0;0;0;0;0;0
08.12.2024;12:26;A111;1;6;14;2;47;4;33;2;1;0;0;0;0;0;0
08.12.2024;12:25;A111;1;8;11;2;15;5;4;0;0;0;0;0;0;0;0
08.12.2024;12:24;A111;1;6;26;2;66;4;3;1;1;0;0;0;0;0;0
08.12.2024;12:23;A111;1;1;2;3;9;3;3;1;0;0;0;0;0;0;0
08.12.2024;12:22;A111;1;1;1;3;4;6;58;0;0;0;0;0;0;0;0
08.12.2024;12:21;A111;1;7;36;2;17;2;2;1;0;0;0;0;0;0;0
08.12.2024;12:20;A111;1;0;0;1;35;4;10;0;0;0;0;0;0;0;0
08.12.2024;12:19;A111;1;3;3;0;0;3;3;0;0;0;0;0;0;0;0
08.12.2024;12:18;A111;1;2;3;2;9;2;2;0;0;0;0;0;0;0;0
08.12.2024;12:17;A111;1;1;2;0;0;6;6;1;0;0;0;0;0;0;0
08.12.2024;12:16;A111;1;4;5;0;0;7;7;0;0;0;0;0;0;0;0
08.12.2024;12:15;A111;1;3;6;2;49;4;5;0;0;0;0;0;0;0;0
08.12.2024;12:14;A111;1;4;11;0;0;7;7;1;1;0;0;0;0;0;0
08.12.2024;12:13;A111;1;4;7;2;48;1;1;0;0;0;0;0;0;0;0
08.12.2024;12:12;A111;1;3;5;3;65;5;9;0;0;0;0;0;0;0;0
08.12.2024;12:11;A111;1;1;1;1;52;4;19;0;0;0;0;0;0;0;0
08.12.2024;12:10;A111;1;2;4;4;44;5;18;1;0;0;0;0;0;0;0
08.12.2024;12:09;A111;1;2;40;4;54;7;10;0;0;0;0;0;0;0;0
08.12.2024;12:08;A111;1;1;2;1;2;6;8;0;0;0;0;0;0;0;0
08.12.2024;12:07;A111;1;1;1;1;1;5;10;0;0;0;0;0;0;0;0
08.12.2024;12:06;A111;1;0;0;4;11;1;1;0;0;0;0;0;0;0;0
08.12.2024;12:05;A111;1;3;5;0;0;6;18;0;0;0;0;0;0;0;0
08.12.2024;12:04;A111;1;5;7;1;1;3;4;0;0;0;0;0;0;0;0
08.12.2024;12:03;A111;1;4;59;4;49;3;15;0;0;0;0;0;0;0;0
08.12.2024;12:02;A111;1;1;1;3;57;1;1;0;0;0;0;0;0;0;0
08.12.2024;12:01;A111;1;0;0;1;1;3;3;0;0;0;0;0;0;0;0
08.12.2024;12:00;A111;1;3;6;4;67;2;3;0;0;0;0;0;0;0;0
08.12.2024;11:59;A111;1;0;0;3;67;6;8;0;0;0;0;0;0;0;0
08.12.2024;11:58;A111;1;2;6;4;5;3;5;1;1;0;0;0;0;0;0
08.12.2024;11:57;A111;1;1;1;2;34;5;4;0;0;0;0;0;0;0;0
08.12.2024;11:56;A111;1;4;5;2;36;5;4;0;0;0;0;0;0;0;0
08.12.2024;11:55;A111;1;3;6;2;61;2;5;0;0;0;0;0;0;0;0
08.12.2024;11:54;A111;1;1;32;3;61;2;3;0;0;0;0;0;0;0;0
08.12.2024;11:53;A111;1;7;15;0;14;1;1;0;0;0;0;0;0;0;0
08.12.2024;11:52;A111;1;2;3;1;14;3;8;0;0;0;0;0;0;0;0
08.12.2024;11:51;A111;1;2;3;0;0;5;44;0;0;0;0;0;0;0;0
08.12.2024;11:50;A111;1;2;3;1;2;5;6;0;0;0;0;0;0;0;0
08.12.2024;11:49;A111;1;2;6;3;5;8;27;0;0;0;0;0;0;0;0
08.12.2024;11:48;A111;1;3;13;0;0;6;11;0;0;0;0;0;0;0;0
08.12.2024;11:47;A111;1;3;4;1;51;4;6;0;0;0;0;0;0;0;0
08.12.2024;11:46;A111;1;5;9;3;52;2;3;0;0;0;0;0;0;0;0
08.12.2024;11:45;A111;1;2;6;0;0;4;6;0;0;0;0;0;0;0;0
08.12.2024;11:44;A111;1;3;6;5;43;1;1;1;1;0;0;0;0;0;0
08.12.2024;11:43;A111;1;3;4;4;50;2;2;1;1;0;0;0;0;0;0
08.12.2024;11:42;A111;1;4;3;3;71;7;17;0;0;0;0;0;0;0;0
08.12.2024;11:41;A111;1;4;4;2;59;0;0;0;0;0;0;0;0;0;0
08.12.2024;11:40;A111;1;4;7;3;6;2;4;0;0;0;0;0;0;0;0
08.12.2024;11:39;A111;1;2;2;1;7;7;22;0;0;0;0;0;0;0;0
08.12.2024;11:38;A111;1;0;0;0;0;4;8;0;0;0;0;0;0;0;0
08.12.2024;11:37;A111;1;2;3;3;8;2;3;1;2;0;0;0;0;0;0
08.12.2024;11:36;A111;1;3;4;1;7;1;1;1;1;0;0;0;0;0;0
08.12.2024;11:35;A111;1;0;0;0;0;4;36;0;0;0;0;0;0;0;0
08.12.2024;11:33;A111;1;3;3;0;0;3;5;1;2;0;0;0;0;0;0
08.12.2024;11:32;A111;1;2;3;1;56;2;2;0;0;0;0;0;0;0;0
08.12.2024;11:31;A111;1;1;2;2;5;6;11;0;0;0;0;0;0;0;0
08.12.2024;11:30;A111;1;4;4;2;18;3;4;0;0;0;0;0;0;0;0
08.12.2024;11:29;A111;1;2;2;1;27;2;2;0;0;0;0;0;0;0;0
08.12.2024;11:28;A111;1;2;3;5;8;2;2;0;0;0;0;0;0;0;0
08.12.2024;11:27;A111;1;2;3;2;66;3;4;0;2;0;0;0;0;0;0
08.12.2024;11:26;A111;1;1;3;1;46;3;3;1;7;0;0;0;0;0;0
08.12.2024;11:25;A111;1;3;4;0;0;5;25;0;0;0;0;0;0;0;0
08.12.2024;11:24;A111;1;1;1;4;12;3;2;0;0;0;0;0;0;0;0
08.12.2024;11:23;A111;1;4;6;0;0;3;3;0;0;0;0;0;0;0;0
08.12.2024;11:22;A111;1;2;2;3;5;3;2;0;0;0;0;0;0;0;0
08.12.2024;11:21;A111;1;2;4;0;0;5;7;0;0;0;0;0;0;0;0
08.12.2024;11:20;A111;1;4;23;2;46;7;14;0;0;0;0;0;0;0;0
08.12.2024;11:19;A111;1;2;4;4;17;3;4;0;0;0;0;0;0;0;0
08.12.2024;11:18;A111;1;2;2;2;44;4;14;0;0;0;0;0;0;0;0
08.12.2024;11:17;A111;1;0;0;2;65;4;16;0;0;0;0;0;0;0;0
08.12.2024;11:16;A111;1;2;4;1;1;5;7;1;1;0;0;0;0;0;0
08.12.2024;11:15;A111;1;1;2;2;2;2;2;0;0;0;0;0;0;0;0
08.12.2024;11:14;A111;1;1;2;3;54;6;12;0;0;0;0;0;0;0;0
08.12.2024;11:13;A111;1;2;7;1;3;2;2;0;0;0;0;0;0;0;0
08.12.2024;11:12;A111;1;6;7;2;50;10;10;0;0;0;0;0;0;0;0
08.12.2024;11:11;A111;1;0;0;0;0;2;2;0;0;0;0;0;0;0;0
08.12.2024;11:10;A111;1;5;8;1;26;9;18;1;1;0;0;0;0;0;0
08.12.2024;11:09;A111;1;0;0;2;43;2;2;0;0;0;0;0;0;0;0
08.12.2024;11:08;A111;1;0;0;0;0;3;3;0;0;0;0;0;0;0;0
08.12.2024;11:07;A111;1;2;2;0;0;2;8;1;1;0;0;0;0;0;0
08.12.2024;11:06;A111;1;2;3;0;52;3;3;0;0;0;0;0;0;0;0
08.12.2024;11:05;A111;1;1;2;2;14;4;5;0;0;0;0;0;0;0;0
08.12.2024;11:04;A111;1;1;11;1;6;6;8;0;0;0;0;0;0;0;0
08.12.2024;11:03;A111;1;2;25;1;59;3;3;1;0;0;0;0;0;0;0
08.12.2024;11:02;A111;1;4;5;3;56;2;2;0;0;0;0;0;0;0;0
08.12.2024;11:01;A111;1;2;2;4;67;3;3;0;0;0;0;0;0;0;0
08.12.2024;11:00;A111;1;1;1;4;25;2;2;0;0;0;0;0;0;0;0
08.12.2024;10:59;A111;1;2;2;1;3;5;4;0;5;0;0;0;0;0;0
08.12.2024;10:58;A111;1;1;2;0;5;4;3;1;23;0;0;0;0;0;0
08.12.2024;10:57;A111;1;3;4;2;26;4;4;0;0;0;0;0;0;0;0
08.12.2024;10:56;A111;1;2;2;1;47;5;5;0;0;0;0;0;0;0;0
08.12.2024;10:55;A111;1;1;1;3;65;6;6;0;0;0;0;0;0;0;0
08.12.2024;10:54;A111;1;6;10;4;63;7;14;0;0;0;0;0;0;0;0
08.12.2024;10:53;A111;1;3;21;2;23;3;4;0;0;0;0;0;0;0;0
08.12.2024;10:52;A111;1;5;12;0;0;2;3;0;0;0;0;0;0;0;0
08.12.2024;10:51;A111;1;6;55;0;0;5;8;0;0;0;0;0;0;0;0
08.12.2024;10:50;A111;1;3;6;2;2;2;3;0;0;0;0;0;0;0;0
08.12.2024;10:49;A111;1;1;2;2;2;0;0;0;0;0;0;0;0;0;0
08.12.2024;10:48;A111;1;4;5;3;19;3;4;0;0;0;0;0;0;0;0
08.12.2024;10:47;A111;1;1;1;1;1;2;36;1;1;0;0;0;0;0;0
08.12.2024;10:46;A111;1;2;4;2;4;5;9;0;0;0;0;0;0;0;0
08.12.2024;10:45;A111;1;3;4;2;23;4;8;0;0;0;0;0;0;0;0
08.12.2024;10:44;A111;1;1;1;3;9;3;3;1;1;0;0;0;0;0;0
08.12.2024;10:43;A111;1;2;6;3;28;1;1;0;0;0;0;0;0;0;0
08.12.2024;10:42;A111;1;0;0;2;2;1;1;0;0;0;0;0;0;0;0
08.12.2024;10:41;A111;1;1;1;1;4;2;2;0;0;0;0;0;0;0;0
08.12.2024;10:40;A111;1;1;1;0;0;0;0;0;0;0;0;0;0;0;0
08.12.2024;10:39;A111;1;2;2;1;20;3;3;0;0;0;0;0;0;0;0
08.12.2024;10:38;A111;1;1;1;1;1;8;8;0;0;0;0;0;0;0;0
08.12.2024;10:37;A111;1;2;2;3;5;1;2;1;2;0;0;0;0;0;0
08.12.2024;10:36;A111;1;1;1;0;0;3;4;0;0;0;0;0;0;0;0
08.12.2024;10:35;A111;1;2;3;5;62;4;8;0;0;0;0;0;0;0;0
08.12.2024;10:34;A111;1;2;5;1;68;4;8;0;0;0;0;0;0;0;0
08.12.2024;10:33;A111;1;2;4;0;0;2;3;0;0;0;0;0;0;0;0
08.12.2024;10:32;A111;1;2;3;0;0;1;1;0;0;0;0;0;0;0;0
08.12.2024;10:31;A111;1;1;1;2;42;6;5;1;0;0;0;0;0;0;0
08.12.2024;10:30;A111;1;0;0;3;65;1;1;1;52;0;0;0;0;0;0
08.12.2024;10:29;A111;1;2;7;3;55;2;3;1;1;0;0;0;0;0;0
08.12.2024;10:28;A111;1;1;2;1;16;0;0;0;0;0;0;0;0;0;0
08.12.2024;10:27;A111;1;3;4;3;16;4;6;0;0;0;0;0;0;0;0
08.12.2024;10:26;A111;1;1;1;3;5;2;3;0;0;0;0;0;0;0;0
08.12.2024;10:25;A111;1;3;3;0;0;5;33;0;0;0;0;0;0;0;0
08.12.2024;10:24;A111;1;1;1;3;51;5;8;0;0;0;0;0;0;0;0
08.12.2024;10:23;A111;1;0;0;1;1;6;39;0;0;0;0;0;0;0;0
08.12.2024;10:22;A111;1;1;1;3;37;1;1;0;0;0;0;0;0;0;0
08.12.2024;10:21;A111;1;4;5;2;2;5;8;0;0;0;0;0;0;0;0
08.12.2024;10:20;A111;1;0;0;2;51;3;6;0;0;0;0;0;0;0;0
08.12.2024;10:19;A111;1;1;1;1;1;5;7;0;0;0;0;0;0;0;0
08.12.2024;10:18;A111;1;2;2;0;0;0;0;0;0;0;0;0;0;0;0
08.12.2024;10:17;A111;1;4;4;1;22;2;2;1;1;0;0;0;0;0;0
08.12.2024;10:16;A111;1;2;4;2;10;1;1;0;0;0;0;0;0;0;0
08.12.2024;10:15;A111;1;3;3;3;23;4;4;0;0;0;0;0;0;0;0
08.12.2024;10:14;A111;1;1;1;2;35;4;4;0;0;0;0;0;0;0;0
08.12.2024;10:13;A111;1;3;23;2;48;4;5;0;0;0;0;0;0;0;0
08.12.2024;10:12;A111;1;2;2;2;2;1;1;0;0;0;0;0;0;0;0
08.12.2024;10:11;A111;1;2;2;3;44;4;3;0;0;0;0;0;0;0;0
08.12.2024;10:10;A111;1;1;1;4;23;1;2;0;0;0;0;0;0;0;0
08.12.2024;10:09;A111;1;0;0;0;0;0;0;0;0;0;0;0;0;0;0
08.12.2024;10:08;A111;1;2;2;0;0;2;3;0;0;0;0;0;0;0;0
08.12.2024;10:07;A111;1;1;1;4;32;3;3;0;0;0;0;0;0;0;0
08.12.2024;10:06;A111;1;1;1;1;1;0;0;0;0;0;0;0;0;0;0
08.12.2024;10:05;A111;1;2;5;1;36;3;7;0;0;0;0;0;0;0;0
08.12.2024;10:04;A111;1;3;4;2;68;4;4;0;0;0;0;0;0;0;0
08.12.2024;10:03;A111;1;1;2;4;62;1;1;0;0;0;0;0;0;0;0
08.12.2024;10:02;A111;1;1;1;0;5;4;8;1;1;0;0;0;0;0;0
08.12.2024;10:01;A111;1;1;2;1;17;2;2;0;0;0;0;0;0;0;0
08.12.2024;10:00;A111;1;2;2;2;3;0;0;0;0;0;0;0;0;0;0
08.12.2024;09:59;A111;1;2;2;1;12;3;2;0;0;0;0;0;0;0;0
08.12.2024;09:58;A111;1;2;3;3;6;1;1;0;0;0;0;0;0;0;0
08.12.2024;09:57;A111;1;5;49;0;39;1;1;1;0;0;0;0;0;0;0
08.12.2024;09:56;A111;1;1;1;1;0;0;0;0;0;0;0;0;0;0;0
08.12.2024;09:55;A111;1;2;3;5;62;4;6;1;0;0;0;0;0;0;0
08.12.2024;09:54;A111;1;2;3;1;3;1;1;0;0;0;0;0;0;0;0
08.12.2024;09:53;A111;1;0;12;2;18;7;12;0;0;0;0;0;0;0;0
08.12.2024;09:52;A111;1;3;15;2;31;2;2;0;0;0;0;0;0;0;0
08.12.2024;09:51;A111;1;3;6;3;62;3;2;0;0;0;0;0;0;0;0
08.12.2024;09:50;A111;1;2;1;4;58;3;3;0;0;0;0;0;0;0;0
08.12.2024;09:49;A111;1;2;2;1;58;2;2;0;0;0;0;0;0;0;0
08.12.2024;09:48;A111;1;2;3;0;0;3;3;0;0;0;0;0;0;0;0
08.12.2024;09:47;A111;1;2;3;1;11;3;4;0;0;0;0;0;0;0;0
08.12.2024;09:46;A111;1;3;6;1;28;1;1;0;0;0;0;0;0;0;0
08.12.2024;09:45;A111;1;1;1;1;31;5;5;0;0;0;0;0;0;0;0
08.12.2024;09:44;A111;1;4;6;3;3;3;3;0;0;0;0;0;0;0;0
08.12.2024;09:43;A111;1;3;4;0;0;2;2;0;0;0;0;0;0;0;0
08.12.2024;09:42;A111;1;4;7;1;1;5;5;0;0;0;0;0;0;0;0
08.12.2024;09:41;A111;1;1;0;1;52;4;8;0;0;0;0;0;0;0;0
08.12.2024;09:40;A111;1;0;0;2;12;2;2;0;0;0;0;0;0;0;0
08.12.2024;09:39;A111;1;2;3;0;0;2;1;0;0;0;0;0;0;0;0
08.12.2024;09:38;A111;1;1;1;0;0;1;22;0;0;0;0;0;0;0;0
08.12.2024;09:37;A111;1;0;0;0;0;5;21;0;0;0;0;0;0;0;0
08.12.2024;09:36;A111;1;1;2;1;8;7;11;0;0;0;0;0;0;0;0
08.12.2024;09:35;A111;1;0;0;1;6;2;8;0;0;0;0;0;0;0;0
08.12.2024;09:34;A111;1;1;1;1;1;3;2;0;0;0;0;0;0;0;0
08.12.2024;09:33;A111;1;0;0;3;3;1;1;1;0;0;0;0;0;0;0
08.12.2024;09:32;A111;1;5;10;0;20;1;1;0;0;0;0;0;0;0;0
08.12.2024;09:31;A111;1;4;5;1;43;1;1;0;0;0;0;0;0;0;0
08.12.2024;09:30;A111;1;1;1;1;33;3;2;0;0;0;0;0;0;0;0
08.12.2024;09:29;A111;1;2;2;0;0;3;3;0;0;0;0;0;0;0;0
08.12.2024;09:28;A111;1;0;0;0;0;1;1;0;0;0;0;0;0;0;0
08.12.2024;09:27;A111;1;1;2;1;1;0;0;0;0;0;0;0;0;0;0
08.12.2024;09:26;A111;1;2;2;0;0;1;1;0;0;0;0;0;0;0;0
08.12.2024;09:25;A111;1;0;0;1;1;1;1;0;0;0;0;0;0;0;0
08.12.2024;09:24;A111;1;1;1;1;71;2;2;0;0;0;0;0;0;0;0
08.12.2024;09:23;A111;1;1;1;3;63;3;3;0;0;0;0;0;0;0;0
08.12.2024;09:22;A111;1;1;3;1;0;1;7;0;0;0;0;0;0;0;0
08.12.2024;09:21;A111;1;3;4;1;1;4;9;0;0;0;0;0;0;0;0
08.12.2024;09:20;A111;1;2;2;0;0;0;0;0;0;0;0;0;0;0;0
08.12.2024;09:19;A111;1;1;2;1;1;0;0;0;0;0;0;0;0;0;0
08.12.2024;09:18;A111;1;0;0;1;17;0;0;0;0;0;0;0;0;0;0
08.12.2024;09:17;A111;1;3;3;0;0;1;1;0;0;0;0;0;0;0;0
08.12.2024;09:16;A111;1;2;2;0;0;1;2;0;0;0;0;0;0;0;0
08.12.2024;09:15;A111;1;2;3;2;2;0;0;0;0;0;0;0;0;0;0
08.12.2024;09:14;A111;1;1;1;1;6;1;1;0;0;0;0;0;0;0;0
08.12.2024;09:13;A111;1;0;0;1;18;2;2;0;0;0;0;0;0;0;0
08.12.2024;09:12;A111;1;0;0;1;3;0;0;0;0;0;0;0;0;0;0
08.12.2024;09:11;A111;1;1;1;1;1;1;1;0;0;0;0;0;0;0;0
08.12.2024;09:10;A111;1;1;1;0;0;4;4;0;0;0;0;0;0;0;0
08.12.2024;09:09;A111;1;2;5;1;1;2;5;1;1;0;0;0;0;0;0
08.12.2024;09:08;A111;1;1;1;1;8;0;0;0;0;0;0;0;0;0;0
08.12.2024;09:07;A111;1;0;0;0;0;1;1;0;0;0;0;0;0;0;0
08.12.2024;09:06;A111;1;2;2;1;1;1;1;0;0;0;0;0;0;0;0
08.12.2024;09:05;A111;1;1;1;0;8;0;0;0;0;0;0;0;0;0;0
08.12.2024;09:04;A111;1;0;0;2;5;4;3;0;0;0;0;0;0;0;0
08.12.2024;09:03;A111;1;1;3;0;23;2;2;0;22;0;0;0;0;0;0
08.12.2024;09:02;A111;1;1;0;1;22;0;0;1;32;0;0;0;0;0;0
08.12.2024;09:01;A111;1;0;0;0;0;3;4;0;0;0;0;0;0;0;0
08.12.2024;09:00;A111;1;2;2;1;0;2;2;0;0;0;0;0;0;0;0
08.12.2024;08:59;A111;1;0;0;1;1;1;1;0;0;0;0;0;0;0;0
08.12.2024;08:58;A111;1;0;0;2;14;1;1;0;0;0;0;0;0;0;0
08.12.2024;08:57;A111;1;0;0;3;57;1;1;0;0;0;0;0;0;0;0
08.12.2024;08:56;A111;1;1;2;0;0;0;0;0;0;0;0;0;0;0;0
08.12.2024;08:55;A111;1;1;1;0;0;1;2;0;0;0;0;0;0;0;0
08.12.2024;08:54;A111;1;0;0;1;3;2;2;0;0;0;0;0;0;0;0
08.12.2024;08:53;A111;1;1;1;1;0;1;1;0;0;0;0;0;0;0;0
08.12.2024;08:52;A111;1;0;0;0;0;1;7;0;0;0;0;0;0;0;0
08.12.2024;08:51;A111;1;1;1;1;3;2;4;0;0;0;0;0;0;0;0
08.12.2024;08:50;A111;1;0;0;0;0;1;1;0;0;0;0;0;0;0;0
08.12.2024;08:49;A111;1;1;2;0;0;2;3;0;0;0;0;0;0;0;0
08.12.2024;08:48;A111;1;0;0;0;32;0;0;0;0;0;0;0;0;0;0
08.12.2024;08:47;A111;1;1;2;1;21;2;2;0;0;0;0;0;0;0;0
08.12.2024;08:46;A111;1;1;2;0;42;2;2;0;0;0;0;0;0;0;0
08.12.2024;08:45;A111;1;0;0;1;68;2;1;0;0;0;0;0;0;0;0
08.12.2024;08:44;A111;1;2;2;1;8;0;0;0;0;0;0;0;0;0;0
08.12.2024;08:43;A111;1;0;0;1;43;1;1;0;0;0;0;0;0;0;0
08.12.2024;08:42;A111;1;0;0;0;0;1;1;0;0;0;0;0;0;0;0
08.12.2024;08:41;A111;1;1;1;0;0;1;1;0;0;0;0;0;0;0;0
08.12.2024;08:40;A111;1;1;1;5;67;0;0;0;0;0;0;0;0;0;0
08.12.2024;08:39;A111;1;1;1;0;0;1;1;0;0;0;0;0;0;0;0
08.12.2024;08:38;A111;1;2;3;0;0;1;1;0;0;0;0;0;0;0;0
08.12.2024;08:37;A111;1;0;0;0;0;2;3;0;0;0;0;0;0;0;0
08.12.2024;08:36;A111;1;1;1;0;0;3;3;0;0;0;0;0;0;0;0
08.12.2024;08:35;A111;1;1;1;1;3;0;0;0;0;0;0;0;0;0;0
08.12.2024;08:34;A111;1;0;0;0;0;2;4;0;0;0;0;0;0;0;0
08.12.2024;08:33;A111;1;0;0;0;0;0;0;0;0;0;0;0;0;0;0
08.12.2024;08:32;A111;1;2;2;1;37;1;1;0;0;0;0;0;0;0;0
08.12.2024;08:31;A111;1;0;0;0;0;2;2;0;0;0;0;0;0;0;0
08.12.2024;08:30;A111;1;0;0;1;1;2;2;0;0;0;0;0;0;0;0
08.12.2024;08:29;A111;1;0;0;0;0;0;0;0;0;0;0;0;0;0;0
08.12.2024;08:28;A111;1;0;0;1;7;0;0;0;0;0;0;0;0;0;0
08.12.2024;08:27;A111;1;0;0;2;64;0;0;0;0;0;0;0;0;0;0
08.12.2024;08:26;A111;1;0;0;1;56;0;0;0;0;0;0;0;0;0;0
08.12.2024;08:25;A111;1;0;0;0;0;0;0;0;0;0;0;0;0;0;0
08.12.2024;08:24;A111;1;0;0;0;0;1;1;0;0;0;0;0;0;0;0
08.12.2024;08:23;A111;1;0;0;0;0;0;0;0;0;0;0;0;0;0;0
08.12.2024;08:22;A111;1;0;0;0;0;1;5;0;0;0;0;0;0;0;0
08.12.2024;08:21;A111;1;0;0;0;0;0;0;0;0;0;0;0;0;0;0
08.12.2024;08:20;A111;1;1;0;0;0;0;0;0;0;0;0;0;0;0;0
08.12.2024;08:19;A111;1;0;0;1;1;1;1;0;0;0;0;0;0;0;0
08.12.2024;08:18;A111;1;0;0;0;0;0;0;0;0;0;0;0;0;0;0
08.12.2024;08:17;A111;1;0;0;0;0;0;0;0;0;0;0;0;0;0;0
08.12.2024;08:16;A111;1;0;0;2;3;0;3;0;0;0;0;0;0;0;0
08.12.2024;08:15;A111;1;0;0;0;0;3;19;0;0;0;0;0;0;0;0
08.12.2024;08:14;A111;1;1;0;1;1;3;5;0;0;0;0;0;0;0;0
08.12.2024;08:13;A111;1;0;0;0;0;1;1;0;0;0;0;0;0;0;0
08.12.2024;08:12;A111;1;0;0;0;0;0;0;0;0;0;0;0;0;0;0
08.12.2024;08:11;A111;1;1;1;0;0;0;0;0;0;0;0;0;0;0;0
08.12.2024;08:10;A111;1;0;0;0;0;1;1;0;0;0;0;0;0;0;0
08.12.2024;08:09;A111;1;0;0;1;8;1;0;0;0;0;0;0;0;0;0
08.12.2024;08:08;A111;1;1;1;0;0;1;1;0;0;0;0;0;0;0;0
08.12.2024;08:06;A111;1;1;1;0;0;0;0;0;0;0;0;0;0;0;0
08.12.2024;08:05;A111;1;2;2;0;0;2;2;0;0;0;0;0;0;0;0
08.12.2024;08:04;A111;1;0;0;0;0;0;0;0;0;0;0;0;0;0;0
08.12.2024;08:03;A111;1;0;0;0;0;0;0;0;0;0;0;0;0;0;0
08.12.2024;08:02;A111;1;1;1;0;0;0;0;0;0;0;0;0;0;0;0
08.12.2024;08:01;A111;1;1;0;0;0;1;1;0;0;0;0;0;0;0;0
08.12.2024;08:00;A111;1;0;0;1;1;1;1;0;0;0;0;0;0;0;0
08.12.2024;07:59;A111;1;0;0;0;0;1;1;0;0;0;0;0;0;0;0
08.12.2024;07:58;A111;1;0;0;0;0;1;1;0;0;0;0;0;0;0;0
08.12.2024;07:57;A111;1;0;0;1;56;0;0;0;0;0;0;0;0;0;0
08.12.2024;07:56;A111;1;0;0;1;1;1;1;0;0;0;0;0;0;0;0
08.12.2024;07:55;A111;1;0;0;0;0;1;1;0;0;0;0;0;0;0;0
08.12.2024;07:54;A111;1;1;1;0;0;3;5;0;0;0;0;0;0;0;0
08.12.2024;07:53;A111;1;0;0;0;0;1;6;0;0;0;0;0;0;0;0
08.12.2024;07:52;A111;1;1;1;0;0;2;2;0;0;0;0;0;0;0;0
08.12.2024;07:51;A111;1;0;0;0;0;0;0;0;0;0;0;0;0;0;0
08.12.2024;07:50;A111;1;1;2;0;0;0;0;0;0;0;0;0;0;0;0
08.12.2024;07:49;A111;1;0;0;1;3;1;0;0;0;0;0;0;0;0;0
08.12.2024;07:48;A111;1;0;0;0;0;0;0;0;0;0;0;0;0;0;0
08.12.2024;07:47;A111;1;0;0;0;0;2;2;0;0;0;0;0;0;0;0
08.12.2024;07:46;A111;1;1;2;0;0;0;0;0;0;0;0;0;0;0;0
08.12.2024;07:45;A111;1;1;1;1;1;0;0;0;0;0;0;0;0;0;0
08.12.2024;07:44;A111;1;0;0;1;1;0;0;0;0;0;0;0;0;0;0
08.12.2024;07:43;A111;1;1;1;2;2;2;3;0;0;0;0;0;0;0;0
08.12.2024;07:42;A111;1;1;1;0;0;0;0;0;0;0;0;0;0;0;0
08.12.2024;07:41;A111;1;0;0;0;0;0;0;0;0;0;0;0;0;0;0
08.12.2024;07:40;A111;1;2;2;1;23;1;1;0;0;0;0;0;0;0;0
08.12.2024;07:39;A111;1;1;2;2;43;1;1;0;0;0;0;0;0;0;0
08.12.2024;07:38;A111;1;0;0;1;30;1;1;0;0;0;0;0;0;0;0
08.12.2024;07:37;A111;1;0;0;0;0;0;0;0;0;0;0;0;0;0;0
08.12.2024;07:36;A111;1;1;1;0;0;1;1;0;0;0;0;0;0;0;0
08.12.2024;07:35;A111;1;0;0;0;0;0;0;0;0;0;0;0;0;0;0
08.12.2024;07:34;A111;1;1;2;0;0;1;1;0;0;0;0;0;0;0;0
08.12.2024;07:33;A111;1;0;0;0;0;0;0;0;0;0;0;0;0;0;0
08.12.2024;07:32;A111;1;0;0;2;2;1;1;0;0;0;0;0;0;0;0
08.12.2024;07:31;A111;1;0;0;1;1;2;3;0;0;0;0;0;0;0;0
08.12.2024;07:30;A111;1;0;0;2;45;0;0;0;0;0;0;0;0;0;0
08.12.2024;07:29;A111;1;1;1;2;65;0;0;0;0;0;0;0;0;0;0
08.12.2024;07:28;A111;1;0;0;0;0;0;0;0;0;0;0;0;0;0;0
08.12.2024;07:27;A111;1;0;0;0;0;0;0;0;0;0;0;0;0;0;0
08.12.2024;07:26;A111;1;0;0;0;0;0;0;0;0;0;0;0;0;0;0
08.12.2024;07:25;A111;1;0;0;0;0;1;1;0;0;0;0;0;0;0;0
08.12.2024;07:24;A111;1;1;2;1;1;3;2;0;0;0;0;0;0;0;0
08.12.2024;07:23;A111;1;0;0;0;0;0;0;0;0;0;0;0;0;0;0
08.12.2024;07:22;A111;1;1;1;1;2;0;0;0;0;0;0;0;0;0;0
08.12.2024;07:21;A111;1;0;0;0;0;0;0;0;0;0;0;0;0;0;0
08.12.2024;07:20;A111;1;2;2;0;0;1;4;0;0;0;0;0;0;0;0
08.12.2024;07:19;A111;1;1;2;0;0;0;0;0;0;0;0;0;0;0;0
08.12.2024;07:18;A111;1;0;0;0;0;2;2;0;0;0;0;0;0;0;0
08.12.2024;07:17;A111;1;0;0;0;0;1;1;0;0;0;0;0;0;0;0
08.12.2024;07:16;A111;1;0;0;0;0;2;2;0;0;0;0;0;0;0;0
08.12.2024;07:15;A111;1;0;0;1;1;1;1;1;1;0;0;0;0;0;0
08.12.2024;07:14;A111;1;0;0;0;0;0;0;0;0;0;0;0;0;0;0
08.12.2024;07:13;A111;1;2;1;0;0;0;0;0;0;0;0;0;0;0;0
08.12.2024;07:12;A111;1;0;0;0;0;0;0;0;0;0;0;0;0;0;0
08.12.2024;07:11;A111;1;1;1;0;0;0;0;0;0;0;0;0;0;0;0
08.12.2024;07:10;A111;1;0;0;1;35;3;3;0;0;0;0;0;0;0;0
08.12.2024;07:09;A111;1;0;0;0;0;0;0;0;0;0;0;0;0;0;0
08.12.2024;07:08;A111;1;0;0;0;0;0;0;0;0;0;0;0;0;0;0
08.12.2024;07:07;A111;1;0;0;0;0;1;1;0;0;0;0;0;0;0;0
08.12.2024;07:06;A111;1;0;0;0;0;0;0;0;0;0;0;0;0;0;0
08.12.2024;07:05;A111;1;1;1;0;0;0;0;0;0;0;0;0;0;0;0
08.12.2024;07:04;A111;1;0;0;0;0;1;1;0;0;0;0;0;0;0;0
08.12.2024;07:03;A111;1;2;2;1;1;1;1;0;0;0;0;0;0;0;0
08.12.2024;07:02;A111;1;1;2;0;0;0;0;1;3;0;0;0;0;0;0
08.12.2024;07:01;A111;1;1;2;0;0;0;0;1;2;0;0;0;0;0;0
08.12.2024;07:00;A111;1;0;0;0;0;0;0;0;0;0;0;0;0;0;0
08.12.2024;06:59;A111;1;0;0;1;2;0;0;0;0;0;0;0;0;0;0
08.12.2024;06:58;A111;1;0;0;0;0;2;2;0;0;0;0;0;0;0;0
08.12.2024;06:57;A111;1;0;0;0;0;0;0;0;0;0;0;0;0;0;0
08.12.2024;06:56;A111;1;0;0;0;0;0;0;0;0;0;0;0;0;0;0
08.12.2024;06:55;A111;1;1;2;0;0;2;2;0;0;0;0;0;0;0;0
08.12.2024;06:54;A111;1;0;0;1;1;0;0;0;0;0;0;0;0;0;0
08.12.2024;06:53;A111;1;0;0;0;0;0;0;0;0;0;0;0;0;0;0
08.12.2024;06:52;A111;1;0;0;0;0;0;0;0;0;0;0;0;0;0;0
08.12.2024;06:51;A111;1;0;0;0;0;1;7;0;0;0;0;0;0;0;0
08.12.2024;06:50;A111;1;0;0;0;0;0;0;0;0;0;0;0;0;0;0
08.12.2024;06:49;A111;1;0;0;0;0;0;0;0;0;0;0;0;0;0;0
08.12.2024;06:48;A111;1;2;3;0;0;1;2;0;0;0;0;0;0;0;0
08.12.2024;06:47;A111;1;0;0;0;0;0;0;0;0;0;0;0;0;0;0
08.12.2024;06:46;A111;1;0;0;2;1;3;3;0;0;0;0;0;0;0;0
08.12.2024;06:45;A111;1;0;0;0;0;0;0;0;0;0;0;0;0;0;0
08.12.2024;06:44;A111;1;0;0;0;0;0;0;0;0;0;0;0;0;0;0
08.12.2024;06:43;A111;1;0;0;0;0;0;0;0;0;0;0;0;0;0;0
08.12.2024;06:42;A111;1;0;0;0;0;1;1;0;0;0;0;0;0;0;0
08.12.2024;06:41;A111;1;0;0;0;0;0;0;0;0;0;0;0;0;0;0
08.12.2024;06:40;A111;1;0;0;1;1;1;1;0;0;0;0;0;0;0;0
08.12.2024;06:39;A111;1;0;0;1;6;1;0;0;0;0;0;0;0;0;0
08.12.2024;06:38;A111;1;0;0;0;0;0;0;0;0;0;0;0;0;0;0
08.12.2024;06:37;A111;1;0;0;0;0;0;0;0;0;0;0;0;0;0;0
08.12.2024;06:36;A111;1;1;1;0;0;0;0;0;0;0;0;0;0;0;0
08.12.2024;06:35;A111;1;0;0;0;0;1;1;0;0;0;0;0;0;0;0
08.12.2024;06:34;A111;1;0;0;0;0;0;0;0;0;0;0;0;0;0;0
08.12.2024;06:33;A111;1;1;2;0;0;0;0;0;0;0;0;0;0;0;0
08.12.2024;06:32;A111;1;0;0;0;0;3;3;0;0;0;0;0;0;0;0
08.12.2024;06:31;A111;1;0;0;0;0;0;0;0;0;0;0;0;0;0;0
08.12.2024;06:30;A111;1;3;5;0;0;0;0;0;0;0;0;0;0;0;0
08.12.2024;06:29;A111;1;0;0;0;0;0;0;0;0;0;0;0;0;0;0
08.12.2024;06:28;A111;1;0;0;0;0;1;1;0;0;0;0;0;0;0;0
08.12.2024;06:27;A111;1;1;1;1;1;2;3;0;0;0;0;0;0;0;0
08.12.2024;06:26;A111;1;2;4;0;0;1;2;0;0;0;0;0;0;0;0
08.12.2024;06:25;A111;1;1;2;0;0;1;1;0;0;0;0;0;0;0;0
08.12.2024;06:24;A111;1;0;0;0;0;0;0;0;0;0;0;0;0;0;0
08.12.2024;06:23;A111;1;0;0;0;0;0;0;0;0;0;0;0;0;0;0
08.12.2024;06:22;A111;1;0;0;0;0;1;1;0;0;0;0;0;0;0;0
08.12.2024;06:21;A111;1;0;0;0;0;4;6;1;0;0;0;0;0;0;0
08.12.2024;06:20;A111;1;0;0;0;0;0;0;0;0;0;0;0;0;0;0
08.12.2024;06:19;A111;1;2;2;0;0;0;0;0;0;0;0;0;0;0;0
08.12.2024;06:18;A111;1;0;0;0;0;0;0;0;0;0;0;0;0;0;0
08.12.2024;06:17;A111;1;1;1;0;0;0;0;0;0;0;0;0;0;0;0
08.12.2024;06:16;A111;1;1;1;1;1;1;2;0;0;0;0;0;0;0;0
08.12.2024;06:15;A111;1;1;4;0;0;0;0;0;0;0;0;0;0;0;0
08.12.2024;06:14;A111;1;0;0;0;0;0;0;0;0;0;0;0;0;0;0
08.12.2024;06:13;A111;1;0;0;1;2;3;5;0;0;0;0;0;0;0;0
08.12.2024;06:12;A111;1;1;0;1;30;2;1;0;0;0;0;0;0;0;0
08.12.2024;06:11;A111;1;0;0;0;0;1;1;0;0;0;0;0;0;0;0
08.12.2024;06:10;A111;1;0;0;1;51;2;2;0;0;0;0;0;0;0;0
08.12.2024;06:09;A111;1;2;2;0;0;0;0;0;0;0;0;0;0;0;0
08.12.2024;06:08;A111;1;0;0;0;0;0;0;0;0;0;0;0;0;0;0
08.12.2024;06:07;A111;1;1;1;0;0;0;0;0;0;0;0;0;0;0;0
08.12.2024;06:06;A111;1;0;0;0;0;0;0;0;0;0;0;0;0;0;0
08.12.2024;06:05;A111;1;1;5;0;0;0;0;0;0;0;0;0;0;0;0
08.12.2024;06:04;A111;1;1;2;0;0;2;2;0;0;0;0;0;0;0;0
08.12.2024;06:03;A111;1;1;1;0;0;1;1;0;0;0;0;0;0;0;0
08.12.2024;06:02;A111;1;1;1;0;0;0;0;0;0;0;0;0;0;0;0
08.12.2024;06:01;A111;1;1;1;0;22;2;3;0;0;0;0;0;0;0;0
08.12.2024;06:00;A111;1;0;0;1;32;0;0;0;0;0;0;0;0;0;0
08.12.2024;05:59;A111;1;0;0;0;0;0;0;0;0;0;0;0;0;0;0
08.12.2024;05:58;A111;1;1;1;0;0;0;0;0;0;0;0;0;0;0;0
08.12.2024;05:57;A111;1;0;0;0;49;0;0;0;0;0;0;0;0;0;0
08.12.2024;05:56;A111;1;0;0;1;7;0;0;0;0;0;0;0;0;0;0
08.12.2024;05:55;A111;1;2;3;0;0;0;0;0;0;0;0;0;0;0;0
08.12.2024;05:54;A111;1;0;0;0;0;0;0;0;0;0;0;0;0;0;0
08.12.2024;05:53;A111;1;0;0;0;0;0;0;0;0;0;0;0;0;0;0
08.12.2024;05:52;A111;1;1;2;1;1;1;1;0;0;0;0;0;0;0;0
08.12.2024;05:51;A111;1;0;0;0;0;1;6;0;0;0;0;0;0;0;0
08.12.2024;05:50;A111;1;0;0;1;23;1;1;0;0;0;0;0;0;0;0
08.12.2024;05:49;A111;1;0;0;0;9;0;0;0;0;0;0;0;0;0;0
08.12.2024;05:48;A111;1;0;0;1;9;0;0;0;0;0;0;0;0;0;0
08.12.2024;05:47;A111;1;0;0;2;28;2;2;0;0;0;0;0;0;0;0
08.12.2024;05:46;A111;1;0;0;0;0;0;0;0;0;0;0;0;0;0;0
08.12.2024;05:45;A111;1;0;0;0;0;1;1;0;0;0;0;0;0;0;0
08.12.2024;05:44;A111;1;0;0;1;43;0;0;1;0;0;0;0;0;0;0
08.12.2024;05:43;A111;1;0;0;2;56;0;0;0;0;0;0;0;0;0;0
08.12.2024;05:42;A111;1;0;0;0;0;2;2;0;0;0;0;0;0;0;0
08.12.2024;05:41;A111;1;0;0;0;0;0;0;0;0;0;0;0;0;0;0
08.12.2024;05:40;A111;1;1;0;0;0;1;1;0;0;0;0;0;0;0;0
08.12.2024;05:39;A111;1;0;0;1;1;1;1;0;0;0;0;0;0;0;0
08.12.2024;05:38;A111;1;0;0;1;1;0;0;0;0;0;0;0;0;0;0
08.12.2024;05:37;A111;1;3;3;0;0;1;7;0;0;0;0;0;0;0;0
08.12.2024;05:36;A111;1;1;2;0;0;0;0;0;0;0;0;0;0;0;0
08.12.2024;05:35;A111;1;0;0;0;10;0;0;0;0;0;0;0;0;0;0
08.12.2024;05:34;A111;1;0;0;1;22;1;1;0;0;0;0;0;0;0;0
08.12.2024;05:33;A111;1;1;1;2;34;1;1;0;0;0;0;0;0;0;0
08.12.2024;05:32;A111;1;1;2;4;71;2;3;0;0;0;0;0;0;0;0
08.12.2024;05:31;A111;1;0;0;2;31;0;0;0;0;0;0;0;0;0;0
08.12.2024;05:30;A111;1;0;0;0;0;0;0;0;0;0;0;0;0;0;0
08.12.2024;05:29;A111;1;0;0;0;0;0;0;0;0;0;0;0;0;0;0
08.12.2024;05:28;A111;1;0;0;0;0;0;0;0;0;0;0;0;0;0;0
08.12.2024;05:27;A111;1;2;3;0;0;1;1;0;0;0;0;0;0;0;0
08.12.2024;05:26;A111;1;0;0;1;1;0;0;0;0;0;0;0;0;0;0
08.12.2024;05:25;A111;1;1;2;0;0;1;1;0;0;0;0;0;0;0;0
08.12.2024;05:24;A111;1;1;2;0;0;2;2;1;1;0;0;0;0;0;0
08.12.2024;05:23;A111;1;0;0;0;0;0;0;0;0;0;0;0;0;0;0
08.12.2024;05:22;A111;1;0;0;0;0;0;0;0;0;0;0;0;0;0;0
08.12.2024;05:21;A111;1;0;0;0;0;2;2;1;0;0;0;0;0;0;0
08.12.2024;05:20;A111;1;0;0;0;0;0;0;0;0;0;0;0;0;0;0
08.12.2024;05:19;A111;1;1;2;1;1;0;0;0;0;0;0;0;0;0;0
08.12.2024;05:18;A111;1;0;0;0;0;1;1;0;0;0;0;0;0;0;0
08.12.2024;05:17;A111;1;0;0;0;0;0;0;0;0;0;0;0;0;0;0
08.12.2024;05:16;A111;1;2;5;1;38;0;0;0;0;0;0;0;0;0;0
08.12.2024;05:15;A111;1;1;2;0;0;0;0;0;0;0;0;0;0;0;0
08.12.2024;05:14;A111;1;0;0;0;0;0;0;0;0;0;0;0;0;0;0
08.12.2024;05:13;A111;1;1;2;0;0;1;1;0;0;0;0;0;0;0;0
08.12.2024;05:12;A111;1;0;0;1;47;2;2;0;0;0;0;0;0;0;0
08.12.2024;05:11;A111;1;0;0;0;0;0;0;0;0;0;0;0;0;0;0
08.12.2024;05:10;A111;1;1;0;0;0;3;4;0;0;0;0;0;0;0;0
08.12.2024;05:09;A111;1;0;0;1;3;0;0;0;0;0;0;0;0;0;0
08.12.2024;05:08;A111;1;0;0;0;0;0;0;0;0;0;0;0;0;0;0
08.12.2024;05:07;A111;1;1;1;0;0;0;0;0;0;0;0;0;0;0;0
08.12.2024;05:06;A111;1;0;0;1;2;2;2;0;0;0;0;0;0;0;0
08.12.2024;05:05;A111;1;0;0;0;0;0;0;0;0;0;0;0;0;0;0
08.12.2024;05:04;A111;1;0;0;1;1;0;0;0;0;0;0;0;0;0;0
08.12.2024;05:03;A111;1;0;0;0;0;0;0;1;0;0;0;0;0;0;0
08.12.2024;05:02;A111;1;1;1;0;0;0;0;0;0;0;0;0;0;0;0
08.12.2024;05:01;A111;1;0;0;1;1;1;2;0;0;0;0;0;0;0;0
08.12.2024;05:00;A111;1;0;0;0;0;1;1;0;0;0;0;0;0;0;0
08.12.2024;04:59;A111;1;0;0;1;1;0;0;0;0;0;0;0;0;0;0
08.12.2024;04:58;A111;1;0;0;0;0;1;1;1;1;0;0;0;0;0;0
08.12.2024;04:57;A111;1;0;0;0;0;1;1;0;0;0;0;0;0;0;0
08.12.2024;04:56;A111;1;0;0;0;0;0;0;0;0;0;0;0;0;0;0
08.12.2024;04:55;A111;1;2;2;0;0;1;1;1;1;0;0;0;0;0;0
08.12.2024;04:54;A111;1;0;0;0;3;1;1;0;0;0;0;0;0;0;0
08.12.2024;04:53;A111;1;1;1;1;14;1;1;0;0;0;0;0;0;0;0
08.12.2024;04:52;A111;1;1;1;1;19;0;0;0;0;0;0;0;0;0;0
08.12.2024;04:51;A111;1;0;0;1;20;0;0;0;0;0;0;0;0;0;0
08.12.2024;04:50;A111;1;0;0;0;0;0;0;0;0;0;0;0;0;0;0
08.12.2024;04:49;A111;1;0;0;0;0;1;2;0;0;0;0;0;0;0;0
08.12.2024;04:48;A111;1;0;0;0;0;1;1;0;0;0;0;0;0;0;0
08.12.2024;04:47;A111;1;0;0;0;0;0;0;0;0;0;0;0;0;0;0
08.12.2024;04:46;A111;1;0;0;0;0;0;0;0;0;0;0;0;0;0;0
08.12.2024;04:45;A111;1;1;0;0;0;1;1;0;0;0;0;0;0;0;0
08.12.2024;04:44;A111;1;0;0;0;0;1;1;0;0;0;0;0;0;0;0
08.12.2024;04:43;A111;1;2;4;1;1;1;1;0;0;0;0;0;0;0;0
08.12.2024;04:42;A111;1;0;0;1;12;0;0;0;0;0;0;0;0;0;0
08.12.2024;04:41;A111;1;0;0;0;0;0;0;0;0;0;0;0;0;0;0
08.12.2024;04:40;A111;1;0;0;1;1;1;1;0;0;0;0;0;0;0;0
08.12.2024;04:39;A111;1;0;0;0;0;0;0;0;0;0;0;0;0;0;0
08.12.2024;04:38;A111;1;0;0;0;0;0;0;0;0;0;0;0;0;0;0
08.12.2024;04:37;A111;1;0;0;0;22;1;1;0;0;0;0;0;0;0;0
08.12.2024;04:36;A111;1;0;0;1;36;0;0;0;0;0;0;0;0;0;0
08.12.2024;04:35;A111;1;0;0;0;0;0;0;0;0;0;0;0;0;0;0
08.12.2024;04:34;A111;1;0;0;0;0;0;0;1;1;0;0;0;0;0;0
08.12.2024;04:33;A111;1;0;0;0;0;2;3;0;0;0;0;0;0;0;0
08.12.2024;04:32;A111;1;0;0;0;0;1;1;0;0;0;0;0;0;0;0
08.12.2024;04:31;A111;1;0;0;1;1;1;1;0;0;0;0;0;0;0;0
08.12.2024;04:30;A111;1;0;0;0;0;0;0;0;0;0;0;0;0;0;0
08.12.2024;04:29;A111;1;1;0;0;0;1;1;0;0;0;0;0;0;0;0
08.12.2024;04:28;A111;1;0;0;0;0;0;0;0;0;0;0;0;0;0;0
08.12.2024;04:27;A111;1;1;1;1;1;0;0;0;0;0;0;0;0;0;0
08.12.2024;04:26;A111;1;1;1;0;0;0;0;0;0;0;0;0;0;0;0
08.12.2024;04:25;A111;1;0;0;0;0;0;0;0;0;0;0;0;0;0;0
08.12.2024;04:24;A111;1;0;0;0;0;0;0;1;0;0;0;0;0;0;0
08.12.2024;04:23;A111;1;0;0;0;0;0;0;0;0;0;0;0;0;0;0
08.12.2024;04:22;A111;1;0;0;0;0;0;0;0;0;0;0;0;0;0;0
08.12.2024;04:21;A111;1;0;0;2;6;0;0;0;0;0;0;0;0;0;0
08.12.2024;04:20;A111;1;0;0;0;0;0;0;0;0;0;0;0;0;0;0
08.12.2024;04:19;A111;1;0;0;1;52;0;0;0;0;0;0;0;0;0;0
08.12.2024;04:18;A111;1;1;1;2;6;0;0;0;0;0;0;0;0;0;0
08.12.2024;04:17;A111;1;0;0;1;1;0;0;0;0;0;0;0;0;0;0
08.12.2024;04:16;A111;1;0;0;0;0;1;1;0;0;0;0;0;0;0;0
08.12.2024;04:15;A111;1;1;1;0;0;0;0;0;0;0;0;0;0;0;0
08.12.2024;04:14;A111;1;0;0;1;1;0;0;0;0;0;0;0;0;0;0
08.12.2024;04:13;A111;1;0;0;0;0;0;0;0;0;0;0;0;0;0;0
08.12.2024;04:12;A111;1;0;0;0;0;0;0;0;0;0;0;0;0;0;0
08.12.2024;04:11;A111;1;1;1;0;0;0;0;0;0;0;0;0;0;0;0
08.12.2024;04:10;A111;1;0;0;0;0;0;0;0;0;0;0;0;0;0;0
08.12.2024;04:09;A111;1;0;0;0;0;0;0;0;0;0;0;0;0;0;0
08.12.2024;04:08;A111;1;0;0;0;0;0;0;0;0;0;0;0;0;0;0
08.12.2024;04:07;A111;1;0;0;0;36;0;0;0;0;0;0;0;0;0;0
08.12.2024;04:06;A111;1;0;0;2;9;0;0;0;0;0;0;0;0;0;0
08.12.2024;04:05;A111;1;0;0;0;0;0;0;0;0;0;0;0;0;0;0
08.12.2024;04:04;A111;1;0;0;0;0;0;0;0;0;0;0;0;0;0;0
08.12.2024;04:03;A111;1;2;2;1;2;0;0;0;0;0;0;0;0;0;0
08.12.2024;04:02;A111;1;1;1;0;0;0;0;0;0;0;0;0;0;0;0
08.12.2024;04:01;A111;1;0;0;0;0;0;0;0;0;0;0;0;0;0;0
08.12.2024;04:00;A111;1;0;0;1;1;0;0;0;0;0;0;0;0;0;0
08.12.2024;03:59;A111;1;0;0;0;0;0;0;0;0;0;0;0;0;0;0
08.12.2024;03:58;A111;1;0;0;0;0;0;0;0;0;0;0;0;0;0;0
08.12.2024;03:57;A111;1;0;0;0;9;0;0;0;0;0;0;0;0;0;0
08.12.2024;03:56;A111;1;1;1;1;26;1;1;0;0;0;0;0;0;0;0
08.12.2024;03:55;A111;1;0;0;0;0;1;1;0;0;0;0;0;0;0;0
08.12.2024;03:54;A111;1;0;0;0;0;0;0;0;0;0;0;0;0;0;0
08.12.2024;03:53;A111;1;0;0;1;1;0;0;0;0;0;0;0;0;0;0
08.12.2024;03:52;A111;1;0;0;0;0;0;0;0;0;0;0;0;0;0;0
08.12.2024;03:51;A111;1;0;0;1;1;0;0;0;0;0;0;0;0;0;0
08.12.2024;03:50;A111;1;1;2;0;0;2;2;0;0;0;0;0;0;0;0
08.12.2024;03:49;A111;1;0;0;0;0;0;0;0;0;0;0;0;0;0;0
08.12.2024;03:48;A111;1;0;0;0;0;0;0;0;0;0;0;0;0;0;0
08.12.2024;03:47;A111;1;0;0;0;0;0;0;0;0;0;0;0;0;0;0
08.12.2024;03:46;A111;1;1;1;0;0;2;2;0;0;0;0;0;0;0;0
08.12.2024;03:45;A111;1;0;0;0;0;1;1;0;0;0;0;0;0;0;0
08.12.2024;03:44;A111;1;1;1;0;0;0;0;0;0;0;0;0;0;0;0
08.12.2024;03:43;A111;1;0;0;0;0;0;0;0;0;0;0;0;0;0;0
08.12.2024;03:42;A111;1;0;0;0;0;1;1;0;0;0;0;0;0;0;0
08.12.2024;03:41;A111;1;0;0;0;0;1;1;0;0;0;0;0;0;0;0
08.12.2024;03:40;A111;1;0;0;1;31;0;0;0;0;0;0;0;0;0;0
08.12.2024;03:39;A111;1;0;0;3;19;1;1;0;0;0;0;0;0;0;0
08.12.2024;03:38;A111;1;0;0;1;2;2;3;0;0;0;0;0;0;0;0
08.12.2024;03:37;A111;1;2;3;0;0;2;2;0;0;0;0;0;0;0;0
08.12.2024;03:36;A111;1;2;2;0;0;0;0;0;0;0;0;0;0;0;0
08.12.2024;03:35;A111;1;1;2;1;1;1;1;0;0;0;0;0;0;0;0
08.12.2024;03:34;A111;1;0;0;0;0;1;1;0;0;0;0;0;0;0;0
08.12.2024;03:33;A111;1;0;0;0;0;1;1;0;0;0;0;0;0;0;0
08.12.2024;03:32;A111;1;0;0;1;1;1;1;0;0;0;0;0;0;0;0
08.12.2024;03:31;A111;1;2;2;0;0;2;2;0;0;0;0;0;0;0;0
08.12.2024;03:30;A111;1;0;0;1;1;1;1;0;0;0;0;0;0;0;0
08.12.2024;03:29;A111;1;1;1;0;0;1;1;0;0;0;0;0;0;0;0
08.12.2024;03:28;A111;1;1;3;2;10;1;1;0;0;0;0;0;0;0;0
08.12.2024;03:27;A111;1;2;5;0;22;0;0;0;0;0;0;0;0;0;0
08.12.2024;03:26;A111;1;0;0;1;15;1;1;0;0;0;0;0;0;0;0
08.12.2024;03:25;A111;1;0;0;0;0;0;0;0;0;0;0;0;0;0;0
08.12.2024;03:24;A111;1;0;0;0;0;1;1;0;0;0;0;0;0;0;0
08.12.2024;03:23;A111;1;0;0;0;0;0;0;0;0;0;0;0;0;0;0
08.12.2024;03:22;A111;1;0;0;0;0;0;0;0;0;0;0;0;0;0;0
08.12.2024;03:21;A111;1;1;1;0;0;0;0;0;0;0;0;0;0;0;0
08.12.2024;03:20;A111;1;0;0;0;0;0;0;0;0;0;0;0;0;0;0
08.12.2024;03:19;A111;1;0;0;0;0;0;0;0;0;0;0;0;0;0;0
08.12.2024;03:18;A111;1;0;0;1;11;0;0;0;0;0;0;0;0;0;0
08.12.2024;03:17;A111;1;0;0;1;1;2;2;0;0;0;0;0;0;0;0
08.12.2024;03:16;A111;1;1;1;0;3;0;0;0;0;0;0;0;0;0;0
08.12.2024;03:15;A111;1;0;0;1;3;0;0;0;0;0;0;0;0;0;0
08.12.2024;03:14;A111;1;1;1;0;0;1;2;0;0;0;0;0;0;0;0
08.12.2024;03:13;A111;1;1;2;0;0;0;0;0;0;0;0;0;0;0;0
08.12.2024;03:12;A111;1;0;0;0;0;1;1;0;0;0;0;0;0;0;0
08.12.2024;03:11;A111;1;0;0;1;1;2;2;0;0;0;0;0;0;0;0
08.12.2024;03:10;A111;1;0;0;1;2;2;2;0;0;0;0;0;0;0;0
08.12.2024;03:09;A111;1;0;0;1;41;1;1;0;0;0;0;0;0;0;0
08.12.2024;03:08;A111;1;0;0;1;1;0;0;0;0;0;0;0;0;0;0
08.12.2024;03:07;A111;1;1;2;1;1;0;0;0;0;0;0;0;0;0;0
08.12.2024;03:06;A111;1;1;1;0;0;0;0;0;0;0;0;0;0;0;0
08.12.2024;03:05;A111;1;1;1;0;0;0;0;0;0;0;0;0;0;0;0
08.12.2024;03:04;A111;1;0;0;1;2;1;1;0;0;0;0;0;0;0;0
08.12.2024;03:03;A111;1;0;0;0;1;0;0;0;0;0;0;0;0;0;0
08.12.2024;03:02;A111;1;1;1;2;42;0;0;0;0;0;0;0;0;0;0
08.12.2024;03:01;A111;1;0;0;1;10;0;0;0;0;0;0;0;0;0;0
08.12.2024;03:00;A111;1;2;3;0;0;1;1;0;0;0;0;0;0;0;0
08.12.2024;02:59;A111;1;1;1;0;0;0;0;0;0;0;0;0;0;0;0
08.12.2024;02:58;A111;1;1;1;0;0;1;1;0;0;0;0;0;0;0;0
08.12.2024;02:57;A111;1;1;2;0;0;1;1;0;0;0;0;0;0;0;0
08.12.2024;02:56;A111;1;0;0;0;0;0;0;0;0;0;0;0;0;0;0
08.12.2024;02:55;A111;1;0;0;0;0;1;1;0;0;0;0;0;0;0;0
08.12.2024;02:54;A111;1;1;1;1;3;0;0;0;0;0;0;0;0;0;0
08.12.2024;02:53;A111;1;0;0;1;1;1;1;0;0;0;0;0;0;0;0
08.12.2024;02:52;A111;1;0;0;1;1;1;1;0;0;0;0;0;0;0;0
08.12.2024;02:51;A111;1;1;1;1;63;1;1;0;0;0;0;0;0;0;0
08.12.2024;02:50;A111;1;0;0;1;32;0;0;0;0;0;0;0;0;0;0
08.12.2024;02:49;A111;1;0;0;0;0;1;1;0;0;0;0;0;0;0;0
08.12.2024;02:48;A111;1;0;0;1;1;2;2;0;0;0;0;0;0;0;0
08.12.2024;02:47;A111;1;1;2;0;8;1;0;0;0;0;0;0;0;0;0
08.12.2024;02:46;A111;1;1;3;1;31;0;0;0;0;0;0;0;0;0;0
08.12.2024;02:45;A111;1;1;0;1;29;2;2;0;0;0;0;0;0;0;0
08.12.2024;02:44;A111;1;2;3;0;0;2;2;1;2;0;0;0;0;0;0
08.12.2024;02:43;A111;1;0;0;1;1;1;1;0;0;0;0;0;0;0;0
08.12.2024;02:42;A111;1;1;1;1;1;0;0;0;0;0;0;0;0;0;0
08.12.2024;02:41;A111;1;1;1;0;0;0;0;2;2;0;0;0;0;0;0
08.12.2024;02:40;A111;1;1;1;0;0;4;4;0;0;0;0;0;0;0;0
08.12.2024;02:39;A111;1;1;1;0;0;1;1;0;0;0;0;0;0;0;0
08.12.2024;02:38;A111;1;1;1;0;0;1;2;0;0;0;0;0;0;0;0
08.12.2024;02:37;A111;1;0;0;0;0;0;0;0;0;0;0;0;0;0;0
08.12.2024;02:36;A111;1;1;1;1;34;1;1;1;1;0;0;0;0;0;0
08.12.2024;02:35;A111;1;0;0;1;44;0;0;0;0;0;0;0;0;0;0
08.12.2024;02:34;A111;1;0;0;1;25;0;0;1;30;0;0;0;0;0;0
08.12.2024;02:33;A111;1;1;1;1;1;0;0;0;0;0;0;0;0;0;0
08.12.2024;02:32;A111;1;1;1;0;0;2;2;0;0;0;0;0;0;0;0
08.12.2024;02:31;A111;1;1;1;1;2;1;1;0;0;0;0;0;0;0;0
08.12.2024;02:30;A111;1;0;0;0;0;0;0;0;0;0;0;0;0;0;0
08.12.2024;02:29;A111;1;0;0;0;0;2;2;0;0;0;0;0;0;0;0
08.12.2024;02:28;A111;1;1;1;2;37;1;1;0;0;0;0;0;0;0;0
08.12.2024;02:27;A111;1;0;0;0;0;0;0;0;0;0;0;0;0;0;0
08.12.2024;02:26;A111;1;0;0;1;53;1;1;0;0;0;0;0;0;0;0
08.12.2024;02:25;A111;1;0;0;0;0;0;0;0;0;0;0;0;0;0;0
08.12.2024;02:24;A111;1;0;0;0;0;0;0;0;0;0;0;0;0;0;0
08.12.2024;02:23;A111;1;1;1;0;0;0;0;0;0;0;0;0;0;0;0
08.12.2024;02:22;A111;1;1;1;1;1;0;0;0;0;0;0;0;0;0;0
08.12.2024;02:21;A111;1;0;0;0;0;1;2;0;0;0;0;0;0;0;0
08.12.2024;02:20;A111;1;0;0;1;4;1;1;0;0;0;0;0;0;0;0
08.12.2024;02:19;A111;1;1;2;1;17;1;4;0;0;0;0;0;0;0;0
08.12.2024;02:18;A111;1;0;0;1;1;1;2;0;0;0;0;0;0;0;0
08.12.2024;02:17;A111;1;1;1;1;1;1;2;0;0;0;0;0;0;0;0
08.12.2024;02:16;A111;1;0;0;0;29;0;0;0;0;0;0;0;0;0;0
08.12.2024;02:15;A111;1;0;0;1;8;1;1;0;0;0;0;0;0;0;0
08.12.2024;02:14;A111;1;0;0;1;1;1;1;0;0;0;0;0;0;0;0
08.12.2024;02:13;A111;1;1;2;1;1;0;0;0;0;0;0;0;0;0;0
08.12.2024;02:12;A111;1;1;1;1;2;2;2;0;0;0;0;0;0;0;0
08.12.2024;02:11;A111;1;0;0;0;0;1;2;0;0;0;0;0;0;0;0
08.12.2024;02:10;A111;1;1;2;0;0;1;1;0;0;0;0;0;0;0;0
08.12.2024;02:09;A111;1;1;1;2;15;0;31;0;0;0;0;0;0;0;0
08.12.2024;02:08;A111;1;1;2;0;0;3;19;0;0;0;0;0;0;0;0
08.12.2024;02:07;A111;1;3;5;0;0;0;0;0;0;0;0;0;0;0;0
08.12.2024;02:06;A111;1;1;2;0;4;1;1;0;0;0;0;0;0;0;0
08.12.2024;02:05;A111;1;0;0;1;32;1;1;0;0;0;0;0;0;0;0
08.12.2024;02:04;A111;1;1;1;0;0;3;3;0;0;0;0;0;0;0;0
08.12.2024;02:03;A111;1;1;1;1;1;1;1;0;0;0;0;0;0;0;0
08.12.2024;02:02;A111;1;0;0;1;1;0;0;0;0;0;0;0;0;0;0
08.12.2024;02:01;A111;1;1;1;0;0;0;0;0;0;0;0;0;0;0;0
08.12.2024;02:00;A111;1;0;0;1;3;0;0;0;0;0;0;0;0;0;0
08.12.2024;01:59;A111;1;0;0;1;1;1;1;0;0;0;0;0;0;0;0
08.12.2024;01:58;A111;1;0;0;0;0;0;0;0;0;0;0;0;0;0;0
08.12.2024;01:57;A111;1;1;2;1;25;1;1;0;0;0;0;0;0;0;0
08.12.2024;01:56;A111;1;1;1;1;48;2;2;0;0;0;0;0;0;0;0
08.12.2024;01:55;A111;1;0;0;0;0;0;0;0;0;0;0;0;0;0;0
08.12.2024;01:54;A111;1;1;1;0;0;0;0;0;0;0;0;0;0;0;0
08.12.2024;01:53;A111;1;0;0;1;12;0;0;0;0;0;0;0;0;0;0
08.12.2024;01:52;A111;1;0;0;0;0;2;3;0;0;0;0;0;0;0;0
08.12.2024;01:51;A111;1;0;0;0;0;1;1;0;0;0;0;0;0;0;0
08.12.2024;01:50;A111;1;1;1;0;0;1;1;1;7;0;0;0;0;0;0
08.12.2024;01:49;A111;1;1;1;0;0;0;0;0;0;0;0;0;0;0;0
08.12.2024;01:48;A111;1;0;0;1;1;1;1;2;1;0;0;0;0;0;0
08.12.2024;01:47;A111;1;0;0;1;15;0;0;0;0;0;0;0;0;0;0
08.12.2024;01:46;A111;1;2;5;1;1;1;1;0;0;0;0;0;0;0;0
08.12.2024;01:45;A111;1;1;1;1;1;1;1;1;0;0;0;0;0;0;0
08.12.2024;01:44;A111;1;2;2;0;0;1;1;0;0;0;0;0;0;0;0
08.12.2024;01:43;A111;1;1;2;0;0;1;1;0;0;0;0;0;0;0;0
08.12.2024;01:42;A111;1;1;2;1;1;0;0;0;0;0;0;0;0;0;0
08.12.2024;01:41;A111;1;1;1;2;19;2;1;0;0;0;0;0;0;0;0
08.12.2024;01:40;A111;1;1;1;1;18;1;1;1;1;0;0;0;0;0;0
08.12.2024;01:39;A111;1;1;1;1;18;3;3;0;0;0;0;0;0;0;0
08.12.2024;01:38;A111;1;1;1;1;3;0;0;0;3;0;0;0;0;0;0
08.12.2024;01:37;A111;1;0;0;2;15;2;3;1;61;0;0;0;0;0;0
08.12.2024;01:36;A111;1;2;2;1;1;1;1;0;0;0;0;0;0;0;0
08.12.2024;01:35;A111;1;2;4;2;2;2;2;0;0;0;0;0;0;0;0
08.12.2024;01:34;A111;1;1;2;3;32;0;0;0;0;0;0;0;0;0;0
08.12.2024;01:33;A111;1;3;4;0;0;0;0;0;0;0;0;0;0;0;0
08.12.2024;01:32;A111;1;1;1;1;1;1;1;0;0;0;0;0;0;0;0
08.12.2024;01:31;A111;1;0;0;1;1;1;1;0;0;0;0;0;0;0;0
08.12.2024;01:30;A111;1;0;0;0;0;1;1;0;0;0;0;0;0;0;0
08.12.2024;01:29;A111;1;0;0;0;0;1;1;0;0;0;0;0;0;0;0
08.12.2024;01:28;A111;1;0;0;1;1;3;6;0;0;0;0;0;0;0;0
08.12.2024;01:27;A111;1;0;0;0;0;2;3;0;0;0;0;0;0;0;0
08.12.2024;01:26;A111;1;0;0;1;24;1;1;0;0;0;0;0;0;0;0
08.12.2024;01:25;A111;1;0;0;1;1;1;1;0;0;0;0;0;0;0;0
08.12.2024;01:24;A111;1;0;0;1;11;1;6;0;0;0;0;0;0;0;0
08.12.2024;01:23;A111;1;1;2;0;0;2;3;0;0;0;0;0;0;0;0
08.12.2024;01:22;A111;1;1;2;0;0;0;0;0;0;0;0;0;0;0;0
08.12.2024;01:21;A111;1;0;0;0;0;0;0;0;0;0;0;0;0;0;0
08.12.2024;01:20;A111;1;0;0;0;29;1;1;1;1;0;0;0;0;0;0
08.12.2024;01:19;A111;1;3;32;1;45;2;1;0;0;0;0;0;0;0;0
08.12.2024;01:18;A111;1;1;2;1;17;1;1;0;0;0;0;0;0;0;0
08.12.2024;01:17;A111;1;2;2;2;2;0;0;0;0;0;0;0;0;0;0
08.12.2024;01:16;A111;1;1;1;0;0;1;3;1;1;0;0;0;0;0;0
08.12.2024;01:15;A111;1;0;0;0;0;3;8;0;0;0;0;0;0;0;0
08.12.2024;01:14;A111;1;0;0;1;13;0;0;0;0;0;0;0;0;0;0
08.12.2024;01:13;A111;1;1;1;0;0;5;6;0;0;0;0;0;0;0;0
08.12.2024;01:12;A111;1;1;2;0;0;0;0;0;0;0;0;0;0;0;0
08.12.2024;01:11;A111;1;0;0;1;1;2;2;0;0;0;0;0;0;0;0
08.12.2024;01:10;A111;1;1;2;0;7;1;1;0;0;0;0;0;0;0;0
08.12.2024;01:09;A111;1;1;1;1;21;2;3;2;5;0;0;0;0;0;0
08.12.2024;01:08;A111;1;0;0;2;22;3;3;0;0;0;0;0;0;0;0
08.12.2024;01:07;A111;1;2;2;2;54;1;1;0;0;0;0;0;0;0;0
08.12.2024;01:06;A111;1;1;1;3;17;3;2;0;0;0;0;0;0;0;0
08.12.2024;01:05;A111;1;1;1;1;11;3;2;0;0;0;0;0;0;0;0
08.12.2024;01:04;A111;1;0;0;0;0;0;0;0;0;0;0;0;0;0;0
08.12.2024;01:03;A111;1;4;26;0;0;0;0;1;2;0;0;0;0;0;0
08.12.2024;01:02;A111;1;1;2;1;1;2;2;0;0;0;0;0;0;0;0
08.12.2024;01:01;A111;1;1;2;1;1;1;1;0;0;0;0;0;0;0;0
08.12.2024;01:00;A111;1;2;3;1;63;2;17;0;0;0;0;0;0;0;0
