Datum;Uhrzeit;Bezeichnung;Intervall;D11Z;D11B;D12Z;D12B;D21Z;D21B;D22Z;D22B;D23Z;D23B;D41Z;D41B;D42Z;D42B;D43Z;D43B;D51Z;D51B;D55Z;D55B;V51_M1_1901Z;V51_M1_1901B;H51/Q3_M2_1902Z;H51/Q3_M2_1902B;A51_M3_1892Z;A51_M3_1892B;V55/HQ3_M4_1880Z;V55/HQ3_M4_1880B;H55_M5_1881Z;H55_M5_1881B;A55_M6_1882Z;A55_M6_1882B;T5_6_T7_8Z;T5_6_T7_8B;T1_2_blindZ;T1_2_blindB;T3_4_blindZ;T3_4_blindB;T9_10_blindZ;T9_10_blindB;T5_6_T7_8_blindZ;T5_6_T7_8_blindB;Schluessel_S51Z;Schluessel_S51B;Schluessel_S55Z;Schluessel_S55B;AQ3_M7_Z;AQ3_M7_B;AQ3_M8_Z;AQ3_M8_B;D13Z;D13B
11.07.2024;02:00;A 87;1;0;0;0;0;1;64;2;22;1;72;0;0;0;0;0;0;0;0;0;0;0;0;0;0;0;0;0;0;0;0;0;0;0;0;0;0;0;0;0;0;0;0;0;0;0;0;0;0;0;0;0;0
11.07.2024;01:59;A 87;1;1;14;1;2;1;9;1;0;1;2;0;0;0;0;0;0;0;0;0;0;0;0;0;0;0;0;0;0;0;0;0;0;0;0;0;0;0;0;0;0;0;0;0;0;0;0;0;0;0;0;0;0
11.07.2024;01:58;A 87;1;0;0;0;0;0;0;0;0;0;0;0;0;0;0;0;0;0;0;0;0;0;0;0;0;0;0;0;0;0;0;0;0;0;0;0;0;0;0;0;0;0;0;0;0;0;0;0;0;0;0;0;0
11.07.2024;01:57;A 87;1;0;35;0;0;0;0;0;0;0;0;0;0;0;0;0;0;0;0;0;0;0;0;0;0;0;0;0;0;0;0;0;0;0;0;0;0;0;0;0;0;0;0;0;0;0;0;0;0;0;0;0;0
11.07.2024;01:56;A 87;1;1;42;1;2;1;8;0;0;1;3;0;0;0;0;0;0;0;0;0;0;0;0;0;0;0;0;0;0;0;0;0;0;0;0;0;0;0;0;0;0;0;0;0;0;0;0;0;0;0;0;0;0
11.07.2024;01:55;A 87;1;0;0;0;0;0;0;0;0;0;0;0;0;0;0;0;0;0;0;0;0;0;0;0;0;0;0;0;0;0;0;0;0;0;0;0;0;0;0;0;0;0;0;0;0;0;0;0;0;0;0;0;0
11.07.2024;01:54;A 87;1;0;0;0;0;1;8;1;1;1;2;0;0;0;0;0;0;0;0;0;0;0;0;0;0;0;0;0;0;0;0;0;0;0;0;0;0;0;0;0;0;0;0;0;0;0;0;0;0;0;0;0;0
11.07.2024;01:53;A 87;1;1;15;1;3;0;0;0;0;0;0;0;0;0;0;0;0;0;0;0;0;0;0;0;0;0;0;0;0;0;0;0;0;0;0;0;0;0;0;0;0;0;0;0;0;0;0;0;0;0;0;0;0
11.07.2024;01:52;A 87;1;0;0;0;0;0;0;0;0;0;0;0;0;0;0;0;0;0;0;0;0;0;0;0;0;0;0;0;0;0;0;0;0;0;0;0;0;0;0;0;0;0;0;0;0;0;0;0;0;0;0;0;0
11.07.2024;01:51;A 87;1;0;0;0;0;0;0;0;0;0;0;0;0;0;0;0;0;0;0;0;0;0;0;0;0;0;0;0;0;0;0;0;0;0;0;0;0;0;0;0;0;0;0;0;0;0;0;0;0;0;0;0;0
11.07.2024;01:50;A 87;1;0;0;0;0;0;0;0;0;0;0;0;0;0;0;0;0;0;0;0;0;0;0;0;0;0;0;0;0;0;0;0;0;0;0;0;0;0;0;0;0;0;0;0;0;0;0;0;0;0;0;0;0
11.07.2024;01:49;A 87;1;0;0;0;0;0;0;0;0;0;0;0;0;0;0;0;0;0;0;0;0;0;0;0;0;0;0;0;0;0;0;0;0;0;0;0;0;0;0;0;0;0;0;0;0;0;0;0;0;0;0;0;0
11.07.2024;01:48;A 87;1;0;0;0;0;0;0;0;0;0;0;0;0;0;0;0;0;0;0;0;0;0;0;0;0;0;0;0;0;0;0;0;0;0;0;0;0;0;0;0;0;0;0;0;0;0;0;0;0;0;0;0;0
11.07.2024;01:47;A 87;1;0;0;0;0;1;9;0;0;1;2;0;0;0;0;0;0;0;0;0;0;0;0;0;0;0;0;0;0;0;0;0;0;0;0;0;0;0;0;0;0;0;0;0;0;0;0;0;0;0;0;0;0
11.07.2024;01:46;A 87;1;1;3;1;2;0;0;0;0;0;0;0;0;0;0;0;0;0;0;0;0;0;0;0;0;0;0;0;0;0;0;0;0;0;0;0;0;0;0;0;0;0;0;0;0;0;0;0;0;0;0;0;0
11.07.2024;01:45;A 87;1;0;0;0;0;0;0;0;0;0;0;0;0;0;0;0;0;0;0;0;0;0;0;0;0;0;0;0;0;0;0;0;0;0;0;0;0;0;0;0;0;0;0;0;0;0;0;0;0;0;0;0;0
11.07.2024;01:44;A 87;1;1;33;1;1;0;0;0;0;0;0;0;0;0;0;0;0;0;0;0;0;0;0;0;0;0;0;0;0;0;0;0;0;0;0;0;0;0;0;0;0;0;0;0;0;0;0;0;0;0;0;0;0
11.07.2024;01:43;A 87;1;0;0;0;0;1;8;0;0;1;2;0;0;0;0;0;0;0;0;0;0;0;0;0;0;0;0;0;0;0;0;0;0;0;0;0;0;0;0;0;0;0;0;0;0;0;0;0;0;0;0;0;0
11.07.2024;01:42;A 87;1;0;0;0;0;0;0;0;0;0;0;0;0;0;0;0;0;0;0;0;0;0;0;0;0;0;0;0;0;0;0;0;0;0;0;0;0;0;0;0;0;0;0;0;0;0;0;0;0;0;0;0;0
11.07.2024;01:41;A 87;1;0;0;0;0;1;8;0;0;1;2;0;0;0;0;0;0;0;0;0;0;0;0;0;0;0;0;0;0;0;0;0;0;0;0;0;0;0;0;0;0;0;0;0;0;0;0;0;0;0;0;0;0
11.07.2024;01:40;A 87;1;0;0;0;0;0;0;0;0;0;0;0;0;0;0;0;0;0;0;0;0;0;0;0;0;0;0;0;0;0;0;0;0;0;0;0;0;0;0;0;0;0;0;0;0;0;0;0;0;0;0;0;0
11.07.2024;01:39;A 87;1;0;0;0;0;0;0;1;1;0;0;0;0;0;0;0;0;0;0;0;0;0;0;0;0;0;0;0;0;0;0;0;0;0;0;0;0;0;0;0;0;0;0;0;0;0;0;0;0;0;0;0;0
11.07.2024;01:38;A 87;1;0;0;0;0;0;0;0;0;0;0;1;3;0;0;0;0;0;0;0;0;0;0;0;0;0;0;0;0;0;0;0;0;0;0;0;0;0;0;0;0;0;0;0;0;0;0;0;0;0;0;0;0
11.07.2024;01:37;A 87;1;0;18;0;0;0;0;0;0;0;0;1;2;0;0;0;0;0;0;0;0;0;0;0;0;0;0;0;0;0;0;0;0;0;0;0;0;0;0;0;0;0;0;0;0;0;0;0;0;0;0;0;0
11.07.2024;01:36;A 87;1;1;22;1;2;0;0;1;1;0;0;0;0;0;0;0;0;0;0;0;0;0;0;0;0;0;0;0;0;0;0;0;0;0;0;0;0;0;0;0;0;0;0;0;0;0;0;0;0;0;0;0;0
11.07.2024;01:35;A 87;1;0;0;0;0;0;0;0;0;0;0;0;0;0;0;0;0;0;0;0;0;0;0;0;0;0;0;0;0;0;0;0;0;0;0;0;0;0;0;0;0;0;0;0;0;0;0;0;0;0;0;0;0
11.07.2024;01:34;A 87;1;0;0;0;0;0;0;2;1;0;0;0;0;0;0;0;0;0;0;0;0;0;0;0;0;0;0;0;0;0;0;0;0;0;0;0;0;0;0;0;0;0;0;0;0;0;0;0;0;0;0;0;0
11.07.2024;01:33;A 87;1;1;4;1;2;0;0;0;0;0;0;0;0;0;0;0;0;0;0;0;0;0;0;0;0;0;0;0;0;0;0;0;0;0;0;0;0;0;0;0;0;0;0;0;0;0;0;0;0;0;0;0;0
11.07.2024;01:32;A 87;1;0;0;0;0;0;0;0;0;0;0;0;0;0;0;0;0;0;0;0;0;0;0;0;0;0;0;0;0;0;0;0;0;0;0;0;0;0;0;0;0;0;0;0;0;0;0;0;0;0;0;0;0
11.07.2024;01:31;A 87;1;0;77;0;0;0;0;0;0;0;0;0;0;0;0;0;0;0;0;0;0;0;0;0;0;0;0;0;0;0;0;0;0;0;0;0;0;0;0;0;0;0;0;0;0;0;0;0;0;0;0;0;0
11.07.2024;01:30;A 87;1;1;20;1;1;0;0;2;1;0;0;0;0;0;0;0;22;0;0;0;0;0;0;0;0;0;0;0;0;0;0;0;0;0;0;0;0;0;0;0;0;0;0;0;0;0;0;0;0;0;0;0;0
11.07.2024;01:29;A 87;1;0;0;0;0;0;0;0;0;0;0;0;0;1;1;1;69;0;0;0;0;0;0;0;0;0;0;0;0;0;0;0;0;0;0;0;0;0;0;0;0;0;0;0;0;0;0;0;0;0;0;0;0
11.07.2024;01:28;A 87;1;0;2;0;0;1;7;0;0;1;2;0;0;0;0;0;0;0;0;0;0;0;0;0;0;0;0;0;0;0;0;0;0;0;0;0;0;0;0;0;0;0;0;0;0;0;0;0;0;0;0;0;0
11.07.2024;01:27;A 87;1;0;100;0;0;0;0;0;0;0;0;0;0;0;0;0;0;0;0;0;0;0;0;0;0;0;0;0;0;0;0;0;0;0;0;0;0;0;0;0;0;0;0;0;0;0;0;0;0;0;0;0;0
11.07.2024;01:26;A 87;1;1;50;1;1;0;0;0;0;0;0;0;0;0;0;0;0;0;0;0;0;0;0;0;0;0;0;0;0;0;0;0;0;0;0;0;0;0;0;0;0;0;0;0;0;0;0;0;0;0;0;0;0
11.07.2024;01:25;A 87;1;0;0;0;0;0;0;0;0;0;0;0;0;0;0;1;9;0;0;0;0;0;0;0;0;0;0;0;0;0;0;0;0;0;0;0;0;0;0;0;0;0;0;0;0;0;0;0;0;0;0;0;0
11.07.2024;01:24;A 87;1;0;0;0;0;0;0;0;0;0;0;0;0;1;1;0;0;0;0;0;0;0;0;0;0;0;0;0;0;0;0;0;0;0;0;0;0;0;0;0;0;0;0;0;0;0;0;0;0;0;0;0;0
11.07.2024;01:23;A 87;1;0;0;0;0;1;6;0;0;1;2;0;0;0;0;0;0;0;0;0;0;0;0;0;0;0;0;0;0;0;0;0;0;0;0;0;0;0;0;0;0;0;0;0;0;0;0;0;0;0;0;0;0
11.07.2024;01:22;A 87;1;0;0;0;0;0;0;0;0;0;0;0;0;0;0;0;0;0;0;0;0;0;0;0;0;0;0;0;0;0;0;0;0;0;0;0;0;0;0;0;0;0;0;0;0;0;0;0;0;0;0;0;0
11.07.2024;01:21;A 87;1;0;0;0;0;0;0;0;0;0;0;0;0;0;0;0;0;0;0;0;0;0;0;0;0;0;0;0;0;0;0;0;0;0;0;0;0;0;0;0;0;0;0;0;0;0;0;0;0;0;0;0;0
11.07.2024;01:20;A 87;1;0;69;0;0;0;61;0;0;0;0;0;0;0;0;0;0;0;0;0;0;0;0;0;0;1;2;0;0;0;0;0;0;0;0;0;0;0;0;0;0;0;0;0;0;0;0;1;2;0;0;0;0
11.07.2024;01:19;A 87;1;1;41;1;2;1;40;0;0;1;2;0;0;0;0;0;0;0;0;0;0;1;2;1;2;0;0;0;0;0;0;0;0;0;0;0;0;0;0;0;0;0;0;0;0;0;0;0;0;0;0;0;0
11.07.2024;01:18;A 87;1;1;60;1;3;0;0;0;0;0;0;0;0;0;0;0;0;0;0;0;0;0;0;0;0;0;0;0;0;0;0;0;0;0;0;0;0;0;0;0;0;0;0;0;0;0;0;0;0;0;0;0;0
11.07.2024;01:17;A 87;1;0;0;0;0;1;9;1;0;1;2;0;0;0;0;0;0;0;0;0;0;0;0;0;0;0;0;0;0;0;0;0;0;0;0;0;0;0;0;0;0;0;0;0;0;0;0;0;0;0;0;0;0
11.07.2024;01:16;A 87;1;0;0;0;0;0;0;0;0;0;0;0;0;0;0;0;0;0;0;0;0;0;0;0;0;0;0;0;0;0;0;0;0;0;0;0;0;0;0;0;0;0;0;0;0;0;0;0;0;0;0;0;0
11.07.2024;01:15;A 87;1;1;20;0;0;0;0;0;0;0;0;1;1;0;0;0;0;0;0;0;0;0;0;0;0;0;0;0;0;0;0;0;0;0;0;0;0;0;0;0;0;0;0;0;0;0;0;0;0;0;0;0;0
11.07.2024;01:14;A 87;1;0;100;0;0;0;0;0;0;0;0;0;0;0;0;0;0;0;0;0;0;0;0;0;0;0;0;0;0;0;0;0;0;0;0;0;0;0;0;0;0;0;0;0;0;0;0;0;0;0;0;0;0
11.07.2024;01:13;A 87;1;1;7;2;4;0;0;0;0;0;0;0;0;0;0;0;0;0;0;0;0;0;0;0;0;0;0;0;0;0;0;0;0;0;0;0;0;0;0;0;0;0;0;0;0;0;0;0;0;0;0;0;0
11.07.2024;01:12;A 87;1;0;0;0;0;2;9;0;0;2;3;0;0;0;0;0;0;0;0;0;0;0;0;0;0;0;0;0;0;0;0;0;0;0;0;0;0;0;0;0;0;0;0;0;0;0;0;0;0;0;0;0;0
11.07.2024;01:11;A 87;1;0;0;0;0;0;0;0;0;0;0;0;0;0;0;0;0;0;0;0;0;0;0;0;0;0;0;0;0;0;0;0;0;0;0;0;0;0;0;0;0;0;0;0;0;0;0;0;0;0;0;0;0
11.07.2024;01:10;A 87;1;0;0;0;0;0;0;0;0;0;0;0;0;0;0;0;0;0;0;0;0;0;0;0;0;0;0;0;0;0;0;0;0;0;0;0;0;0;0;0;0;0;0;0;0;0;0;0;0;0;0;0;0
11.07.2024;01:09;A 87;1;1;46;1;3;0;0;0;0;0;0;0;0;0;0;0;0;0;0;0;0;0;0;0;0;0;0;0;0;0;0;0;0;0;0;0;0;0;0;0;0;0;0;0;0;0;0;0;0;0;0;0;0
11.07.2024;01:08;A 87;1;0;0;0;0;2;7;2;1;2;6;0;0;0;0;0;0;0;0;0;0;0;0;0;0;0;0;0;0;0;0;0;0;0;0;0;0;0;0;0;0;0;0;0;0;0;0;0;0;0;0;0;0
11.07.2024;01:07;A 87;1;0;0;0;0;0;0;0;0;0;0;0;0;0;0;0;0;0;0;0;0;0;0;0;0;0;0;0;0;0;0;0;0;0;0;0;0;0;0;0;0;0;0;0;0;0;0;0;0;0;0;0;0
11.07.2024;01:06;A 87;1;0;4;0;0;0;0;0;0;0;0;0;0;0;0;0;0;0;0;0;0;0;0;0;0;0;0;0;0;0;0;0;0;0;0;0;0;0;0;0;0;0;0;0;0;0;0;0;0;0;0;0;0
11.07.2024;01:05;A 87;1;1;21;1;1;1;59;0;0;1;3;0;0;0;0;0;0;0;0;0;0;0;0;0;0;0;0;0;0;0;0;0;0;0;0;0;0;0;0;0;0;0;0;0;0;0;0;0;0;0;0;0;0
11.07.2024;01:04;A 87;1;0;0;0;0;0;0;0;0;0;0;0;0;0;0;0;0;0;0;0;0;0;0;0;0;0;0;0;0;0;0;0;0;0;0;0;0;0;0;0;0;0;0;0;0;0;0;0;0;0;0;0;0
11.07.2024;01:03;A 87;1;1;3;1;1;1;8;0;0;1;2;0;0;0;0;0;0;0;0;0;0;0;0;0;0;0;0;0;0;0;0;0;0;0;0;0;0;0;0;0;0;0;0;0;0;0;0;0;0;0;0;0;0
11.07.2024;01:02;A 87;1;1;2;1;1;0;0;0;0;0;0;0;0;0;0;0;0;0;0;0;0;0;0;0;0;0;0;0;0;0;0;0;0;0;0;0;0;0;0;0;0;0;0;0;0;0;0;0;0;0;0;0;0
11.07.2024;01:01;A 87;1;0;0;0;0;0;0;0;0;0;0;0;0;0;0;0;0;0;0;0;0;0;0;0;0;0;0;1;2;1;2;1;2;0;0;0;0;0;0;0;0;0;0;0;0;0;0;0;0;1;2;0;0
11.07.2024;01:00;A 87;1;1;2;1;2;0;0;0;0;0;0;0;0;0;0;0;0;0;0;0;0;0;0;0;0;0;0;0;0;0;0;0;0;0;0;0;0;0;0;0;0;0;0;0;0;0;0;0;0;0;0;0;0
11.07.2024;00:59;A 87;1;0;0;0;0;1;7;1;1;1;2;0;0;0;0;0;0;0;0;0;0;0;0;0;0;0;0;0;0;0;0;0;0;0;0;0;0;0;0;0;0;0;0;0;0;0;0;0;0;0;0;0;0
11.07.2024;00:58;A 87;1;0;68;0;0;0;0;0;0;0;0;0;0;0;0;0;0;0;0;0;0;0;0;0;0;0;0;0;0;0;0;0;0;0;0;0;0;0;0;0;0;0;0;0;0;0;0;0;0;0;0;0;0
11.07.2024;00:57;A 87;1;1;78;1;1;1;7;0;0;1;2;0;0;0;0;0;0;0;0;0;0;0;0;0;0;0;0;0;0;0;0;0;0;0;0;0;0;0;0;0;0;0;0;0;0;0;0;0;0;0;0;0;0
11.07.2024;00:56;A 87;1;1;2;1;1;0;0;0;0;0;0;0;0;0;0;0;0;0;0;0;0;0;0;0;0;0;0;0;0;0;0;0;0;0;0;0;0;0;0;0;0;0;0;0;0;0;0;0;0;0;0;0;0
11.07.2024;00:55;A 87;1;0;0;0;0;1;9;0;0;1;2;0;0;0;0;0;0;0;0;0;0;0;0;0;0;0;0;0;0;0;0;0;0;0;0;0;0;0;0;0;0;0;0;0;0;0;0;0;0;0;0;0;0
11.07.2024;00:54;A 87;1;0;0;0;0;0;0;0;0;0;0;0;0;0;0;0;0;0;0;0;0;0;0;0;0;0;0;0;0;0;0;0;0;0;0;0;0;0;0;0;0;0;0;0;0;0;0;0;0;0;0;0;0
11.07.2024;00:53;A 87;1;2;27;0;25;0;0;0;0;0;0;0;0;0;0;0;0;0;0;0;0;0;0;0;0;0;0;0;0;0;0;0;0;0;0;0;0;0;0;0;0;0;0;0;0;0;0;0;0;0;0;0;0
11.07.2024;00:52;A 87;1;1;98;2;8;0;0;0;0;0;0;0;0;0;0;0;0;0;0;0;0;0;0;0;0;0;0;0;0;0;0;0;0;0;0;0;0;0;0;0;0;0;0;0;0;0;0;0;0;0;0;0;0
11.07.2024;00:51;A 87;1;0;0;1;2;0;0;0;0;0;0;0;0;0;0;0;0;0;0;0;0;0;0;0;0;0;0;0;0;0;0;0;0;0;0;0;0;0;0;0;0;0;0;0;0;0;0;0;0;0;0;0;0
11.07.2024;00:50;A 87;1;0;0;0;0;0;0;1;1;0;0;1;1;0;0;0;0;0;0;0;0;0;0;0;0;0;0;0;0;0;0;0;0;0;0;0;0;0;0;0;0;0;0;0;0;0;0;0;0;0;0;0;0
11.07.2024;00:49;A 87;1;1;9;1;2;0;0;0;0;0;0;0;0;0;0;1;89;0;0;0;0;1;2;1;2;1;2;0;0;0;0;0;0;0;0;0;0;0;0;0;0;0;0;0;0;0;0;1;2;0;0;0;0
11.07.2024;00:48;A 87;1;0;0;0;0;1;8;0;0;1;2;1;13;1;2;0;0;0;0;0;0;0;0;0;0;0;0;0;0;0;0;0;0;0;0;0;0;0;0;0;0;0;0;0;0;0;0;0;0;0;0;0;0
11.07.2024;00:47;A 87;1;0;0;0;0;1;60;0;0;0;1;0;0;0;0;0;0;0;0;0;0;0;0;0;0;0;0;0;0;0;0;0;0;0;0;0;0;0;0;0;0;0;0;0;0;0;0;0;0;0;0;0;0
11.07.2024;00:46;A 87;1;1;2;0;0;1;8;0;0;2;3;0;0;0;0;0;0;0;0;0;0;0;0;0;0;0;0;0;0;0;0;0;0;0;0;0;0;0;0;0;0;0;0;0;0;0;0;0;0;0;0;0;0
11.07.2024;00:45;A 87;1;0;0;1;1;0;0;0;0;0;0;0;0;0;0;0;0;0;0;0;0;0;0;0;0;0;0;0;0;0;0;0;0;0;0;0;0;0;0;0;0;0;0;0;0;0;0;0;0;0;0;0;0
11.07.2024;00:44;A 87;1;0;0;0;0;0;0;2;1;0;0;0;0;0;0;0;0;0;0;0;0;0;0;0;0;0;0;0;0;0;0;0;0;0;0;0;0;0;0;0;0;0;0;0;0;0;0;0;0;0;0;0;0
11.07.2024;00:43;A 87;1;0;0;0;0;0;96;0;0;0;0;0;0;0;0;0;0;0;0;0;0;0;0;0;0;0;0;0;0;0;0;0;0;0;0;0;0;0;0;0;0;0;0;0;0;0;0;0;0;0;0;0;0
11.07.2024;00:42;A 87;1;1;15;1;2;1;5;2;2;1;2;0;0;1;2;1;12;0;0;0;0;0;0;0;0;0;0;0;0;0;0;0;0;0;0;0;0;0;0;0;0;0;0;0;0;0;0;0;0;0;0;0;0
11.07.2024;00:41;A 87;1;0;0;0;0;0;0;0;0;0;0;0;0;0;0;0;0;0;0;0;0;0;0;0;0;0;0;0;0;0;0;0;0;0;0;0;0;0;0;0;0;0;0;0;0;0;0;0;0;0;0;0;0
11.07.2024;00:40;A 87;1;0;39;0;0;0;0;0;0;0;0;0;0;0;0;0;0;0;0;0;0;0;0;0;0;0;0;0;0;0;0;0;0;0;0;0;0;0;0;0;0;0;0;0;0;0;0;0;0;0;0;0;0
11.07.2024;00:39;A 87;1;1;54;1;2;1;8;0;0;1;3;1;2;0;0;0;0;0;0;0;0;0;0;0;0;0;0;0;0;0;0;0;0;0;0;0;0;0;0;0;0;0;0;0;0;0;0;0;0;0;0;0;0
11.07.2024;00:38;A 87;1;0;0;0;0;0;0;0;0;0;0;0;0;0;0;0;0;0;0;0;0;0;0;0;0;0;0;0;0;0;0;0;0;0;0;0;0;0;0;0;0;0;0;0;0;0;0;0;0;0;0;0;0
11.07.2024;00:37;A 87;1;0;0;0;0;2;13;0;0;2;5;1;1;0;0;0;0;0;0;0;0;0;0;0;0;0;0;0;0;0;0;0;0;0;0;0;0;0;0;0;0;0;0;0;0;0;0;0;0;0;0;0;0
11.07.2024;00:36;A 87;1;2;20;2;4;0;0;0;0;0;0;1;1;0;0;0;0;0;0;0;0;0;0;1;2;1;2;0;0;0;0;0;0;0;0;0;0;0;0;0;0;0;0;0;0;0;0;1;2;0;0;0;0
11.07.2024;00:35;A 87;1;0;0;0;0;0;0;0;0;0;0;0;0;1;2;1;35;0;0;0;0;1;2;0;0;0;0;0;0;0;0;0;0;0;0;0;0;0;0;0;0;0;0;0;0;0;0;0;0;0;0;0;0
11.07.2024;00:34;A 87;1;0;0;0;0;2;82;1;1;1;80;0;0;0;0;0;0;0;0;0;0;0;0;0;0;0;0;0;0;0;0;0;0;0;0;0;0;0;0;0;0;0;0;0;0;0;0;0;0;0;0;0;0
11.07.2024;00:33;A 87;1;0;0;0;0;1;21;2;1;2;25;0;0;1;2;1;24;0;0;0;0;0;0;0;0;0;0;0;0;0;0;0;0;0;0;0;0;0;0;0;0;0;0;0;0;0;0;0;0;0;0;0;0
11.07.2024;00:32;A 87;1;0;0;0;0;0;0;0;0;0;0;0;0;0;0;0;0;0;0;0;0;0;0;0;0;0;0;0;0;0;0;0;0;0;0;0;0;0;0;0;0;0;0;0;0;0;0;0;0;0;0;0;0
11.07.2024;00:31;A 87;1;1;21;0;0;0;0;0;0;0;0;1;1;0;0;0;0;0;0;0;0;0;0;0;0;0;0;0;0;0;0;0;0;0;0;0;0;0;0;0;0;0;0;0;0;0;0;0;0;0;0;0;0
11.07.2024;00:30;A 87;1;1;45;2;4;0;0;0;0;0;0;0;0;0;0;0;0;0;0;0;0;0;0;0;0;0;0;1;2;1;2;1;2;0;0;0;0;0;0;0;0;0;0;0;0;0;0;0;0;1;2;0;0
11.07.2024;00:29;A 87;1;0;37;0;0;1;31;0;0;0;31;0;0;0;0;0;0;0;0;0;0;0;0;0;0;0;0;0;0;0;0;0;0;0;0;0;0;0;0;0;0;0;0;0;0;0;0;0;0;0;0;0;0
11.07.2024;00:28;A 87;1;1;48;1;2;1;55;1;1;2;54;0;0;0;0;0;0;0;0;0;0;0;0;0;0;0;0;0;0;0;0;0;0;0;0;0;0;0;0;0;0;0;0;0;0;0;0;0;0;0;0;0;0
11.07.2024;00:27;A 87;1;0;0;0;0;0;0;0;0;0;0;0;0;0;0;0;0;0;0;0;0;0;0;0;0;0;0;0;0;0;0;0;0;0;0;0;0;0;0;0;0;0;0;0;0;0;0;0;0;0;0;0;0
11.07.2024;00:26;A 87;1;0;0;0;0;1;3;0;0;1;3;0;0;0;0;0;0;0;0;0;0;0;0;0;0;0;0;0;0;0;0;0;0;0;0;0;0;0;0;0;0;0;0;0;0;0;0;0;0;0;0;0;0
11.07.2024;00:25;A 87;1;1;48;1;2;0;0;0;0;0;0;1;1;0;0;0;0;0;0;0;0;0;0;0;0;0;0;0;0;0;0;0;0;0;0;0;0;0;0;0;0;0;0;0;0;0;0;0;0;0;0;0;0
11.07.2024;00:24;A 87;1;0;0;0;0;1;8;0;0;1;1;0;0;0;0;0;0;0;0;0;0;0;0;0;0;0;0;0;0;0;0;0;0;0;0;0;0;0;0;0;0;0;0;0;0;0;0;0;0;0;0;0;0
11.07.2024;00:23;A 87;1;1;89;1;3;1;49;0;0;1;2;2;5;0;0;0;0;0;0;0;0;0;0;0;0;0;0;0;0;0;0;0;0;0;0;0;0;0;0;0;0;0;0;0;0;0;0;0;0;0;0;0;0
11.07.2024;00:22;A 87;1;1;32;1;2;1;7;1;1;1;2;0;0;0;0;0;0;0;0;0;0;0;0;0;0;0;0;0;0;0;0;0;0;0;0;0;0;0;0;0;0;0;0;0;0;0;0;0;0;0;0;0;0
11.07.2024;00:21;A 87;1;0;0;0;0;1;72;0;0;1;2;0;0;0;0;0;0;0;0;0;0;0;0;0;0;0;0;0;0;0;0;0;0;0;0;0;0;0;0;0;0;0;0;0;0;0;0;0;0;0;0;0;0
11.07.2024;00:20;A 87;1;0;0;0;0;1;13;0;0;0;14;0;0;0;0;0;0;0;0;0;0;0;0;0;0;0;0;0;0;0;0;0;0;0;0;0;0;0;0;0;0;0;0;0;0;0;0;0;0;0;0;0;0
11.07.2024;00:19;A 87;1;0;0;0;0;1;77;0;0;2;51;0;0;0;0;0;0;0;0;0;0;0;0;0;0;0;0;0;0;0;0;0;0;0;0;0;0;0;0;0;0;0;0;0;0;0;0;0;0;0;0;0;0
11.07.2024;00:18;A 87;1;1;37;1;1;1;34;0;0;0;27;0;0;0;0;0;0;0;0;0;0;0;0;0;0;0;0;0;0;0;0;0;0;0;0;0;0;0;0;0;0;0;0;0;0;0;0;0;0;0;0;0;0
11.07.2024;00:17;A 87;1;1;5;1;2;2;36;1;1;3;33;0;0;0;0;0;0;0;0;0;0;0;0;0;0;0;0;0;0;0;0;0;0;0;0;0;0;0;0;0;0;0;0;0;0;0;0;0;0;0;0;0;0
11.07.2024;00:16;A 87;1;0;0;0;0;0;0;0;0;0;0;0;0;0;0;0;0;0;0;0;0;0;0;0;0;0;0;0;0;0;0;0;0;0;0;0;0;0;0;0;0;0;0;0;0;0;0;0;0;0;0;0;0
11.07.2024;00:15;A 87;1;0;0;0;0;0;0;0;0;0;0;0;0;0;0;0;8;0;0;0;0;0;0;0;0;0;0;0;0;0;0;0;0;0;0;0;0;0;0;0;0;0;0;0;0;0;0;0;0;0;0;0;0
11.07.2024;00:14;A 87;1;0;70;0;0;0;0;0;0;0;0;0;0;1;1;1;12;0;0;0;0;0;0;0;0;0;0;0;0;0;0;0;0;0;0;0;0;0;0;0;0;0;0;0;0;0;0;0;0;0;0;0;0
11.07.2024;00:13;A 87;1;1;17;1;2;1;15;0;0;1;1;0;0;0;0;0;0;0;0;0;0;0;0;0;0;0;0;0;0;0;0;0;0;0;0;0;0;0;0;0;0;0;0;0;0;0;0;0;0;0;0;0;0
11.07.2024;00:12;A 87;1;0;30;0;0;0;0;0;0;0;0;1;1;1;0;0;0;0;0;0;0;0;0;0;0;0;0;0;0;0;0;0;0;0;0;0;0;0;0;0;0;0;0;0;0;0;0;0;0;0;0;0;0
11.07.2024;00:11;A 87;1;1;14;1;2;2;14;1;0;2;3;1;2;0;0;0;37;0;0;0;0;0;0;0;0;0;0;0;0;0;0;0;0;0;0;0;0;0;0;0;0;0;0;0;0;0;0;0;0;0;0;0;0
11.07.2024;00:10;A 87;1;0;100;0;0;2;12;0;0;1;7;0;0;1;1;1;49;0;0;0;0;0;0;0;0;0;0;0;0;0;0;0;0;0;0;0;0;0;0;0;0;0;0;0;0;0;0;0;0;0;0;0;0
11.07.2024;00:09;A 87;1;1;38;1;2;1;4;2;2;2;5;0;0;0;0;0;0;0;0;0;0;0;0;0;0;0;0;0;0;0;0;0;0;0;0;0;0;0;0;0;0;0;0;0;0;0;0;0;0;0;0;0;0
11.07.2024;00:08;A 87;1;1;7;1;2;1;9;1;1;1;2;0;0;0;0;0;0;0;0;0;0;0;0;0;0;0;0;0;0;0;0;0;0;0;0;0;0;0;0;0;0;0;0;0;0;0;0;0;0;0;0;0;0
11.07.2024;00:07;A 87;1;0;0;0;0;0;0;0;0;0;0;0;0;0;0;0;0;0;0;0;0;0;0;0;0;0;0;0;0;0;0;0;0;0;0;0;0;0;0;0;0;0;0;0;0;0;0;0;0;0;0;0;0
11.07.2024;00:06;A 87;1;0;0;0;0;1;8;0;0;1;2;0;0;0;0;0;0;0;0;0;0;0;0;0;0;0;0;0;0;0;0;0;0;0;0;0;0;0;0;0;0;0;0;0;0;0;0;0;0;0;0;0;0
11.07.2024;00:05;A 87;1;0;0;0;0;0;0;0;0;0;0;0;0;0;0;0;0;0;0;0;0;0;0;1;2;1;2;0;0;0;0;0;0;0;0;0;0;0;0;0;0;0;0;0;0;0;0;1;2;0;0;0;0
11.07.2024;00:04;A 87;1;0;0;0;0;0;0;0;0;0;0;0;0;0;0;0;0;0;0;0;0;1;2;0;0;0;0;0;0;0;0;0;0;0;0;0;0;0;0;0;0;0;0;0;0;0;0;0;0;0;0;0;0
11.07.2024;00:03;A 87;1;1;2;1;1;1;1;1;0;1;1;1;0;0;0;0;0;0;0;0;0;0;0;0;0;0;0;0;0;0;0;0;0;0;0;0;0;0;0;0;0;0;0;0;0;0;0;0;0;0;0;0;0
11.07.2024;00:02;A 87;1;0;0;0;0;0;0;0;0;0;0;0;0;0;0;0;0;0;0;0;0;0;0;0;0;0;0;0;0;0;0;0;0;0;0;0;0;0;0;0;0;0;0;0;0;0;0;0;0;0;0;0;0
11.07.2024;00:01;A 87;1;0;0;0;0;2;12;1;1;1;2;0;0;0;1;1;38;0;0;0;0;0;0;0;0;0;0;0;0;0;0;0;0;0;0;0;0;0;0;0;0;0;0;0;0;0;0;0;0;0;0;0;0
11.07.2024;00:00;A 87;1;0;0;0;0;1;95;0;0;1;61;0;0;1;1;0;0;0;0;0;0;0;0;0;0;0;0;0;0;0;0;0;0;0;0;0;0;0;0;0;0;0;0;0;0;0;0;0;0;0;0;0;0
10.07.2024;23:59;A 87;1;0;0;0;0;5;17;0;0;4;38;0;0;1;2;1;32;0;0;0;0;0;0;0;0;0;0;0;0;0;0;0;0;0;0;0;0;0;0;0;0;0;0;0;0;0;0;0;0;0;0;0;0
10.07.2024;23:58;A 87;1;0;0;0;0;0;0;2;2;2;80;0;0;0;0;0;0;0;0;0;0;0;0;0;0;0;0;1;2;1;2;1;2;0;0;0;0;0;0;0;0;0;0;0;0;0;0;0;0;1;2;0;0
10.07.2024;23:57;A 87;1;0;0;0;0;0;0;0;0;0;0;1;2;0;0;0;71;0;0;0;0;0;0;0;0;0;0;0;0;0;0;0;0;0;0;0;0;0;0;0;0;0;0;0;0;0;0;0;0;0;0;0;0
10.07.2024;23:56;A 87;1;0;0;0;0;0;0;1;1;0;0;0;0;1;1;1;42;0;0;0;0;0;0;0;0;0;0;0;0;0;0;0;0;0;0;0;0;0;0;0;0;0;0;0;0;0;0;0;0;0;0;0;0
10.07.2024;23:55;A 87;1;1;56;0;0;0;0;0;0;0;0;1;1;0;0;0;0;0;0;0;0;0;0;0;0;0;0;0;0;0;0;0;0;0;0;0;0;0;0;0;0;0;0;0;0;0;0;0;0;0;0;0;0
10.07.2024;23:54;A 87;1;1;10;2;3;1;10;1;1;1;3;0;0;0;0;0;5;0;0;0;0;0;0;0;0;0;0;0;0;0;0;0;0;0;0;0;0;0;0;0;0;0;0;0;0;0;0;0;0;0;0;0;0
10.07.2024;23:53;A 87;1;1;71;1;2;0;0;0;0;0;0;0;0;1;1;1;36;0;0;0;0;0;0;0;0;0;0;0;0;0;0;0;0;0;0;0;0;0;0;0;0;0;0;0;0;0;0;0;0;0;0;0;0
10.07.2024;23:52;A 87;1;1;48;1;2;1;6;0;0;1;2;0;0;0;0;0;0;0;0;0;0;0;0;0;0;0;0;0;0;0;0;0;0;0;0;0;0;0;0;0;0;0;0;0;0;0;0;0;0;0;0;0;0
10.07.2024;23:51;A 87;1;0;0;0;0;1;76;0;0;0;0;0;0;0;0;0;0;0;0;0;0;0;0;0;0;0;0;0;0;0;0;0;0;0;0;0;0;0;0;0;0;0;0;0;0;0;0;0;0;0;0;0;0
10.07.2024;23:50;A 87;1;0;0;0;0;2;9;1;1;3;5;0;0;0;0;0;0;0;0;0;0;0;0;0;0;0;0;0;0;0;0;0;0;0;0;0;0;0;0;0;0;0;0;0;0;0;0;0;0;0;0;0;0
10.07.2024;23:49;A 87;1;0;0;0;0;0;0;0;0;0;0;0;0;0;0;0;0;0;0;0;0;0;0;0;0;0;0;0;0;0;0;0;0;0;0;0;0;0;0;0;0;0;0;0;0;0;0;0;0;0;0;0;0
10.07.2024;23:48;A 87;1;0;18;0;0;1;26;0;0;0;0;0;0;0;0;0;0;0;0;0;0;0;0;0;0;0;0;0;0;0;0;0;0;0;0;0;0;0;0;0;0;0;0;0;0;0;0;0;0;0;0;0;0
10.07.2024;23:47;A 87;1;1;98;0;0;1;72;2;1;2;6;1;1;0;0;0;0;0;0;0;0;0;0;0;0;0;0;0;0;0;0;0;0;0;0;0;0;0;0;0;0;0;0;0;0;0;0;0;0;0;0;0;0
10.07.2024;23:46;A 87;1;3;40;3;41;0;0;0;0;0;0;1;1;0;0;0;0;0;0;0;0;0;0;0;0;0;0;0;0;0;0;0;0;0;0;0;0;0;0;0;0;0;0;0;0;0;0;0;0;0;0;1;0
10.07.2024;23:45;A 87;1;1;90;2;6;1;11;1;1;1;2;1;1;1;1;0;0;0;0;0;0;0;0;0;0;0;0;0;0;0;0;0;0;0;0;0;0;0;0;0;0;0;0;0;0;0;0;0;0;0;0;0;0
10.07.2024;23:44;A 87;1;1;46;1;3;1;19;0;0;1;3;1;1;2;2;1;2;0;0;0;0;0;0;0;0;0;0;0;0;0;0;0;0;0;0;0;0;0;0;0;0;0;0;0;0;0;0;0;0;0;0;0;0
10.07.2024;23:43;A 87;1;0;0;0;0;1;5;2;1;1;2;0;0;0;0;0;0;0;0;0;0;0;0;0;0;0;0;0;0;0;0;0;0;0;0;0;0;0;0;0;0;0;0;0;0;0;0;0;0;0;0;0;0
10.07.2024;23:42;A 87;1;0;70;0;0;0;0;0;0;0;0;0;0;0;0;0;0;0;0;0;0;0;0;0;0;0;0;0;0;0;0;0;0;0;0;0;0;0;0;0;0;0;0;0;0;0;0;0;0;0;0;0;0
10.07.2024;23:41;A 87;1;1;9;1;2;0;0;3;3;0;0;0;0;0;0;0;0;0;0;0;0;0;0;0;0;0;0;0;0;0;0;0;0;0;0;0;0;0;0;0;0;0;0;0;0;0;0;0;0;0;0;0;0
10.07.2024;23:40;A 87;1;1;57;1;2;3;62;0;0;2;2;1;2;0;0;0;0;0;0;0;0;0;0;0;0;0;0;0;0;0;0;0;0;0;0;0;0;0;0;0;0;0;0;0;0;0;0;0;0;0;0;0;0
10.07.2024;23:39;A 87;1;3;11;1;11;6;17;1;1;7;10;0;0;0;0;0;0;0;0;0;0;0;0;0;0;0;0;0;0;0;0;0;0;0;0;0;0;0;0;0;0;0;0;0;0;0;0;0;0;0;0;0;0
10.07.2024;23:38;A 87;1;1;99;2;34;1;7;0;0;0;0;0;0;0;0;0;0;0;0;0;0;0;0;0;0;0;0;0;0;0;0;0;0;0;0;0;0;0;0;0;0;0;0;0;0;0;0;0;0;0;0;0;0
10.07.2024;23:37;A 87;1;0;18;1;2;0;0;1;1;1;2;0;0;0;0;0;0;0;0;0;0;0;0;0;0;0;0;0;0;0;0;0;0;0;0;0;0;0;0;0;0;0;0;0;0;0;0;0;0;0;0;0;0
10.07.2024;23:36;A 87;1;0;100;0;0;3;12;2;2;3;7;1;4;0;0;0;0;0;0;0;0;0;0;0;0;0;0;0;0;0;0;0;0;0;0;0;0;0;0;0;0;0;0;0;0;0;0;0;0;0;0;0;0
10.07.2024;23:35;A 87;1;5;73;4;9;1;48;42;21;1;47;1;2;0;0;0;0;0;0;0;0;0;0;0;0;1;2;0;0;0;0;0;0;0;0;0;0;0;0;0;0;0;0;0;0;0;0;1;2;0;0;2;1
10.07.2024;23:34;A 87;1;1;20;2;4;1;10;39;19;2;4;0;0;0;0;0;0;0;0;0;0;1;2;1;2;0;0;0;0;0;0;0;0;0;0;0;0;1;1;1;1;0;0;0;0;0;0;0;0;0;0;0;0
10.07.2024;23:33;A 87;1;0;0;0;0;1;47;1;0;0;44;0;0;0;0;0;0;0;0;0;0;0;0;0;0;0;0;0;0;0;0;0;0;0;0;0;0;0;0;0;0;0;0;0;0;0;0;0;0;0;0;0;0
10.07.2024;23:32;A 87;1;1;2;0;1;1;57;4;4;2;59;0;0;1;2;1;33;0;0;0;0;0;0;0;0;0;0;0;0;0;0;0;0;0;0;0;0;0;0;0;0;0;0;0;0;0;0;0;0;0;0;0;0
10.07.2024;23:31;A 87;1;1;91;3;5;0;0;0;0;0;0;1;2;0;0;0;0;0;0;0;0;0;0;0;0;0;0;0;0;1;2;1;2;0;0;0;0;0;0;0;0;0;0;0;0;0;0;0;0;1;2;1;0
10.07.2024;23:30;A 87;1;1;48;1;2;4;13;1;1;4;12;1;1;0;0;0;0;0;0;0;0;0;0;0;0;0;0;1;2;0;0;0;0;0;0;0;0;0;0;0;0;0;0;0;0;0;0;0;0;0;0;0;0
10.07.2024;23:29;A 87;1;2;18;1;2;0;0;0;0;0;0;1;1;1;0;0;0;0;0;0;0;0;0;0;0;0;0;0;0;0;0;0;0;0;0;0;0;0;0;0;0;0;0;0;0;0;0;0;0;0;0;0;0
10.07.2024;23:28;A 87;1;0;2;0;0;0;1;1;1;0;0;1;2;0;0;0;0;0;0;0;0;0;0;0;0;0;0;0;0;0;0;0;0;0;0;0;0;0;0;0;0;0;0;0;0;0;0;0;0;0;0;0;0
10.07.2024;23:27;A 87;1;0;100;0;0;1;97;1;1;0;84;1;1;0;0;0;0;0;0;0;0;0;0;0;0;0;0;0;0;0;0;0;0;0;0;0;0;0;0;0;0;0;0;0;0;0;0;0;0;0;0;0;0
10.07.2024;23:26;A 87;1;8;75;6;12;1;16;0;0;2;4;0;0;1;2;1;25;0;0;0;0;0;0;0;0;0;0;0;0;0;0;0;0;0;0;0;0;0;0;0;0;0;0;0;0;0;0;0;0;0;0;1;0
10.07.2024;23:25;A 87;1;0;100;2;6;3;53;5;5;3;6;1;1;0;0;0;0;0;0;0;0;0;0;0;0;0;0;0;0;0;0;0;0;0;0;0;0;0;0;0;0;0;0;0;0;0;0;0;0;0;0;0;0
10.07.2024;23:24;A 87;1;3;53;1;2;0;0;0;0;0;0;0;0;0;0;0;0;0;0;0;0;0;0;0;0;0;0;0;0;0;0;0;0;0;0;0;0;0;0;0;0;0;0;0;0;0;0;0;0;0;0;1;0
10.07.2024;23:23;A 87;1;1;74;3;10;4;14;2;2;4;11;0;0;0;0;0;0;0;0;0;0;0;0;0;0;0;0;0;0;0;0;0;0;0;0;0;0;0;0;0;0;0;0;0;0;0;0;0;0;0;0;3;0
10.07.2024;23:22;A 87;1;0;52;0;0;1;46;0;0;0;0;0;0;0;0;0;0;0;0;0;0;0;0;0;0;0;0;0;0;0;0;0;0;0;0;0;0;0;0;0;0;0;0;0;0;0;0;0;0;0;0;0;0
10.07.2024;23:21;A 87;1;1;9;1;2;1;57;0;0;2;7;0;0;2;17;4;18;0;0;0;0;0;0;0;0;0;0;0;0;0;0;0;0;0;0;0;0;0;0;0;0;0;0;0;0;0;0;0;1;0;0;0;0
10.07.2024;23:20;A 87;1;2;38;2;4;0;89;0;0;0;0;1;1;1;67;0;100;0;0;0;0;0;0;1;2;1;2;0;0;0;0;0;0;0;0;0;0;0;0;0;0;0;0;0;0;0;0;1;0;0;0;0;0
10.07.2024;23:19;A 87;1;0;0;0;0;2;31;0;0;1;2;2;4;2;5;2;37;0;0;0;0;1;2;0;0;0;0;0;0;0;0;0;0;0;0;0;0;0;0;0;0;0;0;0;0;0;0;1;2;0;0;0;0
10.07.2024;23:18;A 87;1;1;31;1;3;0;100;0;0;0;0;0;0;1;2;1;99;0;0;0;0;0;0;1;2;1;2;0;0;0;0;0;0;0;0;0;0;0;0;0;0;0;0;0;0;0;0;0;0;0;0;36;51
10.07.2024;23:17;A 87;1;1;39;1;2;1;9;1;1;2;8;1;2;1;1;0;0;0;0;0;0;1;2;0;0;0;0;0;0;0;0;0;0;0;0;0;0;0;0;0;0;0;0;0;0;0;0;0;0;0;0;20;28
10.07.2024;23:16;A 87;1;0;0;0;0;0;6;0;0;0;0;2;2;0;0;0;0;0;0;0;0;0;0;0;0;0;0;0;0;0;0;0;0;0;0;0;0;0;0;0;0;0;0;0;0;0;0;0;0;0;0;0;0
10.07.2024;23:15;A 87;1;4;9;2;6;1;1;1;1;1;2;0;0;0;0;0;0;0;0;0;0;0;0;0;0;0;0;0;0;0;0;0;0;2;2;0;0;0;0;0;0;0;0;0;0;0;0;0;0;0;0;0;0
10.07.2024;23:14;A 87;1;0;0;2;17;1;6;1;1;1;2;1;2;0;0;0;0;0;0;0;0;0;0;0;0;0;0;0;0;0;0;0;0;0;0;0;0;0;0;0;0;0;0;0;0;0;0;0;0;0;0;0;0
10.07.2024;23:13;A 87;1;4;44;3;3;0;0;1;1;0;0;0;0;0;0;1;69;0;0;0;0;0;0;0;0;0;0;0;0;0;0;0;0;0;0;0;0;0;0;0;0;0;0;0;0;0;0;0;0;0;0;0;0
10.07.2024;23:12;A 87;1;0;100;1;3;3;12;4;4;3;6;0;0;1;1;0;0;0;0;0;0;0;0;0;0;0;0;0;0;0;0;0;0;0;0;0;0;0;0;0;0;0;0;0;0;0;0;0;0;0;0;0;0
10.07.2024;23:11;A 87;1;5;62;3;60;0;0;0;0;0;0;0;0;0;0;0;89;0;0;0;0;0;0;0;0;0;0;0;0;0;0;0;0;0;0;0;0;0;0;0;0;0;0;0;0;0;0;0;0;0;0;0;0
10.07.2024;23:10;A 87;1;1;58;3;11;3;12;1;1;3;7;1;1;1;2;1;49;0;0;0;0;0;0;0;0;0;0;0;0;0;0;0;0;0;0;0;0;0;0;0;0;0;0;0;0;0;0;0;0;0;0;0;0
10.07.2024;23:09;A 87;1;0;70;0;0;0;0;0;0;0;0;0;4;0;0;0;0;0;0;0;0;0;0;0;0;0;0;0;0;0;0;0;0;0;0;0;0;0;0;0;0;0;0;0;0;0;0;0;0;0;0;0;0
10.07.2024;23:08;A 87;1;1;4;1;1;1;8;2;1;1;2;2;6;0;0;0;0;0;0;0;0;0;0;0;0;0;0;0;0;0;0;0;0;0;0;0;0;0;0;0;0;0;0;0;0;0;0;0;0;0;0;0;0
10.07.2024;23:07;A 87;1;2;95;2;68;0;0;1;1;0;0;1;1;0;0;0;0;0;0;0;0;0;0;0;0;0;0;0;0;0;0;0;0;0;0;0;0;0;0;0;0;0;0;0;0;0;0;0;0;0;0;0;0
10.07.2024;23:06;A 87;1;3;67;3;6;3;10;0;0;3;9;1;2;0;0;0;0;0;0;0;0;0;0;0;0;0;0;0;0;0;0;0;0;0;0;0;0;0;0;0;0;0;0;0;0;0;0;0;0;0;0;0;0
10.07.2024;23:05;A 87;1;1;50;2;4;2;66;1;1;2;2;0;0;0;0;0;0;0;0;0;0;0;0;0;0;0;0;0;0;0;0;0;0;0;0;0;0;0;0;0;0;0;0;0;0;0;0;0;0;0;0;0;0
10.07.2024;23:04;A 87;1;0;19;0;0;1;5;0;0;1;2;1;1;0;0;0;43;0;0;0;0;0;0;0;0;0;0;0;0;0;0;0;0;0;0;0;0;0;0;0;0;0;0;0;0;0;0;0;0;0;0;0;0
10.07.2024;23:03;A 87;1;1;99;0;0;0;0;0;0;0;0;4;30;2;4;1;61;0;0;0;0;0;0;0;0;0;0;0;0;0;0;0;0;0;0;0;0;0;0;0;0;0;0;0;0;0;0;0;0;0;0;0;0
10.07.2024;23:02;A 87;1;4;32;5;28;0;0;0;0;0;0;0;0;1;3;1;74;0;0;0;0;0;0;0;0;0;0;0;0;0;0;0;0;0;0;0;0;0;0;0;0;0;0;0;0;0;0;0;0;0;0;0;0
10.07.2024;23:01;A 87;1;0;0;0;0;3;11;1;1;3;4;0;0;1;1;1;12;0;0;0;0;0;0;0;0;0;0;0;0;0;0;0;0;0;0;0;0;0;0;0;0;0;0;0;0;0;0;0;0;0;0;0;0
10.07.2024;23:00;A 87;1;1;1;1;1;2;48;14;6;0;48;0;0;0;0;0;0;0;0;0;0;0;0;0;0;0;0;0;0;0;0;0;0;0;0;0;0;0;0;0;0;0;0;0;0;0;0;0;0;0;0;0;0
10.07.2024;22:59;A 87;1;0;0;0;0;1;60;19;9;3;51;0;0;0;0;0;23;0;0;0;0;0;0;0;0;0;0;0;0;0;0;0;0;0;0;0;0;0;0;0;0;0;0;0;0;0;0;0;0;0;0;0;0
10.07.2024;22:58;A 87;1;1;2;1;1;0;0;24;9;0;0;0;0;1;1;1;76;0;0;0;0;0;0;0;0;0;0;1;2;1;2;1;2;0;0;0;0;0;0;0;0;0;0;0;0;0;0;0;0;1;2;0;0
10.07.2024;22:57;A 87;1;0;0;0;0;5;16;1;1;5;11;0;0;0;0;0;0;0;0;0;0;0;0;0;0;0;0;0;0;0;0;0;0;0;0;0;0;0;0;0;0;0;0;0;0;0;0;0;0;0;0;0;0
10.07.2024;22:56;A 87;1;2;90;1;2;0;0;0;0;0;0;1;1;0;0;0;0;0;0;0;0;0;0;0;0;0;0;0;0;0;0;0;0;0;0;0;0;0;0;0;0;0;0;0;0;0;0;0;0;0;0;0;0
10.07.2024;22:55;A 87;1;3;48;2;4;0;0;1;1;0;0;0;0;0;0;0;0;0;0;0;0;0;0;0;0;0;0;0;0;0;0;0;0;0;0;0;0;0;0;0;0;0;0;0;0;0;0;0;0;0;0;0;0
10.07.2024;22:54;A 87;1;0;100;0;3;2;9;1;1;1;4;0;0;0;0;0;0;0;0;0;0;0;0;0;0;0;0;0;0;0;0;0;0;0;0;0;0;0;0;0;0;0;0;0;0;0;0;0;0;0;0;0;0
10.07.2024;22:53;A 87;1;2;60;4;9;0;12;0;0;1;2;0;0;0;0;0;55;0;0;0;0;0;0;0;0;0;0;0;0;0;0;0;0;0;0;0;0;0;0;0;0;0;0;0;0;0;0;0;0;0;0;4;1
10.07.2024;22:52;A 87;1;1;3;1;2;3;68;2;1;3;8;0;0;1;1;1;23;0;0;0;0;0;0;0;0;0;0;0;0;0;0;0;0;0;0;0;0;0;0;0;0;0;0;0;0;0;0;0;0;0;0;0;0
10.07.2024;22:51;A 87;1;0;0;0;0;0;29;0;0;0;0;0;0;0;0;0;70;0;0;0;0;0;0;0;0;0;0;0;0;0;0;0;0;0;0;0;0;0;0;0;0;0;0;0;0;0;0;0;0;0;0;0;0
10.07.2024;22:50;A 87;1;1;2;1;1;1;26;4;4;1;3;1;1;1;2;1;95;0;0;0;0;0;0;0;0;0;0;0;0;0;0;0;0;0;0;0;0;0;0;0;0;0;0;0;0;0;0;0;0;0;0;0;0
10.07.2024;22:49;A 87;1;0;0;0;0;2;50;0;0;1;3;0;0;1;2;1;77;0;0;0;0;0;0;0;0;0;0;0;0;0;0;0;0;0;0;0;0;0;0;0;0;0;0;0;0;0;0;0;0;0;0;0;0
10.07.2024;22:48;A 87;1;1;41;1;3;1;52;0;0;2;6;1;2;1;3;2;19;0;0;0;0;0;0;0;0;0;0;0;0;0;0;0;0;0;0;0;0;0;0;0;0;0;0;0;0;0;0;0;0;0;0;0;0
10.07.2024;22:47;A 87;1;0;70;0;0;2;64;0;0;0;68;0;0;0;0;0;0;0;0;0;0;0;0;0;0;0;0;0;0;0;0;0;0;0;0;0;0;0;0;0;0;0;0;0;0;0;0;0;0;0;0;0;0
10.07.2024;22:46;A 87;1;1;84;1;2;1;40;2;2;3;33;1;2;2;3;2;20;0;0;0;0;0;0;0;0;0;0;0;0;0;0;0;0;0;0;0;0;0;0;0;0;0;0;0;0;0;0;0;0;0;0;0;0
10.07.2024;22:45;A 87;1;0;0;0;0;1;49;0;0;1;2;0;0;0;0;0;0;0;0;0;0;0;0;0;0;0;0;0;0;0;0;0;0;0;0;0;0;0;0;0;0;0;0;0;0;0;0;0;0;0;0;0;0
10.07.2024;22:44;A 87;1;0;3;0;0;3;10;2;1;3;9;2;5;0;0;0;0;0;0;0;0;0;0;0;0;0;0;0;0;0;0;0;0;0;0;0;0;0;0;0;0;0;0;0;0;0;0;0;0;0;0;0;0
10.07.2024;22:43;A 87;1;0;100;0;0;3;14;1;1;2;7;3;6;0;0;0;0;0;0;0;0;0;0;0;0;0;0;0;0;0;0;0;0;0;0;0;0;0;0;0;0;0;0;0;0;0;0;0;0;0;0;0;0
10.07.2024;22:42;A 87;1;2;35;1;3;0;11;1;1;1;2;0;0;1;2;1;58;0;0;0;0;0;0;0;0;0;0;0;0;0;0;0;0;0;0;0;0;0;0;0;0;0;0;0;0;0;0;0;0;0;0;0;0
10.07.2024;22:41;A 87;1;0;0;1;0;1;96;1;1;1;2;0;0;1;2;1;25;0;0;0;0;0;0;0;0;0;0;1;2;1;2;1;2;0;0;0;0;0;0;0;0;0;0;0;0;0;0;0;0;1;2;0;0
10.07.2024;22:40;A 87;1;0;36;0;0;0;0;0;0;0;0;1;2;1;1;1;74;0;0;0;0;0;0;0;0;0;0;0;0;0;0;0;0;0;0;0;0;0;0;0;0;0;0;0;0;0;0;0;0;0;0;0;0
10.07.2024;22:39;A 87;1;0;100;0;0;2;9;0;0;2;4;1;2;1;2;1;38;0;0;0;0;0;0;0;0;0;0;0;0;0;0;0;0;0;0;0;0;0;0;0;0;0;0;0;0;0;0;0;0;0;0;0;0
10.07.2024;22:38;A 87;1;4;82;3;23;0;48;0;0;0;0;0;0;0;0;0;0;0;0;0;0;0;0;0;0;0;0;0;0;0;0;0;0;0;0;0;0;0;0;0;0;0;0;0;0;0;0;0;0;0;0;0;0
10.07.2024;22:37;A 87;1;1;80;2;4;1;30;0;0;1;3;1;2;1;2;1;9;0;0;0;0;0;0;0;0;0;0;0;0;0;0;0;0;0;0;0;0;0;0;0;0;0;0;0;0;0;0;0;0;0;0;0;0
10.07.2024;22:36;A 87;1;1;5;1;2;0;64;0;0;0;0;0;0;0;0;0;100;0;0;0;0;0;0;0;0;0;0;0;0;0;0;0;0;0;0;0;0;0;0;0;0;0;0;0;0;0;0;0;0;0;0;0;0
10.07.2024;22:35;A 87;1;1;5;1;1;1;17;1;1;1;2;0;0;1;2;1;36;0;0;0;0;0;0;1;2;1;2;0;0;0;0;0;0;0;0;0;0;0;0;0;0;0;0;0;0;0;0;1;2;0;0;0;0
10.07.2024;22:34;A 87;1;1;74;1;2;0;1;1;1;0;0;1;1;0;0;0;0;0;0;0;0;1;2;0;0;0;0;0;0;0;0;0;0;0;0;0;0;0;0;0;0;0;0;0;0;0;0;0;0;0;0;0;0
10.07.2024;22:33;A 87;1;3;11;1;10;2;11;4;3;2;4;0;0;0;0;0;0;0;0;0;0;0;0;0;0;0;0;0;0;0;0;0;0;0;0;0;0;0;0;0;0;0;0;0;0;0;0;0;0;0;0;3;0
10.07.2024;22:32;A 87;1;0;100;1;56;0;0;1;2;0;0;1;1;0;0;0;0;0;0;0;0;0;0;0;0;0;0;0;0;0;0;0;0;0;0;0;0;0;0;0;0;0;0;0;0;0;0;0;0;0;0;0;0
10.07.2024;22:31;A 87;1;5;62;6;11;0;0;2;2;0;0;0;0;2;4;2;48;0;0;0;0;0;0;0;0;0;0;0;0;0;0;0;0;0;0;0;0;0;0;0;0;0;0;0;0;0;0;0;0;0;0;1;0
10.07.2024;22:30;A 87;1;1;10;1;2;2;9;2;2;2;4;2;2;0;0;0;0;0;0;0;0;0;0;0;0;0;0;0;0;0;0;0;0;0;0;0;0;0;0;0;0;0;0;0;0;0;0;0;0;0;0;0;0
10.07.2024;22:29;A 87;1;3;44;1;1;2;31;0;0;0;34;0;0;0;0;0;72;0;0;0;0;0;0;0;0;0;0;0;0;0;0;0;0;0;0;0;0;0;0;0;0;0;0;0;0;0;0;0;0;0;0;0;0
10.07.2024;22:28;A 87;1;1;95;3;7;1;72;0;0;2;65;1;1;1;2;1;5;0;0;0;0;0;0;0;0;0;0;0;0;0;0;0;0;0;0;0;0;0;0;0;0;0;0;0;0;0;0;0;0;0;0;0;0
10.07.2024;22:27;A 87;1;0;0;0;0;2;62;0;0;1;55;0;0;1;1;1;87;0;0;0;0;0;0;0;0;0;0;0;0;0;2;1;2;0;0;0;0;0;0;0;0;0;0;0;0;0;0;0;0;1;2;0;0
10.07.2024;22:26;A 87;1;0;0;0;0;4;48;3;2;5;10;0;0;0;0;0;0;0;0;0;0;0;0;0;0;0;0;1;2;1;0;0;0;0;0;0;0;0;0;0;0;0;0;0;0;0;0;0;0;0;0;0;0
10.07.2024;22:25;A 87;1;2;60;2;7;0;0;0;0;0;0;0;0;0;0;0;0;0;0;0;0;0;0;0;0;0;0;0;0;0;0;0;0;0;0;0;0;0;0;0;0;0;0;0;0;0;0;0;0;0;0;0;0
10.07.2024;22:24;A 87;1;1;1;0;0;1;14;0;0;1;2;0;0;0;0;0;24;0;0;0;0;0;0;0;0;0;0;0;0;0;0;0;0;0;0;0;0;0;0;0;0;0;0;0;0;0;0;0;0;0;0;0;0
10.07.2024;22:23;A 87;1;2;5;2;5;0;81;0;0;0;0;0;0;1;2;1;79;0;0;0;0;0;0;0;0;0;0;0;0;0;0;0;0;0;0;0;0;0;0;0;0;0;0;0;0;0;0;0;0;0;0;0;0
10.07.2024;22:22;A 87;1;1;48;2;3;1;12;1;1;1;3;0;1;0;0;0;38;0;0;0;0;0;0;0;0;0;0;0;0;0;0;0;0;0;0;0;0;0;0;0;0;0;0;0;0;0;0;0;0;0;0;0;0
10.07.2024;22:21;A 87;1;0;100;0;0;3;11;1;1;2;6;2;2;0;1;1;97;0;0;0;0;0;0;0;0;0;0;0;0;0;0;0;0;0;0;0;0;0;0;2;3;0;0;0;0;0;0;0;0;0;0;0;0
10.07.2024;22:20;A 87;1;2;63;2;2;0;100;1;1;0;0;0;0;1;0;0;55;0;0;0;0;0;0;1;2;1;2;0;0;0;0;0;0;0;0;0;0;0;0;0;0;0;0;0;0;0;0;1;2;0;0;0;0
10.07.2024;22:19;A 87;1;1;6;1;1;1;18;6;5;2;7;0;0;2;4;2;70;0;0;0;0;1;2;0;0;0;0;0;0;0;0;0;0;0;0;0;0;0;0;0;0;0;0;0;0;0;0;0;0;0;0;0;0
10.07.2024;22:18;A 87;1;2;3;2;3;2;34;1;1;0;33;2;4;0;0;0;0;0;0;0;0;0;0;0;0;0;0;0;0;0;0;0;0;0;0;0;0;0;0;0;0;0;0;0;0;0;0;0;0;0;0;0;0
10.07.2024;22:17;A 87;1;0;0;0;0;1;63;1;1;3;54;5;60;0;0;0;21;0;0;0;0;0;0;0;0;0;0;0;0;0;0;0;0;0;0;0;0;0;0;0;0;0;0;0;0;0;0;0;0;0;0;0;0
10.07.2024;22:16;A 87;1;3;17;2;22;0;0;0;0;0;0;1;1;1;2;1;16;0;0;0;0;0;0;0;0;0;0;0;0;0;0;0;0;0;0;0;0;0;0;0;0;0;0;0;0;0;0;0;0;0;0;7;26
10.07.2024;22:15;A 87;1;1;51;2;4;1;9;2;2;1;2;2;4;0;0;0;6;0;0;0;0;0;0;0;0;0;0;0;0;0;0;0;0;0;0;0;0;0;0;0;0;0;0;0;0;0;0;0;0;0;0;0;0
10.07.2024;22:14;A 87;1;1;72;0;0;0;0;0;0;0;0;0;0;1;1;1;54;0;0;0;0;0;0;0;0;0;0;0;0;0;0;0;0;0;0;0;0;0;0;0;0;0;0;0;0;0;0;0;0;0;0;0;0
10.07.2024;22:13;A 87;1;1;54;2;4;5;15;2;2;5;13;1;7;0;0;0;0;0;0;0;0;0;0;0;0;0;0;0;0;0;0;0;0;0;0;0;0;0;0;0;0;0;0;0;0;0;0;0;0;0;0;0;0
10.07.2024;22:12;A 87;1;2;30;2;4;0;0;0;0;0;0;2;3;0;0;0;0;0;0;0;0;0;0;0;0;0;0;0;0;0;0;0;0;0;0;0;0;0;0;0;0;0;0;0;0;0;0;0;0;0;0;0;0
10.07.2024;22:11;A 87;1;4;12;2;11;2;4;4;4;1;2;1;1;3;6;3;53;0;0;0;0;0;0;0;0;0;0;1;2;1;2;1;2;0;0;0;0;0;0;0;0;0;0;0;0;0;0;0;0;1;2;0;0
10.07.2024;22:10;A 87;1;0;100;1;92;2;47;2;2;3;38;0;0;0;0;0;0;0;0;0;0;0;0;0;0;0;0;0;0;0;0;0;0;0;0;0;0;0;0;0;0;0;0;0;0;0;0;0;0;0;0;0;0
10.07.2024;22:09;A 87;1;4;77;3;29;0;0;1;1;0;0;0;0;0;0;0;0;0;0;0;0;0;0;0;0;0;0;0;0;0;0;0;0;0;0;0;0;0;0;0;0;0;0;0;0;0;0;0;0;0;0;0;0
10.07.2024;22:08;A 87;1;0;100;1;38;0;0;1;1;0;0;0;0;0;0;0;0;0;0;0;0;0;0;0;0;0;0;0;0;0;0;0;0;0;0;0;0;0;0;0;0;0;0;0;0;0;0;0;0;0;0;0;0
10.07.2024;22:07;A 87;1;7;73;6;53;4;34;1;1;3;6;0;0;1;2;1;23;0;0;0;0;0;0;0;0;0;0;0;0;0;0;0;0;0;0;0;0;0;0;0;0;0;0;0;0;0;0;0;0;0;0;0;0
10.07.2024;22:06;A 87;1;1;83;3;52;1;62;1;1;2;9;1;1;0;0;0;0;0;0;0;0;0;0;1;2;1;2;0;0;0;0;0;0;0;0;0;0;0;0;0;0;0;0;0;0;0;0;1;2;0;0;0;0
10.07.2024;22:05;A 87;1;1;40;0;0;0;47;0;0;0;0;0;0;1;1;1;48;0;0;0;0;1;2;0;0;0;0;0;0;0;0;0;0;0;0;0;0;0;0;0;0;0;0;0;0;0;0;0;0;0;0;0;0
10.07.2024;22:04;A 87;1;1;74;2;4;3;29;4;3;3;8;1;3;0;0;1;10;0;0;0;0;0;0;0;0;0;0;0;0;0;0;0;0;0;0;0;0;0;0;0;0;0;0;0;0;0;0;0;0;0;0;0;0
10.07.2024;22:03;A 87;1;0;4;1;1;1;49;0;0;1;1;2;3;2;4;1;19;0;0;0;0;0;0;0;0;0;0;0;0;0;0;0;0;0;0;0;0;0;0;0;0;0;0;0;0;0;0;0;0;0;0;0;0
10.07.2024;22:02;A 87;1;1;63;1;2;5;14;1;0;5;15;1;2;0;0;0;23;0;0;0;0;0;0;0;0;0;0;0;0;0;0;0;0;0;0;0;0;0;0;0;0;0;0;0;0;0;0;0;0;0;0;0;0
10.07.2024;22:01;A 87;1;0;68;0;0;4;89;0;0;3;86;1;1;0;0;0;100;0;0;0;0;0;0;0;0;0;0;0;0;0;0;0;0;0;0;0;0;0;0;0;0;0;0;0;0;0;0;0;0;0;0;0;0
10.07.2024;22:00;A 87;1;4;63;2;5;2;9;2;2;2;6;2;4;1;2;1;13;0;0;0;0;0;0;0;0;0;0;0;0;0;0;0;0;0;0;0;0;0;0;0;0;0;0;0;0;0;0;0;0;0;0;1;1
10.07.2024;21:59;A 87;1;0;100;2;10;2;95;0;1;2;92;1;1;0;0;0;0;0;0;0;0;0;0;0;0;0;0;0;0;0;0;0;0;0;0;0;0;0;0;0;0;0;0;0;0;0;0;0;0;0;0;0;0
10.07.2024;21:58;A 87;1;1;38;1;2;0;20;2;1;1;2;1;2;0;0;0;61;0;0;0;0;0;0;0;0;0;0;0;0;0;0;0;0;0;0;0;0;0;0;0;0;0;0;0;0;0;0;0;0;0;0;0;0
10.07.2024;21:57;A 87;1;0;100;0;0;5;48;2;2;5;16;1;2;1;2;1;58;0;0;0;0;0;0;0;0;0;0;1;2;1;2;1;2;0;0;0;0;0;0;0;0;0;0;0;0;0;0;0;0;1;2;0;0
10.07.2024;21:56;A 87;1;3;45;3;6;0;29;0;0;0;0;0;0;0;0;0;0;0;0;0;0;0;0;0;0;0;0;0;0;0;0;0;0;0;0;0;0;0;0;0;0;0;0;0;0;0;0;0;0;0;0;1;1
10.07.2024;21:55;A 87;1;1;97;0;0;1;51;3;3;1;2;1;1;0;0;0;0;0;0;0;0;0;0;0;0;0;0;0;0;0;0;0;0;0;0;0;0;0;0;0;0;0;0;0;0;0;0;0;0;0;0;0;0
10.07.2024;21:54;A 87;1;1;57;1;2;1;48;0;0;0;44;0;0;1;92;3;93;0;0;0;0;0;0;0;0;0;0;0;0;0;0;0;0;0;0;0;0;0;0;0;0;0;0;0;0;0;0;0;0;0;0;0;0
10.07.2024;21:53;A 87;1;1;92;2;4;4;39;0;0;5;25;2;22;3;56;1;63;0;0;0;0;0;0;0;0;0;0;0;0;0;0;0;0;0;0;0;0;0;0;0;0;0;0;0;0;0;0;0;0;0;0;0;0
10.07.2024;21:52;A 87;1;1;71;1;1;4;69;0;0;3;9;3;5;1;0;0;0;0;0;0;0;0;0;0;0;0;0;0;0;0;0;0;0;0;0;0;0;0;0;0;0;0;0;0;0;0;0;0;0;0;0;0;0
10.07.2024;21:51;A 87;1;3;48;1;3;1;31;0;0;2;7;0;0;0;0;1;41;0;0;0;0;0;0;0;0;1;2;0;0;0;0;0;0;0;0;0;0;1;1;2;3;0;0;0;0;0;0;1;2;0;0;0;0
10.07.2024;21:50;A 87;1;0;98;2;41;0;0;1;2;0;0;4;28;1;3;0;100;0;0;0;0;1;2;1;2;0;0;0;0;0;0;0;0;0;0;0;0;0;0;0;0;0;0;0;0;0;0;0;0;0;0;0;0
10.07.2024;21:49;A 87;1;3;67;1;8;1;13;2;2;1;3;3;19;1;2;1;76;0;0;0;0;0;0;0;0;0;0;0;0;0;0;0;0;0;0;0;0;0;0;0;0;0;0;0;0;0;0;0;0;0;0;0;0
10.07.2024;21:48;A 87;1;0;84;2;58;1;2;2;2;1;1;1;31;1;2;1;60;0;0;0;0;0;0;0;0;0;0;0;0;0;0;0;0;0;0;0;0;0;0;0;0;0;0;0;0;0;0;0;0;0;0;0;0
10.07.2024;21:47;A 87;1;3;58;2;25;2;11;0;0;2;4;2;3;0;0;0;0;0;0;0;0;0;0;0;0;0;0;0;0;0;0;0;0;0;0;0;0;0;0;0;0;0;0;0;0;0;0;0;0;0;0;1;1
10.07.2024;21:46;A 87;1;1;98;2;25;0;0;1;1;0;0;0;0;0;0;0;0;0;0;0;0;0;0;0;0;0;0;0;0;0;0;0;0;0;0;0;0;0;0;0;0;0;0;0;0;0;0;0;0;0;0;0;0
10.07.2024;21:45;A 87;1;3;43;3;5;0;0;0;0;0;0;0;0;0;0;0;0;0;0;0;0;0;0;0;0;0;0;0;0;0;0;0;0;0;0;0;0;0;0;0;0;0;0;0;0;0;0;0;0;0;0;0;0
10.07.2024;21:44;A 87;1;1;26;2;4;5;14;0;0;5;7;1;1;1;1;0;0;0;0;0;0;0;0;0;0;0;0;0;0;0;0;0;0;0;0;0;0;0;0;0;0;0;0;0;0;0;0;0;0;0;0;0;0
10.07.2024;21:43;A 87;1;1;56;1;2;3;11;0;0;1;46;1;1;0;0;0;0;0;0;0;0;0;0;0;0;0;0;0;0;0;0;0;0;0;0;0;0;0;0;0;0;0;0;0;0;0;0;0;0;0;0;0;0
10.07.2024;21:42;A 87;1;1;43;1;2;0;0;3;2;2;33;1;2;1;2;1;22;0;0;0;0;0;0;0;0;0;0;0;0;0;0;0;0;0;0;0;0;0;0;0;0;0;0;0;0;0;0;0;0;0;0;0;0
10.07.2024;21:41;A 87;1;0;83;0;0;3;66;0;0;2;66;0;0;0;0;0;0;0;0;0;0;0;0;0;0;0;0;0;0;0;0;0;0;0;0;0;0;0;0;0;0;0;0;0;0;0;0;0;0;0;0;0;0
10.07.2024;21:40;A 87;1;2;49;1;1;1;13;0;0;2;13;0;0;0;0;0;0;0;0;0;0;0;0;0;0;0;0;0;0;1;2;1;2;0;0;0;0;0;0;0;0;0;0;0;0;0;0;0;0;1;2;0;0
10.07.2024;21:39;A 87;1;1;88;2;4;1;79;0;0;0;0;1;4;0;0;0;0;0;0;0;0;0;0;0;0;0;0;1;2;0;0;0;0;0;0;0;0;0;0;0;0;0;0;0;0;0;0;0;0;0;0;0;0
10.07.2024;21:38;A 87;1;5;68;3;11;1;12;0;0;2;7;1;2;1;45;3;45;0;0;0;0;0;0;0;0;0;0;0;0;0;0;0;0;0;0;0;0;0;0;0;0;0;0;0;0;0;0;0;0;0;0;0;0
10.07.2024;21:37;A 87;1;1;78;3;63;1;94;2;1;0;0;0;0;2;70;0;100;0;0;0;0;0;0;0;0;0;0;0;0;0;0;0;0;0;0;0;0;0;0;0;0;0;0;0;0;0;0;0;0;0;0;0;0
10.07.2024;21:36;A 87;1;7;30;5;29;8;62;0;0;8;15;0;0;1;2;1;9;0;0;0;0;0;0;1;2;1;2;0;0;0;0;0;0;0;0;0;0;0;0;0;0;0;0;0;0;0;0;1;2;0;0;0;0
10.07.2024;21:35;A 87;1;0;100;1;92;1;85;4;4;3;11;0;0;1;1;1;8;0;0;0;0;1;2;0;0;0;0;0;0;0;0;0;0;0;0;0;0;0;0;0;0;0;0;0;0;0;0;0;0;0;0;0;0
10.07.2024;21:34;A 87;1;3;40;4;7;0;0;0;0;0;0;2;4;0;0;0;0;0;0;0;0;0;0;0;0;0;0;0;0;0;0;0;0;0;0;0;0;0;0;0;0;0;0;0;0;0;0;0;0;0;0;0;0
10.07.2024;21:33;A 87;1;0;0;0;0;3;10;3;3;3;11;0;0;0;0;0;0;0;0;0;0;0;0;0;0;0;0;0;0;0;0;0;0;0;0;0;0;0;0;0;0;0;0;0;0;0;0;0;0;0;0;0;0
10.07.2024;21:32;A 87;1;4;61;2;22;5;53;0;0;4;52;0;0;0;0;0;87;0;0;0;0;0;0;0;0;0;0;0;0;0;0;0;0;0;0;0;0;0;0;0;0;0;0;0;0;0;0;0;0;0;0;0;0
10.07.2024;21:31;A 87;1;2;90;3;32;1;17;3;3;2;65;1;3;2;3;2;20;0;0;0;0;0;0;0;0;0;0;0;0;0;0;0;0;0;0;0;0;0;0;0;0;0;0;0;0;0;0;0;0;0;0;0;0
10.07.2024;21:30;A 87;1;7;84;6;84;0;0;0;0;0;0;3;5;0;0;0;0;0;0;0;0;0;0;0;0;0;0;0;0;0;0;0;0;0;0;0;0;0;0;0;0;0;0;0;0;0;0;0;0;0;0;2;3
10.07.2024;21:29;A 87;1;1;68;3;31;0;0;2;2;0;0;1;1;0;0;0;0;0;0;0;0;0;0;0;0;0;0;0;0;0;0;0;0;0;0;0;0;0;0;0;0;0;0;0;0;0;0;0;0;0;0;0;0
10.07.2024;21:28;A 87;1;1;87;0;0;0;78;0;0;0;0;1;1;0;0;0;0;0;0;0;0;0;0;0;0;0;0;0;0;0;0;0;0;0;0;0;0;0;0;0;0;0;0;0;0;0;0;0;0;0;0;0;0
10.07.2024;21:27;A 87;1;2;21;2;4;3;34;1;1;2;35;0;0;0;0;0;58;0;0;0;0;0;0;0;0;0;0;0;0;0;0;1;2;0;0;0;0;0;0;0;0;0;0;0;0;0;0;0;0;0;0;0;0
10.07.2024;21:26;A 87;1;1;70;2;3;3;64;1;1;3;58;1;1;1;1;1;28;0;0;0;0;0;0;0;0;0;0;1;2;1;2;0;0;0;0;0;0;0;0;0;0;0;0;0;0;0;0;0;0;1;2;0;0
10.07.2024;21:25;A 87;1;4;9;0;0;2;31;0;0;2;5;1;2;1;2;1;59;0;0;0;0;0;0;0;0;0;0;0;0;0;0;0;0;0;0;0;0;0;0;0;0;0;0;0;0;0;0;0;0;0;0;0;0
10.07.2024;21:24;A 87;1;0;100;1;6;1;61;0;0;2;7;0;0;1;2;1;35;0;0;0;0;0;0;0;0;0;0;0;0;0;0;0;0;0;0;0;0;0;0;0;0;0;0;0;0;0;0;0;0;0;0;0;0
10.07.2024;21:23;A 87;1;2;65;3;5;9;45;0;0;8;43;0;0;0;0;0;0;0;0;0;0;0;0;0;0;0;0;0;0;0;0;0;0;0;0;0;0;0;0;0;0;0;0;0;0;0;0;0;0;0;0;0;0
10.07.2024;21:22;A 87;1;1;37;1;2;1;62;4;3;2;62;3;3;1;6;3;6;0;0;0;0;0;0;0;0;0;0;0;0;0;0;0;0;0;0;0;0;0;0;0;0;0;0;0;0;0;0;0;0;0;0;0;0
10.07.2024;21:21;A 87;1;7;65;5;13;5;54;1;1;3;54;0;0;0;100;0;100;0;0;0;0;0;0;0;0;0;0;0;0;0;0;0;0;0;0;0;0;0;0;1;1;0;0;0;0;0;0;1;2;0;0;0;0
10.07.2024;21:20;A 87;1;1;63;5;21;1;63;1;1;2;60;1;4;3;9;1;69;0;0;0;0;0;0;1;2;1;2;0;0;0;0;0;0;0;0;0;0;0;0;0;0;0;0;0;0;0;0;0;0;0;0;0;0
10.07.2024;21:19;A 87;1;4;79;3;60;0;0;0;0;0;0;1;2;0;0;0;0;0;0;0;0;1;2;0;0;0;0;0;0;0;0;0;0;0;0;0;0;0;0;0;0;0;0;0;0;0;0;0;0;0;0;0;0
10.07.2024;21:18;A 87;1;1;82;2;6;4;23;0;0;4;15;0;0;0;0;0;20;0;0;0;0;0;0;0;0;0;0;0;0;0;0;0;0;0;0;0;0;0;0;0;0;0;0;0;0;0;0;0;0;0;0;0;0
10.07.2024;21:17;A 87;1;2;43;2;4;0;0;0;0;0;0;0;0;1;3;1;41;0;0;0;0;0;0;0;0;0;0;0;0;0;0;0;0;0;0;0;0;0;0;0;0;0;0;0;0;0;0;0;0;0;0;0;0
10.07.2024;21:16;A 87;1;1;12;1;2;1;9;3;4;1;2;1;2;0;0;0;38;0;0;0;0;0;0;0;0;0;0;0;0;0;0;0;0;0;0;0;0;0;0;0;0;0;0;0;0;0;0;0;0;0;0;0;0
10.07.2024;21:15;A 87;1;1;11;1;2;2;56;0;0;2;10;2;5;1;1;1;43;0;0;0;0;0;0;0;0;0;0;0;0;0;0;0;0;0;0;0;0;0;0;1;1;0;0;0;0;0;0;0;0;0;0;0;0
10.07.2024;21:14;A 87;1;0;18;0;0;1;12;2;1;2;3;0;0;1;2;1;14;0;0;0;0;0;0;0;0;0;0;0;0;0;0;0;0;0;0;0;0;0;0;0;0;0;0;0;0;0;0;0;0;0;0;0;0
10.07.2024;21:13;A 87;1;1;15;1;1;3;74;2;3;2;4;1;1;1;1;0;25;0;0;0;0;0;0;0;0;0;0;0;0;0;0;1;2;0;0;0;0;0;0;0;0;0;0;0;0;0;0;0;0;0;0;0;0
10.07.2024;21:12;A 87;1;3;48;1;47;0;99;0;0;0;0;1;2;0;0;0;100;0;0;0;0;0;0;0;0;0;0;1;2;1;2;0;0;0;0;0;0;0;0;0;0;0;0;0;0;0;0;0;0;1;2;0;0
10.07.2024;21:11;A 87;1;1;81;3;32;1;27;4;9;2;9;2;5;1;2;1;8;0;0;0;0;0;0;0;0;0;0;0;0;0;0;0;0;0;0;0;0;1;1;1;3;0;0;0;0;0;0;0;0;0;0;0;0
10.07.2024;21:10;A 87;1;5;57;4;15;2;49;0;0;0;49;1;1;0;0;0;0;0;0;0;0;0;0;0;0;0;0;0;0;0;0;0;0;0;0;0;0;0;0;0;0;0;0;0;0;0;0;0;0;0;0;0;0
10.07.2024;21:09;A 87;1;3;79;3;4;1;49;1;1;3;37;1;1;0;0;0;0;0;0;0;0;0;0;0;0;0;0;0;0;0;0;0;0;0;0;0;0;0;0;0;0;0;0;0;0;0;0;0;0;0;0;1;0
10.07.2024;21:08;A 87;1;7;83;6;14;3;68;1;1;2;5;1;1;1;0;0;0;0;0;0;0;0;0;0;0;0;0;0;0;0;0;0;0;0;0;0;0;0;0;0;0;0;0;0;0;0;0;0;0;0;0;0;0
10.07.2024;21:07;A 87;1;3;88;4;9;1;17;1;1;2;6;2;5;0;27;2;32;0;0;0;0;0;0;0;0;0;0;0;0;0;0;0;0;0;0;0;0;0;0;0;0;0;0;0;0;0;0;0;0;0;0;0;0
10.07.2024;21:06;A 87;1;3;90;2;95;1;62;1;1;1;2;2;32;3;43;1;74;0;0;0;0;0;0;0;0;0;0;0;0;0;0;0;0;0;0;0;0;0;0;0;0;0;0;0;0;0;0;0;0;0;0;0;0
10.07.2024;21:05;A 87;1;8;43;8;37;6;30;4;3;5;8;1;61;0;0;0;0;0;0;0;0;0;0;0;0;0;0;0;0;0;0;0;0;0;0;0;0;0;0;0;0;0;0;0;0;0;0;1;2;0;0;0;0
10.07.2024;21:04;A 87;1;0;100;1;57;1;92;0;0;2;16;2;4;0;0;0;0;0;0;0;0;0;0;1;2;1;2;0;0;0;0;0;0;0;0;0;0;0;0;0;0;0;0;0;0;0;0;0;0;0;0;0;0
10.07.2024;21:03;A 87;1;5;50;3;33;3;23;3;2;2;5;1;2;0;0;0;0;0;0;0;0;1;2;0;0;0;0;0;0;0;0;0;0;0;0;0;0;0;0;0;0;0;0;0;0;0;0;0;0;0;0;2;0
10.07.2024;21:02;A 87;1;1;67;4;34;1;88;0;0;2;9;1;1;0;0;0;0;0;0;0;0;0;0;0;0;0;0;0;0;0;0;0;0;0;0;0;0;0;0;0;0;0;0;0;0;0;0;0;0;0;0;0;0
10.07.2024;21:01;A 87;1;7;49;5;49;0;0;0;0;0;0;1;2;1;1;2;87;0;0;0;0;0;0;0;0;0;0;0;0;0;0;0;0;0;0;0;0;0;0;0;0;0;0;0;0;0;0;0;0;0;0;1;1
10.07.2024;21:00;A 87;1;0;100;2;48;5;16;4;3;5;8;1;32;2;3;1;62;0;0;0;0;0;0;0;0;0;0;0;0;0;0;0;0;0;0;0;0;0;0;0;0;0;0;0;0;0;0;0;0;0;0;0;0
10.07.2024;20:59;A 87;1;6;63;4;62;5;53;0;0;3;55;2;4;0;0;0;0;0;0;0;0;0;0;0;0;0;0;0;0;0;0;0;0;0;0;0;0;0;0;0;0;0;0;0;0;0;0;0;0;0;0;0;0
10.07.2024;20:58;A 87;1;1;99;2;62;1;56;1;1;3;49;1;88;0;0;0;0;0;0;0;0;0;0;0;0;0;0;0;0;0;0;0;0;0;0;0;0;0;0;0;0;0;0;0;0;0;0;0;0;0;0;0;0
10.07.2024;20:57;A 87;1;1;25;2;3;10;78;0;0;9;19;4;23;0;0;0;0;0;0;0;0;0;0;0;0;0;0;0;0;0;0;0;0;0;0;0;0;0;0;0;0;0;0;0;0;0;0;0;0;0;0;0;0
10.07.2024;20:56;A 87;1;1;8;0;0;1;38;4;5;2;6;3;73;0;0;0;0;0;0;0;0;0;0;0;0;0;0;0;0;1;2;1;2;0;0;0;0;0;0;0;0;0;0;0;0;0;0;0;0;1;2;0;0
10.07.2024;20:55;A 87;1;2;66;3;20;0;89;1;1;0;0;3;26;0;0;0;0;0;0;0;0;0;0;1;2;1;2;1;2;0;0;0;0;0;0;0;0;0;0;0;0;0;0;0;0;0;0;1;2;0;0;0;0
10.07.2024;20:54;A 87;1;4;10;1;8;7;33;1;1;6;12;2;45;1;2;1;23;0;0;0;0;1;2;0;0;0;0;0;0;0;0;0;0;0;0;0;0;0;0;0;0;0;0;0;0;0;0;0;0;0;0;0;0
10.07.2024;20:53;A 87;1;0;100;2;50;2;94;4;4;2;13;2;4;0;0;0;0;0;0;0;0;0;0;0;0;0;0;0;0;0;0;0;0;0;0;0;0;0;0;0;0;0;0;0;0;0;0;0;0;0;0;0;0
10.07.2024;20:52;A 87;1;2;35;2;3;0;0;0;0;1;3;2;1;2;4;2;19;0;0;0;0;0;0;0;0;0;0;0;0;0;0;0;0;0;0;0;0;0;0;0;0;0;0;0;0;0;0;0;0;0;0;0;0
10.07.2024;20:51;A 87;1;1;63;2;3;4;25;0;0;4;12;2;8;0;0;0;0;0;0;0;0;0;0;0;0;0;0;0;0;0;0;0;0;0;0;0;0;0;0;0;0;0;0;0;0;0;0;0;0;0;0;0;0
10.07.2024;20:50;A 87;1;5;48;3;47;0;0;0;0;0;0;2;2;2;3;1;37;0;0;0;0;0;0;0;0;0;0;0;0;0;0;0;0;0;0;0;0;0;0;0;0;0;0;0;0;0;0;0;0;0;0;0;0
10.07.2024;20:49;A 87;1;0;100;2;23;4;18;0;0;4;13;2;21;0;0;0;0;0;0;0;0;0;0;0;0;0;0;0;0;0;0;0;0;0;0;0;0;0;0;0;0;0;0;0;0;0;0;0;0;0;0;0;0
10.07.2024;20:48;A 87;1;2;79;1;2;6;57;0;0;5;10;2;2;0;0;0;88;0;0;0;0;0;0;0;0;0;0;0;0;0;0;0;0;0;0;0;0;0;0;0;0;0;0;0;0;0;0;0;0;0;0;0;0
10.07.2024;20:47;A 87;1;1;73;2;4;1;60;4;3;2;5;3;8;2;7;3;72;0;0;0;0;0;0;0;0;0;0;0;0;0;0;0;0;0;0;1;1;0;0;0;0;0;0;0;0;0;0;0;0;0;0;7;4
10.07.2024;20:46;A 87;1;3;78;2;76;4;76;15;28;3;77;0;0;1;2;0;100;0;0;0;0;0;0;1;2;1;2;1;2;1;2;1;2;0;0;0;0;0;0;0;0;0;0;0;0;0;0;1;2;1;2;0;0
10.07.2024;20:45;A 87;1;1;49;2;5;1;18;6;5;2;5;1;2;1;1;2;32;0;0;0;0;0;0;0;0;0;0;0;0;0;0;0;0;0;0;0;0;0;0;0;0;0;0;0;0;0;0;0;0;0;0;0;0
10.07.2024;20:44;A 87;1;2;93;1;60;0;0;0;0;0;0;1;1;0;0;0;100;0;0;0;0;1;2;0;0;0;0;0;0;0;0;0;0;0;0;0;0;0;0;0;0;0;0;0;0;0;0;0;0;0;0;0;0
10.07.2024;20:43;A 87;1;3;80;4;7;3;8;0;0;2;18;1;1;2;4;1;86;0;0;0;0;0;0;0;0;0;0;0;0;0;0;0;0;0;0;0;0;0;0;0;0;0;0;0;0;0;0;0;0;0;0;0;0
10.07.2024;20:42;A 87;1;1;17;1;2;1;80;0;0;2;6;1;36;0;0;0;100;0;0;0;0;0;0;0;0;0;0;0;0;0;0;0;0;0;0;0;0;0;0;0;0;0;0;0;0;0;0;0;0;0;0;0;0
10.07.2024;20:41;A 87;1;0;21;0;0;3;21;3;2;2;17;2;4;1;2;2;68;0;0;0;0;0;0;0;0;0;0;0;0;0;0;0;0;0;0;0;0;0;0;0;0;0;0;0;0;0;0;0;0;0;0;0;0
10.07.2024;20:40;A 87;1;1;23;1;2;4;63;5;5;5;60;2;52;2;3;1;33;0;0;0;0;0;0;0;0;0;0;0;0;0;0;0;0;0;0;0;0;0;0;0;0;0;0;0;0;0;0;0;0;0;0;0;0
10.07.2024;20:39;A 87;1;3;43;1;41;1;33;0;0;0;30;2;5;1;3;1;76;0;0;0;0;0;0;0;0;0;0;0;0;0;0;0;0;0;0;0;0;0;0;0;0;0;0;0;0;0;0;0;0;0;0;0;0
10.07.2024;20:38;A 87;1;1;75;3;6;1;60;3;2;2;61;0;0;1;2;1;6;0;0;0;0;0;0;0;0;0;0;0;0;0;0;0;0;0;0;0;0;0;0;0;0;0;0;0;0;0;0;0;0;0;0;0;0
10.07.2024;20:37;A 87;1;1;35;1;2;8;18;0;0;6;58;2;3;1;2;1;5;0;0;0;0;0;0;0;0;0;0;0;0;0;0;0;0;0;0;0;0;0;0;0;0;0;0;0;0;0;0;0;0;0;0;0;0
10.07.2024;20:36;A 87;1;0;0;0;0;1;48;2;3;2;52;0;0;2;4;2;33;0;0;0;0;0;0;0;0;0;0;0;0;0;0;0;0;0;0;0;0;0;0;0;0;0;0;0;0;0;0;0;0;0;0;0;0
10.07.2024;20:35;A 87;1;6;82;5;68;7;76;0;0;6;11;0;0;0;0;0;0;0;0;0;0;0;0;1;2;1;2;0;0;0;0;1;2;0;0;0;0;0;0;0;0;0;0;0;0;0;0;1;2;1;2;2;0
10.07.2024;20:34;A 87;1;1;69;2;3;1;34;2;2;2;6;1;2;1;1;1;26;0;0;0;0;1;2;0;0;0;0;1;2;1;2;0;0;0;0;0;0;0;0;0;0;0;0;0;0;0;0;0;0;0;0;0;0
10.07.2024;20:33;A 87;1;3;93;2;81;3;85;0;0;1;86;1;1;0;0;0;0;0;0;0;0;0;0;0;0;0;0;0;0;0;0;0;0;0;0;0;0;0;0;0;0;0;0;0;0;0;0;0;0;0;0;0;0
10.07.2024;20:32;A 87;1;1;32;2;4;6;20;3;3;5;16;0;0;0;0;0;40;0;0;0;0;0;0;0;0;0;0;0;0;0;0;0;0;0;0;0;0;0;0;0;0;0;0;0;0;0;0;0;0;0;0;0;0
10.07.2024;20:31;A 87;1;0;100;0;0;7;80;5;5;8;80;3;4;1;1;1;13;0;0;0;0;0;0;0;0;0;0;0;0;0;0;0;0;0;0;0;0;0;0;0;0;0;0;0;0;0;0;0;0;0;0;12;5
10.07.2024;20:30;A 87;1;1;36;1;1;1;14;1;1;1;3;1;1;2;4;2;34;0;0;0;0;0;0;0;0;0;0;0;0;0;0;0;0;0;0;0;0;0;0;0;0;0;0;0;0;0;0;0;0;0;0;0;0
10.07.2024;20:29;A 87;1;1;50;1;2;1;77;2;2;2;13;0;0;0;0;0;0;0;0;0;0;0;0;0;0;0;0;0;0;0;0;0;0;0;0;0;0;0;0;0;0;0;0;0;0;0;0;0;0;0;0;0;0
10.07.2024;20:28;A 87;1;2;39;2;2;6;45;0;0;4;45;2;4;0;0;1;75;0;0;0;0;0;0;0;0;0;0;0;0;0;0;0;0;0;0;0;0;0;0;0;0;0;0;0;0;0;0;0;0;0;0;1;0
10.07.2024;20:27;A 87;1;1;96;0;0;1;65;5;6;3;42;2;3;2;4;1;76;0;0;0;0;0;0;0;0;0;0;0;0;1;2;1;2;0;0;0;0;0;0;0;0;0;0;0;0;0;0;0;0;1;2;0;0
10.07.2024;20:26;A 87;1;6;14;4;65;5;58;0;0;3;57;1;3;0;0;0;96;0;0;0;0;0;0;0;0;0;0;1;2;0;0;0;0;0;0;0;0;0;0;0;0;0;0;0;0;0;0;0;0;0;0;0;0
10.07.2024;20:25;A 87;1;3;5;5;31;2;54;7;6;3;34;3;82;1;1;1;38;0;0;0;0;0;0;1;2;1;2;0;0;0;0;0;0;0;0;0;0;0;0;0;0;0;0;0;0;0;0;1;2;0;0;0;0
10.07.2024;20:24;A 87;1;7;81;6;13;7;80;1;1;6;81;0;0;1;2;1;87;0;0;0;0;1;2;0;0;0;0;0;0;0;0;0;0;0;0;0;0;0;0;0;0;0;0;0;0;0;0;0;0;0;0;0;0
10.07.2024;20:23;A 87;1;7;74;8;18;3;32;2;2;4;29;0;0;0;0;0;0;0;0;0;0;0;0;0;0;0;0;0;0;0;0;0;0;0;0;0;0;0;0;0;0;0;0;0;0;0;0;0;0;0;0;0;0
10.07.2024;20:22;A 87;1;2;89;2;97;7;77;1;1;7;76;2;6;0;0;0;0;0;0;0;0;0;0;0;0;0;0;0;0;0;0;0;0;0;0;0;0;0;0;0;0;0;0;0;0;0;0;0;0;0;0;0;0
10.07.2024;20:21;A 87;1;2;35;2;9;3;12;0;0;3;4;1;5;0;0;0;0;0;0;0;0;0;0;0;0;0;0;0;0;0;0;0;0;0;0;0;0;0;0;0;0;0;0;0;0;0;0;0;0;0;0;0;0
10.07.2024;20:20;A 87;1;0;100;1;2;1;96;4;3;1;3;1;2;0;0;0;0;0;0;0;0;0;0;0;0;0;0;0;0;0;0;0;0;0;0;0;0;0;0;0;0;0;0;0;0;0;0;0;0;0;0;0;0
10.07.2024;20:19;A 87;1;6;46;5;26;11;78;1;1;10;51;0;0;1;1;1;47;0;0;0;0;0;0;0;0;0;0;0;0;0;0;0;0;0;0;0;0;0;0;0;0;0;0;0;0;0;0;1;2;0;0;0;0
10.07.2024;20:18;A 87;1;0;0;1;2;1;99;6;5;2;80;0;0;0;0;0;0;0;0;0;0;1;2;1;2;1;2;0;0;0;0;0;0;0;0;0;0;0;0;0;0;0;0;0;0;0;0;0;0;0;0;0;0
10.07.2024;20:17;A 87;1;6;46;3;50;3;34;1;0;2;36;0;0;1;2;1;27;0;0;0;0;0;0;0;0;0;0;0;0;0;0;0;0;0;0;0;0;0;0;0;0;0;0;0;0;0;0;0;0;0;0;0;0
10.07.2024;20:16;A 87;1;1;92;4;54;1;69;5;6;3;48;1;3;1;23;3;21;0;0;0;0;0;0;0;0;0;0;0;0;0;0;0;0;0;0;0;0;0;0;0;0;0;0;0;0;0;0;0;0;0;0;0;0
10.07.2024;20:15;A 87;1;10;75;8;79;5;11;0;0;3;62;2;1;1;7;0;100;0;0;0;0;0;0;0;0;0;0;0;0;0;0;1;2;0;0;0;0;0;0;0;0;0;0;0;0;0;0;0;0;1;2;0;0
10.07.2024;20:14;A 87;1;1;88;3;82;0;0;6;4;2;48;1;5;2;16;3;94;0;0;0;0;0;0;0;0;0;0;1;2;1;2;0;0;0;0;0;0;0;0;0;0;0;0;0;0;0;0;0;0;0;0;0;0
10.07.2024;20:13;A 87;1;4;78;2;77;4;60;0;0;3;11;1;2;2;81;0;100;0;0;0;0;0;0;0;0;0;0;0;0;0;0;0;0;0;0;0;0;0;0;0;0;0;0;0;0;0;0;0;0;0;0;0;0
10.07.2024;20:12;A 87;1;5;71;6;67;1;34;3;3;2;7;1;3;1;39;3;62;0;0;0;0;0;0;0;0;0;0;0;0;0;0;0;0;0;0;0;0;0;0;0;0;0;0;0;0;0;0;0;0;0;0;0;0
10.07.2024;20:11;A 87;1;4;91;5;13;5;84;0;0;4;81;1;2;3;21;1;76;0;0;0;0;0;0;0;0;0;0;0;0;0;0;0;0;0;0;0;0;0;0;1;3;0;0;0;0;0;0;0;0;0;0;0;0
10.07.2024;20:10;A 87;1;5;60;3;13;6;17;2;2;6;12;2;5;0;0;0;0;0;0;0;0;0;0;0;0;0;0;0;0;0;0;0;0;0;0;0;0;2;2;0;0;0;0;0;0;0;0;0;0;0;0;1;0
10.07.2024;20:09;A 87;1;0;100;2;50;2;94;2;2;2;85;2;42;0;0;0;0;0;0;0;0;0;0;0;0;0;0;0;0;0;0;0;0;0;0;0;0;0;0;0;0;0;0;0;0;0;0;0;0;0;0;0;0
10.07.2024;20:08;A 87;1;8;40;6;27;4;18;1;1;3;19;3;45;2;4;2;34;0;0;0;0;0;0;0;0;0;0;0;0;0;0;0;0;0;0;0;0;0;0;0;0;0;0;0;0;0;0;0;0;0;0;0;0
10.07.2024;20:07;A 87;1;0;100;0;100;1;78;4;3;3;68;2;2;0;0;0;0;0;0;0;0;0;0;0;0;0;0;0;0;0;0;0;0;0;0;0;0;0;0;0;0;0;0;0;0;0;0;0;0;0;0;0;0
10.07.2024;20:06;A 87;1;7;64;7;61;3;35;0;0;1;34;1;2;0;0;0;81;0;0;0;0;0;0;0;0;0;0;0;0;0;0;0;0;0;0;0;0;0;0;0;0;0;0;0;0;0;0;1;2;0;0;9;5
10.07.2024;20:05;A 87;1;2;43;4;36;0;100;3;2;2;51;2;3;1;2;1;76;0;0;0;0;0;0;1;2;1;2;0;0;1;2;1;2;0;0;0;0;0;0;0;0;0;0;0;0;0;0;0;0;1;2;7;2
10.07.2024;20:04;A 87;1;9;68;7;69;5;6;2;3;5;6;1;1;0;0;0;100;0;0;0;0;1;2;0;0;0;0;1;2;0;0;0;0;0;0;0;0;0;0;0;0;0;0;0;0;0;0;0;0;0;0;2;0
10.07.2024;20:03;A 87;1;2;95;3;94;0;0;0;0;0;0;1;1;1;2;1;16;0;0;0;0;0;0;0;0;0;0;0;0;0;0;0;0;0;0;0;0;0;0;0;0;0;0;0;0;0;0;0;0;0;0;0;0
10.07.2024;20:02;A 87;1;7;32;5;87;4;20;4;5;4;8;0;0;0;0;0;0;0;0;0;0;0;0;0;0;0;0;0;0;0;0;0;0;0;0;0;0;0;0;0;0;0;0;0;0;0;0;0;0;0;0;1;0
10.07.2024;20:01;A 87;1;1;95;0;100;0;0;0;0;0;0;2;2;1;0;0;0;0;0;0;0;0;0;0;0;0;0;0;0;0;0;0;0;0;0;0;0;0;0;0;0;0;0;0;0;0;0;0;0;0;0;0;0
10.07.2024;17:11;A 87;1;2;92;2;95;9;76;3;3;10;77;11;41;2;5;0;100;0;0;0;0;0;0;0;0;0;0;0;0;0;0;0;0;0;0;0;0;0;0;0;0;0;0;0;0;0;0;0;0;0;0;0;0
10.07.2024;17:10;A 87;1;5;59;6;54;2;2;4;3;2;3;1;55;1;1;1;89;0;0;0;0;0;0;0;0;0;0;0;0;0;0;0;0;0;0;0;0;0;0;0;0;0;0;0;0;0;0;0;0;0;0;2;0
10.07.2024;17:09;A 87;1;3;92;2;94;7;37;5;4;7;9;4;25;1;1;1;76;0;0;0;0;0;0;0;0;0;0;0;0;0;0;0;0;0;0;0;0;1;1;0;0;0;0;0;0;0;0;0;0;0;0;1;82
10.07.2024;17:08;A 87;1;11;74;12;27;1;11;5;5;1;2;3;92;1;49;3;49;0;0;0;0;0;0;0;0;0;0;0;0;0;0;0;0;0;0;0;0;0;0;0;0;0;0;0;0;0;0;0;0;0;0;5;52
10.07.2024;17:07;A 87;1;3;93;2;93;5;79;3;4;4;74;5;31;3;82;1;80;0;0;0;0;0;0;0;0;0;0;0;0;0;0;0;0;0;0;0;0;0;0;0;0;0;0;0;0;0;0;0;0;0;0;0;84
10.07.2024;17:06;A 87;1;2;84;3;82;7;82;5;4;7;11;2;27;1;26;3;26;0;0;0;0;0;0;0;0;0;0;0;0;0;0;1;2;0;0;0;0;0;0;0;0;0;0;0;0;0;0;0;0;0;0;4;48
10.07.2024;17:05;A 87;1;4;90;3;93;6;88;6;6;6;82;10;38;1;45;0;100;0;0;0;0;0;0;1;2;1;2;1;2;1;2;0;0;0;0;0;0;0;0;0;0;0;0;0;0;0;0;1;2;1;2;1;1
10.07.2024;17:04;A 87;1;3;69;3;9;1;6;2;2;2;6;2;69;6;37;7;82;0;0;0;0;1;2;0;0;0;0;0;0;0;0;0;0;0;0;0;0;0;0;0;0;0;0;0;0;0;0;0;0;0;0;0;0
10.07.2024;17:03;A 87;1;3;92;3;93;7;77;6;4;7;74;1;1;0;100;0;100;0;0;0;0;0;0;0;0;0;0;0;0;0;0;0;0;0;0;0;0;0;0;0;0;0;0;0;0;0;0;0;0;0;0;2;1
10.07.2024;17:02;A 87;1;3;32;4;7;2;11;5;3;2;4;0;0;5;75;5;84;0;0;0;0;0;0;0;0;0;0;0;0;0;0;0;0;0;0;0;0;0;0;0;0;0;0;0;0;0;0;0;0;0;0;0;0
10.07.2024;17:01;A 87;1;3;92;4;31;7;74;10;10;7;66;4;27;1;38;0;100;0;0;0;0;0;0;0;0;0;0;0;0;0;0;0;0;0;0;0;0;0;0;0;0;0;0;0;0;0;0;0;0;0;0;0;0
10.07.2024;17:00;A 87;1;3;6;2;4;3;11;4;3;3;6;2;78;3;7;3;78;0;0;0;0;0;0;0;0;0;0;0;0;0;0;0;0;0;0;0;0;0;0;0;0;0;0;0;0;0;0;0;0;0;0;0;0
10.07.2024;16:59;A 87;1;3;92;2;93;10;16;7;7;10;13;7;11;2;2;0;100;0;0;0;0;0;0;0;0;0;0;0;0;0;0;0;0;0;0;0;0;0;0;0;0;0;0;0;0;0;0;0;0;0;0;0;0
10.07.2024;16:58;A 87;1;9;29;10;26;3;13;1;0;3;6;2;6;2;3;3;54;0;0;0;0;0;0;0;0;0;0;0;0;0;0;0;0;0;0;0;0;0;0;0;0;0;0;0;0;0;0;0;0;0;0;0;0
10.07.2024;16:57;A 87;1;3;92;3;92;8;67;3;3;6;25;2;18;2;4;1;58;0;0;0;0;0;0;0;0;0;0;0;0;0;0;0;0;0;0;0;0;0;0;0;0;0;0;0;0;0;0;0;0;0;0;2;86
10.07.2024;16:56;A 87;1;6;17;6;9;3;47;9;6;3;34;2;27;4;54;5;57;0;0;0;0;0;0;0;0;1;2;0;0;0;0;0;0;0;0;0;0;0;0;0;0;0;0;0;0;0;0;1;2;0;0;2;9
10.07.2024;16:55;A 87;1;3;91;3;81;4;86;14;11;5;45;4;34;1;3;0;0;0;0;0;0;1;2;1;2;0;0;1;2;1;2;1;2;0;0;1;1;0;0;0;0;0;0;0;0;0;0;0;0;1;2;0;0
10.07.2024;16:54;A 87;1;1;60;2;3;4;15;4;4;6;13;3;26;1;2;1;26;0;0;0;0;0;0;0;0;0;0;0;0;0;0;0;0;0;0;0;0;0;0;0;0;0;0;0;0;0;0;0;0;0;0;0;0
10.07.2024;16:53;A 87;1;3;93;3;11;10;64;8;6;9;50;5;16;1;1;1;17;0;0;0;0;0;0;0;0;0;0;0;0;0;0;0;0;0;0;0;0;0;0;0;0;0;0;0;0;0;0;0;0;0;0;0;0
10.07.2024;16:52;A 87;1;12;58;10;20;4;23;2;1;4;11;1;2;0;0;0;56;0;0;0;0;0;0;0;0;0;0;0;0;0;0;0;0;0;0;0;0;0;0;0;0;0;0;0;0;0;0;0;0;0;0;0;0
10.07.2024;16:51;A 87;1;2;95;1;97;8;82;9;9;8;80;6;41;1;2;1;15;0;0;0;0;0;0;0;0;0;0;0;0;0;0;0;0;0;0;0;0;0;0;0;0;0;0;0;0;0;0;0;0;0;0;2;1
10.07.2024;16:50;A 87;1;3;49;4;53;1;25;4;3;2;27;2;81;0;0;1;49;0;0;0;0;0;0;0;0;0;0;0;0;0;0;0;0;0;0;0;0;0;0;0;0;0;0;0;0;0;0;0;0;0;0;18;56
10.07.2024;16:49;A 87;1;3;93;2;94;4;71;5;5;3;6;9;31;2;4;1;52;0;0;0;0;0;0;0;0;0;0;0;0;0;0;0;0;0;0;0;0;0;0;0;0;0;0;0;0;0;0;0;0;0;0;6;20
10.07.2024;16:48;A 87;1;13;46;13;49;1;24;6;6;2;4;3;5;0;0;2;59;0;0;0;0;0;0;0;0;0;0;0;0;0;0;0;0;0;0;0;0;0;0;0;0;0;0;0;0;0;0;0;0;0;0;0;0
10.07.2024;16:47;A 87;1;1;91;3;85;4;28;1;1;3;26;2;22;1;4;0;100;0;0;0;0;0;0;0;0;0;0;0;0;0;0;0;0;0;0;0;0;0;0;0;0;0;0;0;0;0;0;0;0;0;0;2;1
10.07.2024;16:46;A 87;1;11;45;9;41;1;22;5;7;2;24;3;14;2;3;1;77;0;0;0;0;0;0;0;0;0;0;0;0;0;0;0;0;0;0;1;1;1;1;0;0;0;0;0;0;0;0;0;0;0;0;0;0
10.07.2024;16:45;A 87;1;0;100;1;86;2;97;13;12;2;64;9;34;1;2;1;12;0;0;0;0;0;0;1;2;1;2;0;0;0;0;0;0;0;0;0;0;0;0;0;0;0;0;0;0;0;0;1;2;0;0;0;0
10.07.2024;16:44;A 87;1;4;92;4;7;2;8;4;4;2;4;3;72;0;0;0;21;0;0;0;0;1;2;0;0;0;0;0;0;0;0;1;2;0;0;0;0;0;0;0;0;0;0;0;0;0;0;0;0;0;0;0;0
10.07.2024;16:43;A 87;1;3;90;2;97;7;76;5;3;5;74;2;24;0;0;0;100;0;0;0;0;0;0;0;0;0;0;1;2;1;2;0;0;0;0;0;0;0;0;0;0;0;0;0;0;0;0;0;0;1;2;0;0
10.07.2024;16:42;A 87;1;5;77;7;60;5;29;5;4;7;22;2;67;1;1;1;61;0;0;0;0;0;0;0;0;0;0;0;0;0;0;0;0;0;0;0;0;0;0;0;0;0;0;0;0;0;0;0;0;0;0;0;0
10.07.2024;16:41;A 87;1;3;93;2;97;7;11;4;3;6;9;6;25;0;0;0;0;0;0;0;0;0;0;0;0;0;0;0;0;0;0;0;0;0;0;0;0;0;0;0;0;0;0;0;0;0;0;0;0;0;0;0;0
10.07.2024;16:40;A 87;1;6;82;6;79;2;9;4;6;3;7;3;32;1;1;1;33;0;0;0;0;0;0;0;0;0;0;0;0;0;0;0;0;0;0;1;1;0;0;0;0;0;0;0;0;0;0;0;0;0;0;0;0
10.07.2024;16:39;A 87;1;2;94;3;5;6;34;5;6;5;7;10;31;0;0;0;100;0;0;0;0;0;0;0;0;0;0;0;0;0;0;0;0;0;0;0;0;0;0;0;0;0;0;0;0;0;0;0;0;0;0;0;0
10.07.2024;16:38;A 87;1;6;24;6;14;10;23;4;3;10;23;1;54;1;2;1;48;0;0;0;0;0;0;0;0;0;0;0;0;0;0;0;0;1;1;0;0;0;0;0;0;0;0;0;0;0;0;0;0;0;0;0;0
10.07.2024;16:37;A 87;1;4;90;3;5;0;99;7;7;1;98;3;7;1;1;1;67;0;0;0;0;0;0;0;0;0;0;1;2;1;2;1;2;0;0;0;0;1;1;1;1;0;0;0;0;0;0;0;0;1;2;0;0
10.07.2024;16:36;A 87;1;7;33;7;23;1;9;3;4;1;2;1;1;1;89;3;89;0;0;0;0;0;0;1;2;1;2;0;0;0;0;0;0;0;0;0;0;0;0;0;0;0;0;0;0;0;0;1;2;0;0;1;0
10.07.2024;16:35;A 87;1;3;91;3;9;6;37;9;7;4;9;7;28;3;18;1;67;0;0;0;0;1;2;0;0;0;0;0;0;0;0;0;0;0;0;0;0;0;0;0;0;0;0;0;0;0;0;0;0;0;0;0;0
10.07.2024;16:34;A 87;1;5;82;6;10;2;11;2;1;4;9;2;93;1;33;3;34;0;0;0;0;0;0;0;0;0;0;0;0;0;0;0;0;0;0;0;0;0;0;0;0;0;0;0;0;0;0;0;0;0;0;1;0
10.07.2024;16:33;A 87;1;3;91;3;7;7;87;9;11;6;87;10;35;2;45;0;100;0;0;0;0;0;0;0;0;0;0;0;0;0;0;0;0;0;0;0;0;0;0;0;0;0;0;0;0;0;0;0;0;0;0;0;0
10.07.2024;16:32;A 87;1;1;78;2;4;4;14;2;1;5;7;2;44;2;30;4;57;0;0;0;0;0;0;0;0;0;0;0;0;0;0;0;0;0;0;0;0;1;1;0;0;0;0;0;0;0;0;0;0;0;0;0;0
10.07.2024;16:31;A 87;1;1;88;1;2;3;74;9;8;2;14;5;26;2;12;0;100;0;0;0;0;0;0;0;0;0;0;0;0;0;0;0;0;0;0;0;0;0;0;0;0;0;0;0;0;0;0;0;0;0;0;0;0
10.07.2024;16:30;A 87;1;11;27;10;16;1;6;5;7;2;2;3;56;1;61;3;77;0;0;0;0;0;0;0;0;0;0;0;0;0;0;0;0;0;0;0;0;1;1;2;3;0;0;0;0;0;0;0;0;0;0;1;0
10.07.2024;16:29;A 87;1;2;90;1;93;6;73;10;11;5;68;3;33;0;100;0;100;0;0;0;0;0;0;0;0;0;0;0;0;0;0;0;0;0;0;0;0;0;0;0;0;0;0;0;0;0;0;0;0;0;0;2;1
10.07.2024;16:28;A 87;1;5;59;5;54;3;12;2;2;4;12;3;67;3;48;2;83;0;0;0;0;0;0;0;0;0;0;0;0;0;0;0;0;0;0;0;0;0;0;0;0;0;0;0;0;0;0;0;0;0;0;0;0
10.07.2024;16:27;A 87;1;2;93;2;96;9;63;5;4;7;18;3;2;1;2;1;98;0;0;0;0;0;0;0;0;0;0;0;0;0;0;0;0;0;0;0;0;1;1;0;0;0;0;0;0;0;0;0;0;0;0;2;2
10.07.2024;16:26;A 87;1;3;43;4;23;11;51;4;4;12;48;0;0;1;2;0;51;0;0;0;0;0;0;0;0;0;0;0;0;0;0;0;0;0;0;0;0;1;1;0;0;0;0;0;0;0;0;1;2;0;0;5;16
10.07.2024;16:25;A 87;1;3;89;1;95;3;88;5;5;4;84;3;27;1;0;0;100;0;0;0;0;0;0;1;2;1;2;1;2;1;2;1;2;0;0;0;0;0;0;0;0;0;0;0;0;0;0;0;0;1;2;0;0
10.07.2024;16:24;A 87;1;5;88;5;20;4;29;3;6;4;8;3;69;1;1;1;63;0;0;0;0;1;2;0;0;0;0;0;0;0;0;0;0;0;0;0;0;0;0;0;0;0;0;0;0;0;0;0;0;0;0;0;0
10.07.2024;16:23;A 87;1;2;88;4;51;8;67;7;7;8;56;4;24;0;0;0;0;0;0;0;0;0;0;0;0;0;0;0;0;0;0;0;0;0;0;0;0;0;0;1;1;0;0;0;0;0;0;0;0;0;0;1;0
10.07.2024;16:22;A 87;1;10;52;9;15;1;4;5;4;1;1;2;43;1;3;2;57;0;0;0;0;0;0;0;0;0;0;0;0;0;0;0;0;0;0;0;0;0;0;0;0;0;0;0;0;0;0;0;0;0;0;1;0
10.07.2024;16:21;A 87;1;3;95;2;5;6;34;8;9;5;63;6;34;2;5;1;89;0;0;0;0;0;0;0;0;0;0;0;0;0;0;0;0;0;0;0;0;0;0;0;0;0;0;0;0;0;0;0;0;0;0;0;0
10.07.2024;16:20;A 87;1;4;83;5;11;7;17;4;3;7;15;2;61;0;0;0;30;0;0;0;0;0;0;0;0;0;0;0;0;0;0;0;0;0;0;0;0;0;0;0;0;0;0;0;0;0;0;0;0;0;0;0;0
10.07.2024;16:19;A 87;1;3;91;3;7;3;4;5;4;2;2;4;5;0;0;0;100;0;0;0;0;0;0;0;0;0;0;0;0;0;0;0;0;0;0;0;0;0;0;0;0;0;0;0;0;0;0;0;0;0;0;0;0
10.07.2024;16:18;A 87;1;7;66;7;15;2;27;6;4;3;9;2;3;2;4;2;47;0;0;0;0;0;0;0;0;0;0;0;0;0;0;0;0;0;0;0;0;0;0;0;0;0;0;0;0;0;0;0;0;0;0;2;1
10.07.2024;16:17;A 87;1;4;45;5;47;4;86;3;5;3;84;6;25;1;1;1;58;0;0;0;0;0;0;0;0;0;0;0;0;0;0;0;0;0;0;0;0;0;0;0;0;0;0;0;0;0;0;0;0;0;0;31;13
10.07.2024;16:16;A 87;1;7;14;5;16;8;71;5;18;9;66;3;53;1;3;3;80;0;0;0;0;0;0;0;0;0;0;0;0;0;0;1;2;0;0;0;0;0;0;0;0;0;0;0;0;0;0;0;0;0;0;1;1
10.07.2024;16:15;A 87;1;0;99;1;70;4;91;8;7;3;94;7;12;2;8;0;100;0;0;0;0;0;0;1;2;1;2;1;2;1;2;0;0;0;0;0;0;0;0;0;0;0;0;0;0;0;0;1;2;1;2;0;0
10.07.2024;16:14;A 87;1;3;80;3;6;4;17;3;3;5;12;2;13;1;2;1;80;0;0;0;0;1;2;0;0;0;0;0;0;0;0;0;0;0;0;0;0;0;0;0;0;0;0;0;0;0;0;0;0;0;0;0;0
10.07.2024;16:13;A 87;1;3;91;2;97;4;58;10;9;4;55;6;38;0;0;0;100;0;0;0;0;0;0;0;0;0;0;0;0;0;0;0;0;0;0;0;0;0;0;0;0;0;0;0;0;0;0;0;0;0;0;0;0
10.07.2024;16:12;A 87;1;5;82;6;74;2;8;2;2;2;4;3;39;1;2;1;43;0;0;0;0;0;0;0;0;0;0;0;0;0;0;0;0;0;0;0;0;0;0;0;0;0;0;0;0;0;0;0;0;0;0;1;1
10.07.2024;16:11;A 87;1;3;91;2;94;5;79;6;5;5;73;8;39;0;0;0;0;0;0;0;0;0;0;0;0;0;0;0;0;0;0;0;0;0;0;0;0;0;0;0;0;0;0;0;0;0;0;0;0;0;0;0;0
10.07.2024;16:10;A 87;1;1;84;3;34;4;8;4;3;4;6;2;95;0;0;0;22;0;0;0;0;0;0;0;0;0;0;0;0;0;0;0;0;1;1;0;0;0;0;0;0;0;0;0;0;0;0;0;0;0;0;0;0
10.07.2024;16:09;A 87;1;3;92;2;58;1;27;5;5;1;2;3;26;1;2;1;30;0;0;0;0;0;0;0;0;0;0;1;2;1;2;1;2;0;0;0;0;0;0;0;0;0;0;0;0;0;0;0;0;1;2;0;0
10.07.2024;16:08;A 87;1;12;33;12;21;3;14;1;1;3;9;3;85;0;0;0;0;0;0;0;0;0;0;0;0;0;0;0;0;0;0;0;0;0;0;0;0;1;1;1;1;0;0;0;0;0;0;0;0;0;0;0;0
10.07.2024;16:07;A 87;1;3;90;2;96;3;79;8;6;3;11;0;0;0;0;0;0;0;0;0;0;0;0;0;0;0;0;0;0;0;0;0;0;0;0;0;0;0;0;0;0;0;0;0;0;0;0;0;0;0;0;3;2
10.07.2024;16:06;A 87;1;1;76;3;46;2;9;3;2;2;3;0;0;1;2;1;22;0;0;0;0;0;0;0;0;0;0;0;0;0;0;0;0;0;0;1;1;0;0;0;0;0;0;0;0;0;0;0;0;0;0;0;0
10.07.2024;16:05;A 87;1;4;92;3;51;6;69;10;9;4;69;2;32;1;1;1;36;0;0;0;0;0;0;0;0;1;2;0;0;0;0;0;0;0;0;0;0;0;0;0;0;0;0;0;0;0;0;1;2;0;0;0;0
10.07.2024;16:04;A 87;1;7;16;7;11;1;19;2;2;3;5;3;56;4;50;6;50;0;0;0;0;1;2;1;2;0;0;0;0;0;0;0;0;0;0;0;0;0;0;0;0;0;0;0;0;0;0;0;0;0;0;0;0
10.07.2024;16:03;A 87;1;3;91;3;6;4;52;7;7;4;5;3;22;2;61;0;100;0;0;0;0;0;0;0;0;0;0;0;0;0;0;0;0;0;0;0;0;0;0;0;0;0;0;0;0;0;0;0;0;0;0;1;0
10.07.2024;16:02;A 87;1;1;63;2;6;3;10;3;2;3;6;2;61;3;28;5;82;0;0;0;0;0;0;0;0;0;0;0;0;0;0;0;0;0;0;0;0;0;0;0;0;0;0;0;0;0;0;0;0;0;0;0;0
10.07.2024;16:01;A 87;1;3;88;2;3;7;62;8;6;6;58;3;21;1;18;0;100;0;0;0;0;0;0;0;0;0;0;0;0;0;0;0;0;0;0;0;0;0;0;0;0;0;0;0;0;0;0;0;0;0;0;1;1
10.07.2024;16:00;A 87;1;4;51;5;8;1;9;2;2;2;7;2;58;2;5;3;62;0;0;0;0;0;0;0;0;0;0;0;0;0;0;0;0;0;0;0;0;0;0;0;0;0;0;0;0;0;0;0;0;0;0;0;0
10.07.2024;15:59;A 87;1;4;92;3;92;3;20;5;4;2;5;4;3;4;8;1;25;0;0;0;0;0;0;0;0;0;0;0;0;0;0;0;0;0;0;0;0;0;0;0;0;0;0;0;0;0;0;0;0;0;0;2;1
10.07.2024;15:58;A 87;1;14;65;14;27;1;28;4;14;2;5;2;3;1;7;2;61;0;0;0;0;0;0;0;0;0;0;0;0;0;0;0;0;0;0;0;0;0;0;0;0;0;0;0;0;0;0;0;0;0;0;0;0
10.07.2024;15:57;A 87;1;3;88;2;97;6;85;8;8;6;78;6;30;1;3;1;14;0;0;0;0;0;0;0;0;1;2;0;0;0;0;0;0;0;0;0;0;0;0;0;0;0;0;0;0;0;0;1;2;0;0;0;0
10.07.2024;15:56;A 87;1;2;92;2;94;3;52;4;4;2;4;3;82;1;2;0;0;0;0;0;0;0;0;1;2;0;0;0;0;0;0;0;0;0;0;0;0;0;0;0;0;0;0;0;0;0;0;0;0;0;0;0;0
10.07.2024;15:55;A 87;1;2;98;2;93;4;67;11;11;4;12;11;38;0;0;0;0;0;0;0;0;1;2;0;0;0;0;0;0;0;0;1;2;0;0;0;0;0;0;0;0;0;0;0;0;0;0;0;0;0;0;1;1
10.07.2024;15:54;A 87;1;5;13;3;17;1;10;1;2;2;6;2;86;0;33;2;36;0;0;0;0;0;0;0;0;0;0;1;2;1;2;0;0;1;1;0;0;0;0;0;0;0;0;0;0;0;0;0;0;1;2;0;0
10.07.2024;15:53;A 87;1;2;91;3;95;6;60;11;18;5;57;10;21;1;46;0;100;0;0;0;0;0;0;0;0;0;0;0;0;0;0;0;0;0;0;0;0;0;0;0;0;0;0;0;0;0;0;0;0;0;0;0;0
10.07.2024;15:52;A 87;1;13;50;13;25;1;13;1;2;2;3;2;4;2;3;2;78;0;0;0;0;0;0;0;0;0;0;0;0;0;0;0;0;2;2;0;0;0;0;2;3;0;0;0;0;0;0;0;0;0;0;0;0
10.07.2024;15:51;A 87;1;1;96;0;96;3;79;7;12;2;5;2;31;0;0;0;100;0;0;0;0;0;0;0;0;0;0;0;0;0;0;0;0;0;0;0;0;0;0;0;0;0;0;0;0;0;0;0;0;0;0;0;0
10.07.2024;15:50;A 87;1;3;89;4;89;1;8;5;5;3;5;3;34;2;5;1;86;0;0;0;0;0;0;0;0;0;0;0;0;0;0;0;0;0;0;0;0;0;0;1;1;0;0;0;0;0;0;0;0;0;0;0;0
10.07.2024;15:49;A 87;1;2;94;3;17;3;48;9;10;3;10;8;38;1;1;1;91;0;0;0;0;0;0;0;0;0;0;0;0;0;0;0;0;0;0;0;0;1;1;0;0;0;0;0;0;0;0;0;0;0;0;1;1
10.07.2024;15:48;A 87;1;9;28;7;13;2;10;1;1;2;5;1;99;0;0;0;0;0;0;0;0;0;0;0;0;0;0;0;0;0;0;0;0;0;0;0;0;0;0;0;0;0;0;0;0;0;0;0;0;0;0;0;0
10.07.2024;15:47;A 87;1;3;89;3;94;10;76;7;6;9;74;7;29;0;0;0;0;0;0;0;0;0;0;0;0;0;0;0;0;0;0;0;0;0;0;0;0;0;0;0;0;0;0;0;0;0;0;0;0;0;0;1;1
10.07.2024;15:46;A 87;1;8;56;10;45;5;63;3;3;5;55;2;61;1;36;2;61;0;0;0;0;0;0;0;0;0;0;0;0;0;0;0;0;0;0;0;0;0;0;0;0;0;0;0;0;0;0;1;2;0;0;0;0
10.07.2024;15:45;A 87;1;3;86;3;6;5;73;5;4;6;75;6;27;1;2;0;100;0;0;0;0;0;0;1;2;1;2;1;2;1;2;1;2;0;0;0;0;0;0;0;0;0;0;0;0;0;0;0;0;1;2;2;2
10.07.2024;15:44;A 87;1;2;46;1;2;5;29;4;3;5;23;3;63;2;30;4;86;0;0;0;0;1;2;0;0;0;0;0;0;0;0;0;0;1;1;0;0;0;0;0;0;0;0;0;0;0;0;0;0;0;0;0;0
10.07.2024;15:43;A 87;1;3;89;3;7;4;86;9;8;4;75;3;4;3;71;2;56;0;0;0;0;0;0;0;0;0;0;0;0;0;0;0;0;0;0;0;0;0;0;1;1;0;0;0;0;0;0;0;0;0;0;28;67
10.07.2024;15:42;A 87;1;7;79;7;12;3;11;6;6;3;5;1;1;1;2;1;38;0;0;0;0;0;0;0;0;0;0;0;0;0;0;0;0;0;0;0;0;0;0;0;0;0;0;0;0;0;0;0;0;0;0;0;0
10.07.2024;15:41;A 87;1;4;90;3;8;4;31;11;10;3;22;2;13;2;5;1;21;0;0;0;0;0;0;0;0;0;0;0;0;0;0;0;0;0;0;0;0;0;0;0;0;0;0;0;0;0;0;0;0;0;0;0;0
10.07.2024;15:40;A 87;1;10;66;11;25;2;19;2;2;2;7;1;5;3;66;5;65;0;0;0;0;0;0;0;0;0;0;0;0;0;0;0;0;0;0;0;0;0;0;0;0;0;0;0;0;0;0;0;0;0;0;4;2
10.07.2024;15:39;A 87;1;2;92;2;94;10;77;5;6;9;74;5;33;3;45;1;46;0;0;0;0;0;0;0;0;0;0;0;0;0;0;0;0;0;0;0;0;0;0;1;1;0;0;0;0;0;0;0;0;0;0;0;0
10.07.2024;15:38;A 87;1;3;41;4;27;13;78;4;4;13;45;0;100;2;67;4;67;0;0;0;0;0;0;0;0;0;0;0;0;0;0;0;0;0;0;0;0;0;0;0;0;0;0;0;0;0;0;1;2;0;0;0;0
10.07.2024;15:37;A 87;1;5;76;6;69;0;100;8;7;0;100;6;27;2;17;0;100;0;0;0;0;1;2;1;2;1;2;1;2;1;2;1;2;0;0;0;0;0;0;0;0;0;0;0;0;0;0;0;0;1;2;0;0
10.07.2024;15:36;A 87;1;13;19;11;21;1;24;3;4;3;24;3;69;5;84;7;82;0;0;0;0;0;0;1;2;1;2;0;0;0;0;0;0;0;0;0;0;0;0;0;0;0;0;0;0;0;0;1;2;0;0;2;3
10.07.2024;15:35;A 87;1;4;90;2;96;8;78;5;4;7;78;5;7;1;78;0;100;0;0;0;0;1;2;0;0;0;0;0;0;0;0;0;0;0;0;0;0;0;0;0;0;0;0;0;0;0;0;0;0;0;0;1;1
10.07.2024;15:34;A 87;1;5;86;7;66;1;13;3;3;2;5;2;5;2;32;3;50;0;0;0;0;0;0;0;0;0;0;0;0;0;0;0;0;0;0;0;0;0;0;0;0;0;0;0;0;0;0;0;0;0;0;0;0
10.07.2024;15:33;A 87;1;3;92;2;96;5;66;8;6;4;9;6;43;1;6;0;100;0;0;0;0;0;0;0;0;0;0;0;0;0;0;0;0;0;0;0;0;0;0;0;0;0;0;0;0;0;0;0;0;0;0;1;1
10.07.2024;15:32;A 87;1;5;79;6;48;4;48;4;3;5;7;2;40;2;3;2;75;0;0;0;0;0;0;0;0;0;0;0;0;0;0;0;0;0;0;0;0;0;0;0;0;0;0;0;0;0;0;0;0;0;0;0;0
10.07.2024;15:31;A 87;1;3;91;3;94;9;65;5;4;8;38;10;13;1;2;0;100;0;0;0;0;0;0;0;0;0;0;0;0;0;0;0;0;0;0;0;0;0;0;0;0;0;0;0;0;0;0;0;0;0;0;3;1
10.07.2024;15:30;A 87;1;8;73;8;17;3;12;3;3;4;5;1;4;2;3;2;63;0;0;0;0;0;0;0;0;0;0;0;0;0;0;0;0;0;0;0;0;0;0;0;0;0;0;0;0;0;0;0;0;0;0;0;0
10.07.2024;15:29;A 87;1;3;90;2;95;9;66;7;10;8;62;4;27;1;1;1;57;0;0;0;0;0;0;0;0;0;0;0;0;0;0;0;0;0;0;0;0;0;0;1;1;0;0;0;0;0;0;0;0;0;0;1;0
10.07.2024;15:28;A 87;1;6;75;7;78;4;44;3;2;5;13;2;55;0;0;0;38;0;0;0;0;0;0;0;0;0;0;0;0;0;0;0;0;0;0;0;0;0;0;0;0;0;0;0;0;0;0;0;0;0;0;1;0
10.07.2024;15:27;A 87;1;3;93;2;94;11;51;7;6;10;16;8;30;1;2;1;42;0;0;0;0;0;0;0;0;0;0;0;0;0;0;0;0;0;0;0;0;0;0;0;0;0;0;0;0;0;0;0;0;0;0;0;0
10.07.2024;15:26;A 87;1;6;78;6;79;2;8;3;3;3;4;2;80;2;6;4;49;0;0;0;0;0;0;0;0;0;0;0;0;0;0;0;0;0;0;0;0;0;0;0;0;0;0;0;0;0;0;0;0;0;0;0;0
10.07.2024;15:25;A 87;1;3;17;4;11;6;21;10;9;5;14;6;26;3;8;1;81;0;0;0;0;0;0;0;0;0;0;1;2;1;2;1;2;0;0;0;0;0;0;0;0;0;0;0;0;0;0;0;0;1;2;0;0
10.07.2024;15:24;A 87;1;8;11;8;17;1;12;5;5;2;5;2;57;1;55;3;55;0;0;0;0;0;0;0;0;0;0;0;0;0;0;0;0;0;0;0;0;0;0;0;0;0;0;0;0;0;0;0;0;0;0;0;0
10.07.2024;15:23;A 87;1;3;90;3;78;6;61;10;8;5;11;5;26;3;3;1;54;0;0;0;0;0;0;0;0;0;0;0;0;0;0;0;0;0;0;0;0;0;0;0;0;0;0;0;0;0;0;0;0;0;0;0;0
10.07.2024;15:22;A 87;1;1;47;2;4;4;17;4;4;4;9;3;40;1;2;1;25;0;0;0;0;0;0;0;0;0;0;0;0;0;0;0;0;0;0;0;0;0;0;0;0;0;0;0;0;0;0;0;0;0;0;0;0
10.07.2024;15:21;A 87;1;2;90;1;3;6;84;6;6;6;76;7;31;1;3;1;95;0;0;0;0;0;0;0;0;0;0;0;0;0;0;0;0;0;0;1;1;0;0;0;0;0;0;0;0;0;0;0;0;0;0;0;0
10.07.2024;15:20;A 87;1;9;63;9;19;1;13;3;3;2;6;3;95;2;1;2;11;0;0;0;0;0;0;0;0;0;0;0;0;1;2;1;2;0;0;0;0;0;0;0;0;0;0;0;0;0;0;0;0;1;2;0;0
10.07.2024;15:19;A 87;1;3;92;2;92;3;77;8;7;3;8;6;28;0;0;1;36;0;0;0;0;0;0;0;0;0;0;1;2;0;0;1;2;0;0;0;0;0;0;0;0;0;0;0;0;0;0;0;0;0;0;33;7
10.07.2024;15:18;A 87;1;9;62;8;16;3;10;4;3;3;6;1;62;2;3;2;46;0;0;0;0;0;0;0;0;0;0;1;2;1;2;0;0;0;0;0;0;0;0;0;0;0;0;0;0;0;0;0;0;1;2;0;0
10.07.2024;15:17;A 87;1;2;98;3;84;5;10;6;6;5;9;8;31;2;4;1;72;0;0;0;0;0;0;0;0;0;0;0;0;0;0;0;0;0;0;0;0;0;0;0;0;0;0;0;0;0;0;0;0;0;0;0;0
10.07.2024;15:16;A 87;1;5;57;4;8;8;36;3;3;6;19;2;86;0;0;1;35;0;0;0;0;0;0;0;0;0;0;0;0;0;0;0;0;1;1;0;0;0;0;0;0;0;0;0;0;0;0;0;0;0;0;0;0
10.07.2024;15:15;A 87;1;4;72;6;48;4;88;8;7;5;86;5;33;1;2;0;100;0;0;0;0;0;0;1;2;1;2;0;0;0;0;0;0;0;0;0;0;0;0;0;0;0;0;0;0;0;0;1;2;0;0;2;0
10.07.2024;15:14;A 87;1;1;1;0;0;2;8;2;1;3;7;2;27;1;2;1;70;0;0;0;0;1;2;0;0;0;0;0;0;0;0;0;0;0;0;0;0;0;0;0;0;0;0;0;0;0;0;0;0;0;0;0;0
10.07.2024;15:13;A 87;1;3;91;2;7;9;80;9;8;7;34;7;12;1;1;1;12;0;0;0;0;0;0;0;0;0;0;0;0;0;0;0;0;0;0;0;0;0;0;0;0;0;0;0;0;0;0;0;0;0;0;0;0
10.07.2024;15:12;A 87;1;10;64;12;20;1;17;1;1;3;9;2;5;3;10;3;61;0;0;0;0;0;0;0;0;0;0;0;0;0;0;0;0;0;0;0;0;0;0;0;0;0;0;0;0;0;0;0;0;0;0;0;0
10.07.2024;15:11;A 87;1;3;93;3;96;7;68;9;8;6;26;6;29;1;1;1;85;0;0;0;0;0;0;0;0;0;0;0;0;0;0;0;0;0;0;0;0;0;0;0;0;0;0;0;0;0;0;0;0;0;0;1;3
10.07.2024;15:10;A 87;1;11;53;11;50;2;12;2;2;2;12;1;73;1;10;2;59;0;0;0;0;0;0;0;0;0;0;0;0;0;0;0;0;0;0;0;0;0;0;0;0;0;0;0;0;0;0;0;0;0;0;1;0
10.07.2024;15:09;A 87;1;3;90;2;95;5;80;9;8;6;74;11;39;2;3;1;76;0;0;0;0;0;0;0;0;0;0;0;0;0;0;0;0;0;0;0;0;0;0;0;0;0;0;0;0;0;0;0;0;0;0;1;0
10.07.2024;15:08;A 87;1;6;65;6;54;4;11;4;3;4;9;2;64;0;0;1;39;0;0;0;0;0;0;0;0;0;0;0;0;0;0;0;0;0;0;0;0;0;0;0;0;0;0;0;0;0;0;0;0;0;0;0;0
10.07.2024;15:07;A 87;1;2;91;4;60;8;83;29;23;7;81;10;42;3;4;1;15;0;0;0;0;0;0;0;0;1;2;0;0;0;0;0;0;0;0;0;0;0;0;0;0;0;0;0;0;0;0;1;2;0;0;1;1
10.07.2024;15:06;A 87;1;9;72;7;14;1;4;18;14;2;4;3;38;1;1;1;17;0;0;0;0;1;2;1;2;0;0;0;0;0;0;0;0;0;0;0;0;0;0;0;0;0;0;0;0;0;0;0;0;0;0;0;0
10.07.2024;15:05;A 87;1;2;90;2;96;2;15;5;4;1;15;8;31;0;0;0;0;0;0;0;0;0;0;0;0;0;0;0;0;0;0;0;0;0;0;0;0;0;0;0;0;0;0;0;0;0;0;0;0;0;0;0;0
10.07.2024;15:04;A 87;1;13;71;14;25;5;22;1;1;5;25;2;38;1;2;1;56;0;0;0;0;0;0;0;0;0;0;0;0;0;0;0;0;0;0;0;0;0;0;0;0;0;0;0;0;0;0;0;0;0;0;0;0
10.07.2024;15:03;A 87;1;3;92;2;95;7;87;1;1;7;14;4;4;1;1;1;68;0;0;0;0;0;0;0;0;0;0;0;0;0;0;0;0;0;0;0;0;0;0;0;0;0;0;0;0;0;0;0;0;0;0;0;0
10.07.2024;15:02;A 87;1;0;100;0;100;0;100;2;1;0;0;4;4;1;1;0;0;0;0;0;0;0;0;0;0;0;0;0;0;0;0;0;0;0;0;0;0;1;1;1;1;0;0;0;0;0;0;0;0;0;0;0;0
10.07.2024;15:01;A 87;1;0;100;2;95;1;99;10;11;1;5;3;23;1;3;2;5;0;0;0;0;0;0;0;0;0;0;0;0;0;0;0;0;0;0;0;0;0;0;0;0;0;0;0;0;0;0;0;0;0;0;0;0
10.07.2024;15:00;A 87;1;2;3;2;2;5;21;1;2;5;20;2;40;3;25;2;28;0;0;0;0;0;0;1;2;1;2;0;0;0;0;0;0;0;0;2;2;0;0;0;0;0;0;0;0;0;0;1;2;0;0;0;0
10.07.2024;14:59;A 87;1;0;0;0;0;1;73;9;8;2;77;3;59;0;0;0;0;0;0;0;0;1;2;0;0;0;0;0;0;0;0;0;0;0;0;0;0;0;0;0;0;0;0;0;0;0;0;0;0;0;0;0;0
10.07.2024;14:58;A 87;1;6;50;4;48;8;42;1;2;7;13;4;14;0;0;0;0;0;0;0;0;0;0;0;0;0;0;0;0;0;0;0;0;0;0;0;0;0;0;1;3;0;0;0;0;0;0;0;0;0;0;0;0
10.07.2024;14:57;A 87;1;1;66;3;25;1;60;5;5;2;6;4;79;0;0;0;0;0;0;0;0;0;0;0;0;0;0;0;0;0;0;0;0;0;0;0;0;0;0;0;0;0;0;0;0;0;0;0;0;0;0;0;0
10.07.2024;14:56;A 87;1;3;59;2;45;7;56;1;1;5;58;5;26;1;0;0;0;0;0;0;0;0;0;0;0;0;0;0;0;0;0;0;0;0;0;0;0;0;0;0;0;0;0;0;0;0;0;0;0;0;0;1;0
10.07.2024;14:55;A 87;1;4;35;4;6;1;42;5;5;3;39;1;4;0;0;1;51;0;0;0;0;0;0;0;0;0;0;0;0;1;2;1;2;0;0;0;0;0;0;0;0;0;0;0;0;0;0;0;0;1;2;0;0
10.07.2024;14:54;A 87;1;7;71;7;49;10;80;3;2;9;24;3;8;2;4;1;80;0;0;0;0;0;0;0;0;0;0;1;2;0;0;0;0;0;0;0;0;0;0;0;0;0;0;0;0;0;0;0;0;0;0;0;0
10.07.2024;14:53;A 87;1;5;6;5;7;2;48;3;3;3;48;1;74;0;0;1;38;0;0;0;0;0;0;0;0;0;0;0;0;0;0;0;0;0;0;0;0;0;0;0;0;0;0;0;0;0;0;0;0;0;0;1;0
10.07.2024;14:52;A 87;1;4;86;3;91;6;91;7;6;5;10;4;32;1;2;0;100;0;0;0;0;0;0;0;0;0;0;0;0;0;0;0;0;0;0;0;0;0;0;0;0;0;0;0;0;0;0;0;0;0;0;2;1
10.07.2024;14:51;A 87;1;11;71;11;25;6;26;11;8;6;14;3;35;4;47;5;75;0;0;0;0;0;0;0;0;0;0;0;0;0;0;0;0;0;0;0;0;0;0;0;0;0;0;0;0;0;0;0;0;0;0;1;1
10.07.2024;14:50;A 87;1;0;100;0;0;1;84;51;30;2;88;4;57;1;2;0;0;0;0;0;0;0;0;0;0;0;0;0;0;0;0;1;2;0;0;0;0;0;0;0;0;0;0;0;0;0;0;0;0;0;0;0;0
10.07.2024;14:49;A 87;1;11;60;11;45;4;21;1;1;3;22;3;43;0;0;1;76;0;0;0;0;0;0;0;0;0;0;1;2;1;2;0;0;0;0;0;0;0;0;0;0;0;0;0;0;0;0;0;0;1;2;10;3
10.07.2024;14:48;A 87;1;0;100;0;100;1;70;7;6;2;73;4;57;2;5;1;70;0;0;0;0;0;0;0;0;0;0;0;0;0;0;0;0;0;0;0;0;0;0;0;0;0;0;0;0;0;0;0;0;0;0;0;0
10.07.2024;14:47;A 87;1;4;81;4;73;7;40;1;1;6;11;2;5;1;49;2;77;0;0;0;0;0;0;0;0;0;0;0;0;0;0;0;0;0;0;0;0;2;2;0;0;0;0;0;0;0;0;0;0;0;0;0;0
10.07.2024;14:46;A 87;1;1;72;3;5;1;69;10;9;2;5;2;2;2;5;3;16;0;0;0;0;0;0;0;0;0;0;0;0;0;0;0;0;0;0;0;0;2;2;1;1;0;0;0;0;0;0;0;0;0;0;0;0
10.07.2024;14:45;A 87;1;4;62;2;60;7;57;4;3;6;12;4;7;4;72;2;72;0;0;0;0;0;0;0;0;0;0;0;0;0;0;0;0;0;0;0;0;0;0;0;0;0;0;0;0;0;0;0;0;0;0;10;6
10.07.2024;14:44;A 87;1;3;42;3;44;6;51;2;3;6;36;3;50;1;36;3;42;0;0;0;0;0;0;0;0;0;0;0;0;0;0;0;0;0;0;0;0;0;0;0;0;0;0;0;0;0;0;0;0;0;0;10;5
10.07.2024;14:43;A 87;1;7;80;6;88;1;97;4;4;1;21;14;29;3;57;1;55;0;0;0;0;0;0;0;0;0;0;1;2;1;2;1;2;0;0;0;0;0;0;0;0;0;0;0;0;0;0;0;0;1;2;1;0
10.07.2024;14:42;A 87;1;9;80;9;27;1;38;4;3;3;34;2;59;0;0;1;42;0;0;0;0;0;0;0;0;0;0;0;0;0;0;0;0;0;0;0;0;0;0;0;0;0;0;0;0;0;0;0;0;0;0;0;0
10.07.2024;14:41;A 87;1;3;92;3;94;1;82;4;3;0;79;9;34;2;5;1;75;0;0;0;0;0;0;0;0;0;0;0;0;0;0;0;0;0;0;0;0;0;0;0;0;0;0;0;0;0;0;0;0;0;0;0;0
10.07.2024;14:40;A 87;1;9;56;9;37;9;34;2;2;8;17;3;31;0;58;3;58;0;0;0;0;0;0;0;0;0;0;0;0;0;0;0;0;0;0;0;0;0;0;0;0;0;0;0;0;0;0;0;0;0;0;0;0
10.07.2024;14:39;A 87;1;0;100;0;100;1;96;3;3;3;82;10;47;3;7;0;100;0;0;0;0;0;0;0;0;0;0;0;0;0;0;0;0;0;0;0;0;0;0;0;0;0;0;0;0;0;0;0;0;0;0;0;0
10.07.2024;14:38;A 87;1;6;81;5;44;1;3;3;4;1;1;3;61;3;67;5;75;0;0;0;0;0;0;0;0;0;0;0;0;0;0;0;0;0;0;0;0;0;0;0;0;0;0;0;0;0;0;0;0;0;0;0;0
10.07.2024;14:37;A 87;1;0;100;1;57;3;12;4;3;3;5;4;60;3;67;1;89;0;0;0;0;0;0;0;0;0;0;0;0;0;0;0;0;0;0;1;1;0;0;0;0;0;0;0;0;0;0;0;0;0;0;0;0
10.07.2024;14:36;A 87;1;5;72;5;52;7;43;0;0;6;39;3;45;1;2;1;26;0;0;0;0;0;0;0;0;0;0;0;0;0;0;0;0;0;0;0;0;0;0;0;0;0;0;0;0;0;0;0;0;0;0;1;0
10.07.2024;14:35;A 87;1;1;67;3;36;1;67;11;9;2;62;5;34;0;5;2;7;0;0;0;0;0;0;0;0;0;0;0;0;0;0;0;0;0;0;0;0;1;1;1;1;0;0;0;0;0;0;0;0;0;0;0;0
10.07.2024;14:34;A 87;1;7;73;5;12;6;56;2;2;4;55;0;0;3;64;1;93;0;0;0;0;0;0;0;0;0;0;0;0;0;0;0;0;0;0;0;0;0;0;1;1;0;0;0;0;0;0;0;0;0;0;0;0
10.07.2024;14:33;A 87;1;4;65;4;11;1;41;4;3;3;44;3;84;1;1;2;30;0;0;0;0;0;0;0;0;0;0;0;0;0;0;0;0;0;0;0;0;0;0;0;0;0;0;0;0;0;0;0;0;0;0;0;0
10.07.2024;14:32;A 87;1;6;81;6;90;9;82;2;3;7;81;8;18;2;3;1;58;0;0;0;0;0;0;0;0;0;0;0;0;0;0;0;0;0;0;0;0;0;0;0;0;0;0;0;0;0;0;0;0;0;0;0;0
10.07.2024;14:31;A 87;1;8;77;9;40;7;27;2;2;7;29;2;62;3;25;3;24;0;0;0;0;0;0;0;0;0;0;0;0;0;0;0;0;0;0;0;0;0;0;0;0;0;0;0;0;0;0;0;0;0;0;16;36
10.07.2024;14:30;A 87;1;2;93;1;97;6;90;4;3;5;92;2;10;0;0;0;0;0;0;0;0;0;0;0;0;0;0;0;0;0;0;0;0;0;0;1;1;0;0;0;0;0;0;0;0;0;0;0;0;0;0;0;0
10.07.2024;14:29;A 87;1;9;69;9;53;8;27;1;1;9;23;2;3;0;0;0;51;0;0;0;0;0;0;0;0;0;0;0;0;0;0;0;0;0;0;0;0;0;0;0;0;0;0;0;0;0;0;0;0;0;0;0;1
10.07.2024;14:28;A 87;1;0;100;0;100;0;98;8;7;0;8;2;3;1;1;1;42;0;0;0;0;0;0;0;0;0;0;0;0;0;0;0;0;0;0;0;0;0;0;0;0;0;0;0;0;0;0;0;0;0;0;13;22
10.07.2024;14:27;A 87;1;8;66;9;51;6;44;1;1;6;46;3;6;2;81;4;83;0;0;0;0;0;0;0;0;0;0;0;0;0;0;0;0;0;0;0;0;0;0;0;0;0;0;0;0;0;0;1;2;0;0;0;0
10.07.2024;14:26;A 87;1;0;100;1;3;1;79;9;8;2;68;1;1;3;13;1;51;0;0;0;0;0;1;1;2;1;2;0;0;0;0;0;0;0;0;0;0;0;0;0;0;0;0;0;0;0;0;0;0;0;0;0;0
10.07.2024;14:25;A 87;1;12;49;10;16;4;38;0;1;3;35;2;12;2;3;2;84;0;0;0;0;1;1;0;0;0;0;0;0;0;0;0;0;0;0;0;0;0;0;0;0;0;0;0;0;0;0;0;0;0;0;0;0
10.07.2024;14:24;A 87;1;0;100;0;0;1;60;10;8;2;61;4;81;0;0;0;0;0;0;0;0;0;0;0;0;0;0;0;0;0;0;0;0;0;0;0;0;0;0;0;0;0;0;0;0;0;0;0;0;0;0;0;0
10.07.2024;14:23;A 87;1;7;75;7;71;6;56;3;4;5;24;6;28;2;2;1;51;0;0;0;0;0;0;0;0;0;0;0;0;0;0;0;0;0;0;0;0;0;0;0;0;0;0;0;0;0;0;0;0;0;0;0;0
10.07.2024;14:22;A 87;1;5;87;6;88;1;48;4;4;3;38;3;92;0;0;0;29;0;0;0;0;0;0;0;0;0;0;0;0;0;0;0;0;0;0;0;0;0;0;0;0;0;0;0;0;0;0;0;0;0;0;14;30
10.07.2024;14:21;A 87;1;7;82;6;88;5;77;5;5;4;72;6;17;0;0;0;100;0;0;0;0;0;0;0;0;0;0;0;0;0;0;0;0;0;0;0;0;0;0;0;0;0;0;0;0;0;0;0;0;0;0;0;0
10.07.2024;14:20;A 87;1;6;75;7;68;3;25;4;3;3;22;3;17;1;3;2;76;0;0;0;0;0;0;0;0;0;0;0;0;0;0;0;0;0;0;0;0;0;0;0;0;0;0;0;0;0;0;0;0;0;0;0;0
10.07.2024;14:19;A 87;1;3;91;2;93;5;90;7;7;5;81;6;32;1;3;0;100;0;0;0;0;0;0;0;0;0;0;0;0;0;0;0;0;0;0;0;0;0;0;0;0;0;0;0;0;0;0;0;0;0;0;0;0
10.07.2024;14:18;A 87;1;11;76;11;71;7;16;1;1;7;14;2;57;1;2;1;66;0;0;0;0;0;0;0;0;0;0;0;0;0;0;0;0;0;0;0;0;0;0;0;0;0;0;0;0;0;0;0;0;0;0;0;0
10.07.2024;14:17;A 87;1;0;100;0;100;7;84;11;10;7;79;4;54;0;0;0;100;0;0;0;0;0;0;0;0;0;0;0;0;0;0;0;0;0;0;0;0;0;0;0;0;0;0;0;0;0;0;0;0;0;0;0;0
10.07.2024;14:16;A 87;1;7;78;7;78;0;100;0;0;0;0;3;10;1;61;3;92;0;0;0;0;0;0;1;2;1;2;0;0;0;0;0;0;0;0;0;0;0;0;0;0;0;0;0;0;0;0;1;2;0;0;0;17
10.07.2024;14:15;A 87;1;0;100;2;53;1;69;10;8;2;6;4;59;3;44;1;72;0;0;0;0;1;2;0;0;0;0;0;0;0;0;0;0;0;0;0;0;0;0;0;0;0;0;0;0;0;0;0;0;0;0;9;27
10.07.2024;14:14;A 87;1;8;67;7;53;2;32;0;0;1;4;2;63;0;0;0;0;0;0;0;0;0;0;0;0;0;0;0;0;0;0;0;0;0;0;0;0;0;0;0;0;0;0;0;0;0;0;0;0;0;0;1;0
10.07.2024;14:13;A 87;1;1;98;2;41;9;47;4;3;11;27;4;87;0;0;0;0;0;0;0;0;0;0;0;0;0;0;0;0;0;0;0;0;0;0;0;0;0;0;0;0;0;0;0;0;0;0;0;0;0;0;0;0
10.07.2024;14:12;A 87;1;9;78;8;29;5;62;1;1;4;59;4;45;0;0;0;0;0;0;0;0;0;0;0;0;0;0;0;0;0;0;0;0;0;0;0;0;0;0;0;0;0;0;0;0;0;0;0;0;0;0;10;3
10.07.2024;14:11;A 87;1;1;99;2;6;1;42;3;2;3;43;4;70;1;2;1;9;0;0;0;0;0;0;0;0;0;0;0;0;0;0;0;0;0;0;0;0;0;0;0;0;0;0;0;0;0;0;0;0;0;0;0;0
10.07.2024;14:10;A 87;1;7;66;8;63;3;38;3;3;2;30;9;16;1;3;1;90;0;0;0;0;0;0;0;0;0;0;0;0;0;0;0;0;1;1;0;0;0;0;0;0;0;0;0;0;0;0;0;0;0;0;1;1
10.07.2024;14:09;A 87;1;1;2;1;2;4;15;5;7;5;7;0;29;0;0;0;24;0;0;0;0;0;0;0;0;0;0;0;0;0;0;0;0;0;0;0;0;0;0;0;0;0;0;0;0;0;0;0;0;0;0;1;0
10.07.2024;14:08;A 87;1;4;70;4;9;5;64;7;7;5;61;2;45;1;2;1;19;0;0;0;0;0;0;0;0;0;0;0;0;0;0;0;0;0;0;0;0;0;0;0;0;0;0;0;0;0;0;0;0;0;0;0;0
10.07.2024;14:07;A 87;1;12;26;11;23;4;8;1;1;3;5;2;68;0;0;0;0;0;0;0;0;0;0;0;0;0;0;1;2;1;2;1;2;0;0;0;0;0;0;0;0;0;0;0;0;0;0;0;0;1;2;0;0
10.07.2024;14:06;A 87;1;0;100;0;100;1;97;2;2;2;97;5;51;0;0;0;0;0;0;0;0;0;0;0;0;0;0;0;0;0;0;0;0;0;0;0;0;0;0;0;0;0;0;0;0;0;0;0;0;0;0;0;0
10.07.2024;14:05;A 87;1;7;67;6;72;3;39;1;1;2;37;2;23;0;0;0;70;0;0;0;0;0;0;0;0;1;2;0;0;0;0;0;0;0;0;0;0;0;0;0;0;0;0;0;0;0;0;1;2;0;0;0;0
10.07.2024;14:04;A 87;1;0;100;2;7;3;72;4;3;4;67;6;64;1;2;1;74;0;0;0;0;1;2;1;2;0;0;0;0;0;0;0;0;0;0;0;0;0;0;0;0;0;0;0;0;0;0;0;0;0;0;0;0
10.07.2024;14:03;A 87;1;3;41;2;4;6;40;0;0;4;40;3;6;1;2;1;73;0;0;0;0;0;0;0;0;0;0;0;0;0;0;0;0;0;0;0;0;0;0;0;0;0;0;0;0;0;0;0;0;0;0;0;0
10.07.2024;14:02;A 87;1;1;35;2;5;1;58;7;7;3;53;6;83;1;1;1;38;0;0;0;0;0;0;0;0;0;0;0;0;0;0;0;0;0;0;0;0;0;0;0;0;0;0;0;0;0;0;0;0;0;0;0;0
10.07.2024;14:01;A 87;1;6;49;6;20;7;58;3;3;5;59;4;24;2;2;1;46;0;0;0;0;0;0;0;0;0;0;0;0;0;0;0;0;0;0;0;0;0;0;0;0;0;0;0;0;0;0;0;0;0;0;0;0
10.07.2024;14:00;A 87;1;3;4;2;3;1;41;3;4;3;38;3;38;0;0;0;49;0;0;0;0;0;0;0;0;0;0;0;0;1;2;1;2;0;0;0;0;0;0;0;0;0;0;0;0;0;0;0;0;1;2;0;0
10.07.2024;13:59;A 87;1;7;78;6;86;6;76;3;3;5;75;4;18;0;0;0;100;0;0;0;0;0;0;0;0;0;0;1;2;0;0;0;0;0;0;0;0;0;0;0;0;0;0;0;0;0;0;0;0;0;0;0;0
10.07.2024;13:58;A 87;1;9;78;10;25;4;48;5;5;4;25;2;29;1;2;1;55;0;0;0;0;0;0;0;0;0;0;0;0;0;0;0;0;0;0;0;0;0;0;0;0;0;0;0;0;0;0;0;0;0;0;1;1
10.07.2024;13:57;A 87;1;4;90;3;7;5;89;0;0;4;91;4;27;0;0;0;100;0;0;0;0;0;0;0;0;0;0;0;0;0;0;0;0;0;0;0;0;1;1;1;1;0;0;0;0;0;0;0;0;0;0;1;2
10.07.2024;13:56;A 87;1;12;67;12;25;8;42;2;3;9;32;3;58;2;71;4;91;0;0;0;0;0;0;0;0;0;0;0;0;0;0;0;0;0;0;0;0;0;0;0;0;0;0;0;0;0;0;0;0;0;0;0;0
10.07.2024;13:55;A 87;1;0;100;0;0;1;84;6;5;2;81;0;45;3;14;1;86;0;0;0;0;0;0;1;2;1;2;0;0;0;0;0;0;0;0;0;0;0;0;0;0;0;0;0;0;0;0;1;2;0;0;0;0
10.07.2024;13:54;A 87;1;11;71;11;44;9;31;0;0;8;30;3;52;1;2;1;42;0;0;0;0;1;2;0;0;0;0;0;0;0;0;0;0;0;0;0;0;0;0;0;0;0;0;0;0;0;0;0;0;0;0;4;0
10.07.2024;13:53;A 87;1;0;100;0;100;1;91;6;6;2;81;2;2;0;0;0;0;0;0;0;0;0;0;0;0;0;0;0;0;0;0;0;0;0;0;0;0;0;0;0;0;0;0;0;0;0;0;0;0;0;0;0;0
10.07.2024;13:52;A 87;1;11;66;10;75;0;28;1;1;0;0;1;2;0;0;0;91;0;0;0;0;0;0;0;0;0;0;0;0;0;0;0;0;0;0;0;0;1;1;1;1;0;0;0;0;0;0;0;0;0;0;2;1
10.07.2024;13:51;A 87;1;1;98;3;92;1;67;3;2;1;2;6;9;2;3;2;90;0;0;0;0;0;0;0;0;0;0;0;0;0;0;0;0;0;0;0;0;0;0;0;0;0;0;0;0;0;0;0;0;0;0;0;0
10.07.2024;13:50;A 87;1;11;73;10;80;2;50;1;1;0;50;3;8;1;2;1;47;0;0;0;0;0;0;0;0;0;0;0;0;0;0;0;0;0;0;0;0;0;0;0;0;0;0;0;0;0;0;0;0;0;0;3;1
10.07.2024;13:49;A 87;1;0;100;1;94;8;46;7;6;10;36;0;0;0;0;0;0;0;0;0;0;0;0;0;0;0;0;0;0;0;0;0;0;0;0;0;0;0;0;0;0;0;0;0;0;0;0;0;0;0;0;0;0
10.07.2024;13:48;A 87;1;4;79;5;23;9;77;3;3;7;78;3;3;1;0;0;0;0;0;0;0;0;0;0;0;0;0;0;0;0;0;0;0;0;0;0;0;0;0;0;0;0;0;0;0;0;0;0;0;0;0;0;0
10.07.2024;13:47;A 87;1;1;79;1;1;0;100;6;6;1;42;2;6;0;0;1;22;0;0;0;0;0;0;1;2;1;2;0;0;0;0;0;0;0;0;0;0;0;0;0;0;0;0;0;0;0;0;1;2;0;0;0;0
10.07.2024;13:46;A 87;1;4;92;2;92;0;100;2;3;1;1;6;31;2;3;1;88;0;0;0;0;1;2;0;0;0;0;1;2;1;2;1;2;0;0;0;0;0;0;0;0;0;0;0;0;0;0;0;0;1;2;0;0
10.07.2024;13:45;A 87;1;8;67;8;27;8;44;2;1;8;20;2;68;0;0;0;58;0;0;0;0;0;0;0;0;0;0;0;0;0;0;0;0;0;0;0;0;0;0;0;0;0;0;0;0;0;0;0;0;0;0;1;1
10.07.2024;13:44;A 87;1;0;100;1;45;2;85;7;6;3;88;0;0;1;2;1;61;0;0;0;0;0;0;0;0;0;0;0;0;0;0;0;0;0;0;0;0;0;0;0;0;0;0;0;0;0;0;0;0;0;0;0;0
10.07.2024;13:43;A 87;1;6;41;5;35;7;23;2;3;5;28;1;2;0;0;0;58;0;0;0;0;0;0;0;0;0;0;0;0;0;0;0;0;0;0;0;0;0;0;0;0;0;0;0;0;0;0;0;0;0;0;17;8
10.07.2024;13:42;A 87;1;0;100;2;50;8;84;2;1;9;64;1;57;0;0;0;100;0;0;0;0;0;0;0;0;0;0;0;0;0;0;0;0;0;0;0;0;0;0;0;0;0;0;0;0;0;0;0;0;0;0;-1;0
10.07.2024;13:41;A 87;1;3;55;3;5;1;30;0;0;1;28;2;3;1;1;1;87;0;0;0;0;0;0;0;0;0;0;0;0;0;0;0;0;0;0;0;0;0;0;0;0;0;0;0;0;0;0;0;0;0;0;0;0
10.07.2024;13:40;A 87;1;1;10;1;1;1;36;4;7;2;37;4;11;1;2;2;48;0;0;0;0;0;0;0;0;0;0;1;2;1;2;2;3;0;0;0;0;0;0;0;0;0;0;0;0;0;0;0;0;1;2;0;0
10.07.2024;13:39;A 87;1;7;62;5;63;0;46;2;2;0;0;2;5;2;7;1;24;0;0;0;0;0;0;0;0;0;0;1;2;1;2;0;0;0;0;0;0;0;0;0;0;0;0;0;0;0;0;0;0;1;2;0;0
10.07.2024;13:38;A 87;1;1;53;3;45;2;42;7;6;2;3;2;93;0;0;0;0;0;0;0;0;0;0;0;0;0;0;0;0;0;0;0;0;0;0;0;0;0;0;0;0;0;0;0;0;0;0;0;0;0;0;1;0
10.07.2024;13:37;A 87;1;8;82;6;72;3;61;4;6;3;9;6;38;0;0;0;0;0;0;0;0;0;0;0;0;0;0;0;0;0;0;0;0;0;0;0;0;0;0;0;0;0;0;0;0;0;0;0;0;0;0;-1;0
10.07.2024;13:36;A 87;1;4;44;4;7;2;4;33;36;1;2;3;38;0;0;1;72;0;0;0;0;0;0;1;2;1;2;0;0;0;0;0;0;0;0;0;0;0;0;0;0;0;0;0;0;0;0;1;2;0;0;0;0
10.07.2024;13:35;A 87;1;2;92;3;33;4;90;37;20;4;36;6;28;1;2;1;99;0;0;0;0;1;2;0;0;0;0;0;0;0;0;0;0;0;0;0;0;0;0;2;3;0;0;0;0;0;0;0;0;0;0;1;0
10.07.2024;13:34;A 87;1;4;19;2;9;6;18;6;4;6;13;1;2;2;44;3;42;0;0;0;0;0;0;0;0;0;0;0;0;0;0;0;0;0;0;0;0;0;0;0;0;0;0;0;0;0;0;0;0;0;0;0;0
10.07.2024;13:33;A 87;1;0;100;2;24;0;99;10;9;0;96;2;3;1;93;0;100;0;0;0;0;0;0;0;0;0;0;0;0;0;0;0;0;0;0;0;0;0;0;0;0;0;0;0;0;0;0;0;0;0;0;0;0
10.07.2024;13:32;A 87;1;6;66;4;29;12;81;1;1;12;69;1;2;2;73;2;94;0;0;0;0;0;0;0;0;0;0;0;0;0;0;0;0;0;0;0;0;0;0;0;0;0;0;0;0;0;0;0;0;0;0;0;0
10.07.2024;13:31;A 87;1;2;94;3;24;0;100;2;3;0;0;8;66;3;47;4;57;0;0;0;0;0;0;0;0;0;0;0;0;0;0;0;0;0;0;0;0;0;0;0;0;0;0;0;0;0;0;0;0;0;0;0;0
10.07.2024;13:30;A 87;1;9;49;9;38;6;89;0;0;5;62;3;67;1;90;0;100;0;0;0;0;0;0;0;0;1;2;1;2;1;2;1;2;0;0;0;0;0;0;0;0;0;0;0;0;0;0;1;2;1;2;1;0
10.07.2024;13:29;A 87;1;1;48;1;2;1;58;5;6;3;53;4;39;1;3;1;97;0;0;0;0;1;2;1;2;0;0;0;0;0;0;0;0;0;0;0;0;0;0;0;0;0;0;0;0;0;0;0;0;0;0;0;0
10.07.2024;13:28;A 87;1;4;60;2;59;4;53;0;0;3;7;6;9;2;92;3;93;0;0;0;0;0;0;0;0;0;0;0;0;0;0;0;0;0;0;0;0;0;0;0;0;0;0;0;0;0;0;0;0;0;0;0;0
10.07.2024;13:27;A 87;1;5;92;5;44;1;44;7;6;2;5;4;68;5;89;5;88;0;0;0;0;0;0;0;0;0;0;0;0;0;0;0;0;0;0;0;0;0;0;0;0;0;0;0;0;0;0;0;0;0;0;0;0
10.07.2024;13:26;A 87;1;6;79;7;54;5;72;2;2;4;73;5;13;2;88;0;100;0;0;0;0;0;0;0;0;0;0;0;0;0;0;0;0;0;0;0;0;0;0;0;0;0;0;0;0;0;0;0;0;0;0;0;0
10.07.2024;13:25;A 87;1;7;77;7;55;3;41;7;8;3;31;1;39;1;3;1;41;0;0;0;0;0;0;0;0;0;0;0;0;0;0;0;0;0;0;0;0;0;0;0;0;0;0;0;0;0;0;0;0;0;0;1;0
10.07.2024;13:24;A 87;1;2;94;2;94;4;85;2;2;5;81;4;20;1;2;1;43;0;0;0;0;0;0;0;0;0;0;0;0;0;0;0;0;0;0;0;0;0;0;0;0;0;0;0;0;0;0;0;0;0;0;0;0
10.07.2024;13:23;A 87;1;6;33;6;19;10;31;3;5;9;23;2;9;0;0;0;44;0;0;0;0;0;0;0;0;0;0;0;0;0;0;0;0;0;0;0;0;0;0;0;0;2;3;0;0;0;0;0;0;0;0;0;0
10.07.2024;13:22;A 87;1;0;100;2;27;2;74;5;9;3;13;3;8;1;2;1;52;0;0;0;0;0;0;0;0;0;0;0;0;0;0;0;0;0;0;0;0;0;0;0;0;0;0;0;0;0;0;0;0;0;0;0;0
10.07.2024;13:21;A 87;1;6;62;4;28;6;26;2;1;4;27;2;8;0;0;0;61;0;0;0;0;0;0;0;0;0;0;0;0;0;0;0;0;0;0;0;0;0;0;0;0;0;0;0;0;0;0;0;0;0;0;0;0
10.07.2024;13:20;A 87;1;0;0;3;7;1;77;7;7;3;77;5;50;1;7;3;92;0;0;0;0;0;0;0;0;0;0;0;0;0;0;0;0;0;0;0;0;0;0;0;0;0;0;0;0;0;0;0;0;0;0;0;0
10.07.2024;13:19;A 87;1;9;48;7;17;4;73;2;1;3;71;1;2;0;100;0;100;0;0;0;0;0;0;1;2;1;2;0;0;0;0;0;0;0;0;0;0;0;0;0;0;0;0;0;0;0;0;1;2;0;0;1;0
10.07.2024;13:18;A 87;1;1;49;3;7;6;82;20;13;5;82;4;90;3;67;1;93;0;0;0;0;1;2;0;0;0;0;0;0;0;0;0;1;0;0;0;0;0;0;0;0;0;0;0;0;0;0;0;0;0;0;0;0
10.07.2024;13:17;A 87;1;5;61;3;46;6;86;1;0;5;89;3;24;0;0;0;0;0;0;0;0;0;0;0;0;0;0;1;2;1;2;1;1;0;0;0;0;0;0;0;0;0;0;0;0;0;0;0;0;1;2;0;0
10.07.2024;13:16;A 87;1;4;85;5;48;1;43;3;3;3;32;1;3;1;3;1;27;0;0;0;0;0;0;0;0;0;0;0;0;0;0;0;0;0;0;0;0;0;0;0;0;0;0;0;0;0;0;0;0;0;0;0;0
10.07.2024;13:15;A 87;1;7;78;6;84;7;72;1;1;5;73;4;12;0;0;0;100;0;0;0;0;0;0;0;0;0;0;0;0;0;0;0;0;0;0;0;0;0;0;0;0;0;0;0;0;0;0;0;0;0;0;74;28
10.07.2024;13:14;A 87;1;8;75;8;80;2;24;3;2;3;7;3;35;1;1;2;93;0;0;0;0;0;0;0;0;0;0;0;0;0;0;0;0;0;0;0;0;0;0;0;0;0;0;0;0;0;0;0;0;0;0;13;2
10.07.2024;13:13;A 87;1;2;93;2;92;5;91;9;9;5;89;4;26;0;0;0;100;0;0;0;0;0;0;0;0;0;0;0;0;0;0;0;0;0;0;0;0;0;0;0;0;0;0;0;0;0;0;0;0;0;0;0;0
10.07.2024;13:12;A 87;1;8;76;8;71;7;13;3;2;7;14;1;3;2;7;2;62;0;0;0;0;0;0;0;0;0;0;0;0;0;0;0;0;0;0;0;0;0;0;0;0;0;0;0;0;0;0;0;0;0;0;0;0
10.07.2024;13:11;A 87;1;0;100;0;100;2;84;6;8;3;74;2;2;2;3;1;57;0;0;0;0;0;0;0;0;0;0;0;0;0;0;0;0;0;0;0;0;0;0;0;0;0;0;0;0;0;0;0;0;0;0;0;0
10.07.2024;13:10;A 87;1;4;61;5;25;6;26;1;2;4;28;2;5;1;2;1;8;0;0;0;0;0;0;0;0;0;0;0;0;0;0;0;0;0;0;0;0;0;0;0;0;0;0;0;0;0;0;0;0;0;0;0;0
10.07.2024;13:09;A 87;1;1;95;2;3;1;70;3;6;3;63;2;60;0;0;0;0;0;0;0;0;0;0;0;0;0;0;0;0;0;0;0;0;0;0;0;0;0;0;0;0;0;0;0;0;0;0;0;0;0;0;0;0
10.07.2024;13:08;A 87;1;12;54;10;56;0;0;0;0;0;0;3;32;0;0;0;0;0;0;0;0;0;0;0;0;0;0;1;2;1;2;1;2;0;0;0;0;0;0;0;0;0;0;0;0;0;0;0;0;1;2;0;0
10.07.2024;13:07;A 87;1;1;80;3;44;0;0;2;2;0;0;0;0;0;13;2;12;0;0;0;0;0;0;0;0;0;0;0;0;0;0;0;0;0;0;0;0;0;0;0;0;0;0;0;0;0;0;0;0;0;0;0;0
10.07.2024;13:06;A 87;1;7;64;5;68;9;62;2;3;8;15;2;5;3;9;1;21;0;0;0;0;0;0;0;0;1;2;0;0;0;0;0;0;0;0;0;0;0;0;0;0;0;0;0;0;0;0;1;2;0;0;2;1
10.07.2024;13:05;A 87;1;4;53;5;23;1;57;3;3;2;5;2;3;0;0;0;23;0;0;0;0;1;2;1;2;0;0;0;0;0;0;0;0;0;0;0;0;0;0;0;0;0;0;0;0;0;0;0;0;0;0;0;0
10.07.2024;13:04;A 87;1;7;83;7;82;5;70;3;3;4;62;3;8;1;2;1;90;0;0;0;0;0;0;0;0;0;0;0;0;0;0;0;0;0;0;0;0;0;0;0;0;0;0;0;0;0;0;0;0;0;0;0;0
10.07.2024;13:03;A 87;1;7;57;7;51;1;19;6;7;2;5;3;53;2;44;4;45;0;0;0;0;0;0;0;0;0;0;0;0;0;0;0;0;0;0;0;0;0;0;0;0;0;0;0;0;0;0;0;0;0;0;1;0
10.07.2024;13:02;A 87;1;4;8;4;82;3;84;6;7;2;8;2;24;1;39;0;100;0;0;0;0;0;0;0;0;0;0;0;0;0;0;0;0;0;0;0;0;0;0;0;0;0;0;0;0;0;0;0;0;0;0;1;0
10.07.2024;13:01;A 87;1;4;11;3;10;9;21;3;3;9;21;2;32;2;3;1;34;0;0;0;0;0;0;0;0;0;0;0;0;0;0;0;0;0;0;0;0;0;0;0;0;0;0;0;0;0;0;0;0;0;0;0;0
10.07.2024;13:00;A 87;1;0;100;2;92;2;89;6;6;3;12;2;2;0;0;0;0;0;0;0;0;0;0;0;0;0;0;0;0;0;0;0;0;0;0;0;0;0;0;0;0;0;0;0;0;0;0;0;0;0;0;0;0
10.07.2024;12:59;A 87;1;10;41;8;35;3;18;1;1;1;14;0;0;1;1;1;23;0;0;0;0;0;0;0;0;0;0;1;2;1;2;1;2;0;0;0;0;0;0;0;0;0;0;0;0;0;0;0;0;1;2;0;0
10.07.2024;12:58;A 87;1;0;100;0;100;1;77;2;2;2;78;0;0;1;2;2;3;0;0;0;0;0;0;0;0;0;0;0;0;0;0;0;0;0;0;0;0;1;1;2;3;0;0;0;0;0;0;0;0;0;0;0;0
10.07.2024;12:57;A 87;1;9;71;9;64;5;38;1;4;4;36;3;4;2;95;3;93;0;0;0;0;0;0;0;0;0;0;0;0;0;0;0;0;0;0;0;0;0;0;0;0;0;0;0;0;0;0;0;0;0;0;0;0
10.07.2024;12:56;A 87;1;0;100;2;97;6;86;7;5;6;86;4;14;3;27;1;87;0;0;0;0;0;0;0;0;0;0;0;0;0;0;0;0;0;0;0;0;0;0;0;0;0;0;0;0;0;0;0;0;0;0;0;0
10.07.2024;12:55;A 87;1;3;59;3;55;7;86;36;52;6;87;4;7;0;0;0;0;0;0;0;0;0;0;1;2;1;2;0;0;0;0;0;0;0;0;2;2;2;2;0;0;0;0;0;0;0;0;1;2;0;0;0;0
10.07.2024;12:54;A 87;1;1;42;1;4;5;35;18;23;7;35;2;56;0;0;0;0;0;0;0;0;1;2;0;0;0;0;0;0;0;0;0;0;0;0;0;0;0;0;0;0;0;0;0;0;0;0;0;0;0;0;0;0
10.07.2024;12:53;A 87;1;5;79;3;78;7;74;4;10;6;11;5;17;0;0;0;0;0;0;0;0;0;0;0;0;0;0;0;0;0;0;0;0;0;0;0;0;0;0;0;0;0;0;0;0;0;0;0;0;0;0;0;0
10.07.2024;12:52;A 87;1;5;56;6;28;1;37;5;5;2;7;3;46;2;28;2;40;0;0;0;0;0;0;0;0;0;0;0;0;0;0;0;0;0;0;0;0;0;0;0;0;0;0;0;0;0;0;0;0;0;0;1;0
10.07.2024;12:51;A 87;1;2;89;3;4;5;87;1;2;3;89;5;7;0;0;0;100;0;0;0;0;0;0;0;0;0;0;0;0;0;0;0;0;0;0;0;0;0;0;0;0;0;0;0;0;0;0;0;0;0;0;0;0
10.07.2024;12:50;A 87;1;10;37;8;24;1;23;2;3;3;17;1;2;2;57;3;90;0;0;0;0;0;0;0;0;0;0;0;0;0;0;0;0;0;0;0;0;0;0;0;0;0;0;0;0;0;0;0;0;0;0;1;0
10.07.2024;12:49;A 87;1;0;100;0;100;1;9;3;4;0;0;1;1;2;4;1;79;0;0;0;0;0;0;0;0;0;0;0;0;0;0;0;0;0;0;0;0;0;0;0;0;0;0;0;0;0;0;0;0;0;0;0;0
10.07.2024;12:48;A 87;1;6;66;6;54;9;27;0;0;8;31;1;1;1;2;1;33;0;0;0;0;0;0;0;0;0;0;0;0;0;0;0;0;0;0;0;0;0;0;0;0;0;0;0;0;0;0;0;0;0;0;0;0
10.07.2024;12:47;A 87;1;1;74;3;14;1;91;10;8;3;89;2;4;0;0;0;0;0;0;0;0;0;0;0;0;0;0;0;0;0;0;0;0;0;0;0;0;0;0;0;0;0;0;0;0;0;0;0;0;0;0;0;0
10.07.2024;12:46;A 87;1;8;45;7;25;9;62;4;6;7;64;0;0;1;2;1;44;0;0;0;0;0;0;0;1;1;2;0;0;0;0;1;2;0;0;0;0;0;0;0;0;0;0;0;0;0;0;1;2;1;2;2;0
10.07.2024;12:45;A 87;1;0;100;1;2;1;56;3;3;4;47;6;20;0;0;1;10;0;0;0;0;1;2;1;1;0;0;1;2;1;2;0;0;0;0;0;0;0;0;0;0;0;0;0;0;0;0;0;0;0;0;0;0
10.07.2024;12:44;A 87;1;12;69;10;21;6;59;0;0;4;60;1;1;2;4;1;69;0;0;0;0;0;0;0;0;0;0;0;0;0;0;0;0;0;0;0;0;0;0;0;0;0;0;0;0;0;0;0;0;0;0;3;0
10.07.2024;12:43;A 87;1;1;97;2;5;4;89;5;6;5;30;3;59;1;1;1;8;0;0;0;0;0;0;0;0;0;0;0;0;0;0;0;0;0;0;0;0;0;0;0;0;0;0;0;0;0;0;0;0;0;0;0;0
10.07.2024;12:42;A 87;1;5;78;4;81;10;80;3;3;10;21;1;1;0;0;0;100;0;0;0;0;0;0;0;0;0;0;0;0;0;0;0;0;0;0;0;0;0;0;0;0;0;0;0;0;0;0;0;0;0;0;0;0
10.07.2024;12:41;A 87;1;7;79;8;45;2;34;4;3;2;8;1;3;1;42;3;78;0;0;0;0;0;0;0;0;0;0;0;0;0;0;0;0;0;0;0;0;0;0;0;0;0;0;0;0;0;0;0;0;0;0;1;0
10.07.2024;12:40;A 87;1;3;92;2;95;6;88;1;2;7;82;6;10;2;19;0;100;0;0;0;0;0;0;0;0;0;0;0;0;0;0;0;0;0;0;0;0;0;0;0;0;0;0;0;0;0;0;0;0;0;0;0;0
10.07.2024;12:39;A 87;1;9;68;8;23;5;12;3;2;4;7;2;12;1;1;1;49;0;0;0;0;0;0;0;0;0;0;0;0;0;0;0;0;0;0;0;0;0;0;0;0;0;0;0;0;0;0;0;0;0;0;0;0
10.07.2024;12:38;A 87;1;0;100;1;93;2;89;9;8;3;88;2;41;1;1;1;44;0;0;0;0;0;0;0;0;0;0;0;0;0;0;0;0;0;0;0;0;0;0;0;0;0;0;0;0;0;0;0;0;0;0;0;0
10.07.2024;12:37;A 87;1;7;20;7;36;6;20;3;3;4;20;3;49;0;0;0;0;0;0;0;0;0;0;0;0;0;0;0;0;0;0;0;0;0;0;0;0;0;0;0;0;0;0;0;0;0;0;0;0;0;0;0;0
10.07.2024;12:36;A 87;1;0;100;1;26;0;100;6;5;0;100;3;5;0;0;0;0;0;0;0;0;0;0;1;2;1;2;0;0;0;0;0;0;0;0;0;0;0;0;0;0;0;0;0;0;0;0;1;2;0;0;0;0
10.07.2024;12:35;A 87;1;7;82;6;52;2;95;6;2;2;90;2;38;0;0;0;0;0;0;0;0;1;2;0;0;0;0;0;0;1;2;1;2;0;0;0;0;0;0;0;0;0;0;0;0;0;0;0;0;1;2;0;34
10.07.2024;12:34;A 87;1;0;100;0;100;7;82;4;4;7;62;5;90;0;0;0;0;0;0;0;0;0;0;0;0;0;0;1;2;0;0;0;0;0;0;0;0;0;0;1;1;0;0;0;0;0;0;0;0;0;0;2;80
10.07.2024;12:33;A 87;1;4;25;4;71;5;53;0;0;5;55;2;49;1;4;1;91;0;0;0;0;0;0;0;0;0;0;0;0;0;0;0;0;0;0;0;0;0;0;0;0;0;0;0;0;0;0;0;0;0;0;0;0
10.07.2024;12:32;A 87;1;0;87;1;19;1;46;6;13;2;6;3;46;2;4;2;39;0;0;0;0;0;0;0;0;0;0;0;0;0;0;0;0;0;0;0;0;0;0;0;0;0;0;0;0;0;0;0;0;0;0;0;0
10.07.2024;12:31;A 87;1;6;82;5;84;3;67;2;2;2;6;1;1;0;0;0;0;0;0;0;0;0;0;0;0;0;0;0;0;0;0;0;0;0;0;0;0;0;0;0;0;0;0;0;0;0;0;0;0;0;0;2;2
10.07.2024;12:30;A 87;1;1;60;3;35;4;14;7;7;4;11;0;0;1;1;1;24;0;0;0;0;0;0;0;0;0;0;0;0;0;0;0;0;2;2;0;0;0;0;0;0;0;0;0;0;0;0;0;0;0;0;0;0
10.07.2024;12:29;A 87;1;3;85;2;9;6;88;1;1;7;86;0;25;0;0;1;97;0;0;0;0;0;0;0;0;0;0;0;0;0;0;0;0;0;0;0;0;0;0;0;0;0;0;0;0;0;0;0;0;0;0;0;0
10.07.2024;12:28;A 87;1;6;24;5;11;5;18;2;2;4;18;3;18;2;5;1;53;0;0;0;0;0;0;0;0;0;0;0;0;0;0;0;0;0;0;0;0;0;0;0;0;0;0;0;0;0;0;0;0;0;0;0;0
10.07.2024;12:27;A 87;1;0;100;0;100;3;6;6;6;4;77;2;17;0;2;1;93;0;0;0;0;0;0;0;0;0;0;1;2;1;2;1;2;0;0;0;0;0;0;0;0;0;0;0;0;0;0;0;0;1;2;0;0
10.07.2024;12:26;A 87;1;8;40;8;46;4;44;2;2;4;41;2;5;1;0;0;0;0;0;0;0;0;0;0;0;1;2;0;0;0;0;0;0;0;0;0;0;0;0;1;1;0;0;0;0;0;0;1;2;0;0;0;0
10.07.2024;12:25;A 87;1;1;65;3;38;1;74;5;4;2;50;1;1;0;0;0;0;0;0;0;0;0;0;1;2;0;0;0;0;0;0;0;0;0;0;0;0;1;1;1;1;0;0;0;0;0;0;0;0;0;0;0;0
10.07.2024;12:24;A 87;1;8;49;6;53;3;35;0;0;2;31;0;0;1;3;1;52;0;0;0;0;1;2;0;0;0;0;0;0;0;0;0;0;0;0;0;0;0;0;1;1;0;0;0;0;0;0;0;0;0;0;1;1
10.07.2024;12:23;A 87;1;1;95;2;94;1;54;7;8;3;45;1;1;0;0;1;10;0;0;0;0;0;0;0;0;0;0;0;0;0;0;0;0;0;0;0;0;0;0;0;0;0;0;0;0;0;0;0;0;0;0;0;0
10.07.2024;12:22;A 87;1;11;67;10;75;8;59;1;1;6;60;2;3;0;0;0;100;0;0;0;0;0;0;0;0;0;0;0;0;0;0;0;0;0;0;0;0;0;0;1;1;0;0;0;0;0;0;0;0;0;0;2;1
10.07.2024;12:21;A 87;1;4;91;6;84;1;53;5;6;3;49;2;9;2;5;2;89;0;0;0;0;0;0;0;0;0;0;0;0;0;0;0;0;0;0;0;0;0;0;0;0;0;0;0;0;0;0;0;0;0;0;0;0
10.07.2024;12:20;A 87;1;6;84;6;79;6;72;3;2;5;10;1;2;2;5;1;94;0;0;0;0;0;0;0;0;0;0;0;0;0;0;0;0;0;0;0;0;0;0;0;0;0;0;0;0;0;0;0;0;0;0;0;0
10.07.2024;12:19;A 87;1;10;31;10;14;6;35;6;7;6;15;1;2;0;0;0;0;0;0;0;0;0;0;1;2;1;2;0;0;0;0;0;0;0;0;0;0;0;0;0;0;0;0;0;0;0;0;1;2;0;0;4;0
10.07.2024;12:18;A 87;1;3;91;3;88;4;17;6;38;3;93;2;25;0;0;0;0;0;0;0;0;1;2;0;0;0;0;0;0;0;0;0;0;0;0;0;0;0;0;0;0;0;0;0;0;0;0;0;0;0;0;1;0
10.07.2024;12:17;A 87;1;9;59;8;17;10;17;0;0;11;19;2;28;4;62;6;63;0;0;0;0;0;0;0;0;0;0;0;0;0;0;0;0;0;0;0;0;0;0;0;0;0;0;0;0;0;0;0;0;0;0;0;0
10.07.2024;12:16;A 87;1;0;100;0;0;2;84;3;3;3;74;5;50;1;65;0;100;0;0;0;0;0;0;0;0;0;0;0;0;0;0;1;2;0;0;0;0;0;0;0;0;0;0;0;0;0;0;0;0;0;0;0;0
10.07.2024;12:15;A 87;1;11;73;11;54;2;15;0;0;0;15;2;4;3;65;2;94;0;0;0;0;0;0;0;0;0;0;1;2;1;2;0;0;0;0;0;0;0;0;0;0;0;0;0;0;0;0;0;0;1;2;3;3
10.07.2024;12:14;A 87;1;0;100;1;68;1;74;3;3;3;70;4;6;1;3;1;17;0;0;0;0;0;0;0;0;0;0;0;0;0;0;0;0;0;0;0;0;0;0;0;0;0;0;0;0;0;0;0;0;0;0;0;0
10.07.2024;12:13;A 87;1;7;79;6;68;7;64;1;50;6;62;2;8;0;0;0;98;0;0;0;0;0;0;0;0;0;0;0;0;0;0;0;0;0;0;0;0;0;0;0;0;0;0;0;0;0;0;0;0;0;0;0;53
10.07.2024;12:12;A 87;1;0;100;1;82;1;55;6;6;2;56;1;1;1;2;1;62;0;0;0;0;0;0;0;0;0;0;0;0;0;0;0;0;0;0;0;0;0;0;0;0;0;0;0;0;0;0;0;0;0;0;1;87
10.07.2024;12:11;A 87;1;8;67;7;67;7;57;0;1;6;15;3;3;0;0;0;98;0;0;0;0;0;0;0;0;0;0;0;0;0;0;0;0;0;0;0;0;0;0;0;0;0;0;0;0;0;0;0;0;0;0;1;0
10.07.2024;12:10;A 87;1;1;35;3;14;1;51;5;3;2;5;5;62;2;6;3;29;0;0;0;0;0;0;0;0;0;0;0;0;0;0;0;0;0;0;0;0;0;0;0;0;0;0;0;0;0;0;0;0;0;0;0;0
10.07.2024;12:09;A 87;1;7;85;5;81;5;67;2;2;3;71;4;9;1;2;0;100;0;0;0;0;0;0;0;0;0;0;0;0;0;0;0;0;0;0;0;0;0;0;0;0;0;0;0;0;0;0;0;0;0;0;1;1
10.07.2024;12:08;A 87;1;4;47;6;32;1;27;1;4;3;21;3;21;1;1;1;40;0;0;0;0;0;0;0;0;0;0;0;0;0;0;0;0;0;0;0;0;0;0;0;0;0;0;0;0;0;0;0;0;0;0;0;0
10.07.2024;12:07;A 87;1;3;89;3;91;4;90;1;2;2;87;0;0;1;1;1;28;0;0;0;0;0;0;0;0;0;0;0;0;0;0;0;0;0;0;0;0;0;0;1;1;0;0;0;0;0;0;0;0;0;0;1;38
10.07.2024;12:06;A 87;1;10;68;10;76;2;30;2;3;3;18;1;2;2;29;3;63;0;0;0;0;0;0;0;0;0;0;0;0;0;0;0;0;0;0;2;2;0;0;0;0;0;0;0;0;0;0;1;2;0;0;0;0
10.07.2024;12:05;A 87;1;0;100;1;22;6;85;4;5;6;17;4;11;2;5;1;69;0;0;0;0;0;0;1;2;1;2;1;2;1;2;1;2;0;0;0;0;1;1;1;1;0;0;0;0;0;0;0;0;1;2;0;0
10.07.2024;12:04;A 87;1;5;78;4;31;7;29;2;3;7;20;2;3;0;0;0;0;0;0;0;0;1;2;0;0;0;0;0;0;0;0;0;0;0;0;0;0;0;0;0;0;0;0;0;0;0;0;0;0;0;0;0;0
10.07.2024;12:03;A 87;1;0;100;0;100;1;90;3;2;2;8;6;14;0;0;0;0;0;0;0;0;0;0;0;0;0;0;0;0;0;0;0;0;0;0;0;0;0;0;1;1;0;0;0;0;0;0;0;0;0;0;5;3
10.07.2024;12:02;A 87;1;8;69;9;31;2;33;0;0;1;29;0;0;1;1;1;76;0;0;0;0;0;0;0;0;0;0;0;0;0;0;0;0;0;0;0;0;0;0;0;0;0;0;0;0;0;0;0;0;0;0;2;0
10.07.2024;12:01;A 87;1;1;61;2;7;1;67;3;2;2;60;3;45;0;0;0;0;0;0;0;0;0;0;0;0;0;0;0;0;0;0;0;0;0;0;0;0;0;0;0;0;0;0;0;0;0;0;0;0;0;0;0;0
10.07.2024;12:00;A 87;1;6;65;4;65;1;48;1;2;0;46;1;1;0;0;0;95;0;0;0;0;0;0;0;0;0;0;0;0;0;0;0;0;0;0;0;0;1;2;2;3;0;0;0;0;0;0;0;0;0;0;0;0
10.07.2024;11:59;A 87;1;1;79;3;40;1;46;6;7;2;41;3;75;4;24;4;54;0;0;0;0;0;0;0;0;0;0;0;0;0;0;0;0;0;0;0;0;1;1;1;1;0;0;0;0;0;0;0;0;0;0;0;0
10.07.2024;11:58;A 87;1;5;78;5;12;7;82;2;12;5;77;3;7;1;2;1;23;0;0;0;0;0;0;0;0;0;0;0;0;0;0;0;0;0;0;0;0;0;0;0;0;0;0;0;0;0;0;0;0;0;0;0;0
10.07.2024;11:57;A 87;1;9;24;7;10;10;73;5;26;11;64;1;2;0;0;1;65;0;0;0;0;0;0;0;0;0;0;0;0;0;0;0;0;0;0;0;0;0;0;0;0;0;0;0;0;0;0;0;0;0;0;1;1
10.07.2024;11:56;A 87;1;3;92;3;95;0;100;3;3;0;100;1;3;2;4;1;76;0;0;0;0;0;0;0;0;0;0;1;2;1;2;1;2;0;0;0;0;0;0;0;0;0;0;0;0;0;0;0;0;1;2;0;0
10.07.2024;11:55;A 87;1;3;37;4;12;1;16;1;1;2;16;0;0;1;70;2;86;0;0;0;0;0;0;1;2;1;2;0;0;0;0;0;0;0;0;0;0;0;0;0;0;0;0;0;0;0;0;1;2;0;0;0;0
10.07.2024;11:54;A 87;1;0;100;1;2;3;11;1;1;2;3;1;42;1;1;0;100;0;0;0;0;1;2;0;0;0;0;0;0;0;0;0;0;0;0;0;0;0;0;0;0;0;0;0;0;0;0;0;0;0;0;0;0
10.07.2024;11:53;A 87;1;6;44;5;31;10;31;1;1;9;32;2;30;1;2;2;64;0;0;0;0;0;0;0;0;0;0;0;0;0;0;0;0;0;0;0;0;0;0;0;0;0;0;0;0;0;0;0;0;0;0;6;1
10.07.2024;11:52;A 87;1;0;100;2;18;1;88;6;6;3;81;4;51;2;5;1;15;0;0;0;0;0;0;0;0;0;0;0;0;0;0;0;0;0;0;0;0;0;0;0;0;0;0;0;0;0;0;0;0;0;0;0;0
10.07.2024;11:51;A 87;1;9;59;7;52;1;32;1;0;0;28;2;3;1;5;1;88;0;0;0;0;0;0;0;0;0;0;0;0;0;0;0;0;0;0;0;0;0;0;0;0;0;0;0;0;0;0;0;0;0;0;1;0
10.07.2024;11:50;A 87;1;1;92;3;53;1;60;2;2;2;64;3;69;1;13;3;71;0;0;0;0;0;0;0;0;0;0;0;0;0;0;0;0;0;0;0;0;0;0;0;0;0;0;0;0;0;0;0;0;0;0;0;0
10.07.2024;11:49;A 87;1;10;65;9;71;10;62;3;3;8;61;2;4;2;21;1;98;0;0;0;0;0;0;0;0;0;0;0;0;0;0;0;0;0;0;0;0;0;0;0;0;0;0;0;0;0;0;0;0;0;0;1;1
10.07.2024;11:48;A 87;1;4;91;6;36;1;64;5;5;3;52;2;58;1;2;0;24;0;0;0;0;0;0;0;0;0;0;0;0;0;0;0;0;0;0;0;0;0;0;0;0;0;0;0;0;0;0;0;0;0;0;0;0
10.07.2024;11:47;A 87;1;8;78;9;84;8;76;2;2;6;77;6;7;1;2;1;33;0;0;0;0;0;0;0;0;0;0;0;0;0;0;0;0;0;0;0;0;0;0;0;0;0;0;0;0;0;0;0;0;0;0;1;1
10.07.2024;11:46;A 87;1;4;92;5;85;0;100;2;1;0;100;0;0;0;0;1;24;0;0;0;0;0;0;0;0;1;2;0;0;0;0;0;0;0;0;0;0;0;0;1;1;0;0;0;0;0;0;1;2;0;0;0;0
10.07.2024;11:45;A 87;1;3;91;3;96;0;100;2;2;0;100;3;22;1;2;0;100;0;0;0;0;1;2;1;2;0;0;1;2;1;2;1;2;0;0;0;0;0;0;0;0;0;0;0;0;0;0;0;0;1;2;1;84
10.07.2024;11:44;A 87;1;10;69;10;74;7;36;6;6;8;20;2;6;4;68;6;87;0;0;0;0;0;0;0;0;0;0;0;0;0;0;0;0;0;0;0;0;0;0;0;0;0;0;0;0;0;0;0;0;0;0;4;34
10.07.2024;11:43;A 87;1;0;100;0;100;2;84;6;5;3;78;8;12;0;100;0;100;0;0;0;0;0;0;0;0;0;0;0;0;0;0;0;0;0;0;0;0;0;0;0;0;0;0;0;0;0;0;0;0;0;0;0;0
10.07.2024;11:42;A 87;1;7;75;8;69;8;30;0;0;6;29;2;28;3;25;1;40;0;0;0;0;0;0;0;0;0;0;0;0;0;0;0;0;1;1;0;0;1;1;0;0;0;0;0;0;0;0;0;0;0;0;1;2
10.07.2024;11:41;A 87;1;0;100;0;100;1;76;6;6;3;63;3;61;0;0;0;0;0;0;0;0;0;0;0;0;0;0;0;0;0;0;0;0;0;0;0;0;0;0;0;0;0;0;0;0;0;0;0;0;0;0;0;0
10.07.2024;11:40;A 87;1;7;75;7;80;10;77;2;3;9;38;3;55;0;0;0;0;0;0;0;0;0;0;0;0;0;0;0;0;0;0;0;0;0;0;0;0;0;0;1;1;0;0;0;0;0;0;0;0;0;0;6;3
10.07.2024;11:39;A 87;1;1;99;1;44;1;75;9;13;2;75;4;9;0;13;2;13;0;0;0;0;0;0;0;0;0;0;0;0;0;0;0;0;0;0;0;0;0;0;0;0;0;0;0;0;0;0;0;0;0;0;0;0
10.07.2024;11:38;A 87;1;8;65;8;69;8;81;2;4;7;45;2;9;2;34;0;100;0;0;0;0;0;0;1;2;1;2;0;0;0;0;1;2;0;0;0;0;0;0;0;0;0;0;0;0;0;0;1;2;0;0;4;1
10.07.2024;11:37;A 87;1;3;92;4;44;1;58;7;8;2;49;3;41;1;27;3;37;0;0;0;0;1;2;0;0;0;0;1;2;1;2;0;0;0;0;0;0;0;0;0;0;0;0;0;0;0;0;0;0;1;2;0;0
10.07.2024;11:36;A 87;1;7;83;6;86;9;80;3;3;8;80;4;14;0;100;0;100;0;0;0;0;0;0;0;0;0;0;0;0;0;0;0;0;0;0;0;0;0;0;0;0;0;0;0;0;0;0;0;0;0;0;0;0
10.07.2024;11:35;A 87;1;3;32;4;24;2;27;2;2;2;27;2;80;3;24;1;90;0;0;0;0;0;0;0;0;0;0;0;0;0;0;0;0;0;0;0;0;0;0;0;0;0;0;0;0;0;0;0;0;0;0;0;0
10.07.2024;11:34;A 87;1;3;93;3;64;6;87;4;6;7;76;5;11;1;2;1;62;0;0;0;0;0;0;0;0;0;0;0;0;0;0;0;0;0;0;0;0;0;0;0;0;0;0;0;0;0;0;0;0;0;0;0;84
10.07.2024;11:33;A 87;1;9;66;9;24;2;31;3;5;1;1;2;7;2;63;4;63;0;0;0;0;0;0;0;0;0;0;0;0;0;0;0;0;0;0;0;0;0;0;0;0;0;0;0;0;0;0;0;0;0;0;4;38
10.07.2024;11:32;A 87;1;0;100;0;100;2;87;4;4;3;10;2;37;4;19;1;23;0;0;0;0;0;0;0;0;0;0;0;0;0;0;0;0;0;0;0;0;0;0;0;0;0;0;0;0;0;0;0;0;0;0;0;0
10.07.2024;11:31;A 87;1;12;52;12;53;8;27;2;2;6;33;3;57;1;2;1;31;0;0;0;0;0;0;0;0;0;0;0;0;0;0;0;0;0;0;0;0;0;0;0;0;0;0;0;0;0;0;0;0;0;0;0;19
10.07.2024;11:30;A 87;1;0;100;0;100;1;73;5;4;3;70;1;60;0;0;0;0;0;0;0;0;0;0;0;0;0;0;0;0;0;0;0;0;0;0;0;0;0;0;0;0;0;0;0;0;0;0;0;0;0;0;3;72
10.07.2024;11:29;A 87;1;5;52;5;55;7;44;0;0;6;44;3;25;1;1;1;20;0;0;0;0;0;0;0;0;0;0;0;0;0;0;0;0;0;0;0;0;0;0;0;0;0;0;0;0;0;0;0;0;0;0;2;2
10.07.2024;11:28;A 87;1;0;100;1;99;1;52;5;4;2;50;5;34;0;0;0;0;0;0;0;0;0;0;0;0;0;0;0;0;0;0;0;0;0;0;0;0;0;0;0;0;0;0;0;0;0;0;0;0;0;0;0;0
10.07.2024;11:27;A 87;1;3;74;2;59;3;52;0;0;2;49;2;1;1;1;1;62;0;0;0;0;0;0;0;0;0;0;0;0;0;0;0;0;0;0;0;0;0;0;0;0;0;0;0;0;0;0;0;0;0;0;15;41
10.07.2024;11:26;A 87;1;4;80;5;38;6;58;5;8;6;47;4;30;0;0;0;32;0;0;0;0;0;0;0;0;0;0;0;0;0;0;0;0;0;0;0;0;0;0;0;0;0;0;0;0;0;0;0;0;0;0;7;1
10.07.2024;11:25;A 87;1;4;75;5;12;3;92;30;17;3;47;5;28;1;2;1;58;0;0;0;0;0;0;1;2;1;2;0;0;0;0;0;0;0;0;0;0;0;0;0;0;0;0;0;0;0;0;1;2;0;0;1;0
10.07.2024;11:24;A 87;1;5;56;4;7;1;24;7;4;2;5;1;71;0;0;0;0;0;0;0;0;1;2;0;0;0;0;1;2;1;2;1;2;0;0;0;0;0;0;0;0;0;0;0;0;0;0;0;0;1;2;2;0
10.07.2024;11:23;A 87;1;4;92;3;95;2;83;3;2;1;4;13;19;1;1;0;0;0;0;0;0;0;0;0;0;0;0;0;0;0;0;0;0;0;0;0;0;0;0;0;0;0;0;0;0;0;0;0;0;0;0;0;0
10.07.2024;11:22;A 87;1;7;79;7;33;4;10;1;1;4;8;2;5;1;2;1;32;0;0;0;0;0;0;0;0;0;0;0;0;0;0;0;0;0;0;1;1;0;0;0;0;1;1;0;0;0;0;0;0;0;0;0;0
10.07.2024;11:21;A 87;1;0;100;2;53;2;92;3;3;3;92;2;44;0;0;0;0;0;0;0;0;0;0;0;0;0;0;0;0;0;0;0;0;0;0;0;0;0;0;0;0;0;0;0;0;0;0;0;0;0;0;0;0
10.07.2024;11:20;A 87;1;6;43;5;27;6;28;1;1;5;24;2;7;0;0;0;0;0;0;0;0;0;0;0;0;0;0;0;0;0;0;0;0;0;0;0;0;0;0;0;0;0;0;0;0;0;0;0;0;0;0;1;0
10.07.2024;11:19;A 87;1;1;46;2;5;1;70;5;4;2;69;4;6;0;0;0;0;0;0;0;0;0;0;0;0;0;0;0;0;0;0;0;0;0;0;0;0;0;0;0;0;0;0;0;0;0;0;0;0;0;0;4;1
10.07.2024;11:18;A 87;1;2;42;1;10;0;30;0;0;0;0;1;1;0;0;0;0;0;0;0;0;0;0;0;0;0;0;1;2;1;2;1;2;0;0;0;0;0;0;0;0;0;0;0;0;0;0;0;0;1;2;0;0
10.07.2024;11:17;A 87;1;1;51;2;4;1;48;6;5;1;2;6;79;1;1;0;5;0;0;0;0;0;0;0;0;0;0;0;0;0;0;0;0;0;0;0;0;0;0;0;0;0;0;0;0;0;0;0;0;0;0;0;0
10.07.2024;11:16;A 87;1;9;15;6;65;2;83;3;3;1;63;4;15;1;2;1;25;0;0;0;0;0;0;1;2;1;2;0;0;0;0;0;0;0;0;0;0;0;0;0;0;0;0;0;0;0;0;1;2;0;0;9;13
10.07.2024;11:15;A 87;1;1;2;3;20;1;20;5;5;2;6;2;5;0;0;0;0;0;0;0;0;1;2;0;0;0;0;0;0;0;0;0;0;0;0;0;0;0;0;0;0;0;0;0;0;0;0;0;0;0;0;0;0
10.07.2024;11:14;A 87;1;7;83;6;85;1;71;1;1;1;67;1;2;0;0;0;0;0;0;0;0;0;0;0;0;0;0;0;0;0;0;0;0;1;1;0;0;0;0;0;0;0;0;0;0;0;0;0;0;0;0;2;1
10.07.2024;11:13;A 87;1;9;77;10;56;10;27;1;1;9;22;0;0;0;0;0;0;0;0;0;0;0;0;0;0;0;0;0;0;0;0;0;0;0;0;0;0;0;0;0;0;0;0;0;0;0;0;0;0;0;0;0;0
10.07.2024;11:12;A 87;1;3;90;3;91;3;93;8;8;4;89;1;1;0;0;0;0;0;0;0;0;0;0;0;0;0;0;0;0;0;0;0;0;0;0;0;0;0;0;0;0;0;0;0;0;0;0;0;0;0;0;1;1
10.07.2024;11:11;A 87;1;8;76;8;74;1;15;4;4;1;20;2;6;1;3;2;52;0;0;0;0;0;0;0;0;0;0;0;0;0;0;0;0;0;0;0;0;0;0;0;0;0;0;0;0;0;0;0;0;0;0;1;0
10.07.2024;11:10;A 87;1;0;100;0;0;3;71;1;1;3;77;5;16;2;4;1;67;0;0;0;0;0;0;0;0;0;0;0;0;0;0;0;0;0;0;0;0;0;0;0;0;0;0;0;0;0;0;0;0;0;0;0;0
10.07.2024;11:09;A 87;1;11;72;11;45;1;13;0;0;0;0;1;2;1;2;1;7;0;0;0;0;0;0;0;0;0;0;0;0;0;0;0;0;0;0;0;0;0;0;0;0;1;1;0;0;0;0;0;0;0;0;1;0
10.07.2024;11:08;A 87;1;0;100;1;96;2;80;5;4;3;34;2;55;0;0;0;0;0;0;0;0;0;0;0;0;0;0;0;0;0;0;0;0;0;0;0;0;0;0;0;0;0;0;0;0;0;0;0;0;0;0;0;0
10.07.2024;11:07;A 87;1;12;53;9;18;7;60;0;0;6;11;2;78;0;0;0;0;0;0;0;0;0;0;0;1;1;2;0;0;0;0;0;0;0;0;0;0;0;0;0;0;0;0;0;0;0;0;1;2;0;0;2;3
10.07.2024;11:06;A 87;1;1;98;1;21;1;58;5;6;2;5;2;6;0;16;2;16;0;0;0;0;1;2;1;1;0;0;0;0;0;0;0;0;0;0;0;0;0;0;0;0;0;0;0;0;0;0;0;0;0;0;0;0
10.07.2024;11:05;A 87;1;9;74;9;79;7;63;28;26;6;60;2;4;1;36;0;100;0;0;0;0;0;0;0;0;0;0;0;0;0;0;0;0;0;0;0;0;0;0;0;0;0;0;0;0;0;0;0;0;0;0;3;2
10.07.2024;11:04;A 87;1;1;62;3;29;1;36;24;15;2;25;1;96;2;4;1;59;0;0;0;0;0;0;0;0;0;0;0;0;1;2;1;2;0;0;0;0;0;0;0;0;0;0;0;0;0;0;0;0;1;2;1;1
10.07.2024;11:03;A 87;1;4;76;3;76;0;0;0;0;0;0;4;17;0;0;0;100;0;0;0;0;0;0;0;0;0;0;1;2;0;0;0;0;0;0;0;0;0;0;0;0;0;0;0;0;0;0;0;0;0;0;2;0
10.07.2024;11:02;A 87;1;7;24;8;19;2;5;3;2;1;2;1;2;1;2;1;46;0;0;0;0;0;0;0;0;0;0;0;0;0;0;0;0;0;0;0;0;0;0;0;0;0;0;0;0;0;0;0;0;0;0;0;0
10.07.2024;11:01;A 87;1;4;90;2;96;6;92;2;1;6;87;0;0;0;0;0;100;0;0;0;0;0;0;0;0;0;0;0;0;0;0;0;0;0;0;0;0;0;0;0;0;0;0;0;0;0;0;0;0;0;0;0;0
10.07.2024;11:00;A 87;1;9;65;10;33;4;24;4;6;4;25;0;0;2;3;2;61;0;0;0;0;0;0;0;0;0;0;0;0;0;0;0;0;0;0;0;0;0;0;0;0;0;0;0;0;0;0;0;0;0;0;0;2
10.07.2024;10:59;A 87;1;0;100;1;95;1;97;2;3;1;96;2;4;0;0;0;0;0;0;0;0;0;0;0;0;0;0;0;0;0;0;0;0;0;0;0;0;0;0;0;0;0;0;0;0;0;0;0;0;0;0;3;65
10.07.2024;10:58;A 87;1;12;69;12;62;5;46;1;1;4;41;1;2;0;0;1;93;0;0;0;0;0;0;0;0;0;0;0;0;0;0;0;0;0;0;0;0;0;0;0;0;0;0;0;0;0;0;0;0;0;0;3;1
10.07.2024;10:57;A 87;1;0;100;0;100;1;95;5;3;3;91;3;5;1;5;1;96;0;0;0;0;0;0;0;0;0;0;1;2;1;2;1;2;0;0;0;0;0;0;0;0;0;0;0;0;0;0;0;0;1;2;0;0
10.07.2024;10:56;A 87;1;9;65;9;62;8;50;2;2;7;46;0;0;2;93;3;94;0;0;0;0;0;0;0;0;0;0;0;0;0;0;0;0;0;0;0;0;0;0;0;0;0;0;0;0;0;0;0;0;0;0;3;2
10.07.2024;10:55;A 87;1;1;82;3;51;4;91;19;34;5;55;4;53;3;18;1;27;0;0;0;0;0;0;1;2;1;2;0;0;0;0;0;0;0;0;0;0;0;0;0;0;0;0;0;0;0;0;1;2;0;0;0;0
10.07.2024;10:54;A 87;1;3;58;2;18;12;75;12;5;12;30;1;1;1;3;1;94;0;0;0;0;1;2;0;0;0;0;0;0;0;0;0;0;0;0;0;0;0;0;0;0;0;0;0;0;0;0;0;0;0;0;0;0
10.07.2024;10:53;A 87;1;5;44;5;8;1;39;0;0;2;6;2;6;2;3;2;68;0;0;0;0;0;0;0;0;0;0;0;0;0;0;0;0;0;0;0;0;0;0;0;0;0;0;0;0;0;0;0;0;0;0;0;0
10.07.2024;10:52;A 87;1;8;81;7;84;8;75;2;2;6;76;4;14;0;0;0;0;0;0;0;0;0;0;0;0;0;0;0;0;0;0;0;0;0;0;0;0;0;0;0;0;0;0;0;0;0;0;0;0;0;0;5;2
10.07.2024;10:51;A 87;1;8;81;9;75;3;31;4;3;5;19;1;56;0;0;1;41;0;0;0;0;0;0;0;0;0;0;0;0;0;0;0;0;0;0;0;0;0;0;0;0;0;0;0;0;0;0;0;0;0;0;0;0
10.07.2024;10:50;A 87;1;4;94;3;93;5;89;1;1;5;83;4;25;2;5;1;78;0;0;0;0;0;0;0;0;0;0;0;0;0;0;0;0;0;0;0;0;0;0;0;0;0;0;0;0;0;0;0;0;0;0;0;0
10.07.2024;10:49;A 87;1;10;75;11;79;7;12;3;4;6;12;2;2;0;0;0;56;0;0;0;0;0;0;0;0;0;0;0;0;0;0;0;0;0;0;0;0;0;0;0;0;0;0;0;0;0;0;0;0;0;0;6;3
10.07.2024;10:48;A 87;1;0;100;0;100;2;95;6;7;3;85;1;41;1;1;1;19;0;0;0;0;0;0;0;0;0;0;0;0;0;0;0;0;0;0;0;0;0;0;0;0;0;0;0;0;0;0;0;0;0;0;0;0
10.07.2024;10:47;A 87;1;12;52;10;39;7;23;1;2;7;25;3;28;2;3;2;78;0;0;0;0;0;0;0;0;0;0;0;0;0;0;0;0;0;0;0;0;0;0;0;0;0;0;0;0;0;0;0;0;0;0;1;0
10.07.2024;10:46;A 87;1;0;100;1;12;0;100;1;1;0;100;2;3;1;2;1;78;0;0;0;0;0;0;0;0;0;0;0;0;0;0;1;2;0;0;0;0;0;0;0;0;0;0;0;0;0;0;0;0;0;0;0;0
10.07.2024;10:45;A 87;1;5;71;6;15;0;100;0;0;0;100;4;5;0;0;0;0;0;0;0;0;0;0;1;2;1;2;1;2;1;2;0;0;0;0;0;0;0;0;0;0;0;0;0;0;0;0;1;2;1;2;1;0
10.07.2024;10:44;A 87;1;1;73;1;2;1;75;6;8;2;63;6;77;0;0;0;13;0;0;0;0;1;2;0;0;0;0;0;0;0;0;0;0;0;0;0;0;0;0;0;0;0;0;0;0;0;0;0;0;0;0;0;0
10.07.2024;10:43;A 87;1;10;22;7;72;2;52;0;0;1;51;4;36;1;4;1;91;0;0;0;0;0;0;0;0;0;0;0;0;0;0;0;0;0;0;0;0;0;0;0;0;0;0;0;0;0;0;0;0;0;0;2;0
10.07.2024;10:42;A 87;1;1;1;3;40;4;42;2;2;5;35;2;2;0;6;1;11;0;0;0;0;0;0;0;0;0;0;0;0;0;0;0;0;0;0;0;0;0;0;0;0;0;0;0;0;0;0;0;0;0;0;0;0
10.07.2024;10:41;A 87;1;3;78;4;9;3;67;0;0;2;42;1;11;1;38;0;100;0;0;0;0;0;0;0;0;0;0;0;0;0;0;0;0;0;0;0;0;0;0;0;0;0;0;0;0;0;0;0;0;0;0;1;0
10.07.2024;10:40;A 87;1;9;25;8;12;2;23;4;3;2;17;2;63;1;2;1;3;0;0;0;0;0;0;0;0;0;0;0;0;0;0;0;0;0;0;0;0;0;0;0;0;0;0;0;0;0;0;0;0;0;0;3;0
10.07.2024;10:39;A 87;1;3;93;3;91;5;89;7;9;5;93;4;15;0;0;0;0;0;0;0;0;0;0;0;0;0;0;0;0;0;0;0;0;0;0;0;0;1;3;0;0;0;0;0;0;0;0;0;0;0;0;0;0
10.07.2024;10:38;A 87;1;11;50;10;25;1;11;2;3;2;5;2;5;1;1;1;29;0;0;0;0;0;0;0;0;0;0;0;0;0;0;0;0;0;0;0;0;0;0;0;0;0;0;0;0;0;0;0;0;0;0;3;0
10.07.2024;10:37;A 87;1;0;100;1;95;1;97;1;1;0;0;4;27;0;0;0;0;0;0;0;0;0;0;0;0;0;0;0;0;0;0;0;0;0;0;0;0;0;0;0;0;0;0;0;0;0;0;0;0;0;0;0;0
10.07.2024;10:36;A 87;1;6;53;7;42;7;60;0;0;6;47;1;1;1;71;2;80;0;0;0;0;0;0;0;0;0;0;0;0;0;0;0;0;0;0;0;0;0;0;0;0;0;0;0;0;0;0;1;2;0;0;0;0
10.07.2024;10:35;A 87;1;1;83;1;2;1;74;18;10;3;70;4;61;2;5;1;51;0;0;0;0;1;2;1;2;1;2;0;0;0;0;0;0;0;0;0;0;0;0;1;1;0;0;0;0;0;0;0;0;0;0;0;0
10.07.2024;10:34;A 87;1;3;42;2;3;0;32;5;2;0;0;3;23;0;0;0;0;0;0;0;0;0;0;0;0;0;0;1;2;1;2;1;2;0;0;0;0;0;0;0;0;0;0;0;0;0;0;0;0;1;2;0;35
10.07.2024;10:33;A 87;1;1;43;2;5;1;15;6;6;1;3;1;1;0;0;0;0;0;0;0;0;0;0;0;0;0;0;0;0;0;0;0;0;0;0;0;0;0;0;0;0;0;0;0;0;0;0;0;0;0;0;3;34
10.07.2024;10:32;A 87;1;7;65;5;65;5;58;0;0;4;52;1;1;0;0;0;0;0;0;0;0;0;0;0;0;0;0;0;0;0;0;0;0;0;0;0;0;0;0;0;0;0;0;0;0;0;0;0;0;0;0;0;0
10.07.2024;10:31;A 87;1;5;82;5;78;1;32;1;2;2;40;4;61;1;28;3;29;0;0;0;0;0;0;0;0;0;0;0;0;0;0;0;0;0;0;0;0;0;0;0;0;0;0;0;0;0;0;0;0;0;0;0;0
10.07.2024;10:30;A 87;1;6;86;7;15;1;65;2;2;0;63;2;5;2;5;0;100;0;0;0;0;0;0;0;0;0;0;0;0;0;0;0;0;0;0;0;0;0;0;0;0;0;0;0;0;0;0;0;0;0;0;20;11
10.07.2024;10:29;A 87;1;9;43;8;19;1;18;5;4;2;13;2;6;1;1;1;16;0;0;0;0;0;0;0;0;0;0;0;0;0;0;0;0;0;0;0;0;0;0;0;0;0;0;0;0;0;0;0;0;0;0;1;0
10.07.2024;10:28;A 87;1;2;90;3;86;4;87;3;2;3;7;3;29;0;0;0;0;0;0;0;0;0;0;0;0;0;0;0;0;0;0;0;0;0;0;0;0;0;0;0;0;0;0;0;0;0;0;0;0;0;0;4;0
10.07.2024;10:27;A 87;1;11;71;10;32;6;33;4;4;6;14;3;39;0;0;1;61;0;0;0;0;0;0;0;0;0;0;0;0;0;0;0;0;0;0;0;0;0;0;0;0;0;0;0;0;0;0;0;0;0;0;2;1
10.07.2024;10:26;A 87;1;0;100;1;52;1;98;5;8;1;99;3;3;2;5;1;59;0;0;0;0;0;0;0;0;1;2;0;0;0;0;0;0;0;0;0;0;0;0;0;0;0;0;0;0;0;0;1;2;0;0;0;0
10.07.2024;10:25;A 87;1;3;62;3;10;4;21;1;1;4;31;0;0;0;0;0;60;0;0;0;0;1;2;1;2;0;0;0;0;0;0;0;0;0;0;0;0;0;0;0;0;0;0;0;0;0;0;0;0;0;0;0;0
10.07.2024;10:24;A 87;1;1;1;2;3;1;68;7;8;3;55;1;1;1;5;1;53;0;0;0;0;0;0;0;0;0;0;0;0;0;0;0;0;0;0;0;0;0;0;0;0;0;0;0;0;0;0;0;0;0;0;0;0
10.07.2024;10:23;A 87;1;6;46;5;46;0;29;0;0;0;0;1;2;1;2;1;24;0;0;0;0;0;0;0;0;0;0;1;2;1;2;1;2;0;0;0;0;0;0;0;0;0;0;0;0;0;0;0;0;1;2;0;0
10.07.2024;10:22;A 87;1;1;90;3;59;1;64;0;0;1;2;3;76;0;0;0;2;0;0;0;0;0;0;0;0;0;0;0;0;0;0;0;0;0;0;0;0;0;0;0;0;0;0;0;0;0;0;0;0;0;0;0;0
10.07.2024;10:21;A 87;1;8;70;6;71;6;58;0;0;5;58;8;30;0;0;0;100;0;0;0;0;0;0;0;0;0;0;0;0;0;0;0;0;0;0;0;0;0;0;0;0;0;0;0;0;0;0;0;0;0;0;0;0
10.07.2024;10:20;A 87;1;1;83;3;23;1;44;5;4;2;45;3;53;1;1;1;8;0;0;0;0;0;0;0;0;0;0;0;0;0;0;0;0;0;0;0;0;0;0;0;0;0;0;0;0;0;0;0;0;0;0;0;0
10.07.2024;10:19;A 87;1;4;77;3;63;0;0;2;2;0;0;1;10;0;0;0;0;0;0;0;0;0;0;0;0;0;0;0;0;0;0;0;0;0;0;0;0;0;0;0;0;0;0;0;0;0;0;0;0;0;0;5;0
10.07.2024;10:18;A 87;1;2;40;2;4;4;14;6;7;4;8;3;47;1;4;1;18;0;0;0;0;0;0;0;0;0;0;0;0;0;0;0;0;0;0;0;0;0;0;0;0;0;0;0;0;0;0;0;0;0;0;0;0
10.07.2024;10:17;A 87;1;3;44;4;10;1;81;2;3;0;80;0;0;0;0;0;0;0;0;0;0;0;0;0;0;0;0;0;0;0;0;0;0;0;0;0;0;0;0;0;0;0;0;0;0;0;0;0;0;0;0;1;0
10.07.2024;10:16;A 87;1;12;23;10;16;4;29;1;2;4;29;2;5;1;62;1;79;0;0;0;0;0;0;0;0;0;0;1;2;1;2;1;2;0;0;0;0;0;0;0;0;0;0;0;0;0;0;0;0;1;2;0;0
10.07.2024;10:15;A 87;1;0;100;3;8;2;89;3;3;3;7;3;41;1;3;1;22;0;0;0;0;0;0;1;2;1;2;0;0;0;0;0;0;0;0;0;0;0;0;0;0;0;0;0;0;0;0;1;2;0;0;1;1
10.07.2024;10:14;A 87;1;5;69;4;34;6;23;1;1;5;10;3;70;0;0;0;0;0;0;0;0;1;2;0;0;0;0;0;0;0;0;0;0;0;0;0;0;0;0;0;0;0;0;0;0;0;0;0;0;0;0;1;0
10.07.2024;10:13;A 87;1;1;49;3;17;1;92;3;2;2;47;4;62;1;1;0;0;0;0;0;0;0;0;0;0;0;0;0;0;0;0;0;0;1;2;0;0;0;0;0;0;0;0;0;0;0;0;0;0;0;0;0;0
10.07.2024;10:12;A 87;1;10;53;8;32;1;31;0;0;0;0;4;7;2;2;2;2;0;0;0;0;0;0;0;0;0;0;0;0;0;0;0;0;1;3;0;0;0;0;0;0;0;0;0;0;0;0;0;0;0;0;0;0
10.07.2024;10:11;A 87;1;0;100;1;99;1;53;4;8;2;5;6;82;1;2;1;11;0;0;0;0;0;0;0;0;0;0;0;0;0;0;0;0;0;0;0;0;0;0;0;0;0;0;0;0;0;0;0;0;0;0;0;0
10.07.2024;10:10;A 87;1;8;72;7;72;5;55;1;1;4;9;4;52;0;0;0;0;0;0;0;0;0;0;0;0;0;0;0;0;0;0;0;0;0;0;0;0;0;0;0;0;0;0;0;0;0;0;0;0;0;0;2;1
10.07.2024;10:09;A 87;1;1;98;2;80;1;40;3;3;2;11;4;11;2;16;2;24;0;0;0;0;0;0;0;0;0;0;0;0;0;0;0;0;0;0;0;0;0;0;0;0;0;0;0;0;0;0;0;0;0;0;0;0
10.07.2024;10:08;A 87;1;5;83;5;13;4;71;0;0;3;8;5;13;2;4;1;15;0;0;0;0;0;0;0;0;0;0;0;0;0;0;0;0;0;0;0;0;0;0;0;0;0;0;0;0;0;0;0;0;0;0;27;49
10.07.2024;10:07;A 87;1;10;63;9;23;3;52;2;2;3;9;2;40;0;0;0;0;0;0;0;0;0;0;0;0;0;0;0;0;0;0;1;2;0;0;0;0;0;0;0;0;0;0;0;0;0;0;0;0;0;0;6;3
10.07.2024;10:06;A 87;1;1;95;2;8;0;100;0;0;1;85;4;31;0;0;0;0;0;0;0;0;0;0;0;0;0;0;1;2;1;2;0;0;0;0;0;0;0;0;0;0;0;0;0;0;0;0;1;2;1;2;0;0
10.07.2024;10:05;A 87;1;18;35;17;33;7;13;1;2;6;12;2;5;0;0;0;0;0;0;0;0;0;0;1;2;1;2;0;0;0;0;0;0;0;0;0;0;0;0;0;0;0;0;0;0;0;0;0;0;0;0;0;0
10.07.2024;10:04;A 87;1;0;100;0;100;2;95;2;2;2;94;2;46;0;0;0;3;0;0;0;0;1;2;0;0;0;0;0;0;0;0;0;0;0;0;0;0;0;0;1;1;0;0;0;0;0;0;0;0;0;0;0;0
10.07.2024;10:03;A 87;1;10;69;10;71;0;10;1;1;1;2;3;12;1;2;1;28;0;0;0;0;0;0;0;0;0;0;0;0;0;0;0;0;0;0;0;0;0;0;0;0;0;0;0;0;0;0;0;0;0;0;0;0
10.07.2024;10:02;A 87;1;0;100;0;100;1;46;2;2;1;2;1;40;0;0;0;0;0;0;0;0;0;0;0;0;0;0;0;0;0;0;0;0;0;0;0;0;0;0;0;0;0;0;0;0;0;0;0;0;0;0;0;0
10.07.2024;10:01;A 87;1;12;69;11;71;2;33;0;0;1;30;2;8;1;2;1;92;0;0;0;0;0;0;0;0;0;0;0;0;0;0;0;0;0;0;0;0;0;0;0;0;0;0;0;0;0;0;0;0;0;0;0;0
10.07.2024;10:00;A 87;1;0;100;3;22;1;79;8;19;2;75;2;73;2;8;2;72;0;0;0;0;0;0;0;0;0;0;0;0;0;0;0;0;0;0;0;0;0;0;0;0;0;0;0;0;0;0;0;0;0;0;0;0
10.07.2024;09:59;A 87;1;3;72;1;58;0;0;0;0;0;0;5;11;1;5;1;15;0;0;0;0;0;0;0;0;0;0;0;0;0;0;1;2;0;0;0;0;0;0;0;0;0;0;0;0;0;0;0;0;0;0;4;8
10.07.2024;09:58;A 87;1;1;28;3;19;1;12;3;3;1;1;1;54;0;0;0;0;0;0;0;0;0;0;0;0;0;0;1;2;1;2;0;0;0;0;0;0;0;0;0;0;0;0;0;0;0;0;0;0;1;2;0;0
10.07.2024;09:57;A 87;1;4;62;4;21;7;76;0;0;6;72;5;13;1;0;0;0;0;0;0;0;0;0;0;0;0;0;0;0;0;0;0;0;1;1;0;0;0;0;0;0;0;0;0;0;0;0;0;0;0;0;0;0
10.07.2024;09:56;A 87;1;8;12;6;12;2;27;4;10;4;17;1;5;2;23;3;80;0;0;0;0;0;0;1;2;1;2;0;0;0;0;0;0;0;0;0;0;0;0;0;0;0;0;0;0;0;0;1;2;0;0;6;1
10.07.2024;09:55;A 87;1;2;93;4;69;5;90;4;6;4;85;7;14;2;3;1;62;0;0;0;0;1;2;0;0;0;0;0;0;0;0;0;0;0;0;0;0;0;0;0;0;0;0;0;0;0;0;0;0;0;0;2;12
10.07.2024;09:54;A 87;1;9;54;7;18;12;35;0;0;12;35;2;6;1;2;1;14;0;0;0;0;0;0;0;0;0;0;0;0;0;0;0;0;0;0;0;0;0;0;0;0;0;0;0;0;0;0;0;0;0;0;2;1
10.07.2024;09:53;A 87;1;0;100;0;0;0;100;2;2;1;97;3;4;1;1;0;0;0;0;0;0;0;0;0;0;0;0;0;0;0;0;0;0;0;0;0;0;0;0;0;0;0;0;0;0;0;0;0;0;0;0;0;0
10.07.2024;09:52;A 87;1;13;70;13;48;1;2;2;2;1;9;0;0;1;4;2;78;0;0;0;0;0;0;0;0;0;0;0;0;0;0;0;0;0;0;0;0;0;0;0;0;0;0;0;0;0;0;0;0;0;0;2;1
10.07.2024;09:51;A 87;1;0;100;0;100;4;20;3;4;4;18;4;68;2;6;1;84;0;0;0;0;0;0;0;0;0;0;0;0;0;0;0;0;0;0;0;0;0;0;0;0;0;0;0;0;0;0;0;0;0;0;0;0
10.07.2024;09:50;A 87;1;5;68;5;61;1;30;0;0;0;28;3;34;1;1;1;46;0;0;0;0;0;0;0;0;0;0;0;0;0;0;0;0;0;0;0;0;0;0;0;0;0;0;0;0;0;0;0;0;0;0;1;26
10.07.2024;09:49;A 87;1;1;26;3;6;1;48;4;6;2;51;2;71;0;0;0;0;0;0;0;0;0;0;0;0;0;0;0;0;0;0;0;0;0;0;0;0;0;0;0;0;0;0;0;0;0;0;0;0;0;0;0;0
10.07.2024;09:48;A 87;1;5;59;3;20;4;53;0;0;3;8;5;9;1;1;1;78;0;0;0;0;0;0;0;0;0;0;0;0;0;0;0;0;0;0;0;0;0;0;0;0;0;0;0;0;0;0;0;0;0;0;0;0
10.07.2024;09:47;A 87;1;9;61;10;20;3;44;8;9;4;9;3;92;1;2;1;40;0;0;0;0;0;0;0;0;0;0;0;0;0;0;0;0;0;0;0;0;0;0;0;0;0;0;0;0;0;0;0;0;0;0;3;2
10.07.2024;09:46;A 87;1;3;91;3;61;6;85;33;22;5;89;5;32;1;1;1;7;0;0;0;0;0;0;0;0;1;2;0;0;0;0;0;0;0;0;0;0;0;0;0;0;0;0;0;0;0;0;1;2;0;0;2;2
10.07.2024;09:45;A 87;1;7;22;7;15;1;18;58;35;3;18;0;100;0;0;0;82;0;0;0;0;0;0;1;2;0;0;0;0;1;2;1;2;0;0;0;0;0;0;0;0;0;0;0;0;0;0;0;0;1;2;0;0
10.07.2024;09:44;A 87;1;3;92;2;91;2;82;36;17;0;83;8;45;1;2;1;72;0;0;0;0;1;2;0;0;0;0;1;2;0;0;0;0;0;0;0;0;0;0;0;0;0;0;0;0;0;0;0;0;0;0;0;0
10.07.2024;09:43;A 87;1;11;71;11;70;6;34;13;8;7;17;2;32;1;2;1;50;0;0;0;0;0;0;0;0;0;0;0;0;0;0;0;0;0;0;0;0;0;0;0;0;0;0;0;0;0;0;0;0;0;0;2;2
10.07.2024;09:42;A 87;1;1;95;2;87;1;86;4;3;2;88;4;45;0;0;0;0;0;0;0;0;0;0;0;0;0;0;0;0;0;0;0;0;0;0;0;0;1;1;0;0;0;0;0;0;0;0;1;2;0;0;0;0
10.07.2024;09:41;A 87;1;15;58;14;63;0;0;0;0;0;0;2;5;0;0;0;0;0;0;0;0;0;0;1;2;1;2;0;0;0;0;0;0;0;0;0;0;0;0;0;0;0;0;0;0;0;0;0;0;0;0;0;0
10.07.2024;09:40;A 87;1;0;100;0;100;5;17;2;2;5;14;4;67;0;0;0;0;0;0;0;0;1;2;0;0;0;0;0;0;0;0;0;0;0;0;0;0;0;0;0;0;0;0;0;0;0;0;0;0;0;0;0;0
10.07.2024;09:39;A 87;1;11;65;12;26;7;42;1;1;6;13;2;42;0;0;0;0;0;0;0;0;0;0;0;0;0;0;0;0;0;0;0;0;0;0;0;0;0;0;0;0;0;0;0;0;0;0;0;0;0;0;0;0
10.07.2024;09:38;A 87;1;0;100;0;0;0;100;7;8;0;0;3;22;0;0;0;0;0;0;0;0;0;0;0;0;1;2;0;0;0;0;1;2;0;0;0;0;0;0;0;0;0;0;0;0;0;0;1;2;0;0;0;0
10.07.2024;09:37;A 87;1;6;76;6;68;0;100;1;1;0;0;4;5;0;0;0;0;0;0;0;0;1;2;1;2;0;0;1;2;1;2;0;0;0;0;0;0;0;0;0;0;0;0;0;0;0;0;0;0;1;2;1;0
10.07.2024;09:36;A 87;1;5;89;5;91;1;35;6;5;2;6;3;91;0;0;0;0;0;0;0;0;0;0;0;0;0;0;0;0;0;0;0;0;0;0;0;0;1;1;0;0;0;0;0;0;0;0;0;0;0;0;1;0
10.07.2024;09:35;A 87;1;7;80;8;86;7;69;1;1;6;54;2;29;0;0;0;0;0;0;0;0;0;0;0;0;0;0;0;0;0;0;0;0;0;0;0;0;1;1;0;0;0;0;0;0;0;0;0;0;0;0;4;2
10.07.2024;09:34;A 87;1;0;100;0;100;0;100;3;3;2;54;6;6;0;0;0;0;0;0;0;0;0;0;0;0;0;0;0;0;0;0;0;0;0;0;0;0;0;0;0;0;0;0;0;0;0;0;0;0;0;0;0;0
10.07.2024;09:33;A 87;1;0;100;0;100;1;80;3;3;1;2;1;31;0;0;0;0;0;0;0;0;0;0;0;0;0;0;0;0;0;0;0;0;0;0;0;0;0;0;0;0;0;0;0;0;0;0;0;0;0;0;0;0
10.07.2024;09:32;A 87;1;1;85;3;54;1;6;11;13;1;2;1;90;0;0;0;0;0;0;0;0;0;0;0;0;0;0;0;0;0;0;0;0;0;0;0;0;0;0;0;0;0;0;0;0;0;0;0;0;0;0;0;0
10.07.2024;09:31;A 87;1;2;91;0;90;5;15;5;4;4;9;6;35;1;4;0;0;0;0;0;0;0;0;0;0;0;0;0;0;0;0;0;0;0;0;0;0;0;0;0;0;0;0;0;0;0;0;0;0;0;0;0;0
10.07.2024;09:30;A 87;1;5;58;5;38;1;0;9;5;2;2;2;41;0;0;1;34;0;0;0;0;0;0;0;0;0;0;0;0;0;0;0;0;0;0;0;0;0;0;0;0;0;0;0;0;0;0;0;0;0;0;0;0
10.07.2024;09:29;A 87;1;2;87;3;10;3;91;39;20;2;5;6;25;1;2;1;97;0;0;0;0;0;0;0;0;0;0;0;0;0;0;0;0;0;0;0;0;0;0;0;0;0;0;0;0;0;0;0;0;0;0;1;1
10.07.2024;09:28;A 87;1;9;13;8;14;8;64;41;22;8;47;2;90;3;92;4;91;0;0;0;0;0;0;0;0;0;0;0;0;0;0;1;2;0;0;0;0;0;0;0;0;0;0;0;0;0;0;0;0;0;0;0;0
10.07.2024;09:27;A 87;1;0;98;0;100;4;88;44;29;4;69;2;32;2;60;0;100;0;0;0;0;0;0;0;0;1;2;1;2;1;2;0;0;0;0;0;0;0;0;0;0;0;0;0;0;0;0;1;2;1;2;0;0
10.07.2024;09:26;A 87;1;3;94;4;91;2;91;3;2;2;6;3;51;1;2;1;54;0;0;0;0;0;0;1;2;0;0;0;0;0;0;0;0;0;0;0;0;0;0;0;0;0;0;0;0;0;0;0;0;0;0;0;0
10.07.2024;09:25;A 87;1;3;94;2;96;5;89;3;3;6;9;5;25;1;2;1;65;0;0;0;0;1;2;0;0;0;0;0;0;0;0;0;0;0;0;0;0;0;0;1;1;0;0;0;0;0;0;0;0;0;0;2;5
10.07.2024;09:24;A 87;1;4;51;4;46;3;21;2;2;3;5;3;43;0;0;0;0;0;0;0;0;0;0;0;0;0;0;0;0;0;0;0;0;0;0;0;0;1;1;1;1;0;0;0;0;0;0;0;0;0;0;0;0
10.07.2024;09:23;A 87;1;2;89;4;12;3;89;3;3;2;85;6;27;0;0;0;0;0;0;0;0;0;0;0;0;0;0;0;0;0;0;0;0;0;0;0;0;0;0;0;0;0;0;0;0;0;0;0;0;0;0;2;80
10.07.2024;09:22;A 87;1;11;44;10;15;1;3;1;1;2;4;3;59;1;73;2;79;0;0;0;0;0;0;0;0;0;0;1;2;1;2;1;2;0;0;0;0;0;0;0;0;0;0;0;0;0;0;0;0;1;2;4;2
10.07.2024;09:21;A 87;1;2;90;1;96;2;6;1;1;1;3;1;1;2;2;1;84;0;0;0;0;0;0;0;0;0;0;0;0;0;0;0;0;0;0;0;0;0;0;0;0;0;0;0;0;0;0;0;0;0;0;0;0
10.07.2024;09:20;A 87;1;7;65;7;40;2;11;0;0;2;5;2;7;0;0;1;43;0;0;0;0;0;0;0;0;0;0;0;0;0;0;0;0;0;0;0;0;0;0;0;0;0;0;0;0;0;0;0;0;0;0;0;0
10.07.2024;09:19;A 87;1;0;100;0;100;2;82;6;7;3;11;4;25;2;5;1;24;0;0;0;0;0;0;0;0;0;0;1;2;1;2;1;2;0;0;0;0;0;0;0;0;0;0;0;0;0;0;0;0;1;2;0;0
10.07.2024;09:18;A 87;1;8;70;8;43;5;19;2;3;4;13;1;35;0;0;0;42;0;0;0;0;0;0;0;0;0;0;0;0;0;0;0;0;0;0;0;0;0;0;0;0;0;0;0;0;0;0;0;0;0;0;2;0
10.07.2024;09:17;A 87;1;2;91;4;76;5;92;5;4;6;91;11;38;1;2;1;10;0;0;0;0;0;0;0;0;0;0;0;0;0;0;0;0;0;0;0;0;0;0;0;0;0;0;0;0;0;0;0;0;0;0;2;32
10.07.2024;09:16;A 87;1;8;16;6;10;1;5;1;1;1;2;1;68;1;2;1;21;0;0;0;0;0;0;1;2;1;2;0;0;0;0;0;0;0;0;0;0;0;0;0;0;0;0;0;0;0;0;1;2;0;0;2;1
10.07.2024;09:15;A 87;1;2;92;2;96;3;70;2;2;3;8;6;38;1;1;0;0;0;0;0;0;1;2;0;0;0;0;0;0;0;0;0;0;0;0;0;0;0;0;0;0;0;0;0;0;0;0;0;0;0;0;13;82
10.07.2024;09:14;A 87;1;8;60;9;44;1;6;4;3;1;2;2;46;0;0;0;43;0;0;0;0;0;0;0;0;0;0;0;0;0;0;0;0;0;0;0;0;0;0;0;0;0;0;0;0;0;0;0;0;0;0;2;0
10.07.2024;09:13;A 87;1;3;94;2;94;5;17;3;3;4;13;9;13;0;0;0;100;0;0;0;0;0;0;0;0;0;0;0;0;0;0;0;0;0;0;0;0;0;0;1;1;0;0;0;0;0;0;0;0;0;0;24;75
10.07.2024;09:12;A 87;1;9;50;10;51;1;2;1;1;2;6;1;12;1;2;1;1;0;0;0;0;0;0;0;0;0;0;0;0;0;0;0;0;1;1;1;1;1;1;0;0;0;0;0;0;0;0;0;0;0;0;8;18
10.07.2024;09:11;A 87;1;3;92;3;80;6;74;1;1;5;54;8;32;0;0;0;0;0;0;0;0;0;0;0;0;0;0;0;0;0;0;0;0;0;0;0;0;0;0;1;3;0;0;0;0;0;0;0;0;0;0;0;0
10.07.2024;09:10;A 87;1;9;73;10;17;0;0;2;3;1;1;2;50;0;0;1;3;0;0;0;0;0;0;0;0;0;0;0;0;0;0;0;0;0;0;0;0;0;0;0;0;0;0;0;0;0;0;0;0;0;0;4;2
10.07.2024;09:09;A 87;1;2;92;1;96;2;5;1;1;0;5;6;28;0;0;1;58;0;0;0;0;0;0;0;0;0;0;0;0;0;0;0;0;0;0;0;0;0;0;0;0;0;0;0;0;0;0;0;0;0;0;0;0
10.07.2024;09:08;A 87;1;12;64;12;54;1;17;2;2;3;10;1;94;1;1;1;72;0;0;0;0;0;0;0;0;0;0;0;0;0;0;0;0;0;0;0;0;1;1;1;1;0;0;0;0;0;0;0;0;0;0;0;0
10.07.2024;09:07;A 87;1;3;91;3;92;7;83;3;3;6;74;7;36;2;3;2;32;0;0;0;0;0;0;0;0;1;2;0;0;0;0;1;2;0;0;0;0;0;0;0;0;0;0;0;0;0;0;1;2;0;0;1;0
10.07.2024;09:06;A 87;1;3;92;4;87;1;2;1;1;2;3;0;0;0;0;0;0;0;0;0;0;0;0;1;2;0;0;0;0;1;2;0;0;0;0;0;0;0;0;0;0;0;0;0;0;0;0;0;0;1;2;0;0
10.07.2024;09:05;A 87;1;2;95;1;95;4;8;1;1;2;11;6;31;0;0;0;0;0;0;0;0;1;2;0;0;0;0;1;2;0;0;0;0;0;0;0;0;0;0;0;0;0;0;0;0;0;0;0;0;0;0;2;1
10.07.2024;09:04;A 87;1;10;31;10;32;1;28;4;4;3;11;2;81;0;0;0;50;0;0;0;0;0;0;0;0;0;0;0;0;0;0;0;0;0;0;0;0;0;0;0;0;0;0;0;0;0;0;0;0;0;0;0;0
10.07.2024;09:03;A 87;1;1;98;1;96;3;66;4;3;2;5;7;43;1;2;1;53;0;0;0;0;0;0;0;0;0;0;0;0;0;0;0;0;0;0;0;0;0;0;0;0;0;0;0;0;0;0;0;0;0;0;0;0
10.07.2024;09:02;A 87;1;7;75;6;77;1;8;3;2;2;3;3;9;0;0;0;43;0;0;0;0;0;0;0;0;0;0;0;0;0;0;0;0;0;0;0;0;0;0;0;0;0;0;0;0;0;0;0;0;0;0;1;0
10.07.2024;09:01;A 87;1;2;95;1;98;5;18;4;4;4;15;3;3;2;2;1;64;0;0;0;0;0;0;0;0;0;0;0;0;0;0;0;0;0;0;0;0;0;0;0;0;0;0;0;0;0;0;0;0;0;0;0;0
10.07.2024;09:00;A 87;1;7;53;9;21;0;0;3;3;1;2;2;4;0;0;0;41;0;0;0;0;0;0;0;0;0;0;0;0;0;0;0;0;0;0;0;0;1;1;0;0;0;0;0;0;0;0;0;0;0;0;0;0
10.07.2024;08:59;A 87;1;3;91;2;94;5;91;4;5;4;77;4;26;0;0;0;100;0;0;0;0;0;0;0;0;0;0;0;0;0;0;0;0;0;0;0;0;0;0;0;0;0;0;0;0;0;0;0;0;0;0;0;0
10.07.2024;08:58;A 87;1;1;57;3;17;5;14;4;3;6;9;3;81;1;1;2;53;0;0;0;0;0;0;0;0;0;0;0;0;0;0;0;0;0;0;0;0;1;1;0;0;0;0;0;0;0;0;0;0;0;0;0;0
10.07.2024;08:57;A 87;1;4;70;4;47;4;87;12;21;3;79;3;32;2;4;1;35;0;0;0;0;0;0;0;0;0;0;0;0;0;0;0;0;0;0;0;0;0;0;0;0;0;0;0;0;0;0;1;2;0;0;0;0
10.07.2024;08:56;A 87;1;10;16;8;22;1;6;39;19;2;5;3;28;0;0;0;96;0;0;0;0;0;0;1;2;1;2;1;2;1;2;1;2;0;0;0;0;0;0;0;0;0;0;0;0;0;0;0;0;1;2;3;0
10.07.2024;08:55;A 87;1;0;98;2;76;5;65;51;27;5;10;9;32;2;2;1;65;0;0;0;0;1;2;0;0;0;0;0;0;0;0;0;0;0;0;0;0;0;0;0;0;0;0;0;0;0;0;0;0;0;0;0;0
10.07.2024;08:54;A 87;1;10;59;10;21;1;3;18;9;2;4;0;100;0;0;1;51;0;0;0;0;0;0;0;0;0;0;0;0;0;0;0;0;0;0;0;0;0;0;0;0;0;0;0;0;0;0;0;0;0;0;0;0
10.07.2024;08:53;A 87;1;2;94;1;95;5;65;11;11;4;50;13;51;2;4;1;40;0;0;0;0;0;0;0;0;0;0;0;0;0;0;0;0;0;0;0;0;0;0;0;0;0;0;0;0;0;0;0;0;0;0;0;0
10.07.2024;08:52;A 87;1;6;78;7;79;1;7;3;4;2;5;1;82;1;40;3;37;0;0;0;0;0;0;0;0;0;0;0;0;0;0;0;0;0;0;0;0;0;0;1;1;0;0;0;0;0;0;0;0;0;0;0;0
10.07.2024;08:51;A 87;1;3;92;3;70;4;8;6;6;3;5;6;14;3;33;1;49;0;0;0;0;0;0;0;0;0;0;0;0;0;0;0;0;0;0;0;0;1;1;0;1;0;0;0;0;0;0;0;0;0;0;0;0
10.07.2024;08:50;A 87;1;6;55;6;11;1;5;4;4;2;7;0;24;2;2;2;41;0;0;0;0;0;0;0;0;0;0;0;0;0;0;0;0;0;0;0;0;1;1;2;2;0;0;0;0;0;0;0;0;0;0;0;0
10.07.2024;08:49;A 87;1;3;93;2;92;4;57;7;6;4;7;4;27;2;3;1;31;0;0;0;0;0;0;0;0;0;0;0;0;0;0;0;0;0;0;0;0;0;0;0;0;0;0;0;0;0;0;0;0;0;0;0;0
10.07.2024;08:48;A 87;1;10;50;10;31;0;0;4;3;0;0;3;63;0;0;0;0;0;0;0;0;0;0;0;0;0;0;0;0;0;0;0;0;0;0;0;0;0;0;0;0;0;0;0;0;0;0;0;0;0;0;0;0
10.07.2024;08:47;A 87;1;1;94;0;100;4;76;7;7;3;14;7;36;0;0;0;0;0;0;0;0;0;0;0;0;0;0;0;0;0;0;1;2;0;0;0;0;0;0;0;0;0;0;0;0;0;0;0;0;0;0;0;0
10.07.2024;08:46;A 87;1;4;88;5;89;1;76;3;3;1;72;3;36;0;0;0;23;0;0;0;0;0;0;0;0;1;2;0;0;1;2;0;0;0;0;0;0;0;0;1;1;0;0;0;0;0;0;1;2;1;2;0;0
10.07.2024;08:45;A 87;1;3;93;3;7;4;83;6;7;3;86;9;31;1;2;1;38;0;0;0;0;1;2;1;2;0;0;1;2;0;0;0;0;0;0;0;0;0;0;0;0;0;0;0;0;0;0;0;0;0;0;0;0
10.07.2024;08:44;A 87;1;10;36;9;17;0;0;2;2;2;2;2;95;3;45;3;54;0;0;0;0;0;0;0;0;0;0;0;0;0;0;0;0;0;0;0;0;0;0;0;0;0;0;0;0;0;0;0;0;0;0;0;0
10.07.2024;08:43;A 87;1;1;97;1;97;5;68;4;3;4;21;10;28;1;2;1;47;0;0;0;0;0;0;0;0;0;0;0;0;0;0;0;0;1;1;0;0;0;0;0;0;0;0;0;0;0;0;0;0;0;0;0;0
10.07.2024;08:42;A 87;1;12;64;12;42;0;0;12;5;1;2;2;26;1;2;1;56;0;0;0;0;0;0;0;0;0;0;0;0;0;0;0;0;0;0;0;0;0;0;0;0;0;0;0;0;0;0;0;0;0;0;0;0
10.07.2024;08:41;A 87;1;1;96;1;97;4;65;32;16;3;50;13;42;1;2;1;29;0;0;0;0;0;0;0;0;0;0;0;0;0;0;0;0;0;0;1;1;0;0;0;0;0;0;0;0;0;0;0;0;0;0;1;0
10.07.2024;08:40;A 87;1;13;72;15;70;0;0;30;15;1;2;0;100;1;3;1;62;0;0;0;0;0;0;0;0;0;0;0;0;0;0;0;0;0;0;0;0;0;0;0;0;0;0;0;0;0;0;0;0;0;0;1;0
10.07.2024;08:39;A 87;1;1;98;0;0;6;79;44;23;6;80;7;35;1;2;1;81;0;0;0;0;0;0;0;0;0;0;1;2;1;2;1;2;0;0;0;0;0;0;0;0;0;0;0;0;0;0;0;0;1;2;0;0
10.07.2024;08:38;A 87;1;10;75;11;21;0;0;2;0;0;0;3;60;2;61;4;61;0;0;0;0;0;0;0;0;0;0;0;0;0;0;0;0;0;0;0;0;0;0;0;0;0;0;0;0;0;0;0;0;0;0;0;0
10.07.2024;08:37;A 87;1;2;93;1;95;2;5;6;7;2;62;7;40;1;13;0;100;0;0;0;0;0;0;0;0;1;2;0;0;0;0;0;0;0;0;0;0;0;0;0;0;0;0;0;0;0;0;1;2;0;0;3;1
10.07.2024;08:36;A 87;1;10;69;13;57;1;7;4;3;1;2;2;40;2;5;1;26;0;0;0;0;1;2;1;2;0;0;0;0;0;0;0;0;0;0;0;0;0;0;0;0;0;0;0;0;0;0;0;0;0;0;1;1
10.07.2024;08:35;A 87;1;2;95;1;3;3;12;6;6;3;9;16;39;0;0;0;0;0;0;0;0;0;0;0;0;0;0;0;0;0;0;0;0;1;1;0;0;0;0;0;0;0;0;0;0;0;0;0;0;0;0;0;0
10.07.2024;08:34;A 87;1;8;77;10;20;0;0;4;4;0;0;2;71;0;0;1;47;0;0;0;0;0;0;0;0;0;0;0;0;0;0;0;0;0;0;0;0;0;0;0;0;0;0;0;0;0;0;0;0;0;0;0;0
10.07.2024;08:33;A 87;1;3;94;1;3;3;12;3;3;3;7;10;37;1;3;0;100;0;0;0;0;0;0;0;0;0;0;0;0;0;0;0;0;0;0;0;0;0;0;0;0;0;0;0;0;0;0;0;0;0;0;10;22
10.07.2024;08:32;A 87;1;12;72;12;23;1;3;1;1;1;2;2;80;2;3;3;37;0;0;0;0;0;0;0;0;0;0;0;0;0;0;0;0;0;0;0;0;0;0;0;0;0;0;0;0;0;0;0;0;0;0;2;0
10.07.2024;08:31;A 87;1;1;94;0;98;6;13;6;5;5;11;8;33;0;0;0;0;0;0;0;0;0;0;0;0;0;0;0;0;0;0;0;0;0;0;0;0;0;0;0;0;0;0;0;0;0;0;0;0;0;0;2;0
10.07.2024;08:30;A 87;1;10;74;10;73;0;0;3;2;1;2;1;58;2;49;3;54;0;0;0;0;0;0;0;0;0;0;0;0;0;0;0;0;0;0;0;0;0;0;0;0;0;0;0;0;0;0;0;0;0;0;0;0
10.07.2024;08:29;A 87;1;0;97;0;100;3;12;5;6;3;9;9;34;0;100;0;100;0;0;0;0;0;0;0;0;0;0;0;0;0;0;0;0;0;0;0;0;0;0;0;0;0;0;0;0;0;0;0;0;0;0;0;0
10.07.2024;08:28;A 87;1;5;83;6;77;0;0;3;3;1;3;1;98;3;23;2;54;0;0;0;0;0;0;0;0;0;0;0;0;0;0;0;0;0;0;0;0;0;0;0;0;0;0;0;0;0;0;0;0;0;0;0;0
10.07.2024;08:27;A 87;1;2;95;1;95;2;13;6;6;0;13;12;41;2;3;1;69;0;0;0;0;0;0;0;0;0;0;0;0;0;0;0;0;0;0;0;0;1;1;0;0;0;0;0;0;0;0;0;0;0;0;0;0
10.07.2024;08:26;A 87;1;11;56;12;57;2;41;4;4;3;28;2;56;1;53;3;56;0;0;0;0;0;0;0;0;0;0;0;0;0;0;0;0;1;1;0;0;0;0;0;0;0;0;0;0;0;0;1;2;0;0;0;0
10.07.2024;08:25;A 87;1;2;93;2;95;1;84;2;2;2;85;13;40;3;14;1;41;0;0;0;0;1;2;1;2;1;2;1;2;1;2;1;2;0;0;0;0;0;0;0;0;0;0;0;0;0;0;0;0;1;2;0;0
10.07.2024;08:24;A 87;1;11;61;12;55;0;0;4;3;0;0;1;89;2;39;2;47;0;0;0;0;0;0;0;0;0;0;0;0;0;0;0;0;0;0;0;0;0;0;0;0;0;0;0;0;0;0;0;0;0;0;0;0
10.07.2024;08:23;A 87;1;1;91;2;92;3;62;4;4;3;10;8;35;1;1;0;0;0;0;0;0;0;0;0;0;0;0;0;0;0;0;0;0;0;0;0;0;0;0;0;0;0;0;0;0;0;0;0;0;0;0;0;0
10.07.2024;08:22;A 87;1;10;63;9;53;1;5;2;2;1;2;3;51;1;1;1;55;0;0;0;0;0;0;0;0;0;0;0;0;0;0;0;0;0;0;0;0;0;0;0;0;0;0;0;0;0;0;0;0;0;0;0;0
10.07.2024;08:21;A 87;1;1;96;1;98;3;54;5;4;3;8;10;13;1;2;1;61;0;0;0;0;0;0;0;0;0;0;0;0;0;0;0;0;0;0;0;0;0;0;0;0;0;0;0;0;0;0;0;0;0;0;1;92
10.07.2024;08:20;A 87;1;8;24;9;20;1;4;3;3;1;2;1;4;0;0;0;54;0;0;0;0;0;0;0;0;0;0;0;0;0;0;0;0;0;0;0;0;0;0;0;0;0;0;0;0;0;0;0;0;0;0;2;19
10.07.2024;08:19;A 87;1;2;94;2;97;4;12;1;1;3;8;6;24;1;3;1;41;0;0;0;0;0;0;0;0;0;0;0;0;0;0;0;0;0;0;0;0;0;0;0;0;0;0;0;0;0;0;0;0;0;0;0;0
10.07.2024;08:18;A 87;1;10;56;10;25;0;0;4;4;1;3;2;21;0;51;2;52;0;0;0;0;0;0;0;0;0;0;0;0;0;0;0;0;0;0;0;0;0;0;0;0;0;0;0;0;0;0;0;0;0;0;1;0
10.07.2024;08:17;A 87;1;1;94;1;98;2;23;3;2;2;20;5;32;2;32;0;100;0;0;0;0;0;0;0;0;0;0;1;2;1;2;1;2;0;0;0;0;0;0;0;0;0;0;0;0;0;0;0;0;1;2;5;1
10.07.2024;08:16;A 87;1;5;57;5;13;1;80;1;1;1;1;1;93;1;1;1;34;0;0;0;0;0;0;0;0;1;2;0;0;0;0;0;0;0;0;0;0;0;0;1;1;0;0;0;0;0;0;1;2;0;0;1;1
10.07.2024;08:15;A 87;1;2;93;4;53;1;70;6;7;1;2;8;30;0;2;1;95;0;0;0;0;0;0;1;2;0;0;0;0;0;0;0;0;0;0;0;0;0;0;0;0;0;0;0;0;0;0;0;0;0;0;1;0
10.07.2024;08:14;A 87;1;8;63;6;10;0;0;2;3;0;0;2;78;3;3;1;44;0;0;0;0;1;2;0;0;0;0;0;0;0;0;0;0;0;0;0;0;0;0;0;0;0;0;0;0;0;0;0;0;0;0;0;0
10.07.2024;08:13;A 87;1;2;93;2;96;5;20;3;5;4;14;8;31;0;1;1;96;0;0;0;0;0;0;0;0;0;0;0;0;0;0;0;0;0;0;0;0;0;0;0;0;0;0;0;0;0;0;0;0;0;0;1;1
10.07.2024;08:12;A 87;1;13;71;13;63;0;0;3;3;1;2;2;79;1;1;1;57;0;0;0;0;0;0;0;0;0;0;0;0;0;0;0;0;0;0;0;0;0;0;0;0;0;0;0;0;0;0;0;0;0;0;1;0
10.07.2024;08:11;A 87;1;2;91;2;6;1;60;0;0;1;2;6;36;2;6;1;19;0;0;0;0;0;0;0;0;0;0;0;0;0;0;0;0;0;0;0;0;0;0;0;0;0;0;0;0;0;0;0;0;0;0;1;0
10.07.2024;08:10;A 87;1;11;75;13;50;1;5;0;0;1;2;2;64;1;2;1;49;0;0;0;0;0;0;0;0;0;0;0;0;0;0;0;0;0;0;0;0;0;0;0;0;0;0;0;0;0;0;0;0;0;0;2;0
10.07.2024;08:09;A 87;1;1;98;0;100;1;12;1;2;0;0;10;37;1;1;0;0;0;0;0;0;0;0;0;0;0;0;0;0;0;0;0;0;0;0;0;0;0;0;0;0;0;0;0;0;0;0;0;0;0;0;42;27
10.07.2024;08:08;A 87;1;10;73;11;75;1;18;4;3;2;6;1;81;1;56;3;57;0;0;0;0;0;0;0;0;0;0;0;0;0;0;0;0;0;0;0;0;0;0;1;1;0;0;0;0;0;0;0;0;0;0;3;1
10.07.2024;08:07;A 87;1;3;93;2;94;3;9;3;2;3;6;9;46;2;42;0;100;0;0;0;0;0;0;0;0;1;2;0;0;0;0;0;0;0;0;0;0;0;0;0;0;0;0;0;0;0;0;1;2;0;0;0;0
10.07.2024;08:06;A 87;1;5;84;5;86;1;52;2;1;2;4;0;100;1;2;1;25;0;0;0;0;0;0;0;0;0;0;0;0;0;0;0;0;0;0;0;0;0;0;0;0;0;0;0;0;0;0;0;0;0;0;2;0
10.07.2024;08:05;A 87;1;1;96;3;75;4;91;1;1;3;9;17;54;0;0;0;0;0;0;0;0;1;2;1;2;0;0;1;2;1;2;1;2;0;0;0;0;0;0;0;0;0;0;0;0;0;0;0;0;1;2;12;3
10.07.2024;08:04;A 87;1;3;27;2;2;2;16;9;8;3;10;1;98;0;0;1;30;0;0;0;0;0;0;0;0;0;0;0;0;0;0;0;0;0;0;0;0;0;0;0;0;0;0;0;0;0;0;0;0;0;0;3;1
10.07.2024;08:03;A 87;1;2;92;1;96;5;62;5;5;4;62;10;46;1;3;0;100;0;0;0;0;0;0;0;0;0;0;0;0;0;0;0;0;0;0;0;0;1;1;2;4;0;0;0;0;0;0;0;0;0;0;3;0
10.07.2024;08:02;A 87;1;4;71;5;48;2;9;4;2;3;5;0;100;3;20;4;52;0;0;0;0;0;0;0;0;0;0;0;0;0;0;0;0;1;1;0;0;1;1;1;2;0;0;0;0;0;0;0;0;0;0;0;0
10.07.2024;08:01;A 87;1;2;97;1;96;4;55;2;2;3;6;11;22;2;4;1;32;0;0;0;0;0;0;0;0;0;0;0;0;0;0;0;0;0;0;0;0;0;0;0;0;0;0;0;0;0;0;0;0;0;0;18;5
10.07.2024;08:00;A 87;1;7;66;8;24;0;0;4;3;1;1;1;54;0;0;0;37;0;0;0;0;0;0;0;0;0;0;0;0;0;0;0;0;0;0;0;0;0;0;0;0;0;0;0;0;0;0;0;0;0;0;2;0
10.07.2024;07:59;A 87;1;3;94;2;96;0;4;2;2;0;0;9;45;0;0;0;100;0;0;0;0;0;0;0;0;0;0;0;0;0;0;0;0;0;0;0;0;0;0;0;0;0;0;0;0;0;0;0;0;0;0;0;0
10.07.2024;07:58;A 87;1;6;46;8;43;1;4;4;3;1;2;4;27;2;6;2;57;0;0;0;0;0;0;0;0;0;0;0;0;0;0;0;0;0;0;0;0;3;4;0;0;0;0;0;0;0;0;0;0;0;0;1;0
10.07.2024;07:57;A 87;1;2;95;3;32;10;71;1;1;8;71;13;36;0;0;0;100;0;0;0;0;0;0;0;0;0;0;0;0;0;0;0;0;0;0;0;0;0;0;0;0;0;0;0;0;0;0;0;0;0;0;25;13
10.07.2024;07:56;A 87;1;7;23;6;9;3;48;1;1;3;41;0;100;2;55;4;85;0;0;0;0;0;0;0;0;1;2;0;0;0;0;0;0;0;0;0;0;0;0;0;0;0;0;0;0;0;0;1;2;0;0;3;1
10.07.2024;07:55;A 87;1;1;31;2;2;4;85;5;3;6;40;15;60;3;16;0;100;0;0;0;0;1;2;1;2;0;0;1;2;1;2;1;2;0;0;0;0;0;0;0;0;0;0;0;0;0;0;0;0;1;2;0;0
10.07.2024;07:54;A 87;1;9;12;8;13;2;8;4;3;2;4;2;95;1;1;1;28;0;0;0;0;0;0;0;0;0;0;0;0;0;0;0;0;1;1;0;0;0;0;0;0;0;0;0;0;0;0;0;0;0;0;0;0
10.07.2024;07:53;A 87;1;2;97;1;95;4;9;1;1;4;8;4;4;0;0;0;0;0;0;0;0;0;0;0;0;0;0;0;0;0;0;0;0;0;0;0;0;0;0;0;0;0;0;0;0;0;0;0;0;0;0;0;86
10.07.2024;07:52;A 87;1;10;62;11;29;1;4;1;1;1;2;1;3;0;0;0;48;0;0;0;0;0;0;0;0;0;0;0;0;0;0;0;0;1;1;0;0;0;0;0;0;0;0;0;0;0;0;0;0;0;0;7;32
10.07.2024;07:51;A 87;1;2;95;1;98;5;69;4;5;5;59;9;14;0;0;0;100;0;0;0;0;0;0;0;0;0;0;0;0;0;0;0;0;0;0;0;0;0;0;0;0;0;0;0;0;0;0;0;0;0;0;2;1
10.07.2024;07:50;A 87;1;12;68;13;64;1;7;2;2;1;2;3;8;1;1;1;14;0;0;0;0;0;0;0;0;0;0;0;0;0;0;0;0;0;0;0;0;0;0;0;0;0;0;0;0;0;0;0;0;0;0;0;0
10.07.2024;07:49;A 87;1;2;95;1;95;3;12;4;5;3;12;9;38;0;0;0;0;0;0;0;0;0;0;0;0;0;0;0;0;0;0;0;0;0;0;0;0;0;0;0;0;0;0;0;0;0;0;0;0;0;0;0;88
10.07.2024;07:48;A 87;1;14;42;14;39;0;0;2;3;0;0;1;86;1;1;0;0;0;0;0;0;0;0;0;0;0;0;0;0;0;0;0;0;0;0;0;0;0;0;0;0;0;0;0;0;0;0;0;0;0;0;3;49
10.07.2024;07:47;A 87;1;3;93;3;95;3;58;5;5;3;66;9;34;1;1;0;0;0;0;0;0;0;0;0;0;0;0;0;0;0;0;0;0;0;0;0;0;0;0;0;0;0;0;0;0;0;0;0;0;0;0;0;0
10.07.2024;07:46;A 87;1;4;92;5;87;3;83;3;3;2;77;2;67;0;0;0;23;0;0;0;0;0;0;0;0;1;2;0;0;0;0;0;0;0;0;0;0;0;0;0;0;0;0;0;0;0;0;1;2;0;0;0;0
10.07.2024;07:45;A 87;1;4;91;3;81;1;67;8;7;2;71;9;32;1;1;1;37;0;0;0;0;1;2;1;2;0;0;1;2;1;2;1;2;0;0;0;0;0;0;1;1;0;0;0;0;0;0;0;0;1;2;2;86
10.07.2024;07:44;A 87;1;5;58;6;12;1;7;4;6;1;2;0;100;0;0;0;33;0;0;0;0;0;0;0;0;0;0;0;0;0;0;0;0;0;0;0;0;1;1;0;0;0;0;0;0;0;0;0;0;0;0;1;35
10.07.2024;07:43;A 87;1;3;94;3;77;5;15;7;6;5;10;10;11;0;0;0;100;0;0;0;0;0;0;0;0;0;0;0;0;0;0;0;0;0;0;0;0;0;0;0;0;0;0;0;0;0;0;0;0;0;0;0;0
10.07.2024;07:42;A 87;1;10;68;10;17;1;2;2;2;1;2;2;6;1;2;2;68;0;0;0;0;0;0;0;0;0;0;0;0;0;0;0;0;0;0;0;0;0;0;0;0;0;0;0;0;0;0;0;0;0;0;1;1
10.07.2024;07:41;A 87;1;4;91;2;94;2;3;2;2;1;2;9;15;2;28;0;100;0;0;0;0;0;0;0;0;0;0;0;0;0;0;0;0;0;0;0;0;0;0;0;0;0;0;0;0;0;0;0;0;0;0;4;18
10.07.2024;07:40;A 87;1;10;75;12;73;1;9;4;8;2;5;1;24;2;8;1;59;0;0;0;0;0;0;0;0;0;0;0;0;0;0;0;0;0;0;0;0;0;0;1;1;0;0;0;0;0;0;0;0;0;0;0;0
10.07.2024;07:39;A 87;1;2;92;1;95;0;0;3;3;0;0;11;34;1;1;1;54;0;0;0;0;0;0;0;0;0;0;0;0;0;0;0;0;0;0;0;0;1;1;1;1;0;0;0;0;0;0;0;0;0;0;1;1
10.07.2024;07:38;A 87;1;2;67;4;28;0;0;8;3;0;0;3;26;0;0;0;0;0;0;0;0;0;0;0;0;0;0;0;0;0;0;0;0;0;0;0;0;0;0;0;0;0;0;0;0;0;0;1;2;0;0;0;0
10.07.2024;07:37;A 87;1;3;7;1;4;0;0;46;24;0;0;9;32;0;0;0;0;0;0;0;0;0;0;1;2;1;2;0;0;0;0;0;0;0;0;0;0;0;0;0;0;0;0;0;0;0;0;0;0;0;0;0;0
10.07.2024;07:36;A 87;1;12;35;13;21;0;0;14;8;0;0;3;59;1;2;1;39;0;0;0;0;1;2;0;0;0;0;0;0;0;0;0;0;0;0;0;0;0;0;0;0;0;0;0;0;0;0;0;0;0;0;0;0
10.07.2024;07:35;A 87;1;3;92;2;94;5;80;8;6;4;73;10;31;0;0;0;0;0;0;0;0;0;0;0;0;0;0;0;0;1;2;1;2;0;0;0;0;0;0;0;0;0;0;0;0;0;0;0;0;1;2;4;13
10.07.2024;07:34;A 87;1;7;21;8;16;2;19;7;5;3;5;1;93;3;18;3;44;0;0;0;0;0;0;0;0;0;0;1;2;0;0;0;0;0;0;0;0;0;0;0;0;0;0;0;0;0;0;0;0;0;0;0;0
10.07.2024;07:33;A 87;1;3;94;2;95;0;79;3;3;0;0;5;8;2;2;1;20;0;0;0;0;0;0;0;0;0;0;0;0;0;0;0;0;0;0;0;0;0;0;0;0;0;0;0;0;0;0;0;0;0;0;0;0
10.07.2024;07:32;A 87;1;11;59;11;24;4;13;5;3;4;10;2;3;0;0;0;0;0;0;0;0;0;0;0;0;0;0;0;0;0;0;0;0;0;0;0;0;0;0;0;0;0;0;0;0;0;0;0;0;0;0;5;2
10.07.2024;07:31;A 87;1;2;58;4;54;3;73;2;2;2;43;6;44;0;0;0;0;0;0;0;0;0;0;0;0;1;2;0;0;0;0;0;0;0;0;0;0;0;0;0;0;0;0;0;0;0;0;1;2;0;0;0;0
10.07.2024;07:30;A 87;1;9;12;8;13;1;9;5;3;2;4;3;48;1;3;1;52;0;0;0;0;1;2;1;2;0;0;0;0;0;0;0;0;0;0;0;0;0;0;0;0;0;0;0;0;0;0;0;0;0;0;1;1
10.07.2024;07:29;A 87;1;2;93;1;95;4;13;6;5;3;13;14;39;0;0;0;100;0;0;0;0;0;0;0;0;0;0;0;0;0;0;0;0;0;0;1;1;0;0;1;1;0;0;0;0;0;0;0;0;0;0;0;0
10.07.2024;07:28;A 87;1;1;68;3;45;1;1;1;1;2;3;2;90;1;28;3;54;0;0;0;0;0;0;0;0;0;0;0;0;0;0;0;0;0;0;0;0;0;0;0;0;0;0;0;0;0;0;0;0;0;0;3;12
10.07.2024;07:27;A 87;1;2;91;1;4;5;25;7;7;4;24;12;21;3;19;1;41;0;0;0;0;0;0;0;0;0;0;0;0;0;0;0;0;0;0;1;3;0;0;1;1;0;0;0;0;0;0;0;0;0;0;0;0
10.07.2024;07:26;A 87;1;7;50;6;10;1;46;0;0;2;4;0;0;0;0;0;64;0;0;0;0;0;0;1;2;1;2;0;0;0;0;0;0;0;0;0;0;0;0;0;0;0;0;0;0;0;0;1;2;0;0;3;1
10.07.2024;07:25;A 87;1;2;93;2;96;1;81;1;1;1;2;3;7;1;2;1;92;0;0;0;0;1;2;0;0;0;0;1;2;1;2;1;2;0;0;0;0;0;0;0;0;0;0;0;0;0;0;0;0;1;2;0;0
10.07.2024;07:24;A 87;1;9;70;9;38;1;16;6;6;1;2;2;7;0;0;0;42;0;0;0;0;0;0;0;0;0;0;0;0;0;0;0;0;0;0;0;0;0;0;0;0;0;0;0;0;0;0;0;0;0;0;1;4
10.07.2024;07:23;A 87;1;3;93;3;95;3;14;6;4;3;10;7;30;0;0;0;100;0;0;0;0;0;0;0;0;0;0;0;0;0;0;0;0;0;0;0;0;0;0;0;0;0;0;0;0;0;0;0;0;0;0;1;1
10.07.2024;07:22;A 87;1;3;88;3;71;1;0;3;4;1;2;3;52;1;1;1;80;0;0;0;0;0;0;0;0;0;0;0;0;0;0;0;0;0;0;0;0;0;0;0;0;0;0;0;0;0;0;0;0;0;0;0;0
10.07.2024;07:21;A 87;1;2;95;5;65;2;71;4;4;2;3;4;35;0;0;0;100;0;0;0;0;0;0;0;0;0;0;0;0;0;0;0;0;0;0;0;0;0;0;0;0;0;0;0;0;0;0;0;0;0;0;0;0
10.07.2024;07:20;A 87;1;8;77;7;14;1;4;2;1;1;2;2;44;1;1;1;77;0;0;0;0;0;0;0;0;0;0;0;0;0;0;0;0;0;0;0;0;0;0;0;0;0;0;0;0;0;0;0;0;0;0;1;3
10.07.2024;07:19;A 87;1;4;76;5;77;2;8;6;6;2;2;8;31;0;0;0;100;0;0;0;0;0;0;0;0;0;0;0;0;0;0;0;0;0;0;0;0;1;1;0;0;0;0;0;0;0;0;0;0;0;0;0;0
10.07.2024;07:18;A 87;1;9;21;7;17;1;2;22;10;1;2;3;19;2;4;2;32;0;0;0;0;0;0;0;0;0;0;0;0;0;0;0;0;0;0;0;0;0;0;0;0;0;0;0;0;0;0;0;0;0;0;0;0
10.07.2024;07:17;A 87;1;1;98;1;95;1;85;30;13;1;75;5;28;0;0;0;0;0;0;0;0;0;0;0;0;0;0;0;0;0;0;0;0;0;0;0;0;0;0;0;0;0;0;0;0;0;0;0;0;0;0;6;51
10.07.2024;07:16;A 87;1;11;31;12;25;4;16;62;27;4;11;3;68;0;0;0;0;0;0;0;0;0;0;0;0;0;0;0;0;0;0;1;2;0;0;0;0;0;0;0;0;0;0;0;0;0;0;0;0;0;0;0;0
10.07.2024;07:15;A 87;1;3;6;3;48;3;7;20;10;1;6;10;42;0;0;0;0;0;0;0;0;0;0;1;2;1;2;1;2;1;2;0;0;0;0;0;0;0;0;0;0;0;0;0;0;0;0;1;2;1;2;1;0
10.07.2024;07:14;A 87;1;10;16;9;17;1;20;7;6;2;15;1;93;0;0;0;51;0;0;0;0;1;2;0;0;0;0;0;0;0;0;0;0;0;0;0;0;0;0;0;0;0;0;0;0;0;0;0;0;0;0;5;1
10.07.2024;07:13;A 87;1;1;94;1;98;7;76;3;2;6;20;9;35;1;2;1;52;0;0;0;0;0;0;0;0;0;0;0;0;0;0;0;0;0;0;0;0;0;0;0;0;0;0;0;0;0;0;0;0;0;0;14;78
10.07.2024;07:12;A 87;1;11;61;12;26;0;0;4;3;1;1;3;63;2;3;2;31;0;0;0;0;0;0;0;0;0;0;0;0;0;0;0;0;0;0;0;0;0;0;0;0;0;0;0;0;0;0;0;0;0;0;0;0
10.07.2024;07:11;A 87;1;1;97;2;95;1;6;2;2;1;1;11;46;0;0;0;0;0;0;0;0;0;0;0;0;0;0;0;0;0;0;0;0;0;0;0;0;0;0;0;0;0;0;0;0;0;0;0;0;0;0;1;47
10.07.2024;07:10;A 87;1;9;72;8;64;1;3;2;2;1;2;1;34;0;0;0;47;0;0;0;0;0;0;0;0;0;0;0;0;0;0;0;0;0;0;0;0;0;0;0;0;0;0;0;0;0;0;0;0;0;0;4;1
10.07.2024;07:09;A 87;1;2;94;3;79;1;6;2;3;1;1;6;27;0;0;0;100;0;0;0;0;0;0;0;0;0;0;0;0;0;0;0;0;0;0;0;0;0;0;0;0;0;0;0;0;0;0;0;0;0;0;0;0
10.07.2024;07:08;A 87;1;9;64;8;22;2;11;3;3;2;7;1;71;1;2;1;55;0;0;0;0;0;0;0;0;0;0;0;0;0;0;0;0;0;0;0;0;0;0;0;0;0;0;0;0;0;0;0;0;0;0;0;0
10.07.2024;07:07;A 87;1;1;97;1;99;2;53;3;4;1;5;14;51;1;1;1;25;0;0;0;0;0;0;0;0;0;0;0;0;0;0;0;0;0;0;0;0;0;0;1;1;0;0;0;0;0;0;0;0;0;0;0;0
10.07.2024;07:06;A 87;1;11;76;11;56;2;29;1;1;3;18;3;28;1;2;1;16;0;0;0;0;0;0;0;0;0;0;0;0;0;0;0;0;0;0;0;0;0;0;0;0;0;0;0;0;0;0;0;0;0;0;0;0
10.07.2024;07:05;A 87;1;3;91;3;94;0;0;1;1;0;0;9;35;0;0;0;0;0;0;0;0;0;0;1;2;1;2;1;2;1;2;1;2;0;0;0;0;0;0;0;0;0;0;0;0;0;0;1;2;1;2;2;1
10.07.2024;07:04;A 87;1;7;61;7;57;2;18;4;3;2;5;1;86;1;42;2;46;0;0;0;0;1;2;0;0;0;0;0;0;0;0;0;0;0;0;0;0;0;0;0;0;0;0;0;0;0;0;0;0;0;0;0;0
10.07.2024;07:03;A 87;1;3;93;3;94;6;71;4;3;6;71;10;43;1;39;1;74;0;0;0;0;0;0;0;0;0;0;0;0;0;0;0;0;0;0;0;0;0;0;0;0;0;0;0;0;0;0;0;0;0;0;2;0
10.07.2024;07:02;A 87;1;10;57;11;54;1;6;1;1;1;2;2;80;1;7;0;46;0;0;0;0;0;0;0;0;0;0;0;0;0;0;0;0;0;0;0;0;0;0;0;0;0;0;0;0;0;0;0;0;0;0;3;1
10.07.2024;07:01;A 87;1;2;94;1;95;4;56;2;2;4;11;3;31;1;2;1;87;0;0;0;0;0;0;0;0;0;0;0;0;0;0;0;0;0;0;0;0;0;0;0;0;0;0;0;0;0;0;0;0;0;0;0;0
10.07.2024;07:00;A 87;1;5;79;6;39;0;0;3;3;0;0;3;29;1;2;1;19;0;0;0;0;0;0;0;0;0;0;0;0;0;0;0;0;0;0;0;0;0;0;0;0;0;0;0;0;0;0;0;0;0;0;1;1
10.07.2024;06:59;A 87;1;2;95;2;92;6;15;6;5;5;7;9;33;0;0;0;0;0;0;0;0;0;0;0;0;0;0;0;0;0;0;0;0;0;0;0;0;0;0;0;0;0;0;0;0;0;0;0;0;0;0;0;0
10.07.2024;06:58;A 87;1;10;14;9;19;3;14;4;3;3;7;1;95;0;55;1;60;0;0;0;0;0;0;0;0;0;0;0;0;0;0;0;0;0;0;0;0;0;0;0;0;0;0;0;0;0;0;0;0;0;0;1;0
10.07.2024;06:57;A 87;1;2;93;2;95;4;84;2;2;4;89;7;37;2;45;1;64;0;0;0;0;0;0;0;0;0;0;0;0;0;0;0;0;0;0;0;0;0;0;0;0;0;0;0;0;0;0;0;0;0;0;0;0
10.07.2024;06:56;A 87;1;5;58;6;33;2;20;6;5;3;7;3;32;0;0;0;31;0;0;0;0;0;0;0;0;0;0;0;0;0;0;0;0;0;0;0;0;0;0;0;0;0;0;0;0;0;0;1;2;0;0;4;3
10.07.2024;06:55;A 87;1;4;54;5;17;1;96;0;0;1;2;6;5;0;0;0;100;0;0;0;0;0;0;1;2;1;2;1;2;1;2;1;2;0;0;0;0;0;0;0;0;0;0;0;0;0;0;0;0;1;2;0;0
10.07.2024;06:54;A 87;1;2;3;1;1;1;9;5;4;1;2;0;0;1;2;1;26;0;0;0;0;1;2;0;0;0;0;0;0;0;0;0;0;0;0;0;0;0;0;0;0;0;0;0;0;0;0;0;0;0;0;0;0
10.07.2024;06:53;A 87;1;2;96;3;19;0;0;3;4;0;0;4;29;0;0;0;0;0;0;0;0;0;0;0;0;0;0;0;0;0;0;0;0;0;0;0;0;0;0;0;0;0;0;0;0;0;0;0;0;0;0;3;1
10.07.2024;06:52;A 87;1;3;60;1;3;0;0;0;0;0;0;3;7;0;0;1;29;0;0;0;0;0;0;0;0;0;0;0;0;0;0;0;0;0;0;0;0;0;0;1;1;0;0;0;0;0;0;0;0;0;0;0;0
10.07.2024;06:51;A 87;1;2;94;3;83;2;7;3;4;2;3;9;48;1;2;0;100;0;0;0;0;0;0;0;0;0;0;0;0;0;0;0;0;0;0;0;0;7;9;0;0;0;0;0;0;0;0;0;0;0;0;0;0
10.07.2024;06:50;A 87;1;1;90;2;4;1;6;5;4;1;1;1;96;1;2;1;40;0;0;0;0;0;0;0;0;0;0;0;0;0;0;0;0;0;0;0;0;2;2;0;0;0;0;0;0;0;0;0;0;0;0;0;0
10.07.2024;06:49;A 87;1;3;93;1;94;0;3;4;3;0;0;4;40;0;0;0;0;0;0;0;0;0;0;0;0;0;0;0;0;0;0;0;0;0;0;0;0;0;0;0;0;0;0;0;0;0;0;0;0;0;0;0;0
10.07.2024;06:48;A 87;1;2;77;4;20;2;6;3;2;2;4;3;42;0;0;0;27;0;0;0;0;0;0;0;0;0;0;0;0;0;0;0;0;0;0;0;0;0;0;0;0;0;0;0;0;0;0;0;0;0;0;0;0
10.07.2024;06:47;A 87;1;2;92;0;0;5;82;1;1;5;84;5;34;1;2;1;54;0;0;0;0;0;0;0;0;0;0;0;0;0;0;0;0;0;0;0;0;0;0;0;0;0;0;0;0;0;0;0;0;0;0;0;0
10.07.2024;06:46;A 87;1;8;61;8;23;4;15;18;10;3;7;1;20;0;0;0;0;0;0;0;0;0;0;0;0;0;0;0;0;0;0;0;0;0;0;0;0;0;0;0;0;0;0;0;0;0;0;0;0;0;0;0;0
10.07.2024;06:45;A 87;1;3;94;4;56;1;100;31;15;1;98;12;39;0;0;0;0;0;0;0;0;0;0;1;2;1;2;0;0;0;0;0;0;0;0;0;0;0;0;0;0;0;0;0;0;0;0;1;1;0;0;0;0
10.07.2024;06:44;A 87;1;7;47;6;8;0;0;26;11;1;2;3;73;1;52;1;73;0;0;0;0;1;2;0;0;0;0;1;2;1;2;1;2;0;0;0;0;0;0;0;0;0;0;0;0;0;0;0;0;1;2;0;0
10.07.2024;06:43;A 87;1;3;93;5;15;2;63;40;17;1;2;3;18;1;1;1;56;0;0;0;0;0;0;0;0;0;0;0;0;0;0;0;0;0;0;0;0;0;0;0;0;0;0;0;0;0;0;0;0;0;0;0;0
10.07.2024;06:42;A 87;1;8;51;7;14;1;7;6;4;2;9;1;2;0;0;0;0;0;0;0;0;0;0;0;0;0;0;0;0;0;0;0;0;0;0;1;1;0;0;0;0;0;0;0;0;0;0;0;0;0;0;1;2
10.07.2024;06:41;A 87;1;3;93;1;98;1;68;3;2;1;4;9;31;1;1;0;0;0;0;0;0;0;0;0;0;0;0;0;0;0;0;0;0;0;0;0;0;0;0;0;0;0;0;0;0;0;0;0;0;0;0;0;0
10.07.2024;06:40;A 87;1;3;54;5;17;3;12;4;3;3;9;2;50;0;2;1;20;0;0;0;0;0;0;0;0;0;0;0;0;0;0;0;0;0;0;0;0;0;0;0;0;0;0;0;0;0;0;0;0;0;0;0;0
10.07.2024;06:39;A 87;1;4;72;5;27;5;89;3;25;4;84;3;3;2;2;1;3;0;0;0;0;0;0;0;0;0;0;0;0;0;0;0;0;0;0;0;0;0;0;0;0;0;0;0;0;0;0;0;0;0;0;0;0
10.07.2024;06:38;A 87;1;7;11;6;8;1;17;5;21;2;5;0;0;1;3;1;98;0;0;0;0;0;0;1;2;1;2;0;0;0;0;0;0;0;0;0;0;0;0;0;0;0;0;0;0;0;0;1;2;0;0;0;0
10.07.2024;06:37;A 87;1;4;93;3;10;0;0;0;0;0;0;9;34;2;2;1;23;0;0;0;0;1;2;0;0;0;0;0;0;0;0;0;0;0;0;0;0;0;0;0;0;0;0;0;0;0;0;0;0;0;0;0;0
10.07.2024;06:36;A 87;1;2;50;4;25;4;46;12;13;4;45;3;77;1;4;1;27;0;0;0;0;0;0;0;0;0;0;0;0;0;0;0;0;0;0;0;0;0;0;0;0;0;0;0;0;0;0;0;0;0;0;0;0
10.07.2024;06:35;A 87;1;4;73;5;59;0;0;0;0;0;0;8;33;1;1;1;35;0;0;0;0;0;0;0;0;0;0;1;2;1;2;1;2;0;0;0;0;0;0;0;0;0;0;0;0;0;0;0;0;1;2;1;1
10.07.2024;06:34;A 87;1;12;20;10;18;1;2;0;0;0;0;3;58;0;0;0;59;0;0;0;0;0;0;0;0;0;0;0;0;0;0;0;0;1;1;0;0;0;0;0;0;0;0;0;0;0;0;0;0;0;0;0;0
10.07.2024;06:33;A 87;1;1;98;1;3;3;93;4;4;3;8;2;2;0;0;0;100;0;0;0;0;0;0;0;0;0;0;0;0;0;0;0;0;0;0;0;0;0;0;0;0;0;0;0;0;0;0;0;0;0;0;6;2
10.07.2024;06:32;A 87;1;0;100;0;0;0;100;0;0;0;0;1;1;1;4;1;66;0;0;0;0;0;0;0;0;0;0;0;0;0;0;0;0;0;0;0;0;0;0;0;0;0;0;0;0;0;0;0;0;0;0;0;0
10.07.2024;06:31;A 87;1;1;44;3;8;1;73;8;7;2;6;3;71;0;0;0;0;0;0;0;0;0;0;0;0;0;0;0;0;0;0;0;0;0;0;0;0;0;0;0;0;0;0;0;0;0;0;0;0;0;0;0;0
10.07.2024;06:30;A 87;1;6;63;4;64;2;52;0;0;1;53;3;10;0;0;0;96;0;0;0;0;0;0;0;0;0;0;0;0;0;0;0;0;0;0;0;0;0;0;0;0;0;0;0;0;0;0;0;0;0;0;1;1
10.07.2024;06:29;A 87;1;2;65;3;25;1;50;3;2;2;52;5;73;1;2;1;34;0;0;0;0;0;0;0;0;0;0;0;0;0;0;0;0;0;0;0;0;0;0;0;0;0;0;0;0;0;0;0;0;0;0;0;0
10.07.2024;06:28;A 87;1;8;82;7;83;0;0;2;2;0;0;5;14;0;0;0;100;0;0;0;0;0;0;0;0;0;0;0;0;0;0;0;0;0;0;0;0;0;0;0;0;0;0;0;0;0;0;0;0;0;0;0;0
10.07.2024;06:27;A 87;1;1;85;3;27;2;10;22;11;2;4;1;2;1;2;1;86;0;0;0;0;0;0;0;0;0;0;0;0;0;0;0;0;0;0;0;0;0;0;0;0;0;0;0;0;0;0;0;0;0;0;0;0
10.07.2024;06:26;A 87;1;0;0;0;0;3;82;13;7;1;83;4;40;1;1;1;37;0;0;0;0;0;0;0;0;1;2;0;0;0;0;0;0;0;0;0;0;0;0;0;0;0;0;0;0;0;0;1;2;0;0;0;0
10.07.2024;06:25;A 87;1;2;16;0;16;3;90;23;12;4;23;3;83;0;0;0;0;0;0;0;0;1;2;1;2;0;0;0;0;0;0;1;2;0;0;0;0;0;0;0;0;0;0;0;0;0;0;0;0;1;2;0;0
10.07.2024;06:24;A 87;1;0;100;2;50;0;100;14;7;1;4;4;45;0;0;0;0;0;0;0;0;0;0;0;0;0;0;1;2;1;2;0;0;0;0;0;0;0;0;0;0;0;0;0;0;0;0;0;0;0;0;0;0
10.07.2024;06:23;A 87;1;7;58;5;34;1;4;0;0;1;2;3;20;0;0;0;0;0;0;0;0;0;0;0;0;0;0;0;0;0;0;0;0;0;0;0;0;0;0;0;0;0;0;0;0;0;0;0;0;0;0;1;1
10.07.2024;06:22;A 87;1;0;100;0;100;0;0;2;3;0;0;7;63;1;1;0;0;0;0;0;0;0;0;0;0;0;0;0;0;0;0;0;0;0;0;0;0;0;0;0;0;0;0;0;0;0;0;0;0;0;0;0;0
10.07.2024;06:21;A 87;1;4;54;5;15;0;28;1;0;0;0;2;72;0;0;0;0;0;0;0;0;0;0;0;0;0;0;0;0;0;0;0;0;1;1;0;0;0;0;1;1;0;0;0;0;0;0;0;0;0;0;1;1
10.07.2024;06:20;A 87;1;1;66;2;3;1;22;2;2;1;2;5;7;0;0;0;0;0;0;0;0;0;0;0;0;0;0;0;0;0;0;0;0;0;0;0;0;0;0;1;1;0;0;0;0;0;0;0;0;0;0;0;0
10.07.2024;06:19;A 87;1;2;56;2;3;4;55;1;1;3;31;5;21;1;1;0;0;0;0;0;0;0;0;0;0;0;0;0;0;0;0;0;0;0;0;0;0;0;0;0;0;0;0;0;0;0;0;0;0;0;0;0;0
10.07.2024;06:18;A 87;1;2;15;1;2;1;45;7;7;3;11;3;71;1;1;1;2;0;0;0;0;0;0;0;0;0;0;0;0;0;0;0;0;0;0;0;0;0;0;0;0;0;0;0;0;0;0;0;0;0;0;0;0
10.07.2024;06:17;A 87;1;7;85;5;87;5;77;1;1;4;10;7;22;0;0;0;0;0;0;0;0;0;0;0;0;0;0;0;0;0;0;0;0;0;0;0;0;0;0;0;0;0;0;0;0;0;0;0;0;0;0;0;0
10.07.2024;06:16;A 87;1;1;70;4;26;1;23;3;2;2;8;2;88;0;0;0;0;0;0;0;0;0;0;1;2;1;2;0;0;0;0;0;0;0;0;0;0;0;0;0;0;0;0;0;0;0;0;1;2;0;0;0;0
10.07.2024;06:15;A 87;1;0;100;0;0;1;75;5;3;1;2;9;37;0;0;0;0;0;0;0;0;1;2;0;0;0;0;1;2;1;2;1;2;0;0;0;0;0;0;0;0;0;0;0;0;0;0;0;0;1;2;0;0
10.07.2024;06:14;A 87;1;5;72;3;10;1;10;4;2;1;1;3;80;0;0;0;44;0;0;0;0;0;0;0;0;0;0;0;0;0;0;0;0;0;0;0;0;0;0;0;0;0;0;0;0;0;0;0;0;0;0;0;0
10.07.2024;06:13;A 87;1;0;100;0;100;0;0;0;0;0;0;6;41;1;2;1;79;0;0;0;0;0;0;0;0;0;0;0;0;0;0;0;0;0;0;0;0;0;0;0;0;0;0;0;0;0;0;0;0;0;0;0;0
10.07.2024;06:12;A 87;1;4;74;4;36;0;0;1;1;0;0;2;5;0;0;0;0;0;0;0;0;0;0;0;0;0;0;0;0;0;0;0;0;0;0;0;0;0;0;0;0;0;0;0;0;0;0;0;0;0;0;0;0
10.07.2024;06:11;A 87;1;1;68;3;31;1;8;2;2;1;2;3;35;0;0;0;0;0;0;0;0;0;0;0;0;0;0;0;0;0;0;0;0;0;0;0;0;0;0;0;0;0;0;0;0;0;0;0;0;0;0;0;0
10.07.2024;06:10;A 87;1;8;51;5;51;0;0;0;0;0;0;5;7;0;0;0;0;0;0;0;0;0;0;0;0;0;0;0;0;0;0;0;0;0;0;0;0;0;0;0;0;0;0;0;0;0;0;0;0;0;0;3;1
10.07.2024;06:09;A 87;1;0;100;2;46;0;0;7;6;0;0;3;78;0;0;0;0;0;0;0;0;0;0;0;0;0;0;0;0;0;0;0;0;0;0;0;0;0;0;0;0;0;0;0;0;0;0;0;0;0;0;0;0
10.07.2024;06:08;A 87;1;4;63;4;9;1;48;0;0;0;0;3;32;0;0;0;0;0;0;0;0;0;0;0;0;0;0;0;0;0;0;0;0;0;0;0;0;0;0;0;0;0;0;0;0;0;0;0;0;0;0;0;0
10.07.2024;06:07;A 87;1;1;47;2;3;1;41;7;5;2;5;1;25;0;0;0;13;0;0;0;0;0;0;0;0;0;0;0;0;0;0;0;0;0;0;0;0;0;0;0;0;0;0;0;0;0;0;0;0;0;0;0;0
10.07.2024;06:06;A 87;1;6;79;4;79;0;0;2;2;0;0;3;11;1;5;1;22;0;0;0;0;0;0;0;0;0;0;1;2;1;2;1;2;0;0;0;0;0;0;0;0;0;0;0;0;0;0;0;0;1;2;0;0
10.07.2024;06:05;A 87;1;1;47;3;25;2;11;11;10;2;9;2;61;0;0;0;0;0;0;0;0;0;0;0;0;0;0;0;0;0;0;0;0;0;0;0;0;0;0;0;0;0;0;0;0;0;0;0;0;0;0;0;0
10.07.2024;06:04;A 87;1;3;93;3;27;0;0;0;0;0;0;3;4;0;0;0;0;0;0;0;0;0;0;1;2;1;2;0;0;0;0;0;0;0;0;0;0;0;0;0;0;0;0;0;0;0;0;1;2;0;0;0;0
10.07.2024;06:03;A 87;1;1;68;1;2;0;0;4;5;0;0;2;4;1;2;1;27;0;0;0;0;1;2;0;0;0;0;0;0;0;0;0;0;0;0;0;0;0;0;0;0;0;0;0;0;0;0;0;0;0;0;0;0
10.07.2024;06:02;A 87;1;0;0;0;0;0;0;1;1;0;0;5;38;0;0;0;0;0;0;0;0;0;0;0;0;0;0;0;0;0;0;0;0;0;0;0;0;0;0;0;0;0;0;0;0;0;0;0;0;0;0;0;0
10.07.2024;06:01;A 87;1;1;21;1;2;0;0;4;4;0;0;1;2;0;0;0;0;0;0;0;0;0;0;0;0;0;0;0;0;0;0;0;0;0;0;0;0;0;0;0;0;0;0;0;0;0;0;0;0;0;0;0;0
10.07.2024;06:00;A 87;1;0;100;0;0;1;10;4;4;1;2;4;65;0;0;0;0;0;0;0;0;0;0;0;0;0;0;0;0;0;0;0;0;0;0;0;0;0;0;0;0;0;0;0;0;0;0;0;0;0;0;0;0
10.07.2024;05:59;A 87;1;5;43;3;6;0;29;0;0;0;0;3;12;0;0;1;76;0;0;0;0;0;0;0;0;0;0;0;0;0;0;0;0;0;0;0;0;0;0;0;0;0;0;0;0;0;0;0;0;0;0;1;1
10.07.2024;05:58;A 87;1;1;99;2;8;1;44;8;7;1;1;4;32;2;4;1;64;0;0;0;0;0;0;0;0;0;0;0;0;0;0;0;0;0;0;0;0;0;0;0;0;0;0;0;0;0;0;0;0;0;0;0;0
10.07.2024;05:57;A 87;1;2;67;2;3;0;0;0;0;0;0;2;2;0;0;0;0;0;0;0;0;0;0;0;0;0;0;0;0;0;0;1;2;0;0;0;0;0;0;0;0;0;0;0;0;0;0;0;0;1;2;0;0
10.07.2024;05:56;A 87;1;1;65;2;4;2;9;2;2;2;2;2;57;0;0;0;0;0;0;0;0;0;0;0;0;0;0;1;2;1;2;0;0;0;0;0;0;0;0;0;0;0;0;0;0;0;0;0;0;0;0;0;0
10.07.2024;05:55;A 87;1;2;74;1;1;0;0;0;0;0;0;6;6;0;0;0;0;0;0;0;0;0;0;0;0;0;0;0;0;0;0;0;0;0;0;0;0;0;0;0;0;0;0;0;0;0;0;0;0;0;0;0;0
10.07.2024;05:54;A 87;1;4;54;4;7;0;0;3;3;0;0;1;5;0;0;0;0;0;0;0;0;0;0;0;0;0;0;0;0;0;0;0;0;0;0;0;0;0;0;0;0;0;0;0;0;0;0;0;0;0;0;0;0
10.07.2024;05:53;A 87;1;3;94;3;10;0;0;4;4;0;0;3;26;0;0;0;0;0;0;0;0;0;0;0;0;0;0;0;0;0;0;0;0;0;0;0;0;0;0;0;0;0;0;0;0;0;0;0;0;0;0;0;0
10.07.2024;05:52;A 87;1;7;65;6;20;0;0;7;6;0;0;3;44;1;1;1;31;0;0;0;0;0;0;0;0;0;0;0;0;0;0;0;0;0;0;0;0;0;0;0;0;0;0;0;0;0;0;0;0;0;0;0;0
10.07.2024;05:51;A 87;1;0;100;2;76;0;4;6;5;0;0;5;45;0;0;0;0;0;0;0;0;0;0;0;0;0;0;0;0;0;0;0;0;0;0;0;0;0;0;0;0;0;0;0;0;0;0;0;0;0;0;0;0
10.07.2024;05:50;A 87;1;3;23;2;3;1;3;3;2;1;2;3;63;0;0;0;0;0;0;0;0;0;0;1;2;1;2;0;0;0;0;0;0;0;0;0;0;0;0;0;0;0;0;0;0;0;0;1;2;0;0;0;0
10.07.2024;05:49;A 87;1;0;100;0;0;3;9;4;3;2;2;4;7;0;0;0;0;0;0;0;0;1;2;0;0;0;0;0;0;0;0;0;0;0;0;0;0;0;0;0;0;0;0;0;0;0;0;0;0;0;0;0;0
10.07.2024;05:48;A 87;1;4;80;5;15;0;28;1;1;1;1;0;0;0;0;0;0;0;0;0;0;0;0;0;0;0;0;0;0;0;0;0;0;0;0;0;0;0;0;0;0;0;0;0;0;0;0;0;0;0;0;0;0
10.07.2024;05:47;A 87;1;1;20;1;2;1;44;6;5;1;2;3;70;0;0;0;0;0;0;0;0;0;0;0;0;0;0;0;0;0;0;0;0;0;0;0;0;0;0;0;0;0;0;0;0;0;0;0;0;0;0;0;0
10.07.2024;05:46;A 87;1;5;65;3;63;0;48;1;1;0;0;7;12;0;0;0;0;0;0;0;0;0;0;0;0;0;0;0;0;0;0;0;0;0;0;0;0;0;0;0;0;0;0;0;0;0;0;0;0;0;0;8;29
10.07.2024;05:45;A 87;1;1;67;3;45;1;26;11;8;1;4;3;92;0;0;1;13;0;0;0;0;0;0;0;0;0;0;0;0;0;0;0;0;0;0;0;0;0;0;0;0;0;0;0;0;0;0;0;0;0;0;0;0
10.07.2024;05:44;A 87;1;5;79;5;80;1;64;0;0;0;61;5;17;2;4;1;59;0;0;0;0;0;0;0;0;0;0;0;0;0;0;0;0;0;0;0;0;0;0;0;0;0;0;0;0;0;0;0;0;0;0;0;0
10.07.2024;05:43;A 87;1;3;82;4;37;1;7;6;7;2;2;3;16;0;0;0;0;0;0;0;0;0;0;0;0;0;0;0;0;0;0;0;0;0;0;0;0;0;0;0;0;0;0;0;0;0;0;0;0;0;0;2;1
10.07.2024;05:42;A 87;1;1;13;2;1;1;81;4;4;1;3;2;25;0;0;0;0;0;0;0;0;0;0;0;0;0;0;0;0;0;0;0;0;0;0;0;0;0;0;0;0;0;0;0;0;0;0;0;0;0;0;0;0
10.07.2024;05:41;A 87;1;5;11;3;10;1;6;5;4;1;2;2;7;0;0;0;0;0;0;0;0;0;0;0;0;0;0;0;0;0;0;0;0;0;0;0;0;0;0;0;0;0;0;0;0;0;0;0;0;0;0;0;0
10.07.2024;05:40;A 87;1;0;100;1;31;0;0;1;1;0;0;3;16;0;0;0;0;0;0;0;0;0;0;0;0;0;0;1;2;1;2;1;2;0;0;0;0;0;0;0;0;0;0;0;0;0;0;0;0;1;2;0;0
10.07.2024;05:39;A 87;1;2;39;2;3;0;11;2;2;0;0;1;2;0;0;0;0;0;0;0;0;0;0;0;0;0;0;0;0;0;0;0;0;0;0;0;0;0;0;0;0;0;0;0;0;0;0;0;0;0;0;0;0
10.07.2024;05:38;A 87;1;0;100;1;2;1;73;5;3;1;2;0;0;0;0;0;0;0;0;0;0;0;0;0;0;0;0;0;0;0;0;0;0;0;0;0;0;0;0;0;0;0;0;0;0;0;0;0;0;0;0;0;0
10.07.2024;05:37;A 87;1;5;48;2;44;0;0;4;2;0;0;2;4;0;0;0;0;0;0;0;0;0;0;0;0;0;0;0;0;0;0;0;0;0;0;0;0;0;0;0;0;0;0;0;0;0;0;0;0;0;0;0;0
10.07.2024;05:36;A 87;1;1;94;3;32;1;4;47;24;1;1;0;0;0;0;0;0;0;0;0;0;0;0;1;2;1;2;0;0;0;0;0;0;0;0;0;0;0;0;0;0;0;0;0;0;0;0;1;2;0;0;0;0
10.07.2024;05:35;A 87;1;3;62;1;60;0;0;17;6;0;0;2;4;0;0;0;0;0;0;0;0;1;2;0;0;0;0;0;0;0;0;0;0;0;0;0;0;0;0;0;0;0;0;0;0;0;0;0;0;0;0;0;0
10.07.2024;05:34;A 87;1;1;41;3;17;1;10;13;8;1;2;0;0;0;0;0;0;0;0;0;0;0;0;0;0;0;0;0;0;0;0;0;0;0;0;0;0;0;0;0;0;0;0;0;0;0;0;0;0;0;0;0;0
10.07.2024;05:33;A 87;1;1;71;1;1;0;0;0;0;0;0;2;2;1;0;0;0;0;0;0;0;0;0;0;0;0;0;0;0;0;0;0;0;0;0;0;0;0;0;0;0;0;0;0;0;0;0;0;0;0;0;2;68
10.07.2024;05:32;A 87;1;1;5;2;2;0;0;4;3;0;0;1;1;0;0;0;0;0;0;0;0;0;0;0;0;0;0;0;0;0;0;0;0;0;0;0;0;0;0;0;0;0;0;0;0;0;0;0;0;0;0;2;62
10.07.2024;05:31;A 87;1;3;93;3;65;0;80;1;1;0;0;4;3;0;0;0;0;0;0;0;0;0;0;0;0;0;0;0;0;0;0;0;0;0;0;0;0;0;0;0;0;0;0;0;0;0;0;0;0;0;0;1;1
10.07.2024;05:30;A 87;1;4;36;3;6;1;7;6;5;1;2;1;1;0;0;0;0;0;0;0;0;0;0;0;0;0;0;0;0;0;0;0;0;0;0;0;0;0;0;0;0;0;0;0;0;0;0;0;0;0;0;0;0
10.07.2024;05:29;A 87;1;0;100;0;0;0;0;0;0;0;0;1;23;0;0;0;0;0;0;0;0;0;0;0;0;0;0;0;0;0;0;0;0;0;0;0;0;0;0;0;0;0;0;0;0;0;0;0;0;0;0;2;49
10.07.2024;05:28;A 87;1;1;37;3;10;0;13;4;3;0;0;2;6;0;0;0;0;0;0;0;0;0;0;0;0;0;0;0;0;0;0;0;0;0;0;0;0;0;0;0;0;0;0;0;0;0;0;0;0;0;0;0;19
10.07.2024;05:27;A 87;1;0;0;0;0;1;74;3;2;1;2;1;2;0;0;0;0;0;0;0;0;0;0;0;0;0;0;0;0;0;0;0;0;0;0;0;0;0;0;0;0;0;0;0;0;0;0;0;0;0;0;1;69
10.07.2024;05:26;A 87;1;0;42;0;0;0;71;0;0;0;0;1;1;0;0;0;0;0;0;0;0;0;0;0;0;0;0;1;2;1;2;1;2;0;0;0;0;0;0;0;0;0;0;0;0;0;0;0;0;1;2;0;0
10.07.2024;05:25;A 87;1;1;95;0;1;1;55;9;8;1;1;0;0;0;0;0;0;0;0;0;0;0;0;0;0;0;0;0;0;0;0;0;0;0;0;0;0;0;0;0;0;0;0;0;0;0;0;0;0;0;0;0;0
10.07.2024;05:24;A 87;1;0;55;1;1;0;0;0;0;0;0;2;5;1;1;1;23;0;0;0;0;0;0;0;0;0;0;0;0;0;0;0;0;0;0;0;0;0;0;0;0;0;0;0;0;0;0;0;0;0;0;0;0
10.07.2024;05:23;A 87;1;1;70;1;2;1;8;2;2;1;2;1;2;0;0;0;0;0;0;0;0;0;0;0;0;0;0;0;0;0;0;0;0;0;0;0;0;0;0;0;0;0;0;0;0;0;0;0;0;0;0;0;0
10.07.2024;05:22;A 87;1;3;77;2;15;0;0;0;0;0;0;0;0;0;0;0;0;0;0;0;0;0;0;0;0;0;0;0;0;0;0;0;0;0;0;0;0;0;0;0;0;0;0;0;0;0;0;0;0;0;0;0;0
10.07.2024;05:21;A 87;1;1;55;2;4;0;0;3;2;0;0;0;0;0;0;0;0;0;0;0;0;0;0;0;0;0;0;0;0;0;0;0;0;0;0;0;0;0;0;0;0;0;0;0;0;0;0;0;0;0;0;0;0
10.07.2024;05:20;A 87;1;2;71;2;3;0;0;0;0;0;0;2;2;0;0;0;0;0;0;0;0;0;0;0;0;1;2;0;0;0;0;0;0;0;0;0;0;0;0;0;0;0;0;0;0;0;0;1;2;0;0;1;0
10.07.2024;05:19;A 87;1;1;39;1;1;0;0;7;6;0;0;0;0;0;0;0;0;0;0;0;0;1;2;1;2;0;0;0;0;0;0;0;0;0;0;0;0;0;0;0;0;0;0;0;0;0;0;0;0;0;0;0;0
10.07.2024;05:18;A 87;1;1;26;1;2;0;0;0;0;0;0;0;0;0;0;0;0;0;0;0;0;0;0;0;0;0;0;0;0;0;0;0;0;0;0;0;0;0;0;0;0;0;0;0;0;0;0;0;0;0;0;0;0
10.07.2024;05:17;A 87;1;1;23;1;1;0;0;1;0;0;0;2;3;0;0;0;0;0;0;0;0;0;0;0;0;0;0;0;0;0;0;0;0;0;0;0;0;2;2;0;0;0;0;0;0;0;0;0;0;0;0;0;0
10.07.2024;05:16;A 87;1;1;79;1;2;1;5;4;3;1;3;3;58;0;0;0;0;0;0;0;0;0;0;0;0;0;0;0;0;0;0;0;0;0;0;0;0;0;0;0;0;0;0;0;0;0;0;0;0;0;0;0;0
10.07.2024;05:15;A 87;1;2;41;2;6;0;0;1;0;0;0;2;5;0;0;0;0;0;0;0;0;0;0;0;0;0;0;0;0;0;0;0;0;0;0;0;0;0;0;0;0;0;0;0;0;0;0;0;0;0;0;0;0
10.07.2024;05:14;A 87;1;1;81;1;2;0;0;10;6;0;0;1;2;0;0;0;0;0;0;0;0;0;0;0;0;0;0;0;0;0;0;0;0;0;0;0;0;0;0;0;0;0;0;0;0;0;0;0;0;0;0;0;0
10.07.2024;05:13;A 87;1;1;68;1;2;0;0;15;5;0;0;0;0;0;0;0;0;0;0;0;0;0;0;0;0;0;0;0;0;0;0;1;2;0;0;0;0;0;0;0;0;0;0;0;0;0;0;0;0;1;2;0;0
10.07.2024;05:12;A 87;1;1;73;1;1;1;11;5;4;1;2;1;1;0;0;0;0;0;0;0;0;0;0;0;0;0;0;1;2;1;2;0;0;0;0;0;0;0;0;0;0;0;0;0;0;0;0;0;0;0;0;0;0
10.07.2024;05:11;A 87;1;1;73;1;1;0;0;0;0;0;0;2;1;1;0;0;0;0;0;0;0;0;0;0;0;0;0;0;0;0;0;0;0;0;0;0;0;0;0;0;0;0;0;0;0;0;0;0;0;0;0;0;0
10.07.2024;05:10;A 87;1;1;69;1;2;0;0;1;1;0;0;0;0;0;0;0;0;0;0;0;0;0;0;0;0;0;0;0;0;0;0;0;0;0;0;0;0;0;0;0;0;0;0;0;0;0;0;0;0;0;0;0;0
10.07.2024;05:09;A 87;1;3;92;2;61;0;0;0;0;0;0;1;1;0;0;0;0;0;0;0;0;0;0;0;0;0;0;0;0;0;0;0;0;0;0;0;0;0;0;0;0;0;0;0;0;0;0;0;0;0;0;0;0
10.07.2024;05:08;A 87;1;1;69;2;5;0;0;0;0;0;0;0;0;0;0;0;0;0;0;0;0;0;0;0;0;0;0;0;0;0;0;0;0;0;0;0;0;0;0;0;0;0;0;0;0;0;0;0;0;0;0;0;0
10.07.2024;05:07;A 87;1;0;100;0;0;0;0;2;2;0;0;0;0;0;0;0;0;0;0;0;0;0;0;0;0;0;0;0;0;0;0;0;0;0;0;0;0;0;0;0;0;0;0;0;0;0;0;0;0;0;0;0;0
10.07.2024;05:06;A 87;1;2;41;1;2;1;8;1;0;1;2;1;2;0;0;0;0;0;0;0;0;0;0;0;0;1;2;0;0;0;0;0;0;0;0;0;0;0;0;0;0;0;0;0;0;0;0;1;2;0;0;0;0
10.07.2024;05:05;A 87;1;1;24;2;4;1;8;2;2;1;2;0;0;0;0;0;0;0;0;0;0;1;2;1;2;0;0;0;0;0;0;0;0;0;0;0;0;0;0;0;0;0;0;0;0;0;0;0;0;0;0;0;0
10.07.2024;05:04;A 87;1;1;37;1;1;0;0;1;1;0;0;1;2;0;0;0;0;0;0;0;0;0;0;0;0;0;0;0;0;0;0;0;0;0;0;0;0;0;0;0;0;0;0;0;0;0;0;0;0;0;0;0;0
10.07.2024;05:03;A 87;1;1;65;1;1;1;9;1;1;1;2;0;0;0;0;0;0;0;0;0;0;0;0;0;0;0;0;0;0;0;0;0;0;0;0;0;0;0;0;0;0;0;0;0;0;0;0;0;0;0;0;0;0
10.07.2024;05:02;A 87;1;3;57;1;1;0;0;0;0;0;0;0;0;0;0;0;0;0;0;0;0;0;0;0;0;0;0;0;0;0;0;0;0;0;0;0;0;0;0;0;0;0;0;0;0;0;0;0;0;0;0;0;0
10.07.2024;05:01;A 87;1;1;44;3;7;0;0;1;1;0;0;0;0;0;0;0;0;0;0;0;0;0;0;0;0;0;0;0;0;0;0;0;0;0;0;0;0;0;0;0;0;0;0;0;0;0;0;0;0;0;0;0;0
10.07.2024;05:00;A 87;1;1;73;1;4;0;0;0;0;0;0;1;2;0;0;0;0;0;0;0;0;0;0;0;0;0;0;0;0;0;0;0;0;0;0;0;0;0;0;0;0;0;0;0;0;0;0;0;0;0;0;0;0
10.07.2024;04:59;A 87;1;1;26;1;2;0;0;0;0;0;0;2;6;0;0;0;0;0;0;0;0;0;0;0;0;0;0;0;0;0;0;0;0;0;0;0;0;0;0;0;0;0;0;0;0;0;0;0;0;0;0;0;0
10.07.2024;04:58;A 87;1;0;86;0;0;0;0;0;0;0;0;1;2;0;0;0;0;0;0;0;0;0;0;0;0;0;0;1;2;1;2;1;2;0;0;0;0;0;0;0;0;0;0;0;0;0;0;0;0;1;2;0;0
10.07.2024;04:57;A 87;1;1;5;1;2;0;0;3;3;0;0;0;0;0;0;0;0;0;0;0;0;0;0;0;0;0;0;0;0;0;0;0;0;0;0;0;0;0;0;0;0;0;0;0;0;0;0;0;0;0;0;0;0
10.07.2024;04:56;A 87;1;0;0;0;0;0;0;1;1;0;0;1;1;0;0;0;0;0;0;0;0;0;0;0;0;0;0;0;0;0;0;0;0;0;0;0;0;0;0;0;0;0;0;0;0;0;0;0;0;0;0;0;0
10.07.2024;04:55;A 87;1;0;19;0;0;0;10;0;0;0;0;0;0;0;0;0;0;0;0;0;0;0;0;0;0;0;0;0;0;0;0;0;0;0;0;0;0;0;0;0;0;0;0;0;0;0;0;0;0;0;0;0;0
10.07.2024;04:54;A 87;1;0;100;0;0;2;64;1;1;2;3;1;1;0;0;0;0;0;0;0;0;0;0;0;0;0;0;0;0;0;0;0;0;0;0;0;0;0;0;0;0;0;0;0;0;0;0;0;0;0;0;0;0
10.07.2024;04:53;A 87;1;1;18;1;2;0;33;0;0;0;0;1;2;0;0;0;0;0;0;0;0;0;0;0;0;0;0;0;0;0;0;0;0;0;0;0;0;0;0;1;1;0;0;0;0;0;0;0;0;0;0;0;0
10.07.2024;04:52;A 87;1;0;0;0;0;1;63;0;0;1;2;0;0;0;0;0;0;0;0;0;0;0;0;0;0;0;0;0;0;0;0;0;0;0;0;0;0;0;0;0;0;0;0;0;0;0;0;0;0;0;0;0;0
10.07.2024;04:51;A 87;1;1;37;1;2;0;0;0;0;0;0;0;0;0;0;0;0;0;0;0;0;0;0;0;0;0;0;0;0;0;0;0;0;0;0;0;0;0;0;0;0;0;0;0;0;0;0;0;0;0;0;0;0
10.07.2024;04:50;A 87;1;0;0;0;0;0;0;1;1;0;0;2;3;0;0;0;0;0;0;0;0;0;0;0;0;0;0;0;0;0;0;0;0;0;0;0;0;0;0;0;0;0;0;0;0;0;0;0;0;0;0;0;0
10.07.2024;04:49;A 87;1;0;0;0;0;0;0;0;0;0;0;0;0;0;0;0;0;0;0;0;0;0;0;0;0;0;0;0;0;0;0;0;0;0;0;0;0;0;0;0;0;0;0;0;0;0;0;0;0;0;0;0;0
10.07.2024;04:48;A 87;1;0;0;0;0;0;0;1;1;0;0;0;0;0;0;0;0;0;0;0;0;0;0;0;0;0;0;0;0;0;0;0;0;0;0;0;0;0;0;0;0;0;0;0;0;0;0;0;0;0;0;0;0
10.07.2024;04:47;A 87;1;1;88;1;1;0;0;0;0;0;0;0;0;0;0;0;0;0;0;0;0;0;0;0;0;0;0;0;0;0;0;0;0;0;0;0;0;0;0;0;0;0;0;0;0;0;0;0;0;0;0;0;0
10.07.2024;04:46;A 87;1;1;8;1;1;0;0;0;0;0;0;0;0;0;0;0;0;0;0;0;0;0;0;0;0;0;0;0;0;0;0;0;0;0;0;0;0;0;0;0;0;0;0;0;0;0;0;0;0;0;0;0;0
10.07.2024;04:45;A 87;1;0;100;0;0;0;0;0;0;0;0;0;0;0;0;0;0;0;0;0;0;0;0;0;0;0;0;0;0;0;0;0;0;0;0;0;0;0;0;0;0;0;0;0;0;0;0;0;0;0;0;0;0
10.07.2024;04:44;A 87;1;1;53;1;2;0;0;2;2;0;0;0;0;0;0;0;0;0;0;0;0;0;0;0;0;0;0;0;0;0;0;0;0;0;0;0;0;0;0;0;0;0;0;0;0;0;0;0;0;0;0;0;0
10.07.2024;04:43;A 87;1;1;54;1;1;0;0;0;0;0;0;0;0;0;0;0;0;0;0;0;0;0;0;0;0;0;0;0;0;0;0;0;0;0;0;0;0;0;0;0;0;0;0;0;0;0;0;0;0;0;0;0;0
10.07.2024;04:42;A 87;1;0;37;0;0;0;0;1;1;0;0;0;0;0;0;0;0;0;0;0;0;0;0;0;0;0;0;0;0;0;0;0;0;0;0;0;0;0;0;0;0;0;0;0;0;0;0;0;0;0;0;0;0
10.07.2024;04:41;A 87;1;0;100;0;0;0;0;1;1;0;0;1;3;0;0;0;0;0;0;0;0;0;0;0;0;0;0;0;0;0;0;0;0;0;0;0;0;0;0;0;0;0;0;0;0;0;0;0;0;0;0;0;0
10.07.2024;04:40;A 87;1;2;60;1;2;0;0;0;0;0;0;1;2;0;0;0;0;0;0;0;0;0;0;0;0;0;0;0;0;0;0;0;0;0;0;0;0;0;0;0;0;0;0;0;0;0;0;0;0;0;0;0;0
10.07.2024;04:39;A 87;1;1;80;2;4;0;0;1;1;0;0;1;1;0;0;0;0;0;0;0;0;0;0;0;0;0;0;0;0;0;0;0;0;0;0;0;0;0;0;0;0;0;0;0;0;0;0;0;0;0;0;0;0
10.07.2024;04:38;A 87;1;0;0;0;0;0;0;0;0;0;0;0;0;0;0;0;0;0;0;0;0;0;0;0;0;0;0;0;0;0;0;0;0;0;0;0;0;0;0;0;0;0;0;0;0;0;0;0;0;0;0;0;0
10.07.2024;04:37;A 87;1;0;0;0;0;0;0;1;1;0;0;2;3;0;0;0;0;0;0;0;0;0;0;0;0;0;0;0;0;0;0;0;0;0;0;0;0;0;0;0;0;0;0;0;0;0;0;0;0;0;0;0;0
10.07.2024;04:36;A 87;1;0;0;0;0;0;0;0;0;0;0;0;0;0;0;0;0;0;0;0;0;0;0;0;0;0;0;0;0;0;0;0;0;0;0;0;0;0;0;0;0;0;0;0;0;0;0;0;0;0;0;0;0
10.07.2024;04:35;A 87;1;2;24;0;23;0;0;0;0;0;0;0;0;0;0;0;0;0;0;0;0;0;0;1;2;1;2;0;0;0;0;0;0;0;0;0;0;0;0;0;0;0;0;0;0;0;0;1;2;0;0;2;2
10.07.2024;04:34;A 87;1;0;100;0;100;0;0;0;0;0;0;0;0;0;0;0;0;0;0;0;0;1;2;0;0;0;0;0;0;0;0;0;0;0;0;0;0;0;0;0;0;0;0;0;0;0;0;0;0;0;0;0;0
10.07.2024;04:33;A 87;1;1;54;3;36;0;0;1;1;0;0;0;0;0;0;0;0;0;0;0;0;0;0;0;0;0;0;0;0;0;0;0;0;0;0;0;0;0;0;0;0;0;0;0;0;0;0;0;0;0;0;0;0
10.07.2024;04:32;A 87;1;0;0;0;0;1;6;1;1;1;2;0;0;0;0;0;0;0;0;0;0;0;0;0;0;0;0;0;0;0;0;0;0;0;0;0;0;0;0;0;0;0;0;0;0;0;0;0;0;0;0;0;0
10.07.2024;04:31;A 87;1;0;35;0;0;0;0;0;0;0;0;0;0;0;0;0;0;0;0;0;0;0;0;0;0;0;0;0;0;0;0;0;0;0;0;0;0;0;0;0;0;0;0;0;0;0;0;0;0;0;0;0;0
10.07.2024;04:30;A 87;1;1;44;1;1;0;0;1;1;0;0;0;0;0;0;0;0;0;0;0;0;0;0;0;0;0;0;0;0;0;0;0;0;0;0;0;0;0;0;0;0;0;0;0;0;0;0;0;0;0;0;0;0
10.07.2024;04:29;A 87;1;1;30;1;3;0;0;0;0;0;0;0;0;0;0;0;0;0;0;0;0;0;0;0;0;0;0;0;0;0;0;0;0;0;0;0;0;0;0;0;0;0;0;0;0;0;0;0;0;0;0;2;12
10.07.2024;04:28;A 87;1;0;0;0;0;0;0;1;1;0;0;0;0;0;0;0;0;0;0;0;0;0;0;0;0;0;0;0;0;1;2;1;2;0;0;0;0;0;0;0;0;0;0;0;0;0;0;0;0;1;2;0;0
10.07.2024;04:27;A 87;1;0;69;0;0;0;0;0;0;0;0;0;0;0;0;0;0;0;0;0;0;0;0;0;0;0;0;1;2;0;0;0;0;0;0;0;0;0;0;0;0;0;0;0;0;0;0;0;0;0;0;0;0
10.07.2024;04:26;A 87;1;1;41;1;1;0;0;1;1;0;0;0;0;0;0;0;0;0;0;0;0;0;0;0;0;0;0;0;0;0;0;0;0;0;0;0;0;0;0;0;0;0;0;0;0;0;0;0;0;0;0;0;0
10.07.2024;04:25;A 87;1;0;0;0;0;0;0;0;0;0;0;0;0;0;0;0;0;0;0;0;0;0;0;0;0;0;0;0;0;0;0;0;0;0;0;0;0;0;0;0;0;0;0;0;0;0;0;0;0;0;0;0;0
10.07.2024;04:24;A 87;1;0;4;0;0;1;27;0;0;1;2;0;0;0;0;0;0;0;0;0;0;0;0;0;0;0;0;0;0;0;0;0;0;0;0;0;0;0;0;0;0;0;0;0;0;0;0;0;0;0;0;0;0
10.07.2024;04:23;A 87;1;1;38;1;2;1;9;0;0;0;0;0;0;0;0;0;0;0;0;0;0;0;0;0;0;0;0;0;0;0;0;0;0;0;0;0;0;0;0;0;0;0;0;0;0;0;0;0;0;0;0;0;0
10.07.2024;04:22;A 87;1;0;0;0;0;0;0;0;0;1;2;0;0;0;0;0;0;0;0;0;0;0;0;0;0;0;0;0;0;0;0;0;0;0;0;0;0;0;0;0;0;0;0;0;0;0;0;0;0;0;0;0;0
10.07.2024;04:21;A 87;1;0;0;0;0;1;1;0;0;1;1;0;0;0;0;0;0;0;0;0;0;0;0;0;0;0;0;0;0;0;0;0;0;0;0;0;0;0;0;0;0;0;0;0;0;0;0;0;0;0;0;0;0
10.07.2024;04:20;A 87;1;0;0;0;0;0;0;0;0;0;0;0;0;0;0;0;0;0;0;0;0;0;0;0;0;0;0;0;0;0;0;0;0;0;0;0;0;0;0;0;0;0;0;0;0;0;0;0;0;0;0;0;0
10.07.2024;04:19;A 87;1;0;0;0;0;1;15;1;0;1;2;1;2;0;0;0;0;0;0;0;0;0;0;0;0;0;0;0;0;0;0;0;0;0;0;0;0;0;0;0;0;0;0;0;0;0;0;0;0;0;0;0;0
10.07.2024;04:18;A 87;1;0;0;0;0;0;0;0;0;0;0;0;0;0;0;0;0;0;0;0;0;0;0;0;0;0;0;0;0;0;0;0;0;0;0;0;0;0;0;0;0;0;0;0;0;0;0;0;0;0;0;0;0
10.07.2024;04:17;A 87;1;0;0;0;0;1;10;0;0;1;1;0;0;0;0;0;0;0;0;0;0;0;0;0;0;0;0;0;0;0;0;0;0;0;0;0;0;0;0;0;0;0;0;0;0;0;0;0;0;0;0;0;0
10.07.2024;04:16;A 87;1;0;0;0;0;0;0;0;0;0;0;0;0;0;0;0;0;0;0;0;0;0;0;0;0;0;0;0;0;0;0;0;0;0;0;0;0;0;0;0;0;0;0;0;0;0;0;0;0;0;0;0;0
10.07.2024;04:15;A 87;1;0;0;0;0;0;0;0;0;0;0;0;0;0;0;0;0;0;0;0;0;0;0;0;0;0;0;0;0;0;0;0;0;0;0;0;0;0;0;0;0;0;0;0;0;0;0;0;0;0;0;0;0
10.07.2024;04:14;A 87;1;0;0;0;0;0;0;0;0;0;0;0;0;0;0;0;0;0;0;0;0;0;0;0;0;0;0;0;0;0;0;0;0;0;0;0;0;0;0;0;0;0;0;0;0;0;0;0;0;0;0;0;0
10.07.2024;04:13;A 87;1;0;0;0;0;0;0;0;0;0;0;0;0;0;0;0;0;0;0;0;0;0;0;0;0;0;0;0;0;0;0;0;0;0;0;0;0;0;0;0;0;0;0;0;0;0;0;0;0;0;0;0;0
10.07.2024;04:12;A 87;1;0;0;0;0;0;0;0;0;0;0;0;0;0;0;0;0;0;0;0;0;0;0;0;0;0;0;0;0;0;0;0;0;0;0;0;0;0;0;0;0;0;0;0;0;0;0;0;0;0;0;0;0
10.07.2024;04:11;A 87;1;0;0;0;0;1;7;0;0;1;2;0;0;0;0;0;0;0;0;0;0;0;0;0;0;0;0;0;0;0;0;0;2;0;0;0;0;0;0;0;0;0;0;0;0;0;0;0;0;0;0;0;0
10.07.2024;04:10;A 87;1;0;0;0;0;0;0;0;0;0;0;0;0;0;0;0;0;0;0;0;0;0;0;0;0;0;0;1;2;1;2;1;0;0;0;0;0;0;0;0;0;0;0;0;0;0;0;0;0;1;2;0;0
10.07.2024;04:09;A 87;1;0;0;0;0;0;0;0;0;0;0;0;0;0;0;0;0;0;0;0;0;0;0;0;0;0;0;0;0;0;0;0;0;0;0;0;0;0;0;0;0;0;0;0;0;0;0;0;0;0;0;0;0
10.07.2024;04:08;A 87;1;0;0;0;0;0;0;0;0;0;0;0;0;0;0;0;0;0;0;0;0;0;0;0;0;0;0;0;0;0;0;0;0;0;0;0;0;0;0;0;0;0;0;0;0;0;0;0;0;0;0;0;0
10.07.2024;04:07;A 87;1;1;2;1;1;0;0;0;0;0;0;0;0;0;0;0;0;0;0;0;0;0;0;0;0;0;0;0;0;0;0;0;0;0;0;0;0;0;0;0;0;0;0;0;0;0;0;0;0;0;0;0;0
10.07.2024;04:06;A 87;1;0;0;0;0;0;0;0;0;0;0;0;0;1;1;0;0;0;0;0;0;0;0;0;0;0;0;0;0;0;0;0;0;0;0;0;0;0;0;0;0;0;0;0;0;0;0;0;0;0;0;0;0
10.07.2024;04:05;A 87;1;1;2;1;1;1;66;1;0;1;3;0;0;0;0;0;0;0;0;0;0;0;0;0;0;1;2;0;0;0;0;0;0;0;0;0;0;0;0;0;0;0;0;0;0;0;0;1;2;0;0;0;0
10.07.2024;04:04;A 87;1;0;0;0;0;1;40;1;1;1;2;0;0;0;0;0;0;0;0;0;0;1;2;1;2;0;0;0;0;0;0;0;0;0;0;0;0;0;0;0;0;0;0;0;0;0;0;0;0;0;0;0;0
10.07.2024;04:03;A 87;1;0;0;0;0;0;0;0;0;0;0;0;0;0;0;0;0;0;0;0;0;0;0;0;0;0;0;0;0;0;0;0;0;0;0;0;0;0;0;0;0;0;0;0;0;0;0;0;0;0;0;0;0
10.07.2024;04:02;A 87;1;0;2;0;0;0;0;0;0;0;0;0;0;0;0;0;0;0;0;0;0;0;0;0;0;0;0;0;0;0;0;0;0;0;0;0;0;0;0;0;0;0;0;0;0;0;0;0;0;0;0;0;0
10.07.2024;04:01;A 87;1;1;35;1;1;0;0;0;0;0;0;0;0;0;0;0;0;0;0;0;0;0;0;0;0;0;0;0;0;0;0;0;0;0;0;0;0;0;0;0;0;0;0;0;0;0;0;0;0;0;0;0;0
10.07.2024;04:00;A 87;1;0;0;0;0;1;7;0;0;1;2;0;0;0;0;0;0;0;0;0;0;0;0;0;0;0;0;0;0;0;0;0;0;0;0;0;0;0;0;0;0;0;0;0;0;0;0;0;0;0;0;0;0
10.07.2024;03:59;A 87;1;0;0;0;0;1;2;0;0;1;1;0;0;0;0;0;0;0;0;0;0;0;0;0;0;0;0;0;0;0;0;0;0;0;0;0;0;0;0;0;0;0;0;0;0;0;0;0;0;0;0;0;0
10.07.2024;03:58;A 87;1;0;37;0;0;0;0;0;0;0;0;1;3;0;0;0;0;0;0;0;0;0;0;0;0;0;0;0;0;0;0;0;0;0;0;0;0;0;0;0;0;0;0;0;0;0;0;0;0;0;0;0;0
10.07.2024;03:57;A 87;1;1;33;1;2;1;7;0;0;1;2;0;0;0;0;0;0;0;0;0;0;0;0;0;0;0;0;0;0;0;0;0;0;0;0;0;0;0;0;0;0;0;0;0;0;0;0;0;0;0;0;0;0
10.07.2024;03:56;A 87;1;2;26;2;3;0;0;0;0;0;0;0;0;0;0;0;0;0;0;0;0;0;0;0;0;0;0;0;0;0;0;0;0;0;0;0;0;0;0;0;0;0;0;0;0;0;0;0;0;0;0;0;0
10.07.2024;03:55;A 87;1;0;0;0;0;0;0;0;0;0;0;0;0;0;0;0;0;0;0;0;0;0;0;0;0;0;0;0;0;0;0;0;0;0;0;0;0;0;0;0;0;0;0;0;0;0;0;0;0;0;0;0;0
10.07.2024;03:54;A 87;1;1;20;1;2;0;0;0;0;0;0;0;0;0;0;0;0;0;0;0;0;0;0;0;0;0;0;0;0;0;0;0;0;0;0;0;0;0;0;0;0;0;0;0;0;0;0;0;0;0;0;0;0
10.07.2024;03:53;A 87;1;0;0;0;0;0;0;0;0;0;0;0;0;0;0;0;0;0;0;0;0;0;0;0;0;0;0;0;0;0;0;0;0;0;0;0;0;0;0;0;0;0;0;0;0;0;0;0;0;0;0;0;0
10.07.2024;03:52;A 87;1;0;0;0;0;0;0;0;0;0;0;0;0;0;0;0;0;0;0;0;0;0;0;0;0;0;0;0;0;0;0;0;0;0;0;0;0;0;0;0;0;0;0;0;0;0;0;0;0;0;0;0;0
10.07.2024;03:51;A 87;1;0;0;0;0;0;0;0;0;0;0;0;0;0;0;0;0;0;0;0;0;0;0;0;0;0;0;0;0;0;0;0;0;0;0;0;0;0;0;0;0;0;0;0;0;0;0;0;0;0;0;0;0
10.07.2024;03:50;A 87;1;0;0;0;0;0;0;0;0;0;0;0;0;0;0;0;0;0;0;0;0;0;0;0;0;0;0;0;0;0;0;0;0;0;0;0;0;0;0;0;0;0;0;0;0;0;0;0;0;0;0;0;0
10.07.2024;03:49;A 87;1;0;0;0;0;1;8;1;1;1;1;0;0;0;0;0;0;0;0;0;0;0;0;0;0;0;0;0;0;0;0;0;0;0;0;0;0;0;0;0;0;0;0;0;0;0;0;0;0;0;0;0;0
10.07.2024;03:48;A 87;1;0;0;0;0;0;0;0;0;0;0;0;0;0;0;0;0;0;0;0;0;0;0;0;0;0;0;0;0;0;0;0;0;0;0;0;0;0;0;0;0;0;0;0;0;0;0;0;0;0;0;0;0
10.07.2024;03:47;A 87;1;0;37;0;0;0;0;0;0;0;0;0;0;0;0;0;0;0;0;0;0;0;0;0;0;0;0;0;0;0;0;0;0;0;0;0;0;0;0;0;0;0;0;0;0;0;0;0;0;0;0;0;0
10.07.2024;03:46;A 87;1;1;76;1;2;0;0;0;0;0;0;0;0;0;0;0;0;0;0;0;0;0;0;0;0;0;0;0;0;0;0;0;0;0;0;0;0;0;0;0;0;0;0;0;0;0;0;0;0;0;0;0;0
10.07.2024;03:45;A 87;1;0;0;0;0;0;0;0;0;0;0;0;0;0;0;0;0;0;0;0;0;0;0;0;0;0;0;0;0;0;0;0;0;0;0;0;0;0;0;0;0;0;0;0;0;0;0;0;0;0;0;0;0
10.07.2024;03:44;A 87;1;0;0;0;0;0;0;0;0;0;0;0;0;0;0;0;0;0;0;0;0;0;0;0;0;0;0;0;0;0;0;0;0;0;0;0;0;0;0;0;0;0;0;0;0;0;0;0;0;0;0;0;0
10.07.2024;03:43;A 87;1;0;0;0;0;0;0;0;0;0;0;1;1;0;0;0;0;0;0;0;0;0;0;0;0;0;0;0;0;0;0;0;0;0;0;0;0;0;0;0;0;0;0;0;0;0;0;0;0;0;0;0;0
10.07.2024;03:42;A 87;1;0;0;0;0;0;0;0;0;0;0;0;0;0;0;0;0;0;0;0;0;0;0;0;0;0;0;0;0;0;0;0;0;0;0;0;0;0;0;0;0;0;0;0;0;0;0;0;0;0;0;0;0
10.07.2024;03:41;A 87;1;0;0;0;0;0;0;0;0;0;0;0;0;0;0;0;0;0;0;0;0;0;0;0;0;0;0;1;2;1;2;1;2;0;0;0;0;0;0;0;0;0;0;0;0;0;0;0;0;1;2;0;0
10.07.2024;03:40;A 87;1;0;0;0;0;0;0;1;1;0;0;0;0;1;2;1;10;0;0;0;0;0;0;0;0;0;0;0;0;0;0;0;0;0;0;0;0;0;0;0;0;0;0;0;0;0;0;0;0;0;0;0;0
10.07.2024;03:39;A 87;1;0;0;0;0;0;0;0;0;0;0;0;0;0;0;0;0;0;0;0;0;0;0;0;0;0;0;0;0;0;0;0;0;0;0;0;0;0;0;0;0;0;0;0;0;0;0;0;0;0;0;0;0
10.07.2024;03:38;A 87;1;0;0;0;0;0;0;0;0;0;0;0;0;0;0;0;0;0;0;0;0;0;0;0;0;0;0;0;0;0;0;0;0;0;0;0;0;0;0;0;0;0;0;0;0;0;0;0;0;0;0;0;0
10.07.2024;03:37;A 87;1;0;0;0;0;0;0;0;0;0;0;0;0;0;0;0;0;0;0;0;0;0;0;0;0;0;0;0;0;0;0;0;0;0;0;0;0;0;0;0;0;0;0;0;0;0;0;0;0;0;0;0;0
10.07.2024;03:36;A 87;1;0;0;0;0;0;0;0;0;0;0;0;0;0;0;0;0;0;0;0;0;0;0;0;0;0;0;0;0;0;0;0;0;0;0;0;0;0;0;0;0;0;0;0;0;0;0;0;0;0;0;0;0
10.07.2024;03:35;A 87;1;0;0;0;0;0;0;0;0;0;0;0;0;0;0;0;0;0;0;0;0;0;0;0;0;0;0;0;0;0;0;0;0;0;0;0;0;0;0;0;0;0;0;0;0;0;0;0;0;0;0;0;0
10.07.2024;03:34;A 87;1;0;54;0;0;0;0;0;0;0;0;0;0;0;0;0;0;0;0;0;0;0;0;0;0;0;0;0;0;0;0;0;0;0;0;0;0;0;0;0;0;0;0;0;0;0;0;0;0;0;0;0;0
10.07.2024;03:33;A 87;1;1;8;1;3;2;12;1;1;2;7;0;0;0;0;0;0;0;0;0;0;0;0;0;0;0;0;0;0;0;0;0;0;0;0;0;0;0;0;0;0;0;0;0;0;0;0;0;0;0;0;0;0
10.07.2024;03:32;A 87;1;0;0;0;0;0;0;1;1;0;0;0;0;0;0;0;0;0;0;0;0;0;0;0;0;0;0;0;0;0;0;0;0;0;0;0;0;0;0;0;0;0;0;0;0;0;0;0;0;0;0;0;0
10.07.2024;03:31;A 87;1;0;0;0;0;0;0;0;0;0;0;0;0;0;0;0;0;0;0;0;0;0;0;0;0;0;0;0;0;0;0;0;0;0;0;0;0;0;0;0;0;0;0;0;0;0;0;0;0;0;0;0;0
10.07.2024;03:30;A 87;1;0;0;0;0;1;63;0;0;1;1;0;0;0;0;0;0;0;0;0;0;0;0;0;0;0;0;0;0;0;0;0;0;0;0;0;0;0;0;0;0;0;0;0;0;0;0;0;0;0;0;0;0
10.07.2024;03:29;A 87;1;1;2;0;0;0;0;0;0;0;0;0;0;0;0;0;0;0;0;0;0;0;0;0;0;0;0;0;0;0;0;0;0;0;0;0;0;0;0;0;0;0;0;0;0;0;0;0;0;0;0;0;0
10.07.2024;03:28;A 87;1;0;0;1;1;1;6;0;0;0;3;1;1;1;1;0;0;0;0;0;0;0;0;0;0;0;0;0;0;0;0;0;0;0;0;0;0;0;0;0;0;0;0;0;0;0;0;0;0;0;0;0;0
10.07.2024;03:27;A 87;1;1;2;1;1;1;3;0;0;2;3;0;0;0;0;0;0;0;0;0;0;0;0;0;0;0;0;0;0;0;0;0;0;0;0;0;0;0;0;0;0;0;0;0;0;0;0;0;0;0;0;0;0
10.07.2024;03:26;A 87;1;0;0;0;0;0;0;0;0;0;0;0;0;0;0;0;0;0;0;0;0;0;0;0;0;0;0;0;0;0;0;0;0;0;0;0;0;0;0;0;0;0;0;0;0;0;0;0;0;0;0;0;0
10.07.2024;03:25;A 87;1;0;0;0;0;0;0;0;0;0;0;0;0;0;0;0;0;0;0;0;0;0;0;0;0;0;0;0;0;0;0;0;0;0;0;0;0;0;0;0;0;0;0;0;0;0;0;0;0;0;0;0;0
10.07.2024;03:24;A 87;1;0;0;0;0;0;0;0;0;0;0;1;1;0;0;0;0;0;0;0;0;0;0;0;0;0;0;0;0;0;0;0;0;0;0;0;0;0;0;0;0;0;0;0;0;0;0;0;0;0;0;0;0
10.07.2024;03:23;A 87;1;0;0;0;0;0;0;0;0;0;0;0;0;0;0;0;0;0;0;0;0;0;0;0;0;0;0;0;0;0;0;0;0;0;0;0;0;0;0;0;0;0;0;0;0;0;0;0;0;0;0;0;0
10.07.2024;03:22;A 87;1;0;0;0;0;0;0;0;0;0;0;0;0;0;0;0;0;0;0;0;0;0;0;0;0;0;0;0;0;0;0;0;0;0;0;0;0;0;0;0;0;0;0;0;0;0;0;0;0;0;0;0;0
10.07.2024;03:21;A 87;1;0;0;0;0;0;0;0;0;0;0;0;0;0;0;0;0;0;0;0;0;0;0;0;0;0;0;0;0;0;0;0;0;0;0;0;0;0;0;0;0;0;0;0;0;0;0;0;0;0;0;0;0
10.07.2024;03:20;A 87;1;0;0;0;0;0;0;0;0;0;0;0;0;0;0;0;0;0;0;0;0;0;0;0;0;0;0;0;0;0;0;0;0;0;0;0;0;0;0;0;0;0;0;0;0;0;0;0;0;0;0;0;0
10.07.2024;03:19;A 87;1;0;0;0;0;0;0;0;0;0;0;0;0;0;0;0;0;0;0;0;0;0;0;0;0;0;0;0;0;0;0;0;0;0;0;0;0;0;0;0;0;0;0;0;0;0;0;0;0;0;0;0;0
10.07.2024;03:18;A 87;1;0;0;0;0;0;0;0;0;0;0;0;0;0;0;0;0;0;0;0;0;0;0;0;0;0;0;0;0;0;0;0;0;0;0;0;0;0;0;0;0;0;0;0;0;0;0;0;0;0;0;0;0
10.07.2024;03:17;A 87;1;0;0;0;0;0;0;0;0;0;0;0;0;0;0;0;0;0;0;0;0;0;0;0;0;0;0;0;0;0;0;0;0;0;0;0;0;0;0;0;0;0;0;0;0;0;0;0;0;0;0;0;0
10.07.2024;03:16;A 87;1;0;0;0;0;0;0;0;0;0;0;0;0;0;0;0;0;0;0;0;0;0;0;0;0;0;0;0;0;0;0;0;0;0;0;0;0;0;0;0;0;0;0;0;0;0;0;0;0;0;0;0;0
10.07.2024;03:15;A 87;1;0;0;0;0;0;0;0;0;0;0;0;0;0;0;0;0;0;0;0;0;0;0;0;0;0;0;0;0;0;0;0;0;0;0;0;0;0;0;0;0;0;0;0;0;0;0;0;0;0;0;0;0
10.07.2024;03:14;A 87;1;0;0;0;0;0;29;0;0;0;0;0;0;0;0;0;0;0;0;0;0;0;0;0;0;0;0;0;0;0;0;0;0;0;0;0;0;0;0;0;0;0;0;0;0;0;0;0;0;0;0;0;0
10.07.2024;03:13;A 87;1;0;0;0;0;1;35;0;0;1;2;0;0;0;0;0;0;0;0;0;0;0;0;0;0;0;0;0;0;0;0;0;0;0;0;0;0;0;0;0;0;0;0;0;0;0;0;0;0;0;0;0;0
10.07.2024;03:12;A 87;1;0;0;0;0;0;0;0;0;0;0;0;0;0;0;0;87;0;0;0;0;0;0;0;0;0;0;0;0;0;0;0;0;0;0;0;0;0;0;0;0;0;0;0;0;0;0;0;0;0;0;0;0
10.07.2024;03:11;A 87;1;0;0;0;0;0;0;0;0;0;0;0;0;1;1;1;27;0;0;0;0;0;0;0;0;0;0;0;0;0;0;0;0;0;0;0;0;0;0;0;0;0;0;0;0;0;0;0;0;0;0;0;0
10.07.2024;03:10;A 87;1;0;0;0;0;0;0;0;0;0;0;0;0;0;0;0;0;0;0;0;0;0;0;0;0;0;0;0;0;0;0;0;0;0;0;0;0;0;0;0;0;0;0;0;0;0;0;0;0;0;0;0;0
10.07.2024;03:09;A 87;1;0;0;0;0;0;0;0;0;0;0;0;0;0;0;0;0;0;0;0;0;0;0;0;0;0;0;0;0;0;0;0;0;0;0;0;0;0;0;0;0;0;0;0;0;0;0;0;0;0;0;0;0
10.07.2024;03:08;A 87;1;0;0;0;0;0;0;0;0;0;0;0;0;0;0;0;0;0;0;0;0;0;0;0;0;0;0;0;0;0;0;0;0;0;0;0;0;0;0;0;0;0;0;0;0;0;0;0;0;0;0;0;0
10.07.2024;03:07;A 87;1;0;0;0;0;0;0;0;0;0;0;0;0;1;2;1;15;0;0;0;0;0;0;0;0;0;0;0;0;0;0;0;0;0;0;0;0;0;0;0;0;0;0;0;0;0;0;0;0;0;0;0;0
10.07.2024;03:06;A 87;1;0;0;0;0;0;0;0;0;0;0;0;0;0;0;0;0;0;0;0;0;0;0;0;0;0;0;0;0;0;0;0;0;0;0;0;0;0;0;0;0;0;0;0;0;0;0;0;0;0;0;0;0
10.07.2024;03:05;A 87;1;0;19;0;0;0;0;0;0;0;0;0;0;0;0;0;0;0;0;0;0;0;0;0;0;0;0;0;0;0;0;0;0;0;0;0;0;0;0;0;0;0;0;0;0;0;0;0;0;0;0;0;0
10.07.2024;03:04;A 87;1;1;24;1;2;0;0;0;0;0;0;0;0;0;0;0;0;0;0;0;0;0;0;0;0;0;0;0;0;0;0;0;0;0;0;0;0;0;0;0;0;0;0;0;0;0;0;0;0;0;0;0;0
10.07.2024;03:03;A 87;1;1;4;1;1;0;0;0;0;0;0;0;0;0;0;0;0;0;0;0;0;0;0;0;0;0;0;0;0;0;0;0;0;0;0;0;0;0;0;0;0;0;0;0;0;0;0;0;0;0;0;0;0
10.07.2024;03:02;A 87;1;0;0;0;0;0;0;0;0;0;0;0;0;0;0;0;0;0;0;0;0;0;0;0;0;0;0;0;0;0;0;0;0;0;0;0;0;0;0;0;0;0;0;0;0;0;0;0;0;0;0;0;0
10.07.2024;03:01;A 87;1;0;0;0;0;0;0;0;0;0;0;0;0;0;0;0;0;0;0;0;0;0;0;0;0;0;0;0;0;0;0;0;0;0;0;0;0;0;0;0;0;0;0;0;0;0;0;0;0;0;0;0;0
10.07.2024;03:00;A 87;1;0;0;0;0;0;0;0;0;0;0;0;0;0;0;0;0;0;0;0;0;0;0;0;0;0;0;0;0;0;0;0;0;0;0;0;0;0;0;0;0;0;0;0;0;0;0;0;0;0;0;0;0
10.07.2024;02:59;A 87;1;0;0;0;0;0;0;0;0;0;0;0;0;0;0;0;0;0;0;0;0;0;0;0;0;0;0;0;0;0;0;0;0;0;0;0;0;0;0;0;0;0;0;0;0;0;0;0;0;0;0;0;0
10.07.2024;02:58;A 87;1;0;0;0;0;0;0;0;0;0;0;0;0;0;0;0;0;0;0;0;0;0;0;0;0;0;0;0;0;0;0;0;0;0;0;0;0;0;0;0;0;0;0;0;0;0;0;0;0;0;0;0;0
10.07.2024;02:57;A 87;1;0;0;0;0;0;0;1;1;0;0;1;1;0;0;0;0;0;0;0;0;0;0;0;0;0;0;0;0;0;0;0;0;0;0;0;0;0;0;0;0;0;0;0;0;0;0;0;0;0;0;0;0
10.07.2024;02:56;A 87;1;0;0;0;0;0;0;0;0;0;0;0;0;0;0;0;0;0;0;0;0;0;0;0;0;0;0;0;0;0;0;0;0;0;0;0;0;0;0;0;0;0;0;0;0;0;0;0;0;0;0;0;0
10.07.2024;02:55;A 87;1;0;0;0;0;0;0;0;0;0;0;0;0;0;0;0;0;0;0;0;0;0;0;0;0;0;0;0;0;0;0;0;0;0;0;0;0;0;0;0;0;0;0;0;0;0;0;0;0;0;0;0;0
10.07.2024;02:54;A 87;1;0;0;0;0;0;14;0;0;0;0;0;0;0;0;0;0;0;0;0;0;0;0;0;0;0;0;0;0;0;0;0;0;0;0;0;0;0;0;0;0;0;0;0;0;0;0;0;0;0;0;0;0
10.07.2024;02:53;A 87;1;0;0;0;0;1;77;0;0;1;3;0;0;0;0;0;0;0;0;0;0;0;0;0;0;0;0;0;0;0;0;0;0;0;0;0;0;0;0;0;0;0;0;0;0;0;0;0;0;0;0;0;0
10.07.2024;02:52;A 87;1;0;0;0;0;0;0;0;0;0;0;0;0;0;0;0;0;0;0;0;0;0;0;0;0;0;0;0;0;0;0;0;0;0;0;0;0;0;0;0;0;0;0;0;0;0;0;0;0;0;0;0;0
10.07.2024;02:51;A 87;1;0;0;0;0;0;0;1;1;0;0;0;0;0;0;0;0;0;0;0;0;0;0;0;0;0;0;0;0;0;0;0;0;0;0;0;0;0;0;0;0;0;0;0;0;0;0;0;0;0;0;0;0
10.07.2024;02:50;A 87;1;0;0;0;0;0;0;0;0;0;0;0;0;0;0;0;0;0;0;0;0;0;0;0;0;0;0;0;0;0;0;0;0;0;0;0;0;0;0;0;0;0;0;0;0;0;0;0;0;0;0;0;0
10.07.2024;02:49;A 87;1;0;0;0;0;0;0;0;0;0;0;0;0;0;0;0;0;0;0;0;0;0;0;0;0;0;0;0;0;0;0;0;0;0;0;0;0;0;0;0;0;0;0;0;0;0;0;0;0;0;0;0;0
10.07.2024;02:48;A 87;1;0;0;0;0;0;0;0;0;0;0;0;0;0;0;0;0;0;0;0;0;0;0;0;0;0;0;0;0;0;0;0;0;0;0;0;0;0;0;0;0;0;0;0;0;0;0;0;0;0;0;0;0
10.07.2024;02:47;A 87;1;0;0;0;0;0;0;1;1;0;0;0;0;0;0;0;0;0;0;0;0;0;0;0;0;0;0;0;0;0;0;0;0;0;0;0;0;0;0;0;0;0;0;0;0;0;0;0;0;0;0;0;0
10.07.2024;02:46;A 87;1;0;0;0;0;0;0;0;0;0;0;0;0;0;0;0;0;0;0;0;0;0;0;0;0;0;0;0;0;0;0;0;0;0;0;0;0;0;0;0;0;0;0;0;0;0;0;0;0;0;0;0;0
10.07.2024;02:45;A 87;1;0;0;0;0;0;0;0;0;0;0;0;0;0;0;0;0;0;0;0;0;0;0;0;0;0;0;0;0;0;0;0;0;0;0;0;0;0;0;0;0;0;0;0;0;0;0;0;0;0;0;0;0
10.07.2024;02:44;A 87;1;0;0;0;0;0;5;0;0;0;0;0;0;0;0;0;0;0;0;0;0;0;0;0;0;0;0;0;0;0;0;0;0;0;0;0;0;0;0;0;0;0;0;0;0;0;0;0;0;0;0;0;0
10.07.2024;02:43;A 87;1;0;0;0;0;1;3;0;0;1;2;0;0;0;0;0;0;0;0;0;0;0;0;0;0;0;0;0;0;0;0;0;0;0;0;0;0;0;0;0;0;0;0;0;0;0;0;0;0;0;0;0;0
10.07.2024;02:42;A 87;1;0;0;0;0;0;0;0;0;0;0;0;0;0;0;0;0;0;0;0;0;0;0;0;0;0;0;0;0;0;0;0;0;0;0;0;0;0;0;0;0;0;0;0;0;0;0;0;0;0;0;0;0
10.07.2024;02:41;A 87;1;0;0;0;0;0;0;0;0;0;0;1;1;0;0;0;0;0;0;0;0;0;0;0;0;0;0;0;0;0;0;0;0;0;0;0;0;0;0;0;0;0;0;0;0;0;0;0;0;0;0;0;0
10.07.2024;02:40;A 87;1;0;0;0;0;0;0;0;0;0;0;0;0;0;0;0;0;0;0;0;0;0;0;0;0;0;0;0;0;0;0;0;0;0;0;0;0;0;0;0;0;0;0;0;0;0;0;0;0;0;0;0;0
10.07.2024;02:39;A 87;1;0;0;0;0;0;0;0;0;0;0;0;0;0;0;0;0;0;0;0;0;0;0;0;0;0;0;0;0;0;0;0;0;0;0;0;0;0;0;0;0;0;0;0;0;0;0;0;0;0;0;0;0
10.07.2024;02:38;A 87;1;0;0;0;0;0;0;1;1;0;0;0;0;0;0;0;0;0;0;0;0;0;0;0;0;0;0;0;0;0;0;0;0;0;0;0;0;0;0;0;0;0;0;0;0;0;0;0;0;0;0;0;0
10.07.2024;02:37;A 87;1;0;0;0;0;0;0;0;0;0;0;0;0;0;0;0;0;0;0;0;0;0;0;0;0;0;0;0;0;0;0;0;0;0;0;0;0;0;0;0;0;0;0;0;0;0;0;0;0;0;0;0;0
10.07.2024;02:36;A 87;1;0;0;0;0;0;0;0;0;0;0;0;0;0;0;0;0;0;0;0;0;0;0;0;0;0;0;0;0;0;0;0;0;0;0;0;0;0;0;0;0;0;0;0;0;0;0;0;0;0;0;0;0
10.07.2024;02:35;A 87;1;1;73;1;2;0;0;1;1;0;0;0;0;0;0;0;0;0;0;0;0;0;0;0;0;0;0;0;0;0;0;0;0;0;0;0;0;0;0;0;0;0;0;0;0;0;0;0;0;0;0;0;0
10.07.2024;02:34;A 87;1;0;0;0;0;0;0;0;0;0;0;0;0;0;0;0;0;0;0;0;0;0;0;0;0;0;0;0;0;0;0;0;0;0;0;0;0;0;0;0;0;0;0;0;0;0;0;0;0;0;0;0;0
10.07.2024;02:33;A 87;1;0;0;0;0;0;0;0;0;0;0;0;0;0;0;0;0;0;0;0;0;0;0;0;0;0;0;0;0;0;0;0;0;0;0;0;0;0;0;0;0;0;0;0;0;0;0;0;0;0;0;0;0
10.07.2024;02:32;A 87;1;0;18;0;0;0;0;0;0;0;0;0;0;0;0;0;0;0;0;0;0;0;0;0;0;0;0;0;0;0;0;0;0;0;0;0;0;0;0;0;0;0;0;0;0;0;0;0;0;0;0;0;0
10.07.2024;02:31;A 87;1;0;100;0;0;0;0;0;0;0;0;1;2;0;0;0;0;0;0;0;0;0;0;0;0;0;0;0;0;0;0;0;0;0;0;0;0;0;0;0;0;0;0;0;0;0;0;0;0;0;0;0;0
10.07.2024;02:30;A 87;1;1;10;1;1;0;0;0;0;0;0;0;0;0;0;0;0;0;0;0;0;0;0;0;0;0;0;0;0;0;0;0;0;0;0;0;0;0;0;0;0;0;0;0;0;0;0;0;0;0;0;0;0
10.07.2024;02:29;A 87;1;0;0;0;0;0;0;0;0;0;0;0;0;0;0;0;0;0;0;0;0;0;0;0;0;0;0;0;0;0;0;0;0;0;0;0;0;0;0;0;0;0;0;0;0;0;0;0;0;0;0;0;0
10.07.2024;02:28;A 87;1;0;0;0;0;0;0;0;0;0;0;1;2;0;0;0;0;0;0;0;0;0;0;0;0;0;0;0;0;0;0;0;0;0;0;0;0;0;0;0;0;0;0;0;0;0;0;0;0;0;0;0;0
10.07.2024;02:27;A 87;1;0;0;0;0;0;0;0;0;0;0;0;0;0;0;0;0;0;0;0;0;0;0;0;0;0;0;0;0;0;0;0;0;0;0;0;0;0;0;0;0;0;0;0;0;0;0;0;0;0;0;0;0
10.07.2024;02:26;A 87;1;0;68;0;0;0;0;0;0;0;0;0;0;0;0;0;0;0;0;0;0;0;0;0;0;0;0;0;0;0;0;0;0;0;0;0;0;0;0;0;0;0;0;0;0;0;0;0;0;0;0;0;0
10.07.2024;02:25;A 87;1;1;85;1;2;0;0;1;2;0;0;0;0;0;0;0;0;0;0;0;0;0;0;0;0;0;0;0;0;0;0;0;0;0;0;0;0;0;0;0;0;0;0;0;0;0;0;0;0;0;0;0;0
10.07.2024;02:24;A 87;1;0;0;0;0;0;0;0;0;0;0;0;0;0;0;0;0;0;0;0;0;0;0;0;0;0;0;0;0;0;0;0;0;0;0;0;0;0;0;0;0;0;0;0;0;0;0;0;0;0;0;0;0
10.07.2024;02:23;A 87;1;0;0;0;0;1;7;0;0;1;1;0;0;0;0;0;0;0;0;0;0;0;0;0;0;0;0;0;0;0;0;0;0;0;0;0;0;0;0;0;0;0;0;0;0;0;0;0;0;0;0;0;0
10.07.2024;02:22;A 87;1;0;0;0;0;0;0;0;0;0;0;1;1;0;0;0;0;0;0;0;0;0;0;0;0;0;0;0;0;0;0;0;0;0;0;0;0;0;0;0;0;0;0;0;0;0;0;0;0;0;0;0;0
10.07.2024;02:21;A 87;1;0;0;0;0;0;0;0;0;0;0;0;0;0;0;0;0;0;0;0;0;0;0;0;0;0;0;0;0;0;0;0;0;0;0;0;0;0;0;0;0;0;0;0;0;0;0;0;0;0;0;0;0
10.07.2024;02:20;A 87;1;0;0;0;0;0;0;0;0;0;0;0;0;0;0;0;0;0;0;0;0;0;0;0;0;0;0;0;0;0;0;0;0;0;0;0;0;0;0;0;0;0;0;0;0;0;0;0;0;0;0;0;0
10.07.2024;02:19;A 87;1;0;0;0;0;0;0;0;0;0;0;0;0;0;0;0;0;0;0;0;0;0;0;0;0;0;0;0;0;0;0;0;0;0;0;0;0;0;0;0;0;0;0;0;0;0;0;0;0;0;0;0;0
10.07.2024;02:18;A 87;1;0;0;0;0;0;0;0;0;0;0;0;0;0;0;0;0;0;0;0;0;0;0;0;0;0;0;0;0;0;0;0;0;0;0;0;0;0;0;0;0;0;0;0;0;0;0;0;0;0;0;0;0
10.07.2024;02:17;A 87;1;0;0;0;0;0;0;0;0;0;0;0;0;0;0;0;0;0;0;0;0;0;0;0;0;0;0;0;0;0;0;0;0;0;0;0;0;0;0;0;0;0;0;0;0;0;0;0;0;0;0;0;0
10.07.2024;02:16;A 87;1;0;0;0;0;0;0;0;0;0;0;0;0;0;0;0;0;0;0;0;0;0;0;0;0;0;0;0;0;0;0;0;0;0;0;0;0;0;0;0;0;0;0;0;0;0;0;0;0;0;0;0;0
10.07.2024;02:15;A 87;1;1;27;1;3;0;0;0;0;0;0;0;0;0;0;0;0;0;0;0;0;0;0;0;0;0;0;0;0;0;0;0;0;0;0;0;0;0;0;0;0;0;0;0;0;0;0;0;0;0;0;0;0
10.07.2024;02:14;A 87;1;1;23;1;2;0;0;0;0;0;0;0;0;0;0;0;0;0;0;0;0;0;0;0;0;0;0;0;0;0;0;0;0;0;0;0;0;0;0;0;0;0;0;0;0;0;0;0;0;0;0;0;0
10.07.2024;02:13;A 87;1;0;0;0;0;0;0;0;0;0;0;0;0;0;0;0;0;0;0;0;0;0;0;0;0;0;0;0;0;0;0;0;0;0;0;0;0;0;0;0;0;0;0;0;0;0;0;0;0;0;0;0;0
10.07.2024;02:12;A 87;1;0;0;0;0;0;0;0;0;0;0;0;0;0;0;0;38;0;0;0;0;0;0;0;0;0;0;0;0;0;0;0;0;0;0;0;0;0;0;0;0;0;0;0;0;0;0;0;0;0;0;0;0
10.07.2024;02:11;A 87;1;0;0;0;0;0;0;0;0;0;0;0;0;1;2;1;28;0;0;0;0;0;0;0;0;0;0;0;0;0;0;0;0;0;0;0;0;0;0;0;0;0;0;0;0;0;0;0;0;0;0;0;0
10.07.2024;02:10;A 87;1;0;0;0;0;0;0;0;0;0;0;0;0;0;0;0;0;0;0;0;0;0;0;0;0;0;0;0;0;0;0;0;0;0;0;0;0;0;0;0;0;0;0;0;0;0;0;0;0;0;0;0;0
10.07.2024;02:09;A 87;1;0;0;0;0;0;0;0;0;0;0;0;0;0;0;0;0;0;0;0;0;0;0;0;0;0;0;0;0;0;0;0;0;0;0;0;0;0;0;0;0;0;0;0;0;0;0;0;0;0;0;0;0
10.07.2024;02:08;A 87;1;0;0;0;0;0;0;0;0;0;0;0;0;0;0;0;0;0;0;0;0;0;0;0;0;0;0;0;0;0;0;0;0;0;0;0;0;0;0;0;0;0;0;0;0;0;0;0;0;0;0;0;0
10.07.2024;02:07;A 87;1;0;0;0;0;0;0;0;0;0;0;0;0;0;0;0;0;0;0;0;0;0;0;0;0;0;0;0;0;0;0;0;0;0;0;0;0;0;0;0;0;0;0;0;0;0;0;0;0;0;0;0;0
10.07.2024;02:06;A 87;1;0;0;0;0;0;0;0;0;0;0;0;0;0;0;0;0;0;0;0;0;0;0;0;0;0;0;0;0;0;0;0;0;0;0;0;0;0;0;0;0;0;0;0;0;0;0;0;0;0;0;0;0
10.07.2024;02:05;A 87;1;0;0;0;0;0;0;0;0;0;0;0;0;0;0;0;0;0;0;0;0;0;0;0;0;0;0;0;0;0;0;0;0;0;0;0;0;0;0;0;0;0;0;0;0;0;0;0;0;0;0;0;0
10.07.2024;02:04;A 87;1;0;0;0;0;0;0;0;0;0;0;0;0;0;0;0;0;0;0;0;0;0;0;0;0;0;0;0;0;0;0;0;0;0;0;0;0;0;0;0;0;0;0;0;0;0;0;0;0;0;0;0;0
10.07.2024;02:03;A 87;1;0;0;0;0;0;0;0;0;0;0;0;0;0;0;0;0;0;0;0;0;0;0;0;0;0;0;0;0;0;0;0;0;0;0;0;0;0;0;0;0;0;0;0;0;0;0;0;0;0;0;0;0
10.07.2024;02:02;A 87;1;0;0;0;0;0;0;0;0;0;0;0;0;0;0;0;0;0;0;0;0;0;0;0;0;0;0;0;0;0;0;0;0;0;0;0;0;0;0;0;0;0;0;0;0;0;0;0;0;0;0;0;0
10.07.2024;02:01;A 87;1;1;2;1;1;0;0;0;0;0;0;0;0;0;0;0;0;0;0;0;0;0;0;0;0;0;0;0;0;0;0;0;0;0;0;0;0;0;0;0;0;0;0;0;0;0;0;0;0;0;0;0;0
10.07.2024;02:00;A 87;1;0;0;0;0;0;0;0;0;0;0;0;0;0;0;0;0;0;0;0;0;0;0;0;0;0;0;0;0;0;0;0;0;0;0;0;0;0;0;0;0;0;0;0;0;0;0;0;0;0;0;0;0
