Datum;Uhrzeit;Bezeichnung;Intervall;TF32_AFZ;TF32_AFB;TB32_AFZ;TB32_AFB;TF32a_AFZ;TF32a_AFB;TB32a_AFZ;TB32a_AFB
18.03.2025;01:00;A 93;1;0;0;0;0;0;0;0;0
18.03.2025;00:59;A 93;1;0;0;0;0;0;0;0;0
18.03.2025;00:58;A 93;1;0;0;0;0;0;0;0;0
18.03.2025;00:57;A 93;1;0;0;0;0;0;0;0;0
18.03.2025;00:56;A 93;1;0;0;0;0;0;0;0;0
18.03.2025;00:55;A 93;1;0;0;0;0;0;0;0;0
18.03.2025;00:54;A 93;1;0;0;0;0;0;0;0;0
18.03.2025;00:53;A 93;1;0;0;0;0;0;0;0;0
18.03.2025;00:52;A 93;1;0;0;0;0;0;0;0;0
18.03.2025;00:51;A 93;1;0;0;0;0;0;0;0;0
18.03.2025;00:50;A 93;1;0;0;0;0;0;0;0;0
18.03.2025;00:49;A 93;1;0;0;0;0;0;0;0;0
18.03.2025;00:48;A 93;1;0;0;0;0;0;0;0;0
18.03.2025;00:47;A 93;1;0;0;0;0;0;0;0;0
18.03.2025;00:46;A 93;1;0;0;0;0;0;0;0;0
18.03.2025;00:45;A 93;1;0;0;0;0;0;0;0;0
18.03.2025;00:44;A 93;1;0;0;0;0;0;0;0;0
18.03.2025;00:43;A 93;1;0;0;0;0;0;0;0;0
18.03.2025;00:42;A 93;1;0;0;0;0;0;0;0;0
18.03.2025;00:41;A 93;1;0;0;0;0;0;0;0;0
18.03.2025;00:40;A 93;1;0;0;0;0;0;0;0;0
18.03.2025;00:39;A 93;1;0;0;0;0;0;0;0;0
18.03.2025;00:38;A 93;1;0;0;0;0;0;0;0;0
18.03.2025;00:37;A 93;1;0;0;0;0;0;0;0;0
18.03.2025;00:36;A 93;1;0;0;0;0;0;0;0;0
18.03.2025;00:35;A 93;1;0;0;0;0;0;0;0;0
18.03.2025;00:34;A 93;1;0;0;0;0;0;0;0;0
18.03.2025;00:33;A 93;1;0;0;0;0;0;0;0;0
18.03.2025;00:32;A 93;1;0;0;0;0;0;0;0;0
18.03.2025;00:31;A 93;1;0;0;0;0;0;0;0;0
18.03.2025;00:30;A 93;1;0;0;0;0;0;0;0;0
18.03.2025;00:29;A 93;1;0;0;0;0;0;0;0;0
18.03.2025;00:28;A 93;1;0;0;0;0;0;0;0;0
18.03.2025;00:27;A 93;1;0;0;0;0;0;0;0;0
18.03.2025;00:26;A 93;1;0;0;0;0;0;0;0;0
18.03.2025;00:25;A 93;1;0;0;0;0;0;0;0;0
18.03.2025;00:24;A 93;1;0;0;0;0;0;0;0;0
18.03.2025;00:23;A 93;1;0;0;0;0;0;0;0;0
18.03.2025;00:22;A 93;1;0;0;0;0;0;0;0;0
18.03.2025;00:21;A 93;1;0;0;0;0;0;0;0;0
18.03.2025;00:20;A 93;1;0;0;0;0;0;0;0;0
18.03.2025;00:19;A 93;1;0;0;0;0;0;0;0;0
18.03.2025;00:18;A 93;1;0;0;0;0;0;0;0;0
18.03.2025;00:17;A 93;1;0;0;0;0;0;0;0;0
18.03.2025;00:16;A 93;1;0;0;0;0;0;0;0;0
18.03.2025;00:15;A 93;1;0;0;0;0;0;0;0;0
18.03.2025;00:14;A 93;1;0;0;0;0;0;0;0;0
18.03.2025;00:13;A 93;1;0;0;0;0;0;0;0;0
18.03.2025;00:12;A 93;1;0;0;0;0;0;0;0;0
18.03.2025;00:11;A 93;1;0;0;0;0;0;0;0;0
18.03.2025;00:10;A 93;1;0;0;0;0;0;0;0;0
18.03.2025;00:09;A 93;1;0;0;0;0;0;0;0;0
18.03.2025;00:08;A 93;1;0;0;0;0;0;0;0;0
18.03.2025;00:07;A 93;1;0;0;0;0;0;0;0;0
18.03.2025;00:06;A 93;1;0;0;0;0;0;0;0;0
18.03.2025;00:05;A 93;1;0;0;0;0;0;0;0;0
18.03.2025;00:04;A 93;1;0;0;0;0;0;0;0;0
18.03.2025;00:03;A 93;1;0;0;0;0;0;0;0;0
18.03.2025;00:02;A 93;1;0;0;0;0;0;0;0;0
18.03.2025;00:01;A 93;1;0;0;0;0;0;0;0;0
18.03.2025;00:00;A 93;1;0;0;0;0;0;0;0;0
17.03.2025;23:59;A 93;1;0;0;0;0;0;0;0;0
17.03.2025;23:58;A 93;1;0;0;0;0;0;0;0;0
17.03.2025;23:57;A 93;1;0;0;0;0;0;0;0;0
17.03.2025;23:56;A 93;1;0;0;0;0;0;0;0;0
17.03.2025;23:55;A 93;1;0;0;0;0;0;0;0;0
17.03.2025;23:54;A 93;1;0;0;0;0;0;0;0;0
17.03.2025;23:53;A 93;1;0;0;0;0;0;0;0;0
17.03.2025;23:52;A 93;1;0;0;0;0;0;0;0;0
17.03.2025;23:51;A 93;1;0;0;0;0;0;0;0;0
17.03.2025;23:50;A 93;1;0;0;0;0;0;0;0;0
17.03.2025;23:49;A 93;1;0;0;0;0;0;0;0;0
17.03.2025;23:48;A 93;1;0;0;0;0;0;0;0;0
17.03.2025;23:47;A 93;1;0;0;0;0;0;0;0;0
17.03.2025;23:46;A 93;1;0;0;0;0;0;0;0;0
17.03.2025;23:45;A 93;1;0;0;0;0;0;0;0;0
17.03.2025;23:44;A 93;1;0;0;0;0;0;0;0;0
17.03.2025;23:43;A 93;1;0;0;0;0;0;0;0;0
17.03.2025;23:42;A 93;1;0;0;0;0;0;0;0;0
17.03.2025;23:41;A 93;1;0;0;0;0;0;0;0;0
17.03.2025;23:40;A 93;1;0;0;0;0;0;0;0;0
17.03.2025;23:39;A 93;1;0;0;0;0;0;0;0;0
17.03.2025;23:38;A 93;1;0;0;0;0;0;0;0;0
17.03.2025;23:37;A 93;1;0;0;0;0;0;0;0;0
17.03.2025;23:36;A 93;1;0;0;0;0;0;0;0;0
17.03.2025;23:35;A 93;1;0;0;0;0;0;0;0;0
17.03.2025;23:34;A 93;1;0;0;0;0;0;0;0;0
17.03.2025;23:33;A 93;1;0;0;0;0;0;0;0;0
17.03.2025;23:32;A 93;1;0;0;0;0;0;0;0;0
17.03.2025;23:31;A 93;1;0;0;0;0;0;0;0;0
17.03.2025;23:30;A 93;1;0;0;0;0;0;0;0;0
17.03.2025;23:29;A 93;1;0;0;0;0;0;0;0;0
17.03.2025;23:28;A 93;1;0;0;0;0;0;0;0;0
17.03.2025;23:27;A 93;1;0;0;0;0;0;0;0;0
17.03.2025;23:26;A 93;1;0;0;0;0;0;0;0;0
17.03.2025;23:25;A 93;1;0;0;0;0;0;0;0;0
17.03.2025;23:24;A 93;1;0;0;0;0;0;0;0;0
17.03.2025;23:23;A 93;1;0;0;0;0;0;0;0;0
17.03.2025;23:22;A 93;1;0;0;0;0;0;0;0;0
17.03.2025;23:21;A 93;1;0;0;0;0;0;0;0;0
17.03.2025;23:20;A 93;1;0;0;0;0;0;0;0;0
17.03.2025;23:19;A 93;1;0;0;0;0;0;0;0;0
17.03.2025;23:18;A 93;1;0;0;0;0;0;0;0;0
17.03.2025;23:17;A 93;1;0;0;0;0;0;0;0;0
17.03.2025;23:16;A 93;1;0;0;0;0;0;0;0;0
17.03.2025;23:15;A 93;1;0;0;0;0;0;0;0;0
17.03.2025;23:14;A 93;1;0;0;0;0;0;0;0;0
17.03.2025;23:13;A 93;1;0;0;0;0;0;0;0;0
17.03.2025;23:12;A 93;1;0;0;0;0;0;0;0;0
17.03.2025;23:11;A 93;1;0;0;0;0;0;0;0;0
17.03.2025;23:10;A 93;1;0;0;0;0;0;0;0;0
17.03.2025;23:09;A 93;1;0;0;0;0;0;0;0;0
17.03.2025;23:08;A 93;1;0;0;0;0;0;0;0;0
17.03.2025;23:07;A 93;1;0;0;0;0;0;0;0;0
17.03.2025;23:06;A 93;1;0;0;0;0;0;0;0;0
17.03.2025;23:05;A 93;1;0;0;0;0;0;0;0;0
17.03.2025;23:04;A 93;1;0;0;0;0;0;0;0;0
17.03.2025;23:03;A 93;1;0;0;0;0;0;0;0;0
17.03.2025;23:02;A 93;1;0;0;0;0;0;0;0;0
17.03.2025;23:01;A 93;1;0;0;0;0;0;0;0;0
17.03.2025;23:00;A 93;1;0;0;0;0;0;0;0;0
17.03.2025;22:59;A 93;1;0;0;0;0;0;0;0;0
17.03.2025;22:58;A 93;1;0;0;0;0;0;0;0;0
17.03.2025;22:57;A 93;1;0;0;0;0;0;0;0;0
17.03.2025;22:56;A 93;1;0;0;0;0;0;0;0;0
17.03.2025;22:55;A 93;1;0;0;0;0;0;0;0;0
17.03.2025;22:54;A 93;1;0;0;0;0;0;0;0;0
17.03.2025;22:53;A 93;1;0;0;0;0;0;0;0;0
17.03.2025;22:52;A 93;1;0;0;0;0;0;0;0;0
17.03.2025;22:51;A 93;1;0;0;0;0;0;0;0;0
17.03.2025;22:50;A 93;1;0;0;0;0;0;0;0;0
17.03.2025;22:49;A 93;1;0;0;0;0;0;0;0;0
17.03.2025;22:48;A 93;1;0;0;0;0;0;0;0;0
17.03.2025;22:47;A 93;1;0;0;0;0;0;0;0;0
17.03.2025;22:46;A 93;1;0;0;0;0;0;0;0;0
17.03.2025;22:45;A 93;1;0;0;0;0;0;0;0;0
17.03.2025;22:44;A 93;1;0;0;0;0;0;0;0;0
17.03.2025;22:43;A 93;1;0;0;0;0;0;0;0;0
17.03.2025;22:42;A 93;1;0;0;0;0;0;0;0;0
17.03.2025;22:41;A 93;1;0;0;0;0;0;0;0;0
17.03.2025;22:40;A 93;1;0;0;0;0;0;0;0;0
17.03.2025;22:39;A 93;1;0;0;0;0;0;0;0;0
17.03.2025;22:38;A 93;1;0;0;0;0;0;0;0;0
17.03.2025;22:37;A 93;1;0;0;0;0;0;0;0;0
17.03.2025;22:36;A 93;1;0;0;0;0;0;0;0;0
17.03.2025;22:35;A 93;1;0;0;0;0;0;0;0;0
17.03.2025;22:34;A 93;1;0;0;0;0;0;0;0;0
17.03.2025;22:33;A 93;1;0;0;0;0;0;0;0;0
17.03.2025;22:32;A 93;1;0;0;0;0;0;0;0;0
17.03.2025;22:31;A 93;1;0;0;0;0;0;0;0;0
17.03.2025;22:30;A 93;1;0;0;0;0;0;0;0;0
17.03.2025;22:29;A 93;1;0;0;0;0;0;0;0;0
17.03.2025;22:28;A 93;1;0;0;0;0;0;0;0;0
17.03.2025;22:27;A 93;1;0;0;0;0;0;0;0;0
17.03.2025;22:26;A 93;1;0;0;0;0;0;0;0;0
17.03.2025;22:25;A 93;1;0;0;0;0;0;0;0;0
17.03.2025;22:24;A 93;1;0;0;0;0;0;0;0;0
17.03.2025;22:23;A 93;1;0;0;0;0;0;0;0;0
17.03.2025;22:22;A 93;1;0;0;0;0;0;0;0;0
17.03.2025;22:21;A 93;1;0;0;0;0;0;0;0;0
17.03.2025;22:20;A 93;1;0;0;0;0;0;0;0;0
17.03.2025;22:19;A 93;1;0;0;0;0;0;0;0;0
17.03.2025;22:18;A 93;1;0;0;0;0;0;0;0;0
17.03.2025;22:17;A 93;1;0;0;0;0;0;0;0;0
17.03.2025;22:16;A 93;1;0;0;0;0;0;0;0;0
17.03.2025;22:15;A 93;1;0;0;0;0;0;0;0;0
17.03.2025;22:14;A 93;1;0;0;0;0;0;0;0;0
17.03.2025;22:13;A 93;1;0;0;0;0;0;0;0;0
17.03.2025;22:12;A 93;1;0;0;0;0;0;0;0;0
17.03.2025;22:11;A 93;1;0;0;0;0;0;0;0;0
17.03.2025;22:10;A 93;1;0;0;0;0;0;0;0;0
17.03.2025;22:09;A 93;1;0;0;0;0;0;0;0;0
17.03.2025;22:08;A 93;1;0;0;0;0;0;0;0;0
17.03.2025;22:07;A 93;1;0;0;0;0;0;0;0;0
17.03.2025;22:06;A 93;1;0;0;0;0;0;0;0;0
17.03.2025;22:05;A 93;1;0;0;0;0;0;0;0;0
17.03.2025;22:04;A 93;1;0;0;0;0;0;0;0;0
17.03.2025;22:03;A 93;1;0;0;0;0;0;0;0;0
17.03.2025;22:02;A 93;1;0;0;0;0;0;0;0;0
17.03.2025;22:01;A 93;1;0;0;0;0;0;0;0;0
17.03.2025;22:00;A 93;1;0;0;0;0;0;0;0;0
17.03.2025;21:59;A 93;1;0;0;0;0;0;0;0;0
17.03.2025;21:58;A 93;1;0;0;0;0;0;0;0;0
17.03.2025;21:57;A 93;1;0;0;0;0;0;0;0;0
17.03.2025;21:56;A 93;1;0;0;0;0;0;0;0;0
17.03.2025;21:55;A 93;1;0;0;0;0;0;0;0;0
17.03.2025;21:54;A 93;1;0;0;0;0;0;0;0;0
17.03.2025;21:53;A 93;1;0;0;0;0;0;0;0;0
17.03.2025;21:52;A 93;1;0;0;0;0;0;0;0;0
17.03.2025;21:51;A 93;1;0;0;0;0;0;0;0;0
17.03.2025;21:50;A 93;1;0;0;0;0;0;0;0;0
17.03.2025;21:49;A 93;1;0;0;0;0;0;0;0;0
17.03.2025;21:48;A 93;1;0;0;0;0;0;0;0;0
17.03.2025;21:47;A 93;1;0;0;0;0;0;0;0;0
17.03.2025;21:46;A 93;1;0;0;0;0;0;0;0;0
17.03.2025;21:45;A 93;1;0;0;0;0;0;0;0;0
17.03.2025;21:44;A 93;1;0;0;0;0;0;0;0;0
17.03.2025;21:43;A 93;1;0;0;0;0;0;0;0;0
17.03.2025;21:42;A 93;1;0;0;0;0;0;0;0;0
17.03.2025;21:41;A 93;1;0;0;0;0;0;0;0;0
17.03.2025;21:40;A 93;1;0;0;0;0;0;0;0;0
17.03.2025;21:39;A 93;1;0;0;0;0;0;0;0;0
17.03.2025;21:38;A 93;1;0;0;0;0;0;0;0;0
17.03.2025;21:37;A 93;1;0;0;0;0;0;0;0;0
17.03.2025;21:36;A 93;1;0;0;0;0;0;0;0;0
17.03.2025;21:35;A 93;1;0;0;0;0;0;0;0;0
17.03.2025;21:34;A 93;1;0;0;0;0;0;0;0;0
17.03.2025;21:33;A 93;1;0;0;0;0;0;0;0;0
17.03.2025;21:32;A 93;1;0;0;0;0;0;0;0;0
17.03.2025;21:31;A 93;1;0;0;0;0;0;0;0;0
17.03.2025;21:30;A 93;1;0;0;0;0;0;0;0;0
17.03.2025;21:29;A 93;1;0;0;0;0;0;0;0;0
17.03.2025;21:28;A 93;1;0;0;0;0;0;0;0;0
17.03.2025;21:27;A 93;1;0;0;0;0;0;0;0;0
17.03.2025;21:26;A 93;1;0;0;0;0;0;0;0;0
17.03.2025;21:25;A 93;1;0;0;0;0;0;0;0;0
17.03.2025;21:24;A 93;1;0;0;0;0;0;0;0;0
17.03.2025;21:23;A 93;1;0;0;0;0;0;0;0;0
17.03.2025;21:22;A 93;1;0;0;0;0;0;0;0;0
17.03.2025;21:21;A 93;1;0;0;0;0;0;0;0;0
17.03.2025;21:20;A 93;1;0;0;0;0;0;0;0;0
17.03.2025;21:19;A 93;1;0;0;0;0;0;0;0;0
17.03.2025;21:18;A 93;1;0;0;0;0;0;0;0;0
17.03.2025;21:17;A 93;1;0;0;0;0;0;0;0;0
17.03.2025;21:16;A 93;1;0;0;0;0;0;0;0;0
17.03.2025;21:15;A 93;1;0;0;0;0;0;0;0;0
17.03.2025;21:14;A 93;1;0;0;0;0;0;0;0;0
17.03.2025;21:13;A 93;1;0;0;0;0;0;0;0;0
17.03.2025;21:12;A 93;1;0;0;0;0;0;0;0;0
17.03.2025;21:11;A 93;1;0;0;0;0;0;0;0;0
17.03.2025;21:10;A 93;1;0;0;0;0;0;0;0;0
17.03.2025;21:09;A 93;1;0;0;0;0;0;0;0;0
17.03.2025;21:08;A 93;1;0;0;0;0;0;0;0;0
17.03.2025;21:07;A 93;1;0;0;0;0;0;0;0;0
17.03.2025;21:06;A 93;1;0;0;0;0;0;0;0;0
17.03.2025;21:05;A 93;1;0;0;0;0;0;0;0;0
17.03.2025;21:04;A 93;1;0;0;0;0;0;0;0;0
17.03.2025;21:03;A 93;1;0;0;0;0;0;0;0;0
17.03.2025;21:02;A 93;1;0;0;0;0;0;0;0;0
17.03.2025;21:01;A 93;1;0;0;0;0;0;0;0;0
17.03.2025;21:00;A 93;1;0;0;0;0;0;0;0;0
17.03.2025;20:59;A 93;1;0;0;0;0;0;0;0;0
17.03.2025;20:58;A 93;1;0;0;0;0;0;0;0;0
17.03.2025;20:57;A 93;1;0;0;0;0;0;0;0;0
17.03.2025;20:56;A 93;1;0;0;0;0;0;0;0;0
17.03.2025;20:55;A 93;1;0;0;0;0;0;0;0;0
17.03.2025;20:54;A 93;1;0;0;0;0;0;0;0;0
17.03.2025;20:53;A 93;1;0;0;0;0;0;0;0;0
17.03.2025;20:52;A 93;1;0;0;0;0;0;0;0;0
17.03.2025;20:51;A 93;1;0;0;0;0;0;0;0;0
17.03.2025;20:50;A 93;1;0;0;0;0;0;0;0;0
17.03.2025;20:49;A 93;1;0;0;0;0;0;0;0;0
17.03.2025;20:48;A 93;1;0;0;0;0;0;0;0;0
17.03.2025;20:47;A 93;1;0;0;0;0;0;0;0;0
17.03.2025;20:46;A 93;1;0;0;0;0;0;0;0;0
17.03.2025;20:45;A 93;1;0;0;0;0;0;0;0;0
17.03.2025;20:44;A 93;1;0;0;0;0;0;0;0;0
17.03.2025;20:43;A 93;1;0;0;0;0;0;0;0;0
17.03.2025;20:42;A 93;1;0;0;0;0;0;0;0;0
17.03.2025;20:41;A 93;1;0;0;0;0;0;0;0;0
17.03.2025;20:40;A 93;1;0;0;0;0;0;0;0;0
17.03.2025;20:39;A 93;1;0;0;0;0;0;0;0;0
17.03.2025;20:38;A 93;1;0;0;0;0;0;0;0;0
17.03.2025;20:37;A 93;1;0;0;0;0;0;0;0;0
17.03.2025;20:36;A 93;1;0;0;0;0;0;0;0;0
17.03.2025;20:35;A 93;1;0;0;0;0;0;0;0;0
17.03.2025;20:34;A 93;1;0;0;0;0;0;0;0;0
17.03.2025;20:33;A 93;1;0;0;0;0;0;0;0;0
17.03.2025;20:32;A 93;1;0;0;0;0;0;0;0;0
17.03.2025;20:31;A 93;1;0;0;0;0;0;0;0;0
17.03.2025;20:30;A 93;1;0;0;0;0;0;0;0;0
17.03.2025;20:29;A 93;1;0;0;0;0;0;0;0;0
17.03.2025;20:28;A 93;1;0;0;0;0;0;0;0;0
17.03.2025;20:27;A 93;1;0;0;0;0;0;0;0;0
17.03.2025;20:26;A 93;1;0;0;0;0;0;0;0;0
17.03.2025;20:25;A 93;1;0;0;0;0;0;0;0;0
17.03.2025;20:24;A 93;1;0;0;0;0;0;0;0;0
17.03.2025;20:23;A 93;1;0;0;0;0;0;0;0;0
17.03.2025;20:22;A 93;1;0;0;0;0;0;0;0;0
17.03.2025;20:21;A 93;1;0;0;0;0;0;0;0;0
17.03.2025;20:20;A 93;1;0;0;0;0;0;0;0;0
17.03.2025;20:19;A 93;1;0;0;0;0;0;0;0;0
17.03.2025;20:18;A 93;1;0;0;0;0;0;0;0;0
17.03.2025;20:17;A 93;1;0;0;0;0;0;0;0;0
17.03.2025;20:16;A 93;1;0;0;0;0;0;0;0;0
17.03.2025;20:15;A 93;1;0;0;0;0;0;0;0;0
17.03.2025;20:14;A 93;1;0;0;0;0;0;0;0;0
17.03.2025;20:13;A 93;1;0;0;0;0;0;0;0;0
17.03.2025;20:12;A 93;1;0;0;0;0;0;0;0;0
17.03.2025;20:11;A 93;1;0;0;0;0;0;0;0;0
17.03.2025;20:10;A 93;1;0;0;0;0;0;0;0;0
17.03.2025;20:09;A 93;1;0;0;0;0;0;0;0;0
17.03.2025;20:08;A 93;1;0;0;0;0;0;0;0;0
17.03.2025;20:07;A 93;1;0;0;0;0;0;0;0;0
17.03.2025;20:06;A 93;1;0;0;0;0;0;0;0;0
17.03.2025;20:05;A 93;1;0;0;0;0;0;0;0;0
17.03.2025;20:04;A 93;1;0;0;0;0;0;0;0;0
17.03.2025;20:03;A 93;1;0;0;0;0;0;0;0;0
17.03.2025;20:02;A 93;1;0;0;0;0;0;0;0;0
17.03.2025;20:01;A 93;1;0;0;0;0;0;0;0;0
17.03.2025;20:00;A 93;1;0;0;0;0;0;0;0;0
17.03.2025;19:59;A 93;1;0;0;0;0;0;0;0;0
17.03.2025;19:58;A 93;1;0;0;0;0;0;0;0;0
17.03.2025;19:57;A 93;1;0;0;0;0;0;0;0;0
17.03.2025;19:56;A 93;1;0;0;0;0;0;0;0;0
17.03.2025;19:55;A 93;1;0;0;0;0;0;0;0;0
17.03.2025;19:54;A 93;1;0;0;0;0;0;0;0;0
17.03.2025;19:53;A 93;1;0;0;0;0;0;0;0;0
17.03.2025;19:52;A 93;1;0;0;0;0;0;0;0;0
17.03.2025;19:51;A 93;1;0;0;0;0;0;0;0;0
17.03.2025;19:50;A 93;1;0;0;0;0;0;0;0;0
17.03.2025;19:49;A 93;1;0;0;0;0;0;0;0;0
17.03.2025;19:48;A 93;1;0;0;0;0;0;0;0;0
17.03.2025;19:47;A 93;1;0;0;0;0;0;0;0;0
17.03.2025;19:46;A 93;1;0;0;0;0;0;0;0;0
17.03.2025;19:45;A 93;1;0;0;0;0;0;0;0;0
17.03.2025;19:44;A 93;1;0;0;0;0;0;0;0;0
17.03.2025;19:43;A 93;1;0;0;0;0;0;0;0;0
17.03.2025;19:42;A 93;1;0;0;0;0;0;0;0;0
17.03.2025;19:41;A 93;1;0;0;0;0;0;0;0;0
17.03.2025;19:40;A 93;1;0;0;0;0;0;0;0;0
17.03.2025;19:39;A 93;1;0;0;0;0;0;0;0;0
17.03.2025;19:38;A 93;1;0;0;0;0;0;0;0;0
17.03.2025;19:37;A 93;1;0;0;0;0;0;0;0;0
17.03.2025;19:36;A 93;1;0;0;0;0;0;0;0;0
17.03.2025;19:35;A 93;1;0;0;0;0;0;0;0;0
17.03.2025;19:34;A 93;1;0;0;0;0;0;0;0;0
17.03.2025;19:33;A 93;1;0;0;0;0;0;0;0;0
17.03.2025;19:32;A 93;1;0;0;0;0;0;0;0;0
17.03.2025;19:31;A 93;1;0;0;0;0;0;0;0;0
17.03.2025;19:30;A 93;1;0;0;0;0;0;0;0;0
17.03.2025;19:29;A 93;1;0;0;0;0;0;0;0;0
17.03.2025;19:28;A 93;1;0;0;0;0;0;0;0;0
17.03.2025;19:27;A 93;1;0;0;0;0;0;0;0;0
17.03.2025;19:26;A 93;1;0;0;0;0;0;0;0;0
17.03.2025;19:25;A 93;1;2;3;0;0;0;0;0;0
17.03.2025;19:24;A 93;1;0;0;0;0;0;0;0;0
17.03.2025;19:23;A 93;1;0;0;0;0;0;0;0;0
17.03.2025;19:22;A 93;1;0;0;0;0;0;0;0;0
17.03.2025;19:21;A 93;1;0;0;0;0;0;0;0;0
17.03.2025;19:20;A 93;1;0;0;0;0;0;0;0;0
17.03.2025;19:19;A 93;1;0;0;0;0;0;0;0;0
17.03.2025;19:18;A 93;1;0;0;0;0;0;0;0;0
17.03.2025;19:17;A 93;1;0;0;0;0;0;0;0;0
17.03.2025;19:16;A 93;1;0;0;0;0;0;0;0;0
17.03.2025;19:15;A 93;1;0;0;0;0;0;0;0;0
17.03.2025;19:14;A 93;1;0;0;0;0;0;0;0;0
17.03.2025;19:13;A 93;1;0;0;0;0;0;0;0;0
17.03.2025;19:12;A 93;1;0;0;0;0;0;0;0;0
17.03.2025;19:11;A 93;1;0;0;0;0;0;0;0;0
17.03.2025;19:10;A 93;1;0;0;0;0;0;0;0;0
17.03.2025;19:09;A 93;1;0;0;0;0;0;0;0;0
17.03.2025;19:08;A 93;1;0;0;0;0;0;0;0;0
17.03.2025;19:07;A 93;1;0;0;0;0;0;0;0;0
17.03.2025;19:06;A 93;1;0;0;0;0;0;0;0;0
17.03.2025;19:05;A 93;1;0;0;0;0;0;0;0;0
17.03.2025;19:04;A 93;1;0;0;0;0;0;0;0;0
17.03.2025;19:03;A 93;1;0;0;0;0;0;0;0;0
17.03.2025;19:02;A 93;1;0;0;0;0;0;0;0;0
17.03.2025;19:01;A 93;1;0;0;0;0;0;0;0;0
17.03.2025;19:00;A 93;1;0;0;0;0;0;0;0;0
17.03.2025;18:59;A 93;1;0;0;0;0;0;0;0;0
17.03.2025;18:58;A 93;1;0;0;0;0;1;1;0;0
17.03.2025;18:57;A 93;1;0;0;0;0;0;0;0;0
17.03.2025;18:56;A 93;1;0;0;0;0;0;0;0;0
17.03.2025;18:55;A 93;1;0;0;0;0;0;0;0;0
17.03.2025;18:54;A 93;1;0;0;0;0;0;0;0;0
17.03.2025;18:53;A 93;1;0;0;0;0;0;0;0;0
17.03.2025;18:52;A 93;1;0;0;0;0;0;0;0;0
17.03.2025;18:51;A 93;1;0;0;0;0;0;0;0;0
17.03.2025;18:50;A 93;1;0;0;0;0;0;0;0;0
17.03.2025;18:49;A 93;1;0;0;0;0;0;0;0;0
17.03.2025;18:48;A 93;1;0;0;0;0;0;0;0;0
17.03.2025;18:47;A 93;1;0;0;0;0;0;0;0;0
17.03.2025;18:46;A 93;1;0;0;0;0;0;0;0;0
17.03.2025;18:45;A 93;1;0;0;0;0;0;0;0;0
17.03.2025;18:44;A 93;1;0;0;0;0;0;0;0;0
17.03.2025;18:43;A 93;1;0;0;0;0;0;0;0;0
17.03.2025;18:42;A 93;1;0;0;0;0;0;0;0;0
17.03.2025;18:41;A 93;1;1;1;0;0;0;0;0;0
17.03.2025;18:40;A 93;1;0;0;0;0;0;0;0;0
17.03.2025;18:39;A 93;1;0;0;0;0;0;0;0;0
17.03.2025;18:38;A 93;1;0;0;0;0;0;0;0;0
17.03.2025;18:37;A 93;1;0;0;0;0;0;0;0;0
17.03.2025;18:36;A 93;1;0;0;0;0;0;0;0;0
17.03.2025;18:35;A 93;1;0;0;0;0;0;0;0;0
17.03.2025;18:34;A 93;1;0;0;0;0;0;0;0;0
17.03.2025;18:33;A 93;1;0;0;0;0;0;0;0;0
17.03.2025;18:32;A 93;1;1;1;3;5;0;0;0;0
17.03.2025;18:31;A 93;1;0;0;0;0;0;0;0;0
17.03.2025;18:30;A 93;1;0;0;0;0;0;0;0;0
17.03.2025;18:29;A 93;1;0;0;0;0;0;0;0;0
17.03.2025;18:28;A 93;1;0;0;0;0;0;0;0;0
17.03.2025;18:27;A 93;1;0;0;0;0;0;0;0;0
17.03.2025;18:26;A 93;1;0;0;0;0;0;0;0;0
17.03.2025;18:25;A 93;1;0;0;0;0;0;0;0;0
17.03.2025;18:24;A 93;1;0;0;0;0;0;0;0;0
17.03.2025;18:23;A 93;1;1;1;0;0;0;0;0;0
17.03.2025;18:22;A 93;1;0;0;0;0;0;0;0;0
17.03.2025;18:21;A 93;1;0;0;0;0;0;0;0;0
17.03.2025;18:20;A 93;1;0;0;0;0;0;0;0;0
17.03.2025;18:19;A 93;1;0;0;0;0;0;0;0;0
17.03.2025;18:18;A 93;1;0;0;0;0;0;0;0;0
17.03.2025;18:17;A 93;1;0;0;0;0;0;0;0;0
17.03.2025;18:16;A 93;1;0;0;0;0;0;0;0;0
17.03.2025;18:15;A 93;1;0;0;0;0;0;0;0;0
17.03.2025;18:14;A 93;1;0;0;0;0;0;0;0;0
17.03.2025;18:13;A 93;1;0;0;0;0;0;0;0;0
17.03.2025;18:12;A 93;1;0;0;0;0;0;0;0;0
17.03.2025;18:11;A 93;1;0;0;0;0;0;0;0;0
17.03.2025;18:10;A 93;1;0;0;0;0;0;0;0;0
17.03.2025;18:09;A 93;1;0;0;0;0;0;0;0;0
17.03.2025;18:08;A 93;1;0;0;0;0;0;0;0;0
17.03.2025;18:07;A 93;1;0;0;0;0;0;0;0;0
17.03.2025;18:06;A 93;1;0;0;0;0;0;0;0;0
17.03.2025;18:05;A 93;1;0;0;0;0;0;0;0;0
17.03.2025;18:04;A 93;1;0;0;0;0;0;0;0;0
17.03.2025;18:03;A 93;1;0;0;0;0;0;0;0;0
17.03.2025;18:02;A 93;1;0;0;0;0;0;0;0;0
17.03.2025;18:01;A 93;1;0;0;0;0;0;0;0;0
17.03.2025;18:00;A 93;1;0;0;0;0;0;0;0;0
17.03.2025;17:59;A 93;1;0;0;0;0;0;0;0;0
17.03.2025;17:58;A 93;1;0;0;0;0;0;0;0;0
17.03.2025;17:57;A 93;1;0;0;0;0;0;0;0;0
17.03.2025;17:56;A 93;1;0;0;0;0;0;0;0;0
17.03.2025;17:55;A 93;1;0;0;0;0;0;0;0;0
17.03.2025;17:54;A 93;1;0;0;0;0;0;0;0;0
17.03.2025;17:53;A 93;1;0;0;0;0;0;0;0;0
17.03.2025;17:52;A 93;1;0;0;0;0;0;0;0;0
17.03.2025;17:51;A 93;1;0;0;0;0;0;0;0;0
17.03.2025;17:50;A 93;1;0;0;0;0;0;0;0;0
17.03.2025;17:49;A 93;1;0;0;0;0;0;0;0;0
17.03.2025;17:48;A 93;1;0;0;0;0;0;0;0;0
17.03.2025;17:47;A 93;1;0;0;0;0;0;0;0;0
17.03.2025;17:46;A 93;1;0;0;0;0;0;0;0;0
17.03.2025;17:45;A 93;1;0;0;0;0;0;0;0;0
17.03.2025;17:44;A 93;1;0;0;0;0;0;0;0;0
17.03.2025;17:43;A 93;1;1;1;0;0;0;0;0;0
17.03.2025;17:42;A 93;1;0;0;0;0;0;0;0;0
17.03.2025;17:41;A 93;1;0;0;0;0;0;0;0;0
17.03.2025;17:40;A 93;1;0;0;0;0;0;0;0;0
17.03.2025;17:39;A 93;1;0;0;0;0;0;0;0;0
17.03.2025;17:38;A 93;1;0;0;0;0;0;0;0;0
17.03.2025;17:37;A 93;1;0;0;0;0;0;0;0;0
17.03.2025;17:36;A 93;1;0;0;0;0;0;0;0;0
17.03.2025;17:35;A 93;1;0;0;0;0;0;0;0;0
17.03.2025;17:34;A 93;1;0;0;0;0;0;0;0;0
17.03.2025;17:33;A 93;1;0;0;0;0;0;0;0;0
17.03.2025;17:32;A 93;1;0;0;0;0;0;0;0;0
17.03.2025;17:31;A 93;1;1;1;0;0;0;0;0;0
17.03.2025;17:30;A 93;1;0;0;0;0;0;0;0;0
17.03.2025;17:29;A 93;1;0;0;0;0;0;0;0;0
17.03.2025;17:28;A 93;1;0;0;0;0;0;0;0;0
17.03.2025;17:27;A 93;1;0;0;0;0;1;1;0;0
17.03.2025;17:26;A 93;1;0;0;0;0;0;0;0;0
17.03.2025;17:25;A 93;1;0;0;0;0;0;0;0;0
17.03.2025;17:24;A 93;1;0;0;0;0;0;0;0;0
17.03.2025;17:23;A 93;1;0;0;0;0;0;0;0;0
17.03.2025;17:22;A 93;1;0;0;0;0;0;0;0;0
17.03.2025;17:21;A 93;1;0;0;0;0;0;0;0;0
17.03.2025;17:20;A 93;1;0;0;0;0;0;0;0;0
17.03.2025;17:19;A 93;1;0;0;0;0;0;0;0;0
17.03.2025;17:18;A 93;1;0;0;0;0;0;0;0;0
17.03.2025;17:17;A 93;1;0;0;0;0;0;0;0;0
17.03.2025;17:16;A 93;1;0;0;0;0;0;0;0;0
17.03.2025;17:15;A 93;1;0;0;0;0;0;0;0;0
17.03.2025;17:14;A 93;1;0;0;0;0;0;0;0;0
17.03.2025;17:13;A 93;1;0;0;0;0;0;0;0;0
17.03.2025;17:12;A 93;1;0;0;0;0;0;0;0;0
17.03.2025;17:11;A 93;1;0;0;0;0;0;0;0;0
17.03.2025;17:10;A 93;1;0;0;0;0;0;0;0;0
17.03.2025;17:09;A 93;1;0;0;0;0;0;0;0;0
17.03.2025;17:08;A 93;1;0;0;0;0;0;0;0;0
17.03.2025;17:07;A 93;1;0;0;0;0;0;0;0;0
17.03.2025;17:06;A 93;1;1;1;0;0;0;0;0;0
17.03.2025;17:05;A 93;1;0;0;0;0;0;0;0;0
17.03.2025;17:04;A 93;1;0;0;0;0;0;0;0;0
17.03.2025;17:03;A 93;1;0;0;0;0;0;0;0;0
17.03.2025;17:02;A 93;1;0;0;0;0;0;0;0;0
17.03.2025;17:01;A 93;1;0;0;0;0;0;0;0;0
17.03.2025;17:00;A 93;1;0;0;0;0;0;0;0;0
17.03.2025;16:59;A 93;1;0;0;0;0;0;0;0;0
17.03.2025;16:58;A 93;1;0;0;0;0;0;0;0;0
17.03.2025;16:57;A 93;1;0;0;0;0;0;0;0;0
17.03.2025;16:56;A 93;1;0;0;0;0;0;0;0;0
17.03.2025;16:55;A 93;1;0;0;0;0;1;1;1;1
17.03.2025;16:54;A 93;1;0;0;0;0;0;0;0;0
17.03.2025;16:53;A 93;1;0;0;0;0;0;0;0;0
17.03.2025;16:52;A 93;1;0;0;0;0;0;0;0;0
17.03.2025;16:51;A 93;1;0;0;0;0;0;0;0;0
17.03.2025;16:50;A 93;1;0;0;0;0;0;0;0;0
17.03.2025;16:49;A 93;1;0;0;0;0;0;0;0;0
17.03.2025;16:48;A 93;1;0;0;0;0;0;0;0;0
17.03.2025;16:47;A 93;1;0;0;0;0;0;0;0;0
17.03.2025;16:46;A 93;1;0;0;0;0;0;0;0;0
17.03.2025;16:45;A 93;1;0;0;0;0;0;0;0;0
17.03.2025;16:44;A 93;1;0;0;0;0;0;0;0;0
17.03.2025;16:43;A 93;1;0;0;0;0;0;0;0;0
17.03.2025;16:42;A 93;1;0;0;0;0;0;0;0;0
17.03.2025;16:41;A 93;1;0;0;0;0;0;0;0;0
17.03.2025;16:40;A 93;1;0;0;0;0;0;0;0;0
17.03.2025;16:39;A 93;1;0;0;0;0;0;0;0;0
17.03.2025;16:38;A 93;1;0;0;0;0;0;0;0;0
17.03.2025;16:37;A 93;1;0;0;0;0;0;0;0;0
17.03.2025;16:36;A 93;1;0;0;0;0;0;0;0;0
17.03.2025;16:35;A 93;1;0;0;0;0;0;0;0;0
17.03.2025;16:34;A 93;1;0;0;0;0;0;0;0;0
17.03.2025;16:33;A 93;1;0;0;0;0;0;0;0;0
17.03.2025;16:32;A 93;1;0;0;0;0;0;0;0;0
17.03.2025;16:31;A 93;1;0;0;0;0;0;0;0;0
17.03.2025;16:30;A 93;1;0;0;0;0;0;0;0;0
17.03.2025;16:29;A 93;1;0;0;1;3;0;0;0;0
17.03.2025;16:28;A 93;1;0;0;0;0;0;0;0;0
17.03.2025;16:27;A 93;1;0;0;0;0;0;0;0;0
17.03.2025;16:26;A 93;1;0;0;0;0;0;0;0;0
17.03.2025;16:25;A 93;1;0;0;0;0;0;0;0;0
17.03.2025;16:24;A 93;1;0;0;0;0;0;0;0;0
17.03.2025;16:23;A 93;1;0;0;0;0;0;0;0;0
17.03.2025;16:22;A 93;1;0;0;0;0;1;1;1;1
17.03.2025;16:21;A 93;1;0;0;0;0;0;0;0;0
17.03.2025;16:20;A 93;1;0;0;0;0;0;0;0;0
17.03.2025;16:19;A 93;1;0;0;0;0;0;0;0;0
17.03.2025;16:18;A 93;1;0;0;0;0;0;0;0;0
17.03.2025;16:17;A 93;1;0;0;0;0;0;0;0;0
17.03.2025;16:16;A 93;1;0;0;0;0;0;0;0;0
17.03.2025;16:15;A 93;1;0;0;0;0;0;0;0;0
17.03.2025;16:14;A 93;1;0;0;0;0;0;0;0;0
17.03.2025;16:13;A 93;1;0;0;0;0;0;0;0;0
17.03.2025;16:12;A 93;1;0;0;0;0;0;0;0;0
17.03.2025;16:11;A 93;1;0;0;0;0;0;0;0;0
17.03.2025;16:10;A 93;1;0;0;0;0;0;0;0;0
17.03.2025;16:09;A 93;1;0;0;0;0;1;1;0;0
17.03.2025;16:08;A 93;1;0;0;0;0;0;0;0;0
17.03.2025;16:07;A 93;1;0;0;0;0;0;0;0;0
17.03.2025;16:06;A 93;1;0;0;0;0;0;0;0;0
17.03.2025;16:05;A 93;1;0;0;0;0;0;0;0;0
17.03.2025;16:04;A 93;1;0;0;0;0;0;0;1;1
17.03.2025;16:03;A 93;1;0;0;0;0;0;0;0;0
17.03.2025;16:02;A 93;1;0;0;0;0;2;3;1;1
17.03.2025;16:01;A 93;1;0;0;0;0;0;0;0;0
17.03.2025;16:00;A 93;1;0;0;1;1;0;0;0;0
17.03.2025;15:59;A 93;1;0;0;0;0;0;0;0;0
17.03.2025;15:58;A 93;1;0;0;0;0;0;0;0;0
17.03.2025;15:57;A 93;1;0;0;0;0;0;0;0;0
17.03.2025;15:56;A 93;1;0;0;0;0;0;0;0;0
17.03.2025;15:55;A 93;1;0;0;0;0;1;1;0;0
17.03.2025;15:54;A 93;1;0;0;0;0;0;0;0;0
17.03.2025;15:53;A 93;1;1;1;0;0;0;0;0;0
17.03.2025;15:52;A 93;1;0;0;0;0;0;0;0;0
17.03.2025;15:51;A 93;1;0;0;0;0;0;0;0;0
17.03.2025;15:50;A 93;1;0;0;0;0;0;0;0;0
17.03.2025;15:49;A 93;1;0;0;0;0;0;0;0;0
17.03.2025;15:48;A 93;1;0;0;0;0;0;0;0;0
17.03.2025;15:47;A 93;1;0;0;0;0;0;0;0;0
17.03.2025;15:46;A 93;1;0;0;0;0;0;0;0;0
17.03.2025;15:45;A 93;1;0;0;0;0;0;0;0;0
17.03.2025;15:44;A 93;1;0;0;0;0;0;0;0;0
17.03.2025;15:43;A 93;1;0;0;0;0;0;0;0;0
17.03.2025;15:42;A 93;1;0;0;0;0;0;0;0;0
17.03.2025;15:41;A 93;1;0;0;0;0;0;0;0;0
17.03.2025;15:40;A 93;1;0;0;0;0;0;0;0;0
17.03.2025;15:39;A 93;1;0;0;0;0;0;0;0;0
17.03.2025;15:38;A 93;1;0;0;0;0;0;0;0;0
17.03.2025;15:37;A 93;1;0;0;0;0;0;0;0;0
17.03.2025;15:36;A 93;1;0;0;0;0;0;0;0;0
17.03.2025;15:35;A 93;1;0;0;0;0;0;0;0;0
17.03.2025;15:34;A 93;1;0;0;0;0;0;0;0;0
17.03.2025;15:33;A 93;1;0;0;0;0;0;0;0;0
17.03.2025;15:32;A 93;1;0;0;0;0;0;0;0;0
17.03.2025;15:31;A 93;1;0;0;1;3;0;0;0;0
17.03.2025;15:30;A 93;1;0;0;0;0;0;0;0;0
17.03.2025;15:29;A 93;1;0;0;0;0;0;0;0;0
17.03.2025;15:28;A 93;1;0;0;1;1;0;0;0;0
17.03.2025;15:27;A 93;1;0;0;0;0;0;0;0;0
17.03.2025;15:26;A 93;1;0;0;0;0;0;0;1;1
17.03.2025;15:25;A 93;1;0;0;0;0;0;0;0;0
17.03.2025;15:24;A 93;1;0;0;0;0;0;0;0;0
17.03.2025;15:23;A 93;1;0;0;0;0;0;0;0;0
17.03.2025;15:22;A 93;1;0;0;0;0;0;0;0;0
17.03.2025;15:21;A 93;1;0;0;0;0;0;0;0;0
17.03.2025;15:20;A 93;1;0;0;0;0;0;0;0;0
17.03.2025;15:19;A 93;1;0;0;0;0;0;0;0;0
17.03.2025;15:18;A 93;1;0;0;0;0;0;0;0;0
17.03.2025;15:17;A 93;1;1;1;0;0;0;0;0;0
17.03.2025;15:16;A 93;1;0;0;1;1;0;0;0;0
17.03.2025;15:15;A 93;1;0;0;0;0;0;0;0;0
17.03.2025;15:14;A 93;1;0;0;0;0;0;0;0;0
17.03.2025;15:13;A 93;1;0;0;0;0;0;0;0;0
17.03.2025;15:12;A 93;1;0;0;0;0;0;0;0;0
17.03.2025;15:11;A 93;1;1;1;1;1;0;0;0;0
17.03.2025;15:10;A 93;1;0;0;0;0;0;0;0;0
17.03.2025;15:09;A 93;1;0;0;0;0;0;0;0;0
17.03.2025;15:08;A 93;1;0;0;0;0;0;0;0;0
17.03.2025;15:07;A 93;1;0;0;0;0;0;0;0;0
17.03.2025;15:06;A 93;1;0;0;0;0;0;0;0;0
17.03.2025;15:05;A 93;1;0;0;0;0;0;0;1;1
17.03.2025;15:04;A 93;1;0;0;0;0;0;0;0;0
17.03.2025;15:03;A 93;1;0;0;0;0;0;0;0;0
17.03.2025;15:02;A 93;1;0;0;0;0;0;0;0;0
17.03.2025;15:01;A 93;1;0;0;0;0;0;0;0;0
17.03.2025;15:00;A 93;1;0;0;0;0;0;0;0;0
17.03.2025;14:59;A 93;1;0;0;0;0;0;0;0;0
17.03.2025;14:58;A 93;1;0;0;0;0;0;0;0;0
17.03.2025;14:57;A 93;1;0;0;0;0;0;0;0;0
17.03.2025;14:56;A 93;1;0;0;0;0;0;0;0;0
17.03.2025;14:55;A 93;1;0;0;0;0;0;0;0;0
17.03.2025;14:54;A 93;1;0;0;1;1;0;0;0;0
17.03.2025;14:53;A 93;1;0;0;0;0;0;0;0;0
17.03.2025;14:52;A 93;1;0;0;0;0;0;0;0;0
17.03.2025;14:51;A 93;1;0;0;0;0;0;0;0;0
17.03.2025;14:50;A 93;1;0;0;0;0;0;0;0;0
17.03.2025;14:49;A 93;1;0;0;0;0;0;0;0;0
17.03.2025;14:48;A 93;1;0;0;0;0;0;0;0;0
17.03.2025;14:47;A 93;1;0;0;0;0;0;0;0;0
17.03.2025;14:46;A 93;1;0;0;1;2;0;0;1;1
17.03.2025;14:45;A 93;1;0;0;0;0;0;0;0;0
17.03.2025;14:44;A 93;1;0;0;0;0;0;0;0;0
17.03.2025;14:43;A 93;1;0;0;0;0;0;0;0;0
17.03.2025;14:42;A 93;1;0;0;0;0;0;0;0;0
17.03.2025;14:41;A 93;1;0;0;0;0;0;0;0;0
17.03.2025;14:40;A 93;1;0;0;0;0;0;0;0;0
17.03.2025;14:39;A 93;1;0;0;0;0;0;0;0;0
17.03.2025;14:38;A 93;1;0;0;0;0;0;0;0;0
17.03.2025;14:37;A 93;1;1;1;1;2;0;0;0;0
17.03.2025;14:36;A 93;1;0;0;0;0;0;0;0;0
17.03.2025;14:35;A 93;1;0;0;0;0;0;0;0;0
17.03.2025;14:34;A 93;1;0;0;0;0;0;0;0;0
17.03.2025;14:33;A 93;1;0;0;0;0;0;0;0;0
17.03.2025;14:32;A 93;1;0;0;1;1;0;0;0;0
17.03.2025;14:30;A 93;1;0;0;0;0;0;0;0;0
17.03.2025;14:29;A 93;1;0;0;0;0;0;0;0;0
17.03.2025;14:28;A 93;1;0;0;0;0;0;0;0;0
17.03.2025;14:27;A 93;1;0;0;0;0;0;0;0;0
17.03.2025;14:26;A 93;1;0;0;0;0;0;0;0;0
17.03.2025;14:25;A 93;1;0;0;0;0;0;0;0;0
17.03.2025;14:24;A 93;1;0;0;0;0;0;0;0;0
17.03.2025;14:23;A 93;1;0;0;0;0;0;0;0;0
17.03.2025;14:22;A 93;1;0;0;0;0;0;0;1;1
17.03.2025;14:21;A 93;1;0;0;0;0;0;0;0;0
17.03.2025;14:20;A 93;1;0;0;0;0;0;0;0;0
17.03.2025;14:19;A 93;1;0;0;0;0;0;0;0;0
17.03.2025;14:18;A 93;1;0;0;0;0;0;0;0;0
17.03.2025;14:17;A 93;1;0;0;0;0;0;0;0;0
17.03.2025;14:16;A 93;1;0;0;0;0;0;0;0;0
17.03.2025;14:15;A 93;1;0;0;0;0;0;0;0;0
17.03.2025;14:14;A 93;1;0;0;0;0;0;0;1;1
17.03.2025;14:13;A 93;1;0;0;0;0;0;0;0;0
17.03.2025;14:12;A 93;1;0;0;0;0;0;0;0;0
17.03.2025;14:11;A 93;1;0;0;1;1;0;0;0;0
17.03.2025;14:10;A 93;1;0;0;0;0;0;0;0;0
17.03.2025;14:09;A 93;1;0;0;0;0;1;1;2;4
17.03.2025;14:08;A 93;1;0;0;0;0;0;0;0;0
17.03.2025;14:07;A 93;1;0;0;0;0;0;0;0;0
17.03.2025;14:06;A 93;1;0;0;0;0;0;0;0;0
17.03.2025;14:05;A 93;1;0;0;0;0;0;0;0;0
17.03.2025;14:04;A 93;1;0;0;0;0;0;0;0;0
17.03.2025;14:03;A 93;1;0;0;0;0;0;0;0;0
17.03.2025;14:02;A 93;1;0;0;0;0;0;0;0;0
17.03.2025;14:01;A 93;1;0;0;0;0;0;0;0;0
17.03.2025;14:00;A 93;1;0;0;0;0;0;0;0;0
17.03.2025;13:59;A 93;1;1;1;1;1;0;0;0;0
17.03.2025;13:58;A 93;1;0;0;0;0;0;0;1;1
17.03.2025;13:57;A 93;1;0;0;0;0;0;0;0;0
17.03.2025;13:56;A 93;1;0;0;0;0;0;0;0;0
17.03.2025;13:55;A 93;1;0;0;0;0;0;0;0;0
17.03.2025;13:54;A 93;1;0;0;0;0;0;0;0;0
17.03.2025;13:53;A 93;1;0;0;0;0;0;0;0;0
17.03.2025;13:52;A 93;1;0;0;0;0;1;1;0;0
17.03.2025;13:51;A 93;1;0;0;0;0;0;0;0;0
17.03.2025;13:50;A 93;1;0;0;0;0;0;0;0;0
17.03.2025;13:49;A 93;1;0;0;0;0;0;0;0;0
17.03.2025;13:48;A 93;1;0;0;0;0;0;0;0;0
17.03.2025;13:47;A 93;1;0;0;0;0;0;0;0;0
17.03.2025;13:46;A 93;1;0;0;0;0;0;0;0;0
17.03.2025;13:45;A 93;1;0;0;0;0;0;0;0;0
17.03.2025;13:44;A 93;1;0;0;0;0;0;0;0;0
17.03.2025;13:43;A 93;1;0;0;0;0;0;0;0;0
17.03.2025;13:42;A 93;1;1;1;0;0;1;1;0;0
17.03.2025;13:41;A 93;1;0;0;0;0;0;0;0;0
17.03.2025;13:40;A 93;1;0;0;0;0;0;0;0;0
17.03.2025;13:39;A 93;1;0;0;0;0;0;0;0;0
17.03.2025;13:38;A 93;1;0;0;0;0;0;0;0;0
17.03.2025;13:37;A 93;1;0;0;0;0;0;0;0;0
17.03.2025;13:36;A 93;1;0;0;0;0;0;0;0;0
17.03.2025;13:35;A 93;1;0;0;0;0;0;0;0;0
17.03.2025;13:34;A 93;1;0;0;0;0;0;0;0;0
17.03.2025;13:33;A 93;1;0;0;0;0;0;0;0;0
17.03.2025;13:32;A 93;1;0;0;0;0;0;0;0;0
17.03.2025;13:31;A 93;1;0;0;0;0;0;0;0;0
17.03.2025;13:30;A 93;1;0;0;0;0;0;0;0;0
17.03.2025;13:29;A 93;1;0;0;0;0;0;0;0;0
17.03.2025;13:28;A 93;1;0;0;0;0;0;0;0;0
17.03.2025;13:27;A 93;1;0;0;0;0;0;0;0;0
17.03.2025;13:26;A 93;1;0;0;0;0;0;0;0;0
17.03.2025;13:25;A 93;1;0;0;0;0;0;0;0;0
17.03.2025;13:24;A 93;1;1;1;1;1;0;0;0;0
17.03.2025;13:23;A 93;1;0;0;0;0;0;0;0;0
17.03.2025;13:22;A 93;1;0;0;0;0;0;0;0;0
17.03.2025;13:21;A 93;1;0;0;0;0;0;0;0;0
17.03.2025;13:20;A 93;1;1;1;1;1;0;0;0;0
17.03.2025;13:19;A 93;1;0;0;0;0;1;1;0;0
17.03.2025;13:18;A 93;1;0;0;0;0;0;0;0;0
17.03.2025;13:17;A 93;1;0;0;2;4;0;0;0;0
17.03.2025;13:16;A 93;1;0;0;0;0;0;0;0;0
17.03.2025;13:15;A 93;1;0;0;0;0;0;0;0;0
17.03.2025;13:14;A 93;1;0;0;0;0;0;0;0;0
17.03.2025;13:13;A 93;1;0;0;0;0;0;0;0;0
17.03.2025;13:12;A 93;1;0;0;1;1;0;0;0;0
17.03.2025;13:11;A 93;1;0;0;0;0;0;0;0;0
17.03.2025;13:10;A 93;1;0;0;0;0;0;0;0;0
17.03.2025;13:09;A 93;1;0;0;0;0;0;0;0;0
17.03.2025;13:08;A 93;1;0;0;0;0;0;0;0;0
17.03.2025;13:07;A 93;1;0;0;0;0;0;0;0;0
17.03.2025;13:06;A 93;1;0;0;0;0;0;0;0;0
17.03.2025;13:05;A 93;1;0;0;0;0;0;0;0;0
17.03.2025;13:04;A 93;1;0;0;0;0;0;0;0;0
17.03.2025;13:03;A 93;1;0;0;0;0;0;0;0;0
17.03.2025;13:02;A 93;1;0;0;0;0;0;0;0;0
17.03.2025;13:01;A 93;1;0;0;0;0;0;0;0;0
17.03.2025;13:00;A 93;1;0;0;0;0;0;0;0;0
17.03.2025;12:59;A 93;1;0;0;0;0;0;0;0;0
17.03.2025;12:58;A 93;1;0;0;0;0;0;0;0;0
17.03.2025;12:57;A 93;1;0;0;0;0;0;0;0;0
17.03.2025;12:56;A 93;1;0;0;0;0;0;0;0;0
17.03.2025;12:54;A 93;1;0;0;0;0;0;0;0;0
17.03.2025;12:53;A 93;1;0;0;0;0;0;0;0;0
17.03.2025;12:52;A 93;1;0;0;0;0;0;0;0;0
17.03.2025;12:51;A 93;1;0;0;0;0;0;0;0;0
17.03.2025;12:50;A 93;1;0;0;0;0;1;1;0;0
17.03.2025;12:49;A 93;1;0;0;0;0;0;0;0;0
17.03.2025;12:48;A 93;1;0;0;0;0;0;0;0;0
17.03.2025;12:47;A 93;1;0;0;0;0;0;0;0;0
17.03.2025;12:46;A 93;1;0;0;0;0;0;0;0;0
17.03.2025;12:45;A 93;1;0;0;0;0;0;0;0;0
17.03.2025;12:44;A 93;1;0;0;0;0;0;0;0;0
17.03.2025;12:43;A 93;1;0;0;0;0;0;0;0;0
17.03.2025;12:42;A 93;1;0;0;0;0;0;0;0;0
17.03.2025;12:41;A 93;1;1;1;0;0;0;0;0;0
17.03.2025;12:40;A 93;1;0;0;0;0;0;0;0;0
17.03.2025;12:39;A 93;1;0;0;0;0;0;0;0;0
17.03.2025;12:38;A 93;1;0;0;0;0;0;0;0;0
17.03.2025;12:37;A 93;1;0;0;0;0;0;0;0;0
17.03.2025;12:36;A 93;1;0;0;0;0;1;1;1;1
17.03.2025;12:35;A 93;1;0;0;0;0;0;0;0;0
17.03.2025;12:34;A 93;1;0;0;0;0;0;0;0;0
17.03.2025;12:33;A 93;1;1;1;1;1;0;0;0;0
17.03.2025;12:32;A 93;1;0;0;0;0;0;0;0;0
17.03.2025;12:31;A 93;1;0;0;0;0;0;0;0;0
17.03.2025;12:30;A 93;1;0;0;0;0;0;0;0;0
17.03.2025;12:29;A 93;1;0;0;0;0;0;0;0;0
17.03.2025;12:28;A 93;1;0;0;0;0;0;0;0;0
17.03.2025;12:27;A 93;1;0;0;0;0;0;0;0;0
17.03.2025;12:26;A 93;1;0;0;0;0;0;0;0;0
17.03.2025;12:25;A 93;1;0;0;0;0;0;0;0;0
17.03.2025;12:24;A 93;1;0;0;0;0;1;1;0;0
17.03.2025;12:23;A 93;1;0;0;0;0;0;0;0;0
17.03.2025;12:22;A 93;1;0;0;0;0;0;0;0;0
17.03.2025;12:21;A 93;1;0;0;0;0;0;0;0;0
17.03.2025;12:20;A 93;1;0;0;0;0;0;0;0;0
17.03.2025;12:19;A 93;1;0;0;0;0;0;0;0;0
17.03.2025;12:18;A 93;1;0;0;0;0;0;0;0;0
17.03.2025;12:17;A 93;1;0;0;0;0;0;0;0;0
17.03.2025;12:16;A 93;1;0;0;0;0;0;0;0;0
17.03.2025;12:15;A 93;1;0;0;0;0;0;0;0;0
17.03.2025;12:14;A 93;1;0;0;0;0;0;0;0;0
17.03.2025;12:13;A 93;1;0;0;0;0;0;0;0;0
17.03.2025;12:12;A 93;1;0;0;0;0;0;0;0;0
17.03.2025;12:11;A 93;1;0;0;0;0;0;0;0;0
17.03.2025;12:10;A 93;1;0;0;0;0;0;0;0;0
17.03.2025;12:09;A 93;1;0;0;0;0;0;0;0;0
17.03.2025;12:08;A 93;1;0;0;0;0;0;0;0;0
17.03.2025;12:07;A 93;1;0;0;0;0;0;0;0;0
17.03.2025;12:06;A 93;1;0;0;0;0;0;0;0;0
17.03.2025;12:05;A 93;1;0;0;0;0;0;0;0;0
17.03.2025;12:04;A 93;1;0;0;0;0;0;0;0;0
17.03.2025;12:03;A 93;1;0;0;0;0;0;0;0;0
17.03.2025;12:02;A 93;1;0;0;0;0;0;0;0;0
17.03.2025;12:01;A 93;1;0;0;0;0;0;0;0;0
17.03.2025;12:00;A 93;1;0;0;0;0;0;0;0;0
17.03.2025;11:59;A 93;1;0;0;0;0;0;0;0;0
17.03.2025;11:58;A 93;1;0;0;0;0;0;0;0;0
17.03.2025;11:57;A 93;1;0;0;0;0;0;0;0;0
17.03.2025;11:56;A 93;1;0;0;0;0;0;0;0;0
17.03.2025;11:55;A 93;1;0;0;0;0;0;0;0;0
17.03.2025;11:54;A 93;1;0;0;0;0;0;0;0;0
17.03.2025;11:53;A 93;1;0;0;0;0;0;0;0;0
17.03.2025;11:52;A 93;1;0;0;0;0;0;0;0;0
17.03.2025;11:51;A 93;1;0;0;0;0;0;0;0;0
17.03.2025;11:50;A 93;1;0;0;0;0;0;0;0;0
17.03.2025;11:49;A 93;1;0;0;0;0;0;0;0;0
17.03.2025;11:48;A 93;1;0;0;0;0;0;0;0;0
17.03.2025;11:47;A 93;1;0;0;0;0;0;0;0;0
17.03.2025;11:46;A 93;1;0;0;0;0;0;0;0;0
17.03.2025;11:45;A 93;1;0;0;0;0;0;0;0;0
17.03.2025;11:44;A 93;1;0;0;0;0;0;0;0;0
17.03.2025;11:43;A 93;1;0;0;0;0;1;1;0;0
17.03.2025;11:42;A 93;1;0;0;0;0;0;0;0;0
17.03.2025;11:41;A 93;1;0;0;0;0;0;0;0;0
17.03.2025;11:40;A 93;1;0;0;0;0;0;0;0;0
17.03.2025;11:39;A 93;1;0;0;0;0;0;0;0;0
17.03.2025;11:38;A 93;1;0;0;0;0;0;0;0;0
17.03.2025;11:37;A 93;1;0;0;0;0;0;0;0;0
17.03.2025;11:36;A 93;1;0;0;0;0;0;0;0;0
17.03.2025;11:35;A 93;1;0;0;0;0;0;0;0;0
17.03.2025;11:34;A 93;1;0;0;0;0;0;0;0;0
17.03.2025;11:33;A 93;1;0;0;0;0;0;0;0;0
17.03.2025;11:32;A 93;1;0;0;0;0;0;0;0;0
17.03.2025;11:31;A 93;1;0;0;0;0;0;0;0;0
17.03.2025;11:30;A 93;1;0;0;0;0;0;0;0;0
17.03.2025;11:29;A 93;1;0;0;0;0;0;0;0;0
17.03.2025;11:28;A 93;1;1;1;0;0;0;0;0;0
17.03.2025;11:27;A 93;1;0;0;0;0;0;0;0;0
17.03.2025;11:26;A 93;1;0;0;0;0;0;0;0;0
17.03.2025;11:25;A 93;1;0;0;0;0;0;0;0;0
17.03.2025;11:24;A 93;1;0;0;0;0;0;0;0;0
17.03.2025;11:23;A 93;1;0;0;0;0;0;0;0;0
17.03.2025;11:22;A 93;1;0;0;0;0;0;0;0;0
17.03.2025;11:21;A 93;1;0;0;0;0;0;0;0;0
17.03.2025;11:20;A 93;1;0;0;0;0;0;0;0;0
17.03.2025;11:19;A 93;1;0;0;0;0;0;0;0;0
17.03.2025;11:18;A 93;1;0;0;0;0;0;0;1;1
17.03.2025;11:17;A 93;1;0;0;0;0;0;0;0;0
17.03.2025;11:16;A 93;1;0;0;0;0;0;0;0;0
17.03.2025;11:15;A 93;1;0;0;0;0;1;1;0;0
17.03.2025;11:14;A 93;1;0;0;0;0;0;0;0;0
17.03.2025;11:13;A 93;1;0;0;0;0;0;0;0;0
17.03.2025;11:12;A 93;1;0;0;0;0;0;0;0;0
17.03.2025;11:11;A 93;1;0;0;0;0;0;0;0;0
17.03.2025;11:10;A 93;1;0;0;0;0;0;0;0;0
17.03.2025;11:09;A 93;1;0;0;0;0;0;0;0;0
17.03.2025;11:08;A 93;1;0;0;0;0;0;0;0;0
17.03.2025;11:07;A 93;1;0;0;0;0;0;0;0;0
17.03.2025;11:06;A 93;1;0;0;0;0;0;0;0;0
17.03.2025;11:05;A 93;1;0;0;0;0;0;0;0;0
17.03.2025;11:04;A 93;1;0;0;0;0;0;0;0;0
17.03.2025;11:03;A 93;1;0;0;0;0;0;0;0;0
17.03.2025;11:02;A 93;1;0;0;0;0;0;0;0;0
17.03.2025;11:01;A 93;1;0;0;0;0;0;0;0;0
17.03.2025;11:00;A 93;1;0;0;0;0;0;0;0;0
17.03.2025;10:59;A 93;1;0;0;0;0;0;0;0;0
17.03.2025;10:58;A 93;1;0;0;0;0;0;0;0;0
17.03.2025;10:57;A 93;1;0;0;0;0;0;0;0;0
17.03.2025;10:56;A 93;1;0;0;0;0;0;0;0;0
17.03.2025;10:55;A 93;1;0;0;0;0;0;0;0;0
17.03.2025;10:54;A 93;1;0;0;0;0;0;0;0;0
17.03.2025;10:53;A 93;1;0;0;0;0;0;0;0;0
17.03.2025;10:52;A 93;1;0;0;0;0;0;0;0;0
17.03.2025;10:51;A 93;1;0;0;0;0;0;0;0;0
17.03.2025;10:50;A 93;1;0;0;0;0;0;0;0;0
17.03.2025;10:49;A 93;1;0;0;0;0;0;0;0;0
17.03.2025;10:48;A 93;1;0;0;0;0;0;0;0;0
17.03.2025;10:47;A 93;1;0;0;0;0;0;0;0;0
17.03.2025;10:46;A 93;1;0;0;0;0;0;0;0;0
17.03.2025;10:45;A 93;1;0;0;0;0;0;0;0;0
17.03.2025;10:44;A 93;1;0;0;0;0;0;0;0;0
17.03.2025;10:43;A 93;1;0;0;0;0;0;0;0;0
17.03.2025;10:42;A 93;1;0;0;0;0;0;0;0;0
17.03.2025;10:41;A 93;1;0;0;0;0;0;0;0;0
17.03.2025;10:40;A 93;1;0;0;0;0;0;0;0;0
17.03.2025;10:39;A 93;1;0;0;0;0;0;0;0;0
17.03.2025;10:38;A 93;1;0;0;0;0;0;0;0;0
17.03.2025;10:37;A 93;1;0;0;0;0;0;0;0;0
17.03.2025;10:36;A 93;1;0;0;0;0;0;0;0;0
17.03.2025;10:35;A 93;1;0;0;0;0;0;0;0;0
17.03.2025;10:34;A 93;1;0;0;0;0;0;0;0;0
17.03.2025;10:33;A 93;1;1;1;0;0;0;0;0;0
17.03.2025;10:32;A 93;1;0;0;0;0;0;0;0;0
17.03.2025;10:31;A 93;1;0;0;0;0;0;0;0;0
17.03.2025;10:30;A 93;1;0;0;0;0;0;0;0;0
17.03.2025;10:29;A 93;1;1;1;0;1;0;0;0;0
17.03.2025;10:28;A 93;1;0;0;1;0;0;0;0;0
17.03.2025;10:27;A 93;1;0;0;0;0;0;0;0;0
17.03.2025;10:26;A 93;1;0;0;0;0;0;0;0;0
17.03.2025;10:25;A 93;1;0;0;0;0;0;0;0;0
17.03.2025;10:24;A 93;1;0;0;0;0;0;0;0;0
17.03.2025;10:23;A 93;1;0;0;0;0;0;0;0;0
17.03.2025;10:22;A 93;1;0;0;0;0;0;0;0;0
17.03.2025;10:21;A 93;1;0;0;0;0;0;0;0;0
17.03.2025;10:20;A 93;1;0;0;0;0;0;0;0;0
17.03.2025;10:19;A 93;1;0;0;0;0;0;0;0;0
17.03.2025;10:18;A 93;1;0;0;0;0;0;0;0;0
17.03.2025;10:17;A 93;1;0;0;0;0;0;0;0;0
17.03.2025;10:16;A 93;1;0;0;0;0;0;0;0;0
17.03.2025;10:15;A 93;1;0;0;0;0;0;0;0;0
17.03.2025;10:14;A 93;1;0;0;0;0;0;0;0;0
17.03.2025;10:13;A 93;1;0;0;0;0;0;0;0;0
17.03.2025;10:12;A 93;1;0;0;0;0;0;0;0;0
17.03.2025;10:11;A 93;1;0;0;0;0;0;0;0;0
17.03.2025;10:10;A 93;1;0;0;0;0;0;0;0;0
17.03.2025;10:09;A 93;1;0;0;0;0;0;0;0;0
17.03.2025;10:08;A 93;1;0;0;0;0;0;0;0;0
17.03.2025;10:07;A 93;1;0;0;0;0;0;0;0;0
17.03.2025;10:06;A 93;1;0;0;0;0;0;0;0;0
17.03.2025;10:05;A 93;1;0;0;0;0;0;0;0;0
17.03.2025;10:04;A 93;1;0;0;0;0;0;0;0;0
17.03.2025;10:03;A 93;1;0;0;0;0;0;0;0;0
17.03.2025;10:02;A 93;1;0;0;0;0;0;0;0;0
17.03.2025;10:01;A 93;1;0;0;0;0;0;0;0;0
17.03.2025;10:00;A 93;1;0;0;0;0;0;0;0;0
17.03.2025;09:59;A 93;1;0;0;0;0;0;0;0;0
17.03.2025;09:58;A 93;1;0;0;0;0;0;0;1;1
17.03.2025;09:57;A 93;1;0;0;0;0;0;0;0;0
17.03.2025;09:56;A 93;1;0;0;0;0;0;0;0;0
17.03.2025;09:55;A 93;1;0;0;0;0;0;0;0;0
17.03.2025;09:54;A 93;1;0;0;0;0;0;0;0;0
17.03.2025;09:53;A 93;1;0;0;0;0;0;0;0;0
17.03.2025;09:52;A 93;1;0;0;0;0;0;0;0;0
17.03.2025;09:51;A 93;1;0;0;0;0;0;0;0;0
17.03.2025;09:50;A 93;1;0;0;0;0;0;0;0;0
17.03.2025;09:49;A 93;1;0;0;0;0;0;0;0;0
17.03.2025;09:48;A 93;1;0;0;0;0;0;0;0;0
17.03.2025;09:47;A 93;1;0;0;0;0;0;0;0;0
17.03.2025;09:46;A 93;1;0;0;0;0;0;0;0;0
17.03.2025;09:45;A 93;1;0;0;0;0;0;0;0;0
17.03.2025;09:44;A 93;1;0;0;0;0;0;0;0;0
17.03.2025;09:43;A 93;1;0;0;0;0;0;0;0;0
17.03.2025;09:42;A 93;1;0;0;0;0;0;0;0;0
17.03.2025;09:41;A 93;1;0;0;0;0;0;0;0;0
17.03.2025;09:40;A 93;1;0;0;0;0;0;0;0;0
17.03.2025;09:39;A 93;1;0;0;0;0;0;0;0;0
17.03.2025;09:38;A 93;1;0;0;0;0;0;0;0;0
17.03.2025;09:37;A 93;1;0;0;0;0;0;0;0;0
17.03.2025;09:36;A 93;1;0;0;0;0;0;0;0;0
17.03.2025;09:35;A 93;1;0;0;0;0;0;0;0;0
17.03.2025;09:34;A 93;1;0;0;0;0;0;0;0;0
17.03.2025;09:33;A 93;1;0;0;0;0;0;0;0;0
17.03.2025;09:32;A 93;1;0;0;0;0;0;0;0;0
17.03.2025;09:31;A 93;1;0;0;0;0;0;0;0;0
17.03.2025;09:30;A 93;1;0;0;0;0;0;0;0;0
17.03.2025;09:29;A 93;1;0;0;0;0;0;0;0;0
17.03.2025;09:28;A 93;1;0;0;0;0;0;0;0;0
17.03.2025;09:27;A 93;1;0;0;0;0;0;0;0;0
17.03.2025;09:26;A 93;1;0;0;0;0;0;0;0;0
17.03.2025;09:25;A 93;1;0;0;0;0;0;0;0;0
17.03.2025;09:24;A 93;1;0;0;0;0;0;0;0;0
17.03.2025;09:23;A 93;1;0;0;0;0;0;0;0;0
17.03.2025;09:22;A 93;1;0;0;0;0;0;0;0;0
17.03.2025;09:21;A 93;1;0;0;0;0;0;0;0;0
17.03.2025;09:20;A 93;1;0;0;0;0;0;0;0;0
17.03.2025;09:19;A 93;1;0;0;0;0;0;0;0;0
17.03.2025;09:18;A 93;1;0;0;0;0;0;0;0;0
17.03.2025;09:17;A 93;1;0;0;0;0;0;0;0;0
17.03.2025;09:16;A 93;1;0;0;0;0;0;0;0;0
17.03.2025;09:15;A 93;1;0;0;0;0;0;0;0;0
17.03.2025;09:14;A 93;1;0;0;0;0;0;0;0;0
17.03.2025;09:13;A 93;1;0;0;0;0;0;0;0;0
17.03.2025;09:12;A 93;1;0;0;0;0;0;0;0;0
17.03.2025;09:11;A 93;1;0;0;0;0;0;0;0;0
17.03.2025;09:10;A 93;1;0;0;0;0;0;0;0;0
17.03.2025;09:09;A 93;1;0;0;0;0;0;0;0;0
17.03.2025;09:08;A 93;1;0;0;0;0;0;0;0;0
17.03.2025;09:07;A 93;1;0;0;0;0;0;0;0;0
17.03.2025;09:06;A 93;1;0;0;0;0;0;0;0;0
17.03.2025;09:05;A 93;1;0;0;0;0;0;0;0;0
17.03.2025;09:04;A 93;1;0;0;0;0;0;0;0;0
17.03.2025;09:03;A 93;1;0;0;0;0;0;0;0;0
17.03.2025;09:02;A 93;1;0;0;0;0;0;0;0;0
17.03.2025;09:01;A 93;1;0;0;0;0;0;0;0;0
17.03.2025;09:00;A 93;1;0;0;0;0;0;0;0;0
17.03.2025;08:59;A 93;1;0;0;0;0;0;0;0;0
17.03.2025;08:58;A 93;1;0;0;0;0;0;0;0;0
17.03.2025;08:57;A 93;1;0;0;0;0;0;0;0;0
17.03.2025;08:56;A 93;1;0;0;0;0;0;0;0;0
17.03.2025;08:55;A 93;1;0;0;0;0;1;1;0;0
17.03.2025;08:54;A 93;1;0;0;0;0;0;0;0;0
17.03.2025;08:53;A 93;1;0;0;0;0;0;0;0;0
17.03.2025;08:52;A 93;1;0;0;0;0;0;0;0;0
17.03.2025;08:51;A 93;1;0;0;0;0;0;0;0;0
17.03.2025;08:50;A 93;1;0;0;0;0;0;0;0;0
17.03.2025;08:49;A 93;1;0;0;0;0;0;0;0;0
17.03.2025;08:48;A 93;1;0;0;0;0;0;0;0;0
17.03.2025;08:47;A 93;1;0;0;1;2;0;0;0;0
17.03.2025;08:46;A 93;1;0;0;0;0;0;0;0;0
17.03.2025;08:45;A 93;1;0;0;0;0;0;0;0;0
17.03.2025;08:44;A 93;1;0;0;0;0;0;0;0;0
17.03.2025;08:43;A 93;1;0;0;0;0;0;0;0;0
17.03.2025;08:42;A 93;1;0;0;0;0;0;0;0;0
17.03.2025;08:41;A 93;1;0;0;0;0;0;0;0;0
17.03.2025;08:40;A 93;1;0;0;0;0;0;0;0;0
17.03.2025;08:39;A 93;1;0;0;0;0;0;0;0;0
17.03.2025;08:38;A 93;1;0;0;0;0;1;1;0;0
17.03.2025;08:37;A 93;1;0;0;1;1;0;0;0;0
17.03.2025;08:36;A 93;1;0;0;0;0;0;0;0;0
17.03.2025;08:35;A 93;1;0;0;0;0;0;0;0;0
17.03.2025;08:34;A 93;1;0;0;0;0;0;0;0;0
17.03.2025;08:33;A 93;1;0;0;0;0;0;0;0;0
17.03.2025;08:32;A 93;1;0;0;0;0;0;0;0;0
17.03.2025;08:31;A 93;1;0;0;0;0;0;0;0;0
17.03.2025;08:30;A 93;1;0;0;0;0;0;0;0;0
17.03.2025;08:29;A 93;1;0;0;0;0;0;0;0;0
17.03.2025;08:28;A 93;1;0;0;0;0;0;0;0;0
17.03.2025;08:27;A 93;1;0;0;0;0;0;0;0;0
17.03.2025;08:26;A 93;1;0;0;0;0;0;0;0;0
17.03.2025;08:25;A 93;1;0;0;0;0;0;0;0;0
17.03.2025;08:24;A 93;1;0;0;0;0;0;0;0;0
17.03.2025;08:23;A 93;1;0;0;0;0;0;0;0;0
17.03.2025;08:22;A 93;1;0;0;0;0;0;0;0;0
17.03.2025;08:21;A 93;1;1;1;0;0;0;0;0;0
17.03.2025;08:20;A 93;1;0;0;0;0;0;0;0;0
17.03.2025;08:19;A 93;1;0;0;0;0;0;0;0;0
17.03.2025;08:18;A 93;1;0;0;0;0;0;0;0;0
17.03.2025;08:17;A 93;1;2;3;1;1;0;0;0;0
17.03.2025;08:16;A 93;1;1;1;0;0;0;0;0;0
17.03.2025;08:15;A 93;1;0;0;0;0;0;0;0;0
17.03.2025;08:14;A 93;1;0;0;0;0;1;1;0;0
17.03.2025;08:13;A 93;1;0;0;0;0;0;0;0;0
17.03.2025;08:12;A 93;1;0;0;0;0;0;0;0;0
17.03.2025;08:11;A 93;1;0;0;0;0;0;0;0;0
17.03.2025;08:10;A 93;1;0;0;0;0;0;0;1;1
17.03.2025;08:09;A 93;1;0;0;0;0;0;0;0;0
17.03.2025;08:08;A 93;1;0;0;0;0;0;0;0;0
17.03.2025;08:07;A 93;1;0;0;0;0;0;0;0;0
17.03.2025;08:06;A 93;1;0;0;0;0;0;0;0;0
17.03.2025;08:05;A 93;1;1;1;0;0;0;0;0;0
17.03.2025;08:04;A 93;1;0;0;0;0;0;0;0;0
17.03.2025;08:03;A 93;1;0;0;0;0;0;0;0;0
17.03.2025;08:02;A 93;1;1;1;0;0;0;0;0;0
17.03.2025;08:01;A 93;1;0;0;0;0;0;0;0;0
17.03.2025;08:00;A 93;1;0;0;0;0;0;0;0;0
17.03.2025;07:59;A 93;1;0;0;0;0;0;0;0;0
17.03.2025;07:58;A 93;1;0;0;0;0;0;0;0;0
17.03.2025;07:57;A 93;1;0;0;0;0;0;0;0;0
17.03.2025;07:56;A 93;1;0;0;0;0;0;0;0;0
17.03.2025;07:55;A 93;1;1;1;1;1;0;0;0;0
17.03.2025;07:54;A 93;1;0;0;0;0;0;0;0;0
17.03.2025;07:53;A 93;1;0;0;0;0;0;0;0;0
17.03.2025;07:52;A 93;1;0;0;0;0;0;0;0;0
17.03.2025;07:51;A 93;1;0;0;0;0;0;0;0;0
17.03.2025;07:50;A 93;1;0;0;0;0;0;0;0;0
17.03.2025;07:49;A 93;1;0;0;0;0;0;0;0;0
17.03.2025;07:48;A 93;1;0;0;0;0;1;1;0;0
17.03.2025;07:47;A 93;1;0;0;0;0;0;0;0;0
17.03.2025;07:46;A 93;1;0;0;0;0;0;0;0;0
17.03.2025;07:45;A 93;1;0;0;0;0;0;0;0;0
17.03.2025;07:44;A 93;1;0;0;0;0;0;0;0;0
17.03.2025;07:43;A 93;1;1;1;0;0;0;0;0;0
17.03.2025;07:42;A 93;1;0;0;0;0;0;0;0;0
17.03.2025;07:41;A 93;1;0;0;0;0;0;0;0;0
17.03.2025;07:40;A 93;1;0;0;0;0;0;0;0;0
17.03.2025;07:39;A 93;1;0;0;0;0;0;0;0;0
17.03.2025;07:38;A 93;1;0;0;0;0;0;0;0;0
17.03.2025;07:37;A 93;1;0;0;0;0;0;0;0;0
17.03.2025;07:36;A 93;1;0;0;0;0;0;0;0;0
17.03.2025;07:35;A 93;1;0;0;0;0;0;0;0;0
17.03.2025;07:34;A 93;1;0;0;0;0;0;0;0;0
17.03.2025;07:33;A 93;1;0;0;0;0;0;0;1;1
17.03.2025;07:32;A 93;1;0;0;0;0;0;0;0;0
17.03.2025;07:31;A 93;1;0;0;0;0;0;0;0;0
17.03.2025;07:30;A 93;1;0;0;0;0;0;0;0;0
17.03.2025;07:29;A 93;1;0;0;0;0;0;0;0;0
17.03.2025;07:28;A 93;1;0;0;0;0;0;0;0;0
17.03.2025;07:27;A 93;1;0;0;0;0;0;0;0;0
17.03.2025;07:26;A 93;1;1;1;1;1;1;1;1;1
17.03.2025;07:25;A 93;1;0;0;0;0;0;0;0;0
17.03.2025;07:24;A 93;1;0;0;0;0;0;0;0;0
17.03.2025;07:23;A 93;1;0;0;0;0;0;0;2;5
17.03.2025;07:22;A 93;1;0;0;0;0;0;0;0;0
17.03.2025;07:21;A 93;1;0;0;0;0;0;0;0;0
17.03.2025;07:20;A 93;1;0;0;0;0;0;0;0;0
17.03.2025;07:19;A 93;1;0;0;0;0;0;0;0;0
17.03.2025;07:18;A 93;1;0;0;0;0;0;0;0;0
17.03.2025;07:17;A 93;1;0;0;0;0;0;0;0;0
17.03.2025;07:16;A 93;1;0;0;0;0;0;0;0;0
17.03.2025;07:15;A 93;1;0;0;0;0;0;0;0;0
17.03.2025;07:14;A 93;1;0;0;0;0;0;0;0;0
17.03.2025;07:13;A 93;1;0;0;0;0;0;0;0;0
17.03.2025;07:12;A 93;1;0;0;0;0;0;0;0;0
17.03.2025;07:11;A 93;1;0;0;0;0;1;1;1;1
17.03.2025;07:10;A 93;1;0;0;0;0;0;0;0;0
17.03.2025;07:09;A 93;1;0;0;0;0;0;0;0;0
17.03.2025;07:08;A 93;1;0;0;0;0;0;0;0;0
17.03.2025;07:07;A 93;1;0;0;0;0;0;0;0;0
17.03.2025;07:06;A 93;1;0;0;0;0;0;0;0;0
17.03.2025;07:05;A 93;1;0;0;0;0;1;1;1;1
17.03.2025;07:04;A 93;1;0;0;0;0;1;1;1;1
17.03.2025;07:03;A 93;1;0;0;0;0;1;1;1;1
17.03.2025;07:02;A 93;1;0;0;0;0;0;0;0;0
17.03.2025;07:01;A 93;1;0;0;0;0;0;0;0;0
17.03.2025;07:00;A 93;1;0;0;0;0;0;0;0;0
17.03.2025;06:59;A 93;1;0;0;0;0;0;0;0;0
17.03.2025;06:58;A 93;1;0;0;0;0;0;0;0;0
17.03.2025;06:57;A 93;1;0;0;0;0;0;0;0;0
17.03.2025;06:56;A 93;1;0;0;0;0;0;0;0;0
17.03.2025;06:55;A 93;1;0;0;0;0;0;0;0;0
17.03.2025;06:54;A 93;1;0;0;0;0;0;0;0;0
17.03.2025;06:53;A 93;1;0;0;0;0;0;0;0;0
17.03.2025;06:52;A 93;1;0;0;0;0;0;0;0;0
17.03.2025;06:51;A 93;1;0;0;0;0;0;0;0;0
17.03.2025;06:49;A 93;1;0;0;0;0;0;0;0;0
17.03.2025;06:48;A 93;1;0;0;0;0;0;0;0;0
17.03.2025;06:47;A 93;1;0;0;0;0;0;0;0;0
17.03.2025;06:46;A 93;1;0;0;0;0;0;0;0;0
17.03.2025;06:45;A 93;1;0;0;0;0;0;0;0;0
17.03.2025;06:44;A 93;1;0;0;0;0;0;0;0;0
17.03.2025;06:43;A 93;1;0;0;0;0;0;0;0;0
17.03.2025;06:42;A 93;1;0;0;0;0;0;0;0;0
17.03.2025;06:41;A 93;1;0;0;0;0;0;0;0;0
17.03.2025;06:40;A 93;1;0;0;0;0;0;0;0;0
17.03.2025;06:39;A 93;1;0;0;0;0;0;0;0;0
17.03.2025;06:38;A 93;1;0;0;0;0;0;0;0;0
17.03.2025;06:37;A 93;1;0;0;0;0;0;0;0;0
17.03.2025;06:36;A 93;1;0;0;0;0;0;0;0;0
17.03.2025;06:35;A 93;1;0;0;0;0;0;0;0;0
17.03.2025;06:34;A 93;1;0;0;0;0;0;0;0;0
17.03.2025;06:33;A 93;1;0;0;0;0;0;0;0;0
17.03.2025;06:32;A 93;1;0;0;0;0;0;0;0;0
17.03.2025;06:31;A 93;1;0;0;0;0;0;0;0;0
17.03.2025;06:30;A 93;1;0;0;0;0;0;0;0;0
17.03.2025;06:29;A 93;1;0;0;0;0;0;0;0;0
17.03.2025;06:28;A 93;1;0;0;0;0;0;0;0;0
17.03.2025;06:27;A 93;1;0;0;0;0;0;0;0;0
17.03.2025;06:26;A 93;1;0;0;0;0;0;0;0;0
17.03.2025;06:25;A 93;1;0;0;0;0;0;0;0;0
17.03.2025;06:24;A 93;1;0;0;0;0;0;0;0;0
17.03.2025;06:23;A 93;1;0;0;0;0;0;0;0;0
17.03.2025;06:22;A 93;1;0;0;0;0;0;0;0;0
17.03.2025;06:21;A 93;1;0;0;0;0;0;0;0;0
17.03.2025;06:20;A 93;1;0;0;0;0;0;0;0;0
17.03.2025;06:19;A 93;1;0;0;0;0;0;0;0;0
17.03.2025;06:18;A 93;1;0;0;0;0;0;0;0;0
17.03.2025;06:17;A 93;1;0;0;0;0;0;0;0;0
17.03.2025;06:16;A 93;1;0;0;0;0;0;0;0;0
17.03.2025;06:15;A 93;1;0;0;0;0;0;0;0;0
17.03.2025;06:14;A 93;1;0;0;0;0;0;0;0;0
17.03.2025;06:13;A 93;1;0;0;0;0;0;0;0;0
17.03.2025;06:12;A 93;1;0;0;0;0;0;0;0;0
17.03.2025;06:11;A 93;1;0;0;0;0;0;0;0;0
17.03.2025;06:10;A 93;1;0;0;0;0;0;0;0;0
17.03.2025;06:09;A 93;1;0;0;0;0;0;0;0;0
17.03.2025;06:08;A 93;1;0;0;0;0;0;0;0;0
17.03.2025;06:07;A 93;1;0;0;0;0;0;0;0;0
17.03.2025;06:06;A 93;1;0;0;0;0;0;0;0;0
17.03.2025;06:05;A 93;1;0;0;0;0;0;0;0;0
17.03.2025;06:04;A 93;1;0;0;0;0;0;0;0;0
17.03.2025;06:03;A 93;1;0;0;0;0;0;0;0;0
17.03.2025;06:02;A 93;1;0;0;0;0;0;0;0;0
17.03.2025;06:01;A 93;1;0;0;0;0;0;0;0;0
17.03.2025;06:00;A 93;1;0;0;0;0;0;0;0;0
17.03.2025;05:59;A 93;1;0;0;0;0;0;0;0;0
17.03.2025;05:58;A 93;1;0;0;0;0;0;0;0;0
17.03.2025;05:57;A 93;1;0;0;0;0;0;0;0;0
17.03.2025;05:56;A 93;1;0;0;0;0;0;0;0;0
17.03.2025;05:55;A 93;1;0;0;0;0;0;0;0;0
17.03.2025;05:54;A 93;1;0;0;0;0;0;0;0;0
17.03.2025;05:53;A 93;1;0;0;0;0;0;0;0;0
17.03.2025;05:52;A 93;1;0;0;0;0;0;0;0;0
17.03.2025;05:51;A 93;1;0;0;0;0;0;0;0;0
17.03.2025;05:50;A 93;1;0;0;0;0;0;0;0;0
17.03.2025;05:49;A 93;1;0;0;0;0;0;0;0;0
17.03.2025;05:48;A 93;1;0;0;0;0;0;0;0;0
17.03.2025;05:47;A 93;1;0;0;0;0;0;0;0;0
17.03.2025;05:46;A 93;1;0;0;0;0;0;0;0;0
17.03.2025;05:45;A 93;1;0;0;0;0;0;0;0;0
17.03.2025;05:44;A 93;1;0;0;0;0;0;0;0;0
17.03.2025;05:43;A 93;1;0;0;0;0;0;0;0;0
17.03.2025;05:42;A 93;1;0;0;0;0;0;0;0;0
17.03.2025;05:41;A 93;1;0;0;0;0;0;0;0;0
17.03.2025;05:40;A 93;1;0;0;0;0;0;0;0;0
17.03.2025;05:39;A 93;1;0;0;0;0;0;0;0;0
17.03.2025;05:38;A 93;1;0;0;0;0;0;0;0;0
17.03.2025;05:37;A 93;1;0;0;0;0;0;0;0;0
17.03.2025;05:36;A 93;1;0;0;0;0;0;0;0;0
17.03.2025;05:35;A 93;1;0;0;0;0;0;0;0;0
17.03.2025;05:34;A 93;1;0;0;0;0;0;0;0;0
17.03.2025;05:33;A 93;1;0;0;0;0;0;0;0;0
17.03.2025;05:32;A 93;1;0;0;0;0;0;0;0;0
17.03.2025;05:31;A 93;1;0;0;0;0;0;0;0;0
17.03.2025;05:30;A 93;1;0;0;0;0;0;0;0;0
17.03.2025;05:29;A 93;1;0;0;0;0;0;0;0;0
17.03.2025;05:28;A 93;1;0;0;0;0;0;0;0;0
17.03.2025;05:27;A 93;1;0;0;0;0;0;0;0;0
17.03.2025;05:26;A 93;1;0;0;0;0;0;0;0;0
17.03.2025;05:25;A 93;1;0;0;0;0;0;0;0;0
17.03.2025;05:24;A 93;1;0;0;0;0;0;0;0;0
17.03.2025;05:23;A 93;1;0;0;0;0;0;0;0;0
17.03.2025;05:22;A 93;1;0;0;0;0;0;0;0;0
17.03.2025;05:21;A 93;1;0;0;0;0;0;0;0;0
17.03.2025;05:20;A 93;1;0;0;0;0;0;0;0;0
17.03.2025;05:19;A 93;1;0;0;0;0;0;0;0;0
17.03.2025;05:18;A 93;1;0;0;0;0;0;0;0;0
17.03.2025;05:17;A 93;1;0;0;0;0;0;0;0;0
17.03.2025;05:16;A 93;1;0;0;0;0;0;0;0;0
17.03.2025;05:15;A 93;1;0;0;0;0;0;0;0;0
17.03.2025;05:14;A 93;1;0;0;0;0;0;0;0;0
17.03.2025;05:13;A 93;1;0;0;0;0;0;0;0;0
17.03.2025;05:12;A 93;1;0;0;0;0;0;0;0;0
17.03.2025;05:11;A 93;1;0;0;0;0;0;0;0;0
17.03.2025;05:10;A 93;1;0;0;0;0;0;0;0;0
17.03.2025;05:09;A 93;1;0;0;0;0;0;0;0;0
17.03.2025;05:08;A 93;1;0;0;0;0;0;0;0;0
17.03.2025;05:07;A 93;1;0;0;0;0;0;0;0;0
17.03.2025;05:06;A 93;1;0;0;0;0;0;0;0;0
17.03.2025;05:05;A 93;1;0;0;0;0;0;0;0;0
17.03.2025;05:04;A 93;1;0;0;0;0;0;0;0;0
17.03.2025;05:03;A 93;1;0;0;0;0;0;0;0;0
17.03.2025;05:02;A 93;1;0;0;0;0;0;0;0;0
17.03.2025;05:01;A 93;1;0;0;0;0;0;0;0;0
17.03.2025;05:00;A 93;1;0;0;0;0;0;0;0;0
17.03.2025;04:59;A 93;1;0;0;0;0;0;0;0;0
17.03.2025;04:58;A 93;1;0;0;0;0;0;0;0;0
17.03.2025;04:57;A 93;1;0;0;0;0;0;0;0;0
17.03.2025;04:56;A 93;1;0;0;0;0;0;0;0;0
17.03.2025;04:55;A 93;1;0;0;0;0;0;0;0;0
17.03.2025;04:54;A 93;1;0;0;0;0;0;0;0;0
17.03.2025;04:53;A 93;1;0;0;0;0;0;0;0;0
17.03.2025;04:52;A 93;1;0;0;0;0;0;0;0;0
17.03.2025;04:51;A 93;1;0;0;0;0;0;0;0;0
17.03.2025;04:50;A 93;1;0;0;0;0;0;0;0;0
17.03.2025;04:49;A 93;1;0;0;0;0;0;0;0;0
17.03.2025;04:48;A 93;1;0;0;0;0;0;0;0;0
17.03.2025;04:47;A 93;1;0;0;0;0;0;0;0;0
17.03.2025;04:46;A 93;1;0;0;0;0;0;0;0;0
17.03.2025;04:45;A 93;1;0;0;0;0;0;0;0;0
17.03.2025;04:44;A 93;1;0;0;0;0;0;0;0;0
17.03.2025;04:43;A 93;1;0;0;0;0;0;0;0;0
17.03.2025;04:42;A 93;1;0;0;0;0;0;0;0;0
17.03.2025;04:41;A 93;1;0;0;0;0;0;0;0;0
17.03.2025;04:40;A 93;1;0;0;0;0;0;0;0;0
17.03.2025;04:39;A 93;1;0;0;0;0;0;0;0;0
17.03.2025;04:38;A 93;1;0;0;0;0;0;0;0;0
17.03.2025;04:37;A 93;1;0;0;0;0;0;0;0;0
17.03.2025;04:36;A 93;1;0;0;0;0;0;0;0;0
17.03.2025;04:35;A 93;1;0;0;0;0;0;0;0;0
17.03.2025;04:34;A 93;1;0;0;0;0;0;0;0;0
17.03.2025;04:33;A 93;1;0;0;0;0;0;0;0;0
17.03.2025;04:32;A 93;1;0;0;0;0;0;0;0;0
17.03.2025;04:31;A 93;1;0;0;0;0;0;0;0;0
17.03.2025;04:30;A 93;1;0;0;0;0;0;0;0;0
17.03.2025;04:29;A 93;1;0;0;0;0;0;0;0;0
17.03.2025;04:28;A 93;1;0;0;0;0;0;0;0;0
17.03.2025;04:27;A 93;1;0;0;0;0;0;0;0;0
17.03.2025;04:26;A 93;1;0;0;0;0;0;0;0;0
17.03.2025;04:25;A 93;1;0;0;0;0;0;0;0;0
17.03.2025;04:24;A 93;1;0;0;0;0;0;0;0;0
17.03.2025;04:23;A 93;1;0;0;0;0;0;0;0;0
17.03.2025;04:22;A 93;1;0;0;0;0;0;0;0;0
17.03.2025;04:21;A 93;1;0;0;0;0;0;0;0;0
17.03.2025;04:20;A 93;1;0;0;0;0;0;0;0;0
17.03.2025;04:19;A 93;1;0;0;0;0;0;0;0;0
17.03.2025;04:18;A 93;1;0;0;0;0;0;0;0;0
17.03.2025;04:17;A 93;1;0;0;0;0;0;0;0;0
17.03.2025;04:16;A 93;1;0;0;0;0;0;0;0;0
17.03.2025;04:15;A 93;1;0;0;0;0;0;0;0;0
17.03.2025;04:14;A 93;1;0;0;0;0;0;0;0;0
17.03.2025;04:13;A 93;1;0;0;0;0;0;0;0;0
17.03.2025;04:12;A 93;1;0;0;0;0;0;0;0;0
17.03.2025;04:11;A 93;1;0;0;0;0;0;0;0;0
17.03.2025;04:10;A 93;1;0;0;0;0;0;0;0;0
17.03.2025;04:09;A 93;1;0;0;0;0;0;0;0;0
17.03.2025;04:08;A 93;1;0;0;0;0;0;0;0;0
17.03.2025;04:07;A 93;1;0;0;0;0;0;0;0;0
17.03.2025;04:06;A 93;1;0;0;0;0;0;0;0;0
17.03.2025;04:05;A 93;1;0;0;0;0;0;0;0;0
17.03.2025;04:04;A 93;1;0;0;0;0;0;0;0;0
17.03.2025;04:03;A 93;1;0;0;0;0;0;0;0;0
17.03.2025;04:02;A 93;1;0;0;0;0;0;0;0;0
17.03.2025;04:01;A 93;1;0;0;0;0;0;0;0;0
17.03.2025;04:00;A 93;1;0;0;0;0;0;0;0;0
17.03.2025;03:59;A 93;1;0;0;0;0;0;0;0;0
17.03.2025;03:58;A 93;1;0;0;0;0;0;0;0;0
17.03.2025;03:57;A 93;1;0;0;0;0;0;0;0;0
17.03.2025;03:56;A 93;1;0;0;0;0;0;0;0;0
17.03.2025;03:55;A 93;1;0;0;0;0;0;0;0;0
17.03.2025;03:54;A 93;1;0;0;0;0;0;0;0;0
17.03.2025;03:53;A 93;1;0;0;0;0;0;0;0;0
17.03.2025;03:52;A 93;1;0;0;0;0;0;0;0;0
17.03.2025;03:51;A 93;1;0;0;0;0;0;0;0;0
17.03.2025;03:50;A 93;1;0;0;0;0;0;0;0;0
17.03.2025;03:49;A 93;1;0;0;0;0;0;0;0;0
17.03.2025;03:48;A 93;1;0;0;0;0;0;0;0;0
17.03.2025;03:47;A 93;1;0;0;0;0;0;0;0;0
17.03.2025;03:46;A 93;1;0;0;0;0;0;0;0;0
17.03.2025;03:45;A 93;1;0;0;0;0;0;0;0;0
17.03.2025;03:44;A 93;1;0;0;0;0;0;0;0;0
17.03.2025;03:43;A 93;1;0;0;0;0;0;0;0;0
17.03.2025;03:42;A 93;1;0;0;0;0;0;0;0;0
17.03.2025;03:41;A 93;1;0;0;0;0;0;0;0;0
17.03.2025;03:40;A 93;1;0;0;0;0;0;0;0;0
17.03.2025;03:39;A 93;1;0;0;0;0;0;0;0;0
17.03.2025;03:38;A 93;1;0;0;0;0;0;0;0;0
17.03.2025;03:37;A 93;1;0;0;0;0;0;0;0;0
17.03.2025;03:36;A 93;1;0;0;0;0;0;0;0;0
17.03.2025;03:35;A 93;1;0;0;0;0;0;0;0;0
17.03.2025;03:34;A 93;1;0;0;0;0;0;0;0;0
17.03.2025;03:33;A 93;1;0;0;0;0;0;0;0;0
17.03.2025;03:32;A 93;1;0;0;0;0;0;0;0;0
17.03.2025;03:31;A 93;1;0;0;0;0;0;0;0;0
17.03.2025;03:30;A 93;1;0;0;0;0;0;0;0;0
17.03.2025;03:29;A 93;1;0;0;0;0;0;0;0;0
17.03.2025;03:28;A 93;1;0;0;0;0;0;0;0;0
17.03.2025;03:27;A 93;1;0;0;0;0;0;0;0;0
17.03.2025;03:26;A 93;1;0;0;0;0;0;0;0;0
17.03.2025;03:25;A 93;1;0;0;0;0;0;0;0;0
17.03.2025;03:24;A 93;1;0;0;0;0;0;0;0;0
17.03.2025;03:23;A 93;1;0;0;0;0;0;0;0;0
17.03.2025;03:22;A 93;1;0;0;0;0;0;0;0;0
17.03.2025;03:21;A 93;1;0;0;0;0;0;0;0;0
17.03.2025;03:20;A 93;1;0;0;0;0;0;0;0;0
17.03.2025;03:19;A 93;1;0;0;0;0;0;0;0;0
17.03.2025;03:18;A 93;1;0;0;0;0;0;0;0;0
17.03.2025;03:17;A 93;1;0;0;0;0;0;0;0;0
17.03.2025;03:16;A 93;1;0;0;0;0;0;0;0;0
17.03.2025;03:15;A 93;1;0;0;0;0;0;0;0;0
17.03.2025;03:14;A 93;1;0;0;0;0;0;0;0;0
17.03.2025;03:13;A 93;1;0;0;0;0;0;0;0;0
17.03.2025;03:12;A 93;1;0;0;0;0;0;0;0;0
17.03.2025;03:11;A 93;1;0;0;0;0;0;0;0;0
17.03.2025;03:10;A 93;1;0;0;0;0;0;0;0;0
17.03.2025;03:09;A 93;1;0;0;0;0;0;0;0;0
17.03.2025;03:08;A 93;1;0;0;0;0;0;0;0;0
17.03.2025;03:07;A 93;1;0;0;0;0;0;0;0;0
17.03.2025;03:06;A 93;1;0;0;0;0;0;0;0;0
17.03.2025;03:05;A 93;1;0;0;0;0;0;0;0;0
17.03.2025;03:04;A 93;1;0;0;0;0;0;0;0;0
17.03.2025;03:03;A 93;1;0;0;0;0;0;0;0;0
17.03.2025;03:02;A 93;1;0;0;0;0;0;0;0;0
17.03.2025;03:01;A 93;1;0;0;0;0;0;0;0;0
17.03.2025;03:00;A 93;1;0;0;0;0;0;0;0;0
17.03.2025;02:59;A 93;1;0;0;0;0;0;0;0;0
17.03.2025;02:58;A 93;1;0;0;0;0;0;0;0;0
17.03.2025;02:57;A 93;1;0;0;0;0;0;0;0;0
17.03.2025;02:56;A 93;1;0;0;0;0;0;0;0;0
17.03.2025;02:55;A 93;1;0;0;0;0;0;0;0;0
17.03.2025;02:54;A 93;1;0;0;0;0;0;0;0;0
17.03.2025;02:53;A 93;1;0;0;0;0;0;0;0;0
17.03.2025;02:52;A 93;1;0;0;0;0;0;0;0;0
17.03.2025;02:51;A 93;1;0;0;0;0;0;0;0;0
17.03.2025;02:50;A 93;1;0;0;0;0;0;0;0;0
17.03.2025;02:49;A 93;1;0;0;0;0;0;0;0;0
17.03.2025;02:48;A 93;1;0;0;0;0;0;0;0;0
17.03.2025;02:47;A 93;1;0;0;0;0;0;0;0;0
17.03.2025;02:46;A 93;1;0;0;0;0;0;0;0;0
17.03.2025;02:45;A 93;1;0;0;0;0;0;0;0;0
17.03.2025;02:44;A 93;1;0;0;0;0;0;0;0;0
17.03.2025;02:43;A 93;1;0;0;0;0;0;0;0;0
17.03.2025;02:42;A 93;1;0;0;0;0;0;0;0;0
17.03.2025;02:41;A 93;1;0;0;0;0;0;0;0;0
17.03.2025;02:40;A 93;1;0;0;0;0;0;0;0;0
17.03.2025;02:39;A 93;1;0;0;0;0;0;0;0;0
17.03.2025;02:38;A 93;1;0;0;0;0;0;0;0;0
17.03.2025;02:37;A 93;1;0;0;0;0;0;0;0;0
17.03.2025;02:36;A 93;1;0;0;0;0;0;0;0;0
17.03.2025;02:35;A 93;1;0;0;0;0;0;0;0;0
17.03.2025;02:34;A 93;1;0;0;0;0;0;0;0;0
17.03.2025;02:33;A 93;1;0;0;0;0;0;0;0;0
17.03.2025;02:32;A 93;1;0;0;0;0;0;0;0;0
17.03.2025;02:31;A 93;1;0;0;0;0;0;0;0;0
17.03.2025;02:30;A 93;1;0;0;0;0;0;0;0;0
17.03.2025;02:29;A 93;1;0;0;0;0;0;0;0;0
17.03.2025;02:28;A 93;1;0;0;0;0;0;0;0;0
17.03.2025;02:27;A 93;1;0;0;0;0;0;0;0;0
17.03.2025;02:26;A 93;1;0;0;0;0;0;0;0;0
17.03.2025;02:25;A 93;1;0;0;0;0;0;0;0;0
17.03.2025;02:24;A 93;1;0;0;0;0;0;0;0;0
17.03.2025;02:23;A 93;1;0;0;0;0;0;0;0;0
17.03.2025;02:22;A 93;1;0;0;0;0;0;0;0;0
17.03.2025;02:21;A 93;1;0;0;0;0;0;0;0;0
17.03.2025;02:20;A 93;1;0;0;0;0;0;0;0;0
17.03.2025;02:19;A 93;1;0;0;0;0;0;0;0;0
17.03.2025;02:18;A 93;1;0;0;0;0;0;0;0;0
17.03.2025;02:17;A 93;1;0;0;0;0;0;0;0;0
17.03.2025;02:16;A 93;1;0;0;0;0;0;0;0;0
17.03.2025;02:15;A 93;1;0;0;0;0;0;0;0;0
17.03.2025;02:14;A 93;1;0;0;0;0;0;0;0;0
17.03.2025;02:13;A 93;1;0;0;0;0;0;0;0;0
17.03.2025;02:12;A 93;1;0;0;0;0;0;0;0;0
17.03.2025;02:11;A 93;1;0;0;0;0;0;0;0;0
17.03.2025;02:10;A 93;1;0;0;0;0;0;0;0;0
17.03.2025;02:09;A 93;1;0;0;0;0;0;0;0;0
17.03.2025;02:08;A 93;1;0;0;0;0;0;0;0;0
17.03.2025;02:07;A 93;1;0;0;0;0;0;0;0;0
17.03.2025;02:06;A 93;1;0;0;0;0;0;0;0;0
17.03.2025;02:05;A 93;1;0;0;0;0;0;0;0;0
17.03.2025;02:04;A 93;1;0;0;0;0;0;0;0;0
17.03.2025;02:03;A 93;1;0;0;0;0;0;0;0;0
17.03.2025;02:02;A 93;1;0;0;0;0;0;0;0;0
17.03.2025;02:01;A 93;1;0;0;0;0;0;0;0;0
17.03.2025;02:00;A 93;1;0;0;0;0;0;0;0;0
17.03.2025;01:59;A 93;1;0;0;0;0;0;0;0;0
17.03.2025;01:58;A 93;1;0;0;0;0;0;0;0;0
17.03.2025;01:57;A 93;1;0;0;0;0;0;0;0;0
17.03.2025;01:56;A 93;1;0;0;0;0;0;0;0;0
17.03.2025;01:55;A 93;1;0;0;0;0;0;0;0;0
17.03.2025;01:54;A 93;1;0;0;0;0;0;0;0;0
17.03.2025;01:53;A 93;1;0;0;0;0;0;0;0;0
17.03.2025;01:52;A 93;1;0;0;0;0;0;0;0;0
17.03.2025;01:51;A 93;1;0;0;0;0;0;0;0;0
17.03.2025;01:50;A 93;1;0;0;0;0;0;0;0;0
17.03.2025;01:49;A 93;1;0;0;0;0;0;0;0;0
17.03.2025;01:48;A 93;1;0;0;0;0;0;0;0;0
17.03.2025;01:47;A 93;1;0;0;0;0;0;0;0;0
17.03.2025;01:46;A 93;1;0;0;0;0;0;0;0;0
17.03.2025;01:45;A 93;1;0;0;0;0;0;0;0;0
17.03.2025;01:44;A 93;1;0;0;0;0;0;0;0;0
17.03.2025;01:43;A 93;1;0;0;0;0;0;0;0;0
17.03.2025;01:42;A 93;1;0;0;0;0;0;0;0;0
17.03.2025;01:41;A 93;1;0;0;0;0;0;0;0;0
17.03.2025;01:40;A 93;1;0;0;0;0;0;0;0;0
17.03.2025;01:39;A 93;1;0;0;0;0;0;0;0;0
17.03.2025;01:38;A 93;1;0;0;0;0;0;0;0;0
17.03.2025;01:37;A 93;1;0;0;0;0;0;0;0;0
17.03.2025;01:36;A 93;1;0;0;0;0;0;0;0;0
17.03.2025;01:35;A 93;1;0;0;0;0;0;0;0;0
17.03.2025;01:34;A 93;1;0;0;0;0;0;0;0;0
17.03.2025;01:33;A 93;1;0;0;0;0;0;0;0;0
17.03.2025;01:32;A 93;1;0;0;0;0;0;0;0;0
17.03.2025;01:31;A 93;1;0;0;0;0;0;0;0;0
17.03.2025;01:30;A 93;1;0;0;0;0;0;0;0;0
17.03.2025;01:29;A 93;1;0;0;0;0;0;0;0;0
17.03.2025;01:28;A 93;1;0;0;0;0;0;0;0;0
17.03.2025;01:27;A 93;1;0;0;0;0;0;0;0;0
17.03.2025;01:26;A 93;1;0;0;0;0;0;0;0;0
17.03.2025;01:25;A 93;1;0;0;0;0;0;0;0;0
17.03.2025;01:24;A 93;1;0;0;0;0;0;0;0;0
17.03.2025;01:23;A 93;1;0;0;0;0;0;0;0;0
17.03.2025;01:22;A 93;1;0;0;0;0;0;0;0;0
17.03.2025;01:21;A 93;1;0;0;0;0;0;0;0;0
17.03.2025;01:20;A 93;1;0;0;0;0;0;0;0;0
17.03.2025;01:19;A 93;1;0;0;0;0;0;0;0;0
17.03.2025;01:18;A 93;1;0;0;0;0;0;0;0;0
17.03.2025;01:17;A 93;1;0;0;0;0;0;0;0;0
17.03.2025;01:16;A 93;1;0;0;0;0;0;0;0;0
17.03.2025;01:15;A 93;1;0;0;0;0;0;0;0;0
17.03.2025;01:14;A 93;1;0;0;0;0;0;0;0;0
17.03.2025;01:13;A 93;1;0;0;0;0;0;0;0;0
17.03.2025;01:12;A 93;1;0;0;0;0;0;0;0;0
17.03.2025;01:11;A 93;1;0;0;0;0;0;0;0;0
17.03.2025;01:10;A 93;1;0;0;0;0;0;0;0;0
17.03.2025;01:09;A 93;1;0;0;0;0;0;0;0;0
17.03.2025;01:08;A 93;1;0;0;0;0;0;0;0;0
17.03.2025;01:07;A 93;1;0;0;0;0;0;0;0;0
17.03.2025;01:06;A 93;1;0;0;0;0;0;0;0;0
17.03.2025;01:05;A 93;1;0;0;0;0;0;0;0;0
17.03.2025;01:04;A 93;1;0;0;0;0;0;0;0;0
17.03.2025;01:03;A 93;1;0;0;0;0;0;0;0;0
17.03.2025;01:02;A 93;1;0;0;0;0;0;0;0;0
17.03.2025;01:01;A 93;1;0;0;0;0;0;0;0;0
17.03.2025;01:00;A 93;1;0;0;0;0;0;0;0;0
