Datum;Uhrzeit;Bezeichnung;Intervall;D21Z;D21B;V22Z;V22B;D31_1Z;D31_1B;D31_2Z;D31_2B;V32Z;V32B;D51Z;D51B;D52Z;D52B;D53Z;D53B;V54Z;V54B;V55Z;V55B;V56Z;V56B;D61Z;D61B;D62Z;D62B;D81Z;D81B;D82Z;D82B;V83Z;V83B;V84Z;V84B;D91_1Z;D91_1B;D91_2Z;D91_2B;V92Z;V92B;D111Z;D111B;D112Z;D112B;V113Z;V113B;V114Z;V114B;D121Z;D121B;V122Z;V122B;T1_sZ;T1_sB;T1_bZ;T1_bB;T2_sZ;T2_sB;T2_bZ;T2_bB;T3_sZ;T3_sB;T3_bZ;T3_bB;T4a_sZ;T4a_sB;T4a_bZ;T4a_bB;T4b_sZ;T4b_sB;T4b_bZ;T4b_bB;T5_sZ;T5_sB;T5_bZ;T5_bB;T6_sZ;T6_sB;T6_bZ;T6_bB;T7_sZ;T7_sB;T7_bZ;T7_bB;T8_sZ;T8_sB;T8_bZ;T8_bB;T9a_sZ;T9a_sB;T9a_bZ;T9a_bB;T9b_sZ;T9b_sB;T9b_bZ;T9b_bB;T10_sZ;T10_sB;T10_bZ;T10_bB;ST52Z;ST52B;V1_i_OZ;V1_i_OB;V2_i_OZ;V2_i_OB;V3_i_OZ;V3_i_OB;V4_i_OZ;V4_i_OB
15.05.2024;02:00;A147;1;0;0;0;0;0;0;0;0;0;0;0;0;0;0;1;0;0;0;0;0;1;3;0;0;0;0;0;0;0;0;0;0;0;0;0;0;0;0;0;0;1;6;0;0;2;11;0;0;0;0;0;0;0;0;0;0;0;0;0;0;0;0;0;0;0;0;0;0;0;0;0;0;0;0;0;0;0;0;0;0;0;0;0;0;0;0;0;0;0;0;0;0;0;0;0;0;0;0;0;0;0;0;0;0;0;0;0;0;0;0
15.05.2024;01:59;A147;1;1;22;1;9;0;0;0;0;0;0;0;0;1;0;0;0;0;0;1;1;0;0;0;0;0;0;0;0;0;0;0;0;0;0;0;0;0;0;0;0;1;1;0;0;2;3;0;0;0;0;0;0;0;0;0;0;0;0;0;0;0;0;0;0;0;0;0;0;0;0;0;0;0;0;0;0;0;0;0;0;0;0;0;0;0;0;0;0;0;0;0;0;0;0;0;0;0;0;0;0;0;0;0;0;0;0;0;0;0;0
15.05.2024;01:58;A147;1;0;0;0;0;0;0;0;0;0;0;0;0;0;0;0;0;0;0;0;0;0;0;0;0;0;0;0;0;0;0;0;0;0;0;0;0;0;0;0;0;1;2;1;0;1;4;0;0;0;0;0;0;0;0;0;0;0;0;0;0;0;0;0;0;0;0;0;0;0;0;0;0;0;0;0;0;0;0;0;0;0;0;0;0;0;0;0;0;0;0;0;0;0;0;0;0;0;0;0;0;0;0;0;0;0;0;0;0;0;0
15.05.2024;01:57;A147;1;0;0;0;0;0;0;0;0;0;0;0;0;1;2;0;0;1;1;1;3;0;0;0;0;0;0;0;0;0;0;0;0;0;0;0;0;0;0;0;0;1;0;0;0;1;1;0;0;0;0;0;0;0;0;0;0;0;0;0;0;0;0;0;0;0;0;0;0;0;0;0;0;0;0;0;0;0;0;0;0;0;0;0;0;0;0;0;0;0;0;0;0;0;0;0;0;0;0;0;0;0;0;0;0;0;0;0;0;0;0
15.05.2024;01:56;A147;1;0;0;0;0;0;0;0;0;0;0;0;0;0;0;0;0;0;0;0;0;0;0;0;0;0;0;0;0;0;0;0;0;0;0;0;0;0;0;0;0;0;0;0;0;0;0;0;0;0;0;0;0;0;0;0;0;0;0;0;0;0;0;0;0;0;0;0;0;0;0;0;0;0;0;0;0;0;0;0;0;0;0;0;0;0;0;0;0;0;0;0;0;0;0;0;0;0;0;0;0;0;0;0;0;0;0;0;0;0;0
15.05.2024;01:55;A147;1;0;0;0;0;0;0;0;0;0;0;0;0;0;0;0;0;0;0;0;0;0;0;1;20;1;4;0;0;0;0;0;0;0;0;0;0;0;0;0;0;1;0;0;0;1;2;0;0;0;0;0;0;0;0;0;0;0;0;0;0;0;0;0;0;0;0;0;0;0;0;0;0;0;0;0;0;0;0;0;0;0;0;0;0;0;0;0;0;0;0;0;0;0;0;0;0;0;0;0;0;0;0;0;0;0;0;0;0;0;0
15.05.2024;01:54;A147;1;0;0;0;0;0;0;0;0;0;0;0;0;0;0;0;0;0;0;0;0;0;0;0;0;0;0;0;0;0;0;0;0;0;0;0;0;0;0;0;0;0;0;0;0;0;0;0;0;0;0;0;0;0;0;0;0;0;0;0;0;0;0;0;0;0;0;0;0;0;0;0;0;0;0;0;0;0;0;0;0;0;0;0;0;0;0;0;0;0;0;0;0;0;0;0;0;0;0;0;0;0;0;0;0;0;0;0;0;0;0
15.05.2024;01:53;A147;1;0;0;0;0;0;0;0;0;0;0;0;0;1;2;0;0;1;1;2;4;0;0;0;0;0;0;0;0;0;0;0;0;0;0;0;0;0;0;0;0;0;0;0;0;0;0;0;0;0;0;0;0;0;0;0;0;0;0;0;0;0;0;0;0;0;0;0;0;0;0;0;0;0;0;0;0;0;0;0;0;0;0;0;0;0;0;0;0;0;0;0;0;0;0;0;0;0;0;0;0;0;0;0;0;0;0;0;0;0;0
15.05.2024;01:52;A147;1;0;0;0;0;0;0;0;0;0;0;0;0;0;0;0;0;0;0;0;0;0;0;0;0;0;0;0;0;0;0;0;0;0;0;0;0;0;0;0;0;0;0;0;0;0;0;0;0;0;0;0;0;0;0;0;0;0;0;0;0;0;0;0;0;0;0;0;0;0;0;0;0;0;0;0;0;0;0;0;0;0;0;0;0;0;0;0;0;0;0;0;0;0;0;0;0;0;0;0;0;0;0;0;0;0;0;0;0;0;0
15.05.2024;01:51;A147;1;0;0;0;0;0;0;0;0;0;0;0;0;0;0;0;0;0;0;0;0;0;0;0;0;0;0;0;0;0;0;0;0;0;0;1;24;1;25;2;3;0;0;0;0;0;0;0;0;0;0;0;0;0;0;0;0;0;0;0;0;0;0;0;0;0;0;0;0;0;0;0;0;0;0;0;0;0;0;0;0;0;0;0;0;0;0;0;0;0;0;0;0;0;0;0;0;0;0;0;0;0;0;0;0;0;0;0;0;0;0
15.05.2024;01:50;A147;1;0;0;0;0;0;0;0;0;0;0;0;0;0;0;0;0;0;0;0;0;0;0;0;0;0;0;0;0;0;0;0;0;0;0;0;0;0;0;0;0;1;0;0;0;1;2;0;0;0;0;0;0;0;0;0;0;0;0;0;0;0;0;0;0;0;0;0;0;0;0;0;0;0;0;0;0;0;0;0;0;0;0;0;0;0;0;0;0;0;0;0;0;0;0;0;0;0;0;0;0;0;0;0;0;0;0;0;0;0;0
15.05.2024;01:49;A147;1;0;0;0;0;0;0;0;0;0;0;0;0;0;0;0;0;0;0;0;0;0;0;0;0;0;0;0;0;0;0;0;0;0;0;0;0;0;0;0;0;0;0;0;0;0;0;0;0;0;0;0;0;0;0;0;0;0;0;0;0;0;0;0;0;0;0;0;0;0;0;0;0;0;0;0;0;0;0;0;0;0;0;0;0;0;0;0;0;0;0;0;0;0;0;0;0;0;0;0;0;0;0;0;0;0;0;0;0;0;0
15.05.2024;01:48;A147;1;0;0;0;0;0;0;0;0;0;0;0;0;0;0;0;0;0;0;0;0;0;0;0;0;0;0;0;0;0;0;0;0;0;0;0;0;0;0;0;0;1;2;0;0;2;4;0;0;0;0;0;0;0;0;0;0;0;0;0;0;0;0;0;0;0;0;0;0;0;0;0;0;0;0;0;0;0;0;0;0;0;0;0;0;0;0;0;0;0;0;0;0;0;0;0;0;0;0;0;0;0;0;0;0;0;0;0;0;0;0
15.05.2024;01:47;A147;1;0;0;0;0;0;0;0;0;0;0;0;0;0;0;0;0;0;0;0;0;0;0;0;0;0;0;0;0;0;0;0;0;0;0;0;0;0;0;0;0;0;0;0;0;0;0;0;0;0;0;0;0;0;0;0;0;0;0;0;0;0;0;0;0;0;0;0;0;0;0;0;0;0;0;0;0;0;0;0;0;0;0;0;0;0;0;0;0;0;0;0;0;0;0;0;0;0;0;0;0;0;0;0;0;0;0;0;0;0;0
15.05.2024;01:46;A147;1;0;0;0;0;0;0;0;0;0;0;0;0;2;1;0;0;0;0;2;4;0;0;0;0;0;0;0;0;0;0;0;0;0;0;0;0;0;0;0;0;2;1;1;0;3;8;1;3;0;0;0;0;0;0;0;0;0;0;0;0;0;0;0;0;0;0;0;0;0;0;0;0;0;0;0;0;0;0;0;0;0;0;0;0;0;0;0;0;0;0;0;0;0;0;0;0;0;0;0;0;0;0;0;0;0;0;0;0;0;0
15.05.2024;01:45;A147;1;0;0;0;0;0;0;0;0;0;0;0;0;0;0;0;0;0;0;0;0;0;0;0;0;0;0;0;0;0;0;0;0;0;0;0;0;0;0;0;0;0;0;0;0;0;0;0;0;0;0;0;0;0;0;0;0;0;0;0;0;0;0;0;0;0;0;0;0;0;0;0;0;0;0;0;0;0;0;0;0;0;0;0;0;0;0;0;0;0;0;0;0;0;0;0;0;0;0;0;0;0;0;0;0;0;0;0;0;0;0
15.05.2024;01:44;A147;1;0;0;0;0;0;0;0;0;0;0;0;0;0;0;0;0;0;0;0;0;0;0;0;0;0;0;0;0;0;0;0;0;0;0;0;0;0;0;0;0;1;0;0;0;1;2;0;0;0;0;0;0;0;0;0;0;0;0;0;0;0;0;0;0;0;0;0;0;0;0;0;0;0;0;0;0;0;0;0;0;0;0;0;0;0;0;0;0;0;0;0;0;0;0;0;0;0;0;0;0;0;0;0;0;0;0;0;0;0;0
15.05.2024;01:43;A147;1;1;28;1;4;1;29;1;29;2;3;0;0;0;0;0;0;0;0;0;0;0;0;0;0;0;0;0;0;0;0;0;0;0;0;0;0;0;0;0;0;0;0;0;0;0;0;0;0;0;0;0;0;0;0;0;0;0;0;0;0;0;0;0;0;0;0;0;0;0;0;0;0;0;0;0;0;0;0;0;0;0;0;0;0;0;0;0;0;0;0;0;0;0;0;0;0;0;0;0;0;0;0;0;0;0;0;0;0;0;0
15.05.2024;01:42;A147;1;0;0;0;0;0;0;0;0;0;0;0;0;0;0;0;0;0;0;0;0;0;0;0;0;0;0;0;0;0;0;0;0;0;0;1;50;1;49;0;0;1;0;0;0;2;4;0;0;0;0;0;0;0;0;0;0;0;0;0;0;0;0;0;0;0;0;0;0;0;0;0;0;0;0;0;0;0;0;0;0;0;0;0;0;0;0;0;0;0;0;0;0;0;0;0;0;0;0;0;0;0;0;0;0;0;0;0;0;0;0
15.05.2024;01:41;A147;1;0;0;0;0;0;0;0;0;0;0;1;23;2;22;0;0;1;6;2;14;0;0;0;0;0;0;0;0;0;0;0;0;0;0;0;0;0;0;0;0;0;0;0;0;0;0;0;0;0;13;0;0;0;0;0;0;0;0;0;0;0;0;0;0;0;0;0;0;0;0;0;0;0;0;0;0;0;0;0;0;0;0;0;0;0;0;0;0;0;0;0;0;0;0;0;0;0;0;0;0;0;0;0;0;0;0;0;0;0;0
15.05.2024;01:40;A147;1;0;0;0;0;0;0;0;0;0;0;0;0;0;0;0;0;0;0;0;0;0;0;0;0;0;0;0;0;0;0;0;0;0;0;0;0;0;0;0;0;0;0;0;0;0;0;0;0;1;4;1;3;0;0;0;0;0;0;0;0;0;0;0;0;0;0;0;0;0;0;0;0;0;0;0;0;0;0;0;0;0;0;0;0;0;0;0;0;0;0;0;0;0;0;0;0;0;0;0;0;0;0;0;0;0;0;0;0;0;0
15.05.2024;01:39;A147;1;0;0;0;0;0;0;0;0;0;0;0;0;1;0;0;0;0;0;1;2;0;0;0;0;0;0;0;0;0;0;0;0;0;0;0;0;0;0;0;0;0;0;0;0;0;0;0;0;0;0;0;0;0;0;0;0;0;0;0;0;0;0;0;0;0;0;0;0;0;0;0;0;0;0;0;0;0;0;0;0;0;0;0;0;0;0;0;0;0;0;0;0;0;0;0;0;0;0;0;0;0;0;0;0;0;0;0;0;0;0
15.05.2024;01:38;A147;1;0;0;1;0;1;24;1;24;2;3;0;0;0;0;0;0;0;0;0;0;0;0;0;0;0;0;0;6;0;0;0;0;0;0;0;0;0;0;0;0;0;0;0;0;0;0;0;0;0;0;0;0;0;0;0;0;0;0;0;0;0;0;0;0;0;0;0;0;0;0;0;0;0;0;0;0;0;0;0;0;0;0;0;0;0;0;0;0;0;0;0;0;0;0;0;0;0;0;0;0;0;0;0;0;0;0;0;0;0;0
15.05.2024;01:37;A147;1;0;0;0;0;0;0;0;0;0;0;0;0;0;0;0;0;0;0;0;0;0;0;0;0;0;0;1;20;0;0;1;1;0;0;0;0;0;0;0;0;0;0;0;0;0;0;0;0;0;0;0;0;0;0;0;0;0;0;0;0;0;0;0;0;0;0;0;0;0;0;0;0;0;0;0;0;0;0;0;0;0;0;0;0;0;0;0;0;0;0;0;0;0;0;0;0;0;0;0;0;0;0;0;0;0;0;0;0;0;0
15.05.2024;01:36;A147;1;0;0;0;0;0;0;0;0;0;0;0;0;0;0;0;0;0;0;0;0;0;0;0;0;0;0;0;0;0;0;0;0;0;0;0;0;0;0;0;0;3;1;0;0;3;10;0;0;0;0;0;0;0;0;0;0;0;0;0;0;0;0;0;0;0;0;0;0;0;0;0;0;0;0;0;0;0;0;0;0;0;0;0;0;0;0;0;0;0;0;0;0;0;0;0;0;0;0;0;0;0;0;0;0;0;0;0;0;0;0
15.05.2024;01:35;A147;1;0;0;0;0;0;0;0;0;0;0;0;0;0;0;0;0;0;0;0;0;0;0;0;0;0;0;0;0;0;0;0;0;0;0;0;0;0;0;0;0;2;1;0;0;2;7;0;0;0;0;0;0;0;0;0;0;0;0;0;0;0;0;0;0;0;0;0;0;0;0;0;0;0;0;0;0;0;0;0;0;0;0;0;0;0;0;0;0;0;0;0;0;0;0;0;0;0;0;0;0;0;0;0;0;0;0;0;0;0;0
15.05.2024;01:34;A147;1;0;0;0;0;0;0;0;0;0;0;0;0;0;0;0;0;0;0;0;0;0;0;0;0;0;0;0;0;0;0;0;0;0;0;0;0;0;0;0;0;0;0;0;0;0;0;0;0;1;24;1;3;0;0;0;0;0;0;0;0;0;0;0;0;0;0;0;0;0;0;0;0;0;0;0;0;0;0;0;0;0;0;0;0;0;0;0;0;0;0;0;0;0;0;0;0;0;0;0;0;0;0;0;0;0;0;0;0;0;0
15.05.2024;01:33;A147;1;0;0;0;0;0;0;0;0;0;0;0;0;0;0;1;15;0;0;0;0;2;4;0;0;0;0;0;0;1;31;0;0;0;0;0;0;0;0;0;0;1;17;0;0;1;3;0;0;0;0;0;0;0;0;0;0;0;0;0;0;0;0;0;0;0;0;0;0;0;0;0;0;0;0;0;0;0;0;0;0;0;0;0;0;0;0;0;0;0;0;0;0;0;0;0;0;0;0;0;0;0;0;0;0;0;0;0;0;0;0
15.05.2024;01:32;A147;1;0;0;0;0;1;0;1;0;0;0;0;0;0;0;0;0;0;0;0;0;1;0;0;0;0;0;0;0;1;27;0;0;1;0;1;2;1;1;0;0;0;0;1;0;1;3;1;2;0;0;0;0;0;0;0;0;0;0;0;0;0;0;0;0;0;0;0;0;0;0;0;0;0;0;0;0;0;0;0;0;0;0;0;0;0;0;0;0;0;0;0;0;0;0;0;0;0;0;0;0;0;0;0;0;0;0;0;0;0;0
15.05.2024;01:31;A147;1;0;0;0;0;0;0;0;0;0;0;0;0;0;0;0;0;0;0;0;0;0;0;0;0;0;0;0;0;0;0;0;0;0;0;0;0;0;0;0;0;0;0;0;0;0;0;1;0;0;0;0;0;0;0;0;0;0;0;0;0;0;0;0;0;0;0;0;0;0;0;0;0;0;0;0;0;0;0;0;0;0;0;0;0;0;0;0;0;0;0;0;0;0;0;0;0;0;0;0;0;0;0;0;0;0;0;0;0;0;0
15.05.2024;01:30;A147;1;0;0;0;0;0;0;0;0;0;0;0;0;0;0;0;0;0;0;0;0;0;0;0;0;0;0;0;0;1;26;0;0;0;0;0;0;0;0;0;0;0;0;0;0;0;0;0;0;0;0;0;0;0;0;0;0;0;0;0;0;0;0;0;0;0;0;0;0;0;0;0;0;0;0;0;0;0;0;0;0;0;0;0;0;0;0;0;0;0;0;0;0;0;0;0;0;0;0;0;0;0;0;0;0;0;0;0;0;0;0
15.05.2024;01:29;A147;1;0;0;0;0;0;0;0;0;0;0;0;0;1;0;0;0;0;0;1;2;0;0;0;0;0;0;0;0;0;0;0;0;2;0;0;0;0;0;0;0;1;1;0;0;2;4;0;0;0;0;0;0;0;0;0;0;0;0;0;0;0;0;0;0;0;0;0;0;0;0;0;0;0;0;0;0;0;0;0;0;0;0;0;0;0;0;0;0;0;0;0;0;0;0;0;0;0;0;0;0;0;0;0;0;0;0;0;0;0;0
15.05.2024;01:28;A147;1;0;0;0;0;0;0;0;0;0;0;2;16;1;4;0;0;3;8;0;0;0;0;0;0;0;0;0;0;0;0;0;0;0;0;0;0;0;0;0;0;0;0;0;0;0;0;0;0;0;0;0;0;0;0;0;0;0;0;0;0;0;0;0;0;0;0;0;0;0;0;0;0;0;0;0;0;0;0;0;0;0;0;0;0;0;0;0;0;0;0;0;0;0;0;0;0;0;0;0;0;0;0;0;0;0;0;0;0;0;0
15.05.2024;01:27;A147;1;0;0;0;0;1;1;1;1;1;1;1;1;1;0;0;0;3;2;0;0;0;0;0;0;0;0;0;0;0;0;0;0;0;0;0;0;0;0;0;0;1;0;0;0;1;4;0;0;0;0;0;0;0;0;0;0;0;0;0;0;0;0;0;0;0;0;0;0;0;0;0;0;0;0;0;0;0;0;0;0;0;0;0;0;0;0;0;0;0;0;0;0;0;0;0;0;0;0;0;0;0;0;0;0;0;0;0;0;0;0
15.05.2024;01:26;A147;1;1;24;1;7;0;0;0;0;0;0;0;0;0;0;0;0;0;0;0;0;0;0;0;0;0;0;0;0;0;0;0;0;0;0;0;0;0;0;0;0;1;1;0;0;2;4;0;0;0;0;0;0;0;0;0;0;0;0;0;0;0;0;0;0;0;0;0;0;0;0;0;0;0;0;0;0;0;0;0;0;0;0;0;0;0;0;0;0;0;0;0;0;0;0;0;0;0;0;0;0;0;0;0;0;0;0;0;0;0;0
15.05.2024;01:25;A147;1;0;0;0;0;0;81;0;80;0;0;0;0;0;0;0;0;0;0;0;0;0;0;0;0;0;0;0;0;1;0;0;0;1;0;0;0;0;0;0;0;0;0;0;0;0;0;0;0;0;0;0;0;0;0;0;0;0;0;0;0;0;0;0;0;0;0;0;0;0;0;0;0;0;0;0;0;0;0;0;0;0;0;0;0;0;0;0;0;0;0;0;0;0;0;0;0;0;0;0;0;0;0;0;0;0;0;0;0;0;0
15.05.2024;01:24;A147;1;0;0;1;1;1;13;1;14;1;3;0;0;0;0;0;0;0;0;0;0;0;0;0;0;0;0;1;28;0;0;0;0;0;0;0;0;0;0;0;0;0;0;0;0;0;0;0;0;0;0;0;0;0;0;0;0;0;0;0;0;0;0;0;0;0;0;0;0;0;0;0;0;0;0;0;0;0;0;0;0;0;0;0;0;0;0;0;0;0;0;0;0;0;0;0;0;0;0;0;0;0;0;0;0;0;0;0;0;0;0
15.05.2024;01:23;A147;1;0;0;0;0;0;0;0;0;0;0;0;0;0;0;0;0;0;0;0;0;0;0;0;0;0;0;0;0;0;0;1;0;0;0;0;0;0;0;0;0;1;14;0;0;1;6;0;0;0;0;0;0;0;0;0;0;0;0;0;0;0;0;0;0;0;0;0;0;0;0;0;0;0;0;0;0;0;0;0;0;0;0;0;0;0;0;0;0;0;0;0;0;0;0;0;0;0;0;0;0;0;0;0;0;0;0;0;0;0;0
15.05.2024;01:22;A147;1;0;0;0;0;0;0;0;0;0;0;0;0;0;0;0;0;0;0;0;0;0;0;0;0;0;0;1;0;0;0;0;0;0;0;0;0;0;0;0;0;0;0;1;0;0;0;1;3;0;0;0;0;0;0;0;0;0;0;0;0;0;0;0;0;0;0;0;0;0;0;0;0;0;0;0;0;0;0;0;0;0;0;0;0;0;0;0;0;0;0;0;0;0;0;0;0;0;0;0;0;0;0;0;0;0;0;0;0;0;0
15.05.2024;01:21;A147;1;0;0;1;3;1;11;1;10;3;2;0;0;0;0;0;0;0;0;0;0;0;0;0;0;0;0;0;13;1;0;0;0;2;1;0;0;0;0;0;0;0;0;1;65;0;0;1;13;0;0;0;0;0;0;0;0;0;0;0;0;0;0;0;0;0;0;0;0;0;0;0;0;0;0;0;0;0;0;0;0;0;0;0;0;0;0;0;0;0;0;0;0;0;0;0;0;0;0;0;0;0;0;0;0;0;0;0;0;0;0
15.05.2024;01:20;A147;1;0;0;0;0;0;0;0;0;0;0;0;0;0;8;0;0;0;0;0;0;0;0;0;0;0;0;1;19;0;0;0;0;0;0;0;0;0;0;0;0;0;0;0;0;0;0;0;0;0;0;0;0;0;0;0;0;0;0;0;0;0;0;0;0;0;0;0;0;0;0;0;0;0;0;0;0;0;0;0;0;0;0;0;0;0;0;0;0;0;0;0;0;0;0;0;0;0;0;0;0;0;0;0;0;0;0;0;0;0;0
15.05.2024;01:19;A147;1;0;0;0;0;0;0;0;0;0;0;0;0;2;6;0;0;0;0;3;10;0;0;0;0;0;0;0;0;0;0;0;0;0;0;1;3;1;75;0;0;1;18;0;0;2;9;0;0;0;0;0;0;0;0;0;0;0;0;0;0;0;0;0;0;0;0;0;0;0;0;0;0;0;0;0;0;0;0;0;0;0;0;0;0;0;0;0;0;0;0;0;0;0;0;0;0;0;0;0;0;0;0;0;0;0;0;0;0;0;0
15.05.2024;01:18;A147;1;0;0;0;0;0;0;0;0;0;0;1;1;0;0;0;0;1;5;0;0;0;0;0;0;0;0;1;29;0;0;0;0;0;0;0;0;0;0;0;0;1;0;0;0;1;2;0;0;0;0;0;0;0;0;0;0;0;0;0;0;0;0;0;0;0;0;0;0;0;0;0;0;0;0;0;0;0;0;0;0;0;0;0;0;0;0;0;0;0;0;0;0;0;0;0;0;0;0;0;0;0;0;0;0;0;0;0;0;0;0
15.05.2024;01:17;A147;1;2;27;2;5;1;0;1;0;1;2;0;0;0;0;0;0;0;0;0;0;0;0;0;0;0;0;0;0;0;0;0;0;0;0;1;0;1;0;0;0;0;0;0;0;0;0;0;0;0;0;0;0;0;0;0;0;0;0;0;0;0;0;0;0;0;0;0;0;0;0;0;0;0;0;0;0;0;0;0;0;0;0;0;0;0;0;0;0;0;0;0;0;0;0;0;0;0;0;0;0;0;0;0;0;0;0;0;0;0;0
15.05.2024;01:16;A147;1;0;0;0;0;0;0;0;0;0;0;0;0;0;0;0;0;0;0;0;0;0;0;0;0;0;0;0;0;0;0;0;0;0;0;0;0;0;0;0;0;1;19;0;0;0;3;0;0;0;0;0;0;0;0;0;0;0;0;0;0;0;0;0;0;0;0;0;0;0;0;0;0;0;0;0;0;0;0;0;0;0;0;0;0;0;0;0;0;0;0;0;0;0;0;0;0;0;0;0;0;0;0;0;0;0;0;0;0;0;0
15.05.2024;01:15;A147;1;0;0;0;0;0;0;0;0;0;0;0;0;0;0;0;0;0;0;0;0;0;0;0;0;0;0;0;0;1;29;0;0;0;0;0;0;0;0;0;0;0;0;0;0;1;4;0;0;0;0;0;0;0;0;0;0;0;0;0;0;0;0;0;0;0;0;0;0;0;0;0;0;0;0;0;0;0;0;0;0;0;0;0;0;0;0;0;0;0;0;0;0;0;0;0;0;0;0;0;0;0;0;0;0;0;0;0;0;0;0
15.05.2024;01:14;A147;1;1;21;0;0;0;0;0;0;0;0;0;0;0;0;0;0;0;0;0;0;0;0;0;0;0;0;0;0;0;0;0;0;0;0;0;0;0;0;0;0;1;2;0;0;1;8;0;0;0;0;0;0;0;0;0;0;0;0;0;0;0;0;0;0;0;0;0;0;0;0;0;0;0;0;0;0;0;0;0;0;0;0;0;0;0;0;0;0;0;0;0;0;0;0;0;0;0;0;0;0;0;0;0;0;0;0;0;0;0;0
15.05.2024;01:13;A147;1;0;0;1;6;0;0;0;0;0;0;0;0;0;0;0;0;0;0;0;0;0;0;0;0;0;0;0;0;0;0;0;0;0;0;0;0;0;0;0;0;1;0;0;0;1;3;0;0;0;0;0;0;0;0;0;0;0;0;0;0;0;0;0;0;0;0;0;0;0;0;0;0;0;0;0;0;0;0;0;0;0;0;0;0;0;0;0;0;0;0;0;0;0;0;0;0;0;0;0;0;0;0;0;0;0;0;0;0;0;0
15.05.2024;01:12;A147;1;0;0;0;0;0;0;0;0;0;0;0;0;0;0;0;0;0;0;0;0;0;0;0;0;0;0;0;0;0;0;0;0;0;0;0;0;0;0;0;0;1;2;1;1;2;4;0;0;0;0;0;0;0;0;0;0;0;0;0;0;0;0;0;0;0;0;0;0;0;0;0;0;0;0;0;0;0;0;0;0;0;0;0;0;0;0;0;0;0;0;0;0;0;0;0;0;0;0;0;0;0;0;0;0;0;0;0;0;0;0
15.05.2024;01:11;A147;1;0;0;0;0;0;0;0;0;0;0;0;0;0;0;0;0;0;0;0;0;0;0;0;0;0;0;0;0;0;0;0;0;0;0;0;0;0;0;0;0;1;0;1;1;1;1;2;5;0;0;0;0;0;0;0;0;0;0;0;0;0;0;0;0;0;0;0;0;0;0;0;0;0;0;0;0;0;0;0;0;0;0;0;0;0;0;0;0;0;0;0;0;0;0;0;0;0;0;0;0;0;0;0;0;0;0;0;0;0;0
15.05.2024;01:10;A147;1;0;0;0;0;0;0;0;0;0;0;0;0;0;0;0;0;0;0;0;0;0;0;0;0;0;0;0;0;0;0;0;0;0;0;0;0;0;0;0;0;1;0;0;0;1;2;0;0;0;0;0;0;0;0;0;0;0;0;0;0;0;0;0;0;0;0;0;0;0;0;0;0;0;0;0;0;0;0;0;0;0;0;0;0;0;0;0;0;0;0;0;0;0;0;0;0;0;0;0;0;0;0;0;0;0;0;0;0;0;0
15.05.2024;01:09;A147;1;0;0;0;0;0;0;0;0;0;0;0;0;0;0;0;0;0;0;0;0;0;0;0;0;0;0;0;0;0;0;0;0;0;0;0;0;0;0;0;0;1;0;0;0;1;3;0;0;0;0;0;0;0;0;0;0;0;0;0;0;0;0;0;0;0;0;0;0;0;0;0;0;0;0;0;0;0;0;0;0;0;0;0;0;0;0;0;0;0;0;0;0;0;0;0;0;0;0;0;0;0;0;0;0;0;0;0;0;0;0
15.05.2024;01:08;A147;1;0;0;0;0;0;0;0;0;0;0;0;0;1;0;0;0;0;0;2;2;0;0;0;0;0;0;0;0;0;0;0;0;0;0;0;0;0;0;0;0;1;0;0;0;1;3;0;0;0;0;0;0;0;0;0;0;0;0;0;0;0;0;0;0;0;0;0;0;0;0;0;0;0;0;0;0;0;0;0;0;0;0;0;0;0;0;0;0;0;0;0;0;0;0;0;0;0;0;0;0;0;0;0;0;0;0;0;0;0;0
15.05.2024;01:07;A147;1;0;0;0;0;0;0;0;0;0;0;0;0;0;0;0;0;0;0;0;0;0;0;0;0;0;0;0;0;0;0;0;0;0;0;0;0;0;0;0;0;2;1;0;0;2;6;0;0;0;0;0;0;0;0;0;0;0;0;0;0;0;0;0;0;0;0;0;0;0;0;0;0;0;0;0;0;0;0;0;0;0;0;0;0;0;0;0;0;0;0;0;0;0;0;0;0;0;0;0;0;0;0;0;0;0;0;0;0;0;0
15.05.2024;01:06;A147;1;0;39;0;0;0;0;0;0;0;0;0;0;2;39;0;0;3;10;2;30;0;0;0;0;0;0;0;0;0;0;0;0;0;0;0;0;0;0;0;0;1;53;1;22;3;58;1;7;0;0;0;0;0;0;0;0;0;0;0;0;0;0;0;0;0;0;0;0;0;0;0;0;0;0;0;0;0;0;0;0;0;0;0;0;0;0;0;0;0;0;0;0;0;0;0;0;0;0;0;0;0;0;0;0;0;0;0;0;0;0
15.05.2024;01:05;A147;1;2;41;1;10;0;0;0;0;0;0;0;0;0;0;0;0;0;0;0;0;0;0;0;0;0;0;0;0;0;0;0;0;0;0;1;0;0;0;0;0;0;0;0;0;0;0;0;0;0;0;0;0;0;0;0;0;0;0;0;0;0;0;0;0;0;0;0;0;0;0;0;0;0;0;0;0;0;0;0;0;0;0;0;0;0;0;0;0;0;0;0;0;0;0;0;0;0;0;0;0;0;0;0;0;0;0;0;0;0;0
15.05.2024;01:04;A147;1;0;10;1;0;0;0;0;0;0;0;0;0;2;35;0;0;0;0;2;11;0;0;0;0;0;0;0;0;0;0;0;0;0;0;1;0;1;0;0;0;0;0;0;0;0;0;0;0;0;0;0;0;0;0;0;0;0;0;0;0;0;0;0;0;0;0;0;0;0;0;0;0;0;0;0;0;0;0;0;0;0;0;0;0;0;0;0;0;0;0;0;0;0;0;0;0;0;0;0;0;0;0;0;0;0;0;0;0;0;0
15.05.2024;01:03;A147;1;1;13;0;0;1;1;0;0;2;1;1;1;0;0;0;0;1;4;0;0;0;0;0;0;0;0;0;0;0;0;0;0;0;0;0;0;0;0;0;0;0;0;0;0;0;0;0;0;0;0;0;0;0;0;0;0;0;0;0;0;0;0;0;0;0;0;0;0;0;0;0;0;0;0;0;0;0;0;0;0;0;0;0;0;0;0;0;0;0;0;0;0;0;0;0;0;0;0;0;0;0;0;0;0;0;0;0;0;0;0
15.05.2024;01:02;A147;1;0;0;0;0;0;0;0;0;0;0;0;0;1;0;0;0;0;0;1;1;0;0;0;0;0;0;0;0;0;0;0;0;0;0;0;0;0;0;0;0;1;0;0;0;1;1;0;0;0;0;0;0;0;0;0;0;0;0;0;0;0;0;0;0;0;0;0;0;0;0;0;0;0;0;0;0;0;0;0;0;0;0;0;0;0;0;0;0;0;0;0;0;0;0;0;0;0;0;0;0;0;0;0;0;0;0;0;0;0;0
15.05.2024;01:01;A147;1;0;0;0;0;0;0;0;0;0;0;0;0;0;0;0;0;0;0;0;0;0;0;0;0;0;0;0;0;1;28;1;0;2;2;0;0;0;0;0;0;2;1;0;0;2;5;0;0;0;0;0;0;0;0;0;0;0;0;0;0;0;0;0;0;0;0;0;0;0;0;0;0;0;0;0;0;0;0;0;0;0;0;0;0;0;0;0;0;0;0;0;0;0;0;0;0;0;0;0;0;0;0;0;0;0;0;0;0;0;0
15.05.2024;01:00;A147;1;0;0;0;0;0;0;0;0;0;0;1;1;1;1;0;0;1;4;1;5;0;0;0;0;0;0;0;0;0;0;0;0;0;0;0;0;0;0;0;0;0;0;0;0;0;0;0;0;0;0;0;0;0;0;0;0;0;0;0;0;0;0;0;0;0;0;0;0;0;0;0;0;0;0;0;0;0;0;0;0;0;0;0;0;0;0;0;0;0;0;0;0;0;0;0;0;0;0;0;0;0;0;0;0;0;0;0;0;0;0
15.05.2024;00:59;A147;1;0;0;0;0;0;0;0;0;0;0;1;0;0;0;0;0;0;0;0;0;0;0;0;0;0;0;0;27;0;0;0;0;0;0;0;0;0;0;0;0;0;0;0;0;0;0;0;0;0;0;0;0;0;0;0;0;0;0;0;0;0;0;0;0;0;0;0;0;0;0;0;0;0;0;0;0;0;0;0;0;0;0;0;0;0;0;0;0;0;0;0;0;0;0;0;0;0;0;0;0;0;0;0;0;0;0;0;0;0;0
15.05.2024;00:58;A147;1;0;0;0;0;0;0;0;0;0;0;0;0;0;0;1;0;0;0;0;0;2;3;0;0;0;0;1;5;0;0;0;0;0;0;0;0;0;0;0;0;1;0;0;0;2;4;0;0;0;0;0;0;0;0;0;0;0;0;0;0;0;0;0;0;0;0;0;0;0;0;0;0;0;0;0;0;0;0;0;0;0;0;0;0;0;0;0;0;0;0;0;0;0;0;0;0;0;0;0;0;0;0;0;0;0;0;0;0;0;0
15.05.2024;00:57;A147;1;0;0;0;0;0;0;0;0;0;0;0;0;1;1;0;0;0;0;2;3;0;0;0;0;0;0;0;0;1;31;0;0;0;0;0;0;0;0;0;0;0;0;0;0;0;0;0;0;0;0;0;0;0;0;0;0;0;0;0;0;0;0;0;0;0;0;0;0;0;0;0;0;0;0;0;0;0;0;0;0;0;0;0;0;0;0;0;0;0;0;0;0;0;0;0;0;0;0;0;0;0;0;0;0;0;0;0;0;0;0
15.05.2024;00:56;A147;1;0;0;0;0;0;0;0;0;0;0;1;1;0;0;0;0;1;4;0;0;0;0;0;0;0;0;0;0;0;0;0;0;0;0;0;0;0;0;0;0;0;0;2;1;0;0;3;4;0;0;0;0;0;0;0;0;0;0;0;0;0;0;0;0;0;0;0;0;0;0;0;0;0;0;0;0;0;0;0;0;0;0;0;0;0;0;0;0;0;0;0;0;0;0;0;0;0;0;0;0;0;0;0;0;0;0;0;0;0;0
15.05.2024;00:55;A147;1;0;0;0;0;0;0;0;0;0;0;0;0;3;2;0;0;0;0;2;12;0;0;0;0;0;0;0;0;0;0;0;0;0;0;0;0;0;0;0;0;0;0;0;0;0;0;0;0;0;0;0;0;0;0;0;0;0;0;0;0;0;0;0;0;0;0;0;0;0;0;0;0;0;0;0;0;0;0;0;0;0;0;0;0;0;0;0;0;0;0;0;0;0;0;0;0;0;0;0;0;0;0;0;0;0;0;0;0;0;0
15.05.2024;00:54;A147;1;0;0;0;0;0;0;0;0;0;0;0;0;0;0;0;0;0;0;0;0;0;0;0;0;0;0;0;0;0;0;0;0;0;0;0;0;0;0;0;0;0;0;0;0;0;0;0;0;0;0;0;0;0;0;0;0;0;0;0;0;0;0;0;0;0;0;0;0;0;0;0;0;0;0;0;0;0;0;0;0;0;0;0;0;0;0;0;0;0;0;0;0;0;0;0;0;0;0;0;0;0;0;0;0;0;0;0;0;0;0
15.05.2024;00:53;A147;1;1;25;1;9;0;0;0;0;0;0;0;0;0;0;0;0;0;0;0;0;0;0;0;0;0;0;0;0;0;0;0;0;0;0;0;0;0;0;0;0;1;1;0;0;1;2;0;0;0;0;0;0;0;0;0;0;0;0;0;0;0;0;0;0;0;0;0;0;0;0;0;0;0;0;0;0;0;0;0;0;0;0;0;0;0;0;0;0;0;0;0;0;0;0;0;0;0;0;0;0;0;0;0;0;0;0;0;0;0;0
15.05.2024;00:52;A147;1;1;26;1;5;0;0;0;0;0;0;0;0;0;0;0;0;0;0;0;0;0;0;0;0;0;0;0;0;0;0;0;0;0;0;0;0;0;0;0;0;0;0;0;0;0;0;0;0;0;0;0;0;0;0;0;0;0;0;0;0;0;0;0;0;0;0;0;0;0;0;0;0;0;0;0;0;0;0;0;0;0;0;0;0;0;0;0;0;0;0;0;0;0;0;0;0;0;0;0;0;0;0;0;0;0;0;0;0;0;0
15.05.2024;00:51;A147;1;1;1;1;0;0;0;0;0;0;0;0;0;0;0;0;0;0;0;0;0;0;0;0;0;0;0;0;0;0;8;0;0;0;0;0;0;0;0;0;0;0;0;0;0;0;0;0;0;0;0;0;0;0;0;0;0;0;0;0;0;0;0;0;0;0;0;0;0;0;0;0;0;0;0;0;0;0;0;0;0;0;0;0;0;0;0;0;0;0;0;0;0;0;0;0;0;0;0;0;0;0;0;0;0;0;0;0;0;0;0
15.05.2024;00:50;A147;1;0;0;0;0;0;0;0;0;0;0;0;0;0;0;0;0;0;0;0;0;0;0;0;0;0;0;0;0;1;21;0;0;0;0;0;0;0;0;0;0;1;0;0;0;1;3;0;0;0;0;0;0;0;0;0;0;0;0;0;0;0;0;0;0;0;0;0;0;0;0;0;0;0;0;0;0;0;0;0;0;0;0;0;0;0;0;0;0;0;0;0;0;0;0;0;0;0;0;0;0;0;0;0;0;0;0;0;0;0;0
15.05.2024;00:49;A147;1;0;0;0;0;0;0;0;0;0;0;0;0;2;1;0;0;0;0;2;3;0;0;0;0;0;0;0;0;0;0;0;0;0;0;0;0;0;0;0;0;0;0;0;0;0;0;0;0;0;0;0;0;0;0;0;0;0;0;0;0;0;0;0;0;0;0;0;0;0;0;0;0;0;0;0;0;0;0;0;0;0;0;0;0;0;0;0;0;0;0;0;0;0;0;0;0;0;0;0;0;0;0;0;0;0;0;0;0;0;0
15.05.2024;00:48;A147;1;0;0;0;0;0;0;0;0;0;0;0;0;0;0;0;0;0;0;2;0;0;0;0;0;0;0;0;0;0;0;0;0;0;0;0;0;0;0;0;0;1;0;0;0;2;3;0;0;0;0;0;0;0;0;0;0;0;0;0;0;0;0;0;0;0;0;0;0;0;0;0;0;0;0;0;0;0;0;0;0;0;0;0;0;0;0;0;0;0;0;0;0;0;0;0;0;0;0;0;0;0;0;0;0;0;0;0;0;0;0
15.05.2024;00:47;A147;1;0;0;0;0;1;0;1;0;0;0;1;1;1;0;0;0;2;2;0;0;0;0;0;0;0;0;0;0;0;3;0;0;0;0;0;0;0;0;0;0;0;0;0;0;0;0;0;0;0;0;0;0;0;0;0;0;0;0;0;0;0;0;0;0;0;0;0;0;0;0;0;0;0;0;0;0;0;0;0;0;0;0;0;0;0;0;0;0;0;0;0;0;0;0;0;0;0;0;0;0;0;0;0;0;0;0;0;0;0;0
15.05.2024;00:46;A147;1;0;0;0;0;0;21;0;21;0;0;0;0;1;27;1;36;0;0;3;5;0;2;0;0;0;0;0;0;1;26;0;0;0;0;0;0;0;0;0;0;1;48;0;0;2;16;0;0;0;0;0;0;0;0;0;0;0;0;0;0;0;0;0;0;0;0;0;0;0;0;0;0;0;0;0;0;0;0;0;0;0;0;0;0;0;0;0;0;0;0;0;0;0;0;0;0;0;0;0;0;0;0;0;0;0;0;0;0;0;0
15.05.2024;00:45;A147;1;0;0;0;0;1;37;1;38;1;3;0;0;1;6;0;0;0;0;1;2;2;2;0;59;0;0;0;0;2;35;0;0;4;4;0;0;0;0;0;0;1;20;0;0;2;3;0;0;0;0;0;0;0;0;0;0;0;0;0;0;0;0;0;0;0;0;0;0;0;0;0;0;0;0;0;0;0;0;0;0;0;0;0;0;0;0;0;0;0;0;1;1;0;0;0;0;0;0;0;0;0;0;0;0;0;0;0;0;0;0
15.05.2024;00:44;A147;1;1;23;1;5;1;46;1;45;1;3;0;0;0;0;0;0;0;0;1;3;1;5;1;0;1;0;0;0;0;0;0;0;0;0;0;0;0;0;0;0;1;57;0;0;1;8;0;0;0;0;0;0;0;0;0;0;0;0;0;0;0;0;0;0;0;0;0;0;0;0;0;0;0;0;0;0;0;0;0;0;0;0;0;0;0;0;0;0;0;0;0;0;0;0;0;0;0;0;0;0;0;0;0;0;0;0;0;0;0;0
15.05.2024;00:43;A147;1;0;0;0;0;0;0;0;0;0;0;0;0;1;0;0;0;0;0;2;2;0;0;0;0;0;0;0;0;0;0;0;0;0;0;0;0;0;0;0;0;2;1;0;0;2;7;0;0;0;0;0;0;0;0;0;0;0;0;0;0;0;0;0;0;0;0;0;0;0;0;0;0;0;0;0;0;0;0;0;0;0;0;0;0;0;0;0;0;0;0;0;0;0;0;0;0;0;0;0;0;0;0;0;0;0;0;0;0;0;0
15.05.2024;00:42;A147;1;0;0;0;0;0;0;0;0;0;0;0;0;0;0;0;0;0;0;0;0;0;0;0;0;0;0;0;0;0;0;0;0;0;0;0;0;0;0;0;0;1;0;0;0;1;4;0;0;0;0;0;0;0;0;0;0;0;0;0;0;0;0;0;0;0;0;0;0;0;0;0;0;0;0;0;0;0;0;0;0;0;0;0;0;0;0;0;0;0;0;0;0;0;0;0;0;0;0;0;0;0;0;0;0;0;0;0;0;0;0
15.05.2024;00:41;A147;1;0;0;0;0;0;4;0;3;0;0;0;0;1;0;0;0;0;0;1;2;0;0;0;0;0;0;1;0;0;0;0;0;0;0;0;0;0;0;0;0;3;15;0;0;2;13;0;0;0;0;0;0;0;0;0;0;0;0;0;0;0;0;0;0;0;0;0;0;0;0;0;0;0;0;0;0;0;0;0;0;0;0;0;0;0;0;0;0;0;0;0;0;0;0;0;0;0;0;0;0;0;0;0;0;0;0;0;0;0;0
15.05.2024;00:40;A147;1;1;24;2;6;1;5;1;7;1;4;0;0;1;0;1;0;0;0;3;1;1;3;0;0;0;0;0;0;1;1;0;0;0;0;0;0;0;0;0;0;2;1;0;0;2;7;0;0;0;0;0;0;0;0;0;0;0;0;0;0;0;0;0;0;0;0;0;0;0;0;0;0;0;0;0;0;0;0;0;0;0;0;0;0;0;0;0;0;0;0;0;0;0;0;0;0;0;0;0;0;0;0;0;0;0;0;0;0;0;0
15.05.2024;00:39;A147;1;0;0;0;0;0;0;0;0;0;0;0;0;1;0;0;0;0;0;1;2;0;0;0;0;0;0;0;0;0;0;0;0;0;0;0;0;0;0;0;0;0;0;0;0;0;0;0;0;0;0;0;0;0;0;0;0;0;0;0;0;0;0;0;0;0;0;0;0;0;0;0;0;0;0;0;0;0;0;0;0;0;0;0;0;0;0;0;0;0;0;0;0;0;0;0;0;0;0;0;0;0;0;0;0;0;0;0;0;0;0
15.05.2024;00:38;A147;1;0;0;0;0;0;0;0;0;0;0;0;0;1;0;0;0;0;0;1;1;1;1;0;0;0;0;0;0;0;0;0;0;0;0;0;0;0;0;0;0;1;0;1;0;1;3;2;3;0;0;0;0;0;0;0;0;0;0;0;0;0;0;0;0;0;0;0;0;0;0;0;0;0;0;0;0;0;0;0;0;0;0;0;0;0;0;0;0;0;0;0;0;0;0;0;0;0;0;0;0;0;0;0;0;0;0;0;0;0;0
15.05.2024;00:37;A147;1;1;20;1;7;0;0;0;0;0;0;0;0;0;0;0;0;0;0;0;0;0;0;0;0;0;0;1;1;1;2;0;0;2;1;0;0;0;0;0;0;0;0;0;0;0;0;0;0;0;0;0;0;0;0;0;0;0;0;0;0;0;0;0;0;0;0;0;0;0;0;0;0;0;0;0;0;0;0;0;0;0;0;0;0;0;0;0;0;0;0;0;0;0;0;0;0;0;0;0;0;0;0;0;0;0;0;0;0;0;0
15.05.2024;00:36;A147;1;0;0;0;0;0;0;0;0;0;0;0;0;1;0;0;0;0;0;1;1;0;0;0;0;0;0;0;0;0;19;0;0;0;0;0;0;0;0;0;0;0;0;0;0;0;0;0;0;0;0;0;0;0;0;0;0;0;0;0;0;0;0;0;0;0;0;0;0;0;0;0;0;0;0;0;0;0;0;0;0;0;0;0;0;0;0;0;0;0;0;0;0;0;0;0;0;0;0;0;0;0;0;0;0;0;0;0;0;0;0
15.05.2024;00:35;A147;1;0;0;0;0;0;0;0;0;0;0;0;0;2;1;0;0;0;0;4;2;0;0;0;0;0;0;0;0;1;11;0;0;0;0;0;0;0;0;0;0;1;1;0;0;1;0;0;0;0;0;0;0;0;0;0;0;0;0;0;0;0;0;0;0;0;0;0;0;0;0;0;0;0;0;0;0;0;0;0;0;0;0;0;0;0;0;0;0;0;0;0;0;0;0;0;0;0;0;0;0;0;0;0;0;0;0;0;0;0;0
15.05.2024;00:34;A147;1;1;40;0;1;0;0;0;0;0;0;0;0;1;6;0;0;0;0;1;7;0;0;1;18;0;0;0;0;0;0;0;0;0;0;0;0;0;0;0;0;1;34;0;0;2;7;0;0;0;0;0;0;0;0;0;0;0;0;0;0;0;0;0;0;0;0;0;0;0;0;0;0;0;0;0;0;0;0;0;0;0;0;0;0;0;0;0;0;0;0;0;0;0;0;0;0;0;0;0;0;0;0;0;0;0;0;0;0;0;0
15.05.2024;00:33;A147;1;0;0;1;4;0;0;0;0;0;0;0;0;2;1;0;0;0;0;2;7;0;0;0;0;1;4;0;0;0;0;0;0;0;0;0;0;0;0;0;0;2;1;0;0;2;8;0;0;0;0;0;0;0;0;0;0;0;0;0;0;0;0;0;0;0;0;0;0;0;0;0;0;0;0;0;0;0;0;0;0;0;0;0;0;0;0;0;0;0;0;0;0;0;0;0;0;0;0;0;0;0;0;0;0;0;0;0;0;0;0
15.05.2024;00:32;A147;1;0;0;0;0;0;0;0;0;0;0;0;0;0;0;0;0;0;0;0;0;0;0;0;0;0;0;0;0;0;0;0;0;0;0;0;0;0;0;0;0;1;1;1;24;1;4;1;6;0;0;0;0;0;0;0;0;0;0;0;0;0;0;0;0;0;0;0;0;0;0;0;0;0;0;0;0;0;0;0;0;0;0;0;0;0;0;0;0;0;0;0;0;0;0;0;0;0;0;0;0;0;0;0;0;0;0;0;0;0;0
15.05.2024;00:31;A147;1;1;18;1;11;0;5;0;4;0;0;0;0;2;1;1;0;0;0;1;2;1;2;0;0;0;0;1;15;1;1;0;0;0;0;0;0;0;0;0;0;1;1;0;0;2;4;0;0;0;0;0;0;0;0;0;0;0;0;0;0;0;0;0;0;0;0;0;0;0;0;0;0;0;0;0;0;0;0;0;0;0;0;0;0;0;0;0;0;0;0;0;0;0;0;0;0;0;0;0;0;0;0;0;0;0;0;0;0;0;0
15.05.2024;00:30;A147;1;1;1;1;5;1;22;1;22;2;4;0;0;0;0;0;0;0;0;0;0;0;0;0;0;0;0;1;34;0;0;2;1;0;0;0;0;0;0;0;0;1;1;1;0;1;5;1;2;0;0;0;0;0;0;0;0;0;0;0;0;0;0;0;0;0;0;0;0;0;0;0;0;0;0;0;0;0;0;0;0;0;0;0;0;0;0;0;0;0;0;0;0;0;0;0;0;0;0;0;0;0;0;0;0;0;0;0;0;0;0
15.05.2024;00:29;A147;1;0;0;0;0;0;0;0;0;0;0;1;1;1;0;0;0;1;5;3;1;0;0;1;21;1;4;0;0;0;0;0;0;0;0;0;0;0;0;0;0;2;1;0;0;2;4;0;0;0;0;0;0;0;0;0;0;0;0;0;0;0;0;0;0;0;0;0;0;0;0;0;0;0;0;0;0;0;0;0;0;0;0;0;0;0;0;0;0;0;0;0;0;0;0;0;0;0;0;0;0;0;0;0;0;0;0;0;0;0;0
15.05.2024;00:28;A147;1;0;0;0;0;0;0;0;0;0;0;0;0;0;0;0;0;0;0;0;0;0;0;0;0;0;0;0;0;0;0;0;0;0;0;0;0;0;0;0;0;0;0;0;0;0;0;0;0;0;0;0;0;0;0;0;0;0;0;0;0;0;0;0;0;0;0;0;0;0;0;0;0;0;0;0;0;0;0;0;0;0;0;0;0;0;0;0;0;0;0;0;0;0;0;0;0;0;0;0;0;0;0;0;0;0;0;0;0;0;0
15.05.2024;00:27;A147;1;0;0;0;0;0;0;0;0;0;0;0;0;0;0;1;0;0;0;0;0;1;2;0;0;0;0;0;0;0;0;0;0;0;0;0;0;0;0;0;0;0;0;0;0;0;0;0;0;0;0;0;0;0;0;0;0;0;0;0;0;0;0;0;0;0;0;0;0;0;0;0;0;0;0;0;0;0;0;0;0;0;0;0;0;0;0;0;0;0;0;0;0;0;0;0;0;0;0;0;0;0;0;0;0;0;0;0;0;0;0
15.05.2024;00:26;A147;1;0;0;0;0;0;0;0;0;0;0;0;0;0;0;0;0;0;0;0;0;0;0;0;0;0;0;0;0;0;0;0;0;0;0;0;0;0;0;0;0;1;1;0;0;1;4;0;0;0;0;0;0;0;0;0;0;0;0;0;0;0;0;0;0;0;0;0;0;0;0;0;0;0;0;0;0;0;0;0;0;0;0;0;0;0;0;0;0;0;0;0;0;0;0;0;0;0;0;0;0;0;0;0;0;0;0;0;0;0;0
15.05.2024;00:25;A147;1;0;0;0;0;0;0;0;0;0;0;0;0;1;0;1;0;0;0;0;0;1;3;0;0;0;0;0;0;0;0;0;0;0;0;0;0;0;0;0;0;1;0;0;0;2;4;0;0;0;0;0;0;0;0;0;0;0;0;0;0;0;0;0;0;0;0;0;0;0;0;0;0;0;0;0;0;0;0;0;0;0;0;0;0;0;0;0;0;0;0;0;0;0;0;0;0;0;0;0;0;0;0;0;0;0;0;0;0;0;0
15.05.2024;00:24;A147;1;0;0;0;0;0;0;0;0;0;0;1;1;1;0;1;0;2;3;2;1;1;2;0;0;0;0;0;0;0;0;0;0;0;0;0;0;0;0;0;0;0;0;0;0;0;0;0;0;0;0;0;0;0;0;0;0;0;0;0;0;0;0;0;0;0;0;0;0;0;0;0;0;0;0;0;0;0;0;0;0;0;0;0;0;0;0;0;0;0;0;0;0;0;0;0;0;0;0;0;0;0;0;0;0;0;0;0;0;0;0
15.05.2024;00:23;A147;1;0;0;2;2;1;68;1;68;1;4;0;0;0;0;0;0;0;0;0;0;0;0;0;0;0;0;0;0;0;0;0;0;0;0;1;52;1;51;3;2;0;0;0;0;0;0;0;0;0;0;0;0;0;0;0;0;0;0;0;0;0;0;0;0;0;0;0;0;0;0;0;0;0;0;0;0;0;0;0;0;0;0;0;0;0;0;0;0;0;0;0;0;0;0;0;0;0;0;0;0;0;0;0;0;0;0;0;0;0;0
15.05.2024;00:22;A147;1;0;0;0;0;0;0;0;0;0;0;0;0;1;0;0;0;0;0;1;2;0;0;0;0;0;0;0;0;0;0;0;0;0;0;0;0;0;0;0;0;0;0;0;0;0;0;0;0;0;0;0;0;0;0;0;0;0;0;0;0;0;0;0;0;0;0;0;0;0;0;0;0;0;0;0;0;0;0;0;0;0;0;0;0;0;0;0;0;0;0;0;0;0;0;0;0;0;0;0;0;0;0;0;0;0;0;0;0;0;0
15.05.2024;00:21;A147;1;0;0;0;0;0;0;0;0;0;0;0;0;2;3;1;1;0;0;2;8;2;5;0;0;0;0;0;0;0;0;0;0;0;0;0;0;0;0;0;0;0;0;0;0;0;0;0;0;0;0;0;0;0;0;0;0;0;0;0;0;0;0;0;0;0;0;0;0;0;0;0;0;0;0;0;0;0;0;0;0;0;0;0;0;0;0;0;0;0;0;0;0;0;0;0;0;0;0;0;0;0;0;0;0;0;0;0;0;0;0
15.05.2024;00:20;A147;1;1;2;2;5;0;0;0;0;0;0;1;2;3;1;0;0;1;7;3;2;0;0;0;0;0;0;0;0;0;0;0;0;0;0;0;0;0;0;0;0;0;0;0;0;0;0;0;0;0;0;0;0;0;0;0;0;0;0;0;0;0;0;0;0;0;0;0;0;0;0;0;0;0;0;0;0;0;0;0;0;0;0;0;0;0;0;0;0;0;0;0;0;0;0;0;0;0;0;0;0;0;0;0;0;0;0;0;0;0;0
15.05.2024;00:19;A147;1;0;0;0;0;0;0;0;0;0;0;0;0;0;0;1;0;0;0;0;0;1;2;0;0;0;0;0;0;0;0;0;0;0;0;0;0;0;0;0;0;1;0;1;0;1;1;1;2;0;0;0;0;0;0;0;0;0;0;0;0;0;0;0;0;0;0;0;0;0;0;0;0;0;0;0;0;0;0;0;0;0;0;0;0;0;0;0;0;0;0;0;0;0;0;0;0;0;0;0;0;0;0;0;0;0;0;0;0;0;0
15.05.2024;00:18;A147;1;0;0;0;0;0;0;0;0;0;0;0;0;0;0;0;0;0;0;0;0;0;0;0;0;0;0;0;0;0;0;0;0;0;0;0;0;0;0;0;0;2;0;0;0;1;4;0;0;0;0;0;0;0;0;0;0;0;0;0;0;0;0;0;0;0;0;0;0;0;0;0;0;0;0;0;0;0;0;0;0;0;0;0;0;0;0;0;0;0;0;0;0;0;0;0;0;0;0;0;0;0;0;0;0;0;0;0;0;0;0
15.05.2024;00:17;A147;1;0;0;0;0;0;0;0;0;0;0;0;0;0;0;0;0;0;0;0;0;0;0;0;0;0;0;0;0;0;0;0;0;0;0;0;0;0;0;0;0;2;1;1;0;3;5;1;4;0;0;0;0;0;0;0;0;0;0;0;0;0;0;0;0;0;0;0;0;0;0;0;0;0;0;0;0;0;0;0;0;0;0;0;0;0;0;0;0;0;0;0;0;0;0;0;0;0;0;0;0;0;0;0;0;0;0;0;0;0;0
15.05.2024;00:16;A147;1;0;0;0;0;0;0;0;0;0;0;0;0;2;1;0;0;0;0;3;4;0;0;0;0;0;0;0;0;0;0;0;0;0;0;0;0;0;0;0;0;0;0;0;0;0;0;0;0;0;0;0;0;0;0;0;0;0;0;0;0;0;0;0;0;0;0;0;0;0;0;0;0;0;0;0;0;0;0;0;0;0;0;0;0;0;0;0;0;0;0;0;0;0;0;0;0;0;0;0;0;0;0;0;0;0;0;0;0;0;0
15.05.2024;00:15;A147;1;0;0;0;0;0;0;0;0;0;0;0;0;1;1;0;0;0;0;1;2;0;0;1;34;0;3;0;0;0;0;0;0;0;0;1;0;1;0;0;0;0;0;0;0;0;0;0;0;0;0;0;0;0;0;0;0;0;0;0;0;0;0;0;0;0;0;0;0;0;0;0;0;0;0;0;0;0;0;0;0;0;0;0;0;0;0;0;0;0;0;0;0;0;0;0;0;0;0;0;0;0;0;0;0;0;0;0;0;0;0
15.05.2024;00:14;A147;1;0;0;0;0;0;0;0;0;0;0;0;0;0;0;0;0;0;0;0;0;0;0;1;75;2;9;1;1;0;0;0;0;0;0;0;0;0;0;0;0;2;31;1;0;4;10;0;3;0;0;0;0;0;0;0;0;0;0;0;0;0;0;0;0;0;0;0;0;0;0;0;0;0;0;0;0;0;0;0;0;0;0;0;0;0;0;0;0;0;0;0;0;0;0;0;0;0;0;0;0;0;0;0;0;0;0;0;0;0;0
15.05.2024;00:13;A147;1;0;0;0;0;0;0;0;0;0;0;0;0;0;0;0;0;0;0;0;0;0;0;0;0;0;0;0;0;0;0;0;0;0;0;1;26;1;26;3;4;2;5;0;0;1;10;1;1;0;0;0;0;0;0;0;0;0;0;0;0;0;0;0;0;0;0;0;0;0;0;0;0;0;0;0;0;0;0;0;0;1;1;0;0;0;0;0;0;0;0;0;0;0;0;0;0;0;0;0;0;0;0;0;0;0;0;0;0;0;0
15.05.2024;00:12;A147;1;0;0;0;0;0;0;0;0;0;0;0;0;0;0;1;0;0;0;0;0;2;4;0;0;0;0;0;0;0;0;0;0;0;0;0;0;0;0;0;0;2;1;0;0;4;5;0;0;0;0;0;0;0;0;0;0;0;0;0;0;0;0;0;0;0;0;0;0;0;0;0;0;0;0;0;0;0;0;0;0;0;0;0;0;0;0;0;0;0;0;0;0;0;0;0;0;0;0;0;0;0;0;0;0;0;0;0;0;0;0
15.05.2024;00:11;A147;1;0;0;0;0;0;0;0;0;0;0;0;0;1;0;0;0;0;0;1;2;0;0;0;0;0;0;0;0;0;0;0;0;0;0;0;0;0;0;0;0;2;1;0;0;2;8;0;0;0;0;0;0;0;0;0;0;0;0;0;0;0;0;0;0;0;0;0;0;0;0;0;0;0;0;0;0;0;0;0;0;0;0;0;0;0;0;0;0;0;0;0;0;0;0;0;0;0;0;0;0;0;0;0;0;0;0;0;0;0;0
15.05.2024;00:10;A147;1;0;0;0;0;0;8;0;7;0;0;0;0;0;0;0;0;0;0;0;0;0;0;0;0;0;0;0;0;0;0;0;0;0;0;0;0;0;0;0;0;1;1;0;35;1;3;0;0;0;0;0;0;0;0;0;0;0;0;0;0;0;0;0;0;0;0;0;0;0;0;0;0;0;0;0;0;0;0;0;0;0;0;0;0;0;0;0;0;0;0;0;0;0;0;0;0;0;0;0;0;0;0;0;0;0;0;0;0;0;0
15.05.2024;00:09;A147;1;0;0;0;0;1;68;1;71;2;3;0;0;0;0;0;0;0;0;0;0;0;0;0;0;0;0;0;51;0;0;0;0;0;0;0;0;0;0;0;0;1;3;2;58;1;4;1;8;0;0;0;0;0;0;0;0;0;0;0;0;0;0;0;0;0;0;0;0;0;0;0;0;0;0;0;0;0;0;0;0;0;0;0;0;0;0;0;0;0;0;0;0;0;0;0;0;0;0;0;0;0;0;0;0;0;0;0;0;0;0
15.05.2024;00:08;A147;1;1;0;0;0;2;21;1;27;1;3;0;0;0;0;0;0;0;0;0;0;0;0;0;0;0;0;1;47;0;0;0;0;0;0;0;0;0;0;0;0;1;51;0;0;1;5;0;0;0;0;0;0;0;0;0;0;0;0;0;0;0;0;0;0;0;0;0;0;0;0;0;0;0;0;0;0;0;0;0;0;0;0;0;0;0;0;0;0;0;0;0;0;0;0;0;0;0;0;0;0;0;0;0;0;0;0;0;0;0;0
15.05.2024;00:07;A147;1;0;0;0;0;0;0;0;0;0;0;0;0;0;0;0;0;0;0;0;0;0;0;0;0;0;0;1;16;0;0;2;2;0;0;0;0;0;0;0;0;0;14;0;0;0;0;0;0;0;0;0;0;0;0;0;0;0;0;0;0;0;0;0;0;0;0;0;0;0;0;0;0;0;0;0;0;0;0;0;0;0;0;0;0;0;0;0;0;0;0;0;0;0;0;0;0;0;0;0;0;0;0;0;0;0;0;0;0;0;0
15.05.2024;00:06;A147;1;1;1;1;4;0;0;0;0;0;0;0;0;0;0;0;0;0;0;0;0;0;0;0;0;0;0;0;0;1;33;0;0;0;0;0;0;0;0;0;0;2;23;0;0;2;11;0;0;0;0;0;0;0;0;0;0;0;0;0;0;0;0;0;0;0;0;0;0;0;0;0;0;0;0;0;0;0;0;0;0;0;0;0;0;0;0;0;0;0;0;0;0;0;0;0;0;0;0;0;0;0;0;0;0;0;0;0;0;0;0
15.05.2024;00:05;A147;1;0;0;0;0;0;0;1;0;0;0;1;1;3;22;0;0;1;4;2;25;0;0;0;0;0;0;0;0;0;0;0;0;0;0;0;0;0;0;0;0;2;27;0;0;2;29;0;0;0;0;0;0;0;0;0;0;0;0;0;0;0;0;0;0;0;0;0;0;0;0;0;0;0;0;0;0;0;0;0;0;0;0;0;0;0;0;0;0;0;0;0;0;0;0;0;0;0;0;0;0;0;0;0;0;0;0;0;0;0;0
15.05.2024;00:04;A147;1;2;22;2;16;3;33;2;34;0;0;0;0;1;16;0;0;0;0;4;13;0;0;0;0;0;0;0;0;0;0;0;0;0;0;0;0;0;0;0;0;1;14;0;0;1;6;0;0;0;0;0;0;0;0;0;0;0;0;0;0;0;0;0;0;0;0;0;0;0;0;0;0;0;0;0;0;0;0;0;0;0;0;0;0;0;0;0;0;0;0;0;0;0;0;0;0;0;0;0;0;0;0;0;0;0;0;0;0;0;0
15.05.2024;00:03;A147;1;0;0;0;0;1;16;1;15;0;0;0;0;0;0;0;0;0;0;0;0;0;0;0;0;0;0;0;0;0;0;0;0;0;0;0;0;0;0;0;0;1;39;1;1;2;2;1;7;0;0;0;0;0;0;0;0;0;0;0;0;0;0;0;0;0;0;0;0;0;0;0;0;0;0;0;0;0;0;0;0;0;0;0;0;0;0;0;0;0;0;0;0;0;0;0;0;0;0;0;0;0;0;0;0;0;0;0;0;0;0
15.05.2024;00:02;A147;1;0;0;0;0;1;22;1;24;4;5;1;1;0;0;0;0;1;3;0;0;0;0;0;0;0;0;1;31;0;0;0;0;0;0;0;0;0;0;0;0;1;39;0;0;1;3;0;0;0;0;0;0;0;0;0;0;0;0;0;0;0;0;0;0;0;0;0;0;0;0;0;0;0;0;0;0;0;0;0;0;0;0;0;0;0;0;0;0;0;0;0;0;0;0;0;0;0;0;0;0;0;0;0;0;0;0;0;0;0;0
15.05.2024;00:01;A147;1;0;0;0;0;3;26;3;25;3;5;0;0;2;51;0;0;2;46;1;50;0;0;0;0;0;0;0;0;0;0;0;0;0;0;0;0;0;0;0;0;0;0;0;0;0;0;0;0;0;0;0;0;0;0;0;0;0;0;0;0;0;0;0;0;0;0;0;0;0;0;0;0;0;0;0;0;0;0;0;0;0;0;0;0;0;0;0;0;0;0;0;0;0;0;0;0;0;0;0;0;0;0;0;0;0;0;0;0;0;0
15.05.2024;00:00;A147;1;1;36;1;1;1;66;1;68;4;9;0;0;3;55;1;0;0;0;3;11;1;1;0;0;0;0;0;0;0;0;0;0;0;0;0;0;0;0;0;0;1;16;1;15;0;7;2;9;0;0;0;0;0;0;0;0;0;0;0;0;0;0;0;0;0;0;0;0;0;0;0;0;0;0;0;0;0;0;0;0;0;0;0;0;0;0;0;0;0;0;0;0;0;0;0;0;0;0;0;0;0;0;0;0;0;0;0;0;0;0
14.05.2024;23:59;A147;1;1;15;1;2;0;0;0;0;1;1;0;0;2;43;0;0;0;0;3;10;0;0;0;0;0;0;2;29;0;0;2;0;0;0;0;0;0;0;0;0;1;0;0;0;3;4;0;0;0;0;0;0;0;0;0;0;0;0;0;0;0;0;0;0;0;0;0;0;0;0;0;0;0;0;0;0;0;0;0;0;0;0;0;0;0;0;0;0;0;0;0;0;0;0;0;0;0;0;0;0;0;0;0;0;0;0;0;0;0;0
14.05.2024;23:58;A147;1;0;26;0;0;0;0;0;0;0;0;1;40;1;0;0;0;1;5;0;1;0;0;0;0;0;0;0;0;0;0;0;0;0;0;0;0;0;0;0;0;1;52;1;52;2;7;1;7;0;0;0;0;0;0;0;0;0;0;0;0;0;0;0;0;0;0;0;0;0;0;0;0;0;0;0;0;0;0;0;0;0;0;0;0;0;0;0;0;0;0;0;0;0;0;0;0;0;0;0;0;0;0;0;0;0;0;0;0;0;0
14.05.2024;23:57;A147;1;1;9;1;4;1;24;1;24;1;7;0;0;0;0;0;0;0;0;1;0;0;0;0;0;0;0;0;0;0;0;0;0;0;0;0;0;0;0;0;0;1;0;0;0;1;3;0;0;0;0;0;0;0;0;0;0;0;0;0;0;0;0;0;0;0;0;0;0;0;0;0;0;0;0;0;0;0;0;0;0;0;0;0;0;0;0;0;0;0;0;0;0;0;0;0;0;0;0;0;0;0;0;0;0;0;0;0;0;0;0
14.05.2024;23:56;A147;1;0;0;0;0;1;24;1;24;1;4;0;0;0;0;0;0;0;0;0;0;0;0;0;0;0;0;0;0;0;0;0;0;0;0;0;0;0;0;0;0;0;0;0;0;0;0;0;0;0;0;0;0;0;0;0;0;0;0;0;0;0;0;0;0;0;0;0;0;0;0;0;0;0;0;0;0;0;0;0;0;0;0;0;0;0;0;0;0;0;0;0;0;0;0;0;0;0;0;0;0;0;0;0;0;0;0;0;0;0;0
14.05.2024;23:55;A147;1;0;0;0;0;0;0;0;0;0;0;0;0;0;0;0;0;0;0;0;0;0;0;0;0;0;0;0;0;0;0;0;0;0;0;0;0;0;0;0;0;2;1;0;0;2;6;0;0;0;0;0;0;0;0;0;0;0;0;0;0;0;0;0;0;0;0;0;0;0;0;0;0;0;0;0;0;0;0;0;0;0;0;0;0;0;0;0;0;0;0;0;0;0;0;0;0;0;0;0;0;0;0;0;0;0;0;0;0;0;0
14.05.2024;23:54;A147;1;0;0;0;0;0;0;0;0;0;0;0;0;0;0;1;1;0;0;0;0;3;4;0;0;0;0;0;0;0;0;0;0;0;0;0;0;0;0;0;0;0;0;0;0;0;0;0;0;1;33;1;4;0;0;0;0;0;0;0;0;0;0;0;0;0;0;0;0;0;0;0;0;0;0;0;0;0;0;0;0;0;0;0;0;0;0;0;0;0;0;0;0;0;0;0;0;0;0;0;0;0;0;0;0;0;0;0;0;0;0
14.05.2024;23:53;A147;1;1;27;1;4;1;52;1;54;3;6;0;0;0;0;0;0;0;0;0;0;0;0;0;0;0;0;0;0;0;0;0;0;0;0;0;0;0;0;0;0;0;39;0;0;0;0;0;0;0;0;0;0;0;0;0;0;0;0;0;0;0;0;0;0;0;0;0;0;0;0;0;0;0;0;0;0;0;0;0;0;0;0;0;0;0;0;0;0;0;0;0;0;0;0;0;0;0;0;0;0;0;0;0;0;0;0;0;0;0;0
14.05.2024;23:52;A147;1;0;0;1;3;1;66;1;68;1;3;0;0;0;0;0;0;0;0;0;0;0;0;0;0;0;0;0;0;0;0;0;0;0;0;0;0;0;0;0;0;1;28;0;0;1;8;0;0;0;0;0;0;0;0;0;0;0;0;0;0;0;0;0;0;0;0;0;0;0;0;0;0;0;0;0;0;0;0;0;0;0;0;0;0;0;0;0;0;0;0;0;0;0;0;0;0;0;0;0;0;0;0;0;0;0;0;0;0;0;0
14.05.2024;23:51;A147;1;1;2;1;4;0;0;0;0;0;0;0;0;1;1;0;0;0;0;0;1;0;0;0;0;0;0;0;0;1;16;0;0;2;0;0;0;0;0;0;0;1;7;1;0;0;0;2;2;0;0;0;0;0;0;0;0;0;0;0;0;0;0;0;0;0;0;0;0;0;0;0;0;0;0;0;0;0;0;0;0;0;0;0;0;0;0;0;0;0;0;0;0;0;0;0;0;0;0;0;0;0;0;0;0;0;0;0;0;0;0
14.05.2024;23:50;A147;1;0;0;0;0;0;0;0;0;0;0;0;0;1;0;0;0;0;0;2;8;0;0;0;0;0;0;1;33;0;0;0;0;0;0;0;0;0;0;0;0;1;38;0;0;1;7;0;0;0;0;0;0;0;0;0;0;0;0;0;0;0;0;0;0;0;0;0;0;0;0;0;0;0;0;0;0;0;0;0;0;0;0;0;0;0;0;0;0;0;0;0;0;0;0;0;0;0;0;0;0;0;0;0;0;0;0;0;0;0;0
14.05.2024;23:49;A147;1;0;0;0;0;0;0;0;0;0;0;0;0;0;0;0;0;0;0;0;0;0;0;0;0;0;0;0;0;0;0;0;0;0;0;0;0;0;0;0;0;3;3;0;0;3;6;0;0;0;0;0;0;0;0;0;0;0;0;0;0;0;0;0;0;0;0;0;0;0;0;0;0;0;0;0;0;0;0;0;0;0;0;0;0;0;0;0;0;0;0;0;0;0;0;0;0;0;0;0;0;0;0;0;0;0;0;0;0;0;0
14.05.2024;23:48;A147;1;0;0;0;0;1;25;1;25;1;1;0;0;1;1;1;0;0;0;2;2;1;3;0;0;0;0;0;0;0;0;0;0;0;0;0;0;0;0;0;0;2;6;0;0;1;19;0;0;0;0;0;0;0;0;0;0;0;0;0;0;0;0;0;0;0;0;0;0;0;0;0;0;0;0;0;0;0;0;0;0;0;0;0;0;0;0;0;0;0;0;0;0;0;0;0;0;0;0;0;0;0;0;0;0;0;0;0;0;0;0
14.05.2024;23:47;A147;1;0;0;0;0;0;0;0;0;0;0;0;0;0;0;0;0;0;0;0;0;0;0;0;0;0;0;0;0;0;0;0;0;0;0;0;0;0;0;0;0;2;1;0;0;3;6;0;0;0;0;0;0;0;0;0;0;0;0;0;0;0;0;0;0;0;0;0;0;0;0;0;0;0;0;0;0;0;0;0;0;0;0;0;0;0;0;0;0;0;0;0;0;0;0;0;0;0;0;0;0;0;0;0;0;0;0;0;0;0;0
14.05.2024;23:46;A147;1;0;0;0;0;0;0;0;0;0;0;0;0;0;0;1;0;0;0;0;0;1;2;0;0;0;0;1;1;0;0;0;0;0;0;0;0;0;0;0;0;0;0;0;0;0;0;0;0;0;0;0;0;0;0;0;0;0;0;0;0;0;0;0;0;0;0;0;0;0;0;0;0;0;0;0;0;0;0;0;0;0;0;0;0;0;0;0;0;0;0;0;0;0;0;0;0;0;0;0;0;0;0;0;0;0;0;0;0;0;0
14.05.2024;23:45;A147;1;1;22;1;1;0;0;0;0;1;2;1;1;0;0;0;0;2;2;0;0;0;0;0;0;0;0;0;0;0;0;0;0;0;0;0;0;0;0;0;0;2;4;1;0;2;7;3;2;0;0;0;0;0;0;0;0;0;0;0;0;0;0;0;0;0;0;0;0;0;0;0;0;0;0;0;0;0;0;0;0;0;0;0;0;0;0;0;0;0;0;0;0;0;0;0;0;0;0;0;0;0;0;0;0;0;0;0;0;0;0
14.05.2024;23:44;A147;1;0;0;0;0;0;0;0;0;0;0;0;0;0;0;0;0;0;0;0;0;0;0;0;0;0;0;0;0;0;0;0;0;0;0;1;31;1;32;3;1;2;30;0;0;2;16;0;0;0;0;0;0;0;0;0;0;0;0;0;0;0;0;0;0;0;0;0;0;0;0;0;0;0;0;0;0;0;0;0;0;0;0;0;0;0;0;0;0;0;0;0;0;0;0;0;0;0;0;0;0;0;0;0;0;0;0;0;0;0;0
14.05.2024;23:43;A147;1;0;0;0;0;1;22;1;24;2;5;0;0;0;0;0;0;0;0;0;0;0;0;0;0;0;0;0;0;0;0;0;0;0;0;0;0;0;0;0;0;2;1;1;0;2;8;2;2;0;0;0;0;0;0;0;0;0;0;0;0;0;0;0;0;0;0;0;0;0;0;0;0;0;0;0;0;0;0;0;0;0;0;0;0;0;0;0;0;0;0;0;0;0;0;0;0;0;0;0;0;0;0;0;0;0;0;0;0;0;0
14.05.2024;23:42;A147;1;0;11;0;0;0;0;0;0;0;0;0;0;4;37;0;0;0;0;2;38;0;0;0;0;0;0;0;0;0;0;0;0;0;0;0;0;0;0;0;0;2;74;2;1;0;78;1;5;0;0;0;0;0;0;0;0;0;0;0;0;0;0;0;0;0;0;0;0;0;0;0;0;0;0;0;0;0;0;0;0;0;0;0;0;0;0;0;0;0;0;0;0;0;0;0;0;0;0;0;0;0;0;0;0;0;0;0;0;0;0
14.05.2024;23:41;A147;1;1;14;2;6;1;12;1;12;1;3;0;0;1;13;1;19;0;0;2;2;2;6;0;0;0;0;1;1;0;0;0;0;0;0;0;0;0;0;0;0;5;8;3;42;6;59;5;39;0;0;0;0;0;0;0;0;0;0;0;0;0;0;0;0;0;0;0;0;0;0;0;0;0;0;0;0;0;0;0;0;0;0;0;0;0;0;0;0;0;0;0;0;0;0;0;0;0;0;0;0;0;0;0;0;0;0;0;0;0;0
14.05.2024;23:40;A147;1;0;0;0;0;0;0;1;0;0;0;0;0;0;0;1;0;0;0;0;0;1;2;0;0;0;0;0;0;1;3;0;0;1;1;0;0;0;0;0;0;2;3;0;0;3;6;0;0;0;0;0;0;0;0;0;0;0;0;0;0;0;0;0;0;0;0;0;0;0;0;0;0;0;0;0;0;0;0;0;0;0;0;0;0;0;0;0;0;0;0;0;0;0;0;0;0;0;0;0;0;0;0;0;0;0;0;0;0;0;0
14.05.2024;23:39;A147;1;1;16;0;0;0;0;0;0;0;0;0;0;2;1;0;0;0;0;2;4;0;0;0;0;0;0;0;0;2;36;0;0;0;0;0;0;0;0;0;0;0;0;0;0;0;0;0;0;0;0;0;0;0;0;0;0;0;0;0;0;0;0;0;0;0;0;0;0;0;0;0;0;0;0;0;0;0;0;0;0;0;0;0;0;0;0;0;0;0;0;0;0;0;0;0;0;0;0;0;0;0;0;0;0;0;0;0;0;0;0
14.05.2024;23:38;A147;1;0;0;0;0;0;0;0;0;0;0;0;0;0;0;0;0;0;0;0;0;0;0;0;0;0;0;1;26;0;0;2;3;0;0;0;0;0;0;0;0;0;0;0;0;0;0;0;0;0;0;0;0;0;0;0;0;0;0;0;0;0;0;0;0;0;0;0;0;0;0;0;0;0;0;0;0;0;0;0;0;0;0;0;0;0;0;0;0;0;0;0;0;0;0;0;0;0;0;0;0;0;0;0;0;0;0;0;0;0;0
14.05.2024;23:37;A147;1;0;0;0;0;0;0;0;0;0;0;0;0;2;1;0;0;0;0;2;4;0;0;0;0;0;0;0;0;0;0;0;0;0;0;0;0;0;0;0;0;1;1;0;0;1;5;0;0;0;16;0;0;0;0;0;0;0;0;0;0;0;0;0;0;0;0;0;0;0;0;0;0;0;0;0;0;0;0;0;0;0;0;0;0;0;0;0;0;0;0;0;0;0;0;0;0;0;0;0;0;0;0;0;0;0;0;0;0;0;0
14.05.2024;23:36;A147;1;1;0;1;2;0;0;0;0;0;0;0;0;2;44;1;10;0;0;2;32;2;7;0;0;0;0;1;16;0;0;0;0;0;0;0;0;0;0;0;0;3;45;1;2;5;21;2;10;1;1;1;2;0;0;0;0;0;0;0;0;0;0;0;0;0;0;0;0;0;0;0;0;0;0;0;0;0;0;0;0;0;0;0;0;0;0;0;0;0;0;0;0;0;0;0;0;0;0;0;0;0;0;0;0;0;0;0;0;0;0
14.05.2024;23:35;A147;1;0;0;0;0;0;0;0;0;0;0;1;1;2;1;0;0;1;4;3;5;0;0;1;22;1;3;1;12;0;0;0;0;0;0;1;0;1;0;0;0;2;1;0;0;2;8;0;0;0;0;0;0;0;0;0;0;0;0;0;0;0;0;0;0;0;0;0;0;0;0;0;0;0;0;0;0;0;0;0;0;0;0;0;0;0;0;0;0;0;0;0;0;0;0;0;0;0;0;0;0;0;0;0;0;0;0;0;0;0;0
14.05.2024;23:34;A147;1;0;0;0;0;0;0;0;0;0;0;0;0;0;0;0;0;0;0;0;0;0;0;1;18;1;4;0;0;0;0;0;0;0;0;0;0;0;0;0;0;0;0;0;0;0;0;0;0;0;0;0;0;0;0;0;0;0;0;0;0;0;0;0;0;0;0;0;0;0;0;0;0;0;0;0;0;0;0;0;0;0;0;0;0;0;0;0;0;0;0;0;0;0;0;0;0;0;0;0;0;0;0;0;0;0;0;0;0;0;0
14.05.2024;23:33;A147;1;0;0;0;0;0;0;0;0;0;0;0;0;3;24;1;0;0;0;3;11;2;3;0;0;0;0;1;1;1;1;0;0;0;0;0;0;0;0;0;0;1;0;0;0;1;4;0;0;0;0;0;0;0;0;0;0;0;0;0;0;0;0;0;0;0;0;0;0;0;0;0;0;0;0;0;0;0;0;0;0;0;0;0;0;0;0;0;0;0;0;0;0;0;0;0;0;0;0;0;0;0;0;0;0;0;0;0;0;0;0
14.05.2024;23:32;A147;1;0;0;0;0;0;17;0;16;0;0;0;0;0;0;0;0;0;0;0;0;0;0;0;0;0;0;0;0;1;34;0;0;0;0;0;0;0;0;0;0;3;19;1;1;3;14;1;8;0;0;0;0;0;0;0;0;0;0;0;0;0;0;0;0;0;0;0;0;0;0;0;0;0;0;0;0;0;0;0;0;0;0;0;0;0;0;0;0;0;0;0;0;0;0;0;0;0;0;0;0;0;0;0;0;0;0;0;0;0;0
14.05.2024;23:31;A147;1;0;0;1;2;1;43;1;43;1;4;0;0;1;5;0;0;0;0;1;4;0;0;0;0;0;0;0;0;1;53;0;0;3;1;0;0;0;0;0;0;3;1;0;0;3;3;0;0;0;0;0;0;0;0;0;0;0;0;0;0;0;0;0;0;0;0;0;0;0;0;0;0;0;0;0;0;0;0;0;0;0;0;0;0;0;0;0;0;0;0;0;0;0;0;0;0;0;0;0;0;0;0;0;0;0;0;0;0;0;0
14.05.2024;23:30;A147;1;0;0;0;0;2;20;2;22;1;5;0;0;3;49;1;24;0;0;5;6;2;6;0;0;0;0;0;0;0;0;0;0;0;0;0;0;0;0;0;0;2;2;1;1;2;6;2;4;0;0;0;0;0;0;0;0;0;0;0;0;0;0;0;0;0;0;0;0;0;0;0;0;0;0;0;0;0;0;0;0;0;0;0;0;0;0;0;0;0;0;0;0;0;0;0;0;0;0;0;0;0;0;0;0;0;0;0;0;0;0
14.05.2024;23:29;A147;1;0;0;0;0;0;0;0;0;0;0;0;0;1;0;0;0;0;0;2;1;0;0;0;0;0;0;0;0;1;30;0;0;0;0;0;0;0;0;0;0;1;0;0;0;1;4;0;0;0;0;0;0;0;0;0;0;0;0;0;0;0;0;0;0;0;0;0;0;0;0;0;0;0;0;0;0;0;0;0;0;0;0;0;0;0;0;0;0;0;0;0;0;0;0;0;0;0;0;0;0;0;0;0;0;0;0;0;0;0;0
14.05.2024;23:28;A147;1;0;0;0;0;0;0;0;0;0;0;0;0;3;1;0;0;0;0;3;6;0;0;0;0;0;0;0;0;0;0;0;0;0;0;0;0;0;0;0;0;1;1;0;0;1;4;0;0;0;0;0;0;0;0;0;0;0;0;0;0;0;0;0;0;0;0;0;0;0;0;0;0;0;0;0;0;0;0;0;0;0;0;0;0;0;0;0;0;0;0;0;0;0;0;0;0;0;0;0;0;0;0;0;0;0;0;0;0;0;0
14.05.2024;23:27;A147;1;0;0;0;0;0;0;0;0;0;0;0;0;0;0;0;0;0;0;0;0;0;0;0;0;0;0;0;0;0;0;0;0;0;0;0;0;0;0;0;0;1;0;1;0;1;4;1;3;0;0;0;0;0;0;0;0;0;0;0;0;0;0;0;0;0;0;0;0;0;0;0;0;0;0;0;0;0;0;0;0;0;0;0;0;0;0;0;0;0;0;0;0;0;0;0;0;0;0;0;0;0;0;0;0;0;0;0;0;0;0
14.05.2024;23:26;A147;1;1;1;2;6;0;0;0;0;0;0;0;0;2;1;0;0;0;0;3;4;0;0;0;0;0;0;1;2;0;0;0;0;0;0;0;0;0;0;0;0;0;0;0;0;0;0;0;0;0;0;0;0;0;0;0;0;0;0;0;0;0;0;0;0;0;0;0;0;0;0;0;0;0;0;0;0;0;0;0;0;0;0;0;0;0;0;0;0;0;0;0;0;0;0;0;0;0;0;0;0;0;0;0;0;0;0;0;0;0;0
14.05.2024;23:25;A147;1;1;1;0;4;0;0;0;0;0;0;0;0;2;27;1;46;0;0;1;32;0;6;0;0;0;0;1;31;0;0;1;2;0;0;0;31;0;30;0;0;5;3;0;0;2;14;0;0;0;0;0;0;0;0;0;0;0;0;0;0;0;0;0;0;0;0;0;0;0;0;0;0;0;0;0;0;0;0;0;0;0;0;0;0;0;0;0;0;0;0;0;0;0;0;0;0;0;0;0;0;0;0;0;0;0;0;0;0;0;0
14.05.2024;23:24;A147;1;1;32;2;6;0;0;0;0;0;0;0;0;1;19;0;0;0;0;0;0;1;1;0;0;0;0;1;14;0;0;2;3;0;0;1;6;1;7;2;2;1;26;0;25;1;3;0;0;0;0;0;0;0;0;0;0;0;0;0;0;0;0;0;0;0;0;0;0;0;0;0;0;0;0;0;0;0;0;0;0;0;0;0;0;0;0;0;0;0;0;0;0;0;0;0;0;0;0;0;0;0;0;0;0;0;0;0;0;0;0
14.05.2024;23:23;A147;1;1;1;1;2;0;0;0;0;1;2;0;0;1;1;0;0;0;0;1;10;0;0;0;0;0;0;0;0;0;0;0;0;0;0;0;0;0;0;0;0;2;36;1;27;2;14;1;9;0;0;0;0;0;0;0;0;0;0;0;0;0;0;0;0;0;0;0;0;0;0;0;0;0;0;0;0;0;0;0;0;0;0;0;0;0;0;0;0;0;0;0;0;0;0;0;0;0;0;0;0;0;0;0;0;0;0;0;0;0;0
14.05.2024;23:22;A147;1;2;30;2;8;3;26;3;25;2;9;0;0;0;0;0;0;0;0;1;9;0;0;0;0;0;0;0;0;0;0;0;0;0;0;0;0;0;0;0;0;1;33;2;5;2;4;4;11;0;0;0;0;0;0;0;0;0;0;0;0;0;0;0;0;0;0;0;0;0;0;0;0;0;0;0;0;0;0;0;0;0;0;0;0;0;0;0;0;0;0;0;0;0;0;0;0;0;0;0;0;0;0;0;0;0;0;0;0;0;0
14.05.2024;23:21;A147;1;0;0;0;0;0;0;0;0;0;0;0;0;2;7;0;0;0;0;3;7;0;0;0;0;0;0;2;21;0;0;1;1;0;0;0;0;0;0;0;0;2;1;1;0;4;11;2;3;0;0;0;0;0;0;0;0;0;0;0;0;0;0;0;0;0;0;0;0;0;0;0;0;0;0;0;0;0;0;0;0;0;0;0;0;0;0;0;0;0;0;0;0;0;0;0;0;0;0;0;0;0;0;0;0;0;0;0;0;0;0
14.05.2024;23:20;A147;1;0;0;0;0;0;49;0;48;0;0;0;0;1;1;0;0;0;0;1;2;0;0;0;29;0;0;1;22;0;0;1;1;0;0;0;0;0;0;0;0;0;0;0;0;0;0;0;0;0;0;0;0;0;0;0;0;0;0;0;0;0;0;0;0;0;0;0;0;0;0;0;0;0;0;0;0;0;0;0;0;0;0;0;0;0;0;0;0;0;0;0;0;0;0;0;0;0;0;0;0;0;0;0;0;0;0;0;0;0;0
14.05.2024;23:19;A147;1;1;14;0;0;1;78;1;78;0;0;0;0;3;2;0;0;0;0;3;7;0;0;1;5;1;7;0;0;0;0;0;0;0;0;0;0;0;0;0;0;2;43;0;0;1;15;0;0;0;0;0;0;0;0;0;0;0;0;0;0;0;0;0;0;0;0;0;0;0;0;0;0;0;0;0;0;0;0;0;0;0;0;0;0;0;0;0;0;0;0;0;0;0;0;0;0;0;0;0;0;0;0;0;0;0;0;0;0;0;0
14.05.2024;23:18;A147;1;2;50;2;17;1;11;1;12;2;2;0;0;2;1;0;0;0;0;2;2;0;0;0;0;0;0;0;0;1;0;0;0;0;0;0;0;0;0;0;0;1;5;0;0;1;6;0;0;0;0;0;0;0;0;0;0;0;0;0;0;0;0;0;0;0;0;0;0;0;0;0;0;0;0;0;0;0;0;0;0;0;0;0;0;0;0;0;0;0;0;0;0;0;0;0;0;0;0;0;0;0;0;0;0;0;0;0;0;0;0
14.05.2024;23:17;A147;1;1;73;1;4;0;0;0;0;0;0;0;0;2;8;3;5;0;0;2;14;4;15;0;0;0;0;0;0;0;0;0;0;0;0;0;35;0;35;0;0;1;0;0;0;1;2;0;0;0;0;0;0;0;0;0;0;0;0;0;0;0;0;0;0;0;0;0;0;0;0;0;0;0;0;0;0;0;0;0;0;0;0;0;0;0;0;0;0;0;0;0;0;0;0;0;0;0;0;0;0;0;0;0;0;0;0;0;0;0;0
14.05.2024;23:16;A147;1;0;0;0;0;0;0;0;0;0;0;1;20;2;3;1;16;0;0;2;8;0;3;0;0;0;0;0;0;0;0;0;0;0;0;1;13;1;14;0;0;0;25;0;0;0;0;0;0;0;0;0;0;0;0;0;0;0;0;0;0;0;0;0;0;0;0;0;0;0;0;0;0;0;0;0;0;0;0;0;0;0;0;0;0;0;0;0;0;0;0;0;0;0;0;0;0;0;0;0;0;0;0;0;0;0;0;0;0;0;0
14.05.2024;23:15;A147;1;0;0;0;0;1;0;1;0;0;0;0;0;0;0;0;0;2;3;0;0;1;3;0;0;0;0;2;45;1;1;3;3;0;0;0;0;0;0;0;0;2;26;2;1;2;8;1;6;0;0;0;0;0;0;0;0;0;0;0;0;0;0;0;0;0;0;0;0;0;0;0;0;0;0;0;0;0;0;0;0;0;0;0;0;0;0;0;0;0;0;0;0;0;0;0;0;0;0;0;0;0;0;0;0;0;0;0;0;0;0
14.05.2024;23:14;A147;1;0;0;0;0;0;0;0;0;0;0;0;0;3;2;0;0;0;0;4;4;0;0;1;22;1;4;0;0;1;1;0;0;1;0;0;0;0;0;0;0;3;23;2;16;7;23;5;7;0;0;0;0;0;0;0;0;0;0;0;0;0;0;0;0;0;0;0;0;0;0;0;0;0;0;0;0;0;0;0;0;0;0;0;0;0;0;0;0;0;0;0;0;0;0;0;0;0;0;0;0;0;0;0;0;0;0;0;0;0;0
14.05.2024;23:13;A147;1;0;0;0;0;0;0;0;0;0;0;0;0;1;17;0;0;0;0;3;13;0;0;0;0;0;0;2;25;0;0;2;3;0;0;0;0;0;0;0;0;3;2;2;1;3;13;1;7;0;0;0;0;0;0;0;0;0;0;0;0;0;0;0;0;0;0;0;0;0;0;0;0;0;0;0;0;0;0;0;0;0;0;0;0;0;0;0;0;0;0;0;0;0;0;0;0;0;0;0;0;0;0;0;0;0;0;0;0;0;0
14.05.2024;23:12;A147;1;0;0;0;0;0;0;0;0;0;0;0;0;1;28;0;0;0;0;2;33;0;0;0;0;0;0;2;7;1;32;0;0;0;0;0;0;0;0;0;0;0;0;0;0;0;0;0;0;0;0;0;0;0;0;0;0;0;0;0;0;0;0;0;0;0;0;0;0;0;0;0;0;0;0;0;0;0;0;0;0;0;0;0;0;0;0;0;0;0;0;0;0;0;0;0;0;0;0;0;0;0;0;0;0;0;0;0;0;0;0
14.05.2024;23:11;A147;1;0;0;0;0;0;33;0;32;0;0;0;0;1;0;0;0;0;0;1;2;0;0;0;0;0;0;0;0;0;0;0;0;0;0;0;0;0;0;0;0;1;0;1;0;1;3;1;4;0;0;0;0;0;0;0;0;0;0;0;0;0;0;0;0;0;0;0;0;0;0;0;0;0;0;0;0;0;0;0;0;0;0;0;0;0;0;0;0;0;0;0;0;0;0;0;0;0;0;0;0;0;0;0;0;0;0;0;0;0;0
14.05.2024;23:10;A147;1;0;0;0;0;2;55;2;57;2;7;0;0;3;15;0;0;0;0;5;8;0;0;0;0;0;0;0;0;0;0;0;0;0;0;0;0;0;0;0;0;3;24;0;0;2;24;0;0;0;0;0;0;0;0;0;0;0;0;0;0;0;0;0;0;0;0;0;0;0;0;0;0;0;0;0;0;0;0;0;0;0;0;0;0;0;0;0;0;0;0;0;0;0;0;0;0;0;0;0;0;0;0;0;0;0;0;0;0;0;0
14.05.2024;23:09;A147;1;0;0;0;0;1;25;1;25;1;4;0;0;1;0;0;0;0;0;1;3;0;0;0;0;0;0;0;0;0;0;0;0;0;0;1;3;1;4;2;2;1;0;0;0;2;11;0;0;0;0;0;0;0;0;0;0;0;0;0;0;0;0;0;0;0;0;0;0;0;0;0;0;0;0;0;0;0;0;0;0;0;0;0;0;0;0;0;0;0;0;0;0;0;0;0;0;0;0;0;0;0;0;0;0;0;0;0;0;0;0
14.05.2024;23:08;A147;1;0;0;0;0;1;39;1;40;1;4;0;0;2;14;0;0;0;0;2;8;0;0;0;0;0;0;0;0;0;0;0;0;0;0;0;0;0;0;0;0;4;12;0;0;4;14;0;0;0;0;0;0;0;0;0;0;0;0;0;0;0;0;0;0;0;0;0;0;0;0;0;0;0;0;0;0;0;0;0;0;0;0;0;0;0;0;0;0;0;0;0;0;0;0;0;0;0;0;0;0;0;0;0;0;0;0;0;0;0;0
14.05.2024;23:07;A147;1;0;0;0;0;0;0;0;0;0;0;0;0;1;1;0;0;0;0;2;1;0;0;0;0;0;0;0;0;0;0;0;0;0;0;0;0;0;0;0;0;2;1;0;0;3;3;0;0;0;0;0;0;0;0;0;0;0;0;0;0;0;0;0;0;0;0;0;0;0;0;0;0;0;0;0;0;0;0;0;0;0;0;0;0;0;0;0;0;0;0;0;0;0;0;0;0;0;0;0;0;0;0;0;0;0;0;0;0;0;0
14.05.2024;23:06;A147;1;0;0;0;0;0;25;0;24;0;0;1;32;1;47;0;0;2;7;0;0;0;0;0;0;0;0;0;0;0;0;0;0;0;0;0;0;0;0;0;0;4;56;0;0;2;61;0;0;0;0;0;0;0;0;0;0;0;0;0;0;0;0;0;0;0;0;0;0;0;0;0;0;0;0;0;0;0;0;0;0;0;0;0;0;0;0;0;0;0;0;0;0;0;0;0;0;0;0;0;0;0;0;0;0;0;0;0;0;0;0
14.05.2024;23:05;A147;1;0;0;0;0;1;43;1;44;1;3;0;0;2;9;0;0;0;0;4;14;0;0;0;0;0;0;1;32;0;0;0;0;0;0;0;0;0;0;0;0;2;26;1;0;3;14;1;2;0;0;0;0;0;0;0;0;0;0;0;0;0;0;0;0;0;0;0;0;0;0;0;0;0;0;0;0;0;0;0;0;0;0;0;0;0;0;0;0;0;0;0;0;0;0;0;0;0;0;0;0;0;0;0;0;0;0;0;0;0;0
14.05.2024;23:04;A147;1;0;0;0;0;0;22;0;22;0;0;1;1;1;37;0;40;1;3;3;3;0;0;0;90;0;0;0;0;0;0;0;0;0;0;0;0;0;0;0;0;0;0;0;0;0;0;0;0;0;0;0;0;0;0;0;0;0;0;0;0;0;0;0;0;0;0;0;0;0;0;0;0;0;0;0;0;0;0;0;0;0;0;0;0;0;0;0;0;0;0;0;0;0;0;0;0;0;0;0;0;0;0;0;0;0;0;0;0;0;0
14.05.2024;23:03;A147;1;0;0;0;0;1;15;1;16;3;5;0;0;1;0;1;1;0;0;2;7;1;8;1;20;1;4;1;30;0;0;0;0;0;0;0;0;0;0;0;0;0;0;0;0;0;0;0;0;0;0;0;0;0;0;0;0;0;0;0;0;0;0;0;0;0;0;0;0;0;0;0;0;0;0;0;0;0;0;0;0;0;0;0;0;0;0;0;0;0;0;0;0;0;0;0;0;0;0;0;0;0;0;0;0;0;0;0;0;0;0
14.05.2024;23:02;A147;1;0;0;0;0;0;50;0;49;0;0;0;0;0;0;0;0;0;0;0;0;0;0;0;0;0;0;0;0;0;3;0;0;0;0;0;0;0;0;0;0;2;31;2;30;4;20;1;36;0;0;0;0;0;0;0;0;0;0;0;0;0;0;0;0;0;0;0;0;0;0;0;0;0;0;0;0;0;0;0;0;0;0;0;0;0;0;0;0;0;0;0;0;0;0;0;0;0;0;0;0;0;0;0;0;0;0;0;0;0;0
14.05.2024;23:01;A147;1;0;0;0;0;1;16;1;17;1;6;0;0;3;2;0;0;0;0;4;8;0;0;0;0;0;0;0;0;1;24;0;0;0;0;0;0;0;0;2;1;3;32;0;0;3;23;0;0;0;0;0;0;0;0;0;0;0;0;0;0;0;0;0;0;0;0;0;0;0;0;0;0;0;0;0;0;0;0;0;0;0;0;0;0;0;0;0;0;0;0;0;0;0;0;0;0;0;0;0;0;0;0;0;0;0;0;0;0;0;0
14.05.2024;23:00;A147;1;1;51;0;0;2;90;2;92;2;8;1;1;2;1;0;0;3;2;3;5;0;0;0;0;0;0;0;0;1;0;0;0;1;0;0;0;0;0;0;0;1;27;0;1;2;7;0;0;0;0;0;0;0;0;0;0;0;0;0;0;0;0;0;0;0;0;0;0;0;0;0;0;0;0;0;0;0;0;0;0;0;0;0;0;0;0;0;0;0;0;0;0;0;0;0;0;0;0;0;0;0;0;0;0;0;0;0;0;0;0
14.05.2024;22:59;A147;1;2;32;3;35;0;0;0;0;1;1;0;0;0;0;0;0;0;0;0;0;0;0;0;0;0;0;0;0;0;0;0;0;0;0;0;0;0;0;0;0;1;46;2;23;1;1;5;18;0;0;0;0;0;0;0;0;0;0;0;0;0;0;0;0;0;0;0;0;0;0;0;0;0;0;0;0;0;0;0;0;0;0;0;0;0;0;0;0;0;0;0;0;0;0;0;0;0;0;0;0;0;0;0;0;0;0;0;0;0;0
14.05.2024;22:58;A147;1;2;29;2;6;0;0;0;0;1;1;0;0;2;36;0;0;0;0;3;9;0;0;0;0;0;0;0;0;0;24;0;0;0;0;0;0;0;0;0;0;3;38;2;20;3;43;4;16;0;0;0;0;0;0;0;0;0;0;0;0;0;0;0;0;0;0;0;0;0;0;0;0;0;0;0;0;0;0;0;0;0;0;0;0;0;0;0;0;0;0;0;0;0;0;0;0;0;0;0;0;0;0;0;0;0;0;0;0;0;0
14.05.2024;22:57;A147;1;0;0;0;0;1;21;0;21;0;0;0;0;2;1;0;0;0;0;3;2;0;0;0;0;0;0;0;0;1;8;0;0;0;0;0;0;0;0;0;0;4;26;1;17;6;32;1;4;0;0;0;0;0;0;0;0;0;0;0;0;0;0;0;0;0;0;0;0;0;0;0;0;0;0;0;0;0;0;0;0;0;0;0;0;0;0;0;0;0;0;0;0;0;0;0;0;0;0;0;0;0;0;0;0;0;0;0;0;0;0
14.05.2024;22:56;A147;1;0;0;0;0;0;0;1;0;1;6;0;0;4;5;1;0;0;0;3;13;1;2;0;43;0;0;0;0;0;0;0;0;0;0;1;0;0;0;0;0;2;3;0;0;2;8;0;0;0;0;0;0;0;0;0;0;0;0;0;0;0;0;0;0;0;0;0;0;0;0;0;0;0;0;0;0;0;0;0;0;0;0;0;0;0;0;0;0;0;0;0;0;0;0;0;0;0;0;0;0;0;0;0;0;0;0;0;0;0;0
14.05.2024;22:55;A147;1;0;0;0;0;0;0;0;0;0;0;0;0;1;48;0;0;0;0;2;43;1;3;1;32;1;5;1;26;0;0;1;0;0;0;0;0;0;0;0;0;2;33;0;0;2;11;0;0;0;0;0;0;0;0;0;0;0;0;0;0;0;0;0;0;0;0;0;0;0;0;0;0;0;0;0;0;0;0;0;0;0;0;0;0;0;0;0;0;0;0;0;0;0;0;0;0;0;0;0;0;0;0;0;0;0;0;0;0;0;0
14.05.2024;22:54;A147;1;0;0;0;0;0;0;0;0;0;0;0;0;2;5;0;0;0;0;3;5;0;0;0;0;0;0;0;0;0;0;0;0;0;0;0;0;0;0;0;0;4;25;1;22;2;28;1;3;0;0;0;0;0;0;0;0;0;0;0;0;0;0;0;0;0;0;0;0;0;0;0;0;0;0;0;0;0;0;0;0;0;0;0;0;0;0;0;0;0;0;0;0;0;0;0;0;0;0;0;0;0;0;0;0;0;0;0;0;0;0
14.05.2024;22:53;A147;1;1;14;1;6;0;0;0;0;0;0;0;0;0;14;1;7;2;14;0;0;0;1;0;0;0;0;0;0;1;44;0;0;0;0;0;0;0;0;0;0;3;36;1;7;2;43;1;7;0;0;0;0;0;0;0;0;0;0;0;0;0;0;0;0;0;0;0;0;0;0;0;0;0;0;0;0;0;0;0;0;0;0;0;0;0;0;0;0;0;0;0;0;0;0;0;0;0;0;0;0;0;0;0;0;0;0;0;0;0;0
14.05.2024;22:52;A147;1;0;0;0;0;0;0;0;0;0;0;0;0;3;45;0;2;1;20;2;17;1;1;0;0;0;0;1;1;0;0;1;0;0;0;0;0;0;0;0;0;1;0;0;5;4;30;0;0;0;0;0;0;0;0;0;0;1;1;0;0;0;0;0;0;0;0;0;0;0;0;0;0;0;0;0;0;0;0;0;0;0;0;0;0;0;0;0;0;0;0;0;0;0;0;0;0;0;0;0;0;0;0;0;0;0;0;0;0;0;0
14.05.2024;22:51;A147;1;0;48;0;0;0;0;0;0;0;0;0;0;1;22;1;4;0;0;2;22;1;7;0;0;0;0;0;0;1;1;0;0;0;0;0;0;0;0;0;0;2;3;1;35;2;8;1;11;0;22;0;0;0;0;0;0;0;0;0;0;0;0;0;0;0;0;0;0;0;0;0;0;0;0;0;0;0;0;0;0;0;0;0;0;0;0;0;0;0;0;0;0;0;0;0;0;0;0;0;0;0;0;0;0;0;0;0;0;0;0
14.05.2024;22:50;A147;1;1;28;1;2;0;66;0;66;1;1;0;0;1;54;0;0;0;0;1;8;0;0;1;1;0;0;2;26;0;0;1;0;0;0;1;61;1;62;0;0;1;91;1;1;3;72;1;5;1;71;2;3;0;0;0;0;0;0;0;0;0;0;0;0;0;0;3;5;0;0;0;0;0;0;0;0;0;0;0;0;0;0;0;0;0;0;0;0;0;0;1;1;0;0;0;0;0;0;0;0;0;0;0;0;0;0;0;0;0;0
14.05.2024;22:49;A147;1;0;0;0;0;1;33;1;34;1;4;0;0;2;37;1;0;0;0;2;17;3;3;1;19;2;11;1;38;1;1;4;2;0;0;0;0;0;0;2;2;5;26;2;1;4;32;2;8;0;0;0;0;0;0;0;0;0;0;0;0;0;0;0;0;0;0;0;0;0;0;0;0;0;0;0;0;0;0;0;0;0;0;0;0;0;0;0;0;0;0;0;0;0;0;0;0;0;0;0;0;0;0;0;0;0;0;0;0;0;0
14.05.2024;22:48;A147;1;0;0;0;0;0;0;0;0;0;0;0;0;2;10;0;0;0;0;3;13;0;0;0;15;0;0;1;35;0;0;0;0;0;0;0;0;0;0;0;0;2;1;0;0;3;6;0;0;0;15;0;0;0;0;0;0;0;0;0;0;0;0;0;0;0;0;0;0;0;0;0;0;0;0;0;0;0;0;0;0;0;0;0;0;0;0;0;0;0;0;0;0;0;0;0;0;0;0;0;0;0;0;0;0;0;0;0;0;0;0
14.05.2024;22:47;A147;1;0;10;0;0;0;0;0;0;0;0;0;0;1;29;0;0;0;0;1;8;0;0;1;28;1;3;0;0;0;0;0;0;0;0;0;0;0;0;0;0;1;1;0;0;1;8;0;0;1;33;1;3;0;0;0;0;0;0;0;0;0;0;0;0;0;0;0;0;0;0;0;0;0;0;0;0;0;0;0;0;0;0;0;0;0;0;0;0;0;0;0;0;0;0;0;0;0;0;0;0;0;0;0;0;0;0;0;0;0;0
14.05.2024;22:46;A147;1;1;7;1;4;0;23;0;22;0;0;0;0;1;42;1;14;0;0;2;9;3;5;0;91;0;0;0;0;0;0;0;0;0;0;0;0;0;0;0;0;3;54;2;45;3;54;3;48;0;93;0;0;0;0;0;0;0;0;0;0;0;0;0;0;0;0;0;0;0;0;0;0;0;0;0;0;0;0;0;0;0;0;0;0;0;0;0;0;0;0;0;0;0;0;0;0;0;0;0;0;0;0;0;0;0;0;0;0;0;0
14.05.2024;22:45;A147;1;1;72;2;8;1;52;1;54;1;7;0;0;3;23;0;0;0;0;3;4;0;0;2;50;2;10;0;0;0;0;0;0;0;0;0;0;0;0;0;0;3;24;1;2;2;16;2;10;1;2;1;3;0;0;0;0;0;0;0;0;0;0;0;0;0;0;0;0;0;0;0;0;0;0;1;1;0;0;0;0;0;0;0;0;0;0;0;0;1;1;0;0;0;0;0;0;0;0;2;3;0;0;0;0;0;0;0;0;0;0
14.05.2024;22:44;A147;1;0;0;0;0;0;0;0;0;0;0;1;1;2;9;1;8;1;3;4;6;2;4;1;23;1;4;0;0;0;0;0;0;0;0;0;0;0;0;0;0;4;18;0;16;8;13;0;0;0;0;0;0;0;0;0;0;0;0;0;0;0;0;0;0;0;0;0;0;0;0;0;0;0;0;0;0;0;0;0;0;0;0;0;0;0;0;0;0;0;0;0;0;0;0;0;0;0;0;0;0;0;0;0;0;0;0;0;0;0;0
14.05.2024;22:43;A147;1;0;46;0;0;0;0;0;0;0;0;0;0;1;42;1;14;0;0;1;5;1;8;0;0;0;0;0;0;0;0;0;0;0;0;0;0;0;0;0;0;2;52;2;35;2;10;1;6;0;0;0;0;0;0;0;0;0;0;0;0;0;0;0;0;0;0;0;0;0;0;0;0;0;0;0;0;0;0;0;0;0;0;0;0;0;0;0;0;0;0;0;0;0;0;0;0;0;0;0;0;0;0;0;0;0;0;0;0;0;0
14.05.2024;22:42;A147;1;2;47;0;0;1;70;1;70;4;28;0;0;2;2;1;1;0;0;3;5;0;0;1;10;0;3;1;2;1;3;0;0;0;0;1;3;1;2;0;0;1;41;1;54;1;5;2;60;0;0;0;0;0;0;0;0;0;0;0;0;0;0;0;0;0;0;0;0;0;0;0;0;0;0;0;0;0;0;0;0;0;0;0;0;0;0;0;0;0;0;0;0;0;0;0;0;0;0;0;0;0;0;0;0;0;0;0;0;0;0
14.05.2024;22:41;A147;1;2;16;0;0;1;4;1;4;1;0;0;0;2;24;1;23;0;0;1;8;1;1;1;15;2;17;0;0;0;0;0;0;0;0;0;0;0;0;0;0;9;10;2;4;8;19;3;13;0;0;0;0;0;0;0;0;0;0;0;0;0;0;0;0;0;0;0;0;0;0;0;0;0;0;0;0;0;0;0;0;0;0;0;0;0;0;0;0;0;0;0;0;0;0;0;0;0;0;0;0;0;0;0;0;0;0;0;0;0;0
14.05.2024;22:40;A147;1;0;0;1;1;1;62;1;62;2;4;0;0;2;58;1;34;0;0;3;6;3;3;0;0;0;0;0;0;1;15;0;0;2;0;0;0;0;0;0;0;3;21;1;13;4;23;0;13;0;0;0;0;0;0;0;0;0;0;0;0;0;0;1;1;0;0;0;0;0;0;0;0;0;0;0;0;0;0;0;0;0;0;0;0;0;0;0;0;0;0;0;0;0;0;0;0;0;0;0;0;0;0;0;0;0;0;0;0;0;0
14.05.2024;22:39;A147;1;1;0;1;2;0;0;0;0;0;0;1;1;1;49;0;0;3;3;2;4;0;0;0;0;0;0;1;31;0;0;0;0;0;0;0;0;0;0;0;0;1;22;1;15;3;17;2;12;0;0;0;0;0;0;0;0;0;0;0;0;0;0;0;0;0;0;0;0;0;0;0;0;0;0;0;0;0;0;0;0;0;0;0;0;0;0;0;0;0;0;0;0;0;0;0;0;0;0;0;0;0;0;0;0;0;0;0;0;0;0
14.05.2024;22:38;A147;1;0;0;0;0;1;23;1;24;1;0;0;0;2;1;0;0;0;0;3;4;0;0;0;0;0;0;0;0;0;0;0;0;0;0;0;0;0;0;0;0;5;3;2;2;4;9;2;15;0;0;0;0;0;0;0;0;0;0;0;0;0;0;0;0;0;0;0;0;0;0;0;0;0;0;0;0;0;0;0;0;0;0;0;0;0;0;0;0;0;0;0;0;0;0;0;0;0;0;0;0;0;0;0;0;0;0;0;0;0;0
14.05.2024;22:37;A147;1;0;0;0;0;1;0;1;0;0;0;0;0;2;25;0;0;0;0;5;7;0;0;0;0;0;0;0;0;1;0;0;0;2;1;0;0;0;0;0;0;1;8;1;14;2;6;1;6;0;0;0;0;0;0;0;0;0;0;0;0;0;0;0;0;0;0;0;0;0;0;0;0;0;0;0;0;0;0;0;0;0;0;0;0;0;0;0;0;0;0;0;0;0;0;0;0;0;0;0;0;0;0;0;0;0;0;0;0;0;0
14.05.2024;22:36;A147;1;0;0;0;0;1;0;1;0;0;0;0;0;1;19;1;20;0;0;0;6;0;1;0;0;0;0;1;32;1;25;0;0;0;0;0;1;0;0;0;0;3;2;2;1;4;8;3;5;0;0;0;0;0;0;0;0;0;0;0;0;0;0;0;0;0;0;0;0;0;0;0;0;0;0;0;0;0;0;0;0;0;0;0;0;0;0;0;0;0;0;0;0;0;0;0;0;0;0;0;0;0;0;0;0;0;0;0;0;0;0
14.05.2024;22:35;A147;1;0;0;0;0;2;13;2;12;0;14;0;37;2;19;1;3;0;0;4;11;1;5;0;0;0;0;0;0;0;0;0;0;0;0;1;46;1;46;0;0;3;46;0;43;1;49;0;0;0;0;0;0;0;0;0;0;0;0;0;0;0;0;0;0;0;0;0;0;0;0;0;0;0;0;0;0;0;0;0;0;0;0;0;0;0;0;0;0;0;0;0;0;0;0;0;0;0;0;0;0;0;0;0;0;0;0;0;0;0;0
14.05.2024;22:34;A147;1;0;0;2;4;1;86;1;87;4;25;2;7;2;11;1;10;1;4;1;16;2;16;0;0;0;0;0;0;0;0;0;0;0;0;0;0;0;0;0;0;5;62;1;11;4;71;1;6;0;0;0;0;0;0;0;0;0;0;0;0;0;0;0;0;0;0;0;0;0;0;0;0;0;0;0;0;0;0;0;0;0;0;0;0;0;0;0;0;0;0;0;0;0;0;0;0;0;0;0;0;0;0;0;0;0;0;0;0;0;0
14.05.2024;22:33;A147;1;0;0;0;0;2;20;1;77;0;0;0;0;1;42;1;28;0;0;2;24;6;20;0;0;0;0;2;27;1;4;2;3;0;0;0;0;0;0;0;0;2;9;0;0;3;25;0;0;0;0;0;0;0;0;0;0;0;0;0;0;0;0;0;0;0;0;0;0;0;0;0;0;0;0;0;0;0;0;0;0;0;0;0;0;0;0;0;0;0;0;0;0;0;0;0;0;0;0;0;0;0;0;0;0;0;0;0;0;0;0
14.05.2024;22:32;A147;1;0;0;0;0;1;46;1;45;2;6;1;5;5;17;0;0;1;5;4;36;0;0;0;0;0;0;0;0;0;0;0;0;0;0;0;9;0;8;0;0;7;44;2;37;2;63;2;24;0;0;0;0;0;0;0;0;0;0;0;0;0;0;0;0;0;0;0;0;0;0;0;0;0;0;0;0;0;0;0;0;0;0;0;0;0;0;0;0;0;0;0;0;0;0;0;0;0;0;0;0;0;0;0;0;0;0;0;0;0;0
14.05.2024;22:31;A147;1;2;53;1;6;0;100;0;100;2;4;2;7;5;3;1;0;0;48;1;4;2;1;0;0;0;0;0;0;0;0;0;0;0;0;0;100;0;100;0;0;1;77;1;96;1;88;1;9;0;0;0;0;0;0;0;0;0;0;0;0;0;0;0;0;0;0;0;0;0;0;0;0;0;0;0;0;0;0;0;0;0;0;0;0;0;0;0;0;0;0;0;0;0;0;0;0;0;0;0;0;0;0;0;0;0;0;0;0;0;0
14.05.2024;22:30;A147;1;0;0;0;0;1;46;1;47;1;3;0;0;2;34;3;12;2;23;2;2;6;14;1;74;1;5;0;0;0;0;0;0;0;0;1;63;1;64;1;0;1;24;1;42;2;10;3;34;0;0;0;0;0;0;0;0;0;0;0;0;0;0;0;0;0;0;0;0;0;0;0;0;0;0;0;0;0;0;0;0;0;0;0;0;0;0;0;0;0;0;0;0;0;0;0;0;0;0;0;0;0;0;0;0;0;0;0;0;0;0
14.05.2024;22:29;A147;1;3;25;3;11;1;61;1;61;4;9;0;0;3;3;0;0;0;0;3;11;0;0;0;0;0;0;0;0;0;0;0;0;0;0;2;0;0;0;0;0;1;0;1;12;1;4;2;6;0;0;0;0;0;0;0;0;0;0;0;0;0;0;0;0;0;0;0;0;0;0;0;0;0;0;0;0;0;0;0;0;0;0;0;0;0;0;0;0;0;0;0;0;0;0;0;0;0;0;0;0;0;0;0;0;0;0;0;0;0;0
14.05.2024;22:28;A147;1;0;0;0;0;1;14;0;15;0;0;1;0;6;36;4;28;0;0;4;51;5;16;0;0;0;0;0;0;0;0;0;0;0;0;0;0;0;0;0;0;4;4;0;0;4;12;0;0;0;0;0;0;0;0;0;0;0;0;0;0;0;0;0;0;0;0;0;0;0;0;0;0;0;0;0;0;0;0;0;0;0;0;0;0;0;0;0;0;0;0;0;0;0;0;0;0;0;0;0;0;0;0;0;0;0;0;0;0;0;0
14.05.2024;22:27;A147;1;0;0;0;0;0;0;1;0;1;5;0;0;2;1;3;1;0;0;3;5;3;6;0;0;0;0;1;35;1;1;1;1;0;0;0;0;0;0;0;0;1;0;0;0;0;1;0;0;0;0;0;0;0;0;0;0;0;0;0;0;0;0;0;0;0;0;0;0;0;0;0;0;0;0;0;0;0;0;0;0;0;0;0;0;0;0;0;0;0;0;0;0;0;0;0;0;0;0;0;0;0;0;0;0;0;0;0;0;0;0
14.05.2024;22:26;A147;1;0;0;0;0;0;0;0;0;0;0;0;0;2;85;2;3;0;0;3;45;4;19;0;0;0;0;1;16;0;0;2;2;0;0;0;0;0;0;0;0;2;90;0;0;6;49;0;0;0;0;0;0;0;0;0;0;0;0;0;0;0;0;0;0;0;0;0;0;0;0;0;0;0;0;0;0;0;0;0;0;0;0;0;0;0;0;0;0;0;0;0;0;0;0;0;0;0;0;0;0;0;0;0;0;0;0;0;0;0;0
14.05.2024;22:25;A147;1;1;1;1;1;4;68;4;70;5;33;0;0;4;49;1;20;0;0;3;28;1;17;0;0;0;0;0;0;0;0;0;0;0;0;0;0;0;0;0;0;4;51;0;23;3;25;0;0;0;0;0;0;0;0;0;0;0;0;0;0;0;0;0;0;0;0;0;0;0;0;0;0;0;0;0;0;0;0;0;0;0;0;0;0;0;0;0;0;0;0;0;0;0;0;0;0;0;0;0;0;0;0;0;0;0;0;0;0;0;0
14.05.2024;22:24;A147;1;1;20;2;8;1;26;2;27;2;3;0;0;3;69;1;65;0;0;5;69;3;12;0;35;0;0;0;0;1;1;0;0;0;0;1;0;1;0;0;0;3;29;1;18;5;26;2;11;0;34;0;0;0;0;0;0;0;0;0;0;0;0;0;0;0;0;0;0;0;0;0;0;0;0;0;0;0;0;0;0;0;0;0;0;0;0;0;0;0;0;0;0;0;0;0;0;0;0;0;0;0;0;0;0;0;0;0;0;0;0
14.05.2024;22:23;A147;1;0;0;0;0;0;0;0;0;0;0;1;1;6;15;0;0;1;2;7;18;0;0;1;15;1;3;0;0;0;0;0;0;0;0;1;0;1;1;0;0;5;4;2;1;5;15;3;7;1;42;3;4;0;0;0;0;0;0;0;0;0;0;0;0;0;0;0;0;0;0;0;0;0;0;0;0;0;0;0;0;0;0;0;0;0;0;0;0;0;0;0;0;0;0;0;0;0;0;0;0;0;0;0;0;0;0;0;0;0;0
14.05.2024;22:22;A147;1;0;0;0;0;0;73;0;72;0;0;0;0;0;0;0;0;0;0;0;0;0;0;0;0;0;0;1;20;0;31;1;2;0;0;0;0;1;0;0;0;4;63;2;30;4;20;3;16;1;56;2;3;0;0;0;0;0;0;0;0;0;0;0;0;0;0;0;0;0;0;0;0;0;0;0;0;0;0;0;0;0;0;0;0;0;0;0;0;0;0;0;0;0;0;0;0;0;0;0;0;0;0;0;0;0;0;0;0;0;0
14.05.2024;22:21;A147;1;0;0;0;0;2;59;2;63;3;9;0;0;2;1;3;1;0;0;1;3;5;9;0;0;0;0;0;0;1;18;0;0;3;2;0;0;0;0;0;0;2;20;1;32;5;8;2;15;0;0;0;0;0;0;0;0;0;0;0;0;0;0;0;0;0;0;0;0;0;0;0;0;0;0;0;0;0;0;0;0;0;0;0;0;0;0;0;0;0;0;0;0;0;0;0;0;0;0;0;0;0;0;0;0;0;0;0;0;0;0
14.05.2024;22:20;A147;1;0;0;0;0;0;0;0;0;0;0;2;9;6;14;3;11;1;15;7;28;2;14;0;56;0;0;0;0;0;0;0;0;0;0;0;0;0;0;0;0;5;19;3;17;3;27;1;20;0;0;0;0;0;0;0;0;0;0;0;0;0;0;0;0;0;0;0;0;0;0;0;0;0;0;0;0;0;0;0;0;0;0;0;0;0;0;0;0;0;0;0;0;0;0;0;0;0;0;0;0;0;0;0;0;0;0;0;0;0;0
14.05.2024;22:19;A147;1;1;37;0;0;0;0;0;0;0;0;1;14;3;68;2;54;1;24;3;69;7;27;1;13;1;7;0;0;0;0;0;0;0;0;0;0;0;0;0;0;2;58;1;38;3;60;4;18;0;0;0;0;0;0;0;0;0;0;0;0;0;0;0;0;0;0;0;0;0;0;0;0;0;0;0;0;0;0;0;0;0;0;0;0;0;0;0;0;0;0;0;0;0;0;0;0;0;0;0;0;0;0;0;0;0;0;0;0;0;0
14.05.2024;22:18;A147;1;0;0;0;0;0;0;0;0;1;1;0;0;3;52;2;6;0;0;2;65;5;25;0;0;0;0;0;0;1;30;0;0;0;0;0;0;0;0;0;0;1;29;1;27;3;8;2;11;0;0;0;0;0;0;0;0;0;0;0;0;0;0;0;0;0;0;0;0;0;0;0;0;0;0;0;0;0;0;0;0;0;0;0;0;0;0;0;0;0;0;0;0;0;0;0;0;0;0;0;0;0;0;0;0;0;0;0;0;0;0
14.05.2024;22:17;A147;1;0;0;0;0;0;0;0;0;0;0;1;1;5;38;0;0;2;1;7;20;0;0;0;0;0;0;0;0;0;0;0;0;0;0;0;0;0;0;0;0;3;52;1;0;3;9;2;2;0;0;0;0;0;0;0;0;0;0;0;0;0;0;0;0;0;0;0;0;0;0;0;0;0;0;0;0;0;0;0;0;0;0;0;0;0;0;0;0;0;0;0;0;0;0;0;0;0;0;0;0;0;0;0;0;0;0;0;0;0;0
14.05.2024;22:16;A147;1;0;0;0;0;0;0;0;0;0;0;1;1;2;1;1;0;1;3;2;3;1;3;0;15;0;0;1;49;1;1;2;2;0;0;0;0;0;0;0;0;4;14;1;20;3;36;1;4;0;0;0;0;0;0;0;0;1;1;0;0;0;0;0;0;0;0;0;0;0;0;0;0;0;0;0;0;0;0;0;0;0;0;0;0;0;0;0;0;0;0;0;0;0;0;0;0;0;0;0;0;0;0;0;0;0;0;0;0;0;0
14.05.2024;22:15;A147;1;0;0;0;0;0;0;0;0;0;0;0;0;6;49;3;39;0;0;6;31;3;16;1;68;2;5;0;0;0;0;0;0;0;0;0;0;0;0;0;0;3;48;0;0;4;24;0;0;0;0;0;0;0;0;0;0;0;0;0;0;0;0;0;0;0;0;0;0;0;0;0;0;0;0;0;0;0;0;0;0;0;0;0;0;0;0;0;0;0;0;0;0;0;0;0;0;0;0;0;0;0;0;0;0;0;0;0;0;0;0
14.05.2024;22:14;A147;1;0;0;0;0;0;0;0;0;0;0;0;0;4;20;0;0;0;0;5;29;0;0;0;0;1;3;0;0;0;0;0;0;0;0;0;0;0;0;0;0;2;22;0;0;1;31;0;0;0;0;0;0;0;0;0;0;1;1;0;0;0;0;0;0;0;0;0;0;0;0;0;0;0;0;0;0;0;0;0;0;0;0;0;0;0;0;0;0;0;0;0;0;0;0;0;0;0;0;0;0;0;0;0;0;0;0;0;0;0;0
14.05.2024;22:13;A147;1;1;21;1;7;0;0;0;0;0;0;0;1;5;6;1;1;0;0;3;13;0;3;0;0;0;0;0;0;0;0;0;0;0;0;0;0;0;0;0;0;2;9;1;8;2;11;2;10;0;0;0;0;0;0;0;0;0;0;0;0;0;0;0;0;0;0;0;0;0;0;0;0;0;0;0;0;0;0;0;0;0;0;0;0;0;0;0;0;0;0;0;0;0;0;0;0;0;0;0;0;0;0;0;0;0;0;0;0;0;0
14.05.2024;22:12;A147;1;1;0;3;7;1;5;1;11;2;2;1;0;1;32;1;1;1;2;3;13;2;9;0;0;0;0;1;27;0;0;0;0;0;0;0;0;0;0;0;0;1;54;1;36;2;54;1;11;0;0;0;0;0;0;0;0;0;0;0;0;0;0;0;0;0;0;0;0;0;0;0;0;0;0;0;0;0;0;0;0;0;0;0;0;0;0;0;0;0;0;0;0;0;0;0;0;0;0;0;0;0;0;0;0;0;0;0;0;0;0
14.05.2024;22:11;A147;1;0;0;0;0;0;0;0;0;0;0;0;0;4;3;1;0;0;0;3;6;1;2;0;0;0;0;0;0;0;0;1;1;0;0;0;0;0;0;0;0;2;1;2;1;2;4;2;5;0;0;0;0;0;0;0;0;0;0;0;0;0;0;0;0;0;0;0;0;0;0;0;0;0;0;0;0;0;0;0;0;0;0;0;0;0;0;0;0;0;0;0;0;0;0;0;0;0;0;0;0;0;0;0;0;0;0;0;0;0;0
14.05.2024;22:10;A147;1;0;0;0;0;1;21;1;20;0;0;0;0;7;54;1;46;0;0;4;66;1;14;0;0;0;0;0;0;0;0;0;0;0;0;1;21;1;20;0;0;2;50;4;5;3;51;0;57;0;0;0;0;0;0;0;0;0;0;0;0;0;0;0;0;0;0;0;0;0;0;0;0;0;0;0;0;0;0;0;0;0;0;0;0;0;0;0;0;0;0;0;0;0;0;0;0;0;0;0;0;0;0;0;0;0;0;0;0;0;0
14.05.2024;22:09;A147;1;0;0;0;0;2;24;2;25;2;10;0;0;1;6;1;9;0;0;1;18;2;7;0;0;0;0;1;59;1;1;0;0;2;2;1;20;1;20;5;2;3;11;0;0;5;16;1;20;0;3;0;0;0;0;0;0;0;0;0;0;0;0;0;0;0;0;0;0;0;0;0;0;0;0;0;0;0;0;0;0;0;0;0;0;0;0;0;0;0;0;0;0;0;0;0;0;0;0;0;0;0;0;0;0;0;0;0;0;0;0
14.05.2024;22:08;A147;1;2;4;1;9;2;5;1;46;0;0;0;0;1;0;1;6;0;0;2;1;3;6;0;0;0;0;0;0;0;0;0;0;0;0;0;0;0;0;0;0;3;6;1;0;3;65;1;3;1;18;1;5;0;0;0;0;0;0;0;0;0;0;0;0;0;0;0;0;0;0;0;0;0;0;0;0;0;0;0;0;0;0;0;0;0;0;0;0;0;0;0;0;0;0;0;0;0;0;0;0;0;0;0;0;0;0;0;0;0;0
14.05.2024;22:07;A147;1;0;0;0;0;0;0;1;20;5;15;1;23;4;36;3;5;2;8;3;25;4;27;0;0;0;0;1;57;0;0;1;0;0;0;1;0;1;1;0;0;3;34;0;0;2;24;0;0;1;15;1;4;0;0;0;0;0;0;0;0;0;0;0;0;0;0;0;0;0;0;0;0;0;0;0;0;0;0;0;0;0;0;0;0;0;0;0;0;0;0;0;0;0;0;0;0;0;0;0;0;0;0;0;0;0;0;0;0;0;0
14.05.2024;22:06;A147;1;1;69;1;1;0;14;0;13;1;1;0;0;0;0;0;0;0;0;1;1;0;0;0;0;0;0;2;42;0;0;2;2;0;0;0;0;0;0;0;0;3;2;1;0;3;7;1;4;0;0;0;0;0;0;0;0;0;0;0;0;0;0;0;0;0;0;0;0;0;0;0;0;0;0;0;0;0;0;0;0;0;0;0;0;0;0;0;0;0;0;0;0;0;0;0;0;0;0;0;0;0;0;0;0;0;0;0;0;0;0
14.05.2024;22:05;A147;1;0;0;0;0;1;18;1;19;2;3;0;0;12;23;3;15;0;0;7;37;1;18;0;0;0;0;0;0;0;0;0;0;0;0;0;0;0;0;0;0;8;19;2;17;4;37;0;18;0;0;0;0;0;0;0;0;0;0;0;0;0;0;0;0;0;0;0;0;0;0;0;0;0;0;0;0;0;0;0;0;0;0;0;0;0;0;0;0;0;0;0;0;0;0;0;0;0;0;0;0;0;0;0;0;0;0;0;0;0;0
14.05.2024;22:04;A147;1;0;0;0;0;1;0;1;0;0;0;0;0;4;60;2;47;0;0;6;70;4;26;0;0;0;0;2;2;1;2;2;1;1;1;0;0;0;0;0;0;2;47;2;30;4;35;4;41;1;19;2;4;0;0;0;0;0;0;0;0;0;0;0;0;0;0;0;0;0;0;0;0;0;0;0;0;0;0;0;0;0;0;0;0;0;0;0;0;0;0;0;0;0;0;0;0;0;0;0;0;0;0;0;0;0;0;0;0;0;0
14.05.2024;22:03;A147;1;0;0;0;0;0;0;0;0;0;0;0;0;3;17;0;0;0;0;6;13;1;1;1;28;0;0;1;7;1;1;1;0;0;0;1;25;1;24;1;1;2;56;0;0;2;61;0;0;0;0;0;0;0;0;0;0;0;0;0;0;0;0;0;0;0;0;0;0;0;0;0;0;0;0;0;0;0;0;0;0;0;0;0;0;0;0;0;0;0;0;0;0;0;0;0;0;0;0;0;0;0;0;0;0;0;0;0;0;0;0
14.05.2024;22:02;A147;1;0;0;0;0;0;59;0;59;0;0;2;5;4;4;2;1;4;9;3;8;2;8;1;16;2;13;0;0;0;0;0;0;0;0;0;0;0;0;0;0;6;20;3;19;4;21;4;15;0;0;0;0;0;0;0;0;0;0;0;0;0;0;0;0;0;0;0;0;0;0;0;0;0;0;0;0;0;0;0;0;0;0;0;0;0;0;0;0;0;0;0;0;0;0;0;0;0;0;0;0;0;0;0;0;0;0;0;0;0;0
14.05.2024;21:57;A147;1;0;0;1;2;1;24;1;25;2;3;0;0;4;21;0;0;0;0;2;31;0;0;0;0;0;0;0;0;0;0;0;0;0;0;1;15;1;15;2;2;2;65;0;0;2;19;1;3;0;0;0;0;0;0;0;0;0;0;0;0;0;0;0;0;0;0;0;0;0;0;0;0;0;0;0;0;0;0;0;0;0;0;0;0;0;0;0;0;0;0;0;0;0;0;0;0;0;0;0;0;0;0;0;0;0;0;0;0;0;0
14.05.2024;21:54;A147;1;0;44;0;0;0;0;0;0;0;0;1;35;5;47;2;1;2;5;6;47;1;5;0;0;0;0;0;0;1;0;0;0;2;1;0;0;0;0;0;0;2;24;1;15;3;22;1;28;0;0;0;0;0;0;0;0;0;0;0;0;0;0;0;0;0;0;0;0;0;0;0;0;0;0;0;0;0;0;0;0;0;0;0;0;0;0;0;0;0;0;0;0;0;0;0;0;0;0;0;0;0;0;0;0;0;0;0;0;0;0
14.05.2024;21:53;A147;1;1;29;1;6;1;48;1;49;1;4;0;0;4;57;0;1;0;0;5;33;0;0;2;19;1;9;0;0;0;0;0;0;0;0;0;0;0;0;0;0;4;19;1;11;3;30;2;11;1;38;1;4;0;0;0;0;0;0;0;0;0;0;0;0;0;0;0;0;0;0;0;0;0;0;0;0;0;0;0;0;0;0;0;0;0;0;0;0;0;0;0;0;0;0;0;0;0;0;0;0;0;0;0;0;0;0;0;0;0;0
14.05.2024;21:50;A147;1;0;0;0;0;0;0;0;0;0;0;0;0;4;2;2;1;0;0;3;4;2;4;1;11;1;3;0;0;0;0;0;0;0;0;1;32;1;31;0;0;4;3;0;0;6;12;0;0;0;0;0;0;0;0;0;0;0;0;0;0;0;0;0;0;0;0;0;0;0;0;0;0;0;0;0;0;0;0;0;0;0;0;0;0;0;0;0;0;0;0;0;0;0;0;0;0;0;0;0;0;0;0;0;0;0;0;0;0;0;0
14.05.2024;21:49;A147;1;0;5;0;0;0;0;0;0;0;0;0;0;4;60;4;63;0;0;4;65;3;63;0;0;0;0;0;0;0;0;0;0;0;0;0;28;0;0;0;0;3;36;2;9;2;32;1;21;0;0;0;0;0;0;0;0;0;0;0;0;0;0;0;0;0;0;0;0;0;0;0;0;0;0;0;0;0;0;0;0;0;0;0;0;0;0;0;0;0;0;0;0;0;0;0;0;0;0;0;0;0;0;0;0;0;0;0;0;0;0
14.05.2024;21:48;A147;1;1;88;1;5;0;0;0;0;0;0;0;0;4;36;0;27;0;0;4;41;1;2;0;79;0;0;0;0;0;0;0;0;0;0;0;100;0;0;0;0;6;37;3;33;0;48;3;38;0;0;0;0;0;0;0;0;0;0;0;0;0;0;1;1;0;0;0;0;0;0;0;0;0;0;0;0;0;0;0;0;0;0;0;0;0;0;7;19;0;0;0;0;0;0;0;0;0;0;0;0;0;0;0;0;0;0;0;0;0;0
14.05.2024;21:47;A147;1;2;45;1;4;1;1;1;1;1;3;0;0;1;39;1;37;0;0;1;46;2;8;1;16;1;5;1;1;1;8;0;0;2;2;1;68;1;5;0;0;1;59;2;28;2;46;3;9;1;21;0;0;0;0;0;0;0;0;0;0;0;0;0;0;0;0;0;0;0;0;0;0;0;0;0;0;0;0;0;0;0;0;0;0;0;0;0;0;0;0;0;0;0;0;0;0;0;0;0;0;0;0;0;0;0;0;0;0;0;0
14.05.2024;21:46;A147;1;0;23;0;0;1;50;1;50;3;7;1;66;2;70;1;72;2;6;5;34;1;7;0;0;0;0;0;0;0;21;0;0;0;0;0;0;0;0;0;0;1;18;1;62;2;10;2;10;0;0;2;2;0;0;0;0;0;0;0;0;0;0;0;0;0;0;0;0;0;0;0;0;0;0;0;0;0;0;0;0;0;0;0;0;0;0;0;0;0;0;0;0;0;0;0;0;0;0;0;0;0;0;0;0;0;0;0;0;0;0
14.05.2024;21:45;A147;1;1;26;1;6;0;0;0;0;0;0;0;0;4;56;3;54;0;0;3;37;5;61;0;0;0;0;1;1;1;33;0;0;0;0;0;0;0;0;0;0;2;58;1;63;2;56;4;9;0;0;0;0;0;0;0;0;0;0;0;0;0;0;0;0;0;0;0;0;0;0;0;0;0;0;0;0;0;0;0;0;0;0;0;0;0;0;0;0;0;0;0;0;0;0;0;0;0;0;0;0;0;0;0;0;0;0;0;0;0;0
14.05.2024;21:44;A147;1;1;55;1;3;0;0;0;0;1;3;0;0;2;1;0;0;0;0;2;4;0;0;0;0;0;0;0;1;0;0;0;0;0;0;0;35;0;34;0;0;3;73;3;27;2;75;1;40;0;0;0;0;0;0;0;0;0;0;0;0;0;0;0;0;0;0;0;0;0;0;0;0;0;0;0;0;0;0;0;0;0;0;0;0;0;0;0;0;0;0;0;0;0;0;0;0;0;0;0;0;0;0;0;0;0;0;0;0;0;0
14.05.2024;21:43;A147;1;0;0;0;0;0;0;0;0;0;0;0;0;2;1;0;0;0;0;3;4;0;0;0;0;0;0;1;32;0;0;0;0;0;0;1;12;1;13;2;2;10;21;3;2;5;33;1;8;0;0;0;0;0;0;0;0;0;0;0;0;0;0;0;0;0;0;0;0;0;0;0;0;0;0;0;0;0;0;0;0;0;0;0;0;0;0;0;0;0;0;0;0;0;0;0;0;0;0;0;0;0;0;0;0;0;0;0;0;0;0
14.05.2024;21:42;A147;1;1;2;1;3;0;70;0;68;0;0;0;0;1;0;0;0;0;0;2;1;0;0;0;8;0;0;1;1;0;0;1;0;0;0;1;0;1;0;0;0;1;86;2;41;3;84;2;95;0;0;0;0;0;0;0;0;0;0;0;0;0;0;0;0;0;0;0;0;0;0;0;0;0;0;0;0;0;0;0;0;0;0;0;0;0;0;0;0;0;0;0;0;0;0;0;0;0;0;0;0;0;0;0;0;0;0;0;0;0;0
14.05.2024;21:41;A147;1;0;0;0;0;1;56;1;56;1;3;0;0;6;51;3;4;0;0;8;58;1;50;0;100;0;0;0;0;0;0;0;0;0;0;0;0;0;0;0;0;8;43;4;15;8;49;6;19;0;0;0;0;0;0;0;0;1;1;0;0;0;0;0;0;0;0;0;0;0;0;0;0;0;0;0;0;0;0;0;0;1;1;0;0;0;0;0;0;0;0;0;0;0;0;0;0;0;0;0;0;0;0;0;0;0;0;0;0;0;0
14.05.2024;21:40;A147;1;1;83;2;3;1;60;1;61;1;4;1;2;7;52;4;23;1;4;2;69;6;62;1;18;1;5;0;0;0;0;0;0;0;0;0;0;0;0;0;0;3;18;3;17;1;23;4;20;0;58;0;0;0;0;0;0;0;0;0;0;0;0;0;0;0;0;0;0;0;0;0;0;0;0;0;0;0;0;0;0;0;0;0;0;0;0;0;0;0;0;0;0;0;0;0;0;0;0;0;0;0;0;0;0;0;0;0;0;0;0
14.05.2024;21:39;A147;1;1;5;1;6;0;0;0;0;0;0;0;0;3;20;2;47;0;0;3;70;3;16;0;40;0;0;3;65;1;1;1;0;0;0;1;86;1;85;0;0;2;64;1;50;4;62;2;57;1;43;2;2;0;0;0;0;0;0;0;0;0;0;0;0;0;0;0;0;0;0;0;0;0;0;0;0;0;0;0;0;0;0;0;0;0;0;0;0;0;0;0;0;0;0;0;0;0;0;0;0;0;0;0;0;0;0;0;0;0;0
14.05.2024;21:38;A147;1;0;28;0;0;0;0;0;0;0;0;1;2;2;3;2;64;1;4;2;23;6;11;1;64;0;0;1;28;0;0;0;0;0;0;0;0;0;0;0;0;2;72;1;19;2;45;3;15;1;67;1;4;0;0;0;0;0;0;0;0;0;0;0;0;0;0;0;0;0;0;0;0;0;0;0;0;0;0;0;0;0;0;0;0;0;0;0;0;0;0;0;0;0;0;0;0;0;0;0;0;0;0;0;0;0;0;0;0;0;0
14.05.2024;21:37;A147;1;1;69;1;2;1;1;1;1;3;6;0;0;2;23;0;0;0;0;3;7;0;0;1;57;1;4;0;0;0;0;0;0;0;0;0;37;0;36;0;0;2;65;3;66;3;6;3;71;0;0;0;0;0;0;0;0;0;0;0;0;0;0;0;0;0;0;0;0;0;0;0;0;0;0;0;0;0;0;0;0;0;0;0;0;0;0;0;0;0;0;0;0;0;0;0;0;0;0;0;0;0;0;0;0;0;0;0;0;0;0
14.05.2024;21:36;A147;1;1;18;1;3;0;15;0;14;0;0;1;3;3;38;0;33;1;5;5;30;0;0;0;0;0;0;1;1;1;0;1;1;0;0;1;11;1;13;1;1;3;51;1;1;3;49;2;7;0;0;0;0;0;0;0;0;0;0;0;0;0;0;0;0;0;0;0;0;0;0;0;0;0;0;0;0;0;0;0;0;0;0;0;0;0;0;0;0;0;0;0;0;0;0;0;0;0;0;0;0;0;0;0;0;0;0;0;0;0;0
14.05.2024;21:35;A147;1;2;22;2;21;2;18;2;19;1;3;2;2;3;20;1;30;2;4;5;7;2;6;0;0;0;0;1;11;0;0;2;2;0;0;0;0;0;0;0;0;3;6;3;1;3;19;7;7;0;0;0;0;0;0;0;0;0;0;0;0;0;0;0;0;0;0;0;0;0;0;0;0;0;0;0;0;0;0;0;0;0;0;0;0;0;0;0;0;0;0;0;0;0;0;0;0;0;0;0;0;0;0;0;0;0;0;0;0;0;0
14.05.2024;21:34;A147;1;0;0;0;0;1;62;1;62;1;3;1;1;6;4;3;8;1;3;7;9;4;12;0;8;0;0;0;0;0;0;0;0;0;0;1;0;1;0;0;0;5;15;0;0;5;27;0;0;0;0;0;0;0;0;0;0;0;0;0;0;0;0;0;0;0;0;0;0;0;0;0;0;0;0;0;0;0;0;0;0;0;0;0;0;0;0;0;0;0;0;0;0;0;0;0;0;0;0;0;0;0;0;0;0;0;0;0;0;0;0
14.05.2024;21:33;A147;1;0;0;0;0;0;41;0;40;0;0;0;0;4;64;2;62;0;0;1;70;0;64;1;80;1;4;3;4;1;0;4;2;0;0;0;0;0;0;0;0;2;64;1;0;2;10;2;4;0;0;0;0;0;0;0;0;0;0;0;0;0;0;0;0;0;0;0;0;0;0;0;0;0;0;0;0;0;0;0;0;0;0;0;0;0;0;0;0;0;0;0;0;0;0;0;0;0;0;0;0;0;0;0;0;0;0;0;0;0;0
14.05.2024;21:32;A147;1;0;0;0;0;2;28;2;29;1;4;0;0;4;20;2;34;0;0;6;20;4;10;1;9;1;3;0;98;0;0;2;1;0;0;1;8;1;8;0;0;3;30;3;42;4;31;3;18;1;59;1;4;0;0;0;0;0;0;0;0;0;0;0;0;0;0;0;0;0;0;0;0;0;0;0;0;0;0;0;0;0;0;0;0;0;0;0;0;0;0;0;0;0;0;0;0;0;0;0;0;0;0;0;0;0;0;0;0;0;0
14.05.2024;21:31;A147;1;0;0;0;0;2;56;2;58;2;4;0;37;5;44;0;36;0;0;2;48;1;2;1;45;1;4;1;4;0;0;0;0;0;0;0;0;0;0;0;0;2;46;3;12;2;6;2;28;0;0;0;0;0;0;0;0;0;0;0;0;0;0;0;0;0;0;0;0;0;0;0;0;0;0;0;0;0;0;0;0;0;0;0;0;0;0;0;0;0;0;0;0;0;0;0;0;0;0;0;0;0;0;0;0;0;0;0;0;0;0
14.05.2024;21:30;A147;1;3;68;3;17;0;0;0;0;1;2;1;39;3;51;3;35;1;11;5;47;3;19;0;0;0;0;0;0;0;0;0;0;0;0;0;2;0;1;0;0;5;3;0;30;6;23;0;0;0;0;0;0;0;0;0;0;0;0;0;0;0;0;0;0;0;0;0;0;0;0;0;0;0;0;0;0;0;0;0;0;0;0;0;0;0;0;0;0;0;0;0;0;0;0;0;0;0;0;0;0;0;0;0;0;0;0;0;0;0;0
14.05.2024;21:29;A147;1;0;0;1;0;1;0;1;1;0;0;1;28;7;6;3;18;2;34;5;60;4;21;0;0;0;0;0;0;0;0;0;0;0;0;2;27;2;28;4;6;3;1;1;4;3;7;1;5;0;0;0;0;0;0;0;0;0;0;0;0;0;0;0;0;0;0;0;0;0;0;0;0;0;0;0;0;0;0;0;0;0;0;0;0;0;0;0;0;0;0;0;0;0;0;0;0;0;0;0;0;0;0;0;0;0;0;0;0;0;0
14.05.2024;21:28;A147;1;0;58;0;0;0;0;0;0;0;0;1;10;5;5;3;2;2;24;2;20;5;14;1;33;0;0;0;0;0;0;0;0;0;0;2;92;2;91;1;3;0;0;0;0;0;0;0;0;0;0;0;0;0;0;0;0;0;0;0;0;0;0;0;0;0;0;0;0;0;0;0;0;0;0;0;0;0;0;0;0;0;0;0;0;0;0;0;0;0;0;0;0;0;0;0;0;0;0;0;0;0;0;0;0;0;0;0;0;0;0
14.05.2024;21:27;A147;1;1;15;1;4;0;0;0;0;0;0;3;78;4;84;2;86;4;29;1;98;2;22;1;16;2;10;0;29;0;30;0;0;0;0;1;5;1;9;1;1;3;67;0;0;4;46;0;0;0;6;0;0;0;0;0;0;0;0;0;0;0;0;0;0;0;0;0;0;0;0;0;0;0;0;0;0;0;0;0;0;0;0;0;0;0;0;0;0;0;0;0;0;0;0;0;0;0;0;0;0;0;0;0;0;0;0;0;0;0;0
14.05.2024;21:26;A147;1;1;0;1;1;1;37;1;36;2;8;0;0;4;68;2;55;0;0;2;80;4;32;0;0;0;0;1;39;1;55;0;0;0;0;0;35;0;34;0;0;5;71;3;67;5;60;7;26;1;93;0;5;0;0;0;0;0;0;0;0;0;0;0;0;0;0;0;0;0;0;0;0;0;0;0;0;0;0;0;0;0;0;0;0;0;0;0;0;0;0;0;0;0;0;0;0;0;0;0;0;0;0;0;0;0;0;0;0;0;0
14.05.2024;21:25;A147;1;2;21;1;5;1;0;1;1;1;3;1;0;4;11;1;3;3;4;6;41;1;9;0;0;0;0;0;0;0;0;0;0;0;0;1;87;1;88;2;1;5;9;2;1;7;25;2;21;0;2;1;1;0;0;0;0;0;0;0;0;0;0;0;0;0;0;0;0;0;0;0;0;0;0;0;0;0;0;0;0;0;0;0;0;0;0;0;0;0;0;0;0;0;0;0;0;0;0;0;0;0;0;0;0;0;0;0;0;0;0
14.05.2024;21:24;A147;1;0;0;0;0;0;0;0;0;0;0;0;0;4;23;1;0;0;0;3;19;1;3;0;0;0;0;0;0;0;0;0;0;0;0;1;24;2;2;1;0;3;2;3;5;4;28;3;25;1;29;0;0;0;0;0;0;0;0;0;0;0;0;0;0;0;0;0;0;0;0;0;0;0;0;0;0;0;0;0;0;0;0;0;0;0;0;0;0;0;0;0;0;0;0;0;0;0;0;0;0;0;0;0;0;0;0;0;0;0;0
14.05.2024;21:23;A147;1;0;0;0;0;0;0;0;0;0;0;0;0;2;42;0;0;0;0;4;15;0;0;0;0;0;0;1;37;0;0;0;0;0;0;0;0;0;0;0;0;1;45;1;1;1;11;1;8;0;0;0;0;0;0;0;0;0;0;0;0;0;0;0;0;0;0;0;0;0;0;0;0;0;0;0;0;0;0;0;0;0;0;0;0;0;0;0;0;0;0;0;0;0;0;0;0;0;0;0;0;0;0;0;0;0;0;0;0;0;0
14.05.2024;21:22;A147;1;1;2;2;6;3;58;3;57;1;45;1;70;3;71;1;46;2;11;3;71;2;7;0;0;0;0;0;0;0;0;2;1;0;0;1;52;1;50;3;4;2;48;2;77;2;39;4;26;0;0;0;0;0;0;0;0;0;0;0;0;0;0;0;0;1;1;0;0;0;0;0;0;0;0;0;0;0;0;0;0;0;0;0;0;0;0;0;0;1;1;0;0;0;0;0;0;0;0;0;0;0;0;0;0;0;0;0;0;0;0
14.05.2024;21:21;A147;1;0;0;1;1;2;18;2;19;2;12;1;1;2;34;1;17;2;3;0;41;1;9;0;0;0;0;0;0;0;0;0;0;0;0;1;3;1;4;0;0;4;43;2;42;0;50;2;28;0;0;0;0;0;0;0;0;0;0;0;0;0;0;0;0;0;0;0;0;0;0;0;0;0;0;0;0;0;0;0;0;0;0;0;0;0;0;0;0;0;0;0;0;0;0;0;0;0;0;0;0;0;0;0;0;0;0;0;0;0;0
14.05.2024;21:20;A147;1;1;61;0;2;0;0;0;0;1;3;0;0;3;28;3;6;0;0;2;40;0;9;0;0;0;0;1;14;1;45;1;0;3;3;0;0;0;0;0;0;6;42;4;22;5;56;3;15;0;0;0;0;0;0;0;0;0;0;0;0;0;0;0;0;0;0;0;0;0;0;0;0;0;0;0;0;0;0;0;0;0;0;0;0;0;0;0;0;0;0;0;0;0;0;0;0;0;0;0;0;0;0;0;0;0;0;0;0;0;0
14.05.2024;21:19;A147;1;3;27;2;26;2;79;2;78;0;77;0;0;3;17;1;66;0;0;3;27;4;41;1;7;0;0;1;3;0;0;2;2;0;0;0;0;0;0;0;0;1;69;0;0;2;74;0;0;0;0;0;0;0;0;0;0;0;0;0;0;0;0;1;1;0;0;0;0;0;0;0;0;0;0;0;0;0;0;0;0;0;0;0;0;0;0;1;1;0;0;0;0;0;0;0;0;0;0;0;0;0;0;0;0;0;0;0;0;0;0
14.05.2024;21:18;A147;1;0;0;2;3;1;55;1;56;2;30;1;44;5;56;3;5;0;5;2;66;2;40;1;74;2;12;0;0;0;0;0;0;0;0;0;0;0;0;0;0;7;13;4;47;4;29;2;35;0;0;0;0;0;0;0;0;0;0;0;0;0;0;0;0;0;0;0;0;0;0;0;0;0;0;0;0;0;0;0;0;0;0;0;0;0;0;0;0;0;0;0;0;0;0;0;0;0;0;0;0;0;0;0;0;0;0;0;0;0;0
14.05.2024;21:17;A147;1;0;0;0;0;1;22;1;23;0;0;0;0;3;5;0;0;1;4;2;19;0;0;0;0;0;0;0;0;1;55;0;0;0;0;0;25;0;25;0;0;7;6;4;3;6;21;5;33;0;0;0;0;0;0;0;0;1;1;0;0;0;0;0;0;1;1;0;0;0;0;0;0;0;0;0;0;0;0;0;0;1;1;0;0;0;0;0;0;0;0;0;0;0;0;0;0;0;0;0;0;0;0;0;0;0;0;0;0;0;0
14.05.2024;21:16;A147;1;0;0;0;0;0;0;0;0;1;5;1;7;4;49;2;1;1;6;4;30;2;7;0;0;0;0;0;0;0;0;0;0;0;0;1;2;1;2;3;1;3;52;2;17;4;38;1;28;0;0;0;0;0;0;0;0;0;0;0;0;0;0;0;0;0;0;0;0;0;0;0;0;0;0;0;0;0;0;0;0;0;0;0;0;0;0;0;0;0;0;0;0;0;0;0;0;0;0;0;0;0;0;0;0;0;0;0;0;0;0
14.05.2024;21:15;A147;1;0;0;0;0;0;0;0;0;1;1;0;0;3;27;2;1;0;0;1;34;2;5;0;0;0;0;0;0;1;32;0;0;0;0;0;0;0;0;0;0;6;31;3;26;4;38;2;21;0;65;0;0;0;0;0;0;0;0;0;0;0;0;0;0;0;0;0;0;0;0;0;0;0;0;0;0;0;0;0;0;0;0;0;0;0;0;0;0;0;0;0;0;0;0;0;0;0;0;0;0;0;0;0;0;0;0;0;0;0;0
14.05.2024;21:14;A147;1;0;0;0;0;1;0;1;0;0;0;0;0;3;53;1;2;0;0;3;49;1;6;0;0;0;0;2;58;2;15;3;2;1;0;0;0;0;0;0;0;1;26;1;0;2;28;2;9;1;39;1;4;0;0;0;0;0;0;0;0;0;0;0;0;0;0;0;0;0;0;0;0;0;0;0;0;0;0;0;0;0;0;0;0;0;0;0;0;0;0;0;0;0;0;0;0;0;0;0;0;0;0;0;0;0;0;0;0;0;0
14.05.2024;21:13;A147;1;1;22;0;0;1;19;1;21;0;0;0;0;1;13;0;0;0;0;1;11;0;0;0;0;0;0;0;0;0;0;0;0;0;0;0;0;0;0;0;0;6;50;0;0;6;23;0;0;0;13;0;0;0;0;0;0;0;0;0;0;0;0;0;0;0;0;0;0;0;0;0;0;0;0;0;0;0;0;0;0;0;0;0;0;0;0;0;0;0;0;0;0;0;0;0;0;0;0;0;0;0;0;0;0;0;0;0;0;0;0
14.05.2024;21:12;A147;1;1;15;1;6;2;14;2;15;2;7;0;0;4;3;3;1;0;0;4;12;2;7;0;0;0;0;1;3;0;0;2;2;0;0;0;0;0;0;0;0;2;64;1;0;3;55;1;2;1;43;1;6;0;0;0;0;0;0;0;0;0;0;0;0;0;0;0;0;0;0;0;0;0;0;0;0;0;0;0;0;0;0;0;0;0;0;0;0;0;0;0;0;0;0;0;0;0;0;0;0;0;0;0;0;0;0;0;0;0;0
14.05.2024;21:11;A147;1;1;22;2;16;2;42;1;42;1;2;0;0;3;62;3;25;1;8;2;51;2;15;0;0;0;0;1;1;1;3;1;0;0;0;0;40;0;39;0;0;4;48;3;6;2;62;2;43;0;0;0;0;0;0;0;0;0;0;0;0;0;0;0;0;0;0;0;0;0;0;0;0;0;0;0;0;0;0;0;0;0;0;0;0;0;0;0;0;0;0;0;0;0;0;0;0;0;0;0;0;0;0;0;0;0;0;0;0;0;0
14.05.2024;21:10;A147;1;1;1;0;0;1;43;1;72;1;7;0;0;2;1;0;0;0;0;2;6;0;0;0;0;0;0;0;0;0;0;1;0;0;0;1;33;1;35;2;1;3;21;3;10;2;29;3;15;0;0;0;0;0;0;0;0;0;0;0;0;0;0;0;0;0;0;0;0;0;0;0;0;0;0;0;0;0;0;0;0;0;0;0;0;0;0;0;0;0;0;0;0;0;0;0;0;0;0;0;0;0;0;0;0;0;0;0;0;0;0
14.05.2024;21:09;A147;1;1;13;0;2;1;26;1;27;1;3;2;18;4;76;4;10;2;14;3;32;3;13;0;0;0;0;0;0;0;0;0;0;0;0;0;0;0;0;0;0;3;76;5;61;1;81;2;77;0;0;0;0;0;0;0;0;0;0;0;0;0;0;0;0;0;0;0;0;0;0;0;0;0;0;0;0;0;0;0;0;0;0;0;0;0;0;0;0;0;0;0;0;0;0;0;0;0;0;0;0;0;0;0;0;0;0;0;0;0;0
14.05.2024;21:08;A147;1;0;0;1;4;0;0;0;0;0;0;1;33;6;44;3;5;1;5;3;62;2;21;2;61;2;13;0;0;0;0;0;0;0;0;0;0;0;0;0;0;4;50;2;1;5;22;2;7;1;3;1;32;0;0;0;0;0;0;0;0;0;0;0;0;0;0;0;0;0;0;0;0;0;0;0;0;0;0;0;0;0;0;0;0;0;0;0;0;0;0;0;0;0;0;0;0;0;0;0;0;0;0;0;0;0;0;0;0;0;0
14.05.2024;21:07;A147;1;1;1;1;5;0;8;0;7;0;0;0;0;4;32;0;27;0;0;0;40;0;0;0;0;0;0;1;46;0;0;2;2;0;0;0;0;0;0;0;0;4;41;4;39;2;45;2;40;0;65;0;0;0;0;0;0;0;0;0;0;0;0;0;0;0;0;0;0;0;0;0;0;0;0;0;0;0;0;0;0;0;0;0;0;0;0;0;0;0;0;0;0;0;0;0;0;0;0;0;0;0;0;0;0;0;0;0;0;0;0
14.05.2024;21:06;A147;1;0;64;0;0;1;88;1;89;1;5;2;8;6;32;1;28;0;12;3;39;1;8;0;44;0;0;1;66;0;0;3;3;0;0;0;0;0;0;0;0;3;27;2;22;2;30;2;15;1;53;1;4;0;0;0;0;0;0;0;0;0;0;0;0;0;0;0;0;0;0;0;0;0;0;0;0;0;0;0;0;0;0;0;0;0;0;0;0;0;0;0;0;0;0;0;0;0;0;0;0;0;0;0;0;0;0;0;0;0;0
14.05.2024;21:05;A147;1;1;41;1;7;1;67;1;68;0;5;1;56;1;44;1;24;2;61;1;52;1;10;3;14;3;15;1;56;0;0;2;1;0;0;2;64;2;8;4;4;1;47;1;25;2;11;2;10;1;7;1;6;0;0;0;0;0;0;0;0;0;0;0;0;0;0;0;0;0;0;0;0;0;0;0;0;0;0;0;0;0;0;0;0;0;0;0;0;0;0;0;0;0;0;0;0;0;0;0;0;0;0;0;0;0;0;0;0;0;0
14.05.2024;21:04;A147;1;2;7;1;5;0;30;0;29;2;4;1;51;5;45;3;5;1;23;3;49;1;37;1;93;0;2;1;15;0;0;0;0;0;0;1;0;1;1;0;0;3;32;3;37;2;31;3;31;0;0;0;0;0;0;0;0;0;0;0;0;0;0;0;0;0;0;0;0;0;0;0;0;0;0;0;0;0;0;0;0;0;0;0;0;0;0;0;0;0;0;0;0;0;0;0;0;0;0;0;0;0;0;0;0;0;0;0;0;0;0
14.05.2024;21:03;A147;1;0;0;0;0;1;8;1;10;2;8;1;24;2;26;0;22;1;7;0;28;0;0;0;0;1;1;1;28;0;0;2;1;0;0;0;0;0;0;0;0;2;1;1;0;2;7;1;3;2;29;1;36;0;0;0;0;0;0;0;0;0;0;0;0;0;0;0;0;0;0;0;0;0;0;0;0;0;0;0;0;0;0;0;0;0;0;0;0;0;0;0;0;0;0;0;0;0;0;0;0;0;0;0;0;0;0;0;0;0;0
14.05.2024;21:02;A147;1;1;41;1;5;0;0;0;0;0;0;0;0;6;29;3;32;0;0;4;58;2;14;0;0;0;0;0;0;0;0;0;0;0;0;0;0;0;0;0;0;4;17;3;16;0;24;0;21;0;0;0;0;0;0;0;0;0;0;0;0;0;0;0;0;0;0;0;0;0;0;0;0;0;0;0;0;0;0;0;0;0;0;0;0;0;0;0;0;0;0;0;0;0;0;0;0;0;0;0;0;0;0;0;0;0;0;0;0;0;0
14.05.2024;21:01;A147;1;0;0;0;0;0;0;0;0;0;0;0;0;0;0;0;0;0;0;1;0;1;4;0;33;0;0;1;53;1;0;2;4;2;1;1;55;1;55;2;2;2;39;1;28;1;49;1;35;0;0;0;0;0;0;0;0;0;0;0;0;0;0;0;0;0;0;0;0;0;0;0;0;0;0;0;0;0;0;0;0;0;0;0;0;0;0;0;0;0;0;0;0;0;0;0;0;0;0;0;0;0;0;0;0;0;0;0;0;0;0
14.05.2024;21:00;A147;1;0;0;0;0;2;57;2;57;1;38;0;0;4;71;4;35;0;0;2;54;2;48;1;51;1;3;1;18;0;0;2;2;0;0;0;0;0;0;0;0;4;14;0;0;2;33;0;0;0;0;0;0;0;0;0;0;0;0;0;0;0;0;0;0;0;0;0;0;0;0;0;0;0;0;0;0;0;0;0;0;0;0;0;0;0;0;0;0;0;0;0;0;0;0;0;0;0;0;0;0;0;0;0;0;0;0;0;0;0;0
14.05.2024;20:59;A147;1;0;0;1;1;1;29;1;30;3;13;1;1;2;41;0;0;1;4;0;45;0;0;0;0;0;0;0;0;0;0;0;0;0;0;0;0;0;0;0;0;4;14;3;1;4;21;3;7;1;32;1;5;0;0;0;0;0;0;0;0;0;0;0;0;0;0;0;0;0;0;0;0;0;0;0;0;0;0;0;0;0;0;0;0;0;0;0;0;0;0;0;0;0;0;0;0;0;0;0;0;0;0;0;0;0;0;0;0;0;0
14.05.2024;20:58;A147;1;1;32;1;5;0;0;0;0;0;0;1;16;4;33;1;14;0;17;4;44;0;15;1;50;1;5;2;81;1;16;2;1;2;3;0;0;0;0;0;0;2;8;1;20;1;18;1;7;0;0;0;0;0;0;0;0;0;0;0;0;0;0;0;0;0;0;0;0;0;0;0;0;0;0;0;0;0;0;0;0;0;0;0;0;0;0;0;0;0;0;0;0;0;0;0;0;0;0;0;0;0;0;0;0;0;0;0;0;0;0
14.05.2024;20:57;A147;1;2;56;2;21;1;30;1;32;1;6;1;59;2;46;2;42;2;38;3;45;2;51;2;24;0;24;0;46;0;0;1;0;0;0;1;0;0;0;0;0;0;0;1;53;0;0;1;6;0;0;0;0;0;0;0;0;0;0;0;0;0;0;2;5;0;0;0;0;0;0;0;0;0;0;0;0;0;0;0;0;0;0;0;0;0;0;0;0;0;0;0;0;0;0;0;0;0;0;0;0;0;0;0;0;0;0;0;0;0;0
14.05.2024;20:56;A147;1;5;41;4;15;1;11;1;11;1;3;0;0;3;64;3;3;0;0;1;68;2;61;0;100;1;73;1;55;0;0;0;0;0;0;2;1;2;1;0;0;5;76;2;71;1;80;1;40;0;0;0;0;0;0;0;0;0;0;0;0;0;0;0;0;0;0;0;0;0;0;0;0;0;0;0;0;0;0;0;0;0;0;0;0;0;0;0;0;0;0;0;0;0;0;0;0;0;0;0;0;0;0;0;0;0;0;0;0;0;0
14.05.2024;20:55;A147;1;3;37;4;28;0;0;0;0;0;0;0;0;2;16;1;1;0;0;4;25;2;19;1;13;2;8;3;50;1;0;4;3;1;0;0;0;0;0;0;0;6;24;3;6;6;19;3;15;1;16;1;6;0;0;0;0;0;0;0;0;0;0;0;0;0;0;0;0;0;0;0;0;0;0;0;0;0;0;0;0;0;0;0;0;0;0;0;0;0;0;0;0;0;0;0;0;0;0;0;0;0;0;0;0;0;0;0;0;0;0
14.05.2024;20:54;A147;1;2;1;2;7;1;35;1;35;1;4;0;0;6;66;1;35;0;0;2;80;1;3;0;0;0;0;0;0;0;10;0;0;0;0;0;0;0;0;0;0;4;67;2;50;2;64;2;46;0;0;0;0;0;0;0;0;0;0;0;0;0;0;0;0;0;0;0;0;0;0;0;0;0;0;0;0;0;0;0;0;0;0;0;0;0;0;0;0;0;0;0;0;0;0;0;0;0;0;0;0;0;0;0;0;0;0;0;0;0;0
14.05.2024;20:53;A147;1;0;0;0;0;1;6;1;7;1;5;1;1;1;43;1;40;1;2;0;44;1;3;1;15;0;0;0;0;1;59;0;0;1;1;0;0;0;0;0;0;2;48;1;50;1;31;1;19;0;0;0;0;0;0;0;0;0;0;0;0;0;0;0;0;0;0;0;0;0;0;0;0;0;0;0;0;0;0;0;0;0;0;0;0;0;0;0;0;0;0;0;0;0;0;0;0;0;0;0;0;0;0;0;0;0;0;0;0;0;0
14.05.2024;20:52;A147;1;1;46;1;6;0;0;0;0;0;0;0;0;3;47;1;25;0;0;4;25;1;5;0;0;1;6;0;0;2;35;0;0;3;7;0;0;0;0;0;0;2;18;2;26;3;11;2;10;0;0;0;0;0;0;0;0;0;0;0;0;0;0;0;0;0;0;0;0;0;0;0;0;0;0;0;0;0;0;0;0;0;0;0;0;0;0;0;0;0;0;0;0;0;0;0;0;0;0;0;0;0;0;0;0;0;0;0;0;0;0
14.05.2024;20:51;A147;1;0;0;0;0;0;0;0;0;0;0;2;2;7;5;2;1;2;7;5;17;2;3;0;0;0;0;0;0;0;0;0;0;0;0;0;0;0;0;0;0;8;5;1;0;6;18;1;2;1;11;1;6;0;0;0;0;0;0;0;0;0;0;0;0;0;0;0;0;0;0;0;0;0;0;0;0;0;0;0;0;0;0;0;0;0;0;0;0;0;0;0;0;0;0;0;0;0;0;0;0;0;0;0;0;0;0;0;0;0;0
14.05.2024;20:50;A147;1;2;2;2;9;1;67;1;67;2;11;1;90;2;1;1;0;0;90;3;7;1;3;0;1;0;0;0;0;0;0;0;0;0;0;0;0;0;0;0;0;2;60;2;68;2;59;2;69;0;0;0;0;0;0;0;0;0;0;0;0;0;0;0;0;0;0;0;0;0;0;0;0;0;0;0;0;0;0;0;0;0;0;0;0;0;0;0;0;0;0;0;0;0;0;0;0;0;0;0;0;0;0;0;0;0;0;0;0;0;0
14.05.2024;20:49;A147;1;0;0;0;0;3;63;3;63;1;38;1;2;2;16;0;0;1;9;2;9;0;0;1;18;1;4;0;0;1;4;0;0;1;0;0;27;0;25;0;0;3;66;4;66;0;72;2;73;1;52;1;5;0;0;0;0;0;0;0;0;0;0;0;0;0;0;0;0;0;0;0;0;0;0;0;0;0;0;1;1;0;0;0;0;0;0;0;0;0;0;0;0;0;0;0;0;0;0;0;0;0;0;0;0;0;0;0;0;0;0
14.05.2024;20:48;A147;1;0;0;0;0;1;40;1;41;2;29;1;1;3;2;4;2;1;4;3;10;3;10;0;0;0;0;2;54;3;44;3;3;4;12;1;50;1;51;2;4;3;48;2;2;2;61;2;14;0;0;0;0;0;0;0;0;0;0;0;0;0;0;0;0;0;0;0;0;0;0;0;0;0;0;0;0;0;0;0;0;0;0;0;0;0;0;0;0;0;0;0;0;0;0;0;0;0;0;0;0;0;0;0;0;0;0;0;0;0;0
14.05.2024;20:47;A147;1;0;0;0;0;0;0;0;0;0;0;0;0;3;27;3;18;0;0;0;30;0;23;0;58;0;0;0;0;0;0;0;0;0;0;0;0;0;0;0;0;3;24;1;17;2;30;0;17;0;0;0;0;0;0;0;0;0;0;0;0;0;0;1;1;0;0;1;1;0;0;0;0;0;0;0;0;0;0;0;0;0;0;0;0;0;0;1;1;0;0;0;0;0;0;0;0;0;0;0;0;0;0;0;0;0;0;0;0;0;0
14.05.2024;20:46;A147;1;0;58;0;0;0;0;0;0;0;0;0;0;2;55;1;48;0;0;2;60;2;35;1;48;1;4;1;1;0;0;1;0;0;0;0;0;0;0;0;0;2;59;3;20;2;41;2;32;0;0;0;0;0;0;0;0;0;0;0;0;0;0;0;0;0;0;0;0;0;0;0;0;0;0;0;0;0;0;0;0;0;0;0;0;0;0;0;0;0;0;0;0;0;0;0;0;0;0;0;0;0;0;0;0;0;0;0;0;0;0
14.05.2024;20:45;A147;1;1;39;1;3;1;83;1;82;1;5;0;0;1;73;1;70;0;0;2;77;1;5;1;17;0;0;0;38;0;0;0;0;0;0;0;0;0;0;0;0;1;68;1;64;1;77;1;72;0;16;0;0;0;0;0;0;0;0;0;0;0;0;0;0;0;0;1;1;0;0;0;0;0;0;0;0;0;0;0;0;0;0;0;0;0;0;0;0;0;0;0;0;0;0;0;0;0;0;0;0;0;0;0;0;0;0;0;0;0;0
14.05.2024;20:44;A147;1;2;38;2;10;4;37;4;39;1;27;1;1;5;50;2;45;1;3;1;61;1;43;0;100;1;11;1;59;0;0;0;0;0;0;0;0;0;0;0;0;8;14;6;57;2;77;1;69;1;10;1;5;0;0;0;0;0;0;0;0;0;0;0;0;0;0;0;0;0;0;0;0;0;0;0;0;0;0;0;0;0;0;0;0;0;0;0;0;0;0;0;0;0;0;0;0;0;0;0;0;0;0;0;0;0;0;0;0;0;0
14.05.2024;20:43;A147;1;0;0;0;0;1;48;1;49;3;13;1;1;6;27;3;20;1;2;4;41;3;12;2;52;2;9;1;59;1;36;2;3;2;1;0;0;0;0;0;0;5;10;3;50;2;66;3;42;0;0;0;0;0;0;0;0;0;0;0;0;0;0;0;0;0;0;0;0;0;0;0;0;0;0;0;0;0;0;0;0;0;0;0;0;0;0;0;0;0;0;0;0;0;0;0;0;0;0;0;0;0;0;0;0;0;0;0;0;0;0
14.05.2024;20:42;A147;1;1;8;0;0;1;50;1;38;1;4;0;0;1;41;1;20;0;0;2;48;1;7;1;13;1;5;0;0;1;0;0;0;0;0;0;81;0;79;0;0;1;88;2;25;2;94;2;37;0;0;0;0;0;0;0;0;0;0;0;0;0;0;0;0;1;1;1;1;0;0;0;0;0;0;0;0;0;0;0;0;0;0;0;0;0;0;0;0;1;1;0;0;0;0;0;0;0;0;0;0;0;0;0;0;0;0;0;0;0;0
14.05.2024;20:41;A147;1;2;1;3;11;3;54;3;55;0;25;3;52;2;51;3;22;1;56;1;19;3;18;1;12;1;5;0;0;0;0;0;0;0;0;1;50;1;51;2;3;8;65;5;58;2;81;1;66;0;0;0;0;0;0;0;0;0;0;0;0;0;0;0;0;0;0;0;0;0;0;0;0;0;0;0;0;0;0;0;0;0;0;0;0;0;0;0;0;0;0;0;0;0;0;0;0;0;0;0;0;0;0;0;0;0;0;0;0;0;0
14.05.2024;20:40;A147;1;0;0;0;0;1;99;0;100;0;100;1;24;1;23;0;0;1;27;1;7;0;0;1;57;0;0;2;67;1;0;2;6;0;0;1;0;0;0;0;0;5;34;1;0;4;37;2;10;0;0;0;0;0;0;0;0;0;0;0;0;0;0;0;0;0;0;0;0;0;0;0;0;0;0;0;0;0;0;0;0;0;0;0;0;0;0;0;0;0;0;0;0;0;0;0;0;0;0;0;0;0;0;0;0;0;0;0;0;0;0
14.05.2024;20:39;A147;1;5;21;4;13;1;82;2;83;3;11;1;66;4;6;1;1;1;5;1;10;1;3;1;69;2;15;0;0;0;0;0;0;0;0;1;0;1;0;0;0;1;71;0;0;1;77;0;0;0;0;0;0;0;0;0;0;0;0;0;0;0;0;0;0;0;0;0;0;0;0;0;0;0;0;0;0;0;0;0;0;0;0;0;0;0;0;0;0;0;0;0;0;0;0;0;0;0;0;0;0;0;0;0;0;0;0;0;0;0;0
14.05.2024;20:38;A147;1;0;0;0;0;1;22;1;23;1;4;2;68;5;67;7;54;4;13;2;83;2;71;0;0;0;0;0;0;1;11;0;0;3;2;1;3;1;30;0;0;6;32;0;0;1;57;0;0;0;0;0;0;0;0;0;0;2;5;0;0;0;0;0;1;0;0;0;0;0;0;0;0;0;0;0;0;0;0;0;0;0;0;0;0;0;0;0;1;0;0;0;0;0;0;0;0;0;0;0;0;0;0;0;0;0;0;0;0;0;0
14.05.2024;20:37;A147;1;0;0;0;0;0;0;0;0;0;0;0;0;4;6;1;2;0;0;0;14;0;0;1;44;0;0;0;0;0;0;0;0;0;0;1;0;1;0;2;5;8;33;2;21;4;53;2;10;0;0;0;0;0;0;0;0;0;0;0;0;0;0;1;0;0;0;0;0;0;0;0;0;0;0;0;0;0;0;0;0;0;0;0;0;0;0;1;0;0;0;0;0;0;0;0;0;0;0;0;0;0;0;0;0;0;0;0;0;0;0
14.05.2024;20:36;A147;1;0;0;0;0;0;0;0;0;0;0;1;58;4;45;1;55;1;4;5;55;2;52;0;24;1;5;1;45;0;0;0;0;0;0;0;0;0;0;0;0;1;48;1;34;2;54;1;11;0;0;0;0;0;0;0;0;0;0;0;0;0;0;0;0;0;0;1;1;0;0;0;0;0;0;0;0;0;0;0;0;0;0;0;0;0;0;0;0;0;0;0;0;0;0;0;0;0;0;0;0;0;0;0;0;0;0;0;0;0;0
14.05.2024;20:35;A147;1;1;0;1;2;0;0;0;0;0;0;0;0;3;64;3;45;0;0;2;72;3;12;1;78;1;5;2;40;0;19;0;0;0;0;0;0;0;0;0;0;5;70;3;18;2;44;1;31;0;0;0;0;0;0;0;0;0;0;0;0;0;0;0;0;0;0;0;0;0;0;0;0;0;0;0;0;0;0;0;0;0;0;0;0;0;0;0;0;0;0;0;0;0;0;0;0;0;0;0;0;0;0;0;0;0;0;0;0;0;0
14.05.2024;20:34;A147;1;0;16;0;0;1;0;1;0;0;0;0;0;3;28;1;0;0;0;3;11;1;2;0;0;0;0;1;48;2;18;2;1;1;0;1;0;0;0;0;0;4;29;3;2;1;44;2;10;0;0;0;0;0;0;0;0;0;0;0;0;0;0;0;0;0;0;0;0;0;0;0;0;0;0;2;3;0;0;0;0;0;0;0;0;0;0;0;0;0;0;0;0;0;0;0;0;0;0;0;0;0;0;0;0;0;0;0;0;0;0
14.05.2024;20:33;A147;1;1;7;1;5;0;0;0;0;0;0;0;0;7;8;1;47;0;0;6;23;1;2;0;0;0;0;1;52;0;0;0;0;0;0;1;27;1;27;0;0;6;57;2;53;2;74;0;55;0;0;0;0;0;0;0;0;0;0;0;0;0;0;0;0;0;0;0;0;0;0;0;0;0;0;1;1;0;0;0;0;0;0;0;0;0;0;0;0;0;0;0;0;0;0;0;0;0;0;0;0;0;0;0;0;0;0;0;0;0;0
14.05.2024;20:32;A147;1;0;0;0;0;0;0;0;0;0;0;0;0;4;4;1;3;0;0;3;8;1;7;1;34;1;5;0;83;0;0;0;0;0;0;1;36;1;37;4;7;9;26;7;12;5;46;5;29;0;0;0;0;0;0;0;0;0;0;0;0;0;0;0;0;0;0;0;0;0;0;1;1;0;0;1;1;0;0;0;0;0;0;0;0;0;0;0;0;0;0;0;0;0;0;1;1;0;0;0;0;0;0;0;0;0;0;0;0;0;0
14.05.2024;20:31;A147;1;1;0;1;3;2;47;2;6;3;53;0;0;1;26;1;16;0;0;2;28;1;8;0;0;0;0;2;14;0;33;5;3;0;0;0;0;0;0;0;0;4;53;3;38;2;77;3;50;0;0;0;0;0;0;0;0;0;0;0;0;0;0;0;0;0;0;0;0;0;0;0;0;0;0;0;0;0;0;0;0;0;0;0;0;0;0;0;0;0;0;0;0;0;0;0;0;0;0;0;0;0;0;0;0;0;0;0;0;0;0
14.05.2024;20:30;A147;1;1;3;1;2;1;22;1;21;1;8;1;35;2;42;2;23;1;6;2;20;2;23;0;0;0;0;1;1;1;5;2;2;2;1;1;54;1;53;2;2;4;81;5;82;2;78;3;58;0;10;0;0;0;0;0;0;0;0;0;0;0;0;0;0;0;0;0;0;0;0;0;0;0;0;0;0;0;0;0;0;0;0;0;0;0;0;0;0;0;0;0;0;0;0;0;0;0;0;0;0;0;0;0;0;0;0;0;0;0;0
14.05.2024;20:29;A147;1;0;15;1;6;1;47;1;46;1;2;2;60;4;55;1;42;1;67;3;66;1;6;1;1;0;0;1;1;0;0;0;0;0;0;0;0;0;0;0;0;7;80;3;44;2;91;3;20;1;19;1;4;0;0;0;0;0;0;0;0;0;0;0;0;0;0;0;0;0;0;0;0;0;0;0;0;0;0;0;0;0;0;0;0;0;0;0;0;0;0;0;0;0;0;0;0;0;0;0;0;0;0;0;0;0;0;0;0;0;0
14.05.2024;20:28;A147;1;1;4;1;4;4;46;4;47;1;36;1;4;5;59;2;56;1;42;2;66;0;58;0;95;1;59;0;0;0;0;0;0;0;0;0;28;0;27;0;0;6;27;2;6;7;28;3;9;0;0;0;0;0;0;0;0;0;0;0;0;0;0;0;0;0;0;0;0;0;0;0;0;0;0;0;0;0;0;0;0;0;0;0;0;0;0;0;0;0;0;0;0;0;0;0;0;0;0;0;0;0;0;0;0;0;0;0;0;0;0
14.05.2024;20:27;A147;1;0;0;0;0;0;100;0;100;2;43;1;1;4;34;2;31;1;4;5;42;2;32;1;8;1;6;1;10;0;83;0;0;0;0;0;100;0;100;0;0;5;3;2;1;5;14;2;6;1;41;1;6;0;0;0;0;0;0;0;0;0;0;1;1;0;0;0;0;2;3;0;0;0;0;0;0;0;0;0;0;0;0;0;0;0;0;1;1;0;0;0;0;0;0;0;0;0;0;0;0;0;0;0;0;0;0;0;0;0;0
14.05.2024;20:26;A147;1;0;0;0;0;3;28;2;29;1;8;0;0;2;4;1;0;0;0;2;11;2;2;0;0;0;0;0;0;1;33;0;0;1;4;1;14;1;16;2;2;2;24;1;0;2;6;1;3;1;25;1;5;0;0;0;0;0;0;0;0;0;0;0;0;0;0;0;0;0;0;0;0;0;0;0;0;0;0;0;0;0;0;0;0;0;0;0;0;0;0;0;0;0;0;0;0;0;0;0;0;0;0;0;0;0;0;0;0;0;0
14.05.2024;20:25;A147;1;3;13;3;12;0;95;1;94;0;100;0;0;7;9;1;1;0;0;0;20;1;3;0;0;0;0;1;24;0;0;1;8;0;0;1;0;0;0;0;0;5;83;1;16;2;31;0;17;0;0;0;0;0;0;0;0;0;0;0;0;0;0;0;0;0;0;0;0;0;0;0;0;0;0;0;0;0;0;0;0;0;0;0;0;0;0;0;0;0;0;0;0;0;0;0;0;0;0;0;0;0;0;0;0;0;0;0;0;0;0
14.05.2024;20:24;A147;1;0;0;0;0;2;84;2;86;2;37;0;0;1;57;2;3;0;0;2;37;1;11;1;94;0;0;0;0;0;0;0;0;0;0;0;0;0;0;0;0;3;45;1;42;3;31;2;24;0;0;0;0;0;0;0;0;0;0;0;0;0;0;0;0;0;0;0;0;0;0;0;0;0;0;0;0;0;0;0;0;0;0;0;0;0;0;0;0;0;0;0;0;0;0;0;0;0;0;0;0;0;0;0;0;0;0;0;0;0;0
14.05.2024;20:23;A147;1;0;19;0;0;0;59;0;59;1;4;2;15;6;60;4;6;1;22;2;72;1;42;1;25;2;11;0;0;1;8;0;0;1;2;0;0;0;0;0;0;3;53;4;4;2;66;3;13;0;0;0;0;0;0;0;0;0;0;0;0;0;0;0;0;0;0;0;0;0;0;0;0;0;0;0;0;0;0;0;0;0;0;0;0;0;0;0;0;0;0;0;0;0;0;0;0;0;0;0;0;0;0;0;0;0;0;0;0;0;0
14.05.2024;20:22;A147;1;2;46;1;4;1;7;1;8;1;5;0;0;1;2;0;0;0;0;1;6;0;0;0;0;0;0;1;0;1;1;0;0;0;0;0;0;0;0;0;0;9;51;4;25;7;68;4;16;0;0;0;0;0;0;0;0;0;0;0;0;0;0;0;0;0;0;0;0;0;0;0;0;0;0;0;0;0;0;0;0;0;0;0;0;0;0;0;0;0;0;0;0;0;0;0;0;0;0;0;0;0;0;0;0;0;0;0;0;0;0
14.05.2024;20:21;A147;1;1;71;2;11;0;0;0;0;0;0;1;2;5;3;1;0;1;4;5;10;1;1;0;0;0;0;0;100;0;0;0;0;0;0;0;0;0;0;0;0;4;4;1;0;3;13;0;0;0;0;0;0;0;0;0;0;0;0;0;0;0;0;1;1;0;0;0;0;0;0;0;0;0;0;0;0;0;0;0;0;0;0;0;0;0;0;1;1;0;0;0;0;0;0;0;0;0;0;0;0;0;0;0;0;0;0;0;0;0;0
14.05.2024;20:20;A147;1;0;0;0;0;0;11;0;10;0;0;2;1;1;0;0;0;2;6;1;2;0;0;0;0;0;0;1;8;0;0;2;4;0;0;1;16;1;16;0;2;2;44;0;0;2;41;0;0;0;0;0;0;0;0;0;0;0;0;0;0;0;0;0;0;0;0;0;0;0;0;0;0;0;0;0;0;0;0;0;0;0;0;0;0;0;0;0;0;0;0;0;0;0;0;0;0;0;0;0;0;0;0;0;0;0;0;0;0;0;0
14.05.2024;20:19;A147;1;1;16;1;6;3;20;3;20;1;12;0;0;3;20;2;7;0;0;2;28;3;16;0;0;0;0;1;12;0;0;2;4;1;0;2;80;2;81;2;75;5;32;4;29;4;36;3;22;0;54;0;0;0;0;0;0;0;0;0;0;0;0;0;0;0;0;0;0;0;0;0;0;0;0;0;0;0;0;0;0;0;0;0;0;0;0;0;0;0;0;0;0;0;0;0;0;0;0;0;0;0;0;0;0;0;0;0;0;0;0
14.05.2024;20:18;A147;1;2;49;3;28;1;7;1;9;3;14;0;0;3;3;0;0;0;0;1;7;0;0;0;45;0;0;2;11;1;1;0;0;2;2;1;46;1;31;2;2;9;40;5;28;1;39;4;27;1;14;1;4;0;0;0;0;0;0;0;0;0;0;0;0;0;0;0;0;0;0;0;0;0;0;0;0;0;0;0;0;0;0;0;0;0;0;0;0;0;0;0;0;0;0;0;0;0;0;0;0;0;0;0;0;0;0;0;0;0;0
14.05.2024;20:17;A147;1;0;0;0;0;0;0;0;0;0;0;0;0;4;53;3;55;0;0;2;64;3;33;2;61;2;12;1;1;0;0;1;2;0;0;0;0;0;0;0;0;1;75;1;72;2;82;2;14;0;0;0;0;0;0;0;0;0;0;0;0;0;0;1;1;0;0;0;0;0;0;1;1;0;0;1;1;0;0;0;0;0;0;0;0;0;0;0;0;0;0;0;0;0;0;0;0;0;0;1;2;0;0;0;0;0;0;0;0;0;0
14.05.2024;20:16;A147;1;0;0;0;0;3;4;3;5;1;9;0;0;2;1;0;0;0;0;2;4;0;0;1;32;1;4;0;0;0;0;0;0;0;0;0;0;0;0;0;0;5;6;5;2;4;20;6;10;0;0;0;0;0;0;0;0;0;0;0;0;0;0;0;0;0;0;0;0;0;0;0;0;0;0;0;0;0;0;0;0;0;0;0;0;0;0;0;0;0;0;0;0;0;0;0;0;0;0;0;0;0;0;0;0;0;0;0;0;0;0
14.05.2024;20:15;A147;1;0;0;0;0;1;34;1;1;2;42;0;0;3;55;3;54;0;0;1;59;1;49;0;0;0;0;0;0;0;0;0;0;0;0;0;0;0;0;0;0;4;61;2;57;1;69;0;61;0;0;0;0;0;0;0;0;0;0;0;0;0;0;0;0;0;0;0;0;0;0;0;0;0;0;0;0;0;0;0;0;0;0;0;0;0;0;0;0;0;0;0;0;0;0;0;0;0;0;0;0;0;0;0;0;0;0;0;0;0;0
14.05.2024;20:14;A147;1;0;0;0;0;2;1;2;1;1;4;0;0;4;35;1;0;0;0;3;34;1;5;0;0;0;0;1;82;2;26;0;1;2;5;1;1;1;0;1;0;4;47;1;21;3;62;2;22;0;0;0;0;0;0;0;0;0;0;0;0;0;0;0;0;0;0;0;0;0;0;0;0;0;0;0;0;0;0;0;0;0;0;0;0;0;0;0;0;0;0;0;0;0;0;0;0;0;0;0;0;0;0;0;0;0;0;0;0;0;0
14.05.2024;20:13;A147;1;0;0;0;0;1;59;1;58;2;6;0;0;4;28;2;1;0;0;4;35;1;4;1;44;1;4;0;0;0;0;1;0;0;0;0;0;0;0;0;0;5;36;3;2;4;15;3;9;0;0;0;0;0;0;0;0;0;0;0;0;0;0;0;0;0;0;0;0;0;0;0;0;0;0;0;0;0;0;0;0;0;0;0;0;0;0;0;0;0;0;0;0;0;0;0;0;0;0;0;0;0;0;0;0;0;0;0;0;0;0
14.05.2024;20:12;A147;1;0;0;0;0;1;29;1;30;1;4;0;0;1;0;0;0;0;0;2;10;0;0;0;0;0;0;3;67;0;0;3;7;0;0;0;0;0;0;0;0;8;14;1;0;6;27;1;2;0;0;0;0;0;0;0;0;0;0;0;0;0;0;0;0;0;0;0;0;0;0;0;0;0;0;0;0;0;0;0;0;0;0;0;0;0;0;0;0;0;0;0;0;0;0;0;0;0;0;0;0;0;0;0;0;0;0;0;0;0;0
14.05.2024;20:11;A147;1;0;0;0;0;1;23;1;24;1;5;2;2;11;38;6;5;1;4;4;37;5;13;0;0;0;0;1;37;0;0;2;12;0;0;0;0;0;0;0;0;7;14;3;8;4;29;5;8;0;0;0;0;0;0;0;0;0;0;0;0;0;0;0;0;0;0;1;1;0;0;0;0;0;0;0;0;0;0;0;0;0;0;0;0;0;0;0;0;0;0;0;0;0;0;0;0;0;0;0;0;0;0;0;0;0;0;0;0;0;0
14.05.2024;20:10;A147;1;2;4;2;7;2;79;2;79;2;13;0;0;2;70;2;73;1;3;4;78;2;69;0;0;0;0;3;38;0;0;2;14;0;0;0;0;0;0;0;0;4;82;2;40;2;22;3;10;0;0;0;0;1;1;0;0;0;0;0;0;0;0;0;0;0;0;0;0;0;0;0;0;0;0;0;0;0;0;0;0;0;0;0;0;0;0;0;0;0;0;0;0;0;0;0;0;0;0;0;0;0;0;0;0;0;0;0;0;0;0
14.05.2024;20:09;A147;1;3;3;3;8;4;14;4;16;7;30;0;0;2;26;0;0;0;0;1;34;0;0;0;0;0;0;1;68;1;1;1;3;1;2;0;0;0;0;0;0;3;34;4;22;1;47;2;33;0;6;0;0;0;0;0;0;0;0;0;0;0;0;0;0;0;0;0;0;0;0;0;0;0;0;0;0;0;0;0;0;0;0;0;0;0;0;0;0;0;0;0;0;0;0;0;0;0;0;0;0;0;0;0;0;0;0;0;0;0;0
14.05.2024;20:08;A147;1;0;0;0;0;2;48;2;47;1;15;0;68;6;58;3;57;0;0;2;75;2;52;0;0;0;0;3;72;1;16;4;5;0;0;3;42;2;22;0;51;4;35;4;34;2;39;2;33;1;27;1;2;0;0;0;0;0;0;0;0;0;0;0;0;0;0;1;1;0;0;0;0;0;0;0;0;0;0;0;0;0;0;0;0;0;0;0;0;0;0;1;1;0;0;0;0;0;0;0;0;0;0;0;0;0;0;0;0;0;0
14.05.2024;20:07;A147;1;0;0;0;0;1;59;1;59;3;12;3;34;4;3;0;0;3;17;3;10;0;0;1;12;1;5;1;44;1;65;2;3;2;13;2;60;2;61;4;25;7;65;6;66;2;78;0;74;0;0;0;0;0;0;0;0;1;1;0;0;0;0;0;0;0;0;1;1;0;0;0;0;0;0;0;0;0;0;0;0;1;1;0;0;0;0;0;0;0;0;1;1;0;0;0;0;0;0;0;0;0;0;0;0;0;0;0;0;0;0
14.05.2024;20:06;A147;1;2;2;1;4;6;82;5;83;1;28;1;36;0;34;0;0;1;4;0;0;0;0;1;77;1;32;0;0;0;0;0;0;0;0;1;62;1;62;3;11;5;18;5;53;4;22;4;20;0;0;0;0;0;0;0;0;0;0;0;0;0;0;0;0;0;0;0;0;0;0;1;1;1;1;0;0;0;0;0;0;0;0;0;0;0;0;0;0;0;0;0;0;0;0;0;0;1;1;0;0;0;0;0;0;0;0;0;0;0;0
14.05.2024;20:05;A147;1;1;1;0;0;1;42;1;43;2;42;2;12;3;16;3;1;2;11;2;15;3;5;2;38;2;11;0;0;0;0;0;0;0;0;0;0;0;0;0;0;5;6;2;15;2;16;2;11;0;0;0;0;0;0;0;0;2;3;0;0;0;0;0;0;0;0;0;0;0;0;0;0;0;0;0;0;0;0;0;0;1;3;0;0;0;0;0;0;0;0;0;0;0;0;0;0;0;0;0;0;0;0;0;0;0;0;0;0;0;0
14.05.2024;20:04;A147;1;2;28;1;11;1;69;1;69;2;11;0;0;2;39;2;1;0;0;3;21;2;5;0;0;0;0;1;1;1;28;0;0;0;0;1;48;1;48;2;3;3;83;2;61;1;93;2;24;0;0;0;0;0;0;0;0;0;0;0;0;0;0;0;0;0;0;0;0;0;0;0;0;0;0;0;0;0;0;0;0;0;0;0;0;0;0;0;0;0;0;0;0;0;0;0;0;0;0;0;0;0;0;0;0;0;0;0;0;0;0
14.05.2024;20:03;A147;1;2;35;2;15;2;5;2;7;2;8;0;0;2;83;0;0;0;0;1;78;0;0;0;1;0;0;1;1;1;28;1;3;1;5;2;17;2;17;4;6;4;85;5;55;1;89;3;51;0;3;0;0;0;0;0;0;0;0;0;0;0;0;0;0;0;0;0;0;0;0;0;0;0;0;0;0;0;0;0;0;0;0;0;0;0;0;0;0;0;0;0;0;0;0;0;0;0;0;0;0;0;0;0;0;0;0;0;0;0;0
14.05.2024;20:02;A147;1;1;11;3;11;3;28;3;29;2;40;3;48;6;68;1;63;3;38;2;78;1;11;1;84;1;4;1;1;1;43;1;2;1;4;1;9;1;9;1;3;6;43;4;68;6;43;2;53;1;61;1;4;0;0;0;0;0;0;0;0;0;0;0;0;0;0;0;0;0;0;0;0;0;0;0;0;0;0;0;0;0;0;0;0;0;0;0;0;0;0;0;0;0;0;0;0;0;0;0;0;0;0;0;0;0;0;0;0;0;0
14.05.2024;20:01;A147;1;1;82;1;3;2;27;2;26;0;28;1;25;2;20;2;13;1;7;3;16;2;12;0;0;0;0;0;0;0;0;0;0;0;0;1;30;1;29;1;13;7;66;10;52;3;82;3;54;0;0;0;0;0;0;0;0;0;0;0;0;0;0;0;0;0;0;0;0;0;0;0;0;0;0;0;0;0;0;0;0;0;0;0;0;0;0;0;0;0;0;0;0;0;0;0;0;0;0;0;0;0;0;0;0;0;0;0;0;0;0
14.05.2024;20:00;A147;1;0;0;0;0;1;62;1;63;4;26;0;0;3;1;2;1;0;0;2;4;2;4;1;8;1;4;4;87;2;84;3;78;1;13;1;53;1;57;1;4;2;33;0;0;2;26;0;0;0;0;0;0;0;0;0;0;0;0;0;0;0;0;0;0;4;6;0;0;0;0;0;0;0;0;0;0;0;0;0;0;0;0;0;0;0;0;0;0;1;7;0;0;0;0;0;0;0;0;0;0;0;0;0;0;0;0;0;0;0;0
14.05.2024;19:59;A147;1;0;0;0;0;0;0;0;0;0;0;0;0;2;1;1;0;0;0;2;4;1;2;0;22;0;0;1;32;1;12;3;7;2;5;0;0;0;0;0;0;6;10;0;0;5;39;0;0;0;0;0;0;0;0;0;0;0;0;0;0;0;0;0;0;0;0;0;0;0;0;0;0;0;0;0;0;0;0;0;0;0;0;0;0;0;0;0;0;0;0;0;0;0;0;0;0;0;0;0;0;0;0;0;0;0;0;0;0;0;0
14.05.2024;19:58;A147;1;1;1;0;0;2;32;2;31;3;13;1;19;3;63;1;46;1;5;1;63;1;10;1;86;1;6;0;0;0;9;0;0;0;0;1;32;1;32;0;0;7;72;4;13;3;32;3;24;0;0;0;0;0;0;0;0;0;0;0;0;0;0;0;0;0;0;0;0;0;0;0;0;0;0;0;0;0;0;0;0;0;0;0;0;0;0;0;0;0;0;0;0;0;0;0;0;0;0;0;0;0;0;0;0;0;0;0;0;0;0
14.05.2024;19:57;A147;1;2;84;1;80;2;8;2;9;3;5;1;6;6;16;4;2;0;17;5;32;5;13;2;57;2;10;1;71;1;57;2;2;1;7;1;36;1;37;2;10;5;56;4;18;1;31;0;24;1;61;0;2;0;0;0;0;0;0;0;0;0;0;0;0;0;0;1;1;0;0;0;0;0;0;0;0;0;0;0;0;0;0;0;0;0;0;0;0;0;0;0;0;0;0;0;0;0;0;0;0;0;0;0;0;0;0;0;0;0;0
14.05.2024;19:56;A147;1;1;15;3;9;3;51;3;52;2;41;0;0;1;3;0;0;1;27;2;7;0;0;0;23;0;0;3;28;1;2;2;9;0;11;1;34;1;34;0;0;2;69;3;23;2;35;4;28;0;25;1;4;0;0;0;0;0;0;0;0;0;0;0;0;0;0;0;0;0;0;0;0;0;0;0;0;0;0;0;0;0;0;0;0;0;0;0;0;0;0;0;0;0;0;0;0;0;0;0;0;0;0;0;0;0;0;0;0;0;0
14.05.2024;19:55;A147;1;1;3;0;2;1;38;1;38;0;3;1;1;5;57;3;1;1;4;4;72;3;7;1;68;1;4;1;7;0;0;1;2;2;7;1;37;1;36;0;0;9;76;4;70;3;95;1;41;0;100;0;0;0;0;0;0;0;0;0;0;0;0;0;0;0;0;0;0;0;0;0;0;0;0;0;0;0;0;0;0;0;0;0;0;0;0;0;0;0;0;0;0;0;0;0;0;0;0;0;0;0;0;0;0;0;0;0;0;0;0
14.05.2024;19:54;A147;1;2;93;2;53;1;27;1;28;3;12;2;12;9;9;2;4;2;9;7;30;2;3;1;52;1;2;0;0;0;0;0;0;0;0;1;86;1;87;2;1;7;56;2;42;3;66;1;27;1;16;1;4;0;0;0;0;0;0;0;0;0;0;0;0;0;0;0;0;0;0;0;0;0;0;0;0;0;0;0;0;0;0;0;0;0;0;0;0;0;0;0;0;0;0;0;0;0;0;0;0;0;0;0;0;0;0;0;0;0;0
14.05.2024;19:53;A147;1;2;59;1;3;4;81;4;80;2;29;2;9;0;0;0;0;1;6;1;3;1;12;0;0;0;0;1;32;1;0;1;3;0;0;1;78;1;77;1;20;1;60;1;24;2;25;1;32;0;0;0;0;0;0;0;0;0;0;0;0;0;0;0;0;0;0;0;0;0;0;0;0;0;0;0;0;0;0;0;0;0;0;0;0;0;0;0;0;0;0;0;0;0;0;0;0;0;0;0;0;0;0;0;0;0;0;0;0;0;0
14.05.2024;19:52;A147;1;1;82;2;10;1;84;1;84;3;10;2;76;3;39;0;90;2;32;2;41;0;0;0;0;0;0;2;26;1;13;2;7;0;14;1;70;1;71;1;4;6;49;3;10;2;67;3;17;1;57;0;56;0;0;0;0;0;0;0;0;0;0;0;0;1;1;0;0;0;0;0;0;0;0;0;0;0;0;0;0;0;0;0;0;0;0;0;0;1;1;0;0;0;0;0;0;0;0;0;0;0;0;0;0;0;0;0;0;0;0
14.05.2024;19:51;A147;1;1;95;1;16;5;50;5;50;2;35;1;1;7;22;6;37;1;4;6;21;7;15;0;0;0;0;0;0;0;100;0;0;1;45;0;0;0;0;0;0;8;29;4;24;0;44;0;30;0;100;1;34;0;0;0;0;0;0;0;0;0;0;0;0;0;0;0;0;0;0;0;0;0;0;0;0;0;0;0;0;0;0;0;0;0;0;0;0;0;0;0;0;0;0;0;0;0;0;0;0;0;0;0;0;0;0;0;0;0;0
14.05.2024;19:50;A147;1;6;44;1;55;5;85;5;85;2;79;0;0;1;23;1;25;0;0;1;7;1;5;0;12;0;0;0;29;2;40;0;0;0;0;1;75;1;74;1;78;1;67;1;59;2;71;1;69;1;46;1;6;0;0;0;0;0;0;0;0;0;0;0;0;0;0;0;0;0;0;0;0;0;0;0;0;0;0;0;0;0;0;0;0;0;0;0;0;0;0;0;0;0;0;0;0;0;0;0;0;0;0;0;0;0;0;0;0;0;0
14.05.2024;19:49;A147;1;1;64;2;52;1;37;1;38;2;14;2;2;6;43;2;40;2;7;6;21;2;5;1;40;1;4;1;43;1;69;2;2;3;15;2;61;2;61;2;40;8;51;6;12;5;68;3;28;1;46;1;3;0;0;0;0;0;0;0;0;0;0;0;0;0;0;0;0;0;0;0;0;0;0;0;0;0;0;0;0;0;0;0;0;0;0;0;0;0;0;0;0;0;0;0;0;0;0;0;0;0;0;0;0;0;0;0;0;0;0
14.05.2024;19:48;A147;1;5;40;4;34;1;0;1;0;1;0;1;17;5;59;3;34;1;17;4;30;3;15;0;0;0;0;2;81;0;0;4;22;0;0;1;26;1;27;3;17;10;58;5;25;2;81;0;33;0;0;0;0;0;0;0;0;0;0;0;0;0;0;0;0;0;0;0;0;0;0;0;0;0;0;0;0;0;0;0;0;0;0;0;0;0;0;0;0;0;0;0;0;0;0;0;0;0;0;0;0;0;0;0;0;0;0;0;0;0;0
14.05.2024;19:47;A147;1;0;0;0;0;1;15;1;15;1;3;1;36;1;58;0;0;1;8;3;10;1;5;1;23;0;19;2;59;1;46;3;9;0;1;2;75;2;75;2;14;1;80;1;61;1;84;1;77;0;0;0;0;0;0;0;0;0;0;0;0;0;0;0;0;0;0;0;0;0;0;0;0;0;0;0;0;0;0;0;0;0;0;0;0;0;0;0;0;0;0;0;0;0;0;0;0;0;0;0;0;0;0;0;0;0;0;0;0;0;0
14.05.2024;19:46;A147;1;0;0;0;0;3;35;3;34;0;43;0;0;5;6;2;43;0;0;4;32;2;8;1;44;0;100;1;16;1;12;2;1;2;5;0;0;0;0;0;0;9;78;3;72;1;89;1;50;0;0;0;0;0;0;0;0;0;0;0;0;0;0;0;0;0;0;0;0;0;0;0;0;0;0;0;0;0;0;0;0;0;0;0;0;0;0;0;0;0;0;0;0;0;0;0;0;0;0;0;0;0;0;0;0;0;0;0;0;0;0
14.05.2024;19:45;A147;1;1;78;0;0;1;62;1;63;2;46;0;0;8;12;4;7;0;0;5;27;2;13;1;20;3;10;3;59;2;50;1;4;2;7;1;1;1;1;0;0;10;41;6;7;3;63;4;26;1;60;1;3;0;0;0;0;0;0;0;0;0;0;0;0;0;0;0;0;0;0;0;0;0;0;0;0;0;0;0;0;0;0;0;0;0;0;0;0;0;0;0;0;0;0;0;0;0;0;0;0;0;0;0;0;0;0;0;0;0;0
14.05.2024;19:44;A147;1;0;0;0;0;3;64;3;64;4;28;0;0;3;19;1;16;0;0;3;29;2;9;0;12;0;0;1;1;0;0;1;3;0;0;1;66;1;65;1;5;1;78;1;10;2;83;3;11;0;0;0;0;0;0;0;0;0;0;0;0;0;0;0;0;0;0;3;5;0;0;0;0;0;0;0;0;0;0;0;0;0;0;0;0;0;0;0;0;0;0;2;3;0;0;0;0;0;0;0;0;0;0;0;0;0;0;0;0;0;0
14.05.2024;19:43;A147;1;1;1;1;4;0;32;0;31;0;0;1;1;6;34;1;1;1;5;5;48;1;4;1;23;1;3;0;0;0;0;0;0;0;0;2;23;2;25;1;5;6;66;5;64;1;78;1;56;0;0;0;0;0;0;0;0;0;0;1;1;0;0;0;0;1;1;0;0;0;0;0;0;0;0;0;0;0;0;0;0;0;0;1;1;0;0;0;0;1;1;0;0;0;0;0;0;0;0;0;0;0;0;0;0;0;0;0;0;0;0
14.05.2024;19:42;A147;1;1;38;1;4;1;63;1;64;1;4;0;14;6;19;1;16;0;0;2;31;0;15;1;41;1;4;2;80;1;9;4;13;1;2;0;0;0;0;0;0;9;55;8;58;5;69;2;48;0;0;0;0;0;0;0;0;0;0;0;0;0;0;0;0;1;1;0;0;0;0;0;0;0;0;0;0;0;0;0;0;0;0;0;0;0;0;0;0;1;1;0;0;0;0;0;0;0;0;0;0;0;0;0;0;0;0;0;0;0;0
14.05.2024;19:41;A147;1;0;0;0;0;1;76;1;77;1;5;1;20;4;43;1;16;1;7;4;23;2;20;0;28;0;0;1;1;1;42;0;0;0;6;0;0;0;0;0;0;3;75;3;73;3;75;2;70;0;0;0;0;0;0;0;0;0;0;0;0;0;0;0;0;0;0;0;0;0;0;0;0;0;0;0;0;0;0;0;0;0;0;0;0;0;0;0;0;0;0;0;0;0;0;0;0;0;0;0;0;0;0;0;0;0;0;0;0;0;0
14.05.2024;19:40;A147;1;1;1;1;3;4;49;4;49;0;53;0;0;4;37;6;46;1;12;3;28;7;17;1;15;1;4;5;9;0;0;0;19;1;0;1;44;1;43;1;4;5;85;4;48;1;97;2;70;0;0;0;0;0;0;0;0;0;0;0;0;0;0;0;0;0;0;0;0;0;0;0;0;0;0;1;1;0;0;0;0;0;0;0;0;0;0;0;0;0;0;0;0;0;0;0;0;0;0;0;0;0;0;0;0;0;0;0;0;0;0
14.05.2024;19:39;A147;1;1;40;1;5;1;85;1;86;3;83;1;4;5;29;0;22;1;7;2;40;0;0;1;42;1;5;1;84;0;0;2;82;0;0;1;82;1;83;1;5;13;65;5;31;3;96;4;20;0;78;0;0;0;0;0;0;0;0;0;0;0;0;0;0;0;0;0;0;0;0;0;0;0;0;0;0;0;0;0;0;0;0;0;0;0;0;0;0;0;0;0;0;0;0;0;0;0;0;0;0;0;0;0;0;0;0;0;0;0;0
14.05.2024;19:38;A147;1;0;54;0;0;2;80;2;80;2;23;1;0;1;8;1;8;2;2;2;7;2;6;0;31;0;0;2;61;0;50;1;35;0;0;2;62;2;63;2;15;6;74;1;39;2;92;1;9;1;74;1;5;0;0;0;0;1;1;0;0;0;0;0;0;0;0;0;0;0;0;0;0;0;0;0;0;0;0;0;0;0;0;0;0;0;0;0;0;0;0;0;0;0;0;0;0;0;0;0;0;0;0;0;0;0;0;0;0;0;0
14.05.2024;19:37;A147;1;2;46;2;9;2;34;2;1;2;4;1;14;4;66;4;20;1;6;2;26;1;34;1;79;1;5;1;26;1;16;2;1;1;4;1;20;1;22;1;6;6;89;5;81;1;37;4;31;0;0;0;0;0;0;0;0;0;0;0;0;0;0;0;0;0;0;0;0;0;0;0;0;0;0;0;0;0;0;0;0;0;0;0;0;0;0;0;0;0;0;0;0;0;0;0;0;0;0;0;0;0;0;0;0;0;0;0;0;0;0
14.05.2024;19:36;A147;1;2;83;2;12;1;11;2;2;1;4;2;20;6;10;2;19;1;9;1;37;1;10;0;72;0;0;1;63;0;0;2;3;0;0;0;0;0;0;0;0;7;60;3;24;2;45;1;36;0;0;0;0;0;0;0;0;0;0;0;0;0;0;0;0;0;0;0;0;0;0;0;0;0;0;0;0;0;0;0;0;0;0;0;0;0;0;0;0;0;0;0;0;0;0;0;0;0;0;0;0;0;0;0;0;0;0;0;0;0;0
14.05.2024;19:35;A147;1;1;0;1;2;2;73;2;69;2;12;2;17;1;2;1;12;2;8;3;14;1;5;2;40;1;4;0;0;1;51;0;0;2;28;0;91;0;90;0;0;1;63;1;55;1;72;1;68;0;0;0;0;0;0;0;0;0;0;0;0;0;0;0;0;0;0;0;0;0;0;0;0;0;0;0;0;0;0;0;0;0;0;0;0;0;0;0;0;0;0;0;0;0;0;0;0;0;0;0;0;0;0;0;0;0;0;0;0;0;0
14.05.2024;19:34;A147;1;2;3;1;3;1;48;1;47;2;46;3;55;2;24;2;72;2;29;2;24;1;6;1;73;2;11;1;1;4;14;2;2;2;9;1;70;1;70;2;17;7;49;4;33;1;67;1;41;0;0;0;0;0;0;0;0;0;0;0;0;0;0;0;0;0;0;0;0;0;0;0;0;0;0;0;0;0;0;0;0;0;0;0;0;0;0;0;0;0;0;0;0;0;0;0;0;0;0;0;0;0;0;0;0;0;0;0;0;0;0
14.05.2024;19:33;A147;1;1;69;2;35;1;80;1;81;2;55;1;17;4;24;3;3;1;6;2;33;4;18;1;76;0;9;1;65;2;4;1;4;4;15;1;54;1;55;2;5;7;31;4;25;0;43;1;32;1;10;1;5;0;0;0;0;0;0;0;0;0;0;0;0;0;0;0;0;0;0;0;0;0;0;0;0;0;0;0;0;0;0;0;0;0;0;0;0;0;0;0;0;0;0;0;0;0;0;0;0;0;0;0;0;0;0;0;0;0;0
14.05.2024;19:32;A147;1;3;42;0;49;1;19;2;2;2;43;1;18;1;40;0;0;1;5;3;15;0;0;1;25;2;5;1;40;3;40;0;0;1;9;3;88;3;87;6;71;5;45;1;43;3;48;2;35;0;0;0;0;0;0;0;0;0;0;0;0;0;0;1;1;3;5;0;0;0;0;0;0;0;0;0;0;0;0;0;0;0;0;0;0;0;0;1;1;4;8;0;0;0;0;0;0;0;0;0;0;0;0;0;0;0;0;0;0;0;0
14.05.2024;19:31;A147;1;1;23;2;16;2;46;2;47;2;9;4;74;4;6;1;72;1;31;3;16;1;12;0;0;0;0;2;54;1;37;5;14;2;14;1;57;1;56;1;9;7;83;4;78;2;99;2;32;0;0;0;0;0;0;0;0;0;0;0;0;0;0;0;0;0;0;0;0;0;0;0;0;0;0;0;0;0;0;0;0;0;0;0;0;0;0;0;0;0;0;0;0;0;0;0;0;0;0;0;0;0;0;0;0;0;0;0;0;0;0
14.05.2024;19:30;A147;1;0;0;0;0;0;0;0;0;1;4;0;0;7;25;7;22;1;3;2;38;6;18;2;73;1;45;2;89;0;0;2;8;0;0;1;70;1;71;1;4;5;53;2;57;2;45;1;28;0;68;0;0;0;0;0;0;0;0;0;0;0;0;0;0;0;0;0;0;0;0;0;0;0;0;0;0;0;0;0;0;0;0;0;0;0;0;0;0;0;0;0;0;0;0;0;0;0;0;0;0;0;0;0;0;0;0;0;0;0;0
14.05.2024;19:29;A147;1;0;0;0;0;2;79;1;2;1;15;0;0;1;30;0;0;0;0;2;16;1;5;4;38;1;24;0;0;0;0;0;0;0;0;3;81;3;82;3;14;1;25;1;85;2;29;2;13;1;0;1;5;0;0;0;0;0;0;0;0;0;0;0;0;0;0;0;0;0;0;0;0;0;0;0;0;0;0;0;0;0;0;0;0;0;0;0;0;0;0;0;0;0;0;0;0;0;0;0;0;0;0;0;0;0;0;0;0;0;0
14.05.2024;19:28;A147;1;0;1;1;1;4;39;4;37;4;43;3;9;6;31;3;22;3;61;4;43;3;17;0;0;1;6;1;3;3;3;1;3;1;6;1;32;1;31;1;3;5;63;0;63;2;74;0;0;0;0;0;0;0;0;0;0;0;0;0;0;0;0;1;1;0;0;0;0;0;0;0;0;0;0;0;0;0;0;0;0;0;0;0;0;0;0;0;0;0;0;0;0;0;0;0;0;0;0;0;0;0;0;0;0;0;0;0;0;0;0
14.05.2024;19:27;A147;1;1;2;2;8;1;47;1;49;2;24;4;32;6;25;7;7;1;36;6;23;5;34;1;36;1;4;2;70;0;98;2;42;1;37;1;52;1;53;2;13;10;38;6;44;3;56;3;42;1;1;0;0;0;0;0;0;0;0;0;0;0;0;0;0;0;0;0;0;0;0;0;0;0;0;0;0;0;0;0;0;0;0;0;0;0;0;0;0;0;0;0;0;0;0;0;0;0;0;0;0;0;0;0;0;0;0;0;0;0;0
14.05.2024;19:26;A147;1;1;54;1;2;0;94;0;94;0;0;1;24;3;17;0;0;2;13;1;4;0;0;0;0;0;0;0;0;1;55;0;0;2;5;2;83;2;83;2;22;4;32;1;0;5;41;1;2;1;27;1;28;0;0;0;0;0;0;0;0;0;0;0;0;0;0;0;0;0;0;0;0;0;0;0;0;0;0;0;0;0;0;0;0;0;0;0;0;0;0;0;0;0;0;0;0;0;0;0;0;0;0;0;0;0;0;0;0;0;0
14.05.2024;19:25;A147;1;2;80;3;12;6;62;6;63;1;41;2;2;4;49;2;67;2;6;5;17;1;63;0;0;0;0;0;0;1;38;0;0;1;2;0;23;0;23;0;0;7;40;6;31;2;63;1;54;0;100;0;100;0;0;0;0;0;0;0;0;0;0;0;0;0;0;0;0;0;0;0;0;0;0;0;0;0;0;0;0;0;0;0;0;0;0;0;0;0;0;0;0;0;0;0;0;0;0;0;0;0;0;0;0;0;0;0;0;0;0
14.05.2024;19:24;A147;1;2;59;2;11;3;29;3;29;3;28;1;24;7;32;5;50;1;3;2;44;5;36;0;0;0;0;1;58;1;36;1;5;3;2;1;17;1;17;1;4;7;40;3;35;0;54;0;37;1;36;1;40;0;0;0;0;0;0;0;0;0;0;0;0;0;0;0;0;0;0;0;0;0;0;0;0;0;0;0;0;0;0;0;0;0;0;0;0;0;0;0;0;0;0;0;0;0;0;0;0;0;0;0;0;0;0;0;0;0;0
14.05.2024;19:23;A147;1;0;0;2;0;0;87;0;86;2;4;1;85;1;31;1;4;1;5;1;38;1;14;1;16;0;1;2;3;1;1;3;7;1;2;0;0;0;0;0;0;1;88;1;23;2;22;2;28;0;16;0;0;0;0;0;0;0;0;0;0;0;0;0;0;0;0;0;0;0;0;0;0;0;0;0;0;0;0;0;0;0;0;0;0;0;0;0;0;0;0;0;0;0;0;0;0;0;0;0;0;0;0;0;0;0;0;0;0;0;0
14.05.2024;19:22;A147;1;0;0;0;0;1;10;1;11;1;4;2;46;3;53;4;2;2;9;3;7;4;9;1;39;2;17;0;0;0;0;0;0;0;0;1;8;1;8;2;3;7;35;2;1;2;56;2;6;1;45;1;4;0;0;0;0;1;1;0;0;0;0;0;0;0;0;0;0;0;0;0;0;0;0;0;0;0;0;0;0;1;1;0;0;0;0;0;0;0;0;0;0;0;0;0;0;0;0;0;0;0;0;0;0;0;0;0;0;0;0
14.05.2024;19:21;A147;1;0;0;0;0;0;0;0;0;0;0;3;21;5;5;2;1;3;15;6;20;3;6;0;0;0;0;1;2;0;0;1;5;0;0;0;0;0;0;0;0;4;20;4;21;0;29;0;27;1;63;1;65;0;0;0;0;0;0;0;0;0;0;0;0;0;0;0;0;1;1;0;0;0;0;1;1;0;0;0;0;0;0;0;0;0;0;0;0;0;0;0;0;3;7;0;0;0;0;7;12;0;0;0;0;0;0;0;0;0;0
14.05.2024;19:20;A147;1;2;51;0;50;3;82;3;83;2;48;1;32;1;0;0;0;1;10;1;2;0;0;3;25;0;25;1;12;3;44;2;5;0;48;1;22;1;22;1;5;2;15;1;6;2;22;2;11;1;73;2;34;0;0;1;1;0;0;0;0;0;0;0;0;0;0;0;0;0;0;0;0;0;0;0;0;0;0;2;4;0;0;0;0;0;0;0;0;0;0;0;0;0;0;0;0;0;0;0;0;0;0;0;0;0;0;0;0;0;0
14.05.2024;19:19;A147;1;1;43;2;31;2;22;2;22;3;12;2;46;7;24;4;14;2;33;7;19;4;11;1;85;3;64;0;0;1;13;0;0;2;6;1;8;1;8;0;0;8;45;6;9;4;46;4;30;0;0;0;0;0;0;0;0;0;0;0;0;0;0;0;0;0;0;0;0;0;0;0;0;0;0;0;0;0;0;0;0;0;0;0;0;0;0;0;0;0;0;0;0;0;0;0;0;0;0;0;0;0;0;0;0;0;0;0;0;0;0
14.05.2024;19:18;A147;1;0;0;0;0;0;0;0;0;1;4;2;10;4;18;2;2;2;13;3;23;1;8;0;0;0;0;1;0;2;27;0;0;4;10;1;93;1;95;1;2;7;30;6;30;1;44;0;40;0;0;0;0;0;0;0;0;0;0;0;0;0;0;1;1;0;0;0;0;0;0;0;0;0;0;0;0;0;0;0;0;0;0;0;0;0;0;1;1;0;0;0;0;0;0;0;0;0;0;0;0;0;0;0;0;0;0;0;0;0;0
14.05.2024;19:17;A147;1;0;0;0;0;1;37;1;37;1;4;0;0;3;25;1;0;0;0;3;33;0;1;3;33;0;36;3;45;2;1;4;30;2;5;0;0;0;0;0;0;1;16;3;48;1;22;3;33;0;26;0;0;0;0;0;0;0;0;0;0;0;0;0;0;0;0;0;0;0;0;0;0;0;0;0;0;0;0;0;0;0;0;0;0;0;0;0;0;0;0;0;0;0;0;0;0;0;0;0;0;0;0;0;0;0;0;0;0;0;0
14.05.2024;19:16;A147;1;2;7;1;6;0;0;1;0;0;0;0;0;10;50;5;50;0;0;1;79;6;59;1;95;2;68;2;8;2;1;1;4;2;4;0;45;0;44;0;0;10;48;7;33;4;77;5;47;1;24;1;5;0;0;0;0;0;0;0;0;0;0;0;0;0;0;0;0;0;0;0;0;0;0;0;0;0;0;0;0;0;0;0;0;0;0;0;0;0;0;0;0;0;0;0;0;0;0;0;0;0;0;0;0;0;0;0;0;0;0
14.05.2024;19:15;A147;1;1;72;2;18;4;8;4;7;0;10;0;0;6;33;5;30;0;0;2;42;0;39;2;72;3;14;1;85;0;0;2;6;0;0;1;61;1;63;1;6;9;44;5;41;2;64;2;51;2;72;2;15;0;0;0;0;0;0;0;0;0;0;0;0;0;0;0;0;0;0;0;0;0;0;0;0;0;0;0;0;0;0;0;0;0;0;0;0;0;0;0;0;0;0;0;0;0;0;0;0;0;0;0;0;0;0;0;0;0;0
14.05.2024;19:14;A147;1;4;60;4;43;1;29;0;96;0;100;0;0;5;21;3;2;0;0;4;34;3;13;3;35;0;35;4;52;0;53;6;13;0;0;1;0;1;0;0;0;1;54;2;42;2;60;3;26;1;11;1;5;0;0;0;0;0;0;0;0;0;0;1;1;0;0;1;1;0;0;0;0;0;0;0;0;0;0;0;0;0;0;0;0;0;0;0;0;0;0;0;0;0;0;0;0;0;0;0;0;0;0;0;0;0;0;0;0;0;0
14.05.2024;19:13;A147;1;1;30;3;12;0;0;1;64;2;62;3;10;5;6;0;0;3;20;6;19;0;0;1;17;3;18;6;29;2;47;1;38;1;3;1;0;1;0;0;0;8;16;7;42;1;95;2;62;0;0;0;0;0;0;0;0;0;0;0;0;0;0;0;0;0;0;0;0;0;0;0;0;0;0;0;0;0;0;0;0;0;0;0;0;0;0;0;0;0;0;0;0;0;0;0;0;0;0;0;0;0;0;0;0;0;0;0;0;0;0
14.05.2024;19:12;A147;1;1;7;1;5;8;47;8;48;2;66;2;2;4;3;3;1;2;7;4;12;3;5;0;0;0;0;0;100;1;18;0;100;1;4;3;49;3;50;3;12;9;46;5;35;5;90;0;39;0;0;0;0;0;0;0;0;0;0;0;0;0;0;0;0;0;0;0;0;0;0;0;0;0;0;0;0;0;0;0;0;0;0;0;0;0;0;0;0;0;0;0;0;0;0;0;0;0;0;0;0;0;0;0;0;0;0;0;0;0;0
14.05.2024;19:11;A147;1;3;39;2;42;1;97;1;97;2;74;1;3;1;0;1;0;2;4;1;2;1;2;0;30;0;0;2;56;0;0;2;24;1;2;1;26;1;25;0;0;6;45;2;31;4;47;3;33;0;0;0;0;0;0;0;0;0;0;0;0;0;0;0;0;0;0;0;0;0;0;0;0;0;0;0;0;0;0;0;0;0;0;0;0;0;0;0;0;0;0;0;0;0;0;0;0;0;0;0;0;0;0;0;0;0;0;0;0;0;0
14.05.2024;19:10;A147;1;2;2;2;6;4;59;4;61;1;53;0;0;5;56;4;2;0;0;2;72;4;9;1;74;1;4;1;5;0;0;1;4;0;0;0;0;0;0;0;0;6;10;7;77;0;100;3;83;0;0;0;0;0;0;0;0;0;0;0;0;0;0;0;0;0;0;0;0;0;0;0;0;0;0;0;0;0;0;0;0;0;0;0;0;0;0;0;0;0;0;0;0;0;0;0;0;0;0;0;0;0;0;0;0;0;0;0;0;0;0
14.05.2024;19:09;A147;1;0;98;0;0;1;47;1;49;3;35;0;0;10;25;2;16;0;0;5;43;1;4;2;28;2;10;1;1;0;94;1;4;0;0;0;0;0;0;0;0;8;31;5;27;1;76;2;42;0;0;0;0;0;0;0;0;0;0;0;0;0;0;0;0;0;0;0;0;0;0;0;0;0;0;0;0;0;0;0;0;0;0;0;0;0;0;0;0;0;0;0;0;0;0;0;0;0;0;0;0;0;0;0;0;0;0;0;0;0;0
14.05.2024;19:08;A147;1;2;2;2;7;4;86;4;86;0;90;0;0;1;49;1;1;0;0;2;43;1;10;0;0;0;0;0;32;2;34;0;0;1;5;1;4;1;5;1;10;1;86;1;81;2;62;2;52;0;0;0;0;0;0;0;0;0;0;0;0;0;0;0;0;0;0;0;0;0;0;0;0;0;0;0;0;0;0;0;0;0;0;0;0;0;0;0;0;0;0;0;0;0;0;0;0;0;0;0;0;0;0;0;0;0;0;0;0;0;0
14.05.2024;19:07;A147;1;2;2;2;6;3;67;3;68;3;10;1;44;6;79;6;80;1;5;1;92;1;87;0;0;1;1;2;7;2;52;4;12;0;53;4;45;4;43;2;17;2;74;2;36;0;78;1;43;0;0;0;0;0;0;0;0;0;0;0;0;0;0;0;0;0;0;0;0;0;0;0;0;0;0;0;0;0;0;0;0;0;0;0;0;0;0;0;0;0;0;0;0;0;0;0;0;0;0;0;0;0;0;0;0;0;0;0;0;0;0
14.05.2024;19:06;A147;1;2;32;2;12;1;59;2;60;3;10;2;8;9;38;8;36;1;13;7;64;8;23;2;18;2;11;1;51;2;86;2;10;1;87;1;88;1;89;3;32;9;29;4;9;1;50;0;17;0;0;0;0;0;0;0;0;2;3;0;0;0;0;4;8;0;0;0;0;0;0;0;0;0;0;0;0;0;0;0;0;1;1;0;0;0;0;0;0;0;0;0;0;0;0;0;0;0;0;0;0;0;0;0;0;0;0;0;0;0;0
14.05.2024;19:05;A147;1;0;0;0;0;1;33;1;1;0;0;1;25;5;46;2;0;2;36;3;47;2;3;0;12;0;0;2;36;0;0;2;4;3;8;2;3;2;17;2;9;4;88;2;7;2;91;2;21;0;0;0;0;0;0;0;0;0;0;0;0;0;0;0;0;1;1;0;0;0;0;0;0;0;0;0;0;0;0;0;0;0;0;0;0;0;0;0;0;1;1;0;0;0;0;0;0;0;0;0;0;0;0;0;0;0;0;0;0;0;0
14.05.2024;19:04;A147;1;2;2;3;10;3;37;3;37;1;40;2;31;6;57;5;34;3;18;3;78;5;41;1;74;1;3;1;50;0;0;2;12;1;2;1;36;1;35;1;5;5;73;4;40;2;84;1;50;0;0;0;0;0;0;0;0;0;0;0;0;0;0;0;0;0;0;0;0;0;0;0;0;0;0;0;0;0;0;0;0;0;0;0;0;0;0;0;0;0;0;0;0;0;0;0;0;0;0;0;0;0;0;0;0;0;0;0;0;0;0
14.05.2024;19:03;A147;1;1;68;2;5;2;76;2;77;5;35;5;28;5;41;2;35;1;41;0;49;2;27;0;0;0;0;3;88;1;2;2;54;1;32;1;40;1;41;1;6;11;52;8;46;4;87;2;64;0;0;0;0;0;0;0;0;0;0;0;0;0;0;1;1;0;0;0;0;0;0;0;0;0;0;0;0;0;0;0;0;0;0;0;0;0;0;1;1;0;0;0;0;0;0;0;0;0;0;0;0;0;0;0;0;0;0;0;0;0;0
14.05.2024;19:02;A147;1;0;49;0;0;3;72;3;73;3;49;1;1;2;0;2;16;2;5;3;31;2;10;1;16;0;0;2;59;1;2;4;31;1;2;1;62;1;63;1;5;7;7;1;4;1;28;0;100;1;9;1;4;0;0;0;0;3;5;0;0;0;0;0;0;0;0;0;0;0;0;0;0;0;0;0;0;0;0;0;0;0;0;0;0;0;0;0;0;0;0;0;0;0;0;0;0;0;0;0;0;0;0;0;0;0;0;0;0;0;0
14.05.2024;19:01;A147;1;4;24;2;14;5;53;5;53;0;61;2;38;5;55;4;67;3;40;2;75;4;36;0;0;1;5;1;6;0;0;1;5;0;0;0;0;0;0;0;0;6;12;5;41;2;69;0;100;0;0;0;0;0;0;0;0;1;1;0;0;0;0;0;0;0;0;0;0;0;0;0;0;0;0;0;0;0;0;0;0;1;3;0;0;0;0;0;0;0;0;0;0;0;0;0;0;0;0;0;0;0;0;0;0;0;0;0;0;0;0
14.05.2024;19:00;A147;1;1;92;1;5;2;51;2;52;3;41;1;22;4;25;2;1;1;3;3;18;2;6;0;79;0;0;0;0;1;0;0;0;1;3;1;0;1;0;0;0;12;17;10;12;4;70;0;100;0;0;0;0;0;0;0;0;0;0;0;0;0;0;0;0;0;0;0;0;0;0;0;0;0;0;0;0;0;0;0;0;0;0;0;0;0;0;0;0;0;0;1;1;0;0;0;0;0;0;0;0;0;0;0;0;0;0;0;0;0;0
14.05.2024;18:59;A147;1;1;61;1;2;1;2;1;2;2;9;1;39;1;46;0;0;1;5;3;18;1;13;1;51;0;0;2;53;2;19;12;18;3;10;1;36;1;35;1;4;2;3;0;0;3;27;1;46;0;0;0;0;0;0;0;0;0;0;0;0;0;0;0;0;0;0;2;3;0;0;0;0;0;0;0;0;0;0;0;0;0;0;0;0;0;0;0;0;0;0;2;3;0;0;0;0;0;0;0;0;0;0;0;0;0;0;0;0;0;0
14.05.2024;18:58;A147;1;3;60;1;14;3;41;3;41;2;41;5;23;5;75;3;45;1;75;3;25;2;11;1;41;1;4;3;37;1;1;2;10;2;3;1;40;1;39;1;4;5;89;4;44;0;98;1;59;0;0;0;0;0;0;0;0;1;1;0;0;0;0;0;0;0;0;2;3;0;0;0;0;0;0;0;0;0;0;0;0;1;2;0;0;0;0;0;0;0;0;0;0;0;0;0;0;0;0;0;0;0;0;0;0;0;0;0;0;0;0
14.05.2024;18:57;A147;1;1;66;4;57;6;86;7;86;2;55;1;9;4;34;1;0;1;5;4;41;1;2;3;87;1;61;1;38;0;0;1;3;0;0;4;64;4;64;1;18;7;57;2;37;2;73;0;41;0;0;0;0;0;0;0;0;0;0;0;0;0;0;0;0;0;0;0;0;0;0;0;0;0;0;0;0;0;0;0;0;0;0;0;0;0;0;0;0;0;0;0;0;0;0;0;0;0;0;0;0;0;0;0;0;0;0;0;0;0;0
14.05.2024;18:56;A147;1;1;59;1;8;1;97;1;97;0;100;0;0;4;36;0;0;1;3;5;18;1;0;3;64;4;32;4;68;1;59;0;70;0;59;1;99;1;99;0;100;4;74;1;9;3;80;3;18;0;0;0;0;0;0;0;0;0;0;0;0;0;0;0;0;0;0;1;1;0;0;0;0;0;0;0;0;0;0;0;0;0;0;0;0;0;0;0;0;0;0;0;0;0;0;0;0;0;0;0;0;0;0;0;0;0;0;0;0;0;0
14.05.2024;18:55;A147;1;2;40;1;6;2;69;2;69;4;57;3;48;7;73;4;61;3;37;4;52;4;46;1;80;1;4;2;68;2;59;1;66;3;29;3;67;3;67;3;62;7;86;3;61;1;99;2;43;0;0;0;0;0;0;0;0;0;0;0;0;0;0;0;0;0;0;0;0;0;0;0;0;0;0;0;0;0;0;0;0;0;0;0;0;0;0;0;0;0;0;0;0;0;0;0;0;0;0;0;0;0;0;0;0;0;0;0;0;0;0
14.05.2024;18:54;A147;1;1;92;1;11;4;26;4;28;1;14;2;4;7;41;4;2;2;13;1;50;4;12;2;79;2;54;1;68;1;29;2;11;2;9;2;57;2;57;2;23;9;37;8;40;2;85;3;50;1;39;1;8;0;0;0;0;0;0;0;0;0;0;0;0;0;0;0;0;0;0;0;0;0;0;0;0;0;0;0;0;0;0;0;0;0;0;0;0;0;0;0;0;0;0;0;0;0;0;0;0;0;0;0;0;0;0;0;0;0;0
14.05.2024;18:53;A147;1;1;57;2;4;0;96;0;96;1;72;1;1;6;46;2;1;0;1;4;51;1;3;3;57;1;40;1;16;3;38;1;4;4;30;1;98;1;98;0;5;4;6;4;2;3;17;3;17;0;0;0;0;0;0;0;0;0;0;0;0;0;0;0;0;0;0;0;0;0;0;0;0;0;0;0;0;0;0;0;0;0;0;0;0;0;0;0;0;0;0;0;0;0;0;0;0;0;0;0;0;0;0;0;0;0;0;0;0;0;0
14.05.2024;18:52;A147;1;4;47;2;15;1;83;1;84;2;14;2;92;4;93;4;65;1;98;0;100;4;28;1;55;3;15;4;34;4;27;3;31;1;32;1;31;1;32;2;11;7;76;5;54;2;68;6;53;1;58;0;1;0;0;0;0;0;0;0;0;0;0;0;0;1;1;0;0;0;0;0;0;0;0;0;0;0;0;0;0;0;0;0;0;0;0;0;0;1;1;0;0;0;0;0;0;0;0;0;0;0;0;0;0;0;0;0;0;0;0
14.05.2024;18:51;A147;1;1;80;3;60;3;29;4;53;4;24;6;44;4;54;2;27;1;56;2;51;2;23;0;0;0;0;1;68;0;100;2;14;2;33;1;1;1;1;1;3;6;63;7;50;4;68;2;44;1;34;2;36;0;0;0;0;0;0;0;0;0;0;0;0;0;0;2;3;0;0;0;0;0;0;0;0;0;0;0;0;0;0;0;0;0;0;0;0;0;0;1;1;0;0;0;0;0;0;0;0;0;0;0;0;0;0;0;0;0;0
14.05.2024;18:50;A147;1;1;2;0;0;1;5;1;6;1;4;1;69;3;54;1;0;2;30;3;46;0;0;0;0;0;0;4;59;3;37;4;71;3;20;2;92;2;92;1;95;5;32;6;8;3;39;4;19;0;25;0;0;0;0;0;0;0;0;0;0;0;0;0;0;0;0;0;0;0;0;0;0;0;0;0;0;0;0;0;0;0;0;0;0;0;0;0;0;0;0;0;0;0;0;0;0;0;0;0;0;0;0;0;0;0;0;0;0;0;0
14.05.2024;18:49;A147;1;1;1;2;11;0;45;0;45;0;0;3;4;5;89;0;0;2;10;1;49;1;2;0;0;0;0;1;55;3;4;4;44;4;17;2;70;2;70;3;51;7;84;8;11;0;100;1;83;1;93;1;5;0;0;0;0;0;0;0;0;0;0;0;0;0;0;0;0;0;0;0;0;0;0;0;0;0;0;0;0;0;0;0;0;0;0;0;0;0;0;0;0;0;0;0;0;0;0;0;0;0;0;0;0;0;0;0;0;0;0
14.05.2024;18:48;A147;1;0;0;0;0;2;19;2;20;2;5;1;24;6;29;7;27;3;25;4;43;4;28;0;0;0;0;0;0;0;0;1;0;2;9;1;76;1;77;2;50;12;40;7;27;7;75;3;43;1;77;0;75;0;0;0;0;0;0;0;0;0;0;0;0;0;0;0;0;0;0;0;0;0;0;0;0;0;0;0;0;0;0;0;0;0;0;0;0;0;0;0;0;0;0;0;0;0;0;0;0;0;0;0;0;0;0;0;0;0;0
14.05.2024;18:47;A147;1;2;5;2;11;4;94;4;94;2;85;2;10;3;30;2;12;2;45;4;22;2;7;2;34;0;35;5;59;3;45;0;67;1;60;0;87;0;85;0;10;4;64;4;22;2;78;5;35;1;67;1;73;0;0;0;0;0;0;0;0;0;0;0;0;0;0;0;0;0;0;0;0;0;0;0;0;0;0;0;0;0;0;0;0;0;0;0;0;0;0;0;0;0;0;0;0;0;0;0;0;0;0;0;0;0;0;0;0;0;0
14.05.2024;18:46;A147;1;4;4;4;13;4;58;4;58;1;55;2;39;7;64;3;47;1;46;6;75;3;10;1;58;3;33;2;67;0;0;4;20;0;100;1;44;1;45;1;8;6;84;7;72;2;71;2;84;0;0;0;0;0;0;0;0;0;0;0;0;0;0;0;0;0;0;0;0;0;0;0;0;0;0;0;0;0;0;0;0;0;0;0;0;0;0;0;0;0;0;0;0;0;0;0;0;0;0;0;0;0;0;0;0;0;0;0;0;0;0
14.05.2024;18:45;A147;1;0;0;0;0;1;74;1;76;3;30;6;22;8;24;3;17;3;35;3;40;2;20;0;0;0;0;2;83;1;3;1;3;4;8;0;0;0;0;0;0;7;29;7;26;3;43;4;38;0;0;0;0;0;0;0;0;0;0;0;0;0;0;0;0;0;0;1;1;0;0;0;0;0;0;0;0;0;0;0;0;0;0;0;0;0;0;0;0;0;0;1;1;0;0;0;0;0;0;0;0;0;0;0;0;0;0;0;0;0;0
14.05.2024;18:44;A147;1;0;0;0;0;0;83;0;82;0;0;1;50;1;49;1;5;2;34;2;53;2;8;0;0;0;0;0;0;1;41;1;7;2;4;2;86;2;85;0;90;8;67;8;76;3;87;2;97;0;0;0;0;0;0;0;0;0;0;0;0;0;0;0;0;0;0;0;0;0;0;0;0;0;0;0;0;0;0;0;0;0;0;0;0;0;0;0;0;0;0;0;0;0;0;0;0;0;0;0;0;0;0;0;0;0;0;0;0;0;0
14.05.2024;18:43;A147;1;1;5;0;0;1;25;1;26;1;4;1;33;7;74;5;58;1;8;5;62;6;39;3;62;2;17;0;5;2;14;0;0;2;14;1;79;1;80;3;25;2;94;3;92;0;100;1;77;0;0;0;0;0;0;0;0;0;0;0;0;0;0;0;0;0;0;0;0;0;0;0;0;0;0;0;0;0;0;0;0;0;0;0;0;0;0;0;0;0;0;0;0;0;0;0;0;0;0;0;0;0;0;0;0;0;0;0;0;0;0
14.05.2024;18:42;A147;1;0;100;1;8;1;36;1;37;1;44;3;13;8;60;1;24;4;15;4;36;1;12;0;100;1;8;1;50;1;84;2;6;3;29;4;46;4;47;2;35;11;76;7;52;0;100;4;54;0;0;0;0;0;0;0;0;0;0;0;0;0;0;0;0;0;0;0;0;0;0;0;0;0;0;0;0;0;0;0;0;0;0;0;0;0;0;0;0;0;0;0;0;0;0;0;0;0;0;0;0;0;0;0;0;0;0;0;0;0;0
14.05.2024;18:41;A147;1;5;70;4;41;2;68;2;68;3;17;1;0;4;34;1;34;1;2;1;15;1;7;1;61;2;11;3;56;3;56;0;58;1;68;1;97;1;96;0;100;5;42;3;67;2;36;4;22;0;32;0;0;0;0;0;0;0;0;0;0;0;0;2;3;0;0;0;0;0;0;0;0;0;0;0;0;0;0;0;0;0;0;0;0;0;0;1;1;0;0;0;0;0;0;0;0;0;0;0;0;0;0;0;0;0;0;0;0;0;0
14.05.2024;18:40;A147;1;2;29;2;7;1;29;1;30;1;5;2;67;9;82;7;58;2;62;3;92;3;59;1;17;1;3;1;35;5;53;2;33;3;43;3;53;3;53;3;34;5;88;6;65;1;69;1;81;1;33;1;7;0;0;0;0;0;0;0;0;0;0;0;0;0;0;0;0;0;0;0;0;0;0;0;0;0;0;0;0;0;0;0;0;0;0;0;0;0;0;0;0;0;0;0;0;0;0;0;0;0;0;0;0;0;0;0;0;0;0
14.05.2024;18:39;A147;1;0;0;0;0;1;0;1;0;0;1;1;1;10;32;5;3;1;4;9;48;4;10;2;83;1;42;1;68;1;98;1;5;1;83;1;84;1;85;1;9;13;22;7;36;2;74;3;48;0;0;0;0;0;0;0;0;0;0;0;0;0;0;1;1;0;0;0;0;0;0;0;0;0;0;0;0;0;0;0;0;0;0;0;0;0;0;1;2;0;0;0;0;0;0;0;0;0;0;0;0;0;0;0;0;0;0;0;0;0;0
14.05.2024;18:38;A147;1;0;0;0;0;0;94;0;94;1;1;0;0;1;33;0;0;0;0;1;20;0;0;1;69;2;11;0;50;0;51;0;0;1;3;1;94;1;93;0;94;2;1;4;58;2;81;5;31;0;31;0;0;0;0;0;0;0;0;0;0;0;0;0;0;0;0;0;0;0;0;0;0;0;0;0;0;0;0;0;0;0;0;0;0;0;0;0;0;0;0;0;0;0;0;0;0;0;0;0;0;0;0;0;0;0;0;0;0;0;0
14.05.2024;18:37;A147;1;3;8;2;20;4;73;4;74;1;43;2;64;6;40;7;42;2;53;5;42;6;19;1;96;0;1;1;2;2;23;1;6;1;5;1;62;1;61;2;20;7;74;5;64;6;35;3;9;1;26;1;3;0;0;0;0;0;0;0;0;0;0;0;0;0;0;0;0;0;0;0;0;0;0;0;0;0;0;0;0;0;0;0;0;0;0;0;0;0;0;0;0;0;0;0;0;0;0;0;0;0;0;0;0;0;0;0;0;0;0
14.05.2024;18:36;A147;1;0;100;1;92;1;59;1;60;4;24;6;31;8;22;5;21;2;44;4;38;2;28;0;0;1;2;0;100;1;66;1;1;2;47;1;39;1;41;2;13;13;55;7;24;5;65;3;43;1;32;1;5;0;0;0;0;0;0;0;0;0;0;0;0;0;0;0;0;0;0;0;0;0;0;0;0;0;0;0;0;0;0;0;0;0;0;0;0;0;0;0;0;0;0;0;0;0;0;0;0;0;0;0;0;0;0;0;0;0;0
14.05.2024;18:35;A147;1;1;60;2;13;3;82;3;82;2;60;1;37;1;17;1;20;2;35;2;22;2;14;0;0;0;0;4;22;1;41;5;23;0;38;1;79;1;78;1;3;3;43;4;53;2;56;4;56;0;0;0;0;1;1;0;0;0;0;0;0;0;0;0;0;1;1;0;0;0;0;0;0;0;0;0;0;0;0;0;0;0;0;0;0;0;0;0;0;1;1;0;0;0;0;0;0;0;0;0;0;0;0;0;0;0;0;0;0;0;0
14.05.2024;18:34;A147;1;3;42;2;9;1;62;1;61;1;5;5;49;4;56;5;46;2;50;4;19;5;30;0;0;0;0;4;13;1;59;3;12;2;33;1;11;1;12;1;5;8;82;6;38;2;98;4;51;0;0;0;0;0;0;0;0;0;0;0;0;0;0;0;0;0;0;0;0;0;0;0;0;0;0;0;0;0;0;0;0;0;0;0;0;0;0;0;0;0;0;0;0;0;0;0;0;0;0;0;0;0;0;0;0;0;0;0;0;0;0
14.05.2024;18:33;A147;1;1;92;3;15;3;42;3;42;2;5;4;11;7;42;4;4;4;23;1;55;4;15;0;81;0;0;0;100;0;0;1;99;0;3;2;2;2;1;1;3;8;65;8;38;3;83;3;53;0;0;0;0;0;0;0;0;0;0;0;0;0;0;0;0;0;0;0;0;0;0;0;0;0;0;0;0;0;0;0;0;0;0;0;0;0;0;0;0;0;0;0;0;0;0;0;0;0;0;0;0;0;0;0;0;0;0;0;0;0;0
14.05.2024;18:32;A147;1;0;52;1;1;2;59;2;60;1;65;1;1;2;57;1;0;1;3;2;49;1;2;3;88;1;37;2;65;1;10;3;61;3;29;4;90;4;91;1;87;5;16;2;12;2;29;2;22;0;0;0;0;0;0;0;0;0;0;0;0;0;0;0;0;0;0;0;0;0;0;0;0;0;0;0;0;0;0;0;0;0;0;0;0;0;0;0;0;0;0;0;0;0;0;0;0;0;0;0;0;0;0;0;0;0;0;0;0;0;0
14.05.2024;18:31;A147;1;1;12;1;5;1;49;1;48;1;2;1;74;8;12;5;57;1;4;4;95;5;36;0;100;0;0;1;27;3;8;2;30;1;12;1;48;1;47;2;11;7;83;8;65;1;82;2;65;0;0;0;0;0;0;0;0;0;0;0;0;0;0;0;0;1;1;0;0;0;0;0;0;0;0;0;0;0;0;0;0;0;0;0;0;0;0;0;0;0;0;0;0;0;0;0;0;0;0;0;0;0;0;0;0;0;0;0;0;0;0
14.05.2024;18:30;A147;1;1;76;1;7;6;84;6;86;0;25;4;52;9;39;5;35;3;34;5;65;3;41;3;93;0;98;0;0;1;77;0;0;1;84;1;9;1;10;1;5;11;71;10;42;2;74;4;62;2;41;2;10;0;0;0;0;0;0;0;0;0;0;0;0;0;0;0;0;0;0;0;0;0;0;0;0;0;0;0;0;0;0;0;0;0;0;0;0;0;0;0;0;0;0;0;0;0;0;0;0;0;0;0;0;0;0;0;0;0;0
14.05.2024;18:29;A147;1;2;60;2;13;1;91;1;91;1;82;2;33;7;20;1;14;1;12;7;36;2;13;4;86;1;98;3;24;3;60;4;46;2;64;1;93;1;93;1;49;6;69;5;48;4;86;4;64;0;0;0;0;0;0;0;0;0;0;0;0;1;1;0;0;0;0;0;0;0;0;0;0;0;0;0;0;0;0;0;0;0;0;0;0;0;0;0;0;0;0;0;0;0;0;0;0;0;0;0;0;0;0;0;0;0;0;0;0;0;0
14.05.2024;18:28;A147;1;5;28;3;24;1;47;1;46;2;7;4;21;3;50;3;46;4;30;4;12;3;10;1;65;2;70;4;11;4;11;3;16;1;11;0;45;0;44;1;5;4;83;5;50;1;97;3;22;0;0;0;0;0;0;0;0;0;0;0;0;0;0;1;1;0;0;0;0;0;0;0;0;0;0;0;0;0;0;0;0;0;0;0;0;0;0;0;0;0;0;0;0;0;0;0;0;0;0;0;0;0;0;0;0;0;0;0;0;0;0
14.05.2024;18:27;A147;1;1;84;2;13;1;80;1;81;4;18;4;30;9;33;6;25;1;36;4;49;1;35;1;84;0;0;0;100;0;0;0;100;1;3;1;48;1;49;1;4;11;50;8;34;1;88;0;52;0;0;0;0;0;0;0;0;0;0;0;0;0;0;0;0;0;0;0;0;0;0;0;0;0;0;0;0;0;0;0;0;0;0;0;0;0;0;0;0;0;0;0;0;0;0;0;0;0;0;0;0;0;0;0;0;0;0;0;0;0;0
14.05.2024;18:26;A147;1;4;56;2;42;4;90;4;90;2;60;2;75;6;20;1;30;2;82;4;66;2;25;1;74;2;10;4;61;1;49;1;69;1;4;0;0;0;0;0;0;10;38;6;33;4;52;5;52;0;25;0;0;0;0;0;0;0;0;0;0;0;0;0;0;0;0;0;0;0;0;0;0;0;0;1;1;0;0;0;0;0;0;0;0;0;0;0;0;0;0;0;0;0;0;0;0;0;0;1;1;0;0;0;0;0;0;0;0;0;0
14.05.2024;18:25;A147;1;1;23;2;5;7;50;8;52;2;60;4;24;5;42;3;37;2;71;3;44;3;45;0;0;0;0;4;76;3;40;5;73;2;11;1;0;0;0;0;0;4;89;5;88;0;100;1;99;0;100;0;0;0;0;0;0;0;0;0;0;0;0;0;0;0;0;0;0;0;0;0;0;0;0;0;0;0;0;0;0;1;2;0;0;0;0;0;0;0;0;0;0;0;0;0;0;0;0;0;0;0;0;0;0;0;0;0;0;0;0
14.05.2024;18:24;A147;1;1;74;1;4;1;57;1;58;2;38;3;53;6;50;2;32;0;55;0;58;2;8;5;69;2;71;3;20;1;43;5;25;2;30;0;0;0;0;1;3;11;69;8;65;0;100;3;83;1;22;1;3;0;0;0;0;1;1;0;0;0;0;0;0;0;0;0;0;0;0;0;0;0;0;0;0;0;0;0;0;1;1;0;0;0;0;0;0;0;0;0;0;0;0;0;0;0;0;0;0;0;0;0;0;0;0;0;0;0;0
14.05.2024;18:23;A147;1;2;57;4;11;9;36;9;35;2;47;1;15;1;29;0;0;2;19;1;37;0;0;0;100;0;100;2;71;0;0;0;71;0;0;1;23;1;23;2;13;3;90;2;53;0;100;2;66;1;35;1;5;0;0;0;0;0;0;0;0;0;0;1;1;0;0;0;0;0;0;0;0;0;0;0;0;0;0;0;0;0;0;0;0;0;0;0;0;0;0;0;0;0;0;0;0;0;0;0;0;0;0;0;0;0;0;0;0;0;0
14.05.2024;18:22;A147;1;2;37;1;4;6;71;6;72;3;87;6;82;6;77;3;76;2;86;2;63;1;78;1;26;2;23;1;43;0;0;3;20;1;5;1;58;1;58;1;20;6;65;8;44;1;99;3;66;0;0;0;0;0;0;0;0;0;0;0;0;0;0;0;0;0;0;0;0;0;0;0;0;0;0;0;0;0;0;0;0;0;0;0;0;0;0;0;0;0;0;0;0;0;0;0;0;0;0;0;0;0;0;0;0;0;0;0;0;0;0
14.05.2024;18:21;A147;1;3;87;2;52;1;80;1;81;3;69;3;17;6;43;6;30;2;25;1;46;2;40;0;0;0;0;1;76;1;2;2;66;1;2;2;61;2;61;2;8;8;44;9;17;0;61;6;42;0;0;0;0;0;0;0;0;0;0;0;0;0;0;1;1;0;0;2;3;0;0;0;0;0;0;0;0;0;0;0;0;0;0;0;0;0;0;1;1;0;0;0;0;0;0;0;0;0;0;0;0;0;0;0;0;0;0;0;0;0;0
14.05.2024;18:20;A147;1;5;29;5;46;1;2;1;78;1;4;0;0;1;33;1;28;0;0;2;34;2;13;1;33;0;0;4;60;0;0;2;58;0;0;2;28;2;28;3;23;5;10;5;5;2;29;2;15;0;0;0;0;1;1;0;0;0;0;0;0;0;0;2;3;0;0;1;1;0;0;0;0;0;0;0;0;1;2;0;0;0;0;0;0;0;0;1;1;0;0;0;0;0;0;0;0;0;0;0;0;0;0;0;0;0;0;0;0;0;0
14.05.2024;18:19;A147;1;0;3;0;0;3;43;3;42;1;48;2;6;5;61;3;21;1;63;1;77;2;28;1;63;2;11;5;25;3;5;2;13;3;13;3;38;3;36;1;42;4;88;6;85;0;100;1;76;0;0;0;0;0;0;0;0;0;0;0;0;0;0;0;0;0;0;0;0;1;1;0;0;0;0;0;0;0;0;0;0;0;0;0;0;0;0;0;0;0;0;0;0;1;2;0;0;0;0;0;0;0;0;0;0;0;0;0;0;0;0
14.05.2024;18:18;A147;1;0;100;0;0;2;7;2;7;1;12;1;1;8;39;7;32;1;4;0;55;6;33;2;83;1;33;1;84;0;100;2;30;1;88;1;74;1;74;1;80;11;75;13;39;1;97;5;72;0;0;0;0;0;0;0;0;0;0;0;0;0;0;0;0;1;1;0;0;0;0;0;0;0;0;0;0;0;0;0;0;0;0;0;0;0;0;0;0;0;0;0;0;0;0;0;0;0;0;0;0;0;0;0;0;0;0;0;0;0;0
14.05.2024;18:17;A147;1;5;71;3;41;1;97;1;96;1;12;0;0;4;37;1;0;0;0;4;17;1;5;3;71;2;44;0;55;3;25;0;0;3;10;1;27;1;27;1;3;7;71;7;57;4;91;5;60;0;0;0;0;0;0;0;0;0;0;0;0;0;0;0;0;0;0;0;0;0;0;0;0;0;0;0;0;0;0;0;0;0;0;0;0;0;0;0;0;0;0;0;0;0;0;0;0;0;0;0;0;0;0;0;0;0;0;0;0;0;0
14.05.2024;18:16;A147;1;4;26;2;21;8;69;8;71;4;81;3;29;5;28;3;8;2;17;6;35;3;11;1;91;3;24;1;53;1;9;1;7;0;0;0;0;0;0;0;0;6;83;5;88;3;91;0;100;0;0;0;0;0;0;0;0;0;0;0;0;0;0;0;0;0;0;0;0;0;0;0;0;0;0;0;0;0;0;0;0;0;0;0;0;0;0;0;0;0;0;0;0;0;0;0;0;0;0;0;0;0;0;0;0;0;0;0;0;0;0
14.05.2024;18:15;A147;1;1;42;3;24;2;79;2;80;4;78;1;25;7;33;1;25;0;24;3;45;1;20;2;68;2;17;1;65;1;4;2;4;2;10;0;0;0;0;0;0;12;47;10;59;2;70;0;100;0;0;0;0;0;0;0;0;0;0;0;0;0;0;0;0;0;0;0;0;0;0;0;0;0;0;0;0;0;0;0;0;0;0;0;0;0;0;0;0;0;0;0;0;0;0;0;0;0;0;0;0;0;0;0;0;0;0;0;0;0;0
14.05.2024;18:14;A147;1;0;0;0;0;2;90;2;91;2;91;2;20;3;42;1;14;1;54;2;42;1;5;1;33;1;27;1;54;2;8;3;5;2;8;2;0;1;0;0;0;6;59;6;69;2;78;0;100;1;34;1;9;0;0;0;0;0;0;0;0;0;0;3;5;0;0;0;0;0;0;0;0;0;0;0;0;0;0;0;0;0;0;0;0;0;0;3;5;0;0;0;0;0;0;0;0;0;0;0;0;0;0;0;0;0;0;0;0;0;0
14.05.2024;18:13;A147;1;2;11;1;17;4;80;3;80;2;58;2;53;7;78;6;44;3;13;2;91;3;58;1;14;1;4;2;51;2;1;2;16;2;6;0;45;0;44;0;0;6;71;7;86;2;73;1;61;1;16;3;6;0;0;0;0;0;0;0;0;0;0;0;0;0;0;1;1;0;0;0;0;0;0;0;0;0;0;0;0;0;0;0;0;0;0;0;0;0;0;0;0;0;0;0;0;0;0;0;0;0;0;0;0;0;0;0;0;0;0
14.05.2024;18:12;A147;1;1;86;1;15;0;0;1;1;1;10;4;7;10;32;5;26;4;20;2;48;4;33;1;82;1;13;1;55;0;0;1;3;0;0;1;55;1;56;1;8;10;14;6;31;5;58;3;49;4;90;0;94;0;0;0;0;0;0;0;0;0;0;0;0;0;0;0;0;0;0;0;0;0;0;0;0;0;0;0;0;0;0;0;0;0;0;0;0;0;0;0;0;0;0;0;0;0;0;0;0;0;0;0;0;0;0;0;0;0;0
14.05.2024;18:11;A147;1;2;61;2;8;0;96;0;96;0;0;2;3;6;27;2;28;2;7;6;32;2;38;3;42;2;25;3;59;1;0;1;48;1;3;1;97;1;96;1;92;4;3;2;7;3;81;2;21;1;71;2;62;0;0;0;0;0;0;0;0;0;0;0;0;0;0;1;1;0;0;0;0;0;0;0;0;0;0;0;0;0;0;0;0;0;0;0;0;0;0;0;0;0;0;0;0;0;0;0;0;0;0;0;0;0;0;0;0;0;0
14.05.2024;18:10;A147;1;1;11;1;4;1;63;1;65;1;5;2;41;6;72;8;8;2;10;3;86;6;29;1;97;1;5;2;54;2;1;1;22;2;5;3;49;3;49;3;12;6;46;5;77;8;44;3;50;0;0;0;0;0;0;0;0;0;0;0;0;0;0;1;1;0;0;0;0;0;0;0;0;0;0;0;0;0;0;0;0;0;0;0;0;0;0;1;4;0;0;0;0;0;0;0;0;0;0;0;0;0;0;0;0;0;0;0;0;0;0
14.05.2024;18:09;A147;1;0;0;0;0;5;84;5;84;2;19;0;0;7;37;6;5;0;0;4;50;4;18;2;83;2;30;0;100;0;0;0;11;0;11;4;32;4;33;1;24;6;42;8;50;1;54;2;59;0;0;0;0;0;0;0;0;0;0;0;0;0;0;0;0;0;0;0;0;0;0;0;0;0;0;0;0;0;0;0;0;0;0;0;0;0;0;0;0;0;0;0;0;0;0;0;0;0;0;0;0;0;0;0;0;0;0;0;0;0;0
14.05.2024;18:08;A147;1;4;63;2;53;2;90;2;92;2;42;0;0;3;38;0;0;0;0;3;48;0;0;2;60;2;11;3;40;2;45;4;14;3;22;2;97;1;96;3;56;5;86;4;49;1;31;5;27;0;0;0;0;0;0;0;0;0;0;0;0;0;0;0;0;0;0;0;0;0;0;0;0;0;0;1;1;0;0;0;0;0;0;0;0;0;0;0;0;0;0;0;0;0;0;0;0;0;0;1;4;0;0;0;0;0;0;0;0;0;0
14.05.2024;18:07;A147;1;3;37;3;11;2;49;2;49;3;8;2;6;6;11;6;75;2;10;3;48;3;56;1;99;0;2;1;5;0;2;1;3;0;0;2;51;3;52;1;62;4;88;6;53;1;77;3;55;0;0;0;0;0;0;0;0;0;0;0;0;0;0;0;0;0;0;0;0;0;0;0;0;0;0;1;1;0;0;0;0;0;0;0;0;0;0;0;0;0;0;0;0;0;0;0;0;0;0;1;1;0;0;0;0;0;0;0;0;0;0
14.05.2024;18:06;A147;1;0;0;0;0;1;37;1;38;2;9;4;5;10;24;4;2;5;13;8;39;4;8;5;84;2;70;1;89;1;2;0;8;1;5;1;17;1;18;1;28;11;52;6;22;2;62;4;34;0;0;0;0;0;0;0;0;0;0;0;0;0;0;0;0;0;0;0;0;0;0;0;0;0;0;0;0;0;0;0;0;0;0;0;0;0;0;0;0;0;0;0;0;0;0;0;0;0;0;0;0;0;0;0;0;0;0;0;0;0;0
14.05.2024;18:05;A147;1;1;39;1;4;3;84;3;85;1;20;0;0;4;33;1;0;0;0;5;31;1;1;1;62;2;8;4;45;2;1;3;57;1;3;0;80;0;79;1;1;4;72;1;43;4;82;2;40;0;0;0;0;0;0;0;0;0;0;0;0;0;0;0;0;0;0;0;0;0;0;0;0;0;0;0;0;0;0;0;0;0;0;0;0;0;0;0;0;0;0;0;0;0;0;0;0;0;0;0;0;0;0;0;0;0;0;0;0;0;0
14.05.2024;18:04;A147;1;1;48;1;5;4;37;4;38;2;42;5;69;7;77;5;73;3;19;4;94;4;78;0;0;0;0;1;25;0;0;3;38;0;0;2;48;2;48;1;38;7;45;9;41;4;62;2;65;0;0;0;0;0;0;0;0;0;0;0;0;0;0;0;0;0;0;0;0;0;0;0;0;0;0;0;0;0;0;0;0;0;0;0;0;0;0;0;0;0;0;0;0;0;0;0;0;0;0;0;0;0;0;0;0;0;0;0;0;0;0
14.05.2024;18:03;A147;1;1;25;3;5;3;45;3;45;3;11;1;21;13;57;12;32;2;8;5;71;8;52;0;0;0;0;2;91;0;0;2;37;1;0;1;72;1;73;3;75;8;43;8;37;1;62;3;45;0;0;0;0;0;0;0;0;0;0;0;0;0;0;0;0;0;0;0;0;0;0;0;0;0;0;0;0;0;0;0;0;0;0;0;0;0;0;0;0;0;0;0;0;0;0;0;0;0;0;0;0;0;0;0;0;0;0;0;0;0;0
14.05.2024;18:02;A147;1;1;60;0;0;2;4;2;97;1;17;3;9;6;43;4;36;2;14;5;55;4;20;0;32;0;0;4;12;0;0;3;44;0;0;2;1;2;1;0;0;6;30;5;10;3;49;4;22;0;0;0;0;0;0;0;0;0;0;0;0;0;0;0;0;0;0;0;0;0;0;0;0;0;0;0;0;0;0;0;0;0;0;0;0;0;0;0;0;0;0;0;0;0;0;0;0;0;0;0;0;0;0;0;0;0;0;0;0;0;0
14.05.2024;18:01;A147;1;2;48;2;8;3;40;3;40;3;58;1;85;6;70;7;50;4;70;3;81;3;74;1;64;1;4;1;4;3;9;2;9;2;14;2;40;2;39;1;3;5;87;7;49;1;75;2;69;0;0;0;0;0;0;0;0;0;0;0;0;0;0;0;0;0;0;0;0;0;0;0;0;0;0;0;0;0;0;0;0;0;0;0;0;0;0;0;0;0;0;0;0;0;0;0;0;0;0;0;0;0;0;0;0;0;0;0;0;0;0
14.05.2024;18:00;A147;1;1;83;2;17;2;63;2;64;3;29;2;39;10;41;7;12;2;10;3;60;6;33;1;40;1;6;1;56;1;45;1;5;2;34;3;27;3;29;3;23;12;73;9;41;1;72;2;60;0;82;0;0;0;0;0;0;0;0;0;0;0;0;0;0;0;0;0;0;0;0;0;0;0;0;0;0;0;0;0;0;0;0;0;0;0;0;0;0;0;0;0;0;0;0;0;0;0;0;0;0;0;0;0;0;0;0;0;0;0;0
14.05.2024;17:59;A147;1;1;1;1;3;1;97;1;96;2;88;2;6;9;48;9;7;2;13;5;59;4;18;2;35;0;36;1;45;1;1;1;6;1;4;1;98;1;97;0;100;3;61;2;52;2;74;1;65;1;33;1;7;0;0;0;0;0;0;0;0;0;0;0;0;0;0;0;0;0;0;0;0;0;0;1;1;0;0;0;0;0;0;0;0;0;0;0;0;0;0;0;0;0;0;0;0;0;0;1;1;0;0;0;0;0;0;0;0;0;0
14.05.2024;17:58;A147;1;3;15;1;17;7;78;7;78;1;72;4;48;5;86;5;62;1;60;1;98;3;47;1;81;3;61;5;12;8;16;1;18;3;32;2;11;2;12;2;18;5;89;6;87;1;99;2;78;0;0;0;0;0;0;0;0;0;0;0;0;0;0;0;0;0;0;0;0;0;0;0;0;0;0;0;0;0;0;0;0;0;0;0;0;0;0;0;0;0;0;0;0;0;0;0;0;0;0;0;0;0;0;0;0;0;0;0;0;0;0
14.05.2024;17:57;A147;1;1;99;1;79;1;58;1;59;1;70;3;15;12;48;4;29;3;19;5;63;1;38;2;72;2;12;1;89;1;71;2;85;2;81;1;0;1;0;1;2;11;58;8;49;4;85;5;52;1;82;1;10;0;0;0;0;0;0;0;0;0;0;0;0;0;0;0;0;0;0;0;0;0;0;0;0;0;0;0;0;0;0;0;0;0;0;0;0;0;0;0;0;0;0;0;0;0;0;0;0;0;0;0;0;0;0;0;0;0;0
14.05.2024;17:56;A147;1;1;47;3;14;3;64;3;65;3;41;0;0;1;24;1;24;0;0;1;31;2;9;0;0;0;0;5;60;0;43;0;67;1;1;0;86;0;85;0;0;4;12;4;64;5;29;5;16;2;43;1;25;0;0;0;0;0;0;0;0;0;0;0;0;0;0;0;0;0;0;0;0;0;0;0;0;0;0;0;0;0;0;0;0;0;0;0;0;0;0;0;0;0;0;0;0;0;0;0;0;0;0;0;0;0;0;0;0;0;0
14.05.2024;17:55;A147;1;2;68;3;9;3;41;3;40;1;45;0;0;8;44;3;36;0;0;3;56;3;27;0;0;0;0;3;21;2;64;2;16;2;9;3;81;3;82;3;29;7;68;6;7;1;68;3;38;1;81;2;16;0;0;0;0;0;0;0;0;0;0;0;0;0;0;2;3;0;0;0;0;0;0;0;0;0;0;0;0;0;0;0;0;0;0;0;0;0;0;2;4;0;0;0;0;0;0;0;0;0;0;0;0;0;0;0;0;0;0
14.05.2024;17:54;A147;1;1;96;0;0;2;35;2;35;2;26;1;30;8;41;8;36;0;28;1;55;1;50;2;62;2;9;1;92;0;99;2;41;1;2;4;16;4;30;1;55;9;42;8;39;1;65;0;56;0;0;0;0;0;0;0;0;0;0;0;0;0;0;0;0;0;0;0;0;0;0;0;0;0;0;0;0;0;0;0;0;0;0;0;0;0;0;1;1;0;0;0;0;0;0;0;0;0;0;0;0;0;0;0;0;0;0;0;0;0;0
14.05.2024;17:53;A147;1;2;54;2;13;1;97;1;97;4;41;2;28;6;33;2;12;3;27;7;27;2;15;1;34;0;33;3;57;5;43;2;63;4;53;1;99;1;99;1;79;6;18;2;66;4;27;3;43;0;0;0;0;0;0;0;0;1;1;0;0;0;0;0;0;0;0;0;0;0;0;0;0;0;0;0;0;0;0;0;0;1;1;0;0;0;0;0;0;0;0;0;0;0;0;0;0;0;0;0;0;0;0;0;0;0;0;0;0;0;0
14.05.2024;17:52;A147;1;0;0;1;1;3;52;3;72;1;54;4;87;8;55;5;50;2;38;3;72;4;44;1;24;2;30;3;53;4;9;3;50;4;13;2;48;2;48;1;55;7;18;5;20;2;41;1;33;0;0;0;0;1;1;0;0;0;0;0;0;0;0;0;0;1;1;0;0;0;0;0;0;0;0;0;0;1;1;0;0;0;0;0;0;0;0;0;0;0;0;0;0;0;0;0;0;0;0;0;0;0;0;0;0;0;0;0;0;0;0
14.05.2024;17:51;A147;1;0;0;0;0;5;85;5;86;4;89;3;28;4;32;4;36;2;35;3;34;0;43;0;0;0;0;1;62;1;62;3;17;2;66;1;77;1;78;2;24;8;44;10;40;4;67;4;60;2;36;2;7;0;0;0;0;0;0;0;0;0;0;0;0;0;0;0;0;0;0;0;0;0;0;0;0;0;0;0;0;0;0;0;0;0;0;0;0;0;0;0;0;0;0;0;0;0;0;0;0;0;0;0;0;0;0;0;0;0;0
14.05.2024;17:50;A147;1;3;41;3;15;0;97;0;96;0;100;3;9;4;25;2;19;4;16;3;36;3;20;0;34;0;0;4;66;3;59;0;65;2;33;1;0;0;0;0;0;6;84;9;9;3;48;1;31;0;32;0;0;0;0;0;0;0;0;0;0;0;0;1;1;0;0;0;0;0;0;0;0;0;0;0;0;0;0;0;0;0;0;0;0;0;0;1;1;0;0;0;0;0;0;0;0;0;0;0;0;0;0;0;0;0;0;0;0;0;0
14.05.2024;17:49;A147;1;3;8;1;13;6;86;6;87;2;89;4;19;6;84;3;53;2;33;3;87;3;13;1;76;1;3;3;22;1;46;3;23;1;5;0;0;0;0;0;0;3;87;5;76;0;100;2;66;1;91;1;5;0;0;0;0;0;0;0;0;0;0;1;1;0;0;0;0;0;0;0;0;0;0;0;0;0;0;0;0;0;0;0;0;0;0;1;2;0;0;0;0;0;0;0;0;0;0;0;0;0;0;0;0;0;0;0;0;0;0
14.05.2024;17:48;A147;1;1;75;2;52;3;56;3;57;3;69;2;31;11;51;8;9;0;32;4;64;7;30;2;82;0;81;1;70;1;99;2;30;0;0;1;1;0;0;0;0;10;54;6;35;5;70;3;45;0;80;0;0;0;0;0;0;0;0;0;0;0;0;0;0;0;0;0;0;0;0;0;0;0;0;0;0;0;0;0;0;0;0;0;0;0;0;0;0;0;0;0;0;0;0;0;0;0;0;0;0;0;0;0;0;0;0;0;0;0;0
14.05.2024;17:47;A147;1;3;59;2;50;1;99;1;98;3;50;2;74;4;42;1;0;2;48;3;48;1;2;2;56;4;59;1;54;4;45;0;53;4;24;1;97;1;96;3;23;2;69;1;12;3;29;2;14;1;29;1;5;0;0;0;0;0;0;0;0;0;0;0;0;0;0;0;0;0;0;0;0;0;0;0;0;0;0;0;0;0;0;0;0;0;0;0;0;0;0;0;0;0;0;0;0;0;0;0;0;0;0;0;0;0;0;0;0;0;0
14.05.2024;17:46;A147;1;4;15;1;19;2;52;2;52;1;4;1;1;9;63;5;24;2;7;1;85;2;37;0;0;0;0;2;24;5;12;2;21;1;22;1;63;1;19;3;8;6;24;8;28;1;48;3;30;0;100;0;0;0;0;0;0;0;0;0;0;0;0;0;0;0;0;0;0;0;0;0;0;0;0;0;0;0;0;0;0;0;0;0;0;0;0;0;0;0;0;0;0;0;0;0;0;0;0;0;0;0;0;0;0;0;0;0;0;0;0
14.05.2024;17:45;A147;1;1;70;4;65;2;78;2;79;3;11;2;2;13;43;8;30;3;11;0;70;6;44;1;82;0;0;1;95;1;98;2;11;1;70;1;34;1;23;1;7;10;47;5;33;0;72;0;43;1;19;1;7;0;0;0;0;0;0;0;0;0;0;0;0;0;0;0;0;0;0;0;0;0;0;0;0;0;0;0;0;0;0;0;0;0;0;0;0;0;0;0;0;0;0;0;0;0;0;0;0;0;0;0;0;0;0;0;0;0;0
14.05.2024;17:44;A147;1;2;58;2;18;2;46;2;47;3;11;2;3;5;76;2;43;1;6;3;81;2;51;2;87;2;8;3;61;2;55;2;64;2;8;2;12;1;12;2;3;3;69;2;61;4;44;2;64;1;33;0;32;0;0;0;0;0;0;0;0;1;1;0;0;0;0;0;0;0;0;0;0;0;0;0;0;0;0;0;0;0;0;0;0;1;1;0;0;1;1;0;0;0;0;0;0;0;0;0;0;0;0;0;0;0;0;0;0;0;0
14.05.2024;17:43;A147;1;1;57;1;6;3;42;3;42;1;16;4;90;6;35;6;33;2;84;1;59;4;24;1;83;2;8;3;80;3;71;2;18;1;43;4;44;4;42;3;48;5;86;5;18;1;96;2;37;1;75;2;24;0;0;0;0;0;0;0;0;1;1;0;0;0;0;0;0;0;0;0;0;0;0;0;0;0;0;0;0;0;0;0;0;0;0;0;0;0;0;0;0;0;0;0;0;0;0;0;0;0;0;0;0;0;0;0;0;0;0
14.05.2024;17:42;A147;1;1;76;1;3;1;85;1;86;2;17;4;31;13;33;6;24;3;24;5;53;3;25;1;44;2;10;0;100;1;46;1;57;2;53;1;65;1;66;2;76;12;47;8;36;3;83;4;52;1;82;0;79;0;0;0;0;0;0;0;0;0;0;0;0;0;0;0;3;0;0;0;0;0;0;0;0;0;0;0;0;0;0;0;0;0;0;0;0;0;0;0;0;0;0;0;0;0;0;0;0;0;0;0;0;0;0;0;0;0;0
14.05.2024;17:41;A147;1;2;59;2;29;1;96;1;96;1;2;0;0;1;24;1;8;0;0;1;32;1;7;1;34;1;28;4;68;2;58;1;64;1;11;0;0;0;0;0;0;6;26;1;45;2;45;2;32;1;63;2;6;0;0;0;0;0;0;0;0;0;0;0;0;0;0;4;6;0;0;0;0;0;0;0;0;0;0;0;0;0;0;0;0;0;0;0;0;0;0;0;0;0;0;0;0;0;0;0;0;0;0;0;0;0;0;0;0;0;0
14.05.2024;17:40;A147;1;1;48;2;10;4;62;4;62;1;51;7;68;7;79;6;40;2;89;0;93;4;40;1;6;1;5;1;44;1;19;2;16;1;6;0;32;0;30;0;0;7;68;10;62;1;95;1;86;0;0;0;0;0;0;0;0;0;0;0;0;0;0;0;0;0;0;0;0;0;0;0;0;0;0;0;0;0;0;0;0;0;0;0;0;0;0;0;0;0;0;0;0;0;0;0;0;0;0;0;0;0;0;0;0;0;0;0;0;0;0
14.05.2024;17:39;A147;1;2;71;2;10;6;22;6;23;4;28;3;39;9;39;2;33;2;40;3;66;2;5;0;0;0;0;0;0;0;0;0;0;0;0;4;45;4;46;1;16;10;43;10;31;0;65;3;53;0;0;0;0;0;0;0;0;0;0;0;0;0;0;0;0;0;0;2;3;0;0;0;0;0;0;0;0;0;0;0;0;0;0;0;0;0;0;0;0;0;0;0;0;0;0;0;0;0;0;0;0;0;0;0;0;0;0;0;0;0;0
14.05.2024;17:38;A147;1;2;55;2;12;2;96;2;96;0;100;8;33;9;76;7;14;2;25;2;50;3;22;1;34;1;8;2;56;0;0;1;6;0;0;0;100;0;99;2;90;7;86;5;5;1;99;0;12;1;26;1;4;0;0;0;0;0;0;0;0;0;0;0;0;0;0;0;0;0;0;0;0;0;0;0;0;0;0;0;0;0;0;0;0;0;0;0;0;0;0;0;0;0;0;0;0;0;0;0;0;0;0;0;0;0;0;0;0;0;0
14.05.2024;17:37;A147;1;4;37;2;13;1;91;1;92;3;41;3;93;2;93;3;94;1;80;0;100;0;100;4;89;0;75;2;18;0;16;3;9;1;0;1;48;1;50;4;13;3;94;3;91;0;100;1;34;0;61;0;0;0;0;0;0;0;0;0;0;0;0;0;0;0;0;0;0;0;0;0;0;0;0;0;0;0;0;0;0;0;0;1;2;0;0;0;0;0;0;0;0;0;0;0;0;0;0;0;0;0;0;0;0;0;0;0;0;0;0
14.05.2024;17:36;A147;1;1;87;3;17;10;67;10;68;1;82;3;36;12;66;8;69;1;51;5;88;4;59;0;100;2;76;1;97;1;26;2;7;1;5;0;0;0;0;0;0;9;74;7;61;2;97;1;57;0;100;0;0;0;0;0;0;1;1;0;0;0;0;0;0;0;0;0;0;0;0;0;0;0;0;0;0;0;0;0;0;1;1;0;0;0;0;0;0;0;0;0;0;0;0;0;0;0;0;0;0;0;0;0;0;0;0;0;0;0;0
14.05.2024;17:35;A147;1;4;66;2;62;2;62;2;62;4;75;1;1;3;45;3;10;1;9;3;46;3;19;2;43;1;6;2;57;0;52;3;20;0;0;0;95;0;94;0;0;9;80;6;70;2;45;4;80;1;9;1;4;0;0;0;0;0;0;0;0;0;0;0;0;0;0;0;0;0;0;0;0;0;0;0;0;0;0;0;0;0;0;0;0;0;0;0;0;0;0;0;0;0;0;0;0;0;0;0;0;0;0;0;0;0;0;0;0;0;0
14.05.2024;17:34;A147;1;4;6;4;19;4;76;4;77;1;59;5;63;5;49;2;29;2;75;3;46;2;32;1;66;2;13;4;48;2;44;3;13;1;7;1;7;1;8;1;6;3;91;6;81;0;100;3;60;0;0;0;0;0;0;0;0;1;1;0;0;0;0;0;0;0;0;0;0;0;0;0;0;0;0;0;0;0;0;0;0;0;0;0;0;0;0;0;0;0;0;0;0;0;0;0;0;0;0;0;0;0;0;0;0;0;0;0;0;0;0
14.05.2024;17:33;A147;1;0;0;1;1;2;57;2;58;2;15;5;30;11;36;7;29;2;38;4;53;4;40;2;39;2;8;0;99;1;78;1;62;2;32;0;0;0;0;0;0;10;57;6;35;2;80;3;47;0;0;0;0;0;0;0;0;0;0;0;0;0;0;0;0;0;0;0;0;0;0;0;0;0;0;0;0;0;0;0;0;0;0;0;0;0;0;0;0;0;0;0;0;0;0;0;0;0;0;0;0;0;0;0;0;0;0;0;0;0;0
14.05.2024;17:32;A147;1;3;58;1;7;3;72;3;73;3;71;3;24;7;60;5;47;3;25;4;71;3;44;1;2;0;0;3;58;1;0;2;53;1;2;0;0;0;0;0;0;6;11;8;7;1;24;4;21;0;0;0;0;0;0;0;0;0;0;0;0;0;0;0;0;0;0;0;0;0;0;0;0;0;0;0;0;0;0;0;0;0;0;0;0;0;0;0;0;0;0;0;0;0;0;0;0;0;0;0;0;0;0;0;0;0;0;0;0;0;0
14.05.2024;17:31;A147;1;3;65;4;17;7;57;7;57;0;68;3;39;4;91;5;83;2;39;1;84;3;89;0;0;1;4;3;46;2;3;4;20;1;10;3;50;3;49;1;55;5;89;6;87;0;100;0;100;0;0;0;0;0;0;0;0;0;0;0;0;0;0;0;0;0;0;0;0;0;0;0;0;0;0;0;0;0;0;0;0;0;0;0;0;0;0;0;0;0;0;0;0;0;0;0;0;0;0;0;0;0;0;0;0;0;0;0;0;0;0
14.05.2024;17:30;A147;1;1;46;1;5;2;48;2;50;2;48;2;25;9;14;6;28;4;27;7;39;4;18;2;84;2;31;1;65;0;0;1;72;1;2;1;81;1;82;2;52;13;69;11;52;0;100;6;78;0;0;0;0;0;0;0;0;0;0;0;0;0;0;0;0;0;0;0;0;0;0;0;0;0;0;0;0;0;0;0;0;0;0;0;0;0;0;0;0;0;0;0;0;0;0;0;0;0;0;0;0;0;0;0;0;0;0;0;0;0;0
14.05.2024;17:29;A147;1;5;66;2;13;1;97;1;96;2;59;1;40;4;3;1;1;2;33;3;10;2;9;2;49;1;4;1;0;3;10;0;0;3;19;1;0;0;0;0;0;9;66;2;59;2;88;2;33;0;0;0;0;0;0;0;0;0;0;0;0;0;0;0;0;0;0;1;1;0;0;0;0;0;0;0;0;0;0;0;0;0;0;0;0;0;0;0;0;0;0;1;1;0;0;0;0;0;0;0;0;0;0;0;0;0;0;0;0;0;0
14.05.2024;17:28;A147;1;8;49;3;40;2;56;2;56;4;10;4;28;8;56;7;41;2;37;2;80;3;50;1;31;2;10;3;10;1;0;0;6;1;1;2;50;3;50;1;50;5;86;7;86;0;100;0;100;0;0;0;0;0;0;0;0;0;0;0;0;0;0;0;0;1;1;0;0;0;0;0;0;0;0;0;0;0;0;0;0;0;0;0;0;0;0;0;0;0;0;0;0;0;0;0;0;0;0;0;0;0;0;0;0;0;0;0;0;0;0
14.05.2024;17:27;A147;1;0;100;0;100;2;51;2;54;3;14;6;34;4;30;4;29;3;43;0;38;3;32;1;82;1;5;0;0;0;0;2;46;0;0;1;78;1;79;1;7;9;62;12;44;2;93;2;72;0;79;0;0;0;0;0;0;0;0;0;0;0;0;2;3;0;0;0;0;1;1;0;0;0;0;0;0;0;0;0;0;0;0;0;0;0;0;2;4;0;0;0;0;0;0;0;0;0;0;0;0;0;0;0;0;0;0;0;0;0;0
14.05.2024;17:26;A147;1;4;68;3;37;3;90;3;90;1;57;2;13;4;32;2;6;3;23;2;45;5;22;2;43;1;33;2;52;1;53;1;52;0;52;2;38;2;39;2;22;4;67;3;67;2;68;4;70;1;63;1;4;1;1;0;0;0;0;0;0;0;0;0;0;0;0;2;3;0;0;0;0;0;0;0;0;0;0;0;0;0;0;0;0;0;0;0;0;0;0;0;0;0;0;0;0;0;0;0;0;0;0;0;0;0;0;0;0;0;0
14.05.2024;17:25;A147;1;2;59;1;5;6;54;6;55;2;50;3;77;7;82;5;78;1;72;2;96;4;40;0;100;0;100;4;54;2;37;3;45;3;29;3;26;3;26;3;28;6;82;6;5;0;100;5;21;0;0;0;0;0;0;0;0;0;0;0;0;0;0;0;0;0;0;4;7;0;0;0;0;0;0;0;0;0;0;0;0;0;0;0;0;0;0;0;0;0;0;0;0;0;0;0;0;0;0;0;0;0;0;0;0;0;0;0;0;0;0
14.05.2024;17:24;A147;1;3;92;1;81;6;70;6;71;1;87;7;82;12;61;11;59;0;78;5;78;6;56;1;22;2;21;3;92;0;87;1;56;0;0;1;83;1;83;2;57;8;51;10;46;3;69;2;65;0;0;0;0;0;0;0;0;0;0;0;0;0;0;0;0;1;1;3;4;0;0;0;0;0;0;1;1;0;0;0;0;0;0;0;0;0;0;0;0;0;0;0;0;0;0;0;0;0;0;1;1;0;0;0;0;0;0;0;0;0;0
14.05.2024;17:23;A147;1;6;68;2;76;3;93;3;92;1;50;1;1;6;81;4;71;1;32;3;38;5;21;1;9;1;3;5;89;2;65;1;72;3;35;1;63;1;63;1;7;6;30;3;58;3;42;4;16;1;33;0;32;0;0;0;0;0;0;0;0;0;0;0;0;0;0;1;1;0;0;0;0;0;0;0;0;0;0;0;0;0;0;0;0;0;0;0;0;0;0;0;0;0;0;0;0;0;0;0;0;0;0;0;0;0;0;0;0;0;0
14.05.2024;17:22;A147;1;3;64;5;40;7;63;7;67;2;72;4;54;5;69;7;55;2;30;2;69;4;49;0;0;0;0;5;82;5;14;0;100;2;24;3;51;3;50;3;29;4;87;5;27;1;91;1;40;1;22;2;13;0;0;0;0;0;0;0;0;0;0;0;0;0;0;0;0;0;0;0;0;0;0;0;0;0;0;0;0;0;0;0;0;0;0;0;0;0;0;0;0;0;0;0;0;0;0;0;0;0;0;0;0;0;0;0;0;0;0
14.05.2024;17:21;A147;1;1;20;1;4;3;41;3;42;4;31;2;25;10;36;6;32;2;6;2;55;1;43;0;82;0;0;0;100;1;84;1;74;2;84;1;23;1;24;1;8;10;59;7;38;3;69;1;50;0;0;0;0;0;0;0;0;1;1;0;0;0;0;0;0;2;6;0;0;0;0;0;0;0;0;0;0;0;0;0;0;1;1;0;0;0;0;0;0;0;0;0;0;0;0;0;0;0;0;0;0;0;0;0;0;0;0;0;0;0;0
14.05.2024;17:20;A147;1;2;2;2;7;2;90;2;92;0;99;2;50;2;38;1;37;2;8;3;47;2;40;2;53;1;4;1;9;3;13;1;6;3;12;0;0;0;0;0;0;2;33;1;14;3;29;1;20;0;0;0;0;0;0;0;0;0;0;0;0;0;0;0;0;0;0;0;0;0;0;0;0;0;0;0;0;0;0;0;0;0;0;0;0;0;0;0;0;0;0;0;0;0;0;0;0;0;0;0;0;0;0;0;0;0;0;0;0;0;0
14.05.2024;17:19;A147;1;2;10;0;11;3;50;3;50;2;52;4;28;7;66;6;60;4;38;2;83;5;75;1;42;2;10;3;12;0;4;0;16;0;0;2;23;2;23;2;15;4;5;4;2;4;22;3;13;0;0;0;0;0;0;0;0;0;0;0;0;0;0;0;0;0;0;0;0;0;0;0;0;0;0;0;0;0;0;0;0;0;0;0;0;0;0;0;0;0;0;0;0;0;0;0;0;0;0;0;0;0;0;0;0;0;0;0;0;0;0
14.05.2024;17:18;A147;1;1;70;3;65;8;39;8;40;3;32;0;30;7;39;3;16;0;0;3;54;3;16;2;55;2;11;0;100;1;50;1;73;0;0;2;3;2;3;1;12;9;45;10;30;3;62;7;49;0;0;0;0;0;0;0;0;0;0;0;0;0;0;0;0;0;0;1;1;0;0;0;0;0;0;0;0;0;0;0;0;0;0;0;0;0;0;0;0;0;0;0;0;0;0;0;0;0;0;0;0;0;0;0;0;0;0;0;0;0;0
14.05.2024;17:17;A147;1;3;59;1;63;1;95;1;94;0;100;3;3;6;11;1;0;2;15;3;25;1;2;2;36;2;20;4;57;3;57;3;15;1;59;1;97;1;97;0;100;7;80;6;6;0;100;2;18;0;0;0;0;0;0;0;0;0;0;0;0;0;0;0;0;0;0;0;0;0;0;0;0;0;0;0;0;0;0;0;0;0;0;0;0;0;0;0;0;1;1;0;0;0;0;0;0;0;0;0;0;0;0;0;0;0;0;0;0;0;0
14.05.2024;17:16;A147;1;7;33;4;50;1;82;1;84;3;67;2;55;4;73;4;50;3;11;2;82;4;63;3;72;1;69;8;29;1;57;0;44;2;57;1;66;1;67;2;22;2;94;4;93;0;100;1;49;0;0;0;0;0;0;0;0;1;1;0;0;0;0;0;0;0;0;0;0;0;0;0;0;0;0;0;0;0;0;0;0;1;2;0;0;0;0;0;0;0;0;0;0;0;0;0;0;0;0;0;0;0;0;0;0;0;0;0;0;0;0
14.05.2024;17:15;A147;1;1;74;3;36;7;40;6;41;1;53;3;34;13;70;5;42;2;39;3;87;1;49;0;100;1;65;1;93;1;35;3;97;1;51;3;5;3;5;4;9;10;61;13;72;4;82;3;69;0;0;0;0;0;0;0;0;1;1;0;0;0;0;0;0;0;0;0;0;0;0;0;0;0;0;0;0;0;0;0;0;1;1;0;0;0;0;0;0;0;0;1;1;0;0;0;0;0;0;0;0;0;0;0;0;0;0;0;0;0;0
14.05.2024;17:14;A147;1;3;63;1;29;1;97;2;97;2;79;2;39;9;61;5;37;3;37;8;74;4;51;3;48;3;21;0;0;0;52;0;0;0;0;2;95;2;96;1;33;6;84;4;58;2;94;4;83;0;0;0;0;0;0;0;0;0;0;0;0;0;0;0;0;0;0;0;0;0;0;0;0;0;0;0;0;0;0;0;0;0;0;0;0;0;0;0;0;0;0;0;0;0;0;0;0;0;0;0;0;0;0;0;0;0;0;0;0;0;0
14.05.2024;17:13;A147;1;4;58;2;17;8;81;8;82;0;72;5;73;6;83;6;83;1;86;1;96;3;49;1;72;2;12;5;12;2;48;2;16;2;10;1;48;1;47;1;51;6;50;6;52;1;77;3;71;0;0;0;0;0;0;0;0;0;0;0;0;0;0;0;0;0;0;0;0;0;0;0;0;0;0;0;0;0;0;0;0;0;0;0;0;0;0;0;0;0;0;0;0;0;0;0;0;0;0;0;0;0;0;0;0;0;0;0;0;0;0
14.05.2024;17:12;A147;1;1;93;2;36;2;80;2;81;4;59;3;16;11;38;6;3;2;30;8;57;6;13;3;37;3;15;1;56;1;65;1;64;1;75;1;44;1;45;2;35;7;30;6;32;3;46;1;40;0;0;0;0;0;0;0;0;1;1;0;0;0;0;0;0;0;0;0;0;0;0;0;0;0;0;1;1;0;0;0;0;1;1;0;0;0;0;0;0;0;0;0;0;0;0;0;0;0;0;1;1;0;0;0;0;0;0;0;0;0;0
14.05.2024;17:11;A147;1;2;1;3;12;2;89;2;89;1;90;0;0;5;12;3;1;3;25;5;15;3;5;4;37;0;39;4;60;1;15;1;68;1;5;1;92;1;91;0;91;6;26;2;2;3;24;2;12;0;0;0;0;0;0;0;0;0;0;0;0;0;0;0;0;0;0;1;1;0;0;0;0;0;0;0;0;0;0;0;0;0;0;0;0;0;0;0;0;0;0;0;0;0;0;0;0;0;0;0;0;0;0;0;0;0;0;0;0;0;0
14.05.2024;17:10;A147;1;2;4;1;2;3;62;2;63;3;19;3;77;7;81;4;37;1;83;2;96;3;43;0;0;2;61;7;38;5;10;6;38;2;19;1;54;1;55;1;19;7;35;3;32;2;93;4;27;0;0;0;0;0;0;0;0;0;0;0;0;0;0;0;0;0;0;0;0;0;0;0;0;0;0;0;0;0;0;0;0;0;0;0;0;0;0;0;0;0;0;0;0;0;0;0;0;0;0;0;0;0;0;0;0;0;0;0;0;0;0
14.05.2024;17:09;A147;1;0;100;1;4;5;6;4;6;2;13;2;40;10;65;2;33;4;40;2;70;2;33;0;82;0;0;1;91;1;76;2;93;2;55;1;33;1;35;1;8;10;46;9;42;2;68;1;60;2;75;1;9;0;0;0;0;0;0;0;0;0;0;0;0;0;0;0;0;0;0;0;0;0;0;0;0;0;0;0;0;0;0;0;0;0;0;0;0;0;0;0;0;0;0;0;0;0;0;0;0;0;0;0;0;0;0;0;0;0;0
14.05.2024;17:08;A147;1;7;76;4;86;1;95;2;95;1;78;1;35;1;27;2;13;1;6;2;32;3;15;2;70;1;5;6;65;4;21;0;70;4;32;1;74;1;74;1;14;7;78;4;76;3;92;3;86;0;0;1;0;0;0;0;0;0;0;0;0;0;0;0;0;0;0;0;0;0;0;0;0;0;0;0;0;0;0;0;0;0;0;0;0;0;0;0;0;0;0;0;0;0;0;0;0;0;0;0;0;0;0;0;0;0;0;0;0;0;0
14.05.2024;17:07;A147;1;5;37;3;41;1;89;1;90;1;5;5;75;10;67;6;41;1;70;3;89;4;38;4;74;2;77;1;47;1;5;3;30;0;4;0;0;0;0;0;0;3;92;4;92;0;100;0;100;0;0;0;0;0;0;0;0;0;0;0;0;0;0;0;0;0;0;0;0;0;0;0;0;0;0;0;0;0;0;0;0;0;0;0;0;0;0;0;0;0;0;0;0;0;0;0;0;0;0;0;0;0;0;0;0;0;0;0;0;0;0
14.05.2024;17:06;A147;1;1;93;0;100;5;8;5;8;3;20;7;74;10;46;6;35;1;59;0;61;2;50;0;100;2;38;1;59;1;81;1;11;2;75;0;0;0;0;0;0;11;72;9;62;2;96;3;77;0;0;0;0;0;0;0;0;0;0;0;0;0;0;0;0;0;0;0;0;0;0;0;0;0;0;0;0;0;0;0;0;0;0;0;0;0;0;0;0;0;0;0;0;0;0;0;0;0;0;0;0;0;0;0;0;0;0;0;0;0;0
14.05.2024;17:05;A147;1;2;57;2;8;1;97;1;97;0;100;1;44;7;68;1;29;4;56;5;89;2;33;2;63;1;4;3;11;1;1;2;18;1;7;2;91;2;92;2;18;9;46;6;18;3;72;5;27;0;29;0;0;0;0;0;0;0;0;0;0;0;0;0;0;0;0;0;0;0;0;0;0;0;0;0;0;0;0;0;0;0;0;0;0;0;0;0;0;0;0;0;0;0;0;0;0;0;0;0;0;0;0;0;0;0;0;0;0;0;0
14.05.2024;17:04;A147;1;6;52;4;32;7;78;7;79;2;88;5;89;6;74;5;16;1;76;2;51;4;27;1;45;2;10;1;4;3;6;1;3;3;14;3;52;3;51;1;57;6;89;6;90;0;100;1;98;1;14;1;3;0;0;0;0;0;0;0;0;0;0;0;0;0;0;0;0;0;0;0;0;0;0;0;0;0;0;0;0;0;0;0;0;0;0;0;0;0;0;0;0;0;0;0;0;0;0;0;0;0;0;0;0;0;0;0;0;0;0
14.05.2024;17:03;A147;1;0;100;1;87;5;68;4;69;2;70;5;57;13;43;4;34;4;48;4;69;3;14;1;83;1;8;1;90;0;100;0;7;3;12;5;75;5;76;3;58;10;46;8;57;2;74;4;68;0;0;0;0;0;0;0;0;0;0;0;0;0;0;0;0;0;0;0;0;0;0;0;0;0;0;0;0;0;0;0;0;1;1;0;0;0;0;0;0;0;0;0;0;0;0;0;0;0;0;0;0;0;0;0;0;0;0;0;0;0;0
14.05.2024;17:02;A147;1;3;62;4;22;1;2;1;97;1;72;3;72;4;69;3;63;2;13;5;41;2;9;2;48;1;5;0;0;5;64;1;2;2;79;1;97;1;96;1;95;6;56;2;16;3;34;2;30;3;39;0;42;0;0;0;0;0;0;0;0;0;0;0;0;0;0;0;0;0;0;0;0;0;0;0;0;0;0;0;0;0;0;0;0;0;0;0;0;0;0;0;0;0;0;0;0;0;0;0;0;0;0;0;0;0;0;0;0;0;0
14.05.2024;17:01;A147;1;5;51;2;21;4;52;5;61;2;69;3;11;6;68;4;56;2;56;2;81;4;62;1;75;2;12;2;6;2;35;0;6;6;29;2;48;2;48;1;55;5;88;4;85;0;100;2;42;0;100;1;51;0;0;0;0;0;0;0;0;0;0;1;1;0;0;0;0;0;0;0;0;0;0;0;0;0;0;0;0;0;0;0;0;0;0;0;0;0;0;0;0;0;0;0;0;0;0;0;0;0;0;0;0;0;0;0;0;0;0
14.05.2024;17:00;A147;1;1;99;2;36;5;57;5;57;15;61;4;38;7;40;6;35;4;14;3;44;4;55;3;86;1;42;1;89;0;0;4;67;1;3;4;85;3;86;1;36;8;58;10;62;4;72;5;67;1;15;1;5;0;0;0;0;0;0;0;0;0;0;0;0;0;0;0;0;0;0;0;0;0;0;0;0;0;0;0;0;0;0;0;0;0;0;0;0;0;0;0;0;0;0;0;0;0;0;0;0;0;0;0;0;0;0;0;0;0;0
14.05.2024;16:59;A147;1;4;64;4;58;2;48;2;49;4;20;3;30;3;23;1;15;1;11;1;7;2;20;3;71;2;43;2;56;1;49;2;24;1;9;2;68;3;69;3;38;4;67;3;55;4;32;4;22;0;0;0;0;0;0;0;0;0;0;0;0;0;0;0;0;0;0;0;0;0;0;0;0;0;0;0;0;0;0;0;0;0;0;0;0;0;0;0;0;0;0;0;0;0;0;0;0;0;0;0;0;0;0;0;0;0;0;0;0;0;0
14.05.2024;16:58;A147;1;5;19;2;19;5;55;5;54;0;62;2;54;6;63;4;34;4;48;2;68;3;30;1;31;2;11;4;54;5;12;2;17;2;23;1;49;1;48;0;13;5;38;4;4;4;27;2;14;0;0;0;0;0;0;0;0;0;0;0;0;0;0;0;0;0;0;0;0;0;0;0;0;0;0;0;0;0;0;0;0;0;0;0;0;0;0;0;0;0;0;0;0;0;0;0;0;0;0;0;0;0;0;0;0;0;0;0;0;0;0
14.05.2024;16:57;A147;1;1;80;4;75;1;77;1;79;3;86;4;5;9;30;7;28;3;12;1;45;1;38;3;66;3;41;1;67;1;74;2;17;2;80;1;43;1;44;3;22;9;32;14;38;3;54;5;58;1;82;24;42;1;1;0;0;1;1;0;0;0;0;0;0;0;0;0;0;0;0;0;0;0;0;0;0;1;2;0;0;0;0;0;0;0;0;0;0;0;0;0;0;0;0;0;0;0;0;0;0;0;0;0;0;0;0;0;0;0;0
14.05.2024;16:56;A147;1;2;62;0;66;3;89;3;89;1;44;2;3;5;54;4;12;3;8;5;46;4;22;1;33;1;6;3;55;3;55;2;57;0;58;1;84;1;84;2;23;3;21;3;34;1;36;3;46;1;32;1;3;0;0;0;0;0;0;0;0;0;0;0;0;0;0;0;0;0;0;0;0;0;0;0;0;0;0;0;0;0;0;0;0;0;0;0;0;0;0;0;0;0;0;0;0;0;0;0;0;0;0;0;0;0;0;0;0;0;0
14.05.2024;16:55;A147;1;6;20;4;29;3;78;3;78;5;53;4;82;9;58;5;32;2;25;3;81;4;15;1;11;1;4;6;87;3;62;0;37;2;63;1;49;1;50;2;8;6;76;9;74;1;99;2;97;0;0;0;0;0;0;0;0;0;0;0;0;0;0;0;0;0;0;0;0;0;0;0;0;0;0;0;0;0;0;0;0;0;0;0;0;0;0;0;0;0;0;0;0;0;0;0;0;0;0;0;0;0;0;0;0;0;0;0;0;0;0
14.05.2024;16:54;A147;1;1;51;2;16;7;25;7;26;2;18;4;54;11;46;5;35;2;51;2;61;2;43;2;29;2;9;1;90;1;46;0;100;2;29;3;53;3;53;1;39;10;42;10;43;1;66;3;58;0;0;1;0;0;0;0;0;0;0;0;0;0;0;0;0;0;0;0;0;0;0;0;0;0;0;0;0;0;0;0;0;0;0;0;0;0;0;0;0;0;0;0;0;0;0;0;0;0;0;0;0;0;0;0;0;0;0;0;0;0;0
14.05.2024;16:53;A147;1;2;5;3;13;3;93;3;95;2;94;3;31;2;27;2;21;3;24;3;35;3;30;3;34;0;36;1;40;1;20;1;2;2;6;1;98;1;97;3;81;2;59;1;12;3;66;1;21;2;13;2;13;0;0;0;0;0;0;0;0;0;0;0;0;0;0;0;0;0;0;0;0;0;0;0;0;0;0;0;0;0;0;0;0;0;0;0;0;0;0;0;0;0;0;0;0;0;0;0;0;0;0;0;0;0;0;0;0;0;0
14.05.2024;16:52;A147;1;7;11;1;27;1;46;1;45;3;13;2;35;7;88;5;84;3;20;1;80;1;85;1;81;3;37;1;6;1;4;0;3;1;5;2;49;2;50;1;51;8;12;8;32;2;77;2;53;0;0;0;0;0;0;0;0;0;0;0;0;0;0;0;0;0;0;0;0;0;0;0;0;0;0;0;0;0;0;0;0;0;0;0;0;0;0;0;0;0;0;0;0;0;0;0;0;0;0;0;0;0;0;0;0;0;0;0;0;0;0
14.05.2024;16:51;A147;1;1;85;2;49;3;67;3;69;1;13;3;33;10;63;6;56;2;34;6;59;2;49;3;84;0;86;1;96;1;9;2;69;1;18;4;86;4;87;1;96;8;44;8;41;1;62;2;59;1;5;1;4;0;0;0;0;0;0;0;0;0;0;0;0;0;0;0;0;0;0;0;0;0;0;0;0;0;0;0;0;1;1;0;0;0;0;0;0;0;0;0;0;0;0;0;0;0;0;0;0;0;0;0;0;0;0;0;0;0;0
14.05.2024;16:50;A147;1;1;50;3;7;1;93;1;98;2;65;3;73;6;83;3;41;2;9;3;48;3;24;2;78;2;49;4;60;2;10;2;69;1;9;1;97;1;96;1;69;7;66;5;51;2;51;3;62;2;33;1;33;0;0;0;0;0;0;0;0;0;0;0;0;0;0;0;0;0;0;0;0;0;0;1;1;0;0;0;0;0;0;0;0;0;0;0;0;0;0;1;1;0;0;0;0;0;0;1;2;0;0;0;0;0;0;0;0;0;0
14.05.2024;16:49;A147;1;4;11;1;22;6;55;6;54;1;69;1;36;7;73;6;64;0;0;2;92;2;84;0;0;1;4;8;39;5;6;6;61;0;19;4;59;4;61;2;72;5;89;6;88;0;100;2;69;1;71;1;87;0;0;0;0;0;0;0;0;0;0;0;0;0;0;0;0;0;0;0;0;0;0;0;0;0;0;0;0;0;0;0;0;0;0;0;0;0;0;0;0;0;0;0;0;0;0;0;0;0;0;0;0;0;0;0;0;0;0
14.05.2024;16:48;A147;1;1;77;2;74;5;93;5;92;1;99;3;30;7;34;1;27;5;18;2;46;1;18;1;48;1;3;1;86;0;100;2;83;2;60;1;34;1;35;1;67;10;49;12;42;4;91;3;66;0;0;0;0;0;0;0;0;0;0;0;0;0;0;0;0;0;0;0;0;0;0;0;0;0;0;0;0;0;0;0;0;0;0;0;0;0;0;0;0;0;0;0;0;0;0;0;0;0;0;0;0;0;0;0;0;0;0;0;0;0;0
14.05.2024;16:47;A147;1;0;59;1;1;4;92;4;92;0;100;2;6;3;18;2;15;2;10;3;26;2;8;0;30;0;0;3;11;3;9;4;17;3;10;2;87;2;87;0;88;7;80;2;68;0;100;2;25;0;0;0;0;0;0;0;0;0;0;0;0;0;0;0;0;0;0;0;0;0;0;0;0;0;0;0;0;0;0;0;0;0;0;0;0;0;0;0;0;0;0;0;0;0;0;0;0;0;0;0;0;0;0;0;0;0;0;0;0;0;0
14.05.2024;16:46;A147;1;8;32;1;33;8;83;8;83;0;100;2;80;7;59;3;45;2;74;3;67;2;47;1;17;1;3;2;7;1;2;1;3;1;2;3;72;3;72;2;80;4;84;4;86;1;64;2;52;0;0;0;0;0;0;0;0;0;0;0;0;0;0;0;0;0;0;1;1;0;0;0;0;0;0;0;0;0;0;0;0;0;0;0;0;0;0;0;0;0;0;1;1;0;0;0;0;0;0;0;0;0;0;0;0;0;0;0;0;0;0
14.05.2024;16:45;A147;1;0;100;0;100;7;83;7;84;0;100;4;37;9;38;5;3;6;50;6;54;4;11;2;74;2;12;1;66;1;22;2;17;1;5;3;22;3;23;3;26;8;25;12;54;2;95;3;69;0;0;0;0;0;0;0;0;1;1;0;0;0;0;0;0;0;0;0;0;0;0;0;0;0;0;0;0;0;0;0;0;1;1;0;0;0;0;0;0;0;0;0;0;0;0;0;0;0;0;0;0;0;0;0;0;0;0;0;0;0;0
14.05.2024;16:44;A147;1;7;65;1;93;2;96;2;96;0;100;1;44;2;11;0;0;1;6;4;14;0;0;2;33;1;29;4;35;5;59;3;13;3;64;2;97;2;96;0;100;6;9;7;56;1;93;2;24;0;29;0;0;0;0;0;0;0;0;0;0;0;0;0;0;0;0;0;0;0;0;0;0;0;0;0;0;0;0;0;0;0;0;0;0;0;0;0;0;0;0;0;0;0;0;0;0;0;0;0;0;0;0;0;0;0;0;0;0;0;0
14.05.2024;16:43;A147;1;5;58;2;35;7;84;7;85;0;100;2;29;5;83;4;25;1;36;3;52;4;15;1;89;3;5;5;12;6;42;0;19;4;33;2;51;2;52;1;58;4;90;5;90;0;100;1;95;0;100;0;0;0;0;0;0;0;0;0;0;0;0;0;0;0;0;0;0;0;0;0;0;0;0;0;0;0;0;0;0;0;0;0;0;0;0;0;0;0;0;0;0;0;0;0;0;0;0;0;0;0;0;0;0;0;0;0;0;0;0
14.05.2024;16:42;A147;1;0;98;0;100;1;87;1;88;3;80;2;8;9;27;7;8;0;31;3;46;3;31;1;54;1;5;1;77;1;85;3;81;2;89;1;56;1;58;2;33;9;45;10;50;5;81;2;56;1;81;1;3;0;0;0;0;1;1;0;0;0;0;0;0;0;0;1;1;0;0;0;0;0;0;0;0;0;0;0;0;1;1;0;0;0;0;0;0;0;0;0;0;0;0;0;0;0;0;0;0;0;0;0;0;0;0;0;0;0;0
14.05.2024;16:41;A147;1;6;73;3;86;3;60;3;63;4;19;6;9;7;28;5;3;7;41;3;50;4;55;3;35;0;40;2;61;1;54;1;57;0;54;1;50;1;50;1;7;6;20;6;13;2;76;2;38;1;12;1;8;0;0;1;1;0;0;0;0;0;0;0;0;0;0;0;0;0;0;0;0;0;0;0;0;0;0;0;0;0;0;0;0;0;0;0;0;0;0;0;0;0;0;0;0;0;0;0;0;0;0;0;0;0;0;0;0;0;0
14.05.2024;16:40;A147;1;3;61;3;53;5;54;5;54;1;64;1;82;6;91;2;85;1;14;0;100;1;82;1;81;3;66;3;46;3;25;3;22;3;29;2;27;2;27;1;5;5;90;6;88;0;100;1;61;0;0;0;0;0;0;0;0;0;0;0;0;0;0;0;0;0;0;0;0;0;0;0;0;0;0;0;0;0;0;0;0;0;0;0;0;0;0;0;0;0;0;0;0;0;0;0;0;0;0;0;0;0;0;0;0;0;0;0;0;0;0
14.05.2024;16:39;A147;1;1;96;2;39;2;62;2;63;3;26;6;24;7;46;3;37;4;45;5;53;4;15;1;25;1;3;1;61;1;49;4;46;4;7;1;2;1;2;0;2;11;30;12;46;3;84;5;63;0;0;0;0;0;0;0;0;0;0;0;0;0;0;0;0;0;0;1;3;0;0;0;0;0;0;0;0;0;0;0;0;0;0;0;0;0;0;0;0;0;0;0;0;0;0;0;0;0;0;0;0;0;0;0;0;0;0;0;0;0;0
14.05.2024;16:38;A147;1;2;62;3;17;2;79;2;80;2;61;0;0;8;40;4;34;1;4;2;56;3;11;1;37;0;0;1;52;2;59;1;3;1;34;2;55;2;55;2;44;6;35;6;63;2;86;3;27;0;0;0;0;0;0;0;0;1;1;0;0;0;0;1;1;0;0;0;0;0;0;0;0;0;0;0;0;0;0;0;0;0;0;0;0;0;0;1;1;0;0;0;0;0;0;0;0;0;0;0;0;0;0;0;0;0;0;0;0;0;0
14.05.2024;16:37;A147;1;1;41;1;4;2;1;2;1;0;0;1;91;3;64;3;93;1;23;2;73;1;30;4;91;0;77;7;43;6;28;3;39;1;37;0;0;0;0;2;4;3;95;4;93;0;100;0;100;1;62;0;0;0;0;0;0;0;0;0;0;0;0;0;0;0;0;0;0;0;0;0;0;0;0;0;0;0;0;0;0;0;0;0;0;0;0;0;0;0;0;0;0;0;0;0;0;0;0;0;0;0;0;0;0;0;0;0;0;0;0
14.05.2024;16:36;A147;1;1;19;1;6;6;20;6;21;1;32;6;49;7;35;4;62;2;38;3;17;5;24;0;100;1;74;1;66;1;99;2;61;2;75;3;7;3;7;1;66;9;73;9;52;1;99;4;77;1;89;3;10;0;0;0;0;0;0;0;0;0;0;1;1;0;0;0;0;0;0;0;0;0;0;1;1;0;0;0;0;0;0;0;0;0;0;1;1;0;0;0;0;0;0;0;0;0;0;1;3;0;0;0;0;0;0;0;0;0;0
14.05.2024;16:35;A147;1;4;67;0;70;1;98;1;98;0;100;1;1;1;32;1;9;2;4;1;5;1;6;3;71;2;43;3;9;4;3;5;16;5;20;0;0;0;0;1;1;6;72;2;68;1;87;3;74;0;0;0;0;0;0;0;0;0;0;0;0;0;0;1;1;0;0;0;0;0;0;0;0;0;0;0;0;0;0;0;0;0;0;0;0;0;0;1;3;0;0;0;0;0;0;0;0;0;0;0;0;0;0;0;0;0;0;0;0;0;0
14.05.2024;16:34;A147;1;4;39;3;53;4;40;4;43;3;58;2;40;8;65;2;52;2;28;2;79;2;34;0;100;1;14;0;3;2;6;0;0;0;8;2;50;2;48;1;38;5;86;7;63;3;67;3;55;0;0;0;0;0;0;0;0;0;0;0;0;0;0;0;0;0;0;1;1;0;0;0;0;0;0;0;0;0;0;0;0;0;0;0;0;0;0;0;0;0;0;1;1;0;0;0;0;0;0;0;0;0;0;0;0;0;0;0;0;0;0
14.05.2024;16:33;A147;1;0;100;1;74;4;11;4;11;1;20;4;37;11;39;8;37;0;44;1;62;4;48;3;91;1;38;1;34;1;89;1;8;4;38;5;32;4;32;3;22;10;61;8;41;4;71;2;56;1;9;1;4;0;0;0;1;0;0;0;0;0;0;0;0;1;1;0;0;0;0;0;0;0;0;0;0;0;0;1;1;0;0;0;0;0;0;0;0;1;1;0;0;0;0;0;0;0;0;0;0;0;0;0;0;0;0;0;0;0;0
14.05.2024;16:32;A147;1;5;63;4;72;1;98;1;98;1;98;2;44;7;65;2;67;4;28;8;75;3;30;5;46;5;36;4;13;2;2;3;20;3;7;1;94;2;95;0;100;4;90;6;76;0;100;3;46;0;0;0;0;0;0;1;0;0;0;0;0;0;0;0;0;0;0;2;3;1;1;0;0;0;0;0;0;0;0;0;0;0;0;0;0;0;0;0;0;0;0;2;3;1;1;0;0;0;0;0;0;0;0;0;0;0;0;0;0;0;0
14.05.2024;16:31;A147;1;2;49;5;31;4;67;4;68;5;40;5;66;6;86;7;63;2;65;1;79;3;72;0;0;0;0;2;7;0;0;3;12;0;0;1;2;1;3;2;13;4;94;7;51;1;61;3;69;0;0;0;0;0;0;0;0;0;0;0;0;0;0;0;0;1;1;0;0;0;0;0;0;0;0;0;0;0;0;0;0;0;0;0;0;0;0;0;0;1;3;0;0;0;0;0;0;0;0;0;0;0;0;0;0;0;0;0;0;0;0
14.05.2024;16:30;A147;1;0;0;0;0;4;24;4;25;2;11;8;44;14;73;8;41;1;66;1;74;2;54;2;86;1;54;1;85;0;0;2;16;0;0;0;1;0;0;0;57;13;52;13;49;1;82;1;72;2;84;0;88;0;0;0;0;0;0;0;0;0;0;0;0;0;0;0;0;0;0;0;0;0;0;0;0;0;0;0;0;0;0;0;0;0;0;0;0;0;0;0;0;0;0;0;0;0;0;0;0;0;0;0;0;0;0;0;0;0;0
14.05.2024;16:29;A147;1;2;58;2;50;2;93;2;94;2;44;2;69;4;71;2;74;3;74;3;81;2;81;3;92;1;45;2;59;1;53;0;60;1;10;1;97;1;97;0;100;2;70;1;64;0;100;2;53;1;43;1;49;0;0;0;0;0;0;1;1;0;0;1;1;0;0;0;0;0;0;0;0;0;0;0;0;0;0;0;0;0;0;0;0;0;0;0;0;0;0;0;0;0;0;0;0;0;0;0;0;0;0;0;0;0;0;0;0;0;0
14.05.2024;16:28;A147;1;4;40;2;25;1;38;1;38;1;2;4;69;10;75;4;65;1;77;5;92;2;63;1;33;3;21;4;61;2;68;3;40;2;19;2;24;2;25;2;50;8;76;6;23;0;100;1;42;0;0;0;0;0;0;0;0;0;0;0;0;0;0;0;0;0;0;0;0;0;0;0;0;0;0;0;0;0;0;0;0;0;0;0;0;0;0;0;0;0;0;0;0;0;0;0;0;0;0;0;0;0;0;0;0;0;0;0;0;0;0
14.05.2024;16:27;A147;1;1;72;2;76;3;6;3;6;3;16;7;57;8;47;5;43;5;72;5;69;5;13;3;84;0;88;0;100;2;76;2;52;0;100;2;2;2;2;0;100;10;54;10;41;3;88;7;61;1;82;1;3;0;0;0;0;0;0;0;0;0;0;0;0;0;0;0;0;0;0;0;0;0;0;0;0;0;0;0;0;0;0;0;0;0;0;0;0;0;0;0;0;0;0;0;0;0;0;0;0;0;0;0;0;0;0;0;0;0;0
14.05.2024;16:26;A147;1;1;1;1;4;1;97;1;97;0;100;6;46;7;53;4;39;2;33;6;33;3;13;2;73;2;4;2;60;0;53;2;12;0;100;2;72;2;72;0;100;7;79;7;66;0;100;2;55;1;29;1;5;0;0;0;0;0;0;0;0;0;0;0;0;0;0;0;0;0;0;0;0;0;0;0;0;0;0;0;0;0;0;0;0;0;0;0;0;0;0;0;0;0;0;0;0;0;0;0;0;0;0;0;0;0;0;0;0;0;0
14.05.2024;16:25;A147;1;4;7;2;16;5;72;5;72;5;78;5;90;5;86;7;62;0;100;0;95;3;67;1;69;1;8;1;14;4;27;1;7;1;47;2;49;1;49;0;100;4;92;6;54;0;100;1;75;0;0;0;0;0;0;0;0;0;0;0;0;0;0;1;1;0;0;0;0;0;0;0;0;0;0;1;1;0;0;0;0;0;0;0;0;0;0;1;1;0;0;0;0;0;0;0;0;0;0;1;1;0;0;0;0;0;0;0;0;0;0
14.05.2024;16:24;A147;1;1;70;3;62;0;100;0;100;1;6;7;87;8;69;4;44;0;100;3;90;2;37;5;33;1;24;0;0;3;56;0;0;6;31;1;0;1;1;2;44;8;72;4;48;1;99;0;53;1;18;0;41;0;0;0;0;0;0;0;0;0;0;0;0;0;0;0;0;0;0;0;0;0;0;0;0;0;0;0;0;0;0;0;0;0;0;0;0;0;0;0;0;0;0;0;0;0;0;0;0;0;0;0;0;0;0;0;0;0;0
14.05.2024;16:23;A147;1;1;44;1;4;2;63;2;63;2;10;2;30;3;21;3;46;3;23;3;32;2;9;0;100;0;100;1;3;2;1;0;0;3;8;0;27;0;27;0;26;2;60;2;55;3;29;2;69;0;100;0;100;0;0;0;0;0;0;0;0;0;0;0;0;0;0;0;0;0;0;0;0;0;0;0;0;0;0;0;0;0;0;0;0;0;0;1;2;0;0;0;0;0;0;0;0;0;0;0;0;0;0;0;0;0;0;0;0;0;0
14.05.2024;16:22;A147;1;0;0;0;0;6;52;6;53;2;54;3;76;7;41;3;32;3;79;4;49;4;12;1;95;2;92;1;5;1;7;1;7;0;5;1;15;1;17;1;25;5;85;4;84;2;72;2;58;0;100;1;57;0;0;0;0;0;0;0;0;0;0;0;0;0;0;0;0;0;0;0;0;0;0;0;0;0;0;0;0;0;0;0;0;0;0;0;0;0;0;0;0;0;0;0;0;0;0;0;0;0;0;0;0;0;0;0;0;0;0
14.05.2024;16:21;A147;1;0;0;0;0;6;76;6;77;4;62;4;15;7;38;5;33;1;45;0;49;2;40;3;85;3;62;1;91;1;57;3;57;2;54;1;3;1;3;0;4;12;64;9;59;2;77;5;61;1;12;1;4;0;0;0;0;0;0;0;0;0;0;0;0;0;0;1;1;0;0;0;0;0;0;0;0;0;0;0;0;0;0;0;0;0;0;0;0;0;0;0;0;0;0;0;0;0;0;0;0;0;0;0;0;0;0;0;0;0;0
14.05.2024;16:20;A147;1;5;57;2;68;1;96;1;96;0;100;4;6;3;20;3;17;1;23;3;35;3;15;2;18;2;8;1;54;1;48;1;3;1;8;1;96;1;96;1;89;3;78;2;64;2;87;2;73;1;2;1;5;1;1;0;0;0;0;0;0;0;0;0;0;0;0;0;0;0;0;0;0;0;0;0;0;1;1;0;0;0;0;0;0;0;0;0;0;0;0;0;0;0;0;0;0;0;0;0;0;0;0;0;0;0;0;0;0;0;0
14.05.2024;16:19;A147;1;1;46;2;9;7;88;7;88;1;79;5;9;6;87;5;53;0;100;1;73;5;68;0;0;0;0;4;7;4;12;2;19;2;21;5;81;5;82;3;63;3;89;5;71;1;52;4;21;0;0;0;0;0;0;0;0;0;0;0;0;0;0;0;0;0;0;0;0;0;0;0;0;0;0;0;0;0;0;0;0;0;0;0;0;0;0;0;0;0;0;0;0;0;0;0;0;0;0;0;0;0;0;0;0;0;0;0;0;0;0
14.05.2024;16:18;A147;1;1;35;1;5;7;87;7;88;0;100;8;50;13;62;6;36;2;97;3;68;2;46;1;29;1;4;0;100;1;82;1;66;2;42;3;58;3;60;4;55;12;57;10;43;1;73;1;61;4;87;0;93;0;0;0;0;0;0;0;0;0;0;0;0;0;0;0;0;0;0;0;0;0;0;0;0;0;0;0;0;0;0;0;0;0;0;0;0;0;0;0;0;0;0;0;0;0;0;0;0;0;0;0;0;0;0;0;0;0;0
14.05.2024;16:17;A147;1;5;24;4;19;1;97;1;97;0;100;6;88;6;85;6;62;0;100;1;97;2;75;2;16;2;10;5;68;5;58;2;72;2;36;1;92;1;92;2;53;7;70;9;45;2;78;2;69;1;33;1;39;0;0;0;0;0;0;0;0;0;0;2;3;0;0;1;1;0;0;0;0;0;0;0;0;0;0;0;0;0;0;0;0;0;0;0;0;0;0;2;3;0;0;0;0;0;0;0;0;0;0;0;0;0;0;0;0;0;0
14.05.2024;16:16;A147;1;3;4;2;9;1;79;1;80;2;87;2;93;2;96;3;92;0;100;0;100;1;87;2;64;0;66;7;65;2;39;3;58;2;11;0;0;0;0;1;3;4;93;4;67;0;100;2;55;1;69;0;69;0;0;0;0;0;0;0;0;0;0;0;0;0;0;0;0;0;0;0;0;0;0;0;0;0;0;0;0;0;0;0;0;0;0;0;0;0;0;0;0;0;0;0;0;0;0;0;0;0;0;0;0;0;0;0;0;0;0
14.05.2024;16:15;A147;1;1;91;2;9;5;51;5;51;4;45;4;54;10;64;7;43;2;66;5;87;3;46;0;100;2;36;0;100;1;34;0;100;1;6;0;0;0;0;0;0;10;78;5;27;2;73;4;36;1;94;1;27;0;0;0;0;0;0;0;0;0;0;0;0;0;0;0;0;0;0;0;0;0;0;0;0;0;0;0;0;0;0;0;0;0;0;0;0;0;0;0;0;0;0;0;0;0;0;0;0;0;0;0;0;0;0;0;0;0;0
14.05.2024;16:14;A147;1;3;12;3;18;4;89;4;88;0;96;3;33;5;29;1;21;2;41;3;40;2;12;1;41;1;3;4;85;4;56;0;100;1;61;1;59;1;59;2;6;5;62;3;10;3;63;2;13;0;0;1;3;0;0;0;0;0;0;0;0;1;1;0;0;0;0;0;0;0;0;0;0;0;0;0;0;0;0;0;0;0;0;1;1;2;3;0;0;0;0;0;0;0;0;0;0;0;0;0;0;0;0;0;0;0;0;0;0;0;0
14.05.2024;16:13;A147;1;7;14;1;22;8;85;8;86;1;96;0;0;6;64;4;58;1;3;2;82;3;46;1;34;1;6;7;83;5;56;0;100;6;62;1;49;1;48;1;35;5;90;6;8;1;69;1;60;0;0;0;0;0;0;0;0;1;1;0;0;0;0;0;0;0;0;0;0;0;0;0;0;0;0;0;0;0;0;0;0;0;0;0;0;0;0;0;0;0;0;0;0;0;0;0;0;0;0;0;0;0;0;0;0;0;0;0;0;0;0
14.05.2024;16:12;A147;1;0;100;1;96;5;64;5;66;1;80;4;35;9;38;7;36;3;42;2;56;1;50;1;47;1;3;0;100;1;36;0;100;1;46;1;52;1;53;1;10;9;53;11;47;1;77;3;64;2;42;2;7;0;0;0;0;1;1;0;0;0;0;0;0;0;0;0;0;0;0;0;0;0;0;0;0;0;0;0;0;1;1;0;0;0;0;0;0;1;1;0;0;0;0;0;0;0;0;0;0;0;0;0;0;0;0;0;0;0;0
14.05.2024;16:11;A147;1;2;62;1;10;1;97;1;97;0;100;2;50;7;45;4;32;2;42;4;58;3;44;1;11;1;4;4;73;6;60;15;35;2;74;0;0;1;0;2;5;4;15;1;10;4;23;1;17;1;1;1;4;0;0;0;0;0;0;0;0;0;0;0;0;0;0;0;0;0;0;0;0;0;0;0;0;0;0;0;0;0;0;0;0;0;0;0;0;0;0;0;0;0;0;0;0;0;0;0;0;0;0;0;0;0;0;0;0;0;0
14.05.2024;16:10;A147;1;3;42;5;24;2;78;2;78;3;47;3;26;6;64;5;53;2;67;1;77;3;56;0;0;0;0;4;34;5;62;2;37;2;72;0;0;0;0;1;2;9;80;10;78;0;100;3;94;1;59;0;59;0;0;0;0;0;0;0;0;0;0;0;0;0;0;0;0;0;0;0;0;0;0;0;0;0;0;0;0;0;0;0;0;0;0;0;0;0;0;0;0;0;0;0;0;0;0;0;0;0;0;0;0;0;0;0;0;0;0
14.05.2024;16:09;A147;1;1;26;1;6;6;23;6;29;4;52;8;41;9;41;7;8;0;53;1;59;6;42;0;0;0;0;1;85;1;94;2;72;0;100;3;47;3;47;3;14;9;48;9;47;3;74;1;65;0;100;1;43;0;0;0;0;1;1;0;0;0;0;0;0;0;0;0;0;0;0;0;0;0;0;0;0;0;0;0;0;1;1;0;0;0;0;0;0;0;0;0;0;0;0;0;0;0;0;0;0;0;0;0;0;0;0;0;0;0;0
14.05.2024;16:08;A147;1;2;56;0;58;2;94;2;95;1;77;0;0;7;46;1;0;2;28;2;57;2;8;3;35;0;37;2;59;1;57;2;39;0;100;0;95;0;95;1;31;6;81;3;68;2;91;3;71;1;3;1;6;0;0;0;0;1;1;0;0;0;0;0;0;0;0;0;0;0;0;0;0;0;0;0;0;0;0;0;0;1;2;0;0;0;0;0;0;0;0;0;0;0;0;0;0;0;0;0;0;0;0;0;0;0;0;0;0;0;0
14.05.2024;16:07;A147;1;5;58;3;37;5;56;5;56;2;63;3;64;5;52;5;67;2;14;2;71;5;51;1;99;2;60;3;51;2;33;1;16;0;100;1;55;1;56;1;54;5;89;5;83;0;100;4;22;0;0;0;0;0;0;0;0;0;0;0;0;0;0;0;0;0;0;0;0;0;0;0;0;0;0;0;0;0;0;0;0;0;0;0;0;0;0;0;0;0;0;0;0;0;0;0;0;0;0;0;0;0;0;0;0;0;0;0;0;0;0
14.05.2024;16:06;A147;1;1;98;2;96;4;23;4;24;1;11;3;39;7;9;4;32;0;44;0;52;2;35;4;74;2;59;1;89;1;58;4;49;0;100;3;7;3;7;1;23;13;68;8;39;1;99;1;59;2;79;1;4;0;0;0;0;0;0;0;0;0;0;1;1;0;0;0;0;0;0;0;0;0;0;0;0;0;0;0;0;0;0;0;0;0;0;1;1;0;0;0;0;0;0;0;0;0;0;0;0;0;0;0;0;0;0;0;0;0;0
14.05.2024;16:05;A147;1;2;54;2;43;1;96;1;96;1;86;1;42;1;2;1;17;2;18;2;43;2;19;1;33;0;0;6;75;0;0;0;85;0;100;2;93;2;94;1;56;5;82;2;56;3;98;2;71;0;30;1;3;1;1;0;0;0;0;0;0;0;0;0;0;0;0;1;1;0;0;0;0;0;0;0;0;0;0;0;0;0;0;0;0;0;0;0;0;0;0;2;3;0;0;0;0;0;0;0;0;0;0;0;0;0;0;0;0;0;0
14.05.2024;16:04;A147;1;2;45;2;13;6;59;6;60;2;60;3;16;5;64;4;72;3;21;3;76;3;45;1;56;2;11;3;77;1;51;2;50;1;60;3;42;3;40;2;53;6;87;2;79;3;95;2;42;1;98;0;0;0;0;0;0;0;0;0;0;0;0;0;0;0;0;0;0;0;0;0;0;0;0;0;0;0;0;0;0;0;0;0;0;0;0;0;0;0;0;0;0;0;0;0;0;0;0;0;0;0;0;0;0;0;0;0;0;0;0
14.05.2024;16:03;A147;1;1;22;2;26;0;0;0;0;1;4;5;39;6;36;3;34;1;25;1;48;2;38;0;80;0;0;1;79;1;70;1;88;2;6;5;48;5;50;2;60;11;55;9;46;2;74;2;60;2;15;2;24;0;0;0;0;0;0;0;0;0;0;1;1;0;0;0;0;0;0;0;0;0;0;0;0;0;0;0;0;0;0;0;0;0;0;1;1;0;0;0;0;0;0;0;0;0;0;0;0;0;0;0;0;0;0;0;0;0;0
14.05.2024;16:02;A147;1;4;58;2;63;1;96;1;96;0;0;3;9;3;39;2;26;2;14;3;41;1;6;1;40;1;6;2;58;6;50;0;58;2;66;1;98;1;97;0;100;8;55;2;67;2;67;3;73;1;34;1;7;0;0;0;0;0;0;0;0;0;0;0;0;0;0;0;0;0;0;0;0;0;0;0;0;0;0;0;0;0;0;0;0;0;0;0;0;0;0;0;0;0;0;0;0;0;0;0;0;0;0;0;0;0;0;0;0;0;0
14.05.2024;16:01;A147;1;2;63;3;63;3;36;3;37;4;21;4;65;6;75;8;44;4;23;3;90;8;34;1;46;1;4;1;27;4;6;2;29;1;14;5;66;5;67;4;69;5;88;6;89;0;100;0;98;1;90;1;4;0;0;0;0;1;1;0;0;0;0;0;0;0;0;0;0;0;0;0;0;0;0;0;0;0;0;0;0;1;3;0;0;0;0;0;0;0;0;0;0;0;0;0;0;0;0;0;0;0;0;0;0;0;0;0;0;0;0
14.05.2024;16:00;A147;1;1;18;1;4;0;0;0;0;0;0;4;24;11;40;7;34;4;18;2;58;2;45;0;79;0;0;2;55;1;77;2;9;4;24;2;79;2;80;1;89;12;66;6;51;3;93;3;67;0;0;0;0;0;0;0;0;0;0;0;0;0;0;0;0;0;0;1;1;0;0;0;0;0;0;0;0;0;0;0;0;0;0;0;0;0;0;0;0;0;0;0;0;0;0;0;0;0;0;0;0;0;0;0;0;0;0;0;0;0;0
14.05.2024;15:59;A147;1;3;63;2;39;1;96;1;96;2;5;0;0;4;43;2;30;0;0;4;54;3;35;4;62;1;43;2;57;3;60;0;59;1;55;2;73;2;74;1;83;6;29;5;13;3;78;4;20;0;0;0;0;0;0;0;0;0;0;0;0;0;0;0;0;0;0;0;0;0;0;0;0;0;0;0;0;0;0;0;0;0;0;0;0;0;0;0;0;1;1;0;0;0;0;0;0;0;0;0;0;0;0;0;0;0;0;0;0;0;0
14.05.2024;15:58;A147;1;3;26;4;20;1;55;1;55;1;4;2;45;5;45;6;41;2;38;2;57;1;56;1;27;3;20;6;70;6;39;3;83;3;29;5;54;5;52;0;64;6;60;6;55;2;66;2;71;0;0;0;0;0;0;0;0;0;0;0;0;0;0;0;0;0;0;0;0;0;0;0;0;0;0;0;0;0;0;0;0;0;0;0;0;0;0;0;0;0;0;0;0;0;0;0;0;0;0;0;0;0;0;0;0;0;0;0;0;0;0
14.05.2024;15:57;A147;1;1;86;1;4;5;34;5;35;2;14;5;40;11;41;11;42;1;52;6;64;3;55;1;81;1;5;1;62;0;100;2;68;0;100;6;88;6;88;1;93;10;24;12;46;1;70;1;64;0;0;0;0;0;0;0;0;0;0;0;0;0;0;0;0;0;0;0;0;0;0;0;0;0;0;0;0;0;0;0;0;0;0;0;0;0;0;0;0;0;0;0;0;0;0;0;0;0;0;0;0;0;0;0;0;0;0;0;0;0;0
14.05.2024;15:56;A147;1;4;57;1;47;1;97;1;97;2;34;1;66;2;64;1;33;2;72;3;71;2;31;2;38;1;5;2;55;3;67;1;12;1;79;2;94;2;95;2;96;5;9;5;63;2;95;1;79;1;1;1;3;0;0;0;0;0;0;0;0;0;0;0;0;0;0;0;0;0;0;0;0;0;0;0;0;0;0;0;0;0;0;0;0;0;0;0;0;0;0;0;0;0;0;0;0;0;0;0;0;0;0;0;0;0;0;0;0;0;0
14.05.2024;15:55;A147;1;4;10;3;35;2;48;2;48;2;9;3;10;5;82;5;19;3;14;2;92;2;27;0;0;1;3;7;59;1;44;3;30;5;47;0;0;0;0;2;6;6;90;7;85;0;100;0;100;0;0;0;0;0;0;0;0;0;0;0;0;0;0;0;0;0;0;0;0;0;0;0;0;0;0;0;0;1;1;0;0;0;0;0;0;0;0;0;0;0;0;0;0;0;0;0;0;0;0;0;0;0;0;0;0;0;0;0;0;0;0
14.05.2024;15:54;A147;1;0;100;1;48;2;39;2;39;2;8;4;38;7;45;4;33;1;45;2;48;2;26;1;78;0;0;1;84;1;31;3;76;1;8;1;1;1;1;1;4;12;58;13;72;2;92;4;95;1;30;0;0;0;0;0;0;1;1;0;0;0;0;0;0;0;0;5;8;0;0;0;0;0;0;1;1;0;0;0;0;0;0;0;0;0;0;0;0;0;0;0;0;1;1;0;0;0;0;0;0;0;0;0;0;0;0;0;0;0;0
14.05.2024;15:53;A147;1;3;40;4;25;2;62;2;63;4;48;4;35;6;30;3;20;2;44;4;45;3;9;3;36;1;43;2;56;6;58;2;29;4;48;1;0;1;1;1;9;5;78;1;68;4;44;1;75;1;5;1;7;0;0;0;0;0;0;0;0;0;0;0;0;0;0;3;5;0;0;0;0;0;0;0;0;0;0;0;0;0;0;0;0;0;0;0;0;0;0;0;0;0;0;0;0;0;0;0;0;0;0;0;0;0;0;0;0;0;0
14.05.2024;15:52;A147;1;3;14;0;15;2;37;2;36;2;8;1;1;6;56;4;15;2;11;2;72;4;19;1;68;3;16;3;23;1;7;2;8;2;7;1;47;1;46;0;0;5;88;6;22;1;55;4;39;0;0;0;0;0;0;0;0;1;1;0;0;0;0;0;0;0;0;0;0;0;0;0;0;0;0;0;0;0;0;0;0;0;0;0;0;0;0;1;1;0;0;0;0;0;0;0;0;0;0;0;0;0;0;0;0;0;0;0;0;0;0
14.05.2024;15:51;A147;1;1;83;3;66;4;45;4;47;3;17;5;36;11;44;8;37;3;48;2;67;3;49;1;87;1;6;1;21;1;37;1;4;1;6;3;65;3;66;4;18;13;53;8;40;2;81;4;53;0;0;0;0;0;0;0;0;1;1;0;0;0;0;3;5;0;0;0;0;0;0;0;0;0;0;0;0;0;0;0;0;1;1;0;0;0;0;3;6;0;0;0;0;0;0;0;0;0;0;0;0;0;0;0;0;0;0;0;0;0;0
14.05.2024;15:50;A147;1;3;83;2;82;2;91;2;92;2;25;1;28;5;70;2;62;2;12;5;71;4;35;3;35;2;21;5;68;6;70;0;74;0;79;1;98;1;98;3;46;3;62;2;55;3;72;3;63;2;5;1;4;0;0;0;0;0;0;0;0;0;0;0;0;0;0;2;3;0;0;0;0;0;0;0;0;0;0;0;0;0;0;0;0;0;0;0;0;0;0;1;1;0;0;0;0;0;0;0;0;0;0;0;0;0;0;0;0;0;0
14.05.2024;15:49;A147;1;3;29;3;16;6;44;7;44;1;61;4;90;6;87;7;54;1;83;4;97;4;68;1;25;1;4;7;59;3;64;3;59;2;58;5;43;5;42;3;56;5;84;7;74;1;98;3;49;0;0;1;40;0;0;0;0;1;1;0;0;0;0;0;0;2;3;0;0;0;0;0;0;0;0;0;0;0;0;0;0;0;0;0;0;0;0;0;0;2;3;0;0;0;0;0;0;0;0;0;0;0;0;0;0;0;0;0;0;0;0
14.05.2024;15:48;A147;1;1;81;4;62;3;39;3;41;4;31;1;23;10;62;4;36;3;12;8;90;4;31;2;49;2;10;1;94;1;38;0;100;3;21;2;67;2;68;2;98;10;72;7;39;0;100;2;52;0;0;0;32;0;0;0;0;0;0;0;0;1;1;0;0;0;0;0;0;1;1;0;0;0;0;0;0;0;0;0;0;0;0;0;0;1;1;0;0;0;0;0;0;0;0;0;0;0;0;0;0;0;0;0;0;0;0;0;0;0;0
14.05.2024;15:47;A147;1;2;60;2;11;2;83;2;84;3;58;0;0;4;42;2;7;0;0;4;48;2;8;2;35;0;36;3;67;1;53;3;33;1;6;1;50;1;50;0;100;5;51;4;4;2;71;3;17;0;30;1;0;0;0;0;0;0;0;0;0;0;0;0;0;0;0;0;0;0;0;0;0;0;0;0;0;0;0;0;0;0;0;0;0;0;0;0;0;0;0;0;0;0;0;0;0;0;0;0;0;0;0;0;0;0;0;0;0;0;0
14.05.2024;15:46;A147;1;4;54;1;23;5;19;5;10;5;22;3;40;7;68;6;30;2;19;2;86;4;45;1;73;2;78;2;11;3;50;3;10;0;52;2;56;2;55;0;100;5;85;6;87;2;98;0;100;1;87;1;5;0;0;0;0;2;3;0;0;0;0;1;1;0;0;2;4;0;0;0;0;0;0;0;0;0;0;0;0;2;4;0;0;0;0;1;1;0;0;1;1;0;0;0;0;0;0;0;0;0;0;0;0;0;0;0;0;0;0
14.05.2024;15:45;A147;1;1;76;3;60;0;0;0;0;0;0;1;1;11;32;8;20;1;3;5;49;6;37;5;79;1;49;0;0;0;0;0;0;2;24;1;84;1;85;2;42;9;79;12;58;0;100;2;74;0;0;0;0;0;0;0;0;1;1;0;0;0;0;0;0;0;0;0;0;0;0;0;0;0;0;0;0;0;0;0;0;0;0;0;0;0;0;0;0;0;0;0;0;0;0;0;0;0;0;0;0;0;0;0;0;0;0;0;0;0;0
14.05.2024;15:44;A147;1;2;2;2;7;2;40;2;40;0;42;0;0;5;10;3;2;0;0;3;23;2;9;1;94;1;22;3;2;4;72;2;6;2;85;1;1;1;1;0;100;3;75;2;47;1;84;1;56;0;0;0;0;0;0;0;0;0;0;0;0;0;0;0;0;0;0;0;0;0;0;0;0;0;0;0;0;0;0;1;1;0;0;0;0;0;0;0;0;0;0;0;0;0;0;0;0;0;0;0;0;0;0;0;0;0;0;0;0;0;0
14.05.2024;15:43;A147;1;4;9;1;17;1;58;1;59;2;7;2;9;7;87;7;62;2;9;0;100;2;53;0;0;1;0;2;14;3;27;0;14;4;22;2;52;2;52;0;100;5;88;6;88;0;100;0;100;0;0;0;0;0;0;0;0;0;0;0;0;0;0;0;0;0;0;0;0;0;0;0;0;0;0;0;0;0;0;0;0;0;0;0;0;0;0;0;0;0;0;0;0;0;0;0;0;0;0;0;0;0;0;0;0;0;0;0;0;0;0
14.05.2024;15:42;A147;1;1;18;2;51;2;26;2;27;2;10;5;51;8;80;7;49;3;40;2;96;0;61;2;9;1;10;3;19;1;50;4;28;2;9;2;29;2;29;0;100;8;40;9;51;2;83;3;75;1;42;1;50;0;0;0;0;0;0;0;0;0;0;0;0;0;0;0;0;0;0;0;0;0;0;0;0;0;0;0;0;0;0;0;0;0;0;0;0;0;0;0;0;0;0;0;0;0;0;0;0;0;0;0;0;0;0;0;0;0;0
14.05.2024;15:41;A147;1;3;58;0;66;1;0;1;0;0;0;1;4;3;33;3;30;1;5;1;43;4;33;0;0;0;0;2;2;5;56;2;7;1;58;1;96;1;96;0;100;6;12;2;3;2;23;1;6;0;0;0;0;0;0;0;0;0;0;0;0;0;0;0;0;0;0;0;0;0;0;0;0;0;0;0;0;0;0;0;0;0;0;0;0;0;0;0;0;0;0;0;0;0;0;0;0;0;0;0;0;0;0;0;0;0;0;0;0;0;0
14.05.2024;15:40;A147;1;4;61;6;40;0;44;0;44;1;0;4;63;5;89;5;54;4;26;1;75;5;17;0;0;0;0;1;3;2;36;1;2;2;42;5;54;5;13;3;65;5;69;5;92;2;76;0;100;0;0;0;0;0;0;0;0;0;0;0;0;0;0;0;0;0;0;0;0;0;0;0;0;0;0;0;0;0;0;0;0;0;0;0;0;0;0;0;0;0;0;0;0;0;0;0;0;0;0;0;0;0;0;0;0;0;0;0;0;0;0
14.05.2024;15:39;A147;1;1;85;2;11;3;45;3;46;1;10;5;36;12;55;7;40;4;26;7;67;2;51;3;87;1;45;1;64;1;73;1;4;2;3;4;34;3;8;7;21;6;43;6;36;1;58;6;41;0;0;1;2;0;0;0;0;0;0;0;0;0;0;0;0;0;0;0;0;0;0;0;0;0;0;0;0;0;0;0;0;0;0;0;0;0;0;0;0;0;0;0;0;0;0;0;0;0;0;0;0;0;0;0;0;0;0;0;0;0;0
14.05.2024;15:38;A147;1;2;22;2;22;1;97;1;97;0;100;2;31;2;42;1;13;3;11;2;50;1;20;2;64;2;11;2;56;3;60;1;48;2;56;0;96;1;95;0;100;9;12;3;4;1;34;2;12;0;0;1;1;0;0;0;0;0;0;0;0;0;0;0;0;1;1;0;0;0;0;0;0;0;0;0;0;0;0;0;0;0;0;0;0;0;0;0;0;1;1;0;0;0;0;0;0;0;0;0;0;0;0;0;0;0;0;0;0;0;0
14.05.2024;15:37;A147;1;1;1;0;1;4;48;4;49;3;19;5;15;6;62;9;58;4;57;2;77;7;43;1;75;2;10;5;28;4;20;2;31;2;46;3;85;3;85;3;53;5;89;9;81;0;100;2;98;0;0;0;0;0;0;0;0;0;0;0;0;0;0;0;0;0;0;0;0;0;0;0;0;0;0;0;0;0;0;0;0;0;0;0;0;0;0;0;0;0;0;0;0;0;0;0;0;0;0;0;0;0;0;0;0;0;0;0;0;0;0
14.05.2024;15:36;A147;1;0;0;1;5;3;68;3;69;2;16;2;29;9;40;5;32;5;13;2;57;2;40;0;81;0;0;1;85;1;71;2;62;4;68;2;84;2;85;2;77;11;74;8;48;3;98;4;46;0;0;0;0;0;0;0;0;0;0;0;0;0;0;0;0;0;0;0;0;0;0;0;0;0;0;0;0;0;0;0;0;0;0;0;0;0;0;0;0;0;0;0;0;0;0;0;0;0;0;0;0;0;0;0;0;0;0;0;0;0;0
14.05.2024;15:35;A147;1;2;25;2;11;3;43;3;44;4;22;1;28;6;38;3;2;1;5;2;34;3;18;1;48;1;5;3;56;1;54;2;60;1;44;3;76;3;76;1;88;5;82;5;68;1;99;1;20;0;0;0;0;0;0;0;0;0;0;0;0;0;0;0;0;0;0;0;0;0;0;0;0;0;0;0;0;0;0;0;0;0;0;0;0;0;0;0;0;0;0;0;0;0;0;0;0;0;0;0;0;0;0;0;0;0;0;0;0;0;0
14.05.2024;15:34;A147;1;1;4;2;5;4;55;4;54;0;57;2;10;5;84;8;75;2;9;0;100;1;94;1;73;1;3;3;12;3;18;3;16;3;11;2;48;2;47;0;50;6;90;5;92;0;100;1;61;0;0;1;3;0;0;0;0;0;0;0;0;0;0;0;0;0;0;1;1;0;0;0;0;0;0;0;0;0;0;0;0;0;0;0;0;0;0;0;0;0;0;0;0;0;0;0;0;0;0;0;0;0;0;0;0;0;0;0;0;0;0
14.05.2024;15:33;A147;1;1;35;1;5;2;53;2;54;3;51;3;36;12;45;7;39;2;41;5;70;5;44;1;82;1;5;1;65;1;44;2;31;2;19;1;67;1;68;2;58;12;70;11;49;0;100;3;68;1;82;1;2;0;0;0;0;0;0;0;0;0;0;0;0;1;1;0;0;0;0;0;0;0;0;0;0;0;0;0;0;0;0;0;0;0;0;0;0;0;0;0;0;0;0;0;0;0;0;0;0;0;0;0;0;0;0;0;0;0;0
14.05.2024;15:32;A147;1;6;57;0;67;0;90;0;89;0;0;1;28;3;9;1;11;2;12;2;17;1;5;2;37;1;5;2;52;5;55;1;5;0;64;2;95;2;94;1;35;2;77;2;71;2;85;3;60;1;80;1;3;0;0;0;0;0;0;0;0;0;0;0;0;1;1;1;1;0;0;0;0;0;0;0;0;0;0;0;0;0;0;0;0;0;0;0;0;0;0;1;1;0;0;0;0;0;0;0;0;0;0;0;0;0;0;0;0;0;0
14.05.2024;15:31;A147;1;8;45;2;60;3;52;3;71;2;11;2;74;6;75;8;69;0;76;3;84;5;80;1;81;2;12;5;51;4;76;3;29;3;39;3;56;3;57;1;53;5;74;1;35;2;73;1;7;0;100;0;0;0;0;0;0;0;0;0;0;0;0;0;0;0;0;0;0;0;0;0;0;0;0;0;0;0;0;0;0;0;0;0;0;0;0;0;0;0;0;0;0;0;0;0;0;0;0;0;0;0;0;0;0;0;0;0;0;0;0
14.05.2024;15:30;A147;1;0;99;0;100;3;5;3;5;2;14;6;57;6;58;5;6;2;52;2;52;4;26;2;87;1;44;1;75;0;100;2;18;1;20;6;88;6;89;1;95;8;58;6;39;2;66;1;48;0;100;0;0;0;0;0;0;0;0;0;0;0;0;0;0;0;0;0;0;0;0;0;0;0;0;0;0;0;0;0;0;0;0;0;0;0;0;0;0;0;0;0;0;0;0;0;0;0;0;0;0;0;0;0;0;0;0;0;0;0;0
14.05.2024;15:29;A147;1;5;68;4;71;1;94;1;94;1;43;3;12;6;43;2;2;3;25;3;56;2;16;1;44;2;11;3;57;5;70;0;62;3;48;0;96;0;96;0;100;4;74;2;65;2;38;4;38;1;57;1;5;0;0;0;0;0;0;0;0;0;0;0;0;0;0;0;0;0;0;0;0;0;0;0;0;0;0;0;0;0;0;0;0;0;0;0;0;0;0;0;0;0;0;0;0;0;0;0;0;0;0;0;0;0;0;0;0;0;0
14.05.2024;15:28;A147;1;2;22;3;9;3;52;3;53;5;32;2;82;7;61;3;51;1;6;3;78;3;35;1;28;1;5;6;85;4;70;2;60;2;20;1;57;1;56;1;18;4;89;6;16;1;50;5;31;0;0;0;0;0;0;0;0;0;0;0;0;0;0;0;0;0;0;1;1;0;0;0;0;0;0;0;0;0;0;0;0;0;0;0;0;0;0;1;1;0;0;1;2;0;0;0;0;0;0;0;0;0;0;0;0;0;0;0;0;0;0
14.05.2024;15:27;A147;1;1;21;3;9;4;20;4;32;3;8;6;53;10;14;8;8;2;40;1;56;4;49;4;88;0;91;0;100;1;33;1;94;2;37;3;95;3;95;0;19;11;66;8;39;2;65;0;54;1;81;1;5;0;0;0;0;0;0;0;0;0;0;0;0;0;0;0;0;0;0;0;0;0;0;0;0;0;0;0;0;0;0;0;0;0;0;0;0;0;0;0;0;0;0;0;0;0;0;0;0;0;0;0;0;0;0;0;0;0;0
14.05.2024;15:26;A147;1;2;57;1;4;1;97;1;96;0;100;2;2;6;5;1;0;3;11;7;36;2;23;3;86;3;44;6;76;1;3;0;98;0;0;0;100;0;100;0;100;7;69;9;61;2;86;5;37;2;35;2;10;0;0;0;0;6;10;0;0;0;0;0;0;0;0;0;0;0;0;0;0;0;0;0;0;0;0;0;0;4;12;0;0;0;0;0;0;0;0;0;0;0;0;0;0;0;0;0;0;0;0;0;0;0;0;0;0;0;0
14.05.2024;15:25;A147;1;3;18;4;22;1;95;1;96;4;74;1;1;9;11;8;57;2;6;4;87;3;69;4;87;0;82;6;30;3;27;2;43;1;32;1;19;1;22;1;32;3;92;3;88;0;100;2;10;0;0;0;0;0;0;1;1;0;0;0;0;0;0;0;0;0;0;0;0;0;0;0;0;0;0;2;3;0;0;0;0;1;0;0;0;0;0;0;0;0;0;0;0;0;0;0;0;0;0;0;0;0;0;0;0;0;0;0;0;0;0
14.05.2024;15:24;A147;1;1;89;1;6;5;71;5;72;3;58;3;35;10;42;7;33;3;17;3;61;6;39;0;100;1;83;1;56;1;98;2;56;2;59;0;0;0;0;1;2;8;48;10;55;2;83;3;66;0;0;0;0;0;0;0;0;0;0;0;0;0;0;0;0;0;0;0;0;1;1;0;0;0;0;1;1;0;0;0;0;0;0;0;0;0;0;0;0;0;0;0;0;0;0;0;0;0;0;1;1;0;0;0;0;0;0;0;0;0;0
14.05.2024;15:23;A147;1;5;61;3;60;1;97;1;96;1;96;2;12;2;35;1;3;2;12;3;37;1;4;1;5;2;9;4;62;1;56;2;53;3;30;0;94;0;93;0;0;7;63;4;9;4;42;4;26;1;27;0;0;0;0;0;0;0;0;0;0;0;0;0;0;0;0;0;0;0;0;0;0;0;0;1;1;0;0;0;0;0;0;0;0;0;0;0;0;0;0;0;0;0;0;0;0;0;0;0;0;0;0;0;0;0;0;0;0;0;0
14.05.2024;15:22;A147;1;1;39;1;6;2;19;3;21;4;18;5;83;6;82;9;68;2;71;1;77;4;82;0;0;0;0;9;36;5;50;2;39;2;19;3;54;3;55;1;55;4;47;3;2;2;63;3;8;0;100;1;7;0;0;0;0;0;0;0;0;0;0;0;0;0;0;0;0;0;0;0;0;0;0;0;0;0;0;0;0;0;0;0;0;0;0;0;0;0;0;0;0;0;0;0;0;0;0;0;0;0;0;0;0;0;0;0;0;0;0
14.05.2024;15:21;A147;1;1;5;1;8;2;2;2;2;1;1;6;63;11;56;6;35;1;47;5;66;6;42;2;78;2;12;1;86;1;83;2;84;2;39;4;22;4;58;3;64;8;48;8;30;0;68;4;49;4;91;0;95;0;0;0;0;0;0;0;0;0;0;2;3;1;1;0;0;0;0;0;0;0;0;0;0;0;0;0;0;0;0;0;0;0;0;0;0;0;0;0;0;0;0;0;0;0;0;0;0;0;0;0;0;0;0;0;0;0;0
14.05.2024;15:20;A147;1;1;52;1;5;2;59;2;59;1;69;1;11;3;45;3;39;1;17;3;50;2;48;0;30;1;3;2;57;3;57;1;20;1;61;2;97;2;97;0;100;8;37;8;7;5;37;1;26;1;52;1;25;0;0;0;0;0;0;0;0;0;0;0;0;0;0;0;0;0;0;0;0;0;0;0;0;0;0;0;0;0;0;0;0;0;0;0;0;0;0;0;0;0;0;0;0;0;0;0;0;0;0;0;0;0;0;0;0;0;0
14.05.2024;15:19;A147;1;2;33;2;8;5;50;5;49;1;57;3;19;7;51;5;29;2;11;3;60;4;49;1;39;1;3;3;13;1;44;1;11;3;43;1;66;1;66;2;25;1;98;5;89;0;100;1;84;1;39;1;5;0;0;0;0;0;0;0;0;0;0;0;0;2;3;0;0;0;0;0;0;0;0;0;0;0;0;0;0;0;0;0;0;0;0;0;0;1;1;0;0;0;0;0;0;0;0;0;0;0;0;0;0;0;0;0;0;0;0
14.05.2024;15:18;A147;1;1;92;1;6;5;63;5;64;3;70;3;37;7;38;5;35;0;42;0;50;2;36;0;81;0;0;1;89;0;99;2;63;0;0;1;78;1;79;1;5;9;69;6;52;4;74;3;49;0;80;0;0;0;0;0;0;0;0;0;0;0;0;0;0;0;0;0;0;0;0;0;0;0;0;0;0;0;0;0;0;0;0;0;0;0;0;0;0;0;0;0;0;0;0;0;0;0;0;0;0;0;0;0;0;0;0;0;0;0;0
14.05.2024;15:17;A147;1;3;58;3;25;1;96;1;95;1;98;1;17;3;38;1;37;2;13;3;36;1;5;3;60;2;21;3;58;2;64;2;7;1;58;1;72;1;72;1;6;7;70;7;69;5;29;1;86;1;51;1;5;0;0;0;0;0;0;0;0;1;1;0;0;0;0;0;0;0;0;0;0;0;0;0;0;0;0;0;0;0;0;0;0;1;1;0;0;0;0;0;0;0;0;0;0;0;0;0;0;0;0;0;0;0;0;0;0;0;0
14.05.2024;15:16;A147;1;8;49;2;43;8;30;7;79;1;74;4;7;7;57;4;44;1;15;1;73;2;43;0;0;0;0;2;39;9;46;3;17;2;43;2;51;2;50;0;51;4;90;7;65;0;100;2;93;0;0;0;0;0;0;0;0;0;0;0;0;0;0;0;0;1;1;0;0;0;0;0;0;0;0;0;0;0;0;0;0;0;0;0;0;0;0;0;0;1;1;0;0;0;0;0;0;0;0;0;0;0;0;0;0;0;0;0;0;0;0
14.05.2024;15:15;A147;1;1;85;2;58;0;0;0;100;0;100;2;42;12;54;11;52;1;37;4;78;2;72;5;76;1;61;1;61;0;0;4;60;16;34;0;100;0;100;2;62;8;74;5;43;0;100;1;56;1;11;0;10;0;0;0;0;0;0;0;0;0;0;0;0;0;0;0;0;0;0;0;0;0;0;0;0;0;0;0;0;0;0;0;0;0;0;0;0;0;0;0;0;0;0;0;0;0;0;0;0;0;0;0;0;0;0;0;0;0;0
14.05.2024;15:14;A147;1;1;0;1;2;2;6;3;56;4;71;2;71;6;71;2;66;2;11;6;85;3;76;0;100;1;59;1;62;6;35;1;15;8;31;2;32;2;33;2;20;4;75;3;68;2;28;2;19;1;42;1;16;0;0;0;0;0;0;0;0;0;0;0;0;0;0;0;0;0;0;0;0;0;0;0;0;0;0;0;0;0;0;0;0;0;0;0;0;0;0;0;0;0;0;0;0;0;0;0;0;0;0;0;0;0;0;0;0;0;0
14.05.2024;15:13;A147;1;1;4;0;0;1;41;1;41;1;3;5;83;6;68;5;57;1;91;3;66;4;31;1;52;2;12;1;29;4;11;1;5;1;10;3;50;3;51;0;59;6;46;6;10;1;65;2;48;0;0;1;12;0;0;0;0;0;0;0;0;0;0;0;0;0;0;2;3;0;0;0;0;0;0;0;0;0;0;0;0;0;0;0;0;0;0;0;0;0;0;0;0;0;0;0;0;0;0;0;0;0;0;0;0;0;0;0;0;0;0
14.05.2024;15:12;A147;1;0;100;1;7;5;6;5;7;1;9;1;11;9;42;5;36;3;11;0;61;3;39;1;84;1;40;1;72;1;84;1;3;2;83;3;32;3;33;4;27;7;56;11;43;0;69;1;61;1;12;1;5;0;0;0;0;0;0;0;0;0;0;0;0;0;0;0;0;0;0;0;0;0;0;0;0;0;0;0;0;0;0;0;0;0;0;0;0;0;0;0;0;0;0;0;0;0;0;0;0;0;0;0;0;0;0;0;0;0;0
14.05.2024;15:11;A147;1;2;65;4;18;1;51;1;51;4;17;1;1;4;41;3;7;3;5;3;48;2;10;3;48;2;33;5;62;4;19;1;71;3;23;1;0;0;0;1;1;3;66;5;9;2;77;2;22;0;0;0;0;0;0;0;0;0;0;0;0;0;0;0;0;0;0;0;0;0;0;0;0;0;0;0;0;0;0;0;0;0;0;0;0;0;0;0;0;0;0;0;0;0;0;0;0;0;0;0;0;0;0;0;0;0;0;0;0;0;0
14.05.2024;15:10;A147;1;1;69;1;5;2;48;2;48;2;22;2;50;6;49;5;31;2;17;3;63;5;36;0;100;0;0;3;67;3;5;2;75;2;11;1;49;1;48;0;48;6;84;6;30;1;58;3;50;0;0;0;0;0;0;0;0;0;0;0;0;0;0;0;0;0;0;0;0;0;0;0;0;0;0;0;0;0;0;0;0;0;0;0;0;0;0;0;0;0;0;0;0;0;0;0;0;0;0;0;0;0;0;0;0;0;0;0;0;0;0
14.05.2024;15:09;A147;1;1;16;2;12;3;13;2;14;1;10;0;0;8;42;5;36;3;9;4;58;1;44;3;89;0;100;1;80;1;21;2;53;2;4;3;64;3;65;2;30;11;61;9;41;1;81;2;58;0;0;0;0;0;0;0;0;0;0;0;0;0;0;0;0;0;0;0;0;0;0;0;0;0;0;0;0;0;0;0;0;0;0;0;0;0;0;0;0;0;0;0;0;0;0;0;0;0;0;0;0;0;0;0;0;0;0;0;0;0;0
14.05.2024;15:08;A147;1;4;59;3;60;2;19;3;20;1;29;0;0;4;42;2;21;0;0;3;34;3;29;3;62;3;54;5;66;8;64;0;74;2;79;1;68;1;68;1;50;4;74;3;40;5;58;4;27;0;0;1;1;0;0;0;0;0;0;0;0;0;0;0;0;0;0;0;0;0;0;0;0;0;0;0;0;0;0;0;0;0;0;0;0;0;0;0;0;0;0;0;0;0;0;0;0;0;0;0;0;0;0;0;0;0;0;0;0;0;0
14.05.2024;15:07;A147;1;2;56;2;15;4;42;5;43;1;41;3;16;7;59;4;59;2;73;4;76;4;21;1;66;2;11;5;67;2;69;2;55;2;76;1;27;1;27;0;100;6;82;5;83;1;62;1;44;0;0;0;0;0;0;0;0;0;0;0;0;0;0;0;0;0;0;0;0;0;0;0;0;0;0;0;0;0;0;0;0;0;0;0;0;0;0;0;0;0;0;0;0;0;0;0;0;0;0;0;0;0;0;0;0;0;0;0;0;0;0
14.05.2024;15:06;A147;1;0;0;2;7;2;49;2;49;2;15;3;33;7;12;2;3;0;38;1;40;2;9;2;88;0;86;0;100;1;59;1;99;1;7;1;6;0;5;3;99;12;72;14;54;1;77;2;72;1;81;1;46;0;0;0;0;1;1;0;0;0;0;1;1;0;0;1;1;0;0;0;0;0;0;0;0;0;0;0;0;0;0;0;0;0;0;0;0;0;0;0;0;0;0;0;0;0;0;0;0;0;0;0;0;0;0;0;0;0;0
14.05.2024;15:05;A147;1;3;58;3;20;2;33;2;34;2;29;0;0;3;2;0;0;1;1;1;7;0;0;2;79;3;52;4;62;7;44;1;70;4;59;0;96;1;96;0;100;6;85;7;58;1;99;3;60;1;49;1;4;0;0;0;0;0;0;0;0;0;0;0;0;0;0;0;0;0;0;0;0;0;0;0;0;0;0;0;0;0;0;0;0;0;0;0;0;0;0;0;0;0;0;0;0;0;0;0;0;0;0;0;0;0;0;0;0;0;0
14.05.2024;15:04;A147;1;4;67;1;22;2;40;2;40;0;34;2;30;6;85;8;82;3;37;2;74;3;96;1;33;1;4;6;40;3;5;3;39;1;11;3;68;3;70;1;64;6;83;6;84;0;100;0;100;0;0;0;0;0;0;0;0;0;0;0;0;0;0;0;0;0;0;0;0;0;0;0;0;0;0;0;0;0;0;0;0;0;0;0;0;0;0;0;0;0;0;0;0;0;0;0;0;0;0;0;0;0;0;0;0;0;0;0;0;0;0
14.05.2024;15:03;A147;1;1;96;2;56;1;58;1;59;1;68;3;25;10;36;8;29;2;37;3;57;1;42;3;85;1;74;0;100;1;99;1;72;1;90;1;77;1;79;1;6;8;42;10;35;1;66;1;56;0;0;0;0;0;0;0;0;0;0;0;0;0;0;0;0;0;0;0;0;0;0;0;0;0;0;0;0;0;0;0;0;0;0;0;0;0;0;0;0;0;0;0;0;0;0;0;0;0;0;0;0;0;0;0;0;0;0;0;0;0;0
14.05.2024;15:02;A147;1;4;36;2;51;3;92;3;92;1;84;1;41;7;79;2;41;2;6;1;94;2;25;4;26;2;49;4;61;4;36;1;68;5;47;1;90;1;89;1;19;6;74;5;72;1;97;3;87;0;0;0;0;0;0;0;0;0;0;0;0;0;0;1;1;0;0;0;0;0;0;0;0;0;0;0;0;0;0;0;0;0;0;0;0;0;0;1;2;0;0;0;0;0;0;0;0;0;0;0;0;0;0;0;0;0;0;0;0;0;0
14.05.2024;15:01;A147;1;0;0;1;0;4;82;4;82;3;78;1;15;5;59;4;51;1;5;2;70;2;61;1;14;0;100;2;27;2;34;3;15;2;25;2;8;2;9;3;11;5;87;4;83;1;99;2;89;0;7;0;0;0;0;0;0;0;0;0;0;0;0;1;1;0;0;0;0;0;0;0;0;0;0;0;0;0;0;0;0;0;0;0;0;0;0;0;0;0;0;0;0;0;0;0;0;0;0;0;0;0;0;0;0;0;0;0;0;0;0
14.05.2024;15:00;A147;1;1;1;1;3;2;69;2;70;1;54;2;31;2;44;1;54;0;73;2;51;1;6;2;52;2;61;3;19;3;74;1;21;1;27;0;26;0;25;1;0;6;81;8;81;1;99;1;96;1;36;2;12;0;0;0;0;0;0;0;0;0;0;0;0;0;0;0;0;0;0;0;0;0;0;0;0;0;0;0;0;0;0;0;0;0;0;0;0;0;0;0;0;0;0;0;0;0;0;0;0;0;0;0;0;0;0;0;0;0;0
14.05.2024;14:59;A147;1;1;1;1;6;5;80;5;80;2;82;4;62;7;64;5;43;4;28;1;75;3;43;1;96;0;100;2;68;2;69;4;37;2;49;3;64;3;65;0;67;8;80;10;70;0;100;4;93;0;0;0;0;0;0;0;0;0;0;0;0;0;0;0;0;0;0;0;0;0;0;0;0;0;0;0;0;0;0;0;0;0;0;0;0;0;0;0;0;0;0;0;0;0;0;0;0;0;0;0;0;0;0;0;0;0;0;0;0;0;0
14.05.2024;14:58;A147;1;3;36;2;22;1;75;1;76;2;69;3;32;5;71;0;33;3;53;3;82;0;0;2;15;2;16;2;2;1;39;4;4;2;29;1;81;1;81;3;63;9;64;8;41;6;93;2;60;1;50;0;33;0;0;0;0;0;0;0;0;0;0;0;0;0;0;1;1;0;0;0;0;0;0;0;0;0;0;0;0;0;0;0;0;0;0;0;0;0;0;1;1;0;0;0;0;0;0;0;0;0;0;0;0;0;0;0;0;0;0
14.05.2024;14:57;A147;1;2;14;3;12;1;1;1;1;0;1;3;25;9;74;9;57;3;55;1;93;7;45;2;61;1;2;2;38;3;37;2;6;2;40;1;38;1;40;1;7;5;77;6;45;3;89;6;42;0;63;1;40;0;0;0;0;0;0;0;0;0;0;0;0;0;0;0;0;0;0;0;0;0;0;0;0;0;0;0;0;0;0;0;0;0;0;0;0;0;0;0;0;0;0;0;0;0;0;0;0;0;0;0;0;0;0;0;0;0;0
14.05.2024;14:56;A147;1;2;62;2;4;3;30;2;92;1;89;1;21;7;47;3;54;1;5;2;65;2;53;3;61;3;27;2;50;1;65;2;18;0;0;1;50;1;49;1;5;10;74;9;11;1;98;1;30;1;57;1;23;1;1;0;0;0;0;1;1;0;0;0;0;0;0;0;0;0;0;0;0;0;0;0;0;1;1;0;0;0;0;1;1;0;0;0;0;0;0;0;0;0;0;0;0;0;0;0;0;0;0;0;0;0;0;0;0;0;0
14.05.2024;14:55;A147;1;4;29;2;43;2;16;3;19;3;26;3;67;3;66;2;46;2;13;3;72;1;52;1;64;2;10;1;40;3;63;2;22;4;33;3;25;3;25;3;12;1;54;2;52;1;63;1;66;1;9;1;4;0;0;0;0;0;0;0;0;0;0;0;0;0;0;0;0;0;0;0;0;0;0;0;0;0;0;0;0;0;0;0;0;0;0;0;0;0;0;0;0;0;0;0;0;0;0;0;0;0;0;0;0;0;0;0;0;0;0
14.05.2024;14:54;A147;1;2;38;1;43;2;67;2;67;0;4;3;15;4;61;3;38;2;63;2;54;4;41;1;11;0;0;4;49;1;32;1;44;2;1;1;63;1;63;1;20;4;87;4;6;1;92;1;98;0;0;0;0;0;0;0;0;1;1;0;0;0;0;0;0;0;0;0;0;1;1;0;0;0;0;0;0;0;0;0;0;2;3;0;0;0;0;0;0;0;0;0;0;1;1;0;0;0;0;0;0;0;0;0;0;0;0;0;0;0;0
14.05.2024;14:53;A147;1;4;53;4;57;2;61;2;62;3;18;1;2;7;70;7;54;3;10;3;65;2;69;2;97;0;13;3;43;3;75;3;51;1;4;3;66;3;67;0;79;6;83;2;1;0;100;2;6;0;0;0;0;0;0;0;0;0;0;0;0;0;0;0;0;0;0;0;0;0;0;0;0;0;0;0;0;0;0;0;0;0;0;0;0;0;0;0;0;0;0;0;0;0;0;0;0;0;0;0;0;0;0;0;0;0;0;0;0;0;0
14.05.2024;14:52;A147;1;2;65;2;60;3;73;3;73;5;25;1;60;10;68;3;59;0;59;1;83;0;63;1;84;3;49;0;0;1;40;1;61;1;5;3;67;3;66;3;63;8;81;9;65;0;100;2;82;0;0;0;0;0;0;0;0;0;0;0;0;0;0;0;0;0;0;0;0;0;0;0;0;0;0;0;0;0;0;0;0;0;0;0;0;0;0;0;0;0;0;0;0;0;0;0;0;0;0;0;0;0;0;0;0;0;0;0;0;0;0
14.05.2024;14:51;A147;1;1;56;1;5;4;30;4;30;2;28;2;14;11;77;9;47;3;14;2;98;3;66;2;77;1;8;1;46;1;1;1;6;1;4;4;60;4;61;2;67;6;64;5;27;2;82;4;70;1;79;0;78;0;0;0;0;0;0;0;0;0;0;0;0;0;0;0;0;0;0;0;0;0;0;0;0;0;0;0;0;1;1;0;0;0;0;0;0;0;0;0;0;0;0;0;0;0;0;0;0;0;0;0;0;0;0;0;0;0;0
14.05.2024;14:50;A147;1;0;0;1;22;1;23;1;24;1;13;0;0;4;56;3;49;0;0;2;70;2;58;0;0;1;5;3;68;2;44;5;52;0;81;1;90;1;90;2;83;8;60;3;26;6;82;2;46;1;81;2;15;0;0;0;0;0;0;0;0;0;0;1;1;0;0;1;1;0;0;0;0;0;0;0;0;0;0;0;0;0;0;0;0;0;0;1;1;0;0;0;0;0;0;0;0;0;0;0;0;0;0;0;0;0;0;0;0;0;0
14.05.2024;14:49;A147;1;6;70;0;84;2;70;2;70;2;62;1;1;7;84;8;69;1;2;0;100;2;93;2;47;2;9;2;52;2;74;0;73;0;100;2;7;1;6;0;100;6;73;7;48;2;62;1;66;2;94;1;29;0;0;0;0;0;0;0;0;0;0;0;0;0;0;0;0;0;0;0;0;0;0;0;0;0;0;0;0;0;0;0;0;0;0;0;0;0;0;0;0;0;0;0;0;0;0;0;0;0;0;0;0;0;0;0;0;0;0
14.05.2024;14:48;A147;1;3;73;4;30;2;88;2;88;1;49;0;0;1;43;0;0;0;0;2;43;2;42;2;31;2;11;5;12;3;7;3;29;3;67;4;74;4;75;2;72;6;81;6;77;2;95;3;89;1;63;0;0;0;0;0;0;0;0;0;0;0;0;0;0;0;0;0;0;0;0;0;0;0;0;0;0;0;0;0;0;0;0;0;0;0;0;0;0;0;0;0;0;0;0;0;0;0;0;0;0;0;0;0;0;0;0;0;0;0;0
14.05.2024;14:47;A147;1;3;69;3;37;6;64;6;66;3;57;2;41;7;63;4;44;2;47;4;80;3;43;1;69;1;3;3;38;3;33;0;51;3;45;1;24;1;24;1;6;5;84;4;85;1;99;2;95;1;5;1;12;0;0;0;0;0;0;0;0;0;0;0;0;0;0;0;0;0;0;0;0;0;0;0;0;0;0;0;0;0;0;0;0;0;0;0;0;0;0;0;0;0;0;0;0;0;0;0;0;0;0;0;0;0;0;0;0;0;0
14.05.2024;14:46;A147;1;4;62;2;30;2;50;2;50;1;43;0;70;5;78;4;69;0;0;1;86;2;69;2;11;2;5;3;33;1;10;3;37;2;8;2;19;2;19;2;28;7;82;5;80;0;100;2;90;0;0;0;0;0;0;0;0;0;0;0;0;0;0;0;0;0;0;0;0;0;0;0;0;0;0;0;0;0;0;0;0;0;0;0;0;0;0;0;0;0;0;0;0;0;0;0;0;0;0;0;0;0;0;0;0;0;0;0;0;0;0
14.05.2024;14:45;A147;1;4;71;3;37;4;89;4;89;1;59;5;33;9;30;4;24;5;50;7;46;5;16;2;75;2;9;5;59;1;1;2;15;0;1;0;27;0;26;0;0;9;81;11;70;0;100;0;100;1;54;1;4;0;0;0;0;0;0;0;0;0;0;0;0;0;0;0;0;0;0;0;0;0;0;0;0;0;0;0;0;0;0;0;0;0;0;0;0;0;0;0;0;0;0;0;0;0;0;0;0;0;0;0;0;0;0;0;0;0;0
14.05.2024;14:44;A147;1;0;100;1;76;2;52;2;53;3;47;1;19;9;30;8;28;3;15;5;48;5;40;2;81;1;58;2;80;1;96;2;74;1;40;2;70;2;71;1;6;7;64;10;38;3;86;2;64;0;0;0;0;0;0;0;0;0;0;0;0;0;0;0;0;0;0;0;0;0;0;0;0;0;0;0;0;0;0;0;0;0;0;0;0;0;0;0;0;0;0;0;0;0;0;0;0;0;0;0;0;0;0;0;0;0;0;0;0;0;0
14.05.2024;14:43;A147;1;1;10;1;12;1;62;1;62;1;3;1;58;9;65;5;43;2;7;4;58;6;38;3;93;3;36;0;0;1;19;0;0;1;6;6;36;6;37;3;55;7;61;9;60;1;88;2;77;0;61;0;0;0;0;0;0;0;0;0;0;0;0;0;0;0;0;0;0;0;0;0;0;0;0;0;0;0;0;0;0;0;0;0;0;0;0;0;0;0;0;0;0;0;0;0;0;0;0;0;0;0;0;0;0;0;0;0;0;0;0
14.05.2024;14:42;A147;1;3;74;2;63;2;96;2;97;2;90;1;43;10;53;9;41;2;5;3;71;2;38;1;47;1;4;1;1;0;0;1;6;0;0;2;67;2;68;3;38;6;24;4;64;0;100;4;66;1;47;1;5;0;0;0;0;0;0;0;0;0;0;0;0;0;0;0;0;0;0;0;0;0;0;0;0;0;0;0;0;0;0;0;0;0;0;0;0;0;0;0;0;0;0;0;0;0;0;0;0;0;0;0;0;0;0;0;0;0;0
14.05.2024;14:41;A147;1;3;58;3;13;4;66;4;67;3;19;2;5;5;57;1;48;2;7;4;55;2;45;3;90;1;27;1;1;1;0;1;4;2;13;3;56;3;56;1;67;4;82;4;76;2;91;4;84;0;0;0;0;0;0;0;0;0;0;0;0;0;0;0;0;1;1;0;0;0;0;0;0;0;0;0;0;0;0;0;0;0;0;0;0;0;0;0;0;1;1;0;0;0;0;0;0;0;0;0;0;0;0;0;0;0;0;0;0;0;0
14.05.2024;14:40;A147;1;4;56;4;41;1;15;1;15;1;5;3;79;4;72;5;74;2;63;1;82;1;85;2;84;3;13;0;29;1;1;0;0;2;2;3;70;3;70;0;73;2;91;5;43;1;85;16;44;0;0;0;0;0;0;0;0;1;1;0;0;0;0;0;0;0;0;0;0;0;0;0;0;0;0;0;0;0;0;0;0;1;2;0;0;0;0;0;0;0;0;0;0;0;0;0;0;0;0;0;0;0;0;0;0;0;0;0;0;0;0
14.05.2024;14:39;A147;1;4;44;4;44;5;47;5;49;1;46;4;57;7;58;3;41;4;65;2;67;3;44;1;44;1;4;1;40;0;21;1;4;1;1;4;68;4;70;5;25;7;83;5;83;1;98;4;93;0;0;1;79;0;0;0;0;0;0;0;0;0;0;0;0;0;0;0;0;0;0;0;0;0;0;0;0;0;0;0;0;0;0;0;0;0;0;0;0;0;0;0;0;0;0;0;0;0;0;0;0;0;0;0;0;0;0;0;0;0;0
14.05.2024;14:38;A147;1;1;49;3;28;1;29;1;28;2;11;4;27;4;5;1;2;4;15;4;36;1;8;2;51;2;12;2;62;2;11;2;7;1;5;0;31;1;31;0;0;7;78;9;73;1;99;7;83;0;0;0;0;0;0;0;0;0;0;0;0;0;0;0;0;0;0;0;0;0;0;0;0;0;0;0;0;0;0;0;0;0;0;0;0;0;0;0;0;0;0;0;0;0;0;0;0;0;0;0;0;0;0;0;0;0;0;0;0;0;0
14.05.2024;14:37;A147;1;1;67;2;11;4;71;5;72;2;16;5;37;4;39;5;15;1;54;3;42;4;25;2;80;2;24;1;1;0;0;1;5;0;0;1;34;1;35;1;66;8;71;8;57;1;93;2;69;0;0;0;0;0;0;0;0;0;0;0;0;0;0;0;0;0;0;0;0;0;0;0;0;0;0;0;0;0;0;0;0;3;6;0;0;0;0;0;0;0;0;0;0;0;0;0;0;0;0;0;0;0;0;0;0;0;0;0;0;0;0
14.05.2024;14:36;A147;1;3;87;2;39;1;78;1;79;2;13;3;21;9;56;3;24;2;52;4;69;1;28;3;90;0;71;1;1;4;61;1;2;3;49;2;69;2;70;2;6;8;79;11;54;0;100;1;78;0;0;0;0;0;0;0;0;0;0;0;0;0;0;0;0;0;0;0;0;0;0;0;0;0;0;0;0;0;0;0;0;0;0;0;0;0;0;0;0;0;0;0;0;0;0;0;0;0;0;0;0;0;0;0;0;0;0;0;0;0;0
14.05.2024;14:35;A147;1;3;70;5;24;2;69;2;69;3;13;2;7;13;44;7;30;2;10;3;75;3;36;1;96;0;100;3;58;3;27;2;64;1;36;2;13;2;14;1;5;8;78;6;71;1;96;4;81;0;0;0;0;0;0;0;0;0;0;0;0;0;0;0;0;0;0;0;0;0;0;0;0;0;0;0;0;0;0;0;0;0;0;0;0;0;0;0;0;0;0;0;0;0;0;0;0;0;0;0;0;0;0;0;0;0;0;0;0;0;0
14.05.2024;14:34;A147;1;1;53;1;3;2;51;2;53;1;60;2;62;5;75;4;85;3;37;2;86;4;81;3;92;3;75;3;51;0;0;0;56;0;0;3;61;3;62;0;86;6;84;6;57;0;100;4;74;0;24;0;0;0;0;0;0;0;0;0;0;0;0;0;0;0;0;0;0;0;0;0;0;0;0;0;0;0;0;0;0;0;0;0;0;0;0;0;0;0;0;0;0;0;0;0;0;0;0;0;0;0;0;0;0;0;0;0;0;0;0
14.05.2024;14:33;A147;1;2;9;2;7;1;17;1;17;1;3;4;83;4;58;3;24;2;37;2;65;2;36;2;9;2;7;5;73;3;33;4;60;2;6;0;0;0;0;0;100;5;89;5;7;0;100;5;94;1;51;1;6;0;0;0;0;0;0;0;0;0;0;0;0;0;0;0;0;0;0;0;0;0;0;1;1;0;0;0;0;0;0;0;0;0;0;0;0;0;0;0;0;0;0;0;0;0;0;0;0;0;0;0;0;0;0;0;0;0;0
14.05.2024;14:32;A147;1;1;1;1;17;4;54;5;53;0;61;1;1;5;4;1;0;1;3;5;15;1;1;0;0;1;3;3;64;5;91;2;33;1;48;2;33;1;51;0;100;3;82;5;42;2;53;5;23;1;74;1;5;0;0;0;0;0;0;0;0;0;0;0;0;0;0;0;0;0;0;0;0;0;0;0;0;0;0;0;0;0;0;0;0;0;0;0;0;0;0;0;0;0;0;0;0;0;0;0;0;0;0;0;0;0;0;0;0;0;0
14.05.2024;14:31;A147;1;2;3;1;22;3;88;3;88;2;69;5;62;8;65;7;63;1;77;1;73;4;43;1;57;1;4;1;64;1;66;1;72;1;76;2;41;1;72;3;28;6;77;9;66;1;89;2;81;0;0;0;0;0;0;0;0;0;0;0;0;0;0;0;0;0;0;0;0;1;1;0;0;0;0;0;0;0;0;0;0;0;0;0;0;0;0;0;0;0;0;0;0;0;0;0;0;0;0;0;0;0;0;0;0;0;0;0;0;0;0
14.05.2024;14:30;A147;1;2;68;3;50;0;100;0;100;0;100;3;44;8;42;2;54;3;48;5;58;1;42;5;47;2;43;1;1;1;0;1;5;0;13;1;43;1;76;2;8;7;83;7;79;0;100;1;98;0;0;0;0;0;0;0;0;1;1;0;0;0;0;0;0;0;0;0;0;0;0;0;0;0;0;1;1;0;0;1;1;1;1;0;0;0;0;0;0;0;0;0;0;0;0;0;0;0;0;0;0;0;0;0;0;0;0;0;0;0;0
14.05.2024;14:29;A147;1;5;84;3;68;4;77;4;77;1;88;4;74;6;81;4;53;4;70;2;96;4;44;1;41;2;49;0;0;6;56;1;22;3;50;1;2;3;5;1;6;7;63;4;69;0;100;4;66;0;0;0;0;0;0;0;0;0;0;0;0;0;0;0;0;1;1;0;0;0;0;0;0;0;0;0;0;0;0;0;0;0;0;0;0;0;0;0;0;0;0;0;0;0;0;0;0;0;0;0;0;0;0;0;0;0;0;0;0;0;0
14.05.2024;14:28;A147;1;5;87;1;60;2;95;2;96;3;63;2;40;6;45;2;43;3;60;6;60;1;13;0;0;0;0;2;4;1;63;2;9;1;5;1;67;1;67;1;6;5;15;10;62;3;89;3;39;0;0;0;0;0;0;0;0;0;0;0;0;0;0;0;0;0;0;0;0;0;0;0;0;0;0;0;0;0;0;0;0;0;0;0;0;0;0;0;0;0;0;0;0;0;0;0;0;0;0;0;0;0;0;0;0;0;0;0;0;0;0
14.05.2024;14:27;A147;1;2;26;2;8;3;34;3;35;4;14;4;7;5;64;4;58;3;66;6;71;5;65;1;33;0;32;2;53;3;48;1;48;3;12;3;65;3;65;1;77;5;76;3;77;3;98;4;91;0;0;0;0;0;0;0;0;0;0;0;0;0;0;0;0;0;0;0;0;0;0;0;0;0;0;0;0;0;0;0;0;0;0;0;0;0;0;0;0;0;0;0;0;0;0;0;0;0;0;0;0;0;0;0;0;0;0;0;0;0;0
14.05.2024;14:26;A147;1;1;4;1;4;1;49;1;49;1;4;1;1;5;68;4;2;2;10;1;84;4;10;1;92;2;28;6;51;4;57;1;47;2;15;1;30;1;31;2;11;5;85;4;82;2;91;3;89;0;0;0;0;0;0;0;0;0;0;0;0;0;0;0;0;0;0;0;0;0;0;0;0;0;0;0;0;0;0;0;0;0;0;0;0;0;0;0;0;0;0;0;0;0;0;0;0;0;0;0;0;0;0;0;0;0;0;0;0;0;0
14.05.2024;14:25;A147;1;1;19;1;6;3;50;3;49;2;14;3;44;8;73;5;68;1;53;1;91;2;74;2;7;1;4;2;51;3;25;3;37;2;22;2;48;2;47;0;48;5;85;3;76;0;100;2;82;0;0;0;0;0;0;0;0;0;0;0;0;0;0;0;0;0;0;0;0;0;0;0;0;0;0;0;0;0;0;0;0;0;0;0;0;0;0;0;0;0;0;0;0;0;0;0;0;0;0;0;0;0;0;0;0;0;0;0;0;0;0
14.05.2024;14:24;A147;1;2;63;3;37;2;53;2;54;4;10;1;1;7;60;3;11;2;4;3;57;2;21;1;85;1;80;4;7;4;43;2;9;2;11;4;67;4;68;4;65;8;76;10;79;1;99;2;94;0;0;0;0;0;0;0;0;0;0;0;0;0;0;0;0;0;0;1;1;0;0;0;0;0;0;0;0;0;0;0;0;0;0;0;0;0;0;0;0;0;0;0;0;0;0;0;0;0;0;0;0;0;0;0;0;0;0;0;0;0;0
14.05.2024;14:23;A147;1;1;86;2;10;1;61;1;61;2;10;4;45;6;47;5;45;1;49;1;62;1;56;2;68;3;14;1;67;2;16;2;74;3;22;4;20;4;20;0;23;5;87;5;65;1;96;3;80;0;0;0;0;0;0;0;0;0;0;0;0;0;0;0;0;0;0;0;0;0;0;0;0;0;0;0;0;0;0;0;0;0;0;0;0;0;0;0;0;0;0;0;0;0;0;0;0;0;0;0;0;0;0;0;0;0;0;0;0;0;0
14.05.2024;14:22;A147;1;2;86;2;74;1;15;1;16;1;4;3;42;5;64;3;62;2;46;2;77;3;47;1;15;1;3;5;81;2;31;4;39;2;8;1;66;1;67;2;32;8;69;6;47;1;88;4;58;0;0;0;0;0;0;0;0;0;0;0;0;0;0;0;0;0;0;0;0;0;0;0;0;0;0;0;0;0;0;0;0;0;0;0;0;0;0;0;0;0;0;0;0;0;0;0;0;0;0;0;0;0;0;0;0;0;0;0;0;0;0
14.05.2024;14:21;A147;1;3;51;3;14;2;83;2;83;2;7;3;23;6;71;5;20;2;76;2;83;1;74;0;0;0;0;0;54;3;59;1;2;1;40;1;1;1;1;1;3;7;59;5;3;6;73;4;15;0;0;0;0;0;0;0;0;0;0;0;0;0;0;0;0;2;3;0;0;0;0;0;0;0;0;0;0;0;0;0;0;0;0;0;0;0;0;0;0;0;0;0;0;0;0;0;0;0;0;0;0;0;0;0;0;0;0;0;0;0;0
14.05.2024;14:20;A147;1;4;53;1;62;4;65;4;66;3;60;2;41;1;74;2;45;3;20;1;80;3;42;1;28;0;2;7;75;4;16;3;63;5;21;3;74;3;74;6;60;4;74;3;2;1;13;1;6;0;26;0;0;0;0;0;0;0;0;0;0;0;0;0;0;0;0;0;0;0;0;0;0;0;0;0;0;0;0;0;0;0;0;0;0;0;0;0;0;0;0;0;0;0;0;0;0;0;0;0;0;0;0;0;0;0;0;0;0;0;0
14.05.2024;14:19;A147;1;5;70;4;69;2;67;2;66;2;49;1;56;1;0;0;0;1;57;2;5;0;0;3;24;1;13;5;60;1;28;3;36;0;2;3;70;3;69;0;73;3;81;3;91;2;90;3;17;1;82;1;3;0;0;0;0;0;0;0;0;0;0;0;0;0;0;0;0;0;0;0;0;0;0;0;0;0;0;0;0;0;0;0;0;0;0;0;0;0;0;0;0;0;0;0;0;0;0;0;0;0;0;0;0;0;0;0;0;0;0
14.05.2024;14:18;A147;1;2;26;2;8;1;20;1;22;2;16;4;38;7;49;6;46;1;83;6;62;5;18;2;80;3;55;6;27;0;0;2;41;1;4;3;90;3;90;1;96;6;66;1;42;4;85;2;8;0;0;0;0;0;0;0;0;0;0;0;0;0;0;0;0;0;0;0;0;0;0;0;0;0;0;0;0;0;0;0;0;0;0;0;0;0;0;0;0;0;0;0;0;0;0;0;0;0;0;0;0;0;0;0;0;0;0;0;0;0;0
14.05.2024;14:17;A147;1;2;55;1;4;0;28;0;28;0;0;5;72;6;64;8;62;0;80;0;72;0;74;1;96;2;4;3;49;0;0;2;50;0;0;2;49;2;50;3;19;3;3;3;2;3;21;3;7;0;0;0;0;0;0;0;0;0;0;0;0;0;0;0;0;0;0;1;1;0;0;0;0;0;0;0;0;0;0;0;0;0;0;0;0;0;0;0;0;0;0;1;1;0;0;0;0;0;0;0;0;0;0;0;0;0;0;0;0;0;0
14.05.2024;14:16;A147;1;1;61;1;16;5;27;6;28;4;39;3;49;6;63;3;37;4;62;2;82;2;53;2;87;2;16;3;31;1;70;2;29;1;10;0;14;0;13;1;0;6;53;8;50;0;67;1;64;0;0;1;2;0;0;0;0;0;0;0;0;0;0;4;6;0;0;0;0;0;0;0;0;0;0;0;0;0;0;0;0;0;0;0;0;0;0;1;1;0;0;0;0;0;0;0;0;0;0;0;0;0;0;0;0;0;0;0;0;0;0
14.05.2024;14:15;A147;1;0;81;0;0;2;67;2;68;4;67;1;35;8;36;6;15;1;6;2;53;4;26;4;67;3;33;3;14;2;80;3;21;1;4;1;69;1;71;1;7;8;78;6;61;2;95;5;40;1;62;0;61;0;0;0;0;0;0;0;0;0;0;0;0;0;0;0;0;0;0;0;0;0;0;0;0;0;0;0;0;0;0;0;0;0;0;0;0;0;0;0;0;0;0;0;0;0;0;0;0;0;0;0;0;0;0;0;0;0;0
14.05.2024;14:14;A147;1;2;9;1;9;1;4;1;5;1;4;2;3;6;48;0;0;4;14;4;33;0;0;0;44;0;0;2;57;3;32;2;13;4;35;1;13;1;13;1;5;6;75;7;32;3;84;9;29;1;13;2;12;0;0;0;0;1;1;0;0;0;0;0;0;0;0;0;0;0;0;0;0;0;0;0;0;0;0;0;0;1;1;0;0;0;0;0;0;0;0;0;0;0;0;0;0;0;0;0;0;0;0;0;0;0;0;0;0;0;0
14.05.2024;14:13;A147;1;0;52;0;0;2;87;2;87;1;37;3;3;7;11;2;1;2;9;6;24;1;2;3;36;1;37;1;36;1;19;1;9;1;4;1;35;1;35;1;7;5;70;3;2;2;61;1;6;0;0;0;0;0;0;0;0;0;0;0;0;0;0;0;0;0;0;0;0;0;0;0;0;0;0;0;0;0;0;0;0;0;0;0;0;0;0;0;0;0;0;0;0;0;0;0;0;0;0;0;0;0;0;0;0;0;0;0;0;0;0
14.05.2024;14:12;A147;1;4;43;3;10;5;74;5;74;5;28;2;26;6;56;3;86;3;18;3;70;2;80;3;94;0;100;5;38;0;30;0;49;0;0;1;1;1;1;1;5;3;90;3;79;1;96;1;93;2;16;0;15;0;0;0;0;0;0;0;0;0;0;0;0;0;0;0;0;0;0;0;0;0;0;0;0;0;0;0;0;0;0;0;0;0;0;0;0;0;0;0;0;0;0;0;0;0;0;0;0;0;0;0;0;0;0;0;0;0;0
14.05.2024;14:11;A147;1;3;59;2;9;4;83;4;84;1;48;3;53;10;59;7;44;1;57;1;88;2;48;1;87;3;66;2;74;2;72;2;76;1;16;3;50;3;50;1;54;5;92;6;61;0;100;4;69;1;71;2;71;0;0;0;0;0;0;0;0;0;0;0;0;0;0;1;1;0;0;0;0;0;0;0;0;0;0;0;0;0;0;0;0;0;0;0;0;0;0;0;0;0;0;0;0;0;0;0;0;0;0;0;0;0;0;0;0;0;0
14.05.2024;14:10;A147;1;3;76;2;16;1;41;1;43;2;14;0;0;6;60;1;58;1;2;5;70;1;2;1;92;0;0;6;25;3;41;3;24;4;31;3;89;3;65;0;100;6;61;5;57;2;84;1;66;0;0;0;0;0;0;0;0;0;0;0;0;0;0;0;0;0;0;0;0;0;0;0;0;0;0;0;0;0;0;0;0;0;0;0;0;0;0;0;0;0;0;0;0;0;0;0;0;0;0;0;0;0;0;0;0;0;0;0;0;0;0
14.05.2024;14:09;A147;1;2;85;2;17;1;13;1;13;0;9;0;0;10;57;5;51;1;4;6;76;2;52;1;80;2;10;2;3;1;55;2;85;2;8;2;97;2;21;2;95;6;52;2;48;3;39;2;18;0;0;0;0;0;0;0;0;0;0;0;0;0;0;0;0;0;0;0;0;0;0;0;0;0;0;0;0;0;0;0;0;0;0;0;0;0;0;0;0;0;0;0;0;0;0;0;0;0;0;0;0;0;0;0;0;0;0;0;0;0;0
14.05.2024;14:08;A147;1;4;57;4;61;3;35;2;35;4;21;2;29;12;48;3;19;0;32;8;80;4;31;2;67;1;5;2;87;4;85;2;80;1;58;3;90;3;90;1;96;10;64;11;39;2;58;4;57;0;0;0;0;0;0;0;0;1;1;0;0;0;0;0;0;0;0;0;0;0;0;0;0;0;0;0;0;0;0;0;0;1;1;0;0;0;0;0;0;0;0;0;0;0;0;0;0;0;0;0;0;0;0;0;0;0;0;0;0;0;0
14.05.2024;14:07;A147;1;1;1;1;2;1;40;2;40;2;12;2;34;8;14;4;8;2;50;2;37;3;14;2;86;1;52;3;76;1;64;3;63;2;7;2;89;2;89;1;92;7;78;2;50;0;100;3;58;0;0;0;0;0;0;0;0;0;0;0;0;0;0;0;0;0;0;0;0;0;0;0;0;0;0;0;0;0;0;0;0;0;0;0;0;0;0;0;0;0;0;0;0;0;0;0;0;0;0;0;0;0;0;0;0;0;0;0;0;0;0
14.05.2024;14:06;A147;1;3;56;1;50;2;81;2;80;3;62;1;3;5;6;3;29;2;20;6;54;4;22;3;51;3;17;4;55;4;62;1;64;4;21;3;87;1;88;2;81;6;83;3;1;4;94;2;5;0;0;0;0;0;0;0;0;0;0;0;0;0;0;0;0;0;0;0;0;0;0;0;0;0;0;0;0;0;0;0;0;0;0;0;0;0;0;0;0;0;0;0;0;0;0;0;0;0;0;0;0;0;0;0;0;0;0;0;0;0;0
14.05.2024;14:05;A147;1;1;28;2;11;1;67;1;67;2;12;0;0;2;64;1;0;1;66;2;68;1;1;4;7;0;20;1;29;5;45;1;85;1;61;1;0;2;0;2;15;4;80;1;37;1;94;2;8;0;0;0;0;0;0;0;0;0;0;0;0;0;0;0;0;0;0;0;0;0;0;0;0;0;0;0;0;0;0;0;0;0;0;0;0;0;0;0;0;0;0;0;0;0;0;0;0;0;0;0;0;0;0;0;0;0;0;0;0;0;0
14.05.2024;14:04;A147;1;0;18;0;0;5;78;5;78;1;62;4;76;7;55;5;33;3;67;4;66;5;18;0;0;2;13;1;17;4;40;2;15;3;37;2;36;2;25;2;12;6;86;3;76;0;95;0;83;0;0;0;0;0;0;0;0;0;0;0;0;0;0;0;0;0;0;1;1;0;0;0;0;0;0;0;0;0;0;0;0;0;0;0;0;0;0;0;0;0;0;0;0;0;0;0;0;0;0;0;0;0;0;0;0;0;0;0;0;0;0
14.05.2024;14:03;A147;1;4;78;3;19;5;56;5;56;1;69;2;65;7;9;0;0;1;68;3;76;0;0;1;97;1;10;2;28;4;50;2;8;3;40;2;35;2;34;1;40;6;82;6;80;1;98;1;95;0;0;0;0;0;0;0;0;0;0;0;0;0;0;0;0;1;1;0;0;0;0;0;0;0;0;0;0;0;0;0;0;0;0;0;0;0;0;0;0;0;0;0;0;0;0;0;0;0;0;0;0;0;0;0;0;0;0;0;0;0;0
14.05.2024;14:02;A147;1;1;61;3;54;5;90;5;92;2;54;7;49;14;38;10;10;6;71;7;65;6;48;3;83;2;16;1;0;2;76;2;4;2;48;2;54;2;55;1;59;10;67;5;41;4;89;4;55;0;0;0;0;0;0;0;0;0;0;0;0;0;0;0;0;0;0;3;5;0;0;0;0;0;0;0;0;0;0;0;0;0;0;0;0;0;0;0;0;0;0;0;0;0;0;0;0;0;0;0;0;0;0;0;0;0;0;0;0;0;0
14.05.2024;14:01;A147;1;0;67;0;0;3;70;3;70;4;35;2;54;5;70;3;25;2;89;2;84;2;68;1;49;2;12;3;14;1;53;3;12;1;4;2;92;2;93;1;71;6;80;6;69;2;99;2;74;0;0;0;0;0;0;0;0;0;0;0;0;0;0;0;0;0;0;0;0;0;0;0;0;0;0;0;0;0;0;0;0;0;0;0;0;0;0;0;0;0;0;0;0;0;0;0;0;0;0;0;0;0;0;0;0;0;0;0;0;0;0
14.05.2024;14:00;A147;1;4;49;4;16;2;80;2;81;2;71;1;5;9;62;4;47;1;4;5;83;5;57;3;92;2;20;2;66;1;1;2;29;2;6;0;100;0;100;0;100;5;75;6;55;4;80;3;72;0;44;0;0;0;0;0;0;0;0;0;0;0;0;0;0;0;0;0;0;0;0;0;0;0;0;0;0;0;0;0;0;0;0;0;0;0;0;0;0;0;0;0;0;0;0;0;0;0;0;0;0;0;0;0;0;0;0;0;0;0;0
14.05.2024;13:59;A147;1;2;48;2;13;1;82;1;81;3;14;2;79;3;67;1;0;4;11;3;14;1;2;3;67;3;29;2;61;0;0;1;5;0;0;2;73;2;74;2;14;4;73;2;69;2;85;4;56;2;65;1;7;0;0;0;0;0;0;0;0;0;0;0;0;0;0;0;0;0;0;0;0;0;0;0;0;0;0;0;0;0;0;0;0;0;0;0;0;0;0;0;0;0;0;0;0;0;0;0;0;0;0;0;0;0;0;0;0;0;0
14.05.2024;13:58;A147;1;2;44;2;34;4;79;4;80;1;77;0;0;4;66;3;5;0;0;4;52;0;2;3;19;1;7;3;84;1;1;3;45;1;4;3;39;3;39;3;44;4;77;3;5;2;71;1;23;0;0;1;4;0;0;0;0;0;0;0;0;0;0;0;0;0;0;0;0;0;0;0;0;0;0;0;0;0;0;0;0;0;0;0;0;0;0;0;0;0;0;0;0;0;0;0;0;0;0;0;0;0;0;0;0;0;0;0;0;0;0
14.05.2024;13:57;A147;1;2;44;1;4;1;57;1;58;2;50;5;62;9;74;2;1;0;73;5;92;3;6;2;83;2;8;5;77;1;19;1;37;0;16;0;0;0;0;0;0;8;74;5;22;0;91;5;21;0;0;0;0;0;0;0;0;0;0;0;0;0;0;0;0;1;1;0;0;0;0;0;0;0;0;0;0;0;0;0;0;0;0;0;0;0;0;0;0;0;0;0;0;0;0;0;0;0;0;0;0;0;0;0;0;0;0;0;0;0;0
14.05.2024;13:56;A147;1;7;23;5;34;0;33;0;32;1;39;1;72;8;80;3;48;2;50;2;98;2;59;0;99;1;6;2;43;1;10;2;43;3;14;2;25;2;25;2;22;3;80;4;77;2;35;3;32;1;91;1;4;0;0;0;0;0;0;0;0;0;0;0;0;0;0;0;0;0;0;0;0;0;0;0;0;0;0;0;0;0;0;0;0;0;0;0;0;0;0;0;0;0;0;0;0;0;0;0;0;0;0;0;0;0;0;0;0;0;0
14.05.2024;13:55;A147;1;1;40;3;28;6;76;6;77;1;99;2;5;5;75;2;1;4;13;5;48;2;4;3;86;1;84;2;4;1;58;2;13;1;5;5;24;5;23;0;28;5;76;5;46;2;79;4;48;1;26;1;4;0;0;0;0;0;0;0;0;0;0;0;0;0;0;0;0;0;0;0;0;0;0;0;0;0;0;0;0;0;0;0;0;0;0;0;0;0;0;0;0;0;0;0;0;0;0;0;0;0;0;0;0;0;0;0;0;0;0
14.05.2024;13:54;A147;1;3;69;3;43;2;75;2;76;2;67;3;27;3;27;0;21;2;30;4;31;0;0;2;95;1;88;3;85;1;29;2;34;1;6;1;46;1;47;2;43;3;32;3;27;2;41;0;30;0;60;0;0;0;0;0;0;0;0;0;0;0;0;0;0;0;0;0;0;0;0;0;0;0;0;0;0;0;0;0;0;0;0;0;0;0;0;0;0;0;0;0;0;0;0;0;0;0;0;0;0;0;0;0;0;0;0;0;0;0;0
14.05.2024;13:53;A147;1;1;67;1;3;1;91;1;91;1;4;3;35;11;55;1;40;2;55;5;78;1;5;1;87;1;81;3;78;1;66;2;13;1;6;1;41;1;41;1;5;5;66;3;50;2;79;2;67;1;60;1;4;0;0;0;0;0;0;0;0;0;0;0;0;0;0;0;0;0;0;0;0;0;0;0;0;0;0;0;0;0;0;0;0;0;0;0;0;0;0;0;0;0;0;0;0;0;0;0;0;0;0;0;0;0;0;0;0;0;0
14.05.2024;13:52;A147;1;4;45;6;25;2;71;2;73;3;18;3;30;6;51;4;15;2;27;2;40;1;17;3;42;1;45;2;55;4;60;2;67;1;67;0;0;0;0;1;2;7;80;2;26;3;86;3;19;1;28;0;4;0;0;0;0;0;0;0;0;0;0;1;1;0;0;0;0;0;0;0;0;0;0;0;0;0;0;0;0;0;0;0;0;0;0;0;0;0;0;0;0;0;0;0;0;0;0;0;0;0;0;0;0;0;0;0;0;0;0
14.05.2024;13:51;A147;1;1;62;1;64;1;70;1;70;1;60;3;56;3;69;4;72;2;62;4;56;3;80;2;68;4;21;4;89;3;41;2;66;2;51;1;7;1;6;2;6;3;69;3;78;4;83;3;69;0;0;1;0;1;1;0;0;0;0;0;0;0;0;0;0;0;0;0;0;0;0;0;0;0;0;0;0;1;1;0;0;0;0;0;0;0;0;0;0;0;0;0;0;0;0;0;0;0;0;0;0;0;0;0;0;0;0;0;0;0;0
14.05.2024;13:50;A147;1;2;16;2;29;4;55;4;54;2;79;0;0;2;90;2;29;0;86;0;92;1;35;2;94;0;4;2;22;0;12;2;11;1;0;1;9;1;9;1;4;2;89;2;58;1;94;12;14;0;0;0;0;0;0;0;0;0;0;0;0;0;0;1;1;1;1;0;0;1;1;0;0;0;0;0;0;0;0;0;0;0;0;0;0;0;0;0;0;1;1;0;0;1;1;0;0;0;0;0;0;0;0;0;0;0;0;0;0;0;0
14.05.2024;13:49;A147;1;0;0;0;0;2;80;2;82;2;55;5;62;9;78;3;56;2;84;1;96;3;21;2;67;1;78;0;0;1;38;0;0;1;6;2;35;2;33;0;35;5;60;6;50;3;86;8;67;1;28;2;52;0;0;0;0;0;0;0;0;0;0;0;0;0;0;0;0;0;0;0;0;0;0;0;0;0;0;0;0;0;0;0;0;0;0;0;0;0;0;0;0;0;0;0;0;0;0;0;0;0;0;0;0;0;0;0;0;0;0
14.05.2024;13:48;A147;1;1;13;1;6;5;79;5;81;1;38;2;26;6;75;4;60;3;42;2;82;1;53;0;73;0;0;2;23;2;12;2;13;2;13;3;81;3;81;2;79;2;47;3;6;3;49;2;17;1;66;2;5;0;0;0;0;0;0;0;0;0;0;1;1;0;0;1;1;0;0;0;0;0;0;0;0;0;0;0;0;0;0;0;0;0;0;0;0;0;0;0;0;0;0;0;0;0;0;0;0;0;0;0;0;0;0;0;0;0;0
14.05.2024;13:47;A147;1;0;0;0;0;4;88;4;90;0;100;2;24;12;64;7;46;0;26;1;97;3;46;3;68;3;34;3;91;6;70;0;93;4;33;4;54;4;55;2;64;8;56;3;26;1;55;0;34;1;44;1;5;0;0;0;0;0;0;0;0;0;0;0;0;0;0;1;1;0;0;0;0;0;0;0;0;0;0;0;0;0;0;0;0;0;0;0;0;0;0;0;0;0;0;0;0;0;0;0;0;0;0;0;0;0;0;0;0;0;0
14.05.2024;13:46;A147;1;2;71;3;40;1;98;1;98;2;79;3;47;6;53;6;36;3;44;5;66;5;53;1;47;1;7;1;16;4;67;2;12;2;71;2;81;2;82;1;74;6;66;3;57;5;83;3;63;0;0;0;0;0;0;0;0;0;0;0;0;0;0;0;0;0;0;0;0;4;6;0;0;0;0;0;0;0;0;0;0;0;0;0;0;0;0;0;0;1;1;0;0;3;6;0;0;0;0;0;0;0;0;0;0;0;0;0;0;0;0
14.05.2024;13:45;A147;1;6;56;1;73;3;29;3;29;4;21;0;0;7;81;5;8;0;0;2;51;1;99;3;36;1;35;1;49;5;58;1;8;3;64;2;84;2;83;1;39;5;67;7;71;4;21;3;30;0;28;0;0;0;0;0;0;0;0;0;0;0;0;0;0;1;1;0;0;0;0;0;0;0;0;0;0;0;0;0;0;0;0;0;0;0;0;1;2;0;0;0;0;0;0;0;0;0;0;0;0;0;0;0;0;0;0;0;0;0;0
14.05.2024;13:44;A147;1;4;60;4;27;3;49;3;50;3;12;3;64;4;89;5;63;2;73;1;71;1;79;2;67;3;35;1;27;3;40;2;7;4;21;3;24;2;87;2;13;3;88;3;87;1;99;1;96;1;35;1;7;0;0;0;0;0;0;0;0;0;0;0;0;0;0;0;0;0;0;0;0;0;0;0;0;0;0;0;0;0;0;0;0;0;0;0;0;0;0;0;0;0;0;0;0;0;0;0;0;0;0;0;0;0;0;0;0;0;0
14.05.2024;13:43;A147;1;1;46;5;17;3;57;4;58;0;62;1;78;3;79;6;82;0;78;2;84;1;90;2;39;2;14;1;15;1;0;0;13;1;2;1;52;2;82;3;34;3;81;6;80;2;93;2;91;1;66;1;5;0;0;0;0;0;0;0;0;0;0;0;0;0;0;0;0;0;0;0;0;0;0;0;0;0;0;0;0;0;0;0;0;0;0;0;0;0;0;0;0;0;0;0;0;0;0;0;0;0;0;0;0;0;0;0;0;0;0
14.05.2024;13:42;A147;1;1;28;1;3;4;70;4;71;1;82;1;4;7;77;6;64;4;48;2;93;7;27;1;59;1;4;2;40;0;0;2;18;0;0;2;39;2;39;2;6;7;82;10;78;0;100;2;96;0;0;0;0;0;0;0;0;0;0;0;0;0;0;0;0;0;0;0;0;0;0;0;0;0;0;0;0;0;0;0;0;0;0;0;0;0;0;1;1;0;0;0;0;0;0;0;0;0;0;0;0;0;0;0;0;0;0;0;0;0;0
14.05.2024;13:41;A147;1;2;22;1;7;3;61;2;72;5;34;3;18;4;63;2;59;2;50;1;55;2;7;1;55;1;5;1;83;2;10;1;91;1;20;2;82;2;82;5;64;8;77;3;22;0;100;4;31;1;22;1;5;0;0;0;0;1;1;0;0;0;0;0;0;0;0;1;1;0;0;0;0;0;0;0;0;0;0;0;0;0;0;0;0;0;0;0;0;0;0;1;1;0;0;0;0;0;0;0;0;0;0;0;0;0;0;0;0;0;0
14.05.2024;13:40;A147;1;2;41;3;16;1;16;1;71;1;5;1;22;7;45;6;27;2;42;1;62;1;42;0;60;0;0;2;83;4;3;1;61;4;13;2;90;1;90;2;95;8;62;5;29;4;87;1;37;1;19;3;1;0;0;0;0;0;0;0;0;0;0;0;0;1;1;0;0;0;0;0;0;0;0;1;1;0;0;0;0;0;0;0;0;0;0;0;0;0;0;0;0;0;0;0;0;0;0;1;1;0;0;0;0;0;0;0;0;0;0
14.05.2024;13:39;A147;1;1;22;1;3;1;97;1;97;1;4;2;47;6;59;3;48;3;13;4;74;4;46;2;67;2;8;1;9;2;3;1;4;2;14;0;96;1;96;2;92;8;61;5;32;1;91;4;36;0;44;1;8;0;0;0;0;0;0;0;0;0;0;1;1;1;1;0;0;0;0;0;0;0;0;1;1;0;0;0;0;0;0;0;0;0;0;1;1;0;0;0;0;0;0;0;0;0;0;1;1;0;0;0;0;0;0;0;0;0;0
14.05.2024;13:38;A147;1;1;33;2;9;1;20;1;21;0;0;0;0;2;46;1;14;0;0;5;53;1;11;3;59;1;38;5;52;3;2;6;44;1;2;4;72;4;72;0;95;6;82;5;28;0;100;3;30;1;26;1;7;0;0;0;0;0;0;0;0;0;0;0;0;0;0;1;1;0;0;0;0;0;0;0;0;0;0;0;0;0;0;0;0;0;0;0;0;0;0;1;1;0;0;0;0;0;0;0;0;0;0;0;0;0;0;0;0;0;0
14.05.2024;13:37;A147;1;1;37;1;7;1;37;1;37;1;4;2;11;4;40;4;5;2;10;3;38;2;14;3;44;1;50;2;49;2;32;2;11;2;34;1;69;1;68;0;100;3;91;4;85;0;100;2;93;1;50;1;5;0;0;0;0;0;0;0;0;0;0;0;0;0;0;0;0;0;0;0;0;0;0;0;0;0;0;0;0;0;0;0;0;0;0;0;0;0;0;0;0;0;0;0;0;0;0;0;0;0;0;0;0;0;0;0;0;0;0
14.05.2024;13:36;A147;1;3;40;3;10;0;57;0;56;0;0;4;54;1;0;2;53;3;65;1;2;2;8;3;93;0;100;3;43;1;24;1;43;2;26;2;92;2;92;1;43;5;83;6;63;0;100;3;72;0;0;0;0;0;0;0;0;0;0;0;0;0;0;0;0;0;0;0;0;0;0;0;0;0;0;0;0;0;0;0;0;0;0;0;0;0;0;0;0;0;0;0;0;0;0;0;0;0;0;0;0;0;0;0;0;0;0;0;0;0;0
14.05.2024;13:35;A147;1;2;15;1;4;1;58;1;59;1;5;4;84;6;79;3;73;0;94;0;86;1;47;3;93;0;100;3;15;1;0;3;16;2;3;1;85;1;86;1;11;5;79;8;75;1;99;2;96;1;45;0;43;0;0;0;0;0;0;0;0;0;0;0;0;0;0;1;1;0;0;0;0;0;0;1;1;0;0;0;0;0;0;0;0;0;0;0;0;0;0;0;0;0;0;0;0;0;0;0;0;0;0;0;0;0;0;0;0;0;0
14.05.2024;13:34;A147;1;2;66;3;45;4;58;4;59;5;20;0;37;3;55;2;50;1;52;2;63;2;19;0;100;0;100;2;72;0;0;2;76;0;0;3;18;3;17;1;21;3;89;7;64;0;100;2;78;0;100;0;100;0;0;0;0;0;0;0;0;0;0;0;0;0;0;0;0;0;0;0;0;0;0;0;0;0;0;0;0;0;0;0;0;0;0;0;0;0;0;0;0;0;0;0;0;0;0;0;0;0;0;0;0;0;0;0;0;0;0
14.05.2024;13:33;A147;1;1;15;1;9;1;60;1;60;3;13;8;50;13;53;8;31;2;54;7;75;3;44;1;92;2;27;2;4;1;1;2;9;1;3;1;73;1;74;1;83;4;79;2;62;2;98;3;52;1;7;1;12;0;0;0;0;0;0;0;0;0;0;0;0;0;0;0;0;0;0;0;0;0;0;0;0;0;0;0;0;0;0;0;0;0;0;0;0;0;0;0;0;0;0;0;0;0;0;0;0;0;0;0;0;0;0;0;0;0;0
14.05.2024;13:32;A147;1;3;11;3;14;4;50;4;51;3;30;1;65;4;54;1;0;1;72;5;59;2;63;1;15;1;6;3;47;1;0;3;44;0;0;1;39;1;39;1;9;4;74;2;49;5;85;2;18;0;0;0;0;0;0;0;0;0;0;0;0;0;0;0;0;0;0;0;0;0;0;0;0;0;0;0;0;0;0;0;0;0;0;0;0;0;0;0;0;0;0;0;0;0;0;0;0;0;0;0;0;0;0;0;0;0;0;0;0;0;0
14.05.2024;13:31;A147;1;1;38;1;5;3;5;3;6;3;16;0;0;2;5;0;0;1;5;0;12;4;1;0;0;0;0;3;61;0;34;4;34;1;0;1;2;1;2;1;42;6;71;1;46;5;88;1;56;0;0;0;0;0;0;0;0;1;1;0;0;0;0;0;0;0;0;0;0;0;0;0;0;0;0;0;0;0;0;0;0;1;1;0;0;0;0;0;0;0;0;0;0;0;0;0;0;0;0;0;0;0;0;0;0;0;0;0;0;0;0
14.05.2024;13:30;A147;1;1;14;1;4;4;46;4;48;2;54;1;13;4;68;3;28;1;6;2;60;1;46;0;9;0;0;3;40;4;12;3;21;1;45;1;66;1;65;0;63;4;85;3;4;3;98;3;17;0;0;0;0;0;0;0;0;0;0;0;0;0;0;0;0;0;0;2;3;0;0;0;0;0;0;0;0;0;0;0;0;0;0;0;0;0;0;0;0;0;0;1;1;0;0;0;0;0;0;0;0;0;0;0;0;0;0;0;0;0;0
14.05.2024;13:29;A147;1;4;20;1;20;1;0;1;0;1;5;1;83;3;75;4;78;1;79;1;88;2;89;1;94;1;3;3;20;3;4;3;23;6;19;2;31;2;33;3;20;9;74;7;65;2;93;3;78;2;57;0;60;0;0;0;0;0;0;0;0;0;0;0;0;0;0;2;3;0;0;0;0;0;0;0;0;0;0;0;0;0;0;0;0;0;0;1;1;0;0;1;1;0;0;0;0;0;0;0;0;0;0;0;0;0;0;0;0;0;0
14.05.2024;13:28;A147;1;5;65;2;23;3;41;3;42;2;44;3;15;4;59;5;31;4;15;1;66;3;33;0;0;0;0;2;77;1;3;3;27;0;3;4;47;4;47;1;42;6;75;2;59;5;89;3;10;1;45;2;5;0;0;0;0;0;0;0;0;0;0;0;0;0;0;0;0;0;0;0;0;0;0;0;0;0;0;0;0;0;0;0;0;0;0;0;0;0;0;0;0;0;0;0;0;0;0;0;0;0;0;0;0;0;0;0;0;0;0
14.05.2024;13:27;A147;1;1;91;3;77;0;12;0;12;0;0;0;0;4;48;1;38;0;0;3;55;0;39;0;77;0;0;2;74;2;72;1;88;2;36;2;94;2;94;0;100;7;76;4;51;1;72;3;54;0;0;0;0;0;0;0;0;0;0;0;0;0;0;0;0;1;1;0;0;0;0;0;0;0;0;0;0;0;0;0;0;0;0;0;0;0;0;0;0;1;2;0;0;0;0;0;0;0;0;0;0;0;0;0;0;0;0;0;0;0;0
14.05.2024;13:26;A147;1;3;71;3;17;2;33;2;33;2;7;3;10;8;54;2;22;3;13;5;73;3;27;4;59;3;16;2;25;0;0;4;12;0;0;3;29;3;30;3;38;5;68;9;60;2;86;2;81;0;0;0;0;0;0;0;0;0;0;0;0;0;0;0;0;0;0;0;0;0;0;0;0;0;0;0;0;0;0;0;0;0;0;0;0;0;0;0;0;0;0;0;0;0;0;0;0;0;0;0;0;0;0;0;0;0;0;0;0;0;0
14.05.2024;13:25;A147;1;4;68;2;12;1;6;1;7;1;3;2;7;7;27;5;13;0;10;1;48;0;24;0;44;0;0;2;58;2;1;2;14;2;7;2;85;2;86;3;53;5;84;6;51;1;99;4;56;1;45;1;40;0;0;0;0;0;0;0;0;0;0;0;0;0;0;0;0;0;0;0;0;0;0;0;0;0;0;0;0;0;0;0;0;0;0;0;0;0;0;0;0;0;0;0;0;0;0;0;0;0;0;0;0;0;0;0;0;0;0
14.05.2024;13:24;A147;1;3;56;1;62;0;78;0;77;0;0;1;50;2;63;1;38;1;56;2;52;2;30;1;3;1;5;0;0;1;9;0;0;1;6;3;81;3;81;1;70;6;70;4;17;2;86;3;31;1;26;1;4;0;0;0;0;0;0;0;0;0;0;0;0;0;0;0;0;0;0;0;0;0;0;0;0;0;0;0;0;0;0;0;0;0;0;0;0;0;0;0;0;0;0;0;0;0;0;0;0;0;0;0;0;0;0;0;0;0;0
14.05.2024;13:23;A147;1;2;19;2;31;2;75;2;44;2;17;0;0;3;81;1;1;1;1;2;14;1;3;1;13;0;6;1;15;2;32;1;5;1;33;1;69;1;68;2;45;4;89;4;56;0;100;3;72;1;61;2;9;0;0;0;0;0;0;0;0;0;0;0;0;0;0;0;0;0;0;0;0;0;0;0;0;0;0;0;0;0;0;0;0;0;0;0;0;0;0;0;0;0;0;0;0;0;0;0;0;0;0;0;0;0;0;0;0;0;0
14.05.2024;13:22;A147;1;3;24;2;7;2;86;2;87;1;3;2;5;8;74;5;49;1;9;3;66;2;55;1;69;2;5;1;1;1;50;1;5;2;31;1;41;1;42;1;6;2;96;3;63;0;100;2;74;1;61;1;5;0;0;0;0;0;0;0;0;0;0;0;0;0;0;0;0;0;0;0;0;0;0;0;0;0;0;0;0;0;0;0;0;0;0;0;0;0;0;0;0;0;0;0;0;0;0;0;0;0;0;0;0;0;0;0;0;0;0
14.05.2024;13:21;A147;1;2;69;2;8;2;74;2;74;2;11;4;61;4;61;4;62;0;69;1;74;0;64;2;81;2;14;0;1;2;62;0;0;1;8;2;7;2;8;0;38;7;83;4;45;1;99;5;30;1;52;1;7;0;0;0;0;0;0;0;0;0;0;1;1;0;0;1;1;0;0;0;0;0;0;0;0;0;0;0;0;0;0;0;0;0;0;1;1;0;0;0;0;0;0;0;0;0;0;0;0;0;0;0;0;0;0;0;0;0;0
14.05.2024;13:20;A147;1;2;88;3;58;3;63;3;64;3;17;3;32;5;56;2;25;4;19;6;43;3;26;1;62;1;5;2;77;3;66;2;12;1;36;3;78;2;16;3;59;8;73;4;42;1;93;3;48;0;77;0;0;1;1;0;0;0;0;0;0;0;0;0;0;2;3;0;0;0;0;0;0;0;0;0;0;0;0;0;0;0;0;0;0;0;0;0;0;1;1;0;0;0;0;0;0;0;0;0;0;0;0;0;0;0;0;0;0;0;0
14.05.2024;13:19;A147;1;2;89;1;9;2;69;2;70;2;15;6;27;13;19;4;11;1;34;6;46;3;20;2;65;2;54;2;67;1;52;2;8;1;8;1;42;1;43;1;5;9;72;7;45;3;92;6;56;1;3;1;5;0;0;0;0;0;0;0;0;0;0;1;1;0;0;0;0;1;1;0;0;0;0;0;0;0;0;0;0;0;0;0;0;0;0;0;0;0;0;0;0;0;0;0;0;0;0;0;0;0;0;0;0;0;0;0;0;0;0
14.05.2024;13:18;A147;1;1;55;1;4;3;58;3;58;3;44;1;77;5;75;3;24;1;85;4;83;4;46;1;59;1;94;0;0;1;53;0;0;1;45;2;60;2;60;1;67;6;83;6;80;0;100;2;98;0;0;0;0;0;0;0;0;0;0;0;0;0;0;0;0;1;1;0;0;0;0;0;0;0;0;0;0;0;0;0;0;0;0;0;0;0;0;0;0;0;0;0;0;0;0;0;0;0;0;0;0;0;0;0;0;0;0;0;0;0;0
14.05.2024;13:17;A147;1;4;83;4;35;4;86;4;86;1;54;2;23;5;52;2;40;1;33;7;60;5;51;3;32;1;36;1;1;1;10;1;5;1;10;1;85;1;85;1;77;6;78;8;82;1;99;15;89;0;0;0;98;0;0;0;0;0;0;0;0;0;0;0;0;0;0;0;0;0;0;0;0;0;0;0;0;0;0;0;0;0;0;0;0;0;0;0;0;0;0;0;0;0;0;0;0;0;0;0;0;0;0;0;0;0;0;0;0;0;0
14.05.2024;13:16;A147;1;4;55;0;37;2;72;2;73;3;23;3;76;4;69;4;85;2;87;4;70;2;92;1;67;3;18;5;10;1;2;1;48;1;7;1;1;1;3;1;8;5;87;5;82;0;100;0;100;0;0;0;100;0;0;0;0;0;0;0;0;0;0;0;0;0;0;0;0;0;0;0;0;0;0;0;0;0;0;0;0;0;0;0;0;0;0;0;0;0;0;0;0;0;0;0;0;0;0;0;0;0;0;0;0;0;0;0;0;0;0
14.05.2024;13:15;A147;1;2;68;4;53;6;86;6;87;0;71;4;39;8;75;5;78;2;58;1;97;2;45;1;28;3;12;1;19;2;20;2;34;0;24;3;51;3;50;1;54;6;84;8;82;0;100;0;100;0;0;0;100;0;0;0;0;0;0;0;0;0;0;0;0;1;1;0;0;0;0;0;0;0;0;0;0;0;0;0;0;0;0;0;0;0;0;0;0;1;1;0;0;0;0;0;0;0;0;0;0;0;0;0;0;0;0;0;0;0;0
14.05.2024;13:14;A147;1;3;9;1;10;0;100;0;100;0;100;3;75;6;81;7;79;2;82;1;90;1;91;3;48;1;52;4;48;5;37;4;51;4;43;1;89;1;90;3;25;5;84;6;85;0;100;1;98;1;45;3;83;0;0;0;0;0;0;0;0;0;0;1;1;0;0;0;0;0;0;0;0;0;0;0;0;0;0;0;0;0;0;0;0;0;0;0;0;0;0;0;0;0;0;0;0;0;0;0;0;0;0;0;0;0;0;0;0;0;0
14.05.2024;13:13;A147;1;3;92;2;68;3;56;3;57;1;85;4;55;9;56;5;44;3;41;7;69;4;27;0;100;2;33;1;16;1;44;2;15;2;45;0;0;0;0;0;0;9;75;9;51;1;97;2;56;1;80;1;4;0;0;0;0;0;0;0;0;0;0;0;0;0;0;0;0;2;3;0;0;0;0;0;0;0;0;0;0;0;0;0;0;0;0;0;0;0;0;0;0;2;4;0;0;0;0;0;0;0;0;0;0;0;0;0;0;0;0
14.05.2024;13:12;A147;1;2;17;3;17;3;58;3;59;1;66;2;58;3;49;2;67;2;92;3;34;0;55;1;90;1;8;1;73;3;57;1;64;2;20;3;83;2;83;1;10;4;74;3;52;2;78;1;71;0;0;0;0;0;0;0;0;0;0;0;0;0;0;0;0;1;1;0;0;0;0;0;0;0;0;0;0;0;0;0;0;0;0;0;0;0;0;0;0;1;1;0;0;0;0;0;0;0;0;0;0;0;0;0;0;0;0;0;0;0;0
14.05.2024;13:11;A147;1;4;74;1;54;2;88;2;89;2;21;5;15;9;19;11;28;3;30;1;38;8;37;3;47;3;39;5;80;4;55;2;35;5;58;1;65;2;66;3;47;5;75;8;53;1;64;3;69;0;0;1;0;0;0;0;0;0;0;0;0;0;0;0;0;0;0;0;0;0;0;0;0;0;0;0;0;0;0;0;0;0;0;0;0;0;0;0;0;0;0;0;0;0;0;0;0;0;0;0;0;0;0;0;0;0;0;0;0;0;0
14.05.2024;13:10;A147;1;3;58;5;20;0;81;0;81;1;79;2;70;3;53;1;77;2;74;3;65;2;73;2;45;3;26;1;67;3;49;1;6;0;53;2;52;2;52;2;16;2;2;1;15;1;25;2;21;1;29;1;19;0;0;0;0;0;0;0;0;0;0;0;0;0;0;0;0;0;0;0;0;0;0;0;0;0;0;0;0;0;0;0;0;0;0;0;0;0;0;0;0;0;0;0;0;0;0;0;0;0;0;0;0;0;0;0;0;0;0
14.05.2024;13:09;A147;1;1;31;1;4;4;47;4;50;3;49;3;65;4;81;3;81;3;71;0;89;1;98;2;85;1;4;4;33;2;10;4;22;2;14;1;0;0;0;0;0;3;87;3;75;2;84;3;80;2;58;1;17;0;0;0;0;0;0;0;0;0;0;0;0;0;0;0;0;0;0;0;0;0;0;0;0;0;0;0;0;0;0;0;0;0;0;0;0;0;0;0;0;0;0;0;0;0;0;0;0;0;0;0;0;0;0;0;0;0;0
14.05.2024;13:08;A147;1;4;67;2;31;2;49;2;48;1;3;3;31;9;84;10;80;2;13;0;100;0;100;1;83;2;10;3;22;2;17;0;26;1;10;0;46;0;45;0;0;6;81;3;77;1;93;2;44;1;71;2;6;0;0;0;0;0;0;0;0;0;0;0;0;0;0;0;0;0;0;0;0;0;0;0;0;0;0;0;0;0;0;0;0;0;0;0;0;0;0;0;0;0;0;0;0;0;0;0;0;0;0;0;0;0;0;0;0;0;0
14.05.2024;13:07;A147;1;6;60;3;69;5;90;5;91;3;56;0;0;6;69;4;61;0;0;2;87;0;100;1;23;1;6;2;44;2;64;6;49;4;23;2;77;2;77;2;8;7;75;5;64;2;87;2;75;2;64;2;10;0;0;0;0;0;0;0;0;0;0;0;0;0;0;0;0;0;0;0;0;0;0;0;0;0;0;0;0;0;0;0;0;0;0;0;0;0;0;0;0;0;0;0;0;0;0;0;0;0;0;0;0;0;0;0;0;0;0
14.05.2024;13:06;A147;1;2;88;2;40;9;77;9;78;0;100;4;53;5;72;7;86;0;67;3;89;1;71;2;81;2;39;1;24;1;6;2;14;1;5;4;76;4;76;2;25;6;84;6;74;0;100;1;91;0;0;1;5;0;0;0;0;0;0;0;0;0;0;0;0;0;0;0;0;0;0;0;0;0;0;0;0;0;0;0;0;0;0;0;0;0;0;0;0;0;0;0;0;0;0;0;0;0;0;0;0;0;0;0;0;0;0;0;0;0;0
14.05.2024;13:05;A147;1;5;68;1;91;1;79;1;81;1;88;1;21;5;65;6;63;1;74;1;79;2;39;3;84;2;36;4;44;2;32;3;33;2;17;3;90;3;90;1;61;9;55;8;54;0;100;4;57;1;58;0;1;0;0;0;0;0;0;0;0;0;0;0;0;0;0;0;0;0;0;0;0;0;0;0;0;0;0;0;0;0;0;0;0;0;0;0;0;0;0;0;0;0;0;0;0;0;0;0;0;0;0;0;0;0;0;0;0;0;0
14.05.2024;13:04;A147;1;0;0;0;0;1;45;1;45;2;7;4;48;4;54;3;47;4;65;4;57;3;46;3;77;3;51;0;0;3;68;0;0;2;67;2;61;2;62;1;74;7;16;9;65;2;89;3;83;2;50;1;56;0;0;0;0;0;0;0;0;0;0;0;0;0;0;0;0;0;0;0;0;0;0;0;0;0;0;0;0;0;0;0;0;0;0;0;0;0;0;0;0;0;0;0;0;0;0;0;0;0;0;0;0;0;0;0;0;0;0
14.05.2024;13:03;A147;1;4;54;2;20;4;86;4;85;0;90;2;17;4;48;4;53;1;25;4;41;5;19;3;92;0;39;1;51;2;50;1;16;2;53;1;22;1;22;1;5;6;89;2;74;0;100;4;72;3;75;2;85;0;0;0;0;0;0;0;0;0;0;0;0;0;0;1;1;0;0;0;0;0;0;0;0;0;0;0;0;0;0;0;0;0;0;0;0;0;0;0;0;0;0;0;0;0;0;0;0;0;0;0;0;0;0;0;0;0;0
14.05.2024;13:02;A147;1;1;73;1;9;4;91;4;71;0;100;4;46;9;67;5;62;5;24;4;77;2;39;2;90;3;51;2;71;1;17;2;7;1;11;2;54;2;54;2;43;1;75;0;0;1;88;0;0;0;0;0;0;0;0;0;0;0;0;0;0;0;0;0;0;0;0;0;0;0;0;0;0;0;0;0;0;0;0;0;0;0;0;0;0;0;0;1;1;0;0;0;0;0;0;0;0;0;0;0;0;0;0;0;0;0;0;0;0;0;0
14.05.2024;13:01;A147;1;1;24;2;7;1;41;1;42;4;16;1;71;8;83;4;79;0;1;2;95;3;88;1;51;2;24;2;34;3;21;3;35;2;32;2;50;1;50;1;9;6;80;7;64;0;92;2;83;0;0;0;0;0;0;0;0;0;0;0;0;0;0;0;0;0;0;0;0;0;0;0;0;0;0;1;1;0;0;0;0;0;0;0;0;0;0;0;0;0;0;0;0;0;0;0;0;0;0;1;2;0;0;0;0;0;0;0;0;0;0
14.05.2024;13:00;A147;1;3;22;1;10;5;8;3;5;1;33;5;56;12;64;7;22;2;71;4;79;5;38;1;30;1;4;2;70;1;36;3;49;1;40;2;32;3;32;1;40;8;81;4;59;1;99;2;65;2;93;1;69;0;0;0;0;0;0;0;0;0;0;0;0;0;0;0;0;0;0;0;0;0;0;0;0;0;0;0;0;0;0;0;0;0;0;0;0;0;0;0;0;0;0;0;0;0;0;0;0;0;0;0;0;0;0;0;0;0;0
14.05.2024;12:59;A147;1;3;40;3;26;4;32;3;12;3;15;2;46;0;42;0;0;1;49;1;2;0;0;2;78;0;79;2;66;0;0;1;72;0;0;4;46;4;47;4;55;9;34;5;70;1;85;4;67;0;0;1;6;0;0;1;1;1;1;0;0;0;0;0;0;0;0;0;0;0;0;0;0;0;0;0;0;0;0;1;1;0;0;0;0;0;0;0;0;0;0;0;0;0;0;0;0;0;0;0;0;0;0;0;0;0;0;0;0;0;0
14.05.2024;12:58;A147;1;3;68;4;26;3;6;3;6;0;4;3;67;7;62;1;10;2;59;2;43;1;8;3;92;1;92;2;47;5;45;3;10;3;45;2;89;2;90;1;99;7;30;9;67;4;92;4;85;0;59;0;0;0;0;0;0;0;0;0;0;0;0;0;0;0;0;0;0;0;0;0;0;0;0;0;0;0;0;0;0;0;0;0;0;0;0;0;0;0;0;0;0;0;0;0;0;0;0;0;0;0;0;0;0;0;0;0;0;0;0
14.05.2024;12:57;A147;1;2;55;3;15;0;100;0;100;2;7;6;50;10;23;8;10;2;55;8;43;5;20;2;94;0;100;2;66;1;65;1;66;0;64;1;81;1;82;1;86;7;70;5;56;3;93;5;65;1;46;1;5;0;0;0;0;0;0;0;0;0;0;1;1;0;0;0;0;0;0;0;0;0;0;0;0;0;0;0;0;0;0;0;0;0;0;1;1;0;0;0;0;0;0;0;0;0;0;0;0;0;0;0;0;0;0;0;0;0;0
14.05.2024;12:56;A147;1;2;30;2;10;5;88;5;88;0;94;1;78;3;31;1;26;2;64;3;41;2;7;1;50;3;51;1;48;1;54;1;21;1;25;1;55;1;2;2;4;5;78;2;49;1;92;1;9;0;0;0;0;0;0;0;0;1;1;0;0;0;0;0;0;0;0;0;0;0;0;0;0;0;0;0;0;0;0;0;0;1;1;0;0;0;0;0;0;0;0;0;0;0;0;0;0;0;0;0;0;0;0;0;0;0;0;0;0;0;0
14.05.2024;12:55;A147;1;3;24;3;35;6;83;5;85;3;83;3;3;7;65;3;60;1;8;2;76;3;13;2;16;0;14;3;37;7;53;3;19;8;33;2;72;2;70;0;74;5;86;5;87;1;98;1;97;0;0;0;0;0;0;0;0;0;0;0;0;0;0;0;0;0;0;0;0;0;0;0;0;0;0;0;0;0;0;0;0;0;0;0;0;0;0;0;0;0;0;0;0;0;0;0;0;0;0;0;0;0;0;0;0;0;0;0;0;0;0
14.05.2024;12:54;A147;1;6;29;0;42;3;51;4;51;2;52;2;13;4;74;5;66;2;79;2;82;5;64;1;57;2;50;2;19;1;16;0;21;1;5;1;39;1;41;1;46;3;80;4;71;1;89;4;62;0;0;0;0;0;0;0;0;0;0;0;0;0;0;0;0;0;0;0;0;0;0;0;0;0;0;0;0;0;0;0;0;0;0;0;0;0;0;0;0;0;0;0;0;0;0;0;0;0;0;0;0;0;0;0;0;0;0;0;0;0;0
14.05.2024;12:53;A147;1;3;44;3;38;2;46;2;46;2;13;0;0;11;70;7;65;2;10;2;75;2;51;1;63;1;6;1;59;3;32;2;51;2;9;1;32;1;32;0;32;8;50;3;6;3;85;2;52;0;0;0;0;0;0;0;0;0;0;0;0;0;0;0;0;0;0;0;0;0;0;0;0;0;0;0;0;0;0;0;0;0;0;0;0;0;0;0;0;0;0;0;0;0;0;0;0;0;0;0;0;0;0;0;0;0;0;0;0;0;0
14.05.2024;12:52;A147;1;6;65;3;49;2;52;2;53;2;32;0;0;2;46;1;2;0;0;2;31;1;5;0;0;0;0;0;0;2;79;0;0;2;82;3;61;3;61;3;42;7;49;7;50;3;66;5;63;1;72;0;71;0;0;0;0;0;0;0;0;0;0;0;0;0;0;0;0;0;0;0;0;0;0;1;1;0;0;0;0;0;0;0;0;0;0;0;0;0;0;0;0;0;0;0;0;0;0;0;0;0;0;0;0;0;0;0;0;0;0
14.05.2024;12:51;A147;1;3;16;5;29;4;8;3;8;2;15;5;31;8;39;6;25;0;41;2;50;2;31;2;44;2;9;3;4;2;48;2;7;3;32;2;56;2;57;2;15;7;73;4;42;1;98;2;57;1;37;2;9;0;0;0;0;0;0;0;0;0;0;0;0;0;0;0;0;0;0;0;0;0;0;1;1;0;0;0;0;0;0;0;0;0;0;0;0;0;0;0;0;0;0;0;0;0;0;1;2;0;0;0;0;0;0;0;0;0;0
14.05.2024;12:50;A147;1;4;65;2;26;2;76;2;77;2;20;1;32;3;53;1;11;1;35;2;43;1;5;0;43;0;0;2;69;4;70;0;69;1;49;1;98;1;96;1;53;6;72;7;58;3;93;2;76;0;45;0;0;0;0;0;0;0;0;0;0;0;0;0;0;0;0;0;0;0;0;0;0;0;0;0;0;0;0;0;0;0;0;0;0;0;0;0;0;0;0;0;0;0;0;0;0;0;0;0;0;0;0;0;0;0;0;0;0;0;0
14.05.2024;12:49;A147;1;1;47;2;9;3;74;3;74;2;66;3;38;6;8;2;2;1;11;4;58;1;5;3;72;2;28;5;81;2;66;3;91;3;23;0;100;0;100;0;0;5;80;3;71;1;91;2;80;2;76;2;9;0;0;0;0;0;0;0;0;0;0;0;0;0;0;1;1;0;0;0;0;0;0;0;0;0;0;0;0;0;0;0;0;0;0;0;0;0;0;0;0;0;0;0;0;0;0;0;0;0;0;0;0;0;0;0;0;0;0
14.05.2024;12:48;A147;1;6;76;1;58;3;71;3;70;0;72;3;59;7;70;5;48;3;45;3;79;3;57;3;65;2;27;4;42;4;71;6;25;2;36;3;69;3;68;2;51;5;83;4;79;2;94;1;90;1;58;1;5;0;0;0;0;0;0;0;0;0;0;1;1;0;0;1;1;0;0;0;0;0;0;0;0;0;0;0;0;0;0;0;0;0;0;0;0;0;0;0;0;0;0;0;0;0;0;0;0;0;0;0;0;0;0;0;0;0;0
14.05.2024;12:47;A147;1;5;51;4;57;5;57;5;58;5;70;3;81;7;11;5;71;0;86;3;93;2;81;4;81;2;49;1;1;3;48;1;5;3;34;3;55;4;63;2;13;7;82;6;25;1;99;8;45;0;0;0;0;0;0;0;0;0;0;0;0;0;0;0;0;0;0;0;0;0;0;0;0;0;0;0;0;0;0;0;0;0;0;0;0;0;0;0;0;0;0;0;0;0;0;0;0;0;0;0;0;0;0;0;0;0;0;0;0;0;0
14.05.2024;12:46;A147;1;4;60;2;28;3;76;3;76;2;61;8;64;8;42;3;21;4;64;4;74;1;30;1;27;2;32;0;0;2;50;0;0;3;32;4;90;4;90;0;42;8;69;6;64;0;100;1;75;0;0;1;1;0;0;0;0;0;0;0;0;0;0;0;0;0;0;0;0;0;0;0;0;0;0;0;0;0;0;0;0;0;0;0;0;0;0;0;0;0;0;0;0;0;0;0;0;0;0;0;0;0;0;0;0;0;0;0;0;0;0
14.05.2024;12:45;A147;1;1;71;2;46;2;58;2;59;2;29;2;45;4;43;4;43;1;54;0;50;1;56;1;79;0;3;1;62;1;64;1;5;4;8;3;90;3;91;0;100;8;82;4;65;0;100;2;63;0;0;0;0;0;0;0;0;0;0;0;0;0;0;0;0;1;1;0;0;0;0;0;0;0;0;0;0;0;0;0;0;0;0;0;0;0;0;0;0;1;2;0;0;0;0;0;0;0;0;0;0;0;0;0;0;0;0;0;0;0;0
14.05.2024;12:44;A147;1;2;84;3;20;1;73;1;75;1;83;2;28;3;16;1;21;2;36;3;26;2;24;2;9;3;10;2;79;2;62;1;47;2;9;2;83;2;84;2;58;7;78;7;38;0;100;2;63;0;0;1;4;0;0;0;0;0;0;0;0;0;0;0;0;1;1;0;0;0;0;0;0;0;0;0;0;0;0;0;0;0;0;0;0;0;0;0;0;1;1;0;0;0;0;0;0;0;0;0;0;0;0;0;0;0;0;0;0;0;0
14.05.2024;12:43;A147;1;1;3;1;5;1;70;1;71;1;6;2;13;9;20;4;16;0;16;0;36;0;23;0;44;0;0;2;3;5;70;2;66;1;81;1;76;1;77;1;81;7;80;5;64;2;99;6;85;1;34;1;5;0;0;0;0;0;0;0;0;0;0;0;0;0;0;0;0;0;0;0;0;0;0;0;0;0;0;0;0;0;0;0;0;0;0;0;0;0;0;0;0;0;0;0;0;0;0;0;0;0;0;0;0;0;0;0;0;0;0
14.05.2024;12:42;A147;1;6;45;0;46;3;60;3;61;3;16;2;63;1;66;1;45;3;59;2;62;1;51;1;53;1;5;3;28;1;58;3;18;1;4;2;57;1;58;2;26;5;64;1;0;3;77;1;2;0;0;0;0;0;0;0;0;0;0;0;0;0;0;0;0;0;0;0;0;0;0;0;0;0;0;0;0;0;0;0;0;0;0;0;0;0;0;0;0;0;0;0;0;0;0;0;0;0;0;0;0;0;0;0;0;0;0;0;0;0;0
14.05.2024;12:41;A147;1;1;37;2;11;2;64;2;63;1;60;1;23;5;62;0;0;1;6;2;70;0;0;2;12;0;13;2;34;1;29;1;3;1;5;3;60;3;61;1;70;4;85;3;66;1;88;3;54;0;13;0;0;0;0;0;0;0;0;0;0;0;0;0;0;0;0;0;0;0;0;0;0;0;0;0;0;0;0;0;0;0;0;0;0;0;0;0;0;0;0;0;0;0;0;0;0;0;0;0;0;0;0;0;0;0;0;0;0;0;0
14.05.2024;12:40;A147;1;2;6;0;0;2;55;2;56;2;20;2;60;7;87;9;36;0;79;0;100;3;56;0;100;1;65;5;64;1;21;2;27;1;7;0;0;0;0;0;0;6;87;4;80;1;99;1;87;1;9;1;5;0;0;0;0;0;0;0;0;0;0;0;0;0;0;0;0;0;0;0;0;0;0;0;0;0;0;0;0;0;0;0;0;0;0;0;0;0;0;0;0;0;0;0;0;0;0;0;0;0;0;0;0;0;0;0;0;0;0
14.05.2024;12:39;A147;1;2;32;3;19;3;40;3;39;2;26;3;59;4;65;2;40;4;18;2;71;2;11;1;6;2;9;2;30;2;40;3;39;1;7;1;32;1;32;0;32;9;22;10;80;1;98;4;86;0;0;0;0;0;0;0;0;0;0;0;0;0;0;0;0;0;0;0;0;0;0;0;0;0;0;0;0;0;0;0;0;0;0;0;0;0;0;0;0;0;0;0;0;0;0;0;0;0;0;0;0;0;0;0;0;0;0;0;0;0;0
14.05.2024;12:38;A147;1;2;88;3;27;3;24;3;25;2;20;3;36;6;64;2;37;2;58;4;75;2;5;0;77;0;0;1;16;2;62;1;7;2;68;2;60;2;62;2;14;6;46;5;24;6;70;5;22;0;85;0;80;0;0;0;0;1;1;0;0;0;0;0;0;0;0;0;0;0;0;0;0;0;0;0;0;0;0;0;0;1;1;0;0;0;0;0;0;0;0;0;0;0;0;0;0;0;0;0;0;0;0;0;0;0;0;0;0;0;0
14.05.2024;12:37;A147;1;0;0;1;1;1;64;1;65;2;7;4;30;9;39;3;29;3;30;4;58;2;33;4;88;0;75;1;22;1;36;2;7;3;11;1;93;1;93;2;5;5;68;5;30;4;45;0;40;1;73;1;20;0;0;0;0;0;0;0;0;0;0;0;0;0;0;0;0;0;0;0;0;0;0;0;0;0;0;0;0;0;0;0;0;0;0;0;0;0;0;0;0;0;0;0;0;0;0;0;0;0;0;0;0;0;0;0;0;0;0
14.05.2024;12:36;A147;1;3;67;1;37;2;79;2;82;2;11;1;5;5;68;1;22;1;7;1;82;1;8;3;89;0;100;2;67;4;70;0;69;1;34;1;17;1;18;1;6;7;70;6;67;3;92;2;83;2;52;2;10;0;0;0;0;0;0;0;0;0;0;0;0;0;0;0;0;0;0;0;0;0;0;0;0;0;0;0;0;0;0;0;0;0;0;0;0;0;0;0;0;0;0;0;0;0;0;0;0;0;0;0;0;0;0;0;0;0;0
14.05.2024;12:35;A147;1;2;78;5;13;1;58;1;58;2;5;3;58;4;64;4;33;3;20;3;65;4;10;3;93;0;100;2;53;4;34;3;26;4;34;2;46;2;47;3;41;3;67;1;67;2;78;2;73;0;0;0;0;0;0;0;0;0;0;0;0;0;0;0;0;0;0;1;1;0;0;0;0;0;0;0;0;0;0;0;0;0;0;0;0;0;0;0;0;0;0;1;1;0;0;0;0;0;0;0;0;0;0;0;0;0;0;0;0;0;0
14.05.2024;12:34;A147;1;3;38;1;28;4;47;4;47;2;57;3;51;4;77;2;75;2;49;2;84;2;44;1;79;3;44;3;23;6;19;1;25;4;28;1;63;1;62;1;62;3;59;4;37;3;75;2;28;0;0;0;0;0;0;0;0;0;0;0;0;0;0;0;0;0;0;0;0;0;0;0;0;0;0;0;0;0;0;0;0;0;0;0;0;0;0;0;0;0;0;0;0;0;0;0;0;0;0;0;0;0;0;0;0;0;0;0;0;0;0
14.05.2024;12:33;A147;1;3;75;3;66;3;7;2;52;2;5;2;62;4;67;3;69;0;76;2;7;3;6;0;0;0;0;4;54;1;19;2;47;1;18;1;51;1;51;1;12;4;80;7;44;1;92;2;88;0;0;0;0;0;0;0;0;0;0;0;0;0;0;0;0;0;0;1;1;0;0;0;0;0;0;0;0;0;0;0;0;0;0;0;0;0;0;0;0;0;0;1;2;0;0;0;0;0;0;0;0;0;0;0;0;0;0;0;0;0;0
14.05.2024;12:32;A147;1;2;39;3;15;3;40;4;83;2;61;1;0;6;35;2;2;1;42;4;24;2;7;2;71;2;10;2;64;2;54;3;35;3;61;1;7;1;8;1;5;5;70;4;54;6;44;4;35;0;0;0;0;0;0;0;0;0;0;0;0;0;0;0;0;0;0;0;0;0;0;0;0;0;0;0;0;0;0;0;0;0;0;0;0;0;0;0;0;0;0;0;0;0;0;0;0;0;0;0;0;0;0;0;0;0;0;0;0;0;0
14.05.2024;12:31;A147;1;2;58;2;11;1;14;1;14;1;11;5;10;4;45;3;25;2;18;1;40;3;32;0;0;0;0;2;87;2;74;2;59;3;33;1;20;1;20;0;0;8;55;5;48;0;69;1;57;0;0;1;6;0;0;0;0;1;1;0;0;0;0;0;0;0;0;0;0;0;0;0;0;0;0;0;0;0;0;0;0;1;1;0;0;0;0;0;0;0;0;0;0;0;0;0;0;0;0;0;0;0;0;0;0;0;0;0;0;0;0
14.05.2024;12:30;A147;1;3;39;2;11;1;26;1;27;1;5;1;22;5;33;2;24;0;21;1;45;0;28;1;65;0;61;2;18;3;67;1;68;1;76;0;0;0;0;1;4;8;56;9;52;1;99;2;95;0;24;0;0;0;0;0;0;0;0;0;0;0;0;0;0;0;0;0;0;0;0;0;0;0;0;0;0;0;0;0;0;0;0;0;0;0;0;0;0;0;0;0;0;0;0;0;0;0;0;0;0;0;0;0;0;0;0;0;0;0;0
14.05.2024;12:29;A147;1;2;66;1;42;1;41;1;41;1;5;1;44;4;58;5;47;1;48;3;68;5;48;2;74;2;27;1;1;3;72;0;69;0;77;1;36;1;36;2;41;9;18;6;56;0;100;4;77;1;49;0;0;0;0;0;0;0;0;0;0;0;0;0;0;0;0;0;0;0;0;0;0;0;0;0;0;0;0;0;0;0;0;0;0;0;0;0;0;0;0;0;0;0;0;0;0;0;0;0;0;0;0;0;0;0;0;0;0;0;0
14.05.2024;12:28;A147;1;6;82;2;59;2;82;2;81;2;14;2;18;5;46;2;7;1;7;2;52;1;19;3;88;0;52;2;32;1;0;3;18;2;7;3;36;3;41;2;56;5;87;7;29;0;100;3;29;1;67;1;4;0;0;0;0;0;0;0;0;0;0;0;0;0;0;0;0;0;0;0;0;0;0;0;0;0;0;0;0;0;0;0;0;0;0;0;0;0;0;0;0;0;0;0;0;0;0;0;0;0;0;0;0;0;0;0;0;0;0
14.05.2024;12:27;A147;1;2;63;2;17;5;74;5;75;4;45;3;16;2;8;2;1;5;17;2;27;3;5;3;91;0;100;2;34;4;9;1;33;0;45;1;64;1;63;0;64;1;91;4;67;1;95;2;84;0;0;0;0;0;0;0;0;0;0;0;0;0;0;0;0;0;0;0;0;0;0;0;0;0;0;0;0;0;0;0;0;0;0;0;0;0;0;0;0;0;0;0;0;0;0;0;0;0;0;0;0;0;0;0;0;0;0;0;0;0;0
14.05.2024;12:26;A147;1;1;39;1;5;6;38;5;80;1;73;0;0;6;79;6;76;0;0;2;84;4;78;0;100;1;63;2;45;3;4;3;36;3;13;4;53;4;55;4;42;7;84;2;31;0;98;1;44;0;0;0;0;0;0;0;0;0;0;0;0;0;0;0;0;0;0;0;0;0;0;0;0;0;0;0;0;0;0;0;0;0;0;0;0;0;0;0;0;0;0;0;0;0;0;0;0;0;0;0;0;0;0;0;0;0;0;0;0;0;0
14.05.2024;12:25;A147;1;2;84;2;8;3;36;4;76;2;71;3;7;5;70;8;63;4;61;3;77;3;80;1;12;2;8;1;2;1;77;1;5;1;18;2;26;2;24;3;20;7;79;5;65;0;100;2;32;0;0;0;0;0;0;0;0;0;0;0;0;0;0;0;0;0;0;0;0;0;0;0;0;0;0;0;0;0;0;0;0;0;0;0;0;0;0;0;0;0;0;0;0;0;0;0;0;0;0;0;0;0;0;0;0;0;0;0;0;0;0
14.05.2024;12:24;A147;1;1;64;1;9;2;29;2;29;1;33;3;39;4;64;7;48;3;64;1;77;2;74;0;70;0;0;2;61;1;6;2;63;1;7;2;23;2;23;6;20;9;42;8;76;1;99;1;68;0;69;0;0;0;0;0;0;0;0;0;0;0;0;0;0;0;0;0;0;0;0;0;0;0;0;0;0;0;0;0;0;0;0;0;0;0;0;0;0;0;0;0;0;0;0;0;0;0;0;0;0;0;0;0;0;0;0;0;0;0;0
14.05.2024;12:23;A147;1;1;84;1;43;1;64;1;66;1;74;1;23;4;30;1;21;3;7;1;40;0;19;3;72;2;26;1;19;0;0;2;5;1;1;1;61;1;62;2;19;7;38;6;53;1;97;3;67;2;4;6;5;0;0;0;0;1;1;0;0;0;0;0;0;0;0;0;0;0;0;0;0;0;0;0;0;0;0;0;0;1;1;0;0;0;0;0;0;0;0;0;0;0;0;0;0;0;0;0;0;0;0;0;0;0;0;0;0;0;0
14.05.2024;12:22;A147;1;5;55;2;61;1;29;1;30;1;6;5;38;7;60;4;50;5;27;3;76;4;22;2;54;3;18;0;63;0;66;0;0;0;0;1;43;1;44;1;6;9;74;8;32;0;100;4;42;1;45;1;3;0;0;0;0;0;0;0;0;0;0;0;0;0;0;0;0;1;1;0;0;0;0;0;0;0;0;0;0;0;0;0;0;0;0;0;0;0;0;0;0;1;1;0;0;0;0;0;0;0;0;0;0;0;0;0;0;0;0
14.05.2024;12:21;A147;1;2;27;2;7;3;82;2;83;2;22;2;3;7;62;2;41;2;8;7;70;2;51;2;80;2;10;5;73;5;75;3;57;4;51;3;82;3;81;0;90;8;83;4;76;0;100;4;86;1;53;1;5;0;0;0;0;0;0;0;0;0;0;0;0;0;0;0;0;0;0;0;0;0;0;0;0;0;0;0;0;0;0;0;0;0;0;0;0;0;0;0;0;0;0;0;0;0;0;0;0;0;0;0;0;0;0;0;0;0;0
14.05.2024;12:20;A147;1;3;13;2;9;3;69;4;69;1;85;2;18;4;34;2;1;1;68;4;18;2;5;3;94;0;18;2;34;1;36;1;18;1;5;1;76;1;76;2;9;4;86;4;75;1;98;1;90;0;0;0;0;0;0;0;0;0;0;0;0;0;0;0;0;0;0;0;0;0;0;0;0;0;0;0;0;0;0;0;0;0;0;0;0;0;0;0;0;0;0;0;0;0;0;0;0;0;0;0;0;0;0;0;0;0;0;0;0;0;0
14.05.2024;12:19;A147;1;2;14;2;9;6;87;6;87;1;85;1;2;2;52;3;36;1;6;3;58;4;9;1;32;2;37;3;35;2;24;3;27;2;25;3;93;3;93;1;54;5;47;4;54;3;61;4;54;0;0;0;0;0;0;0;0;0;0;0;0;0;0;0;0;0;0;0;0;0;0;0;0;0;0;0;0;0;0;0;0;0;0;0;0;0;0;0;0;0;0;0;0;0;0;0;0;0;0;0;0;0;0;0;0;0;0;0;0;0;0
14.05.2024;12:18;A147;1;6;19;5;24;3;87;3;88;4;71;9;45;4;40;2;30;2;62;4;11;2;9;3;78;3;44;3;28;1;58;1;9;2;29;1;2;1;3;1;13;6;64;6;45;3;26;4;18;0;91;0;0;0;0;0;0;0;0;0;0;0;0;1;1;1;1;0;0;0;0;0;0;0;0;0;0;0;0;0;0;0;0;0;0;0;0;0;0;0;0;0;0;0;0;0;0;0;0;0;0;0;0;0;0;0;0;0;0;0;0
14.05.2024;12:17;A147;1;2;38;2;37;1;49;1;49;1;5;2;40;5;49;4;44;2;55;0;59;0;49;1;16;1;4;1;35;2;49;2;29;4;12;0;0;0;0;0;0;4;52;0;41;4;57;0;0;1;6;1;3;0;0;0;0;0;0;0;0;0;0;0;0;0;0;0;0;0;0;0;0;0;0;0;0;0;0;0;0;0;0;0;0;0;0;0;0;0;0;0;0;0;0;0;0;0;0;0;0;0;0;0;0;0;0;0;0;0;0
14.05.2024;12:16;A147;1;1;76;1;3;3;30;3;31;2;10;3;55;4;63;2;51;3;51;2;73;3;32;2;35;2;9;2;2;1;1;2;8;1;5;0;2;0;1;0;0;7;51;3;9;4;65;3;13;2;73;0;73;0;0;0;0;0;0;0;0;0;0;0;0;0;0;0;0;1;1;0;0;0;0;0;0;0;0;0;0;0;0;0;0;0;0;0;0;0;0;0;0;0;0;0;0;0;0;0;0;0;0;0;0;0;0;0;0;0;0
14.05.2024;12:15;A147;1;2;51;2;9;2;55;2;56;2;54;2;8;5;41;7;34;1;13;3;38;1;32;1;44;1;7;1;34;3;60;1;8;4;29;1;88;1;89;1;92;6;48;5;12;2;67;0;23;1;63;2;13;0;0;0;0;0;0;0;0;0;0;0;0;1;1;0;0;0;0;0;0;0;0;0;0;0;0;0;0;0;0;0;0;0;0;0;0;1;2;0;0;0;0;0;0;0;0;0;0;0;0;0;0;0;0;0;0;0;0
14.05.2024;12:14;A147;1;3;58;4;39;2;85;2;84;1;18;2;54;1;48;1;48;2;63;1;53;2;36;4;69;3;17;4;61;3;42;0;67;4;21;2;48;2;49;1;59;7;10;4;56;2;99;3;74;2;54;1;38;0;0;0;0;0;0;0;0;0;0;0;0;0;0;0;0;0;0;0;0;0;0;0;0;0;0;0;0;0;0;0;0;0;0;0;0;0;0;0;0;0;0;0;0;0;0;0;0;0;0;0;0;0;0;0;0;0;0
14.05.2024;12:13;A147;1;2;45;3;9;5;80;5;81;3;90;2;70;5;83;2;69;2;73;1;95;2;72;3;19;1;16;3;68;1;32;4;44;1;32;1;0;0;0;0;0;2;93;3;69;0;100;16;80;1;92;2;60;0;0;0;0;0;0;0;0;0;0;0;0;0;0;0;0;0;0;0;0;0;0;0;0;0;0;0;0;0;0;0;0;0;0;0;0;0;0;1;1;0;0;0;0;0;0;0;0;0;0;0;0;0;0;0;0;0;0
14.05.2024;12:12;A147;1;6;22;1;34;5;47;4;93;1;97;3;4;3;41;2;8;2;11;3;11;1;14;1;98;1;24;2;63;3;25;2;11;3;25;1;45;4;4;1;5;7;86;8;82;0;100;0;94;1;13;1;4;0;0;0;0;0;0;0;0;0;0;0;0;0;0;1;1;0;0;0;0;0;0;0;0;0;0;0;0;0;0;0;0;0;0;0;0;0;0;0;0;0;0;0;0;0;0;0;0;0;0;0;0;0;0;0;0;0;0
14.05.2024;12:11;A147;1;3;46;3;37;1;32;2;61;1;40;3;60;6;57;3;53;0;65;0;66;1;44;1;97;0;100;6;22;3;28;1;24;2;41;1;29;1;4;0;0;8;80;10;71;1;99;2;96;1;79;1;5;0;0;0;0;1;1;0;0;0;0;0;0;0;0;0;0;0;0;0;0;0;0;0;0;0;0;0;0;1;1;0;0;0;0;0;0;0;0;0;0;0;0;0;0;0;0;0;0;0;0;0;0;0;0;0;0;0;0
14.05.2024;12:10;A147;1;2;33;1;42;5;67;5;69;7;25;2;49;4;43;3;5;1;55;2;56;2;22;3;92;1;76;2;63;1;68;3;73;1;76;0;12;0;11;0;0;5;75;2;26;2;88;3;31;0;0;0;0;0;0;0;0;0;0;0;0;0;0;0;0;0;0;0;0;0;0;0;0;0;0;0;0;0;0;0;0;0;0;0;0;0;0;0;0;0;0;0;0;0;0;0;0;0;0;0;0;0;0;0;0;0;0;0;0;0;0
14.05.2024;12:09;A147;1;1;1;2;5;4;90;4;92;3;24;3;75;9;61;5;26;3;70;0;100;2;31;2;46;2;20;3;65;1;30;2;68;2;10;1;77;1;77;1;5;6;64;0;0;4;70;0;0;0;56;0;0;0;0;0;0;0;0;0;0;0;0;0;0;0;0;0;0;0;0;0;0;0;0;0;0;0;0;0;0;0;0;0;0;0;0;0;0;0;0;0;0;0;0;0;0;0;0;0;0;0;0;0;0;0;0;0;0;0;0
14.05.2024;12:08;A147;1;1;16;1;5;1;86;1;87;2;86;9;49;13;18;10;29;4;60;7;59;4;38;1;47;1;5;1;1;0;0;1;5;0;0;2;34;2;36;2;26;7;43;3;10;4;30;1;12;1;1;1;6;0;0;0;0;0;0;0;0;0;0;0;0;0;0;0;0;0;0;0;0;0;0;0;0;0;0;0;0;0;0;0;0;0;0;0;0;0;0;0;0;0;0;0;0;0;0;0;0;0;0;0;0;0;0;0;0;0;0
14.05.2024;12:07;A147;1;3;24;3;12;0;77;0;77;2;6;2;61;2;71;2;76;2;69;4;78;3;55;1;35;1;5;2;30;5;53;2;31;3;64;2;67;2;66;2;44;5;32;2;34;3;28;2;45;0;22;0;0;0;0;0;0;0;0;0;0;0;0;0;0;0;0;0;0;0;0;0;0;0;0;0;0;0;0;0;0;0;0;0;0;0;0;0;0;0;0;0;0;0;0;0;0;0;0;0;0;0;0;0;0;0;0;0;0;0;0
14.05.2024;12:06;A147;1;3;31;1;5;2;18;2;19;1;4;1;18;1;0;1;0;1;4;0;1;1;2;1;12;0;0;3;37;4;50;0;42;4;52;3;67;3;67;0;73;4;81;3;54;2;98;3;18;1;55;1;4;0;0;0;0;0;0;0;0;0;0;0;0;0;0;0;0;0;0;0;0;0;0;0;0;0;0;0;0;0;0;0;0;0;0;0;0;0;0;0;0;0;0;0;0;0;0;0;0;0;0;0;0;0;0;0;0;0;0
14.05.2024;12:05;A147;1;2;39;3;12;0;53;0;52;0;0;5;42;8;64;3;53;4;33;2;92;3;10;1;71;2;9;5;78;4;46;3;92;2;69;2;94;2;94;3;89;6;83;3;75;0;99;3;7;1;1;1;3;0;0;0;0;0;0;0;0;0;0;0;0;0;0;0;0;0;0;0;0;0;0;0;0;0;0;0;0;0;0;0;0;0;0;0;0;0;0;0;0;0;0;0;0;0;0;0;0;0;0;0;0;0;0;0;0;0;0
14.05.2024;12:04;A147;1;4;29;1;17;3;81;3;83;1;40;1;1;1;0;1;1;1;3;1;1;1;2;1;17;1;6;3;80;1;30;3;87;5;19;3;76;3;76;2;48;9;79;6;64;1;98;3;83;0;0;1;1;0;0;0;0;0;0;0;0;0;0;0;0;0;0;0;0;0;0;0;0;0;0;0;0;0;0;0;0;0;0;0;0;0;0;0;0;0;0;0;0;0;0;0;0;0;0;0;0;0;0;0;0;0;0;0;0;0;0
14.05.2024;12:03;A147;1;1;73;4;48;2;2;2;2;2;9;1;9;8;46;3;43;1;9;0;60;1;40;1;79;0;4;0;0;0;0;0;0;0;0;2;30;2;30;3;15;7;79;7;53;1;97;2;74;0;0;0;0;0;0;0;0;0;0;0;0;0;0;1;1;0;0;0;0;0;0;0;0;0;0;0;0;0;0;0;0;0;0;0;0;0;0;0;0;0;0;0;0;0;0;0;0;0;0;0;0;0;0;0;0;0;0;0;0;0;0
14.05.2024;12:02;A147;1;2;77;2;42;2;7;3;5;4;40;1;1;3;39;1;8;1;4;3;49;1;6;3;47;3;18;1;18;4;86;1;6;3;85;2;58;2;60;2;14;9;73;6;52;2;90;1;69;1;61;1;7;0;0;0;0;0;0;0;0;0;0;0;0;0;0;0;0;0;0;0;0;0;0;0;0;0;0;0;0;0;0;0;0;0;0;0;0;1;1;0;0;0;0;0;0;0;0;0;0;0;0;0;0;0;0;0;0;0;0
14.05.2024;12:01;A147;1;2;46;3;18;1;75;1;76;2;77;3;3;5;14;3;7;1;10;3;21;2;9;1;45;1;5;2;2;2;2;2;7;2;8;2;56;2;55;2;45;5;83;8;71;0;100;3;90;1;18;1;4;0;0;0;0;0;0;0;0;0;0;0;0;0;0;0;0;0;0;0;0;0;0;0;0;0;0;0;0;0;0;0;0;0;0;0;0;0;0;0;0;0;0;0;0;0;0;0;0;0;0;0;0;0;0;0;0;0;0
14.05.2024;12:00;A147;1;3;45;3;30;5;77;5;78;3;58;0;0;2;75;2;64;0;0;4;73;2;44;2;95;1;5;2;41;1;45;2;10;1;2;3;55;3;55;2;56;6;83;5;74;0;100;3;81;0;27;0;0;0;0;0;0;0;0;0;0;0;0;0;0;1;1;0;0;0;0;0;0;0;0;0;0;0;0;0;0;0;0;0;0;0;0;0;0;1;1;0;0;0;0;0;0;0;0;0;0;0;0;0;0;0;0;0;0;0;0
14.05.2024;11:59;A147;1;0;39;1;5;1;74;1;73;1;5;0;0;6;78;2;72;0;0;2;93;2;8;5;89;1;40;1;47;2;45;2;27;2;10;0;66;0;65;1;4;5;84;2;77;0;100;3;68;1;37;1;6;0;0;0;0;0;0;0;0;0;0;0;0;0;0;0;0;0;0;0;0;0;0;0;0;0;0;0;0;0;0;0;0;0;0;0;0;0;0;0;0;0;0;0;0;0;0;0;0;0;0;0;0;0;0;0;0;0;0
14.05.2024;11:58;A147;1;3;22;2;10;3;80;3;81;2;57;4;71;8;75;7;49;1;94;4;91;7;48;2;93;0;100;5;71;2;33;2;68;1;9;1;31;1;32;1;6;4;91;8;73;0;100;0;95;0;0;0;0;0;0;0;0;1;1;0;0;0;0;0;0;1;1;0;0;0;0;0;0;0;0;0;0;0;0;0;0;1;1;0;0;0;0;0;0;1;1;0;0;0;0;0;0;0;0;0;0;0;0;0;0;0;0;0;0;0;0
14.05.2024;11:57;A147;1;1;5;1;9;3;81;3;81;4;19;0;0;5;68;1;56;2;6;2;80;0;1;2;81;2;88;4;89;1;20;1;76;2;15;2;12;2;12;2;12;5;87;5;68;0;100;4;79;1;83;1;6;0;0;0;0;0;0;0;0;0;0;0;0;0;0;0;0;0;0;0;0;0;0;0;0;0;0;0;0;0;0;0;0;0;0;0;0;0;0;0;0;0;0;0;0;0;0;0;0;0;0;0;0;0;0;0;0;0;0
14.05.2024;11:56;A147;1;1;82;2;86;1;45;1;45;6;20;2;2;6;44;1;40;1;6;3;58;2;5;3;50;3;48;1;92;2;88;2;91;3;76;2;19;2;19;1;16;8;67;4;27;2;96;4;43;0;0;0;0;0;0;0;0;0;0;0;0;0;0;1;1;0;0;0;0;0;0;0;0;0;0;0;0;0;0;0;0;0;0;0;0;0;0;1;1;0;0;0;0;0;0;0;0;0;0;0;0;0;0;0;0;0;0;0;0;0;0
14.05.2024;11:55;A147;1;1;79;1;6;4;39;3;41;2;10;5;28;7;75;8;49;0;46;1;96;4;44;1;63;1;4;3;79;6;82;1;88;1;59;3;58;3;59;1;10;8;72;4;3;5;91;3;12;0;0;0;0;0;0;0;0;0;0;0;0;0;0;0;0;0;0;0;0;0;0;0;0;0;0;0;0;0;0;0;0;0;0;0;0;0;0;0;0;0;0;0;0;0;0;0;0;0;0;0;0;0;0;0;0;0;0;0;0;0;0
14.05.2024;11:54;A147;1;3;51;4;13;1;96;2;97;3;51;2;43;5;29;0;0;3;44;2;63;1;7;1;29;1;5;2;22;2;53;3;14;3;18;1;95;1;94;0;100;7;33;3;3;7;48;3;8;1;2;1;6;0;0;0;0;1;1;0;0;0;0;0;0;0;0;0;0;0;0;0;0;0;0;0;0;0;0;0;0;0;0;0;0;0;0;0;0;0;0;0;0;0;0;0;0;0;0;0;0;0;0;0;0;0;0;0;0;0;0
14.05.2024;11:53;A147;1;1;1;2;8;2;33;2;34;2;38;4;87;6;75;5;67;2;95;0;100;1;79;0;0;0;0;3;25;2;48;3;12;2;8;3;40;3;41;6;38;6;88;7;86;2;91;2;97;0;0;0;0;0;0;0;0;0;0;0;0;0;0;0;0;0;0;0;0;0;0;0;0;0;0;0;0;0;0;0;0;0;0;0;0;0;0;0;0;0;0;0;0;0;0;0;0;0;0;0;0;0;0;0;0;0;0;0;0;0;0
14.05.2024;11:52;A147;1;2;32;0;33;1;3;0;63;0;0;4;61;4;57;5;36;2;69;0;100;2;53;0;11;0;0;2;76;2;51;2;14;2;8;2;66;2;65;0;67;2;77;3;5;1;90;2;75;0;15;0;12;0;0;0;0;0;0;0;0;0;0;0;0;0;0;0;0;0;0;0;0;0;0;0;0;0;0;0;0;0;0;0;0;0;0;1;1;0;0;0;0;0;0;0;0;0;0;0;0;0;0;0;0;0;0;0;0;0;0
14.05.2024;11:51;A147;1;6;77;2;97;1;48;2;50;2;47;1;1;4;70;2;36;2;59;2;90;2;10;1;71;1;10;5;40;0;0;2;36;2;3;3;26;3;25;4;34;7;57;5;80;2;77;2;73;1;85;1;92;0;0;0;0;0;0;0;0;0;0;0;0;0;0;1;1;0;0;0;0;0;0;0;0;0;0;0;0;0;0;0;0;0;0;0;0;0;0;0;0;0;0;0;0;0;0;0;0;0;0;0;0;0;0;0;0;0;0
14.05.2024;11:50;A147;1;3;69;4;37;2;52;2;53;3;19;0;0;6;57;2;1;0;0;6;16;2;4;2;94;1;4;3;76;1;0;2;55;1;3;1;16;1;16;1;4;7;66;8;71;1;81;5;50;0;0;0;0;0;0;0;0;0;0;0;0;0;0;0;0;0;0;0;0;0;0;0;0;0;0;0;0;0;0;0;0;0;0;0;0;0;0;0;0;0;0;0;0;0;0;0;0;0;0;0;0;0;0;0;0;0;0;0;0;0;0
14.05.2024;11:49;A147;1;1;59;2;12;3;25;3;26;2;25;2;42;4;5;1;41;0;46;4;11;1;3;1;80;2;11;2;76;1;0;3;71;1;16;2;16;2;16;1;22;9;72;9;62;3;97;4;64;0;0;0;0;0;0;0;0;0;0;0;0;0;0;0;0;0;0;0;0;0;0;0;0;0;0;0;0;0;0;0;0;0;0;0;0;0;0;0;0;0;0;0;0;0;0;0;0;0;0;0;0;0;0;0;0;0;0;0;0;0;0
14.05.2024;11:48;A147;1;3;74;2;68;1;80;1;81;2;71;4;48;10;32;3;14;4;59;8;48;3;12;1;75;1;5;3;25;0;0;2;17;2;65;1;56;1;87;2;25;10;56;3;26;0;100;3;49;0;0;0;0;0;0;0;0;0;0;0;0;0;0;0;0;0;0;0;0;0;0;0;0;0;0;0;0;0;0;0;0;0;0;0;0;0;0;0;0;0;0;0;0;0;0;0;0;0;0;0;0;0;0;0;0;0;0;0;0;0;0
14.05.2024;11:47;A147;1;3;70;0;69;2;89;2;90;1;94;2;23;4;71;1;0;2;32;5;81;0;5;1;62;1;4;3;14;2;72;2;20;0;72;1;46;1;47;1;6;10;21;8;35;3;93;5;55;1;36;0;0;0;0;0;0;0;0;0;0;0;0;0;0;0;0;0;0;0;0;0;0;0;0;0;0;0;0;0;0;0;0;0;0;0;0;0;0;0;0;0;0;0;0;0;0;0;0;0;0;0;0;0;0;0;0;0;0;0;0
14.05.2024;11:46;A147;1;7;80;5;81;3;79;3;80;1;99;3;48;4;15;1;0;5;53;1;24;2;9;0;25;0;0;2;45;1;18;1;10;2;11;1;82;1;81;2;8;5;85;1;60;1;99;2;64;0;0;1;3;0;0;0;0;0;0;0;0;0;0;0;0;0;0;0;0;0;0;0;0;0;0;0;0;0;0;0;0;0;0;0;0;0;0;0;0;0;0;0;0;0;0;0;0;0;0;0;0;0;0;0;0;0;0;0;0;0;0
14.05.2024;11:45;A147;1;2;7;2;8;3;69;3;68;4;32;1;2;5;73;5;64;7;16;3;85;5;71;2;75;2;9;2;34;1;2;2;16;1;5;3;41;3;42;3;20;5;77;2;70;1;90;2;57;0;0;0;0;0;0;0;0;0;0;0;0;0;0;0;0;0;0;0;0;0;0;0;0;0;0;0;0;0;0;0;0;0;0;0;0;0;0;0;0;0;0;0;0;0;0;0;0;0;0;0;0;0;0;0;0;0;0;0;0;0;0
14.05.2024;11:44;A147;1;1;1;1;6;5;87;5;88;0;61;2;3;6;60;0;0;2;9;5;75;0;0;1;64;1;5;3;78;0;15;4;30;0;0;2;51;2;51;0;56;5;84;8;84;1;97;0;94;0;0;0;0;0;0;0;0;0;0;0;0;0;0;0;0;0;0;0;0;0;0;0;0;0;0;0;0;0;0;0;0;0;0;0;0;0;0;0;0;0;0;0;0;0;0;0;0;0;0;0;0;0;0;0;0;0;0;0;0;0;0
14.05.2024;11:43;A147;1;1;3;1;0;0;100;0;100;2;73;2;53;9;58;6;55;1;17;5;76;0;65;3;46;0;50;4;19;2;27;4;17;2;11;2;28;1;29;1;35;4;90;7;84;0;100;1;99;0;0;0;0;0;0;0;0;0;0;0;0;0;0;0;0;0;0;0;0;0;0;0;0;0;0;0;0;0;0;0;0;0;0;0;0;0;0;0;0;0;0;0;0;0;0;0;0;0;0;0;0;0;0;0;0;0;0;0;0;0;0
14.05.2024;11:42;A147;1;0;0;1;4;2;56;2;56;2;40;3;39;5;50;4;78;2;48;6;65;3;58;1;77;3;34;1;23;1;5;2;31;1;5;2;54;2;52;2;10;6;74;7;45;2;97;5;56;0;0;0;0;0;0;0;0;0;0;0;0;0;0;0;0;0;0;0;0;0;0;0;0;0;0;0;0;0;0;0;0;0;0;0;0;0;0;0;0;0;0;0;0;0;0;0;0;0;0;0;0;0;0;0;0;0;0;0;0;0;0
14.05.2024;11:41;A147;1;0;0;0;0;1;34;1;35;1;4;1;15;3;26;4;32;1;7;0;31;2;41;0;0;0;0;2;2;4;66;2;7;3;26;3;85;3;86;3;10;8;25;3;1;9;38;3;6;0;56;0;0;0;0;0;0;0;0;0;0;0;0;0;0;0;0;0;0;0;0;0;0;0;0;1;1;0;0;0;0;0;0;0;0;0;0;0;0;0;0;0;0;0;0;0;0;0;0;1;1;0;0;0;0;0;0;0;0;0;0
14.05.2024;11:40;A147;1;2;72;1;56;0;0;0;0;1;4;1;6;2;21;1;9;0;11;2;23;1;17;0;45;0;0;0;0;3;15;1;6;3;21;1;97;1;97;1;51;5;18;2;8;0;23;0;9;1;38;1;5;0;0;0;0;0;0;0;0;0;0;0;0;0;0;0;0;0;0;0;0;0;0;0;0;0;0;0;0;0;0;0;0;0;0;0;0;0;0;0;0;0;0;0;0;0;0;0;0;0;0;0;0;0;0;0;0;0;0
14.05.2024;11:39;A147;1;1;4;1;6;5;54;5;54;5;35;3;91;5;56;3;3;1;99;2;80;1;5;4;58;1;38;2;15;1;48;1;21;2;16;4;88;4;88;3;97;4;29;1;21;3;47;2;23;0;35;0;32;0;0;0;0;0;0;0;0;0;0;0;0;0;0;0;0;0;0;0;0;0;0;0;0;0;0;0;0;0;0;0;0;0;0;0;0;0;0;0;0;0;0;0;0;0;0;0;0;0;0;0;0;0;0;0;0;0;0
14.05.2024;11:38;A147;1;0;29;0;0;0;0;0;0;0;0;4;74;5;69;4;71;1;89;3;60;2;79;2;58;4;16;5;39;3;10;5;37;2;3;2;70;2;70;2;48;5;76;2;1;5;85;1;5;1;45;1;51;0;0;0;0;0;0;0;0;0;0;0;0;1;2;0;0;0;0;0;0;0;0;0;0;0;0;0;0;0;0;0;0;0;0;0;0;1;3;0;0;0;0;0;0;0;0;0;0;0;0;0;0;0;0;0;0;0;0
14.05.2024;11:37;A147;1;5;44;2;35;3;52;3;52;1;40;2;5;4;60;2;33;1;8;1;73;2;11;1;2;0;2;4;24;3;17;5;15;0;23;1;16;1;16;1;6;5;86;5;85;1;97;3;69;0;0;0;0;0;0;0;0;0;0;0;0;0;0;0;0;1;1;0;0;0;0;0;0;0;0;0;0;0;0;0;0;0;0;0;0;0;0;0;0;1;0;0;0;0;0;0;0;0;0;0;0;0;0;0;0;0;0;0;0;0;0
14.05.2024;11:36;A147;1;2;77;4;30;3;48;3;50;2;16;1;1;10;65;3;59;2;6;5;80;1;66;3;50;4;53;2;75;4;67;2;9;2;45;2;7;2;8;1;16;4;66;3;42;2;77;3;51;0;0;0;0;0;0;0;0;0;0;0;0;0;0;0;0;0;0;0;0;0;0;0;0;0;0;0;0;0;0;0;0;0;0;0;0;0;0;0;0;0;0;0;0;0;0;0;0;0;0;0;0;0;0;0;0;0;0;0;0;0;0
14.05.2024;11:35;A147;1;2;78;2;51;2;15;2;15;1;59;0;0;6;49;4;44;3;55;4;79;2;54;1;46;1;5;2;78;1;33;2;15;2;24;2;15;2;15;0;15;9;42;1;1;4;74;1;6;0;77;0;0;0;0;0;0;0;0;0;0;0;0;0;0;0;0;0;0;0;0;0;0;0;0;0;0;0;0;0;0;0;0;0;0;0;0;0;0;0;0;0;0;0;0;0;0;0;0;0;0;0;0;0;0;0;0;0;0;0;0
14.05.2024;11:34;A147;1;4;83;8;60;2;78;2;79;4;41;0;0;5;4;3;34;0;0;5;51;4;23;0;0;0;0;3;39;3;61;3;12;3;50;2;52;2;53;1;68;6;40;6;29;2;52;4;25;1;58;1;5;0;0;0;0;0;0;0;0;0;0;0;0;0;0;0;0;0;0;0;0;0;0;0;0;0;0;0;0;0;0;0;0;0;0;0;0;0;0;0;0;0;0;0;0;0;0;0;0;0;0;0;0;0;0;0;0;0;0
14.05.2024;11:33;A147;1;2;11;2;9;2;39;2;39;1;7;2;16;7;22;4;17;0;21;0;32;1;22;1;47;0;5;4;76;6;71;1;84;0;82;1;55;1;56;2;14;7;80;4;69;2;78;1;28;1;49;1;4;0;0;0;0;0;0;0;0;0;0;0;0;0;0;0;0;0;0;0;0;0;0;0;0;0;0;0;0;0;0;0;0;0;0;0;0;0;0;0;0;0;0;0;0;0;0;0;0;0;0;0;0;0;0;0;0;0;0
14.05.2024;11:32;A147;1;2;36;1;3;2;87;2;87;1;33;1;30;5;57;1;67;2;27;2;71;2;32;3;69;2;36;3;76;1;67;4;78;2;39;1;49;1;49;1;12;7;72;5;63;1;89;4;76;0;26;0;0;0;0;0;0;0;0;0;0;0;0;0;0;0;0;0;0;0;0;0;0;0;0;0;0;0;0;0;0;0;0;0;0;0;0;0;0;0;0;0;0;0;0;0;0;0;0;0;0;0;0;0;0;0;0;0;0;0;0
14.05.2024;11:31;A147;1;2;31;1;23;3;13;3;14;2;12;4;86;4;80;3;55;3;90;1;94;1;64;2;90;2;32;2;63;4;40;3;17;3;53;0;0;1;0;0;0;3;87;3;67;1;98;1;82;1;44;1;20;0;0;0;0;0;0;0;0;0;0;0;0;0;0;0;0;0;0;0;0;0;0;0;0;0;0;0;0;0;0;0;0;0;0;0;0;0;0;0;0;0;0;0;0;0;0;0;0;0;0;0;0;0;0;0;0;0;0
14.05.2024;11:30;A147;1;8;27;2;34;3;36;3;37;2;8;2;66;5;12;2;40;1;67;5;17;3;11;1;74;2;8;3;27;2;58;2;13;2;57;0;0;0;0;0;0;7;74;4;70;2;91;2;56;1;93;0;100;0;0;0;0;0;0;0;0;0;0;1;1;0;0;0;0;0;0;0;0;0;0;0;0;0;0;0;0;0;0;0;0;0;0;1;1;0;0;0;0;0;0;0;0;0;0;0;0;0;0;0;0;0;0;0;0;0;0
14.05.2024;11:29;A147;1;4;56;3;49;4;15;4;16;2;49;1;16;0;56;0;59;1;49;0;0;0;0;3;85;0;89;2;76;4;39;2;23;4;34;2;35;2;34;0;36;7;79;3;65;0;79;3;17;0;0;1;0;0;0;0;0;0;0;0;0;0;0;0;0;0;0;2;3;0;0;0;0;0;0;0;0;0;0;0;0;0;0;0;0;0;0;0;0;0;0;0;0;0;0;0;0;0;0;0;0;0;0;0;0;0;0;0;0;0;0
14.05.2024;11:28;A147;1;1;90;3;44;2;29;2;15;4;22;2;39;7;52;2;8;2;8;6;44;2;6;2;94;1;86;2;32;2;85;3;14;3;64;3;80;3;80;2;82;3;42;2;41;4;12;1;25;0;0;0;0;0;0;0;0;0;0;0;0;0;0;0;0;0;0;0;0;0;0;0;0;0;0;0;0;0;0;0;0;0;0;0;0;0;0;0;0;0;0;0;0;0;0;0;0;0;0;0;0;0;0;0;0;0;0;0;0;0;0
14.05.2024;11:27;A147;1;1;31;1;8;3;76;3;77;11;23;6;81;6;57;4;26;3;49;4;46;4;15;3;90;3;26;1;37;1;82;1;7;1;72;3;93;3;93;6;31;4;29;4;29;2;42;3;20;1;63;0;61;0;0;0;0;0;0;0;0;0;0;0;0;0;0;0;0;0;0;0;0;0;0;0;0;0;0;1;1;0;0;0;0;0;0;0;0;0;0;0;0;0;0;0;0;0;0;0;0;0;0;0;0;0;0;0;0;0;0
14.05.2024;11:26;A147;1;3;72;2;7;2;64;2;65;1;74;6;56;7;50;6;30;4;54;5;62;3;28;2;64;2;10;2;47;5;41;4;23;4;47;1;98;1;98;0;100;6;77;6;20;2;94;5;21;1;30;2;11;0;0;0;0;0;0;0;0;0;0;0;0;0;0;0;0;0;0;0;0;0;0;0;0;0;0;0;0;0;0;0;0;0;0;0;0;0;0;0;0;0;0;0;0;0;0;0;0;0;0;0;0;0;0;0;0;0;0
14.05.2024;11:25;A147;1;5;63;4;61;5;10;4;87;2;65;1;49;1;72;1;59;1;78;1;79;1;68;4;50;2;30;0;0;5;49;0;0;3;31;3;89;5;59;0;100;4;59;1;0;3;68;2;3;2;26;0;28;0;0;0;0;0;0;0;0;0;0;0;0;0;0;0;0;0;0;0;0;0;0;0;0;0;0;0;0;0;0;0;0;0;0;0;0;0;0;0;0;0;0;0;0;0;0;0;0;0;0;0;0;0;0;0;0;0;0
14.05.2024;11:24;A147;1;3;40;2;5;1;5;2;7;2;23;2;10;7;19;1;1;1;23;6;40;1;81;4;38;4;18;2;1;3;33;2;6;2;41;3;52;3;53;3;66;3;86;4;24;1;97;4;28;1;62;2;68;0;0;0;0;0;0;0;0;0;0;0;0;0;0;0;0;0;0;0;0;0;0;0;0;0;0;0;0;0;0;0;0;0;0;0;0;0;0;0;0;0;0;0;0;0;0;0;0;0;0;0;0;0;0;0;0;0;0
14.05.2024;11:23;A147;1;3;24;3;15;2;19;3;19;4;14;4;82;8;80;6;78;1;90;1;99;1;83;1;31;2;12;1;2;3;72;0;11;2;43;1;52;1;51;2;54;6;83;5;75;1;95;6;84;0;0;0;0;0;0;0;0;0;0;0;0;0;0;0;0;0;0;0;0;0;0;0;0;0;0;0;0;0;0;0;0;0;0;0;0;0;0;0;0;0;0;0;0;0;0;0;0;0;0;0;0;0;0;0;0;0;0;0;0;0;0
14.05.2024;11:22;A147;1;0;1;0;0;1;29;1;29;0;0;3;58;1;6;2;10;3;42;2;10;2;7;1;52;1;3;2;2;5;63;3;71;24;52;3;69;3;69;3;78;6;67;5;64;5;73;5;64;1;10;1;7;0;0;0;0;0;0;0;0;0;0;0;0;0;0;0;0;0;0;0;0;0;0;0;0;0;0;0;0;0;0;0;0;0;0;0;0;0;0;0;0;0;0;0;0;0;0;0;0;0;0;0;0;0;0;0;0;0;0
14.05.2024;11:21;A147;1;1;12;1;4;3;46;3;46;2;37;1;4;4;46;2;40;0;40;0;52;0;39;1;79;0;0;1;85;1;86;2;7;2;41;4;92;4;94;1;70;8;52;6;63;3;72;3;61;0;0;0;0;0;0;0;0;0;0;0;0;0;0;0;0;0;0;0;0;0;0;0;0;0;0;0;0;0;0;0;0;0;0;0;0;0;0;0;0;0;0;0;0;0;0;0;0;0;0;0;0;0;0;0;0;0;0;0;0;0;0
14.05.2024;11:20;A147;1;1;13;1;4;1;72;1;73;3;48;0;0;4;58;4;32;1;40;4;48;4;49;2;61;1;50;2;3;1;82;1;89;2;5;2;86;2;87;3;65;8;81;7;65;0;100;4;72;1;14;1;6;0;0;0;0;0;0;0;0;0;0;0;0;0;0;0;0;0;0;0;0;0;0;0;0;0;0;0;0;0;0;0;0;0;0;0;0;0;0;0;0;0;0;0;0;0;0;0;0;0;0;0;0;0;0;0;0;0;0
14.05.2024;11:19;A147;1;2;24;3;16;2;15;2;16;3;10;5;12;8;38;6;4;3;24;6;28;3;12;2;47;1;7;1;30;3;70;0;100;3;17;2;56;2;58;1;65;6;59;6;43;3;74;5;60;0;0;0;0;0;0;0;0;0;0;0;0;0;0;0;0;0;0;0;0;0;0;0;0;0;0;0;0;0;0;0;0;0;0;0;0;0;0;0;0;0;0;0;0;0;0;0;0;0;0;0;0;0;0;0;0;0;0;0;0;0;0
14.05.2024;11:18;A147;1;2;30;1;5;1;49;1;50;1;5;3;66;3;59;3;29;1;99;2;56;3;19;3;92;0;42;1;44;3;37;3;74;3;41;2;22;2;27;1;37;4;85;2;36;2;98;2;19;0;0;0;0;0;0;0;0;0;0;0;0;0;0;0;0;0;0;0;0;0;0;0;0;0;0;0;0;1;1;0;0;0;0;0;0;0;0;0;0;0;0;0;0;0;0;0;0;0;0;0;0;0;0;0;0;0;0;0;0;0;0
14.05.2024;11:17;A147;1;1;1;2;5;2;71;2;71;0;72;4;82;2;91;4;67;1;96;1;77;1;82;1;83;3;52;4;38;2;36;3;12;1;2;3;67;3;66;0;74;3;2;2;23;1;13;3;9;0;0;0;0;0;0;0;0;0;0;0;0;0;0;0;0;0;0;0;0;0;0;0;0;0;0;0;0;0;0;0;0;0;0;0;0;0;0;0;0;0;0;0;0;0;0;0;0;0;0;0;0;0;0;0;0;0;0;0;0;0;0
14.05.2024;11:16;A147;1;2;15;0;16;2;63;2;63;2;54;0;0;6;52;1;27;0;0;6;27;1;5;0;0;0;0;4;21;2;61;5;32;3;11;5;87;5;88;2;91;7;86;6;80;0;98;4;81;0;0;1;60;0;0;0;0;0;0;0;0;0;0;0;0;0;0;0;0;0;0;0;0;0;0;0;0;0;0;0;0;0;0;0;0;0;0;0;0;0;0;0;0;0;0;0;0;0;0;0;0;0;0;0;0;0;0;0;0;0;0
14.05.2024;11:15;A147;1;1;42;2;39;3;50;3;58;2;12;2;2;4;22;2;1;3;11;2;36;2;6;1;30;1;4;2;76;3;34;4;23;3;31;2;83;2;83;3;69;6;50;7;41;3;76;5;36;1;83;2;22;0;0;0;0;0;0;0;0;0;0;0;0;0;0;0;0;0;0;0;0;0;0;0;0;0;0;0;0;0;0;0;0;0;0;0;0;0;0;0;0;0;0;0;0;0;0;0;0;0;0;0;0;0;0;0;0;0;0
14.05.2024;11:14;A147;1;1;28;2;9;4;27;5;28;2;80;4;46;3;40;1;40;3;47;2;7;1;6;3;71;1;79;1;37;2;27;1;43;14;22;4;82;4;82;2;61;1;42;5;41;1;44;4;14;0;0;0;0;0;0;0;0;0;0;0;0;0;0;0;0;0;0;0;0;0;0;0;0;0;0;0;0;1;1;0;0;0;0;0;0;0;0;0;0;0;0;0;0;0;0;0;0;0;0;0;0;0;0;0;0;0;0;0;0;0;0
14.05.2024;11:13;A147;1;5;87;1;65;2;85;2;86;3;84;3;27;7;77;7;30;3;48;1;62;2;43;3;64;1;46;1;2;2;72;1;6;3;38;3;13;2;14;2;20;7;72;5;66;2;85;2;37;0;0;0;24;0;0;0;0;0;0;0;0;0;0;0;0;0;0;0;0;1;1;0;0;0;0;0;0;0;0;0;0;0;0;0;0;0;0;0;0;0;0;0;0;1;1;0;0;0;0;0;0;0;0;0;0;0;0;0;0;0;0
14.05.2024;11:12;A147;1;2;68;2;12;2;39;2;40;1;45;2;47;4;88;7;55;0;100;3;97;1;76;2;76;2;12;2;1;3;23;2;4;3;12;2;93;3;93;17;95;7;84;4;15;1;95;4;39;0;0;2;7;0;0;0;0;0;0;0;0;0;0;0;0;0;0;0;0;0;0;0;0;0;0;0;0;0;0;0;0;0;0;0;0;0;0;0;0;0;0;0;0;0;0;0;0;0;0;0;0;0;0;0;0;0;0;0;0;0;0
14.05.2024;11:11;A147;1;6;68;1;72;0;0;0;0;0;0;0;0;5;60;1;55;1;61;4;72;1;61;1;61;2;13;2;1;1;1;3;5;1;4;2;90;2;90;2;98;5;85;1;67;1;98;3;70;0;0;0;0;0;0;0;0;0;0;0;0;0;0;0;0;0;0;0;0;0;0;0;0;0;0;0;0;0;0;0;0;0;0;0;0;0;0;0;0;0;0;0;0;0;0;0;0;0;0;0;0;0;0;0;0;0;0;0;0;0;0
14.05.2024;11:10;A147;1;3;49;3;49;1;56;1;56;0;0;2;28;1;20;0;0;1;33;1;4;0;0;1;13;1;5;3;21;4;24;1;30;2;26;2;87;2;87;4;41;4;76;6;82;1;91;3;55;0;0;0;0;0;0;0;0;0;0;0;0;0;0;0;0;0;0;0;0;0;0;0;0;0;0;0;0;0;0;0;0;0;0;0;0;0;0;0;0;0;0;0;0;0;0;0;0;0;0;0;0;0;0;0;0;0;0;0;0;0;0
14.05.2024;11:09;A147;1;3;59;2;33;3;51;3;50;7;33;2;58;3;61;2;46;2;50;2;53;2;52;0;0;0;0;5;80;2;29;2;79;3;32;4;50;4;51;3;20;6;82;4;77;1;99;4;83;0;0;0;0;0;0;0;0;0;0;0;0;0;0;0;0;0;0;0;0;0;0;0;0;0;0;0;0;0;0;0;0;0;0;0;0;0;0;0;0;0;0;0;0;0;0;0;0;0;0;0;0;0;0;0;0;0;0;0;0;0;0
14.05.2024;11:08;A147;1;3;76;1;85;2;73;2;73;6;73;1;1;5;53;2;1;1;3;3;11;2;5;1;97;1;8;2;92;2;4;2;72;0;7;2;33;2;32;0;35;7;71;2;63;3;83;3;38;1;75;1;6;0;0;0;0;0;0;0;0;0;0;0;0;0;0;0;0;0;0;0;0;0;0;0;0;0;0;0;0;0;0;0;0;0;0;0;0;0;0;0;0;0;0;0;0;0;0;0;0;0;0;0;0;0;0;0;0;0;0
14.05.2024;11:07;A147;1;2;40;2;17;3;83;3;83;4;17;2;10;10;47;3;43;2;14;7;71;0;47;5;77;3;51;2;75;2;47;2;65;3;28;2;92;2;92;0;100;8;68;8;64;4;76;5;63;0;0;0;0;0;0;0;0;0;0;0;0;0;0;0;0;0;0;0;0;0;0;0;0;0;0;0;0;0;0;0;0;0;0;0;0;0;0;0;0;0;0;0;0;0;0;0;0;0;0;0;0;0;0;0;0;0;0;0;0;0;0
14.05.2024;11:06;A147;1;3;45;5;39;1;81;1;81;1;11;2;25;5;46;5;52;0;28;1;65;2;55;1;54;1;5;0;0;1;1;0;0;1;2;2;47;2;47;3;49;5;68;4;62;4;85;3;53;1;11;1;3;0;0;0;0;0;0;0;0;0;0;0;0;0;0;0;0;0;0;0;0;0;0;0;0;0;0;0;0;0;0;0;0;0;0;0;0;0;0;0;0;0;0;0;0;0;0;0;0;0;0;0;0;0;0;0;0;0;0
14.05.2024;11:05;A147;1;3;66;1;42;2;3;2;80;2;60;1;31;7;51;3;31;2;18;7;68;3;41;1;44;1;3;3;69;3;23;3;62;2;25;2;96;1;96;15;97;8;59;8;52;3;86;3;75;0;44;0;0;0;0;0;0;0;0;0;0;0;0;1;1;0;0;0;0;0;0;0;0;0;0;0;0;0;0;0;0;0;0;0;0;0;0;1;1;0;0;0;0;0;0;0;0;0;0;0;0;0;0;0;0;0;0;0;0;0;0
14.05.2024;11:04;A147;1;5;45;2;48;2;57;2;58;1;12;1;1;3;4;0;0;2;7;2;11;1;2;1;47;1;4;4;51;4;39;3;38;1;50;0;0;1;2;1;10;1;0;1;62;2;77;1;71;1;52;1;7;0;0;0;0;0;0;0;0;0;0;0;0;0;0;0;0;0;0;0;0;0;0;0;0;0;0;0;0;0;0;0;0;0;0;0;0;0;0;0;0;0;0;0;0;0;0;0;0;0;0;0;0;0;0;0;0;0;0
14.05.2024;11:03;A147;1;1;68;2;15;4;40;4;40;0;45;2;3;6;26;4;5;3;13;5;40;3;27;1;10;0;0;1;26;1;59;1;4;2;45;4;35;4;35;3;42;6;73;4;6;3;84;3;44;0;9;0;0;0;0;0;0;0;0;0;0;0;0;1;1;2;3;0;0;0;0;0;0;0;0;0;0;0;0;0;0;0;0;0;0;0;0;0;0;0;0;0;0;0;0;0;0;0;0;0;0;0;0;0;0;0;0;0;0;0;0
14.05.2024;11:02;A147;1;1;4;0;0;6;86;6;87;0;100;0;71;4;74;2;75;0;70;3;78;0;79;0;100;0;0;0;0;1;1;1;0;2;5;2;49;2;48;2;12;4;77;5;61;0;85;6;65;1;10;2;10;0;0;0;0;0;0;0;0;0;0;0;0;0;0;0;0;0;0;0;0;0;0;0;0;0;0;0;0;0;0;0;0;0;0;0;0;0;0;0;0;0;0;0;0;0;0;0;0;0;0;0;0;0;0;0;0;0;0
14.05.2024;11:01;A147;1;1;47;2;9;2;72;2;72;2;44;5;69;3;35;2;6;3;85;6;23;3;9;1;8;2;11;4;7;3;3;2;11;3;13;2;40;2;41;2;3;8;79;7;50;0;100;1;73;0;0;0;0;0;0;0;0;0;0;0;0;0;0;0;0;0;0;0;0;0;0;0;0;0;0;0;0;0;0;0;0;0;0;0;0;0;0;0;0;0;0;0;0;0;0;0;0;0;0;0;0;0;0;0;0;0;0;0;0;0;0
14.05.2024;11:00;A147;1;2;56;2;10;2;62;2;62;3;42;1;19;3;46;2;43;2;71;1;57;0;44;0;0;0;0;4;52;1;0;7;55;1;3;2;19;3;19;0;24;9;72;4;46;1;97;1;54;0;0;0;0;0;0;0;0;0;0;0;0;0;0;0;0;0;0;0;0;0;0;0;0;0;0;0;0;0;0;0;0;0;0;0;0;0;0;0;0;0;0;0;0;0;0;0;0;0;0;0;0;0;0;0;0;0;0;0;0;0;0
14.05.2024;10:59;A147;1;3;86;34;73;2;28;2;29;0;79;4;35;6;67;3;49;1;52;6;52;3;37;1;3;1;3;4;85;2;81;3;23;2;32;2;67;2;67;2;43;7;80;3;59;0;100;3;59;0;61;0;0;0;0;0;0;0;0;0;0;0;0;0;0;0;0;0;0;1;1;0;0;0;0;0;0;0;0;0;0;0;0;0;0;0;0;0;0;0;0;0;0;1;1;0;0;0;0;0;0;0;0;0;0;0;0;0;0;0;0
14.05.2024;10:58;A147;1;1;10;4;16;2;33;2;34;5;27;2;60;8;22;6;8;3;70;6;40;2;18;0;0;0;0;2;31;1;58;3;18;1;58;5;84;5;85;1;96;7;64;3;49;5;79;5;47;1;11;1;5;0;0;0;0;0;0;0;0;0;0;0;0;0;0;0;0;0;0;0;0;0;0;0;0;0;0;0;0;0;0;0;0;0;0;0;0;0;0;0;0;0;0;0;0;0;0;0;0;0;0;0;0;0;0;0;0;0;0
14.05.2024;10:57;A147;1;2;9;2;8;0;0;0;0;0;0;4;27;3;33;1;11;4;28;3;24;2;24;2;29;1;15;5;10;2;59;6;51;2;31;0;0;0;0;1;4;5;78;4;4;1;89;1;12;0;0;0;0;0;0;0;0;0;0;0;0;0;0;0;0;0;0;0;0;0;0;0;0;0;0;0;0;0;0;0;0;0;0;0;0;0;0;0;0;0;0;0;0;0;0;0;0;0;0;0;0;0;0;0;0;0;0;0;0;0;0
14.05.2024;10:56;A147;1;3;26;1;11;2;2;2;2;3;10;0;0;1;42;1;38;0;0;1;9;1;9;2;73;1;4;3;35;3;75;2;45;2;47;2;66;2;66;0;70;1;88;4;57;1;98;1;70;0;7;0;0;0;0;0;0;0;0;0;0;0;0;0;0;0;0;0;0;0;0;0;0;0;0;0;0;0;0;0;0;0;0;0;0;0;0;0;0;0;0;0;0;0;0;0;0;0;0;0;0;0;0;0;0;0;0;0;0;0;0
14.05.2024;10:55;A147;1;2;24;1;23;2;52;2;52;3;14;1;32;6;67;1;43;1;6;2;79;1;5;2;97;1;7;1;61;2;50;2;22;2;41;3;54;3;55;1;66;3;78;4;44;0;86;3;18;1;73;1;4;0;0;0;0;0;0;0;0;0;0;0;0;0;0;0;0;0;0;0;0;0;0;0;0;0;0;0;0;0;0;0;0;0;0;0;0;0;0;0;0;0;0;0;0;0;0;0;0;0;0;0;0;0;0;0;0;0;0
14.05.2024;10:54;A147;1;2;68;3;25;3;77;3;78;2;35;3;58;0;52;1;0;2;35;0;0;1;1;1;98;1;65;0;0;1;26;0;0;2;13;2;50;2;50;8;33;6;52;1;56;5;63;1;29;0;0;0;0;0;0;0;0;0;0;0;0;0;0;1;1;0;0;0;0;1;1;0;0;0;0;0;0;0;0;0;0;0;0;0;0;0;0;1;1;0;0;0;0;0;0;0;0;0;0;0;0;0;0;0;0;0;0;0;0;0;0
14.05.2024;10:53;A147;1;2;22;3;8;1;9;1;11;1;21;4;53;10;71;5;24;2;45;4;63;4;46;1;5;1;5;1;64;2;26;1;5;3;8;3;72;2;73;3;7;2;21;3;30;2;31;4;17;0;0;0;0;0;0;0;0;0;0;0;0;0;0;0;0;0;0;0;0;0;0;0;0;0;0;0;0;0;0;0;0;0;0;0;0;0;0;0;0;0;0;0;0;0;0;0;0;0;0;0;0;0;0;0;0;0;0;0;0;0;0
14.05.2024;10:52;A147;1;1;71;1;8;1;1;0;1;1;2;0;0;1;4;2;1;2;8;2;16;1;4;1;62;1;5;2;28;2;34;2;33;1;43;1;0;2;0;1;10;5;26;5;26;1;36;0;33;0;0;0;0;0;0;0;0;0;0;0;0;0;0;0;0;0;0;0;0;0;0;0;0;0;0;0;0;0;0;0;0;0;0;0;0;0;0;0;0;0;0;1;1;0;0;0;0;0;0;0;0;0;0;0;0;0;0;0;0;0;0
14.05.2024;10:51;A147;1;2;71;2;31;1;17;2;17;2;13;3;8;9;12;4;6;4;15;5;30;3;14;2;95;1;16;5;44;1;62;2;42;1;2;1;76;1;76;2;2;8;77;3;67;1;98;3;77;0;0;0;0;0;0;0;0;0;0;0;0;0;0;0;0;0;0;0;0;0;0;0;0;0;0;0;0;0;0;0;0;0;0;0;0;0;0;0;0;0;0;0;0;0;0;0;0;0;0;0;0;0;0;0;0;0;0;0;0;0;0
14.05.2024;10:50;A147;1;3;59;1;65;2;55;2;56;2;34;1;75;2;69;1;22;1;5;3;47;3;16;3;44;3;15;4;47;3;20;1;52;3;11;2;58;2;58;1;66;4;78;4;37;4;68;3;13;0;28;0;0;0;0;0;0;0;0;0;0;0;0;0;0;0;0;0;0;0;0;0;0;0;0;0;0;0;0;0;0;0;0;0;0;0;0;0;0;0;0;0;0;0;0;0;0;0;0;0;0;0;0;0;0;0;0;0;0;0;0
14.05.2024;10:49;A147;1;3;67;4;44;0;0;0;0;0;0;4;81;5;80;2;67;2;77;2;94;2;54;2;92;0;23;3;32;4;36;2;15;1;41;0;0;0;0;0;0;6;81;3;59;2;95;4;22;1;46;1;5;0;0;0;0;0;0;0;0;0;0;0;0;0;0;0;0;0;0;0;0;0;0;0;0;0;0;0;0;0;0;0;0;0;0;0;0;0;0;0;0;0;0;0;0;0;0;0;0;0;0;0;0;0;0;0;0;0;0
14.05.2024;10:48;A147;1;3;63;3;13;1;10;1;11;2;12;2;28;1;0;1;0;2;16;1;3;1;2;1;96;2;22;2;28;3;48;1;17;3;37;3;57;3;56;1;57;6;14;5;70;0;100;2;64;1;31;1;7;0;0;0;0;0;0;0;0;0;0;0;0;0;0;0;0;0;0;0;0;0;0;0;0;0;0;0;0;0;0;0;0;0;0;0;0;0;0;0;0;0;0;0;0;0;0;0;0;0;0;0;0;0;0;0;0;0;0
14.05.2024;10:47;A147;1;1;7;2;8;1;15;1;15;1;3;4;64;5;60;5;52;1;63;1;72;1;54;2;97;1;65;2;18;1;75;2;23;2;38;4;38;3;41;1;52;9;69;4;59;1;99;2;72;0;0;0;0;0;0;0;0;0;0;0;0;0;0;0;0;0;0;0;0;0;0;0;0;0;0;0;0;0;0;0;0;0;0;0;0;0;0;0;0;0;0;0;0;0;0;0;0;0;0;0;0;0;0;0;0;0;0;0;0;0;0
14.05.2024;10:46;A147;1;1;73;1;4;2;2;2;3;1;3;3;53;4;61;1;38;1;68;2;59;2;46;5;85;5;45;3;84;2;48;4;39;3;21;4;74;4;60;2;79;5;75;5;82;5;80;5;88;0;64;0;0;0;0;0;0;0;0;0;0;0;0;0;0;1;1;0;0;0;0;0;0;0;0;0;0;0;0;0;0;0;0;0;0;0;0;0;0;0;0;0;0;0;0;0;0;0;0;0;0;0;0;0;0;0;0;0;0;0;0
14.05.2024;10:45;A147;1;3;21;3;23;3;7;3;6;1;11;4;15;7;51;4;4;5;38;8;59;5;13;2;63;3;14;5;35;4;73;2;44;2;75;1;59;1;60;2;38;8;78;5;69;1;99;6;30;1;4;1;4;0;0;0;0;0;0;0;0;0;0;0;0;0;0;0;0;0;0;0;0;0;0;0;0;0;0;0;0;0;0;0;0;0;0;0;0;0;0;0;0;0;0;0;0;0;0;0;0;0;0;0;0;0;0;0;0;0;0
14.05.2024;10:44;A147;1;2;48;2;11;1;92;1;93;1;43;8;18;11;53;4;6;1;35;4;64;3;11;3;75;1;51;4;83;1;61;1;84;1;7;1;96;1;96;1;21;7;66;7;68;4;79;4;31;0;0;0;0;0;0;0;0;0;0;0;0;0;0;0;0;0;0;0;0;0;0;0;0;0;0;0;0;0;0;0;0;0;0;0;0;0;0;0;0;0;0;0;0;0;0;0;0;0;0;0;0;0;0;0;0;0;0;0;0;0;0
14.05.2024;10:43;A147;1;4;50;0;59;2;3;2;26;2;6;1;71;4;67;2;48;2;63;4;67;2;11;1;1;1;8;6;57;2;4;1;72;4;20;2;12;2;13;3;9;7;86;3;78;1;99;3;86;0;0;0;0;0;0;0;0;0;0;0;0;0;0;0;0;0;0;0;0;0;0;0;0;0;0;0;0;0;0;0;0;0;0;0;0;0;0;0;0;0;0;0;0;0;0;0;0;0;0;0;0;0;0;0;0;0;0;0;0;0;0
14.05.2024;10:42;A147;1;2;61;4;27;2;57;1;64;4;71;2;74;2;93;5;89;0;100;0;100;2;98;1;11;0;9;2;63;3;34;1;85;1;41;1;63;1;63;12;39;2;86;2;79;1;96;1;85;0;0;1;78;0;0;0;0;0;0;0;0;0;0;0;0;0;0;0;0;0;0;0;0;0;0;0;0;0;0;0;0;0;0;0;0;0;0;0;0;0;0;0;0;0;0;0;0;0;0;0;0;0;0;0;0;0;0;0;0;0;0
14.05.2024;10:41;A147;1;5;52;4;41;2;79;3;69;3;30;1;1;9;63;6;47;2;10;2;87;3;79;1;93;2;53;0;0;1;63;1;39;2;49;1;17;1;17;20;18;4;85;1;75;1;94;1;50;0;0;0;0;0;0;0;0;0;0;0;0;0;0;0;0;0;0;0;0;0;0;0;0;0;0;0;0;0;0;0;0;0;0;0;0;0;0;0;0;0;0;0;0;0;0;0;0;0;0;0;0;0;0;0;0;0;0;0;0;0;0
14.05.2024;10:40;A147;1;5;75;4;65;1;73;1;72;1;5;2;13;2;1;0;0;3;7;3;7;1;0;2;94;0;100;1;1;3;18;2;1;2;10;0;29;0;29;0;0;5;66;6;32;2;83;6;21;0;0;0;0;0;0;0;0;0;0;0;0;0;0;3;6;0;0;0;0;0;0;0;0;0;0;0;0;0;0;0;0;0;0;0;0;0;0;1;1;0;0;0;0;0;0;0;0;0;0;0;0;0;0;0;0;0;0;0;0;0;0
14.05.2024;10:39;A147;1;1;81;3;24;2;49;2;50;2;8;4;45;6;47;0;0;2;55;5;28;0;0;2;97;0;100;1;11;2;69;3;4;3;64;1;18;1;19;1;7;5;68;2;41;4;73;1;42;0;0;0;0;0;0;0;0;0;0;0;0;0;0;0;0;0;0;0;0;0;0;0;0;0;0;0;0;0;0;0;0;0;0;0;0;0;0;0;0;0;0;0;0;0;0;0;0;0;0;0;0;0;0;0;0;0;0;0;0;0;0
14.05.2024;10:38;A147;1;2;65;2;9;2;28;2;29;2;7;3;28;5;29;5;9;3;34;3;38;2;22;1;96;0;100;1;79;1;19;1;2;2;7;2;7;2;7;2;10;10;76;7;35;0;100;2;49;0;0;0;0;1;1;0;0;0;0;0;0;0;0;1;1;0;0;1;1;0;0;0;0;0;0;0;0;1;1;0;0;0;0;0;0;0;0;1;3;0;0;1;2;0;0;0;0;0;0;0;0;0;0;0;0;0;0;0;0;0;0
14.05.2024;10:37;A147;1;0;0;0;0;1;50;1;51;2;11;1;10;3;19;1;13;1;7;1;24;2;11;3;90;1;72;3;30;0;0;5;25;0;0;1;69;1;70;1;75;8;79;4;20;2;92;2;30;0;0;0;0;0;0;0;0;0;0;0;0;0;0;0;0;1;1;0;0;0;0;0;0;0;0;0;0;0;0;0;0;0;0;0;0;0;0;0;0;0;0;0;0;1;1;0;0;0;0;0;0;0;0;0;0;0;0;0;0;0;0
14.05.2024;10:36;A147;1;2;59;0;58;2;67;2;67;2;8;4;7;9;77;5;6;1;15;4;89;4;18;3;92;0;100;1;50;1;1;0;0;1;3;1;4;1;4;1;8;6;85;3;76;1;92;4;73;0;0;0;0;0;0;1;1;0;0;0;0;0;0;0;0;1;1;0;0;0;0;0;0;0;0;0;0;0;0;0;0;0;0;0;0;0;0;0;0;1;1;0;0;0;0;0;0;0;0;0;0;0;0;0;0;0;0;0;0;0;0
14.05.2024;10:35;A147;1;3;23;4;19;2;52;2;53;1;59;1;79;1;95;1;77;1;88;1;75;2;38;1;78;3;53;2;56;1;0;3;18;1;2;1;7;1;7;1;9;1;63;2;49;2;28;1;9;0;0;0;0;0;0;0;0;0;0;0;0;0;0;1;1;0;0;0;0;0;0;0;0;0;0;0;0;0;0;0;0;0;0;0;0;0;0;0;0;0;0;0;0;0;0;0;0;0;0;0;0;0;0;0;0;0;0;0;0;0;0
14.05.2024;10:34;A147;1;5;79;1;30;0;48;0;48;1;1;0;0;7;14;5;75;1;7;3;96;1;83;1;1;0;0;2;61;0;15;2;62;0;0;1;50;1;49;0;47;5;56;4;50;10;47;5;38;0;0;0;0;0;0;0;0;1;1;0;0;0;0;0;0;0;0;0;0;0;0;0;0;0;0;0;0;0;0;0;0;1;1;0;0;0;0;0;0;0;0;0;0;0;0;0;0;0;0;0;0;0;0;0;0;0;0;0;0;0;0
14.05.2024;10:33;A147;1;4;59;3;57;6;66;6;67;1;52;3;45;4;35;2;26;2;51;3;40;2;37;1;95;1;16;4;10;1;33;1;99;3;20;1;79;1;79;3;48;5;77;7;72;1;87;0;83;1;26;1;6;0;0;0;0;0;0;0;0;0;0;0;0;0;0;0;0;0;0;0;0;0;0;0;0;0;0;0;0;0;0;0;0;0;0;0;0;0;0;0;0;0;0;0;0;0;0;0;0;0;0;0;0;0;0;0;0;0;0
14.05.2024;10:32;A147;1;1;57;3;27;1;90;1;90;4;64;3;3;4;2;2;1;2;9;4;9;1;3;4;70;4;52;1;98;1;97;1;62;1;90;1;88;1;89;1;97;4;32;2;19;5;43;2;28;0;0;0;0;0;0;0;0;0;0;0;0;0;0;0;0;0;0;0;0;0;0;0;0;0;0;0;0;0;0;0;0;0;0;0;0;0;0;0;0;0;0;0;0;0;0;0;0;0;0;0;0;0;0;0;0;0;0;0;0;0;0
14.05.2024;10:31;A147;1;0;0;0;0;0;0;0;0;0;0;4;34;9;32;3;1;4;39;7;41;3;6;4;84;2;50;1;25;1;27;2;22;2;11;1;3;1;3;2;3;9;73;3;28;3;91;3;12;0;0;0;0;0;0;0;0;0;0;0;0;0;0;0;0;0;0;0;0;0;0;0;0;0;0;0;0;0;0;0;0;0;0;0;0;0;0;0;0;0;0;0;0;0;0;0;0;0;0;0;0;0;0;0;0;0;0;0;0;0;0
14.05.2024;10:30;A147;1;2;51;2;17;2;89;2;90;2;13;2;7;4;7;4;4;3;23;2;22;0;9;3;47;1;50;2;75;0;0;0;76;0;0;3;83;3;84;23;81;10;67;4;19;5;78;2;14;0;0;0;0;0;0;0;0;0;0;0;0;0;0;0;0;0;0;0;0;0;0;0;0;0;0;0;0;0;0;0;0;0;0;0;0;0;0;0;0;0;0;0;0;0;0;0;0;0;0;0;0;0;0;0;0;0;0;0;0;0;0
14.05.2024;10:29;A147;1;0;0;1;1;3;74;3;74;2;74;2;66;3;82;5;56;0;100;2;91;2;69;4;90;1;95;4;15;3;37;6;15;0;43;1;54;1;54;2;8;3;80;4;62;2;93;5;43;0;0;0;0;0;0;0;0;0;0;0;0;0;0;0;0;0;0;0;0;0;0;0;0;0;0;0;0;0;0;0;0;0;0;0;0;0;0;0;0;0;0;0;0;0;0;0;0;0;0;0;0;0;0;0;0;0;0;0;0;0;0
14.05.2024;10:28;A147;1;2;31;2;10;5;81;5;82;2;77;2;31;5;84;3;33;2;95;0;100;3;43;2;97;0;100;1;28;5;79;1;3;3;55;1;48;1;49;0;67;3;88;3;70;3;84;3;72;0;10;0;0;0;0;0;0;0;0;0;0;0;0;0;0;0;0;0;0;0;0;0;0;0;0;0;0;0;0;0;0;0;0;0;0;0;0;0;0;0;0;0;0;0;0;0;0;0;0;0;0;0;0;0;0;0;0;0;0;0;0
14.05.2024;10:27;A147;1;3;40;3;11;3;24;3;26;4;38;4;23;8;66;5;21;2;34;4;88;5;24;3;59;1;95;1;57;2;24;1;3;2;20;1;46;1;45;2;1;5;86;4;65;0;95;5;19;1;36;1;5;0;0;0;0;0;0;0;0;0;0;0;0;0;0;0;0;0;0;0;0;0;0;0;0;0;0;0;0;0;0;0;0;0;0;0;0;0;0;0;0;0;0;0;0;0;0;0;0;0;0;0;0;0;0;0;0;0;0
14.05.2024;10:26;A147;1;1;65;1;4;3;32;3;32;3;28;4;22;4;54;3;57;0;66;1;61;2;52;1;95;0;100;2;55;2;14;2;8;2;16;4;93;4;94;0;44;9;78;2;58;0;100;2;10;0;0;0;0;0;0;0;0;0;0;0;0;0;0;0;0;0;0;0;0;0;0;0;0;0;0;0;0;0;0;0;0;0;0;0;0;0;0;0;0;0;0;0;0;0;0;0;0;0;0;0;0;0;0;0;0;0;0;0;0;0;0
14.05.2024;10:25;A147;1;1;20;1;7;0;100;0;100;1;6;3;6;8;33;5;21;4;28;7;48;6;31;4;88;1;78;1;8;2;19;1;6;3;21;1;94;1;96;0;100;9;75;3;31;2;98;2;35;0;0;0;0;0;0;0;0;0;0;0;0;0;0;0;0;0;0;0;0;0;0;0;0;0;0;0;0;0;0;0;0;0;0;0;0;0;0;0;0;0;0;0;0;0;0;0;0;0;0;0;0;0;0;0;0;0;0;0;0;0;0
14.05.2024;10:24;A147;1;2;4;2;11;4;62;4;63;3;50;2;24;1;6;0;0;3;10;2;8;0;0;1;12;1;8;0;0;3;60;1;1;3;12;4;43;4;45;2;20;8;60;5;75;0;100;6;61;0;0;0;0;0;0;0;0;0;0;0;0;0;0;0;0;0;0;0;0;0;0;0;0;0;0;0;0;0;0;0;0;0;0;0;0;0;0;0;0;0;0;0;0;0;0;0;0;0;0;0;0;0;0;0;0;0;0;0;0;0;0
14.05.2024;10:23;A147;1;1;3;1;4;0;0;0;0;1;2;2;28;10;20;4;2;3;21;1;37;4;9;1;50;0;0;2;27;4;44;1;32;4;22;1;96;1;96;4;95;4;8;1;9;7;70;1;5;0;0;0;0;0;0;0;0;0;0;0;0;0;0;0;0;0;0;0;0;0;0;0;0;0;0;0;0;0;0;0;0;0;0;0;0;0;0;0;0;0;0;0;0;0;0;0;0;0;0;0;0;0;0;0;0;0;0;0;0;0;0
14.05.2024;10:22;A147;1;4;52;0;56;1;80;1;80;1;8;1;41;1;65;0;0;1;7;1;71;0;0;1;68;2;9;0;45;2;54;1;17;1;38;4;51;4;53;5;55;8;76;1;0;2;30;1;2;0;22;0;0;0;0;0;0;0;0;0;0;0;0;0;0;1;1;0;0;0;0;0;0;0;0;0;0;0;0;0;0;0;0;0;0;0;0;0;0;0;0;0;0;0;0;0;0;0;0;0;0;0;0;0;0;0;0;0;0;0;0
14.05.2024;10:21;A147;1;3;35;5;36;2;75;2;76;2;11;0;0;3;67;4;61;1;67;1;77;3;70;1;10;1;3;3;73;1;41;2;14;1;9;1;63;1;62;1;47;4;79;4;11;2;95;3;18;1;41;1;4;0;0;0;0;0;0;0;0;0;0;0;0;0;0;0;0;0;0;0;0;0;0;0;0;0;0;0;0;0;0;0;0;0;0;0;0;0;0;0;0;0;0;0;0;0;0;0;0;0;0;0;0;0;0;0;0;0;0
14.05.2024;10:20;A147;1;1;13;0;0;4;62;4;63;2;59;3;3;5;49;1;67;9;13;6;61;1;5;1;48;1;4;2;21;3;4;2;13;3;17;1;27;1;28;1;5;4;34;4;38;4;33;5;53;0;0;0;0;0;0;0;0;0;0;0;0;0;0;0;0;0;0;0;0;0;0;0;0;0;0;0;0;0;0;0;0;0;0;0;0;0;0;0;0;0;0;0;0;0;0;0;0;0;0;0;0;0;0;0;0;0;0;0;0;0;0
14.05.2024;10:19;A147;1;2;41;2;11;4;87;4;88;3;69;1;21;5;59;3;60;1;24;3;64;3;44;1;55;1;3;1;74;1;2;1;6;1;1;2;33;2;32;1;7;6;52;5;61;5;71;2;69;2;69;2;20;0;0;0;0;0;0;0;0;0;0;0;0;0;0;0;0;0;0;0;0;0;0;0;0;0;0;0;0;0;0;0;0;0;0;0;0;0;0;0;0;0;0;0;0;0;0;0;0;0;0;0;0;0;0;0;0;0;0
14.05.2024;10:18;A147;1;2;74;3;45;2;71;2;72;3;50;1;1;2;34;2;10;1;6;3;29;2;16;0;0;0;0;0;0;1;66;0;0;1;74;1;22;1;23;1;5;6;46;2;36;5;58;2;9;0;74;0;0;0;0;0;0;0;0;0;0;0;0;0;0;0;0;0;0;0;0;0;0;0;0;0;0;0;0;0;0;0;0;0;0;0;0;0;0;0;0;0;0;0;0;0;0;0;0;0;0;0;0;0;0;0;0;0;0;0;0
14.05.2024;10:17;A147;1;4;71;3;49;4;90;4;91;0;18;3;26;7;31;4;2;1;32;4;49;4;9;2;64;1;54;1;1;2;57;1;2;2;12;3;6;2;5;0;7;6;70;1;0;6;73;2;5;1;46;1;5;0;0;0;0;0;0;0;0;0;0;0;0;0;0;0;0;0;0;0;0;0;0;1;1;0;0;0;0;0;0;0;0;0;0;0;0;0;0;0;0;0;0;0;0;0;0;0;0;0;0;0;0;0;0;0;0;0;0
14.05.2024;10:16;A147;1;3;15;4;22;1;73;1;74;1;24;0;3;6;70;4;3;4;62;3;83;2;8;2;45;3;14;1;0;2;63;1;1;1;4;1;88;2;89;5;48;5;49;1;2;4;68;1;3;0;0;0;0;0;0;0;0;0;0;0;0;0;0;0;0;0;0;0;0;0;0;0;0;0;0;0;0;0;0;0;0;0;0;0;0;0;0;0;0;0;0;0;0;0;0;0;0;0;0;0;0;0;0;0;0;0;0;0;0;0;0
14.05.2024;10:15;A147;1;2;35;2;9;0;0;0;0;1;1;1;5;5;83;7;15;2;15;2;76;2;32;1;31;0;0;3;6;2;49;1;8;2;24;0;0;0;0;2;3;6;70;1;73;1;27;1;5;1;34;1;12;0;0;0;0;0;0;0;0;0;0;0;0;0;0;0;0;0;0;0;0;0;0;0;0;0;0;0;0;0;0;0;0;0;0;0;0;0;0;0;0;0;0;0;0;0;0;0;0;0;0;0;0;0;0;0;0;0;0
14.05.2024;10:14;A147;1;3;5;3;14;3;71;3;71;0;72;1;78;5;85;5;68;1;7;1;94;1;86;1;16;2;12;0;25;3;31;0;0;1;41;0;62;0;61;0;0;3;69;2;20;1;78;2;9;1;42;1;5;0;0;0;0;0;0;0;0;0;0;0;0;1;1;0;0;0;0;0;0;0;0;0;0;0;0;0;0;0;0;0;0;0;0;0;0;1;1;0;0;0;0;0;0;0;0;0;0;0;0;0;0;0;0;0;0;0;0
14.05.2024;10:13;A147;1;3;20;1;21;2;84;2;83;5;23;3;8;3;18;0;0;1;16;2;27;0;0;1;12;1;4;2;15;1;17;3;6;1;24;1;0;1;1;1;7;1;10;4;3;3;26;4;14;0;0;0;0;0;0;0;0;0;0;0;0;0;0;0;0;0;0;0;0;0;0;0;0;0;0;0;0;0;0;0;0;0;0;0;0;0;0;0;0;0;0;0;0;0;0;0;0;0;0;0;0;0;0;0;0;0;0;0;0;0;0
14.05.2024;10:12;A147;1;2;59;4;17;3;31;3;32;0;33;1;37;8;69;5;44;3;22;2;75;2;52;1;32;1;3;0;0;1;0;0;0;1;1;2;32;2;31;0;37;4;65;1;62;1;74;1;18;1;7;1;4;0;0;0;0;0;0;0;0;0;0;0;0;1;1;0;0;0;0;0;0;0;0;0;0;0;0;0;0;0;0;0;0;0;0;0;0;0;0;0;0;0;0;0;0;0;0;0;0;0;0;0;0;0;0;0;0;0;0
14.05.2024;10:11;A147;1;2;86;3;11;1;14;1;13;1;22;1;1;3;60;0;44;1;3;2;48;0;0;1;82;1;7;0;0;0;0;0;0;0;0;1;23;1;23;2;18;7;75;3;55;5;88;4;16;0;75;0;0;0;0;0;0;0;0;0;0;0;0;0;0;0;0;2;3;0;0;0;0;0;0;0;0;0;0;0;0;0;0;0;0;0;0;0;0;0;0;1;1;0;0;0;0;0;0;0;0;0;0;0;0;0;0;0;0;0;0
14.05.2024;10:10;A147;1;4;87;2;75;3;56;3;65;2;68;5;27;7;60;7;50;1;35;5;78;4;53;3;69;3;15;3;88;1;84;1;82;1;30;3;92;2;93;0;8;6;64;4;53;2;86;3;21;1;81;1;3;0;0;0;0;0;0;0;0;0;0;0;0;4;6;2;3;0;0;0;0;0;0;0;0;0;0;0;0;0;0;0;0;0;0;0;0;1;3;1;3;0;0;0;0;0;0;0;0;0;0;0;0;0;0;0;0;0;0
14.05.2024;10:09;A147;1;1;1;2;19;1;97;1;98;1;55;2;31;2;48;2;21;3;42;3;59;4;29;2;25;1;4;2;4;3;81;2;11;2;68;1;97;2;96;0;100;6;88;4;50;0;100;2;37;2;79;1;51;0;0;0;0;0;0;0;0;0;0;0;0;0;0;0;0;0;0;0;0;0;0;0;0;0;0;0;0;0;0;0;0;0;0;0;0;0;0;0;0;0;0;0;0;0;0;0;0;0;0;0;0;0;0;0;0;0;0
14.05.2024;10:08;A147;1;2;48;1;36;1;32;1;33;3;28;1;18;3;73;3;31;1;78;3;87;2;41;2;94;1;85;2;58;1;48;3;62;3;11;2;93;2;93;5;68;3;86;3;79;2;53;2;89;1;43;2;43;0;0;0;0;0;0;0;0;0;0;0;0;0;0;0;0;0;0;0;0;0;0;0;0;0;0;0;0;0;0;0;0;0;0;0;0;0;0;0;0;0;0;0;0;0;0;0;0;0;0;0;0;0;0;0;0;0;0
14.05.2024;10:07;A147;1;1;35;2;6;3;29;3;30;3;43;1;40;4;7;1;1;1;6;4;19;0;0;2;63;1;5;4;72;3;51;2;82;2;52;3;87;3;88;0;100;3;77;1;0;2;85;1;2;0;0;0;0;0;0;0;0;0;0;0;0;0;0;0;0;0;0;0;0;0;0;0;0;0;0;0;0;0;0;0;0;0;0;0;0;0;0;0;0;0;0;0;0;0;0;0;0;0;0;0;0;0;0;0;0;0;0;0;0;0;0
14.05.2024;10:06;A147;1;4;49;1;27;3;25;3;26;3;17;1;74;8;81;6;77;1;48;2;93;2;71;1;87;2;12;1;44;1;61;3;16;2;33;3;89;3;90;0;100;4;11;3;2;5;17;3;7;0;0;0;0;0;0;0;0;0;0;0;0;0;0;0;0;0;0;0;0;0;0;0;0;0;0;0;0;0;0;0;0;0;0;0;0;0;0;0;0;0;0;0;0;0;0;0;0;0;0;0;0;0;0;0;0;0;0;0;0;0;0
14.05.2024;10:05;A147;1;0;100;0;100;0;0;0;0;0;0;4;28;4;38;0;0;5;22;5;21;1;3;1;47;1;4;3;4;4;40;4;10;3;10;0;100;0;100;0;100;3;64;3;37;3;68;3;13;1;0;2;0;0;0;0;0;0;0;0;0;0;0;0;0;0;0;0;0;0;0;0;0;0;0;0;0;0;0;0;0;0;0;0;0;0;0;0;0;0;0;0;0;0;0;0;0;0;0;0;0;0;0;0;0;0;0;0;0;0;0
14.05.2024;10:04;A147;1;2;65;3;19;0;0;0;0;0;0;3;44;9;50;3;42;1;52;0;67;4;33;1;82;0;0;3;61;2;14;2;18;2;7;3;89;3;89;0;100;6;54;7;42;2;69;5;52;1;80;1;45;0;0;0;0;0;0;0;0;0;0;0;0;0;0;0;0;0;0;0;0;0;0;0;0;0;0;0;0;0;0;0;0;0;0;0;0;0;0;0;0;0;0;0;0;0;0;0;0;0;0;0;0;0;0;0;0;0;0
14.05.2024;10:03;A147;1;3;32;8;75;2;4;1;2;0;5;4;68;7;61;6;35;3;50;1;78;2;44;5;87;0;82;1;6;2;58;1;17;4;23;2;96;2;96;0;100;3;66;7;62;3;66;6;46;2;4;2;6;0;0;0;0;0;0;0;0;0;0;0;0;0;0;0;0;0;0;0;0;0;0;0;0;0;0;0;0;0;0;0;0;0;0;0;0;0;0;0;0;0;0;0;0;0;0;0;0;0;0;0;0;0;0;0;0;0;0
14.05.2024;10:02;A147;1;2;35;2;9;1;2;1;4;2;52;3;50;6;32;3;20;3;20;7;48;3;43;2;88;2;84;2;3;4;35;2;26;3;34;1;97;1;97;0;100;5;67;3;2;1;78;4;12;1;2;1;3;0;0;0;0;0;0;0;0;0;0;0;0;0;0;1;1;0;0;0;0;0;0;0;0;0;0;0;0;0;0;0;0;0;0;0;0;0;0;0;0;0;0;0;0;0;0;0;0;0;0;0;0;0;0;0;0;0;0
14.05.2024;10:01;A147;1;2;55;1;53;4;86;4;86;0;91;2;13;6;12;0;0;2;9;0;23;0;0;1;28;1;4;0;0;2;51;0;0;1;44;4;88;4;89;1;97;5;86;2;3;2;81;2;4;0;0;0;0;0;0;0;0;0;0;0;0;0;0;1;1;0;0;0;0;0;0;0;0;0;0;0;0;0;0;0;0;0;0;0;0;0;0;1;1;0;0;0;0;0;0;0;0;0;0;0;0;0;0;0;0;0;0;0;0;0;0
14.05.2024;10:00;A147;1;3;60;8;71;4;50;4;52;2;96;0;0;2;55;2;44;0;0;2;64;1;50;2;64;1;6;1;1;1;0;1;4;1;5;2;86;2;86;1;99;4;6;3;9;1;97;1;93;0;9;0;0;0;0;0;0;0;0;0;0;0;0;0;0;0;0;0;0;0;0;0;0;0;0;0;0;0;0;0;0;0;0;0;0;0;0;0;0;0;0;0;0;0;0;0;0;0;0;0;0;0;0;0;0;0;0;0;0;0;0
14.05.2024;09:59;A147;1;2;68;1;65;1;47;1;46;1;12;1;17;2;16;1;1;1;35;1;23;1;14;2;42;2;13;1;15;2;19;1;8;1;10;6;80;6;80;2;83;5;60;4;25;3;58;4;30;1;5;1;5;0;0;0;0;0;0;0;0;0;0;0;0;0;0;0;0;0;0;0;0;0;0;0;0;0;0;0;0;0;0;0;0;0;0;0;0;0;0;0;0;0;0;0;0;0;0;0;0;0;0;0;0;0;0;0;0;0;0
14.05.2024;09:58;A147;1;2;44;4;24;1;89;1;89;2;3;5;66;5;52;2;25;0;71;2;42;1;22;2;77;3;40;1;5;1;61;1;6;4;11;1;97;1;97;0;100;6;53;4;49;3;65;1;55;0;0;0;0;0;0;0;0;0;0;0;0;0;0;0;0;0;0;0;0;0;0;0;0;0;0;0;0;0;0;0;0;0;0;0;0;0;0;0;0;0;0;0;0;0;0;0;0;0;0;0;0;0;0;0;0;0;0;0;0;0;0
14.05.2024;09:57;A147;1;4;71;2;42;1;30;1;31;1;4;4;62;4;68;7;29;3;78;1;54;3;48;3;73;1;57;1;1;2;43;1;8;2;15;1;59;1;60;1;68;6;67;6;62;4;81;3;78;2;74;1;51;0;0;0;0;0;0;0;0;0;0;0;0;0;0;0;0;0;0;0;0;0;0;0;0;0;0;0;0;0;0;0;0;0;0;0;0;0;0;0;0;0;0;0;0;0;0;0;0;0;0;0;0;0;0;0;0;0;0
14.05.2024;09:56;A147;1;0;0;0;100;0;0;0;0;0;0;2;26;6;46;1;13;1;47;4;62;1;17;2;55;3;12;1;11;1;49;1;4;2;6;0;0;0;0;0;0;10;55;7;29;3;83;5;47;3;86;0;74;0;0;0;0;2;3;0;0;0;0;0;0;0;0;0;0;0;0;0;0;0;0;0;0;0;0;0;0;0;0;0;0;0;0;0;0;0;0;0;0;0;0;0;0;0;0;0;0;0;0;0;0;0;0;0;0;0;0
14.05.2024;09:55;A147;1;2;2;0;100;2;1;2;1;5;10;6;73;5;60;3;60;4;89;4;70;4;60;2;27;2;10;2;37;2;57;2;15;3;46;0;0;0;0;0;0;3;45;4;44;1;60;2;42;1;28;2;27;0;0;0;0;0;0;0;0;0;0;0;0;0;0;0;0;0;0;0;0;0;0;0;0;0;0;0;0;0;0;0;0;0;0;0;0;0;0;0;0;0;0;0;0;0;0;0;0;0;0;0;0;0;0;0;0;0;0
14.05.2024;09:54;A147;1;1;51;0;100;1;80;1;79;1;9;4;67;7;61;1;0;12;97;5;77;1;2;2;31;0;31;3;41;2;4;4;30;1;17;2;80;2;81;1;67;4;82;2;1;2;94;2;77;0;0;0;0;0;0;0;0;0;0;0;0;0;0;0;0;0;0;0;0;0;0;0;0;0;0;0;0;0;0;0;0;0;0;0;0;0;0;0;0;0;0;0;0;0;0;0;0;0;0;0;0;0;0;0;0;0;0;0;0;0;0
14.05.2024;09:53;A147;1;5;39;0;100;1;22;1;23;1;3;2;81;2;89;3;74;2;93;1;99;1;88;2;53;4;15;1;1;3;35;2;36;0;35;1;64;1;63;2;8;4;12;4;85;2;84;4;35;0;0;0;0;0;0;0;0;0;0;0;0;0;0;0;0;0;0;0;0;0;0;0;0;0;0;0;0;0;0;0;0;0;0;0;0;0;0;0;0;0;0;0;0;0;0;0;0;0;0;0;0;0;0;0;0;0;0;0;0;0;0
14.05.2024;09:52;A147;1;3;47;1;50;2;36;2;35;0;39;1;2;7;34;2;15;1;6;3;53;1;21;1;17;1;3;1;1;4;68;1;4;4;35;4;77;4;78;2;45;5;79;5;74;4;63;2;81;0;0;0;0;0;0;0;0;0;0;0;0;0;0;0;0;0;0;0;0;0;0;0;0;0;0;0;0;0;0;0;0;0;0;0;0;0;0;0;0;0;0;0;0;0;0;0;0;0;0;0;0;0;0;0;0;0;0;0;0;0;0
14.05.2024;09:51;A147;1;3;9;2;18;2;85;2;85;4;45;1;1;4;45;4;34;8;14;1;59;2;36;0;0;0;0;2;29;1;5;3;21;1;14;1;53;1;55;2;54;5;78;6;81;1;86;1;99;0;0;0;0;0;0;0;0;0;0;0;0;0;0;0;0;0;0;0;0;0;0;0;0;0;0;0;0;0;0;0;0;0;0;0;0;0;0;0;0;0;0;0;0;0;0;0;0;0;0;0;0;0;0;0;0;0;0;0;0;0;0
14.05.2024;09:50;A147;1;1;48;5;11;1;33;1;34;1;6;2;41;2;40;2;9;0;44;1;34;1;19;2;81;2;52;2;6;1;19;2;25;2;29;1;16;1;15;3;16;7;72;6;52;4;94;4;31;0;0;0;0;0;0;0;0;0;0;0;0;0;0;0;0;0;0;0;0;0;0;0;0;0;0;0;0;0;0;0;0;0;0;0;0;0;0;0;0;0;0;0;0;0;0;0;0;0;0;0;0;0;0;0;0;0;0;0;0;0;0
14.05.2024;09:49;A147;1;3;63;3;13;2;50;2;50;1;5;3;16;9;65;7;40;2;50;2;66;0;51;2;84;1;4;2;79;1;41;1;34;1;5;2;14;2;15;1;14;5;86;5;67;0;100;2;53;0;0;0;0;0;0;0;0;0;0;0;0;0;0;0;0;0;0;0;0;0;0;0;0;0;0;0;0;0;0;0;0;0;0;0;0;0;0;0;0;0;0;0;0;0;0;0;0;0;0;0;0;0;0;0;0;0;0;0;0;0;0
14.05.2024;09:48;A147;1;3;65;0;68;3;4;3;52;2;46;2;15;4;60;2;52;3;63;1;71;1;60;1;36;2;10;2;66;2;58;1;68;2;22;1;1;1;0;1;2;3;87;6;80;1;96;4;33;0;0;0;0;0;0;0;0;0;0;0;0;0;0;0;0;0;0;0;0;0;0;0;0;0;0;0;0;0;0;0;0;0;0;0;0;0;0;0;0;0;0;0;0;0;0;0;0;0;0;0;0;0;0;0;0;0;0;0;0;0;0
14.05.2024;09:47;A147;1;1;67;1;27;4;85;4;85;2;92;3;52;5;45;0;0;2;62;5;61;1;2;1;80;1;4;3;13;2;13;4;25;3;36;2;71;2;72;2;80;2;2;4;73;3;86;3;72;0;0;0;0;0;0;0;0;0;0;0;0;0;0;0;0;0;0;0;0;0;0;0;0;0;0;0;0;0;0;0;0;0;0;0;0;0;0;0;0;0;0;0;0;0;0;0;0;0;0;0;0;0;0;0;0;0;0;0;0;0;0
14.05.2024;09:46;A147;1;2;36;2;15;2;75;2;75;2;80;2;72;3;86;2;29;2;89;2;92;2;56;1;20;1;5;0;23;1;10;0;0;1;7;1;43;1;43;2;9;4;77;4;83;3;91;2;96;0;0;0;0;0;0;0;0;0;0;0;0;0;0;0;0;0;0;0;0;0;0;0;0;0;0;0;0;0;0;0;0;0;0;0;0;0;0;0;0;0;0;0;0;0;0;0;0;0;0;0;0;0;0;0;0;0;0;0;0;0;0
14.05.2024;09:45;A147;1;2;28;3;16;3;67;2;83;3;17;2;7;10;74;6;54;2;11;2;93;2;61;0;0;0;0;2;30;2;2;2;7;3;10;1;49;1;49;0;48;2;79;7;82;1;91;2;71;0;0;0;0;0;0;0;0;0;0;0;0;0;0;0;0;0;0;0;0;0;0;0;0;0;0;0;0;0;0;0;0;0;0;0;0;0;0;0;0;0;0;0;0;0;0;0;0;0;0;0;0;0;0;0;0;0;0;0;0;0;0
14.05.2024;09:44;A147;1;0;0;0;0;0;0;1;20;1;8;1;1;3;2;0;0;1;3;4;11;0;0;2;20;2;10;2;14;0;0;2;13;0;0;3;90;3;91;1;98;7;76;11;66;1;97;4;95;0;0;0;0;0;0;0;0;0;0;0;0;0;0;0;0;0;0;0;0;0;0;0;0;0;0;0;0;0;0;0;0;0;0;0;0;0;0;0;0;0;0;0;0;0;0;0;0;0;0;0;0;0;0;0;0;0;0;0;0;0;0
14.05.2024;09:43;A147;1;2;17;1;6;0;0;0;0;0;0;4;58;6;60;3;54;1;47;0;71;1;51;3;60;1;41;1;58;1;43;1;7;1;48;1;73;1;74;1;81;7;78;7;77;0;100;4;90;0;25;0;0;0;0;0;0;0;0;0;0;0;0;0;0;0;0;0;0;0;0;0;0;0;0;0;0;0;0;0;0;0;0;0;0;0;0;0;0;0;0;0;0;0;0;0;0;0;0;0;0;0;0;0;0;0;0;0;0;0;0
14.05.2024;09:42;A147;1;3;42;5;21;3;25;3;26;3;27;2;28;6;72;2;51;3;17;2;70;1;19;0;100;1;76;0;0;4;45;0;0;4;59;1;49;0;48;0;0;6;75;5;59;3;86;3;57;0;100;0;0;0;0;0;0;0;0;0;0;0;0;0;0;0;0;0;0;0;0;0;0;0;0;0;0;0;0;0;0;0;0;0;0;0;0;0;0;0;0;0;0;0;0;0;0;0;0;0;0;0;0;0;0;0;0;0;0;0;0
14.05.2024;09:41;A147;1;2;64;3;38;0;0;0;0;0;0;0;0;10;57;2;47;0;0;7;84;3;67;2;75;1;13;4;74;5;48;3;43;5;32;0;0;1;1;1;8;7;74;11;71;2;99;3;92;2;33;2;18;0;0;0;0;0;0;0;0;0;0;0;0;0;0;0;0;0;0;0;0;0;0;0;0;0;0;0;0;0;0;0;0;0;0;0;0;0;0;0;0;0;0;0;0;0;0;0;0;0;0;0;0;0;0;0;0;0;0
14.05.2024;09:40;A147;1;2;63;2;13;0;78;0;77;0;0;0;0;2;11;2;46;0;0;2;20;1;14;3;92;1;82;3;30;4;8;4;37;2;38;1;36;1;35;1;5;5;80;4;74;1;99;4;61;0;0;1;18;0;0;0;0;0;0;0;0;0;0;0;0;0;0;1;1;0;0;0;0;0;0;0;0;0;0;0;0;0;0;0;0;0;0;0;0;0;0;0;0;0;0;0;0;0;0;0;0;0;0;0;0;0;0;0;0;0;0
14.05.2024;09:39;A147;1;4;35;6;24;5;17;4;80;3;67;4;38;9;49;7;45;4;35;2;78;4;61;1;71;2;28;0;0;3;29;0;0;2;31;0;0;0;0;0;0;2;88;2;62;1;98;3;16;0;0;0;0;0;0;0;0;0;0;0;0;0;0;0;0;0;0;0;0;0;0;0;0;0;0;0;0;0;0;0;0;0;0;0;0;0;0;0;0;0;0;0;0;0;0;0;0;0;0;0;0;0;0;0;0;0;0;0;0;0;0
14.05.2024;09:38;A147;1;3;23;5;17;2;51;3;83;4;63;1;7;4;62;3;43;1;36;3;90;2;10;1;79;1;4;2;11;2;15;1;10;2;24;0;0;0;0;0;0;5;82;5;80;2;94;1;86;0;0;0;0;0;0;0;0;0;0;0;0;0;0;0;0;0;0;1;1;0;0;0;0;0;0;0;0;0;0;0;0;0;0;0;0;0;0;0;0;0;0;0;0;0;0;0;0;0;0;0;0;0;0;0;0;0;0;0;0;0;0
14.05.2024;09:37;A147;1;1;27;2;4;2;39;2;41;3;18;1;24;8;33;4;27;1;4;0;100;4;13;1;48;1;5;1;1;1;40;1;3;2;14;0;27;0;26;0;0;9;75;9;67;3;92;4;88;0;0;0;0;0;0;0;0;0;0;0;0;0;0;0;0;1;1;0;0;0;0;0;0;0;0;0;0;0;0;0;0;0;0;0;0;0;0;0;0;1;3;0;0;0;0;0;0;0;0;0;0;0;0;0;0;0;0;0;0;0;0
14.05.2024;09:36;A147;1;2;73;4;16;0;0;0;0;3;10;2;47;6;53;3;49;1;54;0;100;0;57;2;80;1;28;2;51;0;0;2;44;0;0;2;78;2;78;1;20;8;83;6;76;0;100;3;79;0;76;0;0;0;0;0;0;0;0;0;0;0;0;0;0;0;0;0;0;0;0;0;0;0;0;0;0;0;0;0;0;0;0;0;0;0;0;0;0;0;0;0;0;0;0;0;0;0;0;0;0;0;0;0;0;0;0;0;0;0;0
14.05.2024;09:35;A147;1;3;26;1;34;1;4;1;4;0;0;5;40;7;74;3;50;2;78;0;100;3;38;3;46;4;22;4;93;2;21;1;92;1;36;1;64;1;65;3;66;6;73;10;54;3;70;3;87;3;79;2;20;0;0;0;0;0;0;0;0;0;0;0;0;0;0;0;0;0;0;0;0;0;0;0;0;0;0;0;0;0;0;0;0;0;0;0;0;0;0;0;0;0;0;0;0;0;0;0;0;0;0;0;0;0;0;0;0;0;0
14.05.2024;09:34;A147;1;4;70;0;78;0;0;0;0;2;9;3;63;6;9;8;20;2;41;0;100;0;100;2;42;1;2;5;87;0;0;0;86;1;2;2;66;2;66;2;73;3;37;2;27;1;49;5;36;2;37;3;17;0;0;0;0;0;0;0;0;0;0;0;0;0;0;0;0;0;0;0;0;0;0;0;0;0;0;0;0;0;0;0;0;0;0;0;0;0;0;0;0;0;0;0;0;0;0;0;0;0;0;0;0;0;0;0;0;0;0
14.05.2024;09:33;A147;1;1;39;2;32;3;60;3;60;1;65;5;80;4;90;7;79;2;91;1;93;2;87;3;70;2;22;3;38;3;19;2;28;1;23;0;48;0;47;0;0;5;87;3;4;0;100;2;16;0;2;0;0;0;0;0;0;0;0;0;0;0;0;0;0;1;1;0;0;0;0;0;0;0;0;0;0;0;0;0;0;0;0;0;0;0;0;0;0;0;0;0;0;0;0;0;0;0;0;0;0;0;0;0;0;0;0;0;0;0;0
14.05.2024;09:32;A147;1;2;6;3;15;2;56;3;58;2;59;6;59;3;38;1;0;1;67;4;12;1;2;1;25;3;14;1;72;2;86;1;78;2;15;3;79;2;92;0;23;9;54;11;57;3;75;5;76;2;91;0;98;0;0;0;0;0;0;0;0;0;0;0;0;0;0;0;0;0;0;0;0;0;0;0;0;0;0;0;0;0;0;0;0;0;0;0;0;0;0;0;0;0;0;0;0;0;0;0;0;0;0;0;0;0;0;0;0;0;0
14.05.2024;09:31;A147;1;0;0;2;5;0;0;0;0;2;4;4;44;12;56;8;6;5;45;4;44;4;24;2;65;0;64;2;53;2;63;2;42;4;8;0;0;1;26;2;26;9;59;8;37;4;88;6;41;1;33;2;6;0;0;0;0;0;0;0;0;0;0;0;0;0;0;0;0;0;0;0;0;0;0;0;0;0;0;0;0;0;0;0;0;0;0;0;0;0;0;0;0;0;0;0;0;0;0;0;0;0;0;0;0;0;0;0;0;0;0
14.05.2024;09:30;A147;1;1;36;1;8;1;55;1;56;1;4;1;17;1;55;1;15;1;28;2;61;2;7;3;73;2;70;0;34;4;38;0;0;0;42;0;77;0;76;11;44;2;84;1;89;2;95;1;94;1;11;0;0;0;0;0;0;0;0;0;0;0;0;0;0;0;0;0;0;0;0;0;0;0;0;0;0;0;0;0;0;0;0;0;0;0;0;1;2;0;0;0;0;0;0;0;0;0;0;0;0;0;0;0;0;0;0;0;0;0;0
14.05.2024;09:29;A147;1;1;78;1;3;4;33;4;33;0;37;4;50;6;74;5;28;3;71;4;68;4;32;0;100;2;64;3;79;1;72;3;17;3;77;3;42;3;59;3;78;10;15;8;74;1;96;0;89;0;0;1;4;0;0;0;0;0;0;0;0;0;0;0;0;0;0;0;0;0;0;0;0;0;0;0;0;0;0;0;0;0;0;0;0;0;0;0;0;0;0;0;0;0;0;0;0;0;0;0;0;0;0;0;0;0;0;0;0;0;0
14.05.2024;09:28;A147;1;1;3;1;14;0;100;0;100;1;83;3;6;5;29;5;3;2;29;2;21;5;13;3;50;3;15;3;86;2;64;2;94;1;70;0;100;0;100;0;100;6;41;13;71;0;100;7;97;0;0;0;0;0;0;0;0;0;0;0;0;0;0;2;3;0;0;0;0;1;1;0;0;0;0;0;0;0;0;0;0;0;0;0;0;0;0;1;3;0;0;0;0;0;0;0;0;0;0;0;0;0;0;0;0;0;0;0;0;0;0
14.05.2024;09:27;A147;1;3;35;4;34;3;33;3;34;5;17;1;50;1;54;1;33;2;30;1;63;1;8;3;93;1;38;2;42;6;44;1;43;3;50;1;64;1;64;1;68;0;100;0;100;0;100;0;100;0;0;0;0;0;0;0;0;0;0;0;0;0;0;0;0;1;1;0;0;0;0;0;0;0;0;0;0;0;0;0;0;0;0;0;0;0;0;0;0;0;0;0;0;0;0;0;0;0;0;0;0;0;0;0;0;0;0;0;0;0;0
14.05.2024;09:26;A147;1;4;58;2;11;3;61;3;62;4;66;6;59;7;67;7;13;2;48;2;80;2;46;1;66;2;10;1;10;2;56;2;20;3;61;2;74;2;76;1;74;7;78;11;68;2;98;2;96;0;0;0;0;0;0;0;0;0;0;0;0;0;0;0;0;1;1;0;0;0;0;0;0;0;0;0;0;0;0;0;0;0;0;0;0;0;0;0;0;1;1;0;0;0;0;0;0;0;0;0;0;0;0;0;0;0;0;0;0;0;0
14.05.2024;09:25;A147;1;1;93;2;98;1;1;1;1;0;0;2;15;5;25;5;16;1;28;1;49;1;22;2;65;0;64;1;68;0;0;1;7;1;0;0;0;0;0;2;5;10;61;12;56;1;83;3;75;0;58;0;0;0;0;0;0;0;0;0;0;0;0;0;0;0;0;0;0;0;0;0;0;0;0;0;0;0;0;0;0;0;0;0;0;0;0;0;0;0;0;0;0;0;0;0;0;0;0;0;0;0;0;0;0;0;0;0;0;0;0
14.05.2024;09:24;A147;1;5;59;2;78;2;79;2;78;2;37;1;74;1;64;1;42;2;28;2;12;2;26;2;61;3;46;1;1;2;8;1;4;2;6;1;66;1;66;1;7;1;83;1;94;2;95;2;97;1;71;1;3;0;0;0;0;0;0;0;0;0;0;0;0;0;0;0;0;0;0;0;0;0;0;0;0;0;0;0;0;0;0;0;0;0;0;0;0;0;0;0;0;0;0;0;0;0;0;0;0;0;0;0;0;0;0;0;0;0;0
14.05.2024;09:23;A147;1;3;68;4;20;1;79;1;79;2;9;1;27;5;34;1;1;2;12;2;41;1;4;1;67;2;13;0;0;0;0;0;0;0;0;0;26;0;26;0;0;8;65;7;58;1;82;2;70;0;100;0;0;0;0;0;0;0;0;0;0;0;0;0;0;0;0;0;0;0;0;0;0;0;0;0;0;0;0;0;0;0;0;0;0;0;0;0;0;0;0;0;0;0;0;0;0;0;0;0;0;0;0;0;0;0;0;0;0;0;0
14.05.2024;09:22;A147;1;1;47;1;4;1;52;1;53;2;12;1;10;5;4;1;0;1;3;4;13;1;2;0;0;0;0;0;0;4;59;0;0;5;63;1;33;1;34;1;5;8;62;7;46;3;86;3;67;1;2;1;6;0;0;0;0;0;0;0;0;0;0;0;0;0;0;0;0;0;0;0;0;0;0;0;0;0;0;0;0;0;0;0;0;0;0;0;0;0;0;0;0;0;0;0;0;0;0;0;0;0;0;0;0;0;0;0;0;0;0
14.05.2024;09:21;A147;1;1;16;1;4;5;84;5;84;0;91;1;67;0;0;0;0;1;6;0;0;0;0;3;19;0;23;5;43;3;5;0;56;3;17;3;48;3;49;3;59;2;68;1;89;2;86;2;81;0;0;0;0;0;0;0;0;0;0;0;0;0;0;0;0;0;0;0;0;0;0;0;0;0;0;0;0;0;0;0;0;0;0;0;0;0;0;0;0;0;0;0;0;0;0;0;0;0;0;0;0;0;0;0;0;0;0;0;0;0;0
14.05.2024;09:20;A147;1;1;1;1;33;5;57;5;57;3;64;2;58;8;43;5;39;4;55;5;61;4;20;0;100;0;100;2;76;3;6;4;56;0;8;0;35;0;34;2;36;8;15;5;67;0;87;4;36;0;0;0;0;0;0;0;0;0;0;0;0;0;0;0;0;0;0;0;0;0;0;0;0;0;0;0;0;0;0;0;0;0;0;0;0;0;0;0;0;0;0;0;0;0;0;0;0;0;0;0;0;0;0;0;0;0;0;0;0;0;0
14.05.2024;09:19;A147;1;2;83;3;49;1;76;1;78;6;82;2;3;9;7;3;2;2;6;8;22;3;8;4;91;0;100;2;94;3;84;1;36;1;99;1;13;1;14;1;21;12;17;10;28;6;77;8;29;0;0;0;0;0;0;0;0;0;0;0;0;0;0;0;0;0;0;0;0;0;0;0;0;0;0;0;0;0;0;0;0;0;0;0;0;0;0;0;0;0;0;0;0;0;0;0;0;0;0;0;0;0;0;0;0;0;0;0;0;0;0
14.05.2024;09:18;A147;1;0;32;0;0;2;46;2;46;1;5;3;69;2;46;1;0;1;80;3;13;1;2;1;90;1;35;3;3;0;0;3;12;1;1;1;65;0;64;0;0;4;75;3;67;2;88;3;11;0;12;0;0;0;0;0;0;0;0;0;0;0;0;0;0;0;0;0;0;0;0;0;0;0;0;0;0;0;0;0;0;0;0;0;0;0;0;0;0;0;0;0;0;0;0;0;0;0;0;0;0;0;0;0;0;0;0;0;0;0;0
14.05.2024;09:17;A147;1;1;73;1;10;7;25;7;25;0;29;4;24;6;11;8;8;1;63;2;61;5;63;0;100;1;27;0;0;0;0;0;0;0;0;1;20;2;19;2;9;10;62;6;56;5;88;3;70;1;92;1;4;0;0;0;0;0;0;0;0;0;0;0;0;0;0;0;0;1;1;0;0;0;0;0;0;0;0;0;0;0;0;0;0;0;0;0;0;0;0;0;0;1;1;0;0;0;0;0;0;0;0;0;0;0;0;0;0;0;0
14.05.2024;09:16;A147;1;3;50;2;63;1;29;1;30;3;20;3;14;6;25;9;24;2;56;1;64;1;37;4;91;0;80;3;88;0;0;1;91;0;0;1;11;1;12;1;8;10;76;10;58;0;100;4;83;0;0;0;0;0;0;0;0;0;0;0;0;0;0;0;0;0;0;0;0;0;0;0;0;0;0;0;0;0;0;0;0;0;0;0;0;0;0;0;0;0;0;0;0;0;0;0;0;0;0;0;0;0;0;0;0;0;0;0;0;0;0
14.05.2024;09:15;A147;1;2;36;1;5;6;86;6;86;0;95;1;48;1;28;1;76;2;42;1;37;1;82;4;85;2;50;5;60;1;40;2;55;1;2;2;17;1;16;1;9;3;92;3;85;1;99;3;91;0;20;5;3;0;0;0;0;0;0;0;0;0;0;0;0;0;0;0;0;0;0;0;0;0;0;0;0;0;0;0;0;0;0;0;0;0;0;0;0;0;0;0;0;0;0;0;0;0;0;0;0;0;0;0;0;0;0;0;0;0;0
14.05.2024;09:14;A147;1;2;54;4;16;1;96;1;98;0;100;3;45;5;59;4;13;3;59;1;68;1;23;3;91;1;72;2;41;1;18;2;41;1;7;1;1;0;0;0;0;7;80;3;74;0;100;1;80;1;34;1;9;0;0;0;0;0;0;0;0;0;0;0;0;0;0;0;0;0;0;0;0;0;0;0;0;0;0;0;0;0;0;0;0;0;0;0;0;0;0;0;0;0;0;0;0;0;0;0;0;0;0;0;0;0;0;0;0;0;0
14.05.2024;09:13;A147;1;2;79;2;9;5;42;5;43;3;44;0;18;8;41;8;26;0;0;4;44;2;45;1;95;1;96;1;3;1;82;2;10;2;12;1;20;1;21;3;14;8;64;8;55;2;81;4;72;0;0;0;0;0;0;0;0;0;0;0;0;0;0;0;0;0;0;0;0;0;0;0;0;0;0;0;0;0;0;0;0;0;0;0;0;0;0;0;0;0;0;0;0;0;0;0;0;0;0;0;0;0;0;0;0;0;0;0;0;0;0
14.05.2024;09:12;A147;1;0;0;1;0;2;79;2;78;1;25;1;39;1;28;1;37;1;5;1;36;2;38;1;16;1;1;4;41;2;39;0;45;0;43;1;6;1;8;1;7;2;85;1;84;1;94;2;88;0;13;0;0;0;0;0;0;0;0;0;0;0;0;1;1;0;0;0;0;0;0;0;0;0;0;0;0;0;0;0;0;0;0;0;0;0;0;0;0;0;0;0;0;0;0;0;0;0;0;0;0;0;0;0;0;0;0;0;0;0;0
14.05.2024;09:11;A147;1;1;2;2;26;7;65;7;64;2;51;3;54;6;49;3;31;3;23;1;61;3;21;1;78;2;37;1;72;2;57;1;82;3;69;1;30;1;30;2;7;9;77;10;63;3;98;1;92;1;64;1;5;0;0;0;0;0;0;0;0;0;0;0;0;0;0;0;0;0;0;0;0;0;0;0;0;0;0;0;0;0;0;0;0;0;0;0;0;0;0;0;0;0;0;0;0;0;0;0;0;0;0;0;0;0;0;0;0;0;0
14.05.2024;09:10;A147;1;3;16;4;18;1;59;1;60;3;29;0;8;5;16;3;14;1;3;3;17;3;21;0;0;0;0;1;22;1;68;1;10;1;5;0;0;0;0;0;0;6;34;10;20;3;58;5;41;2;20;1;5;0;0;0;0;0;0;0;0;0;0;0;0;0;0;0;0;0;0;0;0;0;0;1;1;0;0;0;0;0;0;0;0;0;0;0;0;0;0;0;0;0;0;0;0;0;0;1;1;0;0;0;0;0;0;0;0;0;0
14.05.2024;09:09;A147;1;2;44;1;81;3;82;3;81;1;80;2;47;1;31;1;40;2;9;1;9;1;6;2;20;0;20;0;33;1;2;1;1;0;0;4;74;4;75;0;89;2;84;2;72;2;94;3;73;0;0;0;0;0;0;0;0;1;1;0;0;0;0;0;0;0;0;0;0;0;0;0;0;0;0;0;0;0;0;0;0;1;1;0;0;0;0;0;0;0;0;0;0;0;0;0;0;0;0;0;0;0;0;0;0;0;0;0;0;0;0
14.05.2024;09:08;A147;1;2;77;3;75;4;61;4;62;4;48;0;57;3;63;4;52;0;0;0;71;2;62;0;100;1;51;1;6;0;0;1;2;1;5;3;24;3;24;3;12;7;76;10;35;1;96;5;60;0;0;0;0;0;0;0;0;0;0;0;0;0;0;0;0;0;0;0;0;0;0;0;0;0;0;0;0;0;0;0;0;0;0;0;0;0;0;0;0;0;0;0;0;0;0;0;0;0;0;0;0;0;0;0;0;0;0;0;0;0;0
14.05.2024;09:07;A147;1;0;88;3;6;1;45;1;46;3;35;7;32;12;23;4;10;4;28;6;48;2;16;3;83;2;56;0;84;1;84;0;0;0;83;0;0;0;0;1;1;11;55;8;14;7;85;4;25;0;0;0;0;0;0;0;0;0;0;0;0;0;0;0;0;0;0;0;0;0;0;0;0;0;0;1;1;0;0;0;0;0;0;0;0;0;0;0;0;0;0;0;0;0;0;0;0;0;0;0;0;0;0;0;0;0;0;0;0;0;0
14.05.2024;09:06;A147;1;3;17;3;11;0;75;0;75;0;0;1;17;1;65;1;31;1;25;2;22;1;40;3;31;3;15;1;42;1;34;1;5;3;7;1;80;1;79;1;14;2;9;1;86;3;18;2;19;1;11;0;10;0;0;0;0;0;0;0;0;0;0;0;0;0;0;0;0;0;0;0;0;0;0;0;0;0;0;0;0;0;0;0;0;0;0;0;0;0;0;0;0;0;0;0;0;0;0;0;0;0;0;0;0;0;0;0;0;0;0
14.05.2024;09:05;A147;1;0;0;0;28;7;36;7;36;1;47;0;0;7;70;7;70;1;8;2;70;2;76;0;100;1;10;2;20;1;31;1;2;1;8;2;76;2;78;4;45;6;68;6;71;2;85;1;86;0;100;0;100;0;0;0;0;0;0;0;0;0;0;0;0;0;0;0;0;0;0;0;0;0;0;0;0;0;0;0;0;0;0;0;0;0;0;0;0;0;0;1;1;0;0;0;0;0;0;0;0;0;0;0;0;0;0;0;0;0;0
14.05.2024;09:04;A147;1;1;86;2;26;1;68;1;69;3;47;1;1;7;51;7;46;2;8;4;35;1;31;2;80;2;11;2;59;1;1;2;8;1;3;1;80;1;81;3;33;11;70;10;54;0;100;4;68;1;71;1;13;0;0;0;0;0;0;0;0;0;0;0;0;0;0;0;0;0;0;0;0;0;0;0;0;0;0;0;0;0;0;0;0;0;0;0;0;0;0;0;0;0;0;0;0;0;0;0;0;0;0;0;0;0;0;0;0;0;0
14.05.2024;09:03;A147;1;3;15;5;13;5;76;5;77;3;77;0;0;1;79;1;78;0;0;2;82;2;61;3;58;1;16;3;21;4;45;0;56;1;2;1;45;1;45;3;13;3;85;1;87;4;89;2;10;1;68;1;4;0;0;0;0;0;0;0;0;0;0;0;0;0;0;0;0;0;0;0;0;0;0;0;0;0;0;0;0;0;0;0;0;0;0;0;0;0;0;0;0;0;0;0;0;0;0;0;0;0;0;0;0;0;0;0;0;0;0
14.05.2024;09:02;A147;1;0;0;0;0;3;20;3;20;1;7;4;54;6;56;4;52;3;65;3;69;4;47;1;70;3;31;0;0;1;3;1;3;2;17;2;28;2;28;1;27;11;66;12;63;2;90;3;88;1;7;1;10;1;1;0;0;0;0;0;0;0;0;0;0;0;0;0;0;0;0;0;0;0;0;0;0;1;2;0;0;0;0;0;0;0;0;0;0;0;0;0;0;0;0;0;0;0;0;0;0;0;0;0;0;0;0;0;0;0;0
14.05.2024;09:01;A147;1;1;83;0;0;1;75;1;76;2;9;7;21;8;26;5;14;3;46;3;52;4;25;2;49;2;10;1;74;1;28;2;26;2;8;1;84;1;86;1;94;11;67;11;54;0;100;3;84;0;0;2;0;0;0;0;0;0;0;0;0;0;0;0;0;0;0;0;0;2;3;0;0;0;0;0;0;0;0;0;0;0;0;0;0;0;0;0;0;0;0;0;0;1;2;0;0;0;0;0;0;0;0;0;0;0;0;0;0;0;0
14.05.2024;09:00;A147;1;3;24;7;40;9;74;9;74;1;90;1;50;1;60;1;36;1;56;2;66;2;25;0;0;0;0;1;22;1;21;0;5;0;0;1;11;1;11;2;3;2;87;3;89;2;90;2;96;0;0;0;0;0;0;0;0;0;0;0;0;0;0;0;0;0;0;0;0;0;0;0;0;0;0;0;0;0;0;0;0;0;0;0;0;0;0;0;0;0;0;2;3;0;0;0;0;0;0;0;0;0;0;0;0;0;0;0;0;0;0
14.05.2024;08:59;A147;1;1;43;2;5;7;79;7;79;0;100;0;0;9;56;7;55;0;0;2;78;1;72;0;0;0;0;1;47;1;12;2;8;2;13;1;27;1;26;0;0;7;80;6;70;1;99;2;85;0;0;0;0;0;0;0;0;0;0;0;0;0;0;0;0;0;0;0;0;0;0;0;0;0;0;0;0;0;0;0;0;0;0;0;0;0;0;0;0;0;0;0;0;0;0;0;0;0;0;0;0;0;0;0;0;0;0;0;0;0;0
14.05.2024;08:58;A147;1;2;87;1;53;0;100;0;100;0;100;4;30;2;24;1;23;0;35;0;28;0;25;1;0;1;2;0;0;2;85;0;0;0;86;0;100;0;100;0;0;5;86;12;62;1;96;3;94;1;44;1;7;0;0;0;0;0;0;0;0;0;0;0;0;0;0;0;0;0;0;0;0;0;0;0;0;0;0;0;0;0;0;0;0;0;0;0;0;0;0;0;0;0;0;0;0;0;0;0;0;0;0;0;0;0;0;0;0;0;0
14.05.2024;08:57;A147;1;3;39;2;46;1;81;1;81;1;89;1;84;1;85;1;28;2;32;2;56;2;29;1;92;1;7;4;8;2;14;2;45;2;23;1;51;1;51;5;32;1;95;0;100;0;100;0;100;2;93;1;59;0;0;0;0;0;0;0;0;0;0;0;0;0;0;0;0;0;0;0;0;0;0;0;0;0;0;0;0;0;0;0;0;0;0;0;0;0;0;0;0;0;0;0;0;0;0;0;0;0;0;0;0;0;0;0;0;0;0
14.05.2024;08:56;A147;1;1;53;1;61;6;39;6;41;1;70;4;38;8;44;4;42;0;76;2;62;4;17;1;97;0;0;1;2;0;0;1;8;1;6;2;71;2;72;1;77;7;65;10;68;4;89;3;89;1;93;0;3;0;0;0;0;0;0;0;0;0;0;0;0;0;0;0;0;0;0;0;0;0;0;0;0;0;0;0;0;0;0;0;0;0;0;0;0;0;0;0;0;0;0;0;0;0;0;0;0;0;0;0;0;0;0;0;0;0;0
14.05.2024;08:55;A147;1;1;55;1;5;1;57;1;58;2;35;0;7;6;14;5;6;1;3;1;25;1;19;0;64;1;3;0;0;1;87;0;0;0;0;0;0;0;0;1;4;9;51;13;58;5;67;4;82;0;0;1;0;0;0;0;0;0;0;0;0;0;0;0;0;0;0;0;0;0;0;0;0;0;0;0;0;0;0;0;0;0;0;0;0;0;0;0;0;0;0;0;0;0;0;0;0;0;0;0;0;0;0;0;0;0;0;0;0;0;0
14.05.2024;08:54;A147;1;2;43;2;10;1;0;1;0;0;0;1;39;2;38;1;3;1;7;2;47;1;14;3;35;1;21;0;0;4;62;1;4;3;61;2;80;2;79;2;80;2;87;3;94;1;94;1;98;0;0;0;0;0;0;0;0;0;0;0;0;0;0;0;0;0;0;0;0;0;0;0;0;0;0;0;0;0;0;0;0;0;0;0;0;0;0;0;0;0;0;0;0;0;0;0;0;0;0;0;0;0;0;0;0;0;0;0;0;0;0
14.05.2024;08:53;A147;1;1;34;6;36;8;35;8;34;1;51;4;67;8;71;5;66;3;53;3;72;5;26;0;100;2;42;0;0;2;40;0;0;3;35;2;54;2;54;3;15;9;83;12;74;0;100;1;99;0;0;0;0;0;0;0;0;0;0;0;0;0;0;0;0;1;1;0;0;0;0;0;0;0;0;0;0;0;0;0;0;0;0;0;0;0;0;0;0;0;0;0;0;0;0;0;0;0;0;0;0;0;0;0;0;0;0;0;0;0;0
14.05.2024;08:52;A147;1;3;58;4;70;2;97;1;98;0;100;5;38;5;26;6;11;2;29;1;30;1;27;2;64;1;4;1;15;4;87;1;80;1;91;1;18;1;20;4;20;9;59;7;50;1;83;4;66;0;60;0;0;0;0;0;0;0;0;0;0;0;0;0;0;0;0;0;0;0;0;0;0;0;0;0;0;0;0;0;0;0;0;0;0;0;0;0;0;0;0;0;0;0;0;0;0;0;0;0;0;0;0;0;0;0;0;0;0;0;0
14.05.2024;08:51;A147;1;2;43;9;21;6;86;7;85;0;100;1;0;3;23;1;0;3;33;2;32;2;14;5;85;1;36;0;0;2;16;0;0;3;12;1;3;1;69;0;0;2;79;3;90;1;87;3;89;1;65;1;2;0;0;0;0;1;1;0;0;0;0;0;0;0;0;0;0;0;0;0;0;0;0;0;0;0;0;0;0;0;0;0;0;0;0;0;0;0;0;0;0;0;0;0;0;0;0;0;0;0;0;0;0;0;0;0;0;0;0
14.05.2024;08:50;A147;1;2;33;2;12;4;77;4;78;4;64;4;4;7;46;1;52;2;10;5;55;1;1;0;100;0;100;0;0;2;3;0;0;1;3;4;24;4;24;0;32;10;69;6;62;2;98;2;72;0;0;0;0;0;0;0;0;0;0;0;0;0;0;0;0;0;0;0;0;0;0;0;0;0;0;0;0;0;0;0;0;0;0;0;0;0;0;0;0;0;0;0;0;0;0;0;0;0;0;0;0;0;0;0;0;0;0;0;0;0;0
14.05.2024;08:49;A147;1;3;92;3;27;1;51;1;52;1;7;4;20;11;22;5;34;2;25;4;46;3;32;3;90;2;62;3;91;2;77;1;86;1;95;1;63;1;64;1;93;10;58;7;39;4;81;5;40;0;0;0;0;0;0;0;0;0;0;0;0;0;0;0;0;0;0;0;0;0;0;0;0;0;0;0;0;0;0;0;0;0;0;0;0;0;0;0;0;0;0;0;0;0;0;0;0;0;0;0;0;0;0;0;0;0;0;0;0;0;0
14.05.2024;08:48;A147;1;3;64;1;41;6;88;6;87;2;50;1;65;2;74;1;28;2;53;2;43;3;11;4;46;2;32;4;72;3;2;1;53;1;20;2;44;2;44;1;3;2;44;3;12;2;29;1;22;0;15;0;0;0;0;0;0;0;0;0;0;0;0;0;0;0;0;0;0;0;0;0;0;0;0;0;0;0;0;0;0;0;0;0;0;0;0;0;0;0;0;0;0;0;0;0;0;0;0;0;0;0;0;0;0;0;0;0;0;0;0
14.05.2024;08:47;A147;1;4;16;4;50;6;84;6;86;1;57;2;66;10;52;7;16;2;44;3;78;5;26;0;100;2;50;2;66;0;0;3;34;0;0;2;32;2;31;0;35;9;80;10;78;1;98;1;93;1;50;1;6;0;0;0;0;0;0;0;0;0;0;0;0;0;0;0;0;1;1;0;0;0;0;0;0;0;0;0;0;0;0;0;0;0;0;0;0;0;0;0;0;0;0;0;0;0;0;0;0;0;0;0;0;0;0;0;0;0;0
14.05.2024;08:46;A147;1;2;80;3;88;1;0;1;0;1;81;2;21;9;12;8;5;4;14;1;44;4;17;2;84;2;12;2;93;2;4;0;100;1;82;0;100;0;100;0;100;11;48;11;46;5;70;7;68;0;0;0;0;0;0;0;0;0;0;0;0;0;0;0;0;0;0;0;0;0;0;0;0;0;0;0;0;0;0;0;0;0;0;0;0;0;0;0;0;0;0;0;0;0;0;0;0;0;0;0;0;0;0;0;0;0;0;0;0;0;0
14.05.2024;08:45;A147;1;0;0;0;0;2;61;2;61;2;7;2;36;3;41;1;16;2;43;2;49;2;9;1;57;1;5;4;56;1;35;3;35;2;9;2;62;2;64;1;12;2;82;3;75;1;91;2;82;0;0;0;0;0;0;0;0;0;0;0;0;0;0;0;0;0;0;0;0;0;0;0;0;0;0;0;0;0;0;0;0;0;0;0;0;0;0;0;0;0;0;0;0;0;0;0;0;0;0;0;0;0;0;0;0;0;0;0;0;0;0
14.05.2024;08:44;A147;1;1;10;2;7;5;31;5;30;2;19;2;15;7;71;7;37;2;20;0;84;2;57;1;96;0;2;1;37;1;60;2;6;6;22;2;32;2;32;2;38;6;69;9;68;3;53;3;58;0;0;0;0;0;0;0;0;0;0;0;0;0;0;0;0;1;1;0;0;0;0;0;0;0;0;0;0;0;0;0;0;0;0;0;0;0;0;0;0;1;1;0;0;0;0;0;0;0;0;0;0;0;0;0;0;0;0;0;0;0;0
14.05.2024;08:43;A147;1;3;35;2;33;1;3;1;4;1;13;4;14;6;40;10;17;3;26;1;53;7;35;1;59;1;3;4;88;3;85;2;75;1;78;1;87;1;88;2;76;9;51;15;27;5;38;1;57;0;0;0;0;0;0;0;0;0;0;0;0;0;0;0;0;0;0;0;0;0;0;0;0;0;0;0;0;0;0;0;0;0;0;0;0;0;0;0;0;0;0;0;0;0;0;0;0;0;0;0;0;0;0;0;0;0;0;0;0;0;0
14.05.2024;08:42;A147;1;3;3;3;9;1;26;1;25;1;3;1;74;1;76;1;73;2;21;2;30;2;53;2;17;1;21;2;39;2;43;3;32;2;48;3;72;3;73;1;96;1;86;2;83;2;88;3;88;1;16;1;3;0;0;0;0;0;0;0;0;0;0;0;0;0;0;0;0;0;0;0;0;0;0;0;0;0;0;0;0;0;0;0;0;0;0;0;0;0;0;0;0;0;0;0;0;0;0;0;0;0;0;0;0;0;0;0;0;0;0
14.05.2024;08:41;A147;1;0;0;1;11;7;35;7;34;0;49;1;1;11;60;8;50;1;3;0;100;4;58;0;100;1;38;0;0;1;64;0;0;2;49;2;34;2;35;2;25;7;82;8;68;0;96;3;83;0;100;0;0;0;0;0;0;0;0;0;0;0;0;0;0;0;0;0;0;0;0;0;0;0;0;0;0;0;0;0;0;0;0;0;0;0;0;0;0;0;0;0;0;0;0;0;0;0;0;0;0;0;0;0;0;0;0;0;0;0;0
14.05.2024;08:40;A147;1;2;95;1;89;1;72;1;73;4;56;8;22;6;23;9;22;5;41;4;70;2;34;3;90;0;83;2;3;3;69;2;8;2;66;0;0;0;0;1;6;9;59;14;55;3;83;2;86;1;20;1;4;0;0;0;0;0;0;0;0;0;0;0;0;0;0;0;0;0;0;0;0;0;0;0;0;0;0;0;0;0;0;0;0;0;0;0;0;0;0;0;0;0;0;0;0;0;0;0;0;0;0;0;0;0;0;0;0;0;0
14.05.2024;08:39;A147;1;3;6;3;12;6;80;6;79;1;86;1;62;3;76;1;81;2;47;1;85;2;51;3;94;1;65;1;24;4;38;0;5;1;44;2;73;2;73;2;69;2;79;2;76;17;86;2;82;0;0;0;0;0;0;0;0;0;0;0;0;0;0;0;0;0;0;0;0;0;0;0;0;0;0;0;0;0;0;0;0;0;0;0;0;0;0;0;0;0;0;0;0;0;0;0;0;0;0;0;0;0;0;0;0;0;0;0;0;0;0
14.05.2024;08:38;A147;1;1;1;1;2;4;41;4;42;2;46;4;60;9;46;8;62;2;39;2;73;2;83;0;100;1;57;1;1;1;57;1;2;2;6;2;20;2;21;3;14;7;79;9;11;1;95;2;98;0;0;0;0;0;0;0;0;0;0;0;0;0;0;0;0;0;0;0;0;0;0;0;0;0;0;0;0;0;0;0;0;0;0;0;0;0;0;0;0;0;0;0;0;0;0;0;0;0;0;0;0;0;0;0;0;0;0;0;0;0;0
14.05.2024;08:37;A147;1;2;88;2;34;2;92;2;94;0;100;1;11;13;29;4;19;1;3;3;50;4;50;2;93;1;61;0;0;4;88;1;2;3;84;0;0;0;0;0;0;11;51;6;20;10;81;3;76;0;0;0;0;0;0;0;0;0;0;0;0;0;0;0;0;0;0;0;0;0;0;0;0;0;0;0;0;0;0;0;0;0;0;0;0;0;0;0;0;0;0;0;0;0;0;0;0;0;0;0;0;0;0;0;0;0;0;0;0;0;0
14.05.2024;08:36;A147;1;2;4;4;9;6;84;6;84;3;64;1;44;3;56;1;14;1;5;2;39;1;16;1;26;1;7;1;1;1;36;1;5;2;41;1;9;0;87;0;87;2;75;1;89;3;82;2;89;0;0;0;0;0;0;0;0;0;0;0;0;0;0;0;0;1;1;0;0;0;0;0;0;0;0;0;0;0;0;0;0;0;0;0;0;0;0;0;0;1;1;0;0;0;0;0;0;0;0;0;0;0;0;0;0;0;0;0;0;0;0
14.05.2024;08:35;A147;1;2;2;0;4;5;35;5;35;1;45;3;26;11;55;11;54;2;37;3;85;4;81;0;100;0;0;0;0;1;26;0;0;2;19;1;27;2;70;1;51;5;72;7;6;3;86;5;22;0;0;0;0;0;0;0;0;0;0;0;0;0;0;0;0;0;0;0;0;0;0;0;0;0;0;0;0;0;0;0;0;0;0;0;0;0;0;0;0;0;0;0;0;0;0;0;0;0;0;0;0;0;0;0;0;0;0;0;0;0;0
14.05.2024;08:34;A147;1;3;75;3;74;2;73;2;74;3;58;3;17;9;13;7;11;1;26;3;35;2;23;3;92;2;49;2;77;2;91;2;43;1;92;1;51;1;53;3;28;11;52;9;14;7;77;0;36;0;0;0;0;0;0;0;0;0;0;0;0;0;0;0;0;0;0;0;0;0;0;0;0;0;0;0;0;0;0;0;0;0;0;0;0;0;0;0;0;0;0;0;0;0;0;0;0;0;0;0;0;0;0;0;0;0;0;0;0;0;0
14.05.2024;08:33;A147;1;2;40;12;28;4;74;4;73;1;68;1;46;1;33;1;46;1;52;1;39;2;40;1;23;1;5;0;0;3;26;0;0;1;64;1;61;1;61;2;66;2;88;2;90;2;93;3;41;0;13;0;0;0;0;0;0;0;0;0;0;0;0;1;1;0;0;0;0;0;0;0;0;0;0;0;0;0;0;0;0;0;0;0;0;0;0;1;1;0;0;0;0;0;0;0;0;0;0;0;0;0;0;0;0;0;0;0;0;0;0
14.05.2024;08:32;A147;1;1;2;2;21;8;61;8;61;1;41;1;58;12;71;8;63;1;30;0;95;2;65;1;19;1;4;1;1;1;0;0;2;4;36;2;24;2;23;1;25;7;75;9;71;1;88;0;87;0;100;1;2;0;0;0;0;1;1;0;0;0;0;0;0;0;0;0;0;0;0;0;0;0;0;0;0;0;0;0;0;0;0;0;0;0;0;0;0;0;0;0;0;0;0;0;0;0;0;0;0;0;0;0;0;0;0;0;0;0;0
14.05.2024;08:31;A147;1;2;6;2;10;1;46;1;47;1;52;3;48;2;38;1;0;3;17;2;47;2;10;0;0;0;0;1;2;1;54;2;6;1;12;1;22;1;24;1;37;8;62;10;52;2;87;4;72;1;3;1;4;0;0;0;0;0;0;0;0;0;0;0;0;0;0;0;0;0;0;0;0;0;0;0;0;0;0;0;0;0;0;0;0;0;0;0;0;0;0;0;0;0;0;0;0;0;0;0;0;0;0;0;0;0;0;0;0;0;0
14.05.2024;08:30;A147;1;0;35;0;0;6;86;6;86;0;93;1;83;0;0;0;0;1;6;0;0;0;0;2;14;2;6;2;21;3;39;2;25;0;44;1;81;1;80;0;90;1;89;3;90;2;92;2;88;2;17;0;20;0;0;0;0;0;0;0;0;0;0;0;0;0;0;0;0;0;0;0;0;0;0;0;0;0;0;0;0;0;0;0;0;0;0;0;0;0;0;0;0;0;0;0;0;0;0;0;0;0;0;0;0;0;0;0;0;0;0
14.05.2024;08:29;A147;1;1;20;1;5;10;82;10;83;2;69;1;10;7;53;2;63;2;6;2;69;0;65;1;77;1;4;0;0;1;53;0;0;2;20;3;85;3;86;2;96;9;76;10;75;0;94;1;97;1;98;1;10;0;0;0;0;0;0;0;0;0;0;0;0;0;0;0;0;0;0;0;0;0;0;0;0;0;0;0;0;0;0;0;0;0;0;0;0;0;0;0;0;0;0;0;0;0;0;0;0;0;0;0;0;0;0;0;0;0;0
14.05.2024;08:28;A147;1;0;0;0;0;0;100;0;100;0;100;2;7;9;14;6;23;3;9;3;32;4;35;3;59;1;11;2;62;2;75;1;81;1;83;0;100;0;100;0;100;8;72;11;73;2;97;2;97;0;0;1;6;0;0;0;0;0;0;0;0;0;0;0;0;0;0;0;0;0;0;0;0;0;0;1;1;0;0;0;0;0;0;0;0;0;0;0;0;0;0;0;0;0;0;0;0;0;0;1;4;0;0;0;0;0;0;0;0;0;0
14.05.2024;08:27;A147;1;2;2;3;6;6;63;6;63;5;75;1;42;1;43;1;23;1;5;1;49;2;26;1;98;1;70;1;1;2;1;1;3;1;4;1;68;1;69;2;35;1;90;0;100;1;99;1;96;0;0;0;0;0;0;0;0;0;0;0;0;0;0;0;0;0;0;0;0;0;0;0;0;0;0;0;0;0;0;0;0;0;0;0;0;0;0;0;0;0;0;0;0;0;0;0;0;0;0;0;0;0;0;0;0;0;0;0;0;0;0
14.05.2024;08:26;A147;1;1;0;1;3;8;39;9;40;1;55;4;41;7;52;6;53;2;62;4;65;3;27;1;72;2;10;0;0;0;0;0;0;0;0;2;22;2;21;3;23;6;41;10;62;5;27;4;80;0;0;0;0;0;0;0;0;0;0;0;0;0;0;0;0;0;0;0;0;0;0;0;0;0;0;0;0;0;0;0;0;0;0;0;0;0;0;0;0;0;0;0;0;0;0;0;0;0;0;0;0;0;0;0;0;0;0;0;0;0;0
14.05.2024;08:25;A147;1;1;46;1;4;1;37;1;38;3;33;0;0;8;44;8;27;1;18;0;100;2;38;2;69;1;57;0;0;2;6;1;4;0;90;1;42;1;43;1;51;9;26;13;62;2;47;2;89;0;64;0;0;0;0;0;0;0;0;0;0;0;0;0;0;0;0;1;1;0;0;0;0;0;0;0;0;0;0;0;0;0;0;0;0;0;0;0;0;0;0;0;0;0;0;0;0;0;0;0;0;0;0;0;0;0;0;0;0;0;0
14.05.2024;08:24;A147;1;2;42;1;4;4;53;4;54;4;57;0;0;1;33;1;24;0;0;0;100;2;30;4;58;3;27;0;0;1;37;0;0;2;10;0;0;0;0;0;0;2;89;2;82;3;91;2;92;1;52;1;5;0;0;0;0;0;0;0;0;0;0;0;0;1;1;1;1;0;0;0;0;0;0;0;0;0;0;0;0;0;0;0;0;0;0;0;0;1;1;0;0;0;0;0;0;0;0;0;0;0;0;0;0;0;0;0;0;0;0
14.05.2024;08:23;A147;1;2;67;3;16;1;29;1;29;1;2;1;66;10;15;4;2;1;15;0;100;3;12;0;100;1;47;0;0;2;69;0;0;2;9;1;29;1;29;0;30;8;51;6;68;5;50;5;40;0;0;0;0;1;1;0;0;1;1;0;0;0;0;0;0;0;0;0;0;0;0;0;0;0;0;0;0;2;3;0;0;1;1;0;0;0;0;0;0;0;0;0;0;0;0;0;0;0;0;0;0;0;0;0;0;0;0;0;0;0;0
14.05.2024;08:22;A147;1;2;82;1;93;1;17;1;19;6;9;5;26;13;21;11;20;5;33;0;100;3;36;5;87;0;85;1;64;3;68;1;7;6;21;1;90;1;91;3;31;11;29;10;59;3;50;2;47;0;0;0;0;4;6;0;0;0;0;0;0;0;0;0;0;0;0;0;0;0;0;0;0;0;0;0;0;3;10;0;0;0;0;0;0;0;0;0;0;0;0;0;0;0;0;0;0;0;0;0;0;0;0;0;0;0;0;0;0;0;0
14.05.2024;08:21;A147;1;1;42;1;38;4;85;4;84;1;89;1;22;1;64;1;33;1;4;1;72;1;40;2;54;3;11;2;36;2;37;1;38;2;5;0;0;0;0;0;0;1;83;2;87;1;93;2;83;0;0;0;0;0;0;0;0;0;0;0;0;0;0;0;0;0;0;0;0;0;0;0;0;0;0;0;0;0;0;0;0;0;0;0;0;0;0;0;0;0;0;0;0;0;0;0;0;0;0;0;0;0;0;0;0;0;0;0;0;0;0
14.05.2024;08:20;A147;1;1;32;1;4;4;70;4;71;2;70;3;31;8;50;6;16;1;43;2;63;6;27;1;51;2;11;1;54;1;11;2;18;1;3;0;0;0;0;0;0;8;77;10;73;0;96;2;98;0;0;0;0;0;0;0;0;0;0;0;0;0;0;0;0;0;0;0;0;0;0;0;0;0;0;0;0;0;0;0;0;0;0;0;0;0;0;0;0;0;0;0;0;0;0;0;0;0;0;0;0;0;0;0;0;0;0;0;0;0;0
14.05.2024;08:19;A147;1;0;0;0;0;1;70;1;71;3;39;6;29;12;24;9;19;1;37;4;46;5;35;3;71;3;40;0;0;2;87;0;0;2;64;1;0;0;0;0;0;14;68;8;45;3;94;3;52;0;0;0;0;0;0;0;0;0;0;0;0;0;0;0;0;0;0;0;0;0;0;0;0;0;0;1;1;0;0;0;0;0;0;0;0;0;0;0;0;0;0;0;0;0;0;0;0;0;0;1;1;0;0;0;0;0;0;0;0;0;0
14.05.2024;08:18;A147;1;2;41;1;8;5;56;5;57;2;70;1;71;5;68;2;63;4;67;6;66;2;72;4;91;0;27;2;36;4;41;2;4;4;48;1;77;1;76;0;78;2;85;2;83;2;88;2;78;0;0;0;0;0;0;1;1;0;0;0;0;0;0;0;0;0;0;0;0;0;0;0;0;0;0;0;0;0;0;1;1;0;0;0;0;0;0;0;0;0;0;0;0;0;0;0;0;0;0;0;0;0;0;0;0;0;0;0;0;0;0
14.05.2024;08:17;A147;1;1;84;1;4;2;22;2;21;1;4;5;44;12;49;6;16;2;66;8;74;6;19;0;100;1;57;1;71;1;83;3;5;2;75;3;77;3;77;2;84;5;51;7;8;4;18;7;15;0;0;0;0;0;0;0;0;0;0;0;0;0;0;0;0;0;0;0;0;0;0;0;0;0;0;0;0;0;0;0;0;0;0;0;0;0;0;0;0;0;0;0;0;0;0;0;0;0;0;0;0;0;0;0;0;0;0;0;0;0;0
14.05.2024;08:16;A147;1;1;32;1;5;1;34;1;35;1;3;2;2;12;13;8;11;3;33;7;35;4;27;2;84;2;27;1;90;2;42;1;84;4;8;1;75;1;76;1;81;10;21;11;19;4;37;7;47;0;0;0;0;0;0;0;0;0;0;0;0;0;0;0;0;0;0;0;0;0;0;0;0;0;0;0;0;0;0;0;0;0;0;0;0;0;0;0;0;0;0;0;0;0;0;0;0;0;0;0;0;0;0;0;0;0;0;0;0;0;0
14.05.2024;08:15;A147;1;0;37;0;0;2;29;2;29;2;12;0;0;2;70;1;13;0;0;3;16;1;20;5;87;0;30;2;49;0;37;2;15;0;0;0;0;0;0;0;0;2;81;3;83;4;81;3;69;0;0;0;0;0;0;0;0;0;0;0;0;0;0;0;0;0;0;0;0;0;0;0;0;0;0;0;0;0;0;0;0;0;0;0;0;0;0;0;0;0;0;0;0;0;0;0;0;0;0;0;0;0;0;0;0;0;0;0;0;0;0
14.05.2024;08:14;A147;1;2;26;2;21;3;32;3;32;0;34;2;18;6;48;4;4;2;9;1;69;3;33;1;86;4;53;2;12;1;1;3;9;1;8;1;31;1;31;2;4;11;74;9;72;1;99;2;91;0;0;0;0;0;0;0;0;0;0;0;0;0;0;0;0;0;0;0;0;0;0;1;1;0;0;1;1;0;0;0;0;0;0;0;0;0;0;0;0;0;0;0;0;0;0;0;0;0;0;0;0;0;0;0;0;0;0;0;0;0;0
14.05.2024;08:13;A147;1;1;85;1;8;0;100;0;100;1;55;3;4;10;11;7;5;2;14;3;32;5;16;4;63;2;47;2;25;2;69;3;10;2;12;1;3;1;4;1;5;10;72;10;70;3;98;2;99;1;65;0;66;0;0;0;0;0;0;0;0;0;0;0;0;0;0;0;0;0;0;0;0;0;0;0;0;0;0;0;0;0;0;0;0;0;0;0;0;0;0;0;0;0;0;0;0;0;0;0;0;0;0;0;0;0;0;0;0;0;0
14.05.2024;08:12;A147;1;4;56;3;57;3;25;3;26;8;42;2;32;3;48;1;45;2;28;3;59;2;11;1;95;1;71;0;36;3;19;0;0;3;11;1;6;1;6;1;19;1;96;2;90;2;93;2;67;1;53;2;58;0;0;0;0;0;0;0;0;0;0;0;0;0;0;0;0;0;0;0;0;0;0;0;0;0;0;0;0;0;0;0;0;0;0;0;0;0;0;0;0;0;0;0;0;0;0;0;0;0;0;0;0;0;0;0;0;0;0
14.05.2024;08:11;A147;1;3;49;4;28;6;36;6;36;2;47;6;60;7;43;7;26;3;78;2;65;6;36;1;69;2;21;2;2;0;0;2;7;0;0;1;2;0;28;0;0;4;71;10;73;3;37;1;94;0;0;0;0;0;0;0;0;0;0;0;0;0;0;0;0;0;0;0;0;0;0;0;0;0;0;0;0;0;0;0;0;0;0;0;0;0;0;0;0;0;0;0;0;0;0;0;0;0;0;0;0;0;0;0;0;0;0;0;0;0;0
14.05.2024;08:10;A147;1;4;71;4;57;1;63;1;63;2;60;1;1;10;19;1;0;2;5;6;39;1;1;2;70;1;35;3;89;1;21;2;37;2;27;1;2;2;5;3;4;9;57;11;62;2;55;2;86;0;0;0;0;0;0;0;0;0;0;0;0;0;0;0;0;0;0;0;0;0;0;0;0;0;0;0;0;0;0;0;0;0;0;0;0;0;0;0;0;0;0;0;0;0;0;0;0;0;0;0;0;0;0;0;0;0;0;0;0;0;0
14.05.2024;08:09;A147;1;1;45;3;24;5;85;5;85;1;83;0;0;2;48;0;0;0;0;2;58;0;0;3;92;1;28;3;68;2;35;3;42;1;0;1;86;1;86;0;87;3;93;3;87;3;94;3;92;0;0;0;0;0;0;0;0;0;0;0;0;0;0;1;1;0;0;1;1;0;0;0;0;0;0;0;0;0;0;0;0;0;0;0;0;0;0;0;0;0;0;1;1;0;0;0;0;0;0;0;0;0;0;0;0;0;0;0;0;0;0
14.05.2024;08:08;A147;1;2;68;5;19;6;55;6;56;2;47;1;63;10;30;3;9;2;8;5;52;3;13;1;24;2;29;2;24;1;29;4;30;1;3;4;78;4;79;3;89;10;77;8;72;1;99;1;85;0;0;0;0;0;0;0;0;0;0;0;0;0;0;0;0;0;0;0;0;0;0;0;0;0;0;0;0;0;0;0;0;0;0;0;0;0;0;0;0;0;0;0;0;0;0;0;0;0;0;0;0;0;0;0;0;0;0;0;0;0;0
14.05.2024;08:07;A147;1;0;0;1;1;1;23;1;24;2;29;3;21;10;19;7;4;4;25;2;41;6;18;3;48;3;15;0;0;3;68;0;0;2;66;1;58;1;59;4;45;11;47;7;38;5;66;5;35;0;0;0;0;0;0;0;0;0;0;0;0;0;0;0;0;0;0;0;0;0;0;0;0;0;0;0;0;0;0;0;0;0;0;0;0;0;0;0;0;0;0;0;0;0;0;0;0;0;0;0;0;0;0;0;0;0;0;0;0;0;0
14.05.2024;08:06;A147;1;0;0;0;0;3;55;3;56;2;19;1;35;2;35;1;1;1;6;1;45;2;4;1;15;0;0;0;33;3;5;0;0;4;26;2;75;2;75;1;2;2;84;4;88;1;91;1;99;0;0;0;0;0;0;0;0;0;0;0;0;0;0;1;1;0;0;1;1;0;0;0;0;0;0;0;0;0;0;0;0;0;0;0;0;0;0;1;1;0;0;0;0;0;0;0;0;0;0;0;0;0;0;0;0;0;0;0;0;0;0
14.05.2024;08:05;A147;1;0;0;1;37;5;34;5;34;0;38;6;60;11;35;5;19;3;57;5;57;4;26;1;88;2;9;1;21;0;0;1;2;0;0;0;28;0;27;2;2;8;79;12;77;1;99;1;99;0;0;0;0;0;0;0;0;0;0;0;0;0;0;0;0;0;0;2;3;0;0;0;0;0;0;0;0;0;0;0;0;0;0;0;0;0;0;0;0;0;0;0;0;0;0;0;0;0;0;0;0;0;0;0;0;0;0;0;0;0;0
14.05.2024;08:04;A147;1;2;79;5;75;1;77;1;78;2;77;0;4;5;22;9;15;0;25;4;33;3;31;2;30;2;14;0;83;1;74;0;0;2;3;1;97;1;97;1;1;9;63;10;63;1;97;5;80;0;0;1;1;0;0;0;0;0;0;1;1;0;0;0;0;0;0;0;0;0;0;0;0;0;0;0;0;0;0;0;0;0;0;2;3;0;0;0;0;0;0;0;0;0;0;0;0;0;0;0;0;0;0;0;0;0;0;0;0;0;0
14.05.2024;08:03;A147;1;3;38;1;9;5;69;5;70;4;37;1;38;1;96;2;60;0;100;0;100;2;53;5;7;2;11;1;39;0;0;1;6;0;0;2;3;2;2;2;2;1;94;1;93;2;98;1;21;0;0;0;0;0;0;0;0;0;0;0;0;0;0;0;0;1;1;0;0;0;0;0;0;0;0;0;0;0;0;0;0;0;0;0;0;0;0;0;0;0;0;0;0;0;0;0;0;0;0;0;0;0;0;0;0;0;0;0;0;0;0
14.05.2024;08:02;A147;1;1;55;2;12;3;32;3;32;0;33;5;45;7;48;5;47;2;57;3;74;5;31;1;57;3;55;1;26;1;0;2;1;0;0;1;32;1;31;0;35;4;75;7;9;1;88;2;79;1;45;1;5;0;0;0;0;0;0;0;0;0;0;0;0;0;0;0;0;0;0;0;0;0;0;0;0;0;0;0;0;0;0;0;0;0;0;0;0;0;0;0;0;0;0;0;0;0;0;0;0;0;0;0;0;0;0;0;0;0;0
14.05.2024;08:01;A147;1;1;89;3;13;1;98;0;100;1;47;1;17;9;9;3;2;2;18;3;42;3;8;3;35;2;43;1;87;2;66;0;0;3;13;1;54;1;55;1;62;10;43;7;9;4;73;3;52;0;65;0;0;0;0;0;0;0;0;0;0;0;0;2;3;0;0;0;0;0;0;0;0;0;0;0;0;0;0;0;0;0;0;0;0;0;0;2;3;0;0;0;0;0;0;0;0;0;0;0;0;0;0;0;0;0;0;0;0;0;0
14.05.2024;08:00;A147;1;2;72;8;23;2;70;3;69;3;52;2;69;2;42;1;20;2;73;1;52;2;8;3;17;0;19;1;0;1;35;1;4;2;1;0;72;0;72;0;0;1;93;1;74;1;99;1;81;1;1;2;8;1;1;0;0;0;0;0;0;0;0;0;0;0;0;0;0;0;0;0;0;0;0;0;0;1;1;0;0;0;0;0;0;0;0;0;0;0;0;0;0;0;0;0;0;0;0;0;0;0;0;0;0;0;0;0;0;0;0
14.05.2024;07:59;A147;1;1;45;2;9;4;75;4;75;1;40;5;32;11;69;10;62;3;45;1;89;4;79;0;100;1;49;4;8;1;72;2;9;1;6;1;43;1;44;1;6;8;81;8;75;1;99;0;89;0;0;0;0;0;0;0;0;0;0;0;0;0;0;0;0;0;0;0;0;1;1;0;0;0;0;0;0;0;0;0;0;0;0;0;0;0;0;0;0;0;0;0;0;0;0;0;0;0;0;0;0;0;0;0;0;0;0;0;0;0;0
14.05.2024;07:58;A147;1;1;81;1;3;1;50;1;51;2;28;3;3;8;35;8;18;3;23;2;54;6;32;4;94;1;81;2;95;3;67;0;100;4;70;2;2;2;1;0;0;8;53;13;54;4;76;5;81;0;0;0;0;0;0;0;0;0;0;0;0;0;0;0;0;0;0;0;0;0;0;0;0;0;0;0;0;0;0;0;0;0;0;0;0;0;0;0;0;0;0;0;0;0;0;0;0;0;0;0;0;0;0;0;0;0;0;0;0;0;0
14.05.2024;07:57;A147;1;2;43;1;31;3;56;3;56;4;23;0;0;5;50;3;35;1;0;5;57;3;10;2;81;3;20;2;60;0;0;2;16;0;0;0;76;0;75;0;0;3;88;3;87;0;100;1;98;0;0;0;0;0;0;0;0;0;0;0;0;0;0;0;0;0;0;0;0;0;0;0;0;0;0;0;0;0;0;0;0;0;0;0;0;0;0;0;0;0;0;0;0;0;0;0;0;0;0;0;0;0;0;0;0;0;0;0;0;0;0
14.05.2024;07:56;A147;1;2;59;5;14;0;0;0;0;0;0;1;47;11;62;11;58;2;10;3;83;2;79;4;82;2;58;5;18;3;3;4;17;3;8;0;100;0;100;0;0;7;81;8;80;0;100;1;99;0;0;0;0;0;0;0;0;0;0;0;0;0;0;1;1;0;0;0;0;0;0;0;0;0;0;0;0;0;0;0;0;0;0;0;0;0;0;0;0;0;0;0;0;0;0;0;0;0;0;0;0;0;0;0;0;0;0;0;0;0;0
14.05.2024;07:55;A147;1;0;0;0;0;4;50;4;51;1;57;4;62;6;61;4;53;2;15;3;76;5;48;0;100;1;61;3;95;1;96;0;100;1;75;3;76;3;77;3;84;9;74;8;59;2;97;3;72;0;0;0;0;0;0;0;0;0;0;0;0;0;0;0;0;0;0;0;0;0;0;0;0;0;0;0;0;0;0;0;0;0;0;0;0;0;0;0;0;0;0;0;0;0;0;0;0;0;0;0;0;0;0;0;0;0;0;0;0;0;0
14.05.2024;07:54;A147;1;0;0;0;0;2;39;2;38;3;6;1;60;1;40;1;69;1;65;2;46;1;5;3;87;2;29;3;43;5;48;3;27;5;47;1;55;1;55;2;58;1;88;1;77;2;84;2;52;0;0;0;0;0;0;0;0;0;0;0;0;0;0;1;1;0;0;0;0;0;0;0;0;0;0;0;0;0;0;0;0;0;0;0;0;0;0;0;0;0;0;0;0;0;0;0;0;0;0;0;0;0;0;0;0;0;0;0;0;0;0
14.05.2024;07:53;A147;1;0;0;1;0;5;37;5;36;1;43;3;20;8;71;6;22;3;18;0;90;3;37;0;100;1;95;1;2;1;0;1;4;0;0;2;36;2;36;0;34;8;73;10;74;1;90;1;96;0;0;0;0;0;0;0;0;0;0;0;0;0;0;0;0;1;1;0;0;0;0;0;0;0;0;0;0;0;0;0;0;0;0;0;0;0;0;0;0;1;1;0;0;0;0;0;0;0;0;0;0;0;0;0;0;0;0;0;0;0;0
14.05.2024;07:52;A147;1;0;0;0;0;1;95;1;96;2;40;4;22;11;27;8;19;2;27;0;100;2;32;2;90;2;37;1;52;1;54;1;1;2;4;1;7;1;21;1;30;10;56;8;47;5;76;5;65;0;0;0;0;0;0;0;0;0;0;0;0;0;0;0;0;0;0;0;0;0;0;0;0;0;0;0;0;0;0;0;0;1;1;0;0;0;0;0;0;0;0;0;0;0;0;0;0;0;0;0;0;0;0;0;0;0;0;0;0;0;0
14.05.2024;07:51;A147;1;1;4;2;9;5;73;5;73;2;77;1;61;1;50;1;26;2;46;2;40;2;11;1;52;1;5;0;33;2;3;0;0;3;4;1;68;1;68;2;53;5;63;6;80;2;77;3;35;0;0;0;0;0;0;0;0;0;0;0;0;0;0;0;0;0;0;0;0;0;0;0;0;0;0;0;0;0;0;0;0;0;0;0;0;0;0;0;0;0;0;0;0;0;0;0;0;0;0;0;0;0;0;0;0;0;0;0;0;0;0
14.05.2024;07:50;A147;1;1;1;1;12;7;34;7;34;2;40;5;23;4;25;3;16;4;28;3;33;3;12;0;0;0;0;1;76;0;0;1;4;0;0;1;0;0;0;0;0;10;78;12;75;0;100;2;99;0;93;0;0;0;0;0;0;0;0;0;0;0;0;1;1;0;0;0;0;0;0;0;0;0;0;0;0;0;0;0;0;0;0;0;0;0;0;0;0;0;0;0;0;0;0;0;0;0;0;0;0;0;0;0;0;0;0;0;0;0;0
14.05.2024;07:49;A147;1;0;0;2;2;1;82;1;83;2;81;0;5;5;17;7;18;0;0;0;25;0;30;0;0;0;0;2;45;1;33;3;29;2;4;0;0;0;0;0;0;8;82;13;64;0;100;2;99;1;15;1;4;0;0;0;0;0;0;0;0;0;0;0;0;0;0;0;0;0;0;0;0;0;0;0;0;0;0;0;0;0;0;0;0;0;0;0;0;0;0;0;0;0;0;0;0;0;0;0;0;0;0;0;0;0;0;0;0;0;0
14.05.2024;07:48;A147;1;2;1;2;5;7;73;7;74;2;86;1;23;1;32;1;42;1;14;1;41;2;38;2;17;1;3;2;37;0;0;0;0;0;0;3;2;2;1;0;0;1;87;2;74;1;94;3;76;0;0;0;0;0;0;0;0;0;0;0;0;0;0;0;0;0;0;0;0;0;0;0;0;0;0;0;0;0;0;0;0;0;0;0;0;0;0;0;0;0;0;0;0;0;0;0;0;0;0;0;0;0;0;0;0;0;0;0;0;0;0
14.05.2024;07:47;A147;1;0;0;1;0;7;37;7;37;0;43;3;11;6;72;8;9;1;71;1;86;5;69;0;100;1;7;1;52;0;0;2;17;0;0;0;0;0;0;0;0;9;15;6;73;1;94;1;82;0;0;0;0;0;0;0;0;0;0;0;0;0;0;0;0;0;0;0;0;0;0;0;0;0;0;0;0;0;0;0;0;0;0;0;0;0;0;0;0;0;0;0;0;0;0;0;0;0;0;0;0;0;0;0;0;0;0;0;0;0;0
14.05.2024;07:46;A147;1;1;30;0;56;1;98;1;98;4;22;1;7;12;31;7;17;3;21;3;61;2;30;2;26;2;8;1;18;1;42;1;21;1;7;0;0;0;0;0;0;10;24;13;63;4;88;3;93;0;0;0;0;0;0;0;0;0;0;0;0;0;0;0;0;0;0;0;0;0;0;0;0;0;0;0;0;0;0;0;0;0;0;0;0;0;0;0;0;0;0;0;0;0;0;0;0;0;0;0;0;0;0;0;0;0;0;0;0;0;0
14.05.2024;07:45;A147;1;0;0;3;11;6;85;6;84;0;99;1;5;3;38;3;34;1;6;2;42;4;37;2;19;0;17;0;0;1;33;0;0;1;5;0;0;0;0;0;0;2;94;2;92;2;95;2;90;0;0;0;0;0;0;0;0;0;0;0;0;0;0;0;0;0;0;0;0;0;0;0;0;0;0;0;0;0;0;0;0;0;0;0;0;0;0;0;0;0;0;0;0;0;0;0;0;0;0;0;0;0;0;0;0;0;0;0;0;0;0
14.05.2024;07:44;A147;1;0;0;0;0;5;42;5;43;1;58;4;14;11;63;9;37;3;28;2;88;6;38;0;100;1;97;0;0;1;60;0;0;2;3;1;17;1;18;1;5;7;73;11;74;2;90;1;99;0;0;0;0;0;0;0;0;0;0;0;0;0;0;0;0;0;0;0;0;0;0;0;0;0;0;0;0;0;0;0;0;0;0;0;0;0;0;0;0;0;0;0;0;0;0;0;0;0;0;0;0;0;0;0;0;0;0;0;0;0;0
14.05.2024;07:43;A147;1;0;0;0;0;1;75;1;76;4;47;7;27;9;19;8;4;0;37;2;61;7;19;3;92;0;79;1;57;0;0;1;3;0;0;0;0;0;0;0;0;12;63;13;63;4;95;5;84;0;0;0;0;0;0;0;0;0;0;0;0;0;0;0;0;0;0;1;1;0;0;0;0;0;0;0;0;0;0;0;0;0;0;0;0;0;0;0;0;0;0;0;0;0;0;0;0;0;0;0;0;0;0;0;0;0;0;0;0;0;0
14.05.2024;07:42;A147;1;2;28;3;8;6;75;6;74;7;21;1;50;2;22;0;0;1;57;0;100;0;0;2;59;3;11;4;41;2;34;1;23;2;34;1;54;0;73;1;60;2;91;1;81;1;99;2;57;0;13;0;0;0;0;0;0;1;1;0;0;0;0;0;0;0;0;0;0;0;0;0;0;0;0;0;0;0;0;0;0;1;2;0;0;0;0;0;0;0;0;0;0;0;0;0;0;0;0;0;0;0;0;0;0;0;0;0;0;0;0
14.05.2024;07:41;A147;1;2;2;3;12;6;69;6;69;1;44;3;24;6;66;7;55;4;23;1;99;2;50;1;70;2;10;2;48;2;2;2;19;2;11;3;1;3;1;0;0;7;86;10;72;0;100;4;93;0;100;0;0;0;0;0;0;0;0;0;0;0;0;0;0;0;0;0;0;0;0;0;0;0;0;0;0;0;0;0;0;0;0;0;0;0;0;0;0;1;1;0;0;0;0;0;0;0;0;0;0;0;0;0;0;0;0;0;0;0;0
14.05.2024;07:40;A147;1;1;35;1;5;1;61;1;61;3;34;4;18;12;27;5;14;0;23;0;100;3;22;3;29;3;22;2;93;2;84;2;64;3;3;3;1;2;1;0;0;9;53;6;54;1;78;2;63;1;66;1;3;0;0;0;0;0;0;0;0;0;0;0;0;0;0;0;0;0;0;0;0;0;0;0;0;0;0;0;0;1;1;0;0;0;0;0;0;0;0;0;0;0;0;0;0;0;0;0;0;0;0;0;0;0;0;0;0;0;0
14.05.2024;07:39;A147;1;4;45;2;39;4;71;4;73;1;79;2;46;1;70;1;32;3;54;0;100;2;18;0;11;0;0;1;45;3;4;2;5;3;14;1;12;1;12;1;3;2;92;2;79;2;94;2;80;1;50;1;6;0;0;0;0;0;0;0;0;0;0;1;1;0;0;0;0;0;0;0;0;0;0;0;0;0;0;0;0;0;0;0;0;0;0;1;1;0;0;0;0;0;0;0;0;0;0;0;0;0;0;0;0;0;0;0;0;0;0
14.05.2024;07:38;A147;1;1;50;4;8;5;40;5;41;5;29;2;3;4;11;4;24;4;30;2;99;3;24;1;33;1;5;2;61;1;0;1;2;0;0;4;38;4;37;0;43;5;74;8;54;1;91;6;35;0;0;0;0;0;0;0;0;0;0;1;1;0;0;0;0;0;0;0;0;0;0;0;0;0;0;0;0;0;0;0;0;0;0;0;0;0;0;0;0;0;0;0;0;0;0;0;0;0;0;0;0;0;0;0;0;0;0;0;0;0;0
14.05.2024;07:37;A147;1;1;84;0;2;3;29;3;30;3;9;2;24;13;34;12;35;0;24;2;61;2;53;2;60;1;8;1;19;1;58;1;7;2;8;0;100;0;100;0;100;10;70;10;33;2;89;2;52;0;0;0;0;0;0;0;0;0;0;0;0;0;0;1;1;0;0;1;1;0;0;0;0;0;0;0;0;0;0;0;0;0;0;0;0;0;0;1;1;0;0;0;0;0;0;0;0;0;0;0;0;0;0;0;0;0;0;0;0;0;0
14.05.2024;07:36;A147;1;5;50;4;65;7;88;7;87;1;76;1;69;3;54;1;54;4;27;1;69;3;58;1;17;1;2;2;2;2;34;3;4;1;0;1;10;1;12;1;18;3;87;1;82;2;98;2;90;0;0;0;0;0;0;0;0;0;0;0;0;0;0;0;0;1;1;0;0;0;0;0;0;0;0;0;0;0;0;0;0;0;0;0;0;0;0;0;0;1;1;0;0;0;0;0;0;0;0;0;0;0;0;0;0;0;0;0;0;0;0
14.05.2024;07:35;A147;1;2;72;3;42;5;45;5;45;2;51;0;0;10;76;11;48;1;5;3;88;4;64;0;100;1;5;0;0;1;38;0;0;2;3;1;33;0;31;0;29;9;76;8;71;3;87;2;84;0;0;0;0;0;0;0;0;0;0;0;0;0;0;0;0;0;0;0;0;0;0;0;0;0;0;0;0;0;0;0;0;0;0;0;0;0;0;0;0;0;0;0;0;0;0;0;0;0;0;0;0;0;0;0;0;0;0;0;0;0;0
14.05.2024;07:34;A147;1;3;85;2;17;1;39;1;41;2;66;1;3;9;19;9;8;0;79;2;47;5;21;4;80;2;72;1;77;1;77;1;5;1;3;2;1;2;2;1;6;10;50;14;45;3;51;2;76;0;0;0;0;0;0;0;0;0;0;0;0;0;0;0;0;0;0;0;0;0;0;0;0;0;0;0;0;0;0;0;0;0;0;0;0;0;0;0;0;0;0;1;1;0;0;0;0;0;0;0;0;0;0;0;0;0;0;0;0;0;0
14.05.2024;07:33;A147;1;2;41;3;7;1;79;1;78;1;25;2;54;3;53;1;45;0;100;3;56;2;20;3;63;1;22;1;38;0;36;0;39;0;0;1;0;0;0;0;0;3;74;1;77;1;83;2;40;0;0;0;0;0;0;0;0;0;0;0;0;0;0;0;0;0;0;0;0;0;0;0;0;0;0;0;0;0;0;0;0;0;0;0;0;0;0;0;0;0;0;0;0;0;0;0;0;0;0;0;0;0;0;0;0;0;0;0;0;0;0
14.05.2024;07:32;A147;1;2;63;2;8;6;61;6;61;1;47;6;75;11;68;7;25;0;100;3;90;1;93;1;86;3;17;1;19;1;0;3;21;1;6;1;33;1;33;0;32;6;68;8;26;4;85;2;47;0;0;0;0;0;0;0;0;0;0;0;0;0;0;0;0;2;3;0;0;0;0;0;0;0;0;0;0;0;0;0;0;0;0;0;0;0;0;0;0;0;0;0;0;0;0;0;0;0;0;0;0;0;0;0;0;0;0;0;0;0;0
14.05.2024;07:31;A147;1;4;21;4;34;2;95;2;95;2;81;1;31;9;28;0;66;4;99;14;49;0;100;2;72;2;61;1;90;0;0;1;5;0;0;3;10;1;10;1;17;9;64;9;25;1;86;3;42;0;0;1;0;0;0;0;0;0;0;0;0;0;0;1;1;0;0;0;0;0;0;0;0;0;0;0;0;0;0;0;0;0;0;0;0;0;0;8;18;0;0;0;0;0;0;0;0;0;0;0;0;0;0;0;0;0;0;0;0;0;0
14.05.2024;07:30;A147;1;4;45;1;51;6;87;6;86;1;96;1;49;1;65;1;42;1;69;1;74;2;34;2;49;0;0;5;54;2;35;2;45;4;3;2;81;2;81;0;83;1;56;1;14;2;33;1;22;0;0;0;0;0;0;0;0;0;0;0;0;0;0;0;0;0;0;0;0;0;0;0;0;0;0;0;0;0;0;0;0;0;0;0;0;0;0;0;0;0;0;0;0;0;0;0;0;0;0;0;0;0;0;0;0;0;0;0;0;0;0
14.05.2024;07:29;A147;1;1;23;3;11;4;75;4;76;3;24;9;43;12;34;7;5;5;71;8;57;5;17;0;100;1;7;1;95;1;46;2;29;0;0;1;28;1;29;3;31;9;48;7;9;0;100;7;20;0;0;0;0;0;0;0;0;0;0;0;0;0;0;0;0;0;0;1;1;0;0;0;0;0;0;0;0;0;0;0;0;0;0;0;0;0;0;0;0;0;0;0;0;0;0;0;0;0;0;0;0;0;0;0;0;0;0;0;0;0;0
14.05.2024;07:28;A147;1;0;0;0;0;1;76;1;77;2;63;2;5;7;21;6;20;3;26;0;36;0;35;1;5;1;5;0;0;1;22;1;0;2;5;1;2;1;2;0;0;10;68;7;20;1;99;3;33;0;0;0;0;0;0;0;0;0;0;0;0;0;0;0;0;0;0;0;0;0;0;0;0;0;0;0;0;0;0;0;0;0;0;0;0;0;0;0;0;0;0;0;0;0;0;0;0;0;0;0;0;0;0;0;0;0;0;0;0;0;0
14.05.2024;07:27;A147;1;1;39;1;3;3;80;3;81;2;75;0;0;3;43;1;39;0;0;3;41;2;14;1;17;0;0;2;36;1;23;2;35;1;27;2;81;2;80;1;63;1;84;1;85;0;100;3;27;0;0;0;0;0;0;0;0;1;1;0;0;0;0;0;0;0;0;0;0;0;0;0;0;0;0;0;0;0;0;0;0;1;1;0;0;0;0;0;0;0;0;0;0;0;0;0;0;0;0;0;0;0;0;0;0;0;0;0;0;0;0
14.05.2024;07:26;A147;1;2;21;2;15;9;86;9;87;0;52;3;4;10;56;5;52;2;14;1;80;2;67;0;100;1;4;1;1;2;1;2;3;2;4;3;44;3;50;2;60;7;74;6;68;0;100;1;81;0;0;0;0;0;0;0;0;0;0;0;0;0;0;0;0;0;0;1;1;0;0;0;0;0;0;0;0;0;0;0;0;0;0;0;0;0;0;0;0;0;0;0;0;0;0;0;0;0;0;0;0;0;0;0;0;0;0;0;0;0;0
14.05.2024;07:25;A147;1;2;29;3;24;0;100;0;100;0;100;1;1;11;11;3;2;1;4;2;34;3;7;1;12;1;3;1;2;0;0;0;0;0;0;0;100;0;100;0;100;16;63;16;62;1;96;4;96;1;60;0;58;0;0;0;0;0;0;0;0;0;0;0;0;0;0;0;0;0;0;0;0;0;0;0;0;0;0;0;0;0;0;0;0;0;0;0;0;0;0;0;0;0;0;0;0;0;0;0;0;0;0;0;0;0;0;0;0;0;0
14.05.2024;07:24;A147;1;2;30;0;31;1;82;1;82;1;87;3;88;2;95;3;88;3;59;0;100;1;30;3;88;0;93;2;38;2;35;1;29;0;33;2;11;2;13;2;20;0;100;0;100;0;100;0;100;1;52;2;55;0;0;0;0;0;0;0;0;0;0;2;3;0;0;0;0;0;0;0;0;0;0;0;0;0;0;0;0;0;0;0;0;0;0;1;1;0;0;0;0;0;0;0;0;0;0;0;0;0;0;0;0;0;0;0;0;0;0
14.05.2024;07:23;A147;1;1;70;2;49;3;35;2;61;1;64;4;60;8;47;5;56;0;67;5;65;5;10;0;100;2;39;1;54;2;41;1;6;2;39;1;26;0;24;0;0;6;76;7;65;1;96;7;63;0;0;0;0;0;0;0;0;0;0;0;0;0;0;0;0;0;0;1;1;0;0;0;0;0;0;0;0;0;0;0;0;0;0;0;0;0;0;0;0;0;0;1;1;0;0;0;0;0;0;0;0;0;0;0;0;0;0;0;0;0;0
14.05.2024;07:22;A147;1;1;1;1;4;0;0;1;33;2;33;6;48;8;18;7;46;3;55;4;43;4;24;3;65;2;23;1;55;1;3;1;2;3;8;1;63;1;64;2;10;10;53;9;57;1;99;6;36;0;62;0;0;0;0;0;0;0;0;0;0;0;0;0;0;0;0;0;0;0;0;0;0;0;0;0;0;0;0;0;0;0;0;0;0;0;0;0;0;0;0;0;0;0;0;0;0;0;0;0;0;0;0;0;0;0;0;0;0;0;0
14.05.2024;07:21;A147;1;3;44;0;51;1;80;1;79;2;36;1;80;1;97;1;81;2;34;1;83;2;39;1;11;2;7;1;24;5;30;1;6;0;45;3;17;2;17;2;21;4;69;1;46;5;84;4;21;1;52;1;4;0;0;0;0;0;0;0;0;0;0;0;0;0;0;0;0;0;0;0;0;0;0;0;0;0;0;0;0;0;0;0;0;0;0;0;0;0;0;0;0;0;0;0;0;0;0;0;0;0;0;0;0;0;0;0;0;0;0
14.05.2024;07:20;A147;1;1;77;1;85;1;33;1;33;5;62;0;50;9;47;3;24;0;100;6;62;3;11;0;0;0;0;0;0;0;0;0;0;1;73;1;20;1;19;0;0;8;48;10;50;3;70;6;68;1;51;1;4;0;0;0;0;0;0;0;0;0;0;0;0;0;0;0;0;0;0;0;0;0;0;0;0;0;0;0;0;0;0;0;0;0;0;0;0;0;0;0;0;0;0;0;0;0;0;0;0;0;0;0;0;0;0;0;0;0;0
14.05.2024;07:19;A147;1;2;57;2;56;1;47;1;48;1;3;4;21;6;21;7;19;1;96;2;33;0;33;1;64;0;0;3;48;1;65;6;14;1;10;1;71;1;72;6;9;10;62;11;51;2;87;10;73;0;0;0;0;0;0;0;0;0;0;0;0;0;0;0;0;0;0;0;0;0;0;0;0;0;0;0;0;0;0;0;0;0;0;0;0;0;0;0;0;0;0;0;0;0;0;0;0;0;0;0;0;0;0;0;0;0;0;0;0;0;0
14.05.2024;07:18;A147;1;1;16;1;4;2;82;2;81;0;83;0;0;2;42;1;36;0;100;3;44;2;34;1;32;2;9;4;16;1;38;3;54;0;35;3;87;3;87;0;100;4;80;3;78;2;79;1;91;0;0;0;0;0;0;0;0;0;0;0;0;0;0;0;0;0;0;0;0;0;0;0;0;0;0;0;0;0;0;0;0;0;0;0;0;0;0;0;0;0;0;0;0;0;0;0;0;0;0;0;0;0;0;0;0;0;0;0;0;0;0
14.05.2024;07:17;A147;1;0;0;0;0;4;63;4;65;4;60;6;82;5;75;4;31;1;99;2;80;1;43;1;23;1;4;0;0;1;28;1;33;1;35;3;59;3;61;2;59;8;82;12;77;0;100;0;100;0;0;0;0;0;0;0;0;0;0;0;0;0;0;1;1;0;0;0;0;0;0;0;0;0;0;0;0;0;0;0;0;0;0;0;0;0;0;1;1;0;0;0;0;0;0;0;0;0;0;0;0;0;0;0;0;0;0;0;0;0;0
14.05.2024;07:16;A147;1;3;75;2;61;1;65;1;67;3;80;4;33;7;11;3;7;1;44;1;31;1;10;5;63;1;10;2;8;0;0;2;7;0;0;0;0;0;0;0;0;9;64;8;65;3;91;3;81;0;66;0;0;0;0;0;0;3;5;0;0;0;0;0;0;0;0;1;1;0;0;0;0;0;0;0;0;0;0;0;0;2;5;0;0;0;0;0;0;0;0;1;1;0;0;0;0;0;0;0;0;0;0;0;0;0;0;0;0;0;0
14.05.2024;07:15;A147;1;0;25;0;0;0;5;0;5;0;3;1;16;1;64;1;96;2;22;2;50;1;39;0;96;0;100;0;0;0;0;0;0;0;0;0;0;0;0;0;0;0;100;1;99;0;100;1;98;1;49;1;5;0;0;0;0;0;0;0;0;0;0;0;0;0;0;0;0;0;0;0;0;0;0;0;0;0;0;0;0;0;0;0;0;0;0;0;0;0;0;0;0;0;0;0;0;0;0;0;0;0;0;0;0;0;0;0;0;0;0
14.05.2024;07:14;A147;1;1;47;1;7;2;22;2;22;1;6;3;29;12;64;11;56;1;41;2;63;7;38;1;51;3;37;0;0;0;0;0;0;0;0;1;24;1;23;0;23;10;66;9;59;5;86;4;82;0;0;0;0;0;0;0;0;0;0;0;0;0;0;0;0;0;0;0;0;0;0;0;0;0;0;0;0;0;0;0;0;0;0;0;0;0;0;0;0;0;0;0;0;0;0;0;0;0;0;0;0;0;0;0;0;0;0;0;0;0;0
14.05.2024;07:13;A147;1;1;79;2;8;1;52;1;53;2;18;3;9;6;40;1;20;0;13;1;24;1;6;0;58;0;0;2;44;0;0;1;5;0;0;1;49;1;50;2;41;11;65;4;44;4;87;4;52;0;58;0;0;0;0;0;0;0;0;0;0;0;0;1;1;0;0;0;0;0;0;0;0;0;0;0;0;0;0;0;0;0;0;0;0;0;0;0;0;0;0;0;0;0;0;0;0;0;0;0;0;0;0;0;0;0;0;0;0;0;0
14.05.2024;07:12;A147;1;2;66;2;48;1;23;1;23;1;45;2;74;2;48;1;3;3;57;3;54;1;9;5;27;2;23;0;0;0;34;0;0;0;0;1;30;1;29;1;29;1;44;1;95;1;55;1;83;1;41;1;4;0;0;0;0;0;0;0;0;0;0;0;0;0;0;0;0;0;0;0;0;0;0;0;0;0;0;0;0;0;0;0;0;0;0;0;0;0;0;0;0;0;0;0;0;0;0;0;0;0;0;0;0;0;0;0;0;0;0
14.05.2024;07:11;A147;1;1;86;2;81;0;0;0;0;2;70;5;6;16;11;4;2;5;17;7;73;4;7;0;100;1;72;0;0;1;60;0;0;2;3;0;0;0;0;0;0;11;14;9;6;7;34;9;24;0;0;0;0;0;0;0;0;0;0;0;0;0;0;0;0;0;0;0;0;0;0;0;0;0;0;0;0;0;0;0;0;0;0;0;0;0;0;0;0;0;0;0;0;0;0;0;0;0;0;0;0;0;0;0;0;0;0;0;0;0;0
14.05.2024;07:10;A147;1;0;0;0;0;1;0;1;0;1;2;1;2;11;28;4;2;1;10;1;98;4;8;1;31;2;10;0;0;0;0;0;0;0;0;1;70;1;71;0;2;12;55;6;35;7;81;5;24;0;0;0;0;0;0;0;0;0;0;0;0;0;0;0;0;0;0;0;0;0;0;0;0;0;0;0;0;0;0;0;0;0;0;0;0;0;0;0;0;0;0;0;0;0;0;0;0;0;0;0;0;0;0;0;0;0;0;0;0;0;0
14.05.2024;07:09;A147;1;1;35;1;9;2;61;2;62;7;17;1;13;1;22;2;29;2;11;1;35;2;12;0;9;0;0;0;27;1;29;0;0;0;0;0;0;0;0;2;2;1;95;1;93;2;98;2;26;0;0;0;0;0;0;0;0;0;0;0;0;0;0;0;0;0;0;0;0;0;0;0;0;0;0;0;0;0;0;0;0;0;0;0;0;0;0;0;0;0;0;0;0;0;0;0;0;0;0;0;0;0;0;0;0;0;0;0;0;0;0
14.05.2024;07:08;A147;1;0;100;0;0;0;0;1;0;0;0;1;5;9;9;4;12;2;58;8;53;4;7;0;100;0;0;1;28;0;100;1;4;1;5;0;0;0;0;0;0;10;24;6;15;9;46;5;13;0;0;0;0;0;0;0;0;0;0;0;0;0;0;0;0;0;0;0;0;0;0;0;0;0;0;0;0;0;0;0;0;0;0;0;0;0;0;0;0;0;0;0;0;0;0;0;0;0;0;0;0;0;0;0;0;0;0;0;0;0;0
14.05.2024;07:07;A147;1;1;1;1;5;1;83;1;82;1;2;4;9;4;13;6;31;1;45;1;96;2;24;2;93;2;57;0;0;1;10;0;0;2;3;1;55;1;56;1;60;10;49;9;53;8;74;5;31;0;0;0;0;0;0;0;0;0;0;0;0;0;0;0;0;0;0;0;0;0;0;0;0;0;0;0;0;0;0;0;0;0;0;0;0;0;0;0;0;0;0;0;0;0;0;0;0;0;0;0;0;0;0;0;0;0;0;0;0;0;0
14.05.2024;07:06;A147;1;0;0;0;0;2;83;2;83;2;12;1;72;1;65;1;7;2;47;0;100;2;12;1;34;1;4;2;41;0;34;1;28;0;0;0;80;0;79;0;76;3;74;3;86;2;88;3;79;0;13;0;0;0;0;0;0;0;0;0;0;0;0;0;0;0;0;0;0;0;0;0;0;0;0;0;0;0;0;0;0;0;0;0;0;0;0;0;0;0;0;0;0;0;0;0;0;0;0;0;0;0;0;0;0;0;0;0;0;0;0
14.05.2024;07:05;A147;1;0;0;0;0;4;63;4;64;1;41;5;58;9;72;9;69;3;44;0;100;1;69;1;89;1;3;1;47;1;18;3;6;1;1;1;54;1;55;1;61;7;74;5;16;2;89;3;36;0;100;0;0;0;0;0;0;0;0;0;0;0;0;0;0;0;0;0;0;0;0;0;0;0;0;0;0;0;0;0;0;0;0;0;0;0;0;1;1;0;0;0;0;0;0;0;0;0;0;0;0;0;0;0;0;0;0;0;0;0;0
14.05.2024;07:04;A147;1;1;22;2;8;1;64;1;64;3;31;1;1;6;31;5;22;2;3;0;100;5;15;1;26;1;3;0;0;0;0;0;0;0;0;1;54;1;56;1;64;11;45;6;5;8;41;4;16;1;13;1;3;0;0;0;0;0;0;0;0;0;0;0;0;0;0;0;0;0;0;0;0;0;0;0;0;0;0;0;0;0;0;0;0;0;0;0;0;0;0;0;0;0;0;0;0;0;0;0;0;0;0;0;0;0;0;0;0;0;0
14.05.2024;07:03;A147;1;0;29;0;0;1;19;1;20;2;28;2;2;4;30;2;1;1;6;1;99;2;6;0;0;0;0;0;0;1;0;0;0;0;0;1;65;1;64;3;19;1;97;5;83;0;100;1;96;0;0;0;0;0;0;0;0;0;0;0;0;0;0;3;6;0;0;0;0;0;0;0;0;0;0;0;0;0;0;0;0;0;0;0;0;0;0;0;0;0;0;0;0;0;0;0;0;0;0;0;0;0;0;0;0;0;0;0;0;0;0
14.05.2024;07:02;A147;1;1;48;1;4;0;0;0;0;0;0;1;1;8;40;4;50;1;77;1;98;3;34;1;29;1;3;0;0;0;0;0;0;0;0;1;30;1;31;1;12;5;58;7;40;7;36;5;53;0;0;0;0;0;0;0;0;0;0;0;0;0;0;0;0;0;0;0;0;0;0;0;0;0;0;0;0;0;0;0;0;0;0;0;0;0;0;0;0;0;0;0;0;0;0;0;0;0;0;0;0;0;0;0;0;0;0;0;0;0;0
14.05.2024;07:01;A147;1;2;46;3;11;0;0;0;0;2;8;4;7;8;10;5;18;0;100;1;98;3;12;3;60;2;9;1;55;0;0;1;11;0;0;1;0;0;0;0;0;11;52;7;7;4;46;3;16;0;0;0;0;0;0;0;0;0;0;0;0;0;0;0;0;0;0;0;0;0;0;0;0;0;0;0;0;0;0;0;0;0;0;0;0;0;0;0;0;0;0;0;0;0;0;0;0;0;0;0;0;0;0;0;0;0;0;0;0;0;0
14.05.2024;07:00;A147;1;1;29;1;3;0;0;0;0;1;0;2;94;3;90;2;16;3;68;5;88;3;17;1;19;2;4;0;0;1;0;0;0;1;2;0;0;0;0;0;0;2;86;2;77;3;87;3;24;0;8;0;0;0;0;0;0;0;0;0;0;0;0;0;0;0;0;0;0;0;0;0;0;0;0;0;0;0;0;0;0;0;0;0;0;0;0;0;0;0;0;0;0;0;0;0;0;0;0;0;0;0;0;0;0;0;0;0;0;0;0
14.05.2024;06:59;A147;1;0;0;0;0;3;5;3;5;1;4;4;33;10;44;8;42;6;62;6;66;8;45;1;0;1;4;0;0;0;0;0;0;0;0;0;0;0;0;0;0;12;21;8;6;11;41;7;21;0;100;0;0;0;0;0;0;0;0;0;0;0;0;0;0;0;0;0;0;0;0;0;0;0;0;0;0;0;0;0;0;0;0;0;0;0;0;0;0;0;0;0;0;0;0;0;0;0;0;0;0;0;0;0;0;0;0;0;0;0;0
14.05.2024;06:58;A147;1;2;76;2;49;0;0;0;0;1;1;4;18;8;34;8;37;3;51;3;40;3;32;1;36;1;3;1;2;3;88;1;5;1;87;0;0;0;0;0;0;10;25;12;23;1;45;0;43;1;29;1;3;0;0;0;0;0;0;0;0;0;0;0;0;0;0;0;0;0;0;0;0;0;0;1;1;0;0;0;0;0;0;0;0;0;0;0;0;0;0;0;0;0;0;0;0;0;0;1;1;0;0;0;0;0;0;0;0;0;0
14.05.2024;06:57;A147;1;0;37;0;0;1;78;1;77;1;3;1;71;2;38;1;16;2;49;2;48;1;26;2;16;0;0;0;0;1;3;0;0;3;10;0;83;0;82;0;81;1;74;1;29;2;39;2;33;0;0;0;0;0;0;0;0;0;0;0;0;0;0;0;0;0;0;0;0;0;0;0;0;0;0;0;0;0;0;0;0;0;0;0;0;0;0;0;0;0;0;0;0;0;0;0;0;0;0;0;0;0;0;0;0;0;0;0;0;0;0
14.05.2024;06:56;A147;1;1;69;1;11;1;85;1;86;1;3;3;4;8;11;7;3;3;14;5;28;7;12;1;51;2;19;0;0;0;0;0;0;0;0;1;87;1;88;1;94;11;22;7;14;7;43;4;21;0;0;0;0;0;0;0;0;0;0;0;0;0;0;0;0;0;0;0;0;0;0;0;0;0;0;0;0;0;0;0;0;0;0;0;0;0;0;0;0;0;0;0;0;0;0;0;0;0;0;0;0;0;0;0;0;0;0;0;0;0;0
14.05.2024;06:55;A147;1;0;0;0;0;1;35;1;35;1;4;2;2;8;8;3;2;3;6;6;28;3;6;2;74;0;74;0;0;0;0;0;0;0;0;0;0;0;0;0;0;13;56;14;54;4;79;5;84;0;0;0;0;0;0;0;0;0;0;0;0;0;0;1;1;0;0;0;0;0;0;0;0;0;0;0;0;0;0;0;0;0;0;0;0;0;0;1;1;0;0;0;0;0;0;0;0;0;0;0;0;0;0;0;0;0;0;0;0;0;0
14.05.2024;06:54;A147;1;1;1;1;2;0;0;0;0;0;0;2;61;3;62;4;8;2;9;2;49;2;21;0;80;1;6;1;30;1;3;1;7;0;0;0;0;0;0;0;0;1;92;0;100;0;100;1;93;0;0;0;0;0;0;0;0;0;0;0;0;0;0;0;0;0;0;0;0;0;0;0;0;0;0;0;0;0;0;0;0;0;0;0;0;0;0;0;0;0;0;0;0;0;0;0;0;0;0;0;0;0;0;0;0;0;0;0;0;0;0
14.05.2024;06:53;A147;1;0;0;0;0;1;97;0;98;0;96;4;5;12;8;3;1;4;14;11;29;3;5;1;48;1;4;0;100;0;0;0;0;0;0;0;0;0;0;0;0;10;10;6;9;10;31;6;17;0;0;0;0;0;0;0;0;0;0;0;0;0;0;0;0;0;0;0;0;0;0;0;0;0;0;0;0;0;0;0;0;0;0;0;0;0;0;0;0;0;0;0;0;0;0;0;0;0;0;0;0;0;0;0;0;0;0;0;0;0;0
14.05.2024;06:52;A147;1;0;0;0;0;0;0;1;0;1;7;1;1;9;10;2;1;1;4;3;30;1;4;0;0;0;0;1;36;0;0;1;5;0;0;1;40;1;41;1;12;13;17;4;7;6;44;2;13;0;0;0;0;0;0;0;0;0;0;0;0;0;0;0;0;0;0;0;0;0;0;0;0;0;0;0;0;0;0;0;0;0;0;0;0;0;0;0;0;0;0;0;0;0;0;0;0;0;0;0;0;0;0;0;0;0;0;0;0;0;0
14.05.2024;06:51;A147;1;1;1;1;3;0;0;1;0;1;0;2;3;3;40;2;20;2;9;3;41;2;18;1;15;0;0;0;0;0;0;0;0;0;0;0;0;0;0;0;0;2;54;3;6;4;26;1;14;0;0;0;0;0;0;0;0;0;0;0;0;0;0;0;0;0;0;0;0;0;0;0;0;0;0;0;0;0;0;0;0;0;0;0;0;0;0;0;0;0;0;0;0;0;0;0;0;0;0;0;0;0;0;0;0;0;0;0;0;0;0
14.05.2024;06:50;A147;1;0;0;0;0;1;13;1;13;0;0;3;18;7;19;9;6;1;71;7;19;7;16;1;62;2;10;1;2;0;0;1;4;0;0;0;0;0;0;0;0;10;57;11;51;3;83;9;59;0;0;0;0;0;0;0;0;0;0;0;0;0;0;0;0;1;1;0;0;0;0;0;0;0;0;0;0;0;0;0;0;0;0;0;0;0;0;0;0;0;0;0;0;0;0;0;0;0;0;0;0;0;0;0;0;0;0;0;0;0;0
14.05.2024;06:49;A147;1;1;73;1;6;1;84;1;86;1;4;0;0;2;1;1;0;0;100;2;4;0;0;0;0;0;0;2;62;4;73;3;32;3;9;0;0;0;0;0;0;6;41;7;19;6;59;7;21;0;0;0;0;0;0;0;0;0;0;0;0;0;0;0;0;0;0;0;0;0;0;0;0;0;0;0;0;0;0;0;0;0;0;0;0;0;0;0;0;0;0;0;0;0;0;0;0;0;0;0;0;0;0;0;0;0;0;0;0;0;0
14.05.2024;06:48;A147;1;1;9;1;8;0;0;0;0;0;0;4;5;6;4;2;1;0;100;9;15;3;5;0;0;0;0;0;0;1;77;0;0;1;5;0;27;0;26;0;24;3;2;0;0;1;4;0;0;0;0;0;0;0;0;0;0;0;0;0;0;0;0;0;0;0;0;0;0;0;0;0;0;0;0;0;0;0;0;0;0;0;0;0;0;0;0;0;0;0;0;0;0;0;0;0;0;0;0;0;0;0;0;0;0;0;0;0;0;0;0
14.05.2024;06:47;A147;1;0;0;0;0;1;0;1;0;0;0;4;24;5;5;3;1;1;66;4;15;3;5;0;0;0;0;0;0;0;0;0;0;0;0;1;4;1;4;1;7;8;42;10;32;6;57;7;48;0;0;0;0;0;0;0;0;0;0;0;0;0;0;0;0;0;0;0;0;0;0;0;0;0;0;0;0;0;0;0;0;0;0;0;0;0;0;0;0;0;0;0;0;0;0;0;0;0;0;0;0;0;0;0;0;0;0;0;0;0;0
14.05.2024;06:46;A147;1;0;0;0;0;0;0;0;0;0;0;0;0;2;2;1;0;0;0;1;4;0;1;2;52;1;46;0;0;0;0;0;0;0;0;2;18;2;19;1;5;7;41;4;40;5;64;3;56;1;4;0;0;0;0;0;0;0;0;0;0;0;0;2;3;0;0;0;0;0;0;0;0;0;0;0;0;0;0;0;0;0;0;0;0;0;0;1;1;0;0;0;0;0;0;0;0;0;0;0;0;0;0;0;0;0;0;0;0;0;0
14.05.2024;06:45;A147;1;0;0;0;0;0;0;0;0;0;0;3;11;5;28;3;4;2;19;4;39;3;11;5;46;2;24;3;40;1;0;0;42;0;0;1;0;1;0;0;0;3;83;4;84;1;93;3;74;1;8;0;0;0;0;0;0;0;0;0;0;0;0;0;0;0;0;0;0;0;0;0;0;0;0;0;0;0;0;0;0;0;0;0;0;0;0;0;0;0;0;0;0;0;0;0;0;0;0;0;0;0;0;0;0;0;0;0;0;0;0
14.05.2024;06:44;A147;1;1;1;0;3;0;13;0;12;0;0;2;2;9;42;4;12;0;46;3;53;4;10;0;100;1;64;1;85;0;0;3;73;0;0;0;0;0;0;0;0;9;48;8;46;8;40;5;61;0;0;0;0;0;0;0;0;0;0;0;0;0;0;0;0;0;0;0;0;0;0;0;0;0;0;0;0;0;0;0;0;0;0;0;0;0;0;0;0;0;0;0;0;0;0;0;0;0;0;0;0;0;0;0;0;0;0;0;0;0;0
14.05.2024;06:43;A147;1;1;1;2;2;1;72;1;73;2;5;3;6;7;46;4;2;2;99;4;59;3;8;1;12;1;4;1;25;0;0;1;5;0;0;1;0;1;0;0;0;10;66;12;66;3;61;4;89;0;0;0;0;0;0;0;0;0;0;0;0;0;0;0;0;0;0;0;0;0;0;0;0;0;0;0;0;0;0;0;0;0;0;0;0;0;0;0;0;0;0;0;0;0;0;0;0;0;0;0;0;0;0;0;0;0;0;0;0;0;0
14.05.2024;06:42;A147;1;2;2;0;0;1;4;1;4;0;8;0;0;2;9;1;1;0;100;2;14;1;4;1;91;1;5;1;44;0;0;0;0;0;0;1;0;1;0;0;0;0;100;1;11;0;100;1;21;0;0;0;0;0;0;0;0;0;0;0;0;0;0;0;0;0;0;0;0;0;0;0;0;0;0;0;0;0;0;0;0;0;0;0;0;0;0;0;0;0;0;0;0;0;0;0;0;0;0;0;0;0;0;0;0;0;0;0;0;0;0
14.05.2024;06:41;A147;1;0;0;0;0;1;1;1;1;1;0;2;2;12;23;4;15;0;100;8;38;4;9;1;9;1;3;0;100;0;0;0;0;0;0;0;0;0;0;0;0;12;12;8;21;11;46;5;38;0;0;0;0;0;0;0;0;0;0;0;0;0;0;0;0;0;0;0;0;0;0;0;0;0;0;0;0;0;0;0;0;0;0;0;0;0;0;0;0;0;0;0;0;0;0;0;0;0;0;0;0;0;0;0;0;0;0;0;0;0;0
14.05.2024;06:40;A147;1;0;0;1;1;0;0;1;0;1;3;1;1;5;27;6;34;0;100;3;27;1;26;1;64;1;5;1;15;0;0;1;6;0;0;1;22;1;22;1;28;10;26;8;57;5;75;5;75;0;0;0;0;0;0;0;0;0;0;0;0;0;0;0;0;0;0;0;0;0;0;0;0;0;0;0;0;0;0;0;0;0;0;0;0;0;0;0;0;0;0;0;0;0;0;0;0;0;0;0;0;0;0;0;0;0;0;0;0;0;0
14.05.2024;06:39;A147;1;1;39;1;4;1;79;1;79;4;69;0;0;2;34;1;4;0;100;3;22;1;11;2;83;1;4;0;0;1;1;0;0;1;4;0;85;0;84;0;84;2;90;1;77;3;93;2;20;0;0;1;10;0;0;0;0;0;0;0;0;0;0;0;0;0;0;0;0;0;0;0;0;0;0;0;0;0;0;0;0;0;0;0;0;0;0;0;0;0;0;0;0;0;0;0;0;0;0;0;0;0;0;0;0;0;0;0;0;0;0
14.05.2024;06:38;A147;1;1;9;1;4;2;11;2;12;1;4;2;10;6;45;5;17;1;57;1;56;5;19;1;90;2;11;0;0;0;0;0;0;0;0;1;36;1;36;1;41;11;49;8;35;7;73;8;37;0;0;0;0;0;0;1;1;0;0;0;0;0;0;0;0;0;0;0;0;0;0;0;0;0;0;0;0;0;0;1;1;1;1;0;0;0;0;0;0;0;0;0;0;0;0;0;0;0;0;1;1;0;0;0;0;0;0;0;0;0;0
14.05.2024;06:37;A147;1;0;0;0;0;1;0;2;1;0;0;1;3;9;17;6;14;1;5;2;31;2;22;0;70;0;64;2;68;1;39;2;5;1;4;1;9;1;71;1;80;10;45;7;7;4;71;6;22;0;0;0;0;0;0;0;0;0;0;0;0;0;0;0;0;0;0;0;0;0;0;0;0;0;0;0;0;0;0;0;0;0;0;0;0;0;0;0;0;0;0;0;0;0;0;0;0;0;0;0;0;0;0;0;0;0;0;0;0;0;0
14.05.2024;06:36;A147;1;0;0;0;0;0;0;0;0;0;0;0;0;1;45;1;44;0;0;2;47;2;30;3;89;0;100;1;35;0;0;0;6;0;0;1;81;1;81;1;53;1;76;1;25;2;37;1;35;0;0;0;0;0;0;0;0;0;0;0;0;0;0;0;0;0;0;0;0;0;0;0;0;0;0;0;0;0;0;0;0;0;0;0;0;0;0;0;0;0;0;0;0;0;0;0;0;0;0;0;0;0;0;0;0;0;0;0;0;0;0
14.05.2024;06:35;A147;1;0;0;0;0;0;0;0;0;0;0;2;3;12;9;3;1;4;10;11;22;3;5;0;100;1;50;0;100;1;1;1;5;1;6;1;18;1;19;1;7;11;16;6;4;6;36;4;15;0;0;0;0;0;0;0;0;0;0;0;0;0;0;0;0;0;0;0;0;0;0;0;0;0;0;0;0;0;0;0;0;0;0;0;0;0;0;0;0;0;0;0;0;0;0;0;0;0;0;0;0;0;0;0;0;0;0;0;0;0;0
14.05.2024;06:34;A147;1;0;0;0;0;0;0;0;0;0;0;0;0;6;3;0;0;0;0;7;12;0;0;3;69;2;29;1;60;0;0;1;3;0;0;2;1;2;1;0;0;6;42;8;26;2;56;2;44;0;0;0;0;0;0;0;0;0;0;0;0;0;0;0;0;0;0;0;0;0;0;0;0;0;0;0;0;0;0;0;0;0;0;0;0;0;0;0;0;0;0;0;0;0;0;0;0;0;0;0;0;0;0;0;0;0;0;0;0;0;0
14.05.2024;06:33;A147;1;0;0;0;0;0;0;0;0;0;0;2;3;12;8;6;4;2;8;12;22;7;10;0;100;2;39;0;0;0;0;0;0;0;0;1;0;0;0;0;0;14;37;9;26;5;68;5;46;0;0;0;0;0;0;0;0;0;0;0;0;0;0;0;0;0;0;0;0;0;0;0;0;0;0;0;0;0;0;0;0;0;0;0;0;0;0;0;0;0;0;0;0;0;0;0;0;0;0;0;0;0;0;0;0;0;0;0;0;0;0
14.05.2024;06:32;A147;1;1;0;0;0;2;4;2;4;1;6;0;0;1;0;0;0;0;0;0;1;0;0;2;4;1;7;1;1;1;0;2;2;1;1;0;0;0;0;0;0;1;82;1;92;1;91;2;97;0;0;0;0;0;0;0;0;0;0;0;0;0;0;0;0;0;0;0;0;0;0;0;0;0;0;0;0;0;0;0;0;0;0;0;0;0;0;0;0;0;0;0;0;0;0;0;0;0;0;0;0;0;0;0;0;0;0;0;0;0;0
14.05.2024;06:31;A147;1;0;0;0;0;0;0;0;0;0;0;2;2;8;5;3;1;4;6;10;14;3;5;3;35;1;37;1;0;0;0;0;0;0;0;1;0;1;0;0;0;9;36;3;26;5;57;4;33;0;0;0;0;0;0;0;0;0;0;0;0;0;0;0;0;0;0;0;0;0;0;0;0;0;0;0;0;0;0;0;0;0;0;0;0;0;0;0;0;0;0;0;0;0;0;0;0;0;0;0;0;0;0;0;0;0;0;0;0;0;0
14.05.2024;06:30;A147;1;0;0;0;0;0;0;0;0;0;0;0;0;3;38;5;45;1;18;2;49;2;39;1;66;2;68;0;8;0;0;0;0;0;0;0;0;0;0;0;0;7;71;9;62;1;91;2;84;0;0;0;0;0;0;0;0;0;0;0;0;0;0;0;0;0;0;0;0;0;0;0;0;0;0;0;0;0;0;0;0;0;0;0;0;0;0;0;0;0;0;0;0;0;0;0;0;0;0;0;0;0;0;0;0;0;0;0;0;0;0
14.05.2024;06:29;A147;1;0;0;0;0;0;0;0;0;0;0;1;0;3;20;1;11;1;2;3;17;1;7;0;0;0;0;1;42;0;13;0;0;0;0;0;0;0;0;0;0;3;61;2;58;2;68;2;52;0;0;0;0;0;0;0;0;0;0;0;0;0;0;0;0;0;0;0;0;0;0;0;0;0;0;0;0;0;0;0;0;0;0;0;0;0;0;0;0;0;0;0;0;0;0;0;0;0;0;0;0;0;0;0;0;0;0;0;0;0;0
14.05.2024;06:28;A147;1;0;0;0;0;0;0;0;0;0;0;2;14;11;20;3;1;4;18;11;26;3;4;1;45;1;3;0;0;1;40;0;0;1;10;0;0;0;0;0;0;9;53;6;49;4;79;5;62;0;0;0;0;0;0;0;0;0;0;0;0;0;0;0;0;0;0;0;0;0;0;0;0;0;0;0;0;0;0;0;0;0;0;0;0;0;0;0;0;0;0;0;0;0;0;0;0;0;0;0;0;0;0;0;0;0;0;0;0;0;0
14.05.2024;06:27;A147;1;1;81;1;3;2;13;2;12;0;10;2;34;5;38;10;39;7;22;3;56;2;54;2;45;2;10;1;25;0;0;1;4;0;0;0;0;0;0;0;0;11;71;9;62;2;94;2;85;0;0;0;0;0;0;0;0;0;0;0;0;0;0;0;0;0;0;0;0;0;0;0;0;0;0;0;0;0;0;0;0;0;0;0;0;0;0;0;0;0;0;0;0;0;0;0;0;0;0;0;0;0;0;0;0;0;0;0;0;0;0
14.05.2024;06:26;A147;1;0;0;1;4;1;17;1;18;1;24;1;55;7;56;6;27;2;10;4;68;1;52;1;51;0;5;1;16;0;0;1;4;0;0;0;0;0;0;0;0;7;72;4;57;2;93;2;74;0;0;0;0;0;0;0;0;0;0;0;0;0;0;0;0;0;0;0;0;0;0;0;0;0;0;0;0;0;0;0;0;0;0;0;0;0;0;0;0;0;0;0;0;0;0;0;0;0;0;0;0;0;0;0;0;0;0;0;0;0;0
14.05.2024;06:25;A147;1;0;0;0;0;0;94;0;93;0;0;2;3;4;57;0;0;1;6;5;60;1;51;2;31;3;13;1;1;1;27;1;4;1;6;0;0;0;0;0;0;5;55;5;44;6;67;4;59;0;0;0;0;0;0;0;0;0;0;0;0;0;0;0;0;0;0;0;0;0;0;0;0;0;0;0;0;0;0;0;0;0;0;0;0;0;0;0;0;0;0;0;0;0;0;0;0;0;0;0;0;0;0;0;0;0;0;0;0;0;0
14.05.2024;06:24;A147;1;0;0;0;0;1;64;1;65;1;4;0;0;3;2;0;0;0;0;3;5;0;0;1;20;0;2;0;0;0;0;0;0;0;0;0;56;0;55;0;0;3;59;4;58;3;11;2;69;0;0;0;0;0;0;0;0;0;0;0;0;0;0;1;1;0;0;0;0;0;0;0;0;0;0;0;0;0;0;0;0;0;0;0;0;0;0;1;1;0;0;0;0;0;0;0;0;0;0;0;0;0;0;0;0;0;0;0;0;0;0
14.05.2024;06:23;A147;1;0;0;0;0;0;0;0;0;0;0;0;0;8;64;4;3;0;0;7;45;3;9;0;0;1;1;1;19;0;0;2;1;0;0;1;8;1;9;1;9;7;63;6;64;2;83;3;71;0;0;0;0;0;0;0;0;0;0;0;0;0;0;0;0;0;0;0;0;0;0;0;0;0;0;0;0;0;0;0;0;0;0;0;0;0;0;0;0;0;0;0;0;0;0;0;0;0;0;0;0;0;0;0;0;0;0;0;0;0;0
14.05.2024;06:22;A147;1;0;0;0;0;0;0;0;0;0;0;1;73;6;84;5;8;0;0;0;100;0;95;0;0;0;0;4;40;0;0;4;22;0;0;0;0;0;0;0;0;7;71;4;67;3;84;1;72;0;57;0;0;0;0;0;0;0;0;0;0;0;0;0;0;0;0;0;0;0;0;0;0;0;0;0;0;0;0;0;0;0;0;0;0;0;0;0;0;0;0;0;0;0;0;0;0;0;0;0;0;0;0;0;0;0;0;0;0;0;0
14.05.2024;06:21;A147;1;0;0;0;0;1;80;1;80;0;79;0;0;1;1;0;0;0;0;2;4;1;3;0;0;0;0;0;0;0;0;0;0;0;0;0;0;0;0;0;0;3;21;3;14;4;24;3;18;1;24;3;18;0;0;0;0;0;0;0;0;0;0;1;1;0;0;0;0;0;0;0;0;0;0;0;0;0;0;0;0;0;0;0;0;0;0;1;1;0;0;0;0;0;0;0;0;0;0;0;0;0;0;0;0;0;0;0;0;0;0
14.05.2024;06:20;A147;1;0;0;0;0;0;0;0;0;1;5;0;0;2;1;0;0;0;0;2;3;0;0;0;0;0;0;3;20;1;3;1;8;2;3;0;0;0;0;0;0;7;39;9;49;3;57;6;49;0;0;0;0;0;0;0;0;0;0;0;0;0;0;0;0;0;0;0;0;0;0;0;0;0;0;0;0;0;0;0;0;0;0;0;0;0;0;0;0;0;0;0;0;0;0;0;0;0;0;0;0;0;0;0;0;0;0;0;0;0;0
14.05.2024;06:19;A147;1;0;0;0;0;1;34;1;35;1;41;0;0;6;3;2;1;0;0;7;11;3;3;0;0;0;0;1;50;0;0;4;28;0;0;0;0;0;0;0;0;5;46;7;40;3;50;5;40;0;0;0;0;0;0;0;0;0;0;0;0;0;0;0;0;0;0;0;0;0;0;0;0;0;0;0;0;0;0;0;0;0;0;0;0;0;0;0;0;0;0;0;0;0;0;0;0;0;0;0;0;0;0;0;0;0;0;0;0;0;0
14.05.2024;06:18;A147;1;0;0;0;0;0;0;0;0;0;0;1;1;4;4;2;1;2;4;5;6;2;4;2;28;2;9;0;61;0;0;0;0;0;0;0;0;0;0;0;0;3;22;9;52;3;11;8;23;0;0;0;0;0;0;0;0;0;0;0;0;0;0;1;1;0;0;0;0;0;0;0;0;0;0;0;0;0;0;0;0;0;0;0;0;0;0;1;2;0;0;0;0;0;0;0;0;0;0;0;0;0;0;0;0;0;0;0;0;0;0
14.05.2024;06:17;A147;1;1;5;2;6;1;71;1;70;0;0;1;38;3;24;2;1;1;4;3;32;2;6;0;19;0;0;2;50;0;0;3;14;0;0;0;71;0;70;0;0;4;57;3;62;3;73;3;13;0;0;0;0;0;0;0;0;0;0;0;0;0;0;0;0;0;0;0;0;0;0;0;0;0;0;0;0;0;0;0;0;0;0;0;0;0;0;0;0;0;0;0;0;0;0;0;0;0;0;0;0;0;0;0;0;0;0;0;0;0;0
14.05.2024;06:16;A147;1;0;4;0;0;2;24;2;26;2;9;0;0;2;1;2;9;0;0;1;4;2;6;1;43;1;3;1;23;1;7;2;3;0;0;1;16;1;17;1;8;4;77;4;68;1;87;2;78;0;0;0;0;0;0;0;0;0;0;0;0;0;0;0;0;0;0;0;0;0;0;0;0;0;0;0;0;0;0;0;0;0;0;0;0;0;0;0;0;0;0;0;0;0;0;0;0;0;0;0;0;0;0;0;0;0;0;0;0;0;0
14.05.2024;06:15;A147;1;0;100;0;0;0;0;0;0;0;0;0;0;4;2;0;0;0;0;7;7;0;0;0;0;0;0;0;0;1;96;0;0;1;4;0;0;0;0;0;0;3;2;3;2;4;11;3;7;0;0;0;0;0;0;0;0;0;0;0;0;0;0;0;0;0;0;0;0;0;0;0;0;0;0;0;0;0;0;0;0;0;0;0;0;0;0;0;0;0;0;0;0;0;0;0;0;0;0;0;0;0;0;0;0;0;0;0;0;0;0
14.05.2024;06:14;A147;1;1;0;1;7;0;27;0;27;1;0;1;1;4;35;1;0;1;3;6;16;1;1;0;0;0;0;1;1;0;0;1;4;2;4;1;11;1;11;2;2;7;57;7;60;4;73;2;28;0;0;0;0;0;0;0;0;0;0;0;0;0;0;0;0;0;0;0;0;0;0;0;0;0;0;0;0;0;0;0;0;0;0;0;0;0;0;0;0;0;0;0;0;0;0;0;0;0;0;0;0;0;0;0;0;0;0;0;0;0;0
14.05.2024;06:13;A147;1;0;89;0;0;1;42;1;43;2;5;0;0;11;7;3;2;0;0;12;19;3;5;1;39;1;4;1;38;1;2;2;2;1;6;0;0;0;0;0;0;2;28;4;22;2;36;4;15;0;0;0;0;0;0;0;0;0;0;0;0;0;0;0;0;0;0;0;0;0;0;0;0;0;0;0;0;0;0;0;0;0;0;0;0;0;0;0;0;0;0;0;0;0;0;0;0;0;0;0;0;0;0;0;0;0;0;0;0;0;0
14.05.2024;06:12;A147;1;1;7;1;3;0;0;0;0;0;0;0;12;4;20;1;13;0;23;4;28;1;1;2;64;1;6;0;0;0;0;0;0;0;0;0;0;0;0;0;0;4;4;4;25;3;14;3;31;0;0;0;0;0;0;0;0;0;0;0;0;0;0;0;0;0;0;0;0;0;0;0;0;0;0;0;0;0;0;0;0;0;0;0;0;0;0;0;0;0;0;0;0;0;0;0;0;0;0;0;0;0;0;0;0;0;0;0;0;0;0
14.05.2024;06:11;A147;1;0;0;1;2;0;0;0;0;1;1;3;4;4;27;1;26;3;11;6;20;1;5;2;70;2;17;3;53;2;7;3;8;3;6;0;0;0;0;0;0;4;3;5;52;3;9;5;58;0;0;0;0;0;0;0;0;0;0;0;0;0;0;0;0;0;0;0;0;0;0;0;0;0;0;0;0;0;0;0;0;0;0;0;0;0;0;0;0;0;0;0;0;0;0;0;0;0;0;0;0;0;0;0;0;0;0;0;0;0;0
14.05.2024;06:10;A147;1;0;0;0;0;1;0;1;0;0;0;2;86;2;75;2;4;2;87;3;83;1;73;1;58;2;4;1;41;1;42;1;2;0;0;0;73;0;72;0;0;2;40;1;1;4;31;1;6;0;13;0;0;0;0;0;0;0;0;0;0;0;0;0;0;0;0;0;0;0;0;0;0;0;0;0;0;0;0;0;0;0;0;0;0;0;0;0;0;0;0;0;0;0;0;0;0;0;0;0;0;0;0;0;0;0;0;0;0;0;0
14.05.2024;06:09;A147;1;0;0;1;0;1;1;1;1;1;4;1;1;3;2;2;3;1;3;3;8;1;12;0;0;0;0;2;21;1;27;1;10;1;7;1;41;1;43;2;3;5;7;3;80;2;89;3;51;1;21;1;5;0;0;0;0;0;0;0;0;0;0;0;0;0;0;0;0;0;0;0;0;0;0;0;0;0;0;0;0;0;0;0;0;0;0;0;0;0;0;0;0;0;0;0;0;0;0;0;0;0;0;0;0;0;0;0;0;0;0
14.05.2024;06:08;A147;1;0;0;0;0;1;11;1;11;1;15;0;0;0;0;0;0;0;0;0;0;0;0;0;0;0;0;0;0;0;6;0;0;0;0;1;5;1;6;2;3;4;67;4;68;3;81;3;72;0;0;0;0;0;0;0;0;0;0;0;0;0;0;0;0;0;0;0;0;0;0;0;0;0;0;0;0;0;0;0;0;0;0;0;0;0;0;0;0;0;0;0;0;0;0;0;0;0;0;0;0;0;0;0;0;0;0;0;0;0;0
14.05.2024;06:07;A147;1;0;0;0;0;0;0;0;0;0;0;1;1;5;3;0;0;2;4;5;10;0;0;3;78;2;10;0;0;1;45;0;0;2;3;0;0;0;0;0;0;4;63;2;51;3;50;2;11;0;0;0;0;0;0;0;0;0;0;0;0;0;0;1;1;0;0;0;0;0;0;0;0;0;0;0;0;0;0;0;0;0;0;0;0;0;0;0;0;0;0;0;0;0;0;0;0;0;0;0;0;0;0;0;0;0;0;0;0;0;0
14.05.2024;06:06;A147;1;0;0;0;0;0;0;1;0;0;0;1;5;2;20;1;0;1;34;1;24;1;3;0;0;1;0;3;45;0;0;5;11;0;0;0;0;0;0;0;0;3;46;1;21;3;37;1;25;0;0;0;0;0;0;0;0;0;0;0;0;0;0;0;0;0;0;0;0;0;0;0;0;0;0;0;0;0;0;0;0;0;0;0;0;0;0;1;2;0;0;0;0;0;0;0;0;0;0;0;0;0;0;0;0;0;0;0;0;0;0
14.05.2024;06:05;A147;1;0;0;0;0;0;0;0;0;0;0;0;0;1;27;0;0;0;0;2;27;0;0;0;0;0;0;3;68;0;0;2;34;0;0;0;0;0;0;0;0;8;40;5;40;8;36;5;54;0;40;0;0;0;0;0;0;0;0;0;0;0;0;0;0;0;0;0;0;0;0;0;0;0;0;0;0;0;0;0;0;0;0;0;0;0;0;0;0;0;0;0;0;0;0;0;0;0;0;0;0;0;0;0;0;0;0;0;0;0;0
14.05.2024;06:04;A147;1;0;0;0;0;0;0;0;0;0;0;2;2;3;1;2;0;2;6;3;6;2;3;0;6;0;0;1;77;0;0;1;9;0;0;0;27;0;26;0;0;1;39;4;36;1;6;3;46;1;56;1;4;0;0;0;0;0;0;0;0;0;0;0;0;0;0;0;0;0;0;0;0;0;0;0;0;0;0;0;0;0;0;0;0;0;0;0;0;0;0;0;0;0;0;0;0;0;0;0;0;0;0;0;0;0;0;0;0;0;0
14.05.2024;06:03;A147;1;0;0;0;0;0;28;0;27;0;0;0;0;7;53;6;48;0;0;2;63;3;57;1;47;1;4;0;0;0;0;0;0;0;0;1;16;1;17;2;2;9;19;2;54;3;40;2;7;0;0;0;0;0;0;0;0;0;0;0;0;0;0;0;0;0;0;0;0;0;0;0;0;0;0;0;0;0;0;0;0;0;0;0;0;0;0;0;0;0;0;0;0;0;0;0;0;0;0;0;0;0;0;0;0;0;0;0;0;0;0
14.05.2024;06:02;A147;1;0;0;0;0;1;20;1;21;1;7;1;1;2;1;2;0;1;2;2;8;2;7;0;64;0;0;0;0;0;0;0;0;0;0;0;0;0;0;0;0;3;1;4;23;3;7;4;14;0;0;0;0;0;0;0;0;0;0;0;0;0;0;0;0;0;0;0;0;0;0;0;0;0;0;0;0;0;0;0;0;0;0;0;0;0;0;0;0;0;0;0;0;0;0;0;0;0;0;0;0;0;0;0;0;0;0;0;0;0;0
14.05.2024;06:01;A147;1;0;0;0;0;0;0;0;0;0;0;0;0;7;5;1;0;2;1;4;16;2;2;1;45;1;4;0;0;0;0;0;0;0;0;1;0;0;0;0;0;3;7;1;0;2;15;1;2;0;0;0;0;0;0;0;0;0;0;0;0;0;0;1;1;0;0;0;0;0;0;0;0;0;0;0;0;0;0;0;0;0;0;0;0;0;0;1;1;0;0;0;0;0;0;0;0;0;0;0;0;0;0;0;0;0;0;0;0;0;0
14.05.2024;06:00;A147;1;0;0;0;0;0;0;0;0;0;0;0;0;2;6;0;0;1;6;4;14;0;0;0;0;0;0;0;0;0;0;0;0;0;0;0;0;0;0;0;0;6;4;3;2;5;14;3;9;0;0;2;2;0;0;0;0;0;0;0;0;0;0;0;0;0;0;0;0;0;0;0;0;0;0;0;0;0;0;0;0;0;0;0;0;0;0;0;0;0;0;0;0;0;0;0;0;0;0;0;0;0;0;0;0;0;0;0;0;0;0
14.05.2024;05:59;A147;1;0;0;0;0;0;0;0;0;0;0;0;24;2;24;2;1;0;0;2;7;2;7;1;25;1;27;0;0;0;0;0;0;0;0;0;0;0;0;0;0;6;50;5;53;3;63;2;65;0;0;0;0;0;0;0;0;0;0;0;0;0;0;0;0;0;0;0;0;0;0;0;0;0;0;0;0;0;0;0;0;0;0;0;0;0;0;0;0;0;0;0;0;0;0;0;0;0;0;0;0;0;0;0;0;0;0;0;0;0;0
14.05.2024;05:58;A147;1;1;0;1;2;0;0;0;0;0;0;1;64;4;27;2;1;1;11;4;16;2;4;3;18;2;24;1;49;0;0;2;2;0;0;1;2;1;28;1;0;3;35;3;27;4;21;3;39;0;0;0;0;0;0;0;0;0;0;0;0;0;0;0;0;0;0;0;0;0;0;0;0;0;0;0;0;0;0;0;0;0;0;0;0;0;0;0;0;0;0;0;0;0;0;0;0;0;0;0;0;0;0;0;0;0;0;0;0;0;0
14.05.2024;05:57;A147;1;0;0;0;0;3;16;3;16;1;4;3;8;2;1;2;1;3;43;2;5;2;4;0;0;0;0;0;0;0;5;0;0;0;0;0;0;0;0;0;0;2;80;3;73;2;64;2;56;0;0;0;0;0;0;0;0;1;1;0;0;0;0;0;0;0;0;0;0;0;0;0;0;0;0;0;0;0;0;0;0;0;0;0;0;0;0;0;0;0;0;0;0;0;0;0;0;0;0;0;0;0;0;0;0;0;0;0;0;0;0
14.05.2024;05:56;A147;1;0;0;0;0;0;0;0;0;0;0;2;13;3;6;1;0;2;19;2;20;1;1;0;0;0;0;0;0;1;22;0;0;1;3;0;0;0;0;0;0;10;38;3;22;3;73;3;28;0;0;0;0;0;0;0;0;0;0;0;0;0;0;0;0;0;0;0;0;0;0;0;0;0;0;0;0;0;0;0;0;0;0;0;0;0;0;0;0;0;0;0;0;0;0;0;0;0;0;0;0;0;0;0;0;0;0;0;0;0;0
14.05.2024;05:55;A147;1;1;39;1;12;0;0;0;0;0;0;2;2;6;11;3;2;2;8;4;22;3;6;1;49;0;4;0;0;0;0;0;0;0;0;0;0;0;0;0;0;2;12;9;11;4;23;5;25;0;0;0;0;0;0;0;0;0;0;0;0;0;0;2;3;0;0;0;0;0;0;0;0;0;0;0;0;0;0;0;0;0;0;0;0;0;0;2;3;0;0;0;0;0;0;0;0;0;0;0;0;0;0;0;0;0;0;0;0;0;0
14.05.2024;05:54;A147;1;0;0;0;0;2;76;2;76;0;76;0;80;2;5;1;7;0;0;1;12;1;6;1;49;1;2;0;0;0;0;0;0;0;0;1;0;1;0;0;0;4;44;5;44;4;61;6;52;0;0;0;0;0;0;0;0;0;0;0;0;0;0;0;0;0;0;1;1;3;5;0;0;0;0;0;0;0;0;0;0;0;0;0;0;0;0;0;0;0;0;1;1;1;1;0;0;0;0;0;0;0;0;0;0;0;0;0;0;0;0
14.05.2024;05:53;A147;1;0;0;0;0;1;19;1;20;2;25;1;12;4;9;1;3;1;31;1;17;0;1;0;0;1;2;0;0;0;0;0;0;0;0;0;0;0;0;0;0;2;10;1;7;1;11;0;7;0;0;0;0;0;0;0;0;0;0;0;0;0;0;0;0;0;0;0;0;0;0;0;0;0;0;0;0;0;0;0;0;0;0;0;0;0;0;0;0;0;0;0;0;0;0;0;0;0;0;0;0;0;0;0;0;0;0;0;0;0;0
14.05.2024;05:52;A147;1;0;0;0;0;0;0;0;0;0;0;0;0;3;29;0;0;0;0;4;38;1;10;1;28;0;26;2;58;1;49;2;1;2;1;0;0;0;0;0;0;1;47;1;35;2;38;1;44;0;0;0;0;0;0;0;0;0;0;0;0;0;0;0;0;0;0;0;0;0;0;0;0;0;0;0;0;0;0;0;0;0;0;0;0;0;0;0;0;0;0;0;0;0;0;0;0;0;0;0;0;0;0;0;0;0;0;0;0;0;0
14.05.2024;05:51;A147;1;0;0;0;0;1;13;1;13;1;19;1;23;3;46;1;29;1;5;2;54;1;8;1;63;2;63;1;28;2;30;1;0;3;5;0;0;0;0;0;0;3;30;2;1;2;21;2;5;0;0;0;0;0;0;0;0;0;0;0;0;0;0;0;0;0;0;0;0;0;0;0;0;0;0;0;0;0;0;0;0;0;0;0;0;0;0;0;0;0;0;0;0;0;0;0;0;0;0;0;0;0;0;0;0;0;0;0;0;0;0
14.05.2024;05:50;A147;1;0;0;0;0;0;0;0;0;0;0;0;0;6;64;2;32;0;0;4;60;2;38;0;0;0;0;0;0;1;23;0;0;1;1;0;0;0;0;0;0;5;69;9;65;2;82;4;81;0;0;0;0;0;0;0;0;0;0;0;0;0;0;0;0;0;0;0;0;0;0;0;0;0;0;0;0;0;0;0;0;0;0;0;0;0;0;0;0;0;0;0;0;0;0;0;0;0;0;0;0;0;0;0;0;0;0;0;0;0;0
14.05.2024;05:49;A147;1;0;0;0;0;0;0;0;0;0;0;0;0;2;49;0;0;0;0;2;10;0;0;1;27;1;4;1;1;0;0;0;0;0;0;0;18;0;17;0;0;6;43;6;44;2;58;3;58;1;0;0;0;0;0;0;0;0;0;0;0;0;0;0;0;0;0;0;0;0;0;0;0;0;0;0;0;0;0;0;0;0;0;0;0;0;0;0;0;0;0;0;0;0;0;0;0;0;0;0;0;0;0;0;0;0;0;0;0;0;0
14.05.2024;05:48;A147;1;0;0;0;0;0;0;0;0;0;0;0;0;1;22;0;0;0;0;1;5;0;0;1;17;1;5;1;45;0;0;1;1;0;0;1;76;1;77;0;0;2;2;1;0;2;13;2;8;0;0;0;0;0;0;0;0;0;0;0;0;0;0;0;0;0;0;0;0;0;0;0;0;0;0;0;0;0;0;0;0;0;0;0;0;0;0;0;0;0;0;0;0;0;0;0;0;0;0;0;0;0;0;0;0;0;0;0;0;0;0
14.05.2024;05:47;A147;1;0;0;0;0;0;0;0;0;0;0;1;1;5;35;0;0;1;3;4;18;0;0;0;0;0;0;1;22;0;0;2;4;0;0;0;89;0;88;0;0;1;1;3;1;1;4;3;6;0;0;0;0;0;0;0;0;0;0;0;0;0;0;0;0;0;0;0;0;0;0;0;0;0;0;0;0;0;0;0;0;0;0;0;0;0;0;0;0;0;0;0;0;0;0;0;0;0;0;0;0;0;0;0;0;0;0;0;0;0;0
14.05.2024;05:46;A147;1;1;2;1;6;1;42;2;2;2;8;0;0;2;73;0;0;0;0;2;67;0;0;0;0;0;0;0;19;0;21;0;0;0;0;2;19;2;21;3;1;3;56;3;45;2;51;2;48;0;2;0;0;0;0;0;0;0;0;0;0;0;0;0;0;0;0;0;0;0;0;0;0;0;0;0;0;0;0;0;0;0;0;0;0;0;0;0;0;0;0;0;0;0;0;0;0;0;0;0;0;0;0;0;0;0;0;0;0;0;0
14.05.2024;05:45;A147;1;0;0;0;0;1;27;1;27;1;6;1;1;2;2;0;0;2;3;2;6;0;0;1;18;0;0;1;70;1;25;2;0;1;1;1;0;0;0;0;0;4;19;6;4;3;28;3;17;1;16;1;3;0;0;0;0;0;0;0;0;0;0;0;0;0;0;0;0;0;0;0;0;0;0;0;0;0;0;0;0;0;0;0;0;0;0;0;0;0;0;0;0;0;0;0;0;0;0;0;0;0;0;0;0;0;0;0;0;0;0
14.05.2024;05:44;A147;1;0;0;0;0;0;0;0;0;0;0;0;0;4;39;1;0;1;3;1;50;1;1;1;38;2;9;0;6;0;0;0;0;0;0;0;0;0;0;0;0;5;20;4;72;4;25;1;15;0;0;0;0;0;0;0;0;0;0;0;0;0;0;0;0;0;0;0;0;0;0;0;0;0;0;0;0;0;0;0;0;0;0;0;0;0;0;0;0;0;0;0;0;0;0;0;0;0;0;0;0;0;0;0;0;0;0;0;0;0;0
14.05.2024;05:43;A147;1;0;0;0;0;0;0;0;0;0;0;1;1;6;4;2;1;1;3;6;15;2;4;1;19;1;4;1;10;0;0;1;0;0;0;0;0;0;0;0;0;3;15;3;10;4;15;3;10;0;0;0;0;0;0;0;0;0;0;0;0;0;0;0;0;0;0;0;0;0;0;0;0;0;0;0;0;0;0;0;0;0;0;0;0;0;0;0;0;0;0;0;0;0;0;0;0;0;0;0;0;0;0;0;0;0;0;0;0;0;0
14.05.2024;05:42;A147;1;0;0;0;0;0;0;0;0;0;0;0;56;2;20;0;0;0;0;2;23;0;0;0;99;0;0;0;0;0;0;0;0;0;0;0;0;0;0;0;0;5;62;0;0;1;68;0;0;0;0;0;0;0;0;0;0;0;0;0;0;0;0;0;0;0;0;0;0;0;0;0;0;0;0;0;0;0;0;0;0;0;0;0;0;0;0;0;0;0;0;0;0;0;0;0;0;0;0;0;0;0;0;0;0;0;0;0;0;0;0
14.05.2024;05:41;A147;1;0;0;0;0;1;2;2;4;0;0;3;11;0;0;0;0;3;17;0;0;0;0;1;15;1;4;0;0;1;67;0;0;2;3;0;0;0;0;0;0;3;11;1;21;3;36;1;7;0;0;0;0;0;0;0;0;0;0;0;0;0;0;0;0;0;0;0;0;0;0;0;0;0;0;0;0;0;0;0;0;0;0;0;0;0;0;0;0;0;0;0;0;0;0;0;0;0;0;0;0;0;0;0;0;0;0;0;0;0;0
14.05.2024;05:40;A147;1;0;0;0;0;0;0;0;0;0;0;1;1;4;2;0;0;1;3;4;9;0;0;1;14;1;9;0;0;0;0;0;0;0;0;0;0;0;0;0;0;2;2;2;3;2;8;2;10;0;0;0;0;0;0;0;0;0;0;0;0;0;0;0;0;0;0;0;0;0;0;0;0;0;0;0;0;0;0;0;0;0;0;0;0;0;0;0;0;0;0;0;0;0;0;0;0;0;0;0;0;0;0;0;0;0;0;0;0;0;0
14.05.2024;05:39;A147;1;0;0;0;0;0;0;0;0;0;0;2;1;11;9;2;1;3;8;10;30;2;3;1;23;1;6;0;0;0;0;0;0;0;0;0;0;0;0;0;0;0;0;4;2;0;0;4;11;0;0;0;0;0;0;0;0;0;0;0;0;0;0;0;0;0;0;0;0;0;0;0;0;0;0;0;0;0;0;0;0;0;0;0;0;0;0;0;0;0;0;0;0;0;0;0;0;0;0;0;0;0;0;0;0;0;0;0;0;0;0
14.05.2024;05:38;A147;1;0;0;0;0;0;11;0;10;0;0;0;0;1;0;0;0;0;0;1;2;0;0;0;0;0;0;0;0;0;0;0;0;0;0;1;0;0;0;0;0;5;18;4;2;5;23;4;12;0;0;0;0;0;0;0;0;0;0;0;0;0;0;0;0;0;0;0;0;0;0;0;0;0;0;0;0;0;0;0;0;0;0;0;0;0;0;0;0;0;0;0;0;0;0;0;0;0;0;0;0;0;0;0;0;0;0;0;0;0;0
14.05.2024;05:37;A147;1;0;0;0;0;1;13;1;14;1;4;1;1;4;2;0;0;1;3;4;9;0;0;0;0;0;0;0;0;0;0;0;0;0;0;0;0;0;0;0;0;2;3;2;1;1;6;1;6;0;0;0;0;0;0;0;0;0;0;0;0;0;0;0;0;0;0;0;0;0;0;0;0;0;0;0;0;0;0;0;0;0;0;0;0;0;0;0;0;0;0;0;0;0;0;0;0;0;0;0;0;0;0;0;0;0;0;0;0;0;0
14.05.2024;05:36;A147;1;0;0;0;0;0;5;0;4;0;3;0;0;2;27;0;0;0;0;2;37;0;0;1;27;1;7;0;0;0;0;0;0;0;0;0;0;0;0;0;0;2;94;2;94;1;97;1;95;0;0;0;0;0;0;0;0;0;0;0;0;0;0;0;0;0;0;0;0;0;0;0;0;0;0;0;0;0;0;0;0;0;0;0;0;0;0;0;0;0;0;0;0;0;0;0;0;0;0;0;0;0;0;0;0;0;0;0;0;0;0
14.05.2024;05:35;A147;1;0;0;0;0;2;35;2;36;2;44;0;0;2;1;0;0;0;0;2;5;0;0;0;0;0;0;0;0;0;0;0;0;0;0;0;30;0;29;0;0;5;31;5;40;5;35;5;51;0;0;0;0;0;0;0;0;0;0;0;0;0;0;0;0;0;0;0;0;0;0;0;0;0;0;0;0;0;0;0;0;0;0;0;0;0;0;0;0;0;0;0;0;0;0;0;0;0;0;0;0;0;0;0;0;0;0;0;0;0;0
14.05.2024;05:34;A147;1;0;0;0;0;0;0;0;0;0;0;0;0;3;26;0;0;0;0;3;11;0;0;0;0;0;0;1;12;0;0;0;0;0;0;1;39;1;41;1;0;3;45;1;8;5;54;1;10;0;0;0;0;0;0;0;0;0;0;0;0;0;0;0;0;0;0;0;0;0;0;0;0;0;0;0;0;0;0;0;0;0;0;0;0;0;0;0;0;0;0;0;0;0;0;0;0;0;0;0;0;0;0;0;0;0;0;0;0;0;0
14.05.2024;05:33;A147;1;0;0;0;0;0;0;0;0;0;0;0;0;3;1;0;0;0;0;3;7;0;0;0;0;0;0;1;22;0;0;0;0;0;0;0;0;0;0;0;0;4;2;2;0;5;12;1;2;0;0;0;0;0;0;0;0;0;0;0;0;0;0;0;0;0;0;0;0;0;0;0;0;0;0;0;0;0;0;0;0;0;0;0;0;0;0;0;0;0;0;0;0;0;0;0;0;0;0;0;0;0;0;0;0;0;0;0;0;0;0
14.05.2024;05:32;A147;1;0;0;0;0;0;0;0;0;0;0;0;0;3;3;0;16;0;0;2;20;0;0;0;0;0;0;0;0;0;0;0;0;0;0;0;0;0;0;0;0;3;17;2;1;2;7;2;6;0;0;0;0;0;0;0;0;0;0;0;0;0;0;0;0;0;0;0;0;0;0;0;0;0;0;0;0;0;0;0;0;0;0;0;0;0;0;0;0;0;0;0;0;0;0;0;0;0;0;0;0;0;0;0;0;0;0;0;0;0;0
14.05.2024;05:31;A147;1;0;0;0;0;0;0;0;0;0;0;0;0;2;3;1;29;0;0;2;57;1;9;0;0;0;0;0;60;0;0;0;0;0;0;0;0;0;0;0;0;2;18;0;0;1;9;0;0;1;28;0;5;0;0;0;0;0;0;0;0;0;0;0;0;0;0;0;0;0;0;0;0;0;0;0;0;0;0;0;0;0;0;0;0;0;0;0;0;0;0;0;0;0;0;0;0;0;0;0;0;0;0;0;0;0;0;0;0;0;0
14.05.2024;05:30;A147;1;0;0;0;0;0;0;0;0;0;0;1;1;2;61;1;0;0;0;2;8;1;2;0;0;0;0;1;38;1;35;2;2;0;0;0;0;0;0;0;0;3;3;2;4;1;16;2;11;0;0;1;0;0;0;0;0;0;0;0;0;0;0;0;0;0;0;0;0;0;0;0;0;0;0;0;0;0;0;0;0;0;0;0;0;0;0;0;0;0;0;0;0;0;0;0;0;0;0;0;0;0;0;0;0;0;0;0;0;0;0
14.05.2024;05:29;A147;1;0;0;0;0;0;0;0;0;0;0;0;0;1;0;1;0;1;3;1;2;0;0;0;0;0;0;1;9;0;0;1;0;0;0;0;0;0;0;0;0;1;0;3;1;2;4;1;10;0;0;0;0;0;0;0;0;0;0;0;0;0;0;0;0;0;0;0;0;0;0;0;0;0;0;0;0;0;0;0;0;0;0;0;0;0;0;0;0;0;0;0;0;0;0;0;0;0;0;0;0;0;0;0;0;0;0;0;0;0;0
14.05.2024;05:28;A147;1;0;0;0;0;0;0;1;0;0;0;0;0;1;2;0;0;0;0;1;6;0;0;0;12;0;0;0;27;1;1;0;0;2;1;0;0;0;0;0;0;2;5;1;50;1;67;2;9;0;0;0;0;0;0;0;0;0;0;0;0;0;0;0;0;0;0;0;0;0;0;0;0;0;0;0;0;0;0;0;0;0;0;0;0;0;0;0;0;0;0;0;0;0;0;0;0;0;0;0;0;0;0;0;0;0;0;0;0;0;0
14.05.2024;05:27;A147;1;0;0;0;0;0;0;0;0;0;0;0;0;3;1;0;0;0;0;3;9;0;0;1;3;1;5;1;9;0;0;2;1;0;0;0;0;0;0;0;0;2;2;0;0;2;6;0;0;0;0;0;0;0;0;0;0;0;0;0;0;0;0;0;0;0;0;0;0;0;0;0;0;0;0;0;0;0;0;0;0;0;0;0;0;0;0;0;0;0;0;0;0;0;0;0;0;0;0;0;0;0;0;0;0;0;0;0;0;0;0
14.05.2024;05:26;A147;1;0;0;0;0;0;0;1;0;0;0;1;5;3;1;3;1;0;4;3;10;3;7;0;0;0;0;0;0;0;0;0;0;0;0;0;0;0;0;0;0;2;1;1;0;2;5;1;2;0;0;0;0;0;0;0;0;0;0;0;0;0;0;0;0;0;0;0;0;0;0;0;0;0;0;0;0;0;0;0;0;0;0;0;0;0;0;0;0;0;0;0;0;0;0;0;0;0;0;0;0;0;0;0;0;0;0;0;0;0;0
14.05.2024;05:25;A147;1;0;0;0;0;0;0;0;0;0;0;0;0;3;14;1;9;2;31;0;18;1;4;0;0;0;0;0;0;0;0;0;0;0;0;0;0;0;0;0;0;0;11;1;14;0;0;1;3;0;0;0;0;0;0;0;0;0;0;0;0;0;0;0;0;0;0;0;0;0;0;0;0;0;0;0;0;0;0;0;0;0;0;0;0;0;0;0;0;0;0;0;0;0;0;0;0;0;0;0;0;0;0;0;0;0;0;0;0;0;0
14.05.2024;05:24;A147;1;1;27;2;6;0;0;0;0;0;0;0;0;1;41;1;1;0;0;2;24;1;8;0;0;0;0;1;17;0;0;1;0;0;0;0;0;0;0;0;0;1;7;2;15;1;8;3;7;0;0;0;0;0;0;0;0;0;0;0;0;0;0;0;0;0;0;0;0;0;0;0;0;0;0;0;0;0;0;0;0;0;0;0;0;0;0;0;0;0;0;0;0;0;0;0;0;0;0;0;0;0;0;0;0;0;0;0;0;0;0
14.05.2024;05:23;A147;1;0;0;0;0;0;22;0;22;0;20;0;0;4;2;1;0;0;0;3;12;1;2;0;0;0;0;0;0;0;0;0;0;0;0;0;0;1;0;0;0;1;28;4;22;1;5;4;22;0;0;0;0;0;0;0;0;0;0;0;0;0;0;0;0;0;0;0;0;0;0;0;0;0;0;0;0;0;0;0;0;0;0;0;0;0;0;0;0;0;0;0;0;0;0;0;0;0;0;0;0;0;0;0;0;0;0;0;0;0;0
14.05.2024;05:22;A147;1;0;0;0;0;0;100;0;100;0;100;1;10;4;29;2;37;1;4;4;47;2;28;0;0;0;0;1;5;0;0;2;1;0;0;0;0;0;0;0;0;1;33;1;31;2;9;2;8;0;0;0;0;0;0;0;0;0;0;0;0;0;0;0;0;0;0;0;0;0;0;0;0;0;0;0;0;0;0;0;0;0;0;0;0;0;0;0;0;0;0;0;0;0;0;0;0;0;0;0;0;0;0;0;0;0;0;0;0;0;0
14.05.2024;05:21;A147;1;0;0;0;0;2;26;2;28;2;40;0;0;3;22;0;0;0;0;2;20;0;0;0;0;0;0;1;53;0;0;2;1;0;0;0;0;0;0;0;0;3;12;2;29;5;14;2;4;0;0;0;0;0;0;0;0;0;0;0;0;0;0;0;0;0;0;0;0;0;0;0;0;0;0;0;0;0;0;0;0;0;0;0;0;0;0;0;0;0;0;0;0;0;0;0;0;0;0;0;0;0;0;0;0;0;0;0;0;0;0
14.05.2024;05:20;A147;1;0;0;0;0;0;0;0;0;0;0;0;0;0;19;0;14;0;0;0;0;0;0;0;0;0;0;1;33;0;0;2;1;0;0;0;0;0;0;0;0;2;20;3;20;3;25;5;31;0;0;0;0;0;0;0;0;0;0;0;0;0;0;0;0;0;0;0;0;0;0;0;0;0;0;0;0;0;0;0;0;0;0;0;0;0;0;0;0;0;0;0;0;0;0;0;0;0;0;0;0;0;0;0;0;0;0;0;0;0;0
14.05.2024;05:19;A147;1;0;0;0;0;0;0;0;0;0;0;0;0;1;10;1;10;0;0;1;5;1;7;0;0;0;0;1;25;0;0;2;3;0;0;0;0;0;0;0;0;1;25;1;28;2;12;2;42;0;0;0;0;0;0;0;0;0;0;0;0;0;0;0;0;0;0;0;0;0;0;0;0;0;0;0;0;0;0;0;0;0;0;0;0;0;0;0;0;0;0;0;0;0;0;0;0;0;0;0;0;0;0;0;0;0;0;0;0;0;0
14.05.2024;05:18;A147;1;0;0;0;0;0;0;0;0;0;0;1;1;4;1;0;0;1;2;4;6;0;0;0;0;0;0;0;0;0;0;0;0;0;0;0;0;0;0;0;0;1;1;1;0;1;4;1;3;0;0;0;0;0;0;0;0;0;0;0;0;0;0;0;0;0;0;0;0;0;0;0;0;0;0;0;0;0;0;0;0;0;0;0;0;0;0;0;0;0;0;0;0;0;0;0;0;0;0;0;0;0;0;0;0;0;0;0;0;0;0
14.05.2024;05:17;A147;1;0;0;0;0;1;28;1;27;1;1;0;0;3;19;1;1;1;13;5;19;1;10;0;0;0;0;0;0;0;0;0;0;0;0;0;0;0;0;0;0;2;1;1;0;3;6;1;2;0;0;0;0;0;0;0;0;0;0;0;0;0;0;0;0;0;0;0;0;0;0;0;0;0;0;0;0;0;0;0;0;0;0;0;0;0;0;0;0;0;0;0;0;0;0;0;0;0;0;0;0;0;0;0;0;0;0;0;0;0;0
14.05.2024;05:16;A147;1;0;0;0;0;0;0;0;0;0;0;0;0;1;0;0;0;0;0;1;1;0;0;0;0;0;0;0;0;0;0;0;0;0;0;0;0;0;0;0;0;3;2;1;0;4;9;1;4;0;0;0;0;0;0;0;0;0;0;0;0;0;0;0;0;0;0;0;0;0;0;0;0;0;0;0;0;0;0;0;0;0;0;0;0;0;0;0;0;0;0;0;0;0;0;0;0;0;0;0;0;0;0;0;0;0;0;0;0;0;0
14.05.2024;05:15;A147;1;0;0;0;0;1;0;1;0;0;0;0;0;3;46;0;0;0;0;2;26;0;0;1;18;1;5;0;0;0;0;0;0;0;0;0;0;0;0;0;0;0;0;0;0;0;0;0;0;0;0;0;0;0;0;0;0;0;0;0;0;0;0;0;0;0;0;0;0;0;0;0;0;0;0;0;0;0;0;0;0;0;0;0;0;0;0;0;0;0;0;0;0;0;0;0;0;0;0;0;0;0;0;0;0;0;0;0;0;0;0
14.05.2024;05:14;A147;1;0;0;0;0;0;0;0;0;0;0;1;1;1;0;0;0;2;3;2;9;0;0;0;16;0;0;0;0;1;47;0;0;1;0;0;0;0;0;0;0;0;0;0;0;0;0;0;0;0;0;0;0;0;0;0;0;0;0;0;0;0;0;0;0;0;0;0;0;0;0;0;0;0;0;0;0;0;0;0;0;0;0;0;0;0;0;0;0;0;0;0;0;0;0;0;0;0;0;0;0;0;0;0;0;0;0;0;0;0;0
14.05.2024;05:13;A147;1;0;0;0;0;0;0;0;0;0;0;0;0;1;71;0;0;0;72;1;57;0;0;1;3;1;4;0;9;0;0;0;0;0;0;0;0;0;0;0;0;2;2;1;1;2;8;1;10;0;0;0;0;0;0;0;0;0;0;0;0;0;0;0;0;0;0;0;0;0;0;0;0;0;0;0;0;0;0;0;0;0;0;0;0;0;0;0;0;0;0;0;0;0;0;0;0;0;0;0;0;0;0;0;0;0;0;0;0;0;0
14.05.2024;05:12;A147;1;0;0;0;0;0;0;0;0;0;0;0;0;1;0;0;0;1;2;2;7;0;0;0;0;0;0;2;32;0;0;3;2;0;0;0;0;0;0;0;0;1;64;2;55;2;52;1;5;0;0;0;0;0;0;0;0;0;0;0;0;0;0;0;0;0;0;0;0;0;0;0;0;0;0;0;0;0;0;0;0;0;0;0;0;0;0;0;0;0;0;0;0;0;0;0;0;0;0;0;0;0;0;0;0;0;0;0;0;0;0
14.05.2024;05:11;A147;1;0;0;0;0;1;0;1;0;0;0;1;5;2;41;0;0;1;10;1;1;0;0;0;0;0;0;1;62;0;0;3;2;0;0;0;0;0;0;0;0;4;41;4;26;3;20;5;26;0;0;0;0;0;0;0;0;0;0;0;0;0;0;0;0;0;0;0;0;0;0;0;0;0;0;0;0;0;0;0;0;0;0;0;0;0;0;0;0;0;0;0;0;0;0;0;0;0;0;0;0;0;0;0;0;0;0;0;0;0;0
14.05.2024;05:10;A147;1;0;0;0;0;0;0;0;0;0;0;0;0;1;4;1;0;0;0;2;4;1;1;0;6;0;0;1;51;0;0;0;0;0;0;0;0;0;0;0;0;0;0;0;0;1;3;0;0;0;0;0;0;0;0;0;0;0;0;0;0;0;0;0;0;0;0;0;0;0;0;0;0;0;0;0;0;0;0;0;0;0;0;0;0;0;0;0;0;0;0;0;0;0;0;0;0;0;0;0;0;0;0;0;0;0;0;0;0;0;0
14.05.2024;05:09;A147;1;0;0;0;0;0;0;0;0;0;0;0;0;1;1;0;0;0;0;1;2;0;0;1;16;0;0;0;0;0;0;0;0;0;0;0;0;0;0;0;0;5;12;4;7;4;19;6;7;0;0;0;0;0;0;0;0;0;0;0;0;0;0;0;0;0;0;0;0;0;0;0;0;0;0;0;0;0;0;0;0;0;0;0;0;0;0;0;0;0;0;0;0;0;0;0;0;0;0;0;0;0;0;0;0;0;0;0;0;0;0
14.05.2024;05:08;A147;1;1;0;1;3;1;47;1;47;1;5;0;0;0;0;0;0;0;0;0;0;0;0;0;0;0;0;1;35;0;0;0;0;0;0;0;0;0;0;0;0;1;30;1;43;1;38;1;9;0;0;0;0;0;0;0;0;0;0;0;0;0;0;0;0;0;0;0;0;0;0;0;0;0;0;0;0;0;0;0;0;0;0;0;0;0;0;0;0;0;0;0;0;0;0;0;0;0;0;0;0;0;0;0;0;0;0;0;0;0;0
14.05.2024;05:07;A147;1;0;0;0;0;0;0;0;0;0;0;0;0;2;1;0;0;0;0;2;2;0;0;0;0;0;0;0;0;0;0;0;0;0;0;0;0;0;0;0;0;1;0;1;0;1;1;1;5;0;0;0;0;0;0;0;0;0;0;0;0;0;0;0;0;0;0;0;0;0;0;0;0;0;0;0;0;0;0;0;0;0;0;0;0;0;0;0;0;0;0;0;0;0;0;0;0;0;0;0;0;0;0;0;0;0;0;0;0;0;0
14.05.2024;05:06;A147;1;0;0;0;0;0;0;0;0;0;0;0;0;5;19;0;0;0;0;6;15;0;0;0;0;0;0;0;0;0;0;0;0;0;0;0;0;0;0;0;0;2;2;2;13;2;8;4;9;0;0;0;0;0;0;0;0;0;0;0;0;0;0;0;0;0;0;0;0;0;0;0;0;0;0;0;0;0;0;0;0;0;0;0;0;0;0;0;0;0;0;0;0;0;0;0;0;0;0;0;0;0;0;0;0;0;0;0;0;0;0
14.05.2024;05:05;A147;1;1;21;1;9;0;0;0;0;0;0;0;0;1;27;0;0;0;0;2;4;0;0;0;0;0;0;0;0;0;0;0;0;0;0;1;84;1;84;0;0;1;1;2;10;1;6;3;22;0;0;0;0;0;0;0;0;0;0;0;0;0;0;0;0;0;0;0;0;0;0;0;0;0;0;0;0;0;0;0;0;0;0;0;0;0;0;0;0;0;0;0;0;0;0;0;0;0;0;0;0;0;0;0;0;0;0;0;0;0;0
14.05.2024;05:04;A147;1;0;29;0;0;0;0;0;0;0;0;1;22;1;13;0;0;2;4;4;11;0;0;0;2;0;0;1;1;0;0;1;0;0;0;1;44;1;45;2;2;0;0;0;0;0;0;0;0;0;0;0;0;0;0;0;0;0;0;0;0;0;0;0;0;0;0;0;0;0;0;0;0;0;0;0;0;0;0;0;0;0;0;0;0;0;0;0;0;0;0;0;0;0;0;0;0;0;0;0;0;0;0;0;0;0;0;0;0;0;0
14.05.2024;05:03;A147;1;1;28;2;12;0;0;0;0;0;0;0;0;4;11;0;0;0;0;4;10;0;0;0;100;0;0;0;4;0;0;0;0;0;0;0;0;0;0;0;0;0;0;1;0;0;0;2;4;0;0;0;0;0;0;0;0;0;0;0;0;0;0;0;0;0;0;0;0;0;0;0;0;0;0;0;0;0;0;0;0;0;0;0;0;0;0;0;0;0;0;0;0;0;0;0;0;0;0;0;0;0;0;0;0;0;0;0;0;0;0
14.05.2024;05:02;A147;1;0;0;0;0;0;0;0;0;0;0;0;0;3;2;0;0;0;0;3;7;0;0;1;3;1;3;1;31;0;0;0;0;0;0;0;0;0;0;0;0;0;0;0;0;0;0;0;0;0;0;0;0;0;0;0;0;0;0;0;0;0;0;0;0;0;0;0;0;0;0;0;0;0;0;0;0;0;0;0;0;0;0;0;0;0;0;0;0;0;0;0;0;0;0;0;0;0;0;0;0;0;0;0;0;0;0;0;0;0;0
14.05.2024;05:01;A147;1;0;0;0;0;0;0;0;0;0;0;0;0;0;0;0;0;0;0;0;0;0;0;0;0;0;0;1;0;0;0;1;0;0;0;0;0;0;0;0;0;1;21;1;2;1;6;2;7;0;0;0;0;0;0;0;0;0;0;0;0;0;0;0;0;0;0;0;0;0;0;0;0;0;0;0;0;0;0;0;0;0;0;0;0;0;0;0;0;0;0;0;0;0;0;0;0;0;0;0;0;0;0;0;0;0;0;0;0;0;0
14.05.2024;05:00;A147;1;0;0;0;0;0;0;0;0;0;0;0;0;2;1;0;0;0;0;3;4;0;0;1;17;0;3;0;0;1;2;0;0;0;0;1;0;0;0;0;0;1;0;0;0;1;3;0;0;0;0;0;0;0;0;0;0;0;0;0;0;0;0;0;0;0;0;0;0;0;0;0;0;0;0;0;0;0;0;0;0;0;0;0;0;0;0;0;0;0;0;0;0;0;0;0;0;0;0;0;0;0;0;0;0;0;0;0;0;0;0
14.05.2024;04:59;A147;1;0;0;0;0;0;0;0;0;0;0;0;0;3;19;1;0;0;0;4;12;3;4;0;0;1;2;0;0;0;0;0;0;0;0;0;9;0;8;0;0;3;22;2;10;2;28;4;21;0;0;0;0;0;0;0;0;0;0;0;0;0;0;0;0;0;0;0;0;0;0;0;0;0;0;0;0;0;0;0;0;0;0;0;0;0;0;0;0;0;0;0;0;0;0;0;0;0;0;0;0;0;0;0;0;0;0;0;0;0;0
14.05.2024;04:58;A147;1;0;0;0;0;0;0;0;0;0;0;0;0;3;45;0;0;3;9;3;24;0;0;0;0;0;0;0;0;0;0;0;0;0;0;2;18;2;19;1;0;1;1;0;0;3;3;0;0;0;0;0;0;0;0;0;0;0;0;0;0;0;0;0;0;0;0;0;0;0;0;0;0;0;0;0;0;0;0;0;0;0;0;0;0;0;0;0;0;0;0;0;0;0;0;0;0;0;0;0;0;0;0;0;0;0;0;0;0;0;0
14.05.2024;04:57;A147;1;0;0;0;0;0;0;1;0;0;0;0;1;1;0;1;0;0;0;1;1;0;1;0;0;0;0;0;0;0;0;0;0;0;0;0;0;0;0;0;0;0;0;0;0;0;0;0;0;0;0;0;0;0;0;0;0;0;0;0;0;0;0;1;1;0;0;0;0;0;0;0;0;0;0;0;0;0;0;0;0;0;0;0;0;0;0;1;1;0;0;0;0;0;0;0;0;0;0;0;0;0;0;0;0;0;0;0;0;0;0
14.05.2024;04:56;A147;1;0;0;0;0;0;0;0;0;0;0;1;4;2;3;0;0;4;19;2;4;1;2;0;0;0;0;0;0;0;0;0;0;0;0;0;0;0;0;0;0;1;5;0;6;2;2;0;0;0;41;0;0;0;0;0;0;0;0;0;0;0;0;0;0;0;0;0;0;0;0;0;0;0;0;0;0;0;0;0;0;0;0;0;0;0;0;0;0;0;0;0;0;0;0;0;0;0;0;0;0;0;0;0;0;0;0;0;0;0;0
14.05.2024;04:55;A147;1;0;0;0;0;0;0;0;0;0;0;1;1;0;0;0;0;1;3;1;3;0;0;0;0;0;0;1;26;0;0;2;3;0;0;0;0;0;0;0;0;1;13;1;11;2;6;1;1;1;23;2;5;0;0;0;0;0;0;0;0;0;0;0;0;0;0;0;0;0;0;0;0;0;0;0;0;0;0;0;0;0;0;0;0;0;0;0;0;0;0;0;0;0;0;0;0;0;0;0;0;0;0;0;0;0;0;0;0;0;0
14.05.2024;04:54;A147;1;0;0;0;0;0;0;0;0;0;0;0;0;0;15;0;0;0;0;0;0;0;0;0;0;0;0;0;0;0;0;0;0;0;0;0;0;0;0;0;0;2;2;2;1;1;11;1;10;0;0;0;0;0;0;0;0;0;0;0;0;0;0;0;0;0;0;0;0;0;0;0;0;0;0;0;0;0;0;0;0;0;0;0;0;0;0;0;0;0;0;0;0;0;0;0;0;0;0;0;0;0;0;0;0;0;0;0;0;0;0
14.05.2024;04:53;A147;1;0;0;0;0;0;0;0;0;0;0;1;1;2;17;0;0;0;0;3;6;0;0;0;0;0;0;1;43;0;0;2;3;0;0;0;0;0;0;0;0;1;0;1;0;2;2;2;2;0;0;0;0;0;0;0;0;0;0;0;0;0;0;0;0;0;0;0;0;0;0;0;0;0;0;0;0;0;0;0;0;0;0;0;0;0;0;0;0;0;0;0;0;0;0;0;0;0;0;0;0;0;0;0;0;0;0;0;0;0;0
14.05.2024;04:52;A147;1;0;0;0;0;0;0;0;0;0;0;0;0;0;0;0;0;0;0;0;0;0;0;0;0;0;0;1;4;1;0;1;0;0;0;0;43;0;42;0;0;0;0;0;0;0;0;0;0;0;0;0;0;0;0;0;0;0;0;0;0;0;0;0;0;0;0;0;0;0;0;0;0;0;0;0;0;0;0;0;0;0;0;0;0;0;0;0;0;0;0;0;0;0;0;0;0;0;0;0;0;0;0;0;0;0;0;0;0;0;0
14.05.2024;04:51;A147;1;0;0;0;0;0;0;0;0;0;0;0;0;2;52;0;0;0;0;2;11;0;0;0;0;0;0;2;38;1;0;2;0;0;0;1;42;1;44;3;3;0;0;3;2;0;0;1;13;0;0;0;0;0;0;0;0;0;0;0;0;0;0;0;0;0;0;0;0;0;0;0;0;0;0;0;0;0;0;0;0;0;0;0;0;0;0;0;0;0;0;0;0;0;0;0;0;0;0;0;0;0;0;0;0;0;0;0;0;0;0
14.05.2024;04:50;A147;1;0;0;0;0;0;0;0;0;0;0;0;0;2;8;0;0;0;0;2;5;0;0;0;0;0;0;1;26;1;0;2;2;0;0;0;0;0;0;0;0;0;45;2;1;0;0;2;7;0;0;0;0;0;0;0;0;0;0;0;0;0;0;0;0;0;0;0;0;0;0;0;0;0;0;0;0;0;0;0;0;0;0;0;0;0;0;0;0;0;0;0;0;0;0;0;0;0;0;0;0;0;0;0;0;0;0;0;0;0;0
14.05.2024;04:49;A147;1;0;0;0;0;0;0;0;0;0;0;0;0;2;2;0;0;1;1;2;8;0;0;0;0;0;0;2;44;0;0;2;0;0;0;0;0;0;0;0;0;1;21;1;41;2;10;0;38;0;0;0;0;0;0;0;0;0;0;0;0;0;0;0;0;0;0;0;0;0;0;0;0;0;0;0;0;0;0;0;0;0;0;0;0;0;0;0;0;0;0;0;0;0;0;0;0;0;0;0;0;0;0;0;0;0;0;0;0;0;0
14.05.2024;04:48;A147;1;0;0;0;0;0;0;0;0;0;0;0;0;3;1;0;0;0;0;4;5;0;0;0;0;0;0;1;27;0;0;2;1;0;0;0;0;0;0;0;0;2;5;2;28;1;11;3;10;0;0;0;0;0;0;0;0;0;0;0;0;0;0;0;0;0;0;0;0;0;0;0;0;0;0;0;0;0;0;0;0;0;0;0;0;0;0;0;0;0;0;0;0;0;0;0;0;0;0;0;0;0;0;0;0;0;0;0;0;0;0
14.05.2024;04:47;A147;1;0;0;0;0;0;0;0;0;0;0;0;0;0;0;0;0;0;0;0;0;0;0;0;0;0;0;1;27;0;0;1;1;0;0;0;0;0;0;0;0;1;2;0;0;1;3;1;7;0;0;0;0;0;0;0;0;0;0;0;0;0;0;0;0;0;0;0;0;0;0;0;0;0;0;0;0;0;0;0;0;0;0;0;0;0;0;0;0;0;0;0;0;0;0;0;0;0;0;0;0;0;0;0;0;0;0;0;0;0;0
14.05.2024;04:46;A147;1;0;0;0;0;0;0;0;0;0;0;0;0;2;1;2;1;0;0;1;3;2;4;0;0;0;0;0;0;0;0;0;0;0;0;0;0;0;0;0;0;1;1;0;0;2;7;0;0;0;0;0;0;0;0;0;0;0;0;0;0;0;0;0;0;0;0;0;0;0;0;0;0;0;0;0;0;0;0;0;0;0;0;0;0;0;0;0;0;0;0;0;0;0;0;0;0;0;0;0;0;0;0;0;0;0;0;0;0;0;0
14.05.2024;04:45;A147;1;0;0;0;0;0;0;0;0;0;0;0;0;2;1;0;0;0;0;2;5;0;0;0;0;0;0;0;0;0;0;0;0;0;0;0;0;0;0;0;0;2;1;1;0;3;5;1;5;0;0;0;0;0;0;0;0;0;0;0;0;0;0;0;0;0;0;0;0;0;0;0;0;0;0;0;0;0;0;0;0;0;0;0;0;0;0;0;0;0;0;0;0;0;0;0;0;0;0;0;0;0;0;0;0;0;0;0;0;0;0
14.05.2024;04:44;A147;1;0;0;0;0;0;0;0;0;0;0;0;0;0;0;0;0;0;0;0;0;0;0;0;0;0;0;0;0;0;0;0;0;0;0;0;0;0;0;0;0;1;0;1;0;1;3;1;4;0;0;0;0;0;0;0;0;0;0;0;0;0;0;0;0;0;0;0;0;0;0;0;0;0;0;0;0;0;0;0;0;0;0;0;0;0;0;0;0;0;0;0;0;0;0;0;0;0;0;0;0;0;0;0;0;0;0;0;0;0;0
14.05.2024;04:43;A147;1;0;0;0;0;0;0;0;0;0;0;0;0;1;0;0;0;0;0;1;1;0;0;0;0;0;0;0;0;0;0;0;0;0;0;0;0;0;0;0;0;0;0;0;0;0;0;0;0;0;0;0;0;0;0;0;0;0;0;0;0;0;0;0;0;0;0;0;0;0;0;0;0;0;0;0;0;0;0;0;0;0;0;0;0;0;0;0;0;0;0;0;0;0;0;0;0;0;0;0;0;0;0;0;0;0;0;0;0;0;0
14.05.2024;04:42;A147;1;0;0;0;0;0;0;0;0;0;0;0;0;2;1;1;0;0;0;2;3;1;1;0;0;0;0;0;0;0;0;0;0;0;0;1;0;1;0;0;0;0;0;1;0;0;0;1;5;0;0;0;0;0;0;0;0;0;0;0;0;0;0;0;0;0;0;0;0;0;0;0;0;0;0;0;0;0;0;0;0;0;0;0;0;0;0;0;0;0;0;0;0;0;0;0;0;0;0;0;0;0;0;0;0;0;0;0;0;0;0
14.05.2024;04:41;A147;1;0;0;0;0;0;0;0;0;0;0;0;0;0;0;0;0;0;0;0;0;0;0;0;0;0;0;0;0;0;0;0;0;0;0;0;0;0;0;0;0;0;0;0;0;0;0;0;0;0;0;0;0;0;0;0;0;0;0;0;0;0;0;0;0;0;0;0;0;0;0;0;0;0;0;0;0;0;0;0;0;0;0;0;0;0;0;0;0;0;0;0;0;0;0;0;0;0;0;0;0;0;0;0;0;0;0;0;0;0;0
14.05.2024;04:40;A147;1;0;0;0;0;0;0;0;0;0;0;0;0;0;0;0;0;0;0;0;0;0;0;0;0;0;0;0;0;0;0;0;0;0;0;2;54;2;54;0;0;0;0;0;0;0;0;0;0;0;0;0;0;0;0;0;0;0;0;0;0;0;0;0;0;0;0;0;0;0;0;0;0;0;0;0;0;0;0;0;0;0;0;0;0;0;0;0;0;0;0;0;0;0;0;0;0;0;0;0;0;0;0;0;0;0;0;0;0;0;0
14.05.2024;04:39;A147;1;0;0;0;0;0;0;1;0;0;0;0;0;0;0;0;0;0;0;0;0;0;0;0;0;0;0;0;0;0;0;0;0;0;0;0;0;0;0;0;0;1;21;0;0;1;27;0;0;0;0;0;0;0;0;0;0;0;0;0;0;0;0;0;0;0;0;0;0;0;0;0;0;0;0;0;0;0;0;0;0;0;0;0;0;0;0;0;0;0;0;0;0;0;0;0;0;0;0;0;0;0;0;0;0;0;0;0;0;0;0
14.05.2024;04:38;A147;1;0;0;0;0;0;0;0;0;0;0;0;0;0;0;0;0;0;0;0;0;0;0;0;0;0;0;0;0;1;33;0;0;0;0;0;0;0;0;0;0;0;0;2;1;0;0;1;10;0;0;0;0;0;0;0;0;0;0;0;0;0;0;0;0;0;0;0;0;0;0;0;0;0;0;0;0;0;0;0;0;0;0;0;0;0;0;0;0;0;0;0;0;0;0;0;0;0;0;0;0;0;0;0;0;0;0;0;0;0;0
14.05.2024;04:37;A147;1;0;0;0;0;0;0;0;0;0;0;0;0;3;2;0;0;0;0;3;9;0;0;0;0;0;0;0;0;0;0;0;0;0;0;0;0;0;0;0;0;0;0;0;0;0;0;0;0;0;0;0;0;0;0;0;0;0;0;0;0;0;0;0;0;0;0;0;0;0;0;0;0;0;0;0;0;0;0;0;0;0;0;0;0;0;0;0;0;0;0;0;0;0;0;0;0;0;0;0;0;0;0;0;0;0;0;0;0;0;0
14.05.2024;04:36;A147;1;0;0;0;0;0;19;0;0;0;0;0;0;1;1;1;9;0;0;1;6;2;6;0;0;0;0;0;0;0;0;0;0;0;0;0;0;0;0;0;0;0;0;0;0;0;0;0;0;0;0;0;0;0;0;0;0;0;0;0;0;0;0;0;0;0;0;0;0;0;0;0;0;0;0;0;0;0;0;0;0;0;0;0;0;0;0;0;0;0;0;0;0;0;0;0;0;0;0;0;0;0;0;0;0;0;0;0;0;0;0
14.05.2024;04:35;A147;1;0;0;0;0;2;4;2;2;2;3;0;0;0;0;0;0;0;0;0;0;0;0;0;0;0;0;0;0;0;0;0;0;0;0;0;0;0;0;0;0;1;0;0;0;1;4;0;0;1;13;1;6;0;0;0;0;0;0;0;0;0;0;0;0;0;0;0;0;0;0;0;0;0;0;0;0;0;0;0;0;0;0;0;0;0;0;0;0;0;0;0;0;0;0;0;0;0;0;0;0;0;0;0;0;0;0;0;0;0;0
14.05.2024;04:34;A147;1;0;0;0;0;0;0;0;0;0;0;0;0;0;0;0;0;0;0;0;0;0;0;0;0;0;0;0;0;0;0;0;0;0;0;0;0;0;0;0;0;0;0;0;0;0;0;0;0;0;0;0;0;0;0;0;0;0;0;0;0;0;0;0;0;0;0;0;0;0;0;0;0;0;0;0;0;0;0;0;0;0;0;0;0;0;0;0;0;0;0;0;0;0;0;0;0;0;0;0;0;0;0;0;0;0;0;0;0;0;0
14.05.2024;04:33;A147;1;0;0;0;0;0;0;0;0;0;0;1;1;1;0;0;0;1;5;1;2;0;0;0;0;0;0;0;0;0;0;0;0;0;0;0;0;0;0;0;0;2;3;0;0;2;9;0;0;0;0;0;0;0;0;0;0;0;0;0;0;0;0;0;0;0;0;0;0;0;0;0;0;0;0;0;0;0;0;0;0;0;0;0;0;0;0;0;0;0;0;0;0;0;0;0;0;0;0;0;0;0;0;0;0;0;0;0;0;0;0
14.05.2024;04:32;A147;1;0;0;0;0;0;0;0;0;0;0;0;0;1;0;0;0;0;0;1;3;0;0;0;0;0;0;0;0;0;0;0;0;0;0;1;1;1;0;0;0;1;0;0;0;1;1;0;0;0;0;0;0;0;0;0;0;0;0;0;0;0;0;0;0;0;0;0;0;0;0;0;0;0;0;0;0;0;0;0;0;0;0;0;0;0;0;0;0;0;0;0;0;0;0;0;0;0;0;0;0;0;0;0;0;0;0;0;0;0;0
14.05.2024;04:31;A147;1;0;0;0;0;0;0;0;0;0;0;0;0;0;0;0;0;0;0;0;0;0;0;0;0;0;0;0;0;0;0;0;0;0;0;0;0;0;0;0;0;0;0;1;0;0;0;1;3;0;0;0;0;0;0;0;0;0;0;0;0;0;0;0;0;0;0;0;0;0;0;0;0;0;0;0;0;0;0;0;0;0;0;0;0;0;0;0;0;0;0;0;0;0;0;0;0;0;0;0;0;0;0;0;0;0;0;0;0;0;0
14.05.2024;04:30;A147;1;0;0;0;0;0;0;0;0;0;0;0;0;0;0;0;0;0;0;0;0;1;4;1;20;1;4;0;0;0;0;0;0;0;0;0;0;0;0;0;0;1;1;0;0;1;6;0;0;0;0;0;0;0;0;0;0;0;0;0;0;0;0;0;0;0;0;0;0;0;0;0;0;0;0;0;0;0;0;0;0;0;0;0;0;0;0;0;0;0;0;0;0;0;0;0;0;0;0;0;0;0;0;0;0;0;0;0;0;0;0
14.05.2024;04:29;A147;1;0;0;0;0;0;0;0;0;0;0;0;0;1;0;0;0;0;0;1;4;0;0;0;0;0;0;0;0;0;0;0;0;0;0;0;0;0;0;0;0;0;23;0;0;0;0;0;0;0;0;0;0;0;0;0;0;0;0;0;0;0;0;0;0;0;0;0;0;0;0;0;0;0;0;0;0;0;0;0;0;0;0;0;0;0;0;0;0;0;0;0;0;0;0;0;0;0;0;0;0;0;0;0;0;0;0;0;0;0;0
14.05.2024;04:28;A147;1;0;0;0;0;0;0;0;0;0;0;0;52;2;25;0;0;0;0;1;32;0;0;1;75;1;3;0;0;0;0;0;0;0;0;0;0;0;0;0;0;1;5;1;33;2;5;3;9;0;0;0;0;0;0;0;0;0;0;0;0;0;0;0;0;0;0;0;0;0;0;0;0;0;0;0;0;0;0;0;0;0;0;0;0;0;0;0;0;0;0;0;0;0;0;0;0;0;0;0;0;0;0;0;0;0;0;0;0;0;0
14.05.2024;04:27;A147;1;0;0;0;0;0;0;0;0;0;0;1;2;0;0;0;0;2;7;0;0;0;0;0;22;0;0;0;0;0;0;0;0;0;0;1;0;0;0;0;0;2;11;1;2;1;23;3;10;0;0;0;0;0;0;0;0;1;1;0;0;0;0;0;0;0;0;0;0;0;0;0;0;0;0;0;0;0;0;0;0;0;0;0;0;0;0;0;0;0;0;0;0;0;0;0;0;0;0;0;0;0;0;0;0;0;0;0;0;0;0
14.05.2024;04:26;A147;1;0;0;0;0;0;0;0;0;0;0;0;0;1;0;0;0;0;0;2;1;0;0;1;1;1;4;0;0;0;0;0;0;0;0;0;0;0;0;0;0;2;2;1;0;2;10;1;4;0;0;0;0;0;0;0;0;0;0;0;0;0;0;0;0;0;0;0;0;0;0;0;0;0;0;0;0;0;0;0;0;0;0;0;0;0;0;0;0;0;0;0;0;0;0;0;0;0;0;0;0;0;0;0;0;0;0;0;0;0;0
14.05.2024;04:25;A147;1;0;0;0;0;0;0;0;0;0;0;0;0;2;1;0;0;0;0;1;4;0;0;0;0;0;0;0;0;0;0;0;0;0;0;0;0;0;0;0;0;1;0;0;0;1;2;0;0;0;0;0;0;0;0;0;0;0;0;0;0;0;0;0;0;0;0;0;0;0;0;0;0;0;0;0;0;0;0;0;0;0;0;0;0;0;0;0;0;0;0;0;0;0;0;0;0;0;0;0;0;0;0;0;0;0;0;0;0;0;0
14.05.2024;04:24;A147;1;0;0;0;0;0;0;0;0;0;0;0;0;1;1;0;0;0;0;0;0;0;0;1;37;1;37;0;0;0;0;0;0;0;0;0;0;0;0;0;0;1;2;0;0;0;0;0;0;0;0;0;0;0;0;0;0;0;0;0;0;0;0;0;0;0;0;0;0;0;0;0;0;0;0;0;0;0;0;0;0;0;0;0;0;0;0;0;0;0;0;0;0;0;0;0;0;0;0;0;0;0;0;0;0;0;0;0;0;0;0
14.05.2024;04:23;A147;1;1;6;2;10;0;0;0;0;0;0;0;0;1;8;0;0;0;0;2;9;0;0;0;0;0;0;0;0;1;0;0;0;1;0;0;0;0;0;0;0;0;0;0;0;1;11;0;0;0;0;0;0;0;0;0;0;0;0;0;0;0;0;0;0;0;0;0;0;0;0;0;0;0;0;0;0;0;0;0;0;0;0;0;0;0;0;0;0;0;0;0;0;0;0;0;0;0;0;0;0;0;0;0;0;0;0;0;0;0;0
14.05.2024;04:22;A147;1;0;0;0;0;0;0;0;0;0;0;0;0;0;0;0;0;0;0;0;0;0;0;0;0;0;0;0;0;0;0;0;0;0;0;0;0;0;0;0;0;0;0;0;0;0;0;0;0;0;0;0;0;0;0;0;0;0;0;0;0;0;0;0;0;0;0;0;0;0;0;0;0;0;0;0;0;0;0;0;0;0;0;0;0;0;0;0;0;0;0;0;0;0;0;0;0;0;0;0;0;0;0;0;0;0;0;0;0;0;0
14.05.2024;04:21;A147;1;0;0;0;0;0;0;0;0;0;0;0;0;0;0;0;0;0;0;0;0;0;0;0;0;0;0;0;0;0;0;0;0;0;0;0;0;0;0;0;0;1;0;1;0;1;3;1;0;0;0;0;0;0;0;0;0;0;0;0;0;0;0;0;0;0;0;0;0;0;0;0;0;0;0;0;0;0;0;0;0;0;0;0;0;0;0;0;0;0;0;0;0;0;0;0;0;0;0;0;0;0;0;0;0;0;0;0;0;0;0
14.05.2024;04:20;A147;1;0;0;1;3;1;4;1;10;1;7;0;0;0;48;0;0;0;0;0;0;1;1;1;42;1;4;0;0;0;0;0;0;0;0;0;0;0;0;0;0;0;0;0;0;0;0;0;0;0;0;0;0;0;0;0;0;0;0;0;0;0;0;0;0;0;0;0;0;0;0;0;0;0;0;0;0;0;0;0;0;0;0;0;0;0;0;0;0;0;0;0;0;0;0;0;0;0;0;0;0;0;0;0;0;0;0;0;0;0;0
14.05.2024;04:19;A147;1;1;24;1;5;0;0;0;0;0;0;0;0;1;1;0;0;0;0;2;3;0;0;0;0;0;0;0;0;0;0;0;0;0;0;0;0;0;0;0;0;0;0;0;0;0;0;0;0;0;0;0;0;0;0;0;0;0;0;0;0;0;0;0;0;0;0;0;0;0;0;0;0;0;0;0;0;0;0;0;0;0;0;0;0;0;0;0;0;0;0;0;0;0;0;0;0;0;0;0;0;0;0;0;0;0;0;0;0;0;0
14.05.2024;04:18;A147;1;0;0;0;0;0;0;0;0;0;0;0;0;0;0;0;0;0;0;0;0;0;0;1;18;1;0;0;0;0;0;0;0;0;0;0;0;0;0;0;0;0;0;0;0;0;0;0;0;0;0;0;0;0;0;0;0;0;0;0;0;0;0;0;0;0;0;0;0;0;0;0;0;0;0;0;0;0;0;0;0;0;0;0;0;0;0;0;0;0;0;0;0;0;0;0;0;0;0;0;0;0;0;0;0;0;0;0;0;0;0
14.05.2024;04:17;A147;1;0;0;0;0;0;0;0;0;0;0;0;0;0;0;0;0;0;0;0;0;0;0;0;0;0;0;0;0;0;0;0;0;0;0;0;0;0;0;0;0;0;0;0;0;0;0;0;0;0;0;0;0;0;0;0;0;0;0;0;0;0;0;0;0;0;0;0;0;0;0;0;0;0;0;0;0;0;0;0;0;0;0;0;0;0;0;0;0;0;0;0;0;0;0;0;0;0;0;0;0;0;0;0;0;0;0;0;0;0;0
14.05.2024;04:16;A147;1;0;0;0;0;0;0;0;0;0;0;0;0;0;0;0;0;0;0;0;0;0;0;0;0;0;0;0;0;0;0;0;0;0;0;0;0;0;0;0;0;2;1;0;0;1;2;0;0;0;0;0;0;0;0;0;0;0;0;0;0;0;0;0;0;0;0;0;0;0;0;0;0;0;0;0;0;0;0;0;0;0;0;0;0;0;0;0;0;0;0;0;0;0;0;0;0;0;0;0;0;0;0;0;0;0;0;0;0;0;0
14.05.2024;04:15;A147;1;0;0;0;0;0;32;0;32;0;0;0;0;0;0;0;51;0;0;0;0;0;0;0;0;0;0;0;0;0;0;0;0;0;0;0;0;0;0;0;0;0;0;1;49;1;3;0;9;0;0;0;0;0;0;0;0;0;0;0;0;0;0;0;0;0;0;0;0;0;0;0;0;0;0;0;0;0;0;0;0;0;0;0;0;0;0;0;0;0;0;0;0;0;0;0;0;0;0;0;0;0;0;0;0;0;0;0;0;0;0
14.05.2024;04:14;A147;1;1;25;1;7;1;28;1;29;1;5;0;0;0;0;1;10;0;0;0;0;3;6;0;0;0;0;0;0;0;0;0;0;0;0;0;0;0;0;0;0;0;0;0;0;0;0;1;5;1;21;1;7;0;0;0;0;0;0;0;0;0;0;0;0;0;0;0;0;0;0;0;0;0;0;0;0;0;0;0;0;0;0;0;0;0;0;0;0;0;0;0;0;0;0;0;0;0;0;0;0;0;0;0;0;0;0;0;0;0;0
14.05.2024;04:13;A147;1;0;0;0;0;0;0;0;0;0;0;0;0;0;0;0;0;0;0;0;0;0;0;0;0;0;0;0;0;0;0;0;0;0;0;0;0;0;0;0;0;0;0;0;0;0;0;0;0;0;0;0;0;0;0;0;0;0;0;0;0;0;0;0;0;0;0;0;0;0;0;0;0;0;0;0;0;0;0;0;0;0;0;0;0;0;0;0;0;0;0;0;0;0;0;0;0;0;0;0;0;0;0;0;0;0;0;0;0;0;0
14.05.2024;04:12;A147;1;0;0;0;0;0;0;0;0;0;0;0;0;1;1;0;0;0;0;2;2;0;0;0;0;0;0;0;0;0;39;0;0;0;0;0;0;0;0;0;0;0;0;0;0;0;0;0;0;0;0;0;0;0;0;0;0;0;0;0;0;0;0;0;0;0;0;0;0;0;0;0;0;0;0;0;0;0;0;0;0;0;0;0;0;0;0;0;0;0;0;0;0;0;0;0;0;0;0;0;0;0;0;0;0;0;0;0;0;0;0
14.05.2024;04:11;A147;1;0;0;0;0;0;0;0;0;0;0;0;0;1;0;0;0;1;1;1;1;0;0;0;0;0;0;0;0;1;2;0;0;0;0;0;0;0;0;0;0;1;1;0;0;2;4;0;0;0;0;0;0;0;0;0;0;0;0;0;0;0;0;0;0;0;0;0;0;0;0;0;0;0;0;0;0;0;0;0;0;0;0;0;0;0;0;0;0;0;0;0;0;0;0;0;0;0;0;0;0;0;0;0;0;0;0;0;0;0;0
14.05.2024;04:10;A147;1;0;0;0;0;0;0;0;0;0;0;0;0;0;0;0;0;0;0;0;0;0;0;0;0;0;0;0;0;0;0;0;0;0;0;0;0;0;0;0;0;1;0;0;0;1;3;0;0;0;0;0;0;0;0;0;0;0;0;0;0;0;0;0;0;0;0;0;0;0;0;0;0;0;0;0;0;0;0;0;0;0;0;0;0;0;0;0;0;0;0;0;0;0;0;0;0;0;0;0;0;0;0;0;0;0;0;0;0;0;0
14.05.2024;04:09;A147;1;0;0;0;0;0;0;0;0;0;0;0;0;2;1;1;0;0;0;1;4;1;2;0;0;0;0;0;0;0;0;0;0;0;0;0;0;0;0;0;0;0;0;0;0;0;0;0;0;0;0;0;0;0;0;0;0;0;0;0;0;0;0;0;0;0;0;0;0;0;0;0;0;0;0;0;0;0;0;0;0;0;0;0;0;0;0;0;0;0;0;0;0;0;0;0;0;0;0;0;0;0;0;0;0;0;0;0;0;0;0
14.05.2024;04:08;A147;1;0;0;0;0;0;0;0;0;0;0;0;0;0;0;0;0;0;0;1;2;0;0;0;0;0;0;0;0;0;0;0;0;0;0;0;0;0;0;0;0;0;0;0;0;0;0;0;0;0;0;0;0;0;0;0;0;0;0;0;0;0;0;0;0;0;0;0;0;0;0;0;0;0;0;0;0;0;0;0;0;0;0;0;0;0;0;0;0;0;0;0;0;0;0;0;0;0;0;0;0;0;0;0;0;0;0;0;0;0;0
14.05.2024;04:07;A147;1;0;0;0;0;0;0;0;0;0;0;0;0;0;0;0;0;0;0;0;0;0;0;0;0;0;0;0;0;0;0;0;0;0;0;0;0;0;0;0;0;0;0;0;0;0;0;0;0;0;0;0;0;0;0;0;0;0;0;0;0;0;0;0;0;0;0;0;0;0;0;0;0;0;0;0;0;0;0;0;0;0;0;0;0;0;0;0;0;0;0;0;0;0;0;0;0;0;0;0;0;0;0;0;0;0;0;0;0;0;0
14.05.2024;04:06;A147;1;0;0;0;0;0;0;0;0;0;0;0;0;0;0;0;0;0;0;0;0;0;0;0;0;0;0;0;0;0;0;0;0;0;0;0;0;0;0;0;0;0;0;0;0;0;0;0;0;0;0;0;0;0;0;0;0;0;0;0;0;0;0;0;0;0;0;0;0;0;0;0;0;0;0;0;0;0;0;0;0;0;0;0;0;0;0;0;0;0;0;0;0;0;0;0;0;0;0;0;0;0;0;0;0;0;0;0;0;0;0
14.05.2024;04:05;A147;1;0;0;0;0;0;0;0;0;0;0;1;2;0;0;0;0;1;6;0;0;0;0;0;0;0;0;0;0;0;0;0;0;0;0;0;0;0;0;0;0;0;0;0;0;0;0;0;0;0;0;0;0;0;0;0;0;0;0;0;0;0;0;0;0;0;0;0;0;0;0;0;0;0;0;0;0;0;0;0;0;0;0;0;0;0;0;0;0;0;0;0;0;0;0;0;0;0;0;0;0;0;0;0;0;0;0;0;0;0;0
14.05.2024;04:04;A147;1;0;0;0;0;0;0;0;0;0;0;0;0;0;0;0;0;0;0;0;0;0;0;0;0;0;0;0;0;0;0;0;0;0;0;0;0;0;0;0;0;1;0;0;0;1;4;0;0;0;0;0;0;0;0;0;0;0;0;0;0;0;0;0;0;0;0;0;0;0;0;0;0;0;0;0;0;0;0;0;0;0;0;0;0;0;0;0;0;0;0;0;0;0;0;0;0;0;0;0;0;0;0;0;0;0;0;0;0;0;0
14.05.2024;04:03;A147;1;0;0;0;0;0;0;0;0;0;0;0;0;3;2;0;12;0;0;3;4;0;0;0;0;0;0;0;0;0;0;0;0;0;0;0;0;0;0;0;0;0;0;0;0;0;0;0;0;0;0;0;0;0;0;0;0;0;0;0;0;0;0;0;0;0;0;0;0;0;0;0;0;0;0;0;0;0;0;0;0;0;0;0;0;0;0;0;0;0;0;0;0;0;0;0;0;0;0;0;0;0;0;0;0;0;0;0;0;0;0
14.05.2024;04:02;A147;1;0;0;0;0;1;27;1;27;1;3;0;0;0;0;1;2;0;0;0;0;2;8;0;0;0;0;0;0;0;0;0;0;0;0;0;0;0;0;0;0;0;0;0;0;0;0;0;0;0;0;0;0;0;0;0;0;0;0;0;0;0;0;0;0;0;0;0;0;0;0;0;0;0;0;0;0;0;0;0;0;0;0;0;0;0;0;0;0;0;0;0;0;0;0;0;0;0;0;0;0;0;0;0;0;0;0;0;0;0;0
14.05.2024;04:01;A147;1;0;0;0;0;0;0;0;0;0;0;0;0;1;0;0;0;0;0;1;2;0;0;0;0;0;0;0;0;0;0;0;0;0;0;0;0;0;0;0;0;0;0;0;0;0;0;0;0;0;0;0;0;0;0;0;0;0;0;0;0;0;0;0;0;0;0;0;0;0;0;0;0;0;0;0;0;0;0;0;0;0;0;0;0;0;0;0;0;0;0;0;0;0;0;0;0;0;0;0;0;0;0;0;0;0;0;0;0;0;0
14.05.2024;04:00;A147;1;0;0;0;0;0;0;0;0;0;0;0;0;1;1;0;0;1;0;1;5;0;0;0;0;0;0;0;0;0;0;0;0;0;0;0;0;0;0;0;0;0;0;0;0;0;0;0;0;0;0;0;0;0;0;0;0;0;0;0;0;0;0;0;0;0;0;0;0;0;0;0;0;0;0;0;0;0;0;0;0;0;0;0;0;0;0;0;0;0;0;0;0;0;0;0;0;0;0;0;0;0;0;0;0;0;0;0;0;0;0
14.05.2024;03:59;A147;1;0;0;0;0;0;0;0;0;0;0;0;0;2;2;0;0;0;0;1;11;0;0;0;0;0;0;0;0;0;0;0;0;0;0;0;0;0;0;0;0;0;0;0;0;0;0;0;0;0;0;0;0;0;0;0;0;0;0;0;0;0;0;0;0;0;0;0;0;0;0;0;0;0;0;0;0;0;0;0;0;0;0;0;0;0;0;0;0;0;0;0;0;0;0;0;0;0;0;0;0;0;0;0;0;0;0;0;0;0;0
14.05.2024;03:58;A147;1;0;0;0;0;0;0;0;0;0;0;0;0;0;0;0;0;0;0;0;0;0;0;0;0;0;0;0;0;0;0;0;0;0;0;0;0;0;0;0;0;0;0;0;0;0;0;0;0;0;0;0;0;0;0;0;0;0;0;0;0;0;0;0;0;0;0;0;0;0;0;0;0;0;0;0;0;0;0;0;0;0;0;0;0;0;0;0;0;0;0;0;0;0;0;0;0;0;0;0;0;0;0;0;0;0;0;0;0;0;0
14.05.2024;03:57;A147;1;0;0;0;0;0;0;0;0;0;0;0;0;0;0;0;0;0;0;0;0;0;0;0;0;0;0;0;0;0;0;0;0;0;0;0;0;0;0;0;0;0;0;0;0;0;0;0;0;0;0;0;0;0;0;0;0;0;0;0;0;0;0;0;0;0;0;0;0;0;0;0;0;0;0;0;0;0;0;0;0;0;0;0;0;0;0;0;0;0;0;0;0;0;0;0;0;0;0;0;0;0;0;0;0;0;0;0;0;0;0
14.05.2024;03:56;A147;1;0;0;0;0;0;0;0;0;0;0;0;0;0;0;0;0;0;0;0;0;0;0;0;0;0;0;0;0;0;0;0;0;0;0;0;0;0;0;0;0;0;0;0;0;0;0;0;0;0;0;0;0;0;0;0;0;0;0;0;0;0;0;0;0;0;0;0;0;0;0;0;0;0;0;0;0;0;0;0;0;0;0;0;0;0;0;0;0;0;0;0;0;0;0;0;0;0;0;0;0;0;0;0;0;0;0;0;0;0;0
14.05.2024;03:55;A147;1;0;0;0;0;0;0;0;0;0;0;0;0;0;0;0;0;0;0;0;0;0;0;0;0;0;0;0;0;0;0;0;0;0;0;0;0;0;0;0;0;0;0;0;0;0;0;0;0;0;0;0;0;0;0;0;0;0;0;0;0;0;0;0;0;0;0;0;0;0;0;0;0;0;0;0;0;0;0;0;0;0;0;0;0;0;0;0;0;0;0;0;0;0;0;0;0;0;0;0;0;0;0;0;0;0;0;0;0;0;0
14.05.2024;03:54;A147;1;0;0;0;0;0;0;0;0;0;0;0;0;0;0;0;0;0;0;0;0;0;0;0;0;0;0;0;0;0;0;0;0;0;0;0;0;0;0;0;0;0;0;0;0;0;0;0;0;0;0;0;0;0;0;0;0;0;0;0;0;0;0;0;0;0;0;0;0;0;0;0;0;0;0;0;0;0;0;0;0;0;0;0;0;0;0;0;0;0;0;0;0;0;0;0;0;0;0;0;0;0;0;0;0;0;0;0;0;0;0
14.05.2024;03:53;A147;1;0;0;0;0;0;0;0;0;0;0;0;0;0;0;0;0;0;0;0;0;0;0;0;0;0;0;0;0;0;0;0;0;0;0;0;0;0;0;0;0;0;0;0;0;0;0;0;0;0;0;0;0;0;0;0;0;0;0;0;0;0;0;0;0;0;0;0;0;0;0;0;0;0;0;0;0;0;0;0;0;0;0;0;0;0;0;0;0;0;0;0;0;0;0;0;0;0;0;0;0;0;0;0;0;0;0;0;0;0;0
14.05.2024;03:52;A147;1;0;0;0;0;0;0;0;0;0;0;0;0;0;0;0;0;0;0;0;0;0;0;0;0;0;0;0;0;0;0;0;0;0;0;0;0;0;0;0;0;0;0;0;0;0;0;0;0;0;0;0;0;0;0;0;0;0;0;0;0;0;0;0;0;0;0;0;0;0;0;0;0;0;0;0;0;0;0;0;0;0;0;0;0;0;0;0;0;0;0;0;0;0;0;0;0;0;0;0;0;0;0;0;0;0;0;0;0;0;0
14.05.2024;03:51;A147;1;0;0;0;0;0;0;0;0;0;0;0;0;1;1;0;0;1;1;0;1;0;0;0;0;0;0;0;0;0;0;0;0;0;0;0;0;0;0;0;0;1;0;0;0;1;3;0;0;0;0;0;0;0;0;0;0;0;0;0;0;0;0;0;0;0;0;0;0;0;0;0;0;0;0;0;0;0;0;0;0;0;0;0;0;0;0;0;0;0;0;0;0;0;0;0;0;0;0;0;0;0;0;0;0;0;0;0;0;0;0
14.05.2024;03:50;A147;1;0;0;0;0;0;0;0;0;0;0;0;0;0;0;0;0;0;0;1;4;0;0;0;0;0;0;0;0;0;0;0;0;0;0;0;0;0;0;0;0;0;0;0;0;0;0;0;0;0;0;0;0;0;0;0;0;0;0;0;0;0;0;0;0;0;0;0;0;0;0;0;0;0;0;0;0;0;0;0;0;0;0;0;0;0;0;0;0;0;0;0;0;0;0;0;0;0;0;0;0;0;0;0;0;0;0;0;0;0;0
14.05.2024;03:49;A147;1;0;0;0;0;0;0;0;0;0;0;0;0;0;0;0;0;0;0;0;0;0;0;0;0;0;0;0;0;0;0;0;0;0;0;0;0;0;0;0;0;1;1;0;0;1;5;0;0;0;0;0;0;0;0;0;0;0;0;0;0;0;0;0;0;0;0;0;0;0;0;0;0;0;0;0;0;0;0;0;0;0;0;0;0;0;0;0;0;0;0;0;0;0;0;0;0;0;0;0;0;0;0;0;0;0;0;0;0;0;0
14.05.2024;03:48;A147;1;0;0;0;0;0;0;0;0;0;0;0;0;1;1;0;0;0;0;1;4;0;0;0;0;0;0;0;0;0;0;0;0;0;0;0;0;0;0;0;0;0;0;0;0;0;0;0;0;0;0;0;0;0;0;0;0;0;0;0;0;0;0;0;0;0;0;0;0;0;0;0;0;0;0;0;0;0;0;0;0;0;0;0;0;0;0;0;0;0;0;0;0;0;0;0;0;0;0;0;0;0;0;0;0;0;0;0;0;0;0
14.05.2024;03:47;A147;1;0;0;0;0;0;0;0;0;0;0;0;0;1;0;0;0;0;0;1;4;0;0;0;0;0;0;0;0;0;0;0;0;0;0;0;0;0;0;0;0;0;0;0;0;0;0;0;0;0;0;0;0;0;0;0;0;0;0;0;0;0;0;0;0;0;0;0;0;0;0;0;0;0;0;0;0;0;0;0;0;0;0;0;0;0;0;0;0;0;0;0;0;0;0;0;0;0;0;0;0;0;0;0;0;0;0;0;0;0;0
14.05.2024;03:46;A147;1;0;0;0;0;0;0;0;0;0;0;0;0;0;0;0;0;0;0;0;0;0;0;0;0;0;0;0;0;0;0;0;0;0;0;0;0;0;0;0;0;1;1;0;0;3;4;0;0;0;0;0;0;0;0;0;0;0;0;0;0;0;0;0;0;0;0;0;0;0;0;0;0;0;0;0;0;0;0;0;0;0;0;0;0;0;0;0;0;0;0;0;0;0;0;0;0;0;0;0;0;0;0;0;0;0;0;0;0;0;0
14.05.2024;03:45;A147;1;0;0;0;0;0;0;0;0;0;0;0;0;0;0;0;0;0;0;0;0;0;0;0;0;0;0;0;0;0;0;0;0;0;0;0;0;0;0;0;0;0;0;0;0;0;0;0;0;0;0;0;0;0;0;0;0;0;0;0;0;0;0;0;0;0;0;0;0;0;0;0;0;0;0;0;0;0;0;0;0;0;0;0;0;0;0;0;0;0;0;0;0;0;0;0;0;0;0;0;0;0;0;0;0;0;0;0;0;0;0
14.05.2024;03:44;A147;1;0;0;0;0;0;0;0;0;0;0;0;0;0;0;0;0;0;0;0;0;0;0;0;0;0;0;0;0;0;0;0;0;0;0;0;0;0;0;0;0;0;37;0;0;0;0;0;0;0;0;0;0;0;0;0;0;0;0;0;0;0;0;0;0;0;0;0;0;0;0;0;0;0;0;0;0;0;0;0;0;0;0;0;0;0;0;0;0;0;0;0;0;0;0;0;0;0;0;0;0;0;0;0;0;0;0;0;0;0;0
14.05.2024;03:43;A147;1;0;0;0;0;0;0;0;0;0;0;0;0;0;0;0;0;0;0;0;0;0;0;0;0;0;0;1;32;0;0;1;0;0;0;0;0;0;0;0;0;1;22;0;0;1;10;0;0;0;0;0;0;0;0;0;0;0;0;0;0;0;0;0;0;0;0;0;0;0;0;0;0;0;0;0;0;0;0;0;0;0;0;0;0;0;0;0;0;0;0;0;0;0;0;0;0;0;0;0;0;0;0;0;0;0;0;0;0;0;0
14.05.2024;03:42;A147;1;0;15;0;0;1;3;1;51;0;3;1;41;0;0;0;0;1;6;0;0;0;0;0;0;0;0;0;0;0;0;0;0;0;0;0;0;0;0;0;0;0;0;0;0;0;0;0;0;0;0;0;0;0;0;0;0;0;0;0;0;0;0;0;0;0;0;0;0;0;0;0;0;0;0;0;0;0;0;0;0;0;0;0;0;0;0;0;0;0;0;0;0;0;0;0;0;0;0;0;0;0;0;0;0;0;0;0;0;0;0
14.05.2024;03:41;A147;1;1;10;1;4;0;0;0;0;1;1;0;0;0;0;0;0;0;0;0;0;0;0;0;0;0;0;0;0;0;0;0;0;0;0;0;0;0;0;0;0;0;0;0;0;0;0;0;0;0;0;0;0;0;0;0;0;0;0;0;0;0;0;0;0;0;0;0;0;0;0;0;0;0;0;0;0;0;0;0;0;0;0;0;0;0;0;0;0;0;0;0;0;0;0;0;0;0;0;0;0;0;0;0;0;0;0;0;0;0;0
14.05.2024;03:40;A147;1;0;0;0;0;0;0;0;0;0;0;1;1;0;0;0;0;0;22;0;0;0;0;0;0;0;0;0;0;0;0;0;0;0;0;0;0;0;0;0;0;0;0;0;0;0;0;0;0;0;0;0;0;0;0;0;0;0;0;0;0;0;0;0;0;0;0;0;0;0;0;0;0;0;0;0;0;0;0;0;0;0;0;0;0;0;0;0;0;0;0;0;0;0;0;0;0;0;0;0;0;0;0;0;0;0;0;0;0;0;0
14.05.2024;03:39;A147;1;0;0;0;0;0;0;0;0;0;0;0;0;0;0;0;0;1;12;0;0;0;0;1;18;1;5;0;0;0;0;0;0;0;0;1;0;0;0;0;0;0;0;0;0;0;0;0;0;1;17;1;4;0;0;0;0;0;0;0;0;0;0;0;0;0;0;0;0;0;0;0;0;0;0;0;0;0;0;0;0;0;0;0;0;0;0;0;0;0;0;0;0;0;0;0;0;0;0;0;0;0;0;0;0;0;0;0;0;0;0
14.05.2024;03:38;A147;1;0;0;0;0;0;0;0;0;0;0;0;0;1;0;1;0;0;0;2;3;0;0;0;0;0;0;0;0;0;0;0;0;0;0;0;0;0;0;0;0;1;0;0;0;1;4;0;0;0;0;0;0;0;0;0;0;0;0;0;0;0;0;0;0;0;0;0;0;0;0;0;0;0;0;0;0;0;0;0;0;0;0;0;0;0;0;0;0;0;0;0;0;0;0;0;0;0;0;0;0;0;0;0;0;0;0;0;0;0;0
14.05.2024;03:37;A147;1;0;0;0;0;0;0;0;0;0;0;0;0;0;0;0;0;0;0;0;0;0;0;0;0;0;0;0;0;0;0;0;0;0;0;0;0;0;0;0;0;2;1;1;0;2;5;0;0;0;0;0;0;0;0;0;0;0;0;0;0;0;0;0;0;0;0;0;0;0;0;0;0;0;0;0;0;0;0;0;0;0;0;0;0;0;0;0;0;0;0;0;0;0;0;0;0;0;0;0;0;0;0;0;0;0;0;0;0;0;0
14.05.2024;03:36;A147;1;0;0;0;0;0;0;0;0;0;0;0;0;0;0;0;0;0;0;0;0;0;0;0;0;0;0;0;0;0;0;0;0;0;0;0;0;0;0;0;0;0;0;0;0;1;2;0;0;0;0;0;0;0;0;0;0;0;0;0;0;0;0;0;0;0;0;0;0;0;0;0;0;0;0;0;0;0;0;0;0;0;0;0;0;0;0;0;0;0;0;0;0;0;0;0;0;0;0;0;0;0;0;0;0;0;0;0;0;0;0
14.05.2024;03:35;A147;1;0;0;0;0;0;0;0;0;0;0;0;0;1;0;0;0;0;0;1;1;0;0;0;0;0;0;0;0;0;0;0;0;0;0;0;0;0;0;0;0;0;0;0;0;0;0;0;0;0;0;0;0;0;0;0;0;0;0;0;0;0;0;0;0;0;0;0;0;0;0;0;0;0;0;0;0;0;0;0;0;0;0;0;0;0;0;0;0;0;0;0;0;0;0;0;0;0;0;0;0;0;0;0;0;0;0;0;0;0;0
14.05.2024;03:34;A147;1;0;0;0;0;0;0;0;0;0;0;0;0;0;0;0;0;0;0;0;0;0;0;1;20;1;4;0;0;0;0;0;0;0;0;0;0;0;0;0;0;0;0;0;0;0;0;0;0;0;0;0;0;0;0;0;0;0;0;0;0;0;0;0;0;0;0;0;0;0;0;0;0;0;0;0;0;0;0;0;0;0;0;0;0;0;0;0;0;0;0;0;0;0;0;0;0;0;0;0;0;0;0;0;0;0;0;0;0;0;0
14.05.2024;03:33;A147;1;0;0;0;0;0;0;0;0;0;0;0;0;0;0;0;0;0;0;0;0;0;0;0;0;0;0;0;0;0;0;0;0;0;0;0;0;0;0;0;0;0;0;0;0;0;0;0;0;0;0;0;0;0;0;0;0;0;0;0;0;0;0;0;0;0;0;0;0;0;0;0;0;0;0;0;0;0;0;0;0;0;0;0;0;0;0;0;0;0;0;0;0;0;0;0;0;0;0;0;0;0;0;0;0;0;0;0;0;0;0
14.05.2024;03:32;A147;1;0;0;0;0;1;23;1;21;2;7;0;0;0;0;0;0;0;0;0;0;0;0;0;0;0;0;0;0;0;0;0;0;0;0;0;0;0;0;0;0;0;0;0;0;0;0;0;0;0;0;0;0;0;0;0;0;0;0;0;0;0;0;0;0;0;0;0;0;0;0;0;0;0;0;0;0;0;0;0;0;0;0;0;0;0;0;0;0;0;0;0;0;0;0;0;0;0;0;0;0;0;0;0;0;0;0;0;0;0;0
14.05.2024;03:31;A147;1;1;6;0;0;0;0;0;0;0;0;0;0;0;0;0;0;0;0;0;0;0;0;0;0;0;0;0;0;0;0;0;0;0;0;1;0;0;0;0;0;0;0;0;0;0;0;0;0;0;0;0;0;0;0;0;0;0;0;0;0;0;0;0;0;0;0;0;0;0;0;0;0;0;0;0;0;0;0;0;0;0;0;0;0;0;0;0;0;0;0;0;0;0;0;0;0;0;0;0;0;0;0;0;0;0;0;0;0;0;0
14.05.2024;03:30;A147;1;0;0;1;10;0;0;0;0;0;0;0;0;0;0;0;0;0;0;0;0;0;0;0;0;0;0;0;0;0;0;0;0;0;0;0;0;0;0;0;0;0;0;0;0;0;0;0;0;0;0;0;0;0;0;0;0;0;0;0;0;0;0;0;0;0;0;0;0;0;0;0;0;0;0;0;0;0;0;0;0;0;0;0;0;0;0;0;0;0;0;0;0;0;0;0;0;0;0;0;0;0;0;0;0;0;0;0;0;0;0
14.05.2024;03:29;A147;1;0;0;0;0;0;0;0;0;0;0;0;0;0;0;0;0;0;0;0;0;0;0;0;0;0;0;0;0;0;0;0;0;0;0;0;0;0;0;0;0;1;0;0;0;2;1;0;0;0;0;0;0;0;0;0;0;0;0;0;0;0;0;0;0;0;0;0;0;0;0;0;0;0;0;0;0;0;0;0;0;0;0;0;0;0;0;0;0;0;0;0;0;0;0;0;0;0;0;0;0;0;0;0;0;0;0;0;0;0;0
14.05.2024;03:28;A147;1;0;0;0;0;0;0;0;0;0;0;0;0;0;0;0;0;0;0;0;0;0;0;0;0;0;0;0;0;0;0;0;0;0;0;0;0;0;0;0;0;0;0;0;0;0;0;0;0;0;0;0;0;0;0;0;0;0;0;0;0;0;0;0;0;0;0;0;0;0;0;0;0;0;0;0;0;0;0;0;0;0;0;0;0;0;0;0;0;0;0;0;0;0;0;0;0;0;0;0;0;0;0;0;0;0;0;0;0;0;0
14.05.2024;03:27;A147;1;0;0;0;0;0;0;0;0;0;0;0;0;0;0;0;0;0;0;0;0;0;0;0;0;0;0;0;0;0;0;0;0;0;0;0;0;0;0;0;0;0;0;0;0;0;0;0;0;0;0;0;0;0;0;0;0;0;0;0;0;0;0;0;0;0;0;0;0;0;0;0;0;0;0;0;0;0;0;0;0;0;0;0;0;0;0;0;0;0;0;0;0;0;0;0;0;0;0;0;0;0;0;0;0;0;0;0;0;0;0
14.05.2024;03:26;A147;1;0;0;0;0;0;0;0;0;0;0;0;0;0;0;0;0;0;0;0;0;0;0;0;42;0;0;0;0;0;0;0;0;0;0;1;1;1;1;0;0;0;0;0;0;0;0;0;0;0;0;0;0;0;0;0;0;0;0;0;0;0;0;0;0;0;0;0;0;0;0;0;0;0;0;0;0;0;0;0;0;0;0;0;0;0;0;0;0;0;0;0;0;0;0;0;0;0;0;0;0;0;0;0;0;0;0;0;0;0;0
14.05.2024;03:25;A147;1;0;0;1;4;0;0;0;0;0;0;0;0;0;0;0;0;0;0;0;0;0;0;1;10;1;4;0;0;0;0;0;0;0;0;0;0;0;0;0;0;0;0;0;0;0;0;0;0;0;0;0;0;0;0;0;0;0;0;0;0;0;0;0;0;0;0;0;0;0;0;0;0;0;0;0;0;0;0;0;0;0;0;0;0;0;0;0;0;0;0;0;0;0;0;0;0;0;0;0;0;0;0;0;0;0;0;0;0;0;0
14.05.2024;03:24;A147;1;0;0;0;0;0;0;0;0;0;0;0;0;0;0;0;0;0;0;0;0;0;0;0;0;0;0;0;0;0;0;0;0;0;0;0;0;0;0;0;0;0;0;1;0;0;0;2;4;0;0;0;0;0;0;0;0;0;0;0;0;0;0;0;0;0;0;0;0;0;0;0;0;0;0;0;0;0;0;0;0;0;0;0;0;0;0;0;0;0;0;0;0;0;0;0;0;0;0;0;0;0;0;0;0;0;0;0;0;0;0
14.05.2024;03:23;A147;1;0;0;0;0;0;0;0;0;0;0;0;0;0;0;0;0;0;0;0;0;0;0;0;0;0;0;0;0;0;0;0;0;0;0;0;0;0;0;0;0;0;0;0;0;0;0;0;0;0;0;0;0;0;0;0;0;0;0;0;0;0;0;0;0;0;0;0;0;0;0;0;0;0;0;0;0;0;0;0;0;0;0;0;0;0;0;0;0;0;0;0;0;0;0;0;0;0;0;0;0;0;0;0;0;0;0;0;0;0;0
14.05.2024;03:22;A147;1;0;0;0;0;0;0;0;0;0;0;0;0;0;0;0;0;0;0;0;0;0;0;0;0;0;0;0;0;0;0;0;0;0;0;0;0;0;0;0;0;0;0;0;0;0;0;0;0;0;0;0;0;0;0;0;0;0;0;0;0;0;0;0;0;0;0;0;0;0;0;0;0;0;0;0;0;0;0;0;0;0;0;0;0;0;0;0;0;0;0;0;0;0;0;0;0;0;0;0;0;0;0;0;0;0;0;0;0;0;0
14.05.2024;03:21;A147;1;0;0;0;0;0;0;0;0;0;0;0;0;1;0;0;0;0;0;1;1;0;0;0;0;0;0;0;0;0;0;0;0;0;0;0;0;0;0;0;0;1;0;0;0;1;3;0;0;0;0;0;0;0;0;0;0;0;0;0;0;0;0;0;0;0;0;0;0;0;0;0;0;0;0;0;0;0;0;0;0;0;0;0;0;0;0;0;0;0;0;0;0;0;0;0;0;0;0;0;0;0;0;0;0;0;0;0;0;0;0
14.05.2024;03:20;A147;1;0;0;0;0;0;0;0;0;0;0;0;0;2;1;1;0;0;0;2;2;0;0;0;0;0;0;0;0;0;0;0;0;0;0;0;0;0;0;0;0;1;2;1;0;1;6;0;0;0;0;0;0;0;0;0;0;0;0;0;0;0;0;0;0;0;0;0;0;0;0;0;0;0;0;0;0;0;0;0;0;0;0;0;0;0;0;0;0;0;0;0;0;0;0;0;0;0;0;0;0;0;0;0;0;0;0;0;0;0;0
14.05.2024;03:19;A147;1;0;0;0;0;0;0;0;0;0;0;0;0;0;0;0;0;0;0;2;0;0;0;0;0;0;0;0;0;0;0;0;0;0;0;0;0;0;0;0;0;0;0;0;0;0;0;0;0;0;0;0;0;0;0;0;0;0;0;0;0;0;0;0;0;0;0;0;0;0;0;0;0;0;0;0;0;0;0;0;0;0;0;0;0;0;0;0;0;0;0;0;0;0;0;0;0;0;0;0;0;0;0;0;0;0;0;0;0;0;0
14.05.2024;03:18;A147;1;0;0;0;0;0;0;0;0;0;0;0;0;0;0;0;0;0;0;0;0;0;0;0;0;0;0;0;0;0;0;0;0;0;0;0;0;0;0;0;0;0;0;0;0;0;0;0;0;0;0;0;0;0;0;0;0;0;0;0;0;0;0;0;0;0;0;0;0;0;0;0;0;0;0;0;0;0;0;0;0;0;0;0;0;0;0;0;0;0;0;0;0;0;0;0;0;0;0;0;0;0;0;0;0;0;0;0;0;0;0
14.05.2024;03:17;A147;1;0;0;0;0;0;0;0;0;0;0;0;0;0;0;0;0;0;0;0;0;0;0;0;0;0;0;0;0;0;0;0;0;0;0;0;0;0;0;0;0;1;1;0;0;1;6;0;0;0;0;0;0;0;0;0;0;0;0;0;0;0;0;0;0;0;0;0;0;0;0;0;0;0;0;0;0;0;0;0;0;0;0;0;0;0;0;0;0;0;0;0;0;0;0;0;0;0;0;0;0;0;0;0;0;0;0;0;0;0;0
14.05.2024;03:16;A147;1;0;0;0;0;0;0;0;0;0;0;0;0;0;0;0;0;0;0;0;0;0;0;0;0;0;0;0;0;0;0;0;0;0;0;0;0;0;0;0;0;0;0;0;0;0;0;0;0;0;0;0;0;0;0;0;0;0;0;0;0;0;0;0;0;0;0;0;0;0;0;0;0;0;0;0;0;0;0;0;0;0;0;0;0;0;0;0;0;0;0;0;0;0;0;0;0;0;0;0;0;0;0;0;0;0;0;0;0;0;0
14.05.2024;03:15;A147;1;0;0;0;0;0;0;0;0;0;0;0;0;1;0;0;0;0;0;1;3;0;0;0;0;0;0;0;0;0;0;0;0;0;0;0;0;0;0;0;0;1;0;1;0;1;3;1;5;0;0;0;0;0;0;0;0;0;0;0;0;0;0;0;0;0;0;0;0;0;0;0;0;0;0;0;0;0;0;0;0;0;0;0;0;0;0;0;0;0;0;0;0;0;0;0;0;0;0;0;0;0;0;0;0;0;0;0;0;0;0
14.05.2024;03:14;A147;1;0;0;0;0;0;0;0;0;0;0;0;0;0;0;0;0;0;0;0;0;0;0;0;0;0;0;0;0;0;0;0;0;0;0;0;0;0;0;0;0;0;0;0;0;0;0;0;0;0;0;0;0;0;0;0;0;0;0;0;0;0;0;0;0;0;0;0;0;0;0;0;0;0;0;0;0;0;0;0;0;0;0;0;0;0;0;0;0;0;0;0;0;0;0;0;0;0;0;0;0;0;0;0;0;0;0;0;0;0;0
14.05.2024;03:13;A147;1;0;0;0;0;0;0;0;0;0;0;0;0;1;0;0;0;0;0;1;1;0;0;0;0;0;0;0;0;0;0;0;0;0;0;0;0;0;0;0;0;0;0;0;0;0;0;0;0;0;0;0;0;0;0;0;0;0;0;0;0;0;0;0;0;0;0;0;0;0;0;0;0;0;0;0;0;0;0;0;0;0;0;0;0;0;0;0;0;0;0;0;0;0;0;0;0;0;0;0;0;0;0;0;0;0;0;0;0;0;0
14.05.2024;03:12;A147;1;0;0;0;0;0;0;0;0;0;0;0;0;0;0;0;0;0;0;0;0;0;0;0;32;0;0;0;0;0;0;0;0;0;0;0;0;0;0;0;0;0;0;0;0;0;0;0;0;0;0;0;0;0;0;0;0;0;0;0;0;0;0;0;0;0;0;0;0;0;0;0;0;0;0;0;0;0;0;0;0;0;0;0;0;0;0;0;0;0;0;0;0;0;0;0;0;0;0;0;0;0;0;0;0;0;0;0;0;0;0
14.05.2024;03:11;A147;1;0;0;0;0;0;17;0;16;0;0;0;0;0;0;0;0;0;0;0;0;0;0;1;91;1;4;0;0;0;0;0;0;0;0;0;0;0;0;0;0;0;0;0;0;0;0;0;0;0;0;0;0;0;0;0;0;0;0;0;0;0;0;0;0;0;0;0;0;0;0;0;0;0;0;0;0;0;0;0;0;0;0;0;0;0;0;0;0;0;0;0;0;0;0;0;0;0;0;0;0;0;0;0;0;0;0;0;0;0;0
14.05.2024;03:10;A147;1;0;0;1;1;1;6;1;7;1;2;0;0;1;0;0;0;0;0;1;0;0;0;0;0;0;0;0;0;0;0;0;0;0;0;0;0;0;0;0;0;0;0;0;0;0;0;0;0;0;0;0;0;0;0;0;0;0;0;0;0;0;0;0;0;0;0;0;0;0;0;0;0;0;0;0;0;0;0;0;0;0;0;0;0;0;0;0;0;0;0;0;0;0;0;0;0;0;0;0;0;0;0;0;0;0;0;0;0;0;0
14.05.2024;03:09;A147;1;0;0;0;0;0;0;0;0;0;0;0;0;0;0;0;0;0;0;0;0;0;0;0;0;0;0;0;0;0;0;0;0;0;0;0;0;0;0;0;0;1;2;0;0;1;6;0;0;0;0;0;0;0;0;0;0;0;0;0;0;0;0;0;0;0;0;0;0;0;0;0;0;0;0;0;0;0;0;0;0;0;0;0;0;0;0;0;0;0;0;0;0;0;0;0;0;0;0;0;0;0;0;0;0;0;0;0;0;0;0
14.05.2024;03:08;A147;1;0;0;0;0;0;0;0;0;0;0;0;0;1;24;1;7;0;0;1;6;4;8;0;0;0;0;0;0;1;27;0;0;1;0;0;0;0;0;0;0;0;0;0;0;0;0;0;0;0;0;0;0;0;0;0;0;0;0;0;0;0;0;0;0;0;0;0;0;0;0;0;0;0;0;0;0;0;0;0;0;0;0;0;0;0;0;0;0;0;0;0;0;0;0;0;0;0;0;0;0;0;0;0;0;0;0;0;0;0;0
14.05.2024;03:07;A147;1;0;0;0;0;0;0;0;0;0;0;0;0;0;0;0;0;0;0;1;0;0;0;0;0;0;0;1;30;0;0;1;0;0;0;0;0;0;0;0;0;0;0;0;0;0;0;0;0;0;0;0;0;0;0;0;0;0;0;0;0;0;0;0;0;0;0;0;0;0;0;0;0;0;0;0;0;0;0;0;0;0;0;0;0;0;0;0;0;0;0;0;0;0;0;0;0;0;0;0;0;0;0;0;0;0;0;0;0;0;0
14.05.2024;03:06;A147;1;0;0;0;0;0;0;0;0;0;0;0;0;0;0;0;0;0;0;0;0;0;0;0;0;0;0;0;0;0;0;0;0;0;0;0;0;0;0;0;0;1;0;0;0;1;3;0;0;0;0;0;0;0;0;0;0;0;0;0;0;0;0;0;0;0;0;0;0;0;0;0;0;0;0;0;0;0;0;0;0;0;0;0;0;0;0;0;0;0;0;0;0;0;0;0;0;0;0;0;0;0;0;0;0;0;0;0;0;0;0
14.05.2024;03:05;A147;1;0;0;0;0;0;0;0;0;0;0;0;0;1;0;0;0;0;0;1;2;0;0;0;0;0;0;0;0;0;0;0;0;0;0;0;0;0;0;0;0;0;0;0;0;0;0;0;0;0;0;0;0;0;0;0;0;0;0;0;0;0;0;0;0;0;0;0;0;0;0;0;0;0;0;0;0;0;0;0;0;0;0;0;0;0;0;0;0;0;0;0;0;0;0;0;0;0;0;0;0;0;0;0;0;0;0;0;0;0;0
14.05.2024;03:04;A147;1;1;21;0;2;0;0;0;0;0;0;0;0;0;0;0;0;0;0;0;0;0;0;0;0;0;0;0;0;0;0;0;0;0;0;0;0;0;0;0;0;0;0;0;0;0;0;0;0;0;0;0;0;0;0;0;0;0;0;0;0;0;0;0;0;0;0;0;0;0;0;0;0;0;0;0;0;0;0;0;0;0;0;0;0;0;0;0;0;0;0;0;0;0;0;0;0;0;0;0;0;0;0;0;0;0;0;0;0;0;0
14.05.2024;03:03;A147;1;0;0;1;2;0;0;0;0;0;0;1;0;1;0;0;0;2;2;1;2;0;0;0;0;0;0;0;0;0;0;0;0;0;0;0;0;0;0;0;0;0;0;0;0;0;0;0;0;0;0;0;0;0;0;0;0;0;0;0;0;0;0;0;0;0;0;0;0;0;0;0;0;0;0;0;0;0;0;0;0;0;0;0;0;0;0;0;0;0;0;0;0;0;0;0;0;0;0;0;0;0;0;0;0;0;0;0;0;0;0
14.05.2024;03:02;A147;1;0;0;0;0;0;0;0;0;0;0;0;0;0;0;0;0;0;0;0;0;0;0;0;0;0;0;0;0;0;0;0;0;0;0;0;0;0;0;0;0;0;0;0;0;0;0;0;0;0;0;0;0;0;0;0;0;0;0;0;0;0;0;0;0;0;0;0;0;0;0;0;0;0;0;0;0;0;0;0;0;0;0;0;0;0;0;0;0;0;0;0;0;0;0;0;0;0;0;0;0;0;0;0;0;0;0;0;0;0;0
14.05.2024;03:01;A147;1;0;0;0;0;0;0;0;0;0;0;0;0;0;0;0;0;0;0;0;0;0;0;0;0;0;0;0;0;0;0;0;0;0;0;0;0;0;0;0;0;3;1;0;0;2;4;0;0;0;0;0;0;0;0;0;0;0;0;0;0;0;0;0;0;0;0;0;0;0;0;0;0;0;0;0;0;0;0;0;0;0;0;0;0;0;0;0;0;0;0;0;0;0;0;0;0;0;0;0;0;0;0;0;0;0;0;0;0;0;0
14.05.2024;03:00;A147;1;0;0;0;0;0;0;0;0;0;0;0;0;0;0;0;0;0;0;0;0;0;0;1;18;1;5;0;0;0;0;0;0;0;0;1;1;1;1;0;0;0;0;0;0;1;3;0;0;0;0;0;0;0;0;0;0;0;0;0;0;0;0;0;0;0;0;0;0;0;0;0;0;0;0;0;0;0;0;0;0;0;0;0;0;0;0;0;0;0;0;0;0;0;0;0;0;0;0;0;0;0;0;0;0;0;0;0;0;0;0
14.05.2024;02:59;A147;1;0;0;0;0;0;0;0;0;0;0;0;0;0;0;0;0;0;0;0;0;0;0;0;0;0;0;0;0;0;0;0;0;0;0;0;0;0;0;0;0;0;0;0;0;0;0;0;0;0;0;0;0;0;0;0;0;0;0;0;0;0;0;0;0;0;0;0;0;0;0;0;0;0;0;0;0;0;0;0;0;0;0;0;0;0;0;0;0;0;0;0;0;0;0;0;0;0;0;0;0;0;0;0;0;0;0;0;0;0;0
14.05.2024;02:58;A147;1;1;21;0;3;1;31;1;67;0;2;0;0;0;0;0;0;0;0;0;0;0;0;0;0;0;0;0;0;0;0;0;0;0;0;0;0;0;0;0;0;1;28;0;0;2;7;0;0;0;0;0;0;0;0;0;0;0;0;0;0;0;0;0;0;0;0;0;0;0;0;0;0;0;0;0;0;0;0;0;0;0;0;0;0;0;0;0;0;0;0;0;0;0;0;0;0;0;0;0;0;0;0;0;0;0;0;0;0;0;0
14.05.2024;02:57;A147;1;0;0;1;0;0;0;0;0;1;4;1;1;0;0;0;0;1;3;0;0;0;0;0;0;0;0;0;0;0;0;0;0;0;0;0;0;0;0;0;0;2;1;1;0;2;9;0;0;0;0;0;0;0;0;0;0;0;0;0;0;0;0;0;0;0;0;0;0;0;0;0;0;0;0;0;0;0;0;0;0;0;0;0;0;0;0;0;0;0;0;0;0;0;0;0;0;0;0;0;0;0;0;0;0;0;0;0;0;0;0
14.05.2024;02:56;A147;1;0;0;0;0;0;0;0;0;0;0;0;0;0;0;0;0;0;0;0;0;0;0;0;0;0;0;0;0;0;0;0;0;0;0;0;0;0;0;0;0;0;0;0;0;0;0;0;0;0;0;0;0;0;0;0;0;0;0;0;0;0;0;0;0;0;0;0;0;0;0;0;0;0;0;0;0;0;0;0;0;0;0;0;0;0;0;0;0;0;0;0;0;0;0;0;0;0;0;0;0;0;0;0;0;0;0;0;0;0;0
14.05.2024;02:55;A147;1;0;0;0;0;0;0;0;0;0;0;0;0;0;0;0;0;0;0;0;0;0;0;0;0;0;0;0;0;0;0;0;0;0;0;0;0;0;0;0;0;2;3;1;0;2;8;1;2;0;0;0;0;0;0;0;0;0;0;0;0;0;0;0;0;0;0;0;0;0;0;0;0;0;0;0;0;0;0;0;0;0;0;0;0;0;0;0;0;0;0;0;0;0;0;0;0;0;0;0;0;0;0;0;0;0;0;0;0;0;0
14.05.2024;02:54;A147;1;1;1;2;6;1;8;1;8;1;4;0;0;0;0;0;0;0;0;0;0;0;0;0;0;0;0;0;20;0;0;0;0;0;0;0;0;0;0;0;0;1;73;0;0;1;80;0;0;0;0;0;0;0;0;0;0;0;0;0;0;0;0;0;0;0;0;0;0;0;0;0;0;0;0;0;0;0;0;0;0;0;0;0;0;0;0;0;0;0;0;0;0;0;0;0;0;0;0;0;0;0;0;0;0;0;0;0;0;0;0
14.05.2024;02:53;A147;1;0;0;0;0;0;0;0;0;0;0;0;0;0;0;0;0;0;0;0;0;0;0;0;0;0;0;1;6;0;0;1;0;0;0;0;0;0;0;0;0;0;0;0;0;0;0;0;0;0;0;0;0;0;0;0;0;0;0;0;0;0;0;0;0;0;0;0;0;0;0;0;0;0;0;0;0;0;0;0;0;0;0;0;0;0;0;0;0;0;0;0;0;0;0;0;0;0;0;0;0;0;0;0;0;0;0;0;0;0;0
14.05.2024;02:52;A147;1;0;0;0;0;0;0;0;0;0;0;1;5;0;0;0;0;2;6;0;0;0;0;0;0;0;0;0;0;0;0;0;0;0;0;0;0;0;0;0;0;1;29;0;0;4;12;0;0;0;0;0;0;0;0;0;0;0;0;0;0;0;0;0;0;0;0;0;0;0;0;0;0;0;0;0;0;0;0;0;0;0;0;0;0;0;0;0;0;0;0;0;0;0;0;0;0;0;0;0;0;0;0;0;0;0;0;0;0;0;0
14.05.2024;02:51;A147;1;0;0;0;0;0;0;0;0;0;0;0;0;0;0;0;0;0;0;0;0;0;0;0;0;0;0;0;0;0;0;0;0;0;0;0;0;0;0;0;0;1;0;0;0;1;4;0;0;0;0;0;0;0;0;0;0;1;3;0;0;0;0;0;0;0;0;0;0;0;0;0;0;0;0;0;0;0;0;0;0;0;0;0;0;0;0;0;0;0;0;0;0;0;0;0;0;0;0;0;0;0;0;0;0;0;0;0;0;0;0
14.05.2024;02:50;A147;1;0;0;0;0;0;0;0;0;0;0;2;2;0;0;0;0;2;9;0;0;0;0;0;0;0;0;0;0;0;0;0;0;0;0;0;0;0;0;0;0;0;0;0;0;0;0;0;0;0;0;0;0;0;0;0;0;0;0;0;0;0;0;0;0;0;0;0;0;0;0;0;0;0;0;0;0;0;0;0;0;0;0;0;0;0;0;0;0;0;0;0;0;0;0;0;0;0;0;0;0;0;0;0;0;0;0;0;0;0;0
14.05.2024;02:49;A147;1;0;0;0;0;0;0;0;0;0;0;0;0;0;0;0;0;0;0;0;0;0;0;0;0;0;0;0;0;0;0;0;0;0;0;0;0;0;0;0;0;0;0;0;0;0;0;0;0;0;0;0;0;0;0;0;0;0;0;0;0;0;0;0;0;0;0;0;0;0;0;0;0;0;0;0;0;0;0;0;0;0;0;0;0;0;0;0;0;0;0;0;0;0;0;0;0;0;0;0;0;0;0;0;0;0;0;0;0;0;0
14.05.2024;02:48;A147;1;0;0;0;0;0;0;0;0;0;0;0;0;0;0;0;0;0;0;0;0;0;0;0;0;0;0;0;0;0;0;0;0;0;0;0;0;0;0;0;0;0;0;0;0;0;0;0;0;0;0;0;0;0;0;0;0;0;0;0;0;0;0;0;0;0;0;0;0;0;0;0;0;0;0;0;0;0;0;0;0;0;0;0;0;0;0;0;0;0;0;0;0;0;0;0;0;0;0;0;0;0;0;0;0;0;0;0;0;0;0
14.05.2024;02:47;A147;1;0;0;0;0;0;0;0;0;0;0;1;1;0;0;0;0;1;4;0;0;0;0;0;0;0;0;0;0;0;0;0;0;0;0;0;0;0;0;0;0;1;0;1;0;1;3;1;2;0;0;0;0;0;0;0;0;0;0;0;0;0;0;0;0;0;0;0;0;0;0;0;0;0;0;0;0;0;0;0;0;0;0;0;0;0;0;0;0;0;0;0;0;0;0;0;0;0;0;0;0;0;0;0;0;0;0;0;0;0;0
14.05.2024;02:46;A147;1;0;0;0;0;0;0;0;0;0;0;0;0;1;0;0;0;0;0;1;1;0;0;0;0;0;0;0;0;0;0;0;0;0;0;0;0;0;0;0;0;0;0;0;0;0;0;0;0;0;0;0;0;0;0;0;0;0;0;0;0;0;0;0;0;0;0;0;0;0;0;0;0;0;0;0;0;0;0;0;0;0;0;0;0;0;0;0;0;0;0;0;0;0;0;0;0;0;0;0;0;0;0;0;0;0;0;0;0;0;0
14.05.2024;02:45;A147;1;0;0;0;0;0;0;0;0;0;0;0;0;0;0;0;0;0;0;0;0;0;0;0;0;0;0;0;0;0;0;0;0;0;0;0;0;0;0;0;0;1;1;0;0;2;1;0;0;0;0;0;0;0;0;0;0;0;0;0;0;0;0;0;0;0;0;0;0;0;0;0;0;0;0;0;0;0;0;0;0;0;0;0;0;0;0;0;0;0;0;0;0;0;0;0;0;0;0;0;0;0;0;0;0;0;0;0;0;0;0
14.05.2024;02:44;A147;1;0;0;0;0;0;0;0;0;0;0;0;0;1;0;0;0;0;0;1;1;0;0;0;0;0;0;0;0;0;0;0;0;0;0;0;0;0;0;0;0;0;0;0;0;0;0;0;0;0;0;0;0;0;0;0;0;0;0;0;0;0;0;0;0;0;0;0;0;0;0;0;0;0;0;0;0;0;0;0;0;0;0;0;0;0;0;0;0;0;0;0;0;0;0;0;0;0;0;0;0;0;0;0;0;0;0;0;0;0;0
14.05.2024;02:43;A147;1;0;0;0;0;0;0;0;0;0;0;0;0;0;0;0;0;0;0;0;0;0;0;0;0;0;0;0;0;0;0;0;0;0;0;0;0;0;0;0;0;0;0;0;0;0;0;0;0;0;0;0;0;0;0;0;0;0;0;0;0;0;0;0;0;0;0;0;0;0;0;0;0;0;0;0;0;0;0;0;0;0;0;0;0;0;0;0;0;0;0;0;0;0;0;0;0;0;0;0;0;0;0;0;0;0;0;0;0;0;0
14.05.2024;02:42;A147;1;0;0;0;0;1;0;1;0;0;0;0;0;0;0;0;0;0;0;0;0;0;0;0;0;0;0;0;0;0;7;0;0;0;0;0;0;0;0;0;0;0;0;0;0;0;0;0;0;0;0;0;0;0;0;0;0;0;0;0;0;0;0;0;0;0;0;0;0;0;0;0;0;0;0;0;0;0;0;0;0;0;0;0;0;0;0;0;0;0;0;0;0;0;0;0;0;0;0;0;0;0;0;0;0;0;0;0;0;0;0
14.05.2024;02:41;A147;1;0;0;0;0;0;0;0;0;0;0;0;0;0;0;0;0;0;0;0;0;0;0;1;18;1;5;0;0;1;22;0;0;0;0;0;0;0;0;0;0;1;0;0;0;1;2;0;0;0;0;0;0;0;0;0;0;0;0;0;0;0;0;0;0;0;0;0;0;0;0;0;0;0;0;0;0;0;0;0;0;0;0;0;0;0;0;0;0;0;0;0;0;0;0;0;0;0;0;0;0;0;0;0;0;0;0;0;0;0;0
14.05.2024;02:40;A147;1;0;0;0;0;0;0;0;0;0;0;0;0;1;0;0;0;0;0;2;2;0;0;0;0;0;0;0;0;0;0;0;0;0;0;0;0;0;0;0;0;0;0;0;0;0;0;0;0;0;0;0;0;0;0;0;0;0;0;0;0;0;0;0;0;0;0;0;0;0;0;0;0;0;0;0;0;0;0;0;0;0;0;0;0;0;0;0;0;0;0;0;0;0;0;0;0;0;0;0;0;0;0;0;0;0;0;0;0;0;0
14.05.2024;02:39;A147;1;1;19;1;6;0;0;0;0;0;0;0;0;0;0;0;0;0;0;0;0;0;0;0;0;0;0;0;0;0;0;0;0;0;0;0;0;0;0;0;0;0;0;0;0;0;0;0;0;0;0;0;0;0;0;0;0;0;0;0;0;0;0;0;0;0;0;0;0;0;0;0;0;0;0;0;0;0;0;0;0;0;0;0;0;0;0;0;0;0;0;0;0;0;0;0;0;0;0;0;0;0;0;0;0;0;0;0;0;0;0
14.05.2024;02:38;A147;1;0;0;0;0;0;0;0;0;0;0;0;0;0;0;0;0;0;0;0;0;0;0;0;0;0;0;0;0;0;0;0;0;0;0;0;0;0;0;0;0;0;0;0;0;0;0;0;0;0;0;0;0;0;0;0;0;0;0;0;0;0;0;0;0;0;0;0;0;0;0;0;0;0;0;0;0;0;0;0;0;0;0;0;0;0;0;0;0;0;0;0;0;0;0;0;0;0;0;0;0;0;0;0;0;0;0;0;0;0;0
14.05.2024;02:37;A147;1;0;0;0;0;1;26;1;26;2;2;0;0;0;0;0;0;0;0;0;0;0;0;0;0;0;0;0;0;0;0;0;0;0;0;0;0;0;0;0;0;0;0;0;0;0;0;0;0;0;0;0;0;0;0;0;0;0;0;0;0;0;0;0;0;0;0;0;0;0;0;0;0;0;0;0;0;0;0;0;0;0;0;0;0;0;0;0;0;0;0;0;0;0;0;0;0;0;0;0;0;0;0;0;0;0;0;0;0;0;0
14.05.2024;02:36;A147;1;0;0;0;0;0;0;0;0;0;0;0;0;0;0;0;0;0;0;0;0;0;0;0;0;0;0;0;0;0;0;0;0;0;0;1;50;1;3;2;1;0;0;0;0;0;0;0;0;0;0;0;0;0;0;0;0;0;0;0;0;0;0;0;0;0;0;0;0;0;0;0;0;0;0;0;0;0;0;0;0;0;0;0;0;0;0;0;0;0;0;0;0;0;0;0;0;0;0;0;0;0;0;0;0;0;0;0;0;0;0
14.05.2024;02:35;A147;1;0;0;0;0;1;70;1;71;2;71;0;0;1;37;0;0;0;0;0;0;0;0;0;0;0;0;0;0;0;0;0;0;0;0;0;0;0;0;0;0;0;0;0;0;0;0;0;0;0;0;0;0;0;0;0;0;0;0;0;0;0;0;0;0;0;0;0;0;0;0;0;0;0;0;0;0;0;0;0;0;0;0;0;0;0;0;0;0;0;0;0;0;0;0;0;0;0;0;0;0;0;0;0;0;0;0;0;0;0;0
14.05.2024;02:34;A147;1;1;23;1;7;0;0;0;0;0;0;0;0;1;0;0;0;0;0;2;4;0;0;0;0;0;0;0;0;0;0;0;0;0;0;0;0;0;0;0;0;2;1;0;0;2;5;0;0;0;0;0;0;0;0;0;0;0;0;0;0;0;0;0;0;0;0;0;0;0;0;0;0;0;0;0;0;0;0;0;0;0;0;0;0;0;0;0;0;0;0;0;0;0;0;0;0;0;0;0;0;0;0;0;0;0;0;0;0;0;0
14.05.2024;02:33;A147;1;0;0;0;0;0;0;0;0;0;0;0;0;0;0;0;0;0;0;0;0;0;0;0;0;0;0;0;0;0;0;0;0;0;0;0;0;0;0;0;0;1;1;0;0;1;5;0;0;0;0;0;0;0;0;0;0;0;0;0;0;0;0;0;0;0;0;0;0;0;0;0;0;0;0;0;0;0;0;0;0;0;0;0;0;0;0;0;0;0;0;0;0;0;0;0;0;0;0;0;0;0;0;0;0;0;0;0;0;0;0
14.05.2024;02:32;A147;1;0;0;0;0;0;0;0;0;0;0;0;0;0;0;0;0;0;0;0;0;0;0;0;0;0;0;0;0;0;0;0;0;0;0;0;0;0;0;0;0;0;0;0;0;0;0;0;0;0;0;0;0;0;0;0;0;0;0;0;0;0;0;0;0;0;0;0;0;0;0;0;0;0;0;0;0;0;0;0;0;0;0;0;0;0;0;0;0;0;0;0;0;0;0;0;0;0;0;0;0;0;0;0;0;0;0;0;0;0;0
14.05.2024;02:31;A147;1;0;0;0;0;0;0;0;0;0;0;0;0;0;0;0;0;0;0;0;0;0;0;0;0;0;0;0;0;0;0;0;0;0;0;0;0;0;0;0;0;0;0;0;0;0;0;0;0;0;0;0;0;0;0;0;0;0;0;0;0;0;0;0;0;0;0;0;0;0;0;0;0;0;0;0;0;0;0;0;0;0;0;0;0;0;0;0;0;0;0;0;0;0;0;0;0;0;0;0;0;0;0;0;0;0;0;0;0;0;0
14.05.2024;02:30;A147;1;0;0;0;0;0;0;0;0;0;0;0;0;0;0;0;0;0;0;0;0;0;0;0;0;0;0;0;0;0;0;0;0;0;0;0;0;0;0;0;0;1;0;0;0;1;4;0;0;0;0;0;0;0;0;0;0;0;0;0;0;0;0;0;0;0;0;0;0;0;0;0;0;0;0;0;0;0;0;0;0;0;0;0;0;0;0;0;0;0;0;0;0;0;0;0;0;0;0;0;0;0;0;0;0;0;0;0;0;0;0
14.05.2024;02:29;A147;1;0;0;0;0;0;0;0;0;0;0;0;0;1;0;0;0;0;0;1;3;0;0;0;0;0;0;0;0;0;0;0;0;0;0;0;0;0;0;0;0;1;0;0;0;1;4;0;0;0;0;0;0;0;0;0;0;0;0;0;0;0;0;0;0;0;0;0;0;0;0;0;0;0;0;0;0;0;0;0;0;0;0;0;0;0;0;0;0;0;0;0;0;0;0;0;0;0;0;0;0;0;0;0;0;0;0;0;0;0;0
14.05.2024;02:28;A147;1;0;0;0;0;0;0;0;0;0;0;0;0;0;0;0;0;0;0;0;0;0;0;0;0;0;0;0;0;0;0;0;0;0;0;0;0;0;0;0;0;0;0;0;0;0;0;0;0;0;0;0;0;0;0;0;0;0;0;0;0;0;0;0;0;0;0;0;0;0;0;0;0;0;0;0;0;0;0;0;0;0;0;0;0;0;0;0;0;0;0;0;0;0;0;0;0;0;0;0;0;0;0;0;0;0;0;0;0;0;0
14.05.2024;02:27;A147;1;0;0;0;0;0;0;0;0;0;0;0;0;0;0;0;0;0;0;0;0;0;0;0;0;0;0;0;0;0;0;0;0;0;0;0;0;0;0;0;0;2;1;0;0;2;4;0;0;0;0;0;0;0;0;0;0;0;0;0;0;0;0;0;0;0;0;0;0;0;0;0;0;0;0;0;0;0;0;0;0;0;0;0;0;0;0;0;0;0;0;0;0;0;0;0;0;0;0;0;0;0;0;0;0;0;0;0;0;0;0
14.05.2024;02:26;A147;1;0;0;0;0;0;0;0;0;0;0;0;0;0;0;0;0;0;0;0;0;0;1;1;17;1;5;0;0;0;0;0;0;0;0;0;0;0;0;0;0;1;0;0;0;1;4;0;0;0;0;0;0;0;0;0;0;0;0;0;0;0;0;0;0;0;0;0;0;0;0;0;0;0;0;0;0;0;0;0;0;0;0;0;0;0;0;0;0;0;0;0;0;0;0;0;0;0;0;0;0;0;0;0;0;0;0;0;0;0;0
14.05.2024;02:25;A147;1;0;0;0;0;0;0;0;0;0;0;0;0;0;0;0;0;0;0;0;0;1;2;0;0;0;0;0;0;0;0;0;0;0;0;0;0;0;0;0;0;1;0;0;0;1;2;0;0;0;0;0;0;0;0;0;0;0;0;0;0;0;0;0;0;0;0;0;0;0;0;0;0;0;0;0;0;0;0;0;0;0;0;0;0;0;0;0;0;0;0;0;0;0;0;0;0;0;0;0;0;0;0;0;0;0;0;0;0;0;0
14.05.2024;02:24;A147;1;0;0;0;0;0;0;0;0;0;0;0;0;1;0;0;0;0;0;1;3;0;0;1;27;1;26;0;0;0;0;0;0;0;0;0;0;0;0;0;0;0;0;0;0;0;0;0;0;0;0;0;0;0;0;0;0;0;0;0;0;0;0;0;0;0;0;0;0;0;0;0;0;0;0;0;0;0;0;0;0;0;0;0;0;0;0;0;0;0;0;0;0;0;0;0;0;0;0;0;0;0;0;0;0;0;0;0;0;0;0
14.05.2024;02:23;A147;1;1;25;3;13;0;0;0;0;0;0;0;0;0;0;0;0;0;0;0;0;0;0;0;0;0;0;0;0;0;0;0;0;0;0;0;0;0;0;0;0;0;0;0;0;0;0;0;0;0;0;0;0;0;0;0;0;0;0;0;0;0;0;0;0;0;0;0;0;0;0;0;0;0;0;0;0;0;0;0;0;0;0;0;0;0;0;0;0;0;0;0;0;0;0;0;0;0;0;0;0;0;0;0;0;0;0;0;0;0;0
14.05.2024;02:22;A147;1;0;0;0;0;0;0;0;0;0;0;0;0;1;0;0;0;0;0;3;1;0;0;0;0;0;0;0;0;0;0;0;0;0;0;0;0;0;0;0;0;0;0;0;0;0;0;0;0;0;0;0;0;0;0;0;0;0;0;0;0;0;0;0;0;0;0;0;0;0;0;0;0;0;0;0;0;0;0;0;0;0;0;0;0;0;0;0;0;0;0;0;0;0;0;0;0;0;0;0;0;0;0;0;0;0;0;0;0;0;0
14.05.2024;02:21;A147;1;0;0;0;0;0;0;0;0;0;0;0;0;2;21;0;0;0;0;2;9;0;0;0;0;0;0;0;0;0;0;0;0;0;0;0;0;0;0;0;0;1;0;1;1;1;5;1;8;0;0;0;0;0;0;0;0;0;0;0;0;0;0;0;0;0;0;0;0;0;0;0;0;0;0;0;0;0;0;0;0;0;0;0;0;0;0;0;0;0;0;0;0;0;0;0;0;0;0;0;0;0;0;0;0;0;0;0;0;0;0
14.05.2024;02:20;A147;1;0;0;0;0;0;0;0;0;0;0;0;0;0;0;0;0;0;0;0;0;0;0;0;0;0;0;1;26;0;0;2;2;0;0;0;0;0;0;0;0;0;0;0;0;0;0;0;0;0;0;0;0;0;0;0;0;0;0;0;0;0;0;0;0;0;0;0;0;0;0;0;0;0;0;0;0;0;0;0;0;0;0;0;0;0;0;0;0;0;0;0;0;0;0;0;0;0;0;0;0;0;0;0;0;0;0;0;0;0;0
14.05.2024;02:19;A147;1;0;0;0;0;0;0;0;0;0;0;0;0;1;0;0;0;0;0;1;1;0;0;0;0;0;0;0;0;0;0;0;0;0;0;0;0;0;0;0;0;0;0;0;0;0;0;0;0;0;0;0;0;0;0;0;0;0;0;0;0;0;0;0;0;0;0;0;0;0;0;0;0;0;0;0;0;0;0;0;0;0;0;0;0;0;0;0;0;0;0;0;0;0;0;0;0;0;0;0;0;0;0;0;0;0;0;0;0;0;0
14.05.2024;02:18;A147;1;0;0;0;0;0;0;0;0;0;0;0;0;0;0;0;0;0;0;0;0;0;0;0;0;0;0;0;0;0;0;0;0;0;0;0;0;0;0;0;0;0;0;0;0;0;0;0;0;0;0;0;0;0;0;0;0;0;0;0;0;0;0;0;0;0;0;0;0;0;0;0;0;0;0;0;0;0;0;0;0;0;0;0;0;0;0;0;0;0;0;0;0;0;0;0;0;0;0;0;0;0;0;0;0;0;0;0;0;0;0
14.05.2024;02:17;A147;1;0;0;0;0;0;0;0;0;0;0;0;0;0;0;0;0;0;0;0;0;0;0;0;0;0;0;0;0;0;0;0;0;0;0;0;0;0;0;0;0;1;0;0;0;1;4;0;0;0;0;0;0;0;0;0;0;0;0;0;0;0;0;0;0;0;0;0;0;0;0;0;0;0;0;0;0;0;0;0;0;0;0;0;0;0;0;0;0;0;0;0;0;0;0;0;0;0;0;0;0;0;0;0;0;0;0;0;0;0;0
14.05.2024;02:16;A147;1;0;0;0;0;0;0;0;0;0;0;0;0;0;0;0;0;0;0;0;0;0;0;0;0;0;0;0;0;0;0;0;0;0;0;0;0;0;0;0;0;1;1;0;0;1;6;0;0;0;0;0;0;0;0;0;0;0;0;0;0;0;0;0;0;0;0;0;0;0;0;0;0;0;0;0;0;0;0;0;0;0;0;0;0;0;0;0;0;0;0;0;0;0;0;0;0;0;0;0;0;0;0;0;0;0;0;0;0;0;0
14.05.2024;02:15;A147;1;0;0;0;0;0;0;0;0;0;0;0;0;0;0;0;0;0;0;0;0;0;0;0;0;0;0;0;0;0;0;0;0;0;0;0;0;0;0;0;0;0;0;0;0;0;0;0;0;0;0;0;0;0;0;0;0;0;0;0;0;0;0;0;0;0;0;0;0;0;0;0;0;0;0;0;0;0;0;0;0;0;0;0;0;0;0;0;0;0;0;0;0;0;0;0;0;0;0;0;0;0;0;0;0;0;0;0;0;0;0
14.05.2024;02:14;A147;1;1;22;1;4;0;0;0;0;0;0;0;0;1;0;0;0;0;0;0;0;0;0;0;0;0;0;0;0;0;0;0;0;0;0;0;0;0;0;0;0;0;0;0;0;0;0;0;0;0;0;0;0;0;0;0;0;0;0;0;0;0;0;0;0;0;0;0;0;0;0;0;0;0;0;0;0;0;0;0;0;0;0;0;0;0;0;0;0;0;0;0;0;0;0;0;0;0;0;0;0;0;0;0;0;0;0;0;0;0;0
14.05.2024;02:13;A147;1;0;0;0;0;0;0;0;0;0;0;0;0;0;0;0;0;0;0;1;2;0;0;0;46;0;0;0;0;0;0;0;0;0;0;1;0;1;0;0;0;1;3;0;0;0;0;0;0;0;0;0;0;0;0;0;0;0;0;0;0;0;0;0;0;0;0;0;0;0;0;0;0;0;0;0;0;0;0;0;0;0;0;0;0;0;0;0;0;0;0;0;0;0;0;0;0;0;0;0;0;0;0;0;0;0;0;0;0;0;0
14.05.2024;02:12;A147;1;0;0;0;0;0;0;0;0;0;0;0;0;0;0;0;0;0;0;0;0;0;0;1;24;1;4;0;0;1;24;0;0;2;1;0;0;0;0;0;0;0;0;0;0;2;5;0;0;0;0;0;0;0;0;0;0;0;0;0;0;0;0;0;0;0;0;0;0;0;0;0;0;0;0;0;0;0;0;0;0;0;0;0;0;0;0;0;0;0;0;0;0;0;0;0;0;0;0;0;0;0;0;0;0;0;0;0;0;0;0
14.05.2024;02:11;A147;1;0;0;0;0;0;0;0;0;0;0;0;0;0;0;0;0;0;0;0;0;0;0;0;0;0;0;0;0;0;0;0;0;0;0;0;0;0;0;0;0;0;0;0;0;0;0;0;0;0;0;0;0;0;0;0;0;0;0;0;0;0;0;0;0;0;0;0;0;0;0;0;0;0;0;0;0;0;0;0;0;0;0;0;0;0;0;0;0;0;0;0;0;0;0;0;0;0;0;0;0;0;0;0;0;0;0;0;0;0;0
14.05.2024;02:10;A147;1;0;0;0;0;0;0;0;0;0;0;0;0;0;0;0;0;0;0;0;0;0;0;0;0;0;0;0;0;0;0;0;0;0;0;0;0;0;0;0;0;0;0;0;0;0;0;0;0;0;0;0;0;0;0;0;0;0;0;0;0;0;0;0;0;0;0;0;0;0;0;0;0;0;0;0;0;0;0;0;0;0;0;0;0;0;0;0;0;0;0;0;0;0;0;0;0;0;0;0;0;0;0;0;0;0;0;0;0;0;0
14.05.2024;02:09;A147;1;0;0;0;0;0;0;0;0;0;0;0;0;1;0;1;0;0;0;0;0;1;1;0;0;0;0;0;0;0;0;0;0;0;0;0;0;0;0;0;0;0;0;0;0;0;0;0;0;0;0;0;0;0;0;0;0;0;0;0;0;0;0;0;0;0;0;0;0;0;0;0;0;0;0;0;0;0;0;0;0;0;0;0;0;0;0;0;0;0;0;0;0;0;0;0;0;0;0;0;0;0;0;0;0;0;0;0;0;0;0
14.05.2024;02:08;A147;1;0;0;0;0;0;0;0;0;0;0;0;0;0;0;0;0;0;0;0;0;0;0;0;0;0;0;0;0;0;0;0;0;0;0;1;27;1;27;0;0;0;0;0;0;0;0;0;0;0;0;0;0;0;0;0;0;0;0;0;0;0;0;0;0;0;0;0;0;0;0;0;0;0;0;0;0;0;0;0;0;0;0;0;0;0;0;0;0;0;0;0;0;0;0;0;0;0;0;0;0;0;0;0;0;0;0;0;0;0;0
14.05.2024;02:07;A147;1;0;0;0;0;0;0;0;0;0;0;0;0;0;0;0;0;0;0;0;0;0;0;0;0;0;0;0;0;0;0;0;0;0;0;0;0;0;0;1;0;2;1;0;0;2;3;0;0;0;0;0;0;0;0;0;0;0;0;0;0;0;0;0;0;0;0;0;0;0;0;0;0;0;0;0;0;0;0;0;0;0;0;0;0;0;0;0;0;0;0;0;0;0;0;0;0;0;0;0;0;0;0;0;0;0;0;0;0;0;0
14.05.2024;02:06;A147;1;0;0;0;0;0;0;0;0;0;0;0;0;0;0;0;0;0;0;0;0;0;0;0;0;0;0;0;0;0;0;0;0;0;0;0;0;0;0;0;0;0;0;0;0;0;0;0;0;0;0;0;0;0;0;0;0;0;0;0;0;0;0;0;0;0;0;0;0;0;0;0;0;0;0;0;0;0;0;0;0;0;0;0;0;0;0;0;0;0;0;0;0;0;0;0;0;0;0;0;0;0;0;0;0;0;0;0;0;0;0
14.05.2024;02:05;A147;1;0;0;0;0;0;0;0;0;0;0;0;0;0;0;0;0;0;0;0;0;0;0;2;30;2;9;0;0;0;0;0;0;0;0;0;0;0;0;0;0;0;0;0;0;0;0;0;0;0;0;0;0;0;0;0;0;0;0;0;0;0;0;0;0;0;0;0;0;0;0;0;0;0;0;0;0;0;0;0;0;0;0;0;0;0;0;0;0;0;0;0;0;0;0;0;0;0;0;0;0;0;0;0;0;0;0;0;0;0;0
14.05.2024;02:04;A147;1;1;9;0;0;0;0;0;0;0;0;0;0;1;0;0;0;0;0;1;3;0;0;0;0;0;0;0;0;1;1;0;0;1;0;0;0;0;0;0;0;0;0;0;0;0;0;0;0;0;0;0;0;0;0;0;0;0;0;0;0;0;0;0;0;0;0;0;0;0;0;0;0;0;0;0;0;0;0;0;0;0;0;0;0;0;0;0;0;0;0;0;0;0;0;0;0;0;0;0;0;0;0;0;0;0;0;0;0;0;0
14.05.2024;02:03;A147;1;1;17;1;3;0;0;0;0;0;0;0;0;0;0;0;0;0;0;0;0;0;0;0;0;0;0;0;0;0;0;0;0;0;0;0;0;0;0;0;0;1;0;0;0;1;3;0;0;0;0;0;0;0;0;0;0;0;0;0;0;0;0;0;0;0;0;0;0;0;0;0;0;0;0;0;0;0;0;0;0;0;0;0;0;0;0;0;0;0;0;0;0;0;0;0;0;0;0;0;0;0;0;0;0;0;0;0;0;0;0
14.05.2024;02:02;A147;1;1;22;0;0;0;0;0;0;0;0;0;0;0;0;0;0;0;0;0;0;0;0;0;0;0;0;0;0;0;0;0;0;0;0;0;0;0;0;0;0;1;55;1;0;2;9;1;1;0;0;0;0;0;0;0;0;0;0;0;0;0;0;0;0;0;0;0;0;0;0;0;0;0;0;0;0;0;0;0;0;0;0;0;0;0;0;0;0;0;0;0;0;0;0;0;0;0;0;0;0;0;0;0;0;0;0;0;0;0;0
14.05.2024;02:01;A147;1;0;0;1;6;0;0;0;0;0;0;0;0;1;0;0;0;0;0;2;2;0;0;0;0;0;0;0;0;0;0;0;0;0;0;0;0;0;0;0;0;0;0;0;0;0;0;0;0;0;0;0;0;0;0;0;0;0;0;0;0;0;0;0;0;0;0;0;0;0;0;0;0;0;0;0;0;0;0;0;0;0;0;0;0;0;0;0;0;0;0;0;0;0;0;0;0;0;0;0;0;0;0;0;0;0;0;0;0;0;0
14.05.2024;02:00;A147;1;0;11;0;0;0;0;0;0;0;0;0;0;2;7;0;0;0;0;2;11;0;0;0;0;0;0;0;0;0;0;0;0;0;0;0;0;0;0;0;0;0;0;0;0;0;0;0;0;0;0;0;0;0;0;0;0;0;0;0;0;0;0;0;0;0;0;0;0;0;0;0;0;0;0;0;0;0;0;0;0;0;0;0;0;0;0;0;0;0;0;0;0;0;0;0;0;0;0;0;0;0;0;0;0;0;0;0;0;0;0
