Datum;Uhrzeit;Bezeichnung;Intervall;D21Z;D21B;D22Z;D22B;D41Z;D41B;D51Z;D51B;D81Z;D81B;D82Z;D82B;D211Z;D211B;D212Z;D212B;V57_M71_804Z;V57_M71_804B;H57_M72_805Z;H57_M72_805B;A57_M73_806Z;A57_M73_806B;V58_M81_812Z;V58_M81_812B;H58_M82_813Z;H58_M82_813B;A58_M83_814Z;A58_M83_814B;T1_1_10_1Z;T1_1_10_1B;T1_2_10_2Z;T1_2_10_2B;T2_1_7_1Z;T2_1_7_1B;T2_2_7_2Z;T2_2_7_2B;T8_1_9_1Z;T8_1_9_1B;T8_2_9_2Z;T8_2_9_2B
22.10.2024;02:00;A163;1;2;1;1;1;2;2;0;0;0;0;0;0;1;0;0;0;0;0;0;0;0;0;0;0;0;0;0;0;0;0;0;0;0;0;;;;;;
22.10.2024;01:59;A163;1;0;0;1;2;0;0;0;0;0;0;0;0;0;0;0;0;0;0;0;0;0;0;0;0;0;0;0;0;0;0;0;0;0;0;;;;;;
22.10.2024;01:58;A163;1;2;2;0;0;2;2;0;0;1;0;0;0;0;0;0;0;0;0;0;0;0;0;0;0;0;0;0;0;0;0;0;0;0;0;;;;;;
22.10.2024;01:57;A163;1;0;0;0;0;0;0;0;0;1;0;0;0;0;0;0;0;0;0;0;0;0;0;0;0;0;0;0;0;0;0;0;0;0;0;;;;;;
22.10.2024;01:56;A163;1;0;0;1;0;0;0;0;0;0;0;0;0;2;1;0;0;0;0;0;0;0;0;0;0;0;0;0;0;0;0;0;0;0;0;;;;;;
22.10.2024;01:55;A163;1;1;1;0;0;1;1;0;0;0;0;0;0;0;0;0;0;0;0;0;0;0;0;0;0;0;0;0;0;0;0;0;0;0;0;;;;;;
22.10.2024;01:54;A163;1;0;0;1;1;0;0;1;1;0;0;1;1;1;0;0;0;0;0;0;0;0;0;0;0;0;0;0;0;0;0;0;0;1;1;;;;;;
22.10.2024;01:53;A163;1;0;0;1;0;1;0;0;0;0;0;0;0;0;0;0;0;0;0;0;0;0;0;0;0;0;0;0;0;0;0;0;0;0;0;;;;;;
22.10.2024;01:52;A163;1;0;0;1;0;0;0;0;0;0;0;0;0;1;0;0;0;0;0;0;0;0;0;0;0;0;0;0;0;0;0;0;0;0;0;;;;;;
22.10.2024;01:51;A163;1;0;0;0;0;0;0;0;0;0;0;0;0;0;0;0;0;0;0;0;0;0;0;0;0;0;0;0;0;0;0;0;0;0;0;;;;;;
22.10.2024;01:50;A163;1;0;0;0;0;0;0;0;0;0;0;0;0;0;0;0;0;0;0;0;0;0;0;0;0;0;0;0;0;0;0;0;0;0;0;;;;;;
22.10.2024;01:49;A163;1;0;0;0;0;0;0;0;0;0;0;0;0;0;0;0;0;0;0;0;0;0;0;0;0;0;0;0;0;0;0;0;0;0;0;;;;;;
22.10.2024;01:48;A163;1;0;0;1;0;0;0;0;0;0;0;0;0;1;0;0;0;0;0;0;0;0;0;0;0;0;0;0;0;0;0;0;0;0;0;;;;;;
22.10.2024;01:47;A163;1;0;0;0;0;0;0;0;0;0;0;0;0;2;1;0;0;0;0;0;0;0;0;0;0;0;0;0;0;0;0;0;0;0;0;;;;;;
22.10.2024;01:46;A163;1;1;0;2;2;2;2;0;0;0;0;0;0;0;0;0;0;0;0;0;0;0;0;0;0;0;0;0;0;0;0;0;0;0;0;;;;;;
22.10.2024;01:45;A163;1;0;0;0;0;0;0;0;0;0;0;0;0;0;0;0;0;0;0;0;0;0;0;0;0;0;0;0;0;0;0;0;0;0;0;;;;;;
22.10.2024;01:44;A163;1;0;0;2;3;1;0;2;1;0;0;0;0;1;1;0;0;0;0;0;0;0;0;0;0;0;0;0;0;0;0;0;0;0;0;;;;;;
22.10.2024;01:43;A163;1;1;1;1;1;1;1;0;0;0;0;0;0;0;0;0;0;0;0;0;0;0;0;0;0;0;0;0;0;0;0;0;0;0;0;;;;;;
22.10.2024;01:42;A163;1;1;1;1;1;2;2;0;0;0;0;0;0;0;0;0;0;0;0;0;0;0;0;0;0;0;0;0;0;0;0;0;0;0;0;;;;;;
22.10.2024;01:41;A163;1;0;0;0;0;0;0;0;0;0;0;0;0;0;0;0;0;0;0;0;0;0;0;0;0;0;0;0;0;0;0;0;0;0;0;;;;;;
22.10.2024;01:40;A163;1;0;0;1;0;0;0;0;0;0;0;0;0;0;0;0;0;0;0;0;0;0;0;1;0;0;0;0;0;0;0;0;0;0;0;;;;;;
22.10.2024;01:39;A163;1;0;0;0;0;0;0;0;0;0;0;0;0;1;0;0;0;0;0;0;0;0;0;0;0;0;0;0;0;0;0;0;0;0;0;;;;;;
22.10.2024;01:38;A163;1;0;0;0;0;0;0;0;0;0;0;0;0;0;0;0;0;0;0;0;0;0;0;0;0;0;0;0;0;0;0;0;0;0;0;;;;;;
22.10.2024;01:37;A163;1;1;1;2;3;1;1;2;2;0;0;0;0;0;0;0;0;0;0;0;0;0;0;0;0;0;0;0;0;0;0;0;0;0;0;;;;;;
22.10.2024;01:36;A163;1;0;0;0;0;0;0;0;0;0;0;0;0;2;8;0;0;0;0;0;0;0;0;0;0;0;0;0;0;0;0;0;0;0;0;;;;;;
22.10.2024;01:35;A163;1;0;0;1;0;0;0;0;0;0;0;0;0;1;1;0;0;0;0;0;0;0;0;0;0;0;0;0;0;0;0;0;0;0;0;;;;;;
22.10.2024;01:34;A163;1;0;0;0;0;0;0;1;0;0;0;0;0;2;2;0;0;0;0;0;0;0;0;0;0;0;0;0;0;0;0;0;0;0;0;;;;;;
22.10.2024;01:33;A163;1;0;0;1;0;0;0;0;0;0;0;0;0;1;1;0;0;0;0;0;0;0;0;0;0;0;0;0;0;0;0;0;0;0;0;;;;;;
22.10.2024;01:32;A163;1;0;0;0;0;0;0;0;0;0;0;0;0;2;1;0;0;0;0;0;0;0;0;0;0;0;0;0;0;0;0;0;0;0;0;;;;;;
22.10.2024;01:31;A163;1;1;0;1;0;1;0;0;0;0;0;0;0;0;0;0;0;0;0;0;0;0;0;0;0;0;0;0;0;0;0;0;0;0;0;;;;;;
22.10.2024;01:30;A163;1;0;0;0;0;0;0;0;0;0;0;0;0;0;0;0;0;0;0;0;0;0;0;0;0;0;0;0;0;0;0;0;0;0;0;;;;;;
22.10.2024;01:29;A163;1;1;0;1;1;1;1;0;0;0;0;0;0;0;0;0;0;0;0;0;0;0;0;0;0;0;0;0;0;0;0;0;0;0;0;;;;;;
22.10.2024;01:28;A163;1;0;0;0;0;0;0;0;0;0;0;0;0;0;0;0;0;0;0;0;0;0;0;0;0;0;0;0;0;0;0;0;0;0;0;;;;;;
22.10.2024;01:27;A163;1;0;0;0;0;0;0;0;0;0;0;0;0;1;0;0;0;0;0;0;0;0;0;0;0;0;0;0;0;0;0;0;0;0;0;;;;;;
22.10.2024;01:26;A163;1;0;0;0;0;0;0;0;0;0;0;0;0;0;0;0;0;0;0;0;0;0;0;0;0;0;0;0;0;0;0;0;0;0;0;;;;;;
22.10.2024;01:25;A163;1;0;0;0;0;0;0;0;0;0;0;0;0;0;0;0;0;0;0;0;0;0;0;0;0;0;0;0;0;0;0;0;0;0;0;;;;;;
22.10.2024;01:24;A163;1;0;0;1;0;0;0;0;0;0;0;0;0;1;0;0;0;0;0;0;0;0;0;0;0;0;0;0;0;0;0;0;0;0;0;;;;;;
22.10.2024;01:23;A163;1;0;0;1;0;1;0;0;0;1;0;0;0;0;0;0;0;0;0;0;0;0;0;0;0;0;0;0;0;0;0;0;0;0;0;;;;;;
22.10.2024;01:22;A163;1;0;0;0;0;0;0;0;0;0;0;0;0;0;0;0;0;0;0;0;0;0;0;0;0;0;0;0;0;0;0;0;0;0;0;;;;;;
22.10.2024;01:21;A163;1;0;0;0;0;0;0;0;0;0;0;0;0;0;0;0;0;0;0;0;0;0;0;0;0;0;0;0;0;0;0;0;0;0;0;;;;;;
22.10.2024;01:20;A163;1;1;4;1;4;1;3;0;0;0;0;0;0;0;0;0;0;0;0;0;0;0;0;0;0;0;0;0;0;0;0;0;0;0;0;;;;;;
22.10.2024;01:19;A163;1;0;0;0;0;0;0;0;0;0;0;0;0;0;0;0;0;0;0;0;0;0;0;0;0;0;0;0;0;0;0;0;0;0;0;;;;;;
22.10.2024;01:18;A163;1;2;2;1;0;2;2;0;0;0;0;0;0;0;0;0;0;0;0;0;0;0;0;0;0;0;0;0;0;0;0;0;0;0;0;;;;;;
22.10.2024;01:17;A163;1;0;0;0;0;0;0;0;0;0;0;0;0;0;0;0;0;0;0;0;0;0;0;0;0;0;0;0;0;0;0;0;0;0;0;;;;;;
22.10.2024;01:16;A163;1;0;0;0;0;0;0;0;0;0;0;0;0;0;0;0;0;0;0;0;0;0;0;0;0;0;0;0;0;0;0;0;0;0;0;;;;;;
22.10.2024;01:15;A163;1;0;0;0;0;0;0;0;0;0;0;0;0;0;0;0;0;0;0;0;0;0;0;0;0;0;0;0;0;0;0;0;0;0;0;;;;;;
22.10.2024;01:14;A163;1;0;0;0;0;0;0;0;0;0;0;0;0;1;0;0;0;0;0;0;0;0;0;0;0;0;0;0;0;0;0;0;0;0;0;;;;;;
22.10.2024;01:13;A163;1;0;0;0;0;0;0;0;0;0;0;0;0;1;0;0;0;0;0;0;0;0;0;0;0;0;0;0;0;0;0;0;0;0;0;;;;;;
22.10.2024;01:12;A163;1;0;0;0;0;0;0;0;0;0;0;0;0;0;0;0;0;0;0;0;0;0;0;0;0;0;0;0;0;0;0;0;0;0;0;;;;;;
22.10.2024;01:11;A163;1;0;0;0;0;0;0;0;0;0;0;0;0;1;0;0;0;0;0;0;0;0;0;0;0;0;0;0;0;0;0;0;0;0;0;;;;;;
22.10.2024;01:10;A163;1;1;0;1;1;1;1;0;0;0;0;0;0;0;0;0;0;0;0;0;0;0;0;0;0;0;0;0;0;0;0;0;0;0;0;;;;;;
22.10.2024;01:09;A163;1;0;0;0;0;0;0;0;0;0;0;0;0;0;0;0;0;0;0;0;0;0;0;0;0;0;0;0;0;0;0;0;0;0;0;;;;;;
22.10.2024;01:08;A163;1;0;0;1;1;0;0;0;0;1;33;0;0;2;1;0;0;0;0;0;0;0;0;0;0;0;0;0;0;0;0;0;0;0;0;;;;;;
22.10.2024;01:07;A163;1;1;0;3;4;2;1;2;1;1;28;0;0;2;1;0;0;0;0;0;0;0;0;0;0;0;0;0;0;0;0;0;0;0;0;;;;;;
22.10.2024;01:06;A163;1;0;0;1;8;1;1;1;0;0;0;0;0;3;2;0;0;0;0;0;0;0;0;0;0;0;0;0;0;0;0;0;0;0;0;;;;;;
22.10.2024;01:05;A163;1;1;1;0;0;1;12;0;0;0;0;0;23;0;0;0;0;0;0;0;0;0;0;0;0;0;0;0;0;0;0;0;0;0;22;;;;;;
22.10.2024;01:04;A163;1;0;0;2;3;1;0;0;0;0;0;1;9;2;1;0;0;0;0;0;0;0;0;0;0;0;0;0;0;0;0;0;0;1;10;;;;;;
22.10.2024;01:03;A163;1;0;0;0;0;0;0;0;0;0;0;0;0;1;0;0;0;0;0;0;0;0;0;0;0;0;0;0;0;0;0;0;0;0;0;;;;;;
22.10.2024;01:02;A163;1;1;0;1;0;1;1;0;0;0;0;0;0;0;0;0;0;0;0;0;0;0;0;0;0;0;0;0;0;0;0;0;0;0;0;;;;;;
22.10.2024;01:01;A163;1;2;2;0;0;2;2;0;0;0;0;0;0;0;0;0;0;0;0;0;0;0;0;0;0;0;0;0;0;0;0;0;0;0;0;;;;;;
22.10.2024;01:00;A163;1;0;0;0;0;0;0;0;0;0;0;0;0;0;0;0;0;0;0;0;0;0;0;0;0;0;0;0;0;0;0;0;0;0;0;;;;;;
22.10.2024;00:59;A163;1;0;0;0;0;0;0;0;0;0;0;0;0;0;0;0;0;0;0;0;0;0;0;0;0;0;0;0;0;0;0;0;0;0;0;;;;;;
22.10.2024;00:58;A163;1;1;0;1;1;1;1;0;0;0;0;0;0;1;0;0;0;0;0;0;0;0;0;0;0;0;0;0;0;0;0;0;0;0;0;;;;;;
22.10.2024;00:57;A163;1;0;0;0;0;0;0;0;0;0;0;0;0;0;0;0;0;0;0;0;0;0;0;0;0;0;0;0;0;0;0;0;0;0;0;;;;;;
22.10.2024;00:56;A163;1;0;0;0;0;0;0;0;0;0;0;0;0;0;0;0;0;0;0;0;0;0;0;0;0;0;0;0;0;0;0;0;0;0;0;;;;;;
22.10.2024;00:55;A163;1;0;0;0;0;0;0;0;0;0;0;0;0;1;1;0;0;0;0;0;0;0;0;0;0;0;0;0;0;0;0;0;0;0;0;;;;;;
22.10.2024;00:54;A163;1;0;0;0;0;0;0;0;0;0;0;0;0;0;0;0;0;0;0;0;0;0;0;0;0;0;0;0;0;0;0;0;0;0;0;;;;;;
22.10.2024;00:53;A163;1;0;0;0;0;0;0;0;0;0;0;0;0;0;0;0;0;0;0;0;0;0;0;0;0;0;0;0;0;0;0;0;0;0;0;;;;;;
22.10.2024;00:52;A163;1;0;0;1;0;0;0;0;0;1;26;0;0;1;0;0;0;0;0;0;0;0;0;0;0;0;0;0;0;0;0;0;0;0;0;;;;;;
22.10.2024;00:51;A163;1;1;1;0;0;1;1;0;0;0;0;0;0;1;1;0;0;0;0;0;0;0;0;0;0;0;0;0;0;0;0;0;0;0;0;;;;;;
22.10.2024;00:50;A163;1;1;1;1;0;1;1;1;0;0;0;0;0;0;0;0;0;0;0;0;0;0;0;0;0;0;0;0;0;0;0;0;0;0;0;;;;;;
22.10.2024;00:49;A163;1;1;0;2;0;1;0;0;0;0;0;0;0;1;0;0;0;0;0;0;0;0;0;0;0;0;0;0;0;0;0;0;0;0;0;;;;;;
22.10.2024;00:48;A163;1;0;0;0;0;0;0;0;0;0;0;0;0;1;0;0;0;0;0;0;0;0;0;0;0;0;0;0;0;0;0;0;0;0;0;;;;;;
22.10.2024;00:47;A163;1;0;0;0;0;0;0;0;0;0;0;0;0;0;0;0;0;0;0;0;0;0;0;0;0;0;0;0;0;0;0;0;0;0;0;;;;;;
22.10.2024;00:46;A163;1;0;0;1;2;0;0;1;1;0;0;0;0;0;0;0;0;0;0;0;0;0;0;0;0;0;0;0;0;0;0;0;0;0;0;;;;;;
22.10.2024;00:45;A163;1;1;39;1;0;1;1;0;0;1;31;0;0;0;0;0;0;0;0;0;0;0;0;0;0;0;0;0;0;0;0;0;0;0;0;;;;;;
22.10.2024;00:44;A163;1;1;0;1;0;1;1;1;1;0;0;0;0;1;0;0;0;0;0;0;0;0;0;0;0;0;0;0;0;0;0;0;0;0;0;;;;;;
22.10.2024;00:43;A163;1;1;1;1;0;0;13;0;0;0;0;0;0;0;0;0;0;0;0;0;0;0;0;0;0;0;0;0;0;0;0;0;0;0;0;;;;;;
22.10.2024;00:42;A163;1;1;3;1;3;2;16;0;0;0;0;1;3;0;0;0;0;0;0;1;0;1;0;0;0;0;0;0;0;0;0;0;0;1;34;;;;;;
22.10.2024;00:41;A163;1;0;0;0;0;0;0;0;0;0;0;0;0;1;1;0;0;0;0;0;0;0;0;0;0;0;0;0;0;0;0;0;0;0;0;;;;;;
22.10.2024;00:40;A163;1;1;1;2;4;1;1;1;2;0;0;0;0;1;2;0;0;0;0;0;0;0;0;0;0;0;0;0;0;0;0;0;0;0;0;;;;;;
22.10.2024;00:39;A163;1;1;1;0;0;1;1;0;0;0;0;1;3;0;0;0;0;0;0;0;0;0;0;0;0;0;0;0;0;0;0;0;0;0;5;;;;;;
22.10.2024;00:38;A163;1;0;0;0;0;0;0;0;0;0;0;0;0;1;0;0;0;0;0;0;0;0;0;0;0;0;0;0;0;0;0;0;0;1;90;;;;;;
22.10.2024;00:37;A163;1;0;0;0;0;0;0;0;0;0;0;0;0;0;0;0;0;0;0;0;0;0;0;0;0;0;0;0;0;0;0;0;0;0;0;;;;;;
22.10.2024;00:36;A163;1;0;0;1;3;0;0;2;2;0;0;0;0;3;4;0;0;0;0;0;0;0;0;0;0;0;0;0;0;0;0;0;0;0;0;;;;;;
22.10.2024;00:35;A163;1;1;0;1;0;1;1;0;0;0;0;0;0;1;0;0;0;0;0;0;0;0;0;0;0;0;0;0;0;0;0;0;0;0;0;;;;;;
22.10.2024;00:34;A163;1;0;0;0;0;0;0;0;0;0;0;0;0;0;0;0;0;0;0;0;0;0;0;0;0;0;0;0;0;0;0;0;0;0;0;;;;;;
22.10.2024;00:33;A163;1;1;0;1;0;1;0;0;0;0;0;0;0;0;0;0;0;0;0;0;0;0;0;0;0;0;0;0;0;0;0;0;0;0;0;;;;;;
22.10.2024;00:32;A163;1;0;0;1;0;0;0;0;0;0;0;0;0;1;0;0;0;0;0;0;0;0;0;0;0;0;0;0;0;0;0;0;0;0;0;;;;;;
22.10.2024;00:31;A163;1;0;0;1;1;1;0;1;0;0;0;0;0;0;0;0;0;0;0;0;0;0;0;0;0;0;0;0;0;0;0;0;0;0;0;;;;;;
22.10.2024;00:30;A163;1;1;1;0;0;0;0;0;0;0;0;0;0;1;0;0;0;0;0;0;0;0;0;0;0;0;0;0;0;0;0;0;0;0;0;;;;;;
22.10.2024;00:29;A163;1;0;0;0;0;1;0;0;0;0;0;0;0;3;2;0;0;0;0;0;0;0;0;0;0;0;0;0;0;0;0;0;0;0;0;;;;;;
22.10.2024;00:28;A163;1;1;6;1;6;0;0;0;0;0;0;0;0;0;0;0;0;0;0;0;0;0;0;0;0;0;0;0;0;0;0;0;0;0;0;;;;;;
22.10.2024;00:27;A163;1;0;0;1;0;1;6;0;0;0;0;0;0;1;0;0;0;0;0;0;0;0;0;0;0;0;0;0;0;0;0;0;0;0;0;;;;;;
22.10.2024;00:26;A163;1;0;0;0;0;0;0;0;0;0;0;0;0;0;0;0;0;0;0;0;0;0;0;0;0;0;0;0;0;0;0;0;0;0;0;;;;;;
22.10.2024;00:25;A163;1;0;0;1;1;1;1;0;0;0;0;0;0;0;0;0;0;0;0;0;0;0;0;0;0;0;0;0;0;0;0;0;0;0;0;;;;;;
22.10.2024;00:24;A163;1;0;0;0;0;0;0;0;0;0;0;0;0;0;0;0;0;0;0;0;0;0;0;0;0;0;0;0;0;0;0;0;0;0;0;;;;;;
22.10.2024;00:23;A163;1;0;0;2;2;0;0;1;1;0;0;0;0;2;4;0;0;0;0;0;0;0;0;0;0;0;0;0;0;0;0;0;0;0;0;;;;;;
22.10.2024;00:22;A163;1;1;0;0;0;1;1;0;0;0;0;0;0;0;0;0;0;0;0;0;0;0;0;0;0;0;0;0;0;0;0;0;0;0;0;;;;;;
22.10.2024;00:21;A163;1;0;0;0;0;0;0;0;0;0;0;0;0;0;0;0;0;0;0;0;0;0;0;0;0;0;0;0;0;0;0;0;0;0;0;;;;;;
22.10.2024;00:20;A163;1;0;0;0;0;0;0;0;0;1;26;0;0;1;0;0;0;0;0;0;0;0;0;0;0;0;0;0;0;0;0;0;0;0;0;;;;;;
22.10.2024;00:19;A163;1;2;1;2;2;2;1;0;0;0;0;0;0;0;0;0;0;0;0;0;0;0;0;0;0;0;0;0;0;0;0;0;0;0;0;;;;;;
22.10.2024;00:18;A163;1;0;0;1;0;0;0;1;0;0;0;0;0;1;0;0;0;0;0;0;0;0;0;0;0;0;0;0;0;0;0;0;0;0;0;;;;;;
22.10.2024;00:17;A163;1;0;0;0;0;0;0;0;0;0;0;0;0;0;0;0;0;0;0;0;0;0;0;0;0;0;0;0;0;0;0;0;0;0;0;;;;;;
22.10.2024;00:16;A163;1;0;0;0;0;0;0;0;0;0;0;0;0;0;0;0;0;0;0;0;0;0;0;0;0;0;0;0;0;0;0;0;0;0;0;;;;;;
22.10.2024;00:15;A163;1;0;0;1;1;1;0;0;0;0;0;0;0;0;0;0;0;0;0;0;0;0;0;0;0;0;0;0;0;0;0;0;0;0;0;;;;;;
22.10.2024;00:14;A163;1;0;0;0;0;0;0;0;0;0;0;0;0;0;0;0;0;0;0;0;0;0;0;0;0;0;0;0;0;0;0;0;0;0;0;;;;;;
22.10.2024;00:13;A163;1;0;0;1;1;1;0;0;0;0;0;0;0;0;0;0;0;0;0;0;0;0;0;0;0;0;0;0;0;0;0;0;0;0;0;;;;;;
22.10.2024;00:12;A163;1;0;0;0;0;0;0;0;0;1;30;0;0;0;0;0;0;0;0;0;0;0;0;0;0;0;0;0;0;0;0;0;0;0;0;;;;;;
22.10.2024;00:11;A163;1;1;0;0;0;0;0;0;0;0;0;0;0;0;0;0;0;0;0;0;0;0;0;0;0;0;0;0;0;0;0;0;0;0;0;;;;;;
22.10.2024;00:10;A163;1;0;0;1;0;0;0;0;0;0;0;0;0;2;1;0;0;0;0;0;0;0;0;0;0;0;0;0;0;0;0;0;0;0;0;;;;;;
22.10.2024;00:09;A163;1;0;0;1;0;0;0;1;0;0;0;0;0;1;0;0;0;0;0;0;0;0;0;0;0;0;0;0;0;0;0;0;0;0;0;;;;;;
22.10.2024;00:08;A163;1;1;1;2;4;2;1;0;0;0;0;0;0;3;4;0;0;0;0;0;0;0;0;0;0;0;0;0;0;0;0;0;0;0;0;;;;;;
22.10.2024;00:07;A163;1;1;1;0;0;1;2;0;0;0;0;0;16;0;0;0;0;0;0;0;0;0;0;0;0;0;0;0;0;0;0;0;0;0;15;;;;;;
22.10.2024;00:06;A163;1;1;1;2;3;1;1;1;3;0;0;1;12;1;2;0;0;2;0;0;0;0;0;0;0;0;0;0;0;0;0;0;0;1;12;;;;;;
22.10.2024;00:05;A163;1;1;1;0;0;0;0;0;0;0;0;0;0;1;0;0;0;0;0;0;0;0;0;0;0;0;0;0;0;0;0;0;0;0;0;;;;;;
22.10.2024;00:04;A163;1;0;0;1;1;2;2;0;0;0;0;1;1;2;2;0;0;0;0;0;0;0;0;0;0;0;0;0;0;0;0;0;0;1;1;;;;;;
22.10.2024;00:03;A163;1;0;0;0;0;0;0;0;0;0;0;0;0;1;0;0;0;0;0;0;0;0;0;0;0;0;0;0;0;0;0;0;0;0;0;;;;;;
22.10.2024;00:02;A163;1;1;0;1;1;1;1;0;0;0;0;0;0;0;0;0;0;0;0;0;0;0;0;0;0;0;0;0;0;0;0;0;0;0;0;;;;;;
22.10.2024;00:01;A163;1;1;0;0;0;1;1;0;0;0;0;0;0;0;0;0;0;0;0;0;0;0;0;0;0;0;0;0;0;0;0;0;0;0;0;;;;;;
22.10.2024;00:00;A163;1;0;0;1;1;1;0;0;0;0;0;0;0;0;0;0;0;0;0;0;0;0;0;0;0;0;0;0;0;0;0;0;0;0;0;;;;;;
21.10.2024;23:59;A163;1;0;0;0;0;0;0;0;0;0;0;0;0;1;1;0;0;0;0;0;0;0;0;0;0;0;0;0;0;0;0;0;0;0;0;;;;;;
21.10.2024;23:58;A163;1;0;0;1;1;1;0;1;0;0;0;0;0;0;0;0;0;0;0;0;0;0;0;0;0;0;0;0;0;0;0;0;0;0;0;;;;;;
21.10.2024;23:57;A163;1;0;0;0;0;0;0;0;0;0;0;0;0;0;0;0;0;0;0;0;0;0;0;0;0;0;0;0;0;0;0;0;0;0;0;;;;;;
21.10.2024;23:56;A163;1;2;2;1;0;2;2;0;0;0;0;0;0;1;0;0;0;0;0;0;0;0;0;0;0;0;0;0;0;0;0;0;0;0;0;;;;;;
21.10.2024;23:55;A163;1;0;0;0;0;0;0;0;0;0;0;0;0;0;0;0;0;0;0;0;0;0;0;0;0;0;0;0;0;0;0;0;0;0;0;;;;;;
21.10.2024;23:54;A163;1;2;3;1;2;2;34;0;0;4;28;0;0;0;0;0;0;0;0;0;0;0;0;0;0;0;0;0;0;0;0;0;0;0;0;;;;;;
21.10.2024;23:53;A163;1;1;1;0;0;1;1;0;0;0;0;0;0;1;0;0;0;0;0;0;0;0;0;0;0;2;0;0;0;0;0;0;0;0;0;;;;;;
21.10.2024;23:52;A163;1;0;0;1;0;0;0;1;0;0;0;0;0;2;1;0;0;0;0;0;0;0;0;0;0;0;0;0;0;0;0;0;0;0;0;;;;;;
21.10.2024;23:51;A163;1;0;0;1;1;1;0;0;0;0;0;0;0;0;0;0;0;0;0;0;0;0;0;0;0;0;0;0;0;0;0;0;0;0;0;;;;;;
21.10.2024;23:50;A163;1;3;3;3;2;3;3;0;0;0;0;0;0;0;0;0;0;0;0;0;0;0;0;0;0;0;0;0;0;0;0;0;0;0;0;;;;;;
21.10.2024;23:49;A163;1;2;2;0;0;2;3;0;0;0;0;0;0;0;0;0;0;0;0;0;0;0;0;0;0;0;0;0;0;0;0;0;0;0;0;;;;;;
21.10.2024;23:48;A163;1;2;2;1;1;2;45;0;0;0;0;0;0;0;0;1;0;0;0;0;0;0;0;0;0;0;0;0;0;0;0;0;0;0;0;;;;;;
21.10.2024;23:47;A163;1;1;1;2;2;4;33;1;0;0;0;1;0;1;0;0;0;0;0;0;0;0;0;0;0;0;0;0;0;0;0;0;0;1;0;;;;;;
21.10.2024;23:46;A163;1;2;1;1;0;2;1;0;0;0;0;0;0;0;0;0;0;0;0;0;0;0;0;0;0;0;0;0;0;0;0;0;0;0;0;;;;;;
21.10.2024;23:45;A163;1;1;0;3;4;1;1;2;2;0;0;0;0;1;0;0;0;0;0;0;0;0;0;0;0;0;0;0;0;0;0;0;0;0;0;;;;;;
21.10.2024;23:44;A163;1;0;0;2;3;1;1;0;0;0;0;0;15;4;6;0;0;0;0;0;0;0;0;0;0;0;0;0;0;0;0;0;0;0;15;;;;;;
21.10.2024;23:43;A163;1;0;0;1;0;0;0;1;0;0;0;1;16;0;0;0;0;0;0;0;0;0;0;0;0;0;0;0;0;0;0;0;0;1;17;;;;;;
21.10.2024;23:42;A163;1;1;1;2;1;1;1;0;0;0;0;0;0;2;1;0;0;0;0;0;0;0;0;0;0;0;0;0;0;0;0;0;0;0;0;;;;;;
21.10.2024;23:41;A163;1;1;0;1;0;1;1;0;0;0;0;0;0;0;0;0;0;0;0;0;0;0;0;0;0;0;0;0;0;0;0;0;0;0;0;;;;;;
21.10.2024;23:40;A163;1;1;1;3;7;1;1;3;2;0;0;0;0;3;6;0;0;0;0;0;0;0;0;0;0;0;0;0;0;0;0;0;0;0;0;;;;;;
21.10.2024;23:39;A163;1;1;3;2;8;1;3;1;4;1;5;0;0;1;0;1;0;0;0;0;0;0;0;0;0;0;0;0;0;0;0;0;0;0;0;;;;;;
21.10.2024;23:38;A163;1;0;0;0;0;0;0;0;0;1;25;1;21;1;4;0;0;0;0;0;0;0;0;0;0;0;0;0;0;0;0;0;0;1;24;;;;;;
21.10.2024;23:37;A163;1;0;0;2;2;1;0;1;1;0;0;1;0;0;0;2;0;0;0;0;0;0;0;0;0;0;0;0;0;0;0;0;0;1;0;;;;;;
21.10.2024;23:36;A163;1;0;0;0;0;0;0;0;0;0;0;0;0;0;0;0;0;0;0;0;0;0;0;0;0;0;0;0;0;0;0;0;0;0;0;;;;;;
21.10.2024;23:35;A163;1;0;0;1;1;1;1;0;0;0;0;1;33;0;0;0;0;0;0;0;0;0;0;0;0;0;0;0;0;0;0;0;0;1;33;;;;;;
21.10.2024;23:34;A163;1;1;0;2;3;1;1;1;0;0;0;0;0;0;0;0;0;0;0;0;0;0;0;0;0;0;0;0;0;0;0;0;0;0;0;;;;;;
21.10.2024;23:33;A163;1;0;0;0;0;0;0;0;0;0;0;1;22;4;3;0;0;0;0;0;0;0;0;0;0;0;0;0;0;0;0;0;0;1;21;;;;;;
21.10.2024;23:32;A163;1;0;0;0;0;0;0;0;0;0;0;1;13;1;0;0;0;0;0;0;0;0;0;0;0;0;0;0;0;0;0;0;0;1;13;;;;;;
21.10.2024;23:31;A163;1;2;1;0;0;2;2;0;0;0;0;0;5;0;0;0;0;0;0;0;0;0;0;0;0;0;0;0;0;0;0;0;0;0;4;;;;;;
21.10.2024;23:30;A163;1;1;0;2;2;2;2;0;0;0;0;1;28;0;0;0;0;0;0;0;0;0;0;0;0;0;0;0;0;0;0;0;0;1;28;;;;;;
21.10.2024;23:29;A163;1;0;0;1;0;0;0;0;0;0;0;0;0;2;1;0;0;0;0;0;0;0;0;0;0;0;0;0;0;0;0;0;0;0;0;;;;;;
21.10.2024;23:28;A163;1;0;0;1;1;1;0;0;0;0;0;0;0;0;0;0;0;0;0;0;0;0;0;0;0;0;0;0;0;0;0;0;0;0;0;;;;;;
21.10.2024;23:27;A163;1;4;3;2;0;4;41;0;0;0;0;1;33;0;0;0;0;0;0;0;0;0;0;0;0;0;0;0;0;0;0;0;0;1;33;;;;;;
21.10.2024;23:26;A163;1;2;2;1;1;2;2;1;1;0;0;0;0;0;0;0;0;0;0;0;0;0;0;0;0;0;0;0;0;0;0;0;0;0;0;;;;;;
21.10.2024;23:25;A163;1;1;0;1;1;0;0;0;0;1;32;1;1;0;0;0;0;0;0;0;0;0;0;0;0;0;0;0;0;0;0;0;0;1;1;;;;;;
21.10.2024;23:24;A163;1;1;1;1;1;2;2;1;0;0;0;1;0;0;0;0;0;0;0;0;0;0;0;0;0;0;0;0;0;0;0;0;0;1;0;;;;;;
21.10.2024;23:23;A163;1;1;1;1;0;1;1;0;0;2;36;1;0;0;0;1;0;0;0;0;0;0;0;0;0;0;0;0;0;0;0;0;0;1;1;;;;;;
21.10.2024;23:22;A163;1;2;2;0;0;2;1;0;0;0;0;1;23;1;0;0;0;0;0;0;0;0;0;1;0;0;0;0;0;0;0;0;0;1;23;;;;;;
21.10.2024;23:21;A163;1;0;0;0;0;0;0;0;0;0;0;0;0;0;0;0;0;0;0;0;0;0;0;0;0;0;0;0;0;0;0;0;0;0;0;;;;;;
21.10.2024;23:20;A163;1;2;1;3;2;2;2;0;0;0;0;0;0;1;0;0;0;0;0;0;0;0;0;0;0;0;0;0;0;0;0;0;0;0;0;;;;;;
21.10.2024;23:19;A163;1;0;0;1;2;0;0;1;1;0;0;0;0;0;0;0;0;0;0;0;0;0;0;0;0;0;0;0;0;0;0;0;0;0;0;;;;;;
21.10.2024;23:18;A163;1;0;0;0;0;0;0;0;0;0;0;0;0;1;0;0;0;0;0;0;0;0;0;0;0;0;0;0;0;0;0;0;0;0;0;;;;;;
21.10.2024;23:17;A163;1;2;2;0;0;2;34;0;0;1;27;0;0;0;0;0;0;0;0;0;0;0;0;0;0;0;0;0;0;0;0;0;0;0;0;;;;;;
21.10.2024;23:16;A163;1;1;1;2;2;1;23;1;35;1;27;0;0;0;0;0;0;0;0;0;0;0;0;0;0;0;0;0;0;0;0;0;0;0;0;;;;;;
21.10.2024;23:15;A163;1;1;4;3;7;1;5;0;0;0;0;0;0;1;3;0;0;0;0;0;0;0;0;0;0;0;0;0;0;0;0;0;0;0;0;;;;;;
21.10.2024;23:14;A163;1;0;0;0;0;0;0;0;0;0;0;0;0;0;0;0;0;0;0;0;0;0;0;0;0;0;0;0;0;0;0;0;0;0;0;;;;;;
21.10.2024;23:13;A163;1;1;1;1;0;1;1;0;0;0;0;0;0;2;1;0;0;0;0;0;0;0;0;0;0;0;0;0;0;0;0;0;0;0;0;;;;;;
21.10.2024;23:12;A163;1;2;4;2;2;1;26;0;0;0;0;0;0;2;1;0;0;0;0;0;0;0;0;0;0;0;0;0;0;0;0;0;0;0;0;;;;;;
21.10.2024;23:11;A163;1;0;0;0;0;1;18;1;0;1;29;0;0;1;1;0;0;0;0;0;0;0;0;0;0;0;0;0;0;0;0;0;0;0;0;;;;;;
21.10.2024;23:10;A163;1;1;1;0;0;1;3;0;0;0;0;1;32;2;1;0;0;0;0;0;0;0;0;0;0;0;0;0;0;0;0;0;0;1;33;;;;;;
21.10.2024;23:09;A163;1;1;1;0;0;1;1;0;0;0;0;0;0;1;1;0;0;0;0;0;0;0;0;0;0;0;0;0;0;0;0;0;0;0;0;;;;;;
21.10.2024;23:08;A163;1;1;0;0;0;1;0;0;0;1;35;0;0;3;2;0;0;0;0;0;0;0;0;0;0;0;0;0;0;0;0;0;0;0;0;;;;;;
21.10.2024;23:07;A163;1;1;0;2;4;1;1;0;0;0;0;0;0;0;0;0;0;0;0;0;0;0;0;1;0;2;0;0;0;0;0;0;0;0;0;;;;;;
21.10.2024;23:06;A163;1;1;1;1;3;1;1;1;0;0;0;0;0;2;3;0;0;0;0;0;0;0;0;0;0;0;0;0;0;0;0;0;0;0;0;;;;;;
21.10.2024;23:05;A163;1;1;1;1;2;2;2;1;38;0;0;0;0;0;0;0;0;0;0;0;0;0;0;1;0;1;0;0;0;0;0;0;0;0;0;;;;;;
21.10.2024;23:04;A163;1;2;2;1;0;2;31;0;0;0;23;0;0;0;0;0;0;0;0;0;0;0;0;0;0;0;0;0;0;0;0;0;0;0;0;;;;;;
21.10.2024;23:03;A163;1;1;1;0;0;1;1;0;0;1;4;0;0;1;0;0;0;0;0;0;0;0;0;0;0;0;0;0;0;0;0;0;0;0;0;;;;;;
21.10.2024;23:02;A163;1;1;1;0;0;1;1;0;0;0;0;1;34;1;0;0;0;0;0;0;0;0;0;0;0;0;0;0;0;0;0;0;0;1;34;;;;;;
21.10.2024;23:01;A163;1;1;0;1;1;1;1;0;0;0;0;0;0;1;0;0;0;0;0;0;0;0;0;0;0;0;0;0;0;0;0;0;0;0;0;;;;;;
21.10.2024;23:00;A163;1;2;2;0;0;2;2;0;0;0;0;0;0;2;1;0;0;0;0;0;0;0;0;0;0;0;0;0;0;0;0;0;0;0;0;;;;;;
21.10.2024;22:59;A163;1;0;0;1;4;1;4;0;0;0;0;0;0;0;0;2;0;0;0;0;0;0;0;0;0;0;0;0;0;0;0;0;0;0;0;;;;;;
21.10.2024;22:58;A163;1;1;0;3;2;1;0;1;0;0;0;0;0;4;3;0;0;0;0;0;0;0;0;0;0;0;0;0;0;0;0;0;0;0;0;;;;;;
21.10.2024;22:57;A163;1;0;0;1;0;0;0;1;0;0;0;0;0;2;1;0;0;0;0;0;0;0;0;0;0;0;0;0;0;0;0;0;0;0;0;;;;;;
21.10.2024;22:56;A163;1;1;1;0;0;1;10;0;0;2;0;0;0;0;0;0;0;0;0;0;0;0;0;0;0;0;0;0;0;0;0;0;0;0;0;;;;;;
21.10.2024;22:55;A163;1;3;2;1;3;2;3;0;0;0;0;0;0;1;1;0;0;0;0;0;0;0;0;0;0;0;0;0;0;0;0;0;0;0;0;;;;;;
21.10.2024;22:54;A163;1;0;0;0;0;0;0;0;0;0;0;0;0;2;2;0;0;0;0;0;0;0;0;0;0;0;0;0;0;0;0;0;0;0;0;;;;;;
21.10.2024;22:53;A163;1;0;0;2;5;1;1;2;2;0;0;0;0;2;4;0;0;0;0;0;0;0;0;0;0;0;0;0;0;0;0;0;0;0;0;;;;;;
21.10.2024;22:52;A163;1;0;0;1;0;0;0;1;0;0;13;0;0;1;1;0;0;0;0;0;0;0;0;0;0;0;0;0;0;0;0;0;0;0;0;;;;;;
21.10.2024;22:51;A163;1;0;0;0;0;0;0;0;0;1;13;0;0;0;0;0;0;0;0;0;0;0;0;0;0;0;0;0;0;0;0;0;0;0;0;;;;;;
21.10.2024;22:50;A163;1;1;1;0;0;1;1;0;0;2;8;0;15;2;1;0;0;0;0;0;0;0;0;0;0;0;0;0;0;0;0;0;0;0;14;;;;;;
21.10.2024;22:49;A163;1;2;1;2;2;2;2;1;0;0;0;1;17;1;0;0;0;0;0;0;0;0;0;0;0;0;0;0;0;0;0;0;0;1;18;;;;;;
21.10.2024;22:48;A163;1;5;5;3;2;4;4;0;0;0;0;0;0;2;2;0;0;0;0;0;0;0;0;0;0;1;0;0;0;0;0;0;0;0;0;;;;;;
21.10.2024;22:47;A163;1;2;2;2;1;3;4;0;0;0;0;0;0;1;1;0;0;0;0;0;0;0;0;0;0;0;0;0;0;0;0;0;0;0;0;;;;;;
21.10.2024;22:46;A163;1;2;2;2;7;2;22;1;23;4;1;0;0;1;1;0;0;0;0;0;0;0;0;1;0;2;0;0;0;0;0;0;0;0;0;;;;;;
21.10.2024;22:45;A163;1;0;0;1;1;1;1;0;0;0;0;0;0;1;3;0;0;0;0;0;0;0;0;0;0;0;0;0;0;0;0;0;0;0;0;;;;;;
21.10.2024;22:44;A163;1;3;2;3;3;4;4;0;0;0;0;0;0;2;1;0;0;0;0;0;0;0;0;0;0;0;0;0;0;0;0;0;0;0;0;;;;;;
21.10.2024;22:43;A163;1;0;0;0;0;0;0;0;0;1;28;0;0;1;0;0;0;0;0;0;0;0;0;0;0;0;0;0;0;0;0;0;0;0;0;;;;;;
21.10.2024;22:42;A163;1;2;5;3;5;2;34;0;0;1;5;0;0;2;2;0;0;0;0;0;0;0;0;0;0;0;0;0;0;0;0;0;0;0;0;;;;;;
21.10.2024;22:41;A163;1;8;8;5;4;8;9;0;0;0;0;0;0;1;0;0;0;0;0;0;0;0;0;0;0;0;0;0;0;0;0;0;0;0;0;;;;;;
21.10.2024;22:40;A163;1;5;9;3;5;4;45;0;0;0;0;1;5;1;0;0;0;0;0;0;0;0;0;0;0;0;0;0;0;0;0;0;0;1;3;;;;;;
21.10.2024;22:39;A163;1;5;5;3;3;6;25;0;0;0;0;1;29;1;0;0;0;0;0;0;0;0;0;0;0;0;0;0;0;0;0;0;0;1;29;;;;;;
21.10.2024;22:38;A163;1;4;3;4;2;4;4;0;0;0;0;0;0;3;2;0;0;0;0;0;0;0;0;0;0;0;0;0;0;0;0;0;0;0;0;;;;;;
21.10.2024;22:37;A163;1;2;1;2;5;2;2;2;2;0;0;0;0;0;0;0;0;0;0;0;0;0;0;0;0;0;0;0;0;0;0;0;0;0;0;;;;;;
21.10.2024;22:36;A163;1;0;0;1;0;0;0;0;0;0;0;0;0;1;2;0;0;0;0;0;0;0;0;0;0;0;0;0;0;0;0;0;0;0;0;;;;;;
21.10.2024;22:35;A163;1;1;0;1;1;2;1;0;0;0;1;0;0;2;2;0;0;0;0;0;0;0;0;0;0;0;0;0;0;0;0;0;0;0;0;;;;;;
21.10.2024;22:34;A163;1;5;5;1;0;5;47;0;0;4;80;0;0;1;0;0;0;0;0;0;0;0;0;0;0;0;0;0;0;0;0;0;0;0;0;;;;;;
21.10.2024;22:33;A163;1;2;2;1;1;2;3;1;0;0;0;1;0;1;1;0;0;0;0;0;0;0;0;0;0;0;0;0;0;0;0;0;0;1;0;;;;;;
21.10.2024;22:32;A163;1;2;2;1;0;1;1;0;0;0;0;0;0;1;2;0;0;0;0;0;0;0;0;0;0;0;0;0;0;0;0;0;0;0;0;;;;;;
21.10.2024;22:31;A163;1;5;5;1;0;6;6;0;0;0;0;0;0;1;0;0;0;0;0;0;0;0;0;0;0;0;0;0;0;0;0;0;0;0;0;;;;;;
21.10.2024;22:30;A163;1;0;0;1;0;0;0;0;0;0;11;0;0;0;0;0;0;0;0;0;0;0;0;0;0;0;0;0;0;0;0;0;0;0;0;;;;;;
21.10.2024;22:29;A163;1;1;0;3;2;1;1;0;0;1;15;0;0;4;2;0;0;0;0;0;0;0;0;0;0;0;0;0;0;0;0;0;0;0;0;;;;;;
21.10.2024;22:28;A163;1;1;1;0;0;1;1;0;0;0;0;0;0;2;2;0;0;0;0;0;0;0;0;0;0;0;0;0;0;0;0;0;0;0;0;;;;;;
21.10.2024;22:27;A163;1;5;7;0;0;3;4;0;0;0;0;1;34;0;0;0;0;0;0;0;0;0;0;0;0;0;0;0;0;0;0;0;0;1;34;;;;;;
21.10.2024;22:26;A163;1;0;0;0;0;2;9;0;0;1;29;0;0;6;6;0;0;0;0;0;0;0;0;0;0;0;0;0;0;0;0;0;0;0;0;;;;;;
21.10.2024;22:25;A163;1;0;0;0;0;0;0;0;0;1;28;0;0;3;2;0;0;0;0;0;0;0;0;0;0;0;0;0;0;0;0;0;0;0;0;;;;;;
21.10.2024;22:24;A163;1;3;2;5;4;3;3;0;0;0;0;0;0;3;4;0;0;0;0;0;0;0;0;0;0;0;0;0;0;0;0;0;0;0;0;;;;;;
21.10.2024;22:23;A163;1;1;0;2;2;1;1;1;3;0;15;0;0;1;0;0;0;0;0;0;0;0;0;0;0;0;0;0;0;0;0;0;0;0;0;;;;;;
21.10.2024;22:22;A163;1;2;2;3;3;1;26;0;0;1;12;0;0;2;4;1;0;0;0;0;0;0;0;1;0;0;0;0;0;0;0;0;0;0;0;;;;;;
21.10.2024;22:21;A163;1;1;1;0;0;1;11;0;0;0;0;0;0;2;1;3;0;0;0;0;0;0;0;0;0;0;0;0;0;0;0;0;0;0;0;;;;;;
21.10.2024;22:20;A163;1;2;2;1;1;2;37;0;0;1;29;0;0;0;0;0;0;0;0;0;0;0;0;0;0;0;0;0;0;0;0;0;0;0;0;;;;;;
21.10.2024;22:19;A163;1;3;3;1;4;3;28;2;35;0;0;1;0;1;0;0;0;0;0;0;0;0;0;0;0;1;0;0;0;0;0;0;0;1;0;;;;;;
21.10.2024;22:18;A163;1;0;0;1;2;0;0;0;0;2;31;0;0;2;3;0;0;0;0;0;0;0;0;0;0;0;0;0;0;0;0;0;0;0;0;;;;;;
21.10.2024;22:17;A163;1;1;2;0;0;0;0;0;0;0;0;0;0;2;1;0;0;0;0;0;0;0;0;0;0;0;0;0;0;0;0;0;0;0;0;;;;;;
21.10.2024;22:16;A163;1;4;4;4;6;3;4;5;4;1;30;0;0;1;1;0;0;0;0;0;0;0;0;0;0;0;0;0;0;0;0;0;0;0;0;;;;;;
21.10.2024;22:15;A163;1;0;0;1;0;2;28;0;0;1;29;0;0;4;10;0;0;0;0;1;0;1;0;0;0;0;0;0;0;0;0;0;0;0;0;;;;;;
21.10.2024;22:14;A163;1;0;0;0;0;0;0;0;0;0;0;0;0;4;3;0;0;0;0;0;0;0;0;0;0;0;0;0;0;0;0;0;0;0;0;;;;;;
21.10.2024;22:13;A163;1;3;3;2;1;2;39;0;0;1;25;0;0;2;1;0;0;0;0;0;0;0;0;0;0;0;0;0;0;0;0;0;0;0;0;;;;;;
21.10.2024;22:12;A163;1;0;0;1;1;1;32;0;0;1;42;0;0;1;0;0;0;0;0;0;0;0;0;0;0;0;0;0;0;0;0;0;0;0;0;;;;;;
21.10.2024;22:11;A163;1;0;0;0;0;0;0;0;0;1;13;0;0;3;2;0;0;0;0;0;0;0;0;0;0;0;0;0;0;0;0;0;0;0;0;;;;;;
21.10.2024;22:10;A163;1;2;5;2;6;2;51;1;0;0;0;0;0;1;0;0;0;0;0;0;0;0;0;1;0;1;0;0;0;0;0;0;0;0;0;;;;;;
21.10.2024;22:09;A163;1;0;0;1;4;0;0;1;4;0;0;0;0;3;2;0;0;0;0;0;0;0;0;0;0;0;0;0;0;0;0;0;0;0;0;;;;;;
21.10.2024;22:08;A163;1;0;0;0;0;0;0;0;0;0;0;1;24;2;5;0;0;0;0;0;0;0;0;0;0;0;0;0;0;0;0;0;0;2;1;;;;;;
21.10.2024;22:07;A163;1;0;0;1;1;1;0;0;0;0;0;0;0;0;0;0;0;0;0;0;0;0;0;0;0;0;0;0;0;0;0;0;0;0;0;;;;;;
21.10.2024;22:06;A163;1;0;0;2;3;2;3;1;0;0;0;1;34;0;0;0;0;0;0;0;0;0;0;0;0;0;0;0;0;0;0;0;0;1;34;;;;;;
21.10.2024;22:05;A163;1;0;0;0;0;0;0;0;0;0;0;0;0;2;1;0;0;0;0;0;0;0;0;0;0;0;0;0;0;0;0;0;0;0;0;;;;;;
21.10.2024;22:04;A163;1;4;4;4;9;4;7;0;0;0;0;0;0;0;0;0;0;0;0;0;0;0;0;0;0;0;0;0;0;0;0;0;0;0;0;;;;;;
21.10.2024;22:03;A163;1;1;0;1;1;1;1;0;0;0;0;1;33;1;0;0;0;0;0;0;0;0;0;0;0;0;0;0;0;0;0;0;0;1;33;;;;;;
21.10.2024;22:02;A163;1;2;1;2;2;2;42;1;0;1;30;0;37;2;1;0;0;0;0;0;0;0;0;0;0;0;0;0;0;0;0;0;0;0;37;;;;;;
21.10.2024;22:01;A163;1;3;2;2;2;3;27;0;0;0;0;1;12;1;1;0;0;0;0;0;0;0;0;0;0;1;0;0;0;0;0;0;0;1;12;;;;;;
21.10.2024;22:00;A163;1;2;2;0;0;4;29;2;1;2;0;0;0;1;0;0;0;0;0;0;0;0;0;1;0;1;0;0;0;0;0;0;0;0;0;;;;;;
21.10.2024;21:59;A163;1;0;0;0;0;0;0;0;0;0;0;2;0;1;0;0;0;0;0;0;0;0;0;0;0;0;0;0;0;0;0;0;0;2;0;;;;;;
21.10.2024;21:58;A163;1;1;2;0;0;1;42;0;0;0;0;1;32;0;0;0;0;0;0;0;0;0;0;0;0;0;0;0;0;0;0;0;0;1;32;;;;;;
21.10.2024;21:57;A163;1;2;2;1;1;2;2;0;0;0;0;1;0;2;2;0;0;0;0;0;0;0;0;0;0;0;0;0;0;0;0;0;0;0;0;;;;;;
21.10.2024;21:56;A163;1;0;0;1;0;0;0;0;0;0;0;0;0;3;2;0;0;0;0;0;0;0;0;0;0;0;0;0;0;0;0;0;0;1;0;;;;;;
21.10.2024;21:55;A163;1;2;2;3;2;1;55;0;0;1;29;0;0;2;3;0;0;0;0;0;0;0;0;0;0;0;0;0;0;0;0;0;0;0;0;;;;;;
21.10.2024;21:54;A163;1;2;1;2;0;3;12;1;0;0;0;1;31;2;2;0;0;0;0;0;0;0;0;0;0;0;0;0;0;0;0;0;0;1;30;;;;;;
21.10.2024;21:53;A163;1;0;0;1;1;0;0;1;1;0;0;0;0;1;0;0;0;0;0;0;0;0;0;0;0;0;0;0;0;0;0;0;0;0;0;;;;;;
21.10.2024;21:52;A163;1;1;3;2;7;0;0;2;3;0;0;1;0;4;7;0;0;0;0;0;0;0;0;0;0;0;0;0;0;0;0;0;0;1;0;;;;;;
21.10.2024;21:51;A163;1;0;0;1;0;1;15;0;0;0;3;0;0;3;6;1;0;0;0;0;0;0;0;1;0;1;0;0;0;0;0;0;0;0;0;;;;;;
21.10.2024;21:50;A163;1;1;0;1;0;1;1;0;0;1;24;0;0;0;0;0;0;0;0;0;0;0;0;0;0;0;0;0;0;0;0;0;0;0;0;;;;;;
21.10.2024;21:49;A163;1;3;3;1;0;3;26;0;0;2;25;1;34;1;1;0;0;0;0;0;0;0;0;0;0;0;0;0;0;0;0;0;0;1;34;;;;;;
21.10.2024;21:48;A163;1;1;0;3;5;1;0;1;3;0;0;0;0;2;6;0;0;0;0;0;0;0;0;2;0;0;0;0;0;0;0;0;0;0;0;;;;;;
21.10.2024;21:47;A163;1;4;4;1;0;3;3;0;0;0;0;0;0;3;2;0;0;0;0;0;0;0;0;0;0;0;0;0;0;0;0;0;0;0;0;;;;;;
21.10.2024;21:46;A163;1;2;1;4;4;3;48;0;0;2;36;0;0;1;1;0;0;0;0;0;0;0;0;0;0;0;0;0;0;0;0;0;0;0;0;;;;;;
21.10.2024;21:45;A163;1;2;5;1;3;1;1;0;0;1;31;1;33;3;3;0;0;0;0;0;0;0;0;0;0;0;0;0;0;0;0;0;0;1;34;;;;;;
21.10.2024;21:44;A163;1;1;3;2;6;3;9;1;1;0;0;1;31;1;0;0;0;0;0;0;0;0;0;0;0;0;0;0;0;0;0;0;0;1;31;;;;;;
21.10.2024;21:43;A163;1;2;2;3;4;1;26;0;0;2;29;2;5;3;4;0;0;0;0;0;0;0;0;0;0;0;0;0;0;0;0;0;0;2;4;;;;;;
21.10.2024;21:42;A163;1;1;0;1;1;2;19;0;0;1;28;1;1;0;0;0;0;0;0;0;0;0;0;0;0;0;0;0;0;0;0;0;0;1;2;;;;;;
21.10.2024;21:41;A163;1;1;1;1;0;2;29;1;0;0;3;0;0;1;0;0;0;0;0;0;0;0;0;0;0;0;0;0;0;0;0;0;0;0;0;;;;;;
21.10.2024;21:40;A163;1;2;2;1;1;2;3;1;0;1;23;0;0;2;1;0;0;0;0;0;0;0;0;0;0;0;0;0;0;0;0;0;0;0;0;;;;;;
21.10.2024;21:39;A163;1;1;1;1;0;1;1;0;0;2;50;1;42;3;3;0;0;0;0;0;0;2;0;0;0;0;0;0;0;0;0;0;0;1;3;;;;;;
21.10.2024;21:38;A163;1;1;0;0;0;0;0;0;0;1;14;0;0;4;3;0;0;0;0;0;0;0;0;1;0;0;0;0;0;0;0;0;0;0;0;;;;;;
21.10.2024;21:37;A163;1;0;0;2;6;1;0;3;3;0;0;0;0;1;3;2;0;0;0;0;0;0;0;0;0;0;0;0;0;0;0;0;0;0;0;;;;;;
21.10.2024;21:36;A163;1;0;0;1;4;0;0;0;0;2;0;0;0;0;0;0;0;0;0;0;0;0;0;0;0;0;0;0;0;0;0;0;0;0;0;;;;;;
21.10.2024;21:35;A163;1;1;0;1;1;1;29;1;2;1;0;0;0;2;4;0;0;0;0;0;0;0;0;0;0;0;0;0;0;0;0;0;0;0;0;;;;;;
21.10.2024;21:34;A163;1;0;0;0;0;0;0;0;0;0;0;1;35;1;0;0;0;0;0;0;0;0;0;0;0;0;0;0;0;0;0;0;0;1;36;;;;;;
21.10.2024;21:33;A163;1;1;0;1;0;1;12;0;0;0;25;0;0;0;0;0;0;0;0;0;0;0;0;0;0;0;0;0;0;0;0;0;0;0;0;;;;;;
21.10.2024;21:32;A163;1;2;3;0;0;2;27;0;0;3;33;0;0;1;1;0;0;0;0;0;0;0;0;0;0;0;0;0;0;0;0;0;0;0;0;;;;;;
21.10.2024;21:31;A163;1;1;1;2;3;1;31;0;0;0;0;0;0;3;2;0;0;0;0;0;0;0;0;1;0;1;0;0;0;0;0;0;0;0;0;;;;;;
21.10.2024;21:30;A163;1;0;0;0;0;1;1;0;0;0;0;0;0;4;3;0;0;1;0;0;0;0;0;0;0;0;0;0;0;0;0;0;0;0;0;;;;;;
21.10.2024;21:29;A163;1;0;0;0;0;0;0;0;0;1;30;0;0;3;2;1;0;1;0;0;0;0;0;0;0;0;0;0;0;0;0;0;0;0;0;;;;;;
21.10.2024;21:28;A163;1;1;1;0;0;1;1;0;0;0;0;0;0;1;1;0;0;0;0;0;0;0;0;0;0;0;0;0;0;0;0;0;0;0;0;;;;;;
21.10.2024;21:27;A163;1;1;0;1;1;1;0;0;0;0;0;0;0;0;0;0;0;0;0;0;0;0;0;0;0;0;0;0;0;0;0;0;0;0;0;;;;;;
21.10.2024;21:26;A163;1;2;2;2;2;2;9;0;0;1;6;0;0;1;0;0;0;0;0;0;0;0;0;0;0;0;0;0;0;0;0;0;0;0;0;;;;;;
21.10.2024;21:25;A163;1;1;0;2;2;1;1;0;0;1;25;0;0;3;4;0;0;0;0;0;0;0;0;0;0;0;0;0;0;0;0;0;0;0;0;;;;;;
21.10.2024;21:24;A163;1;1;1;3;4;1;1;0;26;1;4;0;0;2;1;1;0;1;0;0;0;0;0;0;0;0;0;0;0;0;0;0;0;0;0;;;;;;
21.10.2024;21:23;A163;1;1;1;1;3;1;1;2;5;1;26;0;0;1;1;0;0;0;0;0;0;0;0;0;0;0;0;0;0;0;0;0;0;0;0;;;;;;
21.10.2024;21:22;A163;1;3;3;2;0;3;3;0;0;0;0;2;0;5;7;2;0;0;0;0;0;0;0;0;0;0;0;0;0;0;0;0;0;2;0;;;;;;
21.10.2024;21:21;A163;1;1;1;0;0;1;1;0;0;0;0;0;0;4;2;0;0;0;0;0;0;0;0;0;0;0;0;0;0;0;0;0;0;0;0;;;;;;
21.10.2024;21:20;A163;1;1;1;2;1;1;1;0;0;1;28;0;0;1;0;1;0;0;0;0;0;0;0;0;0;0;0;0;0;0;0;0;0;0;0;;;;;;
21.10.2024;21:19;A163;1;3;3;2;1;3;44;0;0;0;0;1;0;5;6;0;0;0;0;0;0;0;0;0;0;0;0;0;0;0;0;0;0;1;0;;;;;;
21.10.2024;21:18;A163;1;3;2;1;1;2;2;0;0;1;28;0;0;2;1;0;0;0;0;0;0;0;0;0;0;0;0;0;0;0;0;0;0;0;0;;;;;;
21.10.2024;21:17;A163;1;5;4;3;4;3;3;1;3;0;0;0;0;3;4;0;0;0;0;0;0;0;0;0;0;0;0;0;0;0;0;0;0;0;0;;;;;;
21.10.2024;21:16;A163;1;4;5;1;1;5;27;2;2;1;26;0;0;3;2;0;0;0;0;0;0;0;0;0;0;1;0;0;0;0;0;0;0;0;0;;;;;;
21.10.2024;21:15;A163;1;0;0;2;4;0;0;0;0;0;0;0;11;4;7;0;0;0;0;0;0;0;0;0;0;0;0;0;0;0;0;0;0;0;11;;;;;;
21.10.2024;21:14;A163;1;2;6;1;5;2;24;1;2;0;0;2;21;1;1;0;0;0;0;0;0;0;0;1;0;1;0;0;0;0;0;0;0;2;23;;;;;;
21.10.2024;21:13;A163;1;6;15;3;13;6;23;1;3;1;3;0;0;2;2;0;0;0;0;0;0;0;0;0;0;0;0;0;0;0;0;0;0;0;0;;;;;;
21.10.2024;21:12;A163;1;3;3;3;2;4;33;0;0;1;24;0;0;4;5;0;0;0;0;0;0;0;0;0;0;2;0;0;0;0;0;0;0;0;0;;;;;;
21.10.2024;21:11;A163;1;1;0;0;0;1;0;0;0;1;28;0;0;1;0;0;0;0;0;0;0;1;0;0;0;0;0;0;0;0;0;0;0;0;0;;;;;;
21.10.2024;21:10;A163;1;3;3;3;3;2;2;2;2;1;29;0;0;2;1;0;0;0;0;0;0;0;0;0;0;0;0;0;0;0;0;0;0;0;0;;;;;;
21.10.2024;21:09;A163;1;2;2;0;0;3;4;1;1;0;0;0;0;0;0;0;0;0;0;0;0;0;0;0;0;0;0;0;0;0;0;0;0;0;0;;;;;;
21.10.2024;21:08;A163;1;2;2;3;3;3;6;1;1;0;0;0;0;3;4;0;0;0;0;0;0;0;0;0;0;0;0;0;0;0;0;0;0;0;0;;;;;;
21.10.2024;21:07;A163;1;1;1;0;1;1;11;0;0;1;47;2;33;1;1;0;0;0;0;0;0;0;0;0;0;0;0;0;0;0;0;0;0;2;34;;;;;;
21.10.2024;21:06;A163;1;6;4;2;1;4;27;1;1;0;0;0;0;0;0;0;0;0;0;0;0;0;0;0;0;0;0;0;0;0;0;0;0;0;0;;;;;;
21.10.2024;21:05;A163;1;0;0;1;0;1;22;0;0;3;67;0;0;1;0;2;0;2;0;0;0;0;0;0;0;0;0;0;0;0;0;0;0;0;0;;;;;;
21.10.2024;21:04;A163;1;3;4;2;7;3;32;1;7;0;0;2;0;5;4;0;0;0;0;0;0;0;0;0;0;0;0;0;0;0;0;0;0;0;0;;;;;;
21.10.2024;21:03;A163;1;3;2;5;7;3;3;2;7;1;30;1;0;1;1;0;0;0;0;0;0;0;0;0;0;0;0;0;0;0;0;0;0;1;0;;;;;;
21.10.2024;21:02;A163;1;0;0;1;0;0;0;1;0;0;0;1;33;1;0;0;0;0;0;0;0;0;0;0;0;0;0;0;0;0;0;0;0;1;33;;;;;;
21.10.2024;21:01;A163;1;1;1;1;1;1;16;2;1;0;0;0;0;1;1;0;0;0;0;0;0;0;0;0;0;0;0;0;0;0;0;0;0;0;0;;;;;;
21.10.2024;21:00;A163;1;0;0;0;0;0;0;0;0;2;0;0;0;4;4;0;0;1;0;0;0;0;0;0;0;0;0;0;0;0;0;0;0;0;0;;;;;;
21.10.2024;20:59;A163;1;2;46;1;2;2;13;1;22;0;0;1;1;1;0;2;0;2;0;0;0;0;0;0;0;0;0;0;0;0;0;0;0;1;1;;;;;;
21.10.2024;20:58;A163;1;3;2;2;1;3;3;0;0;1;28;0;0;2;2;0;0;0;0;0;0;0;0;0;0;0;0;0;0;0;0;0;0;0;0;;;;;;
21.10.2024;20:57;A163;1;2;2;1;45;2;20;1;0;1;3;1;0;5;8;0;0;0;0;0;0;0;0;0;0;0;0;0;0;0;0;0;0;0;0;;;;;;
21.10.2024;20:56;A163;1;0;0;1;2;0;0;1;39;1;13;0;0;1;0;0;0;0;0;0;0;0;0;0;0;0;0;0;0;0;0;0;0;0;0;;;;;;
21.10.2024;20:55;A163;1;2;2;1;1;2;2;2;7;1;17;0;0;2;2;0;0;0;0;0;0;0;0;0;0;0;0;0;0;0;0;0;0;0;0;;;;;;
21.10.2024;20:54;A163;1;3;4;1;1;4;19;1;0;1;26;0;0;0;0;0;0;0;0;0;0;0;0;0;0;0;0;0;0;0;0;0;0;0;0;;;;;;
21.10.2024;20:53;A163;1;1;1;2;4;1;1;1;4;0;0;0;0;5;6;0;0;0;0;0;0;0;0;0;0;0;0;0;0;0;0;0;0;0;0;;;;;;
21.10.2024;20:52;A163;1;4;4;1;0;4;4;0;0;0;20;0;0;4;3;0;0;0;0;0;0;0;0;0;0;0;0;0;0;0;0;0;0;0;0;;;;;;
21.10.2024;20:51;A163;1;1;1;0;0;2;2;0;0;1;9;0;0;2;1;0;0;0;0;0;0;0;0;0;0;0;0;0;0;0;0;0;0;0;0;;;;;;
21.10.2024;20:50;A163;1;2;2;1;0;2;40;0;0;0;0;0;0;2;1;1;0;1;0;0;0;0;0;0;0;0;0;0;0;0;0;0;0;0;0;;;;;;
21.10.2024;20:49;A163;1;2;1;3;3;3;2;1;0;0;0;0;0;0;0;0;0;0;0;0;0;0;0;0;0;0;0;0;0;0;0;0;0;0;0;;;;;;
21.10.2024;20:48;A163;1;3;4;1;0;3;25;0;0;0;0;0;9;1;1;0;0;0;0;0;0;0;0;0;0;0;0;0;0;0;0;0;0;0;8;;;;;;
21.10.2024;20:47;A163;1;3;8;3;7;2;27;0;0;0;0;1;23;1;0;0;0;0;0;0;0;0;0;0;0;0;0;0;0;0;0;0;0;1;23;;;;;;
21.10.2024;20:46;A163;1;3;4;2;4;2;18;2;0;2;56;0;0;4;5;0;0;0;0;0;0;0;0;0;0;0;0;0;0;0;0;0;0;0;0;;;;;;
21.10.2024;20:45;A163;1;1;1;0;0;3;41;0;0;0;0;1;32;3;3;0;0;0;0;0;0;0;0;1;0;0;0;0;0;0;0;0;0;1;32;;;;;;
21.10.2024;20:44;A163;1;4;4;3;3;4;31;2;22;2;6;1;19;2;1;0;0;0;0;0;0;0;0;0;0;0;0;0;0;0;0;0;0;1;18;;;;;;
21.10.2024;20:43;A163;1;4;11;5;12;3;69;1;4;1;53;1;28;4;3;0;0;0;0;0;0;0;0;0;0;0;0;0;0;0;0;0;0;1;29;;;;;;
21.10.2024;20:42;A163;1;3;3;0;0;4;66;0;0;3;74;1;61;2;2;0;0;0;0;0;0;0;0;0;0;0;0;0;0;0;0;0;0;1;61;;;;;;
21.10.2024;20:41;A163;1;2;2;4;27;1;15;2;10;1;28;1;0;4;4;0;0;0;0;0;0;0;0;0;0;0;0;0;0;0;0;0;0;1;0;;;;;;
21.10.2024;20:40;A163;1;1;1;1;3;2;2;1;3;0;0;0;0;3;2;0;0;0;0;0;0;0;0;0;0;0;0;0;0;0;0;0;0;0;0;;;;;;
21.10.2024;20:39;A163;1;4;6;1;4;3;6;0;0;0;0;1;32;6;9;0;0;0;0;0;0;0;0;0;0;0;0;0;0;0;0;0;0;1;32;;;;;;
21.10.2024;20:38;A163;1;9;10;6;8;8;9;1;0;1;32;0;0;5;7;0;0;0;0;0;0;0;0;0;0;0;0;0;0;0;0;0;0;0;0;;;;;;
21.10.2024;20:37;A163;1;5;5;4;5;5;53;1;1;2;29;1;35;3;3;0;0;0;0;0;0;0;0;0;0;0;0;0;0;0;0;0;0;1;35;;;;;;
21.10.2024;20:36;A163;1;2;2;1;0;3;33;1;41;2;30;0;0;3;3;0;0;0;0;0;0;0;0;0;0;0;0;0;0;0;0;0;0;0;0;;;;;;
21.10.2024;20:35;A163;1;2;2;2;4;1;1;2;2;0;0;1;3;2;1;0;0;0;0;0;0;0;0;1;0;6;1;0;0;0;0;0;0;1;3;;;;;;
21.10.2024;20:34;A163;1;3;4;2;6;3;24;1;24;0;0;1;31;4;4;0;0;0;0;0;0;0;0;0;0;0;0;0;0;0;0;0;0;1;31;;;;;;
21.10.2024;20:33;A163;1;0;0;0;0;1;28;1;14;1;35;0;0;2;1;1;0;2;0;0;0;0;0;1;0;0;0;0;0;0;0;0;0;0;0;;;;;;
21.10.2024;20:32;A163;1;3;3;1;1;2;17;0;0;0;0;0;0;2;1;0;0;0;0;0;0;0;0;0;0;0;0;0;0;0;0;0;0;0;0;;;;;;
21.10.2024;20:31;A163;1;3;4;1;18;3;58;1;51;1;34;1;1;3;4;0;0;0;0;0;0;0;0;0;0;0;0;0;0;0;0;0;0;1;1;;;;;;
21.10.2024;20:30;A163;1;4;4;1;1;4;45;1;14;0;0;2;75;3;2;0;0;0;0;0;0;0;0;0;0;0;0;0;0;0;0;0;0;2;75;;;;;;
21.10.2024;20:29;A163;1;3;3;0;0;3;28;0;0;0;0;0;0;1;1;0;0;1;0;0;0;0;0;0;0;0;0;0;0;0;0;0;0;1;0;;;;;;
21.10.2024;20:28;A163;1;1;0;1;1;2;58;0;0;0;0;0;47;2;2;0;0;0;0;0;0;0;0;1;0;0;0;0;0;0;0;0;0;0;46;;;;;;
21.10.2024;20:27;A163;1;3;2;3;2;4;4;0;0;1;1;1;21;1;0;0;0;0;0;0;0;0;0;0;0;0;0;0;0;0;0;0;0;1;22;;;;;;
21.10.2024;20:26;A163;1;2;2;0;0;2;2;1;0;0;0;0;0;8;6;0;0;0;0;0;0;0;0;0;0;0;0;0;0;0;0;0;0;0;0;;;;;;
21.10.2024;20:25;A163;1;0;0;0;0;0;0;0;0;0;0;1;2;1;1;0;0;0;0;0;0;0;0;0;0;0;0;0;0;0;0;0;0;1;2;;;;;;
21.10.2024;20:24;A163;1;3;4;4;7;3;3;2;2;0;0;1;0;3;5;2;0;0;0;0;0;0;0;0;0;0;0;0;0;0;0;0;0;0;0;;;;;;
21.10.2024;20:23;A163;1;5;5;3;5;5;5;1;4;0;0;0;0;3;2;0;0;0;0;0;0;0;0;0;0;0;0;0;0;0;0;0;0;1;0;;;;;;
21.10.2024;20:22;A163;1;3;3;3;3;1;20;2;1;0;0;0;0;4;8;0;0;0;0;0;0;0;0;0;0;0;0;0;0;0;0;0;0;0;0;;;;;;
21.10.2024;20:21;A163;1;4;5;2;2;3;60;0;0;1;1;1;0;4;3;0;0;0;0;0;0;0;0;0;0;1;0;0;0;0;0;0;0;1;0;;;;;;
21.10.2024;20:20;A163;1;0;0;0;0;2;72;3;87;0;0;1;2;0;0;0;0;0;0;0;0;0;0;0;0;0;0;0;0;0;0;0;0;1;2;;;;;;
21.10.2024;20:19;A163;1;4;63;1;3;4;23;0;0;0;0;0;0;1;4;1;0;0;0;0;0;0;0;0;0;0;0;0;0;0;0;0;0;0;0;;;;;;
21.10.2024;20:18;A163;1;4;9;2;6;3;75;0;0;0;0;0;0;0;0;0;0;0;0;0;0;0;0;2;0;0;0;0;0;0;0;0;0;0;0;;;;;;
21.10.2024;20:17;A163;1;5;5;2;3;5;64;0;46;1;57;0;0;4;3;0;0;0;0;0;0;0;0;0;0;0;0;0;0;0;0;0;0;0;0;;;;;;
21.10.2024;20:16;A163;1;3;8;2;4;4;46;3;6;2;71;2;3;3;2;0;0;0;0;0;0;0;0;2;0;2;0;0;0;0;0;0;0;2;3;;;;;;
21.10.2024;20:15;A163;1;2;3;1;8;0;11;1;17;2;17;1;0;1;0;0;0;0;0;0;0;0;0;0;0;0;0;0;0;0;0;0;0;1;0;;;;;;
21.10.2024;20:14;A163;1;1;1;1;2;1;4;1;60;1;1;2;2;5;5;0;0;0;0;0;0;0;0;0;0;0;0;0;0;0;0;0;0;2;2;;;;;;
21.10.2024;20:13;A163;1;1;1;1;0;1;77;1;64;0;0;1;1;3;3;0;0;0;0;0;0;0;0;0;0;0;0;0;0;0;0;0;0;1;0;;;;;;
21.10.2024;20:12;A163;1;2;7;3;11;3;75;2;3;0;0;0;0;2;1;0;0;0;0;0;0;0;0;1;0;1;0;0;0;0;0;0;0;0;0;;;;;;
21.10.2024;20:11;A163;1;4;6;2;9;3;68;1;11;0;0;1;3;4;6;0;0;0;0;0;0;0;0;0;0;1;0;0;0;0;0;0;0;1;3;;;;;;
21.10.2024;20:10;A163;1;2;2;1;0;3;15;1;0;1;59;1;34;3;5;0;0;0;0;0;0;0;0;0;0;0;0;0;0;0;0;0;0;1;35;;;;;;
21.10.2024;20:09;A163;1;4;5;3;12;4;35;1;34;2;37;0;0;4;3;0;0;0;0;0;0;0;0;1;0;0;0;0;0;0;0;0;0;0;0;;;;;;
21.10.2024;20:08;A163;1;1;1;2;5;1;59;2;15;1;14;0;0;3;7;1;0;0;0;0;0;0;0;0;0;1;0;0;0;0;0;0;0;0;0;;;;;;
21.10.2024;20:07;A163;1;2;2;2;9;3;40;2;5;0;0;2;31;7;9;0;0;0;0;0;0;0;0;1;0;1;0;0;0;0;0;0;0;2;16;;;;;;
21.10.2024;20:06;A163;1;1;1;0;0;1;56;0;0;1;31;0;0;3;4;0;0;0;0;0;0;0;0;0;0;0;0;0;0;0;0;0;0;0;0;;;;;;
21.10.2024;20:05;A163;1;2;3;4;10;3;50;3;53;1;33;2;19;1;1;0;0;0;0;0;0;0;0;1;0;1;0;0;0;0;0;0;0;2;18;;;;;;
21.10.2024;20:04;A163;1;3;3;1;2;3;44;1;1;1;46;2;41;1;0;0;0;0;0;0;0;0;0;1;0;0;0;0;0;0;0;0;0;2;41;;;;;;
21.10.2024;20:03;A163;1;5;6;2;2;4;53;0;0;1;12;0;0;4;3;0;0;0;0;0;0;0;0;0;0;0;0;0;0;0;0;0;0;0;0;;;;;;
21.10.2024;20:02;A163;1;5;5;1;2;5;46;2;4;0;0;0;0;7;17;1;0;2;0;0;0;0;0;1;0;0;0;0;0;0;0;0;0;0;0;;;;;;
21.10.2024;20:01;A163;1;2;3;1;1;3;5;0;0;2;74;0;0;3;2;0;0;0;0;0;0;0;0;0;0;1;0;0;0;0;0;0;0;0;0;;;;;;
21.10.2024;20:00;A163;1;2;1;2;14;3;46;1;40;1;28;0;0;3;3;2;0;0;0;0;0;0;0;0;0;0;0;0;0;0;0;0;0;0;0;;;;;;
21.10.2024;19:59;A163;1;6;6;1;3;5;34;0;26;0;0;1;1;2;1;0;0;0;0;0;0;0;0;1;0;1;0;0;0;0;0;0;0;1;1;;;;;;
21.10.2024;19:58;A163;1;1;0;2;1;1;8;1;14;4;45;1;62;4;3;0;0;0;0;0;0;0;0;0;0;0;0;0;0;0;0;0;0;1;61;;;;;;
21.10.2024;19:57;A163;1;3;3;2;2;4;25;1;1;0;12;1;4;1;0;0;0;0;0;0;0;0;0;0;0;0;0;0;0;0;0;0;0;1;5;;;;;;
21.10.2024;19:56;A163;1;4;4;2;1;4;16;0;0;1;87;0;0;2;1;0;0;0;0;0;0;0;0;0;0;0;0;0;0;0;0;0;0;0;0;;;;;;
21.10.2024;19:55;A163;1;4;4;3;7;2;2;0;0;0;0;2;0;3;4;0;0;0;0;0;0;0;0;0;0;0;0;0;0;0;0;0;0;1;0;;;;;;
21.10.2024;19:54;A163;1;4;4;1;0;5;84;0;0;0;0;0;0;4;4;0;0;0;0;0;0;0;0;0;0;0;0;0;0;0;0;0;0;0;0;;;;;;
21.10.2024;19:53;A163;1;5;6;3;6;6;22;1;4;1;76;0;0;7;14;0;0;0;0;0;0;0;0;1;0;0;0;0;0;0;0;0;0;0;0;;;;;;
21.10.2024;19:52;A163;1;1;1;3;1;1;1;0;0;2;36;1;47;3;2;0;0;0;0;0;0;0;0;0;0;0;0;0;0;0;0;0;0;1;48;;;;;;
21.10.2024;19:51;A163;1;2;2;1;2;2;87;1;18;3;0;1;2;3;2;0;0;0;0;0;0;0;0;0;0;0;0;0;0;0;0;0;0;1;3;;;;;;
21.10.2024;19:50;A163;1;5;7;2;9;5;32;2;18;0;0;2;1;3;2;0;0;0;0;0;0;0;0;0;0;0;0;0;0;0;0;0;0;3;1;;;;;;
21.10.2024;19:49;A163;1;3;4;4;5;1;1;2;2;0;0;3;2;5;3;0;0;0;0;0;0;0;0;0;0;0;0;0;0;0;0;0;0;3;2;;;;;;
21.10.2024;19:48;A163;1;3;2;1;3;5;42;0;0;1;1;1;11;0;0;0;0;0;0;0;0;0;0;0;0;0;0;0;0;0;0;0;0;1;10;;;;;;
21.10.2024;19:47;A163;1;5;8;3;7;5;33;0;28;0;0;1;73;7;8;1;0;0;0;0;0;0;0;0;0;0;0;0;0;0;0;0;0;1;74;;;;;;
21.10.2024;19:46;A163;1;0;0;0;0;0;0;1;43;1;1;1;0;3;2;0;0;0;0;0;0;0;0;0;0;0;0;0;0;0;0;0;0;1;0;;;;;;
21.10.2024;19:45;A163;1;3;3;1;2;2;85;1;25;1;1;0;0;3;6;0;0;0;0;1;0;0;0;0;0;0;0;0;0;0;0;0;0;0;0;;;;;;
21.10.2024;19:44;A163;1;6;6;3;7;7;26;3;3;0;0;0;0;2;1;0;0;0;0;0;0;0;0;1;0;2;0;0;0;0;0;0;0;0;0;;;;;;
21.10.2024;19:43;A163;1;3;4;2;1;0;1;0;0;2;66;0;0;5;9;0;0;0;0;0;0;0;0;0;0;0;0;0;0;0;0;0;0;0;0;;;;;;
21.10.2024;19:42;A163;1;5;8;3;13;8;80;2;26;1;9;1;1;3;3;0;0;0;0;0;0;0;0;0;0;1;0;0;0;0;0;0;0;1;1;;;;;;
21.10.2024;19:41;A163;1;5;6;5;6;5;36;1;1;0;0;0;0;6;6;0;0;0;0;0;0;0;0;0;0;0;0;0;0;0;0;0;0;0;0;;;;;;
21.10.2024;19:40;A163;1;3;7;3;7;4;8;3;3;0;64;5;73;1;0;0;0;0;0;0;0;0;0;0;0;0;0;0;0;0;0;0;0;5;14;;;;;;
21.10.2024;19:39;A163;1;3;3;1;1;3;23;2;28;1;50;2;36;2;5;0;0;0;0;0;0;0;0;1;0;3;0;0;0;0;0;0;0;1;0;;;;;;
21.10.2024;19:38;A163;1;4;5;0;0;3;35;0;0;1;27;0;0;2;5;0;0;0;0;0;0;0;0;0;0;0;0;0;0;0;0;0;0;0;0;;;;;;
21.10.2024;19:37;A163;1;4;5;2;2;4;56;1;1;1;42;1;1;4;2;0;0;0;0;0;0;0;0;0;0;0;0;0;0;0;0;0;0;1;1;;;;;;
21.10.2024;19:36;A163;1;3;2;2;9;4;26;2;3;1;14;1;1;2;1;0;0;0;0;0;0;0;0;1;0;0;0;0;0;0;0;0;0;1;1;;;;;;
21.10.2024;19:35;A163;1;2;2;2;3;2;11;1;1;1;12;0;0;2;1;0;0;1;0;0;0;0;0;0;0;1;0;0;0;0;0;0;0;0;0;;;;;;
21.10.2024;19:34;A163;1;3;3;1;10;1;1;0;0;1;10;0;0;0;0;1;0;1;0;0;0;0;0;0;0;0;0;0;0;0;0;0;0;0;0;;;;;;
21.10.2024;19:33;A163;1;3;3;1;91;4;84;1;23;1;20;1;0;3;3;0;0;0;0;0;0;0;0;0;0;0;0;0;0;0;0;0;0;1;0;;;;;;
21.10.2024;19:32;A163;1;2;1;1;22;3;30;1;0;0;0;0;0;5;5;0;0;0;0;0;0;0;0;0;0;0;0;0;0;0;0;0;0;0;0;;;;;;
21.10.2024;19:31;A163;1;2;2;0;0;2;3;0;0;0;0;2;1;4;2;0;0;0;0;0;0;0;0;0;0;0;0;0;0;0;0;0;0;2;1;;;;;;
21.10.2024;19:30;A163;1;2;2;2;10;2;10;3;83;3;20;0;0;1;0;0;0;0;0;0;0;0;0;0;0;1;0;0;0;0;0;0;0;0;0;;;;;;
21.10.2024;19:29;A163;1;0;0;1;0;0;0;0;0;1;80;1;1;7;6;0;0;0;0;0;0;0;0;0;0;0;0;0;0;0;0;0;0;1;1;;;;;;
21.10.2024;19:28;A163;1;1;1;3;3;0;0;2;2;1;49;1;25;5;5;0;0;0;0;0;0;0;0;0;0;0;0;0;0;0;0;0;0;1;26;;;;;;
21.10.2024;19:27;A163;1;4;4;1;0;5;20;0;0;1;15;0;18;3;3;0;0;0;0;0;0;0;0;0;0;0;0;0;0;0;0;0;0;0;17;;;;;;
21.10.2024;19:26;A163;1;5;4;4;8;5;44;4;2;1;81;1;49;3;2;0;0;0;0;0;0;0;0;2;0;0;0;0;0;0;0;0;0;1;50;;;;;;
21.10.2024;19:25;A163;1;1;1;1;9;1;16;1;0;1;14;1;3;7;9;0;0;0;0;0;0;0;0;0;0;0;0;0;0;0;0;0;0;0;66;;;;;;
21.10.2024;19:24;A163;1;3;4;2;11;4;41;2;39;0;0;1;1;4;6;0;0;0;0;0;0;0;0;0;0;0;0;0;0;0;0;0;0;2;9;;;;;;
21.10.2024;19:23;A163;1;13;22;2;2;12;51;0;0;0;0;0;0;3;10;0;0;0;0;0;0;0;0;1;0;0;0;0;0;0;0;0;0;0;0;;;;;;
21.10.2024;19:22;A163;1;1;1;1;0;2;52;0;0;1;2;3;1;6;6;0;0;0;0;0;0;0;0;0;0;0;0;0;0;0;0;0;0;2;1;;;;;;
21.10.2024;19:21;A163;1;5;4;1;1;5;53;1;41;0;12;0;0;0;0;1;0;0;0;0;0;0;0;0;0;0;0;0;0;0;0;0;0;0;0;;;;;;
21.10.2024;19:20;A163;1;3;3;4;2;3;3;1;0;3;2;0;0;4;3;0;0;0;0;0;0;0;0;2;0;1;0;0;0;0;0;0;0;0;0;;;;;;
21.10.2024;19:19;A163;1;8;9;4;4;6;8;2;4;0;0;0;0;5;4;0;0;0;0;0;0;0;0;1;0;1;0;0;0;0;0;0;0;0;0;;;;;;
21.10.2024;19:18;A163;1;3;3;2;2;4;30;0;0;1;8;2;0;5;4;0;0;0;0;0;0;0;0;0;0;0;0;0;0;0;0;0;0;2;0;;;;;;
21.10.2024;19:17;A163;1;4;41;2;8;3;25;0;0;1;1;0;0;4;13;0;0;0;0;0;0;0;0;0;0;0;0;0;0;0;0;0;0;0;0;;;;;;
21.10.2024;19:16;A163;1;3;35;0;0;2;6;0;0;0;0;2;34;4;2;0;0;0;0;0;0;0;0;0;0;0;0;0;0;0;0;0;0;2;34;;;;;;
21.10.2024;19:15;A163;1;3;3;2;5;5;76;0;0;1;13;0;0;4;3;0;0;0;0;0;0;0;0;0;0;0;0;0;0;0;0;0;0;0;0;;;;;;
21.10.2024;19:14;A163;1;8;8;2;1;8;12;0;0;1;32;0;0;7;12;0;0;0;0;0;0;0;0;0;0;1;0;0;0;0;0;0;0;0;0;;;;;;
21.10.2024;19:13;A163;1;7;10;3;8;4;6;0;0;1;50;0;0;2;2;0;0;1;0;0;0;0;0;1;0;1;0;0;0;0;0;0;0;0;0;;;;;;
21.10.2024;19:12;A163;1;2;6;1;9;5;79;1;13;1;19;0;0;5;6;0;0;0;0;0;0;0;0;0;0;0;0;0;0;0;0;0;0;0;0;;;;;;
21.10.2024;19:11;A163;1;6;11;5;7;5;47;1;0;3;19;0;0;5;5;0;0;0;0;0;0;0;0;0;0;0;0;0;0;0;0;0;0;0;0;;;;;;
21.10.2024;19:10;A163;1;12;17;2;0;11;67;0;0;1;0;0;0;5;9;0;0;0;0;0;0;0;0;1;0;0;0;0;0;0;0;0;0;1;0;;;;;;
21.10.2024;19:09;A163;1;3;3;3;6;6;11;1;1;2;1;1;0;5;5;0;0;0;0;0;0;0;0;1;0;0;0;0;0;0;0;0;0;1;0;;;;;;
21.10.2024;19:08;A163;1;8;8;2;4;7;39;1;3;0;0;0;0;4;5;0;0;0;0;0;0;0;0;1;0;0;0;0;0;0;0;0;0;0;0;;;;;;
21.10.2024;19:07;A163;1;7;11;3;2;5;48;0;0;0;0;1;0;8;9;0;0;0;0;0;0;0;0;0;0;0;0;0;0;0;0;0;0;1;0;;;;;;
21.10.2024;19:06;A163;1;1;0;1;2;4;35;1;22;0;14;0;0;2;1;0;0;0;0;0;0;2;0;0;0;1;0;0;0;0;0;0;0;0;0;;;;;;
21.10.2024;19:05;A163;1;2;3;1;3;2;29;0;29;1;80;2;1;2;1;1;0;1;0;0;0;0;0;0;0;1;0;0;0;0;0;0;0;2;0;;;;;;
21.10.2024;19:04;A163;1;7;9;3;5;8;10;1;2;0;0;1;0;4;4;0;0;0;0;0;0;0;0;2;0;0;0;0;0;0;0;0;0;1;0;;;;;;
21.10.2024;19:03;A163;1;4;5;2;0;2;86;0;0;1;7;0;0;6;5;0;0;0;0;0;0;0;0;0;0;0;0;0;0;0;0;0;0;0;0;;;;;;
21.10.2024;19:02;A163;1;9;10;3;5;9;45;0;0;0;0;0;0;4;3;1;0;0;0;0;0;0;0;0;0;0;0;0;0;0;0;0;0;0;0;;;;;;
21.10.2024;19:01;A163;1;0;0;0;15;1;55;2;3;1;65;1;65;1;4;0;0;0;0;0;0;0;0;0;0;0;0;0;0;0;0;0;0;1;64;;;;;;
21.10.2024;19:00;A163;1;3;3;2;12;3;46;2;4;3;22;1;32;6;8;0;0;0;0;0;0;0;0;0;0;0;0;0;0;0;0;0;0;1;32;;;;;;
21.10.2024;18:59;A163;1;4;38;3;8;4;32;2;32;0;0;1;85;4;3;0;0;0;0;0;0;0;0;1;0;2;0;0;0;0;0;0;0;1;86;;;;;;
21.10.2024;18:58;A163;1;3;52;3;3;2;1;2;3;1;7;0;0;7;6;0;0;0;0;0;0;0;0;0;0;0;0;0;0;0;0;0;0;0;0;;;;;;
21.10.2024;18:57;A163;1;3;4;1;3;3;2;1;2;0;20;1;1;1;1;1;0;0;0;0;0;0;0;0;0;0;0;0;0;0;0;0;0;1;1;;;;;;
21.10.2024;18:56;A163;1;11;12;6;12;7;3;1;1;1;9;0;0;7;7;0;0;0;0;0;0;0;0;0;0;0;0;0;0;0;0;0;0;0;0;;;;;;
21.10.2024;18:55;A163;1;1;1;0;0;0;0;0;0;0;62;1;32;8;12;0;0;0;0;0;0;0;0;0;0;0;0;0;0;0;0;0;0;1;32;;;;;;
21.10.2024;18:54;A163;1;4;3;2;1;1;0;0;0;2;27;0;0;1;0;0;0;0;0;0;0;1;0;0;0;0;0;0;0;0;0;0;0;0;0;;;;;;
21.10.2024;18:53;A163;1;4;4;5;10;0;0;1;1;0;0;2;1;7;6;0;0;0;0;0;0;0;0;0;0;0;0;0;0;0;0;0;0;2;1;;;;;;
21.10.2024;18:52;A163;1;0;0;5;5;0;0;3;4;0;0;0;0;7;11;0;0;0;0;0;0;0;0;0;0;0;0;0;0;0;0;0;0;0;0;;;;;;
21.10.2024;18:51;A163;1;1;1;1;7;0;0;1;33;2;23;0;0;4;5;0;0;0;0;0;0;0;0;0;0;0;0;0;0;0;0;0;0;0;0;;;;;;
21.10.2024;18:50;A163;1;8;10;3;10;1;0;0;31;1;6;0;0;7;5;2;0;0;0;0;0;0;0;0;0;0;0;0;0;0;0;0;0;0;0;;;;;;
21.10.2024;18:49;A163;1;4;4;2;1;0;0;2;22;1;1;1;32;9;10;1;0;0;0;0;0;0;0;0;0;0;0;0;0;0;0;0;0;1;32;;;;;;
21.10.2024;18:48;A163;1;4;4;2;2;0;0;0;0;0;14;1;3;5;3;0;0;0;0;0;0;0;0;0;0;0;0;0;0;0;0;0;0;0;15;;;;;;
21.10.2024;18:47;A163;1;8;18;5;15;0;0;2;4;1;33;0;0;6;8;0;0;0;0;0;0;0;0;1;0;0;0;0;0;0;0;0;0;1;30;;;;;;
21.10.2024;18:46;A163;1;2;2;1;2;0;61;2;9;1;65;0;0;7;7;0;0;0;0;0;0;0;0;0;0;0;0;0;0;0;0;0;0;0;0;;;;;;
21.10.2024;18:45;A163;1;4;4;3;7;0;100;2;0;2;38;0;0;3;8;0;0;0;0;0;0;0;0;0;0;0;0;0;0;0;0;0;0;0;0;;;;;;
21.10.2024;18:44;A163;1;13;15;2;4;0;100;0;0;1;19;0;0;9;18;2;0;0;0;0;0;0;0;0;0;1;0;0;0;0;0;0;0;0;0;;;;;;
21.10.2024;18:43;A163;1;6;7;3;2;0;100;0;0;0;0;2;65;2;2;0;0;0;0;0;0;0;0;1;0;0;0;0;0;0;0;0;0;2;64;;;;;;
21.10.2024;18:42;A163;1;3;3;2;2;0;100;0;0;1;19;1;34;0;0;0;0;1;0;0;0;1;0;0;0;1;0;0;0;0;0;0;0;1;34;;;;;;
21.10.2024;18:41;A163;1;4;4;4;10;5;56;1;0;1;68;1;56;6;7;0;0;0;0;0;0;0;0;0;0;1;0;0;0;0;0;0;0;1;58;;;;;;
21.10.2024;18:40;A163;1;1;1;1;0;1;1;1;0;1;64;1;62;6;56;0;0;0;0;0;0;0;0;0;0;0;0;0;0;0;0;0;0;1;62;;;;;;
21.10.2024;18:39;A163;1;3;3;2;2;3;32;1;1;1;20;2;13;2;1;0;0;0;0;0;0;0;0;0;0;1;0;0;0;0;0;0;0;2;13;;;;;;
21.10.2024;18:38;A163;1;9;10;4;11;7;38;4;38;0;0;2;1;3;4;0;0;0;0;0;0;0;0;1;0;1;0;0;0;0;0;0;0;2;1;;;;;;
21.10.2024;18:37;A163;1;3;4;1;3;4;57;1;37;2;2;1;54;6;5;0;0;0;0;0;0;0;0;0;0;0;0;0;0;0;0;0;0;1;54;;;;;;
21.10.2024;18:36;A163;1;1;0;1;2;2;4;2;20;1;15;0;9;1;1;0;0;0;0;0;0;0;0;0;0;0;0;0;0;0;0;0;0;0;0;;;;;;
21.10.2024;18:35;A163;1;6;7;3;3;7;27;1;0;1;88;1;55;5;4;0;0;0;0;0;0;0;0;0;0;0;0;0;0;0;0;0;0;1;4;;;;;;
21.10.2024;18:34;A163;1;3;4;0;0;3;4;0;0;1;1;3;40;4;5;0;0;0;0;0;0;0;0;2;0;0;0;0;0;0;0;0;0;3;40;;;;;;
21.10.2024;18:33;A163;1;3;4;3;5;2;85;1;12;4;23;0;0;8;7;0;0;0;0;0;0;0;0;0;0;0;0;0;0;0;0;0;0;0;0;;;;;;
21.10.2024;18:32;A163;1;3;3;2;1;4;4;0;0;1;79;0;0;3;2;1;0;0;0;0;0;0;0;0;0;0;0;0;0;0;0;0;0;0;0;;;;;;
21.10.2024;18:31;A163;1;2;2;1;0;2;2;0;0;0;0;2;0;4;3;0;0;0;0;0;0;0;0;1;0;0;0;0;0;0;0;0;0;1;0;;;;;;
21.10.2024;18:30;A163;1;4;4;0;0;4;47;0;0;0;0;0;0;1;0;0;0;0;0;0;0;0;0;0;0;0;0;0;0;0;0;0;0;0;0;;;;;;
21.10.2024;18:29;A163;1;2;2;5;8;2;2;2;34;6;1;1;0;5;3;4;1;0;0;0;0;0;0;0;0;0;0;0;0;0;0;0;0;2;0;;;;;;
21.10.2024;18:28;A163;1;1;1;3;6;0;0;1;32;1;33;0;62;7;8;1;0;0;0;0;0;0;0;0;0;0;0;0;0;0;0;0;0;0;62;;;;;;
21.10.2024;18:27;A163;1;4;5;1;0;5;25;0;0;1;16;2;24;5;4;0;0;0;0;1;0;1;0;0;0;0;0;0;0;0;0;0;0;2;24;;;;;;
21.10.2024;18:26;A163;1;10;13;3;5;9;47;3;23;1;72;0;0;4;6;0;0;0;0;0;0;0;0;0;0;0;0;0;0;0;0;0;0;0;0;;;;;;
21.10.2024;18:25;A163;1;2;2;1;2;1;47;1;9;0;63;3;37;7;12;1;0;0;0;0;0;0;0;1;0;0;0;0;0;0;0;0;0;3;38;;;;;;
21.10.2024;18:24;A163;1;3;4;0;0;5;9;1;0;2;27;2;13;9;16;1;0;0;0;0;0;0;0;0;0;0;0;0;0;0;0;0;0;2;12;;;;;;
21.10.2024;18:23;A163;1;16;22;2;7;15;51;1;36;0;0;1;50;5;5;1;0;0;0;0;0;0;0;0;0;0;0;0;0;0;0;0;0;1;51;;;;;;
21.10.2024;18:22;A163;1;11;16;1;1;10;16;1;55;0;0;2;2;0;0;0;0;0;0;0;0;0;0;0;0;0;0;0;0;0;0;0;0;2;2;;;;;;
21.10.2024;18:21;A163;1;4;3;3;7;4;87;2;68;3;18;0;12;2;4;0;0;0;0;0;0;0;0;0;0;0;0;0;0;0;0;0;0;1;11;;;;;;
21.10.2024;18:20;A163;1;13;18;4;9;14;45;3;6;1;85;1;44;9;11;0;0;0;0;0;0;0;0;1;0;1;0;0;0;0;0;0;0;1;44;;;;;;
21.10.2024;18:19;A163;1;1;1;2;3;2;4;1;3;4;60;0;0;6;7;0;0;0;0;0;0;0;0;3;0;0;0;0;0;0;0;0;0;0;0;;;;;;
21.10.2024;18:18;A163;1;3;38;2;3;4;11;0;0;1;1;1;0;2;1;0;0;0;0;0;0;1;0;2;0;0;0;0;0;0;0;0;0;1;0;;;;;;
21.10.2024;18:17;A163;1;4;4;4;16;3;32;1;1;0;0;1;1;10;12;0;0;0;0;0;0;0;0;1;0;0;0;0;0;0;0;0;0;1;1;;;;;;
21.10.2024;18:16;A163;1;1;2;1;0;2;15;0;0;4;12;2;37;5;7;0;0;0;0;0;0;0;0;0;0;0;0;0;0;0;0;0;0;2;37;;;;;;
21.10.2024;18:15;A163;1;4;4;1;3;3;85;1;1;0;0;0;0;4;5;0;0;0;0;0;0;0;0;0;0;0;0;0;0;0;0;0;0;0;0;;;;;;
21.10.2024;18:14;A163;1;9;16;5;12;9;49;2;2;0;0;3;1;3;3;2;0;0;0;0;0;1;0;0;0;0;0;0;0;0;0;0;0;3;2;;;;;;
21.10.2024;18:13;A163;1;12;13;2;4;9;44;1;1;2;0;0;0;3;3;0;0;0;0;0;0;0;0;0;0;1;0;0;0;0;0;0;0;0;0;;;;;;
21.10.2024;18:12;A163;1;3;3;2;1;5;86;0;0;3;23;0;0;7;12;0;0;0;0;0;0;0;0;0;0;0;0;0;0;0;0;0;0;0;0;;;;;;
21.10.2024;18:11;A163;1;9;10;2;4;9;46;0;0;2;56;0;0;4;4;1;0;0;0;0;0;0;0;1;0;0;0;0;0;0;0;0;0;0;0;;;;;;
21.10.2024;18:10;A163;1;7;9;2;2;6;53;4;6;4;18;2;37;3;3;0;0;0;0;0;0;0;0;1;0;0;0;0;0;0;0;0;0;2;6;;;;;;
21.10.2024;18:09;A163;1;4;4;3;4;5;87;1;43;2;15;0;13;3;3;1;0;0;0;0;0;0;0;0;0;0;0;0;0;0;0;0;0;0;12;;;;;;
21.10.2024;18:08;A163;1;5;5;3;4;6;14;2;3;1;84;1;62;6;8;0;0;0;0;0;0;0;0;0;0;2;0;0;0;0;0;0;0;1;62;;;;;;
21.10.2024;18:07;A163;1;2;2;2;0;4;6;2;4;5;68;1;0;7;6;0;0;0;0;0;0;0;0;0;0;0;0;0;0;0;0;0;0;1;0;;;;;;
21.10.2024;18:06;A163;1;2;2;1;1;2;3;0;0;0;0;0;21;4;4;0;0;0;0;0;0;0;0;0;0;0;0;0;0;0;0;0;0;0;20;;;;;;
21.10.2024;18:05;A163;1;9;9;4;4;8;41;1;0;0;0;1;13;9;8;0;0;0;0;0;0;0;0;0;0;0;0;0;0;0;0;0;0;1;15;;;;;;
21.10.2024;18:04;A163;1;3;4;2;2;3;10;1;0;1;52;3;1;8;7;0;0;0;0;0;0;0;0;0;0;0;0;0;0;0;0;0;0;3;1;;;;;;
21.10.2024;18:03;A163;1;4;4;2;4;5;85;0;0;0;12;0;0;2;3;0;0;0;0;0;0;0;0;1;0;0;0;0;0;0;0;0;0;0;0;;;;;;
21.10.2024;18:02;A163;1;9;11;6;5;8;41;0;0;1;78;1;0;8;11;0;0;0;0;0;0;0;0;0;0;0;0;0;0;0;0;0;0;0;0;;;;;;
21.10.2024;18:01;A163;1;0;0;1;6;1;55;0;0;0;62;0;0;11;10;1;0;0;0;0;0;0;0;2;0;3;0;0;0;0;0;0;0;0;0;;;;;;
21.10.2024;18:00;A163;1;2;2;1;0;2;31;1;1;1;42;0;0;5;5;0;0;0;0;0;0;0;0;1;0;1;0;0;0;0;0;0;0;0;0;;;;;;
21.10.2024;17:59;A163;1;4;5;3;12;4;36;2;33;1;63;0;0;7;5;0;0;0;0;0;0;0;0;0;0;0;0;0;0;0;0;0;0;0;0;;;;;;
21.10.2024;17:58;A163;1;4;6;1;25;3;41;1;50;2;63;1;0;0;1;0;0;0;0;0;0;0;0;0;0;0;0;0;0;0;0;0;0;0;0;;;;;;
21.10.2024;17:57;A163;1;3;4;1;12;6;15;2;12;1;13;0;0;9;13;0;0;0;0;0;0;0;0;1;0;0;0;0;0;0;0;0;0;0;0;;;;;;
21.10.2024;17:56;A163;1;5;7;3;5;5;40;2;41;1;96;0;0;8;13;0;0;0;0;0;0;0;0;1;0;0;0;0;0;0;0;0;0;0;0;;;;;;
21.10.2024;17:55;A163;1;4;6;0;2;4;56;1;40;0;0;2;52;11;13;0;0;0;0;0;0;0;0;1;0;2;0;0;0;0;0;0;0;4;52;;;;;;
21.10.2024;17:54;A163;1;4;88;2;9;4;89;3;81;2;15;3;28;2;2;0;0;0;0;0;0;0;0;0;0;0;0;0;0;0;0;0;0;3;29;;;;;;
21.10.2024;17:53;A163;1;6;9;3;35;6;42;2;2;1;75;1;85;6;5;0;0;0;0;0;0;0;0;0;0;1;0;0;0;0;0;0;0;1;86;;;;;;
21.10.2024;17:52;A163;1;5;5;4;12;5;59;4;11;2;54;0;78;8;10;0;0;0;0;0;0;0;0;0;0;0;0;0;0;0;0;0;0;0;77;;;;;;
21.10.2024;17:51;A163;1;3;3;2;1;5;14;0;0;2;29;3;9;4;3;1;0;0;0;0;0;0;0;0;0;0;0;0;0;0;0;0;0;2;10;;;;;;
21.10.2024;17:50;A163;1;7;8;5;10;6;38;2;39;0;0;0;0;7;8;1;0;0;0;0;0;0;0;1;0;0;0;0;0;0;0;0;0;0;0;;;;;;
21.10.2024;17:49;A163;1;0;0;1;0;1;49;1;49;0;0;3;2;10;11;0;0;0;0;2;0;0;0;0;0;1;0;0;0;0;0;0;0;3;2;;;;;;
21.10.2024;17:48;A163;1;2;1;2;10;1;29;2;25;0;12;0;0;3;2;0;0;0;0;0;0;0;0;1;0;3;0;0;0;0;0;0;0;0;0;;;;;;
21.10.2024;17:47;A163;1;9;9;1;4;8;40;2;36;1;18;0;0;8;10;0;0;0;0;0;0;0;0;2;0;0;0;0;0;0;0;0;0;0;0;;;;;;
21.10.2024;17:46;A163;1;5;11;2;5;6;50;0;0;0;0;1;63;4;4;0;0;0;0;0;0;0;0;0;0;0;0;0;0;0;0;0;0;1;62;;;;;;
21.10.2024;17:45;A163;1;3;4;2;4;3;90;0;79;1;14;3;37;6;6;0;0;0;0;0;0;0;0;0;0;0;0;0;0;0;0;0;0;3;38;;;;;;
21.10.2024;17:44;A163;1;6;6;3;5;7;17;4;4;4;37;0;0;11;9;1;0;0;0;0;0;0;0;1;0;1;0;0;0;0;0;0;0;0;0;;;;;;
21.10.2024;17:43;A163;1;5;5;2;2;3;4;0;0;0;0;0;0;8;9;0;0;0;0;0;0;0;0;0;0;0;0;0;0;0;0;0;0;0;0;;;;;;
21.10.2024;17:42;A163;1;3;6;1;5;5;8;1;5;0;0;1;14;2;2;0;0;0;0;0;0;0;0;0;0;1;0;0;0;0;0;0;0;2;13;;;;;;
21.10.2024;17:41;A163;1;8;15;7;16;8;46;1;37;0;0;1;43;8;11;1;0;1;0;0;0;0;0;0;0;0;0;0;0;0;0;0;0;1;45;;;;;;
21.10.2024;17:40;A163;1;4;5;2;30;5;33;3;22;1;1;0;0;10;12;2;0;0;0;0;0;0;0;0;0;0;0;0;0;0;0;0;0;0;0;;;;;;
21.10.2024;17:39;A163;1;4;4;1;0;5;84;1;0;2;16;0;0;4;3;0;0;0;0;0;0;0;0;2;0;0;0;0;0;0;0;0;0;0;0;;;;;;
21.10.2024;17:38;A163;1;7;7;4;46;8;13;1;1;1;24;0;0;7;11;1;0;0;0;0;0;0;0;0;0;1;0;0;0;0;0;0;0;0;0;;;;;;
21.10.2024;17:37;A163;1;6;6;2;55;7;8;2;1;1;2;1;48;1;0;1;0;0;0;0;0;0;0;0;0;0;0;0;0;0;0;0;0;1;49;;;;;;
21.10.2024;17:36;A163;1;3;2;1;0;3;84;0;0;2;1;0;0;3;6;0;0;0;0;0;0;0;0;0;0;0;0;0;0;0;0;0;0;0;0;;;;;;
21.10.2024;17:35;A163;1;10;44;5;5;11;37;1;1;0;0;3;0;6;5;0;0;0;0;0;0;0;0;0;0;0;0;0;0;0;0;0;0;3;0;;;;;;
21.10.2024;17:34;A163;1;3;56;3;23;2;2;2;1;4;5;0;0;3;3;1;0;0;0;0;0;0;0;0;0;1;0;0;0;0;0;0;0;0;0;;;;;;
21.10.2024;17:33;A163;1;4;3;2;3;5;8;2;35;2;16;4;6;5;4;0;0;0;0;0;0;0;0;0;0;0;0;0;0;0;0;0;0;4;6;;;;;;
21.10.2024;17:32;A163;1;7;7;3;5;7;32;1;30;1;29;1;1;3;3;0;0;1;0;0;0;0;0;0;0;1;0;0;0;0;0;0;0;1;1;;;;;;
21.10.2024;17:31;A163;1;0;0;0;12;0;0;2;53;1;44;0;61;6;7;0;0;0;0;0;0;0;0;0;0;0;0;0;0;0;0;0;0;0;60;;;;;;
21.10.2024;17:30;A163;1;5;83;2;6;4;41;2;35;0;0;2;25;6;4;0;0;0;0;0;0;0;0;0;0;0;0;0;0;0;0;0;0;2;25;;;;;;
21.10.2024;17:29;A163;1;12;16;6;20;12;52;2;34;0;0;0;0;10;10;0;0;0;0;0;0;0;0;0;0;1;0;0;0;0;0;0;0;0;0;;;;;;
21.10.2024;17:28;A163;1;5;7;1;8;4;42;2;23;1;63;0;0;9;7;0;0;0;0;0;0;0;0;0;0;0;0;0;0;0;0;0;0;0;0;;;;;;
21.10.2024;17:27;A163;1;2;3;1;3;3;91;2;2;4;71;0;12;2;2;0;0;0;0;0;0;0;0;0;0;0;0;0;0;0;0;0;0;0;11;;;;;;
21.10.2024;17:26;A163;1;13;16;4;9;13;47;2;2;3;13;1;63;7;9;0;0;0;0;0;0;0;0;0;0;0;0;0;0;0;0;0;0;1;64;;;;;;
21.10.2024;17:25;A163;1;8;10;1;0;8;59;0;0;1;66;1;52;6;7;0;0;0;0;0;0;0;0;0;0;0;0;0;0;0;0;0;0;1;5;;;;;;
21.10.2024;17:24;A163;1;5;5;2;4;6;79;1;18;4;52;1;45;6;9;0;0;1;0;0;0;0;0;0;0;0;0;0;0;0;0;0;0;1;15;;;;;;
21.10.2024;17:23;A163;1;7;43;4;6;7;43;1;4;1;46;1;3;5;6;0;0;0;0;0;0;0;0;0;0;0;0;0;0;0;0;0;0;1;4;;;;;;
21.10.2024;17:22;A163;1;3;40;1;3;2;43;1;4;0;0;2;46;4;4;0;0;0;0;0;0;1;0;0;0;0;0;0;0;0;0;0;0;2;46;;;;;;
21.10.2024;17:21;A163;1;4;4;1;0;5;87;0;0;1;14;0;0;5;7;0;0;0;0;0;0;2;0;0;0;0;0;0;0;0;0;0;0;0;0;;;;;;
21.10.2024;17:20;A163;1;7;8;1;0;7;39;0;0;5;30;1;2;6;5;1;0;0;0;0;0;0;0;0;0;0;0;0;0;0;0;0;0;9;5;;;;;;
21.10.2024;17:19;A163;1;6;5;3;5;5;43;0;0;2;34;1;19;9;7;1;0;0;0;0;0;0;0;0;0;2;0;0;0;0;0;0;0;16;33;;;;;;
21.10.2024;17:18;A163;1;4;5;2;4;6;28;2;58;0;13;0;12;3;2;0;0;0;0;0;0;0;0;0;0;0;0;0;0;0;0;0;0;0;12;;;;;;
21.10.2024;17:17;A163;1;7;9;3;7;7;45;1;1;1;57;2;50;2;1;1;0;1;0;0;0;0;0;1;0;1;0;0;0;0;0;0;0;2;51;;;;;;
21.10.2024;17:16;A163;1;6;6;2;2;5;13;0;0;2;32;0;0;12;11;0;0;0;0;0;0;0;0;0;0;0;0;0;0;0;0;0;0;0;0;;;;;;
21.10.2024;17:15;A163;1;3;4;1;0;3;88;0;0;0;0;7;8;3;2;0;0;0;0;0;0;0;0;0;0;0;0;0;0;0;0;0;0;1;14;;;;;;
21.10.2024;17:14;A163;1;11;15;2;3;11;54;1;5;1;1;1;32;5;4;1;0;0;0;0;0;0;0;2;0;0;0;0;0;0;0;0;0;1;35;;;;;;
21.10.2024;17:13;A163;1;4;5;0;33;4;60;0;0;1;16;2;52;6;9;0;0;0;0;0;0;0;0;0;0;0;0;0;0;0;0;0;0;2;51;;;;;;
21.10.2024;17:12;A163;1;3;4;2;8;4;6;2;70;0;0;3;35;9;16;0;0;0;0;0;0;1;0;0;0;0;0;0;0;0;0;0;0;3;35;;;;;;
21.10.2024;17:11;A163;1;6;7;2;34;4;35;1;1;0;0;1;86;5;3;0;0;0;0;0;0;0;0;0;0;0;0;0;0;0;0;0;0;1;87;;;;;;
21.10.2024;17:10;A163;1;4;8;5;9;4;42;0;0;3;67;1;1;11;17;0;0;0;0;0;0;0;0;0;0;0;0;0;0;0;0;0;0;1;1;;;;;;
21.10.2024;17:09;A163;1;4;4;1;2;5;67;1;69;1;38;0;0;2;1;0;0;0;0;0;0;0;0;0;0;0;0;0;0;0;0;0;0;0;0;;;;;;
21.10.2024;17:08;A163;1;11;15;2;5;10;49;0;28;0;0;0;0;6;4;0;0;0;0;0;0;0;0;0;0;1;0;0;0;0;0;0;0;0;0;;;;;;
21.10.2024;17:07;A163;1;0;0;0;0;1;38;1;17;0;63;0;0;7;7;1;0;0;0;0;0;0;0;0;0;0;0;0;0;0;0;0;0;0;0;;;;;;
21.10.2024;17:06;A163;1;5;4;1;2;4;72;1;1;2;25;2;12;4;3;0;0;0;0;0;0;0;0;0;0;1;0;0;0;0;0;0;0;0;11;;;;;;
21.10.2024;17:05;A163;1;5;6;2;4;4;40;0;0;1;99;1;34;16;19;0;0;0;0;0;0;0;0;1;0;0;0;0;0;0;0;0;0;1;34;;;;;;
21.10.2024;17:04;A163;1;3;4;1;17;3;10;0;0;0;62;3;3;7;20;1;0;0;0;0;0;2;0;0;0;0;0;0;0;0;0;0;0;3;2;;;;;;
21.10.2024;17:03;A163;1;4;4;2;10;5;22;3;37;1;21;1;14;6;5;2;0;2;0;16;4;0;0;2;0;0;0;0;0;0;0;0;0;1;13;;;;;;
21.10.2024;17:02;A163;1;5;5;4;5;4;36;1;30;1;27;1;85;7;6;0;0;0;0;0;0;0;0;0;0;0;0;0;0;0;0;0;0;1;86;;;;;;
21.10.2024;17:01;A163;1;4;4;2;0;4;8;1;7;1;1;3;59;2;3;0;0;0;0;0;0;0;0;0;0;0;0;0;0;0;0;0;0;3;59;;;;;;
21.10.2024;17:00;A163;1;2;2;3;7;3;26;2;8;1;1;1;16;8;12;1;0;0;0;0;0;0;0;1;0;1;0;0;0;0;0;0;0;1;15;;;;;;
21.10.2024;16:59;A163;1;9;10;6;11;8;39;4;32;2;0;1;47;8;9;1;0;0;0;0;0;0;0;0;0;1;0;0;0;0;0;0;0;1;48;;;;;;
21.10.2024;16:58;A163;1;6;16;0;5;5;18;1;15;2;2;0;0;12;15;0;0;0;0;0;0;0;0;1;0;0;0;0;0;0;0;0;0;0;0;;;;;;
21.10.2024;16:57;A163;1;3;4;3;52;4;75;0;0;2;16;4;12;7;7;0;0;0;0;0;0;0;0;0;0;0;0;0;0;0;0;0;0;3;11;;;;;;
21.10.2024;16:56;A163;1;3;3;4;8;5;13;2;7;1;97;1;76;8;16;1;0;0;0;0;0;0;0;0;0;0;0;0;0;0;0;0;0;1;77;;;;;;
21.10.2024;16:55;A163;1;3;3;2;2;2;2;1;0;3;69;3;26;7;12;1;0;0;0;0;0;0;0;0;0;0;0;0;0;0;0;0;0;2;26;;;;;;
21.10.2024;16:54;A163;1;3;4;3;8;5;85;1;83;1;13;1;0;1;1;0;0;0;0;0;0;0;0;0;0;0;0;0;0;0;0;0;0;0;0;;;;;;
21.10.2024;16:53;A163;1;8;9;1;82;7;41;5;50;2;63;1;0;6;16;1;0;0;0;0;0;0;0;1;0;0;0;0;0;0;0;0;0;0;0;;;;;;
21.10.2024;16:52;A163;1;4;6;2;98;3;39;1;38;2;67;1;0;8;9;0;0;0;0;0;0;0;0;0;0;0;0;0;0;0;0;0;0;0;0;;;;;;
21.10.2024;16:51;A163;1;2;4;2;7;4;83;5;25;2;37;1;0;6;5;0;0;0;0;0;0;0;0;0;0;0;0;0;0;0;0;0;0;1;0;;;;;;
21.10.2024;16:50;A163;1;8;11;4;9;9;26;2;2;1;23;1;1;7;6;0;0;0;0;0;0;0;0;1;0;0;0;0;0;0;0;0;0;1;1;;;;;;
21.10.2024;16:49;A163;1;3;3;1;3;3;4;0;0;0;65;1;10;13;13;1;0;0;0;0;0;0;0;0;0;0;0;0;0;0;0;0;0;1;10;;;;;;
21.10.2024;16:48;A163;1;4;3;2;1;4;83;0;0;2;30;2;1;4;3;0;0;0;0;0;0;0;0;0;0;1;0;0;0;0;0;0;0;3;1;;;;;;
21.10.2024;16:47;A163;1;10;13;7;10;11;60;1;1;1;66;2;2;8;6;0;0;0;0;0;0;0;0;1;0;1;0;0;0;0;0;0;0;1;0;;;;;;
21.10.2024;16:46;A163;1;8;10;0;25;8;52;1;1;2;68;1;65;3;3;1;0;0;0;0;0;0;0;0;0;0;0;0;0;0;0;0;0;1;64;;;;;;
21.10.2024;16:45;A163;1;4;5;3;3;5;72;1;81;2;32;2;27;6;6;2;0;0;0;0;0;0;0;0;0;1;0;0;0;0;0;0;0;2;28;;;;;;
21.10.2024;16:44;A163;1;10;11;5;17;9;44;3;10;1;0;1;75;4;3;3;0;1;0;0;0;0;0;0;0;1;0;0;0;0;0;0;0;1;76;;;;;;
21.10.2024;16:43;A163;1;7;7;3;5;6;42;0;0;2;3;3;68;11;14;0;0;0;0;0;0;1;0;0;0;1;0;0;0;0;0;0;0;4;67;;;;;;
21.10.2024;16:42;A163;1;3;3;3;11;5;65;2;58;6;26;3;30;2;2;0;0;0;0;0;0;0;0;0;0;0;0;0;0;0;0;0;0;3;30;;;;;;
21.10.2024;16:41;A163;1;7;15;3;12;6;43;2;36;1;86;1;61;9;11;0;0;0;0;0;0;0;0;0;0;2;0;0;0;0;0;0;0;1;63;;;;;;
21.10.2024;16:40;A163;1;5;5;1;0;4;27;1;34;2;65;2;73;3;2;0;0;0;0;0;0;0;0;0;0;0;0;0;0;0;0;0;0;2;72;;;;;;
21.10.2024;16:39;A163;1;4;5;1;4;6;76;2;2;4;29;1;33;4;4;0;0;0;0;0;0;0;0;0;0;0;0;0;0;0;0;0;0;1;33;;;;;;
21.10.2024;16:38;A163;1;10;11;6;3;9;42;0;0;1;36;0;0;9;14;0;0;0;0;0;0;0;0;0;0;0;0;0;0;0;0;0;0;0;0;;;;;;
21.10.2024;16:37;A163;1;4;5;2;1;4;17;0;0;1;3;0;0;12;12;0;0;0;0;0;0;0;0;1;0;0;0;0;0;0;0;0;0;0;0;;;;;;
21.10.2024;16:36;A163;1;4;90;0;0;5;82;0;0;3;9;0;0;3;2;0;0;0;0;0;0;0;0;0;0;0;0;0;0;0;0;0;0;0;0;;;;;;
21.10.2024;16:35;A163;1;9;16;2;44;8;50;2;23;1;2;0;0;12;14;1;0;0;0;0;0;0;0;1;0;3;0;0;0;0;0;0;0;0;0;;;;;;
21.10.2024;16:34;A163;1;10;11;7;7;9;59;2;2;2;4;1;64;1;1;0;0;0;0;0;0;0;0;0;0;0;0;0;0;0;0;0;0;1;64;;;;;;
21.10.2024;16:33;A163;1;3;4;3;4;5;37;1;28;1;14;2;14;6;6;1;0;3;0;0;0;0;0;2;0;0;0;0;0;0;0;0;0;2;14;;;;;;
21.10.2024;16:32;A163;1;11;16;6;12;9;62;1;41;1;88;1;69;6;22;2;0;9;2;0;0;0;0;0;0;1;0;0;0;0;0;0;0;1;70;;;;;;
21.10.2024;16:31;A163;1;9;9;5;2;9;60;1;42;4;40;2;0;10;13;0;0;0;0;0;0;0;0;1;0;2;0;0;0;0;0;0;0;2;0;;;;;;
21.10.2024;16:30;A163;1;4;5;1;3;5;45;1;2;0;12;1;1;4;5;0;0;0;0;0;0;0;0;0;0;0;0;0;0;0;0;0;0;1;1;;;;;;
21.10.2024;16:29;A163;1;12;18;3;7;11;56;1;32;1;24;0;0;10;29;0;0;0;0;0;0;0;0;0;0;0;0;0;0;0;0;0;0;0;0;;;;;;
21.10.2024;16:28;A163;1;2;1;3;9;2;45;6;40;1;67;0;0;12;22;0;0;0;0;0;0;0;0;1;0;0;0;0;0;0;0;0;0;0;0;;;;;;
21.10.2024;16:27;A163;1;4;3;4;7;4;68;0;0;3;27;1;16;3;2;0;0;0;0;0;0;0;0;0;0;0;0;0;0;0;0;0;0;1;16;;;;;;
21.10.2024;16:26;A163;1;8;10;1;6;7;41;1;4;1;89;1;42;9;22;0;0;0;0;0;0;0;0;0;0;0;0;0;0;0;0;0;0;1;43;;;;;;
21.10.2024;16:25;A163;1;3;3;5;7;5;53;2;3;2;48;3;3;4;5;0;0;1;0;0;0;0;0;0;0;0;0;0;0;0;0;0;0;3;2;;;;;;
21.10.2024;16:24;A163;1;3;3;5;13;3;37;2;36;4;25;0;0;4;29;0;0;0;0;0;0;0;0;0;0;0;0;0;0;0;0;0;0;0;4;;;;;;
21.10.2024;16:23;A163;1;9;9;5;5;9;38;1;1;1;58;2;0;10;15;1;0;0;0;0;0;0;0;2;0;2;0;0;0;0;0;0;0;4;7;;;;;;
21.10.2024;16:22;A163;1;5;6;1;2;4;5;1;0;1;0;2;2;11;9;0;0;0;0;0;0;0;0;0;0;0;0;0;0;0;0;0;0;2;2;;;;;;
21.10.2024;16:21;A163;1;4;5;1;1;7;89;0;0;1;1;2;12;1;0;0;0;0;0;2;0;0;0;0;0;0;0;0;0;0;0;0;0;0;12;;;;;;
21.10.2024;16:20;A163;1;6;7;2;5;7;29;1;31;0;0;1;44;10;9;0;0;0;0;0;0;0;0;1;0;0;0;0;0;0;0;0;0;1;44;;;;;;
21.10.2024;16:19;A163;1;7;8;6;7;5;22;3;71;3;67;0;0;11;10;0;0;0;0;0;0;1;0;0;0;0;0;0;0;0;0;0;0;0;0;;;;;;
21.10.2024;16:18;A163;1;2;3;1;0;5;91;0;0;8;65;1;1;4;4;0;0;0;0;0;0;0;0;0;0;0;0;0;0;0;0;0;0;1;1;;;;;;
21.10.2024;16:17;A163;1;10;13;4;5;11;18;1;1;1;69;0;0;10;13;2;0;0;0;0;0;0;0;0;0;0;0;0;0;0;0;0;0;0;0;;;;;;
21.10.2024;16:16;A163;1;3;4;2;3;1;1;1;0;2;66;2;2;12;10;0;0;0;0;0;0;0;0;0;0;0;0;0;0;0;0;0;0;2;2;;;;;;
21.10.2024;16:15;A163;1;2;5;3;10;4;80;2;34;2;69;2;24;3;3;0;0;0;0;0;0;0;0;0;0;0;0;0;0;0;0;0;0;3;22;;;;;;
21.10.2024;16:14;A163;1;10;13;2;1;9;43;1;1;3;79;1;91;8;10;0;0;1;0;0;0;0;0;0;0;0;0;0;0;0;0;0;0;1;91;;;;;;
21.10.2024;16:13;A163;1;7;8;1;0;5;42;1;1;1;75;0;0;12;13;1;0;0;0;0;0;0;0;0;0;0;0;0;0;0;0;0;0;0;0;;;;;;
21.10.2024;16:12;A163;1;20;7;12;1;6;77;0;0;5;62;1;20;6;7;0;0;0;0;0;0;0;0;0;0;1;0;0;0;0;0;0;0;1;18;;;;;;
21.10.2024;16:11;A163;1;14;12;5;49;6;41;2;40;3;72;1;58;9;50;0;0;0;0;0;0;0;0;0;0;1;0;0;0;0;0;0;0;1;59;;;;;;
21.10.2024;16:10;A163;1;6;11;1;3;6;40;1;24;1;1;0;64;13;27;0;0;0;0;0;0;0;0;0;0;0;0;0;0;0;0;0;0;2;64;;;;;;
21.10.2024;16:09;A163;1;4;5;2;4;5;74;1;60;1;14;1;23;3;3;1;0;1;0;0;0;0;0;0;0;0;0;0;0;0;0;0;0;1;23;;;;;;
21.10.2024;16:08;A163;1;4;6;3;8;3;37;2;31;1;60;0;0;4;2;0;0;1;0;0;0;0;0;1;0;0;0;0;0;0;0;0;0;0;0;;;;;;
21.10.2024;16:07;A163;1;3;4;0;0;2;48;1;28;1;1;3;61;10;9;0;0;0;0;0;0;0;0;0;0;0;0;0;0;0;0;0;0;2;61;;;;;;
21.10.2024;16:06;A163;1;4;4;2;4;6;72;2;37;2;26;0;0;1;1;1;0;0;0;0;0;0;0;0;0;0;0;0;0;0;0;0;0;0;0;;;;;;
21.10.2024;16:05;A163;1;8;10;2;9;6;39;1;18;1;28;0;0;5;21;1;0;1;0;0;0;0;0;0;0;0;0;0;0;0;0;0;0;0;0;;;;;;
21.10.2024;16:04;A163;1;6;8;3;2;5;49;0;0;1;66;0;0;6;8;0;0;0;0;0;0;0;0;0;0;0;0;0;0;0;0;0;0;0;0;;;;;;
21.10.2024;16:03;A163;1;3;5;2;4;5;86;0;0;2;55;0;0;6;5;1;0;0;0;0;0;0;0;0;0;0;0;0;0;0;0;0;0;0;0;;;;;;
21.10.2024;16:02;A163;1;11;15;4;3;10;43;0;0;1;86;0;0;7;6;0;0;0;0;0;0;0;0;0;0;0;0;0;0;0;0;0;0;0;0;;;;;;
21.10.2024;16:01;A163;1;3;6;2;3;3;56;0;0;1;0;0;0;10;9;1;0;1;0;0;0;0;0;0;0;0;0;0;0;0;0;0;0;0;0;;;;;;
21.10.2024;16:00;A163;1;2;2;2;3;3;16;1;23;3;17;3;15;3;3;1;0;0;0;0;0;0;0;1;0;0;0;0;0;0;0;0;0;1;14;;;;;;
21.10.2024;15:59;A163;1;6;7;7;8;6;37;2;2;1;73;1;65;5;8;0;0;0;0;0;0;0;0;0;0;0;0;0;0;0;0;0;0;1;66;;;;;;
21.10.2024;15:58;A163;1;6;7;0;37;6;10;0;0;0;62;0;0;11;10;0;0;0;0;0;0;0;0;0;0;0;0;0;0;0;0;0;0;0;0;;;;;;
21.10.2024;15:57;A163;1;2;2;2;12;2;81;2;25;7;15;0;11;6;7;0;0;0;0;0;0;1;0;1;0;0;0;0;0;0;0;0;0;1;11;;;;;;
21.10.2024;15:56;A163;1;8;9;2;2;9;16;2;18;0;0;1;60;3;4;1;0;0;0;0;0;0;0;0;0;0;0;0;0;0;0;0;0;1;60;;;;;;
21.10.2024;15:55;A163;1;1;1;1;4;0;0;1;1;2;34;0;0;6;7;0;0;0;0;0;0;0;0;0;0;0;0;0;0;0;0;0;0;0;0;;;;;;
21.10.2024;15:54;A163;1;4;4;4;11;4;83;2;19;0;0;0;9;7;8;1;0;0;0;0;0;0;0;0;0;1;0;0;0;0;0;0;0;0;9;;;;;;
21.10.2024;15:53;A163;1;9;15;5;7;10;46;1;15;0;0;2;53;9;11;1;0;0;0;0;0;0;0;0;0;0;0;0;0;0;0;0;0;1;50;;;;;;
21.10.2024;15:52;A163;1;4;4;4;11;6;33;4;3;1;64;2;4;6;9;1;0;0;0;0;0;0;0;0;0;2;0;0;0;0;0;0;0;2;18;;;;;;
21.10.2024;15:51;A163;1;1;1;5;8;2;2;5;14;2;33;0;0;0;0;0;0;0;0;0;0;0;0;0;0;0;0;0;0;0;0;0;0;0;0;;;;;;
21.10.2024;15:50;A163;1;5;4;8;8;8;7;1;0;0;100;2;1;7;5;0;0;0;0;0;0;0;0;0;0;0;0;0;0;0;0;0;0;2;1;;;;;;
21.10.2024;15:49;A163;1;6;5;4;2;5;10;1;2;1;25;0;0;12;16;1;0;0;0;0;0;0;0;0;0;0;0;0;0;0;0;0;0;0;0;;;;;;
21.10.2024;15:48;A163;1;3;3;1;0;5;65;0;0;2;20;0;0;8;24;0;0;0;0;0;0;0;0;0;0;1;0;0;0;0;0;0;0;0;0;;;;;;
21.10.2024;15:47;A163;1;8;10;3;5;8;42;2;32;1;11;0;0;3;37;1;0;1;0;0;0;0;0;0;0;0;0;0;0;0;0;0;0;0;0;;;;;;
21.10.2024;15:46;A163;1;4;3;3;2;4;53;1;1;2;23;0;61;7;8;1;0;0;0;0;0;0;0;0;0;0;0;0;0;0;0;0;0;0;61;;;;;;
21.10.2024;15:45;A163;1;4;5;4;7;5;42;0;81;1;16;1;42;8;16;0;0;0;0;0;0;0;0;0;0;1;0;0;0;0;0;0;0;1;43;;;;;;
21.10.2024;15:44;A163;1;11;14;3;45;10;45;3;39;1;59;0;0;11;15;1;0;0;0;0;0;0;0;1;0;0;0;0;0;0;0;0;0;0;0;;;;;;
21.10.2024;15:43;A163;1;7;11;2;1;5;23;1;47;1;64;2;43;3;3;0;0;0;0;0;0;0;0;0;0;0;0;0;0;0;0;0;0;2;43;;;;;;
21.10.2024;15:42;A163;1;2;5;1;3;5;13;0;0;3;38;0;0;7;34;0;0;0;0;0;0;0;0;0;0;0;0;0;0;0;0;0;0;0;0;;;;;;
21.10.2024;15:41;A163;1;12;27;4;24;11;48;2;3;0;0;0;0;4;2;0;0;0;0;0;0;0;0;1;0;1;0;0;0;0;0;0;0;0;0;;;;;;
21.10.2024;15:40;A163;1;11;13;1;0;10;18;1;2;1;63;3;64;11;15;0;0;0;0;0;0;1;0;0;0;0;0;0;0;0;0;0;0;2;63;;;;;;
21.10.2024;15:39;A163;1;4;4;1;2;5;87;1;1;2;48;1;13;3;2;0;0;0;0;0;0;0;0;0;0;0;0;0;0;0;0;0;0;1;14;;;;;;
21.10.2024;15:38;A163;1;13;14;7;10;12;48;1;1;1;70;0;0;4;3;2;0;1;0;0;0;0;0;0;0;0;0;0;0;0;0;0;0;0;0;;;;;;
21.10.2024;15:37;A163;1;5;6;1;4;5;51;0;0;0;0;1;1;1;0;0;0;0;0;0;0;0;0;0;0;0;0;0;0;0;0;0;0;1;1;;;;;;
21.10.2024;15:36;A163;1;4;6;2;5;5;58;2;3;2;15;0;12;5;5;0;0;0;0;0;0;0;0;0;0;1;0;0;0;0;0;0;0;0;11;;;;;;
21.10.2024;15:35;A163;1;12;15;2;27;11;45;1;29;1;83;1;46;6;19;0;0;0;0;0;0;0;0;1;0;9;2;0;0;0;0;0;0;1;47;;;;;;
21.10.2024;15:34;A163;1;6;12;2;1;6;75;1;44;1;59;1;48;10;9;0;0;0;0;1;0;0;0;0;0;0;0;0;0;0;0;0;0;1;47;;;;;;
21.10.2024;15:33;A163;1;5;5;2;5;6;82;0;0;1;1;1;31;4;3;0;0;0;0;0;0;0;0;2;0;1;0;0;0;0;0;0;0;1;32;;;;;;
21.10.2024;15:32;A163;1;12;15;4;7;11;44;2;2;1;0;0;0;9;13;0;0;0;0;0;0;0;0;1;0;3;0;0;0;0;0;0;0;0;0;;;;;;
21.10.2024;15:31;A163;1;5;6;2;5;4;48;2;2;2;71;1;1;9;17;0;0;0;0;0;0;0;0;3;0;2;0;0;0;0;0;0;0;1;1;;;;;;
21.10.2024;15:30;A163;1;2;2;2;3;4;86;0;0;4;7;1;15;4;5;2;0;0;0;0;0;0;0;0;0;0;0;0;0;0;0;0;0;1;14;;;;;;
21.10.2024;15:29;A163;1;17;19;3;49;16;55;1;6;0;0;1;81;8;7;0;0;0;0;0;0;0;0;0;0;0;0;0;0;0;0;0;0;1;81;;;;;;
21.10.2024;15:28;A163;1;2;1;4;22;2;39;2;3;4;1;0;0;3;2;0;0;1;0;0;0;0;0;0;0;0;0;0;0;0;0;0;0;0;0;;;;;;
21.10.2024;15:27;A163;1;3;4;3;4;4;72;0;0;1;13;2;1;7;35;0;0;0;0;0;0;0;0;0;0;0;0;0;0;0;0;0;0;2;1;;;;;;
21.10.2024;15:26;A163;1;3;2;2;1;2;30;0;0;1;83;0;0;6;43;1;0;0;0;0;0;0;0;0;0;0;0;0;0;0;0;0;0;0;0;;;;;;
21.10.2024;15:25;A163;1;2;3;0;11;3;9;0;0;2;0;0;0;3;5;1;0;1;0;0;0;0;0;1;0;2;0;0;0;0;0;0;0;0;0;;;;;;
21.10.2024;15:24;A163;1;4;3;3;13;4;71;2;78;0;14;0;0;4;5;2;0;0;0;0;0;0;0;0;0;0;0;0;0;0;0;0;0;0;0;;;;;;
21.10.2024;15:23;A163;1;13;16;5;30;13;47;4;36;1;86;0;0;9;9;0;0;0;0;0;0;0;0;0;0;0;0;0;0;0;0;0;0;0;0;;;;;;
21.10.2024;15:22;A163;1;1;1;3;5;1;43;3;28;1;63;1;39;5;11;0;0;0;0;0;0;0;0;1;0;0;0;0;0;0;0;0;0;1;39;;;;;;
21.10.2024;15:21;A163;1;4;5;3;5;5;79;2;54;3;48;2;3;2;1;0;0;0;0;0;0;0;0;0;0;3;0;0;0;0;0;0;0;2;4;;;;;;
21.10.2024;15:20;A163;1;6;7;0;40;6;29;0;0;1;38;0;0;6;5;0;0;0;0;0;0;0;0;1;0;2;0;0;0;0;0;0;0;0;0;;;;;;
21.10.2024;15:19;A163;1;6;6;4;60;4;5;2;3;1;0;1;0;7;8;0;0;0;0;0;0;0;0;0;0;0;0;0;0;0;0;0;0;1;0;;;;;;
21.10.2024;15:18;A163;1;4;5;3;6;5;88;2;51;3;16;0;0;2;2;0;0;0;0;0;0;0;0;1;0;0;0;0;0;0;0;0;0;0;0;;;;;;
21.10.2024;15:17;A163;1;6;10;3;5;7;26;1;4;2;63;0;0;6;5;0;0;0;0;0;0;0;0;0;0;0;0;0;0;0;0;0;0;0;0;;;;;;
21.10.2024;15:16;A163;1;12;15;4;34;12;24;2;2;2;55;0;0;2;1;1;0;0;0;0;0;0;0;0;0;0;0;0;0;0;0;0;0;0;0;;;;;;
21.10.2024;15:15;A163;1;0;0;0;0;3;76;1;3;0;0;1;0;7;18;0;0;0;0;0;0;0;0;0;0;0;0;0;0;0;0;0;0;0;0;;;;;;
21.10.2024;15:14;A163;1;6;6;2;36;7;11;2;34;2;0;1;0;8;11;0;0;1;0;0;0;0;0;0;0;1;0;0;0;0;0;0;0;2;0;;;;;;
21.10.2024;15:13;A163;1;6;15;3;67;5;6;2;36;5;74;0;0;8;13;0;0;1;0;0;0;0;0;1;0;0;0;0;0;0;0;0;0;0;0;;;;;;
21.10.2024;15:12;A163;1;3;3;2;3;4;88;1;1;2;22;0;0;8;7;0;0;0;0;0;0;0;0;0;0;0;0;0;0;0;0;0;0;0;0;;;;;;
21.10.2024;15:11;A163;1;6;7;6;7;7;40;3;2;0;0;0;0;6;4;2;0;0;0;0;0;0;0;1;0;0;0;0;0;0;0;0;0;0;0;;;;;;
21.10.2024;15:10;A163;1;7;17;4;9;7;37;1;1;0;0;1;42;12;16;0;0;0;0;0;0;0;0;0;0;3;0;0;0;0;0;0;0;1;41;;;;;;
21.10.2024;15:09;A163;1;4;6;3;4;4;87;1;62;2;2;0;0;2;1;1;0;0;0;0;0;0;0;0;0;1;0;0;0;0;0;0;0;0;0;;;;;;
21.10.2024;15:08;A163;1;6;8;3;3;6;48;0;0;0;0;0;0;7;7;3;0;4;1;0;0;0;0;0;0;0;0;0;0;0;0;0;0;0;0;;;;;;
21.10.2024;15:07;A163;1;5;7;2;2;4;15;0;0;3;67;1;49;8;10;2;0;0;0;0;0;0;0;0;0;0;0;0;0;0;0;0;0;1;49;;;;;;
21.10.2024;15:06;A163;1;2;1;3;4;4;75;1;70;2;34;1;3;4;4;0;0;0;0;0;0;0;0;1;0;1;0;0;0;0;0;0;0;0;15;;;;;;
21.10.2024;15:05;A163;1;5;5;3;6;4;25;1;2;1;70;0;0;5;6;1;0;0;0;0;0;0;0;1;0;1;0;0;0;0;0;0;0;1;54;;;;;;
21.10.2024;15:04;A163;1;3;2;3;7;4;16;2;1;1;57;1;1;6;5;1;0;0;0;0;0;0;0;0;0;0;0;0;0;0;0;0;0;1;1;;;;;;
21.10.2024;15:03;A163;1;11;12;4;5;11;34;2;24;1;71;0;0;15;27;1;0;0;0;0;0;0;0;1;0;0;0;0;0;0;0;0;0;0;0;;;;;;
21.10.2024;15:02;A163;1;0;0;0;0;1;41;1;59;2;2;0;0;4;3;1;0;0;0;0;0;0;0;2;0;0;0;0;0;0;0;0;0;0;0;;;;;;
21.10.2024;15:01;A163;1;4;6;1;5;4;9;1;1;0;0;0;0;3;3;0;0;0;0;0;0;0;0;0;0;0;0;0;0;0;0;0;0;0;0;;;;;;
21.10.2024;15:00;A163;1;3;3;2;1;2;4;0;0;0;0;0;0;7;8;0;0;0;0;0;0;0;0;1;0;0;0;0;0;0;0;0;0;0;0;;;;;;
21.10.2024;14:59;A163;1;1;1;1;0;1;1;1;3;0;47;0;0;6;7;0;0;0;0;0;0;0;0;0;0;1;0;0;0;0;0;0;0;0;0;;;;;;
21.10.2024;14:58;A163;1;5;8;2;57;3;4;1;4;1;66;0;0;6;12;0;0;0;0;0;0;0;0;0;0;0;0;0;0;0;0;0;0;0;0;;;;;;
21.10.2024;14:57;A163;1;4;4;2;13;5;77;3;77;1;37;2;10;4;5;0;0;0;0;0;0;0;0;0;0;0;0;0;0;0;0;0;0;2;10;;;;;;
21.10.2024;14:56;A163;1;1;0;2;3;1;0;0;0;1;60;2;39;7;12;1;0;0;0;0;0;0;0;0;0;0;0;0;0;0;0;0;0;3;41;;;;;;
21.10.2024;14:55;A163;1;7;8;4;36;6;54;5;16;0;0;0;0;4;16;0;0;0;0;0;0;0;0;0;0;0;0;0;0;0;0;0;0;0;0;;;;;;
21.10.2024;14:54;A163;1;5;5;2;1;6;24;0;0;1;46;1;31;10;43;1;0;0;0;0;0;0;0;1;0;1;0;0;0;0;0;0;0;1;31;;;;;;
21.10.2024;14:53;A163;1;3;22;4;29;3;4;0;15;1;68;1;53;11;11;0;0;0;0;2;0;0;0;0;0;0;0;0;0;0;0;0;0;1;55;;;;;;
21.10.2024;14:52;A163;1;6;61;6;29;5;8;3;13;3;8;0;0;8;7;0;0;0;0;0;0;0;0;1;0;0;0;0;0;0;0;0;0;0;0;;;;;;
21.10.2024;14:51;A163;1;5;6;3;5;4;5;2;84;4;40;0;0;2;2;0;0;0;0;0;0;0;0;0;0;0;0;0;0;0;0;0;0;0;0;;;;;;
21.10.2024;14:50;A163;1;3;3;3;5;5;71;2;2;3;72;0;0;3;4;0;0;0;0;0;0;0;0;1;0;1;0;0;0;0;0;0;0;0;0;;;;;;
21.10.2024;14:49;A163;1;3;3;0;71;3;43;0;0;1;47;1;2;7;13;0;0;0;0;0;0;0;0;0;0;1;0;0;0;0;0;0;0;1;2;;;;;;
21.10.2024;14:48;A163;1;7;11;4;32;8;16;3;22;1;71;1;32;2;66;0;0;0;0;0;0;0;0;0;0;0;0;0;0;0;0;0;0;1;32;;;;;;
21.10.2024;14:47;A163;1;7;10;2;2;6;44;1;21;2;0;0;0;9;65;1;0;2;0;0;0;0;0;2;0;0;0;0;0;0;0;0;0;0;0;;;;;;
21.10.2024;14:46;A163;1;3;4;1;3;4;42;0;0;1;68;1;29;10;39;0;0;0;0;0;0;0;0;0;0;3;0;0;0;0;0;0;0;1;29;;;;;;
21.10.2024;14:45;A163;1;3;3;3;4;3;35;1;1;1;59;1;1;8;10;0;0;0;0;0;0;0;0;1;0;0;0;0;0;0;0;0;0;1;1;;;;;;
21.10.2024;14:44;A163;1;1;0;1;0;1;75;1;2;1;11;1;0;1;1;0;0;0;0;0;0;0;0;2;0;0;0;0;0;0;0;0;0;1;0;;;;;;
21.10.2024;14:43;A163;1;5;5;6;8;6;8;2;1;0;0;0;0;6;5;1;0;0;0;0;0;0;0;0;0;0;0;0;0;0;0;0;0;0;0;;;;;;
21.10.2024;14:42;A163;1;2;2;2;1;3;50;0;0;0;0;1;1;3;2;0;0;0;0;0;0;0;0;0;0;0;0;0;0;0;0;0;0;1;1;;;;;;
21.10.2024;14:41;A163;1;4;8;3;7;3;53;1;47;2;44;1;21;6;4;0;0;0;0;0;0;0;0;0;0;0;0;0;0;0;0;0;0;2;21;;;;;;
21.10.2024;14:40;A163;1;9;21;3;8;9;75;2;2;0;0;0;0;8;14;1;0;1;0;0;0;0;0;0;0;0;0;0;0;0;0;0;0;0;0;;;;;;
21.10.2024;14:39;A163;1;4;4;4;5;5;46;1;1;1;1;12;13;4;4;1;0;0;0;0;0;0;0;0;0;0;0;0;0;0;0;0;0;2;72;;;;;;
21.10.2024;14:38;A163;1;5;6;1;0;5;8;1;3;0;0;1;14;6;5;0;0;0;0;0;0;0;0;0;0;0;0;0;0;0;0;0;0;1;20;;;;;;
21.10.2024;14:37;A163;1;2;3;0;1;1;56;0;0;2;36;2;0;6;6;0;0;0;0;0;0;0;0;1;0;1;0;0;0;0;0;0;0;2;0;;;;;;
21.10.2024;14:36;A163;1;2;3;1;2;4;55;1;3;1;2;1;1;3;3;0;0;0;0;0;0;0;0;0;0;0;0;0;0;0;0;0;0;1;0;;;;;;
21.10.2024;14:35;A163;1;4;3;4;7;3;3;0;2;0;0;0;0;3;2;0;0;0;0;0;0;0;0;0;0;2;0;0;0;0;0;0;0;0;0;;;;;;
21.10.2024;14:34;A163;1;2;3;2;32;3;41;3;45;0;0;0;0;9;15;0;0;0;0;0;0;0;0;0;0;0;0;0;0;0;0;0;0;0;0;;;;;;
21.10.2024;14:33;A163;1;1;1;4;9;2;1;4;4;0;0;1;0;5;4;0;0;0;0;0;0;0;0;0;0;0;0;0;0;0;0;0;0;0;0;;;;;;
21.10.2024;14:32;A163;1;11;14;0;81;10;28;0;0;0;0;2;1;12;21;0;0;0;0;0;0;0;0;0;0;0;0;0;0;0;0;0;0;2;1;;;;;;
21.10.2024;14:31;A163;1;7;11;1;97;7;74;1;9;2;27;1;38;9;40;0;0;0;0;1;0;0;0;1;0;1;0;0;0;0;0;0;0;1;39;;;;;;
21.10.2024;14:30;A163;1;1;1;1;93;2;3;3;66;1;0;0;37;8;57;0;0;0;0;0;0;0;0;0;0;0;0;0;0;0;0;0;0;0;36;;;;;;
21.10.2024;14:29;A163;1;3;4;3;3;3;70;2;2;2;0;1;37;5;27;0;0;0;0;0;0;0;0;0;0;0;0;0;0;0;0;0;0;1;38;;;;;;
21.10.2024;14:28;A163;1;1;1;1;0;1;41;1;0;1;1;2;2;7;8;1;0;1;0;0;0;1;0;0;0;0;0;0;0;0;0;0;0;2;2;;;;;;
21.10.2024;14:27;A163;1;8;14;3;5;7;63;0;0;1;60;1;35;8;48;1;0;0;0;0;0;0;0;1;0;1;0;0;0;0;0;0;0;1;35;;;;;;
21.10.2024;14:26;A163;1;6;6;2;36;6;80;2;5;4;19;0;0;8;7;0;0;0;0;0;0;0;0;0;0;0;0;0;0;0;0;0;0;0;0;;;;;;
21.10.2024;14:25;A163;1;1;1;1;95;2;35;1;18;0;0;1;62;6;10;0;0;0;0;0;0;0;0;0;0;2;0;0;0;0;0;0;0;1;62;;;;;;
21.10.2024;14:24;A163;1;7;10;3;72;5;9;3;27;0;51;2;2;3;2;0;0;1;0;0;0;0;0;0;0;0;0;0;0;0;0;0;0;1;1;;;;;;
21.10.2024;14:23;A163;1;4;4;4;5;4;68;2;4;3;38;0;0;8;14;3;0;0;0;0;0;0;0;0;0;0;0;0;0;0;0;0;0;1;0;;;;;;
21.10.2024;14:22;A163;1;3;3;2;1;5;66;0;0;0;0;0;0;8;42;2;0;0;0;0;0;0;0;0;0;0;0;0;0;0;0;0;0;0;0;;;;;;
21.10.2024;14:21;A163;1;4;4;4;6;4;53;0;0;1;3;0;0;0;0;3;0;0;0;0;0;0;0;0;0;0;0;0;0;0;0;0;0;0;0;;;;;;
21.10.2024;14:20;A163;1;2;1;0;0;2;2;0;0;0;100;0;0;7;7;0;0;0;0;0;0;0;0;0;0;0;0;0;0;0;0;0;0;0;0;;;;;;
21.10.2024;14:19;A163;1;6;7;3;6;5;10;2;2;1;5;0;0;5;25;1;0;0;0;0;0;0;0;0;0;0;0;0;0;0;0;0;0;0;0;;;;;;
21.10.2024;14:18;A163;1;2;2;1;0;2;2;0;0;1;65;0;0;8;11;1;0;0;0;0;0;0;0;0;0;0;0;0;0;0;0;0;0;0;0;;;;;;
21.10.2024;14:17;A163;1;10;13;4;5;9;15;0;0;1;8;0;0;3;6;0;0;0;0;0;0;0;0;0;0;0;0;0;0;0;0;0;0;0;0;;;;;;
21.10.2024;14:16;A163;1;2;3;2;2;3;81;0;0;2;2;1;38;9;10;0;0;0;0;0;0;0;0;2;0;0;0;0;0;0;0;0;0;1;37;;;;;;
21.10.2024;14:15;A163;1;2;4;1;50;4;39;1;26;0;0;1;19;5;4;0;0;0;0;0;0;0;0;2;0;0;0;0;0;0;0;0;0;1;20;;;;;;
21.10.2024;14:14;A163;1;5;9;2;2;5;11;0;0;0;0;0;0;6;5;0;0;0;0;0;0;0;0;1;0;1;0;0;0;0;0;0;0;0;0;;;;;;
21.10.2024;14:13;A163;1;5;6;1;3;3;56;2;2;0;0;0;0;3;12;0;0;0;0;0;0;0;0;0;0;0;0;0;0;0;0;0;0;0;0;;;;;;
21.10.2024;14:12;A163;1;6;43;2;4;5;61;1;0;1;13;0;0;7;19;0;0;1;0;0;0;0;0;0;0;1;0;0;0;0;0;0;0;0;0;;;;;;
21.10.2024;14:11;A163;1;7;80;3;5;8;60;0;14;2;64;0;0;8;24;1;0;1;0;0;0;0;0;0;0;0;0;0;0;0;0;0;0;0;0;;;;;;
21.10.2024;14:10;A163;1;6;58;1;3;5;50;1;53;2;51;1;0;11;29;0;0;0;0;0;0;0;0;0;0;0;0;0;0;0;0;0;0;1;0;;;;;;
21.10.2024;14:09;A163;1;5;7;3;3;5;87;3;60;4;49;0;0;9;33;1;0;0;0;0;0;0;0;0;0;1;0;0;0;0;0;0;0;0;0;;;;;;
21.10.2024;14:08;A163;1;4;86;2;1;5;85;0;0;1;0;1;16;3;82;0;0;0;0;0;0;0;0;0;0;1;0;0;0;0;0;0;0;1;16;;;;;;
21.10.2024;14:07;A163;1;7;78;2;1;7;59;0;0;0;0;1;47;4;50;1;0;1;0;0;0;0;0;0;0;1;0;0;0;0;0;0;0;1;47;;;;;;
21.10.2024;14:06;A163;1;8;27;1;56;9;65;2;7;1;48;1;43;9;20;0;0;0;0;0;0;0;0;0;0;0;0;0;0;0;0;0;0;1;44;;;;;;
21.10.2024;14:05;A163;1;3;3;2;87;3;71;1;36;2;63;0;0;9;73;0;0;1;0;0;0;1;0;0;0;1;0;0;0;0;0;0;0;0;0;;;;;;
21.10.2024;14:04;A163;1;7;9;1;97;7;32;4;16;1;0;3;66;9;74;0;0;0;0;0;0;2;0;0;0;2;0;0;0;0;0;0;0;2;67;;;;;;
21.10.2024;14:03;A163;1;3;4;2;97;3;11;1;3;0;0;1;1;10;52;0;0;0;0;1;0;1;0;0;0;0;0;0;0;0;0;0;0;2;0;;;;;;
21.10.2024;14:02;A163;1;3;3;1;85;1;84;3;50;0;32;0;0;7;9;0;0;0;0;0;0;0;0;3;0;0;0;0;0;0;0;0;0;0;0;;;;;;
21.10.2024;14:01;A163;1;4;6;1;90;5;89;0;0;1;36;1;0;5;46;0;0;0;0;1;0;1;0;0;0;0;0;0;0;0;0;0;0;0;0;;;;;;
21.10.2024;14:00;A163;1;4;8;1;25;6;82;1;3;2;4;0;0;4;59;1;0;0;0;0;0;0;0;0;0;2;0;0;0;0;0;0;0;0;0;;;;;;
21.10.2024;13:59;A163;1;8;10;1;2;8;79;0;46;1;77;0;0;9;12;0;0;0;0;0;0;0;0;1;0;1;0;0;0;0;0;0;0;0;0;;;;;;
21.10.2024;13:58;A163;1;2;1;3;4;3;3;2;23;2;0;1;84;8;6;0;0;0;0;0;0;0;0;0;0;0;0;0;0;0;0;0;0;1;83;;;;;;
21.10.2024;13:57;A163;1;5;9;4;10;4;23;0;16;0;0;1;18;4;5;0;0;0;0;0;0;0;0;1;0;0;0;0;0;0;0;0;0;1;42;;;;;;
21.10.2024;13:56;A163;1;7;7;4;3;6;48;1;19;2;2;1;1;13;12;0;0;0;0;0;0;0;0;0;0;0;0;0;0;0;0;0;0;2;1;;;;;;
21.10.2024;13:55;A163;1;1;1;2;5;2;91;0;0;0;20;1;1;3;6;0;0;0;0;0;0;0;0;1;0;1;0;0;0;0;0;0;0;1;1;;;;;;
21.10.2024;13:54;A163;1;1;1;3;4;2;42;0;0;3;54;1;4;1;0;0;0;0;0;0;0;0;0;0;0;0;0;0;0;0;0;0;0;0;22;;;;;;
21.10.2024;13:53;A163;1;4;4;2;3;4;5;2;2;1;86;0;0;7;11;1;0;0;0;0;0;0;0;0;0;0;0;0;0;0;0;0;0;1;62;;;;;;
21.10.2024;13:52;A163;1;6;8;5;42;5;55;5;55;0;0;0;0;3;4;0;0;0;0;0;0;0;0;0;0;0;0;0;0;0;0;0;0;0;0;;;;;;
21.10.2024;13:51;A163;1;7;10;1;2;7;79;1;54;0;0;1;71;8;16;0;0;0;0;0;0;1;0;0;0;0;0;0;0;0;0;0;0;1;71;;;;;;
21.10.2024;13:50;A163;1;6;5;6;8;7;57;1;27;1;40;0;0;5;7;0;0;0;0;0;0;0;0;0;0;1;0;0;0;0;0;0;0;0;0;;;;;;
21.10.2024;13:49;A163;1;6;8;3;4;5;13;0;0;0;0;2;0;9;8;1;0;0;0;0;0;0;0;0;0;1;0;0;0;0;0;0;0;2;0;;;;;;
21.10.2024;13:48;A163;1;3;3;6;7;4;62;2;3;2;1;0;0;3;3;1;0;0;0;0;0;0;0;0;0;0;0;0;0;0;0;0;0;0;0;;;;;;
21.10.2024;13:47;A163;1;3;3;1;0;4;49;0;0;1;1;0;0;6;45;0;0;0;0;0;0;0;0;0;0;0;0;0;0;0;0;0;0;0;0;;;;;;
21.10.2024;13:46;A163;1;3;5;2;4;3;4;0;0;2;1;1;1;3;3;0;0;0;0;0;0;0;0;1;0;2;0;0;0;0;0;0;0;1;1;;;;;;
21.10.2024;13:45;A163;1;2;2;1;1;1;52;0;0;0;0;1;73;7;6;0;0;0;0;0;0;0;0;0;0;0;0;0;0;0;0;0;0;1;73;;;;;;
21.10.2024;13:44;A163;1;3;3;4;3;4;9;1;0;1;84;0;0;4;4;0;0;0;0;0;0;0;0;0;0;0;0;0;0;0;0;0;0;0;0;;;;;;
21.10.2024;13:43;A163;1;12;42;6;19;12;33;5;21;1;26;2;1;5;22;2;0;0;0;0;0;0;0;0;0;0;0;0;0;0;0;0;0;2;1;;;;;;
21.10.2024;13:42;A163;1;5;73;3;13;5;17;1;29;1;0;0;0;8;22;0;0;0;0;0;0;0;0;0;0;1;0;0;0;0;0;0;0;0;0;;;;;;
21.10.2024;13:41;A163;1;4;6;0;100;3;89;0;0;0;0;0;37;6;6;0;0;1;0;0;0;0;0;0;0;0;0;0;0;0;0;0;0;0;36;;;;;;
21.10.2024;13:40;A163;1;3;3;2;6;5;78;2;4;1;18;1;28;5;5;0;0;0;0;0;0;0;0;2;0;6;1;0;0;0;0;0;0;1;28;;;;;;
21.10.2024;13:39;A163;1;7;8;5;6;7;58;0;0;1;48;0;0;7;26;0;0;0;0;0;0;0;0;0;0;0;0;0;0;0;0;0;0;0;0;;;;;;
21.10.2024;13:38;A163;1;3;2;3;2;2;49;0;0;2;24;0;0;9;10;0;0;0;0;0;0;0;0;1;0;2;0;0;0;0;0;0;0;0;0;;;;;;
21.10.2024;13:37;A163;1;5;41;4;5;6;59;0;0;3;53;0;0;5;12;0;0;0;0;0;0;0;0;0;0;0;0;0;0;0;0;0;0;0;0;;;;;;
21.10.2024;13:36;A163;1;7;19;3;20;6;27;1;2;0;0;1;36;6;5;2;0;2;0;0;0;0;0;0;0;0;0;0;0;0;0;0;0;1;36;;;;;;
21.10.2024;13:35;A163;1;6;7;5;12;6;76;0;0;2;53;1;38;5;22;1;0;0;0;0;0;0;0;0;0;0;0;0;0;0;0;0;0;1;38;;;;;;
21.10.2024;13:34;A163;1;0;0;1;0;1;94;1;60;1;35;0;0;3;90;0;0;0;0;0;0;0;0;0;0;0;0;0;0;0;0;0;0;0;0;;;;;;
21.10.2024;13:33;A163;1;1;0;1;83;1;56;0;0;5;47;1;1;5;8;0;0;0;0;0;0;0;0;1;0;0;0;0;0;0;0;0;0;1;1;;;;;;
21.10.2024;13:32;A163;1;2;2;1;15;2;59;1;1;1;25;1;1;10;9;0;0;1;0;0;0;0;0;2;0;0;0;0;0;0;0;0;0;1;1;;;;;;
21.10.2024;13:31;A163;1;9;11;1;27;8;59;1;1;1;3;2;0;11;9;0;0;0;0;0;0;0;0;4;1;0;0;0;0;0;0;0;0;2;1;;;;;;
21.10.2024;13:30;A163;1;8;10;3;1;8;79;0;0;0;0;3;19;8;57;0;0;0;0;0;0;0;0;1;0;0;0;0;0;0;0;0;0;4;19;;;;;;
21.10.2024;13:29;A163;1;3;3;4;5;4;47;1;1;1;63;1;0;8;46;1;0;0;0;0;0;0;0;0;0;0;0;0;0;0;0;0;0;1;0;;;;;;
21.10.2024;13:28;A163;1;2;2;1;1;1;1;0;0;1;51;3;1;10;35;0;0;0;0;0;0;0;0;0;0;0;0;0;0;0;0;0;0;3;2;;;;;;
21.10.2024;13:27;A163;1;0;0;0;0;1;1;0;0;4;37;2;1;8;46;0;0;0;0;0;0;0;0;1;0;0;0;0;0;0;0;0;0;2;1;;;;;;
21.10.2024;13:26;A163;1;1;1;2;9;1;1;1;70;3;38;2;10;5;22;0;0;0;0;0;0;2;0;0;0;0;0;0;0;0;0;0;0;2;10;;;;;;
21.10.2024;13:25;A163;1;6;7;4;9;6;73;2;66;1;54;1;1;2;6;0;0;0;0;0;0;0;0;0;0;0;0;0;0;0;0;0;0;1;1;;;;;;
21.10.2024;13:24;A163;1;8;11;2;1;7;81;0;0;0;0;1;75;11;15;1;0;0;0;0;0;0;0;0;0;0;0;0;0;0;0;0;0;1;75;;;;;;
21.10.2024;13:23;A163;1;4;3;2;1;5;4;0;0;1;73;0;0;5;5;1;0;0;0;0;0;0;0;1;0;0;0;0;0;0;0;0;0;0;0;;;;;;
21.10.2024;13:22;A163;1;4;4;2;3;3;19;0;0;0;0;3;12;6;35;3;0;0;0;1;0;0;0;0;0;1;0;0;0;0;0;0;0;3;12;;;;;;
21.10.2024;13:21;A163;1;2;1;4;4;3;8;1;2;1;50;0;0;7;10;0;0;0;0;0;0;0;0;0;0;0;0;0;0;0;0;0;0;0;0;;;;;;
21.10.2024;13:20;A163;1;4;5;4;6;4;5;3;0;1;37;1;1;5;8;1;0;0;0;0;0;0;0;0;0;0;0;0;0;0;0;0;0;1;1;;;;;;
21.10.2024;13:19;A163;1;1;0;1;1;2;34;2;57;0;0;0;0;3;2;0;0;0;0;0;0;0;0;0;0;0;0;0;0;0;0;0;0;0;0;;;;;;
21.10.2024;13:18;A163;1;3;3;1;4;5;7;1;2;1;1;2;1;4;3;1;0;0;0;0;0;0;0;0;0;0;0;0;0;0;0;0;0;4;2;;;;;;
21.10.2024;13:17;A163;1;5;5;2;3;5;20;1;9;0;0;1;1;6;6;1;0;1;0;0;0;0;0;0;0;0;0;0;0;0;0;0;0;1;1;;;;;;
21.10.2024;13:16;A163;1;3;41;2;1;2;35;0;0;0;0;1;0;4;3;0;0;0;0;0;0;0;0;0;0;0;0;0;0;0;0;0;0;1;0;;;;;;
21.10.2024;13:15;A163;1;4;61;2;27;6;41;1;17;2;69;0;69;5;5;0;0;0;0;0;0;0;0;0;0;0;0;0;0;0;0;0;0;0;69;;;;;;
21.10.2024;13:14;A163;1;1;1;2;94;2;82;1;89;2;51;2;11;6;23;1;0;0;0;0;0;0;0;0;0;0;0;0;0;0;0;0;0;2;12;;;;;;
21.10.2024;13:13;A163;1;3;3;0;100;1;1;1;54;1;3;1;0;8;14;0;0;1;0;0;0;1;0;0;0;0;0;0;0;0;0;0;0;1;0;;;;;;
21.10.2024;13:12;A163;1;3;5;2;7;5;70;3;80;1;17;0;0;4;11;0;0;4;1;0;0;0;0;0;0;0;0;0;0;0;0;0;0;0;0;;;;;;
21.10.2024;13:11;A163;1;7;9;4;8;6;77;0;0;2;9;0;0;8;18;0;0;0;0;0;0;0;0;1;0;1;0;0;0;0;0;0;0;0;0;;;;;;
21.10.2024;13:10;A163;1;7;8;2;2;8;29;0;0;4;55;2;20;7;9;0;0;0;0;0;0;0;0;0;0;0;0;0;0;0;0;0;0;2;20;;;;;;
21.10.2024;13:09;A163;1;6;9;6;11;6;26;0;0;1;1;1;35;1;1;0;0;0;0;0;0;0;0;1;0;0;0;0;0;0;0;0;0;1;35;;;;;;
21.10.2024;13:08;A163;1;4;4;3;3;4;5;1;1;1;2;2;2;8;13;0;0;0;0;0;0;0;0;0;0;0;0;0;0;0;0;0;0;2;2;;;;;;
21.10.2024;13:07;A163;1;3;3;3;3;2;2;1;1;1;1;1;1;6;7;1;0;0;0;0;0;0;0;0;0;0;0;0;0;0;0;0;0;1;1;;;;;;
21.10.2024;13:06;A163;1;4;4;2;1;4;41;0;0;1;0;0;0;8;9;0;0;0;0;0;0;0;0;1;0;0;0;0;0;0;0;0;0;0;0;;;;;;
21.10.2024;13:05;A163;1;1;87;0;0;2;63;0;0;3;25;1;0;5;22;0;0;0;0;0;0;0;0;2;0;0;0;0;0;0;0;0;0;2;0;;;;;;
21.10.2024;13:04;A163;1;7;8;2;3;7;25;1;3;3;64;0;0;4;4;2;0;1;0;0;0;0;0;0;0;0;0;0;0;0;0;0;0;1;0;;;;;;
21.10.2024;13:03;A163;1;5;6;2;2;6;48;0;0;1;84;0;0;7;6;1;0;0;0;0;0;1;0;0;0;1;0;0;0;0;0;0;0;0;0;;;;;;
21.10.2024;13:02;A163;1;7;9;1;38;6;39;0;0;1;1;0;0;7;11;0;0;0;0;0;0;0;0;0;0;0;0;0;0;0;0;0;0;0;0;;;;;;
21.10.2024;13:01;A163;1;0;0;2;45;1;46;1;2;1;1;0;0;5;4;1;0;0;0;0;0;0;0;0;0;0;0;0;0;0;0;0;0;1;0;;;;;;
21.10.2024;13:00;A163;1;7;9;4;10;5;9;1;1;2;51;2;2;7;8;0;0;1;0;0;0;0;0;0;0;0;0;0;0;0;0;0;0;2;2;;;;;;
21.10.2024;12:59;A163;1;2;3;2;82;3;81;1;2;2;34;2;2;4;4;2;0;0;0;0;0;0;0;0;0;0;0;0;0;0;0;0;0;2;2;;;;;;
21.10.2024;12:58;A163;1;3;3;1;43;4;59;1;2;1;28;1;1;2;2;1;0;0;0;0;0;0;0;1;0;0;0;0;0;0;0;0;0;1;1;;;;;;
21.10.2024;12:57;A163;1;7;8;5;9;6;71;2;31;5;9;0;0;8;17;1;0;0;0;0;0;0;0;0;0;1;0;0;0;0;0;0;0;0;0;;;;;;
21.10.2024;12:56;A163;1;7;12;2;9;6;22;1;0;0;0;5;4;5;7;1;0;0;0;0;0;0;0;0;0;0;0;0;0;0;0;0;0;7;4;;;;;;
21.10.2024;12:55;A163;1;7;14;3;61;9;72;3;5;0;0;0;0;5;12;1;0;0;0;0;0;0;0;0;0;1;0;0;0;0;0;0;0;0;0;;;;;;
21.10.2024;12:54;A163;1;5;10;2;24;6;59;3;19;1;10;2;37;4;4;1;0;0;0;0;0;0;0;1;0;2;0;0;0;0;0;0;0;2;33;;;;;;
21.10.2024;12:53;A163;1;8;9;0;100;7;77;0;0;1;1;0;0;9;24;0;0;1;0;0;0;0;0;0;0;0;0;0;0;0;0;0;0;0;0;;;;;;
21.10.2024;12:52;A163;1;1;1;1;95;3;85;5;9;2;36;2;1;6;81;0;0;0;0;1;0;4;1;1;0;1;0;0;0;0;0;0;0;2;1;;;;;;
21.10.2024;12:51;A163;1;3;3;2;3;4;82;2;54;2;52;0;0;3;89;1;0;0;0;0;0;1;0;0;0;0;0;0;0;0;0;0;0;0;0;;;;;;
21.10.2024;12:50;A163;1;7;9;4;5;7;22;0;0;1;58;2;0;6;80;1;0;1;0;0;0;0;0;1;0;2;0;0;0;0;0;0;0;2;0;;;;;;
21.10.2024;12:49;A163;1;8;8;6;9;7;54;3;50;1;1;2;0;8;9;1;0;0;0;0;0;0;0;0;0;0;0;0;0;0;0;0;0;2;1;;;;;;
21.10.2024;12:48;A163;1;2;2;2;0;2;63;1;21;2;16;1;1;4;4;1;0;0;0;0;0;0;0;0;0;1;0;0;0;0;0;0;0;2;1;;;;;;
21.10.2024;12:47;A163;1;2;1;3;4;3;50;0;11;3;17;1;0;5;4;0;0;0;0;0;0;0;0;0;0;0;0;0;0;0;0;0;0;1;0;;;;;;
21.10.2024;12:46;A163;1;5;10;10;17;5;12;2;17;0;49;0;50;9;10;0;0;0;0;0;0;0;0;0;0;2;0;0;0;0;0;0;0;0;49;;;;;;
21.10.2024;12:45;A163;1;0;0;0;9;1;73;1;8;1;16;2;61;1;0;0;0;0;0;0;0;0;0;0;0;0;0;0;0;0;0;0;0;1;61;;;;;;
21.10.2024;12:44;A163;1;1;1;2;3;1;0;2;5;0;0;2;27;5;4;2;0;0;0;0;0;0;0;0;0;0;0;0;0;0;0;0;0;2;27;;;;;;
21.10.2024;12:43;A163;1;6;7;2;6;6;75;0;0;2;1;0;0;9;14;0;0;0;0;0;0;0;0;0;0;0;0;0;0;0;0;0;0;0;0;;;;;;
21.10.2024;12:42;A163;1;5;15;2;62;5;84;1;0;1;52;0;0;4;50;0;0;0;0;0;0;0;0;1;0;0;0;0;0;0;0;0;0;0;0;;;;;;
21.10.2024;12:41;A163;1;5;9;2;3;5;61;0;0;2;62;0;0;6;7;1;0;1;0;0;0;0;0;0;0;0;0;0;0;0;0;0;0;0;0;;;;;;
21.10.2024;12:40;A163;1;6;8;2;2;6;34;2;2;0;0;0;0;6;6;0;0;0;0;0;0;0;0;1;0;0;0;0;0;0;0;0;0;0;0;;;;;;
21.10.2024;12:39;A163;1;8;21;2;4;8;68;0;0;1;29;0;0;8;13;0;0;0;0;0;0;0;0;0;0;0;0;0;0;0;0;0;0;0;0;;;;;;
21.10.2024;12:38;A163;1;5;5;2;4;3;84;1;81;2;2;1;31;4;3;0;0;0;0;0;0;0;0;0;0;0;0;0;0;0;0;0;0;1;31;;;;;;
21.10.2024;12:37;A163;1;3;3;2;2;4;86;0;0;1;4;0;0;1;0;0;0;0;0;0;0;0;0;0;0;0;0;0;0;0;0;0;0;0;0;;;;;;
21.10.2024;12:36;A163;1;3;3;6;10;4;4;5;7;0;0;2;1;8;6;2;0;0;0;0;0;0;0;0;0;0;0;0;0;0;0;0;0;2;0;;;;;;
21.10.2024;12:35;A163;1;4;4;3;4;4;54;1;40;0;0;1;1;5;8;0;0;0;0;0;0;0;0;0;0;0;0;0;0;0;0;0;0;1;1;;;;;;
21.10.2024;12:34;A163;1;2;2;2;17;2;25;1;31;1;45;1;47;5;5;1;0;0;0;0;0;0;0;1;0;0;0;0;0;0;0;0;0;1;47;;;;;;
21.10.2024;12:33;A163;1;2;1;1;1;2;2;1;30;0;0;1;32;3;3;0;0;0;0;0;0;0;0;1;0;0;0;0;0;0;0;0;0;1;32;;;;;;
21.10.2024;12:32;A163;1;4;4;4;3;3;3;0;0;1;38;0;48;6;5;1;0;0;0;0;0;0;0;0;0;0;0;0;0;0;0;0;0;0;48;;;;;;
21.10.2024;12:31;A163;1;3;2;1;0;2;44;0;0;2;6;1;10;0;0;0;0;0;0;0;0;0;0;0;0;0;0;0;0;0;0;0;0;1;11;;;;;;
21.10.2024;12:30;A163;1;1;2;2;1;3;71;0;0;0;14;1;1;7;12;1;0;0;0;3;0;1;0;0;0;1;0;0;0;0;0;0;0;1;1;;;;;;
21.10.2024;12:29;A163;1;9;9;1;0;8;9;0;0;1;51;0;0;7;5;0;0;0;0;0;0;0;0;1;0;0;0;0;0;0;0;0;0;0;0;;;;;;
21.10.2024;12:28;A163;1;4;3;2;1;4;52;0;0;0;0;0;0;6;6;0;0;0;0;0;0;0;0;0;0;0;0;0;0;0;0;0;0;0;0;;;;;;
21.10.2024;12:27;A163;1;6;44;2;43;5;69;1;1;1;74;2;6;4;5;0;0;0;0;0;0;0;0;1;0;0;0;0;0;0;0;0;0;2;9;;;;;;
21.10.2024;12:26;A163;1;4;58;1;73;5;88;4;22;2;19;0;0;6;21;1;0;1;0;0;0;1;0;0;0;0;0;0;0;0;0;0;0;0;0;;;;;;
21.10.2024;12:25;A163;1;2;2;1;31;2;49;2;37;1;1;0;0;7;30;0;0;0;0;0;0;0;0;0;0;1;0;0;0;0;0;0;0;0;0;;;;;;
21.10.2024;12:24;A163;1;4;6;0;16;3;45;1;38;1;32;2;1;9;14;0;0;0;0;0;0;0;0;0;0;0;0;0;0;0;0;0;0;2;1;;;;;;
21.10.2024;12:23;A163;1;3;84;2;2;4;21;1;4;1;42;0;0;5;5;2;0;0;0;0;0;0;0;1;0;0;0;0;0;0;0;0;0;0;0;;;;;;
21.10.2024;12:22;A163;1;6;85;5;12;7;16;1;26;3;73;1;7;9;59;0;0;0;0;0;0;0;0;0;0;1;0;0;0;0;0;0;0;0;4;;;;;;
21.10.2024;12:21;A163;1;2;32;2;83;4;88;1;11;1;78;1;52;6;29;0;0;0;0;0;0;0;0;0;0;4;1;0;0;0;0;0;0;1;53;;;;;;
21.10.2024;12:20;A163;1;5;6;5;42;6;79;4;8;3;1;0;0;11;65;0;0;0;0;0;0;0;0;1;0;0;0;0;0;0;0;0;0;1;0;;;;;;
21.10.2024;12:19;A163;1;6;11;1;30;7;39;0;0;3;11;1;0;6;77;0;0;0;0;0;0;0;0;0;0;0;0;0;0;0;0;0;0;0;0;;;;;;
21.10.2024;12:18;A163;1;5;6;1;90;5;29;3;8;1;29;1;22;9;71;0;0;0;0;0;0;1;0;0;0;0;0;0;0;0;0;0;0;1;22;;;;;;
21.10.2024;12:17;A163;1;3;2;3;3;4;74;1;51;1;7;1;3;6;82;0;0;0;0;0;0;1;0;0;0;0;0;0;0;0;0;0;0;1;20;;;;;;
21.10.2024;12:16;A163;1;1;1;0;0;1;58;0;0;1;17;0;0;7;13;1;0;0;0;0;0;0;0;0;0;0;0;0;0;0;0;0;0;0;0;;;;;;
21.10.2024;12:15;A163;1;5;14;1;12;5;6;0;0;1;65;0;0;5;9;2;0;0;0;0;0;0;0;1;0;0;0;0;0;0;0;0;0;0;0;;;;;;
21.10.2024;12:14;A163;1;8;66;1;15;8;67;0;0;0;0;0;0;9;69;0;0;0;0;0;0;0;0;0;0;0;0;0;0;0;0;0;0;0;0;;;;;;
21.10.2024;12:13;A163;1;5;46;1;3;5;80;0;33;0;0;0;0;6;80;0;0;0;0;0;0;0;0;0;0;0;0;0;0;0;0;0;0;0;0;;;;;;
21.10.2024;12:12;A163;1;6;29;2;4;5;83;2;12;0;0;0;0;8;78;2;0;0;0;0;0;0;0;0;0;0;0;0;0;0;0;0;0;0;0;;;;;;
21.10.2024;12:11;A163;1;4;75;2;12;4;82;1;3;0;52;0;0;8;32;0;0;0;0;1;0;2;0;0;0;0;0;0;0;0;0;0;0;0;0;;;;;;
21.10.2024;12:10;A163;1;0;0;2;6;1;60;1;14;3;43;1;2;6;25;0;0;0;0;0;0;0;0;0;0;0;0;0;0;0;0;0;0;1;2;;;;;;
21.10.2024;12:09;A163;1;4;3;3;3;4;3;1;0;2;3;0;0;5;7;0;0;0;0;0;0;0;0;0;0;1;0;0;0;0;0;0;0;0;0;;;;;;
21.10.2024;12:08;A163;1;2;2;1;3;2;50;1;46;2;0;0;30;4;8;0;0;0;0;0;0;0;0;0;0;0;0;0;0;0;0;0;0;0;29;;;;;;
21.10.2024;12:07;A163;1;5;5;5;3;5;33;0;0;0;0;1;14;7;42;0;0;0;0;0;0;0;0;1;0;0;0;0;0;0;0;0;0;1;14;;;;;;
21.10.2024;12:06;A163;1;2;2;1;0;2;5;1;0;3;60;2;0;9;11;2;0;0;0;0;0;0;0;0;0;0;0;0;0;0;0;0;0;2;0;;;;;;
21.10.2024;12:05;A163;1;4;6;4;5;3;18;0;0;1;3;0;0;8;13;0;0;0;0;0;0;0;0;0;0;1;0;0;0;0;0;0;0;0;0;;;;;;
21.10.2024;12:04;A163;1;6;7;2;2;5;66;0;0;1;1;0;0;6;5;0;0;0;0;0;0;0;0;1;0;1;0;0;0;0;0;0;0;0;0;;;;;;
21.10.2024;12:03;A163;1;3;8;2;89;4;91;1;2;0;33;0;0;2;2;0;0;0;0;0;0;0;0;0;0;0;0;0;0;0;0;0;0;0;0;;;;;;
21.10.2024;12:02;A163;1;2;2;1;10;3;83;1;26;2;43;2;18;4;8;0;0;0;0;0;0;0;0;0;0;0;0;0;0;0;0;0;0;1;17;;;;;;
21.10.2024;12:01;A163;1;4;3;2;4;4;5;2;1;0;0;1;22;5;8;0;0;0;0;0;0;0;0;0;0;0;0;0;0;0;0;0;0;1;22;;;;;;
21.10.2024;12:00;A163;1;2;3;2;1;3;6;1;4;0;0;1;66;7;41;1;0;0;0;0;0;0;0;0;0;0;0;0;0;0;0;0;0;1;66;;;;;;
21.10.2024;11:59;A163;1;4;5;2;1;3;36;0;0;3;63;2;0;8;12;0;0;0;0;0;0;0;0;0;0;0;0;0;0;0;0;0;0;1;0;;;;;;
21.10.2024;11:58;A163;1;6;26;1;3;6;77;2;2;0;0;0;0;5;4;0;0;0;0;0;0;0;0;0;0;0;0;0;0;0;0;0;0;0;0;;;;;;
21.10.2024;11:57;A163;1;4;71;2;7;3;89;2;14;0;0;1;10;3;6;0;0;0;0;0;0;0;0;1;0;2;0;0;0;0;0;0;0;1;10;;;;;;
21.10.2024;11:56;A163;1;0;0;1;0;1;21;1;20;0;0;1;33;4;3;0;0;1;0;0;0;0;0;0;0;0;0;0;0;0;0;0;0;1;32;;;;;;
21.10.2024;11:55;A163;1;3;3;3;2;3;4;0;0;0;0;1;0;2;1;0;0;0;0;0;0;0;0;0;0;0;0;0;0;0;0;0;0;0;0;;;;;;
21.10.2024;11:54;A163;1;3;3;4;10;3;66;1;0;0;0;0;0;7;10;0;0;0;0;0;0;0;0;0;0;0;0;0;0;0;0;0;0;0;0;;;;;;
21.10.2024;11:53;A163;1;5;6;2;4;5;56;1;1;0;22;1;1;9;13;0;0;0;0;1;0;1;0;0;0;0;0;0;0;0;0;0;0;1;1;;;;;;
21.10.2024;11:52;A163;1;3;4;2;30;4;32;3;15;1;15;0;0;4;7;0;0;0;0;0;0;0;0;0;0;1;0;0;0;0;0;0;0;0;0;;;;;;
21.10.2024;11:51;A163;1;7;7;3;4;6;24;1;2;0;0;1;34;5;9;0;0;0;0;0;0;0;0;0;0;0;0;0;0;0;0;0;0;1;34;;;;;;
21.10.2024;11:50;A163;1;3;1;2;1;1;52;0;0;0;0;0;0;6;10;0;0;0;0;0;0;0;0;0;0;0;0;0;0;0;0;0;0;0;0;;;;;;
21.10.2024;11:49;A163;1;1;0;2;1;2;4;1;0;0;0;0;0;1;1;1;0;0;0;0;0;0;0;0;0;0;0;0;0;0;0;0;0;0;0;;;;;;
21.10.2024;11:48;A163;1;2;2;3;2;2;3;1;0;0;0;1;0;10;10;0;0;0;0;0;0;0;0;0;0;0;0;0;0;0;0;0;0;0;0;;;;;;
21.10.2024;11:47;A163;1;2;5;5;14;1;72;1;1;0;0;2;2;5;13;0;0;0;0;0;0;0;0;0;0;0;0;0;0;0;0;0;0;2;2;;;;;;
21.10.2024;11:46;A163;1;3;2;3;2;3;7;0;0;0;0;0;0;10;13;1;0;0;0;0;0;0;0;1;0;0;0;0;0;0;0;0;0;0;0;;;;;;
21.10.2024;11:45;A163;1;5;6;1;2;5;38;1;26;0;0;0;0;2;2;0;0;0;0;0;0;0;0;0;0;0;0;0;0;0;0;0;0;0;0;;;;;;
21.10.2024;11:44;A163;1;2;22;1;1;3;17;1;0;0;66;0;0;3;14;0;0;0;0;0;0;0;0;0;0;0;0;0;0;0;0;0;0;0;0;;;;;;
21.10.2024;11:43;A163;1;4;72;4;6;3;7;0;0;1;19;1;41;7;14;1;0;0;0;0;0;0;0;1;0;1;0;0;0;0;0;0;0;0;48;;;;;;
21.10.2024;11:42;A163;1;0;0;0;1;1;53;0;0;0;0;3;2;7;9;0;0;0;0;0;0;0;0;0;0;0;0;0;0;0;0;0;0;4;12;;;;;;
21.10.2024;11:41;A163;1;2;2;3;9;2;60;3;71;0;14;0;0;1;1;1;0;0;0;0;0;0;0;0;0;0;0;0;0;0;0;0;0;0;0;;;;;;
21.10.2024;11:40;A163;1;6;6;3;4;6;6;2;0;1;36;0;0;5;4;2;0;1;0;0;0;0;0;0;0;0;0;0;0;0;0;0;0;0;0;;;;;;
21.10.2024;11:39;A163;1;5;6;2;9;6;54;1;1;1;1;2;1;9;12;0;0;0;0;0;0;0;0;0;0;0;0;0;0;0;0;0;0;1;0;;;;;;
21.10.2024;11:38;A163;1;3;8;3;9;2;44;1;1;1;79;0;0;6;53;1;0;0;0;0;0;0;0;0;0;1;0;0;0;0;0;0;0;0;0;;;;;;
21.10.2024;11:37;A163;1;4;4;2;3;4;19;1;1;2;52;1;0;7;33;0;0;0;0;0;0;0;0;0;0;0;0;0;0;0;0;0;0;1;0;;;;;;
21.10.2024;11:36;A163;1;5;6;0;0;5;66;0;0;0;48;0;0;4;7;0;0;0;0;0;0;0;0;0;0;0;0;0;0;0;0;0;0;0;0;;;;;;
21.10.2024;11:35;A163;1;3;5;3;8;3;80;0;0;1;16;2;1;4;4;0;0;0;0;0;0;0;0;0;0;0;0;0;0;0;0;0;0;2;1;;;;;;
21.10.2024;11:34;A163;1;1;1;2;1;2;67;2;2;1;16;1;1;3;3;0;0;0;0;0;0;0;0;0;0;0;0;0;0;0;0;0;0;1;1;;;;;;
21.10.2024;11:33;A163;1;5;7;1;2;4;75;1;27;1;72;0;0;8;9;0;0;0;0;0;0;0;0;1;0;1;0;0;0;0;0;0;0;0;0;;;;;;
21.10.2024;11:32;A163;1;6;10;5;9;6;69;2;3;1;60;2;0;6;6;0;0;0;0;0;0;0;0;0;0;0;0;0;0;0;0;0;0;2;0;;;;;;
21.10.2024;11:31;A163;1;5;7;4;5;6;9;1;2;1;1;0;0;5;11;1;0;0;0;0;0;0;0;0;0;0;0;0;0;0;0;0;0;0;0;;;;;;
21.10.2024;11:30;A163;1;5;7;5;8;5;25;0;11;0;0;0;0;5;7;0;0;0;0;0;0;0;0;0;0;1;0;0;0;0;0;0;0;0;0;;;;;;
21.10.2024;11:29;A163;1;7;10;1;3;7;14;2;28;0;0;2;0;10;20;0;0;1;0;0;0;0;0;0;0;0;0;0;0;0;0;0;0;2;0;;;;;;
21.10.2024;11:28;A163;1;1;1;0;0;2;87;1;1;1;1;0;0;9;16;0;0;0;0;0;0;0;0;0;0;0;0;0;0;0;0;0;0;0;0;;;;;;
21.10.2024;11:27;A163;1;1;1;1;86;1;77;0;0;2;22;0;0;6;83;0;0;0;0;0;0;0;0;0;0;1;0;0;0;0;0;0;0;0;0;;;;;;
21.10.2024;11:26;A163;1;4;5;1;24;5;55;1;64;1;69;0;1;4;86;1;0;0;0;0;0;0;0;0;0;0;0;0;0;0;0;0;0;0;1;;;;;;
21.10.2024;11:25;A163;1;4;4;1;2;4;39;3;47;1;49;1;68;8;49;0;0;0;0;0;0;0;0;0;0;0;0;0;0;0;0;0;0;1;68;;;;;;
21.10.2024;11:24;A163;1;5;6;2;2;4;36;2;3;0;0;0;0;8;25;0;0;0;0;0;0;2;0;2;0;0;0;0;0;0;0;0;0;0;0;;;;;;
21.10.2024;11:23;A163;1;6;9;2;45;7;58;2;3;1;1;0;0;5;5;0;0;0;0;0;0;0;0;0;0;0;0;0;0;0;0;0;0;0;0;;;;;;
21.10.2024;11:22;A163;1;3;3;2;92;3;3;3;5;1;1;0;0;5;21;0;0;0;0;0;0;0;0;1;0;0;0;0;0;0;0;0;0;0;0;;;;;;
21.10.2024;11:21;A163;1;1;1;3;5;1;51;3;67;1;0;0;0;5;14;0;0;0;0;0;0;0;0;1;0;1;0;0;0;0;0;0;0;0;0;;;;;;
21.10.2024;11:20;A163;1;2;3;1;5;2;84;1;65;1;1;0;0;4;81;1;0;0;0;0;0;0;0;0;0;0;0;0;0;0;0;0;0;0;0;;;;;;
21.10.2024;11:19;A163;1;1;0;0;0;2;4;0;0;1;0;0;0;6;7;1;0;0;0;0;0;0;0;0;0;0;0;0;0;0;0;0;0;0;0;;;;;;
21.10.2024;11:18;A163;1;4;5;0;0;3;51;0;0;1;75;0;0;7;6;0;0;0;0;0;0;0;0;0;0;0;0;0;0;0;0;0;0;0;0;;;;;;
21.10.2024;11:17;A163;1;4;5;5;8;3;31;5;41;3;42;0;0;3;2;0;0;0;0;0;0;0;0;0;0;0;0;0;0;0;0;0;0;0;0;;;;;;
21.10.2024;11:16;A163;1;2;3;1;22;3;68;1;2;2;69;0;0;2;2;0;0;0;0;0;0;0;0;0;0;1;0;0;0;0;0;0;0;0;0;;;;;;
21.10.2024;11:15;A163;1;4;5;4;19;0;100;3;2;2;50;0;0;8;7;0;0;0;0;0;0;0;0;0;0;0;0;0;0;0;0;0;0;0;0;;;;;;
21.10.2024;11:14;A163;1;1;0;1;0;0;100;5;50;1;26;0;0;2;2;0;0;0;0;0;0;0;0;0;0;0;0;0;0;0;0;0;0;0;0;;;;;;
21.10.2024;11:13;A163;1;2;1;2;1;2;9;3;3;0;0;0;0;2;2;1;0;0;0;0;0;0;0;1;0;0;0;0;0;0;0;0;0;0;0;;;;;;
21.10.2024;11:12;A163;1;2;5;1;3;2;65;0;0;0;2;0;0;10;31;0;0;0;0;0;0;0;0;0;0;0;0;0;0;0;0;0;0;0;0;;;;;;
21.10.2024;11:11;A163;1;4;5;2;4;4;24;1;2;3;2;0;0;6;50;0;0;0;0;0;0;0;0;2;0;0;0;0;0;0;0;0;0;0;0;;;;;;
21.10.2024;11:10;A163;1;5;11;7;13;5;10;3;12;1;2;0;0;5;8;0;0;0;0;0;0;0;0;1;0;1;0;0;0;0;0;0;0;0;0;;;;;;
21.10.2024;11:09;A163;1;4;5;3;5;4;5;1;14;0;0;1;0;3;7;0;0;0;0;0;0;0;0;0;0;0;0;0;0;0;0;0;0;1;0;;;;;;
21.10.2024;11:08;A163;1;7;9;2;3;7;11;1;10;1;1;1;1;5;5;0;0;0;0;0;0;0;0;0;0;0;0;0;0;0;0;0;0;1;1;;;;;;
21.10.2024;11:07;A163;1;0;0;0;0;1;49;0;0;1;24;1;1;5;7;0;0;0;0;0;0;0;0;0;0;0;0;0;0;0;0;0;0;1;1;;;;;;
21.10.2024;11:06;A163;1;1;1;1;0;1;33;0;0;0;0;0;0;5;7;0;0;0;0;0;0;0;0;1;0;0;0;0;0;0;0;0;0;0;0;;;;;;
21.10.2024;11:05;A163;1;3;5;2;1;3;5;0;0;0;0;0;0;8;15;0;0;0;0;0;0;0;0;0;0;1;0;0;0;0;0;0;0;0;0;;;;;;
21.10.2024;11:04;A163;1;6;8;2;2;5;61;0;0;0;0;0;0;7;6;1;0;1;0;0;0;0;0;1;0;0;0;0;0;0;0;0;0;0;0;;;;;;
21.10.2024;11:03;A163;1;4;5;0;0;4;54;0;0;1;2;0;0;4;5;0;0;0;0;0;0;0;0;0;0;0;0;0;0;0;0;0;0;0;0;;;;;;
21.10.2024;11:02;A163;1;2;2;3;15;2;47;2;12;1;0;1;1;3;2;0;0;0;0;0;0;0;0;0;0;0;0;0;0;0;0;0;0;1;1;;;;;;
21.10.2024;11:01;A163;1;7;9;1;0;7;18;0;0;0;0;0;0;5;9;0;0;0;0;0;0;0;0;2;0;0;0;0;0;0;0;0;0;0;0;;;;;;
21.10.2024;11:00;A163;1;2;8;2;4;2;88;0;0;1;1;0;0;1;1;1;0;1;0;0;0;0;0;0;0;0;0;0;0;0;0;0;0;0;0;;;;;;
21.10.2024;10:59;A163;1;1;0;0;0;1;92;0;0;0;14;0;0;4;4;0;0;0;0;0;0;0;0;1;0;0;0;0;0;0;0;0;0;0;0;;;;;;
21.10.2024;10:58;A163;1;2;2;3;6;2;1;1;1;3;29;3;1;6;5;0;0;0;0;0;0;0;0;0;0;0;0;0;0;0;0;0;0;2;0;;;;;;
21.10.2024;10:57;A163;1;7;9;2;5;7;55;0;50;0;0;0;0;7;20;0;0;0;0;0;0;0;0;0;0;0;0;0;0;0;0;0;0;0;0;;;;;;
21.10.2024;10:56;A163;1;2;11;3;5;2;92;1;31;2;23;0;0;4;78;0;0;0;0;0;0;0;0;1;0;0;0;0;0;0;0;0;0;0;0;;;;;;
21.10.2024;10:55;A163;1;3;3;4;6;3;85;1;0;0;0;1;3;8;11;0;0;0;0;0;0;0;0;0;0;0;0;0;0;0;0;0;0;1;3;;;;;;
21.10.2024;10:54;A163;1;1;0;2;2;3;55;0;0;0;0;0;0;7;15;0;0;0;0;0;0;0;0;0;0;0;0;0;0;0;0;0;0;0;0;;;;;;
21.10.2024;10:53;A163;1;5;5;3;4;4;4;1;1;0;0;1;0;8;6;1;0;0;0;0;0;0;0;0;0;0;0;0;0;0;0;0;0;1;0;;;;;;
21.10.2024;10:52;A163;1;3;3;2;3;3;81;4;5;0;13;1;1;0;0;0;0;0;0;0;0;0;0;0;0;0;0;0;0;0;0;0;0;1;1;;;;;;
21.10.2024;10:51;A163;1;2;2;2;2;2;3;1;1;2;58;0;0;6;12;1;0;1;0;0;0;0;0;1;0;0;0;0;0;0;0;0;0;0;0;;;;;;
21.10.2024;10:50;A163;1;2;1;2;55;2;2;1;6;1;26;0;0;5;4;0;0;0;0;0;0;0;0;1;0;0;0;0;0;0;0;0;0;0;0;;;;;;
21.10.2024;10:49;A163;1;2;2;2;53;2;4;1;3;2;37;0;0;6;49;1;0;0;0;0;0;0;0;1;0;0;0;0;0;0;0;0;0;0;0;;;;;;
21.10.2024;10:48;A163;1;5;7;2;7;7;46;4;29;0;65;0;0;5;6;1;0;0;0;0;0;0;0;0;0;0;0;0;0;0;0;0;0;0;0;;;;;;
21.10.2024;10:47;A163;1;5;7;4;22;3;5;4;11;3;51;0;0;8;10;0;0;0;0;0;0;0;0;0;0;0;0;0;0;0;0;0;0;0;0;;;;;;
21.10.2024;10:46;A163;1;2;2;2;2;3;61;1;68;0;31;0;0;3;3;0;0;0;0;0;0;0;0;0;0;0;0;0;0;0;0;0;0;0;0;;;;;;
21.10.2024;10:45;A163;1;3;4;1;1;4;46;0;0;1;48;0;0;6;7;0;0;0;0;0;0;0;0;0;0;0;0;0;0;0;0;0;0;0;0;;;;;;
21.10.2024;10:44;A163;1;6;8;5;11;6;9;0;0;3;16;0;0;4;6;0;0;0;0;0;0;0;0;0;0;0;0;0;0;0;0;0;0;0;0;;;;;;
21.10.2024;10:43;A163;1;4;4;2;6;4;5;1;6;0;0;0;0;6;5;0;0;0;0;0;0;0;0;0;0;0;0;0;0;0;0;0;0;0;0;;;;;;
21.10.2024;10:42;A163;1;3;2;4;9;3;2;1;1;0;0;0;81;10;13;0;0;0;0;0;0;0;0;1;0;2;0;0;0;0;0;0;0;1;81;;;;;;
21.10.2024;10:41;A163;1;9;13;3;5;8;31;0;0;0;0;1;12;5;7;0;0;0;0;0;0;0;0;0;0;0;0;0;0;0;0;0;0;1;13;;;;;;
21.10.2024;10:40;A163;1;4;4;3;4;4;38;0;0;1;49;0;0;5;8;0;0;0;0;0;0;0;0;1;0;0;0;0;0;0;0;0;0;0;0;;;;;;
21.10.2024;10:39;A163;1;1;1;2;2;2;4;1;2;2;4;0;0;5;13;0;0;0;0;0;0;0;0;0;0;0;0;0;0;0;0;0;0;0;0;;;;;;
21.10.2024;10:38;A163;1;2;2;1;3;3;27;1;26;1;15;0;0;6;40;0;0;1;0;0;0;0;0;0;0;0;0;0;0;0;0;0;0;0;0;;;;;;
21.10.2024;10:37;A163;1;3;4;1;58;3;58;0;0;3;34;0;0;1;0;0;0;0;0;0;0;0;0;0;0;0;0;0;0;0;0;0;0;0;0;;;;;;
21.10.2024;10:36;A163;1;3;5;4;31;3;5;2;51;0;16;1;0;5;7;0;0;0;0;0;0;0;0;0;0;0;0;0;0;0;0;0;0;1;0;;;;;;
21.10.2024;10:35;A163;1;2;2;2;12;2;2;2;11;1;0;1;17;2;2;0;0;0;0;0;0;0;0;2;0;0;0;0;0;0;0;0;0;1;17;;;;;;
21.10.2024;10:34;A163;1;3;6;2;2;3;5;1;0;1;1;1;0;7;8;0;0;2;0;0;0;0;0;1;0;0;0;0;0;0;0;0;0;1;0;;;;;;
21.10.2024;10:33;A163;1;10;13;3;6;8;14;1;1;0;0;0;0;3;2;0;0;0;0;0;0;0;0;0;0;0;0;0;0;0;0;0;0;0;0;;;;;;
21.10.2024;10:32;A163;1;1;1;1;1;2;68;1;64;0;0;4;1;5;8;0;0;0;0;0;0;0;0;1;0;0;0;0;0;0;0;0;0;4;1;;;;;;
21.10.2024;10:31;A163;1;4;5;4;8;5;11;2;5;1;1;0;0;2;3;0;0;1;0;0;0;0;0;1;0;0;0;0;0;0;0;0;0;0;0;;;;;;
21.10.2024;10:30;A163;1;3;4;1;95;3;9;2;17;1;1;0;0;3;2;0;0;0;0;0;0;0;0;0;0;0;0;0;0;0;0;0;0;0;0;;;;;;
21.10.2024;10:29;A163;1;3;8;2;41;3;50;2;51;1;15;0;0;8;54;0;0;0;0;0;0;0;0;0;0;1;0;0;0;0;0;0;0;0;0;;;;;;
21.10.2024;10:28;A163;1;4;3;4;6;5;7;1;5;0;80;2;0;4;11;0;0;0;0;0;0;0;0;1;0;0;0;0;0;0;0;0;0;1;0;;;;;;
21.10.2024;10:27;A163;1;3;10;3;7;3;25;1;3;1;9;0;0;8;6;0;0;0;0;0;0;0;0;0;0;0;0;0;0;0;0;0;0;0;0;;;;;;
21.10.2024;10:26;A163;1;2;2;1;2;3;64;1;1;0;0;0;0;2;2;0;0;0;0;0;0;0;0;1;0;0;0;0;0;0;0;0;0;0;0;;;;;;
21.10.2024;10:25;A163;1;3;87;2;30;3;27;3;4;0;0;1;0;6;12;1;0;0;0;0;0;0;0;0;0;0;0;0;0;0;0;0;0;0;0;;;;;;
21.10.2024;10:24;A163;1;1;1;4;9;2;41;1;49;2;2;0;0;8;37;0;0;0;0;0;0;0;0;0;0;0;0;0;0;0;0;0;0;0;0;;;;;;
21.10.2024;10:23;A163;1;3;5;1;1;3;32;0;0;0;0;1;1;6;33;0;0;1;0;0;0;0;0;0;0;0;0;0;0;0;0;0;0;1;1;;;;;;
21.10.2024;10:22;A163;1;4;6;1;0;3;57;0;0;0;0;0;0;6;10;1;0;0;0;0;0;0;0;1;0;0;0;0;0;0;0;0;0;0;0;;;;;;
21.10.2024;10:21;A163;1;4;4;2;4;5;63;0;0;0;0;1;53;5;4;0;0;0;0;0;0;0;0;0;0;1;0;0;0;0;0;0;0;1;53;;;;;;
21.10.2024;10:20;A163;1;2;2;3;6;3;21;2;5;1;69;1;68;5;7;0;0;0;0;0;0;0;0;0;0;0;0;0;0;0;0;0;0;1;67;;;;;;
21.10.2024;10:19;A163;1;5;5;2;5;4;4;1;1;1;8;1;13;3;7;1;0;0;0;0;0;0;0;0;0;0;0;0;0;0;0;0;0;1;14;;;;;;
21.10.2024;10:18;A163;1;2;2;1;1;2;67;0;0;0;0;0;0;6;5;0;0;0;0;0;0;0;0;0;0;0;0;0;0;0;0;0;0;0;0;;;;;;
21.10.2024;10:17;A163;1;2;86;3;2;3;85;1;3;0;16;0;0;1;3;0;0;2;0;0;0;0;0;0;0;0;0;0;0;0;0;0;0;0;0;;;;;;
21.10.2024;10:16;A163;1;3;3;1;4;4;49;1;51;1;70;0;0;2;2;0;0;1;0;0;0;0;0;0;0;0;0;0;0;0;0;0;0;0;0;;;;;;
21.10.2024;10:15;A163;1;5;7;1;1;5;7;0;0;0;0;0;0;4;3;0;0;1;0;0;0;0;0;0;0;0;0;0;0;0;0;0;0;0;0;;;;;;
21.10.2024;10:14;A163;1;7;11;5;16;7;44;2;3;0;0;0;0;10;27;0;0;0;0;0;0;0;0;0;0;0;0;0;0;0;0;0;0;0;0;;;;;;
21.10.2024;10:13;A163;1;1;1;2;2;2;56;1;0;0;65;0;0;5;12;0;0;0;0;0;0;0;0;0;0;0;0;0;0;0;0;0;0;0;0;;;;;;
21.10.2024;10:12;A163;1;4;4;2;1;3;3;1;0;1;16;0;0;4;3;0;0;0;0;0;0;0;0;1;0;0;0;0;0;0;0;0;0;0;0;;;;;;
21.10.2024;10:11;A163;1;1;1;3;2;1;41;1;0;1;35;0;0;5;7;0;0;0;0;0;0;0;0;1;0;0;0;0;0;0;0;0;0;0;0;;;;;;
21.10.2024;10:10;A163;1;2;5;3;7;3;38;2;1;2;26;1;18;6;42;1;0;0;0;0;0;0;0;0;0;0;0;0;0;0;0;0;0;1;17;;;;;;
21.10.2024;10:09;A163;1;2;4;1;2;2;4;1;3;1;56;1;59;5;75;0;0;0;0;0;0;0;0;0;0;0;0;0;0;0;0;0;0;1;60;;;;;;
21.10.2024;10:08;A163;1;2;2;1;3;2;3;1;11;1;78;0;0;7;14;1;0;0;0;0;0;0;0;0;0;0;0;0;0;0;0;0;0;0;0;;;;;;
21.10.2024;10:07;A163;1;1;1;1;1;1;32;0;0;0;0;0;0;5;6;3;0;15;3;0;0;0;0;0;0;0;0;0;0;0;0;0;0;0;0;;;;;;
21.10.2024;10:06;A163;1;2;2;1;1;2;33;0;0;1;1;0;0;8;9;0;0;0;0;0;0;0;0;2;0;0;0;0;0;0;0;0;0;0;0;;;;;;
21.10.2024;10:05;A163;1;2;2;3;5;3;70;0;0;0;0;0;49;2;1;0;0;0;0;0;0;0;0;0;0;0;0;0;0;0;0;0;0;0;48;;;;;;
21.10.2024;10:04;A163;1;0;0;0;21;0;0;2;78;2;2;1;59;2;1;0;0;0;0;0;0;0;0;0;0;0;0;0;0;0;0;0;0;1;59;;;;;;
21.10.2024;10:03;A163;1;2;2;0;100;1;71;0;0;0;0;2;38;6;10;0;0;0;0;0;0;0;0;0;0;0;0;0;0;0;0;0;0;2;38;;;;;;
21.10.2024;10:02;A163;1;5;8;1;24;5;76;4;66;0;0;0;0;7;47;0;0;1;0;0;0;0;0;1;0;0;0;0;0;0;0;0;0;0;0;;;;;;
21.10.2024;10:01;A163;1;7;8;3;3;7;73;0;0;0;0;0;0;5;5;0;0;1;0;0;0;0;0;0;0;0;0;0;0;0;0;0;0;0;0;;;;;;
21.10.2024;10:00;A163;1;4;5;2;1;5;31;0;0;2;66;0;0;6;5;0;0;0;0;0;0;0;0;1;0;0;0;0;0;0;0;0;0;0;0;;;;;;
21.10.2024;09:59;A163;1;6;8;3;7;5;22;3;18;0;0;0;0;5;7;0;0;0;0;0;0;0;0;0;0;0;0;0;0;0;0;0;0;0;0;;;;;;
21.10.2024;09:58;A163;1;1;0;2;6;1;65;4;5;0;0;0;0;5;5;1;0;1;0;0;0;0;0;0;0;0;0;0;0;0;0;0;0;0;0;;;;;;
21.10.2024;09:57;A163;1;5;5;1;1;7;10;1;2;0;0;0;0;9;10;0;0;0;0;0;0;0;0;0;0;0;0;0;0;0;0;0;0;0;0;;;;;;
21.10.2024;09:56;A163;1;2;2;3;3;2;2;2;1;0;15;3;2;7;17;0;0;0;0;0;0;0;0;0;0;0;0;0;0;0;0;0;0;2;0;;;;;;
21.10.2024;09:55;A163;1;7;8;1;8;7;75;2;69;2;51;0;0;2;2;0;0;0;0;0;0;0;0;0;0;0;0;0;0;0;0;0;0;0;0;;;;;;
21.10.2024;09:54;A163;1;4;57;4;5;3;71;1;21;1;24;1;0;3;3;0;0;0;0;0;0;0;0;0;0;0;0;0;0;0;0;1;1;1;0;;;;;;
21.10.2024;09:53;A163;1;4;49;3;4;5;71;1;13;0;0;1;0;4;4;1;0;0;0;0;0;0;0;0;0;0;0;0;0;0;0;0;0;1;0;;;;;;
21.10.2024;09:52;A163;1;2;1;4;4;2;63;1;9;2;2;0;0;7;9;0;0;0;0;0;0;0;0;0;0;0;0;0;0;0;0;0;0;0;0;;;;;;
21.10.2024;09:51;A163;1;4;6;2;24;4;36;3;6;0;49;2;0;6;18;0;0;0;0;0;0;1;0;0;0;0;0;0;0;0;0;0;0;2;0;;;;;;
21.10.2024;09:50;A163;1;3;2;3;2;3;83;1;0;3;6;2;0;4;65;0;0;0;0;0;0;0;0;0;0;0;0;0;0;0;0;0;0;2;0;;;;;;
21.10.2024;09:49;A163;1;3;3;1;0;4;9;0;0;5;16;0;0;2;1;1;0;0;0;0;0;0;0;0;0;0;0;0;0;0;0;0;0;0;0;;;;;;
21.10.2024;09:48;A163;1;2;2;2;34;2;2;2;1;0;100;0;0;10;9;0;0;0;0;0;0;0;0;1;0;1;0;0;0;0;0;0;0;0;0;;;;;;
21.10.2024;09:47;A163;1;2;7;2;40;3;40;1;2;1;4;0;0;9;74;0;0;0;0;0;0;0;0;0;0;0;0;0;0;0;0;0;0;0;0;;;;;;
21.10.2024;09:46;A163;1;6;7;4;6;5;37;2;2;3;89;0;0;8;74;0;0;0;0;0;0;0;0;0;0;0;0;0;0;0;0;0;0;0;0;;;;;;
21.10.2024;09:45;A163;1;5;8;2;5;5;62;1;1;1;73;2;1;9;26;0;0;0;0;0;0;0;0;2;0;0;0;0;0;0;0;0;0;1;1;;;;;;
21.10.2024;09:44;A163;1;6;11;4;8;5;58;1;3;3;8;1;22;1;0;0;0;0;0;0;0;0;0;2;0;0;0;0;0;0;0;0;0;1;22;;;;;;
21.10.2024;09:43;A163;1;5;6;2;3;5;63;1;1;0;0;0;0;3;6;0;0;0;0;0;0;0;0;0;0;0;0;0;0;0;0;0;0;0;0;;;;;;
21.10.2024;09:42;A163;1;1;1;0;0;3;46;0;0;0;15;0;0;5;10;0;0;0;0;1;0;1;0;0;0;0;0;0;0;0;0;0;0;0;0;;;;;;
21.10.2024;09:41;A163;1;1;2;2;6;1;2;0;61;3;37;1;1;4;5;0;0;0;0;0;0;0;0;1;0;0;0;0;0;0;0;0;0;1;1;;;;;;
21.10.2024;09:40;A163;1;1;0;1;61;1;7;2;65;1;73;0;0;6;8;1;0;0;0;0;0;0;0;1;0;0;0;0;0;0;0;0;0;0;0;;;;;;
21.10.2024;09:39;A163;1;3;4;3;52;2;33;3;42;1;1;1;37;4;8;0;0;0;0;0;0;0;0;0;0;0;0;0;0;0;0;0;0;1;37;;;;;;
21.10.2024;09:38;A163;1;2;5;1;3;2;26;1;22;0;0;0;0;7;7;0;0;0;0;0;0;0;0;0;0;0;0;0;0;0;0;0;0;0;0;;;;;;
21.10.2024;09:37;A163;1;3;3;2;2;3;46;0;0;0;47;0;0;2;1;0;0;0;0;0;0;0;0;3;0;1;0;0;0;0;0;0;0;0;0;;;;;;
21.10.2024;09:36;A163;1;1;1;1;0;1;58;0;0;2;62;0;0;2;3;0;0;0;0;0;0;0;0;0;0;0;0;0;0;0;0;0;0;0;0;;;;;;
21.10.2024;09:35;A163;1;3;2;0;0;4;4;0;0;2;38;2;21;6;9;0;0;0;0;0;0;0;0;0;0;0;0;0;0;0;0;0;0;2;21;;;;;;
21.10.2024;09:34;A163;1;4;5;3;8;4;69;1;68;0;0;1;41;3;3;0;0;0;0;1;0;1;0;0;0;0;0;0;0;0;0;0;0;1;42;;;;;;
21.10.2024;09:33;A163;1;3;3;2;1;3;4;1;3;1;1;0;0;5;27;1;0;0;0;0;0;0;0;0;0;1;0;0;0;0;0;0;0;0;0;;;;;;
21.10.2024;09:32;A163;1;1;0;2;6;1;1;0;0;0;0;1;63;7;12;0;0;0;0;0;0;0;0;1;0;0;0;0;0;0;0;0;0;1;63;;;;;;
21.10.2024;09:31;A163;1;2;1;3;4;2;2;2;2;2;25;0;0;9;12;3;0;0;0;0;0;0;0;0;0;0;0;0;0;0;0;0;0;0;0;;;;;;
21.10.2024;09:30;A163;1;4;4;4;16;4;50;3;45;0;0;0;0;6;7;0;0;0;0;0;0;0;0;0;0;1;0;0;0;0;0;0;0;0;0;;;;;;
21.10.2024;09:29;A163;1;5;8;3;8;6;17;1;0;2;85;0;0;6;5;0;0;0;0;0;0;0;0;0;0;0;0;0;0;0;0;0;0;0;0;;;;;;
21.10.2024;09:28;A163;1;12;17;4;7;11;15;1;2;1;41;0;0;5;9;1;0;1;0;0;0;0;0;1;0;0;0;0;0;0;0;0;0;0;0;;;;;;
21.10.2024;09:27;A163;1;3;3;3;4;4;39;3;33;0;0;0;0;4;2;0;0;0;0;0;0;0;0;0;0;0;0;0;0;0;0;0;0;0;0;;;;;;
21.10.2024;09:26;A163;1;2;1;3;1;2;1;0;0;1;28;0;0;4;3;0;0;0;0;0;0;0;0;0;0;0;0;0;0;0;0;0;0;0;0;;;;;;
21.10.2024;09:25;A163;1;5;2;2;2;1;1;1;4;0;0;0;0;4;10;0;0;0;0;0;0;0;0;0;0;0;0;0;0;0;0;0;0;0;0;;;;;;
21.10.2024;09:24;A163;1;4;4;3;2;4;48;0;0;0;0;0;0;4;2;0;0;0;0;0;0;0;0;0;0;0;0;0;0;0;0;0;0;0;0;;;;;;
21.10.2024;09:23;A163;1;2;2;2;3;4;15;1;1;3;87;0;0;2;3;0;0;0;0;0;0;0;0;0;0;0;0;0;0;0;0;0;0;0;0;;;;;;
21.10.2024;09:22;A163;1;3;3;3;21;3;2;1;1;1;32;0;0;4;3;1;0;0;0;0;0;0;0;0;0;0;0;0;0;0;0;0;0;0;0;;;;;;
21.10.2024;09:21;A163;1;4;4;3;4;3;50;0;0;2;0;0;0;7;7;0;0;0;0;0;0;0;0;0;0;0;0;0;0;0;0;0;0;0;0;;;;;;
21.10.2024;09:20;A163;1;5;5;6;9;5;37;0;0;5;1;1;1;8;18;0;0;0;0;0;0;0;0;1;0;0;0;0;0;0;0;0;0;1;1;;;;;;
21.10.2024;09:19;A163;1;0;0;2;5;1;78;2;2;2;34;1;0;7;11;0;0;0;0;0;0;0;0;0;0;0;0;0;0;0;0;0;0;1;0;;;;;;
21.10.2024;09:18;A163;1;3;3;2;0;3;8;1;0;1;60;0;0;2;15;0;0;0;0;0;0;0;0;2;0;0;0;0;0;0;0;0;0;0;0;;;;;;
21.10.2024;09:17;A163;1;4;10;2;10;3;5;1;1;1;0;0;0;5;27;0;0;1;0;0;0;0;0;1;0;0;0;0;0;0;0;0;0;0;0;;;;;;
21.10.2024;09:16;A163;1;3;3;4;7;3;56;2;3;1;32;3;1;8;71;0;0;0;0;0;0;0;0;0;0;0;0;0;0;0;0;0;0;3;1;;;;;;
21.10.2024;09:15;A163;1;1;1;5;5;2;44;2;2;4;65;0;0;4;24;0;0;0;0;0;0;0;0;0;0;0;0;0;0;0;0;0;0;0;0;;;;;;
21.10.2024;09:14;A163;1;2;2;3;3;3;7;1;1;0;82;0;0;11;13;0;0;0;0;0;0;0;0;0;0;1;0;0;0;0;0;0;0;0;0;;;;;;
21.10.2024;09:13;A163;1;4;5;2;5;4;60;1;2;1;35;0;0;4;7;1;0;0;0;0;0;0;0;0;0;0;0;0;0;0;0;0;0;0;0;;;;;;
21.10.2024;09:12;A163;1;5;54;2;5;4;25;0;0;0;0;0;0;8;7;0;0;3;0;0;0;0;0;0;0;1;0;0;0;0;0;0;0;0;0;;;;;;
21.10.2024;09:11;A163;1;2;3;1;2;2;3;0;0;0;81;0;0;4;6;0;0;0;0;0;0;0;0;1;0;1;0;0;0;0;0;0;0;0;0;;;;;;
21.10.2024;09:10;A163;1;5;3;4;6;2;2;0;0;1;37;0;0;8;14;3;0;0;0;0;0;0;0;0;0;0;0;0;0;0;0;0;0;0;0;;;;;;
21.10.2024;09:09;A163;1;2;1;5;4;3;2;3;3;0;100;0;0;5;4;0;0;0;0;0;0;0;0;0;0;0;0;0;0;0;0;0;0;0;0;;;;;;
21.10.2024;09:08;A163;1;5;5;3;8;5;5;2;4;1;10;1;0;7;9;0;0;0;0;0;0;0;0;0;0;0;0;0;0;0;0;0;0;0;0;;;;;;
21.10.2024;09:07;A163;1;1;0;2;2;1;19;1;15;1;0;1;0;8;10;0;0;0;0;0;0;0;0;0;0;0;0;0;0;0;0;0;0;1;0;;;;;;
21.10.2024;09:06;A163;1;1;0;4;6;2;1;2;42;0;0;1;1;4;4;0;0;0;0;0;0;0;0;0;0;0;0;0;0;0;0;0;0;1;1;;;;;;
21.10.2024;09:05;A163;1;7;8;4;24;6;8;1;19;4;27;0;0;2;2;0;0;0;0;0;0;0;0;1;0;0;0;0;0;0;0;0;0;0;0;;;;;;
21.10.2024;09:04;A163;1;4;7;1;0;3;52;1;53;1;1;0;0;4;3;0;0;0;0;0;0;0;0;0;0;0;0;0;0;0;0;0;0;0;0;;;;;;
21.10.2024;09:03;A163;1;4;11;4;11;7;53;3;3;0;0;1;0;6;13;0;0;1;0;0;0;0;0;1;0;0;0;0;0;0;0;0;0;0;0;;;;;;
21.10.2024;09:02;A163;1;6;5;3;3;4;4;1;0;2;90;0;0;9;12;0;0;1;0;0;0;0;0;1;0;1;0;0;0;0;0;0;0;0;0;;;;;;
21.10.2024;09:01;A163;1;4;2;5;4;3;2;1;3;5;22;0;0;5;6;0;0;0;0;0;0;0;0;1;0;0;0;0;0;0;0;0;0;0;0;;;;;;
21.10.2024;09:00;A163;1;4;4;5;11;5;51;3;20;0;0;0;0;0;0;0;0;0;0;0;0;0;0;0;0;0;0;0;0;0;0;0;0;0;0;;;;;;
21.10.2024;08:59;A163;1;5;5;3;2;4;17;0;0;2;75;0;0;4;3;0;0;0;0;0;0;0;0;1;0;0;0;0;0;0;0;0;0;0;0;;;;;;
21.10.2024;08:58;A163;1;1;0;3;1;3;21;0;0;1;1;1;1;3;4;1;0;0;0;0;0;0;0;1;0;0;0;0;0;0;0;0;0;1;1;;;;;;
21.10.2024;08:57;A163;1;1;1;2;3;1;1;2;2;2;0;0;0;2;1;0;0;0;0;0;0;0;0;0;0;0;0;0;0;0;0;0;0;0;0;;;;;;
21.10.2024;08:56;A163;1;11;14;2;1;10;15;1;0;0;82;0;0;4;3;0;0;0;0;0;0;0;0;0;0;0;0;0;0;0;0;0;0;0;0;;;;;;
21.10.2024;08:55;A163;1;0;0;1;3;1;54;0;0;4;62;1;18;4;10;0;0;0;0;0;0;0;0;0;0;0;0;0;0;0;0;0;0;1;18;;;;;;
21.10.2024;08:54;A163;1;4;4;5;6;3;44;1;1;1;62;1;29;8;7;0;0;0;0;0;0;0;0;0;0;0;0;0;0;0;0;1;0;1;30;;;;;;
21.10.2024;08:53;A163;1;4;3;7;10;4;25;1;2;2;84;1;50;5;4;0;0;0;0;0;0;0;0;0;0;0;0;0;0;0;0;0;0;2;51;;;;;;
21.10.2024;08:52;A163;1;0;0;0;0;1;50;2;3;1;27;0;0;6;8;0;0;0;0;0;0;0;0;0;0;1;0;0;0;0;0;0;0;0;0;;;;;;
21.10.2024;08:51;A163;1;6;8;2;5;6;53;3;5;0;0;2;1;3;56;0;0;0;0;0;0;0;0;2;0;1;0;0;0;0;0;0;0;2;0;;;;;;
21.10.2024;08:50;A163;1;2;2;3;5;3;37;1;1;1;17;1;85;7;31;0;0;0;0;0;0;0;0;0;0;0;0;0;0;0;0;0;0;1;85;;;;;;
21.10.2024;08:49;A163;1;1;0;1;3;2;42;1;0;1;33;1;19;5;8;0;0;0;0;0;0;0;0;0;0;0;0;0;0;0;0;0;0;1;20;;;;;;
21.10.2024;08:48;A163;1;6;7;7;18;3;58;2;4;1;79;1;0;4;5;0;0;0;0;0;0;0;0;0;0;0;0;0;0;0;0;0;0;1;0;;;;;;
21.10.2024;08:47;A163;1;0;0;2;4;1;31;1;3;1;79;1;26;10;26;0;0;0;0;0;0;0;0;0;0;0;0;0;0;0;0;0;0;1;26;;;;;;
21.10.2024;08:46;A163;1;2;2;1;1;1;20;0;0;0;31;0;0;6;7;0;0;0;0;0;0;1;0;1;0;1;0;0;0;0;0;0;0;0;0;;;;;;
21.10.2024;08:45;A163;1;3;5;3;5;6;48;1;2;1;8;0;0;8;8;0;0;0;0;0;0;0;0;0;0;0;0;0;0;0;0;0;0;0;0;;;;;;
21.10.2024;08:44;A163;1;5;5;3;10;4;4;2;2;2;71;1;1;3;2;0;0;1;0;0;0;0;0;1;0;1;0;0;0;0;0;0;0;1;1;;;;;;
21.10.2024;08:43;A163;1;1;1;2;2;2;56;2;3;1;0;1;0;2;1;0;0;0;0;0;0;0;0;0;0;0;0;0;0;0;0;0;0;1;0;;;;;;
21.10.2024;08:42;A163;1;5;5;8;18;4;48;4;48;1;2;0;0;3;2;0;0;1;0;0;0;0;0;0;0;0;0;0;0;0;0;0;0;0;0;;;;;;
21.10.2024;08:41;A163;1;3;3;3;2;4;36;1;28;0;0;2;53;4;3;0;0;0;0;0;0;0;0;1;0;1;0;0;0;0;0;0;0;2;53;;;;;;
21.10.2024;08:40;A163;1;5;5;2;2;4;20;0;0;1;1;2;35;7;8;0;0;0;0;0;0;0;0;0;0;0;0;0;0;0;0;0;0;2;35;;;;;;
21.10.2024;08:39;A163;1;7;11;5;9;9;18;0;0;0;0;1;43;1;2;1;0;1;0;0;0;0;0;0;0;0;0;0;0;0;0;0;0;1;44;;;;;;
21.10.2024;08:38;A163;1;6;6;4;2;4;6;0;0;0;0;0;0;6;14;0;0;0;0;0;0;0;0;0;0;0;0;0;0;0;0;0;0;0;0;;;;;;
21.10.2024;08:37;A163;1;2;2;1;1;4;79;1;0;0;0;0;29;5;5;0;0;0;0;0;0;0;0;1;0;1;0;0;0;0;0;0;0;0;28;;;;;;
21.10.2024;08:36;A163;1;3;5;6;11;4;25;1;1;0;0;1;68;1;4;0;0;0;0;0;0;0;0;0;0;0;0;0;0;0;0;0;0;1;69;;;;;;
21.10.2024;08:35;A163;1;9;9;5;4;7;7;1;0;2;65;0;0;8;16;0;0;0;0;0;0;0;0;0;0;1;0;0;0;0;0;0;0;0;0;;;;;;
21.10.2024;08:34;A163;1;1;1;1;1;3;95;0;0;3;2;0;0;5;11;0;0;0;0;0;0;0;0;0;0;0;0;0;0;0;0;0;0;0;0;;;;;;
21.10.2024;08:33;A163;1;2;2;1;34;3;4;2;20;1;1;2;3;3;57;0;0;2;0;0;0;0;0;0;0;1;0;0;0;0;0;0;0;3;3;;;;;;
21.10.2024;08:32;A163;1;6;7;2;2;3;3;0;0;2;59;2;3;6;20;0;0;1;0;0;0;1;0;0;0;1;0;0;0;0;0;0;0;2;2;;;;;;
21.10.2024;08:31;A163;1;2;2;2;3;4;70;1;53;1;0;1;0;7;7;0;0;0;0;0;0;0;0;0;0;0;0;0;0;0;0;0;0;1;0;;;;;;
21.10.2024;08:30;A163;1;3;3;4;7;4;45;2;2;0;0;2;0;4;6;2;0;0;0;0;0;0;0;0;0;0;0;0;0;0;0;0;0;0;0;;;;;;
21.10.2024;08:29;A163;1;5;5;3;3;5;10;1;1;1;80;0;0;6;18;0;0;0;0;0;0;0;0;0;0;0;0;0;0;0;0;0;0;0;0;;;;;;
21.10.2024;08:28;A163;1;3;2;3;3;3;20;1;0;2;9;1;36;9;12;0;0;0;0;0;0;0;0;0;0;0;0;0;0;0;0;0;0;1;35;;;;;;
21.10.2024;08:27;A163;1;4;4;4;10;5;40;5;5;0;0;2;64;0;0;0;0;0;0;0;0;0;0;0;0;0;0;0;0;0;0;0;0;2;65;;;;;;
21.10.2024;08:26;A163;1;5;4;2;2;4;5;0;0;0;0;0;0;12;17;1;0;0;0;0;0;0;0;0;0;0;0;0;0;0;0;0;0;1;1;;;;;;
21.10.2024;08:25;A163;1;0;0;2;4;0;0;0;0;1;34;2;0;2;6;0;0;0;0;0;0;0;0;0;0;0;0;0;0;0;0;0;0;1;0;;;;;;
21.10.2024;08:24;A163;1;4;5;3;23;5;6;1;42;1;50;0;0;10;12;0;0;1;0;0;0;0;0;0;0;0;0;0;0;0;0;0;0;0;0;;;;;;
21.10.2024;08:23;A163;1;2;2;3;5;2;2;4;3;0;81;1;0;9;7;0;0;0;0;0;0;0;0;1;0;0;0;0;0;0;0;0;0;0;0;;;;;;
21.10.2024;08:22;A163;1;0;0;0;0;0;0;0;0;3;36;1;0;5;5;0;0;0;0;0;0;0;0;0;0;0;0;0;0;0;0;0;0;2;0;;;;;;
21.10.2024;08:21;A163;1;2;2;7;12;2;44;4;7;0;0;1;0;1;0;1;0;0;0;0;0;0;0;1;0;0;0;0;0;0;0;0;0;1;0;;;;;;
21.10.2024;08:20;A163;1;7;6;4;3;6;16;0;0;0;0;1;68;6;9;0;0;0;0;0;0;0;0;0;0;0;0;0;0;0;0;0;0;1;69;;;;;;
21.10.2024;08:19;A163;1;0;0;0;0;2;36;0;0;0;32;0;0;6;6;0;0;0;0;0;0;0;0;0;0;0;0;0;0;0;0;0;0;0;0;;;;;;
21.10.2024;08:18;A163;1;7;5;5;5;7;49;0;0;1;71;1;1;0;0;0;0;0;0;1;0;0;0;0;0;0;0;0;0;0;0;0;0;1;1;;;;;;
21.10.2024;08:17;A163;1;6;10;4;5;6;42;2;1;0;82;0;0;8;6;1;0;0;0;0;0;0;0;0;0;0;0;0;0;0;0;0;0;0;0;;;;;;
21.10.2024;08:16;A163;1;1;1;0;0;2;55;0;0;5;82;0;0;1;1;0;0;0;0;0;0;0;0;1;0;1;0;0;0;0;0;0;0;0;0;;;;;;
21.10.2024;08:15;A163;1;2;2;3;9;3;4;4;5;0;0;0;0;7;9;0;0;0;0;0;0;0;0;0;0;0;0;0;0;0;0;0;0;0;0;;;;;;
21.10.2024;08:14;A163;1;4;6;5;9;3;3;3;1;0;0;1;15;7;10;0;0;0;0;0;0;0;0;0;0;0;0;0;0;0;0;0;0;1;15;;;;;;
21.10.2024;08:13;A163;1;0;0;1;1;2;24;1;0;2;2;2;31;4;4;0;0;0;0;0;0;1;0;0;0;0;0;0;0;0;0;0;0;2;31;;;;;;
21.10.2024;08:12;A163;1;9;16;3;4;8;60;0;0;1;1;1;48;8;15;0;0;1;0;0;0;0;0;0;0;0;0;0;0;0;0;0;0;1;49;;;;;;
21.10.2024;08:11;A163;1;6;12;6;17;5;20;2;4;1;1;1;1;9;10;0;0;2;0;0;0;0;0;1;0;0;0;0;0;0;0;0;0;1;1;;;;;;
21.10.2024;08:10;A163;1;0;0;1;0;2;73;0;0;1;1;0;0;4;51;0;0;0;0;0;0;0;0;0;0;0;0;0;0;0;0;0;0;0;0;;;;;;
21.10.2024;08:09;A163;1;5;4;2;4;4;45;0;40;0;0;0;0;3;4;0;0;0;0;0;0;0;0;0;0;1;0;0;0;0;0;0;0;0;0;;;;;;
21.10.2024;08:08;A163;1;5;5;2;2;5;37;1;30;2;3;0;0;6;5;0;0;0;0;0;0;0;0;0;0;0;0;0;0;0;0;0;0;0;0;;;;;;
21.10.2024;08:07;A163;1;1;1;1;0;1;29;0;0;0;0;1;1;3;4;0;0;0;0;0;0;0;0;1;0;0;0;0;0;0;0;0;0;1;1;;;;;;
21.10.2024;08:06;A163;1;0;0;3;9;1;1;1;56;0;0;0;0;4;4;0;0;0;0;0;0;0;0;0;0;1;0;0;0;0;0;0;0;0;0;;;;;;
21.10.2024;08:05;A163;1;2;1;5;6;2;1;3;29;3;21;1;0;4;6;0;0;0;0;0;0;0;0;0;0;1;0;0;0;0;0;0;0;0;0;;;;;;
21.10.2024;08:04;A163;1;0;0;1;4;0;0;1;1;0;31;0;0;1;0;0;0;1;0;1;0;0;0;0;0;0;0;0;0;0;0;0;0;0;0;;;;;;
21.10.2024;08:03;A163;1;8;9;4;4;7;53;1;1;1;48;0;0;6;5;0;0;0;0;0;0;0;0;0;0;0;0;0;0;0;0;0;0;0;0;;;;;;
21.10.2024;08:02;A163;1;6;7;2;3;5;45;0;0;1;60;3;0;9;13;0;0;1;0;0;0;0;0;0;0;0;0;0;0;0;0;0;0;4;0;;;;;;
21.10.2024;08:01;A163;1;0;0;0;0;2;40;0;0;0;0;0;0;6;73;0;0;0;0;0;0;0;0;1;0;0;0;0;0;0;0;0;0;0;0;;;;;;
21.10.2024;08:00;A163;1;6;6;2;3;5;50;1;1;0;0;1;0;1;1;0;0;0;0;0;0;0;0;2;0;0;0;0;0;0;0;0;0;0;0;;;;;;
21.10.2024;07:59;A163;1;4;3;3;4;6;42;2;4;0;80;0;0;5;4;0;0;0;0;0;0;0;0;0;0;0;0;0;0;0;0;0;0;1;0;;;;;;
21.10.2024;07:58;A163;1;0;0;1;1;0;0;0;0;2;51;3;2;6;14;0;0;0;0;0;0;0;0;0;0;2;0;0;0;0;0;0;0;3;1;;;;;;
21.10.2024;07:57;A163;1;3;3;2;5;3;4;2;44;1;51;2;1;1;1;0;0;0;0;0;0;0;0;0;0;0;0;0;0;0;0;0;0;2;0;;;;;;
21.10.2024;07:56;A163;1;9;13;4;9;9;15;3;11;2;0;1;0;5;4;0;0;0;0;0;0;0;0;1;0;0;0;0;0;0;0;0;0;1;0;;;;;;
21.10.2024;07:55;A163;1;0;0;2;5;1;88;0;0;1;35;0;16;3;4;0;0;0;0;1;0;1;0;0;0;0;0;0;0;0;0;0;0;0;15;;;;;;
21.10.2024;07:54;A163;1;3;7;3;5;3;7;2;29;1;1;1;71;5;7;1;0;0;0;0;0;0;0;2;0;13;3;0;0;0;0;0;0;1;72;;;;;;
21.10.2024;07:53;A163;1;2;3;3;12;2;2;2;2;1;47;1;1;7;19;0;0;0;0;0;0;0;0;0;0;1;0;0;0;0;0;0;0;1;1;;;;;;
21.10.2024;07:52;A163;1;2;2;1;1;2;72;1;76;1;32;1;0;7;6;0;0;0;0;0;0;0;0;0;0;1;0;0;0;0;0;0;0;1;0;;;;;;
21.10.2024;07:51;A163;1;5;4;3;1;5;49;0;0;2;42;2;0;2;1;0;0;0;0;0;0;0;0;0;0;0;0;0;0;0;0;0;0;2;0;;;;;;
21.10.2024;07:50;A163;1;3;3;4;15;5;36;2;2;2;55;0;80;8;13;0;0;0;0;0;0;0;0;0;0;0;0;0;0;0;0;0;0;0;79;;;;;;
21.10.2024;07:49;A163;1;0;0;2;5;0;0;1;2;0;32;1;10;9;13;0;0;0;0;0;0;0;0;0;0;0;0;0;0;0;0;0;0;1;11;;;;;;
21.10.2024;07:48;A163;1;7;8;3;20;6;49;4;18;1;55;4;3;2;2;1;0;1;0;0;0;0;0;0;0;0;0;0;0;0;0;0;0;3;2;;;;;;
21.10.2024;07:47;A163;1;5;4;4;3;6;23;1;1;2;83;1;5;6;7;0;0;0;0;0;0;0;0;0;0;0;0;0;0;0;0;0;0;1;5;;;;;;
21.10.2024;07:46;A163;1;1;3;4;8;1;2;2;2;1;48;0;0;5;10;0;0;0;0;0;0;0;0;0;0;0;0;0;0;0;0;0;0;0;0;;;;;;
21.10.2024;07:45;A163;1;2;1;0;0;2;3;0;0;0;0;0;0;2;2;0;0;0;0;0;0;0;0;0;0;0;0;0;0;0;0;0;0;0;0;;;;;;
21.10.2024;07:44;A163;1;4;4;0;1;4;4;1;1;1;0;1;0;6;7;0;0;0;0;0;0;0;0;0;0;2;0;0;0;0;0;0;0;2;0;;;;;;
21.10.2024;07:43;A163;1;0;0;1;1;2;3;2;55;0;30;0;0;6;7;0;0;0;0;0;0;0;0;0;0;0;0;0;0;0;0;0;0;0;0;;;;;;
21.10.2024;07:42;A163;1;4;3;5;6;4;5;1;30;1;19;1;0;4;3;0;0;0;0;0;0;0;0;0;0;0;0;0;0;0;0;0;0;1;0;;;;;;
21.10.2024;07:41;A163;1;8;13;6;13;7;16;0;0;0;0;0;0;3;3;0;0;1;0;0;0;1;0;0;0;1;0;0;0;0;0;0;0;0;0;;;;;;
21.10.2024;07:40;A163;1;3;3;2;2;3;78;0;0;0;0;0;0;10;59;0;0;0;0;0;0;0;0;0;0;0;0;0;0;0;0;0;0;0;0;;;;;;
21.10.2024;07:39;A163;1;3;3;1;0;3;44;0;0;1;1;0;0;2;5;0;0;0;0;0;0;0;0;0;0;0;0;0;0;0;0;0;0;0;0;;;;;;
21.10.2024;07:38;A163;1;5;7;3;4;4;32;1;1;1;39;1;0;8;18;0;0;0;0;0;0;0;0;1;0;0;0;0;0;0;0;0;0;0;0;;;;;;
21.10.2024;07:37;A163;1;1;1;2;3;2;80;1;1;0;0;0;32;7;42;0;0;0;0;0;0;0;0;0;0;0;0;0;0;0;0;0;0;0;32;;;;;;
21.10.2024;07:36;A163;1;6;10;4;7;6;54;0;0;1;1;1;35;0;0;0;0;0;0;0;0;0;0;1;0;0;0;0;0;0;0;0;0;1;36;;;;;;
21.10.2024;07:35;A163;1;0;1;1;1;1;34;0;0;1;83;1;0;0;0;0;0;1;0;0;0;0;0;0;0;1;0;0;0;0;0;0;0;1;0;;;;;;
21.10.2024;07:34;A163;1;1;0;0;0;1;41;1;12;2;52;0;0;1;1;0;0;0;0;0;0;0;0;0;0;0;0;0;0;0;0;0;0;0;0;;;;;;
21.10.2024;07:33;A163;1;3;3;3;6;3;4;2;0;4;72;0;0;7;5;0;0;1;0;0;0;0;0;0;0;0;0;0;0;0;0;0;0;0;0;;;;;;
21.10.2024;07:32;A163;1;4;8;4;8;3;4;1;1;1;82;0;0;7;10;0;0;0;0;0;0;0;0;2;0;2;0;0;0;0;0;0;0;0;0;;;;;;
21.10.2024;07:31;A163;1;0;0;0;0;1;74;0;0;3;16;1;1;7;9;0;0;0;0;0;0;0;0;0;0;0;0;0;0;0;0;0;0;1;1;;;;;;
21.10.2024;07:30;A163;1;2;3;1;5;1;46;1;1;0;0;0;0;2;2;0;0;0;0;1;0;0;0;2;0;0;0;0;0;0;0;0;0;0;0;;;;;;
21.10.2024;07:29;A163;1;5;6;3;4;5;17;1;0;0;0;0;86;3;5;0;0;0;0;0;0;0;0;0;0;0;0;0;0;0;0;0;0;0;86;;;;;;
21.10.2024;07:28;A163;1;1;1;1;7;1;41;0;0;1;33;1;17;4;4;0;0;0;0;0;0;0;0;0;0;0;0;0;0;0;0;0;0;1;18;;;;;;
21.10.2024;07:27;A163;1;2;2;2;9;3;42;4;7;1;67;2;0;2;1;0;0;0;0;0;0;0;0;1;0;0;0;0;0;0;0;0;0;1;0;;;;;;
21.10.2024;07:26;A163;1;3;1;1;2;2;2;1;1;0;80;2;3;0;0;0;0;0;0;0;0;0;0;0;0;0;0;0;0;0;0;0;0;0;82;;;;;;
21.10.2024;07:25;A163;1;3;4;3;16;3;3;3;2;1;16;0;0;7;11;1;0;0;0;0;0;0;0;0;0;0;0;0;0;0;0;0;0;1;34;;;;;;
21.10.2024;07:24;A163;1;7;8;2;1;7;52;0;0;0;0;0;0;7;23;0;0;0;0;0;0;0;0;0;0;0;0;0;0;0;0;0;0;0;0;;;;;;
21.10.2024;07:23;A163;1;2;2;2;9;4;34;2;2;1;0;2;11;7;6;0;0;0;0;0;0;0;0;0;0;1;0;0;0;0;0;0;0;1;11;;;;;;
21.10.2024;07:22;A163;1;3;3;1;0;1;1;1;78;1;1;0;0;1;1;0;0;0;0;0;0;0;0;0;0;0;0;0;0;0;0;0;0;0;0;;;;;;
21.10.2024;07:21;A163;1;3;7;3;5;6;28;1;0;0;5;0;0;8;6;0;0;0;0;0;0;0;0;0;0;1;0;0;0;0;0;0;0;0;0;;;;;;
21.10.2024;07:20;A163;1;3;3;5;9;3;2;1;0;1;22;0;0;12;19;0;0;0;0;0;0;0;0;0;0;0;0;0;0;0;0;0;0;0;0;;;;;;
21.10.2024;07:19;A163;1;1;1;0;0;2;55;0;0;4;1;0;0;5;21;0;0;0;0;0;0;0;0;0;0;0;0;0;0;0;0;0;0;0;0;;;;;;
21.10.2024;07:18;A163;1;2;2;2;5;1;43;0;0;4;2;0;0;0;3;0;0;0;0;0;0;0;0;0;0;0;0;0;0;0;0;0;0;2;0;;;;;;
21.10.2024;07:17;A163;1;3;5;1;3;3;14;0;0;0;0;0;0;5;9;0;0;0;0;0;0;0;0;0;0;0;0;0;0;0;0;0;0;0;0;;;;;;
21.10.2024;07:16;A163;1;0;0;1;2;2;1;1;1;2;0;0;0;2;1;1;0;0;0;0;0;0;0;0;0;0;0;0;0;0;0;0;0;0;0;;;;;;
21.10.2024;07:15;A163;1;5;6;1;3;4;55;0;0;0;0;2;1;1;0;0;0;0;0;0;0;0;0;0;0;0;0;0;0;0;0;0;0;2;0;;;;;;
21.10.2024;07:14;A163;1;2;2;3;3;3;39;0;0;0;0;0;0;7;10;2;0;0;0;0;0;0;0;0;0;0;0;0;0;0;0;0;0;0;0;;;;;;
21.10.2024;07:13;A163;1;0;0;2;1;0;0;1;15;0;0;0;0;4;8;0;0;0;0;0;0;0;0;0;0;1;0;0;0;0;0;0;0;0;0;;;;;;
21.10.2024;07:12;A163;1;6;5;6;10;5;8;1;42;0;0;3;1;2;1;0;0;0;0;0;0;0;0;1;0;0;0;0;0;0;0;0;0;2;1;;;;;;
21.10.2024;07:11;A163;1;1;0;3;6;1;1;3;15;0;81;1;0;3;2;1;0;0;0;0;0;0;0;0;0;0;0;0;0;0;0;0;0;1;0;;;;;;
21.10.2024;07:10;A163;1;4;8;4;8;3;8;0;0;1;39;0;0;9;11;0;0;0;0;0;0;0;0;0;0;0;0;0;0;0;0;0;0;0;0;;;;;;
21.10.2024;07:09;A163;1;3;3;3;4;4;43;1;3;0;0;0;0;1;2;0;0;0;0;0;0;0;0;0;0;0;0;0;0;0;0;0;0;0;0;;;;;;
21.10.2024;07:08;A163;1;0;0;3;5;0;0;0;0;0;81;0;0;6;9;0;0;0;0;0;0;0;0;1;0;0;0;0;0;0;0;0;0;0;0;;;;;;
21.10.2024;07:07;A163;1;3;3;2;1;1;2;2;1;1;9;0;0;3;2;0;0;0;0;0;0;0;0;0;0;0;0;0;0;0;0;0;0;0;0;;;;;;
21.10.2024;07:06;A163;1;3;3;2;3;5;4;0;0;0;0;0;0;3;2;1;0;0;0;0;0;0;0;1;0;0;0;0;0;0;0;0;0;0;0;;;;;;
21.10.2024;07:05;A163;1;0;0;2;2;1;1;0;0;0;0;0;0;4;7;0;0;0;0;0;0;0;0;0;0;0;0;0;0;0;0;0;0;0;0;;;;;;
21.10.2024;07:04;A163;1;0;0;1;3;0;0;0;0;1;0;1;0;0;0;0;0;0;0;0;0;0;0;0;0;0;0;0;0;0;0;0;0;0;0;;;;;;
21.10.2024;07:03;A163;1;0;0;2;5;0;0;2;3;0;0;3;1;2;4;0;0;0;0;0;0;0;0;1;0;0;0;0;0;0;0;0;0;2;1;;;;;;
21.10.2024;07:02;A163;1;1;1;3;7;2;1;2;2;0;0;0;0;2;6;0;0;1;0;0;0;0;0;1;0;1;0;0;0;0;0;0;0;0;0;;;;;;
21.10.2024;07:01;A163;1;0;0;0;0;0;0;0;0;0;30;2;0;9;30;0;0;0;0;0;0;0;0;0;0;0;0;0;0;0;0;0;0;2;0;;;;;;
21.10.2024;07:00;A163;1;6;56;3;11;4;48;3;2;1;13;0;0;1;1;0;0;0;0;0;0;0;0;1;0;0;0;0;0;0;0;0;0;0;0;;;;;;
21.10.2024;06:59;A163;1;3;38;5;10;5;14;3;3;0;81;0;0;6;8;0;0;0;0;0;0;0;0;0;0;0;0;0;0;0;0;0;0;0;0;;;;;;
21.10.2024;06:58;A163;1;6;6;3;2;6;7;1;0;2;56;0;0;6;5;0;0;0;0;0;0;0;0;0;0;1;0;0;0;0;0;0;0;0;0;;;;;;
21.10.2024;06:57;A163;1;7;22;1;14;7;57;0;0;0;0;0;0;3;5;0;0;0;0;0;0;0;0;0;0;0;0;0;0;0;0;0;0;0;0;;;;;;
21.10.2024;06:56;A163;1;1;0;1;0;2;48;0;0;1;89;2;34;3;2;0;0;0;0;0;0;0;0;0;0;0;0;0;0;0;0;0;0;1;0;;;;;;
21.10.2024;06:55;A163;1;1;1;2;5;0;0;0;0;1;20;0;31;6;10;0;0;0;0;0;0;0;0;0;0;0;0;0;0;0;0;0;0;0;31;;;;;;
21.10.2024;06:54;A163;1;0;0;2;6;1;1;1;1;0;0;1;74;8;7;0;0;0;0;0;0;0;0;0;0;1;0;0;0;0;0;0;0;1;75;;;;;;
21.10.2024;06:53;A163;1;2;2;1;1;2;2;0;0;0;0;2;0;5;8;0;0;1;0;0;0;0;0;0;0;0;0;0;0;0;0;0;0;2;0;;;;;;
21.10.2024;06:52;A163;1;0;0;1;0;0;0;0;0;0;0;0;0;5;3;0;0;0;0;0;0;0;0;0;0;1;0;0;0;0;0;0;0;0;0;;;;;;
21.10.2024;06:51;A163;1;7;9;5;25;5;11;2;2;0;0;2;2;4;4;0;0;0;0;0;0;0;0;0;0;0;0;0;0;0;0;0;0;2;2;;;;;;
21.10.2024;06:50;A163;1;3;3;6;10;1;1;2;5;0;0;0;81;12;20;0;0;0;0;0;0;0;0;1;0;0;0;0;0;0;0;0;0;0;80;;;;;;
21.10.2024;06:49;A163;1;0;0;0;0;2;53;0;0;1;34;1;7;6;81;0;0;0;0;0;0;0;0;0;0;0;0;0;0;0;0;0;0;1;7;;;;;;
21.10.2024;06:48;A163;1;3;2;1;0;2;43;0;0;1;30;1;1;0;0;0;0;0;0;0;0;0;0;0;0;0;0;0;0;0;0;0;0;1;1;;;;;;
21.10.2024;06:47;A163;1;1;3;2;6;3;28;0;0;0;81;0;0;4;4;0;0;0;0;0;0;0;0;1;0;0;0;0;0;0;0;0;0;0;0;;;;;;
21.10.2024;06:46;A163;1;0;0;4;2;0;0;0;0;1;58;0;0;9;7;0;0;0;0;0;0;0;0;0;0;0;0;0;0;0;0;0;0;0;0;;;;;;
21.10.2024;06:45;A163;1;2;2;2;2;2;16;2;1;0;0;0;0;1;4;0;0;0;0;0;0;0;0;0;0;0;0;0;0;0;0;0;0;0;0;;;;;;
21.10.2024;06:44;A163;1;1;3;2;8;1;4;1;2;0;0;1;0;7;9;0;0;0;0;0;0;0;0;1;0;0;0;0;0;0;0;0;0;1;0;;;;;;
21.10.2024;06:43;A163;1;0;0;2;6;0;0;3;53;1;1;0;0;1;1;0;0;0;0;0;0;0;0;0;0;0;0;0;0;0;0;0;0;0;0;;;;;;
21.10.2024;06:42;A163;1;1;0;1;3;1;0;2;1;0;0;1;0;5;4;0;0;0;0;0;0;0;0;1;0;1;0;0;0;0;0;0;0;1;0;;;;;;
21.10.2024;06:41;A163;1;2;2;1;0;1;1;0;0;0;0;1;0;4;6;0;0;0;0;0;0;0;0;0;0;0;0;0;0;0;0;0;0;1;0;;;;;;
21.10.2024;06:40;A163;1;1;2;3;7;2;52;0;0;1;27;0;0;8;7;0;0;0;0;0;0;0;0;0;0;0;0;0;0;0;0;0;0;0;0;;;;;;
21.10.2024;06:39;A163;1;2;1;3;5;2;31;2;3;0;0;0;0;2;61;0;0;0;0;0;0;0;0;0;0;0;0;0;0;0;0;0;0;0;0;;;;;;
21.10.2024;06:38;A163;1;0;0;2;1;0;0;0;0;0;0;0;0;7;25;0;0;0;0;0;0;0;0;0;0;0;0;0;0;0;0;0;0;0;0;;;;;;
21.10.2024;06:37;A163;1;1;2;1;3;1;3;0;0;0;0;0;0;1;0;1;0;0;0;0;0;0;0;0;0;0;0;0;0;0;0;0;0;0;0;;;;;;
21.10.2024;06:36;A163;1;4;3;4;2;4;4;0;0;0;0;0;0;4;3;0;0;0;0;0;0;0;0;0;0;0;0;0;0;0;0;0;0;0;0;;;;;;
21.10.2024;06:35;A163;1;0;0;1;0;0;0;0;0;0;0;0;0;2;9;0;0;0;0;0;0;0;0;0;0;0;0;0;0;0;0;0;0;0;0;;;;;;
21.10.2024;06:34;A163;1;0;0;0;0;0;0;0;0;0;0;0;0;6;9;0;0;0;0;0;0;0;0;0;0;0;0;0;0;0;0;0;0;0;0;;;;;;
21.10.2024;06:33;A163;1;1;1;5;5;2;2;2;1;0;0;0;0;0;0;1;0;0;0;0;0;0;0;1;0;1;0;0;0;0;0;0;0;0;0;;;;;;
21.10.2024;06:32;A163;1;0;0;0;0;0;0;0;0;0;0;1;0;5;8;0;0;0;0;0;0;0;0;0;0;0;0;0;0;0;0;0;0;1;0;;;;;;
21.10.2024;06:31;A163;1;4;5;2;2;3;52;0;0;0;0;0;0;8;13;0;0;0;0;0;0;0;0;0;0;1;0;0;0;0;0;0;0;0;0;;;;;;
21.10.2024;06:30;A163;1;1;1;0;0;2;28;0;0;0;0;0;0;3;1;0;0;0;0;0;0;0;0;1;0;0;0;0;0;0;0;0;0;0;0;;;;;;
21.10.2024;06:29;A163;1;4;3;3;4;4;4;1;3;0;0;0;0;5;7;0;0;0;0;0;0;0;0;1;0;2;0;0;0;0;0;0;0;0;0;;;;;;
21.10.2024;06:28;A163;1;0;0;0;0;0;0;0;0;0;0;1;32;0;0;0;0;0;0;0;0;0;0;0;0;0;0;0;0;0;0;0;0;25;39;;;;;;
21.10.2024;06:27;A163;1;1;1;1;0;1;1;0;0;0;0;0;38;4;4;0;0;0;0;0;0;0;0;0;0;0;0;0;0;0;0;0;0;0;38;;;;;;
21.10.2024;06:26;A163;1;3;4;2;4;3;56;1;76;0;0;1;39;4;3;0;0;0;0;0;0;0;0;0;0;0;0;0;0;0;0;0;0;1;40;;;;;;
21.10.2024;06:25;A163;1;2;1;5;6;3;3;2;2;0;0;2;4;3;2;0;0;0;0;0;0;0;0;0;0;0;0;0;0;0;0;0;0;1;0;;;;;;
21.10.2024;06:24;A163;1;0;0;3;1;0;0;0;0;0;0;0;0;7;8;0;0;0;0;0;0;0;0;0;0;0;0;0;0;0;0;0;0;0;0;;;;;;
21.10.2024;06:23;A163;1;1;1;2;4;1;24;0;0;0;0;0;0;0;0;0;0;0;0;0;0;0;0;0;0;0;0;0;0;0;0;0;0;0;0;;;;;;
21.10.2024;06:22;A163;1;1;0;2;22;1;0;0;0;1;60;0;0;2;4;0;0;0;0;0;0;0;0;0;0;0;0;0;0;0;0;0;0;0;0;;;;;;
21.10.2024;06:21;A163;1;0;0;3;8;0;0;0;0;3;25;0;0;5;3;0;0;0;0;0;0;0;0;0;0;0;0;0;0;0;0;0;0;0;0;;;;;;
21.10.2024;06:20;A163;1;2;1;3;4;1;1;2;1;0;0;0;0;3;2;0;0;0;0;0;0;0;0;1;0;0;0;0;0;0;0;0;0;0;0;;;;;;
21.10.2024;06:19;A163;1;0;0;1;0;1;1;0;0;0;0;0;15;1;5;0;0;0;0;0;0;0;0;0;0;0;0;0;0;0;0;0;0;0;14;;;;;;
21.10.2024;06:18;A163;1;0;0;1;1;0;0;0;0;0;0;1;41;4;3;0;0;0;0;0;0;0;0;0;0;0;0;0;0;0;0;0;0;1;42;;;;;;
21.10.2024;06:17;A163;1;0;0;3;4;0;0;2;1;0;0;1;0;3;2;0;0;0;0;0;0;0;0;0;0;0;0;0;0;0;0;0;0;0;0;;;;;;
21.10.2024;06:16;A163;1;1;3;3;7;0;42;1;0;0;0;0;0;6;4;0;0;0;0;0;0;0;0;0;0;0;0;0;0;0;0;0;0;0;0;;;;;;
21.10.2024;06:15;A163;1;1;1;1;28;1;33;3;18;0;0;1;35;6;16;0;0;0;0;0;0;0;0;0;0;0;0;0;0;0;0;0;0;1;35;;;;;;
21.10.2024;06:14;A163;1;0;0;1;0;1;17;1;27;1;1;1;34;0;0;0;0;0;0;0;0;0;0;0;0;0;0;0;0;0;0;0;0;1;35;;;;;;
21.10.2024;06:13;A163;1;2;1;2;1;2;1;0;0;0;0;0;0;4;2;0;0;0;0;0;0;0;0;0;0;0;0;0;0;0;0;0;0;0;0;;;;;;
21.10.2024;06:12;A163;1;0;0;0;0;0;0;0;0;0;0;0;0;2;1;0;0;0;0;0;0;0;0;0;0;0;0;0;0;0;0;0;0;0;0;;;;;;
21.10.2024;06:11;A163;1;2;4;4;11;1;0;1;0;0;0;0;0;3;6;0;0;0;0;0;0;0;0;0;0;0;0;0;0;0;0;0;0;0;0;;;;;;
21.10.2024;06:10;A163;1;2;2;1;0;3;33;0;0;1;1;0;0;8;7;0;0;0;0;0;0;0;0;0;0;0;0;0;0;0;0;0;0;0;0;;;;;;
21.10.2024;06:09;A163;1;1;1;1;2;1;1;1;1;0;0;1;0;1;0;0;0;0;0;0;0;0;0;0;0;1;0;0;0;0;0;0;0;1;0;;;;;;
21.10.2024;06:08;A163;1;0;0;0;0;0;0;0;0;2;31;0;0;2;1;0;0;0;0;0;0;0;0;0;0;0;0;0;0;0;0;0;0;0;0;;;;;;
21.10.2024;06:07;A163;1;1;0;2;4;1;0;2;1;0;0;0;0;5;4;0;0;0;0;0;0;0;0;0;0;0;0;0;0;0;0;0;0;0;0;;;;;;
21.10.2024;06:06;A163;1;1;1;2;0;1;1;0;0;0;0;0;0;3;1;0;0;0;0;0;0;0;0;0;0;0;0;0;0;0;0;0;0;0;0;;;;;;
21.10.2024;06:05;A163;1;2;2;2;2;2;3;0;0;0;0;1;0;3;2;0;0;0;0;0;0;0;0;0;0;0;0;0;0;0;0;0;0;1;0;;;;;;
21.10.2024;06:04;A163;1;1;1;1;0;1;1;1;0;0;0;1;1;3;2;0;0;0;0;0;0;0;0;0;0;0;0;0;0;0;0;0;0;1;1;;;;;;
21.10.2024;06:03;A163;1;1;0;3;2;1;0;1;0;0;0;0;0;4;6;0;0;0;0;0;0;0;0;0;0;0;0;0;0;0;0;0;0;1;0;;;;;;
21.10.2024;06:02;A163;1;1;1;0;0;1;1;0;0;0;0;0;0;1;0;0;0;0;0;0;0;0;0;0;0;0;0;0;0;0;0;0;0;0;0;;;;;;
21.10.2024;06:01;A163;1;0;0;0;0;0;0;0;0;0;0;1;1;2;1;0;0;0;0;0;0;0;0;0;0;0;0;0;0;0;0;0;0;1;1;;;;;;
21.10.2024;06:00;A163;1;2;0;4;6;1;1;2;2;0;0;2;2;2;2;0;0;0;0;0;0;0;0;1;0;0;0;0;0;0;0;0;0;2;1;;;;;;
21.10.2024;05:59;A163;1;0;0;4;9;0;0;2;27;1;0;3;3;2;1;0;0;0;0;0;0;0;0;0;0;1;0;0;0;0;0;0;0;3;3;;;;;;
21.10.2024;05:58;A163;1;1;1;2;2;1;2;0;0;0;0;1;0;3;6;0;0;0;0;0;0;0;0;0;0;1;0;0;0;0;0;0;0;1;0;;;;;;
21.10.2024;05:57;A163;1;0;0;0;0;0;0;1;0;0;0;1;1;1;0;0;0;0;0;0;0;0;0;0;0;0;0;0;0;0;0;0;0;1;1;;;;;;
21.10.2024;05:56;A163;1;0;0;1;1;1;0;0;0;0;0;0;0;2;2;0;0;0;0;0;0;0;0;0;0;0;0;0;0;0;0;0;0;0;0;;;;;;
21.10.2024;05:55;A163;1;0;0;1;0;0;0;0;0;0;0;0;0;6;5;0;0;0;0;0;0;0;0;0;0;0;0;0;0;0;0;0;0;0;0;;;;;;
21.10.2024;05:54;A163;1;1;1;1;2;1;15;1;20;1;9;0;0;2;2;1;0;0;0;0;0;0;0;0;0;0;0;0;0;0;0;0;0;0;0;;;;;;
21.10.2024;05:53;A163;1;0;0;1;0;0;0;0;0;0;0;0;0;2;2;0;0;0;0;0;0;0;0;1;0;1;0;0;0;0;0;0;0;0;0;;;;;;
21.10.2024;05:52;A163;1;1;1;1;1;0;0;1;1;0;0;1;0;1;1;0;0;0;0;0;0;0;0;0;0;0;0;0;0;0;0;0;0;0;0;;;;;;
21.10.2024;05:51;A163;1;1;0;1;0;1;0;0;0;0;0;0;0;1;0;0;0;0;0;0;0;0;0;0;0;0;0;0;0;0;0;0;0;0;0;;;;;;
21.10.2024;05:50;A163;1;0;0;0;0;0;0;0;0;0;0;0;0;1;0;0;0;0;0;0;0;0;0;0;0;1;0;0;0;0;0;0;0;0;0;;;;;;
21.10.2024;05:49;A163;1;1;1;1;0;1;1;0;0;0;0;0;0;1;0;0;0;0;0;0;0;0;0;0;0;0;0;0;0;0;0;0;0;0;0;;;;;;
21.10.2024;05:48;A163;1;0;0;0;0;0;0;0;0;0;0;0;0;6;4;0;0;0;0;0;0;0;0;1;0;2;0;0;0;0;0;0;0;0;0;;;;;;
21.10.2024;05:47;A163;1;4;5;4;8;3;13;1;3;0;0;0;0;2;4;0;0;0;0;0;0;0;0;0;0;0;0;0;0;0;0;0;0;0;0;;;;;;
21.10.2024;05:46;A163;1;3;8;3;12;3;34;1;1;0;0;1;1;2;1;1;0;0;0;0;0;0;0;0;0;0;0;0;0;0;0;0;0;1;1;;;;;;
21.10.2024;05:45;A163;1;0;0;0;0;1;4;0;0;0;0;0;0;2;1;0;0;0;0;0;0;0;0;1;0;0;0;0;0;0;0;0;0;0;0;;;;;;
21.10.2024;05:44;A163;1;1;0;3;5;1;1;0;0;0;0;0;0;3;4;0;0;0;0;0;0;0;0;0;0;0;0;0;0;0;0;0;0;0;0;;;;;;
21.10.2024;05:43;A163;1;0;0;3;6;0;0;2;5;1;14;1;0;7;10;0;0;0;0;0;0;0;0;0;0;0;0;0;0;0;0;0;0;1;0;;;;;;
21.10.2024;05:42;A163;1;1;1;1;4;1;20;2;2;0;0;0;0;0;0;0;0;0;0;0;0;0;0;0;0;0;0;0;0;0;0;0;0;0;0;;;;;;
21.10.2024;05:41;A163;1;0;0;1;1;0;0;1;0;0;0;1;1;2;5;0;0;1;0;0;0;0;0;0;0;1;0;0;0;0;0;0;0;1;1;;;;;;
21.10.2024;05:40;A163;1;0;0;2;1;0;0;0;0;0;0;0;0;2;1;0;0;0;0;0;0;0;0;0;0;0;0;0;0;0;0;0;0;0;0;;;;;;
21.10.2024;05:39;A163;1;0;0;0;0;0;0;0;0;0;0;0;0;2;1;0;0;0;0;0;0;0;0;0;0;0;0;0;0;0;0;0;0;0;0;;;;;;
21.10.2024;05:38;A163;1;1;1;1;1;2;2;0;0;0;0;0;0;1;1;0;0;0;0;0;0;0;0;0;0;0;0;0;0;0;0;0;0;0;0;;;;;;
21.10.2024;05:37;A163;1;3;3;0;0;3;19;0;0;0;0;0;0;2;1;0;0;0;0;0;0;0;0;1;0;0;0;0;0;0;0;0;0;0;0;;;;;;
21.10.2024;05:36;A163;1;2;4;2;7;1;3;0;0;1;27;0;0;5;8;0;0;0;0;0;0;0;0;0;0;0;0;0;0;0;0;0;0;0;0;;;;;;
21.10.2024;05:35;A163;1;2;2;2;1;3;3;0;0;0;0;0;0;0;0;0;0;0;0;0;0;0;0;0;0;0;0;0;0;0;0;0;0;0;0;;;;;;
21.10.2024;05:34;A163;1;2;1;1;1;1;1;1;0;0;0;0;0;0;0;0;0;0;0;0;0;0;0;0;0;0;0;0;0;0;0;0;0;0;0;;;;;;
21.10.2024;05:33;A163;1;1;1;1;1;2;10;0;0;1;29;2;0;1;0;0;0;0;0;0;0;0;0;0;0;0;0;0;0;0;0;0;0;1;0;;;;;;
21.10.2024;05:32;A163;1;0;0;1;1;0;0;1;0;0;0;0;0;1;1;0;0;0;0;0;0;0;0;0;0;0;0;0;0;0;0;0;0;0;0;;;;;;
21.10.2024;05:31;A163;1;0;0;1;1;1;0;0;0;0;0;0;0;1;0;0;0;0;0;0;0;0;0;0;0;0;0;0;0;0;0;0;0;0;0;;;;;;
21.10.2024;05:30;A163;1;1;0;3;6;1;1;3;4;0;0;0;0;3;3;0;0;0;0;0;0;0;0;0;0;0;0;0;0;0;0;0;0;0;0;;;;;;
21.10.2024;05:29;A163;1;0;0;0;0;0;0;0;0;0;0;0;0;1;3;0;0;0;0;0;0;0;0;0;0;0;0;0;0;0;0;0;0;0;0;;;;;;
21.10.2024;05:28;A163;1;0;0;1;0;0;0;0;0;0;0;0;0;2;1;0;0;0;0;0;0;0;0;0;0;0;0;0;0;0;0;0;0;0;0;;;;;;
21.10.2024;05:27;A163;1;0;0;0;0;0;0;0;0;0;0;0;0;0;0;0;0;0;0;0;0;0;0;0;0;0;0;0;0;0;0;0;0;0;0;;;;;;
21.10.2024;05:26;A163;1;2;2;0;0;2;2;0;0;0;0;0;0;2;1;0;0;0;0;0;0;0;0;0;0;0;0;0;0;0;0;0;0;0;0;;;;;;
21.10.2024;05:25;A163;1;1;1;0;0;1;9;0;0;0;0;0;0;0;0;0;0;0;0;0;0;0;0;0;0;0;0;0;0;0;0;0;0;0;0;;;;;;
21.10.2024;05:24;A163;1;0;0;0;0;0;0;0;0;1;0;0;0;1;0;0;0;0;0;0;0;0;0;0;0;0;0;0;0;0;0;0;0;0;0;;;;;;
21.10.2024;05:23;A163;1;1;1;0;0;1;1;0;0;0;0;0;0;2;1;0;0;0;0;0;0;0;0;0;0;0;0;0;0;0;0;0;0;0;0;;;;;;
21.10.2024;05:22;A163;1;0;0;2;4;1;0;1;3;0;0;0;0;3;4;0;0;0;0;0;0;0;0;0;0;0;0;0;0;0;0;0;0;0;0;;;;;;
21.10.2024;05:21;A163;1;2;1;1;2;2;2;0;0;0;0;0;0;0;0;0;0;0;0;0;0;0;0;0;0;0;0;0;0;0;0;0;0;0;0;;;;;;
21.10.2024;05:20;A163;1;2;1;2;2;2;2;0;0;0;0;0;0;2;4;0;0;0;0;0;0;0;0;0;0;0;0;0;0;0;0;0;0;0;0;;;;;;
21.10.2024;05:19;A163;1;0;0;0;0;0;0;0;0;0;0;0;0;0;0;0;0;0;0;0;0;0;0;0;0;0;0;0;0;0;0;0;0;0;0;;;;;;
21.10.2024;05:18;A163;1;1;1;1;1;1;1;0;0;0;0;0;0;2;1;0;0;0;0;0;0;0;0;0;0;0;0;0;0;0;0;0;0;0;0;;;;;;
21.10.2024;05:17;A163;1;0;0;3;5;0;0;2;4;0;0;1;31;2;3;0;0;0;0;0;0;0;0;0;0;0;0;0;0;0;0;0;0;1;31;;;;;;
21.10.2024;05:16;A163;1;2;2;1;0;2;3;0;0;0;0;0;0;0;0;0;0;0;0;0;0;0;0;0;0;0;0;0;0;0;0;0;0;0;0;;;;;;
21.10.2024;05:15;A163;1;1;1;1;2;1;1;2;2;0;0;0;0;3;2;0;0;0;0;0;0;0;0;0;0;0;0;0;0;0;0;0;0;0;0;;;;;;
21.10.2024;05:14;A163;1;0;0;0;0;0;0;0;0;0;0;0;0;2;1;0;0;0;0;0;0;0;0;0;0;0;0;0;0;0;0;0;0;0;0;;;;;;
21.10.2024;05:13;A163;1;0;0;2;7;0;0;4;5;0;0;0;0;5;9;0;0;0;0;0;0;0;0;0;0;0;0;0;0;0;0;0;0;0;0;;;;;;
21.10.2024;05:12;A163;1;1;1;0;0;1;1;0;0;0;0;0;0;0;0;0;0;0;0;0;0;0;0;0;0;0;0;0;0;0;0;0;0;0;0;;;;;;
21.10.2024;05:11;A163;1;0;0;0;0;0;0;0;0;0;0;0;0;0;0;0;0;0;0;0;0;0;0;0;0;0;0;0;0;0;0;0;0;0;0;;;;;;
21.10.2024;05:10;A163;1;1;5;1;5;1;5;0;0;0;0;0;0;0;0;0;0;0;0;0;0;0;0;0;0;0;0;0;0;0;0;0;0;0;0;;;;;;
21.10.2024;05:09;A163;1;1;0;1;0;1;1;0;0;0;0;0;0;3;1;0;0;0;0;0;0;0;0;0;0;0;0;0;0;0;0;0;0;0;0;;;;;;
21.10.2024;05:08;A163;1;0;0;1;3;0;0;1;3;0;0;0;0;2;3;0;0;0;0;0;0;0;0;0;0;0;0;0;0;0;0;0;0;0;0;;;;;;
21.10.2024;05:07;A163;1;1;1;0;0;1;1;0;0;0;0;0;0;0;0;0;0;0;0;0;0;0;0;0;0;0;0;0;0;0;0;0;0;0;0;;;;;;
21.10.2024;05:06;A163;1;0;0;1;1;0;0;1;1;0;0;0;0;0;0;0;0;0;0;0;0;0;0;0;0;0;0;0;0;0;0;0;0;0;0;;;;;;
21.10.2024;05:05;A163;1;1;1;1;2;1;1;0;0;0;0;0;0;0;0;0;0;0;0;0;0;0;0;0;0;0;0;0;0;0;0;0;0;0;0;;;;;;
21.10.2024;05:04;A163;1;0;0;1;3;0;0;2;2;0;4;0;0;3;4;0;0;0;0;0;0;0;0;0;0;0;0;0;0;0;0;0;0;0;0;;;;;;
21.10.2024;05:03;A163;1;0;0;0;0;0;0;0;0;1;1;1;11;0;0;0;0;0;0;0;0;0;0;0;0;0;0;0;0;0;0;0;0;1;13;;;;;;
21.10.2024;05:02;A163;1;0;0;0;0;0;0;0;0;0;0;0;0;0;0;0;0;0;0;0;0;0;0;0;0;0;0;0;0;0;0;0;0;0;0;;;;;;
21.10.2024;05:01;A163;1;0;0;0;0;0;0;0;0;0;0;0;0;1;1;0;0;0;0;0;0;0;0;0;0;0;0;0;0;0;0;0;0;0;0;;;;;;
21.10.2024;05:00;A163;1;0;0;0;0;0;0;0;0;0;0;0;0;0;0;0;0;0;0;0;0;0;0;0;0;0;0;0;0;0;0;0;0;0;0;;;;;;
21.10.2024;04:59;A163;1;1;1;1;1;1;4;0;0;0;11;0;0;0;0;0;0;0;0;0;0;0;0;0;0;0;0;0;0;0;0;0;0;0;0;;;;;;
21.10.2024;04:58;A163;1;1;1;1;0;1;1;0;0;1;17;0;0;1;0;0;0;0;0;0;0;0;0;0;0;0;0;0;0;0;0;0;0;0;0;;;;;;
21.10.2024;04:57;A163;1;1;1;1;0;2;2;1;0;0;0;1;0;1;0;1;0;0;0;0;0;0;0;0;0;0;0;0;0;0;0;0;0;1;0;;;;;;
21.10.2024;04:56;A163;1;1;1;1;1;1;22;1;1;0;0;0;18;0;0;0;0;0;0;0;0;0;0;0;0;0;0;0;0;0;0;0;0;0;17;;;;;;
21.10.2024;04:55;A163;1;0;0;0;0;0;0;0;0;0;0;1;17;2;1;0;0;0;0;0;0;0;0;0;0;0;0;0;0;0;0;0;0;1;17;;;;;;
21.10.2024;04:54;A163;1;0;0;0;0;0;0;0;0;0;0;0;0;1;0;0;0;0;0;0;0;0;0;0;0;0;0;0;0;0;0;0;0;0;0;;;;;;
21.10.2024;04:53;A163;1;0;0;1;1;1;1;0;0;0;0;1;0;0;0;0;0;0;0;0;0;0;0;0;0;0;0;0;0;0;0;0;0;1;0;;;;;;
21.10.2024;04:52;A163;1;0;0;0;0;0;0;0;0;0;0;0;0;1;0;0;0;0;0;0;0;0;0;0;0;0;0;0;0;0;0;0;0;0;0;;;;;;
21.10.2024;04:51;A163;1;1;0;1;1;1;1;0;0;0;0;0;0;1;0;0;0;0;0;0;0;0;0;0;0;0;0;0;0;0;0;0;0;0;0;;;;;;
21.10.2024;04:50;A163;1;0;0;1;0;0;0;1;0;0;0;0;0;1;0;0;0;0;0;0;0;0;0;0;0;0;0;0;0;0;0;0;0;0;0;;;;;;
21.10.2024;04:49;A163;1;0;0;0;0;0;0;0;0;0;0;0;0;0;0;0;0;0;0;0;0;0;0;0;0;0;0;0;0;0;0;0;0;0;0;;;;;;
21.10.2024;04:48;A163;1;0;0;0;0;0;0;0;0;0;0;0;0;2;1;0;0;0;0;0;0;0;0;0;0;0;0;0;0;0;0;0;0;0;0;;;;;;
21.10.2024;04:47;A163;1;0;0;0;0;0;0;0;0;0;0;0;0;0;0;0;0;0;0;0;0;0;0;0;0;0;0;0;0;0;0;0;0;0;0;;;;;;
21.10.2024;04:46;A163;1;2;4;2;4;3;6;0;0;0;0;0;0;1;0;0;0;0;0;0;0;0;0;0;0;0;0;0;0;0;0;0;0;0;0;;;;;;
21.10.2024;04:45;A163;1;1;1;1;3;2;4;0;0;0;0;0;0;0;0;0;0;0;0;0;0;0;0;0;0;0;0;0;0;0;0;0;0;0;0;;;;;;
21.10.2024;04:44;A163;1;0;0;0;0;0;0;0;0;0;0;1;1;0;0;0;0;0;0;0;0;0;0;0;0;0;0;0;0;0;0;0;0;1;1;;;;;;
21.10.2024;04:43;A163;1;2;2;2;1;2;2;0;0;0;0;0;0;1;0;0;0;0;0;0;0;0;0;0;0;0;0;0;0;0;0;0;0;0;0;;;;;;
21.10.2024;04:42;A163;1;0;0;1;0;0;0;0;0;0;0;0;0;2;1;0;0;0;0;0;0;0;0;0;0;0;0;0;0;0;0;0;0;0;0;;;;;;
21.10.2024;04:41;A163;1;0;0;1;1;1;1;0;0;0;0;0;0;2;1;0;0;0;0;0;0;0;0;0;0;0;0;0;0;0;0;0;0;0;0;;;;;;
21.10.2024;04:40;A163;1;1;0;1;0;1;1;0;0;0;0;0;0;0;0;0;0;0;0;0;0;0;0;0;0;0;0;0;0;0;0;0;0;0;0;;;;;;
21.10.2024;04:39;A163;1;0;0;2;1;0;0;1;0;0;0;0;0;1;1;0;0;0;0;0;0;0;0;0;0;0;0;0;0;0;0;0;0;0;0;;;;;;
21.10.2024;04:38;A163;1;0;0;0;0;0;0;0;0;0;0;0;0;1;1;0;0;0;0;0;0;0;0;0;0;0;0;0;0;0;0;0;0;0;0;;;;;;
21.10.2024;04:37;A163;1;0;0;2;5;0;0;0;0;0;0;0;0;1;1;0;0;0;0;0;0;0;0;0;0;0;0;0;0;0;0;0;0;0;0;;;;;;
21.10.2024;04:36;A163;1;0;0;0;0;0;0;0;0;0;0;0;0;3;5;0;0;0;0;0;0;0;0;0;0;0;0;0;0;0;0;0;0;0;0;;;;;;
21.10.2024;04:35;A163;1;0;0;1;0;0;0;0;0;0;0;0;0;2;1;0;0;0;0;0;0;0;0;0;0;0;0;0;0;0;0;0;0;0;0;;;;;;
21.10.2024;04:34;A163;1;0;0;0;0;0;0;0;0;0;0;0;0;0;0;0;0;0;0;0;0;0;0;0;0;0;0;0;0;0;0;0;0;0;0;;;;;;
21.10.2024;04:33;A163;1;1;1;1;1;1;1;0;0;0;0;0;0;0;0;0;0;0;0;0;0;0;0;0;0;0;0;0;0;0;0;0;0;0;0;;;;;;
21.10.2024;04:32;A163;1;0;0;0;0;0;0;0;0;0;0;0;0;0;0;0;0;0;0;0;0;0;0;0;0;0;0;0;0;0;0;0;0;0;0;;;;;;
21.10.2024;04:31;A163;1;0;0;1;1;0;0;1;0;0;0;1;0;1;0;0;0;0;0;0;0;0;0;0;0;0;0;0;0;0;0;0;0;1;0;;;;;;
21.10.2024;04:30;A163;1;0;0;0;0;0;0;0;0;0;0;0;0;1;0;0;0;0;0;0;0;0;0;0;0;0;0;0;0;0;0;0;0;0;0;;;;;;
21.10.2024;04:29;A163;1;1;0;0;0;1;0;0;0;0;0;0;0;1;0;0;0;0;0;0;0;0;0;0;0;0;0;0;0;0;0;0;0;0;0;;;;;;
21.10.2024;04:28;A163;1;0;0;0;0;0;0;0;0;0;0;0;0;1;0;0;0;0;0;0;0;0;0;0;0;0;0;0;0;0;0;0;0;0;0;;;;;;
21.10.2024;04:27;A163;1;0;0;1;2;0;0;1;9;0;0;0;0;0;0;0;0;0;0;0;0;0;0;1;0;1;0;0;0;0;0;0;0;0;0;;;;;;
21.10.2024;04:26;A163;1;0;0;0;0;0;0;0;0;0;0;0;0;0;0;0;0;0;0;0;0;0;0;0;0;0;0;0;0;0;0;0;0;0;0;;;;;;
21.10.2024;04:25;A163;1;0;0;0;0;0;0;0;0;0;0;0;0;0;0;0;0;0;0;0;0;0;0;0;0;0;0;0;0;0;0;0;0;0;0;;;;;;
21.10.2024;04:24;A163;1;0;0;0;0;0;0;0;0;0;0;0;0;1;0;0;0;0;0;0;0;0;0;0;0;0;0;0;0;0;0;0;0;0;0;;;;;;
21.10.2024;04:23;A163;1;0;0;0;0;0;0;0;0;0;0;0;0;0;0;0;0;0;0;0;0;0;0;0;0;0;0;0;0;0;0;0;0;0;0;;;;;;
21.10.2024;04:22;A163;1;0;0;1;0;0;0;0;0;0;0;0;0;1;0;0;0;0;0;0;0;0;0;0;0;0;0;0;0;0;0;0;0;0;0;;;;;;
21.10.2024;04:21;A163;1;1;0;0;0;0;0;0;0;0;0;0;0;0;0;0;0;0;0;0;0;0;0;0;0;0;0;0;0;0;0;0;0;0;0;;;;;;
21.10.2024;04:20;A163;1;1;0;1;0;1;0;0;0;0;0;0;0;0;0;0;0;0;0;0;0;0;0;0;0;0;0;0;0;0;0;0;0;0;0;;;;;;
21.10.2024;04:19;A163;1;0;0;0;0;0;0;0;0;0;0;0;0;1;0;0;0;0;0;0;0;0;0;0;0;0;0;0;0;0;0;0;0;0;0;;;;;;
21.10.2024;04:18;A163;1;1;0;1;1;0;0;0;0;0;0;0;0;0;0;0;0;0;0;0;0;0;0;0;0;0;0;0;0;0;0;0;0;0;0;;;;;;
21.10.2024;04:17;A163;1;0;0;0;0;1;0;0;0;0;0;0;0;0;0;0;0;0;0;0;0;0;0;0;0;0;0;0;0;0;0;0;0;0;0;;;;;;
21.10.2024;04:16;A163;1;0;0;0;0;0;0;0;0;0;0;0;0;0;0;0;0;0;0;0;0;0;0;0;0;0;0;0;0;0;0;0;0;0;0;;;;;;
21.10.2024;04:15;A163;1;0;0;0;0;0;0;0;0;0;0;0;0;1;1;0;0;0;0;0;0;0;0;0;0;0;0;0;0;0;0;0;0;0;0;;;;;;
21.10.2024;04:14;A163;1;0;0;0;0;0;0;0;0;0;0;0;0;0;0;0;0;0;0;0;0;0;0;0;0;0;0;0;0;0;0;0;0;0;0;;;;;;
21.10.2024;04:13;A163;1;0;0;0;0;0;0;0;0;0;0;0;0;0;0;0;0;0;0;0;0;0;0;0;0;0;0;0;0;0;0;0;0;0;0;;;;;;
21.10.2024;04:12;A163;1;1;2;0;0;1;2;0;0;1;0;0;0;0;0;0;0;0;0;0;0;0;0;0;0;0;0;0;0;0;0;0;0;0;0;;;;;;
21.10.2024;04:11;A163;1;0;0;0;0;0;0;0;0;0;0;0;0;0;0;0;0;0;0;0;0;0;0;0;0;0;0;0;0;0;0;0;0;0;0;;;;;;
21.10.2024;04:10;A163;1;1;4;1;5;1;4;0;0;0;0;0;0;0;0;0;0;0;0;0;0;0;0;0;0;0;0;0;0;0;0;0;0;0;0;;;;;;
21.10.2024;04:09;A163;1;1;1;2;2;2;1;1;0;0;0;0;0;1;0;0;0;0;0;0;0;0;0;0;0;0;0;0;0;0;0;0;0;0;0;;;;;;
21.10.2024;04:08;A163;1;1;0;1;0;1;1;0;0;0;0;0;0;0;0;0;0;0;0;0;0;0;0;0;0;0;0;0;0;0;0;0;0;0;0;;;;;;
21.10.2024;04:07;A163;1;0;0;1;1;1;0;0;0;0;0;0;0;0;0;0;0;0;0;0;0;0;0;0;0;0;0;0;0;0;0;0;0;0;0;;;;;;
21.10.2024;04:06;A163;1;0;0;0;0;0;0;0;0;0;0;0;0;0;0;0;0;0;0;0;0;0;0;0;0;0;0;0;0;0;0;0;0;0;0;;;;;;
21.10.2024;04:05;A163;1;0;0;0;0;0;0;0;0;0;0;0;0;2;1;0;0;0;0;0;0;0;0;0;0;0;0;0;0;0;0;0;0;0;0;;;;;;
21.10.2024;04:04;A163;1;0;0;1;0;0;0;0;0;0;0;0;0;1;0;0;0;0;0;0;0;0;0;0;0;0;0;0;0;0;0;0;0;0;0;;;;;;
21.10.2024;04:03;A163;1;0;0;0;0;0;0;0;0;1;28;0;0;0;0;0;0;0;0;0;0;0;0;0;0;0;0;0;0;0;0;0;0;0;0;;;;;;
21.10.2024;04:02;A163;1;1;0;1;1;1;1;0;0;0;0;0;0;1;0;0;0;0;0;0;0;0;0;0;0;0;0;0;0;0;0;0;0;0;0;;;;;;
21.10.2024;04:01;A163;1;0;0;0;0;0;0;0;0;0;0;0;0;0;0;0;0;0;0;0;0;0;0;0;0;0;0;0;0;0;0;0;0;0;0;;;;;;
21.10.2024;04:00;A163;1;0;0;1;1;1;1;0;0;0;0;0;0;1;0;0;0;0;0;0;0;0;0;0;0;0;0;0;0;0;0;0;0;0;0;;;;;;
21.10.2024;03:59;A163;1;1;0;2;2;2;1;0;0;0;0;0;0;0;0;0;0;0;0;0;0;0;0;0;0;0;0;0;0;0;0;0;0;0;0;;;;;;
21.10.2024;03:58;A163;1;0;0;0;0;0;0;0;0;0;0;0;0;0;0;0;0;0;0;0;0;0;0;1;0;0;0;0;0;0;0;0;0;0;0;;;;;;
21.10.2024;03:57;A163;1;0;0;0;0;0;0;0;0;0;0;0;0;0;0;0;0;0;0;0;0;0;0;0;0;0;0;0;0;0;0;0;0;0;0;;;;;;
21.10.2024;03:56;A163;1;0;0;0;0;0;0;1;0;0;0;0;0;1;0;0;0;0;0;0;0;0;0;0;0;0;0;0;0;0;0;0;0;0;0;;;;;;
21.10.2024;03:55;A163;1;0;0;0;0;0;0;0;0;0;0;0;0;0;0;0;0;0;0;0;0;0;0;0;0;0;0;0;0;0;0;0;0;0;0;;;;;;
21.10.2024;03:54;A163;1;0;0;0;0;0;0;0;0;0;0;0;0;0;0;0;0;0;0;0;0;0;0;0;0;0;0;0;0;0;0;0;0;0;0;;;;;;
21.10.2024;03:53;A163;1;0;0;0;0;0;0;0;2;0;0;0;0;0;0;0;0;0;0;0;0;0;0;0;0;0;0;0;0;0;0;0;0;0;0;;;;;;
21.10.2024;03:52;A163;1;0;0;1;3;0;0;1;0;0;0;0;0;1;3;0;0;0;0;0;0;0;0;0;0;0;0;0;0;0;0;0;0;0;0;;;;;;
21.10.2024;03:51;A163;1;0;0;0;0;0;0;0;0;0;0;0;0;0;0;0;0;0;0;0;0;0;0;0;0;0;0;0;0;0;0;0;0;0;0;;;;;;
21.10.2024;03:50;A163;1;0;0;0;0;0;0;0;0;0;0;0;0;1;0;0;0;0;0;0;0;0;0;0;0;0;0;0;0;0;0;0;0;0;0;;;;;;
21.10.2024;03:49;A163;1;1;0;1;0;1;0;0;0;0;0;0;0;0;0;0;0;0;0;0;0;0;0;0;0;0;0;0;0;0;0;0;0;0;0;;;;;;
21.10.2024;03:48;A163;1;0;0;0;0;0;0;0;0;0;0;0;0;0;0;0;0;0;0;0;0;0;0;0;0;0;0;0;0;0;0;0;0;0;0;;;;;;
21.10.2024;03:47;A163;1;0;0;0;0;0;0;0;0;0;0;0;0;0;0;0;0;0;0;0;0;0;0;0;0;0;0;0;0;0;0;0;0;0;0;;;;;;
21.10.2024;03:46;A163;1;0;0;0;0;0;0;0;0;0;0;0;0;0;0;0;0;0;0;0;0;0;0;0;0;0;0;0;0;0;0;0;0;0;0;;;;;;
21.10.2024;03:45;A163;1;0;0;0;0;0;0;0;0;0;0;0;0;0;0;0;0;0;0;0;0;0;0;0;0;0;0;0;0;0;0;0;0;0;0;;;;;;
21.10.2024;03:44;A163;1;0;0;1;0;0;0;0;0;0;0;0;0;1;0;0;0;0;0;0;0;0;0;0;0;0;0;0;0;0;0;0;0;0;0;;;;;;
21.10.2024;03:43;A163;1;0;0;0;0;0;0;0;0;0;0;0;0;1;0;0;0;0;0;0;0;0;0;0;0;0;0;0;0;0;0;0;0;0;0;;;;;;
21.10.2024;03:42;A163;1;0;0;1;1;0;0;1;0;0;0;1;0;0;0;0;0;0;0;0;0;0;0;0;0;0;0;0;0;0;0;0;0;1;0;;;;;;
21.10.2024;03:41;A163;1;0;0;0;0;0;0;0;0;3;0;0;0;0;0;0;0;0;0;0;0;0;0;0;0;0;0;0;0;0;0;0;0;0;0;;;;;;
21.10.2024;03:40;A163;1;0;0;1;2;0;0;0;0;0;0;0;0;0;0;0;0;0;0;0;0;0;0;0;0;0;0;0;0;0;0;0;0;0;0;;;;;;
21.10.2024;03:39;A163;1;0;0;0;0;0;0;0;0;0;0;0;0;1;3;0;0;0;0;0;0;0;0;0;0;0;0;0;0;0;0;0;0;0;0;;;;;;
21.10.2024;03:38;A163;1;1;0;1;0;1;0;0;0;0;0;0;0;1;0;0;0;0;0;0;0;0;0;0;0;0;0;0;0;0;0;0;0;0;0;;;;;;
21.10.2024;03:37;A163;1;0;0;0;0;0;0;0;0;0;0;0;0;0;0;0;0;0;0;0;0;0;0;0;0;0;0;0;0;0;0;0;0;0;0;;;;;;
21.10.2024;03:36;A163;1;0;0;0;0;0;0;0;0;0;0;0;0;1;0;0;0;0;0;0;0;0;0;0;0;0;0;0;0;0;0;0;0;0;0;;;;;;
21.10.2024;03:35;A163;1;0;0;0;0;0;0;0;0;0;0;0;0;0;0;0;0;0;0;0;0;0;0;0;0;0;0;0;0;0;0;0;0;0;0;;;;;;
21.10.2024;03:34;A163;1;0;0;1;0;0;0;0;0;0;0;0;0;1;0;0;0;0;0;0;0;0;0;0;0;0;0;0;0;0;0;0;0;0;0;;;;;;
21.10.2024;03:33;A163;1;0;0;0;0;0;0;0;0;1;28;0;0;0;0;0;0;0;0;0;0;0;0;0;0;0;0;0;0;0;0;0;0;0;0;;;;;;
21.10.2024;03:32;A163;1;0;0;0;0;0;0;0;0;0;0;0;0;0;0;0;0;0;0;0;0;0;0;0;0;0;0;0;0;0;0;0;0;0;0;;;;;;
21.10.2024;03:31;A163;1;0;0;0;0;0;0;0;0;0;0;0;0;1;0;0;0;0;0;0;0;0;0;0;0;0;0;0;0;0;0;0;0;0;0;;;;;;
21.10.2024;03:30;A163;1;0;0;0;0;0;0;0;0;0;0;0;0;0;0;0;0;0;0;0;0;0;0;0;0;0;0;0;0;0;0;0;0;0;0;;;;;;
21.10.2024;03:29;A163;1;0;0;0;0;0;0;0;0;0;0;0;0;0;0;0;0;0;0;0;0;0;0;0;0;0;0;0;0;0;0;0;0;0;0;;;;;;
21.10.2024;03:28;A163;1;0;0;0;0;0;0;0;0;1;29;0;0;0;0;0;0;0;0;0;0;0;0;0;0;0;0;0;0;0;0;0;0;0;0;;;;;;
21.10.2024;03:27;A163;1;0;0;0;0;0;0;0;0;0;0;0;0;1;0;0;0;0;0;0;0;0;0;0;0;0;0;0;0;0;0;0;0;0;0;;;;;;
21.10.2024;03:26;A163;1;0;0;1;2;0;0;0;0;0;0;0;0;0;0;0;0;0;0;0;0;0;0;0;0;0;0;0;0;0;0;0;0;0;0;;;;;;
21.10.2024;03:25;A163;1;0;0;0;0;0;0;0;0;0;0;0;0;0;0;0;0;0;0;0;0;0;0;0;0;0;0;0;0;0;0;0;0;0;0;;;;;;
21.10.2024;03:24;A163;1;0;0;1;1;0;0;0;0;2;30;0;0;0;0;0;0;0;0;0;0;0;0;0;0;0;0;0;0;0;0;0;0;0;0;;;;;;
21.10.2024;03:23;A163;1;0;0;0;0;0;0;0;0;0;0;0;0;0;0;0;0;0;0;0;0;0;0;0;0;0;0;0;0;0;0;0;0;0;0;;;;;;
21.10.2024;03:22;A163;1;1;2;1;1;1;1;0;0;0;0;0;0;0;0;0;0;0;0;0;0;0;0;0;0;0;0;0;0;0;0;0;0;0;0;;;;;;
21.10.2024;03:21;A163;1;0;0;1;1;0;0;1;1;0;0;0;0;0;0;0;0;0;0;0;0;0;0;0;0;0;0;0;0;0;0;0;0;0;0;;;;;;
21.10.2024;03:20;A163;1;1;0;1;1;1;1;0;0;0;0;0;0;0;0;0;0;0;0;0;0;0;0;0;0;0;0;0;0;0;0;0;0;0;0;;;;;;
21.10.2024;03:19;A163;1;0;0;0;0;0;0;0;0;0;0;0;0;0;0;0;0;0;0;0;0;0;0;0;0;0;0;0;0;0;0;0;0;0;0;;;;;;
21.10.2024;03:18;A163;1;0;0;0;0;0;0;0;0;0;0;0;0;0;0;0;0;0;0;0;0;0;0;0;0;0;0;0;0;0;0;0;0;0;0;;;;;;
21.10.2024;03:17;A163;1;0;0;0;0;0;0;0;0;0;0;0;0;0;0;0;0;0;0;0;0;0;0;0;0;0;0;0;0;0;0;0;0;0;0;;;;;;
21.10.2024;03:16;A163;1;1;0;1;0;1;1;0;0;0;0;0;0;0;0;0;0;0;0;0;0;0;0;0;0;0;0;0;0;0;0;0;0;0;0;;;;;;
21.10.2024;03:15;A163;1;0;0;0;0;0;0;0;0;0;0;0;0;0;0;0;0;0;0;0;0;0;0;0;0;0;0;0;0;0;0;0;0;0;0;;;;;;
21.10.2024;03:14;A163;1;0;0;0;0;0;0;0;0;0;0;0;0;0;0;0;0;0;0;0;0;0;0;0;0;0;0;0;0;0;0;0;0;0;0;;;;;;
21.10.2024;03:13;A163;1;0;0;0;0;0;0;0;0;0;0;0;0;0;0;0;0;0;0;0;0;0;0;0;0;0;0;0;0;0;0;0;0;0;0;;;;;;
21.10.2024;03:12;A163;1;0;0;0;0;0;0;0;0;0;0;0;0;0;0;0;0;0;0;0;0;0;0;0;0;0;0;0;0;0;0;0;0;0;0;;;;;;
21.10.2024;03:11;A163;1;0;0;0;0;0;0;0;0;0;0;0;0;0;0;0;0;0;0;0;0;0;0;0;0;0;0;0;0;0;0;0;0;0;0;;;;;;
21.10.2024;03:10;A163;1;0;0;0;0;0;0;0;0;0;0;0;0;0;0;0;0;0;0;0;0;0;0;0;0;0;0;0;0;0;0;0;0;0;0;;;;;;
21.10.2024;03:09;A163;1;0;0;0;0;0;0;0;0;0;0;1;0;1;0;0;0;0;0;0;0;0;0;0;0;0;0;0;0;0;0;0;0;0;0;;;;;;
21.10.2024;03:08;A163;1;0;0;0;0;0;0;0;0;0;0;0;0;0;0;0;0;0;0;0;0;0;0;0;0;0;0;0;0;0;0;0;0;0;0;;;;;;
21.10.2024;03:07;A163;1;0;0;0;0;0;0;0;0;0;0;0;0;0;0;0;0;0;0;0;0;0;0;0;0;0;0;0;0;0;0;0;0;0;0;;;;;;
21.10.2024;03:06;A163;1;0;0;0;0;0;0;0;0;0;0;0;0;0;0;0;0;0;0;0;0;0;0;0;0;0;0;0;0;0;0;0;0;0;0;;;;;;
21.10.2024;03:05;A163;1;0;0;0;0;0;0;0;0;0;0;0;0;0;0;0;0;0;0;0;0;0;0;0;0;0;0;0;0;0;0;0;0;0;0;;;;;;
21.10.2024;03:04;A163;1;0;0;1;0;0;0;0;0;1;1;1;35;0;0;0;0;0;0;0;0;0;0;0;0;0;0;0;0;0;0;0;0;1;35;;;;;;
21.10.2024;03:03;A163;1;0;0;0;0;0;0;0;0;0;0;1;33;1;0;0;0;0;0;0;0;0;0;0;0;0;0;0;0;0;0;0;0;1;33;;;;;;
21.10.2024;03:02;A163;1;1;1;0;0;1;1;0;0;0;0;0;0;0;0;0;0;0;0;0;0;0;0;0;0;0;0;0;0;0;0;0;0;0;0;;;;;;
21.10.2024;03:01;A163;1;0;0;0;0;0;0;0;0;0;0;0;0;0;0;0;0;0;0;0;0;0;0;0;0;0;0;0;0;0;0;0;0;0;0;;;;;;
21.10.2024;03:00;A163;1;0;0;0;0;0;0;0;0;0;0;1;1;0;0;0;0;0;0;0;0;0;0;0;0;0;0;0;0;0;0;0;0;1;0;;;;;;
21.10.2024;02:59;A163;1;0;0;1;2;0;0;1;1;0;0;0;0;0;0;0;0;0;0;0;0;0;0;0;0;0;0;0;0;0;0;0;0;0;0;;;;;;
21.10.2024;02:58;A163;1;1;2;2;2;2;3;0;0;0;0;0;0;0;0;0;0;0;0;0;0;0;0;0;0;0;0;0;0;0;0;0;0;0;0;;;;;;
21.10.2024;02:57;A163;1;0;0;0;0;0;0;0;0;0;0;0;0;0;0;0;0;0;0;0;0;0;0;0;0;0;0;0;0;0;0;0;0;0;0;;;;;;
21.10.2024;02:56;A163;1;0;0;0;0;0;0;0;0;0;0;0;0;0;0;0;0;0;0;0;0;0;0;0;0;0;0;0;0;0;0;0;0;0;0;;;;;;
21.10.2024;02:55;A163;1;0;0;0;0;0;0;0;0;0;0;0;0;0;0;0;0;0;0;0;0;0;0;0;0;0;0;0;0;0;0;0;0;0;0;;;;;;
21.10.2024;02:54;A163;1;1;0;1;0;1;1;0;0;0;0;0;0;0;0;0;0;0;0;0;0;0;0;0;0;0;0;0;0;0;0;0;0;0;0;;;;;;
21.10.2024;02:53;A163;1;1;1;1;1;1;1;0;0;0;0;0;0;0;0;0;0;0;0;0;0;0;0;0;0;0;0;0;0;0;0;0;0;0;0;;;;;;
21.10.2024;02:52;A163;1;1;2;2;3;2;4;0;0;0;0;0;0;0;0;0;0;0;0;0;0;0;0;0;0;0;0;0;0;0;0;0;0;0;0;;;;;;
21.10.2024;02:51;A163;1;0;0;0;0;0;0;0;0;0;0;0;0;0;0;0;0;0;0;0;0;0;0;0;0;0;0;0;0;0;0;0;0;0;0;;;;;;
21.10.2024;02:50;A163;1;0;0;0;0;0;0;0;0;0;0;0;0;0;0;0;0;0;0;0;0;0;0;0;0;0;0;0;0;0;0;0;0;0;0;;;;;;
21.10.2024;02:49;A163;1;0;0;0;0;0;0;0;0;0;0;0;0;0;0;0;0;0;0;0;0;0;0;0;0;0;0;0;0;0;0;0;0;0;0;;;;;;
21.10.2024;02:48;A163;1;0;0;0;0;0;0;1;0;0;0;0;0;1;0;0;0;0;0;0;0;0;0;0;0;0;0;0;0;0;0;0;0;0;0;;;;;;
21.10.2024;02:47;A163;1;1;1;1;1;1;1;0;0;0;0;0;0;0;0;0;0;0;0;0;0;0;0;0;0;0;0;0;0;0;0;0;0;0;0;;;;;;
21.10.2024;02:46;A163;1;0;0;0;0;0;0;0;0;0;0;0;0;0;0;0;0;0;0;0;0;0;0;0;0;0;0;0;0;0;0;0;0;0;0;;;;;;
21.10.2024;02:45;A163;1;0;0;0;0;0;0;0;0;0;0;0;0;0;0;0;0;0;0;0;0;0;0;0;0;0;0;0;0;0;0;0;0;0;0;;;;;;
21.10.2024;02:44;A163;1;0;0;0;0;0;0;0;0;0;0;0;0;0;0;0;0;0;0;0;0;0;0;0;0;0;0;0;0;0;0;0;0;0;0;;;;;;
21.10.2024;02:43;A163;1;0;0;0;0;0;0;0;0;0;0;0;0;0;0;0;0;0;0;0;0;0;0;0;0;0;0;0;0;0;0;0;0;0;0;;;;;;
21.10.2024;02:42;A163;1;1;1;1;0;0;0;0;0;0;0;0;0;0;0;0;0;0;0;0;0;0;0;0;0;0;0;0;0;0;0;0;0;0;0;;;;;;
21.10.2024;02:41;A163;1;0;0;0;0;1;1;0;0;0;0;0;0;0;0;0;0;0;0;0;0;0;0;0;0;0;0;0;0;0;0;0;0;0;0;;;;;;
21.10.2024;02:40;A163;1;0;0;0;0;0;0;0;0;0;0;0;0;0;0;0;0;0;0;0;0;0;0;0;0;0;0;0;0;0;0;0;0;0;0;;;;;;
21.10.2024;02:39;A163;1;0;0;1;0;0;0;2;0;0;0;0;0;1;0;0;0;0;0;0;0;0;0;0;0;0;0;0;0;0;0;0;0;0;0;;;;;;
21.10.2024;02:38;A163;1;0;0;0;0;0;0;0;0;0;0;0;0;0;0;0;0;0;0;0;0;0;0;0;0;0;0;0;0;0;0;0;0;0;0;;;;;;
21.10.2024;02:37;A163;1;0;0;0;0;0;0;0;0;0;0;0;0;0;0;0;0;0;0;0;0;0;0;0;0;0;0;0;0;0;0;0;0;0;0;;;;;;
21.10.2024;02:36;A163;1;1;1;0;0;1;1;0;0;0;0;0;0;0;0;0;0;0;0;0;0;0;0;0;0;0;0;0;0;0;0;0;0;0;0;;;;;;
21.10.2024;02:35;A163;1;0;0;0;0;0;0;0;0;0;0;0;0;0;0;0;0;0;0;0;0;0;0;0;0;0;0;0;0;0;0;0;0;0;0;;;;;;
21.10.2024;02:34;A163;1;1;0;1;0;1;1;0;0;0;0;0;0;1;0;0;0;0;0;0;0;0;0;0;0;0;0;0;0;0;0;0;0;0;0;;;;;;
21.10.2024;02:33;A163;1;0;0;1;1;0;0;0;0;0;0;0;0;1;0;0;0;0;0;0;0;0;0;0;0;0;0;0;0;0;0;0;0;0;0;;;;;;
21.10.2024;02:32;A163;1;0;0;0;0;0;0;0;0;0;0;0;0;0;0;0;0;0;0;0;0;0;0;0;0;0;0;0;0;0;0;0;0;0;0;;;;;;
21.10.2024;02:31;A163;1;0;0;0;0;0;0;0;0;0;0;0;0;1;0;0;0;0;0;0;0;0;0;0;0;0;0;0;0;0;0;0;0;0;0;;;;;;
21.10.2024;02:30;A163;1;1;1;1;0;1;1;0;0;0;0;0;0;1;1;0;0;0;0;0;0;0;0;0;0;0;0;0;0;0;0;0;0;0;0;;;;;;
21.10.2024;02:29;A163;1;1;0;2;2;2;2;0;0;0;0;0;0;0;0;0;0;0;0;0;0;0;0;0;0;0;0;0;0;0;0;0;0;0;0;;;;;;
21.10.2024;02:28;A163;1;0;0;1;1;0;0;0;0;0;0;0;0;1;1;0;0;0;0;0;0;0;0;0;0;0;0;0;0;0;0;0;0;0;0;;;;;;
21.10.2024;02:27;A163;1;1;1;1;0;0;0;0;0;0;0;0;0;0;0;0;0;0;0;0;0;0;0;0;0;0;0;0;0;0;0;0;0;0;0;;;;;;
21.10.2024;02:26;A163;1;0;0;0;0;0;0;0;0;0;0;0;0;1;0;0;0;0;0;0;0;0;0;0;0;0;0;0;0;0;0;0;0;0;0;;;;;;
21.10.2024;02:25;A163;1;0;0;0;0;0;0;0;0;0;0;0;0;0;0;0;0;0;0;0;0;0;0;0;0;0;0;0;0;0;0;0;0;0;0;;;;;;
21.10.2024;02:24;A163;1;0;0;0;0;1;1;0;0;0;0;0;0;0;0;0;0;0;0;0;0;0;0;0;0;0;0;0;0;0;0;0;0;0;0;;;;;;
21.10.2024;02:23;A163;1;0;0;1;1;0;0;1;0;0;0;1;0;0;0;0;0;0;0;0;0;0;0;0;0;0;0;0;0;0;0;0;0;2;0;;;;;;
21.10.2024;02:22;A163;1;0;0;0;0;0;0;0;0;0;0;0;0;1;0;0;0;0;0;0;0;0;0;0;0;0;0;0;0;0;0;0;0;0;0;;;;;;
21.10.2024;02:21;A163;1;1;1;0;0;1;1;0;0;0;0;0;0;1;0;0;0;0;0;0;0;0;0;0;0;0;0;0;0;0;0;0;0;0;0;;;;;;
21.10.2024;02:20;A163;1;0;0;0;0;0;0;0;0;0;0;0;0;0;0;0;0;0;0;0;0;0;0;0;0;0;0;0;0;0;0;0;0;0;0;;;;;;
21.10.2024;02:19;A163;1;0;0;0;0;0;0;0;0;0;0;0;0;0;0;0;0;0;0;0;0;0;0;0;0;0;0;0;0;0;0;0;0;0;0;;;;;;
21.10.2024;02:18;A163;1;1;0;1;1;1;0;0;0;0;0;0;0;0;0;0;0;0;0;0;0;0;0;0;0;0;0;0;0;0;0;0;0;0;0;;;;;;
21.10.2024;02:17;A163;1;0;0;0;0;0;0;0;0;0;0;0;0;0;0;0;0;0;0;0;0;0;0;0;0;0;0;0;0;0;0;0;0;0;0;;;;;;
21.10.2024;02:16;A163;1;0;0;0;0;0;0;0;0;0;0;0;0;1;1;0;0;0;0;0;0;0;0;0;0;0;0;0;0;0;0;0;0;0;0;;;;;;
21.10.2024;02:15;A163;1;1;0;1;1;1;1;0;0;0;0;0;0;0;0;0;0;0;0;0;0;0;0;0;0;0;0;0;0;0;0;0;0;0;0;;;;;;
21.10.2024;02:14;A163;1;0;0;1;1;1;1;0;0;0;0;0;0;0;0;0;0;0;0;0;0;0;0;0;0;0;0;0;0;0;0;0;0;0;0;;;;;;
21.10.2024;02:13;A163;1;0;0;1;1;1;0;0;0;0;0;0;0;0;0;0;0;0;0;0;0;0;0;0;0;0;0;0;0;0;0;0;0;0;0;;;;;;
21.10.2024;02:12;A163;1;1;0;1;1;1;0;0;0;0;0;0;0;0;0;0;0;0;0;0;0;0;0;0;0;0;0;0;0;0;0;0;0;0;0;;;;;;
21.10.2024;02:11;A163;1;0;0;0;0;0;0;1;0;0;0;0;0;2;1;0;0;0;0;0;0;0;0;0;0;0;0;0;0;0;0;0;0;0;0;;;;;;
21.10.2024;02:10;A163;1;0;0;0;0;0;0;0;0;0;0;0;0;0;0;0;0;0;0;0;0;0;0;0;0;0;0;0;0;0;0;0;0;0;0;;;;;;
21.10.2024;02:09;A163;1;0;0;1;0;0;0;0;0;0;0;0;0;1;0;0;0;0;0;0;0;0;0;0;0;0;0;0;0;0;0;0;0;0;0;;;;;;
21.10.2024;02:08;A163;1;0;0;0;0;0;0;0;0;0;0;0;0;0;0;0;0;0;0;0;0;0;0;0;0;0;0;0;0;0;0;0;0;0;0;;;;;;
21.10.2024;02:07;A163;1;0;0;0;0;0;0;0;0;0;0;0;0;0;0;0;0;0;0;0;0;0;0;0;0;0;0;0;0;0;0;0;0;0;0;;;;;;
21.10.2024;02:06;A163;1;0;0;1;0;0;0;1;0;0;0;0;0;1;0;0;0;0;0;0;0;0;0;0;0;0;0;0;0;0;0;0;0;0;0;;;;;;
21.10.2024;02:05;A163;1;0;0;0;0;0;0;0;0;0;0;0;0;0;0;0;0;0;0;0;0;0;0;0;0;0;0;0;0;0;0;0;0;0;0;;;;;;
21.10.2024;02:04;A163;1;0;0;0;0;0;0;0;0;1;29;0;0;0;0;0;0;0;0;0;0;0;0;0;0;0;0;0;0;0;0;0;0;0;0;;;;;;
21.10.2024;02:03;A163;1;0;0;0;0;0;0;0;0;0;0;0;0;0;0;0;0;0;0;0;0;0;0;0;0;0;0;0;0;0;0;0;0;0;0;;;;;;
21.10.2024;02:02;A163;1;0;0;0;0;0;0;0;0;0;0;0;0;1;0;0;0;0;0;0;0;0;0;0;0;0;0;0;0;0;0;0;0;0;0;;;;;;
21.10.2024;02:01;A163;1;0;0;0;0;0;0;0;0;0;0;1;0;0;0;0;0;0;0;0;0;0;0;0;0;0;0;0;0;0;0;0;0;1;0;;;;;;
21.10.2024;02:00;A163;1;0;0;1;1;0;0;1;1;0;0;0;0;0;0;0;0;0;0;0;0;0;0;0;0;0;0;0;0;0;0;0;0;0;0;;;;;;
