Datum;Uhrzeit;Bezeichnung;Intervall;D11Z;D11B;D12Z;D12B;D13Z;D13B;D14Z;D14B;D15Z;D15B;D21Z;D21B;D22Z;D22B;D31Z;D31B;D32Z;D32B;D33Z;D33B;D34Z;D34B;D35Z;D35B;D36Z;D36B;D37Z;D37B;D41Z;D41B;D42Z;D42B;D43Z;D43B;VD111Z;VD111B;VD121Z;VD121B;VD131Z;VD131B;VD211Z;VD211B;VD212Z;VD212B;VD221Z;VD221B;VD222Z;VD222B;VD231Z;VD231B;VD232Z;VD232B;VD311Z;VD311B;VD321Z;VD321B;VD331Z;VD331B;VD411Z;VD411B;VD421Z;VD421B;VD422Z;VD422B;T32Z;T32B;T35Z;T35B;T38Z;T38B;T41Z;T41B;TB32Z;TB32B;TB35Z;TB35B;TB38Z;TB38B;TB41Z;TB41B;V1_StoerZ;V1_StoerB;V2_StoerZ;V2_StoerB;V3_StoerZ;V3_StoerB;V4_StoerZ;V4_StoerB;V5_StoerZ;V5_StoerB;V6_StoerZ;V6_StoerB;V7_StoerZ;V7_StoerB
10.01.2024;01:00;A 20;1;0;0;0;0;0;0;0;0;0;0;0;0;0;0;0;0;0;0;0;0;0;0;0;0;0;0;0;0;1;0;0;0;2;5;0;0;1;0;0;0;0;0;0;0;0;0;0;0;1;12;1;14;0;0;0;0;0;0;0;0;0;0;0;0;0;0;0;0;0;0;0;0;0;0;0;0;0;0;0;0;0;0;0;0;0;0;0;0;0;0;0;0;0;0
10.01.2024;00:59;A 20;1;0;0;0;0;0;0;0;0;0;0;0;0;0;0;0;0;0;0;0;0;0;0;0;0;0;0;0;0;0;0;0;0;0;0;0;0;0;0;0;0;0;0;0;0;0;0;0;0;0;2;0;1;0;0;0;0;0;0;0;0;0;0;0;0;0;0;0;0;0;0;0;0;0;0;0;0;0;0;0;0;0;0;0;0;0;0;0;0;0;0;0;0;0;0
10.01.2024;00:58;A 20;1;0;0;0;0;0;0;0;0;0;0;0;0;0;0;0;0;0;12;0;0;0;0;0;0;0;0;0;0;1;28;0;0;2;6;0;0;1;1;0;0;0;0;0;0;0;0;0;0;2;77;1;85;0;0;0;0;0;0;0;0;0;0;0;0;0;0;0;0;0;0;0;0;0;0;0;0;0;0;0;0;0;0;0;0;0;0;0;0;0;0;0;0;0;0
10.01.2024;00:57;A 20;1;0;0;0;0;0;0;0;0;0;0;0;0;0;0;0;0;1;10;3;15;1;1;0;0;0;0;0;0;1;0;0;0;1;4;0;0;1;0;0;0;0;0;0;0;0;0;0;0;0;0;0;0;0;0;0;0;0;0;0;0;0;0;0;0;0;0;0;0;0;0;0;0;0;0;0;0;0;0;0;0;0;0;0;0;0;0;0;0;0;0;0;0;0;0
10.01.2024;00:56;A 20;1;0;0;1;9;0;0;0;0;1;1;2;2;1;1;1;1;0;0;0;0;0;0;1;22;3;6;1;1;1;38;0;0;1;6;0;0;1;0;0;0;0;0;0;0;0;0;0;0;0;0;0;0;0;0;0;0;0;0;0;0;1;1;0;0;0;0;0;0;0;0;0;0;0;0;0;0;0;0;0;0;0;0;0;0;0;0;0;0;0;0;0;0;0;0
10.01.2024;00:55;A 20;1;0;2;2;17;0;0;1;1;0;0;2;1;0;0;0;0;0;0;0;0;0;0;0;0;0;0;0;0;1;20;1;0;1;8;2;2;1;1;1;0;0;0;0;0;0;0;0;0;0;0;0;0;0;0;0;0;0;0;0;0;0;0;0;0;0;0;0;0;0;0;0;0;0;0;0;0;0;0;0;0;0;0;0;0;0;0;0;0;0;0;0;0;0;0
10.01.2024;00:54;A 20;1;3;25;2;4;2;5;2;1;0;0;0;0;0;0;0;0;0;0;0;0;0;0;0;0;0;0;0;0;0;0;0;0;0;0;1;3;0;0;1;0;1;11;0;0;1;1;1;0;0;0;0;0;0;0;1;4;0;0;0;0;0;0;0;0;0;0;0;0;0;0;0;0;0;0;0;0;0;0;0;0;0;0;0;0;0;0;0;0;0;0;0;0;0;0
10.01.2024;00:53;A 20;1;0;0;0;0;0;0;0;0;0;0;0;0;0;0;0;0;0;0;0;0;0;0;0;0;0;0;0;0;0;0;0;0;0;0;0;0;0;0;0;0;0;0;0;0;0;0;0;0;0;0;0;0;0;0;0;0;0;0;0;0;3;5;0;0;0;0;0;0;0;0;0;0;0;0;0;0;0;0;0;0;0;0;0;0;0;0;0;0;0;0;0;0;0;0
10.01.2024;00:52;A 20;1;0;0;0;0;0;0;0;0;0;0;0;0;0;0;0;0;1;60;0;2;0;0;0;0;0;0;0;0;0;0;0;0;0;0;2;3;0;0;0;0;1;26;0;0;1;1;0;0;0;0;0;0;1;3;2;1;1;7;1;4;0;0;0;0;0;0;0;0;0;0;0;0;0;0;0;0;0;0;0;0;0;0;0;0;0;0;0;0;0;0;0;0;0;0
10.01.2024;00:51;A 20;1;0;0;0;0;0;0;0;0;0;0;0;0;0;0;0;0;1;50;3;16;1;1;0;0;0;0;0;0;0;0;0;0;0;0;0;0;0;0;0;0;0;32;0;0;0;0;1;1;0;0;0;0;0;0;1;0;0;0;0;0;0;0;1;1;0;0;0;0;0;0;0;0;0;0;0;0;0;0;0;0;0;0;0;0;0;0;0;0;0;0;0;0;0;0
10.01.2024;00:50;A 20;1;0;0;0;0;0;0;0;0;0;0;0;0;0;0;0;0;1;0;1;4;1;1;0;0;0;0;0;0;1;1;1;0;2;5;2;5;1;0;1;0;1;12;0;0;1;1;1;1;0;0;0;0;0;0;0;0;0;0;0;0;3;5;0;0;0;0;0;0;0;0;0;0;0;0;0;0;0;0;0;0;0;0;0;0;0;0;0;0;0;0;0;0;0;0
10.01.2024;00:49;A 20;1;0;0;2;17;0;0;1;1;1;26;1;6;1;1;2;2;1;1;2;8;1;1;0;0;0;0;0;0;0;0;0;0;0;0;0;0;0;0;0;0;0;0;0;0;0;0;0;0;0;0;0;0;1;23;0;0;3;8;0;0;0;0;0;0;0;0;0;0;0;0;0;0;0;0;0;0;0;0;0;0;0;0;0;0;0;0;0;0;0;0;0;0;0;0
10.01.2024;00:48;A 20;1;0;0;1;7;0;0;0;0;1;35;3;1;1;1;1;1;1;18;4;9;1;1;0;0;0;0;0;0;1;27;0;0;0;2;1;1;0;0;0;0;1;0;0;0;1;0;1;1;0;0;0;0;0;0;0;0;0;0;0;0;2;3;0;0;0;0;0;0;0;0;0;0;0;0;0;0;0;0;0;0;0;0;0;0;0;0;0;0;0;0;0;0;0;0
10.01.2024;00:47;A 20;1;0;0;0;0;0;0;0;0;0;0;0;0;0;0;0;0;1;39;1;44;1;1;0;0;0;0;0;0;0;0;0;0;1;2;0;0;1;1;0;0;0;0;0;0;0;0;0;0;0;0;0;0;2;81;0;0;4;12;0;0;0;0;0;0;0;0;0;0;0;0;0;0;0;0;0;0;0;0;0;0;0;0;0;0;0;0;0;0;0;0;0;0;0;0
10.01.2024;00:46;A 20;1;1;13;2;5;1;3;1;0;0;0;0;0;0;0;0;0;1;37;2;11;1;1;0;0;0;0;0;0;0;0;0;0;0;0;0;0;0;0;0;0;0;0;0;0;0;0;0;0;0;0;0;0;0;0;0;0;1;0;0;0;2;1;1;1;0;0;0;0;0;0;0;0;0;0;0;0;0;0;0;0;0;0;0;0;0;0;0;0;0;0;0;0;0;0
10.01.2024;00:45;A 20;1;0;0;1;8;0;0;1;0;0;0;0;0;0;0;0;0;1;58;1;6;1;1;0;0;0;0;0;0;0;0;0;0;0;0;0;0;0;0;0;0;0;0;0;0;0;0;0;0;1;23;1;26;1;79;1;0;0;86;3;66;0;0;0;0;0;0;0;0;0;0;0;0;0;0;0;0;0;0;0;0;0;0;0;0;0;0;0;0;0;0;0;0;0;0
10.01.2024;00:44;A 20;1;0;0;0;0;0;0;0;0;0;0;0;0;0;0;0;0;0;0;0;0;0;0;0;0;0;0;0;0;0;0;0;0;0;0;2;2;0;0;0;0;1;59;0;0;1;1;1;1;0;0;0;0;0;0;0;5;1;1;1;5;0;0;1;1;0;0;0;0;0;0;0;0;0;0;0;0;0;0;0;0;0;0;0;0;0;0;0;0;0;0;0;0;0;0
10.01.2024;00:43;A 20;1;0;0;0;0;0;0;0;0;0;0;0;0;0;0;0;0;0;0;0;0;0;0;0;0;0;0;0;0;0;0;0;0;0;0;0;0;0;0;0;0;0;0;0;0;0;0;0;0;0;0;0;0;0;0;3;68;0;0;3;76;2;3;2;2;0;0;0;0;0;0;0;0;0;0;0;0;0;0;0;0;0;0;0;0;0;0;0;0;0;0;0;0;0;0
10.01.2024;00:42;A 20;1;2;16;0;0;1;1;0;0;0;0;0;0;0;0;0;0;0;0;0;0;0;0;0;0;0;0;0;0;0;0;0;0;0;0;0;0;0;0;0;0;0;0;0;0;0;0;0;0;0;0;0;0;1;58;0;0;1;9;0;0;0;0;0;0;0;0;0;0;0;0;0;0;0;0;0;0;0;0;0;0;0;0;0;0;0;0;0;0;0;0;0;0;0;0
10.01.2024;00:41;A 20;1;0;0;0;12;0;0;0;0;1;47;3;19;1;1;0;0;0;0;0;0;0;0;0;0;0;0;0;0;0;17;0;0;0;12;0;0;0;0;0;0;0;0;0;0;0;0;0;0;0;0;0;0;0;0;0;0;0;0;0;0;2;2;0;0;0;0;0;0;0;0;0;0;0;0;0;0;0;0;0;0;0;0;0;0;0;0;0;0;0;0;0;0;0;0
10.01.2024;00:40;A 20;1;0;0;2;18;0;0;0;0;2;29;5;12;2;2;2;2;0;0;0;0;0;0;0;0;0;0;0;0;1;4;0;0;1;16;1;5;1;6;3;2;0;0;0;0;0;0;0;0;1;32;1;36;0;0;0;0;0;0;0;0;1;1;0;0;0;0;0;0;0;0;0;0;0;0;0;0;0;0;0;0;0;0;0;0;0;0;0;0;0;0;0;0;0;0
10.01.2024;00:39;A 20;1;1;11;1;2;1;1;1;0;0;0;0;0;0;0;1;1;0;0;0;0;0;0;2;57;6;38;1;1;1;69;0;0;1;5;0;0;1;1;0;0;0;0;0;0;0;0;0;0;0;0;0;0;0;0;0;26;0;0;0;8;2;3;1;1;1;1;0;0;0;0;0;0;1;1;0;0;0;0;0;0;0;0;0;0;0;0;0;0;0;0;0;0;0;0
10.01.2024;00:38;A 20;1;1;11;0;0;1;1;0;0;0;0;0;0;0;0;0;0;0;0;0;0;0;0;0;0;0;0;1;0;1;31;0;0;2;5;0;0;1;1;0;0;0;0;0;0;0;0;0;0;0;0;0;0;0;0;2;3;0;0;1;7;0;0;0;0;0;0;0;0;0;0;0;0;0;0;0;0;0;0;0;0;0;0;0;0;0;0;0;0;0;0;0;0;0;0
10.01.2024;00:37;A 20;1;0;0;0;0;0;0;0;0;0;0;0;0;0;0;0;0;0;0;0;0;0;0;0;0;0;0;0;0;0;0;0;0;0;0;0;0;0;0;1;1;1;3;0;0;1;2;1;2;0;0;0;0;0;0;1;2;0;0;0;0;3;5;1;1;0;0;0;0;0;0;0;0;0;0;0;0;0;0;0;0;0;0;0;0;0;0;0;0;0;0;0;0;0;0
10.01.2024;00:36;A 20;1;0;0;2;15;0;0;1;1;0;0;2;1;0;0;0;0;1;1;3;4;1;1;1;46;2;4;1;1;1;20;0;0;1;7;0;0;1;1;0;0;0;0;0;0;0;0;0;0;0;0;0;0;0;0;0;0;0;0;0;0;1;2;0;0;0;0;0;0;0;0;0;0;0;0;0;0;0;0;0;0;0;0;0;0;0;0;0;0;0;0;0;0;0;0
10.01.2024;00:35;A 20;1;0;0;0;0;0;0;0;0;0;0;0;0;0;0;0;0;0;0;0;0;1;1;0;0;0;0;0;0;0;0;0;0;0;0;0;0;0;0;0;0;0;0;0;0;0;0;0;0;1;23;1;9;0;0;0;0;0;0;0;0;1;3;1;0;0;0;0;0;0;0;0;0;0;0;0;0;0;0;0;0;0;0;0;0;0;0;0;0;0;0;0;0;0;0
10.01.2024;00:34;A 20;1;0;2;0;0;0;0;0;0;0;0;0;0;0;0;0;0;0;0;0;0;0;0;0;0;0;0;0;0;2;17;0;0;2;8;0;0;2;2;0;0;0;0;0;0;0;0;0;0;0;0;0;0;0;0;0;0;0;0;0;0;1;0;1;1;0;0;0;0;0;0;0;0;0;0;0;0;0;0;0;0;0;0;0;0;0;0;0;0;0;0;0;0;0;0
10.01.2024;00:33;A 20;1;1;8;0;0;1;1;0;0;0;0;0;0;0;0;0;0;0;0;2;2;0;0;0;0;2;4;1;1;2;59;0;17;1;12;0;0;2;2;0;0;0;0;0;0;0;0;0;0;0;0;0;0;0;0;0;0;0;0;0;0;0;0;0;0;0;0;0;0;0;0;0;0;0;0;0;0;0;0;0;0;0;0;0;0;0;0;0;0;0;0;0;0;0;0
10.01.2024;00:32;A 20;1;0;0;0;0;0;0;0;0;0;0;0;0;0;0;0;0;1;50;1;15;0;0;0;0;0;0;0;0;1;7;1;42;4;5;2;2;0;0;2;2;1;40;0;0;0;0;0;0;0;0;0;0;0;0;0;0;0;0;0;0;0;0;0;0;1;1;0;0;0;0;0;0;1;2;0;0;0;0;0;0;0;0;0;0;0;0;0;0;0;0;0;0;0;0
10.01.2024;00:31;A 20;1;0;0;0;0;0;0;0;0;0;0;0;0;0;0;0;0;0;0;0;0;1;0;1;71;1;6;0;0;0;0;0;0;0;0;1;2;0;0;1;0;0;0;0;0;1;0;0;0;0;0;0;0;0;0;0;0;0;0;0;0;0;0;0;0;0;0;0;0;0;0;0;0;0;0;0;0;0;0;0;0;0;0;0;0;0;0;0;0;0;0;0;0;0;0
10.01.2024;00:30;A 20;1;1;5;0;0;1;0;0;0;0;0;0;0;0;0;0;0;0;0;0;0;0;0;0;0;0;0;1;1;2;1;0;0;4;9;0;0;2;1;0;0;0;0;0;0;0;0;0;0;0;0;0;0;0;0;0;0;0;0;0;0;0;0;0;0;0;0;0;0;1;1;0;0;0;0;0;0;1;1;0;0;0;0;0;0;0;0;0;0;0;0;0;0;0;0
10.01.2024;00:29;A 20;1;0;0;0;0;0;0;0;0;0;0;0;0;0;0;0;0;0;0;0;0;0;0;0;0;0;0;0;0;0;0;0;0;0;0;0;0;0;0;0;0;0;0;0;0;0;0;0;0;1;2;1;5;1;13;0;13;1;4;2;2;2;2;0;0;0;0;0;0;0;0;0;0;0;0;0;0;0;0;0;0;0;0;0;0;0;0;0;0;0;0;0;0;0;0
10.01.2024;00:28;A 20;1;0;0;0;0;0;0;0;0;0;0;0;0;0;0;0;0;0;8;0;0;0;0;0;0;0;0;0;0;0;0;0;0;0;0;0;0;0;0;0;0;0;0;0;0;0;0;0;0;0;0;0;0;1;78;0;100;1;10;2;5;0;0;0;0;0;0;0;0;0;0;0;0;0;0;0;0;0;0;0;0;0;0;0;0;0;0;0;0;0;0;0;0;0;0
10.01.2024;00:27;A 20;1;0;0;2;5;0;0;1;0;0;0;2;0;0;0;0;0;1;15;1;6;0;0;0;0;0;0;1;1;0;0;0;0;0;0;0;0;0;0;0;0;0;0;0;0;0;0;0;0;0;0;0;0;0;0;1;1;0;0;1;10;0;0;0;0;0;0;0;0;0;0;0;0;0;0;0;0;0;0;0;0;0;0;0;0;0;0;0;0;0;0;0;0;0;0
10.01.2024;00:26;A 20;1;1;14;1;9;1;1;1;1;0;9;0;0;0;0;0;0;0;0;0;0;0;0;0;0;0;0;0;0;1;13;0;0;2;5;0;0;1;1;0;0;1;26;0;0;1;1;1;1;0;0;0;0;0;0;0;0;0;0;0;0;1;1;0;0;0;0;0;0;0;0;0;0;0;0;0;0;0;0;0;0;0;0;0;0;0;0;0;0;0;0;0;0;0;0
10.01.2024;00:25;A 20;1;1;7;1;6;1;0;0;0;1;7;1;7;1;1;1;1;0;0;0;0;0;0;0;0;0;0;0;0;0;0;0;0;0;0;0;0;0;0;0;0;0;0;0;0;0;0;0;0;0;0;0;0;0;25;0;27;0;0;0;27;1;1;1;1;0;0;0;0;0;0;0;0;0;0;0;0;0;0;0;0;0;0;0;0;0;0;0;0;0;0;0;0;0;0
10.01.2024;00:24;A 20;1;0;0;0;0;0;0;0;0;0;0;0;0;0;0;0;0;0;0;0;0;0;0;0;0;0;0;0;0;0;0;1;0;0;0;2;1;0;0;1;1;0;0;0;0;0;0;0;0;0;0;0;0;1;39;1;35;1;6;1;41;0;0;0;0;0;0;0;0;0;0;0;0;0;0;0;0;0;0;0;0;0;0;0;0;0;0;0;0;0;0;0;0;0;0
10.01.2024;00:23;A 20;1;0;0;0;0;0;0;0;0;0;0;0;0;0;0;0;0;1;1;2;8;1;1;1;0;0;0;0;0;0;0;0;0;0;0;0;0;0;0;0;0;0;0;0;0;0;0;0;0;0;0;0;0;0;39;0;0;0;0;0;0;1;1;0;0;0;0;0;0;0;0;0;0;0;0;0;0;0;0;0;0;0;0;0;0;0;0;0;0;0;0;0;0;0;0
10.01.2024;00:22;A 20;1;0;0;0;0;0;0;0;0;0;0;0;0;0;0;0;0;0;37;0;0;0;0;0;0;0;0;0;0;0;0;0;0;0;0;0;0;0;0;0;0;0;0;0;0;0;0;0;0;0;0;0;0;1;48;0;0;1;7;0;0;0;0;0;0;0;0;0;0;0;0;0;0;0;0;0;0;0;0;0;0;0;0;0;0;0;0;0;0;0;0;0;0;0;0
10.01.2024;00:21;A 20;1;1;9;0;0;1;1;0;0;0;0;0;0;0;0;0;0;1;6;2;7;1;1;0;0;0;0;0;0;2;27;0;0;2;9;0;0;2;1;0;0;0;0;0;0;0;0;0;0;0;0;0;0;0;0;0;0;0;0;0;0;1;2;0;0;0;0;0;0;0;0;0;0;0;0;0;0;0;0;0;0;0;0;0;0;0;0;0;0;0;0;0;0;0;0
10.01.2024;00:20;A 20;1;0;0;0;0;0;0;0;0;0;0;0;0;0;0;0;0;0;0;0;0;0;0;0;0;0;0;0;0;1;1;0;0;2;9;0;0;1;1;0;0;0;0;0;0;0;0;0;0;1;10;1;14;1;48;0;0;2;12;0;0;1;0;0;0;0;0;0;0;0;0;0;0;0;0;0;0;0;0;0;0;0;0;0;0;0;0;0;0;0;0;0;0;0;0
10.01.2024;00:19;A 20;1;0;19;1;25;0;0;1;0;0;0;3;1;0;0;0;0;0;0;0;0;0;0;1;42;2;6;1;1;0;0;0;0;0;0;0;0;0;0;0;0;0;0;0;0;0;0;0;0;0;0;0;0;0;0;0;0;0;0;0;0;0;0;0;0;0;0;0;0;0;0;0;0;0;0;0;0;0;0;0;0;0;0;0;0;0;0;0;0;0;0;0;0;0;0
10.01.2024;00:18;A 20;1;1;70;1;62;1;6;5;6;0;0;4;8;0;0;0;0;1;1;1;5;1;1;0;0;0;0;0;0;0;0;0;0;0;0;0;0;0;0;0;0;0;41;0;0;0;0;0;0;0;0;0;0;1;48;0;0;1;1;0;0;1;1;0;0;0;0;0;0;0;0;0;0;0;0;0;0;0;0;0;0;0;0;0;0;0;0;0;0;0;0;0;0;0;0
10.01.2024;00:17;A 20;1;1;14;1;5;1;1;1;0;0;0;4;3;0;0;0;0;0;0;0;0;0;0;0;0;0;0;0;0;0;0;0;0;0;0;1;3;0;0;0;0;1;40;0;0;1;1;1;1;0;0;0;0;2;58;1;47;1;57;1;39;2;3;1;0;0;0;0;0;0;0;0;0;0;0;0;0;0;0;0;0;0;0;0;0;0;0;0;0;0;0;0;0;0;0
10.01.2024;00:16;A 20;1;1;16;0;0;1;1;0;0;0;0;0;0;0;0;0;0;2;23;1;34;2;1;0;0;0;0;0;0;0;0;0;0;0;0;0;0;0;0;0;0;0;0;0;0;0;0;0;0;0;0;0;0;1;35;0;0;3;9;0;0;1;1;0;0;0;0;0;0;0;0;0;0;0;0;0;0;0;0;0;0;0;0;0;0;0;0;0;0;0;0;0;0;0;0
10.01.2024;00:15;A 20;1;0;0;0;0;0;0;0;0;0;0;0;0;0;0;0;0;1;7;2;12;1;1;0;0;0;0;0;0;0;0;0;0;0;0;0;0;0;0;0;0;0;0;0;0;0;0;0;0;0;0;0;0;0;0;0;0;0;0;0;0;0;0;0;0;0;0;0;0;0;0;0;0;0;0;0;0;0;0;0;0;0;0;0;0;0;0;0;0;0;0;0;0;0;0
10.01.2024;00:14;A 20;1;0;0;0;0;0;0;0;0;0;0;0;0;0;0;0;0;0;0;0;0;0;0;0;0;0;0;0;0;0;0;0;0;0;0;0;0;0;0;0;0;0;0;0;0;0;0;0;0;0;0;0;0;0;0;0;0;0;0;0;0;0;0;0;0;0;0;0;0;1;1;0;0;0;0;0;0;0;0;0;0;0;0;0;0;0;0;0;0;0;0;0;0;0;0
10.01.2024;00:13;A 20;1;0;0;0;0;0;0;0;0;0;0;0;0;0;0;0;0;1;29;2;15;1;1;0;0;0;0;0;0;1;1;0;0;1;6;0;0;1;1;0;0;0;0;0;0;0;0;0;0;1;2;1;4;0;0;1;0;0;0;0;0;0;0;0;0;0;0;0;0;0;0;0;0;0;0;0;0;0;0;0;0;0;0;0;0;0;0;0;0;0;0;0;0;0;0
10.01.2024;00:12;A 20;1;0;0;1;5;0;0;1;0;0;0;0;0;0;0;0;0;1;1;2;6;0;0;0;0;0;0;0;0;0;0;0;0;0;0;1;2;0;0;0;0;1;87;0;0;0;0;0;0;0;0;0;0;0;11;0;0;0;0;0;0;2;2;0;0;0;0;0;0;0;0;0;0;0;0;0;0;0;0;0;0;0;0;0;0;0;0;0;0;0;0;0;0;0;0
10.01.2024;00:11;A 20;1;1;10;0;0;1;0;0;0;0;0;0;0;0;0;0;0;0;0;0;0;1;0;0;0;0;0;0;0;1;1;0;0;2;4;2;4;1;0;0;0;1;58;0;0;2;4;1;3;0;0;0;0;1;47;0;4;1;20;0;9;2;1;1;1;0;0;0;0;0;0;0;0;0;0;0;0;0;0;0;0;0;0;0;0;0;0;0;0;0;0;0;0;0;0
10.01.2024;00:10;A 20;1;0;0;0;0;0;0;0;0;0;0;0;0;0;0;0;0;0;0;0;0;0;0;0;0;0;0;0;0;1;0;0;0;0;0;0;0;0;0;0;0;0;0;0;0;0;0;0;0;0;0;0;0;1;27;1;39;1;36;4;47;0;0;0;0;0;0;0;0;0;0;0;0;0;0;0;0;0;0;0;0;0;0;0;0;0;0;0;0;0;0;0;0;0;0
10.01.2024;00:09;A 20;1;1;14;0;0;1;1;0;0;0;0;1;0;0;0;0;0;0;0;0;0;0;0;0;0;0;0;0;0;1;3;0;0;4;10;0;0;2;2;0;0;0;0;0;0;0;0;0;0;0;0;0;0;0;42;0;0;0;0;0;0;2;4;0;0;0;0;0;0;0;0;0;0;0;0;0;0;0;0;0;0;0;0;0;0;0;0;0;0;0;0;0;0;0;0
10.01.2024;00:08;A 20;1;0;0;0;0;0;0;0;0;0;0;0;0;0;0;0;0;0;0;0;0;0;0;0;0;0;0;0;0;1;0;0;0;2;4;0;0;1;0;0;0;0;0;0;0;0;0;0;0;0;0;0;0;1;0;0;0;2;4;0;0;1;2;0;0;0;0;0;0;0;0;0;0;0;0;0;0;0;0;0;0;0;0;0;0;0;0;0;0;0;0;0;0;0;0
10.01.2024;00:07;A 20;1;0;0;1;9;0;0;0;0;1;43;1;5;1;1;1;1;1;0;2;6;1;1;0;12;0;0;0;0;0;0;0;0;0;0;1;1;0;0;0;0;1;87;0;0;0;0;0;0;0;0;0;0;0;0;0;0;0;0;0;0;0;0;0;0;0;0;0;0;0;0;0;0;0;0;0;0;0;0;0;0;0;0;0;0;0;0;0;0;0;0;0;0;0;0
10.01.2024;00:06;A 20;1;2;8;0;0;1;1;1;0;0;0;0;0;0;0;0;0;1;0;2;6;3;2;1;28;2;4;2;2;0;0;0;0;0;0;1;1;0;0;0;0;0;0;0;0;1;1;1;1;0;0;0;0;0;0;0;0;0;0;0;0;1;3;0;0;0;0;0;0;0;0;0;0;0;0;0;0;0;0;0;0;0;0;0;0;0;0;0;0;0;0;0;0;0;0
10.01.2024;00:05;A 20;1;0;0;0;0;0;0;0;0;0;0;0;0;0;0;0;0;0;0;0;0;0;0;1;22;3;5;1;1;0;0;0;0;0;0;0;0;0;0;0;0;0;0;0;0;0;0;0;0;0;0;0;0;0;0;0;0;0;0;0;0;0;0;0;0;0;0;0;0;0;0;0;0;0;0;0;0;0;0;0;0;0;0;0;0;0;0;0;0;0;0;0;0;0;0
10.01.2024;00:04;A 20;1;1;10;2;14;0;0;2;3;0;0;2;2;0;0;0;0;0;0;0;0;0;0;0;0;0;0;0;0;1;1;0;0;1;5;0;0;1;1;0;0;0;0;0;0;0;0;0;0;0;0;0;0;0;1;0;0;0;0;0;0;1;1;0;0;0;0;0;0;0;0;0;0;0;0;0;0;0;0;0;0;0;0;0;0;0;0;0;0;0;0;0;0;0;0
10.01.2024;00:03;A 20;1;1;14;3;22;2;1;1;0;2;58;5;31;2;2;1;2;0;0;0;0;0;0;0;0;0;0;0;0;0;0;0;0;0;0;0;0;0;0;0;0;0;0;0;0;0;0;0;0;0;0;0;0;2;59;0;0;3;10;0;0;1;1;1;1;0;0;0;0;0;0;0;0;0;0;0;0;0;0;0;0;0;0;0;0;0;0;0;0;0;0;0;0;0;0
10.01.2024;00:02;A 20;1;0;0;0;0;0;0;0;0;0;0;0;0;0;0;1;0;1;23;1;8;1;1;0;0;0;0;0;0;2;1;0;0;4;9;0;0;2;1;0;0;0;0;0;0;0;0;0;0;0;0;0;0;0;0;0;0;0;0;0;0;1;3;0;0;0;0;0;0;0;0;0;0;0;0;0;0;0;0;0;0;0;0;0;0;0;0;0;0;0;0;0;0;0;0
10.01.2024;00:01;A 20;1;0;0;1;8;0;0;1;1;0;0;2;3;0;0;0;0;0;0;0;0;0;0;0;0;0;0;0;0;0;0;0;0;0;0;0;0;0;0;0;0;0;0;0;0;0;0;0;0;2;41;5;9;0;0;0;0;0;0;0;0;0;0;0;0;0;0;0;0;0;0;0;0;0;0;0;0;0;0;0;0;0;0;0;0;0;0;0;0;0;0;0;0;0;0
10.01.2024;00:00;A 20;1;2;6;0;0;0;0;0;0;0;0;0;0;0;0;0;0;1;1;1;5;1;1;0;0;0;0;0;0;1;50;0;0;2;8;0;0;1;2;0;0;0;0;0;0;0;0;0;0;0;0;0;0;0;0;0;0;0;0;0;0;0;0;0;0;0;0;0;0;0;0;0;0;0;0;0;0;0;0;0;0;0;0;0;0;0;0;0;0;0;0;0;0;0;0
09.01.2024;23:59;A 20;1;2;11;2;20;1;1;1;1;1;44;2;6;1;1;1;1;0;0;0;0;0;0;0;0;0;0;0;0;3;47;0;0;4;19;1;3;3;3;0;0;1;13;0;0;1;1;1;1;0;0;0;0;0;0;1;0;0;0;0;0;0;0;1;1;0;0;0;0;1;1;0;0;0;0;0;0;0;0;0;0;0;0;0;0;0;0;0;0;0;0;0;0;0;0
09.01.2024;23:58;A 20;1;1;11;1;16;1;1;0;0;2;41;3;21;2;2;2;2;0;0;0;0;1;0;1;46;2;5;0;0;0;0;0;0;0;0;0;0;0;0;0;0;0;0;0;0;0;0;0;0;0;0;0;0;0;0;0;0;0;0;0;0;1;1;0;0;0;0;0;0;0;0;0;0;0;0;0;0;0;0;0;0;0;0;0;0;0;0;0;0;0;0;0;0;0;0
09.01.2024;23:57;A 20;1;0;0;2;13;0;0;2;1;0;0;0;0;0;0;0;0;2;20;4;15;2;1;0;8;0;0;0;0;2;37;0;0;3;30;0;0;2;2;0;0;0;0;0;0;0;0;0;0;0;0;0;0;0;0;0;0;0;0;0;0;1;1;1;1;0;0;0;0;0;0;0;0;0;0;0;0;0;0;0;0;0;0;0;0;0;0;0;0;0;0;0;0;0;0
09.01.2024;23:56;A 20;1;0;0;0;0;0;0;0;0;0;0;0;0;0;0;0;0;0;0;0;0;0;0;1;20;2;11;1;1;1;16;0;5;2;8;0;0;1;1;1;1;1;1;0;0;0;0;0;0;3;26;2;38;1;35;0;0;0;0;0;0;2;3;0;0;0;0;0;0;0;0;0;0;0;0;0;0;0;0;0;0;0;0;0;0;0;0;0;0;0;0;0;0;0;0
09.01.2024;23:55;A 20;1;0;0;1;17;0;0;0;0;2;26;1;36;2;4;2;4;0;0;0;0;0;0;0;0;0;0;0;0;0;0;1;6;0;0;2;3;0;0;1;1;0;0;0;0;0;0;0;0;0;0;0;0;0;0;0;0;0;0;0;0;1;1;0;1;0;0;0;0;0;0;0;0;0;0;0;0;0;0;0;0;0;0;0;0;0;0;0;0;0;0;0;0;0;0
09.01.2024;23:54;A 20;1;1;5;1;7;1;0;0;0;1;37;3;1;1;1;1;1;0;0;0;0;0;0;1;45;2;8;1;1;1;1;0;0;1;6;0;0;1;1;0;0;0;0;0;0;0;0;0;0;0;0;0;0;1;0;0;0;2;2;0;0;1;0;2;1;0;0;0;0;0;0;0;0;0;0;0;0;0;0;0;0;0;0;0;0;0;0;0;0;0;0;0;0;0;0
09.01.2024;23:53;A 20;1;0;0;2;14;0;0;1;1;1;39;3;5;1;1;2;1;0;0;0;0;0;0;0;0;0;0;0;0;1;1;0;0;2;4;0;0;1;0;0;0;0;0;0;0;0;0;0;0;0;0;0;0;0;0;1;43;0;0;1;47;0;0;2;3;0;0;0;0;0;0;0;0;0;0;0;0;0;0;0;0;0;0;0;0;0;0;0;0;0;0;0;0;0;0
09.01.2024;23:52;A 20;1;0;0;0;0;0;0;0;0;0;0;0;0;0;0;0;0;2;19;0;30;0;0;0;0;0;0;0;0;1;1;0;0;2;7;0;0;1;1;0;0;0;0;0;0;0;0;0;0;0;0;0;0;0;0;0;0;0;0;0;0;0;0;1;1;0;0;0;0;0;0;0;0;0;0;0;0;0;0;0;0;0;0;0;0;0;0;0;0;0;0;0;0;0;0
09.01.2024;23:51;A 20;1;1;3;0;0;1;0;1;0;0;0;0;0;0;0;0;0;0;0;1;7;2;2;0;0;0;0;0;0;1;1;0;0;2;3;0;0;1;0;0;0;0;0;0;0;0;0;0;0;0;0;0;0;0;0;0;0;0;0;0;0;1;1;1;1;0;0;0;0;0;0;0;0;0;0;0;0;0;0;0;0;0;0;0;0;0;0;0;0;0;0;0;0;0;0
09.01.2024;23:50;A 20;1;0;0;1;11;0;0;0;0;1;23;3;3;1;1;1;1;0;6;0;0;0;0;0;0;0;0;0;0;0;0;0;0;0;0;0;0;0;0;0;0;0;0;0;0;0;0;0;0;0;0;0;0;0;8;0;0;0;0;0;0;1;2;0;0;0;0;0;0;0;0;0;0;0;0;0;0;0;0;0;0;0;0;0;0;0;0;0;0;0;0;0;0;0;0
09.01.2024;23:49;A 20;1;0;0;0;0;0;0;0;0;0;0;0;0;0;0;0;0;1;39;2;10;1;1;0;18;0;0;0;0;3;37;0;0;3;21;0;0;3;3;0;0;0;0;0;0;0;0;0;0;1;1;1;4;1;18;0;0;1;14;0;0;3;4;1;1;0;0;0;0;0;0;0;0;0;0;0;0;0;0;0;0;0;0;0;0;0;0;0;0;0;0;0;0;0;0
09.01.2024;23:48;A 20;1;0;0;0;0;0;0;0;0;0;0;0;0;0;0;0;0;0;0;0;0;0;0;1;55;1;7;1;1;0;0;0;0;1;0;0;0;0;0;0;0;0;0;0;0;0;0;0;0;0;0;0;0;0;0;1;67;0;0;1;72;0;0;0;0;0;0;0;0;0;0;0;0;0;0;0;0;0;0;0;0;0;0;0;0;0;0;0;0;0;0;0;0;0;0
09.01.2024;23:47;A 20;1;0;0;1;5;0;0;1;0;0;0;0;0;0;0;0;0;0;0;0;0;0;0;0;0;0;0;0;0;0;0;1;0;0;0;1;2;0;0;1;0;0;0;0;0;0;0;0;0;0;0;0;0;0;0;0;0;0;0;0;0;0;0;0;0;0;0;0;0;0;0;0;0;0;0;0;0;0;0;0;0;0;0;0;0;0;0;0;0;0;0;0;0;0;0
09.01.2024;23:46;A 20;1;1;19;2;21;1;5;4;2;0;15;0;0;0;0;1;1;0;0;0;0;0;0;0;0;0;0;0;0;1;1;0;0;2;5;1;2;1;1;0;0;1;10;0;0;1;1;1;1;0;0;0;0;0;0;0;0;0;0;0;0;1;3;2;3;0;0;0;0;0;0;0;0;0;0;0;0;0;0;0;0;0;0;0;0;0;0;0;0;0;0;0;0;0;0
09.01.2024;23:45;A 20;1;1;1;0;20;0;0;0;0;3;84;3;15;1;2;0;0;1;14;1;10;1;1;0;0;0;0;0;0;1;1;0;0;2;7;0;0;1;1;0;0;0;0;0;0;0;0;0;0;0;0;0;0;0;0;0;0;0;0;0;0;1;1;1;1;0;0;0;0;0;0;0;0;0;0;0;0;0;0;0;0;0;0;0;0;0;0;0;0;0;0;0;0;0;0
09.01.2024;23:44;A 20;1;0;2;2;17;0;0;1;0;1;23;2;1;2;2;2;3;0;0;0;0;0;0;0;0;0;0;0;0;3;20;1;16;3;24;1;2;2;2;1;0;0;0;0;0;0;0;0;0;0;0;0;0;0;0;0;0;0;0;0;0;1;1;2;3;0;0;0;0;0;0;0;0;0;0;0;0;0;0;0;0;0;0;0;0;0;0;0;0;0;0;0;0;0;0
09.01.2024;23:43;A 20;1;1;8;0;0;1;1;0;0;0;0;0;0;0;0;0;0;0;69;0;0;0;0;0;0;0;0;0;0;1;35;1;25;1;41;2;3;2;2;1;1;0;0;0;0;0;0;0;0;0;0;0;0;0;0;0;0;0;0;0;0;4;5;0;0;0;0;0;0;1;1;0;0;0;0;0;0;0;0;0;0;0;0;0;0;0;0;0;0;0;0;0;0;0;0
09.01.2024;23:42;A 20;1;1;10;0;77;1;1;1;0;2;65;1;67;2;7;1;6;1;3;3;8;1;1;0;0;0;0;0;0;1;13;0;0;1;6;0;0;1;1;0;0;0;0;0;0;0;0;0;0;0;0;0;0;0;0;0;0;0;0;0;0;0;0;0;0;0;0;0;0;0;0;0;0;0;0;0;0;0;0;0;0;0;0;0;0;0;0;0;0;0;0;0;0;0;0
09.01.2024;23:41;A 20;1;1;6;1;0;1;0;0;0;0;0;0;0;0;0;1;0;0;0;0;0;0;0;0;0;0;0;0;0;0;0;1;0;0;0;2;1;0;0;1;0;0;0;0;0;0;0;0;0;0;0;0;0;1;34;0;0;1;5;0;0;0;0;0;0;0;0;0;0;0;0;0;0;0;0;0;0;0;0;0;0;0;0;0;0;0;0;0;0;0;0;0;0;0;0
09.01.2024;23:40;A 20;1;2;6;0;0;1;0;0;0;0;0;0;0;0;0;0;0;0;0;0;0;0;0;0;0;0;0;0;0;0;0;0;0;0;0;0;0;0;0;0;0;0;0;0;0;0;0;0;0;0;0;0;0;0;0;0;0;0;0;0;0;1;2;0;0;0;0;0;0;0;0;0;0;0;0;0;0;0;0;0;0;0;0;0;0;0;0;0;0;0;0;0;0;0;0
09.01.2024;23:39;A 20;1;0;0;0;0;0;0;0;0;0;0;0;0;0;0;0;0;1;20;2;6;1;0;0;0;0;0;0;0;1;1;0;0;2;5;1;5;1;1;0;0;2;38;0;0;1;2;0;0;0;0;0;0;0;0;0;0;0;0;0;0;0;0;1;1;0;0;0;0;0;0;0;0;0;0;0;0;0;0;0;0;0;0;0;0;0;0;0;0;0;0;0;0;0;0
09.01.2024;23:38;A 20;1;0;0;1;13;0;0;0;0;1;11;4;5;1;1;1;1;2;3;1;19;2;2;0;0;0;0;0;0;0;0;0;0;0;0;2;5;0;0;0;0;1;1;0;0;2;3;3;5;0;0;0;0;1;45;0;0;1;51;1;44;3;2;0;0;0;0;0;0;0;0;0;0;0;0;0;0;0;0;0;0;0;0;0;0;0;0;0;0;0;0;0;0;0;0
09.01.2024;23:37;A 20;1;0;0;0;0;0;0;0;0;0;0;0;0;0;0;0;0;0;0;0;0;0;0;0;0;0;0;0;0;1;0;1;1;0;0;1;3;0;0;1;1;0;0;0;0;0;0;0;0;0;0;0;0;2;44;0;0;2;17;0;0;2;3;0;0;0;0;0;0;0;0;0;0;0;0;0;0;0;0;0;0;0;0;0;0;0;0;0;0;0;0;0;0;0;0
09.01.2024;23:36;A 20;1;0;0;0;0;0;0;0;0;0;0;0;0;0;0;0;0;0;40;0;0;0;0;0;0;0;0;0;0;2;2;0;0;3;10;0;0;2;1;0;0;0;18;0;0;0;0;0;0;0;0;0;0;0;0;0;0;1;5;0;0;1;2;0;0;0;0;0;0;1;1;0;0;0;0;0;0;0;0;0;0;0;0;0;0;0;0;0;0;0;0;0;0;0;0
09.01.2024;23:35;A 20;1;1;20;0;0;1;1;0;0;0;56;0;0;0;0;0;0;1;5;2;8;1;1;0;0;0;0;0;0;2;20;0;0;2;10;1;2;1;2;0;0;1;14;0;0;1;1;1;2;0;0;0;0;0;0;0;0;0;0;0;0;0;0;2;3;0;0;0;0;0;0;0;0;0;0;0;0;0;0;0;0;0;0;0;0;0;0;0;0;0;0;0;0;0;0
09.01.2024;23:34;A 20;1;1;13;1;8;1;1;0;0;1;8;3;4;1;1;1;1;0;0;0;0;0;0;0;0;0;0;0;0;1;3;0;0;2;20;1;2;2;6;1;0;0;0;0;0;0;0;0;0;0;0;0;0;0;0;1;79;0;0;1;81;0;0;0;0;0;0;0;0;0;0;0;0;0;0;0;0;0;0;0;0;0;0;0;0;0;0;0;0;0;0;0;0;0;0
09.01.2024;23:33;A 20;1;2;13;0;0;1;1;0;0;0;0;0;0;0;0;0;0;1;1;3;9;1;1;1;50;4;7;1;1;1;0;0;17;2;4;0;0;1;0;0;0;1;45;0;0;0;0;0;0;1;3;1;5;0;0;1;18;0;0;3;24;2;4;0;0;0;0;0;0;0;0;0;0;0;0;0;0;0;0;0;0;0;0;0;0;0;0;0;0;0;0;0;0;0;0
09.01.2024;23:32;A 20;1;0;0;0;0;0;0;0;0;0;0;0;0;0;0;0;0;0;0;0;0;0;0;0;0;0;0;0;0;1;9;1;34;1;7;3;4;0;0;1;1;0;0;0;0;1;1;1;1;0;0;0;0;1;30;0;0;1;4;0;0;2;4;0;0;0;0;0;0;0;0;0;0;0;0;0;0;0;0;0;0;0;0;0;0;0;0;0;0;0;0;0;0;0;0
09.01.2024;23:31;A 20;1;1;12;1;28;1;1;1;1;0;0;2;1;0;0;0;0;0;0;0;0;0;0;1;16;2;8;1;1;2;40;0;0;3;19;0;0;3;3;0;0;0;0;0;0;0;0;0;0;0;0;0;0;0;0;0;0;0;0;0;0;0;0;1;1;0;0;0;0;0;0;0;0;0;0;0;0;0;0;0;0;0;0;0;0;0;0;0;0;0;0;0;0;0;0
09.01.2024;23:30;A 20;1;2;15;4;40;1;0;3;4;0;0;2;2;0;0;0;0;0;0;0;0;0;0;1;86;3;52;1;1;0;0;0;0;0;0;0;0;0;0;0;0;0;13;0;0;0;0;0;0;0;0;0;0;1;0;1;42;1;3;0;44;2;3;2;2;0;0;0;0;0;0;0;0;0;0;0;0;0;0;0;0;0;0;0;0;0;0;0;0;0;0;0;0;0;0
09.01.2024;23:29;A 20;1;0;5;0;0;0;0;0;0;0;0;0;0;0;0;0;0;1;24;1;8;0;0;1;30;2;7;1;1;0;0;0;0;0;0;2;2;0;0;0;0;1;29;0;0;1;1;1;1;0;0;0;0;0;35;1;9;0;0;1;12;1;1;0;0;0;0;0;0;2;3;0;0;0;0;0;0;0;0;0;0;0;0;0;0;0;0;0;0;0;0;0;0;0;0
09.01.2024;23:28;A 20;1;1;4;1;58;1;0;1;1;0;0;1;0;0;0;0;0;0;0;0;0;1;1;1;48;1;37;1;0;0;74;2;24;1;2;5;9;0;0;2;2;0;0;0;0;0;0;0;0;0;0;0;0;1;26;0;0;1;11;0;0;0;0;1;0;0;0;0;0;0;0;0;0;0;0;0;0;0;0;0;0;0;0;0;0;0;0;0;0;0;0;0;0;0;0
09.01.2024;23:27;A 20;1;1;55;3;17;0;0;2;2;1;0;6;3;1;0;1;1;0;0;0;0;0;0;1;57;2;7;1;1;1;64;0;0;2;6;0;0;1;1;0;0;0;0;0;0;0;0;0;0;0;0;0;0;0;0;1;0;0;0;0;0;2;3;0;0;0;0;0;0;0;0;0;0;0;0;0;0;0;0;0;0;0;0;0;0;0;0;0;0;0;0;0;0;0;0
09.01.2024;23:26;A 20;1;2;41;2;14;3;3;1;0;1;28;4;5;1;1;1;1;2;59;1;64;1;1;0;0;0;0;1;1;1;14;0;0;2;5;1;3;1;1;0;0;1;11;0;0;1;1;1;1;0;0;0;0;2;6;0;0;0;8;1;2;3;4;1;1;0;0;0;0;0;0;0;0;0;0;0;0;0;0;0;0;0;0;0;0;0;0;0;0;0;0;0;0;0;0
09.01.2024;23:25;A 20;1;1;1;1;4;1;0;1;1;0;0;0;0;0;0;0;0;1;5;4;20;3;3;0;0;0;0;0;0;2;1;0;0;3;7;0;0;2;1;0;0;0;0;0;0;0;0;0;0;0;0;0;0;1;41;1;39;3;43;9;29;1;5;1;1;0;0;0;0;0;0;0;0;0;0;0;0;0;0;0;0;0;0;0;0;0;0;0;0;0;0;0;0;0;0
09.01.2024;23:24;A 20;1;1;13;2;13;1;1;1;1;0;70;0;0;0;0;0;0;2;42;2;37;2;1;0;10;0;0;0;0;0;0;0;0;0;0;0;0;0;0;0;0;0;0;0;0;0;0;0;0;0;0;0;0;0;0;0;0;0;0;0;0;0;0;0;0;0;0;0;0;0;0;0;0;0;0;0;0;0;0;0;0;0;0;0;0;0;0;0;0;0;0;0;0;0;0
09.01.2024;23:23;A 20;1;1;9;2;25;1;0;2;2;1;21;3;6;1;1;2;2;0;0;0;0;0;0;1;0;4;8;1;1;0;8;0;8;0;0;0;0;0;0;0;0;0;0;0;0;0;0;0;0;0;0;0;0;1;67;1;13;0;3;2;16;2;1;1;1;0;0;0;0;0;0;0;0;0;0;0;0;0;0;0;0;0;0;0;0;0;0;0;0;0;0;0;0;0;0
09.01.2024;23:22;A 20;1;0;0;1;12;0;0;1;1;0;18;0;0;0;0;0;0;2;44;1;33;1;1;1;81;2;35;0;0;1;44;1;26;2;6;3;4;1;1;1;1;0;0;0;0;0;0;0;0;0;0;0;0;1;44;0;42;3;6;1;42;3;5;1;1;0;0;0;0;0;0;0;0;0;0;0;0;0;0;0;0;0;0;0;0;0;0;0;0;0;0;0;0;0;0
09.01.2024;23:21;A 20;1;1;11;1;10;1;1;0;0;1;29;3;2;1;1;1;1;2;49;1;47;2;2;1;1;4;10;2;2;1;67;3;46;2;7;6;42;2;2;2;2;0;14;0;0;0;0;0;0;0;0;0;0;1;41;1;1;1;7;1;6;2;1;1;1;0;0;0;0;0;0;0;0;0;0;0;0;0;0;0;0;0;0;0;0;0;0;0;0;0;0;0;0;0;0
09.01.2024;23:20;A 20;1;0;0;2;56;0;0;1;1;1;78;4;5;1;1;1;1;2;65;2;46;2;2;0;0;0;0;0;0;5;72;1;0;3;73;3;4;5;13;1;0;1;32;0;0;1;1;1;1;0;12;0;0;1;34;2;5;1;2;2;14;2;4;2;2;0;0;0;0;0;0;0;0;0;0;0;0;0;0;0;0;0;0;0;0;0;0;0;0;0;0;0;0;0;0
09.01.2024;23:19;A 20;1;0;0;2;17;0;0;1;1;1;8;3;4;1;1;1;1;1;31;4;37;2;2;2;38;0;40;0;0;1;68;0;0;1;3;0;0;1;0;0;0;0;0;0;0;0;0;0;0;1;60;2;7;1;55;0;0;3;15;0;0;1;1;1;1;0;0;0;0;0;0;0;0;0;0;0;0;0;0;0;0;0;0;0;0;0;0;0;0;0;0;0;0;0;0
09.01.2024;23:18;A 20;1;2;12;2;20;1;1;1;1;1;71;3;4;1;0;1;1;0;0;0;0;0;0;1;57;4;11;3;3;4;50;1;12;2;51;3;5;2;3;1;1;0;0;0;0;0;0;0;0;1;13;0;0;1;76;0;0;1;7;0;0;1;1;0;0;0;0;0;0;0;0;0;0;0;0;0;0;0;0;0;0;0;0;0;0;0;0;0;0;0;0;0;0;0;0
09.01.2024;23:17;A 20;1;1;62;2;54;2;4;1;1;2;79;1;9;1;1;1;1;1;0;1;4;1;1;0;0;0;0;0;0;4;38;0;0;9;45;0;0;6;7;0;0;0;0;0;0;0;0;0;0;0;0;0;0;0;0;0;0;0;0;0;0;4;5;4;5;0;0;0;0;0;0;0;0;0;0;0;0;0;0;0;0;0;0;0;0;0;0;0;0;0;0;0;0;0;0
09.01.2024;23:16;A 20;1;2;33;4;35;4;5;4;4;0;0;6;12;1;1;3;2;1;48;3;5;1;1;0;0;0;0;0;0;0;33;0;26;0;26;0;0;0;0;0;0;0;0;0;0;0;0;0;0;0;0;0;0;1;89;2;91;0;85;0;97;0;0;0;0;0;0;0;0;0;0;0;0;0;0;0;0;0;0;0;0;0;0;0;0;0;0;0;0;0;0;0;0;0;0
09.01.2024;23:15;A 20;1;0;30;4;29;0;0;1;1;0;0;2;2;0;0;0;0;3;21;2;32;3;3;0;0;0;0;0;0;1;9;1;2;1;23;1;5;1;5;2;1;0;0;0;0;0;0;0;0;2;66;2;52;1;17;1;13;1;26;1;19;0;0;0;0;0;0;0;0;0;0;0;0;0;0;0;0;0;0;0;0;0;0;0;0;0;0;0;0;0;0;0;0;0;0
09.01.2024;23:14;A 20;1;5;50;2;12;4;12;2;1;0;0;1;0;0;0;0;0;1;0;3;3;1;1;1;73;2;2;0;0;0;10;0;0;0;0;0;0;0;0;0;0;0;0;0;0;0;0;0;0;2;13;2;10;0;0;0;0;0;0;0;0;0;0;1;0;0;0;0;0;0;0;0;0;0;0;0;0;0;0;0;0;0;0;0;0;0;0;0;0;0;0;0;0;0;0
09.01.2024;23:13;A 20;1;1;10;0;0;1;1;0;0;0;0;0;0;0;0;0;0;1;15;2;9;1;1;1;84;1;88;1;1;1;84;0;0;2;4;0;0;1;1;0;0;0;0;0;0;0;0;0;0;0;0;0;0;0;45;0;0;0;0;0;0;3;5;0;0;0;0;0;0;0;0;0;0;0;0;0;0;0;0;0;0;0;0;0;0;0;0;0;0;0;0;0;0;0;0
09.01.2024;23:12;A 20;1;0;10;2;45;1;1;2;2;0;3;1;0;0;0;0;0;2;5;5;15;3;3;1;27;2;11;1;2;0;87;2;48;0;0;5;29;0;0;2;2;0;0;0;0;0;0;0;0;1;2;0;9;1;2;0;0;1;11;0;0;2;3;1;2;0;0;0;0;0;0;0;0;1;1;0;0;0;0;0;0;0;0;0;0;0;0;0;0;0;0;0;0;0;0
09.01.2024;23:11;A 20;1;2;19;3;29;2;2;0;0;3;61;9;20;3;3;3;3;0;0;0;0;0;0;0;0;1;7;1;1;3;37;0;0;4;19;0;0;2;2;0;0;0;0;0;0;0;0;0;0;0;0;1;30;0;0;0;0;0;0;0;0;6;7;2;2;0;0;0;0;0;0;0;0;0;0;0;0;0;0;0;0;0;0;0;0;0;0;0;0;0;0;0;0;0;0
09.01.2024;23:10;A 20;1;1;52;1;51;2;2;3;4;0;0;6;10;0;0;0;0;1;36;0;36;0;0;1;44;2;4;1;1;1;93;0;0;2;69;0;0;1;1;0;0;0;0;0;0;0;0;0;0;0;0;0;0;2;19;2;1;2;17;1;4;3;3;0;0;0;0;0;0;0;0;0;0;0;0;0;0;0;0;0;0;0;0;0;0;0;0;0;0;0;0;0;0;0;0
09.01.2024;23:09;A 20;1;2;48;2;48;3;4;2;2;0;0;5;8;0;0;0;0;1;11;1;21;2;2;0;0;0;0;0;0;0;0;0;0;1;3;0;0;1;1;0;0;1;3;0;0;1;0;1;1;0;0;0;0;0;10;0;0;0;0;0;0;0;0;0;0;0;0;0;0;0;0;0;0;0;0;0;0;0;0;0;0;0;0;0;0;0;0;0;0;0;0;0;0;0;0
09.01.2024;23:08;A 20;1;2;76;1;64;3;4;3;7;0;0;3;6;0;0;0;0;0;0;0;0;0;0;0;38;0;0;0;0;2;67;0;0;2;33;1;5;2;2;0;0;1;63;0;0;1;2;1;1;1;1;1;3;1;28;0;3;2;3;1;4;1;3;1;1;0;0;0;0;0;0;0;0;0;0;0;0;0;0;0;0;0;0;0;0;0;0;0;0;0;0;0;0;0;0
09.01.2024;23:07;A 20;1;0;0;0;48;0;0;0;0;0;0;0;0;0;0;0;0;1;72;1;9;1;1;1;62;1;5;1;0;2;73;0;0;5;13;0;0;2;2;0;0;0;0;0;0;0;0;0;0;0;0;0;0;0;0;1;58;0;0;1;64;3;5;0;0;0;0;0;0;0;0;0;0;1;1;0;0;0;0;0;0;0;0;0;0;0;0;0;0;0;0;0;0;0;0
09.01.2024;23:06;A 20;1;1;10;2;56;1;1;4;6;0;0;8;13;0;0;0;0;0;0;0;0;0;0;0;0;0;0;0;0;2;24;1;20;3;11;0;0;2;2;0;0;0;0;0;0;0;0;0;0;3;52;3;37;2;33;2;46;3;26;2;27;1;1;0;0;0;0;0;0;0;0;0;0;1;1;1;1;0;0;0;0;0;0;0;0;0;0;0;0;0;0;0;0;0;0
09.01.2024;23:05;A 20;1;2;25;1;8;2;2;1;1;0;0;1;0;0;0;0;0;1;0;1;7;1;1;0;0;0;0;0;0;2;15;1;0;1;17;2;13;1;0;2;2;0;0;0;0;0;0;0;0;2;2;1;7;1;74;0;0;2;6;0;0;1;1;2;3;0;0;0;0;0;0;0;0;0;0;0;0;0;0;0;0;0;0;0;0;0;0;0;0;0;0;0;0;0;0
09.01.2024;23:04;A 20;1;0;0;2;5;0;0;1;0;0;0;0;0;0;0;0;0;1;36;2;9;1;1;1;0;2;3;1;1;4;46;0;0;4;50;0;0;5;4;0;0;0;0;0;0;0;0;0;0;0;0;0;0;1;33;0;0;1;7;0;0;0;0;1;1;0;0;0;0;0;0;0;0;0;0;0;0;0;0;0;0;0;0;0;0;0;0;0;0;0;0;0;0;0;0
09.01.2024;23:03;A 20;1;0;0;0;0;0;0;0;0;0;0;0;0;0;0;0;0;0;0;0;0;0;0;1;62;2;11;1;1;1;1;0;0;1;7;0;0;1;1;0;0;0;0;0;0;0;0;0;0;0;0;0;0;2;42;0;0;2;12;0;0;2;2;1;1;0;0;0;0;0;0;0;0;0;0;0;0;0;0;0;0;0;0;0;0;0;0;0;0;0;0;0;0;0;0
09.01.2024;23:02;A 20;1;1;8;0;0;1;0;0;0;0;0;0;0;0;0;0;0;0;0;0;0;0;0;0;46;0;0;0;0;0;0;1;1;0;0;1;6;0;0;1;1;0;20;0;0;0;0;0;0;1;1;2;2;0;0;0;0;0;0;0;0;0;0;0;0;0;0;0;0;0;0;0;0;0;0;0;0;0;0;0;0;0;0;0;0;0;0;0;0;0;0;0;0;0;0
09.01.2024;23:01;A 20;1;1;15;0;0;1;1;0;0;0;16;1;1;0;0;0;0;0;0;0;0;0;0;1;21;2;5;1;1;0;0;0;0;0;0;1;3;0;0;0;0;1;34;0;0;1;1;1;1;0;0;0;0;3;20;0;0;1;35;0;0;4;6;1;1;0;0;0;0;0;0;0;0;0;0;0;0;0;0;0;0;0;0;0;0;0;0;0;0;0;0;0;0;0;0
09.01.2024;23:00;A 20;1;2;15;2;35;1;1;1;1;2;67;7;8;2;3;1;1;1;6;1;13;1;1;0;0;0;0;0;0;1;18;1;0;2;3;2;2;1;1;1;1;0;11;0;0;0;0;0;0;0;0;0;0;1;26;1;36;2;28;3;33;4;4;1;1;0;0;0;0;0;0;0;0;0;0;0;0;0;0;0;0;0;0;0;0;0;0;0;0;0;0;0;0;0;0
09.01.2024;22:59;A 20;1;2;19;5;27;2;1;2;1;1;44;5;8;1;1;2;3;0;0;0;0;0;0;0;0;0;0;0;0;0;0;0;0;0;0;1;3;0;0;0;0;1;66;0;0;1;1;1;1;0;0;0;0;0;27;0;0;0;0;1;2;1;1;0;0;0;0;0;0;0;0;0;0;0;0;0;0;0;0;0;0;0;0;0;0;0;0;0;0;0;0;0;0;0;0
09.01.2024;22:58;A 20;1;2;56;0;0;2;2;0;0;0;0;0;0;0;0;0;0;0;0;0;0;0;0;1;17;2;8;1;1;2;2;0;0;2;11;0;0;2;2;0;0;0;0;0;0;0;0;0;0;0;0;0;0;1;22;0;0;2;13;0;0;1;1;1;1;0;0;0;0;0;0;2;3;0;0;0;0;0;0;1;1;0;0;0;0;0;0;0;0;0;0;0;0;0;0
09.01.2024;22:57;A 20;1;2;24;0;33;2;2;0;0;0;0;0;0;0;0;0;0;0;0;0;0;0;0;0;0;0;0;0;0;0;0;0;0;0;0;0;0;0;0;0;0;0;0;0;0;0;0;0;0;0;0;0;0;1;1;0;0;2;7;0;0;0;0;0;0;0;0;1;1;0;0;0;0;1;1;1;1;0;0;0;0;0;0;0;0;0;0;0;0;0;0;0;0;0;0
09.01.2024;22:56;A 20;1;0;31;4;80;1;0;3;2;0;0;3;2;0;0;0;0;1;48;3;6;1;1;0;0;0;0;0;0;0;13;1;1;0;8;4;45;0;2;0;0;1;73;0;0;1;2;1;1;0;0;0;0;0;0;2;3;0;0;0;0;1;1;0;0;0;0;0;0;0;0;0;0;0;0;0;0;0;0;0;0;0;0;0;0;0;0;0;0;0;0;0;0;0;0
09.01.2024;22:55;A 20;1;1;61;2;52;3;4;2;2;1;38;2;2;1;1;1;1;2;57;4;61;1;1;0;0;0;0;0;0;1;18;0;0;2;15;1;7;2;2;3;2;1;21;0;0;2;5;1;4;0;0;0;0;0;0;0;0;0;0;0;0;1;1;0;0;0;0;0;0;0;0;0;0;0;0;0;0;0;0;0;0;0;0;0;0;0;0;0;0;0;0;0;0;0;0
09.01.2024;22:54;A 20;1;0;0;1;5;0;0;1;0;0;0;0;0;0;0;0;0;2;3;0;22;1;0;0;16;0;0;0;0;1;58;0;0;0;64;3;58;0;2;0;0;0;0;0;0;0;0;0;0;0;0;0;0;0;0;0;0;0;0;0;0;0;0;1;1;0;0;0;0;0;0;0;0;0;0;0;0;0;0;0;0;0;0;0;0;0;0;0;0;0;0;0;0;0;0
09.01.2024;22:53;A 20;1;1;5;3;18;1;1;2;1;1;32;2;4;1;0;1;1;0;0;2;52;2;2;1;20;2;6;1;1;2;2;1;0;3;19;1;2;3;5;2;1;0;0;0;0;0;0;0;0;0;0;0;0;1;1;0;0;2;5;0;0;1;1;1;1;0;0;0;0;0;0;0;0;0;0;0;0;0;0;0;0;0;0;0;0;0;0;0;0;0;0;0;0;0;0
09.01.2024;22:52;A 20;1;0;0;2;28;0;0;2;2;0;0;0;0;0;0;0;0;1;1;1;5;1;1;0;26;0;0;0;0;1;53;0;0;2;16;1;1;1;1;0;0;1;41;0;0;1;1;1;1;0;0;0;0;0;0;0;0;0;0;0;0;3;4;1;1;0;0;0;0;1;1;0;0;0;0;0;0;0;0;0;0;0;0;0;0;0;0;0;0;0;0;0;0;0;0
09.01.2024;22:51;A 20;1;0;0;3;19;0;0;2;2;1;2;1;1;0;0;1;0;0;0;0;0;0;0;1;6;2;6;1;1;2;28;1;0;4;6;2;1;2;1;1;0;0;0;0;0;0;0;0;0;0;0;0;0;2;73;1;27;2;27;3;15;0;0;1;1;1;1;0;0;0;0;0;0;0;0;0;0;0;0;0;0;0;0;0;0;0;0;0;0;0;0;0;0;0;0
09.01.2024;22:50;A 20;1;1;16;1;16;1;1;0;0;0;0;2;5;1;1;1;1;3;2;5;7;2;2;0;0;0;0;0;0;1;45;0;0;0;0;0;0;0;0;0;0;0;0;0;0;0;0;0;0;0;0;0;0;0;0;0;0;0;0;0;0;3;7;1;1;0;0;0;0;0;0;0;0;0;0;0;0;0;0;0;0;0;0;0;0;0;0;0;0;0;0;0;0;0;0
09.01.2024;22:49;A 20;1;1;17;2;12;1;1;1;1;1;15;1;4;1;0;1;1;2;3;0;6;1;1;0;0;0;0;0;0;1;17;0;0;4;11;0;0;1;1;0;0;0;0;0;0;0;0;0;0;2;30;1;35;2;77;1;6;2;79;1;58;3;3;0;0;0;0;0;0;0;0;0;0;0;0;0;0;0;0;0;0;0;0;0;0;0;0;0;0;0;0;0;0;0;0
09.01.2024;22:48;A 20;1;2;10;2;14;1;1;2;3;0;0;1;0;0;0;1;1;1;0;3;5;3;3;0;0;0;0;0;0;2;1;0;0;4;13;0;0;3;3;0;0;0;0;0;0;0;0;0;0;0;0;0;0;0;0;0;0;0;0;0;0;0;0;0;0;3;5;0;0;0;0;0;0;1;1;0;0;0;0;0;0;0;0;0;0;0;0;0;0;0;0;0;0;0;0
09.01.2024;22:47;A 20;1;2;76;3;58;2;58;0;0;0;0;0;0;1;0;1;0;0;0;0;0;0;0;0;19;0;0;0;0;1;47;1;46;1;3;0;1;1;1;0;0;0;0;0;0;0;0;0;0;0;0;0;0;0;0;0;0;0;0;0;0;1;1;2;3;0;0;0;0;0;0;0;0;0;0;0;0;0;0;0;0;0;0;0;0;0;0;0;0;0;0;0;0;0;0
09.01.2024;22:46;A 20;1;4;76;3;59;6;19;3;8;2;13;10;9;2;2;2;2;3;3;1;10;3;2;1;13;2;7;1;1;1;38;0;0;2;7;2;7;1;1;1;2;1;1;0;0;1;0;1;0;0;0;0;0;1;21;1;57;2;8;3;63;1;1;1;1;0;0;0;0;0;0;0;0;0;0;0;0;0;0;0;0;0;0;0;0;0;0;0;0;0;0;0;0;0;0
09.01.2024;22:45;A 20;1;1;15;3;21;1;1;1;1;1;13;1;5;1;1;1;1;1;1;2;5;0;0;0;0;0;0;0;0;1;0;0;0;2;3;0;0;1;0;0;0;0;0;0;0;0;0;0;0;0;0;0;0;0;0;0;0;0;0;0;0;0;0;0;0;0;0;0;0;0;0;0;0;0;0;0;0;0;0;0;0;0;0;0;0;0;0;0;0;0;0;0;0;0;0
09.01.2024;22:44;A 20;1;1;2;0;0;0;0;0;0;0;0;0;0;0;0;0;0;1;1;2;3;1;1;0;0;0;0;0;0;2;27;2;28;0;31;1;17;0;0;2;3;0;60;0;0;0;0;0;0;0;0;0;0;0;0;1;0;0;0;0;0;0;0;2;2;0;0;0;0;0;0;0;0;0;0;0;0;0;0;0;0;0;0;0;0;0;0;0;0;0;0;0;0;0;0
09.01.2024;22:43;A 20;1;2;11;2;20;1;1;1;1;1;15;4;4;1;1;1;1;2;60;2;62;2;2;1;9;3;6;1;0;1;33;1;66;1;44;6;7;3;6;1;0;2;32;0;0;2;2;2;2;1;31;1;5;0;0;0;0;0;0;0;0;1;1;1;2;0;0;0;0;0;0;0;0;0;0;0;0;0;0;0;0;0;0;0;0;0;0;0;0;0;0;0;0;0;0
09.01.2024;22:42;A 20;1;0;0;0;0;0;0;0;0;0;0;0;0;0;0;0;0;1;66;3;72;2;2;0;48;0;0;0;0;1;1;1;13;2;4;2;2;1;1;1;1;0;0;0;0;0;0;0;0;1;6;1;7;0;0;1;3;0;0;1;7;1;1;0;0;0;0;0;0;1;1;0;0;0;0;0;0;0;0;0;0;0;0;0;0;0;0;0;0;0;0;0;0;0;0
09.01.2024;22:41;A 20;1;3;51;1;5;4;4;1;0;0;0;0;0;0;0;0;0;1;12;3;27;1;1;1;7;2;6;2;1;2;35;2;1;3;9;4;2;2;1;2;1;0;0;0;0;0;0;0;0;0;0;0;0;0;0;0;0;0;0;0;0;1;1;0;0;0;0;0;0;0;0;0;0;0;0;0;0;0;0;0;0;0;0;0;0;0;0;0;0;0;0;0;0;0;0
09.01.2024;22:40;A 20;1;1;35;1;11;1;0;0;0;1;15;1;4;1;1;1;1;0;0;0;0;0;0;0;0;0;0;0;0;2;30;1;24;2;30;2;1;1;1;1;0;0;0;0;0;0;0;0;0;1;1;2;2;1;49;0;0;1;6;0;0;1;1;0;0;0;0;0;0;0;0;0;0;0;0;0;0;0;0;0;0;0;0;0;0;0;0;0;0;0;0;0;0;0;0
09.01.2024;22:39;A 20;1;2;22;1;4;2;2;1;1;0;0;0;0;0;0;0;0;0;0;0;0;0;0;1;15;2;5;1;0;3;43;1;33;5;25;2;6;3;4;1;1;0;0;0;0;0;0;0;0;0;0;0;0;1;62;2;1;1;46;1;3;2;3;1;1;0;0;0;0;0;0;0;0;0;0;0;0;0;0;0;0;0;0;0;0;0;0;0;0;0;0;0;0;0;0
09.01.2024;22:38;A 20;1;1;12;1;10;1;1;0;0;1;65;3;3;1;1;0;0;0;0;0;0;0;0;0;0;0;0;0;0;2;44;2;30;4;43;3;7;4;5;1;0;1;77;0;0;1;1;1;2;2;2;4;6;1;12;2;2;1;5;0;0;6;10;5;7;0;0;0;0;0;0;0;0;0;0;0;0;0;0;0;0;0;0;0;0;0;0;0;0;0;0;0;0;0;0
09.01.2024;22:37;A 20;1;1;15;1;9;1;1;0;0;1;4;3;3;1;1;1;1;0;0;0;0;0;0;0;0;0;0;0;0;2;29;0;0;2;15;3;9;2;2;3;4;1;16;0;0;1;4;1;2;0;0;0;0;4;65;3;68;4;70;2;74;0;0;0;0;0;0;0;0;0;0;0;0;0;0;0;0;0;0;0;0;0;0;0;0;0;0;0;0;0;0;0;0;0;0
09.01.2024;22:36;A 20;1;1;11;1;15;0;0;1;1;0;50;0;0;0;0;0;0;0;0;0;0;0;0;0;0;0;0;0;0;2;39;1;0;4;13;1;1;2;1;1;0;0;0;0;0;0;0;0;0;0;0;0;0;0;0;1;40;0;0;3;8;1;1;1;1;1;1;0;0;1;3;0;0;0;0;0;0;1;1;0;0;0;0;0;0;0;0;0;0;0;0;0;0;0;0
09.01.2024;22:35;A 20;1;1;8;2;19;1;1;1;1;1;60;1;5;1;1;1;1;2;30;2;18;2;1;0;89;0;0;0;0;2;1;0;0;3;10;0;0;2;1;0;0;0;0;0;0;0;0;0;0;1;1;1;3;2;41;0;0;5;18;0;0;3;5;0;0;0;0;0;0;0;0;0;0;0;0;0;0;0;0;0;0;0;0;0;0;0;0;0;0;0;0;0;0;0;0
09.01.2024;22:34;A 20;1;1;14;0;0;2;2;0;0;0;14;0;0;0;0;0;0;1;35;1;4;0;0;1;13;2;7;1;1;2;72;0;0;2;16;0;0;2;2;0;0;0;0;0;0;0;0;0;0;0;0;0;0;0;41;0;41;0;0;0;40;4;6;2;2;0;0;0;0;0;0;0;0;0;0;0;0;0;0;0;0;0;0;0;0;0;0;0;0;0;0;0;0;0;0
09.01.2024;22:33;A 20;1;1;7;1;8;1;0;0;0;1;13;1;6;1;1;1;1;2;40;2;28;3;3;1;0;2;2;1;1;1;9;1;1;1;6;3;2;1;1;1;1;0;0;0;0;0;0;0;0;2;20;0;21;1;48;1;41;2;11;1;45;1;1;1;2;0;0;0;0;0;0;0;0;0;0;0;0;0;0;0;0;0;0;0;0;0;0;0;0;0;0;0;0;0;0
09.01.2024;22:32;A 20;1;3;23;2;20;2;2;1;1;2;2;1;2;1;1;0;0;1;37;2;10;1;1;0;0;0;0;0;0;3;14;35;22;2;29;2;3;3;7;1;1;0;0;0;0;0;0;0;0;2;34;3;33;0;0;0;0;0;0;0;0;0;0;2;3;0;0;0;0;0;0;0;0;0;0;0;0;0;0;0;0;0;0;0;0;0;0;0;0;0;0;0;0;0;0
09.01.2024;22:31;A 20;1;2;21;2;17;2;2;1;0;1;58;5;6;2;3;3;3;0;0;0;0;0;0;0;0;0;0;0;0;0;0;0;0;0;0;1;1;0;0;0;0;1;22;0;0;1;1;1;1;0;0;0;0;2;26;1;0;1;17;0;0;5;7;0;0;0;0;0;0;0;0;0;0;0;0;0;0;0;0;0;0;0;0;0;0;0;0;0;0;0;0;0;0;0;0
09.01.2024;22:30;A 20;1;3;19;1;20;2;1;1;1;2;43;5;41;2;2;2;3;0;0;0;0;0;0;0;0;0;0;0;0;0;55;1;55;0;0;2;8;0;0;1;1;0;0;0;0;0;0;0;0;1;17;1;7;1;50;0;0;1;6;0;0;2;3;0;0;0;0;0;0;0;0;0;0;0;0;0;0;0;0;0;0;0;0;0;0;0;0;0;0;0;0;0;0;0;0
09.01.2024;22:29;A 20;1;1;0;1;8;0;0;0;0;1;15;1;5;1;0;1;1;0;0;0;0;0;0;0;0;0;0;0;0;3;22;1;2;6;14;2;4;3;3;2;1;0;0;0;0;0;0;0;0;0;0;0;0;1;66;0;0;3;8;0;0;2;2;3;4;1;1;0;0;0;0;0;0;0;0;0;0;0;0;0;0;0;0;0;0;0;0;0;0;0;0;0;0;0;0
09.01.2024;22:28;A 20;1;1;10;0;0;1;0;0;0;0;0;0;0;0;0;0;0;1;13;3;11;0;0;2;51;3;17;1;1;1;69;0;0;1;10;0;0;1;1;0;0;0;0;0;0;0;0;0;0;1;1;1;2;2;2;1;11;3;9;0;14;2;3;2;3;0;0;0;0;0;0;0;0;0;0;0;0;0;0;0;0;0;0;0;0;0;0;0;0;0;0;0;0;0;0
09.01.2024;22:27;A 20;1;0;54;0;0;0;0;0;0;0;0;0;0;0;0;0;0;1;24;3;16;2;2;2;22;3;28;1;0;2;1;0;0;2;8;0;0;2;1;0;0;1;0;0;0;0;0;0;0;0;0;0;0;0;0;1;4;0;0;2;7;1;2;2;3;0;0;0;0;2;3;0;0;0;0;0;0;2;3;0;0;0;0;0;0;0;0;0;0;0;0;0;0;0;0
09.01.2024;22:26;A 20;1;2;67;2;14;3;3;0;0;2;14;7;8;2;1;2;2;0;0;0;0;0;0;1;79;2;72;3;4;0;6;0;6;0;0;0;0;0;0;0;0;0;0;0;0;0;0;0;0;3;55;0;59;2;26;1;28;4;20;1;10;2;2;0;0;0;0;0;0;0;0;0;0;0;0;0;0;0;0;0;0;0;0;0;0;0;0;0;0;0;0;0;0;0;0
09.01.2024;22:25;A 20;1;2;33;2;27;2;2;1;1;1;21;1;2;1;1;1;1;1;40;1;2;1;1;0;0;0;0;0;0;2;14;2;31;4;10;3;10;2;2;1;1;1;1;0;0;1;1;0;0;1;30;1;36;0;0;1;0;0;0;0;0;2;2;1;1;0;0;0;0;0;0;0;0;0;0;0;0;0;0;0;0;0;0;0;0;0;0;0;0;0;0;0;0;0;0
09.01.2024;22:24;A 20;1;2;39;1;20;2;2;2;2;0;0;0;0;0;0;0;0;4;39;0;47;2;2;1;17;3;8;1;1;2;20;0;0;2;13;2;6;2;2;1;1;1;1;0;0;1;0;1;0;0;0;0;0;1;1;0;33;1;4;0;34;1;1;2;3;0;0;0;0;0;0;0;0;0;0;0;0;0;0;0;0;0;0;0;0;0;0;0;0;0;0;0;0;0;0
09.01.2024;22:23;A 20;1;1;17;1;12;1;0;2;1;0;0;0;0;0;0;0;0;4;47;1;62;3;3;0;0;0;0;0;0;1;69;0;0;0;72;0;0;0;0;0;0;0;0;0;0;0;0;0;0;1;1;1;4;1;24;1;41;1;10;1;48;1;1;0;0;0;0;1;1;0;0;0;0;1;1;1;1;0;0;0;0;0;0;0;0;0;0;0;0;0;0;0;0;0;0
09.01.2024;22:22;A 20;1;2;10;2;17;0;0;2;2;0;1;1;0;0;0;0;0;1;53;2;42;3;3;0;0;0;0;0;0;3;73;0;0;3;73;0;0;3;4;0;0;0;0;0;0;0;0;0;0;0;0;0;0;1;50;0;0;2;5;0;0;2;2;7;9;0;0;0;0;0;0;0;0;0;0;0;0;0;0;0;0;0;0;0;0;0;0;0;0;0;0;0;0;0;0
09.01.2024;22:21;A 20;1;1;22;0;94;1;1;0;0;3;92;2;98;1;1;1;1;2;43;4;16;2;2;1;24;0;25;0;0;3;43;3;41;4;21;4;38;4;4;3;4;1;66;0;0;1;1;1;1;1;36;1;6;1;35;2;5;1;7;3;12;3;4;4;5;1;1;0;0;0;0;0;0;0;0;0;0;0;0;0;0;0;0;0;0;0;0;0;0;0;0;0;0;0;0
09.01.2024;22:20;A 20;1;1;37;3;43;3;4;1;1;1;13;3;14;3;3;3;4;2;38;6;35;2;2;1;36;1;43;2;2;4;14;0;0;1;22;0;0;1;0;0;0;0;0;0;0;0;0;0;0;1;54;1;2;3;69;2;5;3;27;2;12;3;6;1;1;0;0;0;0;1;1;0;0;0;0;0;0;1;1;0;0;0;0;0;0;0;0;0;0;0;0;0;0;0;0
09.01.2024;22:19;A 20;1;3;27;3;37;1;0;2;1;2;16;4;5;2;1;2;2;3;40;4;47;3;4;0;0;0;0;0;0;2;54;0;0;4;45;1;1;4;9;0;0;2;27;0;0;1;0;1;1;4;35;7;34;0;0;2;53;1;6;1;63;2;2;3;4;0;0;0;0;0;0;0;0;0;0;0;0;0;0;0;0;0;0;0;0;0;0;0;0;0;0;0;0;0;0
09.01.2024;22:18;A 20;1;0;97;0;0;2;2;0;0;0;9;0;0;0;0;0;0;1;28;2;6;1;1;0;0;0;0;0;0;1;36;2;55;2;11;3;12;2;2;2;2;1;59;0;0;2;2;2;2;2;23;1;25;4;54;1;1;1;61;1;3;5;7;1;1;0;0;0;0;0;0;0;0;0;0;0;0;0;0;0;0;0;0;0;0;0;0;0;0;0;0;0;0;0;0
09.01.2024;22:17;A 20;1;5;80;2;82;3;4;6;8;1;66;2;5;1;1;2;1;1;30;1;33;0;0;0;0;0;0;0;0;2;33;1;23;5;43;1;8;2;2;1;1;0;0;0;0;0;0;0;0;1;51;4;42;1;72;0;0;2;31;0;0;0;0;0;1;0;0;0;0;1;1;0;0;0;0;0;0;0;0;0;0;0;0;0;0;0;0;0;0;0;0;0;0;0;0
09.01.2024;22:16;A 20;1;2;93;2;83;0;0;2;4;0;0;0;0;0;0;1;0;1;20;2;26;2;2;2;34;0;37;1;0;2;69;3;3;1;58;5;10;2;3;3;3;0;0;0;0;0;0;0;0;1;54;1;59;0;0;0;0;0;0;0;0;1;1;1;0;0;0;0;0;0;0;0;0;0;0;0;0;0;0;0;0;0;0;0;0;0;0;0;0;0;0;0;0;0;0
09.01.2024;22:15;A 20;1;1;90;1;80;3;8;3;4;2;47;5;9;2;2;1;1;1;37;2;7;2;2;1;53;2;56;2;1;3;65;1;22;3;46;0;21;3;4;0;0;2;60;0;0;0;0;0;0;1;52;1;4;1;0;0;0;1;3;0;0;3;4;1;1;0;0;1;1;0;0;0;0;0;0;0;0;0;0;0;0;0;0;0;0;0;0;0;0;0;0;0;0;0;0
09.01.2024;22:14;A 20;1;2;71;3;69;3;4;3;4;1;22;0;21;0;0;1;1;2;24;1;31;2;2;1;3;4;14;1;1;1;50;1;40;4;35;2;50;2;2;2;2;1;52;0;0;3;4;3;4;1;31;1;3;3;50;2;1;2;41;3;4;6;10;2;2;0;0;0;0;0;0;0;0;0;0;1;1;0;0;0;0;0;0;0;0;0;0;0;0;0;0;0;0;0;0
09.01.2024;22:13;A 20;1;2;91;2;67;3;5;5;12;2;64;3;60;2;3;2;2;1;37;0;39;0;0;2;43;2;18;1;1;2;66;1;37;2;46;2;4;2;2;1;1;0;12;0;0;0;0;0;0;1;49;2;8;0;0;0;0;2;5;0;0;2;3;0;0;0;0;0;0;1;1;0;0;1;1;0;0;1;1;0;0;0;0;0;0;0;0;0;0;0;0;0;0;0;0
09.01.2024;22:12;A 20;1;3;37;0;94;2;2;4;24;1;32;2;31;3;5;2;3;2;36;2;21;2;1;2;44;4;20;3;3;2;48;2;56;2;61;1;63;1;1;2;3;1;30;0;0;1;1;1;1;2;4;2;16;2;14;0;10;0;18;1;12;5;7;2;3;0;0;0;0;0;0;0;0;0;0;0;0;0;0;0;0;0;0;0;0;0;0;0;0;0;0;0;0;0;0
09.01.2024;22:11;A 20;1;2;10;3;42;1;1;4;5;3;21;2;28;3;4;4;4;1;70;3;52;2;1;1;3;1;3;0;0;2;39;1;29;5;58;2;5;2;2;1;0;1;1;0;0;1;1;1;1;0;71;0;0;1;94;1;68;2;68;1;72;0;0;1;1;0;0;0;0;0;0;0;0;0;0;0;0;0;0;0;0;0;0;0;0;0;0;0;0;0;0;0;0;0;0
09.01.2024;22:10;A 20;1;1;17;3;17;2;3;1;1;0;32;0;0;0;0;0;0;2;66;1;46;2;2;1;64;3;34;2;2;2;43;1;42;3;59;4;10;3;14;1;1;1;9;0;0;1;1;1;1;1;42;1;4;1;0;0;0;1;3;0;0;1;1;0;0;0;0;0;0;0;0;0;0;0;0;0;0;0;0;0;0;0;0;0;0;0;0;0;0;0;0;0;0;0;0
09.01.2024;22:09;A 20;1;0;100;2;95;3;88;5;10;2;64;1;5;1;1;1;1;1;2;1;12;1;1;0;66;0;0;0;0;2;62;1;0;5;21;2;11;2;2;1;1;3;11;0;0;1;4;0;0;1;3;1;4;1;0;0;29;1;4;0;29;6;7;0;0;0;0;0;0;0;0;0;0;0;0;0;0;0;0;0;0;0;0;0;0;0;0;0;0;0;0;0;0;0;0
09.01.2024;22:08;A 20;1;2;77;4;25;4;4;2;1;1;25;3;7;2;2;2;2;0;3;0;3;0;0;3;47;4;21;3;3;1;63;1;7;2;18;2;32;1;1;3;6;1;45;0;0;2;23;3;6;0;0;0;0;0;0;3;67;0;0;1;70;1;1;2;2;0;0;0;0;0;0;0;0;0;0;0;0;0;0;0;0;0;0;0;0;0;0;0;0;0;0;0;0;0;0
09.01.2024;22:07;A 20;1;2;11;0;0;1;1;0;0;1;66;0;42;0;0;0;0;2;35;4;54;2;2;1;43;2;6;1;1;1;36;0;36;1;41;0;0;1;1;0;0;0;0;0;0;0;0;0;0;0;0;0;0;1;41;1;49;1;8;1;12;4;6;0;0;0;0;0;0;0;0;0;0;0;0;0;0;0;0;0;0;0;0;0;0;0;0;0;0;0;0;0;0;0;0
09.01.2024;22:06;A 20;1;1;17;2;19;1;1;1;1;1;18;4;11;2;2;2;2;3;3;2;7;3;2;1;63;2;6;1;1;3;43;2;6;6;41;2;7;5;5;2;3;1;37;0;0;0;0;0;0;0;0;0;0;2;9;2;59;2;15;0;76;1;1;3;4;0;0;0;0;0;0;0;0;0;0;0;0;0;0;0;0;0;0;0;0;0;0;0;0;0;0;0;0;0;0
09.01.2024;22:05;A 20;1;3;32;1;37;3;3;2;3;1;40;3;4;1;1;1;0;0;0;0;0;1;1;1;50;3;7;1;0;2;49;4;6;4;17;3;17;2;2;1;0;0;0;0;0;1;1;1;1;0;0;0;0;0;0;1;36;0;0;2;30;2;4;2;2;0;0;0;0;0;0;0;0;0;0;0;0;0;0;0;0;0;0;0;0;0;0;0;0;0;0;0;0;0;0
09.01.2024;22:04;A 20;1;2;15;1;75;1;1;3;3;0;14;0;0;0;0;2;2;0;0;0;0;0;0;2;10;5;14;2;2;1;43;0;0;1;13;6;20;1;1;2;3;0;0;0;0;0;0;0;0;2;10;5;5;2;11;2;42;3;11;3;14;3;4;3;4;0;0;0;0;0;0;0;0;0;0;0;0;0;0;0;0;0;0;0;0;0;0;0;0;0;0;0;0;0;0
09.01.2024;22:03;A 20;1;2;19;1;67;2;1;1;1;1;70;3;2;1;0;1;1;1;21;2;8;0;0;0;0;0;0;0;0;0;0;0;0;0;0;0;0;0;0;0;0;0;0;0;0;0;0;0;0;2;6;0;13;0;35;1;32;3;20;2;41;2;7;4;2;0;0;0;0;0;0;0;0;0;0;0;0;0;0;0;0;0;0;0;0;0;0;0;0;0;0;0;0;0;0
09.01.2024;22:02;A 20;1;4;33;3;13;3;3;1;0;1;70;4;4;1;1;2;3;2;16;3;20;2;2;0;0;0;0;0;0;3;63;2;1;2;69;4;4;2;3;2;2;0;0;0;0;0;0;0;0;1;85;3;24;1;68;2;16;2;15;1;71;1;1;2;2;0;0;0;0;0;0;0;0;0;0;0;0;0;0;0;0;0;0;0;0;0;0;0;0;0;0;0;0;0;0
09.01.2024;22:01;A 20;1;0;0;2;14;0;0;0;0;2;32;3;7;2;2;2;2;2;66;2;39;2;2;0;0;0;0;0;0;3;15;0;0;6;27;0;0;4;4;0;0;0;0;0;0;0;0;0;0;0;0;0;0;1;13;0;0;0;14;0;0;0;0;3;4;0;0;1;1;0;0;0;0;0;0;0;0;0;0;0;0;0;0;0;0;0;0;0;0;0;0;0;0;0;0
09.01.2024;22:00;A 20;1;2;15;3;18;2;2;2;2;0;0;1;1;0;0;0;0;1;26;3;26;2;2;0;0;0;0;0;0;2;2;0;0;4;9;0;0;2;1;0;0;0;0;0;0;0;0;0;0;0;0;0;0;1;66;0;0;4;70;0;0;0;0;2;3;0;0;0;0;0;0;0;0;0;0;0;0;0;0;0;0;0;0;0;0;0;0;0;0;0;0;0;0;0;0
09.01.2024;21:59;A 20;1;0;0;1;37;0;0;0;0;0;0;0;0;0;0;0;0;2;41;1;53;2;2;0;8;0;0;0;0;2;37;1;6;3;10;3;3;1;1;2;2;0;0;0;0;0;0;0;0;1;36;1;5;0;0;0;0;0;0;0;0;2;3;1;1;0;0;0;0;1;1;0;0;0;0;0;0;0;0;0;0;0;0;0;0;0;0;0;0;0;0;0;0;0;0
09.01.2024;21:58;A 20;1;2;14;3;28;1;1;2;2;2;44;0;46;1;1;2;1;1;25;3;8;1;1;1;31;4;7;1;1;2;67;1;7;1;16;1;1;1;1;1;0;1;27;0;0;1;1;1;1;1;0;0;0;3;32;0;0;4;16;0;0;5;8;0;0;0;0;0;0;0;0;0;0;0;0;0;0;0;0;0;0;0;0;0;0;0;0;0;0;0;0;0;0;0;0
09.01.2024;21:57;A 20;1;1;13;1;15;1;1;1;1;1;64;2;35;2;2;3;3;0;0;0;0;0;0;0;0;0;0;0;0;2;63;3;41;3;57;3;16;2;2;1;1;0;0;0;0;0;0;0;0;1;1;1;2;3;68;2;39;1;60;1;46;3;4;4;6;0;0;0;0;0;0;0;0;0;0;0;0;0;0;0;0;0;0;0;0;0;0;0;0;0;0;0;0;0;0
09.01.2024;21:56;A 20;1;1;11;3;25;1;0;2;2;1;28;3;9;1;1;1;1;1;0;1;3;1;1;0;0;0;0;0;0;0;0;1;72;1;4;2;63;1;1;3;5;0;0;0;0;0;0;0;0;0;0;0;0;2;68;0;55;2;68;0;0;3;4;2;2;0;0;0;0;0;0;0;0;0;0;0;0;0;0;0;0;0;0;0;0;0;0;0;0;0;0;0;0;0;0
09.01.2024;21:55;A 20;1;0;100;0;100;2;3;3;4;2;2;2;2;1;0;2;1;3;27;0;36;0;0;3;65;1;70;1;1;2;59;1;15;3;50;2;3;2;2;0;0;0;0;0;0;1;1;1;1;0;0;0;0;2;17;1;24;3;29;2;14;1;1;1;1;0;0;0;0;0;0;0;0;0;0;0;0;0;0;0;0;0;0;0;0;0;0;0;0;0;0;0;0;0;0
09.01.2024;21:54;A 20;1;1;12;3;21;1;1;1;0;1;50;2;55;2;6;2;4;1;40;3;45;4;4;1;67;1;43;3;3;1;22;0;0;2;9;2;8;1;1;0;0;2;55;0;0;2;2;2;2;1;32;2;3;1;0;0;0;1;5;0;0;2;3;0;0;0;0;0;0;0;0;0;0;0;0;0;0;0;0;0;0;0;0;0;0;0;0;0;0;0;0;0;0;0;0
09.01.2024;21:53;A 20;1;3;34;0;42;2;2;2;4;0;0;2;2;0;0;0;0;2;42;1;50;2;2;1;57;2;7;1;1;0;33;0;0;0;0;0;0;0;0;0;0;1;56;0;0;1;1;0;0;0;0;0;0;1;77;0;0;3;7;0;0;1;2;0;0;0;0;0;0;0;0;0;0;0;0;0;0;0;0;0;0;0;0;0;0;0;0;0;0;0;0;0;0;0;0
09.01.2024;21:52;A 20;1;2;33;3;33;2;2;1;1;0;0;2;1;0;0;1;0;3;54;2;44;3;2;0;0;0;0;0;0;4;8;0;0;6;23;0;0;4;3;0;0;0;0;0;0;0;0;1;1;1;68;1;14;0;88;0;0;0;0;0;0;0;0;0;0;0;0;0;0;0;0;0;0;0;0;0;0;0;0;0;0;0;0;0;0;0;0;0;0;0;0;0;0;0;0
09.01.2024;21:51;A 20;1;3;19;3;87;1;0;3;3;0;0;0;0;0;0;0;0;1;31;3;6;1;1;1;89;1;51;1;1;0;0;1;0;0;0;1;2;0;0;1;0;0;0;0;0;0;0;0;0;4;7;1;3;1;9;1;22;1;5;0;52;1;2;2;3;0;0;0;0;0;0;0;0;0;0;0;0;0;0;0;0;0;0;0;0;0;0;0;0;0;0;0;0;0;0
09.01.2024;21:50;A 20;1;1;79;0;0;2;3;0;0;0;0;0;0;0;0;0;0;3;2;2;13;3;2;2;48;4;14;2;1;2;43;10;6;4;20;5;19;2;2;2;3;1;1;0;0;1;1;0;0;1;16;2;3;3;21;3;43;0;23;3;51;2;2;3;5;0;0;0;0;0;0;0;0;0;0;0;0;0;0;0;0;0;0;0;0;0;0;0;0;0;0;0;0;0;0
09.01.2024;21:49;A 20;1;0;63;1;11;2;3;1;1;0;0;0;0;0;0;0;0;1;1;3;2;0;0;1;25;0;23;0;0;2;57;2;29;0;59;5;10;1;1;2;2;0;0;0;0;0;0;1;1;1;55;2;4;1;3;1;78;2;11;2;84;5;3;2;3;0;0;0;0;0;0;0;0;0;0;0;0;0;0;0;0;0;0;0;0;0;0;0;0;0;0;0;0;0;0
09.01.2024;21:48;A 20;1;1;85;1;28;2;2;3;2;0;41;0;0;0;0;0;0;1;35;2;11;3;3;1;56;7;17;1;1;2;42;3;8;3;45;1;12;3;4;1;0;1;25;0;0;1;1;0;0;0;0;0;0;1;33;0;0;2;13;0;0;2;2;2;3;0;0;0;0;0;0;0;0;1;1;0;0;0;0;0;0;0;0;0;0;0;0;0;0;0;0;0;0;0;0
09.01.2024;21:47;A 20;1;1;60;1;57;1;4;2;2;1;42;1;5;1;1;2;2;5;40;5;50;4;4;1;71;3;8;0;0;1;35;1;95;2;7;2;67;1;1;2;2;0;6;0;0;0;0;1;0;0;14;0;0;1;0;1;36;1;5;1;1;0;0;3;3;0;0;0;0;0;0;0;0;0;0;0;0;0;0;0;0;0;0;0;0;0;0;0;0;0;0;0;0;0;0
09.01.2024;21:46;A 20;1;0;86;0;0;2;3;0;0;1;15;0;1;0;0;0;0;4;44;4;61;5;5;1;43;1;44;1;1;1;36;1;71;1;8;5;42;1;1;2;2;1;28;0;0;1;1;1;1;1;35;1;8;1;0;1;55;1;3;3;15;1;1;0;0;0;0;0;0;0;0;0;0;0;0;0;0;0;0;0;0;0;0;0;0;0;0;0;0;0;0;0;0;0;0
09.01.2024;21:45;A 20;1;3;39;3;14;3;3;2;1;0;0;3;12;1;1;1;1;1;73;2;8;1;1;1;67;4;34;2;1;4;32;2;14;6;19;3;7;3;2;2;1;1;1;0;0;0;0;0;0;1;32;3;11;0;0;0;0;0;0;0;0;1;1;0;0;0;0;0;0;1;1;0;0;0;0;0;0;1;1;0;0;0;0;0;0;0;0;0;0;0;0;0;0;0;0
09.01.2024;21:44;A 20;1;0;77;1;72;1;3;1;1;1;0;2;2;1;0;0;0;0;0;0;0;0;0;2;33;1;37;0;0;0;66;0;66;1;5;3;4;1;1;0;0;1;57;0;0;2;2;2;2;1;1;1;3;1;1;0;0;0;2;0;0;4;4;2;3;0;0;0;0;0;0;0;0;0;0;0;0;0;0;0;0;0;0;0;0;0;0;0;0;0;0;0;0;0;0
09.01.2024;21:43;A 20;1;1;54;3;64;3;4;2;2;3;65;3;49;2;2;2;2;0;0;0;0;0;0;1;74;6;29;3;3;3;52;2;18;6;28;3;19;2;2;2;2;1;1;0;0;1;1;1;1;0;0;0;0;2;5;1;59;6;66;4;12;3;4;0;0;0;0;0;0;0;0;0;0;0;0;0;0;0;0;0;0;0;0;0;0;0;0;0;0;0;0;0;0;0;0
09.01.2024;21:42;A 20;1;0;0;2;22;0;0;1;1;0;0;2;4;1;1;1;1;4;55;0;72;1;0;1;1;2;3;0;0;2;8;2;3;2;16;1;8;1;1;1;0;1;23;0;0;1;0;0;0;1;1;1;4;2;65;0;0;1;7;0;0;6;8;0;0;0;0;0;0;0;0;0;0;0;0;0;0;0;0;0;0;0;0;0;0;0;0;0;0;0;0;0;0;0;0
09.01.2024;21:41;A 20;1;2;13;3;43;1;1;1;1;3;11;1;16;1;0;1;1;1;36;3;7;5;5;1;74;0;74;0;0;1;90;1;52;1;88;2;4;2;10;2;2;1;5;0;0;0;0;1;1;0;0;0;0;1;0;0;0;2;7;0;0;4;6;0;0;0;0;0;0;0;0;0;0;0;0;0;0;0;0;0;0;0;0;0;0;0;0;0;0;0;0;0;0;0;0
09.01.2024;21:40;A 20;1;2;56;2;87;2;7;4;2;1;82;3;11;3;3;3;3;1;45;1;5;1;1;1;21;1;32;2;2;1;56;0;0;3;8;1;1;2;1;0;0;1;90;0;0;2;1;1;1;1;1;1;2;3;23;0;18;2;25;0;19;3;4;2;3;0;0;0;0;1;1;0;0;0;0;0;0;0;0;0;0;0;0;0;0;0;0;0;0;0;0;0;0;0;0
09.01.2024;21:39;A 20;1;1;17;2;69;1;1;2;2;1;17;4;4;1;1;2;1;1;62;3;8;1;1;0;16;0;0;0;0;1;43;1;21;1;5;3;8;1;0;1;1;2;13;0;0;1;1;2;2;0;0;0;0;1;76;1;30;3;48;2;37;0;0;0;0;0;0;0;0;0;0;0;0;0;0;0;0;1;1;0;0;0;0;0;0;0;0;0;0;0;0;0;0;0;0
09.01.2024;21:38;A 20;1;0;0;4;33;0;0;2;2;1;0;1;2;1;0;1;1;0;0;0;0;0;0;1;30;2;9;1;1;1;37;1;18;1;8;1;2;1;1;1;0;0;0;0;0;0;0;0;0;0;0;0;0;1;19;0;0;1;6;0;0;1;1;0;0;0;0;0;0;0;0;0;0;0;0;0;0;0;0;0;0;0;0;0;0;0;0;0;0;0;0;0;0;0;0
09.01.2024;21:37;A 20;1;3;28;3;26;4;4;3;2;1;26;3;5;1;0;2;1;3;56;2;67;2;2;0;0;0;0;1;0;3;44;1;51;2;17;2;11;1;1;1;1;1;47;0;0;1;2;1;2;0;0;0;0;1;12;1;23;1;1;1;23;2;2;2;3;0;0;0;0;0;0;0;0;0;0;0;0;0;0;0;0;0;0;0;0;0;0;0;0;0;0;0;0;0;0
09.01.2024;21:36;A 20;1;1;12;1;5;2;1;0;0;2;3;1;5;1;1;1;1;1;54;2;6;0;0;0;0;0;0;0;0;1;64;1;28;4;24;4;6;3;5;1;1;1;21;0;0;1;0;1;0;2;35;2;4;2;63;2;63;1;66;1;67;3;4;6;10;0;0;0;0;0;0;0;0;0;0;0;0;0;0;0;0;0;0;0;0;0;0;0;0;0;0;0;0;0;0
09.01.2024;21:35;A 20;1;1;1;3;30;0;0;1;2;1;14;4;14;2;3;2;2;0;0;1;6;1;1;0;0;0;0;0;0;3;15;0;31;5;22;1;2;3;3;0;0;1;6;0;0;1;4;0;0;1;15;2;23;1;12;1;18;1;23;1;24;2;3;2;1;0;0;0;0;0;0;0;0;0;0;0;0;0;0;0;0;0;0;0;0;0;0;0;0;0;0;0;0;0;0
09.01.2024;21:34;A 20;1;2;21;1;23;2;2;0;0;0;54;1;1;0;0;0;0;2;4;4;16;2;2;0;0;0;0;0;0;1;24;1;24;0;23;2;2;0;0;1;1;1;55;0;0;0;0;0;0;0;0;0;0;2;17;2;0;3;16;1;1;0;0;0;0;0;0;0;0;0;0;0;0;0;0;0;0;1;1;0;0;0;0;0;0;0;0;0;0;0;0;0;0;0;0
09.01.2024;21:33;A 20;1;0;29;4;55;1;0;7;11;1;26;5;7;1;1;1;1;4;64;4;69;3;4;0;0;0;0;0;0;1;43;1;25;4;24;6;10;2;2;1;1;2;11;0;0;3;3;3;3;0;0;0;0;0;0;0;0;0;0;0;0;2;5;0;0;0;0;0;0;0;0;0;0;0;0;0;0;0;0;0;0;0;0;0;0;0;0;0;0;0;0;0;0;0;0
09.01.2024;21:32;A 20;1;1;61;4;54;3;4;4;4;1;14;6;6;1;1;2;2;2;57;2;71;4;3;1;28;2;9;1;1;2;38;0;0;3;11;0;0;2;1;0;0;0;37;0;0;0;0;0;0;1;1;1;4;0;0;2;2;0;0;0;0;2;4;0;0;0;0;0;0;0;0;0;0;0;0;0;0;0;0;0;0;0;0;0;0;0;0;0;0;0;0;0;0;0;0
09.01.2024;21:31;A 20;1;1;12;0;0;1;1;0;0;0;4;0;0;0;0;0;0;4;38;0;43;1;1;2;67;3;69;1;1;0;0;0;0;0;0;1;1;0;0;0;0;1;46;0;0;1;1;0;0;0;0;0;0;0;31;1;29;0;0;2;6;3;4;1;1;0;0;0;0;0;0;0;0;0;0;0;0;0;0;0;0;0;0;0;0;0;0;0;0;0;0;0;0;0;0
09.01.2024;21:30;A 20;1;2;13;4;18;2;1;2;1;1;56;2;5;1;1;1;1;2;40;4;26;3;3;1;20;1;3;2;3;3;27;1;26;4;19;1;4;3;3;1;1;0;0;0;0;0;0;0;0;0;0;0;0;1;56;1;9;2;7;1;6;0;0;1;2;0;0;0;0;1;1;0;0;0;0;0;0;0;0;0;0;0;0;0;0;0;0;0;0;0;0;0;0;0;0
09.01.2024;21:29;A 20;1;3;25;2;14;3;4;4;2;0;0;0;0;0;0;1;0;1;16;1;21;2;2;1;31;2;31;2;2;2;3;1;2;1;10;3;9;1;1;0;0;2;16;0;0;2;2;2;2;0;0;0;0;0;0;0;0;0;0;0;0;3;4;0;0;0;0;0;0;0;0;0;0;0;0;0;0;0;0;0;0;0;0;0;0;0;0;0;0;0;0;0;0;0;0
09.01.2024;21:28;A 20;1;2;15;0;0;1;1;0;0;0;8;0;0;0;0;0;0;1;1;2;3;1;0;1;34;3;7;1;1;1;49;1;39;1;62;4;10;3;4;1;1;0;0;0;0;0;0;0;0;3;4;4;13;1;36;1;35;1;5;1;2;2;3;4;5;0;0;0;0;0;0;0;0;0;0;0;0;0;0;0;0;0;0;0;0;0;0;0;0;0;0;0;0;0;0
09.01.2024;21:27;A 20;1;2;98;2;89;3;22;3;3;1;92;4;4;1;1;0;0;2;2;3;9;5;3;0;44;0;0;0;0;2;5;0;0;4;27;0;0;2;3;0;0;1;0;0;0;0;0;0;0;1;1;1;2;1;33;2;19;3;9;4;12;1;1;0;0;0;0;0;0;0;0;0;0;0;0;0;0;0;0;0;0;0;0;0;0;0;0;0;0;0;0;0;0;0;0
09.01.2024;21:26;A 20;1;2;49;1;24;4;4;2;2;0;0;0;0;0;0;1;1;0;0;0;0;0;0;1;54;1;7;1;1;1;1;2;1;1;5;6;10;1;1;2;1;2;55;0;0;2;2;2;2;0;0;0;0;2;53;0;0;1;11;0;0;1;3;1;1;0;0;0;0;0;0;0;0;0;0;0;0;0;0;0;0;0;0;0;0;0;0;0;0;0;0;0;0;0;0
09.01.2024;21:25;A 20;1;0;42;1;20;0;0;1;1;1;65;4;5;0;0;0;0;0;0;0;0;0;0;0;15;0;0;0;0;1;16;0;0;1;8;2;13;1;1;3;2;2;66;0;0;2;7;2;5;0;0;0;0;1;45;0;0;1;53;0;0;1;1;1;1;0;0;0;0;0;0;0;0;0;0;0;0;0;0;0;0;0;0;0;0;0;0;0;0;0;0;0;0;0;0
09.01.2024;21:24;A 20;1;2;35;2;35;2;3;2;2;2;18;2;22;3;3;3;4;1;53;1;15;1;1;1;16;2;5;1;1;1;5;3;3;1;7;5;9;1;0;1;1;1;36;0;0;1;0;1;0;1;45;2;2;0;76;2;69;0;0;2;36;1;3;1;1;0;0;0;0;0;0;0;0;0;0;1;1;0;0;0;0;0;0;0;0;0;0;0;0;0;0;0;0;0;0
09.01.2024;21:23;A 20;1;1;20;3;42;1;1;3;4;0;2;0;0;0;0;0;0;2;9;4;10;2;1;1;75;1;1;0;0;1;80;1;9;3;18;6;18;2;2;3;3;5;10;0;0;3;3;2;3;2;58;2;32;4;47;0;0;2;56;0;0;3;4;0;0;0;0;0;0;0;0;0;0;0;0;0;0;0;0;0;0;0;0;0;0;0;0;0;0;0;0;0;0;0;0
09.01.2024;21:22;A 20;1;3;24;2;54;2;2;2;2;1;18;2;4;1;1;1;1;1;17;3;2;1;1;0;0;2;6;1;1;3;31;3;56;4;51;5;49;4;6;3;3;0;0;0;0;2;3;3;4;3;75;2;88;1;90;0;0;2;80;0;0;0;0;1;0;0;0;0;0;0;0;0;0;0;0;0;0;0;0;0;0;0;0;0;0;0;0;0;0;0;0;0;0;0;0
09.01.2024;21:21;A 20;1;0;66;2;61;2;3;3;6;0;0;0;0;0;0;0;0;2;43;3;10;2;1;0;0;0;0;0;0;1;58;2;14;2;13;2;12;2;3;1;1;1;45;0;0;1;1;1;1;0;0;0;0;2;2;1;0;4;7;1;4;3;6;2;3;0;0;0;0;0;0;0;0;0;0;0;0;0;0;0;0;0;0;0;0;0;0;0;0;0;0;0;0;0;0
09.01.2024;21:20;A 20;1;2;5;1;11;0;0;2;0;1;21;1;24;1;3;1;3;1;1;1;1;1;1;0;0;0;0;0;0;3;58;0;0;6;17;1;1;3;3;0;0;1;1;0;0;1;0;1;1;1;1;0;0;1;5;2;2;2;4;1;6;7;13;2;3;0;0;0;0;1;1;0;0;0;0;0;0;0;0;0;0;0;0;0;0;0;0;0;0;0;0;0;0;0;0
09.01.2024;21:19;A 20;1;1;58;3;24;2;2;1;1;1;12;2;3;1;1;1;1;2;34;2;26;3;3;1;2;0;2;0;0;2;50;0;0;2;17;0;0;2;2;0;0;0;67;0;0;0;0;0;0;1;41;3;7;2;85;1;3;3;24;2;9;1;2;1;1;0;0;0;0;0;0;0;0;0;0;0;0;0;0;0;0;0;0;0;0;0;0;0;0;0;0;0;0;0;0
09.01.2024;21:18;A 20;1;2;69;0;39;3;3;1;1;2;29;2;20;1;3;0;0;8;42;5;61;7;8;1;97;1;42;3;3;1;56;0;0;2;12;1;3;1;2;0;0;1;29;0;0;1;1;1;1;1;32;3;6;0;0;1;58;0;0;1;37;3;4;2;3;0;0;0;0;1;1;0;0;0;0;0;0;0;0;0;0;0;0;0;0;0;0;0;0;0;0;0;0;0;0
09.01.2024;21:17;A 20;1;1;43;2;40;3;5;1;1;3;49;3;31;2;4;3;5;2;20;3;18;2;2;1;10;2;6;1;1;1;59;0;0;1;10;0;0;1;1;0;0;0;12;0;0;0;0;0;0;1;4;1;6;1;30;0;42;2;11;3;47;6;11;1;1;0;0;0;0;0;0;0;0;0;0;0;0;0;0;0;0;0;0;0;0;0;0;0;0;0;0;0;0;0;0
09.01.2024;21:16;A 20;1;1;91;2;89;2;10;4;5;1;96;4;54;2;3;2;3;3;5;5;15;2;2;1;18;1;11;1;1;1;1;1;41;2;5;2;6;1;1;1;1;1;61;0;0;1;1;1;1;1;1;1;2;0;0;1;32;0;0;1;32;1;1;1;2;0;0;0;0;0;0;0;0;0;0;0;0;0;0;0;0;0;0;0;0;0;0;0;0;0;0;0;0;0;0
09.01.2024;21:15;A 20;1;3;66;3;22;3;3;2;1;1;4;5;8;2;2;2;2;1;0;1;1;1;1;1;11;0;0;0;0;1;46;3;42;1;33;2;46;1;8;2;3;1;12;0;0;1;1;1;1;1;74;2;5;0;0;1;22;0;0;1;5;1;1;0;0;0;0;0;0;0;0;0;0;0;0;0;0;1;1;0;0;0;0;0;0;0;0;0;0;0;0;0;0;0;0
09.01.2024;21:14;A 20;1;1;58;2;28;4;4;3;6;1;30;1;3;1;1;0;0;2;69;4;71;2;3;1;64;5;17;2;1;1;18;3;23;3;9;5;10;2;2;5;4;2;36;0;0;0;0;0;0;1;19;1;4;2;68;1;66;1;72;1;42;7;12;5;8;0;0;0;0;0;0;0;0;0;0;0;0;0;0;0;0;0;0;0;0;0;0;0;0;0;0;0;0;0;0
09.01.2024;21:13;A 20;1;2;18;1;6;2;2;2;2;1;10;0;0;0;0;1;1;3;52;2;60;3;3;2;50;3;12;2;2;1;78;0;0;2;5;0;0;1;1;0;0;0;0;0;0;1;1;0;0;0;0;0;0;2;57;2;35;1;70;2;25;3;4;2;2;0;0;0;0;0;0;0;0;0;0;0;0;0;0;0;0;0;0;0;0;0;0;0;0;0;0;0;0;0;0
09.01.2024;21:12;A 20;1;1;9;3;25;1;0;1;1;1;18;6;15;2;3;2;3;3;40;4;49;4;4;1;48;1;4;1;1;2;69;0;0;3;62;0;0;1;2;0;0;0;0;0;0;0;0;0;0;1;1;3;3;3;29;1;8;3;35;1;10;2;3;3;3;0;0;0;0;0;0;0;0;0;0;0;0;0;0;0;0;0;0;0;0;0;0;0;0;0;0;0;0;0;0
09.01.2024;21:11;A 20;1;1;43;1;53;3;4;2;4;2;68;2;54;2;2;1;1;0;0;0;0;0;0;1;38;2;12;1;1;1;37;3;4;1;5;5;10;1;1;3;3;0;0;0;0;0;0;0;0;2;45;2;4;1;93;1;32;1;66;2;34;1;1;0;0;0;0;0;0;0;0;0;0;0;0;0;0;0;0;0;0;0;0;0;0;0;0;0;0;0;0;0;0;0;0
09.01.2024;21:10;A 20;1;2;46;2;57;3;5;4;6;0;0;7;8;0;0;1;1;2;1;2;9;2;2;1;86;1;4;1;1;3;47;2;44;3;60;4;30;3;4;1;0;0;0;0;0;0;0;0;0;0;0;0;0;0;0;0;0;1;7;0;0;0;0;2;2;0;0;0;0;0;0;0;0;0;0;0;0;0;0;0;0;0;0;0;0;0;0;0;0;0;0;0;0;0;0
09.01.2024;21:09;A 20;1;1;33;1;23;1;1;0;0;0;0;0;0;0;0;0;0;1;5;2;7;2;1;1;92;4;7;0;0;1;30;2;8;3;22;5;21;3;4;3;5;1;0;0;0;1;0;1;1;0;0;0;0;2;65;2;58;2;69;4;64;0;0;0;0;0;0;0;0;0;0;0;0;0;0;0;0;0;0;0;0;0;0;0;0;0;0;0;0;0;0;0;0;0;0
09.01.2024;21:08;A 20;1;1;78;4;69;3;4;4;5;0;0;4;3;0;0;1;0;1;9;1;20;2;1;3;6;0;0;0;0;2;5;0;0;3;13;0;0;2;2;0;0;0;0;0;0;0;0;0;0;0;32;0;0;2;5;2;3;1;17;0;0;3;5;1;1;1;1;0;0;0;0;0;0;0;0;0;0;0;0;0;0;0;0;0;0;0;0;0;0;0;0;0;0;0;0
09.01.2024;21:07;A 20;1;1;72;2;73;3;4;3;3;1;0;2;2;1;0;1;1;2;14;5;13;3;2;1;14;2;9;0;0;2;77;0;0;3;52;0;0;2;2;0;0;0;0;0;0;0;0;0;0;2;22;5;15;0;24;0;24;0;0;1;25;3;4;1;2;0;0;0;0;0;0;0;0;0;0;0;0;0;0;0;0;0;0;0;0;0;0;0;0;0;0;0;0;0;0
09.01.2024;21:06;A 20;1;3;57;2;49;5;7;4;5;1;3;4;9;1;1;1;1;3;3;1;14;4;4;1;27;1;2;1;0;4;53;1;0;3;65;1;5;3;7;5;2;0;0;0;0;0;0;0;0;0;0;0;0;1;11;1;4;1;11;1;11;5;7;2;0;1;1;0;0;0;0;0;0;1;5;0;0;0;0;0;0;0;0;0;0;0;0;0;0;0;0;0;0;0;0
09.01.2024;21:05;A 20;1;2;50;2;16;1;1;1;0;1;14;2;3;1;1;1;1;1;9;0;0;2;2;1;52;5;47;1;1;2;14;0;0;2;19;0;0;2;3;0;0;0;0;0;0;0;0;0;0;2;19;2;13;3;92;0;0;0;97;0;0;4;9;1;1;0;0;0;0;0;0;0;0;0;0;0;0;0;0;0;0;0;0;0;0;0;0;0;0;0;0;0;0;0;0
09.01.2024;21:04;A 20;1;1;43;3;24;1;1;3;3;0;0;0;0;0;0;1;0;1;1;2;4;1;2;1;1;1;2;0;0;2;23;1;20;5;21;1;2;3;3;1;0;0;0;0;0;0;0;0;0;0;0;0;0;1;21;0;0;3;27;0;0;1;2;0;0;0;0;0;0;1;1;0;0;0;0;0;0;0;0;0;0;0;0;0;0;0;0;0;0;0;0;0;0;0;0
09.01.2024;21:03;A 20;1;3;60;1;16;4;7;0;0;2;15;5;15;1;2;1;2;1;1;1;5;2;1;0;94;1;1;1;1;1;82;1;41;2;6;2;6;1;0;1;1;1;21;0;0;0;0;0;0;1;1;1;5;0;0;2;1;0;0;0;0;1;1;1;1;0;0;0;0;0;0;0;0;0;0;0;0;0;0;0;0;0;0;0;0;0;0;0;0;0;0;0;0;0;0
09.01.2024;21:02;A 20;1;0;100;0;100;3;6;4;8;0;0;2;2;1;1;1;1;2;11;2;17;1;1;5;71;3;59;4;6;0;83;1;84;0;0;4;9;0;0;1;1;1;82;0;0;2;3;2;2;0;0;0;0;1;9;0;7;1;12;0;7;2;3;3;4;0;0;0;0;0;0;0;0;0;0;0;0;0;0;0;0;0;0;0;0;0;0;0;0;0;0;0;0;0;0
09.01.2024;21:01;A 20;1;1;78;4;83;3;4;4;5;2;39;5;14;2;2;4;3;1;65;5;58;3;2;1;13;3;9;2;2;3;11;4;30;6;20;5;16;3;3;4;5;0;0;0;0;0;0;0;0;2;23;4;10;1;9;2;20;1;17;2;29;2;6;3;4;0;0;0;0;0;0;0;0;0;0;0;0;0;0;0;0;0;0;0;0;0;0;0;0;0;0;0;0;0;0
09.01.2024;21:00;A 20;1;3;32;1;27;3;3;2;2;0;62;1;0;0;0;0;0;2;42;4;47;2;2;0;1;0;0;0;0;1;29;1;27;2;13;1;4;1;1;1;1;0;0;0;0;0;0;0;0;2;52;1;60;2;68;1;89;5;49;4;12;3;3;0;0;0;0;0;0;0;0;0;0;0;0;0;0;0;0;0;0;0;0;0;0;0;0;0;0;0;0;0;0;0;0
09.01.2024;20:59;A 20;1;0;0;3;17;0;0;1;1;1;9;1;8;1;1;1;1;1;56;0;1;0;0;2;93;1;22;1;1;3;32;3;29;4;16;2;5;2;2;1;1;0;32;0;0;0;0;0;0;0;0;0;0;2;57;0;0;4;35;0;0;3;4;1;1;1;1;0;0;1;1;0;0;1;1;0;0;0;0;0;0;0;0;0;0;0;0;0;0;0;0;0;0;0;0
09.01.2024;20:58;A 20;1;0;0;1;1;0;0;1;0;0;11;0;9;0;0;0;0;2;35;1;45;1;1;2;2;5;10;2;1;2;33;2;84;3;29;2;58;3;4;3;4;1;40;0;0;1;0;1;1;1;12;1;2;1;34;0;33;3;38;0;33;4;9;4;7;0;0;0;0;0;0;0;0;0;0;0;0;0;0;0;0;0;0;0;0;0;0;0;0;0;0;0;0;0;0
09.01.2024;20:57;A 20;1;1;80;3;60;2;3;2;3;1;4;1;10;1;4;1;3;2;18;2;26;3;3;1;39;2;7;1;1;4;7;0;0;4;67;0;0;3;3;0;0;0;0;0;0;0;0;0;0;1;47;1;4;2;61;3;1;2;59;2;10;3;3;0;0;0;0;0;0;1;1;0;0;0;0;0;0;0;0;0;0;0;0;0;0;0;0;0;0;0;0;0;0;0;0
09.01.2024;20:56;A 20;1;4;42;3;37;4;4;2;2;2;40;3;10;2;2;2;3;2;29;3;47;2;2;2;32;3;14;1;1;2;19;3;2;3;15;4;6;2;2;3;3;0;0;0;0;0;0;0;0;2;73;0;74;0;100;0;0;0;100;0;100;1;1;3;4;0;0;0;0;0;0;0;0;0;0;0;0;0;0;0;0;0;0;0;0;0;0;0;0;0;0;0;0;0;0
09.01.2024;20:55;A 20;1;0;27;1;6;1;2;1;1;0;0;1;0;0;0;0;0;3;41;2;52;3;3;2;43;6;50;3;3;4;26;2;8;2;33;1;11;2;22;0;0;1;41;0;0;1;6;1;4;1;10;2;7;1;2;2;3;1;11;1;5;1;1;1;1;0;0;0;0;0;0;0;0;0;0;0;0;0;0;0;0;0;0;0;0;0;0;0;0;0;0;0;0;0;0
09.01.2024;20:54;A 20;1;1;20;3;14;2;2;1;1;1;1;1;3;1;1;1;1;0;0;1;2;1;0;1;26;2;6;1;1;2;45;0;0;2;54;1;0;4;7;1;1;0;25;0;0;0;0;0;0;1;30;1;3;2;56;0;0;0;60;0;0;5;8;2;3;0;0;0;0;0;0;0;0;1;1;0;0;0;0;0;0;0;0;0;0;0;0;0;0;0;0;0;0;0;0
09.01.2024;20:53;A 20;1;1;89;2;79;5;54;5;10;0;0;4;4;0;0;1;0;1;10;0;11;0;0;2;57;1;60;1;1;2;90;2;89;2;88;1;93;3;25;1;2;1;67;0;0;1;1;1;0;3;3;4;11;4;27;1;0;8;33;1;3;2;2;1;1;0;0;0;0;0;0;0;0;0;0;0;0;0;0;0;0;0;0;0;0;0;0;0;0;0;0;0;0;0;0
09.01.2024;20:52;A 20;1;2;65;2;4;1;1;1;0;0;0;2;0;0;0;0;0;1;50;3;32;2;2;1;49;3;31;2;1;1;16;2;6;1;8;5;12;1;1;3;3;0;0;0;0;0;0;0;0;0;0;0;0;0;0;0;0;0;0;0;0;0;0;2;3;0;0;0;0;1;1;0;0;0;0;0;0;1;1;0;0;0;0;0;0;0;0;0;0;0;0;0;0;0;0
09.01.2024;20:51;A 20;1;2;37;0;23;2;2;0;0;0;0;0;0;0;0;0;0;3;45;2;58;3;3;1;27;4;8;2;1;5;17;2;14;4;19;2;5;4;3;2;2;0;49;0;0;0;0;0;0;1;33;1;42;1;67;1;73;2;6;1;78;2;4;1;1;0;0;0;0;0;0;0;0;0;0;0;0;0;0;0;0;0;0;0;0;0;0;0;0;0;0;0;0;0;0
09.01.2024;20:50;A 20;1;1;18;1;72;1;1;3;3;0;39;0;0;0;0;0;0;2;70;1;72;0;0;0;0;0;0;0;0;2;79;2;51;6;24;4;13;3;3;2;2;1;52;0;0;1;1;1;1;1;26;2;6;1;0;1;61;2;5;1;10;4;7;3;4;0;0;0;0;0;0;0;0;0;0;0;0;0;0;0;0;0;0;0;0;0;0;0;0;0;0;0;0;0;0
09.01.2024;20:49;A 20;1;2;67;1;71;2;2;2;2;3;35;4;32;1;1;1;1;8;61;4;87;6;6;0;0;0;0;0;0;1;67;0;0;2;8;2;6;1;1;0;0;2;72;0;0;2;2;2;2;0;0;0;0;2;28;1;23;2;36;3;11;4;7;2;3;0;0;0;0;0;0;0;0;0;0;0;0;0;0;0;0;0;0;0;0;0;0;0;0;0;0;0;0;0;0
09.01.2024;20:48;A 20;1;2;13;3;33;1;1;2;1;1;25;4;15;3;3;3;4;1;51;2;35;5;6;0;0;0;0;0;0;3;2;3;65;4;15;7;13;3;3;3;3;1;30;0;0;1;1;1;0;0;0;0;0;2;20;4;6;1;4;2;18;2;3;4;6;0;0;0;0;0;0;0;0;0;0;0;0;0;0;0;0;0;0;0;0;0;0;0;0;0;0;0;0;0;0
09.01.2024;20:47;A 20;1;0;57;1;52;1;2;1;1;0;0;0;0;0;0;0;0;1;55;3;7;1;1;0;0;0;0;0;0;3;3;0;0;5;18;3;3;3;3;0;0;2;46;0;0;2;2;2;2;1;3;2;59;1;53;1;47;1;6;2;6;0;0;1;1;0;0;0;0;0;0;0;0;0;0;0;0;0;0;0;0;0;0;0;0;0;0;0;0;0;0;0;0;0;0
09.01.2024;20:46;A 20;1;1;78;1;65;3;4;1;1;0;67;0;0;0;0;0;0;1;54;1;8;1;0;0;6;0;0;0;0;0;29;0;0;0;0;1;3;0;0;0;0;2;65;0;0;1;1;0;0;1;6;1;11;2;4;1;9;0;0;1;9;2;4;1;1;0;0;0;0;0;0;0;0;0;0;0;0;0;0;0;0;0;0;0;0;0;0;0;0;0;0;0;0;0;0
09.01.2024;20:45;A 20;1;1;34;3;44;1;4;2;2;3;40;3;25;2;2;2;2;4;48;0;60;1;1;1;40;3;4;1;1;1;17;0;0;2;7;1;4;1;1;0;0;0;22;0;0;1;1;2;3;1;1;0;0;3;15;2;9;4;14;1;18;5;10;3;5;0;0;0;0;0;0;0;0;0;0;0;0;0;0;0;0;0;0;0;0;0;0;0;0;0;0;0;0;0;0
09.01.2024;20:44;A 20;1;1;14;3;28;1;0;1;1;2;31;7;26;2;2;2;3;6;7;2;28;10;11;0;0;0;0;0;0;2;13;2;48;3;17;4;56;2;3;2;1;3;28;0;0;2;2;2;2;0;0;0;0;2;41;1;41;1;46;1;28;6;11;4;7;0;0;1;1;0;0;1;1;0;0;1;1;0;0;1;1;0;0;0;0;0;0;0;0;0;0;0;0;0;0
09.01.2024;20:43;A 20;1;1;96;2;12;3;3;0;0;1;93;5;30;1;2;1;1;5;5;6;23;4;4;0;0;0;0;0;0;2;79;2;5;3;45;1;66;2;3;1;2;1;68;0;0;2;2;2;2;0;0;0;0;2;45;3;22;3;33;1;26;6;13;2;2;1;1;0;0;0;0;0;0;0;0;0;0;0;0;0;0;0;0;0;0;0;0;0;0;0;0;0;0;0;0
09.01.2024;20:42;A 20;1;3;15;2;95;2;1;3;4;5;84;6;83;4;4;3;4;1;0;2;5;1;1;0;0;0;0;0;0;3;57;0;0;5;48;5;9;2;2;1;1;2;39;0;0;2;3;2;3;3;26;3;46;1;24;1;67;5;59;1;72;4;4;3;4;0;0;0;0;0;0;0;0;0;0;0;0;0;0;0;0;0;0;0;0;0;0;0;0;0;0;0;0;0;0
09.01.2024;20:41;A 20;1;5;25;2;48;2;2;3;2;1;28;5;6;2;2;4;5;2;26;4;24;3;3;0;0;0;0;0;0;6;52;4;5;4;51;5;14;5;31;3;3;0;0;0;0;0;0;0;0;0;0;0;0;2;75;1;72;3;53;2;77;5;7;2;3;0;0;0;0;0;0;0;0;0;0;0;0;0;0;0;0;0;0;0;0;0;0;0;0;0;0;0;0;0;0
09.01.2024;20:40;A 20;1;2;43;1;35;2;2;2;2;4;49;2;35;2;2;3;3;0;0;0;0;0;0;0;0;0;0;0;0;5;77;3;12;2;50;2;21;5;12;2;8;1;47;0;0;1;1;1;1;0;0;0;0;1;76;0;0;1;77;0;0;4;6;4;4;0;0;0;0;0;0;0;0;0;0;0;0;0;0;0;0;0;0;0;0;0;0;0;0;0;0;0;0;0;0
09.01.2024;20:39;A 20;1;4;23;1;88;1;1;2;3;1;85;3;60;3;4;3;4;3;15;5;12;2;2;1;26;4;7;2;2;1;95;1;34;2;93;1;40;3;5;3;27;1;49;0;0;1;1;1;1;1;11;0;1;3;54;1;2;6;25;2;9;3;5;2;3;0;0;0;0;0;0;0;0;0;0;0;0;0;0;0;0;0;0;0;0;0;0;0;0;0;0;0;0;0;0
09.01.2024;20:38;A 20;1;3;53;2;48;2;4;1;1;1;55;2;9;1;1;2;2;3;4;4;13;4;5;1;8;2;6;1;1;1;74;0;0;2;5;0;0;2;1;0;0;0;0;0;0;0;0;0;0;1;1;3;8;2;47;1;2;3;10;0;2;5;9;4;7;0;0;0;0;0;0;0;0;0;0;0;0;0;0;0;0;0;0;0;0;0;0;0;0;0;0;0;0;0;0
09.01.2024;20:37;A 20;1;1;39;0;80;1;0;2;1;3;78;2;83;2;38;2;3;2;81;2;60;2;2;0;0;0;0;0;0;7;43;3;23;5;56;4;48;6;10;2;2;3;73;0;0;3;5;3;3;0;0;0;0;2;74;1;53;4;29;1;62;5;5;1;1;0;0;0;0;0;0;0;0;0;0;0;0;1;1;0;0;0;0;0;0;0;0;0;0;0;0;0;0;0;0
09.01.2024;20:36;A 20;1;2;62;1;37;3;4;0;0;2;56;1;61;2;7;2;6;1;34;4;6;2;1;1;83;2;14;0;0;2;74;1;0;4;37;3;6;3;4;1;0;2;66;0;0;1;1;1;1;0;0;0;0;2;52;1;0;2;13;0;0;2;3;3;5;0;0;0;0;0;0;0;0;0;0;0;0;0;0;0;0;0;0;0;0;0;0;0;0;0;0;0;0;0;0
09.01.2024;20:35;A 20;1;2;30;3;48;2;2;2;2;1;79;5;46;2;2;2;2;1;1;1;6;1;0;1;38;3;5;2;2;2;9;1;0;4;10;3;8;2;2;1;1;1;24;0;0;2;2;2;2;2;3;1;3;4;4;3;30;3;22;3;39;6;12;6;9;0;0;0;0;0;0;0;0;1;1;0;0;1;1;0;0;0;0;0;0;0;0;0;0;0;0;0;0;0;0
09.01.2024;20:34;A 20;1;2;49;2;29;2;2;2;2;0;0;0;0;0;0;0;0;2;2;0;1;0;0;1;25;3;3;1;1;2;35;1;58;5;17;1;0;3;3;1;0;0;95;0;0;0;0;0;0;1;52;2;25;0;0;2;58;0;0;1;59;1;1;0;0;0;0;0;0;0;0;0;0;0;0;0;0;0;0;0;0;0;0;0;0;0;0;0;0;0;0;0;0;0;0
09.01.2024;20:33;A 20;1;1;43;1;13;1;0;1;0;2;64;2;61;1;1;1;1;2;32;5;52;5;5;4;87;1;15;1;0;2;32;1;56;0;33;2;4;0;0;1;1;1;47;0;0;0;0;0;0;0;0;0;0;52;18;0;0;1;7;0;0;1;1;1;1;0;0;0;0;0;0;0;0;0;0;0;0;0;0;0;0;0;0;0;0;0;0;0;0;0;0;0;0;0;0
09.01.2024;20:32;A 20;1;1;54;2;20;3;4;1;1;1;29;2;18;2;2;2;2;4;53;1;41;3;3;1;95;1;44;4;5;3;43;2;34;6;35;4;9;5;6;2;2;1;23;0;0;1;1;1;1;1;27;1;9;2;16;3;37;1;14;3;23;3;4;1;1;0;0;0;0;0;0;0;0;0;0;0;0;0;0;0;0;0;0;0;0;0;0;0;0;0;0;0;0;0;0
09.01.2024;20:31;A 20;1;1;15;3;11;1;3;1;1;0;0;0;0;0;0;0;0;1;22;1;24;1;1;1;66;2;7;1;1;0;0;0;0;0;0;2;5;0;0;0;0;1;45;0;0;2;3;2;3;2;45;2;10;1;21;0;0;2;3;0;0;5;6;1;1;0;0;0;0;0;0;0;0;1;1;0;0;0;0;0;0;0;0;0;0;0;0;0;0;0;0;0;0;0;0
09.01.2024;20:30;A 20;1;2;43;0;0;3;3;0;0;0;0;0;0;0;0;0;0;3;52;6;12;2;2;2;33;2;29;1;0;2;54;2;2;0;59;3;52;0;0;1;2;2;56;0;0;2;2;2;2;1;76;2;5;1;73;0;0;2;6;0;0;5;8;3;4;0;0;0;0;0;0;0;0;0;0;0;0;0;0;0;0;0;0;0;0;0;0;0;0;0;0;0;0;0;0
09.01.2024;20:29;A 20;1;2;14;2;17;1;1;1;1;1;16;3;4;1;1;1;1;1;3;3;27;4;4;1;44;1;51;3;2;2;22;0;9;3;32;0;0;3;6;1;1;0;0;0;0;0;0;0;0;1;51;1;5;6;89;2;3;1;33;3;11;1;1;1;2;0;0;0;0;0;0;0;0;0;0;0;0;0;0;0;0;0;0;0;0;0;0;0;0;0;0;0;0;0;0
09.01.2024;20:28;A 20;1;0;0;0;0;0;0;0;0;0;4;0;0;0;0;0;0;4;35;4;45;2;2;3;78;1;12;1;1;1;95;1;17;2;15;2;4;1;1;1;1;0;0;0;0;0;0;0;0;2;11;2;6;1;32;0;29;1;43;0;0;2;2;1;1;0;0;0;0;0;0;0;0;0;0;0;0;0;0;0;0;0;0;0;0;0;0;0;0;0;0;0;0;0;0
09.01.2024;20:27;A 20;1;3;38;5;38;3;2;2;2;1;34;3;2;1;1;1;1;2;33;2;57;4;4;1;78;1;25;2;2;2;67;4;63;5;57;4;19;3;3;3;4;0;0;0;0;0;0;0;0;0;0;0;0;3;31;1;30;6;44;3;25;2;6;2;2;0;0;0;0;0;0;0;0;0;0;0;0;0;0;0;0;0;0;0;0;0;0;0;0;0;0;0;0;0;0
09.01.2024;20:26;A 20;1;1;45;1;17;3;3;1;1;0;0;1;0;0;0;0;0;2;80;2;85;3;3;1;84;3;5;1;0;4;59;1;29;2;44;3;6;4;6;2;2;1;54;0;0;1;1;0;0;1;2;2;5;2;10;2;68;1;28;3;42;4;7;1;1;0;0;0;0;0;0;0;0;0;0;0;0;0;0;0;0;0;0;0;0;0;0;0;0;0;0;0;0;0;0
09.01.2024;20:25;A 20;1;1;24;0;3;2;1;0;0;2;31;2;15;0;0;0;0;6;57;1;75;6;5;1;66;3;29;3;3;2;25;2;31;3;11;2;4;2;2;1;1;2;40;0;0;1;4;1;1;0;0;0;0;2;71;2;35;1;37;1;41;1;0;3;3;0;0;0;0;0;0;0;0;0;0;0;0;0;0;0;0;0;0;0;0;0;0;0;0;0;0;0;0;0;0
09.01.2024;20:24;A 20;1;4;17;2;28;1;1;2;2;0;0;1;2;2;1;2;3;3;17;5;28;3;3;1;42;2;7;0;0;2;54;4;52;5;15;6;71;2;2;4;6;1;90;0;0;3;19;2;5;0;0;0;0;3;72;1;12;1;34;0;15;4;7;1;1;0;0;0;0;0;0;0;0;0;0;0;0;0;0;0;0;0;0;0;0;0;0;0;0;0;0;0;0;0;0
09.01.2024;20:23;A 20;1;3;41;2;25;3;3;2;2;1;14;3;3;1;1;1;1;2;52;6;41;2;2;0;0;0;0;1;1;2;25;3;5;4;19;4;33;2;3;1;2;1;29;0;0;1;1;1;1;2;3;2;11;3;73;1;1;4;45;2;3;3;6;3;4;0;0;0;0;0;0;0;0;0;0;0;0;0;0;0;0;0;0;0;0;0;0;0;0;0;0;0;0;0;0
09.01.2024;20:22;A 20;1;0;57;4;55;2;1;4;3;3;44;4;13;3;5;2;5;1;80;2;84;2;1;0;4;0;0;0;0;3;36;4;35;1;39;2;47;0;0;4;8;1;22;0;0;1;1;1;1;0;0;0;0;1;71;0;0;2;42;1;4;7;12;2;3;0;0;0;0;1;1;0;0;0;0;0;0;0;0;0;0;0;0;0;0;0;0;0;0;0;0;0;0;0;0
09.01.2024;20:21;A 20;1;8;60;2;33;2;4;3;3;2;30;6;14;1;1;1;1;6;71;2;40;5;6;1;39;1;9;1;1;1;81;1;34;3;50;3;11;4;6;3;5;0;0;0;0;0;0;0;0;0;37;0;0;3;68;2;65;2;69;2;52;4;6;5;7;0;0;0;0;0;0;0;0;0;0;0;0;0;0;0;0;0;0;0;0;0;0;0;0;0;0;0;0;0;0
09.01.2024;20:20;A 20;1;0;100;2;24;3;84;3;2;1;9;3;3;2;2;2;3;1;36;1;17;2;1;1;63;0;62;0;0;3;87;3;57;6;51;2;69;2;4;3;5;0;0;0;0;0;0;0;0;3;13;1;13;6;56;3;56;2;44;6;49;4;4;3;4;1;1;0;0;0;0;0;0;1;1;0;0;0;0;0;0;0;0;0;0;0;0;0;0;0;0;0;0;0;0
09.01.2024;20:19;A 20;1;1;87;0;76;5;7;6;18;1;76;4;9;1;1;1;1;1;36;1;4;1;1;2;55;4;44;2;2;3;57;3;58;2;61;2;46;3;6;2;3;0;0;0;0;0;0;0;0;1;42;1;48;1;39;1;54;2;40;4;55;2;3;3;4;0;0;0;0;0;0;0;0;0;0;0;0;0;0;0;0;0;0;0;0;0;0;0;0;0;0;0;0;0;0
09.01.2024;20:18;A 20;1;3;31;3;27;2;2;2;2;0;52;0;0;0;0;0;0;1;6;2;3;0;0;0;0;0;0;2;2;6;68;6;66;3;31;7;28;3;10;6;7;2;47;0;0;2;5;1;4;2;14;2;10;2;38;1;47;3;36;1;53;5;8;2;2;0;0;0;0;1;1;0;0;0;0;0;0;1;2;0;0;0;0;0;0;0;0;0;0;0;0;0;0;0;0
09.01.2024;20:17;A 20;1;1;20;2;51;1;1;2;2;2;77;6;10;2;2;1;1;0;40;0;0;0;0;2;35;3;16;2;2;1;80;1;70;8;59;4;19;6;10;2;2;1;1;0;0;1;0;2;2;0;16;0;0;1;44;4;44;1;4;4;49;8;11;7;10;0;0;0;0;0;0;0;0;0;0;0;0;0;0;0;0;0;0;0;0;0;0;0;0;0;0;0;0;0;0
09.01.2024;20:16;A 20;1;4;65;5;29;3;4;1;1;2;36;4;7;1;1;2;2;5;66;4;47;2;2;0;0;0;0;0;0;3;82;1;0;2;82;1;1;3;4;1;1;0;0;0;0;0;0;0;0;1;25;3;6;1;28;2;49;1;10;2;46;3;3;2;3;0;0;0;0;0;0;0;0;0;0;0;0;0;0;0;0;0;0;0;0;0;0;0;0;0;0;0;0;0;0
09.01.2024;20:15;A 20;1;1;98;0;91;5;11;3;56;1;34;6;14;2;2;2;3;2;31;1;36;4;4;0;37;0;0;0;0;5;40;5;40;5;41;3;21;5;7;3;5;1;79;0;0;2;1;1;1;2;10;0;18;3;3;0;0;1;8;0;0;1;1;2;3;0;0;0;0;0;0;0;0;0;0;0;0;0;0;0;0;0;0;0;0;0;0;0;0;0;0;0;0;0;0
09.01.2024;20:14;A 20;1;3;66;1;81;5;5;5;4;4;38;5;45;4;7;4;6;1;42;4;43;2;2;1;52;3;7;1;1;4;13;2;2;5;22;4;10;3;3;3;2;2;70;0;0;1;1;0;0;2;7;3;11;0;0;2;49;2;15;3;7;3;4;5;7;0;0;0;0;0;0;0;0;0;0;0;0;0;0;0;0;0;0;0;0;0;0;0;0;0;0;0;0;0;0
09.01.2024;20:13;A 20;1;1;32;2;27;1;13;1;1;0;0;0;0;0;0;0;0;3;76;1;78;1;1;0;0;0;0;0;0;2;5;1;5;2;14;3;13;1;1;1;0;2;9;0;0;4;3;3;3;1;46;2;2;2;53;3;2;2;74;3;8;3;10;3;5;0;0;0;0;0;0;0;0;0;0;0;0;0;0;0;0;0;0;0;0;0;0;0;0;0;0;0;0;0;0
09.01.2024;20:12;A 20;1;0;100;0;100;4;77;2;6;3;6;2;10;1;1;1;1;4;39;4;56;5;5;1;74;4;13;1;1;0;100;1;47;3;35;3;33;2;2;2;2;1;6;0;0;0;0;0;0;3;38;5;12;2;62;4;39;2;11;1;50;4;6;7;10;0;0;0;0;0;0;0;0;0;0;0;0;0;0;0;0;0;0;0;0;0;0;0;0;0;0;0;0;0;0
09.01.2024;20:11;A 20;1;1;97;1;89;2;2;3;5;2;98;0;100;2;3;2;2;1;52;4;32;4;6;5;47;5;49;2;1;3;53;2;32;4;44;6;17;3;3;3;3;2;42;0;0;2;2;2;1;1;44;1;3;1;64;1;56;2;6;1;61;5;9;3;5;0;0;1;1;0;0;0;0;0;0;1;1;0;0;0;0;0;0;0;0;0;0;0;0;0;0;0;0;0;0
09.01.2024;20:10;A 20;1;5;70;3;36;5;6;3;4;0;0;4;4;3;3;5;5;2;72;5;37;1;1;1;37;1;6;3;3;1;18;2;8;2;5;2;8;1;0;2;2;0;0;0;0;0;0;0;0;1;1;1;2;4;38;2;47;1;52;1;56;0;0;2;4;0;0;0;0;0;0;0;0;0;0;0;0;0;0;0;0;0;0;0;0;0;0;0;0;0;0;0;0;0;0
09.01.2024;20:09;A 20;1;9;57;5;37;2;1;5;4;2;43;3;24;1;0;1;1;0;0;0;0;1;0;1;58;1;8;1;1;4;23;1;1;2;22;2;6;2;4;0;0;2;2;0;0;2;2;2;2;2;22;1;27;0;0;0;0;0;0;0;0;5;10;1;1;0;0;0;0;0;0;0;0;0;0;0;0;0;0;0;0;0;0;0;0;0;0;0;0;0;0;0;0;0;0
09.01.2024;20:08;A 20;1;6;38;3;45;2;2;0;0;2;48;7;19;5;4;3;4;0;0;0;0;0;0;0;0;0;0;0;0;1;4;3;74;2;82;3;68;4;44;4;5;0;0;0;0;1;1;1;1;0;0;0;0;0;47;1;27;0;0;1;31;3;7;4;8;0;0;0;0;0;0;0;0;0;0;0;0;0;0;0;0;0;0;0;0;0;0;0;0;0;0;0;0;0;0
09.01.2024;20:07;A 20;1;10;81;3;29;2;2;1;1;1;64;1;5;1;1;1;1;3;5;2;11;0;0;1;48;1;46;0;0;5;54;4;45;5;65;6;47;5;8;4;6;0;0;0;0;0;0;0;0;0;0;0;0;3;25;0;4;5;17;0;0;2;2;2;2;0;0;0;0;0;0;0;0;0;0;0;0;0;0;0;0;0;0;0;0;0;0;0;0;0;0;0;0;0;0
09.01.2024;20:06;A 20;1;9;51;3;38;2;1;2;1;2;60;7;46;2;2;2;2;1;63;2;44;4;4;1;93;2;25;1;0;7;17;2;10;4;35;0;74;5;7;0;0;3;83;0;0;2;14;1;3;2;20;2;7;0;100;1;36;1;41;1;11;1;0;2;4;0;0;0;0;0;0;0;0;0;0;0;0;0;0;0;0;0;0;0;0;0;0;0;0;0;0;0;0;0;0
09.01.2024;20:05;A 20;1;2;35;2;10;1;1;1;1;0;5;0;0;0;0;0;0;2;6;5;15;1;0;3;20;4;24;5;6;1;33;1;81;6;20;4;51;3;4;5;8;1;50;0;0;2;8;2;5;1;1;1;2;5;46;1;33;3;58;2;35;3;5;3;5;0;0;0;0;0;0;0;0;0;0;0;0;2;3;0;0;0;0;0;0;0;0;0;0;0;0;0;0;0;0
09.01.2024;20:04;A 20;1;0;93;1;87;5;14;4;73;0;100;3;11;0;0;0;0;2;7;1;9;0;0;2;35;4;14;1;1;1;70;1;44;3;58;1;7;1;1;1;1;0;0;0;0;0;0;0;0;0;0;0;0;1;59;3;60;2;45;3;68;3;4;3;3;0;0;0;0;0;0;0;0;0;0;0;0;0;0;0;0;0;0;0;0;0;0;0;0;0;0;0;0;0;0
09.01.2024;20:03;A 20;1;3;52;5;37;2;2;2;2;3;12;5;11;3;3;3;3;1;5;1;16;2;0;2;2;0;0;1;1;5;38;5;31;3;43;2;39;2;2;1;32;1;44;0;0;1;1;1;1;0;78;0;0;1;76;1;74;2;9;1;79;1;1;3;4;0;0;0;0;0;0;0;0;0;0;0;0;1;1;0;0;0;0;0;0;0;0;0;0;0;0;0;0;0;0
09.01.2024;20:02;A 20;1;2;27;3;9;1;1;1;1;0;17;1;2;0;0;0;0;4;25;6;15;5;6;4;63;3;66;4;4;2;89;1;46;3;63;2;32;4;5;5;13;0;0;0;0;0;0;0;0;1;30;1;4;1;0;2;2;1;4;3;6;5;9;2;3;0;0;0;0;1;3;0;0;0;0;0;0;0;1;0;0;0;0;0;0;0;0;0;0;0;0;0;0;0;0
09.01.2024;20:01;A 20;1;2;33;3;23;3;4;3;4;1;32;3;7;1;1;1;1;1;1;3;3;1;1;0;58;0;0;0;0;3;80;2;81;1;88;0;86;3;4;1;2;0;0;0;0;0;0;0;0;3;36;3;31;3;10;1;4;0;15;1;8;4;7;3;4;0;0;0;0;1;0;0;0;0;0;0;0;1;0;0;0;0;0;0;0;0;0;0;0;0;0;0;0;0;0
09.01.2024;20:00;A 20;1;1;19;5;51;2;2;3;2;3;76;3;53;3;3;3;4;0;0;0;0;0;0;1;46;3;7;1;1;6;11;3;39;6;29;4;13;4;8;2;2;2;76;0;0;0;0;0;0;2;79;1;90;0;100;1;69;1;78;2;58;5;9;6;9;0;0;0;0;2;3;0;0;0;0;0;0;0;0;0;0;0;0;0;0;0;0;0;0;0;0;0;0;0;0
09.01.2024;19:59;A 20;1;1;40;2;19;2;5;1;1;2;13;3;5;1;1;2;2;7;51;0;68;4;4;0;74;0;0;0;0;2;72;1;97;2;67;3;86;6;27;3;5;3;93;0;0;4;7;3;5;1;13;0;11;3;57;2;41;3;15;0;47;7;11;6;8;0;0;0;0;0;0;0;0;0;0;0;0;0;0;0;0;0;0;0;0;0;0;0;0;0;0;0;0;0;0
09.01.2024;19:58;A 20;1;7;73;8;61;5;33;2;1;1;38;2;0;2;1;2;2;0;100;1;92;2;2;2;49;1;9;1;1;6;31;3;34;1;45;1;31;2;5;1;0;0;100;0;0;0;0;1;0;1;66;2;71;1;94;1;81;2;18;2;84;3;6;1;2;0;0;0;0;1;1;0;0;0;0;0;0;0;0;0;0;0;0;0;0;0;0;0;0;0;0;0;0;0;0
09.01.2024;19:57;A 20;1;0;100;3;87;4;66;2;3;3;16;0;21;0;0;0;0;5;61;1;73;5;6;2;95;0;99;2;2;1;76;1;98;3;74;2;38;5;30;5;6;5;53;0;0;4;9;4;6;0;0;0;0;1;49;2;52;1;52;0;56;5;7;6;7;0;0;0;0;0;0;0;0;0;0;0;0;0;0;0;0;0;0;0;0;0;0;0;0;0;0;0;0;0;0
09.01.2024;19:56;A 20;1;1;62;0;100;2;2;0;0;0;100;0;100;1;3;0;0;1;25;4;15;3;2;3;20;4;22;2;3;5;41;3;39;5;26;5;20;4;4;3;3;0;100;0;0;2;4;1;0;0;0;0;0;1;30;1;26;1;38;3;30;1;1;5;9;0;0;0;0;2;3;0;0;0;0;0;0;0;0;0;0;0;0;0;0;0;0;0;0;0;0;0;0;0;0
09.01.2024;19:55;A 20;1;1;52;2;29;2;2;2;2;1;47;5;8;3;5;4;6;3;49;1;33;4;3;0;100;3;24;2;2;1;62;1;48;3;18;5;13;2;2;2;2;4;22;0;0;1;1;1;1;3;32;1;30;2;17;1;0;2;12;1;9;4;7;0;0;0;0;0;0;0;0;0;0;0;0;0;0;0;0;0;0;0;0;0;0;0;0;0;0;0;0;0;0;0;0
09.01.2024;19:54;A 20;1;2;51;2;22;3;4;2;3;1;52;1;4;1;1;1;1;2;75;4;11;2;2;4;69;2;47;3;3;3;4;0;59;5;18;4;17;3;3;0;0;1;80;0;0;4;7;3;4;1;78;1;85;0;0;0;0;0;0;0;0;0;0;0;0;0;0;0;0;0;0;0;0;0;0;0;0;0;0;0;0;0;0;0;0;0;0;0;0;0;0;0;0;0;0
09.01.2024;19:53;A 20;1;1;19;0;0;1;2;0;0;2;26;0;29;0;0;0;0;1;56;2;48;0;0;1;77;2;19;1;1;0;0;1;30;0;0;2;4;0;0;1;1;1;25;0;0;0;0;0;0;0;0;0;0;2;54;2;54;3;9;1;55;4;7;4;5;0;0;0;0;0;0;0;0;0;0;0;0;0;0;0;0;0;0;0;0;0;0;0;0;0;0;0;0;0;0
09.01.2024;19:52;A 20;1;1;90;1;91;4;7;8;54;1;66;1;71;3;3;3;4;3;21;8;25;4;5;3;25;4;31;3;3;4;72;2;5;6;61;5;11;4;5;2;2;1;22;0;0;2;2;2;2;0;0;0;0;2;57;0;0;2;11;2;3;5;9;4;5;0;0;0;0;0;0;0;0;0;0;0;0;0;0;0;0;0;0;0;0;0;0;0;0;0;0;0;0;0;0
09.01.2024;19:51;A 20;1;3;50;4;79;3;4;4;7;4;55;1;44;2;3;2;2;3;91;0;96;0;0;0;0;1;77;3;3;2;17;0;0;1;10;0;0;1;1;0;0;0;52;0;0;0;0;0;0;1;62;2;47;1;86;3;87;2;86;0;94;4;5;1;1;0;0;0;0;0;0;0;0;0;0;0;0;0;0;0;0;0;0;0;0;0;0;0;0;0;0;0;0;0;0
09.01.2024;19:50;A 20;1;1;35;2;38;3;4;4;6;0;0;3;7;4;3;3;3;1;50;1;55;3;3;3;62;0;68;1;1;2;94;0;88;0;100;0;0;2;4;0;0;0;100;0;0;0;0;0;0;1;40;1;7;1;18;1;21;2;23;2;22;3;4;1;1;0;0;0;0;0;0;1;1;0;0;0;0;0;0;0;0;0;0;0;0;0;0;0;0;0;0;0;0;0;0
09.01.2024;19:49;A 20;1;1;20;1;15;1;1;0;0;1;61;1;0;1;0;1;1;1;0;3;2;1;1;1;53;4;43;3;4;8;51;5;29;7;64;2;22;5;13;1;8;3;51;0;0;3;5;3;4;4;52;3;57;2;95;2;67;0;98;1;78;6;8;2;3;0;0;0;0;1;1;0;0;0;0;1;1;1;1;0;0;0;0;0;0;0;0;0;0;0;0;0;0;0;0
09.01.2024;19:48;A 20;1;2;95;1;85;3;4;4;7;4;47;2;15;3;4;3;2;5;38;0;48;3;3;3;27;1;39;3;3;1;80;1;74;2;69;3;74;5;13;5;37;3;4;0;0;1;2;0;0;0;0;0;0;3;61;2;33;3;70;1;40;7;9;4;5;0;0;0;0;0;0;0;0;0;0;0;0;0;0;0;0;0;0;0;0;0;0;0;0;0;0;0;0;0;0
09.01.2024;19:47;A 20;1;1;54;0;100;2;39;1;2;1;98;0;100;1;0;1;1;0;100;0;100;1;1;3;3;2;9;0;0;6;35;4;33;4;48;3;44;5;7;2;2;1;63;0;0;3;4;4;5;0;0;0;0;1;37;1;49;3;40;2;45;0;0;1;1;0;0;0;0;0;0;0;0;0;0;0;0;0;0;0;0;0;0;0;0;0;0;0;0;0;0;0;0;0;0
09.01.2024;19:46;A 20;1;1;94;1;81;3;23;6;9;1;94;5;97;3;4;2;3;3;40;4;21;4;4;2;94;1;76;4;5;1;86;1;86;4;71;3;79;2;3;3;3;0;0;0;0;0;0;0;0;5;19;1;30;5;29;3;28;0;40;2;37;6;12;4;8;0;0;0;0;0;0;0;0;0;0;0;0;0;0;0;0;0;0;0;0;0;0;0;0;0;0;0;0;0;0
09.01.2024;19:45;A 20;1;4;41;4;32;5;3;5;4;0;0;0;0;1;1;2;3;1;71;4;25;2;2;1;31;3;6;1;1;9;43;3;30;4;57;3;6;6;19;3;3;0;0;0;0;0;0;0;0;1;74;1;81;1;80;1;99;3;78;0;100;3;3;0;0;0;0;0;0;0;0;0;0;0;0;0;0;1;1;0;0;0;0;0;0;0;0;0;0;0;0;0;0;0;0
09.01.2024;19:44;A 20;1;1;1;1;2;0;0;0;0;1;24;4;3;0;0;0;0;5;59;4;26;5;5;1;61;0;60;0;0;2;80;1;38;3;50;2;4;5;8;1;1;1;28;0;0;0;0;0;0;1;36;0;1;1;56;1;55;0;55;3;60;4;6;2;2;0;0;0;0;0;0;0;0;0;0;0;0;0;0;0;0;0;0;0;0;0;0;0;0;0;0;0;0;0;0
09.01.2024;19:43;A 20;1;3;40;3;75;4;4;3;4;0;0;0;0;2;1;1;1;1;42;4;6;1;1;3;85;8;25;3;4;4;56;2;53;3;62;2;25;3;6;1;1;0;100;0;0;0;0;0;0;1;30;3;13;1;33;1;35;4;36;2;23;3;6;0;0;0;0;0;0;0;0;0;0;0;0;0;0;0;0;0;0;0;0;0;0;0;0;0;0;0;0;0;0;0;0
09.01.2024;19:42;A 20;1;2;21;4;59;3;2;3;2;2;42;4;28;2;2;2;2;2;73;4;31;2;2;1;85;3;48;1;1;4;39;2;26;4;55;6;24;4;4;2;2;4;75;0;0;4;6;4;5;0;0;0;0;3;74;2;71;0;80;0;75;3;4;5;7;1;1;0;0;1;1;0;0;2;3;0;0;0;0;0;0;0;0;0;0;0;0;0;0;0;0;0;0;0;0
09.01.2024;19:41;A 20;1;1;89;4;33;2;3;4;4;1;24;4;4;1;1;1;1;5;12;7;26;3;4;3;45;0;49;1;1;5;85;7;81;0;98;8;59;4;57;8;15;1;77;0;0;2;2;2;2;0;0;0;0;4;16;2;21;3;15;1;28;7;12;3;5;0;0;1;1;0;0;0;0;0;0;1;1;0;0;0;0;0;0;0;0;0;0;0;0;0;0;0;0;0;0
09.01.2024;19:40;A 20;1;1;78;2;37;3;3;3;2;4;44;3;15;4;5;5;6;4;83;3;91;4;4;0;100;1;96;2;3;2;50;1;58;5;34;1;1;4;5;1;1;1;46;0;0;0;0;0;0;1;52;1;51;4;41;1;78;2;56;2;84;7;12;3;4;0;0;0;0;1;1;0;0;0;0;0;0;0;0;0;0;0;0;0;0;0;0;0;0;0;0;0;0;0;0
09.01.2024;19:39;A 20;1;1;82;2;73;4;9;4;6;1;63;2;5;1;1;1;1;4;29;3;20;4;4;1;57;2;7;2;2;5;84;1;1;0;94;4;10;4;9;1;1;1;36;0;0;2;3;2;3;1;21;1;27;2;12;3;24;0;17;1;31;3;3;6;9;0;0;0;0;0;0;0;0;0;0;0;0;0;0;0;0;0;0;0;0;0;0;0;0;0;0;0;0;0;0
09.01.2024;19:38;A 20;1;1;15;3;21;0;0;1;0;3;79;1;84;1;1;1;1;1;55;3;13;3;2;1;55;2;4;1;1;4;5;3;3;5;21;3;49;3;3;2;1;2;70;0;0;2;14;2;4;2;2;2;6;1;16;0;100;2;20;0;100;0;0;3;6;0;0;0;0;0;0;0;0;0;0;0;0;0;0;0;0;0;0;0;0;0;0;0;0;0;0;0;0;0;0
09.01.2024;19:37;A 20;1;1;68;3;72;2;6;4;8;1;72;5;51;4;7;3;3;4;15;5;26;2;2;2;16;5;21;2;2;0;100;1;97;1;52;3;71;2;2;4;5;1;25;0;0;1;6;1;3;1;1;1;2;2;14;4;43;1;20;3;58;3;4;3;4;0;0;0;0;0;0;0;0;0;0;0;0;0;0;0;0;0;0;0;0;0;0;0;0;0;0;0;0;0;0
09.01.2024;19:36;A 20;1;1;50;1;8;3;3;1;1;0;0;2;1;0;0;0;0;0;100;2;94;1;1;0;0;1;1;1;1;8;38;3;35;6;44;1;71;5;4;1;0;1;88;0;0;1;2;1;1;2;4;2;25;0;100;0;100;2;96;1;16;3;4;3;4;0;0;0;0;0;0;0;0;1;1;0;0;0;0;0;0;0;0;0;0;0;0;0;0;0;0;0;0;0;0
09.01.2024;19:35;A 20;1;3;27;1;6;1;1;0;0;2;8;0;7;0;0;0;0;7;57;3;67;5;5;0;93;0;0;0;0;1;67;1;73;1;80;4;47;4;8;5;8;1;6;0;0;1;5;2;1;2;16;2;17;4;40;4;18;3;47;6;12;10;19;4;6;0;0;0;0;0;0;0;0;0;0;0;0;0;0;0;0;0;0;0;0;0;0;0;0;0;0;0;0;0;0
09.01.2024;19:34;A 20;1;4;81;3;84;4;17;4;43;0;100;1;82;2;1;1;1;1;80;2;86;6;6;2;34;3;17;0;0;9;46;3;35;2;67;0;39;6;42;2;5;0;100;0;0;0;0;0;0;1;70;4;12;1;78;1;1;3;77;0;0;5;7;2;4;0;0;0;0;0;0;0;0;0;0;0;0;0;0;0;0;0;0;0;0;0;0;0;0;0;0;0;0;0;0
09.01.2024;19:33;A 20;1;1;93;1;87;5;9;6;25;1;44;3;70;4;3;3;3;6;6;8;28;6;7;0;100;1;34;1;1;1;87;1;12;3;95;5;89;3;19;2;2;3;34;0;0;1;1;1;1;1;19;0;18;3;47;0;42;0;51;0;43;5;10;5;11;0;0;0;0;0;0;1;1;0;0;0;0;0;0;0;0;0;0;0;0;0;0;0;0;0;0;0;0;0;0
09.01.2024;19:32;A 20;1;2;91;0;82;3;4;3;64;0;100;0;0;3;0;0;0;2;3;1;10;1;2;6;63;3;50;1;2;6;67;8;10;0;75;4;81;3;4;5;54;1;74;0;0;3;5;3;4;1;24;3;25;2;8;2;10;2;19;1;17;4;7;2;2;0;0;0;0;0;0;0;0;0;0;0;0;0;0;0;0;0;0;0;0;0;0;0;0;0;0;0;0;0;0
09.01.2024;19:31;A 20;1;4;38;3;77;2;3;4;6;5;73;3;38;6;5;3;3;0;0;0;0;1;1;1;79;1;87;6;7;1;31;0;0;2;12;5;36;2;3;4;3;3;31;0;0;1;0;0;0;1;32;1;4;2;23;0;0;2;19;1;0;3;4;3;5;0;0;0;0;0;0;0;0;0;0;0;0;0;0;0;0;0;0;0;0;0;0;0;0;0;0;0;0;0;0
09.01.2024;19:30;A 20;1;0;80;1;74;4;11;4;7;1;89;4;58;4;4;2;3;4;4;1;12;1;1;0;43;0;0;0;0;17;14;1;0;1;3;3;9;1;1;1;0;1;96;0;0;2;3;2;2;1;18;2;3;2;1;0;0;2;7;0;0;3;5;0;0;0;0;0;0;0;0;0;0;0;0;0;0;0;0;0;0;0;0;0;0;0;0;0;0;0;0;0;0;0;0
09.01.2024;19:29;A 20;1;2;10;1;2;1;1;1;0;0;42;0;0;0;0;1;1;4;7;3;97;7;7;1;58;2;8;1;1;2;55;1;0;4;16;3;7;2;2;1;0;2;42;0;0;2;3;1;0;0;0;0;0;1;74;1;1;1;10;1;3;2;2;1;1;0;0;0;0;0;0;0;0;0;0;0;0;0;0;0;0;0;0;0;0;0;0;0;0;0;0;0;0;0;0
09.01.2024;19:28;A 20;1;1;53;1;45;2;3;4;8;1;6;3;5;5;1;1;1;3;5;4;32;3;3;1;0;2;2;0;0;4;82;3;70;4;54;2;62;4;5;2;3;0;100;0;0;1;1;1;1;1;1;1;2;4;46;1;0;2;20;1;2;2;2;2;2;0;0;0;0;0;0;0;0;0;0;0;0;0;0;0;0;0;0;0;0;0;0;0;0;0;0;0;0;0;0
09.01.2024;19:27;A 20;1;1;36;0;20;4;4;2;2;1;73;1;65;0;0;0;0;1;13;1;13;2;2;0;0;0;0;0;0;7;39;7;9;5;43;6;37;4;19;3;3;7;75;0;0;4;8;3;3;0;64;0;64;0;100;1;24;0;100;1;29;5;11;3;7;0;0;0;0;0;0;0;0;0;0;0;0;0;0;0;0;0;0;0;0;0;0;0;0;0;0;0;0;0;0
09.01.2024;19:26;A 20;1;1;40;3;43;2;2;3;4;1;33;4;5;2;2;3;3;3;17;3;11;3;3;2;81;3;8;1;1;1;91;1;90;1;99;2;78;3;19;5;10;1;33;0;0;4;6;3;4;4;12;3;21;8;34;2;16;3;55;2;20;7;15;4;6;0;0;1;1;1;1;0;0;0;0;1;1;1;1;0;0;0;0;0;0;0;0;0;0;0;0;0;0;0;0
09.01.2024;19:25;A 20;1;1;55;0;37;3;40;1;3;3;89;0;91;2;2;1;1;0;100;0;0;0;0;2;3;2;9;1;1;6;33;3;27;3;47;3;30;4;32;2;1;2;87;0;0;2;3;0;1;2;80;2;92;1;78;1;40;6;44;1;45;3;4;2;1;0;0;0;0;2;3;1;1;0;0;0;0;0;0;1;1;0;0;0;0;0;0;0;0;0;0;0;0;0;0
09.01.2024;19:24;A 20;1;0;100;1;90;5;43;2;3;1;50;5;57;4;5;3;4;5;29;4;28;3;4;2;95;0;100;3;5;1;83;0;100;2;75;1;80;4;7;1;1;1;40;0;0;1;1;3;2;5;29;1;42;6;34;4;26;0;39;0;38;6;11;6;8;0;0;0;0;0;0;0;0;0;0;1;1;0;0;0;0;0;0;0;0;0;0;0;0;0;0;0;0;0;0
09.01.2024;19:23;A 20;1;3;79;3;71;4;3;1;1;2;92;2;24;1;1;1;1;1;56;3;6;2;1;6;40;3;57;3;3;5;59;6;62;2;69;4;62;3;57;6;10;0;94;0;0;0;0;0;0;1;62;2;61;1;49;1;74;2;54;3;78;8;15;1;1;1;3;0;0;0;0;0;0;1;1;0;0;0;0;0;0;0;0;0;0;0;0;0;0;0;0;0;0;0;0
09.01.2024;19:22;A 20;1;3;63;3;67;2;2;4;4;3;33;5;43;4;4;2;3;4;9;1;34;4;4;0;100;5;31;4;4;3;66;2;18;7;43;6;22;4;25;2;2;2;62;0;0;2;2;2;2;0;0;0;0;4;72;1;68;1;57;0;70;4;6;5;7;0;0;0;0;1;1;0;0;0;0;0;0;1;1;0;0;0;0;0;0;0;0;0;0;0;0;0;0;0;0
09.01.2024;19:21;A 20;1;0;97;0;88;3;63;5;33;1;70;5;41;6;4;3;4;3;4;6;45;4;5;6;59;4;56;4;5;5;75;3;68;4;90;2;72;4;3;2;1;0;100;0;0;0;0;0;0;1;2;1;3;3;57;3;17;4;12;3;25;10;18;6;9;0;0;0;0;1;1;0;0;0;0;0;0;0;0;0;0;0;0;0;0;0;0;0;0;0;0;0;0;0;0
09.01.2024;19:20;A 20;1;1;46;0;100;4;7;2;2;8;60;3;74;5;58;1;2;2;89;0;94;0;0;0;100;0;100;2;1;5;26;1;22;7;40;2;24;6;8;2;2;2;61;0;0;2;2;1;1;3;63;3;67;3;91;3;91;0;100;0;100;7;10;3;4;0;0;0;0;0;0;0;0;0;0;0;0;0;0;0;0;0;0;0;0;0;0;0;0;0;0;0;0;0;0
09.01.2024;19:19;A 20;1;5;82;3;86;5;8;4;7;1;66;7;59;5;45;8;14;3;14;3;32;6;6;4;60;4;70;3;3;6;82;1;79;3;90;0;77;6;11;0;0;1;49;0;0;1;1;2;1;1;38;3;23;4;67;4;54;3;57;3;68;4;13;3;3;0;0;1;1;0;0;0;0;0;0;0;0;1;1;0;0;0;0;0;0;0;0;0;0;0;0;0;0;0;0
09.01.2024;19:18;A 20;1;3;43;3;44;2;6;14;8;6;27;0;75;2;2;2;2;1;20;3;8;1;1;1;87;1;97;1;0;6;50;9;31;9;39;9;38;5;7;6;10;1;69;0;0;0;0;0;0;2;2;1;6;0;100;0;99;0;100;0;100;4;4;2;2;2;3;0;0;0;0;0;0;1;1;0;0;0;0;0;0;0;0;0;0;0;0;0;0;0;0;0;0;0;0
09.01.2024;19:17;A 20;1;0;100;0;100;2;10;10;6;1;85;1;95;3;5;1;1;6;5;3;19;5;5;6;67;1;76;6;7;1;97;1;96;0;100;0;100;2;90;2;67;1;68;0;0;2;4;2;3;1;1;1;4;1;18;1;23;1;25;1;32;6;13;2;2;0;0;0;0;0;0;0;0;0;0;0;0;0;0;0;0;0;0;0;0;0;0;0;0;0;0;0;0;0;0
09.01.2024;19:16;A 20;1;1;47;2;32;2;3;2;2;1;57;0;55;0;0;3;4;2;31;6;18;5;5;1;30;2;38;3;3;5;43;6;55;3;35;6;49;5;12;6;7;3;65;0;0;3;4;3;5;3;69;0;75;1;21;2;56;2;9;5;59;10;15;4;6;0;0;0;0;0;0;0;0;0;0;0;0;1;1;0;0;0;0;0;0;0;0;0;0;0;0;0;0;0;0
09.01.2024;19:15;A 20;1;2;92;1;96;3;4;2;2;1;83;4;37;2;2;2;2;15;25;1;58;9;13;1;22;2;11;1;1;2;63;2;62;6;28;4;70;3;4;5;8;1;23;0;0;1;1;1;1;2;30;5;27;4;12;3;8;0;22;0;18;5;7;2;2;0;0;0;0;0;0;0;0;1;1;0;0;0;0;0;0;0;0;0;0;0;0;0;0;0;0;0;0;0;0
09.01.2024;19:14;A 20;1;3;60;3;57;3;2;2;1;2;76;4;13;2;3;2;3;0;100;0;100;3;3;2;21;2;13;2;2;2;28;3;30;1;30;6;44;1;0;2;2;3;78;0;0;3;5;2;3;0;0;0;0;1;96;1;0;1;13;1;3;4;7;0;0;0;0;0;0;0;0;0;0;0;0;0;0;0;0;0;0;0;0;0;0;0;0;0;0;0;0;0;0;0;0
09.01.2024;19:13;A 20;1;1;35;2;92;3;4;3;4;6;49;5;30;2;20;2;2;5;12;3;29;8;8;1;53;0;100;0;0;1;53;1;21;3;26;6;40;2;2;2;2;7;23;0;0;3;28;1;1;6;42;4;55;5;62;2;58;1;76;0;63;1;0;3;3;0;0;0;0;0;0;0;0;0;0;0;0;0;0;0;0;0;0;0;0;0;0;0;0;0;0;0;0;0;0
09.01.2024;19:12;A 20;1;0;57;1;97;2;2;4;5;0;100;2;63;4;31;4;5;0;0;0;0;0;0;4;79;3;51;3;3;8;52;4;43;2;72;0;100;5;54;2;3;0;100;0;0;3;41;5;8;1;92;6;77;1;70;1;8;5;70;1;12;3;5;2;2;0;0;0;0;1;1;0;0;0;0;0;0;0;0;0;0;0;0;0;0;0;0;0;0;0;0;0;0;0;0
09.01.2024;19:11;A 20;1;5;30;3;14;2;2;0;0;2;74;7;33;1;0;1;1;7;14;7;35;7;8;0;100;2;19;4;4;2;42;1;47;5;46;2;52;5;8;3;4;1;36;0;0;2;2;2;1;6;77;3;88;1;61;1;59;0;61;5;56;3;3;5;6;0;0;0;0;3;5;0;0;0;0;0;0;0;0;0;0;0;0;0;0;0;0;0;0;0;0;0;0;0;0
09.01.2024;19:10;A 20;1;4;42;2;35;2;1;4;3;1;2;2;1;3;2;2;3;3;3;1;6;0;0;3;31;3;39;1;1;11;72;9;65;2;92;6;81;9;43;6;56;0;0;0;0;0;0;0;0;1;66;1;70;2;40;3;34;1;50;3;42;4;8;7;9;0;0;0;0;0;0;0;0;0;0;0;0;0;0;0;0;0;0;0;0;0;0;0;0;0;0;0;0;0;0
09.01.2024;19:09;A 20;1;3;49;4;35;5;4;3;2;2;50;2;9;2;2;3;3;6;18;1;38;9;12;0;100;2;79;2;2;7;60;3;50;2;77;6;53;8;12;5;7;2;51;0;0;2;4;1;1;3;60;1;64;4;90;1;83;0;100;0;86;4;8;7;13;0;0;0;0;1;1;0;0;0;0;0;0;0;0;0;0;0;0;0;0;0;0;0;0;0;0;0;0;0;0
09.01.2024;19:08;A 20;1;0;100;0;100;4;31;3;92;1;24;0;88;75;15;1;1;4;3;3;13;1;1;6;80;1;70;2;2;5;86;5;83;1;92;1;98;6;39;5;39;1;39;0;0;1;1;2;2;2;15;3;12;5;22;2;13;4;45;1;22;4;6;3;4;0;0;0;0;0;0;0;0;0;0;0;0;0;0;0;0;0;0;0;0;0;0;0;0;0;0;0;0;0;0
09.01.2024;19:07;A 20;1;4;58;1;82;6;7;9;22;5;64;6;58;7;29;6;10;0;0;1;3;4;3;0;100;1;24;5;6;3;42;2;51;7;25;5;49;4;3;2;1;1;21;0;0;1;1;1;1;1;30;1;35;1;78;1;35;4;79;1;39;5;7;7;10;0;0;0;0;0;0;0;0;0;0;0;0;0;0;0;0;0;0;0;0;0;0;0;0;0;0;0;0;0;0
09.01.2024;19:06;A 20;1;1;91;4;73;4;5;1;1;1;79;2;4;1;1;1;1;5;14;2;30;2;2;2;76;4;28;2;2;4;9;4;88;2;64;5;39;4;6;5;8;0;0;0;0;0;0;0;0;2;3;0;7;7;16;1;6;3;28;1;6;10;14;3;4;0;0;0;0;0;0;0;0;0;0;0;0;0;0;0;0;0;0;0;0;0;0;0;0;0;0;0;0;0;0
09.01.2024;19:05;A 20;1;0;27;1;50;0;0;1;1;3;67;7;7;4;2;3;3;0;100;0;100;2;2;1;7;1;6;1;1;5;25;6;32;1;37;6;18;3;18;6;7;1;60;0;0;1;2;1;1;6;76;1;91;0;100;0;100;0;100;3;39;2;2;1;1;0;0;0;0;0;0;0;0;0;0;0;0;0;0;0;0;0;0;0;0;0;0;0;0;0;0;0;0;0;0
09.01.2024;19:04;A 20;1;2;75;2;54;4;6;3;4;1;28;2;5;1;1;1;1;7;59;3;72;6;7;5;86;1;99;4;5;0;100;1;2;1;99;3;11;2;3;1;1;3;14;0;0;2;1;2;2;4;30;8;25;4;50;2;28;5;35;2;37;5;5;3;5;0;0;0;0;0;0;0;0;0;0;0;0;0;0;0;0;0;0;0;0;0;0;0;0;0;0;0;0;0;0
09.01.2024;19:03;A 20;1;1;43;2;63;3;24;3;6;2;27;6;26;6;3;2;3;1;85;4;73;2;1;1;59;4;37;3;3;9;41;11;25;5;46;7;50;6;16;7;28;2;96;0;0;2;2;2;2;0;0;0;0;1;6;1;69;1;9;1;73;2;3;1;1;0;0;0;0;0;0;0;0;0;0;0;0;0;0;0;0;0;0;0;0;0;0;0;0;0;0;0;0;0;0
09.01.2024;19:02;A 20;1;4;70;1;68;5;18;2;3;0;0;0;0;0;0;1;0;7;33;5;49;7;8;2;90;4;35;1;0;0;100;0;100;0;100;0;100;3;7;2;74;3;79;0;0;2;2;2;2;2;3;3;6;4;30;2;27;1;41;1;31;8;18;7;10;0;0;0;0;0;0;0;0;0;0;0;0;0;0;0;0;0;0;0;0;0;0;0;0;0;0;0;0;0;0
09.01.2024;19:01;A 20;1;5;31;1;48;2;2;1;0;2;40;4;28;2;3;2;3;2;85;2;93;2;3;0;9;2;6;1;1;8;50;8;44;7;65;7;61;7;24;8;14;2;92;0;0;2;4;2;2;2;72;2;44;1;79;1;45;3;64;3;40;8;24;5;11;0;0;0;0;0;0;0;0;0;0;0;0;0;0;0;0;0;0;0;0;0;0;0;0;0;0;0;0;0;0
09.01.2024;19:00;A 20;1;1;20;2;51;2;1;1;0;5;42;1;47;1;40;1;1;3;73;1;78;3;3;2;72;2;5;0;0;3;71;3;19;5;27;9;29;4;4;6;6;5;62;0;0;7;8;5;5;2;45;1;46;7;79;3;73;0;91;0;84;9;14;4;5;0;0;0;0;0;0;0;0;0;0;0;0;0;0;0;0;0;0;0;0;0;0;0;0;0;0;0;0;0;0
09.01.2024;18:59;A 20;1;3;92;2;95;2;1;2;1;0;100;0;100;3;17;2;3;9;57;6;75;11;12;3;28;5;20;4;4;8;71;6;64;4;88;4;74;6;67;4;15;1;44;0;0;1;1;1;1;1;79;2;3;3;75;2;34;3;58;1;40;7;15;12;19;0;0;0;0;0;0;0;0;0;0;0;0;0;0;0;0;0;0;0;0;0;0;0;0;0;0;0;0;0;0
09.01.2024;18:58;A 20;1;5;84;2;81;8;8;4;5;7;86;4;77;8;10;6;9;2;87;1;9;3;3;1;1;1;7;1;1;8;60;4;27;4;53;3;83;9;13;7;9;5;59;0;0;2;57;1;3;0;0;0;0;2;95;5;94;0;100;0;100;5;7;10;19;0;0;0;0;0;0;0;0;0;0;1;1;0;0;0;0;0;0;0;0;0;0;0;0;0;0;0;0;0;0
09.01.2024;18:57;A 20;1;0;100;0;100;6;29;3;93;0;100;1;41;6;5;4;5;2;4;1;9;1;1;3;52;1;58;0;0;5;89;3;84;0;100;0;100;2;93;2;2;0;100;0;0;3;24;3;4;1;0;1;2;2;44;2;45;2;53;1;55;4;8;2;2;0;0;0;0;0;0;0;0;0;0;0;0;0;0;0;0;0;0;0;0;0;0;0;0;0;0;0;0;0;0
09.01.2024;18:56;A 20;1;5;55;3;66;3;5;6;24;3;52;6;9;7;3;4;4;2;88;4;44;2;3;0;100;7;49;4;4;4;69;3;37;6;58;11;50;11;18;3;2;5;66;0;0;6;7;6;6;4;9;6;20;1;89;0;0;1;43;1;1;6;9;4;6;0;0;0;0;0;0;0;0;0;0;0;0;0;0;0;0;0;0;0;0;0;0;0;0;0;0;0;0;0;0
09.01.2024;18:55;A 20;1;1;91;2;64;5;35;7;29;1;6;2;5;11;3;1;1;7;41;3;39;3;3;2;79;5;7;2;2;3;91;1;85;0;96;1;83;1;2;1;1;1;61;0;0;1;1;1;1;1;1;1;2;9;35;5;14;8;43;3;27;9;14;6;8;1;1;0;0;0;0;0;0;1;1;0;0;0;0;0;0;0;0;0;0;0;0;0;0;0;0;0;0;0;0
09.01.2024;18:54;A 20;1;1;60;0;45;6;30;7;29;2;86;0;86;1;1;0;0;1;56;1;68;5;4;1;55;2;8;1;1;16;51;13;47;6;75;8;41;15;35;9;23;3;78;0;0;2;49;2;9;1;66;4;5;1;63;1;62;3;57;3;58;3;4;4;5;0;0;0;0;0;0;0;0;0;0;0;0;0;0;0;0;0;0;0;0;0;0;0;0;0;0;0;0;0;0
09.01.2024;18:53;A 20;1;2;67;2;86;5;9;5;16;5;70;7;18;4;10;3;4;15;54;0;85;9;35;4;81;1;61;4;6;1;96;1;86;0;100;3;70;3;62;5;45;2;4;0;0;1;1;1;1;4;22;4;29;3;40;0;33;1;24;1;1;9;14;3;4;0;0;0;0;0;0;0;0;0;0;0;0;0;0;0;0;0;0;0;0;0;0;0;0;0;0;0;0;0;0
09.01.2024;18:52;A 20;1;2;52;1;98;3;7;3;3;1;62;4;61;6;16;5;8;0;100;0;100;5;6;3;69;2;10;1;1;11;44;9;39;5;74;4;55;9;45;5;15;0;100;0;0;2;3;1;1;1;26;1;34;1;94;1;54;2;13;2;6;5;10;1;1;0;0;0;0;0;0;0;0;0;0;0;0;0;0;0;0;0;0;0;0;0;0;0;0;0;0;0;0;0;0
09.01.2024;18:51;A 20;1;1;96;3;20;4;6;2;3;0;38;0;0;0;0;0;0;8;67;3;87;5;13;2;93;1;68;5;7;1;89;2;40;2;94;2;51;7;26;5;8;2;45;0;0;2;2;2;2;0;0;0;0;4;61;1;54;1;68;0;57;5;7;1;2;0;0;0;0;0;0;0;0;0;0;0;0;0;0;0;0;0;0;0;0;0;0;0;0;0;0;0;0;0;0
09.01.2024;18:50;A 20;1;4;92;3;68;6;54;5;41;1;91;7;6;3;0;0;0;2;46;2;60;4;5;3;56;2;18;1;1;9;50;12;47;3;74;15;60;7;29;10;8;0;0;0;0;0;0;1;1;0;0;0;0;1;64;1;23;1;72;1;26;7;13;3;6;0;0;0;0;0;0;0;0;0;0;0;0;0;0;0;0;0;0;0;0;0;0;0;0;0;0;0;0;0;0
09.01.2024;18:49;A 20;1;1;85;2;81;5;8;4;5;3;21;2;22;2;1;2;2;6;63;3;82;5;5;0;100;0;100;1;1;1;81;2;78;4;75;3;70;4;7;3;4;4;20;0;0;1;1;1;1;3;26;2;29;7;11;3;57;1;78;0;67;6;8;5;8;0;0;0;0;0;0;0;0;0;0;0;0;0;0;0;0;0;0;0;0;0;0;0;0;0;0;0;0;0;0
09.01.2024;18:48;A 20;1;0;85;0;86;3;11;5;11;1;64;2;50;3;3;4;4;5;58;3;54;7;8;3;36;3;70;3;4;7;76;7;12;0;92;5;26;4;72;7;8;0;100;0;0;3;5;3;4;1;54;2;24;2;2;4;75;5;68;7;59;7;15;8;18;0;0;0;0;0;0;0;0;0;0;0;0;2;4;0;0;0;0;0;0;0;0;0;0;0;0;0;0;0;0
09.01.2024;18:47;A 20;1;4;55;1;21;5;13;5;8;2;54;0;56;1;0;0;0;5;87;1;100;5;5;0;100;0;100;1;1;10;59;3;2;7;63;5;14;11;14;3;2;1;72;0;0;1;1;1;0;4;61;6;63;3;91;4;89;0;100;0;100;12;21;4;7;0;0;0;0;0;0;0;0;0;0;0;0;0;0;0;0;0;0;0;0;0;0;0;0;0;0;0;0;0;0
09.01.2024;18:46;A 20;1;0;100;0;100;3;78;4;88;1;70;5;39;5;5;3;5;12;16;6;82;5;4;5;61;1;97;4;6;5;91;5;90;0;100;1;98;3;89;4;29;1;75;0;0;1;1;1;1;2;35;2;5;10;72;5;49;2;77;2;57;8;13;3;4;0;0;0;0;0;0;1;1;0;0;0;0;0;0;1;1;0;0;0;0;0;0;0;0;0;0;0;0;0;0
09.01.2024;18:45;A 20;1;6;54;4;37;4;7;5;6;4;68;6;44;4;2;2;2;0;99;0;100;0;0;0;100;0;100;0;0;11;39;8;28;3;69;3;74;11;21;6;12;5;58;0;0;1;3;0;0;4;65;2;63;1;84;1;92;1;98;1;99;4;7;2;3;0;0;0;0;0;0;0;0;0;0;0;0;0;0;0;0;0;0;0;0;0;0;0;0;0;0;0;0;0;0
09.01.2024;18:44;A 20;1;0;100;3;40;1;1;1;1;0;0;1;2;1;1;2;2;7;64;7;66;13;14;7;78;0;100;4;6;1;94;1;95;2;96;0;100;4;35;46;40;1;80;0;0;5;11;4;6;0;0;1;4;5;7;0;1;1;20;0;2;9;14;2;1;1;1;0;0;0;0;0;0;0;0;0;0;0;0;0;0;0;0;0;0;0;0;0;0;0;0;0;0;0;0
09.01.2024;18:43;A 20;1;2;54;3;60;6;22;2;2;4;71;6;50;4;7;4;5;0;100;0;0;1;1;3;91;0;100;4;4;6;65;6;33;5;36;11;46;4;3;6;19;3;69;0;0;2;2;3;3;0;0;0;0;0;100;1;33;1;21;3;25;4;6;2;3;0;0;0;0;0;0;0;0;1;1;0;0;0;0;0;0;0;0;0;0;0;0;0;0;0;0;0;0;0;0
09.01.2024;18:42;A 20;1;0;100;1;96;4;72;4;8;2;53;4;6;2;1;1;1;3;22;2;29;3;3;5;89;5;87;10;13;0;100;1;55;1;18;3;39;2;4;4;8;1;54;0;0;2;2;2;2;6;16;3;19;4;35;1;23;5;34;2;11;5;7;4;4;0;0;0;0;0;0;1;1;0;0;0;0;0;0;0;0;0;0;0;0;0;0;0;0;0;0;0;0;0;0
09.01.2024;18:41;A 20;1;4;72;2;47;6;39;2;27;2;92;2;99;10;4;0;0;0;0;0;0;1;1;1;56;3;5;2;2;10;45;7;30;3;63;4;48;6;40;6;19;2;92;0;0;1;6;1;3;1;53;1;59;1;35;1;43;3;34;1;12;4;9;3;5;0;0;0;0;0;0;0;0;0;0;0;0;1;1;0;0;0;0;0;0;0;0;0;0;0;0;0;0;0;0
09.01.2024;18:40;A 20;1;1;84;2;82;5;43;5;14;8;63;6;66;5;24;6;8;5;53;3;65;3;3;3;4;2;23;3;3;0;100;1;81;1;95;1;86;4;7;3;4;2;68;0;0;2;1;2;2;3;19;3;7;5;57;3;56;1;64;0;62;9;13;9;12;0;0;0;0;0;0;0;0;0;0;0;0;0;0;0;0;0;0;0;0;0;0;0;0;0;0;0;0;0;0
09.01.2024;18:39;A 20;1;0;54;0;100;4;41;4;37;0;100;1;96;6;66;3;4;0;0;1;4;2;2;0;6;2;2;1;1;14;46;9;37;6;85;4;56;10;47;3;39;0;100;0;0;1;6;1;3;1;25;1;5;1;66;1;68;3;53;4;63;4;10;2;3;0;0;0;0;0;0;0;0;0;0;0;0;0;0;0;0;0;0;0;0;0;0;0;0;0;0;0;0;0;0
09.01.2024;18:38;A 20;1;1;59;0;100;5;17;3;7;5;65;7;34;4;3;4;6;11;64;1;86;6;7;0;100;0;0;0;0;1;90;1;85;4;95;3;85;5;62;6;43;5;33;0;0;3;3;3;3;4;25;4;33;7;57;5;54;2;71;2;63;10;21;9;12;0;0;0;0;0;0;0;0;0;0;0;0;0;0;0;0;0;0;0;0;0;0;0;0;0;0;0;0;0;0
09.01.2024;18:37;A 20;1;0;83;1;83;2;71;3;3;1;88;5;82;5;9;5;6;2;77;2;90;6;7;4;70;2;48;1;1;4;8;5;68;1;71;1;75;1;0;4;17;0;100;0;0;1;1;0;0;2;49;4;43;3;75;1;56;1;88;5;65;10;19;7;11;0;0;0;0;1;1;0;0;0;0;0;0;0;0;0;0;0;0;0;0;0;0;0;0;0;0;0;0;0;0
09.01.2024;18:36;A 20;1;1;85;1;69;6;28;2;2;4;53;2;58;5;3;3;4;4;47;3;32;5;5;1;79;6;80;4;4;2;1;3;53;6;27;10;24;5;5;4;4;2;66;0;0;3;3;3;3;6;66;0;74;4;90;4;90;0;100;0;100;8;13;2;2;0;0;0;0;0;0;0;0;0;0;0;0;0;0;0;0;0;0;0;0;0;0;0;0;0;0;0;0;0;0
09.01.2024;18:35;A 20;1;0;100;0;100;3;93;3;4;1;28;0;100;3;2;2;2;15;22;3;58;10;16;4;4;4;10;3;3;5;86;5;83;2;83;4;61;5;41;5;26;1;2;0;0;1;1;1;1;2;47;4;41;3;38;4;17;3;41;3;22;3;8;1;1;0;0;1;1;0;0;0;0;0;0;0;0;0;0;0;0;0;0;0;0;0;0;0;0;0;0;0;0;0;0
09.01.2024;18:34;A 20;1;2;88;7;64;11;20;8;10;2;2;9;10;2;2;2;2;1;97;1;82;3;2;0;0;0;0;1;1;7;18;9;11;1;27;3;74;4;9;5;7;4;71;0;0;0;70;0;0;4;53;1;62;1;1;1;68;1;62;2;72;2;4;5;9;0;0;0;0;0;0;0;0;0;0;0;0;0;0;0;0;0;0;0;0;0;0;0;0;0;0;0;0;0;0
09.01.2024;18:33;A 20;1;0;100;1;62;3;44;2;3;0;0;0;0;2;0;0;0;4;22;5;31;3;5;5;63;3;38;6;6;2;79;2;94;4;91;4;72;5;65;5;21;1;88;0;0;5;45;3;4;5;18;1;22;3;24;4;28;0;29;0;36;9;14;6;10;0;0;0;0;0;0;0;0;0;0;0;0;0;0;0;0;0;0;0;0;0;0;0;0;0;0;0;0;0;0
09.01.2024;18:32;A 20;1;2;75;0;95;7;15;5;9;5;89;3;82;7;29;5;7;0;0;1;6;2;1;1;18;2;6;1;1;10;26;13;25;4;48;11;58;7;9;9;31;4;87;0;0;2;4;3;2;3;95;1;24;1;60;1;18;3;20;1;23;2;3;3;4;0;0;0;0;0;0;0;0;0;0;0;0;0;0;0;0;0;0;0;0;0;0;0;0;0;0;0;0;0;0
09.01.2024;18:31;A 20;1;2;90;0;100;3;4;1;2;7;70;4;13;2;10;1;1;4;43;1;53;1;1;4;81;0;89;2;2;0;100;0;100;0;100;1;92;3;11;5;73;5;42;0;0;5;7;5;8;5;24;6;30;5;43;4;41;1;54;1;51;11;16;8;12;0;0;0;0;0;0;0;0;0;0;0;0;0;0;0;0;0;0;0;0;0;0;0;0;0;0;0;0;0;0
09.01.2024;18:30;A 20;1;0;63;0;100;6;12;9;29;0;99;1;84;4;51;4;6;3;69;1;81;3;3;3;82;4;29;3;3;13;48;12;41;6;90;6;65;13;51;7;46;1;75;0;0;3;4;3;4;1;57;4;48;1;70;1;80;3;63;1;84;8;13;1;1;0;0;0;0;1;1;0;0;0;0;0;0;1;3;0;0;0;0;0;0;0;0;0;0;0;0;0;0;0;0
09.01.2024;18:29;A 20;1;2;61;3;60;4;6;2;2;6;44;5;56;6;29;4;5;14;67;0;100;14;16;3;84;2;93;4;5;1;86;2;85;4;77;1;87;3;41;6;58;5;26;0;0;3;9;1;2;4;28;3;31;6;61;4;58;0;72;2;68;11;17;10;14;0;0;0;0;0;0;0;0;0;0;0;0;0;0;0;0;0;0;0;0;0;0;0;0;0;0;0;0;0;0
09.01.2024;18:28;A 20;1;1;88;2;86;5;5;5;4;0;100;3;79;7;8;6;7;1;86;1;97;1;1;4;16;0;22;1;1;9;60;9;43;2;77;1;96;11;18;9;33;0;100;0;0;1;4;2;2;1;39;1;44;1;26;1;36;1;35;1;42;8;15;8;15;0;0;0;0;0;0;0;0;0;0;0;0;0;0;0;0;0;0;0;0;0;0;0;0;0;0;0;0;0;0
09.01.2024;18:27;A 20;1;1;98;0;100;7;8;6;7;10;79;4;57;7;44;2;27;5;79;0;88;7;7;0;100;3;70;4;4;2;19;1;0;3;29;4;7;3;4;4;2;3;76;0;0;2;5;2;3;6;49;5;33;6;48;5;48;5;58;1;70;8;14;3;4;0;0;0;0;0;0;0;0;0;0;0;0;0;0;0;0;0;0;0;0;0;0;0;0;0;0;0;0;0;0
09.01.2024;18:26;A 20;1;2;89;0;100;4;7;3;2;0;100;0;100;5;27;5;7;3;66;2;49;2;2;4;15;3;54;1;1;9;67;8;65;2;87;4;78;6;43;5;65;1;88;0;0;3;4;2;2;1;41;2;2;0;0;1;0;0;0;0;0;8;11;6;8;0;0;0;0;1;1;0;0;0;0;0;0;1;1;0;0;0;0;0;0;0;0;0;0;0;0;0;0;0;0
09.01.2024;18:25;A 20;1;3;66;2;89;4;6;3;4;9;79;8;70;8;32;7;40;2;89;3;95;4;4;0;90;1;84;2;2;3;50;3;61;6;61;3;22;6;14;5;10;1;28;0;0;0;0;1;1;4;6;2;16;3;91;4;66;1;87;1;78;8;13;6;8;0;0;0;0;0;0;0;0;0;0;0;0;0;0;0;0;0;0;0;0;0;0;0;0;0;0;0;0;0;0
09.01.2024;18:24;A 20;1;1;69;2;83;5;13;4;6;1;63;7;39;5;3;3;3;17;50;4;94;10;22;3;52;9;51;3;5;4;91;5;89;0;97;1;86;3;7;5;25;1;20;0;0;2;2;2;3;3;5;2;10;6;41;4;9;2;30;0;13;8;13;6;9;0;0;0;0;0;0;0;0;1;1;0;0;0;0;0;0;0;0;0;0;0;0;0;0;0;0;0;0;0;0
09.01.2024;18:23;A 20;1;2;37;2;38;4;17;2;2;5;74;6;79;3;13;2;2;0;100;1;96;5;6;1;37;1;48;1;1;12;51;13;34;2;80;4;71;9;18;8;17;3;64;0;0;2;4;1;0;4;74;3;50;1;50;1;29;3;32;1;35;11;14;4;4;0;0;0;0;1;2;0;0;0;0;0;0;0;0;0;0;0;0;0;0;0;0;0;0;0;0;0;0;0;0
09.01.2024;18:22;A 20;1;1;78;2;46;5;22;4;7;2;66;5;32;4;4;4;5;10;63;6;70;10;11;5;70;1;54;5;5;0;100;0;99;0;100;0;100;0;100;2;32;1;81;0;0;3;4;4;4;7;59;3;45;8;30;7;26;0;44;2;43;9;13;8;9;0;2;0;0;0;0;0;0;0;0;0;0;0;0;0;0;0;0;0;0;0;0;0;0;0;0;0;0;0;0
09.01.2024;18:21;A 20;1;2;66;5;52;7;22;3;2;3;58;8;44;4;4;4;5;0;100;1;51;3;3;1;87;6;18;2;2;8;45;12;45;5;61;9;63;8;33;11;26;3;89;0;0;2;3;2;3;1;93;0;100;0;100;1;88;0;100;0;100;1;1;5;9;1;2;0;0;0;0;0;0;0;0;0;0;0;0;0;0;0;0;0;0;0;0;0;0;0;0;0;0;0;0
09.01.2024;18:20;A 20;1;0;100;1;50;2;5;2;2;8;11;0;5;4;10;0;0;12;55;6;70;8;8;2;84;1;74;3;3;1;90;1;91;4;53;3;57;5;9;4;8;3;25;0;0;2;4;2;2;5;30;4;23;8;51;8;46;3;72;1;63;17;32;9;14;0;0;1;1;0;0;0;0;0;0;1;1;0;0;0;0;0;0;0;0;0;0;0;0;0;0;0;0;0;0
09.01.2024;18:19;A 20;1;0;100;0;100;14;22;15;60;1;90;0;100;2;71;7;12;0;100;1;98;0;0;6;18;2;24;1;1;8;35;5;39;8;40;5;42;8;11;5;8;0;100;0;0;1;1;1;1;1;97;2;33;1;86;1;97;3;28;2;98;4;7;4;7;0;0;0;0;0;0;0;0;0;0;0;0;0;0;0;0;0;0;0;0;0;0;0;0;0;0;0;0;0;0
09.01.2024;18:18;A 20;1;0;100;1;99;12;70;5;81;4;81;6;78;8;11;5;8;4;54;6;20;9;10;1;96;2;47;5;8;2;1;2;2;2;6;5;11;1;0;2;2;2;40;0;0;2;2;2;2;7;43;4;70;5;58;7;57;0;67;1;71;9;20;7;13;0;0;0;0;0;0;0;0;0;0;0;0;1;1;0;0;0;0;0;0;0;0;0;0;0;0;0;0;0;0
09.01.2024;18:17;A 20;1;2;76;1;66;2;2;1;1;1;1;1;1;1;0;2;2;1;76;2;5;1;1;7;41;3;65;3;4;11;65;11;61;2;90;5;82;8;67;9;14;1;96;0;0;2;3;2;2;1;83;2;81;2;88;1;92;3;80;1;96;4;8;4;6;0;0;0;0;0;0;0;0;0;0;0;0;0;0;0;0;0;0;0;0;0;0;0;0;0;0;0;0;0;0
09.01.2024;18:16;A 20;1;0;100;4;69;3;3;4;3;6;43;2;48;5;12;3;4;3;73;1;78;3;3;0;100;2;85;4;4;5;78;1;59;7;86;3;45;8;35;4;8;4;53;0;0;2;3;1;2;3;44;1;51;3;72;5;35;5;53;4;45;9;14;6;10;0;0;0;0;0;0;0;0;0;0;0;0;0;0;0;0;0;0;0;0;0;0;0;0;0;0;0;0;0;0
09.01.2024;18:15;A 20;1;1;99;1;88;5;77;6;42;0;100;0;100;3;5;3;4;1;57;1;64;2;2;8;79;1;52;7;6;7;71;6;68;2;86;1;90;6;65;4;41;0;100;0;0;1;1;2;1;1;70;3;74;1;82;2;3;2;17;2;3;3;4;6;10;0;0;0;0;0;0;0;0;1;1;0;0;0;0;0;0;0;0;0;0;0;0;0;0;0;0;0;0;0;0
09.01.2024;18:14;A 20;1;4;53;4;80;6;15;6;5;4;55;3;65;3;5;4;5;3;88;1;91;2;2;0;100;2;61;2;2;5;37;2;33;4;49;4;50;7;12;4;4;4;68;0;0;4;8;2;3;1;57;2;45;4;90;5;52;0;99;3;63;6;9;7;12;0;0;0;0;0;0;0;0;0;0;0;0;0;0;0;0;0;0;0;0;0;0;0;0;0;0;0;0;0;0
09.01.2024;18:13;A 20;1;1;50;5;71;7;10;5;5;1;33;4;37;4;4;4;5;10;28;3;42;8;8;2;66;4;11;2;2;6;82;1;71;0;93;0;74;5;17;0;0;1;96;0;0;2;5;3;3;3;59;1;21;8;72;4;7;1;90;2;17;10;18;8;14;0;0;0;0;0;0;0;0;0;0;0;0;0;0;0;0;0;0;0;0;0;0;0;0;0;0;0;0;0;0
09.01.2024;18:12;A 20;1;1;61;0;86;11;15;8;12;7;75;2;82;4;68;3;5;1;11;1;19;3;3;1;79;2;8;0;0;10;59;12;47;4;43;16;58;8;15;9;15;2;69;0;0;1;1;1;1;5;86;0;100;0;100;0;100;0;100;0;100;7;15;2;3;2;3;1;1;0;0;0;0;0;0;0;0;0;0;0;0;0;0;0;0;0;0;0;0;0;0;0;0;0;0
09.01.2024;18:11;A 20;1;0;100;0;100;1;8;3;24;1;51;6;21;4;8;5;8;6;15;5;25;3;2;6;67;0;74;4;4;1;97;2;96;0;100;0;100;3;49;5;79;1;45;0;0;3;3;2;2;1;45;3;40;6;29;3;53;7;39;1;63;5;8;6;9;0;0;0;0;0;0;0;0;0;0;0;0;0;0;0;0;0;0;0;0;0;0;0;0;0;0;0;0;0;0
09.01.2024;18:10;A 20;1;2;72;5;65;7;13;5;4;3;63;3;59;4;4;4;5;0;100;0;100;1;1;1;60;3;65;4;4;12;34;7;12;5;67;6;32;11;22;5;6;0;0;0;0;0;0;0;0;5;71;2;86;1;48;2;57;1;71;2;86;5;6;4;5;0;0;0;0;0;0;0;0;0;0;0;0;0;0;0;0;0;0;0;0;0;0;0;0;0;0;0;0;0;0
09.01.2024;18:09;A 20;1;0;100;1;92;1;1;2;2;0;0;0;0;27;4;0;0;5;47;1;60;4;4;1;78;3;75;1;1;1;97;1;99;3;91;1;85;3;6;3;5;0;0;0;0;0;0;0;0;7;30;0;45;5;42;3;36;1;50;0;42;9;21;5;8;0;0;0;0;0;0;0;0;0;0;0;0;0;0;0;0;0;0;0;0;0;0;0;0;0;0;0;0;0;0
09.01.2024;18:08;A 20;1;5;84;1;58;4;4;3;45;2;90;7;49;3;3;3;4;1;96;2;98;1;1;4;78;4;95;2;2;10;46;7;39;4;69;6;60;7;11;4;42;2;93;0;0;2;2;2;2;1;97;1;27;1;93;2;90;1;90;0;100;3;5;2;3;0;0;0;0;0;0;0;0;0;0;0;0;0;0;0;0;0;0;0;0;0;0;0;0;0;0;0;0;0;0
09.01.2024;18:07;A 20;1;2;95;1;85;5;8;5;69;6;75;7;24;4;2;4;5;5;59;0;70;4;5;0;98;1;1;2;2;2;91;2;79;1;99;5;93;5;9;6;16;4;71;0;0;2;3;2;2;6;43;9;44;7;61;5;20;6;44;4;39;9;15;10;13;0;0;0;0;0;0;0;0;0;0;0;0;0;0;0;0;0;0;0;0;0;0;0;0;0;0;0;0;0;0
09.01.2024;18:06;A 20;1;1;94;1;78;13;46;11;36;1;82;5;78;7;5;4;5;2;91;1;98;3;3;6;33;3;40;1;1;9;67;8;58;2;91;6;69;8;64;4;5;0;100;0;0;2;1;3;2;1;64;2;3;1;3;0;0;3;4;0;0;7;12;6;8;0;0;0;0;0;0;0;0;0;0;0;0;0;0;0;0;0;0;0;0;0;0;0;0;0;0;0;0;0;0
09.01.2024;18:05;A 20;1;1;1;0;41;0;0;0;0;5;38;3;44;2;4;0;0;3;77;1;83;6;7;0;100;1;95;4;4;2;73;2;50;4;69;7;49;5;27;6;10;4;33;0;0;3;3;3;3;3;41;2;15;6;81;4;74;0;91;0;83;7;10;3;4;0;0;0;0;0;0;0;0;0;0;0;0;0;0;0;0;0;0;0;0;0;0;0;0;0;0;0;0;0;0
09.01.2024;18:04;A 20;1;1;91;1;96;6;7;7;28;0;100;4;84;2;6;4;6;5;32;5;49;2;1;3;77;7;19;3;3;10;67;10;63;2;86;7;78;7;56;8;53;1;97;0;0;1;1;1;1;1;57;1;5;1;72;2;66;1;82;2;73;9;15;10;16;0;0;0;0;0;0;0;0;0;0;0;0;0;0;0;0;0;0;0;0;0;0;0;0;0;0;0;0;0;0
09.01.2024;18:03;A 20;1;4;36;6;54;4;4;3;2;6;66;9;62;4;18;4;5;4;88;0;100;5;7;1;53;1;7;2;1;6;45;4;32;1;66;5;34;7;10;4;7;1;43;0;0;1;1;1;1;3;62;1;63;4;88;5;89;0;96;0;99;6;12;9;15;0;0;0;0;0;0;0;0;0;0;0;0;0;0;0;0;0;0;0;0;0;0;0;0;0;0;0;0;0;0
09.01.2024;18:02;A 20;1;0;96;1;98;2;40;4;23;1;29;4;14;7;6;4;6;5;54;2;64;3;2;5;51;0;63;1;1;5;91;6;86;1;94;3;93;7;49;7;61;1;55;0;0;2;2;2;2;2;34;2;45;8;27;5;10;2;51;2;26;7;12;10;15;0;0;0;0;0;0;0;0;0;0;0;0;0;0;0;0;0;0;0;0;0;0;0;0;0;0;0;0;0;0
09.01.2024;18:01;A 20;1;3;85;5;84;13;20;12;21;5;74;6;37;9;32;6;10;0;100;1;39;4;4;1;86;1;95;3;3;9;52;11;25;4;31;10;40;5;10;10;15;1;1;0;0;0;0;0;0;3;36;3;14;0;100;1;60;2;69;1;63;6;10;4;6;0;0;0;0;0;0;0;0;0;0;0;0;0;0;0;0;0;0;0;0;0;0;0;0;0;0;0;0;0;0
09.01.2024;18:00;A 20;1;0;100;0;100;1;85;2;86;1;67;1;72;1;1;1;1;6;64;3;31;2;4;8;69;0;79;8;9;1;96;1;96;0;100;1;74;2;7;4;59;0;0;0;0;0;0;0;0;3;14;0;18;3;47;0;3;2;17;0;0;4;7;2;3;0;0;0;0;0;0;0;0;0;0;0;0;0;0;0;0;0;0;0;0;0;0;0;0;0;0;0;0;0;0
09.01.2024;17:59;A 20;1;10;77;4;70;5;12;5;12;3;70;3;9;8;2;2;2;1;33;1;44;4;4;1;48;3;47;6;6;12;58;10;37;8;79;6;35;12;25;6;16;0;65;0;0;0;0;0;0;4;88;0;100;1;33;1;18;2;38;1;21;5;14;4;8;1;1;0;0;0;1;0;0;2;3;0;0;1;1;0;0;0;0;0;0;0;0;0;0;0;0;0;0;0;0
09.01.2024;17:58;A 20;1;1;89;4;95;5;38;4;8;6;10;10;18;6;6;4;4;2;38;1;45;1;1;1;82;3;18;0;0;116;33;1;99;1;99;0;100;4;67;4;39;5;49;0;0;1;1;1;1;4;40;5;41;7;48;8;47;2;47;3;62;13;25;10;14;0;0;0;0;1;0;0;0;0;0;0;0;0;0;0;0;0;0;0;0;0;0;0;0;0;0;0;0;0;0
09.01.2024;17:57;A 20;1;2;62;0;100;8;15;6;40;1;98;1;83;9;6;2;3;1;49;3;50;3;3;2;39;3;13;2;3;13;43;8;33;0;70;10;72;10;44;7;6;0;99;0;0;3;6;3;4;1;66;1;7;0;100;0;100;1;76;3;2;4;6;3;5;0;0;0;0;0;0;0;0;0;0;0;0;0;0;0;0;0;0;0;0;0;0;0;0;0;0;0;0;0;0
09.01.2024;17:56;A 20;1;2;75;2;94;3;3;6;19;4;43;6;48;9;9;6;9;8;64;3;81;7;7;1;99;4;93;1;1;1;46;1;81;3;59;3;64;6;31;4;7;4;38;0;0;2;3;2;2;5;37;3;58;4;57;4;61;7;72;3;67;6;9;4;5;0;0;0;0;1;1;0;0;0;0;0;0;0;0;0;0;0;0;0;0;0;0;0;0;0;0;0;0;0;0
09.01.2024;17:55;A 20;1;1;98;2;90;8;65;7;53;1;6;2;12;81;14;3;3;2;55;1;67;4;4;4;72;4;44;2;2;6;57;8;56;1;71;4;71;4;39;7;40;0;100;0;0;3;6;2;2;1;73;2;69;2;58;1;80;2;68;2;72;6;16;9;13;0;0;1;1;0;0;0;0;0;0;1;1;0;0;0;0;0;0;0;0;0;0;0;0;0;0;0;0;0;0
09.01.2024;17:54;A 20;1;1;90;0;100;7;62;7;9;6;40;3;53;4;25;3;6;7;77;2;95;5;6;1;76;3;26;4;5;2;70;2;6;5;61;2;54;4;5;2;3;5;47;0;0;1;39;2;3;6;68;1;81;3;76;7;75;4;82;2;91;14;19;3;4;0;0;0;0;0;0;0;0;0;0;0;0;1;1;0;0;0;0;0;0;0;0;0;0;0;0;0;0;0;0
09.01.2024;17:53;A 20;1;0;100;1;98;9;80;9;78;0;100;1;96;6;3;1;1;2;65;5;72;4;5;5;30;2;41;3;3;10;77;11;73;0;99;0;100;7;80;8;78;1;78;0;0;5;48;5;8;1;31;1;37;1;40;1;42;4;31;1;45;6;13;6;24;0;0;0;0;1;1;0;0;0;0;0;0;0;0;0;0;0;0;0;0;0;0;0;0;0;0;0;0;0;0
09.01.2024;17:52;A 20;1;2;73;1;58;5;33;7;35;4;67;4;59;7;6;4;6;2;38;3;8;3;3;1;59;2;59;3;4;3;66;3;62;4;57;5;61;7;24;7;25;3;39;0;0;1;0;1;0;3;13;3;16;4;81;6;84;0;88;0;97;11;19;4;6;0;0;0;0;0;0;0;0;0;0;0;0;0;0;0;0;0;0;0;0;0;0;0;0;0;0;0;0;0;0
09.01.2024;17:51;A 20;1;0;100;0;100;6;88;9;18;1;95;15;63;2;2;3;4;5;8;6;16;4;4;0;47;0;0;0;0;6;77;6;75;2;94;1;85;4;8;4;28;0;100;0;0;2;2;2;2;3;11;2;14;8;67;8;55;1;98;4;67;9;16;9;12;0;0;0;0;1;1;0;0;0;0;0;0;0;0;0;0;0;0;0;0;0;0;0;0;0;0;0;0;0;0
09.01.2024;17:50;A 20;1;1;64;0;100;10;21;6;9;6;75;4;92;4;76;3;5;1;0;2;9;2;2;1;79;3;6;1;1;11;54;10;40;2;82;2;86;10;21;7;10;7;82;0;0;57;26;4;8;1;11;1;6;0;100;0;100;0;100;0;100;5;9;5;7;0;0;1;1;0;0;0;0;0;0;0;0;0;0;0;0;0;0;0;0;0;0;0;0;0;0;0;0;0;0
09.01.2024;17:49;A 20;1;1;90;2;46;3;28;2;2;3;90;7;29;5;8;5;8;12;33;0;61;8;10;4;70;5;80;3;3;0;98;1;97;24;89;1;99;3;50;3;10;1;80;0;0;43;35;4;9;1;1;1;2;11;78;9;75;2;93;2;97;11;27;7;12;0;0;0;0;0;0;0;0;0;0;0;0;0;0;0;0;0;0;0;0;0;0;0;0;0;0;0;0;0;0
09.01.2024;17:48;A 20;1;2;59;0;100;5;3;4;4;5;89;3;96;2;95;1;3;1;91;1;99;3;4;1;30;3;37;2;2;11;38;12;28;3;74;6;56;8;39;9;36;2;89;0;0;2;3;2;3;2;94;2;65;0;100;1;98;0;100;0;100;5;13;4;7;0;0;0;0;0;0;0;0;0;0;0;0;0;0;0;0;0;0;0;0;0;0;0;0;0;0;0;0;0;0
09.01.2024;17:47;A 20;1;0;100;0;100;1;1;1;2;4;89;0;100;30;46;4;7;9;10;3;50;11;16;4;86;0;91;3;3;1;89;1;86;5;81;3;65;5;33;6;36;4;58;0;0;1;1;1;1;9;43;5;35;5;43;4;40;3;63;1;53;8;12;6;9;0;0;0;0;0;0;0;0;0;0;0;0;0;0;0;0;0;0;0;0;0;0;0;0;0;0;0;0;0;0
09.01.2024;17:46;A 20;1;4;78;1;89;9;12;13;15;1;62;5;67;46;28;8;14;2;2;2;10;0;0;6;46;2;60;2;2;8;45;6;40;5;57;3;51;6;12;4;29;0;97;0;0;3;5;3;4;1;58;1;63;1;54;1;75;2;48;3;60;4;10;1;4;0;0;0;0;0;0;1;1;0;0;0;0;0;0;1;1;0;0;0;0;0;0;0;0;0;0;0;0;0;0
09.01.2024;17:45;A 20;1;1;24;1;17;1;0;1;1;1;16;1;17;0;0;0;0;12;70;0;97;8;13;1;97;0;100;5;6;3;91;2;78;3;76;5;41;4;7;4;5;5;59;0;0;1;1;1;1;6;40;4;40;3;56;6;54;1;25;1;25;19;37;9;16;0;0;0;0;0;0;0;0;0;0;0;0;0;0;0;0;0;0;0;0;0;0;0;0;0;0;0;0;0;0
09.01.2024;17:44;A 20;1;1;96;2;94;6;63;5;60;1;57;6;13;7;2;2;2;7;70;2;96;11;16;6;61;2;81;2;2;14;71;15;61;0;100;3;94;13;74;10;63;0;100;0;0;48;17;1;1;1;30;1;7;1;64;1;64;1;9;1;6;10;22;3;5;0;0;0;0;0;0;0;0;0;0;0;0;0;0;1;1;0;0;0;0;0;0;0;0;0;0;0;0;0;0
09.01.2024;17:43;A 20;1;3;61;3;84;5;17;4;8;5;41;1;45;4;17;3;3;3;75;3;40;6;5;0;100;0;100;4;5;4;56;2;74;5;67;0;100;7;43;5;44;7;60;0;0;6;8;6;8;6;40;0;55;5;76;4;78;0;84;0;87;6;12;10;19;0;0;0;0;0;0;0;0;0;0;0;0;0;0;0;0;0;0;0;0;0;0;0;0;0;0;0;0;0;0
09.01.2024;17:42;A 20;1;1;96;0;92;4;9;6;6;0;100;0;100;4;2;3;2;12;52;4;75;5;10;2;55;3;54;3;4;10;77;9;69;1;99;0;100;9;53;9;47;1;94;0;0;4;11;2;2;7;81;0;100;5;81;7;68;3;85;1;84;11;18;10;16;0;0;0;0;0;0;0;0;0;0;0;0;0;0;0;0;0;0;0;0;0;0;0;0;0;0;0;0;0;0
09.01.2024;17:41;A 20;1;1;59;3;94;7;12;5;7;7;77;5;87;5;63;3;3;3;90;0;100;8;12;0;0;1;1;1;1;9;57;9;31;4;67;12;50;10;14;9;12;3;51;0;0;3;4;4;5;6;84;0;100;4;93;4;88;0;100;0;100;7;9;8;16;0;0;0;0;0;0;0;0;0;0;0;0;0;0;0;0;0;0;0;0;0;0;0;0;0;0;0;0;0;0
09.01.2024;17:40;A 20;1;1;96;1;84;8;17;8;49;0;100;3;87;4;58;4;7;8;70;4;93;11;9;4;56;2;52;3;4;5;90;5;86;0;100;2;99;6;33;6;42;1;64;0;0;2;2;2;3;2;47;2;58;8;73;9;78;1;87;1;98;15;30;11;16;0;0;0;0;0;0;0;0;0;0;0;0;0;0;0;0;0;0;0;0;0;0;0;0;0;0;0;0;0;0
09.01.2024;17:39;A 20;1;4;25;0;98;3;2;4;4;8;77;5;68;6;82;2;85;1;84;1;96;5;6;1;51;1;12;1;1;10;16;11;40;7;47;3;90;11;13;10;12;7;68;0;0;3;69;3;6;5;74;4;73;0;100;0;100;0;100;0;100;7;13;4;6;0;0;0;0;0;0;0;0;0;0;0;0;1;1;0;0;0;0;0;0;0;0;0;0;0;0;0;0;0;0
09.01.2024;17:38;A 20;1;0;100;0;100;2;62;2;3;4;93;4;94;6;80;4;12;9;30;0;58;5;7;1;67;1;53;1;1;3;59;4;71;6;47;2;80;3;3;6;15;3;91;0;0;4;11;2;3;9;37;2;54;6;59;7;72;1;77;1;86;8;12;8;12;1;1;0;0;0;0;0;0;1;1;0;0;0;0;0;0;0;0;0;0;0;0;0;0;0;0;0;0;0;0
09.01.2024;17:37;A 20;1;3;77;2;84;9;33;3;3;0;98;0;100;5;43;7;17;1;97;1;99;5;5;3;11;1;25;3;3;5;21;7;23;1;36;5;81;2;3;5;9;1;88;0;0;1;88;3;5;2;93;1;83;1;56;0;100;1;67;0;100;5;6;3;4;0;0;0;0;0;0;0;0;0;0;0;0;0;0;0;0;0;0;0;0;0;0;0;0;0;0;0;0;0;0
09.01.2024;17:36;A 20;1;1;48;1;56;5;16;3;4;5;41;8;38;4;7;2;2;15;53;2;94;12;16;6;85;0;95;3;3;0;100;1;41;2;88;5;18;4;9;2;4;5;56;0;0;4;6;4;5;4;6;3;28;5;16;5;68;1;32;2;65;7;17;6;11;0;0;0;0;0;0;0;0;0;0;0;0;0;0;0;0;0;0;0;0;0;0;0;0;0;0;0;0;0;0
09.01.2024;17:35;A 20;1;2;78;0;100;11;19;9;14;2;83;3;78;5;71;7;9;2;91;0;100;3;4;1;95;0;100;2;2;15;53;7;29;6;74;6;37;11;42;6;6;0;100;0;0;3;5;2;2;0;0;0;0;0;0;1;51;0;0;1;58;9;18;4;7;0;0;0;0;0;0;0;0;0;0;0;0;0;0;0;0;0;0;0;0;0;0;0;0;0;0;0;0;0;0
09.01.2024;17:34;A 20;1;5;88;1;96;2;2;2;2;6;17;5;22;4;6;4;5;14;71;0;100;9;53;2;0;1;13;2;4;1;84;1;54;2;90;1;24;5;49;2;2;5;68;0;0;13;14;3;4;9;48;0;71;5;58;6;58;1;71;0;67;13;18;8;11;0;0;0;0;0;0;0;0;0;0;0;0;0;0;0;0;0;0;0;0;0;0;0;0;0;0;0;0;0;0
09.01.2024;17:33;A 20;1;0;83;1;84;7;64;8;61;0;100;1;88;4;1;2;2;1;89;1;95;10;11;3;20;2;25;0;0;9;64;9;60;1;78;5;79;4;65;5;58;0;100;0;0;3;5;2;2;1;11;1;20;1;93;1;96;0;100;1;99;6;11;5;7;0;0;0;0;0;0;0;0;0;0;0;0;0;0;0;0;0;0;0;0;0;0;0;0;0;0;0;0;0;0
09.01.2024;17:32;A 20;1;2;41;3;52;7;9;5;6;3;39;4;41;5;2;2;2;5;73;2;89;6;7;1;75;2;65;4;5;1;73;1;80;1;82;3;74;6;61;5;42;5;76;0;0;3;4;4;4;12;73;0;96;7;74;4;81;5;92;1;88;4;6;2;3;0;0;0;0;0;0;0;0;0;0;0;0;0;0;0;0;0;0;0;0;0;0;0;0;0;0;0;0;0;0
09.01.2024;17:31;A 20;1;1;98;1;98;9;43;11;50;1;41;4;47;6;7;4;7;3;49;2;69;2;2;1;31;1;0;0;0;4;60;8;62;4;34;5;73;3;6;6;50;1;71;0;0;4;7;4;5;2;64;3;67;6;74;3;75;2;65;1;85;13;25;10;15;0;0;0;0;0;0;0;0;0;0;0;0;0;0;1;1;0;0;0;0;0;0;0;0;0;0;0;0;0;0
09.01.2024;17:30;A 20;1;7;50;0;100;6;6;4;4;6;57;1;70;5;39;2;3;4;90;0;100;6;7;1;49;1;24;2;2;8;40;2;56;9;33;0;100;7;9;3;6;6;62;0;0;3;39;2;2;2;26;2;24;2;94;4;89;0;100;1;72;4;8;3;4;0;0;0;0;0;0;0;0;0;0;0;0;0;0;0;0;0;0;0;0;0;0;0;0;0;0;0;0;0;0
09.01.2024;17:29;A 20;1;0;100;1;62;3;4;3;10;0;100;1;94;8;12;3;3;14;52;4;86;10;11;8;58;1;81;2;1;5;88;5;8;2;91;2;74;6;47;5;23;1;85;0;0;5;11;5;7;0;0;0;0;7;60;8;66;2;89;7;57;9;16;12;20;0;0;0;0;0;0;0;0;0;0;0;0;0;0;0;0;0;0;0;0;0;0;0;0;0;0;0;0;0;0
09.01.2024;17:28;A 20;1;4;82;2;93;6;7;4;6;8;81;4;88;7;57;8;13;0;100;0;100;3;3;0;100;0;100;1;1;13;16;5;5;7;51;6;13;10;17;4;4;1;68;0;0;1;0;1;1;1;3;1;8;1;99;0;100;1;99;1;96;9;14;4;6;1;1;0;0;0;0;0;0;0;0;0;0;0;0;0;0;0;0;0;0;0;0;0;0;0;0;0;0;0;0
09.01.2024;17:27;A 20;1;0;100;0;100;3;5;4;9;1;79;3;82;3;4;3;4;5;68;2;88;6;6;7;81;0;100;8;10;1;97;2;73;1;97;2;13;4;65;5;10;1;33;0;0;0;0;0;0;2;3;1;11;6;29;5;49;1;48;1;43;9;14;7;11;0;0;0;0;0;0;0;0;0;0;0;0;0;0;0;0;0;0;0;0;0;0;0;0;0;0;0;0;0;0
09.01.2024;17:26;A 20;1;4;95;4;88;7;11;11;35;4;89;1;96;5;4;3;4;1;98;4;71;1;1;2;87;3;95;3;4;12;53;12;27;9;78;11;50;9;10;8;11;5;82;0;0;4;7;4;5;2;93;0;93;0;100;1;12;1;65;1;18;7;15;7;11;0;0;0;0;0;0;0;0;0;0;0;0;0;0;0;0;0;0;0;0;0;0;0;0;0;0;0;0;0;0
09.01.2024;17:25;A 20;1;1;89;2;90;4;5;5;60;6;70;2;73;5;11;5;4;12;50;2;99;11;14;4;87;0;100;4;5;1;94;0;100;1;94;2;85;4;7;6;12;3;8;0;0;2;4;2;4;5;36;4;50;9;69;11;46;1;89;4;67;7;11;14;18;0;0;0;0;0;0;0;0;0;0;0;0;0;0;0;0;0;0;0;0;0;0;0;0;0;0;0;0;0;0
09.01.2024;17:24;A 20;1;0;69;0;100;7;53;7;40;0;98;0;100;8;56;2;3;1;85;1;99;3;2;5;80;1;51;3;3;6;49;6;45;3;62;3;25;4;47;4;20;0;98;0;0;2;3;2;2;0;100;0;100;0;100;1;82;1;97;1;90;9;13;5;8;0;0;0;0;0;0;0;0;0;0;0;0;0;0;0;0;0;0;0;0;0;0;0;0;0;0;0;0;0;0
09.01.2024;17:23;A 20;1;0;100;3;96;5;24;4;6;8;81;9;73;9;35;5;6;71;58;0;93;9;14;1;98;0;100;4;5;1;86;1;80;2;92;1;0;5;51;2;3;3;67;0;0;3;3;3;2;9;59;1;80;10;79;6;15;0;100;1;72;10;20;5;5;0;0;0;0;0;0;0;0;0;0;0;0;0;0;0;0;0;0;0;0;0;0;0;0;0;0;0;0;0;0
09.01.2024;17:22;A 20;1;2;93;2;91;16;22;14;26;1;56;7;25;10;15;7;12;36;37;4;66;5;6;8;77;0;100;3;4;10;68;7;53;1;94;7;63;8;29;6;14;1;20;0;0;1;1;1;1;1;56;2;71;1;58;1;76;2;69;0;100;9;18;6;9;0;0;0;0;0;0;0;0;0;0;0;0;0;0;0;0;0;0;0;0;0;0;0;0;0;0;0;0;0;0
09.01.2024;17:21;A 20;1;1;42;3;71;4;4;5;5;8;43;5;46;7;31;5;9;3;73;7;33;4;4;0;100;0;100;7;10;2;41;0;0;4;29;3;43;4;5;1;1;5;40;0;0;1;39;1;1;5;39;1;44;6;77;3;72;0;89;0;100;9;14;5;7;0;0;1;1;0;0;0;0;0;0;0;0;0;0;0;0;0;0;0;0;0;0;0;0;0;0;0;0;0;0
09.01.2024;17:20;A 20;1;0;100;0;100;7;83;6;79;0;100;2;85;11;7;2;3;9;60;4;59;5;4;7;74;2;83;6;7;8;79;9;76;0;99;0;100;5;56;4;80;1;86;0;0;5;43;4;6;4;6;0;14;1;29;4;81;3;44;1;92;8;14;9;12;0;0;0;0;0;0;0;0;0;0;0;0;0;0;0;0;0;0;0;0;0;0;0;0;0;0;0;0;0;0
09.01.2024;17:19;A 20;1;5;91;3;88;9;42;13;23;3;64;4;28;11;5;5;3;4;90;0;100;5;7;1;60;1;69;5;5;12;69;8;70;6;79;11;66;13;22;12;21;2;51;0;0;0;0;1;1;8;78;0;100;4;90;4;89;0;99;1;59;4;7;8;12;0;0;0;0;0;0;0;0;0;0;0;0;0;0;0;0;0;0;0;0;0;0;0;0;0;0;0;0;0;0
09.01.2024;17:18;A 20;1;0;100;2;97;3;84;1;0;0;0;1;0;2;1;2;2;5;63;1;91;8;11;4;52;0;64;1;0;5;91;6;89;0;100;0;99;2;92;5;25;1;85;0;0;3;3;2;3;5;72;1;87;11;73;11;76;2;84;2;65;17;41;9;26;0;0;0;0;0;0;0;0;0;0;0;0;0;0;0;0;0;0;0;0;0;0;0;0;0;0;0;0;0;0
09.01.2024;17:17;A 20;1;2;81;2;83;14;26;9;29;5;72;5;84;9;4;2;2;0;100;3;48;3;3;0;100;1;97;0;0;14;68;15;33;1;99;7;51;15;49;13;21;4;70;0;0;3;3;4;4;5;87;0;100;0;100;0;100;0;100;0;100;5;11;9;18;0;0;0;0;0;0;0;0;0;0;0;0;0;0;0;0;0;0;0;0;0;0;0;0;0;0;0;0;0;0
09.01.2024;17:16;A 20;1;0;100;0;100;1;96;4;35;1;43;6;39;5;5;4;6;15;55;5;95;12;17;7;76;2;93;4;4;0;100;0;100;0;100;0;100;3;18;0;0;1;60;0;0;2;2;2;3;10;73;0;100;10;68;4;41;2;63;1;52;11;16;5;8;0;0;1;1;0;0;0;0;0;0;0;0;0;0;0;0;0;0;0;0;0;0;0;0;0;0;0;0;0;0
09.01.2024;17:15;A 20;1;0;100;1;97;17;28;16;43;3;86;2;83;4;4;2;2;1;90;0;100;5;7;2;61;2;53;6;8;12;52;9;44;1;76;0;100;9;40;9;15;4;89;0;0;0;86;0;0;3;94;0;100;0;100;0;100;0;100;0;100;4;6;7;12;0;0;0;0;0;0;0;0;0;0;0;0;1;1;0;0;0;0;0;0;0;0;0;0;0;0;0;0;0;0
09.01.2024;17:14;A 20;1;0;100;0;100;3;7;3;16;6;26;8;22;3;11;4;5;12;51;1;82;7;9;5;83;1;96;5;4;1;87;1;64;2;92;4;75;5;48;5;9;5;59;0;0;5;24;5;7;5;35;1;45;4;65;3;59;1;75;1;67;10;25;6;14;0;0;0;0;0;0;0;0;0;0;0;0;0;0;0;0;0;0;0;0;0;0;0;0;0;0;0;0;0;0
09.01.2024;17:13;A 20;1;2;89;0;100;11;39;11;44;1;98;0;100;4;46;3;4;1;94;0;100;5;7;6;84;1;31;2;2;10;44;7;37;1;93;3;92;6;43;7;10;0;99;0;0;3;6;3;7;1;57;2;28;1;67;1;77;3;42;2;81;9;16;5;11;0;0;0;0;0;0;0;0;0;0;0;0;2;6;0;0;0;0;0;0;0;0;0;0;0;0;0;0;0;0
09.01.2024;17:12;A 20;1;2;65;1;99;4;5;3;3;6;82;5;93;5;34;5;7;4;57;1;69;8;10;3;93;0;100;3;3;1;67;2;12;4;74;6;26;5;14;4;5;4;32;0;0;3;4;1;1;3;42;0;39;5;61;2;55;3;71;0;59;9;15;12;22;0;0;0;0;0;0;0;0;0;0;0;0;0;0;0;0;0;0;0;0;0;0;0;0;0;0;0;0;0;0
09.01.2024;17:11;A 20;1;0;89;3;86;8;68;2;58;0;100;0;100;3;10;2;3;10;75;1;97;7;8;9;76;1;99;6;8;11;63;12;56;4;93;7;86;7;41;10;41;1;98;0;0;2;3;1;1;1;63;3;14;1;30;2;4;2;23;1;10;3;6;6;10;0;0;0;0;0;0;0;0;0;0;0;0;0;0;0;0;0;0;0;0;0;0;0;0;0;0;0;0;0;0
09.01.2024;17:10;A 20;1;1;83;1;93;5;63;5;14;8;79;11;84;8;45;6;9;8;83;0;100;8;12;0;100;0;100;3;5;4;73;3;49;4;83;6;68;7;14;7;9;6;36;0;0;3;11;4;9;5;38;2;20;4;75;2;72;0;82;1;40;7;24;4;11;0;0;0;0;0;0;0;0;0;0;0;0;0;0;0;0;0;0;0;0;0;0;0;0;0;0;0;0;0;0
09.01.2024;17:09;A 20;1;1;95;4;77;6;49;8;23;0;100;3;62;4;59;5;8;9;63;2;92;10;16;8;79;0;100;5;8;9;76;5;68;0;100;5;81;6;81;4;4;0;100;0;0;4;7;3;4;1;74;3;19;2;76;2;20;2;81;2;13;6;34;6;17;0;0;0;0;0;0;0;0;0;0;0;0;0;0;0;0;0;0;0;0;0;0;0;0;0;0;0;0;0;0
09.01.2024;17:08;A 20;1;1;67;1;69;4;5;1;0;6;69;2;72;22;47;1;1;3;92;0;100;3;5;0;100;0;100;4;7;4;56;5;32;4;65;6;41;8;15;5;5;4;68;0;0;2;5;1;1;7;69;1;87;2;90;4;41;2;35;2;62;6;36;5;13;0;0;0;0;0;0;0;0;0;0;0;0;0;0;0;0;0;0;0;0;0;0;0;0;0;0;0;0;0;0
09.01.2024;17:07;A 20;1;1;29;2;40;6;5;3;2;0;100;2;65;5;16;5;9;12;60;1;90;8;19;8;85;0;100;3;5;3;91;3;87;0;96;1;77;1;4;4;5;1;69;0;0;3;4;3;3;5;65;2;82;6;55;5;8;2;31;1;17;9;58;8;39;0;0;0;0;0;0;0;0;0;0;1;1;0;0;0;0;0;0;0;0;0;0;0;0;0;0;0;0;0;0
09.01.2024;17:06;A 20;1;0;42;1;88;10;12;8;13;9;78;10;46;7;73;6;11;0;100;0;100;7;14;0;100;1;55;7;12;15;51;7;27;3;89;4;61;15;20;5;7;5;76;0;0;3;7;3;4;3;78;0;83;0;100;0;100;0;100;0;100;4;9;7;14;0;0;0;0;0;0;0;0;0;0;0;0;1;3;0;0;0;0;0;0;0;0;0;0;0;0;0;0;0;0
09.01.2024;17:05;A 20;1;2;48;0;100;5;22;19;21;2;18;4;12;3;3;6;8;4;55;1;68;5;5;3;75;2;18;2;5;1;7;3;5;0;100;2;99;1;91;4;28;1;83;0;0;3;4;3;4;2;29;3;40;9;66;3;66;2;91;1;76;14;31;7;16;0;0;0;0;0;0;0;0;0;0;0;0;0;0;0;0;0;0;0;0;0;0;0;0;0;0;0;0;0;0
09.01.2024;17:04;A 20;1;0;60;0;100;7;17;7;35;4;90;3;98;5;40;5;9;2;79;3;22;5;4;2;94;4;19;1;1;12;33;11;27;2;88;5;70;10;37;37;25;4;90;0;0;3;13;2;3;3;93;0;100;0;100;1;79;0;100;1;93;10;19;9;15;0;0;0;0;0;0;0;0;0;0;0;0;0;0;0;0;0;0;0;0;0;0;0;0;0;0;0;0;0;0
09.01.2024;17:03;A 20;1;0;100;0;100;0;0;1;86;5;63;1;99;3;4;1;1;16;52;2;95;16;19;5;88;1;99;6;8;0;100;1;63;0;100;3;68;3;87;16;16;2;46;0;0;3;3;3;4;2;39;1;48;9;71;6;42;1;98;3;62;15;22;7;11;0;0;0;0;0;0;0;0;0;0;1;1;0;0;0;0;0;0;0;0;0;0;0;0;0;0;0;0;0;0
09.01.2024;17:02;A 20;1;1;85;2;87;10;41;10;44;2;95;0;100;13;7;5;6;0;100;0;100;3;4;1;58;1;8;1;1;11;42;12;31;5;70;7;53;10;13;9;13;2;80;0;0;2;3;2;2;2;18;2;21;1;61;1;53;1;72;1;59;5;9;3;4;0;0;0;0;0;0;0;0;0;0;0;0;1;1;0;0;0;0;0;0;0;0;0;0;0;0;0;0;0;0
09.01.2024;17:01;A 20;1;1;87;4;74;5;27;5;16;7;28;6;53;6;16;4;6;7;67;1;88;6;8;0;97;0;0;0;0;2;45;1;55;3;51;2;56;4;5;4;5;3;28;0;0;1;1;1;1;5;53;0;71;5;60;5;61;0;69;2;47;10;20;12;20;0;0;0;0;0;0;1;1;0;0;0;0;0;0;1;1;0;0;0;0;0;0;0;0;0;0;0;0;0;0
09.01.2024;17:00;A 20;1;1;74;0;73;5;23;6;18;0;100;0;100;3;4;3;3;6;72;1;93;6;9;6;39;3;33;4;6;10;68;10;58;1;91;4;76;9;57;7;23;0;100;0;0;2;2;2;2;1;76;2;72;1;87;1;96;2;93;0;31;12;20;9;13;0;0;0;0;0;0;0;0;0;0;0;0;0;0;0;0;0;0;0;0;0;0;0;0;0;0;0;0;0;0
09.01.2024;16:59;A 20;1;3;46;4;31;5;6;1;1;8;71;3;60;5;41;3;4;8;84;0;100;11;17;0;0;0;0;2;2;1;59;1;38;1;71;1;43;3;4;4;5;5;42;0;0;3;6;3;4;6;47;3;62;6;80;8;78;0;97;3;94;9;14;8;12;0;0;0;0;0;0;0;0;0;0;0;0;0;0;0;0;0;0;0;0;0;0;0;0;0;0;0;0;0;0
09.01.2024;16:58;A 20;1;1;74;1;85;13;35;10;40;0;100;0;100;4;5;5;11;15;63;0;100;11;22;5;35;0;65;3;6;6;73;7;73;2;85;1;86;7;36;4;14;1;98;0;0;2;3;2;2;2;53;2;55;3;56;1;75;1;70;1;80;10;22;3;5;0;0;0;0;0;0;0;0;0;0;0;0;0;0;0;0;0;0;0;0;0;0;0;0;0;0;0;0;0;0
09.01.2024;16:57;A 20;1;0;17;3;28;4;4;5;5;3;70;3;33;74;25;4;5;4;91;0;100;6;9;0;100;0;100;2;2;8;49;9;34;2;40;4;50;6;8;7;11;4;51;0;0;3;6;2;1;6;68;1;77;2;64;5;87;3;74;0;97;7;13;4;6;0;0;0;0;0;0;0;0;0;0;0;0;0;0;0;0;0;0;0;0;0;0;0;0;0;0;0;0;0;0
09.01.2024;16:56;A 20;1;0;100;0;100;2;95;2;97;0;100;0;0;2;0;0;0;18;50;1;98;12;18;9;75;3;85;3;5;3;90;3;94;0;100;3;16;4;52;4;94;1;24;0;0;3;4;4;9;5;87;2;60;5;11;2;4;0;19;1;15;10;17;3;4;0;0;0;0;1;1;0;0;0;0;0;0;1;1;0;0;0;0;0;0;0;0;0;0;0;0;0;0;0;0
09.01.2024;16:55;A 20;1;2;87;2;79;18;37;15;33;8;80;1;98;5;78;4;6;0;68;0;100;7;15;0;100;2;49;6;9;12;44;10;41;1;83;6;41;13;25;9;17;4;69;0;0;3;26;3;6;3;79;2;83;1;97;1;34;1;86;1;38;7;12;6;11;0;0;0;0;0;0;0;0;0;0;0;0;0;0;0;0;0;0;0;0;0;0;0;0;0;0;0;0;0;0
09.01.2024;16:54;A 20;1;0;100;0;100;2;88;0;99;4;89;0;100;35;59;3;4;8;56;2;84;9;14;4;84;1;80;2;3;2;95;2;95;0;100;0;100;2;8;3;39;1;1;0;0;1;1;1;1;2;2;1;7;9;33;6;26;1;52;1;41;15;31;9;13;0;0;0;0;0;0;0;0;0;0;0;0;0;0;0;0;0;0;0;0;0;0;0;0;0;0;0;0;0;0
09.01.2024;16:53;A 20;1;1;99;1;92;18;44;15;49;4;91;0;100;2;92;5;15;1;84;1;93;4;5;1;77;2;46;3;4;15;57;13;50;3;89;4;77;12;36;11;16;4;87;0;0;2;5;2;2;3;94;0;100;0;100;0;100;1;25;0;100;3;6;6;9;0;0;0;0;0;0;0;0;0;0;0;0;0;0;0;0;0;0;0;0;0;0;0;0;0;0;0;0;0;0
09.01.2024;16:52;A 20;1;0;100;0;100;3;87;2;97;8;34;2;55;8;25;7;11;7;7;4;32;7;9;5;90;0;99;1;1;0;100;1;97;0;100;1;88;2;73;4;9;7;83;0;0;9;11;5;7;10;66;2;98;10;63;9;66;3;73;2;92;8;15;9;14;0;0;0;0;0;0;0;0;0;0;0;0;0;0;0;0;0;0;0;0;0;0;0;0;0;0;0;0;0;0
09.01.2024;16:51;A 20;1;1;99;1;98;16;58;17;56;0;96;0;100;4;19;4;10;0;0;0;0;1;1;6;55;3;55;5;7;9;51;5;38;3;76;4;52;7;11;3;3;0;98;0;0;28;20;4;5;0;100;0;100;1;68;0;100;1;82;0;100;4;6;4;6;0;0;0;0;0;0;0;0;0;0;0;0;0;0;0;0;0;0;0;0;0;0;0;0;0;0;0;0;0;0
09.01.2024;16:50;A 20;1;1;88;1;91;3;78;5;74;5;75;2;76;5;4;4;4;8;61;1;84;6;11;1;92;1;67;4;5;1;42;1;40;1;55;1;49;5;15;4;13;4;32;0;0;3;3;3;3;9;40;2;57;7;59;5;62;1;74;2;76;12;17;10;23;0;0;0;0;0;0;0;0;0;0;0;0;0;0;0;0;0;0;0;0;0;0;0;0;0;0;0;0;0;0
09.01.2024;16:49;A 20;1;0;74;0;80;4;61;5;66;1;98;1;89;101;24;4;6;5;67;4;79;4;5;6;25;2;40;2;3;13;70;12;64;0;97;3;85;9;70;9;58;1;57;0;0;3;4;3;4;1;94;0;100;1;67;1;94;1;75;1;98;9;17;6;9;0;0;0;0;0;0;0;0;0;0;0;0;0;0;0;0;0;0;0;0;0;0;0;0;0;0;0;0;0;0
09.01.2024;16:48;A 20;1;1;85;3;86;5;59;6;50;7;41;1;61;58;52;2;4;7;80;1;90;11;17;0;100;0;100;4;4;5;74;3;48;2;89;4;51;8;40;5;8;4;34;0;0;1;22;1;1;8;69;1;83;7;80;4;76;0;100;2;92;11;19;8;14;0;0;0;0;0;0;0;0;0;0;0;0;0;0;0;0;0;0;0;0;0;0;0;0;0;0;0;0;0;0
09.01.2024;16:47;A 20;1;0;100;0;100;8;76;10;83;0;100;0;100;7;26;4;7;11;35;2;54;5;17;8;64;2;68;2;3;8;82;8;76;0;100;1;96;8;57;7;43;1;41;0;0;4;7;4;6;3;71;3;48;3;67;5;78;2;48;2;86;6;14;8;10;0;0;0;0;1;1;0;0;0;0;0;0;0;0;0;0;0;0;0;0;0;0;0;0;0;0;0;0;0;0
09.01.2024;16:46;A 20;1;3;69;4;79;7;16;10;14;3;68;3;74;4;4;5;5;7;86;0;100;3;29;0;100;0;100;4;6;10;49;10;71;2;81;4;51;10;13;8;9;2;43;0;0;2;2;1;1;5;41;3;54;4;81;5;81;4;65;2;95;4;4;3;3;0;0;0;0;0;0;0;0;0;0;0;0;0;0;0;0;0;0;0;0;0;0;0;0;0;0;0;0;0;0
09.01.2024;16:45;A 20;1;0;100;0;100;5;12;4;77;0;100;1;80;2;1;1;1;3;68;1;76;10;20;9;85;0;100;7;13;4;89;5;89;0;100;0;100;2;88;7;14;0;0;0;0;0;0;1;1;4;7;1;17;10;50;6;67;1;38;1;85;8;23;7;20;0;0;0;0;0;0;0;0;0;0;0;0;0;0;0;0;0;0;0;0;0;0;0;0;0;0;0;0;0;0
09.01.2024;16:44;A 20;1;1;72;4;61;9;18;8;18;9;79;0;97;5;80;3;10;1;92;1;60;2;2;1;59;1;66;5;7;15;49;15;51;2;91;5;84;14;28;15;21;8;75;0;0;4;75;1;2;3;78;1;84;0;100;0;100;0;100;0;100;9;14;7;13;0;0;0;0;0;0;0;0;0;0;0;0;0;0;0;0;0;0;0;0;0;0;0;0;0;0;0;0;0;0
09.01.2024;16:43;A 20;1;0;100;1;82;3;40;5;41;2;63;1;71;6;35;7;12;8;29;3;48;6;9;6;72;0;82;5;9;0;98;0;97;0;100;1;95;5;44;4;9;3;95;0;0;4;63;5;10;2;55;2;36;12;75;9;31;1;83;3;54;16;25;15;24;0;0;0;0;0;0;0;0;0;0;0;0;0;0;0;0;0;0;0;0;0;0;0;0;0;0;0;0;0;0
09.01.2024;16:42;A 20;1;3;79;0;43;9;14;7;10;5;91;0;100;3;80;3;7;1;96;1;68;4;4;1;53;2;14;2;2;15;33;8;10;2;79;3;35;12;34;3;19;3;92;0;0;4;91;4;68;5;93;1;85;0;100;0;100;0;100;0;100;8;13;5;7;0;0;1;1;0;0;0;0;0;0;1;1;0;0;0;0;0;0;0;0;0;0;0;0;0;0;0;0;0;0
09.01.2024;16:41;A 20;1;0;100;0;100;3;7;3;8;10;25;1;42;15;16;5;13;13;50;2;84;10;16;3;84;0;89;0;0;0;100;0;0;1;98;1;93;4;63;5;15;4;70;0;0;3;52;5;10;6;35;1;51;9;53;6;56;4;75;1;71;13;22;9;15;0;0;0;0;0;0;0;0;0;0;0;0;0;0;0;0;0;0;0;0;0;0;0;0;0;0;0;0;0;0
09.01.2024;16:40;A 20;1;2;84;3;81;11;51;10;47;0;98;1;78;5;63;7;10;5;82;1;97;4;5;3;9;1;19;4;5;10;46;6;33;3;74;4;47;7;26;6;8;1;87;0;0;4;6;3;5;1;51;1;61;0;100;1;50;1;63;1;56;6;8;7;10;0;0;0;0;0;0;0;0;0;0;0;0;0;0;0;0;0;0;0;0;0;0;0;0;0;0;0;0;0;0
09.01.2024;16:39;A 20;1;1;97;1;96;6;67;6;50;5;65;1;43;5;26;2;2;12;34;3;75;16;24;1;97;0;100;2;2;1;75;1;61;1;86;2;32;4;7;2;2;3;20;0;0;1;0;2;2;3;27;1;31;8;73;6;61;2;85;1;80;11;19;8;11;0;0;0;0;0;0;0;0;0;0;0;0;0;0;0;0;0;0;0;0;0;0;0;0;0;0;0;0;0;0
09.01.2024;16:38;A 20;1;2;92;4;78;8;31;7;9;1;87;2;28;3;5;4;8;5;5;0;16;0;0;5;47;1;62;2;4;11;68;11;62;0;90;4;85;7;13;8;55;1;77;0;0;3;4;3;4;1;56;2;34;1;42;1;59;1;50;1;65;4;8;2;3;0;0;0;0;0;0;0;0;0;0;0;0;0;0;0;0;0;0;0;0;0;0;0;0;0;0;0;0;0;0
09.01.2024;16:37;A 20;1;2;50;3;14;4;5;3;1;5;40;0;46;1;39;2;0;7;78;0;100;9;38;0;100;0;100;2;3;2;76;5;57;1;85;4;40;6;9;6;9;1;31;0;0;1;1;1;1;1;37;1;10;3;73;2;71;3;41;1;76;8;11;7;9;0;0;0;0;0;0;0;0;0;0;0;0;0;0;0;0;0;0;0;0;0;0;0;0;0;0;0;0;0;0
09.01.2024;16:36;A 20;1;1;98;0;100;6;78;8;21;0;100;0;100;3;61;3;5;7;58;1;84;5;9;3;53;1;68;5;10;9;77;11;72;1;98;3;89;8;57;8;11;1;22;0;0;1;1;1;1;2;75;1;6;3;72;3;52;1;14;1;60;12;20;10;16;0;0;0;0;0;0;0;0;0;0;0;0;0;0;0;0;0;0;0;0;0;0;0;0;0;0;0;0;0;0
09.01.2024;16:35;A 20;1;3;83;2;51;16;31;11;11;9;82;2;97;6;64;6;10;3;90;1;62;8;16;1;46;1;57;1;3;7;57;8;64;3;71;6;69;7;11;10;14;5;60;0;0;1;55;1;1;4;65;1;78;4;7;4;4;0;100;3;20;7;11;6;9;0;0;0;0;0;0;0;0;0;0;0;0;0;0;0;0;0;0;0;0;0;0;0;0;0;0;0;0;0;0
09.01.2024;16:34;A 20;1;0;100;0;100;3;71;6;11;1;53;2;55;6;11;6;10;6;32;2;29;4;5;4;52;0;59;2;3;5;91;6;87;0;100;1;99;4;77;7;84;1;51;0;0;5;11;5;8;4;53;4;71;6;11;5;10;2;83;1;19;6;14;6;8;0;0;0;0;0;0;0;0;0;0;0;0;0;0;0;0;0;0;0;0;0;0;0;0;0;0;0;0;0;0
09.01.2024;16:33;A 20;1;4;76;4;59;8;15;8;14;4;73;1;81;2;62;1;4;1;52;2;35;4;4;1;77;2;81;4;3;12;57;12;43;2;88;4;66;12;34;9;15;0;0;0;0;0;0;0;0;5;69;2;77;0;100;0;100;0;100;0;100;1;1;5;5;1;1;0;0;1;1;0;0;1;1;0;0;1;1;0;0;0;0;0;0;0;0;0;0;0;0;0;0;0;0
09.01.2024;16:32;A 20;1;0;100;0;100;3;21;3;30;2;58;2;28;3;3;4;4;10;34;0;57;5;19;4;68;0;75;2;2;2;27;2;92;0;100;1;86;3;64;5;33;0;0;0;0;0;0;0;0;1;20;1;8;5;38;3;41;2;53;2;57;8;11;5;6;0;0;0;0;0;0;0;0;0;0;0;0;0;0;0;0;0;0;0;0;0;0;0;0;0;0;0;0;0;0
09.01.2024;16:31;A 20;1;1;93;1;79;14;44;13;39;3;44;4;54;4;4;5;6;0;100;1;69;5;7;2;77;2;46;3;4;12;34;5;22;1;85;2;31;11;36;5;6;5;52;0;0;5;8;4;7;3;79;2;85;0;100;0;100;0;100;0;100;10;14;7;13;0;0;0;0;0;0;0;0;0;0;0;0;0;0;0;0;0;0;0;0;0;0;0;0;0;0;0;0;0;0
09.01.2024;16:30;A 20;1;1;88;1;80;6;66;5;19;2;4;2;7;4;1;2;2;13;56;2;89;11;17;5;88;1;64;5;7;1;99;0;100;0;100;1;14;2;70;2;3;5;7;0;0;2;3;1;1;6;36;1;47;9;57;7;45;4;68;1;63;13;20;9;12;1;1;0;0;0;0;0;0;0;0;0;0;1;1;0;0;0;0;0;0;0;0;0;0;0;0;0;0;0;0
09.01.2024;16:29;A 20;1;0;63;0;62;5;46;5;45;2;94;3;58;17;3;1;1;3;40;3;18;4;4;3;79;2;13;1;0;16;52;15;48;1;93;3;80;14;58;11;45;3;95;0;0;7;12;5;8;0;98;0;100;0;100;0;100;1;94;0;100;6;10;7;11;1;1;0;0;0;0;0;0;0;0;0;0;0;0;0;0;0;0;0;0;0;0;0;0;0;0;0;0;0;0
09.01.2024;16:28;A 20;1;2;81;2;68;5;28;5;16;6;21;2;32;18;7;4;5;13;71;0;100;11;41;2;92;2;30;4;7;1;64;2;94;1;88;2;96;5;44;4;55;3;66;0;0;3;4;4;5;5;20;1;33;5;62;4;68;1;81;1;81;5;5;5;6;0;0;0;0;0;0;0;0;0;0;0;0;0;0;0;0;0;0;0;0;0;0;0;0;0;0;0;0;0;0
09.01.2024;16:27;A 20;1;0;77;0;72;9;54;9;12;0;100;0;100;2;9;2;3;1;87;1;95;4;5;2;69;2;20;1;1;6;44;9;44;3;65;5;60;4;6;8;31;0;100;0;0;2;3;2;2;1;94;1;95;1;93;1;92;1;97;2;97;8;22;7;12;0;0;0;0;0;0;0;0;0;0;0;0;0;0;0;0;0;0;0;0;0;0;0;0;0;0;0;0;0;0
09.01.2024;16:26;A 20;1;2;86;2;78;6;58;5;9;9;64;2;77;62;34;6;11;5;75;1;85;5;6;1;4;1;13;2;2;7;80;4;48;2;55;3;47;8;10;4;5;10;73;0;0;8;12;4;6;6;37;1;55;3;74;6;75;0;78;1;93;15;25;11;15;0;0;0;0;0;0;0;0;0;0;1;2;0;0;0;0;0;0;0;0;0;0;0;0;0;0;0;0;0;0
09.01.2024;16:25;A 20;1;0;95;1;66;80;42;5;12;1;74;2;78;53;49;6;9;12;38;3;71;9;13;6;32;0;44;4;5;10;79;10;71;1;98;4;90;9;53;10;30;1;94;0;0;4;21;6;14;1;52;1;61;1;59;1;22;1;64;2;37;9;12;8;12;0;0;0;0;0;0;0;0;0;0;0;0;0;0;0;0;0;0;0;0;0;0;0;0;0;0;0;0;0;0
09.01.2024;16:24;A 20;1;3;39;2;33;9;10;7;8;4;52;1;61;7;7;3;3;4;89;0;100;1;1;1;6;2;21;4;7;9;40;6;43;2;63;3;60;8;15;5;7;7;58;0;0;4;56;2;3;2;61;1;33;4;91;4;90;0;98;0;100;6;8;9;13;0;0;0;0;0;0;0;0;0;0;0;0;0;0;0;0;0;0;0;0;0;0;0;0;0;0;0;0;0;0
09.01.2024;16:23;A 20;1;1;74;1;94;6;22;7;26;1;18;1;24;22;5;3;5;9;56;3;80;11;15;5;54;0;62;1;1;3;90;4;87;0;100;0;100;3;86;5;14;1;85;0;0;5;40;7;9;7;51;2;50;8;20;6;63;2;39;1;81;8;13;6;10;0;0;0;0;0;0;0;0;0;0;0;0;0;0;0;0;0;0;0;0;0;0;0;0;0;0;0;0;0;0
09.01.2024;16:22;A 20;1;3;42;2;41;7;16;8;18;6;73;3;70;6;46;5;11;1;5;1;13;7;6;0;100;0;100;3;3;13;56;16;31;2;90;6;84;12;31;14;22;3;64;0;0;2;2;2;2;4;81;0;100;0;100;1;91;0;100;1;96;6;7;4;6;0;0;0;0;0;0;0;0;0;0;0;0;0;0;0;0;0;0;0;0;0;0;0;0;0;0;0;0;0;0
09.01.2024;16:21;A 20;1;0;100;1;87;4;70;4;70;3;57;2;13;2;2;1;1;15;39;1;75;3;31;7;87;1;95;4;6;0;98;0;98;0;100;0;100;3;79;3;45;1;1;0;0;1;1;1;1;3;32;3;29;9;48;3;21;2;58;1;32;13;20;7;9;0;0;0;0;0;0;0;0;0;0;0;0;0;0;0;0;0;0;0;0;0;0;0;0;0;0;0;0;0;0
09.01.2024;16:20;A 20;1;2;88;2;47;8;34;7;26;5;90;0;100;5;11;3;5;0;100;0;100;6;9;1;71;2;69;4;7;10;49;13;24;4;70;6;51;7;23;9;26;5;82;0;0;3;7;3;3;5;87;1;36;0;100;0;100;0;100;0;100;7;11;4;6;0;0;0;0;0;0;0;0;0;0;0;0;0;0;0;0;0;0;0;0;0;0;0;0;0;0;0;0;0;0
09.01.2024;16:19;A 20;1;2;94;0;100;5;57;3;75;9;35;3;52;10;14;6;16;10;61;2;92;9;15;5;80;0;91;5;10;0;100;1;77;1;98;1;82;5;40;5;36;6;42;0;0;7;9;6;8;1;24;1;7;10;73;6;57;2;95;3;73;10;80;9;53;0;0;0;0;0;0;0;0;0;0;0;0;0;0;0;0;0;0;0;0;0;0;0;0;0;0;0;0;0;0
09.01.2024;16:18;A 20;1;1;73;1;72;9;41;11;16;2;96;0;100;0;0;5;10;1;92;0;100;2;2;5;26;1;46;1;1;10;49;11;44;1;76;2;67;5;50;7;43;2;94;0;0;8;34;3;4;2;75;2;66;0;100;0;100;0;100;0;100;6;68;2;12;0;0;0;0;0;0;0;0;0;0;0;0;0;0;0;0;0;0;0;0;0;0;0;0;0;0;0;0;0;0
09.01.2024;16:17;A 20;1;2;38;2;41;3;4;4;5;8;84;1;75;10;41;7;14;7;12;1;77;8;13;1;98;0;100;4;7;1;78;1;93;2;86;2;92;6;17;5;40;3;46;0;0;3;3;2;2;7;59;0;70;8;77;11;72;0;100;1;96;12;46;9;21;0;0;1;1;0;0;0;0;0;0;0;0;1;1;0;0;0;0;0;0;0;0;0;0;0;0;0;0;0;0
09.01.2024;16:16;A 20;1;2;98;3;93;11;14;12;26;0;100;1;73;6;45;5;8;1;0;2;92;3;3;5;42;1;57;2;2;12;65;6;55;0;94;0;68;11;34;2;59;0;100;0;0;1;1;1;1;2;73;2;72;1;85;1;65;1;95;1;91;10;17;10;19;0;0;0;0;1;1;0;0;0;0;0;0;1;1;0;0;0;0;0;0;0;0;0;0;0;0;0;0;0;0
09.01.2024;16:15;A 20;1;1;99;4;93;10;13;7;7;9;81;0;60;7;17;7;11;5;81;1;93;6;8;1;99;1;98;2;1;1;46;1;48;2;24;1;54;2;3;5;27;4;43;0;0;1;0;1;1;2;42;2;21;9;83;6;83;0;98;0;96;12;17;7;8;0;0;0;0;0;0;0;0;0;0;0;0;0;0;1;1;0;0;0;0;0;0;0;0;0;0;0;0;0;0
09.01.2024;16:14;A 20;1;0;100;2;98;7;83;6;84;0;100;1;10;2;3;3;4;10;48;3;82;5;11;9;63;3;82;5;7;8;79;8;72;1;98;2;87;4;78;4;58;0;100;0;0;1;1;1;1;3;42;1;10;8;87;7;85;0;100;0;100;10;17;13;19;0;0;0;0;0;0;0;0;0;0;0;0;0;0;0;0;0;0;0;0;0;0;0;0;0;0;0;0;0;0
09.01.2024;16:13;A 20;1;2;73;3;60;9;25;8;26;7;76;2;74;5;37;5;6;4;46;2;52;9;15;1;99;0;100;4;6;7;63;5;54;2;87;6;53;10;29;7;11;8;82;0;0;6;52;4;31;6;83;0;100;2;96;3;89;0;100;0;100;5;8;5;6;0;0;0;0;0;0;0;0;0;0;0;0;0;0;0;0;0;0;0;0;0;0;0;0;0;0;0;0;0;0
09.01.2024;16:12;A 20;1;0;100;0;100;2;92;1;98;0;100;0;100;2;4;2;2;8;13;0;27;2;2;4;49;1;69;5;8;4;84;5;85;0;100;4;10;4;70;4;33;0;100;0;0;3;4;5;11;4;49;2;63;7;49;2;48;2;56;1;55;7;11;3;5;0;0;0;0;0;0;0;0;0;0;0;0;0;0;0;0;0;0;0;0;0;0;0;0;0;0;0;0;0;0
09.01.2024;16:11;A 20;1;2;81;1;77;15;41;16;36;7;83;2;92;4;82;3;6;0;100;0;100;3;4;1;85;2;23;2;1;7;43;13;37;9;52;11;31;6;12;12;18;6;84;0;0;5;20;5;14;2;90;0;100;0;100;1;6;1;64;1;14;4;5;3;4;0;0;0;0;0;0;0;0;1;1;0;0;0;0;0;0;0;0;0;0;0;0;0;0;0;0;0;0;0;0
09.01.2024;16:10;A 20;1;0;100;1;86;3;76;4;65;4;69;2;65;7;12;7;9;13;52;3;77;10;20;5;71;0;78;3;4;0;98;0;98;1;3;1;81;2;73;33;68;1;78;0;0;3;3;3;3;6;45;6;76;8;47;3;21;2;50;2;32;13;19;5;8;0;0;0;0;0;0;0;0;0;0;0;0;0;0;1;3;0;0;0;0;0;0;0;0;0;0;0;0;0;0
09.01.2024;16:09;A 20;1;4;69;1;50;11;35;5;32;3;93;0;100;6;88;2;3;0;100;1;94;5;7;1;48;3;54;3;4;9;46;7;36;12;59;10;12;6;10;5;11;4;88;0;0;3;24;1;1;2;95;0;98;0;100;0;100;0;100;0;100;7;3;3;6;0;0;0;0;1;1;0;0;0;0;0;0;1;1;0;0;0;0;0;0;0;0;0;0;0;0;0;0;0;0
09.01.2024;16:08;A 20;1;0;100;1;84;4;88;4;32;8;81;0;100;8;18;3;21;8;57;2;71;6;8;4;87;0;93;2;2;1;50;2;68;7;42;3;1;5;24;4;7;6;54;0;0;5;7;4;6;9;37;4;50;7;61;7;67;2;65;2;81;11;16;9;17;0;0;0;0;0;0;0;0;0;0;0;0;0;0;0;0;0;0;0;0;0;0;0;0;0;0;0;0;0;0
09.01.2024;16:07;A 20;1;2;88;2;86;14;18;12;17;1;98;0;100;1;96;4;17;6;86;1;98;4;7;7;14;2;34;4;6;9;58;11;44;7;38;6;59;7;56;6;53;0;98;0;0;1;1;3;3;1;80;2;85;1;72;0;100;1;78;0;100;3;8;5;6;1;1;0;0;0;0;0;0;1;1;0;0;0;0;0;0;0;0;0;0;0;0;0;0;0;0;0;0;0;0
09.01.2024;16:06;A 20;1;1;96;2;96;7;12;6;11;10;68;1;92;9;35;9;17;13;69;0;100;7;51;1;97;0;100;6;12;1;92;1;83;0;0;1;91;2;69;7;42;3;42;0;0;3;3;3;4;6;39;0;43;6;61;7;64;1;74;1;87;12;29;14;20;0;0;0;0;0;0;0;0;0;0;0;0;0;0;0;0;0;0;0;0;0;0;0;0;0;0;0;0;0;0
09.01.2024;16:05;A 20;1;0;100;1;95;14;69;13;65;0;100;0;100;2;14;4;6;2;90;1;98;7;12;4;68;2;46;3;4;10;59;8;51;3;71;8;42;7;23;8;10;1;58;0;0;2;2;2;2;1;49;2;36;1;67;1;91;2;70;1;97;7;9;5;8;0;0;0;0;0;0;0;0;0;0;0;0;0;0;0;0;0;0;0;0;0;0;0;0;0;0;0;0;0;0
09.01.2024;16:04;A 20;1;1;88;2;70;5;56;5;49;7;76;2;59;7;13;7;11;4;76;2;41;8;12;0;100;1;88;3;4;6;76;5;40;11;77;2;2;8;12;5;5;2;11;0;0;0;0;0;0;6;29;3;34;4;44;4;16;2;38;4;32;12;26;8;11;0;0;0;0;0;0;0;0;0;0;0;0;0;0;0;0;0;0;0;0;0;0;0;0;0;0;0;0;0;0
09.01.2024;16:03;A 20;1;1;85;0;78;5;26;5;35;0;100;0;100;1;1;1;1;10;68;1;38;8;12;1;75;1;8;1;1;11;75;5;60;5;59;3;3;10;12;4;5;0;100;0;0;1;2;1;1;0;0;1;0;2;2;1;2;1;7;0;4;9;19;9;10;0;0;0;0;0;0;0;0;0;0;0;0;0;0;0;0;0;0;0;0;0;0;0;0;0;0;0;0;0;0
09.01.2024;16:02;A 20;1;1;50;1;44;8;14;5;8;9;82;1;89;6;58;2;51;2;89;0;90;2;2;0;0;0;0;0;0;3;51;4;11;13;15;3;3;4;6;4;3;3;60;0;0;4;5;3;4;4;65;1;71;3;90;4;91;0;100;1;98;10;23;5;8;0;0;0;0;0;0;0;0;0;0;0;0;1;1;0;0;0;0;0;0;0;0;0;0;0;0;0;0;0;0
09.01.2024;16:01;A 20;1;1;86;1;86;6;30;7;16;1;71;2;70;5;53;9;17;8;47;6;67;8;11;2;50;1;55;1;1;4;86;6;87;11;40;3;5;4;56;4;9;1;15;0;0;1;1;2;2;2;36;3;22;6;60;3;51;5;38;4;64;9;15;3;6;0;0;0;0;0;0;0;0;0;0;0;0;0;0;0;0;0;0;0;0;0;0;0;0;0;0;0;0;0;0
09.01.2024;16:00;A 20;1;4;28;3;25;6;6;8;6;3;57;0;62;1;2;0;0;4;88;0;100;5;6;1;67;2;73;1;2;6;52;3;36;5;17;0;0;5;4;5;8;2;54;0;0;0;0;1;0;4;49;1;62;4;94;3;84;1;97;0;92;7;10;7;9;0;0;0;0;0;0;0;0;0;0;0;0;0;0;0;0;0;0;0;0;0;0;0;0;0;0;0;0;0;0
09.01.2024;15:59;A 20;1;0;100;0;100;4;92;3;87;1;69;3;21;3;3;4;5;4;14;2;57;4;8;0;0;1;4;0;0;4;88;5;34;1;50;3;10;6;49;6;9;1;69;0;0;3;7;3;5;2;3;1;9;5;37;1;13;2;34;2;26;9;20;6;10;0;0;1;1;0;0;0;0;0;0;0;0;0;0;0;0;0;0;0;0;0;0;0;0;0;0;0;0;0;0
09.01.2024;15:58;A 20;1;1;83;2;77;7;43;8;27;1;44;9;43;1;1;2;1;0;100;1;46;3;3;0;0;0;0;0;0;12;61;11;21;13;59;4;9;8;33;6;25;4;70;0;0;3;10;2;2;2;27;1;37;1;63;1;60;2;69;1;66;7;11;2;3;0;0;0;0;0;0;0;0;0;0;0;0;0;0;0;0;0;0;0;0;0;0;0;0;0;0;0;0;0;0
09.01.2024;15:57;A 20;1;0;100;0;100;3;84;3;11;2;2;1;5;2;2;0;0;14;58;1;91;13;28;3;84;1;81;2;3;0;100;0;100;1;56;0;0;4;14;3;34;4;70;0;0;4;4;5;6;1;1;1;4;5;43;6;42;1;56;0;49;12;16;8;17;0;0;0;0;0;0;0;0;0;0;0;0;0;0;0;0;0;0;0;0;0;0;0;0;0;0;0;0;0;0
09.01.2024;15:56;A 20;1;2;72;3;65;5;8;5;7;4;88;0;96;3;5;5;7;5;83;2;79;4;7;3;42;3;53;2;2;10;66;5;47;8;73;4;3;9;26;7;7;2;86;0;0;2;1;1;1;3;30;2;34;1;97;0;100;1;76;0;100;4;14;3;4;1;1;0;0;0;0;0;0;0;0;0;0;0;0;0;0;0;0;0;0;0;0;0;0;0;0;0;0;0;0
09.01.2024;15:55;A 20;1;1;61;1;57;3;4;3;4;3;59;4;92;2;3;3;3;10;73;2;97;12;20;1;98;0;100;2;2;1;74;2;56;4;64;5;15;3;4;2;3;3;53;0;0;3;3;3;3;5;19;1;42;10;27;7;74;3;55;2;92;15;29;7;11;0;0;0;0;0;0;0;0;0;0;0;0;0;0;0;0;0;0;0;0;0;0;0;0;0;0;0;0;0;0
09.01.2024;15:54;A 20;1;0;71;0;69;5;33;6;17;1;93;3;96;2;2;1;1;4;23;1;37;4;5;1;52;1;56;2;2;11;66;13;60;4;22;8;21;7;65;14;28;2;86;0;0;2;2;1;1;0;0;0;0;1;1;1;60;1;4;1;67;5;7;8;12;0;0;0;0;0;0;0;0;0;0;0;0;1;1;0;0;0;0;0;0;0;0;0;0;0;0;0;0;0;0
09.01.2024;15:53;A 20;1;1;15;1;10;3;3;2;2;2;34;1;97;2;2;3;4;6;33;4;63;9;15;1;28;1;10;1;3;2;56;1;55;2;22;5;4;5;43;5;19;1;34;0;0;0;0;0;0;4;72;0;92;7;83;6;78;1;95;0;96;9;14;5;6;0;0;0;0;0;0;0;0;0;0;0;0;1;1;0;0;0;0;0;0;0;0;0;0;0;0;0;0;0;0
09.01.2024;15:52;A 20;1;0;100;2;97;8;64;8;10;1;31;9;28;2;2;2;3;4;4;0;12;1;1;6;36;1;46;0;0;8;74;5;68;6;72;3;2;7;27;2;43;1;77;0;0;2;2;2;2;2;41;3;41;3;70;1;64;2;51;1;68;9;15;8;11;0;0;0;0;0;0;0;0;0;0;0;0;0;0;0;0;0;0;0;0;0;0;0;0;0;0;0;0;0;0
09.01.2024;15:51;A 20;1;2;85;4;68;9;12;8;9;4;57;0;62;1;12;1;1;3;68;3;39;6;11;1;92;0;100;4;5;7;74;10;41;15;31;4;4;8;10;10;12;2;53;0;0;1;0;0;0;4;76;0;84;4;91;3;59;0;100;1;69;7;12;7;8;0;0;0;0;0;0;0;0;0;0;0;0;0;0;0;0;0;0;0;0;0;0;0;0;0;0;0;0;0;0
09.01.2024;15:50;A 20;1;0;100;0;100;2;95;2;93;0;100;0;100;2;3;2;2;13;18;3;50;9;12;4;55;1;61;5;6;5;90;6;11;4;12;2;1;4;79;7;34;1;34;0;0;2;2;2;2;2;59;2;68;12;67;7;9;1;91;0;28;11;25;7;10;0;0;0;0;0;0;0;0;0;0;0;0;0;0;0;0;0;0;0;0;0;0;0;0;0;0;0;0;0;0
09.01.2024;15:49;A 20;1;3;89;4;85;11;33;9;27;6;69;8;79;7;9;8;10;0;99;1;51;6;10;1;70;1;79;2;2;11;27;12;9;6;50;4;2;11;26;6;13;1;1;0;0;1;1;2;3;4;66;1;63;0;100;1;96;0;100;0;100;4;9;2;3;0;0;0;0;0;0;0;0;0;0;0;0;0;0;0;0;0;0;0;0;0;0;0;0;0;0;0;0;0;0
09.01.2024;15:48;A 20;1;0;100;0;100;1;6;1;1;1;11;1;6;1;1;1;1;5;72;2;42;4;5;6;74;0;81;4;6;0;100;0;100;0;100;0;0;1;96;2;27;0;0;0;0;0;0;0;0;4;22;2;33;8;70;9;27;2;88;3;49;11;24;12;21;0;0;0;0;0;0;0;0;0;0;0;0;0;0;0;0;0;0;0;0;0;0;0;0;0;0;0;0;0;0
09.01.2024;15:47;A 20;1;1;75;2;72;7;33;8;34;2;1;12;61;2;2;2;2;1;98;2;80;2;7;1;33;2;43;3;3;13;55;12;24;20;35;6;7;12;38;9;36;4;24;0;0;4;3;2;2;5;90;0;100;0;100;0;100;0;100;0;100;3;7;3;3;1;1;0;0;0;0;0;0;2;3;0;0;0;0;0;0;0;0;0;0;0;0;0;0;0;0;0;0;0;0
09.01.2024;15:46;A 20;1;1;70;2;77;5;36;5;51;8;11;3;21;5;4;2;3;10;55;5;61;11;14;6;80;1;95;5;7;1;86;0;100;4;17;2;1;5;65;4;75;4;7;0;0;0;0;0;0;6;54;2;73;4;72;6;61;1;84;2;83;9;15;12;18;0;0;0;0;0;0;0;0;0;0;1;1;0;0;0;0;0;0;0;0;0;0;0;0;0;0;0;0;0;0
09.01.2024;15:45;A 20;1;1;85;0;79;10;53;12;55;0;98;0;100;82;41;3;3;5;25;1;21;1;1;3;69;2;79;2;2;10;50;11;51;4;38;11;9;6;49;7;11;0;97;0;0;4;9;2;3;0;100;0;100;1;97;1;79;1;94;1;87;3;6;1;1;0;0;0;0;0;0;0;0;0;0;0;0;0;0;0;0;0;0;0;0;0;0;0;0;0;0;0;0;0;0
09.01.2024;15:44;A 20;1;0;100;0;100;2;94;3;44;3;11;2;21;3;4;4;6;14;63;0;100;5;91;1;97;0;100;1;3;1;79;1;93;8;12;1;4;5;28;5;20;9;65;0;0;8;10;3;12;4;11;3;24;7;54;5;34;2;68;2;56;8;15;5;6;0;0;2;3;0;0;0;0;0;0;2;3;0;0;0;0;0;0;0;0;0;0;0;0;0;0;0;0;0;0
09.01.2024;15:43;A 20;1;2;69;1;75;7;12;10;47;0;97;1;82;2;2;2;3;1;85;1;94;10;37;1;74;2;61;3;9;7;37;7;35;3;21;7;4;7;17;5;15;2;93;0;0;5;88;5;24;1;20;1;6;1;55;1;2;2;47;1;6;6;16;6;37;0;0;0;0;0;0;0;0;0;0;0;0;0;0;0;0;0;0;0;0;0;0;0;0;0;0;0;0;0;0
09.01.2024;15:42;A 20;1;4;89;3;79;9;13;7;54;10;46;1;64;87;46;2;3;4;37;3;27;7;7;0;100;0;0;0;0;2;41;2;28;6;8;0;0;4;5;4;6;3;73;0;0;4;4;5;6;2;32;1;41;3;74;4;76;0;80;0;81;9;17;6;9;0;0;0;0;0;0;0;0;0;0;0;0;0;0;0;0;0;0;0;0;0;0;0;0;0;0;0;0;0;0
09.01.2024;15:41;A 20;1;0;95;3;89;4;83;3;76;9;94;0;100;3;28;4;7;6;12;1;29;5;9;5;49;2;52;4;5;5;86;10;75;10;25;6;15;5;16;10;15;0;100;0;0;2;3;2;2;1;1;2;8;2;39;3;63;2;20;1;73;4;6;6;8;0;0;0;0;0;0;0;0;0;0;0;0;0;0;0;0;0;0;0;0;0;0;0;0;0;0;0;0;0;0
09.01.2024;15:40;A 20;1;1;99;4;86;14;21;13;45;9;82;0;100;11;40;9;15;1;0;1;3;3;3;1;83;2;45;1;0;7;41;9;54;10;15;8;8;7;7;8;7;9;64;0;0;4;62;3;5;5;45;3;21;4;73;3;92;2;60;0;100;10;19;8;13;0;0;0;0;0;0;0;0;0;0;1;2;0;0;0;0;0;0;0;0;0;0;0;0;0;0;0;0;0;0
09.01.2024;15:39;A 20;1;0;100;0;100;3;91;5;84;0;100;1;90;12;9;3;5;17;24;2;61;10;18;4;53;2;12;3;7;6;85;6;84;3;10;8;9;4;87;5;51;1;80;0;0;6;29;7;10;3;8;2;16;9;16;7;46;0;33;2;70;10;26;5;10;0;0;0;0;0;0;0;0;0;0;0;0;0;0;0;0;0;0;0;0;0;0;0;0;0;0;0;0;0;0
09.01.2024;15:38;A 20;1;2;60;8;47;7;15;4;7;4;71;2;77;2;1;4;3;0;100;0;100;6;9;0;100;1;5;0;0;8;49;9;52;15;19;1;3;9;9;9;19;2;61;0;0;2;2;2;2;6;77;1;90;0;100;0;100;0;100;0;100;4;10;6;10;0;0;0;0;0;0;0;0;0;0;0;0;0;0;0;0;0;0;0;0;0;0;0;0;0;0;0;0;0;0
09.01.2024;15:37;A 20;1;1;86;1;81;5;31;6;38;1;75;2;74;2;2;2;2;7;41;3;50;5;7;5;72;3;65;7;10;2;52;1;95;3;13;3;3;4;6;5;38;1;20;0;0;1;1;1;1;1;13;2;17;6;39;7;35;2;42;1;56;7;12;7;11;0;0;0;0;0;0;0;0;0;0;0;0;0;0;0;0;0;0;0;0;0;0;0;0;0;0;0;0;0;0
09.01.2024;15:36;A 20;1;1;63;1;55;9;34;8;33;2;69;9;75;3;4;3;4;0;0;1;22;2;4;1;48;1;7;1;1;13;32;9;26;4;57;5;3;8;34;4;30;1;84;0;0;1;1;0;0;0;0;0;0;0;100;0;100;0;100;0;100;7;7;7;12;0;0;1;1;0;0;0;0;0;0;0;0;0;0;0;0;0;0;0;0;0;0;0;0;0;0;0;0;0;0
09.01.2024;15:35;A 20;1;0;100;0;100;0;100;0;100;0;0;0;76;0;0;0;0;13;44;7;80;12;19;3;86;1;85;2;2;0;100;1;97;12;45;0;0;5;34;5;32;2;21;0;0;1;1;2;3;3;3;3;11;5;58;2;46;1;71;1;53;7;12;5;6;0;0;0;0;0;0;0;0;0;0;0;0;0;0;0;0;0;0;0;0;0;0;0;0;0;0;0;0;0;0
09.01.2024;15:34;A 20;1;1;79;3;79;8;53;7;45;5;88;0;100;34;17;4;4;1;36;1;48;1;3;1;15;1;12;2;1;10;39;7;33;11;44;5;9;8;31;4;36;3;63;0;0;4;4;3;3;3;43;1;58;1;98;0;100;1;38;0;100;4;6;0;0;0;0;0;0;0;0;0;0;0;0;0;0;0;0;0;0;0;0;0;0;0;0;0;0;0;0;0;0;0;0
09.01.2024;15:33;A 20;1;2;85;4;77;6;54;6;53;10;81;0;100;79;44;2;32;11;68;0;94;3;24;2;22;2;11;2;2;2;58;1;56;1;14;1;2;3;4;5;21;1;18;0;0;0;0;1;1;4;29;2;41;7;61;6;70;2;83;1;84;19;25;10;17;0;0;0;0;1;1;0;0;0;0;0;0;0;0;0;0;0;0;0;0;0;0;0;0;0;0;0;0;0;0
09.01.2024;15:32;A 20;1;3;96;2;81;10;12;7;63;0;100;0;100;2;91;5;38;10;74;0;100;11;26;4;15;1;22;2;3;7;53;3;47;6;33;0;0;7;11;3;3;0;100;0;0;1;1;0;0;1;44;2;44;1;76;1;94;2;80;0;100;5;5;4;6;0;0;0;0;0;0;2;3;0;0;0;0;0;0;3;14;0;0;0;0;0;0;0;0;0;0;0;0;0;0
09.01.2024;15:31;A 20;1;2;87;1;72;7;13;5;43;7;51;0;100;4;43;6;12;7;81;0;100;12;29;1;93;0;100;2;2;2;60;2;69;11;7;0;0;3;3;2;1;3;48;0;0;1;1;1;1;4;8;3;19;2;42;2;71;2;48;1;75;7;16;4;5;0;0;1;1;0;0;0;0;0;0;1;1;0;0;0;0;0;0;0;0;0;0;0;0;0;0;0;0;0;0
09.01.2024;15:30;A 20;1;0;100;0;100;5;13;8;68;0;100;0;100;7;96;2;3;9;52;2;74;5;7;8;40;1;54;5;6;6;81;6;73;4;48;7;5;4;70;5;6;0;100;0;0;1;1;2;2;2;2;2;8;2;1;4;14;2;7;1;18;10;17;6;6;0;0;0;0;0;0;1;1;0;0;0;0;0;0;1;1;0;0;0;0;0;0;0;0;0;0;0;0;0;0
09.01.2024;15:29;A 20;1;1;65;2;48;5;12;4;6;7;74;1;93;7;24;9;13;2;89;0;100;2;5;0;100;0;100;2;1;12;68;1;57;10;38;0;0;12;16;2;3;3;54;0;0;3;3;3;3;5;52;2;63;2;89;4;7;0;92;0;100;7;12;6;8;0;0;1;1;0;0;0;0;0;0;0;0;0;0;0;0;0;0;0;0;0;0;0;0;0;0;0;0;0;0
09.01.2024;15:28;A 20;1;0;100;1;95;5;66;7;55;1;98;2;70;3;5;3;4;9;66;3;92;13;24;6;71;0;100;4;8;4;89;4;87;2;13;2;1;3;27;1;1;1;83;0;0;2;2;1;2;3;57;3;64;8;39;6;9;3;59;3;84;10;17;8;10;0;0;0;0;1;1;1;1;0;0;0;0;0;0;1;1;0;0;0;0;0;0;0;0;0;0;0;0;0;0
09.01.2024;15:27;A 20;1;3;43;6;26;7;7;4;4;3;59;1;76;1;2;1;1;1;12;1;8;5;7;1;72;1;83;6;9;8;59;10;49;9;23;3;2;11;14;11;13;2;61;0;0;0;0;1;0;3;67;0;72;2;95;2;94;0;100;0;100;3;4;6;9;1;1;0;0;0;0;0;0;1;2;0;0;0;0;0;0;0;0;0;0;0;0;0;0;0;0;0;0;0;0
09.01.2024;15:26;A 20;1;0;100;0;100;3;91;4;8;1;9;0;100;5;7;4;8;7;29;3;41;5;19;1;59;1;41;1;1;5;90;5;87;5;14;2;0;4;55;4;73;1;45;0;0;3;8;3;6;1;38;2;40;6;75;4;70;1;90;1;85;12;16;4;5;0;0;0;0;0;0;0;0;0;0;0;0;0;0;0;0;0;0;0;0;0;0;0;0;0;0;0;0;0;0
09.01.2024;15:25;A 20;1;5;85;4;73;13;24;9;27;11;78;0;100;8;52;7;40;1;45;1;53;4;6;1;67;3;8;1;1;10;60;5;45;9;22;6;6;10;32;6;4;3;64;0;0;2;2;1;1;3;72;1;76;0;100;1;60;1;93;1;64;7;13;5;8;0;0;0;0;0;0;0;0;0;0;0;0;0;0;0;0;0;0;0;0;0;0;0;0;0;0;0;0;0;0
09.01.2024;15:24;A 20;1;1;91;0;100;3;5;3;68;7;64;3;76;6;18;4;5;8;52;3;53;8;8;3;78;1;36;4;5;0;100;0;100;2;5;0;0;3;8;3;5;4;76;0;0;3;3;3;3;7;53;3;66;4;51;3;42;1;54;0;47;11;15;6;7;0;0;0;0;0;0;0;0;0;0;0;0;0;0;0;0;0;0;0;0;0;0;0;0;0;0;0;0;0;0
09.01.2024;15:23;A 20;1;1;91;4;92;15;53;15;49;0;97;1;85;4;23;7;10;1;27;2;40;1;1;3;7;1;13;1;1;12;52;13;42;10;52;14;13;10;25;9;42;1;50;0;0;3;4;3;3;1;67;1;89;1;58;1;94;2;11;0;100;7;13;3;5;0;0;1;4;0;0;0;0;0;0;1;2;0;0;0;0;0;0;0;0;0;0;0;0;0;0;0;0;0;0
09.01.2024;15:22;A 20;1;1;71;1;73;5;60;5;58;7;71;2;52;2;2;2;2;10;65;0;88;5;10;1;99;0;100;2;2;3;81;1;78;10;62;2;5;7;53;4;7;4;20;0;0;2;4;0;0;8;45;2;71;4;57;3;55;4;30;3;69;17;19;11;13;1;1;3;5;0;0;0;0;0;0;1;2;1;1;0;0;0;0;0;0;0;0;0;0;0;0;0;0;0;0
09.01.2024;15:21;A 20;1;0;82;1;78;6;65;7;60;0;100;1;94;4;7;3;4;1;87;1;93;5;7;8;77;3;55;1;1;15;67;10;55;8;26;5;3;14;18;6;57;1;89;0;0;3;10;4;8;1;90;3;94;1;63;1;89;1;9;1;95;5;6;3;4;1;1;0;0;0;0;0;0;0;0;0;0;0;0;0;0;0;0;0;0;0;0;0;0;0;0;0;0;0;0
09.01.2024;15:20;A 20;1;1;77;2;47;6;12;5;12;2;58;2;90;1;1;2;2;8;81;1;97;7;10;0;100;0;100;6;9;4;63;1;58;6;17;5;4;7;13;5;41;7;20;0;0;3;20;2;2;5;26;0;37;5;77;1;69;0;86;1;81;6;7;6;7;0;0;2;4;0;0;0;0;1;1;1;1;0;0;0;0;0;0;0;0;0;0;0;0;0;0;0;0;0;0
09.01.2024;15:19;A 20;1;1;50;1;81;1;5;3;1;1;59;2;76;2;2;2;2;7;68;2;89;6;8;8;76;2;62;7;11;8;75;9;75;7;32;13;10;8;68;8;15;0;100;0;0;3;29;4;5;4;73;1;90;3;7;5;14;2;16;2;24;5;9;7;36;0;0;0;0;0;0;0;0;0;0;0;0;0;0;0;0;0;0;0;0;0;0;0;0;0;0;0;0;0;0
09.01.2024;15:18;A 20;1;2;34;5;39;6;7;8;9;2;51;2;93;0;0;1;0;4;92;0;100;6;10;0;100;0;100;0;0;9;52;8;39;6;45;22;14;8;15;7;8;4;79;0;0;3;4;3;5;7;77;0;100;4;92;3;89;0;100;0;100;12;13;6;9;0;0;0;0;0;0;0;0;0;0;0;0;0;0;0;0;0;0;0;0;0;0;0;0;0;0;0;0;0;0
09.01.2024;15:17;A 20;1;0;100;0;100;4;24;4;27;1;96;0;100;1;1;0;0;7;69;3;84;4;6;8;77;0;100;3;8;3;89;6;88;3;73;6;11;3;69;5;50;1;51;0;0;3;4;3;4;7;85;0;100;3;49;2;26;3;62;2;41;3;4;3;4;0;0;0;0;0;0;0;0;0;0;0;0;0;0;0;0;0;0;0;0;0;0;0;0;0;0;0;0;0;0
09.01.2024;15:16;A 20;1;4;86;5;83;13;21;12;19;4;71;0;100;4;6;5;7;0;100;0;100;5;8;0;100;0;100;7;14;9;69;6;41;8;66;9;38;10;33;5;5;2;67;0;0;1;1;1;1;0;100;0;100;1;53;1;69;1;62;1;74;5;7;5;6;2;3;0;0;0;0;0;0;1;1;0;0;0;0;0;0;0;0;0;0;0;0;0;0;0;0;0;0;0;0
09.01.2024;15:15;A 20;1;1;91;0;100;5;75;4;80;4;91;1;99;3;3;0;2;12;23;7;61;13;18;6;83;1;98;4;6;0;100;1;76;0;0;6;74;1;47;4;7;2;34;0;0;2;2;2;2;7;86;0;100;4;27;4;29;2;37;2;39;12;18;10;12;0;0;0;0;0;0;0;0;0;0;0;0;0;0;0;0;0;0;0;0;0;0;0;0;0;0;0;0;0;0
09.01.2024;15:14;A 20;1;1;46;3;80;4;32;1;26;5;89;0;100;4;87;6;12;0;0;0;0;1;1;1;58;1;71;4;6;10;47;4;15;11;38;2;26;9;13;1;0;3;87;0;0;4;5;4;5;1;95;0;100;1;86;0;100;1;99;0;100;5;7;3;6;0;0;0;0;0;0;0;0;0;0;0;0;0;0;0;0;0;0;0;0;0;0;0;0;0;0;0;0;0;0
09.01.2024;15:13;A 20;1;1;94;1;87;4;15;6;25;2;42;0;100;5;6;6;9;13;54;3;83;9;14;5;53;3;56;5;6;0;100;1;86;1;70;5;76;3;6;4;5;4;66;0;0;1;1;0;0;3;19;1;31;1;37;4;34;0;36;2;52;6;8;5;6;0;0;0;0;0;0;0;0;0;0;0;0;0;0;0;0;0;0;0;0;0;0;0;0;0;0;0;0;0;0
09.01.2024;15:12;A 20;1;2;82;1;70;10;35;8;49;0;0;9;55;0;0;0;0;0;100;0;100;2;3;3;5;0;11;0;0;13;67;14;47;10;72;12;33;9;20;11;52;0;98;0;0;2;3;2;2;1;38;2;44;0;100;0;0;1;93;0;0;6;10;3;6;0;0;0;0;0;0;0;0;0;0;1;1;0;0;0;0;0;0;0;0;0;0;0;0;0;0;0;0;0;0
09.01.2024;15:11;A 20;1;1;39;2;40;2;4;4;5;8;11;0;29;4;12;0;0;5;13;4;31;6;8;2;55;4;48;3;3;1;88;1;90;3;75;1;7;5;13;4;50;3;37;0;0;3;3;3;3;7;17;1;31;7;65;5;57;3;76;1;70;12;20;9;14;0;0;1;1;0;0;0;0;0;0;1;1;0;0;0;0;0;0;0;0;0;0;0;0;0;0;0;0;0;0
09.01.2024;15:10;A 20;1;3;56;2;63;8;10;6;10;1;76;1;83;5;68;10;16;4;5;0;17;0;0;4;12;0;18;0;0;10;54;7;47;5;34;4;25;8;37;7;30;2;93;0;0;2;2;2;2;1;72;1;80;1;68;1;71;1;75;1;76;5;8;2;2;0;0;0;0;0;0;0;0;0;0;0;0;0;0;0;0;0;0;0;0;0;0;0;0;0;0;0;0;0;0
09.01.2024;15:09;A 20;1;1;7;1;18;1;1;1;2;0;33;2;2;0;0;0;0;10;69;1;94;11;24;0;100;1;76;4;4;6;78;2;50;7;48;7;28;6;8;3;4;2;25;0;0;1;1;1;0;5;42;3;54;7;65;3;58;0;78;0;68;9;13;9;13;0;0;0;0;0;0;0;0;0;0;0;0;0;0;0;0;0;0;0;0;0;0;0;0;0;0;0;0;0;0
09.01.2024;15:08;A 20;1;0;95;2;93;6;46;5;71;1;14;8;11;1;0;1;1;8;56;6;90;9;12;3;41;1;53;1;1;8;78;7;74;3;92;6;34;7;15;4;9;0;100;0;0;2;2;2;2;3;22;5;26;6;46;5;69;5;57;3;83;6;9;6;8;0;0;0;0;0;0;0;0;0;0;0;0;0;0;0;0;0;0;0;0;0;0;0;0;0;0;0;0;0;0
09.01.2024;15:07;A 20;1;2;73;2;70;3;3;3;3;8;42;2;60;5;11;4;8;5;87;0;99;5;7;1;1;2;11;3;5;1;66;1;75;1;68;4;53;4;8;5;7;2;25;0;0;2;2;1;0;2;46;0;48;3;94;3;2;0;100;1;94;8;13;1;1;0;0;0;0;0;0;0;0;0;0;0;0;0;0;0;0;0;0;0;0;0;0;0;0;0;0;0;0;0;0
09.01.2024;15:06;A 20;1;0;100;0;96;4;52;1;46;0;100;0;100;2;4;1;1;12;27;1;57;6;13;8;54;0;70;2;3;5;72;3;63;3;81;5;47;5;14;3;3;0;0;0;0;0;0;0;0;4;63;3;74;1;52;2;1;1;60;1;60;10;18;8;13;0;0;0;0;0;0;0;0;0;0;0;0;0;0;0;0;0;0;0;0;0;0;0;0;0;0;0;0;0;0
09.01.2024;15:05;A 20;1;2;42;2;39;4;5;4;8;2;64;10;43;3;3;4;5;5;69;1;86;12;28;0;100;0;100;5;5;3;3;3;3;3;5;1;7;1;0;1;0;3;44;0;0;1;1;1;1;4;72;1;59;4;84;4;82;2;66;3;94;4;7;0;0;0;0;2;6;0;0;0;0;0;0;0;0;0;0;0;0;0;0;0;0;0;0;0;0;0;0;0;0;0;0
09.01.2024;15:04;A 20;1;0;100;0;100;2;56;4;14;1;56;7;16;1;1;1;1;17;30;2;67;5;44;5;84;0;100;2;3;3;92;3;91;0;100;2;7;4;14;5;24;1;83;0;0;3;3;2;2;1;44;1;52;11;42;9;69;0;35;2;89;12;39;10;17;0;0;0;0;1;1;0;0;0;0;0;0;0;0;0;0;0;0;0;0;0;0;0;0;0;0;0;0;0;0
09.01.2024;15:03;A 20;1;3;61;3;40;13;18;9;11;4;75;0;84;2;28;2;3;0;100;1;97;9;70;1;80;2;67;4;4;15;57;10;35;3;90;3;43;14;22;9;11;0;67;0;0;0;0;0;0;2;77;0;81;0;100;0;100;0;100;0;100;10;18;2;3;0;0;0;0;0;0;0;0;0;0;0;0;0;0;0;0;0;0;0;0;0;0;0;0;0;0;0;0;0;0
09.01.2024;15:02;A 20;1;0;100;0;100;0;100;0;100;1;91;0;100;3;4;2;2;5;61;2;31;4;7;4;63;0;71;0;0;2;95;2;95;0;100;1;78;0;0;3;8;1;85;0;0;1;0;1;1;2;59;3;60;8;63;4;48;4;55;3;60;9;14;3;4;0;0;0;0;0;0;0;0;0;0;0;0;0;0;0;0;0;0;0;0;0;0;0;0;0;0;0;0;0;0
09.01.2024;15:01;A 20;1;1;47;1;50;6;17;5;27;6;68;7;93;6;8;7;9;0;100;1;74;4;4;1;91;1;27;3;4;10;62;5;32;8;76;6;44;12;26;3;6;7;54;0;0;2;56;2;2;1;63;1;35;1;65;0;100;2;75;0;100;9;15;4;7;0;0;0;0;0;0;0;0;0;0;0;0;0;0;0;0;0;0;0;0;0;0;0;0;0;0;0;0;0;0
09.01.2024;15:00;A 20;1;0;100;2;79;2;3;1;2;1;38;3;48;1;1;2;2;10;42;7;47;8;8;6;60;1;72;4;5;2;94;3;93;0;100;3;43;3;41;6;30;0;100;0;0;2;4;2;2;5;40;2;33;6;20;5;36;0;32;4;56;11;17;11;16;0;0;0;0;0;0;1;1;0;0;0;0;0;0;1;1;0;0;0;0;0;0;0;0;0;0;0;0;0;0
09.01.2024;14:59;A 20;1;1;97;4;67;9;35;7;34;7;77;0;90;5;16;5;7;1;93;1;55;4;4;1;92;1;55;2;3;7;54;7;34;5;60;4;30;4;24;2;22;5;85;0;0;5;89;2;3;1;93;2;13;0;100;0;100;1;99;0;100;3;4;2;3;0;0;0;0;1;1;0;0;1;1;0;0;1;10;0;0;0;0;0;0;0;0;0;0;0;0;0;0;0;0
09.01.2024;14:58;A 20;1;0;100;0;100;3;73;5;77;5;91;0;100;3;10;2;1;15;49;5;84;13;19;6;76;1;89;2;2;1;90;1;80;3;92;2;56;5;10;6;18;4;72;0;0;4;54;6;18;5;26;1;38;5;50;5;50;1;53;1;67;11;23;7;12;0;0;0;0;0;0;0;0;0;0;0;0;0;0;0;0;0;0;0;0;0;0;0;0;0;0;0;0;0;0
09.01.2024;14:57;A 20;1;2;66;1;55;4;5;3;22;0;100;0;100;0;100;1;1;1;55;1;63;7;9;3;63;1;75;5;7;11;54;10;51;1;79;3;70;7;55;5;56;0;100;0;0;3;6;3;5;1;77;3;71;1;78;1;48;2;68;1;54;7;10;6;7;0;0;0;0;0;0;1;1;0;0;0;0;0;0;1;1;0;0;0;0;0;0;0;0;0;0;0;0;0;0
09.01.2024;14:56;A 20;1;3;51;2;27;4;4;3;4;8;83;0;100;8;52;5;26;4;70;1;80;1;1;0;100;0;100;0;0;4;81;1;82;1;94;4;84;6;67;6;57;6;37;0;0;3;5;3;4;1;32;1;7;6;70;3;65;1;82;0;73;9;12;12;18;0;0;0;0;1;1;0;0;1;1;0;0;0;0;0;0;0;0;0;0;0;0;0;0;0;0;0;0;0;0
09.01.2024;14:55;A 20;1;1;93;2;87;5;5;5;4;0;100;1;55;4;24;7;11;5;42;4;67;7;11;3;73;1;85;3;4;9;78;9;73;0;100;0;99;8;62;5;67;1;66;0;0;4;5;4;5;3;53;2;11;3;54;1;25;4;67;2;29;6;6;1;1;0;0;0;0;0;0;1;1;0;0;0;0;0;0;1;1;0;0;0;0;0;0;0;0;0;0;0;0;0;0
09.01.2024;14:54;A 20;1;2;79;1;71;7;25;5;14;4;72;9;81;2;3;2;3;3;55;1;98;4;8;0;100;0;100;1;1;8;53;7;38;4;70;5;55;7;20;7;18;3;59;0;0;2;2;1;1;2;68;2;76;2;89;2;91;0;93;0;95;12;26;6;16;0;0;0;0;0;0;0;0;0;0;0;0;1;1;0;0;0;0;0;0;0;0;0;0;0;0;0;0;0;0
09.01.2024;14:53;A 20;1;2;89;0;100;4;43;3;42;1;88;2;63;3;3;3;3;9;34;5;68;4;6;7;83;0;100;2;3;1;90;1;25;2;75;2;98;4;17;5;9;1;72;0;0;2;1;2;1;3;48;4;51;9;62;5;62;3;54;2;77;13;20;7;8;0;0;0;0;0;0;0;0;0;0;0;0;0;0;1;1;0;0;0;0;0;0;0;0;0;0;0;0;0;0
09.01.2024;14:52;A 20;1;1;74;0;100;8;52;11;56;2;92;0;96;1;2;1;1;2;73;3;73;7;10;6;87;0;100;6;11;10;50;7;40;2;67;0;100;7;10;3;13;2;54;0;0;2;1;2;2;1;97;1;93;1;98;1;98;1;99;0;100;8;15;4;5;0;0;0;0;0;0;0;0;0;0;0;0;0;0;0;0;0;0;0;0;0;0;0;0;0;0;0;0;0;0
09.01.2024;14:51;A 20;1;1;96;1;94;5;41;5;12;5;71;7;98;3;4;3;4;11;68;2;99;6;8;1;97;0;100;5;7;3;88;1;94;1;93;0;100;5;9;5;8;8;26;0;0;5;10;3;6;7;74;0;89;6;63;4;57;4;87;3;79;8;16;6;6;0;0;0;0;0;0;0;0;0;0;0;0;0;0;0;0;0;0;0;0;0;0;0;0;0;0;0;0;0;0
09.01.2024;14:50;A 20;1;1;64;1;82;2;2;3;39;1;97;2;95;3;5;2;3;7;43;4;72;9;12;3;79;3;83;4;3;10;81;9;64;0;100;0;100;11;65;8;23;1;98;0;0;3;26;4;5;1;24;1;31;1;32;1;17;2;25;3;24;8;11;6;9;1;1;0;0;0;0;0;0;1;1;0;0;0;0;0;0;0;0;0;0;0;0;0;0;0;0;0;0;0;0
09.01.2024;14:49;A 20;1;3;56;0;100;8;11;11;13;3;50;2;59;4;6;4;6;5;89;0;100;2;4;1;79;2;58;3;3;5;44;5;25;2;33;0;100;4;5;4;3;3;52;0;0;5;8;4;6;3;58;0;64;3;86;3;67;0;89;1;76;8;13;2;2;1;1;0;0;0;0;0;0;1;1;0;0;0;0;0;0;0;0;0;0;0;0;0;0;0;0;0;0;0;0
09.01.2024;14:48;A 20;1;0;100;0;100;3;82;2;3;1;14;3;66;1;1;3;3;11;34;4;84;13;17;4;56;0;65;0;0;4;89;2;93;4;68;0;100;5;10;4;9;1;55;0;0;1;1;2;2;4;59;4;16;8;27;5;13;3;51;0;29;7;13;7;13;0;0;0;0;0;0;0;0;0;0;0;0;0;0;0;0;0;0;0;0;0;0;0;0;0;0;0;0;0;0
09.01.2024;14:47;A 20;1;1;87;1;84;5;5;6;35;4;17;12;60;4;4;4;4;1;95;0;100;4;7;1;81;1;90;3;4;12;31;15;52;0;100;1;99;9;29;10;35;3;57;0;0;1;3;1;2;1;1;1;6;1;95;1;90;0;100;1;95;5;6;5;8;0;0;0;0;0;0;0;0;0;0;0;0;0;0;0;0;0;0;0;0;0;0;0;0;0;0;0;0;0;0
09.01.2024;14:46;A 20;1;1;53;1;54;4;8;6;27;3;4;0;6;0;0;0;0;8;42;4;70;10;16;5;81;0;91;3;4;0;100;1;97;0;100;0;100;2;96;5;53;2;77;0;0;3;5;2;3;7;16;5;45;8;16;7;39;1;54;1;55;13;44;13;16;0;0;0;0;0;0;0;0;1;1;0;0;0;0;0;0;0;0;0;0;0;0;0;0;0;0;0;0;0;0
09.01.2024;14:45;A 20;1;1;79;2;79;9;54;10;53;1;95;2;57;6;8;5;7;1;48;1;58;3;3;5;42;1;56;2;4;11;71;16;53;1;99;0;100;11;63;13;23;2;22;0;0;3;2;3;3;0;99;2;30;0;0;2;58;0;100;2;64;6;11;3;4;0;0;0;0;0;0;0;0;0;0;0;0;1;1;0;0;0;0;0;0;0;0;0;0;0;0;0;0;0;0
09.01.2024;14:44;A 20;1;2;94;2;81;5;43;5;13;6;57;1;40;2;27;2;3;9;68;0;92;6;11;0;99;0;100;2;1;3;91;1;84;0;100;0;100;2;89;18;46;4;23;0;0;1;1;1;1;8;42;3;55;4;60;1;56;1;71;0;59;12;20;9;10;0;0;0;0;0;0;0;0;0;0;0;0;0;0;0;0;0;0;0;0;0;0;0;0;0;0;0;0;0;0
09.01.2024;14:43;A 20;1;1;89;0;88;7;30;6;61;0;100;0;100;1;46;1;1;6;50;4;75;5;6;6;59;2;55;4;5;10;78;8;66;0;100;1;41;9;82;7;71;0;100;0;0;2;5;2;3;2;59;1;69;1;81;1;39;2;69;1;45;5;9;7;9;0;0;0;0;0;0;0;0;0;0;0;0;0;0;0;0;0;0;0;0;0;0;0;0;0;0;0;0;0;0
09.01.2024;14:42;A 20;1;2;58;1;82;6;7;4;5;6;72;2;95;5;50;4;6;6;38;0;100;8;17;1;58;1;68;7;9;3;69;1;56;3;80;0;95;6;14;5;14;2;39;0;0;2;3;2;3;4;89;1;69;6;82;5;80;0;95;1;94;12;20;2;3;0;0;1;1;0;0;0;0;0;0;1;1;0;0;0;0;0;0;0;0;0;0;0;0;0;0;0;0;0;0
09.01.2024;14:41;A 20;1;0;100;0;100;7;74;9;81;1;95;1;88;4;69;5;8;14;19;3;60;8;32;6;9;1;55;2;3;3;83;5;77;2;51;0;100;3;35;4;4;1;28;0;0;2;2;2;3;2;67;2;76;2;62;5;76;4;48;1;88;7;18;9;9;0;0;1;1;0;0;0;0;0;0;1;1;1;2;0;0;0;0;0;0;0;0;0;0;0;0;0;0;0;0
09.01.2024;14:40;A 20;1;1;23;3;27;2;10;4;9;3;64;1;69;1;1;1;1;4;58;2;60;11;34;0;0;0;100;5;9;11;58;3;5;1;99;0;100;9;16;2;3;3;35;0;0;3;3;3;3;4;70;1;71;3;97;2;94;0;100;0;100;4;7;2;4;0;0;0;0;0;0;0;0;0;0;0;0;1;1;0;0;0;0;0;0;0;0;0;0;0;0;0;0;0;0
09.01.2024;14:39;A 20;1;0;100;0;100;4;18;3;44;1;57;8;68;4;6;4;5;11;31;3;52;5;5;5;69;0;100;1;1;0;98;2;56;1;5;1;99;1;94;4;7;0;0;0;0;0;0;0;0;2;32;1;6;4;32;2;19;3;42;2;25;7;12;8;16;0;0;1;1;0;0;0;0;0;0;1;1;0;0;1;1;0;0;0;0;0;0;0;0;0;0;0;0;0;0
09.01.2024;14:38;A 20;1;2;98;3;90;11;20;12;43;3;83;8;95;3;7;3;6;1;43;1;53;9;16;1;26;2;24;4;5;12;62;9;28;2;81;3;73;10;46;6;5;6;86;0;0;4;20;4;4;4;40;2;40;1;88;1;50;3;61;1;54;9;13;5;7;0;0;0;0;0;0;0;0;1;1;0;0;1;2;0;0;0;0;0;0;0;0;0;0;0;0;0;0;0;0
09.01.2024;14:37;A 20;1;2;83;2;91;5;8;6;63;5;29;3;96;3;3;3;4;6;55;0;69;4;6;3;59;1;92;2;3;1;89;2;66;0;100;0;100;5;16;5;8;3;23;0;0;2;2;2;2;3;37;0;38;5;57;5;53;1;71;0;63;9;16;9;10;0;0;1;1;0;0;0;0;1;1;1;1;0;0;0;0;0;0;0;0;0;0;0;0;0;0;0;0;0;0
09.01.2024;14:36;A 20;1;0;73;1;82;3;29;5;12;0;100;5;80;2;4;3;3;8;68;3;43;3;6;2;4;2;22;2;2;6;69;6;65;0;100;0;100;5;12;3;20;0;100;0;0;2;3;2;3;1;88;2;94;1;65;3;16;1;73;1;70;2;6;2;3;0;0;0;0;0;0;0;0;0;0;0;0;0;0;0;0;0;0;0;0;0;0;0;0;0;0;0;0;0;0
09.01.2024;14:35;A 20;1;2;17;2;13;2;2;3;2;4;61;1;51;1;1;1;1;5;69;1;83;11;16;0;0;0;100;0;0;3;60;1;55;3;39;0;100;4;16;3;4;5;88;0;0;5;14;3;4;0;0;0;0;2;18;2;73;1;26;1;79;6;12;7;11;0;0;0;0;0;0;0;0;0;0;0;0;1;1;0;0;0;0;0;0;0;0;0;0;0;0;0;0;0;0
09.01.2024;14:34;A 20;1;3;30;2;19;6;5;3;3;1;50;2;36;4;6;4;5;11;25;1;48;2;3;0;50;1;25;1;0;3;88;4;90;3;17;0;100;4;6;3;5;1;78;0;0;2;7;3;6;5;17;0;24;6;17;7;64;1;29;2;85;10;19;10;16;0;0;0;0;0;0;0;0;0;0;0;0;0;0;0;0;0;0;0;0;0;0;0;0;0;0;0;0;0;0
09.01.2024;14:33;A 20;1;3;54;4;26;4;5;5;5;5;77;1;84;1;1;1;1;1;67;1;75;11;21;1;18;1;7;1;1;8;50;6;32;1;58;0;100;5;6;3;30;0;0;0;0;0;0;0;0;3;80;2;82;1;98;1;85;0;100;1;91;7;14;5;6;0;0;0;0;0;0;0;0;0;0;0;0;0;0;0;0;0;0;0;0;0;0;0;0;0;0;0;0;0;0
09.01.2024;14:32;A 20;1;2;70;1;11;5;14;1;1;3;72;2;95;2;2;2;2;7;52;2;72;5;5;3;50;1;66;3;4;1;90;1;82;2;90;0;100;5;10;5;19;6;17;0;0;2;16;1;1;1;18;3;10;4;51;6;55;1;66;1;69;13;22;12;17;0;0;0;0;0;0;1;1;0;0;0;0;0;0;1;1;0;0;0;0;0;0;0;0;0;0;0;0;0;0
09.01.2024;14:31;A 20;1;0;76;0;79;3;5;5;57;1;59;0;100;3;4;3;4;3;52;2;67;6;7;4;20;0;29;1;1;8;65;4;59;2;86;0;100;6;27;3;3;0;100;0;0;3;16;4;6;2;8;1;10;1;72;1;0;2;16;1;10;8;12;7;11;0;0;0;0;0;0;0;0;0;0;0;0;1;1;0;0;0;0;0;0;0;0;0;0;0;0;0;0;0;0
09.01.2024;14:30;A 20;1;2;96;2;89;7;11;8;14;3;42;1;92;1;2;0;0;2;60;2;14;1;2;1;96;0;100;2;2;4;56;3;23;2;48;0;100;4;8;2;2;4;47;0;0;5;7;4;5;6;58;5;60;7;81;4;69;1;95;1;82;8;14;8;11;0;0;0;0;0;0;0;0;0;0;0;0;0;0;0;0;0;0;0;0;0;0;0;0;0;0;0;0;0;0
09.01.2024;14:29;A 20;1;1;97;0;100;4;6;3;8;4;86;1;98;4;5;4;6;12;34;3;62;4;7;1;23;2;11;4;5;1;98;1;98;1;75;0;100;3;3;2;3;0;0;0;0;0;0;1;1;1;36;1;10;8;77;4;24;0;100;2;43;13;28;7;8;0;0;0;0;0;0;3;5;0;0;0;0;0;0;0;0;0;0;0;0;0;0;0;0;0;0;0;0;0;0
09.01.2024;14:28;A 20;1;1;56;1;63;4;35;7;39;6;88;0;100;3;93;4;11;1;86;2;69;9;12;0;0;1;3;0;0;11;60;11;53;3;79;0;100;7;36;8;41;3;86;0;0;3;5;3;4;2;51;2;47;0;100;1;89;0;100;1;94;7;12;2;4;0;0;0;0;0;0;2;3;0;0;0;0;0;0;0;0;0;0;0;0;0;0;0;0;0;0;0;0;0;0
09.01.2024;14:27;A 20;1;0;100;0;100;2;25;3;67;6;89;0;100;8;68;5;22;7;42;1;55;2;1;2;87;1;84;2;3;0;100;1;95;1;96;0;100;4;23;4;45;1;20;0;0;1;1;0;0;2;2;2;8;5;64;5;36;3;78;2;55;13;24;6;7;1;1;0;0;0;0;0;0;1;1;0;0;0;0;0;0;0;0;0;0;0;0;0;0;0;0;0;0;0;0
09.01.2024;14:26;A 20;1;2;59;5;68;5;6;8;7;2;93;0;100;2;2;4;32;1;77;2;60;7;10;2;47;1;9;2;1;9;44;8;38;4;71;0;100;5;6;6;6;2;78;0;0;2;9;2;4;1;26;1;7;1;57;1;68;2;54;1;73;2;3;2;1;0;0;0;0;1;1;0;0;0;0;0;0;1;1;0;0;0;0;0;0;0;0;0;0;0;0;0;0;0;0
09.01.2024;14:25;A 20;1;2;75;2;73;3;3;4;4;8;82;0;100;8;43;6;9;10;75;0;94;7;12;1;97;1;79;2;2;1;29;1;69;1;44;2;91;5;12;4;5;1;22;0;0;0;0;0;0;6;26;4;45;4;66;2;62;0;78;1;75;11;14;11;16;0;0;0;0;0;0;0;0;0;0;0;0;0;0;0;0;0;0;0;0;0;0;0;0;0;0;0;0;0;0
09.01.2024;14:24;A 20;1;0;81;1;91;4;36;6;55;0;100;0;100;0;100;3;5;5;57;6;73;6;8;6;63;3;45;2;2;8;72;4;66;2;91;0;100;6;10;3;6;1;44;0;0;2;2;2;2;2;3;1;8;3;87;1;22;3;62;1;27;10;16;8;9;0;0;0;0;0;0;1;1;0;0;0;0;0;0;1;1;0;0;0;0;0;0;0;0;0;0;0;0;0;0
09.01.2024;14:23;A 20;1;4;48;1;87;7;7;9;10;9;75;0;100;8;75;3;64;5;87;1;52;6;20;1;99;1;94;3;3;7;73;5;49;0;100;0;100;7;8;5;5;2;41;0;0;1;1;1;1;8;78;1;99;6;85;5;77;0;100;0;95;8;13;6;24;2;3;0;0;0;0;0;0;0;0;0;0;0;0;0;0;0;0;0;0;0;0;0;0;0;0;0;0;0;0
09.01.2024;14:22;A 20;1;1;89;0;100;8;60;5;88;0;100;0;100;1;97;3;88;10;23;5;41;10;12;3;41;1;57;4;4;5;7;6;85;0;100;0;100;6;41;6;29;0;100;0;0;0;0;0;0;1;61;1;71;2;58;1;27;2;53;4;41;4;16;9;18;0;0;0;0;0;0;0;0;0;0;0;0;0;0;0;0;0;0;0;0;0;0;0;0;0;0;0;0;0;0
09.01.2024;14:21;A 20;1;1;46;2;53;4;24;5;23;7;85;0;100;20;17;3;93;1;1;1;8;1;1;1;58;2;47;2;2;8;25;11;54;0;100;0;100;4;24;8;21;5;89;0;0;4;75;3;8;2;43;2;29;1;86;1;65;2;64;1;69;3;4;0;0;0;0;0;0;1;1;0;0;0;0;0;0;1;2;0;0;0;0;0;0;0;0;0;0;0;0;0;0;0;0
09.01.2024;14:20;A 20;1;0;100;0;100;2;15;2;30;3;91;0;100;18;21;8;39;8;8;5;31;7;10;1;66;2;19;4;2;0;100;0;100;0;100;0;100;4;47;2;11;1;61;0;0;3;4;4;8;4;8;3;19;5;28;6;31;2;40;0;45;12;24;10;15;0;0;1;1;2;3;0;0;0;0;0;0;0;0;0;0;0;0;0;0;0;0;0;0;0;0;0;0;0;0
09.01.2024;14:19;A 20;1;0;100;2;66;12;45;6;34;5;89;0;100;2;90;0;100;0;0;0;0;1;0;1;11;1;6;1;1;11;59;4;47;0;100;0;100;8;42;3;6;5;90;0;0;4;56;3;4;2;72;2;67;1;85;1;89;2;73;0;100;4;3;3;4;0;0;0;0;0;0;0;0;0;0;0;0;0;0;0;0;0;0;0;0;0;0;0;0;0;0;0;0;0;0
09.01.2024;14:18;A 20;1;1;96;0;100;4;50;2;84;6;83;0;100;6;81;6;76;8;8;6;72;6;6;5;42;2;91;2;2;1;91;1;60;2;92;1;81;6;22;3;3;2;38;0;0;3;3;3;4;3;11;3;15;3;42;2;26;0;44;0;100;10;10;6;8;0;0;0;0;0;0;0;0;0;0;0;0;0;0;0;0;0;0;0;0;0;0;0;0;0;0;0;0;0;0
09.01.2024;14:17;A 20;1;2;72;2;81;6;5;7;18;0;100;0;100;0;100;2;73;8;67;3;91;6;6;2;19;1;66;6;7;7;51;3;44;1;70;3;60;4;6;2;1;1;94;0;0;1;1;1;2;1;27;1;6;1;78;1;1;2;10;1;10;3;5;2;3;0;0;0;0;0;0;0;0;0;0;0;0;0;0;0;0;0;0;0;0;0;0;0;0;0;0;0;0;0;0
09.01.2024;14:16;A 20;1;0;100;3;69;4;3;4;3;5;88;0;100;5;83;4;47;8;73;0;100;9;21;1;99;1;3;0;0;5;68;3;65;2;86;3;79;8;15;3;3;2;34;0;0;1;1;1;1;2;43;1;46;3;68;1;61;1;76;2;71;5;7;4;4;0;0;0;0;0;0;0;0;0;0;0;0;0;0;0;0;0;0;0;0;0;0;0;0;0;0;0;0;0;0
09.01.2024;14:15;A 20;1;0;100;0;78;3;3;2;2;0;100;0;100;3;85;6;9;8;22;3;39;6;7;2;44;1;52;1;1;6;83;7;82;0;100;0;100;6;41;7;13;0;0;0;0;0;0;0;0;1;41;2;14;6;45;2;7;2;58;1;15;4;6;3;3;0;0;0;0;1;1;0;0;0;0;0;0;0;0;0;0;0;0;0;0;0;0;0;0;0;0;0;0;0;0
09.01.2024;14:14;A 20;1;0;100;3;33;4;14;5;12;6;79;1;91;5;65;5;7;1;97;1;90;6;8;1;84;2;61;2;2;8;48;11;33;0;100;0;100;5;15;8;17;1;65;0;0;0;0;0;0;3;69;0;79;0;100;1;25;2;30;1;30;6;12;5;6;0;0;0;0;0;0;0;0;0;0;0;0;0;0;0;0;0;0;0;0;0;0;0;0;0;0;0;0;0;0
09.01.2024;14:13;A 20;1;0;100;2;47;4;3;4;6;1;47;2;35;3;3;4;5;4;43;1;57;2;3;2;64;1;76;1;1;1;85;1;55;0;100;0;100;5;10;5;9;4;50;0;0;2;2;2;2;8;32;2;55;8;54;5;38;1;67;1;54;10;14;9;11;0;0;0;0;0;0;0;0;0;0;0;0;0;0;0;0;0;0;0;0;0;0;0;0;0;0;0;0;0;0
09.01.2024;14:12;A 20;1;0;100;0;68;3;4;3;53;0;42;5;5;0;0;0;0;1;55;1;64;4;5;4;9;0;15;3;4;5;49;4;46;0;100;0;100;2;2;2;1;0;100;0;0;3;5;3;4;1;95;1;86;1;80;1;68;1;88;1;72;11;18;0;0;0;0;0;0;0;0;0;0;0;0;0;0;0;0;0;0;0;0;0;0;0;0;0;0;0;0;0;0;0;0
09.01.2024;14:11;A 20;1;0;100;0;100;1;3;3;51;3;79;1;47;2;2;2;2;7;63;2;78;6;8;0;100;1;62;5;5;2;59;2;47;2;49;0;100;4;8;3;5;3;14;0;0;2;2;2;3;5;14;4;28;3;66;2;42;1;62;2;53;7;7;3;3;0;0;0;0;0;0;0;0;1;1;1;1;0;0;0;0;0;0;0;0;0;0;0;0;0;0;0;0;0;0
09.01.2024;14:10;A 20;1;2;22;4;25;6;7;5;4;1;6;4;18;2;2;2;3;6;7;2;18;3;3;4;79;1;43;2;2;11;75;3;72;0;100;0;100;10;38;4;10;1;85;0;0;1;2;1;1;1;4;1;5;2;2;0;0;2;7;0;0;6;8;5;4;0;0;0;0;0;0;0;0;0;0;0;0;0;0;0;0;0;0;0;0;0;0;0;0;0;0;0;0;0;0
09.01.2024;14:09;A 20;1;5;23;3;23;5;3;6;4;1;55;0;57;0;0;1;0;3;8;1;45;8;16;0;100;0;100;2;1;6;41;4;50;5;53;1;69;6;7;2;7;2;4;0;0;2;1;2;3;4;67;1;74;2;86;1;0;2;89;1;86;8;11;3;4;1;1;0;0;0;0;0;0;0;0;0;0;0;0;0;0;0;0;0;0;0;0;0;0;0;0;0;0;0;0
09.01.2024;14:08;A 20;1;1;1;0;100;0;0;3;6;1;77;2;7;2;2;2;3;11;29;1;52;7;16;5;70;2;86;5;8;1;96;2;84;1;93;3;71;3;6;5;10;2;36;0;0;2;2;2;2;4;31;3;43;6;57;4;25;1;74;1;49;8;18;8;13;0;0;0;0;0;0;0;0;1;1;0;0;0;0;0;0;0;0;0;0;0;0;0;0;0;0;0;0;0;0
09.01.2024;14:07;A 20;1;2;27;3;33;5;7;7;8;3;53;7;25;3;4;4;4;2;56;1;64;7;8;3;81;3;21;3;3;10;43;6;38;1;88;6;58;6;46;3;39;2;5;0;0;2;5;2;4;1;95;0;100;0;100;0;100;0;100;0;100;7;10;3;7;1;1;0;0;0;0;0;0;1;1;0;0;0;0;0;0;0;0;0;0;0;0;0;0;0;0;0;0;0;0
09.01.2024;14:06;A 20;1;1;4;2;13;1;0;2;2;2;25;0;30;0;0;0;0;4;57;1;66;1;1;4;80;1;97;3;3;1;84;2;69;0;100;4;58;5;31;6;12;3;28;0;0;0;0;0;0;2;27;3;33;6;79;2;74;3;88;3;87;6;7;3;4;0;0;0;0;0;0;0;0;0;0;0;0;0;0;0;0;0;0;0;0;0;0;0;0;0;0;0;0;0;0
09.01.2024;14:05;A 20;1;1;34;2;42;3;4;3;4;0;100;0;100;1;2;3;2;9;20;3;55;6;8;4;52;0;60;5;5;4;89;3;85;0;100;1;95;2;3;1;3;1;67;0;0;4;7;4;5;0;0;0;0;2;47;5;42;1;57;1;62;8;12;5;8;0;0;0;0;0;0;0;0;0;0;0;0;0;0;0;0;0;0;0;0;0;0;0;0;0;0;0;0;0;0
09.01.2024;14:04;A 20;1;5;49;4;47;6;4;6;13;5;88;2;98;4;34;4;6;1;79;2;85;7;12;1;70;1;78;3;5;10;56;8;36;0;100;3;58;9;20;6;25;4;82;0;0;2;5;1;1;0;83;0;0;1;88;1;58;1;96;0;100;7;11;6;7;0;0;0;0;0;0;0;0;0;0;0;0;0;0;0;0;0;0;0;0;0;0;0;0;0;0;0;0;0;0
09.01.2024;14:03;A 20;1;1;98;2;80;2;2;5;8;3;75;2;74;2;2;2;2;5;39;3;51;4;4;6;82;0;92;3;5;0;100;1;93;0;100;4;86;3;27;4;37;5;73;0;0;4;13;5;6;1;22;1;5;3;37;4;40;0;42;1;51;7;13;10;17;0;0;0;0;0;0;0;0;0;0;0;0;0;0;0;0;0;0;0;0;0;0;0;0;0;0;0;0;0;0
09.01.2024;14:02;A 20;1;1;67;2;56;5;33;8;19;1;39;1;40;3;3;4;4;1;46;1;57;2;1;3;25;1;44;4;6;11;66;11;52;0;100;1;80;10;14;9;52;0;98;0;0;2;4;2;5;1;16;1;7;1;42;1;43;2;42;1;49;12;28;6;6;1;1;0;0;0;0;0;0;0;0;0;0;0;0;0;0;0;0;0;0;0;0;0;0;0;0;0;0;0;0
09.01.2024;14:01;A 20;1;0;100;1;14;4;5;2;2;6;28;0;41;1;33;1;1;7;67;0;81;4;7;0;100;3;65;3;3;2;75;1;71;0;100;2;59;4;6;4;8;1;18;0;0;2;3;2;3;3;6;3;15;8;71;4;68;0;86;0;76;13;26;13;20;0;0;0;0;0;0;0;0;0;0;0;0;0;0;0;0;0;0;0;0;0;0;0;0;0;0;0;0;0;0
09.01.2024;14:00;A 20;1;0;100;0;100;4;92;6;88;0;100;0;100;4;47;3;5;10;15;2;42;4;8;4;75;2;28;4;6;4;87;3;79;0;100;0;89;2;26;2;2;0;0;0;0;0;0;0;0;1;4;1;12;6;33;1;24;6;51;1;33;10;15;3;4;0;0;0;0;0;0;0;0;1;1;0;0;0;0;0;0;0;0;0;0;0;0;0;0;0;0;0;0;0;0
09.01.2024;13:59;A 20;1;0;100;1;96;8;39;9;40;4;41;6;48;5;6;6;8;3;93;0;100;9;16;1;62;1;11;2;2;7;71;3;33;0;100;2;42;7;37;2;1;0;54;0;0;0;0;0;0;4;65;1;64;3;93;3;64;0;100;1;74;8;11;4;6;0;0;0;0;0;0;0;0;0;0;0;0;0;0;0;0;0;0;0;0;0;0;0;0;0;0;0;0;0;0
09.01.2024;13:58;A 20;1;1;69;2;51;3;5;2;2;3;6;1;11;0;4;0;0;7;44;1;93;6;9;4;85;0;92;5;8;0;100;1;60;0;100;2;62;2;75;2;3;2;30;0;0;2;2;2;2;8;62;1;67;6;44;4;41;3;61;0;48;7;44;10;32;0;0;0;0;1;1;0;0;0;0;0;0;0;0;0;0;0;0;0;0;0;0;0;0;0;0;0;0;0;0
09.01.2024;13:57;A 20;1;4;62;3;17;4;5;4;3;1;97;0;100;3;4;3;4;1;59;1;68;5;9;3;58;2;52;2;2;11;67;10;50;0;100;0;82;10;63;6;51;2;54;0;0;1;1;1;1;0;100;0;100;0;100;0;100;0;100;0;100;9;18;6;7;0;0;0;0;0;0;0;0;0;0;0;0;0;0;0;0;0;0;0;0;0;0;0;0;0;0;0;0;0;0
09.01.2024;13:56;A 20;1;2;70;1;10;4;4;1;1;5;55;1;69;2;37;2;3;3;63;1;46;3;4;0;100;1;82;2;3;3;74;4;70;2;87;1;93;5;61;7;41;4;33;0;0;2;17;2;2;3;86;0;100;8;74;5;73;2;99;2;82;4;4;9;8;0;0;0;0;0;0;0;0;0;0;0;0;0;0;0;0;0;0;0;0;0;0;0;0;0;0;0;0;0;0
09.01.2024;13:55;A 20;1;0;98;1;57;4;44;4;26;1;68;2;85;5;36;5;7;8;18;3;33;2;3;6;77;2;89;3;4;3;86;4;85;1;96;0;100;4;6;5;17;0;100;0;0;2;3;2;3;1;54;2;56;4;54;4;7;1;67;1;23;4;6;2;1;0;0;0;0;0;0;0;0;0;0;0;0;0;0;0;0;0;0;0;0;0;0;0;0;0;0;0;0;0;0
09.01.2024;13:54;A 20;1;2;56;2;45;6;16;6;21;3;64;0;70;0;0;1;0;0;95;0;100;9;10;0;100;1;74;3;6;8;18;9;15;1;59;0;100;5;20;6;18;3;67;0;0;2;2;1;1;0;0;0;0;1;98;0;95;0;100;0;100;4;9;6;12;0;0;0;0;0;0;0;0;0;0;0;0;0;0;0;0;0;0;0;0;0;0;0;0;0;0;0;0;0;0
09.01.2024;13:53;A 20;1;0;100;0;100;1;99;3;9;1;86;2;79;4;8;4;5;9;33;5;60;7;8;6;74;2;87;7;8;0;100;1;93;0;100;0;100;3;21;4;69;1;17;0;0;2;2;2;2;0;0;0;0;7;60;7;72;2;83;3;92;9;24;9;11;0;0;0;0;1;1;0;0;0;0;0;0;0;0;0;0;0;0;0;0;0;0;0;0;0;0;0;0;0;0
09.01.2024;13:52;A 20;1;2;34;3;13;5;6;3;3;5;87;0;97;4;23;4;6;1;74;1;83;4;5;1;72;2;75;4;4;11;59;7;28;2;93;2;70;6;37;4;31;4;84;0;0;2;2;2;2;1;53;1;7;1;75;1;98;4;82;0;100;7;8;4;3;1;1;0;0;0;0;0;0;1;1;0;0;0;0;0;0;0;0;0;0;0;0;0;0;0;0;0;0;0;0
09.01.2024;13:51;A 20;1;1;7;1;9;1;1;2;1;4;52;3;44;3;3;3;3;9;48;3;68;2;2;3;76;0;82;2;2;1;98;1;87;1;85;2;82;5;55;5;45;4;54;0;0;4;5;3;4;3;16;3;25;3;40;1;16;0;45;2;30;5;6;4;3;0;0;0;0;0;0;0;0;0;0;0;0;0;0;0;0;0;0;0;0;0;0;0;0;0;0;0;0;0;0
09.01.2024;13:50;A 20;1;0;73;0;79;4;59;5;42;1;98;0;100;2;3;1;3;5;40;4;56;10;14;5;41;4;61;2;3;4;48;4;53;2;76;3;59;3;4;3;4;1;98;0;0;3;3;3;3;1;97;0;2;1;93;0;0;2;87;0;0;1;2;2;2;0;0;0;0;0;0;0;0;0;0;1;1;0;0;0;0;0;0;0;0;0;0;0;0;0;0;0;0;0;0
09.01.2024;13:49;A 20;1;2;64;3;47;3;42;4;6;4;54;6;21;5;4;5;6;6;75;2;83;5;11;1;88;2;93;4;5;5;5;2;55;1;65;5;13;3;3;3;2;5;39;0;0;2;2;2;3;3;39;2;52;2;68;2;68;0;72;1;74;6;6;5;4;0;0;0;0;0;0;0;0;0;0;1;2;0;0;0;0;0;0;0;0;0;0;0;0;0;0;0;0;0;0
09.01.2024;13:48;A 20;1;1;86;1;89;4;27;4;44;1;55;2;6;1;1;1;1;5;32;3;26;7;7;1;26;3;9;3;4;6;81;5;77;0;93;1;85;5;47;6;51;0;100;0;0;2;3;2;2;2;14;2;29;5;52;4;45;4;37;1;57;8;12;5;7;0;0;0;0;2;3;1;3;0;0;0;0;0;0;3;8;0;0;0;0;0;0;0;0;0;0;0;0;0;0
09.01.2024;13:47;A 20;1;0;60;1;65;7;28;6;44;5;36;1;48;5;6;5;6;3;75;4;86;3;4;2;1;0;13;0;0;8;71;3;34;2;91;2;41;8;20;2;2;4;92;0;0;3;81;3;6;1;3;1;7;1;23;1;42;1;32;1;47;2;1;2;2;0;0;0;0;1;1;0;0;0;0;0;0;0;0;0;0;0;0;0;0;0;0;0;0;0;0;0;0;0;0
09.01.2024;13:46;A 20;1;2;21;1;96;3;4;5;6;2;18;0;20;0;0;0;0;7;53;4;74;5;7;3;91;1;75;6;8;2;81;1;51;3;53;2;54;4;4;2;2;1;70;0;0;3;48;3;7;4;52;2;36;4;52;5;6;1;61;11;70;10;13;6;7;0;0;0;0;0;0;0;0;0;0;0;0;1;1;0;0;0;0;0;0;0;0;0;0;0;0;0;0;0;0
09.01.2024;13:45;A 20;1;0;91;0;93;5;75;13;36;0;100;0;100;1;1;1;1;5;59;4;84;7;10;6;56;2;35;1;1;11;69;6;13;1;94;0;100;8;57;3;33;1;0;0;0;1;1;1;0;1;50;1;5;1;77;4;5;1;84;3;88;4;7;2;5;0;0;0;0;1;1;0;0;0;0;0;0;0;0;0;0;0;0;0;0;0;0;0;0;0;0;0;0;0;0
09.01.2024;13:44;A 20;1;1;45;2;49;5;24;6;29;5;55;3;65;3;3;3;4;4;81;1;86;6;8;0;100;0;100;2;3;4;32;3;2;3;95;5;60;6;11;5;4;1;1;0;0;1;0;1;1;0;0;0;0;4;78;2;75;1;85;0;82;4;6;5;6;0;0;0;0;0;0;0;0;1;1;0;0;0;0;0;0;0;0;0;0;0;0;0;0;0;0;0;0;0;0
09.01.2024;13:43;A 20;1;1;66;1;50;3;5;3;5;0;100;1;93;3;6;2;3;5;10;2;27;2;2;6;63;1;80;4;4;5;81;8;82;0;97;0;100;2;55;5;86;0;0;0;0;0;0;0;0;1;3;1;4;5;46;2;3;2;25;1;11;6;6;3;4;0;0;0;0;0;0;0;0;0;0;0;0;0;0;0;0;0;0;0;0;0;0;0;0;0;0;0;0;0;0
09.01.2024;13:42;A 20;1;5;39;4;37;6;14;6;9;7;81;1;87;3;71;3;3;1;12;1;28;4;7;1;76;2;64;6;8;10;48;6;53;3;80;4;67;10;34;6;23;2;34;0;0;2;1;2;2;4;72;3;85;0;99;1;9;0;100;1;15;0;0;0;0;1;1;0;0;0;0;0;0;0;0;0;0;0;0;0;0;0;0;0;0;0;0;0;0;0;0;0;0;0;0
09.01.2024;13:41;A 20;1;1;95;1;91;6;72;5;49;1;83;2;82;5;64;7;10;4;32;1;27;3;3;2;71;0;75;3;2;0;100;1;71;3;95;2;72;5;27;4;7;3;3;0;0;1;0;1;0;2;43;2;33;3;58;2;28;4;27;0;34;4;5;5;5;0;0;0;0;0;0;0;0;0;0;0;0;0;0;0;0;0;0;0;0;0;0;0;0;0;0;0;0;0;0
09.01.2024;13:40;A 20;1;0;54;3;42;2;42;1;1;0;90;0;0;0;0;0;0;1;6;1;8;2;4;3;37;2;46;2;2;7;49;7;38;6;77;0;100;4;29;3;41;2;92;0;0;3;6;2;2;1;32;1;40;1;92;1;33;1;5;1;39;3;4;1;3;0;0;0;0;0;0;0;0;0;0;0;0;0;0;0;0;0;0;0;0;0;0;0;0;0;0;0;0;0;0
09.01.2024;13:39;A 20;1;2;77;2;43;6;50;2;2;2;66;2;34;1;1;1;1;8;67;0;86;7;13;2;96;0;100;3;3;2;67;1;79;12;91;2;50;5;6;5;17;2;78;0;0;3;2;4;4;5;48;3;65;5;56;4;53;0;59;0;65;8;13;5;7;0;0;0;0;1;1;0;0;0;0;0;0;0;0;0;0;0;0;0;0;0;0;0;0;0;0;0;0;0;0
09.01.2024;13:38;A 20;1;2;98;1;88;7;9;2;73;1;69;2;64;2;3;3;3;8;39;2;60;5;9;6;55;2;55;1;1;5;74;6;71;2;91;2;82;3;6;4;47;1;10;0;0;1;1;1;0;1;57;1;64;2;70;2;74;2;59;2;81;10;17;3;5;1;1;0;0;0;0;0;0;0;0;0;0;0;0;0;0;0;0;0;0;0;0;0;0;0;0;0;0;0;0
09.01.2024;13:37;A 20;1;3;68;2;82;5;8;10;40;4;55;0;61;1;48;1;0;5;17;1;36;10;14;0;100;0;100;2;2;8;34;5;39;0;100;2;54;6;9;6;8;5;56;0;0;3;14;2;3;0;0;0;0;2;75;3;77;3;83;2;91;6;10;4;6;0;0;0;0;0;0;0;0;0;0;0;0;0;0;0;0;0;0;0;0;0;0;0;0;0;0;0;0;0;0
09.01.2024;13:36;A 20;1;0;100;0;100;2;28;2;90;0;100;0;100;3;18;4;7;13;27;1;60;4;26;3;81;2;65;8;10;2;94;3;94;0;100;0;100;4;55;4;70;1;67;0;0;3;6;4;4;4;6;4;15;4;13;3;7;1;21;3;19;9;14;6;8;0;0;0;0;1;1;0;0;0;0;0;0;1;2;0;0;0;0;0;0;0;0;0;0;0;0;0;0;0;0
09.01.2024;13:35;A 20;1;1;44;1;52;4;7;4;25;6;80;3;93;4;3;4;5;0;100;1;66;7;11;1;51;1;9;0;0;9;66;7;44;0;100;5;40;7;33;6;6;4;55;0;0;4;5;3;3;3;76;0;82;0;100;0;100;0;100;0;100;7;15;3;2;0;0;0;0;0;0;0;0;0;0;0;0;0;0;0;0;0;0;0;0;0;0;0;0;0;0;0;0;0;0
09.01.2024;13:34;A 20;1;2;64;1;95;3;3;5;72;2;90;2;80;4;6;4;5;10;36;7;36;10;12;4;72;1;80;4;3;0;100;0;100;0;100;1;63;3;82;3;6;0;0;0;0;0;0;0;0;0;0;1;5;5;44;1;47;3;56;1;53;11;23;4;4;0;0;0;0;0;0;0;0;0;0;0;0;0;0;0;0;0;0;0;0;0;0;0;0;0;0;0;0;0;0
09.01.2024;13:33;A 20;1;0;49;1;60;4;15;6;33;4;69;1;83;5;8;5;7;1;12;1;8;2;3;2;80;4;33;4;5;7;51;5;19;0;100;7;31;6;10;5;6;2;68;0;0;2;3;2;2;1;86;1;5;0;100;1;86;1;29;1;91;6;10;5;7;0;0;0;0;0;0;0;0;0;0;0;0;1;1;0;0;0;0;0;0;0;0;0;0;0;0;0;0;0;0
09.01.2024;13:32;A 20;1;3;40;4;30;6;7;5;6;2;35;0;38;1;1;0;1;7;78;0;91;3;4;0;99;0;0;2;1;2;58;2;1;0;100;2;5;4;6;1;0;0;30;0;0;0;0;0;0;2;50;2;29;5;72;4;29;3;71;1;41;9;15;9;16;0;0;1;1;0;0;0;0;0;0;0;0;0;0;0;0;0;0;0;0;0;0;0;0;0;0;0;0;0;0
09.01.2024;13:31;A 20;1;0;92;1;92;2;6;4;11;1;46;2;8;2;3;1;0;4;32;3;41;5;7;7;83;0;59;1;1;5;82;4;75;1;97;3;87;4;46;4;2;1;88;0;0;1;1;0;0;1;68;1;5;3;57;2;1;3;15;2;7;8;16;6;7;0;0;0;0;0;0;0;0;0;0;0;0;0;0;0;0;0;0;0;0;0;0;0;0;0;0;0;0;0;0
09.01.2024;13:30;A 20;1;2;59;2;50;5;9;4;22;3;67;0;72;2;3;4;4;3;69;1;79;6;9;0;100;0;100;3;3;3;18;3;49;0;100;2;30;2;2;2;2;1;62;0;0;1;1;2;2;2;61;2;17;1;82;2;10;1;90;1;86;1;1;1;1;0;0;0;0;0;0;0;0;0;0;0;0;0;0;0;0;0;0;0;0;0;0;0;0;0;0;0;0;0;0
09.01.2024;13:29;A 20;1;2;63;2;50;4;4;2;2;2;58;2;59;2;2;2;2;11;44;0;70;4;11;6;86;0;100;6;6;1;99;1;48;0;100;2;13;2;2;3;4;2;49;0;0;1;1;1;1;5;31;1;42;4;34;1;33;1;43;0;41;8;12;4;8;0;0;0;0;0;0;0;0;0;0;0;0;0;0;0;0;0;0;0;0;0;0;0;0;0;0;0;0;0;0
09.01.2024;13:28;A 20;1;0;63;0;67;4;45;5;53;2;48;1;56;3;4;3;5;1;33;5;35;8;12;1;67;1;75;4;5;9;53;9;10;0;100;6;63;7;13;6;6;1;98;0;0;1;4;0;0;1;66;2;25;1;23;1;67;2;48;1;75;5;9;3;4;0;0;0;0;1;1;0;0;0;0;0;0;0;0;0;0;0;0;0;0;0;0;0;0;0;0;0;0;0;0
09.01.2024;13:27;A 20;1;3;71;1;85;5;7;5;60;4;34;0;44;1;1;1;1;8;72;2;91;8;12;1;30;3;46;1;1;4;47;1;0;2;55;1;46;5;9;4;8;3;61;0;0;3;5;4;6;0;34;0;0;5;75;1;71;0;100;0;74;9;9;12;12;0;0;1;1;0;0;0;0;1;1;0;0;0;0;0;0;0;0;0;0;0;0;0;0;0;0;0;0;0;0
09.01.2024;13:26;A 20;1;0;80;0;79;2;3;1;1;0;100;0;100;1;3;1;1;1;1;1;5;3;7;3;32;2;38;0;0;9;79;9;76;0;100;2;94;9;46;7;57;1;97;0;0;1;0;1;1;1;7;1;6;1;77;2;7;1;99;1;13;7;9;6;8;0;0;0;0;1;1;0;0;0;0;0;0;0;0;0;0;0;0;0;0;0;0;0;0;0;0;0;0;0;0
09.01.2024;13:25;A 20;1;2;44;3;51;6;18;7;10;3;65;2;75;4;7;6;6;2;29;2;17;2;3;1;84;3;28;2;3;6;58;8;38;0;100;4;40;4;4;5;18;3;59;0;0;3;52;1;1;2;60;2;74;5;88;1;86;5;35;0;90;5;8;6;8;0;0;0;0;0;0;0;0;1;1;0;0;0;0;0;0;0;0;0;0;0;0;0;0;0;0;0;0;0;0
09.01.2024;13:24;A 20;1;0;100;1;55;2;3;3;7;1;4;1;9;2;3;2;3;10;48;1;69;8;11;3;67;0;71;5;3;0;100;0;100;0;100;1;33;1;3;4;23;1;48;0;0;2;2;3;2;3;6;1;12;2;28;4;27;1;37;1;43;8;10;5;5;0;0;0;0;0;0;0;0;0;0;0;0;0;0;0;0;0;0;0;0;0;0;0;0;0;0;0;0;0;0
09.01.2024;13:23;A 20;1;4;60;6;66;7;7;7;8;3;91;5;53;3;5;3;4;2;56;1;68;2;6;1;68;2;76;4;5;14;70;12;47;0;100;5;70;12;52;8;43;3;89;0;0;3;5;2;2;1;96;0;100;0;100;0;100;0;100;0;100;3;2;2;2;0;0;0;0;0;0;0;0;0;0;0;0;0;0;0;0;0;0;0;0;0;0;0;0;0;0;0;0;0;0
09.01.2024;13:22;A 20;1;2;38;2;44;2;2;3;3;2;13;3;9;2;1;2;2;4;50;2;62;3;2;4;86;0;93;1;1;1;80;2;43;0;100;2;52;5;41;5;8;3;42;0;0;1;0;2;2;5;52;2;62;3;7;3;35;2;28;2;46;7;12;7;11;0;0;0;0;0;0;0;0;0;0;0;0;0;0;0;0;0;0;0;0;0;0;0;0;0;0;0;0;0;0
09.01.2024;13:21;A 20;1;1;44;1;63;5;16;9;38;0;0;11;10;0;0;0;0;1;45;5;35;4;5;5;9;3;49;3;5;11;72;10;64;0;100;4;85;8;73;10;63;1;95;0;0;2;3;1;1;1;40;1;47;0;0;0;0;0;0;0;0;9;14;2;2;2;3;0;0;0;0;0;0;3;5;0;0;0;0;0;0;0;0;0;0;0;0;0;0;0;0;0;0;0;0
09.01.2024;13:20;A 20;1;1;25;0;15;5;5;5;4;3;47;1;55;1;1;1;1;7;83;1;98;5;9;0;0;0;100;1;1;6;70;6;9;0;100;3;21;7;20;5;7;7;55;0;0;3;58;1;1;0;50;0;0;4;86;3;6;0;94;2;13;6;8;9;10;0;0;0;0;0;0;0;0;0;0;0;0;0;0;0;0;0;0;0;0;0;0;0;0;0;0;0;0;0;0
09.01.2024;13:19;A 20;1;0;100;0;100;3;87;3;85;0;100;0;100;1;1;1;1;6;16;2;31;5;6;4;51;2;96;4;4;4;91;5;90;0;100;0;100;2;94;4;90;1;89;0;0;6;57;5;9;2;39;2;13;4;35;2;11;1;55;0;16;10;12;4;5;0;0;0;0;0;0;0;0;0;0;0;0;0;0;0;0;0;0;0;0;0;0;0;0;0;0;0;0;0;0
09.01.2024;13:18;A 20;1;2;48;1;58;4;5;6;14;6;83;0;100;165;63;2;4;1;38;4;27;5;6;1;51;1;65;4;6;6;60;6;53;3;80;2;73;8;19;8;13;5;80;0;0;4;7;6;7;1;1;1;5;1;89;0;100;2;74;0;100;4;5;3;3;0;0;0;0;0;0;0;0;0;0;0;0;0;0;0;0;0;0;0;0;0;0;0;0;0;0;0;0;0;0
09.01.2024;13:17;A 20;1;2;29;2;54;3;3;3;4;5;60;2;73;16;23;5;9;6;49;2;68;6;12;4;82;1;87;5;4;0;100;1;52;1;99;2;17;2;3;2;2;3;41;0;0;4;4;4;4;3;16;1;19;5;45;3;34;1;46;2;47;10;13;5;8;0;0;0;0;0;0;0;0;0;0;0;0;0;0;0;0;0;0;0;0;0;0;0;0;0;0;0;0;0;0
09.01.2024;13:16;A 20;1;2;45;0;66;5;8;4;11;1;59;2;47;7;19;5;8;8;14;2;32;7;12;2;57;5;23;5;11;9;64;9;60;2;86;2;77;5;59;6;13;0;0;0;0;0;0;0;0;1;62;2;15;0;0;0;0;1;5;0;0;4;23;4;23;0;0;0;0;1;1;0;0;0;0;0;0;0;0;0;0;0;0;0;0;0;0;0;0;0;0;0;0;0;0
09.01.2024;13:15;A 20;1;1;11;2;59;1;1;2;2;4;40;1;48;1;0;1;1;4;72;1;81;8;11;1;53;2;18;3;2;4;68;2;62;1;80;2;70;6;43;4;6;0;0;0;0;0;0;0;0;4;61;1;60;2;71;2;64;0;74;2;76;9;18;3;13;0;0;0;0;0;0;0;0;0;0;1;1;1;1;0;0;0;0;0;0;0;0;0;0;0;0;0;0;0;0
09.01.2024;13:14;A 20;1;1;88;2;77;6;21;4;12;1;66;2;67;4;5;4;6;4;10;2;22;2;3;3;39;0;100;3;4;8;86;2;79;0;100;0;82;6;54;3;3;0;0;0;0;0;0;0;0;1;47;2;21;2;31;1;50;1;39;1;55;2;1;1;0;0;0;0;0;0;0;0;0;0;0;0;0;0;0;0;0;0;0;0;0;0;0;0;0;0;0;0;0;0;0
09.01.2024;13:13;A 20;1;1;39;1;36;2;3;3;5;3;54;2;64;3;4;3;4;1;20;2;34;2;2;1;90;0;100;0;0;8;51;6;39;1;74;3;59;4;38;3;14;2;72;0;0;1;1;1;1;1;28;1;6;1;86;1;36;2;63;1;42;5;10;1;0;0;0;0;0;0;0;0;0;0;0;0;0;0;0;0;0;0;0;0;0;0;0;0;0;0;0;0;0;0;0
09.01.2024;13:12;A 20;1;2;79;2;71;3;4;2;2;2;19;0;20;0;0;0;0;6;55;3;74;6;8;3;88;0;100;2;2;1;45;1;82;1;56;2;86;5;19;4;6;1;65;0;0;2;2;2;2;2;21;2;11;5;59;3;47;0;63;0;51;10;21;5;6;0;0;0;0;1;1;1;1;1;1;0;0;0;0;0;0;0;0;0;0;0;0;0;0;0;0;0;0;0;0
09.01.2024;13:11;A 20;1;0;67;1;4;1;1;1;0;0;100;2;50;3;4;3;4;8;58;2;92;8;15;8;70;3;73;6;10;4;69;9;71;2;74;1;85;2;42;9;45;1;82;0;0;1;1;0;1;1;38;1;6;1;62;1;56;2;62;1;70;6;6;0;0;0;0;0;0;0;0;0;0;0;0;1;2;0;0;0;0;0;0;0;0;0;0;0;0;0;0;0;0;0;0
09.01.2024;13:10;A 20;1;1;40;1;12;5;13;1;2;3;58;1;51;2;2;2;2;8;38;2;71;10;15;0;74;0;100;2;3;5;49;4;40;1;64;1;58;3;11;5;6;3;46;0;0;2;5;3;3;2;50;1;50;4;80;1;35;1;85;1;42;5;5;3;7;0;0;0;0;0;0;0;0;0;0;0;0;0;0;0;0;0;0;0;0;0;0;0;0;0;0;0;0;0;0
09.01.2024;13:09;A 20;1;1;48;2;53;5;23;6;15;1;51;2;21;2;2;4;3;11;25;2;64;10;17;6;80;0;100;5;13;2;91;3;83;0;100;2;47;4;9;6;30;1;87;0;0;2;2;0;0;1;11;1;5;10;67;5;13;2;46;2;28;12;16;7;12;0;0;0;0;0;0;0;0;0;0;0;0;0;0;0;0;0;0;0;0;0;0;0;0;0;0;0;0;0;0
09.01.2024;13:08;A 20;1;3;43;1;48;3;3;4;30;6;82;0;93;30;68;3;5;2;92;1;99;6;7;1;58;1;67;1;1;8;53;5;24;3;62;1;34;5;37;1;0;2;74;0;0;2;3;3;4;3;83;1;56;1;99;1;58;0;100;1;64;7;25;3;33;0;0;0;0;0;0;0;0;0;0;0;0;0;0;0;0;0;0;0;0;0;0;0;0;0;0;0;0;0;0
09.01.2024;13:07;A 20;1;1;80;1;68;3;4;4;56;4;77;2;68;5;37;4;7;11;49;2;85;12;45;1;1;1;4;1;2;1;72;1;75;2;79;2;38;5;27;5;11;4;9;0;0;3;3;3;3;3;25;3;27;4;48;2;36;1;59;1;54;16;54;5;50;0;0;1;1;0;0;0;0;0;0;0;0;0;0;0;0;0;0;0;0;0;0;0;0;0;0;0;0;0;0
09.01.2024;13:06;A 20;1;2;76;0;58;6;23;3;19;1;85;1;90;4;6;4;5;4;59;3;77;4;5;2;7;1;12;2;2;9;60;5;51;0;81;1;61;5;61;2;52;0;0;0;0;1;0;0;0;1;61;1;7;1;66;1;70;2;53;1;76;7;13;5;7;0;0;0;0;1;1;0;0;0;0;0;0;0;0;0;0;0;0;0;0;0;0;0;0;0;0;0;0;0;0
09.01.2024;13:05;A 20;1;2;79;6;17;4;4;4;3;2;39;0;43;0;0;0;0;6;66;2;85;6;8;1;80;2;80;5;3;3;72;6;72;2;82;7;75;6;8;8;21;4;46;0;0;4;2;3;3;3;54;1;60;2;69;1;68;1;7;0;73;7;9;5;3;0;0;0;0;0;0;0;0;0;0;0;0;0;0;0;0;0;0;0;0;0;0;0;0;0;0;0;0;0;0
09.01.2024;13:04;A 20;1;2;33;0;98;4;5;4;7;1;94;1;76;3;2;2;2;11;16;4;45;6;9;3;47;0;51;1;1;5;86;5;83;0;100;0;99;5;20;5;57;1;75;0;0;3;4;3;4;1;22;2;27;2;15;2;19;2;8;1;27;5;6;2;2;1;1;0;0;0;0;0;0;0;0;0;0;0;0;0;0;0;0;0;0;0;0;0;0;0;0;0;0;0;0
09.01.2024;13:03;A 20;1;2;43;2;44;4;21;5;5;1;72;2;5;2;2;3;3;1;76;2;91;8;10;1;95;0;100;2;1;9;53;5;41;4;59;2;94;6;27;3;3;1;73;0;0;0;0;0;0;2;17;1;22;0;95;2;43;2;12;2;47;6;12;3;4;0;0;0;0;0;0;0;0;0;0;0;0;0;0;0;0;0;0;0;0;0;0;0;0;0;0;0;0;0;0
09.01.2024;13:02;A 20;1;0;100;0;0;2;73;0;0;5;86;0;22;3;9;0;3;9;40;5;69;4;4;5;85;0;100;4;6;1;85;1;39;2;83;2;43;5;58;4;10;0;0;0;0;1;1;1;1;2;7;2;15;2;68;1;24;1;38;0;27;6;9;5;6;0;0;0;0;1;1;0;0;0;0;0;0;0;0;0;0;0;0;0;0;0;0;0;0;0;0;0;0;0;0
09.01.2024;13:01;A 20;1;4;72;1;71;6;6;5;17;3;78;2;58;16;33;8;24;5;41;2;61;10;14;3;44;1;56;5;10;6;50;8;47;0;64;0;61;3;8;3;50;3;90;0;0;2;2;2;2;0;0;0;0;0;100;0;0;1;59;1;3;6;15;2;3;1;1;0;0;0;0;0;0;1;1;3;5;0;0;0;0;0;0;0;0;0;0;0;0;0;0;0;0;0;0
09.01.2024;13:00;A 20;1;2;69;1;72;2;2;4;6;5;23;1;32;2;22;2;3;8;74;0;100;3;4;3;95;1;50;4;6;1;90;1;93;1;95;0;100;4;9;5;33;2;26;0;0;2;14;2;3;2;4;0;35;4;68;1;57;1;74;2;65;6;8;1;1;0;0;0;0;0;0;0;0;0;0;0;0;0;0;0;0;0;0;0;0;0;0;0;0;0;0;0;0;0;0
09.01.2024;12:59;A 20;1;0;68;0;66;2;3;2;3;0;100;0;100;2;9;3;3;4;13;3;29;9;15;1;17;4;20;1;1;9;73;7;69;1;94;4;89;7;58;7;17;1;5;0;0;1;1;3;3;0;0;2;14;3;30;3;33;3;44;2;41;10;20;4;7;1;1;0;0;0;0;0;0;0;0;0;0;0;0;0;0;0;0;0;0;0;0;0;0;0;0;0;0;0;0
09.01.2024;12:58;A 20;1;6;73;4;60;4;7;8;10;9;77;0;100;8;14;2;60;2;82;2;41;4;5;0;0;3;2;2;1;6;56;6;16;4;72;1;33;6;12;3;4;1;42;0;0;1;1;1;1;2;39;2;18;3;84;3;82;0;96;0;90;4;9;4;8;0;0;0;0;1;1;0;0;0;0;0;0;0;0;0;0;0;0;0;0;0;0;0;0;0;0;0;0;0;0
09.01.2024;12:57;A 20;1;0;100;0;100;1;8;4;78;0;100;0;100;4;6;7;15;9;29;5;55;8;10;3;59;0;65;2;2;2;71;2;63;1;85;2;73;5;13;5;12;1;19;0;0;1;1;1;1;0;0;0;0;8;56;2;54;5;77;1;57;13;17;6;8;0;0;0;0;0;0;0;0;0;0;0;0;0;0;0;0;0;0;0;0;0;0;0;0;0;0;0;0;0;0
09.01.2024;12:56;A 20;1;3;51;2;47;5;9;2;1;5;89;0;100;2;92;1;1;2;49;3;63;1;2;1;87;1;97;0;0;5;36;6;27;0;49;1;43;3;28;3;4;3;87;0;0;0;0;0;0;0;0;0;0;1;90;0;0;2;92;0;0;7;10;6;5;0;0;0;0;0;0;0;0;0;0;0;0;0;0;0;0;0;0;0;0;0;0;0;0;0;0;0;0;0;0
09.01.2024;12:55;A 20;1;2;33;2;29;2;2;2;2;6;72;2;85;8;51;6;9;4;75;1;82;4;5;0;0;0;0;6;5;2;44;2;41;1;51;2;49;3;7;5;6;1;53;0;0;4;6;3;3;1;2;1;7;1;51;3;68;1;6;1;79;7;8;6;6;0;0;0;0;0;0;0;0;1;1;0;0;0;0;0;0;0;0;0;0;0;0;0;0;0;0;0;0;0;0
09.01.2024;12:54;A 20;1;2;75;1;61;6;18;8;23;1;59;2;60;6;23;6;8;9;39;5;65;6;6;0;39;0;0;0;0;7;82;5;80;2;99;1;81;7;31;5;29;1;18;0;0;1;0;1;1;1;2;1;5;2;5;1;4;0;7;1;5;6;7;4;4;0;0;0;0;1;1;0;0;0;0;0;0;1;1;0;0;0;0;0;0;0;0;0;0;0;0;0;0;0;0
09.01.2024;12:53;A 20;1;0;40;0;32;3;19;1;1;1;74;2;73;0;0;0;0;1;80;1;89;5;6;1;11;1;8;1;1;8;61;9;42;3;69;2;56;6;10;6;8;2;76;0;0;2;2;2;2;2;84;51;57;0;100;1;39;1;42;1;43;7;10;2;1;0;0;0;0;0;0;0;0;0;0;0;0;0;0;0;0;0;0;0;0;0;0;0;0;0;0;0;0;0;0
09.01.2024;12:52;A 20;1;2;87;1;84;3;4;2;2;4;31;2;44;4;6;5;7;2;49;2;12;2;4;2;45;2;36;2;3;1;68;1;93;2;67;2;77;3;12;3;6;5;69;0;0;2;4;1;1;3;32;11;25;7;71;2;48;2;80;1;62;17;29;16;22;0;0;0;0;1;1;0;0;0;0;0;0;0;0;0;0;0;0;0;0;0;0;0;0;0;0;0;0;0;0
09.01.2024;12:51;A 20;1;0;95;1;89;6;10;3;72;0;100;1;83;1;1;1;1;17;42;4;58;7;26;6;40;1;52;2;2;3;81;5;64;1;62;3;59;3;7;5;6;0;100;0;0;3;4;4;4;1;15;2;8;1;44;1;78;2;37;1;81;8;9;1;0;0;0;0;0;0;0;0;0;0;0;0;0;0;0;0;0;0;0;0;0;0;0;0;0;0;0;0;0;0;0
09.01.2024;12:50;A 20;1;2;57;5;41;2;12;7;7;6;83;0;80;2;69;2;3;3;93;0;100;3;98;0;100;0;100;3;4;10;39;5;6;2;40;1;18;6;14;3;4;5;87;0;0;3;64;1;1;1;1;1;5;1;25;0;0;1;10;0;0;3;2;5;5;0;0;0;0;0;0;0;0;0;0;0;0;0;0;0;0;0;0;0;0;0;0;0;0;0;0;0;0;0;0
09.01.2024;12:49;A 20;1;2;34;1;14;5;13;2;3;1;99;1;61;5;9;4;6;11;41;8;78;12;17;5;79;2;91;8;10;0;98;1;97;0;100;0;100;2;89;8;16;1;31;0;0;3;34;5;10;2;2;1;5;7;24;2;17;1;35;0;23;14;23;9;11;0;0;0;0;1;1;0;0;0;0;0;0;1;3;0;0;0;0;0;0;0;0;0;0;0;0;0;0;0;0
09.01.2024;12:48;A 20;1;3;34;2;29;3;2;2;2;6;87;0;100;6;17;6;7;1;85;2;90;5;7;1;54;3;19;4;7;11;47;10;31;3;81;4;54;10;15;7;16;4;82;0;0;3;4;3;4;1;84;2;68;0;100;1;91;1;90;1;97;9;9;9;13;0;0;0;0;0;0;0;0;0;0;0;0;1;1;0;0;0;0;0;0;0;0;0;0;0;0;0;0;0;0
09.01.2024;12:47;A 20;1;2;65;1;52;4;6;1;1;3;59;3;64;4;5;4;5;6;43;0;90;5;6;4;82;0;93;2;0;0;100;0;100;1;95;1;93;3;5;5;52;3;80;0;0;2;2;1;1;3;14;2;19;4;43;0;32;1;50;0;33;11;35;5;20;0;0;0;0;0;0;0;0;0;0;0;0;0;0;0;0;0;0;0;0;0;0;0;0;0;0;0;0;0;0
09.01.2024;12:46;A 20;1;2;70;0;77;4;51;9;55;2;97;0;100;1;2;1;1;2;46;3;92;6;8;5;85;0;100;4;8;13;70;10;61;1;83;2;67;9;54;5;50;3;94;0;0;4;13;4;5;2;67;1;76;1;91;1;59;2;95;2;51;3;4;7;9;0;0;0;0;1;1;0;0;0;0;0;0;2;3;0;0;0;0;0;0;0;0;0;0;0;0;0;0;0;0
09.01.2024;12:45;A 20;1;2;80;2;88;6;44;7;70;4;76;2;71;5;6;4;5;6;65;0;100;5;8;2;96;0;100;8;11;2;88;1;63;2;93;1;88;6;44;6;24;1;20;0;0;2;1;2;2;5;35;3;48;5;62;5;60;1;74;1;72;6;11;6;7;1;1;0;0;0;0;0;0;0;0;0;0;0;0;0;0;0;0;0;0;0;0;0;0;0;0;0;0;0;0
09.01.2024;12:44;A 20;1;1;96;1;90;4;73;7;58;0;100;0;100;1;1;2;2;7;24;5;76;4;10;8;63;1;86;8;10;5;86;6;9;0;94;0;91;3;10;5;41;1;72;0;0;1;1;1;1;1;27;2;7;1;47;2;40;1;55;1;52;4;6;3;4;0;0;0;0;0;0;0;0;0;0;0;0;0;0;0;0;0;0;0;0;0;0;0;0;0;0;0;0;0;0
09.01.2024;12:43;A 20;1;2;48;1;21;7;14;2;7;6;73;1;93;4;64;3;3;2;46;0;100;7;8;0;100;0;100;3;4;9;58;10;11;4;78;5;43;8;15;8;10;3;60;0;0;1;1;1;1;2;67;2;41;1;96;1;58;1;10;1;65;3;4;3;3;0;0;0;0;0;0;0;0;0;0;0;0;0;0;0;0;0;0;0;0;0;0;0;0;0;0;0;0;0;0
09.01.2024;12:42;A 20;1;0;100;1;97;4;14;4;9;1;67;2;68;4;6;5;7;8;23;10;57;6;9;6;78;0;100;10;15;1;97;1;96;0;100;0;100;2;86;2;75;1;55;0;0;3;4;2;2;3;12;2;14;9;75;8;23;1;52;1;39;13;24;12;18;0;0;0;0;0;0;0;0;0;0;0;0;0;0;0;0;0;0;0;0;0;0;0;0;0;0;0;0;0;0
09.01.2024;12:41;A 20;1;2;39;3;59;2;24;8;32;2;81;1;56;2;2;3;3;1;32;2;12;4;5;1;28;1;42;3;3;6;47;9;57;4;68;5;76;6;30;7;33;4;84;0;0;2;54;1;1;2;55;2;60;0;100;1;96;0;100;0;100;2;5;0;0;0;0;0;0;0;0;0;0;0;0;0;0;0;0;0;0;0;0;0;0;0;0;0;0;0;0;0;0;0;0
09.01.2024;12:40;A 20;1;1;85;1;66;5;27;5;13;3;45;2;20;1;1;1;1;11;49;3;89;10;13;3;79;0;86;2;2;1;96;1;87;0;100;1;92;3;26;5;51;2;26;0;0;4;5;4;5;1;12;0;14;4;48;4;43;2;59;2;58;9;13;8;10;0;0;0;0;0;0;0;0;0;0;0;0;0;0;0;0;0;0;0;0;0;0;0;0;0;0;0;0;0;0
09.01.2024;12:39;A 20;1;0;66;1;65;4;33;5;28;1;81;2;67;3;4;3;4;2;24;1;37;4;4;3;20;2;38;4;6;8;60;9;60;3;90;1;78;6;61;6;50;1;98;0;0;0;0;1;1;1;97;1;77;1;91;1;69;2;87;1;84;4;5;4;8;0;0;0;0;0;0;0;0;0;0;0;0;0;0;0;0;0;0;0;0;0;0;0;0;0;0;0;0;0;0
09.01.2024;12:38;A 20;1;1;95;1;87;6;12;7;17;1;38;3;11;1;1;1;1;5;54;3;59;5;6;0;100;1;3;4;3;5;79;4;75;1;89;3;72;6;39;6;8;0;0;0;0;1;1;0;0;3;52;5;17;5;58;5;55;5;71;2;72;7;9;5;3;0;0;0;0;1;1;0;0;0;0;0;0;0;0;0;0;0;0;0;0;0;0;0;0;0;0;0;0;0;0
09.01.2024;12:37;A 20;1;0;100;1;96;3;72;4;64;1;20;1;6;1;1;1;1;7;40;0;55;2;2;3;61;3;37;3;2;0;98;2;66;1;35;3;57;2;3;6;8;2;2;0;0;1;0;0;0;4;28;0;38;3;39;1;2;2;45;1;5;9;14;4;5;0;0;0;0;0;0;0;0;0;0;0;0;0;0;0;0;0;0;0;0;0;0;0;0;0;0;0;0;0;0
09.01.2024;12:36;A 20;1;2;51;1;0;2;2;1;0;0;98;5;4;0;0;0;0;1;50;2;53;7;10;1;13;0;14;1;1;11;60;9;12;2;83;2;69;7;59;4;55;0;0;0;0;0;0;0;0;1;72;2;68;1;83;0;0;3;57;0;0;7;9;5;4;0;0;0;0;0;0;0;0;0;0;0;0;0;0;0;0;0;0;0;0;0;0;0;0;0;0;0;0;0;0
09.01.2024;12:35;A 20;1;2;30;2;11;2;2;2;1;3;75;1;56;1;1;1;1;7;83;1;83;7;13;0;100;1;54;1;1;7;70;6;7;1;85;4;82;7;29;9;28;2;35;0;0;2;2;2;2;1;22;1;6;3;65;1;74;1;73;0;74;7;7;7;6;0;0;0;0;0;0;0;0;0;0;0;0;0;0;0;0;0;0;0;0;0;0;0;0;0;0;0;0;0;0
09.01.2024;12:34;A 20;1;0;0;1;44;0;0;2;2;1;38;2;33;3;4;3;4;8;18;4;50;2;4;8;74;1;77;5;3;2;91;3;95;0;100;0;99;3;11;1;0;1;7;0;0;1;1;1;1;0;0;0;0;3;6;4;13;1;11;1;23;11;15;8;12;0;0;0;0;1;1;0;0;0;0;0;0;0;0;0;0;0;0;0;0;0;0;0;0;0;0;0;0;0;0
09.01.2024;12:33;A 20;1;4;48;2;25;4;21;2;1;4;71;1;78;3;7;4;4;1;30;3;47;9;13;1;73;2;70;5;6;10;59;4;46;6;68;3;40;9;10;6;13;3;69;0;0;2;2;2;3;1;58;1;5;1;91;0;99;1;85;0;100;9;12;5;6;0;0;0;0;0;0;0;0;0;0;0;0;1;1;0;0;0;0;0;0;0;0;0;0;0;0;0;0;0;0
09.01.2024;12:32;A 20;1;2;87;1;82;5;56;4;4;2;74;3;51;2;2;2;2;6;49;4;63;4;9;1;82;1;44;1;0;1;63;1;73;2;54;1;78;4;6;3;3;6;70;0;0;4;7;3;4;0;13;0;0;4;47;1;15;1;58;2;14;8;11;0;0;0;0;1;1;0;0;1;1;0;0;1;1;0;0;2;5;0;0;0;0;0;0;0;0;0;0;0;0;0;0
09.01.2024;12:31;A 20;1;1;65;1;51;7;30;5;14;1;85;2;12;2;2;2;2;3;51;3;69;4;5;1;52;1;9;0;0;7;34;7;57;1;79;2;75;6;12;5;42;1;54;0;0;3;4;4;6;1;45;1;6;1;81;0;0;1;88;0;0;4;10;2;3;0;0;0;0;0;0;0;0;0;0;0;0;0;0;0;0;0;0;0;0;0;0;0;0;0;0;0;0;0;0
09.01.2024;12:30;A 20;1;2;18;2;16;4;2;4;3;5;51;1;42;6;14;6;5;3;89;1;99;2;2;1;30;1;26;1;2;8;12;3;32;2;59;3;38;6;13;5;6;2;50;0;0;1;2;1;1;1;5;1;9;1;84;1;0;1;11;0;0;3;4;2;1;0;0;0;0;0;0;0;0;1;1;0;0;0;0;0;0;0;0;0;0;0;0;0;0;0;0;0;0;0;0
09.01.2024;12:29;A 20;1;0;100;1;98;0;0;2;2;0;0;1;2;1;0;1;1;6;38;3;54;5;7;4;60;1;70;2;3;1;90;3;92;0;100;2;91;3;9;3;3;1;57;0;0;2;2;2;2;0;0;0;0;9;76;1;8;1;45;2;20;9;17;5;7;0;0;0;0;0;0;0;0;0;0;0;0;0;0;0;0;0;0;0;0;0;0;0;0;0;0;0;0;0;0
09.01.2024;12:28;A 20;1;2;66;1;84;7;28;6;10;2;81;0;86;1;2;0;0;1;94;0;100;2;4;0;100;0;100;2;2;11;34;12;49;1;65;6;49;9;16;7;30;4;79;0;0;1;2;1;1;4;76;2;84;0;100;1;76;1;91;1;80;5;8;6;8;0;0;0;0;0;0;0;0;0;0;0;0;0;0;0;0;0;0;0;0;0;0;0;0;0;0;0;0;0;0
09.01.2024;12:27;A 20;1;0;100;0;100;1;54;2;4;1;30;2;36;2;4;3;5;9;15;2;44;4;6;6;84;0;100;3;5;0;100;0;100;0;100;0;100;0;0;1;98;0;100;0;0;3;3;2;3;1;1;1;3;7;40;5;6;4;33;3;20;14;23;8;4;0;0;0;0;0;0;0;0;0;0;0;0;0;0;0;0;0;0;0;0;0;0;0;0;0;0;0;0;0;0
09.01.2024;12:26;A 20;1;4;86;2;79;7;28;8;30;2;64;2;7;18;4;2;2;1;54;2;54;9;14;1;55;2;47;8;9;7;59;6;50;4;76;3;74;6;34;7;12;7;83;0;0;7;19;6;9;2;78;1;83;1;49;0;100;7;21;0;100;10;16;11;14;0;0;0;0;0;0;0;0;0;0;0;0;0;0;0;0;0;0;0;0;0;0;0;0;0;0;0;0;0;0
09.01.2024;12:25;A 20;1;1;81;2;78;4;48;6;58;4;69;1;26;1;3;1;1;5;56;1;71;4;6;1;83;0;83;4;3;1;75;0;0;2;80;1;48;5;36;4;7;4;54;0;0;3;5;5;6;1;41;2;14;0;44;2;50;0;0;1;58;5;11;6;6;0;0;0;0;0;0;0;0;0;0;0;0;0;0;0;0;0;0;0;0;0;0;0;0;0;0;0;0;0;0
09.01.2024;12:24;A 20;1;1;60;2;61;3;3;5;7;1;69;2;56;4;5;3;4;1;19;3;35;2;4;4;48;2;65;2;3;9;62;5;55;4;84;2;68;7;20;3;56;1;68;0;0;2;3;2;3;1;29;1;5;1;61;1;21;1;8;1;26;10;13;10;11;1;3;0;0;1;1;0;0;0;0;0;0;0;0;0;0;0;0;0;0;0;0;0;0;0;0;0;0;0;0
09.01.2024;12:23;A 20;1;2;39;0;17;3;4;0;0;0;0;0;0;0;0;1;0;2;23;4;37;2;2;1;81;2;34;3;5;6;68;4;46;4;81;1;54;6;9;3;6;5;51;0;0;2;48;1;2;2;48;2;10;2;82;1;79;1;77;0;82;2;2;3;2;0;0;0;0;0;0;0;0;1;1;0;0;0;0;0;0;0;0;0;0;0;0;0;0;0;0;0;0;0;0
09.01.2024;12:22;A 20;1;2;21;0;100;2;2;2;3;5;9;1;14;4;4;1;0;5;34;0;46;3;5;2;75;1;69;2;2;1;97;1;91;1;25;2;79;2;3;3;4;2;71;0;0;5;9;5;6;1;3;1;6;9;59;7;72;2;61;3;90;13;27;14;18;0;0;0;0;0;0;0;0;0;0;1;1;0;0;0;0;0;0;0;0;0;0;0;0;0;0;0;0;0;0
09.01.2024;12:21;A 20;1;2;61;3;79;3;5;4;44;3;93;0;100;8;93;2;3;5;44;2;64;3;4;4;71;2;27;1;1;7;49;5;47;5;68;1;56;5;7;2;2;1;46;0;0;1;1;1;0;2;6;1;11;1;81;1;86;2;82;1;90;7;6;8;9;0;0;0;0;2;3;0;0;0;0;0;0;2;3;0;0;0;0;0;0;0;0;0;0;0;0;0;0;0;0
09.01.2024;12:20;A 20;1;2;57;1;42;4;5;4;8;3;71;2;75;5;18;6;9;4;76;2;87;4;9;1;98;1;24;2;1;4;76;4;51;3;84;1;62;6;8;5;7;3;42;0;0;2;3;0;0;3;21;2;29;1;72;5;71;0;74;0;82;5;8;5;3;0;0;0;0;0;0;0;0;0;0;0;0;1;1;0;0;0;0;0;0;0;0;0;0;0;0;0;0;0;0
09.01.2024;12:19;A 20;1;1;69;3;60;5;12;6;15;1;39;2;27;3;4;3;4;9;40;5;49;8;10;2;50;3;19;5;6;2;95;4;88;0;100;1;78;3;8;5;34;1;83;0;0;3;5;3;3;1;1;1;4;6;53;4;37;2;71;3;63;6;11;6;8;0;0;0;0;0;0;1;1;0;0;0;0;0;0;1;1;0;0;0;0;0;0;0;0;0;0;0;0;0;0
09.01.2024;12:18;A 20;1;0;53;0;53;3;11;5;37;2;4;1;28;2;2;2;3;2;86;4;64;2;5;1;78;2;25;2;2;8;55;7;27;4;69;2;43;4;36;4;27;5;77;0;0;4;28;5;7;0;0;0;0;1;95;0;100;0;100;0;100;6;11;7;14;0;0;0;0;0;0;0;0;0;0;0;0;0;0;0;0;0;0;0;0;0;0;0;0;0;0;0;0;0;0
09.01.2024;12:17;A 20;1;2;87;2;92;3;46;7;58;6;19;3;30;3;3;3;4;5;54;0;83;4;6;1;93;1;65;5;5;1;80;1;83;2;70;2;78;6;33;6;7;4;52;0;0;3;5;1;2;2;20;1;23;3;52;3;15;1;60;2;41;6;6;3;2;0;0;0;0;0;0;0;0;0;0;0;0;0;0;0;0;0;0;0;0;0;0;0;0;0;0;0;0;0;0
09.01.2024;12:16;A 20;1;0;80;2;76;2;70;3;3;0;100;0;100;2;2;1;1;4;52;5;81;6;7;6;79;0;46;0;0;6;69;7;66;1;82;3;78;2;4;5;8;1;68;0;0;3;4;3;3;1;27;1;35;1;45;2;2;2;48;0;0;7;15;3;4;0;0;0;0;0;0;0;0;0;0;0;0;3;5;0;0;0;0;0;0;0;0;0;0;0;0;0;0;0;0
09.01.2024;12:15;A 20;1;1;66;3;62;5;9;5;4;5;89;0;100;3;14;4;5;5;80;1;90;5;11;1;79;2;43;7;8;10;72;4;34;0;100;3;41;12;21;5;6;2;50;0;0;1;2;1;1;2;16;2;36;3;27;2;42;1;40;1;49;10;11;9;7;0;0;0;0;0;0;0;0;0;0;0;0;2;3;0;0;0;0;0;0;0;0;0;0;0;0;0;0;0;0
09.01.2024;12:14;A 20;1;0;98;1;87;2;4;1;1;0;100;1;96;3;4;2;3;3;9;3;19;5;4;3;55;0;59;2;3;4;90;4;91;1;90;1;96;6;68;5;11;1;33;0;0;2;2;1;1;2;6;2;15;6;15;1;8;1;29;0;11;7;10;7;9;0;0;0;0;0;0;0;0;0;0;0;0;0;0;0;0;0;0;0;0;0;0;0;0;0;0;0;0;0;0
09.01.2024;12:13;A 20;1;2;17;1;3;2;2;1;0;5;78;1;88;3;5;3;4;1;67;2;61;3;4;1;59;0;100;5;3;11;52;6;38;3;50;2;34;5;30;3;20;3;73;0;0;4;3;4;5;2;79;2;30;0;100;1;11;1;19;1;16;7;6;6;8;0;0;0;0;0;0;0;0;0;0;0;0;0;0;0;0;0;0;0;0;0;0;0;0;0;0;0;0;0;0
09.01.2024;12:12;A 20;1;38;55;1;28;1;0;1;2;5;61;1;72;4;7;5;7;6;41;1;87;3;3;0;67;0;100;0;0;0;100;0;100;0;100;0;100;2;42;3;18;1;19;0;0;1;0;1;1;1;6;1;6;6;75;4;34;2;58;0;45;14;25;11;17;0;0;0;0;1;1;0;0;0;0;0;0;0;0;0;0;0;0;0;0;0;0;0;0;0;0;0;0;0;0
09.01.2024;12:11;A 20;1;2;61;0;64;3;44;7;49;2;93;0;100;2;6;3;5;1;76;2;98;4;9;4;78;0;100;1;1;10;65;12;55;3;88;6;75;9;16;8;51;3;82;0;0;3;4;3;4;1;12;1;6;1;79;1;51;1;92;1;85;10;18;6;5;0;0;0;0;1;1;1;1;0;0;0;0;0;0;0;0;0;0;0;0;0;0;0;0;0;0;0;0;0;0
09.01.2024;12:10;A 20;1;2;79;1;73;5;55;5;48;7;82;2;94;6;25;5;7;8;56;1;99;2;4;2;93;0;100;2;2;1;99;1;61;1;60;2;65;4;10;7;9;5;40;0;0;3;4;1;1;2;16;2;8;3;53;2;1;0;57;2;6;9;14;12;12;0;0;0;0;0;0;1;1;0;0;0;0;0;0;1;1;0;0;0;0;0;0;0;0;0;0;0;0;0;0
09.01.2024;12:09;A 20;1;0;74;0;65;3;56;3;15;1;70;1;76;5;59;6;10;2;60;2;70;8;9;3;44;0;100;4;6;8;64;7;56;5;82;2;76;6;59;6;13;0;100;0;0;1;1;2;2;1;45;1;5;1;70;0;0;2;68;0;0;9;10;10;15;0;0;0;0;1;1;0;0;0;0;0;0;2;4;0;0;0;0;0;0;0;0;0;0;0;0;0;0;0;0
09.01.2024;12:08;A 20;1;2;60;2;25;7;10;4;4;7;44;0;53;3;35;0;0;5;73;2;85;3;4;0;100;0;100;1;1;1;52;3;23;2;47;3;21;4;6;3;3;1;37;0;0;2;2;2;2;5;48;2;56;4;77;5;63;3;36;1;81;3;4;2;3;0;0;0;0;0;0;0;0;0;0;0;0;0;0;0;0;0;0;0;0;0;0;0;0;0;0;0;0;0;0
09.01.2024;12:07;A 20;1;0;100;0;100;1;5;3;16;0;100;1;91;4;75;6;11;3;7;5;71;4;5;4;72;0;100;3;4;2;92;1;69;0;100;1;42;2;8;2;2;1;80;0;0;1;1;1;1;2;37;3;13;4;54;1;4;2;27;1;11;8;13;2;2;0;0;0;0;0;0;0;0;0;0;0;0;0;0;0;0;0;0;0;0;0;0;0;0;0;0;0;0;0;0
09.01.2024;12:06;A 20;1;3;84;2;62;8;16;3;4;3;92;0;93;1;2;2;2;1;67;0;100;4;4;1;71;0;100;1;1;3;41;3;4;1;51;2;44;1;1;2;2;0;0;0;0;0;0;0;0;0;0;0;0;0;100;2;56;0;100;1;59;4;4;2;3;0;0;0;0;0;0;0;0;0;0;0;0;0;0;0;0;0;0;0;0;0;0;0;0;0;0;0;0;0;0
09.01.2024;12:05;A 20;1;1;35;1;63;2;2;3;4;4;63;6;71;4;4;7;7;12;66;0;100;7;48;2;4;0;100;2;26;2;88;0;0;2;48;1;85;4;4;1;0;0;0;0;0;0;0;0;0;1;25;1;3;5;62;2;50;4;27;1;55;9;13;3;4;0;0;0;0;0;0;0;0;0;0;0;0;1;1;0;0;0;0;0;0;0;0;0;0;0;0;0;0;0;0
09.01.2024;12:04;A 20;1;0;83;0;76;1;2;2;2;1;50;1;56;3;4;3;4;6;40;1;67;8;12;2;48;1;93;2;4;7;12;5;76;1;91;0;86;5;42;3;44;0;0;0;0;0;0;0;0;1;58;2;5;6;16;4;70;1;24;1;82;11;16;8;11;0;0;1;1;0;0;0;0;0;0;1;1;0;0;0;0;0;0;0;0;0;0;0;0;0;0;0;0;0;0
09.01.2024;12:03;A 20;1;2;86;3;83;4;6;1;1;1;44;2;2;1;1;1;1;3;74;1;88;7;14;1;8;1;56;2;6;12;21;13;44;6;55;8;60;10;23;9;22;2;29;0;0;2;2;1;1;6;55;0;64;2;96;2;94;0;100;0;100;7;8;5;9;0;0;0;0;0;0;0;0;0;0;0;0;0;0;0;0;0;0;0;0;0;0;0;0;0;0;0;0;0;0
09.01.2024;12:02;A 20;1;0;100;0;100;0;0;1;1;0;1;0;2;0;0;0;0;6;32;0;47;1;2;1;76;0;76;0;0;0;100;0;100;0;100;0;100;2;85;2;42;0;0;0;0;0;0;1;0;1;41;2;36;2;63;2;67;1;70;1;73;4;7;7;6;0;0;0;0;0;0;1;1;0;0;0;0;0;0;1;2;0;0;0;0;0;0;0;0;0;0;0;0;0;0
09.01.2024;12:01;A 20;1;3;65;1;57;3;3;3;3;5;89;0;100;2;84;1;1;5;81;0;100;10;14;1;23;2;25;2;2;8;69;6;51;2;78;2;65;6;10;8;12;1;91;0;0;1;6;1;3;4;68;1;83;1;79;1;91;3;39;0;100;5;4;8;9;0;0;0;0;0;0;0;0;0;0;0;0;1;1;0;0;0;0;0;0;0;0;0;0;0;0;0;0;0;0
09.01.2024;12:00;A 20;1;1;26;2;16;3;3;2;2;1;54;2;33;4;4;5;7;10;67;2;94;3;11;2;91;1;26;2;4;2;82;1;76;3;88;2;32;6;6;2;2;2;64;0;0;1;1;1;1;2;36;1;6;2;59;2;26;0;66;3;37;5;6;6;9;0;0;0;0;0;0;0;0;0;0;0;0;0;0;0;0;0;0;0;0;0;0;0;0;0;0;0;0;0;0
09.01.2024;11:59;A 20;1;2;42;2;44;2;2;2;2;2;53;2;17;1;0;1;1;2;66;3;36;10;21;1;22;1;5;1;0;3;36;4;29;2;41;2;28;3;5;4;4;3;31;0;0;2;3;2;2;1;13;2;10;2;41;0;0;2;51;0;0;2;2;1;0;0;0;0;0;0;0;0;0;0;0;0;0;0;0;0;0;0;0;0;0;0;0;0;0;0;0;0;0;0;0
09.01.2024;11:58;A 20;1;1;62;0;71;1;0;6;9;1;32;3;31;2;2;2;3;3;59;3;16;1;1;4;18;1;31;2;3;8;65;14;64;1;83;5;89;5;15;10;67;4;49;0;0;2;3;1;2;1;1;1;5;1;56;0;0;1;7;0;0;10;20;13;10;0;0;1;1;0;0;0;0;0;0;1;1;1;2;0;0;0;0;0;0;0;0;0;0;0;0;0;0;0;0
09.01.2024;11:57;A 20;1;2;23;1;16;2;4;0;0;3;40;1;23;3;10;3;6;7;81;1;93;5;7;0;100;0;0;1;1;1;69;3;55;1;73;3;75;5;11;7;29;2;31;0;0;3;2;2;1;1;37;1;2;8;82;3;75;1;99;1;83;7;9;7;4;0;0;0;0;0;0;0;0;0;0;0;0;0;0;0;0;0;0;0;0;0;0;0;0;0;0;0;0;0;0
09.01.2024;11:56;A 20;1;2;72;2;78;3;3;3;4;1;42;2;6;1;1;1;1;5;39;1;52;5;6;2;47;2;25;2;2;4;78;5;77;2;84;2;82;3;4;5;48;1;30;0;0;1;1;1;1;0;0;1;7;2;17;4;25;2;30;3;38;5;9;5;7;0;0;0;0;0;0;0;0;0;0;0;0;0;0;0;0;0;0;0;0;0;0;0;0;0;0;0;0;0;0
09.01.2024;11:55;A 20;1;1;41;3;31;5;11;5;8;2;53;1;25;1;1;2;1;2;93;0;100;3;5;1;10;1;15;1;1;11;65;4;16;6;83;2;12;9;12;3;2;3;22;0;0;3;3;3;3;4;32;7;48;1;43;3;8;1;6;1;62;7;11;5;5;0;0;0;0;0;0;0;0;0;0;0;0;0;0;0;0;0;0;0;0;0;0;0;0;0;0;0;0;0;0
09.01.2024;11:54;A 20;1;0;100;0;100;3;6;3;30;0;0;1;0;1;1;1;1;6;33;6;48;7;12;3;62;0;100;1;1;1;97;2;95;0;100;1;64;3;61;3;5;0;0;0;0;0;0;0;0;2;4;2;9;5;6;3;14;3;11;1;19;10;15;8;10;0;0;0;0;0;0;0;0;0;0;1;1;0;0;0;0;0;0;0;0;0;0;0;0;0;0;0;0;0;0
09.01.2024;11:53;A 20;1;2;72;2;71;3;40;3;3;5;65;3;81;5;7;5;6;1;10;1;13;5;5;2;74;2;44;3;6;6;65;5;33;5;62;1;45;4;39;2;33;3;30;0;0;3;11;3;7;3;79;0;88;0;0;0;100;1;14;0;100;10;11;12;20;2;3;0;0;0;0;0;0;1;2;0;0;0;0;0;0;0;0;0;0;0;0;0;0;0;0;0;0;0;0
09.01.2024;11:52;A 20;1;2;49;1;8;4;7;0;0;1;16;0;18;0;0;1;1;8;33;3;61;7;10;1;91;2;52;3;2;1;73;1;61;1;78;1;72;4;59;5;18;2;4;0;0;0;0;0;0;2;4;3;15;5;54;2;64;0;70;5;84;9;13;10;8;0;0;0;0;0;0;0;0;0;0;0;0;1;1;0;0;0;0;0;0;0;0;0;0;0;0;0;0;0;0
09.01.2024;11:51;A 20;1;3;30;4;42;4;4;6;8;1;81;5;17;2;2;2;2;6;10;0;24;2;5;3;52;1;43;3;2;6;68;7;68;1;81;2;79;2;65;4;4;1;13;0;0;3;3;2;2;1;1;1;4;3;81;2;86;2;93;3;92;4;8;3;5;1;1;0;0;0;0;0;0;1;1;0;0;0;0;0;0;0;0;0;0;0;0;0;0;0;0;0;0;0;0
09.01.2024;11:50;A 20;1;1;24;1;25;5;8;5;8;5;48;0;57;2;3;2;2;5;50;3;43;10;15;0;100;0;100;1;1;4;52;5;61;2;66;3;54;6;44;6;9;3;44;0;0;2;1;1;1;6;46;1;83;4;82;2;64;1;96;1;73;3;5;2;0;0;0;0;0;1;1;0;0;0;0;0;0;0;0;0;0;0;0;0;0;0;0;0;0;0;0;0;0;0;0
09.01.2024;11:49;A 20;1;0;100;0;100;2;78;3;88;1;65;3;73;4;7;5;6;11;30;3;55;6;14;8;76;2;58;8;11;3;78;2;95;2;89;0;100;5;29;4;32;1;51;0;0;2;2;2;2;1;1;1;5;2;13;0;9;1;19;0;10;6;9;4;7;0;0;0;0;0;0;0;0;0;0;0;0;0;0;0;0;0;0;0;0;0;0;0;0;0;0;0;0;0;0
09.01.2024;11:48;A 20;1;2;58;3;44;5;6;4;4;4;79;1;89;2;49;2;3;1;46;2;17;4;6;1;37;1;9;1;1;7;27;3;27;4;42;3;23;4;23;3;3;3;79;0;0;2;9;2;4;0;90;2;72;0;100;1;37;1;29;1;43;5;6;5;7;0;0;0;0;0;0;0;0;0;0;0;0;0;0;0;0;0;0;0;0;0;0;0;0;0;0;0;0;0;0
09.01.2024;11:47;A 20;1;1;12;2;12;1;1;2;2;3;35;3;23;3;3;3;4;8;37;5;44;7;8;1;68;1;6;1;1;1;86;1;0;2;85;1;6;5;44;1;1;1;71;0;0;2;2;2;2;4;46;3;14;4;72;3;6;1;48;0;46;9;12;8;9;0;0;0;0;0;0;0;0;0;0;1;1;0;0;0;0;0;0;0;0;0;0;0;0;0;0;0;0;0;0
09.01.2024;11:46;A 20;1;1;66;1;56;2;5;3;2;2;95;0;100;3;13;3;4;5;6;3;31;2;2;6;55;1;30;3;2;5;53;5;49;1;65;1;61;3;25;2;47;2;58;0;0;2;5;2;4;1;85;2;57;1;67;1;2;2;46;1;90;7;12;11;7;0;0;0;0;0;0;0;0;0;0;0;0;0;0;0;0;0;0;0;0;0;0;0;0;0;0;0;0;0;0
09.01.2024;11:45;A 20;1;2;39;2;34;4;6;3;3;1;38;1;12;2;2;3;3;5;71;2;90;6;11;0;100;0;100;2;4;3;63;3;52;3;70;4;57;5;10;5;6;4;38;0;0;0;0;0;0;2;49;1;58;5;72;5;22;1;83;2;33;10;18;13;13;0;0;0;0;0;0;0;0;0;0;0;0;0;0;0;0;0;0;0;0;0;0;0;0;0;0;0;0;0;0
09.01.2024;11:44;A 20;1;1;99;0;100;2;45;4;9;1;75;1;6;1;1;2;2;9;30;0;100;6;10;3;71;5;50;5;5;4;90;4;86;0;99;4;92;4;62;3;5;1;90;0;0;5;9;4;6;2;32;4;25;3;41;0;0;2;27;1;3;7;13;7;4;0;0;0;0;1;1;0;0;0;0;0;0;0;0;0;0;0;0;0;0;0;0;0;0;0;0;0;0;0;0
09.01.2024;11:43;A 20;1;4;41;2;42;4;4;3;3;3;52;2;57;3;4;3;4;3;78;1;87;8;13;1;82;2;25;2;1;10;48;8;53;3;66;5;71;6;25;5;17;4;41;0;0;5;11;4;4;2;71;1;7;1;96;1;84;1;42;1;94;4;5;4;3;0;0;0;0;0;0;0;0;0;0;0;0;0;0;0;0;0;0;0;0;0;0;0;0;0;0;0;0;0;0
09.01.2024;11:42;A 20;1;1;99;2;76;4;6;3;3;1;15;1;6;1;1;1;1;7;40;0;66;1;1;2;75;0;78;2;1;1;91;0;0;1;96;0;100;6;59;3;33;0;0;0;0;0;0;0;0;2;6;1;12;7;67;4;30;2;60;0;33;9;14;6;6;0;0;0;0;0;0;0;0;0;0;0;0;0;0;0;0;0;0;0;0;0;0;0;0;0;0;0;0;0;0
09.01.2024;11:41;A 20;1;0;73;1;66;1;3;3;5;1;8;2;5;1;1;1;1;6;46;4;66;9;19;3;76;2;82;3;4;5;72;7;67;0;83;4;83;2;38;8;50;0;0;0;0;0;0;0;0;1;78;2;50;1;82;1;48;2;80;2;38;5;8;6;4;0;0;0;0;0;0;0;0;0;0;0;0;0;0;0;0;0;0;0;0;0;0;0;0;0;0;0;0;0;0
09.01.2024;11:40;A 20;1;1;44;0;23;7;15;3;11;2;46;6;36;2;2;1;1;3;94;0;100;2;3;0;100;1;74;3;3;7;65;6;45;6;49;6;28;10;14;3;5;4;55;0;0;2;42;1;2;2;45;2;29;3;59;5;5;1;76;1;9;5;7;4;5;0;1;0;0;0;0;0;0;1;1;0;0;0;0;0;0;0;0;0;0;0;0;0;0;0;0;0;0;0;0
09.01.2024;11:39;A 20;1;0;100;1;35;2;51;4;14;1;45;1;6;1;1;3;3;5;24;5;76;6;8;5;73;1;76;2;2;0;97;2;92;1;7;0;100;1;1;4;9;1;70;0;0;3;10;4;7;0;0;0;0;2;13;1;18;1;8;0;22;3;4;5;4;1;0;1;1;1;1;0;0;0;0;1;1;0;0;0;0;0;0;0;0;0;0;0;0;0;0;0;0;0;0
09.01.2024;11:38;A 20;1;4;84;1;69;5;5;2;1;2;30;4;20;2;2;2;2;2;73;2;65;4;5;2;80;2;89;4;4;5;42;4;40;2;54;3;49;5;8;4;4;3;79;0;0;3;4;3;3;4;66;1;81;0;0;1;79;2;29;1;85;2;6;3;3;0;0;0;0;0;0;0;0;1;1;0;0;0;0;0;0;0;0;0;0;0;0;0;0;0;0;0;0;0;0
09.01.2024;11:37;A 20;1;2;33;1;56;3;3;4;7;4;37;0;43;0;0;0;0;9;74;0;92;5;16;1;25;2;17;4;3;4;64;3;66;4;24;3;75;3;3;4;4;1;58;0;0;1;0;1;1;3;56;2;66;4;76;1;62;1;90;2;80;8;14;7;8;0;0;1;1;0;0;0;0;0;0;1;1;0;0;0;0;0;0;0;0;0;0;0;0;0;0;0;0;0;0
09.01.2024;11:36;A 20;1;2;65;2;52;4;9;1;1;1;69;2;70;5;8;5;6;6;30;1;48;4;5;2;42;1;46;2;1;7;86;5;78;0;100;2;88;6;40;4;8;1;39;0;0;1;1;1;1;1;59;1;65;5;30;1;38;1;47;1;43;7;9;4;4;0;0;0;0;0;0;0;0;0;0;0;0;0;0;0;0;0;0;0;0;0;0;0;0;0;0;0;0;0;0
09.01.2024;11:35;A 20;1;1;32;6;40;4;14;5;4;6;67;1;77;4;25;4;10;2;87;2;83;5;12;1;79;2;66;2;3;5;34;9;37;2;49;3;31;6;16;6;13;0;54;0;0;0;0;0;0;1;1;1;4;1;96;2;80;0;100;1;89;4;9;2;2;0;0;0;0;2;3;0;0;0;0;0;0;2;3;0;0;0;0;0;0;0;0;0;0;0;0;0;0;0;0
09.01.2024;11:34;A 20;1;1;99;0;100;6;45;2;4;1;92;2;97;3;3;2;2;15;40;1;74;6;50;6;62;0;75;3;5;0;100;1;97;0;100;2;42;2;3;3;80;1;24;0;0;1;1;1;1;1;1;1;3;2;62;0;15;3;50;0;0;6;6;3;4;0;0;0;0;0;0;0;0;0;0;0;0;0;0;0;0;0;0;0;0;0;0;0;0;0;0;0;0;0;0
09.01.2024;11:33;A 20;1;0;53;1;94;0;46;6;50;1;80;1;3;1;0;2;2;2;69;3;81;13;25;5;10;2;31;4;4;4;52;4;42;2;68;1;56;4;8;4;25;3;83;0;0;3;3;2;3;1;45;1;6;1;43;1;70;1;5;1;6;7;12;4;7;0;0;0;0;0;0;0;0;0;0;0;0;0;0;0;0;0;0;0;0;0;0;0;0;0;0;0;0;0;0
09.01.2024;11:32;A 20;1;2;41;2;61;5;10;5;6;2;43;3;26;1;1;1;1;7;68;1;89;2;4;1;98;0;100;2;1;2;75;1;47;2;83;2;42;2;3;4;7;4;70;0;0;3;3;2;2;3;50;2;29;4;65;4;55;0;72;2;60;10;13;6;9;0;0;0;0;0;0;0;0;0;0;0;0;0;0;0;0;0;0;0;0;0;0;0;0;0;0;0;0;0;0
09.01.2024;11:31;A 20;1;0;84;0;89;5;6;6;17;1;99;5;12;1;1;2;2;4;24;3;28;5;10;4;53;2;64;5;10;6;81;6;73;1;92;2;89;6;73;4;5;1;2;0;0;2;3;2;3;1;68;1;6;2;11;2;1;1;24;1;9;5;12;4;4;0;0;0;0;0;0;0;0;0;0;0;0;0;0;0;0;0;0;0;0;0;0;0;0;0;0;0;0;0;0
09.01.2024;11:30;A 20;1;4;57;0;100;5;4;3;3;3;66;3;74;3;47;3;5;1;75;0;100;4;6;0;0;1;3;3;3;8;29;4;39;1;52;2;38;5;16;3;5;3;65;0;0;1;3;0;0;1;64;0;66;1;95;1;94;1;99;1;99;8;13;4;6;0;0;0;0;1;1;0;0;0;0;0;0;0;0;0;0;0;0;0;0;0;0;0;0;0;0;0;0;0;0
09.01.2024;11:29;A 20;1;0;100;0;100;2;7;2;2;2;89;2;75;2;4;3;4;7;27;5;70;4;5;5;68;2;79;2;2;0;100;1;98;1;67;0;100;4;38;3;8;1;62;0;0;3;6;4;6;1;3;1;9;4;28;6;32;1;34;1;50;8;11;8;13;0;0;0;0;0;0;0;0;0;0;0;0;0;0;0;0;0;0;0;0;0;0;0;0;0;0;0;0;0;0
09.01.2024;11:28;A 20;1;3;51;3;71;5;5;9;11;4;87;2;98;3;60;3;4;1;39;1;47;6;8;1;73;2;34;5;9;10;41;6;27;3;69;3;43;9;36;3;6;2;83;0;0;3;3;2;2;2;68;2;30;1;84;2;89;1;93;1;94;7;12;5;7;0;0;0;0;0;0;0;0;0;0;0;0;0;0;0;0;0;0;0;0;0;0;0;0;0;0;0;0;0;0
09.01.2024;11:27;A 20;1;2;93;2;90;2;2;2;2;5;87;1;66;4;17;4;5;11;50;1;86;11;19;2;70;2;17;2;3;1;83;2;57;9;46;2;47;3;39;5;7;2;63;0;0;2;2;2;2;1;25;0;26;5;59;2;3;0;71;1;60;7;15;5;12;0;0;0;0;0;0;0;0;0;0;0;0;0;0;0;0;0;0;0;0;0;0;0;0;0;0;0;0;0;0
09.01.2024;11:26;A 20;1;1;72;1;72;3;7;2;1;1;32;5;19;4;7;4;6;1;3;1;10;4;7;3;10;2;14;2;1;6;65;6;63;5;80;1;77;6;8;3;47;0;0;0;0;0;0;0;0;1;56;4;20;1;62;2;5;1;70;2;49;6;8;3;5;0;0;0;0;0;0;0;0;0;0;0;0;0;0;0;0;0;0;0;0;0;0;0;0;0;0;0;0;0;0
09.01.2024;11:25;A 20;1;3;23;1;29;4;5;3;7;2;38;0;43;0;0;0;0;4;65;3;53;2;3;1;22;1;32;3;4;3;50;3;50;2;67;3;60;3;3;6;10;0;35;0;0;0;0;0;0;3;46;1;53;4;75;2;15;0;82;1;75;6;9;3;5;0;0;0;0;0;0;0;0;0;0;0;0;0;0;0;0;0;0;0;0;0;0;0;0;0;0;0;0;0;0
09.01.2024;11:24;A 20;1;2;82;1;39;3;4;6;15;1;63;2;61;3;4;4;4;5;6;2;20;2;2;2;45;0;48;1;0;5;84;3;80;6;62;0;86;5;19;3;5;1;11;0;0;1;1;1;1;1;48;2;15;4;66;0;0;1;79;3;0;5;8;2;3;0;0;0;0;0;0;0;0;0;0;0;0;0;0;0;0;0;0;0;0;0;0;0;0;0;0;0;0;0;0
09.01.2024;11:23;A 20;1;0;90;1;35;3;13;1;24;2;74;0;76;0;1;0;0;1;11;1;25;4;4;0;100;1;42;1;1;8;52;5;28;6;39;5;39;6;8;3;3;4;72;0;0;2;10;2;2;1;87;0;89;0;100;1;0;0;100;0;0;5;7;2;3;0;0;0;0;0;0;0;0;0;0;0;0;0;0;0;0;0;0;0;0;0;0;0;0;0;0;0;0;0;0
09.01.2024;11:22;A 20;1;1;79;2;76;5;7;5;23;2;63;3;68;4;4;4;5;6;49;4;69;4;7;5;88;0;100;4;6;1;38;1;55;3;23;1;65;3;3;5;9;4;36;0;0;4;5;3;3;2;27;2;35;4;74;0;36;2;74;0;37;5;8;2;2;0;0;0;0;0;0;0;0;0;0;0;0;0;0;0;0;0;0;0;0;0;0;0;0;0;0;0;0;0;0
09.01.2024;11:21;A 20;1;0;99;0;60;4;7;4;6;0;48;0;0;0;0;1;0;2;65;5;76;4;4;5;41;1;56;3;4;6;55;7;55;1;70;2;67;2;56;2;58;1;3;0;0;2;5;3;4;1;10;1;20;1;19;1;12;2;23;1;19;7;8;3;3;0;0;1;1;0;0;0;0;0;0;0;0;0;0;0;0;0;0;0;0;0;0;0;0;0;0;0;0;0;0
09.01.2024;11:20;A 20;1;3;24;1;70;5;4;4;5;5;56;2;50;1;37;2;1;9;79;1;97;5;18;1;79;1;88;4;6;4;71;1;68;6;76;1;74;6;22;6;55;3;36;0;0;1;1;0;0;2;42;1;44;1;68;0;0;0;70;0;0;6;10;1;1;0;0;0;0;0;0;0;0;0;0;0;0;0;0;0;0;0;0;0;0;0;0;0;0;0;0;0;0;0;0
09.01.2024;11:19;A 20;1;0;100;0;100;2;12;5;74;1;83;1;90;5;7;5;7;3;17;3;29;5;7;3;56;0;63;1;2;2;9;4;89;0;100;0;97;3;9;1;5;1;80;0;0;4;5;4;5;1;45;2;14;6;61;2;7;1;76;0;25;9;14;4;6;0;0;0;0;0;0;0;0;0;0;0;0;0;0;0;0;0;0;0;0;0;0;0;0;0;0;0;0;0;0
09.01.2024;11:18;A 20;1;3;68;3;56;5;32;4;30;4;80;1;84;2;4;1;1;2;92;2;51;1;1;1;38;2;47;3;4;5;31;6;38;3;58;3;45;5;19;6;10;0;70;0;0;0;0;0;0;3;17;1;27;1;66;1;26;2;68;1;73;5;9;2;4;0;0;0;0;0;0;0;0;0;0;0;0;0;0;0;0;0;0;0;0;0;0;0;0;0;0;0;0;0;0
09.01.2024;11:17;A 20;1;1;57;2;64;3;4;4;36;5;42;4;35;4;15;4;5;6;54;3;66;6;10;2;65;4;52;3;2;0;100;1;37;3;94;2;40;2;3;3;5;6;56;0;0;2;15;1;0;2;17;1;20;3;42;0;40;1;40;0;43;15;17;6;7;0;0;1;1;0;0;1;1;0;0;0;0;1;1;1;1;0;0;0;0;0;0;0;0;0;0;0;0;0;0
09.01.2024;11:16;A 20;1;1;82;0;100;4;66;2;61;0;100;0;100;3;42;3;4;2;25;2;11;4;3;6;18;0;29;2;1;12;64;8;10;2;92;3;70;9;67;4;40;0;100;0;0;3;12;4;6;1;84;54;47;0;0;1;88;1;3;1;93;3;6;4;6;0;0;0;0;0;0;0;0;0;0;0;0;0;0;0;0;0;0;0;0;0;0;0;0;0;0;0;0;0;0
09.01.2024;11:15;A 20;1;1;82;2;80;4;30;6;25;1;46;1;51;2;2;2;2;5;71;0;79;2;3;1;93;1;98;5;10;9;44;5;6;6;65;2;64;10;16;5;9;2;68;0;0;2;2;2;2;0;36;0;0;4;67;2;66;3;77;1;72;6;8;7;11;0;0;0;0;0;0;0;0;0;0;0;0;0;0;0;0;0;0;0;0;0;0;0;0;0;0;0;0;0;0
09.01.2024;11:14;A 20;1;2;61;0;5;3;4;0;0;0;0;0;0;0;0;0;0;8;31;1;63;4;10;5;62;1;76;7;12;2;94;1;94;0;100;1;80;3;16;5;55;1;46;0;0;2;2;2;2;2;14;1;7;1;42;4;18;2;13;1;20;4;8;1;2;0;0;0;0;0;0;0;0;0;0;0;0;0;0;0;0;0;0;0;0;0;0;0;0;0;0;0;0;0;0
09.01.2024;11:13;A 20;1;1;44;1;46;0;0;1;1;1;82;1;76;1;1;0;0;3;72;3;77;8;11;1;65;2;69;4;5;7;51;2;2;5;68;2;11;9;13;2;2;3;90;0;0;2;5;2;4;1;2;1;15;3;34;0;0;2;10;1;2;7;9;3;3;0;0;0;0;0;0;0;0;0;0;0;0;0;0;0;0;0;0;0;0;0;0;0;0;0;0;0;0;0;0
09.01.2024;11:12;A 20;1;1;48;2;44;2;2;3;3;1;2;1;6;1;1;3;2;4;59;1;72;6;9;0;0;0;0;1;0;7;29;15;25;6;46;4;43;4;7;5;28;2;56;0;0;1;1;1;1;1;12;1;8;2;45;0;0;2;55;1;0;5;10;3;2;0;0;0;0;0;0;0;0;0;0;0;0;0;0;0;0;0;0;0;0;0;0;0;0;0;0;0;0;0;0
09.01.2024;11:11;A 20;1;1;27;1;35;3;3;5;7;1;8;0;7;0;0;0;0;9;53;2;80;7;15;5;74;2;22;7;6;1;89;2;60;6;64;3;56;4;7;5;12;2;71;0;0;3;5;3;3;1;25;1;7;3;51;1;16;0;61;2;32;8;11;4;6;0;0;0;0;0;0;0;0;0;0;0;0;0;0;0;0;0;0;0;0;0;0;0;0;0;0;0;0;0;0
09.01.2024;11:10;A 20;1;0;72;1;65;3;5;2;2;0;100;2;17;1;1;1;1;2;34;4;11;4;5;2;24;1;25;2;2;11;70;7;59;0;87;4;69;8;67;6;7;1;70;0;0;2;2;2;2;2;86;2;8;2;79;1;0;1;86;1;12;6;5;5;8;0;0;2;3;0;0;0;0;0;0;2;14;0;0;0;0;0;0;0;0;0;0;0;0;0;0;0;0;0;0
09.01.2024;11:09;A 20;1;3;59;3;38;6;7;2;2;5;75;2;59;2;2;2;2;4;45;3;84;4;6;0;100;1;72;2;2;6;61;4;32;6;43;3;36;6;9;3;4;2;42;0;0;1;1;1;1;1;44;0;3;1;76;2;77;1;69;0;98;9;9;8;9;0;0;0;0;0;0;0;0;0;0;0;0;0;0;0;0;0;0;0;0;0;0;0;0;0;0;0;0;0;0
09.01.2024;11:08;A 20;1;1;57;1;75;1;1;4;6;1;61;5;61;4;5;4;5;4;23;6;67;3;3;4;44;3;48;4;4;1;95;2;88;1;86;2;90;4;71;3;4;0;0;0;0;1;1;1;1;0;0;1;3;2;25;3;29;1;33;1;59;7;20;9;12;0;0;2;3;0;0;0;0;0;0;0;0;1;1;0;0;0;0;0;0;0;0;0;0;0;0;0;0;0;0
09.01.2024;11:07;A 20;1;2;58;1;50;6;12;1;23;4;92;1;84;8;9;4;6;3;80;0;100;5;7;0;0;0;0;1;0;10;73;11;43;1;79;3;65;7;54;6;46;0;88;0;0;0;0;0;0;2;8;1;16;0;100;1;14;1;84;1;79;3;3;4;5;0;0;0;0;0;0;0;0;0;0;0;0;0;0;0;0;0;0;0;0;0;0;0;0;0;0;0;0;0;0
09.01.2024;11:06;A 20;1;2;67;1;67;3;3;4;8;1;84;1;3;1;0;1;1;4;5;0;100;6;8;0;85;8;10;1;0;1;68;1;63;3;74;2;63;5;31;5;20;2;15;0;0;2;2;2;2;2;32;2;10;6;52;5;52;2;74;0;65;8;14;7;21;0;0;0;0;0;0;0;0;0;0;0;0;0;0;0;0;0;0;0;0;0;0;0;0;0;0;0;0;0;0
09.01.2024;11:05;A 20;1;3;76;3;18;4;4;4;3;1;33;1;5;1;1;1;1;7;9;1;99;3;5;3;40;1;28;2;2;11;71;9;66;6;92;4;82;7;63;6;69;0;0;0;0;1;1;0;0;1;50;2;4;1;64;1;65;3;47;1;70;5;12;6;7;0;0;0;0;0;0;0;0;0;0;0;0;0;0;0;0;0;0;0;0;0;0;0;0;0;0;0;0;0;0
09.01.2024;11:04;A 20;1;2;38;4;3;2;3;1;1;2;48;2;44;3;4;1;1;8;72;1;97;11;19;1;94;2;25;3;2;8;49;6;68;3;70;3;52;8;14;8;12;3;50;0;0;2;5;0;0;4;41;2;47;1;65;3;46;0;7;2;57;9;12;7;11;0;0;0;0;0;0;0;0;0;0;0;0;0;0;0;0;0;0;0;0;0;0;0;0;0;0;0;0;0;0
09.01.2024;11:03;A 20;1;2;18;1;10;2;5;1;1;0;100;0;0;0;0;1;1;6;18;1;33;2;4;3;51;1;61;2;2;4;90;4;86;5;71;0;100;7;41;5;40;1;73;0;0;3;10;4;9;3;13;2;24;3;11;1;0;1;17;2;20;13;15;6;5;0;0;0;0;0;0;0;0;0;0;0;0;0;0;0;0;0;0;0;0;0;0;0;0;0;0;0;0;0;0
09.01.2024;11:02;A 20;1;6;29;2;61;3;2;3;2;5;83;2;83;4;6;5;6;1;65;2;61;6;12;1;50;2;57;4;4;5;49;8;42;3;45;2;59;2;32;4;36;2;73;0;0;2;3;2;3;1;40;1;7;0;100;0;4;0;100;0;100;5;8;5;8;0;0;0;0;0;0;0;0;0;0;0;0;0;0;0;0;0;0;0;0;0;0;0;0;0;0;0;0;0;0
09.01.2024;11:01;A 20;1;1;7;2;18;1;1;2;3;1;64;3;46;2;2;2;2;4;4;4;17;5;7;3;76;1;87;1;1;2;74;1;83;3;83;3;82;4;42;6;16;3;49;0;0;1;1;1;1;1;2;1;6;6;64;3;49;2;80;2;63;8;16;9;9;0;0;0;0;0;0;0;0;0;0;0;0;0;0;0;0;0;0;0;0;0;0;0;0;0;0;0;0;0;0
09.01.2024;11:00;A 20;1;1;18;2;27;3;3;5;6;1;19;1;6;1;1;1;1;9;10;3;31;7;8;3;22;2;10;2;2;4;72;5;74;3;54;1;82;5;7;4;8;0;100;0;0;1;6;1;3;0;0;0;0;2;52;1;35;2;58;1;41;2;6;4;3;0;0;0;0;0;0;0;0;0;0;0;0;0;0;0;0;0;0;0;0;0;0;0;0;0;0;0;0;0;0
09.01.2024;10:59;A 20;1;1;39;0;19;3;3;2;7;1;62;0;61;0;0;0;0;3;94;1;31;5;6;0;0;0;0;3;3;12;61;16;29;4;51;6;48;8;19;13;22;4;72;0;0;4;6;4;5;1;83;1;90;3;78;1;27;3;38;2;32;9;16;7;8;0;0;0;0;0;0;0;0;0;0;0;0;0;0;0;0;0;0;0;0;0;0;0;0;0;0;0;0;0;0
09.01.2024;10:58;A 20;1;0;100;0;100;0;0;1;3;4;84;7;27;4;4;2;2;5;38;1;58;2;10;1;70;0;73;1;1;0;0;1;80;1;81;2;83;4;10;6;22;2;39;0;0;3;4;2;2;2;34;2;43;3;38;2;33;0;41;0;39;5;12;6;6;1;1;1;1;0;0;0;0;1;3;0;0;0;0;0;0;0;0;0;0;0;0;0;0;0;0;0;0;0;0
09.01.2024;10:57;A 20;1;0;100;0;100;2;3;4;5;2;95;1;99;1;2;3;4;1;42;2;22;3;4;1;67;2;32;2;2;8;55;7;45;1;69;2;61;6;12;3;49;1;94;0;0;0;0;1;3;1;67;1;7;1;91;1;76;1;52;1;81;4;5;2;1;0;0;1;1;0;0;0;0;0;0;0;0;0;0;0;0;0;0;0;0;0;0;0;0;0;0;0;0;0;0
09.01.2024;10:56;A 20;1;1;45;5;66;4;6;3;3;5;86;4;85;5;19;5;6;9;83;0;99;7;10;1;10;1;10;2;2;4;63;2;59;7;68;3;62;6;8;5;18;4;76;0;0;2;2;2;2;2;28;2;10;3;53;1;68;4;70;2;78;8;13;5;8;0;0;0;0;0;0;0;0;0;0;0;0;0;0;0;0;0;0;0;0;0;0;0;0;0;0;0;0;0;0
09.01.2024;10:55;A 20;1;1;49;1;51;4;6;5;7;1;42;2;32;3;7;3;5;9;40;3;66;7;10;0;0;1;0;0;0;5;85;6;84;1;97;2;98;4;12;6;23;1;81;0;0;4;8;4;6;0;0;0;0;0;13;1;29;0;0;1;37;4;6;2;3;0;0;0;0;0;0;0;0;0;0;0;0;0;0;0;0;0;0;0;0;0;0;0;0;0;0;0;0;0;0
09.01.2024;10:54;A 20;1;0;33;1;32;1;1;1;0;1;55;1;6;1;1;2;1;1;91;2;97;4;6;0;0;0;0;0;0;12;55;12;43;6;70;4;59;9;39;11;28;2;81;0;0;2;1;2;2;0;85;0;0;1;97;0;100;0;0;0;100;4;6;5;5;0;0;0;0;0;0;0;0;0;0;0;0;0;0;0;0;0;0;0;0;0;0;0;0;0;0;0;0;0;0
09.01.2024;10:53;A 20;1;1;97;1;88;3;4;3;4;2;3;1;4;1;0;2;1;11;56;3;82;7;10;3;84;0;90;1;2;1;86;1;75;2;90;1;87;5;49;3;3;3;23;0;0;1;1;1;1;2;39;1;11;3;41;3;26;3;48;1;30;7;10;1;1;0;0;0;0;0;0;0;0;0;0;0;0;0;0;0;0;0;0;0;0;0;0;0;0;0;0;0;0;0;0
09.01.2024;10:52;A 20;1;1;44;3;26;6;21;5;5;1;60;2;54;2;2;2;3;1;48;1;58;6;10;3;49;1;62;4;8;9;50;7;48;5;68;2;58;8;24;3;8;0;98;0;0;1;2;1;1;1;65;2;50;2;54;0;0;2;18;0;0;3;5;2;0;0;0;0;0;0;0;0;0;0;0;0;0;0;0;0;0;0;0;0;0;0;0;0;0;0;0;0;0;0;0
09.01.2024;10:51;A 20;1;1;8;5;22;1;1;2;1;2;33;0;39;0;0;0;0;5;69;1;59;5;7;1;69;1;78;4;4;3;69;3;12;3;62;4;16;3;3;6;8;2;61;0;0;3;3;2;2;3;16;2;27;3;66;2;19;0;70;1;28;8;12;9;11;0;0;0;0;0;0;0;0;0;0;0;0;1;1;0;0;0;0;0;0;0;0;0;0;0;0;0;0;0;0
09.01.2024;10:50;A 20;1;0;98;1;98;5;9;5;5;0;100;0;100;1;1;1;1;10;20;1;39;2;2;3;46;0;53;1;1;5;86;4;32;3;68;2;42;7;8;4;4;1;49;0;0;1;1;2;2;0;0;0;0;4;68;0;0;4;27;0;0;6;10;6;2;0;0;0;0;0;0;0;0;0;0;0;0;0;0;0;0;0;0;0;0;0;0;0;0;0;0;0;0;0;0
09.01.2024;10:49;A 20;1;2;17;3;63;3;3;7;26;3;74;4;50;4;7;4;7;2;53;1;60;8;11;1;35;1;43;3;2;8;56;7;22;4;38;1;41;5;11;4;16;2;72;0;0;2;3;2;2;1;48;1;8;1;58;1;0;2;25;0;0;3;4;1;0;0;0;0;0;0;0;0;0;0;0;0;0;0;0;0;0;0;0;0;0;0;0;0;0;0;0;0;0;0;0
09.01.2024;10:48;A 20;1;1;9;2;26;1;1;3;2;6;25;1;34;2;20;2;2;6;60;1;73;2;2;0;90;0;0;0;0;1;98;1;49;2;4;2;28;2;5;4;6;1;29;0;0;1;0;1;1;1;20;0;19;4;54;1;52;1;15;1;56;9;17;5;6;0;0;0;0;0;0;0;0;0;0;0;0;0;0;0;0;0;0;0;0;0;0;0;0;0;0;0;0;0;0
09.01.2024;10:47;A 20;1;1;46;2;54;2;3;3;3;0;100;1;97;4;56;3;4;9;18;4;42;10;14;4;41;1;53;1;1;4;75;4;36;2;77;4;26;6;10;4;5;1;52;0;0;1;1;1;1;3;45;2;57;4;12;2;55;1;22;2;65;8;14;5;7;0;0;0;0;0;0;0;0;0;0;0;0;0;0;0;0;0;0;0;0;0;0;0;0;0;0;0;0;0;0
09.01.2024;10:46;A 20;1;2;26;3;16;3;3;3;3;4;49;4;53;4;5;5;7;3;94;0;100;5;5;0;100;1;95;3;2;11;47;4;8;2;47;2;21;8;13;1;0;2;34;0;0;2;2;2;2;5;88;1;99;1;96;1;0;0;100;1;55;9;17;4;5;0;0;0;0;0;0;0;0;0;0;0;0;0;0;0;0;0;0;0;0;0;0;0;0;0;0;0;0;0;0
09.01.2024;10:45;A 20;1;1;90;1;7;3;5;0;0;3;16;1;20;1;1;3;2;3;51;2;66;8;14;1;83;3;15;6;4;1;98;1;94;1;97;2;71;3;5;3;5;2;12;0;0;1;0;1;1;3;42;4;43;2;62;7;8;2;51;2;16;7;9;6;9;0;0;0;0;0;0;0;0;0;0;0;0;0;0;0;0;0;0;0;0;0;0;0;0;0;0;0;0;0;0
09.01.2024;10:44;A 20;1;2;66;3;73;2;1;3;2;0;100;0;100;1;1;2;1;1;5;2;17;2;4;3;47;2;41;2;2;12;69;9;64;2;97;3;80;11;73;5;67;1;46;0;0;2;3;3;4;0;0;0;0;1;48;0;0;2;21;0;0;5;12;2;2;0;0;0;0;0;0;0;0;0;0;0;0;0;0;0;0;0;0;0;0;0;0;0;0;0;0;0;0;0;0
09.01.2024;10:43;A 20;1;2;61;2;25;3;3;4;12;1;69;2;23;2;2;2;2;2;84;0;88;1;1;0;100;1;65;3;2;6;39;3;35;3;48;2;37;8;17;6;17;3;51;0;0;1;3;1;1;1;55;1;13;4;85;0;80;0;92;1;81;4;6;0;0;0;0;0;0;0;0;0;0;0;0;0;0;0;0;0;0;0;0;0;0;0;0;0;0;0;0;0;0;0;0
09.01.2024;10:42;A 20;1;2;50;2;22;4;7;2;2;1;28;2;5;1;1;1;1;11;47;3;84;6;9;3;69;1;67;2;3;3;90;5;90;0;100;0;100;4;72;6;34;1;85;0;0;3;4;2;4;1;55;1;7;3;49;1;52;1;58;1;58;4;5;1;1;0;0;1;1;0;0;0;0;0;0;1;1;0;0;0;0;0;0;0;0;0;0;0;0;0;0;0;0;0;0
09.01.2024;10:41;A 20;1;0;46;1;24;3;33;0;0;3;79;4;64;3;5;3;4;1;83;0;100;6;10;1;69;2;26;2;2;9;48;10;41;1;70;4;56;6;35;7;34;1;1;0;0;1;1;2;2;3;47;1;58;1;64;1;0;1;71;2;9;6;6;5;6;0;0;0;0;1;1;0;0;0;0;0;0;0;0;0;0;0;0;0;0;0;0;0;0;0;0;0;0;0;0
09.01.2024;10:40;A 20;1;1;81;2;35;4;42;2;2;2;69;4;5;1;1;1;1;2;1;0;100;4;4;0;0;0;0;0;0;1;63;1;97;1;75;1;97;5;18;4;7;1;10;0;0;0;0;0;0;0;9;0;0;4;42;3;40;2;51;1;48;7;17;5;8;0;0;0;0;0;0;0;0;0;0;0;0;0;0;0;0;0;0;0;0;0;0;0;0;0;0;0;0;0;0
09.01.2024;10:39;A 20;1;1;60;1;53;4;5;4;6;1;96;2;6;1;1;1;1;2;2;2;93;0;0;2;15;0;73;1;1;12;63;12;59;0;91;4;85;8;66;9;59;1;37;0;0;2;4;2;6;1;32;1;5;1;14;1;18;2;18;1;24;13;16;6;8;0;0;0;0;0;0;0;0;0;0;0;0;0;0;0;0;0;0;0;0;0;0;0;0;0;0;0;0;0;0
09.01.2024;10:38;A 20;1;3;46;1;0;2;2;0;0;0;24;1;3;1;1;1;1;5;66;2;83;5;11;0;100;0;100;1;1;1;59;1;75;1;72;2;70;5;51;5;56;3;36;0;0;1;3;1;1;3;3;3;10;8;74;3;60;2;79;1;69;8;12;7;11;0;0;0;0;0;0;0;0;0;0;0;0;0;0;0;0;0;0;0;0;0;0;0;0;0;0;0;0;0;0
09.01.2024;10:37;A 20;1;2;90;2;98;1;7;2;71;0;100;0;0;0;0;0;0;12;34;1;54;7;17;5;79;0;100;1;5;5;86;6;86;0;97;1;98;2;35;4;68;1;73;0;0;3;8;2;3;1;1;0;0;4;61;2;5;1;24;1;23;7;16;5;9;0;0;0;0;0;0;0;0;0;0;0;0;0;0;0;0;0;0;0;0;0;0;0;0;0;0;0;0;0;0
09.01.2024;10:36;A 20;1;3;40;1;60;1;1;5;35;3;77;3;76;3;3;2;2;1;77;2;56;9;23;1;94;2;95;4;5;9;54;7;38;1;77;4;46;8;39;6;25;1;42;0;0;1;1;1;1;2;65;2;55;1;74;0;100;1;83;0;100;9;16;3;4;1;1;0;0;0;0;0;0;1;1;0;0;0;0;0;0;0;0;0;0;0;0;0;0;0;0;0;0;0;0
09.01.2024;10:35;A 20;1;3;42;1;40;4;6;5;14;3;47;1;45;2;2;3;4;5;42;3;65;9;12;5;18;2;61;5;10;4;57;5;30;1;71;2;43;6;15;5;11;1;39;0;0;0;0;0;0;2;22;2;19;0;0;2;7;0;0;1;12;6;9;1;0;0;0;0;0;0;0;0;0;0;0;0;0;0;0;0;0;0;0;0;0;0;0;0;0;0;0;0;0;0;0
09.01.2024;10:34;A 20;1;2;13;1;36;2;2;2;3;1;45;1;52;2;3;2;3;5;13;0;22;0;0;2;46;1;52;1;1;3;88;4;89;0;100;0;100;3;82;4;10;1;95;0;0;1;1;1;1;0;0;0;0;2;11;0;0;0;13;0;0;5;7;0;0;0;0;0;0;0;0;0;0;0;0;0;0;0;0;0;0;0;0;0;0;0;0;0;0;0;0;0;0;0;0
09.01.2024;10:33;A 20;1;0;21;3;29;1;2;3;2;2;40;3;44;2;2;2;2;1;49;2;51;7;10;1;79;1;93;1;0;11;47;10;47;3;75;4;55;8;33;7;27;2;51;0;0;1;0;1;1;1;57;0;58;0;100;0;0;0;100;0;0;6;15;4;6;0;0;0;0;0;0;0;0;0;0;0;0;0;0;0;0;0;0;0;0;0;0;0;0;0;0;0;0;0;0
09.01.2024;10:32;A 20;1;2;19;1;95;2;2;2;2;1;12;0;12;0;0;0;0;10;51;3;56;10;16;1;83;1;57;2;2;1;91;1;88;2;71;2;82;6;37;6;24;3;57;0;0;3;4;3;3;2;12;1;21;4;65;1;0;3;63;0;79;5;6;3;3;0;0;0;0;0;0;0;0;0;0;0;0;0;0;0;0;0;0;0;0;0;0;0;0;0;0;0;0;0;0
09.01.2024;10:31;A 20;1;2;16;4;48;2;2;4;3;0;100;0;100;0;0;0;0;3;18;3;26;2;3;1;51;1;7;1;1;9;63;6;57;1;84;2;68;4;62;5;8;1;92;0;0;2;2;2;3;0;0;0;0;1;34;0;0;1;40;2;27;6;13;5;9;0;0;0;0;0;0;0;0;0;0;0;0;1;1;0;0;0;0;0;0;0;0;0;0;0;0;0;0;0;0
09.01.2024;10:30;A 20;1;2;18;2;98;2;2;1;0;2;74;5;66;2;2;2;2;6;55;2;80;6;9;0;100;0;0;1;0;6;57;6;54;1;79;3;37;9;17;5;7;0;0;0;0;1;1;1;1;0;0;0;0;1;82;1;32;1;28;0;86;3;7;3;7;0;0;0;0;0;0;0;0;0;0;0;0;1;2;0;0;0;0;0;0;0;0;0;0;0;0;0;0;0;0
09.01.2024;10:29;A 20;1;1;89;3;95;2;2;1;1;4;8;2;17;2;2;2;3;8;45;4;34;7;17;1;80;2;7;1;0;0;100;1;52;1;25;2;47;3;7;3;3;5;8;0;0;1;4;0;0;0;6;0;0;7;72;4;9;1;70;4;86;7;12;6;11;0;0;0;0;0;0;0;0;0;0;0;0;0;0;0;0;0;0;0;0;0;0;0;0;0;0;0;0;0;0
09.01.2024;10:28;A 20;1;1;60;4;60;1;0;0;0;0;99;1;80;3;5;3;5;3;21;2;19;2;2;3;39;1;23;1;1;10;57;10;51;2;83;1;76;8;47;6;56;0;99;0;0;2;4;3;2;1;6;1;8;1;93;0;0;2;95;2;93;7;8;4;5;0;0;0;0;1;1;0;0;0;0;0;0;0;0;0;0;0;0;0;0;0;0;0;0;0;0;0;0;0;0
09.01.2024;10:27;A 20;1;4;63;3;60;4;8;1;1;3;54;3;36;2;2;2;3;12;67;2;96;8;19;0;0;1;6;0;0;2;52;2;51;2;40;3;50;3;3;6;27;2;61;0;0;3;3;3;4;3;3;2;9;4;60;3;60;2;69;2;71;7;18;7;14;1;1;1;1;0;0;0;0;0;0;0;0;0;0;0;0;0;0;0;0;0;0;0;0;0;0;0;0;0;0
09.01.2024;10:26;A 20;1;7;50;1;94;2;3;8;42;0;100;1;46;1;1;1;1;4;53;3;73;7;10;4;27;0;42;1;1;8;78;10;76;1;94;2;95;6;75;10;57;0;100;0;0;1;1;1;1;1;1;0;1;1;8;1;3;2;7;1;7;4;10;5;7;0;0;0;0;0;0;0;0;0;0;0;0;0;0;0;0;0;0;0;0;0;0;0;0;0;0;0;0;0;0
09.01.2024;10:25;A 20;1;1;10;2;52;1;1;2;2;3;31;4;34;3;3;3;4;2;86;1;93;1;1;0;100;0;100;1;1;6;40;3;47;6;64;4;42;9;15;6;7;1;10;0;0;1;2;1;2;3;32;2;43;2;80;3;85;0;91;0;93;5;6;3;4;0;0;0;0;0;0;0;0;0;0;0;0;0;0;0;0;0;0;0;0;0;0;0;0;0;0;0;0;0;0
09.01.2024;10:24;A 20;1;0;91;3;17;0;0;2;2;0;0;0;0;0;0;1;0;11;32;3;56;5;8;2;59;0;100;3;4;4;81;2;41;1;98;1;80;4;8;1;1;0;0;0;0;0;0;0;0;1;51;1;55;5;64;3;15;3;69;1;19;5;10;5;6;0;0;0;0;0;0;0;0;0;0;0;0;0;0;0;0;0;0;0;0;0;0;0;0;0;0;0;0;0;0
09.01.2024;10:23;A 20;1;2;64;1;48;2;2;1;0;0;0;0;0;0;0;0;0;3;57;3;71;11;21;2;18;0;100;3;3;4;44;5;47;3;32;1;56;5;7;3;4;3;36;0;0;3;6;3;4;4;59;2;59;1;63;1;45;1;69;1;50;6;8;4;6;0;0;0;0;0;0;0;0;0;0;0;0;0;0;0;0;0;0;0;0;0;0;0;0;0;0;0;0;0;0
09.01.2024;10:22;A 20;1;1;61;3;63;3;5;3;4;3;70;0;74;2;3;2;3;3;74;2;85;5;12;1;18;1;62;3;7;3;32;1;61;2;45;2;13;2;1;3;4;2;56;0;0;2;2;1;1;1;26;2;35;0;0;1;0;0;0;0;0;4;5;4;6;0;0;0;0;0;0;0;0;0;0;0;0;0;0;0;0;0;0;0;0;0;0;0;0;0;0;0;0;0;0
09.01.2024;10:21;A 20;1;5;48;2;51;3;2;2;2;2;78;2;77;2;2;2;2;10;64;1;93;5;7;3;93;1;77;2;3;3;54;1;58;3;42;2;7;4;5;3;2;1;29;0;0;1;6;2;5;0;0;0;0;4;60;1;27;1;58;1;34;5;7;4;2;0;0;1;1;0;0;0;0;0;0;0;0;0;0;0;0;0;0;0;0;0;0;0;0;0;0;0;0;0;0
09.01.2024;10:20;A 20;1;2;36;3;52;5;10;6;9;1;24;1;31;2;3;2;3;5;56;3;74;11;17;3;58;2;35;1;1;8;73;8;70;2;97;1;87;6;72;4;65;1;4;0;0;1;1;1;1;0;0;0;0;1;29;0;0;1;8;0;0;0;0;0;0;0;0;0;0;0;0;0;0;0;0;0;0;0;0;0;0;0;0;0;0;0;0;0;0;0;0;0;0;0;0
09.01.2024;10:19;A 20;1;3;17;5;9;4;3;2;1;2;45;1;48;1;1;1;1;6;88;0;99;2;4;1;26;1;33;2;3;2;68;2;67;3;70;3;47;6;10;4;7;1;54;0;0;1;2;1;1;2;51;2;11;1;78;2;1;0;80;0;0;3;2;4;6;0;0;0;0;0;0;0;0;0;0;0;0;0;0;0;0;0;0;0;0;0;0;0;0;0;0;0;0;0;0
09.01.2024;10:18;A 20;1;1;77;2;8;1;1;1;1;1;93;3;71;1;1;1;1;11;40;1;60;6;10;1;53;3;47;1;1;6;77;4;56;2;84;3;59;6;32;4;5;1;55;0;0;1;4;0;2;4;59;1;48;4;51;3;12;2;49;0;19;7;11;4;4;0;0;0;0;0;0;0;0;0;0;0;0;1;2;0;0;0;0;0;0;0;0;0;0;0;0;0;0;0;0
09.01.2024;10:17;A 20;1;2;38;4;27;3;4;1;0;2;70;3;15;3;3;2;2;1;70;2;74;10;19;1;18;1;58;1;1;10;37;7;27;1;52;2;41;7;11;4;11;1;1;0;0;1;1;2;2;1;94;0;100;1;77;0;100;6;86;0;100;5;10;7;7;0;0;0;0;0;0;0;0;0;0;0;0;0;0;0;0;0;0;0;0;0;0;0;0;0;0;0;0;0;0
09.01.2024;10:16;A 20;1;1;8;6;81;2;1;2;2;3;20;0;25;0;0;1;1;11;59;1;88;8;26;3;88;1;76;3;4;2;86;1;67;2;78;2;42;5;10;4;4;1;17;0;0;0;0;0;0;2;29;1;34;1;48;1;51;1;20;1;62;4;5;3;3;1;1;0;0;0;0;0;0;0;0;0;0;0;0;0;0;0;0;0;0;0;0;0;0;0;0;0;0;0;0
09.01.2024;10:15;A 20;1;1;88;3;92;4;70;3;70;0;100;1;47;3;6;4;5;3;25;3;39;4;6;5;55;1;35;2;2;12;72;13;67;1;99;3;94;8;78;7;71;1;68;0;0;2;2;1;1;1;70;1;76;1;55;1;66;1;6;1;73;5;8;7;6;0;0;0;0;0;0;0;0;0;0;0;0;0;0;0;0;0;0;0;0;0;0;0;0;0;0;0;0;0;0
09.01.2024;10:14;A 20;1;1;65;2;75;2;54;5;43;3;70;2;53;2;3;2;3;7;55;4;79;8;12;0;100;0;100;2;2;7;63;4;56;4;78;3;68;9;17;7;22;0;37;0;0;0;0;0;0;2;49;2;18;4;50;2;54;1;67;1;63;4;4;2;3;0;0;0;0;0;0;0;0;0;0;0;0;0;0;0;0;0;0;0;0;0;0;0;0;0;0;0;0;0;0
09.01.2024;10:13;A 20;1;1;88;0;100;2;3;4;33;2;52;1;58;2;3;3;4;11;47;1;67;1;8;1;13;2;20;1;1;1;56;2;75;2;44;2;41;4;7;4;6;2;36;0;0;1;1;1;1;2;15;1;7;0;24;1;27;0;0;0;31;4;3;3;4;0;0;0;0;0;0;0;0;0;0;0;0;0;0;0;0;0;0;0;0;0;0;0;0;0;0;0;0;0;0
09.01.2024;10:12;A 20;1;2;61;8;68;4;8;2;3;1;94;3;48;2;3;3;3;1;28;1;36;10;19;3;4;1;8;1;0;11;53;11;47;1;76;4;66;7;13;8;17;1;95;0;0;2;3;2;2;1;2;1;7;0;100;1;34;0;0;1;40;9;15;7;8;0;0;0;0;0;0;0;0;0;0;0;0;0;0;0;0;0;0;0;0;0;0;0;0;0;0;0;0;0;0
09.01.2024;10:11;A 20;1;2;93;0;100;2;2;4;3;6;66;1;42;3;21;1;1;8;64;2;90;7;17;0;99;0;100;2;2;1;73;1;68;2;71;2;56;5;9;3;4;3;38;0;0;3;3;3;4;2;2;2;8;7;65;4;2;4;82;2;7;9;12;5;5;0;0;0;0;0;0;0;0;0;0;0;0;0;0;0;0;0;0;0;0;0;0;0;0;0;0;0;0;0;0
09.01.2024;10:10;A 20;1;2;76;2;94;4;31;4;8;0;100;0;100;2;75;4;7;6;11;2;37;4;4;6;38;1;93;2;5;5;77;5;62;0;88;2;80;3;21;2;4;0;100;0;0;0;0;0;0;0;0;0;0;1;53;0;0;1;58;0;0;6;11;7;7;0;0;0;0;0;0;0;0;0;0;0;0;0;0;0;0;0;0;0;0;0;0;0;0;0;0;0;0;0;0
09.01.2024;10:09;A 20;1;5;36;6;64;3;3;3;3;7;77;0;100;4;60;1;2;2;75;2;58;7;10;0;0;0;100;3;6;4;42;8;19;4;59;4;36;7;8;8;10;4;52;0;0;3;3;2;2;0;0;0;0;4;54;2;46;3;61;1;55;3;2;7;8;0;0;0;0;0;0;0;0;0;0;0;0;0;0;0;0;0;0;0;0;0;0;0;0;0;0;0;0;0;0
09.01.2024;10:08;A 20;1;3;69;2;95;6;8;2;2;3;90;0;100;4;91;4;15;8;31;0;54;9;19;2;27;3;50;6;7;4;66;4;64;1;82;1;81;4;6;6;49;2;93;0;0;2;2;1;1;1;1;1;3;3;24;1;18;0;33;0;34;9;18;11;7;0;0;0;0;0;0;0;0;0;0;0;0;0;0;0;0;0;0;0;0;0;0;0;0;0;0;0;0;0;0
09.01.2024;10:07;A 20;1;1;47;4;14;2;29;0;0;2;90;0;100;1;97;1;73;2;17;2;29;2;3;0;2;1;3;1;0;10;42;5;35;1;69;0;44;6;44;1;1;2;92;0;0;2;2;2;1;2;93;1;14;1;90;1;92;2;93;1;96;5;5;7;8;0;0;0;0;1;1;0;0;0;0;0;0;0;0;0;0;0;0;0;0;0;0;0;0;0;0;0;0;0;0
09.01.2024;10:06;A 20;1;1;65;2;9;3;4;1;1;2;80;4;67;6;21;10;19;8;65;1;89;5;8;1;43;1;8;2;1;1;80;1;71;2;73;2;49;5;29;7;12;5;33;0;0;2;3;2;3;1;29;2;25;2;61;1;56;0;66;1;66;8;13;8;9;0;0;0;0;0;0;0;0;0;0;0;0;0;0;0;0;0;0;0;0;0;0;0;0;0;0;0;0;0;0
09.01.2024;10:05;A 20;1;0;0;1;8;0;0;1;1;1;83;1;8;1;1;1;1;3;11;3;28;4;6;1;22;0;0;1;2;6;72;5;23;1;89;6;19;5;7;5;5;0;100;0;0;3;7;3;4;1;72;1;11;1;4;1;84;1;12;1;89;2;1;0;0;0;0;0;0;0;0;0;0;0;0;0;0;0;0;0;0;0;0;0;0;0;0;0;0;0;0;0;0;0;0
09.01.2024;10:04;A 20;1;1;21;0;26;4;5;2;14;0;0;1;0;1;0;1;0;5;19;3;36;6;7;1;6;1;7;2;1;9;68;7;8;2;56;0;24;6;16;4;7;2;30;0;0;3;3;3;3;0;45;0;0;5;45;1;11;2;61;2;20;2;7;4;3;0;0;0;0;0;0;0;0;0;0;0;0;0;0;0;0;0;0;0;0;0;0;0;0;0;0;0;0;0;0
09.01.2024;10:03;A 20;1;0;100;0;100;0;0;4;55;0;0;0;0;0;0;0;0;6;23;3;45;4;5;2;69;1;74;1;2;1;1;0;100;0;100;1;82;4;64;3;10;0;0;0;0;0;0;0;0;4;70;2;34;1;1;5;22;1;4;2;38;3;7;7;9;0;0;0;0;0;0;0;0;0;0;0;0;0;0;0;0;0;0;0;0;0;0;0;0;0;0;0;0;0;0
09.01.2024;10:02;A 20;1;2;69;2;61;3;4;2;2;0;0;1;0;0;0;0;0;3;61;4;33;4;5;7;75;1;72;2;2;3;55;5;61;1;82;2;70;3;4;5;9;2;8;0;0;3;1;1;1;1;41;1;6;0;0;1;85;0;0;1;91;1;2;1;0;0;0;0;0;0;0;0;0;0;0;0;0;0;0;0;0;0;0;0;0;0;0;0;0;0;0;0;0;0;0
09.01.2024;10:01;A 20;1;3;55;3;12;3;3;3;2;3;35;0;42;1;1;1;1;6;76;0;85;1;1;0;100;0;100;5;12;3;43;1;48;4;23;2;51;3;3;2;2;5;38;0;0;2;7;1;1;0;42;0;0;2;69;0;0;0;74;0;0;7;9;4;4;0;0;0;0;0;0;0;0;0;0;0;0;0;0;0;0;0;0;0;0;0;0;0;0;0;0;0;0;0;0
09.01.2024;10:00;A 20;1;0;85;1;22;2;4;2;3;1;20;2;25;3;4;3;4;5;21;2;41;8;11;4;41;1;57;3;4;7;81;4;77;0;96;2;58;7;20;4;7;1;58;0;0;4;6;5;6;2;71;2;12;3;69;2;2;4;30;0;2;4;5;5;5;0;0;0;0;0;0;0;0;0;0;0;0;1;1;0;0;0;0;0;0;0;0;0;0;0;0;0;0;0;0
09.01.2024;09:59;A 20;1;2;78;1;24;3;5;0;0;4;25;5;34;4;5;4;6;4;86;0;100;3;6;1;66;2;71;5;6;11;59;9;13;3;85;3;34;8;24;4;15;1;44;0;0;1;1;1;1;2;67;1;78;1;91;0;0;0;91;1;0;6;8;5;6;0;0;0;0;0;0;0;0;0;0;0;0;1;1;0;0;0;0;0;0;0;0;0;0;0;0;0;0;0;0
09.01.2024;09:58;A 20;1;2;87;3;75;4;9;3;4;3;6;1;17;2;6;0;0;7;50;1;66;3;4;1;12;1;7;1;3;1;65;0;0;1;73;1;67;5;8;5;17;7;19;0;0;3;16;2;4;1;13;2;10;2;42;2;44;1;53;0;52;8;36;10;13;0;0;0;0;0;0;0;0;0;0;0;0;0;0;0;0;0;0;0;0;0;0;0;0;0;0;0;0;0;0
09.01.2024;09:57;A 20;1;1;26;2;21;2;3;2;2;1;72;3;7;2;4;4;11;1;53;1;62;10;11;2;7;0;14;0;0;13;63;10;52;0;89;3;74;10;62;6;56;0;100;0;0;3;12;4;7;0;0;0;0;1;53;1;97;2;36;0;100;6;9;9;11;0;0;0;0;0;0;0;0;0;0;0;0;0;0;0;0;0;0;0;0;0;0;0;0;0;0;0;0;0;0
09.01.2024;09:56;A 20;1;1;11;0;0;1;1;0;0;2;5;1;1;1;0;1;1;9;73;0;94;6;16;0;100;0;100;1;1;4;54;7;45;1;70;2;62;5;26;8;19;5;60;0;0;4;28;4;7;4;17;4;20;5;63;6;8;2;78;3;72;6;15;7;6;0;0;0;0;0;0;0;0;0;0;0;0;0;0;0;0;0;0;0;0;0;0;0;0;0;0;0;0;0;0
09.01.2024;09:55;A 20;1;1;94;2;7;3;3;2;1;0;0;0;0;0;0;0;0;7;21;1;50;3;4;4;64;0;100;3;4;4;92;5;88;0;100;0;100;5;15;6;58;1;84;0;0;3;29;3;6;1;7;0;9;4;9;2;1;2;24;2;6;3;2;5;6;0;0;0;0;0;0;0;0;0;0;0;0;0;0;0;0;0;0;0;0;0;0;0;0;0;0;0;0;0;0
09.01.2024;09:54;A 20;1;6;76;2;32;3;2;2;1;1;73;2;4;1;1;1;1;1;51;3;77;7;12;1;91;1;99;1;1;13;57;10;46;3;97;3;72;10;31;9;16;2;75;0;0;2;2;0;0;2;93;0;100;1;67;1;0;2;38;0;0;7;9;5;7;0;0;0;0;0;0;0;0;0;0;0;0;0;0;0;0;0;0;0;0;0;0;0;0;0;0;0;0;0;0
09.01.2024;09:53;A 20;1;1;23;1;51;1;2;4;14;2;35;1;8;1;1;2;2;7;40;2;57;7;10;4;41;4;65;6;8;0;100;2;98;0;100;1;98;3;79;3;11;4;14;0;0;2;11;1;1;6;69;3;76;3;33;1;38;1;40;0;40;7;8;1;1;0;0;0;0;1;1;0;0;0;0;0;0;0;0;0;0;0;0;0;0;0;0;0;0;0;0;0;0;0;0
09.01.2024;09:52;A 20;1;1;7;1;72;0;0;3;5;1;79;2;55;2;2;2;2;5;4;8;16;5;8;5;29;0;37;1;0;6;67;4;61;2;87;2;74;4;56;4;20;1;44;0;0;5;13;3;7;1;21;1;28;0;0;1;33;0;0;1;38;5;8;4;4;0;0;0;0;1;1;0;0;0;0;0;0;0;0;1;1;0;0;0;0;0;0;0;0;0;0;0;0;0;0
09.01.2024;09:51;A 20;1;2;16;5;76;2;2;4;4;4;45;1;53;3;3;5;5;6;87;0;98;5;8;0;100;1;84;3;6;6;51;3;38;3;64;2;48;8;11;4;6;4;44;0;0;2;4;2;3;1;48;1;10;3;83;2;47;1;89;1;54;4;12;6;12;0;0;0;0;0;0;0;0;0;0;0;0;0;0;0;0;0;0;0;0;0;0;0;0;0;0;0;0;0;0
09.01.2024;09:50;A 20;1;1;41;1;90;1;1;4;62;1;76;2;78;2;3;2;3;9;42;2;74;6;8;4;67;1;67;1;0;5;88;6;84;0;100;0;100;4;56;4;10;1;68;0;0;3;4;3;3;1;65;1;5;4;48;2;5;2;39;1;8;7;12;5;4;0;0;1;1;0;0;0;0;0;0;1;1;1;1;0;0;0;0;0;0;0;0;0;0;0;0;0;0;0;0
09.01.2024;09:49;A 20;1;2;31;1;16;2;1;1;0;1;75;0;74;0;0;1;0;1;84;2;91;4;7;1;82;3;34;3;5;6;30;7;48;5;53;5;61;7;8;8;9;3;77;0;0;2;2;0;0;1;47;1;6;1;98;1;38;1;92;1;44;3;4;0;0;0;0;0;0;0;0;0;0;0;0;0;0;0;0;0;0;0;0;0;0;0;0;0;0;0;0;0;0;0;0
09.01.2024;09:48;A 20;1;3;15;1;9;3;3;1;1;1;44;2;4;2;2;2;2;2;2;1;7;2;1;0;0;0;0;1;0;10;13;9;55;3;47;9;43;9;13;11;12;3;33;0;0;3;4;4;4;2;37;0;37;2;65;1;65;2;49;0;66;10;20;5;7;0;0;0;0;0;0;0;0;0;0;0;0;0;0;0;0;0;0;0;0;0;0;0;0;0;0;0;0;0;0
09.01.2024;09:47;A 20;1;2;27;2;18;3;4;1;1;0;0;0;0;0;0;0;0;7;21;1;37;4;8;1;53;0;68;0;0;2;95;4;85;0;100;2;84;3;13;4;5;1;79;0;0;2;1;2;2;2;8;2;21;2;18;4;27;1;38;2;44;8;13;2;2;0;0;0;0;0;0;0;0;0;0;0;0;0;0;0;0;0;0;0;0;0;0;0;0;0;0;0;0;0;0
09.01.2024;09:46;A 20;1;2;43;2;40;2;1;2;1;1;23;1;3;1;1;1;1;1;50;2;31;5;7;4;51;0;100;1;1;10;66;16;40;3;79;5;72;10;44;12;44;1;1;0;0;1;0;1;0;1;80;1;88;1;97;0;100;2;96;0;100;5;11;3;3;0;0;0;0;0;0;0;0;0;0;0;0;0;0;0;0;0;0;0;0;0;0;0;0;0;0;0;0;0;0
09.01.2024;09:45;A 20;1;3;34;1;31;1;6;1;0;4;26;1;33;2;7;1;2;11;68;3;94;10;16;2;95;0;100;4;6;1;79;2;68;1;88;2;86;3;77;6;19;0;20;0;0;0;0;0;0;3;42;1;62;4;57;3;39;1;69;2;49;8;10;5;6;0;0;0;0;0;0;1;1;0;0;0;0;0;0;0;0;0;0;0;0;0;0;0;0;0;0;0;0;0;0
09.01.2024;09:44;A 20;1;0;90;1;78;5;48;4;25;0;100;0;100;1;1;4;2;6;51;7;71;6;4;6;84;1;79;3;4;9;78;8;71;0;95;0;90;5;75;7;66;1;40;0;0;1;1;1;1;1;3;2;8;2;19;1;2;2;29;3;2;6;8;3;2;0;0;0;0;0;0;0;0;0;0;0;0;0;0;0;0;0;0;0;0;0;0;0;0;0;0;0;0;0;0
09.01.2024;09:43;A 20;1;2;37;2;32;2;4;2;3;1;71;2;18;2;2;2;2;4;94;0;100;1;2;0;100;0;100;0;0;9;57;12;43;2;81;4;52;11;27;11;15;2;66;0;0;1;59;0;0;3;64;1;59;2;96;1;88;0;100;0;91;7;8;1;0;0;0;0;0;0;0;0;0;0;0;0;0;0;0;0;0;0;0;0;0;0;0;0;0;0;0;0;0;0;0
09.01.2024;09:42;A 20;1;0;100;1;65;1;2;1;2;1;92;1;6;1;1;0;0;7;36;4;56;9;13;4;72;1;91;5;10;1;93;2;5;0;100;0;100;2;59;5;65;1;92;0;0;1;95;1;4;2;44;2;12;2;20;1;52;1;68;1;55;5;10;1;1;0;0;0;0;0;0;0;0;0;0;0;0;0;0;0;0;0;0;0;0;0;0;0;0;0;0;0;0;0;0
09.01.2024;09:41;A 20;1;2;17;1;9;2;2;1;1;0;0;1;0;0;0;2;2;1;75;1;87;4;5;2;80;2;94;2;2;14;61;8;31;1;96;4;70;11;48;8;11;1;1;0;0;2;2;3;6;1;12;1;7;1;57;1;0;1;65;0;0;3;5;1;2;0;0;0;0;0;0;0;0;0;0;0;0;0;0;0;0;0;0;0;0;0;0;0;0;0;0;0;0;0;0
09.01.2024;09:40;A 20;1;1;9;1;17;1;1;1;1;0;35;0;32;0;0;0;0;4;66;1;80;1;2;1;85;2;8;2;1;3;63;3;72;3;79;3;60;7;54;5;7;1;32;0;0;1;0;1;0;2;44;0;44;4;67;1;61;0;74;0;65;8;12;6;7;0;0;0;0;0;0;0;0;0;0;0;0;0;0;0;0;0;0;0;0;0;0;0;0;0;0;0;0;0;0
09.01.2024;09:39;A 20;1;0;80;0;89;0;0;3;9;1;61;1;67;1;2;1;2;9;52;3;77;4;4;0;47;0;0;1;1;7;83;7;80;0;97;1;92;6;77;7;19;1;78;0;0;1;1;1;1;1;1;1;9;7;60;5;18;2;70;2;57;11;18;7;10;0;0;0;0;0;0;0;0;0;0;0;0;0;0;0;0;0;0;0;0;0;0;0;0;0;0;0;0;0;0
09.01.2024;09:38;A 20;1;1;69;1;74;4;7;5;5;5;33;6;37;5;11;5;8;1;85;1;92;4;8;1;23;1;8;1;1;10;44;14;39;1;78;6;71;11;16;12;15;8;45;0;0;7;11;7;11;1;61;0;61;0;100;0;100;0;100;0;100;5;8;4;5;0;0;0;0;1;1;0;0;0;0;0;0;0;0;0;0;0;0;0;0;0;0;0;0;0;0;0;0;0;0
09.01.2024;09:37;A 20;1;0;100;1;83;0;0;1;1;0;0;0;0;0;0;0;0;8;9;1;43;2;2;3;67;0;73;0;0;0;100;2;74;0;100;1;83;0;48;5;8;1;66;0;0;2;3;2;2;3;46;1;60;6;54;4;60;2;71;1;77;7;12;5;7;0;0;0;0;0;0;0;0;0;0;0;0;0;0;0;0;0;0;0;0;0;0;0;0;0;0;0;0;0;0
09.01.2024;09:36;A 20;1;4;35;2;21;4;6;2;2;4;87;0;95;3;6;2;3;0;0;1;52;7;9;1;81;1;92;3;6;13;51;11;14;2;71;4;50;9;46;7;27;2;71;0;0;2;2;2;2;3;90;0;100;0;100;1;97;1;95;0;100;4;5;1;2;1;1;0;0;0;0;0;0;1;1;0;0;0;0;0;0;0;0;0;0;0;0;0;0;0;0;0;0;0;0
09.01.2024;09:35;A 20;1;1;9;1;7;1;1;1;1;5;48;2;48;3;5;4;6;7;44;1;58;6;10;2;75;2;52;3;5;1;89;4;1;1;95;2;69;6;46;4;4;1;18;0;0;0;0;0;0;2;2;3;9;5;55;6;28;2;69;4;49;7;11;7;9;0;0;0;0;0;0;0;0;0;0;0;0;0;0;0;0;0;0;0;0;0;0;0;0;0;0;0;0;0;0
09.01.2024;09:34;A 20;1;0;74;0;81;1;60;4;13;0;100;0;100;2;5;2;3;2;3;2;21;2;5;5;20;1;28;1;1;9;73;7;69;1;89;2;80;5;71;6;14;1;82;0;0;2;2;2;2;0;0;0;0;1;65;2;1;1;73;0;0;8;13;4;6;0;0;0;0;0;0;0;0;0;0;0;0;0;0;0;0;0;0;0;0;0;0;0;0;0;0;0;0;0;0
09.01.2024;09:33;A 20;1;2;37;1;27;4;6;4;6;4;49;6;54;3;3;4;4;7;26;3;32;7;9;0;100;1;12;5;9;3;74;5;20;3;83;4;38;7;11;4;6;3;38;0;0;2;4;1;1;3;45;0;55;4;79;0;0;1;89;1;4;3;4;3;4;1;1;0;0;0;0;0;0;0;0;0;0;0;0;0;0;0;0;0;0;0;0;0;0;0;0;0;0;0;0
09.01.2024;09:32;A 20;1;1;5;2;9;1;2;1;0;1;82;2;83;2;2;2;2;4;23;5;13;4;4;1;41;1;8;1;1;1;79;7;84;1;57;1;99;2;3;8;14;2;46;0;0;2;3;1;1;3;43;1;62;3;45;2;21;1;33;0;28;4;5;3;4;0;0;0;0;0;0;0;0;0;0;0;0;1;1;0;0;0;0;0;0;0;0;0;0;0;0;0;0;0;0
09.01.2024;09:31;A 20;1;1;56;2;4;3;35;1;0;2;78;6;40;1;1;1;1;1;61;1;9;1;1;1;1;0;0;0;0;13;42;12;37;2;83;3;67;10;39;9;40;5;92;0;0;3;39;3;5;1;95;0;100;1;63;1;72;1;77;1;79;3;9;1;1;0;0;0;0;0;0;0;0;0;0;0;0;0;0;0;0;0;0;0;0;0;0;0;0;0;0;0;0;0;0
09.01.2024;09:30;A 20;1;2;75;1;12;5;31;1;1;1;24;2;12;2;2;2;2;10;56;4;79;3;6;2;92;0;100;1;1;1;83;1;62;1;91;2;66;4;7;5;13;1;45;0;0;4;6;2;2;1;2;1;6;3;51;3;47;1;59;3;59;7;10;6;9;0;0;0;0;0;0;0;0;0;0;0;0;0;0;0;0;0;0;0;0;0;0;0;0;0;0;0;0;0;0
09.01.2024;09:29;A 20;1;1;60;0;50;3;9;1;1;1;57;2;14;1;2;1;2;1;74;2;80;9;14;3;59;3;53;4;6;14;59;11;53;0;92;5;76;11;61;7;59;1;86;0;0;1;1;1;1;2;43;2;20;1;38;1;79;2;42;1;85;10;14;3;4;0;0;0;0;0;0;0;0;0;0;0;0;1;1;0;0;0;0;0;0;0;0;0;0;0;0;0;0;0;0
09.01.2024;09:28;A 20;1;0;100;1;74;1;2;2;5;0;41;0;0;0;0;0;0;11;73;1;97;5;17;1;69;3;11;1;2;5;53;5;67;4;75;4;79;8;41;9;29;1;32;0;0;1;1;1;1;1;9;1;8;6;67;4;66;3;83;0;73;7;9;9;13;0;0;0;0;0;0;0;0;0;0;0;0;0;0;0;0;0;0;0;0;0;0;0;0;0;0;0;0;0;0
09.01.2024;09:27;A 20;1;1;67;0;0;2;3;0;0;1;81;1;6;1;1;1;1;3;81;5;89;7;9;4;24;1;33;1;1;12;72;8;66;1;94;2;82;8;13;6;66;0;0;0;0;0;0;0;0;1;27;1;7;1;48;1;53;2;29;1;59;2;3;1;3;0;0;0;0;0;0;0;0;0;0;0;0;0;0;0;0;0;0;0;0;0;0;0;0;0;0;0;0;0;0
09.01.2024;09:26;A 20;1;1;79;0;2;3;4;0;0;0;25;0;0;0;0;0;0;6;69;0;78;2;4;0;100;1;81;3;5;2;73;1;82;3;54;2;83;6;11;3;31;6;24;0;0;3;22;2;2;5;62;0;74;3;52;4;68;2;45;0;75;8;11;5;14;0;0;1;1;0;0;0;0;0;0;1;1;0;0;0;0;0;0;0;0;0;0;0;0;0;0;0;0;0;0
09.01.2024;09:25;A 20;1;1;80;3;92;2;1;4;5;1;53;1;7;1;1;1;1;6;62;6;77;11;14;3;44;1;53;2;2;9;75;7;73;0;100;3;86;8;27;4;41;0;100;0;0;4;33;3;5;1;19;1;30;0;0;3;23;0;0;1;35;7;9;9;21;0;0;1;1;0;0;0;0;0;0;0;0;0;0;0;0;0;0;0;0;0;0;0;0;0;0;0;0;0;0
09.01.2024;09:24;A 20;1;3;83;1;47;5;6;5;8;3;26;2;30;3;6;3;4;3;36;3;38;5;7;1;60;1;67;3;4;5;66;2;66;2;58;2;70;4;6;4;6;7;61;0;0;4;39;4;5;4;8;2;22;6;23;10;28;1;35;1;46;5;7;2;2;0;0;0;0;0;0;0;0;0;0;0;0;0;0;0;0;0;0;0;0;0;0;0;0;0;0;0;0;0;0
09.01.2024;09:23;A 20;1;0;97;1;97;2;2;3;10;0;0;0;0;0;0;1;0;11;24;3;50;7;14;3;55;1;61;2;3;3;93;4;91;0;100;0;100;4;53;4;49;1;83;0;0;4;16;4;6;1;0;1;4;1;0;0;0;0;0;0;0;4;4;3;5;0;0;0;0;0;0;0;0;0;0;0;0;0;0;0;0;0;0;0;0;0;0;0;0;0;0;0;0;0;0
09.01.2024;09:22;A 20;1;4;44;3;34;4;4;2;15;3;16;2;24;3;4;3;4;0;100;0;100;6;7;1;41;1;46;1;1;12;44;12;21;3;66;3;53;10;24;9;21;5;62;0;0;4;9;4;8;3;63;1;70;0;0;3;4;0;0;0;0;2;2;2;1;0;0;1;1;0;0;0;0;0;0;1;2;0;0;0;0;0;0;0;0;0;0;0;0;0;0;0;0;0;0
09.01.2024;09:21;A 20;1;1;8;1;87;1;1;5;18;4;13;0;20;2;5;0;0;11;59;1;93;4;9;2;76;2;46;1;2;1;91;2;88;1;99;1;95;5;67;6;80;1;87;0;0;2;2;2;2;0;0;1;7;3;35;1;35;2;39;0;37;5;7;3;3;0;0;0;0;0;0;0;0;0;0;0;0;0;0;0;0;0;0;0;0;0;0;0;0;0;0;0;0;0;0
09.01.2024;09:20;A 20;1;0;39;0;66;1;10;4;14;0;100;1;87;2;2;4;5;0;100;0;100;6;12;5;85;0;56;0;0;13;43;10;32;1;70;4;54;9;45;6;35;6;81;0;0;6;50;6;11;1;81;0;82;1;88;1;98;2;88;0;100;8;16;2;3;0;0;0;0;0;0;0;0;0;0;0;0;1;1;0;0;0;0;0;0;0;0;0;0;0;0;0;0;0;0
09.01.2024;09:19;A 20;1;1;62;0;100;3;5;3;4;4;32;1;16;1;2;1;1;6;57;5;42;6;8;3;89;0;100;4;8;0;100;0;100;0;100;0;100;4;63;3;79;3;61;0;0;2;1;1;1;2;16;1;22;1;39;3;5;0;40;1;45;7;9;4;5;0;0;0;0;0;0;0;0;0;0;0;0;0;0;0;0;0;0;0;0;0;0;0;0;0;0;0;0;0;0
09.01.2024;09:18;A 20;1;2;66;0;100;4;5;3;11;3;92;0;100;2;95;2;3;3;34;1;12;1;1;1;41;3;11;6;9;10;55;6;38;2;81;5;55;8;44;4;5;5;90;0;0;4;79;5;7;0;0;0;0;1;37;1;7;2;49;1;35;6;14;2;3;0;0;0;0;0;0;0;0;0;0;0;0;0;0;0;0;0;0;0;0;0;0;0;0;0;0;0;0;0;0
09.01.2024;09:17;A 20;1;2;86;0;100;3;4;4;6;3;95;0;100;3;91;0;0;10;78;0;100;3;8;1;91;0;81;0;0;7;61;3;31;3;85;3;44;9;41;5;6;5;70;0;0;3;21;3;2;3;12;2;9;3;75;2;47;0;82;2;65;7;11;5;7;0;0;0;0;0;0;1;1;0;0;0;0;0;0;1;1;0;0;0;0;0;0;0;0;0;0;0;0;0;0
09.01.2024;09:16;A 20;1;4;88;0;100;2;74;6;71;0;100;0;100;3;43;6;12;2;75;1;83;11;18;4;53;2;55;2;3;10;68;10;65;0;100;2;86;10;62;5;71;0;100;0;0;3;46;3;4;0;0;0;0;1;26;0;0;1;34;0;0;3;7;1;2;0;0;0;0;0;0;0;0;0;0;0;0;0;0;0;0;0;0;0;0;0;0;0;0;0;0;0;0;0;0
09.01.2024;09:15;A 20;1;2;62;2;70;9;18;3;30;1;45;1;51;2;2;4;7;10;76;0;100;7;11;3;99;0;100;1;1;4;59;3;32;2;56;3;36;5;6;9;12;5;59;0;0;4;9;4;8;2;3;1;12;2;64;3;6;2;12;1;7;5;9;4;4;0;0;0;0;0;0;0;0;0;0;0;0;0;0;0;0;0;0;0;0;0;0;0;0;0;0;0;0;0;0
09.01.2024;09:14;A 20;1;0;91;0;89;1;1;2;2;0;0;0;0;0;0;0;0;15;47;12;77;17;25;3;61;2;34;3;4;7;88;7;83;0;100;0;100;6;89;6;12;0;100;0;0;1;1;0;0;1;1;1;4;4;27;2;1;3;20;3;9;6;10;4;4;0;0;0;0;0;0;0;0;0;0;0;0;0;0;0;0;0;0;0;0;0;0;0;0;0;0;0;0;0;0
09.01.2024;09:13;A 20;1;1;36;1;26;3;11;4;10;3;51;1;56;1;0;1;1;1;1;1;3;4;6;1;37;1;10;1;1;7;68;6;45;1;86;6;56;9;51;7;8;4;63;0;0;3;4;3;3;3;74;1;76;5;82;1;77;0;91;0;81;5;6;5;5;0;0;0;0;0;0;0;0;0;0;0;0;0;0;0;0;0;0;0;0;0;0;0;0;0;0;0;0;0;0
09.01.2024;09:12;A 20;1;0;100;1;86;3;12;5;49;1;90;2;95;3;4;3;3;17;33;1;70;8;26;0;59;0;0;0;0;2;95;3;93;0;100;0;100;1;99;2;10;1;93;0;0;2;3;2;3;2;52;3;62;7;23;6;36;1;43;3;64;6;8;4;4;0;0;0;0;0;0;0;0;0;0;0;0;0;0;0;0;0;0;0;0;0;0;0;0;0;0;0;0;0;0
09.01.2024;09:11;A 20;1;2;32;0;12;2;3;0;0;2;75;0;84;0;0;1;1;0;100;1;86;6;12;1;22;2;9;1;1;11;53;13;41;2;82;6;71;11;30;12;23;13;62;0;0;10;59;6;53;0;0;0;0;0;100;1;90;1;92;1;94;2;3;1;1;0;0;0;0;0;0;0;0;0;0;0;0;0;0;0;0;0;0;0;0;0;0;0;0;0;0;0;0;0;0
09.01.2024;09:10;A 20;1;2;33;1;48;2;2;3;5;1;74;0;100;3;4;3;4;14;39;2;52;8;11;2;71;0;78;0;0;0;99;0;99;0;100;0;100;3;45;2;48;1;92;0;0;4;64;5;9;1;1;1;4;4;12;0;1;2;17;0;2;5;7;3;4;0;0;0;0;0;0;0;0;0;0;0;0;0;0;0;0;0;0;0;0;0;0;0;0;0;0;0;0;0;0
09.01.2024;09:09;A 20;1;0;28;3;22;0;0;3;3;0;0;0;100;0;0;0;0;0;100;0;100;2;2;1;53;2;41;3;7;9;31;8;31;1;57;2;54;6;30;6;31;5;66;0;0;4;9;4;5;1;3;1;7;2;72;2;78;2;48;1;85;2;2;1;3;0;0;0;0;0;0;0;0;0;0;0;0;0;0;0;0;0;0;0;0;0;0;0;0;0;0;0;0;0;0
09.01.2024;09:08;A 20;1;0;100;0;0;2;4;0;0;0;14;0;100;0;0;0;0;6;9;5;40;9;15;1;95;1;45;1;1;1;70;1;58;2;77;2;63;5;34;5;38;3;68;0;0;3;3;3;3;3;9;3;20;1;39;0;35;0;43;0;42;5;12;2;4;0;0;0;0;0;0;0;0;0;0;0;0;0;0;0;0;0;0;0;0;0;0;0;0;0;0;0;0;0;0
09.01.2024;09:07;A 20;1;2;76;1;78;3;6;4;66;1;7;0;100;2;1;2;2;4;3;3;15;1;1;6;34;2;39;2;3;9;62;8;10;0;85;2;72;6;61;7;28;1;99;0;0;1;1;1;1;0;0;0;0;1;86;1;12;1;96;1;80;6;14;3;4;0;0;0;0;0;0;0;0;0;0;0;0;0;0;0;0;0;0;0;0;0;0;0;0;0;0;0;0;0;0
09.01.2024;09:06;A 20;1;5;49;1;62;3;5;5;14;3;45;0;100;1;1;1;1;3;67;4;13;5;6;0;100;0;100;2;3;4;58;2;1;4;76;3;30;7;23;2;2;8;46;0;0;6;6;6;7;3;13;0;17;5;79;3;67;1;92;2;78;6;10;3;2;1;1;0;0;0;0;0;0;1;2;0;0;0;0;0;0;0;0;0;0;0;0;0;0;0;0;0;0;0;0
09.01.2024;09:05;A 20;1;0;67;0;74;2;4;5;47;0;100;0;100;1;2;1;1;8;13;2;30;4;6;4;75;2;73;4;4;12;74;12;75;0;99;0;97;8;13;10;72;0;100;0;0;2;3;2;2;1;73;2;70;3;65;2;30;1;76;2;71;8;20;5;8;0;0;0;0;0;0;0;0;0;0;0;0;0;0;0;0;0;0;0;0;0;0;0;0;0;0;0;0;0;0
09.01.2024;09:04;A 20;1;2;22;1;38;2;2;2;2;5;92;0;100;27;65;1;1;4;91;0;100;5;14;0;100;1;87;2;3;6;54;7;48;5;74;6;46;10;12;9;10;6;65;0;0;6;7;6;7;1;31;0;31;4;88;3;86;0;100;1;94;3;5;4;6;0;0;0;0;0;0;0;0;0;0;0;0;0;0;0;0;0;0;0;0;0;0;0;0;0;0;0;0;0;0
09.01.2024;09:03;A 20;1;0;95;1;79;5;51;7;29;1;99;0;100;4;20;4;6;7;61;2;57;5;6;5;82;0;66;3;5;5;80;7;79;0;91;1;94;2;11;4;54;0;100;0;0;1;1;1;0;1;35;2;35;1;55;1;34;2;39;1;38;0;0;2;1;0;0;0;0;0;0;0;0;0;0;1;1;0;0;0;0;0;0;0;0;0;0;0;0;0;0;0;0;0;0
09.01.2024;09:02;A 20;1;2;29;2;4;3;11;0;0;3;50;1;60;7;3;2;2;2;95;0;100;3;4;1;46;1;55;3;5;8;49;7;62;3;61;2;70;7;19;8;16;7;75;0;0;4;19;4;5;1;52;2;13;0;0;2;2;0;29;2;12;5;11;1;1;0;0;0;0;0;0;0;0;0;0;0;0;0;0;0;0;0;0;0;0;0;0;0;0;0;0;0;0;0;0
09.01.2024;09:01;A 20;1;0;100;0;0;2;9;0;0;2;90;3;94;3;6;3;3;18;52;2;97;10;40;6;63;0;76;4;6;1;97;1;96;0;100;0;100;4;49;1;51;1;98;0;0;3;7;3;4;2;50;3;33;6;30;2;19;2;66;0;24;9;14;6;8;0;0;0;0;0;0;0;0;0;0;0;0;0;0;0;0;0;0;0;0;0;0;0;0;0;0;0;0;0;0
09.01.2024;09:00;A 20;1;2;66;1;46;4;27;5;24;2;95;0;100;2;4;2;3;0;100;0;100;1;3;1;37;2;45;3;4;19;49;17;31;2;79;9;72;16;39;15;40;0;58;0;0;1;1;1;1;1;13;2;7;0;100;1;70;0;100;1;79;5;9;3;4;0;0;0;0;0;0;0;0;0;0;0;0;0;0;0;0;0;0;0;0;0;0;0;0;0;0;0;0;0;0
09.01.2024;08:59;A 20;1;0;100;0;100;3;38;1;95;4;90;0;100;25;10;1;1;2;67;2;45;14;24;2;79;1;22;2;2;1;99;1;79;0;100;1;95;3;62;6;51;4;17;0;0;2;2;1;1;2;31;0;37;7;82;4;36;0;100;0;51;8;14;10;16;0;0;0;0;0;0;0;0;0;0;0;0;0;0;0;0;0;0;0;0;0;0;0;0;0;0;0;0;0;0
09.01.2024;08:58;A 20;1;2;88;2;84;6;14;5;56;0;100;0;100;0;0;2;4;7;46;1;22;1;1;6;49;1;26;1;1;18;53;19;21;0;100;4;86;15;61;14;54;3;92;0;0;3;91;3;11;1;88;1;96;0;100;0;100;0;100;0;100;5;8;2;3;0;0;0;0;0;0;0;0;0;0;0;0;1;2;0;0;0;0;0;0;0;0;0;0;0;0;0;0;0;0
09.01.2024;08:57;A 20;1;1;96;1;91;3;14;5;45;2;66;3;51;7;15;6;7;18;50;0;100;12;71;1;94;0;100;3;9;0;100;0;0;0;100;1;71;1;89;5;34;1;40;0;0;4;36;2;3;3;8;2;19;10;37;5;28;5;65;3;46;10;15;6;8;0;0;0;0;0;0;0;0;0;0;0;0;0;0;0;0;0;0;0;0;0;0;0;0;0;0;0;0;0;0
09.01.2024;08:56;A 20;1;1;25;0;11;1;1;0;0;1;96;1;18;1;1;2;3;0;100;0;100;5;46;1;84;0;100;3;5;20;55;19;28;0;100;6;73;19;44;15;34;4;81;0;0;3;8;2;3;0;0;0;0;0;100;1;98;1;95;0;100;4;6;4;7;0;0;0;0;0;0;0;0;0;0;0;0;0;0;0;0;0;0;0;0;0;0;0;0;0;0;0;0;0;0
09.01.2024;08:55;A 20;1;2;17;1;14;2;2;1;2;3;29;1;19;1;1;1;1;7;9;3;30;13;19;0;0;1;4;1;0;1;87;1;89;1;95;1;94;6;72;6;67;3;38;0;0;3;4;4;6;0;9;0;0;4;49;2;44;2;56;2;58;9;12;3;4;0;0;0;0;0;0;0;0;0;0;0;0;0;0;0;0;0;0;0;0;0;0;0;0;0;0;0;0;0;0
09.01.2024;08:54;A 20;1;0;88;2;82;10;22;8;46;1;81;2;62;3;4;3;4;7;9;1;23;3;5;2;25;0;28;0;0;7;59;8;60;3;77;0;74;6;11;7;42;1;34;0;0;2;4;2;3;1;65;1;9;1;52;3;32;1;31;2;45;3;5;2;2;0;0;0;0;0;0;0;0;0;0;0;0;0;0;0;0;0;0;0;0;0;0;0;0;0;0;0;0;0;0
09.01.2024;08:53;A 20;1;2;26;1;14;2;2;2;2;2;42;0;48;1;1;1;1;5;55;1;74;8;17;1;93;1;96;3;4;5;39;5;50;2;38;3;55;5;7;4;6;8;43;0;0;4;45;0;45;2;44;2;16;1;82;3;24;1;3;1;37;2;2;3;3;0;0;0;0;0;0;0;0;0;0;0;0;0;0;0;0;0;0;0;0;0;0;0;0;0;0;0;0;0;0
09.01.2024;08:52;A 20;1;0;92;0;100;2;8;3;12;0;100;2;5;0;0;0;0;14;13;2;50;10;16;3;61;1;50;2;2;8;84;8;85;0;100;1;98;5;86;9;58;0;100;0;0;4;51;7;10;2;20;1;8;3;16;0;0;3;15;0;0;4;5;2;2;0;0;0;0;1;1;0;0;0;0;0;0;0;0;0;0;0;0;0;0;0;0;0;0;0;0;0;0;0;0
09.01.2024;08:51;A 20;1;2;83;2;70;7;15;8;16;2;67;1;60;1;1;1;1;4;91;0;100;5;9;0;100;0;100;1;1;7;58;8;43;3;80;4;51;9;41;4;17;5;75;0;0;2;3;3;3;5;46;4;53;3;52;2;1;2;20;2;8;2;2;2;1;0;0;0;0;0;0;0;0;0;0;0;0;0;0;0;0;0;0;0;0;0;0;0;0;0;0;0;0;0;0
09.01.2024;08:50;A 20;1;0;100;0;100;2;3;2;81;1;68;3;26;2;2;2;2;24;53;0;100;22;36;1;42;2;26;2;2;0;100;1;90;1;76;2;66;2;3;6;11;1;61;0;0;4;5;4;4;2;18;2;11;9;33;7;22;1;50;0;39;16;28;7;14;0;0;0;0;0;0;0;0;0;0;0;0;0;0;0;0;0;0;0;0;0;0;0;0;0;0;0;0;0;0
09.01.2024;08:49;A 20;1;2;78;2;74;2;4;3;4;2;59;2;65;1;1;2;1;2;95;0;100;2;3;0;0;0;0;0;0;12;37;15;27;3;77;3;63;9;15;15;20;7;65;0;0;4;22;4;6;2;66;1;69;0;100;0;100;0;100;0;100;5;9;2;3;0;0;0;0;0;0;0;0;0;0;0;0;0;0;0;0;0;0;0;0;0;0;0;0;0;0;0;0;0;0
09.01.2024;08:48;A 20;1;1;70;1;68;3;5;4;7;2;4;0;14;1;1;0;0;18;55;2;96;19;47;5;77;2;54;4;6;1;81;1;75;2;76;1;81;5;24;5;9;1;98;0;0;3;7;3;4;2;22;4;21;1;57;4;25;2;31;2;34;7;6;3;3;0;0;0;0;0;0;0;0;0;0;0;0;0;0;0;0;0;0;0;0;0;0;0;0;0;0;0;0;0;0
09.01.2024;08:47;A 20;1;1;48;1;48;4;22;3;15;0;97;2;27;1;1;2;2;1;62;1;71;6;10;1;59;1;10;1;1;18;43;18;37;4;84;5;71;15;42;13;19;5;52;0;0;6;23;6;10;0;0;0;0;1;78;0;0;1;7;0;0;5;10;4;6;0;0;0;0;0;0;0;0;0;0;0;0;0;0;0;0;0;0;0;0;0;0;0;0;0;0;0;0;0;0
09.01.2024;08:46;A 20;1;1;21;2;29;3;14;4;15;5;32;1;39;1;1;1;1;7;49;4;66;6;8;2;94;1;33;2;2;1;83;1;72;1;90;2;81;4;63;8;13;3;5;0;0;0;0;0;0;1;6;1;4;7;60;5;54;2;79;2;71;9;15;10;17;0;0;0;0;0;0;0;0;0;0;0;0;0;0;0;0;0;0;0;0;0;0;0;0;0;0;0;0;0;0
09.01.2024;08:45;A 20;1;0;91;2;91;9;35;6;65;0;100;1;80;4;9;5;6;7;8;1;24;2;5;6;35;1;32;1;1;13;70;13;59;0;96;4;86;8;65;8;66;0;98;0;0;3;5;3;5;1;47;1;7;1;61;1;66;2;67;1;72;1;1;1;1;0;0;0;0;0;0;0;0;0;0;0;0;0;0;0;0;0;0;0;0;0;0;0;0;0;0;0;0;0;0
09.01.2024;08:44;A 20;1;3;81;1;80;2;1;5;69;5;84;0;62;1;51;1;0;9;79;0;100;12;23;0;100;0;100;3;8;6;57;3;38;4;69;4;47;9;25;8;13;4;40;0;0;2;2;2;3;3;26;2;33;3;44;0;0;1;56;0;0;10;11;5;6;0;0;0;0;0;0;0;0;0;0;0;0;0;0;0;0;0;0;0;0;0;0;0;0;0;0;0;0;0;0
09.01.2024;08:43;A 20;1;1;87;0;83;4;18;3;52;1;54;2;50;5;27;6;9;7;71;3;92;7;10;5;46;3;55;5;8;10;76;12;74;0;100;1;97;10;63;8;80;1;48;0;0;3;3;3;4;3;85;1;14;3;4;1;0;0;8;0;3;10;13;5;7;0;0;0;0;0;0;0;0;0;0;0;0;0;0;0;0;0;0;0;0;0;0;0;0;0;0;0;0;0;0
09.01.2024;08:42;A 20;1;2;63;3;87;4;8;6;30;4;63;0;69;3;6;1;1;5;89;0;100;3;5;1;74;2;71;3;4;12;44;10;53;3;73;9;69;11;14;11;25;9;38;0;0;4;42;1;3;2;23;1;13;4;90;2;14;0;100;1;93;8;14;6;10;0;0;0;0;0;0;0;0;0;0;0;0;0;0;0;0;0;0;0;0;0;0;0;0;0;0;0;0;0;0
09.01.2024;08:41;A 20;1;0;96;0;87;1;2;0;0;0;100;1;8;1;1;3;4;18;51;1;94;14;37;5;40;0;50;4;6;3;93;75;51;0;100;0;100;5;47;7;50;1;90;0;0;6;33;7;18;0;0;1;1;3;72;1;0;1;81;2;64;6;9;2;3;0;0;0;0;0;0;0;0;0;0;0;0;0;0;0;0;0;0;0;0;0;0;0;0;0;0;0;0;0;0
09.01.2024;08:40;A 20;1;1;66;2;44;6;17;2;3;5;87;0;93;1;82;1;1;0;99;0;100;3;6;0;100;1;49;1;1;13;47;16;24;1;81;5;63;11;22;12;24;5;55;0;0;4;16;5;8;4;64;1;72;31;94;1;0;1;94;0;0;2;3;3;4;0;0;0;0;0;0;0;0;0;0;0;0;0;0;0;0;0;0;0;0;0;0;0;0;0;0;0;0;0;0
09.01.2024;08:39;A 20;1;0;100;2;36;2;88;2;2;1;93;2;93;4;8;4;5;21;44;3;94;17;49;1;19;1;10;1;1;0;100;1;96;0;100;0;100;1;13;2;86;1;78;0;0;2;2;2;2;3;3;5;12;10;21;3;8;4;47;3;19;7;9;1;0;0;0;0;0;0;0;0;0;0;0;0;0;0;0;0;0;0;0;0;0;0;0;0;0;0;0;0;0;0;0
09.01.2024;08:38;A 20;1;6;77;3;22;5;5;5;4;1;76;1;5;2;2;2;2;0;100;0;100;3;7;0;0;0;0;0;0;15;33;17;17;6;65;10;54;13;23;15;18;1;48;0;0;0;0;0;0;2;45;2;33;0;100;1;83;1;99;1;86;2;3;2;3;0;0;0;0;0;0;0;0;0;0;0;0;0;0;0;0;0;0;0;0;0;0;0;0;0;0;0;0;0;0
09.01.2024;08:37;A 20;1;0;100;2;8;1;4;2;1;0;0;0;0;0;0;1;1;13;47;3;85;13;20;4;2;1;4;1;1;2;86;4;84;1;96;2;96;6;12;5;20;3;94;0;0;3;4;1;1;0;0;0;0;2;42;2;19;1;29;0;28;3;2;3;3;0;0;0;0;0;0;0;0;0;0;0;0;0;0;0;0;0;0;0;0;0;0;0;0;0;0;0;0;0;0
09.01.2024;08:36;A 20;1;3;63;0;55;5;14;2;15;0;0;0;0;0;0;0;0;6;81;1;98;8;17;2;1;0;18;2;2;13;51;14;43;2;84;6;76;9;49;11;49;4;92;0;0;5;15;6;10;0;0;0;0;1;55;1;70;2;33;1;75;3;3;4;6;0;0;0;0;0;0;0;0;0;0;0;0;0;0;0;0;0;0;0;0;0;0;0;0;0;0;0;0;0;0
09.01.2024;08:35;A 20;1;0;100;0;100;2;4;1;70;3;11;0;17;0;0;0;0;12;56;5;92;13;20;2;88;0;100;1;1;1;84;1;65;1;96;2;73;5;47;6;37;2;27;0;0;3;7;3;5;0;0;0;0;5;49;4;47;0;59;1;58;12;22;5;8;0;0;0;0;0;0;0;0;0;0;0;0;0;0;0;0;0;0;0;0;0;0;0;0;0;0;0;0;0;0
09.01.2024;08:34;A 20;1;3;77;2;77;3;3;6;8;0;100;0;100;1;1;3;2;4;43;3;56;4;10;3;41;0;100;3;4;9;57;12;59;1;76;1;82;5;10;7;64;6;72;0;0;6;15;6;10;0;0;0;0;1;94;1;75;1;74;1;83;2;2;5;9;0;0;0;0;0;0;0;0;0;0;0;0;0;0;0;0;0;0;0;0;0;0;0;0;0;0;0;0;0;0
09.01.2024;08:33;A 20;1;1;94;3;39;4;7;2;2;2;19;2;20;4;6;4;5;12;75;0;100;7;11;1;76;0;100;3;4;4;67;6;67;1;81;6;79;7;15;10;12;4;17;0;0;1;0;1;1;5;8;4;27;7;67;9;71;1;79;2;89;8;13;8;11;0;0;0;0;0;0;0;0;0;0;0;0;0;0;0;0;0;0;0;0;0;0;0;0;0;0;0;0;0;0
09.01.2024;08:32;A 20;1;2;85;1;88;5;29;6;42;0;0;0;0;0;0;0;0;1;70;1;79;9;15;3;11;0;100;0;0;9;75;11;72;1;99;2;93;6;75;9;71;1;81;0;0;4;5;4;6;0;0;0;0;1;85;1;85;2;91;1;89;6;10;2;2;0;0;0;0;0;0;1;1;0;0;0;0;0;0;0;0;0;0;0;0;0;0;0;0;0;0;0;0;0;0
09.01.2024;08:31;A 20;1;1;73;2;65;3;3;5;8;2;58;0;59;0;0;1;0;3;63;3;81;2;2;0;0;0;100;0;0;8;52;10;52;2;78;6;68;11;46;10;13;6;37;0;0;5;5;4;6;3;23;3;22;5;92;1;82;0;100;0;86;4;4;4;5;0;0;0;0;0;0;0;0;0;0;0;0;0;0;0;0;0;0;0;0;0;0;0;0;0;0;0;0;0;0
09.01.2024;08:30;A 20;1;0;100;0;100;6;81;5;68;1;68;2;54;3;3;3;4;15;21;0;49;4;33;3;34;2;42;3;8;9;82;8;78;0;100;1;99;8;78;7;86;0;100;0;0;1;1;2;3;0;0;0;0;3;55;3;77;1;66;1;82;2;2;2;2;0;0;0;0;0;0;0;0;0;0;0;0;0;0;0;0;0;0;0;0;0;0;0;0;0;0;0;0;0;0
09.01.2024;08:29;A 20;1;1;56;1;54;5;10;5;21;4;67;1;72;3;4;3;4;1;2;0;100;3;6;0;0;1;3;3;4;10;61;12;37;3;68;6;63;11;14;14;24;9;51;0;0;5;47;3;4;0;0;0;0;1;97;0;97;0;100;0;100;5;7;2;2;0;0;0;0;0;0;0;0;0;0;0;0;0;0;0;0;0;0;0;0;0;0;0;0;0;0;0;0;0;0
09.01.2024;08:28;A 20;1;1;64;0;100;4;23;2;4;1;53;2;27;2;2;2;3;7;36;2;73;8;35;6;63;0;78;3;4;4;85;3;92;0;100;1;84;4;74;5;57;1;88;0;0;5;23;6;13;0;0;0;0;5;42;4;36;1;59;1;46;6;12;5;7;0;0;0;0;0;0;0;0;0;0;0;0;0;0;0;0;0;0;0;0;0;0;0;0;0;0;0;0;0;0
09.01.2024;08:27;A 20;1;1;35;1;52;2;3;3;5;2;96;0;98;1;1;1;1;1;92;1;99;2;4;1;40;2;30;5;7;16;37;18;45;3;75;5;68;15;37;15;18;10;71;0;0;7;15;4;61;6;31;3;51;0;100;1;58;0;100;1;65;6;16;2;3;0;0;0;0;0;0;0;0;0;0;0;0;0;0;0;0;0;0;0;0;0;0;0;0;0;0;0;0;0;0
09.01.2024;08:26;A 20;1;2;86;1;11;1;1;1;1;1;91;2;97;2;3;0;0;18;40;2;89;13;20;6;78;0;90;4;6;1;95;1;85;0;100;2;89;3;5;10;32;3;95;0;0;15;44;4;16;0;0;0;0;3;26;4;3;3;38;3;13;9;20;4;12;0;0;1;1;1;1;0;0;0;0;1;1;0;2;0;0;0;0;0;0;0;0;0;0;0;0;0;0;0;0
09.01.2024;08:25;A 20;1;1;68;2;60;22;14;1;1;0;0;0;0;0;0;2;3;6;67;1;89;8;13;2;8;2;17;5;7;11;51;10;38;5;87;7;67;9;17;9;9;3;92;0;0;107;62;6;63;1;32;1;7;1;69;2;1;2;54;0;0;3;9;1;1;0;0;0;0;0;0;0;0;0;0;0;0;1;0;0;0;0;0;0;0;0;0;0;0;0;0;0;0;0;0
09.01.2024;08:24;A 20;1;3;89;3;74;21;38;4;6;1;31;0;30;0;0;0;0;12;66;1;98;8;48;0;96;0;0;0;0;5;89;2;66;1;97;4;48;7;18;2;3;12;64;0;0;10;25;5;24;5;10;4;23;1;49;4;53;1;9;1;64;10;16;7;15;0;0;0;0;0;0;0;0;0;0;0;0;0;0;0;0;0;0;0;0;0;0;0;0;0;0;0;0;0;0
09.01.2024;08:23;A 20;1;0;72;0;74;4;35;4;62;1;54;2;59;2;3;2;4;10;72;2;96;13;27;3;27;1;20;1;1;13;67;15;61;1;98;3;89;12;44;12;65;0;99;0;0;0;1;6;25;1;76;1;6;1;72;1;80;1;8;1;85;1;7;1;1;0;0;0;0;0;0;0;0;0;0;0;0;0;0;0;0;0;0;0;0;0;0;0;0;0;0;0;0;0;0
09.01.2024;08:22;A 20;1;4;34;2;62;3;5;5;25;5;23;1;32;2;1;2;2;12;75;0;100;8;51;1;57;2;21;3;4;2;55;2;61;1;68;3;62;5;37;5;50;6;57;0;0;7;13;7;10;3;30;2;36;3;64;0;0;0;67;0;0;5;7;2;2;0;0;0;0;0;0;0;0;0;0;0;0;0;0;0;0;0;0;0;0;0;0;0;0;0;0;0;0;0;0
09.01.2024;08:21;A 20;1;0;81;1;81;2;23;2;6;0;100;0;100;2;3;2;2;16;64;0;100;15;44;5;28;0;40;2;4;8;72;5;71;1;94;0;79;5;76;5;40;1;93;0;0;4;8;1;1;1;8;1;15;1;17;0;0;2;7;0;0;4;8;2;3;1;1;0;0;0;0;0;0;1;1;0;0;0;0;0;0;0;0;0;0;0;0;0;0;0;0;0;0;0;0
09.01.2024;08:20;A 20;1;2;84;2;97;4;6;4;4;3;94;0;100;2;59;1;0;4;87;0;100;0;100;1;87;1;79;3;5;10;48;5;42;3;80;5;44;12;38;4;4;6;27;0;0;5;9;6;11;1;29;1;6;3;15;1;80;2;20;1;89;6;7;4;7;1;1;0;0;0;0;0;0;0;0;0;0;0;0;0;0;0;0;0;0;0;0;0;0;0;0;0;0;0;0
09.01.2024;08:19;A 20;1;3;71;4;36;5;5;6;7;1;11;1;20;3;7;5;9;1;64;1;72;10;48;4;43;1;53;3;7;7;81;8;83;0;100;2;97;8;45;9;19;1;90;0;0;3;4;3;3;1;8;1;7;2;3;3;54;1;14;1;64;4;9;7;8;0;0;0;0;0;0;0;0;0;0;0;0;0;0;0;0;0;0;0;0;0;0;0;0;0;0;0;0;0;0
09.01.2024;08:18;A 20;1;1;41;0;33;5;17;4;12;1;56;1;4;1;1;1;1;1;87;0;5;0;0;1;86;1;94;0;0;13;20;8;35;2;58;2;27;11;17;6;12;6;58;0;0;2;32;2;3;3;22;4;18;1;98;3;71;3;52;1;85;3;4;2;3;0;0;0;0;0;0;0;0;0;0;0;0;0;0;0;0;0;0;0;0;0;0;0;0;0;0;0;0;0;0
09.01.2024;08:17;A 20;1;0;100;0;100;2;82;0;100;0;0;0;0;0;0;0;0;20;25;2;75;15;28;4;57;0;68;3;5;1;98;1;97;1;64;1;65;4;30;4;22;0;100;0;0;4;8;4;4;2;2;2;9;4;54;2;1;2;21;1;5;7;8;4;5;0;0;0;0;1;1;0;0;0;0;0;0;0;0;0;0;0;0;0;0;0;0;0;0;0;0;0;0;0;0
09.01.2024;08:16;A 20;1;1;64;1;49;3;7;4;15;0;0;0;0;0;0;0;0;1;72;2;82;7;14;1;99;1;60;3;4;18;46;12;28;2;85;6;49;14;38;8;25;6;62;0;0;4;12;2;3;0;53;0;0;1;97;1;0;0;100;1;3;3;5;2;3;0;0;0;0;0;0;0;0;0;0;0;0;0;0;0;0;0;0;0;0;0;0;0;0;0;0;0;0;0;0
09.01.2024;08:15;A 20;1;1;59;2;36;3;5;3;4;2;13;0;15;0;0;0;0;14;50;1;79;10;20;8;81;3;98;5;12;1;75;1;60;3;76;2;56;5;37;5;19;1;77;0;0;3;3;5;6;1;15;1;7;4;61;1;34;2;42;1;38;5;6;3;4;0;0;0;0;0;0;0;0;0;0;0;0;0;0;0;0;0;0;0;0;0;0;0;0;0;0;0;0;0;0
09.01.2024;08:14;A 20;1;1;60;0;47;4;37;3;38;0;100;0;100;1;1;1;1;1;65;1;73;5;7;2;57;2;96;5;8;9;42;14;35;2;64;1;88;5;39;11;26;3;88;0;0;2;50;2;3;2;75;2;78;0;100;0;100;1;1;0;100;4;7;2;3;0;0;0;0;0;0;0;0;0;0;0;0;0;0;0;0;0;0;0;0;0;0;0;0;0;0;0;0;0;0
09.01.2024;08:13;A 20;1;2;50;3;50;4;11;5;26;3;30;1;39;3;4;3;3;12;64;1;93;10;16;4;93;0;100;2;6;2;88;1;84;3;97;2;85;6;48;4;5;12;74;0;0;9;18;2;23;3;18;0;21;3;52;1;2;1;63;1;8;4;7;1;1;0;0;0;0;0;0;0;0;0;0;0;0;0;0;0;0;0;0;0;0;0;0;0;0;0;0;0;0;0;0
09.01.2024;08:12;A 20;1;3;86;2;80;3;62;5;32;0;100;0;100;0;0;1;1;7;54;3;73;6;10;5;63;3;46;5;6;12;59;13;57;0;83;2;84;7;62;9;14;0;99;0;0;3;7;8;28;1;92;0;100;1;85;0;0;2;24;0;0;3;4;2;3;0;0;0;0;0;0;0;0;0;0;0;0;0;0;0;0;0;0;0;0;0;0;0;0;0;0;0;0;0;0
09.01.2024;08:11;A 20;1;2;94;2;80;6;19;3;3;2;46;2;41;2;3;3;4;8;56;4;29;12;15;1;68;2;58;3;4;1;53;1;63;1;61;2;59;6;23;5;13;3;32;0;0;4;5;5;6;1;1;2;8;3;57;4;43;2;53;1;55;4;5;6;9;0;0;0;0;0;0;0;0;0;0;0;0;0;0;0;0;0;0;0;0;0;0;0;0;0;0;0;0;0;0
09.01.2024;08:10;A 20;1;1;93;0;97;4;10;8;24;1;27;3;28;2;2;2;2;15;20;1;57;8;21;6;36;0;51;2;4;8;74;7;71;1;92;0;83;6;15;7;16;1;63;0;0;2;2;2;2;1;1;0;2;1;67;1;0;1;14;1;3;6;9;5;6;0;0;0;0;0;0;0;0;0;0;0;0;0;0;0;0;0;0;0;0;0;0;0;0;0;0;0;0;0;0
09.01.2024;08:09;A 20;1;2;37;6;34;4;6;2;2;5;54;1;62;4;11;4;6;5;89;0;100;2;41;0;100;0;100;3;4;7;57;7;36;1;77;5;60;6;9;5;5;7;35;0;0;4;34;1;1;1;2;1;2;5;90;3;84;0;100;1;98;8;19;2;1;0;0;0;0;0;0;0;0;0;0;0;0;0;0;0;0;0;0;0;0;0;0;0;0;0;0;0;0;0;0
09.01.2024;08:08;A 20;1;1;17;1;18;1;1;3;2;1;4;4;16;2;3;2;3;7;64;2;82;14;29;3;52;3;57;4;6;8;84;9;79;0;100;2;97;8;80;10;22;0;100;0;0;3;14;5;10;1;1;1;4;3;68;5;79;2;77;1;89;9;17;7;10;0;0;0;0;0;0;0;0;0;0;0;0;0;0;0;0;0;0;0;0;0;0;0;0;0;0;0;0;0;0
09.01.2024;08:07;A 20;1;2;34;1;19;2;3;1;1;1;75;0;0;0;0;0;0;1;96;1;89;2;5;1;37;1;49;2;4;8;45;12;17;6;67;12;59;9;21;12;10;7;59;0;0;6;26;5;6;2;35;0;44;2;96;2;95;1;87;0;100;4;10;0;0;0;0;0;0;0;0;0;0;0;0;0;0;0;0;0;0;0;0;0;0;0;0;0;0;0;0;0;0;0;0
09.01.2024;08:06;A 20;1;2;48;2;49;3;4;3;4;1;10;3;9;1;1;1;1;25;38;3;93;15;41;6;61;0;76;3;3;1;69;2;95;1;84;1;70;3;75;3;6;0;100;0;0;0;0;1;1;0;0;1;1;1;46;2;53;2;19;3;56;3;3;3;3;0;0;0;0;0;0;0;0;0;0;0;0;0;0;0;0;0;0;0;0;0;0;0;0;0;0;0;0;0;0
09.01.2024;08:05;A 20;1;1;10;0;0;1;0;0;0;0;76;0;0;0;0;0;0;1;95;0;100;5;74;1;74;3;78;4;13;11;27;15;26;1;56;9;70;8;21;12;11;8;53;0;0;7;31;7;8;5;50;3;60;2;97;2;69;0;99;1;81;6;16;3;6;0;0;0;0;1;1;0;0;0;0;0;0;1;1;0;0;0;0;0;0;0;0;0;0;0;0;0;0;0;0
09.01.2024;08:04;A 20;1;1;73;1;48;3;4;2;2;4;40;3;24;1;1;1;1;4;41;3;77;10;12;2;70;2;12;3;2;3;76;3;92;1;89;1;90;5;61;5;66;1;75;0;0;4;5;4;5;2;19;5;30;4;51;2;36;3;51;1;41;6;7;6;8;0;0;0;0;0;0;0;0;0;0;0;0;0;0;0;0;0;0;0;0;0;0;0;0;0;0;0;0;0;0
09.01.2024;08:03;A 20;1;2;63;2;58;3;31;2;37;0;100;1;58;3;8;3;5;0;0;1;68;2;2;3;34;1;14;1;1;18;52;15;46;0;92;5;82;14;24;12;47;5;78;0;0;2;1;2;2;3;68;9;19;1;77;1;44;2;53;1;51;5;8;5;8;0;0;0;0;0;0;0;0;0;0;0;0;0;0;0;0;0;0;0;0;0;0;0;0;0;0;0;0;0;0
09.01.2024;08:02;A 20;1;1;93;1;98;3;5;4;76;4;89;3;25;1;32;1;1;11;65;1;85;8;15;2;95;0;100;1;1;5;88;1;70;0;100;1;77;7;14;5;48;1;21;0;0;4;5;4;6;2;19;2;10;3;54;2;51;1;55;2;56;8;14;4;6;0;0;0;0;0;0;0;0;0;0;0;0;0;0;0;0;0;0;0;0;0;0;0;0;0;0;0;0;0;0
09.01.2024;08:01;A 20;1;3;84;2;85;4;3;1;1;0;100;1;92;1;14;1;1;11;65;1;99;11;15;1;94;2;77;3;4;10;69;13;69;1;99;6;86;8;76;10;70;0;0;0;0;0;0;0;0;1;45;4;38;1;15;1;8;2;8;2;13;7;15;1;1;0;0;0;0;0;0;0;0;0;0;0;0;0;0;0;0;0;0;0;0;0;0;0;0;0;0;0;0;0;0
09.01.2024;08:00;A 20;1;2;41;0;100;2;2;4;10;5;88;9;70;6;40;5;8;7;75;1;89;8;11;0;0;1;2;1;0;7;74;6;48;7;89;5;59;10;62;8;10;7;17;0;0;3;3;3;4;3;19;2;24;7;80;4;68;0;92;2;78;9;18;9;18;0;0;0;0;1;1;0;0;0;0;0;0;0;0;0;0;0;0;0;0;0;0;0;0;0;0;0;0;0;0
09.01.2024;07:59;A 20;1;1;79;1;79;3;46;2;2;1;89;5;15;2;2;2;4;4;71;1;83;5;6;4;30;1;41;2;1;10;76;9;10;0;97;7;53;7;78;10;10;0;100;0;0;2;6;2;3;1;77;4;78;1;72;2;81;1;80;3;87;4;5;3;4;0;0;0;0;0;0;1;1;0;0;0;0;0;0;0;0;0;0;0;0;0;0;0;0;0;0;0;0;0;0
09.01.2024;07:58;A 20;1;2;57;2;21;3;3;2;2;2;62;0;63;1;1;2;2;4;91;0;100;4;5;0;100;0;100;0;0;10;66;7;5;3;98;3;40;13;38;6;4;5;72;0;0;5;35;4;5;0;29;0;0;3;86;1;83;1;79;1;87;5;10;5;6;0;0;0;0;0;0;0;0;0;0;0;0;0;0;0;0;0;0;0;0;0;0;0;0;0;0;0;0;0;0
09.01.2024;07:57;A 20;1;0;92;0;98;1;1;3;24;1;79;2;63;2;2;2;2;7;23;2;52;6;9;9;81;1;99;4;5;5;86;6;86;0;100;0;100;5;77;6;13;1;77;0;0;3;61;3;5;3;37;4;10;5;37;2;46;4;27;5;38;5;7;2;3;0;0;0;0;0;0;0;0;0;0;0;0;0;0;0;0;0;0;0;0;0;0;0;0;0;0;0;0;0;0
09.01.2024;07:56;A 20;1;1;84;2;79;5;9;5;8;1;76;2;17;1;1;1;1;1;65;2;79;5;6;1;55;1;64;8;13;15;47;16;43;7;79;6;79;14;29;16;21;8;59;0;0;5;57;4;4;4;71;2;81;0;100;1;50;0;100;4;57;6;8;2;2;0;0;0;0;0;0;0;0;0;0;0;0;0;0;0;0;0;0;0;0;0;0;0;0;0;0;0;0;0;0
09.01.2024;07:55;A 20;1;0;100;0;100;3;6;3;30;1;48;3;4;1;1;1;1;15;33;0;69;7;31;1;52;1;60;0;0;1;96;2;94;0;100;2;98;3;11;4;44;1;66;0;0;4;8;5;7;2;23;1;33;5;72;4;20;4;61;2;25;4;6;5;6;0;0;0;0;0;0;0;0;0;0;0;0;0;0;0;0;0;0;0;0;0;0;0;0;0;0;0;0;0;0
09.01.2024;07:54;A 20;1;4;71;3;59;3;3;3;4;1;95;1;2;1;1;1;1;1;97;0;100;7;12;1;49;1;58;2;2;16;47;15;30;2;74;6;69;14;37;12;35;10;60;0;0;5;62;3;6;4;28;3;31;0;100;1;47;2;25;1;51;5;8;4;7;0;0;0;0;1;1;0;0;0;0;0;0;1;1;0;0;0;0;0;0;0;0;0;0;0;0;0;0;0;0
09.01.2024;07:53;A 20;1;1;89;1;5;2;3;0;0;1;66;2;5;1;1;1;1;20;42;4;90;15;29;5;84;0;91;0;0;1;87;1;84;1;98;2;12;4;72;5;53;2;96;0;0;5;49;3;8;2;3;0;1;4;71;3;18;3;34;3;34;5;8;5;7;0;0;0;0;0;0;0;0;0;0;0;0;0;0;0;0;0;0;0;0;0;0;0;0;0;0;0;0;0;0
09.01.2024;07:52;A 20;1;3;77;2;82;2;44;7;49;0;0;0;0;0;0;1;0;7;83;1;99;17;19;1;13;1;23;6;9;13;44;14;15;6;73;1;99;9;18;9;45;4;90;0;0;5;61;9;51;2;45;5;45;1;96;0;100;1;99;0;100;1;2;0;0;0;0;0;0;2;3;0;0;0;0;0;0;0;0;0;0;0;0;0;0;0;0;0;0;0;0;0;0;0;0
09.01.2024;07:51;A 20;1;0;100;2;77;3;71;4;27;2;2;2;3;2;2;2;2;15;65;0;100;8;83;2;88;1;88;2;2;2;81;4;13;6;71;7;84;6;9;8;25;1;42;0;0;2;3;2;3;2;2;2;4;3;51;4;57;2;63;2;67;9;13;5;8;0;0;0;0;0;0;0;0;0;0;0;0;0;0;0;0;0;0;0;0;0;0;0;0;0;0;0;0;0;0
09.01.2024;07:50;A 20;1;1;73;1;58;2;2;2;3;0;0;1;0;0;0;0;0;6;82;1;94;17;49;6;48;2;24;3;4;12;64;14;16;3;85;5;81;8;65;9;56;5;87;0;0;5;38;4;7;1;18;1;4;1;92;1;77;1;99;1;81;4;6;0;0;0;0;0;0;0;0;0;0;0;0;0;0;0;0;0;0;0;0;0;0;0;0;0;0;0;0;0;0;0;0
09.01.2024;07:49;A 20;1;2;56;2;43;4;6;3;4;0;0;0;0;0;0;0;0;12;71;1;98;5;88;1;81;2;85;4;5;5;63;4;2;7;78;5;69;9;40;8;16;3;38;0;0;2;4;2;3;4;29;1;38;5;57;5;56;1;64;1;65;12;18;6;6;0;0;0;0;0;0;0;0;0;0;0;0;0;0;0;0;0;0;0;0;0;0;0;0;0;0;0;0;0;0
09.01.2024;07:48;A 20;1;1;86;1;95;9;32;5;45;0;0;0;0;0;0;0;0;10;67;6;87;19;44;7;26;5;36;2;2;8;75;8;71;3;92;4;85;5;65;6;7;0;100;0;0;2;4;2;3;2;81;3;49;1;75;1;60;2;40;2;59;7;11;2;3;0;0;0;0;0;0;0;0;0;0;0;0;0;0;0;0;0;0;0;0;0;0;0;0;0;0;0;0;0;0
09.01.2024;07:47;A 20;1;1;33;2;97;3;3;3;4;4;64;4;40;3;24;5;5;4;94;0;100;5;7;1;61;2;68;3;5;9;51;8;36;2;70;6;81;11;17;9;12;10;47;0;0;6;48;3;23;2;42;3;7;0;83;2;28;0;0;1;33;8;16;4;8;0;0;0;0;0;0;0;0;0;0;0;0;0;0;0;0;0;0;0;0;0;0;0;0;0;0;0;0;0;0
09.01.2024;07:46;A 20;1;1;98;1;98;3;3;3;9;1;63;3;7;2;3;4;4;12;24;10;51;10;13;5;49;1;58;0;0;4;92;6;87;0;100;1;99;3;92;4;13;0;100;0;0;4;13;6;11;2;56;2;9;7;24;4;5;5;27;3;18;10;20;6;10;0;0;0;0;0;0;0;0;0;0;0;0;0;0;0;0;0;0;0;0;0;0;0;0;0;0;0;0;0;0
09.01.2024;07:45;A 20;1;2;70;3;68;2;3;4;4;2;74;1;76;0;0;0;0;2;88;0;100;6;7;1;93;1;66;3;4;11;45;11;31;4;73;14;33;12;24;12;13;3;52;0;0;5;3;4;4;5;84;0;62;1;98;1;97;2;99;0;100;5;7;4;7;0;0;0;0;0;0;0;0;0;0;0;0;0;0;0;0;0;0;0;0;0;0;0;0;0;0;0;0;0;0
09.01.2024;07:44;A 20;1;1;69;2;85;3;5;3;6;1;73;6;58;3;4;5;5;13;32;2;57;9;13;1;52;1;56;1;1;5;85;7;86;2;97;5;92;6;46;10;45;1;87;0;0;1;1;0;0;2;56;1;49;2;53;2;61;8;25;3;67;6;6;2;2;0;0;0;0;0;0;0;0;0;0;0;0;0;0;0;0;0;0;0;0;0;0;0;0;0;0;0;0;0;0
09.01.2024;07:43;A 20;1;4;56;3;59;1;0;3;4;2;93;2;20;1;1;2;1;0;100;0;100;4;4;1;96;2;38;1;1;23;38;21;35;3;85;17;66;21;37;18;22;5;6;0;0;5;5;6;9;4;6;4;18;1;70;1;19;2;3;3;10;4;5;4;6;0;0;0;0;0;0;0;0;0;0;0;0;0;0;0;0;0;0;0;0;0;0;0;0;0;0;0;0;0;0
09.01.2024;07:42;A 20;1;1;26;1;91;2;3;3;2;3;14;3;21;1;1;1;1;9;61;3;82;10;10;6;80;2;97;7;8;1;89;0;100;1;98;0;100;4;90;3;9;1;1;0;0;0;0;0;0;1;1;1;4;4;36;2;4;1;41;1;38;9;13;2;3;0;0;0;0;0;0;0;0;0;0;0;0;0;0;0;0;0;0;0;0;0;0;0;0;0;0;0;0;0;0
09.01.2024;07:41;A 20;1;1;56;1;50;3;6;3;5;0;100;1;95;1;1;1;1;2;76;4;51;3;3;1;21;5;20;2;2;18;51;24;50;9;89;11;65;14;54;20;55;5;81;0;0;4;6;3;4;1;4;1;4;1;96;1;3;2;93;3;95;2;3;2;3;0;0;0;0;0;0;0;0;0;0;0;0;0;0;0;0;0;0;0;0;0;0;0;0;0;0;0;0;0;0
09.01.2024;07:40;A 20;1;0;100;4;46;2;2;2;2;3;23;4;18;4;5;4;5;14;57;3;92;9;11;3;92;0;95;2;2;1;96;0;100;1;97;0;100;6;69;4;71;3;65;0;0;5;7;6;14;0;0;0;0;1;42;0;40;0;43;2;1;3;4;2;3;0;0;0;0;0;0;0;0;0;0;0;0;0;0;0;0;0;0;0;0;0;0;0;0;0;0;0;0;0;0
09.01.2024;07:39;A 20;1;3;74;3;68;5;7;2;1;1;82;2;17;2;2;2;3;2;90;0;100;4;6;4;54;3;28;2;2;12;53;15;51;2;84;3;84;9;53;12;55;4;93;0;0;2;81;2;2;1;12;2;3;1;30;1;24;2;21;2;10;5;6;5;6;0;0;0;0;0;0;0;0;0;0;0;0;0;0;0;0;0;0;0;0;0;0;0;0;0;0;0;0;0;0
09.01.2024;07:38;A 20;1;2;55;1;97;1;1;4;4;0;0;1;1;0;0;0;0;4;6;3;27;7;8;0;100;1;16;2;2;2;43;3;65;5;42;4;50;6;18;7;12;6;66;0;0;4;20;4;4;4;38;3;37;5;70;5;68;1;81;0;79;2;5;4;4;0;0;0;0;0;0;0;0;0;0;0;0;0;0;0;0;0;0;0;0;0;0;0;0;0;0;0;0;0;0
09.01.2024;07:37;A 20;1;4;76;3;65;2;1;3;12;0;0;1;4;0;0;0;0;8;10;4;57;3;4;7;78;2;63;2;3;11;72;11;69;0;97;0;100;7;74;8;18;1;97;0;0;4;64;4;7;1;29;2;22;1;51;1;54;2;13;4;19;5;9;3;4;0;0;0;0;0;0;0;0;0;0;0;0;0;0;0;0;0;0;0;0;0;0;0;0;0;0;0;0;0;0
09.01.2024;07:36;A 20;1;2;89;4;75;5;7;4;4;2;61;0;65;1;1;1;1;4;87;0;100;6;16;0;100;2;95;5;7;15;63;9;47;2;97;3;71;17;43;10;15;7;39;0;0;12;18;5;8;2;30;3;10;3;90;2;85;1;58;2;91;6;8;4;5;0;0;0;0;0;0;0;0;0;0;0;0;0;0;0;0;0;0;0;0;0;0;0;0;0;0;0;0;0;0
09.01.2024;07:35;A 20;1;1;84;0;98;4;50;3;72;1;82;3;60;2;3;2;3;20;51;3;96;18;42;6;44;2;65;4;4;5;87;6;92;0;100;1;92;6;13;8;17;0;100;0;0;3;5;3;4;1;1;1;3;1;32;2;33;2;4;1;37;1;2;4;5;0;0;0;0;0;0;0;0;0;0;0;0;0;0;0;0;0;0;0;0;0;0;0;0;0;0;0;0;0;0
09.01.2024;07:34;A 20;1;3;34;3;47;3;4;4;8;0;0;3;7;0;0;0;0;5;87;0;98;7;13;1;53;2;59;5;5;9;25;10;12;6;37;16;25;9;9;9;7;4;53;0;0;4;3;4;3;1;33;2;56;2;84;2;84;0;84;0;87;0;0;1;1;0;0;1;1;0;0;0;0;0;0;1;1;0;0;0;0;0;0;0;0;0;0;0;0;0;0;0;0;0;0
09.01.2024;07:33;A 20;1;1;98;1;95;5;23;5;18;0;0;0;0;0;0;1;0;5;50;4;62;12;13;5;60;0;69;2;3;2;93;3;55;0;100;3;62;2;79;4;5;1;67;0;0;2;2;2;1;2;2;1;8;5;22;4;46;2;40;2;60;7;10;4;4;0;0;0;0;0;0;0;0;0;0;0;0;0;0;0;0;0;0;0;0;0;0;0;0;0;0;0;0;0;0
09.01.2024;07:32;A 20;1;1;12;0;10;1;0;0;0;1;74;1;1;1;1;1;1;1;89;3;92;1;2;1;88;2;86;3;3;13;32;11;10;8;64;2;52;12;13;8;9;5;48;0;0;1;48;1;1;2;54;1;55;0;100;1;71;1;76;1;77;3;8;4;5;0;0;0;0;0;0;0;0;0;0;0;0;0;0;0;0;0;0;0;0;0;0;0;0;0;0;0;0;0;0
09.01.2024;07:31;A 20;1;0;100;1;46;1;1;3;4;0;7;1;1;0;0;1;0;8;11;4;55;8;8;1;73;3;48;1;1;2;91;2;87;4;84;5;88;4;59;5;59;2;80;0;0;5;35;5;7;1;9;3;14;2;48;0;29;1;39;1;29;0;0;3;5;0;0;0;0;0;0;0;0;0;0;0;0;0;0;0;0;0;0;0;0;0;0;0;0;0;0;0;0;0;0
09.01.2024;07:30;A 20;1;3;81;3;47;4;9;2;6;0;100;2;2;0;0;0;0;2;11;1;78;3;3;1;51;6;38;2;2;12;35;13;34;6;68;8;51;10;36;8;39;6;78;0;0;5;30;5;13;1;3;1;6;1;29;1;70;3;26;2;74;1;1;0;0;0;0;0;0;2;3;0;0;0;0;0;0;0;0;0;0;0;0;0;0;0;0;0;0;0;0;0;0;0;0
09.01.2024;07:29;A 20;1;4;66;4;46;2;2;3;2;1;23;4;3;1;0;1;1;14;13;11;36;15;17;3;86;3;77;3;3;1;54;1;56;3;58;7;45;5;10;6;17;4;70;0;0;3;4;3;3;5;37;2;34;8;48;3;38;0;61;1;39;9;17;4;6;0;0;0;0;0;0;0;0;0;0;0;0;0;0;0;0;0;0;0;0;0;0;0;0;0;0;0;0;0;0
09.01.2024;07:28;A 20;1;0;81;0;79;4;64;5;68;0;0;0;0;0;0;1;0;8;8;3;34;4;5;3;9;2;16;1;1;12;66;8;55;1;90;4;77;10;22;6;17;0;99;0;0;3;9;3;4;1;41;2;37;1;35;1;44;3;9;4;14;3;5;2;3;0;0;0;0;0;0;0;0;0;0;0;0;0;0;0;0;0;0;0;0;0;0;0;0;0;0;0;0;0;0
09.01.2024;07:27;A 20;1;0;100;2;90;4;45;4;33;2;10;6;6;2;2;3;2;11;74;2;98;12;21;3;51;1;92;2;2;7;75;1;76;4;93;6;58;8;8;3;3;1;66;0;0;1;0;1;0;2;38;1;10;5;66;8;46;1;78;2;66;7;13;9;14;0;0;0;0;0;0;0;0;0;0;0;0;0;0;0;0;0;0;0;0;0;0;0;0;0;0;0;0;0;0
09.01.2024;07:26;A 20;1;1;86;4;80;6;56;8;50;0;0;1;1;0;0;0;0;4;47;2;60;8;7;0;0;3;11;2;2;14;57;11;48;6;88;8;67;13;49;10;10;3;43;0;0;3;4;3;4;1;54;1;60;1;61;0;0;4;68;0;0;0;4;3;4;0;0;0;0;0;0;0;0;0;0;0;0;0;0;0;0;0;0;0;0;0;0;0;0;0;0;0;0;0;0
09.01.2024;07:25;A 20;1;1;75;1;71;5;30;3;63;3;64;1;69;2;2;3;6;4;15;2;29;7;8;0;0;0;0;0;0;6;47;9;34;9;65;14;20;9;16;10;9;6;36;0;0;2;5;2;3;1;1;1;2;1;89;0;81;0;91;0;0;4;5;6;9;0;0;0;0;0;0;0;0;0;0;0;0;0;0;0;0;0;0;0;0;0;0;0;0;0;0;0;0;0;0
09.01.2024;07:24;A 20;1;0;100;0;95;2;32;2;3;1;58;7;39;2;2;2;2;19;22;3;62;9;30;3;24;2;39;1;1;4;87;5;25;2;94;7;34;3;5;5;9;0;100;0;0;2;6;1;1;0;1;0;0;2;32;1;23;2;39;1;6;4;4;1;1;0;0;0;0;0;0;0;0;0;0;0;0;0;0;0;0;0;0;0;0;0;0;0;0;0;0;0;0;0;0
09.01.2024;07:23;A 20;1;3;31;3;44;3;4;3;3;2;81;0;82;0;1;0;0;0;100;0;100;8;10;1;62;2;39;3;3;20;50;12;11;1;95;3;50;18;28;9;10;8;63;0;0;6;41;6;11;1;65;2;10;1;93;1;86;4;46;1;89;6;11;4;6;0;0;0;0;0;0;0;0;1;1;0;0;0;0;0;0;0;0;0;0;0;0;0;0;0;0;0;0;0;0
09.01.2024;07:22;A 20;1;0;100;0;100;1;2;4;7;2;90;4;15;2;4;2;4;5;29;1;44;7;7;6;61;0;70;1;1;2;94;4;67;0;100;4;73;3;88;7;43;1;87;0;0;5;10;5;6;2;75;1;38;0;20;1;18;0;0;0;19;5;11;4;4;0;0;0;0;0;0;0;0;0;0;0;0;0;0;0;0;0;0;0;0;0;0;0;0;0;0;0;0;0;0
09.01.2024;07:21;A 20;1;3;77;3;75;6;8;4;3;2;69;4;78;4;36;5;8;0;100;2;86;2;2;1;32;3;39;6;8;18;49;13;27;1;93;9;46;16;27;9;11;3;69;0;0;2;3;3;4;0;0;1;4;1;19;1;25;1;8;1;29;3;4;2;3;0;0;0;0;0;0;0;0;0;0;0;0;0;0;0;0;0;0;0;0;0;0;0;0;0;0;0;0;0;0
09.01.2024;07:20;A 20;1;2;29;0;0;2;2;0;0;0;2;0;0;0;0;0;0;7;48;8;24;8;9;6;85;0;95;5;8;1;86;1;79;2;77;5;85;5;12;5;10;1;30;0;0;2;2;2;2;3;2;2;2;6;30;5;29;3;47;2;38;7;12;6;8;0;0;0;0;0;0;1;1;0;0;0;0;0;0;0;0;0;0;0;0;0;0;0;0;0;0;0;0;0;0
09.01.2024;07:19;A 20;1;0;40;1;46;0;0;1;1;1;31;0;0;1;1;1;1;3;74;3;20;3;2;4;50;7;37;3;3;13;48;13;44;2;69;2;80;9;46;9;47;6;78;0;0;6;26;6;9;1;1;1;5;0;100;1;21;1;90;1;29;5;10;3;5;0;0;0;0;0;0;0;0;0;0;0;0;0;0;0;0;0;0;0;0;0;0;0;0;0;0;0;0;0;0
09.01.2024;07:18;A 20;1;1;75;1;71;1;4;2;2;1;29;0;28;0;0;0;0;16;67;0;98;5;8;1;95;2;85;4;5;5;80;4;79;1;97;6;87;8;72;8;29;3;4;0;0;3;2;3;3;0;0;0;0;9;78;2;51;1;98;1;58;7;11;7;11;0;0;0;0;0;0;0;0;0;0;0;0;0;0;0;0;0;0;0;0;0;0;0;0;0;0;0;0;0;0
09.01.2024;07:17;A 20;1;0;59;1;55;1;45;3;5;0;100;2;79;0;0;0;0;1;88;2;90;19;32;3;20;1;25;1;1;14;55;18;55;3;95;10;86;12;58;14;59;2;87;0;0;1;1;1;1;2;67;5;65;2;82;1;76;4;65;2;81;5;7;1;1;0;0;0;0;0;0;0;0;0;0;0;0;0;0;0;0;0;0;0;0;0;0;0;0;0;0;0;0;0;0
09.01.2024;07:16;A 20;1;3;83;2;70;3;4;2;2;4;56;4;52;2;3;3;3;4;72;0;78;4;4;1;79;1;91;3;4;3;64;4;72;3;68;4;85;6;40;7;56;7;53;0;0;6;6;6;7;4;23;5;27;2;63;0;68;0;65;0;65;6;7;2;1;0;0;0;0;0;0;0;0;0;0;0;0;0;0;0;0;0;0;0;0;0;0;0;0;0;0;0;0;0;0
09.01.2024;07:15;A 20;1;0;85;5;77;5;8;4;6;1;79;3;49;4;8;4;5;6;67;2;91;6;6;4;27;0;49;1;1;11;73;10;67;2;97;6;90;7;12;10;19;1;25;0;0;3;4;3;3;1;77;2;45;1;0;1;37;3;8;3;43;0;0;2;3;0;0;0;0;0;0;0;0;0;0;0;0;0;0;0;0;0;0;0;0;0;0;0;0;0;0;0;0;0;0
09.01.2024;07:14;A 20;1;3;43;1;0;2;2;0;0;0;0;0;0;0;0;0;0;13;71;3;98;13;13;1;95;4;65;3;4;6;62;7;42;2;77;10;23;8;13;7;6;1;11;0;0;1;1;1;1;2;21;4;20;3;55;2;3;1;12;1;5;4;8;4;6;0;0;0;0;0;0;1;1;0;0;0;0;0;0;0;0;0;0;0;0;0;0;0;0;0;0;0;0;0;0
09.01.2024;07:13;A 20;1;2;60;2;51;3;3;4;4;0;0;0;0;0;0;0;0;2;70;2;78;5;4;3;43;1;49;1;1;8;83;9;79;0;100;5;92;5;86;5;81;1;96;0;0;0;0;0;0;1;40;2;20;2;6;1;0;2;2;0;2;4;5;2;2;0;0;0;0;0;0;0;0;0;0;0;0;1;1;0;0;0;0;0;0;0;0;0;0;0;0;0;0;0;0
09.01.2024;07:12;A 20;1;1;22;3;17;1;3;1;1;1;59;1;27;1;1;0;1;4;90;1;36;4;4;1;61;5;65;4;4;8;57;4;35;4;82;9;57;11;24;7;16;5;34;0;0;6;13;4;6;3;50;1;54;3;87;0;0;1;45;1;0;3;5;1;1;0;0;0;0;0;0;0;0;0;0;0;0;0;0;0;0;0;0;0;0;0;0;0;0;0;0;0;0;0;0
09.01.2024;07:11;A 20;1;0;100;1;73;3;82;1;1;1;74;2;4;1;1;2;1;6;35;4;39;3;3;0;60;0;0;0;0;3;73;6;86;2;89;3;60;4;27;7;37;0;0;0;0;0;0;2;3;2;62;2;53;6;38;0;13;6;29;2;1;3;4;4;4;0;0;0;0;0;0;0;0;0;0;0;0;0;0;0;0;0;0;0;0;0;0;0;0;0;0;0;0;0;0
09.01.2024;07:10;A 20;1;1;60;1;33;5;26;1;1;1;94;5;22;1;1;2;2;1;87;1;98;2;2;1;52;1;3;1;0;14;28;5;15;7;87;9;32;10;32;4;5;3;54;0;0;2;2;2;2;1;8;3;5;0;0;1;8;0;0;4;9;2;3;3;4;0;0;0;0;0;0;0;0;0;0;0;0;0;0;0;0;0;0;0;0;0;0;0;0;0;0;0;0;0;0
09.01.2024;07:09;A 20;1;1;92;1;86;5;19;4;7;1;76;5;19;1;1;2;1;4;34;1;41;5;4;5;43;4;44;5;5;1;93;1;51;2;84;4;50;4;23;3;6;0;0;0;0;1;1;1;1;0;0;0;0;1;30;1;0;0;31;1;2;4;6;1;1;0;0;0;0;0;0;0;0;0;0;0;0;0;0;0;0;0;0;0;0;0;0;0;0;0;0;0;0;0;0
09.01.2024;07:08;A 20;1;1;23;1;5;1;0;1;0;0;100;0;0;0;0;0;0;1;75;3;10;3;3;0;0;0;0;0;0;20;34;14;21;6;87;3;75;17;35;9;23;6;74;0;0;3;14;2;47;0;0;0;0;1;84;0;0;1;94;0;0;2;2;1;1;0;0;0;0;0;0;0;0;0;0;0;0;0;0;0;0;0;0;0;0;0;0;0;0;0;0;0;0;0;0
09.01.2024;07:07;A 20;1;4;51;2;22;2;2;1;1;1;20;3;7;1;1;1;1;12;27;7;54;8;8;0;86;0;0;0;0;0;100;0;100;0;100;2;96;3;81;4;41;1;95;0;0;3;8;4;8;0;0;0;0;3;23;3;15;2;26;1;18;5;6;2;2;0;0;0;0;0;0;0;0;0;0;0;0;1;1;0;0;0;0;0;0;0;0;0;0;0;0;0;0;0;0
09.01.2024;07:06;A 20;1;1;31;1;17;1;0;2;2;0;0;2;3;0;0;0;0;0;100;1;97;2;1;2;22;2;7;1;1;10;43;9;41;5;66;7;52;7;12;6;37;2;78;0;0;3;3;2;3;1;1;2;3;1;59;1;14;1;70;1;62;0;0;2;2;0;0;0;0;0;0;0;0;0;0;0;0;0;0;0;0;0;0;0;0;0;0;0;0;0;0;0;0;0;0
09.01.2024;07:05;A 20;1;6;36;0;0;1;1;0;0;0;0;0;0;0;0;0;0;10;68;1;88;7;8;0;95;2;4;1;0;5;56;4;62;4;72;7;53;8;18;7;38;3;26;0;0;1;1;2;2;1;30;1;11;4;4;1;15;1;3;2;20;5;13;3;5;1;1;0;0;0;0;0;0;1;1;0;0;0;0;0;0;0;0;0;0;0;0;0;0;0;0;0;0;0;0
09.01.2024;07:04;A 20;1;1;98;1;70;4;5;4;9;0;0;0;0;0;0;0;0;15;56;3;97;16;18;9;58;1;56;2;3;10;76;11;76;0;100;9;94;9;63;9;43;0;100;0;0;2;2;2;3;1;26;1;5;0;0;0;0;0;0;0;0;2;2;0;0;0;0;0;0;0;0;0;0;0;0;0;0;0;0;0;0;0;0;0;0;0;0;0;0;0;0;0;0;0;0
09.01.2024;07:03;A 20;1;2;91;4;36;2;2;2;2;1;19;2;4;1;0;1;1;7;72;0;100;4;45;1;68;1;76;9;10;4;74;2;73;4;67;6;63;5;7;4;5;7;20;0;0;5;5;5;6;1;16;2;5;4;70;0;0;4;23;0;0;3;5;2;2;0;0;0;0;0;0;0;0;0;0;0;0;0;0;0;0;0;0;0;0;0;0;0;0;0;0;0;0;0;0
09.01.2024;07:02;A 20;1;1;92;1;89;4;7;4;69;0;0;3;37;0;0;0;0;12;54;1;81;16;24;1;45;1;27;1;1;7;47;6;67;2;61;4;17;8;11;6;7;1;37;0;0;3;3;3;3;1;4;2;6;5;25;1;0;5;22;1;2;9;15;3;3;0;0;0;0;0;0;0;0;0;0;0;0;0;0;0;0;0;0;0;0;0;0;0;0;0;0;0;0;0;0
09.01.2024;07:01;A 20;1;3;56;2;36;3;3;2;3;2;83;1;36;1;1;2;2;1;89;0;100;6;7;1;25;1;12;1;1;15;18;7;5;6;53;10;20;12;16;8;7;2;34;0;0;1;1;1;1;1;46;2;3;0;100;0;98;0;100;0;99;4;11;2;5;0;0;0;0;0;0;0;0;0;0;0;0;0;0;0;0;0;0;0;0;0;0;0;0;0;0;0;0;0;0
09.01.2024;07:00;A 20;1;0;100;5;34;2;2;3;2;1;39;5;13;2;2;2;2;7;26;1;41;7;7;7;67;0;75;3;4;2;95;4;61;0;100;3;74;4;54;3;5;1;78;0;0;2;2;2;2;1;37;2;5;3;49;3;48;1;58;1;58;5;7;2;2;0;0;0;0;0;0;0;0;0;0;0;0;0;0;0;0;0;0;0;0;0;0;0;0;0;0;0;0;0;0
09.01.2024;06:59;A 20;1;2;77;0;21;6;20;1;13;1;98;0;0;0;0;0;0;0;100;0;100;1;1;1;16;1;27;5;7;23;47;19;25;3;97;14;63;21;30;15;28;5;67;0;0;3;8;3;5;0;0;0;0;1;90;1;82;1;99;2;85;5;9;3;5;0;0;0;0;0;0;0;0;0;0;0;0;0;0;0;0;0;0;0;0;0;0;0;0;0;0;0;0;0;0
09.01.2024;06:58;A 20;1;0;100;0;100;0;100;3;28;1;32;4;16;2;2;2;2;6;26;1;61;6;6;4;75;1;58;4;4;1;97;1;65;2;86;5;81;4;7;5;63;1;82;0;0;3;4;3;4;0;0;0;0;2;23;0;19;0;24;0;20;3;5;2;2;0;0;0;0;0;0;0;0;0;0;0;0;0;0;0;0;0;0;0;0;0;0;0;0;0;0;0;0;0;0
09.01.2024;06:57;A 20;1;3;83;1;57;5;13;3;5;1;98;0;98;0;0;0;0;0;100;3;17;2;2;2;35;4;29;1;1;11;37;8;29;4;67;4;46;8;38;6;11;5;65;0;0;2;3;2;2;1;10;2;5;1;43;1;44;2;19;1;50;2;4;3;4;0;0;0;0;0;0;0;0;0;0;0;0;0;0;0;0;0;0;0;0;0;0;0;0;0;0;0;0;0;0
09.01.2024;06:56;A 20;1;3;71;2;49;3;5;2;2;1;88;3;65;2;6;1;3;14;47;2;80;6;9;3;91;0;100;0;0;1;81;2;66;2;72;3;46;5;43;3;4;1;48;0;0;3;4;3;4;1;1;1;2;4;31;7;16;1;45;3;30;5;9;5;8;0;0;0;0;0;0;0;0;0;0;0;0;0;0;0;0;0;0;0;0;0;0;0;0;0;0;0;0;0;0
09.01.2024;06:55;A 20;1;1;58;2;52;1;45;2;2;0;0;0;0;0;0;1;1;7;76;1;94;12;15;4;11;2;21;4;5;9;44;6;39;6;68;4;49;6;26;6;6;0;98;0;0;0;0;0;0;0;0;0;0;0;0;2;1;1;3;0;0;5;10;3;4;0;0;0;0;0;0;0;0;0;0;0;0;0;0;0;0;0;0;0;0;0;0;0;0;0;0;0;0;0;0
09.01.2024;06:54;A 20;1;1;88;2;81;5;38;3;4;2;51;1;43;1;1;0;0;9;81;0;100;6;41;0;100;0;100;1;1;6;62;9;14;8;41;8;36;9;11;7;7;4;49;0;0;3;17;2;6;4;15;5;33;3;71;2;72;1;76;0;78;6;14;6;7;0;0;0;0;0;0;0;0;0;0;0;0;0;0;0;0;0;0;0;0;0;0;0;0;0;0;0;0;0;0
09.01.2024;06:53;A 20;1;1;9;2;53;1;0;3;3;1;65;5;16;2;3;3;4;2;64;3;75;9;14;7;77;4;83;6;5;6;81;10;74;0;98;1;93;4;64;8;17;0;100;0;0;1;8;2;6;0;0;0;0;1;53;2;33;1;64;2;40;0;0;1;2;0;0;0;0;0;0;0;0;0;0;0;0;0;0;0;0;0;0;0;0;0;0;0;0;0;0;0;0;0;0
09.01.2024;06:52;A 20;1;2;16;0;0;1;1;0;0;0;0;0;0;0;0;0;0;3;60;1;11;5;5;1;71;1;78;4;5;5;56;2;60;6;58;3;70;5;11;4;6;4;37;0;0;3;5;1;1;1;24;2;3;1;0;1;0;1;6;0;0;5;13;0;0;0;0;0;0;0;0;0;0;0;0;0;0;0;0;0;0;0;0;0;0;0;0;0;0;0;0;0;0;0;0
09.01.2024;06:51;A 20;1;0;89;0;90;10;13;5;25;0;0;2;4;0;0;0;0;10;50;3;31;1;1;2;44;1;50;0;0;8;83;8;81;0;100;0;100;9;67;11;17;1;13;0;0;2;2;4;6;2;48;2;12;5;5;1;0;2;14;0;0;3;3;2;2;0;0;0;0;0;0;0;0;0;0;0;0;0;0;0;0;0;0;0;0;0;0;0;0;0;0;0;0;0;0
09.01.2024;06:50;A 20;1;1;87;1;80;3;4;3;3;0;0;2;1;0;0;0;0;1;97;4;39;10;15;0;100;5;35;2;2;12;18;13;35;6;54;13;69;10;21;12;16;6;47;0;0;3;34;3;5;3;48;0;54;1;96;1;71;0;100;1;81;1;1;2;2;0;0;0;0;0;0;0;0;0;0;0;0;0;0;0;0;0;0;0;0;0;0;0;0;0;0;0;0;0;0
09.01.2024;06:49;A 20;1;1;20;1;29;3;2;4;6;0;0;1;0;0;0;1;0;7;39;3;48;6;6;6;79;3;83;3;3;2;95;2;96;2;96;1;97;4;74;3;79;1;77;0;0;4;6;4;5;1;28;3;7;4;60;2;18;4;61;0;24;5;6;2;3;0;0;0;0;1;1;0;0;0;0;0;0;0;0;0;0;0;0;0;0;0;0;0;0;0;0;0;0;0;0
09.01.2024;06:48;A 20;1;0;45;0;46;4;8;4;33;1;60;0;26;1;1;0;0;1;6;2;70;2;3;1;33;2;59;4;4;13;55;6;41;6;66;4;43;9;34;4;9;6;76;0;0;5;20;4;5;0;0;0;0;1;70;0;100;3;70;0;100;3;6;1;1;0;0;0;0;0;0;0;0;0;0;0;0;0;0;0;0;0;0;0;0;0;0;0;0;0;0;0;0;0;0
09.01.2024;06:47;A 20;1;0;100;0;100;0;0;3;84;2;4;2;59;0;0;1;1;16;34;3;76;16;17;4;78;2;94;1;1;0;100;1;98;0;100;1;79;4;74;4;14;1;71;0;0;2;2;3;5;0;0;0;0;2;28;4;9;0;31;2;44;2;4;4;5;1;1;0;0;0;0;0;0;0;0;0;0;0;0;0;0;0;0;0;0;0;0;0;0;0;0;0;0;0;0
09.01.2024;06:46;A 20;1;3;73;2;65;3;12;5;5;1;94;0;100;2;4;1;2;1;8;3;10;1;1;3;78;3;81;4;4;14;33;10;36;4;73;8;55;10;49;6;42;2;67;0;0;2;3;2;2;1;27;1;5;0;100;0;0;0;100;0;100;4;7;2;3;0;0;0;0;0;0;0;0;0;0;0;0;0;0;0;0;0;0;0;0;0;0;0;0;0;0;0;0;0;0
09.01.2024;06:45;A 20;1;1;69;1;31;3;5;1;1;1;46;5;37;2;3;3;3;9;63;1;88;7;10;2;95;1;67;4;4;1;0;2;46;3;52;5;61;6;31;5;11;7;26;0;0;4;7;2;3;1;8;1;4;4;54;4;49;2;67;1;46;3;4;1;1;0;0;0;0;0;0;0;0;0;0;0;0;0;0;0;0;0;0;0;0;0;0;0;0;0;0;0;0;0;0
09.01.2024;06:44;A 20;1;3;76;2;46;2;4;1;0;0;0;3;2;0;0;0;0;8;31;1;62;7;8;7;33;2;24;1;1;7;54;11;58;4;68;0;100;5;5;8;42;0;100;0;0;43;52;2;3;1;7;1;3;1;82;1;74;4;82;2;62;0;0;0;0;0;0;0;0;0;0;0;0;0;0;0;0;0;0;0;0;0;0;0;0;0;0;0;0;0;0;0;0;0;0
09.01.2024;06:43;A 20;1;2;57;0;0;2;2;0;0;0;0;0;0;0;0;0;0;11;78;0;100;7;28;1;85;2;90;6;8;7;38;5;42;4;56;5;63;7;8;6;7;4;69;0;0;3;6;4;6;2;36;2;33;2;65;0;61;0;68;0;62;6;9;1;1;0;0;0;0;0;0;0;0;0;0;0;0;0;0;0;0;0;0;0;0;0;0;0;0;0;0;0;0;0;0
09.01.2024;06:42;A 20;1;0;81;1;22;3;36;2;2;0;0;1;0;0;0;0;0;7;65;5;74;10;16;2;36;1;31;1;1;11;73;12;72;0;100;6;96;9;77;11;75;1;94;0;0;3;7;3;6;1;64;1;8;3;38;1;21;2;49;1;24;1;4;0;0;0;0;0;0;0;0;0;0;0;0;0;0;0;0;0;0;0;0;0;0;0;0;0;0;0;0;0;0;0;0
09.01.2024;06:41;A 20;1;0;100;1;17;3;5;1;1;1;12;2;5;1;1;1;1;10;70;4;95;11;13;0;100;0;100;1;1;2;39;1;51;1;47;2;54;5;22;4;8;2;13;0;0;1;1;1;1;1;21;1;13;1;43;1;7;1;7;1;16;5;6;1;1;0;0;0;0;0;0;0;0;0;0;0;0;0;0;0;0;0;0;0;0;0;0;0;0;0;0;0;0;0;0
09.01.2024;06:40;A 20;1;2;95;2;70;1;62;1;1;0;0;0;0;0;0;0;0;1;44;1;50;6;7;2;55;1;66;2;2;10;72;11;70;2;93;9;79;10;49;10;46;0;100;0;0;1;1;1;1;1;26;1;11;4;9;0;2;1;15;2;3;5;11;2;2;0;0;0;0;0;0;0;0;0;0;0;0;0;0;0;0;0;0;0;0;0;0;0;0;0;0;0;0;0;0
09.01.2024;06:39;A 20;1;1;83;2;78;4;14;4;4;1;61;4;6;1;1;1;1;0;99;0;65;0;0;1;33;4;33;2;2;6;24;4;18;5;37;5;70;5;5;7;7;11;57;0;0;8;57;4;57;3;5;2;17;1;36;1;53;1;46;6;29;0;0;2;3;0;0;0;0;0;0;0;0;0;0;0;0;0;0;0;0;0;0;0;0;0;0;0;0;0;0;0;0;0;0
09.01.2024;06:38;A 20;1;0;100;0;100;4;20;2;5;0;0;0;0;0;0;1;0;9;49;7;55;5;5;6;65;1;74;1;1;3;84;2;50;3;48;4;43;5;10;3;3;0;100;0;0;3;36;6;21;1;0;1;1;1;0;1;0;1;2;2;1;4;5;3;3;0;0;0;0;0;0;0;0;0;0;0;0;0;0;0;0;0;0;0;0;0;0;0;0;0;0;0;0;0;0
09.01.2024;06:37;A 20;1;1;89;2;40;2;2;2;2;0;62;1;0;0;0;0;0;4;90;0;100;6;5;0;100;1;60;6;6;9;9;8;7;7;26;7;24;8;7;7;7;5;50;0;0;4;10;4;6;0;49;0;0;1;89;1;88;1;86;0;92;2;6;2;2;1;1;0;0;0;0;0;0;1;1;0;0;0;0;0;0;0;0;0;0;0;0;0;0;0;0;0;0;0;0
09.01.2024;06:36;A 20;1;3;76;1;73;2;3;4;13;1;40;1;5;1;1;1;1;4;26;7;32;5;5;5;68;5;74;3;3;4;92;6;90;0;100;3;97;4;9;7;33;1;56;0;0;3;4;3;3;1;22;1;4;1;17;3;2;3;10;2;7;2;3;2;2;0;0;0;0;0;0;0;0;0;0;0;0;0;0;0;0;0;0;0;0;0;0;0;0;0;0;0;0;0;0
09.01.2024;06:35;A 20;1;4;18;1;7;1;1;1;1;0;0;1;0;0;0;0;0;1;0;1;3;3;3;1;42;2;14;4;4;5;41;8;72;2;55;6;57;4;8;5;7;0;34;0;0;0;0;0;0;1;1;1;3;4;26;0;0;1;41;1;1;2;2;2;3;0;0;0;0;0;0;0;0;0;0;0;0;0;0;0;0;0;0;0;0;0;0;0;0;0;0;0;0;0;0
09.01.2024;06:34;A 20;1;1;73;2;67;3;7;2;1;0;0;1;0;0;0;0;0;7;5;0;17;3;3;1;63;2;13;0;0;3;93;3;92;0;100;2;88;4;59;6;12;0;100;0;0;0;0;0;0;0;0;0;0;2;2;0;0;1;6;0;0;4;5;1;0;0;0;0;0;0;0;0;0;0;0;0;0;0;0;0;0;0;0;0;0;0;0;0;0;0;0;0;0;0;0
09.01.2024;06:33;A 20;1;2;20;3;25;2;1;1;2;1;52;3;15;1;1;1;1;1;1;3;3;5;4;1;84;1;7;1;1;10;54;9;11;6;74;7;24;8;15;6;8;3;61;0;0;1;1;1;1;2;65;1;68;4;27;1;38;1;40;2;23;2;3;1;1;0;0;0;0;0;0;0;0;0;0;0;0;0;0;0;0;0;0;0;0;0;0;0;0;0;0;0;0;0;0
09.01.2024;06:32;A 20;1;1;67;1;97;2;2;4;34;1;87;4;20;1;0;1;1;22;24;2;67;10;33;3;62;0;68;3;4;2;93;2;92;0;100;0;100;3;76;2;20;0;100;0;0;2;3;2;3;2;34;1;42;3;2;0;0;3;9;0;0;2;2;1;0;0;0;0;0;0;0;0;0;0;0;0;0;0;0;0;0;0;0;0;0;0;0;0;0;0;0;0;0;0;0
09.01.2024;06:31;A 20;1;2;28;4;15;3;3;3;2;0;66;1;1;0;0;0;0;1;96;0;100;8;58;1;89;3;96;1;1;6;35;12;29;6;49;7;43;8;15;9;26;3;58;0;0;3;4;3;4;1;31;2;5;1;48;1;23;2;15;2;5;3;4;0;0;0;0;0;0;0;0;0;0;0;0;0;0;0;0;0;0;0;0;0;0;0;0;0;0;0;0;0;0;0;0
09.01.2024;06:30;A 20;1;3;48;2;19;4;5;1;1;1;19;1;10;1;2;2;2;6;28;3;50;8;8;3;34;3;31;4;4;0;99;0;99;0;100;3;58;1;9;5;29;1;43;0;0;1;1;1;1;0;3;0;4;7;30;2;20;0;44;2;27;3;9;5;7;0;0;0;0;0;0;0;0;0;0;0;0;0;0;0;0;0;0;0;0;0;0;0;0;0;0;0;0;0;0
09.01.2024;06:29;A 20;1;0;38;0;41;0;0;1;8;1;83;0;5;0;0;0;0;1;49;1;59;5;5;2;3;0;4;0;0;10;57;9;59;5;75;6;55;6;48;6;20;1;37;0;0;1;1;1;1;1;96;1;86;0;100;1;85;1;95;1;91;4;6;2;3;0;0;0;0;0;0;0;0;0;0;0;0;0;0;0;0;0;0;0;0;0;0;0;0;0;0;0;0;0;0
09.01.2024;06:28;A 20;1;2;45;3;30;3;5;3;5;0;28;4;8;1;1;1;1;4;23;2;38;5;5;2;85;5;50;3;3;2;80;2;58;3;58;2;79;6;44;4;7;3;32;0;0;0;0;0;0;2;31;2;11;3;68;2;0;1;70;1;3;6;10;1;1;0;0;0;0;0;0;0;0;0;0;0;0;0;0;0;0;0;0;0;0;0;0;0;0;0;0;0;0;0;0
09.01.2024;06:27;A 20;1;1;99;2;87;6;68;3;6;1;64;3;10;1;1;1;1;8;28;2;44;3;5;2;45;5;13;2;2;5;85;5;79;0;99;2;95;5;64;6;31;2;89;0;0;4;4;4;4;0;0;0;0;1;42;1;20;2;54;1;21;3;4;2;3;0;0;0;0;0;0;0;0;0;0;0;0;0;0;0;0;0;0;0;0;0;0;0;0;0;0;0;0;0;0
09.01.2024;06:26;A 20;1;0;0;1;4;0;0;0;0;1;48;1;4;1;0;1;1;1;59;2;9;6;5;1;17;1;12;1;1;4;52;4;50;2;61;3;53;4;22;4;9;1;86;0;0;2;1;2;2;0;0;0;0;1;33;1;20;1;43;1;33;1;1;1;1;0;0;0;0;0;0;0;0;0;0;0;0;0;0;0;0;0;0;0;0;0;0;0;0;0;0;0;0;0;0
09.01.2024;06:25;A 20;1;0;21;1;12;0;0;1;1;0;0;2;6;0;0;0;0;2;52;4;60;2;2;1;66;2;5;2;2;3;58;2;53;4;23;3;23;3;3;1;1;3;14;0;0;3;2;3;3;2;56;2;25;0;0;1;1;0;0;0;0;0;0;0;0;0;0;0;0;0;0;0;0;0;0;0;0;0;0;0;0;0;0;0;0;0;0;0;0;0;0;0;0;0;0
09.01.2024;06:24;A 20;1;4;66;2;12;3;5;1;1;0;14;3;2;0;0;0;0;8;57;0;72;5;5;1;78;3;9;0;0;1;89;1;64;4;17;3;10;2;2;2;2;3;19;0;0;1;0;1;1;1;2;2;11;2;18;2;40;1;28;0;55;4;7;3;5;0;0;0;0;0;0;0;0;0;0;0;0;0;0;0;0;0;0;0;0;0;0;0;0;0;0;0;0;0;0
09.01.2024;06:23;A 20;1;2;45;0;80;5;7;2;3;1;84;2;1;1;1;1;1;10;11;1;32;5;5;2;39;0;41;2;2;5;75;4;37;3;70;3;45;5;14;4;5;1;79;0;0;3;3;3;3;0;0;0;0;1;0;1;37;1;4;3;43;3;7;1;1;0;0;0;0;0;0;0;0;0;0;0;0;0;0;0;0;0;0;0;0;0;0;0;0;0;0;0;0;0;0
09.01.2024;06:22;A 20;1;0;0;2;29;0;0;4;4;1;62;3;4;1;1;1;1;1;96;0;100;8;10;1;74;1;84;2;2;6;31;7;7;7;31;6;16;6;5;5;6;0;58;0;0;0;0;0;0;2;4;1;9;1;83;0;89;0;6;0;0;0;0;0;0;0;0;0;0;0;0;0;0;0;0;0;0;0;0;0;0;0;0;0;0;0;0;0;0;0;0;0;0;0;0
09.01.2024;06:21;A 20;1;3;69;2;10;2;2;1;0;1;27;4;7;1;1;1;1;11;47;1;75;8;10;0;0;0;0;0;0;2;75;2;95;6;18;1;95;2;3;3;59;3;39;0;0;2;2;2;2;2;16;2;18;2;37;1;24;1;1;2;5;3;4;0;0;0;0;0;0;0;0;0;0;0;0;0;0;0;0;0;0;0;0;0;0;0;0;0;0;0;0;0;0;0;0
09.01.2024;06:20;A 20;1;1;68;2;66;6;23;4;5;1;75;2;7;1;1;2;2;1;31;4;14;6;6;1;36;0;0;0;0;3;68;6;75;2;57;8;48;3;4;6;7;1;87;0;0;2;2;1;1;3;18;2;13;2;14;0;0;1;9;0;0;2;3;2;3;0;0;0;0;0;0;0;0;0;0;0;0;0;0;0;0;0;0;0;0;0;0;0;0;0;0;0;0;0;0
09.01.2024;06:19;A 20;1;0;22;2;5;0;0;1;0;0;0;1;0;1;0;0;0;1;44;3;5;1;1;0;0;2;6;1;1;5;63;9;52;1;46;8;46;4;27;6;11;0;73;0;0;0;0;1;1;0;0;1;1;1;55;1;48;3;58;2;14;0;0;1;1;0;0;0;0;0;0;0;0;0;0;0;0;0;0;0;0;0;0;0;0;0;0;0;0;0;0;0;0;0;0
09.01.2024;06:18;A 20;1;2;88;2;8;2;2;1;1;0;0;4;4;0;0;0;0;5;57;0;67;4;4;3;77;4;22;2;2;2;68;3;63;1;81;4;77;2;5;6;11;2;37;0;0;2;2;2;2;0;25;0;0;1;51;1;50;0;49;0;55;2;2;2;2;0;0;0;0;0;0;0;0;0;0;0;0;0;0;0;0;0;0;0;0;0;0;0;0;0;0;0;0;0;0
09.01.2024;06:17;A 20;1;0;60;0;63;1;1;3;4;0;0;1;2;0;0;0;0;10;19;2;47;6;7;0;25;0;0;1;0;7;66;5;62;5;80;6;71;6;9;5;4;1;5;0;0;1;1;1;1;1;81;2;5;1;69;2;50;1;80;2;40;1;2;3;4;0;0;0;0;0;0;0;0;0;0;0;0;0;0;0;0;0;0;0;0;0;0;0;0;0;0;0;0;0;0
09.01.2024;06:16;A 20;1;2;38;1;20;2;3;0;0;0;0;0;0;0;0;0;0;3;78;1;98;11;14;1;64;2;6;1;0;5;32;1;49;3;42;4;22;3;22;2;2;4;60;0;0;4;7;6;6;1;30;1;6;2;26;1;38;1;38;3;48;1;0;1;1;0;0;0;0;0;0;0;0;0;0;0;0;0;0;0;0;0;0;0;0;0;0;0;0;0;0;0;0;0;0
09.01.2024;06:15;A 20;1;1;62;1;47;3;7;1;7;0;0;2;4;0;0;0;0;9;42;6;41;9;9;4;82;1;86;2;2;2;66;1;56;2;73;3;4;5;34;1;1;1;58;0;0;1;1;1;0;1;1;1;2;1;39;0;38;0;40;0;38;4;7;1;1;0;0;0;0;0;0;0;0;0;0;0;0;0;0;0;0;0;0;0;0;0;0;0;0;0;0;0;0;0;0
09.01.2024;06:14;A 20;1;1;10;0;78;1;1;1;2;0;0;0;0;0;0;0;0;10;8;5;33;10;11;2;58;3;54;3;3;6;80;3;72;2;87;0;79;5;20;2;3;0;0;0;0;0;0;0;0;0;0;0;0;1;12;1;7;3;13;1;12;4;6;0;0;1;1;0;0;0;0;0;0;1;1;0;0;0;0;0;0;0;0;0;0;0;0;0;0;0;0;0;0;0;0
09.01.2024;06:13;A 20;1;3;28;6;43;3;3;5;4;0;0;4;3;0;0;1;0;1;3;3;10;2;2;1;83;4;24;1;1;7;63;4;57;5;52;6;47;4;30;3;3;1;20;0;0;1;1;1;1;0;0;0;0;3;35;0;0;2;37;0;0;2;4;1;1;0;0;0;0;1;1;0;0;0;0;0;0;1;1;0;0;0;0;0;0;0;0;0;0;0;0;0;0;0;0
09.01.2024;06:12;A 20;1;0;0;2;3;0;0;1;0;0;0;1;1;0;0;0;0;2;13;4;13;2;2;1;26;2;6;2;2;3;51;2;45;3;74;5;36;7;20;3;4;2;18;0;0;1;0;1;1;2;11;3;20;2;2;1;0;1;10;1;3;3;5;1;2;0;0;0;0;0;0;0;0;0;0;0;0;0;0;0;0;0;0;0;0;0;0;0;0;0;0;0;0;0;0
09.01.2024;06:11;A 20;1;2;67;0;0;3;3;0;0;0;0;0;0;0;0;0;0;6;6;3;24;6;6;1;42;1;8;1;0;4;84;4;70;0;92;7;65;3;25;5;7;1;94;0;0;1;1;1;1;0;0;0;0;1;1;1;1;1;5;1;3;3;4;3;3;0;0;0;0;0;0;0;0;0;0;0;0;0;0;0;0;0;0;0;0;0;0;0;0;0;0;0;0;0;0
09.01.2024;06:10;A 20;1;2;25;2;43;2;2;3;3;0;0;1;0;0;0;0;0;1;75;1;7;1;0;1;64;2;6;1;1;7;63;5;35;6;69;4;44;6;28;2;3;0;73;0;0;1;0;1;1;0;0;0;0;2;58;2;65;2;11;2;8;4;6;2;2;0;0;0;0;0;0;0;0;1;1;0;0;0;0;0;0;0;0;0;0;0;0;0;0;0;0;0;0;0;0
09.01.2024;06:09;A 20;1;0;0;0;0;0;0;0;0;0;0;0;0;0;0;0;0;4;81;5;15;2;2;0;0;0;0;0;0;5;38;7;29;7;49;11;38;6;8;11;10;2;24;0;0;2;2;1;1;0;0;0;0;0;0;1;52;1;0;1;7;0;0;2;2;0;0;0;0;0;0;0;0;0;0;0;0;0;0;0;0;0;0;0;0;0;0;0;0;0;0;0;0;0;0
09.01.2024;06:08;A 20;1;1;23;1;10;1;1;1;1;0;0;0;0;0;0;0;0;5;36;1;52;2;2;1;70;0;69;0;0;2;67;2;44;2;38;4;24;3;4;3;3;0;1;0;0;0;0;1;1;0;0;0;0;2;32;1;0;2;36;3;3;3;4;1;1;0;0;0;0;0;0;0;0;0;0;0;0;0;0;0;0;0;0;0;0;0;0;0;0;0;0;0;0;0;0
09.01.2024;06:07;A 20;1;2;83;1;77;3;4;2;1;0;0;2;0;0;0;0;0;1;23;1;31;6;6;2;60;2;45;2;2;3;70;2;68;3;71;0;70;3;7;1;1;1;63;0;0;1;1;1;1;1;1;1;3;1;38;0;0;1;44;0;0;3;4;2;2;0;0;0;0;0;0;0;0;0;0;0;0;0;0;0;0;0;0;0;0;0;0;0;0;0;0;0;0;0;0
09.01.2024;06:06;A 20;1;1;20;3;41;2;3;3;3;2;21;3;13;2;2;2;2;2;61;3;23;2;2;1;26;1;36;2;2;3;37;2;27;5;36;6;12;2;3;3;4;1;1;0;0;1;1;1;1;1;1;1;3;2;26;1;27;1;31;2;11;0;0;2;4;0;0;0;0;0;0;0;0;0;0;0;0;0;0;0;0;0;0;0;0;0;0;0;0;0;0;0;0;0;0
09.01.2024;06:05;A 20;1;1;11;0;0;1;1;0;0;0;0;0;0;0;0;0;0;6;60;1;73;6;6;2;48;2;56;2;2;1;31;1;28;3;27;1;7;2;2;1;1;1;22;0;0;0;0;0;0;0;0;0;0;0;52;0;0;0;0;0;0;1;1;0;0;0;0;0;0;0;0;0;0;0;0;0;0;0;0;0;0;0;0;0;0;0;0;0;0;0;0;0;0;0;0
09.01.2024;06:04;A 20;1;1;5;2;13;0;0;2;2;0;0;2;1;0;0;0;0;6;43;3;68;3;2;1;53;1;53;0;0;4;67;5;85;5;27;7;65;4;6;5;7;0;0;0;0;1;1;1;1;0;0;0;0;3;54;2;16;1;25;0;18;2;5;3;5;0;0;0;0;0;0;0;0;0;0;0;0;0;0;0;0;0;0;0;0;0;0;0;0;0;0;0;0;0;0
09.01.2024;06:03;A 20;1;0;0;1;7;0;0;0;0;1;61;1;4;1;1;1;1;1;11;2;18;5;5;4;78;25;83;3;5;2;51;3;25;0;52;4;53;1;3;1;1;1;82;0;0;0;0;0;0;1;79;1;88;1;2;1;91;1;11;2;97;2;3;1;2;0;0;0;0;0;0;0;0;1;1;0;0;0;0;0;0;0;0;0;0;0;0;0;0;0;0;0;0;0;0
09.01.2024;06:02;A 20;1;0;0;0;0;0;0;0;0;0;0;0;0;0;0;0;0;7;76;6;47;6;7;1;91;0;100;1;0;5;51;4;8;6;58;7;23;6;6;2;2;2;77;0;0;2;1;2;2;0;0;0;0;2;64;1;65;3;49;3;73;3;4;0;0;0;0;0;0;0;0;0;0;0;0;0;0;0;0;0;0;0;0;0;0;0;0;0;0;0;0;0;0;0;0
09.01.2024;06:01;A 20;1;1;13;0;0;1;1;0;0;0;0;1;2;0;0;0;0;6;42;9;68;7;8;1;1;2;15;3;3;3;51;3;12;3;10;5;23;2;1;3;3;2;17;0;0;3;3;3;3;0;0;0;0;0;0;0;0;0;0;1;1;1;1;0;0;0;0;0;0;0;0;0;0;0;0;0;0;0;0;0;0;0;0;0;0;0;0;0;0;0;0;0;0;0;0
09.01.2024;06:00;A 20;1;2;11;1;8;1;1;1;0;0;0;2;2;0;0;0;0;1;38;2;26;0;0;1;64;2;6;0;0;1;6;2;79;1;24;2;85;2;3;4;6;2;10;0;0;0;0;0;0;0;0;0;0;1;37;0;36;0;36;0;0;3;4;1;1;0;0;0;0;0;0;0;0;0;0;0;0;0;0;0;0;0;0;0;0;0;0;0;0;0;0;0;0;0;0
09.01.2024;05:59;A 20;1;2;52;1;8;3;3;1;1;0;0;2;1;0;0;1;0;7;37;4;32;3;3;0;42;1;0;1;0;3;69;5;71;1;74;5;35;2;2;5;6;1;57;0;0;3;4;3;4;2;9;1;12;2;49;1;14;3;25;1;11;4;4;1;0;0;0;0;0;0;0;0;0;0;0;0;0;0;0;0;0;0;0;0;0;0;0;0;0;0;0;0;0;0;0
09.01.2024;05:58;A 20;1;0;45;1;8;0;0;0;0;1;1;1;3;1;0;1;1;2;18;2;30;6;6;3;28;6;20;3;4;6;58;7;60;3;69;2;64;5;26;5;11;0;78;0;0;0;0;0;0;0;0;1;6;1;61;1;87;2;71;4;14;3;6;0;0;0;0;0;0;0;0;0;0;1;1;0;0;0;0;0;0;0;0;0;0;0;0;0;0;0;0;0;0;0;0
09.01.2024;05:57;A 20;1;3;51;0;0;4;4;0;0;0;41;3;5;0;0;0;0;4;76;1;29;6;7;1;41;6;10;2;2;4;48;6;60;4;62;9;48;5;8;6;7;1;59;0;0;1;1;1;1;0;0;0;0;1;16;1;0;2;25;2;11;6;8;2;3;0;0;0;0;1;1;0;0;0;0;0;0;0;0;0;0;0;0;0;0;0;0;0;0;0;0;0;0;0;0
09.01.2024;05:56;A 20;1;0;0;1;8;0;0;0;0;1;75;1;1;1;0;1;1;7;55;1;72;6;7;1;54;1;7;1;1;2;64;2;1;3;72;3;4;4;5;2;2;1;25;0;0;1;0;1;1;0;0;0;0;3;50;0;0;0;55;0;0;5;8;2;2;0;0;0;0;0;0;0;0;0;0;0;0;0;0;0;0;0;0;0;0;0;0;0;0;0;0;0;0;0;0
09.01.2024;05:55;A 20;1;2;20;1;2;2;2;0;0;0;0;0;0;0;0;0;0;8;57;3;96;9;13;0;59;8;50;0;0;6;31;3;54;4;45;6;31;6;9;4;4;0;0;0;0;0;0;0;0;0;0;0;0;3;54;2;14;4;21;2;3;3;4;1;1;0;0;0;0;0;0;0;0;0;0;0;0;0;0;0;0;0;0;0;0;0;0;0;0;0;0;0;0;0;0
09.01.2024;05:54;A 20;1;3;27;2;11;2;2;2;1;0;0;0;0;0;0;0;0;1;6;1;7;5;5;2;50;1;53;1;1;8;52;8;52;7;59;4;59;6;7;6;12;0;0;0;0;0;0;0;0;2;32;3;29;0;0;1;19;0;0;3;8;5;5;0;0;0;0;0;0;0;0;0;0;0;0;0;0;0;0;0;0;0;0;0;0;0;0;0;0;0;0;0;0;0;0
09.01.2024;05:53;A 20;1;0;10;2;13;0;0;0;0;2;43;4;19;2;2;2;2;4;38;5;34;4;4;2;31;4;16;2;2;2;46;3;34;5;36;2;50;3;4;3;5;2;41;0;0;0;0;0;0;2;18;3;21;1;47;0;0;3;7;0;0;1;0;1;1;0;0;0;0;0;0;0;0;0;0;0;0;0;0;0;0;0;0;0;0;0;0;0;0;0;0;0;0;0;0
09.01.2024;05:52;A 20;1;2;63;2;19;3;4;1;1;1;79;2;8;1;1;2;1;6;47;2;57;1;1;1;65;1;7;0;0;0;0;1;40;1;2;5;27;1;1;3;4;4;33;0;0;3;5;3;4;0;11;0;0;2;46;2;43;0;48;0;46;2;3;3;4;0;0;0;0;0;0;0;0;0;0;0;0;0;0;0;0;0;0;0;0;0;0;0;0;0;0;0;0;0;0
09.01.2024;05:51;A 20;1;4;34;1;3;2;7;2;4;0;0;0;0;0;0;0;0;5;36;4;28;8;8;2;4;1;9;2;2;4;75;10;12;4;83;8;86;4;5;9;40;0;100;0;0;3;5;3;4;1;61;1;5;1;51;2;11;2;18;1;13;2;2;1;1;0;0;0;0;0;0;0;0;0;0;0;0;0;0;0;0;0;0;0;0;0;0;0;0;0;0;0;0;0;0
09.01.2024;05:50;A 20;1;0;31;2;20;0;0;0;0;3;51;4;11;3;3;3;4;4;23;2;47;7;7;0;3;0;0;0;0;3;57;2;4;6;68;7;17;3;3;3;3;4;64;0;0;3;2;3;3;0;0;0;0;1;44;2;31;1;5;2;7;1;1;2;2;0;0;0;0;0;0;0;0;0;0;0;0;0;0;0;0;0;0;0;0;0;0;0;0;0;0;0;0;0;0
09.01.2024;05:49;A 20;1;2;30;1;15;2;3;2;2;0;0;3;3;0;0;0;0;5;41;2;25;5;8;1;37;1;12;1;1;2;14;0;0;5;15;3;6;3;4;0;0;2;15;0;0;2;2;2;2;1;2;2;8;3;16;2;2;3;19;1;7;5;7;2;3;0;0;0;0;0;0;0;0;0;0;0;0;0;0;0;0;0;0;0;0;0;0;0;0;0;0;0;0;0;0
09.01.2024;05:48;A 20;1;0;0;1;7;0;0;0;0;0;0;1;0;0;0;0;0;2;42;1;20;2;1;0;0;0;0;0;0;2;74;2;91;3;14;3;67;2;2;2;3;3;11;0;0;1;0;1;1;2;18;2;22;5;5;1;41;3;25;1;43;6;8;2;2;0;0;0;0;0;0;0;0;0;0;0;0;0;0;0;0;0;0;0;0;0;0;0;0;0;0;0;0;0;0
09.01.2024;05:47;A 20;1;2;25;2;9;4;2;2;1;0;0;5;5;0;0;0;0;4;7;3;16;1;2;1;13;2;6;1;1;5;71;4;68;7;72;4;84;5;6;3;4;1;41;0;0;4;5;4;4;1;67;2;21;1;5;1;23;0;8;2;27;3;5;1;1;0;0;0;0;0;0;0;0;0;0;0;0;0;0;0;0;0;0;0;0;0;0;0;0;0;0;0;0;0;0
09.01.2024;05:46;A 20;1;3;28;3;29;2;3;2;3;0;0;4;4;0;0;0;0;1;30;3;19;4;3;0;11;0;0;0;0;3;53;1;56;2;51;5;13;1;1;2;2;2;25;0;0;2;2;2;1;0;0;0;0;1;85;0;0;2;85;0;0;4;6;2;3;0;0;0;0;0;0;0;0;0;0;0;0;0;0;0;0;0;0;0;0;0;0;0;0;0;0;0;0;0;0
09.01.2024;05:45;A 20;1;0;0;0;0;0;0;0;0;0;0;0;0;0;0;0;0;4;63;5;45;3;3;1;91;1;6;0;0;3;10;4;28;4;23;6;11;4;6;2;2;0;0;0;0;0;0;0;0;0;55;0;54;1;76;2;50;1;76;1;60;0;0;0;0;0;0;0;0;0;0;0;0;0;0;0;0;0;0;0;0;0;0;0;0;0;0;0;0;0;0;0;0;0;0
09.01.2024;05:44;A 20;1;2;17;0;0;1;1;0;0;0;0;0;0;0;0;0;0;10;61;2;42;9;13;3;28;4;18;3;4;4;51;3;3;7;14;4;16;4;4;3;2;3;31;0;0;1;1;1;1;1;17;1;23;1;0;0;0;1;11;0;0;1;1;1;1;0;0;0;0;0;0;0;0;0;0;0;0;0;0;0;0;0;0;0;0;0;0;0;0;0;0;0;0;0;0
09.01.2024;05:43;A 20;1;0;0;0;0;0;0;0;0;0;0;0;0;0;0;0;0;3;15;4;25;2;2;2;61;4;24;1;1;2;36;2;3;5;28;5;42;3;5;4;7;1;78;0;0;3;3;3;3;0;0;0;0;2;24;0;20;1;26;1;18;3;4;1;1;0;0;0;0;0;0;0;0;0;0;0;0;0;0;0;0;0;0;0;0;0;0;0;0;0;0;0;0;0;0
09.01.2024;05:42;A 20;1;1;15;1;10;2;1;1;0;0;0;1;1;0;0;0;0;3;14;0;17;1;1;1;45;2;5;2;1;2;18;2;9;2;7;4;7;2;1;2;1;1;2;0;0;1;0;1;1;1;1;2;3;1;32;1;54;2;29;5;12;0;0;0;0;0;0;0;0;0;0;0;0;0;0;0;0;0;0;0;0;0;0;0;0;0;0;0;0;0;0;0;0;0;0
09.01.2024;05:41;A 20;1;0;0;0;0;0;0;0;0;0;0;0;0;0;0;0;0;5;43;4;36;3;3;2;18;4;6;2;2;2;37;7;47;2;11;9;59;2;2;6;9;1;1;0;0;1;0;1;1;1;2;0;4;0;0;0;0;0;0;0;0;1;1;0;0;0;0;0;0;0;0;0;0;0;0;0;0;0;0;0;0;0;0;0;0;0;0;0;0;0;0;0;0;0;0
09.01.2024;05:40;A 20;1;2;53;0;0;2;4;0;0;0;0;0;0;0;0;0;0;1;36;3;38;5;5;1;15;1;6;1;1;4;54;6;10;6;31;5;20;5;6;6;5;2;33;0;0;2;2;2;2;0;0;1;2;0;3;2;7;0;0;0;7;3;4;2;2;0;0;0;0;0;0;0;0;0;0;0;0;0;0;0;0;0;0;0;0;0;0;0;0;0;0;0;0;0;0
09.01.2024;05:39;A 20;1;2;15;1;8;2;1;1;1;0;0;1;1;0;0;0;0;2;37;1;10;1;1;0;0;0;0;0;0;7;56;2;30;3;54;4;8;5;7;2;1;2;72;0;0;2;3;2;3;1;57;1;8;1;74;1;57;1;5;3;50;2;3;3;4;0;0;0;0;2;3;0;0;0;0;0;0;0;0;0;0;0;0;0;0;0;0;0;0;0;0;0;0;0;0
09.01.2024;05:38;A 20;1;0;0;1;6;0;0;0;0;1;13;1;0;1;0;1;1;8;80;0;100;4;4;1;0;1;2;0;0;6;72;6;60;5;62;9;46;5;14;5;7;2;73;0;0;1;1;1;1;1;39;2;3;0;0;0;0;0;0;0;0;3;5;1;2;0;0;0;0;0;0;0;0;0;0;0;0;0;0;0;0;0;0;0;0;0;0;0;0;0;0;0;0;0;0
09.01.2024;05:37;A 20;1;1;11;0;0;1;1;0;0;0;25;0;0;0;0;1;0;1;64;1;68;6;6;4;3;3;3;2;2;2;45;4;49;4;50;5;21;4;7;3;3;3;38;0;0;3;5;3;4;0;0;0;0;0;0;2;2;0;0;0;0;1;4;0;0;0;0;0;0;0;0;0;0;0;0;0;0;0;0;0;0;0;0;0;0;0;0;0;0;0;0;0;0;0;0
09.01.2024;05:36;A 20;1;1;44;1;8;2;2;0;0;1;28;2;4;1;1;1;1;5;14;5;35;4;4;1;34;2;3;1;1;3;8;3;7;2;96;5;56;4;41;5;15;1;2;0;0;1;1;1;1;0;0;0;0;0;0;0;0;0;0;0;0;3;4;1;1;0;0;0;0;0;0;0;0;1;3;0;0;0;0;0;0;0;0;0;0;0;0;0;0;0;0;0;0;0;0
09.01.2024;05:35;A 20;1;1;13;1;9;1;1;0;0;1;7;2;4;1;1;1;1;1;1;2;6;1;1;1;8;2;4;1;0;4;46;3;66;6;34;4;56;4;5;2;2;0;0;0;0;1;0;1;1;0;0;0;0;0;0;1;0;0;0;0;0;1;1;0;0;0;0;0;0;0;0;0;0;0;0;0;0;0;0;0;0;0;0;0;0;0;0;0;0;0;0;0;0;0;0
09.01.2024;05:34;A 20;1;0;0;1;21;0;0;1;1;1;9;1;6;1;1;1;1;0;0;0;0;0;0;0;25;0;0;0;0;1;8;1;52;1;8;4;5;1;1;2;2;1;89;0;0;1;1;1;1;0;0;0;0;0;0;0;0;0;0;0;0;1;0;1;1;0;0;0;0;0;0;0;0;0;0;0;0;0;0;0;0;0;0;0;0;0;0;0;0;0;0;0;0;0;0
09.01.2024;05:33;A 20;1;0;0;1;15;0;0;1;1;0;0;0;0;0;0;0;0;1;0;3;2;1;1;1;35;1;8;1;1;2;1;2;10;4;6;6;10;2;1;3;2;6;43;0;0;6;7;6;8;0;1;0;0;0;0;2;43;0;0;1;9;0;0;0;0;0;0;0;0;0;0;0;0;0;0;0;0;0;0;0;0;0;0;0;0;0;0;0;0;0;0;0;0;0;0
09.01.2024;05:32;A 20;1;3;24;3;16;2;2;2;2;0;95;0;0;0;0;0;0;3;3;0;8;0;0;0;0;0;0;0;0;2;53;2;52;4;49;5;16;1;2;1;2;1;60;0;0;2;4;2;3;2;63;3;7;0;0;3;0;0;0;0;0;2;2;1;1;0;0;0;0;0;0;0;0;0;0;0;0;0;0;0;0;0;0;0;0;0;0;0;0;0;0;0;0;0;0
09.01.2024;05:31;A 20;1;1;13;1;8;1;1;0;0;1;6;2;1;1;0;1;1;2;39;2;32;5;4;2;2;0;0;0;0;0;31;3;33;1;1;2;37;1;0;3;3;1;49;0;0;1;1;0;0;0;0;0;0;0;0;1;46;0;0;1;52;1;2;0;0;0;0;0;0;1;1;0;0;0;0;0;0;0;0;0;0;0;0;0;0;0;0;0;0;0;0;0;0;0;0
09.01.2024;05:30;A 20;1;1;26;1;17;2;2;2;3;0;0;1;1;0;0;0;0;3;36;2;47;3;3;0;3;0;0;0;0;3;59;6;64;2;13;3;48;1;1;3;38;0;63;0;0;0;0;1;1;1;5;2;7;0;0;0;0;0;0;0;0;2;3;0;0;0;0;0;0;0;0;0;0;0;0;0;0;0;0;0;0;0;0;0;0;0;0;0;0;0;0;0;0;0;0
09.01.2024;05:29;A 20;1;1;2;1;14;0;0;0;0;2;42;0;44;1;1;1;1;2;13;1;28;2;2;1;54;2;6;1;1;1;56;3;49;6;34;4;51;3;4;6;11;2;51;0;0;1;1;1;1;1;1;1;4;3;27;3;65;5;23;2;72;4;7;4;5;0;0;0;0;0;0;0;0;0;0;0;0;0;0;0;0;0;0;0;0;0;0;0;0;0;0;0;0;0;0
09.01.2024;05:28;A 20;1;1;13;4;21;1;1;0;0;2;36;3;26;3;3;3;4;0;0;0;0;0;0;0;0;0;0;0;0;2;31;8;64;2;13;7;22;2;2;3;3;3;33;0;0;4;4;3;3;1;8;0;9;1;3;1;0;1;8;0;0;3;5;1;1;0;0;0;0;0;0;0;0;0;0;0;0;0;0;0;0;0;0;0;0;0;0;0;0;0;0;0;0;0;0
09.01.2024;05:27;A 20;1;2;47;1;16;2;2;1;1;0;0;0;0;0;0;0;0;2;25;0;28;0;0;1;1;1;4;1;1;4;57;5;38;5;26;4;52;4;4;5;6;0;0;0;0;0;0;1;1;2;22;4;28;0;0;0;0;0;0;0;0;1;1;0;0;0;0;0;0;0;0;0;0;0;0;0;0;0;0;0;0;0;0;0;0;0;0;0;0;0;0;0;0;0;0
09.01.2024;05:26;A 20;1;0;0;0;0;0;0;0;0;0;0;0;0;0;0;0;0;2;16;3;31;4;5;0;0;0;0;0;0;3;42;1;38;6;28;2;3;2;3;1;1;0;0;0;0;0;0;0;0;1;4;1;10;1;19;0;0;1;3;0;0;2;2;1;1;0;0;0;0;0;0;0;0;0;0;0;0;1;1;0;0;0;0;0;0;0;0;0;0;0;0;0;0;0;0
09.01.2024;05:25;A 20;1;0;0;0;0;0;0;0;0;0;0;0;0;0;0;0;0;3;3;2;7;2;2;0;0;0;0;0;0;3;63;2;3;3;35;4;7;4;4;2;1;1;37;0;0;1;1;1;1;0;0;0;0;1;37;0;12;2;6;0;13;1;1;0;0;1;1;0;0;0;0;0;0;0;0;0;0;0;0;0;0;0;0;0;0;0;0;0;0;0;0;0;0;0;0
09.01.2024;05:24;A 20;1;1;37;1;16;1;2;1;1;0;0;3;3;0;0;0;0;6;10;0;20;1;0;2;3;0;0;0;0;5;51;3;19;8;55;7;16;5;9;3;3;3;82;0;0;2;3;2;2;1;63;1;68;0;0;1;88;0;0;1;93;0;0;1;1;0;0;0;0;0;0;0;0;0;0;0;0;0;0;0;0;0;0;0;0;0;0;0;0;0;0;0;0;0;0
09.01.2024;05:23;A 20;1;3;28;1;8;2;2;0;0;1;42;2;11;1;2;1;2;3;65;3;76;8;9;0;0;0;0;0;0;1;28;0;0;2;3;1;3;1;0;0;0;0;0;0;0;1;1;1;1;0;0;0;0;0;0;0;0;0;0;0;0;1;2;0;0;0;0;0;0;1;1;0;0;0;0;0;0;0;0;0;0;0;0;0;0;0;0;0;0;0;0;0;0;0;0
09.01.2024;05:22;A 20;1;1;6;0;0;1;1;0;0;0;0;0;0;0;0;0;0;4;66;1;75;4;4;1;63;1;6;1;1;2;19;3;2;4;10;4;8;2;2;3;2;1;19;0;0;1;1;1;1;1;44;1;52;0;0;0;0;0;0;0;0;1;1;0;0;0;0;0;0;0;0;0;0;0;0;0;0;0;0;0;0;0;0;0;0;0;0;0;0;0;0;0;0;0;0
09.01.2024;05:21;A 20;1;0;0;1;11;0;0;0;0;1;12;3;4;1;1;1;1;0;0;0;0;0;0;0;0;0;0;0;0;1;1;1;0;2;5;2;1;1;1;1;1;0;23;0;0;0;0;0;0;0;0;0;0;0;0;0;0;0;0;0;0;0;0;0;0;0;0;0;0;0;0;0;0;0;0;0;0;0;0;0;0;0;0;0;0;0;0;0;0;0;0;0;0;0;0
09.01.2024;05:20;A 20;1;0;0;0;0;0;0;0;0;0;0;0;0;0;0;0;0;5;34;0;44;2;4;2;5;4;8;1;1;0;0;1;64;1;1;3;6;0;0;1;1;1;19;0;0;1;1;1;0;0;0;0;0;0;23;1;1;0;0;0;0;1;1;0;0;0;0;0;0;0;0;0;0;0;0;0;0;0;0;0;0;0;0;0;0;0;0;0;0;0;0;0;0;0;0
09.01.2024;05:19;A 20;1;0;0;0;0;0;0;0;0;0;0;0;0;0;0;0;0;1;13;4;22;4;5;2;21;1;17;1;1;3;65;1;9;5;11;3;4;3;3;1;1;0;96;0;0;0;0;0;0;0;0;0;0;2;53;0;0;1;13;0;0;3;4;1;1;0;0;0;0;0;0;0;0;0;0;0;0;0;0;0;0;0;0;0;0;0;0;0;0;0;0;0;0;0;0
09.01.2024;05:18;A 20;1;1;20;0;0;1;1;0;0;0;0;0;0;1;0;1;0;2;59;4;29;3;3;1;64;3;39;2;2;3;18;1;23;3;23;3;5;3;4;1;1;2;42;0;0;2;2;2;2;0;0;0;0;1;87;1;70;2;11;1;76;1;1;0;0;0;0;0;0;0;0;0;0;0;0;0;0;1;1;0;0;0;0;0;0;0;0;0;0;0;0;0;0;0;0
09.01.2024;05:17;A 20;1;1;1;0;0;0;0;0;0;0;0;0;0;0;0;0;0;1;45;3;5;1;1;0;0;0;0;0;0;2;30;1;49;2;33;2;3;3;4;1;1;1;58;0;0;0;0;0;0;0;0;0;0;1;25;0;0;1;9;0;0;1;1;0;0;0;0;0;0;0;0;0;0;0;0;0;0;0;0;0;0;0;0;0;0;0;0;0;0;0;0;0;0;0;0
09.01.2024;05:16;A 20;1;0;0;0;0;0;0;0;0;0;0;0;0;0;0;0;0;1;30;1;39;2;2;1;93;0;1;0;0;2;19;1;39;2;36;8;18;2;6;2;2;2;31;0;0;3;4;3;4;0;27;0;28;2;48;3;26;3;24;1;28;2;2;2;2;0;0;0;0;0;0;0;0;0;0;0;0;0;0;0;0;0;0;0;0;0;0;0;0;0;0;0;0;0;0
09.01.2024;05:15;A 20;1;0;0;0;0;0;0;0;0;0;0;0;0;0;0;0;0;4;46;1;55;0;0;0;0;1;6;1;1;1;42;0;0;2;8;0;0;1;1;0;0;0;0;0;0;0;0;0;0;1;21;1;30;0;0;0;0;0;0;0;0;1;3;0;0;0;0;0;0;0;0;0;0;0;0;0;0;1;1;0;0;0;0;0;0;0;0;0;0;0;0;0;0;0;0
09.01.2024;05:14;A 20;1;0;41;1;36;1;1;1;1;1;24;2;5;1;1;1;1;1;25;1;33;5;5;0;0;0;0;0;0;2;3;1;0;4;11;2;1;2;2;1;0;0;61;0;0;0;0;1;1;0;1;0;1;0;0;0;0;0;0;0;0;1;2;1;1;0;0;0;0;0;0;0;0;0;0;0;0;0;0;0;0;0;0;0;0;0;0;0;0;0;0;0;0;0;0
09.01.2024;05:13;A 20;1;1;44;1;34;1;6;0;0;0;0;1;1;0;0;0;0;5;40;3;36;5;5;0;0;0;0;0;0;2;16;0;15;3;8;1;3;1;0;0;0;1;10;0;0;1;1;1;1;1;0;1;5;2;14;1;0;1;22;3;18;3;5;0;0;0;0;0;0;0;0;0;0;0;0;0;0;0;0;0;0;0;0;0;0;0;0;0;0;0;0;0;0;0;0
09.01.2024;05:12;A 20;1;0;0;0;0;0;0;0;0;0;0;0;0;0;0;0;0;0;0;0;0;0;0;0;0;0;0;0;0;2;40;1;40;2;24;2;4;2;2;1;1;0;0;0;0;0;0;0;0;0;0;0;0;3;17;0;0;5;31;0;0;0;0;0;0;0;0;0;0;1;1;0;0;0;0;0;0;0;0;0;0;0;0;0;0;0;0;0;0;0;0;0;0;0;0
09.01.2024;05:11;A 20;1;1;13;0;0;1;1;0;0;0;0;0;0;0;0;0;0;3;32;2;32;4;3;0;0;0;0;0;0;2;74;2;2;6;49;3;9;3;3;1;1;0;0;0;0;0;0;0;0;0;0;0;0;1;32;2;2;2;11;0;0;2;1;2;3;0;0;0;0;0;0;0;0;0;0;0;0;0;0;0;0;0;0;0;0;0;0;0;0;0;0;0;0;0;0
09.01.2024;05:10;A 20;1;1;16;1;6;1;1;0;0;1;2;1;4;1;0;1;1;1;30;2;5;2;1;1;9;3;8;2;2;1;27;1;55;2;11;3;8;1;1;2;2;0;0;0;0;0;0;0;0;1;2;1;2;0;29;0;0;0;0;0;0;0;0;0;0;0;0;0;0;0;0;0;0;0;0;0;0;0;0;0;0;0;0;0;0;0;0;0;0;0;0;0;0;0;0
09.01.2024;05:09;A 20;1;1;9;0;0;1;0;0;0;0;0;0;0;0;0;0;0;3;71;3;30;1;1;2;4;0;0;0;0;1;0;0;0;1;5;1;3;1;0;0;0;1;10;0;0;1;1;1;1;1;64;1;5;1;70;2;2;1;9;0;0;1;2;0;0;0;0;0;0;0;0;0;0;0;0;0;0;0;0;0;0;0;0;0;0;0;0;0;0;0;0;0;0;0;0
09.01.2024;05:08;A 20;1;0;0;0;0;0;0;0;0;0;0;0;0;0;0;0;0;1;49;4;56;3;5;2;1;0;0;0;0;3;64;3;26;2;66;4;12;3;6;3;3;0;0;0;0;0;0;0;0;0;0;0;0;0;0;1;1;0;0;0;0;2;3;0;0;0;0;0;0;0;0;0;0;0;0;0;0;0;0;0;0;0;0;0;0;0;0;0;0;0;0;0;0;0;0
09.01.2024;05:07;A 20;1;0;0;0;0;0;0;0;0;0;0;0;0;0;0;0;0;2;47;4;41;2;1;0;0;0;0;0;0;1;11;1;0;4;7;2;1;1;0;1;0;0;9;0;0;0;0;0;0;0;0;0;0;1;40;0;0;2;10;0;0;0;0;0;0;0;0;0;0;0;0;0;0;0;0;0;0;0;0;0;0;0;0;0;0;0;0;0;0;0;0;0;0;0;0
09.01.2024;05:06;A 20;1;0;0;0;0;0;0;0;0;0;0;0;0;0;0;0;0;3;13;2;21;1;1;0;48;0;0;0;0;0;0;2;42;0;0;2;13;0;0;2;3;1;24;0;0;1;1;1;1;0;0;0;0;0;0;2;1;0;0;0;0;0;0;0;0;0;0;0;0;0;0;0;0;0;0;0;0;0;0;0;0;0;0;0;0;0;0;0;0;0;0;0;0;0;0
09.01.2024;05:05;A 20;1;0;0;0;0;0;0;0;0;0;0;0;0;0;0;0;0;1;47;4;38;2;2;1;43;2;5;1;1;0;0;2;1;0;0;3;7;0;0;2;1;1;1;0;0;1;1;1;1;0;0;0;0;0;0;1;0;0;0;0;0;1;1;0;0;0;0;0;0;0;0;0;0;0;0;0;0;0;0;0;0;0;0;0;0;0;0;0;0;0;0;0;0;0;0
09.01.2024;05:04;A 20;1;0;0;0;0;0;0;0;0;0;0;0;0;0;0;0;0;0;0;0;0;0;0;0;0;0;0;0;0;4;3;1;0;5;19;2;1;4;3;1;0;0;0;0;0;0;0;0;0;1;36;1;3;0;0;0;0;0;0;0;0;3;8;1;0;0;0;0;0;0;0;0;0;0;0;0;0;0;0;0;0;0;0;0;0;0;0;0;0;0;0;0;0;0;0
09.01.2024;05:03;A 20;1;0;0;0;0;0;0;0;0;0;0;0;0;0;0;0;0;0;0;0;0;0;0;0;0;0;0;0;0;3;6;0;0;3;12;3;8;2;3;0;0;2;35;0;0;1;1;1;1;1;2;1;9;2;22;0;0;2;7;0;0;1;2;0;0;0;0;0;0;0;0;0;0;0;0;0;0;0;0;0;0;0;0;0;0;0;0;0;0;0;0;0;0;0;0
09.01.2024;05:02;A 20;1;0;0;0;0;0;0;0;0;1;0;0;0;0;0;0;0;1;53;3;5;0;0;0;0;0;0;0;0;2;5;0;0;1;9;1;2;1;1;0;0;0;36;0;0;1;1;1;1;0;0;0;0;0;61;0;0;0;0;0;0;2;2;2;3;0;0;0;0;0;0;0;0;0;0;0;0;0;0;0;0;0;0;0;0;0;0;0;0;0;0;0;0;0;0
09.01.2024;05:01;A 20;1;0;0;0;0;0;0;0;0;0;33;0;0;0;0;0;0;1;62;0;66;1;1;3;3;0;0;0;0;1;66;1;34;3;41;3;8;3;4;1;1;2;39;0;0;1;1;1;1;0;0;0;0;1;28;3;1;1;7;0;0;1;1;0;0;0;0;0;0;0;0;0;0;0;0;0;0;0;0;0;0;0;0;0;0;0;0;0;0;0;0;0;0;0;0
09.01.2024;05:00;A 20;1;0;0;1;10;0;0;0;0;1;3;3;2;1;1;1;1;2;54;3;62;2;1;0;19;0;0;1;0;1;59;0;0;1;8;3;3;1;1;0;0;1;44;0;0;2;5;2;4;0;0;0;0;0;37;0;0;0;0;0;0;0;0;0;0;0;0;0;0;0;0;0;0;0;0;0;0;0;0;0;0;0;0;0;0;0;0;0;0;0;0;0;0;0;0
09.01.2024;04:59;A 20;1;0;0;0;0;0;0;0;0;0;0;0;0;0;0;0;0;1;27;1;35;0;0;1;10;0;0;0;0;1;1;0;0;1;4;0;0;1;0;0;0;0;0;0;0;0;0;0;0;0;0;0;0;1;2;0;0;1;10;0;0;0;0;0;0;0;0;0;0;0;0;0;0;0;0;0;0;0;0;0;0;0;0;0;0;0;0;0;0;0;0;0;0;0;0
09.01.2024;04:58;A 20;1;0;0;0;7;0;0;1;0;0;0;0;0;0;0;0;0;0;2;0;0;0;0;0;0;0;0;0;0;0;0;0;0;1;1;0;0;0;0;0;0;0;0;0;0;0;0;0;0;1;2;1;6;1;5;0;0;2;2;0;0;1;1;0;0;0;0;0;0;0;0;0;0;0;0;0;0;0;0;0;0;0;0;0;0;0;0;0;0;0;0;0;0;0;0
09.01.2024;04:57;A 20;1;1;1;2;7;0;0;1;1;0;0;0;0;0;0;0;0;1;30;3;4;1;1;0;0;0;0;0;0;1;44;3;11;3;14;5;10;1;1;3;3;0;0;0;0;0;0;0;0;0;0;0;0;1;82;0;0;1;7;0;0;0;0;0;0;0;0;0;0;0;0;0;0;0;0;0;0;0;0;0;0;0;0;0;0;0;0;0;0;0;0;0;0;0;0
09.01.2024;04:56;A 20;1;0;0;0;0;0;0;0;0;0;0;0;0;0;0;0;0;2;63;4;10;1;1;0;0;0;0;0;0;2;3;1;0;2;19;1;2;2;3;1;0;0;0;0;0;0;0;0;0;0;0;0;0;0;0;0;0;0;0;0;0;0;0;0;0;0;0;0;0;0;0;0;0;0;0;0;0;0;0;0;0;0;0;0;0;0;0;0;0;0;0;0;0;0;0
09.01.2024;04:55;A 20;1;0;0;0;0;0;0;0;0;0;0;0;0;0;0;0;0;1;58;2;15;2;1;0;22;0;0;0;0;1;48;0;0;0;0;0;0;0;0;0;0;0;0;0;0;0;0;0;0;0;0;0;0;0;0;0;0;0;0;0;0;0;0;0;0;0;0;0;0;0;0;0;0;0;0;0;0;0;0;0;0;0;0;0;0;0;0;0;0;0;0;0;0;0;0
09.01.2024;04:54;A 20;1;1;5;0;0;1;0;0;0;0;0;2;1;0;0;0;0;0;0;0;0;0;0;1;78;2;9;1;0;0;0;0;0;1;7;0;0;1;1;0;0;0;49;0;0;0;0;0;0;1;44;1;53;3;39;0;0;0;0;0;0;0;0;0;0;0;0;0;0;0;0;0;0;0;0;0;0;0;0;0;0;0;0;0;0;0;0;0;0;0;0;0;0;0;0
09.01.2024;04:53;A 20;1;0;0;0;0;0;0;0;0;0;0;0;0;0;0;0;0;0;0;0;0;0;0;1;52;3;7;0;0;0;0;0;0;0;0;2;5;0;0;0;0;1;0;0;0;1;2;1;1;0;0;0;0;0;0;0;0;0;0;0;0;0;0;0;0;0;0;0;0;0;0;0;0;0;0;0;0;1;1;0;0;0;0;0;0;0;0;0;0;0;0;0;0;0;0
09.01.2024;04:52;A 20;1;0;0;0;0;0;0;0;0;0;0;0;0;0;0;0;0;0;0;0;0;0;0;0;0;0;0;1;0;1;1;0;0;0;0;0;0;0;0;0;0;0;0;0;0;0;0;0;0;0;0;0;0;0;0;0;0;0;0;0;0;0;0;0;0;0;0;0;0;0;0;0;0;0;0;0;0;0;0;0;0;0;0;0;0;0;0;0;0;0;0;0;0;0;0
09.01.2024;04:51;A 20;1;0;0;0;0;0;0;0;0;0;0;0;0;0;0;0;0;1;1;2;5;1;1;1;45;0;0;0;0;1;53;1;13;5;17;2;2;3;3;1;1;0;18;0;0;0;0;0;0;0;0;0;0;0;0;0;0;0;0;0;0;0;0;0;0;0;0;0;0;0;0;0;0;0;0;0;0;0;0;0;0;0;0;0;0;0;0;0;0;0;0;0;0;0;0
09.01.2024;04:50;A 20;1;1;8;1;8;1;0;1;1;0;0;0;0;0;0;0;0;0;0;0;0;0;0;0;0;2;7;1;0;1;0;0;0;1;4;1;0;1;0;0;0;1;0;0;0;1;1;1;1;0;0;0;0;0;0;0;0;0;0;0;0;0;0;0;0;0;0;0;0;0;0;0;0;0;0;0;0;0;0;0;0;0;0;0;0;0;0;0;0;0;0;0;0;0;0
09.01.2024;04:49;A 20;1;0;0;0;0;0;0;0;0;0;0;0;0;0;0;0;0;2;65;3;14;1;0;0;0;0;0;0;0;0;0;0;0;0;0;1;1;0;0;0;0;1;48;0;0;0;0;0;0;0;0;0;0;0;0;0;0;0;0;0;0;0;0;0;0;0;0;0;0;0;0;0;0;0;0;0;0;0;0;0;0;0;0;0;0;0;0;0;0;0;0;0;0;0;0
09.01.2024;04:48;A 20;1;0;0;0;0;0;0;0;0;0;0;0;0;0;0;0;0;0;0;0;0;1;0;0;0;0;0;0;0;0;0;0;0;0;0;0;0;0;0;0;0;0;0;0;0;1;0;0;0;1;35;1;7;0;0;0;0;0;0;0;0;0;0;0;0;0;0;0;0;0;0;0;0;0;0;0;0;0;0;0;0;0;0;0;0;0;0;0;0;0;0;0;0;0;0
09.01.2024;04:47;A 20;1;0;0;0;0;0;0;0;0;0;0;0;0;0;0;0;0;0;0;0;0;0;0;0;0;0;0;0;0;0;0;1;0;0;0;1;1;0;0;1;0;0;0;0;0;0;0;0;0;0;0;0;0;0;0;0;0;0;0;0;0;0;0;0;0;0;0;0;0;0;0;0;0;0;0;0;0;0;0;0;0;0;0;0;0;0;0;0;0;0;0;0;0;0;0
09.01.2024;04:46;A 20;1;1;13;2;11;1;3;2;1;0;0;3;3;0;0;0;0;0;0;0;0;0;0;0;0;0;0;0;0;1;0;1;2;1;4;1;2;1;0;0;0;0;0;0;0;0;0;0;0;0;0;0;0;0;0;0;0;0;0;0;0;0;0;0;0;0;0;0;0;0;0;0;0;0;0;0;0;0;0;0;0;0;0;0;0;0;0;0;0;0;0;0;0;0;0
09.01.2024;04:45;A 20;1;0;0;0;0;0;0;0;0;0;0;0;0;0;0;0;0;0;0;0;0;0;0;1;51;2;64;1;1;1;1;1;3;1;3;1;2;1;1;1;1;0;0;0;0;0;0;0;0;0;0;0;0;0;0;0;0;0;0;0;0;0;1;0;0;0;0;0;0;0;0;0;0;0;0;0;0;0;0;0;0;0;0;0;0;0;0;0;0;0;0;0;0;0;0
09.01.2024;04:44;A 20;1;0;0;0;0;0;0;0;0;0;0;0;0;0;0;0;0;0;0;0;0;0;0;0;0;0;0;0;0;1;0;0;4;2;5;2;4;1;0;1;1;0;0;0;0;0;0;0;0;0;0;0;0;1;39;0;0;3;18;0;0;1;0;0;0;0;0;0;0;0;0;0;0;0;0;0;0;0;0;0;0;0;0;0;0;0;0;0;0;0;0;0;0;0;0
09.01.2024;04:43;A 20;1;0;0;0;0;0;0;0;0;0;0;0;0;0;0;0;0;0;0;0;0;0;0;0;0;0;0;0;0;1;0;1;31;2;1;1;4;1;0;1;1;0;0;0;0;0;0;0;0;0;0;0;0;0;0;0;0;0;0;0;0;0;0;0;0;0;0;0;0;0;0;0;0;0;0;0;0;0;0;0;0;0;0;0;0;0;0;0;0;0;0;0;0;0;0
09.01.2024;04:42;A 20;1;0;0;0;0;0;0;0;0;0;0;0;0;0;0;0;0;1;17;1;29;1;1;1;49;1;7;0;0;0;0;1;0;0;0;2;1;0;0;1;0;0;0;0;0;0;0;0;0;0;0;0;0;0;0;2;2;0;0;0;0;0;0;0;0;0;0;0;0;0;0;0;0;0;0;0;0;0;0;0;0;0;0;0;0;0;0;0;0;0;0;0;0;0;0
09.01.2024;04:41;A 20;1;1;13;1;10;1;1;1;1;0;0;1;0;0;0;0;0;1;0;1;6;1;1;0;0;1;3;1;1;0;48;0;0;0;41;0;0;0;0;0;0;0;0;0;0;0;0;0;0;0;0;0;0;0;0;0;0;0;0;0;0;0;0;0;0;0;0;0;0;0;0;0;0;0;0;0;0;0;0;0;0;0;0;0;0;0;0;0;0;0;0;0;0;0;0
09.01.2024;04:40;A 20;1;0;0;0;0;0;0;0;0;0;0;0;0;0;0;0;0;1;36;1;9;1;1;0;0;0;0;0;0;1;22;0;0;1;31;1;3;1;4;3;2;0;0;0;0;0;0;0;0;0;0;0;0;0;0;0;0;0;0;0;0;0;0;0;0;0;0;0;0;0;0;0;0;0;0;0;0;0;0;0;0;0;0;0;0;0;0;0;0;0;0;0;0;0;0
09.01.2024;04:39;A 20;1;1;3;1;6;0;0;1;0;0;0;0;0;0;0;0;0;0;0;0;0;0;0;0;0;0;0;0;0;1;1;0;0;2;6;0;0;1;1;0;0;0;0;0;0;0;0;0;0;0;0;0;0;0;0;0;0;0;0;0;0;1;1;0;0;0;0;0;0;0;0;0;0;0;0;0;0;0;0;0;0;0;0;0;0;0;0;0;0;0;0;0;0;0;0
09.01.2024;04:38;A 20;1;0;0;0;0;0;0;0;0;0;0;0;0;0;0;0;0;0;0;0;0;0;0;0;0;0;0;0;0;0;0;0;0;0;0;0;0;0;0;0;0;0;0;0;0;0;0;0;0;0;0;0;0;0;0;0;0;0;0;0;0;1;2;0;0;0;0;0;0;0;0;0;0;0;0;0;0;0;0;0;0;0;0;0;0;0;0;0;0;0;0;0;0;0;0
09.01.2024;04:37;A 20;1;0;0;0;0;0;0;0;0;0;0;0;0;0;0;0;0;3;46;2;59;3;3;3;3;0;0;0;0;0;0;0;0;0;0;0;0;0;0;0;0;0;0;0;0;0;0;0;0;0;0;0;0;0;0;2;1;0;0;0;0;1;1;0;0;0;0;0;0;0;0;0;0;0;0;0;0;0;0;0;0;0;0;0;0;0;0;0;0;0;0;0;0;0;0
09.01.2024;04:36;A 20;1;1;21;1;7;2;2;0;0;1;29;1;6;1;1;1;1;0;0;0;0;0;0;0;0;0;0;0;0;0;0;0;0;0;0;0;0;0;0;0;0;0;0;0;0;0;0;0;0;0;0;0;0;0;0;0;0;0;0;0;0;0;0;0;0;0;0;0;0;0;0;0;0;0;0;0;0;0;0;0;0;0;0;0;0;0;0;0;0;0;0;0;0;0;0
09.01.2024;04:35;A 20;1;1;2;0;0;0;0;0;0;0;0;0;0;0;0;0;0;0;0;0;0;0;0;0;0;0;0;0;0;2;8;1;1;3;12;2;4;2;1;1;1;0;0;0;0;0;0;0;0;0;0;0;0;0;0;0;0;0;0;0;0;1;2;0;0;0;0;0;0;0;0;0;0;0;0;0;0;0;0;0;0;0;0;0;0;0;0;0;0;0;0;0;0;0;0
09.01.2024;04:34;A 20;1;0;0;1;8;0;0;1;1;0;0;2;1;0;0;0;0;0;0;0;0;0;0;0;0;0;0;0;0;0;0;1;4;0;0;1;2;0;0;1;0;0;0;0;0;0;0;0;0;0;0;0;0;0;0;0;0;0;0;0;0;0;0;0;0;0;0;0;0;0;0;0;0;0;0;0;0;0;0;0;0;0;0;0;0;0;0;0;0;0;0;0;0;0;0
09.01.2024;04:33;A 20;1;0;0;0;0;0;0;0;0;0;0;0;0;0;0;0;0;0;0;0;0;0;0;0;0;0;0;0;0;0;0;1;5;0;0;2;2;0;0;1;1;0;0;0;0;0;0;0;0;0;0;0;0;1;27;0;0;2;3;0;0;0;0;0;0;0;0;0;0;0;0;0;0;0;0;0;0;0;0;0;0;0;0;0;0;0;0;0;0;0;0;0;0;0;0
09.01.2024;04:32;A 20;1;0;0;0;0;0;0;0;0;0;0;0;0;0;0;0;0;0;0;0;0;0;0;0;0;0;0;0;0;0;0;0;0;0;0;0;0;0;0;0;0;0;0;0;0;0;0;0;0;0;0;0;0;0;0;0;0;0;0;0;0;1;1;0;0;0;0;0;0;0;0;0;0;0;0;0;0;0;0;0;0;0;0;0;0;0;0;0;0;0;0;0;0;0;0
09.01.2024;04:31;A 20;1;0;0;0;0;0;0;0;0;0;0;0;0;0;0;0;0;0;0;0;0;0;0;0;0;0;0;0;0;0;0;0;0;0;0;0;0;0;0;0;0;0;0;0;0;0;0;0;0;0;0;0;0;1;87;0;0;0;4;0;0;0;0;0;0;0;0;0;0;0;0;0;0;0;0;0;0;0;0;0;0;0;0;0;0;0;0;0;0;0;0;0;0;0;0
09.01.2024;04:30;A 20;1;1;20;2;3;1;2;0;0;0;0;1;1;0;0;0;0;1;21;2;18;1;2;0;7;0;0;0;0;0;0;0;0;0;0;0;0;0;0;0;0;0;0;0;0;0;0;0;0;0;0;0;0;0;0;0;0;1;3;0;0;3;3;0;0;0;0;0;0;0;0;0;0;0;0;0;0;0;0;0;0;0;0;0;0;0;0;0;0;0;0;0;0;0;0
09.01.2024;04:29;A 20;1;0;0;0;0;0;0;0;0;0;0;0;0;0;0;0;0;1;0;2;4;1;0;1;19;2;6;1;1;0;0;0;0;0;0;0;0;0;0;0;0;0;0;0;0;0;0;0;0;1;2;1;5;0;0;0;0;0;0;0;0;0;0;0;0;0;0;0;0;0;0;0;0;0;0;0;0;0;0;0;0;0;0;0;0;0;0;0;0;0;0;0;0;0;0
09.01.2024;04:28;A 20;1;0;0;0;0;0;0;0;0;0;0;0;0;0;0;0;0;1;66;1;2;1;1;2;31;3;8;2;2;0;0;0;0;0;0;0;0;0;0;0;0;0;0;0;0;0;0;0;0;0;0;0;0;0;0;1;0;0;0;0;0;1;2;0;0;0;0;0;0;0;0;0;0;0;0;0;0;0;0;0;0;0;0;0;0;0;0;0;0;0;0;0;0;0;0
09.01.2024;04:27;A 20;1;2;29;2;3;3;4;0;0;0;0;0;0;0;0;0;0;2;3;3;9;2;2;0;0;0;0;0;0;0;0;0;0;0;0;0;0;0;0;0;0;0;0;0;0;0;0;0;0;0;0;0;0;1;58;0;0;1;8;0;0;1;1;0;0;0;0;0;0;0;0;0;0;0;0;0;0;0;0;0;0;0;0;0;0;0;0;0;0;0;0;0;0;0;0
09.01.2024;04:26;A 20;1;0;0;1;7;0;0;1;0;0;0;2;1;0;0;0;0;0;0;0;0;0;0;0;0;0;0;0;0;1;1;0;0;1;5;0;0;1;1;0;0;0;0;0;0;0;0;0;0;0;0;0;0;0;0;0;0;0;0;0;0;0;0;0;0;0;0;0;0;0;0;0;0;0;0;0;0;0;0;0;0;0;0;0;0;0;0;0;0;0;0;0;0;0;0
09.01.2024;04:25;A 20;1;1;16;0;0;1;1;0;0;0;0;0;0;0;0;0;0;0;0;0;0;0;0;0;0;0;0;0;0;0;0;0;0;1;1;0;0;0;0;0;0;0;0;0;0;0;0;0;0;1;1;2;5;0;0;0;0;0;0;0;0;0;0;0;0;0;0;0;0;0;0;0;0;0;0;0;0;0;0;0;0;0;0;0;0;0;0;0;0;0;0;0;0;0;0
09.01.2024;04:24;A 20;1;0;0;0;0;0;0;0;0;0;0;0;0;0;0;0;0;1;38;3;10;1;1;0;0;0;0;0;0;1;19;1;0;0;3;1;2;0;0;1;0;0;0;0;0;0;0;0;0;0;0;0;0;0;0;0;0;0;0;0;0;1;1;1;1;0;0;0;0;0;0;0;0;0;0;0;0;0;0;0;0;0;0;0;0;0;0;0;0;0;0;0;0;0;0
09.01.2024;04:23;A 20;1;0;0;0;0;0;0;0;0;0;0;0;0;0;0;0;0;0;0;0;0;0;0;0;0;0;0;0;0;2;2;0;0;5;17;0;0;3;3;0;0;0;0;0;0;0;0;0;0;0;0;0;0;2;5;0;0;3;6;0;0;2;3;0;0;0;0;0;0;0;0;0;0;0;0;0;0;0;0;0;0;0;0;0;0;0;0;0;0;0;0;0;0;0;0
09.01.2024;04:22;A 20;1;0;0;1;13;0;0;1;1;0;0;0;0;0;0;0;0;2;2;5;11;2;1;0;0;0;0;0;0;0;0;0;0;0;0;0;0;0;0;0;0;0;0;0;0;0;0;0;0;0;0;0;0;0;10;0;0;0;0;0;0;0;0;0;0;0;0;0;0;0;0;0;0;0;0;0;0;0;0;0;0;0;0;0;0;0;0;0;0;0;0;0;0;0;0
09.01.2024;04:21;A 20;1;0;0;0;0;0;0;0;0;0;0;0;0;0;0;0;0;0;0;0;0;0;0;0;0;0;0;0;0;0;0;0;0;0;0;0;0;0;0;0;0;0;24;0;0;0;0;0;0;0;0;0;0;1;39;0;0;1;13;0;0;0;0;0;0;0;0;0;0;0;0;0;0;0;0;0;0;0;0;0;0;0;0;0;0;0;0;0;0;0;0;0;0;0;0
09.01.2024;04:20;A 20;1;0;0;0;0;0;0;0;0;0;0;0;0;0;0;0;0;1;0;1;6;1;1;0;0;0;0;0;0;1;0;0;0;1;4;1;3;1;0;0;0;1;66;0;0;1;3;1;2;0;0;0;0;0;40;1;2;0;0;2;5;1;1;1;1;0;0;0;0;0;0;0;0;0;0;0;0;0;0;0;0;0;0;0;0;0;0;0;0;0;0;0;0;0;0
09.01.2024;04:19;A 20;1;0;0;0;0;0;0;0;0;0;0;0;0;0;0;0;0;1;25;4;8;0;0;0;0;0;0;0;0;1;21;0;0;1;7;0;0;1;1;0;0;0;0;0;0;0;0;0;0;0;0;0;0;1;40;0;0;2;6;0;0;0;0;0;0;0;0;0;0;0;0;0;0;0;0;0;0;0;0;0;0;0;0;0;0;0;0;0;0;0;0;0;0;0;0
09.01.2024;04:18;A 20;1;1;5;1;5;0;0;1;0;0;0;3;1;0;0;0;0;0;0;0;0;1;1;0;0;0;0;0;0;2;1;0;0;4;10;0;0;2;1;0;0;0;0;0;0;0;0;0;0;0;0;0;0;0;0;0;0;0;0;0;0;1;1;0;0;0;0;0;0;0;0;0;0;0;0;0;0;0;0;0;0;0;0;0;0;0;0;0;0;0;0;0;0;0;0
09.01.2024;04:17;A 20;1;0;0;0;0;0;0;0;0;0;0;1;0;0;0;0;0;0;0;0;0;0;0;0;0;0;0;0;0;1;20;0;0;1;8;4;8;1;3;2;0;1;24;0;0;1;2;1;1;0;0;0;0;1;78;0;0;0;0;0;0;1;1;0;0;0;0;0;0;0;0;0;0;0;0;0;0;0;0;0;0;0;0;0;0;0;0;0;0;0;0;0;0;0;0
09.01.2024;04:16;A 20;1;0;0;0;0;0;0;0;0;1;47;0;0;0;0;0;0;1;26;2;10;1;1;0;0;0;0;0;0;1;23;0;0;1;8;0;0;1;1;0;0;0;0;0;0;0;0;0;0;0;0;0;0;0;0;0;0;1;3;0;0;1;1;0;0;0;0;0;0;0;0;0;0;0;0;0;0;0;0;0;0;0;0;0;0;0;0;0;0;0;0;0;0;0;0
09.01.2024;04:15;A 20;1;0;0;1;14;0;0;0;0;1;29;4;4;1;1;1;1;1;37;1;10;1;1;0;0;0;0;0;0;1;2;0;0;2;3;0;0;1;1;0;0;0;0;0;0;0;0;0;0;0;0;0;0;0;0;0;0;0;0;0;0;0;0;1;1;0;0;0;0;0;0;0;0;0;0;0;0;0;0;0;0;0;0;0;0;0;0;0;0;0;0;0;0;0;0
09.01.2024;04:14;A 20;1;0;0;0;0;0;0;0;0;0;0;0;0;0;0;0;0;0;0;0;0;0;0;0;0;0;0;0;0;0;0;0;0;0;0;0;0;0;0;0;0;0;0;0;0;0;0;0;0;0;45;0;46;0;0;0;0;0;0;0;0;0;0;0;0;0;0;0;0;0;0;0;0;0;0;0;0;0;0;0;0;0;0;0;0;0;0;0;0;0;0;0;0;0;0
09.01.2024;04:13;A 20;1;0;0;0;0;0;0;0;0;0;0;0;0;0;0;0;0;0;0;0;0;0;0;0;0;0;0;0;0;1;1;0;0;1;4;0;0;1;1;0;0;0;0;0;0;0;0;0;0;1;38;1;44;0;0;0;0;0;0;0;0;2;2;2;2;0;0;0;0;0;0;0;0;0;0;0;0;0;0;0;0;0;0;0;0;0;0;0;0;0;0;0;0;0;0
09.01.2024;04:12;A 20;1;0;0;1;8;0;0;0;0;1;21;1;5;1;1;1;1;0;0;0;0;0;0;1;0;0;0;0;0;0;0;0;0;0;0;0;0;0;0;0;0;0;0;0;0;0;0;0;0;0;0;0;0;0;0;0;0;0;0;0;0;1;1;0;0;0;0;0;0;0;0;0;0;0;0;0;0;0;0;0;0;0;0;0;0;0;0;0;0;0;0;0;0;0;0
09.01.2024;04:11;A 20;1;0;0;0;0;0;0;0;0;0;0;0;0;0;0;0;0;0;0;0;0;0;0;0;0;0;0;0;0;0;0;0;0;0;0;0;0;0;0;0;0;0;0;0;0;0;0;0;0;0;0;0;0;1;55;0;0;1;6;0;0;0;0;0;0;0;0;0;0;0;0;0;0;0;0;0;0;0;0;0;0;0;0;0;0;0;0;0;0;0;0;0;0;0;0
09.01.2024;04:10;A 20;1;0;0;0;0;0;0;0;0;0;0;0;0;0;0;0;0;0;0;0;0;0;0;0;0;0;0;0;0;0;0;0;0;0;0;0;0;0;0;0;0;0;0;0;0;0;0;0;0;0;0;0;0;0;0;0;0;0;0;0;0;0;0;0;0;0;0;0;0;0;0;0;0;0;0;0;0;0;0;0;0;0;0;0;0;0;0;0;0;0;0;0;0;0;0
09.01.2024;04:09;A 20;1;1;6;1;19;0;0;1;3;0;0;0;0;0;0;1;1;0;0;0;0;0;0;0;0;0;0;0;0;0;0;0;0;0;0;0;0;0;0;0;0;0;0;0;0;0;0;0;0;0;0;0;0;0;0;0;0;0;0;0;0;0;0;0;0;0;0;0;0;0;0;0;0;0;0;0;0;0;0;0;0;0;0;0;0;0;0;0;0;0;0;0;0;0;0
09.01.2024;04:08;A 20;1;0;0;0;0;0;0;0;0;0;0;0;0;0;0;0;0;0;0;0;0;0;0;0;0;0;0;0;0;1;1;0;0;1;1;0;0;0;0;0;0;0;0;0;0;0;0;0;0;0;0;0;0;0;0;0;0;0;0;0;0;2;1;0;0;0;0;0;0;0;0;0;0;0;0;0;0;0;0;0;0;0;0;0;0;0;0;0;0;0;0;0;0;0;0
09.01.2024;04:07;A 20;1;0;0;2;11;0;0;1;1;0;0;0;0;0;0;1;0;0;0;0;0;0;0;0;0;0;0;0;0;0;0;0;0;1;0;0;0;1;1;0;0;0;0;0;0;0;0;0;0;0;0;0;0;0;0;0;0;0;0;0;0;0;0;0;0;0;0;0;0;0;0;0;0;0;0;0;0;0;0;0;0;0;0;0;0;0;0;0;0;0;0;0;0;0;0
09.01.2024;04:06;A 20;1;1;4;1;9;0;0;1;1;0;0;1;0;0;0;0;0;0;0;0;0;0;0;0;0;0;0;0;0;1;0;0;0;0;0;0;0;0;0;0;0;1;6;0;0;1;1;1;1;0;0;0;0;0;0;0;0;0;0;0;0;0;0;0;0;0;0;0;0;0;0;0;0;0;0;0;0;0;0;0;0;0;0;0;0;0;0;0;0;0;0;0;0;0;0
09.01.2024;04:05;A 20;1;0;0;0;0;0;0;0;0;0;0;0;0;0;0;0;0;0;0;0;0;0;0;0;0;0;0;0;0;0;0;0;0;2;4;0;0;1;0;0;0;0;0;0;0;0;0;0;0;1;1;1;2;0;0;0;0;0;0;0;0;0;0;0;0;0;0;0;0;0;0;0;0;0;0;0;0;0;0;0;0;0;0;0;0;0;0;0;0;0;0;0;0;0;0
09.01.2024;04:04;A 20;1;0;0;0;0;0;0;0;0;0;0;0;0;0;0;0;0;0;0;0;0;0;0;0;0;0;0;0;0;0;0;0;0;0;0;0;0;0;0;0;0;0;0;0;0;0;0;0;0;0;0;0;0;0;0;0;0;0;0;0;0;0;0;0;0;0;0;0;0;0;0;0;0;0;0;0;0;0;0;0;0;0;0;0;0;0;0;0;0;0;0;0;0;0;0
09.01.2024;04:03;A 20;1;0;0;0;0;0;0;0;0;0;0;0;0;0;0;0;0;0;0;0;0;0;0;0;0;0;0;0;0;0;0;0;0;0;0;0;0;0;0;0;0;0;0;0;0;0;0;0;0;0;0;0;0;0;0;0;0;0;0;0;0;0;0;0;0;0;0;0;0;0;0;0;0;0;0;0;0;0;0;0;0;0;0;0;0;0;0;0;0;0;0;0;0;0;0
09.01.2024;04:02;A 20;1;1;12;0;0;1;1;0;0;0;0;0;0;0;0;0;0;0;0;0;0;0;0;0;0;0;0;0;0;0;0;0;0;0;0;0;0;0;0;0;0;0;0;0;0;0;0;0;0;0;0;0;0;0;0;0;0;0;0;0;0;1;1;1;2;0;0;0;0;0;0;0;0;0;0;0;0;0;0;0;0;0;0;0;0;0;0;0;0;0;0;0;0;0;0
09.01.2024;04:01;A 20;1;0;0;0;0;0;0;0;0;0;7;0;0;0;0;0;0;1;37;1;10;1;1;0;0;0;0;0;0;1;1;0;0;2;6;0;0;1;1;0;0;0;0;0;0;0;0;0;0;0;0;0;0;0;0;0;0;0;0;0;0;1;1;0;0;0;0;0;0;0;0;0;0;0;0;0;0;0;0;0;0;0;0;0;0;0;0;0;0;0;0;0;0;0;0
09.01.2024;04:00;A 20;1;0;0;1;10;0;0;0;0;1;24;1;6;1;1;1;1;0;0;0;0;0;0;0;0;0;0;0;0;0;0;0;0;0;0;0;0;0;0;0;0;0;0;0;0;0;0;0;0;0;0;0;0;0;0;0;0;0;0;0;0;1;1;0;0;0;0;0;0;0;0;0;0;0;0;0;0;0;0;0;0;0;0;0;0;0;0;0;0;0;0;0;0;0;0
09.01.2024;03:59;A 20;1;0;0;1;7;0;0;1;1;0;32;0;0;0;0;0;0;0;0;0;0;0;0;0;0;0;0;0;0;0;0;0;0;0;0;0;0;0;0;0;0;0;0;0;0;0;0;0;0;0;41;0;0;1;63;0;0;1;4;0;0;1;0;0;0;0;0;0;0;0;0;0;0;0;0;0;0;0;0;0;0;0;0;0;0;0;0;0;0;0;0;0;0;0;0
09.01.2024;03:58;A 20;1;0;0;1;11;0;0;0;0;1;50;1;5;1;1;1;1;1;26;2;8;1;1;0;0;0;0;0;0;0;0;0;0;0;0;0;0;0;0;0;0;0;0;0;0;0;0;0;0;1;33;1;6;1;59;0;0;1;7;0;0;0;0;0;0;0;0;0;0;0;0;0;0;0;0;0;0;0;0;0;0;0;0;0;0;0;0;0;0;0;0;0;0;0;0
09.01.2024;03:57;A 20;1;0;0;0;0;0;0;0;0;0;0;0;0;0;0;0;0;0;0;0;0;0;0;0;0;0;0;0;0;0;0;0;0;0;0;0;0;0;0;0;0;0;0;0;0;0;0;0;0;0;0;0;0;0;0;0;0;0;0;0;0;0;0;0;0;0;0;0;0;0;0;0;0;0;0;0;0;0;0;0;0;0;0;0;0;0;0;0;0;0;0;0;0;0;0
09.01.2024;03:56;A 20;1;0;0;0;0;0;0;0;0;0;0;0;0;0;0;0;0;0;0;0;0;0;0;0;0;0;0;0;0;0;0;0;0;0;0;0;0;0;0;0;0;0;0;0;0;0;0;0;0;0;0;0;0;0;0;0;0;0;0;0;0;0;0;0;0;0;0;0;0;0;0;0;0;0;0;0;0;0;0;0;0;0;0;0;0;0;0;0;0;0;0;0;0;0;0
09.01.2024;03:55;A 20;1;0;7;0;0;0;0;0;0;0;0;0;0;0;0;0;0;0;0;0;0;0;0;0;0;0;0;0;0;1;1;0;0;2;4;0;0;1;0;0;0;0;0;0;0;0;0;0;0;0;0;0;0;0;0;0;0;0;0;0;0;1;1;0;0;0;0;0;0;0;0;0;0;0;0;0;0;0;0;0;0;0;0;0;0;0;0;0;0;0;0;0;0;0;0
09.01.2024;03:54;A 20;1;1;8;0;0;1;0;0;0;0;0;0;0;0;0;0;0;1;29;1;8;1;1;0;0;0;0;0;0;0;7;0;0;0;0;0;0;0;0;0;0;0;0;0;0;0;0;0;0;0;0;0;0;0;0;0;0;0;0;0;0;0;0;0;0;0;0;0;0;0;0;0;0;0;0;0;0;0;0;0;0;0;0;0;0;0;0;0;0;0;0;0;0;0;0
09.01.2024;03:53;A 20;1;1;10;0;0;1;1;0;0;0;0;0;0;0;0;0;0;0;0;0;0;0;0;0;0;0;0;0;0;1;30;0;0;2;7;2;2;1;1;0;0;1;1;0;0;1;1;1;1;0;0;0;0;0;0;0;0;0;0;0;0;1;0;0;0;0;0;0;0;0;0;0;0;0;0;0;0;0;0;0;0;0;0;0;0;0;0;0;0;0;0;0;0;0;0
09.01.2024;03:52;A 20;1;0;0;0;0;0;0;0;0;0;0;0;0;0;0;0;0;1;43;0;5;0;0;1;84;2;4;1;1;0;0;1;0;0;0;0;0;0;0;0;0;0;0;0;0;0;0;0;0;0;0;0;0;0;47;0;0;0;46;0;0;0;0;0;0;0;0;0;0;0;0;0;0;0;0;0;0;0;0;0;0;0;0;0;0;0;0;0;0;0;0;0;0;0;0
09.01.2024;03:51;A 20;1;0;0;0;0;0;0;0;0;1;16;2;3;0;0;0;0;1;12;2;18;2;2;1;7;2;4;1;0;0;0;0;0;0;0;1;1;0;0;1;0;0;0;0;0;0;0;0;0;0;0;0;0;1;6;0;0;1;10;0;0;0;0;1;1;0;0;0;0;0;0;0;0;0;0;0;0;0;0;0;0;0;0;0;0;0;0;0;0;0;0;0;0;0;0
09.01.2024;03:50;A 20;1;0;0;1;7;0;0;0;0;0;0;1;1;1;1;1;1;1;18;1;13;1;1;0;0;0;0;0;0;0;0;0;0;0;0;0;0;0;0;0;0;0;0;0;0;0;0;0;0;0;0;0;0;0;0;1;0;0;0;0;0;0;0;0;0;0;0;0;0;0;0;0;0;0;0;0;0;0;0;0;0;0;0;0;0;0;0;0;0;0;0;0;0;0;0
09.01.2024;03:49;A 20;1;1;17;0;0;1;1;0;0;0;0;0;0;0;0;0;0;1;21;2;7;0;0;0;0;0;0;0;0;0;0;0;0;0;0;0;0;0;0;0;0;0;0;0;0;0;0;0;0;0;0;0;0;0;28;0;0;0;14;0;0;0;0;0;0;0;0;0;0;0;0;0;0;0;0;0;0;0;0;0;0;0;0;0;0;0;0;0;0;0;0;0;0;0;0
09.01.2024;03:48;A 20;1;0;0;0;0;0;0;0;0;0;0;0;0;0;0;0;0;1;17;2;8;1;1;0;0;0;0;0;0;0;0;0;0;0;0;0;0;0;0;0;0;0;0;0;0;0;0;0;0;0;0;0;0;1;84;0;0;1;90;0;0;0;0;0;0;0;0;0;0;0;0;0;0;0;0;0;0;0;0;0;0;0;0;0;0;0;0;0;0;0;0;0;0;0;0
09.01.2024;03:47;A 20;1;1;20;0;0;1;1;0;0;0;0;0;0;0;0;0;0;0;0;0;0;1;1;0;0;0;0;0;0;0;0;0;0;0;0;0;0;0;0;0;0;0;0;0;0;0;0;0;0;0;0;0;0;0;0;0;0;0;0;0;0;0;0;0;0;0;0;0;0;0;0;0;0;0;0;0;0;0;0;0;0;0;0;0;0;0;0;0;0;0;0;0;0;0;0
09.01.2024;03:46;A 20;1;1;7;1;9;1;0;2;1;0;0;1;0;0;0;0;0;0;17;0;0;0;0;0;0;0;0;0;0;0;0;0;0;0;0;0;0;0;0;0;0;0;0;0;0;0;0;0;0;0;0;0;0;0;0;1;0;0;0;0;0;0;0;0;0;0;0;0;0;0;0;0;0;0;0;0;0;0;0;0;0;0;0;0;0;0;0;0;0;0;0;0;0;0;0
09.01.2024;03:45;A 20;1;0;0;0;0;0;0;0;0;0;0;0;0;0;0;0;0;1;24;3;22;1;1;0;0;0;0;0;0;0;0;0;0;0;0;0;0;0;0;0;0;0;0;0;0;0;0;0;0;0;0;0;0;0;0;2;2;0;0;0;0;0;0;0;0;0;0;0;0;0;0;0;0;0;0;0;0;0;0;0;0;0;0;0;0;0;0;0;0;0;0;0;0;0;0
09.01.2024;03:44;A 20;1;0;0;0;0;0;0;0;0;0;0;0;0;0;0;0;0;1;14;1;24;1;0;1;11;0;0;0;0;0;0;0;0;0;0;0;0;0;0;0;0;0;0;0;0;0;0;0;0;1;20;1;4;0;0;0;0;0;0;0;0;0;0;0;0;0;0;0;0;0;0;0;0;0;0;0;0;0;0;0;0;0;0;0;0;0;0;0;0;0;0;0;0;0;0
09.01.2024;03:43;A 20;1;0;0;0;0;0;0;0;0;0;0;0;0;0;0;0;0;0;0;0;0;0;0;0;0;0;0;0;0;0;0;0;0;0;0;0;0;0;0;0;0;0;0;0;0;0;0;0;0;0;0;0;0;0;0;0;0;0;0;0;0;0;0;0;0;0;0;0;0;0;0;0;0;0;0;0;0;0;0;0;0;0;0;0;0;0;0;0;0;0;0;0;0;0;0
09.01.2024;03:42;A 20;1;0;0;0;0;0;0;0;0;0;0;0;0;0;0;0;0;0;0;0;0;0;0;0;0;0;0;0;0;1;1;0;0;0;1;0;0;0;0;0;0;0;0;0;0;0;0;0;0;0;0;0;0;0;0;0;0;0;0;0;0;1;1;0;0;0;0;0;0;0;0;0;0;0;0;0;0;0;0;0;0;0;0;0;0;0;0;0;0;0;0;0;0;0;0
09.01.2024;03:41;A 20;1;0;0;0;0;0;0;0;0;0;0;0;0;0;0;0;0;0;0;0;0;0;0;0;0;0;0;0;0;0;0;0;0;1;4;0;0;1;0;0;0;0;0;0;0;0;0;0;0;0;0;0;0;0;0;0;0;0;0;0;0;0;0;0;0;0;0;0;0;0;0;0;0;0;0;0;0;0;0;0;0;0;0;0;0;0;0;0;0;0;0;0;0;0;0
09.01.2024;03:40;A 20;1;0;0;0;0;0;0;0;0;0;0;0;0;0;0;0;0;0;0;0;0;0;0;0;0;0;0;0;0;0;0;0;0;0;0;0;0;0;0;0;0;0;0;0;0;0;0;0;0;0;0;0;0;0;0;0;0;0;0;0;0;0;0;0;0;0;0;0;0;0;0;0;0;0;0;0;0;0;0;0;0;0;0;0;0;0;0;0;0;0;0;0;0;0;0
09.01.2024;03:39;A 20;1;0;0;0;0;0;0;0;0;0;0;0;0;0;0;0;0;0;0;0;0;0;0;0;0;0;0;0;0;0;0;0;0;0;0;0;0;0;0;0;0;0;0;0;0;0;0;0;0;0;0;0;0;0;0;0;0;0;0;0;0;0;0;0;0;0;0;0;0;0;0;0;0;0;0;0;0;0;0;0;0;0;0;0;0;0;0;0;0;0;0;0;0;0;0
09.01.2024;03:38;A 20;1;0;0;1;5;0;0;1;0;0;0;1;1;0;0;0;0;0;9;0;0;0;0;0;0;0;0;0;0;0;0;0;0;0;0;0;0;0;0;0;0;0;0;0;0;0;0;0;0;0;0;0;0;0;0;0;0;0;0;0;0;0;0;0;0;0;0;0;0;0;0;0;0;0;0;0;0;0;0;0;0;0;0;0;0;0;0;0;0;0;0;0;0;0;0
09.01.2024;03:37;A 20;1;0;0;0;0;0;0;0;0;0;0;0;0;0;0;0;0;1;8;1;11;1;1;0;0;0;0;0;0;1;4;0;0;1;7;0;0;1;1;0;0;0;0;0;0;0;0;0;0;0;0;0;0;0;9;0;0;0;0;0;0;2;3;0;0;0;0;0;0;0;0;0;0;0;0;0;0;0;0;0;0;0;0;0;0;0;0;0;0;0;0;0;0;0;0
09.01.2024;03:36;A 20;1;0;0;0;0;0;0;0;0;0;0;0;0;0;0;0;0;0;0;0;0;0;0;0;0;0;0;0;0;0;0;0;0;0;0;0;0;0;0;0;0;0;0;0;0;0;0;0;0;0;0;0;0;1;22;0;0;1;6;0;0;0;0;0;0;0;0;0;0;0;0;0;0;0;0;0;0;0;0;0;0;0;0;0;0;0;0;0;0;0;0;0;0;0;0
09.01.2024;03:35;A 20;1;0;0;0;0;0;0;0;0;0;0;0;0;0;0;0;0;1;53;2;6;1;0;0;0;0;0;0;0;0;0;0;0;0;0;0;0;0;0;0;0;0;0;0;0;0;0;0;0;0;0;0;0;0;0;0;0;0;0;0;0;0;0;0;0;0;0;0;0;0;0;0;0;0;0;0;0;0;0;0;0;0;0;0;0;0;0;0;0;0;0;0;0;0;0
09.01.2024;03:34;A 20;1;0;0;0;0;0;0;0;0;0;0;0;0;0;0;0;0;0;44;0;0;0;0;0;0;0;0;0;0;0;0;0;0;0;0;0;0;0;0;0;0;0;0;0;0;0;0;0;0;0;0;0;0;0;0;1;34;0;0;1;7;0;0;1;1;0;0;0;0;0;0;0;0;0;0;0;0;0;0;0;0;0;0;0;0;0;0;0;0;0;0;0;0;0;0
09.01.2024;03:33;A 20;1;0;0;0;0;0;0;0;0;0;0;0;0;0;0;0;0;1;63;1;56;1;1;2;43;0;0;0;0;0;0;0;0;0;0;0;0;0;0;0;0;0;0;0;0;0;0;0;0;0;0;0;0;0;0;2;2;0;0;0;0;1;2;0;0;0;0;0;0;0;0;0;0;0;0;0;0;0;0;0;0;0;0;0;0;0;0;0;0;0;0;0;0;0;0
09.01.2024;03:32;A 20;1;0;0;0;0;0;0;0;0;0;0;0;0;0;0;0;0;2;15;3;21;2;2;1;2;0;0;1;1;0;0;0;0;0;0;0;0;0;0;0;0;0;0;0;0;0;0;0;0;0;0;0;0;0;0;0;0;0;0;0;0;1;3;0;0;0;0;0;0;0;0;0;0;0;0;0;0;0;0;0;0;0;0;0;0;0;0;0;0;0;0;0;0;0;0
09.01.2024;03:31;A 20;1;0;0;0;0;0;0;0;0;0;0;0;0;0;0;0;0;0;0;0;0;0;0;0;0;0;0;0;0;0;0;0;0;0;0;0;0;0;0;0;0;0;0;0;0;0;0;0;0;0;0;0;0;0;0;0;0;0;0;0;0;0;0;0;0;0;0;0;0;0;0;0;0;0;0;0;0;0;0;0;0;0;0;0;0;0;0;0;0;0;0;0;0;0;0
09.01.2024;03:30;A 20;1;0;0;0;0;0;0;0;0;0;0;0;0;0;0;0;0;2;18;4;24;2;2;0;0;0;0;0;0;0;0;0;0;0;0;0;0;0;0;0;0;0;0;0;0;0;0;0;0;0;0;1;1;1;38;0;0;3;8;0;0;1;1;1;0;0;0;0;0;0;0;0;0;0;0;0;0;0;0;0;0;0;0;0;0;0;0;0;0;0;0;0;0;0;0
09.01.2024;03:29;A 20;1;0;0;0;0;0;0;0;0;0;0;0;0;0;0;0;0;0;0;0;0;0;0;0;0;0;0;0;0;0;0;0;0;0;0;0;0;0;0;0;0;0;0;0;0;0;0;0;0;0;0;0;0;0;0;0;85;0;0;0;85;0;0;0;0;0;0;0;0;0;0;0;0;0;0;0;0;0;0;0;0;0;0;0;0;0;0;0;0;0;0;0;0;0;0
09.01.2024;03:28;A 20;1;0;0;0;0;0;0;0;0;0;0;0;0;0;0;0;0;0;0;1;1;0;0;0;0;2;8;1;2;0;0;0;0;0;0;0;0;0;0;0;0;0;0;0;0;0;0;0;0;2;35;2;8;0;0;1;29;0;0;1;40;0;0;0;0;0;0;0;0;0;0;0;0;0;0;0;0;0;0;0;0;0;0;0;0;0;0;0;0;0;0;0;0;0;0
09.01.2024;03:27;A 20;1;0;0;0;0;0;0;0;0;0;0;0;0;0;0;0;0;0;0;0;0;0;0;0;0;0;0;0;0;0;0;0;0;0;0;0;0;0;0;0;0;0;0;0;0;0;0;0;0;0;0;0;0;0;0;0;0;0;0;0;0;0;0;0;0;0;0;0;0;0;0;0;0;0;0;0;0;0;0;0;0;0;0;0;0;0;0;0;0;0;0;0;0;0;0
09.01.2024;03:26;A 20;1;0;0;0;0;0;0;0;0;0;0;0;0;0;0;0;0;0;0;0;0;0;0;0;0;0;0;0;0;0;0;0;0;0;0;0;0;0;0;0;0;0;0;0;0;0;0;0;0;0;0;0;0;0;0;0;0;0;0;0;0;0;0;0;0;0;0;0;0;0;0;0;0;0;0;0;0;0;0;0;0;0;0;0;0;0;0;0;0;0;0;0;0;0;0
09.01.2024;03:25;A 20;1;2;13;0;0;1;1;0;0;0;0;0;0;0;0;0;0;1;2;1;9;1;1;0;0;0;0;0;0;0;0;0;0;0;0;2;2;0;0;0;0;1;1;0;0;1;1;0;0;0;0;0;0;0;27;0;0;0;0;0;0;1;0;0;0;0;0;0;0;0;0;0;0;0;0;0;0;0;0;0;0;0;0;0;0;0;0;0;0;0;0;0;0;0;0
09.01.2024;03:24;A 20;1;0;0;0;0;0;0;0;0;0;0;0;0;0;0;0;0;0;0;0;0;0;0;0;0;0;0;0;0;0;0;0;0;0;0;0;0;0;0;0;0;0;0;0;0;0;0;1;1;0;0;0;0;1;36;0;0;2;2;0;0;0;0;0;0;0;0;0;0;0;0;0;0;0;0;0;0;0;0;0;0;0;0;0;0;0;0;0;0;0;0;0;0;0;0
09.01.2024;03:23;A 20;1;0;0;0;0;0;0;0;0;0;0;0;0;0;0;0;0;0;0;0;0;0;0;0;0;0;0;0;0;2;3;1;0;3;10;1;2;2;2;1;0;0;0;0;0;0;0;0;0;0;0;0;0;0;0;0;0;0;0;0;0;1;1;1;2;0;0;0;0;0;0;0;0;0;0;0;0;0;0;0;0;0;0;0;0;0;0;0;0;0;0;0;0;0;0
09.01.2024;03:22;A 20;1;0;0;0;0;0;0;0;0;0;0;0;0;0;0;0;0;0;0;0;0;0;0;0;0;0;0;0;0;0;0;0;0;0;0;0;0;0;0;0;0;0;0;0;0;0;0;0;0;0;0;0;0;0;0;0;0;0;0;0;0;0;0;0;0;0;0;0;0;0;0;0;0;0;0;0;0;0;0;0;0;0;0;0;0;0;0;0;0;0;0;0;0;0;0
09.01.2024;03:21;A 20;1;0;0;0;0;0;0;0;0;0;0;0;0;0;0;0;0;0;0;0;0;0;0;0;0;0;0;0;0;0;0;0;0;0;0;0;0;0;0;0;0;0;0;0;0;0;0;0;0;0;0;0;0;0;0;0;0;0;0;0;0;0;0;0;0;0;0;0;0;0;0;0;0;0;0;0;0;0;0;0;0;0;0;0;0;0;0;0;0;0;0;0;0;0;0
09.01.2024;03:20;A 20;1;0;0;0;0;0;0;0;0;0;0;0;0;0;0;0;0;0;0;0;0;0;0;0;65;0;0;0;0;0;0;0;0;0;0;0;0;0;0;0;0;0;0;0;0;0;0;0;0;0;0;0;0;0;0;0;0;0;0;0;0;3;2;0;0;0;0;0;0;0;0;0;0;0;0;0;0;0;0;0;0;0;0;0;0;0;0;0;0;0;0;0;0;0;0
09.01.2024;03:19;A 20;1;0;0;0;0;0;0;0;0;0;0;0;0;0;0;0;0;0;0;0;0;0;0;1;3;3;6;1;1;0;0;0;0;0;0;0;0;0;0;0;0;0;0;0;0;0;0;0;0;0;0;0;0;0;0;0;0;0;0;0;0;0;0;0;0;0;0;0;0;0;0;0;0;0;0;0;0;0;0;0;0;0;0;0;0;0;0;0;0;0;0;0;0;0;0
09.01.2024;03:18;A 20;1;0;0;0;0;0;0;0;0;0;5;0;0;0;0;0;0;0;0;0;0;0;0;0;0;0;0;0;0;2;2;0;0;3;8;0;0;2;2;0;0;0;0;0;0;0;0;0;0;0;0;0;0;0;0;0;0;0;0;0;0;1;1;0;0;0;0;0;0;0;0;0;0;0;0;0;0;0;0;0;0;0;0;0;0;0;0;0;0;0;0;0;0;0;0
09.01.2024;03:17;A 20;1;0;0;1;9;0;0;0;0;1;29;1;5;1;1;1;1;0;0;0;0;0;0;0;0;0;0;0;0;0;0;0;0;0;0;0;0;0;0;0;0;0;0;0;0;0;0;0;0;0;0;0;0;0;0;0;0;0;0;0;0;0;0;0;0;0;0;0;0;0;0;0;0;0;0;0;0;0;0;0;0;0;0;0;0;0;0;0;0;0;0;0;0;0;0
09.01.2024;03:16;A 20;1;0;0;0;0;0;0;0;0;0;0;0;0;0;0;0;0;0;0;0;0;0;0;0;0;0;0;0;0;0;0;0;0;0;0;0;0;0;0;0;0;0;0;0;0;0;0;0;0;0;0;0;0;0;66;1;0;0;0;1;3;1;1;1;1;0;0;0;0;0;0;0;0;0;0;0;0;0;0;0;0;0;0;0;0;0;0;0;0;0;0;0;0;0;0
09.01.2024;03:15;A 20;1;0;0;0;0;0;0;0;0;0;0;0;0;0;0;0;0;0;0;0;0;0;0;0;0;0;0;0;0;0;0;0;0;0;0;0;0;0;0;0;0;0;0;0;0;0;0;0;0;0;0;0;0;1;3;0;0;1;7;0;0;0;0;0;0;0;0;0;0;0;0;0;0;0;0;0;0;0;0;0;0;0;0;0;0;0;0;0;0;0;0;0;0;0;0
09.01.2024;03:14;A 20;1;0;0;0;0;0;0;0;0;0;0;0;0;0;0;0;0;0;0;0;0;0;0;0;0;0;0;0;0;0;0;0;0;0;0;2;4;0;0;0;0;1;21;0;0;1;1;1;1;0;0;0;0;0;0;0;0;0;0;0;0;0;0;0;0;0;0;0;0;0;0;0;0;0;0;0;0;0;0;0;0;0;0;0;0;0;0;0;0;0;0;0;0;0;0
09.01.2024;03:13;A 20;1;1;5;1;7;0;0;1;1;0;0;2;1;0;0;0;0;0;0;0;0;0;0;0;32;0;0;0;0;0;0;0;0;0;0;0;0;0;0;0;0;0;0;0;0;0;0;0;0;0;0;0;0;0;0;0;0;0;0;0;0;0;0;1;1;0;0;0;0;0;0;0;0;0;0;0;0;0;0;0;0;0;0;0;0;0;0;0;0;0;0;0;0;0;0
09.01.2024;03:12;A 20;1;0;0;0;0;0;0;0;0;0;0;0;0;0;0;0;0;0;0;0;0;2;1;1;5;3;5;0;0;2;2;0;0;2;10;0;0;2;1;0;0;0;0;0;0;0;0;0;0;0;0;0;0;0;0;0;0;0;0;0;0;1;1;0;0;0;0;0;0;0;0;0;0;0;0;0;0;0;0;0;0;0;0;0;0;0;0;0;0;0;0;0;0;0;0
09.01.2024;03:11;A 20;1;0;0;0;0;0;0;0;0;0;0;0;0;0;0;0;0;0;0;0;0;0;0;0;0;0;0;0;0;0;0;0;0;0;0;0;0;0;0;0;0;0;0;0;0;0;0;0;0;0;0;0;0;0;0;0;0;0;0;0;0;3;4;0;0;0;0;0;0;0;0;0;0;0;0;0;0;0;0;0;0;0;0;0;0;0;0;0;0;0;0;0;0;0;0
09.01.2024;03:10;A 20;1;0;0;1;13;0;0;1;1;0;0;1;0;0;0;0;0;1;1;0;0;0;0;0;0;0;0;0;0;1;36;0;0;1;8;0;0;1;1;0;0;0;0;0;0;0;0;0;0;0;0;0;0;0;0;0;0;0;0;0;0;0;0;0;0;0;0;0;0;0;0;0;0;0;0;0;0;0;0;0;0;0;0;0;0;0;0;0;0;0;0;0;0;0;0
09.01.2024;03:09;A 20;1;0;0;0;6;0;0;0;0;0;0;0;0;0;0;0;0;0;0;3;2;1;0;0;0;0;0;0;0;1;10;0;0;2;7;0;0;1;1;0;0;0;0;0;0;0;0;0;0;0;0;0;0;1;62;0;0;2;5;0;0;1;1;0;0;0;0;0;0;0;0;0;0;0;0;0;0;0;0;0;0;0;0;0;0;0;0;0;0;0;0;0;0;0;0
09.01.2024;03:08;A 20;1;0;0;2;17;0;0;2;2;0;0;1;1;0;0;0;0;0;0;0;0;0;0;0;0;0;0;0;0;0;0;0;0;0;0;0;0;0;0;0;0;0;0;0;0;0;0;0;0;0;0;0;0;1;61;0;0;1;3;0;0;1;1;0;0;0;0;0;0;0;0;0;0;0;0;0;0;0;0;0;0;0;0;0;0;0;0;0;0;0;0;0;0;0;0
09.01.2024;03:07;A 20;1;0;0;0;0;0;0;0;0;0;0;0;0;0;0;0;0;0;0;0;0;0;0;0;0;0;0;0;0;0;0;0;0;0;0;0;0;0;0;0;0;0;0;0;0;0;0;0;0;0;0;0;0;0;0;0;0;0;0;0;0;0;0;0;0;0;0;0;0;0;0;0;0;0;0;0;0;0;0;0;0;0;0;0;0;0;0;0;0;0;0;0;0;0;0
09.01.2024;03:06;A 20;1;0;0;0;0;0;0;0;0;0;0;0;0;0;0;0;0;0;0;0;0;0;0;0;0;0;0;0;0;1;20;0;0;1;12;0;0;1;2;0;0;0;20;0;0;0;0;0;0;1;1;0;0;1;2;1;15;0;0;1;24;1;4;0;0;0;0;0;0;0;0;0;0;0;0;0;0;0;0;0;0;0;0;0;0;0;0;0;0;0;0;0;0;0;0
09.01.2024;03:05;A 20;1;0;0;0;0;0;0;0;0;0;0;0;0;0;0;0;0;0;0;0;0;0;0;0;0;0;0;0;0;1;1;0;0;2;4;1;3;1;0;0;0;1;30;0;0;1;1;1;1;0;0;0;0;0;43;0;0;0;0;0;0;1;1;0;0;0;0;0;0;0;0;0;0;0;0;0;0;0;0;0;0;0;0;0;0;0;0;0;0;0;0;0;0;0;0
09.01.2024;03:04;A 20;1;0;0;0;0;0;0;0;0;0;0;0;0;0;0;0;0;0;0;0;0;0;0;0;0;0;0;0;0;0;0;0;0;0;0;0;0;0;0;0;0;0;0;0;0;0;0;0;0;0;0;0;0;1;22;0;0;1;6;0;0;0;0;0;0;0;0;0;0;0;0;0;0;0;0;0;0;0;0;0;0;0;0;0;0;0;0;0;0;0;0;0;0;0;0
09.01.2024;03:03;A 20;1;0;0;0;0;0;0;0;0;0;0;0;0;0;0;0;0;0;0;0;0;0;0;0;0;0;0;0;0;0;0;1;0;0;0;1;2;0;0;1;0;0;0;0;0;0;0;0;0;0;0;0;0;0;0;0;0;0;0;0;0;0;0;0;0;0;0;0;0;0;0;0;0;0;0;0;0;0;0;0;0;0;0;0;0;0;0;0;0;0;0;0;0;0;0
09.01.2024;03:02;A 20;1;0;0;0;0;0;0;0;0;0;0;0;0;0;0;0;0;1;1;3;4;1;1;0;0;0;0;0;0;0;0;0;0;0;0;0;0;0;0;0;0;0;0;0;0;0;0;0;0;0;0;0;0;2;60;0;0;2;13;2;3;1;1;0;0;0;0;0;0;0;0;0;0;0;0;0;0;0;0;0;0;0;0;0;0;0;0;0;0;0;0;0;0;0;0
09.01.2024;03:01;A 20;1;0;0;0;0;0;0;0;0;0;0;0;0;0;0;0;0;1;16;2;12;1;2;0;0;0;0;0;0;0;0;0;0;0;0;0;0;0;0;0;0;0;0;0;0;0;0;0;0;0;0;0;0;1;60;0;0;3;20;0;0;0;0;0;0;0;0;0;0;0;0;0;0;0;0;0;0;0;0;0;0;0;0;0;0;0;0;0;0;0;0;0;0;0;0
09.01.2024;03:00;A 20;1;1;14;0;0;1;1;0;0;0;0;0;0;0;0;0;0;0;0;0;0;0;0;0;0;0;0;0;0;0;0;0;0;0;0;0;0;0;0;0;0;0;0;0;0;0;0;0;0;1;2;0;7;0;0;0;0;0;0;0;0;0;0;0;0;0;0;0;0;0;0;0;0;0;0;0;0;0;0;0;0;0;0;0;0;0;0;0;0;0;0;0;0;0;0
09.01.2024;02:59;A 20;1;0;0;0;0;0;0;0;0;0;0;0;0;0;0;0;0;0;0;0;0;0;0;0;0;0;0;0;0;0;0;0;0;0;0;0;0;0;0;0;0;0;0;0;0;0;0;0;0;0;0;1;1;0;0;0;0;0;0;0;0;0;0;0;0;0;0;0;0;0;0;0;0;0;0;0;0;0;0;0;0;0;0;0;0;0;0;0;0;0;0;0;0;0;0
09.01.2024;02:58;A 20;1;0;0;0;0;0;0;0;0;0;0;0;0;0;0;0;0;1;0;1;6;1;1;0;0;0;0;0;0;0;0;0;0;0;0;0;0;0;0;0;0;0;0;0;0;0;0;0;0;0;0;0;0;0;0;0;0;0;0;0;0;0;0;0;0;0;0;0;0;0;0;0;0;0;0;0;0;0;0;0;0;0;0;0;0;0;0;0;0;0;0;0;0;0;0
09.01.2024;02:57;A 20;1;0;0;0;0;0;0;0;0;0;0;0;0;0;0;0;0;1;24;1;8;1;0;0;0;0;0;0;0;0;0;0;0;0;0;0;0;0;0;0;0;0;0;0;0;0;0;0;0;0;0;0;0;0;0;0;0;0;0;0;0;0;0;0;0;0;0;0;0;0;0;0;0;0;0;0;0;0;0;0;0;0;0;0;0;0;0;0;0;0;0;0;0;0;0
09.01.2024;02:56;A 20;1;0;0;0;0;0;0;0;0;1;32;3;14;1;2;1;1;0;0;0;0;0;0;0;0;0;0;0;0;0;0;0;0;0;0;0;0;0;0;0;0;0;0;0;0;0;0;0;0;0;0;0;0;0;0;0;0;0;0;0;0;1;1;1;0;0;0;0;0;0;0;0;0;0;0;0;0;0;0;0;0;0;0;0;0;0;0;0;0;0;0;0;0;0;0
09.01.2024;02:55;A 20;1;0;0;0;0;0;0;0;0;0;0;0;0;0;0;0;0;0;0;0;0;0;0;0;0;0;0;0;0;1;1;0;0;1;7;0;0;1;1;0;0;0;0;0;0;0;0;0;0;0;0;0;0;0;0;0;0;0;0;0;0;1;1;1;0;0;0;0;0;0;0;0;0;0;0;0;0;0;0;0;0;0;0;0;0;0;0;0;0;0;0;0;0;0;0
09.01.2024;02:54;A 20;1;0;0;0;0;0;0;0;0;0;0;0;0;0;0;0;0;0;0;0;0;0;0;1;51;2;7;1;0;0;0;0;0;0;0;0;0;0;0;0;0;0;0;0;0;0;0;0;0;0;0;0;0;1;29;0;0;1;9;0;0;1;1;0;0;0;0;0;0;0;0;0;0;0;0;0;0;0;0;0;0;0;0;0;0;0;0;0;0;0;0;0;0;0;0
09.01.2024;02:53;A 20;1;0;0;0;0;0;0;0;0;0;0;0;0;0;0;0;0;0;0;0;0;0;0;0;38;0;0;0;0;0;0;0;0;0;0;0;0;0;0;0;0;0;0;0;0;0;0;0;0;0;0;0;0;0;0;0;0;0;0;0;0;0;0;0;0;0;0;0;0;0;0;0;0;0;0;0;0;0;0;0;0;0;0;0;0;0;0;0;0;0;0;0;0;0;0
09.01.2024;02:52;A 20;1;1;1;1;6;0;0;1;1;0;0;1;0;0;0;0;0;0;0;0;0;1;0;1;2;2;5;0;0;0;0;0;0;0;0;0;0;0;0;0;0;0;0;0;0;0;0;0;0;0;0;0;0;1;25;0;0;1;5;0;0;2;5;0;0;0;0;0;0;0;0;0;0;0;0;0;0;0;0;0;0;0;0;0;0;0;0;0;0;0;0;0;0;0;0
09.01.2024;02:51;A 20;1;0;0;0;0;0;0;0;0;0;0;0;0;0;0;0;0;0;0;0;0;0;0;0;0;0;0;0;0;0;0;0;0;0;0;0;0;0;0;0;0;0;0;0;0;0;0;0;0;0;0;0;0;0;0;0;0;0;0;0;0;1;1;1;1;0;0;0;0;0;0;0;0;0;0;0;0;0;0;0;0;0;0;0;0;0;0;0;0;0;0;0;0;0;0
09.01.2024;02:50;A 20;1;0;0;0;0;0;0;0;0;0;0;0;0;0;0;0;0;0;0;0;0;0;0;0;0;0;0;0;0;1;2;0;0;1;8;1;2;1;1;0;0;0;0;0;0;0;0;0;0;0;0;0;0;0;0;0;0;0;0;0;0;0;0;0;0;0;0;0;0;0;0;0;0;0;0;0;0;0;0;0;0;0;0;0;0;0;0;0;0;0;0;0;0;0;0
09.01.2024;02:49;A 20;1;0;0;0;0;0;0;0;0;0;0;0;0;0;0;0;0;0;0;0;0;0;0;0;0;0;0;0;0;0;0;0;0;0;0;0;0;0;0;0;0;0;0;0;0;0;0;0;0;0;0;0;0;0;0;0;0;0;0;0;0;0;0;0;0;0;0;0;0;0;0;0;0;0;0;0;0;0;0;0;0;0;0;0;0;0;0;0;0;0;0;0;0;0;0
09.01.2024;02:48;A 20;1;0;0;0;0;0;0;0;0;0;0;0;0;0;0;0;0;0;0;0;0;0;0;0;0;0;0;0;0;0;0;0;0;0;0;0;0;0;0;0;0;0;0;0;0;0;0;0;0;0;0;0;0;0;0;0;0;0;0;0;0;0;0;0;0;0;0;0;0;0;0;0;0;0;0;0;0;0;0;0;0;0;0;0;0;0;0;0;0;0;0;0;0;0;0
09.01.2024;02:47;A 20;1;1;2;1;3;0;0;1;0;0;0;1;0;0;0;0;0;0;0;0;0;0;0;0;0;0;0;0;0;2;3;0;0;2;10;2;5;2;2;1;0;1;21;0;0;1;3;1;3;0;0;0;0;0;0;0;0;0;0;0;0;0;0;0;0;0;0;0;0;0;0;0;0;0;0;0;0;0;0;0;0;0;0;0;0;0;0;0;0;0;0;0;0;0;0
09.01.2024;02:46;A 20;1;0;0;0;0;0;0;0;0;0;0;0;0;0;0;0;0;0;0;0;0;0;0;0;0;0;0;0;0;1;1;0;0;1;5;0;0;1;0;0;0;0;0;0;0;0;0;0;0;0;0;0;0;0;0;0;0;0;0;0;0;0;0;0;0;0;0;0;0;0;0;0;0;0;0;0;0;0;0;0;0;0;0;0;0;0;0;0;0;0;0;0;0;0;0
09.01.2024;02:45;A 20;1;0;0;0;0;0;0;0;0;0;0;0;0;0;0;0;0;0;0;0;0;0;0;0;0;0;0;0;0;0;0;0;0;0;0;0;0;0;0;0;0;0;0;0;0;0;0;0;0;0;0;0;0;0;0;0;0;0;0;0;0;0;0;0;0;0;0;0;0;0;0;0;0;0;0;0;0;0;0;0;0;0;0;0;0;0;0;0;0;0;0;0;0;0;0
09.01.2024;02:44;A 20;1;0;0;0;0;0;0;0;0;0;0;0;0;0;0;0;0;0;0;0;0;0;0;0;0;0;0;0;0;0;0;0;0;0;0;0;0;0;0;0;0;0;0;0;0;0;0;0;0;0;0;0;0;0;0;0;0;0;0;0;0;0;0;0;0;0;0;0;0;0;0;0;0;0;0;0;0;0;0;0;0;0;0;0;0;0;0;0;0;0;0;0;0;0;0
09.01.2024;02:43;A 20;1;0;0;0;0;0;0;0;0;0;0;0;0;0;0;0;0;0;0;0;0;0;0;0;0;0;0;0;0;0;0;0;0;0;0;0;0;0;0;0;0;0;0;0;0;0;0;0;0;0;0;0;0;0;0;0;0;0;0;0;0;0;0;0;0;0;0;0;0;0;0;0;0;0;0;0;0;0;0;0;0;0;0;0;0;0;0;0;0;0;0;0;0;0;0
09.01.2024;02:42;A 20;1;0;0;0;0;0;0;0;0;0;0;0;0;0;0;0;0;0;0;0;0;0;0;0;0;0;0;0;0;0;0;0;0;0;0;0;0;0;0;0;0;0;0;0;0;0;0;0;0;0;0;0;0;0;0;1;0;0;0;0;0;0;0;0;0;0;0;0;0;0;0;0;0;0;0;0;0;0;0;0;0;0;0;0;0;0;0;0;0;0;0;0;0;0;0
09.01.2024;02:41;A 20;1;1;60;0;0;1;1;0;0;0;0;0;0;0;0;0;0;0;21;0;0;0;0;0;0;0;0;0;0;0;0;0;0;0;0;2;3;0;0;0;0;1;55;0;0;1;1;1;1;0;0;0;0;0;0;0;0;0;0;0;0;0;0;0;0;0;0;0;0;0;0;0;0;0;0;0;0;0;0;0;0;0;0;0;0;0;0;0;0;0;0;0;0;0;0
09.01.2024;02:40;A 20;1;1;4;0;0;0;0;0;0;0;0;0;0;0;0;0;0;1;10;3;5;1;1;0;0;0;0;0;0;0;0;0;0;0;0;0;0;0;0;0;0;0;0;0;0;0;0;0;0;0;0;0;0;0;0;0;0;0;0;0;0;0;0;0;0;0;0;0;0;0;0;0;0;0;0;0;0;0;0;0;0;0;0;0;0;0;0;0;0;0;0;0;0;0;0
09.01.2024;02:39;A 20;1;1;8;0;0;1;1;0;0;0;0;0;0;0;0;0;0;0;0;0;0;0;0;0;0;0;0;0;0;0;0;0;0;0;0;0;0;0;0;0;0;0;0;0;0;0;0;0;0;0;0;0;0;0;0;1;60;0;0;0;3;0;0;1;1;0;0;0;0;0;0;0;0;0;0;0;0;0;0;0;0;0;0;0;0;0;0;0;0;0;0;0;0;0;0
09.01.2024;02:38;A 20;1;1;9;0;0;1;1;0;0;0;0;0;0;0;0;0;0;0;0;0;0;0;0;0;0;0;0;0;0;0;0;0;0;0;0;0;0;0;0;0;0;0;0;0;0;0;0;0;0;0;0;0;0;0;2;0;0;0;0;1;3;1;1;0;0;0;0;0;0;0;0;0;0;0;0;0;0;0;0;0;0;0;0;0;0;0;0;0;0;0;0;0;0;0;0
09.01.2024;02:37;A 20;1;0;0;0;0;0;0;0;0;0;0;0;0;0;0;0;0;0;0;0;0;0;0;0;0;0;0;0;0;0;0;0;0;0;0;0;0;0;0;0;0;0;0;0;0;0;0;0;0;0;0;0;0;1;35;1;1;1;37;0;0;0;0;0;0;0;0;0;0;0;0;0;0;0;0;0;0;0;0;0;0;0;0;0;0;0;0;0;0;0;0;0;0;0;0
09.01.2024;02:36;A 20;1;0;0;0;0;0;0;0;0;0;0;0;0;0;0;0;0;0;0;0;0;0;0;0;0;0;0;0;0;0;0;0;0;0;0;0;0;0;0;0;0;0;0;0;0;0;0;0;0;0;0;0;0;0;0;0;0;0;0;0;0;0;0;0;0;0;0;0;0;0;0;0;0;0;0;0;0;0;0;0;0;0;0;0;0;0;0;0;0;0;0;0;0;0;0
09.01.2024;02:35;A 20;1;0;0;0;0;0;0;0;0;0;0;0;0;0;0;0;0;0;0;0;0;0;0;1;50;1;10;1;2;1;0;0;0;1;4;1;2;1;0;0;0;1;21;0;0;1;0;1;0;0;0;0;0;0;0;0;0;0;0;0;0;0;0;0;0;0;0;0;0;0;0;0;0;0;0;0;0;0;0;0;0;0;0;0;0;0;0;0;0;0;0;0;0;0;0
09.01.2024;02:34;A 20;1;1;9;1;4;1;0;1;0;0;0;0;0;0;0;0;0;0;0;0;0;0;0;0;0;0;0;0;0;0;0;0;0;0;0;0;0;0;0;0;0;0;0;0;0;0;0;0;0;0;0;0;0;0;0;0;0;0;0;0;0;0;0;0;0;0;0;0;0;0;0;0;0;0;0;0;0;0;0;0;0;0;0;0;0;0;0;0;0;0;0;0;0;0;0
09.01.2024;02:33;A 20;1;0;0;0;0;0;0;0;0;0;0;0;0;0;0;0;0;0;0;0;0;0;0;0;0;0;0;0;0;0;0;0;0;0;0;0;0;0;0;0;0;0;0;0;0;0;0;0;0;0;0;0;0;0;0;0;0;0;0;0;0;0;0;0;0;0;0;0;0;0;0;0;0;0;0;0;0;0;0;0;0;0;0;0;0;0;0;0;0;0;0;0;0;0;0
09.01.2024;02:32;A 20;1;0;0;0;0;0;0;0;0;0;0;0;0;0;0;0;0;0;0;0;0;0;0;0;0;0;0;0;0;0;0;0;0;0;0;0;0;0;0;0;0;0;0;0;0;0;0;0;0;0;0;0;0;0;0;1;0;0;0;0;0;0;0;0;0;0;0;0;0;0;0;0;0;0;0;0;0;0;0;0;0;0;0;0;0;0;0;0;0;0;0;0;0;0;0
09.01.2024;02:31;A 20;1;0;0;0;0;0;0;0;0;0;0;0;0;0;0;0;0;0;0;0;0;0;0;0;0;0;0;0;0;0;0;0;0;0;0;1;2;0;0;0;0;1;2;0;0;1;0;1;0;0;0;0;0;0;0;0;0;0;0;0;0;0;0;0;0;0;0;0;0;0;0;0;0;0;0;0;0;0;0;0;0;0;0;0;0;0;0;0;0;0;0;0;0;0;0
09.01.2024;02:30;A 20;1;0;0;0;0;0;0;0;0;0;0;0;0;0;0;0;0;0;0;0;0;0;0;1;25;3;9;1;1;0;0;0;0;0;0;0;0;0;0;0;0;0;0;0;0;0;0;0;0;0;0;0;0;0;0;0;0;0;0;0;0;0;0;0;0;0;0;0;0;0;0;0;0;0;0;0;0;0;0;0;0;0;0;0;0;0;0;0;0;0;0;0;0;0;0
09.01.2024;02:29;A 20;1;0;0;1;8;0;0;1;1;0;0;0;0;0;0;0;0;1;0;0;0;1;1;1;22;1;27;1;6;1;1;0;0;2;5;0;0;1;0;0;0;0;0;0;0;0;0;0;0;0;0;0;0;0;0;0;0;0;0;0;0;1;2;0;0;0;0;0;0;0;0;0;0;0;0;0;0;0;0;0;0;0;0;0;0;0;0;0;0;0;0;0;0;0;0
09.01.2024;02:28;A 20;1;0;0;0;0;0;0;0;0;0;0;0;0;0;0;0;0;0;0;0;0;0;0;0;0;0;0;0;0;1;0;1;0;1;4;1;1;1;0;1;0;0;0;0;0;0;0;0;0;0;0;0;0;0;0;0;0;0;0;0;0;4;8;3;4;0;0;0;0;0;0;0;0;0;0;0;0;0;0;0;0;0;0;0;0;0;0;0;0;0;0;0;0;0;0
09.01.2024;02:27;A 20;1;0;0;0;0;0;0;0;0;0;0;0;0;0;0;0;0;0;0;0;0;0;0;0;0;0;0;0;0;1;1;0;0;1;5;0;0;1;1;0;0;0;0;0;0;0;0;0;0;0;0;0;0;0;0;0;0;0;0;0;0;1;1;0;0;0;0;0;0;0;0;0;0;0;0;0;0;0;0;0;0;0;0;0;0;0;0;0;0;0;0;0;0;0;0
09.01.2024;02:26;A 20;1;0;0;0;0;0;0;0;0;0;0;0;0;0;0;0;0;0;0;0;0;0;0;0;0;0;0;0;0;2;1;0;0;2;8;0;0;2;1;0;0;0;0;0;0;0;0;0;0;0;0;0;0;0;0;0;0;0;0;0;0;0;0;0;0;0;0;0;0;0;0;0;0;0;0;0;0;0;0;0;0;0;0;0;0;0;0;0;0;0;0;0;0;0;0
09.01.2024;02:25;A 20;1;0;0;0;0;0;0;0;0;0;0;0;0;0;0;0;0;0;0;0;0;0;0;0;0;0;0;0;0;0;0;0;0;0;0;0;0;0;0;0;0;0;0;0;0;0;0;0;0;0;0;0;0;0;0;0;0;0;0;0;0;0;0;0;0;0;0;0;0;0;0;0;0;0;0;0;0;0;0;0;0;0;0;0;0;0;0;0;0;0;0;0;0;0;0
09.01.2024;02:24;A 20;1;0;0;0;0;0;0;0;0;0;0;0;0;0;0;0;0;0;0;0;0;0;0;0;0;0;0;0;0;0;0;0;0;0;0;0;0;0;0;0;0;0;0;0;0;0;0;0;0;0;0;0;0;0;0;0;0;0;0;0;0;0;0;0;0;0;0;0;0;0;0;0;0;0;0;0;0;0;0;0;0;0;0;0;0;0;0;0;0;0;0;0;0;0;0
09.01.2024;02:23;A 20;1;0;0;0;0;0;0;0;0;0;0;0;0;0;0;0;0;0;0;0;0;0;0;0;0;0;0;0;0;0;0;0;0;0;0;0;0;0;0;0;0;0;0;0;0;0;0;0;0;0;0;0;0;0;0;0;0;0;0;0;0;0;0;0;0;0;0;0;0;0;0;0;0;0;0;0;0;0;0;0;0;0;0;0;0;0;0;0;0;0;0;0;0;0;0
09.01.2024;02:22;A 20;1;0;0;0;0;0;0;0;0;0;0;0;0;0;0;0;0;1;53;2;9;0;0;0;0;0;0;0;0;1;1;0;0;1;5;0;0;1;0;0;0;1;37;0;0;1;1;0;0;0;0;0;0;0;0;0;0;0;0;0;0;1;1;0;0;0;0;0;0;0;0;0;0;0;0;0;0;0;0;0;0;0;0;0;0;0;0;0;0;0;0;0;0;0;0
09.01.2024;02:21;A 20;1;0;0;0;0;0;0;0;0;0;0;0;0;0;0;0;0;0;0;0;0;1;1;0;0;0;0;0;0;0;0;0;0;0;0;0;0;0;0;0;0;0;0;0;0;0;0;1;1;0;0;0;0;0;0;0;0;0;0;0;0;0;0;0;0;0;0;0;0;0;0;0;0;0;0;0;0;0;0;0;0;0;0;0;0;0;0;0;0;0;0;0;0;0;0
09.01.2024;02:20;A 20;1;0;0;1;12;0;0;1;1;0;0;0;0;0;0;0;0;0;51;0;0;0;0;0;0;0;0;0;0;0;0;0;0;0;0;0;0;0;0;0;0;0;0;0;0;0;0;0;0;0;0;0;0;0;0;0;0;0;0;0;0;0;0;0;0;0;0;0;0;0;0;0;0;0;0;0;0;0;0;0;0;0;0;0;0;0;0;0;0;0;0;0;0;0;0
09.01.2024;02:19;A 20;1;0;0;0;0;0;0;0;0;0;0;0;0;0;0;0;0;1;6;2;4;1;1;0;0;0;0;0;0;0;0;0;0;0;0;0;0;0;0;0;0;0;0;0;0;0;0;0;0;0;0;0;0;0;0;0;0;0;0;0;0;3;2;0;0;0;0;0;0;0;0;0;0;0;0;0;0;0;0;0;0;0;0;0;0;0;0;0;0;0;0;0;0;0;0
09.01.2024;02:18;A 20;1;0;3;2;16;0;0;1;0;1;15;3;2;1;1;2;2;1;24;3;6;1;1;1;27;1;42;1;1;0;0;0;0;0;0;0;0;0;0;0;0;0;0;0;0;0;0;0;0;0;0;0;0;0;0;0;0;0;0;0;0;2;4;0;0;0;0;0;0;0;0;0;0;0;0;0;0;0;0;0;0;0;0;0;0;0;0;0;0;0;0;0;0;0;0
09.01.2024;02:17;A 20;1;1;7;0;0;1;1;0;0;0;0;1;1;0;0;0;0;0;0;0;0;0;0;1;20;2;7;0;0;1;1;0;0;1;5;0;0;1;1;0;0;0;0;0;0;0;0;0;0;0;0;0;0;0;0;0;0;0;0;0;0;0;0;1;1;0;0;0;0;0;0;0;0;0;0;0;0;0;0;0;0;0;0;0;0;0;0;0;0;0;0;0;0;0;0
09.01.2024;02:16;A 20;1;0;0;0;0;0;0;0;0;0;0;0;0;0;0;0;0;0;0;0;0;0;0;0;0;0;0;1;1;0;0;0;0;0;0;0;0;0;0;0;0;0;0;0;0;0;0;0;0;1;1;2;3;0;0;1;36;0;0;1;43;0;0;0;0;0;0;0;0;0;0;0;0;0;0;0;0;0;0;0;0;0;0;0;0;0;0;0;0;0;0;0;0;0;0
09.01.2024;02:15;A 20;1;0;0;0;0;0;0;0;0;0;5;0;0;0;0;0;0;1;15;1;11;1;1;0;0;0;0;0;0;1;27;0;0;2;5;0;0;0;0;0;0;0;0;0;0;0;0;0;0;0;0;0;0;0;0;0;0;0;0;0;0;0;0;0;0;0;0;0;0;0;0;0;0;0;0;0;0;0;0;0;0;0;0;0;0;0;0;0;0;0;0;0;0;0;0
09.01.2024;02:14;A 20;1;0;0;1;9;0;0;0;0;1;20;1;5;1;1;1;1;0;0;0;0;0;0;0;0;0;0;0;0;0;0;0;0;0;0;0;0;1;0;0;0;0;0;0;0;0;0;0;0;0;0;0;0;0;0;0;0;0;0;0;0;0;0;0;0;0;0;0;0;0;0;0;0;0;0;0;0;0;0;0;0;0;0;0;0;0;0;0;0;0;0;0;0;0;0
09.01.2024;02:13;A 20;1;0;0;1;5;0;0;1;0;0;0;1;0;0;0;0;0;0;0;0;0;0;0;0;0;0;0;0;0;0;0;0;0;0;0;0;0;0;0;0;0;0;0;0;0;0;0;0;0;0;25;0;0;0;0;0;0;0;0;0;0;0;0;0;0;0;0;0;0;0;0;0;0;0;0;0;0;0;0;0;0;0;0;0;0;0;0;0;0;0;0;0;0;0;0
09.01.2024;02:12;A 20;1;2;7;3;24;0;0;1;1;1;15;5;7;1;1;2;1;0;0;0;0;0;0;0;0;0;0;0;0;0;20;0;0;0;0;0;0;0;0;0;0;0;0;0;0;0;0;0;0;2;21;3;9;0;0;0;0;0;0;0;0;0;0;1;1;0;0;0;0;0;0;0;0;0;0;0;0;0;0;0;0;0;0;0;0;0;0;0;0;0;0;0;0;0;0
09.01.2024;02:11;A 20;1;1;14;0;0;1;1;0;0;0;0;0;0;0;0;0;0;1;47;1;7;1;1;0;0;0;0;0;0;2;10;0;0;2;10;0;0;1;1;0;0;0;0;0;0;0;0;0;0;1;19;1;22;0;0;0;0;0;0;0;0;0;0;0;0;0;0;0;0;0;0;0;0;0;0;0;0;0;0;0;0;0;0;0;0;0;0;0;0;0;0;0;0;0;0
09.01.2024;02:10;A 20;1;0;0;0;0;0;0;0;0;0;0;0;0;0;0;0;0;0;4;0;0;0;0;0;0;0;0;0;0;0;0;0;0;1;4;0;0;1;0;0;0;0;0;0;0;0;0;0;0;0;0;0;0;0;0;0;0;0;0;0;0;1;1;0;0;0;0;0;0;0;0;0;0;0;0;0;0;0;0;0;0;0;0;0;0;0;0;0;0;0;0;0;0;0;0
09.01.2024;02:09;A 20;1;0;0;1;9;0;0;0;0;1;40;2;3;1;1;1;1;1;43;2;6;1;1;1;11;1;10;0;0;0;0;0;0;0;0;0;0;0;0;0;0;0;0;0;0;0;0;0;0;0;0;0;0;0;0;0;0;0;0;0;0;3;4;0;0;0;0;0;0;0;0;0;0;0;0;0;0;0;0;0;0;0;0;0;0;0;0;0;0;0;0;0;0;0;0
09.01.2024;02:08;A 20;1;0;13;1;4;1;2;0;0;1;59;1;6;1;1;1;1;0;0;0;0;0;0;1;71;4;60;2;1;0;0;0;0;0;0;0;0;0;0;0;0;0;0;0;0;0;0;0;0;0;0;0;0;0;0;0;0;0;0;0;0;0;0;0;0;0;0;0;0;0;0;0;0;0;0;0;0;0;0;0;0;0;0;0;0;0;0;0;0;0;0;0;0;0;0
09.01.2024;02:07;A 20;1;1;0;0;0;0;0;0;0;0;0;0;0;0;0;0;0;0;0;0;0;1;0;1;15;2;8;1;1;0;0;0;0;0;0;0;0;0;0;0;0;0;0;0;0;0;0;0;0;0;0;0;0;0;0;0;0;0;0;0;0;1;1;0;0;0;0;0;0;0;0;0;0;0;0;0;0;0;0;0;0;0;0;0;0;0;0;0;0;0;0;0;0;0;0
09.01.2024;02:06;A 20;1;0;0;0;0;0;0;0;0;0;0;0;0;0;0;0;0;0;0;0;0;0;0;0;0;0;0;0;0;1;1;0;0;1;6;0;0;1;0;0;0;0;0;0;0;0;0;0;0;0;0;0;0;0;0;0;0;0;0;0;0;0;0;0;0;0;0;0;0;0;0;0;0;0;0;0;0;0;0;0;0;0;0;0;0;0;0;0;0;0;0;0;0;0;0
09.01.2024;02:05;A 20;1;0;0;0;0;0;0;0;0;0;0;0;0;0;0;0;0;0;0;0;0;0;0;0;0;0;0;0;0;0;0;1;1;0;0;1;1;0;0;1;1;0;0;0;0;0;0;0;0;0;0;0;0;0;0;0;0;0;0;0;0;0;0;0;0;0;0;0;0;0;0;0;0;0;0;0;0;0;0;0;0;0;0;0;0;0;0;0;0;0;0;0;0;0;0
09.01.2024;02:04;A 20;1;2;7;2;11;1;1;2;1;0;0;4;2;0;0;1;0;0;0;0;0;0;0;0;0;0;0;0;0;1;1;0;0;1;3;0;0;1;1;0;0;0;0;0;0;0;0;0;0;0;0;0;0;0;0;0;0;0;0;0;0;0;0;0;0;0;0;0;0;0;0;0;0;0;0;0;0;0;0;0;0;0;0;0;0;0;0;0;0;0;0;0;0;0;0
09.01.2024;02:03;A 20;1;0;0;0;0;0;0;0;0;0;0;0;0;0;0;0;0;0;0;0;0;0;0;0;0;0;0;0;0;0;0;0;0;0;0;0;0;0;0;0;0;0;0;0;0;0;0;0;0;0;0;0;0;0;0;0;0;0;0;0;0;0;0;0;0;0;0;0;0;0;0;0;0;0;0;0;0;0;0;0;0;0;0;0;0;0;0;0;0;0;0;0;0;0;0
09.01.2024;02:02;A 20;1;0;0;0;0;0;0;0;0;0;0;0;0;0;0;0;0;0;0;0;0;0;0;0;0;0;0;0;0;1;0;0;0;2;3;2;4;1;0;0;0;1;21;0;0;1;0;1;0;0;0;0;0;0;0;0;0;0;0;0;0;0;0;0;0;0;0;0;0;0;0;0;0;0;0;0;0;0;0;0;0;0;0;0;0;0;0;0;0;0;0;0;0;0;0
09.01.2024;02:01;A 20;1;0;0;0;0;0;0;0;0;0;0;0;0;0;0;0;0;0;0;0;0;0;0;0;0;0;0;0;0;0;0;1;0;0;0;1;2;0;0;1;1;0;0;0;0;0;0;0;0;0;0;0;0;0;0;0;0;0;0;0;0;0;0;0;0;0;0;0;0;0;0;0;0;0;0;0;0;0;0;0;0;0;0;0;0;0;0;0;0;0;0;0;0;0;0
09.01.2024;02:00;A 20;1;0;0;1;10;0;0;1;1;0;0;2;3;0;0;0;0;0;0;0;0;0;0;0;0;0;0;0;0;1;3;0;0;1;8;1;0;1;2;0;0;0;0;0;0;0;0;0;0;0;0;0;0;0;0;0;0;0;0;0;0;1;0;0;0;0;0;0;0;0;0;0;0;0;0;0;0;0;0;0;0;0;0;0;0;0;0;0;0;0;0;0;0;0;0
09.01.2024;01:59;A 20;1;0;0;0;0;0;0;0;0;0;0;0;0;0;0;0;0;0;33;0;0;0;0;0;0;0;0;0;0;0;0;0;0;0;0;0;0;0;0;0;0;0;0;0;0;0;0;0;0;0;0;0;0;0;33;0;0;0;0;0;0;1;1;0;0;0;0;0;0;0;0;0;0;0;0;0;0;0;0;0;0;0;0;0;0;0;0;0;0;0;0;0;0;0;0
09.01.2024;01:58;A 20;1;0;0;0;0;0;0;0;0;0;0;0;0;0;0;0;0;1;6;2;7;1;1;0;0;0;0;0;0;0;0;0;0;0;0;0;0;0;0;0;0;0;0;0;0;0;0;0;0;0;0;0;0;1;9;0;0;1;0;0;0;0;0;0;0;0;0;0;0;0;0;0;0;0;0;0;0;0;0;0;0;0;0;0;0;0;0;0;0;0;0;0;0;0;0
09.01.2024;01:57;A 20;1;0;0;0;0;0;0;0;0;0;0;0;0;0;0;0;0;0;0;0;0;0;0;0;0;0;0;0;0;1;0;1;0;1;5;1;2;1;0;1;0;0;0;0;0;0;0;0;0;0;0;0;0;0;0;0;0;0;0;0;0;0;0;0;0;0;0;0;0;0;0;0;0;0;0;0;0;0;0;0;0;0;0;0;0;0;0;0;0;0;0;0;0;0;0
09.01.2024;01:56;A 20;1;0;0;0;0;0;0;0;0;0;0;0;0;0;0;0;0;0;0;0;0;0;0;0;0;0;0;0;0;1;2;0;0;1;7;0;0;1;1;0;0;0;0;0;0;0;0;0;0;0;0;0;0;0;0;0;0;0;0;0;0;1;1;1;2;0;0;0;0;0;0;0;0;0;0;0;0;0;0;0;0;0;0;0;0;0;0;0;0;0;0;0;0;0;0
09.01.2024;01:55;A 20;1;0;0;0;0;0;0;0;0;0;0;0;0;0;0;0;0;0;0;0;0;0;0;0;0;0;0;0;0;0;0;0;0;0;0;0;0;0;0;0;0;0;0;0;0;0;0;0;0;0;0;0;0;0;0;0;0;0;0;0;0;0;0;0;0;0;0;0;0;0;0;0;0;0;0;0;0;0;0;0;0;0;0;0;0;0;0;0;0;0;0;0;0;0;0
09.01.2024;01:54;A 20;1;0;0;0;0;0;0;0;0;0;0;0;0;0;0;0;0;2;33;2;6;1;1;2;33;2;12;2;2;0;0;0;0;0;0;0;0;0;0;0;0;0;0;0;0;0;0;0;0;0;0;0;0;0;0;0;0;0;0;0;0;0;0;0;0;0;0;0;0;0;0;0;0;0;0;0;0;0;0;0;0;0;0;0;0;0;0;0;0;0;0;0;0;0;0
09.01.2024;01:53;A 20;1;0;0;0;0;0;0;0;0;0;0;0;0;0;0;0;0;0;0;0;0;0;0;0;0;0;0;0;0;0;0;0;0;0;0;0;0;0;0;0;0;0;0;0;0;0;0;0;0;0;0;0;0;0;0;0;0;0;0;0;0;0;0;0;0;0;0;0;0;0;0;0;0;0;0;0;0;0;0;0;0;0;0;0;0;0;0;0;0;0;0;0;0;0;0
09.01.2024;01:52;A 20;1;0;0;1;10;0;0;1;1;0;0;2;1;0;0;0;0;0;0;0;0;0;0;0;0;0;0;0;0;0;0;0;0;0;0;0;0;0;0;0;0;0;0;0;0;0;0;0;0;0;0;0;0;0;0;0;0;0;0;0;0;0;0;0;0;0;0;0;0;0;0;0;0;0;0;0;0;0;0;0;0;0;0;0;0;0;0;0;0;0;0;0;0;0;0
09.01.2024;01:51;A 20;1;0;0;0;0;0;0;0;0;0;0;0;0;0;0;0;0;0;0;0;0;0;0;0;0;0;0;0;0;0;22;0;0;0;0;0;0;0;0;0;0;0;0;0;0;0;0;0;0;0;0;0;0;0;0;0;0;0;0;0;0;0;0;0;0;0;0;0;0;0;0;0;0;0;0;0;0;0;0;0;0;0;0;0;0;0;0;0;0;0;0;0;0;0;0
09.01.2024;01:50;A 20;1;0;0;1;5;0;0;1;0;1;28;2;2;0;0;1;0;0;0;0;0;0;0;0;0;0;0;0;0;1;3;0;0;2;11;0;0;1;1;0;0;0;0;0;0;0;0;0;0;0;0;0;0;0;0;0;0;0;0;0;0;1;1;0;0;0;0;0;0;0;0;0;0;0;0;0;0;0;0;0;0;0;0;0;0;0;0;0;0;0;0;0;0;0;0
09.01.2024;01:49;A 20;1;0;0;1;8;0;0;0;0;0;0;3;2;1;1;1;1;0;0;0;0;0;0;0;0;0;0;0;0;0;0;0;0;0;0;0;0;0;0;0;0;0;0;0;0;0;0;0;0;0;0;0;0;0;0;0;0;0;0;0;0;0;0;0;0;0;0;0;0;0;0;0;0;0;0;0;0;0;0;0;0;0;0;0;0;0;0;0;0;0;0;0;0;0;0
09.01.2024;01:48;A 20;1;1;11;1;0;1;1;0;0;0;0;0;0;0;0;0;0;0;0;0;0;0;0;0;0;0;0;0;0;1;1;0;0;2;7;0;0;1;1;0;0;0;0;0;0;0;0;0;0;0;0;0;0;0;0;0;0;0;0;0;0;0;0;0;0;0;0;0;0;0;0;0;0;0;0;0;0;0;0;0;0;0;0;0;0;0;0;0;0;0;0;0;0;0;0
09.01.2024;01:47;A 20;1;0;0;0;0;0;0;0;0;0;0;0;0;0;0;0;0;0;0;0;0;0;0;0;0;0;0;0;0;1;1;0;0;2;5;0;0;1;0;0;0;0;0;0;0;0;0;0;0;0;0;0;0;0;0;0;0;0;0;0;0;0;0;1;1;0;0;0;0;0;0;0;0;0;0;0;0;0;0;0;0;0;0;0;0;0;0;0;0;0;0;0;0;0;0
09.01.2024;01:46;A 20;1;0;0;0;0;0;0;0;0;0;0;0;0;0;0;0;0;0;0;0;0;0;0;0;0;0;0;0;0;0;0;0;0;0;0;0;0;0;0;0;0;0;0;0;0;0;0;0;0;0;0;0;0;0;0;0;0;0;0;0;0;0;0;0;0;0;0;0;0;0;0;0;0;0;0;0;0;0;0;0;0;0;0;0;0;0;0;0;0;0;0;0;0;0;0
09.01.2024;01:45;A 20;1;0;0;0;0;0;0;0;0;0;0;0;0;0;0;0;0;0;0;0;0;0;0;0;0;0;0;0;0;1;1;0;0;1;5;0;0;1;0;0;0;0;0;0;0;0;0;0;0;0;0;0;0;0;0;0;0;0;0;0;0;0;0;0;0;0;0;0;0;0;0;0;0;0;0;0;0;0;0;0;0;0;0;0;0;0;0;0;0;0;0;0;0;0;0
09.01.2024;01:44;A 20;1;0;0;0;0;0;0;0;0;0;0;0;0;0;0;0;0;0;0;0;0;0;0;0;0;0;0;0;0;0;0;0;0;0;0;0;0;0;0;0;0;0;0;0;0;0;0;0;0;0;0;0;0;0;0;0;0;0;0;0;0;0;0;0;0;0;0;0;0;0;0;0;0;0;0;0;0;0;0;0;0;0;0;0;0;0;0;0;0;0;0;0;0;0;0
09.01.2024;01:43;A 20;1;0;0;0;0;0;0;0;0;0;0;0;0;0;0;0;0;0;0;0;0;0;0;0;0;0;0;0;0;0;0;1;0;0;0;4;5;0;0;1;0;1;9;0;0;1;0;1;1;0;0;0;0;0;0;0;0;0;0;0;0;0;0;0;0;0;0;0;0;0;0;0;0;0;0;0;0;0;0;0;0;0;0;0;0;0;0;0;0;0;0;0;0;0;0
09.01.2024;01:42;A 20;1;0;0;0;0;0;0;0;0;0;0;0;0;0;0;0;0;0;0;0;0;0;0;0;0;0;0;0;0;0;0;0;0;0;0;0;0;0;0;0;0;0;0;0;0;0;0;0;0;0;0;0;0;0;0;0;0;0;0;0;0;1;1;0;0;0;0;0;0;0;0;0;0;0;0;0;0;0;0;0;0;0;0;0;0;0;0;0;0;0;0;0;0;0;0
09.01.2024;01:41;A 20;1;0;0;0;0;0;0;0;0;0;0;0;0;0;0;0;0;0;0;0;0;0;0;0;0;0;0;0;0;1;1;0;0;2;2;0;0;1;0;0;0;0;0;0;0;0;0;0;0;0;0;0;0;0;0;0;0;0;0;0;0;0;0;0;0;0;0;0;0;0;0;0;0;0;0;0;0;0;0;0;0;0;0;0;0;0;0;0;0;0;0;0;0;0;0
09.01.2024;01:40;A 20;1;0;0;0;0;0;0;0;0;0;0;0;0;0;0;0;0;1;15;1;8;1;1;0;0;0;0;0;0;1;1;0;0;1;5;0;0;1;1;0;0;0;0;0;0;0;0;0;0;0;0;0;0;0;0;0;0;0;0;0;0;1;3;0;0;0;0;0;0;0;0;0;0;0;0;0;0;0;0;0;0;0;0;0;0;0;0;0;0;0;0;0;0;0;0
09.01.2024;01:39;A 20;1;1;15;0;0;1;1;0;0;0;0;0;0;0;0;0;0;0;0;0;0;0;0;0;0;0;0;0;0;0;0;0;0;0;0;0;0;0;0;0;0;0;0;0;0;0;0;0;0;0;0;0;0;0;0;0;0;0;0;0;0;0;0;0;0;0;0;0;0;0;0;0;0;0;0;0;0;0;0;0;0;0;0;0;0;0;0;0;0;0;0;0;0;0;0
09.01.2024;01:38;A 20;1;0;0;0;0;0;0;0;0;0;47;0;0;0;0;0;0;0;0;0;0;0;0;0;0;0;0;0;0;0;0;0;0;0;0;0;0;0;0;0;0;0;0;0;0;0;0;0;0;0;0;0;0;0;0;0;0;0;0;0;0;0;0;0;0;0;0;0;0;0;0;0;0;0;0;0;0;0;0;0;0;0;0;0;0;0;0;0;0;0;0;0;0;0;0
09.01.2024;01:37;A 20;1;0;0;1;10;0;0;0;0;1;18;1;6;1;1;1;1;1;18;2;7;1;1;0;0;0;0;0;0;0;0;0;0;0;0;0;0;0;0;0;0;0;0;0;0;0;0;0;0;0;0;0;0;0;0;0;0;0;0;0;0;0;0;0;0;0;0;0;0;0;0;0;0;0;0;0;0;0;0;0;0;0;0;0;0;0;0;0;0;0;0;0;0;0;0
09.01.2024;01:36;A 20;1;0;0;0;0;0;0;0;0;0;0;0;0;0;0;0;0;0;0;0;0;0;0;0;0;0;0;0;0;0;0;0;0;0;0;0;0;0;0;0;0;0;0;0;0;0;0;0;0;0;0;0;0;0;0;1;28;0;0;2;31;0;0;1;0;0;0;0;0;0;0;0;0;0;0;0;0;0;0;0;0;0;0;0;0;0;0;0;0;0;0;0;0;0;0
09.01.2024;01:35;A 20;1;0;0;0;0;0;0;0;0;0;0;0;0;0;0;0;0;0;0;0;0;0;0;0;0;0;0;0;0;0;0;1;1;0;0;2;4;0;0;1;1;0;0;0;0;0;0;0;0;0;0;0;0;0;0;0;7;0;0;0;0;0;0;1;1;0;0;0;0;0;0;0;0;0;0;0;0;0;0;0;0;0;0;0;0;0;0;0;0;0;0;0;0;0;0
09.01.2024;01:34;A 20;1;0;0;0;0;0;0;0;0;0;0;0;0;0;0;0;0;0;0;0;0;0;0;0;0;0;0;0;0;1;1;0;0;2;5;0;0;1;0;0;0;0;0;0;0;0;0;0;0;0;0;0;0;0;0;1;35;0;0;1;11;0;0;1;1;0;0;0;0;0;0;0;0;0;0;0;0;0;0;0;0;0;0;0;0;0;0;0;0;0;0;0;0;0;0
09.01.2024;01:33;A 20;1;0;0;1;5;0;0;1;0;0;0;2;1;0;0;0;0;0;0;0;0;0;0;0;0;0;0;0;0;0;0;0;0;0;0;0;0;0;0;0;0;0;0;0;0;0;0;0;0;0;0;0;0;0;0;0;0;0;0;0;0;0;0;0;0;0;0;0;0;0;0;0;0;0;0;0;0;0;0;0;0;0;0;0;0;0;0;0;0;0;0;0;0;0;0
09.01.2024;01:32;A 20;1;0;0;0;0;0;0;0;0;0;0;0;0;0;0;0;0;0;0;0;0;0;0;0;0;0;0;0;0;0;0;0;0;0;0;0;0;0;0;0;0;0;0;0;0;0;0;0;0;0;0;0;0;0;0;0;0;0;0;0;0;1;1;0;0;0;0;0;0;0;0;0;0;0;0;0;0;0;0;0;0;0;0;0;0;0;0;0;0;0;0;0;0;0;0
09.01.2024;01:31;A 20;1;0;0;1;13;0;0;0;0;1;40;1;5;1;1;1;1;0;0;0;0;0;0;0;0;0;0;0;0;0;0;0;0;0;0;0;0;0;0;0;0;0;0;0;0;0;0;0;0;0;0;0;0;0;0;0;0;0;0;0;0;0;0;0;0;0;0;0;0;0;0;0;0;0;0;0;0;0;0;0;0;0;0;0;0;0;0;0;0;0;0;0;0;0;0
09.01.2024;01:30;A 20;1;0;0;0;0;0;0;0;0;0;0;0;0;0;0;0;0;0;0;0;0;0;0;0;0;0;0;0;0;0;0;0;0;0;0;0;0;0;0;0;0;0;0;0;0;0;0;0;0;0;0;0;0;0;0;0;0;0;0;0;0;0;0;0;0;0;0;0;0;0;0;0;0;0;0;0;0;0;0;0;0;0;0;0;0;0;0;0;0;0;0;0;0;0;0
09.01.2024;01:29;A 20;1;1;14;0;0;1;1;0;0;0;0;0;0;0;0;0;0;0;0;0;0;0;0;0;0;0;0;0;0;0;0;0;0;0;0;0;0;0;0;0;0;0;0;0;0;0;0;0;0;0;0;0;0;0;0;0;0;0;0;0;0;0;0;0;0;0;0;0;0;0;0;0;0;0;0;0;0;0;0;0;0;0;0;0;0;0;0;0;0;0;0;0;0;0;0
09.01.2024;01:28;A 20;1;0;0;0;0;0;0;0;0;0;0;0;0;0;0;0;0;0;0;0;0;0;0;0;0;0;0;0;0;0;0;0;0;0;0;0;0;0;0;0;0;0;0;0;0;0;0;0;0;0;0;0;0;0;0;0;0;0;0;0;0;1;1;0;0;0;0;0;0;0;0;0;0;0;0;0;0;0;0;0;0;0;0;0;0;0;0;0;0;0;0;0;0;0;0
09.01.2024;01:27;A 20;1;0;0;0;0;0;0;0;0;0;0;0;0;0;0;0;0;0;0;0;0;0;0;0;0;0;0;0;0;1;1;0;0;2;5;0;0;1;0;0;0;0;0;0;0;0;0;0;0;0;0;0;0;1;63;0;0;1;8;0;0;0;0;1;1;0;0;0;0;0;0;0;0;0;0;0;0;0;0;0;0;0;0;0;0;0;0;0;0;0;0;0;0;0;0
09.01.2024;01:26;A 20;1;0;0;0;0;0;0;0;0;0;0;0;0;0;0;0;0;1;50;2;7;1;1;0;0;0;0;0;0;0;0;0;0;0;0;1;3;0;0;0;0;2;3;0;0;1;0;1;1;0;0;0;0;0;0;0;0;0;0;0;0;0;0;1;1;0;0;0;0;0;0;0;0;0;0;0;0;0;0;0;0;0;0;0;0;0;0;0;0;0;0;0;0;0;0
09.01.2024;01:25;A 20;1;0;0;0;0;0;0;0;0;0;0;0;0;0;0;0;0;1;1;2;6;1;1;0;0;0;0;0;0;1;1;0;0;2;5;2;2;1;1;0;0;0;0;0;0;1;1;1;1;0;0;0;0;0;35;1;5;0;34;0;34;3;3;1;1;0;0;0;0;0;0;0;0;0;0;0;0;0;0;0;0;0;0;0;0;0;0;0;0;0;0;0;0;0;0
09.01.2024;01:24;A 20;1;0;0;0;0;0;0;0;0;0;0;0;0;0;0;0;0;0;0;0;0;0;0;0;0;0;0;0;0;0;0;0;0;0;0;0;0;0;0;0;0;0;0;0;0;0;0;0;0;0;0;0;0;1;27;0;0;1;37;1;29;0;0;0;0;0;0;0;0;0;0;0;0;0;0;0;0;0;0;0;0;0;0;0;0;0;0;0;0;0;0;0;0;0;0
09.01.2024;01:23;A 20;1;0;0;0;0;0;0;0;0;0;0;0;0;0;0;0;0;0;0;0;0;0;0;0;0;0;0;0;0;0;0;0;0;0;0;0;0;0;0;0;0;0;0;0;0;0;0;0;0;0;0;0;0;0;0;0;0;0;0;0;0;0;0;0;0;0;0;0;0;0;0;0;0;0;0;0;0;0;0;0;0;0;0;0;0;0;0;0;0;0;0;0;0;0;0
09.01.2024;01:22;A 20;1;1;13;0;0;1;1;0;0;0;0;1;0;0;0;0;0;0;1;0;0;0;0;0;0;0;0;0;0;0;0;0;0;0;0;0;0;0;0;0;0;0;0;0;0;0;0;0;0;0;0;0;0;0;0;1;1;0;0;1;0;0;0;0;0;0;0;0;0;0;0;0;0;0;0;0;0;0;0;0;0;0;0;0;0;0;0;0;0;0;0;0;0;0;0
09.01.2024;01:21;A 20;1;0;0;0;0;0;0;0;0;0;0;0;0;0;0;0;0;1;23;3;8;1;1;0;0;0;0;0;0;1;0;0;0;2;4;0;0;1;0;0;0;0;0;0;0;0;0;0;0;1;2;1;5;0;0;0;0;0;0;0;0;0;0;0;0;0;0;0;0;0;0;0;0;0;0;0;0;0;0;0;0;0;0;0;0;0;0;0;0;0;0;0;0;0;0
09.01.2024;01:20;A 20;1;0;0;0;0;0;0;0;0;0;0;0;0;0;0;0;0;0;0;0;0;0;0;0;0;0;0;0;0;0;0;1;0;0;0;1;0;0;0;1;0;0;0;0;0;0;0;0;0;0;0;0;0;0;0;0;0;0;0;0;0;0;0;0;0;0;0;0;0;0;0;0;0;0;0;0;0;0;0;0;0;0;0;0;0;0;0;0;0;0;0;0;0;0;0
09.01.2024;01:19;A 20;1;0;0;0;6;0;0;0;0;1;22;1;5;1;1;0;0;0;0;0;0;0;0;0;0;0;0;0;0;0;0;0;0;0;0;0;0;0;0;0;0;0;0;0;0;0;0;0;0;0;41;0;40;0;0;0;0;0;0;0;0;2;7;2;1;0;0;0;0;0;0;0;0;0;0;0;0;0;0;0;0;0;0;0;0;0;0;0;0;0;0;0;0;0;0
09.01.2024;01:18;A 20;1;1;13;1;3;1;1;0;0;0;0;1;0;0;0;1;1;0;0;0;0;0;0;1;48;1;5;0;0;1;1;0;0;1;5;0;0;1;0;0;0;0;0;0;0;0;0;0;0;1;38;1;48;0;0;0;0;0;0;0;0;1;0;0;0;0;0;0;0;0;0;0;0;0;0;0;0;0;0;0;0;0;0;0;0;0;0;0;0;0;0;0;0;0;0
09.01.2024;01:17;A 20;1;0;0;0;0;0;0;0;0;0;0;0;0;0;0;0;0;0;0;0;0;0;0;0;0;1;2;1;1;1;12;0;0;2;15;1;13;1;4;1;0;0;0;0;0;0;0;0;0;0;0;0;0;0;0;0;0;0;0;0;0;0;0;0;0;0;0;0;0;0;0;0;0;0;0;0;0;0;0;0;0;0;0;0;0;0;0;0;0;0;0;0;0;0;0
09.01.2024;01:16;A 20;1;0;0;0;0;0;0;0;0;0;0;0;0;0;0;0;0;1;17;2;11;1;0;0;0;0;0;0;0;0;0;0;0;0;0;0;0;0;0;0;0;0;0;0;0;0;0;0;0;0;0;0;0;0;0;0;1;0;0;0;0;0;0;1;1;0;0;0;0;0;0;0;0;0;0;0;0;0;0;0;0;0;0;0;0;0;0;0;0;0;0;0;0;0;0
09.01.2024;01:15;A 20;1;0;52;3;48;1;24;2;3;0;0;0;0;0;0;0;0;0;0;0;0;0;0;0;0;0;0;0;0;0;0;0;0;0;0;0;0;0;0;0;0;0;0;0;0;0;0;0;0;0;0;0;0;0;0;1;70;0;0;3;21;0;0;0;0;0;0;0;0;0;0;0;0;0;0;0;0;0;0;0;0;0;0;0;0;0;0;0;0;0;0;0;0;0;0
09.01.2024;01:14;A 20;1;1;36;1;25;1;5;2;4;0;0;0;0;0;0;1;3;0;0;0;0;0;0;1;31;2;7;1;1;0;0;0;0;0;0;0;0;0;0;0;0;0;0;0;0;0;0;0;0;0;0;0;0;0;0;0;0;0;0;0;0;0;0;0;0;0;0;0;0;0;0;0;0;0;0;0;0;0;0;0;0;0;0;0;0;0;0;0;0;0;0;0;0;0;0
09.01.2024;01:13;A 20;1;0;0;2;16;0;0;2;2;0;0;3;3;0;0;0;0;0;0;0;0;0;0;0;0;0;0;0;0;0;0;0;0;0;0;0;0;0;0;0;0;0;0;0;0;0;0;0;0;0;0;0;0;0;0;0;0;0;0;0;0;0;0;0;0;0;0;0;0;0;0;0;0;0;0;0;0;0;0;0;0;0;0;0;0;0;0;0;0;0;0;0;0;0;0
09.01.2024;01:12;A 20;1;0;0;0;0;0;0;0;0;0;0;0;0;0;0;0;0;0;14;0;0;0;0;0;0;0;0;0;0;0;0;0;0;0;0;0;0;0;0;0;0;0;0;0;0;0;0;0;0;1;2;1;7;1;1;0;0;0;0;0;0;0;0;0;0;0;0;0;0;0;0;0;0;0;0;0;0;0;0;0;0;0;0;0;0;0;0;0;0;0;0;0;0;0;0
09.01.2024;01:11;A 20;1;1;6;0;0;1;0;0;0;0;0;0;0;0;0;0;0;1;31;2;9;1;0;0;0;0;0;0;0;0;0;0;0;0;0;0;0;0;0;0;0;0;0;0;0;0;0;0;0;1;10;1;18;0;0;0;0;0;0;0;0;0;0;0;0;0;0;0;0;1;3;0;0;0;0;0;0;0;0;0;0;0;0;0;0;0;0;0;0;0;0;0;0;0;0
09.01.2024;01:10;A 20;1;0;0;0;0;0;0;0;0;0;0;0;0;0;0;0;0;0;0;0;0;0;0;0;0;0;0;0;0;0;0;0;0;0;0;0;0;0;0;0;0;0;0;0;0;0;0;0;0;0;0;0;0;0;0;0;41;0;0;0;42;1;1;0;0;0;0;0;0;0;0;0;0;0;0;0;0;0;0;0;0;0;0;0;0;0;0;0;0;0;0;0;0;0;0
09.01.2024;01:09;A 20;1;0;0;1;14;0;0;1;1;0;0;1;2;0;0;1;1;0;37;0;0;0;0;0;0;0;0;0;0;1;1;0;0;2;5;0;0;1;0;0;0;0;0;0;0;0;0;0;0;0;0;0;0;0;0;1;33;0;0;2;21;0;0;0;0;0;0;0;0;0;0;0;0;0;0;0;0;0;0;0;0;0;0;0;0;0;0;0;0;0;0;0;0;0;0
09.01.2024;01:08;A 20;1;0;0;1;6;0;0;1;0;0;0;0;0;0;0;1;0;1;20;2;6;1;1;0;0;0;0;0;0;0;0;0;0;0;0;0;0;0;0;0;0;0;0;0;0;0;0;0;0;0;0;0;0;0;0;0;0;0;0;0;0;0;0;0;0;0;0;0;0;0;0;0;0;0;0;0;0;0;0;0;0;0;0;0;0;0;0;0;0;0;0;0;0;0;0
09.01.2024;01:07;A 20;1;1;14;2;21;1;1;1;1;1;26;4;4;1;1;1;1;0;0;0;0;0;0;1;42;4;8;1;1;0;0;0;0;0;0;2;1;0;0;0;0;1;17;0;0;1;1;1;1;0;0;0;0;0;0;0;0;0;0;0;0;1;1;0;0;0;0;0;0;0;0;0;0;0;0;0;0;0;0;0;0;0;0;0;0;0;0;0;0;0;0;0;0;0;0
09.01.2024;01:06;A 20;1;0;0;0;0;0;0;0;0;0;0;0;0;0;0;0;0;0;0;0;0;0;0;1;45;2;6;1;1;0;0;0;0;0;0;0;0;0;0;0;0;0;0;0;0;0;0;0;0;1;64;0;64;0;0;0;0;0;0;0;0;0;0;0;0;0;0;0;0;0;0;0;0;0;0;0;0;0;0;0;0;0;0;0;0;0;0;0;0;0;0;0;0;0;0
09.01.2024;01:05;A 20;1;0;0;1;10;0;0;1;1;0;0;0;0;0;0;0;0;1;49;1;6;1;1;1;59;1;65;1;1;1;0;0;0;1;4;0;0;1;0;0;0;0;0;0;0;0;0;0;0;0;0;1;3;0;0;0;0;0;0;0;0;0;0;0;0;0;0;0;0;0;0;0;0;0;0;0;0;0;0;0;0;0;0;0;0;0;0;0;0;0;0;0;0;0;0
09.01.2024;01:04;A 20;1;0;3;0;0;0;0;0;0;0;0;0;0;0;0;0;0;0;0;0;0;0;0;0;0;0;0;0;0;0;0;0;0;0;0;0;0;0;0;0;0;0;54;0;0;0;0;0;0;0;0;0;0;0;0;0;0;0;0;0;0;0;0;0;0;0;0;0;0;0;0;0;0;0;0;0;0;0;0;0;0;0;0;0;0;0;0;0;0;0;0;0;0;0;0
09.01.2024;01:03;A 20;1;1;10;1;7;1;1;0;0;1;37;3;7;1;1;1;1;1;16;2;11;1;1;0;0;0;0;0;0;0;0;1;0;0;0;2;5;0;0;2;1;1;65;0;0;1;1;1;0;1;2;1;5;1;0;0;0;0;0;0;0;0;0;1;1;0;0;0;0;0;0;0;0;0;0;0;0;0;0;0;0;0;0;0;0;0;0;0;0;0;0;0;0;0;0
09.01.2024;01:02;A 20;1;0;0;0;0;0;0;0;0;0;0;0;0;0;0;0;0;1;29;4;14;1;1;0;0;0;0;0;0;0;0;0;0;0;0;1;3;0;0;0;0;1;17;0;0;1;1;1;1;0;0;0;0;0;0;1;2;0;0;0;0;0;0;0;0;0;0;0;0;0;0;0;0;0;0;0;0;0;0;0;0;0;0;0;0;0;0;0;0;0;0;0;0;0;0
09.01.2024;01:01;A 20;1;0;0;0;0;0;0;0;0;0;0;0;0;0;0;0;0;0;0;0;0;0;0;0;0;0;0;0;0;0;0;0;0;0;0;1;3;0;0;1;0;1;14;0;0;1;4;1;3;0;0;0;0;0;0;1;0;0;0;0;0;0;0;0;0;0;0;0;0;0;0;0;0;0;0;0;0;0;0;0;0;0;0;0;0;0;0;0;0;0;0;0;0;0;0
09.01.2024;01:00;A 20;1;0;0;0;0;0;0;0;0;0;0;0;0;0;0;0;0;0;0;0;0;0;0;0;64;0;0;0;0;0;0;0;0;0;0;0;0;0;0;0;0;0;0;0;0;0;0;0;0;1;10;1;12;0;0;0;26;0;0;0;0;1;0;1;1;0;0;0;0;0;0;0;0;0;0;0;0;0;0;0;0;0;0;0;0;0;0;0;0;0;0;0;0;0;0
