Datum;Uhrzeit;Bezeichnung;Intervall;V21Z;V21B;V22Z;V22B;D51Z;D51B;D81Z;D81B;D82Z;D82B;D91Z;D91B;D41Z;D41B;D42_1Z;D42_1B;_FG32Z;_FG32B;_FG33Z;_FG33B;_FG38Z;_FG38B;V83Z;V83B;V84Z;V84B;V92Z;V92B;V43Z;V43B;V44Z;V44B
31.12.2024;01:00;A 11;1;2;44;0;0;0;0;1;1;2;2;0;0;0;100;0;100;0;0;0;0;0;0;2;18;2;20;3;20;0;0;0;0
31.12.2024;00:59;A 11;1;1;15;0;0;0;0;0;0;1;2;0;0;0;100;0;100;0;0;0;0;0;0;1;8;1;13;1;10;0;0;1;8
31.12.2024;00:58;A 11;1;0;0;2;12;0;0;1;1;1;2;0;0;0;100;0;100;0;0;0;0;0;0;1;20;2;11;1;17;0;0;0;0
31.12.2024;00:57;A 11;1;0;2;0;0;0;0;1;1;2;2;0;0;0;100;0;100;0;0;0;0;0;0;3;28;2;15;2;19;0;0;1;6
31.12.2024;00:56;A 11;1;1;6;2;45;0;0;2;3;0;0;0;0;0;100;0;100;0;0;0;0;0;0;3;30;1;0;1;2;0;0;0;0
31.12.2024;00:55;A 11;1;0;0;1;12;0;0;0;0;0;0;0;0;0;100;0;100;0;0;0;0;0;0;0;0;0;0;0;0;0;0;0;0
31.12.2024;00:54;A 11;1;1;10;0;0;0;0;1;1;0;0;0;0;0;100;0;100;0;0;0;0;0;0;1;15;0;0;0;0;0;0;0;0
31.12.2024;00:53;A 11;1;0;0;0;0;0;0;0;0;1;1;0;0;0;100;0;100;0;0;0;0;0;0;1;7;2;7;1;5;0;0;0;0
31.12.2024;00:52;A 11;1;0;0;0;8;0;0;1;1;0;0;0;0;0;100;0;100;0;0;0;0;0;0;1;11;0;0;0;0;0;0;0;0
31.12.2024;00:51;A 11;1;1;9;1;5;0;0;0;0;1;2;0;0;0;100;0;100;0;0;0;0;0;0;2;10;3;19;0;16;0;0;0;0
31.12.2024;00:50;A 11;1;1;11;0;0;0;0;0;0;3;4;0;0;0;100;0;100;0;0;0;0;0;0;4;28;3;28;4;33;0;0;0;0
31.12.2024;00:49;A 11;1;0;0;1;11;0;0;2;2;0;0;1;1;0;100;0;100;0;0;0;0;0;0;2;22;0;0;0;0;1;7;0;0
31.12.2024;00:48;A 11;1;0;0;4;24;0;0;0;0;0;0;2;2;0;100;0;100;0;0;0;0;0;0;0;0;1;11;1;16;0;0;0;0
31.12.2024;00:47;A 11;1;4;28;0;0;0;0;0;0;0;0;7;12;0;100;0;100;0;0;0;0;0;0;0;0;2;8;1;33;0;0;0;0
31.12.2024;00:46;A 11;1;1;9;0;0;0;0;3;1;3;5;0;0;0;100;0;100;0;0;0;0;0;0;2;31;1;19;1;17;2;12;0;0
31.12.2024;00:45;A 11;1;1;11;1;9;0;0;3;4;1;1;0;0;0;100;0;100;0;0;0;0;0;0;2;32;1;8;4;25;0;0;0;0
31.12.2024;00:44;A 11;1;0;0;0;0;0;0;1;1;1;2;0;0;0;100;0;100;0;0;0;0;0;0;2;20;1;12;1;9;0;0;2;5
31.12.2024;00:43;A 11;1;2;21;0;0;0;0;0;0;0;0;0;0;0;100;0;100;0;0;0;0;0;0;0;0;0;0;0;0;0;0;0;0
31.12.2024;00:42;A 11;1;1;14;0;0;0;0;0;0;2;2;0;0;0;100;0;100;0;0;0;0;0;0;2;19;2;16;2;16;0;0;0;0
31.12.2024;00:41;A 11;1;2;16;1;30;0;0;1;1;1;1;0;0;0;100;0;100;0;0;0;0;0;0;3;16;1;9;1;8;0;0;0;0
31.12.2024;00:40;A 11;1;2;34;1;8;0;0;1;1;0;0;0;0;0;100;0;100;0;0;0;0;0;0;1;9;0;0;1;1;0;0;0;0
31.12.2024;00:39;A 11;1;0;0;0;0;0;0;2;2;2;4;0;0;0;100;0;100;0;0;0;0;0;0;2;43;2;36;1;21;0;0;0;0
31.12.2024;00:38;A 11;1;1;14;1;9;0;0;0;0;1;1;0;0;0;100;0;100;0;0;0;0;0;0;1;9;1;8;1;22;0;0;1;1
31.12.2024;00:37;A 11;1;3;28;0;6;0;0;1;0;1;2;2;3;0;100;0;100;0;0;0;0;0;0;1;13;3;29;3;48;0;0;0;0
31.12.2024;00:36;A 11;1;1;13;2;18;0;0;0;0;0;0;0;0;0;100;0;100;0;0;0;0;0;0;0;0;0;0;0;0;0;0;0;0
31.12.2024;00:35;A 11;1;0;0;1;13;0;0;1;1;2;3;0;0;0;100;0;100;0;0;0;0;0;0;1;50;1;11;2;15;0;0;0;0
31.12.2024;00:34;A 11;1;2;16;0;1;0;0;4;6;2;2;0;0;0;100;0;100;0;0;0;0;0;0;3;52;1;15;2;19;1;9;0;0
31.12.2024;00:33;A 11;1;2;14;3;20;0;0;0;0;1;2;0;0;0;100;0;100;0;0;0;0;0;0;2;26;3;20;2;21;1;1;1;8
31.12.2024;00:32;A 11;1;0;0;0;0;0;0;2;3;0;0;0;0;0;100;0;100;0;0;0;0;0;0;2;22;0;0;0;0;0;0;0;0
31.12.2024;00:31;A 11;1;9;36;3;44;0;0;1;1;0;0;0;0;0;100;0;100;0;0;0;0;0;0;0;5;0;0;0;0;0;0;0;0
31.12.2024;00:30;A 11;1;2;36;0;0;0;0;1;1;1;1;0;0;0;100;0;100;0;0;0;0;0;0;3;19;1;7;1;6;0;0;0;0
31.12.2024;00:29;A 11;1;0;0;2;4;0;0;1;2;1;1;0;0;0;100;0;100;0;0;0;0;0;0;1;11;1;12;1;11;0;0;1;5
31.12.2024;00:28;A 11;1;4;29;1;9;0;0;0;0;0;0;0;0;0;100;0;100;0;0;0;0;0;0;0;0;0;0;0;0;0;0;0;0
31.12.2024;00:27;A 11;1;1;16;0;0;0;0;1;1;0;0;0;0;0;100;0;100;0;0;0;0;0;0;1;10;0;0;0;0;0;0;1;5
31.12.2024;00:26;A 11;1;1;10;1;11;0;0;2;3;1;1;0;0;0;100;0;100;0;0;0;0;0;0;3;34;1;8;1;8;0;0;1;8
31.12.2024;00:25;A 11;1;0;0;2;33;1;1;1;1;2;3;0;0;0;100;0;100;0;0;0;0;0;0;3;42;4;20;2;20;0;0;0;0
31.12.2024;00:24;A 11;1;0;0;0;0;0;0;2;1;3;4;0;0;0;100;0;100;0;0;0;0;0;0;3;34;4;47;3;27;0;0;0;0
31.12.2024;00:23;A 11;1;2;13;2;13;0;0;0;0;0;0;0;0;0;100;0;100;0;0;0;0;0;0;1;4;0;0;1;3;0;0;0;0
31.12.2024;00:22;A 11;1;0;7;0;0;0;0;0;0;1;1;0;0;0;100;0;100;0;0;0;0;0;0;1;4;1;10;1;5;0;0;0;0
31.12.2024;00:21;A 11;1;1;10;1;13;0;0;2;2;0;0;0;0;0;100;0;100;0;0;0;0;0;0;2;22;0;24;0;0;0;0;0;0
31.12.2024;00:20;A 11;1;1;10;0;0;0;0;0;0;3;5;0;0;0;100;0;100;0;0;0;0;0;0;2;32;2;36;2;26;0;0;0;0
31.12.2024;00:19;A 11;1;2;28;1;15;0;0;0;0;2;2;0;0;0;100;0;100;0;0;0;0;0;0;1;14;1;15;0;6;0;0;0;0
31.12.2024;00:18;A 11;1;1;17;1;13;0;0;0;0;0;0;0;0;0;100;0;100;0;0;0;0;0;0;1;8;1;2;1;5;2;19;0;0
31.12.2024;00:17;A 11;1;2;17;2;16;0;0;1;1;0;0;0;0;0;100;0;100;0;0;0;0;0;0;1;17;0;0;0;0;0;0;0;0
31.12.2024;00:16;A 11;1;2;42;2;22;0;0;0;0;0;0;1;1;0;100;0;100;0;0;0;0;0;0;0;0;1;8;1;14;1;10;0;0
31.12.2024;00:15;A 11;1;2;14;0;0;0;0;2;1;2;1;0;0;0;100;0;100;0;0;0;0;0;0;3;24;2;10;2;15;0;0;0;0
31.12.2024;00:14;A 11;1;1;12;3;28;0;0;0;0;2;2;0;0;0;100;0;100;0;0;0;0;0;0;2;21;2;17;2;16;0;0;0;0
31.12.2024;00:13;A 11;1;2;61;4;25;0;0;1;2;1;1;0;0;0;100;0;100;0;0;0;0;0;0;1;24;2;12;2;14;0;0;0;0
31.12.2024;00:12;A 11;1;2;19;1;18;0;0;1;1;2;2;0;0;0;100;0;100;0;0;0;0;0;0;2;9;1;14;1;18;0;0;0;0
31.12.2024;00:11;A 11;1;1;10;1;10;0;0;1;1;1;2;0;0;0;100;0;100;0;0;0;0;0;0;1;13;0;8;0;5;1;9;1;9
31.12.2024;00:10;A 11;1;1;15;1;6;0;0;2;4;1;1;0;0;0;100;0;100;0;0;0;0;0;0;6;38;2;15;2;13;0;0;0;0
31.12.2024;00:09;A 11;1;2;13;0;0;0;0;2;2;2;2;0;0;0;100;0;100;0;0;0;0;0;0;4;40;4;16;3;19;0;0;0;0
31.12.2024;00:08;A 11;1;2;20;1;7;0;0;0;0;0;0;0;0;0;100;0;100;0;0;0;0;0;0;0;0;0;0;0;0;0;0;0;0
31.12.2024;00:07;A 11;1;2;22;0;0;0;0;1;1;0;0;0;0;0;100;0;100;0;0;0;0;0;0;1;11;0;0;0;0;0;0;1;1
31.12.2024;00:06;A 11;1;3;38;2;22;2;0;0;0;1;2;3;5;0;100;0;100;0;0;0;0;0;0;2;12;1;15;1;70;2;11;0;0
31.12.2024;00:05;A 11;1;0;0;2;71;0;0;0;0;0;0;0;0;0;100;0;100;0;0;0;0;0;0;0;0;0;0;0;0;0;0;0;0
31.12.2024;00:04;A 11;1;2;8;2;9;1;0;1;2;2;3;0;0;0;100;0;100;0;0;0;0;0;0;3;32;1;20;9;26;0;0;0;0
31.12.2024;00:03;A 11;1;0;0;0;0;0;0;3;5;2;5;1;1;0;100;0;100;0;0;0;0;0;0;1;63;4;30;10;49;1;7;0;0
31.12.2024;00:02;A 11;1;5;39;1;14;0;0;0;0;0;0;0;0;0;100;0;100;0;0;0;0;0;0;0;0;0;0;0;0;0;0;0;0
31.12.2024;00:01;A 11;1;1;7;0;0;0;0;2;3;2;2;0;0;0;100;0;100;0;0;0;0;0;0;1;19;3;15;2;20;0;0;1;10
31.12.2024;00:00;A 11;1;0;0;1;13;0;0;2;3;3;3;0;0;0;100;0;100;0;0;0;0;0;0;2;32;3;18;2;19;0;0;0;0
30.12.2024;23:59;A 11;1;1;14;0;0;0;0;1;2;0;0;0;0;0;100;0;100;0;0;0;0;0;0;2;23;0;0;2;6;0;0;0;0
30.12.2024;23:58;A 11;1;1;9;1;6;0;0;1;1;1;1;0;0;0;100;0;100;0;0;0;0;0;0;3;17;1;9;1;9;0;0;0;0
30.12.2024;23:57;A 11;1;1;21;2;18;0;0;1;1;2;2;2;3;0;100;0;100;0;0;0;0;0;0;2;27;3;23;13;42;1;7;1;1
30.12.2024;23:56;A 11;1;0;0;1;10;0;0;2;5;0;0;0;0;0;100;0;100;0;0;0;0;0;0;1;45;0;0;0;0;1;6;0;0
30.12.2024;23:55;A 11;1;5;31;2;28;0;0;2;3;0;0;0;0;0;100;0;100;0;0;0;0;0;0;3;34;1;4;1;7;0;0;0;0
30.12.2024;23:54;A 11;1;1;15;2;19;0;0;2;3;0;1;0;0;0;100;0;100;0;0;0;0;0;0;3;29;0;11;0;6;0;0;0;0
30.12.2024;23:53;A 11;1;0;0;1;28;0;0;3;4;5;7;0;0;0;100;0;100;0;0;0;0;0;0;3;56;3;56;6;51;0;0;0;0
30.12.2024;23:52;A 11;1;3;33;2;40;0;0;1;1;4;7;0;0;0;100;0;100;0;0;0;0;0;0;3;25;4;39;3;39;0;0;0;0
30.12.2024;23:51;A 11;1;2;49;2;43;0;0;2;3;0;0;0;0;0;100;0;100;1;5;0;0;0;0;4;24;1;5;1;8;0;0;0;0
30.12.2024;23:50;A 11;1;2;8;2;52;0;0;3;3;3;7;0;0;0;100;0;100;0;0;0;0;0;0;4;43;3;37;3;19;0;0;0;0
30.12.2024;23:49;A 11;1;3;35;3;21;0;0;2;1;1;2;0;0;0;100;0;100;0;0;0;0;0;0;2;19;1;13;1;13;0;0;0;0
30.12.2024;23:48;A 11;1;0;0;1;11;0;0;0;0;2;2;0;0;0;100;0;100;0;0;0;0;0;0;1;6;2;14;2;18;0;0;0;0
30.12.2024;23:47;A 11;1;2;25;0;0;0;0;1;1;0;0;0;0;0;100;0;100;0;0;0;0;0;0;1;8;0;2;0;0;0;0;0;0
30.12.2024;23:46;A 11;1;1;14;0;0;0;0;1;2;3;4;2;3;0;100;0;100;0;0;0;0;0;0;4;33;5;40;4;45;0;0;0;0
30.12.2024;23:45;A 11;1;0;0;2;21;0;0;2;2;0;0;0;0;0;100;0;100;0;0;0;0;0;0;2;21;0;0;0;0;0;0;2;8
30.12.2024;23:44;A 11;1;1;15;1;11;0;0;0;0;1;1;0;0;0;100;0;100;0;0;0;0;0;0;1;9;2;10;1;9;0;0;0;0
30.12.2024;23:43;A 11;1;0;0;1;10;0;0;2;5;0;0;0;0;0;100;0;100;0;0;0;0;0;0;2;46;0;0;0;0;0;0;0;0
30.12.2024;23:42;A 11;1;0;0;1;10;0;0;0;0;1;1;0;0;0;100;0;100;0;0;0;0;0;0;2;8;1;10;1;11;0;0;0;0
30.12.2024;23:41;A 11;1;1;5;3;33;0;0;1;1;0;0;0;0;0;100;0;100;0;0;0;0;0;0;1;12;0;0;0;0;1;8;0;0
30.12.2024;23:40;A 11;1;2;15;1;39;0;0;2;1;1;1;0;0;0;100;0;100;0;0;0;0;0;0;2;14;1;7;1;6;0;5;1;12
30.12.2024;23:39;A 11;1;2;71;1;8;0;0;3;1;2;3;0;0;0;100;0;100;0;0;0;0;0;0;2;16;1;29;1;14;1;3;0;0
30.12.2024;23:38;A 11;1;0;0;0;0;0;0;1;2;1;1;2;2;0;100;0;100;0;0;0;0;0;0;2;17;1;16;22;49;0;0;0;0
30.12.2024;23:37;A 11;1;1;36;1;10;0;0;2;2;1;1;0;0;0;100;0;100;0;0;0;0;0;0;2;30;3;13;2;21;2;9;0;0
30.12.2024;23:36;A 11;1;4;80;1;12;0;0;2;2;2;3;0;0;0;100;0;100;0;0;0;0;0;0;2;22;3;22;1;28;0;0;0;0
30.12.2024;23:35;A 11;1;2;19;2;13;0;0;0;0;1;1;0;0;0;100;0;100;0;0;0;0;0;0;2;6;2;10;2;12;0;0;0;0
30.12.2024;23:34;A 11;1;1;27;2;23;0;0;0;0;0;0;0;0;0;100;0;100;0;0;0;0;0;0;0;0;0;0;0;0;0;0;0;0
30.12.2024;23:33;A 11;1;2;29;1;1;0;0;2;3;1;2;0;0;0;100;0;100;0;0;0;0;0;0;3;27;1;15;2;20;0;0;0;0
30.12.2024;23:32;A 11;1;2;17;1;18;0;0;1;1;0;0;0;0;0;100;0;100;0;0;0;0;0;0;1;11;0;0;4;6;0;0;1;4
30.12.2024;23:31;A 11;1;1;41;1;16;0;0;2;5;1;2;0;0;0;100;0;100;0;0;0;0;0;0;1;54;2;15;1;11;0;0;2;7
30.12.2024;23:30;A 11;1;2;27;1;6;0;0;5;3;4;9;0;0;0;100;0;100;0;0;0;0;0;0;5;36;2;46;3;33;0;0;0;0
30.12.2024;23:29;A 11;1;1;12;1;14;0;0;2;3;0;0;0;0;0;100;0;100;0;0;0;0;0;0;1;18;1;5;0;0;0;0;0;0
30.12.2024;23:28;A 11;1;0;0;0;0;0;0;4;3;4;4;0;0;0;100;0;100;0;0;0;0;0;0;5;48;5;32;4;33;0;4;0;0
30.12.2024;23:27;A 11;1;1;12;1;16;0;0;2;1;2;2;0;0;0;100;0;100;0;0;0;0;0;0;1;19;2;15;1;19;1;5;0;0
30.12.2024;23:26;A 11;1;1;12;1;7;1;0;1;2;2;1;0;0;0;100;0;100;0;0;0;0;0;0;3;25;2;9;3;9;1;13;2;7
30.12.2024;23:25;A 11;1;5;63;3;44;0;0;6;18;5;15;0;0;0;100;0;100;0;0;0;0;0;0;2;77;1;54;1;52;0;0;0;0
30.12.2024;23:24;A 11;1;1;12;3;27;0;0;4;3;3;3;0;0;0;100;0;100;0;0;0;0;0;0;4;52;5;23;3;20;0;0;1;9
30.12.2024;23:23;A 11;1;2;22;1;7;0;0;2;2;2;3;0;0;0;100;0;100;0;0;0;0;0;0;6;32;3;22;2;29;0;0;0;0
30.12.2024;23:22;A 11;1;1;86;0;6;0;0;2;2;3;2;0;0;0;100;0;100;0;0;0;0;0;1;0;34;3;16;1;23;1;1;2;8
30.12.2024;23:21;A 11;1;2;31;1;6;0;0;3;6;1;1;0;0;0;100;0;100;0;0;0;0;1;1;3;66;2;10;4;14;0;0;0;0
30.12.2024;23:20;A 11;1;5;80;3;7;0;0;0;0;0;0;0;0;0;100;0;100;0;0;0;0;0;0;0;0;0;0;0;0;0;2;0;0
30.12.2024;23:19;A 11;1;3;37;1;8;0;0;1;1;5;8;0;0;0;100;0;100;0;0;0;0;0;0;4;58;5;48;5;40;1;8;0;0
30.12.2024;23:18;A 11;1;0;44;1;8;0;0;2;3;3;6;0;0;0;100;0;100;0;0;0;0;0;0;2;50;2;34;2;15;0;0;0;0
30.12.2024;23:17;A 11;1;3;51;3;63;0;0;1;2;2;2;3;5;0;100;0;100;0;0;0;0;0;0;3;30;3;28;3;34;1;7;0;0
30.12.2024;23:16;A 11;1;1;5;1;20;0;0;1;1;0;0;0;0;0;100;0;100;0;0;0;0;0;0;1;12;0;0;0;0;0;0;0;0
30.12.2024;23:15;A 11;1;3;80;2;70;0;0;2;2;3;4;0;0;0;100;0;100;0;0;0;0;0;0;3;42;3;30;2;26;0;0;0;0
30.12.2024;23:14;A 11;1;1;0;2;27;0;0;1;0;2;4;0;0;0;100;0;100;0;0;0;0;0;0;2;28;5;27;2;19;0;0;2;7
30.12.2024;23:13;A 11;1;2;45;1;39;0;0;3;3;4;4;0;0;0;100;0;100;0;0;0;0;0;0;4;47;5;32;2;36;0;0;1;5
30.12.2024;23:12;A 11;1;2;20;0;0;0;0;3;3;1;1;0;0;0;100;0;100;0;0;0;0;0;0;3;27;2;10;2;8;0;0;0;0
30.12.2024;23:11;A 11;1;1;41;0;0;0;0;0;0;0;0;0;0;0;100;0;100;0;0;0;0;0;0;0;0;0;0;0;0;0;0;0;0
30.12.2024;23:10;A 11;1;2;53;1;18;0;0;3;3;1;3;1;2;0;100;0;100;1;2;1;5;0;0;2;32;1;37;1;65;1;1;0;0
30.12.2024;23:09;A 11;1;2;60;2;56;0;0;1;1;3;6;2;3;0;100;0;100;0;0;0;0;0;0;2;30;2;25;1;42;0;0;0;0
30.12.2024;23:08;A 11;1;3;89;1;69;0;0;1;2;1;1;0;0;0;100;0;100;0;0;0;0;0;0;2;22;1;5;1;6;0;0;0;0
30.12.2024;23:07;A 11;1;1;14;1;4;0;0;2;3;3;4;0;0;0;100;0;100;0;0;2;5;1;3;5;43;4;25;1;16;0;0;0;0
30.12.2024;23:06;A 11;1;0;0;0;0;0;0;1;1;3;3;0;0;0;100;0;100;0;0;0;0;0;0;5;37;5;26;4;27;0;0;0;0
30.12.2024;23:05;A 11;1;2;19;1;26;0;0;1;3;0;0;0;0;0;100;0;100;0;0;0;0;0;0;0;19;0;1;0;0;0;0;0;0
30.12.2024;23:04;A 11;1;0;0;2;12;0;0;2;4;2;3;0;0;0;100;0;100;0;0;0;0;0;0;3;43;4;21;3;20;0;0;0;0
30.12.2024;23:03;A 11;1;3;13;1;11;0;0;2;1;1;1;0;0;0;100;0;100;0;0;0;0;0;0;2;19;1;6;1;6;0;0;0;0
30.12.2024;23:02;A 11;1;2;11;1;9;0;0;2;2;5;5;0;0;0;100;0;100;0;0;0;0;0;0;6;42;5;39;4;39;0;0;0;0
30.12.2024;23:01;A 11;1;3;33;1;11;0;0;2;1;3;4;0;0;0;100;0;100;0;0;0;0;0;0;4;31;3;28;3;29;0;0;1;9
30.12.2024;23:00;A 11;1;0;52;2;19;0;0;2;3;1;1;0;0;0;100;0;100;0;0;0;0;0;0;3;28;1;11;1;14;0;0;0;0
30.12.2024;22:59;A 11;1;1;69;2;19;1;0;2;3;1;1;0;0;0;100;0;100;0;0;0;0;1;3;2;22;1;8;1;16;0;0;2;14
30.12.2024;22:58;A 11;1;3;51;2;24;0;0;5;5;1;1;1;2;0;100;0;100;0;0;0;0;0;0;2;44;5;12;8;55;2;35;0;0
30.12.2024;22:57;A 11;1;4;85;1;13;0;0;1;1;1;4;1;3;0;100;0;100;0;0;0;0;0;0;3;37;2;25;3;35;1;2;0;0
30.12.2024;22:56;A 11;1;0;38;1;47;0;0;2;3;5;6;1;0;0;100;0;100;0;0;0;0;0;0;3;43;4;41;3;66;1;12;0;0
30.12.2024;22:55;A 11;1;1;40;2;51;0;0;0;0;3;4;0;0;0;100;0;100;0;0;0;0;0;0;2;14;3;42;2;29;0;0;0;0
30.12.2024;22:54;A 11;1;3;32;3;40;0;0;2;2;3;6;0;0;0;100;0;100;0;0;0;0;0;0;4;33;3;30;5;49;0;0;0;0
30.12.2024;22:53;A 11;1;2;46;1;13;0;0;3;3;2;1;0;0;0;100;0;100;1;5;0;0;0;0;2;32;1;14;5;27;0;0;0;0
30.12.2024;22:52;A 11;1;1;72;2;23;0;0;1;1;1;1;0;0;0;100;0;100;0;0;0;0;0;0;2;13;3;10;2;27;0;0;0;0
30.12.2024;22:51;A 11;1;2;62;2;17;0;0;3;9;1;2;3;5;0;100;0;100;0;0;0;0;0;0;4;55;1;28;2;88;0;0;0;0
30.12.2024;22:50;A 11;1;1;6;2;21;0;0;3;5;3;3;0;0;0;100;0;100;0;0;0;0;0;0;7;53;5;25;3;29;0;0;0;0
30.12.2024;22:49;A 11;1;3;24;1;10;0;0;3;4;3;4;0;0;0;100;0;100;0;0;0;0;0;0;3;51;2;28;3;24;0;0;0;0
30.12.2024;22:48;A 11;1;3;33;2;30;0;0;2;1;4;6;0;0;0;100;0;100;0;0;0;0;0;0;3;45;4;25;3;27;0;0;0;0
30.12.2024;22:47;A 11;1;3;68;2;47;0;0;1;2;0;0;0;0;0;100;0;100;0;0;0;0;0;0;0;13;0;0;0;0;2;9;0;0
30.12.2024;22:46;A 11;1;1;62;0;33;1;1;2;3;0;0;0;0;0;100;0;100;0;0;0;0;0;0;3;21;0;0;0;0;0;0;0;0
30.12.2024;22:45;A 11;1;2;38;3;17;0;0;0;0;0;0;0;0;0;100;0;100;0;0;0;0;0;0;0;0;0;0;0;0;1;2;1;5
30.12.2024;22:44;A 11;1;2;63;2;30;0;0;2;1;3;3;0;0;0;100;0;100;0;0;0;0;0;0;1;18;1;20;1;21;1;9;2;8
30.12.2024;22:43;A 11;1;4;28;2;30;0;0;4;7;2;4;0;0;0;100;0;100;0;0;0;0;0;0;3;68;2;25;2;18;0;0;0;0
30.12.2024;22:42;A 11;1;1;7;1;26;0;0;2;1;1;2;0;0;0;100;0;100;0;0;0;0;0;0;3;23;4;10;1;7;0;0;0;0
30.12.2024;22:41;A 11;1;5;33;0;68;1;8;0;0;1;1;0;0;0;100;0;100;0;0;0;0;0;0;3;13;1;8;2;11;0;0;0;0
30.12.2024;22:40;A 11;1;4;41;2;47;0;0;0;0;1;2;0;0;0;100;0;100;0;0;0;0;0;0;1;15;1;15;1;10;1;6;0;0
30.12.2024;22:39;A 11;1;1;75;1;53;0;0;4;5;6;6;0;0;0;100;0;100;0;0;0;0;0;0;4;46;3;35;2;39;0;0;3;7
30.12.2024;22:38;A 11;1;2;27;1;17;0;0;1;2;1;1;0;0;0;100;0;100;0;0;0;0;0;0;1;53;1;9;1;6;0;0;0;0
30.12.2024;22:37;A 11;1;2;62;1;13;0;0;2;2;2;2;0;0;0;100;0;100;0;0;0;0;0;0;3;32;2;17;3;18;0;0;0;0
30.12.2024;22:36;A 11;1;1;21;0;0;0;0;4;4;1;2;0;0;0;100;0;100;0;0;0;0;0;0;2;35;2;13;2;13;0;0;0;0
30.12.2024;22:35;A 11;1;2;21;4;54;0;0;1;1;3;7;0;0;0;100;0;100;0;0;0;0;0;0;3;26;4;35;5;45;1;16;1;13
30.12.2024;22:34;A 11;1;0;52;2;63;0;0;3;4;3;3;1;0;0;100;0;100;0;0;0;0;0;0;2;40;3;27;4;53;4;26;1;3
30.12.2024;22:33;A 11;1;1;74;4;17;0;0;3;3;5;12;2;2;0;100;0;100;0;0;0;0;0;0;1;40;2;50;2;86;0;0;0;0
30.12.2024;22:32;A 11;1;2;49;1;36;0;0;4;4;4;5;0;0;0;100;0;100;0;0;0;0;0;0;1;51;5;40;2;15;2;6;0;0
30.12.2024;22:31;A 11;1;0;0;1;9;0;0;4;3;4;38;1;2;0;100;0;100;0;0;0;0;0;0;5;44;2;68;2;38;0;0;0;0
30.12.2024;22:30;A 11;1;2;53;1;48;0;0;0;0;1;1;0;0;0;100;0;100;0;0;0;0;0;0;2;13;2;11;2;12;2;7;0;0
30.12.2024;22:29;A 11;1;2;24;0;0;0;0;0;0;2;2;1;1;0;100;0;100;0;0;0;0;0;0;3;9;5;12;2;15;0;0;0;0
30.12.2024;22:28;A 11;1;1;33;3;26;0;0;0;0;1;2;2;2;0;100;0;100;0;0;0;0;0;0;2;8;1;16;4;18;0;0;0;0
30.12.2024;22:27;A 11;1;3;40;2;33;0;0;3;6;3;5;3;5;0;100;0;100;0;0;0;0;0;0;1;63;5;50;3;30;0;0;0;0
30.12.2024;22:26;A 11;1;1;11;0;18;0;0;0;0;0;0;0;0;0;100;0;100;0;0;0;0;0;0;0;0;1;5;0;4;0;0;0;0
30.12.2024;22:25;A 11;1;2;23;4;45;1;1;4;5;8;11;0;0;0;100;0;100;0;0;0;0;0;0;9;72;5;51;5;48;1;6;3;9
30.12.2024;22:24;A 11;1;2;73;3;75;0;0;2;3;1;1;0;0;0;100;0;100;0;0;0;0;0;0;2;28;2;16;3;19;0;0;0;0
30.12.2024;22:23;A 11;1;3;13;2;76;0;0;2;5;1;2;0;0;0;100;0;100;0;0;0;0;0;0;3;50;1;13;1;12;0;0;0;0
30.12.2024;22:22;A 11;1;1;12;0;0;0;0;4;4;3;3;1;3;0;100;0;100;0;0;0;0;0;0;2;65;4;21;6;18;0;0;0;0
30.12.2024;22:21;A 11;1;1;11;2;25;0;0;2;3;2;2;3;4;0;100;0;100;0;0;0;0;0;0;2;47;6;37;5;45;0;0;0;0
30.12.2024;22:20;A 11;1;3;83;4;23;0;0;2;2;2;2;0;0;0;100;0;100;0;0;0;0;0;0;2;26;2;20;2;20;0;0;0;0
30.12.2024;22:19;A 11;1;1;60;3;47;0;0;2;2;4;5;0;0;0;100;0;100;0;0;0;0;0;0;2;34;2;27;2;24;0;0;0;0
30.12.2024;22:18;A 11;1;4;38;0;0;0;0;5;4;3;3;0;0;0;100;0;100;0;0;0;0;0;0;2;29;2;21;1;21;0;0;0;0
30.12.2024;22:17;A 11;1;2;11;2;58;0;0;2;2;2;2;0;0;0;100;0;100;0;0;0;0;0;0;5;22;2;19;2;17;0;0;0;0
30.12.2024;22:16;A 11;1;2;49;1;27;0;0;1;1;2;2;0;0;0;100;0;100;0;0;0;0;0;0;3;18;3;16;2;19;0;0;0;0
30.12.2024;22:15;A 11;1;3;36;2;29;0;0;1;1;0;0;0;0;0;100;0;100;0;0;0;0;0;0;1;8;0;0;0;0;0;0;1;8
30.12.2024;22:14;A 11;1;2;70;2;29;0;11;1;2;2;2;0;0;0;100;0;100;0;0;0;0;0;0;3;24;7;19;3;21;0;0;0;0
30.12.2024;22:13;A 11;1;3;47;4;30;1;26;0;0;2;2;0;0;0;100;0;100;0;0;0;0;0;0;3;13;5;13;3;9;0;0;0;0
30.12.2024;22:12;A 11;1;4;36;2;19;0;0;2;2;4;4;0;0;0;100;0;100;0;0;0;0;0;0;2;27;3;25;2;25;1;25;2;11
30.12.2024;22:11;A 11;1;2;82;5;34;0;0;2;3;1;2;0;0;0;100;0;100;0;0;0;0;0;0;1;23;0;6;0;4;0;0;0;0
30.12.2024;22:10;A 11;1;2;35;2;14;0;0;0;0;5;6;3;5;0;100;0;100;0;0;0;0;0;0;6;48;5;50;15;76;0;0;0;0
30.12.2024;22:09;A 11;1;1;13;1;8;0;0;1;1;1;1;0;0;0;100;0;100;0;0;0;0;0;0;1;10;1;7;0;0;0;0;0;0
30.12.2024;22:08;A 11;1;3;49;2;28;1;1;0;0;0;0;0;0;0;100;0;100;0;0;0;0;0;0;0;0;0;0;0;15;0;0;0;0
30.12.2024;22:07;A 11;1;2;18;3;28;0;0;3;3;2;2;2;3;0;100;0;100;0;0;0;0;0;0;5;40;3;17;1;61;0;0;0;0
30.12.2024;22:06;A 11;1;0;79;1;10;0;0;1;2;2;3;0;0;0;100;0;100;0;0;0;0;0;0;3;22;3;18;2;17;0;0;2;16
30.12.2024;22:05;A 11;1;3;16;2;27;0;0;1;1;3;5;0;0;0;100;0;100;0;0;0;0;0;0;2;23;2;54;3;23;0;0;0;0
30.12.2024;22:04;A 11;1;3;59;2;42;0;0;1;1;1;1;0;0;0;100;0;100;0;0;0;0;0;0;2;17;1;10;1;9;0;0;1;7
30.12.2024;22:03;A 11;1;1;7;2;24;0;0;2;2;1;1;0;0;0;100;0;100;0;0;0;0;0;0;2;18;1;7;2;7;0;0;0;0
30.12.2024;22:02;A 11;1;1;8;0;0;0;0;1;1;1;1;0;0;0;100;0;100;1;2;0;0;0;0;1;8;1;8;2;24;0;0;0;0
30.12.2024;22:01;A 11;1;4;22;3;33;0;0;1;1;2;3;0;0;0;100;0;100;0;0;0;0;0;0;1;28;2;19;2;34;0;0;0;0
30.12.2024;22:00;A 11;1;1;18;0;9;0;0;1;1;2;2;0;0;0;100;0;100;0;0;0;0;0;0;1;16;2;14;1;21;0;0;0;0
30.12.2024;21:59;A 11;1;1;24;3;21;1;1;1;2;1;1;0;0;0;100;0;100;0;0;0;0;0;0;2;16;1;11;3;24;1;5;2;8
30.12.2024;21:58;A 11;1;3;31;2;33;0;0;3;3;3;2;0;0;0;100;0;100;0;0;0;0;0;0;1;23;3;17;2;26;0;0;0;0
30.12.2024;21:57;A 11;1;3;40;1;16;0;0;0;0;3;3;0;0;0;100;0;100;0;0;0;0;0;0;4;24;3;20;2;39;1;4;2;6
30.12.2024;21:56;A 11;1;1;3;2;30;0;0;1;1;0;0;0;0;0;100;0;100;0;0;0;0;0;0;2;11;0;19;0;0;0;0;0;0
30.12.2024;21:55;A 11;1;2;27;4;86;0;0;2;1;4;9;0;0;0;100;0;100;0;0;0;0;0;0;4;48;1;49;1;37;0;0;0;0
30.12.2024;21:54;A 11;1;3;35;3;35;0;0;3;5;1;1;0;0;0;100;0;100;0;0;0;0;1;3;2;42;2;12;5;30;0;0;1;8
30.12.2024;21:53;A 11;1;4;34;1;5;0;0;2;2;6;21;0;0;0;100;0;100;0;0;0;0;0;0;3;47;3;47;1;48;0;0;0;0
30.12.2024;21:52;A 11;1;3;53;2;28;0;0;2;5;5;18;0;0;0;100;0;100;0;0;0;0;0;0;1;40;1;52;1;38;0;0;0;0
30.12.2024;21:51;A 11;1;1;24;3;19;0;0;3;3;4;4;2;3;0;100;0;100;0;0;0;0;0;0;4;37;9;45;5;45;0;0;0;0
30.12.2024;21:50;A 11;1;2;73;3;34;0;0;2;2;2;3;0;0;0;100;0;100;0;0;0;0;0;0;2;17;3;15;2;9;1;9;0;0
30.12.2024;21:49;A 11;1;2;54;2;22;0;0;2;5;3;9;0;0;0;100;0;100;0;0;0;0;0;0;2;24;1;27;1;28;0;0;0;0
30.12.2024;21:48;A 11;1;2;25;4;76;0;0;6;10;4;10;0;0;0;100;0;100;0;0;0;0;0;0;1;49;3;39;2;33;1;14;0;0
30.12.2024;21:47;A 11;1;4;38;2;48;0;0;3;2;3;3;0;0;0;100;0;100;0;0;0;0;0;0;3;36;3;22;3;16;1;4;0;0
30.12.2024;21:46;A 11;1;1;15;0;0;0;0;1;0;5;10;1;1;0;100;0;100;0;0;0;0;0;0;5;34;2;47;2;27;0;0;1;1
30.12.2024;21:45;A 11;1;1;18;2;27;0;0;2;4;1;2;2;2;0;100;0;100;0;0;0;0;0;0;1;24;2;22;1;19;0;0;1;6
30.12.2024;21:44;A 11;1;2;48;3;36;0;0;1;2;2;3;0;0;0;100;0;100;0;0;0;0;0;0;3;26;2;28;4;19;0;0;0;0
30.12.2024;21:43;A 11;1;2;72;1;31;0;0;1;2;2;4;0;0;0;100;0;100;0;0;0;0;0;0;2;22;1;42;3;18;0;0;0;0
30.12.2024;21:42;A 11;1;2;66;1;15;0;0;3;4;2;3;0;0;0;100;0;100;0;0;0;0;0;0;1;76;2;22;2;18;0;0;0;0
30.12.2024;21:41;A 11;1;3;65;2;61;0;0;2;3;2;4;0;0;0;100;0;100;0;0;0;0;1;3;2;34;1;33;1;24;0;0;0;0
30.12.2024;21:40;A 11;1;2;9;1;14;0;0;0;0;1;1;0;0;0;100;0;100;0;0;0;0;0;0;1;3;2;9;2;11;0;0;0;0
30.12.2024;21:39;A 11;1;0;0;0;0;1;1;4;5;0;0;0;0;0;100;0;100;0;0;0;0;0;0;4;41;0;0;2;12;0;0;1;10
30.12.2024;21:38;A 11;1;2;38;1;15;0;0;2;2;4;3;0;0;0;100;0;100;0;0;0;0;0;0;2;29;3;22;3;29;0;0;1;6
30.12.2024;21:37;A 11;1;4;47;2;5;0;0;3;5;1;1;0;0;0;100;0;100;0;0;0;0;0;0;3;43;1;10;5;13;1;7;1;1
30.12.2024;21:36;A 11;1;4;52;2;22;0;0;3;4;1;1;0;0;0;100;0;100;0;0;0;0;0;0;2;34;1;9;1;8;0;0;1;7
30.12.2024;21:35;A 11;1;2;93;1;10;0;0;1;3;2;4;0;0;0;100;0;100;0;0;0;0;0;0;0;15;1;16;0;14;0;0;0;0
30.12.2024;21:34;A 11;1;0;0;2;29;0;0;2;3;2;3;0;0;0;100;0;100;0;0;0;0;0;0;2;38;3;33;3;43;0;0;0;0
30.12.2024;21:33;A 11;1;1;21;1;56;0;0;2;1;4;4;2;2;0;100;0;100;0;0;0;0;0;0;6;32;6;34;3;53;0;0;0;0
30.12.2024;21:32;A 11;1;1;14;2;43;0;0;4;3;1;1;3;5;0;100;0;100;0;0;0;0;0;0;1;23;1;16;4;37;0;0;0;0
30.12.2024;21:31;A 11;1;1;45;0;0;0;0;1;2;4;4;0;0;0;100;0;100;0;0;0;0;0;0;4;34;4;32;4;58;0;0;0;0
30.12.2024;21:30;A 11;1;4;34;2;17;0;0;0;0;0;0;0;0;0;100;0;100;0;0;0;0;0;0;0;0;0;0;2;1;0;0;0;0
30.12.2024;21:29;A 11;1;3;46;2;71;0;0;2;4;1;1;3;4;0;100;0;100;0;0;0;0;0;0;4;35;3;15;3;88;0;0;1;9
30.12.2024;21:28;A 11;1;1;2;3;55;0;0;3;7;1;1;0;0;0;100;0;100;0;0;0;0;0;0;0;49;2;14;1;12;0;0;0;0
30.12.2024;21:27;A 11;1;2;43;1;15;0;0;1;1;1;1;3;5;0;100;0;100;0;0;0;0;0;0;2;15;2;10;3;87;1;10;0;0
30.12.2024;21:26;A 11;1;0;0;1;12;0;0;4;5;6;9;4;6;0;100;0;100;0;0;0;0;0;0;6;49;6;56;5;63;2;12;1;9
30.12.2024;21:25;A 11;1;2;48;1;40;0;0;3;3;6;6;0;0;0;100;0;100;0;0;0;0;0;0;4;40;3;43;3;38;2;62;0;0
30.12.2024;21:24;A 11;1;1;59;1;60;0;0;3;1;4;7;0;0;0;100;0;100;0;0;0;0;0;0;5;27;4;47;5;47;1;9;0;0
30.12.2024;21:23;A 11;1;1;9;2;26;0;0;5;4;3;2;0;0;0;100;0;100;0;0;0;0;1;5;3;35;2;15;2;18;0;0;2;10
30.12.2024;21:22;A 11;1;1;9;2;20;0;0;6;11;4;5;0;0;0;100;0;100;0;0;0;0;0;0;4;45;3;32;2;34;1;6;1;9
30.12.2024;21:21;A 11;1;1;7;1;6;0;0;2;2;2;2;0;0;0;100;0;100;0;0;0;0;0;0;4;32;4;15;4;30;1;8;0;0
30.12.2024;21:20;A 11;1;4;53;2;70;1;2;1;2;2;2;0;0;0;100;0;100;0;0;0;0;0;0;3;27;2;15;2;19;0;0;0;0
30.12.2024;21:19;A 11;1;1;15;3;30;0;0;3;4;1;0;1;1;0;100;0;100;0;0;0;0;1;3;2;26;1;6;1;10;0;0;2;13
30.12.2024;21:18;A 11;1;2;24;0;1;1;2;3;3;3;5;0;0;0;100;0;100;0;0;0;0;0;0;4;34;2;34;2;28;1;11;1;16
30.12.2024;21:17;A 11;1;5;46;2;62;0;0;0;0;1;1;2;2;0;100;0;100;0;0;0;0;0;0;2;11;4;22;2;25;0;0;1;5
30.12.2024;21:16;A 11;1;1;77;4;60;1;0;4;3;1;2;0;0;0;100;0;100;0;0;0;0;0;0;3;29;1;13;1;12;1;5;0;0
30.12.2024;21:15;A 11;1;2;32;2;19;0;0;3;3;1;1;0;0;0;100;0;100;0;0;0;0;0;0;2;28;1;6;2;6;0;0;0;0
30.12.2024;21:14;A 11;1;1;69;2;34;0;0;4;4;5;7;0;0;0;100;0;100;0;0;0;0;0;0;5;46;5;46;3;58;0;0;0;0
30.12.2024;21:13;A 11;1;2;27;3;81;1;1;2;3;3;3;0;0;0;100;0;100;0;0;0;4;0;0;3;26;4;27;3;22;0;0;0;0
30.12.2024;21:12;A 11;1;6;70;1;58;0;0;2;2;0;0;2;2;0;100;0;100;0;0;1;1;0;0;3;22;1;10;1;14;0;0;0;0
30.12.2024;21:11;A 11;1;2;34;3;33;0;0;2;2;2;2;0;0;0;100;0;100;0;0;0;0;0;0;2;61;2;15;1;13;1;12;0;0
30.12.2024;21:10;A 11;1;1;65;1;34;0;0;3;4;5;16;2;3;0;100;0;100;0;0;0;0;0;0;4;69;4;65;6;75;0;0;0;0
30.12.2024;21:09;A 11;1;2;57;5;57;0;0;3;5;1;1;0;0;0;100;0;100;0;0;0;0;0;0;1;24;1;11;1;11;0;0;0;0
30.12.2024;21:08;A 11;1;3;31;3;34;0;0;5;16;2;2;0;0;0;100;0;100;0;0;0;0;0;0;2;73;3;12;2;12;0;0;0;0
30.12.2024;21:07;A 11;1;4;42;1;16;0;0;0;0;1;1;0;0;0;100;0;100;0;0;0;0;0;0;0;10;1;11;0;9;0;0;0;0
30.12.2024;21:06;A 11;1;2;44;0;0;0;0;3;4;3;4;0;0;0;100;0;100;0;0;0;0;0;0;3;40;1;18;5;34;0;0;0;0
30.12.2024;21:05;A 11;1;2;14;2;28;0;0;3;3;4;4;0;0;0;100;0;100;0;0;0;0;0;0;2;27;2;24;3;51;0;0;2;16
30.12.2024;21:04;A 11;1;1;17;2;75;0;0;1;1;2;2;0;0;0;100;0;100;0;0;0;0;0;0;2;29;3;18;2;39;1;4;1;5
30.12.2024;21:03;A 11;1;1;79;4;58;0;0;2;1;4;10;0;0;0;100;0;100;0;0;0;0;0;0;2;49;1;48;6;55;0;0;4;27
30.12.2024;21:02;A 11;1;2;97;1;28;1;1;4;6;2;5;0;0;0;100;0;100;1;2;0;0;0;0;2;75;2;55;3;53;0;0;0;0
30.12.2024;21:01;A 11;1;7;78;1;58;0;0;1;2;3;4;0;0;0;100;0;100;0;0;0;0;0;0;6;36;3;29;5;50;0;0;0;0
30.12.2024;21:00;A 11;1;2;57;4;57;0;0;2;5;1;1;0;0;0;100;0;100;0;0;0;0;0;0;1;24;1;9;2;19;0;0;0;0
30.12.2024;20:59;A 11;1;1;57;3;37;0;0;0;0;3;4;0;0;0;100;0;100;0;0;0;0;0;0;4;31;6;45;3;76;0;0;0;0
30.12.2024;20:58;A 11;1;3;42;1;33;0;0;6;7;3;6;0;0;0;100;0;100;0;0;0;0;0;0;3;78;1;28;7;61;1;9;0;0
30.12.2024;20:57;A 11;1;2;46;3;54;0;0;3;5;1;1;0;0;0;100;0;100;0;0;0;0;1;3;3;39;2;6;6;24;3;14;0;0
30.12.2024;20:56;A 11;1;4;40;4;47;0;0;1;1;2;3;5;5;0;100;0;100;0;0;0;0;0;0;3;35;2;29;4;59;1;5;0;0
30.12.2024;20:55;A 11;1;1;55;1;43;0;0;1;1;3;3;1;1;0;100;0;100;0;0;0;0;0;0;3;19;3;23;3;43;1;7;0;0
30.12.2024;20:54;A 11;1;3;42;2;41;0;0;4;3;5;10;0;0;0;100;0;100;0;0;0;0;0;0;0;34;4;45;5;69;0;0;0;0
30.12.2024;20:53;A 11;1;1;54;3;19;0;0;2;2;2;3;0;0;0;100;0;100;0;0;0;0;0;0;2;26;1;25;8;36;0;0;0;0
30.12.2024;20:52;A 11;1;2;48;1;19;0;0;4;5;4;10;0;0;0;100;0;100;0;0;0;0;1;3;5;63;2;44;2;46;0;0;0;0
30.12.2024;20:51;A 11;1;2;24;2;13;0;0;4;6;3;5;1;1;0;100;0;100;0;0;0;0;0;0;4;67;5;67;5;38;0;0;0;0
30.12.2024;20:50;A 11;1;5;61;2;25;0;0;3;5;1;1;0;0;0;100;0;100;0;0;0;0;0;0;2;27;1;9;1;9;1;7;0;0
30.12.2024;20:49;A 11;1;1;96;4;74;1;38;4;6;1;1;0;0;0;100;0;100;0;0;0;0;0;0;3;46;1;6;1;6;0;0;1;5
30.12.2024;20:48;A 11;1;2;18;4;28;2;38;4;7;1;0;0;0;0;100;0;100;0;0;0;0;0;0;0;100;1;2;1;1;0;0;1;8
30.12.2024;20:47;A 11;1;3;45;1;23;1;1;3;4;0;0;0;0;0;100;0;100;0;0;0;0;0;0;2;33;0;0;0;0;0;0;1;5
30.12.2024;20:46;A 11;1;1;13;2;53;1;2;3;4;5;7;0;0;0;100;0;100;0;0;0;0;0;0;4;45;4;60;2;25;2;9;3;16
30.12.2024;20:45;A 11;1;3;70;4;21;0;20;1;0;3;3;2;3;0;100;0;100;0;0;0;0;0;0;4;15;5;31;4;26;1;5;0;0
30.12.2024;20:44;A 11;1;2;12;3;36;1;36;4;4;3;3;0;0;0;100;0;100;0;0;0;0;0;0;5;36;5;23;4;28;0;0;0;0
30.12.2024;20:43;A 11;1;2;68;0;77;0;0;3;3;4;4;0;0;0;100;0;100;0;0;0;0;1;3;2;23;5;37;3;24;1;2;1;6
30.12.2024;20:42;A 11;1;1;11;6;47;1;1;2;3;4;11;0;0;0;100;0;100;0;0;0;0;0;0;6;51;2;56;3;27;1;6;0;0
30.12.2024;20:41;A 11;1;2;80;0;78;0;0;4;4;5;7;0;0;0;100;0;100;0;0;0;0;0;0;3;46;2;36;2;29;0;0;0;0
30.12.2024;20:40;A 11;1;2;82;2;92;0;0;4;4;3;4;0;0;0;100;0;100;0;0;0;0;0;0;5;42;5;22;3;20;0;0;0;0
30.12.2024;20:39;A 11;1;1;21;2;7;0;0;2;3;1;2;0;0;0;100;0;100;0;0;0;0;0;0;2;25;1;11;1;11;0;0;0;0
30.12.2024;20:38;A 11;1;1;12;2;31;0;0;3;3;0;0;0;0;0;100;0;100;0;0;0;0;0;0;3;31;0;0;0;0;0;0;0;0
30.12.2024;20:37;A 11;1;2;78;2;35;0;0;2;2;3;3;0;0;0;100;0;100;0;0;0;0;0;0;3;25;3;20;2;15;2;9;0;0
30.12.2024;20:36;A 11;1;5;75;4;58;0;0;2;3;3;4;2;4;0;100;0;100;0;0;0;0;1;4;2;28;2;22;3;6;0;0;0;0
30.12.2024;20:35;A 11;1;0;30;4;68;0;0;4;3;7;7;1;2;0;100;0;100;0;0;0;0;0;0;4;44;4;42;5;40;1;8;0;0
30.12.2024;20:34;A 11;1;3;45;5;34;0;0;0;0;2;2;0;0;0;100;0;100;0;0;0;0;0;0;4;16;6;23;3;31;0;0;4;27
30.12.2024;20:33;A 11;1;3;59;1;55;2;1;3;1;3;4;0;0;0;100;0;100;0;0;0;0;0;0;4;23;5;34;3;27;0;0;0;0
30.12.2024;20:32;A 11;1;2;42;2;31;0;0;6;11;6;7;1;0;0;100;0;100;0;0;0;0;0;0;2;60;5;44;2;41;1;5;2;11
30.12.2024;20:31;A 11;1;1;13;2;26;0;0;5;5;6;15;0;0;0;100;0;100;0;0;0;1;0;0;1;59;1;43;1;43;0;0;0;0
30.12.2024;20:30;A 11;1;1;75;2;31;0;0;1;1;4;11;0;0;0;100;0;100;0;0;1;4;0;0;2;72;1;66;3;57;0;0;4;17
30.12.2024;20:29;A 11;1;0;75;1;71;0;0;4;4;5;5;0;0;0;100;0;100;0;0;0;0;0;0;3;30;5;23;5;25;1;5;2;5
30.12.2024;20:28;A 11;1;3;57;2;62;0;0;2;2;1;1;0;0;0;100;0;100;0;0;0;0;0;0;3;24;2;7;1;9;0;0;0;0
30.12.2024;20:27;A 11;1;3;57;2;41;0;0;3;2;4;5;0;0;0;100;0;100;0;0;0;0;0;0;4;25;3;30;2;25;1;7;0;0
30.12.2024;20:26;A 11;1;3;63;3;43;1;0;2;2;4;5;0;0;0;100;0;100;0;0;0;0;0;0;2;25;3;31;3;27;0;0;0;0
30.12.2024;20:25;A 11;1;4;74;3;59;2;0;3;4;4;6;1;0;0;100;0;100;0;0;0;0;0;0;1;36;4;30;3;43;0;0;1;7
30.12.2024;20:24;A 11;1;5;31;1;7;1;0;0;0;3;3;0;0;0;100;0;100;0;0;0;0;0;0;3;13;4;24;5;34;0;0;0;0
30.12.2024;20:23;A 11;1;3;79;2;62;0;0;5;6;3;3;0;0;0;100;0;100;0;0;0;0;0;0;4;43;6;19;7;36;2;4;0;0
30.12.2024;20:22;A 11;1;1;59;12;62;0;0;1;1;3;4;0;0;0;100;0;100;0;0;0;0;0;0;2;26;3;26;2;37;2;10;1;2
30.12.2024;20:21;A 11;1;3;65;1;50;0;0;4;4;3;4;0;0;0;100;0;100;0;0;0;0;0;0;5;45;3;29;5;47;0;0;0;0
30.12.2024;20:20;A 11;1;2;91;5;64;2;0;4;5;4;6;0;0;0;100;0;100;0;0;0;0;0;0;2;49;6;37;2;43;0;0;1;6
30.12.2024;20:19;A 11;1;4;72;3;73;1;0;2;3;2;2;2;2;0;100;0;100;0;0;1;3;0;0;2;21;2;20;4;48;2;16;1;7
30.12.2024;20:18;A 11;1;4;32;3;31;0;0;1;1;2;4;1;1;0;100;0;100;0;0;0;0;0;0;1;21;1;17;1;24;1;61;0;0
30.12.2024;20:17;A 11;1;2;25;2;92;0;0;2;2;4;6;0;0;0;100;0;100;0;0;0;0;1;5;3;36;2;50;3;42;1;31;1;8
30.12.2024;20:16;A 11;1;1;78;1;12;0;0;2;2;2;3;0;0;0;100;0;100;0;0;0;0;0;0;2;32;3;18;2;19;1;3;0;0
30.12.2024;20:15;A 11;1;1;71;1;88;0;0;3;4;2;2;0;0;0;100;0;100;0;0;0;0;0;0;2;36;2;14;1;13;0;0;0;0
30.12.2024;20:14;A 11;1;5;64;3;47;0;0;2;2;3;3;0;0;0;100;0;100;0;0;0;0;1;5;3;20;4;29;3;25;0;0;0;0
30.12.2024;20:13;A 11;1;6;81;1;65;0;0;6;5;7;8;0;0;0;100;0;100;0;0;0;0;0;0;2;46;2;36;2;37;0;0;1;6
30.12.2024;20:12;A 11;1;2;59;2;83;0;0;2;2;4;4;1;1;0;100;0;100;0;0;0;0;0;0;3;30;3;31;3;27;0;0;0;0
30.12.2024;20:11;A 11;1;3;66;3;66;1;1;3;3;2;2;0;0;0;100;0;100;0;0;0;0;0;0;3;33;1;12;1;12;0;0;0;0
30.12.2024;20:10;A 11;1;2;91;2;44;1;2;1;2;1;1;0;0;0;100;0;100;0;0;0;0;0;0;3;26;1;9;0;8;0;0;1;10
30.12.2024;20:09;A 11;1;5;51;2;84;0;0;4;5;5;6;0;0;0;100;0;100;1;2;0;0;3;8;3;38;5;36;4;39;0;20;0;0
30.12.2024;20:08;A 11;1;1;73;3;69;0;0;5;3;2;3;0;0;0;100;0;100;0;0;0;0;0;0;4;33;4;21;3;19;1;44;0;0
30.12.2024;20:07;A 11;1;3;67;3;58;0;0;1;1;7;7;1;2;0;100;0;100;0;0;0;0;0;0;3;34;3;46;2;48;0;0;0;0
30.12.2024;20:06;A 11;1;2;51;1;74;0;0;3;3;4;4;0;0;0;100;0;100;0;0;0;0;0;0;2;30;2;26;2;26;0;0;0;0
30.12.2024;20:05;A 11;1;3;77;5;81;0;0;1;0;4;4;0;0;0;100;0;100;0;0;0;0;1;5;0;19;0;24;2;22;0;0;0;0
30.12.2024;20:04;A 11;1;2;80;2;85;1;2;2;3;1;1;0;0;0;100;0;100;0;0;0;0;0;0;2;17;2;11;1;9;1;4;1;3
30.12.2024;20:03;A 11;1;3;13;3;39;0;0;5;7;4;7;0;0;0;100;0;100;1;27;0;0;0;0;2;55;2;39;4;34;1;11;1;6
30.12.2024;20:02;A 11;1;3;63;3;64;0;0;3;4;3;5;0;0;0;100;0;100;0;0;0;0;1;3;3;40;1;20;1;16;0;0;0;0
30.12.2024;20:01;A 11;1;3;19;1;57;1;30;2;3;4;4;0;0;0;100;0;100;0;0;0;0;0;0;4;72;3;26;3;21;1;42;2;49
30.12.2024;20:00;A 11;1;0;73;4;53;0;0;6;14;6;9;0;0;0;100;0;100;0;0;1;3;0;0;1;63;2;67;4;47;0;0;1;2
30.12.2024;19:59;A 11;1;4;72;4;48;0;0;2;6;1;2;0;0;0;100;0;100;0;0;0;0;0;0;2;34;1;15;0;8;1;18;1;1
30.12.2024;19:58;A 11;1;1;92;1;28;0;62;4;5;1;1;0;0;0;100;0;100;0;0;0;0;0;0;2;88;5;41;6;58;0;0;0;0
30.12.2024;19:57;A 11;1;2;85;3;65;1;12;3;2;3;5;3;4;0;100;0;100;0;0;0;0;1;6;3;64;3;67;2;99;1;5;0;0
30.12.2024;19:56;A 11;1;4;62;3;85;0;0;9;12;7;28;0;0;0;100;0;100;0;0;1;3;0;0;3;70;3;60;4;74;0;0;0;0
30.12.2024;19:55;A 11;1;3;41;2;52;0;0;3;7;5;42;0;0;0;100;0;100;0;0;0;0;0;0;3;74;2;67;2;79;0;2;0;0
30.12.2024;19:54;A 11;1;2;88;1;87;0;0;5;22;3;4;0;0;0;100;0;100;0;0;0;0;0;0;2;68;3;21;5;53;1;5;0;0
30.12.2024;19:53;A 11;1;2;52;2;34;0;0;3;2;3;3;0;0;0;100;0;100;1;2;1;3;0;0;4;27;4;35;2;43;0;0;0;0
30.12.2024;19:52;A 11;1;2;59;0;100;0;0;2;3;2;3;2;2;0;100;0;100;0;0;0;0;0;0;2;48;2;59;1;42;0;10;0;0
30.12.2024;19:51;A 11;1;5;51;6;61;0;0;5;4;4;11;0;0;0;100;0;100;0;0;0;0;0;0;1;47;1;39;4;62;2;13;0;0
30.12.2024;19:50;A 11;1;2;47;1;31;0;0;5;7;3;3;0;0;0;100;0;100;0;0;0;0;0;0;5;48;4;22;4;48;1;9;0;0
30.12.2024;19:49;A 11;1;2;57;0;100;0;0;4;4;2;2;1;1;0;100;0;100;0;0;0;0;0;0;4;46;3;16;11;31;1;20;1;5
30.12.2024;19:48;A 11;1;4;28;3;29;0;0;3;53;6;45;2;3;0;100;0;100;0;0;0;0;0;0;0;77;0;79;5;72;1;20;0;0
30.12.2024;19:47;A 11;1;3;55;2;94;0;0;4;7;1;2;1;2;0;100;0;100;1;2;0;0;0;0;2;31;1;26;1;21;0;0;1;7
30.12.2024;19:46;A 11;1;2;76;4;35;0;0;4;4;5;10;2;3;0;100;0;100;0;0;0;0;0;0;6;61;3;71;3;69;1;8;1;7
30.12.2024;19:45;A 11;1;7;70;2;47;0;0;7;24;8;20;2;3;0;100;0;100;0;0;0;0;0;0;2;86;5;72;0;100;2;12;3;9
30.12.2024;19:44;A 11;1;0;56;2;79;0;0;2;4;4;23;0;0;0;100;0;100;0;0;0;0;0;0;0;36;0;34;2;41;0;0;0;0
30.12.2024;19:43;A 11;1;2;84;2;95;0;0;3;4;4;26;0;0;0;100;0;100;0;0;0;0;0;0;1;52;1;49;1;57;0;0;0;0
30.12.2024;19:42;A 11;1;0;90;1;75;0;0;1;2;3;4;0;0;0;100;0;100;0;0;0;0;0;0;0;65;2;26;5;33;0;0;0;0
30.12.2024;19:41;A 11;1;4;82;4;48;0;0;5;11;4;4;0;0;0;100;0;100;0;0;0;0;0;0;4;64;4;27;5;45;0;0;0;0
30.12.2024;19:40;A 11;1;5;40;2;42;0;0;3;6;1;2;0;0;0;100;0;100;2;5;0;0;0;0;1;31;2;15;4;48;0;0;1;48
30.12.2024;19:39;A 11;1;2;86;2;74;0;1;2;4;3;5;0;0;0;100;0;100;0;0;0;0;0;0;2;34;4;21;6;51;0;4;1;7
30.12.2024;19:38;A 11;1;5;64;5;91;1;63;3;1;4;4;0;0;0;100;0;100;0;0;0;0;0;0;2;30;4;28;6;37;2;32;0;0
30.12.2024;19:37;A 11;1;2;13;2;22;1;1;4;3;3;3;1;1;0;100;0;100;0;0;0;0;0;0;2;27;3;23;4;49;2;9;0;0
30.12.2024;19:36;A 11;1;1;73;1;25;0;4;4;8;4;16;0;0;0;100;0;100;0;0;0;0;0;0;8;54;3;62;5;42;0;0;1;20
30.12.2024;19:35;A 11;1;6;65;4;86;1;25;6;8;4;13;0;0;0;100;0;100;0;0;0;0;0;0;4;63;2;35;8;58;1;9;0;0
30.12.2024;19:34;A 11;1;3;24;2;95;0;0;1;1;4;5;1;2;0;100;0;100;0;0;0;0;0;0;4;31;5;29;3;83;0;0;1;10
30.12.2024;19:33;A 11;1;2;71;2;72;0;0;3;4;5;35;1;1;0;100;0;100;0;0;0;0;0;0;2;75;1;77;1;93;1;6;1;6
30.12.2024;19:32;A 11;1;2;47;2;93;0;0;1;5;2;2;0;0;0;100;0;100;0;0;0;0;0;0;1;25;1;9;5;16;0;0;0;0
30.12.2024;19:31;A 11;1;2;53;4;47;0;0;3;3;2;3;1;0;0;100;0;100;0;0;0;0;0;0;4;33;2;17;7;34;3;20;0;2
30.12.2024;19:30;A 11;1;0;90;6;52;0;0;2;8;8;27;2;2;0;100;0;100;0;0;0;0;0;0;1;81;3;81;2;77;0;0;1;6
30.12.2024;19:29;A 11;1;4;33;6;76;0;0;6;6;10;22;0;0;0;100;0;100;0;0;0;0;0;0;2;62;4;60;2;65;0;0;0;1
30.12.2024;19:28;A 11;1;3;76;3;79;0;0;1;1;5;7;3;3;0;100;0;100;0;0;0;0;1;3;6;31;3;51;2;75;0;0;1;8
30.12.2024;19:27;A 11;1;2;92;4;66;0;0;1;2;1;1;0;0;0;100;0;100;0;0;0;0;0;0;2;14;3;19;3;31;0;0;0;0
30.12.2024;19:26;A 11;1;4;98;3;93;0;0;5;4;3;3;1;2;0;100;0;100;0;0;0;0;0;0;3;44;3;27;12;87;0;0;0;0
30.12.2024;19:25;A 11;1;8;68;3;64;0;0;2;4;2;3;2;3;0;100;0;100;0;0;0;0;0;0;4;36;4;21;3;45;0;0;0;0
30.12.2024;19:24;A 11;1;4;89;4;60;0;0;1;1;5;10;2;3;0;100;0;100;0;0;0;0;0;0;2;22;5;41;6;45;0;0;0;0
30.12.2024;19:23;A 11;1;3;58;2;63;0;0;5;7;4;22;2;3;0;100;0;100;1;2;0;0;0;0;0;32;0;73;1;96;0;0;0;0
30.12.2024;19:22;A 11;1;6;51;3;28;0;0;3;7;4;14;2;3;0;100;0;100;0;0;0;0;0;0;1;44;1;39;1;30;0;0;0;0
30.12.2024;19:21;A 11;1;2;37;3;87;0;0;6;11;2;3;2;2;0;100;0;100;0;0;0;0;0;0;2;77;2;25;2;18;1;8;0;0
30.12.2024;19:20;A 11;1;0;46;3;66;0;0;1;1;2;2;2;3;0;100;0;100;0;0;0;0;1;3;1;18;2;89;0;94;2;9;1;1
30.12.2024;19:19;A 11;1;4;45;2;57;0;0;2;3;2;3;2;2;0;100;0;100;0;0;0;0;0;0;5;32;4;30;2;43;0;0;0;0
30.12.2024;19:18;A 11;1;5;60;3;89;0;10;2;4;1;1;0;0;0;100;0;100;0;0;0;0;0;0;2;35;1;9;1;2;0;0;0;0
30.12.2024;19:17;A 11;1;2;65;4;76;1;25;4;4;9;10;0;0;0;100;0;100;0;0;0;0;0;0;3;58;3;48;5;42;2;7;0;0
30.12.2024;19:16;A 11;1;4;91;0;100;0;0;1;1;2;2;0;0;0;100;0;100;0;0;0;0;0;0;2;21;1;10;2;20;0;0;1;6
30.12.2024;19:15;A 11;1;1;89;4;84;0;0;5;15;3;5;0;0;0;100;0;100;0;0;0;0;0;0;3;54;2;55;3;25;0;0;0;0
30.12.2024;19:14;A 11;1;5;54;1;95;0;0;3;3;2;5;0;0;0;100;0;100;0;0;0;0;0;0;3;34;1;22;1;3;1;8;0;0
30.12.2024;19:13;A 11;1;1;94;5;58;1;17;5;7;2;4;0;0;0;100;0;100;0;0;0;0;0;0;2;61;2;57;1;21;1;3;0;0
30.12.2024;19:12;A 11;1;2;66;4;59;1;1;1;2;4;6;0;0;0;100;0;100;0;0;0;0;0;0;5;31;3;40;2;20;0;0;0;0
30.12.2024;19:11;A 11;1;3;59;5;85;0;0;4;5;5;10;1;2;0;100;0;100;0;0;0;0;0;0;5;50;2;33;0;89;0;0;2;12
30.12.2024;19:10;A 11;1;2;56;3;48;1;1;1;1;2;3;1;2;0;100;0;100;0;0;0;0;1;3;3;28;3;52;1;55;2;31;1;6
30.12.2024;19:09;A 11;1;3;55;5;49;1;0;2;6;3;4;1;1;0;100;0;100;0;0;0;0;0;0;3;52;5;29;3;23;1;6;1;1
30.12.2024;19:08;A 11;1;4;57;5;55;1;1;2;3;3;3;0;0;0;100;0;100;0;0;0;0;0;0;3;32;2;26;2;12;1;7;0;0
30.12.2024;19:07;A 11;1;3;56;2;29;0;0;3;4;6;8;1;2;0;100;0;100;0;0;0;0;0;0;8;66;6;58;3;40;2;20;1;4
30.12.2024;19:06;A 11;1;1;94;2;41;0;0;3;3;8;44;0;0;0;100;0;100;0;0;0;0;0;0;3;81;4;94;4;76;0;0;0;0
30.12.2024;19:05;A 11;1;5;78;3;78;0;0;5;4;4;18;0;0;0;100;0;100;0;0;0;0;0;0;3;36;1;39;2;36;1;8;0;0
30.12.2024;19:04;A 11;1;1;39;2;25;0;0;3;2;5;23;0;0;0;100;0;100;0;0;0;0;0;0;5;75;3;60;3;65;0;0;1;16
30.12.2024;19:03;A 11;1;9;75;3;86;0;0;2;3;2;4;0;0;0;100;0;100;0;0;0;0;0;0;6;37;7;37;2;28;1;4;2;14
30.12.2024;19:02;A 11;1;0;63;7;68;0;0;1;6;2;16;0;0;0;100;0;100;0;0;0;0;0;0;1;32;1;29;1;27;2;7;1;95
30.12.2024;19:01;A 11;1;5;90;5;48;0;0;7;9;6;34;2;3;0;100;0;100;0;0;0;0;0;0;4;72;2;64;4;80;0;0;1;7
30.12.2024;19:00;A 11;1;2;95;6;64;0;0;2;2;2;3;1;1;0;100;0;100;0;0;0;0;0;0;1;17;1;16;5;29;0;3;1;8
30.12.2024;18:59;A 11;1;3;73;3;47;0;0;2;5;2;17;0;0;0;100;0;100;0;0;0;0;0;0;1;42;2;30;2;38;1;20;1;5
30.12.2024;18:58;A 11;1;2;82;2;95;0;0;4;10;4;41;0;0;0;100;0;100;0;0;0;0;0;0;2;78;3;65;4;85;0;0;0;0
30.12.2024;18:57;A 11;1;1;98;2;83;0;0;3;3;6;12;0;0;0;100;0;100;0;0;1;3;0;0;5;50;6;46;4;85;1;3;1;36
30.12.2024;18:56;A 11;1;3;86;4;59;0;0;7;10;5;10;2;3;0;100;0;100;0;0;0;0;0;0;0;45;1;42;1;56;0;0;0;0
30.12.2024;18:55;A 11;1;4;47;2;86;0;0;5;4;4;4;0;0;0;100;0;100;0;0;1;3;0;0;4;37;5;26;4;60;0;0;0;0
30.12.2024;18:54;A 11;1;3;64;1;52;1;1;6;16;5;17;3;4;0;100;0;100;0;0;0;0;1;3;0;71;1;73;8;74;0;0;0;0
30.12.2024;18:53;A 11;1;3;78;5;68;0;0;6;12;7;24;2;3;0;100;0;100;0;0;0;0;0;0;4;63;7;59;2;82;0;0;0;0
30.12.2024;18:52;A 11;1;1;76;4;67;0;0;3;6;4;14;0;0;0;100;0;100;1;5;0;0;0;0;1;34;1;32;8;54;1;6;0;0
30.12.2024;18:51;A 11;1;1;97;0;100;0;0;2;4;3;9;1;0;0;100;0;100;0;0;0;0;0;0;3;38;1;63;2;74;2;19;1;7
30.12.2024;18:50;A 11;1;1;67;5;77;0;0;6;9;3;6;2;3;0;100;0;100;0;0;0;0;0;0;7;54;4;35;3;58;0;0;1;7
30.12.2024;18:49;A 11;1;3;66;3;58;0;0;4;2;7;8;1;1;0;100;0;100;0;0;0;0;0;0;4;39;3;41;2;61;1;5;1;4
30.12.2024;18:48;A 11;1;1;50;2;73;0;0;3;8;5;18;0;0;0;100;0;100;0;0;0;0;0;0;0;70;4;54;6;84;1;1;1;7
30.12.2024;18:47;A 11;1;3;65;3;58;1;1;5;23;3;20;2;2;0;100;0;100;0;0;0;0;0;0;1;49;1;42;2;83;3;14;3;9
30.12.2024;18:46;A 11;1;4;40;5;54;0;0;8;24;7;23;5;5;0;100;0;100;0;0;0;0;0;0;3;74;5;64;0;100;1;59;0;0
30.12.2024;18:45;A 11;1;4;39;4;36;1;1;5;27;1;2;1;2;0;100;0;100;0;0;0;0;0;0;1;81;4;26;1;87;0;0;1;11
30.12.2024;18:44;A 11;1;2;55;2;76;0;0;6;9;6;18;0;0;0;100;0;100;0;0;0;0;0;0;4;62;3;40;9;57;0;0;0;0
30.12.2024;18:43;A 11;1;1;59;1;92;0;0;6;8;6;28;1;2;0;100;0;100;0;0;0;0;0;0;2;78;3;66;4;80;0;0;0;0
30.12.2024;18:42;A 11;1;3;79;1;93;0;9;0;0;1;2;5;7;0;100;0;100;0;0;0;0;0;0;1;5;3;33;3;60;0;0;1;23
30.12.2024;18:41;A 11;1;3;74;6;77;1;27;1;1;3;3;1;1;0;100;0;100;0;0;0;0;0;0;5;25;2;36;4;35;1;8;3;61
30.12.2024;18:40;A 11;1;1;27;2;89;0;0;4;5;4;5;1;2;0;100;0;100;0;0;0;0;0;0;3;46;3;34;3;60;1;2;0;0
30.12.2024;18:39;A 11;1;1;83;2;52;1;0;3;8;6;21;2;3;0;100;0;100;0;0;0;0;1;4;8;54;4;56;6;80;0;20;0;0
30.12.2024;18:38;A 11;1;2;82;2;79;0;0;3;8;5;19;0;0;0;100;0;100;0;0;0;0;0;0;2;47;3;40;4;85;2;31;1;8
30.12.2024;18:37;A 11;1;2;67;2;74;1;12;6;7;4;18;0;0;0;100;0;100;0;0;0;0;0;0;3;61;2;46;7;63;4;37;1;33
30.12.2024;18:36;A 11;1;3;46;3;80;3;7;4;14;4;15;0;0;0;100;0;100;0;0;0;0;0;0;0;69;1;67;3;58;2;20;3;21
30.12.2024;18:35;A 11;1;3;74;3;78;0;0;4;4;6;6;0;0;0;100;0;100;0;0;0;0;0;0;5;63;3;38;9;63;3;9;1;10
30.12.2024;18:34;A 11;1;2;95;1;80;1;1;3;6;2;2;0;0;0;100;0;100;0;0;1;3;0;0;6;41;3;14;6;57;0;0;2;72
30.12.2024;18:33;A 11;1;4;31;3;37;1;2;5;21;6;15;0;0;0;100;0;100;1;2;0;0;1;3;3;62;1;53;3;84;2;6;4;54
30.12.2024;18:32;A 11;1;3;37;1;48;0;0;4;14;1;1;1;1;0;100;0;100;0;0;0;0;0;0;2;36;2;21;1;24;0;0;2;18
30.12.2024;18:31;A 11;1;1;88;3;79;0;0;6;7;5;5;0;0;0;100;0;100;0;0;0;0;0;0;5;54;3;69;4;48;1;11;0;0
30.12.2024;18:30;A 11;1;2;52;2;85;1;1;5;6;6;18;0;0;0;100;0;100;0;0;0;0;0;0;4;74;1;53;2;46;2;16;1;10
30.12.2024;18:29;A 11;1;2;60;4;44;0;0;10;19;10;33;2;3;0;100;0;100;1;2;0;0;0;0;2;90;3;71;0;96;0;0;2;7
30.12.2024;18:28;A 11;1;2;79;5;67;1;1;3;6;4;35;2;3;0;100;0;100;0;0;0;0;0;0;2;53;2;56;1;58;0;0;0;0
30.12.2024;18:27;A 11;1;3;96;2;35;1;2;6;9;5;13;0;0;0;100;0;100;0;0;0;0;0;0;2;72;1;67;2;29;3;15;0;0
30.12.2024;18:26;A 11;1;2;93;4;62;0;0;6;6;4;4;3;5;0;100;0;100;0;0;0;0;0;0;2;31;5;39;1;90;2;2;0;0
30.12.2024;18:25;A 11;1;1;90;3;71;0;0;1;1;0;0;0;0;0;100;0;100;0;0;0;0;0;0;2;11;0;0;1;5;1;1;1;7
30.12.2024;18:24;A 11;1;3;26;4;58;1;0;6;22;6;48;0;0;0;100;0;100;0;0;3;8;0;0;0;80;1;78;1;3;0;17;0;0
30.12.2024;18:23;A 11;1;6;76;6;62;0;0;5;2;4;13;0;0;0;100;0;100;0;0;0;0;1;5;6;60;1;38;1;35;1;40;1;7
30.12.2024;18:22;A 11;1;2;65;1;27;1;27;3;3;5;6;0;0;0;100;0;100;0;0;0;0;1;5;1;74;3;65;4;43;2;11;1;13
30.12.2024;18:21;A 11;1;0;90;2;65;0;8;4;11;3;6;0;0;0;100;0;100;0;0;0;0;0;0;2;48;4;37;3;24;1;17;0;0
30.12.2024;18:20;A 11;1;6;57;6;42;1;95;6;6;6;7;0;0;0;100;0;100;0;0;0;0;0;0;6;59;2;44;1;45;2;30;0;0
30.12.2024;18:19;A 11;1;2;21;5;47;0;0;5;6;4;24;0;0;0;100;0;100;0;0;0;0;0;0;5;74;5;60;4;64;0;0;1;8
30.12.2024;18:18;A 11;1;0;100;0;99;1;2;1;1;2;4;0;0;0;100;0;100;0;0;0;0;0;0;4;33;4;27;3;37;0;0;0;0
30.12.2024;18:17;A 11;1;1;39;1;44;2;2;5;6;4;9;1;1;0;100;0;100;0;0;0;0;1;3;4;46;3;32;2;45;0;0;0;0
30.12.2024;18:16;A 11;1;3;46;2;86;2;6;1;2;2;2;0;0;0;100;0;100;0;0;0;0;0;0;4;31;7;38;8;39;0;0;0;0
30.12.2024;18:15;A 11;1;4;92;0;72;0;0;10;26;13;38;2;3;0;100;0;100;0;0;0;0;0;0;1;84;1;91;2;91;0;0;0;0
30.12.2024;18:14;A 11;1;2;64;2;86;0;0;5;8;5;14;1;2;0;100;0;100;0;0;0;0;2;5;3;35;1;41;2;83;0;0;0;0
30.12.2024;18:13;A 11;1;4;65;5;64;0;0;0;0;3;6;0;0;0;100;0;100;0;0;0;0;0;0;2;19;3;58;5;52;1;6;1;1
30.12.2024;18:12;A 11;1;9;82;1;96;1;2;4;10;7;37;0;0;0;100;0;100;0;0;0;0;0;0;2;65;1;76;2;93;1;7;1;2
30.12.2024;18:11;A 11;1;2;57;3;85;2;2;5;12;5;5;3;5;0;100;0;100;0;0;0;0;0;0;1;50;3;40;3;46;0;0;1;8
30.12.2024;18:10;A 11;1;2;78;4;80;3;9;1;1;2;4;5;5;0;100;0;100;0;0;0;0;0;0;4;26;6;37;3;74;0;0;0;0
30.12.2024;18:09;A 11;1;2;84;3;89;0;0;3;6;4;48;0;0;0;100;0;100;0;0;0;0;1;3;0;85;0;75;1;100;0;0;0;0
30.12.2024;18:08;A 11;1;3;83;0;45;0;0;7;12;5;19;1;1;0;100;0;100;0;0;1;3;1;5;4;50;3;54;5;73;0;0;0;0
30.12.2024;18:07;A 11;1;2;23;3;88;0;0;2;2;5;28;0;0;0;100;0;100;0;0;0;0;1;3;3;58;3;65;2;78;2;7;4;12
30.12.2024;18:06;A 11;1;1;77;3;58;0;0;1;2;3;15;0;0;0;100;0;100;0;0;0;0;0;0;5;37;2;60;7;64;0;0;1;12
30.12.2024;18:05;A 11;1;3;69;4;67;2;3;4;5;8;26;1;1;0;100;0;100;0;0;0;0;0;0;3;59;1;51;2;51;2;7;2;10
30.12.2024;18:04;A 11;1;2;67;3;50;0;0;5;8;4;30;4;5;0;100;0;100;0;0;0;0;0;0;2;69;1;53;0;100;0;0;1;8
30.12.2024;18:03;A 11;1;2;78;1;95;0;0;5;45;7;21;2;3;0;100;0;100;1;2;0;0;1;3;0;88;3;86;4;77;2;8;0;0
30.12.2024;18:02;A 11;1;2;54;4;79;0;0;5;7;2;6;3;4;0;100;0;100;0;0;0;0;0;0;1;38;2;63;2;93;0;0;1;14
30.12.2024;18:01;A 11;1;1;77;4;92;2;5;5;5;6;11;4;4;0;100;0;100;0;0;0;0;0;0;1;72;3;62;3;89;1;34;0;0
30.12.2024;18:00;A 11;1;5;77;1;71;0;0;4;7;2;3;2;3;0;100;0;100;0;0;0;0;0;0;5;52;6;52;0;100;3;38;2;4
30.12.2024;17:59;A 11;1;5;73;4;85;0;0;6;14;4;20;2;3;0;100;0;100;0;0;0;0;0;0;1;41;2;48;0;100;1;3;3;18
30.12.2024;17:58;A 11;1;8;67;4;79;1;0;4;8;5;35;3;5;0;100;0;100;0;0;1;3;1;3;2;68;4;72;1;95;1;10;3;7
30.12.2024;17:57;A 11;1;0;100;2;85;1;1;0;86;8;15;0;0;0;100;0;100;0;0;0;0;0;0;0;90;2;48;6;58;3;15;1;5
30.12.2024;17:56;A 11;1;1;91;2;67;1;2;2;96;7;13;2;3;0;100;0;100;0;0;0;0;0;0;0;100;5;53;0;94;1;18;1;10
30.12.2024;17:55;A 11;1;4;79;2;88;0;0;2;3;3;4;3;5;0;100;0;100;2;5;0;0;0;0;4;27;3;33;4;82;1;4;0;0
30.12.2024;17:54;A 11;1;2;77;1;87;0;5;6;9;7;15;1;1;0;100;0;100;0;0;0;0;1;3;2;78;3;89;4;97;0;0;0;0
30.12.2024;17:53;A 11;1;4;79;2;75;2;50;5;4;8;22;0;1;0;100;0;100;0;0;0;0;0;0;2;57;3;59;4;60;1;8;0;0
30.12.2024;17:52;A 11;1;1;87;1;73;1;1;2;2;4;5;2;2;0;100;0;100;0;0;0;0;0;0;2;49;1;59;4;59;0;0;1;4
30.12.2024;17:51;A 11;1;10;65;2;79;0;0;7;7;7;12;1;2;0;100;0;100;0;0;0;0;1;3;9;74;2;75;2;97;1;10;1;8
30.12.2024;17:50;A 11;1;3;70;2;34;1;1;1;1;3;4;2;3;0;100;0;100;0;0;0;0;0;0;1;26;3;37;10;53;0;0;0;0
30.12.2024;17:49;A 11;1;3;82;2;76;1;65;2;3;4;7;0;0;0;100;0;100;0;0;0;0;0;0;5;57;4;76;4;44;0;0;1;3
30.12.2024;17:48;A 11;1;3;31;3;69;1;39;6;10;7;10;2;3;0;100;0;100;0;0;0;0;0;0;4;55;3;48;6;83;0;0;0;0
30.12.2024;17:47;A 11;1;1;68;4;68;2;2;5;18;6;22;0;0;0;100;0;100;0;0;1;3;0;0;2;48;3;47;5;78;0;0;0;0
30.12.2024;17:46;A 11;1;3;91;1;91;1;1;3;7;4;28;2;3;0;100;0;100;0;0;0;0;0;0;2;55;3;59;0;100;2;67;0;0
30.12.2024;17:45;A 11;1;4;69;1;83;1;35;4;4;5;28;2;2;0;100;0;100;2;5;1;3;0;0;4;75;4;85;1;99;3;35;1;8
30.12.2024;17:44;A 11;1;2;70;3;78;1;0;7;6;9;26;3;3;0;100;0;100;0;0;0;0;0;0;3;59;1;58;1;100;0;0;1;9
30.12.2024;17:43;A 11;1;2;66;5;82;2;2;5;9;5;38;4;6;0;100;0;100;1;2;0;0;0;0;1;70;1;64;2;93;0;0;2;10
30.12.2024;17:42;A 11;1;2;58;1;89;0;0;7;11;7;27;3;4;0;100;0;100;0;0;0;0;0;0;2;59;4;78;4;88;2;6;1;9
30.12.2024;17:41;A 11;1;2;48;2;60;0;0;3;3;6;7;2;2;0;100;0;100;0;0;0;0;0;0;2;47;3;45;9;74;0;0;1;10
30.12.2024;17:40;A 11;1;1;45;2;98;2;1;3;6;1;1;3;4;0;100;0;100;0;0;0;0;0;0;1;28;2;17;3;38;0;0;2;50
30.12.2024;17:39;A 11;1;1;99;0;100;0;0;5;26;7;9;2;3;0;100;0;100;0;0;0;0;0;0;0;84;4;76;10;77;1;10;0;0
30.12.2024;17:38;A 11;1;3;69;3;94;3;4;6;6;9;27;0;0;0;100;0;100;0;0;0;0;0;3;2;65;0;57;4;85;1;6;0;0
30.12.2024;17:37;A 11;1;3;72;3;52;0;0;5;11;4;28;0;0;0;100;0;100;0;0;0;0;2;4;4;70;1;64;3;68;0;0;0;0
30.12.2024;17:36;A 11;1;1;83;2;94;1;1;5;4;6;23;0;0;0;100;0;100;0;0;0;0;0;0;2;51;0;80;1;72;1;25;0;0
30.12.2024;17:35;A 11;1;6;80;4;56;1;0;4;24;7;28;2;2;0;100;0;100;0;0;0;0;0;0;2;98;2;53;2;63;4;27;1;10
30.12.2024;17:34;A 11;1;3;42;3;55;2;2;5;7;9;42;0;0;0;100;0;100;0;0;0;0;0;0;4;92;1;76;4;90;2;20;1;5
30.12.2024;17:33;A 11;1;1;86;1;86;0;0;8;13;12;44;1;1;0;100;0;100;0;0;0;0;0;0;2;97;2;98;0;100;5;9;2;8
30.12.2024;17:32;A 11;1;5;73;5;69;1;0;2;2;1;1;2;3;0;100;0;100;0;0;0;0;0;0;2;25;1;21;16;47;1;6;1;7
30.12.2024;17:31;A 11;1;2;82;3;22;1;63;2;2;6;9;1;1;0;100;0;100;1;2;0;0;0;0;4;44;3;43;2;93;1;6;1;30
30.12.2024;17:30;A 11;1;2;58;1;62;1;5;4;19;5;18;0;0;0;100;0;100;0;0;0;0;0;0;3;66;1;71;5;68;2;12;2;13
30.12.2024;17:29;A 11;1;3;72;5;51;1;0;4;12;7;9;0;0;0;100;0;100;0;0;0;0;0;0;7;58;8;54;8;80;1;8;0;0
30.12.2024;17:28;A 11;1;1;31;5;58;1;65;2;5;2;2;0;0;0;100;0;100;0;0;0;0;0;0;3;51;5;27;4;46;2;3;1;7
30.12.2024;17:27;A 11;1;2;99;0;100;1;22;4;10;3;17;0;0;0;100;0;100;1;2;0;0;0;0;1;64;5;53;1;64;2;6;1;2
30.12.2024;17:26;A 11;1;5;92;4;96;1;1;4;8;11;27;2;2;0;100;0;100;0;0;0;0;1;3;3;56;3;65;5;67;0;0;0;0
30.12.2024;17:25;A 11;1;1;99;0;100;0;0;6;12;5;17;3;4;0;100;0;100;1;2;0;0;0;0;1;69;4;66;2;79;4;63;0;0
30.12.2024;17:24;A 11;1;7;85;2;92;1;0;3;3;7;20;0;0;0;100;0;100;0;0;0;0;0;0;3;35;4;60;6;85;1;31;1;6
30.12.2024;17:23;A 11;1;2;86;4;80;1;0;12;10;7;24;2;3;0;100;0;100;0;0;0;0;0;0;3;64;2;87;0;94;2;84;1;3
30.12.2024;17:22;A 11;1;0;100;3;79;0;0;6;6;5;13;4;6;0;100;0;100;1;5;0;0;1;3;4;46;5;50;0;100;2;9;0;0
30.12.2024;17:21;A 11;1;1;94;1;83;0;0;10;19;6;39;1;2;0;100;0;100;0;0;0;0;0;0;3;82;3;75;0;100;0;14;0;0
30.12.2024;17:20;A 11;1;2;84;2;72;1;1;6;23;8;13;1;0;0;100;0;100;1;2;0;0;0;0;1;45;0;43;5;79;2;21;2;9
30.12.2024;17:19;A 11;1;1;66;2;62;1;0;4;39;3;10;2;2;0;100;0;100;0;0;0;0;1;3;2;60;3;48;5;68;1;3;2;3
30.12.2024;17:18;A 11;1;1;76;0;85;1;1;5;7;10;34;2;2;0;100;0;100;1;2;0;0;0;0;3;86;2;92;0;95;3;23;0;7
30.12.2024;17:17;A 11;1;2;73;1;93;2;1;9;19;10;28;1;2;0;100;0;100;0;0;0;0;0;0;3;70;6;66;5;96;5;38;1;24
30.12.2024;17:16;A 11;1;4;82;2;51;0;63;3;3;6;28;5;8;0;100;0;100;0;0;0;0;0;0;3;70;5;71;3;95;5;30;3;18
30.12.2024;17:15;A 11;1;4;60;2;88;2;19;4;20;4;47;4;5;0;100;0;100;0;0;0;0;0;0;2;80;3;80;0;100;1;9;1;5
30.12.2024;17:14;A 11;1;3;48;2;50;1;98;4;10;7;15;1;2;0;100;0;100;0;0;0;0;1;3;1;48;1;44;4;62;2;37;2;20
30.12.2024;17:13;A 11;1;2;33;3;65;0;0;3;8;3;8;3;4;0;100;0;100;0;0;0;0;0;0;1;60;1;64;0;100;2;34;2;15
30.12.2024;17:12;A 11;1;2;97;2;92;0;0;5;4;4;6;0;0;0;100;0;100;0;0;0;0;0;0;3;32;3;45;3;55;3;17;2;13
30.12.2024;17:11;A 11;1;6;66;5;92;0;0;6;22;3;17;0;0;0;100;0;100;0;0;0;0;1;4;3;46;2;33;4;76;4;17;1;17
30.12.2024;17:10;A 11;1;2;27;2;87;0;0;7;41;8;30;5;8;0;100;0;100;0;0;0;0;0;0;2;87;6;68;5;80;1;67;4;56
30.12.2024;17:09;A 11;1;4;78;2;99;0;0;6;5;5;36;3;5;0;100;0;100;0;0;0;0;0;0;2;74;0;79;0;85;3;8;1;7
30.12.2024;17:08;A 11;1;3;90;5;75;1;1;9;19;7;25;0;0;0;100;0;100;0;0;1;3;0;0;2;93;1;46;4;42;0;0;0;0
30.12.2024;17:07;A 11;1;1;70;4;89;0;0;4;6;4;27;4;6;0;100;0;100;0;0;0;0;0;0;3;62;3;62;1;96;0;0;0;0
30.12.2024;17:06;A 11;1;3;73;0;94;0;0;5;15;7;14;2;3;0;100;0;100;0;0;0;0;0;0;1;86;5;61;3;76;1;2;1;7
30.12.2024;17:05;A 11;1;3;69;3;85;1;0;4;5;4;9;2;3;0;100;0;100;0;0;0;0;0;0;2;39;3;40;8;49;0;0;1;3
30.12.2024;17:04;A 11;1;3;50;4;75;0;0;3;5;5;8;9;14;0;100;0;100;0;0;0;0;0;0;3;75;3;67;2;94;0;0;0;0
30.12.2024;17:03;A 11;1;2;82;2;95;1;1;5;18;7;14;4;5;0;100;0;100;0;0;0;0;0;0;0;97;3;87;1;91;7;23;3;24
30.12.2024;17:02;A 11;1;2;57;2;44;0;0;5;10;11;15;2;3;0;100;0;100;0;0;0;0;0;0;1;99;2;94;3;98;0;3;1;9
30.12.2024;17:01;A 11;1;4;79;5;59;0;0;5;8;5;9;2;3;0;100;0;100;0;0;0;0;1;3;1;98;1;95;4;80;4;25;2;28
30.12.2024;17:00;A 11;1;0;96;4;79;0;0;11;60;11;56;0;0;0;100;0;100;0;0;0;0;0;0;0;100;0;100;1;98;5;17;2;20
30.12.2024;16:59;A 11;1;3;64;5;61;0;0;2;2;1;1;0;0;0;100;0;100;0;0;0;0;1;3;4;40;4;32;5;20;2;15;5;24
30.12.2024;16:58;A 11;1;5;72;1;99;2;1;1;2;5;5;5;4;0;100;0;100;0;0;0;0;0;0;0;100;9;64;3;59;1;6;2;7
30.12.2024;16:57;A 11;1;3;73;1;91;0;0;9;53;13;32;9;2;0;100;0;100;0;0;0;0;1;3;0;100;0;100;0;100;1;7;1;5
30.12.2024;16:56;A 11;1;3;56;2;92;1;1;3;3;5;23;0;0;0;100;0;100;1;2;0;0;0;0;1;90;1;60;5;49;1;10;2;6
30.12.2024;16:55;A 11;1;1;84;2;90;0;0;6;8;4;27;5;6;0;100;0;100;0;0;0;0;0;0;1;78;1;86;3;94;1;11;3;11
30.12.2024;16:54;A 11;1;1;87;0;81;0;0;6;6;9;17;2;3;0;100;0;100;0;0;0;0;0;0;2;93;1;96;1;81;3;5;0;0
30.12.2024;16:53;A 11;1;9;67;5;72;0;0;3;11;11;27;0;0;0;100;0;100;0;0;0;0;0;0;0;100;1;88;2;71;1;8;1;12
30.12.2024;16:52;A 11;1;0;0;2;63;1;1;6;6;4;36;2;3;0;100;0;100;0;0;0;0;0;0;2;72;2;52;1;92;1;1;2;13
30.12.2024;16:51;A 11;1;1;91;5;68;1;1;2;2;4;29;0;0;0;100;0;100;0;0;0;0;0;0;2;93;1;87;0;100;2;15;1;18
30.12.2024;16:50;A 11;1;1;92;3;79;0;0;9;11;5;19;0;0;0;100;0;100;0;0;0;0;0;0;1;97;1;39;2;37;1;3;1;19
30.12.2024;16:49;A 11;1;4;75;1;58;0;0;4;4;4;22;4;6;0;100;0;100;0;0;0;0;0;0;2;75;3;75;3;56;2;5;6;42
30.12.2024;16:48;A 11;1;3;69;1;77;1;2;9;54;8;50;4;5;0;100;0;100;0;0;0;0;0;0;2;97;0;100;2;94;2;3;1;25
30.12.2024;16:47;A 11;1;1;87;4;79;1;0;2;2;2;5;1;2;0;100;0;100;0;0;0;0;1;3;1;30;3;43;1;95;0;0;2;10
30.12.2024;16:46;A 11;1;4;41;1;87;2;2;5;8;6;7;3;4;0;100;0;100;0;0;0;0;0;0;3;87;3;70;1;91;2;13;2;11
30.12.2024;16:45;A 11;1;2;95;0;100;1;1;7;12;8;23;1;2;0;100;0;100;0;0;0;0;0;0;2;93;1;92;1;91;0;8;0;0
30.12.2024;16:44;A 11;1;5;75;2;94;0;0;2;9;2;5;0;0;0;100;0;100;0;0;0;0;0;0;0;35;0;38;0;13;0;100;1;11
30.12.2024;16:43;A 11;1;3;98;2;84;0;0;8;9;5;5;4;4;0;100;0;100;0;0;0;0;0;0;2;90;3;40;4;17;1;6;3;63
30.12.2024;16:42;A 11;1;0;80;2;93;0;8;7;10;9;13;0;0;0;100;0;100;0;0;0;0;0;0;4;86;1;73;4;52;0;0;1;7
30.12.2024;16:41;A 11;1;2;74;4;56;1;80;8;12;6;11;1;1;0;100;0;100;0;0;0;0;0;0;3;88;3;49;2;90;2;12;0;6
30.12.2024;16:40;A 11;1;2;67;4;53;1;55;5;5;3;9;2;2;0;100;0;100;1;2;0;0;0;0;2;74;3;69;1;59;1;9;2;11
30.12.2024;16:39;A 11;1;4;65;0;60;1;22;3;3;4;6;0;0;0;100;0;100;0;0;0;0;0;0;2;55;3;87;3;27;0;0;1;5
30.12.2024;16:38;A 11;1;1;65;2;65;1;1;8;15;7;11;0;0;0;100;0;100;1;2;0;0;0;0;2;63;3;55;3;43;1;3;3;16
30.12.2024;16:37;A 11;1;2;68;2;80;1;61;5;7;4;10;0;0;0;100;0;100;0;0;0;0;0;0;1;76;1;65;3;65;0;0;2;28
30.12.2024;16:36;A 11;1;4;86;0;100;1;1;6;12;7;18;0;0;0;100;0;100;1;2;0;0;0;0;4;87;2;88;4;55;0;0;2;26
30.12.2024;16:35;A 11;1;2;52;4;60;0;0;6;13;7;11;1;2;0;100;0;100;0;0;0;0;0;0;2;44;1;47;1;98;0;0;0;0
30.12.2024;16:34;A 11;1;3;46;4;71;1;1;3;9;5;10;2;3;0;100;0;100;2;5;0;0;0;0;5;62;1;63;2;61;1;13;1;70
30.12.2024;16:33;A 11;1;0;100;2;71;1;0;8;30;9;55;0;0;0;100;0;100;0;0;0;0;0;0;0;100;1;97;3;93;2;14;3;43
30.12.2024;16:32;A 11;1;2;70;2;46;0;0;7;24;11;32;0;0;0;100;0;100;2;5;0;0;0;0;3;70;2;73;7;75;0;0;2;13
30.12.2024;16:31;A 11;1;2;63;3;73;0;0;4;6;5;32;4;5;0;100;0;100;0;0;0;0;1;3;3;68;2;67;2;91;0;0;0;0
30.12.2024;16:30;A 11;1;0;100;1;87;1;15;11;18;10;23;1;3;0;100;0;100;0;0;0;0;0;0;2;64;1;92;3;77;0;0;0;0
30.12.2024;16:29;A 11;1;4;86;4;76;1;62;1;1;4;19;4;4;0;100;0;100;0;0;0;0;0;0;5;52;4;60;0;100;1;22;0;8
30.12.2024;16:28;A 11;1;1;100;1;96;1;2;4;6;4;11;2;3;0;100;0;100;0;0;0;0;0;0;2;53;2;54;2;44;2;10;3;7
30.12.2024;16:27;A 11;1;0;100;1;94;1;1;8;36;10;59;0;0;0;100;0;100;0;0;0;0;0;0;0;96;2;97;3;91;1;13;0;0
30.12.2024;16:26;A 11;1;1;92;4;76;0;0;1;1;3;3;0;0;0;100;0;100;0;0;0;0;0;0;2;22;2;24;3;12;5;41;0;0
30.12.2024;16:25;A 11;1;2;77;2;51;0;0;1;1;4;6;0;0;0;100;0;100;0;0;0;0;0;0;1;23;1;23;3;19;0;72;0;0
30.12.2024;16:24;A 11;1;4;69;3;64;2;3;11;52;12;46;0;0;0;100;0;100;0;0;0;0;0;0;1;94;1;96;9;75;1;42;0;11
30.12.2024;16:23;A 11;1;4;70;3;67;0;0;2;17;2;11;0;0;0;100;0;100;0;0;0;0;0;0;0;28;1;24;2;14;2;55;1;20
30.12.2024;16:22;A 11;1;1;96;4;74;2;2;3;27;4;9;7;10;0;100;0;100;0;0;0;0;0;0;2;59;1;61;2;65;0;0;0;0
30.12.2024;16:21;A 11;1;1;94;0;100;0;0;5;17;8;52;2;3;0;100;0;100;0;0;0;0;0;0;3;74;1;85;1;91;1;4;1;2
30.12.2024;16:20;A 11;1;2;76;3;78;0;0;1;13;3;5;1;2;0;100;0;100;0;0;0;0;1;3;0;100;1;23;0;74;3;20;0;0
30.12.2024;16:19;A 11;1;1;84;2;86;0;0;5;15;7;8;4;5;0;100;0;100;0;0;0;0;0;0;3;60;5;66;3;61;1;49;0;0
30.12.2024;16:18;A 11;1;2;83;5;62;2;7;9;24;12;23;0;0;0;100;0;100;0;0;1;3;0;0;3;93;0;100;4;71;1;11;1;7
30.12.2024;16:17;A 11;1;4;75;3;70;1;33;6;18;7;13;0;0;0;100;0;100;0;0;0;0;0;0;3;50;3;51;5;25;0;0;1;8
30.12.2024;16:16;A 11;1;5;95;3;81;2;2;2;4;1;1;2;3;0;100;0;100;0;0;0;0;0;0;1;39;3;17;2;50;1;2;2;8
30.12.2024;16:15;A 11;1;4;89;1;95;1;2;10;57;8;41;1;2;0;100;0;100;0;0;0;0;1;3;1;93;2;89;1;94;1;4;2;6
30.12.2024;16:14;A 11;1;4;63;1;79;0;0;6;20;10;26;4;5;0;100;0;100;0;0;0;0;0;0;2;67;1;63;4;51;0;0;1;7
30.12.2024;16:13;A 11;1;2;65;2;61;1;0;3;6;4;8;0;0;0;100;0;100;0;0;0;0;0;0;1;58;1;64;1;8;0;0;0;0
30.12.2024;16:12;A 11;1;1;84;2;82;2;1;2;3;8;24;2;2;0;100;0;100;0;0;0;0;1;3;1;55;0;97;3;30;0;0;1;8
30.12.2024;16:11;A 11;1;4;85;3;68;2;33;8;26;13;33;2;3;0;100;0;100;1;2;0;0;0;0;2;65;1;81;3;58;0;11;0;7
30.12.2024;16:10;A 11;1;4;41;3;46;1;52;4;15;4;29;1;2;0;100;0;100;0;0;0;0;1;3;1;34;1;52;4;77;2;11;4;19
30.12.2024;16:09;A 11;1;0;100;2;69;0;0;5;22;5;56;3;5;0;100;0;100;0;0;0;0;0;0;2;80;1;91;2;98;2;16;2;13
30.12.2024;16:08;A 11;1;3;82;1;77;2;2;2;2;8;12;2;2;0;100;0;100;0;0;0;0;1;3;2;19;1;52;1;97;2;22;1;2
30.12.2024;16:07;A 11;1;2;88;3;85;0;0;7;7;3;3;3;5;0;100;0;100;0;0;0;0;0;0;2;38;3;25;3;56;1;8;1;66
30.12.2024;16:06;A 11;1;1;95;1;97;1;2;4;5;9;66;2;3;0;100;0;100;0;0;0;0;1;3;3;40;0;99;4;23;1;10;2;54
30.12.2024;16:05;A 11;1;6;75;3;68;1;87;7;9;12;24;0;0;0;100;0;100;0;0;0;0;0;0;5;66;1;66;3;11;1;9;2;14
30.12.2024;16:04;A 11;1;1;83;2;77;0;0;3;5;2;3;0;0;0;100;0;100;0;0;1;3;0;0;1;16;1;20;0;0;1;8;1;6
30.12.2024;16:03;A 11;1;6;74;1;30;1;1;3;1;4;17;2;3;0;100;0;100;0;0;0;0;1;3;1;8;2;61;3;23;0;0;0;0
30.12.2024;16:02;A 11;1;1;33;3;53;2;1;13;24;13;32;2;3;0;100;0;100;0;0;0;0;0;0;1;75;1;75;3;23;2;12;0;0
30.12.2024;16:01;A 11;1;2;26;4;42;0;0;6;7;5;38;2;3;0;100;0;100;0;0;0;0;0;0;5;57;2;61;5;58;0;69;1;68
30.12.2024;16:00;A 11;1;0;71;2;94;1;10;2;3;2;2;3;5;0;100;0;100;0;0;0;0;1;3;3;43;2;32;2;54;2;36;2;49
30.12.2024;15:59;A 11;1;2;80;4;85;1;79;6;14;6;9;3;5;0;100;0;100;0;0;1;3;0;0;2;51;2;43;2;94;1;3;0;0
30.12.2024;15:58;A 11;1;2;58;5;47;1;28;4;5;3;5;5;8;0;100;0;100;0;0;0;0;0;0;4;36;2;89;0;100;0;0;1;11
30.12.2024;15:57;A 11;1;3;63;3;91;0;8;9;25;9;52;1;1;0;100;0;100;0;0;0;0;0;0;1;72;0;100;1;96;1;11;3;17
30.12.2024;15:56;A 11;1;4;91;1;77;1;39;3;4;6;8;1;0;0;100;0;100;0;0;0;0;0;0;3;25;1;41;2;14;0;0;1;8
30.12.2024;15:55;A 11;1;2;90;1;84;0;0;2;3;2;2;0;0;0;100;0;100;0;0;0;0;0;0;2;19;2;10;0;0;3;58;1;7
30.12.2024;15:54;A 11;1;2;98;0;100;0;0;6;13;9;69;0;0;0;100;0;100;0;0;0;0;0;0;2;84;0;93;2;3;2;28;1;1
30.12.2024;15:53;A 11;1;2;87;2;88;0;0;6;6;11;30;4;5;0;100;0;100;0;0;0;0;1;3;4;36;1;68;1;65;2;15;0;0
30.12.2024;15:52;A 11;1;4;68;5;73;0;0;1;2;6;24;0;0;0;100;0;100;0;0;0;0;0;0;1;16;1;57;2;8;2;10;0;0
30.12.2024;15:51;A 11;1;1;99;0;99;0;0;7;16;10;21;0;0;0;100;0;100;0;0;1;3;0;0;2;59;1;75;2;12;2;10;2;8
30.12.2024;15:50;A 11;1;2;52;5;58;1;1;2;8;2;4;2;2;0;100;0;100;0;0;0;0;1;3;0;19;2;27;2;65;0;0;0;0
30.12.2024;15:49;A 11;1;4;41;3;37;1;1;2;2;2;4;3;4;0;100;0;100;0;0;0;0;0;0;2;19;2;25;1;79;1;5;1;1
30.12.2024;15:48;A 11;1;1;34;1;92;0;0;7;7;12;56;2;3;0;100;0;100;0;0;0;0;0;0;2;64;1;100;1;74;0;0;1;9
30.12.2024;15:47;A 11;1;4;75;3;74;0;0;11;22;12;27;1;2;0;100;0;100;0;0;0;0;0;0;3;71;1;67;2;18;0;0;1;16
30.12.2024;15:46;A 11;1;3;50;2;82;2;1;4;13;4;34;1;2;0;100;0;100;0;0;0;0;1;5;2;53;2;60;0;0;0;14;2;6
30.12.2024;15:45;A 11;1;3;56;3;33;1;2;6;11;7;10;2;3;0;100;0;100;0;0;0;0;0;0;3;59;3;64;3;13;2;5;0;0
30.12.2024;15:44;A 11;1;0;72;3;69;1;95;3;17;4;18;0;0;0;100;0;100;0;0;0;0;0;0;0;31;0;30;0;0;2;6;2;10
30.12.2024;15:43;A 11;1;4;57;3;87;0;0;5;37;7;11;0;0;0;100;0;100;0;0;1;5;0;0;4;55;3;69;1;1;0;0;0;65
30.12.2024;15:42;A 11;1;1;48;1;84;1;0;17;28;10;62;0;0;0;100;0;100;0;0;0;0;0;0;1;94;0;100;3;8;1;5;3;53
30.12.2024;15:41;A 11;1;4;68;3;52;0;0;6;12;5;17;5;6;0;100;0;100;1;2;0;0;0;0;4;47;4;60;2;37;0;0;0;0
30.12.2024;15:40;A 11;1;1;96;3;87;2;2;2;4;3;8;1;2;0;100;0;100;0;0;0;0;0;0;1;50;1;60;0;39;0;0;1;4
30.12.2024;15:39;A 11;1;2;88;1;79;0;7;4;6;8;19;2;3;0;100;0;100;0;0;0;0;0;0;1;32;0;91;1;96;4;13;4;25
30.12.2024;15:38;A 11;1;1;73;3;61;1;36;3;5;9;12;2;3;0;100;0;100;0;0;0;0;1;3;2;28;3;55;3;18;1;9;2;18
30.12.2024;15:37;A 11;1;7;87;6;52;0;0;4;4;3;10;1;2;0;100;0;100;0;0;0;0;0;0;2;22;1;66;0;39;2;22;2;7
30.12.2024;15:36;A 11;1;1;96;2;67;1;0;5;8;8;14;1;3;0;100;0;100;0;0;0;0;0;0;0;77;1;89;1;99;1;22;3;36
30.12.2024;15:35;A 11;1;3;83;1;53;1;1;5;8;7;24;1;1;0;100;0;100;0;0;0;0;0;0;2;36;2;57;1;6;5;48;1;44
30.12.2024;15:34;A 11;1;3;38;7;74;0;0;2;3;5;8;4;7;0;100;0;100;0;0;0;0;0;0;4;42;3;72;1;25;1;59;2;14
30.12.2024;15:33;A 11;1;0;100;1;98;0;0;10;13;12;52;1;0;0;100;0;100;0;0;0;0;0;0;2;83;1;98;1;16;3;17;2;17
30.12.2024;15:32;A 11;1;2;97;0;100;0;0;2;2;1;1;4;6;0;100;0;100;0;0;0;0;0;0;2;16;1;22;1;99;0;1;1;5
30.12.2024;15:31;A 11;1;1;100;4;77;1;0;2;2;2;4;2;3;0;100;0;100;0;0;0;0;0;0;1;10;2;30;1;14;1;3;1;9
30.12.2024;15:30;A 11;1;1;97;1;90;0;0;9;21;9;19;0;0;0;100;0;100;1;2;0;0;0;0;2;95;0;99;1;3;0;0;0;10
30.12.2024;15:29;A 11;1;4;50;2;69;0;0;7;15;12;31;4;2;0;100;0;100;0;0;0;0;0;0;2;99;1;61;1;9;0;0;1;41
30.12.2024;15:28;A 11;1;2;62;3;73;1;4;6;9;6;42;3;3;0;100;0;100;0;0;0;0;0;0;4;54;2;78;3;23;3;7;0;0
30.12.2024;15:27;A 11;1;2;88;0;96;1;1;9;18;9;44;0;0;0;100;0;100;0;0;0;0;0;0;2;70;2;84;2;2;2;17;2;10
30.12.2024;15:26;A 11;1;2;57;2;75;0;0;2;6;7;23;0;0;0;100;0;100;0;0;0;0;1;3;0;22;0;47;0;0;2;61;0;0
30.12.2024;15:25;A 11;1;2;84;3;91;1;19;9;8;6;36;2;2;0;100;0;100;0;0;0;0;0;0;5;37;1;68;2;7;0;63;1;69
30.12.2024;15:24;A 11;1;1;73;1;99;0;0;8;19;7;45;2;2;0;100;0;100;0;0;0;0;0;1;3;72;1;80;1;14;4;23;3;60
30.12.2024;15:23;A 11;1;2;53;2;73;1;1;3;2;6;10;2;3;0;100;0;100;0;0;0;0;1;2;1;13;0;33;2;29;2;18;1;9
30.12.2024;15:22;A 11;1;3;55;2;83;0;0;4;3;5;6;1;0;0;100;0;100;0;0;0;0;0;4;3;20;2;35;0;0;1;54;0;0
30.12.2024;15:21;A 11;1;2;87;5;51;0;0;5;10;6;11;2;3;0;100;0;100;0;0;0;0;1;1;2;41;4;56;1;9;1;8;2;9
30.12.2024;15:20;A 11;1;1;69;3;48;1;1;6;5;5;22;0;0;0;100;0;100;1;2;0;0;0;0;1;28;2;45;0;0;0;0;0;0
30.12.2024;15:19;A 11;1;1;72;3;92;2;40;2;2;5;22;3;3;0;100;0;100;0;0;0;0;0;0;3;20;1;46;0;36;0;60;2;17
30.12.2024;15:18;A 11;1;1;93;2;83;0;0;5;23;8;22;2;2;0;100;0;100;0;0;0;0;0;0;2;67;2;80;2;32;2;39;2;23
30.12.2024;15:17;A 11;1;6;68;4;58;0;0;3;6;7;13;4;6;0;100;0;100;2;5;1;4;0;0;0;19;2;52;3;41;1;8;2;29
30.12.2024;15:16;A 11;1;1;9;3;26;0;0;2;4;4;15;0;0;0;100;0;100;0;0;0;0;0;0;1;67;1;72;0;0;0;0;0;0
30.12.2024;15:15;A 11;1;1;82;3;49;1;1;9;15;9;68;3;5;0;100;0;100;0;0;0;0;0;0;3;49;0;100;1;12;1;4;0;0
30.12.2024;15:14;A 11;1;1;80;4;72;2;3;6;9;7;25;0;0;0;100;0;100;0;0;0;0;1;4;1;41;2;47;0;0;0;0;1;6
30.12.2024;15:13;A 11;1;2;83;1;56;0;0;4;10;5;36;1;0;0;100;0;100;0;0;0;0;0;0;2;59;2;60;0;0;3;9;0;55
30.12.2024;15:12;A 11;1;2;49;0;95;0;0;7;12;7;15;2;3;0;100;0;100;0;0;0;0;0;0;3;60;0;92;1;10;3;17;2;21
30.12.2024;15:11;A 11;1;3;65;3;56;0;0;2;6;5;9;2;3;0;100;0;100;0;0;0;0;1;3;1;25;2;43;0;93;1;8;1;11
30.12.2024;15:10;A 11;1;2;74;3;46;1;41;3;3;3;7;3;5;0;100;0;100;0;0;0;0;1;9;2;27;2;53;1;28;1;12;1;21
30.12.2024;15:09;A 11;1;0;100;0;100;0;0;6;11;9;17;2;3;0;100;0;100;0;0;0;0;0;0;4;60;1;75;1;9;0;0;1;6
30.12.2024;15:08;A 11;1;3;65;3;75;1;1;2;6;4;22;1;2;0;100;0;100;0;0;0;0;1;5;0;26;1;35;0;78;1;9;0;0
30.12.2024;15:07;A 11;1;2;31;3;35;2;17;4;6;5;13;2;2;0;100;0;100;0;0;0;0;0;0;2;56;2;64;2;38;1;13;1;4
30.12.2024;15:06;A 11;1;4;63;1;98;1;1;8;40;7;44;1;2;0;100;0;100;0;0;0;0;0;0;1;76;0;89;0;9;1;7;0;0
30.12.2024;15:05;A 11;1;4;63;4;58;0;0;3;17;7;15;0;0;0;100;0;100;0;0;0;0;0;0;0;28;1;45;1;0;0;0;2;27
30.12.2024;15:04;A 11;1;4;51;2;25;0;0;4;20;3;42;1;2;0;100;0;100;0;0;1;3;1;3;1;48;1;65;0;35;1;6;0;0
30.12.2024;15:03;A 11;1;0;90;2;83;0;0;1;14;7;57;2;2;0;100;0;100;0;0;0;0;0;0;0;61;1;89;2;35;0;18;1;7
30.12.2024;15:02;A 11;1;4;47;5;38;1;1;0;100;20;21;0;0;0;100;0;100;0;0;0;0;0;0;0;100;4;85;0;0;0;100;1;8
30.12.2024;15:01;A 11;1;2;62;3;76;0;0;3;3;4;6;0;0;0;100;0;100;0;0;0;0;0;0;2;29;2;24;0;0;4;22;2;12
30.12.2024;15:00;A 11;1;2;91;2;92;0;0;5;5;7;8;0;0;0;100;0;100;0;0;0;0;1;3;4;28;2;40;0;0;3;10;0;0
30.12.2024;14:59;A 11;1;1;68;2;74;0;0;8;9;6;7;0;0;0;100;0;100;0;0;0;0;0;0;1;34;2;34;0;0;0;0;0;0
30.12.2024;14:58;A 11;1;1;79;3;81;0;0;2;3;6;9;1;2;0;100;0;100;0;0;0;0;0;0;1;16;2;42;2;42;0;0;0;0
30.12.2024;14:57;A 11;1;3;79;2;63;0;0;4;5;5;6;4;6;0;100;0;100;0;0;0;0;1;3;1;24;2;27;2;59;1;9;0;0
30.12.2024;14:56;A 11;1;1;91;5;62;1;0;4;5;1;1;0;0;0;100;0;100;0;0;0;0;1;3;1;20;1;7;0;0;1;17;1;8
30.12.2024;14:55;A 11;1;1;81;2;84;0;0;2;3;2;3;0;0;0;100;0;100;0;0;0;0;0;0;2;20;1;12;0;0;0;0;0;0
30.12.2024;14:54;A 11;1;0;100;2;74;1;9;3;3;7;14;1;3;0;100;0;100;0;0;0;0;0;0;2;18;2;50;1;8;1;2;0;0
30.12.2024;14:53;A 11;1;1;78;2;68;1;2;7;8;4;5;6;8;0;100;0;100;0;0;0;0;0;0;3;36;4;34;1;35;0;0;1;4
30.12.2024;14:52;A 11;1;2;93;2;73;1;3;5;2;8;11;0;0;0;100;0;100;0;0;0;0;0;0;2;16;3;50;1;1;1;6;0;0
30.12.2024;14:51;A 11;1;2;79;1;80;0;0;4;4;8;9;2;3;0;100;0;100;1;2;0;0;0;0;1;16;3;42;1;15;0;0;2;36
30.12.2024;14:50;A 11;1;4;46;1;50;0;0;5;6;7;10;4;6;0;100;0;100;0;0;0;0;1;3;2;29;3;49;2;29;2;20;1;2
30.12.2024;14:49;A 11;1;2;25;4;53;1;0;6;6;8;9;0;0;0;100;0;100;0;0;0;0;0;0;4;38;3;38;0;0;1;4;0;0
30.12.2024;14:48;A 11;1;1;56;3;13;0;36;7;11;2;3;0;0;0;100;0;100;0;0;0;0;0;0;2;43;1;20;0;0;1;3;1;20
30.12.2024;14:47;A 11;1;2;89;1;93;1;6;5;5;4;5;0;0;0;100;0;100;0;0;0;0;1;4;3;26;2;26;0;0;0;0;3;16
30.12.2024;14:46;A 11;1;1;92;7;90;1;5;6;7;10;14;0;0;0;100;0;100;0;0;0;0;1;3;3;40;1;99;0;0;1;4;0;0
30.12.2024;14:45;A 11;1;1;85;4;65;1;31;10;12;7;11;0;0;0;100;0;100;0;0;1;3;0;0;2;49;2;79;0;0;1;5;1;8
30.12.2024;14:44;A 11;1;4;87;4;65;1;1;3;5;6;11;4;3;0;100;0;100;0;0;0;0;0;0;3;33;3;41;3;27;1;7;0;0
30.12.2024;14:43;A 11;1;2;40;4;43;1;0;5;5;10;11;0;0;0;100;0;100;0;0;1;3;0;0;3;29;1;46;0;0;0;0;1;8
30.12.2024;14:42;A 11;1;1;63;2;13;0;0;8;6;8;10;0;0;0;100;0;100;0;0;0;0;1;3;6;33;2;49;0;0;0;0;0;0
30.12.2024;14:41;A 11;1;2;92;2;82;2;1;4;7;6;10;2;3;0;100;0;100;0;0;0;0;0;0;3;35;4;45;1;11;1;46;1;6
30.12.2024;14:40;A 11;1;0;100;2;81;1;0;4;4;5;6;2;2;0;100;0;100;0;0;0;0;1;5;3;25;2;26;0;9;3;19;2;15
30.12.2024;14:39;A 11;1;4;62;2;93;0;0;4;5;9;10;1;2;0;100;0;100;0;0;0;0;0;0;3;26;3;49;1;27;1;7;0;0
30.12.2024;14:38;A 11;1;5;31;2;77;0;0;1;1;4;5;0;0;0;100;0;100;0;0;0;0;0;0;1;50;3;29;0;0;1;4;2;8
30.12.2024;14:37;A 11;1;1;67;1;82;0;0;10;14;6;7;3;4;0;100;0;100;0;0;0;0;0;0;4;60;6;46;1;45;0;0;0;0
30.12.2024;14:36;A 11;1;2;54;4;55;0;0;5;4;10;12;2;3;0;100;0;100;0;0;0;0;4;10;3;30;2;48;1;9;2;16;1;7
30.12.2024;14:35;A 11;1;2;73;3;76;0;0;8;8;5;5;0;0;0;100;0;100;0;0;0;0;1;3;1;37;2;34;0;0;2;8;3;8
30.12.2024;14:34;A 11;1;1;69;1;92;1;0;7;7;8;11;0;0;0;100;0;100;0;0;0;0;0;0;3;28;2;47;0;0;1;36;0;0
30.12.2024;14:33;A 11;1;2;23;1;94;0;0;4;6;6;7;2;4;0;100;0;100;0;0;0;0;3;10;3;37;3;43;1;9;4;30;1;1
30.12.2024;14:32;A 11;1;4;50;2;34;0;0;5;5;4;5;4;4;0;100;0;100;0;0;0;0;0;0;3;28;2;34;1;37;1;6;1;5
30.12.2024;14:31;A 11;1;3;78;7;71;0;0;6;6;7;14;0;0;0;100;0;100;0;0;1;3;0;0;3;30;1;71;1;1;1;3;1;17
30.12.2024;14:30;A 11;1;0;33;2;61;1;1;8;5;7;11;0;0;0;100;0;100;0;0;0;0;1;3;2;22;6;59;0;0;0;0;0;0
30.12.2024;14:29;A 11;1;2;66;4;68;1;2;3;5;4;4;0;0;0;100;0;100;0;0;0;0;0;0;2;26;1;22;0;0;0;0;0;0
30.12.2024;14:28;A 11;1;2;80;3;47;0;0;6;6;7;8;3;4;0;100;0;100;0;0;0;0;1;3;3;33;5;45;1;11;0;0;1;4
30.12.2024;14:27;A 11;1;2;83;3;80;0;0;4;3;9;11;0;0;0;100;0;100;0;0;0;0;0;0;2;14;2;40;0;0;0;42;1;10
30.12.2024;14:26;A 11;1;0;100;2;89;0;0;4;4;5;7;2;3;0;100;0;100;0;0;0;0;0;0;3;26;2;38;0;12;3;50;0;4
30.12.2024;14:25;A 11;1;3;64;3;67;2;0;3;3;6;8;0;0;0;100;0;100;0;0;0;0;1;3;3;22;2;49;1;32;1;11;1;3
30.12.2024;14:24;A 11;1;2;57;4;69;1;1;6;6;8;10;2;2;0;100;0;100;1;2;0;0;0;0;3;33;4;39;1;8;3;12;1;1
30.12.2024;14:23;A 11;1;2;59;4;63;1;24;7;9;8;9;0;0;0;100;0;100;0;0;0;0;0;0;3;37;1;64;0;0;1;3;0;0
30.12.2024;14:22;A 11;1;3;87;1;78;0;0;11;10;9;16;3;5;0;100;0;100;0;0;0;0;0;0;0;32;2;81;0;61;0;0;1;8
30.12.2024;14:21;A 11;1;1;98;1;82;0;0;3;4;7;8;6;10;0;100;0;100;0;0;0;0;1;3;2;23;4;80;1;75;0;0;0;0
30.12.2024;14:20;A 11;1;1;85;3;67;0;0;1;1;2;2;0;0;0;100;0;100;0;0;0;0;0;0;0;4;1;19;0;0;0;0;1;4
30.12.2024;14:19;A 11;1;1;96;2;79;0;0;2;3;6;6;2;3;0;100;0;100;0;0;0;0;1;3;3;19;2;27;0;13;3;17;1;10
30.12.2024;14:18;A 11;1;3;89;1;76;0;0;6;8;7;8;2;3;0;100;0;100;0;0;0;0;1;3;4;55;2;44;1;14;0;0;1;6
30.12.2024;14:17;A 11;1;1;60;2;89;0;0;6;8;7;9;1;1;0;100;0;100;0;0;0;0;0;0;2;34;3;49;0;0;1;10;1;8
30.12.2024;14:16;A 11;1;3;100;2;82;0;0;2;2;8;9;2;3;0;100;0;100;0;0;0;0;0;0;2;14;5;52;1;17;1;6;0;4
30.12.2024;14:15;A 11;1;4;79;4;59;1;1;8;8;9;12;0;0;0;100;0;100;0;0;0;0;0;0;3;38;0;39;0;0;1;16;3;14
30.12.2024;14:14;A 11;1;3;90;2;82;0;0;0;0;2;3;1;2;0;100;0;100;0;0;0;0;0;0;1;4;2;16;0;41;0;0;0;0
30.12.2024;14:13;A 11;1;1;54;1;81;1;1;2;2;7;7;3;5;0;100;0;100;0;0;0;0;0;0;2;15;2;31;1;83;0;0;1;7
30.12.2024;14:12;A 11;1;0;99;1;75;3;1;5;7;2;3;0;0;0;100;0;100;0;0;0;0;0;0;2;32;3;18;1;7;0;0;0;0
30.12.2024;14:11;A 11;1;1;93;2;74;0;0;7;11;8;14;1;1;0;100;0;100;0;0;0;0;0;0;3;54;3;78;0;0;3;11;2;9
30.12.2024;14:10;A 11;1;3;78;1;83;1;0;7;12;9;11;2;2;0;100;0;100;0;0;0;0;1;3;1;39;3;49;1;12;2;15;0;0
30.12.2024;14:09;A 11;1;5;82;2;72;3;8;4;4;4;5;4;5;0;100;0;100;0;0;0;0;0;0;3;24;3;30;2;9;2;9;0;0
30.12.2024;14:08;A 11;1;3;70;2;76;0;0;2;3;8;8;0;0;0;100;0;100;0;0;0;0;0;0;2;19;0;36;0;0;1;57;0;0
30.12.2024;14:07;A 11;1;4;83;2;53;0;0;1;2;5;6;2;3;0;100;0;100;0;0;0;0;1;3;1;7;3;30;1;42;2;25;1;6
30.12.2024;14:06;A 11;1;1;93;2;92;1;1;5;3;4;4;4;6;0;100;0;100;0;0;0;0;1;3;1;10;1;16;1;45;0;0;0;0
30.12.2024;14:05;A 11;1;1;81;2;96;0;0;3;3;4;6;1;2;0;100;0;100;0;0;0;0;1;3;2;19;5;39;1;13;0;0;1;3
30.12.2024;14:04;A 11;1;4;82;3;70;4;1;3;2;9;13;0;0;0;100;0;100;0;0;0;0;0;0;2;9;3;51;0;0;0;2;0;6
30.12.2024;14:03;A 11;1;1;59;2;65;1;11;3;4;7;8;6;9;0;100;0;100;0;0;0;0;0;0;2;19;3;78;1;33;1;6;1;39
30.12.2024;14:02;A 11;1;4;62;2;82;1;1;3;4;10;14;0;0;0;100;0;100;0;0;0;0;0;0;2;23;3;70;0;0;0;0;1;7
30.12.2024;14:01;A 11;1;1;92;4;81;1;1;4;4;3;3;2;3;0;100;0;100;0;0;0;0;0;0;2;32;2;23;1;41;1;8;0;0
30.12.2024;14:00;A 11;1;2;74;2;90;4;6;5;8;5;5;4;6;0;100;0;100;0;0;0;0;1;3;2;76;3;72;3;23;1;5;1;7
30.12.2024;13:59;A 11;1;2;81;1;82;1;0;5;6;5;6;1;2;0;100;0;100;0;0;0;0;0;0;4;29;3;31;0;2;1;3;0;3
30.12.2024;13:58;A 11;1;2;72;2;60;1;1;2;2;6;11;0;0;0;100;0;100;0;0;0;0;1;3;1;9;4;65;1;5;3;7;4;19
30.12.2024;13:57;A 11;1;2;84;1;97;1;1;6;10;5;6;0;0;0;100;0;100;0;0;0;0;0;0;3;52;6;42;0;0;0;0;0;0
30.12.2024;13:56;A 11;1;1;74;0;61;1;0;5;7;8;10;3;2;0;100;0;100;0;0;0;0;0;0;3;38;2;44;1;7;0;3;0;0
30.12.2024;13:55;A 11;1;2;70;1;73;1;1;3;4;4;9;3;3;0;100;0;100;0;0;0;0;0;0;2;20;2;47;0;61;2;8;1;5
30.12.2024;13:53;A 11;1;2;90;1;93;2;2;2;1;8;10;3;5;0;100;0;100;0;0;0;0;0;0;1;7;4;46;2;20;0;0;2;11
30.12.2024;13:52;A 11;1;2;87;3;55;3;3;6;5;4;5;0;0;0;100;0;100;0;0;0;0;0;0;1;23;2;38;0;0;1;7;2;13
30.12.2024;13:51;A 11;1;2;39;4;46;2;2;4;4;8;17;0;0;0;100;0;100;0;0;0;0;0;0;4;29;2;53;0;0;0;18;1;15
30.12.2024;13:50;A 11;1;3;61;1;70;0;0;6;8;8;12;5;8;0;100;0;100;0;0;0;0;0;0;3;37;4;47;0;1;4;23;0;0
30.12.2024;13:49;A 11;1;3;82;4;39;1;1;2;2;3;3;1;1;0;100;0;100;0;0;0;0;0;0;2;14;2;17;1;9;0;0;0;0
30.12.2024;13:48;A 11;1;3;72;4;58;0;0;3;3;7;9;0;0;0;100;0;100;0;0;0;0;0;0;1;21;3;55;0;0;0;0;1;77
30.12.2024;13:47;A 11;1;5;64;3;51;2;58;1;1;5;5;0;0;0;100;0;100;0;0;0;0;1;3;1;7;3;28;0;0;0;0;0;3
30.12.2024;13:46;A 11;1;1;51;2;87;2;2;1;1;8;9;1;1;0;100;0;100;0;0;0;0;0;0;0;6;1;37;0;0;2;5;3;21
30.12.2024;13:45;A 11;1;3;69;2;84;2;5;3;2;7;9;2;3;0;100;0;100;0;0;0;0;0;0;2;13;3;52;1;8;0;0;0;0
30.12.2024;13:44;A 11;1;2;75;1;81;0;0;7;8;9;13;0;0;0;100;0;100;0;0;0;0;0;0;2;43;2;41;0;0;0;0;1;5
30.12.2024;13:43;A 11;1;2;57;1;52;0;0;1;0;5;6;0;0;0;100;0;100;0;0;1;3;0;0;1;1;2;25;0;0;1;3;0;0
30.12.2024;13:42;A 11;1;2;82;3;72;1;2;6;6;8;8;4;5;0;100;0;100;0;0;0;0;0;0;4;35;4;43;2;37;0;0;0;0
30.12.2024;13:41;A 11;1;4;78;3;81;0;0;6;8;6;8;0;0;0;100;0;100;0;0;0;0;0;0;1;39;1;37;0;0;2;6;0;0
30.12.2024;13:40;A 11;1;2;38;3;52;0;0;3;3;8;9;1;2;0;100;0;100;0;0;0;0;0;0;1;11;4;42;1;12;1;3;1;2
30.12.2024;13:39;A 11;1;3;43;3;54;1;16;1;0;6;6;0;0;0;100;0;100;0;0;0;0;0;0;1;2;4;34;0;0;1;7;1;26
30.12.2024;13:38;A 11;1;1;82;3;54;0;0;4;8;2;3;5;8;0;100;0;100;0;0;0;0;0;0;1;25;1;13;0;21;0;0;3;10
30.12.2024;13:37;A 11;1;1;98;0;98;3;3;7;11;6;7;2;3;0;100;0;100;0;0;0;0;0;0;4;44;3;38;1;6;0;0;0;0
30.12.2024;13:36;A 11;1;3;93;2;74;0;0;3;3;4;6;3;4;0;100;0;100;0;0;1;3;0;0;2;18;2;30;1;56;3;7;1;12
30.12.2024;13:35;A 11;1;5;38;2;40;0;0;3;4;5;5;3;3;0;100;0;100;0;0;0;0;0;0;1;18;4;32;1;26;0;0;3;72
30.12.2024;13:34;A 11;1;1;47;2;69;1;0;4;4;8;9;2;2;0;100;0;100;0;0;0;0;1;3;3;21;3;40;1;9;0;0;2;5
30.12.2024;13:33;A 11;1;2;81;6;69;0;0;9;8;8;10;0;0;0;100;0;100;0;0;0;0;0;0;2;35;1;40;0;0;0;0;0;0
30.12.2024;13:32;A 11;1;2;90;2;60;0;0;2;2;2;3;2;3;0;100;0;100;0;0;0;0;0;0;1;11;2;17;0;36;0;0;2;15
30.12.2024;13:31;A 11;1;2;90;2;97;1;13;3;3;2;2;0;0;0;100;0;100;0;0;0;0;0;0;2;16;1;13;2;2;1;6;0;0
30.12.2024;13:30;A 11;1;1;87;1;97;1;1;3;2;6;6;0;0;0;100;0;100;0;0;0;0;0;0;2;14;3;34;1;1;2;10;0;0
30.12.2024;13:29;A 11;1;1;85;1;81;0;0;6;6;8;10;0;0;0;100;0;100;0;0;0;0;1;3;2;35;3;54;0;0;0;0;1;4
30.12.2024;13:28;A 11;1;5;79;4;72;0;0;5;5;7;9;1;1;0;100;0;100;0;0;0;0;0;0;2;25;2;40;1;7;1;4;0;0
30.12.2024;13:27;A 11;1;3;66;1;71;0;0;1;1;2;3;2;3;0;100;0;100;0;0;0;0;0;0;1;5;2;15;1;11;2;47;0;0
30.12.2024;13:26;A 11;1;1;70;4;75;2;35;6;11;8;10;1;2;0;100;0;100;1;2;0;0;0;0;3;39;3;64;1;6;0;0;0;0
30.12.2024;13:25;A 11;1;2;51;3;71;0;0;4;7;5;6;0;0;0;100;0;100;0;0;0;0;0;0;3;56;2;61;1;1;2;32;0;0
30.12.2024;13:24;A 11;1;2;85;3;46;1;0;2;4;2;3;0;0;0;100;0;100;0;0;0;0;0;0;1;17;2;15;0;0;1;5;1;6
30.12.2024;13:23;A 11;1;2;79;2;66;1;1;8;9;6;9;1;3;0;100;0;100;0;0;0;0;0;0;1;36;2;38;1;1;0;0;1;5
30.12.2024;13:22;A 11;1;4;69;2;42;0;0;7;10;9;15;1;0;0;100;0;100;0;0;2;5;0;0;2;45;2;62;1;8;3;17;1;4
30.12.2024;13:21;A 11;1;0;64;1;65;0;0;5;5;2;2;0;0;0;100;0;100;0;0;0;0;0;0;4;27;1;11;0;0;0;0;2;6
30.12.2024;13:20;A 11;1;3;62;2;69;0;0;4;2;7;10;2;3;0;100;0;100;0;0;0;0;0;0;2;15;2;67;1;14;1;7;1;7
30.12.2024;13:19;A 11;1;1;62;2;88;1;0;4;3;9;18;0;0;0;100;0;100;0;0;0;0;0;0;0;17;1;84;0;0;0;0;1;10
30.12.2024;13:18;A 11;1;2;47;3;65;1;1;5;7;7;9;3;5;0;100;0;100;0;0;0;0;0;0;3;67;3;71;1;30;0;0;2;45
30.12.2024;13:17;A 11;1;3;56;3;50;1;24;2;4;6;7;7;11;0;100;0;100;0;0;0;0;0;0;1;14;2;31;2;9;1;4;0;0
30.12.2024;13:16;A 11;1;2;69;2;67;0;0;4;5;4;5;1;1;0;100;0;100;0;0;0;0;0;0;3;30;2;34;0;4;3;3;0;28
30.12.2024;13:15;A 11;1;1;43;2;73;0;0;5;7;6;6;3;4;0;100;0;100;0;0;0;0;0;0;2;31;2;25;1;34;1;7;2;23
30.12.2024;13:14;A 11;1;2;22;4;72;0;0;4;3;7;7;2;2;0;100;0;100;0;0;0;0;0;0;3;23;3;38;1;9;1;4;0;0
30.12.2024;13:13;A 11;1;4;78;5;67;0;0;5;6;9;11;0;0;0;100;0;100;0;0;0;0;0;0;5;37;2;44;0;0;2;17;0;0
30.12.2024;13:12;A 11;1;3;73;3;52;1;41;3;5;4;5;3;4;0;100;0;100;0;0;0;0;0;0;1;19;1;23;0;0;2;11;2;11
30.12.2024;13:11;A 11;1;4;86;3;60;1;0;3;3;4;4;1;1;0;100;0;100;0;0;0;0;0;0;2;15;2;23;0;43;0;0;0;0
30.12.2024;13:10;A 11;1;3;69;4;70;0;0;1;2;4;7;2;3;0;100;0;100;0;0;0;0;1;5;1;11;1;36;1;43;0;0;1;6
30.12.2024;13:09;A 11;1;2;67;2;28;0;0;7;6;8;16;0;0;0;100;0;100;0;0;0;0;0;0;2;40;2;48;0;0;0;0;0;0
30.12.2024;13:08;A 11;1;3;50;2;12;0;0;7;5;7;9;0;0;0;100;0;100;0;0;0;0;0;0;4;27;3;48;0;0;0;2;0;0
30.12.2024;13:07;A 11;1;2;83;2;69;0;0;2;2;6;10;0;0;0;100;0;100;0;0;0;0;0;0;1;14;3;38;0;0;1;7;0;0
30.12.2024;13:06;A 11;1;1;84;3;78;0;0;7;9;6;7;0;0;0;100;0;100;0;0;0;0;0;0;4;63;4;34;0;0;2;13;0;0
30.12.2024;13:05;A 11;1;3;69;4;55;0;0;8;10;3;3;2;3;0;100;0;100;0;0;0;0;1;2;2;42;2;12;1;4;1;9;1;9
30.12.2024;13:04;A 11;1;1;80;3;60;1;2;3;3;4;3;0;0;0;100;0;100;0;0;0;0;0;0;3;21;1;17;0;0;2;4;0;0
30.12.2024;13:03;A 11;1;2;48;2;85;1;3;3;4;3;5;0;0;0;100;0;100;0;0;0;0;0;0;2;31;2;19;0;0;1;10;3;14
30.12.2024;13:02;A 11;1;1;48;0;87;0;0;3;3;4;4;2;3;0;100;0;100;0;0;0;0;0;0;2;17;1;17;1;10;1;6;0;0
30.12.2024;13:01;A 11;1;3;81;2;93;2;1;4;2;6;7;2;3;0;100;0;100;0;0;0;0;0;0;3;16;3;33;1;36;0;0;0;0
30.12.2024;13:00;A 11;1;1;81;5;78;1;2;4;5;10;11;4;6;0;100;0;100;0;0;0;0;1;6;2;25;3;49;2;16;0;0;1;7
30.12.2024;12:59;A 11;1;2;88;3;59;0;0;8;10;10;12;0;0;0;100;0;100;0;0;0;0;0;0;5;52;3;52;0;0;1;8;1;5
30.12.2024;12:58;A 11;1;1;77;2;62;1;1;6;5;3;3;3;4;0;100;0;100;0;0;0;0;0;0;3;31;2;22;1;33;2;2;2;36
30.12.2024;12:57;A 11;1;2;60;5;65;1;2;6;7;9;9;2;2;0;100;0;100;0;0;0;0;0;0;2;30;2;39;1;12;0;0;0;0
30.12.2024;12:56;A 11;1;1;95;3;36;0;0;4;5;4;5;1;2;0;100;0;100;0;0;0;0;0;0;2;28;2;29;0;20;0;0;0;0
30.12.2024;12:55;A 11;1;2;69;2;71;0;0;4;4;4;5;1;2;0;100;0;100;0;0;0;0;0;0;3;19;2;21;2;23;0;2;0;0
30.12.2024;12:54;A 11;1;2;81;5;78;0;0;2;1;6;6;0;0;0;100;0;100;0;0;0;0;1;5;1;5;3;33;0;0;1;2;1;4
30.12.2024;12:53;A 11;1;1;76;1;59;0;0;8;9;6;8;0;0;0;100;0;100;1;2;0;0;0;0;2;39;2;37;0;0;1;10;0;0
30.12.2024;12:52;A 11;1;2;72;2;74;1;1;4;4;8;9;3;5;0;100;0;100;0;0;0;0;1;3;4;23;4;60;1;48;0;0;2;6
30.12.2024;12:51;A 11;1;6;80;2;68;0;0;3;2;8;8;0;0;0;100;0;100;0;0;0;0;0;0;3;18;2;38;0;0;1;4;0;0
30.12.2024;12:50;A 11;1;2;24;3;80;0;0;1;2;4;4;4;5;0;100;0;100;0;0;0;0;0;0;1;10;2;22;0;8;0;0;0;0
30.12.2024;12:49;A 11;1;1;96;2;67;0;0;4;2;4;6;0;0;0;100;0;100;0;0;0;0;0;0;2;12;3;29;1;16;0;0;1;8
30.12.2024;12:48;A 11;1;2;43;1;74;1;4;2;1;6;7;2;2;0;100;0;100;0;0;0;0;2;5;3;5;3;38;1;16;1;7;1;5
30.12.2024;12:47;A 11;1;2;83;2;74;1;5;5;6;7;8;3;3;0;100;0;100;0;0;0;0;0;0;2;32;3;41;1;10;0;0;0;4
30.12.2024;12:46;A 11;1;1;84;1;59;1;71;8;8;7;7;3;4;0;100;0;100;0;0;0;0;1;4;2;33;3;34;5;21;1;11;2;24
30.12.2024;12:45;A 11;1;3;72;4;74;1;1;6;6;10;15;0;0;0;100;0;100;0;0;0;0;0;0;2;25;3;56;0;0;1;31;1;26
30.12.2024;12:44;A 11;1;1;77;2;82;1;2;3;4;5;7;0;0;0;100;0;100;0;0;0;0;0;0;1;14;1;29;0;0;1;4;0;0
30.12.2024;12:43;A 11;1;2;74;1;66;0;0;5;5;4;4;1;2;0;100;0;100;1;4;0;0;0;0;2;24;2;23;1;7;1;6;0;0
30.12.2024;12:42;A 11;1;1;94;2;79;0;0;3;4;3;3;0;0;0;100;0;100;0;0;0;0;1;3;2;26;3;23;0;0;0;0;1;9
30.12.2024;12:41;A 11;1;1;97;1;89;1;4;2;3;5;5;2;2;0;100;0;100;0;0;0;0;0;0;1;10;2;28;1;15;1;9;0;0
30.12.2024;12:40;A 11;1;1;97;1;98;1;1;9;13;5;6;2;3;0;100;0;100;0;0;1;3;0;0;3;53;5;46;1;28;1;4;1;7
30.12.2024;12:39;A 11;1;1;58;2;57;0;0;1;1;3;3;0;0;0;100;0;100;0;0;0;0;0;0;1;13;3;24;2;2;4;10;2;6
30.12.2024;12:38;A 11;1;3;52;1;38;1;1;3;5;8;13;7;10;0;100;0;100;0;0;0;0;0;0;3;21;2;46;2;30;1;2;0;0
30.12.2024;12:37;A 11;1;2;36;3;40;0;0;1;0;12;13;3;5;0;100;0;100;0;0;0;0;1;3;0;47;1;67;1;32;0;0;0;0
30.12.2024;12:36;A 11;1;3;74;3;17;0;0;1;37;4;5;4;5;0;100;0;100;0;0;0;0;0;0;0;100;0;100;1;36;2;11;1;10
30.12.2024;12:35;A 11;1;2;62;3;81;0;0;3;3;4;6;0;0;0;100;0;100;0;0;0;0;0;0;2;16;2;74;0;0;0;0;1;4
30.12.2024;12:34;A 11;1;1;71;3;65;1;0;7;7;4;4;2;3;0;100;0;100;0;0;0;0;0;0;3;43;2;27;1;10;1;12;0;0
30.12.2024;12:33;A 11;1;2;85;0;74;0;0;9;10;8;10;3;4;0;100;0;100;1;2;0;0;1;3;3;47;2;45;1;12;3;18;1;4
30.12.2024;12:32;A 11;1;2;91;2;86;0;0;4;3;4;4;1;2;0;100;0;100;0;0;0;0;0;0;2;14;2;24;1;9;2;2;2;6
30.12.2024;12:31;A 11;1;3;63;4;51;1;50;3;3;6;7;3;4;0;100;0;100;0;0;0;0;0;0;2;20;5;34;1;20;4;10;3;15
30.12.2024;12:30;A 11;1;2;61;4;38;0;0;9;9;8;9;0;0;0;100;0;100;0;0;0;0;0;0;2;39;1;38;0;0;0;0;0;0
30.12.2024;12:29;A 11;1;2;79;2;63;1;0;2;2;4;6;2;3;0;100;0;100;0;0;0;0;0;0;1;8;3;30;1;11;1;44;0;0
30.12.2024;12:28;A 11;1;0;100;2;91;2;39;4;3;6;8;1;2;0;100;0;100;0;0;0;0;0;0;2;18;2;33;1;17;3;17;2;1
30.12.2024;12:27;A 11;1;0;100;1;95;0;0;6;6;8;8;4;6;0;100;0;100;0;0;0;0;0;0;1;23;3;37;1;24;0;0;0;28
30.12.2024;12:26;A 11;1;4;59;6;66;0;0;2;3;1;1;2;3;0;100;0;100;0;0;0;0;0;0;2;23;2;14;1;17;1;9;1;47
30.12.2024;12:25;A 11;1;3;67;3;58;0;0;6;7;4;5;1;2;0;100;0;100;2;5;0;0;0;0;3;33;3;25;3;9;2;7;3;14
30.12.2024;12:24;A 11;1;2;30;3;61;0;0;8;8;5;5;0;0;0;100;0;100;0;0;0;0;0;0;3;39;4;30;0;0;0;0;1;7
30.12.2024;12:23;A 11;1;2;74;3;74;0;0;1;2;4;5;0;0;0;100;0;100;0;0;0;0;0;0;0;8;2;26;0;0;0;0;1;6
30.12.2024;12:22;A 11;1;2;76;2;84;0;0;3;4;3;3;0;0;0;100;0;100;0;0;0;0;1;4;1;19;2;17;0;0;3;17;3;19
30.12.2024;12:21;A 11;1;3;84;2;96;0;0;3;5;3;4;3;3;0;100;0;100;0;0;0;0;0;0;2;22;2;74;0;23;0;0;0;0
30.12.2024;12:20;A 11;1;4;31;2;56;0;20;3;4;4;5;2;3;0;100;0;100;0;0;0;0;0;0;2;18;4;30;1;26;0;0;1;10
30.12.2024;12:19;A 11;1;0;79;1;72;1;56;3;4;9;10;3;5;0;100;0;100;0;0;0;0;0;0;3;27;3;44;2;25;1;1;2;8
30.12.2024;12:18;A 11;1;3;73;4;41;1;70;5;5;12;17;2;3;0;100;0;100;0;0;0;0;0;0;2;21;2;60;1;19;1;7;1;8
30.12.2024;12:17;A 11;1;0;48;1;40;0;0;8;8;10;13;5;6;0;100;0;100;0;0;0;0;1;3;2;33;4;58;3;28;0;0;1;3
30.12.2024;12:16;A 11;1;2;91;1;64;0;0;1;1;3;3;4;5;0;100;0;100;0;0;0;0;0;0;0;5;2;20;1;13;2;28;0;0
30.12.2024;12:15;A 11;1;1;75;1;70;1;22;1;1;4;5;0;0;0;100;0;100;0;0;1;3;0;0;1;9;2;20;0;0;1;5;2;13
30.12.2024;12:14;A 11;1;2;55;3;37;0;0;4;5;3;3;3;6;0;100;0;100;0;0;0;0;0;0;3;34;2;18;0;27;3;20;0;0
30.12.2024;12:13;A 11;1;0;100;4;98;0;0;6;11;8;10;1;0;0;100;0;100;0;0;0;0;0;0;3;40;2;50;1;8;1;8;0;0
30.12.2024;12:12;A 11;1;2;89;2;85;0;0;3;3;6;7;2;3;0;100;0;100;0;0;0;0;0;0;2;19;3;32;1;10;2;15;1;4
30.12.2024;12:11;A 11;1;4;85;5;72;0;0;3;6;4;5;3;4;0;100;0;100;1;2;0;0;0;0;0;48;2;21;1;11;0;0;0;0
30.12.2024;12:10;A 11;1;5;65;5;42;0;0;7;9;5;5;2;3;0;100;0;100;0;0;0;0;0;0;4;50;4;28;1;16;0;0;1;16
30.12.2024;12:09;A 11;1;3;68;3;54;1;2;7;8;6;8;0;0;0;100;0;100;0;0;0;0;0;0;2;36;1;32;0;0;0;0;0;0
30.12.2024;12:08;A 11;1;3;62;4;75;0;58;3;4;7;9;3;5;0;100;0;100;0;0;0;0;0;2;2;20;4;55;2;21;1;7;1;6
30.12.2024;12:07;A 11;1;1;95;2;58;1;8;3;4;6;16;1;1;0;100;0;100;0;0;0;0;1;1;2;27;2;73;0;16;1;3;2;7
30.12.2024;12:06;A 11;1;2;62;1;10;0;0;3;2;5;5;2;3;0;100;0;100;0;0;0;0;0;0;2;12;2;26;2;29;0;0;1;4
30.12.2024;12:05;A 11;1;0;92;1;83;0;0;6;9;8;9;2;3;0;100;0;100;0;0;0;0;0;0;2;33;3;46;1;10;1;8;0;0
30.12.2024;12:04;A 11;1;1;65;3;79;2;57;2;2;6;7;2;2;0;100;0;100;0;0;0;0;0;0;2;14;4;40;0;8;2;7;0;0
30.12.2024;12:03;A 11;1;2;94;3;62;0;0;5;7;6;7;0;0;0;100;0;100;0;0;0;0;1;3;3;42;3;37;1;2;0;0;1;7
30.12.2024;12:02;A 11;1;2;63;4;40;0;0;6;7;7;8;3;5;0;100;0;100;0;0;0;0;0;0;2;30;2;36;3;24;2;58;1;9
30.12.2024;12:01;A 11;1;2;55;2;41;0;0;3;4;3;5;1;2;0;100;0;100;0;0;0;0;0;0;1;17;2;24;1;14;1;3;0;0
30.12.2024;12:00;A 11;1;4;47;2;80;0;36;3;4;8;12;3;5;0;100;0;100;0;0;0;0;0;0;3;24;3;73;0;15;1;3;1;7
30.12.2024;11:59;A 11;1;2;70;4;56;2;44;3;2;6;8;1;1;0;100;0;100;0;0;0;0;0;0;2;14;4;41;1;7;0;0;1;17
30.12.2024;11:58;A 11;1;2;92;3;82;0;0;5;4;11;15;0;0;0;100;0;100;0;0;1;4;0;0;1;20;4;72;0;0;0;0;1;0
30.12.2024;11:57;A 11;1;2;73;2;75;1;1;2;2;6;6;1;2;0;100;0;100;0;0;0;0;0;0;2;16;3;29;1;3;0;0;1;5
30.12.2024;11:56;A 11;1;3;70;4;61;0;0;1;1;9;10;0;0;0;100;0;100;0;0;0;0;1;5;1;9;3;43;0;0;5;8;0;0
30.12.2024;11:55;A 11;1;2;55;2;56;0;0;8;7;5;6;6;9;0;100;0;100;3;7;0;0;0;0;5;36;2;36;1;27;1;6;1;4
30.12.2024;11:54;A 11;1;2;64;2;65;1;41;4;5;10;15;1;2;0;100;0;100;0;0;0;0;1;3;3;20;2;47;1;21;1;5;2;11
30.12.2024;11:53;A 11;1;1;90;4;81;0;38;6;5;4;6;2;3;0;100;0;100;0;0;0;0;0;0;2;28;2;30;1;10;0;40;0;0
30.12.2024;11:52;A 11;1;1;84;4;82;1;42;1;1;1;1;1;2;0;100;0;100;0;0;0;0;0;0;1;4;2;12;1;8;2;40;0;0
30.12.2024;11:51;A 11;1;2;62;0;77;0;0;4;3;8;10;0;0;0;100;0;100;0;0;0;0;0;0;3;21;3;50;0;0;2;14;0;0
30.12.2024;11:50;A 11;1;1;56;1;78;0;0;9;15;8;11;4;6;0;100;0;100;0;0;0;0;0;0;3;48;4;52;1;29;0;0;0;0
30.12.2024;11:49;A 11;1;3;30;2;62;1;1;2;3;6;7;2;3;0;100;0;100;0;0;0;0;1;6;2;20;2;39;0;0;2;7;1;0
30.12.2024;11:48;A 11;1;5;47;3;76;2;2;3;3;4;4;1;2;0;100;0;100;0;0;0;0;1;3;1;17;2;24;1;9;0;0;1;10
30.12.2024;11:47;A 11;1;2;44;2;61;1;2;4;4;5;5;3;4;0;100;0;100;0;0;0;0;0;0;2;21;3;30;1;25;0;0;0;0
30.12.2024;11:46;A 11;1;1;99;2;96;0;0;3;3;5;6;3;3;0;100;0;100;0;0;0;0;0;0;3;18;1;22;1;26;2;10;1;33
30.12.2024;11:45;A 11;1;1;97;3;74;0;0;5;5;4;3;1;1;0;100;0;100;0;0;0;0;1;3;3;30;4;24;1;11;0;0;3;25
30.12.2024;11:44;A 11;1;1;88;2;89;0;0;4;4;5;5;0;0;0;100;0;100;0;0;0;0;0;0;3;25;4;38;0;0;0;0;0;0
30.12.2024;11:43;A 11;1;1;95;3;78;0;0;3;4;5;5;2;3;0;100;0;100;0;0;0;0;0;0;2;19;4;33;1;18;0;0;1;8
30.12.2024;11:42;A 11;1;2;43;2;45;0;0;6;5;5;6;2;3;0;100;0;100;0;0;0;0;1;4;4;29;3;32;1;19;0;0;2;39
30.12.2024;11:41;A 11;1;2;91;2;67;0;0;2;2;5;5;2;2;0;100;0;100;0;0;0;0;1;3;2;14;2;24;1;15;1;9;1;5
30.12.2024;11:40;A 11;1;2;74;5;68;0;0;5;6;4;5;0;0;0;100;0;100;0;0;0;0;0;0;2;23;1;26;0;0;1;17;0;0
30.12.2024;11:39;A 11;1;1;89;2;80;1;0;2;3;7;8;1;2;0;100;0;100;0;0;0;0;0;0;2;16;3;40;0;16;2;6;0;0
30.12.2024;11:38;A 11;1;1;69;1;87;0;0;2;4;5;7;5;7;0;100;0;100;0;0;0;0;0;0;2;17;3;41;2;19;1;7;0;0
30.12.2024;11:37;A 11;1;1;54;0;87;1;1;3;4;5;6;0;0;0;100;0;100;0;0;0;0;0;0;3;21;3;30;0;0;1;8;1;8
30.12.2024;11:36;A 11;1;1;3;2;8;0;0;4;5;6;7;4;6;0;100;0;100;0;0;0;0;0;0;1;21;4;39;1;27;0;0;1;6
30.12.2024;11:35;A 11;1;1;52;2;81;0;0;5;5;5;6;0;0;0;100;0;100;0;0;0;0;0;0;2;24;2;31;0;0;0;0;0;0
30.12.2024;11:34;A 11;1;3;51;2;66;0;0;5;4;6;6;3;5;0;100;0;100;0;0;0;0;0;0;1;20;3;35;2;19;0;0;0;0
30.12.2024;11:33;A 11;1;2;53;2;74;0;0;3;5;4;4;1;1;0;100;0;100;0;0;0;0;0;0;3;36;1;21;1;7;1;0;0;0
30.12.2024;11:32;A 11;1;1;87;4;72;1;0;3;4;3;4;1;1;0;100;0;100;0;0;0;0;0;0;3;30;3;27;0;0;0;0;1;4
30.12.2024;11:31;A 11;1;0;13;3;51;0;0;3;4;5;7;4;7;0;100;0;100;0;0;0;0;0;0;3;27;2;37;1;14;1;7;0;0
30.12.2024;11:30;A 11;1;4;32;0;83;0;0;6;9;4;5;3;4;0;100;0;100;0;0;0;0;1;5;2;47;2;28;2;27;1;2;1;10
30.12.2024;11:29;A 11;1;2;23;2;78;0;0;5;8;7;7;2;2;0;100;0;100;0;0;0;0;0;0;3;37;5;44;1;8;1;6;0;0
30.12.2024;11:28;A 11;1;3;59;1;78;1;3;4;5;2;3;3;3;0;100;0;100;0;0;0;0;0;0;3;28;2;23;1;75;2;4;0;0
30.12.2024;11:27;A 11;1;5;60;4;90;0;0;7;7;8;9;2;2;0;100;0;100;0;0;0;0;0;0;1;30;2;43;1;15;0;0;1;6
30.12.2024;11:26;A 11;1;2;69;1;57;1;1;3;3;6;6;3;5;0;100;0;100;0;0;0;0;0;0;2;16;2;30;1;30;1;38;2;5
30.12.2024;11:25;A 11;1;1;91;2;80;1;0;1;1;4;5;0;0;0;100;0;100;0;0;0;0;0;0;1;8;2;29;0;0;1;6;0;0
30.12.2024;11:24;A 11;1;0;79;1;57;0;0;2;2;6;6;2;3;0;100;0;100;0;0;0;0;0;0;2;11;2;24;1;9;1;2;1;6
30.12.2024;11:23;A 11;1;3;41;6;79;0;1;7;10;5;6;1;0;0;100;0;100;0;0;0;0;0;0;3;41;2;32;1;30;0;0;0;0
30.12.2024;11:22;A 11;1;2;18;4;38;1;69;3;2;7;7;3;4;0;100;0;100;0;0;0;0;1;3;2;13;3;32;1;7;1;7;1;6
30.12.2024;11:21;A 11;1;1;44;0;31;0;0;1;2;7;8;0;0;0;100;0;100;0;0;0;0;0;0;1;9;2;34;0;0;0;0;0;0
30.12.2024;11:20;A 11;1;2;70;3;94;0;0;1;2;5;8;0;0;0;100;0;100;0;0;1;3;1;3;1;14;1;29;0;0;1;15;1;3
30.12.2024;11:19;A 11;1;5;57;3;70;1;1;8;13;8;10;4;6;0;100;0;100;0;0;0;0;0;0;2;42;3;53;2;34;0;0;0;0
30.12.2024;11:18;A 11;1;2;25;2;27;0;0;0;0;2;2;0;0;0;100;0;100;0;0;0;0;0;0;0;0;1;8;1;1;1;41;0;0
30.12.2024;11:17;A 11;1;4;23;2;83;0;0;3;4;7;9;0;0;0;100;0;100;0;0;0;0;0;0;3;24;1;40;0;0;2;15;0;0
30.12.2024;11:16;A 11;1;3;14;2;48;0;0;7;6;9;11;2;3;0;100;0;100;0;0;0;0;0;0;2;94;3;46;1;8;0;0;0;0
30.12.2024;11:15;A 11;1;4;48;2;73;0;0;5;7;10;11;0;0;0;100;0;100;1;2;0;0;0;0;3;25;3;51;0;0;0;0;1;6
30.12.2024;11:14;A 11;1;1;46;2;62;0;0;6;5;5;5;5;7;0;100;0;100;0;0;0;0;0;0;4;32;3;24;1;36;2;6;1;1
30.12.2024;11:13;A 11;1;1;14;2;25;0;0;2;2;4;5;0;0;0;100;0;100;0;0;0;0;0;0;2;17;2;20;1;1;2;17;3;20
30.12.2024;11:12;A 11;1;2;93;4;59;0;0;3;3;6;7;0;0;0;100;0;100;0;0;0;0;0;0;2;14;3;31;0;0;1;4;1;1
30.12.2024;11:11;A 11;1;2;78;3;77;0;0;1;1;4;4;5;7;0;100;0;100;0;0;0;0;0;0;1;6;2;28;3;27;1;41;2;9
30.12.2024;11:10;A 11;1;0;92;3;85;0;0;7;10;6;7;1;2;0;100;0;100;0;0;0;0;1;3;2;35;3;48;1;2;2;43;1;27
30.12.2024;11:09;A 11;1;2;43;3;45;0;0;6;7;6;6;2;3;0;100;0;100;0;0;0;0;0;0;1;27;2;29;2;30;1;7;2;26
30.12.2024;11:08;A 11;1;2;72;1;74;0;0;2;2;3;3;0;0;0;100;0;100;0;0;0;0;1;3;1;11;2;17;2;6;1;3;1;50
30.12.2024;11:07;A 11;1;2;76;2;77;0;0;3;3;5;5;2;3;0;100;0;100;0;0;0;0;0;0;3;20;3;27;2;11;0;0;0;0
30.12.2024;11:06;A 11;1;4;49;1;76;1;25;4;5;5;6;5;6;0;100;0;100;0;0;0;0;1;3;3;34;2;36;1;18;1;7;3;23
30.12.2024;11:05;A 11;1;3;58;3;36;0;0;5;6;4;5;1;1;0;100;0;100;0;0;0;0;1;3;1;23;2;24;1;14;1;8;2;12
30.12.2024;11:04;A 11;1;6;59;4;58;1;1;3;3;3;3;2;3;0;100;0;100;0;0;0;0;0;0;2;21;2;20;1;9;0;0;0;0
30.12.2024;11:03;A 11;1;0;87;3;43;0;0;5;5;6;7;0;0;0;100;0;100;1;2;0;0;0;0;2;25;3;40;0;0;4;10;1;7
30.12.2024;11:02;A 11;1;2;42;3;60;0;0;3;3;12;13;2;2;0;100;0;100;0;0;0;0;0;0;3;15;2;50;1;12;0;11;1;7
30.12.2024;11:01;A 11;1;3;49;3;89;0;0;4;5;5;5;9;13;0;100;0;100;0;0;0;0;0;0;3;49;3;29;2;40;2;24;0;0
30.12.2024;11:00;A 11;1;1;48;1;40;1;1;3;5;3;3;4;6;0;100;0;100;0;0;0;0;0;0;3;30;3;23;1;23;1;7;1;5
30.12.2024;10:59;A 11;1;3;77;4;77;0;0;2;3;7;10;5;7;0;100;0;100;0;0;0;0;0;0;2;17;4;50;1;16;0;0;0;0
30.12.2024;10:58;A 11;1;2;83;2;73;0;0;0;0;4;4;3;5;0;100;0;100;0;0;0;0;0;0;0;0;3;25;1;30;1;9;1;7
30.12.2024;10:57;A 11;1;3;73;2;90;1;1;5;9;3;5;3;4;0;100;0;100;0;0;0;0;0;0;1;67;2;50;0;28;0;0;1;6
30.12.2024;10:56;A 11;1;2;88;0;92;0;0;5;7;3;3;1;1;0;100;0;100;0;0;0;0;0;0;2;30;2;26;1;9;0;0;1;6
30.12.2024;10:55;A 11;1;2;77;2;76;0;0;4;4;3;3;3;5;0;100;0;100;0;0;0;0;0;0;2;26;3;20;2;33;0;0;1;4
30.12.2024;10:54;A 11;1;1;66;2;66;0;0;5;6;6;8;0;0;0;100;0;100;0;0;0;0;0;0;2;33;2;37;0;0;1;5;0;0
30.12.2024;10:53;A 11;1;2;61;2;45;1;16;5;7;3;3;0;0;0;100;0;100;0;0;0;0;0;0;3;33;3;26;0;0;2;8;1;4
30.12.2024;10:52;A 11;1;4;64;2;55;1;29;6;5;4;8;0;0;0;100;0;100;0;0;0;0;0;0;3;32;0;29;0;0;1;17;1;69
30.12.2024;10:51;A 11;1;3;39;4;68;2;1;3;4;9;13;0;0;0;100;0;100;0;0;0;0;1;3;1;28;3;56;0;0;2;15;1;12
30.12.2024;10:50;A 11;1;2;30;3;26;0;0;2;2;6;8;5;7;0;100;0;100;0;0;0;0;0;0;2;15;2;76;0;25;1;9;1;7
30.12.2024;10:49;A 11;1;1;83;0;100;0;0;4;5;6;7;3;2;0;100;0;100;0;0;0;0;0;0;4;31;2;30;1;18;0;0;0;0
30.12.2024;10:48;A 11;1;1;73;2;73;0;0;4;5;5;6;0;0;0;100;0;100;0;0;0;0;0;0;2;21;4;35;0;100;0;0;0;0
30.12.2024;10:47;A 11;1;3;71;4;74;0;0;6;6;8;11;3;3;0;100;0;100;1;2;0;0;0;0;3;32;3;49;1;39;0;0;0;0
30.12.2024;10:46;A 11;1;2;72;2;41;0;0;2;1;3;4;0;0;0;100;0;100;0;0;1;3;0;0;1;8;2;21;0;0;0;0;0;0
30.12.2024;10:45;A 11;1;5;64;2;40;1;3;4;5;5;7;0;0;0;100;0;100;0;0;0;0;0;0;2;24;3;38;0;0;0;0;2;7
30.12.2024;10:44;A 11;1;1;69;2;73;0;0;0;0;3;4;0;0;0;100;0;100;0;0;0;0;0;0;1;2;2;20;0;0;0;0;1;4
30.12.2024;10:43;A 11;1;2;76;3;42;1;1;2;4;5;8;0;0;0;100;0;100;0;0;0;0;0;0;2;23;2;51;0;0;1;7;1;4
30.12.2024;10:42;A 11;1;3;53;2;65;1;2;7;8;7;7;0;0;0;100;0;100;0;0;0;0;1;3;2;42;3;35;0;0;0;0;0;0
30.12.2024;10:41;A 11;1;1;72;2;12;1;1;5;9;4;4;2;3;0;100;0;100;0;0;0;0;0;0;1;33;5;41;1;11;0;0;2;17
30.12.2024;10:40;A 11;1;3;51;3;58;1;1;3;3;5;6;2;2;0;100;0;100;0;0;0;0;0;0;2;55;3;34;1;29;0;0;0;0
30.12.2024;10:39;A 11;1;4;55;4;55;0;0;8;9;6;7;3;5;0;100;0;100;0;0;0;0;0;0;5;45;5;38;1;9;1;59;0;0
30.12.2024;10:38;A 11;1;2;87;2;40;1;1;3;2;3;5;0;0;0;100;0;100;0;0;0;0;0;0;2;16;1;17;0;0;1;7;1;7
30.12.2024;10:37;A 11;1;2;54;2;79;1;3;2;3;5;7;0;0;0;100;0;100;0;0;0;0;1;3;2;19;2;33;0;0;0;0;0;6
30.12.2024;10:36;A 11;1;4;60;2;53;0;0;2;2;2;2;0;0;0;100;0;100;0;0;0;0;0;0;3;9;3;15;0;0;0;0;1;41
30.12.2024;10:35;A 11;1;1;80;2;22;0;0;6;2;8;9;2;2;0;100;0;100;0;0;0;0;0;0;2;12;2;42;1;13;1;3;1;45
30.12.2024;10:34;A 11;1;3;93;3;75;0;0;5;7;5;5;0;0;0;100;0;100;0;0;0;0;0;0;4;42;3;60;0;0;3;15;1;4
30.12.2024;10:33;A 11;1;1;84;2;70;0;0;5;5;7;8;0;0;0;100;0;100;0;0;0;0;0;0;3;26;2;35;3;2;0;0;0;0
30.12.2024;10:32;A 11;1;3;65;2;53;2;1;3;3;8;8;0;0;0;100;0;100;0;0;0;0;0;0;2;25;3;41;0;0;1;7;0;0
30.12.2024;10:31;A 11;1;3;73;6;46;2;3;3;13;8;10;0;0;0;100;0;100;0;0;0;0;0;2;3;38;2;50;0;0;0;0;1;8
30.12.2024;10:30;A 11;1;2;45;2;51;0;0;0;100;10;13;0;0;0;100;0;100;0;0;0;0;1;1;0;100;4;62;0;0;1;6;1;6
30.12.2024;10:29;A 11;1;2;19;1;10;2;28;0;100;6;10;3;2;0;100;0;100;0;0;0;0;0;0;0;100;3;36;3;21;0;0;0;0
30.12.2024;10:28;A 11;1;4;59;2;10;0;23;1;60;7;8;0;0;0;100;0;100;0;0;0;0;1;4;1;68;3;32;0;0;0;0;0;0
30.12.2024;10:27;A 11;1;3;86;2;70;1;31;4;3;5;5;0;0;0;100;0;100;2;5;0;0;0;0;3;19;3;29;0;0;2;5;0;0
30.12.2024;10:26;A 11;1;3;81;3;57;1;1;4;4;7;8;0;0;0;100;0;100;0;0;0;0;0;0;3;29;2;36;0;0;0;0;0;0
30.12.2024;10:25;A 11;1;2;57;1;51;1;1;6;9;9;10;0;0;0;100;0;100;1;2;0;0;0;0;3;47;2;45;0;0;0;0;0;0
30.12.2024;10:24;A 11;1;1;57;1;64;0;0;2;2;4;4;2;4;0;100;0;100;0;0;0;0;1;3;1;19;5;35;1;35;0;0;1;8
30.12.2024;10:23;A 11;1;3;59;4;60;0;0;5;7;2;3;2;1;0;100;0;100;0;0;0;0;0;0;3;68;2;18;1;10;1;2;2;12
30.12.2024;10:22;A 11;1;1;95;3;76;0;0;2;4;1;0;2;3;0;100;0;100;0;0;0;0;0;0;3;28;1;3;0;1;1;4;0;0
30.12.2024;10:21;A 11;1;3;67;3;63;0;0;2;2;3;4;0;0;0;100;0;100;0;0;0;0;0;0;1;15;2;30;2;9;0;0;0;0
30.12.2024;10:20;A 11;1;2;69;3;73;0;0;4;5;5;5;2;3;0;100;0;100;0;0;0;0;1;3;4;36;2;34;1;74;1;4;0;0
30.12.2024;10:19;A 11;1;1;59;1;68;0;0;3;3;7;10;0;0;0;100;0;100;0;0;0;0;0;0;3;20;3;42;0;0;2;14;1;7
30.12.2024;10:18;A 11;1;1;73;3;58;0;0;3;3;7;8;4;2;0;100;0;100;0;0;0;0;0;0;2;39;2;53;1;10;0;0;0;0
30.12.2024;10:17;A 11;1;2;76;1;76;0;0;3;5;2;2;3;5;0;100;0;100;0;0;0;0;1;3;3;39;2;35;1;13;0;0;1;44
30.12.2024;10:16;A 11;1;3;54;2;79;0;0;3;3;4;6;2;2;0;100;0;100;0;0;0;0;0;0;0;14;1;27;0;32;0;0;0;0
30.12.2024;10:15;A 11;1;1;21;3;50;0;0;1;1;0;0;4;6;0;100;0;100;0;0;0;0;0;0;2;9;1;2;3;56;3;22;3;12
30.12.2024;10:14;A 11;1;0;94;1;91;0;0;1;1;2;3;1;2;0;100;0;100;0;0;0;0;0;0;1;5;1;15;0;6;0;0;0;0
30.12.2024;10:13;A 11;1;3;88;3;85;1;1;6;7;6;6;3;4;0;100;0;100;0;0;0;0;0;0;2;31;4;36;1;29;1;6;1;7
30.12.2024;10:12;A 11;1;3;59;1;9;1;12;2;2;2;3;1;2;0;100;0;100;0;0;0;0;0;0;1;9;2;23;1;8;0;0;0;0
30.12.2024;10:11;A 11;1;2;42;1;36;4;11;5;5;7;9;0;0;0;100;0;100;0;0;0;0;0;0;3;30;4;49;0;0;1;5;1;5
30.12.2024;10:10;A 11;1;3;65;5;59;0;0;3;2;2;2;4;5;0;100;0;100;0;0;0;0;0;0;1;8;2;12;2;55;0;0;1;8
30.12.2024;10:09;A 11;1;2;42;4;45;2;2;3;4;4;4;2;3;0;100;0;100;0;0;0;0;0;0;1;24;2;22;1;10;0;0;1;8
30.12.2024;10:08;A 11;1;2;90;2;70;0;0;3;3;3;3;0;0;0;100;0;100;0;0;0;0;1;3;2;17;1;15;0;22;0;0;2;12
30.12.2024;10:07;A 11;1;4;74;1;53;0;0;2;3;5;12;2;3;0;100;0;100;0;0;1;3;0;0;1;15;0;86;1;42;0;0;0;0
30.12.2024;10:06;A 11;1;1;51;5;65;1;1;1;1;4;4;0;0;0;100;0;100;0;0;0;0;0;0;1;6;5;35;1;1;0;0;0;0
30.12.2024;10:05;A 11;1;1;61;1;47;0;0;1;2;4;4;3;3;0;100;0;100;0;0;0;0;0;0;1;12;3;30;1;15;0;0;0;0
30.12.2024;10:04;A 11;1;4;66;3;77;0;0;5;5;6;6;3;5;0;100;0;100;0;0;0;0;0;0;3;30;3;36;1;15;0;0;0;0
30.12.2024;10:03;A 11;1;3;52;3;66;0;0;4;5;4;4;3;2;0;100;0;100;0;0;0;0;0;0;3;32;3;31;1;13;0;0;0;70
30.12.2024;10:02;A 11;1;5;49;2;65;1;1;3;3;5;7;0;0;0;100;0;100;0;0;0;0;1;3;2;12;2;33;0;0;0;0;2;24
30.12.2024;10:01;A 11;1;2;34;2;44;0;0;3;4;1;2;1;1;0;100;0;100;0;0;0;0;0;0;2;25;1;11;0;0;0;0;0;0
30.12.2024;10:00;A 11;1;4;69;2;88;1;1;4;3;8;9;3;4;0;100;0;100;0;0;0;0;0;0;3;19;3;38;1;13;0;0;1;8
30.12.2024;09:59;A 11;1;3;74;1;94;1;2;1;2;5;5;2;3;0;100;0;100;0;0;0;0;0;0;1;10;4;35;2;16;0;0;0;0
30.12.2024;09:58;A 11;1;1;61;3;67;2;1;3;5;5;7;0;0;0;100;0;100;0;0;0;0;0;0;3;36;3;47;1;2;2;13;0;0
30.12.2024;09:57;A 11;1;3;73;2;40;0;0;1;1;1;4;0;0;0;100;0;100;0;0;0;0;0;0;1;7;0;27;0;0;1;6;0;0
30.12.2024;09:56;A 11;1;1;50;4;38;0;0;3;4;9;13;2;3;0;100;0;100;0;0;0;0;1;6;0;15;3;80;2;12;0;0;0;0
30.12.2024;09:55;A 11;1;1;25;2;21;0;0;1;1;0;0;0;0;0;100;0;100;0;0;0;0;0;0;2;12;1;3;0;0;1;6;0;0
30.12.2024;09:54;A 11;1;4;57;1;89;0;0;3;4;3;7;1;1;0;100;0;100;0;0;0;0;0;0;1;24;2;60;0;0;2;20;0;0
30.12.2024;09:53;A 11;1;1;16;3;39;0;0;3;4;5;7;2;3;0;100;0;100;0;0;0;0;0;0;2;18;2;86;1;11;0;33;0;0
30.12.2024;09:52;A 11;1;3;59;4;28;1;2;4;5;10;11;0;0;0;100;0;100;0;0;0;0;0;0;3;29;2;55;0;0;2;17;0;0
30.12.2024;09:51;A 11;1;1;37;2;66;0;0;8;6;6;7;0;0;0;100;0;100;0;0;0;0;0;0;3;31;4;45;0;0;0;0;0;0
30.12.2024;09:50;A 11;1;2;70;1;78;0;0;4;6;4;4;0;0;0;100;0;100;0;0;0;0;0;0;1;23;3;31;0;0;1;3;1;5
30.12.2024;09:49;A 11;1;1;58;2;75;0;0;3;3;4;3;5;7;0;100;0;100;0;0;0;0;1;3;4;18;4;31;1;30;0;0;3;19
30.12.2024;09:48;A 11;1;2;54;3;38;0;0;3;2;2;2;2;3;0;100;0;100;0;0;0;0;0;0;2;13;2;14;1;10;0;0;0;0
30.12.2024;09:47;A 11;1;2;23;2;17;0;40;3;4;3;4;5;7;0;100;0;100;0;0;0;0;0;0;2;21;1;20;0;24;1;12;1;6
30.12.2024;09:46;A 11;1;3;64;0;100;2;30;3;3;6;7;0;0;0;100;0;100;0;0;0;0;0;0;2;19;2;38;1;4;1;0;1;1
30.12.2024;09:45;A 11;1;2;18;3;64;0;0;3;4;4;6;2;3;0;100;0;100;0;0;0;0;0;0;3;22;2;26;1;55;2;8;0;0
30.12.2024;09:44;A 11;1;1;58;1;52;0;0;3;5;6;8;2;3;0;100;0;100;0;0;0;0;0;0;4;31;3;47;2;20;0;0;0;0
30.12.2024;09:43;A 11;1;2;78;2;53;0;0;2;4;1;2;4;4;0;100;0;100;0;0;0;0;0;0;1;26;2;25;1;45;0;0;0;0
30.12.2024;09:42;A 11;1;3;66;2;27;0;0;2;2;6;9;0;0;0;100;0;100;0;0;0;0;0;0;2;18;3;43;0;0;3;56;2;69
30.12.2024;09:41;A 11;1;2;45;4;37;2;28;2;2;4;5;1;1;0;100;0;100;0;0;0;0;1;4;1;11;3;25;0;0;0;0;0;0
30.12.2024;09:40;A 11;1;2;48;3;77;0;0;4;7;3;5;0;0;0;100;0;100;0;0;0;0;0;0;3;42;2;26;0;0;0;0;0;0
30.12.2024;09:39;A 11;1;4;64;2;31;0;0;2;2;4;4;0;0;0;100;0;100;0;0;0;0;0;0;1;10;2;21;0;0;0;0;0;0
30.12.2024;09:38;A 11;1;2;66;4;91;0;0;4;6;4;6;0;0;0;100;0;100;0;0;0;0;0;0;2;30;2;37;1;2;0;0;0;0
30.12.2024;09:37;A 11;1;1;49;2;10;0;0;3;2;3;4;0;0;0;100;0;100;0;0;0;0;0;0;1;11;2;25;0;0;0;0;1;4
30.12.2024;09:36;A 11;1;2;74;2;22;0;0;1;1;2;3;6;7;0;100;0;100;0;0;0;0;0;0;1;6;3;21;2;34;2;14;1;6
30.12.2024;09:35;A 11;1;2;49;3;23;0;0;0;0;3;3;3;4;0;100;0;100;0;0;0;0;0;0;0;0;2;21;2;15;1;9;0;0
30.12.2024;09:34;A 11;1;1;40;4;31;0;0;0;0;1;1;2;2;0;100;0;100;0;0;0;0;0;0;0;0;1;16;2;39;2;3;1;2
30.12.2024;09:33;A 11;1;3;72;3;28;0;0;3;6;1;1;2;3;0;100;0;100;0;0;0;0;0;0;1;40;2;20;1;16;1;29;1;5
30.12.2024;09:32;A 11;1;3;29;2;11;0;0;1;1;3;4;0;0;0;100;0;100;0;0;0;0;1;5;2;11;2;19;0;0;1;12;0;0
30.12.2024;09:31;A 11;1;2;94;2;53;1;1;1;2;2;3;0;0;0;100;0;100;0;0;0;0;0;0;1;16;1;22;0;0;0;0;0;0
30.12.2024;09:30;A 11;1;3;54;4;36;0;0;3;4;4;7;0;0;0;100;0;100;0;0;0;0;0;0;2;36;2;36;1;2;0;0;0;0
30.12.2024;09:29;A 11;1;6;45;4;37;1;0;3;7;3;5;1;0;0;100;0;100;0;0;0;0;0;0;2;35;2;38;1;3;0;0;0;0
30.12.2024;09:28;A 11;1;1;63;4;28;0;0;4;4;4;4;2;3;0;100;0;100;0;0;0;0;0;0;3;25;4;34;1;9;0;0;1;4
30.12.2024;09:27;A 11;1;3;63;2;45;0;0;3;5;5;7;0;0;0;100;0;100;0;0;0;0;0;0;2;25;1;36;1;3;0;0;0;0
30.12.2024;09:26;A 11;1;1;65;2;82;1;3;1;2;3;4;2;3;0;100;0;100;0;0;0;0;0;0;1;11;3;35;2;13;0;0;1;9
30.12.2024;09:25;A 11;1;4;57;1;10;0;0;0;0;2;4;0;0;0;100;0;100;0;0;0;0;0;0;0;0;2;33;1;3;0;0;0;1
30.12.2024;09:24;A 11;1;3;43;3;25;1;81;1;1;3;3;0;0;0;100;0;100;0;0;0;0;0;0;1;12;3;25;0;0;0;0;2;46
30.12.2024;09:23;A 11;1;2;79;2;21;1;2;2;3;0;0;0;0;0;100;0;100;0;0;0;0;0;0;2;17;0;0;0;0;0;3;25;21
30.12.2024;09:22;A 11;1;2;47;2;81;0;0;6;14;2;2;1;2;0;100;0;100;0;0;0;0;0;0;2;53;3;34;2;22;1;5;1;5
30.12.2024;09:21;A 11;1;2;22;3;37;1;1;4;4;1;1;1;2;0;100;0;100;0;0;0;0;0;0;1;24;2;19;1;21;0;0;0;0
30.12.2024;09:20;A 11;1;1;61;2;19;0;0;1;3;2;3;0;0;0;100;0;100;0;0;0;0;0;2;1;18;2;60;0;0;1;8;0;0
30.12.2024;09:19;A 11;1;2;41;2;22;0;0;3;3;9;36;0;0;0;100;0;100;0;0;0;0;1;2;2;14;2;71;4;11;0;0;2;9
30.12.2024;09:18;A 11;1;1;6;1;9;0;0;1;1;7;8;0;0;0;100;0;100;0;0;1;3;0;0;1;6;3;53;2;3;0;0;0;0
30.12.2024;09:17;A 11;1;0;4;2;33;1;37;1;1;3;4;0;0;0;100;0;100;0;0;0;0;0;0;1;12;2;23;0;0;0;0;0;0
30.12.2024;09:16;A 11;1;2;14;2;45;0;0;3;4;4;7;0;0;0;100;0;100;0;0;0;0;0;0;2;25;2;58;2;6;0;0;0;0
30.12.2024;09:15;A 11;1;4;40;3;24;0;0;4;5;4;5;0;0;0;100;0;100;0;0;0;0;0;0;0;31;3;32;0;0;0;0;0;0
30.12.2024;09:14;A 11;1;3;24;5;56;0;48;2;3;0;0;2;3;0;100;0;100;0;0;0;0;0;0;1;13;1;5;1;11;0;0;0;0
30.12.2024;09:13;A 11;1;2;29;2;36;1;0;2;3;4;5;2;3;0;100;0;100;0;0;0;0;0;0;2;23;2;25;3;32;0;0;1;5
30.12.2024;09:12;A 11;1;2;37;1;40;1;1;2;1;7;10;0;0;0;100;0;100;0;0;0;0;0;0;1;12;3;55;1;5;0;0;1;9
30.12.2024;09:11;A 11;1;6;66;2;74;0;0;1;2;2;4;0;0;0;100;0;100;0;0;0;0;0;0;1;6;1;47;0;0;0;0;1;17
30.12.2024;09:10;A 11;1;0;98;4;36;0;0;3;5;1;2;0;0;0;100;0;100;0;0;0;0;0;0;2;25;1;36;0;0;0;0;1;8
30.12.2024;09:09;A 11;1;3;72;3;43;0;0;2;2;3;3;0;0;0;100;0;100;0;0;0;0;0;0;2;18;2;16;4;8;0;0;0;0
30.12.2024;09:08;A 11;1;2;37;1;28;0;0;1;1;1;1;0;0;0;100;0;100;0;0;0;0;0;0;1;13;1;9;0;0;1;3;2;6
30.12.2024;09:07;A 11;1;3;53;0;0;0;0;1;1;8;26;0;0;0;100;0;100;0;0;0;0;0;0;2;6;2;68;0;0;0;0;0;0
30.12.2024;09:06;A 11;1;1;16;0;31;0;0;1;1;1;1;0;0;0;100;0;100;0;0;0;0;0;0;2;12;1;11;0;0;1;9;1;8
30.12.2024;09:05;A 11;1;3;23;2;95;0;0;0;0;0;0;0;0;0;100;0;100;0;0;0;0;0;0;0;0;0;0;0;0;0;0;0;0
30.12.2024;09:04;A 11;1;0;7;3;28;2;2;1;1;3;7;0;0;0;100;0;100;0;0;0;0;0;0;1;9;2;44;1;11;1;7;0;0
30.12.2024;09:03;A 11;1;1;19;1;9;0;0;2;2;4;4;1;2;0;100;0;100;0;0;0;0;0;0;3;27;2;37;3;13;0;0;0;0
30.12.2024;09:02;A 11;1;1;27;1;7;0;0;1;1;1;2;0;0;0;100;0;100;0;0;0;0;0;0;1;15;1;10;0;0;2;41;1;7
30.12.2024;09:01;A 11;1;1;25;2;31;0;0;4;3;2;2;0;0;0;100;0;100;0;0;0;0;0;0;4;20;2;20;0;0;0;0;0;0
30.12.2024;09:00;A 11;1;2;30;3;50;0;0;2;4;2;3;2;2;0;100;0;100;0;0;0;0;0;0;2;14;1;27;1;15;0;0;0;0
30.12.2024;08:59;A 11;1;2;37;2;27;1;2;1;2;2;2;1;2;0;100;0;100;0;0;0;0;0;0;1;11;2;24;1;22;0;0;0;0
30.12.2024;08:58;A 11;1;1;9;2;14;0;0;1;4;2;3;0;0;0;100;0;100;0;0;0;0;0;0;2;18;2;61;3;8;0;0;1;8
30.12.2024;08:57;A 11;1;7;73;3;44;1;1;2;2;8;9;0;0;0;100;0;100;0;0;0;0;0;0;3;34;2;57;5;22;0;0;0;0
30.12.2024;08:56;A 11;1;1;30;1;30;0;0;2;6;3;3;1;2;0;100;0;100;0;0;0;0;0;0;3;25;5;39;1;12;0;0;0;0
30.12.2024;08:55;A 11;1;1;79;3;43;0;0;6;9;5;19;0;0;0;100;0;100;0;0;0;0;0;0;4;66;3;70;4;25;0;0;2;8
30.12.2024;08:54;A 11;1;4;66;4;75;0;0;1;1;1;1;0;0;0;100;0;100;0;0;0;0;0;0;2;12;1;8;1;9;0;0;0;0
30.12.2024;08:53;A 11;1;1;48;2;80;0;0;1;1;2;2;0;0;0;100;0;100;0;0;0;0;0;0;3;12;1;13;2;8;0;0;0;0
30.12.2024;08:52;A 11;1;2;45;2;23;0;0;1;0;3;3;0;0;0;100;0;100;0;0;0;0;0;0;3;9;2;21;3;3;0;0;0;0
30.12.2024;08:51;A 11;1;0;0;0;16;1;2;0;0;0;0;0;0;0;100;0;100;0;0;0;0;0;0;0;0;0;0;0;0;0;0;0;0
30.12.2024;08:50;A 11;1;2;27;4;78;0;0;1;1;0;0;0;0;0;100;0;100;0;0;0;0;1;3;1;10;0;0;0;0;1;4;0;0
30.12.2024;08:49;A 11;1;1;21;1;8;1;1;3;5;2;2;0;0;0;100;0;100;0;0;0;0;1;3;3;38;3;15;3;6;0;0;1;6
30.12.2024;08:48;A 11;1;4;62;0;38;0;0;7;6;2;1;0;0;0;100;0;100;0;0;0;0;1;3;5;46;3;19;2;5;0;0;0;0
30.12.2024;08:47;A 11;1;2;14;2;95;1;0;0;0;1;1;1;2;0;100;0;100;0;0;0;0;0;0;0;0;1;11;0;0;0;53;0;0
30.12.2024;08:46;A 11;1;1;11;2;37;0;0;5;14;3;3;2;3;0;100;0;100;0;0;0;0;0;0;1;84;2;87;1;16;1;26;1;7
30.12.2024;08:45;A 11;1;4;38;1;14;0;0;2;1;4;5;2;3;0;100;0;100;0;0;0;0;1;3;4;18;3;34;3;19;0;0;0;0
30.12.2024;08:44;A 11;1;2;25;1;24;0;0;1;1;1;1;0;0;0;100;0;100;0;0;0;0;0;0;3;17;2;16;1;3;0;0;0;0
30.12.2024;08:43;A 11;1;2;66;2;71;0;0;3;3;5;6;0;0;0;100;0;100;0;0;0;0;0;0;5;35;3;43;4;8;0;0;0;0
30.12.2024;08:42;A 11;1;4;51;4;54;0;0;2;1;2;5;0;0;0;100;0;100;0;0;0;0;0;0;1;8;1;25;2;23;0;0;0;0
30.12.2024;08:41;A 11;1;1;33;2;20;0;0;1;2;3;8;0;0;0;100;0;100;0;0;0;0;0;0;2;19;1;32;5;22;0;0;0;0
30.12.2024;08:40;A 11;1;3;83;1;79;0;0;0;0;3;4;0;0;0;100;0;100;0;0;0;0;0;0;2;12;3;47;3;10;0;0;2;12
30.12.2024;08:39;A 11;1;1;28;1;62;0;0;2;2;2;3;3;5;0;100;0;100;0;0;0;0;0;0;1;18;1;28;1;81;0;0;0;0
30.12.2024;08:38;A 11;1;0;20;3;68;0;0;0;0;0;0;0;0;0;100;0;100;0;0;0;0;0;0;1;4;1;2;1;1;0;0;0;0
30.12.2024;08:37;A 11;1;1;93;1;5;0;0;0;0;2;4;0;0;0;100;0;100;0;0;0;0;0;0;1;64;2;70;0;0;0;0;1;9
30.12.2024;08:36;A 11;1;4;46;1;9;0;0;1;2;1;1;3;5;0;100;0;100;0;0;0;0;0;0;1;17;1;39;1;67;0;0;0;0
30.12.2024;08:35;A 11;1;2;23;1;3;0;0;2;2;4;11;0;0;0;100;0;100;0;0;0;0;0;0;1;17;1;47;1;41;0;0;1;11
30.12.2024;08:34;A 11;1;3;63;1;86;0;0;2;3;1;1;2;3;0;100;0;100;0;0;0;0;0;0;2;20;2;15;1;37;0;0;0;0
30.12.2024;08:33;A 11;1;1;21;2;48;0;0;1;1;1;1;0;0;0;100;0;100;0;0;0;0;0;0;2;16;1;17;1;6;3;22;0;0
30.12.2024;08:32;A 11;1;1;15;1;11;1;1;1;2;1;2;0;0;0;100;0;100;0;0;0;0;0;0;2;22;1;29;1;4;0;0;0;0
30.12.2024;08:31;A 11;1;3;60;1;11;0;0;2;3;3;3;0;0;0;100;0;100;0;0;0;0;0;0;6;30;4;35;4;15;0;0;0;0
30.12.2024;08:30;A 11;1;0;0;2;30;1;1;1;2;0;0;0;0;0;100;0;100;0;0;0;0;0;0;0;13;0;0;0;0;0;0;1;13
30.12.2024;08:29;A 11;1;2;27;1;19;0;0;1;2;0;0;0;0;0;100;0;100;0;0;0;0;0;0;2;22;0;0;0;0;2;15;0;0
30.12.2024;08:28;A 11;1;2;76;3;64;0;0;5;5;1;1;0;0;0;100;0;100;0;0;0;0;0;0;2;38;1;7;1;6;1;7;0;0
30.12.2024;08:27;A 11;1;4;68;3;35;0;0;1;1;1;1;0;0;0;100;0;100;0;0;0;0;0;0;1;7;1;7;0;0;1;10;0;0
30.12.2024;08:26;A 11;1;2;17;3;20;0;0;1;1;0;0;0;0;0;100;0;100;0;0;0;0;0;0;1;12;0;0;0;0;0;0;0;0
30.12.2024;08:25;A 11;1;4;67;1;77;1;2;1;1;2;6;0;0;0;100;0;100;0;0;0;0;0;0;2;19;1;25;1;15;0;0;1;8
30.12.2024;08:24;A 11;1;5;39;3;61;0;0;3;3;2;2;0;0;0;100;0;100;0;0;1;3;0;0;2;28;1;18;1;8;0;0;0;0
30.12.2024;08:23;A 11;1;4;33;3;39;1;32;1;2;1;8;0;0;0;100;0;100;0;0;0;0;0;0;1;24;1;14;1;9;0;0;0;0
30.12.2024;08:22;A 11;1;1;51;4;32;0;0;4;2;7;11;0;0;0;100;0;100;0;0;0;0;0;0;6;28;4;59;5;52;0;0;1;7
30.12.2024;08:21;A 11;1;6;54;1;10;0;0;1;1;0;0;0;0;0;100;0;100;0;0;0;0;0;0;1;8;0;0;0;0;0;0;0;0
30.12.2024;08:20;A 11;1;1;14;0;0;0;0;0;0;1;2;0;0;0;100;0;100;0;0;1;3;0;0;1;8;2;16;1;12;0;0;0;0
30.12.2024;08:19;A 11;1;2;25;2;9;0;0;1;1;2;1;0;0;0;100;0;100;0;0;0;0;0;0;1;14;4;14;2;17;0;0;0;0
30.12.2024;08:18;A 11;1;1;35;0;0;0;0;0;0;2;2;0;0;0;100;0;100;0;0;0;0;0;0;3;15;5;13;1;17;0;0;2;1
30.12.2024;08:17;A 11;1;2;37;1;12;0;0;1;2;1;1;1;1;0;100;0;100;0;0;0;0;0;0;3;15;1;9;3;14;1;8;0;0
30.12.2024;08:16;A 11;1;3;68;5;34;1;0;3;5;3;3;0;0;0;100;0;100;0;0;0;0;1;3;4;41;4;24;3;19;0;0;0;0
30.12.2024;08:15;A 11;1;0;13;1;30;0;0;2;1;3;4;0;0;0;100;0;100;0;0;0;0;0;0;4;40;5;20;3;17;1;2;1;8
30.12.2024;08:14;A 11;1;3;35;1;57;0;0;1;0;1;1;3;2;0;100;0;100;0;0;0;0;0;0;1;4;2;10;1;49;0;0;0;0
30.12.2024;08:13;A 11;1;3;30;3;36;0;0;1;2;3;5;2;2;0;100;0;100;0;0;0;0;0;0;1;15;3;24;1;95;0;0;0;0
30.12.2024;08:12;A 11;1;1;11;1;9;0;0;1;1;2;6;3;4;0;100;0;100;0;0;0;0;1;3;3;24;2;34;2;37;0;0;0;0
30.12.2024;08:11;A 11;1;1;13;0;0;0;0;2;2;4;7;0;0;0;100;0;100;0;0;0;0;0;0;5;40;6;34;3;27;0;0;1;7
30.12.2024;08:10;A 11;1;5;49;1;66;0;0;2;2;5;12;0;0;0;100;0;100;0;0;0;0;0;0;3;36;5;47;5;45;0;0;0;0
30.12.2024;08:09;A 11;1;3;39;1;40;0;0;0;0;0;0;1;1;0;100;0;100;0;0;0;0;0;0;0;0;0;0;0;0;2;23;2;10
30.12.2024;08:08;A 11;1;0;7;0;0;1;2;0;0;0;0;4;5;0;100;0;100;0;0;0;0;0;0;0;0;0;7;0;22;1;2;0;0
30.12.2024;08:07;A 11;1;3;93;1;8;0;0;1;0;1;1;0;0;0;100;0;100;0;0;0;0;0;0;1;3;3;9;2;8;0;0;0;0
30.12.2024;08:06;A 11;1;4;33;0;11;1;1;3;2;3;3;1;2;0;100;0;100;0;0;0;0;0;0;2;21;4;30;2;29;0;0;0;0
30.12.2024;08:05;A 11;1;1;16;2;47;0;0;0;0;0;0;0;0;0;100;0;100;0;0;0;0;0;0;0;0;0;0;0;0;0;0;1;4
30.12.2024;08:04;A 11;1;4;26;2;20;0;0;15;8;6;31;0;0;0;100;0;100;0;0;0;0;0;0;3;61;2;68;3;66;0;0;0;0
30.12.2024;08:03;A 11;1;1;18;1;9;0;0;4;3;1;1;0;0;0;100;0;100;0;0;0;0;0;0;3;28;5;19;3;8;0;0;0;0
30.12.2024;08:02;A 11;1;1;22;1;6;0;0;2;2;2;3;0;0;0;100;0;100;0;0;0;0;0;0;6;35;3;27;2;22;0;0;0;0
30.12.2024;08:01;A 11;1;2;37;3;26;0;0;2;3;3;6;0;0;0;100;0;100;0;0;0;0;0;0;4;44;2;38;2;30;1;9;1;14
30.12.2024;08:00;A 11;1;3;50;0;17;0;0;0;0;1;1;2;2;0;100;0;100;0;0;0;0;0;0;2;7;4;14;2;18;0;0;0;0
30.12.2024;07:59;A 11;1;1;64;3;44;1;0;1;1;0;0;0;0;0;100;0;100;0;0;0;0;0;0;1;11;0;0;0;0;0;0;0;0
30.12.2024;07:58;A 11;1;3;58;3;81;1;1;3;2;2;2;0;0;0;100;0;100;0;0;0;0;0;0;3;18;4;14;2;6;0;0;0;0
30.12.2024;07:57;A 11;1;3;57;3;22;0;0;2;2;2;1;6;6;0;100;0;100;0;0;0;0;0;0;2;13;1;33;3;30;1;4;0;0
30.12.2024;07:56;A 11;1;4;64;2;28;0;0;2;2;2;5;2;2;0;100;0;100;0;0;0;0;0;0;3;32;1;51;1;51;1;10;0;0
30.12.2024;07:55;A 11;1;4;40;2;21;1;0;2;2;7;9;1;2;0;100;0;100;0;0;0;0;0;0;4;45;5;56;4;70;0;0;0;0
30.12.2024;07:54;A 11;1;4;48;0;10;0;0;2;2;1;1;3;4;0;100;0;100;0;0;0;0;0;0;1;24;3;18;5;25;0;0;0;0
30.12.2024;07:53;A 11;1;4;97;1;93;0;49;1;2;0;0;1;0;0;100;0;100;0;0;0;0;0;0;1;11;0;0;1;31;0;0;0;0
30.12.2024;07:52;A 11;1;1;4;2;9;1;22;2;2;3;5;2;3;0;100;0;100;0;0;0;0;0;0;5;44;3;43;1;74;2;15;0;0
30.12.2024;07:51;A 11;1;2;30;0;0;0;0;2;3;5;6;0;0;0;100;0;100;0;0;0;0;0;0;3;46;11;31;3;42;1;6;3;13
30.12.2024;07:50;A 11;1;3;26;2;28;0;0;2;5;1;1;0;0;0;100;0;100;0;0;0;0;0;0;4;38;6;8;2;14;1;3;1;10
30.12.2024;07:49;A 11;1;3;56;4;38;0;0;1;2;0;0;3;5;0;100;0;100;0;0;0;0;0;0;2;23;1;11;1;18;1;4;0;0
30.12.2024;07:48;A 11;1;0;0;2;16;0;0;2;2;5;6;0;0;0;100;0;100;0;0;0;0;0;0;3;42;4;31;3;29;0;0;1;24
30.12.2024;07:47;A 11;1;0;0;3;19;0;0;0;0;0;0;1;1;0;100;0;100;0;0;0;0;0;0;0;0;0;1;1;15;0;0;0;0
30.12.2024;07:46;A 11;1;0;93;1;52;0;0;1;2;3;6;3;5;0;100;0;100;0;0;0;0;0;0;4;32;4;49;5;98;0;0;0;0
30.12.2024;07:45;A 11;1;5;68;4;63;0;0;1;1;0;0;0;0;0;100;0;100;0;0;0;0;0;0;2;9;1;1;2;7;1;10;0;0
30.12.2024;07:44;A 11;1;2;91;1;85;0;0;0;0;2;2;0;0;0;100;0;100;0;0;0;0;0;0;2;10;2;16;1;17;0;0;1;10
30.12.2024;07:43;A 11;1;3;47;3;14;0;0;3;1;3;5;0;0;0;100;0;100;0;0;0;0;0;0;4;37;4;38;2;31;0;0;1;7
30.12.2024;07:42;A 11;1;4;22;2;18;0;0;1;8;2;2;0;0;0;100;0;100;0;0;0;0;0;0;5;31;3;28;2;13;1;28;1;36
30.12.2024;07:41;A 11;1;0;0;0;0;1;0;1;2;1;1;0;0;0;100;0;100;0;0;0;0;0;2;2;18;3;14;2;11;1;2;0;0
30.12.2024;07:40;A 11;1;3;15;0;0;0;0;1;1;2;2;0;0;0;100;0;100;0;0;0;0;1;1;2;16;1;15;1;14;0;0;0;0
30.12.2024;07:39;A 11;1;2;15;1;9;0;0;3;3;3;3;0;0;0;100;0;100;0;0;0;0;0;0;5;36;4;30;4;27;0;0;1;14
30.12.2024;07:38;A 11;1;0;0;1;12;0;0;1;2;2;3;0;0;0;100;0;100;0;0;0;0;0;0;1;31;2;49;2;17;0;0;0;0
30.12.2024;07:37;A 11;1;0;0;1;27;0;0;1;2;0;0;0;0;0;100;0;100;0;0;0;0;0;0;1;17;0;0;0;0;1;5;0;0
30.12.2024;07:36;A 11;1;2;34;1;11;0;0;0;0;1;1;0;0;0;100;0;100;0;0;0;0;0;0;1;11;1;8;1;5;0;0;0;0
30.12.2024;07:35;A 11;1;3;14;2;14;0;0;0;0;1;2;0;0;0;100;0;100;0;0;0;0;0;0;1;13;1;10;1;9;0;0;0;0
30.12.2024;07:34;A 11;1;3;33;4;32;0;0;3;5;3;4;2;3;0;100;0;100;0;0;0;0;0;0;6;46;3;34;2;35;0;0;0;0
30.12.2024;07:33;A 11;1;1;12;1;20;1;33;2;2;1;1;3;4;0;100;0;100;0;0;0;0;0;0;3;25;3;26;3;61;3;13;0;0
30.12.2024;07:32;A 11;1;1;15;2;16;0;0;0;0;1;1;0;0;0;100;0;100;0;0;0;0;0;0;1;14;2;12;2;13;0;0;0;0
30.12.2024;07:31;A 11;1;3;35;4;36;0;0;0;0;0;0;0;0;0;100;0;100;0;0;0;0;0;0;0;0;0;0;0;0;0;0;0;0
30.12.2024;07:30;A 11;1;1;9;1;22;1;1;0;0;2;2;1;1;0;100;0;100;0;0;0;0;1;3;1;11;4;37;2;57;0;0;0;0
30.12.2024;07:29;A 11;1;1;15;2;30;0;0;0;0;3;6;2;3;0;100;0;100;0;0;0;0;0;0;3;21;2;34;3;32;0;0;0;0
30.12.2024;07:28;A 11;1;0;0;1;10;0;0;2;8;5;17;0;0;0;100;0;100;0;0;0;0;0;0;2;74;2;81;1;75;0;0;0;0
30.12.2024;07:27;A 11;1;1;22;1;6;0;0;1;1;1;1;0;0;0;100;0;100;0;0;0;0;0;0;2;23;3;12;2;14;0;0;0;0
30.12.2024;07:26;A 11;1;2;20;1;10;1;1;1;1;2;3;0;0;0;100;0;100;0;0;0;0;0;0;5;30;2;18;1;22;0;0;0;0
30.12.2024;07:25;A 11;1;2;23;1;12;0;0;3;3;2;2;0;0;0;100;0;100;0;0;0;0;0;0;3;35;2;20;4;17;1;12;0;0
30.12.2024;07:24;A 11;1;2;24;2;20;0;0;1;2;4;4;4;6;0;100;0;100;0;0;0;0;0;0;4;32;3;40;2;45;0;0;0;0
30.12.2024;07:23;A 11;1;1;7;1;23;0;0;0;0;0;0;0;0;0;100;0;100;0;0;0;0;0;0;0;0;0;0;1;0;0;0;0;0
30.12.2024;07:22;A 11;1;1;7;2;26;0;0;1;0;2;3;0;0;0;100;0;100;0;0;0;0;0;0;2;25;3;22;2;18;0;0;0;0
30.12.2024;07:21;A 11;1;2;23;2;21;0;0;3;3;3;5;2;3;0;100;0;100;0;0;0;0;0;0;1;18;2;21;1;72;0;0;0;0
30.12.2024;07:20;A 11;1;2;13;1;12;0;0;0;0;0;0;0;0;0;100;0;100;0;0;0;0;0;0;1;7;1;6;2;10;0;0;0;0
30.12.2024;07:19;A 11;1;2;18;2;10;0;0;2;1;2;2;0;0;0;100;0;100;0;0;0;0;0;0;1;20;1;14;1;24;0;0;0;0
30.12.2024;07:18;A 11;1;1;33;2;19;0;0;1;1;2;2;0;0;0;100;0;100;0;0;0;0;0;0;2;18;4;22;3;30;0;0;0;0
30.12.2024;07:17;A 11;1;1;83;0;0;0;0;2;2;1;3;0;0;0;100;0;100;0;0;0;0;0;0;3;32;1;41;2;28;0;0;0;0
30.12.2024;07:16;A 11;1;1;10;2;15;0;0;2;3;0;0;2;2;0;100;0;100;0;0;0;0;1;3;2;21;0;5;4;18;1;8;0;0
30.12.2024;07:15;A 11;1;5;25;1;11;0;0;1;1;4;5;0;0;0;100;0;100;0;0;1;3;0;0;4;37;5;34;3;39;0;0;0;0
30.12.2024;07:14;A 11;1;4;31;0;0;0;0;0;0;2;2;0;0;0;100;0;100;0;0;0;0;0;0;1;19;3;16;3;34;0;0;1;1
30.12.2024;07:13;A 11;1;3;52;3;23;0;0;0;0;1;1;3;5;0;100;0;100;0;0;0;0;0;0;2;8;3;21;1;40;0;0;0;0
30.12.2024;07:12;A 11;1;3;45;1;19;0;0;0;0;1;1;4;5;0;100;0;100;0;0;0;0;0;0;2;13;2;15;1;25;1;8;0;0
30.12.2024;07:11;A 11;1;2;28;3;28;0;0;0;0;0;0;0;0;0;100;0;100;0;0;0;0;0;0;0;0;0;0;0;0;0;0;0;0
30.12.2024;07:10;A 11;1;2;11;2;21;0;0;1;1;2;4;2;3;0;100;0;100;0;0;0;0;0;0;3;25;4;30;3;25;2;13;1;8
30.12.2024;07:09;A 11;1;0;11;3;29;0;0;1;2;0;0;0;0;0;100;0;100;0;0;0;0;0;0;1;9;2;5;0;0;0;0;0;0
30.12.2024;07:08;A 11;1;8;18;2;25;0;0;0;0;1;1;0;0;0;100;0;100;0;0;0;0;0;0;1;8;1;9;1;9;1;10;0;0
30.12.2024;07:07;A 11;1;2;2;2;18;0;0;1;0;2;2;1;2;0;100;0;100;0;0;0;0;0;0;3;8;2;20;2;22;0;0;0;0
30.12.2024;07:06;A 11;1;4;34;2;23;0;0;0;0;4;4;0;0;0;100;0;100;0;0;0;0;0;0;2;33;4;34;3;39;0;0;0;0
30.12.2024;07:05;A 11;1;1;71;0;0;0;0;0;0;0;0;0;0;0;100;0;100;0;0;0;0;0;0;1;7;1;1;1;9;0;0;0;0
30.12.2024;07:04;A 11;1;1;7;1;10;1;0;2;2;3;4;0;0;0;100;0;100;0;0;0;0;0;0;2;28;2;25;2;16;0;0;0;0
30.12.2024;07:03;A 11;1;3;28;0;8;0;0;3;4;4;5;0;0;0;100;0;100;0;0;0;0;0;0;2;36;2;33;2;36;0;0;0;0
30.12.2024;07:02;A 11;1;2;30;2;37;0;0;0;0;2;2;0;0;0;100;0;100;0;0;0;0;0;0;3;28;3;26;4;19;0;0;0;0
30.12.2024;07:01;A 11;1;2;19;0;0;0;0;1;0;1;1;0;0;0;100;0;100;0;0;0;0;0;0;2;7;1;13;1;14;0;0;0;0
30.12.2024;07:00;A 11;1;0;0;0;0;0;0;1;1;2;2;1;2;0;100;0;100;0;0;0;0;0;0;1;21;2;23;4;24;0;0;0;0
30.12.2024;06:59;A 11;1;2;19;1;15;0;0;0;0;0;0;0;0;0;100;0;100;0;0;0;0;0;0;1;4;0;0;0;0;0;0;0;0
30.12.2024;06:58;A 11;1;3;29;0;0;0;0;5;12;4;6;2;3;0;100;0;100;0;0;0;0;0;0;3;71;6;20;3;47;0;0;0;0
30.12.2024;06:57;A 11;1;1;10;1;10;0;0;1;1;0;0;6;9;0;100;0;100;0;0;0;0;0;0;1;7;0;0;11;19;0;0;0;0
30.12.2024;06:56;A 11;1;2;16;0;6;0;0;0;0;1;1;3;6;0;100;0;100;0;0;0;0;0;0;2;18;2;22;2;23;1;4;1;10
30.12.2024;06:55;A 11;1;2;12;1;5;0;0;2;1;5;5;1;1;0;100;0;100;0;0;0;0;0;0;2;24;1;30;2;32;0;0;0;0
30.12.2024;06:54;A 11;1;4;18;1;7;0;0;0;0;1;1;2;2;0;100;0;100;0;0;0;0;0;0;2;11;2;8;1;80;1;3;1;2
30.12.2024;06:53;A 11;1;1;14;0;0;0;0;0;0;0;0;3;5;0;100;0;100;0;0;0;0;0;0;1;4;1;17;1;30;1;8;1;4
30.12.2024;06:52;A 11;1;0;0;1;12;0;0;0;0;2;2;5;6;0;100;0;100;0;0;0;0;0;0;2;17;2;26;4;35;0;0;0;0
30.12.2024;06:51;A 11;1;1;15;2;29;0;0;0;0;2;6;0;0;0;100;0;100;0;0;0;0;0;0;2;9;1;21;2;10;0;0;0;0
30.12.2024;06:50;A 11;1;4;18;1;15;0;0;2;1;1;2;2;3;0;100;0;100;0;0;0;0;0;0;3;19;1;20;1;25;0;0;0;0
30.12.2024;06:49;A 11;1;2;34;3;53;0;0;1;1;3;3;0;0;0;100;0;100;0;0;0;0;0;0;4;24;5;24;5;21;0;0;0;0
30.12.2024;06:48;A 11;1;1;28;0;0;0;2;1;1;0;0;0;0;0;100;0;100;0;0;0;0;0;0;1;7;0;10;0;0;0;0;0;0
30.12.2024;06:47;A 11;1;2;37;0;0;1;1;0;0;2;3;0;0;0;100;0;100;0;0;0;0;1;3;1;22;1;27;1;17;0;0;1;2
30.12.2024;06:46;A 11;1;1;12;4;12;1;3;1;1;1;1;0;0;0;100;0;100;0;0;0;0;0;0;2;19;2;8;1;14;0;0;1;9
30.12.2024;06:45;A 11;1;1;21;1;10;0;0;1;1;2;2;0;0;0;100;0;100;0;0;0;0;0;0;3;21;2;16;3;13;0;0;0;0
30.12.2024;06:44;A 11;1;3;57;0;0;0;0;0;0;1;2;0;0;0;100;0;100;0;0;0;0;0;0;1;16;2;16;1;19;0;0;0;0
30.12.2024;06:43;A 11;1;4;75;1;10;0;0;2;2;1;1;0;0;0;100;0;100;0;0;0;0;0;0;2;28;1;13;1;10;0;0;0;0
30.12.2024;06:42;A 11;1;1;19;0;0;0;0;0;0;2;2;0;0;0;100;0;100;0;0;0;0;0;0;1;15;1;14;1;14;0;0;1;1
30.12.2024;06:41;A 11;1;0;0;0;0;0;0;1;1;2;3;0;0;0;100;0;100;0;0;0;0;0;0;3;37;4;23;2;19;0;0;0;0
30.12.2024;06:40;A 11;1;0;0;1;11;0;0;1;0;3;5;0;0;0;100;0;100;0;0;0;0;0;0;2;29;3;36;2;35;0;0;1;2
30.12.2024;06:39;A 11;1;1;27;1;1;0;0;1;1;1;1;0;0;0;100;0;100;0;0;0;0;0;0;2;16;1;9;2;10;0;0;0;0
30.12.2024;06:38;A 11;1;0;0;1;15;0;0;1;1;2;2;0;0;0;100;0;100;0;0;0;0;0;0;1;20;1;16;1;9;0;0;0;0
30.12.2024;06:37;A 11;1;2;14;1;8;0;0;1;1;1;1;0;0;0;100;0;100;0;0;0;0;0;0;3;26;3;9;2;10;0;0;1;8
30.12.2024;06:36;A 11;1;2;9;2;13;0;0;1;1;4;5;0;0;0;100;0;100;0;0;0;0;0;0;3;24;3;24;2;28;0;0;0;0
30.12.2024;06:35;A 11;1;1;13;1;15;0;0;0;0;1;1;0;0;0;100;0;100;0;0;0;0;0;0;1;10;1;9;1;26;0;55;0;57
30.12.2024;06:34;A 11;1;1;20;1;11;0;0;0;0;0;0;3;5;0;100;0;100;0;0;0;0;0;0;0;0;1;9;1;30;1;36;2;34
30.12.2024;06:33;A 11;1;1;14;0;0;0;0;0;0;0;0;0;0;0;100;0;100;0;0;0;0;0;0;0;0;0;0;0;0;1;2;2;18
30.12.2024;06:32;A 11;1;2;12;2;18;0;0;2;4;1;1;0;0;0;100;0;100;0;0;0;0;0;0;2;18;1;7;2;8;0;0;1;10
30.12.2024;06:31;A 11;1;3;19;3;18;0;0;1;0;1;1;0;0;0;100;0;100;0;0;0;0;0;0;1;12;1;11;1;8;0;0;0;0
30.12.2024;06:30;A 11;1;2;36;1;9;0;0;2;2;2;3;0;0;0;100;0;100;0;0;0;0;0;0;3;34;5;27;2;32;0;0;1;7
30.12.2024;06:29;A 11;1;1;63;1;16;0;0;1;1;3;4;0;0;0;100;0;100;0;0;0;0;0;0;2;32;1;19;1;17;0;0;0;0
30.12.2024;06:28;A 11;1;1;1;1;3;0;0;0;0;2;3;1;2;0;100;0;100;0;0;0;0;1;3;2;20;3;34;2;33;0;0;0;0
30.12.2024;06:27;A 11;1;1;12;3;29;0;0;2;1;2;2;0;0;0;100;0;100;0;0;0;0;1;3;1;33;2;22;3;21;0;0;0;0
30.12.2024;06:26;A 11;1;3;25;1;14;0;0;0;0;0;0;0;0;0;100;0;100;0;0;0;0;0;0;1;8;0;0;0;0;1;9;0;0
30.12.2024;06:25;A 11;1;3;28;1;21;0;0;2;4;1;1;0;0;0;100;0;100;0;0;0;0;0;0;1;17;2;9;1;8;0;0;0;0
30.12.2024;06:24;A 11;1;2;25;1;12;0;0;0;1;0;0;0;0;0;100;0;100;0;0;0;0;0;0;0;2;1;0;0;0;1;2;2;7
30.12.2024;06:23;A 11;1;2;23;0;0;0;0;2;5;3;5;0;0;0;100;0;100;0;0;0;0;0;0;5;44;5;44;3;34;0;0;0;0
30.12.2024;06:22;A 11;1;0;0;0;34;0;0;0;0;1;1;2;4;0;100;0;100;0;0;0;0;0;0;1;7;2;15;4;27;0;0;0;0
30.12.2024;06:21;A 11;1;2;4;2;36;0;0;4;5;1;1;1;2;0;100;0;100;0;0;0;0;0;0;2;49;4;21;2;52;0;0;0;0
30.12.2024;06:20;A 11;1;1;38;1;13;0;0;1;2;0;0;0;0;0;100;0;100;0;0;0;0;0;0;1;15;0;0;0;0;0;0;0;0
30.12.2024;06:19;A 11;1;3;15;2;14;0;0;0;0;0;0;0;0;0;100;0;100;0;0;0;0;0;0;0;0;0;0;0;0;0;0;0;0
30.12.2024;06:18;A 11;1;1;10;2;12;0;0;0;0;0;0;0;0;0;100;0;100;0;0;0;0;0;0;0;0;0;0;0;0;0;0;0;0
30.12.2024;06:17;A 11;1;2;15;1;39;0;0;0;0;1;1;0;0;0;100;0;100;0;0;0;0;0;0;1;8;1;9;1;10;0;0;0;0
30.12.2024;06:16;A 11;1;4;42;1;13;0;0;1;2;3;7;0;0;0;100;0;100;0;0;0;0;0;0;2;34;2;42;2;29;0;0;0;0
30.12.2024;06:15;A 11;1;1;47;1;12;0;0;1;1;0;0;0;0;0;100;0;100;0;0;0;0;0;0;1;12;0;0;0;0;0;0;0;0
30.12.2024;06:14;A 11;1;1;7;0;0;0;0;2;1;2;3;0;0;0;100;0;100;0;0;0;0;0;0;1;23;2;25;2;25;0;0;0;0
30.12.2024;06:13;A 11;1;0;21;2;32;0;0;1;1;1;1;0;0;0;100;0;100;0;0;0;0;0;0;2;16;1;9;2;9;0;0;0;0
30.12.2024;06:12;A 11;1;1;30;1;2;0;0;0;0;0;0;0;0;0;100;0;100;0;0;0;0;0;0;0;0;0;0;0;0;0;0;0;0
30.12.2024;06:11;A 11;1;3;53;0;0;0;0;0;0;0;0;1;2;0;100;0;100;0;0;0;0;0;0;0;0;0;0;0;33;0;0;0;5
30.12.2024;06:10;A 11;1;0;0;0;0;0;0;0;0;0;0;1;2;0;100;0;100;0;0;0;0;0;0;0;0;1;7;1;14;1;2;2;18
30.12.2024;06:09;A 11;1;1;46;0;0;0;0;2;2;1;1;0;0;0;100;0;100;0;0;0;0;0;0;2;23;2;9;2;9;0;0;0;0
30.12.2024;06:08;A 11;1;5;26;0;0;0;0;1;1;1;1;0;0;0;100;0;100;0;0;0;0;0;0;2;20;1;10;1;11;0;0;0;0
30.12.2024;06:07;A 11;1;2;45;1;9;0;0;0;0;0;0;0;0;0;100;0;100;0;0;0;0;0;0;0;0;0;0;0;0;0;0;0;0
30.12.2024;06:06;A 11;1;3;23;1;9;0;0;0;0;0;0;0;0;0;100;0;100;0;0;0;0;0;0;0;0;0;0;0;0;0;0;0;0
30.12.2024;06:05;A 11;1;1;7;0;0;0;0;0;0;0;0;0;0;0;100;0;100;0;0;0;0;0;0;0;0;0;0;0;0;0;0;0;0
30.12.2024;06:04;A 11;1;0;0;0;0;0;0;0;0;1;1;0;0;0;100;0;100;0;0;0;0;0;0;2;4;1;9;1;7;0;0;0;0
30.12.2024;06:03;A 11;1;0;0;0;0;0;0;1;2;2;5;0;0;0;100;0;100;0;0;0;0;0;0;2;25;4;33;1;24;0;0;0;0
30.12.2024;06:02;A 11;1;1;10;0;0;0;0;0;0;0;0;0;0;0;100;0;100;0;0;0;0;0;0;0;0;0;0;0;0;1;9;0;0
30.12.2024;06:01;A 11;1;0;0;1;9;0;0;1;1;0;0;0;0;0;100;0;100;0;0;0;0;0;0;1;11;0;0;0;0;1;10;0;0
30.12.2024;06:00;A 11;1;0;0;2;20;0;0;1;2;1;1;0;0;0;100;0;100;1;5;0;0;0;0;1;18;1;12;1;8;0;0;0;0
30.12.2024;05:59;A 11;1;1;12;1;10;0;0;1;1;0;0;0;0;0;100;0;100;0;0;0;0;0;0;1;7;0;0;0;0;2;8;0;0
30.12.2024;05:58;A 11;1;1;17;0;0;0;0;0;0;0;0;0;0;0;100;0;100;0;0;0;0;0;0;0;0;0;0;0;0;1;1;0;0
30.12.2024;05:57;A 11;1;4;66;2;14;0;0;1;1;0;0;1;2;0;100;0;100;0;0;0;0;0;0;1;10;1;9;2;13;0;0;0;0
30.12.2024;05:56;A 11;1;1;13;0;0;0;0;0;0;1;1;2;3;0;100;0;100;0;0;0;0;0;0;1;12;1;18;2;22;0;0;0;0
30.12.2024;05:55;A 11;1;1;11;0;0;0;0;1;1;2;2;0;0;0;100;0;100;0;0;0;0;0;0;3;23;5;20;3;26;0;0;0;0
30.12.2024;05:54;A 11;1;2;11;0;0;0;0;2;2;1;1;0;0;0;100;0;100;0;0;0;0;0;0;2;29;1;8;1;9;0;0;0;0
30.12.2024;05:53;A 11;1;1;29;1;10;0;0;3;2;2;4;0;0;0;100;0;100;0;0;0;0;0;0;4;44;3;35;2;32;1;9;0;0
30.12.2024;05:52;A 11;1;1;2;1;6;0;0;0;0;0;0;0;0;0;100;0;100;0;0;0;0;0;0;0;0;0;0;0;0;0;0;0;0
30.12.2024;05:51;A 11;1;1;24;1;1;0;0;0;0;0;0;0;0;0;100;0;100;0;0;0;0;0;0;0;0;0;0;0;0;0;0;0;0
30.12.2024;05:50;A 11;1;2;20;1;10;0;0;0;0;1;1;0;0;0;100;0;100;0;0;0;0;0;0;1;10;1;8;1;13;0;0;0;0
30.12.2024;05:49;A 11;1;0;2;1;8;0;0;0;0;0;0;0;0;0;100;0;100;0;0;0;0;0;0;0;0;0;0;0;0;0;0;0;0
30.12.2024;05:48;A 11;1;2;29;0;4;0;0;0;0;1;1;0;0;0;100;0;100;0;0;0;0;0;0;1;12;1;9;2;4;0;0;0;0
30.12.2024;05:47;A 11;1;3;45;1;31;0;0;1;0;2;2;0;0;0;100;0;100;0;0;0;0;0;0;2;14;2;17;2;12;0;0;0;0
30.12.2024;05:46;A 11;1;0;0;2;27;0;0;0;0;0;0;2;3;0;100;0;100;0;0;0;0;0;0;0;0;3;11;0;63;0;0;1;12
30.12.2024;05:45;A 11;1;3;20;1;15;0;0;0;0;0;0;0;0;0;100;0;100;0;0;0;0;0;0;0;0;1;8;1;8;0;0;0;0
30.12.2024;05:44;A 11;1;0;0;1;5;0;0;1;2;3;4;0;0;0;100;0;100;0;0;0;0;0;0;2;34;4;33;2;26;0;0;0;0
30.12.2024;05:43;A 11;1;0;0;0;0;0;0;1;2;0;0;0;0;0;100;0;100;0;0;0;0;0;0;1;10;0;0;1;1;0;0;0;0
30.12.2024;05:42;A 11;1;2;17;1;15;0;0;1;1;2;2;0;0;0;100;0;100;0;0;0;0;0;0;1;12;1;11;1;10;0;0;0;0
30.12.2024;05:41;A 11;1;1;13;2;13;0;0;0;0;1;3;0;0;0;100;0;100;0;0;0;0;0;0;1;18;1;21;1;12;0;0;0;0
30.12.2024;05:40;A 11;1;0;0;0;0;0;0;1;2;1;2;0;0;0;100;0;100;0;0;0;0;0;0;2;27;2;16;2;22;0;0;0;0
30.12.2024;05:39;A 11;1;0;0;1;12;0;0;1;1;0;0;0;0;0;100;0;100;0;0;0;0;0;0;1;3;0;0;0;0;0;0;0;0
30.12.2024;05:38;A 11;1;1;5;2;22;0;0;1;0;1;1;0;0;0;100;0;100;0;0;0;0;0;0;1;12;1;11;1;10;0;0;0;0
30.12.2024;05:37;A 11;1;2;20;2;22;0;0;0;0;1;2;0;0;0;100;0;100;0;0;0;0;0;0;2;11;1;15;1;13;0;0;0;0
30.12.2024;05:36;A 11;1;0;0;0;0;0;0;2;4;3;4;0;0;0;100;0;100;0;0;0;0;0;0;4;45;3;47;3;28;0;0;0;0
30.12.2024;05:35;A 11;1;2;12;0;0;0;0;0;0;2;3;0;0;0;100;0;100;0;0;0;0;0;0;3;17;2;20;2;17;0;0;0;0
30.12.2024;05:34;A 11;1;0;0;0;0;0;0;1;2;4;6;0;0;0;100;0;100;0;0;0;0;0;0;3;41;2;27;2;31;0;0;0;0
30.12.2024;05:33;A 11;1;2;18;0;0;0;0;3;5;1;1;0;0;0;100;0;100;0;0;0;0;0;0;1;61;1;7;3;18;0;0;0;0
30.12.2024;05:32;A 11;1;4;15;1;26;0;0;1;1;0;0;0;0;0;100;0;100;0;0;0;0;0;0;1;9;0;0;0;0;0;0;0;0
30.12.2024;05:31;A 11;1;1;8;3;29;0;0;1;0;1;1;0;0;0;100;0;100;0;0;0;0;0;0;1;9;1;8;1;8;0;0;0;0
30.12.2024;05:30;A 11;1;4;9;2;24;0;0;0;0;0;0;1;2;0;100;0;100;0;0;0;0;0;0;0;0;1;10;1;13;1;1;0;0
30.12.2024;05:29;A 11;1;3;34;0;12;0;0;0;0;0;0;3;4;0;100;0;100;0;0;0;0;0;0;2;11;2;24;2;35;1;1;2;8
30.12.2024;05:28;A 11;1;3;18;1;1;0;0;0;0;0;0;0;0;0;100;0;100;0;0;0;0;0;0;0;0;0;0;0;0;0;0;0;0
30.12.2024;05:27;A 11;1;1;9;0;0;0;0;1;1;0;0;0;0;0;100;0;100;0;0;0;0;0;0;1;13;1;6;0;0;0;0;0;0
30.12.2024;05:26;A 11;1;1;4;1;11;0;0;0;0;0;0;0;0;0;100;0;100;0;0;0;0;0;0;0;0;1;1;0;0;0;0;0;0
30.12.2024;05:25;A 11;1;1;2;0;0;0;0;0;0;1;1;0;0;0;100;0;100;0;0;0;0;0;0;1;15;1;9;1;16;0;0;0;0
30.12.2024;05:24;A 11;1;1;14;1;10;0;0;0;0;2;2;0;0;0;100;0;100;0;0;0;0;0;0;2;21;3;21;2;16;0;0;0;0
30.12.2024;05:23;A 11;1;0;0;1;11;0;0;0;0;0;0;0;0;0;100;0;100;0;0;0;0;0;0;0;0;0;5;0;0;0;0;0;0
30.12.2024;05:22;A 11;1;0;2;1;11;0;0;2;0;1;2;0;0;0;100;0;100;0;0;0;0;0;0;1;17;1;9;1;10;0;0;0;0
30.12.2024;05:21;A 11;1;1;10;0;0;0;0;1;0;3;10;0;0;0;100;0;100;0;0;0;0;0;0;3;46;2;39;1;45;0;0;0;0
30.12.2024;05:20;A 11;1;1;12;0;0;0;0;0;0;0;0;0;0;0;100;0;100;0;0;0;0;0;0;0;0;0;0;0;0;0;0;0;0
30.12.2024;05:19;A 11;1;1;2;0;0;0;0;0;0;0;0;0;0;0;100;0;100;0;0;0;0;0;0;0;0;0;0;0;0;0;0;0;0
30.12.2024;05:18;A 11;1;1;10;0;0;0;0;1;0;0;0;0;0;0;100;0;100;0;0;0;0;0;0;2;9;0;0;0;0;0;0;0;0
30.12.2024;05:17;A 11;1;0;0;1;11;0;0;0;0;2;2;0;0;0;100;0;100;0;0;0;0;0;0;1;13;1;14;1;10;0;0;0;0
30.12.2024;05:16;A 11;1;0;0;0;0;0;0;0;0;2;7;3;2;0;100;0;100;0;0;0;0;0;0;2;19;4;39;3;48;0;0;0;0
30.12.2024;05:15;A 11;1;1;31;3;15;0;0;2;0;3;4;0;0;0;100;0;100;0;0;0;0;0;0;2;24;2;24;2;22;0;0;0;0
30.12.2024;05:14;A 11;1;1;14;1;13;0;0;1;1;1;1;0;0;0;100;0;100;0;0;0;0;0;0;2;19;1;8;3;10;0;0;0;0
30.12.2024;05:13;A 11;1;0;0;0;0;0;0;2;1;1;1;0;0;0;100;0;100;0;0;0;0;0;0;2;16;1;10;3;16;0;0;0;0
30.12.2024;05:12;A 11;1;0;0;0;0;0;0;4;3;1;1;0;0;0;100;0;100;0;0;0;0;0;0;3;23;1;10;1;17;0;0;0;0
30.12.2024;05:11;A 11;1;0;0;0;0;0;0;0;0;0;0;0;0;0;100;0;100;0;0;0;0;0;0;0;0;0;0;0;0;0;0;0;0
30.12.2024;05:10;A 11;1;1;14;0;0;0;0;0;1;0;0;0;0;0;100;0;100;0;0;0;0;0;0;0;5;0;0;0;0;0;0;0;0
30.12.2024;05:09;A 11;1;1;7;1;8;0;0;2;2;0;0;0;0;0;100;0;100;0;0;0;0;0;0;2;15;2;2;2;5;0;0;0;0
30.12.2024;05:08;A 11;1;1;10;0;0;0;0;1;1;1;1;0;0;0;100;0;100;0;0;0;0;0;0;1;11;1;10;0;11;0;0;0;0
30.12.2024;05:07;A 11;1;2;13;0;0;0;0;0;0;0;0;0;0;0;100;0;100;0;0;0;0;0;0;0;0;0;0;1;6;0;0;0;0
30.12.2024;05:06;A 11;1;2;21;0;0;0;0;0;0;0;0;0;0;0;100;0;100;0;0;0;0;0;0;0;0;0;2;0;0;0;0;0;0
30.12.2024;05:05;A 11;1;0;0;0;0;1;1;1;2;3;4;0;0;0;100;0;100;0;0;0;0;0;0;3;33;2;23;2;21;0;0;0;0
30.12.2024;05:04;A 11;1;1;8;0;0;0;0;0;0;0;0;0;0;0;100;0;100;0;0;0;0;0;0;0;0;0;0;0;0;0;0;0;0
30.12.2024;05:03;A 11;1;0;0;1;11;0;0;0;0;1;1;0;0;0;100;0;100;0;0;0;0;0;0;1;13;1;15;1;9;0;0;0;0
30.12.2024;05:02;A 11;1;0;0;0;0;0;0;2;4;2;4;0;0;0;100;0;100;0;0;0;0;0;0;3;49;2;57;3;24;0;0;0;0
30.12.2024;05:01;A 11;1;0;0;0;0;0;0;1;1;2;2;0;0;0;100;0;100;0;0;0;0;0;0;3;33;4;20;2;27;0;0;0;0
30.12.2024;05:00;A 11;1;1;46;0;0;0;0;0;0;1;1;0;0;0;100;0;100;0;0;0;0;0;0;1;11;1;9;1;8;0;0;0;0
30.12.2024;04:59;A 11;1;1;9;0;0;0;0;0;0;2;2;0;0;0;100;0;100;0;0;0;0;0;0;1;20;1;15;1;21;0;0;0;0
30.12.2024;04:58;A 11;1;0;1;0;0;0;0;0;0;1;0;3;5;0;100;0;100;0;0;0;0;0;0;1;3;2;16;1;73;0;0;0;0
30.12.2024;04:57;A 11;1;3;23;0;0;0;0;1;1;0;0;0;0;0;100;0;100;0;0;0;0;0;0;1;12;0;0;1;3;0;0;1;5
30.12.2024;04:56;A 11;1;1;2;1;10;0;0;1;1;2;3;0;0;0;100;0;100;0;0;0;0;0;0;2;22;5;18;2;24;0;0;0;0
30.12.2024;04:55;A 11;1;0;0;0;0;0;0;1;2;2;3;0;0;0;100;0;100;0;0;0;0;0;0;4;48;3;25;5;40;0;0;0;0
30.12.2024;04:54;A 11;1;0;0;0;0;1;1;1;1;0;0;0;0;0;100;0;100;0;0;0;0;0;0;1;11;0;0;2;7;0;0;0;0
30.12.2024;04:53;A 11;1;0;8;0;7;0;0;1;2;0;0;0;0;0;100;0;100;0;0;0;0;0;0;1;16;0;0;0;0;0;0;0;0
30.12.2024;04:52;A 11;1;1;6;1;7;0;0;0;0;0;0;0;0;0;100;0;100;0;0;0;0;0;0;0;0;0;0;0;0;0;0;0;0
30.12.2024;04:51;A 11;1;0;0;0;0;0;0;0;0;2;2;0;0;0;100;0;100;0;0;0;0;0;0;2;26;2;20;2;18;0;0;0;0
30.12.2024;04:50;A 11;1;0;0;0;0;0;0;1;1;2;2;0;0;0;100;0;100;0;0;0;0;0;0;1;25;2;17;3;19;0;0;2;11
30.12.2024;04:49;A 11;1;0;0;0;0;0;0;0;0;0;0;0;0;0;100;0;100;0;0;0;0;0;0;1;3;0;0;0;0;0;0;0;0
30.12.2024;04:48;A 11;1;0;0;0;0;0;0;1;2;0;0;0;0;0;100;0;100;0;0;0;0;0;0;0;14;0;0;0;0;0;0;1;9
30.12.2024;04:47;A 11;1;0;0;1;10;0;0;2;4;0;0;0;0;0;100;0;100;0;0;0;0;0;0;2;38;0;0;0;0;0;0;0;0
30.12.2024;04:46;A 11;1;0;0;0;0;0;0;0;0;1;1;0;0;0;100;0;100;0;0;0;0;0;0;2;10;1;10;2;12;0;0;0;0
30.12.2024;04:45;A 11;1;2;19;1;11;0;0;0;0;0;0;0;0;0;100;0;100;0;0;0;0;0;0;0;0;0;0;0;0;0;0;0;0
30.12.2024;04:44;A 11;1;1;14;1;10;0;0;0;0;1;1;0;0;0;100;0;100;0;0;0;0;0;0;2;10;1;12;1;7;0;0;0;0
30.12.2024;04:43;A 11;1;1;11;0;0;0;0;0;0;1;1;0;0;0;100;0;100;0;0;0;0;0;0;1;2;1;10;1;12;0;0;0;0
30.12.2024;04:42;A 11;1;0;0;0;0;0;0;1;1;1;1;0;0;0;100;0;100;0;0;0;0;0;0;2;23;1;9;1;7;0;0;0;0
30.12.2024;04:41;A 11;1;0;0;0;0;0;0;1;0;1;1;0;0;0;100;0;100;0;0;0;0;0;0;1;8;1;5;1;7;0;0;0;0
30.12.2024;04:40;A 11;1;0;0;0;0;0;0;1;1;0;0;0;0;0;100;0;100;0;0;0;0;0;0;1;14;0;0;0;0;0;0;0;0
30.12.2024;04:39;A 11;1;1;12;0;0;0;0;1;2;0;0;0;0;0;100;0;100;0;0;0;0;0;0;1;17;0;0;1;3;0;0;0;0
30.12.2024;04:38;A 11;1;0;0;0;0;0;0;0;0;0;0;0;0;0;100;0;100;0;0;0;0;0;0;0;0;0;0;0;0;0;0;0;0
30.12.2024;04:37;A 11;1;1;28;3;24;0;0;1;1;2;2;0;0;0;100;0;100;0;0;0;0;0;0;2;19;4;11;2;16;0;0;0;0
30.12.2024;04:36;A 11;1;0;0;0;0;0;0;0;0;0;0;0;0;0;100;0;100;0;0;0;0;0;0;0;0;0;0;0;0;0;0;1;10
30.12.2024;04:35;A 11;1;2;58;0;0;0;0;0;0;1;1;0;0;0;100;0;100;0;0;0;0;0;0;2;10;1;11;1;10;0;0;1;6
30.12.2024;04:34;A 11;1;0;0;0;0;0;0;3;5;0;0;0;0;0;100;0;100;0;0;0;0;0;0;2;32;0;0;0;0;0;0;0;0
30.12.2024;04:33;A 11;1;0;0;0;0;0;0;0;0;0;0;0;0;0;100;0;100;0;0;0;0;0;0;0;0;0;0;0;0;0;0;0;0
30.12.2024;04:32;A 11;1;0;0;0;0;0;0;0;0;0;0;1;1;0;100;0;100;0;0;0;0;0;0;0;0;1;8;1;11;0;4;0;0
30.12.2024;04:31;A 11;1;0;0;0;0;0;0;0;0;1;1;0;0;0;100;0;100;0;0;0;0;0;0;0;7;0;11;0;6;1;3;0;0
30.12.2024;04:30;A 11;1;1;20;0;0;0;0;0;0;0;0;2;3;0;100;0;100;0;0;0;0;0;0;1;4;1;1;1;3;0;0;0;0
30.12.2024;04:29;A 11;1;1;6;0;0;0;0;0;0;0;0;0;0;0;100;0;100;0;0;0;0;0;0;0;0;1;9;1;14;0;0;0;0
30.12.2024;04:28;A 11;1;0;0;0;0;0;0;0;0;0;0;0;0;0;100;0;100;0;0;0;0;0;0;0;0;0;0;0;0;0;0;0;0
30.12.2024;04:27;A 11;1;0;0;0;0;0;0;0;0;1;1;0;0;0;100;0;100;0;0;0;0;0;0;2;19;1;11;1;10;0;0;0;0
30.12.2024;04:26;A 11;1;0;0;0;0;0;0;1;1;0;0;0;0;0;100;0;100;0;0;0;0;0;0;1;5;0;0;1;1;0;0;0;0
30.12.2024;04:25;A 11;1;0;0;0;0;0;0;0;0;1;3;0;0;0;100;0;100;0;0;0;0;0;0;1;20;1;15;1;16;0;0;1;8
30.12.2024;04:24;A 11;1;5;28;2;19;0;0;0;0;0;0;0;0;0;100;0;100;0;0;0;0;0;0;0;0;0;0;0;0;0;0;0;0
30.12.2024;04:23;A 11;1;0;0;2;11;0;0;1;2;0;0;0;0;0;100;0;100;0;0;0;0;0;0;1;21;0;0;0;0;0;0;0;0
30.12.2024;04:22;A 11;1;0;0;0;0;0;0;0;0;0;0;0;0;0;100;0;100;0;0;0;0;0;0;0;0;0;0;0;0;0;0;0;0
30.12.2024;04:21;A 11;1;1;16;0;0;0;0;1;1;1;2;0;0;0;100;0;100;0;0;0;0;0;0;3;26;2;11;2;17;0;0;0;0
30.12.2024;04:20;A 11;1;4;19;1;7;0;0;2;2;0;0;0;0;0;100;0;100;0;0;0;0;0;0;2;19;1;2;2;12;0;0;0;0
30.12.2024;04:19;A 11;1;1;5;0;0;0;0;0;0;0;0;0;0;0;100;0;100;0;0;0;0;0;0;0;0;0;0;0;0;0;0;0;0
30.12.2024;04:18;A 11;1;0;0;0;0;0;0;0;0;0;0;0;0;0;100;0;100;0;0;0;0;0;0;0;0;0;0;0;0;0;0;0;0
30.12.2024;04:17;A 11;1;0;0;0;0;0;0;1;1;0;0;0;0;0;100;0;100;0;0;0;0;0;0;1;10;0;0;2;7;0;0;0;0
30.12.2024;04:16;A 11;1;1;12;0;0;0;0;0;0;0;0;0;0;0;100;0;100;0;0;0;0;0;0;0;0;0;0;0;0;0;0;0;0
30.12.2024;04:15;A 11;1;0;0;0;0;0;0;1;2;0;0;0;0;0;100;0;100;0;0;0;0;0;0;1;19;1;13;2;1;0;0;0;0
30.12.2024;04:14;A 11;1;0;0;1;15;0;0;0;0;1;1;0;0;0;100;0;100;0;0;0;0;0;0;1;10;1;8;1;11;0;0;0;0
30.12.2024;04:13;A 11;1;2;12;0;0;0;0;0;0;0;0;0;0;0;100;0;100;0;0;0;0;0;0;0;0;0;0;0;0;0;0;0;0
30.12.2024;04:12;A 11;1;0;0;0;0;0;0;0;0;1;1;0;0;0;100;0;100;0;0;0;0;0;0;1;10;2;12;1;15;0;0;0;0
30.12.2024;04:11;A 11;1;0;0;0;0;0;0;0;0;0;0;0;0;0;100;0;100;0;0;0;0;0;0;0;0;0;0;0;0;0;0;0;0
30.12.2024;04:10;A 11;1;1;9;0;0;0;0;0;0;0;0;0;0;0;100;0;100;0;0;0;0;0;0;0;0;0;0;0;0;0;0;0;0
30.12.2024;04:09;A 11;1;0;0;0;0;0;0;0;0;0;0;0;0;0;100;0;100;0;0;0;0;0;0;0;0;0;0;0;0;0;0;0;0
30.12.2024;04:08;A 11;1;2;13;3;18;0;0;0;0;0;0;0;0;0;100;0;100;0;0;0;0;0;0;0;0;0;0;0;0;0;0;0;0
30.12.2024;04:07;A 11;1;2;13;2;18;0;0;0;0;0;0;0;0;0;100;0;100;0;0;0;0;0;0;0;0;0;0;0;0;0;0;0;0
30.12.2024;04:06;A 11;1;0;13;0;0;0;0;0;0;0;0;0;0;0;100;0;100;0;0;0;0;0;0;0;0;0;0;0;0;0;0;0;0
30.12.2024;04:05;A 11;1;2;11;0;0;0;0;0;0;1;2;0;0;0;100;0;100;0;0;0;0;0;0;0;5;0;11;0;4;0;0;0;0
30.12.2024;04:04;A 11;1;0;0;0;0;0;0;0;0;0;0;0;0;0;100;0;100;0;0;0;0;0;0;1;2;1;4;1;5;0;0;0;0
30.12.2024;04:03;A 11;1;0;0;0;21;0;0;0;0;0;0;0;0;0;100;0;100;0;0;0;0;0;0;0;0;0;0;0;0;0;0;0;0
30.12.2024;04:02;A 11;1;1;7;3;44;0;0;0;0;0;0;0;0;0;100;0;100;0;0;0;0;0;0;0;0;0;0;0;0;0;0;0;0
30.12.2024;04:01;A 11;1;0;0;0;0;0;0;0;0;0;0;0;0;0;100;0;100;0;0;0;0;0;0;0;0;0;0;0;0;0;0;0;0
30.12.2024;04:00;A 11;1;0;0;1;17;0;0;0;0;1;1;0;0;0;100;0;100;0;0;0;0;0;0;0;6;0;8;0;5;0;0;0;0
30.12.2024;03:59;A 11;1;2;13;0;0;0;0;0;0;0;0;0;0;0;100;0;100;0;0;0;0;0;0;1;4;1;2;1;2;0;0;0;0
30.12.2024;03:58;A 11;1;0;0;0;0;0;0;0;0;0;0;0;0;0;100;0;100;0;0;0;0;0;0;0;0;0;0;0;0;0;0;1;11
30.12.2024;03:57;A 11;1;1;11;0;0;0;0;2;1;1;2;0;0;0;100;0;100;0;0;0;0;0;0;2;27;1;16;2;22;1;3;1;2
30.12.2024;03:56;A 11;1;0;10;1;12;0;0;0;0;0;0;0;0;0;100;0;100;0;0;0;0;0;0;0;0;0;0;0;0;0;0;0;0
30.12.2024;03:55;A 11;1;2;15;0;0;0;0;0;0;0;0;0;0;0;100;0;100;0;0;0;0;0;0;0;0;0;0;0;0;0;0;0;0
30.12.2024;03:54;A 11;1;0;0;0;0;0;0;0;0;1;2;0;0;0;100;0;100;0;0;0;0;0;0;1;13;2;14;1;11;0;0;0;0
30.12.2024;03:53;A 11;1;0;0;0;0;0;0;0;0;0;0;0;0;0;100;0;100;0;0;0;0;0;0;0;0;0;0;0;0;0;0;0;0
30.12.2024;03:52;A 11;1;0;0;1;11;0;0;0;0;0;0;0;0;0;100;0;100;0;0;0;0;0;0;0;0;0;0;0;0;0;0;0;0
30.12.2024;03:51;A 11;1;0;0;0;0;0;0;0;0;0;0;0;0;0;100;0;100;0;0;0;0;0;0;0;0;0;0;0;0;0;0;0;0
30.12.2024;03:50;A 11;1;0;0;0;8;0;0;0;0;1;2;0;0;0;100;0;100;0;0;0;0;0;0;1;11;2;13;0;11;0;0;0;0
30.12.2024;03:49;A 11;1;2;16;1;4;0;0;0;0;0;0;0;0;0;100;0;100;0;0;0;0;0;0;1;4;0;0;1;8;0;0;0;0
30.12.2024;03:48;A 11;1;0;13;0;0;0;0;0;0;0;0;0;0;0;100;0;100;0;0;0;0;0;0;0;0;0;0;0;0;0;0;0;0
30.12.2024;03:47;A 11;1;1;1;0;0;0;0;1;2;0;0;0;0;0;100;0;100;0;0;0;0;0;0;1;18;0;0;1;8;1;11;0;0
30.12.2024;03:46;A 11;1;0;0;0;0;0;0;1;1;0;0;0;0;0;100;0;100;0;0;0;0;0;0;1;12;0;0;0;0;0;0;0;0
30.12.2024;03:45;A 11;1;0;0;1;10;0;0;1;1;0;0;0;0;0;100;0;100;0;0;0;0;0;0;1;12;0;0;2;2;0;0;0;0
30.12.2024;03:44;A 11;1;0;0;0;0;0;0;1;1;0;0;0;0;0;100;0;100;0;0;0;0;0;0;1;10;0;0;0;0;1;10;0;0
30.12.2024;03:43;A 11;1;0;0;0;0;0;0;0;0;0;0;0;0;0;100;0;100;0;0;0;0;0;0;0;0;0;0;0;0;0;0;0;0
30.12.2024;03:42;A 11;1;0;0;1;16;0;0;0;0;0;0;0;0;0;100;0;100;0;0;0;0;0;0;0;0;0;0;0;0;0;0;0;0
30.12.2024;03:41;A 11;1;2;10;0;0;0;0;0;0;0;0;0;0;0;100;0;100;0;0;0;0;0;0;0;0;0;0;0;0;0;0;0;0
30.12.2024;03:40;A 11;1;0;0;0;0;0;0;2;2;2;2;0;0;0;100;0;100;0;0;0;0;0;0;3;36;2;15;4;12;0;0;0;0
30.12.2024;03:39;A 11;1;0;0;0;0;0;0;0;0;2;2;0;0;0;100;0;100;0;0;0;0;0;0;2;20;3;18;2;17;0;0;0;0
30.12.2024;03:38;A 11;1;1;13;0;0;0;0;0;0;0;0;0;0;0;100;0;100;0;0;0;0;0;0;0;0;0;19;0;0;0;0;0;0
30.12.2024;03:37;A 11;1;0;0;0;0;0;0;3;3;2;4;0;0;0;100;0;100;0;0;0;0;0;0;3;41;1;27;3;30;0;0;0;0
30.12.2024;03:36;A 11;1;0;0;0;0;0;0;0;0;0;0;0;0;0;100;0;100;0;0;0;0;0;0;0;0;0;0;0;0;1;2;1;10
30.12.2024;03:35;A 11;1;0;0;0;0;0;0;2;3;0;0;0;0;0;100;0;100;0;0;0;0;0;0;2;31;0;0;3;7;0;0;1;5
30.12.2024;03:34;A 11;1;2;12;0;0;0;0;1;1;1;1;0;0;0;100;0;100;0;0;0;0;0;0;1;15;1;11;2;14;0;0;0;0
30.12.2024;03:33;A 11;1;2;10;1;7;0;0;0;0;0;0;0;0;0;100;0;100;0;0;0;0;0;0;0;0;0;0;0;0;0;0;0;0
30.12.2024;03:32;A 11;1;0;0;1;4;0;0;0;0;1;1;0;0;0;100;0;100;0;0;0;0;0;0;1;8;1;7;1;7;0;0;0;0
30.12.2024;03:31;A 11;1;2;29;0;0;0;0;0;0;0;0;0;0;0;100;0;100;0;0;0;0;0;0;0;0;0;0;0;0;0;0;0;0
30.12.2024;03:30;A 11;1;0;0;1;11;0;0;1;1;0;0;0;0;0;100;0;100;0;0;0;0;0;0;1;11;0;0;0;0;0;0;0;0
30.12.2024;03:29;A 11;1;0;0;0;0;0;0;0;0;0;0;0;0;0;100;0;100;0;0;0;0;0;0;0;0;0;0;0;0;0;0;0;0
30.12.2024;03:28;A 11;1;2;8;0;0;0;0;0;0;0;0;0;0;0;100;0;100;0;0;0;0;0;0;0;0;0;0;0;0;0;0;0;0
30.12.2024;03:27;A 11;1;0;0;1;11;0;0;0;0;0;0;0;0;0;100;0;100;0;0;0;0;0;0;0;0;0;0;0;0;0;0;0;0
30.12.2024;03:26;A 11;1;0;0;0;0;0;0;0;0;0;0;0;0;0;100;0;100;0;0;0;0;0;0;0;0;0;0;0;0;0;0;0;0
30.12.2024;03:25;A 11;1;0;0;0;0;0;0;1;2;0;0;0;0;0;100;0;100;0;0;0;0;0;0;1;11;0;0;1;4;0;0;0;0
30.12.2024;03:24;A 11;1;1;3;0;0;0;0;0;0;0;0;0;0;0;100;0;100;0;0;0;0;0;0;0;0;0;0;0;0;0;0;0;0
30.12.2024;03:23;A 11;1;1;6;1;6;0;0;0;0;0;0;0;0;0;100;0;100;0;0;0;0;0;0;0;0;0;0;0;0;1;9;0;0
30.12.2024;03:22;A 11;1;1;7;0;0;0;0;0;0;0;0;0;0;0;100;0;100;0;0;0;0;0;0;0;0;0;0;0;0;0;0;0;0
30.12.2024;03:21;A 11;1;0;0;0;0;0;0;0;0;1;1;0;0;0;100;0;100;0;0;0;0;0;0;1;8;1;8;2;10;0;0;0;0
30.12.2024;03:20;A 11;1;2;11;2;16;0;0;0;0;2;2;0;0;0;100;0;100;0;0;0;0;0;0;2;17;2;18;2;3;1;9;0;0
30.12.2024;03:19;A 11;1;0;0;0;0;0;0;0;0;0;0;0;0;0;100;0;100;0;0;0;0;0;0;0;0;0;0;0;0;0;0;0;0
30.12.2024;03:18;A 11;1;0;0;0;0;0;0;0;0;1;2;0;0;0;100;0;100;0;0;0;0;0;0;1;13;1;12;1;14;0;0;0;0
30.12.2024;03:17;A 11;1;0;0;0;0;0;0;1;0;1;1;0;0;0;100;0;100;0;0;0;0;0;0;1;5;1;9;2;6;0;0;0;0
30.12.2024;03:16;A 11;1;0;0;0;0;0;0;1;0;1;1;0;0;0;100;0;100;0;0;0;0;0;0;1;11;1;12;1;11;0;0;0;0
30.12.2024;03:15;A 11;1;0;0;0;0;0;0;0;0;0;0;0;0;0;100;0;100;0;0;0;0;0;0;0;0;0;0;0;0;0;0;0;0
30.12.2024;03:14;A 11;1;0;0;0;0;0;0;0;0;0;0;0;0;0;100;0;100;0;0;0;0;0;0;0;0;0;0;0;0;0;0;0;0
30.12.2024;03:13;A 11;1;0;0;0;0;0;0;0;0;0;0;0;0;0;100;0;100;0;0;0;0;0;0;0;0;0;0;0;0;0;0;0;0
30.12.2024;03:12;A 11;1;0;0;0;0;0;0;0;0;0;0;0;0;0;100;0;100;0;0;0;0;0;0;0;0;0;0;0;0;0;0;0;0
30.12.2024;03:11;A 11;1;0;0;0;0;0;0;0;0;0;0;0;0;0;100;0;100;0;0;0;0;0;0;0;0;0;0;0;0;0;0;0;0
30.12.2024;03:10;A 11;1;2;21;0;0;0;0;0;0;0;0;0;0;0;100;0;100;0;0;0;0;0;0;0;0;0;0;0;0;0;0;0;0
30.12.2024;03:09;A 11;1;1;10;0;0;0;0;0;0;0;0;0;0;0;100;0;100;0;0;0;0;0;0;0;0;0;0;0;0;0;0;0;0
30.12.2024;03:08;A 11;1;0;0;1;9;0;0;0;0;0;0;0;0;0;100;0;100;0;0;0;0;0;0;0;0;0;0;0;0;0;0;0;0
30.12.2024;03:07;A 11;1;0;0;0;0;0;0;1;1;1;1;0;0;0;100;0;100;0;0;0;0;0;0;1;6;1;6;1;8;0;0;0;0
30.12.2024;03:06;A 11;1;0;0;0;0;0;0;1;1;1;0;0;0;0;100;0;100;0;0;0;0;0;0;1;12;1;3;1;6;0;0;0;0
30.12.2024;03:05;A 11;1;0;0;0;0;0;0;0;0;0;0;0;0;0;100;0;100;0;0;0;0;0;0;0;3;0;5;0;1;0;0;0;0
30.12.2024;03:04;A 11;1;0;15;0;0;0;0;0;0;1;1;0;0;0;100;0;100;0;0;0;0;0;0;1;11;1;8;1;8;0;0;0;0
30.12.2024;03:03;A 11;1;1;7;0;0;0;0;0;0;0;0;0;0;0;100;0;100;0;0;0;0;0;0;0;2;0;0;0;0;0;0;0;0
30.12.2024;03:02;A 11;1;2;13;0;0;0;0;1;1;1;1;0;0;0;100;0;100;0;0;0;0;0;0;2;20;2;11;3;15;0;0;0;0
30.12.2024;03:01;A 11;1;0;0;0;0;0;0;0;0;1;1;1;1;0;100;0;100;0;0;0;0;0;0;1;11;2;17;2;17;0;0;0;0
30.12.2024;03:00;A 11;1;0;0;0;0;0;0;0;0;0;0;0;0;0;100;0;100;0;0;0;0;0;0;0;0;0;0;0;0;0;0;0;0
30.12.2024;02:59;A 11;1;1;8;0;0;0;0;0;0;0;0;0;0;0;100;0;100;0;0;0;0;0;0;0;0;0;0;0;0;0;0;0;0
30.12.2024;02:58;A 11;1;1;9;0;0;0;0;3;2;1;1;0;0;0;100;0;100;0;0;0;0;0;0;4;22;1;7;3;10;0;0;0;0
30.12.2024;02:57;A 11;1;0;0;0;0;0;0;0;0;0;0;0;0;0;100;0;100;0;0;0;0;0;0;0;0;0;0;0;0;0;0;0;0
30.12.2024;02:56;A 11;1;1;14;0;0;0;0;0;0;0;0;0;0;0;100;0;100;0;0;0;0;0;0;0;0;0;0;0;0;0;0;0;0
30.12.2024;02:55;A 11;1;0;0;0;0;0;0;0;0;0;0;0;0;0;100;0;100;0;0;0;0;0;0;0;0;0;1;0;0;0;0;0;0
30.12.2024;02:54;A 11;1;0;0;0;0;0;0;2;1;2;2;0;0;0;100;0;100;0;0;0;0;0;0;2;25;2;16;2;18;0;0;0;0
30.12.2024;02:53;A 11;1;0;0;1;12;0;0;0;0;0;0;3;4;0;100;0;100;0;0;0;0;0;0;0;0;1;11;1;24;0;0;0;0
30.12.2024;02:52;A 11;1;0;0;0;0;0;0;0;0;1;1;0;0;0;100;0;100;0;0;0;0;0;0;1;11;2;10;1;9;0;0;0;0
30.12.2024;02:51;A 11;1;0;0;0;0;0;0;0;0;0;0;0;0;0;100;0;100;0;0;0;0;0;0;0;0;0;0;0;0;0;0;0;0
30.12.2024;02:50;A 11;1;0;15;2;27;0;0;1;2;2;2;0;0;0;100;0;100;0;0;0;0;0;0;1;21;3;18;1;17;0;0;0;0
30.12.2024;02:49;A 11;1;1;2;0;0;0;0;1;1;0;0;0;0;0;100;0;100;0;0;0;0;0;0;2;20;0;0;2;10;0;0;0;0
30.12.2024;02:48;A 11;1;4;35;1;13;0;0;0;0;0;0;0;0;0;100;0;100;0;0;0;0;0;0;0;0;0;0;0;0;0;0;0;0
30.12.2024;02:47;A 11;1;0;0;0;0;0;0;1;0;1;1;0;0;0;100;0;100;0;0;0;0;0;0;1;8;2;10;1;11;0;0;0;0
30.12.2024;02:46;A 11;1;0;0;0;0;0;0;0;0;1;1;0;0;0;100;0;100;0;0;0;0;0;0;1;4;1;13;1;5;0;0;0;0
30.12.2024;02:45;A 11;1;1;3;1;12;0;0;0;0;0;0;0;0;0;100;0;100;0;0;0;0;0;0;0;0;0;0;0;0;0;0;0;0
30.12.2024;02:44;A 11;1;0;0;0;0;0;0;0;0;1;1;0;0;0;100;0;100;0;0;0;0;0;0;0;3;0;4;0;1;0;0;0;0
30.12.2024;02:43;A 11;1;0;0;1;8;0;0;0;0;0;0;8;13;0;100;0;100;0;0;0;0;0;0;1;6;2;10;2;53;0;0;0;0
30.12.2024;02:42;A 11;1;0;0;0;10;0;0;1;1;1;1;0;0;0;100;0;100;0;0;0;0;0;0;1;15;1;7;0;5;0;0;0;0
30.12.2024;02:41;A 11;1;1;8;1;2;0;0;0;0;0;0;0;0;0;100;0;100;0;0;0;0;0;0;1;5;1;3;2;9;0;0;0;0
30.12.2024;02:40;A 11;1;0;0;0;0;0;0;0;0;0;0;0;0;0;100;0;100;0;0;0;0;0;0;0;0;0;0;0;0;0;0;0;0
30.12.2024;02:39;A 11;1;0;0;1;8;0;0;0;0;0;0;0;0;0;100;0;100;0;0;0;0;0;0;0;0;0;0;0;0;0;0;0;0
30.12.2024;02:38;A 11;1;0;0;0;0;0;0;0;0;1;1;0;0;0;100;0;100;0;0;0;0;0;0;2;9;1;11;1;13;0;0;0;0
30.12.2024;02:37;A 11;1;2;34;0;0;0;0;0;0;0;0;0;0;0;100;0;100;0;0;0;0;0;0;0;0;0;0;0;0;1;7;0;0
30.12.2024;02:36;A 11;1;1;11;0;0;0;0;1;0;1;2;0;0;0;100;0;100;0;0;0;0;0;0;1;13;2;13;1;13;0;0;0;0
30.12.2024;02:35;A 11;1;0;0;0;0;0;0;0;0;0;0;0;0;0;100;0;100;0;0;0;0;0;0;0;0;0;0;0;0;1;2;2;12
30.12.2024;02:34;A 11;1;1;30;0;0;0;0;0;0;0;0;0;0;0;100;0;100;0;0;0;0;0;0;0;0;0;0;0;0;0;0;0;0
30.12.2024;02:33;A 11;1;2;39;0;0;0;0;0;0;0;0;0;0;0;100;0;100;0;0;0;0;0;0;0;0;0;0;0;0;0;0;0;0
30.12.2024;02:32;A 11;1;0;0;0;0;0;0;0;0;1;1;0;0;0;100;0;100;0;0;0;0;0;0;1;11;1;9;1;8;0;0;0;0
30.12.2024;02:31;A 11;1;0;0;0;0;0;0;0;0;1;1;0;0;0;100;0;100;0;0;0;0;0;0;1;13;1;12;1;9;0;0;0;0
30.12.2024;02:30;A 11;1;0;0;0;0;0;0;0;0;0;0;0;0;0;100;0;100;0;0;0;0;0;0;0;0;0;0;0;0;0;0;0;0
30.12.2024;02:29;A 11;1;0;0;0;0;0;0;0;0;1;1;0;0;0;100;0;100;0;0;0;0;0;0;1;4;1;5;1;9;0;0;0;0
30.12.2024;02:28;A 11;1;1;20;0;0;0;0;0;0;0;0;0;0;0;100;0;100;0;0;0;0;0;0;0;0;0;0;0;0;0;0;0;0
30.12.2024;02:27;A 11;1;0;0;0;0;0;0;0;0;1;1;0;0;0;100;0;100;0;0;0;0;0;0;1;10;1;9;1;9;0;0;0;0
30.12.2024;02:26;A 11;1;0;0;0;0;0;0;1;1;0;0;0;0;0;100;0;100;0;0;0;0;0;0;0;7;0;0;0;0;0;0;0;0
30.12.2024;02:25;A 11;1;1;20;0;0;0;0;0;0;0;0;1;2;0;100;0;100;0;0;0;0;0;0;1;4;1;10;1;26;0;0;0;0
30.12.2024;02:24;A 11;1;0;0;0;0;0;0;0;0;0;0;0;0;0;100;0;100;0;0;0;0;0;0;0;0;0;0;0;0;0;0;0;0
30.12.2024;02:23;A 11;1;1;11;0;0;0;0;2;2;1;1;0;0;0;100;0;100;0;0;0;0;0;0;2;30;1;7;2;12;0;0;0;0
30.12.2024;02:22;A 11;1;1;13;0;0;0;0;1;2;0;0;1;0;0;100;0;100;0;0;0;0;0;0;1;14;0;0;2;4;0;0;0;0
30.12.2024;02:21;A 11;1;0;0;1;10;0;0;1;1;2;3;0;0;0;100;0;100;0;0;0;0;0;0;2;16;3;16;1;10;0;0;0;0
30.12.2024;02:20;A 11;1;2;26;2;15;0;0;0;0;0;0;1;0;0;100;0;100;0;0;0;0;0;0;1;8;1;4;1;3;0;0;0;0
30.12.2024;02:19;A 11;1;0;0;0;0;0;0;0;0;1;2;0;0;0;100;0;100;0;0;0;0;0;0;1;13;2;14;1;11;0;0;0;0
30.12.2024;02:18;A 11;1;1;3;1;8;0;0;0;0;0;0;0;0;0;100;0;100;0;0;0;0;0;0;0;0;0;0;0;0;0;0;0;0
30.12.2024;02:17;A 11;1;2;23;1;14;0;0;0;0;1;1;0;0;0;100;0;100;0;0;0;0;0;0;1;10;1;11;1;8;0;0;0;0
30.12.2024;02:16;A 11;1;0;0;1;12;0;0;1;1;0;0;0;0;0;100;0;100;0;0;0;0;0;0;1;11;0;0;0;0;0;0;0;0
30.12.2024;02:15;A 11;1;0;0;0;0;0;0;1;0;1;2;0;0;0;100;0;100;0;0;0;0;0;0;0;14;1;13;1;11;0;0;0;0
30.12.2024;02:14;A 11;1;1;12;1;13;0;0;1;2;0;0;0;0;0;100;0;100;0;0;0;0;0;0;2;16;0;0;1;3;0;0;0;0
30.12.2024;02:13;A 11;1;2;28;0;0;0;0;0;0;0;0;0;0;0;100;0;100;0;0;0;0;0;0;0;0;0;0;0;0;0;0;0;0
30.12.2024;02:12;A 11;1;2;10;0;0;0;0;0;0;0;0;0;0;0;100;0;100;0;0;0;0;0;0;0;0;0;0;0;0;0;0;0;0
30.12.2024;02:11;A 11;1;0;0;1;9;0;0;0;0;0;0;0;0;0;100;0;100;0;0;0;0;0;0;0;0;0;0;0;0;0;0;0;0
30.12.2024;02:10;A 11;1;1;8;0;0;0;0;2;4;0;0;0;0;0;100;0;100;0;0;0;0;0;0;2;25;0;0;1;9;0;0;0;0
30.12.2024;02:09;A 11;1;0;0;1;11;0;0;1;0;1;2;0;0;0;100;0;100;0;0;0;0;0;0;1;18;2;18;1;14;0;0;0;0
30.12.2024;02:08;A 11;1;0;0;0;0;0;0;0;0;0;0;0;0;0;100;0;100;0;0;0;0;0;0;0;0;0;0;0;0;0;0;0;0
30.12.2024;02:07;A 11;1;1;14;1;13;0;0;0;0;0;0;0;0;0;100;0;100;0;0;0;0;0;0;0;0;0;0;0;0;0;0;0;0
30.12.2024;02:06;A 11;1;0;0;1;9;0;0;0;0;0;0;0;0;0;100;0;100;0;0;0;0;0;0;0;0;0;0;0;0;0;0;0;0
30.12.2024;02:05;A 11;1;1;13;0;0;0;0;0;0;1;1;0;0;0;100;0;100;0;0;0;0;0;0;1;5;1;5;1;7;0;0;0;0
30.12.2024;02:04;A 11;1;0;0;0;0;0;0;0;0;1;1;0;0;0;100;0;100;0;0;0;0;0;0;1;9;1;10;1;13;0;0;0;0
30.12.2024;02:03;A 11;1;0;5;0;0;0;0;0;0;0;0;0;0;0;100;0;100;0;0;0;0;0;0;0;0;0;3;0;0;0;0;0;0
30.12.2024;02:02;A 11;1;1;8;0;0;0;0;0;0;1;2;0;0;0;100;0;100;0;0;0;0;0;0;1;12;1;10;1;12;0;0;0;0
30.12.2024;02:01;A 11;1;0;0;0;10;0;0;1;2;1;1;0;0;0;100;0;100;0;0;0;0;0;0;1;18;1;11;1;10;1;9;0;0
30.12.2024;02:00;A 11;1;1;4;1;2;0;0;0;0;0;0;0;0;0;100;0;100;0;0;0;0;0;0;0;0;0;0;0;0;0;0;0;0
30.12.2024;01:59;A 11;1;0;0;0;0;0;0;1;2;0;0;0;0;0;100;0;100;0;0;0;0;0;0;2;16;0;0;1;3;0;0;0;0
30.12.2024;01:58;A 11;1;1;15;0;0;0;0;1;1;2;3;0;0;0;100;0;100;0;0;0;0;0;0;3;41;3;28;4;37;0;0;0;0
30.12.2024;01:57;A 11;1;0;0;0;0;0;0;0;0;0;0;0;0;0;100;0;100;0;0;0;0;0;0;0;0;0;0;0;0;0;0;0;0
30.12.2024;01:56;A 11;1;3;17;0;0;0;0;0;0;0;0;0;0;0;100;0;100;0;0;0;0;0;0;0;0;0;0;0;0;0;0;0;0
30.12.2024;01:55;A 11;1;0;0;0;7;0;0;0;0;0;0;0;0;0;100;0;100;0;0;0;0;0;0;0;0;0;0;0;0;0;0;0;0
30.12.2024;01:54;A 11;1;0;0;1;0;0;0;0;0;1;2;0;0;0;100;0;100;0;0;0;0;0;0;1;12;1;11;1;8;0;0;0;0
30.12.2024;01:53;A 11;1;0;0;0;0;0;0;0;0;0;0;0;0;0;100;0;100;0;0;0;0;0;0;0;0;0;0;0;0;0;0;0;0
30.12.2024;01:52;A 11;1;0;0;0;0;0;0;1;1;2;3;0;0;0;100;0;100;0;0;0;0;0;0;5;23;3;18;4;24;0;0;0;0
30.12.2024;01:51;A 11;1;0;0;0;0;0;0;1;1;1;1;0;0;0;100;0;100;0;0;0;0;0;0;3;19;2;12;2;17;0;0;0;0
30.12.2024;01:50;A 11;1;1;12;0;0;1;0;0;0;2;3;0;0;0;100;0;100;0;0;0;0;0;0;2;21;3;22;2;15;0;0;0;0
30.12.2024;01:49;A 11;1;1;12;1;8;0;0;0;0;0;0;0;0;0;100;0;100;0;0;0;0;0;0;0;0;0;0;0;0;0;0;0;0
30.12.2024;01:48;A 11;1;1;12;1;6;0;0;1;2;0;0;0;0;0;100;0;100;0;0;0;0;0;0;2;17;0;0;0;0;0;0;0;0
30.12.2024;01:47;A 11;1;0;0;2;27;0;0;0;0;0;0;0;0;0;100;0;100;0;0;0;0;0;0;0;0;0;0;0;0;0;0;1;10
30.12.2024;01:46;A 11;1;0;0;0;0;0;0;0;0;0;0;0;0;0;100;0;100;0;0;0;0;0;0;0;0;0;0;0;0;0;0;0;0
30.12.2024;01:45;A 11;1;2;19;0;0;0;0;0;0;0;1;0;0;0;100;0;100;0;0;0;0;0;0;0;2;0;4;0;2;0;0;0;0
30.12.2024;01:44;A 11;1;4;20;0;0;0;0;0;0;4;2;0;0;0;100;0;100;0;0;0;0;0;0;4;19;3;20;3;25;0;0;0;0
30.12.2024;01:43;A 11;1;0;0;0;0;0;0;0;0;1;1;0;0;0;100;0;100;0;0;0;0;0;0;0;9;1;11;0;8;0;0;2;6
30.12.2024;01:42;A 11;1;3;21;1;3;0;0;2;2;0;0;0;0;0;100;0;100;0;0;0;0;0;0;3;24;0;0;3;5;0;0;0;0
30.12.2024;01:41;A 11;1;0;0;0;0;0;0;0;0;0;0;0;0;0;100;0;100;0;0;0;0;0;0;0;0;0;0;0;0;0;0;0;0
30.12.2024;01:40;A 11;1;0;0;0;0;0;0;0;0;0;0;0;0;0;100;0;100;0;0;0;0;0;0;0;0;0;0;0;0;0;0;0;0
30.12.2024;01:39;A 11;1;1;11;0;0;0;0;2;3;1;2;0;0;0;100;0;100;0;0;0;0;0;0;3;23;1;12;1;9;0;0;0;0
30.12.2024;01:38;A 11;1;3;21;1;4;0;0;1;1;1;1;0;0;0;100;0;100;0;0;0;0;0;0;2;14;1;6;4;9;0;0;0;0
30.12.2024;01:37;A 11;1;1;10;1;7;0;0;0;0;2;3;0;0;0;100;0;100;0;0;0;0;0;0;3;23;2;24;1;22;0;0;0;0
30.12.2024;01:36;A 11;1;1;13;1;1;0;0;1;2;0;0;0;0;0;100;0;100;0;0;0;0;0;0;1;18;0;0;1;6;0;0;0;0
30.12.2024;01:35;A 11;1;0;0;1;12;0;0;0;0;2;5;0;0;0;100;0;100;0;0;0;0;0;0;1;18;1;22;2;17;0;0;3;10
30.12.2024;01:34;A 11;1;0;0;1;8;0;0;0;0;0;0;0;0;0;100;0;100;0;0;0;0;0;0;0;0;0;0;0;0;0;0;0;0
30.12.2024;01:33;A 11;1;1;11;0;0;0;0;0;0;0;0;0;0;0;100;0;100;0;0;0;0;0;0;0;0;0;0;0;0;0;0;0;0
30.12.2024;01:32;A 11;1;0;0;1;6;0;0;1;1;0;0;0;0;0;100;0;100;0;0;0;0;0;0;1;12;0;0;0;0;0;0;0;0
30.12.2024;01:31;A 11;1;0;0;1;7;0;0;0;0;0;0;0;0;0;100;0;100;0;0;0;0;0;0;0;0;0;0;0;0;0;0;0;0
30.12.2024;01:30;A 11;1;0;0;0;0;0;0;1;0;1;1;0;0;0;100;0;100;0;0;0;0;0;0;2;7;2;7;1;5;0;0;0;0
30.12.2024;01:29;A 11;1;2;13;0;0;0;0;4;6;1;1;0;0;0;100;0;100;0;0;0;0;0;0;5;68;1;9;1;11;0;0;0;0
30.12.2024;01:28;A 11;1;0;0;0;0;0;0;0;0;0;0;0;0;0;100;0;100;0;0;0;0;0;0;0;0;0;17;0;0;0;0;0;0
30.12.2024;01:27;A 11;1;0;0;0;0;0;0;0;0;4;5;0;0;0;100;0;100;0;0;0;0;0;0;4;33;3;50;4;40;0;0;0;0
30.12.2024;01:26;A 11;1;1;8;1;13;0;0;1;1;1;2;0;0;0;100;0;100;0;0;0;0;0;0;2;28;1;12;1;14;0;0;0;0
30.12.2024;01:25;A 11;1;2;14;0;0;0;0;0;0;0;0;0;0;0;100;0;100;0;0;0;0;0;0;0;0;0;0;0;0;0;0;0;0
30.12.2024;01:24;A 11;1;1;16;1;32;0;0;1;1;2;3;0;0;0;100;0;100;0;0;0;0;0;0;1;33;2;18;3;19;0;0;0;0
30.12.2024;01:23;A 11;1;0;0;0;0;0;0;0;0;0;0;0;0;0;100;0;100;0;0;0;0;0;0;0;0;0;0;0;0;0;0;2;9
30.12.2024;01:22;A 11;1;1;14;1;13;0;0;0;0;0;0;0;0;0;100;0;100;0;0;0;0;0;0;0;0;0;0;0;0;0;0;0;0
30.12.2024;01:21;A 11;1;1;10;0;0;0;0;0;0;0;0;0;0;0;100;0;100;0;0;0;0;0;0;0;0;0;0;0;0;0;0;0;0
30.12.2024;01:20;A 11;1;2;22;0;5;0;0;0;0;1;1;0;0;0;100;0;100;0;0;0;0;0;0;1;6;1;6;2;10;0;0;0;0
30.12.2024;01:19;A 11;1;2;10;2;13;0;0;0;0;0;0;0;0;0;100;0;100;0;0;0;0;0;0;0;0;0;0;0;0;0;0;0;0
30.12.2024;01:18;A 11;1;1;4;2;8;0;0;1;1;0;0;0;0;0;100;0;100;0;0;0;0;0;0;1;10;0;0;1;1;0;0;0;0
30.12.2024;01:17;A 11;1;1;17;0;0;0;0;1;1;0;0;0;0;0;100;0;100;0;0;0;0;0;0;0;6;0;0;0;1;0;0;0;0
30.12.2024;01:16;A 11;1;0;0;0;0;0;0;0;0;1;1;0;0;0;100;0;100;0;0;0;0;0;0;2;20;1;9;3;19;1;8;0;0
30.12.2024;01:15;A 11;1;1;13;2;17;0;0;1;1;2;2;0;0;0;100;0;100;0;0;0;0;0;0;1;22;3;13;1;21;0;0;0;0
30.12.2024;01:14;A 11;1;3;56;0;0;0;0;4;4;3;2;0;0;0;100;0;100;0;0;0;0;0;0;2;39;3;15;2;20;1;7;0;0
30.12.2024;01:13;A 11;1;1;9;0;0;0;0;1;1;1;1;0;0;0;100;0;100;0;0;0;0;0;0;2;16;1;5;2;10;0;0;0;0
30.12.2024;01:12;A 11;1;0;0;0;0;0;0;1;1;1;1;0;0;0;100;0;100;0;0;0;0;0;0;1;12;1;10;1;10;0;0;0;0
30.12.2024;01:11;A 11;1;2;15;0;0;0;0;0;0;2;2;0;0;0;100;0;100;0;0;0;0;0;0;3;13;2;17;2;14;0;0;0;0
30.12.2024;01:10;A 11;1;0;0;1;13;0;0;0;0;0;0;0;0;0;100;0;100;0;0;0;0;0;0;0;0;0;0;0;0;0;0;0;0
30.12.2024;01:09;A 11;1;0;0;0;0;0;0;0;0;1;1;0;0;0;100;0;100;0;0;0;0;0;0;0;3;1;4;0;2;0;0;0;0
30.12.2024;01:08;A 11;1;1;20;0;0;0;0;1;2;0;0;0;0;0;100;0;100;0;0;0;0;0;0;2;22;1;3;3;6;0;0;0;0
30.12.2024;01:07;A 11;1;0;0;0;0;0;0;1;2;1;1;0;0;0;100;0;100;0;0;0;0;0;0;1;20;1;10;1;9;0;0;0;0
30.12.2024;01:06;A 11;1;4;25;3;12;0;0;2;3;0;0;0;0;0;100;0;100;0;0;0;0;0;0;3;26;0;3;0;0;0;0;0;0
30.12.2024;01:05;A 11;1;1;11;1;12;0;0;1;0;1;1;0;0;0;100;0;100;0;0;0;0;0;0;1;9;1;7;1;10;0;0;0;0
30.12.2024;01:04;A 11;1;1;11;1;16;0;0;0;0;1;1;0;0;0;100;0;100;0;0;0;0;0;0;0;3;0;4;0;3;0;0;0;0
30.12.2024;01:03;A 11;1;5;24;2;4;0;37;0;0;1;1;0;0;0;100;0;100;0;0;0;0;0;0;2;12;2;9;2;7;1;8;0;0
30.12.2024;01:02;A 11;1;1;8;0;0;1;6;1;2;0;0;0;0;0;100;0;100;0;0;0;0;0;0;1;17;0;0;0;0;0;0;0;0
30.12.2024;01:01;A 11;1;0;0;0;0;0;0;0;0;0;0;0;0;0;100;0;100;0;0;0;0;0;0;0;0;0;0;0;0;0;0;0;0
30.12.2024;01:00;A 11;1;0;0;1;13;0;0;1;1;0;0;0;0;0;100;0;100;0;0;0;0;0;0;1;14;0;0;1;1;0;0;0;0
