Datum;Uhrzeit;Bezeichnung;Intervall;V11Z;V11B;V12Z;V12B;V13Z;V13B;D21Z;D21B;V31Z;V31B;V32Z;V32B;V33Z;V33B;V41Z;V41B;V42Z;V42B;V43Z;V43B;T1-T2_Anf_32Z;T1-T2_Anf_32B;T3-T4_Anf_38Z;T3-T4_Anf_38B;V14Z;V14B;V40Z;V40B;T5-T6_Anf_31Z;T5-T6_Anf_31B
07.03.2024;01:00;A181;1;0;0;1;1;1;2;0;100;0;0;0;0;0;0;0;0;0;0;0;0;0;0;0;0;0;0;0;0;0;0
07.03.2024;00:59;A181;1;0;0;0;0;0;0;0;100;0;0;2;5;3;21;0;0;0;0;0;0;0;0;0;0;0;0;0;0;0;0
07.03.2024;00:58;A181;1;0;0;0;0;0;0;0;100;0;0;0;0;0;0;1;1;0;0;0;0;0;0;0;0;1;2;0;0;0;0
07.03.2024;00:57;A181;1;0;0;1;4;0;0;0;100;0;0;0;0;0;0;0;0;0;0;0;0;0;0;0;0;0;0;0;0;0;0
07.03.2024;00:56;A181;1;0;0;0;0;0;0;0;100;1;2;0;0;0;0;0;0;0;72;1;1;0;0;0;0;0;0;0;0;0;0
07.03.2024;00:55;A181;1;0;0;0;0;0;0;0;100;0;0;0;0;1;3;0;0;1;3;0;0;0;0;0;0;1;3;0;0;0;0
07.03.2024;00:54;A181;1;0;0;0;0;0;0;0;100;0;0;0;0;0;0;0;0;0;0;0;0;0;0;0;0;0;0;0;0;0;0
07.03.2024;00:53;A181;1;0;0;1;2;0;0;0;100;0;0;0;0;1;2;0;0;0;0;0;0;0;0;0;0;0;0;0;0;0;0
07.03.2024;00:52;A181;1;0;0;1;1;0;0;0;100;0;0;0;0;0;0;0;0;0;0;0;0;0;0;0;0;0;0;0;0;0;0
07.03.2024;00:51;A181;1;0;0;0;0;0;0;0;100;0;0;0;0;0;0;0;0;0;0;0;0;0;0;0;0;0;0;0;0;0;0
07.03.2024;00:50;A181;1;0;0;1;2;0;0;0;100;0;0;0;0;0;0;0;0;0;0;0;0;0;0;0;0;0;0;0;0;0;0
07.03.2024;00:49;A181;1;0;0;0;0;0;0;0;100;0;0;0;0;0;0;0;0;0;0;0;0;0;0;0;0;0;0;0;0;0;0
07.03.2024;00:48;A181;1;0;0;0;0;0;0;0;100;0;0;0;0;1;3;0;0;0;0;1;6;0;0;0;0;1;1;0;0;0;0
07.03.2024;00:47;A181;1;0;0;0;0;0;0;0;100;0;0;0;0;0;0;1;10;0;0;0;0;0;0;0;0;1;2;1;2;0;0
07.03.2024;00:46;A181;1;0;0;0;0;0;0;0;100;0;0;0;0;0;0;0;0;0;0;0;0;0;0;0;0;1;1;0;0;0;0
07.03.2024;00:45;A181;1;0;0;1;1;0;0;0;100;0;0;0;0;0;0;0;0;0;0;0;0;0;0;0;0;0;0;0;0;0;0
07.03.2024;00:44;A181;1;0;0;0;0;0;0;0;100;0;0;0;0;1;2;0;0;0;0;0;0;0;0;0;0;0;0;0;0;0;0
07.03.2024;00:43;A181;1;0;0;0;0;0;0;0;100;0;0;0;0;1;4;1;1;0;0;0;0;0;0;0;0;0;0;0;0;0;0
07.03.2024;00:42;A181;1;0;0;0;0;0;0;0;100;0;0;0;0;0;0;1;22;0;0;1;12;0;0;0;0;0;0;0;0;0;0
07.03.2024;00:41;A181;1;0;0;0;0;0;0;0;100;0;0;3;5;3;5;1;2;0;0;0;0;0;0;0;0;0;0;0;0;0;0
07.03.2024;00:40;A181;1;0;0;1;3;0;0;0;100;0;0;1;2;1;2;0;0;0;0;0;0;0;0;0;0;1;2;0;0;0;0
07.03.2024;00:39;A181;1;0;0;0;0;0;0;0;100;0;0;0;0;0;0;0;0;1;37;0;0;0;0;0;0;0;0;0;0;0;0
07.03.2024;00:38;A181;1;0;0;0;0;0;0;0;100;0;0;0;0;0;2;1;1;0;0;0;0;0;0;0;0;0;0;0;0;0;0
07.03.2024;00:37;A181;1;0;0;0;0;0;0;0;100;0;0;1;3;1;3;0;0;0;0;0;0;0;0;0;0;0;0;0;0;0;0
07.03.2024;00:36;A181;1;0;0;0;0;0;0;0;100;0;0;2;4;2;4;2;2;1;34;1;2;0;0;0;0;0;0;0;0;0;0
07.03.2024;00:35;A181;1;0;0;0;0;0;0;0;100;0;0;0;0;1;2;0;0;0;0;0;0;0;0;0;0;0;0;0;0;0;0
07.03.2024;00:34;A181;1;0;0;1;3;0;0;0;100;0;0;1;3;2;5;0;0;0;0;0;0;0;0;0;0;0;0;0;0;0;0
07.03.2024;00:33;A181;1;0;0;2;3;1;2;0;100;0;0;0;0;0;0;0;0;0;0;1;3;0;0;0;0;0;0;0;0;0;0
07.03.2024;00:32;A181;1;0;0;2;3;0;0;0;100;0;0;1;1;1;2;0;0;0;0;0;0;0;0;0;0;1;1;0;0;0;0
07.03.2024;00:31;A181;1;0;0;1;0;0;0;0;100;0;0;0;0;0;0;0;0;0;0;0;0;1;3;0;0;0;0;0;0;0;0
07.03.2024;00:30;A181;1;1;1;1;1;0;0;0;100;0;0;0;0;0;0;0;24;0;0;0;0;0;0;0;0;0;0;0;0;0;0
07.03.2024;00:29;A181;1;0;0;0;0;0;0;0;100;0;0;0;0;0;0;2;20;0;0;0;0;0;0;0;0;0;0;0;0;0;0
07.03.2024;00:28;A181;1;0;0;0;0;0;0;0;100;0;0;0;0;0;0;0;0;0;0;0;0;0;0;0;0;0;0;0;0;0;0
07.03.2024;00:27;A181;1;0;0;0;0;0;0;0;100;0;0;0;0;0;0;1;1;0;0;0;0;0;0;0;0;0;0;0;0;0;0
07.03.2024;00:26;A181;1;1;2;1;1;0;0;0;100;0;0;0;0;0;0;2;26;0;0;0;0;0;0;0;0;0;0;0;0;0;0
07.03.2024;00:25;A181;1;0;0;0;0;0;0;0;100;0;0;1;3;1;1;1;1;0;0;0;0;0;0;0;0;0;0;1;2;0;0
07.03.2024;00:24;A181;1;0;0;2;3;0;0;0;100;0;0;0;0;0;0;0;0;0;0;1;1;0;0;0;0;0;0;0;0;0;0
07.03.2024;00:23;A181;1;0;0;0;0;0;0;0;100;0;0;1;2;1;4;2;2;1;1;0;0;0;0;0;0;0;0;0;0;0;0
07.03.2024;00:22;A181;1;1;1;0;0;0;0;0;100;0;0;1;2;1;2;0;0;1;4;0;0;1;2;0;0;0;0;0;0;0;0
07.03.2024;00:21;A181;1;0;0;0;0;0;0;0;100;0;0;0;0;1;2;0;0;0;0;0;0;0;0;0;0;0;0;0;0;0;0
07.03.2024;00:20;A181;1;0;0;1;1;0;0;0;100;0;0;0;0;0;0;1;1;1;2;0;0;0;0;0;0;0;0;0;0;0;0
07.03.2024;00:19;A181;1;0;0;0;0;0;0;0;100;0;0;1;1;1;1;0;5;0;0;0;0;0;0;0;0;0;0;0;0;0;0
07.03.2024;00:18;A181;1;0;0;1;1;0;0;0;100;0;0;0;0;0;0;1;38;0;0;1;1;0;0;0;0;0;0;0;0;0;0
07.03.2024;00:17;A181;1;0;0;1;2;2;19;0;100;0;0;0;0;0;0;0;0;2;2;0;0;0;0;1;2;1;4;0;0;0;0
07.03.2024;00:16;A181;1;0;0;2;1;1;2;0;100;0;0;0;0;0;0;2;3;0;0;0;0;0;0;0;0;1;1;0;0;0;0
07.03.2024;00:15;A181;1;0;0;1;2;0;0;0;100;0;0;1;2;1;3;2;2;0;0;0;0;0;0;0;0;0;0;0;0;0;0
07.03.2024;00:14;A181;1;0;0;1;2;0;0;0;100;0;0;0;0;0;0;0;0;0;0;0;0;0;0;0;0;0;0;0;0;0;0
07.03.2024;00:13;A181;1;0;0;0;0;0;0;0;100;0;0;0;0;1;2;0;0;0;0;0;0;0;0;0;0;0;0;0;0;0;0
07.03.2024;00:12;A181;1;0;0;1;2;0;2;0;100;0;0;2;4;3;6;0;0;0;0;0;0;0;0;0;0;0;0;0;0;0;0
07.03.2024;00:11;A181;1;0;0;2;2;3;7;0;100;0;0;0;0;1;2;0;0;0;0;1;45;0;0;0;0;0;0;0;0;0;0
07.03.2024;00:10;A181;1;0;0;1;2;0;0;0;100;0;0;0;0;1;3;0;0;0;0;0;0;0;0;0;0;0;0;0;0;0;0
07.03.2024;00:09;A181;1;0;0;0;0;0;0;0;100;0;0;1;3;1;2;1;2;0;0;0;0;0;0;0;0;0;0;0;0;0;0
07.03.2024;00:08;A181;1;0;0;1;1;0;0;0;100;0;0;0;0;0;0;1;4;1;1;0;0;0;0;0;0;0;0;0;0;0;0
07.03.2024;00:07;A181;1;0;0;1;2;0;0;0;100;0;0;1;2;1;1;0;0;0;0;0;0;0;0;0;0;0;0;0;0;0;0
07.03.2024;00:06;A181;1;0;0;2;3;1;2;0;100;0;0;0;0;0;0;1;17;0;0;1;24;0;0;0;0;1;4;0;0;0;0
07.03.2024;00:05;A181;1;0;0;0;0;0;0;0;100;0;0;0;0;1;3;2;7;0;0;0;6;0;0;0;0;0;0;0;0;0;0
07.03.2024;00:04;A181;1;0;0;1;2;0;0;0;100;0;0;0;0;0;0;2;11;0;0;1;31;0;0;0;0;0;0;2;3;0;0
07.03.2024;00:03;A181;1;0;0;0;0;0;0;0;100;0;0;0;0;1;3;0;0;0;0;1;31;0;0;0;0;0;0;0;0;0;0
07.03.2024;00:02;A181;1;0;0;0;0;0;0;0;100;1;1;1;2;1;1;2;15;0;0;1;16;2;11;0;0;0;0;1;2;0;0
07.03.2024;00:01;A181;1;0;0;0;0;0;0;0;100;0;0;1;1;2;3;1;87;0;0;1;28;0;0;0;0;0;0;0;0;0;0
07.03.2024;00:00;A181;1;0;0;1;1;1;14;0;100;0;0;0;0;1;3;0;0;0;0;0;0;0;0;0;0;0;0;0;0;0;0
06.03.2024;23:59;A181;1;0;0;0;0;1;2;0;100;0;0;0;0;0;0;0;0;0;0;0;0;0;0;0;0;0;0;0;0;0;0
06.03.2024;23:58;A181;1;0;0;1;2;0;0;0;100;0;0;2;5;2;4;0;0;0;0;0;0;0;0;0;0;0;0;0;0;0;0
06.03.2024;23:57;A181;1;0;0;0;0;0;0;0;100;0;0;1;2;1;2;1;41;0;0;0;0;0;0;0;0;0;0;0;0;0;0
06.03.2024;23:56;A181;1;1;1;1;1;1;1;0;100;0;0;0;0;0;0;1;0;0;0;0;0;0;0;0;0;0;0;0;0;0;0
06.03.2024;23:55;A181;1;0;0;0;0;0;0;0;100;0;0;2;3;2;6;1;1;0;0;0;0;0;0;0;0;2;3;0;0;0;0
06.03.2024;23:54;A181;1;0;0;2;3;1;5;0;100;0;0;0;0;0;0;0;0;0;0;0;1;0;0;0;0;0;0;0;0;0;0
06.03.2024;23:53;A181;1;0;0;4;19;1;3;0;100;0;0;0;0;0;0;1;1;1;23;1;50;0;0;0;0;0;0;0;0;0;0
06.03.2024;23:52;A181;1;0;0;0;0;0;0;0;100;0;0;0;0;0;0;0;13;0;0;0;0;0;0;0;0;0;0;0;0;0;0
06.03.2024;23:51;A181;1;0;0;0;0;0;0;0;100;0;0;0;0;0;0;2;32;0;0;0;0;0;0;0;0;0;0;0;0;0;0
06.03.2024;23:50;A181;1;0;0;0;0;0;0;0;100;0;0;0;0;0;0;0;0;1;1;0;0;0;0;0;0;0;0;0;0;0;0
06.03.2024;23:49;A181;1;0;0;1;2;0;0;0;100;0;0;0;0;0;0;3;21;1;37;1;2;0;0;0;0;1;2;0;0;0;0
06.03.2024;23:48;A181;1;0;0;0;0;1;4;0;100;0;0;1;3;2;3;0;0;0;0;0;0;0;0;0;0;0;0;0;0;0;0
06.03.2024;23:47;A181;1;0;0;1;1;1;1;0;100;0;0;0;0;0;0;1;29;0;0;1;5;2;3;0;0;1;1;0;0;0;0
06.03.2024;23:46;A181;1;0;0;0;0;0;0;0;100;0;0;0;0;0;0;0;0;0;0;0;0;0;0;0;0;0;0;0;0;0;0
06.03.2024;23:45;A181;1;0;0;2;2;2;3;0;100;0;0;1;2;1;1;0;0;0;0;0;0;0;0;0;0;0;0;0;0;0;0
06.03.2024;23:44;A181;1;0;0;0;0;0;0;0;100;0;0;0;0;0;0;1;1;0;0;0;0;0;0;0;0;0;0;0;0;0;0
06.03.2024;23:43;A181;1;0;0;0;0;1;2;0;100;0;0;0;0;0;0;0;0;0;0;0;0;0;0;0;0;0;0;0;0;0;0
06.03.2024;23:42;A181;1;0;0;1;1;0;0;0;100;0;0;1;1;0;0;0;0;0;0;0;0;0;0;0;0;0;0;1;2;0;0
06.03.2024;23:41;A181;1;0;0;1;2;0;0;0;100;0;0;1;1;2;3;0;0;0;0;0;0;0;0;0;0;0;0;0;0;0;0
06.03.2024;23:40;A181;1;0;0;2;4;0;0;0;100;0;0;0;0;1;2;0;2;0;0;0;0;0;0;0;0;1;1;0;0;0;0
06.03.2024;23:39;A181;1;0;0;1;1;1;2;0;100;0;0;2;4;2;3;2;25;0;0;0;0;0;0;0;0;0;0;0;0;0;0
06.03.2024;23:38;A181;1;0;0;0;0;0;0;0;100;0;0;2;5;3;9;1;13;0;0;0;0;0;0;0;0;0;0;1;3;0;0
06.03.2024;23:37;A181;1;0;0;0;0;0;0;0;100;0;0;1;4;2;5;0;0;0;18;0;0;0;0;0;0;0;0;0;0;0;0
06.03.2024;23:36;A181;1;0;0;2;2;0;0;0;100;0;0;2;5;2;5;0;0;1;21;1;29;1;3;0;0;0;0;0;0;0;0
06.03.2024;23:35;A181;1;0;0;2;2;1;1;0;100;0;0;1;3;2;5;0;0;1;1;1;16;0;0;0;0;0;0;0;0;0;0
06.03.2024;23:34;A181;1;0;0;1;1;0;0;0;100;0;0;1;1;2;5;0;0;0;0;0;0;0;0;0;0;0;0;0;0;0;0
06.03.2024;23:33;A181;1;0;0;0;0;0;0;0;100;0;0;0;0;0;0;1;17;0;0;0;0;0;0;0;0;1;2;0;0;0;0
06.03.2024;23:32;A181;1;0;0;3;23;0;0;0;100;0;0;2;4;2;5;0;0;0;0;0;0;0;0;0;0;0;0;0;0;0;0
06.03.2024;23:31;A181;1;0;0;2;23;2;12;0;100;0;0;0;0;0;0;1;37;0;0;0;0;0;0;0;0;0;0;0;0;0;0
06.03.2024;23:30;A181;1;0;0;3;9;2;15;0;100;0;0;0;0;1;3;1;7;1;1;0;0;0;0;0;0;0;0;0;0;0;0
06.03.2024;23:29;A181;1;0;0;2;3;0;0;0;100;0;0;0;0;0;0;0;0;0;0;0;0;0;0;0;0;1;2;0;0;0;0
06.03.2024;23:28;A181;1;0;0;0;0;0;0;0;100;0;0;2;3;2;3;1;1;0;0;0;1;0;0;0;0;0;0;0;0;0;0
06.03.2024;23:27;A181;1;0;0;1;1;0;0;0;100;0;0;0;0;0;0;2;45;2;40;2;4;0;0;0;0;2;3;0;0;0;0
06.03.2024;23:26;A181;1;1;1;2;30;2;3;0;100;0;0;1;1;2;4;0;0;0;0;0;0;0;0;0;0;2;3;0;0;0;0
06.03.2024;23:25;A181;1;0;0;2;35;0;0;0;100;0;0;1;3;1;2;2;35;1;29;1;26;0;0;0;0;0;0;1;3;0;0
06.03.2024;23:24;A181;1;0;0;0;0;0;0;0;100;0;0;2;3;2;4;1;5;0;12;1;26;0;0;0;0;0;0;0;0;0;0
06.03.2024;23:23;A181;1;1;1;1;2;0;0;0;100;0;0;0;0;0;0;1;24;1;3;0;0;0;0;0;0;1;5;0;0;0;0
06.03.2024;23:22;A181;1;1;1;0;0;0;0;0;100;0;0;1;1;1;2;1;27;0;0;0;0;1;1;0;0;1;2;0;0;0;0
06.03.2024;23:21;A181;1;0;0;1;2;1;2;0;100;0;0;2;6;3;11;1;30;1;11;0;0;0;0;0;0;0;0;0;0;0;0
06.03.2024;23:20;A181;1;0;0;0;6;0;0;0;100;0;0;4;8;1;3;0;0;0;0;0;0;0;0;0;0;1;1;0;0;0;0
06.03.2024;23:19;A181;1;0;0;4;9;0;0;0;100;0;0;0;0;0;0;1;17;0;0;0;0;0;0;0;0;0;0;0;0;0;0
06.03.2024;23:18;A181;1;0;0;1;1;3;15;0;100;0;0;1;2;1;2;1;1;0;0;3;14;0;0;0;0;0;0;0;0;0;0
06.03.2024;23:17;A181;1;0;0;1;1;1;2;0;100;0;0;1;2;0;0;0;0;1;1;0;0;0;0;0;0;1;1;0;0;0;0
06.03.2024;23:16;A181;1;0;0;1;1;0;0;0;100;0;0;0;0;0;0;2;11;0;0;1;21;0;0;0;0;0;0;0;0;0;0
06.03.2024;23:15;A181;1;0;0;2;41;1;1;0;100;0;0;0;0;0;0;1;1;0;0;0;0;0;0;0;0;1;1;1;2;0;0
06.03.2024;23:14;A181;1;0;0;3;17;1;10;0;100;0;0;0;0;1;1;1;1;0;0;0;0;0;0;0;0;0;0;0;0;0;0
06.03.2024;23:13;A181;1;0;0;1;1;0;0;0;100;0;0;1;4;4;7;1;1;1;1;1;1;0;0;0;0;1;2;3;6;0;0
06.03.2024;23:12;A181;1;0;0;1;1;1;4;0;100;0;0;3;7;4;8;1;1;0;0;0;0;0;0;0;0;1;2;0;0;0;0
06.03.2024;23:11;A181;1;0;0;2;2;1;1;0;100;0;0;3;7;3;8;0;4;0;0;0;0;0;0;0;0;0;0;0;0;0;0
06.03.2024;23:10;A181;1;1;2;2;5;0;0;0;100;0;0;0;3;3;5;3;57;1;1;0;0;0;0;0;0;0;0;0;0;0;0
06.03.2024;23:09;A181;1;1;2;1;1;1;2;0;100;0;0;3;4;3;6;2;19;0;0;0;0;0;0;0;0;1;7;1;2;0;0
06.03.2024;23:08;A181;1;0;0;2;82;1;1;0;100;0;0;1;3;1;4;1;20;0;13;0;16;0;0;0;0;1;2;1;2;0;0
06.03.2024;23:07;A181;1;1;1;4;5;1;3;0;100;0;0;1;2;1;2;1;99;1;75;1;60;0;0;0;0;1;2;0;0;0;0
06.03.2024;23:06;A181;1;0;0;0;0;0;0;0;100;0;0;5;12;4;12;1;3;0;0;0;0;0;0;0;0;0;0;1;1;0;0
06.03.2024;23:05;A181;1;0;0;2;5;0;0;0;100;0;0;1;4;1;6;2;2;0;0;0;0;0;0;1;2;1;2;0;0;0;0
06.03.2024;23:04;A181;1;0;0;2;3;3;14;0;100;0;0;2;6;3;11;3;5;0;0;1;2;0;0;0;0;1;1;0;0;0;0
06.03.2024;23:03;A181;1;0;0;4;7;1;3;0;100;0;0;2;8;2;5;1;1;1;1;0;0;0;0;0;0;3;7;0;0;0;0
06.03.2024;23:02;A181;1;0;0;1;2;1;4;0;100;0;0;2;3;3;3;2;20;1;18;2;19;0;0;0;0;1;2;0;0;0;0
06.03.2024;23:01;A181;1;0;0;3;4;1;2;0;100;0;0;1;2;1;1;0;0;0;0;1;3;0;0;0;0;0;0;2;3;0;0
06.03.2024;23:00;A181;1;0;0;1;2;0;0;0;100;0;0;1;2;1;2;0;0;0;0;0;0;0;0;0;0;1;3;0;0;0;0
06.03.2024;22:59;A181;1;1;1;2;7;3;9;0;100;0;0;1;2;1;2;1;9;1;19;1;5;0;0;0;0;0;0;1;4;0;0
06.03.2024;22:58;A181;1;0;0;3;7;0;0;0;100;0;0;2;4;2;3;2;24;1;2;1;16;0;0;1;3;0;0;0;0;0;0
06.03.2024;22:57;A181;1;1;2;1;1;0;0;0;100;0;0;1;1;2;4;3;4;1;1;1;1;0;0;0;0;1;1;0;0;0;0
06.03.2024;22:56;A181;1;0;0;0;0;0;0;0;100;0;0;1;3;3;5;0;0;0;0;0;0;0;0;0;0;1;2;0;0;0;0
06.03.2024;22:55;A181;1;0;0;1;2;0;0;0;100;0;0;3;5;4;7;0;0;0;0;0;19;0;0;0;0;0;0;0;0;0;0
06.03.2024;22:54;A181;1;0;0;3;8;1;3;0;100;0;0;0;0;1;1;4;5;0;0;1;4;0;0;0;0;0;0;1;1;0;0
06.03.2024;22:53;A181;1;0;0;2;2;2;3;0;100;0;0;0;0;1;3;1;35;0;0;0;0;0;0;1;2;1;2;0;0;0;0
06.03.2024;22:52;A181;1;0;0;0;0;0;0;0;100;0;0;0;0;0;0;2;69;1;33;1;1;0;0;0;0;0;0;0;0;0;0
06.03.2024;22:51;A181;1;0;0;1;2;0;0;0;100;0;0;4;11;3;9;2;2;2;24;0;0;0;0;1;2;0;0;0;0;0;0
06.03.2024;22:50;A181;1;1;2;4;6;1;3;0;100;0;0;0;0;0;0;3;24;0;0;0;0;0;0;0;0;0;0;1;2;0;0
06.03.2024;22:49;A181;1;0;0;2;3;1;1;0;100;0;0;2;7;7;14;1;45;1;2;0;0;0;0;0;0;1;2;0;0;0;0
06.03.2024;22:48;A181;1;1;2;3;6;1;1;0;100;0;0;0;2;3;10;3;42;3;37;1;30;0;0;0;0;2;4;0;0;0;0
06.03.2024;22:47;A181;1;0;0;0;0;0;0;0;100;0;0;3;6;4;6;2;5;1;1;0;0;0;0;0;0;0;1;0;0;0;0
06.03.2024;22:46;A181;1;0;0;4;6;2;14;0;100;0;0;1;1;2;4;1;1;2;3;0;0;0;0;0;0;1;1;0;0;0;0
06.03.2024;22:45;A181;1;0;0;0;0;0;0;0;100;0;0;0;0;0;0;1;2;0;0;1;12;1;2;0;0;1;5;2;2;0;0
06.03.2024;22:44;A181;1;0;0;4;14;1;2;0;100;0;0;0;0;1;2;1;18;1;2;0;0;2;3;0;0;0;0;0;0;0;0
06.03.2024;22:43;A181;1;1;2;3;10;0;0;0;100;0;0;2;2;1;2;3;49;2;15;0;0;1;2;0;0;0;0;0;0;0;0
06.03.2024;22:42;A181;1;1;2;4;6;1;13;0;100;0;0;0;0;1;3;1;35;1;7;0;0;0;0;0;0;1;3;2;3;0;0
06.03.2024;22:41;A181;1;0;1;2;61;0;0;0;100;0;0;0;0;1;1;3;9;0;0;0;0;0;0;0;0;0;0;0;0;0;0
06.03.2024;22:40;A181;1;1;1;3;11;1;1;0;100;0;0;1;3;2;6;4;12;1;2;0;0;0;0;0;0;1;1;0;0;0;0
06.03.2024;22:39;A181;1;0;0;4;5;2;3;0;100;0;0;1;1;1;2;2;16;0;0;0;0;0;0;0;0;1;1;0;0;0;0
06.03.2024;22:38;A181;1;0;0;2;3;0;0;0;100;0;0;0;0;2;3;1;45;2;14;0;0;0;0;0;0;0;0;1;1;0;0
06.03.2024;22:37;A181;1;0;0;1;1;0;6;0;100;0;0;1;1;1;2;1;1;2;11;0;0;0;0;0;0;0;0;1;4;0;0
06.03.2024;22:36;A181;1;1;2;3;4;1;21;0;100;0;0;1;4;2;10;1;25;0;0;0;0;0;0;0;0;0;0;0;0;0;0
06.03.2024;22:35;A181;1;0;0;0;0;1;5;0;100;0;0;1;2;1;1;2;2;3;12;0;0;0;0;0;0;0;0;0;0;0;0
06.03.2024;22:34;A181;1;1;1;2;4;2;4;0;100;0;0;0;0;0;0;2;2;0;0;2;4;0;0;0;0;0;0;0;0;0;0
06.03.2024;22:33;A181;1;0;0;3;11;1;10;0;100;0;0;1;2;3;8;1;46;1;1;1;1;0;0;0;0;2;2;0;0;0;0
06.03.2024;22:32;A181;1;0;0;3;4;2;23;0;100;0;0;1;1;3;7;2;33;1;35;0;0;0;0;0;0;0;0;0;0;0;0
06.03.2024;22:31;A181;1;0;0;2;4;2;3;0;100;0;0;2;10;2;19;0;0;0;0;0;0;0;0;0;0;1;2;0;0;0;0
06.03.2024;22:30;A181;1;1;1;5;49;2;40;0;100;0;0;1;2;1;2;1;1;1;33;0;0;0;0;0;0;1;1;0;0;0;0
06.03.2024;22:29;A181;1;1;2;1;3;0;0;0;100;0;0;1;2;1;2;3;7;2;2;2;2;0;0;0;0;1;1;0;0;0;0
06.03.2024;22:28;A181;1;0;0;3;9;1;7;0;100;0;0;2;2;2;3;5;10;1;1;0;0;1;1;0;0;0;0;0;0;0;0
06.03.2024;22:27;A181;1;0;0;1;1;0;0;0;100;0;0;1;2;3;6;1;1;0;0;0;0;0;0;0;0;0;0;0;0;0;0
06.03.2024;22:26;A181;1;1;4;4;7;0;0;0;100;0;0;0;0;0;0;1;25;1;16;0;0;0;0;0;0;0;0;0;0;0;0
06.03.2024;22:25;A181;1;0;0;2;4;0;0;0;100;0;0;1;2;3;7;1;52;1;1;1;1;0;0;1;1;0;0;0;0;0;0
06.03.2024;22:24;A181;1;0;0;1;2;2;7;0;100;0;0;2;1;3;7;2;12;1;1;0;0;0;0;0;0;2;5;0;0;0;0
06.03.2024;22:23;A181;1;0;0;2;4;0;0;0;100;0;0;1;2;2;5;1;44;0;46;0;0;0;0;1;1;0;0;1;4;0;0
06.03.2024;22:22;A181;1;0;0;1;1;0;0;0;100;0;0;1;1;2;4;0;0;1;2;2;3;0;0;0;0;2;3;1;1;0;0
06.03.2024;22:21;A181;1;0;0;0;26;0;0;0;100;0;0;4;7;6;11;4;4;1;1;1;2;0;0;0;0;0;0;0;0;0;0
06.03.2024;22:20;A181;1;0;0;4;18;1;3;0;100;0;0;1;2;2;3;1;1;0;0;0;0;0;0;0;0;2;5;0;0;0;0
06.03.2024;22:19;A181;1;0;0;1;1;0;0;0;100;0;0;0;0;0;0;3;48;0;0;0;0;0;0;0;0;1;2;0;0;0;0
06.03.2024;22:18;A181;1;0;0;1;1;1;1;0;100;0;0;6;7;3;4;1;27;0;0;0;0;3;5;0;0;1;3;1;2;0;0
06.03.2024;22:17;A181;1;0;0;2;2;2;24;0;100;0;0;3;6;3;6;1;30;2;2;1;1;0;0;0;0;0;0;0;0;0;0
06.03.2024;22:16;A181;1;0;0;3;3;1;1;0;100;0;0;0;0;1;3;3;2;1;1;1;1;1;1;0;0;1;2;0;0;0;0
06.03.2024;22:15;A181;1;2;2;3;3;3;4;0;100;0;0;2;5;3;20;3;23;0;0;1;2;0;0;0;0;1;2;0;0;0;0
06.03.2024;22:14;A181;1;0;0;4;5;2;6;0;100;0;0;4;5;3;4;1;52;0;0;0;0;2;4;0;0;0;0;0;4;1;1
06.03.2024;22:13;A181;1;0;0;3;3;0;0;0;100;0;0;2;2;2;4;2;54;0;0;0;0;2;2;0;0;0;0;1;9;0;0
06.03.2024;22:12;A181;1;0;0;3;37;0;0;0;100;0;0;3;10;4;52;1;1;0;26;0;0;0;0;0;0;1;2;0;0;0;0
06.03.2024;22:11;A181;1;1;2;2;3;1;10;0;100;0;0;1;1;3;5;3;33;2;14;1;1;0;0;1;3;0;0;0;0;0;0
06.03.2024;22:10;A181;1;0;0;5;9;3;6;0;100;0;0;2;3;2;4;3;16;3;40;0;0;0;0;0;0;5;7;0;0;0;0
06.03.2024;22:09;A181;1;0;0;5;26;2;6;0;100;0;0;1;1;3;5;0;0;0;0;0;0;2;2;1;1;0;0;0;0;0;0
06.03.2024;22:08;A181;1;0;0;5;32;0;0;0;100;0;0;1;2;2;7;2;2;0;0;0;0;1;1;1;1;0;0;0;0;0;0
06.03.2024;22:07;A181;1;3;4;5;7;5;9;0;100;0;0;0;0;0;0;6;62;2;55;0;0;0;0;0;0;0;0;0;0;0;0
06.03.2024;22:06;A181;1;0;0;2;37;0;0;0;100;0;0;1;3;2;5;0;0;0;0;0;0;0;0;0;0;0;0;0;0;0;0
06.03.2024;22:05;A181;1;0;0;4;8;1;1;0;100;0;0;5;9;4;15;4;4;1;1;1;1;0;0;0;0;3;4;0;0;0;0
06.03.2024;22:04;A181;1;0;0;2;5;1;2;0;100;1;0;3;3;2;3;3;39;1;7;1;0;0;0;0;0;2;2;0;0;0;0
06.03.2024;22:03;A181;1;0;0;5;8;0;0;0;100;0;0;0;0;0;0;1;1;0;0;1;32;0;0;0;0;3;6;0;0;0;0
06.03.2024;22:02;A181;1;1;4;1;2;1;35;0;100;0;0;0;0;0;0;0;0;1;1;2;3;0;0;0;0;2;3;1;2;0;0
06.03.2024;22:01;A181;1;1;2;0;67;1;50;0;100;0;0;2;5;2;5;2;33;1;1;1;32;0;0;0;0;1;2;0;0;0;0
06.03.2024;22:00;A181;1;0;0;3;11;1;28;0;100;0;0;1;1;4;8;1;1;0;0;1;11;0;0;0;0;1;1;1;6;0;0
06.03.2024;21:59;A181;1;0;0;3;5;0;0;0;100;0;0;1;2;3;9;2;2;0;0;0;0;0;0;0;0;0;0;0;0;0;0
06.03.2024;21:58;A181;1;0;0;4;9;1;2;0;100;0;0;1;2;1;2;3;3;1;1;0;0;0;0;0;0;2;3;0;0;0;0
06.03.2024;21:57;A181;1;0;0;4;4;0;0;0;100;0;0;2;3;3;6;2;2;1;1;1;1;0;0;0;0;2;2;1;18;0;0
06.03.2024;21:56;A181;1;0;0;0;0;0;0;0;100;0;0;0;0;0;0;2;2;0;0;0;0;0;0;0;0;1;1;0;0;0;0
06.03.2024;21:55;A181;1;1;1;2;4;0;0;0;100;0;0;0;0;0;0;1;8;0;0;0;0;1;3;0;0;1;1;0;0;0;0
06.03.2024;21:54;A181;1;0;0;3;24;0;17;0;100;0;0;3;6;2;7;1;33;1;1;1;4;1;2;0;0;0;0;0;0;0;0
06.03.2024;21:53;A181;1;0;0;4;18;1;16;0;100;0;0;1;2;4;9;1;34;0;0;0;0;0;0;0;0;1;1;0;0;2;7
06.03.2024;21:52;A181;1;1;1;1;1;0;0;0;100;0;0;1;2;1;1;2;34;0;0;1;2;0;0;0;0;0;0;0;0;0;0
06.03.2024;21:51;A181;1;0;0;1;1;1;4;0;100;0;0;0;0;0;0;5;39;1;41;1;43;0;0;1;1;1;1;0;0;0;0
06.03.2024;21:50;A181;1;0;0;0;0;0;0;0;100;0;0;0;0;1;3;2;2;2;2;3;42;0;0;0;0;0;0;0;0;0;0
06.03.2024;21:49;A181;1;1;2;4;13;1;2;0;100;0;0;3;6;5;10;3;27;0;0;2;32;0;0;0;0;0;0;0;0;0;0
06.03.2024;21:48;A181;1;0;0;2;2;3;10;0;100;0;0;1;2;2;6;3;3;2;2;1;1;0;0;0;0;2;3;0;0;0;0
06.03.2024;21:47;A181;1;0;0;2;3;0;0;0;100;0;0;0;0;0;0;3;4;2;2;2;4;0;0;0;0;2;3;0;0;0;0
06.03.2024;21:46;A181;1;0;0;2;2;2;8;0;100;0;0;0;0;4;7;0;0;0;0;2;9;0;0;0;0;1;1;0;0;0;0
06.03.2024;21:45;A181;1;0;0;3;78;3;27;0;100;0;0;1;3;4;7;1;1;0;0;0;0;0;0;0;0;0;0;0;0;0;0
06.03.2024;21:44;A181;1;1;3;4;5;1;6;0;100;0;0;2;5;4;9;4;12;1;1;2;2;0;0;0;0;1;4;0;0;0;0
06.03.2024;21:43;A181;1;0;0;2;2;0;0;0;100;0;0;2;4;4;11;1;1;1;1;1;1;0;0;0;0;0;0;0;0;0;0
06.03.2024;21:42;A181;1;1;2;2;4;0;0;0;100;0;0;4;8;4;12;7;30;1;37;3;5;0;0;0;0;4;5;0;0;0;0
06.03.2024;21:41;A181;1;0;0;0;0;1;2;0;100;0;0;1;2;3;4;2;33;0;0;0;0;0;0;0;0;1;3;0;0;0;0
06.03.2024;21:40;A181;1;0;0;2;2;0;0;0;100;0;0;2;5;4;18;2;39;1;34;0;0;1;3;0;0;1;1;2;3;0;0
06.03.2024;21:39;A181;1;0;0;1;1;0;0;0;100;0;0;1;2;5;14;2;5;1;31;0;0;0;0;0;0;1;1;0;0;0;0
06.03.2024;21:38;A181;1;0;0;3;4;3;6;0;100;0;0;2;4;4;6;3;2;2;2;1;1;0;0;0;0;1;1;0;0;0;0
06.03.2024;21:37;A181;1;1;4;5;8;0;0;0;100;0;0;1;2;3;8;0;0;0;0;0;0;9;25;0;0;2;3;0;0;0;0
06.03.2024;21:36;A181;1;0;0;4;32;1;6;0;100;0;0;0;0;2;3;2;2;0;0;0;0;3;10;0;0;1;1;1;2;1;3
06.03.2024;21:35;A181;1;0;0;1;1;1;3;0;100;0;0;1;1;1;1;3;3;1;46;3;34;0;0;0;0;1;1;0;0;0;0
06.03.2024;21:34;A181;1;1;1;2;4;2;31;0;100;0;0;0;0;0;0;1;1;1;1;1;2;0;0;0;0;0;0;0;0;0;0
06.03.2024;21:33;A181;1;0;0;3;7;0;0;0;100;0;0;1;3;1;10;0;0;0;0;1;15;0;0;0;0;0;0;1;2;0;0
06.03.2024;21:32;A181;1;0;0;1;1;1;3;0;100;0;0;4;10;6;23;2;24;0;12;0;0;0;0;1;1;2;3;0;0;0;0
06.03.2024;21:31;A181;1;0;0;6;14;1;1;0;100;0;0;1;1;5;11;2;34;2;39;2;5;0;0;0;0;1;1;0;0;0;0
06.03.2024;21:30;A181;1;0;0;2;3;1;3;0;100;0;0;1;1;3;5;2;26;1;1;1;2;0;0;0;0;0;0;1;2;0;0
06.03.2024;21:29;A181;1;1;2;3;10;2;4;0;100;0;0;1;1;1;2;0;0;0;0;0;0;0;0;0;0;3;10;0;0;0;0
06.03.2024;21:28;A181;1;0;0;3;3;1;1;0;100;0;0;0;0;1;2;1;40;2;2;1;1;0;0;0;0;0;0;0;0;0;0
06.03.2024;21:27;A181;1;0;0;2;8;0;0;0;100;0;0;1;1;2;2;2;35;1;15;2;2;0;0;0;0;2;2;2;2;0;0
06.03.2024;21:26;A181;1;0;0;8;57;2;5;0;100;0;0;2;11;0;3;2;24;1;28;0;0;1;1;0;0;1;1;1;12;0;0
06.03.2024;21:25;A181;1;0;0;4;6;1;1;0;100;0;0;3;5;5;9;2;35;2;37;1;29;1;3;0;0;3;5;1;3;0;0
06.03.2024;21:24;A181;1;0;0;3;4;2;3;0;100;0;0;3;5;3;6;0;0;0;0;0;0;0;0;0;0;1;1;0;0;0;0
06.03.2024;21:23;A181;1;2;5;1;6;3;15;0;100;0;0;1;2;2;5;2;25;1;22;0;0;1;2;0;0;1;1;0;0;0;0
06.03.2024;21:22;A181;1;0;0;3;62;1;14;0;100;0;0;0;0;3;5;1;19;1;42;2;45;0;0;0;0;2;3;0;0;0;0
06.03.2024;21:21;A181;1;0;0;5;28;2;51;0;100;0;0;3;5;7;16;4;5;1;19;0;0;0;0;0;0;0;0;1;15;0;0
06.03.2024;21:20;A181;1;0;0;6;8;3;18;0;100;0;0;3;4;2;7;2;47;0;3;1;34;0;0;0;0;0;0;0;0;0;0
06.03.2024;21:19;A181;1;1;1;4;10;0;0;0;100;0;0;4;37;2;21;3;46;1;26;0;0;0;0;0;0;2;3;0;0;0;0
06.03.2024;21:18;A181;1;0;0;4;87;2;53;0;100;0;0;2;3;2;2;0;12;1;1;0;0;1;1;0;0;1;2;0;0;0;0
06.03.2024;21:17;A181;1;0;0;5;10;0;2;0;100;0;0;1;2;3;13;4;28;0;0;0;0;0;0;0;0;1;1;0;0;0;0
06.03.2024;21:16;A181;1;0;0;2;4;1;1;0;100;0;0;1;3;3;18;2;2;1;1;1;2;0;0;0;0;1;3;0;0;0;0
06.03.2024;21:15;A181;1;0;0;2;5;4;19;0;100;0;0;0;0;1;1;1;5;0;0;0;0;0;0;0;0;1;4;0;0;0;0
06.03.2024;21:14;A181;1;0;0;4;5;2;3;0;100;0;0;1;2;3;7;0;37;2;40;0;0;0;0;1;1;0;0;0;0;0;0
06.03.2024;21:13;A181;1;0;0;3;38;0;0;0;100;0;0;1;9;4;17;5;65;2;19;0;2;3;3;0;0;2;20;0;0;1;1
06.03.2024;21:12;A181;1;0;0;6;9;1;1;0;100;0;0;2;10;0;29;1;10;0;0;1;4;1;2;0;0;2;3;0;0;0;0
06.03.2024;21:11;A181;1;1;2;1;2;2;4;0;100;0;0;1;1;5;22;1;5;0;0;2;42;0;0;0;0;2;3;0;0;0;0
06.03.2024;21:10;A181;1;0;0;2;23;0;0;0;100;0;0;6;8;9;24;3;3;1;31;0;0;1;1;0;0;0;5;0;0;0;0
06.03.2024;21:09;A181;1;0;0;5;17;1;4;0;100;0;0;1;1;2;3;2;28;0;0;1;2;1;1;0;0;4;6;0;0;0;0
06.03.2024;21:08;A181;1;0;0;0;0;0;0;0;100;0;0;0;0;0;0;3;13;1;23;0;0;0;0;0;0;0;0;0;0;0;0
06.03.2024;21:07;A181;1;2;4;2;13;1;1;0;100;0;0;1;2;2;3;2;2;1;1;0;0;0;0;0;0;1;1;1;1;0;0
06.03.2024;21:06;A181;1;1;2;5;12;2;4;0;100;0;0;0;0;1;2;2;2;0;0;1;1;0;0;0;0;2;3;0;0;0;0
06.03.2024;21:05;A181;1;2;4;3;3;0;0;0;100;0;0;0;0;1;2;2;9;0;0;0;53;0;0;0;0;1;2;0;0;0;0
06.03.2024;21:04;A181;1;0;0;5;17;2;9;0;100;0;0;0;0;1;1;0;17;0;0;1;3;0;0;0;0;2;3;0;0;0;0
06.03.2024;21:03;A181;1;0;0;3;3;2;17;0;100;0;0;1;3;2;4;2;49;1;18;1;1;0;0;1;1;1;1;0;0;0;0
06.03.2024;21:02;A181;1;0;0;4;9;0;0;0;100;0;0;2;3;3;3;2;12;2;17;0;0;0;0;0;0;1;1;0;0;0;0
06.03.2024;21:01;A181;1;0;0;2;3;1;7;0;100;0;0;1;5;4;10;2;21;0;0;2;22;1;5;0;0;3;5;1;2;0;0
06.03.2024;21:00;A181;1;0;0;3;6;0;0;0;100;0;0;7;10;5;14;3;44;1;26;2;3;0;0;0;0;0;0;1;1;0;0
06.03.2024;20:59;A181;1;1;6;1;10;0;0;0;100;0;0;1;2;2;7;1;5;1;11;0;0;0;0;0;0;0;0;0;0;0;0
06.03.2024;20:58;A181;1;1;3;5;62;1;52;0;100;0;0;2;4;3;9;0;0;0;0;0;0;0;0;1;1;2;7;0;0;0;0
06.03.2024;20:57;A181;1;0;0;5;11;2;27;0;100;0;0;4;4;5;10;7;14;2;16;0;0;0;0;0;0;1;1;0;0;0;0
06.03.2024;20:56;A181;1;0;0;3;3;2;3;0;100;0;0;0;0;2;4;1;9;2;2;2;2;0;0;0;0;1;10;0;0;1;3
06.03.2024;20:55;A181;1;1;2;3;3;1;3;0;100;0;0;3;9;3;11;3;2;2;2;0;0;0;0;0;0;3;4;0;0;0;0
06.03.2024;20:54;A181;1;0;0;5;24;0;0;0;100;0;0;1;1;2;3;0;0;1;1;2;48;0;0;0;0;4;5;0;0;0;0
06.03.2024;20:53;A181;1;0;0;4;5;3;4;0;100;0;0;2;3;3;8;4;43;1;3;1;1;0;0;0;0;4;7;0;0;0;0
06.03.2024;20:52;A181;1;0;0;3;8;1;1;0;100;0;0;1;2;1;2;3;3;0;0;0;0;0;0;0;0;1;1;1;2;0;0
06.03.2024;20:51;A181;1;0;0;5;6;1;1;0;100;0;0;1;1;3;4;2;2;1;1;0;0;1;3;0;0;0;0;0;0;0;0
06.03.2024;20:50;A181;1;2;2;3;3;0;0;0;100;0;0;0;0;0;0;0;24;0;17;0;0;0;0;0;0;1;3;0;0;0;0
06.03.2024;20:49;A181;1;0;0;6;11;1;2;0;100;0;0;2;7;4;15;3;47;2;39;0;19;0;0;1;2;1;2;1;1;0;0
06.03.2024;20:48;A181;1;1;2;3;67;1;11;0;100;0;0;2;3;4;7;5;35;3;45;1;58;0;0;0;0;0;0;0;0;1;1
06.03.2024;20:47;A181;1;1;1;6;7;0;0;0;100;0;0;1;1;1;1;0;0;1;81;1;85;1;1;0;0;2;2;0;0;0;0
06.03.2024;20:46;A181;1;0;0;2;77;1;1;0;100;1;2;3;9;7;17;3;22;1;11;1;40;0;0;0;0;1;1;0;0;0;0
06.03.2024;20:45;A181;1;3;8;3;8;1;1;0;100;0;0;2;2;2;18;3;38;0;0;1;40;0;0;0;0;2;2;0;0;0;0
06.03.2024;20:44;A181;1;0;0;3;4;1;4;0;100;0;0;0;0;3;15;2;56;0;0;0;0;0;0;0;0;1;29;0;0;1;2
06.03.2024;20:43;A181;1;0;0;3;37;3;41;0;100;0;0;0;0;1;1;3;9;1;1;1;4;1;2;0;0;1;1;0;0;0;0
06.03.2024;20:42;A181;1;0;0;2;48;3;19;0;100;0;0;3;14;4;20;3;3;1;26;2;56;2;3;0;0;0;0;0;0;1;6
06.03.2024;20:41;A181;1;0;0;4;49;0;0;0;100;0;0;2;4;2;4;1;17;0;0;0;0;0;0;0;0;4;7;0;0;0;0
06.03.2024;20:40;A181;1;1;3;6;77;1;1;0;100;0;0;1;3;3;7;5;19;1;1;4;6;0;0;0;0;0;0;2;4;1;3
06.03.2024;20:39;A181;1;1;2;4;30;0;0;0;100;0;0;5;15;3;27;5;64;0;0;1;42;0;0;0;0;2;2;0;0;0;0
06.03.2024;20:38;A181;1;0;0;3;6;0;0;0;100;0;0;1;1;5;12;2;10;1;3;0;0;0;0;0;0;2;4;0;0;0;0
06.03.2024;20:37;A181;1;0;0;3;8;1;29;0;100;0;0;2;6;5;30;0;0;1;1;0;0;0;0;0;0;2;4;0;0;0;0
06.03.2024;20:36;A181;1;2;3;6;14;7;16;0;100;0;0;3;6;3;6;0;8;1;2;0;17;0;0;1;1;1;1;0;0;0;0
06.03.2024;20:35;A181;1;2;3;8;26;1;2;0;100;0;0;5;9;7;13;3;44;1;16;2;38;0;0;0;0;2;7;0;0;0;0
06.03.2024;20:34;A181;1;1;1;4;7;1;1;0;100;0;0;2;2;3;5;3;52;1;24;1;2;1;3;0;0;1;2;0;0;0;0
06.03.2024;20:33;A181;1;0;0;1;1;0;0;0;100;0;0;1;1;3;11;2;56;1;1;0;0;0;0;0;0;0;0;0;0;0;0
06.03.2024;20:32;A181;1;1;3;4;25;1;1;0;100;0;0;3;15;2;40;3;42;2;5;1;1;0;0;0;0;2;5;0;0;0;0
06.03.2024;20:31;A181;1;0;0;0;13;0;0;0;100;0;0;1;4;2;4;1;46;1;32;0;0;1;1;1;2;1;1;0;0;0;0
06.03.2024;20:30;A181;1;1;3;5;40;0;13;0;100;0;0;2;13;3;17;3;46;1;1;2;3;3;2;0;0;5;6;0;0;0;0
06.03.2024;20:29;A181;1;1;3;4;28;1;66;0;100;0;0;1;2;2;4;5;5;0;0;2;3;0;0;0;0;3;5;0;0;0;0
06.03.2024;20:28;A181;1;0;0;4;48;3;12;0;100;0;0;2;1;6;13;0;0;1;1;1;2;3;4;0;0;2;2;0;0;1;1
06.03.2024;20:27;A181;1;0;0;4;3;1;1;0;100;0;0;0;0;0;0;2;31;0;0;0;0;3;3;0;0;0;0;0;0;0;0
06.03.2024;20:26;A181;1;0;0;1;51;0;47;0;100;0;0;7;28;4;11;3;52;0;0;2;41;0;0;0;0;0;0;0;0;0;0
06.03.2024;20:25;A181;1;1;2;7;12;2;6;0;100;0;0;3;8;0;63;5;5;1;18;2;3;0;0;0;0;0;0;0;0;1;5
06.03.2024;20:24;A181;1;1;1;6;8;1;1;0;100;0;0;5;13;8;33;3;74;0;4;2;58;0;0;0;0;4;7;0;0;0;0
06.03.2024;20:23;A181;1;1;2;1;1;1;2;0;100;0;0;2;28;3;34;1;45;5;37;2;3;2;2;0;0;0;0;1;2;0;0
06.03.2024;20:22;A181;1;1;1;2;4;0;0;0;100;0;0;2;10;4;9;3;47;2;14;1;3;0;0;0;0;1;2;0;0;0;0
06.03.2024;20:21;A181;1;0;0;3;5;0;0;0;100;0;0;0;0;0;0;3;30;2;20;0;17;2;3;0;0;2;3;1;4;0;0
06.03.2024;20:20;A181;1;0;0;6;57;2;51;0;100;0;0;1;2;3;11;5;26;1;24;1;19;0;0;1;1;0;0;1;2;0;0
06.03.2024;20:19;A181;1;0;0;7;20;0;0;0;100;0;0;3;8;2;9;4;4;0;0;0;0;0;0;0;0;2;2;0;0;0;0
06.03.2024;20:18;A181;1;0;0;5;7;3;32;0;100;0;0;1;4;3;59;2;3;3;10;0;0;0;0;0;0;0;0;0;0;0;0
06.03.2024;20:17;A181;1;0;0;1;10;0;0;0;100;0;0;3;5;4;12;1;48;1;22;2;5;2;3;0;0;1;1;0;0;0;0
06.03.2024;20:16;A181;1;1;41;4;36;2;10;0;100;0;0;0;0;3;5;0;0;0;0;0;0;1;4;0;0;0;0;0;0;0;0
06.03.2024;20:15;A181;1;1;1;1;2;0;0;0;100;0;0;1;2;2;39;2;32;1;23;1;21;3;3;0;0;0;0;0;0;2;1
06.03.2024;20:14;A181;1;1;2;4;4;2;7;0;100;0;0;2;3;5;11;2;34;1;5;1;1;0;0;0;0;1;4;1;5;0;0
06.03.2024;20:13;A181;1;0;0;3;8;1;1;0;100;0;0;0;0;0;40;3;27;2;3;1;2;1;2;0;0;0;0;0;0;0;0
06.03.2024;20:12;A181;1;0;0;1;39;1;9;0;100;0;0;2;5;2;20;1;1;0;0;1;43;0;0;0;0;3;30;0;0;1;1
06.03.2024;20:11;A181;1;3;6;3;71;0;0;0;100;0;0;5;13;4;18;3;30;0;0;2;3;2;7;1;1;1;16;0;0;1;3
06.03.2024;20:10;A181;1;2;4;5;61;0;49;0;100;0;0;0;0;0;1;3;10;2;3;1;1;1;5;0;0;1;1;1;2;3;3
06.03.2024;20:09;A181;1;0;0;4;12;3;25;0;100;0;0;2;9;5;14;2;43;3;30;0;21;0;0;1;2;0;0;0;0;0;0
06.03.2024;20:08;A181;1;0;0;5;21;1;6;0;100;0;0;2;3;3;8;0;15;2;60;2;22;0;0;0;0;0;0;1;2;1;3
06.03.2024;20:07;A181;1;0;0;6;9;0;0;0;100;0;0;1;3;3;62;3;58;1;11;1;3;0;0;1;1;2;4;0;0;0;0
06.03.2024;20:06;A181;1;2;4;10;13;4;9;0;100;0;0;4;6;7;13;1;80;0;42;1;38;1;2;0;0;2;22;1;1;1;14
06.03.2024;20:05;A181;1;0;0;2;6;1;1;0;100;0;0;2;2;5;8;3;28;2;32;1;5;0;0;1;1;0;0;1;3;0;0
06.03.2024;20:04;A181;1;0;0;1;1;0;0;0;100;0;0;2;3;3;5;1;43;1;27;0;0;0;0;0;0;0;0;0;0;0;0
06.03.2024;20:03;A181;1;1;23;9;19;6;11;0;100;0;0;1;3;2;19;3;13;0;0;0;0;0;0;0;0;0;0;0;0;0;0
06.03.2024;20:02;A181;1;0;0;0;0;0;0;0;100;0;0;4;7;7;32;5;4;0;45;0;57;0;0;1;3;0;0;0;0;0;0
06.03.2024;20:01;A181;1;0;0;2;10;3;6;0;100;0;0;0;0;0;0;2;2;1;33;1;59;0;0;0;0;0;0;0;0;0;0
06.03.2024;20:00;A181;1;0;0;5;7;1;1;0;100;0;0;1;1;4;6;3;51;3;48;1;3;0;0;0;0;0;0;0;0;0;0
06.03.2024;19:59;A181;1;1;2;5;10;3;11;0;100;0;0;2;4;3;53;3;3;0;0;1;2;1;2;3;3;3;14;0;0;1;1
06.03.2024;19:58;A181;1;0;0;2;5;3;6;0;100;0;0;5;12;6;28;8;34;1;5;3;46;2;1;0;0;0;0;0;0;0;0
06.03.2024;19:57;A181;1;0;0;1;56;1;51;0;100;0;0;1;3;2;4;2;2;0;0;0;0;0;0;0;0;4;6;0;0;0;0
06.03.2024;19:56;A181;1;0;0;5;11;3;10;0;100;0;0;4;9;8;16;4;54;1;1;2;2;0;0;0;0;0;0;2;5;0;0
06.03.2024;19:55;A181;1;0;0;2;4;1;2;0;100;0;0;4;7;2;53;6;42;3;44;1;1;1;3;1;3;0;0;2;3;1;3
06.03.2024;19:54;A181;1;0;0;0;0;0;0;0;100;0;0;3;7;3;9;2;10;1;18;1;22;0;0;0;0;1;1;0;0;1;1
06.03.2024;19:53;A181;1;0;0;4;9;2;6;0;100;0;0;2;6;4;42;4;29;2;38;1;19;0;0;0;0;0;0;0;0;0;0
06.03.2024;19:52;A181;1;0;0;5;7;1;2;0;100;0;0;2;2;4;6;2;34;0;0;0;0;1;2;0;0;2;4;2;5;0;0
06.03.2024;19:51;A181;1;0;0;9;13;3;5;0;100;0;0;3;46;4;53;1;1;1;38;0;43;1;1;0;0;3;32;3;17;1;1
06.03.2024;19:50;A181;1;0;0;4;19;1;63;0;100;0;0;3;5;2;27;2;2;2;22;1;16;1;3;0;0;3;7;0;0;0;0
06.03.2024;19:49;A181;1;1;2;5;6;2;4;0;100;0;0;3;9;6;15;3;10;1;1;3;4;0;0;0;0;0;0;1;2;0;0
06.03.2024;19:48;A181;1;0;0;3;8;3;19;0;100;0;0;1;3;2;3;4;40;2;2;2;3;1;1;0;0;0;0;2;5;0;0
06.03.2024;19:47;A181;1;3;7;8;57;3;20;0;100;0;0;2;3;4;8;2;57;1;50;1;18;0;0;1;2;0;0;0;0;0;0
06.03.2024;19:46;A181;1;1;7;4;45;2;37;0;100;0;0;3;9;4;11;6;52;3;15;4;3;0;0;0;0;0;0;1;2;0;0
06.03.2024;19:45;A181;1;2;3;5;18;1;11;0;100;0;0;5;7;8;15;6;67;3;18;3;24;2;2;0;0;4;7;0;0;0;0
06.03.2024;19:44;A181;1;0;0;6;11;2;6;0;100;0;0;1;2;1;47;3;4;1;13;1;16;1;1;1;1;1;2;0;0;0;0
06.03.2024;19:43;A181;1;0;0;4;10;3;10;0;100;0;0;4;10;8;13;1;13;1;1;0;0;0;0;0;0;2;8;0;0;0;0
06.03.2024;19:42;A181;1;0;0;2;62;0;0;0;100;0;0;1;4;2;2;3;10;4;3;0;0;0;0;0;0;2;3;0;0;0;0
06.03.2024;19:41;A181;1;0;0;4;14;1;2;0;100;0;0;4;5;6;10;4;55;1;17;1;51;1;1;0;0;1;4;0;0;2;2
06.03.2024;19:40;A181;1;1;1;5;74;1;2;0;100;0;0;4;11;5;12;1;44;1;31;2;40;4;5;0;0;2;4;0;0;2;3
06.03.2024;19:39;A181;1;1;1;8;12;1;1;0;100;0;0;1;2;1;6;7;48;5;58;5;34;0;0;2;1;3;5;0;0;0;0
06.03.2024;19:38;A181;1;3;5;5;83;3;2;0;100;0;0;5;21;4;52;3;53;2;28;1;42;0;0;3;1;5;24;1;2;1;3
06.03.2024;19:37;A181;1;0;0;6;54;0;1;0;100;0;0;2;2;2;35;6;28;0;0;3;39;0;0;0;0;0;0;0;0;0;0
06.03.2024;19:36;A181;1;1;2;3;75;2;3;0;100;1;1;5;16;5;12;1;33;1;27;0;39;4;4;1;1;2;4;1;2;0;0
06.03.2024;19:35;A181;1;3;7;3;12;1;5;0;100;0;0;4;11;7;20;1;1;1;45;1;3;0;0;0;0;4;17;0;3;1;1
06.03.2024;19:34;A181;1;0;0;3;17;1;15;0;100;0;0;0;0;3;10;3;13;3;15;0;0;0;0;0;0;0;0;1;0;0;0
06.03.2024;19:33;A181;1;0;0;3;51;1;3;0;100;0;0;1;2;4;20;6;77;6;38;1;41;0;0;0;0;1;2;0;0;0;0
06.03.2024;19:32;A181;1;0;0;2;25;1;3;0;100;0;0;2;3;3;5;1;52;0;0;0;0;1;1;0;0;4;8;0;0;0;0
06.03.2024;19:31;A181;1;1;4;3;30;0;0;0;100;0;0;4;6;5;15;2;56;1;5;1;31;1;1;0;0;1;1;1;2;1;2
06.03.2024;19:30;A181;1;0;0;3;12;1;6;0;100;0;0;2;5;3;7;5;49;1;1;1;29;1;1;0;0;0;0;0;0;0;0
06.03.2024;19:29;A181;1;1;3;3;55;3;12;0;100;0;0;5;8;7;15;2;8;1;45;2;7;0;0;0;0;3;4;0;0;0;0
06.03.2024;19:28;A181;1;0;0;2;81;1;49;0;100;0;0;2;2;2;66;5;54;3;42;2;37;2;4;0;0;4;5;0;0;0;0
06.03.2024;19:27;A181;1;0;0;7;64;1;27;0;100;0;0;6;7;6;15;7;64;5;44;3;38;1;2;0;0;1;2;0;0;0;0
06.03.2024;19:26;A181;1;0;0;8;13;4;10;0;100;0;0;3;5;2;46;6;78;3;27;0;28;0;0;0;0;3;5;2;17;0;0
06.03.2024;19:25;A181;1;1;1;5;9;2;2;0;100;0;0;5;15;5;33;1;21;1;43;2;34;0;0;1;1;2;5;0;7;0;0
06.03.2024;19:24;A181;1;0;0;5;9;2;28;0;100;0;0;5;24;3;65;2;25;2;26;2;55;0;0;0;0;3;4;4;16;0;0
06.03.2024;19:23;A181;1;0;0;5;39;1;13;0;100;0;0;1;1;3;7;3;44;4;36;4;54;0;0;1;1;2;3;1;5;1;5
06.03.2024;19:22;A181;1;0;0;7;62;2;64;0;100;0;0;5;8;4;32;3;7;0;0;3;4;0;0;1;1;3;5;0;0;1;1
06.03.2024;19:21;A181;1;2;6;6;32;0;0;0;100;0;0;2;7;6;19;1;45;2;32;1;49;2;8;0;0;5;17;0;0;0;0
06.03.2024;19:20;A181;1;0;0;4;61;0;1;0;100;0;0;3;17;6;30;7;19;0;0;3;22;0;0;0;0;1;1;1;1;2;6
06.03.2024;19:19;A181;1;0;0;6;61;2;44;0;100;0;0;4;11;5;12;7;72;4;60;1;42;0;0;2;2;2;50;2;6;1;6
06.03.2024;19:18;A181;1;0;0;7;9;1;3;0;100;0;0;5;6;7;9;1;61;1;75;0;0;1;1;0;0;1;1;0;0;0;0
06.03.2024;19:17;A181;1;0;0;4;6;0;0;0;100;0;0;3;7;2;64;8;29;0;0;3;68;0;0;1;1;3;6;1;1;0;0
06.03.2024;19:16;A181;1;2;4;5;32;3;35;0;100;0;0;7;13;10;35;4;22;1;29;1;44;1;1;0;0;2;2;0;0;0;0
06.03.2024;19:15;A181;1;1;2;4;6;0;0;0;100;0;0;1;38;2;48;6;64;2;43;1;1;0;0;0;0;3;3;0;0;0;0
06.03.2024;19:14;A181;1;0;0;1;1;1;4;0;100;0;0;4;6;5;10;5;36;3;24;2;44;0;0;1;2;1;1;0;0;0;0
06.03.2024;19:13;A181;1;1;2;2;60;3;5;0;100;0;0;3;10;2;45;4;55;1;1;1;60;0;0;1;1;2;10;0;0;1;1
06.03.2024;19:12;A181;1;3;5;2;91;1;2;0;100;0;0;5;10;4;11;7;46;1;2;0;0;0;0;0;1;2;18;1;1;1;1
06.03.2024;19:11;A181;1;1;2;5;78;2;62;0;100;0;0;2;4;3;4;5;40;2;30;1;6;0;0;1;1;2;10;1;1;1;1
06.03.2024;19:10;A181;1;2;5;5;29;2;3;0;100;0;0;3;5;8;24;5;29;2;3;2;4;0;0;0;0;0;0;0;0;0;0
06.03.2024;19:09;A181;1;2;2;6;8;2;9;0;100;0;0;5;9;6;11;4;39;1;1;3;14;0;0;0;0;3;6;0;0;0;0
06.03.2024;19:08;A181;1;0;0;4;9;0;0;0;100;0;0;4;6;4;11;7;48;4;35;2;34;2;2;0;0;3;30;1;1;0;0
06.03.2024;19:07;A181;1;0;0;4;17;1;1;0;100;0;0;4;14;1;20;6;71;0;47;1;51;0;0;0;0;2;30;0;0;2;2
06.03.2024;19:06;A181;1;0;0;4;60;2;50;0;100;0;0;4;8;4;42;7;72;2;40;3;30;1;1;1;1;5;9;2;3;1;2
06.03.2024;19:05;A181;1;0;0;0;0;1;1;0;100;0;0;5;18;8;24;1;45;3;4;1;48;0;0;0;0;2;3;0;0;0;0
06.03.2024;19:04;A181;1;0;0;3;6;1;1;0;100;0;0;5;31;2;45;5;54;4;30;4;22;1;1;0;0;1;1;1;2;0;0
06.03.2024;19:03;A181;1;0;0;8;22;2;3;0;100;0;0;3;9;4;56;5;46;3;68;3;68;0;0;1;1;2;3;1;7;1;2
06.03.2024;19:02;A181;1;0;0;0;0;1;1;0;100;0;0;3;51;4;66;3;87;1;49;1;57;0;0;0;0;0;0;0;0;1;2
06.03.2024;19:01;A181;1;2;3;7;10;6;17;0;100;0;0;4;14;3;49;4;68;2;68;2;54;1;2;1;1;1;1;0;0;0;0
06.03.2024;19:00;A181;1;0;0;4;4;2;2;0;100;0;0;5;13;3;67;6;57;1;1;2;14;0;0;1;1;3;7;1;3;0;0
06.03.2024;18:59;A181;1;1;5;1;3;3;4;0;100;0;0;5;10;5;48;2;60;1;44;1;16;0;0;0;0;1;1;0;0;0;0
06.03.2024;18:58;A181;1;0;0;6;31;3;16;0;100;0;0;5;6;3;5;3;56;1;39;1;39;0;0;0;0;0;0;2;3;0;0
06.03.2024;18:57;A181;1;0;0;6;18;3;78;0;100;0;0;2;4;7;12;3;3;1;1;3;32;1;3;0;0;1;3;0;0;2;3
06.03.2024;18:56;A181;1;1;1;6;17;1;63;0;100;0;0;4;55;4;53;4;38;2;29;2;28;0;0;0;0;3;3;3;11;0;0
06.03.2024;18:55;A181;1;0;0;5;13;3;7;0;100;0;0;3;5;4;11;3;69;3;48;1;57;0;0;1;1;2;3;0;0;0;0
06.03.2024;18:54;A181;1;0;0;2;2;3;14;0;100;0;0;5;57;4;92;5;8;1;2;3;6;0;0;0;0;1;1;1;2;0;0
06.03.2024;18:53;A181;1;0;0;8;12;4;5;0;100;0;0;2;13;5;58;1;47;1;33;1;50;0;0;0;0;1;1;0;0;0;0
06.03.2024;18:52;A181;1;1;2;5;52;5;59;0;100;0;0;4;10;5;18;3;5;3;42;3;20;1;3;0;0;3;4;1;2;0;0
06.03.2024;18:51;A181;1;2;4;3;28;1;15;0;100;0;0;3;3;6;14;3;19;1;12;2;4;0;0;1;1;2;4;1;3;0;0
06.03.2024;18:50;A181;1;1;2;4;53;3;54;0;100;0;0;3;5;6;11;6;77;2;74;0;72;2;58;0;0;3;3;0;0;0;0
06.03.2024;18:49;A181;1;0;0;6;10;6;15;0;100;0;0;3;4;5;44;5;64;2;30;1;22;6;22;1;1;3;5;0;0;2;4
06.03.2024;18:48;A181;1;1;1;4;38;5;14;0;100;0;0;3;4;6;14;11;72;1;17;1;49;0;0;0;0;1;1;0;0;0;0
06.03.2024;18:47;A181;1;1;2;5;38;2;22;0;100;0;0;1;37;4;55;7;54;2;54;2;61;0;0;2;1;1;4;0;0;0;0
06.03.2024;18:46;A181;1;3;6;5;9;4;8;0;100;0;0;6;14;5;22;5;35;2;19;1;2;0;0;1;1;4;11;1;25;2;5
06.03.2024;18:45;A181;1;1;2;4;71;4;56;0;100;0;0;8;16;5;50;7;46;3;52;2;13;1;1;0;0;2;3;1;2;0;0
06.03.2024;18:44;A181;1;0;0;7;78;1;84;0;100;0;0;6;22;3;49;8;69;4;34;3;24;0;0;2;3;3;4;0;0;0;0
06.03.2024;18:43;A181;1;1;1;3;6;3;4;0;100;0;0;9;27;7;34;4;71;1;43;1;10;0;0;0;0;1;2;0;0;1;1
06.03.2024;18:42;A181;1;0;0;5;88;4;75;0;100;0;0;2;14;4;56;5;53;2;32;2;51;1;2;1;2;1;1;1;1;0;0
06.03.2024;18:41;A181;1;0;0;4;8;2;36;0;100;0;0;3;7;2;5;6;62;1;52;3;46;2;3;0;0;1;2;0;0;1;2
06.03.2024;18:40;A181;1;0;0;4;26;1;4;0;100;0;0;5;21;4;22;2;47;3;54;1;45;0;0;0;0;4;8;0;0;0;0
06.03.2024;18:39;A181;1;0;0;5;6;5;21;0;100;0;0;3;5;4;13;4;58;2;15;2;44;0;0;1;1;0;0;0;0;1;1
06.03.2024;18:38;A181;1;1;1;8;14;2;13;0;100;0;0;4;6;4;15;6;70;3;42;2;3;0;0;0;0;3;4;0;0;0;0
06.03.2024;18:37;A181;1;1;1;3;5;2;69;0;100;0;0;3;5;4;78;5;68;5;32;2;1;0;0;1;1;1;1;0;0;1;2
06.03.2024;18:36;A181;1;1;2;10;28;3;37;0;100;0;0;5;7;7;44;8;54;3;3;3;58;1;5;0;0;4;37;0;0;1;2
06.03.2024;18:35;A181;1;0;0;1;1;1;25;0;100;0;0;2;32;3;43;8;70;5;51;3;60;0;0;1;3;1;38;0;0;0;0
06.03.2024;18:34;A181;1;0;0;5;13;5;26;0;100;0;0;4;11;4;21;6;83;0;75;1;65;0;0;0;0;1;31;0;0;2;4
06.03.2024;18:33;A181;1;0;0;4;50;1;44;0;100;0;0;5;39;4;50;4;77;2;77;0;0;2;37;0;0;3;4;0;0;3;8
06.03.2024;18:32;A181;1;1;1;8;17;5;16;0;100;0;0;3;5;5;10;7;75;3;56;4;12;2;4;0;0;0;0;0;0;0;0
06.03.2024;18:31;A181;1;0;0;4;14;4;9;0;100;0;0;1;2;3;21;5;68;4;45;1;12;0;0;0;0;2;7;0;0;2;6
06.03.2024;18:30;A181;1;1;1;5;13;5;18;0;100;0;0;0;0;5;29;4;41;2;57;1;38;0;0;0;0;3;30;0;0;1;2
06.03.2024;18:29;A181;1;1;2;3;89;5;94;0;100;0;0;1;61;7;83;5;31;5;42;2;2;0;0;0;0;1;1;1;3;0;0
06.03.2024;18:28;A181;1;0;0;7;30;2;21;0;100;0;0;0;0;2;7;6;62;1;40;0;0;0;0;0;0;0;0;0;0;0;0
06.03.2024;18:27;A181;1;3;6;7;20;8;22;0;100;0;0;2;18;9;56;3;81;4;36;1;1;0;0;0;0;6;6;0;0;0;0
06.03.2024;18:26;A181;1;2;3;5;86;3;80;0;100;0;0;0;0;0;5;6;67;3;19;1;18;1;1;0;0;3;20;0;0;1;1
06.03.2024;18:25;A181;1;1;2;5;30;6;75;0;100;0;0;0;0;6;29;8;68;1;9;1;49;0;0;0;0;3;5;1;2;0;0
06.03.2024;18:24;A181;1;1;1;6;22;1;61;0;100;0;0;0;22;5;24;8;82;5;55;5;85;0;0;0;0;1;2;0;0;2;3
06.03.2024;18:23;A181;1;0;0;1;59;4;28;0;100;0;0;1;31;1;72;0;100;0;100;0;100;1;1;0;0;4;5;1;2;0;0
06.03.2024;18:22;A181;1;5;16;8;36;6;40;0;100;0;0;2;100;1;99;0;100;5;39;4;12;1;1;0;0;2;3;2;4;2;3
06.03.2024;18:21;A181;1;1;2;7;16;2;61;0;100;0;0;2;16;2;68;1;66;3;36;3;19;0;0;0;0;6;40;1;1;1;2
06.03.2024;18:20;A181;1;1;1;6;17;3;27;0;100;0;0;0;11;4;38;3;80;1;3;2;59;1;2;0;0;4;5;1;1;0;0
06.03.2024;18:19;A181;1;1;1;2;4;3;49;0;100;0;0;1;19;3;69;11;78;2;39;1;35;2;3;0;0;3;5;0;0;0;0
06.03.2024;18:18;A181;1;2;2;4;11;35;66;0;100;0;0;1;63;2;93;8;69;3;40;1;10;0;0;0;0;0;0;3;6;1;1
06.03.2024;18:17;A181;1;2;3;6;53;3;4;0;100;0;0;0;0;2;3;2;54;1;13;1;17;0;0;0;0;1;1;0;0;1;2
06.03.2024;18:16;A181;1;1;3;7;22;8;15;0;100;0;0;0;0;2;73;5;63;3;48;2;79;0;0;0;0;2;4;1;2;0;0
06.03.2024;18:15;A181;1;4;6;9;20;6;49;0;100;0;0;0;37;8;67;5;68;1;74;4;70;0;0;0;0;1;2;0;0;1;1
06.03.2024;18:14;A181;1;0;0;8;15;4;37;0;100;0;0;1;5;6;38;7;85;3;64;2;26;1;2;0;0;2;26;0;0;3;3
06.03.2024;18:13;A181;1;3;7;3;8;1;3;0;100;0;0;0;7;4;23;7;48;5;38;3;3;0;47;0;0;1;1;1;2;0;0
06.03.2024;18:12;A181;1;1;1;4;13;5;16;0;100;0;0;1;37;6;81;6;68;5;47;0;52;1;20;0;0;5;6;1;19;0;0
06.03.2024;18:11;A181;1;2;2;6;17;2;25;0;100;0;0;1;64;2;95;5;74;5;42;4;50;0;0;0;0;1;2;1;10;0;0
06.03.2024;18:10;A181;1;3;5;6;53;5;44;0;100;0;0;1;52;2;39;7;33;1;2;1;36;1;1;0;0;2;29;2;8;1;3
06.03.2024;18:09;A181;1;3;8;8;24;3;6;0;100;0;0;0;0;4;55;2;47;1;2;2;49;0;0;0;0;3;19;0;0;1;3
06.03.2024;18:08;A181;1;4;2;9;22;8;43;0;100;0;0;0;0;0;40;3;6;0;0;0;0;0;0;0;0;3;2;0;0;0;0
06.03.2024;18:07;A181;1;1;2;3;18;1;19;0;100;0;0;0;0;8;42;7;75;2;40;1;21;0;0;0;0;0;0;2;29;0;0
06.03.2024;18:06;A181;1;4;37;9;27;9;16;0;100;0;0;0;15;5;34;3;92;2;48;1;55;1;2;0;0;5;6;0;0;0;0
06.03.2024;18:05;A181;1;2;6;7;21;3;5;0;100;0;0;1;41;3;79;1;47;0;48;1;1;0;0;0;0;4;5;0;0;1;1
06.03.2024;18:04;A181;1;2;3;3;36;3;17;0;100;0;0;0;0;0;100;7;50;4;14;1;1;1;3;0;0;2;3;0;0;0;0
06.03.2024;18:03;A181;1;2;4;3;10;4;57;0;100;0;0;1;60;1;99;6;63;2;3;1;7;0;0;0;0;2;3;0;0;1;1
06.03.2024;18:02;A181;1;1;2;4;33;3;4;0;100;0;0;0;60;3;74;5;52;3;6;4;69;0;0;0;0;1;4;0;0;1;2
06.03.2024;18:01;A181;1;2;3;12;55;5;8;0;100;0;0;2;39;3;59;6;80;2;2;2;25;1;1;0;0;3;42;3;50;1;1
06.03.2024;18:00;A181;1;7;9;8;43;11;46;0;100;0;0;0;0;4;63;5;53;1;57;1;46;1;1;0;0;3;4;1;54;0;0
06.03.2024;17:59;A181;1;2;3;7;70;7;65;0;100;0;0;0;2;8;70;0;68;2;4;1;1;0;0;0;0;3;4;0;0;0;0
06.03.2024;17:58;A181;1;0;0;3;42;2;41;0;100;0;0;1;19;1;45;7;59;3;6;1;42;1;3;0;0;1;1;0;0;0;0
06.03.2024;17:57;A181;1;1;0;3;12;2;41;0;100;0;0;1;46;3;77;7;63;1;22;2;5;0;0;0;0;0;0;0;0;0;0
06.03.2024;17:56;A181;1;1;3;6;22;6;54;0;100;0;0;0;0;4;92;12;70;4;41;1;32;0;1;0;0;1;18;1;2;1;15
06.03.2024;17:55;A181;1;2;3;8;17;4;40;0;100;0;0;2;39;1;55;5;53;1;49;1;58;2;33;0;0;3;30;1;2;1;2
06.03.2024;17:54;A181;1;2;9;5;37;6;23;0;100;0;0;2;40;2;50;8;78;4;37;3;72;0;0;0;0;1;6;1;1;2;3
06.03.2024;17:53;A181;1;3;4;14;26;4;29;0;100;0;0;0;0;5;66;3;79;3;74;4;82;1;41;0;0;3;3;0;0;0;0
06.03.2024;17:52;A181;1;0;0;5;28;8;37;0;100;0;0;1;35;2;65;2;71;2;52;1;62;0;0;0;0;3;4;0;0;0;0
06.03.2024;17:51;A181;1;0;0;7;84;5;17;0;100;0;0;1;56;3;79;8;66;2;43;4;10;0;0;0;0;2;23;2;3;1;2
06.03.2024;17:50;A181;1;1;4;5;12;2;35;0;100;0;0;1;69;2;96;8;69;4;48;5;9;1;1;0;0;2;3;1;2;0;0
06.03.2024;17:49;A181;1;2;3;4;54;4;39;0;100;0;0;4;64;4;98;9;53;1;44;1;14;1;1;0;0;2;25;1;2;1;3
06.03.2024;17:48;A181;1;0;0;9;56;6;13;0;100;0;0;0;0;6;11;7;76;1;56;3;42;1;1;0;0;4;16;1;2;2;2
06.03.2024;17:47;A181;1;1;2;4;15;4;22;0;100;0;0;0;0;6;53;8;62;3;41;2;37;0;0;0;0;2;3;3;13;1;1
06.03.2024;17:46;A181;1;2;52;5;44;4;37;0;100;0;0;0;0;3;42;2;63;2;44;2;3;0;0;1;1;0;0;1;1;0;0
06.03.2024;17:45;A181;1;3;62;7;82;6;76;0;100;0;0;0;0;3;69;6;60;2;38;2;57;0;0;0;0;3;4;0;0;1;7
06.03.2024;17:44;A181;1;1;0;7;45;7;82;0;100;0;0;0;0;3;79;8;62;5;51;4;50;0;0;0;0;0;0;0;0;3;13
06.03.2024;17:42;A181;1;4;4;6;13;6;7;0;100;0;0;0;0;1;2;6;73;3;7;1;89;0;0;0;0;2;7;1;2;1;1
06.03.2024;17:41;A181;1;5;7;10;26;9;13;0;100;0;0;2;55;2;83;5;62;3;12;1;90;0;0;1;1;1;1;0;0;0;0
06.03.2024;17:40;A181;1;6;10;10;70;9;56;0;100;0;0;0;43;8;70;2;46;1;43;4;48;1;2;1;3;2;5;1;2;0;0
06.03.2024;17:39;A181;1;4;4;5;94;4;60;0;100;0;0;1;24;4;74;8;74;1;31;1;29;1;2;0;0;6;36;1;29;1;2
06.03.2024;17:38;A181;1;5;4;11;37;7;70;0;100;0;0;1;6;6;73;8;77;5;36;1;78;0;0;0;0;4;21;0;0;1;4
06.03.2024;17:37;A181;1;2;1;5;14;5;50;0;100;0;0;0;0;3;22;3;86;3;68;6;9;0;0;0;0;4;4;0;0;0;0
06.03.2024;17:36;A181;1;1;2;3;5;2;4;0;100;0;0;1;21;2;59;7;59;4;32;5;8;0;0;0;0;1;1;2;4;0;0
06.03.2024;17:35;A181;1;0;0;3;57;6;78;0;100;0;0;0;0;2;9;9;31;2;27;1;12;0;0;0;0;1;1;0;0;1;2
06.03.2024;17:34;A181;1;2;3;3;9;3;28;0;100;0;0;2;24;3;67;3;74;3;65;1;92;0;0;0;0;3;4;1;9;0;0
06.03.2024;17:33;A181;1;2;2;9;15;9;44;0;100;0;0;0;0;2;4;2;72;1;67;1;50;1;1;0;0;3;4;0;0;0;0
06.03.2024;17:32;A181;1;1;3;3;17;7;14;0;100;0;0;0;21;4;34;4;76;4;69;2;69;0;0;0;0;3;4;2;4;0;0
06.03.2024;17:31;A181;1;2;2;4;6;5;15;0;100;0;0;1;19;4;60;3;59;2;62;1;2;1;1;0;0;4;32;1;2;2;5
06.03.2024;17:30;A181;1;5;9;4;21;5;42;0;100;0;0;1;50;4;81;6;78;6;55;1;62;0;0;0;0;3;4;1;3;0;0
06.03.2024;17:29;A181;1;0;0;3;51;2;32;0;100;0;0;1;34;2;44;6;61;2;46;2;60;0;0;0;0;3;3;1;2;0;0
06.03.2024;17:28;A181;1;4;9;5;62;4;41;0;100;0;0;1;25;1;68;5;35;4;34;2;24;0;0;0;0;4;6;0;0;1;1
06.03.2024;17:27;A181;1;5;39;7;55;5;62;0;100;0;0;0;0;2;62;10;53;2;59;1;4;1;2;0;0;2;3;1;18;1;2
06.03.2024;17:26;A181;1;0;0;6;42;1;1;0;100;0;0;0;37;6;46;4;91;6;59;1;73;1;1;0;0;3;4;0;0;0;0
06.03.2024;17:25;A181;1;3;5;6;56;5;35;0;100;0;0;2;16;3;62;2;95;4;75;5;10;0;0;0;0;3;5;0;0;1;2
06.03.2024;17:24;A181;1;1;0;9;83;2;73;0;100;0;0;0;0;6;32;4;91;5;59;4;6;0;0;0;0;5;15;1;1;1;1
06.03.2024;17:23;A181;1;3;6;6;86;7;40;0;100;0;0;1;28;3;82;6;79;1;30;2;28;1;1;0;0;2;64;0;0;1;2
06.03.2024;17:22;A181;1;4;22;4;34;3;34;0;100;0;0;0;0;4;77;6;59;3;41;1;35;0;0;0;0;2;31;1;2;1;2
06.03.2024;17:21;A181;1;5;29;6;39;5;9;0;100;0;0;1;61;1;98;10;75;3;61;4;43;1;1;0;0;2;2;1;2;0;0
06.03.2024;17:20;A181;1;7;7;10;33;7;39;0;100;0;0;0;0;3;75;3;95;4;20;4;10;1;1;0;0;1;3;0;0;1;1
06.03.2024;17:19;A181;1;2;5;8;23;3;45;0;100;0;0;0;0;2;68;2;95;3;4;2;2;0;0;0;0;3;4;0;0;1;1
06.03.2024;17:18;A181;1;2;1;8;16;7;36;0;100;0;0;0;40;0;100;2;80;1;40;2;49;0;0;0;0;4;7;1;17;0;2
06.03.2024;17:17;A181;1;3;6;6;11;10;47;0;100;0;0;1;22;4;63;3;91;4;68;3;67;0;0;0;0;1;1;0;0;2;7
06.03.2024;17:16;A181;1;3;6;3;13;6;47;0;100;0;0;0;0;5;25;6;76;6;46;1;43;1;1;1;1;3;32;0;0;2;3
06.03.2024;17:15;A181;1;1;3;3;6;1;1;0;100;0;0;0;0;2;54;11;72;4;21;6;27;0;0;1;2;1;14;0;0;0;0
06.03.2024;17:14;A181;1;1;67;8;63;4;82;0;100;0;0;1;34;6;92;6;69;1;15;0;33;0;0;0;0;1;14;0;0;1;1
06.03.2024;17:13;A181;1;5;11;11;53;10;40;0;100;0;0;0;0;3;6;8;63;1;36;1;19;0;0;0;0;2;2;2;3;1;1
06.03.2024;17:12;A181;1;6;5;8;72;9;47;0;100;0;0;0;0;1;52;3;59;2;65;2;54;0;0;0;0;1;2;1;1;1;2
06.03.2024;17:11;A181;1;3;2;8;51;5;25;0;100;0;0;0;28;6;72;5;83;1;78;1;2;0;0;0;0;3;4;0;0;2;11
06.03.2024;17:10;A181;1;2;3;2;14;7;29;0;100;0;0;1;26;4;59;5;55;2;41;4;39;0;0;0;0;4;5;0;0;0;0
06.03.2024;17:09;A181;1;0;0;3;23;2;11;0;100;0;0;0;0;4;13;6;67;2;45;3;29;0;0;0;0;0;0;1;2;1;1
06.03.2024;17:08;A181;1;3;12;2;31;5;45;0;100;0;0;1;63;2;98;7;64;2;52;1;31;0;0;1;2;2;2;1;2;0;0
06.03.2024;17:07;A181;1;1;5;2;93;7;79;0;100;0;0;1;15;4;52;10;51;2;17;1;34;0;0;0;0;1;3;0;0;0;0
06.03.2024;17:06;A181;1;8;14;9;64;7;9;0;100;0;0;1;21;3;60;10;62;2;2;4;57;0;0;0;0;4;4;0;0;0;0
06.03.2024;17:05;A181;1;2;1;4;9;5;9;0;100;0;0;0;0;3;45;9;85;8;57;7;60;0;0;0;0;2;2;0;0;1;4
06.03.2024;17:04;A181;1;4;2;10;44;9;28;0;100;0;0;0;0;3;65;2;87;2;79;2;50;0;0;0;0;4;5;0;0;0;0
06.03.2024;17:03;A181;1;2;4;2;45;2;13;0;100;0;0;1;3;5;67;6;74;3;11;4;6;1;1;2;3;3;4;0;0;0;0
06.03.2024;17:02;A181;1;3;5;6;58;2;84;0;100;0;0;0;0;4;26;11;62;3;37;1;2;0;0;0;0;4;7;1;11;0;0
06.03.2024;17:01;A181;1;1;1;3;45;4;53;0;100;0;0;0;0;2;73;10;66;1;25;2;26;0;0;0;0;1;2;3;7;0;0
06.03.2024;17:00;A181;1;3;3;8;49;2;3;0;100;0;0;0;0;3;5;8;54;2;50;3;30;0;0;0;0;5;6;1;0;0;0
06.03.2024;16:59;A181;1;4;25;5;57;4;43;0;100;0;0;0;0;3;73;5;57;2;44;1;1;1;1;0;0;4;5;2;4;0;0
06.03.2024;16:58;A181;1;3;7;3;56;5;54;0;100;0;0;0;42;3;73;3;64;4;56;4;7;0;0;0;0;2;31;1;2;1;3
06.03.2024;16:57;A181;1;8;23;8;24;4;52;0;100;0;0;1;28;7;79;10;78;3;41;3;36;0;0;1;1;4;52;1;1;1;1
06.03.2024;16:56;A181;1;4;5;12;26;7;25;0;100;0;0;1;21;6;72;5;89;2;67;1;82;0;0;0;0;2;32;0;0;6;11
06.03.2024;16:55;A181;1;3;5;7;19;5;26;0;100;0;0;1;50;1;85;5;75;1;57;0;55;3;1;0;0;4;5;0;0;0;0
06.03.2024;16:54;A181;1;2;5;2;90;3;43;0;100;0;0;0;0;2;17;10;53;3;42;4;53;0;0;0;0;5;7;0;0;0;0
06.03.2024;16:53;A181;1;2;4;7;15;5;12;0;100;0;0;0;0;11;75;9;46;7;10;8;53;0;0;0;0;3;2;0;0;0;0
06.03.2024;16:52;A181;1;5;10;11;25;7;47;0;100;0;0;0;61;1;12;7;75;0;2;1;62;0;0;0;0;3;4;2;4;0;0
06.03.2024;16:51;A181;1;0;0;8;49;5;47;0;100;0;0;1;5;5;15;3;27;1;12;2;16;0;0;1;1;4;5;1;2;0;0
06.03.2024;16:50;A181;1;1;0;6;20;2;37;0;100;0;0;0;28;1;35;8;55;2;3;4;6;0;0;0;0;3;4;1;2;0;0
06.03.2024;16:49;A181;1;1;0;8;15;2;23;0;100;0;0;1;45;7;89;7;66;1;59;3;59;0;0;1;2;10;14;2;4;1;1
06.03.2024;16:48;A181;1;1;5;7;28;3;24;0;100;0;0;1;36;2;75;7;73;5;9;2;63;0;0;0;0;4;39;2;5;2;4
06.03.2024;16:47;A181;1;1;36;2;54;3;28;0;100;0;0;0;0;1;79;11;72;2;35;4;30;0;0;0;0;0;9;0;0;0;0
06.03.2024;16:46;A181;1;1;5;4;44;4;49;0;100;0;0;1;68;1;84;6;41;3;21;2;24;3;5;0;0;1;15;1;2;1;2
06.03.2024;16:45;A181;1;4;4;3;79;6;68;0;100;0;0;1;44;3;75;4;43;1;50;3;47;0;0;0;0;2;3;1;3;0;0
06.03.2024;16:44;A181;1;2;4;8;81;6;71;0;100;0;0;0;0;6;62;6;59;4;7;2;64;0;0;0;0;6;7;1;2;0;0
06.03.2024;16:43;A181;1;6;6;7;43;5;64;0;100;0;0;0;24;5;52;6;64;2;55;1;2;1;1;0;0;5;41;2;5;2;3
06.03.2024;16:42;A181;1;4;7;10;41;7;29;0;100;0;0;2;29;2;70;10;70;1;33;1;67;4;7;0;0;5;7;1;3;0;0
06.03.2024;16:41;A181;1;1;1;8;86;2;71;0;100;0;0;0;0;2;35;3;48;3;24;5;59;1;1;0;0;5;7;1;1;0;0
06.03.2024;16:40;A181;1;1;10;3;10;1;34;0;100;0;0;0;0;2;44;11;68;1;28;1;36;0;0;0;0;1;11;0;0;0;0
06.03.2024;16:39;A181;1;4;5;7;59;6;12;0;100;0;0;1;14;6;70;6;51;4;37;3;44;0;0;0;0;2;16;5;7;2;3
06.03.2024;16:38;A181;1;1;1;9;41;2;68;0;100;0;0;1;5;2;46;11;71;3;60;0;0;1;2;0;0;5;15;0;0;2;3
06.03.2024;16:37;A181;1;5;10;7;45;6;27;0;100;0;0;1;34;5;51;6;63;3;60;3;67;2;3;0;0;4;5;0;0;0;0
06.03.2024;16:36;A181;1;3;5;8;24;7;8;0;100;0;0;0;0;1;68;6;76;1;60;1;30;1;2;0;0;2;3;0;0;0;0
06.03.2024;16:35;A181;1;4;7;6;16;8;13;0;100;0;0;0;0;6;57;5;82;4;70;4;63;2;4;1;1;2;2;0;0;0;0
06.03.2024;16:34;A181;1;3;2;8;45;6;9;0;100;0;0;0;0;3;25;6;61;2;2;2;3;2;3;0;0;4;30;0;0;1;3
06.03.2024;16:33;A181;1;0;0;4;9;7;49;0;100;0;0;1;41;3;74;7;66;4;7;5;11;0;0;0;0;0;0;1;23;1;1
06.03.2024;16:32;A181;1;3;35;6;58;3;4;0;100;0;0;1;49;2;81;6;69;3;7;1;23;0;0;0;0;2;2;1;5;0;0
06.03.2024;16:31;A181;1;2;4;8;22;6;66;0;100;0;0;0;0;8;55;2;18;2;2;2;45;1;1;0;0;3;3;0;0;0;0
06.03.2024;16:30;A181;1;3;2;10;56;6;73;0;100;0;0;2;47;1;58;6;58;2;12;3;54;1;1;0;0;4;5;1;2;0;0
06.03.2024;16:29;A181;1;1;1;5;34;5;49;0;100;0;0;5;21;3;93;4;65;2;73;3;28;1;1;0;0;2;3;0;0;1;1
06.03.2024;16:28;A181;1;2;5;11;34;5;11;0;100;0;0;0;6;2;76;8;74;2;2;1;19;0;0;0;0;4;5;2;4;2;10
06.03.2024;16:27;A181;1;4;10;6;35;8;12;0;100;0;0;1;42;3;65;6;69;6;35;4;32;1;3;0;0;2;5;0;0;1;2
06.03.2024;16:26;A181;1;3;4;3;35;2;25;0;100;0;0;1;22;2;92;5;78;3;42;2;37;0;0;0;0;1;0;1;4;0;0
06.03.2024;16:25;A181;1;2;1;6;19;6;51;0;100;0;0;1;78;1;95;6;69;2;47;2;56;1;1;0;0;1;1;1;2;0;0
06.03.2024;16:24;A181;1;5;7;12;54;10;42;0;100;0;0;1;14;0;100;3;88;3;51;3;51;2;4;0;0;0;0;1;3;2;5
06.03.2024;16:23;A181;1;6;5;9;18;4;5;0;100;0;0;0;0;1;99;5;70;3;62;2;74;0;0;0;0;4;6;0;0;0;0
06.03.2024;16:22;A181;1;3;7;6;35;6;29;0;100;0;0;0;0;1;23;6;37;1;26;1;41;0;0;0;0;5;6;0;0;0;0
06.03.2024;16:21;A181;1;2;3;4;31;8;24;0;100;0;0;0;11;5;22;5;87;2;27;0;100;1;0;0;0;4;5;0;0;0;0
06.03.2024;16:20;A181;1;3;2;6;51;6;37;0;100;0;0;1;43;2;65;7;83;5;11;1;93;0;0;0;0;4;5;1;2;0;0
06.03.2024;16:19;A181;1;2;6;3;51;3;28;0;100;0;0;0;0;1;3;6;75;4;30;4;32;0;0;0;0;1;1;1;6;1;2
06.03.2024;16:18;A181;1;2;9;6;14;6;7;0;100;0;0;1;8;3;72;6;67;7;55;5;41;0;0;0;0;1;1;0;0;0;0
06.03.2024;16:17;A181;1;0;0;5;43;3;55;0;100;0;0;1;45;1;72;2;97;2;59;1;3;0;0;0;0;1;1;0;0;1;2
06.03.2024;16:16;A181;1;3;9;7;52;8;51;0;100;0;0;0;40;6;78;9;34;3;20;2;36;0;0;0;0;2;2;0;0;1;2
06.03.2024;16:15;A181;1;3;3;5;49;5;29;0;100;0;0;1;12;8;47;5;65;3;30;2;85;0;0;0;0;4;6;0;0;0;0
06.03.2024;16:14;A181;1;3;8;4;14;6;24;0;100;0;0;0;0;4;23;8;70;3;39;2;68;0;0;0;0;3;4;1;2;0;0
06.03.2024;16:13;A181;1;2;2;1;4;1;22;0;100;0;0;0;0;4;77;9;46;4;5;2;6;0;0;0;0;1;2;2;4;0;0
06.03.2024;16:12;A181;1;2;1;2;4;2;84;0;100;0;0;0;0;3;59;9;42;2;19;1;2;0;0;0;0;3;4;0;0;0;0
06.03.2024;16:11;A181;1;2;1;6;12;5;43;0;100;0;0;0;0;3;88;5;61;5;21;0;49;0;0;0;0;2;3;2;3;0;0
06.03.2024;16:10;A181;1;1;3;9;17;7;45;0;100;0;0;0;0;5;82;6;58;1;12;0;100;0;0;0;0;2;2;1;2;0;1
06.03.2024;16:09;A181;1;3;4;10;61;5;47;0;100;0;0;0;0;7;36;2;71;1;22;1;47;0;0;1;1;3;50;1;30;5;11
06.03.2024;16:08;A181;1;2;3;10;60;2;47;0;100;0;0;0;0;3;37;6;67;3;70;2;70;2;2;1;0;2;2;0;0;0;0
06.03.2024;16:07;A181;1;2;1;9;20;6;7;0;100;0;0;0;9;2;56;10;62;1;1;3;5;1;1;0;0;2;2;0;0;0;0
06.03.2024;16:06;A181;1;2;4;6;14;4;9;0;100;0;0;1;33;5;74;3;52;1;3;0;0;0;0;0;0;1;26;0;0;1;1
06.03.2024;16:05;A181;1;1;1;5;9;5;42;0;100;0;0;0;0;1;0;5;60;4;43;0;47;0;0;0;0;1;2;0;0;0;0
06.03.2024;16:04;A181;1;0;0;8;61;5;36;0;100;0;0;1;1;3;54;7;60;3;18;3;27;0;0;0;0;3;3;2;5;2;2
06.03.2024;16:03;A181;1;0;0;9;53;8;25;0;100;0;0;1;34;2;60;9;72;4;37;1;13;0;0;0;0;2;2;0;0;0;0
06.03.2024;16:02;A181;1;0;0;7;13;3;30;0;100;0;0;0;0;4;51;4;76;4;62;1;23;0;0;0;0;6;7;0;0;0;0
06.03.2024;16:01;A181;1;1;3;4;39;4;34;0;100;0;0;0;24;3;59;6;65;2;44;1;50;0;0;0;0;4;4;2;4;0;0
06.03.2024;16:00;A181;1;1;1;12;33;8;21;0;100;0;0;1;14;5;63;1;98;2;27;3;26;1;1;2;1;4;5;0;0;1;1
06.03.2024;15:59;A181;1;0;0;7;23;4;12;0;100;0;0;0;0;2;64;9;70;2;60;3;53;0;0;0;0;1;1;0;0;0;0
06.03.2024;15:58;A181;1;0;0;5;86;2;89;0;100;0;0;0;14;2;58;4;83;4;17;2;10;0;0;1;1;1;19;1;1;1;1
06.03.2024;15:57;A181;1;2;4;8;44;4;57;0;100;0;0;1;2;1;78;9;47;6;7;3;5;0;0;1;1;2;13;1;2;1;2
06.03.2024;15:56;A181;1;0;0;1;4;1;48;0;100;0;0;0;0;5;15;2;40;2;33;2;7;0;0;0;0;1;1;0;0;0;0
06.03.2024;15:55;A181;1;4;4;5;56;5;12;0;100;0;0;0;39;1;58;4;30;4;7;2;61;0;0;0;0;1;15;2;3;1;2
06.03.2024;15:54;A181;1;2;3;5;20;3;27;0;100;0;0;2;35;3;72;10;28;3;31;2;5;0;0;0;0;2;37;2;4;1;1
06.03.2024;15:53;A181;1;4;3;10;21;5;23;0;100;0;0;0;5;2;46;7;78;4;20;3;54;0;0;1;2;6;20;1;2;1;1
06.03.2024;15:52;A181;1;0;0;3;7;3;9;0;100;0;0;1;26;5;54;8;53;4;22;3;40;1;1;0;0;5;6;1;3;0;0
06.03.2024;15:51;A181;1;1;3;4;11;5;15;0;100;0;0;0;0;1;3;6;38;2;35;3;34;1;2;0;0;0;0;0;0;0;0
06.03.2024;15:50;A181;1;3;4;3;55;4;46;0;100;0;0;0;0;0;0;5;26;3;20;3;38;0;0;0;0;2;2;1;7;0;0
06.03.2024;15:49;A181;1;1;0;7;51;3;37;0;100;0;0;0;0;3;4;6;29;2;34;2;23;0;0;0;0;6;6;1;2;1;3
06.03.2024;15:48;A181;1;5;47;6;61;3;46;0;100;0;0;0;0;1;48;3;71;1;59;1;43;2;3;0;0;8;10;0;0;0;0
06.03.2024;15:47;A181;1;1;1;5;12;2;27;0;100;0;0;0;0;7;23;6;81;5;61;1;61;0;0;3;3;1;1;0;0;0;0
06.03.2024;15:46;A181;1;3;6;8;15;5;9;0;100;0;0;0;0;1;19;8;66;1;37;2;4;0;0;0;0;2;3;0;0;0;0
06.03.2024;15:45;A181;1;2;2;3;25;6;12;0;100;0;0;0;0;2;58;7;60;4;5;3;8;1;1;0;0;3;4;3;12;2;4
06.03.2024;15:44;A181;1;1;1;4;12;3;72;0;100;0;0;0;0;3;69;9;57;2;32;1;33;0;0;4;3;5;29;0;0;1;2
06.03.2024;15:43;A181;1;6;6;6;49;6;53;0;100;0;0;1;47;0;94;4;56;3;43;1;5;1;2;1;1;4;4;0;0;0;0
06.03.2024;15:42;A181;1;3;13;3;8;5;6;0;100;0;0;0;0;2;64;9;34;2;26;0;0;2;3;0;0;2;3;1;20;0;0
06.03.2024;15:41;A181;1;1;2;2;48;3;6;0;100;0;0;1;8;3;71;6;83;2;59;2;67;0;0;0;0;4;5;1;24;0;0
06.03.2024;15:40;A181;1;0;0;7;52;6;28;0;100;0;0;0;0;6;36;2;84;4;42;1;79;0;0;0;0;3;3;0;0;0;0
06.03.2024;15:39;A181;1;3;5;6;51;6;25;0;100;0;0;0;0;4;17;4;80;5;53;3;50;0;0;1;1;2;30;0;0;1;4
06.03.2024;15:38;A181;1;2;5;5;53;4;38;0;100;1;4;0;0;4;74;0;100;5;25;2;67;0;0;0;0;3;5;0;0;1;1
06.03.2024;15:37;A181;1;2;1;4;10;3;6;0;100;0;0;0;0;1;5;6;64;4;36;3;15;1;1;0;0;1;1;0;0;0;0
06.03.2024;15:36;A181;1;5;34;8;53;6;47;0;100;0;0;0;0;4;9;7;59;2;3;0;6;0;0;0;0;0;0;2;4;0;0
06.03.2024;15:35;A181;1;0;0;2;71;1;59;0;100;0;0;1;51;0;59;5;78;3;4;4;34;0;0;0;0;7;29;0;0;1;4
06.03.2024;15:34;A181;1;1;3;5;90;5;72;0;100;0;0;0;0;7;37;4;56;2;3;2;6;7;21;0;0;5;17;0;0;0;0
06.03.2024;15:33;A181;1;4;34;6;78;7;68;0;100;0;0;0;29;1;44;6;52;5;29;1;6;0;0;0;0;3;13;0;0;1;2
06.03.2024;15:32;A181;1;1;80;2;61;3;42;0;100;0;0;1;30;1;82;10;57;3;6;1;96;0;0;1;5;2;4;0;0;0;0
06.03.2024;15:31;A181;1;2;72;2;80;2;79;0;100;0;0;0;0;2;51;3;35;3;5;3;31;0;0;0;0;3;4;0;0;1;1
06.03.2024;15:30;A181;1;0;0;1;2;0;0;0;100;0;0;1;67;2;41;8;37;6;29;2;30;0;0;0;0;2;26;1;4;0;0
06.03.2024;15:29;A181;1;5;26;6;40;3;9;0;100;0;0;1;30;2;59;9;26;3;29;3;37;0;0;0;0;2;17;0;0;2;5
06.03.2024;15:28;A181;1;1;1;5;9;5;34;0;100;0;0;1;45;2;68;8;77;6;14;1;29;0;0;0;0;6;8;0;0;0;0
06.03.2024;15:27;A181;1;1;0;5;69;10;50;0;100;0;0;0;42;4;68;3;68;2;71;2;68;1;2;0;0;3;4;0;0;2;3
06.03.2024;15:26;A181;1;3;5;4;16;3;15;0;100;0;0;1;44;1;98;1;62;1;9;1;6;1;1;0;0;2;2;1;2;0;0
06.03.2024;15:25;A181;1;5;7;8;17;1;10;0;100;0;0;1;29;3;64;7;71;4;60;1;1;2;3;1;1;2;2;0;0;0;0
06.03.2024;15:24;A181;1;6;6;4;12;3;24;0;100;0;0;1;40;3;71;9;58;4;42;6;66;0;0;0;0;3;3;0;0;0;0
06.03.2024;15:23;A181;1;2;3;5;40;6;42;0;100;0;0;0;0;2;70;7;43;5;30;2;56;0;0;1;0;1;15;1;2;0;0
06.03.2024;15:22;A181;1;4;7;6;39;4;37;0;100;0;0;1;62;3;81;3;63;3;33;2;44;0;0;0;0;2;3;0;0;1;2
06.03.2024;15:21;A181;1;4;4;7;18;5;6;0;100;0;0;1;39;4;88;5;48;3;46;2;28;0;0;0;0;3;3;1;2;0;0
06.03.2024;15:20;A181;1;0;0;2;6;2;2;0;100;0;0;0;0;5;69;8;74;2;57;3;4;1;1;0;0;2;3;0;0;0;0
06.03.2024;15:19;A181;1;1;1;8;16;2;3;0;100;0;0;1;5;7;79;5;65;4;41;3;79;1;3;0;0;0;0;0;0;0;0
06.03.2024;15:18;A181;1;4;8;7;18;7;12;0;100;0;0;0;0;5;69;5;83;5;57;1;100;1;2;0;0;2;3;1;2;0;0
06.03.2024;15:17;A181;1;1;1;2;40;5;8;0;100;0;0;0;0;2;8;4;61;2;40;2;75;0;0;0;0;0;0;0;0;1;1
06.03.2024;15:16;A181;1;1;0;4;10;2;34;0;100;0;0;1;17;2;55;7;58;2;29;1;58;0;15;2;1;4;65;0;0;1;5
06.03.2024;15:15;A181;1;3;5;6;53;4;5;0;100;0;0;1;28;2;68;10;55;4;51;3;40;1;47;0;0;2;3;1;2;1;3
06.03.2024;15:14;A181;1;3;5;8;14;5;6;0;100;0;0;0;0;3;17;4;66;2;60;2;58;0;0;0;0;2;2;0;0;2;3
06.03.2024;15:13;A181;1;3;4;7;38;3;47;0;100;0;0;0;0;2;65;7;67;4;15;6;28;0;0;0;0;2;4;2;5;0;0
06.03.2024;15:12;A181;1;4;5;6;45;7;47;0;100;0;0;0;0;4;76;3;70;2;6;1;60;0;0;0;0;4;5;0;0;0;0
06.03.2024;15:11;A181;1;5;6;9;24;5;9;0;100;0;0;0;0;2;49;4;66;2;72;2;78;0;0;1;2;3;4;0;0;1;1
06.03.2024;15:10;A181;1;1;2;4;9;2;41;0;100;0;0;0;0;2;14;2;42;1;38;0;0;0;0;0;0;4;9;0;0;5;6
06.03.2024;15:09;A181;1;5;8;6;12;3;7;0;100;0;0;0;0;2;6;7;67;3;62;5;53;0;0;0;0;2;27;1;1;4;7
06.03.2024;15:08;A181;1;1;0;5;19;5;7;0;100;0;0;1;48;1;79;10;71;5;36;4;52;0;0;0;0;2;11;0;0;0;0
06.03.2024;15:07;A181;1;7;10;9;17;2;43;0;100;0;0;0;0;4;7;5;66;2;26;0;13;0;0;0;0;4;25;1;2;1;16
06.03.2024;15:06;A181;1;3;3;3;11;3;44;0;100;0;0;0;0;8;39;5;55;2;46;1;70;1;1;0;0;3;5;1;2;3;5
06.03.2024;15:05;A181;1;1;1;3;31;5;18;0;100;0;0;0;30;2;39;10;75;5;50;1;40;0;0;0;0;4;6;0;0;0;0
06.03.2024;15:04;A181;1;1;2;2;39;2;6;0;100;0;0;1;26;4;54;8;30;4;20;1;60;0;0;0;0;2;2;0;0;0;0
06.03.2024;15:03;A181;1;0;0;7;12;3;14;0;100;0;0;0;0;0;62;1;19;0;20;1;70;0;0;0;0;3;2;0;0;0;0
06.03.2024;15:02;A181;1;1;3;10;24;6;62;0;100;0;0;0;0;6;31;7;53;3;58;3;53;0;0;0;0;1;26;1;18;1;3
06.03.2024;15:01;A181;1;4;6;8;68;5;10;0;100;0;0;0;0;4;11;5;71;3;44;0;10;0;0;0;0;2;6;1;2;1;1
06.03.2024;15:00;A181;1;7;12;8;15;2;10;0;100;0;0;0;0;2;35;6;66;2;21;5;8;0;0;1;1;2;33;0;0;0;0
06.03.2024;14:59;A181;1;4;54;7;71;6;31;0;100;0;0;0;0;5;13;8;80;2;67;0;26;0;0;0;0;5;9;0;0;1;1
06.03.2024;14:58;A181;1;2;4;9;37;5;4;0;100;0;0;0;0;2;3;4;25;2;13;2;20;1;1;0;0;4;4;0;0;1;1
06.03.2024;14:57;A181;1;1;2;4;78;2;3;0;100;0;0;1;24;5;69;4;40;3;27;2;48;4;6;0;0;1;9;0;0;1;1
06.03.2024;14:56;A181;1;2;3;8;26;3;57;0;100;0;0;0;0;4;9;7;85;1;45;2;93;0;0;0;0;6;9;1;2;2;3
06.03.2024;14:55;A181;1;3;4;8;66;6;26;0;100;0;0;0;0;3;30;3;91;3;66;3;46;1;1;0;0;1;1;0;0;0;0
06.03.2024;14:54;A181;1;3;1;8;23;2;32;0;100;0;0;0;13;4;30;10;78;3;28;3;4;1;2;0;0;5;11;1;2;1;2
06.03.2024;14:53;A181;1;2;4;5;40;3;12;0;100;0;0;1;16;2;58;2;79;1;1;1;44;2;2;0;0;2;2;0;0;1;5
06.03.2024;14:52;A181;1;2;4;4;48;3;37;0;100;0;0;0;0;3;39;7;53;4;41;4;75;1;5;0;0;3;2;2;3;0;0
06.03.2024;14:51;A181;1;2;6;8;45;2;9;0;100;0;0;0;0;2;5;3;39;1;1;2;68;0;0;0;0;0;0;1;2;0;0
06.03.2024;14:50;A181;1;2;8;2;40;2;2;0;100;0;0;1;47;1;58;6;71;3;37;3;55;0;0;0;0;1;1;0;0;0;0
06.03.2024;14:49;A181;1;3;2;8;14;2;3;0;100;0;0;0;0;7;31;3;66;2;28;3;76;0;0;1;1;3;3;0;0;0;0
06.03.2024;14:48;A181;1;2;4;5;13;2;3;0;100;0;0;0;0;2;39;4;47;1;15;3;9;0;0;0;0;1;1;0;0;0;0
06.03.2024;14:47;A181;1;0;0;3;11;2;2;0;100;0;0;0;0;5;11;3;60;1;45;3;50;2;8;0;0;1;6;0;0;1;4
06.03.2024;14:46;A181;1;3;11;5;69;4;57;0;100;0;0;0;0;7;39;3;73;2;19;1;19;0;0;4;4;5;14;1;14;0;0
06.03.2024;14:45;A181;1;2;1;3;7;1;28;0;100;0;0;0;0;3;19;6;59;4;9;2;34;1;2;0;0;4;26;1;2;0;0
06.03.2024;14:44;A181;1;3;6;9;22;4;5;0;100;0;0;0;0;4;43;4;55;1;34;2;28;0;0;0;0;2;15;0;0;3;8
06.03.2024;14:43;A181;1;3;10;8;80;5;51;0;100;0;0;0;0;1;9;6;54;2;54;0;37;2;3;0;0;7;9;1;2;0;0
06.03.2024;14:42;A181;1;3;69;5;67;3;3;0;100;0;0;1;1;2;39;7;26;2;6;4;28;5;17;0;0;1;1;1;6;0;0
06.03.2024;14:41;A181;1;1;3;5;46;3;5;0;100;0;0;0;0;1;22;3;44;3;4;2;51;0;0;0;0;3;22;1;2;0;0
06.03.2024;14:40;A181;1;3;3;7;54;2;2;0;100;0;0;0;0;3;79;8;43;1;3;2;58;1;1;1;1;3;21;0;0;7;23
06.03.2024;14:39;A181;1;9;21;9;40;7;15;0;100;0;0;0;0;5;66;1;91;3;61;1;1;0;0;0;0;1;1;0;0;0;0
06.03.2024;14:38;A181;1;2;71;6;84;5;41;0;100;0;0;1;35;3;51;2;3;2;3;1;3;1;3;0;0;3;4;0;0;0;0
06.03.2024;14:37;A181;1;2;31;4;91;3;61;0;100;0;0;0;0;4;11;4;47;3;6;5;54;2;3;0;0;4;10;0;0;0;0
06.03.2024;14:36;A181;1;2;5;3;92;2;11;0;100;0;0;0;0;2;52;8;50;4;33;4;61;0;0;0;0;1;45;2;5;0;0
06.03.2024;14:35;A181;1;3;6;5;26;2;7;0;100;0;0;0;0;4;32;7;14;3;3;2;34;0;0;0;0;3;26;0;0;2;3
06.03.2024;14:34;A181;1;1;1;6;68;5;12;0;100;0;0;0;0;1;3;8;68;2;5;3;56;0;0;0;0;4;4;0;0;0;0
06.03.2024;14:33;A181;1;1;0;7;69;3;10;0;100;0;0;0;0;4;7;4;81;3;66;1;27;0;0;0;0;1;22;0;0;5;9
06.03.2024;14:32;A181;1;1;1;5;97;3;78;0;100;0;0;0;0;9;20;2;57;2;9;2;48;12;22;1;3;7;11;0;0;0;0
06.03.2024;14:31;A181;1;4;64;5;76;4;36;0;100;0;0;0;0;4;7;5;48;4;24;3;42;0;0;0;0;3;15;2;4;0;0
06.03.2024;14:30;A181;1;0;0;8;16;1;18;0;100;0;0;0;0;4;71;6;63;0;0;2;61;0;0;0;0;2;7;1;1;1;2
06.03.2024;14:29;A181;1;4;9;6;71;3;46;0;100;0;0;0;0;6;18;6;8;0;39;4;43;0;0;0;0;4;6;0;0;1;1
06.03.2024;14:28;A181;1;4;79;2;95;4;17;0;100;0;0;0;6;5;51;9;66;4;39;2;70;2;2;0;0;2;3;0;0;2;4
06.03.2024;14:27;A181;1;2;49;5;79;3;65;0;100;0;0;1;8;3;32;5;15;1;1;0;0;0;0;0;0;4;22;1;3;2;2
06.03.2024;14:26;A181;1;1;4;9;75;4;20;0;100;0;0;0;0;4;29;5;63;4;57;2;28;0;0;0;0;1;1;0;0;1;14
06.03.2024;14:25;A181;1;2;5;7;27;2;2;0;100;0;0;0;0;4;39;4;8;3;5;1;73;11;13;2;1;1;1;1;4;2;3
06.03.2024;14:24;A181;1;2;4;5;53;5;34;0;100;0;0;0;0;2;41;6;31;2;48;2;6;7;8;0;0;1;2;0;0;0;0
06.03.2024;14:23;A181;1;7;13;5;79;2;40;0;100;0;0;0;0;8;30;4;72;5;70;3;7;0;0;0;0;6;7;1;2;1;3
06.03.2024;14:22;A181;1;4;5;7;78;2;25;0;100;0;0;0;0;5;8;7;73;2;60;2;53;1;2;0;0;2;54;0;0;5;37
06.03.2024;14:21;A181;1;3;29;6;67;1;39;0;100;0;0;0;0;4;88;5;47;3;53;4;60;3;12;0;0;4;47;0;0;6;32
06.03.2024;14:20;A181;1;1;1;5;61;1;56;0;100;1;10;1;24;6;47;2;44;2;48;3;43;7;17;0;0;6;50;0;0;2;16
06.03.2024;14:19;A181;1;1;1;4;20;2;13;0;100;1;4;0;0;4;10;8;55;2;43;2;43;3;7;0;0;1;21;1;2;1;2
06.03.2024;14:18;A181;1;3;58;6;74;3;63;0;100;0;0;0;0;0;0;2;21;4;21;1;18;1;1;0;0;1;1;0;8;2;2
06.03.2024;14:17;A181;1;12;16;6;17;2;60;0;100;0;0;0;0;6;19;4;43;2;25;2;43;0;0;0;0;4;5;2;28;0;0
06.03.2024;14:16;A181;1;3;3;8;83;2;33;0;100;0;0;0;0;3;22;7;55;5;40;3;35;0;0;0;0;3;3;0;0;0;0
06.03.2024;14:15;A181;1;1;3;4;68;3;49;0;100;0;0;0;0;3;35;6;48;3;52;1;34;0;0;0;0;1;1;0;0;0;0
06.03.2024;14:14;A181;1;2;2;5;88;6;50;0;100;0;0;0;0;3;24;5;73;2;42;2;14;4;6;0;0;3;3;0;0;1;4
06.03.2024;14:13;A181;1;1;1;5;72;1;28;0;100;0;0;0;0;0;0;5;55;0;0;1;33;0;0;0;0;4;5;0;0;2;2
06.03.2024;14:12;A181;1;1;0;5;11;2;3;0;100;0;0;0;10;3;17;4;63;2;59;4;24;0;0;0;0;1;1;1;2;0;0
06.03.2024;14:11;A181;1;1;2;4;7;1;2;0;100;0;0;1;10;1;33;7;58;2;2;1;7;1;2;0;0;4;39;0;0;1;2
06.03.2024;14:10;A181;1;1;3;5;30;2;8;0;100;0;0;1;15;3;27;2;62;2;4;3;69;1;1;0;0;2;3;1;2;1;2
06.03.2024;14:09;A181;1;1;4;3;81;1;1;0;100;0;0;0;0;6;29;6;26;1;14;3;76;0;0;0;0;0;28;1;3;0;0
06.03.2024;14:08;A181;1;1;4;12;82;3;19;0;100;0;0;0;0;1;35;7;63;2;3;3;61;2;11;0;0;3;44;0;0;2;3
06.03.2024;14:07;A181;1;3;10;6;40;1;49;0;100;0;0;0;0;6;37;9;52;6;20;3;5;0;0;4;3;3;12;2;5;0;0
06.03.2024;14:06;A181;1;5;12;2;66;4;17;0;100;0;0;1;20;5;61;3;68;2;13;0;0;0;0;2;2;0;0;0;0;0;0
06.03.2024;14:05;A181;1;1;2;7;17;0;0;0;100;0;0;0;0;3;7;2;18;2;12;1;3;0;0;1;1;4;6;0;0;1;1
06.03.2024;14:04;A181;1;2;1;6;11;2;31;0;100;0;0;0;0;4;8;5;17;2;15;3;5;0;0;0;0;3;4;0;0;0;0
06.03.2024;14:03;A181;1;2;5;6;20;1;53;0;100;0;0;0;0;5;11;4;70;3;47;2;28;0;0;0;0;5;19;0;0;1;3
06.03.2024;14:02;A181;1;3;58;3;90;1;67;0;100;0;0;0;0;5;62;8;48;2;27;0;36;0;0;6;6;2;39;0;0;1;1
06.03.2024;14:01;A181;1;4;5;3;79;2;24;0;100;0;0;0;0;3;27;5;38;4;26;2;20;0;0;0;0;2;3;0;0;1;2
06.03.2024;14:00;A181;1;3;2;4;8;1;1;0;100;0;0;0;0;5;15;6;48;5;7;4;25;0;0;0;0;1;1;0;0;0;0
06.03.2024;13:59;A181;1;2;5;4;50;3;24;0;100;0;0;0;7;2;60;6;63;6;39;5;9;1;2;0;0;1;2;0;0;0;0
06.03.2024;13:58;A181;1;5;10;5;68;3;44;0;100;0;0;1;25;2;68;8;48;1;33;1;27;2;2;0;0;2;2;1;1;1;2
06.03.2024;13:57;A181;1;3;15;5;36;1;12;0;100;0;0;0;0;3;10;5;62;2;72;1;1;0;0;0;0;3;4;2;42;1;3
06.03.2024;13:56;A181;1;2;77;2;56;2;49;0;100;0;0;0;0;5;9;6;48;7;55;2;49;1;4;0;0;2;2;1;2;1;1
06.03.2024;13:55;A181;1;4;67;7;92;3;30;0;100;0;0;0;0;1;25;6;58;2;45;4;49;1;2;0;0;1;1;3;20;0;0
06.03.2024;13:54;A181;1;5;34;2;99;4;47;0;100;0;0;0;0;5;67;4;30;3;27;1;33;3;4;1;2;1;55;0;0;1;2
06.03.2024;13:53;A181;1;2;4;4;75;0;0;0;100;0;0;1;32;0;60;8;42;6;6;3;42;2;5;0;0;4;30;0;0;2;10
06.03.2024;13:52;A181;1;1;0;3;96;2;7;0;100;0;0;0;0;6;73;7;34;4;7;2;15;0;0;0;0;2;4;0;0;0;0
06.03.2024;13:51;A181;1;6;12;7;81;4;62;0;100;0;0;0;0;3;7;4;65;4;58;2;72;0;0;0;0;4;5;0;0;0;0
06.03.2024;13:50;A181;1;1;7;6;83;1;6;0;100;0;0;0;0;4;66;5;59;2;18;5;17;1;1;0;0;2;3;0;0;1;2
06.03.2024;13:49;A181;1;5;6;8;17;3;3;0;100;0;0;0;0;4;70;1;62;2;46;1;45;0;0;0;0;4;6;0;0;0;6
06.03.2024;13:48;A181;1;3;8;4;89;3;56;0;100;0;0;0;0;3;20;10;48;3;46;5;24;0;0;0;0;3;23;1;2;17;42
06.03.2024;13:47;A181;1;7;37;5;86;2;57;0;100;0;0;0;0;4;14;4;65;2;36;3;40;1;1;0;0;2;2;1;16;1;7
06.03.2024;13:46;A181;1;0;0;1;84;0;0;0;100;0;0;0;0;2;17;6;38;3;48;3;44;0;0;0;0;1;1;1;2;0;0
06.03.2024;13:45;A181;1;1;2;7;15;0;7;0;100;0;0;0;0;0;0;1;62;1;55;1;42;0;0;0;0;4;6;2;5;0;0
06.03.2024;13:44;A181;1;4;17;4;37;2;33;0;100;0;0;0;0;2;2;6;53;5;11;3;42;0;0;0;0;3;25;0;0;1;1
06.03.2024;13:43;A181;1;1;3;5;43;5;18;0;100;0;0;0;0;2;5;3;61;1;55;0;59;0;0;0;0;2;4;1;4;0;0
06.03.2024;13:42;A181;1;3;4;6;79;3;40;0;100;0;0;0;0;3;6;6;56;2;3;3;6;1;4;0;0;1;23;0;0;1;3
06.03.2024;13:41;A181;1;1;1;8;45;2;2;0;100;0;0;0;0;4;12;4;10;2;8;3;9;2;7;0;0;1;1;0;0;1;2
06.03.2024;13:40;A181;1;0;0;8;35;1;1;0;100;0;0;0;0;0;0;3;62;5;33;5;26;0;0;0;0;0;0;1;2;0;0
06.03.2024;13:39;A181;1;1;3;1;46;1;12;0;100;0;0;0;0;1;1;7;69;3;67;2;19;0;0;0;0;3;4;3;16;0;0
06.03.2024;13:38;A181;1;2;2;6;64;1;4;0;100;0;0;1;8;3;62;2;32;1;24;3;32;1;1;0;0;2;32;0;0;0;0
06.03.2024;13:37;A181;1;1;1;6;25;0;0;0;100;0;0;1;34;4;53;5;62;2;12;1;97;4;15;0;0;5;8;1;3;2;3
06.03.2024;13:36;A181;1;2;3;7;16;3;3;0;100;0;0;0;0;4;5;6;79;1;44;1;51;1;3;0;0;2;3;0;0;0;0
06.03.2024;13:35;A181;1;1;1;7;38;2;3;0;100;0;0;1;27;2;67;3;37;1;20;3;41;1;1;0;0;0;1;1;1;0;0
06.03.2024;13:34;A181;1;3;5;5;85;2;2;0;100;0;0;0;0;1;3;2;67;1;61;3;43;0;0;0;0;6;29;0;0;2;3
06.03.2024;13:33;A181;1;0;0;4;85;1;26;0;100;0;0;0;0;4;8;5;51;3;50;2;3;1;1;0;0;5;5;1;6;1;2
06.03.2024;13:32;A181;1;1;1;7;77;0;0;0;100;0;0;0;0;6;15;4;44;1;14;1;19;0;0;0;0;2;2;0;0;0;0
06.03.2024;13:31;A181;1;7;14;5;58;1;48;0;100;0;0;0;0;3;24;2;10;3;32;3;31;0;0;2;2;4;7;1;4;3;9
06.03.2024;13:30;A181;1;6;10;5;7;1;6;0;100;1;5;0;0;2;27;3;70;1;40;2;79;1;1;0;0;5;9;0;0;0;0
06.03.2024;13:29;A181;1;1;0;4;13;2;35;0;100;0;0;0;0;4;36;4;50;3;31;3;65;0;0;1;1;1;2;1;2;0;0
06.03.2024;13:28;A181;1;3;25;4;36;2;11;0;100;0;0;0;0;6;50;5;59;4;5;4;4;0;0;0;0;3;3;0;0;0;0
06.03.2024;13:27;A181;1;2;35;1;79;2;40;0;100;0;0;0;0;2;5;3;43;1;2;2;52;1;2;1;1;1;1;0;0;0;0
06.03.2024;13:26;A181;1;1;0;6;41;1;10;0;100;0;0;1;24;5;32;5;52;1;41;1;60;1;1;1;1;2;4;0;0;3;11
06.03.2024;13:25;A181;1;0;0;6;57;0;0;0;100;0;0;0;0;1;1;3;60;2;48;1;1;0;0;0;0;4;4;0;3;0;0
06.03.2024;13:24;A181;1;0;0;3;89;1;62;0;100;0;0;0;0;2;6;6;53;3;40;1;40;0;0;0;0;4;7;1;0;0;0
06.03.2024;13:23;A181;1;12;55;8;61;2;11;0;100;0;0;2;31;2;56;4;47;4;25;4;34;1;2;0;0;3;3;0;0;0;0
06.03.2024;13:22;A181;1;2;2;6;19;1;69;0;100;0;0;0;0;3;5;7;48;3;26;1;45;0;0;0;0;4;41;1;2;1;1
06.03.2024;13:21;A181;1;1;2;7;22;2;52;0;100;0;0;1;41;2;64;4;47;1;44;2;55;0;0;0;0;1;1;0;0;1;1
06.03.2024;13:20;A181;1;3;6;8;90;2;2;0;100;0;0;0;0;3;4;6;60;1;36;1;34;0;0;0;0;4;4;1;2;0;0
06.03.2024;13:19;A181;1;1;3;6;72;5;21;0;100;0;0;0;0;10;43;4;33;2;35;2;25;0;0;1;1;2;2;0;0;0;0
06.03.2024;13:18;A181;1;2;2;0;24;0;1;0;100;0;0;0;0;4;27;4;7;3;4;2;1;0;0;0;0;1;0;0;0;0;0
06.03.2024;13:17;A181;1;1;21;1;99;3;53;0;100;0;0;0;0;4;40;4;46;1;1;1;17;0;0;0;0;3;10;0;0;0;0
06.03.2024;13:16;A181;1;1;66;5;80;1;1;0;100;0;0;2;28;3;19;4;63;1;61;2;84;0;0;0;0;0;18;0;0;0;0
06.03.2024;13:15;A181;1;5;25;5;73;2;27;0;100;0;0;1;2;2;82;2;61;3;28;2;39;0;0;0;0;1;39;0;0;1;2
06.03.2024;13:14;A181;1;1;2;8;30;3;16;0;100;0;0;0;0;3;8;6;55;5;47;3;44;0;0;1;1;2;3;1;2;1;1
06.03.2024;13:13;A181;1;0;0;4;44;2;4;0;100;0;0;0;0;2;3;6;41;3;29;3;29;0;0;0;0;3;31;0;0;1;1
06.03.2024;13:12;A181;1;1;44;10;75;3;44;0;100;0;0;0;0;2;2;4;70;1;35;3;42;2;2;0;0;2;28;0;0;1;1
06.03.2024;13:11;A181;1;1;29;4;79;0;0;0;100;0;0;0;0;2;2;6;52;2;46;2;52;0;0;0;0;4;7;0;0;0;0
06.03.2024;13:10;A181;1;1;3;3;86;2;71;0;100;0;0;0;0;4;32;4;36;1;17;1;42;0;0;0;0;2;56;0;0;1;2
06.03.2024;13:09;A181;1;1;3;2;14;1;6;0;100;0;0;0;0;4;30;7;40;4;27;0;35;1;1;0;0;2;2;0;0;1;1
06.03.2024;13:08;A181;1;0;0;3;8;2;3;0;100;0;0;0;0;0;0;4;48;3;41;3;57;1;4;1;0;4;4;0;0;0;1
06.03.2024;13:07;A181;1;1;0;5;52;1;10;0;100;0;0;1;20;7;71;6;38;2;8;1;30;0;0;0;0;3;4;0;0;1;2
06.03.2024;13:06;A181;1;0;0;5;6;2;5;0;100;0;0;0;0;5;28;6;54;3;4;0;37;0;0;1;3;3;3;0;0;2;8
06.03.2024;13:05;A181;1;1;3;4;83;5;39;0;100;0;0;0;0;3;56;6;32;0;0;2;16;2;3;0;0;4;9;0;0;1;1
06.03.2024;13:04;A181;1;0;0;1;99;2;12;0;100;0;0;0;0;1;15;9;48;4;11;3;5;0;0;0;0;2;2;0;0;0;0
06.03.2024;13:03;A181;1;2;4;4;56;0;0;0;100;0;0;0;0;2;36;7;28;1;1;1;15;0;0;0;0;3;2;0;0;0;0
06.03.2024;13:02;A181;1;2;3;6;36;2;4;0;100;0;0;0;0;4;5;4;60;0;0;1;63;0;0;0;0;4;6;0;0;0;0
06.03.2024;13:01;A181;1;2;3;6;16;1;1;0;100;0;0;0;26;3;35;2;52;1;52;4;73;1;10;0;0;1;1;0;0;0;0
06.03.2024;13:00;A181;1;3;9;3;6;1;20;0;100;0;0;1;11;2;28;4;5;2;2;0;12;0;0;0;0;3;6;0;0;0;0
06.03.2024;12:59;A181;1;1;1;5;37;1;19;0;100;0;0;0;26;4;39;4;10;1;40;2;72;0;0;0;0;5;7;1;2;0;0
06.03.2024;12:58;A181;1;1;2;6;51;0;0;0;100;0;0;2;6;4;38;5;80;3;51;4;67;2;29;1;2;3;4;0;0;1;2
06.03.2024;12:57;A181;1;2;2;6;57;1;1;0;100;0;0;0;0;1;45;7;52;3;16;1;2;1;2;0;0;6;6;1;5;0;0
06.03.2024;12:56;A181;1;1;1;6;86;2;13;0;100;0;0;0;0;5;56;7;14;1;51;1;18;1;1;1;2;4;31;1;2;0;0
06.03.2024;12:55;A181;1;1;2;6;56;1;2;0;100;0;0;1;27;3;71;3;18;1;9;0;25;0;0;0;0;3;9;0;0;1;3
06.03.2024;12:54;A181;1;2;1;8;14;0;0;0;100;0;0;0;0;0;0;2;56;1;47;3;36;0;0;0;0;2;2;0;0;0;0
06.03.2024;12:53;A181;1;2;3;3;6;1;1;0;100;0;0;0;0;2;3;6;37;2;35;2;48;1;2;0;0;3;5;1;2;1;1
06.03.2024;12:52;A181;1;3;32;2;85;2;10;0;100;0;0;0;0;2;5;3;58;5;45;1;70;1;1;0;0;5;26;1;2;0;0
06.03.2024;12:51;A181;1;2;7;4;96;2;50;0;100;0;0;1;0;2;63;4;4;0;0;4;52;2;3;0;0;6;5;0;0;1;1
06.03.2024;12:50;A181;1;5;77;1;99;3;77;0;100;0;0;0;17;1;28;2;22;1;16;2;60;0;0;0;0;3;40;0;0;1;3
06.03.2024;12:49;A181;1;3;58;8;73;1;1;0;100;0;0;1;13;3;41;4;52;2;4;2;52;2;2;1;1;3;4;0;0;0;0
06.03.2024;12:48;A181;1;2;6;4;94;2;58;0;100;0;0;0;22;2;35;4;55;0;0;2;50;1;2;2;2;1;1;0;0;0;0
06.03.2024;12:47;A181;1;3;6;3;95;1;57;0;100;1;2;1;15;3;34;4;57;2;25;2;31;0;0;1;1;1;1;0;0;1;3
06.03.2024;12:46;A181;1;1;2;3;82;1;31;0;100;0;0;0;0;4;37;5;27;3;4;7;45;0;0;0;0;2;3;0;0;0;0
06.03.2024;12:45;A181;1;18;18;4;40;1;17;0;100;0;0;1;22;3;52;2;10;2;58;3;7;0;0;0;0;1;3;1;2;2;4
06.03.2024;12:44;A181;1;11;14;10;35;1;1;0;100;0;0;0;0;3;22;4;74;2;39;1;83;1;1;0;0;3;3;0;0;0;0
06.03.2024;12:43;A181;1;2;4;6;19;1;2;0;100;0;0;0;0;5;20;4;67;4;26;7;67;3;5;0;0;2;4;1;2;2;5
06.03.2024;12:42;A181;1;1;0;2;94;3;37;0;100;0;0;0;0;7;27;6;14;1;3;3;19;0;0;0;0;2;2;0;0;0;0
06.03.2024;12:41;A181;1;1;4;6;92;2;22;0;100;1;39;1;39;1;100;2;9;0;5;0;5;1;1;0;0;3;32;0;0;0;0
06.03.2024;12:40;A181;1;2;61;7;88;3;23;0;100;0;0;0;0;5;10;2;13;1;10;3;27;0;0;0;0;3;3;0;0;1;1
06.03.2024;12:39;A181;1;2;27;4;82;3;13;0;100;0;0;1;48;2;52;9;69;3;4;4;74;0;0;0;0;6;10;0;0;0;0
06.03.2024;12:38;A181;1;4;12;5;94;1;25;0;100;0;0;1;1;0;100;4;62;2;37;1;33;0;0;0;0;1;1;1;36;0;0
06.03.2024;12:37;A181;1;4;3;7;79;2;25;0;100;0;0;2;3;1;99;2;37;1;1;1;2;1;1;0;0;3;7;0;0;1;1
06.03.2024;12:36;A181;1;2;5;6;48;0;0;0;100;0;0;0;0;0;100;4;10;2;3;4;53;1;2;0;0;2;10;0;0;0;0
06.03.2024;12:35;A181;1;0;0;4;7;0;0;0;100;0;0;0;0;0;100;9;34;5;8;3;13;0;0;1;1;1;4;0;0;0;0
06.03.2024;12:34;A181;1;3;13;4;29;1;76;0;100;0;0;1;82;1;28;6;36;1;1;0;40;0;0;0;0;1;22;1;8;0;0
06.03.2024;12:33;A181;1;4;2;9;20;2;44;0;100;0;0;1;6;2;62;3;18;2;16;2;51;0;0;0;0;3;10;0;0;1;1
06.03.2024;12:32;A181;1;5;39;7;53;2;2;0;100;0;0;1;27;4;51;3;71;0;0;1;47;0;0;0;0;4;5;0;0;0;0
06.03.2024;12:31;A181;1;1;21;8;23;1;3;0;100;0;0;0;0;3;19;6;60;5;60;2;2;0;0;0;0;3;6;0;0;0;0
06.03.2024;12:30;A181;1;4;79;3;25;2;13;0;100;0;0;0;0;5;16;7;47;3;41;6;8;0;1;0;0;3;4;0;0;0;0
06.03.2024;12:29;A181;1;4;3;6;87;2;68;0;100;0;0;0;0;4;62;8;61;5;43;2;40;1;5;0;0;3;4;0;0;0;0
06.03.2024;12:28;A181;1;0;0;4;9;1;2;0;100;0;0;0;0;3;5;3;16;1;11;1;52;0;0;0;0;0;0;0;0;0;0
06.03.2024;12:27;A181;1;2;3;9;51;3;39;0;100;0;0;0;0;1;74;9;18;1;5;3;24;0;0;0;0;2;2;1;2;0;0
06.03.2024;12:26;A181;1;0;60;3;70;3;54;0;100;0;0;0;0;4;16;3;55;2;27;1;2;0;0;1;1;3;4;0;0;0;0
06.03.2024;12:25;A181;1;3;34;6;35;1;31;0;100;0;0;1;19;1;46;7;36;4;6;2;60;4;7;0;0;5;7;2;4;0;0
06.03.2024;12:24;A181;1;2;5;4;9;0;18;0;100;0;0;0;29;2;86;5;21;2;20;2;10;0;0;0;0;0;0;0;0;0;0
06.03.2024;12:23;A181;1;1;1;3;19;4;21;0;100;0;0;1;14;0;100;4;27;2;16;4;18;0;0;0;0;6;6;0;0;0;0
06.03.2024;12:22;A181;1;2;1;5;54;2;46;0;100;0;0;5;7;1;90;3;46;3;38;0;78;0;0;0;0;1;1;0;0;0;0
06.03.2024;12:21;A181;1;0;0;2;8;2;8;0;100;0;0;3;5;2;11;4;48;3;43;3;23;0;0;0;0;1;1;0;0;0;0
06.03.2024;12:20;A181;1;2;3;4;87;2;4;0;100;0;0;0;0;0;0;2;8;1;5;1;2;1;1;0;0;6;9;0;0;1;2
06.03.2024;12:19;A181;1;2;1;9;20;1;1;0;100;0;0;0;0;3;79;3;29;4;35;3;65;2;3;0;0;2;31;0;0;1;2
06.03.2024;12:18;A181;1;3;6;11;25;3;24;0;100;0;0;0;0;4;46;3;72;1;2;1;84;1;1;0;0;2;2;3;15;0;0
06.03.2024;12:17;A181;1;4;9;3;45;2;23;0;100;0;0;0;0;3;4;7;39;4;12;1;1;2;3;0;0;5;6;1;2;0;0
06.03.2024;12:16;A181;1;5;56;4;88;1;0;0;100;0;0;0;0;4;12;5;35;5;13;3;3;1;2;0;0;3;3;0;0;0;0
06.03.2024;12:15;A181;1;3;24;4;84;1;30;0;100;0;0;0;0;5;27;5;36;2;19;3;15;0;0;0;0;4;4;3;5;0;0
06.03.2024;12:14;A181;1;1;3;4;69;1;17;0;100;0;0;0;0;1;43;3;55;4;59;1;71;0;0;0;0;1;1;1;30;0;0
06.03.2024;12:13;A181;1;2;5;7;27;1;5;0;100;0;0;0;0;2;78;5;35;1;3;0;0;1;1;0;0;2;3;2;9;0;0
06.03.2024;12:12;A181;1;3;67;4;92;6;79;0;100;0;0;0;0;4;55;3;18;2;14;2;44;0;0;0;0;1;31;0;0;2;5
06.03.2024;12:11;A181;1;1;2;6;85;3;12;0;100;0;0;0;0;4;49;7;55;5;18;2;38;1;1;0;0;0;0;1;2;1;2
06.03.2024;12:10;A181;1;1;0;5;10;2;4;0;100;0;0;0;0;5;47;4;62;2;37;4;75;0;0;0;0;1;1;1;3;0;0
06.03.2024;12:09;A181;1;4;3;6;38;2;53;0;100;0;0;0;0;1;1;2;47;2;33;2;22;1;1;0;0;4;5;0;0;0;0
06.03.2024;12:08;A181;1;3;4;4;27;3;9;0;100;0;0;0;0;1;17;3;33;2;5;3;27;0;0;0;0;3;15;2;18;2;3
06.03.2024;12:07;A181;1;3;5;5;17;1;3;0;100;0;0;0;0;9;65;5;69;6;38;3;3;1;3;0;0;2;3;0;0;1;1
06.03.2024;12:06;A181;1;1;2;2;68;2;9;0;100;0;0;0;0;4;19;4;36;4;6;3;3;1;4;0;0;4;5;0;0;4;9
06.03.2024;12:05;A181;1;1;1;3;7;0;0;0;100;0;0;1;10;0;31;4;3;2;33;2;44;5;8;0;0;0;0;0;0;1;1
06.03.2024;12:04;A181;1;1;3;0;0;2;3;0;100;0;0;0;0;4;29;7;49;2;3;3;61;0;0;0;0;2;3;1;2;0;0
06.03.2024;12:03;A181;1;5;6;7;30;3;10;0;100;0;0;0;0;2;5;2;2;1;1;2;25;0;0;0;0;3;4;2;4;0;0
06.03.2024;12:02;A181;1;3;48;4;43;3;31;0;100;0;0;0;0;3;42;4;9;0;0;0;0;0;0;0;0;3;5;1;2;0;0
06.03.2024;12:01;A181;1;5;19;4;56;1;32;0;100;0;0;1;32;2;51;5;5;3;2;2;52;0;0;1;2;3;3;1;12;0;0
06.03.2024;12:00;A181;1;1;6;7;38;2;15;0;100;0;0;0;0;2;16;4;7;2;7;4;12;1;1;0;0;5;7;0;0;0;0
06.03.2024;11:59;A181;1;4;70;1;71;1;1;0;100;0;0;1;1;3;49;3;38;2;26;1;46;0;0;0;0;3;6;1;8;0;0
06.03.2024;11:58;A181;1;3;6;8;16;0;0;0;100;0;0;0;0;1;51;3;69;2;59;2;60;2;2;0;0;3;21;0;0;1;3
06.03.2024;11:57;A181;1;4;11;4;50;3;23;0;100;0;0;0;0;2;7;7;56;3;31;1;45;1;2;1;1;0;0;0;0;1;8
06.03.2024;11:56;A181;1;2;7;4;44;1;4;0;100;0;0;0;0;4;30;5;69;2;62;1;45;0;0;0;0;2;2;0;0;0;0
06.03.2024;11:55;A181;1;4;2;6;64;2;5;0;100;0;0;0;0;3;14;2;18;1;22;1;41;1;9;0;0;1;1;1;3;1;1
06.03.2024;11:54;A181;1;1;7;4;93;3;38;0;100;0;0;0;0;4;72;3;50;3;3;4;55;2;6;0;0;2;28;0;0;1;13
06.03.2024;11:53;A181;1;3;13;2;85;2;63;0;100;0;0;0;0;3;76;6;60;2;51;3;82;0;0;0;0;4;5;0;0;0;0
06.03.2024;11:52;A181;1;2;49;3;78;1;67;0;100;0;0;0;0;2;52;5;51;2;46;1;35;0;0;0;0;3;4;0;0;0;0
06.03.2024;11:51;A181;1;2;6;4;61;2;39;0;100;0;0;0;0;0;27;2;2;0;0;2;50;0;0;0;0;4;10;0;0;1;3
06.03.2024;11:50;A181;1;0;0;4;40;2;17;0;100;0;0;0;0;6;17;4;25;1;1;0;0;0;0;0;0;1;1;0;0;0;0
06.03.2024;11:49;A181;1;2;26;6;50;5;35;0;100;0;0;0;0;5;34;5;8;2;3;3;6;0;0;0;0;2;2;1;3;0;0
06.03.2024;11:48;A181;1;2;35;2;95;1;55;0;100;0;0;0;0;1;49;2;41;7;48;6;59;2;5;0;0;3;4;1;3;0;0
06.03.2024;11:47;A181;1;1;0;5;83;1;4;0;100;0;0;1;20;3;70;3;50;4;48;2;62;0;0;0;0;5;7;0;0;0;0
06.03.2024;11:46;A181;1;3;10;4;55;3;5;0;100;0;0;0;0;7;17;8;55;2;6;2;5;0;0;0;0;0;19;0;0;0;0
06.03.2024;11:45;A181;1;1;2;5;70;3;59;0;100;0;0;1;19;3;49;3;54;3;32;1;4;0;0;0;0;3;14;0;0;1;1
06.03.2024;11:44;A181;1;4;3;5;11;0;0;0;100;0;0;0;0;2;5;1;23;0;17;0;0;0;0;0;0;2;4;0;0;0;0
06.03.2024;11:43;A181;1;1;1;6;11;0;0;0;100;0;0;0;0;4;61;5;48;3;55;5;9;0;0;0;0;1;1;1;2;0;0
06.03.2024;11:42;A181;1;4;6;8;18;1;1;0;100;0;0;1;74;3;66;2;71;4;39;3;6;0;0;0;0;2;2;0;0;0;0
06.03.2024;11:41;A181;1;2;4;6;24;1;55;0;100;0;0;2;71;3;9;5;25;2;4;1;2;1;1;1;2;2;2;2;12;0;0
06.03.2024;11:40;A181;1;4;76;4;79;1;67;0;100;0;0;0;0;5;50;5;44;5;47;3;2;0;0;0;0;2;71;0;0;2;5
06.03.2024;11:39;A181;1;2;3;2;26;2;70;0;100;0;0;0;16;2;55;2;19;1;30;2;29;1;1;0;0;0;0;0;0;0;0
06.03.2024;11:38;A181;1;5;8;5;92;2;43;0;100;0;0;1;26;4;52;4;39;2;35;2;73;0;0;1;1;1;0;1;2;0;0
06.03.2024;11:37;A181;1;0;0;4;51;1;6;0;100;0;0;0;25;1;37;6;22;2;7;1;36;0;0;0;0;4;9;2;3;0;0
06.03.2024;11:36;A181;1;2;26;7;43;2;24;0;100;0;0;1;4;2;50;3;42;0;0;1;22;0;0;0;0;1;26;0;0;1;2
06.03.2024;11:35;A181;1;5;33;7;36;0;0;0;100;0;0;1;3;3;94;8;46;6;37;6;37;1;3;0;0;3;12;1;3;0;0
06.03.2024;11:34;A181;1;4;4;6;61;3;3;0;100;0;0;0;0;1;54;3;60;1;55;3;10;0;0;0;0;2;3;0;0;0;0
06.03.2024;11:33;A181;1;4;7;8;39;0;0;0;100;0;0;0;0;7;55;4;7;4;7;3;4;0;0;0;0;1;1;1;1;0;0
06.03.2024;11:32;A181;1;2;46;3;68;1;20;0;100;0;0;0;0;1;56;4;18;5;29;3;5;0;0;0;0;3;3;0;0;0;0
06.03.2024;11:31;A181;1;0;0;3;28;1;1;0;100;0;0;0;0;2;4;4;40;2;38;0;35;0;0;0;0;1;1;0;0;0;0
06.03.2024;11:30;A181;1;1;1;4;11;3;11;0;100;0;0;0;0;2;8;5;36;4;31;2;39;0;0;0;0;0;0;0;0;0;0
06.03.2024;11:29;A181;1;1;3;5;13;0;0;0;100;0;0;0;0;5;32;2;35;1;7;2;53;0;0;0;0;2;3;0;12;0;0
06.03.2024;11:28;A181;1;4;11;5;75;2;67;0;100;0;0;0;0;4;18;0;29;0;24;1;38;0;0;0;0;4;36;1;0;1;3
06.03.2024;11:27;A181;1;1;3;3;8;0;0;0;100;0;0;0;0;3;8;4;70;1;46;3;32;0;0;1;1;2;4;0;0;1;1
06.03.2024;11:26;A181;1;1;4;5;7;0;0;0;100;0;0;0;0;6;31;8;39;3;29;3;8;0;0;1;1;2;2;0;0;0;0
06.03.2024;11:25;A181;1;1;10;3;19;1;1;0;100;0;0;0;0;2;15;2;51;2;18;2;15;2;6;0;0;1;1;0;0;0;0
06.03.2024;11:24;A181;1;5;15;4;36;2;7;0;100;0;0;0;0;6;31;4;36;2;33;2;22;0;0;0;0;1;1;0;0;1;2
06.03.2024;11:23;A181;1;2;46;5;82;2;57;0;100;0;0;0;0;0;0;2;18;0;0;3;6;0;0;1;2;3;4;1;2;0;0
06.03.2024;11:22;A181;1;1;2;2;6;0;0;0;100;0;0;0;0;1;43;2;32;5;20;2;15;0;0;0;0;1;1;0;0;0;0
06.03.2024;11:21;A181;1;5;8;5;13;1;3;0;100;0;0;0;0;4;82;2;29;5;17;4;41;2;4;0;0;3;3;0;0;1;1
06.03.2024;11:20;A181;1;1;4;8;15;1;1;0;100;0;0;0;0;3;59;3;16;2;21;1;3;0;0;0;0;2;1;0;0;0;0
06.03.2024;11:19;A181;1;3;4;3;6;0;0;0;100;0;0;0;0;6;14;3;66;1;38;2;18;0;0;0;0;0;0;2;14;0;0
06.03.2024;11:18;A181;1;2;7;3;80;5;15;0;100;0;0;0;0;0;0;3;52;4;23;3;18;1;1;0;0;4;5;0;0;0;0
06.03.2024;11:17;A181;1;2;3;6;77;1;4;0;100;0;0;0;0;4;4;2;58;2;42;6;32;0;0;0;0;5;5;0;0;2;3
06.03.2024;11:16;A181;1;4;46;4;50;2;5;0;100;0;0;0;0;5;22;3;27;0;0;0;15;3;6;0;0;2;2;0;0;0;0
06.03.2024;11:15;A181;1;4;67;4;82;1;26;0;100;0;0;0;0;0;0;3;41;1;19;1;49;0;0;0;0;3;4;0;0;0;0
06.03.2024;11:14;A181;1;2;3;5;51;1;1;0;100;0;0;0;0;4;57;3;57;1;20;3;28;0;0;0;0;1;1;1;2;0;0
06.03.2024;11:13;A181;1;0;0;3;23;1;3;0;100;0;0;0;0;4;14;6;36;2;2;3;4;0;0;0;0;1;2;0;0;0;0
06.03.2024;11:12;A181;1;0;0;2;3;1;2;0;100;0;0;1;19;5;60;8;56;5;46;3;44;0;0;0;0;1;1;0;0;0;0
06.03.2024;11:11;A181;1;3;16;5;7;0;0;0;100;0;0;0;17;3;22;1;99;1;83;1;37;0;0;0;0;3;4;0;0;0;0
06.03.2024;11:10;A181;1;7;23;1;33;0;23;0;100;0;0;1;12;2;72;4;39;5;50;5;8;0;0;0;0;0;0;0;0;0;0
06.03.2024;11:09;A181;1;2;55;2;90;1;82;0;100;0;0;0;0;5;57;2;48;4;17;0;0;0;0;0;0;0;0;0;0;0;0
06.03.2024;11:08;A181;1;3;3;6;14;2;6;0;100;0;0;0;0;0;0;3;38;3;36;2;3;0;0;0;0;2;6;1;2;2;20
06.03.2024;11:07;A181;1;1;2;2;3;0;0;0;100;0;0;0;0;4;30;4;21;2;2;1;0;0;0;0;0;2;2;0;0;0;0
06.03.2024;11:06;A181;1;2;1;3;7;1;17;0;100;0;0;0;0;1;3;6;8;5;25;2;13;0;0;0;0;0;0;1;2;0;0
06.03.2024;11:05;A181;1;2;5;1;49;0;34;0;100;0;0;0;0;5;10;2;43;3;30;4;64;0;0;0;0;2;2;0;0;0;0
06.03.2024;11:04;A181;1;2;1;2;27;2;2;0;100;0;0;0;0;7;16;0;100;1;93;4;62;0;0;0;0;6;8;0;0;1;4
06.03.2024;11:03;A181;1;3;35;5;63;3;58;0;100;0;0;1;1;1;42;3;21;2;17;1;2;0;0;0;0;2;1;0;0;0;0
06.03.2024;11:02;A181;1;2;3;3;5;0;0;0;100;0;0;0;0;4;17;2;14;0;0;1;3;0;0;0;0;2;3;0;0;0;0
06.03.2024;11:01;A181;1;3;3;6;12;0;0;0;100;0;0;0;0;6;10;7;45;4;19;1;1;0;0;0;0;1;3;0;0;0;0
06.03.2024;11:00;A181;1;4;26;5;40;1;1;0;100;0;0;0;0;4;22;2;3;0;0;2;71;0;0;0;0;3;3;0;0;0;0
06.03.2024;10:59;A181;1;5;6;10;23;2;3;0;100;0;0;0;0;4;13;5;57;8;45;3;52;1;1;0;0;3;15;1;5;0;0
06.03.2024;10:58;A181;1;0;0;2;6;0;1;0;100;0;0;0;0;3;15;3;15;5;13;2;11;0;0;0;0;4;6;0;0;1;2
06.03.2024;10:57;A181;1;0;0;3;6;1;1;0;100;0;0;0;0;3;78;5;22;1;24;1;6;1;2;0;0;1;2;0;0;2;3
06.03.2024;10:56;A181;1;3;9;2;4;0;0;0;100;0;0;1;39;3;82;4;36;5;37;1;1;0;0;0;0;1;1;1;2;0;0
06.03.2024;10:55;A181;1;7;7;3;17;2;22;0;100;0;0;0;0;0;100;5;6;2;2;2;3;0;0;0;0;1;1;1;0;0;0
06.03.2024;10:54;A181;1;6;12;2;44;2;6;0;100;0;0;0;0;0;100;6;26;2;19;5;44;1;2;0;0;1;1;0;0;0;0
06.03.2024;10:53;A181;1;1;1;4;28;1;22;0;100;0;0;0;0;1;83;6;46;2;3;2;25;0;0;0;0;1;1;0;0;0;0
06.03.2024;10:52;A181;1;4;6;9;57;2;68;0;100;0;0;0;5;1;96;6;26;5;16;4;17;0;0;0;0;2;3;0;0;0;0
06.03.2024;10:51;A181;1;2;2;4;9;0;0;0;100;0;0;1;28;3;16;6;39;3;30;2;37;0;0;0;0;0;0;0;0;1;3
06.03.2024;10:50;A181;1;1;1;3;8;0;0;0;100;0;0;0;0;2;6;7;34;4;23;6;23;0;0;0;0;1;1;0;0;0;0
06.03.2024;10:49;A181;1;0;0;4;7;2;49;0;100;0;0;1;0;4;11;8;28;6;31;0;0;0;0;0;0;2;3;1;2;0;0
06.03.2024;10:48;A181;1;2;3;7;17;1;33;0;100;0;0;0;0;9;23;3;34;1;25;1;3;0;0;1;1;7;8;2;5;1;6
06.03.2024;10:47;A181;1;1;3;3;5;3;5;0;100;0;0;1;35;5;53;3;34;5;8;5;28;0;0;1;1;1;1;0;0;0;0
06.03.2024;10:46;A181;1;4;4;5;9;2;24;0;100;0;0;0;0;3;62;4;69;2;57;2;2;0;0;0;0;2;2;0;0;0;0
06.03.2024;10:45;A181;1;1;1;5;14;2;23;0;100;0;0;0;0;2;28;7;40;3;13;3;26;0;0;0;0;0;0;1;2;0;0
06.03.2024;10:44;A181;1;2;8;4;22;0;0;0;100;0;0;0;0;4;13;2;25;6;33;5;9;1;1;0;0;2;4;0;0;0;0
06.03.2024;10:43;A181;1;0;0;2;63;0;0;0;100;0;0;0;0;2;82;5;22;3;17;6;14;0;0;0;0;1;1;0;0;0;0
06.03.2024;10:42;A181;1;2;5;5;47;1;48;0;100;0;0;0;0;2;3;3;29;2;31;1;4;0;0;0;0;8;8;0;0;0;0
06.03.2024;10:41;A181;1;3;2;4;32;3;5;0;100;0;0;1;16;6;45;1;98;1;2;0;0;1;3;0;0;0;0;0;0;0;11
06.03.2024;10:40;A181;1;0;0;1;1;0;0;0;100;0;0;0;0;2;2;0;100;5;31;4;6;0;0;1;2;2;21;1;5;0;100
06.03.2024;10:39;A181;1;1;1;8;15;0;0;0;100;0;0;0;0;4;29;1;91;0;0;4;21;0;0;0;0;3;18;0;0;0;100
06.03.2024;10:38;A181;1;1;1;7;14;1;4;0;100;0;0;0;0;5;25;3;51;4;45;2;57;0;0;0;0;1;24;0;0;0;100
06.03.2024;10:37;A181;1;2;4;4;10;2;3;0;100;0;0;0;0;2;82;5;55;2;49;3;54;0;0;0;0;2;28;0;0;0;100
06.03.2024;10:36;A181;1;0;1;4;88;2;76;0;100;0;0;0;0;3;32;3;39;3;4;5;25;0;0;0;0;2;4;0;0;0;100
06.03.2024;10:35;A181;1;3;4;6;57;2;49;0;100;0;0;0;0;0;76;5;22;4;3;2;58;0;0;0;0;1;9;0;0;0;100
06.03.2024;10:34;A181;1;2;4;5;14;1;4;0;100;0;0;1;1;7;22;2;87;3;94;1;97;0;0;0;0;2;17;0;0;0;100
06.03.2024;10:33;A181;1;1;1;4;7;0;0;0;100;0;0;0;0;10;22;2;51;1;24;0;30;0;0;0;0;1;9;0;0;0;100
06.03.2024;10:32;A181;1;3;4;5;84;3;3;0;100;0;0;1;53;5;89;3;24;2;2;4;22;3;6;2;3;1;1;0;0;0;100
06.03.2024;10:31;A181;1;0;1;2;9;2;21;0;100;0;0;0;0;2;7;3;43;4;22;5;15;0;0;0;0;0;0;0;0;0;100
06.03.2024;10:30;A181;1;2;7;4;15;1;4;0;100;0;0;0;0;2;5;2;26;3;29;2;22;0;0;0;0;5;29;0;0;0;100
06.03.2024;10:29;A181;1;2;6;2;5;1;2;0;100;0;0;1;13;3;20;3;52;2;49;2;26;0;0;0;0;0;5;0;0;0;100
06.03.2024;10:28;A181;1;3;4;3;6;1;1;0;100;0;0;0;0;6;56;4;62;2;60;2;77;0;0;0;0;3;29;0;0;0;100
06.03.2024;10:27;A181;1;0;0;2;4;1;1;0;100;0;0;0;0;1;42;5;64;6;45;2;35;0;0;0;0;1;1;0;0;1;51
06.03.2024;10:26;A181;1;3;4;1;6;2;2;0;100;0;0;0;0;1;35;5;16;4;20;1;2;1;1;0;0;3;2;0;0;0;0
06.03.2024;10:25;A181;1;1;1;4;20;0;0;0;100;0;0;2;38;1;44;5;47;3;2;2;2;0;0;0;0;4;6;0;0;0;0
06.03.2024;10:24;A181;1;0;0;5;28;0;0;0;100;0;0;0;0;4;25;6;50;4;21;1;36;0;0;0;0;0;0;0;0;0;0
06.03.2024;10:23;A181;1;0;0;2;1;0;0;0;100;0;0;1;45;0;65;5;58;2;46;4;63;0;0;0;0;1;14;0;0;0;0
06.03.2024;10:22;A181;1;1;4;4;52;0;60;0;100;0;0;0;0;6;78;4;38;2;30;2;24;0;0;0;0;2;16;0;0;1;1
06.03.2024;10:21;A181;1;1;2;5;12;1;12;0;100;0;0;0;0;3;10;1;67;1;46;1;71;0;0;0;0;0;0;0;0;0;0
06.03.2024;10:20;A181;1;4;8;3;91;0;0;0;100;0;0;2;39;4;61;3;31;3;17;3;18;0;0;0;0;0;0;0;0;0;0
06.03.2024;10:19;A181;1;0;0;3;33;1;4;0;100;0;0;1;1;6;12;3;69;1;47;1;50;0;0;0;0;2;5;0;0;0;0
06.03.2024;10:18;A181;1;1;2;5;11;1;2;0;100;0;0;0;0;4;9;6;45;1;35;2;55;0;0;1;1;0;0;0;0;0;0
06.03.2024;10:17;A181;1;1;2;2;76;1;26;0;100;0;0;0;0;4;26;5;38;4;14;2;58;0;0;0;0;2;5;0;0;0;0
06.03.2024;10:16;A181;1;0;0;6;15;3;23;0;100;0;0;0;0;4;17;8;48;4;4;1;100;0;0;0;0;0;0;0;0;2;5
06.03.2024;10:15;A181;1;1;1;4;20;1;1;0;100;0;0;0;1;1;9;6;25;0;45;0;46;0;0;0;0;2;2;0;0;0;0
06.03.2024;10:14;A181;1;3;10;3;63;1;6;0;100;0;0;1;21;3;54;3;52;4;35;7;20;0;0;0;0;0;0;0;0;0;0
06.03.2024;10:13;A181;1;5;9;5;15;3;10;0;100;0;0;0;0;0;54;1;51;0;0;0;0;0;0;0;0;0;0;0;0;0;0
06.03.2024;10:12;A181;1;2;2;4;13;1;30;0;100;0;0;0;0;2;24;4;6;3;16;2;31;0;0;0;0;0;0;1;2;1;1
06.03.2024;10:11;A181;1;3;4;3;33;0;0;0;100;0;0;0;0;6;40;1;54;2;7;1;4;0;0;0;0;2;2;0;0;0;0
06.03.2024;10:10;A181;1;1;1;5;39;1;2;0;100;0;0;0;6;2;23;4;33;3;21;2;11;0;0;0;0;2;2;0;0;0;0
06.03.2024;10:09;A181;1;1;1;3;4;2;25;0;100;0;0;1;48;2;79;4;47;1;43;1;2;0;0;0;0;1;1;0;0;0;0
06.03.2024;10:08;A181;1;2;1;1;2;0;0;0;100;0;0;1;38;1;83;5;33;6;12;0;29;0;0;0;0;0;1;1;2;0;0
06.03.2024;10:07;A181;1;3;5;7;14;1;2;0;100;0;0;0;0;2;78;5;12;0;0;2;8;1;4;0;0;4;3;1;3;0;0
06.03.2024;10:06;A181;1;3;5;3;61;0;56;0;100;0;0;0;0;4;68;3;49;1;1;3;7;0;0;0;0;1;1;1;19;1;2
06.03.2024;10:05;A181;1;2;41;3;44;1;26;0;100;0;0;0;0;4;46;5;60;2;39;2;46;0;0;0;0;1;4;1;1;2;4
06.03.2024;10:04;A181;1;6;13;4;18;1;2;0;100;0;0;0;0;4;44;5;54;3;28;3;85;0;0;0;0;2;2;1;2;0;0
06.03.2024;10:03;A181;1;1;4;1;8;1;9;0;100;0;0;0;10;3;21;5;24;4;7;4;8;0;0;0;0;0;0;0;0;0;0
06.03.2024;10:02;A181;1;1;7;1;8;1;2;0;100;0;0;1;47;1;74;3;45;4;27;4;45;0;0;0;0;2;2;0;0;0;0
06.03.2024;10:01;A181;1;1;1;0;0;1;47;0;100;0;0;1;53;4;87;4;19;4;27;2;35;0;0;0;0;1;1;0;0;0;0
06.03.2024;10:00;A181;1;2;2;7;14;0;0;0;100;0;0;0;0;8;80;7;30;4;30;1;38;0;0;0;0;3;3;1;4;0;0
06.03.2024;09:59;A181;1;4;5;4;10;0;0;0;100;0;0;0;0;3;58;4;51;2;13;3;81;0;0;0;0;0;0;0;0;0;0
06.03.2024;09:58;A181;1;1;1;3;7;0;0;0;100;0;0;0;0;6;80;3;33;5;47;4;59;0;0;0;0;0;0;0;0;0;0
06.03.2024;09:57;A181;1;0;0;5;9;1;1;0;100;0;0;0;0;5;30;7;37;3;5;3;34;0;0;0;0;1;1;0;0;1;1
06.03.2024;09:56;A181;1;0;0;2;4;0;1;0;100;0;0;0;0;1;3;1;31;2;2;2;4;0;0;0;0;2;12;1;2;0;0
06.03.2024;09:55;A181;1;0;0;4;7;1;43;0;100;0;0;0;0;6;10;2;36;4;6;2;45;1;2;0;0;1;1;2;4;0;0
06.03.2024;09:54;A181;1;1;0;3;4;2;54;0;100;0;0;1;67;3;97;5;37;1;17;3;17;0;0;0;0;3;7;1;2;1;2
06.03.2024;09:53;A181;1;3;2;5;10;0;0;0;100;0;0;0;0;3;9;6;46;2;28;2;11;0;0;0;0;4;6;0;0;0;0
06.03.2024;09:52;A181;1;2;11;2;5;1;3;0;100;0;0;0;0;2;59;5;37;4;56;3;14;1;3;0;0;1;28;0;0;1;3
06.03.2024;09:51;A181;1;0;39;4;10;3;3;0;100;0;0;0;0;5;50;1;56;1;3;5;33;0;0;0;0;1;16;1;3;1;5
06.03.2024;09:50;A181;1;4;45;8;17;0;0;0;100;0;0;0;0;4;31;2;52;3;63;2;68;0;0;0;0;2;3;2;5;0;0
06.03.2024;09:49;A181;1;4;4;4;7;1;3;0;100;0;0;0;0;3;27;6;58;6;53;2;5;0;0;0;0;2;3;2;4;0;0
06.03.2024;09:48;A181;1;3;4;4;14;2;36;0;100;0;0;0;0;5;79;6;48;4;7;6;10;0;0;0;0;1;1;1;2;1;3
06.03.2024;09:47;A181;1;0;0;3;33;1;2;0;100;0;0;0;0;2;10;3;18;3;20;1;2;0;0;0;0;0;0;0;0;0;0
06.03.2024;09:46;A181;1;3;3;2;74;1;7;0;100;0;0;0;0;5;11;6;36;6;36;3;7;0;0;0;0;7;9;1;2;0;0
06.03.2024;09:45;A181;1;3;3;11;23;3;44;0;100;0;0;0;0;2;68;2;17;5;20;1;1;0;0;0;0;2;3;0;0;0;0
06.03.2024;09:44;A181;1;1;1;6;8;1;1;0;100;0;0;0;43;2;67;2;53;2;44;2;3;0;0;0;0;1;1;0;0;0;0
06.03.2024;09:43;A181;1;1;2;2;8;0;0;0;100;0;0;1;16;1;63;5;60;2;12;2;4;1;1;0;0;2;3;1;2;0;0
06.03.2024;09:42;A181;1;3;12;4;9;0;0;0;100;0;0;0;5;3;17;8;54;4;21;3;63;0;0;0;0;2;3;2;4;0;0
06.03.2024;09:41;A181;1;4;14;5;24;2;11;0;100;0;0;1;44;3;76;6;45;4;37;4;16;0;0;0;0;4;6;0;0;0;0
06.03.2024;09:40;A181;1;1;2;5;12;0;0;0;100;0;0;0;0;4;80;6;39;0;22;4;36;0;0;0;0;1;1;0;0;0;0
06.03.2024;09:39;A181;1;5;47;8;64;2;48;0;100;0;0;0;0;4;62;7;43;8;43;2;36;1;1;0;0;2;3;1;2;0;0
06.03.2024;09:38;A181;1;1;0;3;54;1;4;0;100;0;0;0;0;2;58;1;46;2;47;4;46;0;0;0;0;4;6;0;0;1;2
06.03.2024;09:37;A181;1;1;1;5;24;0;0;0;100;0;0;0;0;2;5;7;72;2;41;1;5;0;0;0;0;3;4;1;7;0;0
06.03.2024;09:36;A181;1;5;10;9;19;2;2;0;100;0;0;0;23;4;35;3;93;5;71;4;9;0;0;0;0;1;1;0;0;0;0
06.03.2024;09:35;A181;1;1;1;1;11;0;0;0;100;0;0;1;33;3;85;3;48;2;48;1;3;0;0;0;0;2;4;0;0;0;0
06.03.2024;09:34;A181;1;2;1;2;53;0;0;0;100;0;0;0;0;4;67;4;4;3;39;3;15;0;0;0;0;1;1;0;0;1;2
06.03.2024;09:33;A181;1;1;2;3;45;1;42;0;100;0;0;1;38;1;92;7;33;4;8;1;2;0;0;0;0;2;2;0;0;0;0
06.03.2024;09:32;A181;1;4;4;5;8;3;8;0;100;0;0;0;0;3;80;8;57;1;9;3;13;0;0;0;0;2;3;1;2;0;0
06.03.2024;09:31;A181;1;4;3;4;10;4;18;0;100;0;0;1;3;3;68;8;60;4;53;4;38;2;4;0;0;3;4;0;0;0;0
06.03.2024;09:30;A181;1;4;4;4;44;2;37;0;100;0;0;0;0;3;74;3;31;1;26;4;31;0;0;0;0;0;0;0;0;0;0
06.03.2024;09:29;A181;1;3;2;4;40;3;53;0;100;0;0;0;0;3;77;4;33;5;44;3;44;1;1;0;0;0;0;0;0;0;0
06.03.2024;09:28;A181;1;2;12;7;43;1;29;0;100;0;0;0;0;2;62;3;70;3;65;1;72;0;0;0;0;3;3;0;0;0;0
06.03.2024;09:27;A181;1;2;78;4;76;2;44;0;100;0;0;0;0;8;66;6;46;4;35;4;5;0;0;0;0;1;2;1;7;0;0
06.03.2024;09:26;A181;1;0;0;2;5;0;0;0;100;1;2;0;0;3;78;2;20;0;0;0;21;0;0;0;0;1;1;0;0;0;0
06.03.2024;09:25;A181;1;4;55;3;84;1;30;0;100;0;0;0;0;6;34;2;21;0;7;1;15;1;1;0;0;3;4;1;3;0;0
06.03.2024;09:24;A181;1;3;3;9;34;1;5;0;100;0;0;1;42;5;77;5;14;1;37;1;2;4;19;0;0;2;7;2;45;2;11
06.03.2024;09:23;A181;1;0;0;5;13;0;34;0;100;0;0;0;40;1;57;3;61;4;46;2;41;0;0;0;0;1;29;0;0;4;4
06.03.2024;09:22;A181;1;2;4;8;37;3;7;0;100;0;0;1;6;7;45;6;73;4;38;1;36;1;1;0;0;1;1;1;2;0;0
06.03.2024;09:21;A181;1;2;1;6;26;1;1;0;100;0;0;0;0;4;25;5;30;2;2;1;47;2;7;0;0;4;9;1;2;0;0
06.03.2024;09:20;A181;1;2;4;3;12;1;2;0;100;0;0;0;0;2;65;5;44;4;5;3;10;0;0;0;0;3;4;0;0;0;0
06.03.2024;09:19;A181;1;0;0;5;12;0;0;0;100;0;0;0;0;2;85;9;68;6;37;1;2;1;1;0;0;1;25;0;0;3;8
06.03.2024;09:18;A181;1;3;4;7;18;3;40;0;100;0;0;0;0;6;9;5;33;1;16;0;0;0;0;0;0;4;6;0;0;0;0
06.03.2024;09:17;A181;1;0;0;2;5;3;44;0;100;0;0;0;0;3;74;2;29;1;23;3;34;2;5;0;0;1;1;0;0;0;0
06.03.2024;09:16;A181;1;0;0;4;46;0;34;0;100;0;0;0;40;1;95;5;60;1;36;2;75;0;0;0;0;4;5;0;0;0;0
06.03.2024;09:15;A181;1;2;4;3;44;2;58;0;100;0;0;1;11;5;46;4;6;2;42;2;47;0;0;0;0;4;9;0;0;0;0
06.03.2024;09:14;A181;1;0;0;5;7;4;27;0;100;0;0;0;4;1;31;3;45;3;32;1;56;2;4;0;0;0;0;0;0;0;0
06.03.2024;09:13;A181;1;0;0;3;7;0;0;0;100;0;0;1;44;5;77;12;28;5;9;5;9;0;0;0;0;0;0;1;3;2;3
06.03.2024;09:12;A181;1;2;6;6;37;2;43;0;100;0;0;0;0;2;81;1;21;1;22;0;29;0;0;0;0;0;0;0;0;0;0
06.03.2024;09:11;A181;1;2;7;5;12;2;5;0;100;0;0;0;0;2;3;8;41;5;36;8;42;0;0;0;0;2;3;0;0;0;0
06.03.2024;09:10;A181;1;2;56;5;40;1;1;0;100;0;0;0;0;5;79;1;1;2;2;0;0;0;0;0;0;2;3;2;9;0;0
06.03.2024;09:09;A181;1;3;53;3;50;0;40;0;100;0;0;0;0;4;81;4;33;2;2;2;4;0;0;0;0;3;3;0;0;0;0
06.03.2024;09:08;A181;1;1;1;5;13;2;30;0;100;0;0;0;0;4;66;4;59;3;36;1;2;0;0;0;0;0;0;0;0;0;0
06.03.2024;09:07;A181;1;3;6;5;12;1;31;0;100;0;0;0;0;6;50;5;6;1;2;2;61;2;2;0;0;1;2;0;0;1;1
06.03.2024;09:06;A181;1;3;3;6;12;1;3;0;100;0;0;0;0;2;97;4;52;0;0;0;75;0;0;0;0;3;31;0;0;1;8
06.03.2024;09:05;A181;1;0;0;3;8;2;7;0;100;0;0;0;0;4;88;5;16;3;22;2;27;0;0;0;0;1;1;0;0;0;0
06.03.2024;09:04;A181;1;1;2;0;0;0;0;0;100;0;0;0;0;5;83;6;15;6;40;4;17;1;3;0;0;0;0;0;0;1;3
06.03.2024;09:03;A181;1;3;3;5;52;3;51;0;100;0;0;0;57;6;83;3;26;1;2;2;35;0;0;2;3;3;3;2;4;3;6
06.03.2024;09:02;A181;1;2;2;2;56;3;8;0;100;0;0;1;7;2;67;3;50;4;47;2;46;0;0;0;0;0;0;1;7;0;0
06.03.2024;09:01;A181;1;1;2;3;25;0;0;0;100;0;0;0;0;2;61;10;69;3;38;2;16;0;0;1;1;1;1;2;7;0;0
06.03.2024;09:00;A181;1;1;4;4;12;0;3;0;100;0;0;0;8;5;56;4;69;5;57;3;68;1;1;0;0;3;4;1;2;0;0
06.03.2024;08:59;A181;1;0;2;4;17;1;54;0;100;0;0;1;47;2;74;1;4;1;32;1;2;0;0;0;0;0;0;2;6;1;1
06.03.2024;08:58;A181;1;4;19;5;37;6;46;0;100;0;0;0;0;4;77;5;43;2;2;2;2;0;0;0;0;0;0;0;0;0;0
06.03.2024;08:57;A181;1;3;48;7;58;1;55;0;100;0;0;0;0;1;59;11;58;4;7;5;7;0;0;0;0;1;1;1;2;0;0
06.03.2024;08:56;A181;1;3;3;4;6;1;1;0;100;0;0;1;24;6;92;3;41;0;0;0;9;0;0;0;0;2;2;1;1;0;0
06.03.2024;08:55;A181;1;4;6;4;8;3;7;0;100;0;0;0;0;2;52;4;62;1;56;3;74;1;1;1;1;1;1;2;6;1;1
06.03.2024;08:54;A181;1;3;6;4;37;0;17;0;100;0;0;0;24;7;46;3;12;2;57;1;46;0;0;0;0;4;5;0;0;0;0
06.03.2024;08:53;A181;1;5;6;6;19;3;18;0;100;0;0;1;36;8;84;8;32;6;55;4;11;0;0;0;0;1;1;0;0;0;0
06.03.2024;08:52;A181;1;1;3;4;14;1;1;0;100;0;0;1;37;3;92;5;43;1;37;0;43;0;0;1;1;2;2;0;0;0;0
06.03.2024;08:51;A181;1;3;3;2;59;1;53;0;100;0;0;1;41;2;66;3;42;1;20;2;26;0;0;0;0;1;1;0;0;0;0
06.03.2024;08:50;A181;1;3;1;5;16;0;68;0;100;0;0;0;0;2;91;7;44;6;28;2;34;1;2;0;0;1;1;1;2;0;0
06.03.2024;08:49;A181;1;3;48;6;13;2;11;0;100;0;0;2;59;4;93;6;61;3;24;3;23;0;0;0;0;2;3;0;0;0;0
06.03.2024;08:48;A181;1;1;2;3;6;0;0;0;100;0;0;0;0;7;89;3;56;2;54;3;12;0;0;0;0;1;0;2;5;0;0
06.03.2024;08:47;A181;1;5;4;3;7;2;22;0;100;0;0;0;0;6;93;6;53;2;17;2;75;0;0;0;0;3;4;0;0;0;0
06.03.2024;08:46;A181;1;0;0;4;15;2;20;0;100;0;0;0;0;3;93;11;67;5;51;5;36;0;0;0;0;3;5;0;0;1;3
06.03.2024;08:45;A181;1;2;2;2;4;0;0;0;100;0;0;0;0;4;89;3;42;3;50;4;53;0;0;0;0;5;7;0;0;0;0
06.03.2024;08:44;A181;1;1;0;6;22;1;6;0;100;0;0;1;56;2;95;4;29;2;33;1;31;0;0;2;2;1;1;0;0;0;0
06.03.2024;08:43;A181;1;2;1;7;13;1;2;0;100;0;0;1;64;3;95;8;46;6;52;6;63;0;0;0;0;0;0;0;0;1;9
06.03.2024;08:42;A181;1;4;7;7;20;1;19;0;100;0;0;1;55;3;96;6;54;4;49;6;15;1;2;0;0;1;0;1;3;2;1
06.03.2024;08:41;A181;1;5;8;3;8;1;1;0;100;0;0;1;15;3;98;6;58;4;51;3;42;1;3;0;0;3;30;0;0;2;5
06.03.2024;08:40;A181;1;5;3;5;17;0;0;0;100;0;0;0;0;5;62;1;60;1;1;1;65;0;0;0;0;1;1;0;0;0;0
06.03.2024;08:39;A181;1;2;6;4;10;0;2;0;100;0;0;0;0;7;88;6;61;1;61;2;66;0;0;0;0;2;6;1;1;0;0
06.03.2024;08:38;A181;1;5;9;4;21;1;14;0;100;0;0;1;48;4;92;8;44;5;54;5;47;1;1;0;0;1;1;1;2;0;0
06.03.2024;08:37;A181;1;0;7;2;6;2;6;0;100;0;0;0;0;1;100;4;35;2;27;2;23;0;1;2;4;1;1;0;0;0;0
06.03.2024;08:36;A181;1;2;22;5;51;1;1;0;100;0;0;1;50;2;74;5;62;4;14;0;43;1;1;1;1;2;2;1;2;0;0
06.03.2024;08:35;A181;1;5;20;5;63;3;34;0;100;0;0;0;0;6;90;5;47;2;48;1;73;0;0;1;3;2;2;0;0;0;0
06.03.2024;08:34;A181;1;7;6;3;7;0;0;0;100;0;0;0;42;5;70;5;67;5;46;3;67;0;0;0;0;0;0;0;0;0;0
06.03.2024;08:33;A181;1;4;5;2;4;2;3;0;100;0;0;1;41;8;81;4;27;1;1;3;76;1;1;0;0;1;1;1;2;0;0
06.03.2024;08:32;A181;1;6;11;5;13;0;0;0;100;0;0;1;27;2;89;4;52;2;3;3;42;0;0;0;0;5;23;0;0;1;6
06.03.2024;08:31;A181;1;2;2;0;0;0;0;0;100;0;0;0;0;4;77;5;45;2;23;0;76;0;0;0;0;0;0;0;0;1;1
06.03.2024;08:30;A181;1;4;17;4;9;3;37;0;100;0;0;0;0;3;89;6;47;1;21;1;63;0;0;0;0;0;0;2;5;0;0
06.03.2024;08:29;A181;1;1;0;0;0;0;0;0;100;0;0;0;0;2;99;8;54;4;25;3;30;0;0;0;0;0;0;1;2;0;0
06.03.2024;08:28;A181;1;3;4;6;11;2;37;0;100;0;0;1;41;4;83;2;57;5;48;5;76;0;0;0;0;1;1;0;0;1;2
06.03.2024;08:27;A181;1;3;10;5;46;1;5;0;100;0;0;0;0;2;23;3;23;0;0;1;85;0;0;1;1;4;5;1;3;0;0
06.03.2024;08:26;A181;1;4;3;5;39;0;0;0;100;0;0;0;30;1;54;3;46;5;9;2;46;0;0;1;1;3;3;0;0;0;0
06.03.2024;08:25;A181;1;5;4;10;51;2;3;0;100;0;0;1;7;7;54;5;58;1;35;1;36;0;0;0;0;5;7;0;0;1;1
06.03.2024;08:24;A181;1;2;5;3;45;1;39;0;100;0;0;1;18;2;66;3;37;2;6;0;0;2;2;0;0;0;1;0;0;0;0
06.03.2024;08:23;A181;1;1;0;2;4;1;1;0;100;0;0;1;52;2;97;6;54;1;4;4;12;0;0;0;0;1;0;1;1;0;2
06.03.2024;08:22;A181;1;4;7;7;46;1;41;0;100;0;0;1;60;1;99;3;43;4;11;2;10;0;0;0;0;3;4;2;3;1;0
06.03.2024;08:21;A181;1;6;18;6;29;2;16;0;100;0;0;0;0;5;96;9;66;5;11;5;73;0;0;0;0;3;3;1;2;0;0
06.03.2024;08:20;A181;1;6;9;5;9;3;5;0;100;0;0;0;0;8;87;3;56;1;68;4;93;0;0;0;0;1;17;1;2;1;1
06.03.2024;08:19;A181;1;5;33;6;37;1;1;0;100;0;0;2;27;0;100;7;74;3;41;1;87;0;0;0;0;1;1;1;2;0;0
06.03.2024;08:18;A181;1;9;19;7;29;0;0;0;100;0;0;1;48;0;100;7;61;3;5;1;70;0;0;0;0;2;2;2;12;0;0
06.03.2024;08:17;A181;1;3;72;3;75;1;7;0;100;0;0;1;58;0;100;5;48;4;5;4;5;0;0;0;0;5;7;1;2;0;0
06.03.2024;08:16;A181;1;2;4;4;8;0;0;0;100;0;0;2;4;0;100;4;40;3;18;4;7;0;0;0;0;2;1;0;0;0;0
06.03.2024;08:15;A181;1;5;13;5;49;1;7;0;100;0;0;0;0;0;100;4;11;2;7;2;53;0;0;0;0;1;0;1;2;0;0
06.03.2024;08:14;A181;1;3;3;2;60;0;0;0;100;0;0;0;60;2;47;2;38;3;45;2;51;0;0;0;0;0;0;0;0;1;2
06.03.2024;08:13;A181;1;8;15;9;51;1;2;0;100;0;0;1;56;0;80;3;3;0;0;0;0;4;7;0;0;1;1;0;0;1;1
06.03.2024;08:12;A181;1;1;3;5;14;1;4;0;100;0;0;1;26;0;100;2;2;1;1;3;55;0;0;0;0;3;4;2;3;1;1
06.03.2024;08:11;A181;1;2;35;5;17;0;1;0;100;0;0;0;0;1;97;7;62;2;52;4;44;0;0;0;0;1;1;1;2;1;1
06.03.2024;08:10;A181;1;5;9;4;9;2;8;0;100;0;0;1;15;0;100;8;51;3;42;1;86;0;0;0;0;3;3;2;3;0;0
06.03.2024;08:09;A181;1;1;2;4;42;2;36;0;100;0;0;2;40;1;100;2;38;1;27;2;55;0;0;0;0;1;1;1;2;0;0
06.03.2024;08:08;A181;1;2;4;6;13;1;1;0;100;0;0;1;53;0;100;3;41;1;34;1;90;0;0;0;0;1;1;0;0;1;3
06.03.2024;08:07;A181;1;1;1;4;9;2;4;0;100;0;0;1;1;1;99;8;63;4;37;3;6;2;3;0;0;1;1;0;0;0;0
06.03.2024;08:06;A181;1;4;5;9;20;1;18;0;100;0;0;0;11;1;98;6;76;1;4;2;82;2;4;0;0;1;17;1;2;1;3
06.03.2024;08:05;A181;1;1;0;3;6;2;19;0;100;0;0;1;64;1;99;5;69;3;6;2;28;0;0;0;0;1;1;1;3;0;0
06.03.2024;08:04;A181;1;3;2;10;20;2;28;0;100;0;0;0;0;0;100;4;56;3;45;1;77;0;0;0;0;4;34;2;6;3;7
06.03.2024;08:03;A181;1;0;0;3;7;1;38;0;100;0;0;0;0;4;96;8;53;4;45;0;69;2;5;0;0;0;0;1;2;0;0
06.03.2024;08:02;A181;1;0;2;3;7;2;5;0;100;0;0;0;0;0;100;7;45;6;31;3;83;0;0;0;0;0;0;2;4;0;0
06.03.2024;08:01;A181;1;5;7;5;12;1;23;0;100;0;0;1;66;0;100;4;37;2;44;2;33;1;3;0;0;2;3;2;4;0;0
06.03.2024;08:00;A181;1;6;2;3;8;1;28;0;100;0;0;0;56;0;100;0;0;0;0;0;0;1;1;0;0;0;0;0;0;0;0
06.03.2024;07:59;A181;1;4;5;4;56;2;38;0;100;0;0;1;48;0;100;3;40;1;18;1;26;0;0;0;0;1;40;1;2;3;6
06.03.2024;07:58;A181;1;2;1;10;75;1;26;0;100;0;0;1;45;0;100;3;63;5;32;2;73;1;1;0;0;3;22;2;3;2;3
06.03.2024;07:57;A181;1;8;13;6;77;2;56;0;100;0;0;3;45;0;100;4;50;2;38;3;53;0;0;2;3;3;5;4;9;0;0
06.03.2024;07:56;A181;1;2;5;5;23;2;3;0;100;0;0;1;48;3;95;10;16;6;8;2;44;1;5;2;2;2;4;1;2;0;0
06.03.2024;07:55;A181;1;4;3;3;55;0;0;0;100;0;0;1;64;0;100;9;36;2;18;5;51;1;1;0;0;1;1;0;0;1;3
06.03.2024;07:54;A181;1;2;48;6;59;2;2;0;100;0;0;1;63;0;100;8;36;4;22;3;44;1;1;0;0;0;0;1;2;0;0
06.03.2024;07:53;A181;1;3;34;9;29;0;0;0;100;0;0;0;44;5;91;5;57;1;15;2;46;1;1;0;0;1;1;1;2;0;0
06.03.2024;07:52;A181;1;5;11;9;20;0;34;0;100;0;0;1;44;1;100;4;64;3;50;6;72;0;0;0;0;5;31;0;0;1;3
06.03.2024;07:51;A181;1;4;6;4;6;3;16;0;100;0;0;1;19;0;100;10;73;3;25;3;51;1;1;0;0;2;30;1;2;3;5
06.03.2024;07:50;A181;1;4;3;6;11;1;3;0;100;0;0;0;0;0;100;8;81;3;64;3;84;1;4;0;0;2;3;1;2;0;0
06.03.2024;07:49;A181;1;3;9;3;9;1;1;0;100;0;0;2;1;0;100;8;49;4;6;3;68;0;0;0;0;2;2;0;0;0;0
06.03.2024;07:48;A181;1;7;19;3;48;3;18;0;100;0;0;0;0;2;98;5;28;0;45;4;62;0;0;0;0;0;0;0;0;0;0
06.03.2024;07:47;A181;1;4;45;4;58;0;0;0;100;0;0;0;0;3;96;6;40;2;44;3;13;1;1;0;0;1;5;0;0;2;18
06.03.2024;07:46;A181;1;12;16;9;21;2;4;0;100;0;0;0;60;1;100;7;66;4;4;3;56;1;2;0;0;2;18;0;0;2;2
06.03.2024;07:45;A181;1;2;2;5;9;0;0;0;100;0;0;1;54;0;100;5;47;3;52;4;66;1;1;0;0;4;5;4;10;0;0
06.03.2024;07:44;A181;1;1;0;5;12;0;17;0;100;0;0;1;22;0;100;7;39;4;58;0;72;1;1;0;0;4;25;3;7;0;0
06.03.2024;07:43;A181;1;4;2;7;19;3;32;0;100;0;0;2;2;0;100;6;65;7;45;7;60;0;0;0;0;1;76;0;0;2;3
06.03.2024;07:42;A181;1;2;2;6;57;2;78;0;100;0;0;0;0;0;100;4;52;3;45;5;31;1;1;2;2;4;5;2;4;0;0
06.03.2024;07:41;A181;1;0;0;3;6;2;3;0;100;0;0;1;60;0;100;11;45;6;23;3;29;0;0;0;0;1;2;0;0;0;0
06.03.2024;07:40;A181;1;5;11;5;14;2;2;0;100;0;0;1;71;0;100;9;17;4;11;3;67;0;0;1;1;0;0;0;0;0;0
06.03.2024;07:39;A181;1;3;8;6;23;1;1;0;100;0;0;0;56;2;100;1;22;1;43;1;52;0;0;0;0;2;2;2;28;0;0
06.03.2024;07:38;A181;1;8;9;5;48;1;1;0;100;0;0;1;7;0;100;3;25;1;1;3;5;1;2;0;0;1;1;0;0;6;11
06.03.2024;07:37;A181;1;2;2;7;36;1;2;0;100;0;0;0;0;2;99;5;31;5;9;2;37;0;0;0;0;0;0;0;0;0;0
06.03.2024;07:36;A181;1;4;33;2;61;3;6;0;100;0;0;0;10;3;96;2;66;0;0;0;68;0;0;0;0;0;0;0;0;1;2
06.03.2024;07:35;A181;1;6;76;6;46;0;0;0;100;0;0;2;70;4;96;6;63;3;49;4;75;0;0;0;0;3;7;0;0;1;15
06.03.2024;07:34;A181;1;2;1;4;15;1;25;0;100;0;0;2;76;1;100;3;51;2;40;2;17;1;3;0;0;0;0;1;6;1;2
06.03.2024;07:33;A181;1;3;2;6;63;1;17;0;100;0;0;1;35;3;81;9;57;4;43;2;17;0;0;0;0;2;4;0;0;0;0
06.03.2024;07:32;A181;1;1;4;5;16;0;0;0;100;0;0;0;60;3;83;3;56;2;47;1;44;0;0;0;0;0;0;2;4;0;0
06.03.2024;07:31;A181;1;2;6;4;11;1;1;0;100;0;0;1;50;4;96;3;44;3;34;3;9;1;2;0;0;3;5;1;2;1;2
06.03.2024;07:30;A181;1;2;2;5;28;0;24;0;100;0;0;2;47;4;98;2;33;5;53;4;6;0;0;0;0;4;7;0;0;0;0
06.03.2024;07:29;A181;1;2;6;5;18;1;24;0;100;0;0;1;9;3;61;5;11;6;42;4;52;0;0;2;1;1;1;0;0;0;0
06.03.2024;07:28;A181;1;0;0;3;33;1;7;0;100;0;0;1;39;5;94;1;37;0;36;1;48;0;0;0;0;0;0;0;0;2;3
06.03.2024;07:27;A181;1;0;0;2;5;0;0;0;100;0;0;2;60;3;93;4;48;5;38;4;48;0;0;0;0;0;0;1;1;1;1
06.03.2024;07:26;A181;1;2;2;5;8;2;40;0;100;0;0;3;64;5;93;10;63;6;48;3;15;1;2;0;0;3;4;0;0;0;0
06.03.2024;07:25;A181;1;6;32;6;44;2;3;0;100;0;0;1;58;5;93;3;60;1;53;4;60;0;0;0;0;5;8;0;0;0;0
06.03.2024;07:24;A181;1;4;39;3;66;0;37;0;100;0;0;3;55;7;84;5;18;2;6;3;95;0;0;0;0;2;2;0;0;1;1
06.03.2024;07:23;A181;1;11;15;3;10;1;11;0;100;0;0;1;35;7;91;7;62;5;38;2;87;0;0;0;0;1;1;0;0;0;0
06.03.2024;07:22;A181;1;8;11;8;21;0;0;0;100;0;0;0;20;2;97;5;52;5;33;3;63;0;0;0;0;3;4;0;0;0;0
06.03.2024;07:21;A181;1;4;4;5;54;1;1;0;100;0;0;4;34;5;78;3;52;2;42;5;52;2;2;0;0;2;5;0;0;1;3
06.03.2024;07:20;A181;1;0;0;3;7;0;0;0;100;0;0;1;64;0;100;1;32;1;32;0;23;0;0;2;3;1;5;0;0;1;10
06.03.2024;07:19;A181;1;5;4;2;84;2;12;0;100;0;0;0;0;4;96;3;39;6;42;4;64;0;0;1;3;1;20;0;0;1;1
06.03.2024;07:18;A181;1;3;5;9;25;1;1;0;100;0;0;0;59;2;99;2;28;1;7;0;0;1;1;0;0;2;3;0;0;0;0
06.03.2024;07:17;A181;1;3;7;5;27;0;41;0;100;0;0;1;13;5;92;3;31;4;7;2;43;0;0;0;0;2;28;0;0;1;1
06.03.2024;07:16;A181;1;6;9;6;14;2;28;0;100;0;0;0;23;3;89;3;56;3;48;2;71;0;0;0;0;1;27;1;28;1;3
06.03.2024;07:15;A181;1;7;15;5;10;1;8;0;100;0;0;1;27;6;74;2;58;2;2;5;43;0;0;0;0;2;2;0;0;0;0
06.03.2024;07:14;A181;1;2;1;2;11;0;0;0;100;0;0;1;49;6;81;4;48;5;8;3;41;0;0;0;0;1;1;0;0;0;0
06.03.2024;07:13;A181;1;1;3;3;32;0;0;0;100;0;0;1;55;3;98;10;37;4;6;2;22;0;0;0;0;2;2;0;0;0;0
06.03.2024;07:12;A181;1;1;3;4;16;3;36;0;100;0;0;0;0;3;95;5;13;1;2;0;29;0;0;0;0;0;0;0;0;0;0
06.03.2024;07:11;A181;1;0;0;2;3;0;0;0;100;0;0;0;0;1;81;3;37;0;0;2;59;0;0;0;0;4;8;0;0;0;0
06.03.2024;07:10;A181;1;4;8;5;9;0;0;0;100;0;0;1;42;1;51;9;14;4;3;3;48;0;0;0;0;1;1;1;2;0;0
06.03.2024;07:09;A181;1;3;3;3;34;1;2;0;100;0;0;1;1;1;65;8;34;4;30;4;8;1;1;0;0;5;9;1;12;0;0
06.03.2024;07:08;A181;1;4;3;6;18;1;3;0;100;0;0;1;1;2;97;1;47;2;42;2;24;0;0;0;0;1;1;0;0;0;0
06.03.2024;07:07;A181;1;3;5;2;5;2;43;0;100;0;0;0;0;2;84;6;57;2;46;2;77;0;0;0;0;3;7;0;0;0;0
06.03.2024;07:06;A181;1;1;4;1;50;0;0;0;100;0;0;1;39;1;69;5;44;2;30;2;18;1;1;0;0;1;3;1;1;0;0
06.03.2024;07:05;A181;1;2;1;2;3;2;2;0;100;0;0;0;0;0;88;5;55;5;44;2;59;0;0;0;0;2;2;0;0;0;0
06.03.2024;07:04;A181;1;2;4;7;60;1;14;0;100;0;0;0;0;2;15;1;43;1;39;1;60;0;0;0;0;2;2;1;11;0;0
06.03.2024;07:03;A181;1;2;2;4;10;0;0;0;100;0;0;0;0;1;72;2;24;0;0;1;2;0;0;0;0;2;2;1;4;0;0
06.03.2024;07:02;A181;1;1;0;4;31;0;0;0;100;0;0;0;0;0;100;3;74;1;0;1;61;0;0;0;0;4;12;2;6;0;0
06.03.2024;07:01;A181;1;0;0;2;68;0;0;0;100;0;0;0;0;1;57;1;22;2;42;2;35;0;0;0;0;0;0;0;0;0;0
06.03.2024;07:00;A181;1;2;2;1;3;1;3;0;100;0;0;0;0;1;4;0;28;0;0;0;0;0;0;0;0;2;5;0;0;0;0
06.03.2024;06:59;A181;1;0;0;5;10;2;12;0;100;0;0;0;0;1;93;6;55;3;32;2;30;0;0;0;0;2;1;1;2;0;0
06.03.2024;06:58;A181;1;3;9;3;20;2;22;0;100;0;0;0;0;7;95;3;19;7;33;5;36;0;0;0;0;1;1;1;4;0;0
06.03.2024;06:57;A181;1;0;0;5;53;1;3;0;100;0;0;0;0;2;90;4;8;4;41;3;34;0;0;0;0;0;0;0;0;0;0
06.03.2024;06:56;A181;1;1;0;2;3;1;2;0;100;0;0;0;7;4;14;5;73;3;52;2;28;0;0;0;0;0;0;0;0;0;0
06.03.2024;06:55;A181;1;2;2;2;5;0;0;0;100;0;0;1;21;6;38;1;4;1;9;1;26;0;0;0;0;3;6;0;0;0;0
06.03.2024;06:54;A181;1;0;0;6;20;1;8;0;100;0;0;0;0;7;63;2;53;3;62;3;63;0;0;0;0;0;0;0;0;0;0
06.03.2024;06:53;A181;1;0;0;3;5;0;0;0;100;0;0;0;0;2;58;9;49;3;5;3;34;0;0;0;0;1;2;1;2;0;0
06.03.2024;06:52;A181;1;1;1;2;5;0;0;0;100;0;0;0;0;2;19;6;45;7;23;2;35;0;0;0;0;3;3;0;0;0;0
06.03.2024;06:51;A181;1;0;0;1;3;1;6;0;100;0;0;0;0;7;16;1;6;1;1;1;27;0;0;0;0;0;0;1;9;0;0
06.03.2024;06:50;A181;1;1;2;3;7;0;0;0;100;0;0;0;0;2;70;2;57;3;60;3;59;0;0;0;0;2;20;0;0;0;0
06.03.2024;06:49;A181;1;0;0;7;11;1;3;0;100;0;0;0;0;9;70;2;60;1;2;2;4;0;0;0;0;4;12;1;2;0;0
06.03.2024;06:48;A181;1;0;0;9;14;1;1;0;100;0;0;5;11;1;98;4;31;5;5;2;3;0;0;0;0;3;3;2;4;0;0
06.03.2024;06:47;A181;1;2;2;3;11;1;3;0;100;0;0;5;23;0;100;5;40;8;38;2;18;0;0;0;0;1;1;0;0;0;0
06.03.2024;06:46;A181;1;1;1;4;45;1;31;0;100;0;0;7;25;2;92;1;40;0;0;1;47;0;0;0;0;0;0;0;0;0;0
06.03.2024;06:45;A181;1;0;0;3;43;1;42;0;100;0;0;0;0;1;95;3;20;1;1;6;21;0;0;0;0;0;0;1;2;0;0
06.03.2024;06:44;A181;1;0;0;2;2;0;0;0;100;0;0;5;8;5;8;2;29;0;0;2;3;0;0;1;1;0;0;1;2;0;0
06.03.2024;06:43;A181;1;0;0;6;6;0;0;0;100;0;0;3;7;2;76;2;19;0;0;0;0;0;0;0;0;1;1;0;0;0;0
06.03.2024;06:42;A181;1;0;0;3;37;0;0;0;100;0;0;4;18;5;83;3;28;5;32;2;19;0;0;0;0;2;3;0;0;0;0
06.03.2024;06:41;A181;1;0;0;5;28;1;22;0;100;0;0;5;10;6;64;3;48;2;38;2;10;0;0;0;0;0;0;1;8;1;3
06.03.2024;06:40;A181;1;0;0;3;23;1;21;0;100;0;0;3;5;6;22;1;1;3;4;3;4;0;0;0;0;1;1;0;0;0;0
06.03.2024;06:39;A181;1;0;0;1;3;0;0;0;100;0;0;3;18;9;85;2;2;0;38;1;37;0;0;0;0;2;3;1;2;0;0
06.03.2024;06:38;A181;1;0;0;3;6;1;1;0;100;0;0;4;7;3;7;1;2;2;24;1;12;0;0;0;0;1;1;0;0;0;0
06.03.2024;06:37;A181;1;2;3;3;53;1;41;0;100;0;0;0;0;3;88;0;7;2;7;3;12;0;0;0;0;2;3;0;0;0;0
06.03.2024;06:36;A181;1;2;4;5;69;3;7;0;100;0;0;6;80;4;92;1;12;1;1;1;7;0;0;0;0;0;0;0;0;0;0
06.03.2024;06:35;A181;1;0;0;2;2;0;0;0;100;0;0;4;73;3;75;2;16;3;3;3;4;0;0;0;0;0;0;0;0;0;0
06.03.2024;06:34;A181;1;0;0;4;8;0;0;0;100;0;0;4;33;5;48;1;18;1;0;1;36;0;0;0;0;2;2;0;0;0;0
06.03.2024;06:33;A181;1;0;0;2;33;0;0;0;100;0;0;2;4;4;10;1;39;0;31;1;12;1;1;0;0;0;0;0;0;0;0
06.03.2024;06:32;A181;1;0;0;0;0;0;0;0;100;0;0;8;17;9;31;3;55;2;44;1;2;0;0;0;0;1;1;0;0;0;0
06.03.2024;06:31;A181;1;0;0;3;4;0;0;0;100;0;0;1;4;0;20;0;0;2;32;1;38;0;0;0;0;1;4;0;0;0;0
06.03.2024;06:30;A181;1;2;4;3;5;1;19;0;100;0;0;6;36;3;82;4;59;4;6;3;58;0;0;0;0;1;2;0;4;0;0
06.03.2024;06:29;A181;1;0;0;5;9;2;7;0;100;0;0;5;63;6;57;2;2;0;0;1;31;0;0;0;0;0;0;1;3;0;0
06.03.2024;06:28;A181;1;2;1;6;11;1;8;0;100;0;0;1;1;3;37;5;20;2;2;4;7;0;0;0;0;0;0;0;0;0;0
06.03.2024;06:27;A181;1;0;0;2;5;1;1;0;100;0;0;4;23;4;82;4;48;3;11;4;9;0;0;0;0;2;2;0;0;0;0
06.03.2024;06:26;A181;1;0;0;3;20;0;0;0;100;0;0;1;2;2;4;2;5;2;2;1;1;0;0;0;0;0;0;0;2;0;0
06.03.2024;06:25;A181;1;0;0;5;8;2;3;0;100;0;0;4;4;6;11;6;39;2;33;3;3;0;0;0;0;1;2;1;1;0;0
06.03.2024;06:24;A181;1;0;0;2;34;0;0;0;100;0;0;4;18;5;61;0;0;0;0;0;0;0;0;0;0;0;0;0;0;0;0
06.03.2024;06:23;A181;1;0;0;1;2;0;0;0;100;0;0;4;6;4;10;0;8;1;6;0;16;0;3;0;0;2;3;1;1;0;0
06.03.2024;06:22;A181;1;0;0;4;15;2;14;0;100;0;0;1;1;3;8;2;32;1;43;1;16;1;19;0;0;2;4;0;0;0;0
06.03.2024;06:21;A181;1;0;0;2;3;1;27;0;100;0;0;4;33;3;44;2;34;1;28;1;2;0;0;0;0;2;4;0;0;0;0
06.03.2024;06:20;A181;1;0;0;1;2;1;5;0;100;0;0;2;7;4;63;5;6;1;1;1;1;0;0;0;0;1;2;0;0;0;0
06.03.2024;06:19;A181;1;0;0;2;6;0;0;0;100;0;0;5;23;1;39;1;35;1;1;1;1;0;0;1;3;0;1;0;0;0;0
06.03.2024;06:18;A181;1;1;3;2;6;1;2;0;100;0;0;3;5;3;8;2;39;2;31;2;19;0;0;0;0;1;1;0;0;0;0
06.03.2024;06:17;A181;1;0;0;8;9;3;4;0;100;0;0;2;1;2;20;1;13;1;1;0;0;1;3;0;0;2;3;0;0;0;0
06.03.2024;06:16;A181;1;1;2;3;3;0;0;0;100;0;0;4;6;6;37;1;1;1;1;2;3;0;0;0;0;2;2;0;0;0;0
06.03.2024;06:15;A181;1;0;0;3;13;1;4;0;100;0;0;4;5;4;11;4;34;2;48;1;1;0;0;0;0;1;3;2;4;0;0
06.03.2024;06:14;A181;1;0;0;1;1;0;0;0;100;0;0;8;25;8;30;3;15;2;12;1;1;2;4;0;0;1;2;0;0;0;0
06.03.2024;06:13;A181;1;1;1;4;11;2;4;0;100;0;0;1;2;5;21;3;45;2;38;1;47;0;0;0;0;0;0;0;0;0;0
06.03.2024;06:12;A181;1;0;0;1;3;0;0;0;100;0;0;2;6;5;8;2;51;1;41;0;0;0;0;0;0;1;1;0;0;0;0
06.03.2024;06:11;A181;1;1;3;1;41;1;7;0;100;0;0;3;4;6;13;2;55;2;2;2;39;0;0;0;0;1;2;0;0;0;0
06.03.2024;06:10;A181;1;0;0;3;8;0;0;0;100;0;0;0;0;1;1;2;86;0;84;1;71;0;0;1;1;0;0;0;0;0;0
06.03.2024;06:09;A181;1;0;0;4;5;0;0;0;100;0;0;2;4;8;11;3;3;2;16;1;29;2;4;1;1;0;0;0;0;0;0
06.03.2024;06:08;A181;1;0;0;2;7;2;6;0;100;0;0;2;4;5;15;0;19;1;15;3;31;0;0;0;0;3;7;1;1;0;0
06.03.2024;06:07;A181;1;0;0;1;2;0;0;0;100;0;0;1;1;2;4;1;35;1;33;0;0;0;0;0;0;1;1;1;1;0;0
06.03.2024;06:06;A181;1;0;0;3;3;1;71;0;100;0;0;5;14;3;30;2;2;1;1;1;2;1;1;0;0;2;2;0;0;0;0
06.03.2024;06:05;A181;1;0;0;0;0;1;11;0;100;0;0;5;9;7;17;1;1;3;6;3;20;0;0;0;0;0;0;1;9;0;0
06.03.2024;06:04;A181;1;0;0;2;8;0;0;0;100;0;0;3;10;5;23;3;36;1;15;1;18;0;0;0;0;0;0;0;0;0;0
06.03.2024;06:03;A181;1;0;0;4;8;1;3;0;100;0;0;3;8;4;31;0;0;0;0;0;0;0;0;0;0;1;2;0;0;0;0
06.03.2024;06:02;A181;1;0;0;5;31;1;23;0;100;0;0;1;2;2;2;3;3;1;1;3;6;0;0;0;0;1;2;0;0;0;0
06.03.2024;06:01;A181;1;0;0;3;18;2;19;0;100;0;0;1;2;3;8;4;4;2;2;1;1;0;0;0;0;0;0;0;0;0;0
06.03.2024;06:00;A181;1;0;0;1;1;1;1;0;100;0;0;6;18;5;18;3;2;1;1;1;1;0;0;0;0;0;0;0;0;0;0
06.03.2024;05:59;A181;1;0;0;3;3;2;7;0;100;0;0;2;8;4;28;3;21;2;17;0;0;0;0;0;0;0;0;0;0;0;0
06.03.2024;05:58;A181;1;0;12;2;3;2;4;0;100;0;0;4;11;6;15;1;1;3;3;3;4;0;0;0;0;0;0;0;0;0;0
06.03.2024;05:57;A181;1;1;3;1;4;0;0;0;100;0;0;0;0;4;9;1;1;0;0;0;0;0;0;0;0;1;1;0;0;0;0
06.03.2024;05:56;A181;1;0;0;0;0;0;0;0;100;0;0;5;7;6;9;2;33;1;27;1;16;0;0;0;0;1;3;0;0;0;0
06.03.2024;05:55;A181;1;0;0;2;4;0;0;0;100;0;0;2;6;6;16;3;44;0;6;2;2;1;2;0;0;2;4;0;0;0;0
06.03.2024;05:54;A181;1;0;0;1;1;1;1;0;100;0;0;1;2;4;21;1;45;2;40;0;21;0;0;0;0;1;2;0;0;0;0
06.03.2024;05:53;A181;1;1;1;5;9;3;7;0;100;0;0;6;8;5;10;1;49;1;42;1;15;0;0;0;0;1;2;0;0;0;0
06.03.2024;05:52;A181;1;3;3;7;10;3;5;0;100;0;0;2;8;4;21;2;40;3;34;0;0;0;0;0;0;2;3;0;0;0;0
06.03.2024;05:51;A181;1;0;0;1;2;1;5;0;100;0;0;4;9;5;28;0;0;0;0;2;32;0;0;0;0;0;0;0;0;0;0
06.03.2024;05:50;A181;1;0;0;2;3;2;5;0;100;0;0;1;7;2;7;4;30;3;21;4;25;0;0;0;0;0;0;0;0;0;0
06.03.2024;05:49;A181;1;0;0;2;3;0;0;0;100;0;0;2;4;4;12;1;33;1;10;0;0;0;0;0;0;0;0;0;0;0;0
06.03.2024;05:48;A181;1;0;0;1;3;1;3;0;100;0;0;2;7;6;18;1;21;1;11;0;0;0;0;0;0;0;0;0;0;0;0
06.03.2024;05:47;A181;1;0;0;3;4;1;1;0;100;0;0;4;9;5;11;1;1;0;0;0;0;0;0;0;0;1;1;0;0;0;0
06.03.2024;05:46;A181;1;0;0;0;0;0;0;0;100;0;0;1;3;3;8;2;18;0;0;1;12;0;0;0;0;0;0;0;0;0;0
06.03.2024;05:45;A181;1;0;0;3;9;3;11;0;100;0;0;4;4;4;14;0;0;1;1;1;2;0;0;0;0;0;0;0;0;0;0
06.03.2024;05:44;A181;1;0;0;1;2;0;0;0;100;0;0;2;5;2;4;3;3;1;1;1;1;0;0;0;0;0;0;0;0;0;0
06.03.2024;05:43;A181;1;0;0;1;1;0;0;0;100;0;0;2;6;2;24;2;2;1;1;3;13;0;0;0;0;1;3;0;0;0;0
06.03.2024;05:42;A181;1;0;0;1;1;1;2;0;100;0;0;4;63;3;54;0;0;1;1;1;3;0;0;0;0;1;2;0;0;0;0
06.03.2024;05:41;A181;1;0;0;1;1;1;1;0;100;0;0;4;10;5;12;1;2;4;3;3;3;0;0;0;0;1;1;0;0;0;0
06.03.2024;05:40;A181;1;0;0;2;4;1;4;0;100;0;0;0;0;1;2;0;12;0;0;0;15;0;0;0;0;2;3;0;0;0;0
06.03.2024;05:39;A181;1;0;0;2;3;0;0;0;100;0;0;5;9;5;11;2;3;2;3;1;40;0;0;0;0;0;0;0;0;0;0
06.03.2024;05:38;A181;1;0;0;3;4;3;6;0;100;0;0;4;25;6;42;0;0;0;0;2;20;0;0;0;0;0;0;0;0;0;0
06.03.2024;05:37;A181;1;0;0;2;2;0;0;0;100;0;0;8;13;6;11;1;27;0;29;1;1;0;0;0;0;0;0;0;0;0;0
06.03.2024;05:36;A181;1;0;0;4;4;1;1;0;100;0;0;4;5;6;10;1;75;2;81;0;0;0;0;0;0;0;0;0;0;0;0
06.03.2024;05:35;A181;1;0;0;0;0;1;2;0;100;0;0;2;9;3;14;0;0;1;1;0;0;0;0;0;0;0;0;0;0;0;0
06.03.2024;05:34;A181;1;0;0;1;2;1;4;0;100;0;0;2;3;2;4;1;1;1;1;5;37;0;0;0;0;0;1;0;0;0;0
06.03.2024;05:33;A181;1;0;0;1;1;0;0;0;100;0;0;0;0;3;8;0;0;1;1;3;5;0;0;0;0;1;1;0;0;0;0
06.03.2024;05:32;A181;1;0;0;1;3;1;6;0;100;0;0;0;0;0;0;1;28;1;20;1;2;0;0;0;0;0;0;0;0;0;0
06.03.2024;05:31;A181;1;0;0;1;2;0;0;0;100;0;0;2;4;4;7;2;2;2;4;2;17;0;0;0;0;1;1;0;0;0;0
06.03.2024;05:30;A181;1;0;0;1;1;0;0;0;100;0;0;3;4;7;12;0;0;0;0;1;35;0;0;0;0;1;2;0;0;0;0
06.03.2024;05:29;A181;1;0;0;2;3;0;0;0;100;0;0;4;8;5;8;2;35;1;1;0;0;0;0;0;0;1;3;0;0;0;0
06.03.2024;05:28;A181;1;0;0;0;0;0;0;0;100;0;0;0;0;1;14;0;0;0;0;2;3;0;0;0;0;1;1;0;0;0;0
06.03.2024;05:27;A181;1;0;0;0;0;0;0;0;100;0;0;2;5;6;8;1;20;1;1;0;4;0;0;0;0;0;0;0;0;0;0
06.03.2024;05:26;A181;1;0;0;3;9;1;11;0;100;0;0;1;2;3;6;1;20;0;0;1;13;0;0;0;0;0;0;0;0;0;0
06.03.2024;05:25;A181;1;0;0;0;0;0;0;0;100;0;0;1;2;2;4;1;1;1;1;0;0;0;0;0;0;1;2;0;0;0;0
06.03.2024;05:24;A181;1;0;0;1;1;0;0;0;100;0;0;1;1;1;2;1;1;0;0;0;0;0;0;0;0;0;0;0;0;0;0
06.03.2024;05:23;A181;1;0;0;2;3;2;10;0;100;0;0;1;3;3;6;0;0;0;0;3;14;0;0;0;0;0;0;0;0;0;0
06.03.2024;05:22;A181;1;0;0;1;1;1;1;0;100;0;0;2;3;3;8;1;1;0;0;0;0;0;0;0;0;1;1;0;0;0;0
06.03.2024;05:21;A181;1;0;0;0;0;0;0;0;100;0;0;2;6;4;7;0;0;0;0;0;0;0;0;1;3;0;0;0;0;0;0
06.03.2024;05:20;A181;1;0;0;2;3;1;2;0;100;0;0;1;3;1;3;0;0;2;22;1;31;0;0;0;0;0;0;0;0;0;0
06.03.2024;05:19;A181;1;0;0;0;0;0;0;0;100;0;0;2;5;3;7;0;0;1;16;0;0;0;0;0;0;0;0;0;0;0;0
06.03.2024;05:18;A181;1;0;0;0;0;0;0;0;100;0;0;0;0;2;3;0;0;1;2;1;2;0;0;0;0;0;0;0;0;0;0
06.03.2024;05:17;A181;1;0;0;0;0;1;7;0;100;0;0;0;0;0;0;1;1;0;0;1;30;0;0;0;0;0;0;0;0;0;0
06.03.2024;05:16;A181;1;0;0;0;0;0;0;0;100;0;0;2;7;5;26;3;11;1;1;2;2;0;0;0;0;0;0;0;0;0;0
06.03.2024;05:15;A181;1;0;0;0;1;0;0;0;100;0;0;1;2;1;2;1;1;0;0;0;0;0;0;0;0;0;0;0;0;0;0
06.03.2024;05:14;A181;1;0;0;1;3;1;5;0;100;0;0;1;2;1;1;1;1;1;1;1;44;0;0;0;0;0;0;0;0;0;0
06.03.2024;05:13;A181;1;2;3;3;3;2;3;0;100;0;0;1;2;2;5;0;0;0;0;0;0;1;2;0;0;0;0;0;0;0;0
06.03.2024;05:12;A181;1;8;8;2;3;1;3;0;100;0;0;0;0;1;1;0;0;0;11;0;0;0;0;0;0;1;2;0;0;0;0
06.03.2024;05:11;A181;1;0;0;1;1;1;1;0;100;0;0;3;7;3;12;0;0;2;17;1;7;0;0;0;0;0;0;0;0;0;0
06.03.2024;05:10;A181;1;0;0;0;0;0;0;0;100;0;0;0;0;0;0;0;0;1;2;4;3;0;0;0;0;1;2;0;0;0;0
06.03.2024;05:09;A181;1;0;0;0;0;0;0;0;100;0;0;4;16;5;18;0;0;0;0;0;0;0;0;0;0;0;0;0;0;0;0
06.03.2024;05:08;A181;1;0;0;2;6;1;6;0;100;0;0;0;0;0;0;0;0;0;0;1;2;0;0;0;0;0;0;0;0;0;0
06.03.2024;05:07;A181;1;0;0;0;0;0;0;0;100;0;0;1;2;1;3;1;31;1;29;0;0;0;0;0;0;0;0;0;0;0;0
06.03.2024;05:06;A181;1;0;0;0;0;0;0;0;100;0;0;2;5;2;3;0;0;0;0;0;0;0;0;0;0;0;0;0;0;1;1
06.03.2024;05:05;A181;1;0;0;0;0;0;0;0;100;0;0;1;2;1;2;3;4;0;0;0;0;2;3;0;0;0;0;0;0;0;0
06.03.2024;05:04;A181;1;0;0;1;2;0;0;0;100;0;0;0;0;0;0;1;7;1;51;1;42;0;0;0;0;0;0;0;0;0;0
06.03.2024;05:03;A181;1;0;0;0;0;0;0;0;100;0;0;3;7;3;6;0;0;0;0;0;0;0;0;0;0;0;0;1;1;0;0
06.03.2024;05:02;A181;1;0;0;1;1;1;28;0;100;0;0;1;2;1;2;1;2;2;31;3;11;0;0;0;0;0;0;0;0;0;0
06.03.2024;05:01;A181;1;0;0;0;0;0;0;0;100;0;0;1;1;2;4;1;1;0;0;0;0;0;0;0;0;0;0;0;0;0;0
06.03.2024;05:00;A181;1;0;0;1;1;0;0;0;100;0;0;1;3;3;12;0;0;0;0;1;1;0;0;0;0;0;0;0;0;0;0
06.03.2024;04:59;A181;1;0;0;0;0;0;0;0;100;0;0;1;2;2;3;0;0;0;0;0;0;0;0;0;0;0;0;0;0;0;0
06.03.2024;04:58;A181;1;0;0;0;0;0;0;0;100;0;0;0;0;0;0;0;0;0;0;1;1;0;0;0;0;0;0;1;3;0;0
06.03.2024;04:57;A181;1;0;0;0;0;0;0;0;100;0;0;1;2;1;1;1;1;0;0;0;0;0;0;0;0;0;0;0;0;0;0
06.03.2024;04:56;A181;1;0;0;0;0;0;0;0;100;0;0;1;1;1;1;0;0;1;29;0;25;0;0;0;0;0;0;0;0;0;0
06.03.2024;04:55;A181;1;0;0;0;0;0;0;0;100;0;0;0;0;0;0;0;0;1;5;1;4;0;0;0;0;0;0;0;0;0;0
06.03.2024;04:54;A181;1;0;0;0;0;0;0;0;100;0;0;2;4;2;5;3;8;0;0;1;2;0;0;0;0;0;0;0;0;0;0
06.03.2024;04:53;A181;1;0;0;0;1;0;0;0;100;0;0;0;0;1;2;0;0;0;0;0;0;0;0;0;0;0;0;0;0;0;0
06.03.2024;04:52;A181;1;1;1;3;10;0;0;0;100;0;0;0;0;0;0;0;0;0;0;0;0;0;0;0;0;0;0;0;0;0;0
06.03.2024;04:51;A181;1;0;0;2;3;0;0;0;100;0;0;1;1;3;10;0;0;0;0;0;0;0;0;0;0;0;0;0;0;0;0
06.03.2024;04:50;A181;1;0;0;1;2;1;5;0;100;0;0;0;0;0;0;1;1;0;0;0;0;0;0;0;0;0;0;0;0;0;0
06.03.2024;04:49;A181;1;0;0;0;0;0;0;0;100;0;0;0;0;1;2;0;0;0;0;2;27;0;0;0;0;0;0;0;0;0;0
06.03.2024;04:48;A181;1;1;1;1;1;0;0;0;100;0;0;1;2;1;2;1;1;0;0;0;0;0;0;0;0;0;0;0;0;0;0
06.03.2024;04:47;A181;1;0;0;0;0;0;0;0;100;0;0;0;0;1;3;0;0;0;0;1;2;0;0;0;0;0;0;0;0;0;0
06.03.2024;04:46;A181;1;0;0;0;0;0;0;0;100;0;0;0;0;0;0;0;0;0;0;0;0;0;0;0;0;0;0;0;0;0;0
06.03.2024;04:45;A181;1;0;0;0;0;0;0;0;100;0;0;0;0;0;0;0;0;0;0;0;0;0;0;0;0;0;0;0;0;0;0
06.03.2024;04:44;A181;1;0;0;0;0;0;0;0;100;0;0;0;0;0;0;0;0;2;2;0;0;0;0;0;0;0;0;0;0;0;0
06.03.2024;04:43;A181;1;0;0;1;5;1;5;0;100;0;0;0;0;1;2;0;0;1;3;0;0;0;0;0;0;0;0;0;0;0;0
06.03.2024;04:42;A181;1;0;0;1;5;0;0;0;100;0;0;2;4;2;5;0;0;0;0;0;0;0;0;0;0;0;0;0;0;0;0
06.03.2024;04:41;A181;1;0;0;0;0;0;0;0;100;0;0;0;0;0;0;0;0;0;0;0;0;0;0;0;0;0;0;0;0;0;0
06.03.2024;04:40;A181;1;0;0;0;0;1;1;0;100;0;0;0;0;0;0;0;0;0;0;0;0;0;0;0;0;0;0;0;0;0;0
06.03.2024;04:39;A181;1;0;0;0;0;0;0;0;100;0;0;0;0;2;4;0;0;0;0;0;0;0;0;0;0;0;0;0;0;0;0
06.03.2024;04:38;A181;1;0;0;0;0;0;0;0;100;0;0;1;1;1;1;1;1;1;1;3;43;0;0;0;0;0;0;0;0;0;0
06.03.2024;04:37;A181;1;0;0;0;0;0;0;0;100;0;0;0;0;0;0;0;0;0;0;0;0;0;0;0;0;0;0;0;0;0;0
06.03.2024;04:36;A181;1;0;0;0;0;0;0;0;100;0;0;0;0;0;0;0;0;0;0;0;0;0;0;0;0;1;3;0;0;0;0
06.03.2024;04:35;A181;1;0;0;0;0;0;0;0;100;0;0;0;0;1;2;0;0;0;0;0;0;0;0;0;0;0;0;0;0;0;0
06.03.2024;04:34;A181;1;0;0;0;0;0;0;0;100;0;0;0;0;0;0;1;1;0;0;0;0;0;0;0;0;0;0;0;0;0;0
06.03.2024;04:33;A181;1;0;0;0;0;0;0;0;100;0;0;0;0;0;0;0;0;0;0;0;0;0;0;0;0;0;0;0;0;0;0
06.03.2024;04:32;A181;1;0;0;0;0;0;0;0;100;0;0;1;2;1;2;0;0;0;0;0;0;0;0;0;0;0;0;0;0;0;0
06.03.2024;04:31;A181;1;0;0;0;0;0;0;0;100;0;0;0;0;1;2;0;0;0;0;0;0;0;0;0;0;0;0;0;0;0;0
06.03.2024;04:30;A181;1;0;0;0;0;0;0;0;100;0;0;1;2;1;1;0;0;0;0;0;0;0;0;0;0;0;0;0;0;0;0
06.03.2024;04:29;A181;1;0;0;0;0;0;0;0;100;0;0;1;2;1;2;0;0;0;0;0;0;0;0;0;0;0;0;0;0;0;0
06.03.2024;04:28;A181;1;0;0;2;2;1;1;0;100;0;0;0;0;0;0;0;0;0;0;0;0;0;0;0;0;0;0;0;0;0;0
06.03.2024;04:27;A181;1;0;0;0;0;0;0;0;100;0;0;0;0;0;0;0;0;0;0;0;0;0;0;0;0;0;0;0;0;0;0
06.03.2024;04:26;A181;1;0;0;0;0;0;0;0;100;0;0;0;0;0;0;0;0;0;0;0;0;0;0;0;0;0;0;0;0;0;0
06.03.2024;04:25;A181;1;1;1;0;0;1;1;0;100;0;0;0;0;0;0;0;0;0;0;0;0;0;0;0;0;0;0;0;0;0;0
06.03.2024;04:24;A181;1;0;0;1;2;1;2;0;100;0;0;0;0;0;0;0;0;0;0;0;0;0;0;0;0;0;0;0;0;0;0
06.03.2024;04:23;A181;1;0;0;0;0;0;0;0;100;0;0;0;0;0;0;1;1;0;0;0;0;0;0;0;0;0;0;0;0;0;0
06.03.2024;04:22;A181;1;0;0;0;0;0;0;0;100;0;0;1;2;1;2;0;0;0;0;0;0;0;0;0;0;0;0;0;0;0;0
06.03.2024;04:21;A181;1;0;0;1;2;1;3;0;100;0;0;0;0;0;0;0;0;0;0;0;0;0;0;0;0;0;0;0;0;0;0
06.03.2024;04:20;A181;1;0;0;0;0;0;0;0;100;0;0;0;0;0;0;0;0;0;0;0;0;0;0;0;0;0;0;0;0;0;0
06.03.2024;04:19;A181;1;0;0;0;0;0;0;0;100;0;0;0;0;0;0;0;0;0;0;0;0;0;0;0;0;0;0;0;0;0;0
06.03.2024;04:18;A181;1;0;0;0;0;0;0;0;100;0;0;0;0;2;5;0;0;0;0;0;0;0;0;0;0;0;0;0;0;0;0
06.03.2024;04:17;A181;1;0;0;1;3;0;0;0;100;0;0;0;0;0;0;0;0;0;0;0;0;0;0;0;0;1;1;0;0;0;0
06.03.2024;04:16;A181;1;0;0;0;0;0;0;0;100;0;0;1;2;1;2;0;0;0;0;0;0;0;0;0;0;0;0;0;0;0;0
06.03.2024;04:15;A181;1;0;0;0;0;0;0;0;100;0;0;0;0;0;0;0;0;0;0;1;1;0;0;0;0;0;0;0;0;0;0
06.03.2024;04:14;A181;1;0;0;1;3;0;0;0;100;0;0;1;1;1;1;0;0;0;0;0;0;0;0;0;0;0;0;0;0;0;0
06.03.2024;04:13;A181;1;1;1;2;3;1;2;0;100;0;0;0;0;0;0;0;0;0;0;0;0;0;0;0;0;0;0;0;0;0;0
06.03.2024;04:12;A181;1;0;0;0;0;0;0;0;100;0;0;0;0;0;0;0;0;0;0;0;0;0;0;0;0;0;0;0;0;0;0
06.03.2024;04:11;A181;1;0;0;0;0;0;0;0;100;0;0;0;0;0;0;0;0;0;0;0;0;0;0;0;0;0;0;0;0;0;0
06.03.2024;04:10;A181;1;0;0;0;0;0;0;0;100;0;0;0;0;1;2;0;0;0;0;0;0;0;0;0;0;0;0;0;0;0;0
06.03.2024;04:09;A181;1;0;0;0;0;0;0;0;100;0;0;0;0;0;0;0;0;0;0;1;18;0;0;0;0;1;2;0;0;0;0
06.03.2024;04:08;A181;1;0;0;0;0;0;0;0;100;0;0;0;0;1;3;1;1;0;0;0;0;0;0;0;0;0;0;0;0;0;0
06.03.2024;04:07;A181;1;0;0;0;0;0;0;0;100;0;0;0;0;0;0;0;0;0;0;0;0;0;0;0;0;0;0;0;0;0;0
06.03.2024;04:06;A181;1;0;0;0;0;0;0;0;100;0;0;1;2;2;5;0;0;1;1;0;0;0;0;0;0;0;0;0;0;0;0
06.03.2024;04:05;A181;1;0;0;0;0;0;0;0;100;0;0;0;0;1;2;0;0;0;0;0;0;0;0;0;0;0;0;0;0;0;0
06.03.2024;04:04;A181;1;0;0;1;2;0;0;0;100;0;0;0;0;0;0;0;0;0;0;1;27;0;0;0;0;0;0;0;0;0;0
06.03.2024;04:03;A181;1;0;0;0;0;0;0;0;100;0;0;0;0;0;0;0;0;0;0;0;0;0;0;0;0;0;0;0;0;0;0
06.03.2024;04:02;A181;1;0;0;0;0;0;0;0;100;0;0;0;0;0;0;1;2;0;0;0;0;0;0;0;0;0;0;0;0;0;0
06.03.2024;04:01;A181;1;0;0;0;0;0;0;0;100;0;0;0;0;0;0;0;0;0;0;0;0;0;0;0;0;0;0;0;0;0;0
06.03.2024;04:00;A181;1;0;0;1;1;1;1;0;100;0;0;0;0;0;0;0;0;0;0;0;0;0;0;0;0;0;0;0;0;0;0
06.03.2024;03:59;A181;1;0;0;0;0;0;0;0;100;0;0;0;0;0;0;0;0;0;0;0;0;0;0;0;0;0;0;0;0;0;0
06.03.2024;03:58;A181;1;0;0;0;0;0;0;0;100;0;0;0;0;0;0;0;0;0;0;0;0;0;0;0;0;0;0;0;0;0;0
06.03.2024;03:57;A181;1;0;0;0;0;0;0;0;100;0;0;0;0;0;0;0;0;0;0;0;0;0;0;0;0;0;0;0;0;0;0
06.03.2024;03:56;A181;1;0;0;0;0;0;0;0;100;0;0;0;0;2;3;0;0;0;0;0;0;0;0;0;0;0;0;0;0;0;0
06.03.2024;03:55;A181;1;0;0;1;1;0;0;0;100;0;0;0;0;0;0;0;0;0;0;0;0;0;0;0;0;0;0;0;0;0;0
06.03.2024;03:54;A181;1;0;0;2;4;1;2;0;100;0;0;0;0;0;0;1;1;1;1;0;0;0;0;0;0;0;0;0;0;0;0
06.03.2024;03:53;A181;1;0;0;0;0;0;0;0;100;0;0;1;4;1;2;1;1;0;0;0;0;0;0;0;0;0;0;0;0;0;0
06.03.2024;03:52;A181;1;0;0;0;0;0;0;0;100;0;0;0;0;0;0;0;0;0;0;0;0;0;0;0;0;0;0;0;0;0;0
06.03.2024;03:51;A181;1;0;0;0;0;0;0;0;100;0;0;0;0;0;0;0;0;0;0;0;0;0;0;0;0;0;0;0;0;0;0
06.03.2024;03:50;A181;1;0;0;0;0;0;0;0;100;0;0;1;2;1;2;0;0;0;0;0;0;0;0;0;0;0;0;1;1;0;0
06.03.2024;03:49;A181;1;0;0;1;1;1;2;0;100;0;0;0;0;0;0;0;0;0;0;0;0;0;0;0;0;0;0;0;0;0;0
06.03.2024;03:48;A181;1;0;0;0;0;0;0;0;100;0;0;0;0;0;0;0;0;0;13;0;0;0;0;0;0;0;0;0;0;0;0
06.03.2024;03:47;A181;1;0;0;0;0;0;0;0;100;0;0;0;0;0;0;0;0;1;27;0;0;0;0;0;0;0;0;0;0;0;0
06.03.2024;03:46;A181;1;0;0;0;0;0;0;0;100;0;0;0;0;0;0;1;24;1;5;0;0;0;0;0;0;0;0;0;0;0;0
06.03.2024;03:45;A181;1;0;0;1;2;1;1;0;100;0;0;1;3;1;2;0;0;1;1;0;0;0;0;0;0;0;0;0;0;0;0
06.03.2024;03:44;A181;1;1;1;1;1;1;1;0;100;0;0;0;0;0;0;0;0;0;0;0;0;0;0;0;0;0;0;0;0;0;0
06.03.2024;03:43;A181;1;0;0;0;0;0;0;0;100;0;0;1;2;0;0;0;0;0;0;0;0;0;0;0;0;0;0;0;0;1;6
06.03.2024;03:42;A181;1;0;0;1;2;1;4;0;100;0;0;0;0;0;0;0;0;0;0;1;2;0;0;0;0;0;0;0;0;1;8
06.03.2024;03:41;A181;1;0;0;0;0;0;0;0;100;0;0;0;0;0;0;0;0;0;0;0;0;0;0;0;0;0;0;0;0;0;0
06.03.2024;03:40;A181;1;0;0;0;0;0;0;0;100;0;0;0;0;0;0;0;0;0;0;0;0;0;0;0;0;0;0;0;0;0;0
06.03.2024;03:39;A181;1;0;0;0;0;0;0;0;100;0;0;0;0;0;0;0;0;0;0;0;0;0;0;0;0;0;0;0;0;0;0
06.03.2024;03:38;A181;1;0;0;0;0;0;0;0;100;0;0;0;0;0;0;0;0;0;0;0;0;0;0;0;0;0;0;0;0;0;0
06.03.2024;03:37;A181;1;0;0;0;0;0;0;0;100;0;0;0;0;0;0;0;0;0;0;0;0;0;0;0;0;0;0;0;0;0;0
06.03.2024;03:36;A181;1;0;0;2;3;2;3;0;100;0;0;0;0;1;3;0;0;0;0;0;0;0;0;0;0;0;0;0;0;0;0
06.03.2024;03:35;A181;1;0;0;0;0;0;0;0;100;0;0;0;0;0;0;0;0;0;0;0;0;0;0;0;0;0;0;0;0;0;0
06.03.2024;03:34;A181;1;0;0;1;1;0;0;0;100;0;0;0;0;0;0;0;0;0;0;0;0;0;0;0;0;0;0;0;0;0;0
06.03.2024;03:33;A181;1;0;0;0;0;0;0;0;100;0;0;0;0;0;0;0;0;0;0;0;0;0;0;0;0;0;0;0;0;0;0
06.03.2024;03:32;A181;1;0;0;0;0;0;0;0;100;0;0;0;0;0;0;0;0;0;0;0;0;0;0;0;0;0;0;0;0;0;0
06.03.2024;03:31;A181;1;0;0;1;2;0;0;0;100;0;0;0;0;1;3;0;0;0;0;0;0;0;0;0;0;0;0;0;0;0;0
06.03.2024;03:30;A181;1;0;0;0;0;0;0;0;100;0;0;0;0;0;0;0;0;0;0;0;0;0;0;0;0;0;0;0;0;0;0
06.03.2024;03:29;A181;1;0;0;0;0;0;0;0;100;0;0;0;0;0;0;1;2;0;0;0;0;0;0;0;0;0;0;0;0;0;0
06.03.2024;03:28;A181;1;0;0;0;0;0;0;0;100;0;0;0;0;0;0;0;0;0;0;0;0;0;0;0;0;0;0;0;0;0;0
06.03.2024;03:27;A181;1;0;0;1;3;0;0;0;100;0;0;0;0;0;0;1;34;1;2;0;0;0;0;0;0;0;0;0;0;0;0
06.03.2024;03:26;A181;1;0;0;0;0;0;0;0;100;0;0;0;0;0;0;0;0;0;0;0;0;0;0;0;0;0;0;0;0;0;0
06.03.2024;03:25;A181;1;0;0;0;0;0;0;0;100;0;0;0;0;0;0;0;0;0;0;0;0;1;1;0;0;0;0;0;0;0;0
06.03.2024;03:24;A181;1;0;0;0;0;0;0;0;100;0;0;0;0;0;0;0;0;0;0;0;0;0;0;0;0;0;0;0;0;0;0
06.03.2024;03:23;A181;1;0;0;1;1;0;0;0;100;0;0;0;0;0;0;0;0;1;28;1;28;0;0;0;0;0;0;0;0;0;0
06.03.2024;03:22;A181;1;0;0;0;0;0;0;0;100;0;0;0;0;0;0;0;0;0;0;0;0;0;0;0;0;0;0;0;0;0;0
06.03.2024;03:21;A181;1;0;0;0;0;0;0;0;100;0;0;0;0;0;0;0;0;0;0;0;0;0;0;0;0;0;0;0;0;0;0
06.03.2024;03:20;A181;1;0;0;0;0;0;0;0;100;0;0;0;0;1;1;0;0;0;0;0;0;0;0;0;0;0;0;0;0;0;0
06.03.2024;03:19;A181;1;0;0;0;0;0;0;0;100;0;0;1;2;1;2;1;1;0;0;0;0;0;0;0;0;0;0;0;0;0;0
06.03.2024;03:18;A181;1;0;0;0;0;0;0;0;100;0;0;0;0;0;0;0;0;0;0;0;0;0;0;0;0;0;0;0;0;0;0
06.03.2024;03:17;A181;1;0;0;0;0;0;0;0;100;0;0;0;0;0;0;0;0;0;0;0;0;0;0;0;0;0;0;0;0;0;0
06.03.2024;03:16;A181;1;0;0;0;0;0;0;0;100;0;0;0;0;1;3;0;0;0;0;0;0;0;0;0;0;0;0;0;0;0;0
06.03.2024;03:15;A181;1;0;0;0;0;0;0;0;100;0;0;0;0;0;0;0;0;0;0;0;0;0;0;0;0;1;1;0;0;0;0
06.03.2024;03:14;A181;1;0;0;0;0;0;0;0;100;0;0;0;0;0;0;0;0;0;0;0;0;0;0;0;0;0;0;0;0;0;0
06.03.2024;03:13;A181;1;0;0;1;4;0;0;0;100;0;0;0;0;0;0;0;0;0;0;0;0;0;0;0;0;0;0;0;0;0;0
06.03.2024;03:12;A181;1;0;0;0;0;0;0;0;100;0;0;0;0;0;0;1;1;0;0;0;0;0;0;0;0;0;0;0;0;0;0
06.03.2024;03:11;A181;1;0;0;0;0;0;0;0;100;0;0;0;0;0;0;0;0;0;0;0;0;0;0;0;0;0;0;0;0;0;0
06.03.2024;03:10;A181;1;0;0;0;0;0;0;0;100;0;0;0;0;0;0;0;0;0;0;1;2;0;0;0;0;0;0;0;0;0;0
06.03.2024;03:09;A181;1;0;0;0;0;0;0;0;100;0;0;0;0;0;0;0;0;0;0;0;0;0;0;0;0;0;0;0;0;0;0
06.03.2024;03:08;A181;1;0;0;0;0;0;0;0;100;0;0;0;0;0;0;0;0;2;2;0;0;0;0;0;0;0;0;0;0;0;0
06.03.2024;03:07;A181;1;0;0;0;0;0;0;0;100;0;0;0;0;0;0;0;0;0;0;0;0;0;0;0;0;0;0;0;0;0;0
06.03.2024;03:06;A181;1;0;0;0;0;0;0;0;100;0;0;0;0;0;0;0;0;0;0;0;0;0;0;0;0;0;0;0;0;0;0
06.03.2024;03:05;A181;1;0;0;0;0;0;0;0;100;0;0;0;0;0;0;0;0;0;0;0;0;0;0;0;0;0;0;0;0;0;0
06.03.2024;03:04;A181;1;0;0;0;0;0;0;0;100;0;0;0;0;0;0;0;0;0;0;0;0;0;0;0;0;0;0;0;0;0;0
06.03.2024;03:03;A181;1;0;0;1;1;0;0;0;100;0;0;0;0;0;0;0;0;0;0;0;0;0;0;0;0;0;0;0;0;0;0
06.03.2024;03:02;A181;1;1;1;1;3;0;0;0;100;0;0;0;0;0;0;0;0;0;0;0;0;0;0;0;0;0;0;0;0;0;0
06.03.2024;03:01;A181;1;1;1;1;1;0;0;0;100;0;0;0;0;0;0;0;0;0;0;0;0;0;0;0;0;0;0;0;0;0;0
06.03.2024;03:00;A181;1;0;0;0;0;0;0;0;100;0;0;0;0;0;0;1;1;0;0;0;0;0;0;0;0;0;0;0;0;0;0
06.03.2024;02:59;A181;1;0;0;0;0;0;0;0;100;0;0;0;0;0;0;0;0;0;0;0;0;0;0;0;0;0;0;0;0;0;0
06.03.2024;02:58;A181;1;0;0;0;0;0;0;0;100;0;0;0;0;0;0;0;0;0;0;0;0;0;0;0;0;0;0;0;0;0;0
06.03.2024;02:57;A181;1;0;0;0;0;0;0;0;100;0;0;0;0;0;0;0;0;0;0;0;0;0;0;0;0;0;0;2;4;0;0
06.03.2024;02:56;A181;1;0;0;0;0;0;0;0;100;0;0;0;0;0;0;0;0;0;0;0;0;0;0;0;0;0;0;0;0;0;0
06.03.2024;02:55;A181;1;0;0;1;2;0;0;0;100;0;0;0;0;0;0;0;0;0;0;0;0;0;0;0;0;0;0;0;0;0;0
06.03.2024;02:54;A181;1;0;0;0;0;0;0;0;100;0;0;0;0;0;0;0;0;0;0;0;0;0;0;0;0;0;0;0;0;0;0
06.03.2024;02:53;A181;1;0;0;0;0;0;0;0;100;0;0;1;2;1;3;0;0;0;0;0;0;0;0;0;0;0;0;0;0;0;0
06.03.2024;02:52;A181;1;0;0;1;2;0;0;0;100;0;0;0;0;0;0;1;1;0;0;0;0;0;0;0;0;0;0;0;0;0;0
06.03.2024;02:51;A181;1;0;0;0;0;0;0;0;100;0;0;0;0;0;0;0;0;0;0;0;0;0;0;0;0;0;0;0;0;0;0
06.03.2024;02:50;A181;1;0;0;0;0;0;0;0;100;0;0;0;0;0;0;0;0;0;0;0;0;0;0;0;0;0;0;0;0;0;0
06.03.2024;02:49;A181;1;0;0;0;0;0;0;0;100;0;0;0;0;0;0;0;0;0;0;0;0;0;0;0;0;0;0;0;0;0;0
06.03.2024;02:48;A181;1;0;0;0;0;0;0;0;100;0;0;0;0;0;0;0;0;0;0;0;0;0;0;0;0;0;0;0;0;0;0
06.03.2024;02:47;A181;1;0;0;0;0;0;0;0;100;0;0;0;0;0;0;0;0;0;0;0;0;0;0;0;0;0;0;0;0;0;0
06.03.2024;02:46;A181;1;0;0;0;0;0;0;0;100;0;0;0;0;0;0;0;0;0;0;0;0;0;0;0;0;0;0;0;0;0;0
06.03.2024;02:45;A181;1;0;0;0;0;0;0;0;100;0;0;0;0;0;0;0;0;0;0;0;0;0;0;0;0;0;0;0;0;0;0
06.03.2024;02:44;A181;1;0;0;0;0;0;0;0;100;0;0;0;0;0;0;1;1;0;0;0;0;0;0;0;0;0;0;0;0;0;0
06.03.2024;02:43;A181;1;0;0;0;0;0;0;0;100;0;0;0;0;0;0;0;0;0;0;1;2;0;0;0;0;0;0;0;0;0;0
06.03.2024;02:42;A181;1;0;0;0;0;0;0;0;100;0;0;0;0;0;0;0;0;0;0;0;0;0;0;0;0;0;0;0;0;0;0
06.03.2024;02:41;A181;1;0;0;0;0;0;0;0;100;0;0;0;0;0;0;0;0;0;0;0;0;0;0;0;0;0;0;0;0;0;0
06.03.2024;02:40;A181;1;0;0;0;0;0;0;0;100;0;0;0;0;0;0;0;0;0;0;0;0;0;0;0;0;1;3;0;0;0;0
06.03.2024;02:39;A181;1;0;0;0;0;0;0;0;100;0;0;0;0;0;0;0;0;0;0;0;0;0;0;0;0;0;0;0;0;0;0
06.03.2024;02:38;A181;1;0;0;0;0;0;0;0;100;0;0;0;0;0;0;0;0;0;0;0;0;0;0;0;0;0;0;0;0;0;0
06.03.2024;02:37;A181;1;0;0;0;0;0;0;0;100;0;0;0;0;0;0;1;1;0;0;0;0;0;0;0;0;0;0;0;0;0;0
06.03.2024;02:36;A181;1;0;0;1;2;0;0;0;100;0;0;0;0;0;0;0;0;0;0;0;0;0;0;0;0;0;0;0;0;0;0
06.03.2024;02:35;A181;1;0;0;0;0;0;0;0;100;0;0;0;0;1;1;0;31;0;0;0;0;0;0;0;0;0;0;0;0;0;0
06.03.2024;02:34;A181;1;0;0;0;0;0;0;0;100;0;0;0;0;0;0;1;15;0;0;0;0;0;0;0;0;1;1;0;0;0;0
06.03.2024;02:33;A181;1;0;0;0;0;0;0;0;100;0;0;0;0;0;0;0;0;0;0;0;0;0;0;0;0;0;0;0;0;0;0
06.03.2024;02:32;A181;1;0;0;1;1;0;0;0;100;0;0;0;0;0;0;0;0;0;0;0;0;0;0;0;0;0;0;0;0;0;0
06.03.2024;02:31;A181;1;0;0;0;0;0;0;0;100;0;0;0;0;0;0;1;1;0;0;1;6;0;0;0;0;0;0;1;1;0;0
06.03.2024;02:30;A181;1;0;0;0;0;0;0;0;100;0;0;0;0;0;0;0;0;0;0;0;0;0;0;0;0;0;0;0;0;0;0
06.03.2024;02:29;A181;1;0;0;0;0;0;0;0;100;0;0;0;0;0;0;0;0;0;0;0;0;0;0;0;0;1;1;0;0;0;0
06.03.2024;02:28;A181;1;0;0;0;0;0;0;0;100;0;0;0;0;0;0;0;0;0;0;0;0;0;0;0;0;0;0;0;0;0;0
06.03.2024;02:27;A181;1;0;0;1;3;0;0;0;100;0;0;0;0;0;0;0;0;0;0;0;0;0;0;0;0;0;0;0;0;0;0
06.03.2024;02:26;A181;1;0;0;0;0;0;0;0;100;0;0;0;0;0;0;0;0;0;0;0;0;0;0;0;0;1;2;0;0;0;0
06.03.2024;02:25;A181;1;0;0;0;0;0;0;0;100;0;0;0;0;0;0;0;0;2;2;1;16;0;0;0;0;0;0;0;0;0;0
06.03.2024;02:24;A181;1;0;0;1;2;0;0;0;100;0;0;0;0;1;2;0;0;0;0;0;0;0;0;0;0;0;0;0;0;0;0
06.03.2024;02:23;A181;1;0;0;0;0;0;0;0;100;0;0;0;0;0;0;1;1;0;0;0;0;0;0;0;0;0;0;0;0;0;0
06.03.2024;02:22;A181;1;0;0;0;0;0;0;0;100;0;0;0;0;0;0;0;0;0;0;0;0;0;0;0;0;0;0;0;0;0;0
06.03.2024;02:21;A181;1;0;0;0;0;0;0;0;100;0;0;1;2;0;0;0;0;0;0;0;0;0;0;0;0;0;0;0;0;0;0
06.03.2024;02:20;A181;1;0;0;1;1;0;0;0;100;0;0;0;0;0;0;0;0;0;0;0;0;0;0;0;0;0;0;0;0;0;0
06.03.2024;02:19;A181;1;0;0;1;1;0;0;0;100;0;0;0;0;0;0;0;0;0;0;0;0;0;0;0;0;0;0;0;0;0;0
06.03.2024;02:18;A181;1;0;0;0;0;0;0;0;100;0;0;0;0;0;0;0;0;0;0;0;0;0;0;0;0;0;0;0;0;0;0
06.03.2024;02:17;A181;1;1;1;0;0;0;0;0;100;0;0;0;0;0;0;0;0;0;0;0;0;0;0;0;0;0;0;0;0;0;0
06.03.2024;02:16;A181;1;0;0;0;0;0;0;0;100;0;0;0;0;0;0;0;0;0;0;0;0;0;0;0;0;0;0;0;0;0;0
06.03.2024;02:15;A181;1;0;0;0;0;0;0;0;100;0;0;0;0;0;0;0;0;0;0;0;0;0;0;0;0;0;0;0;0;0;0
06.03.2024;02:14;A181;1;0;0;0;0;0;0;0;100;0;0;0;0;0;0;0;0;1;1;0;0;0;0;0;0;0;0;0;0;0;0
06.03.2024;02:13;A181;1;0;0;0;0;1;1;0;100;0;0;0;0;0;0;0;0;0;0;0;0;0;0;0;0;1;2;0;0;0;0
06.03.2024;02:12;A181;1;0;0;0;0;0;0;0;100;0;0;0;0;0;0;0;2;0;0;0;0;0;0;0;0;0;0;0;0;0;0
06.03.2024;02:11;A181;1;0;0;1;1;1;1;0;100;0;0;0;0;0;0;1;28;0;0;0;0;0;0;0;0;0;0;0;0;0;0
06.03.2024;02:10;A181;1;0;0;0;0;0;0;0;100;0;0;1;3;1;4;1;12;1;1;0;0;0;0;0;0;0;0;0;0;0;0
06.03.2024;02:09;A181;1;0;0;0;0;0;0;0;100;0;0;0;0;0;0;1;17;0;0;0;0;0;0;0;0;0;0;0;0;0;0
06.03.2024;02:08;A181;1;0;0;0;0;0;0;0;100;0;0;0;0;0;0;0;0;0;0;0;0;0;0;0;0;0;0;0;0;0;0
06.03.2024;02:07;A181;1;0;0;0;3;0;0;0;100;0;0;0;0;1;4;0;0;0;0;0;0;0;0;0;0;0;0;0;0;0;0
06.03.2024;02:06;A181;1;0;0;2;23;1;56;0;100;0;0;0;0;0;0;1;1;1;1;0;0;0;0;0;0;0;0;0;0;0;0
06.03.2024;02:05;A181;1;1;2;1;2;0;0;0;100;0;0;0;0;0;0;0;0;0;0;0;0;0;0;0;0;1;1;0;0;0;0
06.03.2024;02:04;A181;1;0;0;0;0;0;0;0;100;0;0;0;0;0;0;1;1;1;1;0;0;0;0;0;0;0;0;0;0;0;0
06.03.2024;02:03;A181;1;0;0;0;0;0;0;0;100;0;0;1;5;1;14;0;0;0;0;0;0;0;0;0;0;0;0;0;0;0;0
06.03.2024;02:02;A181;1;0;0;0;0;0;0;0;100;0;0;1;2;0;0;0;0;0;0;0;0;0;0;0;0;0;0;0;0;0;0
06.03.2024;02:01;A181;1;0;0;2;5;1;4;0;100;0;0;0;0;0;0;0;0;0;0;0;0;0;0;0;0;0;0;0;0;0;0
06.03.2024;02:00;A181;1;0;0;0;0;0;0;0;100;0;0;0;0;0;0;0;0;1;25;1;2;0;0;0;0;0;0;0;0;0;0
06.03.2024;01:59;A181;1;0;0;0;0;0;0;0;100;0;0;0;0;0;0;0;0;0;0;0;0;0;0;0;0;0;0;0;0;0;0
06.03.2024;01:58;A181;1;0;0;0;0;0;0;0;100;0;0;0;0;0;0;0;0;0;0;0;0;0;0;0;0;0;0;0;0;0;0
06.03.2024;01:57;A181;1;0;0;0;0;0;0;0;100;0;0;0;0;1;2;0;0;0;0;0;0;0;0;0;0;0;0;0;0;0;0
06.03.2024;01:56;A181;1;0;0;0;0;0;0;0;100;0;0;0;0;0;0;0;0;0;0;0;0;0;0;0;0;0;0;0;0;0;0
06.03.2024;01:55;A181;1;0;0;0;0;0;0;0;100;0;0;0;0;0;0;0;0;0;0;0;0;0;0;0;0;0;0;0;0;0;0
06.03.2024;01:54;A181;1;0;0;0;0;0;0;0;100;0;0;0;0;0;0;0;0;0;0;0;0;0;0;0;0;0;0;0;0;0;0
06.03.2024;01:53;A181;1;0;0;0;0;0;0;0;100;0;0;0;0;1;2;1;32;0;0;0;0;0;0;0;0;0;0;0;0;0;0
06.03.2024;01:52;A181;1;0;0;0;0;0;0;0;100;0;0;0;0;0;0;1;57;1;1;1;2;0;0;0;0;0;0;0;0;0;0
06.03.2024;01:51;A181;1;0;0;0;0;0;0;0;100;0;0;0;0;1;2;1;6;0;0;0;0;0;0;0;0;0;0;0;0;0;0
06.03.2024;01:50;A181;1;0;0;2;4;1;2;0;100;0;0;3;6;3;7;0;0;0;0;0;0;0;0;0;0;0;0;0;0;0;0
06.03.2024;01:49;A181;1;0;0;0;0;0;0;0;100;0;0;0;0;0;0;1;1;1;1;0;0;0;0;0;0;0;0;0;0;0;0
06.03.2024;01:48;A181;1;0;0;1;1;1;3;0;100;0;0;0;0;0;0;0;0;0;0;0;0;0;0;0;0;1;2;0;0;0;0
06.03.2024;01:47;A181;1;0;0;0;0;0;0;0;100;0;0;0;0;0;0;1;1;1;1;1;2;0;0;0;0;0;0;0;0;0;0
06.03.2024;01:46;A181;1;0;0;0;0;0;0;0;100;0;0;1;2;1;2;0;0;0;0;0;0;0;0;0;0;0;0;0;0;0;0
06.03.2024;01:45;A181;1;0;0;1;1;0;0;0;100;0;0;0;0;0;0;0;0;0;0;0;0;0;0;0;0;0;0;0;0;0;0
06.03.2024;01:44;A181;1;0;0;0;0;0;0;0;100;0;0;0;0;0;0;0;0;0;0;0;0;0;0;0;0;0;0;0;0;0;0
06.03.2024;01:43;A181;1;0;0;1;2;1;4;0;100;0;0;0;0;0;0;0;0;0;0;0;0;0;0;0;0;1;3;0;0;0;0
06.03.2024;01:42;A181;1;0;0;0;0;0;0;0;100;0;0;0;0;0;0;0;0;0;0;0;0;0;0;0;0;1;2;0;0;0;0
06.03.2024;01:41;A181;1;0;0;0;0;0;0;0;100;0;0;0;0;0;0;0;0;0;0;0;0;0;0;0;0;0;0;0;0;0;0
06.03.2024;01:40;A181;1;0;0;0;0;0;0;0;100;0;0;0;0;1;2;0;0;0;0;0;0;0;0;0;0;0;0;0;0;0;0
06.03.2024;01:39;A181;1;0;0;0;0;0;0;0;100;0;0;0;0;0;0;0;0;0;0;0;0;0;0;0;0;0;0;0;0;0;0
06.03.2024;01:38;A181;1;0;0;1;3;0;0;0;100;0;0;1;2;0;0;0;0;0;0;0;0;0;0;0;0;0;0;0;0;0;0
06.03.2024;01:37;A181;1;0;0;0;0;0;0;0;100;0;0;0;0;0;0;0;0;0;0;0;0;0;0;0;0;0;0;0;0;0;0
06.03.2024;01:36;A181;1;0;0;0;0;0;0;0;100;0;0;0;0;0;0;1;11;0;0;0;0;0;0;0;0;0;0;0;0;0;0
06.03.2024;01:35;A181;1;0;0;0;0;0;0;0;100;0;0;0;0;0;0;0;0;0;0;0;0;0;0;0;0;0;0;0;0;0;0
06.03.2024;01:34;A181;1;0;0;0;0;0;0;0;100;0;0;0;0;0;0;0;0;0;0;0;0;0;0;0;0;0;0;0;0;0;0
06.03.2024;01:33;A181;1;0;0;0;0;0;0;0;100;0;0;0;0;0;0;0;0;0;0;1;1;0;0;0;0;0;0;0;0;0;0
06.03.2024;01:32;A181;1;0;0;0;0;0;0;0;100;0;0;0;0;1;3;0;0;0;0;0;0;0;0;0;0;0;0;0;0;0;0
06.03.2024;01:31;A181;1;0;0;1;2;0;0;0;100;1;1;1;2;1;8;2;3;1;1;0;0;0;0;0;0;0;0;0;0;0;0
06.03.2024;01:30;A181;1;0;0;1;1;0;0;0;100;0;0;0;0;0;0;0;0;0;0;0;0;0;0;0;0;0;0;0;0;0;0
06.03.2024;01:29;A181;1;0;0;1;2;0;0;0;100;0;0;0;0;0;0;0;0;0;0;0;0;0;0;0;0;0;0;0;0;0;0
06.03.2024;01:28;A181;1;0;0;0;0;0;0;0;100;0;0;1;3;1;1;1;1;0;0;0;0;0;0;0;0;0;0;0;0;0;0
06.03.2024;01:27;A181;1;0;0;0;0;0;0;0;100;0;0;0;0;0;0;0;0;0;0;0;0;0;0;0;0;0;0;0;0;0;0
06.03.2024;01:26;A181;1;0;0;0;0;0;0;0;100;0;0;0;0;0;0;0;0;1;18;0;0;0;0;0;0;0;0;0;0;0;0
06.03.2024;01:25;A181;1;0;0;0;0;0;0;0;100;0;0;0;0;0;0;0;0;0;0;0;0;0;0;0;0;0;0;0;0;0;0
06.03.2024;01:24;A181;1;0;0;1;2;0;0;0;100;0;0;0;0;0;0;0;0;0;0;0;0;0;0;0;0;0;0;0;0;0;0
06.03.2024;01:23;A181;1;0;0;1;1;0;0;0;100;0;0;0;0;0;0;0;0;0;0;0;0;0;0;0;0;0;0;0;0;0;0
06.03.2024;01:22;A181;1;0;0;0;0;0;0;0;100;0;0;0;0;0;0;0;0;0;0;0;0;0;0;0;0;1;2;0;0;0;0
06.03.2024;01:21;A181;1;0;0;0;0;0;0;0;100;0;0;1;2;1;1;0;0;0;0;0;0;0;0;0;0;0;0;0;0;0;0
06.03.2024;01:20;A181;1;0;0;0;0;0;0;0;100;0;0;0;0;0;0;0;0;1;1;1;1;0;0;0;0;0;0;0;0;0;0
06.03.2024;01:19;A181;1;0;0;0;0;0;0;0;100;0;0;0;0;0;0;0;0;0;0;0;0;0;0;0;0;0;0;0;0;0;0
06.03.2024;01:18;A181;1;0;0;1;1;0;0;0;100;0;0;0;0;0;0;0;0;0;0;0;0;0;0;0;0;1;1;0;0;0;0
06.03.2024;01:17;A181;1;0;0;0;0;0;0;0;100;0;0;0;0;0;0;0;0;0;0;0;0;0;0;0;0;0;0;0;0;0;0
06.03.2024;01:16;A181;1;0;0;1;2;0;0;0;100;0;0;0;0;1;2;0;0;0;0;0;0;0;0;0;0;0;0;0;0;0;0
06.03.2024;01:15;A181;1;0;0;1;2;1;3;0;100;0;0;0;0;0;0;2;40;0;0;0;0;0;0;0;0;0;0;0;0;0;0
06.03.2024;01:14;A181;1;0;0;0;0;0;0;0;100;0;0;1;2;1;1;0;0;0;0;0;0;0;0;0;0;0;0;0;0;0;0
06.03.2024;01:13;A181;1;0;0;0;0;0;0;0;100;0;0;0;0;0;0;1;1;1;1;0;0;0;0;0;0;1;2;0;0;0;0
06.03.2024;01:12;A181;1;0;0;0;0;0;0;0;100;0;0;0;0;1;1;0;0;0;0;1;11;0;0;0;0;0;0;0;0;0;0
06.03.2024;01:11;A181;1;0;0;0;0;0;0;0;100;0;0;0;0;0;0;1;1;0;0;0;0;0;0;0;0;0;0;0;0;0;0
06.03.2024;01:10;A181;1;0;0;0;0;0;0;0;100;0;0;0;0;0;0;0;0;0;0;0;0;0;0;0;0;0;0;0;0;0;0
06.03.2024;01:09;A181;1;0;0;0;0;0;0;0;100;0;0;2;4;2;4;0;0;0;0;0;0;0;0;0;0;1;1;0;0;0;0
06.03.2024;01:08;A181;1;0;0;1;2;0;0;0;100;0;0;0;0;0;0;0;0;1;33;0;0;0;0;0;0;0;0;0;0;0;0
06.03.2024;01:07;A181;1;0;0;0;0;0;0;0;100;0;0;0;0;1;3;0;0;0;0;0;0;0;0;0;0;1;1;0;0;0;0
06.03.2024;01:06;A181;1;0;0;0;0;0;0;0;100;0;0;0;0;0;0;0;0;0;0;0;0;0;0;0;0;0;0;0;0;0;0
06.03.2024;01:05;A181;1;0;0;0;0;0;0;0;100;0;0;0;0;0;0;1;7;0;0;0;0;0;0;0;0;0;0;0;0;0;0
06.03.2024;01:04;A181;1;0;0;0;0;0;0;0;100;0;0;0;0;0;0;0;0;0;0;0;0;0;0;0;0;0;0;0;0;0;0
06.03.2024;01:03;A181;1;0;0;0;0;0;0;0;100;0;0;0;0;0;0;0;0;0;0;0;0;0;0;0;0;0;0;0;0;0;0
06.03.2024;01:02;A181;1;0;0;0;0;0;0;0;100;0;0;0;0;0;0;0;0;0;0;0;0;0;0;0;0;1;4;0;0;0;0
06.03.2024;01:01;A181;1;0;0;1;2;0;0;0;100;0;0;0;0;0;0;0;0;0;0;0;0;0;0;0;0;0;0;0;0;0;0
06.03.2024;01:00;A181;1;0;0;0;0;0;0;0;100;0;0;0;0;0;0;0;0;0;0;0;0;0;0;0;0;0;0;0;0;0;0
