Datum;Uhrzeit;Bezeichnung;Intervall;ReserveZ;ReserveB;V12Z;V12B;V21Z;V21B;V22Z;V22B;V23Z;V23B;V24Z;V24B;D31Z;D31B;D32Z;D32B;AF_T1_T2Z;AF_T1_T2B;AF_T3_T4Z;AF_T3_T4B;AF_BS_32Z;AF_BS_32B;AF_BS_35Z;AF_BS_35B;AF_BS_38Z;AF_BS_38B;AF_BS_41Z;AF_BS_41B
18.02.2024;01:00;A 28;1;0;0;1;47;0;0;3;14;3;4;0;0;0;100;0;100;0;0;0;0;0;0;0;0;0;0;0;0
18.02.2024;00:59;A 28;1;0;0;1;8;0;0;3;5;1;2;0;0;0;100;0;100;0;0;0;0;0;0;0;0;0;0;0;0
18.02.2024;00:58;A 28;1;0;0;0;0;0;0;0;1;2;4;0;0;0;100;0;100;0;0;0;0;0;0;0;0;0;0;0;0
18.02.2024;00:57;A 28;1;0;0;0;0;0;0;1;1;1;14;0;0;0;100;0;100;0;0;0;0;0;0;0;0;0;0;0;0
18.02.2024;00:56;A 28;1;0;0;0;0;0;0;4;70;1;1;0;0;0;100;0;100;0;0;0;0;0;0;0;0;0;0;0;0
18.02.2024;00:55;A 28;1;0;0;0;0;0;0;1;2;0;67;0;0;0;100;0;100;0;0;0;0;0;0;0;0;0;0;0;0
18.02.2024;00:54;A 28;1;0;0;2;3;0;0;4;42;3;7;0;0;0;100;0;100;0;0;0;0;0;0;0;0;0;0;0;0
18.02.2024;00:53;A 28;1;0;0;0;0;0;0;5;10;0;0;0;0;0;100;0;100;0;0;0;0;0;0;0;0;0;0;0;0
18.02.2024;00:52;A 28;1;0;0;0;0;0;0;1;4;0;22;0;0;0;100;0;100;0;0;0;0;0;0;0;0;0;0;0;0
18.02.2024;00:51;A 28;1;0;0;0;0;0;0;4;7;4;22;0;0;0;100;0;100;0;0;0;0;0;0;0;0;0;0;0;0
18.02.2024;00:50;A 28;1;0;0;1;3;0;0;4;8;0;0;0;0;0;100;0;100;0;0;0;0;0;0;0;0;0;0;0;0
18.02.2024;00:49;A 28;1;0;0;0;0;0;0;2;3;0;0;0;0;0;100;0;100;0;0;0;0;0;0;0;0;0;0;0;0
18.02.2024;00:48;A 28;1;0;0;0;0;0;0;3;42;2;25;0;0;0;100;0;100;0;0;0;0;0;0;0;0;0;0;0;0
18.02.2024;00:47;A 28;1;0;0;0;5;0;0;2;6;2;8;0;0;0;100;0;100;0;0;0;0;0;0;0;0;0;0;0;0
18.02.2024;00:46;A 28;1;0;0;2;72;1;1;1;38;1;2;0;0;0;100;0;100;0;0;0;0;0;0;0;0;0;0;0;0
18.02.2024;00:45;A 28;1;0;0;0;0;0;0;3;36;2;7;0;0;0;100;0;100;0;0;0;0;0;0;0;0;0;0;0;0
18.02.2024;00:44;A 28;1;0;0;1;35;0;0;1;1;2;4;0;0;0;100;0;100;0;0;0;0;0;0;0;0;0;0;0;0
18.02.2024;00:43;A 28;1;0;0;1;3;0;0;2;4;1;2;0;0;0;100;0;100;0;0;0;0;0;0;0;0;0;0;0;0
18.02.2024;00:42;A 28;1;0;0;1;4;0;0;3;9;3;16;1;8;0;100;0;100;0;0;0;0;0;0;0;0;0;0;0;0
18.02.2024;00:41;A 28;1;0;0;1;1;0;0;5;57;2;13;0;0;0;100;0;100;0;0;0;0;0;0;0;0;0;0;0;0
18.02.2024;00:40;A 28;1;0;0;0;0;0;0;3;12;3;58;0;0;0;100;0;100;0;0;0;0;0;0;0;0;0;0;0;0
18.02.2024;00:39;A 28;1;0;0;0;0;1;1;5;10;2;38;0;0;0;100;0;100;0;0;0;0;0;0;0;0;0;0;0;0
18.02.2024;00:38;A 28;1;0;0;0;0;0;0;3;5;1;1;0;0;0;100;0;100;0;0;0;0;0;0;0;0;0;0;0;0
18.02.2024;00:37;A 28;1;0;0;0;0;0;0;0;0;1;1;0;0;0;100;0;100;0;0;0;0;0;0;0;0;0;0;0;0
18.02.2024;00:36;A 28;1;0;0;0;0;0;0;1;3;2;4;0;0;0;100;0;100;0;0;0;0;0;0;0;0;0;0;0;0
18.02.2024;00:35;A 28;1;0;0;0;0;0;0;4;45;3;8;0;0;0;100;0;100;0;0;0;0;0;0;0;0;0;0;0;0
18.02.2024;00:34;A 28;1;0;0;2;4;0;0;2;4;2;2;0;0;0;100;0;100;0;0;0;0;0;0;0;0;0;0;0;0
18.02.2024;00:33;A 28;1;0;0;0;0;0;0;1;1;1;1;0;0;0;100;0;100;0;0;0;0;0;0;0;0;0;0;0;0
18.02.2024;00:32;A 28;1;0;0;0;0;0;0;4;24;2;4;1;2;0;100;0;100;0;0;0;0;0;0;0;0;0;0;0;0
18.02.2024;00:31;A 28;1;0;0;1;6;0;0;2;22;2;20;0;0;0;100;0;100;0;0;0;0;0;0;0;0;0;0;0;0
18.02.2024;00:30;A 28;1;0;0;0;0;0;0;0;0;2;9;0;0;0;100;0;100;0;0;0;0;0;0;0;0;0;0;0;0
18.02.2024;00:29;A 28;1;0;0;0;0;0;0;2;5;1;34;1;46;0;100;0;100;0;0;0;0;0;0;0;0;0;0;0;0
18.02.2024;00:28;A 28;1;0;0;0;0;0;0;4;32;2;15;0;0;0;100;0;100;0;0;0;0;0;0;0;0;0;0;0;0
18.02.2024;00:27;A 28;1;0;0;0;0;0;0;3;6;4;17;0;0;0;100;0;100;0;0;0;0;2;2;0;0;0;0;0;0
18.02.2024;00:26;A 28;1;0;0;1;4;0;0;3;5;1;1;0;0;0;100;0;100;0;0;0;0;0;0;0;0;0;0;0;0
18.02.2024;00:25;A 28;1;0;0;0;0;0;0;2;21;0;0;0;0;0;100;0;100;0;0;0;0;0;0;0;0;0;0;0;0
18.02.2024;00:24;A 28;1;0;0;0;0;0;0;2;28;1;22;0;0;0;100;0;100;0;0;0;0;0;0;0;0;0;0;0;0
18.02.2024;00:23;A 28;1;0;0;0;0;0;0;1;1;2;7;0;0;0;100;0;100;0;0;0;0;0;0;0;0;0;0;0;0
18.02.2024;00:22;A 28;1;0;0;0;0;0;0;2;5;3;8;0;0;0;100;0;100;0;0;0;0;0;0;0;0;0;0;0;0
18.02.2024;00:21;A 28;1;0;0;1;1;0;0;5;14;1;4;0;0;0;100;0;100;0;0;0;0;0;0;0;0;0;0;0;0
18.02.2024;00:20;A 28;1;0;0;1;14;0;0;1;19;3;3;1;3;0;100;0;100;0;0;0;0;0;0;0;0;0;0;0;0
18.02.2024;00:19;A 28;1;0;0;2;40;0;0;5;9;2;4;0;0;0;100;0;100;0;0;0;0;0;0;0;0;0;0;0;0
18.02.2024;00:18;A 28;1;0;0;0;0;0;0;1;2;0;0;0;0;0;100;0;100;0;0;0;0;0;0;0;0;0;0;0;0
18.02.2024;00:17;A 28;1;0;0;2;4;0;0;3;29;2;2;1;10;0;100;0;100;0;0;0;0;0;0;0;0;0;0;0;0
18.02.2024;00:16;A 28;1;0;0;0;0;0;0;5;28;2;2;0;0;0;100;0;100;0;0;0;0;0;0;0;0;0;0;1;1
18.02.2024;00:15;A 28;1;0;0;0;0;0;0;1;2;1;6;1;1;0;100;0;100;0;0;0;0;0;0;0;0;0;0;0;0
18.02.2024;00:14;A 28;1;0;0;2;19;0;0;2;3;2;3;1;1;0;100;0;100;0;0;0;0;0;0;0;0;0;0;0;0
18.02.2024;00:13;A 28;1;0;0;0;0;0;0;4;9;2;2;0;0;0;100;0;100;0;0;0;0;0;0;0;0;0;0;0;0
18.02.2024;00:12;A 28;1;0;0;1;2;0;0;4;15;2;13;0;0;0;100;0;100;0;0;0;0;0;0;0;0;0;0;1;1
18.02.2024;00:11;A 28;1;0;0;0;0;0;0;3;6;1;1;0;0;0;100;0;100;0;0;0;0;0;0;0;0;0;0;0;0
18.02.2024;00:10;A 28;1;0;0;0;0;0;0;2;7;4;5;0;0;0;100;0;100;0;0;0;0;0;0;0;0;0;0;0;0
18.02.2024;00:09;A 28;1;0;0;0;0;0;0;1;2;0;0;0;0;0;100;0;100;0;0;0;0;0;0;0;0;0;0;0;0
18.02.2024;00:08;A 28;1;0;0;0;0;0;0;1;10;1;5;1;6;0;100;0;100;0;0;0;0;0;0;0;0;0;0;0;0
18.02.2024;00:07;A 28;1;0;0;1;2;0;0;2;3;1;1;0;0;0;100;0;100;0;0;0;0;0;0;0;0;0;0;0;0
18.02.2024;00:06;A 28;1;0;0;2;3;0;0;1;17;1;1;0;0;0;100;0;100;0;0;0;0;0;0;0;0;0;0;0;0
18.02.2024;00:05;A 28;1;0;0;4;4;0;0;2;4;1;1;0;0;0;100;0;100;0;0;0;0;3;3;0;0;0;0;0;0
18.02.2024;00:04;A 28;1;0;0;0;0;0;0;3;5;3;4;0;0;0;100;0;100;0;0;0;0;0;0;0;0;0;0;0;0
18.02.2024;00:03;A 28;1;0;0;0;0;0;0;5;27;2;11;1;2;0;100;0;100;0;0;0;0;0;0;0;0;0;0;0;0
18.02.2024;00:02;A 28;1;0;0;0;0;0;0;0;0;0;0;0;0;0;100;0;100;0;0;0;0;0;0;0;0;0;0;0;0
18.02.2024;00:01;A 28;1;0;0;1;14;0;0;1;46;1;1;0;0;0;100;0;100;0;0;0;0;0;0;0;0;0;0;0;0
18.02.2024;00:00;A 28;1;0;0;5;27;0;0;2;3;0;0;0;0;0;100;0;100;0;0;0;0;0;0;0;0;0;0;0;0
17.02.2024;23:59;A 28;1;0;0;0;0;0;0;1;14;1;1;0;0;0;100;0;100;0;0;0;0;0;0;0;0;0;0;0;0
17.02.2024;23:58;A 28;1;0;0;1;26;0;0;0;23;5;10;0;0;0;100;0;100;0;0;0;0;0;0;0;0;0;0;0;0
17.02.2024;23:57;A 28;1;0;0;1;45;0;0;6;10;5;8;0;0;0;100;0;100;0;0;0;0;0;0;0;0;0;0;0;0
17.02.2024;23:56;A 28;1;0;0;0;0;0;0;2;6;1;41;0;0;0;100;0;100;0;0;0;0;0;0;0;0;0;0;0;0
17.02.2024;23:55;A 28;1;0;0;2;12;0;0;3;12;0;0;1;79;0;100;0;100;0;0;0;0;0;0;0;0;0;0;0;0
17.02.2024;23:54;A 28;1;0;0;0;8;0;0;2;77;2;7;0;0;0;100;0;100;0;0;0;0;0;0;0;0;0;0;0;0
17.02.2024;23:53;A 28;1;0;0;1;43;0;0;4;42;4;14;0;0;0;100;0;100;0;0;0;0;0;0;0;0;0;0;0;0
17.02.2024;23:52;A 28;1;0;0;1;5;0;0;4;9;1;1;1;2;0;100;0;100;0;0;0;0;0;0;0;0;0;0;0;0
17.02.2024;23:51;A 28;1;0;0;1;17;0;0;5;13;2;2;0;16;0;100;0;100;1;1;0;0;0;0;0;0;0;0;0;0
17.02.2024;23:50;A 28;1;0;0;0;0;0;0;2;10;1;2;2;26;0;100;0;100;0;0;0;0;0;0;0;0;0;0;0;0
17.02.2024;23:49;A 28;1;0;0;1;3;0;0;1;35;2;39;1;7;0;100;0;100;0;0;0;0;0;0;0;0;0;0;0;0
17.02.2024;23:48;A 28;1;0;0;0;0;0;0;2;3;0;0;0;0;0;100;0;100;0;0;0;0;0;0;0;0;0;0;0;0
17.02.2024;23:47;A 28;1;0;0;0;6;0;0;3;19;1;69;0;0;0;100;0;100;0;0;0;0;0;0;0;0;0;0;0;0
17.02.2024;23:46;A 28;1;0;0;1;53;0;0;2;7;1;5;1;11;0;100;0;100;0;0;0;0;0;0;0;0;0;0;0;0
17.02.2024;23:45;A 28;1;0;0;1;18;0;0;2;12;3;2;0;0;0;100;0;100;0;0;0;0;0;0;0;0;0;0;0;0
17.02.2024;23:44;A 28;1;0;0;1;3;0;0;4;31;1;22;0;0;0;100;0;100;0;0;0;0;0;0;0;0;0;0;0;0
17.02.2024;23:43;A 28;1;0;0;2;31;0;0;2;13;1;14;1;1;0;100;0;100;0;0;0;0;0;0;0;0;0;0;0;0
17.02.2024;23:42;A 28;1;0;0;0;0;0;0;1;44;1;1;0;0;0;100;0;100;0;0;0;0;0;0;0;0;0;0;0;0
17.02.2024;23:41;A 28;1;0;0;0;0;0;0;2;46;3;5;0;0;0;100;0;100;0;0;0;0;0;0;0;0;0;0;0;0
17.02.2024;23:40;A 28;1;0;0;0;0;0;0;2;22;5;12;0;0;0;100;0;100;0;0;0;0;0;0;0;0;0;0;0;0
17.02.2024;23:39;A 28;1;0;0;0;0;0;0;5;63;2;5;1;1;0;100;0;100;0;0;0;0;0;0;0;0;0;0;0;0
17.02.2024;23:38;A 28;1;0;0;0;0;0;0;4;23;3;5;0;0;0;100;0;100;0;0;0;0;0;0;0;0;0;0;0;0
17.02.2024;23:37;A 28;1;0;0;0;0;0;0;4;25;5;31;0;0;0;100;0;100;0;0;0;0;0;0;5;5;0;0;0;0
17.02.2024;23:36;A 28;1;0;0;1;5;0;0;3;32;5;30;0;0;0;100;0;100;0;0;0;0;0;0;0;0;0;0;0;0
17.02.2024;23:35;A 28;1;0;0;0;0;0;0;2;18;1;1;0;0;0;100;0;100;0;0;0;0;0;0;0;0;0;0;0;0
17.02.2024;23:34;A 28;1;0;0;0;0;0;0;2;32;1;1;1;10;0;100;0;100;0;0;0;0;0;0;0;0;0;0;0;0
17.02.2024;23:33;A 28;1;0;0;0;0;0;0;3;6;4;4;0;0;0;100;0;100;0;0;0;0;0;0;0;0;0;0;0;0
17.02.2024;23:32;A 28;1;0;0;0;0;0;0;3;46;3;9;1;1;0;100;0;100;0;0;0;0;0;0;0;0;0;0;0;0
17.02.2024;23:31;A 28;1;0;0;0;0;0;0;4;9;3;5;0;0;0;100;0;100;0;0;0;0;0;0;0;0;0;0;0;0
17.02.2024;23:30;A 28;1;0;0;0;0;0;0;8;12;0;20;0;0;0;100;0;100;0;0;0;0;0;0;0;0;0;0;0;0
17.02.2024;23:29;A 28;1;0;0;0;0;0;0;6;12;2;28;0;0;0;100;0;100;0;0;0;0;0;0;0;0;0;0;0;0
17.02.2024;23:28;A 28;1;0;0;2;3;0;0;1;7;0;0;0;0;0;100;0;100;0;0;0;0;0;0;0;0;0;0;0;0
17.02.2024;23:27;A 28;1;0;0;2;16;0;0;4;78;2;34;0;0;0;100;0;100;0;0;0;0;0;0;0;0;0;0;0;0
17.02.2024;23:26;A 28;1;0;0;3;4;0;0;2;4;1;7;1;1;0;100;0;100;0;0;0;0;0;0;0;0;0;0;0;0
17.02.2024;23:25;A 28;1;0;0;0;0;0;0;3;7;1;1;0;0;0;100;0;100;0;0;0;0;0;0;0;0;0;0;0;0
17.02.2024;23:24;A 28;1;0;0;0;0;0;0;1;10;4;6;0;0;0;100;0;100;0;0;0;0;0;0;0;0;0;0;0;0
17.02.2024;23:23;A 28;1;0;0;0;0;0;0;5;31;5;23;0;0;0;100;0;100;0;0;0;0;0;0;0;0;0;0;0;0
17.02.2024;23:22;A 28;1;0;0;0;0;0;0;2;49;0;0;2;5;0;100;0;100;0;0;0;0;0;0;0;0;0;0;0;0
17.02.2024;23:21;A 28;1;0;0;1;3;0;0;2;38;0;0;1;40;0;100;0;100;0;0;0;0;0;0;0;0;0;0;0;0
17.02.2024;23:20;A 28;1;0;0;2;9;0;0;1;8;1;1;1;69;0;100;0;100;0;0;0;0;0;0;0;0;0;0;0;0
17.02.2024;23:19;A 28;1;0;0;0;0;0;0;2;3;1;2;0;0;0;100;0;100;0;0;0;0;0;0;0;0;0;0;0;0
17.02.2024;23:18;A 28;1;0;0;0;0;0;0;2;3;0;0;1;1;0;100;0;100;0;0;0;0;0;0;0;0;0;0;0;0
17.02.2024;23:17;A 28;1;0;0;0;0;0;0;3;50;1;1;0;0;0;100;0;100;0;0;0;0;0;0;0;0;0;0;0;0
17.02.2024;23:16;A 28;1;0;0;0;0;0;0;1;47;2;9;0;0;0;100;0;100;0;0;0;0;0;0;0;0;0;0;0;0
17.02.2024;23:15;A 28;1;0;0;0;0;0;0;6;36;3;4;0;0;0;100;0;100;1;1;0;0;0;0;1;1;0;0;1;1
17.02.2024;23:14;A 28;1;0;0;0;0;0;0;3;41;2;2;1;1;0;100;0;100;0;0;0;0;0;0;0;0;0;0;0;0
17.02.2024;23:13;A 28;1;0;0;0;0;0;0;3;5;2;2;0;0;0;100;0;100;0;0;0;0;0;0;0;0;0;0;0;0
17.02.2024;23:12;A 28;1;0;0;1;4;0;0;4;16;3;5;0;0;0;100;0;100;0;0;0;0;0;0;0;0;0;0;0;0
17.02.2024;23:11;A 28;1;0;0;0;0;0;0;4;7;5;5;1;1;0;100;0;100;0;0;0;0;0;0;0;0;0;0;0;0
17.02.2024;23:10;A 28;1;0;0;0;0;0;0;5;8;0;0;0;0;0;100;0;100;0;0;0;0;0;0;0;0;0;0;0;0
17.02.2024;23:09;A 28;1;0;0;1;75;0;0;4;29;1;1;1;1;0;100;0;100;0;0;0;0;0;0;0;0;0;0;0;0
17.02.2024;23:08;A 28;1;0;0;1;17;0;0;4;34;1;3;0;0;0;100;0;100;0;0;0;0;0;0;0;0;0;0;0;0
17.02.2024;23:07;A 28;1;0;0;1;8;0;0;0;2;1;2;0;0;0;100;0;100;0;0;0;0;0;0;0;0;0;0;0;0
17.02.2024;23:06;A 28;1;0;0;0;0;0;0;2;5;2;68;1;2;0;100;0;100;0;0;0;0;0;0;0;0;0;0;0;0
17.02.2024;23:05;A 28;1;0;0;0;0;0;0;5;6;1;35;3;61;0;100;0;100;0;0;0;0;0;0;0;0;0;0;0;0
17.02.2024;23:04;A 28;1;0;0;0;0;0;0;8;45;6;12;0;0;0;100;0;100;0;0;0;0;0;0;0;0;0;0;0;0
17.02.2024;23:03;A 28;1;0;0;0;0;0;0;1;2;0;0;1;1;0;100;0;100;0;0;0;0;0;0;0;0;0;0;0;0
17.02.2024;23:02;A 28;1;0;0;0;0;0;0;5;19;4;24;0;0;0;100;0;100;0;0;0;0;0;0;0;0;0;0;0;0
17.02.2024;23:01;A 28;1;0;0;0;0;0;0;4;6;4;9;1;1;0;100;0;100;0;0;0;0;0;0;0;0;0;0;0;0
17.02.2024;23:00;A 28;1;0;0;0;0;0;0;0;0;2;2;0;0;0;100;0;100;0;0;0;0;0;0;0;0;0;0;0;0
17.02.2024;22:59;A 28;1;0;0;2;7;0;0;1;1;1;1;1;3;0;100;0;100;0;0;0;0;0;0;0;0;0;0;0;0
17.02.2024;22:58;A 28;1;0;0;0;0;0;0;4;17;1;1;0;0;0;100;0;100;0;0;1;1;0;0;0;0;0;0;0;0
17.02.2024;22:57;A 28;1;0;0;0;0;0;0;5;8;3;5;2;5;0;100;0;100;0;0;0;0;0;0;0;0;0;0;0;0
17.02.2024;22:56;A 28;1;0;0;0;0;0;0;3;42;3;37;0;0;0;100;0;100;0;0;0;0;0;0;0;0;0;0;0;0
17.02.2024;22:55;A 28;1;0;0;1;22;0;0;4;45;5;18;0;0;0;100;0;100;0;0;0;0;0;0;1;1;0;0;0;0
17.02.2024;22:54;A 28;1;0;0;4;9;0;0;1;11;1;2;0;0;0;100;0;100;0;0;0;0;0;0;0;0;0;0;0;0
17.02.2024;22:53;A 28;1;0;0;0;0;0;0;3;34;0;0;0;0;0;100;0;100;0;0;0;0;0;0;0;0;0;0;0;0
17.02.2024;22:52;A 28;1;0;0;0;0;0;0;2;16;2;2;1;14;0;100;0;100;0;0;0;0;0;0;0;0;0;0;0;0
17.02.2024;22:51;A 28;1;0;0;0;0;0;0;6;15;4;4;1;1;0;100;0;100;0;0;0;0;0;0;0;0;0;0;0;0
17.02.2024;22:50;A 28;1;0;0;0;0;0;0;4;6;3;4;1;1;0;100;0;100;0;0;0;0;0;0;0;0;0;0;0;0
17.02.2024;22:49;A 28;1;0;0;0;0;0;0;2;3;3;4;0;0;0;100;0;100;0;0;0;0;0;0;0;0;0;0;0;0
17.02.2024;22:48;A 28;1;0;0;2;11;0;0;3;22;0;0;0;0;0;100;0;100;0;0;0;0;0;0;0;0;0;0;0;0
17.02.2024;22:47;A 28;1;0;0;0;0;0;0;4;27;0;0;0;0;0;100;0;100;0;0;0;0;0;0;0;0;0;0;0;0
17.02.2024;22:46;A 28;1;0;0;0;54;0;0;7;16;2;2;0;0;0;100;0;100;0;0;0;0;0;0;0;0;0;0;0;0
17.02.2024;22:45;A 28;1;0;0;2;28;0;0;2;4;1;1;0;0;0;100;0;100;0;0;0;0;0;0;0;0;0;0;0;0
17.02.2024;22:44;A 28;1;0;0;0;8;0;0;6;32;1;1;0;0;0;100;0;100;0;0;0;0;0;0;0;0;0;0;0;0
17.02.2024;22:43;A 28;1;0;0;4;10;0;0;1;7;1;1;0;0;0;100;0;100;0;0;0;0;0;0;0;0;0;0;0;0
17.02.2024;22:42;A 28;1;0;0;1;53;0;0;4;51;3;11;0;0;0;100;0;100;0;0;0;0;0;0;0;0;0;0;0;0
17.02.2024;22:41;A 28;1;0;0;3;35;0;0;2;31;1;24;0;0;0;100;0;100;0;0;0;0;0;0;0;0;0;0;0;0
17.02.2024;22:40;A 28;1;0;0;0;0;0;0;6;62;4;23;0;0;0;100;0;100;0;0;0;0;0;0;0;0;0;0;0;0
17.02.2024;22:39;A 28;1;0;0;1;10;0;0;3;65;0;0;1;1;0;100;0;100;0;0;0;0;0;0;0;0;0;0;0;0
17.02.2024;22:38;A 28;1;0;0;0;0;0;0;1;6;2;43;2;4;0;100;0;100;0;0;0;0;0;0;0;0;0;0;0;0
17.02.2024;22:37;A 28;1;0;0;1;5;0;0;6;28;2;6;2;2;0;100;0;100;0;0;0;0;0;0;0;0;0;0;0;0
17.02.2024;22:36;A 28;1;0;0;0;0;1;1;2;4;1;52;1;2;0;100;0;100;0;0;0;0;0;0;0;0;0;0;0;0
17.02.2024;22:35;A 28;1;0;0;0;0;0;0;6;10;4;20;0;0;0;100;0;100;0;0;0;0;0;0;0;0;0;0;0;0
17.02.2024;22:34;A 28;1;0;0;4;55;0;0;4;7;0;17;1;1;0;100;0;100;0;0;0;0;0;0;0;0;0;0;0;0
17.02.2024;22:33;A 28;1;0;0;1;1;0;0;1;2;2;57;0;0;0;100;0;100;0;0;0;0;0;0;0;0;0;0;0;0
17.02.2024;22:32;A 28;1;0;0;0;61;0;0;6;80;4;9;0;0;0;100;0;100;0;0;0;0;0;0;0;0;0;0;0;0
17.02.2024;22:31;A 28;1;0;0;2;73;0;0;2;5;2;42;0;0;0;100;0;100;0;0;0;0;0;0;0;0;0;0;0;0
17.02.2024;22:30;A 28;1;0;0;3;32;0;0;5;13;1;1;0;0;0;100;0;100;0;0;0;0;0;0;0;0;0;0;0;0
17.02.2024;22:29;A 28;1;0;0;1;2;0;0;4;9;1;39;2;2;0;100;0;100;0;0;0;0;0;0;0;0;0;0;0;0
17.02.2024;22:28;A 28;1;0;0;0;0;0;0;3;21;5;6;1;39;0;100;0;100;0;0;0;0;0;0;0;0;0;0;0;0
17.02.2024;22:27;A 28;1;0;0;0;0;0;0;7;14;2;4;2;35;0;100;0;100;0;0;0;0;0;0;0;0;0;0;0;0
17.02.2024;22:26;A 28;1;0;0;2;16;0;0;5;11;1;2;2;2;0;100;0;100;0;0;0;0;0;0;0;0;0;0;0;0
17.02.2024;22:25;A 28;1;0;0;1;59;0;0;2;4;2;11;0;0;0;100;0;100;0;0;0;0;0;0;0;0;0;0;0;0
17.02.2024;22:24;A 28;1;0;0;1;28;0;0;4;20;0;0;0;0;0;100;0;100;0;0;0;0;0;0;0;0;0;0;0;0
17.02.2024;22:23;A 28;1;0;0;0;0;0;0;4;10;2;5;0;0;0;100;0;100;0;0;0;0;0;0;0;0;0;0;0;0
17.02.2024;22:22;A 28;1;0;0;0;0;0;0;4;50;1;3;2;6;0;100;0;100;0;0;0;0;0;0;0;0;0;0;0;0
17.02.2024;22:21;A 28;1;0;0;0;0;0;0;4;45;2;2;0;0;0;100;0;100;0;0;1;1;0;0;0;0;0;0;0;0
17.02.2024;22:20;A 28;1;0;0;0;0;0;0;4;36;2;31;1;2;0;100;0;100;0;0;0;0;0;0;0;0;0;0;0;0
17.02.2024;22:19;A 28;1;0;0;0;0;0;0;2;17;4;6;1;17;0;100;0;100;0;0;0;0;0;0;0;0;0;0;0;0
17.02.2024;22:18;A 28;1;0;0;0;0;0;0;1;55;2;4;1;5;0;100;0;100;0;0;0;0;0;0;0;0;0;0;0;0
17.02.2024;22:17;A 28;1;0;0;0;29;0;0;3;7;1;5;2;5;0;100;0;100;0;0;0;0;0;0;0;0;0;0;0;0
17.02.2024;22:16;A 28;1;0;0;1;6;0;0;2;66;1;51;0;0;0;100;0;100;0;0;0;0;0;0;0;0;0;0;0;0
17.02.2024;22:15;A 28;1;0;0;0;0;0;0;8;53;4;11;1;2;0;100;0;100;0;0;0;0;0;0;0;0;0;0;0;0
17.02.2024;22:14;A 28;1;0;0;0;0;0;0;2;3;3;5;1;8;0;100;0;100;0;0;0;0;0;0;0;0;0;0;0;0
17.02.2024;22:13;A 28;1;0;0;0;0;0;0;5;9;4;9;0;0;0;100;0;100;0;0;0;0;0;0;0;0;0;0;0;0
17.02.2024;22:12;A 28;1;0;0;1;60;0;0;4;6;1;2;0;0;0;100;0;100;0;0;0;0;0;0;0;0;0;0;0;0
17.02.2024;22:11;A 28;1;0;0;1;40;0;0;2;2;1;7;1;2;0;100;0;100;0;0;0;0;0;0;0;0;0;0;0;0
17.02.2024;22:10;A 28;1;0;0;0;0;0;0;3;21;2;45;0;0;0;100;0;100;0;0;0;0;0;0;0;0;0;0;0;0
17.02.2024;22:09;A 28;1;0;0;0;0;0;0;1;2;1;1;0;0;0;100;0;100;0;0;0;0;0;0;0;0;0;0;0;0
17.02.2024;22:08;A 28;1;0;0;0;0;0;0;8;20;2;35;1;2;0;100;0;100;1;1;0;0;1;1;1;1;0;0;0;0
17.02.2024;22:07;A 28;1;0;0;0;0;0;0;2;4;4;5;1;2;0;100;0;100;0;0;0;0;0;0;0;0;0;0;0;0
17.02.2024;22:06;A 28;1;0;0;0;0;0;0;2;4;2;2;1;1;0;100;0;100;0;0;0;0;0;0;1;1;0;0;0;0
17.02.2024;22:05;A 28;1;0;0;0;0;0;0;5;10;2;5;0;0;0;100;0;100;1;1;0;0;0;0;1;1;0;0;0;0
17.02.2024;22:04;A 28;1;0;0;1;47;0;0;3;6;4;6;0;0;0;100;0;100;0;0;0;0;0;0;0;0;0;0;0;0
17.02.2024;22:03;A 28;1;0;0;0;0;0;0;0;0;1;1;0;0;0;100;0;100;0;0;0;0;1;1;0;0;0;0;0;0
17.02.2024;22:02;A 28;1;0;0;0;0;0;0;5;10;4;6;2;3;0;100;0;100;0;0;0;0;0;0;0;0;0;0;0;0
17.02.2024;22:01;A 28;1;0;0;0;0;0;0;3;6;2;3;2;9;0;100;0;100;0;0;0;0;0;0;0;0;0;0;0;0
17.02.2024;22:00;A 28;1;0;0;1;2;0;0;7;20;2;4;0;0;0;100;0;100;0;0;0;0;0;0;0;0;0;0;0;0
17.02.2024;21:59;A 28;1;0;0;0;0;0;0;4;26;0;0;0;0;0;100;0;100;1;1;0;0;0;0;0;0;0;0;0;0
17.02.2024;21:58;A 28;1;0;0;0;0;0;0;3;32;5;13;1;2;0;100;0;100;0;0;0;0;0;0;0;0;0;0;0;0
17.02.2024;21:57;A 28;1;0;0;0;15;0;0;3;51;1;1;0;0;0;100;0;100;0;0;0;0;0;0;0;0;0;0;0;0
17.02.2024;21:56;A 28;1;0;0;3;18;0;0;1;2;3;9;1;2;0;100;0;100;0;0;0;0;0;0;0;0;0;0;0;0
17.02.2024;21:55;A 28;1;0;0;3;5;0;0;4;75;4;5;4;5;0;100;0;100;0;0;0;0;0;0;0;0;0;0;0;0
17.02.2024;21:54;A 28;1;0;0;0;0;0;0;5;9;1;1;0;0;0;100;0;100;0;0;0;0;0;0;0;0;0;0;0;0
17.02.2024;21:53;A 28;1;0;0;1;6;1;1;3;64;6;21;0;0;0;100;0;100;0;0;1;1;0;0;1;1;0;0;0;0
17.02.2024;21:52;A 28;1;0;0;1;5;0;0;8;22;3;5;0;0;0;100;0;100;0;0;0;0;0;0;0;0;0;0;0;0
17.02.2024;21:51;A 28;1;0;0;1;45;1;1;9;19;3;4;1;2;0;100;0;100;0;0;0;0;0;0;0;0;0;0;0;0
17.02.2024;21:50;A 28;1;0;0;0;43;0;0;1;2;0;0;0;0;0;100;0;100;0;0;0;0;0;0;0;0;0;0;0;0
17.02.2024;21:49;A 28;1;0;0;4;27;0;0;5;13;0;0;0;0;0;100;0;100;0;0;0;0;0;0;0;0;0;0;0;0
17.02.2024;21:48;A 28;1;0;0;2;6;0;0;4;10;2;13;0;0;0;100;0;100;0;0;0;0;0;0;0;0;0;0;0;0
17.02.2024;21:47;A 28;1;0;0;0;0;0;0;0;0;1;2;0;0;0;100;0;100;0;0;0;0;0;0;0;0;0;0;0;0
17.02.2024;21:46;A 28;1;0;0;1;2;0;0;3;40;4;13;0;0;0;100;0;100;0;0;0;0;0;0;0;0;0;0;0;0
17.02.2024;21:45;A 28;1;0;0;0;0;0;0;5;46;3;4;0;0;0;100;0;100;0;0;0;0;0;0;0;0;0;0;0;0
17.02.2024;21:44;A 28;1;0;0;0;60;0;0;6;11;2;3;1;1;0;100;0;100;0;0;0;0;0;0;0;0;0;0;0;0
17.02.2024;21:43;A 28;1;0;0;1;8;0;0;2;4;0;0;0;0;0;100;0;100;0;0;0;0;0;0;0;0;0;0;0;0
17.02.2024;21:42;A 28;1;0;0;0;0;0;0;1;2;1;7;1;1;0;100;0;100;0;0;0;0;0;0;5;5;0;0;0;0
17.02.2024;21:41;A 28;1;0;0;0;0;0;0;6;23;3;3;1;8;0;100;0;100;0;0;0;0;0;0;6;10;0;0;0;0
17.02.2024;21:40;A 28;1;0;0;0;0;0;0;3;63;4;35;0;0;0;100;0;100;0;0;0;0;0;0;0;0;0;0;0;0
17.02.2024;21:39;A 28;1;0;0;0;0;0;0;6;33;5;6;0;0;0;100;0;100;0;0;0;0;0;0;2;2;0;0;0;0
17.02.2024;21:38;A 28;1;0;0;0;0;0;0;7;15;4;6;2;27;0;100;0;100;0;0;0;0;0;0;0;0;0;0;0;0
17.02.2024;21:37;A 28;1;0;0;1;18;0;0;4;18;0;0;2;49;0;100;0;100;0;0;0;0;0;0;0;0;0;0;0;0
17.02.2024;21:36;A 28;1;0;0;2;8;0;0;3;52;2;12;0;0;0;100;0;100;0;0;0;0;0;0;0;0;0;0;0;0
17.02.2024;21:35;A 28;1;0;0;0;0;0;0;3;4;1;1;1;48;0;100;0;100;0;0;0;0;0;0;0;0;0;0;0;0
17.02.2024;21:34;A 28;1;0;0;0;0;0;0;4;48;1;59;1;1;0;100;0;100;0;0;0;0;0;0;0;0;0;0;0;0
17.02.2024;21:33;A 28;1;0;0;2;3;0;0;5;18;1;12;1;2;0;100;0;100;0;0;0;0;0;0;0;0;0;0;0;0
17.02.2024;21:32;A 28;1;0;0;0;0;0;0;3;38;1;1;1;1;0;100;0;100;0;0;0;0;0;0;0;0;0;0;0;0
17.02.2024;21:31;A 28;1;0;0;0;0;0;0;4;33;4;16;1;27;0;100;0;100;0;0;0;0;0;0;0;0;0;0;0;0
17.02.2024;21:30;A 28;1;0;0;0;0;0;0;3;59;3;4;4;11;0;100;0;100;0;0;0;0;0;0;0;0;0;0;0;0
17.02.2024;21:29;A 28;1;0;0;0;0;0;0;2;14;1;17;0;0;0;100;0;100;0;0;0;0;0;0;0;0;0;0;0;0
17.02.2024;21:28;A 28;1;0;0;1;2;0;0;4;21;2;3;2;38;0;100;0;100;0;0;0;0;0;0;0;0;0;0;0;0
17.02.2024;21:27;A 28;1;0;0;0;8;0;0;3;78;2;4;0;69;0;100;0;100;0;0;0;0;0;0;0;0;0;0;0;0
17.02.2024;21:26;A 28;1;0;0;1;43;0;0;5;49;3;35;2;4;0;100;0;100;1;1;0;0;0;0;0;0;0;0;0;0
17.02.2024;21:25;A 28;1;0;0;0;0;0;0;6;48;5;9;1;1;0;100;0;100;0;0;0;0;0;0;0;0;0;0;0;0
17.02.2024;21:24;A 28;1;0;0;0;0;0;0;5;21;2;19;2;6;0;100;0;100;0;0;0;0;0;0;0;0;0;0;0;0
17.02.2024;21:23;A 28;1;0;0;0;0;0;0;7;18;1;19;2;4;0;100;0;100;0;0;0;0;0;0;0;0;0;0;0;0
17.02.2024;21:22;A 28;1;0;0;0;0;0;0;1;1;3;53;1;5;0;100;0;100;0;0;0;0;0;0;0;0;0;0;0;0
17.02.2024;21:21;A 28;1;0;0;0;0;0;0;3;6;2;56;1;5;0;100;0;100;0;0;0;0;0;0;0;0;0;0;0;0
17.02.2024;21:20;A 28;1;0;0;0;0;0;0;2;45;4;12;0;0;0;100;0;100;0;0;0;0;0;0;0;0;0;0;0;0
17.02.2024;21:19;A 28;1;0;0;2;3;0;0;6;46;3;4;1;2;0;100;0;100;0;0;0;0;0;0;0;0;0;0;0;0
17.02.2024;21:18;A 28;1;0;0;0;0;0;0;3;51;4;28;0;0;0;100;0;100;0;0;0;0;0;0;0;0;0;0;0;0
17.02.2024;21:17;A 28;1;0;0;0;0;0;0;3;55;2;18;0;0;0;100;0;100;0;0;0;0;0;0;0;0;0;0;0;0
17.02.2024;21:16;A 28;1;0;0;0;0;1;1;8;46;7;27;0;3;0;100;0;100;0;0;0;0;0;0;1;1;0;0;0;0
17.02.2024;21:15;A 28;1;0;0;0;0;1;1;3;11;1;4;2;56;0;100;0;100;0;0;0;0;0;0;0;0;0;0;0;0
17.02.2024;21:14;A 28;1;0;0;1;3;0;0;2;78;7;44;1;48;0;100;0;100;0;0;0;0;0;0;0;0;0;0;0;0
17.02.2024;21:13;A 28;1;0;0;0;0;0;0;5;9;5;6;1;1;0;100;0;100;1;1;0;0;0;0;0;0;0;0;0;0
17.02.2024;21:12;A 28;1;0;0;0;0;0;0;5;53;4;8;1;2;0;100;0;100;0;0;0;0;0;0;0;0;0;0;0;0
17.02.2024;21:11;A 28;1;0;0;2;5;0;0;6;51;4;5;2;2;0;100;0;100;1;1;0;0;0;0;1;1;0;0;0;0
17.02.2024;21:10;A 28;1;0;0;1;26;0;0;6;53;4;8;1;2;0;100;0;100;0;0;0;0;0;0;0;0;0;0;0;0
17.02.2024;21:09;A 28;1;0;0;0;0;0;0;7;64;6;9;2;3;0;100;0;100;0;0;0;0;0;0;0;0;0;0;0;0
17.02.2024;21:08;A 28;1;0;0;2;44;0;0;6;9;5;6;2;2;0;100;0;100;0;0;0;0;0;0;0;0;0;0;0;0
17.02.2024;21:07;A 28;1;0;0;4;12;0;0;4;80;2;65;0;0;0;100;0;100;0;0;0;0;1;1;0;0;0;0;0;0
17.02.2024;21:06;A 28;1;0;0;2;24;0;0;7;22;3;8;1;3;0;100;0;100;0;0;0;0;0;0;0;0;0;0;0;0
17.02.2024;21:05;A 28;1;0;0;1;11;0;0;6;44;4;43;1;1;0;100;0;100;0;0;0;0;0;0;0;0;0;0;0;0
17.02.2024;21:04;A 28;1;0;0;0;0;0;0;7;15;3;39;0;0;0;100;0;100;0;0;0;0;0;0;0;0;0;0;0;0
17.02.2024;21:03;A 28;1;0;0;0;0;0;0;9;17;3;59;1;2;0;100;0;100;0;0;1;1;0;0;0;0;0;0;1;1
17.02.2024;21:02;A 28;1;0;0;4;66;0;0;7;13;4;15;1;11;0;100;0;100;0;0;0;0;0;0;0;0;0;0;0;0
17.02.2024;21:01;A 28;1;0;0;1;7;0;0;5;48;3;4;1;1;0;100;0;100;0;0;0;0;0;0;0;0;0;0;0;0
17.02.2024;21:00;A 28;1;0;0;2;8;0;0;7;90;5;44;2;41;0;100;0;100;0;0;0;0;0;0;0;0;0;0;0;0
17.02.2024;20:59;A 28;1;0;0;1;4;0;0;2;78;6;76;2;3;0;100;0;100;0;0;0;0;0;0;1;1;0;0;0;0
17.02.2024;20:58;A 28;1;0;0;2;9;0;0;6;65;5;5;1;1;0;100;0;100;1;1;0;0;0;0;1;1;0;0;0;0
17.02.2024;20:57;A 28;1;0;0;1;75;0;0;6;24;3;3;0;0;0;100;0;100;0;0;1;1;0;0;0;0;0;0;2;2
17.02.2024;20:56;A 28;1;0;0;0;0;0;0;8;28;4;6;0;0;0;100;0;100;0;0;0;0;0;0;0;0;0;0;0;0
17.02.2024;20:55;A 28;1;0;0;1;45;0;0;3;17;4;7;0;0;0;100;0;100;0;0;0;0;0;0;0;0;0;0;0;0
17.02.2024;20:54;A 28;1;0;0;1;2;0;0;3;7;4;7;1;2;0;100;0;100;0;0;0;0;0;0;0;0;0;0;0;0
17.02.2024;20:53;A 28;1;0;0;3;17;0;0;5;13;2;4;0;0;0;100;0;100;0;0;0;0;0;0;0;0;0;0;0;0
17.02.2024;20:52;A 28;1;0;0;3;22;0;0;5;11;5;7;1;1;0;100;0;100;0;0;1;1;0;0;0;0;0;0;0;0
17.02.2024;20:51;A 28;1;0;0;1;58;0;0;4;9;1;1;0;0;0;100;0;100;0;0;0;0;0;0;0;0;0;0;2;2
17.02.2024;20:50;A 28;1;0;0;0;0;0;0;1;2;0;0;0;0;0;100;0;100;0;0;0;0;0;0;0;0;0;0;0;0
17.02.2024;20:49;A 28;1;0;0;2;50;0;0;7;12;3;4;1;17;0;100;0;100;0;0;1;1;0;0;0;0;0;0;0;0
17.02.2024;20:48;A 28;1;0;0;4;55;0;0;4;7;3;5;2;25;0;100;0;100;0;0;0;0;0;0;0;0;0;0;0;0
17.02.2024;20:47;A 28;1;0;0;1;15;0;0;2;3;1;1;0;0;0;100;0;100;0;0;0;0;0;0;0;0;0;0;0;0
17.02.2024;20:46;A 28;1;0;0;0;38;0;0;4;83;1;1;2;3;0;100;0;100;0;0;0;0;0;0;0;0;0;0;0;0
17.02.2024;20:45;A 28;1;0;0;2;31;0;0;3;4;2;3;0;0;0;100;0;100;0;0;0;0;0;0;0;0;0;0;0;0
17.02.2024;20:44;A 28;1;0;0;2;55;0;0;5;21;1;51;0;0;0;100;0;100;0;0;0;0;0;0;0;0;0;0;0;0
17.02.2024;20:43;A 28;1;0;0;0;0;0;0;2;3;3;4;1;2;0;100;0;100;0;0;0;0;0;0;0;0;0;0;0;0
17.02.2024;20:42;A 28;1;0;0;1;75;0;0;6;9;2;2;1;1;0;100;0;100;0;0;0;0;0;0;0;0;0;0;0;0
17.02.2024;20:41;A 28;1;0;0;1;3;0;0;2;3;0;1;1;2;0;100;0;100;0;0;0;0;0;0;0;0;0;0;0;0
17.02.2024;20:40;A 28;1;0;0;1;69;0;0;8;58;5;14;0;0;0;100;0;100;0;0;0;0;0;0;0;0;0;0;0;0
17.02.2024;20:39;A 28;1;0;0;3;63;0;0;1;92;0;0;1;5;0;100;0;100;0;0;0;0;0;0;0;0;0;0;0;0
17.02.2024;20:38;A 28;1;0;0;5;49;0;0;4;9;3;3;0;0;0;100;0;100;0;0;0;0;0;0;0;0;0;0;0;0
17.02.2024;20:37;A 28;1;0;0;2;8;0;0;6;31;3;3;3;48;0;100;0;100;0;0;0;0;0;0;0;0;0;0;0;0
17.02.2024;20:36;A 28;1;0;0;2;4;0;0;6;22;4;6;0;0;0;100;0;100;0;0;0;0;0;0;0;0;0;0;0;0
17.02.2024;20:35;A 28;1;0;0;3;28;0;0;3;18;0;21;0;0;0;100;0;100;0;0;0;0;0;0;0;0;0;0;0;0
17.02.2024;20:34;A 28;1;0;0;0;0;0;0;6;17;4;26;2;6;0;100;0;100;0;0;0;0;1;1;0;0;0;0;0;0
17.02.2024;20:33;A 28;1;0;0;0;0;0;0;5;21;5;40;0;0;0;100;0;100;0;0;0;0;0;0;0;0;0;0;0;0
17.02.2024;20:32;A 28;1;0;0;1;17;0;0;4;31;2;3;1;2;0;100;0;100;0;0;0;0;0;0;0;0;0;0;0;0
17.02.2024;20:31;A 28;1;0;0;3;24;0;0;4;74;2;2;1;5;0;100;0;100;0;0;0;0;0;0;0;0;0;0;1;1
17.02.2024;20:30;A 28;1;0;0;1;40;0;0;5;8;4;12;3;4;0;100;0;100;0;0;0;0;0;0;0;0;0;0;0;0
17.02.2024;20:29;A 28;1;0;0;1;3;0;0;7;15;3;3;0;0;0;100;0;100;0;0;0;0;0;0;0;0;0;0;0;0
17.02.2024;20:28;A 28;1;0;0;1;33;0;0;5;7;4;4;0;0;0;100;0;100;0;0;0;0;0;0;0;0;0;0;0;0
17.02.2024;20:27;A 28;1;0;0;3;14;0;0;7;15;0;2;0;0;0;100;0;100;0;0;0;0;0;0;0;0;0;0;0;0
17.02.2024;20:26;A 28;1;0;0;3;7;0;0;2;9;3;5;1;4;0;100;0;100;0;0;0;0;0;0;0;0;0;0;0;0
17.02.2024;20:25;A 28;1;0;0;2;29;0;0;4;83;4;6;0;0;0;100;0;100;0;0;0;0;0;0;0;0;0;0;0;0
17.02.2024;20:24;A 28;1;0;0;4;10;0;0;4;6;1;1;0;0;0;100;0;100;0;0;0;0;0;0;0;0;0;0;0;0
17.02.2024;20:23;A 28;1;0;0;1;6;0;0;1;2;5;5;1;2;0;100;0;100;0;0;0;0;0;0;1;1;0;0;0;0
17.02.2024;20:22;A 28;1;0;0;4;55;0;0;6;11;2;37;2;16;0;100;0;100;0;0;0;0;0;0;0;0;0;0;0;0
17.02.2024;20:21;A 28;1;0;0;2;5;0;0;0;19;1;1;1;2;0;100;0;100;0;0;0;0;0;0;0;0;0;0;0;0
17.02.2024;20:20;A 28;1;0;0;3;14;0;0;7;18;4;5;1;1;0;100;0;100;0;0;0;0;0;0;0;0;0;0;0;0
17.02.2024;20:19;A 28;1;0;0;1;47;0;0;4;10;2;2;0;0;0;100;0;100;0;0;0;0;0;0;0;0;0;0;0;0
17.02.2024;20:18;A 28;1;0;0;4;53;0;0;3;85;3;44;1;1;0;100;0;100;0;0;0;0;0;0;1;1;0;0;0;0
17.02.2024;20:17;A 28;1;0;0;4;25;0;0;5;15;1;1;0;0;0;100;0;100;0;0;0;0;0;0;0;0;0;0;0;0
17.02.2024;20:16;A 28;1;0;0;1;3;0;0;2;28;1;1;0;0;0;100;0;100;0;0;0;0;0;0;0;0;0;0;0;0
17.02.2024;20:15;A 28;1;0;0;1;13;0;0;2;40;0;37;0;0;0;100;0;100;0;0;0;0;0;0;0;0;0;0;0;0
17.02.2024;20:14;A 28;1;0;0;3;4;1;1;6;24;2;12;0;0;0;100;0;100;0;0;0;0;0;0;0;0;0;0;0;0
17.02.2024;20:13;A 28;1;0;0;5;60;0;0;5;13;3;4;3;9;0;100;0;100;0;0;0;0;0;0;0;0;0;0;0;0
17.02.2024;20:12;A 28;1;0;0;5;49;0;0;3;71;1;1;0;0;0;100;0;100;0;0;0;0;0;0;0;0;0;0;0;0
17.02.2024;20:11;A 28;1;0;0;4;17;0;0;1;2;2;11;1;7;0;100;0;100;0;0;0;0;0;0;0;0;0;0;0;0
17.02.2024;20:10;A 28;1;0;0;3;31;0;0;3;44;2;51;3;27;0;100;0;100;0;0;0;0;1;1;0;0;0;0;0;0
17.02.2024;20:09;A 28;1;0;0;2;80;0;0;9;23;5;30;1;43;0;100;0;100;0;0;0;0;1;1;0;0;0;0;0;0
17.02.2024;20:08;A 28;1;0;0;2;76;0;0;3;46;7;48;0;0;0;100;0;100;0;0;0;0;1;1;0;0;0;0;0;0
17.02.2024;20:07;A 28;1;0;0;1;9;0;0;7;29;3;34;0;0;0;100;0;100;0;0;0;0;0;0;0;0;0;0;0;0
17.02.2024;20:06;A 28;1;0;0;0;0;0;0;9;51;3;5;1;1;0;100;0;100;0;0;0;0;0;0;0;0;0;0;0;0
17.02.2024;20:05;A 28;1;0;0;1;1;0;0;2;25;1;1;2;3;0;100;0;100;0;0;0;0;0;0;0;0;0;0;0;0
17.02.2024;20:04;A 28;1;0;0;1;3;0;0;4;7;1;1;1;14;0;100;0;100;0;0;0;0;0;0;0;0;0;0;0;0
17.02.2024;20:03;A 28;1;0;0;3;5;0;0;5;36;4;30;0;0;0;100;0;100;0;0;0;0;0;0;0;0;0;0;0;0
17.02.2024;20:02;A 28;1;0;0;3;3;0;0;3;7;3;15;3;4;0;100;0;100;0;0;0;0;0;0;0;0;0;0;0;0
17.02.2024;20:01;A 28;1;0;0;0;0;0;0;7;49;3;9;2;4;0;100;0;100;0;0;0;0;0;0;1;1;0;0;0;0
17.02.2024;20:00;A 28;1;0;0;3;49;0;0;7;46;3;27;0;0;0;100;0;100;0;0;0;0;0;0;0;0;0;0;0;0
17.02.2024;19:59;A 28;1;0;0;0;0;0;0;7;23;6;34;0;0;0;100;0;100;0;0;0;0;0;0;0;0;0;0;0;0
17.02.2024;19:58;A 28;1;0;0;0;0;0;0;8;75;4;9;2;6;0;100;0;100;0;0;0;0;0;0;0;0;0;0;0;0
17.02.2024;19:57;A 28;1;0;0;1;3;0;0;6;88;6;6;1;3;0;100;0;100;0;0;0;0;0;0;0;0;0;0;0;0
17.02.2024;19:56;A 28;1;0;0;0;21;0;0;3;28;2;4;5;45;0;100;0;100;0;0;0;0;0;0;0;0;0;0;0;0
17.02.2024;19:55;A 28;1;0;0;2;31;0;0;9;68;5;42;2;30;0;100;0;100;0;0;0;0;0;0;0;0;0;0;0;0
17.02.2024;19:54;A 28;1;0;0;0;0;0;0;5;9;1;35;0;0;0;100;0;100;0;0;0;0;0;0;0;0;0;0;0;0
17.02.2024;19:53;A 28;1;0;0;1;70;0;0;9;35;5;21;1;20;0;100;0;100;0;0;0;0;0;0;0;0;0;0;0;0
17.02.2024;19:52;A 28;1;0;0;0;0;0;0;8;54;4;5;2;42;0;100;0;100;0;0;0;0;0;0;0;0;0;0;0;0
17.02.2024;19:51;A 28;1;0;0;2;54;0;0;5;55;3;3;1;2;0;100;0;100;0;0;0;0;0;0;0;0;0;0;0;0
17.02.2024;19:50;A 28;1;0;0;6;66;0;0;4;5;1;1;2;38;0;100;0;100;0;0;0;0;0;0;0;0;0;0;0;0
17.02.2024;19:49;A 28;1;0;0;6;47;0;0;7;50;4;73;1;4;0;100;0;100;0;0;0;0;0;0;1;1;0;0;0;0
17.02.2024;19:48;A 28;1;0;0;0;0;0;0;11;45;6;12;4;9;0;100;0;100;0;0;0;0;0;0;0;0;0;0;0;0
17.02.2024;19:47;A 28;1;0;0;1;5;0;0;3;19;1;1;0;0;0;100;0;100;0;0;0;0;0;0;0;0;0;0;0;0
17.02.2024;19:46;A 28;1;0;0;0;0;0;0;9;27;4;28;1;1;0;100;0;100;0;0;0;0;0;0;0;0;0;0;0;0
17.02.2024;19:45;A 28;1;0;0;2;43;0;0;5;13;3;18;2;4;0;100;0;100;0;0;0;0;0;0;0;0;0;0;0;0
17.02.2024;19:44;A 28;1;0;0;1;57;0;0;5;21;1;1;3;7;0;100;0;100;0;0;0;0;0;0;0;0;0;0;1;1
17.02.2024;19:43;A 28;1;0;0;3;72;0;0;1;2;0;0;0;0;0;100;0;100;1;1;0;0;0;0;2;2;0;0;0;0
17.02.2024;19:42;A 28;1;0;0;2;41;0;0;5;10;4;47;0;0;0;100;0;100;0;0;0;0;0;0;0;0;0;0;0;0
17.02.2024;19:41;A 28;1;0;0;4;12;1;2;5;71;5;29;2;37;0;100;0;100;0;0;0;0;0;0;0;0;0;0;0;0
17.02.2024;19:40;A 28;1;0;0;3;94;0;0;4;75;6;29;2;2;0;100;0;100;0;0;0;0;0;0;0;0;0;0;0;0
17.02.2024;19:39;A 28;1;0;0;2;93;0;0;9;50;2;13;4;21;0;100;0;100;0;0;1;1;0;0;0;0;0;0;0;0
17.02.2024;19:38;A 28;1;0;0;3;4;0;0;6;32;4;8;1;38;0;100;0;100;0;0;0;0;0;0;0;0;0;0;0;0
17.02.2024;19:37;A 28;1;0;0;1;4;0;0;5;13;2;6;3;5;0;100;0;100;0;0;0;0;0;0;0;0;0;0;0;0
17.02.2024;19:36;A 28;1;0;0;5;25;0;0;3;55;1;2;0;0;0;100;0;100;0;0;0;0;0;0;0;0;0;0;0;0
17.02.2024;19:35;A 28;1;0;0;0;22;0;0;5;12;3;29;1;2;0;100;0;100;0;0;2;2;0;0;0;0;0;0;2;2
17.02.2024;19:34;A 28;1;0;0;2;32;0;0;8;52;5;40;2;3;0;100;0;100;0;0;0;0;0;0;0;0;0;0;0;0
17.02.2024;19:33;A 28;1;0;0;3;63;0;0;12;53;6;17;1;10;0;100;0;100;0;0;0;0;2;2;0;0;0;0;0;0
17.02.2024;19:32;A 28;1;0;0;1;50;0;0;7;44;4;20;0;0;0;100;0;100;0;0;0;0;0;0;0;0;0;0;0;0
17.02.2024;19:31;A 28;1;0;0;0;0;0;0;10;70;5;22;2;5;0;100;0;100;0;0;0;0;0;0;0;0;0;0;0;0
17.02.2024;19:30;A 28;1;0;0;1;12;0;0;9;83;2;6;4;35;0;100;0;100;0;0;0;0;0;0;0;0;0;0;1;1
17.02.2024;19:29;A 28;1;0;0;1;18;0;0;3;88;2;77;1;72;0;100;0;100;0;0;0;0;0;0;0;0;0;0;0;0
17.02.2024;19:28;A 28;1;0;0;2;6;0;0;4;34;4;5;1;1;0;100;0;100;0;0;0;0;2;2;0;0;0;0;0;0
17.02.2024;19:27;A 28;1;0;0;0;0;0;0;7;52;5;12;4;49;0;100;0;100;0;0;0;0;0;0;0;0;0;0;0;0
17.02.2024;19:26;A 28;1;0;0;1;2;0;0;10;66;5;47;1;3;0;100;0;100;0;0;0;0;0;0;0;0;0;0;0;0
17.02.2024;19:25;A 28;1;0;0;1;2;0;0;4;59;4;47;0;0;0;100;0;100;0;0;0;0;0;0;0;0;0;0;0;0
17.02.2024;19:24;A 28;1;0;0;1;2;0;0;5;66;3;4;1;2;0;100;0;100;0;0;0;0;0;0;0;0;0;0;0;0
17.02.2024;19:23;A 28;1;0;0;2;6;0;0;8;52;6;10;3;3;0;100;0;100;0;0;0;0;0;0;0;0;0;0;0;0
17.02.2024;19:22;A 28;1;0;0;3;53;0;0;7;58;4;16;2;3;0;100;0;100;0;0;0;0;0;0;0;0;0;0;0;0
17.02.2024;19:21;A 28;1;0;0;3;84;0;0;4;30;2;3;0;0;0;100;0;100;0;0;0;0;0;0;0;0;0;0;0;0
17.02.2024;19:20;A 28;1;0;0;2;63;0;0;7;64;3;37;2;3;0;100;0;100;0;0;0;0;0;0;0;0;0;0;0;0
17.02.2024;19:19;A 28;1;0;0;3;16;0;0;7;46;4;26;0;33;0;100;0;100;0;0;0;0;0;0;2;2;0;0;0;0
17.02.2024;19:18;A 28;1;0;0;1;87;0;0;4;31;8;12;2;12;0;100;0;100;2;2;0;0;0;0;7;8;0;0;0;0
17.02.2024;19:17;A 28;1;0;0;2;68;2;4;8;30;3;5;5;9;0;100;0;100;0;0;0;0;0;0;0;0;0;0;2;2
17.02.2024;19:16;A 28;1;0;0;6;23;0;0;7;54;2;3;4;5;0;100;0;100;0;0;0;0;0;0;0;0;0;0;0;0
17.02.2024;19:15;A 28;1;0;0;0;0;0;0;3;85;4;64;0;0;0;100;0;100;0;0;0;0;0;0;0;0;0;0;0;0
17.02.2024;19:14;A 28;1;0;0;0;20;0;0;3;41;3;4;0;0;0;100;0;100;0;0;0;0;0;0;0;0;0;0;0;0
17.02.2024;19:13;A 28;1;0;0;3;46;0;0;9;65;7;16;1;2;0;100;0;100;3;3;0;0;1;1;4;4;0;0;0;0
17.02.2024;19:12;A 28;1;0;0;2;80;0;0;10;59;7;52;1;36;0;100;0;100;0;0;0;0;0;0;0;0;0;0;0;0
17.02.2024;19:11;A 28;1;0;0;1;37;0;0;7;62;4;43;3;36;0;100;0;100;0;0;0;0;0;0;0;0;0;0;0;0
17.02.2024;19:10;A 28;1;0;0;2;66;0;0;6;52;5;7;1;1;0;100;0;100;0;0;0;0;0;0;1;1;0;0;0;0
17.02.2024;19:09;A 28;1;0;0;0;0;0;0;6;44;3;4;1;4;0;100;0;100;0;0;0;0;0;0;0;0;0;0;0;0
17.02.2024;19:08;A 28;1;0;0;0;36;0;0;4;53;2;3;1;29;0;100;0;100;0;0;0;0;0;0;0;0;0;0;0;0
17.02.2024;19:07;A 28;1;0;0;3;43;0;0;3;72;3;3;2;3;0;100;0;100;0;0;0;0;0;0;0;0;0;0;0;0
17.02.2024;19:06;A 28;1;0;0;3;23;0;0;6;61;6;8;1;1;0;100;0;100;0;0;0;0;2;2;0;0;0;0;0;0
17.02.2024;19:05;A 28;1;0;0;3;12;0;0;10;52;3;5;2;4;0;100;0;100;0;0;0;0;0;0;0;0;0;0;0;0
17.02.2024;19:04;A 28;1;0;0;2;84;0;0;9;38;7;34;1;19;0;100;0;100;0;0;1;1;0;0;0;0;0;0;0;0
17.02.2024;19:03;A 28;1;0;0;1;2;0;0;8;20;8;53;2;2;0;100;0;100;0;0;1;1;1;1;0;0;0;0;1;1
17.02.2024;19:02;A 28;1;0;0;1;51;0;0;4;69;4;4;1;2;0;100;0;100;0;0;0;0;0;0;0;0;0;0;0;0
17.02.2024;19:01;A 28;1;0;0;5;39;0;0;3;78;5;13;1;41;0;100;0;100;0;0;0;0;0;0;0;0;0;0;0;0
17.02.2024;19:00;A 28;1;0;0;1;25;0;0;9;34;5;15;5;9;0;100;0;100;0;0;1;1;0;0;1;1;0;0;2;2
17.02.2024;18:59;A 28;1;0;0;1;16;0;0;7;10;5;10;1;2;0;100;0;100;0;0;0;0;0;0;0;0;0;0;1;1
17.02.2024;18:58;A 28;1;0;0;2;2;0;0;6;43;1;1;3;27;0;100;0;100;0;0;0;0;0;0;0;0;0;0;0;0
17.02.2024;18:57;A 28;1;0;0;1;61;0;0;10;38;6;25;3;22;0;100;0;100;0;0;0;0;0;0;1;1;0;0;0;0
17.02.2024;18:56;A 28;1;0;0;1;11;0;0;8;69;4;40;0;0;0;100;0;100;0;0;0;0;1;21;0;0;0;0;1;1
17.02.2024;18:55;A 28;1;0;0;1;51;0;0;6;63;3;66;0;0;0;100;0;100;0;0;0;0;0;0;0;0;0;0;0;0
17.02.2024;18:54;A 28;1;0;0;2;59;0;0;3;68;4;17;1;1;0;100;0;100;0;0;0;0;0;0;0;0;0;0;0;0
17.02.2024;18:53;A 28;1;0;0;3;66;0;0;4;47;3;3;0;0;0;100;0;100;0;0;0;0;0;0;0;0;0;0;0;0
17.02.2024;18:52;A 28;1;0;0;5;53;0;0;5;77;3;59;2;11;0;100;0;100;0;0;0;0;0;0;0;0;0;0;0;0
17.02.2024;18:51;A 28;1;0;0;0;0;0;0;10;62;2;9;4;28;0;100;0;100;0;0;0;0;0;0;1;1;0;0;0;0
17.02.2024;18:50;A 28;1;0;0;0;0;0;0;9;13;2;22;1;20;0;100;0;100;0;0;0;0;0;0;0;0;0;0;0;0
17.02.2024;18:49;A 28;1;0;0;0;0;0;0;3;6;4;50;1;44;0;100;0;100;0;0;0;0;0;0;0;0;0;0;0;0
17.02.2024;18:48;A 28;1;0;0;0;0;0;0;5;75;4;63;1;66;0;100;0;100;0;0;1;1;0;0;0;0;0;0;2;2
17.02.2024;18:47;A 28;1;0;0;0;45;0;0;9;82;5;63;0;0;0;100;0;100;0;0;0;0;0;0;0;0;0;0;0;0
17.02.2024;18:46;A 28;1;0;0;2;54;0;0;1;2;4;6;1;21;0;100;0;100;0;0;0;0;0;0;0;0;0;0;0;0
17.02.2024;18:45;A 28;1;0;0;2;32;0;0;5;44;7;57;1;1;0;100;0;100;0;0;0;0;0;0;0;0;0;0;0;0
17.02.2024;18:44;A 28;1;0;0;3;22;0;0;6;50;6;39;2;31;0;100;0;100;0;0;0;0;0;0;0;0;0;0;0;0
17.02.2024;18:43;A 28;1;0;0;2;74;0;0;4;63;5;33;3;29;0;100;0;100;0;0;0;0;0;0;0;0;0;0;0;0
17.02.2024;18:42;A 28;1;0;0;1;66;0;0;6;68;8;63;3;30;0;100;0;100;1;1;0;0;0;0;0;0;0;0;0;0
17.02.2024;18:41;A 28;1;0;0;6;71;0;0;7;44;6;30;2;13;0;100;0;100;0;0;0;0;0;0;0;0;0;0;0;0
17.02.2024;18:40;A 28;1;0;0;1;33;0;0;5;68;10;13;1;1;0;100;0;100;0;0;0;0;0;0;0;0;0;0;0;0
17.02.2024;18:39;A 28;1;0;0;2;20;0;0;7;27;4;61;2;65;0;100;0;100;0;0;0;0;0;0;0;0;0;0;0;0
17.02.2024;18:38;A 28;1;0;0;2;60;0;0;3;7;2;31;4;58;0;100;0;100;0;0;0;0;2;2;0;0;0;0;0;0
17.02.2024;18:37;A 28;1;0;0;1;35;0;0;9;23;5;5;1;37;0;100;0;100;0;0;0;0;0;0;0;0;0;0;0;0
17.02.2024;18:36;A 28;1;0;0;1;8;0;0;6;54;8;26;0;15;0;100;0;100;0;0;0;0;0;0;1;1;0;0;0;0
17.02.2024;18:35;A 28;1;0;0;0;0;0;0;6;59;4;5;3;7;0;100;0;100;0;0;4;4;4;4;0;0;0;0;0;0
17.02.2024;18:34;A 28;1;0;0;0;0;0;0;9;81;5;15;0;0;0;100;0;100;0;0;0;0;0;0;0;0;0;0;0;0
17.02.2024;18:33;A 28;1;0;0;0;37;0;0;8;79;6;30;2;32;0;100;0;100;0;0;0;0;0;0;0;0;0;0;0;0
17.02.2024;18:32;A 28;1;0;0;2;50;0;0;4;87;7;28;1;2;0;100;0;100;0;0;1;1;0;0;0;0;0;0;0;0
17.02.2024;18:31;A 28;1;0;0;2;23;0;0;9;78;3;58;1;1;0;100;0;100;0;0;0;0;0;0;0;0;0;0;0;0
17.02.2024;18:30;A 28;1;0;0;3;32;0;0;6;75;5;45;3;37;0;100;0;100;0;0;0;0;0;0;0;0;0;0;1;1
17.02.2024;18:29;A 28;1;0;0;0;3;0;0;9;44;4;5;2;27;0;100;0;100;0;0;0;0;0;0;0;0;0;0;0;0
17.02.2024;18:28;A 28;1;0;0;2;22;0;0;8;27;9;16;0;2;0;100;0;100;0;0;0;0;0;0;0;0;0;0;0;0
17.02.2024;18:27;A 28;1;0;0;4;40;0;0;7;65;5;30;2;30;0;100;0;100;0;0;0;0;0;0;0;0;0;0;0;0
17.02.2024;18:26;A 28;1;0;0;0;36;0;0;4;71;5;56;3;25;0;100;0;100;0;0;0;0;0;0;0;0;0;0;0;0
17.02.2024;18:25;A 28;1;0;0;1;37;0;0;6;73;4;79;0;1;0;100;0;100;0;0;0;0;0;0;0;0;0;0;0;0
17.02.2024;18:24;A 28;1;0;0;4;21;0;0;10;60;5;5;3;2;0;100;0;100;0;0;0;0;0;0;0;0;0;0;0;0
17.02.2024;18:23;A 28;1;0;0;1;8;0;0;7;26;6;26;2;3;0;100;0;100;0;0;0;0;0;0;0;0;0;0;0;0
17.02.2024;18:22;A 28;1;0;0;1;52;0;0;6;51;8;24;0;14;0;100;0;100;0;0;0;0;0;0;0;0;0;0;0;0
17.02.2024;18:21;A 28;1;0;0;2;58;0;0;8;69;6;17;1;11;0;100;0;100;0;0;0;0;0;0;0;0;0;0;0;0
17.02.2024;18:20;A 28;1;0;0;1;65;0;0;5;66;4;5;1;56;0;100;0;100;0;0;0;0;0;0;1;3;0;0;0;0
17.02.2024;18:19;A 28;1;0;0;4;39;0;0;4;74;5;48;1;10;0;100;0;100;0;0;0;0;3;3;0;0;0;0;0;0
17.02.2024;18:18;A 28;1;0;0;0;18;0;0;3;5;0;0;1;3;0;100;0;100;0;0;0;0;0;0;0;0;0;0;0;0
17.02.2024;18:17;A 28;1;0;0;2;72;0;0;6;56;3;13;4;7;0;100;0;100;0;0;0;0;0;0;0;0;0;0;0;0
17.02.2024;18:16;A 28;1;0;0;1;23;0;0;8;48;5;71;2;36;0;100;0;100;1;1;0;0;0;0;1;1;0;0;0;0
17.02.2024;18:15;A 28;1;0;0;2;56;1;1;6;41;8;12;1;25;0;100;0;100;0;0;1;1;0;0;0;0;0;0;3;3
17.02.2024;18:14;A 28;1;0;0;1;2;0;0;4;58;2;2;6;58;0;100;0;100;0;0;1;1;0;0;0;0;0;0;0;0
17.02.2024;18:13;A 28;1;0;0;1;69;0;0;5;44;4;5;1;9;0;100;0;100;0;0;0;0;0;0;0;0;0;0;0;0
17.02.2024;18:12;A 28;1;0;0;5;28;0;0;4;43;2;39;3;71;0;100;0;100;0;0;0;0;1;3;0;0;0;0;0;0
17.02.2024;18:11;A 28;1;0;0;0;10;0;0;2;98;3;76;1;1;0;100;0;100;0;0;0;0;1;1;0;0;0;0;0;0
17.02.2024;18:10;A 28;1;0;0;1;47;0;0;5;48;4;7;1;35;0;100;0;100;0;0;0;0;0;0;0;0;0;0;0;0
17.02.2024;18:09;A 28;1;0;0;1;20;0;0;9;45;3;3;2;35;0;100;0;100;1;1;0;0;0;0;0;0;0;0;0;0
17.02.2024;18:08;A 28;1;0;0;3;58;0;0;8;38;5;28;1;6;0;100;0;100;0;0;0;0;0;0;0;0;0;0;0;0
17.02.2024;18:07;A 28;1;0;0;0;0;0;0;4;72;3;56;0;0;0;100;0;100;0;0;1;1;0;0;0;0;0;0;1;1
17.02.2024;18:06;A 28;1;0;0;2;9;0;0;9;27;3;6;0;0;0;100;0;100;0;0;0;0;0;0;0;0;0;0;0;0
17.02.2024;18:05;A 28;1;0;0;0;43;0;0;2;78;2;9;0;0;0;100;0;100;0;0;0;0;0;0;0;0;0;0;0;0
17.02.2024;18:04;A 28;1;0;0;4;16;0;0;1;2;2;10;0;0;0;100;0;100;0;0;0;0;0;0;0;0;0;0;0;0
17.02.2024;18:03;A 28;1;0;0;5;18;0;0;8;74;6;22;3;5;0;100;0;100;0;0;1;1;0;0;0;0;0;0;0;0
17.02.2024;18:02;A 28;1;0;0;2;51;0;0;6;57;3;3;1;2;0;100;0;100;0;0;0;0;0;0;0;0;0;0;0;0
17.02.2024;18:01;A 28;1;0;0;4;42;0;0;7;26;6;25;3;4;0;100;0;100;0;0;0;0;0;0;1;1;0;0;0;0
17.02.2024;18:00;A 28;1;0;0;2;69;0;0;7;56;8;27;3;7;0;100;0;100;0;0;0;0;0;0;0;0;0;0;0;0
17.02.2024;17:59;A 28;1;0;0;3;51;0;0;5;75;3;7;0;0;0;100;0;100;0;0;0;0;0;0;0;0;0;0;0;0
17.02.2024;17:58;A 28;1;0;0;1;44;0;0;2;39;6;7;0;0;0;100;0;100;0;0;0;0;0;0;0;0;0;0;0;0
17.02.2024;17:57;A 28;1;0;0;1;14;2;2;8;84;0;0;3;46;0;100;0;100;0;0;1;1;0;0;1;1;0;0;0;0
17.02.2024;17:56;A 28;1;0;0;2;15;0;0;7;69;3;6;6;50;0;100;0;100;0;0;0;0;0;0;0;0;0;0;0;0
17.02.2024;17:55;A 28;1;0;0;2;15;0;0;10;42;2;4;1;2;0;100;0;100;0;0;0;0;0;0;0;0;0;0;0;0
17.02.2024;17:54;A 28;1;0;0;4;59;0;0;9;16;5;26;2;3;0;100;0;100;0;0;0;0;2;2;2;2;0;0;0;0
17.02.2024;17:53;A 28;1;0;0;2;70;0;0;7;10;4;34;2;3;0;100;0;100;0;0;1;1;2;2;1;1;0;0;0;0
17.02.2024;17:52;A 28;1;0;0;2;65;1;1;5;43;5;38;4;10;0;100;0;100;0;0;1;1;0;0;0;0;0;0;1;1
17.02.2024;17:51;A 28;1;0;0;4;51;0;0;4;82;1;2;2;46;0;100;0;100;0;0;0;0;0;0;0;0;0;0;0;0
17.02.2024;17:50;A 28;1;0;0;0;23;1;2;5;38;4;45;1;0;0;100;0;100;0;0;0;0;0;0;0;0;0;0;0;0
17.02.2024;17:49;A 28;1;0;0;1;47;0;0;8;61;8;30;5;21;0;100;0;100;0;0;0;0;0;0;0;0;0;0;0;0
17.02.2024;17:48;A 28;1;0;0;0;0;1;1;4;14;3;5;0;0;0;100;0;100;0;0;1;1;0;0;0;0;0;0;3;3
17.02.2024;17:47;A 28;1;0;0;1;37;0;0;9;33;7;16;3;29;0;100;0;100;0;0;0;0;0;0;0;0;0;0;0;0
17.02.2024;17:46;A 28;1;0;0;1;79;0;0;7;67;5;7;4;52;0;100;0;100;0;0;0;0;1;1;0;0;0;0;0;0
17.02.2024;17:45;A 28;1;0;0;2;66;0;0;5;53;1;3;2;6;0;100;0;100;0;0;0;0;0;0;0;0;0;0;1;1
17.02.2024;17:44;A 28;1;0;0;2;67;1;2;9;81;3;76;1;40;0;100;0;100;1;1;0;0;0;0;0;0;0;0;0;0
17.02.2024;17:43;A 28;1;0;0;1;70;0;0;5;5;2;42;1;3;0;100;0;100;0;0;0;0;0;0;0;0;0;0;0;0
17.02.2024;17:42;A 28;1;0;0;1;100;1;1;8;11;3;5;2;5;0;100;0;100;0;0;0;0;1;1;0;0;0;0;0;0
17.02.2024;17:41;A 28;1;0;0;3;71;1;3;10;14;11;22;3;8;0;100;0;100;0;0;1;1;0;0;0;0;0;0;1;1
17.02.2024;17:40;A 28;1;0;0;1;93;1;7;7;44;5;10;3;30;0;100;0;100;0;0;0;0;0;0;1;1;0;0;0;0
17.02.2024;17:39;A 28;1;0;0;0;70;0;0;8;31;5;8;2;43;0;100;0;100;0;0;0;0;0;0;0;0;0;0;0;0
17.02.2024;17:38;A 28;1;0;0;2;73;1;2;6;33;5;9;0;0;0;100;0;100;0;0;0;0;0;0;0;0;0;0;0;0
17.02.2024;17:37;A 28;1;0;0;2;26;1;1;5;58;7;21;1;38;0;100;0;100;0;0;0;0;0;0;0;0;0;0;0;0
17.02.2024;17:36;A 28;1;0;0;0;8;1;2;7;83;1;60;2;73;0;100;0;100;0;0;0;0;0;0;0;0;0;0;0;0
17.02.2024;17:35;A 28;1;0;0;3;61;0;0;6;62;3;57;0;0;0;100;0;100;0;0;0;0;0;0;0;0;0;0;0;0
17.02.2024;17:34;A 28;1;0;0;1;67;0;0;8;54;5;17;0;0;0;100;0;100;0;0;0;0;0;0;0;0;0;0;0;0
17.02.2024;17:33;A 28;1;0;0;1;63;1;2;8;48;9;40;0;0;0;100;0;100;0;0;0;0;0;0;0;0;0;0;0;0
17.02.2024;17:32;A 28;1;0;0;1;30;0;0;5;66;4;45;0;0;0;100;0;100;0;0;0;0;0;0;1;1;0;0;0;0
17.02.2024;17:31;A 28;1;0;0;2;66;1;1;5;46;6;10;2;3;0;100;0;100;0;0;0;0;0;0;0;0;0;0;0;0
17.02.2024;17:30;A 28;1;0;0;1;14;0;0;3;5;2;3;1;2;0;100;0;100;0;0;0;0;0;0;0;0;0;0;0;0
17.02.2024;17:29;A 28;1;0;0;0;26;0;0;6;71;4;7;1;30;0;100;0;100;0;0;0;0;0;0;0;0;0;0;0;0
17.02.2024;17:28;A 28;1;0;0;2;84;2;3;8;77;5;8;2;3;0;100;0;100;0;0;0;0;0;0;0;0;0;0;0;0
17.02.2024;17:27;A 28;1;0;0;2;80;0;0;9;53;6;14;4;41;0;100;0;100;0;0;0;0;2;2;0;0;0;0;0;0
17.02.2024;17:26;A 28;1;0;0;3;46;1;1;6;33;3;26;0;28;0;100;0;100;1;1;0;0;0;0;1;1;0;0;0;0
17.02.2024;17:25;A 28;1;0;0;1;3;0;0;8;66;5;44;3;47;0;100;0;100;0;0;0;0;0;0;0;0;0;0;0;0
17.02.2024;17:24;A 28;1;0;0;0;0;0;0;9;73;6;11;1;91;0;100;0;100;0;0;0;0;0;0;0;0;0;0;1;1
17.02.2024;17:23;A 28;1;0;0;1;32;2;39;8;50;6;9;1;30;0;100;0;100;1;1;0;0;0;0;0;0;0;0;0;0
17.02.2024;17:22;A 28;1;0;0;1;23;0;0;5;76;4;59;3;68;0;100;0;100;0;0;0;0;0;0;0;0;0;0;0;0
17.02.2024;17:21;A 28;1;0;0;3;74;0;0;9;54;5;19;3;41;0;100;0;100;0;0;1;1;0;0;0;0;0;0;2;2
17.02.2024;17:20;A 28;1;0;0;2;28;1;1;6;29;10;52;0;0;0;100;0;100;0;0;1;1;0;0;0;0;0;0;0;0
17.02.2024;17:19;A 28;1;0;0;1;1;1;2;7;37;5;56;3;13;0;100;0;100;0;0;0;0;0;0;0;0;0;0;0;0
17.02.2024;17:18;A 28;1;0;0;2;75;0;0;5;72;4;50;0;23;0;100;0;100;0;0;0;0;0;0;0;0;0;0;0;0
17.02.2024;17:17;A 28;1;0;0;0;73;1;1;6;77;1;1;4;67;0;100;0;100;0;0;0;0;1;1;0;0;0;0;0;0
17.02.2024;17:16;A 28;1;0;0;1;58;0;0;4;47;2;5;3;42;0;100;0;100;0;0;2;2;0;0;0;0;0;0;6;5
17.02.2024;17:15;A 28;1;0;0;1;15;1;6;4;84;4;5;0;0;0;100;0;100;0;0;0;0;0;0;0;0;0;0;0;0
17.02.2024;17:14;A 28;1;0;0;2;19;0;0;9;17;4;5;1;2;0;100;0;100;0;0;0;0;0;0;0;0;0;0;0;0
17.02.2024;17:13;A 28;1;0;0;1;73;0;0;7;61;7;50;5;42;0;100;0;100;0;0;0;0;0;0;1;1;0;0;0;0
17.02.2024;17:12;A 28;1;0;0;2;66;0;0;6;57;2;50;2;21;0;100;0;100;0;0;0;0;0;0;0;0;0;0;0;0
17.02.2024;17:11;A 28;1;0;0;1;13;0;0;8;61;4;8;2;13;0;100;0;100;0;0;0;0;0;0;0;0;0;0;0;0
17.02.2024;17:10;A 28;1;0;0;4;56;1;1;5;70;3;16;0;0;0;100;0;100;0;0;0;0;0;0;0;0;0;0;0;0
17.02.2024;17:09;A 28;1;0;0;2;37;1;4;2;39;3;3;1;2;0;100;0;100;0;0;0;0;0;0;0;0;0;0;0;0
17.02.2024;17:08;A 28;1;0;0;2;43;0;0;6;61;2;45;1;3;0;100;0;100;0;0;0;0;0;0;0;0;0;0;0;0
17.02.2024;17:07;A 28;1;0;0;1;9;0;0;4;6;1;2;0;0;0;100;0;100;0;0;0;0;0;0;0;0;0;0;0;0
17.02.2024;17:06;A 28;1;0;0;2;77;0;0;8;52;4;5;2;18;0;100;0;100;0;0;0;0;0;0;0;0;0;0;0;0
17.02.2024;17:05;A 28;1;0;0;2;34;0;0;3;64;1;2;2;5;0;100;0;100;0;0;0;0;0;0;0;0;0;0;0;0
17.02.2024;17:04;A 28;1;0;0;1;51;0;0;6;26;6;8;2;4;0;100;0;100;0;0;0;0;0;0;0;0;0;0;0;0
17.02.2024;17:03;A 28;1;0;0;1;5;0;0;5;41;2;3;0;0;0;100;0;100;0;0;0;0;0;0;0;0;0;0;0;0
17.02.2024;17:02;A 28;1;0;0;1;47;0;0;4;36;2;3;1;2;0;100;0;100;0;0;0;0;1;1;0;0;0;0;1;1
17.02.2024;17:01;A 28;1;0;0;1;71;0;0;4;9;3;34;1;2;0;100;0;100;0;0;0;0;0;0;0;0;0;0;0;0
17.02.2024;17:00;A 28;1;0;0;1;38;0;0;7;66;4;62;4;58;0;100;0;100;0;0;0;0;0;0;0;0;0;0;0;0
17.02.2024;16:59;A 28;1;0;0;1;68;0;0;7;35;6;61;2;38;0;100;0;100;1;1;0;0;0;0;0;0;0;0;0;0
17.02.2024;16:58;A 28;1;0;0;1;80;0;0;9;41;5;7;1;6;0;100;0;100;0;0;0;0;0;0;0;0;0;0;0;0
17.02.2024;16:57;A 28;1;0;0;2;33;0;0;7;55;2;3;1;2;0;100;0;100;0;0;0;0;0;0;0;0;0;0;0;0
17.02.2024;16:56;A 28;1;0;0;1;50;0;0;9;17;5;8;1;1;0;100;0;100;0;0;0;0;0;0;0;0;0;0;0;0
17.02.2024;16:55;A 28;1;0;0;1;35;0;0;2;3;1;1;2;8;0;100;0;100;0;0;0;0;0;0;0;0;0;0;0;0
17.02.2024;16:54;A 28;1;0;0;3;42;0;0;6;50;3;12;1;2;0;100;0;100;0;0;0;0;0;0;0;0;0;0;0;0
17.02.2024;16:53;A 28;1;0;0;0;3;2;3;5;66;2;4;2;10;0;100;0;100;0;0;0;0;0;0;1;1;0;0;0;0
17.02.2024;16:52;A 28;1;0;0;3;67;1;1;7;61;4;45;1;11;0;100;0;100;0;0;0;0;0;0;0;0;0;0;0;0
17.02.2024;16:51;A 28;1;0;0;1;29;0;0;11;46;10;32;1;23;0;100;0;100;0;0;0;0;0;0;0;20;0;0;1;1
17.02.2024;16:50;A 28;1;0;0;0;62;0;0;3;60;2;57;2;62;0;100;0;100;0;0;0;0;0;0;1;0;0;0;0;0
17.02.2024;16:49;A 28;1;0;0;1;70;1;1;7;21;5;40;2;65;0;100;0;100;0;0;0;0;0;0;0;0;0;0;0;0
17.02.2024;16:48;A 28;1;0;0;0;100;0;0;8;49;5;74;3;37;0;100;0;100;0;0;0;0;0;0;0;0;0;0;0;0
17.02.2024;16:47;A 28;1;0;0;0;100;1;1;1;66;2;45;3;25;0;100;0;100;0;0;0;0;0;0;0;0;0;0;0;0
17.02.2024;16:46;A 28;1;0;0;2;75;0;0;4;6;3;9;1;4;0;100;0;100;0;0;0;0;0;0;0;0;0;0;0;0
17.02.2024;16:45;A 28;1;0;0;2;81;1;13;7;54;5;23;1;37;0;100;0;100;0;0;0;0;0;0;0;0;0;0;0;0
17.02.2024;16:44;A 28;1;0;0;2;35;0;0;9;36;2;3;3;32;0;100;0;100;0;0;0;0;1;1;0;0;0;0;0;0
17.02.2024;16:43;A 28;1;0;0;3;63;0;0;4;11;0;0;0;1;0;100;0;100;1;1;0;0;0;0;1;1;0;0;0;0
17.02.2024;16:42;A 28;1;0;0;1;70;0;0;5;17;1;2;3;8;0;100;0;100;0;0;0;0;0;0;0;0;0;0;2;2
17.02.2024;16:41;A 28;1;0;0;2;32;2;41;5;53;2;3;3;14;0;100;0;100;0;0;0;0;0;0;0;0;0;0;0;0
17.02.2024;16:40;A 28;1;0;0;2;26;0;0;4;7;3;4;2;26;0;100;0;100;0;0;0;0;0;0;0;0;0;0;0;0
17.02.2024;16:39;A 28;1;0;0;3;10;0;0;9;20;3;9;1;2;0;100;0;100;0;0;1;1;0;0;0;0;0;0;2;2
17.02.2024;16:38;A 28;1;0;0;2;47;0;0;4;47;2;2;1;37;0;100;0;100;0;0;0;0;0;0;0;0;0;0;0;0
17.02.2024;16:37;A 28;1;0;0;0;86;0;0;9;66;8;16;1;2;0;100;0;100;0;0;0;0;0;0;0;0;0;0;0;0
17.02.2024;16:36;A 28;1;0;0;2;72;1;1;9;51;4;5;0;1;0;100;0;100;0;0;1;1;0;0;0;0;0;0;2;2
17.02.2024;16:35;A 28;1;0;0;1;6;0;0;2;3;2;3;1;71;0;100;0;100;0;0;0;0;0;0;0;0;0;0;0;0
17.02.2024;16:34;A 28;1;0;0;2;28;0;0;2;14;4;16;0;0;0;100;0;100;0;0;0;0;0;0;0;0;0;0;0;0
17.02.2024;16:33;A 28;1;0;0;1;14;0;0;3;18;6;48;0;0;0;100;0;100;0;0;0;0;0;0;0;0;0;0;0;0
17.02.2024;16:32;A 28;1;0;0;1;57;0;0;3;64;4;7;1;2;0;100;0;100;0;0;0;0;0;0;0;0;0;0;0;0
17.02.2024;16:31;A 28;1;0;0;4;41;0;0;6;62;4;5;1;28;0;100;0;100;0;0;0;0;0;0;0;0;0;0;0;0
17.02.2024;16:30;A 28;1;0;0;2;64;0;0;9;43;8;12;0;0;0;100;0;100;0;0;0;0;0;0;0;0;0;0;0;0
17.02.2024;16:29;A 28;1;0;0;1;73;0;0;7;12;2;9;1;2;0;100;0;100;0;0;0;0;0;0;0;0;0;0;0;0
17.02.2024;16:28;A 28;1;0;0;4;66;1;2;5;8;4;69;0;0;0;100;0;100;0;0;0;0;0;0;0;0;0;0;0;0
17.02.2024;16:27;A 28;1;0;0;1;24;2;9;8;74;2;3;2;19;0;100;0;100;0;0;0;0;0;0;0;0;0;0;0;0
17.02.2024;16:26;A 28;1;0;0;1;30;0;0;7;42;2;23;2;38;0;100;0;100;0;0;0;0;0;0;0;0;0;0;0;0
17.02.2024;16:25;A 28;1;0;0;2;57;1;6;6;74;3;4;3;58;0;100;0;100;0;0;0;0;0;0;0;0;0;0;0;0
17.02.2024;16:24;A 28;1;0;0;1;75;0;0;7;65;3;4;2;17;0;100;0;100;0;0;0;0;0;0;0;0;0;0;0;0
17.02.2024;16:23;A 28;1;0;0;1;74;0;0;5;54;4;27;0;0;0;100;0;100;0;0;0;0;0;0;0;0;0;0;0;0
17.02.2024;16:22;A 28;1;0;0;1;31;0;0;6;23;3;29;1;6;0;100;0;100;1;1;0;0;0;0;1;1;0;0;0;0
17.02.2024;16:21;A 28;1;0;0;2;42;0;0;5;42;5;9;1;30;0;100;0;100;0;0;0;0;0;0;0;0;0;0;0;0
17.02.2024;16:20;A 28;1;0;0;1;44;0;0;10;43;5;17;3;28;0;100;0;100;0;0;0;0;0;0;0;0;0;0;0;0
17.02.2024;16:19;A 28;1;0;0;1;43;1;3;5;43;3;35;1;2;0;100;0;100;0;0;0;0;0;0;0;0;0;0;1;1
17.02.2024;16:18;A 28;1;0;0;1;55;0;0;8;61;3;18;2;8;0;100;0;100;0;0;0;0;0;0;0;0;0;0;0;0
17.02.2024;16:17;A 28;1;0;0;0;0;0;0;7;48;4;7;4;42;0;100;0;100;1;1;0;0;0;0;0;0;0;0;0;0
17.02.2024;16:16;A 28;1;0;0;1;74;1;2;6;11;2;24;2;60;0;100;0;100;0;0;0;0;0;0;0;0;0;0;0;0
17.02.2024;16:15;A 28;1;0;0;0;64;0;0;4;6;2;34;1;36;0;100;0;100;0;0;0;0;0;0;0;0;0;0;0;0
17.02.2024;16:14;A 28;1;0;0;3;18;1;1;8;41;7;50;0;100;0;100;0;100;0;0;0;0;2;2;0;0;0;0;0;0
17.02.2024;16:13;A 28;1;0;0;0;0;0;0;2;76;3;70;2;8;0;100;0;100;0;0;0;0;0;0;0;0;0;0;0;0
17.02.2024;16:12;A 28;1;0;0;0;18;0;0;6;79;1;1;1;43;0;100;0;100;0;0;0;0;0;0;0;0;0;0;0;0
17.02.2024;16:11;A 28;1;0;0;1;63;0;0;7;66;0;56;0;0;0;100;0;100;0;0;0;0;0;0;1;1;0;0;0;0
17.02.2024;16:10;A 28;1;0;0;1;76;0;0;9;54;2;61;2;14;0;100;0;100;1;1;0;0;0;0;1;1;0;0;0;0
17.02.2024;16:09;A 28;1;0;0;1;28;0;0;7;34;8;38;2;20;0;100;0;100;0;0;0;0;1;1;0;0;0;0;0;0
17.02.2024;16:08;A 28;1;0;0;0;0;0;0;7;54;4;23;2;25;0;100;0;100;0;0;1;1;0;0;0;0;0;0;0;0
17.02.2024;16:07;A 28;1;0;0;0;71;0;0;5;8;4;5;0;0;0;100;0;100;0;0;0;0;0;0;0;0;0;0;0;0
17.02.2024;16:06;A 28;1;0;0;2;64;0;0;7;77;6;26;2;30;0;100;0;100;0;0;0;0;0;0;0;0;0;0;0;0
17.02.2024;16:05;A 28;1;0;0;5;68;0;0;4;19;6;26;1;46;0;100;0;100;0;0;0;0;0;0;0;0;0;0;0;0
17.02.2024;16:04;A 28;1;0;0;2;33;1;2;5;66;6;8;0;0;0;100;0;100;0;0;0;0;1;1;0;0;0;0;0;0
17.02.2024;16:03;A 28;1;0;0;1;25;0;0;7;55;4;13;2;3;0;100;0;100;0;0;0;0;0;0;0;0;0;0;0;0
17.02.2024;16:02;A 28;1;0;0;2;75;1;2;7;73;3;5;1;17;0;100;0;100;0;0;0;0;0;0;0;0;0;0;0;0
17.02.2024;16:01;A 28;1;0;0;2;4;1;1;7;41;6;14;2;31;0;100;0;100;1;1;0;0;0;0;1;1;0;0;0;0
17.02.2024;16:00;A 28;1;0;0;1;2;1;1;5;75;5;8;1;41;0;100;0;100;0;0;0;0;0;0;0;0;0;0;0;0
17.02.2024;15:59;A 28;1;0;0;4;52;0;0;6;38;5;47;1;15;0;100;0;100;0;0;0;0;0;0;0;0;0;0;0;0
17.02.2024;15:58;A 28;1;0;0;1;52;0;0;4;7;2;3;0;0;0;100;0;100;0;0;2;2;0;0;0;0;0;0;1;1
17.02.2024;15:57;A 28;1;0;0;1;22;0;0;4;47;3;24;1;37;0;100;0;100;0;0;0;0;0;0;0;0;0;0;0;0
17.02.2024;15:56;A 28;1;0;0;1;44;2;12;9;78;6;48;4;23;0;100;0;100;0;0;0;0;0;0;0;0;0;0;0;0
17.02.2024;15:55;A 28;1;0;0;2;52;0;0;5;60;4;57;2;4;0;100;0;100;0;0;0;0;0;0;0;0;0;0;0;0
17.02.2024;15:54;A 28;1;0;0;0;0;0;0;10;27;4;10;1;2;0;100;0;100;0;0;1;1;1;1;0;0;0;0;1;1
17.02.2024;15:53;A 28;1;0;0;0;0;0;0;5;69;3;27;3;36;0;100;0;100;1;1;0;0;1;1;0;0;0;0;0;0
17.02.2024;15:52;A 28;1;0;0;0;0;0;0;3;46;5;18;1;2;0;100;0;100;0;0;0;0;0;0;0;0;0;0;2;2
17.02.2024;15:51;A 28;1;0;0;0;25;0;0;5;79;4;77;3;21;0;100;0;100;0;0;0;0;0;0;0;0;0;0;0;0
17.02.2024;15:50;A 28;1;0;0;1;25;1;3;8;33;4;36;1;70;0;100;0;100;0;0;0;0;0;0;0;0;0;0;0;0
17.02.2024;15:49;A 28;1;0;0;0;2;1;1;4;24;1;35;2;47;0;100;0;100;0;0;0;0;0;0;0;0;0;0;0;0
17.02.2024;15:48;A 28;1;0;0;3;74;1;6;6;37;8;16;0;20;0;100;0;100;0;0;0;0;0;0;0;0;0;0;0;0
17.02.2024;15:47;A 28;1;0;0;1;54;0;0;10;63;5;7;4;27;0;100;0;100;0;0;0;0;0;0;0;0;0;0;0;0
17.02.2024;15:46;A 28;1;0;0;1;48;0;0;7;23;6;8;1;2;0;100;0;100;0;0;1;1;0;0;0;0;0;0;0;0
17.02.2024;15:45;A 28;1;0;0;0;41;0;0;5;9;6;9;0;0;0;100;0;100;0;0;0;0;0;0;0;0;0;0;0;0
17.02.2024;15:44;A 28;1;0;0;4;69;1;1;6;48;2;3;0;0;0;100;0;100;0;0;0;0;0;0;0;0;0;0;0;0
17.02.2024;15:43;A 28;1;0;0;2;29;1;1;6;71;4;58;2;3;0;100;0;100;0;0;1;1;0;0;0;0;0;0;0;0
17.02.2024;15:42;A 28;1;0;0;1;3;1;1;11;71;8;69;0;0;0;100;0;100;1;1;0;0;0;0;0;0;0;0;0;0
17.02.2024;15:41;A 28;1;0;0;1;44;1;6;8;48;6;9;3;12;0;100;0;100;0;0;0;0;0;0;0;0;0;0;0;0
17.02.2024;15:40;A 28;1;0;0;0;68;0;0;6;62;5;9;0;0;0;100;0;100;0;0;0;0;0;0;0;0;0;0;0;0
17.02.2024;15:39;A 28;1;0;0;2;18;1;1;3;4;3;48;0;0;0;100;0;100;0;0;0;0;0;0;0;0;0;0;0;0
17.02.2024;15:38;A 28;1;0;0;2;34;1;1;5;73;3;4;1;2;0;100;0;100;0;0;0;0;0;0;0;0;0;0;0;0
17.02.2024;15:37;A 28;1;0;0;0;0;0;0;9;17;2;47;1;44;0;100;0;100;0;0;0;0;0;0;0;0;0;0;0;0
17.02.2024;15:36;A 28;1;0;0;1;2;1;1;10;75;9;66;1;59;0;100;0;100;0;0;0;0;0;0;0;0;0;0;1;1
17.02.2024;15:35;A 28;1;0;0;2;69;0;0;5;22;6;18;1;15;0;100;0;100;0;0;0;0;0;0;1;1;0;0;0;0
17.02.2024;15:34;A 28;1;0;0;2;58;1;2;7;10;4;6;0;0;0;100;0;100;0;0;0;0;0;0;0;0;0;0;0;0
17.02.2024;15:33;A 28;1;0;0;1;53;0;0;4;7;1;2;1;3;0;100;0;100;0;0;0;0;0;0;0;0;0;0;1;1
17.02.2024;15:32;A 28;1;0;0;1;61;1;2;6;12;5;8;2;9;0;100;0;100;0;0;1;1;0;0;0;0;0;0;0;0
17.02.2024;15:31;A 28;1;0;0;3;62;1;2;9;76;4;6;1;2;0;100;0;100;0;0;0;0;0;0;0;0;0;0;1;1
17.02.2024;15:30;A 28;1;0;0;2;60;0;0;7;29;3;41;2;4;0;100;0;100;0;0;0;0;2;2;0;0;0;0;0;0
17.02.2024;15:29;A 28;1;0;0;1;45;0;0;5;64;4;44;2;17;0;100;0;100;0;0;0;0;0;0;0;0;0;0;0;0
17.02.2024;15:28;A 28;1;0;0;2;27;2;7;6;56;9;40;3;4;0;100;0;100;0;0;0;0;0;0;0;0;0;0;0;0
17.02.2024;15:27;A 28;1;0;0;3;91;0;0;6;31;3;26;1;2;0;100;0;100;1;1;0;0;0;0;0;0;0;0;1;1
17.02.2024;15:26;A 28;1;0;0;3;68;0;0;7;28;3;15;1;2;0;100;0;100;0;0;0;0;0;0;0;0;0;0;0;0
17.02.2024;15:25;A 28;1;0;0;3;60;1;2;5;9;5;7;1;1;0;100;0;100;0;0;0;0;0;0;0;0;0;0;0;0
17.02.2024;15:24;A 28;1;0;0;0;0;0;0;5;77;5;76;2;12;0;100;0;100;0;0;0;0;0;0;0;0;0;0;0;0
17.02.2024;15:23;A 28;1;0;0;1;14;3;16;4;25;5;19;0;0;0;100;0;100;1;1;0;0;0;0;1;1;0;0;0;0
17.02.2024;15:22;A 28;1;0;0;2;78;0;0;1;72;8;53;0;0;0;100;0;100;0;0;0;0;0;0;0;0;0;0;0;0
17.02.2024;15:21;A 28;1;0;0;1;74;2;2;8;63;2;42;1;3;0;100;0;100;0;0;0;0;0;0;0;0;0;0;0;0
17.02.2024;15:20;A 28;1;0;0;1;3;0;0;10;78;8;39;0;0;0;100;0;100;1;1;0;0;0;0;0;0;0;0;1;1
17.02.2024;15:19;A 28;1;0;0;2;51;1;1;4;66;5;47;0;9;0;100;0;100;0;0;0;0;0;0;0;0;0;0;0;0
17.02.2024;15:18;A 28;1;0;0;1;45;0;0;5;83;3;64;2;68;0;100;0;100;0;0;1;1;0;0;0;0;0;0;1;1
17.02.2024;15:17;A 28;1;0;0;2;5;0;0;2;91;1;4;1;73;0;100;0;100;0;0;0;0;0;0;0;0;0;0;0;0
17.02.2024;15:16;A 28;1;0;0;2;5;0;0;7;76;6;66;2;40;0;100;0;100;0;0;0;0;0;0;1;1;0;0;0;0
17.02.2024;15:15;A 28;1;0;0;0;9;2;3;8;44;3;21;2;4;0;100;0;100;0;0;0;0;0;0;0;0;0;0;0;0
17.02.2024;15:14;A 28;1;0;0;1;43;1;1;10;15;5;41;2;33;0;100;0;100;0;0;0;0;0;0;0;0;0;0;0;0
17.02.2024;15:13;A 28;1;0;0;2;82;0;0;7;39;8;24;4;33;0;100;0;100;0;0;0;0;0;0;0;0;0;0;1;1
17.02.2024;15:12;A 28;1;0;0;0;77;1;2;9;68;3;4;2;27;0;100;0;100;0;0;0;0;0;0;0;0;0;0;0;0
17.02.2024;15:11;A 28;1;0;0;1;73;0;0;8;43;7;69;2;14;0;100;0;100;0;0;0;0;0;0;0;0;0;0;1;1
17.02.2024;15:10;A 28;1;0;0;4;16;0;0;8;16;4;8;2;36;0;100;0;100;1;1;0;0;0;0;2;2;0;0;0;0
17.02.2024;15:09;A 28;1;0;0;0;19;1;2;9;75;6;74;0;0;0;100;0;100;0;0;1;1;0;0;0;0;0;0;2;2
17.02.2024;15:08;A 28;1;0;0;2;39;1;1;9;15;5;6;2;17;0;100;0;100;1;1;0;0;0;0;4;4;0;0;0;0
17.02.2024;15:07;A 28;1;0;0;1;82;0;0;12;59;7;48;3;39;0;100;0;100;0;0;0;0;0;0;0;0;0;0;0;0
17.02.2024;15:06;A 28;1;0;0;1;72;1;2;10;69;9;46;3;6;0;100;0;100;0;0;0;0;0;0;0;0;0;0;0;0
17.02.2024;15:05;A 28;1;0;0;1;24;0;0;8;52;7;13;4;8;0;100;0;100;0;0;0;0;1;1;1;1;0;0;0;0
17.02.2024;15:04;A 28;1;0;0;1;13;0;0;10;48;3;60;0;0;0;100;0;100;0;0;0;0;2;2;1;1;0;0;2;2
17.02.2024;15:03;A 28;1;0;0;1;25;0;0;6;42;4;6;0;0;0;100;0;100;0;0;0;0;0;0;0;0;0;0;0;0
17.02.2024;15:02;A 28;1;0;0;0;30;1;1;7;62;6;38;2;8;0;100;0;100;1;1;0;0;0;0;0;0;0;0;1;1
17.02.2024;15:01;A 28;1;0;0;1;68;0;0;9;67;8;52;1;25;0;100;0;100;0;0;0;0;0;0;0;0;0;0;1;1
17.02.2024;15:00;A 28;1;0;0;2;64;2;2;9;73;7;48;2;41;0;100;0;100;0;0;0;0;1;1;1;1;0;0;0;0
17.02.2024;14:59;A 28;1;0;0;2;42;0;0;6;39;4;61;3;57;0;100;0;100;0;0;0;0;0;0;1;1;0;0;0;0
17.02.2024;14:58;A 28;1;0;0;3;72;0;0;7;12;6;44;4;37;0;100;0;100;0;0;0;0;0;0;0;0;0;0;1;1
17.02.2024;14:57;A 28;1;0;0;2;70;0;0;3;5;2;3;5;44;0;100;0;100;0;0;0;0;1;1;0;0;0;0;0;0
17.02.2024;14:56;A 28;1;0;0;3;34;0;0;9;65;8;70;0;0;0;100;0;100;1;1;0;0;1;1;0;0;0;0;0;0
17.02.2024;14:55;A 28;1;0;0;1;20;0;0;5;21;4;6;1;38;0;100;0;100;0;0;0;0;0;0;0;0;0;0;1;1
17.02.2024;14:54;A 28;1;0;0;2;51;0;0;8;64;3;62;0;0;0;100;0;100;0;0;0;0;0;0;0;0;0;0;0;0
17.02.2024;14:53;A 28;1;0;0;1;56;1;1;6;57;6;17;3;29;0;100;0;100;0;0;0;0;0;0;0;0;0;0;2;2
17.02.2024;14:52;A 28;1;0;0;2;70;0;0;9;38;3;30;4;9;0;100;0;100;0;0;0;0;0;0;0;0;0;0;0;0
17.02.2024;14:51;A 28;1;0;0;6;82;0;0;8;54;5;51;3;8;0;100;0;100;0;0;0;0;0;0;0;0;0;0;0;0
17.02.2024;14:50;A 28;1;0;0;4;66;1;1;8;80;4;70;0;0;0;100;0;100;0;0;0;0;0;0;0;0;0;0;0;0
17.02.2024;14:49;A 28;1;0;0;2;67;1;17;5;26;7;17;1;2;0;100;0;100;0;0;0;0;0;0;0;0;0;0;0;0
17.02.2024;14:48;A 28;1;0;0;2;48;0;0;5;41;3;4;0;0;0;100;0;100;0;0;0;0;0;0;0;0;0;0;0;0
17.02.2024;14:47;A 28;1;0;0;2;17;1;1;8;41;2;4;1;28;0;100;0;100;1;1;0;0;1;1;1;1;0;0;0;0
17.02.2024;14:46;A 28;1;0;0;1;81;0;0;6;46;3;5;1;28;0;100;0;100;0;0;0;0;0;0;0;0;0;0;1;1
17.02.2024;14:45;A 28;1;0;0;2;64;0;0;8;61;2;22;2;4;0;100;0;100;0;0;0;0;0;0;0;0;0;0;0;0
17.02.2024;14:44;A 28;1;0;0;2;63;0;0;8;59;6;30;1;7;0;100;0;100;0;0;0;0;0;0;0;0;0;0;0;0
17.02.2024;14:43;A 28;1;0;0;1;43;2;5;6;72;2;69;3;37;0;100;0;100;0;0;0;0;0;0;0;0;0;0;0;0
17.02.2024;14:42;A 28;1;0;0;1;47;1;1;5;9;5;12;1;2;0;100;0;100;0;0;0;0;0;0;0;0;0;0;0;0
17.02.2024;14:41;A 28;1;0;0;4;77;0;0;9;75;3;45;0;0;0;100;0;100;0;0;1;1;0;0;0;0;0;0;0;0
17.02.2024;14:40;A 28;1;0;0;2;41;1;41;7;53;3;8;1;54;0;100;0;100;1;4;0;0;0;0;0;0;0;0;0;0
17.02.2024;14:39;A 28;1;0;0;2;36;0;0;10;42;1;1;2;61;0;100;0;100;0;0;0;0;0;0;0;0;0;0;0;0
17.02.2024;14:38;A 28;1;0;0;2;40;1;10;5;40;5;29;1;18;0;100;0;100;0;0;0;0;0;0;0;0;0;0;1;1
17.02.2024;14:37;A 28;1;0;0;3;69;0;0;8;69;5;17;1;7;0;100;0;100;0;0;0;0;0;0;0;0;0;0;1;1
17.02.2024;14:36;A 28;1;0;0;3;68;0;0;6;68;4;6;2;21;0;100;0;100;0;0;0;0;0;0;0;0;0;0;0;0
17.02.2024;14:35;A 28;1;0;0;1;44;0;0;3;75;2;3;2;46;0;100;0;100;0;0;0;0;1;1;1;1;0;0;0;0
17.02.2024;14:34;A 28;1;0;0;3;9;1;2;7;61;6;49;1;30;0;100;0;100;0;0;0;0;1;1;0;0;0;0;0;0
17.02.2024;14:33;A 28;1;0;0;0;0;0;0;10;72;3;59;4;49;0;100;0;100;0;0;0;0;0;0;3;3;0;0;0;0
17.02.2024;14:32;A 28;1;0;0;2;1;0;0;14;49;8;75;3;15;0;100;0;100;0;0;0;0;1;1;0;0;0;0;0;0
17.02.2024;14:31;A 28;1;0;0;3;45;1;2;10;42;3;51;0;0;0;100;0;100;0;0;0;0;0;0;0;0;0;0;0;0
17.02.2024;14:30;A 28;1;0;0;1;85;1;1;6;56;5;49;1;4;0;100;0;100;0;0;0;0;0;0;0;0;0;0;2;2
17.02.2024;14:29;A 28;1;0;0;1;65;1;1;4;6;2;2;2;27;0;100;0;100;0;0;0;0;0;0;0;0;0;0;0;0
17.02.2024;14:28;A 28;1;0;0;2;26;0;0;4;23;3;57;0;0;0;100;0;100;0;0;0;0;0;0;0;0;0;0;0;0
17.02.2024;14:27;A 28;1;0;0;1;19;0;0;1;79;3;78;0;0;0;100;0;100;0;0;0;0;0;0;0;0;0;0;0;0
17.02.2024;14:26;A 28;1;0;0;2;30;0;0;7;46;7;61;1;31;0;100;0;100;0;0;0;0;0;0;0;0;0;0;0;0
17.02.2024;14:25;A 28;1;0;0;1;50;0;0;7;29;3;5;2;27;0;100;0;100;0;0;0;0;0;0;0;0;0;0;0;0
17.02.2024;14:24;A 28;1;0;0;1;28;1;1;7;40;9;21;3;5;0;100;0;100;0;0;0;0;2;2;1;1;0;0;0;0
17.02.2024;14:23;A 28;1;0;0;1;80;0;0;8;55;4;6;1;11;0;100;0;100;0;0;1;1;0;0;0;0;0;0;0;0
17.02.2024;14:22;A 28;1;0;0;3;64;1;1;8;66;2;4;1;15;0;100;0;100;0;0;0;0;0;0;0;0;0;0;0;0
17.02.2024;14:21;A 28;1;0;0;3;14;0;0;6;9;1;2;1;8;0;100;0;100;0;0;0;0;0;0;0;0;0;0;0;0
17.02.2024;14:20;A 28;1;0;0;2;45;1;5;7;83;7;43;0;0;0;100;0;100;1;1;0;0;0;0;0;0;0;0;0;0
17.02.2024;14:19;A 28;1;0;0;2;69;0;0;8;49;8;32;3;18;0;100;0;100;2;2;0;0;0;0;0;0;0;0;1;1
17.02.2024;14:18;A 28;1;0;0;1;79;1;1;10;49;4;6;2;4;0;100;0;100;0;0;0;0;1;1;1;1;0;0;1;1
17.02.2024;14:17;A 28;1;0;0;1;80;4;3;9;35;2;4;1;25;0;100;0;100;0;0;1;1;0;0;0;0;0;0;2;2
17.02.2024;14:16;A 28;1;0;0;2;72;0;0;8;58;3;4;1;27;0;100;0;100;0;0;0;0;0;0;0;0;0;0;1;1
17.02.2024;14:15;A 28;1;0;0;2;51;0;0;9;14;2;2;1;31;0;100;0;100;0;0;0;0;0;0;0;0;0;0;0;0
17.02.2024;14:14;A 28;1;0;0;1;47;0;0;4;35;1;1;3;36;0;100;0;100;1;1;0;0;1;1;0;0;0;0;0;0
17.02.2024;14:13;A 28;1;0;0;1;32;0;0;8;76;3;30;0;0;0;100;0;100;0;0;0;0;0;0;0;0;0;0;0;0
17.02.2024;14:12;A 28;1;0;0;3;64;1;1;10;73;11;77;0;0;0;100;0;100;0;0;0;0;0;0;0;0;0;0;0;0
17.02.2024;14:11;A 28;1;0;0;0;0;2;3;11;72;9;46;2;21;0;100;0;100;0;0;0;0;0;0;0;0;0;0;0;0
17.02.2024;14:10;A 28;1;0;0;1;13;0;0;12;68;6;9;5;10;0;100;0;100;0;0;0;0;0;0;0;0;0;0;1;1
17.02.2024;14:09;A 28;1;0;0;1;35;0;0;9;39;8;29;1;14;0;100;0;100;1;1;0;0;0;0;0;0;0;0;0;0
17.02.2024;14:08;A 28;1;0;0;0;48;1;1;4;77;5;73;1;34;0;100;0;100;0;0;0;0;0;0;0;0;0;0;1;1
17.02.2024;14:07;A 28;1;0;0;3;51;0;0;6;45;5;72;2;9;0;100;0;100;0;0;1;1;0;0;0;0;0;0;0;0
17.02.2024;14:06;A 28;1;0;0;3;58;0;0;5;52;1;58;1;3;0;100;0;100;0;0;0;0;0;0;0;0;0;0;0;0
17.02.2024;14:05;A 28;1;0;0;3;12;1;2;5;85;4;26;1;2;0;100;0;100;0;0;0;0;1;1;0;0;0;0;0;0
17.02.2024;14:04;A 28;1;0;0;1;50;0;0;7;67;3;38;1;20;0;100;0;100;0;0;0;0;0;0;1;1;0;0;2;2
17.02.2024;14:03;A 28;1;0;0;2;5;0;0;8;55;4;31;1;42;0;100;0;100;0;0;0;0;0;0;0;0;0;0;1;1
17.02.2024;14:02;A 28;1;0;0;2;93;1;4;9;35;3;4;3;51;0;100;0;100;0;0;0;0;0;0;0;0;0;0;1;1
17.02.2024;14:01;A 28;1;0;0;4;75;1;1;6;74;1;40;0;0;0;100;0;100;0;0;0;0;0;0;0;0;0;0;0;0
17.02.2024;14:00;A 28;1;0;0;1;55;1;1;6;12;4;6;3;53;0;100;0;100;0;0;0;0;1;1;0;0;0;0;1;1
17.02.2024;13:59;A 28;1;0;0;1;39;0;0;8;45;1;1;3;32;0;100;0;100;0;0;0;0;0;0;2;2;0;0;0;0
17.02.2024;13:58;A 28;1;0;0;1;40;1;0;4;57;10;17;2;49;0;100;0;100;0;0;0;0;0;0;0;0;0;0;0;0
17.02.2024;13:57;A 28;1;0;0;1;47;0;0;7;10;3;5;3;37;0;100;0;100;0;0;0;0;0;0;0;0;0;0;0;0
17.02.2024;13:56;A 28;1;0;0;1;21;1;5;12;40;4;6;0;0;0;100;0;100;0;0;0;0;0;0;0;0;0;0;0;0
17.02.2024;13:55;A 28;1;0;0;3;54;0;0;8;70;2;3;2;4;0;100;0;100;0;0;0;0;0;0;1;1;0;0;2;2
17.02.2024;13:54;A 28;1;0;0;2;70;0;0;7;49;3;5;3;8;0;100;0;100;0;0;0;0;1;1;0;0;0;0;0;0
17.02.2024;13:53;A 28;1;0;0;3;60;0;0;4;20;0;0;2;28;0;100;0;100;0;0;0;0;0;0;0;0;0;0;0;0
17.02.2024;13:52;A 28;1;0;0;2;20;0;0;3;81;3;4;2;38;0;100;0;100;0;0;0;0;1;1;0;0;0;0;1;1
17.02.2024;13:51;A 28;1;0;0;1;74;0;0;3;59;4;58;1;69;0;100;0;100;0;0;1;1;0;0;0;0;0;0;2;2
17.02.2024;13:50;A 28;1;0;0;2;74;1;12;5;58;6;25;2;17;0;100;0;100;0;0;0;0;1;1;1;1;0;0;0;0
17.02.2024;13:49;A 28;1;0;0;1;88;1;1;6;67;1;20;1;2;0;100;0;100;0;0;0;0;1;1;0;0;0;0;0;0
17.02.2024;13:48;A 28;1;0;0;2;38;1;3;5;66;5;48;0;0;0;100;0;100;0;0;0;0;0;0;0;0;0;0;0;0
17.02.2024;13:47;A 28;1;0;0;1;41;0;3;6;73;4;41;0;0;0;100;0;100;2;2;0;0;0;0;0;0;0;0;0;0
17.02.2024;13:46;A 28;1;0;0;2;4;1;11;5;36;7;22;2;30;0;100;0;100;0;0;0;0;1;1;0;0;0;0;0;0
17.02.2024;13:45;A 28;1;0;0;1;30;0;0;6;52;2;3;0;0;0;100;0;100;0;0;0;0;0;0;1;1;0;0;0;0
17.02.2024;13:44;A 28;1;0;0;1;50;0;0;6;62;1;58;3;59;0;100;0;100;0;0;0;0;0;0;0;0;0;0;0;0
17.02.2024;13:43;A 28;1;0;0;1;73;2;3;7;60;8;62;2;47;0;100;0;100;0;0;0;0;0;0;0;0;0;0;0;0
17.02.2024;13:42;A 28;1;0;0;1;28;1;2;7;60;2;37;1;33;0;100;0;100;0;0;1;1;0;0;2;2;0;0;1;1
17.02.2024;13:41;A 28;1;0;0;2;5;0;20;1;29;10;15;4;7;0;100;0;100;1;1;0;0;1;1;1;1;0;0;0;0
17.02.2024;13:40;A 28;1;0;0;3;56;1;27;4;34;3;13;1;1;0;100;0;100;0;0;0;0;0;0;0;0;0;0;1;1
17.02.2024;13:39;A 28;1;0;0;4;48;0;0;3;39;1;2;0;0;0;100;0;100;0;0;0;0;0;0;0;0;0;0;0;0
17.02.2024;13:38;A 28;1;0;0;2;53;0;0;7;84;6;75;2;36;0;100;0;100;0;0;1;1;0;0;0;0;0;0;1;1
17.02.2024;13:37;A 28;1;0;0;1;59;1;2;10;49;6;48;4;47;0;100;0;100;0;0;0;0;0;0;0;0;0;0;0;0
17.02.2024;13:36;A 28;1;0;0;2;70;1;5;9;58;4;6;0;0;0;100;0;100;0;0;0;0;0;0;0;0;0;0;0;0
17.02.2024;13:35;A 28;1;0;0;1;25;0;0;10;54;5;8;0;0;0;100;0;100;0;0;0;0;0;0;0;0;0;0;0;0
17.02.2024;13:34;A 28;1;0;0;2;54;0;0;7;20;7;22;1;2;0;100;0;100;0;0;0;0;0;0;0;0;0;0;0;0
17.02.2024;13:33;A 28;1;0;0;3;7;0;0;4;30;3;64;0;0;0;100;0;100;0;0;0;0;0;0;0;0;0;0;0;0
17.02.2024;13:32;A 28;1;0;0;0;44;0;0;9;54;2;37;2;6;0;100;0;100;0;0;1;1;0;0;0;0;0;0;1;1
17.02.2024;13:31;A 28;1;0;0;1;37;0;0;6;15;4;75;2;77;0;100;0;100;0;0;0;0;0;0;0;0;0;0;0;0
17.02.2024;13:30;A 28;1;0;0;1;40;0;0;5;20;3;11;4;44;0;100;0;100;1;1;1;1;0;0;0;0;0;0;1;1
17.02.2024;13:29;A 28;1;0;0;2;70;1;2;4;6;6;16;0;0;0;100;0;100;1;1;0;0;0;0;2;2;0;0;0;0
17.02.2024;13:28;A 28;1;0;0;2;73;1;1;9;33;8;17;3;8;0;100;0;100;0;0;0;0;0;0;0;0;0;0;0;0
17.02.2024;13:27;A 28;1;0;0;1;64;0;0;7;28;5;20;1;40;0;100;0;100;0;0;0;0;0;0;0;0;0;0;0;0
17.02.2024;13:26;A 28;1;0;0;3;44;0;0;7;45;6;20;3;70;0;100;0;100;0;0;0;0;0;0;0;0;0;0;0;0
17.02.2024;13:25;A 28;1;0;0;0;39;1;2;7;9;4;6;1;32;0;100;0;100;0;0;0;0;0;0;0;0;0;0;0;0
17.02.2024;13:24;A 28;1;0;0;5;49;0;0;4;79;6;74;1;35;0;100;0;100;0;0;0;0;0;0;0;0;0;0;0;0
17.02.2024;13:23;A 28;1;0;0;3;64;0;0;6;12;5;48;3;22;0;100;0;100;0;0;0;0;0;0;0;0;0;0;0;0
17.02.2024;13:22;A 28;1;0;0;3;67;1;1;6;47;3;51;4;28;0;100;0;100;2;2;0;0;0;0;0;0;0;0;0;0
17.02.2024;13:21;A 28;1;0;0;2;30;0;0;8;12;6;39;0;18;0;100;0;100;0;0;0;0;0;0;0;0;0;0;0;0
17.02.2024;13:20;A 28;1;0;0;2;75;2;3;5;45;5;9;3;24;0;100;0;100;0;0;0;0;0;0;0;0;0;0;0;0
17.02.2024;13:19;A 28;1;0;0;2;9;0;0;4;76;4;35;2;68;0;100;0;100;0;0;1;1;0;0;0;0;0;0;0;0
17.02.2024;13:18;A 28;1;0;0;1;48;1;2;4;70;3;9;0;0;0;100;0;100;0;0;0;0;0;0;0;0;0;0;0;0
17.02.2024;13:17;A 28;1;0;0;2;54;1;3;5;60;5;21;3;35;0;100;0;100;0;0;0;0;0;0;0;0;0;0;0;0
17.02.2024;13:16;A 28;1;0;0;1;7;0;0;6;11;6;9;0;0;0;100;0;100;0;0;0;0;0;0;0;0;0;0;0;0
17.02.2024;13:15;A 28;1;0;0;1;56;0;0;5;54;4;47;1;2;0;100;0;100;1;1;1;1;1;1;2;2;0;0;0;0
17.02.2024;13:14;A 28;1;0;0;2;62;1;2;4;64;5;40;3;6;0;100;0;100;0;0;0;0;0;0;0;0;0;0;0;0
17.02.2024;13:13;A 28;1;0;0;2;68;0;0;8;65;2;1;0;0;0;100;0;100;0;0;0;0;1;1;0;0;0;0;0;0
17.02.2024;13:12;A 28;1;0;0;1;78;1;1;8;41;7;53;1;2;0;100;0;100;0;0;0;0;0;0;1;1;0;0;2;4
17.02.2024;13:11;A 28;1;0;0;4;93;0;0;2;72;7;21;1;2;0;100;0;100;0;0;0;0;0;0;0;0;0;0;0;0
17.02.2024;13:10;A 28;1;0;0;1;61;0;0;6;21;4;70;2;59;0;100;0;100;0;0;0;0;0;0;0;0;0;0;0;0
17.02.2024;13:09;A 28;1;0;0;2;28;0;0;10;68;8;76;1;20;0;100;0;100;1;1;0;0;0;0;0;0;0;0;0;0
17.02.2024;13:08;A 28;1;0;0;1;70;0;0;7;41;2;14;1;32;0;100;0;100;0;0;0;0;0;0;0;0;0;0;0;0
17.02.2024;13:07;A 28;1;0;0;0;0;1;0;8;13;3;24;2;13;0;100;0;100;0;0;1;1;0;0;0;0;0;0;2;2
17.02.2024;13:06;A 28;1;0;0;2;57;0;0;7;20;4;45;1;2;0;100;0;100;0;0;0;0;0;0;0;0;0;0;0;0
17.02.2024;13:05;A 28;1;0;0;0;76;2;3;6;69;1;32;0;0;0;100;0;100;0;0;0;0;0;0;0;0;0;0;2;2
17.02.2024;13:04;A 28;1;0;0;3;88;0;0;8;80;3;60;4;72;0;100;0;100;0;0;0;0;1;1;2;2;0;0;0;0
17.02.2024;13:03;A 28;1;0;0;4;48;0;0;5;91;3;73;2;74;0;100;0;100;0;0;0;0;0;0;0;0;0;0;0;0
17.02.2024;13:02;A 28;1;0;0;4;43;0;0;9;34;2;8;2;54;0;100;0;100;1;1;0;0;1;1;0;0;0;0;0;0
17.02.2024;13:01;A 28;1;0;0;4;95;0;0;10;50;5;23;0;36;0;100;0;100;0;0;0;0;0;0;0;0;0;0;0;0
17.02.2024;13:00;A 28;1;0;0;3;67;0;0;11;40;6;25;2;25;0;100;0;100;1;1;0;0;0;0;0;0;0;0;0;0
17.02.2024;12:59;A 28;1;0;0;2;78;1;7;6;76;5;18;3;21;0;100;0;100;0;0;1;1;0;0;0;0;0;0;2;2
17.02.2024;12:58;A 28;1;0;0;6;78;0;0;10;76;2;60;1;13;0;100;0;100;0;0;0;0;0;0;0;0;0;0;0;0
17.02.2024;12:57;A 28;1;0;0;1;58;0;0;2;67;1;1;1;2;0;100;0;100;0;0;1;1;0;0;1;1;0;0;1;1
17.02.2024;12:56;A 28;1;0;0;2;53;1;2;11;79;1;2;3;22;0;100;0;100;0;0;0;0;0;0;0;0;0;0;1;1
17.02.2024;12:55;A 28;1;0;0;4;23;1;1;2;2;3;4;4;49;0;100;0;100;0;0;0;0;0;0;0;0;0;0;0;0
17.02.2024;12:54;A 28;1;0;0;2;52;0;0;9;62;3;4;0;0;0;100;0;100;0;0;0;0;0;0;0;0;0;0;0;0
17.02.2024;12:53;A 28;1;0;0;1;90;2;3;11;75;7;26;5;7;0;100;0;100;0;0;0;0;0;0;0;0;0;0;0;0
17.02.2024;12:52;A 28;1;0;0;1;32;0;0;9;70;2;51;1;2;0;100;0;100;0;0;0;0;0;0;0;0;0;0;0;0
17.02.2024;12:51;A 28;1;0;0;2;62;0;0;8;68;4;47;2;2;0;100;0;100;0;0;0;0;0;0;0;0;0;0;0;0
17.02.2024;12:50;A 28;1;0;0;2;60;0;0;6;51;4;61;3;14;0;100;0;100;0;0;0;0;0;0;0;0;0;0;0;0
17.02.2024;12:49;A 28;1;0;0;4;55;0;0;6;86;6;57;3;67;0;100;0;100;0;0;0;0;0;0;0;0;0;0;0;0
17.02.2024;12:48;A 28;1;0;0;2;84;1;14;8;24;2;16;2;63;0;100;0;100;0;0;0;0;0;0;0;0;0;0;0;0
17.02.2024;12:47;A 28;1;0;0;2;62;0;0;8;54;9;25;4;58;0;100;0;100;1;1;0;0;0;0;0;0;0;0;0;0
17.02.2024;12:46;A 28;1;0;0;1;64;3;2;7;42;8;35;3;26;0;100;0;100;0;0;0;0;0;0;0;0;0;0;0;0
17.02.2024;12:45;A 28;1;0;0;1;50;0;0;6;57;5;6;2;5;0;100;0;100;0;0;0;0;0;0;0;0;0;0;0;0
17.02.2024;12:44;A 28;1;0;0;0;0;0;0;5;43;2;35;1;1;0;100;0;100;0;0;0;0;0;0;0;0;0;0;0;0
17.02.2024;12:43;A 28;1;0;0;0;29;0;0;4;49;3;65;0;0;0;100;0;100;0;0;0;0;0;0;0;0;0;0;0;0
17.02.2024;12:42;A 28;1;0;0;2;50;1;1;6;12;3;11;2;50;0;100;0;100;0;0;1;1;1;1;0;0;0;0;0;0
17.02.2024;12:41;A 28;1;0;0;1;17;1;32;8;44;3;4;2;23;0;100;0;100;0;0;0;0;0;0;0;0;0;0;0;0
17.02.2024;12:40;A 28;1;0;0;1;79;2;44;7;53;3;51;2;6;0;100;0;100;0;0;0;0;0;0;0;0;0;0;0;0
17.02.2024;12:39;A 28;1;0;0;3;31;1;27;7;66;4;39;1;29;0;100;0;100;0;0;0;0;0;0;0;0;0;0;0;0
17.02.2024;12:38;A 28;1;0;0;2;75;1;8;6;21;5;8;4;33;0;100;0;100;0;0;0;0;0;0;0;0;0;0;0;0
17.02.2024;12:37;A 28;1;0;0;1;57;1;0;5;7;2;2;2;4;0;100;0;100;0;0;0;0;0;0;0;0;0;0;0;0
17.02.2024;12:36;A 28;1;0;0;1;4;0;0;9;17;4;12;1;51;0;100;0;100;0;0;1;1;0;0;0;0;0;0;0;0
17.02.2024;12:35;A 28;1;0;0;0;21;1;2;4;11;2;4;1;26;0;100;0;100;0;0;0;0;0;0;0;0;0;0;0;0
17.02.2024;12:34;A 28;1;0;0;2;33;1;1;6;41;1;1;4;31;0;100;0;100;0;0;0;0;0;0;0;0;0;0;0;0
17.02.2024;12:33;A 28;1;0;0;2;62;2;2;10;56;7;13;4;6;0;100;0;100;0;0;0;0;0;0;0;0;0;0;0;0
17.02.2024;12:32;A 28;1;0;0;1;53;1;1;8;87;7;28;2;3;0;100;0;100;0;0;0;0;0;0;0;0;0;0;0;0
17.02.2024;12:31;A 28;1;0;0;3;67;1;1;11;60;7;15;3;5;0;100;0;100;0;0;0;0;0;0;0;0;0;0;0;0
17.02.2024;12:30;A 28;1;0;0;0;57;2;3;4;12;2;3;0;0;0;100;0;100;0;0;0;0;0;0;0;0;0;0;1;1
17.02.2024;12:29;A 28;1;0;0;1;64;0;0;3;50;3;17;0;0;0;100;0;100;0;0;0;0;0;0;0;0;0;0;0;0
17.02.2024;12:28;A 28;1;0;0;1;39;2;4;6;78;5;15;0;0;0;100;0;100;0;0;0;0;0;0;0;0;0;0;0;0
17.02.2024;12:27;A 28;1;0;0;2;37;2;6;8;35;6;18;1;1;0;100;0;100;0;0;0;0;0;0;0;0;0;0;0;0
17.02.2024;12:26;A 28;1;0;0;2;9;1;3;10;17;7;10;0;0;0;100;0;100;0;0;0;0;1;1;1;1;0;0;0;0
17.02.2024;12:25;A 28;1;0;0;0;100;1;2;12;40;5;34;3;5;0;100;0;100;0;0;0;0;0;0;0;0;0;0;0;0
17.02.2024;12:24;A 28;1;0;0;4;50;0;0;1;24;5;55;0;0;0;100;0;100;0;0;0;0;0;0;0;0;0;0;1;1
17.02.2024;12:23;A 28;1;0;0;0;0;2;5;8;25;4;8;3;47;0;100;0;100;0;0;0;0;0;0;0;0;0;0;0;0
17.02.2024;12:22;A 28;1;0;0;0;50;0;0;4;8;3;69;0;0;0;100;0;100;0;0;0;0;0;0;0;0;0;0;0;0
17.02.2024;12:21;A 28;1;0;0;3;76;2;3;8;31;7;37;1;45;0;100;0;100;0;0;0;0;0;0;0;0;0;0;0;0
17.02.2024;12:20;A 28;1;0;0;1;62;1;1;4;6;5;6;0;0;0;100;0;100;0;0;0;0;0;0;0;0;0;0;0;0
17.02.2024;12:19;A 28;1;0;0;1;37;1;1;10;48;9;13;2;3;0;100;0;100;0;0;0;0;0;0;0;0;0;0;0;0
17.02.2024;12:18;A 28;1;0;0;1;3;0;0;9;42;3;4;2;2;0;100;0;100;0;0;0;0;0;0;0;0;0;0;0;0
17.02.2024;12:17;A 28;1;0;0;1;81;0;0;7;79;5;15;3;7;0;100;0;100;0;0;0;0;0;0;0;0;0;0;0;0
17.02.2024;12:16;A 28;1;0;0;2;70;0;0;6;75;6;74;0;0;0;100;0;100;0;0;1;1;0;0;0;0;0;0;0;0
17.02.2024;12:15;A 28;1;0;0;1;52;1;2;3;6;3;53;1;48;0;100;0;100;0;0;0;0;0;0;0;0;0;0;0;0
17.02.2024;12:14;A 28;1;0;0;4;50;1;2;6;82;8;68;1;64;0;100;0;100;0;0;1;1;0;0;0;0;0;0;1;1
17.02.2024;12:13;A 28;1;0;0;1;55;0;0;5;48;2;3;3;41;0;100;0;100;0;0;0;0;0;0;0;0;0;0;2;2
17.02.2024;12:12;A 28;1;0;0;1;51;0;0;4;46;2;3;1;35;0;100;0;100;0;0;0;0;0;0;0;0;0;0;1;1
17.02.2024;12:11;A 28;1;0;0;1;87;0;0;8;61;3;26;3;11;0;100;0;100;0;0;0;0;0;0;0;0;0;0;0;0
17.02.2024;12:10;A 28;1;0;0;1;77;0;0;5;56;4;54;1;2;0;100;0;100;0;0;0;0;0;0;0;0;0;0;0;0
17.02.2024;12:09;A 28;1;0;0;1;55;0;0;6;18;5;8;1;1;0;100;0;100;0;0;0;0;0;0;0;0;0;0;0;0
17.02.2024;12:08;A 28;1;0;0;3;57;3;5;2;78;3;21;0;0;0;100;0;100;0;0;0;0;0;0;0;0;0;0;1;1
17.02.2024;12:07;A 28;1;0;0;2;74;0;0;6;54;5;30;0;0;0;100;0;100;0;0;0;0;0;0;0;0;0;0;0;0
17.02.2024;12:06;A 28;1;0;0;1;63;0;0;6;53;11;41;2;33;0;100;0;100;0;0;0;0;0;0;0;0;0;0;1;1
17.02.2024;12:05;A 28;1;0;0;2;65;1;1;7;43;3;7;2;38;0;100;0;100;0;0;0;0;0;0;0;0;0;0;0;0
17.02.2024;12:04;A 28;1;0;0;1;69;0;0;7;32;4;24;2;31;0;100;0;100;0;0;0;0;0;0;0;0;0;0;0;0
17.02.2024;12:03;A 28;1;0;0;2;35;0;0;6;65;4;50;0;0;0;100;0;100;0;0;0;0;0;0;1;1;0;0;0;0
17.02.2024;12:02;A 28;1;0;0;0;48;0;0;5;67;0;0;1;2;0;100;0;100;1;1;0;0;0;0;0;0;0;0;0;0
17.02.2024;12:01;A 28;1;0;0;3;60;1;1;2;35;3;4;3;36;0;100;0;100;0;0;0;0;0;0;0;0;0;0;0;0
17.02.2024;12:00;A 28;1;0;0;1;20;0;0;7;16;4;45;3;8;0;100;0;100;0;0;0;0;0;0;0;0;0;0;0;0
17.02.2024;11:59;A 28;1;0;0;2;50;0;0;7;44;1;58;2;5;0;100;0;100;0;0;1;1;0;0;0;0;0;0;0;0
17.02.2024;11:58;A 28;1;0;0;1;69;0;0;10;52;4;41;2;4;0;100;0;100;0;0;0;0;0;0;0;0;0;0;0;0
17.02.2024;11:57;A 28;1;0;0;0;0;2;3;8;54;8;20;1;2;0;100;0;100;0;0;0;0;0;0;0;0;0;0;0;0
17.02.2024;11:56;A 28;1;0;0;1;63;1;1;9;17;4;10;1;8;0;100;0;100;2;2;0;0;0;0;4;4;0;0;0;0
17.02.2024;11:55;A 28;1;0;0;1;50;0;0;6;33;4;35;3;17;0;100;0;100;0;0;0;0;1;1;0;0;0;0;0;0
17.02.2024;11:54;A 28;1;0;0;1;12;1;1;9;50;3;8;1;1;0;100;0;100;0;0;0;0;0;0;0;0;0;0;0;0
17.02.2024;11:53;A 28;1;0;0;4;28;0;0;9;73;5;76;0;6;0;100;0;100;0;0;0;0;0;0;0;0;0;0;0;0
17.02.2024;11:52;A 28;1;0;0;1;33;0;0;8;23;4;35;3;19;0;100;0;100;0;0;0;0;1;1;0;0;0;0;0;0
17.02.2024;11:51;A 28;1;0;0;0;0;0;0;6;9;6;20;4;40;0;100;0;100;0;0;0;0;0;0;0;0;0;0;0;0
17.02.2024;11:50;A 28;1;0;0;1;4;0;0;7;42;2;25;0;0;0;100;0;100;0;0;0;0;0;0;0;0;0;0;0;0
17.02.2024;11:49;A 28;1;0;0;1;71;1;1;14;63;2;3;0;0;0;100;0;100;0;0;0;0;0;0;0;0;0;0;2;2
17.02.2024;11:48;A 28;1;0;0;7;73;0;0;4;8;4;72;3;23;0;100;0;100;0;0;0;0;0;0;0;0;0;0;0;0
17.02.2024;11:47;A 28;1;0;0;0;41;1;1;5;9;1;3;1;4;0;100;0;100;0;0;0;0;0;0;0;0;0;0;1;1
17.02.2024;11:46;A 28;1;0;0;1;14;0;0;6;41;5;71;2;41;0;100;0;100;0;0;0;0;0;0;0;0;0;0;0;0
17.02.2024;11:45;A 28;1;0;0;1;7;0;0;7;57;4;7;4;9;0;100;0;100;0;0;0;0;0;0;0;0;0;0;0;0
17.02.2024;11:44;A 28;1;0;0;1;15;0;0;10;59;7;11;1;2;0;100;0;100;0;0;1;1;0;0;0;0;0;0;0;0
17.02.2024;11:43;A 28;1;0;0;0;0;1;2;6;33;5;24;1;16;0;100;0;100;1;1;0;0;0;0;0;0;0;0;0;0
17.02.2024;11:42;A 28;1;0;0;1;72;1;1;6;53;2;5;2;5;0;100;0;100;0;0;0;0;0;0;0;0;0;0;0;0
17.02.2024;11:41;A 28;1;0;0;1;55;3;6;6;76;6;9;1;2;0;100;0;100;0;0;0;0;0;0;0;0;0;0;0;0
17.02.2024;11:40;A 28;1;0;0;0;0;1;6;4;83;2;57;1;1;0;100;0;100;0;0;0;0;0;0;0;0;0;0;0;0
17.02.2024;11:39;A 28;1;0;0;0;0;1;1;3;50;5;65;1;15;0;100;0;100;0;0;0;0;0;0;0;0;0;0;0;0
17.02.2024;11:38;A 28;1;0;0;0;0;0;0;8;70;10;46;2;54;0;100;0;100;0;0;0;0;0;0;0;0;0;0;0;0
17.02.2024;11:37;A 28;1;0;0;0;0;0;0;5;71;5;44;3;12;0;100;0;100;0;0;0;0;0;0;0;0;0;0;0;0
17.02.2024;11:36;A 28;1;0;0;2;61;0;0;8;34;5;48;1;25;0;100;0;100;0;0;0;0;1;1;0;0;0;0;0;0
17.02.2024;11:35;A 28;1;0;0;0;65;0;0;7;39;4;7;1;5;0;100;0;100;0;0;0;0;0;0;0;0;0;0;0;0
17.02.2024;11:34;A 28;1;0;0;2;60;0;0;4;64;1;33;3;17;0;100;0;100;0;0;0;0;0;0;0;0;0;0;0;0
17.02.2024;11:33;A 28;1;0;0;3;17;0;0;6;9;3;5;0;0;0;100;0;100;0;0;1;1;0;0;0;0;0;0;0;0
17.02.2024;11:32;A 28;1;0;0;0;23;1;2;3;50;4;6;1;2;0;100;0;100;0;0;0;0;0;0;0;0;0;0;0;0
17.02.2024;11:31;A 28;1;0;0;3;68;0;0;4;67;2;63;0;65;0;100;0;100;0;0;0;0;0;0;0;0;0;0;0;0
17.02.2024;11:30;A 28;1;0;0;1;79;2;3;8;67;5;33;2;68;0;100;0;100;0;0;1;1;0;0;0;0;0;0;0;0
17.02.2024;11:29;A 28;1;0;0;0;0;1;2;6;34;7;30;1;91;0;100;0;100;0;0;0;0;0;0;0;0;0;0;0;0
17.02.2024;11:28;A 28;1;0;0;2;60;0;0;8;22;2;4;1;1;0;100;0;100;0;0;0;0;0;0;0;0;0;0;0;0
17.02.2024;11:27;A 28;1;0;0;1;3;3;3;2;3;3;3;2;3;0;100;0;100;0;0;0;0;0;0;0;0;0;0;0;0
17.02.2024;11:26;A 28;1;0;0;0;0;0;0;5;77;3;64;2;5;0;100;0;100;0;0;0;0;0;0;1;1;0;0;0;0
17.02.2024;11:25;A 28;1;0;0;0;17;1;1;4;39;1;1;1;2;0;100;0;100;0;0;0;0;0;0;0;0;0;0;0;0
17.02.2024;11:24;A 28;1;0;0;2;28;1;1;2;53;3;12;2;4;0;100;0;100;0;0;0;0;0;0;2;20;0;0;0;0
17.02.2024;11:23;A 28;1;0;0;2;20;0;0;9;18;1;38;0;0;0;100;0;100;0;0;0;0;0;0;0;0;0;0;0;0
17.02.2024;11:22;A 28;1;0;0;2;44;0;0;7;43;7;40;2;4;0;100;0;100;0;0;0;0;0;0;2;4;0;0;0;0
17.02.2024;11:21;A 28;1;0;0;1;65;0;0;9;78;13;64;1;2;0;100;0;100;0;0;2;2;1;1;0;0;0;0;2;2
17.02.2024;11:20;A 28;1;0;0;2;59;0;0;6;71;4;66;0;0;0;100;0;100;0;0;0;0;0;0;0;0;0;0;0;0
17.02.2024;11:19;A 28;1;0;0;3;16;1;2;1;79;4;5;0;0;0;100;0;100;0;0;0;0;0;0;0;0;0;0;0;0
17.02.2024;11:18;A 28;1;0;0;2;6;0;0;2;3;3;43;1;1;0;100;0;100;0;0;0;0;0;0;0;0;0;0;0;0
17.02.2024;11:17;A 28;1;0;0;2;8;0;0;5;63;3;4;3;6;0;100;0;100;0;0;0;0;0;0;0;0;0;0;0;0
17.02.2024;11:16;A 28;1;0;0;1;61;1;1;11;70;3;40;0;35;0;100;0;100;0;0;0;0;0;0;0;0;0;0;1;1
17.02.2024;11:15;A 28;1;0;0;2;51;0;0;8;61;2;29;4;12;0;100;0;100;0;0;0;0;0;0;0;0;0;0;0;0
17.02.2024;11:14;A 28;1;0;0;0;0;0;0;11;17;5;7;1;3;0;100;0;100;0;0;0;0;0;0;0;0;0;0;0;0
17.02.2024;11:13;A 28;1;0;0;2;1;0;0;3;9;3;3;0;0;0;100;0;100;0;0;0;0;0;0;1;1;0;0;0;0
17.02.2024;11:12;A 28;1;0;0;1;9;0;0;4;19;3;48;2;4;0;100;0;100;0;0;0;0;0;0;0;0;0;0;0;0
17.02.2024;11:11;A 28;1;0;0;1;30;0;0;6;18;1;1;1;2;0;100;0;100;0;0;0;0;0;0;0;0;0;0;0;0
17.02.2024;11:10;A 28;1;0;0;2;77;0;0;6;76;2;54;2;5;0;100;0;100;0;0;0;0;0;0;0;0;0;0;0;0
17.02.2024;11:09;A 28;1;0;0;3;62;3;4;5;79;10;36;0;36;0;100;0;100;0;0;0;0;0;0;0;0;0;0;0;0
17.02.2024;11:08;A 28;1;0;0;0;0;2;1;10;46;3;26;1;1;0;100;0;100;0;0;0;0;1;1;2;2;0;0;0;0
17.02.2024;11:07;A 28;1;0;0;1;52;3;9;8;17;5;25;1;3;0;100;0;100;0;0;0;0;0;0;0;0;0;0;0;0
17.02.2024;11:06;A 28;1;0;0;1;51;1;4;6;9;4;11;2;8;0;100;0;100;0;0;0;0;0;0;0;0;0;0;0;0
17.02.2024;11:05;A 28;1;0;0;0;29;0;0;1;32;0;0;0;0;0;100;0;100;0;0;0;0;0;0;0;0;0;0;0;0
17.02.2024;11:04;A 28;1;0;0;1;68;0;0;5;52;1;2;2;52;0;100;0;100;0;0;0;0;0;0;0;0;0;0;0;0
17.02.2024;11:03;A 28;1;0;0;1;2;1;1;9;30;2;3;0;0;0;100;0;100;0;0;0;0;0;0;0;0;0;0;0;0
17.02.2024;11:02;A 28;1;0;0;1;51;0;0;5;42;2;3;1;2;0;100;0;100;0;0;1;1;1;1;0;0;0;0;0;0
17.02.2024;11:01;A 28;1;0;0;2;20;3;4;10;48;3;5;2;4;0;100;0;100;0;0;0;0;0;0;0;0;0;0;0;0
17.02.2024;11:00;A 28;1;0;0;1;61;1;1;4;55;2;3;4;13;0;100;0;100;0;0;0;0;1;1;0;0;0;0;1;1
17.02.2024;10:59;A 28;1;0;0;1;3;1;1;9;47;3;5;1;2;0;100;0;100;0;0;0;0;0;0;0;0;0;0;0;0
17.02.2024;10:58;A 28;1;0;0;1;39;0;0;3;5;1;66;0;0;0;100;0;100;0;0;1;1;0;0;1;1;0;0;2;2
17.02.2024;10:57;A 28;1;0;0;3;38;1;2;7;46;3;41;1;25;0;100;0;100;0;0;0;0;0;0;0;0;0;0;0;0
17.02.2024;10:56;A 28;1;0;0;1;62;3;4;7;49;4;5;2;14;0;100;0;100;0;0;0;0;0;0;0;0;0;0;0;0
17.02.2024;10:55;A 28;1;0;0;2;63;0;0;7;54;1;20;2;4;0;100;0;100;0;0;0;0;0;0;0;0;0;0;0;0
17.02.2024;10:54;A 28;1;0;0;1;59;0;0;8;36;5;24;2;23;0;100;0;100;1;1;0;0;0;0;1;1;0;0;0;0
17.02.2024;10:53;A 28;1;0;0;1;2;0;0;4;28;5;59;0;0;0;100;0;100;0;0;0;0;0;0;0;0;0;0;0;0
17.02.2024;10:52;A 28;1;0;0;1;81;0;0;6;68;5;9;3;64;0;100;0;100;0;0;0;0;0;0;0;0;0;0;1;1
17.02.2024;10:51;A 28;1;0;0;2;54;0;0;3;80;3;24;1;2;0;100;0;100;0;0;0;0;1;1;0;0;0;0;0;0
17.02.2024;10:50;A 28;1;0;0;2;37;1;1;6;13;1;1;1;2;0;100;0;100;0;0;0;0;0;0;0;0;0;0;1;1
17.02.2024;10:49;A 28;1;0;0;1;26;0;0;9;38;4;5;0;50;0;100;0;100;0;0;0;0;0;0;0;0;0;0;0;0
17.02.2024;10:48;A 28;1;0;0;1;4;0;0;6;22;5;26;1;9;0;100;0;100;0;0;0;0;0;0;0;0;0;0;0;0
17.02.2024;10:47;A 28;1;0;0;1;47;0;0;8;11;5;36;3;27;0;100;0;100;0;0;0;0;0;0;1;1;0;0;0;0
17.02.2024;10:46;A 28;1;0;0;2;73;1;4;6;15;4;8;0;0;0;100;0;100;0;0;0;0;0;0;0;0;0;0;0;0
17.02.2024;10:45;A 28;1;0;0;1;57;0;0;10;53;0;0;2;5;0;100;0;100;0;0;0;0;0;0;0;0;0;0;0;0
17.02.2024;10:44;A 28;1;0;0;1;14;0;0;4;5;0;0;0;0;0;100;0;100;0;0;0;0;0;0;0;0;0;0;0;0
17.02.2024;10:43;A 28;1;0;0;2;15;1;10;3;89;4;40;0;0;0;100;0;100;0;0;0;0;0;0;1;1;0;0;1;1
17.02.2024;10:42;A 28;1;0;0;2;47;1;2;5;25;3;4;3;41;0;100;0;100;0;0;0;0;0;0;0;0;0;0;0;0
17.02.2024;10:41;A 28;1;0;0;0;1;1;1;12;69;3;39;3;7;0;100;0;100;0;0;0;0;0;0;0;0;0;0;0;0
17.02.2024;10:40;A 28;1;0;0;3;66;0;0;11;43;4;48;1;2;0;100;0;100;0;0;0;0;0;0;0;0;0;0;0;0
17.02.2024;10:39;A 28;1;0;0;1;71;1;6;4;18;5;69;0;11;0;100;0;100;0;0;0;0;0;0;0;0;0;0;0;0
17.02.2024;10:38;A 28;1;0;0;1;12;0;0;3;33;3;28;1;25;0;100;0;100;0;0;1;1;0;0;2;2;0;0;1;1
17.02.2024;10:37;A 28;1;0;0;2;5;0;0;6;48;3;11;0;0;0;100;0;100;0;0;0;0;0;0;0;0;0;0;0;0
17.02.2024;10:36;A 28;1;0;0;2;20;0;0;4;35;0;0;1;2;0;100;0;100;0;0;0;0;0;0;0;0;0;0;0;0
17.02.2024;10:35;A 28;1;0;0;3;10;1;1;2;6;6;61;1;5;0;100;0;100;0;0;0;0;0;0;0;0;0;0;0;0
17.02.2024;10:34;A 28;1;0;0;1;60;1;1;7;45;5;25;3;6;0;100;0;100;0;0;1;1;0;0;0;0;0;0;0;0
17.02.2024;10:33;A 28;1;0;0;2;60;0;0;5;34;1;1;2;4;0;100;0;100;0;0;0;0;1;1;0;0;0;0;0;0
17.02.2024;10:32;A 28;1;0;0;0;0;0;0;7;28;5;8;2;17;0;100;0;100;0;0;0;0;0;0;0;0;0;0;0;0
17.02.2024;10:31;A 28;1;0;0;3;46;1;1;4;8;6;12;3;68;0;100;0;100;0;0;0;0;1;1;0;0;0;0;0;0
17.02.2024;10:30;A 28;1;0;0;1;45;0;0;8;55;2;43;3;40;0;100;0;100;0;0;0;0;0;0;1;1;0;0;0;0
17.02.2024;10:29;A 28;1;0;0;2;59;0;0;4;77;2;74;1;10;0;100;0;100;0;0;0;0;0;0;0;0;0;0;0;0
17.02.2024;10:28;A 28;1;0;0;1;66;0;0;9;15;4;4;1;2;0;100;0;100;0;0;0;0;0;0;0;0;0;0;0;0
17.02.2024;10:27;A 28;1;0;0;1;5;0;0;6;15;3;4;1;3;0;100;0;100;0;0;0;0;0;0;0;0;0;0;0;0
17.02.2024;10:26;A 28;1;0;0;1;58;1;3;1;17;3;4;1;23;0;100;0;100;0;0;0;0;0;0;0;0;0;0;0;0
17.02.2024;10:25;A 28;1;0;0;2;4;0;0;5;20;1;1;3;24;0;100;0;100;0;0;0;0;0;0;0;0;0;0;0;0
17.02.2024;10:24;A 28;1;0;0;2;59;0;0;4;6;3;4;1;0;0;100;0;100;0;0;0;0;0;0;0;0;0;0;0;0
17.02.2024;10:23;A 28;1;0;0;1;45;0;0;8;55;2;3;1;2;0;100;0;100;0;0;0;0;0;0;0;0;0;0;0;0
17.02.2024;10:22;A 28;1;0;0;2;18;0;0;5;45;3;5;3;4;0;100;0;100;0;0;1;1;0;0;0;0;0;0;0;0
17.02.2024;10:21;A 28;1;0;0;2;3;0;0;8;12;2;3;2;54;0;100;0;100;0;0;0;0;0;0;0;0;0;0;0;0
17.02.2024;10:20;A 28;1;0;0;2;77;0;0;6;23;6;12;1;15;0;100;0;100;0;0;0;0;0;0;0;0;0;0;0;0
17.02.2024;10:19;A 28;1;0;0;1;76;1;2;6;48;9;25;2;5;0;100;0;100;0;0;0;0;0;0;0;0;0;0;0;0
17.02.2024;10:18;A 28;1;0;0;0;0;2;3;8;31;5;8;1;2;0;100;0;100;0;0;0;0;0;0;0;0;0;0;0;0
17.02.2024;10:17;A 28;1;0;0;2;2;0;0;7;11;3;4;1;2;0;100;0;100;0;0;0;0;0;0;0;0;0;0;0;0
17.02.2024;10:16;A 28;1;0;0;0;38;0;0;2;72;1;78;0;0;0;100;0;100;0;0;0;0;0;0;0;0;0;0;1;1
17.02.2024;10:15;A 28;1;0;0;3;44;1;2;4;62;3;7;3;35;0;100;0;100;0;0;0;0;0;0;0;0;0;0;0;0
17.02.2024;10:14;A 28;1;0;0;0;0;1;0;8;69;8;16;3;41;0;100;0;100;0;0;0;0;0;0;0;0;0;0;0;0
17.02.2024;10:13;A 28;1;0;0;3;29;0;0;7;63;5;43;0;0;0;100;0;100;0;0;0;0;0;0;0;0;0;0;0;0
17.02.2024;10:12;A 28;1;0;0;0;0;0;0;7;37;3;30;0;0;0;100;0;100;0;0;0;0;0;0;0;0;0;0;0;0
17.02.2024;10:11;A 28;1;0;0;0;72;0;0;5;12;5;10;2;4;0;100;0;100;1;1;0;0;0;0;0;0;0;0;0;0
17.02.2024;10:10;A 28;1;0;0;2;65;0;0;4;35;2;47;1;6;0;100;0;100;0;0;0;0;0;0;0;0;0;0;0;0
17.02.2024;10:09;A 28;1;0;0;5;70;0;0;5;21;3;64;0;0;0;100;0;100;0;0;1;1;0;0;0;0;0;0;0;0
17.02.2024;10:08;A 28;1;0;0;2;37;4;6;4;85;4;73;2;61;0;100;0;100;0;0;0;0;0;0;0;0;0;0;0;0
17.02.2024;10:07;A 28;1;0;0;1;4;0;0;8;14;4;5;0;0;0;100;0;100;0;0;0;0;0;0;0;0;0;0;0;0
17.02.2024;10:06;A 28;1;0;0;0;0;0;0;7;10;4;6;2;27;0;100;0;100;0;0;0;0;1;1;0;0;0;0;0;0
17.02.2024;10:05;A 28;1;0;0;1;3;0;0;5;24;2;23;1;22;0;100;0;100;0;0;0;0;0;0;0;0;0;0;0;0
17.02.2024;10:04;A 28;1;0;0;1;2;0;0;5;51;1;5;2;54;0;100;0;100;0;0;0;0;0;0;0;0;0;0;0;0
17.02.2024;10:03;A 28;1;0;0;0;51;1;1;4;10;1;1;0;0;0;100;0;100;0;0;0;0;0;0;0;0;0;0;0;0
17.02.2024;10:02;A 28;1;0;0;1;28;1;7;7;18;4;7;1;36;0;100;0;100;0;0;0;0;0;0;0;0;0;0;0;0
17.02.2024;10:01;A 28;1;0;0;0;0;1;3;2;40;2;3;0;0;0;100;0;100;0;0;0;0;0;0;0;0;0;0;0;0
17.02.2024;10:00;A 28;1;0;0;2;9;0;0;5;22;2;9;2;52;0;100;0;100;0;0;0;0;0;0;0;0;0;0;1;1
17.02.2024;09:59;A 28;1;0;0;2;54;1;1;7;36;4;35;0;0;0;100;0;100;0;0;1;1;0;0;0;0;0;0;0;0
17.02.2024;09:58;A 28;1;0;0;1;49;0;0;6;15;1;7;1;2;0;100;0;100;0;0;0;0;1;1;0;0;0;0;0;0
17.02.2024;09:57;A 28;1;0;0;1;56;1;6;6;16;7;19;0;11;0;100;0;100;0;0;0;0;0;0;0;0;0;0;0;0
17.02.2024;09:56;A 28;1;0;0;2;56;2;6;6;65;4;69;1;60;0;100;0;100;0;0;0;0;0;0;0;0;0;0;2;2
17.02.2024;09:55;A 28;1;0;0;4;50;1;1;1;40;1;2;0;0;0;100;0;100;0;0;0;0;0;0;0;0;0;0;0;0
17.02.2024;09:54;A 28;1;0;0;1;44;0;0;4;13;2;19;4;46;0;100;0;100;0;0;0;0;0;0;0;0;0;0;0;0
17.02.2024;09:53;A 28;1;0;0;2;57;0;0;7;16;3;8;1;2;0;100;0;100;0;0;0;0;0;0;0;0;0;0;0;0
17.02.2024;09:52;A 28;1;0;0;1;3;0;0;7;11;2;3;1;1;0;100;0;100;0;0;0;0;0;0;0;0;0;0;0;0
17.02.2024;09:51;A 28;1;0;0;2;70;1;0;4;25;6;11;0;0;0;100;0;100;0;0;0;0;0;0;0;0;0;0;0;0
17.02.2024;09:50;A 28;1;0;0;2;61;0;0;6;16;5;17;0;9;0;100;0;100;0;0;0;0;0;0;1;1;0;0;0;0
17.02.2024;09:49;A 28;1;0;0;5;37;0;0;8;13;3;59;3;59;0;100;0;100;0;0;0;0;0;0;0;0;0;0;0;0
17.02.2024;09:48;A 28;1;0;0;0;0;0;0;1;85;3;75;1;55;0;100;0;100;0;0;0;0;0;0;0;0;0;0;0;0
17.02.2024;09:47;A 28;1;0;0;0;0;0;0;3;5;0;0;2;4;0;100;0;100;0;0;0;0;0;0;0;0;0;0;0;0
17.02.2024;09:46;A 28;1;0;0;0;0;1;0;4;51;7;44;4;44;0;100;0;100;0;0;1;1;0;0;0;0;0;0;0;0
17.02.2024;09:45;A 28;1;0;0;1;53;0;0;5;46;2;3;0;0;0;100;0;100;0;0;0;0;0;0;0;0;0;0;0;0
17.02.2024;09:44;A 28;1;0;0;1;53;2;3;5;69;5;16;0;0;0;100;0;100;0;0;0;0;0;0;0;0;0;0;0;0
17.02.2024;09:43;A 28;1;0;0;1;4;1;1;8;59;0;0;3;6;0;100;0;100;0;0;0;0;1;1;0;0;0;0;0;0
17.02.2024;09:42;A 28;1;0;0;0;0;0;0;3;42;2;4;4;35;0;100;0;100;0;0;0;0;0;0;0;0;0;0;0;0
17.02.2024;09:41;A 28;1;0;0;0;42;1;1;8;9;1;31;0;0;0;100;0;100;0;0;0;0;0;0;0;0;0;0;0;0
17.02.2024;09:40;A 28;1;0;0;1;14;1;7;4;55;4;6;1;2;0;100;0;100;0;0;0;0;0;0;0;0;0;0;1;1
17.02.2024;09:39;A 28;1;0;0;2;11;0;0;2;43;3;5;0;0;0;100;0;100;0;0;0;0;0;0;0;0;0;0;0;0
17.02.2024;09:38;A 28;1;0;0;2;63;0;0;7;12;3;27;0;53;0;100;0;100;0;0;0;0;0;0;0;0;0;0;0;0
17.02.2024;09:37;A 28;1;0;0;1;71;0;0;6;8;1;1;3;9;0;100;0;100;0;0;0;0;0;0;0;0;0;0;0;0
17.02.2024;09:36;A 28;1;0;0;3;64;1;1;3;14;3;5;1;2;0;100;0;100;0;0;0;0;0;0;0;0;0;0;0;0
17.02.2024;09:35;A 28;1;0;0;2;1;0;0;5;11;4;5;0;0;0;100;0;100;0;0;0;0;0;0;0;0;0;0;0;0
17.02.2024;09:34;A 28;1;0;0;3;48;0;0;0;0;1;1;0;0;0;100;0;100;0;0;0;0;0;0;0;0;0;0;0;0
17.02.2024;09:33;A 28;1;0;0;0;10;0;0;7;11;2;3;1;2;0;100;0;100;0;0;0;0;0;0;0;0;0;0;0;0
17.02.2024;09:32;A 28;1;0;0;3;14;0;0;5;10;3;34;1;2;0;100;0;100;0;0;0;0;0;0;0;0;0;0;0;0
17.02.2024;09:31;A 28;1;0;0;1;5;0;0;4;23;3;18;0;0;0;100;0;100;0;0;0;0;0;0;0;0;0;0;1;1
17.02.2024;09:30;A 28;1;0;0;1;64;2;3;6;11;2;3;3;5;0;100;0;100;0;0;0;0;0;0;0;0;0;0;2;2
17.02.2024;09:29;A 28;1;0;0;1;3;0;0;3;4;2;3;0;0;0;100;0;100;0;0;0;0;1;1;1;1;0;0;0;0
17.02.2024;09:28;A 28;1;0;0;0;49;0;0;1;1;1;1;1;2;0;100;0;100;0;0;0;0;0;0;0;0;0;0;0;0
17.02.2024;09:27;A 28;1;0;0;3;56;0;0;5;76;3;7;1;7;0;100;0;100;0;0;0;0;0;0;0;0;0;0;0;0
17.02.2024;09:26;A 28;1;0;0;0;0;1;2;4;70;1;59;0;0;0;100;0;100;0;0;0;0;0;0;0;0;0;0;0;0
17.02.2024;09:25;A 28;1;0;0;2;13;0;0;10;54;2;3;2;3;0;100;0;100;0;0;0;0;0;0;0;0;0;0;0;0
17.02.2024;09:24;A 28;1;0;0;2;76;1;3;5;8;1;38;0;0;0;100;0;100;0;0;0;0;0;0;0;0;0;0;0;0
17.02.2024;09:23;A 28;1;0;0;1;56;0;25;7;36;7;38;1;1;0;100;0;100;0;0;0;0;0;0;0;0;0;0;0;0
17.02.2024;09:22;A 28;1;0;0;3;31;1;11;5;24;7;9;0;0;0;100;0;100;0;0;0;0;0;0;0;0;0;0;0;0
17.02.2024;09:21;A 28;1;0;0;1;2;0;0;3;73;1;2;1;2;0;100;0;100;0;0;0;0;0;0;0;0;0;0;0;0
17.02.2024;09:20;A 28;1;0;0;0;0;0;0;5;9;2;7;0;0;0;100;0;100;0;0;0;0;0;0;0;0;0;0;1;1
17.02.2024;09:19;A 28;1;0;0;1;4;0;0;3;5;5;9;1;2;0;100;0;100;0;0;0;0;0;0;0;0;0;0;0;0
17.02.2024;09:18;A 28;1;0;0;1;2;0;0;5;6;4;6;0;0;0;100;0;100;0;0;0;0;0;0;0;0;0;0;0;0
17.02.2024;09:17;A 28;1;0;0;0;0;0;0;6;8;1;1;0;0;0;100;0;100;0;0;0;0;0;0;1;1;0;0;1;1
17.02.2024;09:16;A 28;1;0;0;0;83;0;0;5;27;3;6;1;4;0;100;0;100;0;0;0;0;2;2;0;0;0;0;0;0
17.02.2024;09:15;A 28;1;0;0;1;0;0;0;7;37;4;6;1;3;0;100;0;100;0;0;0;0;0;0;0;0;0;0;0;0
17.02.2024;09:14;A 28;1;0;0;0;60;0;0;4;6;1;3;1;3;0;100;0;100;0;0;0;0;0;0;0;0;0;0;0;0
17.02.2024;09:13;A 28;1;0;0;1;55;0;0;2;3;2;3;0;0;0;100;0;100;0;0;0;0;0;0;0;0;0;0;0;0
17.02.2024;09:12;A 28;1;0;0;1;22;0;0;4;9;3;5;0;0;0;100;0;100;0;0;0;0;0;0;0;0;0;0;0;0
17.02.2024;09:11;A 28;1;0;0;0;0;0;0;6;9;0;0;2;4;0;100;0;100;0;0;0;0;0;0;0;0;0;0;0;0
17.02.2024;09:10;A 28;1;0;0;0;0;0;0;3;45;1;40;0;0;0;100;0;100;0;0;1;1;0;0;0;0;0;0;1;1
17.02.2024;09:09;A 28;1;0;0;0;0;1;1;6;59;3;31;2;5;0;100;0;100;0;0;0;0;0;0;0;0;0;0;0;0
17.02.2024;09:08;A 28;1;0;0;1;3;0;0;5;19;1;2;1;2;0;100;0;100;0;0;0;0;0;0;0;0;0;0;0;0
17.02.2024;09:07;A 28;1;0;0;0;41;0;0;3;5;1;1;1;40;0;100;0;100;0;0;0;0;0;0;0;0;0;0;0;0
17.02.2024;09:06;A 28;1;0;0;1;38;0;0;1;1;1;2;2;44;0;100;0;100;0;0;0;0;0;0;0;0;0;0;0;0
17.02.2024;09:05;A 28;1;0;0;1;10;0;0;4;23;1;1;1;2;0;100;0;100;0;0;0;0;1;1;0;0;0;0;0;0
17.02.2024;09:04;A 28;1;0;0;0;0;0;0;4;16;4;8;2;2;0;100;0;100;0;0;0;0;1;1;0;0;0;0;0;0
17.02.2024;09:03;A 28;1;0;0;0;0;0;0;4;7;1;40;2;16;0;100;0;100;0;0;0;0;0;0;0;0;0;0;0;0
17.02.2024;09:02;A 28;1;0;0;0;0;0;0;5;26;4;28;0;0;0;100;0;100;0;0;0;0;0;0;0;0;0;0;0;0
17.02.2024;09:01;A 28;1;0;0;2;7;0;0;1;2;1;2;0;0;0;100;0;100;0;0;1;1;0;0;0;0;0;0;1;1
17.02.2024;09:00;A 28;1;0;0;1;6;1;2;4;8;1;10;0;0;0;100;0;100;0;0;0;0;0;0;0;0;0;0;0;0
17.02.2024;08:59;A 28;1;0;0;1;21;0;0;3;21;1;72;0;0;0;100;0;100;0;0;0;0;0;0;0;0;0;0;0;0
17.02.2024;08:58;A 28;1;0;0;1;12;0;0;6;37;2;3;1;2;0;100;0;100;0;0;0;0;0;0;0;0;0;0;0;0
17.02.2024;08:57;A 28;1;0;0;1;23;1;1;3;13;3;7;1;2;0;100;0;100;0;0;0;0;0;0;0;0;0;0;0;0
17.02.2024;08:56;A 28;1;0;0;1;65;2;4;6;29;2;5;2;6;0;100;0;100;0;0;0;0;0;0;0;0;0;0;0;0
17.02.2024;08:55;A 28;1;0;0;2;2;0;0;2;4;1;1;1;3;0;100;0;100;0;0;0;0;0;0;0;0;0;0;0;0
17.02.2024;08:54;A 28;1;0;0;1;11;1;2;3;9;0;7;1;2;0;100;0;100;1;1;0;0;0;0;0;0;0;0;0;0
17.02.2024;08:53;A 28;1;0;0;2;49;1;1;1;0;2;36;0;0;0;100;0;100;0;0;0;0;0;0;0;0;0;0;0;0
17.02.2024;08:52;A 28;1;0;0;3;70;0;0;5;9;0;0;1;2;0;100;0;100;0;0;0;0;0;0;0;0;0;0;0;0
17.02.2024;08:51;A 28;1;0;0;1;52;0;0;7;52;1;2;2;4;0;100;0;100;0;0;0;0;0;0;0;0;0;0;0;0
17.02.2024;08:50;A 28;1;0;0;1;49;0;0;4;5;2;4;1;41;0;100;0;100;0;0;0;0;0;0;0;0;0;0;0;0
17.02.2024;08:49;A 28;1;0;0;0;0;1;1;8;12;4;25;2;21;0;100;0;100;0;0;0;0;0;0;0;0;0;0;0;0
17.02.2024;08:48;A 28;1;0;0;2;7;1;2;3;9;0;0;0;0;0;100;0;100;0;0;0;0;1;1;0;0;0;0;0;0
17.02.2024;08:47;A 28;1;0;0;2;21;0;0;4;6;2;2;1;6;0;100;0;100;0;0;0;0;0;0;0;0;0;0;0;0
17.02.2024;08:46;A 28;1;0;0;1;18;0;0;0;0;0;0;1;29;0;100;0;100;0;0;0;0;1;1;0;0;0;0;0;0
17.02.2024;08:45;A 28;1;0;0;0;30;0;0;2;21;0;0;0;0;0;100;0;100;0;0;0;0;0;0;0;0;0;0;0;0
17.02.2024;08:44;A 28;1;0;0;2;37;0;0;7;11;8;15;2;4;0;100;0;100;0;0;0;0;0;0;0;0;0;0;0;0
17.02.2024;08:43;A 28;1;0;0;0;0;0;0;3;3;2;3;3;50;0;100;0;100;0;0;0;0;0;0;0;0;0;0;0;0
17.02.2024;08:42;A 28;1;0;0;0;0;1;7;1;48;2;7;1;36;0;100;0;100;0;0;0;0;0;0;0;0;0;0;0;0
17.02.2024;08:41;A 28;1;0;0;0;0;0;0;3;33;2;3;1;27;0;100;0;100;0;0;0;0;0;0;0;0;0;0;0;0
17.02.2024;08:40;A 28;1;0;0;1;58;0;0;6;14;2;4;1;52;0;100;0;100;0;0;0;0;0;0;0;0;0;0;0;0
17.02.2024;08:39;A 28;1;0;0;1;6;0;0;5;36;0;0;0;0;0;100;0;100;0;0;0;0;0;0;0;0;0;0;0;0
17.02.2024;08:38;A 28;1;0;0;4;9;0;0;4;6;2;40;1;40;0;100;0;100;0;0;0;0;0;0;0;0;0;0;0;0
17.02.2024;08:37;A 28;1;0;0;2;4;0;0;0;0;2;17;0;0;0;100;0;100;0;0;0;0;0;0;0;0;0;0;0;0
17.02.2024;08:36;A 28;1;0;0;0;0;0;0;3;5;1;1;1;2;0;100;0;100;0;0;0;0;0;0;0;0;0;0;0;0
17.02.2024;08:35;A 28;1;0;0;2;60;0;0;2;2;0;0;0;0;0;100;0;100;0;0;0;0;0;0;0;0;0;0;0;0
17.02.2024;08:34;A 28;1;0;0;0;0;0;0;6;27;3;4;0;19;0;100;0;100;0;0;0;0;0;0;0;0;0;0;0;0
17.02.2024;08:33;A 28;1;0;0;1;58;1;5;5;24;3;4;2;49;0;100;0;100;0;0;0;0;0;0;0;0;0;0;0;0
17.02.2024;08:32;A 28;1;0;0;0;0;0;0;1;51;1;3;1;2;0;100;0;100;0;0;0;0;0;0;0;0;0;0;0;0
17.02.2024;08:31;A 28;1;0;0;0;27;1;0;3;27;5;43;2;47;0;100;0;100;0;0;0;0;0;0;0;0;0;0;0;0
17.02.2024;08:30;A 28;1;0;0;1;60;1;2;4;18;2;4;1;44;0;100;0;100;0;0;0;0;0;0;0;0;0;0;0;0
17.02.2024;08:29;A 28;1;0;0;1;29;0;0;3;6;3;5;1;2;0;100;0;100;0;0;0;0;0;0;0;0;0;0;0;0
17.02.2024;08:28;A 28;1;0;0;1;3;0;0;1;42;2;4;0;0;0;100;0;100;0;0;0;0;0;0;0;0;0;0;0;0
17.02.2024;08:27;A 28;1;0;0;1;4;0;0;3;64;0;23;0;0;0;100;0;100;0;0;0;0;0;0;0;0;0;0;0;0
17.02.2024;08:26;A 28;1;0;0;1;51;0;0;3;56;2;61;0;0;0;100;0;100;0;0;0;0;0;0;0;0;0;0;0;0
17.02.2024;08:25;A 28;1;0;0;0;45;0;0;0;0;1;4;0;0;0;100;0;100;0;0;0;0;0;0;0;0;0;0;0;0
17.02.2024;08:24;A 28;1;0;0;2;29;0;0;4;7;0;0;0;0;0;100;0;100;0;0;0;0;0;0;0;0;0;0;0;0
17.02.2024;08:23;A 28;1;0;0;0;0;0;0;2;5;1;2;0;0;0;100;0;100;0;0;0;0;0;0;0;0;0;0;0;0
17.02.2024;08:22;A 28;1;0;0;0;0;1;6;2;62;1;1;0;0;0;100;0;100;0;0;0;0;0;0;0;0;0;0;0;0
17.02.2024;08:21;A 28;1;0;0;1;4;0;0;1;19;3;10;0;0;0;100;0;100;0;0;0;0;0;0;0;0;0;0;0;0
17.02.2024;08:20;A 28;1;0;0;0;0;0;0;7;12;2;3;0;0;0;100;0;100;0;0;0;0;0;0;0;0;0;0;0;0
17.02.2024;08:19;A 28;1;0;0;0;0;0;0;4;6;1;1;0;0;0;100;0;100;0;0;0;0;0;0;0;0;0;0;0;0
17.02.2024;08:18;A 28;1;0;0;1;3;0;0;0;0;0;0;0;0;0;100;0;100;0;0;0;0;0;0;0;0;0;0;0;0
17.02.2024;08:17;A 28;1;0;0;1;4;0;0;4;9;3;6;1;2;0;100;0;100;1;1;0;0;0;0;0;0;0;0;0;0
17.02.2024;08:16;A 28;1;0;0;0;0;1;1;3;6;0;0;1;2;0;100;0;100;0;0;0;0;0;0;0;0;0;0;0;0
17.02.2024;08:15;A 28;1;0;0;0;0;0;0;1;1;2;50;1;3;0;100;0;100;0;0;0;0;0;0;0;0;0;0;0;0
17.02.2024;08:14;A 28;1;0;0;0;0;0;0;5;14;7;12;1;1;0;100;0;100;0;0;0;0;0;0;0;0;0;0;0;0
17.02.2024;08:13;A 28;1;0;0;1;73;0;0;2;4;4;19;2;7;0;100;0;100;0;0;0;0;0;0;0;0;0;0;0;0
17.02.2024;08:12;A 28;1;0;0;1;3;1;2;1;5;0;0;0;0;0;100;0;100;0;0;0;0;0;0;0;0;0;0;0;0
17.02.2024;08:11;A 28;1;0;0;0;0;0;0;1;1;0;0;0;0;0;100;0;100;0;0;0;0;0;0;0;0;0;0;0;0
17.02.2024;08:10;A 28;1;0;0;0;0;0;0;2;11;2;17;1;1;0;100;0;100;0;0;0;0;0;0;0;0;0;0;0;0
17.02.2024;08:09;A 28;1;0;0;0;9;0;0;0;0;0;0;0;0;0;100;0;100;0;0;0;0;0;0;0;0;0;0;0;0
17.02.2024;08:08;A 28;1;0;0;2;29;0;0;5;13;1;2;1;2;0;100;0;100;0;0;0;0;0;0;0;0;0;0;0;0
17.02.2024;08:07;A 28;1;0;0;1;15;0;0;4;7;4;43;0;0;0;100;0;100;0;0;0;0;0;0;0;0;0;0;0;0
17.02.2024;08:06;A 28;1;0;0;1;56;1;2;2;3;5;43;0;0;0;100;0;100;0;0;0;0;0;0;0;0;0;0;0;0
17.02.2024;08:05;A 28;1;0;0;1;33;1;2;1;3;4;6;1;2;0;100;0;100;0;0;0;0;0;0;0;0;0;0;0;0
17.02.2024;08:04;A 28;1;0;0;2;24;0;0;1;2;0;0;0;0;0;100;0;100;0;0;0;0;0;0;0;0;0;0;0;0
17.02.2024;08:03;A 28;1;0;0;1;30;0;0;1;2;2;4;1;17;0;100;0;100;0;0;0;0;0;0;0;0;0;0;0;0
17.02.2024;08:02;A 28;1;0;0;1;62;0;0;1;2;1;1;0;0;0;100;0;100;0;0;0;0;0;0;0;0;0;0;0;0
17.02.2024;08:01;A 28;1;0;0;2;48;0;0;2;5;4;10;1;2;0;100;0;100;0;0;0;0;0;0;0;0;0;0;0;0
17.02.2024;08:00;A 28;1;0;0;0;0;0;0;2;3;0;0;1;2;0;100;0;100;0;0;0;0;0;0;0;0;0;0;0;0
17.02.2024;07:59;A 28;1;0;0;2;1;2;4;3;9;3;7;0;0;0;100;0;100;0;0;0;0;0;0;0;0;0;0;0;0
17.02.2024;07:58;A 28;1;0;0;1;10;0;0;0;3;0;6;0;0;0;100;0;100;0;0;0;0;0;0;0;0;0;0;0;0
17.02.2024;07:57;A 28;1;0;0;0;43;0;0;1;19;1;11;0;0;0;100;0;100;0;0;0;0;0;0;0;0;0;0;0;0
17.02.2024;07:56;A 28;1;0;0;2;19;0;0;2;4;1;2;0;0;0;100;0;100;0;0;0;0;0;0;0;0;0;0;0;0
17.02.2024;07:55;A 28;1;0;0;0;0;0;0;0;0;4;5;0;0;0;100;0;100;0;0;0;0;0;0;0;0;0;0;0;0
17.02.2024;07:54;A 28;1;0;0;0;0;0;0;0;0;2;3;0;0;0;100;0;100;0;0;0;0;0;0;0;0;0;0;0;0
17.02.2024;07:53;A 28;1;0;0;1;2;0;0;4;14;1;2;0;0;0;100;0;100;0;0;0;0;1;1;0;0;0;0;0;0
17.02.2024;07:52;A 28;1;0;0;2;80;0;0;3;20;5;9;1;2;0;100;0;100;0;0;0;0;0;0;0;0;0;0;0;0
17.02.2024;07:51;A 28;1;0;0;0;0;0;0;0;0;4;7;0;0;0;100;0;100;0;0;0;0;0;0;0;0;0;0;0;0
17.02.2024;07:50;A 28;1;0;0;2;5;0;0;1;2;3;6;0;0;0;100;0;100;0;0;0;0;0;0;0;0;0;0;0;0
17.02.2024;07:49;A 28;1;0;0;0;0;0;0;1;2;2;3;0;0;0;100;0;100;0;0;0;0;0;0;0;0;0;0;0;0
17.02.2024;07:48;A 28;1;0;0;0;0;0;0;1;15;3;6;0;0;0;100;0;100;0;0;0;0;0;0;0;0;0;0;0;0
17.02.2024;07:47;A 28;1;0;0;0;0;0;0;3;14;4;19;0;0;0;100;0;100;0;0;0;0;0;0;0;0;0;0;0;0
17.02.2024;07:46;A 28;1;0;0;1;13;0;0;3;6;1;1;0;0;0;100;0;100;0;0;0;0;0;0;0;0;0;0;0;0
17.02.2024;07:45;A 28;1;0;0;1;6;0;0;1;3;5;9;1;1;0;100;0;100;0;0;0;0;0;0;0;0;0;0;0;0
17.02.2024;07:44;A 28;1;0;0;1;1;0;0;1;4;3;16;0;0;0;100;0;100;0;0;0;0;0;0;0;0;0;0;0;0
17.02.2024;07:43;A 28;1;0;0;2;7;0;0;1;1;1;40;0;0;0;100;0;100;0;0;0;0;0;0;0;0;0;0;0;0
17.02.2024;07:42;A 28;1;0;0;1;3;0;0;1;13;3;7;1;1;0;100;0;100;1;1;0;0;0;0;0;0;0;0;0;0
17.02.2024;07:41;A 28;1;0;0;0;14;1;2;6;54;5;24;0;0;0;100;0;100;0;0;0;0;0;0;0;0;0;0;0;0
17.02.2024;07:40;A 28;1;0;0;2;43;0;0;2;13;2;6;0;0;0;100;0;100;0;0;0;0;0;0;0;0;0;0;0;0
17.02.2024;07:39;A 28;1;0;0;0;0;0;0;1;15;1;43;1;41;0;100;0;100;0;0;0;0;0;0;0;0;0;0;0;0
17.02.2024;07:38;A 28;1;0;0;0;0;1;1;3;7;3;9;1;2;0;100;0;100;0;0;0;0;0;0;0;0;0;0;0;0
17.02.2024;07:37;A 28;1;0;0;0;59;0;0;4;8;1;4;1;1;0;100;0;100;0;0;0;0;0;0;0;0;0;0;0;0
17.02.2024;07:36;A 28;1;0;0;1;9;0;0;1;4;3;8;0;0;0;100;0;100;0;0;0;0;0;0;0;0;0;0;0;0
17.02.2024;07:35;A 28;1;0;0;0;0;0;0;2;3;2;3;1;42;0;100;0;100;0;0;0;0;0;0;0;0;0;0;0;0
17.02.2024;07:34;A 28;1;0;0;0;1;0;0;2;6;4;9;1;20;0;100;0;100;0;0;0;0;0;0;0;0;0;0;0;0
17.02.2024;07:33;A 28;1;0;0;1;7;1;2;2;5;2;3;0;0;0;100;0;100;0;0;0;0;0;0;0;0;0;0;0;0
17.02.2024;07:32;A 28;1;0;0;0;0;0;0;1;3;3;5;0;0;0;100;0;100;0;0;0;0;0;0;0;0;0;0;0;0
17.02.2024;07:31;A 28;1;0;0;0;0;1;15;3;22;2;2;0;0;0;100;0;100;0;0;0;0;0;0;0;0;0;0;0;0
17.02.2024;07:30;A 28;1;0;0;2;43;0;0;1;2;1;7;0;0;0;100;0;100;0;0;0;0;0;0;0;0;0;0;0;0
17.02.2024;07:29;A 28;1;0;0;0;0;0;0;0;0;1;7;0;0;0;100;0;100;0;0;0;0;0;0;0;0;0;0;0;0
17.02.2024;07:28;A 28;1;0;0;0;0;0;0;2;5;4;11;0;0;0;100;0;100;0;0;0;0;0;0;0;0;0;0;0;0
17.02.2024;07:27;A 28;1;0;0;0;8;0;0;1;1;2;5;1;0;0;100;0;100;0;0;0;0;0;0;0;0;0;0;0;0
17.02.2024;07:26;A 28;1;0;0;2;5;0;0;1;9;0;0;0;0;0;100;0;100;0;0;0;0;0;0;0;0;0;0;0;0
17.02.2024;07:25;A 28;1;0;0;1;30;0;0;3;14;1;4;0;0;0;100;0;100;0;0;0;0;0;0;0;0;0;0;1;1
17.02.2024;07:24;A 28;1;0;0;0;0;0;0;1;2;0;0;0;0;0;100;0;100;1;1;0;0;0;0;0;0;0;0;0;0
17.02.2024;07:23;A 28;1;0;0;0;0;0;0;3;5;1;2;0;0;0;100;0;100;0;0;0;0;0;0;0;0;0;0;0;0
17.02.2024;07:22;A 28;1;0;0;0;47;0;0;1;6;0;0;1;37;0;100;0;100;0;0;0;0;0;0;0;0;0;0;0;0
17.02.2024;07:21;A 28;1;0;0;2;32;1;11;1;85;3;9;0;0;0;100;0;100;0;0;0;0;0;0;0;0;0;0;0;0
17.02.2024;07:20;A 28;1;0;0;0;0;0;0;0;0;1;17;1;41;0;100;0;100;0;0;0;0;0;0;0;0;0;0;0;0
17.02.2024;07:19;A 28;1;0;0;2;12;0;0;2;3;2;2;0;0;0;100;0;100;0;0;0;0;1;1;0;0;0;0;0;0
17.02.2024;07:18;A 28;1;0;0;1;7;0;0;2;5;2;2;0;0;0;100;0;100;0;0;0;0;0;0;1;1;0;0;0;0
17.02.2024;07:17;A 28;1;0;0;0;0;0;0;2;3;1;2;0;0;0;100;0;100;0;0;0;0;0;0;0;0;0;0;0;0
17.02.2024;07:16;A 28;1;0;0;0;0;0;0;0;0;2;4;1;6;0;100;0;100;0;0;0;0;0;0;0;0;0;0;0;0
17.02.2024;07:15;A 28;1;0;0;2;29;0;0;1;3;1;16;0;0;0;100;0;100;0;0;0;0;0;0;0;0;0;0;0;0
17.02.2024;07:14;A 28;1;0;0;0;0;0;0;2;3;2;2;0;0;0;100;0;100;0;0;0;0;0;0;0;0;0;0;0;0
17.02.2024;07:13;A 28;1;0;0;0;0;0;0;0;0;0;0;0;0;0;100;0;100;0;0;0;0;0;0;0;0;0;0;0;0
17.02.2024;07:12;A 28;1;0;0;0;0;0;0;2;4;0;0;0;0;0;100;0;100;0;0;0;0;0;0;0;0;0;0;0;0
17.02.2024;07:11;A 28;1;0;0;0;0;0;0;2;3;0;0;0;0;0;100;0;100;0;0;0;0;0;0;0;0;0;0;0;0
17.02.2024;07:10;A 28;1;0;0;0;0;0;0;1;2;1;10;0;0;0;100;0;100;0;0;0;0;0;0;0;0;0;0;0;0
17.02.2024;07:09;A 28;1;0;0;0;0;0;0;0;0;0;0;0;0;0;100;0;100;0;0;0;0;0;0;0;0;0;0;0;0
17.02.2024;07:08;A 28;1;0;0;0;41;0;0;1;14;0;0;0;0;0;100;0;100;0;0;0;0;0;0;0;0;0;0;0;0
17.02.2024;07:07;A 28;1;0;0;2;23;0;0;1;2;1;4;0;0;0;100;0;100;0;0;0;0;0;0;0;0;0;0;0;0
17.02.2024;07:06;A 28;1;0;0;0;0;0;0;0;0;2;31;0;0;0;100;0;100;0;0;0;0;0;0;0;0;0;0;0;0
17.02.2024;07:05;A 28;1;0;0;0;0;0;0;1;6;2;5;0;0;0;100;0;100;0;0;0;0;0;0;0;0;0;0;0;0
17.02.2024;07:04;A 28;1;0;0;0;0;0;0;1;1;2;4;0;0;0;100;0;100;0;0;0;0;0;0;0;0;0;0;0;0
17.02.2024;07:03;A 28;1;0;0;0;0;0;0;2;5;2;7;0;0;0;100;0;100;0;0;0;0;0;0;0;0;0;0;0;0
17.02.2024;07:02;A 28;1;0;0;3;26;0;0;5;11;2;3;1;1;0;100;0;100;0;0;0;0;0;0;0;0;0;0;0;0
17.02.2024;07:01;A 28;1;0;0;0;0;0;0;0;0;1;2;0;0;0;100;0;100;0;0;0;0;0;0;0;0;0;0;0;0
17.02.2024;07:00;A 28;1;0;0;1;4;0;0;3;11;1;71;0;0;0;100;0;100;0;0;0;0;0;0;0;0;0;0;0;0
17.02.2024;06:59;A 28;1;0;0;1;3;0;0;1;1;1;70;0;0;0;100;0;100;0;0;0;0;0;0;0;0;0;0;0;0
17.02.2024;06:58;A 28;1;0;0;0;0;0;0;2;7;4;7;0;0;0;100;0;100;0;0;0;0;0;0;0;0;0;0;0;0
17.02.2024;06:57;A 28;1;0;0;0;0;0;0;3;5;2;9;0;0;0;100;0;100;0;0;0;0;0;0;0;0;0;0;0;0
17.02.2024;06:56;A 28;1;0;0;0;0;0;0;0;0;1;1;0;0;0;100;0;100;0;0;0;0;0;0;0;0;0;0;0;0
17.02.2024;06:55;A 28;1;0;0;1;2;0;0;0;6;0;4;0;0;0;100;0;100;0;0;0;0;0;0;0;0;0;0;0;0
17.02.2024;06:54;A 28;1;0;0;0;0;0;0;1;20;1;9;0;0;0;100;0;100;0;0;0;0;0;0;0;0;0;0;0;0
17.02.2024;06:53;A 28;1;0;0;2;28;0;0;1;3;1;2;0;0;0;100;0;100;0;0;0;0;0;0;0;0;0;0;0;0
17.02.2024;06:52;A 28;1;0;0;1;28;0;0;1;2;1;2;1;30;0;100;0;100;0;0;0;0;0;0;0;0;0;0;1;1
17.02.2024;06:51;A 28;1;0;0;3;66;0;0;1;2;1;2;0;0;0;100;0;100;0;0;0;0;0;0;0;0;0;0;0;0
17.02.2024;06:50;A 28;1;0;0;2;7;0;0;2;7;1;2;0;0;0;100;0;100;0;0;0;0;0;0;0;0;0;0;0;0
17.02.2024;06:49;A 28;1;0;0;1;12;0;0;1;1;0;0;0;0;0;100;0;100;0;0;0;0;0;0;0;0;0;0;0;0
17.02.2024;06:48;A 28;1;0;0;0;0;0;0;2;3;1;1;0;0;0;100;0;100;0;0;0;0;0;0;0;0;0;0;0;0
17.02.2024;06:47;A 28;1;0;0;0;0;0;0;0;0;0;0;0;0;0;100;0;100;0;0;0;0;0;0;0;0;0;0;0;0
17.02.2024;06:46;A 28;1;0;0;0;0;0;0;3;10;1;7;0;0;0;100;0;100;0;0;0;0;0;0;0;0;0;0;0;0
17.02.2024;06:45;A 28;1;0;0;1;21;0;0;0;0;0;0;0;0;0;100;0;100;0;0;0;0;0;0;0;0;0;0;0;0
17.02.2024;06:44;A 28;1;0;0;2;48;0;0;2;54;0;0;0;0;0;100;0;100;0;0;0;0;0;0;0;0;0;0;0;0
17.02.2024;06:43;A 28;1;0;0;3;6;3;10;1;37;1;1;0;0;0;100;0;100;0;0;0;0;0;0;0;0;0;0;0;0
17.02.2024;06:42;A 28;1;0;0;0;0;0;0;2;18;0;0;0;0;0;100;0;100;0;0;0;0;0;0;0;0;0;0;0;0
17.02.2024;06:41;A 28;1;0;0;0;0;0;0;2;3;0;0;0;0;0;100;0;100;0;0;0;0;0;0;0;0;0;0;0;0
17.02.2024;06:40;A 28;1;0;0;1;34;0;0;0;0;0;0;0;0;0;100;0;100;0;0;0;0;0;0;0;0;0;0;0;0
17.02.2024;06:39;A 28;1;0;0;0;0;0;0;1;2;2;41;3;37;0;100;0;100;0;0;0;0;0;0;0;0;0;0;0;0
17.02.2024;06:38;A 28;1;0;0;0;0;0;0;2;3;0;0;0;0;0;100;0;100;0;0;0;0;0;0;0;0;0;0;0;0
17.02.2024;06:37;A 28;1;0;0;0;0;0;0;1;2;0;0;0;0;0;100;0;100;0;0;0;0;0;0;0;0;0;0;0;0
17.02.2024;06:36;A 28;1;0;0;4;13;0;0;0;0;1;5;0;0;0;100;0;100;0;0;0;0;0;0;0;0;0;0;0;0
17.02.2024;06:35;A 28;1;0;0;0;0;0;0;1;5;0;0;2;23;0;100;0;100;0;0;0;0;0;0;0;0;0;0;0;0
17.02.2024;06:34;A 28;1;0;0;1;6;0;0;0;0;2;7;2;52;0;100;0;100;0;0;0;0;0;0;0;0;0;0;0;0
17.02.2024;06:33;A 28;1;0;0;0;40;0;0;0;0;3;7;3;39;0;100;0;100;0;0;0;0;0;0;0;0;0;0;0;0
17.02.2024;06:32;A 28;1;0;0;1;18;0;0;0;0;0;0;0;0;0;100;0;100;0;0;0;0;0;0;0;0;0;0;0;0
17.02.2024;06:31;A 28;1;0;0;0;0;2;4;2;24;2;3;1;6;0;100;0;100;0;0;0;0;0;0;0;0;0;0;0;0
17.02.2024;06:30;A 28;1;0;0;0;0;0;0;2;59;1;20;0;0;0;100;0;100;0;0;0;0;0;0;0;0;0;0;0;0
17.02.2024;06:29;A 28;1;0;0;0;0;0;0;1;5;1;13;0;0;0;100;0;100;0;0;0;0;0;0;0;0;0;0;0;0
17.02.2024;06:28;A 28;1;0;0;0;0;0;0;2;13;2;15;0;0;0;100;0;100;0;0;0;0;0;0;0;0;0;0;0;0
17.02.2024;06:27;A 28;1;0;0;0;0;0;0;2;3;0;1;1;2;0;100;0;100;0;0;0;0;0;0;0;0;0;0;0;0
17.02.2024;06:26;A 28;1;0;0;0;0;0;0;0;0;1;2;0;0;0;100;0;100;0;0;0;0;0;0;0;0;0;0;0;0
17.02.2024;06:25;A 28;1;0;0;0;0;0;0;1;1;1;3;0;0;0;100;0;100;0;0;0;0;0;0;0;0;0;0;0;0
17.02.2024;06:24;A 28;1;0;0;0;0;0;0;1;2;0;0;0;0;0;100;0;100;0;0;0;0;0;0;0;0;0;0;0;0
17.02.2024;06:23;A 28;1;0;0;0;0;0;0;0;0;2;14;0;0;0;100;0;100;0;0;0;0;0;0;0;0;0;0;0;0
17.02.2024;06:22;A 28;1;0;0;0;0;0;0;1;6;2;3;0;0;0;100;0;100;0;0;0;0;0;0;0;0;0;0;0;0
17.02.2024;06:21;A 28;1;0;0;2;14;0;0;3;25;2;12;0;0;0;100;0;100;0;0;0;0;0;0;0;0;0;0;0;0
17.02.2024;06:20;A 28;1;0;0;0;0;0;0;1;4;0;0;0;0;0;100;0;100;0;0;0;0;0;0;0;0;0;0;0;0
17.02.2024;06:19;A 28;1;0;0;0;0;0;0;1;6;0;0;0;0;0;100;0;100;0;0;0;0;0;0;0;0;0;0;0;0
17.02.2024;06:18;A 28;1;0;0;0;0;0;0;1;31;3;8;0;0;0;100;0;100;0;0;0;0;0;0;0;0;0;0;0;0
17.02.2024;06:17;A 28;1;0;0;0;7;0;0;1;4;0;0;0;0;0;100;0;100;0;0;0;0;0;0;0;0;0;0;0;0
17.02.2024;06:16;A 28;1;0;0;1;61;0;0;1;2;1;2;0;0;0;100;0;100;0;0;0;0;0;0;0;0;0;0;0;0
17.02.2024;06:15;A 28;1;0;0;0;0;0;0;5;7;4;8;0;0;0;100;0;100;0;0;0;0;0;0;0;0;0;0;0;0
17.02.2024;06:14;A 28;1;0;0;0;0;0;0;4;7;0;0;0;0;0;100;0;100;0;0;0;0;0;0;0;0;0;0;0;0
17.02.2024;06:13;A 28;1;0;0;0;0;0;0;0;0;1;11;0;0;0;100;0;100;0;0;0;0;0;0;0;0;0;0;0;0
17.02.2024;06:12;A 28;1;0;0;0;0;0;0;0;0;2;13;0;0;0;100;0;100;0;0;0;0;0;0;0;0;0;0;0;0
17.02.2024;06:11;A 28;1;0;0;0;0;0;0;1;2;2;11;0;0;0;100;0;100;0;0;0;0;0;0;0;0;0;0;0;0
17.02.2024;06:10;A 28;1;0;0;0;0;0;0;1;6;0;0;1;13;0;100;0;100;0;0;0;0;0;0;0;0;0;0;0;0
17.02.2024;06:09;A 28;1;0;0;0;0;0;0;1;2;0;0;0;0;0;100;0;100;0;0;0;0;0;0;0;0;0;0;0;0
17.02.2024;06:08;A 28;1;0;0;2;2;0;0;1;1;1;2;2;6;0;100;0;100;0;0;0;0;0;0;0;0;0;0;0;0
17.02.2024;06:07;A 28;1;0;0;0;0;0;0;1;2;1;1;0;0;0;100;0;100;0;0;0;0;0;0;0;0;0;0;0;0
17.02.2024;06:06;A 28;1;0;0;0;0;0;0;1;3;1;2;0;0;0;100;0;100;0;0;0;0;0;0;0;0;0;0;0;0
17.02.2024;06:05;A 28;1;0;0;0;46;0;0;1;3;0;0;0;0;0;100;0;100;0;0;0;0;0;0;0;0;0;0;0;0
17.02.2024;06:04;A 28;1;0;0;2;16;0;0;0;0;1;43;0;0;0;100;0;100;0;0;0;0;0;0;0;0;0;0;0;0
17.02.2024;06:03;A 28;1;0;0;2;6;0;0;0;0;0;0;0;0;0;100;0;100;0;0;0;0;0;0;0;0;0;0;0;0
17.02.2024;06:02;A 28;1;0;0;0;0;0;0;1;2;0;0;0;0;0;100;0;100;0;0;0;0;0;0;0;0;0;0;0;0
17.02.2024;06:01;A 28;1;0;0;0;0;0;0;1;36;0;0;0;0;0;100;0;100;0;0;0;0;0;0;0;0;0;0;0;0
17.02.2024;06:00;A 28;1;0;0;0;0;0;0;3;13;0;0;0;0;0;100;0;100;0;0;0;0;0;0;0;0;0;0;0;0
17.02.2024;05:59;A 28;1;0;0;0;0;0;0;1;1;1;1;1;1;0;100;0;100;0;0;0;0;0;0;0;0;0;0;0;0
17.02.2024;05:58;A 28;1;0;0;0;0;0;0;1;17;0;0;0;0;0;100;0;100;0;0;0;0;0;0;0;0;0;0;0;0
17.02.2024;05:57;A 28;1;0;0;0;0;0;0;1;2;2;10;0;0;0;100;0;100;0;0;0;0;0;0;0;0;0;0;1;1
17.02.2024;05:56;A 28;1;0;0;1;6;0;0;0;0;0;0;0;0;0;100;0;100;0;0;0;0;0;0;0;0;0;0;0;0
17.02.2024;05:55;A 28;1;0;0;0;2;0;0;1;2;0;0;0;0;0;100;0;100;0;0;0;0;0;0;0;0;0;0;0;0
17.02.2024;05:54;A 28;1;0;0;1;39;0;0;2;7;1;3;0;0;0;100;0;100;0;0;0;0;0;0;0;0;0;0;0;0
17.02.2024;05:53;A 28;1;0;0;0;0;0;0;0;0;1;4;0;0;0;100;0;100;0;0;0;0;0;0;0;0;0;0;0;0
17.02.2024;05:52;A 28;1;0;0;0;0;0;0;0;0;1;3;1;2;0;100;0;100;0;0;0;0;0;0;0;0;0;0;0;0
17.02.2024;05:51;A 28;1;0;0;1;3;0;0;0;0;2;12;1;3;0;100;0;100;0;0;0;0;0;0;0;0;0;0;0;0
17.02.2024;05:50;A 28;1;0;0;1;39;0;0;2;17;2;3;0;0;0;100;0;100;0;0;0;0;0;0;0;0;0;0;0;0
17.02.2024;05:49;A 28;1;0;0;2;60;0;0;2;3;1;1;1;2;0;100;0;100;0;0;0;0;0;0;0;0;0;0;0;0
17.02.2024;05:48;A 28;1;0;0;2;27;0;0;3;5;0;0;0;0;0;100;0;100;0;0;0;0;0;0;0;0;0;0;0;0
17.02.2024;05:47;A 28;1;0;0;1;69;0;0;2;3;0;0;0;0;0;100;0;100;0;0;0;0;0;0;0;0;0;0;0;0
17.02.2024;05:46;A 28;1;0;0;2;91;0;0;0;24;2;2;0;0;0;100;0;100;0;0;0;0;0;0;0;0;0;0;1;1
17.02.2024;05:45;A 28;1;0;0;0;0;0;0;1;9;0;1;0;0;0;100;0;100;0;0;0;0;0;0;0;0;0;0;0;0
17.02.2024;05:44;A 28;1;0;0;3;11;0;0;1;13;1;13;0;0;0;100;0;100;0;0;0;0;0;0;0;0;0;0;0;0
17.02.2024;05:43;A 28;1;0;0;4;6;0;0;2;6;0;0;0;0;0;100;0;100;0;0;0;0;0;0;0;0;0;0;0;0
17.02.2024;05:42;A 28;1;0;0;0;0;0;0;0;0;0;0;0;0;0;100;0;100;0;0;0;0;0;0;0;0;0;0;0;0
17.02.2024;05:41;A 28;1;0;0;1;2;0;0;2;20;0;0;1;13;0;100;0;100;0;0;0;0;0;0;0;0;0;0;0;0
17.02.2024;05:40;A 28;1;0;0;0;0;0;0;3;4;1;8;1;24;0;100;0;100;0;0;0;0;0;0;0;0;0;0;0;0
17.02.2024;05:39;A 28;1;0;0;3;59;0;0;1;12;1;1;0;0;0;100;0;100;0;0;0;0;0;0;0;0;0;0;0;0
17.02.2024;05:38;A 28;1;0;0;1;66;0;0;1;2;0;0;0;0;0;100;0;100;0;0;0;0;0;0;0;0;0;0;0;0
17.02.2024;05:37;A 28;1;0;0;1;9;0;0;0;0;1;7;0;0;0;100;0;100;0;0;0;0;0;0;0;0;0;0;0;0
17.02.2024;05:36;A 28;1;0;0;0;31;0;0;2;3;1;2;0;0;0;100;0;100;0;0;0;0;0;0;0;0;0;0;0;0
17.02.2024;05:35;A 28;1;0;0;3;43;0;0;1;1;0;0;1;1;0;100;0;100;0;0;0;0;0;0;0;0;0;0;0;0
17.02.2024;05:34;A 28;1;0;0;0;0;0;0;3;41;2;2;0;0;0;100;0;100;0;0;0;0;0;0;0;0;0;0;0;0
17.02.2024;05:33;A 28;1;0;0;2;76;0;0;5;15;1;6;0;0;0;100;0;100;0;0;0;0;0;0;0;0;0;0;0;0
17.02.2024;05:32;A 28;1;0;0;2;5;0;0;3;6;1;1;0;0;0;100;0;100;0;0;0;0;0;0;0;0;0;0;0;0
17.02.2024;05:31;A 28;1;0;0;2;4;0;0;2;4;1;1;0;0;0;100;0;100;0;0;0;0;0;0;0;0;0;0;0;0
17.02.2024;05:30;A 28;1;0;0;0;0;0;0;0;0;0;0;0;0;0;100;0;100;0;0;0;0;0;0;0;0;0;0;0;0
17.02.2024;05:29;A 28;1;0;0;0;0;0;0;3;6;2;7;0;0;0;100;0;100;0;0;0;0;0;0;0;0;0;0;0;0
17.02.2024;05:28;A 28;1;0;0;0;13;0;0;6;16;2;14;1;1;0;100;0;100;0;0;0;0;0;0;0;0;0;0;0;0
17.02.2024;05:27;A 28;1;0;0;1;11;0;0;1;1;1;2;0;0;0;100;0;100;0;0;0;0;0;0;0;0;0;0;0;0
17.02.2024;05:26;A 28;1;0;0;0;0;0;0;0;0;0;0;0;0;0;100;0;100;0;0;0;0;0;0;0;0;0;0;0;0
17.02.2024;05:25;A 28;1;0;0;1;13;0;0;2;15;0;0;0;0;0;100;0;100;0;0;0;0;0;0;0;0;0;0;0;0
17.02.2024;05:24;A 28;1;0;0;0;0;0;0;0;1;0;0;0;0;0;100;0;100;0;0;0;0;0;0;0;0;0;0;0;0
17.02.2024;05:23;A 28;1;0;0;2;3;0;0;1;1;0;0;1;6;0;100;0;100;0;0;0;0;0;0;0;0;0;0;0;0
17.02.2024;05:22;A 28;1;0;0;1;18;0;0;1;1;0;0;0;0;0;100;0;100;0;0;0;0;0;0;0;0;0;0;0;0
17.02.2024;05:21;A 28;1;0;0;0;8;0;0;2;48;0;0;0;0;0;100;0;100;0;0;0;0;0;0;0;0;0;0;0;0
17.02.2024;05:20;A 28;1;0;0;3;26;0;0;1;53;1;8;0;0;0;100;0;100;0;0;0;0;0;0;0;0;0;0;0;0
17.02.2024;05:19;A 28;1;0;0;2;19;0;0;1;3;2;7;1;4;0;100;0;100;0;0;0;0;0;0;0;0;0;0;0;0
17.02.2024;05:18;A 28;1;0;0;0;0;0;0;0;0;0;0;0;0;0;100;0;100;0;0;0;0;0;0;0;0;0;0;0;0
17.02.2024;05:17;A 28;1;0;0;0;0;0;0;0;0;0;1;0;0;0;100;0;100;0;0;0;0;0;0;0;0;0;0;0;0
17.02.2024;05:16;A 28;1;0;0;0;0;1;1;3;16;1;4;0;0;0;100;0;100;0;0;0;0;0;0;0;0;0;0;0;0
17.02.2024;05:15;A 28;1;0;0;0;0;0;0;0;0;0;0;0;0;0;100;0;100;0;0;0;0;0;0;0;0;0;0;0;0
17.02.2024;05:14;A 28;1;0;0;0;6;0;0;0;0;0;0;0;0;0;100;0;100;0;0;0;0;0;0;0;0;0;0;0;0
17.02.2024;05:13;A 28;1;0;0;2;56;0;0;3;13;3;10;0;0;0;100;0;100;0;0;0;0;0;0;0;0;0;0;0;0
17.02.2024;05:12;A 28;1;0;0;0;0;0;0;2;3;1;2;0;0;0;100;0;100;0;0;0;0;0;0;0;0;0;0;0;0
17.02.2024;05:11;A 28;1;0;0;0;0;0;0;2;3;1;4;0;0;0;100;0;100;0;0;0;0;0;0;0;0;0;0;0;0
17.02.2024;05:10;A 28;1;0;0;0;0;0;0;0;0;2;2;0;0;0;100;0;100;0;0;0;0;0;0;0;0;0;0;0;0
17.02.2024;05:09;A 28;1;0;0;0;0;0;0;0;0;0;0;0;0;0;100;0;100;0;0;0;0;0;0;0;0;0;0;0;0
17.02.2024;05:08;A 28;1;0;0;0;0;0;0;0;0;0;0;0;0;0;100;0;100;0;0;0;0;0;0;0;0;0;0;0;0
17.02.2024;05:07;A 28;1;0;0;1;8;0;0;0;0;1;3;0;0;0;100;0;100;0;0;0;0;0;0;0;0;0;0;0;0
17.02.2024;05:06;A 28;1;0;0;0;0;0;0;0;0;0;0;1;7;0;100;0;100;0;0;0;0;0;0;0;0;0;0;0;0
17.02.2024;05:05;A 28;1;0;0;0;0;0;0;1;24;2;39;0;0;0;100;0;100;0;0;0;0;0;0;0;0;0;0;0;0
17.02.2024;05:04;A 28;1;0;0;0;0;0;0;3;43;0;0;0;0;0;100;0;100;0;0;0;0;0;0;0;0;0;0;0;0
17.02.2024;05:03;A 28;1;0;0;0;0;0;0;0;0;0;0;0;0;0;100;0;100;0;0;0;0;0;0;0;0;0;0;0;0
17.02.2024;05:02;A 28;1;0;0;0;0;0;0;1;2;0;0;0;0;0;100;0;100;0;0;0;0;0;0;0;0;0;0;0;0
17.02.2024;05:01;A 28;1;0;0;0;0;0;0;0;0;1;7;0;0;0;100;0;100;0;0;0;0;0;0;0;0;0;0;0;0
17.02.2024;05:00;A 28;1;0;0;0;0;0;0;1;18;2;10;0;0;0;100;0;100;0;0;0;0;0;0;0;0;0;0;0;0
17.02.2024;04:59;A 28;1;0;0;0;0;0;0;0;0;0;0;0;0;0;100;0;100;0;0;0;0;0;0;0;0;0;0;0;0
17.02.2024;04:58;A 28;1;0;0;0;0;0;0;0;0;0;0;0;0;0;100;0;100;0;0;0;0;0;0;0;0;0;0;0;0
17.02.2024;04:57;A 28;1;0;0;0;0;0;0;0;0;0;0;0;0;0;100;0;100;0;0;0;0;0;0;0;0;0;0;0;0
17.02.2024;04:56;A 28;1;0;0;0;4;0;0;0;0;0;0;0;0;0;100;0;100;0;0;1;1;0;0;0;0;0;0;0;0
17.02.2024;04:55;A 28;1;0;0;3;8;0;0;0;0;0;0;0;0;0;100;0;100;0;0;0;0;0;0;0;0;0;0;0;0
17.02.2024;04:54;A 28;1;0;0;0;0;0;0;0;0;0;0;0;0;0;100;0;100;0;0;0;0;0;0;0;0;0;0;0;0
17.02.2024;04:53;A 28;1;0;0;0;0;0;0;0;0;0;0;0;0;0;100;0;100;0;0;0;0;0;0;0;0;0;0;0;0
17.02.2024;04:52;A 28;1;0;0;0;0;0;0;0;50;1;7;0;0;0;100;0;100;0;0;0;0;0;0;0;0;0;0;0;0
17.02.2024;04:51;A 28;1;0;0;0;0;0;0;2;26;0;0;0;0;0;100;0;100;0;0;0;0;0;0;0;0;0;0;0;0
17.02.2024;04:50;A 28;1;0;0;0;0;0;0;1;2;1;1;0;0;0;100;0;100;0;0;0;0;0;0;0;0;0;0;0;0
17.02.2024;04:49;A 28;1;0;0;0;0;0;0;2;7;1;2;0;0;0;100;0;100;0;0;0;0;0;0;0;0;0;0;0;0
17.02.2024;04:48;A 28;1;0;0;0;0;0;0;0;0;0;0;0;0;0;100;0;100;0;0;0;0;0;0;0;0;0;0;0;0
17.02.2024;04:47;A 28;1;0;0;0;0;0;0;1;3;0;0;0;0;0;100;0;100;0;0;0;0;0;0;0;0;0;0;0;0
17.02.2024;04:46;A 28;1;0;0;0;0;0;0;2;25;1;8;0;0;0;100;0;100;0;0;0;0;0;0;0;0;0;0;0;0
17.02.2024;04:45;A 28;1;0;0;2;3;0;0;1;40;1;2;0;0;0;100;0;100;0;0;0;0;0;0;0;0;0;0;0;0
17.02.2024;04:44;A 28;1;0;0;0;0;0;0;0;50;0;0;0;0;0;100;0;100;0;0;0;0;0;0;0;0;0;0;0;0
17.02.2024;04:43;A 28;1;0;0;0;0;0;0;1;9;1;12;0;0;0;100;0;100;0;0;0;0;0;0;0;0;0;0;0;0
17.02.2024;04:42;A 28;1;0;0;2;8;0;1;2;7;0;0;0;0;0;100;0;100;0;0;0;0;0;0;0;0;0;0;0;0
17.02.2024;04:41;A 28;1;0;0;0;0;1;1;1;10;1;3;1;38;0;100;0;100;0;0;0;0;0;0;0;0;0;0;0;0
17.02.2024;04:40;A 28;1;0;0;0;0;0;0;0;0;1;10;0;0;0;100;0;100;0;0;0;0;0;0;0;0;0;0;0;0
17.02.2024;04:39;A 28;1;0;0;0;0;0;0;0;0;0;0;0;0;0;100;0;100;0;0;0;0;0;0;0;0;0;0;0;0
17.02.2024;04:38;A 28;1;0;0;0;0;0;0;0;0;0;0;1;2;0;100;0;100;0;0;0;0;0;0;0;0;0;0;0;0
17.02.2024;04:37;A 28;1;0;0;0;0;0;0;0;0;1;5;0;0;0;100;0;100;0;0;0;0;0;0;0;0;0;0;0;0
17.02.2024;04:36;A 28;1;0;0;0;0;0;0;0;0;0;0;0;0;0;100;0;100;0;0;0;0;0;0;0;0;0;0;0;0
17.02.2024;04:35;A 28;1;0;0;0;0;0;0;0;0;0;0;0;0;0;100;0;100;0;0;0;0;0;0;0;0;0;0;0;0
17.02.2024;04:34;A 28;1;0;0;0;0;0;0;1;18;0;0;0;0;0;100;0;100;0;0;0;0;0;0;0;0;0;0;0;0
17.02.2024;04:33;A 28;1;0;0;2;22;0;0;0;0;0;0;0;0;0;100;0;100;0;0;0;0;0;0;0;0;0;0;0;0
17.02.2024;04:32;A 28;1;0;0;1;1;0;0;2;16;1;4;0;0;0;100;0;100;0;0;0;0;0;0;0;0;0;0;0;0
17.02.2024;04:31;A 28;1;0;0;0;0;0;0;0;0;0;0;0;0;0;100;0;100;0;0;0;0;0;0;0;0;0;0;0;0
17.02.2024;04:30;A 28;1;0;0;0;0;0;0;1;21;1;2;0;0;0;100;0;100;0;0;0;0;0;0;0;0;0;0;0;0
17.02.2024;04:29;A 28;1;0;0;0;0;0;0;2;4;1;10;0;0;0;100;0;100;0;0;0;0;0;0;0;0;0;0;0;0
17.02.2024;04:28;A 28;1;0;0;0;0;0;0;0;0;0;0;0;0;0;100;0;100;0;0;0;0;0;0;0;0;0;0;0;0
17.02.2024;04:27;A 28;1;0;0;0;0;0;0;1;2;0;0;0;0;0;100;0;100;0;0;0;0;0;0;0;0;0;0;0;0
17.02.2024;04:26;A 28;1;0;0;0;0;0;0;2;4;0;0;0;0;0;100;0;100;0;0;0;0;0;0;0;0;0;0;0;0
17.02.2024;04:25;A 28;1;0;0;0;0;0;0;1;19;2;5;0;0;0;100;0;100;0;0;0;0;0;0;0;0;0;0;0;0
17.02.2024;04:24;A 28;1;0;0;0;0;0;0;1;1;1;3;0;0;0;100;0;100;0;0;0;0;0;0;0;0;0;0;0;0
17.02.2024;04:23;A 28;1;0;0;0;0;0;0;1;9;1;2;0;0;0;100;0;100;0;0;2;2;0;0;0;0;0;0;0;0
17.02.2024;04:22;A 28;1;0;0;0;0;0;0;0;0;0;0;0;0;0;100;0;100;0;0;0;0;0;0;0;0;0;0;0;0
17.02.2024;04:21;A 28;1;0;0;0;0;0;0;1;6;1;3;0;0;0;100;0;100;0;0;0;0;0;0;0;0;0;0;0;0
17.02.2024;04:20;A 28;1;0;0;0;0;0;0;1;2;0;0;0;0;0;100;0;100;0;0;0;0;0;0;0;0;0;0;0;0
17.02.2024;04:19;A 28;1;0;0;0;0;0;0;0;0;0;0;0;0;0;100;0;100;0;0;0;0;0;0;0;0;0;0;0;0
17.02.2024;04:18;A 28;1;0;0;2;2;0;0;1;41;0;0;0;0;0;100;0;100;0;0;0;0;0;0;0;0;0;0;0;0
17.02.2024;04:17;A 28;1;0;0;1;4;0;0;2;19;0;0;0;0;0;100;0;100;0;0;0;0;0;0;0;0;0;0;0;0
17.02.2024;04:16;A 28;1;0;0;0;0;0;0;0;0;0;0;0;0;0;100;0;100;0;0;0;0;0;0;0;0;0;0;0;0
17.02.2024;04:15;A 28;1;0;0;0;0;0;0;1;5;1;1;0;0;0;100;0;100;0;0;0;0;0;0;0;0;0;0;0;0
17.02.2024;04:14;A 28;1;0;0;0;0;0;0;0;0;0;0;0;0;0;100;0;100;0;0;0;0;0;0;0;0;0;0;0;0
17.02.2024;04:13;A 28;1;0;0;0;0;0;0;1;1;1;15;0;0;0;100;0;100;0;0;0;0;0;0;0;0;0;0;0;0
17.02.2024;04:12;A 28;1;0;0;0;0;0;0;1;77;0;0;0;0;0;100;0;100;0;0;0;0;0;0;0;0;0;0;0;0
17.02.2024;04:11;A 28;1;0;0;0;0;0;0;0;0;0;0;0;0;0;100;0;100;0;0;0;0;0;0;0;0;0;0;0;0
17.02.2024;04:10;A 28;1;0;0;0;0;0;0;0;0;0;0;0;0;0;100;0;100;0;0;0;0;0;0;0;0;0;0;0;0
17.02.2024;04:09;A 28;1;0;0;1;1;0;0;0;34;1;2;0;0;0;100;0;100;0;0;0;0;0;0;0;0;0;0;0;0
17.02.2024;04:08;A 28;1;0;0;0;0;0;0;1;12;1;2;0;0;0;100;0;100;0;0;0;0;0;0;0;0;0;0;0;0
17.02.2024;04:07;A 28;1;0;0;0;0;0;0;0;0;1;2;0;0;0;100;0;100;0;0;0;0;0;0;0;0;0;0;0;0
17.02.2024;04:06;A 28;1;0;0;0;0;0;0;0;0;0;0;0;0;0;100;0;100;0;0;0;0;0;0;0;0;0;0;0;0
17.02.2024;04:05;A 28;1;0;0;1;3;0;0;1;3;0;0;0;0;0;100;0;100;0;0;0;0;0;0;0;0;0;0;0;0
17.02.2024;04:04;A 28;1;0;0;0;0;0;0;1;16;1;21;0;0;0;100;0;100;0;0;0;0;0;0;0;0;0;0;0;0
17.02.2024;04:03;A 28;1;0;0;0;0;0;0;1;2;0;0;0;0;0;100;0;100;0;0;0;0;0;0;0;0;0;0;0;0
17.02.2024;04:02;A 28;1;0;0;0;0;0;0;1;19;0;0;0;0;0;100;0;100;0;0;0;0;0;0;0;0;0;0;0;0
17.02.2024;04:01;A 28;1;0;0;0;0;0;0;0;0;0;0;0;0;0;100;0;100;0;0;0;0;0;0;0;0;0;0;0;0
17.02.2024;04:00;A 28;1;0;0;0;0;0;0;0;0;1;1;0;0;0;100;0;100;0;0;0;0;0;0;0;0;0;0;0;0
17.02.2024;03:59;A 28;1;0;0;0;0;0;0;1;10;0;0;0;0;0;100;0;100;0;0;0;0;0;0;0;0;0;0;0;0
17.02.2024;03:58;A 28;1;0;0;0;0;0;0;1;10;1;7;0;0;0;100;0;100;0;0;0;0;0;0;0;0;0;0;0;0
17.02.2024;03:57;A 28;1;0;0;0;0;0;0;0;0;0;0;0;0;0;100;0;100;0;0;0;0;0;0;0;0;0;0;0;0
17.02.2024;03:56;A 28;1;0;0;0;0;0;0;1;12;0;0;0;0;0;100;0;100;0;0;0;0;0;0;0;0;0;0;0;0
17.02.2024;03:55;A 28;1;0;0;0;0;0;0;2;5;0;0;0;0;0;100;0;100;0;0;0;0;0;0;0;0;0;0;0;0
17.02.2024;03:54;A 28;1;0;0;0;0;0;0;0;0;0;0;0;0;0;100;0;100;0;0;0;0;0;0;0;0;0;0;0;0
17.02.2024;03:53;A 28;1;0;0;0;0;0;0;1;2;0;0;0;0;0;100;0;100;0;0;0;0;0;0;0;0;0;0;0;0
17.02.2024;03:52;A 28;1;0;0;0;0;0;0;0;0;0;0;0;0;0;100;0;100;0;0;0;0;0;0;0;0;0;0;0;0
17.02.2024;03:51;A 28;1;0;0;0;0;0;0;0;0;2;16;0;0;0;100;0;100;0;0;0;0;0;0;0;0;0;0;0;0
17.02.2024;03:50;A 28;1;0;0;0;0;0;0;0;0;0;0;0;0;0;100;0;100;0;0;0;0;0;0;0;0;0;0;0;0
17.02.2024;03:49;A 28;1;0;0;0;0;0;0;0;0;1;3;0;0;0;100;0;100;0;0;0;0;0;0;0;0;0;0;0;0
17.02.2024;03:48;A 28;1;0;0;0;0;0;0;2;10;0;0;0;0;0;100;0;100;0;0;0;0;0;0;0;0;0;0;0;0
17.02.2024;03:47;A 28;1;0;0;0;0;0;0;1;19;0;0;0;0;0;100;0;100;0;0;0;0;0;0;0;0;0;0;0;0
17.02.2024;03:46;A 28;1;0;0;0;0;0;0;1;3;0;0;0;0;0;100;0;100;0;0;0;0;0;0;0;0;0;0;0;0
17.02.2024;03:45;A 28;1;0;0;0;0;0;0;0;0;0;0;0;0;0;100;0;100;0;0;0;0;0;0;0;0;0;0;0;0
17.02.2024;03:44;A 28;1;0;0;0;0;0;0;0;0;1;20;0;0;0;100;0;100;0;0;0;0;0;0;0;0;0;0;0;0
17.02.2024;03:43;A 28;1;0;0;0;0;0;0;2;5;0;0;0;0;0;100;0;100;0;0;0;0;0;0;0;0;0;0;0;0
17.02.2024;03:42;A 28;1;0;0;0;0;0;0;1;2;0;0;0;0;0;100;0;100;0;0;0;0;0;0;0;0;0;0;0;0
17.02.2024;03:41;A 28;1;0;0;0;0;0;0;0;34;1;3;0;0;0;100;0;100;0;0;0;0;0;0;0;0;0;0;0;0
17.02.2024;03:40;A 28;1;0;0;0;0;0;0;2;18;0;0;0;0;0;100;0;100;0;0;0;0;0;0;0;0;0;0;0;0
17.02.2024;03:39;A 28;1;0;0;0;0;0;0;0;0;0;0;0;0;0;100;0;100;0;0;0;0;0;0;0;0;0;0;0;0
17.02.2024;03:38;A 28;1;0;0;0;0;0;0;0;0;1;11;0;0;0;100;0;100;0;0;0;0;0;0;0;0;0;0;0;0
17.02.2024;03:37;A 28;1;0;0;0;0;0;0;0;0;0;0;0;0;0;100;0;100;0;0;0;0;0;0;0;0;0;0;0;0
17.02.2024;03:36;A 28;1;0;0;0;0;0;0;4;7;2;6;0;0;0;100;0;100;0;0;0;0;0;0;0;0;0;0;0;0
17.02.2024;03:35;A 28;1;0;0;0;0;0;0;1;8;0;0;0;0;0;100;0;100;0;0;0;0;0;0;0;0;0;0;0;0
17.02.2024;03:34;A 28;1;0;0;0;0;0;0;3;11;0;0;0;0;0;100;0;100;0;0;0;0;0;0;0;0;0;0;0;0
17.02.2024;03:33;A 28;1;0;0;0;0;0;0;1;1;0;15;0;0;0;100;0;100;0;0;0;0;0;0;0;0;0;0;0;0
17.02.2024;03:32;A 28;1;0;0;0;0;0;0;0;0;1;4;0;0;0;100;0;100;0;0;0;0;0;0;0;0;0;0;0;0
17.02.2024;03:31;A 28;1;0;0;0;0;0;0;0;0;0;0;0;0;0;100;0;100;0;0;0;0;0;0;0;0;0;0;0;0
17.02.2024;03:30;A 28;1;0;0;0;0;0;0;3;82;2;19;0;0;0;100;0;100;0;0;0;0;0;0;0;0;0;0;0;0
17.02.2024;03:29;A 28;1;0;0;0;0;0;0;0;0;0;0;0;0;0;100;0;100;0;0;0;0;0;0;0;0;0;0;0;0
17.02.2024;03:28;A 28;1;0;0;0;0;0;0;0;0;0;0;0;0;0;100;0;100;0;0;0;0;0;0;0;0;0;0;0;0
17.02.2024;03:27;A 28;1;0;0;0;0;0;0;1;2;0;0;0;0;0;100;0;100;0;0;0;0;0;0;0;0;0;0;0;0
17.02.2024;03:26;A 28;1;0;0;1;1;0;0;2;16;0;16;1;15;0;100;0;100;0;0;0;0;0;0;0;0;0;0;0;0
17.02.2024;03:25;A 28;1;0;0;0;0;0;0;1;5;1;5;0;0;0;100;0;100;0;0;0;0;0;0;0;0;0;0;0;0
17.02.2024;03:24;A 28;1;0;0;1;7;0;0;2;74;0;0;0;0;0;100;0;100;0;0;0;0;0;0;0;0;0;0;0;0
17.02.2024;03:23;A 28;1;0;0;2;4;0;0;0;0;1;3;0;0;0;100;0;100;0;0;0;0;0;0;0;0;0;0;0;0
17.02.2024;03:22;A 28;1;0;0;0;0;0;0;1;4;0;0;0;0;0;100;0;100;0;0;0;0;0;0;0;0;0;0;0;0
17.02.2024;03:21;A 28;1;0;0;0;0;0;0;1;2;0;0;0;0;0;100;0;100;0;0;0;0;0;0;0;0;0;0;0;0
17.02.2024;03:20;A 28;1;0;0;0;0;0;0;0;0;0;0;0;0;0;100;0;100;0;0;0;0;0;0;0;0;0;0;0;0
17.02.2024;03:19;A 28;1;0;0;2;27;0;0;1;3;0;0;0;0;0;100;0;100;0;0;0;0;0;0;0;0;0;0;0;0
17.02.2024;03:18;A 28;1;0;0;0;0;0;0;0;1;0;0;0;0;0;100;0;100;0;0;0;0;0;0;0;0;0;0;0;0
17.02.2024;03:17;A 28;1;0;0;0;0;0;0;2;4;0;0;0;0;0;100;0;100;0;0;0;0;0;0;0;0;0;0;0;0
17.02.2024;03:16;A 28;1;0;0;0;0;0;0;0;0;1;5;0;0;0;100;0;100;0;0;0;0;0;0;0;0;0;0;0;0
17.02.2024;03:15;A 28;1;0;0;0;0;0;0;0;0;0;0;0;0;0;100;0;100;0;0;0;0;0;0;0;0;0;0;0;0
17.02.2024;03:14;A 28;1;0;0;0;0;0;0;0;0;0;0;0;0;0;100;0;100;0;0;0;0;0;0;0;0;0;0;0;0
17.02.2024;03:13;A 28;1;0;0;0;0;0;0;1;6;1;6;0;0;0;100;0;100;0;0;0;0;0;0;0;0;0;0;0;0
17.02.2024;03:12;A 28;1;0;0;0;0;0;0;0;0;0;0;0;0;0;100;0;100;0;0;0;0;0;0;0;0;0;0;0;0
17.02.2024;03:11;A 28;1;0;0;0;0;0;0;0;2;0;0;0;0;0;100;0;100;0;0;0;0;0;0;0;0;0;0;0;0
17.02.2024;03:10;A 28;1;0;0;0;0;0;0;1;0;0;0;0;0;0;100;0;100;0;0;0;0;0;0;0;0;0;0;0;0
17.02.2024;03:09;A 28;1;0;0;0;0;0;0;0;0;1;3;0;0;0;100;0;100;0;0;0;0;0;0;0;0;0;0;0;0
17.02.2024;03:08;A 28;1;0;0;0;0;0;0;1;13;1;1;0;0;0;100;0;100;0;0;0;0;0;0;0;0;0;0;0;0
17.02.2024;03:07;A 28;1;0;0;0;0;0;0;1;2;1;2;0;0;0;100;0;100;0;0;0;0;0;0;0;0;0;0;0;0
17.02.2024;03:06;A 28;1;0;0;0;0;0;0;1;37;1;11;0;0;0;100;0;100;0;0;0;0;0;0;0;0;0;0;0;0
17.02.2024;03:05;A 28;1;0;0;0;0;0;0;1;54;1;14;0;17;0;100;0;100;0;0;0;0;0;0;0;0;0;0;0;0
17.02.2024;03:04;A 28;1;0;0;1;11;0;0;3;30;0;0;1;22;0;100;0;100;0;0;0;0;0;0;0;0;0;0;0;0
17.02.2024;03:03;A 28;1;0;0;0;0;0;0;0;0;0;0;0;0;0;100;0;100;0;0;0;0;0;0;0;0;0;0;0;0
17.02.2024;03:02;A 28;1;0;0;0;0;0;0;0;0;0;0;0;0;0;100;0;100;0;0;0;0;0;0;0;0;0;0;0;0
17.02.2024;03:01;A 28;1;0;0;0;10;0;0;0;0;1;14;0;0;0;100;0;100;0;0;0;0;0;0;0;0;0;0;0;0
17.02.2024;03:00;A 28;1;0;0;1;14;0;0;0;0;1;3;0;0;0;100;0;100;0;0;0;0;0;0;0;0;0;0;0;0
17.02.2024;02:59;A 28;1;0;0;0;0;0;0;1;8;0;34;0;0;0;100;0;100;0;0;0;0;0;0;0;0;0;0;0;0
17.02.2024;02:58;A 28;1;0;0;0;0;0;0;0;0;1;40;0;0;0;100;0;100;0;0;0;0;0;0;0;0;0;0;0;0
17.02.2024;02:57;A 28;1;0;0;0;60;0;0;1;7;0;0;0;0;0;100;0;100;0;0;0;0;0;0;0;0;0;0;0;0
17.02.2024;02:56;A 28;1;0;0;1;10;0;0;0;0;0;2;0;0;0;100;0;100;0;0;0;0;0;0;0;0;0;0;0;0
17.02.2024;02:55;A 28;1;0;0;0;0;0;0;0;0;1;0;0;0;0;100;0;100;0;0;0;0;0;0;0;0;0;0;0;0
17.02.2024;02:54;A 28;1;0;0;0;0;0;0;2;14;0;0;0;0;0;100;0;100;0;0;0;0;0;0;0;0;0;0;0;0
17.02.2024;02:53;A 28;1;0;0;2;10;0;0;1;23;0;0;0;0;0;100;0;100;0;0;0;0;0;0;0;0;0;0;0;0
17.02.2024;02:52;A 28;1;0;0;1;68;0;0;1;2;1;1;1;2;0;100;0;100;0;0;0;0;0;0;0;0;0;0;0;0
17.02.2024;02:51;A 28;1;0;0;0;0;0;0;0;0;0;0;0;0;0;100;0;100;0;0;0;0;0;0;0;0;0;0;0;0
17.02.2024;02:50;A 28;1;0;0;0;0;0;0;2;4;0;0;0;0;0;100;0;100;0;0;0;0;0;0;0;0;0;0;0;0
17.02.2024;02:49;A 28;1;0;0;0;0;0;0;0;0;0;4;0;0;0;100;0;100;0;0;0;0;0;0;0;0;0;0;0;0
17.02.2024;02:48;A 28;1;0;0;0;0;0;0;1;2;1;1;0;0;0;100;0;100;0;0;0;0;0;0;0;0;0;0;0;0
17.02.2024;02:47;A 28;1;0;0;0;0;0;0;1;2;0;0;0;0;0;100;0;100;0;0;0;0;0;0;0;0;0;0;0;0
17.02.2024;02:46;A 28;1;0;0;0;0;0;0;1;9;1;10;0;0;0;100;0;100;0;0;0;0;0;0;0;0;0;0;0;0
17.02.2024;02:45;A 28;1;0;0;1;43;0;0;1;2;1;3;0;0;0;100;0;100;0;0;0;0;0;0;0;0;0;0;0;0
17.02.2024;02:44;A 28;1;0;0;0;0;0;0;1;4;1;4;0;0;0;100;0;100;0;0;0;0;0;0;0;0;0;0;0;0
17.02.2024;02:43;A 28;1;0;0;1;7;0;0;0;0;0;0;0;0;0;100;0;100;0;0;0;0;0;0;0;0;0;0;0;0
17.02.2024;02:42;A 28;1;0;0;0;0;0;0;0;0;0;0;0;0;0;100;0;100;0;0;0;0;0;0;0;0;0;0;0;0
17.02.2024;02:41;A 28;1;0;0;0;0;0;0;0;0;0;0;0;0;0;100;0;100;0;0;0;0;0;0;0;0;0;0;0;0
17.02.2024;02:40;A 28;1;0;0;0;0;0;0;0;0;0;0;0;0;0;100;0;100;0;0;0;0;0;0;0;0;0;0;0;0
17.02.2024;02:39;A 28;1;0;0;0;0;0;0;0;55;1;4;0;0;0;100;0;100;0;0;0;0;0;0;0;0;0;0;0;0
17.02.2024;02:38;A 28;1;0;0;0;0;0;0;1;17;2;11;0;0;0;100;0;100;0;0;0;0;0;0;0;0;0;0;0;0
17.02.2024;02:37;A 28;1;0;0;0;0;0;0;0;0;0;0;0;0;0;100;0;100;0;0;0;0;0;0;0;0;0;0;0;0
17.02.2024;02:36;A 28;1;0;0;0;0;0;0;1;2;2;2;0;0;0;100;0;100;0;0;0;0;0;0;0;0;0;0;0;0
17.02.2024;02:35;A 28;1;0;0;0;0;0;0;0;0;0;0;0;0;0;100;0;100;0;0;0;0;0;0;0;0;0;0;0;0
17.02.2024;02:34;A 28;1;0;0;0;0;0;0;0;0;0;0;0;0;0;100;0;100;0;0;0;0;0;0;0;0;0;0;0;0
17.02.2024;02:33;A 28;1;0;0;0;0;0;0;1;2;0;0;0;0;0;100;0;100;0;0;0;0;0;0;0;0;0;0;0;0
17.02.2024;02:32;A 28;1;0;0;0;0;0;0;0;0;0;0;0;0;0;100;0;100;0;0;0;0;0;0;0;0;0;0;0;0
17.02.2024;02:31;A 28;1;0;0;1;70;0;0;0;0;1;10;0;0;0;100;0;100;0;0;0;0;0;0;0;0;0;0;0;0
17.02.2024;02:30;A 28;1;0;0;0;0;0;0;2;20;1;13;1;4;0;100;0;100;0;0;0;0;0;0;0;0;0;0;0;0
17.02.2024;02:29;A 28;1;0;0;0;0;0;0;0;1;0;0;0;0;0;100;0;100;0;0;0;0;0;0;0;0;0;0;0;0
17.02.2024;02:28;A 28;1;0;0;0;0;0;0;1;12;1;6;0;0;0;100;0;100;0;0;0;0;0;0;0;0;0;0;0;0
17.02.2024;02:27;A 28;1;0;0;0;0;0;0;1;1;0;0;0;0;0;100;0;100;0;0;0;0;0;0;0;0;0;0;0;0
17.02.2024;02:26;A 28;1;0;0;0;0;0;0;0;0;0;0;0;0;0;100;0;100;0;0;0;0;0;0;0;0;0;0;0;0
17.02.2024;02:25;A 28;1;0;0;0;0;0;0;0;0;1;26;0;0;0;100;0;100;0;0;0;0;0;0;0;0;0;0;0;0
17.02.2024;02:24;A 28;1;0;0;0;0;1;1;0;40;1;3;0;0;0;100;0;100;0;0;0;0;0;0;0;0;0;0;0;0
17.02.2024;02:23;A 28;1;0;0;0;0;0;0;2;43;0;0;0;0;0;100;0;100;0;0;0;0;0;0;0;0;0;0;0;0
17.02.2024;02:22;A 28;1;0;0;1;4;0;0;1;1;0;4;0;0;0;100;0;100;0;0;0;0;0;0;0;0;0;0;0;0
17.02.2024;02:21;A 28;1;0;0;0;0;0;0;0;0;1;71;0;0;0;100;0;100;0;0;0;0;0;0;0;0;0;0;0;0
17.02.2024;02:20;A 28;1;0;0;0;0;0;0;1;4;1;19;0;0;0;100;0;100;0;0;0;0;0;0;0;0;0;0;0;0
17.02.2024;02:19;A 28;1;0;0;0;0;0;0;1;2;1;1;0;0;0;100;0;100;0;0;0;0;0;0;0;0;0;0;0;0
17.02.2024;02:18;A 28;1;0;0;0;0;0;0;3;6;1;6;0;0;0;100;0;100;0;0;0;0;0;0;0;0;0;0;0;0
17.02.2024;02:17;A 28;1;0;0;0;0;0;0;2;5;2;11;0;0;0;100;0;100;0;0;0;0;0;0;0;0;0;0;0;0
17.02.2024;02:16;A 28;1;0;0;0;0;0;0;0;0;0;0;0;0;0;100;0;100;0;0;0;0;0;0;0;0;0;0;0;0
17.02.2024;02:15;A 28;1;0;0;0;0;0;0;0;0;1;5;1;1;0;100;0;100;0;0;0;0;0;0;0;0;0;0;0;0
17.02.2024;02:14;A 28;1;0;0;2;16;1;1;1;2;0;0;0;0;0;100;0;100;0;0;0;0;0;0;0;0;0;0;0;0
17.02.2024;02:13;A 28;1;0;0;0;0;0;0;1;2;0;0;0;0;0;100;0;100;0;0;0;0;0;0;0;0;0;0;0;0
17.02.2024;02:12;A 28;1;0;0;0;0;0;0;1;2;1;3;1;2;0;100;0;100;0;0;0;0;0;0;0;0;0;0;0;0
17.02.2024;02:11;A 28;1;0;0;0;0;0;0;1;1;1;3;0;0;0;100;0;100;0;0;0;0;0;0;0;0;0;0;0;0
17.02.2024;02:10;A 28;1;0;0;0;0;0;0;1;2;0;0;0;0;0;100;0;100;0;0;0;0;0;0;0;0;0;0;0;0
17.02.2024;02:09;A 28;1;0;0;0;0;0;0;1;4;0;16;0;0;0;100;0;100;0;0;0;0;0;0;0;0;0;0;0;0
17.02.2024;02:08;A 28;1;0;0;0;0;0;0;1;3;1;4;0;0;0;100;0;100;0;0;0;0;0;0;0;0;0;0;0;0
17.02.2024;02:07;A 28;1;0;0;0;0;0;0;0;0;2;8;0;0;0;100;0;100;0;0;0;0;0;0;0;0;0;0;0;0
17.02.2024;02:06;A 28;1;0;0;1;12;0;0;1;15;0;0;0;0;0;100;0;100;0;0;0;0;0;0;0;0;0;0;0;0
17.02.2024;02:05;A 28;1;0;0;0;6;0;0;1;11;0;0;1;2;0;100;0;100;0;0;0;0;0;0;0;0;0;0;0;0
17.02.2024;02:04;A 28;1;0;0;1;1;0;0;0;0;1;19;0;0;0;100;0;100;0;0;0;0;0;0;0;0;0;0;0;0
17.02.2024;02:03;A 28;1;0;0;2;22;0;0;0;1;1;2;0;0;0;100;0;100;0;0;0;0;0;0;0;0;0;0;0;0
17.02.2024;02:02;A 28;1;0;0;0;0;0;0;2;27;1;20;0;0;0;100;0;100;0;0;0;0;0;0;0;0;0;0;0;0
17.02.2024;02:01;A 28;1;0;0;0;0;0;0;1;5;0;0;0;0;0;100;0;100;0;0;0;0;0;0;0;0;0;0;0;0
17.02.2024;02:00;A 28;1;0;0;0;0;0;0;0;0;1;8;0;0;0;100;0;100;0;0;0;0;0;0;0;0;0;0;0;0
17.02.2024;01:59;A 28;1;0;0;1;6;0;0;0;0;1;2;0;0;0;100;0;100;0;0;0;0;0;0;0;0;0;0;0;0
17.02.2024;01:58;A 28;1;0;0;0;0;0;0;0;0;0;0;0;0;0;100;0;100;0;0;0;0;0;0;0;0;0;0;0;0
17.02.2024;01:57;A 28;1;0;0;0;0;0;0;1;3;1;4;0;0;0;100;0;100;0;0;0;0;0;0;0;0;0;0;0;0
17.02.2024;01:56;A 28;1;0;0;0;0;0;0;2;4;1;1;0;0;0;100;0;100;0;0;0;0;0;0;0;0;0;0;0;0
17.02.2024;01:55;A 28;1;0;0;0;0;0;0;0;0;0;0;0;0;0;100;0;100;0;0;0;0;0;0;0;0;0;0;0;0
17.02.2024;01:54;A 28;1;0;0;0;0;0;0;0;6;0;0;0;0;0;100;0;100;0;0;0;0;0;0;0;0;0;0;0;0
17.02.2024;01:53;A 28;1;0;0;0;0;0;0;1;38;1;4;0;0;0;100;0;100;0;0;0;0;0;0;0;0;0;0;0;0
17.02.2024;01:52;A 28;1;0;0;0;0;0;0;0;0;3;5;1;2;0;100;0;100;0;0;0;0;0;0;0;0;0;0;0;0
17.02.2024;01:51;A 28;1;0;0;0;0;0;0;2;3;2;2;0;0;0;100;0;100;0;0;0;0;0;0;0;0;0;0;0;0
17.02.2024;01:50;A 28;1;0;0;0;0;0;0;1;2;1;8;0;0;0;100;0;100;0;0;0;0;0;0;0;0;0;0;0;0
17.02.2024;01:49;A 28;1;0;0;0;0;0;0;1;3;0;0;0;0;0;100;0;100;0;0;0;0;0;0;0;0;0;0;0;0
17.02.2024;01:48;A 28;1;0;0;0;0;0;0;2;7;0;0;0;0;0;100;0;100;0;0;0;0;0;0;0;0;0;0;0;0
17.02.2024;01:47;A 28;1;0;0;1;5;0;0;1;3;0;0;0;0;0;100;0;100;0;0;0;0;0;0;0;0;0;0;0;0
17.02.2024;01:46;A 28;1;0;0;0;0;0;0;2;11;0;0;0;0;0;100;0;100;0;0;0;0;0;0;0;0;0;0;0;0
17.02.2024;01:45;A 28;1;0;0;0;0;0;0;1;45;2;4;1;72;0;100;0;100;0;0;0;0;0;0;0;0;0;0;0;0
17.02.2024;01:44;A 28;1;0;0;0;6;0;0;2;7;1;2;0;0;0;100;0;100;0;0;0;0;0;0;0;0;0;0;0;0
17.02.2024;01:43;A 28;1;0;0;1;17;0;0;1;4;1;1;0;0;0;100;0;100;0;0;0;0;0;0;0;0;0;0;0;0
17.02.2024;01:42;A 28;1;0;0;0;0;0;0;1;19;0;32;0;0;0;100;0;100;0;0;0;0;0;0;0;0;0;0;0;0
17.02.2024;01:41;A 28;1;0;0;0;0;0;0;2;21;1;41;0;0;0;100;0;100;0;0;0;0;0;0;0;0;0;0;0;0
17.02.2024;01:40;A 28;1;0;0;0;0;0;0;0;0;1;3;0;0;0;100;0;100;0;0;0;0;0;0;0;0;0;0;0;0
17.02.2024;01:39;A 28;1;0;0;0;42;0;0;0;0;0;0;0;0;0;100;0;100;0;0;0;0;0;0;0;0;0;0;0;0
17.02.2024;01:38;A 28;1;0;0;2;9;0;0;1;79;2;6;0;0;0;100;0;100;0;0;0;0;0;0;0;0;0;0;0;0
17.02.2024;01:37;A 28;1;0;0;0;0;0;0;0;73;0;0;0;0;0;100;0;100;0;0;0;0;0;0;0;0;0;0;0;0
17.02.2024;01:36;A 28;1;0;0;0;0;0;0;2;28;0;0;0;0;0;100;0;100;0;0;0;0;0;0;0;0;0;0;0;0
17.02.2024;01:35;A 28;1;0;0;1;3;0;0;0;0;1;3;0;0;0;100;0;100;0;0;0;0;0;0;0;0;0;0;0;0
17.02.2024;01:34;A 28;1;0;0;0;0;0;0;1;3;2;8;0;0;0;100;0;100;0;0;0;0;0;0;0;0;0;0;0;0
17.02.2024;01:33;A 28;1;0;0;0;0;0;0;0;0;0;0;0;0;0;100;0;100;0;0;0;0;0;0;0;0;0;0;0;0
17.02.2024;01:32;A 28;1;0;0;0;0;0;0;0;0;1;2;1;4;0;100;0;100;0;0;0;0;0;0;0;0;0;0;0;0
17.02.2024;01:31;A 28;1;0;0;0;0;0;0;0;0;1;5;0;0;0;100;0;100;0;0;0;0;0;0;0;0;0;0;0;0
17.02.2024;01:30;A 28;1;0;0;0;0;0;0;2;5;0;0;0;0;0;100;0;100;0;0;0;0;0;0;0;0;0;0;0;0
17.02.2024;01:29;A 28;1;0;0;0;0;0;0;0;51;0;0;0;0;0;100;0;100;0;0;0;0;0;0;0;0;0;0;0;0
17.02.2024;01:28;A 28;1;0;0;0;0;0;0;2;27;1;3;0;0;0;100;0;100;0;0;0;0;0;0;0;0;0;0;0;0
17.02.2024;01:27;A 28;1;0;0;0;0;0;0;1;19;1;12;0;0;0;100;0;100;0;0;0;0;0;0;0;0;0;0;0;0
17.02.2024;01:26;A 28;1;0;0;1;3;0;0;2;55;0;8;0;0;0;100;0;100;0;0;0;0;0;0;0;0;0;0;0;0
17.02.2024;01:25;A 28;1;0;0;0;0;0;0;0;0;2;6;1;5;0;100;0;100;0;0;0;0;0;0;0;0;0;0;0;0
17.02.2024;01:24;A 28;1;0;0;0;0;0;0;0;0;1;30;0;0;0;100;0;100;0;0;0;0;0;0;0;0;0;0;0;0
17.02.2024;01:23;A 28;1;0;0;0;0;0;0;1;3;2;16;0;0;0;100;0;100;0;0;0;0;0;0;0;0;0;0;0;0
17.02.2024;01:22;A 28;1;0;0;0;0;0;0;0;50;1;3;0;0;0;100;0;100;0;0;0;0;0;0;0;0;0;0;0;0
17.02.2024;01:21;A 28;1;0;0;1;41;0;0;1;13;1;7;0;0;0;100;0;100;0;0;0;0;0;0;0;0;0;0;0;0
17.02.2024;01:20;A 28;1;0;0;0;0;0;0;0;0;0;0;0;0;0;100;0;100;0;0;0;0;0;0;0;0;0;0;0;0
17.02.2024;01:19;A 28;1;0;0;0;0;0;0;1;4;0;0;0;0;0;100;0;100;0;0;0;0;0;0;0;0;0;0;0;0
17.02.2024;01:18;A 28;1;0;0;2;3;0;0;0;2;1;5;0;0;0;100;0;100;0;0;0;0;0;0;0;0;0;0;0;0
17.02.2024;01:17;A 28;1;0;0;0;0;0;0;3;17;2;9;0;0;0;100;0;100;0;0;0;0;0;0;0;0;0;0;0;0
17.02.2024;01:16;A 28;1;0;0;0;0;0;0;0;0;1;2;0;0;0;100;0;100;0;0;0;0;0;0;0;0;0;0;0;0
17.02.2024;01:15;A 28;1;0;0;0;0;0;0;2;5;1;3;0;0;0;100;0;100;0;0;0;0;0;0;0;0;0;0;0;0
17.02.2024;01:14;A 28;1;0;0;0;0;0;0;0;0;0;0;0;0;0;100;0;100;0;0;0;0;0;0;0;0;0;0;0;0
17.02.2024;01:13;A 28;1;0;0;0;0;0;0;0;18;0;0;0;0;0;100;0;100;0;0;0;0;0;0;0;0;0;0;0;0
17.02.2024;01:12;A 28;1;0;0;0;0;0;0;2;22;3;7;0;0;0;100;0;100;0;0;0;0;0;0;0;0;0;0;0;0
17.02.2024;01:11;A 28;1;0;0;2;36;0;0;1;1;0;0;0;0;0;100;0;100;0;0;0;0;0;0;0;0;0;0;0;0
17.02.2024;01:10;A 28;1;0;0;0;0;0;0;1;5;1;11;0;0;0;100;0;100;0;0;0;0;0;0;0;0;0;0;0;0
17.02.2024;01:09;A 28;1;0;0;1;3;0;0;2;5;2;21;0;0;0;100;0;100;0;0;0;0;0;0;0;0;0;0;0;0
17.02.2024;01:08;A 28;1;0;0;0;0;0;0;3;13;3;6;0;0;0;100;0;100;0;0;0;0;0;0;0;0;0;0;1;1
17.02.2024;01:07;A 28;1;0;0;1;25;0;0;2;5;2;5;1;5;0;100;0;100;0;0;0;0;0;0;0;0;0;0;0;0
17.02.2024;01:06;A 28;1;0;0;0;0;0;0;2;5;1;1;0;0;0;100;0;100;0;0;0;0;0;0;0;0;0;0;0;0
17.02.2024;01:05;A 28;1;0;0;0;0;0;0;1;2;0;0;0;0;0;100;0;100;0;0;0;0;0;0;0;0;0;0;0;0
17.02.2024;01:04;A 28;1;0;0;1;35;0;0;0;0;0;0;0;0;0;100;0;100;0;0;0;0;0;0;0;0;0;0;0;0
17.02.2024;01:03;A 28;1;0;0;0;0;0;0;2;6;0;0;0;0;0;100;0;100;0;0;0;0;0;0;0;0;0;0;0;0
17.02.2024;01:02;A 28;1;0;0;0;0;0;0;2;17;1;3;0;0;0;100;0;100;0;0;0;0;0;0;0;0;0;0;0;0
17.02.2024;01:01;A 28;1;0;0;0;0;0;0;1;19;0;0;0;0;0;100;0;100;0;0;0;0;0;0;0;0;0;0;0;0
17.02.2024;01:00;A 28;1;0;0;0;0;0;0;0;0;2;28;0;0;0;100;0;100;0;0;0;0;0;0;0;0;0;0;0;0
