Datum;Uhrzeit;Bezeichnung;Intervall;V51Z;V51B;V52Z;V52B;V111Z;V111B;V112Z;V112B;V351Z;V351B;TF35aZ;TF35aB;TF35bZ;TF35bB;TBS35aZ;TBS35aB;TBS35bZ;TBS35bB;V1_IOZ;V1_IOB;V2_IOZ;V2_IOB;V3_IOZ;V3_IOB
21.03.2024;01:00;A 48;1;0;0;0;0;1;3;0;0;0;0;0;0;0;0;0;0;0;0;0;100;0;100;0;100
21.03.2024;00:59;A 48;1;0;0;0;0;1;3;0;0;0;0;0;0;0;0;0;0;0;0;0;100;0;100;0;100
21.03.2024;00:58;A 48;1;1;2;0;0;2;1;0;0;0;0;0;0;0;0;0;0;0;0;0;100;0;100;0;100
21.03.2024;00:57;A 48;1;2;2;0;0;0;0;0;0;0;0;0;0;0;0;0;0;0;0;0;100;0;100;0;100
21.03.2024;00:56;A 48;1;0;0;0;0;1;3;2;2;0;0;0;0;0;0;0;0;0;0;0;100;0;100;0;100
21.03.2024;00:55;A 48;1;0;0;0;0;0;0;0;0;0;0;0;0;0;0;0;0;0;0;0;100;0;100;0;100
21.03.2024;00:54;A 48;1;0;0;0;0;0;0;0;0;0;0;0;0;0;0;0;0;0;0;0;100;0;100;0;100
21.03.2024;00:53;A 48;1;0;0;0;0;0;0;0;0;0;0;0;0;0;0;0;0;0;0;0;100;0;100;0;100
21.03.2024;00:52;A 48;1;0;0;0;0;0;0;0;0;0;0;0;0;0;0;0;0;0;0;0;100;0;100;0;100
21.03.2024;00:51;A 48;1;0;0;0;0;0;0;0;0;0;0;0;0;0;0;0;0;0;0;0;100;0;100;0;100
21.03.2024;00:50;A 48;1;0;0;0;0;2;1;1;3;0;0;0;0;0;0;0;0;0;0;0;100;0;100;0;100
21.03.2024;00:49;A 48;1;1;4;1;1;2;3;1;2;0;0;0;0;0;0;0;0;0;0;0;100;0;100;0;100
21.03.2024;00:48;A 48;1;0;0;2;2;2;2;1;2;0;0;0;0;0;0;0;0;0;0;0;100;0;100;0;100
21.03.2024;00:47;A 48;1;0;0;2;1;1;7;0;0;0;0;0;0;0;0;0;0;0;0;0;100;0;100;0;100
21.03.2024;00:46;A 48;1;2;2;0;0;1;2;1;4;0;0;0;0;0;0;0;0;0;0;0;100;0;100;0;100
21.03.2024;00:45;A 48;1;2;5;2;2;0;0;0;0;0;0;0;0;0;0;0;0;0;0;0;100;0;100;0;100
21.03.2024;00:44;A 48;1;0;0;0;0;1;6;0;0;0;0;0;0;0;0;0;0;0;0;0;100;0;100;0;100
21.03.2024;00:43;A 48;1;0;0;0;0;0;0;2;4;0;0;0;0;0;0;0;0;0;0;0;100;0;100;0;100
21.03.2024;00:42;A 48;1;0;0;0;0;0;0;0;0;0;0;0;0;0;0;0;0;0;0;0;100;0;100;0;100
21.03.2024;00:41;A 48;1;0;0;0;0;2;1;2;3;0;0;0;0;0;0;0;0;0;0;0;100;0;100;0;100
21.03.2024;00:40;A 48;1;0;0;0;0;2;1;0;0;0;0;0;0;0;0;0;0;0;0;0;100;0;100;0;100
21.03.2024;00:39;A 48;1;0;0;0;0;2;1;0;0;0;0;0;0;0;0;0;0;0;0;0;100;0;100;0;100
21.03.2024;00:38;A 48;1;0;0;0;0;0;0;0;0;0;0;0;0;0;0;0;0;0;0;0;100;0;100;0;100
21.03.2024;00:37;A 48;1;1;4;2;2;0;0;2;2;0;0;0;0;0;0;0;0;0;0;0;100;0;100;0;100
21.03.2024;00:36;A 48;1;0;0;0;0;1;2;0;0;0;0;0;0;0;0;0;0;0;0;0;100;0;100;0;100
21.03.2024;00:35;A 48;1;0;0;0;0;1;4;0;0;0;0;0;0;0;0;0;0;0;0;0;100;0;100;0;100
21.03.2024;00:34;A 48;1;1;3;0;0;2;3;0;0;0;0;0;0;0;0;0;0;0;0;0;100;0;100;0;100
21.03.2024;00:33;A 48;1;3;6;1;9;0;0;0;0;0;0;0;0;0;0;0;0;0;0;0;100;0;100;0;100
21.03.2024;00:32;A 48;1;0;0;0;0;0;0;0;0;0;0;0;0;0;0;0;0;0;0;0;100;0;100;0;100
21.03.2024;00:31;A 48;1;1;6;2;1;0;0;0;0;0;0;0;0;0;0;0;0;0;0;0;100;0;100;0;100
21.03.2024;00:30;A 48;1;0;0;0;0;0;0;2;3;0;0;0;0;0;0;0;0;0;0;0;100;0;100;0;100
21.03.2024;00:29;A 48;1;0;0;0;0;1;2;0;0;0;0;0;0;0;0;0;0;0;0;0;100;0;100;0;100
21.03.2024;00:28;A 48;1;1;3;0;0;0;0;1;4;0;0;0;0;0;0;0;0;0;0;0;100;0;100;0;100
21.03.2024;00:27;A 48;1;2;5;0;0;1;3;0;0;0;0;0;0;0;0;0;0;0;0;0;100;0;100;0;100
21.03.2024;00:26;A 48;1;0;0;0;0;0;0;0;0;0;0;0;0;0;0;0;0;0;0;0;100;0;100;0;100
21.03.2024;00:25;A 48;1;0;0;0;0;0;0;0;0;0;0;0;0;0;0;0;0;0;0;0;100;0;100;0;100
21.03.2024;00:24;A 48;1;2;7;0;0;0;0;0;0;0;0;0;0;0;0;0;0;0;0;0;100;0;100;0;100
21.03.2024;00:23;A 48;1;0;0;2;2;0;0;0;0;0;0;0;0;0;0;0;0;0;0;0;100;0;100;0;100
21.03.2024;00:22;A 48;1;2;6;0;0;0;0;0;0;0;0;0;0;0;0;0;0;0;0;0;100;0;100;0;100
21.03.2024;00:21;A 48;1;1;7;0;0;0;0;0;0;0;0;0;0;0;0;0;0;0;0;0;100;0;100;0;100
21.03.2024;00:20;A 48;1;0;0;0;0;0;0;0;0;0;0;0;0;0;0;0;0;0;0;0;100;0;100;0;100
21.03.2024;00:19;A 48;1;0;0;0;0;4;5;2;2;0;0;0;0;0;0;0;0;0;0;0;100;0;100;0;100
21.03.2024;00:18;A 48;1;0;0;0;0;0;0;0;0;0;0;0;0;0;0;0;0;0;0;0;100;0;100;0;100
21.03.2024;00:17;A 48;1;0;0;2;2;3;7;0;0;0;0;0;0;0;0;0;0;0;0;0;100;0;100;0;100
21.03.2024;00:16;A 48;1;3;5;0;0;0;0;4;6;0;0;0;0;0;0;0;0;0;0;0;100;0;100;0;100
21.03.2024;00:15;A 48;1;0;0;0;0;2;2;0;0;0;0;0;0;0;0;0;0;0;0;0;100;0;100;0;100
21.03.2024;00:14;A 48;1;1;2;0;0;0;0;0;0;0;0;0;0;0;0;0;0;0;0;0;100;0;100;0;100
21.03.2024;00:13;A 48;1;1;3;0;0;0;0;0;0;0;0;0;0;0;0;0;0;0;0;0;100;0;100;0;100
21.03.2024;00:12;A 48;1;1;1;0;0;1;3;0;0;0;0;0;0;0;0;0;0;0;0;0;100;0;100;0;100
21.03.2024;00:11;A 48;1;2;5;0;0;0;0;0;0;0;0;0;0;0;0;0;0;0;0;0;100;0;100;0;100
21.03.2024;00:10;A 48;1;0;0;0;0;0;0;0;0;0;0;0;0;0;0;0;0;0;0;0;100;0;100;0;100
21.03.2024;00:09;A 48;1;0;0;0;0;0;0;0;0;0;0;0;0;0;0;0;0;0;0;0;100;0;100;0;100
21.03.2024;00:08;A 48;1;2;5;1;2;0;0;0;0;0;0;0;0;0;0;0;0;0;0;0;100;0;100;0;100
21.03.2024;00:07;A 48;1;0;0;0;0;2;2;0;0;0;0;0;0;0;0;0;0;0;0;0;100;0;100;0;100
21.03.2024;00:06;A 48;1;2;2;0;0;0;0;0;0;0;0;0;0;0;0;0;0;0;0;0;100;0;100;0;100
21.03.2024;00:05;A 48;1;1;3;1;1;5;7;0;0;0;0;0;0;0;0;0;0;0;0;0;100;0;100;0;100
21.03.2024;00:04;A 48;1;0;0;0;0;4;5;0;0;0;0;0;0;0;0;0;0;0;0;0;100;0;100;0;100
21.03.2024;00:03;A 48;1;0;0;0;0;0;0;0;0;0;0;0;0;0;0;0;0;0;0;0;100;0;100;0;100
21.03.2024;00:02;A 48;1;2;4;1;0;0;0;2;2;0;0;0;0;0;0;0;0;0;0;0;100;0;100;0;100
21.03.2024;00:01;A 48;1;3;7;0;0;2;2;1;4;0;0;0;0;0;0;0;0;0;0;0;100;0;100;0;100
21.03.2024;00:00;A 48;1;0;0;0;0;0;0;0;0;0;0;0;0;0;0;0;0;0;0;0;100;0;100;0;100
20.03.2024;23:59;A 48;1;0;0;0;0;2;3;0;0;0;0;0;0;0;0;0;0;0;0;0;100;0;100;0;100
20.03.2024;23:58;A 48;1;0;0;0;0;4;4;0;0;0;0;0;0;0;0;0;0;0;0;0;100;0;100;0;100
20.03.2024;23:57;A 48;1;2;2;0;0;0;0;0;0;0;0;0;0;0;0;0;0;0;0;0;100;0;100;0;100
20.03.2024;23:56;A 48;1;3;8;0;0;1;3;0;0;0;0;0;0;0;0;0;0;0;0;0;100;0;100;0;100
20.03.2024;23:55;A 48;1;0;0;0;0;0;0;2;2;0;0;0;0;0;0;0;0;0;0;0;100;0;100;0;100
20.03.2024;23:54;A 48;1;0;0;0;0;2;2;0;0;0;0;0;0;0;0;0;0;0;0;0;100;0;100;0;100
20.03.2024;23:53;A 48;1;0;0;0;0;0;0;0;0;0;0;0;0;0;0;0;0;0;0;0;100;0;100;0;100
20.03.2024;23:52;A 48;1;5;9;0;0;2;2;0;0;0;0;0;0;0;0;0;0;0;0;0;100;0;100;0;100
20.03.2024;23:51;A 48;1;1;6;0;0;2;2;2;2;0;0;0;0;0;0;0;0;0;0;0;100;0;100;0;100
20.03.2024;23:50;A 48;1;2;5;0;0;2;3;0;0;0;0;0;0;0;0;0;0;0;0;0;100;0;100;0;100
20.03.2024;23:49;A 48;1;1;2;0;0;6;11;2;5;0;0;0;0;0;0;0;0;0;0;0;100;0;100;0;100
20.03.2024;23:48;A 48;1;2;7;0;0;4;6;1;0;1;11;0;0;0;0;0;0;0;0;0;100;0;100;0;100
20.03.2024;23:47;A 48;1;2;2;0;0;2;2;0;0;0;0;0;0;0;0;0;0;0;0;0;100;0;100;0;100
20.03.2024;23:46;A 48;1;0;0;2;2;2;1;0;0;0;0;0;0;0;0;0;0;0;0;0;100;0;100;0;100
20.03.2024;23:45;A 48;1;0;0;0;0;4;4;0;0;0;0;0;0;0;0;0;0;0;0;0;100;0;100;0;100
20.03.2024;23:44;A 48;1;2;5;1;1;0;0;0;0;0;0;0;0;0;0;0;0;0;0;0;100;0;100;0;100
20.03.2024;23:43;A 48;1;0;0;0;0;1;1;0;0;0;0;0;0;0;0;0;0;0;0;0;100;0;100;0;100
20.03.2024;23:42;A 48;1;0;0;0;0;1;3;0;0;0;0;0;0;0;0;0;0;0;0;0;100;0;100;0;100
20.03.2024;23:41;A 48;1;2;7;0;0;0;0;1;3;0;0;0;0;0;0;0;0;0;0;0;100;0;100;0;100
20.03.2024;23:40;A 48;1;0;0;0;0;2;2;0;0;0;0;0;0;0;0;0;0;0;0;0;100;0;100;0;100
20.03.2024;23:39;A 48;1;0;0;5;6;4;6;0;0;0;0;0;0;0;0;0;0;0;0;0;100;0;100;0;100
20.03.2024;23:38;A 48;1;2;5;1;2;1;1;0;0;0;0;0;0;0;0;0;0;0;0;0;100;0;100;0;100
20.03.2024;23:37;A 48;1;1;3;0;0;0;0;0;0;0;0;0;0;0;0;0;0;0;0;0;100;0;100;0;100
20.03.2024;23:36;A 48;1;0;0;2;1;0;0;0;0;0;0;0;0;0;0;0;0;0;0;0;100;0;100;0;100
20.03.2024;23:35;A 48;1;3;8;1;5;1;8;0;0;1;10;0;0;1;1;0;0;0;0;0;100;0;100;0;100
20.03.2024;23:34;A 48;1;2;3;1;2;0;0;0;0;0;0;0;0;0;0;0;0;0;0;0;100;0;100;0;100
20.03.2024;23:33;A 48;1;0;0;0;0;0;0;0;0;0;0;0;0;0;0;0;0;0;0;0;100;0;100;0;100
20.03.2024;23:32;A 48;1;1;7;4;4;0;0;0;0;1;14;0;0;0;0;0;0;0;0;0;100;0;100;0;100
20.03.2024;23:31;A 48;1;1;3;0;0;3;6;0;0;1;7;0;0;0;0;0;0;0;0;0;100;0;100;0;100
20.03.2024;23:30;A 48;1;0;0;0;0;0;0;2;2;0;0;0;0;0;0;0;0;0;0;0;100;0;100;0;100
20.03.2024;23:29;A 48;1;0;0;1;4;2;3;0;0;0;0;0;0;0;0;0;0;0;0;0;100;0;100;0;100
20.03.2024;23:28;A 48;1;2;7;1;4;0;0;0;0;0;0;0;0;0;0;0;0;0;0;0;100;0;100;0;100
20.03.2024;23:27;A 48;1;2;3;2;2;0;0;0;0;0;0;0;0;0;0;0;0;0;0;0;100;0;100;0;100
20.03.2024;23:26;A 48;1;0;0;5;4;0;0;0;0;0;0;0;0;0;0;0;0;0;0;0;100;0;100;0;100
20.03.2024;23:25;A 48;1;1;2;0;0;1;3;1;3;0;0;0;0;0;0;0;0;0;0;0;100;0;100;0;100
20.03.2024;23:24;A 48;1;1;3;0;0;0;0;0;0;0;0;0;0;0;0;0;0;0;0;0;100;0;100;0;100
20.03.2024;23:23;A 48;1;1;3;0;0;5;12;2;4;0;0;0;0;0;0;0;0;0;0;0;100;0;100;0;100
20.03.2024;23:22;A 48;1;1;1;1;1;2;1;4;8;0;0;0;0;0;0;0;0;0;0;0;100;0;100;0;100
20.03.2024;23:21;A 48;1;1;3;0;0;3;6;0;0;0;0;0;0;0;0;0;0;0;0;0;100;0;100;0;100
20.03.2024;23:20;A 48;1;4;10;0;0;0;0;0;0;0;0;0;0;0;0;0;0;0;0;0;100;0;100;0;100
20.03.2024;23:19;A 48;1;2;2;0;0;0;0;0;0;1;13;0;0;1;1;0;0;0;0;0;100;0;100;0;100
20.03.2024;23:18;A 48;1;5;7;0;0;4;14;2;2;0;0;0;0;0;0;0;0;0;0;0;100;0;100;0;100
20.03.2024;23:17;A 48;1;1;5;0;0;0;0;2;3;0;0;0;0;0;0;0;0;0;0;0;100;0;100;0;100
20.03.2024;23:16;A 48;1;0;0;0;0;0;0;1;2;1;13;0;0;0;0;0;0;0;0;0;100;0;100;0;100
20.03.2024;23:15;A 48;1;0;0;0;0;5;15;2;4;0;0;0;0;0;0;0;0;0;0;0;100;0;100;0;100
20.03.2024;23:14;A 48;1;2;3;3;6;0;0;5;13;0;0;0;0;0;0;0;0;0;0;0;100;0;100;0;100
20.03.2024;23:13;A 48;1;0;0;2;1;0;0;0;0;0;0;0;0;0;0;0;0;0;0;0;100;0;100;0;100
20.03.2024;23:12;A 48;1;0;0;0;0;0;0;2;3;1;12;0;0;1;1;0;0;0;0;0;100;0;100;0;100
20.03.2024;23:11;A 48;1;1;2;0;0;0;0;0;0;0;0;0;0;0;0;0;0;0;0;0;100;0;100;0;100
20.03.2024;23:10;A 48;1;2;12;1;0;1;2;2;2;0;0;0;0;0;0;0;0;0;0;0;100;0;100;0;100
20.03.2024;23:09;A 48;1;2;4;0;0;4;5;1;3;0;0;0;0;0;0;0;0;0;0;0;100;0;100;0;100
20.03.2024;23:08;A 48;1;1;3;4;4;4;9;1;4;0;0;0;0;0;0;0;0;0;0;0;100;0;100;0;100
20.03.2024;23:07;A 48;1;5;8;0;0;5;10;4;3;0;0;0;0;0;0;0;0;0;0;0;100;0;100;0;100
20.03.2024;23:06;A 48;1;2;6;2;1;1;3;1;4;0;0;0;0;0;0;0;0;0;0;0;100;0;100;0;100
20.03.2024;23:05;A 48;1;1;8;0;0;2;2;2;2;0;0;0;0;0;0;0;0;0;0;0;100;0;100;0;100
20.03.2024;23:04;A 48;1;2;6;0;0;4;6;0;0;0;0;0;0;0;0;0;0;0;0;0;100;0;100;0;100
20.03.2024;23:03;A 48;1;11;18;0;0;0;0;0;0;0;0;0;0;0;0;0;0;0;0;0;100;0;100;0;100
20.03.2024;23:02;A 48;1;4;6;0;0;2;4;2;2;0;0;0;0;0;0;0;0;0;0;0;100;0;100;0;100
20.03.2024;23:01;A 48;1;0;0;0;0;6;7;2;2;0;0;0;0;0;0;0;0;0;0;0;100;0;100;0;100
20.03.2024;23:00;A 48;1;3;4;0;0;1;5;2;3;0;0;0;0;0;0;0;0;0;0;0;100;0;100;0;100
20.03.2024;22:59;A 48;1;2;7;1;1;2;2;0;0;0;0;0;0;0;0;0;0;0;0;0;100;0;100;0;100
20.03.2024;22:58;A 48;1;3;10;1;2;0;0;2;2;0;0;0;0;0;0;0;0;0;0;0;100;0;100;0;100
20.03.2024;22:57;A 48;1;0;0;0;0;2;3;0;0;0;0;0;0;0;0;0;0;0;0;0;100;0;100;0;100
20.03.2024;22:56;A 48;1;0;0;1;2;0;0;3;8;0;0;0;0;0;0;0;0;0;0;0;100;0;100;0;100
20.03.2024;22:55;A 48;1;0;0;0;0;2;2;3;4;0;0;0;0;0;0;0;0;0;0;0;100;0;100;0;100
20.03.2024;22:54;A 48;1;6;16;2;2;0;0;2;5;0;0;0;0;0;0;0;0;0;0;0;100;0;100;0;100
20.03.2024;22:53;A 48;1;3;9;0;0;0;0;2;3;0;0;0;0;0;0;0;0;0;0;0;100;0;100;0;100
20.03.2024;22:52;A 48;1;1;10;2;1;2;3;0;0;0;0;0;0;0;0;0;0;0;0;0;100;0;100;0;100
20.03.2024;22:51;A 48;1;2;7;0;0;0;0;4;5;0;0;0;0;0;0;0;0;0;0;0;100;0;100;0;100
20.03.2024;22:50;A 48;1;2;5;0;0;0;0;2;1;0;0;0;0;0;0;0;0;0;0;0;100;0;100;0;100
20.03.2024;22:49;A 48;1;2;3;0;0;2;3;5;9;1;9;0;0;0;0;0;0;0;0;0;100;0;100;0;100
20.03.2024;22:48;A 48;1;5;9;2;3;4;45;0;0;0;0;0;0;0;0;0;0;0;0;0;100;0;100;0;100
20.03.2024;22:47;A 48;1;0;0;0;0;0;0;0;0;0;0;0;0;0;0;0;0;0;0;0;100;0;100;0;100
20.03.2024;22:46;A 48;1;4;8;2;1;6;7;1;5;0;0;0;0;0;0;0;0;0;0;0;100;0;100;0;100
20.03.2024;22:45;A 48;1;1;3;1;0;0;0;3;7;0;0;0;0;0;0;0;0;0;0;0;100;0;100;0;100
20.03.2024;22:44;A 48;1;4;10;0;0;2;3;1;5;0;0;0;0;0;0;0;0;0;0;0;100;0;100;0;100
20.03.2024;22:43;A 48;1;0;0;0;0;4;6;2;3;0;0;0;0;0;0;0;0;0;0;0;100;0;100;0;100
20.03.2024;22:42;A 48;1;4;12;0;0;4;6;0;0;0;0;0;0;0;0;0;0;0;0;0;100;0;100;0;100
20.03.2024;22:41;A 48;1;1;3;0;0;2;2;2;2;0;0;0;0;0;0;0;0;0;0;0;100;0;100;0;100
20.03.2024;22:40;A 48;1;0;0;0;0;5;8;0;0;0;0;0;0;0;0;0;0;0;0;0;100;0;100;0;100
20.03.2024;22:39;A 48;1;3;8;2;3;4;12;2;12;0;0;0;0;0;0;0;0;0;0;0;100;0;100;0;100
20.03.2024;22:38;A 48;1;5;8;0;0;2;2;6;13;1;10;0;0;1;1;0;0;1;1;0;100;0;100;0;100
20.03.2024;22:37;A 48;1;2;3;1;2;6;11;3;4;0;0;0;0;0;0;0;0;0;0;0;100;0;100;0;100
20.03.2024;22:36;A 48;1;1;2;0;0;3;4;0;0;0;0;0;0;0;0;0;0;0;0;0;100;0;100;0;100
20.03.2024;22:35;A 48;1;1;3;0;0;1;1;0;0;0;0;0;0;0;0;0;0;0;0;0;100;0;100;0;100
20.03.2024;22:34;A 48;1;0;0;0;0;7;9;0;0;0;0;0;0;0;0;0;0;0;0;0;100;0;100;0;100
20.03.2024;22:33;A 48;1;0;0;0;0;3;5;1;2;0;0;0;0;0;0;0;0;0;0;0;100;0;100;0;100
20.03.2024;22:32;A 48;1;1;3;0;0;2;2;0;0;0;0;0;0;0;0;0;0;0;0;0;100;0;100;0;100
20.03.2024;22:31;A 48;1;3;6;1;2;0;0;2;2;0;0;0;0;0;0;0;0;0;0;0;100;0;100;0;100
20.03.2024;22:30;A 48;1;1;2;0;0;3;6;4;5;0;0;0;0;0;0;0;0;0;0;0;100;0;100;0;100
20.03.2024;22:29;A 48;1;2;6;2;2;10;12;2;3;0;0;0;0;0;0;0;0;0;0;0;100;0;100;0;100
20.03.2024;22:28;A 48;1;1;1;0;0;2;6;3;6;0;0;0;0;0;0;0;0;0;0;0;100;0;100;0;100
20.03.2024;22:27;A 48;1;0;0;0;0;6;12;2;3;0;0;0;0;0;0;0;0;0;0;0;100;0;100;0;100
20.03.2024;22:26;A 48;1;1;5;0;0;4;9;6;9;0;0;0;0;0;0;0;0;0;0;0;100;0;100;0;100
20.03.2024;22:25;A 48;1;0;0;4;5;4;4;3;4;0;0;0;0;0;0;0;0;0;0;0;100;0;100;0;100
20.03.2024;22:24;A 48;1;2;9;1;2;6;10;1;4;0;0;0;0;0;0;0;0;0;0;0;100;0;100;0;100
20.03.2024;22:23;A 48;1;0;0;0;0;8;14;2;4;0;0;0;0;0;0;0;0;0;0;0;100;0;100;0;100
20.03.2024;22:22;A 48;1;4;9;0;0;2;3;0;0;0;0;0;0;0;0;0;0;0;0;0;100;0;100;0;100
20.03.2024;22:21;A 48;1;5;17;0;0;9;16;0;0;0;0;0;0;0;0;0;0;0;0;0;100;0;100;0;100
20.03.2024;22:20;A 48;1;2;6;0;0;5;8;3;8;2;12;0;0;0;0;0;0;0;0;0;100;0;100;0;100
20.03.2024;22:19;A 48;1;4;6;1;0;4;4;4;5;0;0;0;0;0;0;0;0;0;0;0;100;0;100;0;100
20.03.2024;22:18;A 48;1;6;22;4;4;0;0;2;3;0;0;0;0;0;0;0;0;0;0;0;100;0;100;0;100
20.03.2024;22:17;A 48;1;1;3;0;0;6;8;0;0;0;0;0;0;0;0;0;0;0;0;0;100;0;100;0;100
20.03.2024;22:16;A 48;1;2;2;0;0;3;9;5;7;0;0;0;0;0;0;0;0;0;0;0;100;0;100;0;100
20.03.2024;22:15;A 48;1;1;9;0;0;10;16;3;6;0;0;0;0;0;0;0;0;0;0;0;100;0;100;0;100
20.03.2024;22:14;A 48;1;3;7;0;0;1;7;2;2;0;0;0;0;0;0;0;0;0;0;0;100;0;100;0;100
20.03.2024;22:13;A 48;1;3;5;2;2;1;4;1;7;0;0;0;0;0;0;0;0;0;0;0;100;0;100;0;100
20.03.2024;22:12;A 48;1;6;11;4;4;0;0;1;2;0;0;0;0;0;0;0;0;0;0;0;100;0;100;0;100
20.03.2024;22:11;A 48;1;1;5;2;2;3;5;0;0;0;0;0;0;0;0;0;0;0;0;0;100;0;100;0;100
20.03.2024;22:10;A 48;1;2;9;2;3;6;11;6;8;0;0;0;0;0;0;0;0;0;0;0;100;0;100;0;100
20.03.2024;22:09;A 48;1;0;0;3;15;4;8;0;0;0;0;0;0;0;0;0;0;0;0;0;100;0;100;0;100
20.03.2024;22:08;A 48;1;0;0;0;0;2;50;3;9;1;9;0;0;0;0;0;0;0;0;0;100;0;100;0;100
20.03.2024;22:07;A 48;1;4;12;0;0;6;12;4;12;0;0;0;0;1;1;0;0;0;0;0;100;0;100;0;100
20.03.2024;22:06;A 48;1;3;10;6;7;3;5;2;2;0;0;0;0;0;0;0;0;0;0;0;100;0;100;0;100
20.03.2024;22:05;A 48;1;2;5;0;0;3;4;0;0;0;0;0;0;0;0;0;0;0;0;0;100;0;100;0;100
20.03.2024;22:04;A 48;1;0;0;0;0;2;2;3;6;0;0;0;0;0;0;0;0;0;0;0;100;0;100;0;100
20.03.2024;22:03;A 48;1;1;4;0;0;0;0;0;0;0;0;0;0;0;0;0;0;0;0;0;100;0;100;0;100
20.03.2024;22:02;A 48;1;2;5;0;0;6;15;4;9;0;0;0;0;0;0;0;0;0;0;0;100;0;100;0;100
20.03.2024;22:01;A 48;1;3;7;0;0;0;0;0;0;0;0;0;0;0;0;0;0;0;0;0;100;0;100;0;100
20.03.2024;22:00;A 48;1;2;2;1;2;4;4;0;0;0;0;0;0;0;0;0;0;0;0;0;100;0;100;0;100
20.03.2024;21:59;A 48;1;0;0;0;0;4;5;5;10;0;0;0;0;0;0;0;0;0;0;0;100;0;100;0;100
20.03.2024;21:58;A 48;1;4;9;2;1;5;8;1;6;0;0;0;0;0;0;0;0;0;0;0;98;0;98;0;98
20.03.2024;21:57;A 48;1;2;2;0;0;0;0;1;5;0;0;0;0;0;0;0;0;0;0;0;100;0;100;0;100
20.03.2024;21:56;A 48;1;3;6;1;3;2;3;1;3;1;12;0;0;0;0;0;0;0;0;0;100;0;100;0;100
20.03.2024;21:55;A 48;1;2;1;2;6;3;5;1;3;0;0;0;0;0;0;0;0;0;0;0;100;0;100;0;100
20.03.2024;21:54;A 48;1;1;3;0;0;6;8;0;0;0;0;0;0;0;0;0;0;0;0;0;100;0;100;0;100
20.03.2024;21:53;A 48;1;2;7;1;0;0;0;5;8;0;0;0;0;0;0;0;0;0;0;0;100;0;100;0;100
20.03.2024;21:52;A 48;1;1;3;1;0;2;2;1;9;0;0;0;0;0;0;0;0;0;0;0;100;0;100;0;100
20.03.2024;21:51;A 48;1;1;2;0;0;2;3;0;0;0;0;0;0;0;0;0;0;0;0;0;100;0;100;0;100
20.03.2024;21:50;A 48;1;0;0;0;0;2;2;3;9;0;0;0;0;0;0;0;0;0;0;0;100;0;100;0;100
20.03.2024;21:49;A 48;1;3;6;4;5;4;5;2;2;0;0;0;0;0;0;0;0;0;0;0;100;0;100;0;100
20.03.2024;21:48;A 48;1;2;8;1;4;1;34;0;0;0;0;0;0;0;0;0;0;0;0;0;100;0;100;0;100
20.03.2024;21:47;A 48;1;3;8;0;0;3;7;4;5;0;0;0;0;0;0;0;0;0;0;0;100;0;100;0;100
20.03.2024;21:46;A 48;1;6;13;0;0;9;13;2;5;0;0;0;0;0;0;0;0;0;0;0;100;0;100;0;100
20.03.2024;21:45;A 48;1;2;5;0;0;7;13;3;5;0;0;0;0;0;0;0;0;0;0;0;100;0;100;0;100
20.03.2024;21:44;A 48;1;2;15;0;0;10;13;4;4;0;0;0;0;0;0;0;0;0;0;0;100;0;100;0;100
20.03.2024;21:43;A 48;1;2;5;0;0;4;8;3;7;0;0;0;0;0;0;0;0;0;0;0;100;0;100;0;100
20.03.2024;21:42;A 48;1;2;4;3;6;9;15;4;5;0;0;0;0;0;0;0;0;0;0;0;100;0;100;0;100
20.03.2024;21:41;A 48;1;3;6;3;2;6;10;2;3;0;0;0;0;0;0;0;0;0;0;0;100;0;100;0;100
20.03.2024;21:40;A 48;1;4;14;7;8;4;11;1;4;0;0;0;0;0;0;0;0;0;0;0;100;0;100;0;100
20.03.2024;21:39;A 48;1;1;3;0;0;4;4;0;0;0;0;0;0;0;0;0;0;0;0;0;100;0;100;0;100
20.03.2024;21:38;A 48;1;3;6;0;0;4;5;0;0;0;0;0;0;0;0;0;0;0;0;0;100;0;100;0;100
20.03.2024;21:37;A 48;1;4;9;0;0;4;8;5;8;0;0;0;0;0;0;0;0;0;0;0;100;0;100;0;100
20.03.2024;21:36;A 48;1;1;5;2;4;2;7;1;3;0;0;0;0;0;0;0;0;0;0;0;100;0;100;0;100
20.03.2024;21:35;A 48;1;4;3;3;4;2;3;4;8;0;0;0;0;0;0;0;0;0;0;0;100;0;100;0;100
20.03.2024;21:34;A 48;1;1;4;0;0;9;59;2;9;1;8;0;0;0;0;0;0;0;0;0;100;0;100;0;100
20.03.2024;21:33;A 48;1;4;9;1;1;6;6;2;8;0;0;0;0;1;1;0;0;0;0;0;100;0;100;0;100
20.03.2024;21:32;A 48;1;4;11;2;1;2;3;3;5;0;0;0;0;0;0;0;0;0;0;0;100;0;100;0;100
20.03.2024;21:31;A 48;1;4;8;0;0;5;9;4;12;2;13;1;1;0;0;0;0;0;0;0;100;0;100;0;100
20.03.2024;21:30;A 48;1;3;17;0;0;10;13;1;3;0;0;0;0;0;0;0;0;0;0;0;100;0;100;0;100
20.03.2024;21:29;A 48;1;7;14;3;4;2;3;3;8;0;0;0;0;0;0;0;0;0;0;0;100;0;100;0;100
20.03.2024;21:28;A 48;1;2;6;2;2;0;0;0;0;0;0;0;0;0;0;0;0;0;0;0;100;0;100;0;100
20.03.2024;21:27;A 48;1;2;5;0;0;2;1;3;7;0;0;0;0;0;0;0;0;0;0;0;100;0;100;0;100
20.03.2024;21:26;A 48;1;2;8;0;0;2;3;2;3;0;0;0;0;0;0;0;0;0;0;0;100;0;100;0;100
20.03.2024;21:25;A 48;1;7;15;5;9;2;26;4;12;0;0;0;0;0;0;0;0;0;0;0;100;0;100;0;100
20.03.2024;21:24;A 48;1;2;12;0;0;8;28;3;33;0;0;0;0;1;1;0;0;0;0;0;100;0;100;0;100
20.03.2024;21:23;A 48;1;1;1;1;0;4;5;3;5;0;0;0;0;0;0;0;0;0;0;0;100;0;100;0;100
20.03.2024;21:22;A 48;1;3;10;0;0;5;11;2;9;0;0;0;0;0;0;0;0;0;0;0;100;0;100;0;100
20.03.2024;21:21;A 48;1;3;16;5;13;4;10;1;2;0;0;0;0;0;0;0;0;0;0;0;100;0;100;0;100
20.03.2024;21:20;A 48;1;2;2;3;4;7;16;2;8;0;0;0;0;0;0;0;0;0;0;0;100;0;100;0;100
20.03.2024;21:19;A 48;1;3;6;0;0;0;0;1;4;0;0;0;0;0;0;0;0;0;0;0;100;0;100;0;100
20.03.2024;21:18;A 48;1;2;2;0;0;2;2;2;2;0;0;0;0;0;0;0;0;0;0;0;100;0;100;0;100
20.03.2024;21:17;A 48;1;2;2;1;2;4;5;1;3;0;0;0;0;0;0;0;0;0;0;0;100;0;100;0;100
20.03.2024;21:16;A 48;1;3;9;0;0;1;8;0;0;0;0;0;0;0;0;0;0;0;0;0;100;0;100;0;100
20.03.2024;21:15;A 48;1;7;10;3;5;2;1;4;7;0;0;0;0;0;0;0;0;0;0;0;100;0;100;0;100
20.03.2024;21:14;A 48;1;2;2;3;3;3;5;3;16;0;0;0;0;0;0;0;0;0;0;0;100;0;100;0;100
20.03.2024;21:13;A 48;1;1;2;0;0;4;11;1;5;0;0;0;0;0;0;0;0;0;0;0;100;0;100;0;100
20.03.2024;21:12;A 48;1;5;11;0;0;4;16;1;3;0;0;0;0;0;0;0;0;0;0;0;100;0;100;0;100
20.03.2024;21:11;A 48;1;5;14;1;24;3;7;2;2;1;1;0;0;0;0;0;0;0;0;0;100;0;100;0;100
20.03.2024;21:10;A 48;1;5;17;1;1;6;10;3;10;1;13;0;0;0;0;1;1;0;0;0;100;0;100;0;100
20.03.2024;21:09;A 48;1;1;7;2;5;7;50;0;0;1;11;0;0;1;1;0;0;0;0;0;100;0;100;0;100
20.03.2024;21:08;A 48;1;6;12;0;0;0;0;0;0;0;2;0;0;0;0;0;0;0;0;0;100;0;100;0;100
20.03.2024;21:07;A 48;1;5;15;1;1;4;10;2;3;1;5;0;0;0;0;0;0;0;0;0;100;0;100;0;100
20.03.2024;21:06;A 48;1;3;7;0;0;2;2;1;4;0;0;0;0;0;0;0;0;0;0;0;100;0;100;0;100
20.03.2024;21:05;A 48;1;0;0;0;0;5;10;3;3;0;0;0;0;0;0;0;0;0;0;0;100;0;100;0;100
20.03.2024;21:04;A 48;1;3;7;0;0;2;6;2;14;0;5;0;0;0;0;0;0;0;0;0;100;0;100;0;100
20.03.2024;21:03;A 48;1;5;17;0;0;8;9;2;2;1;1;0;0;0;0;0;0;0;0;0;100;0;100;0;100
20.03.2024;21:02;A 48;1;3;10;0;0;1;5;2;2;0;0;0;0;0;0;0;0;0;0;0;100;0;100;0;100
20.03.2024;21:01;A 48;1;1;7;3;5;3;7;2;2;0;0;0;0;0;0;0;0;0;0;0;100;0;100;0;100
20.03.2024;21:00;A 48;1;2;4;0;0;3;6;1;4;0;0;0;0;0;0;0;0;0;0;0;100;0;100;0;100
20.03.2024;20:59;A 48;1;5;13;2;2;4;6;2;3;0;0;0;0;0;0;0;0;0;0;0;100;0;100;0;100
20.03.2024;20:58;A 48;1;4;10;0;0;4;4;3;5;0;0;0;0;0;0;0;0;0;0;0;100;0;100;0;100
20.03.2024;20:57;A 48;1;1;6;0;0;7;9;1;2;0;0;0;0;0;0;0;0;0;0;0;100;0;100;0;100
20.03.2024;20:56;A 48;1;1;2;1;3;2;2;4;4;0;0;0;0;0;0;0;0;0;0;0;100;0;100;0;100
20.03.2024;20:55;A 48;1;1;3;6;5;2;2;2;1;0;0;0;0;0;0;0;0;0;0;0;100;0;100;0;100
20.03.2024;20:54;A 48;1;0;0;5;8;4;5;2;9;0;0;0;0;0;0;0;0;0;0;0;100;0;100;0;100
20.03.2024;20:53;A 48;1;5;13;0;0;6;10;2;3;0;0;0;0;0;0;0;0;0;0;0;100;0;100;0;100
20.03.2024;20:52;A 48;1;4;10;0;0;1;3;1;3;0;0;0;0;0;0;0;0;0;0;0;100;0;100;0;100
20.03.2024;20:51;A 48;1;3;44;2;28;6;11;0;0;1;8;3;5;0;0;0;0;0;0;0;100;0;100;0;100
20.03.2024;20:50;A 48;1;2;7;2;4;1;3;1;3;0;0;0;0;0;0;0;0;0;0;0;100;0;100;0;100
20.03.2024;20:49;A 48;1;1;2;0;0;2;2;4;4;0;0;0;0;0;0;0;0;0;0;0;100;0;100;0;100
20.03.2024;20:48;A 48;1;2;7;0;0;3;38;6;21;0;0;0;0;0;0;0;0;0;0;0;100;0;100;0;100
20.03.2024;20:47;A 48;1;1;2;0;0;2;19;1;12;0;0;0;0;0;0;0;0;0;0;0;100;0;100;0;100
20.03.2024;20:46;A 48;1;4;10;3;5;6;8;2;3;0;0;0;0;0;0;0;0;0;0;0;100;0;100;0;100
20.03.2024;20:45;A 48;1;2;10;0;0;1;2;5;9;0;0;0;0;0;0;0;0;0;0;0;100;0;100;0;100
20.03.2024;20:44;A 48;1;4;20;1;2;7;11;4;4;0;0;0;0;0;0;0;0;0;0;0;100;0;100;0;100
20.03.2024;20:43;A 48;1;3;10;0;0;4;5;0;0;0;0;0;0;0;0;0;0;0;0;0;100;0;100;0;100
20.03.2024;20:42;A 48;1;1;3;0;0;6;15;3;8;0;0;0;0;0;0;0;0;0;0;0;100;0;100;0;100
20.03.2024;20:41;A 48;1;4;15;3;5;3;4;2;6;0;0;0;0;0;0;0;0;0;0;0;100;0;100;0;100
20.03.2024;20:40;A 48;1;1;2;0;0;1;4;3;7;0;0;0;0;0;0;0;0;0;0;0;100;0;100;0;100
20.03.2024;20:39;A 48;1;1;3;0;0;5;7;1;1;0;0;0;0;0;0;0;0;0;0;0;100;0;100;0;100
20.03.2024;20:38;A 48;1;4;8;2;2;4;6;4;7;0;0;0;0;0;0;0;0;0;0;0;100;0;100;0;100
20.03.2024;20:37;A 48;1;2;5;1;0;4;5;1;2;0;0;0;0;0;0;0;0;0;0;0;100;0;100;0;100
20.03.2024;20:36;A 48;1;1;0;3;4;3;7;2;2;0;0;0;0;0;0;0;0;0;0;0;100;0;100;0;100
20.03.2024;20:35;A 48;1;3;9;2;16;7;8;3;4;0;0;0;0;0;0;0;0;0;0;0;100;0;100;0;100
20.03.2024;20:34;A 48;1;3;6;1;2;6;8;3;10;0;0;0;0;0;0;0;0;0;0;0;100;0;100;0;100
20.03.2024;20:33;A 48;1;1;6;0;0;6;14;2;14;0;0;0;0;0;0;0;0;0;0;0;100;0;100;0;100
20.03.2024;20:32;A 48;1;1;2;0;0;1;3;1;2;0;0;0;0;0;0;0;0;0;0;0;100;0;100;0;100
20.03.2024;20:31;A 48;1;1;5;2;2;9;13;4;4;0;0;0;0;0;0;0;0;0;0;0;100;0;100;0;100
20.03.2024;20:30;A 48;1;9;22;8;18;4;7;2;2;0;0;0;0;0;0;0;0;0;0;0;100;0;100;0;100
20.03.2024;20:29;A 48;1;4;7;4;11;1;3;3;8;0;0;0;0;0;0;0;0;0;0;0;100;0;100;0;100
20.03.2024;20:28;A 48;1;5;12;1;2;5;6;3;6;0;0;0;0;0;0;0;0;0;0;0;100;0;100;0;100
20.03.2024;20:27;A 48;1;1;2;2;2;2;2;5;8;0;0;0;0;0;0;0;0;0;0;0;100;0;100;0;100
20.03.2024;20:26;A 48;1;6;18;4;5;3;3;6;13;0;0;0;0;0;0;0;0;0;0;0;100;0;100;0;100
20.03.2024;20:25;A 48;1;4;8;4;4;7;12;1;2;0;0;0;0;0;0;0;0;0;0;0;100;0;100;0;100
20.03.2024;20:24;A 48;1;6;11;3;6;2;2;2;3;0;0;0;0;0;0;0;0;0;0;0;100;0;100;0;100
20.03.2024;20:23;A 48;1;3;6;3;7;6;12;3;8;0;0;0;0;0;0;0;0;0;0;0;100;0;100;0;100
20.03.2024;20:22;A 48;1;3;7;1;2;5;9;1;3;1;11;0;0;0;0;0;0;0;0;0;100;0;100;0;100
20.03.2024;20:21;A 48;1;3;17;0;0;2;1;3;12;1;16;0;0;0;0;0;0;1;1;0;100;0;100;0;100
20.03.2024;20:20;A 48;1;5;17;3;26;2;5;5;9;0;0;0;0;1;1;0;0;0;0;0;100;0;100;0;100
20.03.2024;20:19;A 48;1;1;6;4;13;5;10;0;0;1;6;0;0;1;1;0;0;1;1;0;100;0;100;0;100
20.03.2024;20:18;A 48;1;2;6;0;0;2;3;2;14;0;0;0;0;0;0;0;0;0;0;0;100;0;100;0;100
20.03.2024;20:17;A 48;1;2;4;2;2;3;58;8;40;1;19;0;0;0;0;0;0;0;0;0;100;0;100;0;100
20.03.2024;20:16;A 48;1;4;15;1;2;5;64;10;22;1;9;0;0;1;1;0;0;0;0;0;100;0;100;0;100
20.03.2024;20:15;A 48;1;5;27;2;1;0;0;0;0;0;0;0;0;1;1;0;0;1;1;0;100;0;100;0;100
20.03.2024;20:14;A 48;1;5;11;0;0;4;6;2;7;0;0;0;0;0;0;0;0;0;0;0;100;0;100;0;100
20.03.2024;20:13;A 48;1;2;6;4;7;8;13;3;8;1;9;0;0;0;0;0;0;0;0;0;100;0;100;0;100
20.03.2024;20:12;A 48;1;5;12;2;4;6;14;2;2;0;0;0;0;0;0;0;0;0;0;0;100;0;100;0;100
20.03.2024;20:11;A 48;1;1;12;0;9;2;2;0;0;0;0;0;0;0;0;0;0;0;0;0;100;0;100;0;100
20.03.2024;20:10;A 48;1;5;11;3;9;6;7;7;14;0;0;0;0;0;0;0;0;0;0;0;100;0;100;0;100
20.03.2024;20:09;A 48;1;5;12;1;7;3;4;2;3;0;3;0;0;0;0;0;0;0;0;0;100;0;100;0;100
20.03.2024;20:08;A 48;1;2;7;0;0;6;14;3;7;1;2;0;0;1;1;0;0;0;0;0;100;0;100;0;100
20.03.2024;20:07;A 48;1;4;13;2;7;9;16;1;8;0;0;0;0;0;0;0;0;0;0;0;100;0;100;0;100
20.03.2024;20:06;A 48;1;2;6;2;8;7;9;4;5;0;0;0;0;0;0;0;0;0;0;0;100;0;100;0;100
20.03.2024;20:05;A 48;1;3;10;3;5;9;15;1;2;0;0;0;0;0;0;0;0;0;0;0;100;0;100;0;100
20.03.2024;20:04;A 48;1;5;19;3;6;4;14;2;1;0;0;0;0;0;0;0;0;0;0;0;100;0;100;0;100
20.03.2024;20:03;A 48;1;4;11;1;4;6;51;0;0;1;10;0;0;0;0;1;1;0;0;0;100;0;100;0;100
20.03.2024;20:02;A 48;1;3;21;5;9;2;6;0;0;0;0;0;0;0;0;0;0;0;0;0;100;0;100;0;100
20.03.2024;20:01;A 48;1;10;23;4;8;7;14;0;0;0;0;0;0;0;0;0;0;0;0;0;100;0;100;0;100
20.03.2024;20:00;A 48;1;3;40;4;11;5;9;2;6;0;0;0;0;0;0;0;0;0;0;0;100;0;100;0;100
20.03.2024;19:59;A 48;1;5;51;1;2;1;7;2;3;1;11;1;1;0;0;0;0;0;0;0;100;0;100;0;100
20.03.2024;19:58;A 48;1;1;3;1;0;6;6;5;8;0;0;0;0;0;0;0;0;0;0;0;100;0;100;0;100
20.03.2024;19:57;A 48;1;5;14;4;8;5;6;1;2;0;0;0;0;0;0;0;0;0;0;0;100;0;100;0;100
20.03.2024;19:56;A 48;1;1;20;1;22;10;13;5;12;0;0;0;0;0;0;0;0;0;0;0;100;0;100;0;100
20.03.2024;19:55;A 48;1;5;10;2;4;7;15;6;17;1;12;0;0;0;0;1;1;0;0;0;100;0;100;0;100
20.03.2024;19:54;A 48;1;3;14;2;3;0;0;1;2;0;0;0;0;0;0;0;0;0;0;0;100;0;100;0;100
20.03.2024;19:53;A 48;1;4;7;6;11;1;39;4;24;1;7;0;0;1;1;0;0;1;1;0;100;0;100;0;100
20.03.2024;19:52;A 48;1;4;16;1;4;6;12;6;21;0;0;0;0;0;0;0;0;0;0;0;100;0;100;0;100
20.03.2024;19:51;A 48;1;3;8;4;12;2;2;4;15;0;0;0;0;0;0;0;0;0;0;0;100;0;100;0;100
20.03.2024;19:50;A 48;1;2;6;0;0;5;7;6;13;0;0;0;0;0;0;0;0;0;0;0;100;0;100;0;100
20.03.2024;19:49;A 48;1;3;7;3;7;2;5;4;29;0;0;0;0;0;0;0;0;0;0;0;100;0;100;0;100
20.03.2024;19:48;A 48;1;4;15;5;9;1;42;0;0;1;8;0;0;1;1;0;0;0;0;0;100;0;100;0;100
20.03.2024;19:47;A 48;1;4;5;2;4;3;7;1;3;0;0;0;0;0;0;0;0;0;0;0;100;0;100;0;100
20.03.2024;19:46;A 48;1;3;14;2;6;5;6;2;2;0;0;0;0;0;0;0;0;0;0;0;100;0;100;0;100
20.03.2024;19:45;A 48;1;0;50;5;28;4;6;1;2;1;10;0;0;0;0;0;0;0;0;0;100;0;100;0;100
20.03.2024;19:44;A 48;1;2;10;6;9;2;2;2;3;0;0;0;0;1;1;0;0;0;0;0;100;0;100;0;100
20.03.2024;19:43;A 48;1;3;7;1;11;6;12;2;5;0;0;0;0;0;0;0;0;0;0;0;100;0;100;0;100
20.03.2024;19:42;A 48;1;6;10;3;8;0;0;1;4;0;0;0;0;0;0;0;0;0;0;0;100;0;100;0;100
20.03.2024;19:41;A 48;1;4;10;6;10;9;12;3;11;0;0;0;0;0;0;0;0;0;0;0;100;0;100;0;100
20.03.2024;19:40;A 48;1;1;9;0;0;3;10;3;8;0;0;0;0;0;0;0;0;0;0;0;100;0;100;0;100
20.03.2024;19:39;A 48;1;6;23;2;1;1;1;2;10;0;0;0;0;0;0;0;0;0;0;0;100;0;100;0;100
20.03.2024;19:38;A 48;1;4;7;2;2;6;10;4;11;0;0;0;0;0;0;0;0;0;0;0;100;0;100;0;100
20.03.2024;19:37;A 48;1;2;2;2;4;1;16;4;8;0;0;0;0;0;0;0;0;0;0;0;100;0;100;0;100
20.03.2024;19:36;A 48;1;0;0;0;32;2;50;4;9;1;15;0;0;1;1;0;0;0;0;0;100;0;100;0;100
20.03.2024;19:35;A 48;1;8;29;9;16;3;5;3;8;1;11;1;1;0;0;1;1;0;0;0;100;0;100;0;100
20.03.2024;19:34;A 48;1;1;6;1;2;6;7;4;14;0;0;0;0;0;0;0;0;0;0;0;100;0;100;0;100
20.03.2024;19:33;A 48;1;5;22;5;10;4;5;5;7;0;0;0;0;0;0;0;0;0;0;0;100;0;100;0;100
20.03.2024;19:32;A 48;1;1;5;0;0;6;8;8;11;0;0;0;0;0;0;0;0;0;0;0;100;0;100;0;100
20.03.2024;19:31;A 48;1;0;0;1;2;12;32;3;12;0;0;0;0;0;0;0;0;0;0;0;100;0;100;0;100
20.03.2024;19:30;A 48;1;3;58;2;31;1;8;3;6;1;18;0;0;0;0;1;1;0;0;0;100;0;100;0;100
20.03.2024;19:29;A 48;1;1;2;1;4;10;14;1;16;0;0;0;0;0;0;0;0;0;0;0;100;0;100;0;100
20.03.2024;19:28;A 48;1;6;12;0;0;0;21;2;5;0;0;0;0;0;0;0;0;0;0;0;100;0;100;0;100
20.03.2024;19:27;A 48;1;3;3;0;0;8;31;3;7;2;23;0;0;0;0;1;1;0;0;0;100;0;100;0;100
20.03.2024;19:26;A 48;1;8;24;1;4;5;42;8;22;0;0;0;0;1;1;0;0;0;0;0;100;0;100;0;100
20.03.2024;19:25;A 48;1;5;12;0;0;7;16;4;65;1;12;0;0;0;0;0;0;1;1;0;100;0;100;0;100
20.03.2024;19:24;A 48;1;2;10;1;5;0;0;3;6;1;12;0;0;0;0;0;0;0;0;0;100;0;100;0;100
20.03.2024;19:23;A 48;1;4;13;0;0;4;6;9;24;0;0;0;0;0;0;0;0;1;1;0;100;0;100;0;100
20.03.2024;19:22;A 48;1;2;5;6;9;8;9;5;4;0;0;0;0;0;0;0;0;0;0;0;100;0;100;0;100
20.03.2024;19:21;A 48;1;5;12;3;6;2;2;1;2;0;0;0;0;0;0;0;0;0;0;0;100;0;100;0;100
20.03.2024;19:20;A 48;1;5;17;0;0;11;20;9;27;0;0;0;0;0;0;0;0;0;0;0;100;0;100;0;100
20.03.2024;19:19;A 48;1;4;13;2;2;1;38;5;17;1;7;1;1;0;0;0;0;0;0;0;100;0;100;0;100
20.03.2024;19:18;A 48;1;0;0;3;4;1;17;3;9;0;0;0;0;0;0;0;0;0;0;0;100;0;100;0;100
20.03.2024;19:17;A 48;1;9;22;1;0;10;16;3;12;0;0;0;0;0;0;0;0;0;0;0;100;0;100;0;100
20.03.2024;19:16;A 48;1;5;10;0;0;5;14;4;7;0;0;0;0;0;0;0;0;0;0;0;100;0;100;0;100
20.03.2024;19:15;A 48;1;7;39;4;28;4;11;2;4;1;5;0;0;2;3;0;0;1;1;0;100;0;100;0;100
20.03.2024;19:14;A 48;1;1;66;2;45;9;25;5;9;1;13;0;0;2;3;0;0;0;0;0;100;0;100;0;100
20.03.2024;19:13;A 48;1;3;47;2;6;1;24;7;25;1;19;0;0;0;0;0;0;1;1;0;100;0;100;0;100
20.03.2024;19:12;A 48;1;5;16;0;0;1;32;4;11;0;0;2;3;0;0;2;3;0;0;0;100;0;100;0;100
20.03.2024;19:11;A 48;1;7;13;2;2;19;30;7;21;0;0;1;1;0;0;1;1;0;0;0;100;0;100;0;100
20.03.2024;19:10;A 48;1;5;65;0;0;3;15;1;7;1;13;0;0;0;0;0;0;1;1;0;100;0;100;0;100
20.03.2024;19:09;A 48;1;2;8;2;8;8;14;0;0;1;7;0;0;0;0;0;0;0;0;0;100;0;100;0;100
20.03.2024;19:08;A 48;1;9;12;1;1;9;29;1;6;0;0;0;0;0;0;0;0;0;0;0;100;0;100;0;100
20.03.2024;19:07;A 48;1;8;21;2;14;4;15;2;4;1;7;0;0;0;0;0;0;0;0;0;100;0;100;0;100
20.03.2024;19:06;A 48;1;7;31;6;27;3;16;5;32;0;0;1;1;0;0;0;0;0;0;0;100;0;100;0;100
20.03.2024;19:05;A 48;1;2;5;0;0;7;33;3;8;0;0;0;0;0;0;0;0;0;0;0;100;0;100;0;100
20.03.2024;19:04;A 48;1;3;14;6;49;2;74;2;54;1;3;1;1;0;0;1;1;0;0;0;100;0;100;0;100
20.03.2024;19:03;A 48;1;6;12;4;48;0;0;2;6;1;5;0;0;0;0;0;0;0;0;0;100;0;100;0;100
20.03.2024;19:02;A 48;1;3;32;6;30;4;67;3;54;1;12;0;0;0;0;0;0;1;1;0;100;0;100;0;100
20.03.2024;19:01;A 48;1;4;15;0;0;6;59;8;53;0;0;1;1;0;0;0;0;0;0;0;100;0;100;0;100
20.03.2024;19:00;A 48;1;1;3;1;10;5;32;2;15;1;10;0;0;0;0;0;0;0;0;0;100;0;100;0;100
20.03.2024;18:59;A 48;1;4;27;1;77;8;36;8;33;0;0;1;1;0;0;0;0;0;0;0;100;0;100;0;100
20.03.2024;18:58;A 48;1;2;7;0;0;0;0;1;45;1;7;0;0;0;0;0;0;0;0;0;100;0;100;0;100
20.03.2024;18:57;A 48;1;1;45;3;27;2;18;1;7;0;0;0;0;1;1;0;0;0;0;0;100;0;100;0;100
20.03.2024;18:56;A 48;1;1;10;0;0;4;21;6;49;0;5;0;0;0;0;0;0;1;1;0;100;0;100;0;100
20.03.2024;18:55;A 48;1;6;36;4;21;1;36;2;38;1;4;1;1;0;0;0;0;0;0;0;100;0;100;0;100
20.03.2024;18:54;A 48;1;2;19;3;7;3;33;3;24;2;20;0;0;1;1;0;0;0;0;0;100;0;100;0;100
20.03.2024;18:53;A 48;1;6;58;2;31;3;44;2;31;1;13;1;1;3;5;1;1;0;0;0;100;0;100;0;100
20.03.2024;18:52;A 48;1;3;22;0;0;2;53;1;55;1;6;0;0;0;0;0;0;0;0;0;100;0;100;0;100
20.03.2024;18:51;A 48;1;5;52;4;11;3;17;1;3;1;16;0;0;0;0;0;0;1;1;0;100;0;100;0;100
20.03.2024;18:50;A 48;1;4;16;2;9;2;47;4;23;0;0;0;0;0;0;0;0;1;1;0;100;0;100;0;100
20.03.2024;18:49;A 48;1;3;51;2;4;1;45;1;48;0;5;0;0;0;0;0;0;0;0;0;100;0;100;0;100
20.03.2024;18:48;A 48;1;9;37;5;33;3;17;1;3;1;2;0;0;1;1;0;0;0;0;0;100;0;100;0;100
20.03.2024;18:47;A 48;1;4;16;1;8;8;32;3;16;0;0;0;0;0;0;0;0;0;0;0;100;0;100;0;100
20.03.2024;18:46;A 48;1;2;15;2;7;4;23;1;8;1;15;2;3;0;0;0;0;0;0;0;100;0;100;0;100
20.03.2024;18:45;A 48;1;5;27;2;6;2;48;4;18;0;0;0;0;0;0;0;0;0;0;0;100;0;100;0;100
20.03.2024;18:44;A 48;1;4;28;2;19;4;46;4;16;0;0;0;0;0;0;0;0;0;0;0;100;0;100;0;100
20.03.2024;18:43;A 48;1;6;37;3;9;7;33;3;24;1;9;1;1;0;0;0;0;0;0;0;100;0;100;0;100
20.03.2024;18:42;A 48;1;4;54;1;3;4;22;1;2;0;0;0;0;0;0;0;0;0;0;0;100;0;100;0;100
20.03.2024;18:41;A 48;1;2;50;2;53;3;34;2;16;1;9;0;0;0;0;0;0;0;0;0;100;0;100;0;100
20.03.2024;18:40;A 48;1;3;17;6;38;4;39;2;37;0;0;0;0;1;1;0;0;0;0;0;100;0;100;0;100
20.03.2024;18:39;A 48;1;8;53;4;27;2;11;2;22;1;10;0;0;0;0;0;0;0;0;0;100;0;100;0;100
20.03.2024;18:38;A 48;1;5;21;1;3;5;35;5;48;1;10;0;0;1;1;0;0;1;1;0;100;0;100;0;100
20.03.2024;18:37;A 48;1;4;50;4;15;0;89;1;53;1;22;0;0;0;0;0;0;1;1;0;100;0;100;0;100
20.03.2024;18:36;A 48;1;3;23;4;14;2;14;1;2;1;11;0;0;1;1;0;0;1;1;0;100;0;100;0;100
20.03.2024;18:35;A 48;1;7;27;2;11;3;18;7;24;0;0;0;0;1;1;0;0;0;0;0;100;0;100;0;100
20.03.2024;18:34;A 48;1;2;12;3;8;3;53;3;16;1;6;1;1;0;0;0;0;0;0;0;100;0;100;0;100
20.03.2024;18:33;A 48;1;3;34;1;2;3;32;3;33;1;6;0;0;0;0;0;0;0;0;0;100;0;100;0;100
20.03.2024;18:32;A 48;1;2;24;1;1;2;72;5;45;1;14;1;1;0;0;4;6;0;0;0;100;0;100;0;100
20.03.2024;18:31;A 48;1;6;27;2;7;4;23;3;12;0;0;0;0;0;0;0;0;0;0;0;100;0;100;0;100
20.03.2024;18:30;A 48;1;1;8;0;0;1;4;1;3;1;14;0;0;0;0;0;0;0;0;0;100;0;100;0;100
20.03.2024;18:29;A 48;1;6;20;3;5;6;24;2;6;0;0;0;0;0;0;0;0;1;1;0;100;0;100;0;100
20.03.2024;18:28;A 48;1;1;31;1;36;3;61;3;52;2;13;0;0;0;0;0;0;0;0;0;100;0;100;0;100
20.03.2024;18:27;A 48;1;4;12;2;6;2;11;2;9;1;3;0;0;1;1;0;0;3;5;0;100;0;100;0;100
20.03.2024;18:26;A 48;1;3;55;3;26;7;37;4;36;1;11;0;0;1;1;0;0;0;0;0;100;0;100;0;100
20.03.2024;18:25;A 48;1;0;0;1;2;2;81;1;20;2;14;0;0;1;1;0;0;0;0;0;100;0;100;0;100
20.03.2024;18:24;A 48;1;12;45;9;33;2;26;1;15;0;0;0;0;1;1;0;0;2;3;0;100;0;100;0;100
20.03.2024;18:23;A 48;1;1;10;1;3;2;46;1;50;1;6;0;0;2;3;0;0;4;6;0;100;0;100;0;100
20.03.2024;18:22;A 48;1;10;52;5;34;4;52;2;27;0;0;0;0;0;0;0;0;0;0;0;100;0;100;0;100
20.03.2024;18:21;A 48;1;0;0;0;0;4;15;4;21;1;4;0;0;0;0;0;0;1;1;0;100;0;100;0;100
20.03.2024;18:20;A 48;1;6;23;6;14;6;32;4;17;0;0;0;0;0;0;0;0;0;0;0;100;0;100;0;100
20.03.2024;18:19;A 48;1;2;19;1;3;5;21;2;14;2;9;0;0;1;1;0;0;0;0;0;100;0;100;0;100
20.03.2024;18:18;A 48;1;6;34;3;9;2;73;0;36;0;0;0;0;0;0;0;0;0;0;0;100;0;100;0;100
20.03.2024;18:17;A 48;1;8;48;5;27;2;73;4;25;1;11;0;0;1;1;0;0;1;1;0;100;0;100;0;100
20.03.2024;18:16;A 48;1;7;23;2;12;6;49;5;17;0;0;1;1;0;0;0;0;0;0;0;100;0;100;0;100
20.03.2024;18:15;A 48;1;5;66;5;49;3;30;1;14;1;6;1;1;0;0;0;0;0;0;0;100;0;100;0;100
20.03.2024;18:14;A 48;1;4;50;3;35;5;49;7;27;0;0;0;0;0;0;0;0;0;0;0;100;0;100;0;100
20.03.2024;18:13;A 48;1;6;44;5;15;6;26;1;7;2;9;0;0;1;1;0;0;0;0;0;100;0;100;0;100
20.03.2024;18:12;A 48;1;3;9;1;5;6;21;4;11;0;0;0;0;0;0;0;0;0;0;0;100;0;100;0;100
20.03.2024;18:11;A 48;1;4;63;6;26;9;51;3;16;0;0;0;0;0;0;0;0;0;0;0;100;0;100;0;100
20.03.2024;18:10;A 48;1;4;38;0;0;4;58;2;45;1;13;0;0;0;0;1;1;0;0;0;100;0;100;0;100
20.03.2024;18:09;A 48;1;1;31;2;16;5;43;1;35;1;12;1;1;0;0;0;0;0;0;0;100;0;100;0;100
20.03.2024;18:08;A 48;1;4;13;2;9;4;56;2;55;1;13;0;0;1;1;0;0;0;0;0;100;0;100;0;100
20.03.2024;18:07;A 48;1;8;29;2;5;3;22;2;10;0;0;0;0;0;0;0;0;0;0;0;100;0;100;0;100
20.03.2024;18:06;A 48;1;1;85;5;57;4;23;3;17;1;10;0;0;0;0;1;1;0;0;0;100;0;100;0;100
20.03.2024;18:05;A 48;1;2;36;3;55;5;64;6;44;1;12;1;1;0;0;0;0;0;0;0;100;0;100;0;100
20.03.2024;18:04;A 48;1;10;40;3;10;6;40;5;17;1;12;0;0;1;1;0;0;0;0;0;100;0;100;0;100
20.03.2024;18:03;A 48;1;5;20;4;15;1;22;2;11;1;9;1;1;0;0;0;0;0;0;0;100;0;100;0;100
20.03.2024;18:02;A 48;1;5;24;2;6;6;25;4;17;0;0;1;1;0;0;0;0;0;0;0;100;0;100;0;100
20.03.2024;18:01;A 48;1;0;1;1;19;8;30;1;6;0;0;0;0;0;0;0;0;0;0;0;100;0;100;0;100
20.03.2024;18:00;A 48;1;10;40;2;6;4;22;2;7;0;0;0;0;0;0;0;0;0;0;0;100;0;100;0;100
20.03.2024;17:59;A 48;1;2;12;2;46;4;69;2;68;1;12;0;0;1;1;0;0;1;1;0;100;0;100;0;100
20.03.2024;17:58;A 48;1;9;48;4;17;1;67;1;58;0;4;0;0;0;0;0;0;0;0;0;100;0;100;0;100
20.03.2024;17:57;A 48;1;4;43;1;2;1;78;2;61;1;10;0;0;0;0;1;1;0;0;0;100;0;100;0;100
20.03.2024;17:56;A 48;1;5;25;5;18;5;47;3;26;1;4;0;0;1;1;0;0;1;1;0;100;0;100;0;100
20.03.2024;17:55;A 48;1;1;4;1;6;2;44;1;6;0;0;0;0;0;0;0;0;0;0;0;100;0;100;0;100
20.03.2024;17:54;A 48;1;4;26;5;13;3;52;3;51;0;0;0;0;0;0;0;0;0;0;0;100;0;100;0;100
20.03.2024;17:53;A 48;1;2;33;2;65;3;66;4;33;2;16;0;0;1;1;0;0;0;0;0;100;0;100;0;100
20.03.2024;17:52;A 48;1;4;25;3;14;5;37;4;24;0;0;0;0;0;0;0;0;1;1;0;100;0;100;0;100
20.03.2024;17:51;A 48;1;4;42;2;21;3;33;3;37;0;0;0;0;0;0;0;0;0;0;0;100;0;100;0;100
20.03.2024;17:50;A 48;1;2;27;3;18;5;49;5;34;1;11;1;1;0;0;0;0;0;0;0;100;0;100;0;100
20.03.2024;17:49;A 48;1;8;38;5;14;0;42;2;36;0;0;0;0;0;0;0;0;0;0;0;100;0;100;0;100
20.03.2024;17:48;A 48;1;1;42;5;42;1;66;2;25;2;22;0;0;1;1;0;0;0;0;0;100;0;100;0;100
20.03.2024;17:47;A 48;1;5;45;3;9;2;57;2;39;1;22;0;0;3;5;0;0;4;6;0;100;0;100;0;100
20.03.2024;17:46;A 48;1;5;21;3;7;2;91;3;37;0;0;0;0;2;3;0;0;0;0;0;100;0;100;0;100
20.03.2024;17:45;A 48;1;3;23;2;13;4;40;2;50;0;0;0;0;1;1;0;0;0;0;0;100;0;100;0;100
20.03.2024;17:44;A 48;1;2;48;2;20;6;83;3;13;1;8;0;0;0;0;0;0;0;0;0;100;0;100;0;100
20.03.2024;17:43;A 48;1;5;19;2;7;2;60;1;9;1;6;0;0;1;1;0;0;1;1;0;100;0;100;0;100
20.03.2024;17:42;A 48;1;7;21;4;9;5;22;4;13;0;0;1;1;0;0;0;0;0;0;0;100;0;100;0;100
20.03.2024;17:41;A 48;1;6;43;1;2;8;32;3;13;0;0;0;0;0;0;0;0;0;0;0;100;0;100;0;100
20.03.2024;17:40;A 48;1;5;66;2;10;6;37;4;21;1;13;0;0;4;6;0;0;4;6;0;100;0;100;0;100
20.03.2024;17:39;A 48;1;4;13;2;8;7;28;2;9;1;6;0;0;0;0;0;0;0;0;0;100;0;100;0;100
20.03.2024;17:38;A 48;1;6;11;3;9;10;38;5;12;0;0;0;0;0;0;1;1;0;0;0;100;0;100;0;100
20.03.2024;17:37;A 48;1;1;39;2;7;2;37;2;27;1;6;1;1;0;0;0;0;0;0;0;100;0;100;0;100
20.03.2024;17:36;A 48;1;8;46;4;15;2;40;1;19;1;9;0;0;0;0;0;0;0;0;0;100;0;100;0;100
20.03.2024;17:35;A 48;1;3;16;1;2;5;56;3;59;2;16;1;1;0;0;0;0;1;1;0;100;0;100;0;100
20.03.2024;17:34;A 48;1;6;25;4;12;1;41;0;34;0;0;0;0;0;0;0;0;0;0;0;100;0;100;0;100
20.03.2024;17:33;A 48;1;1;42;3;31;2;52;1;54;1;5;0;0;0;0;1;1;0;0;0;100;0;100;0;100
20.03.2024;17:32;A 48;1;3;14;0;0;5;32;4;36;1;7;1;1;0;0;1;1;0;0;0;100;0;100;0;100
20.03.2024;17:31;A 48;1;6;28;7;29;3;37;5;11;0;0;0;0;0;0;0;0;0;0;0;100;0;100;0;100
20.03.2024;17:30;A 48;1;5;32;2;31;3;45;2;19;1;10;0;0;4;6;0;0;1;1;0;100;0;100;0;100
20.03.2024;17:29;A 48;1;2;70;4;43;2;46;4;82;1;6;0;0;5;8;0;0;3;5;0;100;0;100;0;100
20.03.2024;17:28;A 48;1;3;12;3;9;3;39;6;48;1;16;0;0;0;0;0;0;0;0;0;100;0;100;0;100
20.03.2024;17:27;A 48;1;6;60;5;39;0;91;1;50;1;2;1;1;1;1;0;0;0;0;0;100;0;100;0;100
20.03.2024;17:26;A 48;1;2;49;1;8;1;97;2;94;0;0;0;0;2;3;0;0;1;1;0;100;0;100;0;100
20.03.2024;17:25;A 48;1;6;54;1;36;0;100;0;100;1;16;1;1;0;0;1;1;0;0;0;100;0;100;0;100
20.03.2024;17:24;A 48;1;4;22;4;9;1;99;4;48;0;0;1;1;0;0;6;10;0;0;0;100;0;100;0;100
20.03.2024;17:23;A 48;1;3;53;1;41;0;100;0;100;2;21;0;0;1;1;0;0;2;3;0;100;0;100;0;100
20.03.2024;17:22;A 48;1;10;39;4;11;0;100;3;86;1;1;1;1;0;0;1;1;2;3;0;100;0;100;0;100
20.03.2024;17:21;A 48;1;5;17;1;3;0;100;6;43;0;0;0;0;0;0;0;0;0;0;0;100;0;100;0;100
20.03.2024;17:20;A 48;1;5;19;1;3;1;86;4;15;1;8;1;1;0;0;0;0;0;0;0;100;0;100;0;100
20.03.2024;17:19;A 48;1;3;11;1;2;2;97;5;19;1;2;0;0;0;0;0;0;0;0;0;100;0;100;0;100
20.03.2024;17:18;A 48;1;5;13;1;6;2;52;0;0;0;0;0;0;0;0;0;0;0;0;0;100;0;100;0;100
20.03.2024;17:17;A 48;1;2;6;3;7;2;65;1;61;1;22;0;0;0;0;1;1;0;0;0;100;0;100;0;100
20.03.2024;17:16;A 48;1;7;21;0;9;3;63;3;14;0;0;0;0;0;0;0;0;0;0;0;100;0;100;0;100
20.03.2024;17:15;A 48;1;0;0;2;33;7;33;2;8;0;0;0;0;0;0;0;0;0;0;0;100;0;100;0;100
20.03.2024;17:14;A 48;1;9;31;4;13;3;57;7;32;1;1;0;0;0;0;0;0;0;0;0;100;0;100;0;100
20.03.2024;17:13;A 48;1;7;22;2;7;4;43;5;23;0;0;0;0;0;0;0;0;0;0;0;100;0;100;0;100
20.03.2024;17:12;A 48;1;5;66;3;13;5;32;0;0;1;7;0;0;0;0;0;0;0;0;0;100;0;100;0;100
20.03.2024;17:11;A 48;1;2;4;2;11;4;70;4;45;1;14;1;1;0;0;0;0;1;1;0;100;0;100;0;100
20.03.2024;17:10;A 48;1;6;42;2;20;1;99;8;62;0;0;1;1;0;0;0;0;0;0;0;100;0;100;0;100
20.03.2024;17:09;A 48;1;7;60;4;36;3;31;3;19;1;20;0;0;0;0;0;0;0;0;0;100;0;100;0;100
20.03.2024;17:08;A 48;1;2;7;2;5;5;64;6;42;2;9;0;0;0;0;2;3;0;0;0;100;0;100;0;100
20.03.2024;17:07;A 48;1;8;65;2;9;9;31;5;23;0;0;2;3;0;0;2;3;0;0;0;100;0;100;0;100
20.03.2024;17:06;A 48;1;7;27;2;6;3;12;3;10;1;16;0;0;0;0;0;0;0;0;0;100;0;100;0;100
20.03.2024;17:05;A 48;1;9;38;2;6;10;47;5;19;0;0;1;1;0;0;0;0;0;0;0;100;0;100;0;100
20.03.2024;17:04;A 48;1;4;16;4;9;5;71;4;38;2;12;1;1;0;0;0;0;0;0;0;100;0;100;0;100
20.03.2024;17:03;A 48;1;5;70;6;66;5;60;2;16;1;13;0;0;0;0;0;0;0;0;0;100;0;100;0;100
20.03.2024;17:02;A 48;1;4;17;0;0;3;26;3;37;1;15;0;0;2;3;0;0;1;1;0;100;0;100;0;100
20.03.2024;17:01;A 48;1;8;45;3;12;3;75;2;51;0;0;0;0;0;0;0;0;0;0;0;100;0;100;0;100
20.03.2024;17:00;A 48;1;7;34;1;1;7;36;4;15;0;0;0;0;1;1;0;0;1;1;0;100;0;100;0;100
20.03.2024;16:59;A 48;1;4;21;3;13;6;40;5;38;1;14;2;3;0;0;1;1;0;0;0;100;0;100;0;100
20.03.2024;16:58;A 48;1;1;83;6;34;2;70;1;59;1;13;0;0;0;0;0;0;0;0;0;100;0;100;0;100
20.03.2024;16:57;A 48;1;4;12;5;18;4;63;1;2;1;14;2;3;0;0;0;0;0;0;0;100;0;100;0;100
20.03.2024;16:56;A 48;1;6;46;3;34;6;61;8;36;1;4;0;0;1;1;0;0;0;0;0;100;0;100;0;100
20.03.2024;16:55;A 48;1;5;14;1;8;2;81;2;22;2;10;0;0;0;0;0;0;0;0;0;100;0;100;0;100
20.03.2024;16:54;A 48;1;14;65;4;12;5;74;4;14;0;0;1;1;0;0;0;0;0;0;0;100;0;100;0;100
20.03.2024;16:53;A 48;1;6;63;4;14;3;46;2;38;1;7;0;0;0;0;0;0;0;0;0;100;0;100;0;100
20.03.2024;16:52;A 48;1;7;57;5;17;3;64;3;48;0;1;0;0;1;1;0;0;0;0;0;100;0;100;0;100
20.03.2024;16:51;A 48;1;1;48;0;31;3;71;2;41;1;2;0;0;0;0;0;0;1;1;0;100;0;100;0;100
20.03.2024;16:50;A 48;1;8;46;9;39;4;31;2;8;2;16;0;0;0;0;0;0;1;1;0;100;0;100;0;100
20.03.2024;16:49;A 48;1;1;45;4;44;2;66;1;68;1;18;0;0;1;1;2;3;0;0;0;100;0;100;0;100
20.03.2024;16:48;A 48;1;3;11;2;10;2;50;4;23;2;14;0;0;0;0;1;1;0;0;0;100;0;100;0;100
20.03.2024;16:47;A 48;1;6;20;4;9;3;48;1;10;2;10;1;1;0;0;0;0;0;0;0;100;0;100;0;100
20.03.2024;16:46;A 48;1;4;22;2;12;5;83;4;26;0;0;0;0;0;0;0;0;0;0;0;100;0;100;0;100
20.03.2024;16:45;A 48;1;8;32;3;12;1;95;2;16;0;0;0;0;0;0;0;0;0;0;0;100;0;100;0;100
20.03.2024;16:44;A 48;1;4;19;2;14;0;100;6;22;1;8;0;0;0;0;0;0;0;0;0;100;0;100;0;100
20.03.2024;16:43;A 48;1;8;23;3;6;0;100;1;69;0;0;1;1;0;0;0;0;0;0;0;100;0;100;0;100
20.03.2024;16:42;A 48;1;3;21;0;0;0;100;3;29;2;20;0;0;3;5;0;0;0;0;0;100;0;100;0;100
20.03.2024;16:41;A 48;1;9;56;3;49;0;100;2;84;0;0;0;0;2;5;0;0;0;0;0;100;0;100;0;100
20.03.2024;16:40;A 48;1;4;48;1;6;0;100;2;46;0;0;0;0;1;0;0;0;0;0;0;100;0;100;0;100
20.03.2024;16:39;A 48;1;6;39;6;21;0;100;0;100;1;3;0;0;0;0;0;0;0;0;0;100;0;100;0;100
20.03.2024;16:38;A 48;1;1;4;0;0;0;100;3;81;2;8;1;1;0;0;1;1;0;0;0;100;0;100;0;100
20.03.2024;16:37;A 48;1;5;48;1;2;0;100;0;100;2;9;1;1;1;1;2;4;0;0;0;100;0;100;0;100
20.03.2024;16:36;A 48;1;6;32;1;19;1;94;0;100;0;0;0;0;1;1;1;0;1;1;0;100;0;100;0;100
20.03.2024;16:35;A 48;1;7;32;1;93;0;100;0;100;1;6;1;1;0;0;1;1;0;0;0;100;0;100;0;100
20.03.2024;16:34;A 48;1;3;86;3;69;0;100;0;100;1;5;1;1;0;1;1;1;0;0;0;100;0;100;0;100
20.03.2024;16:33;A 48;1;3;15;2;3;0;100;0;100;1;5;0;0;1;0;0;0;0;0;0;100;0;100;0;100
20.03.2024;16:32;A 48;1;7;47;2;48;0;100;0;100;0;0;0;0;0;0;0;0;0;0;0;100;0;100;0;100
20.03.2024;16:31;A 48;1;2;44;3;90;0;100;0;100;0;0;0;0;0;0;0;0;0;0;0;100;0;100;0;100
20.03.2024;16:30;A 48;1;7;38;3;46;0;100;0;100;1;10;0;0;0;0;0;0;1;1;0;100;0;100;0;100
20.03.2024;16:29;A 48;1;3;11;1;3;0;100;0;100;2;24;0;0;0;0;0;0;0;0;0;100;0;100;0;100
20.03.2024;16:28;A 48;1;8;27;1;19;0;100;0;100;0;0;0;0;0;0;1;1;1;1;0;100;0;100;0;100
20.03.2024;16:27;A 48;1;6;25;4;25;0;100;0;100;1;7;0;0;0;0;0;0;0;0;0;100;0;100;0;100
20.03.2024;16:26;A 48;1;5;31;1;2;0;100;0;100;2;10;0;0;1;1;0;0;1;1;0;100;0;100;0;100
20.03.2024;16:25;A 48;1;5;14;2;18;0;100;0;100;1;19;0;0;1;1;0;0;1;1;0;100;0;100;0;100
20.03.2024;16:24;A 48;1;4;28;3;5;2;37;0;100;0;0;0;0;0;0;0;0;1;1;0;100;0;100;0;100
20.03.2024;16:23;A 48;1;3;53;3;10;6;70;3;70;1;10;0;0;0;0;0;0;0;0;0;100;0;100;0;100
20.03.2024;16:22;A 48;1;6;21;4;10;1;77;1;78;1;10;0;0;1;1;0;0;0;0;0;100;0;100;0;100
20.03.2024;16:21;A 48;1;11;58;1;34;3;89;0;54;0;0;0;0;1;1;0;0;0;0;0;100;0;100;0;100
20.03.2024;16:20;A 48;1;4;13;2;6;0;100;6;46;1;9;2;3;0;0;0;0;0;0;0;100;0;100;0;100
20.03.2024;16:19;A 48;1;8;40;3;8;2;97;3;69;1;7;1;1;0;0;0;0;0;0;0;100;0;100;0;100
20.03.2024;16:18;A 48;1;1;16;0;39;3;59;1;11;0;5;0;0;1;1;0;0;1;1;0;100;0;100;0;100
20.03.2024;16:17;A 48;1;10;43;7;15;8;39;3;18;1;0;0;0;1;1;0;0;0;0;0;100;0;100;0;100
20.03.2024;16:16;A 48;1;9;34;1;54;4;30;5;23;1;8;0;0;2;3;0;0;0;0;0;100;0;100;0;100
20.03.2024;16:15;A 48;1;7;28;0;0;4;18;2;8;0;0;0;0;0;0;0;0;0;0;0;100;0;100;0;100
20.03.2024;16:14;A 48;1;6;18;2;6;1;6;3;5;0;0;0;0;0;0;0;0;0;0;0;100;0;100;0;100
20.03.2024;16:13;A 48;1;4;18;0;0;4;81;3;63;1;9;1;1;0;0;1;1;1;1;0;100;0;100;0;100
20.03.2024;16:12;A 48;1;10;38;4;12;2;43;3;11;0;0;0;0;0;0;0;0;0;0;0;100;0;100;0;100
20.03.2024;16:11;A 48;1;3;11;0;0;4;30;4;10;0;2;0;0;0;0;0;0;0;0;0;100;0;100;0;100
20.03.2024;16:10;A 48;1;9;47;4;15;5;66;4;27;1;6;0;0;0;0;1;1;0;0;0;100;0;100;0;100
20.03.2024;16:09;A 48;1;6;8;1;1;1;37;3;13;1;7;1;1;0;0;0;0;0;0;0;100;0;100;0;100
20.03.2024;16:08;A 48;1;1;77;4;12;4;58;1;41;1;6;0;0;0;0;1;1;0;0;0;100;0;100;0;100
20.03.2024;16:07;A 48;1;4;20;3;11;2;21;4;17;1;15;0;0;0;0;0;0;0;0;0;100;0;100;0;100
20.03.2024;16:06;A 48;1;10;38;2;5;5;25;0;0;2;8;0;0;0;0;1;1;0;0;0;100;0;100;0;100
20.03.2024;16:05;A 48;1;3;48;3;12;5;30;7;21;0;0;1;1;0;0;0;0;0;0;0;100;0;100;0;100
20.03.2024;16:04;A 48;1;1;4;3;11;5;34;5;34;1;13;1;1;0;0;0;0;0;0;0;100;0;100;0;100
20.03.2024;16:03;A 48;1;2;74;2;11;5;27;3;7;1;7;1;1;1;1;0;0;0;0;0;100;0;100;0;100
20.03.2024;16:02;A 48;1;2;27;0;0;3;53;1;51;1;6;0;0;0;0;0;0;1;1;0;100;0;100;0;100
20.03.2024;16:01;A 48;1;3;15;1;3;3;21;7;17;1;8;0;0;0;0;0;0;0;0;0;100;0;100;0;100
20.03.2024;16:00;A 48;1;4;17;2;5;2;5;3;18;1;16;1;1;0;0;0;0;0;0;0;100;0;100;0;100
20.03.2024;15:59;A 48;1;8;61;0;0;2;66;7;35;0;0;1;1;0;0;0;0;0;0;0;100;0;100;0;100
20.03.2024;15:58;A 48;1;3;43;0;27;1;23;1;14;1;7;0;0;1;1;0;0;1;1;0;100;0;100;0;100
20.03.2024;15:57;A 48;1;4;45;4;40;2;62;2;39;1;18;0;0;0;0;0;0;1;1;0;100;0;100;0;100
20.03.2024;15:56;A 48;1;6;29;3;9;1;72;3;38;2;21;0;0;0;0;0;0;0;0;0;100;0;100;0;100
20.03.2024;15:55;A 48;1;10;33;1;2;6;39;2;12;0;0;0;0;1;1;0;0;0;0;0;100;0;100;0;100
20.03.2024;15:54;A 48;1;1;2;0;0;1;13;2;9;0;0;0;0;0;0;0;0;0;0;0;100;0;100;0;100
20.03.2024;15:53;A 48;1;3;17;1;3;7;31;7;18;0;8;0;0;0;0;0;0;0;0;0;100;0;100;0;100
20.03.2024;15:52;A 48;1;6;30;3;8;6;34;5;19;2;19;1;1;0;0;1;1;0;0;0;100;0;100;0;100
20.03.2024;15:51;A 48;1;1;3;2;5;3;17;1;3;1;14;0;0;0;0;0;0;0;0;0;100;0;100;0;100
20.03.2024;15:50;A 48;1;4;43;1;27;5;40;8;21;0;0;1;1;0;0;1;1;0;0;0;100;0;100;0;100
20.03.2024;15:49;A 48;1;3;51;1;48;1;33;1;33;0;0;1;1;0;0;1;1;0;0;0;100;0;100;0;100
20.03.2024;15:48;A 48;1;8;55;2;10;5;48;0;2;1;8;2;3;0;0;0;0;0;0;0;100;0;100;0;100
20.03.2024;15:47;A 48;1;0;0;0;0;4;68;4;56;1;3;0;0;0;0;0;0;1;1;0;100;0;100;0;100
20.03.2024;15:46;A 48;1;10;43;2;5;5;20;4;13;0;0;0;0;0;0;0;0;0;0;0;100;0;100;0;100
20.03.2024;15:45;A 48;1;2;12;2;10;5;33;1;2;1;24;1;1;0;0;0;0;0;0;0;100;0;100;0;100
20.03.2024;15:44;A 48;1;7;14;4;11;5;18;1;3;0;0;0;0;0;0;0;0;0;0;0;100;0;100;0;100
20.03.2024;15:43;A 48;1;6;47;6;22;3;22;3;20;1;3;1;1;0;0;0;0;0;0;0;100;0;100;0;100
20.03.2024;15:42;A 48;1;1;46;1;14;3;55;2;38;1;9;1;1;0;0;0;0;0;0;0;100;0;100;0;100
20.03.2024;15:41;A 48;1;4;26;1;3;3;40;3;48;2;16;0;0;0;0;1;1;0;0;0;100;0;100;0;100
20.03.2024;15:40;A 48;1;3;26;1;4;6;41;3;15;0;0;0;0;0;0;0;0;0;0;0;100;0;100;0;100
20.03.2024;15:39;A 48;1;6;51;5;25;3;15;0;0;1;17;0;0;0;0;0;0;0;0;0;100;0;100;0;100
20.03.2024;15:38;A 48;1;4;15;0;0;5;36;6;30;0;1;0;0;1;1;0;0;0;0;0;100;0;100;0;100
20.03.2024;15:37;A 48;1;12;39;2;6;5;53;4;29;1;12;0;0;1;1;0;0;1;1;0;100;0;100;0;100
20.03.2024;15:36;A 48;1;1;6;0;0;2;44;5;9;0;0;0;0;0;0;0;0;0;0;0;100;0;100;0;100
20.03.2024;15:35;A 48;1;9;30;2;5;6;40;6;28;0;0;0;0;0;0;0;0;0;0;0;100;0;100;0;100
20.03.2024;15:34;A 48;1;4;26;2;6;4;33;3;24;0;0;0;0;0;0;0;0;0;0;0;100;0;100;0;100
20.03.2024;15:33;A 48;1;7;27;1;6;3;14;1;3;2;19;1;1;0;0;1;1;0;0;0;100;0;100;0;100
20.03.2024;15:32;A 48;1;0;62;1;7;2;72;3;53;1;17;0;0;0;0;0;0;0;0;0;100;0;100;0;100
20.03.2024;15:31;A 48;1;6;21;5;17;7;26;2;6;0;0;0;0;0;0;0;0;1;1;0;100;0;100;0;100
20.03.2024;15:30;A 48;1;3;18;1;3;2;19;0;14;0;0;0;0;0;0;0;0;0;0;0;100;0;100;0;100
20.03.2024;15:29;A 48;1;4;40;1;3;9;70;4;34;0;0;0;0;0;0;0;0;0;0;0;100;0;100;0;100
20.03.2024;15:28;A 48;1;9;55;7;15;2;13;1;3;1;6;1;1;0;0;0;0;0;0;0;100;0;100;0;100
20.03.2024;15:27;A 48;1;1;6;2;2;5;77;4;69;0;17;0;0;0;0;0;0;0;0;0;100;0;100;0;100
20.03.2024;15:26;A 48;1;3;41;7;26;4;34;7;18;1;6;0;0;1;1;0;0;0;0;0;100;0;100;0;100
20.03.2024;15:25;A 48;1;2;34;1;28;0;59;1;28;1;12;0;0;1;1;0;0;1;1;0;100;0;100;0;100
20.03.2024;15:24;A 48;1;6;36;4;29;3;22;0;0;2;21;1;1;1;1;2;3;1;1;0;100;0;100;0;100
20.03.2024;15:23;A 48;1;5;73;1;22;6;49;4;29;0;3;0;0;1;1;0;0;0;0;0;100;0;100;0;100
20.03.2024;15:22;A 48;1;6;49;3;22;0;34;1;7;2;23;1;1;0;0;0;0;0;0;0;100;0;100;0;100
20.03.2024;15:21;A 48;1;6;20;1;2;4;51;2;14;1;14;2;3;0;0;1;1;0;0;0;100;0;100;0;100
20.03.2024;15:20;A 48;1;5;38;1;3;9;30;3;12;0;0;0;0;0;0;0;0;0;0;0;100;0;100;0;100
20.03.2024;15:19;A 48;1;5;34;3;10;3;24;5;19;1;2;0;0;1;1;0;0;0;0;0;100;0;100;0;100
20.03.2024;15:18;A 48;1;0;0;3;13;4;10;0;0;1;8;0;0;0;0;0;0;0;0;0;100;0;100;0;100
20.03.2024;15:17;A 48;1;9;31;1;2;9;39;5;18;0;0;1;1;0;0;0;0;0;0;0;100;0;100;0;100
20.03.2024;15:16;A 48;1;4;12;1;3;4;28;5;25;0;0;0;0;0;0;0;0;0;0;0;100;0;100;0;100
20.03.2024;15:15;A 48;1;9;43;3;15;3;42;3;33;0;3;0;0;0;0;0;0;0;0;0;100;0;100;0;100
20.03.2024;15:14;A 48;1;0;0;0;0;4;50;4;43;2;22;0;0;0;0;0;0;1;1;0;100;0;100;0;100
20.03.2024;15:13;A 48;1;6;22;2;5;3;32;3;14;0;0;0;0;0;0;0;0;0;0;0;100;0;100;0;100
20.03.2024;15:12;A 48;1;1;35;1;8;6;58;1;41;1;10;0;0;2;3;0;0;0;0;0;100;0;100;0;100
20.03.2024;15:11;A 48;1;3;62;3;48;2;70;4;37;1;25;1;1;2;3;1;1;0;0;0;100;0;100;0;100
20.03.2024;15:10;A 48;1;5;40;4;14;3;62;8;38;2;32;0;0;1;1;0;0;2;3;0;100;0;100;0;100
20.03.2024;15:09;A 48;1;2;10;1;7;2;28;2;9;0;0;0;0;0;0;0;0;0;0;0;100;0;100;0;100
20.03.2024;15:08;A 48;1;5;27;5;31;8;31;3;12;0;0;0;0;0;0;0;0;0;0;0;100;0;100;0;100
20.03.2024;15:07;A 48;1;2;4;3;3;6;22;2;8;1;7;0;0;0;0;0;0;0;0;0;100;0;100;0;100
20.03.2024;15:06;A 48;1;0;0;0;0;2;6;2;8;0;0;0;0;0;0;0;0;0;0;0;100;0;100;0;100
20.03.2024;15:05;A 48;1;3;18;3;21;5;28;3;8;0;1;0;0;0;0;0;0;0;0;0;100;0;100;0;100
20.03.2024;15:04;A 48;1;2;19;1;2;2;7;3;11;2;23;1;1;0;0;1;1;0;0;0;100;0;100;0;100
20.03.2024;15:03;A 48;1;7;23;2;3;4;15;4;18;0;0;0;0;0;0;0;0;0;0;0;100;0;100;0;100
20.03.2024;15:02;A 48;1;2;7;0;0;2;55;3;45;1;11;0;0;0;0;0;0;0;0;0;100;0;100;0;100
20.03.2024;15:01;A 48;1;9;39;1;3;6;21;0;1;0;0;1;1;0;0;0;0;0;0;0;100;0;100;0;100
20.03.2024;15:00;A 48;1;2;23;0;0;4;16;3;8;0;0;0;0;0;0;0;0;0;0;0;100;0;100;0;100
20.03.2024;14:59;A 48;1;6;19;4;8;3;8;4;17;1;10;0;0;0;0;0;0;0;0;0;100;0;100;0;100
20.03.2024;14:58;A 48;1;4;19;1;12;2;55;8;30;0;0;0;0;0;0;0;0;1;1;0;100;0;100;0;100
20.03.2024;14:57;A 48;1;2;9;3;10;5;23;4;18;0;0;0;0;0;0;0;0;0;0;0;100;0;100;0;100
20.03.2024;14:56;A 48;1;11;35;2;5;5;46;4;22;0;0;0;0;0;0;0;0;0;0;0;100;0;100;0;100
20.03.2024;14:55;A 48;1;3;14;1;6;4;80;2;50;1;9;0;0;0;0;0;0;0;0;0;100;0;100;0;100
20.03.2024;14:54;A 48;1;8;44;4;11;5;23;2;9;1;2;2;3;0;0;4;6;0;0;0;100;0;100;0;100
20.03.2024;14:53;A 48;1;4;19;2;3;6;25;3;12;0;0;0;0;0;0;0;0;0;0;0;100;0;100;0;100
20.03.2024;14:52;A 48;1;5;25;3;5;6;24;3;10;0;0;0;0;0;0;0;0;0;0;0;100;0;100;0;100
20.03.2024;14:51;A 48;1;3;19;2;13;6;30;5;22;0;14;0;0;0;0;0;0;0;0;0;100;0;100;0;100
20.03.2024;14:50;A 48;1;6;29;2;5;4;63;4;20;1;2;0;0;0;0;1;1;0;0;0;100;0;100;0;100
20.03.2024;14:49;A 48;1;8;30;1;2;3;12;2;8;0;0;0;0;0;0;0;0;0;0;0;100;0;100;0;100
20.03.2024;14:48;A 48;1;4;42;1;13;4;14;4;19;1;6;1;1;0;0;1;1;0;0;0;100;0;100;0;100
20.03.2024;14:47;A 48;1;5;65;2;7;5;21;4;26;1;12;2;3;0;0;1;1;0;0;0;100;0;100;0;100
20.03.2024;14:46;A 48;1;2;5;0;0;2;79;5;40;1;8;0;0;0;0;0;0;0;0;0;100;0;100;0;100
20.03.2024;14:45;A 48;1;4;26;2;16;4;34;4;29;0;0;0;0;1;1;0;0;2;3;0;100;0;100;0;100
20.03.2024;14:44;A 48;1;8;37;2;17;5;66;4;50;1;8;0;0;0;0;1;1;0;0;0;100;0;100;0;100
20.03.2024;14:43;A 48;1;1;6;0;0;4;80;8;30;0;0;0;0;0;0;0;0;0;0;0;100;0;100;0;100
20.03.2024;14:42;A 48;1;1;47;3;42;1;74;2;72;1;12;0;0;1;1;0;0;1;1;0;100;0;100;0;100
20.03.2024;14:41;A 48;1;4;22;5;26;6;16;3;13;1;17;2;3;0;0;1;1;0;0;0;100;0;100;0;100
20.03.2024;14:40;A 48;1;6;52;5;21;3;73;5;20;1;11;1;1;0;0;2;3;0;0;0;100;0;100;0;100
20.03.2024;14:39;A 48;1;5;57;2;24;5;59;2;13;1;16;0;0;1;1;0;0;1;1;0;100;0;100;0;100
20.03.2024;14:38;A 48;1;4;9;1;4;1;59;5;61;1;17;0;0;0;0;0;0;1;1;0;100;0;100;0;100
20.03.2024;14:37;A 48;1;3;39;3;37;4;46;2;33;1;12;0;0;0;0;1;1;0;0;0;100;0;100;0;100
20.03.2024;14:36;A 48;1;2;5;2;6;7;26;4;15;0;0;1;1;0;0;1;1;0;0;0;100;0;100;0;100
20.03.2024;14:35;A 48;1;5;59;4;22;2;29;1;35;1;9;0;0;0;0;0;0;0;0;0;100;0;100;0;100
20.03.2024;14:34;A 48;1;1;9;1;2;6;22;1;5;1;7;1;1;0;0;1;1;0;0;0;100;0;100;0;100
20.03.2024;14:33;A 48;1;5;27;1;5;1;28;1;47;1;11;0;0;0;0;0;0;2;3;0;100;0;100;0;100
20.03.2024;14:32;A 48;1;4;27;3;8;5;41;1;50;1;15;0;0;1;1;0;0;0;0;0;100;0;100;0;100
20.03.2024;14:31;A 48;1;3;40;2;14;3;36;1;27;1;24;1;1;0;0;0;0;0;0;0;100;0;100;0;100
20.03.2024;14:30;A 48;1;2;63;9;55;3;16;1;4;1;2;1;1;0;0;0;0;0;0;0;100;0;100;0;100
20.03.2024;14:29;A 48;1;2;5;0;0;6;30;1;2;1;7;1;1;0;0;1;1;0;0;0;100;0;100;0;100
20.03.2024;14:28;A 48;1;4;29;2;5;5;16;3;8;0;0;0;0;0;0;0;0;0;0;0;100;0;100;0;100
20.03.2024;14:27;A 48;1;3;23;3;12;7;30;5;22;1;5;0;0;1;1;0;0;1;1;0;100;0;100;0;100
20.03.2024;14:26;A 48;1;4;18;3;10;3;29;1;7;0;0;0;0;0;0;0;0;0;0;0;100;0;100;0;100
20.03.2024;14:25;A 48;1;4;63;1;0;2;41;1;8;1;11;0;0;1;1;0;0;1;1;0;100;0;100;0;100
20.03.2024;14:24;A 48;1;5;15;3;9;7;17;4;22;0;0;0;0;0;0;0;0;0;0;0;100;0;100;0;100
20.03.2024;14:23;A 48;1;5;21;5;13;7;29;4;11;0;0;0;0;0;0;0;0;0;0;0;100;0;100;0;100
20.03.2024;14:22;A 48;1;1;27;1;23;4;20;5;21;0;0;0;0;0;0;0;0;0;0;0;100;0;100;0;100
20.03.2024;14:21;A 48;1;7;34;3;17;6;17;2;6;1;17;0;0;1;1;0;0;1;1;0;100;0;100;0;100
20.03.2024;14:20;A 48;1;3;12;1;2;2;7;5;14;0;0;0;0;0;0;0;0;0;0;0;100;0;100;0;100
20.03.2024;14:19;A 48;1;3;30;1;7;5;32;4;19;1;7;0;0;0;0;1;1;0;0;0;100;0;100;0;100
20.03.2024;14:18;A 48;1;4;11;1;1;3;16;1;2;0;0;0;0;0;0;0;0;0;0;0;100;0;100;0;100
20.03.2024;14:17;A 48;1;3;16;0;0;4;13;4;64;2;17;0;0;0;0;0;0;0;0;0;100;0;100;0;100
20.03.2024;14:16;A 48;1;4;21;3;8;6;23;6;25;0;0;1;1;0;0;0;0;0;0;0;100;0;100;0;100
20.03.2024;14:15;A 48;1;1;4;3;9;1;29;2;13;1;13;0;0;0;0;0;0;0;0;0;100;0;100;0;100
20.03.2024;14:14;A 48;1;7;63;5;25;2;66;3;57;1;12;1;1;1;1;1;1;1;1;0;100;0;100;0;100
20.03.2024;14:13;A 48;1;4;35;1;2;3;50;3;5;2;14;0;0;2;3;1;1;1;1;0;100;0;100;0;100
20.03.2024;14:12;A 48;1;4;40;2;30;2;65;3;17;1;14;1;1;0;0;0;0;0;0;0;100;0;100;0;100
20.03.2024;14:11;A 48;1;6;81;2;13;1;31;2;7;1;7;0;0;0;0;0;0;0;0;0;100;0;100;0;100
20.03.2024;14:10;A 48;1;4;10;2;23;2;68;3;23;1;8;1;1;2;3;0;0;1;1;0;100;0;100;0;100
20.03.2024;14:09;A 48;1;2;65;2;8;3;78;1;7;1;12;1;1;0;0;0;0;0;0;0;100;0;100;0;100
20.03.2024;14:08;A 48;1;5;12;3;10;2;69;1;9;1;16;0;0;0;0;0;0;2;3;0;100;0;100;0;100
20.03.2024;14:07;A 48;1;8;27;4;10;6;18;5;18;0;0;0;0;0;0;0;0;0;0;0;100;0;100;0;100
20.03.2024;14:06;A 48;1;2;7;1;3;5;17;1;1;0;0;0;0;0;0;0;0;0;0;0;100;0;100;0;100
20.03.2024;14:05;A 48;1;2;6;0;0;3;12;3;10;0;0;0;0;0;0;0;0;0;0;0;100;0;100;0;100
20.03.2024;14:04;A 48;1;10;31;2;5;5;21;4;13;1;4;0;0;0;0;0;0;0;0;0;100;0;100;0;100
20.03.2024;14:03;A 48;1;2;8;1;2;10;47;2;8;0;0;0;0;0;0;0;0;0;0;0;100;0;100;0;100
20.03.2024;14:02;A 48;1;2;62;2;46;5;30;1;22;1;18;1;1;0;0;0;0;0;0;0;100;0;100;0;100
20.03.2024;14:01;A 48;1;2;5;1;3;3;10;3;9;0;0;0;0;0;0;0;0;0;0;0;100;0;100;0;100
20.03.2024;14:00;A 48;1;10;52;6;15;3;13;3;13;0;0;0;0;0;0;0;0;0;0;0;100;0;100;0;100
20.03.2024;13:59;A 48;1;3;36;3;9;3;14;8;24;0;0;0;0;0;0;0;0;0;0;0;100;0;100;0;100
20.03.2024;13:58;A 48;1;4;45;3;12;3;32;4;17;1;12;0;0;1;1;0;0;1;1;0;100;0;100;0;100
20.03.2024;13:57;A 48;1;7;69;3;9;1;41;2;7;0;0;0;0;0;0;1;1;0;0;0;100;0;100;0;100
20.03.2024;13:56;A 48;1;4;13;0;0;6;18;0;0;0;0;0;0;0;0;0;0;0;0;0;100;0;100;0;100
20.03.2024;13:55;A 48;1;6;36;3;10;6;31;3;15;1;1;0;0;0;0;0;0;0;0;0;100;0;100;0;100
20.03.2024;13:54;A 48;1;0;31;1;0;4;56;3;27;1;12;3;5;0;0;0;0;0;0;0;100;0;100;0;100
20.03.2024;13:53;A 48;1;6;23;2;5;5;22;1;3;1;9;0;0;1;1;0;0;0;0;0;100;0;100;0;100
20.03.2024;13:52;A 48;1;4;11;2;6;5;19;3;12;0;0;0;0;0;0;0;0;0;0;0;100;0;100;0;100
20.03.2024;13:51;A 48;1;7;21;3;12;2;40;2;41;0;0;0;0;0;0;0;0;0;0;0;100;0;100;0;100
20.03.2024;13:50;A 48;1;3;21;3;6;1;0;1;29;1;11;3;5;0;0;4;6;0;0;0;100;0;100;0;100
20.03.2024;13:49;A 48;1;7;38;2;5;5;24;0;0;0;0;0;0;0;0;0;0;0;0;0;100;0;100;0;100
20.03.2024;13:48;A 48;1;3;70;3;16;2;11;2;79;1;8;0;0;0;0;2;3;0;0;0;100;0;100;0;100
20.03.2024;13:47;A 48;1;4;36;1;0;1;9;3;79;2;16;2;3;0;0;2;3;0;0;0;100;0;100;0;100
20.03.2024;13:46;A 48;1;7;35;3;15;1;24;3;14;1;14;1;1;0;0;0;0;1;1;0;100;0;100;0;100
20.03.2024;13:45;A 48;1;3;13;2;8;1;0;12;48;0;0;0;0;0;0;0;0;0;0;0;100;0;100;0;100
20.03.2024;13:44;A 48;1;5;40;2;17;0;36;8;38;0;2;0;0;0;0;0;0;0;0;0;100;0;100;0;100
20.03.2024;13:43;A 48;1;8;72;3;15;0;100;1;41;2;21;1;1;1;1;1;1;0;0;0;100;0;100;0;100
20.03.2024;13:42;A 48;1;3;19;1;7;0;100;7;72;1;14;0;0;2;3;0;0;4;6;0;100;0;100;0;100
20.03.2024;13:41;A 48;1;2;75;3;61;0;100;4;61;1;10;0;0;0;0;0;0;1;1;0;100;0;100;0;100
20.03.2024;13:40;A 48;1;9;21;2;5;0;100;6;22;0;0;0;0;0;0;0;0;0;0;0;100;0;100;0;100
20.03.2024;13:39;A 48;1;7;32;1;2;2;77;8;44;0;0;0;0;0;0;0;0;0;0;0;100;0;100;0;100
20.03.2024;13:38;A 48;1;3;33;2;14;3;13;4;15;0;0;0;0;0;0;0;0;1;1;0;100;0;100;0;100
20.03.2024;13:37;A 48;1;2;34;1;1;1;7;1;8;1;7;1;1;0;0;0;0;0;0;0;100;0;100;0;100
20.03.2024;13:36;A 48;1;5;51;2;64;2;22;1;6;1;14;0;0;0;0;0;0;1;1;0;100;0;100;0;100
20.03.2024;13:35;A 48;1;1;2;2;3;1;26;4;13;1;5;0;0;0;0;0;0;0;0;0;100;0;100;0;100
20.03.2024;13:34;A 48;1;6;25;2;4;7;22;6;15;0;6;1;1;1;1;1;1;0;0;0;100;0;100;0;100
20.03.2024;13:33;A 48;1;2;5;1;4;4;68;2;17;2;15;1;1;0;0;0;0;0;0;0;100;0;100;0;100
20.03.2024;13:32;A 48;1;7;25;1;2;2;8;4;12;0;0;1;1;0;0;0;0;0;0;0;100;0;100;0;100
20.03.2024;13:31;A 48;1;6;26;4;11;6;15;3;10;0;0;0;0;0;0;0;0;0;0;0;100;0;100;0;100
20.03.2024;13:30;A 48;1;7;36;2;10;3;46;3;17;1;10;0;0;0;0;0;0;0;0;0;100;0;100;0;100
20.03.2024;13:29;A 48;1;6;22;5;13;1;2;4;12;0;0;0;0;0;0;0;0;1;1;0;100;0;100;0;100
20.03.2024;13:28;A 48;1;0;0;0;0;4;18;4;12;0;0;0;0;0;0;0;0;0;0;0;100;0;100;0;100
20.03.2024;13:27;A 48;1;6;30;3;8;6;31;1;6;0;0;0;0;0;0;0;0;0;0;0;100;0;100;0;100
20.03.2024;13:26;A 48;1;1;5;1;2;10;19;4;17;0;0;0;0;0;0;0;0;0;0;0;100;0;100;0;100
20.03.2024;13:25;A 48;1;7;20;3;9;2;26;1;18;0;0;0;0;0;0;0;0;0;0;0;100;0;100;0;100
20.03.2024;13:24;A 48;1;3;71;3;10;2;49;3;23;1;6;1;1;0;0;0;0;0;0;0;100;0;100;0;100
20.03.2024;13:23;A 48;1;1;25;1;6;5;75;0;43;1;8;0;0;0;0;1;1;0;0;0;100;0;100;0;100
20.03.2024;13:22;A 48;1;1;13;2;6;5;34;3;21;2;18;3;5;0;0;3;5;0;0;0;100;0;100;0;100
20.03.2024;13:21;A 48;1;6;14;3;12;5;19;3;10;0;4;0;0;0;0;0;0;0;0;0;100;0;100;0;100
20.03.2024;13:20;A 48;1;10;30;4;31;5;31;5;9;1;10;1;1;0;0;0;0;0;0;0;100;0;100;0;100
20.03.2024;13:19;A 48;1;0;39;3;23;2;28;6;41;1;6;1;1;1;1;0;0;0;0;0;100;0;100;0;100
20.03.2024;13:18;A 48;1;4;49;3;27;3;77;5;56;3;26;1;1;0;0;1;1;1;1;0;100;0;100;0;100
20.03.2024;13:17;A 48;1;3;14;2;54;3;49;3;37;1;5;0;0;0;0;0;0;0;0;0;100;0;100;0;100
20.03.2024;13:16;A 48;1;4;24;3;14;3;20;2;12;1;3;3;5;0;0;0;0;0;0;0;100;0;100;0;100
20.03.2024;13:15;A 48;1;3;14;3;10;5;15;2;9;1;13;1;1;0;0;0;0;0;0;0;100;0;100;0;100
20.03.2024;13:14;A 48;1;7;29;2;7;3;11;4;16;0;0;0;0;0;0;0;0;0;0;0;100;0;100;0;100
20.03.2024;13:13;A 48;1;4;27;2;13;6;23;2;22;1;7;0;0;1;1;0;0;4;6;0;100;0;100;0;100
20.03.2024;13:12;A 48;1;0;33;2;5;9;49;8;30;0;1;0;0;0;0;0;0;0;0;0;100;0;100;0;100
20.03.2024;13:11;A 48;1;6;34;3;16;4;75;3;25;1;9;0;0;1;1;0;0;0;0;0;100;0;100;0;100
20.03.2024;13:10;A 48;1;1;10;3;52;1;57;1;3;1;5;1;1;0;0;0;0;0;0;0;100;0;100;0;100
20.03.2024;13:09;A 48;1;5;35;1;3;4;25;6;15;0;0;0;0;0;0;0;0;0;0;0;100;0;100;0;100
20.03.2024;13:08;A 48;1;6;68;1;38;3;19;1;1;1;6;0;0;0;0;0;0;0;0;0;100;0;100;0;100
20.03.2024;13:07;A 48;1;2;9;3;7;10;35;2;12;0;0;1;1;0;0;0;0;0;0;0;100;0;100;0;100
20.03.2024;13:06;A 48;1;6;35;4;12;4;16;0;0;0;0;0;0;0;0;0;0;0;0;0;100;0;100;0;100
20.03.2024;13:05;A 48;1;2;8;2;5;7;38;2;6;0;0;0;0;0;0;0;0;0;0;0;100;0;100;0;100
20.03.2024;13:04;A 48;1;7;31;1;2;6;23;2;11;0;0;0;0;0;0;0;0;0;0;0;100;0;100;0;100
20.03.2024;13:03;A 48;1;3;10;0;0;6;22;1;2;0;0;0;0;0;0;0;0;0;0;0;100;0;100;0;100
20.03.2024;13:02;A 48;1;8;26;2;5;6;32;3;10;0;0;0;0;0;0;0;0;0;0;0;100;0;100;0;100
20.03.2024;13:01;A 48;1;5;54;1;3;1;6;3;9;1;6;0;0;0;0;1;1;0;0;0;100;0;100;0;100
20.03.2024;13:00;A 48;1;6;27;2;11;3;15;2;5;1;7;0;0;0;0;0;0;0;0;0;100;0;100;0;100
20.03.2024;12:59;A 48;1;8;34;2;6;4;14;4;10;0;0;0;0;3;5;0;0;0;0;0;100;0;100;0;100
20.03.2024;12:58;A 48;1;3;11;1;3;3;13;1;3;0;0;0;0;0;0;0;0;0;0;0;100;0;100;0;100
20.03.2024;12:57;A 48;1;5;16;1;2;5;27;4;9;0;0;0;0;0;0;0;0;0;0;0;100;0;100;0;100
20.03.2024;12:56;A 48;1;3;9;0;0;1;23;2;16;0;0;0;0;0;0;0;0;0;0;0;100;0;100;0;100
20.03.2024;12:55;A 48;1;3;12;0;0;4;28;4;19;0;0;0;0;0;0;0;0;0;0;0;100;0;100;0;100
20.03.2024;12:54;A 48;1;6;21;3;9;3;12;2;8;1;9;1;1;0;0;0;0;0;0;0;100;0;100;0;100
20.03.2024;12:53;A 48;1;5;42;1;7;5;20;1;31;1;16;1;1;1;1;1;1;3;5;0;100;0;100;0;100
20.03.2024;12:52;A 48;1;7;27;2;6;5;11;1;2;0;0;0;0;0;0;0;0;0;0;0;100;0;100;0;100
20.03.2024;12:51;A 48;1;10;45;3;6;8;25;2;6;0;0;0;0;0;0;0;0;0;0;0;100;0;100;0;100
20.03.2024;12:50;A 48;1;4;20;1;5;4;61;0;0;1;14;0;0;0;0;1;1;0;0;0;100;0;100;0;100
20.03.2024;12:49;A 48;1;9;35;3;7;6;31;7;17;0;0;0;0;0;0;0;0;0;0;0;100;0;100;0;100
20.03.2024;12:48;A 48;1;2;1;5;13;1;17;3;9;0;0;0;0;0;0;0;0;0;0;0;100;0;100;0;100
20.03.2024;12:47;A 48;1;8;37;3;37;5;12;0;0;1;2;0;0;0;0;0;0;0;0;0;100;0;100;0;100
20.03.2024;12:46;A 48;1;3;53;4;53;0;0;1;5;1;12;0;0;0;0;0;0;0;0;0;100;0;100;0;100
20.03.2024;12:45;A 48;1;2;11;1;23;4;25;2;6;0;0;0;0;0;0;0;0;1;1;0;100;0;100;0;100
20.03.2024;12:44;A 48;1;9;42;3;27;13;27;2;6;1;12;1;1;0;0;1;1;0;0;0;100;0;100;0;100
20.03.2024;12:43;A 48;1;4;13;0;1;5;28;2;19;0;0;0;0;0;0;0;0;0;0;0;100;0;100;0;100
20.03.2024;12:42;A 48;1;8;23;2;5;7;24;4;11;0;0;0;0;0;0;0;0;0;0;0;100;0;100;0;100
20.03.2024;12:41;A 48;1;3;9;2;1;9;23;1;3;0;0;0;0;0;0;0;0;0;0;0;100;0;100;0;100
20.03.2024;12:40;A 48;1;5;26;2;2;2;7;0;0;0;0;0;0;0;0;0;0;0;0;0;100;0;100;0;100
20.03.2024;12:39;A 48;1;10;37;5;22;5;23;2;8;0;0;0;0;0;0;0;0;0;0;0;100;0;100;0;100
20.03.2024;12:38;A 48;1;0;0;1;3;5;15;1;3;0;0;0;0;0;0;0;0;0;0;0;100;0;100;0;100
20.03.2024;12:37;A 48;1;7;54;3;11;6;24;2;15;0;0;0;0;0;0;0;0;0;0;0;100;0;100;0;100
20.03.2024;12:36;A 48;1;0;6;0;0;4;59;4;25;1;19;0;0;0;0;0;0;1;1;0;100;0;100;0;100
20.03.2024;12:35;A 48;1;2;62;3;45;4;27;3;12;1;14;0;0;0;0;0;0;0;0;0;100;0;100;0;100
20.03.2024;12:34;A 48;1;3;70;1;4;6;35;3;43;1;9;4;6;0;0;0;0;1;1;0;100;0;100;0;100
20.03.2024;12:33;A 48;1;2;5;3;8;5;9;2;5;0;0;0;0;0;0;0;0;0;0;0;100;0;100;0;100
20.03.2024;12:32;A 48;1;6;24;2;6;4;12;0;0;0;0;0;0;0;0;0;0;0;0;0;100;0;100;0;100
20.03.2024;12:31;A 48;1;0;21;1;4;7;28;7;19;0;0;0;0;0;0;0;0;0;0;0;100;0;100;0;100
20.03.2024;12:30;A 48;1;3;28;1;6;5;30;5;15;1;11;1;1;0;0;1;1;0;0;0;100;0;100;0;100
20.03.2024;12:29;A 48;1;4;19;0;0;4;13;4;11;1;7;2;3;0;0;0;0;0;0;0;100;0;100;0;100
20.03.2024;12:28;A 48;1;5;16;4;39;9;24;1;3;0;0;0;0;0;0;0;0;0;0;0;100;0;100;0;100
20.03.2024;12:27;A 48;1;4;25;0;0;3;10;3;5;0;0;0;0;0;0;0;0;0;0;0;100;0;100;0;100
20.03.2024;12:26;A 48;1;7;22;1;6;2;8;4;19;0;0;0;0;0;0;0;0;0;0;0;100;0;100;0;100
20.03.2024;12:25;A 48;1;4;68;3;50;7;19;3;8;1;14;0;0;0;0;0;0;0;0;0;100;0;100;0;100
20.03.2024;12:24;A 48;1;4;12;1;2;6;57;2;15;0;0;0;0;0;0;0;0;2;3;0;100;0;100;0;100
20.03.2024;12:23;A 48;1;7;17;1;2;6;16;3;21;0;0;0;0;0;0;0;0;0;0;0;100;0;100;0;100
20.03.2024;12:22;A 48;1;6;26;1;3;5;36;3;13;1;3;0;0;0;0;0;0;1;1;0;100;0;100;0;100
20.03.2024;12:21;A 48;1;3;8;0;0;8;22;1;4;0;0;0;0;0;0;0;0;0;0;0;100;0;100;0;100
20.03.2024;12:20;A 48;1;3;13;3;10;4;15;2;6;0;0;0;0;0;0;0;0;0;0;0;100;0;100;0;100
20.03.2024;12:19;A 48;1;1;4;3;8;3;8;0;0;1;23;0;0;1;1;0;0;0;0;0;100;0;100;0;100
20.03.2024;12:18;A 48;1;10;25;3;8;6;25;6;24;0;0;0;0;0;0;0;0;0;0;0;100;0;100;0;100
20.03.2024;12:17;A 48;1;0;3;0;0;4;8;4;12;1;7;0;0;0;0;1;1;0;0;0;100;0;100;0;100
20.03.2024;12:16;A 48;1;4;11;2;6;4;49;4;15;1;11;0;0;0;0;0;0;0;0;0;100;0;100;0;100
20.03.2024;12:15;A 48;1;8;31;0;0;7;22;1;2;0;0;0;0;0;0;1;1;0;0;0;100;0;100;0;100
20.03.2024;12:14;A 48;1;3;8;2;5;1;12;8;17;0;0;0;0;0;0;0;0;0;0;0;100;0;100;0;100
20.03.2024;12:13;A 48;1;14;42;0;0;4;13;1;5;0;0;0;0;0;0;0;0;0;0;0;100;0;100;0;100
20.03.2024;12:12;A 48;1;2;0;1;1;7;26;2;8;1;11;0;0;0;0;0;0;1;1;0;100;0;100;0;100
20.03.2024;12:11;A 48;1;2;12;3;8;7;13;4;11;0;0;0;0;0;0;0;0;0;0;0;100;0;100;0;100
20.03.2024;12:10;A 48;1;9;26;2;6;4;11;0;0;0;0;0;0;0;0;0;0;0;0;0;100;0;100;0;100
20.03.2024;12:09;A 48;1;4;10;1;5;6;23;3;8;0;0;0;0;0;0;0;0;0;0;0;100;0;100;0;100
20.03.2024;12:08;A 48;1;10;42;2;6;3;6;3;11;0;0;0;0;0;0;0;0;0;0;0;100;0;100;0;100
20.03.2024;12:07;A 48;1;2;9;1;4;3;72;3;16;1;5;1;1;0;0;1;1;0;0;0;100;0;100;0;100
20.03.2024;12:06;A 48;1;3;30;3;33;2;13;3;10;2;14;0;0;1;1;0;0;1;1;0;100;0;100;0;100
20.03.2024;12:05;A 48;1;6;29;4;33;6;33;3;15;1;13;1;1;0;0;1;1;0;0;0;100;0;100;0;100
20.03.2024;12:04;A 48;1;2;61;1;9;4;26;3;13;1;13;0;0;0;0;2;3;0;0;0;100;0;100;0;100
20.03.2024;12:03;A 48;1;3;17;1;3;6;22;0;0;1;5;0;0;0;0;0;0;0;0;0;100;0;100;0;100
20.03.2024;12:02;A 48;1;7;37;5;7;6;30;2;5;0;0;0;0;0;0;0;0;1;1;0;100;0;100;0;100
20.03.2024;12:01;A 48;1;8;39;2;28;4;43;1;3;1;7;0;0;0;0;0;0;1;1;0;100;0;100;0;100
20.03.2024;12:00;A 48;1;3;60;1;3;6;21;2;10;1;9;1;1;0;0;1;1;0;0;0;100;0;100;0;100
20.03.2024;11:59;A 48;1;2;14;1;9;7;14;2;6;0;0;0;0;0;0;0;0;0;0;0;100;0;100;0;100
20.03.2024;11:58;A 48;1;3;31;1;8;3;63;5;26;0;0;0;0;0;0;0;0;0;0;0;100;0;100;0;100
20.03.2024;11:57;A 48;1;7;73;2;4;2;51;2;13;1;14;0;0;0;0;0;0;1;1;0;100;0;100;0;100
20.03.2024;11:56;A 48;1;2;22;1;51;5;25;7;20;0;0;0;0;0;0;0;0;0;0;0;100;0;100;0;100
20.03.2024;11:55;A 48;1;3;46;2;32;6;56;4;51;1;6;1;1;0;0;0;0;0;0;0;100;0;100;0;100
20.03.2024;11:54;A 48;1;6;18;1;2;4;22;3;3;0;0;0;0;0;0;0;0;0;0;0;100;0;100;0;100
20.03.2024;11:53;A 48;1;5;16;1;2;0;2;1;2;0;0;0;0;0;0;0;0;0;0;0;100;0;100;0;100
20.03.2024;11:52;A 48;1;6;21;1;3;5;13;3;8;0;0;0;0;0;0;0;0;0;0;0;100;0;100;0;100
20.03.2024;11:51;A 48;1;5;9;0;0;2;15;2;6;0;0;0;0;0;0;0;0;0;0;0;100;0;100;0;100
20.03.2024;11:50;A 48;1;2;62;2;32;6;18;3;10;1;8;1;1;0;0;1;1;0;0;0;100;0;100;0;100
20.03.2024;11:49;A 48;1;3;7;0;0;7;14;2;7;0;0;0;0;0;0;0;0;0;0;0;100;0;100;0;100
20.03.2024;11:48;A 48;1;4;13;1;2;9;11;2;7;0;0;0;0;0;0;0;0;0;0;0;100;0;100;0;100
20.03.2024;11:47;A 48;1;5;31;2;4;1;47;5;18;0;0;0;0;0;0;0;0;0;0;0;100;0;100;0;100
20.03.2024;11:46;A 48;1;7;20;2;7;2;76;4;9;1;13;0;0;0;0;0;0;1;1;0;100;0;100;0;100
20.03.2024;11:45;A 48;1;3;74;3;33;1;3;1;9;1;14;1;1;0;0;0;0;0;0;0;100;0;100;0;100
20.03.2024;11:44;A 48;1;4;20;4;6;1;3;5;14;0;0;0;0;0;0;0;0;0;0;0;100;0;100;0;100
20.03.2024;11:43;A 48;1;5;33;3;8;3;8;3;9;1;11;0;0;0;0;0;0;0;0;0;100;0;100;0;100
20.03.2024;11:42;A 48;1;2;49;1;39;1;72;2;10;1;10;1;1;0;0;1;1;0;0;0;100;0;100;0;100
20.03.2024;11:41;A 48;1;1;11;1;3;1;52;2;11;1;13;2;3;0;0;1;1;0;0;0;100;0;100;0;100
20.03.2024;11:40;A 48;1;4;22;2;6;5;22;5;10;1;10;0;0;0;0;1;1;0;0;0;100;0;100;0;100
20.03.2024;11:39;A 48;1;2;15;1;7;4;72;2;35;1;11;0;0;0;0;0;0;0;0;0;100;0;100;0;100
20.03.2024;11:38;A 48;1;2;53;1;35;4;14;1;3;1;12;1;1;0;0;1;1;0;0;0;100;0;100;0;100
20.03.2024;11:37;A 48;1;3;46;1;7;6;25;2;2;1;14;0;0;0;0;0;0;0;0;0;100;0;100;0;100
20.03.2024;11:36;A 48;1;5;19;3;9;3;9;1;3;0;0;1;1;0;0;2;3;0;0;0;100;0;100;0;100
20.03.2024;11:35;A 48;1;7;26;3;8;3;54;3;11;0;0;0;0;0;0;0;0;0;0;0;100;0;100;0;100
20.03.2024;11:34;A 48;1;3;17;1;10;0;100;4;18;0;0;0;0;0;0;0;0;0;0;0;100;0;100;0;100
20.03.2024;11:33;A 48;1;8;29;3;19;0;100;5;15;0;0;0;0;0;0;0;0;0;0;0;100;0;100;0;100
20.03.2024;11:32;A 48;1;2;9;3;5;3;31;1;3;0;0;0;0;0;0;0;0;0;0;0;100;0;100;0;100
20.03.2024;11:31;A 48;1;6;21;2;6;3;10;0;4;0;0;0;0;0;0;0;0;0;0;0;100;0;100;0;100
20.03.2024;11:30;A 48;1;3;18;1;4;1;4;5;10;0;0;0;0;0;0;0;0;0;0;0;100;0;100;0;100
20.03.2024;11:29;A 48;1;1;7;1;3;5;13;3;11;0;0;0;0;0;0;0;0;0;0;0;100;0;100;0;100
20.03.2024;11:28;A 48;1;6;28;4;8;5;11;2;5;0;0;0;0;0;0;0;0;0;0;0;100;0;100;0;100
20.03.2024;11:27;A 48;1;4;61;1;0;2;33;2;18;2;16;0;0;0;0;0;0;0;0;0;100;0;100;0;100
20.03.2024;11:26;A 48;1;5;28;2;6;3;63;0;4;1;16;0;0;0;0;1;1;0;0;0;100;0;100;0;100
20.03.2024;11:25;A 48;1;5;27;3;8;3;56;2;5;0;0;0;0;0;0;0;0;1;1;0;100;0;100;0;100
20.03.2024;11:24;A 48;1;6;21;1;3;3;5;0;0;0;0;0;0;0;0;0;0;0;0;0;100;0;100;0;100
20.03.2024;11:23;A 48;1;6;20;2;6;4;13;3;5;0;0;0;0;0;0;0;0;0;0;0;100;0;100;0;100
20.03.2024;11:22;A 48;1;1;21;2;23;3;13;2;7;1;12;0;0;0;0;0;0;0;0;0;100;0;100;0;100
20.03.2024;11:21;A 48;1;3;15;3;10;1;39;5;10;0;0;1;1;0;0;1;1;0;0;0;100;0;100;0;100
20.03.2024;11:20;A 48;1;2;11;1;2;4;26;1;3;1;10;1;1;0;0;1;1;0;0;0;100;0;100;0;100
20.03.2024;11:19;A 48;1;3;7;2;4;6;20;1;3;0;0;0;0;0;0;0;0;0;0;0;100;0;100;0;100
20.03.2024;11:18;A 48;1;2;71;4;36;4;16;1;3;1;12;0;0;0;0;1;1;0;0;0;100;0;100;0;100
20.03.2024;11:17;A 48;1;3;23;1;23;4;18;1;3;1;11;0;0;1;1;0;0;1;1;0;100;0;100;0;100
20.03.2024;11:16;A 48;1;3;55;0;0;6;25;3;9;1;11;1;1;0;0;1;1;0;0;0;100;0;100;0;100
20.03.2024;11:15;A 48;1;10;46;5;13;2;6;3;9;0;0;0;0;0;0;0;0;0;0;0;100;0;100;0;100
20.03.2024;11:14;A 48;1;3;12;0;0;9;31;0;0;0;0;0;0;0;0;0;0;0;0;0;100;0;100;0;100
20.03.2024;11:13;A 48;1;11;53;3;8;5;18;2;7;0;0;0;0;0;0;0;0;0;0;0;100;0;100;0;100
20.03.2024;11:12;A 48;1;1;17;1;1;4;17;3;9;0;0;0;0;0;0;0;0;0;0;0;100;0;100;0;100
20.03.2024;11:11;A 48;1;5;19;3;9;4;16;2;6;0;0;0;0;0;0;0;0;0;0;0;100;0;100;0;100
20.03.2024;11:10;A 48;1;6;20;0;0;3;6;3;10;0;0;0;0;0;0;0;0;0;0;0;100;0;100;0;100
20.03.2024;11:09;A 48;1;2;8;2;5;5;10;2;6;0;0;0;0;0;0;0;0;0;0;0;100;0;100;0;100
20.03.2024;11:08;A 48;1;4;14;2;8;6;30;1;3;0;0;0;0;0;0;0;0;0;0;0;100;0;100;0;100
20.03.2024;11:07;A 48;1;5;21;2;41;5;54;1;5;1;19;1;1;0;0;0;0;0;0;0;100;0;100;0;100
20.03.2024;11:06;A 48;1;12;33;1;13;4;36;4;18;0;0;0;0;0;0;0;0;0;0;0;100;0;100;0;100
20.03.2024;11:05;A 48;1;9;34;6;51;1;3;2;5;1;7;2;3;0;0;2;3;0;0;0;100;0;100;0;100
20.03.2024;11:04;A 48;1;5;11;1;3;4;10;0;1;0;0;0;0;0;0;0;0;0;0;0;100;0;100;0;100
20.03.2024;11:03;A 48;1;9;43;3;13;5;18;3;4;0;0;0;0;0;0;0;0;0;0;0;100;0;100;0;100
20.03.2024;11:02;A 48;1;1;35;2;14;4;12;1;3;0;0;0;0;0;0;0;0;0;0;0;100;0;100;0;100
20.03.2024;11:01;A 48;1;0;100;10;38;4;12;3;9;0;0;0;0;0;0;0;0;0;0;0;100;0;100;0;100
20.03.2024;11:00;A 48;1;5;58;3;22;5;9;2;7;0;0;0;0;0;0;0;0;0;0;0;100;0;100;0;100
20.03.2024;10:59;A 48;1;2;7;1;3;5;28;4;11;0;0;0;0;0;0;0;0;0;0;0;100;0;100;0;100
20.03.2024;10:58;A 48;1;4;14;0;0;6;22;5;16;0;0;0;0;0;0;0;0;0;0;0;100;0;100;0;100
20.03.2024;10:57;A 48;1;2;6;0;0;3;11;4;9;0;0;0;0;0;0;0;0;0;0;0;100;0;100;0;100
20.03.2024;10:56;A 48;1;6;21;1;3;4;14;0;0;0;0;0;0;0;0;0;0;0;0;0;100;0;100;0;100
20.03.2024;10:55;A 48;1;2;71;2;10;5;14;3;10;1;9;0;0;0;0;0;0;0;0;0;100;0;100;0;100
20.03.2024;10:54;A 48;1;2;6;0;0;3;17;2;10;0;0;0;0;0;0;1;1;0;0;0;100;0;100;0;100
20.03.2024;10:53;A 48;1;3;38;2;44;5;43;1;5;1;8;1;1;0;0;0;0;0;0;0;100;0;100;0;100
20.03.2024;10:52;A 48;1;2;7;2;6;6;17;3;9;0;0;0;0;0;0;0;0;0;0;0;100;0;100;0;100
20.03.2024;10:51;A 48;1;6;19;2;6;6;21;0;0;0;0;0;0;0;0;0;0;0;0;0;100;0;100;0;100
20.03.2024;10:50;A 48;1;6;20;2;2;4;16;2;5;0;0;0;0;0;0;0;0;0;0;0;100;0;100;0;100
20.03.2024;10:49;A 48;1;2;8;3;14;7;15;1;9;1;10;0;0;0;0;0;0;1;1;0;100;0;100;0;100
20.03.2024;10:48;A 48;1;6;21;2;6;12;36;1;3;0;0;0;0;0;0;0;0;0;0;0;100;0;100;0;100
20.03.2024;10:47;A 48;1;2;9;3;10;6;44;1;10;1;12;2;3;0;0;6;10;0;0;0;100;0;100;0;100
20.03.2024;10:46;A 48;1;5;24;3;8;4;19;1;2;0;0;0;0;0;0;0;0;0;0;0;100;0;100;0;100
20.03.2024;10:45;A 48;1;8;20;1;1;6;23;2;6;0;0;0;0;0;0;0;0;0;0;0;100;0;100;0;100
20.03.2024;10:44;A 48;1;3;11;0;0;5;14;3;9;0;0;0;0;0;0;0;0;0;0;0;100;0;100;0;100
20.03.2024;10:43;A 48;1;6;26;3;9;4;10;0;0;0;0;0;0;0;0;0;0;0;0;0;100;0;100;0;100
20.03.2024;10:42;A 48;1;1;50;1;34;0;0;1;5;1;8;0;0;0;0;0;0;0;0;0;100;0;100;0;100
20.03.2024;10:41;A 48;1;3;19;2;7;8;51;2;34;0;7;1;1;0;0;0;0;0;0;0;100;0;100;0;100
20.03.2024;10:40;A 48;1;5;22;3;15;1;90;2;29;1;20;0;0;0;0;0;0;1;1;0;100;0;100;0;100
20.03.2024;10:39;A 48;1;4;13;0;0;10;26;1;4;1;6;0;0;0;0;0;0;0;0;0;100;0;100;0;100
20.03.2024;10:38;A 48;1;10;32;2;6;4;12;2;11;0;0;0;0;0;0;0;0;0;0;0;100;0;100;0;100
20.03.2024;10:37;A 48;1;2;33;2;5;4;14;2;8;1;12;0;0;1;1;0;0;0;0;0;100;0;100;0;100
20.03.2024;10:36;A 48;1;3;20;1;3;1;59;4;13;1;8;0;0;0;0;0;0;0;0;0;100;0;100;0;100
20.03.2024;10:35;A 48;1;6;49;2;1;2;9;2;6;0;0;0;0;0;0;1;1;0;0;0;100;0;100;0;100
20.03.2024;10:34;A 48;1;1;3;1;3;4;15;2;6;0;0;0;0;0;0;0;0;0;0;0;100;0;100;0;100
20.03.2024;10:33;A 48;1;5;32;1;2;3;7;2;7;0;0;0;0;0;0;0;0;0;0;0;100;0;100;0;100
20.03.2024;10:32;A 48;1;3;12;0;0;3;40;2;54;1;10;0;0;1;1;0;0;0;0;0;100;0;100;0;100
20.03.2024;10:31;A 48;1;2;7;2;4;6;22;3;13;0;0;0;0;0;0;0;0;0;0;0;100;0;100;0;100
20.03.2024;10:30;A 48;1;3;55;1;4;3;70;3;52;1;9;0;0;1;1;0;0;0;0;0;100;0;100;0;100
20.03.2024;10:29;A 48;1;4;21;1;3;7;44;1;3;0;0;0;0;0;0;0;0;0;0;0;100;0;100;0;100
20.03.2024;10:28;A 48;1;1;3;0;0;4;10;1;3;1;14;0;0;0;0;1;1;0;0;0;100;0;100;0;100
20.03.2024;10:27;A 48;1;2;42;5;45;2;6;1;3;1;18;0;0;0;0;0;0;0;0;0;100;0;100;0;100
20.03.2024;10:26;A 48;1;5;12;5;16;3;11;3;16;0;0;1;1;0;0;1;1;0;0;0;100;0;100;0;100
20.03.2024;10:25;A 48;1;4;20;2;11;5;46;2;8;0;0;0;0;0;0;0;0;0;0;0;100;0;100;0;100
20.03.2024;10:24;A 48;1;6;25;2;6;5;20;2;6;2;14;0;0;2;3;0;0;2;3;0;100;0;100;0;100
20.03.2024;10:23;A 48;1;3;25;0;0;6;19;0;2;0;0;0;0;0;0;0;0;0;0;0;100;0;100;0;100
20.03.2024;10:22;A 48;1;8;35;2;6;2;13;2;13;0;0;0;0;0;0;0;0;0;0;0;100;0;100;0;100
20.03.2024;10:21;A 48;1;2;9;1;2;0;84;6;62;1;11;0;0;0;0;0;0;0;0;0;100;0;100;0;100
20.03.2024;10:20;A 48;1;6;24;3;9;5;23;0;0;0;9;2;3;0;0;3;5;0;0;0;100;0;100;0;100
20.03.2024;10:19;A 48;1;0;45;3;19;7;22;2;12;2;8;1;1;0;0;0;0;0;0;0;100;0;100;0;100
20.03.2024;10:18;A 48;1;6;32;0;0;5;14;1;2;0;0;0;0;1;1;0;0;0;0;0;100;0;100;0;100
20.03.2024;10:17;A 48;1;3;40;2;30;2;23;1;6;0;0;0;0;0;0;0;0;0;0;0;100;0;100;0;100
20.03.2024;10:16;A 48;1;2;43;1;0;3;57;1;9;2;17;0;0;2;3;0;0;0;0;0;100;0;100;0;100
20.03.2024;10:15;A 48;1;8;31;4;11;0;0;1;2;0;0;1;1;0;0;1;1;0;0;0;100;0;100;0;100
20.03.2024;10:14;A 48;1;3;20;3;9;3;12;0;0;0;0;0;0;0;0;0;0;0;0;0;100;0;100;0;100
20.03.2024;10:13;A 48;1;6;30;1;3;4;39;2;7;1;12;0;0;0;0;0;0;0;0;0;100;0;100;0;100
20.03.2024;10:12;A 48;1;4;15;1;3;3;8;2;6;0;0;0;0;1;1;0;0;0;0;0;100;0;100;0;100
20.03.2024;10:11;A 48;1;3;16;1;2;4;17;1;3;0;0;0;0;0;0;0;0;0;0;0;100;0;100;0;100
20.03.2024;10:10;A 48;1;5;18;4;7;4;13;1;2;0;0;0;0;0;0;0;0;0;0;0;100;0;100;0;100
20.03.2024;10:09;A 48;1;1;0;2;6;4;16;1;2;0;0;0;0;0;0;0;0;0;0;0;100;0;100;0;100
20.03.2024;10:08;A 48;1;5;21;4;11;2;20;2;6;0;0;0;0;0;0;0;0;0;0;0;100;0;100;0;100
20.03.2024;10:07;A 48;1;7;26;2;4;3;10;0;0;1;5;0;0;0;0;0;0;1;1;0;100;0;100;0;100
20.03.2024;10:06;A 48;1;2;28;0;0;3;5;3;17;1;14;0;0;0;0;0;0;0;0;0;100;0;100;0;100
20.03.2024;10:05;A 48;1;2;53;2;19;1;52;0;0;1;9;1;1;0;0;1;1;0;0;0;100;0;100;0;100
20.03.2024;10:04;A 48;1;2;7;2;9;6;34;2;5;0;0;0;0;0;0;0;0;0;0;0;100;0;100;0;100
20.03.2024;10:03;A 48;1;4;11;1;1;1;2;3;9;0;0;0;0;0;0;0;0;0;0;0;100;0;100;0;100
20.03.2024;10:02;A 48;1;6;24;2;8;2;6;0;0;0;0;0;0;0;0;0;0;0;0;0;100;0;100;0;100
20.03.2024;10:01;A 48;1;3;11;1;1;2;9;1;3;0;0;0;0;0;0;0;0;0;0;0;100;0;100;0;100
20.03.2024;10:00;A 48;1;5;21;2;6;3;13;2;10;0;0;0;0;0;0;0;0;0;0;0;100;0;100;0;100
20.03.2024;09:59;A 48;1;3;14;1;2;4;16;2;4;1;12;0;0;0;0;2;3;0;0;0;100;0;100;0;100
20.03.2024;09:58;A 48;1;2;10;1;3;3;10;0;0;0;0;0;0;0;0;0;0;0;0;0;100;0;100;0;100
20.03.2024;09:57;A 48;1;5;16;2;7;3;5;0;0;0;0;0;0;0;0;0;0;0;0;0;100;0;100;0;100
20.03.2024;09:56;A 48;1;4;12;1;3;7;22;1;2;0;0;0;0;0;0;0;0;0;0;0;100;0;100;0;100
20.03.2024;09:55;A 48;1;10;55;3;10;3;12;2;11;0;0;0;0;0;0;0;0;0;0;0;100;0;100;0;100
20.03.2024;09:54;A 48;1;3;11;0;0;4;12;3;8;1;13;0;0;0;0;0;0;0;0;0;100;0;100;0;100
20.03.2024;09:53;A 48;1;8;27;2;6;1;26;0;19;0;0;0;0;0;0;0;0;0;0;0;100;0;100;0;100
20.03.2024;09:52;A 48;1;3;13;0;0;6;29;2;13;1;4;0;0;0;0;0;0;1;1;0;100;0;100;0;100
20.03.2024;09:51;A 48;1;7;22;1;2;5;20;3;11;0;0;0;0;0;0;0;0;0;0;0;100;0;100;0;100
20.03.2024;09:50;A 48;1;7;31;0;0;4;9;4;8;1;10;1;1;0;0;2;3;0;0;0;100;0;100;0;100
20.03.2024;09:49;A 48;1;2;7;1;1;5;27;2;5;0;0;0;0;0;0;0;0;0;0;0;100;0;100;0;100
20.03.2024;09:48;A 48;1;11;38;1;3;4;11;5;16;0;0;0;0;0;0;0;0;0;0;0;100;0;100;0;100
20.03.2024;09:47;A 48;1;2;6;0;0;5;12;1;2;0;0;0;0;0;0;0;0;0;0;0;100;0;100;0;100
20.03.2024;09:46;A 48;1;8;29;2;7;4;11;2;8;0;0;0;0;0;0;0;0;0;0;0;100;0;100;0;100
20.03.2024;09:45;A 48;1;1;40;1;25;2;50;6;16;0;0;0;0;0;0;0;0;0;0;0;100;0;100;0;100
20.03.2024;09:44;A 48;1;2;39;1;7;0;77;8;29;1;10;0;0;0;0;0;0;1;1;0;100;0;100;0;100
20.03.2024;09:43;A 48;1;5;21;1;1;0;100;8;34;0;0;0;0;0;0;0;0;0;0;0;100;0;100;0;100
20.03.2024;09:42;A 48;1;4;10;0;0;0;100;2;33;1;9;0;0;0;0;0;0;0;0;0;100;0;100;0;100
20.03.2024;09:41;A 48;1;7;26;0;0;0;100;3;9;0;0;1;1;0;0;0;0;0;0;0;100;0;100;0;100
20.03.2024;09:40;A 48;1;6;11;2;4;2;42;3;8;0;0;0;0;0;0;0;0;0;0;0;100;0;100;0;100
20.03.2024;09:39;A 48;1;4;47;0;0;5;13;1;5;1;10;0;0;1;1;0;0;0;0;0;100;0;100;0;100
20.03.2024;09:38;A 48;1;3;17;1;3;5;16;1;1;0;0;0;0;0;0;0;0;0;0;0;100;0;100;0;100
20.03.2024;09:37;A 48;1;3;28;2;11;3;30;1;5;1;11;0;0;0;0;1;1;0;0;0;100;0;100;0;100
20.03.2024;09:36;A 48;1;7;18;3;9;2;6;0;0;0;0;0;0;0;0;0;0;0;0;0;100;0;100;0;100
20.03.2024;09:35;A 48;1;5;15;0;0;4;12;0;0;0;0;0;0;0;0;0;0;0;0;0;100;0;100;0;100
20.03.2024;09:34;A 48;1;3;66;1;55;3;17;3;14;1;6;0;0;0;0;0;0;0;0;0;100;0;100;0;100
20.03.2024;09:33;A 48;1;3;20;1;5;6;70;3;14;1;3;0;0;3;5;0;0;2;3;0;100;0;100;0;100
20.03.2024;09:32;A 48;1;9;46;5;14;5;18;3;8;0;0;0;0;0;0;0;0;0;0;0;100;0;100;0;100
20.03.2024;09:31;A 48;1;3;12;2;21;1;45;4;28;1;5;0;0;0;0;0;0;0;0;0;100;0;100;0;100
20.03.2024;09:30;A 48;1;6;39;4;13;8;21;5;16;0;0;0;0;2;3;0;0;0;0;0;100;0;100;0;100
20.03.2024;09:29;A 48;1;5;29;4;9;7;35;2;5;0;0;0;0;0;0;0;0;0;0;0;100;0;100;0;100
20.03.2024;09:28;A 48;1;3;15;1;3;1;26;0;0;0;0;0;0;0;0;0;0;0;0;0;100;0;100;0;100
20.03.2024;09:27;A 48;1;5;34;1;8;5;40;3;9;1;5;0;0;1;1;0;0;1;1;0;100;0;100;0;100
20.03.2024;09:26;A 48;1;8;35;3;9;2;2;2;2;0;0;0;0;0;0;0;0;0;0;0;100;0;100;0;100
20.03.2024;09:25;A 48;1;2;37;3;9;4;18;4;11;0;0;0;0;0;0;0;0;0;0;0;100;0;100;0;100
20.03.2024;09:24;A 48;1;4;14;2;8;7;32;3;6;1;5;0;0;1;1;0;0;1;1;0;100;0;100;0;100
20.03.2024;09:23;A 48;1;5;12;1;1;3;8;1;3;0;0;0;0;0;0;0;0;0;0;0;100;0;100;0;100
20.03.2024;09:22;A 48;1;4;12;2;5;5;16;1;3;0;0;0;0;0;0;0;0;0;0;0;100;0;100;0;100
20.03.2024;09:21;A 48;1;4;33;4;12;2;6;3;8;0;0;0;0;0;0;0;0;0;0;0;100;0;100;0;100
20.03.2024;09:20;A 48;1;5;29;2;6;1;66;1;12;1;16;0;0;0;0;0;0;1;1;0;100;0;100;0;100
20.03.2024;09:19;A 48;1;5;27;1;4;3;7;2;5;1;9;0;0;1;1;0;0;0;0;0;100;0;100;0;100
20.03.2024;09:18;A 48;1;1;3;0;0;2;40;2;56;1;8;0;0;1;1;0;0;1;1;0;100;0;100;0;100
20.03.2024;09:17;A 48;1;3;30;1;4;1;16;0;6;1;11;1;1;0;0;0;0;0;0;0;100;0;100;0;100
20.03.2024;09:16;A 48;1;9;75;1;1;3;55;4;32;1;6;0;0;1;1;0;0;0;0;0;100;0;100;0;100
20.03.2024;09:15;A 48;1;2;19;2;37;1;36;5;52;1;8;0;0;1;1;0;0;0;0;0;100;0;100;0;100
20.03.2024;09:14;A 48;1;6;25;3;11;5;22;1;2;0;0;0;0;0;0;0;0;0;0;0;100;0;100;0;100
20.03.2024;09:13;A 48;1;3;22;1;2;1;57;1;3;1;8;0;0;0;0;0;0;0;0;0;100;0;100;0;100
20.03.2024;09:12;A 48;1;6;45;3;17;2;18;0;0;2;15;0;0;0;0;1;1;0;0;0;100;0;100;0;100
20.03.2024;09:11;A 48;1;4;37;3;20;5;13;2;6;0;0;0;0;1;1;0;0;0;0;0;100;0;100;0;100
20.03.2024;09:10;A 48;1;3;51;1;1;2;15;1;3;1;11;1;1;0;0;0;0;0;0;0;100;0;100;0;100
20.03.2024;09:09;A 48;1;4;18;0;0;6;20;5;23;0;0;0;0;0;0;0;0;0;0;0;100;0;100;0;100
20.03.2024;09:08;A 48;1;4;52;3;50;0;0;1;3;1;6;0;0;1;1;0;0;0;0;0;100;0;100;0;100
20.03.2024;09:07;A 48;1;4;38;1;3;3;12;2;5;0;0;0;0;0;0;0;0;0;0;0;100;0;100;0;100
20.03.2024;09:06;A 48;1;3;26;1;3;7;20;4;17;0;0;0;0;0;0;0;0;0;0;0;100;0;100;0;100
20.03.2024;09:05;A 48;1;3;14;1;8;4;39;2;5;1;8;0;0;2;3;0;0;0;0;0;100;0;100;0;100
20.03.2024;09:04;A 48;1;7;36;2;28;5;15;3;8;0;5;0;0;0;0;0;0;0;0;0;100;0;100;0;100
20.03.2024;09:03;A 48;1;4;53;4;18;2;41;1;8;2;16;0;0;0;0;1;1;0;0;0;100;0;100;0;100
20.03.2024;09:02;A 48;1;4;24;3;13;1;6;0;0;2;15;0;0;1;1;0;0;1;1;0;100;0;100;0;100
20.03.2024;09:01;A 48;1;6;57;2;6;5;14;1;3;0;0;0;0;0;0;0;0;0;0;0;100;0;100;0;100
20.03.2024;09:00;A 48;1;5;17;1;3;7;26;3;11;0;0;0;0;0;0;0;0;0;0;0;100;0;100;0;100
20.03.2024;08:59;A 48;1;4;26;1;1;6;13;2;6;0;0;0;0;0;0;0;0;0;0;0;100;0;100;0;100
20.03.2024;08:58;A 48;1;4;22;0;0;4;15;3;9;0;0;0;0;0;0;0;0;0;0;0;100;0;100;0;100
20.03.2024;08:57;A 48;1;4;23;1;5;3;44;1;3;0;0;0;0;0;0;0;0;0;0;0;100;0;100;0;100
20.03.2024;08:56;A 48;1;5;58;2;7;0;0;0;0;1;6;1;1;0;0;0;0;0;0;0;100;0;100;0;100
20.03.2024;08:55;A 48;1;6;25;1;3;2;6;2;5;0;0;0;0;0;0;0;0;0;0;0;100;0;100;0;100
20.03.2024;08:54;A 48;1;7;41;3;8;6;15;6;14;0;0;0;0;0;0;0;0;0;0;0;100;0;100;0;100
20.03.2024;08:53;A 48;1;7;33;3;11;5;23;1;3;0;0;0;0;0;0;0;0;0;0;0;100;0;100;0;100
20.03.2024;08:52;A 48;1;8;44;2;4;4;11;0;0;0;0;0;0;0;0;0;0;0;0;0;100;0;100;0;100
20.03.2024;08:51;A 48;1;2;16;1;4;6;28;5;44;1;11;1;1;0;0;0;0;0;0;0;100;0;100;0;100
20.03.2024;08:50;A 48;1;8;44;2;8;2;17;1;4;0;0;0;0;0;0;0;0;0;0;0;100;0;100;0;100
20.03.2024;08:49;A 48;1;3;40;2;14;5;42;2;15;1;8;0;0;1;2;0;0;1;2;0;100;0;100;0;100
20.03.2024;08:48;A 48;1;7;40;2;18;9;24;2;6;0;0;0;0;1;0;0;0;1;0;0;100;0;100;0;100
20.03.2024;08:47;A 48;1;6;34;3;29;1;2;0;1;0;0;0;0;0;0;0;0;0;0;0;100;0;100;0;100
20.03.2024;08:46;A 48;1;8;37;3;9;3;9;3;8;0;0;0;0;0;0;0;0;0;0;0;100;0;100;0;100
20.03.2024;08:45;A 48;1;5;33;4;12;7;31;2;6;0;0;0;0;0;0;0;0;0;0;0;100;0;100;0;100
20.03.2024;08:44;A 48;1;4;17;2;7;4;11;1;7;0;0;0;0;0;0;0;0;0;0;0;100;0;100;0;100
20.03.2024;08:43;A 48;1;5;28;5;15;2;11;3;7;0;0;0;0;0;0;0;0;0;0;0;100;0;100;0;100
20.03.2024;08:42;A 48;1;4;13;3;10;8;30;2;6;0;0;0;0;0;0;0;0;0;0;0;100;0;100;0;100
20.03.2024;08:41;A 48;1;5;48;3;12;4;19;0;0;1;12;1;1;0;0;0;0;0;0;0;100;0;100;0;100
20.03.2024;08:40;A 48;1;4;34;3;15;5;9;2;15;0;0;0;0;1;1;0;0;0;0;0;100;0;100;0;100
20.03.2024;08:39;A 48;1;4;67;3;57;2;40;2;45;1;11;1;1;0;0;0;0;0;0;0;100;0;100;0;100
20.03.2024;08:38;A 48;1;4;21;1;3;3;56;3;29;1;6;0;0;0;0;0;0;0;0;0;100;0;100;0;100
20.03.2024;08:37;A 48;1;5;33;2;11;5;20;2;5;0;0;1;1;0;0;0;0;0;0;0;100;0;100;0;100
20.03.2024;08:36;A 48;1;6;26;1;41;2;10;2;8;2;21;0;0;0;0;1;1;0;0;0;100;0;100;0;100
20.03.2024;08:35;A 48;1;8;33;3;10;4;25;0;0;0;0;0;0;0;0;0;0;0;0;0;100;0;100;0;100
20.03.2024;08:34;A 48;1;7;32;3;15;2;10;3;7;0;0;0;0;0;0;0;0;0;0;0;100;0;100;0;100
20.03.2024;08:33;A 48;1;7;41;4;15;6;19;3;9;0;0;0;0;0;0;0;0;0;0;0;100;0;100;0;100
20.03.2024;08:32;A 48;1;4;24;4;10;4;12;2;5;0;0;0;0;0;0;0;0;0;0;0;100;0;100;0;100
20.03.2024;08:31;A 48;1;2;3;1;5;1;4;3;9;1;11;0;0;0;0;0;0;0;0;0;100;0;100;0;100
20.03.2024;08:30;A 48;1;5;44;4;16;4;19;6;14;0;0;1;1;1;1;0;0;0;0;0;100;0;100;0;100
20.03.2024;08:29;A 48;1;2;54;1;5;0;56;0;44;0;0;0;0;0;0;0;0;0;0;0;100;0;100;0;100
20.03.2024;08:28;A 48;1;7;61;4;16;4;80;2;15;1;6;0;0;0;0;1;1;0;0;0;100;0;100;0;100
20.03.2024;08:27;A 48;1;2;18;1;4;4;46;3;12;0;0;0;0;0;0;1;1;0;0;0;100;0;100;0;100
20.03.2024;08:26;A 48;1;9;54;2;8;5;20;4;19;0;0;0;0;0;0;0;0;0;0;0;100;0;100;0;100
20.03.2024;08:25;A 48;1;6;36;2;21;4;13;2;4;0;0;0;0;0;0;0;0;0;0;0;100;0;100;0;100
20.03.2024;08:24;A 48;1;9;49;6;17;13;36;4;13;0;0;0;0;0;0;0;0;0;0;0;100;0;100;0;100
20.03.2024;08:23;A 48;1;6;55;3;21;5;15;2;9;0;0;0;0;0;0;0;0;0;0;0;100;0;100;0;100
20.03.2024;08:22;A 48;1;6;26;4;11;3;10;0;0;0;0;0;0;0;0;0;0;0;0;0;100;0;100;0;100
20.03.2024;08:21;A 48;1;5;24;0;0;4;16;2;7;0;0;0;0;0;0;0;0;0;0;0;100;0;100;0;100
20.03.2024;08:20;A 48;1;4;54;1;6;0;60;1;17;0;0;0;0;0;0;0;0;0;0;0;100;0;100;0;100
20.03.2024;08:19;A 48;1;1;58;4;45;4;55;3;18;1;11;1;1;0;0;2;3;0;0;0;100;0;100;0;100
20.03.2024;08:18;A 48;1;3;38;1;37;5;53;3;15;2;16;0;0;0;0;1;1;0;0;0;100;0;100;0;100
20.03.2024;08:17;A 48;1;6;34;3;30;2;4;1;5;1;11;0;0;0;0;1;1;0;0;0;100;0;100;0;100
20.03.2024;08:16;A 48;1;2;15;0;0;5;22;5;26;1;8;0;0;1;1;0;0;0;0;0;100;0;100;0;100
20.03.2024;08:15;A 48;1;11;60;5;16;9;28;5;16;0;0;0;0;0;0;0;0;0;0;0;100;0;100;0;100
20.03.2024;08:14;A 48;1;3;15;1;2;6;45;2;6;1;1;0;0;0;0;0;0;0;0;0;100;0;100;0;100
20.03.2024;08:13;A 48;1;9;40;5;19;2;46;4;25;0;0;0;0;0;0;0;0;0;0;0;100;0;100;0;100
20.03.2024;08:12;A 48;1;5;33;1;3;11;65;3;10;1;10;0;0;0;0;1;1;0;0;0;100;0;100;0;100
20.03.2024;08:11;A 48;1;4;52;4;34;1;37;3;61;1;4;0;0;0;0;0;0;1;1;0;100;0;100;0;100
20.03.2024;08:10;A 48;1;3;35;5;22;4;14;3;7;0;0;0;0;0;0;0;0;0;0;0;100;0;100;0;100
20.03.2024;08:09;A 48;1;5;26;1;4;1;64;2;54;1;9;0;0;0;0;0;0;0;0;0;100;0;100;0;100
20.03.2024;08:08;A 48;1;6;47;5;20;3;21;2;12;0;0;1;1;0;0;1;1;0;0;0;100;0;100;0;100
20.03.2024;08:07;A 48;1;3;26;2;5;3;13;0;0;0;0;0;0;0;0;0;0;0;0;0;100;0;100;0;100
20.03.2024;08:06;A 48;1;6;32;3;9;5;20;2;5;0;0;0;0;0;0;0;0;0;0;0;100;0;100;0;100
20.03.2024;08:05;A 48;1;3;17;3;22;4;18;1;9;1;14;1;1;0;0;1;1;0;0;0;100;0;100;0;100
20.03.2024;08:04;A 48;1;3;84;4;49;5;13;1;3;0;5;1;1;0;0;0;0;0;0;0;100;0;100;0;100
20.03.2024;08:03;A 48;1;8;42;2;5;8;53;2;5;1;2;1;1;0;0;1;1;0;0;0;100;0;100;0;100
20.03.2024;08:02;A 48;1;6;32;5;21;9;32;3;15;0;0;0;0;0;0;0;0;0;0;0;100;0;100;0;100
20.03.2024;08:01;A 48;1;2;23;1;8;4;14;2;6;0;0;0;0;0;0;0;0;0;0;0;100;0;100;0;100
20.03.2024;08:00;A 48;1;4;23;4;11;1;2;0;0;1;8;0;0;0;0;1;1;0;0;0;100;0;100;0;100
20.03.2024;07:59;A 48;1;6;41;1;8;5;16;1;3;0;0;0;0;0;0;0;0;0;0;0;100;0;100;0;100
20.03.2024;07:58;A 48;1;7;24;3;8;2;6;3;6;0;0;0;0;0;0;0;0;0;0;0;100;0;100;0;100
20.03.2024;07:57;A 48;1;2;44;1;11;3;60;2;52;0;0;0;0;0;0;0;0;0;0;0;100;0;100;0;100
20.03.2024;07:56;A 48;1;2;82;5;23;2;14;1;8;0;0;0;0;0;0;0;0;1;1;0;100;0;100;0;100
20.03.2024;07:55;A 48;1;11;65;6;16;4;15;2;6;0;0;0;0;0;0;0;0;1;1;0;100;0;100;0;100
20.03.2024;07:54;A 48;1;8;35;3;11;8;25;3;4;0;0;0;0;0;0;0;0;0;0;0;100;0;100;0;100
20.03.2024;07:53;A 48;1;8;72;5;45;1;59;1;45;0;10;0;0;0;0;0;0;0;0;0;100;0;100;0;100
20.03.2024;07:52;A 48;1;5;52;6;28;7;38;3;44;1;3;3;5;0;0;2;3;0;0;0;100;0;100;0;100
20.03.2024;07:51;A 48;1;5;74;2;60;7;67;3;69;0;0;0;0;1;1;0;0;0;0;0;100;0;100;0;100
20.03.2024;07:50;A 48;1;2;37;4;22;6;16;2;7;0;0;0;0;0;0;0;0;0;0;0;100;0;100;0;100
20.03.2024;07:49;A 48;1;3;56;2;41;1;44;1;8;1;8;0;0;0;0;1;1;0;0;0;100;0;100;0;100
20.03.2024;07:48;A 48;1;6;37;2;7;5;94;7;54;3;11;1;1;0;0;0;0;0;0;0;100;0;100;0;100
20.03.2024;07:47;A 48;1;4;40;1;31;0;100;5;44;0;0;0;0;0;0;0;0;1;1;0;100;0;100;0;100
20.03.2024;07:46;A 48;1;3;30;6;51;1;54;1;6;1;11;0;0;0;0;0;0;0;0;0;100;0;100;0;100
20.03.2024;07:45;A 48;1;8;33;2;12;4;85;5;59;1;8;0;0;0;0;0;0;1;1;0;100;0;100;0;100
20.03.2024;07:44;A 48;1;9;67;6;21;1;93;3;11;0;0;1;1;1;1;0;0;0;0;0;100;0;100;0;100
20.03.2024;07:43;A 48;1;4;65;1;22;3;76;5;48;1;11;0;0;0;0;0;0;0;0;0;100;0;100;0;100
20.03.2024;07:42;A 48;1;11;57;4;13;9;29;4;15;1;3;0;0;2;3;0;0;1;1;0;100;0;100;0;100
20.03.2024;07:41;A 48;1;2;35;2;21;2;40;2;20;0;0;0;0;0;0;0;0;0;0;0;100;0;100;0;100
20.03.2024;07:40;A 48;1;7;71;4;30;4;17;2;24;1;6;0;0;1;1;0;0;0;0;0;100;0;100;0;100
20.03.2024;07:39;A 48;1;4;63;3;62;1;71;1;51;3;23;0;0;0;0;0;0;0;0;0;100;0;100;0;100
20.03.2024;07:38;A 48;1;7;35;3;8;4;54;2;64;1;20;0;0;0;0;1;1;0;0;0;100;0;100;0;100
20.03.2024;07:37;A 48;1;4;51;3;7;3;50;6;25;1;1;0;0;1;1;0;0;3;5;0;100;0;100;0;100
20.03.2024;07:36;A 48;1;3;72;2;19;5;64;1;59;1;9;0;0;0;0;0;0;0;0;0;100;0;100;0;100
20.03.2024;07:35;A 48;1;7;70;6;48;2;8;1;3;2;12;1;1;0;0;1;1;0;0;0;100;0;100;0;100
20.03.2024;07:34;A 48;1;5;42;1;3;8;31;1;10;0;0;0;0;1;1;0;0;0;0;0;100;0;100;0;100
20.03.2024;07:33;A 48;1;3;74;3;59;1;40;1;45;2;24;0;0;1;1;0;0;0;0;0;100;0;100;0;100
20.03.2024;07:32;A 48;1;4;33;2;7;1;46;2;17;1;14;1;1;0;0;1;1;4;6;0;100;0;100;0;100
20.03.2024;07:31;A 48;1;4;86;6;40;2;33;4;31;1;9;0;0;0;0;0;0;3;5;0;100;0;100;0;100
20.03.2024;07:30;A 48;1;2;70;2;50;5;66;2;6;1;18;1;1;0;0;1;1;0;0;0;100;0;100;0;100
20.03.2024;07:29;A 48;1;7;46;1;4;1;54;0;32;1;0;0;0;1;1;0;0;0;0;0;100;0;100;0;100
20.03.2024;07:28;A 48;1;4;53;5;17;4;28;2;5;1;12;1;1;0;0;0;0;0;0;0;100;0;100;0;100
20.03.2024;07:27;A 48;1;3;65;2;49;4;20;3;9;1;8;0;0;1;1;0;0;0;0;0;100;0;100;0;100
20.03.2024;07:26;A 48;1;5;27;4;10;6;21;2;18;1;12;1;1;0;0;1;1;1;1;0;100;0;100;0;100
20.03.2024;07:25;A 48;1;2;53;3;33;4;6;3;57;1;16;1;1;0;0;0;0;0;0;0;100;0;100;0;100
20.03.2024;07:24;A 48;1;9;69;5;37;10;43;5;14;0;0;0;0;0;0;0;0;0;0;0;100;0;100;0;100
20.03.2024;07:23;A 48;1;5;66;5;50;2;28;0;4;2;25;0;0;0;0;0;0;0;0;0;100;0;100;0;100
20.03.2024;07:22;A 48;1;7;76;6;52;2;44;3;7;1;21;0;0;1;1;0;0;1;1;0;100;0;100;0;100
20.03.2024;07:21;A 48;1;3;20;0;0;4;13;2;15;0;6;1;1;0;0;0;0;0;0;0;100;0;100;0;100
20.03.2024;07:20;A 48;1;13;51;5;10;3;19;1;3;1;5;0;0;0;0;0;0;0;0;0;100;0;100;0;100
20.03.2024;07:19;A 48;1;5;39;3;10;1;3;3;13;0;0;0;0;0;0;0;0;0;0;0;100;0;100;0;100
20.03.2024;07:18;A 48;1;14;49;8;19;6;25;6;16;0;1;0;0;0;0;0;0;0;0;0;100;0;100;0;100
20.03.2024;07:17;A 48;1;11;54;3;7;0;51;4;25;1;12;0;0;1;1;0;0;1;1;0;100;0;100;0;100
20.03.2024;07:16;A 48;1;8;49;5;42;6;11;4;15;2;22;0;0;0;0;1;2;0;0;0;100;0;100;0;100
20.03.2024;07:15;A 48;1;2;80;4;52;3;78;4;36;1;9;1;1;0;0;2;2;0;0;0;100;0;100;0;100
20.03.2024;07:14;A 48;1;4;50;2;10;2;63;2;18;1;10;0;0;2;3;0;0;3;5;0;100;0;100;0;100
20.03.2024;07:13;A 48;1;8;53;8;36;3;12;4;8;0;0;0;0;0;0;0;0;0;0;0;100;0;100;0;100
20.03.2024;07:12;A 48;1;1;37;3;34;1;37;2;25;1;6;0;0;1;1;0;0;0;0;0;100;0;100;0;100
20.03.2024;07:11;A 48;1;6;89;2;10;3;19;2;41;1;21;1;1;0;0;1;1;0;0;0;100;0;100;0;100
20.03.2024;07:10;A 48;1;3;21;3;24;5;16;3;8;0;0;0;0;0;0;0;0;0;0;0;100;0;100;0;100
20.03.2024;07:09;A 48;1;10;51;4;21;7;20;3;11;1;9;0;0;1;1;0;0;0;0;0;100;0;100;0;100
20.03.2024;07:08;A 48;1;7;28;2;4;3;21;3;10;0;0;0;0;0;0;0;0;0;0;0;100;0;100;0;100
20.03.2024;07:07;A 48;1;7;46;4;12;1;39;2;7;0;0;0;0;0;0;0;0;0;0;0;100;0;100;0;100
20.03.2024;07:06;A 48;1;2;39;2;29;3;32;4;14;0;0;0;0;0;0;0;0;0;0;0;100;0;100;0;100
20.03.2024;07:05;A 48;1;3;53;1;29;1;16;0;0;1;9;0;0;1;1;0;0;0;0;0;100;0;100;0;100
20.03.2024;07:04;A 48;1;9;35;3;9;4;16;4;17;0;0;0;0;0;0;0;0;0;0;0;100;0;100;0;100
20.03.2024;07:03;A 48;1;5;57;3;29;3;56;2;33;1;12;0;0;0;0;0;0;0;0;0;100;0;100;0;100
20.03.2024;07:02;A 48;1;6;72;2;53;1;17;0;0;1;10;0;0;0;0;1;1;0;0;0;100;0;100;0;100
20.03.2024;07:01;A 48;1;4;25;3;12;5;13;3;4;1;9;0;0;0;0;1;1;0;0;0;100;0;100;0;100
20.03.2024;07:00;A 48;1;8;25;7;26;6;14;2;8;0;0;1;1;0;0;0;0;0;0;0;100;0;100;0;100
20.03.2024;06:59;A 48;1;3;13;1;3;2;14;1;3;0;0;0;0;0;0;0;0;0;0;0;100;0;100;0;100
20.03.2024;06:58;A 48;1;4;56;2;18;3;25;3;9;1;6;0;0;0;0;0;0;1;1;0;100;0;100;0;100
20.03.2024;06:57;A 48;1;6;23;2;6;2;36;5;16;0;0;0;0;0;0;0;0;0;0;0;100;0;100;0;100
20.03.2024;06:56;A 48;1;6;34;3;9;5;26;6;22;0;0;0;0;0;0;0;0;0;0;0;100;0;100;0;100
20.03.2024;06:55;A 48;1;3;16;1;2;5;23;2;5;0;0;0;0;0;0;0;0;0;0;0;100;0;100;0;100
20.03.2024;06:54;A 48;1;7;27;5;24;6;17;5;12;0;0;0;0;0;0;0;0;0;0;0;100;0;100;0;100
20.03.2024;06:53;A 48;1;11;47;3;6;2;10;1;5;1;7;0;0;1;1;0;0;1;1;0;100;0;100;0;100
20.03.2024;06:52;A 48;1;5;14;1;3;2;4;2;7;1;21;0;0;0;0;0;0;0;0;0;100;0;100;0;100
20.03.2024;06:51;A 48;1;8;37;2;5;8;29;3;8;0;0;0;0;0;0;1;1;0;0;0;100;0;100;0;100
20.03.2024;06:50;A 48;1;3;13;0;0;1;4;0;0;0;0;0;0;0;0;0;0;0;0;0;100;0;100;0;100
20.03.2024;06:49;A 48;1;3;14;2;21;1;32;1;3;0;0;0;0;0;0;0;0;0;0;0;100;0;100;0;100
20.03.2024;06:48;A 48;1;3;17;1;4;3;41;3;11;1;14;0;0;1;1;0;0;3;5;0;100;0;100;0;100
20.03.2024;06:47;A 48;1;3;68;2;57;3;10;3;9;1;12;2;3;0;0;1;1;0;0;0;100;0;100;0;100
20.03.2024;06:46;A 48;1;3;11;2;5;6;28;1;2;1;13;1;1;0;0;2;3;0;0;0;100;0;100;0;100
20.03.2024;06:45;A 48;1;7;34;4;12;2;8;4;12;0;0;0;0;0;0;0;0;0;0;0;100;0;100;0;100
20.03.2024;06:44;A 48;1;3;42;1;2;2;6;0;0;0;0;0;0;0;0;0;0;0;0;0;100;0;100;0;100
20.03.2024;06:43;A 48;1;7;24;3;10;6;23;4;11;0;0;0;0;0;0;0;0;1;1;0;100;0;100;0;100
20.03.2024;06:42;A 48;1;6;30;5;11;5;29;3;12;0;0;0;0;0;0;0;0;0;0;0;100;0;100;0;100
20.03.2024;06:41;A 48;1;4;10;3;12;2;15;1;3;0;0;0;0;0;0;0;0;0;0;0;100;0;100;0;100
20.03.2024;06:40;A 48;1;2;6;0;0;5;15;0;0;0;0;0;0;0;0;0;0;0;0;0;100;0;100;0;100
20.03.2024;06:39;A 48;1;3;15;1;1;3;9;1;2;0;0;0;0;0;0;0;0;0;0;0;100;0;100;0;100
20.03.2024;06:38;A 48;1;6;29;3;11;0;8;1;2;0;0;0;0;0;0;0;0;0;0;0;100;0;100;0;100
20.03.2024;06:37;A 48;1;0;0;2;7;6;14;1;2;0;0;0;0;0;0;0;0;0;0;0;100;0;100;0;100
20.03.2024;06:36;A 48;1;2;40;2;40;2;27;3;12;1;10;0;0;1;1;0;0;1;1;0;100;0;100;0;100
20.03.2024;06:35;A 48;1;3;14;1;2;2;11;0;0;0;0;0;0;0;0;0;0;0;0;0;100;0;100;0;100
20.03.2024;06:34;A 48;1;7;26;1;3;2;12;2;10;0;0;0;0;0;0;0;0;0;0;0;100;0;100;0;100
20.03.2024;06:33;A 48;1;1;3;0;0;8;23;0;0;0;0;0;0;0;0;0;0;0;0;0;100;0;100;0;100
20.03.2024;06:32;A 48;1;5;17;1;3;2;10;1;2;0;0;0;0;0;0;0;0;0;0;0;100;0;100;0;100
20.03.2024;06:31;A 48;1;2;7;1;3;5;19;2;10;0;0;0;0;0;0;0;0;0;0;0;100;0;100;0;100
20.03.2024;06:30;A 48;1;7;26;2;6;0;0;0;0;0;0;0;0;0;0;0;0;0;0;0;100;0;100;0;100
20.03.2024;06:29;A 48;1;0;0;2;8;3;5;1;4;0;0;0;0;0;0;0;0;0;0;0;100;0;100;0;100
20.03.2024;06:28;A 48;1;6;25;3;11;4;17;1;3;0;0;0;0;0;0;0;0;0;0;0;100;0;100;0;100
20.03.2024;06:27;A 48;1;3;33;2;22;2;2;1;4;1;11;0;0;0;0;0;0;0;0;0;100;0;100;0;100
20.03.2024;06:26;A 48;1;7;27;2;7;2;58;2;8;0;0;0;0;0;0;1;1;0;0;0;100;0;100;0;100
20.03.2024;06:25;A 48;1;5;25;5;22;1;9;0;0;1;3;0;0;0;0;0;0;0;0;0;100;0;100;0;100
20.03.2024;06:24;A 48;1;4;16;2;7;1;7;0;0;0;0;0;0;0;0;0;0;0;0;0;100;0;100;0;100
20.03.2024;06:23;A 48;1;2;7;0;0;2;8;2;7;0;0;0;0;0;0;0;0;0;0;0;100;0;100;0;100
20.03.2024;06:22;A 48;1;6;19;6;20;3;10;4;12;0;0;0;0;0;0;0;0;0;0;0;100;0;100;0;100
20.03.2024;06:21;A 48;1;3;60;2;43;1;9;0;0;1;11;1;1;0;0;0;0;0;0;0;100;0;100;0;100
20.03.2024;06:20;A 48;1;1;10;1;3;4;16;3;5;0;0;0;0;0;0;0;0;0;0;0;100;0;100;0;100
20.03.2024;06:19;A 48;1;4;20;1;2;3;12;4;20;0;0;0;0;0;0;0;0;0;0;0;100;0;100;0;100
20.03.2024;06:18;A 48;1;4;18;4;12;2;6;1;1;0;0;0;0;0;0;0;0;0;0;0;100;0;100;0;100
20.03.2024;06:17;A 48;1;2;5;1;8;3;7;2;9;0;0;0;0;0;0;0;0;0;0;0;100;0;100;0;100
20.03.2024;06:16;A 48;1;3;25;1;3;2;4;2;2;1;11;1;1;0;0;0;0;0;0;0;100;0;100;0;100
20.03.2024;06:15;A 48;1;5;30;3;11;1;7;3;4;0;0;0;0;0;0;0;0;0;0;0;100;0;100;0;100
20.03.2024;06:14;A 48;1;5;15;0;0;2;4;1;3;1;9;0;0;0;0;0;0;0;0;0;100;0;100;0;100
20.03.2024;06:13;A 48;1;2;6;0;0;3;4;0;0;0;0;0;0;0;0;0;0;0;0;0;100;0;100;0;100
20.03.2024;06:12;A 48;1;7;13;2;7;8;14;0;0;0;0;0;0;0;0;0;0;0;0;0;100;0;100;0;100
20.03.2024;06:11;A 48;1;3;4;0;0;7;18;0;0;0;0;0;0;0;0;0;0;0;0;0;100;0;100;0;100
20.03.2024;06:10;A 48;1;6;20;2;1;6;10;0;0;0;0;0;0;0;0;0;0;0;0;0;100;0;100;0;100
20.03.2024;06:09;A 48;1;2;5;3;4;0;0;0;0;0;0;0;0;0;0;0;0;0;0;0;100;0;100;0;100
20.03.2024;06:08;A 48;1;2;2;0;0;3;6;4;5;0;0;0;0;0;0;0;0;0;0;0;100;0;100;0;100
20.03.2024;06:07;A 48;1;3;6;0;0;3;5;2;1;0;0;0;0;0;0;0;0;0;0;0;100;0;100;0;100
20.03.2024;06:06;A 48;1;6;17;1;2;1;3;2;2;0;0;0;0;0;0;0;0;0;0;0;100;0;100;0;100
20.03.2024;06:05;A 48;1;6;20;3;6;3;12;4;9;0;0;0;0;0;0;0;0;0;0;0;100;0;100;0;100
20.03.2024;06:04;A 48;1;5;7;0;0;0;0;0;0;0;0;0;0;0;0;0;0;0;0;0;100;0;100;0;100
20.03.2024;06:03;A 48;1;1;9;3;3;4;5;2;2;0;0;0;0;0;0;0;0;0;0;0;100;0;100;0;100
20.03.2024;06:02;A 48;1;4;7;1;2;5;8;4;6;0;0;0;0;0;0;0;0;0;0;0;100;0;100;0;100
20.03.2024;06:01;A 48;1;5;21;5;5;0;0;3;5;0;0;0;0;0;0;0;0;0;0;0;100;0;100;0;100
20.03.2024;06:00;A 48;1;3;8;0;0;3;49;2;2;0;0;0;0;0;0;0;0;0;0;0;100;0;100;0;100
20.03.2024;05:59;A 48;1;3;8;0;0;0;0;1;5;0;0;0;0;0;0;0;0;0;0;0;100;0;100;0;100
20.03.2024;05:58;A 48;1;5;10;1;1;4;5;0;0;1;5;0;0;0;0;0;0;1;1;0;100;0;100;0;100
20.03.2024;05:57;A 48;1;2;4;0;0;2;7;1;4;0;0;0;0;0;0;0;0;0;0;0;100;0;100;0;100
20.03.2024;05:56;A 48;1;1;3;0;0;7;13;4;5;0;0;0;0;0;0;0;0;0;0;0;100;0;100;0;100
20.03.2024;05:55;A 48;1;4;15;9;11;4;7;3;5;0;0;0;0;0;0;0;0;0;0;0;100;0;100;0;100
20.03.2024;05:54;A 48;1;4;15;2;2;2;5;2;10;0;0;0;0;0;0;0;0;0;0;0;100;0;100;0;100
20.03.2024;05:53;A 48;1;5;16;4;3;4;15;0;0;0;0;0;0;0;0;0;0;0;0;0;100;0;100;0;100
20.03.2024;05:52;A 48;1;2;5;1;6;4;4;0;0;1;11;0;0;0;0;0;0;0;0;0;100;0;100;0;100
20.03.2024;05:51;A 48;1;6;19;6;7;2;2;0;0;0;0;0;0;0;0;2;3;0;0;0;100;0;100;0;100
20.03.2024;05:50;A 48;1;3;14;5;11;1;3;0;0;0;0;0;0;0;0;0;0;0;0;0;100;0;100;0;100
20.03.2024;05:49;A 48;1;2;14;5;6;6;19;0;0;1;11;0;0;0;0;0;0;2;3;0;100;0;100;0;100
20.03.2024;05:48;A 48;1;1;25;1;1;8;10;0;0;1;7;0;0;1;1;0;0;0;0;0;100;0;100;0;100
20.03.2024;05:47;A 48;1;0;0;3;5;2;1;0;0;0;0;0;0;0;0;0;0;0;0;0;100;0;100;0;100
20.03.2024;05:46;A 48;1;1;2;1;2;8;19;1;4;0;0;0;0;0;0;0;0;0;0;0;100;0;100;0;100
20.03.2024;05:45;A 48;1;6;17;4;9;2;6;4;4;0;0;0;0;0;0;0;0;0;0;0;100;0;100;0;100
20.03.2024;05:44;A 48;1;1;2;4;8;6;14;0;0;0;0;0;0;0;0;0;0;0;0;0;100;0;100;0;100
20.03.2024;05:43;A 48;1;2;18;2;1;2;2;2;2;0;0;0;0;0;0;0;0;0;0;0;100;0;100;0;100
20.03.2024;05:42;A 48;1;4;10;1;4;1;42;2;2;0;0;0;0;0;0;0;0;0;0;0;100;0;100;0;100
20.03.2024;05:41;A 48;1;4;20;1;2;0;0;1;3;0;0;0;0;0;0;0;0;0;0;0;100;0;100;0;100
20.03.2024;05:40;A 48;1;2;7;1;4;2;11;0;0;1;8;2;3;0;0;2;3;0;0;0;100;0;100;0;100
20.03.2024;05:39;A 48;1;2;9;7;12;2;4;0;0;0;0;0;0;0;0;0;0;0;0;0;100;0;100;0;100
20.03.2024;05:38;A 48;1;2;6;5;10;0;4;0;0;0;0;0;0;0;0;0;0;0;0;0;100;0;100;0;100
20.03.2024;05:37;A 48;1;4;5;6;14;5;4;1;3;0;0;0;0;0;0;0;0;0;0;0;100;0;100;0;100
20.03.2024;05:36;A 48;1;2;13;0;0;5;9;2;2;0;0;0;0;0;0;0;0;0;0;0;100;0;100;0;100
20.03.2024;05:35;A 48;1;4;15;0;0;1;0;0;0;0;0;0;0;0;0;0;0;0;0;0;100;0;100;0;100
20.03.2024;05:34;A 48;1;2;5;1;2;2;2;1;3;0;0;0;0;0;0;0;0;0;0;0;100;0;100;0;100
20.03.2024;05:33;A 48;1;1;3;0;0;0;0;0;0;0;0;0;0;0;0;0;0;0;0;0;100;0;100;0;100
20.03.2024;05:32;A 48;1;1;1;0;0;3;5;0;0;0;0;0;0;0;0;0;0;0;0;0;100;0;100;0;100
20.03.2024;05:31;A 48;1;3;8;1;0;6;5;0;0;0;0;0;0;0;0;0;0;0;0;0;100;0;100;0;100
20.03.2024;05:30;A 48;1;2;20;0;0;0;0;0;0;0;0;0;0;0;0;0;0;0;0;0;100;0;100;0;100
20.03.2024;05:29;A 48;1;1;5;1;0;2;2;0;0;0;0;0;0;0;0;0;0;0;0;0;100;0;100;0;100
20.03.2024;05:28;A 48;1;4;15;2;1;4;12;0;0;0;0;0;0;0;0;0;0;0;0;0;100;0;100;0;100
20.03.2024;05:27;A 48;1;7;20;5;22;3;6;0;0;0;0;0;0;0;0;0;0;0;0;0;100;0;100;0;100
20.03.2024;05:26;A 48;1;1;1;3;9;0;0;0;0;0;0;0;0;0;0;0;0;0;0;0;100;0;100;0;100
20.03.2024;05:25;A 48;1;2;9;2;12;0;0;0;0;0;0;0;0;0;0;0;0;0;0;0;100;0;100;0;100
20.03.2024;05:24;A 48;1;3;5;1;1;5;9;2;2;0;0;0;0;0;0;0;0;0;0;0;100;0;100;0;100
20.03.2024;05:23;A 48;1;1;4;0;0;0;0;1;3;0;0;0;0;0;0;0;0;0;0;0;100;0;100;0;100
20.03.2024;05:22;A 48;1;2;6;1;3;0;0;0;0;0;0;0;0;0;0;0;0;0;0;0;100;0;100;0;100
20.03.2024;05:21;A 48;1;1;8;2;2;0;0;0;0;0;0;0;0;0;0;0;0;0;0;0;100;0;100;0;100
20.03.2024;05:20;A 48;1;0;0;0;0;0;0;0;0;0;0;0;0;0;0;0;0;0;0;0;100;0;100;0;100
20.03.2024;05:19;A 48;1;5;10;3;3;2;3;0;0;0;0;0;0;0;0;0;0;0;0;0;100;0;100;0;100
20.03.2024;05:18;A 48;1;4;5;0;0;3;8;1;3;0;0;0;0;0;0;0;0;0;0;0;100;0;100;0;100
20.03.2024;05:17;A 48;1;2;9;0;0;1;3;0;0;0;0;0;0;0;0;0;0;0;0;0;100;0;100;0;100
20.03.2024;05:16;A 48;1;2;7;0;0;2;8;0;0;0;0;0;0;0;0;0;0;0;0;0;100;0;100;0;100
20.03.2024;05:15;A 48;1;1;3;0;0;2;2;0;0;0;0;0;0;0;0;0;0;0;0;0;100;0;100;0;100
20.03.2024;05:14;A 48;1;3;5;2;1;4;4;0;0;0;0;0;0;0;0;0;0;0;0;0;100;0;100;0;100
20.03.2024;05:13;A 48;1;2;2;0;0;3;4;0;0;0;0;0;0;0;0;0;0;0;0;0;100;0;100;0;100
20.03.2024;05:12;A 48;1;3;9;0;0;3;16;0;0;0;0;0;0;0;0;0;0;0;0;0;100;0;100;0;100
20.03.2024;05:11;A 48;1;2;5;2;7;4;5;0;0;0;0;0;0;0;0;0;0;0;0;0;100;0;100;0;100
20.03.2024;05:10;A 48;1;2;2;3;4;0;0;0;0;0;0;0;0;0;0;0;0;0;0;0;100;0;100;0;100
20.03.2024;05:09;A 48;1;0;0;0;0;0;0;1;4;0;0;0;0;0;0;0;0;0;0;0;100;0;100;0;100
20.03.2024;05:08;A 48;1;2;8;0;0;2;2;0;0;0;0;0;0;0;0;0;0;0;0;0;100;0;100;0;100
20.03.2024;05:07;A 48;1;1;3;1;3;2;2;0;0;0;0;0;0;0;0;0;0;0;0;0;100;0;100;0;100
20.03.2024;05:06;A 48;1;1;6;0;0;0;0;0;0;0;0;0;0;0;0;0;0;0;0;0;100;0;100;0;100
20.03.2024;05:05;A 48;1;2;10;0;0;0;0;2;2;0;0;0;0;0;0;0;0;0;0;0;100;0;100;0;100
20.03.2024;05:04;A 48;1;3;5;0;0;0;0;0;0;0;0;0;0;0;0;0;0;0;0;0;100;0;100;0;100
20.03.2024;05:03;A 48;1;0;0;0;0;0;0;0;0;0;0;0;0;0;0;0;0;0;0;0;100;0;100;0;100
20.03.2024;05:02;A 48;1;0;0;0;0;3;11;0;0;0;0;0;0;0;0;0;0;0;0;0;100;0;100;0;100
20.03.2024;05:01;A 48;1;0;0;1;2;0;0;0;0;0;0;0;0;0;0;0;0;0;0;0;100;0;100;0;100
20.03.2024;05:00;A 48;1;1;6;0;0;2;2;1;3;0;0;0;0;0;0;0;0;0;0;0;100;0;100;0;100
20.03.2024;04:59;A 48;1;3;4;0;0;0;0;4;4;0;0;0;0;0;0;0;0;0;0;0;100;0;100;0;100
20.03.2024;04:58;A 48;1;1;5;1;2;0;0;1;4;0;0;0;0;0;0;0;0;0;0;0;100;0;100;0;100
20.03.2024;04:57;A 48;1;0;0;0;0;2;2;0;0;0;0;0;0;0;0;0;0;0;0;0;100;0;100;0;100
20.03.2024;04:56;A 48;1;0;0;0;0;0;0;0;0;0;0;0;0;0;0;0;0;0;0;0;100;0;100;0;100
20.03.2024;04:55;A 48;1;0;2;3;5;1;1;2;1;0;0;0;0;0;0;0;0;0;0;0;100;0;100;0;100
20.03.2024;04:54;A 48;1;2;7;2;2;0;0;0;0;0;0;0;0;0;0;0;0;0;0;0;100;0;100;0;100
20.03.2024;04:53;A 48;1;1;3;0;0;0;0;0;0;0;0;0;0;0;0;0;0;0;0;0;100;0;100;0;100
20.03.2024;04:52;A 48;1;0;0;1;2;0;0;0;0;0;0;0;0;0;0;0;0;0;0;0;100;0;100;0;100
20.03.2024;04:51;A 48;1;2;2;0;0;3;7;2;3;0;0;0;0;0;0;0;0;0;0;0;100;0;100;0;100
20.03.2024;04:50;A 48;1;0;0;0;0;0;0;0;0;0;0;0;0;0;0;0;0;0;0;0;100;0;100;0;100
20.03.2024;04:49;A 48;1;1;3;0;0;0;0;0;0;0;0;0;0;0;0;0;0;0;0;0;100;0;100;0;100
20.03.2024;04:48;A 48;1;0;0;0;0;0;0;0;0;0;0;0;0;0;0;0;0;0;0;0;100;0;100;0;100
20.03.2024;04:47;A 48;1;0;0;0;0;0;0;1;4;0;0;0;0;0;0;0;0;0;0;0;100;0;100;0;100
20.03.2024;04:46;A 48;1;3;5;0;0;2;2;0;0;0;0;0;0;0;0;0;0;0;0;0;100;0;100;0;100
20.03.2024;04:45;A 48;1;0;0;2;3;0;0;0;0;0;0;0;0;0;0;0;0;0;0;0;100;0;100;0;100
20.03.2024;04:44;A 48;1;0;0;0;0;0;0;0;0;0;0;0;0;0;0;0;0;0;0;0;100;0;100;0;100
20.03.2024;04:43;A 48;1;0;0;1;3;0;0;2;7;0;0;0;0;0;0;0;0;0;0;0;100;0;100;0;100
20.03.2024;04:42;A 48;1;0;0;0;0;2;2;0;0;1;11;0;0;0;0;0;0;0;0;0;100;0;100;0;100
20.03.2024;04:41;A 48;1;2;3;0;0;0;0;0;0;0;0;0;0;0;0;0;0;0;0;0;100;0;100;0;100
20.03.2024;04:40;A 48;1;2;2;0;0;0;0;0;0;0;0;0;0;0;0;0;0;0;0;0;100;0;100;0;100
20.03.2024;04:39;A 48;1;0;0;2;1;0;0;0;0;0;0;0;0;0;0;0;0;0;0;0;100;0;100;0;100
20.03.2024;04:38;A 48;1;1;2;0;0;1;3;0;0;0;0;0;0;0;0;0;0;0;0;0;100;0;100;0;100
20.03.2024;04:37;A 48;1;2;3;0;0;2;2;0;0;0;0;0;0;0;0;0;0;0;0;0;100;0;100;0;100
20.03.2024;04:36;A 48;1;2;10;0;0;1;3;0;0;0;0;0;0;0;0;0;0;0;0;0;100;0;100;0;100
20.03.2024;04:35;A 48;1;0;0;0;0;0;0;0;0;0;0;0;0;0;0;0;0;0;0;0;100;0;100;0;100
20.03.2024;04:34;A 48;1;2;6;1;2;0;0;0;0;0;0;0;0;0;0;0;0;0;0;0;100;0;100;0;100
20.03.2024;04:33;A 48;1;0;0;0;0;2;3;0;0;0;0;0;0;0;0;0;0;0;0;0;100;0;100;0;100
20.03.2024;04:32;A 48;1;0;0;0;0;0;0;0;0;0;0;0;0;0;0;0;0;0;0;0;100;0;100;0;100
20.03.2024;04:31;A 48;1;0;0;0;0;0;0;0;0;0;0;0;0;0;0;0;0;0;0;0;100;0;100;0;100
20.03.2024;04:30;A 48;1;0;0;0;0;2;2;0;0;0;0;0;0;0;0;0;0;0;0;0;100;0;100;0;100
20.03.2024;04:29;A 48;1;1;3;0;0;2;3;1;3;0;0;0;0;0;0;0;0;0;0;0;100;0;100;0;100
20.03.2024;04:28;A 48;1;2;2;2;2;0;0;0;0;0;0;0;0;0;0;0;0;0;0;0;100;0;100;0;100
20.03.2024;04:27;A 48;1;1;8;0;0;0;0;0;0;0;0;0;0;0;0;0;0;0;0;0;100;0;100;0;100
20.03.2024;04:26;A 48;1;1;1;0;0;0;0;0;0;0;0;0;0;0;0;0;0;0;0;0;100;0;100;0;100
20.03.2024;04:25;A 48;1;1;3;0;0;0;0;1;3;0;0;0;0;0;0;0;0;0;0;0;100;0;100;0;100
20.03.2024;04:24;A 48;1;0;0;0;0;0;0;0;0;0;0;0;0;0;0;0;0;0;0;0;100;0;100;0;100
20.03.2024;04:23;A 48;1;0;0;0;0;0;0;0;0;0;0;0;0;0;0;0;0;0;0;0;100;0;100;0;100
20.03.2024;04:22;A 48;1;0;0;2;2;0;0;0;0;0;0;0;0;0;0;0;0;0;0;0;100;0;100;0;100
20.03.2024;04:21;A 48;1;1;3;0;0;0;0;0;0;0;0;0;0;0;0;0;0;0;0;0;100;0;100;0;100
20.03.2024;04:20;A 48;1;0;0;0;0;2;2;0;0;0;0;0;0;0;0;0;0;0;0;0;100;0;100;0;100
20.03.2024;04:19;A 48;1;0;0;0;0;0;0;0;0;0;0;0;0;0;0;0;0;0;0;0;100;0;100;0;100
20.03.2024;04:18;A 48;1;0;0;0;0;0;0;0;0;0;0;0;0;0;0;0;0;0;0;0;100;0;100;0;100
20.03.2024;04:17;A 48;1;1;4;0;0;2;2;0;0;0;0;0;0;0;0;0;0;0;0;0;100;0;100;0;100
20.03.2024;04:16;A 48;1;1;3;0;0;0;0;0;0;0;0;0;0;0;0;0;0;0;0;0;100;0;100;0;100
20.03.2024;04:15;A 48;1;2;4;0;0;0;0;0;0;0;0;0;0;0;0;0;0;0;0;0;100;0;100;0;100
20.03.2024;04:14;A 48;1;0;0;0;0;0;0;0;0;0;0;0;0;0;0;0;0;0;0;0;100;0;100;0;100
20.03.2024;04:13;A 48;1;0;0;0;0;0;0;0;0;0;0;0;0;0;0;0;0;0;0;0;100;0;100;0;100
20.03.2024;04:12;A 48;1;0;0;0;0;0;0;0;0;0;0;0;0;0;0;0;0;0;0;0;100;0;100;0;100
20.03.2024;04:11;A 48;1;2;5;2;3;2;1;0;0;0;0;0;0;0;0;0;0;0;0;0;100;0;100;0;100
20.03.2024;04:10;A 48;1;0;0;0;0;0;0;0;0;0;0;0;0;0;0;0;0;0;0;0;100;0;100;0;100
20.03.2024;04:09;A 48;1;0;0;0;0;0;0;0;0;0;0;0;0;0;0;0;0;0;0;0;100;0;100;0;100
20.03.2024;04:08;A 48;1;1;4;0;0;0;0;0;0;0;0;0;0;0;0;0;0;0;0;0;100;0;100;0;100
20.03.2024;04:07;A 48;1;0;0;0;0;0;0;0;0;0;0;0;0;0;0;0;0;0;0;0;100;0;100;0;100
20.03.2024;04:06;A 48;1;0;0;1;4;0;0;0;0;0;0;0;0;0;0;0;0;0;0;0;100;0;100;0;100
20.03.2024;04:05;A 48;1;2;2;0;0;0;0;0;0;0;0;0;0;0;0;0;0;0;0;0;100;0;100;0;100
20.03.2024;04:04;A 48;1;0;0;0;0;0;0;0;0;0;0;0;0;0;0;0;0;0;0;0;100;0;100;0;100
20.03.2024;04:03;A 48;1;0;0;0;0;1;2;0;0;0;0;0;0;0;0;0;0;0;0;0;100;0;100;0;100
20.03.2024;04:02;A 48;1;0;0;0;0;0;0;2;3;0;0;0;0;0;0;0;0;0;0;0;100;0;100;0;100
20.03.2024;04:01;A 48;1;2;1;2;1;0;0;0;0;0;0;0;0;0;0;0;0;0;0;0;100;0;100;0;100
20.03.2024;04:00;A 48;1;0;0;0;0;0;0;0;0;0;0;0;0;0;0;0;0;0;0;0;100;0;100;0;100
20.03.2024;03:59;A 48;1;0;0;0;0;0;0;0;0;0;0;0;0;0;0;0;0;0;0;0;100;0;100;0;100
20.03.2024;03:58;A 48;1;0;0;0;0;0;0;0;0;0;0;0;0;0;0;0;0;0;0;0;100;0;100;0;100
20.03.2024;03:57;A 48;1;0;0;0;0;1;3;0;0;0;0;0;0;0;0;0;0;0;0;0;100;0;100;0;100
20.03.2024;03:56;A 48;1;0;0;0;0;0;0;0;0;0;0;0;0;0;0;0;0;0;0;0;100;0;100;0;100
20.03.2024;03:55;A 48;1;0;0;0;0;0;0;0;0;0;0;0;0;0;0;0;0;0;0;0;100;0;100;0;100
20.03.2024;03:54;A 48;1;0;0;0;0;0;0;0;0;0;0;0;0;0;0;0;0;0;0;0;100;0;100;0;100
20.03.2024;03:53;A 48;1;0;0;0;0;0;0;0;0;0;0;0;0;0;0;0;0;0;0;0;100;0;100;0;100
20.03.2024;03:52;A 48;1;0;0;0;0;0;0;0;0;0;0;0;0;0;0;0;0;0;0;0;100;0;100;0;100
20.03.2024;03:51;A 48;1;0;0;0;0;2;2;0;0;0;0;0;0;0;0;0;0;0;0;0;100;0;100;0;100
20.03.2024;03:50;A 48;1;2;2;0;0;0;0;0;0;0;0;0;0;0;0;0;0;0;0;0;100;0;100;0;100
20.03.2024;03:49;A 48;1;0;0;0;0;0;0;1;3;0;0;0;0;0;0;0;0;0;0;0;100;0;100;0;100
20.03.2024;03:48;A 48;1;0;0;0;0;0;0;0;0;0;0;0;0;0;0;0;0;0;0;0;100;0;100;0;100
20.03.2024;03:47;A 48;1;0;0;0;0;0;0;0;0;0;0;0;0;0;0;0;0;0;0;0;100;0;100;0;100
20.03.2024;03:46;A 48;1;0;0;1;0;0;0;0;0;0;0;0;0;0;0;0;0;0;0;0;100;0;100;0;100
20.03.2024;03:45;A 48;1;2;3;0;0;0;0;1;2;0;0;0;0;0;0;0;0;0;0;0;100;0;100;0;100
20.03.2024;03:44;A 48;1;0;0;0;0;0;0;0;0;0;0;0;0;0;0;0;0;0;0;0;100;0;100;0;100
20.03.2024;03:43;A 48;1;0;0;0;5;2;1;2;7;0;0;0;0;0;0;0;0;0;0;0;100;0;100;0;100
20.03.2024;03:42;A 48;1;0;0;1;0;0;0;0;0;0;0;0;0;0;0;0;0;0;0;0;100;0;100;0;100
20.03.2024;03:41;A 48;1;0;0;0;0;0;0;0;0;0;0;0;0;0;0;0;0;0;0;0;100;0;100;0;100
20.03.2024;03:40;A 48;1;2;2;0;0;0;0;0;0;0;0;0;0;0;0;0;0;0;0;0;100;0;100;0;100
20.03.2024;03:39;A 48;1;0;0;0;0;0;0;0;0;0;0;0;0;0;0;0;0;0;0;0;100;0;100;0;100
20.03.2024;03:38;A 48;1;0;0;0;0;0;0;0;0;0;0;0;0;0;0;0;0;0;0;0;100;0;100;0;100
20.03.2024;03:37;A 48;1;0;0;0;0;0;0;0;0;0;0;0;0;0;0;0;0;0;0;0;100;0;100;0;100
20.03.2024;03:36;A 48;1;2;2;0;0;0;0;0;0;0;0;0;0;0;0;0;0;0;0;0;100;0;100;0;100
20.03.2024;03:35;A 48;1;2;2;0;0;0;0;0;0;0;0;0;0;0;0;0;0;0;0;0;100;0;100;0;100
20.03.2024;03:34;A 48;1;0;0;0;0;0;0;0;0;0;0;0;0;0;0;0;0;0;0;0;100;0;100;0;100
20.03.2024;03:33;A 48;1;0;0;0;0;0;0;0;0;0;0;0;0;0;0;0;0;0;0;0;100;0;100;0;100
20.03.2024;03:32;A 48;1;0;0;0;0;0;0;0;0;0;0;0;0;0;0;0;0;0;0;0;100;0;100;0;100
20.03.2024;03:31;A 48;1;1;7;0;0;0;0;0;0;0;0;0;0;0;0;0;0;0;0;0;100;0;100;0;100
20.03.2024;03:30;A 48;1;0;0;0;0;0;0;0;0;0;0;0;0;0;0;0;0;0;0;0;100;0;100;0;100
20.03.2024;03:29;A 48;1;0;0;0;0;0;0;0;0;0;0;0;0;0;0;0;0;0;0;0;100;0;100;0;100
20.03.2024;03:28;A 48;1;0;0;0;0;1;4;0;0;0;0;0;0;0;0;0;0;0;0;0;100;0;100;0;100
20.03.2024;03:27;A 48;1;0;0;0;0;0;0;0;0;0;0;0;0;0;0;0;0;0;0;0;100;0;100;0;100
20.03.2024;03:26;A 48;1;0;0;2;1;1;3;0;0;0;0;0;0;0;0;0;0;0;0;0;100;0;100;0;100
20.03.2024;03:25;A 48;1;0;0;0;0;0;0;0;0;0;0;0;0;0;0;0;0;0;0;0;100;0;100;0;100
20.03.2024;03:24;A 48;1;0;0;0;0;0;0;0;0;0;0;0;0;0;0;0;0;0;0;0;100;0;100;0;100
20.03.2024;03:23;A 48;1;0;0;0;0;1;3;0;0;0;0;0;0;0;0;0;0;0;0;0;100;0;100;0;100
20.03.2024;03:22;A 48;1;0;0;0;0;0;0;0;0;0;0;0;0;0;0;0;0;0;0;0;100;0;100;0;100
20.03.2024;03:21;A 48;1;0;0;0;0;0;0;0;0;0;0;0;0;0;0;0;0;0;0;0;100;0;100;0;100
20.03.2024;03:20;A 48;1;0;0;0;0;0;0;0;0;1;15;1;1;0;0;1;1;0;0;0;100;0;100;0;100
20.03.2024;03:19;A 48;1;0;0;0;0;0;0;3;2;0;0;0;0;0;0;0;0;0;0;0;100;0;100;0;100
20.03.2024;03:18;A 48;1;0;0;0;0;1;3;0;0;0;0;0;0;0;0;0;0;0;0;0;100;0;100;0;100
20.03.2024;03:17;A 48;1;0;0;0;0;2;2;0;0;0;0;0;0;0;0;0;0;0;0;0;100;0;100;0;100
20.03.2024;03:16;A 48;1;2;6;0;0;1;4;0;0;0;0;0;0;0;0;0;0;0;0;0;100;0;100;0;100
20.03.2024;03:15;A 48;1;0;0;0;0;0;0;0;0;0;0;0;0;0;0;0;0;0;0;0;100;0;100;0;100
20.03.2024;03:14;A 48;1;0;0;0;0;0;0;0;0;0;0;0;0;0;0;0;0;0;0;0;100;0;100;0;100
20.03.2024;03:13;A 48;1;0;0;0;0;0;0;0;0;0;0;0;0;0;0;0;0;0;0;0;100;0;100;0;100
20.03.2024;03:12;A 48;1;0;0;0;0;0;0;0;0;0;0;0;0;0;0;0;0;0;0;0;100;0;100;0;100
20.03.2024;03:11;A 48;1;0;0;0;0;2;2;0;0;0;0;0;0;0;0;0;0;0;0;0;100;0;100;0;100
20.03.2024;03:10;A 48;1;0;0;0;0;0;0;0;0;0;0;0;0;0;0;0;0;0;0;0;100;0;100;0;100
20.03.2024;03:09;A 48;1;0;0;0;0;0;0;0;0;0;0;0;0;0;0;0;0;0;0;0;100;0;100;0;100
20.03.2024;03:08;A 48;1;0;0;0;0;0;0;0;0;0;0;0;0;0;0;0;0;0;0;0;100;0;100;0;100
20.03.2024;03:07;A 48;1;0;0;0;0;0;0;0;0;0;0;0;0;0;0;0;0;0;0;0;100;0;100;0;100
20.03.2024;03:06;A 48;1;0;0;0;0;0;0;0;0;0;0;0;0;0;0;0;0;0;0;0;100;0;100;0;100
20.03.2024;03:05;A 48;1;2;4;0;0;0;0;0;0;0;0;0;0;0;0;0;0;0;0;0;100;0;100;0;100
20.03.2024;03:04;A 48;1;1;3;0;0;0;0;0;0;0;0;0;0;0;0;0;0;0;0;0;100;0;100;0;100
20.03.2024;03:03;A 48;1;0;0;0;0;0;0;0;0;0;0;0;0;0;0;0;0;0;0;0;100;0;100;0;100
20.03.2024;03:02;A 48;1;0;0;0;0;1;3;1;3;0;0;0;0;0;0;0;0;0;0;0;100;0;100;0;100
20.03.2024;03:01;A 48;1;0;0;1;2;0;0;0;0;0;0;0;0;0;0;0;0;0;0;0;100;0;100;0;100
20.03.2024;03:00;A 48;1;0;0;0;0;0;0;0;0;0;0;0;0;0;0;0;0;0;0;0;100;0;100;0;100
20.03.2024;02:59;A 48;1;0;0;0;0;0;0;0;0;0;0;0;0;0;0;0;0;0;0;0;100;0;100;0;100
20.03.2024;02:58;A 48;1;2;5;0;0;0;0;0;0;0;0;0;0;0;0;0;0;0;0;0;100;0;100;0;100
20.03.2024;02:57;A 48;1;0;0;0;0;0;0;0;0;0;0;0;0;0;0;0;0;0;0;0;100;0;100;0;100
20.03.2024;02:56;A 48;1;0;0;0;0;0;0;0;0;0;0;0;0;0;0;0;0;0;0;0;100;0;100;0;100
20.03.2024;02:55;A 48;1;0;0;0;0;0;0;0;0;0;0;0;0;0;0;0;0;0;0;0;100;0;100;0;100
20.03.2024;02:54;A 48;1;0;0;0;0;0;0;0;0;0;0;0;0;0;0;0;0;0;0;0;100;0;100;0;100
20.03.2024;02:53;A 48;1;1;2;0;0;0;0;0;0;0;0;0;0;0;0;0;0;0;0;0;100;0;100;0;100
20.03.2024;02:52;A 48;1;0;0;0;0;0;0;0;0;0;0;0;0;0;0;0;0;0;0;0;100;0;100;0;100
20.03.2024;02:51;A 48;1;0;0;0;0;0;0;0;0;0;0;0;0;0;0;0;0;0;0;0;100;0;100;0;100
20.03.2024;02:50;A 48;1;0;0;0;0;0;0;0;0;0;0;0;0;0;0;0;0;0;0;0;100;0;100;0;100
20.03.2024;02:49;A 48;1;0;0;0;0;0;0;2;3;0;0;0;0;0;0;0;0;0;0;0;100;0;100;0;100
20.03.2024;02:48;A 48;1;0;0;0;0;0;0;0;0;0;0;0;0;0;0;0;0;0;0;0;100;0;100;0;100
20.03.2024;02:47;A 48;1;0;0;0;0;0;0;0;0;0;0;0;0;0;0;0;0;0;0;0;100;0;100;0;100
20.03.2024;02:46;A 48;1;0;0;0;0;0;0;0;0;0;0;0;0;0;0;0;0;0;0;0;100;0;100;0;100
20.03.2024;02:45;A 48;1;1;3;0;0;0;0;0;0;0;0;0;0;0;0;0;0;0;0;0;100;0;100;0;100
20.03.2024;02:44;A 48;1;1;0;2;2;2;3;0;0;0;0;0;0;0;0;0;0;0;0;0;100;0;100;0;100
20.03.2024;02:43;A 48;1;1;4;0;0;0;0;0;0;0;0;0;0;0;0;0;0;0;0;0;100;0;100;0;100
20.03.2024;02:42;A 48;1;0;0;1;0;0;0;0;0;0;0;0;0;0;0;0;0;0;0;0;100;0;100;0;100
20.03.2024;02:41;A 48;1;0;0;0;0;0;0;0;0;0;0;0;0;0;0;0;0;0;0;0;100;0;100;0;100
20.03.2024;02:40;A 48;1;1;2;0;0;0;0;0;0;0;0;0;0;0;0;0;0;0;0;0;100;0;100;0;100
20.03.2024;02:39;A 48;1;0;0;0;0;0;0;0;0;0;0;0;0;0;0;0;0;0;0;0;100;0;100;0;100
20.03.2024;02:38;A 48;1;0;0;0;0;0;0;0;0;0;0;0;0;0;0;0;0;0;0;0;100;0;100;0;100
20.03.2024;02:37;A 48;1;0;0;0;0;0;0;0;0;0;0;0;0;0;0;0;0;0;0;0;100;0;100;0;100
20.03.2024;02:36;A 48;1;0;0;0;0;0;0;0;0;0;0;0;0;0;0;0;0;0;0;0;100;0;100;0;100
20.03.2024;02:35;A 48;1;0;0;0;0;1;3;0;0;0;0;0;0;0;0;0;0;0;0;0;100;0;100;0;100
20.03.2024;02:34;A 48;1;0;0;0;0;0;0;0;0;0;0;0;0;0;0;0;0;0;0;0;100;0;100;0;100
20.03.2024;02:33;A 48;1;0;0;0;0;0;0;0;0;0;0;0;0;0;0;0;0;0;0;0;100;0;100;0;100
20.03.2024;02:32;A 48;1;0;0;0;0;0;0;0;0;0;0;0;0;0;0;0;0;0;0;0;100;0;100;0;100
20.03.2024;02:31;A 48;1;0;0;0;0;0;0;0;0;0;0;0;0;0;0;0;0;0;0;0;100;0;100;0;100
20.03.2024;02:30;A 48;1;0;0;0;0;2;1;0;0;0;0;0;0;0;0;0;0;0;0;0;100;0;100;0;100
20.03.2024;02:29;A 48;1;0;0;0;0;0;0;0;0;0;0;0;0;0;0;0;0;0;0;0;100;0;100;0;100
20.03.2024;02:28;A 48;1;0;0;1;3;0;0;2;1;0;0;0;0;0;0;0;0;0;0;0;100;0;100;0;100
20.03.2024;02:27;A 48;1;2;2;0;0;0;0;0;0;0;0;0;0;0;0;0;0;0;0;0;100;0;100;0;100
20.03.2024;02:26;A 48;1;0;0;0;0;0;0;0;0;0;0;0;0;0;0;0;0;0;0;0;100;0;100;0;100
20.03.2024;02:25;A 48;1;2;4;1;3;0;0;0;0;0;0;0;0;0;0;0;0;0;0;0;100;0;100;0;100
20.03.2024;02:24;A 48;1;2;3;0;0;0;0;0;0;0;0;0;0;0;0;0;0;0;0;0;100;0;100;0;100
20.03.2024;02:23;A 48;1;3;2;0;0;0;0;0;0;0;0;0;0;0;0;0;0;0;0;0;100;0;100;0;100
20.03.2024;02:22;A 48;1;0;0;0;0;2;1;2;4;0;0;0;0;0;0;0;0;0;0;0;100;0;100;0;100
20.03.2024;02:21;A 48;1;0;0;0;0;0;0;0;0;0;0;0;0;0;0;0;0;0;0;0;100;0;100;0;100
20.03.2024;02:20;A 48;1;0;0;0;0;0;0;0;0;0;0;0;0;0;0;0;0;0;0;0;100;0;100;0;100
20.03.2024;02:19;A 48;1;0;0;0;0;0;0;0;0;0;0;0;0;0;0;0;0;0;0;0;100;0;100;0;100
20.03.2024;02:18;A 48;1;0;0;0;0;0;0;0;0;0;0;0;0;0;0;0;0;0;0;0;100;0;100;0;100
20.03.2024;02:17;A 48;1;0;0;0;0;0;0;0;0;0;0;0;0;0;0;0;0;0;0;0;100;0;100;0;100
20.03.2024;02:16;A 48;1;1;4;0;0;0;0;0;0;0;0;0;0;0;0;0;0;0;0;0;100;0;100;0;100
20.03.2024;02:15;A 48;1;1;3;0;0;0;0;2;4;0;0;0;0;0;0;0;0;0;0;0;100;0;100;0;100
20.03.2024;02:14;A 48;1;1;3;0;0;0;0;0;0;0;0;0;0;0;0;0;0;0;0;0;100;0;100;0;100
20.03.2024;02:13;A 48;1;0;0;0;0;0;0;0;0;0;0;0;0;0;0;0;0;0;0;0;100;0;100;0;100
20.03.2024;02:12;A 48;1;0;0;0;0;0;0;0;0;0;0;0;0;0;0;0;0;0;0;0;100;0;100;0;100
20.03.2024;02:11;A 48;1;0;0;0;0;1;3;0;0;0;0;0;0;0;0;0;0;0;0;0;100;0;100;0;100
20.03.2024;02:10;A 48;1;0;0;0;0;0;0;0;0;0;0;0;0;0;0;0;0;0;0;0;100;0;100;0;100
20.03.2024;02:09;A 48;1;0;0;0;0;0;0;0;0;0;0;0;0;0;0;0;0;0;0;0;100;0;100;0;100
20.03.2024;02:08;A 48;1;0;0;0;0;0;0;0;0;0;0;0;0;0;0;0;0;0;0;0;100;0;100;0;100
20.03.2024;02:07;A 48;1;0;0;0;0;0;0;0;0;0;0;0;0;0;0;0;0;0;0;0;100;0;100;0;100
20.03.2024;02:06;A 48;1;0;0;0;0;2;2;0;0;0;0;0;0;0;0;0;0;0;0;0;100;0;100;0;100
20.03.2024;02:05;A 48;1;0;0;0;0;0;0;0;0;0;0;0;0;0;0;0;0;0;0;0;100;0;100;0;100
20.03.2024;02:04;A 48;1;0;0;0;0;0;0;0;0;0;0;0;0;0;0;0;0;0;0;0;100;0;100;0;100
20.03.2024;02:03;A 48;1;0;0;0;0;0;0;0;0;0;0;0;0;0;0;0;0;0;0;0;100;0;100;0;100
20.03.2024;02:02;A 48;1;0;0;0;0;0;0;0;0;0;0;0;0;0;0;0;0;0;0;0;100;0;100;0;100
20.03.2024;02:01;A 48;1;1;2;0;0;0;0;0;0;0;0;0;0;0;0;0;0;0;0;0;100;0;100;0;100
20.03.2024;02:00;A 48;1;0;0;0;0;1;5;0;0;0;0;0;0;0;0;0;0;0;0;0;100;0;100;0;100
20.03.2024;01:59;A 48;1;0;0;0;0;0;0;0;0;0;0;0;0;0;0;0;0;0;0;0;100;0;100;0;100
20.03.2024;01:58;A 48;1;0;0;0;0;0;0;0;0;0;0;0;0;0;0;0;0;0;0;0;100;0;100;0;100
20.03.2024;01:57;A 48;1;0;0;0;0;0;0;0;0;0;0;0;0;0;0;0;0;0;0;0;100;0;100;0;100
20.03.2024;01:56;A 48;1;0;0;0;0;0;0;0;0;0;0;0;0;0;0;0;0;0;0;0;100;0;100;0;100
20.03.2024;01:55;A 48;1;0;0;0;0;1;3;0;0;0;0;0;0;0;0;0;0;0;0;0;100;0;100;0;100
20.03.2024;01:54;A 48;1;0;0;0;0;0;0;0;0;0;0;0;0;0;0;0;0;0;0;0;100;0;100;0;100
20.03.2024;01:53;A 48;1;0;0;1;2;0;0;0;0;0;0;0;0;0;0;0;0;0;0;0;100;0;100;0;100
20.03.2024;01:52;A 48;1;0;0;0;0;0;0;0;0;0;0;0;0;0;0;0;0;0;0;0;100;0;100;0;100
20.03.2024;01:51;A 48;1;0;0;0;0;0;0;0;0;0;0;0;0;0;0;0;0;0;0;0;100;0;100;0;100
20.03.2024;01:50;A 48;1;0;0;0;0;0;0;0;0;0;0;0;0;0;0;0;0;0;0;0;100;0;100;0;100
20.03.2024;01:49;A 48;1;0;0;1;1;0;0;0;0;0;0;0;0;0;0;0;0;0;0;0;100;0;100;0;100
20.03.2024;01:48;A 48;1;0;0;0;0;0;0;0;0;0;0;0;0;0;0;0;0;0;0;0;100;0;100;0;100
20.03.2024;01:47;A 48;1;0;0;0;0;0;0;2;4;0;0;0;0;0;0;0;0;0;0;0;100;0;100;0;100
20.03.2024;01:46;A 48;1;0;0;0;0;0;0;0;0;0;0;0;0;0;0;0;0;0;0;0;100;0;100;0;100
20.03.2024;01:45;A 48;1;0;0;0;0;0;0;0;0;0;0;0;0;0;0;0;0;0;0;0;100;0;100;0;100
20.03.2024;01:44;A 48;1;0;0;0;0;0;0;0;0;0;0;0;0;0;0;0;0;0;0;0;100;0;100;0;100
20.03.2024;01:43;A 48;1;0;0;0;0;0;0;0;0;0;0;0;0;0;0;0;0;0;0;0;100;0;100;0;100
20.03.2024;01:42;A 48;1;0;0;0;0;0;0;0;0;0;0;0;0;0;0;0;0;0;0;0;100;0;100;0;100
20.03.2024;01:41;A 48;1;2;5;0;0;0;0;0;0;0;0;0;0;0;0;0;0;0;0;0;100;0;100;0;100
20.03.2024;01:40;A 48;1;0;0;0;0;0;0;0;0;0;0;0;0;0;0;0;0;0;0;0;100;0;100;0;100
20.03.2024;01:39;A 48;1;0;0;0;0;0;0;0;0;0;0;0;0;0;0;0;0;0;0;0;100;0;100;0;100
20.03.2024;01:38;A 48;1;0;0;0;0;0;0;0;0;0;0;0;0;0;0;0;0;0;0;0;100;0;100;0;100
20.03.2024;01:37;A 48;1;0;0;2;4;0;0;0;0;0;0;0;0;0;0;0;0;0;0;0;100;0;100;0;100
20.03.2024;01:36;A 48;1;0;0;0;0;0;0;0;0;0;0;0;0;0;0;0;0;0;0;0;100;0;100;0;100
20.03.2024;01:35;A 48;1;0;0;0;0;0;0;0;0;0;0;0;0;0;0;0;0;0;0;0;100;0;100;0;100
20.03.2024;01:34;A 48;1;0;0;0;0;2;2;1;3;0;0;0;0;0;0;0;0;0;0;0;100;0;100;0;100
20.03.2024;01:33;A 48;1;0;0;0;0;0;0;2;1;0;0;0;0;0;0;0;0;0;0;0;100;0;100;0;100
20.03.2024;01:32;A 48;1;0;0;0;0;0;0;0;0;0;0;0;0;0;0;0;0;0;0;0;100;0;100;0;100
20.03.2024;01:31;A 48;1;0;0;0;0;0;0;0;0;0;0;0;0;0;0;0;0;0;0;0;100;0;100;0;100
20.03.2024;01:30;A 48;1;0;0;0;0;2;2;0;0;0;0;0;0;0;0;0;0;0;0;0;100;0;100;0;100
20.03.2024;01:29;A 48;1;0;0;0;0;0;0;0;0;0;0;0;0;0;0;0;0;0;0;0;100;0;100;0;100
20.03.2024;01:28;A 48;1;0;0;0;0;0;0;0;0;0;0;0;0;0;0;0;0;0;0;0;100;0;100;0;100
20.03.2024;01:27;A 48;1;0;0;0;0;0;0;0;0;0;0;0;0;0;0;0;0;0;0;0;100;0;100;0;100
20.03.2024;01:26;A 48;1;0;0;0;0;0;0;0;0;0;0;0;0;0;0;0;0;0;0;0;100;0;100;0;100
20.03.2024;01:25;A 48;1;0;0;0;0;0;0;0;0;0;0;0;0;0;0;0;0;0;0;0;100;0;100;0;100
20.03.2024;01:24;A 48;1;1;7;0;0;0;0;0;0;0;0;0;0;0;0;0;0;0;0;0;100;0;100;0;100
20.03.2024;01:23;A 48;1;0;0;0;0;0;0;0;0;0;0;0;0;0;0;0;0;0;0;0;100;0;100;0;100
20.03.2024;01:22;A 48;1;0;0;0;0;0;0;0;0;0;0;0;0;0;0;0;0;0;0;0;100;0;100;0;100
20.03.2024;01:21;A 48;1;0;0;0;0;0;0;0;0;0;0;0;0;0;0;0;0;0;0;0;100;0;100;0;100
20.03.2024;01:20;A 48;1;0;0;0;0;1;3;0;0;0;0;0;0;0;0;0;0;0;0;0;100;0;100;0;100
20.03.2024;01:19;A 48;1;1;4;0;0;0;0;0;0;0;0;0;0;0;0;0;0;0;0;0;100;0;100;0;100
20.03.2024;01:18;A 48;1;0;0;0;0;0;0;0;0;0;0;0;0;0;0;0;0;0;0;0;100;0;100;0;100
20.03.2024;01:17;A 48;1;0;0;0;0;0;0;0;0;0;0;0;0;0;0;0;0;0;0;0;100;0;100;0;100
20.03.2024;01:16;A 48;1;0;0;0;0;0;0;0;0;1;15;0;0;1;1;0;0;1;1;0;100;0;100;0;100
20.03.2024;01:15;A 48;1;0;0;0;0;0;0;0;0;0;0;0;0;0;0;0;0;0;0;0;100;0;100;0;100
20.03.2024;01:14;A 48;1;0;0;0;0;0;0;0;0;0;0;0;0;0;0;0;0;0;0;0;100;0;100;0;100
20.03.2024;01:13;A 48;1;0;0;0;0;0;0;0;0;0;0;0;0;0;0;0;0;0;0;0;100;0;100;0;100
20.03.2024;01:12;A 48;1;0;0;0;0;2;3;0;0;0;0;0;0;0;0;0;0;0;0;0;100;0;100;0;100
20.03.2024;01:11;A 48;1;1;3;0;0;0;0;0;0;0;0;0;0;0;0;0;0;0;0;0;100;0;100;0;100
20.03.2024;01:10;A 48;1;1;3;0;0;1;3;0;0;0;0;0;0;0;0;0;0;0;0;0;100;0;100;0;100
20.03.2024;01:09;A 48;1;1;2;0;0;0;0;0;0;0;0;0;0;0;0;0;0;0;0;0;100;0;100;0;100
20.03.2024;01:08;A 48;1;0;0;0;0;0;0;0;0;0;0;0;0;0;0;0;0;0;0;0;100;0;100;0;100
20.03.2024;01:07;A 48;1;0;0;0;0;0;0;0;0;0;0;0;0;0;0;0;0;0;0;0;100;0;100;0;100
20.03.2024;01:06;A 48;1;1;2;0;0;0;0;1;6;0;0;0;0;0;0;0;0;0;0;0;100;0;100;0;100
20.03.2024;01:05;A 48;1;0;0;0;0;0;0;0;0;0;0;0;0;0;0;0;0;0;0;0;100;0;100;0;100
20.03.2024;01:04;A 48;1;0;0;0;0;0;0;1;2;0;0;0;0;0;0;0;0;0;0;0;100;0;100;0;100
20.03.2024;01:03;A 48;1;1;3;0;0;0;0;0;0;0;0;0;0;0;0;0;0;0;0;0;100;0;100;0;100
20.03.2024;01:02;A 48;1;0;0;1;1;3;8;0;0;0;0;0;0;0;0;0;0;0;0;0;100;0;100;0;100
20.03.2024;01:01;A 48;1;0;0;0;0;0;0;0;0;0;0;0;0;0;0;0;0;0;0;0;100;0;100;0;100
20.03.2024;01:00;A 48;1;0;0;0;0;1;3;0;0;0;0;0;0;0;0;0;0;0;0;0;100;0;100;0;100
