Datum;Uhrzeit;Bezeichnung;Intervall;d11Z;d11B;d12Z;d12B;d20Z;d20B;d21Z;d21B;d22Z;d22B;d31Z;d31B;d41Z;d41B;vd13Z;vd13B;vd14Z;vd14B;vd15Z;vd15B;vd16Z;vd16B;vd23Z;vd23B;vd24Z;vd24B;vd42Z;vd42B;sk1Z;sk1B;sk2Z;sk2B;sk3Z;sk3B;tafg31Z;tafg31B;tafb31Z;tafb31B;tafb38Z;tafb38B;tafb41Z;tafb41B;eg11Z;eg11B;eg12Z;eg12B;eg13Z;eg13B;V1StoerZ;V1StoerB;V2StoerZ;V2StoerB;V3StoerZ;V3StoerB;V4StoerZ;V4StoerB;d42Z;d42B
03.02.2024;01:00;A 95;1;0;0;0;0;0;0;0;0;0;0;0;0;201;48;0;0;0;0;0;0;0;0;0;0;0;0;0;0;0;0;0;0;0;0;0;0;0;0;0;0;0;0;0;0;0;0;0;0;0;0;0;0;0;0;0;0;0;0
03.02.2024;00:59;A 95;1;0;0;0;0;0;0;2;3;4;4;4;3;206;56;2;12;3;19;0;0;1;2;0;0;0;0;0;0;0;0;0;0;0;0;0;0;0;0;0;0;0;0;0;0;0;0;0;0;0;0;0;0;0;0;0;0;0;0
03.02.2024;00:58;A 95;1;1;1;1;1;1;1;3;3;2;3;2;3;199;45;1;0;1;6;0;0;1;1;0;0;0;0;0;0;1;0;0;0;0;0;0;0;0;0;0;0;0;0;0;0;0;0;0;0;0;0;0;0;0;0;0;0;0;0
03.02.2024;00:57;A 95;1;0;0;0;0;0;0;1;1;2;3;1;1;263;47;0;0;0;0;0;0;0;0;0;0;0;0;0;0;0;0;0;0;0;0;0;0;0;0;0;0;0;0;0;0;0;0;0;0;0;0;0;0;0;0;0;0;0;0
03.02.2024;00:56;A 95;1;2;1;2;2;3;4;4;4;3;3;4;5;258;44;1;0;0;0;0;0;0;0;0;0;1;1;1;1;2;4;0;0;0;0;0;0;0;0;0;0;0;0;0;0;0;0;0;0;0;0;0;0;0;0;0;0;0;0
03.02.2024;00:55;A 95;1;3;1;2;23;0;0;1;1;1;1;1;1;192;64;0;0;1;6;0;0;1;1;0;0;0;0;0;0;0;0;0;0;0;0;0;0;0;0;0;0;0;0;0;0;0;0;0;0;0;0;0;0;0;0;0;0;0;0
03.02.2024;00:54;A 95;1;1;1;1;1;1;0;1;0;1;0;1;1;237;52;2;59;0;0;2;5;0;0;0;0;0;0;0;0;0;0;0;0;0;0;0;0;0;0;0;0;0;0;0;0;0;0;0;0;0;0;0;0;0;0;0;0;0;0
03.02.2024;00:53;A 95;1;1;1;1;1;2;2;1;0;1;0;1;1;213;51;0;0;0;0;0;0;0;0;0;0;0;0;0;0;0;0;0;0;0;0;0;0;0;0;0;0;0;0;0;0;0;0;0;0;0;0;0;0;0;0;0;0;0;0
03.02.2024;00:52;A 95;1;0;0;0;0;0;0;2;1;1;1;1;1;191;45;0;0;0;0;0;0;1;0;0;0;0;0;0;0;0;0;0;0;0;0;0;0;0;0;0;0;0;0;0;0;0;0;0;0;0;0;0;0;0;0;0;0;0;0
03.02.2024;00:51;A 95;1;1;0;2;1;2;2;0;0;0;0;0;0;218;61;1;1;1;5;2;1;2;2;0;0;0;0;0;0;1;0;0;0;0;0;0;0;0;0;0;0;0;0;0;0;0;0;0;0;0;0;0;0;0;0;0;0;0;0
03.02.2024;00:50;A 95;1;0;0;0;0;0;0;1;1;1;1;1;1;241;50;0;0;1;7;0;0;1;1;0;0;0;0;0;0;0;0;0;0;0;0;0;0;0;0;0;0;0;0;0;0;0;0;0;0;0;0;0;0;0;0;0;0;0;0
03.02.2024;00:49;A 95;1;0;0;0;0;0;0;1;1;2;1;1;1;226;51;0;0;1;5;0;0;1;0;1;1;2;2;1;1;1;0;0;0;0;0;0;0;0;0;0;0;0;0;0;0;0;0;0;0;0;0;0;0;0;0;0;0;0;0
03.02.2024;00:48;A 95;1;0;0;0;0;0;0;0;0;0;0;0;0;234;49;0;0;0;0;0;0;1;0;0;0;0;0;0;0;0;0;0;0;0;0;0;0;0;0;0;0;0;0;0;0;0;0;0;0;0;0;0;0;0;0;0;0;0;0
03.02.2024;00:47;A 95;1;0;0;0;0;0;0;1;0;1;0;1;1;241;41;0;0;0;0;0;0;0;0;0;0;0;0;0;0;0;0;0;0;0;0;0;0;0;0;0;0;0;0;0;0;0;0;0;0;0;0;0;0;0;0;0;0;0;0
03.02.2024;00:46;A 95;1;2;1;1;1;1;1;0;0;0;0;0;0;261;46;0;0;0;0;0;0;0;0;0;0;1;3;1;1;0;0;0;0;0;0;0;0;0;0;0;0;0;0;0;0;0;0;0;0;0;0;0;0;0;0;0;0;0;0
03.02.2024;00:45;A 95;1;1;1;2;1;2;2;0;0;0;0;0;0;239;46;0;0;2;10;0;0;2;2;0;0;1;0;0;0;2;2;0;0;0;0;0;0;0;0;0;0;0;0;0;0;0;0;0;0;0;0;0;0;0;0;0;0;0;0
03.02.2024;00:44;A 95;1;0;0;0;0;0;0;1;1;1;1;1;0;239;39;1;15;0;0;1;3;1;1;0;0;1;7;1;1;0;0;0;0;0;0;0;0;0;0;0;0;0;0;0;0;0;0;0;0;0;0;0;0;0;0;0;0;0;0
03.02.2024;00:43;A 95;1;0;0;0;0;0;0;1;0;1;1;1;1;264;48;1;15;1;7;1;1;2;1;0;0;3;14;2;3;1;0;0;0;0;0;0;0;0;0;0;0;0;0;0;0;0;0;0;0;0;0;0;0;0;0;0;0;0;0
03.02.2024;00:42;A 95;1;0;0;1;0;1;1;5;5;3;5;2;2;246;53;0;0;0;0;0;0;0;0;0;0;0;0;0;0;0;0;0;0;0;0;0;0;0;0;0;0;0;0;0;0;0;0;0;0;0;0;0;0;0;0;0;0;0;0
03.02.2024;00:41;A 95;1;0;0;0;0;0;0;0;0;0;0;0;0;230;46;0;0;1;7;0;0;1;1;0;0;0;0;0;0;1;0;0;0;0;0;0;0;0;0;0;0;0;0;0;0;0;0;0;0;0;0;0;0;0;0;0;0;0;0
03.02.2024;00:40;A 95;1;1;1;1;9;2;4;0;0;1;2;1;1;234;48;0;0;0;0;0;0;0;0;2;2;0;0;0;0;0;0;0;0;0;0;0;0;0;0;0;0;0;0;0;0;0;0;0;0;0;0;0;0;0;0;0;0;0;0
03.02.2024;00:39;A 95;1;0;0;0;0;0;0;3;4;2;2;2;2;222;47;0;0;0;0;0;0;0;0;0;0;0;0;0;0;0;0;0;0;0;0;0;0;0;0;0;0;0;0;0;0;0;0;0;0;0;0;0;0;0;0;0;0;0;0
03.02.2024;00:38;A 95;1;0;0;0;0;0;0;0;0;0;0;0;0;233;42;0;0;0;0;0;0;0;0;0;0;0;0;0;0;0;0;0;0;0;0;0;0;0;0;0;0;0;0;0;0;0;0;0;0;0;0;0;0;0;0;0;0;0;0
03.02.2024;00:37;A 95;1;0;0;0;0;0;0;2;0;1;1;1;1;238;40;0;0;0;0;0;0;0;0;0;0;0;0;0;0;0;0;0;0;0;0;0;0;0;0;0;0;0;0;0;0;0;0;0;0;0;0;0;0;0;0;0;0;0;0
03.02.2024;00:36;A 95;1;0;0;1;1;1;1;0;0;1;1;0;0;229;44;0;0;0;0;0;0;0;0;0;0;1;7;1;1;0;0;0;0;0;0;0;0;0;0;0;0;0;0;0;0;0;0;0;0;0;0;0;0;0;0;0;0;0;0
03.02.2024;00:35;A 95;1;0;0;0;0;0;0;0;0;0;0;0;0;237;50;0;0;0;0;0;0;0;0;0;0;0;0;0;0;0;0;0;0;0;0;0;0;0;0;0;0;0;0;0;0;0;0;0;0;0;0;0;0;0;0;0;0;0;0
03.02.2024;00:34;A 95;1;0;0;1;0;0;0;1;0;1;1;1;1;251;50;1;0;0;0;0;0;0;0;0;0;0;0;0;0;0;0;0;0;0;0;0;0;0;0;0;0;0;0;0;0;0;0;0;0;0;0;0;0;0;0;0;0;0;0
03.02.2024;00:33;A 95;1;1;0;1;1;1;1;3;9;4;27;4;5;258;49;1;0;2;3;0;0;1;0;0;0;0;0;0;0;1;0;0;0;0;0;0;0;0;0;0;0;0;0;0;0;0;0;0;0;0;0;0;0;0;0;0;0;0;0
03.02.2024;00:32;A 95;1;0;0;0;0;0;0;2;1;3;4;3;3;232;42;1;5;1;5;0;0;1;1;0;0;0;0;0;0;0;0;0;0;0;0;0;0;0;0;0;0;0;0;0;0;0;0;0;0;0;0;0;0;0;0;0;0;0;0
03.02.2024;00:31;A 95;1;1;2;1;1;0;0;2;3;3;7;2;4;234;51;0;0;1;4;0;0;1;0;0;0;1;2;1;0;1;0;0;0;0;0;0;0;0;0;0;0;0;0;0;0;0;0;0;0;0;0;0;0;0;0;0;0;0;0
03.02.2024;00:30;A 95;1;1;1;1;1;1;1;0;0;0;0;0;0;224;50;0;0;0;0;0;0;0;0;0;0;0;0;0;0;0;0;0;0;0;0;0;0;0;0;0;0;0;0;0;0;0;0;0;0;0;0;0;0;0;0;0;0;0;0
03.02.2024;00:29;A 95;1;0;0;0;0;0;0;0;0;1;1;1;1;184;67;0;0;0;0;0;0;0;0;0;0;0;0;0;0;0;0;0;0;0;0;0;0;0;0;0;0;0;0;0;0;0;0;0;0;0;0;0;0;0;0;0;0;0;0
03.02.2024;00:28;A 95;1;2;3;2;2;2;2;0;0;0;0;0;0;154;59;0;0;0;0;0;0;0;0;0;0;0;0;0;0;1;0;0;0;0;0;0;0;0;0;0;0;0;0;0;0;0;0;0;0;0;0;0;0;0;0;0;0;0;0
03.02.2024;00:27;A 95;1;3;20;3;21;2;3;1;1;1;1;2;2;183;43;2;2;2;18;0;0;2;6;0;0;0;0;0;0;0;0;0;0;0;0;0;0;0;0;0;0;0;0;0;0;0;0;0;0;0;0;0;0;0;0;0;0;0;0
03.02.2024;00:26;A 95;1;0;0;0;0;0;0;4;2;3;5;1;1;186;46;0;0;0;0;0;0;0;0;0;0;0;0;0;0;0;0;0;0;0;0;0;0;0;0;0;0;0;0;0;0;0;0;0;0;0;0;0;0;0;0;0;0;0;0
03.02.2024;00:25;A 95;1;0;0;0;0;1;0;0;0;0;0;1;1;221;52;1;0;1;4;0;0;1;1;0;0;0;0;0;0;0;0;0;0;0;0;0;0;0;0;0;0;0;0;0;0;0;0;0;0;0;0;0;0;0;0;0;0;0;0
03.02.2024;00:24;A 95;1;1;0;1;0;1;0;2;2;3;10;3;4;226;60;0;0;2;3;0;0;1;0;0;0;1;5;1;1;1;0;0;0;0;0;0;0;0;0;0;0;0;0;0;0;0;0;0;0;0;0;0;0;0;0;0;0;0;0
03.02.2024;00:23;A 95;1;1;0;1;1;0;0;8;6;6;8;6;8;172;59;0;0;0;0;0;0;0;0;0;0;0;0;0;0;0;0;0;0;0;0;0;0;0;0;0;0;0;0;0;0;0;0;0;0;0;0;0;0;0;0;0;0;0;0
03.02.2024;00:22;A 95;1;0;0;0;0;0;0;0;0;0;0;0;0;201;58;0;0;0;0;0;0;0;0;0;0;0;0;0;0;0;0;0;0;0;0;0;0;0;0;0;0;0;0;0;0;0;0;0;0;0;0;0;0;0;0;0;0;0;0
03.02.2024;00:21;A 95;1;0;0;0;0;0;0;2;4;3;38;3;4;226;57;0;0;0;0;0;0;0;0;0;0;0;0;0;0;0;0;0;0;1;1;0;0;0;0;0;0;0;0;0;0;0;0;0;0;0;0;0;0;0;0;0;0;0;0
03.02.2024;00:20;A 95;1;0;0;0;0;1;1;2;2;2;2;1;1;257;54;1;1;0;0;0;0;0;0;0;0;0;0;0;0;0;0;0;0;0;0;0;0;0;0;0;0;0;0;0;0;0;0;0;0;0;0;0;0;0;0;0;0;0;0
03.02.2024;00:19;A 95;1;0;0;0;0;0;0;3;27;4;26;4;6;235;51;0;0;1;5;0;0;1;1;0;0;0;0;0;0;0;0;0;0;0;0;0;0;0;0;0;0;0;0;0;0;0;0;0;0;0;0;0;0;0;0;0;0;0;0
03.02.2024;00:18;A 95;1;0;0;1;1;0;0;1;2;1;1;1;0;166;32;0;0;0;0;0;0;0;0;0;0;2;3;1;1;0;0;0;0;0;0;0;0;0;0;0;0;0;0;0;0;0;0;0;0;0;0;0;0;0;0;0;0;0;0
03.02.2024;00:17;A 95;1;0;0;0;0;0;0;0;0;0;0;0;0;174;41;1;14;0;0;1;5;0;0;0;0;0;0;0;0;0;0;0;0;0;0;0;0;0;0;0;0;0;0;0;0;0;0;0;0;0;0;0;0;0;0;0;0;0;0
03.02.2024;00:16;A 95;1;0;0;0;0;0;0;2;3;2;3;2;3;211;40;2;1;0;0;0;0;0;0;0;0;0;0;0;0;0;0;0;0;0;0;0;0;0;0;0;0;0;0;0;0;0;0;0;0;0;0;0;0;0;0;0;0;0;0
03.02.2024;00:15;A 95;1;1;0;1;1;1;1;4;5;3;5;2;3;206;42;0;0;0;0;0;0;0;0;0;0;1;7;1;1;1;0;0;0;0;0;0;0;0;0;0;0;0;0;0;0;0;0;0;0;0;0;0;0;0;0;0;0;0;0
03.02.2024;00:14;A 95;1;0;0;0;0;0;0;1;0;1;1;2;3;199;35;0;0;3;13;0;0;2;2;0;0;1;6;1;1;1;1;0;0;0;0;0;0;0;0;0;0;0;0;0;0;0;0;0;0;0;0;0;0;0;0;0;0;0;0
03.02.2024;00:13;A 95;1;3;1;2;5;2;3;2;1;1;1;1;1;149;31;3;3;0;0;3;6;0;0;0;0;0;0;0;0;1;0;0;0;0;0;0;0;0;0;0;0;0;0;0;0;0;0;0;0;0;0;0;0;0;0;0;0;0;0
03.02.2024;00:12;A 95;1;1;0;1;1;1;1;1;0;2;2;1;1;152;47;3;5;2;7;1;22;1;1;0;0;0;0;0;0;0;0;0;0;0;0;0;0;0;0;0;0;0;0;0;0;0;0;0;0;0;0;0;0;0;0;0;0;0;0
03.02.2024;00:11;A 95;1;2;2;1;1;0;1;0;0;3;12;3;5;198;57;0;0;1;8;1;1;1;1;0;0;1;4;1;1;1;1;0;0;0;0;0;0;0;0;0;0;0;0;0;0;0;0;0;0;0;0;0;0;0;0;0;0;0;0
03.02.2024;00:10;A 95;1;0;0;0;0;1;0;4;5;3;19;3;4;190;55;0;0;1;5;0;0;1;0;0;0;0;0;0;0;1;0;0;0;0;0;0;0;0;0;0;0;0;0;0;0;0;0;0;0;0;0;0;0;0;0;0;0;0;0
03.02.2024;00:09;A 95;1;0;0;0;0;0;0;0;0;1;0;1;1;227;59;0;0;1;7;0;0;1;1;0;0;2;3;1;1;2;2;0;0;0;0;0;0;0;0;0;0;0;0;0;0;0;0;0;0;0;0;0;0;0;0;0;0;0;0
03.02.2024;00:08;A 95;1;0;0;0;0;0;0;0;0;0;0;0;0;212;56;1;1;2;9;0;0;1;1;0;0;0;0;0;0;0;0;0;0;0;0;0;0;0;0;0;0;0;0;0;0;0;0;0;0;0;0;0;0;0;0;0;0;0;0
03.02.2024;00:07;A 95;1;0;0;0;0;0;0;2;1;2;2;2;1;238;53;0;0;2;7;0;0;1;1;0;0;1;7;1;1;1;0;0;0;0;0;0;0;0;0;0;0;0;0;0;0;0;0;0;0;0;0;0;0;0;0;0;0;0;0
03.02.2024;00:06;A 95;1;0;0;0;0;0;0;3;2;2;4;2;3;234;50;3;21;0;0;2;9;0;0;0;0;0;0;0;0;0;0;0;0;0;0;0;0;0;0;0;0;0;0;0;0;0;0;0;0;0;0;0;0;0;0;0;0;0;0
03.02.2024;00:05;A 95;1;0;0;0;0;0;0;2;1;1;1;1;1;229;59;0;0;0;0;0;0;0;0;0;0;2;2;1;0;0;0;0;0;0;0;0;0;0;0;0;0;0;0;0;0;0;0;0;0;0;0;0;0;0;0;0;0;0;0
03.02.2024;00:04;A 95;1;0;0;0;0;0;0;3;17;3;16;3;5;196;44;1;52;0;0;0;0;0;0;0;0;2;15;2;2;1;1;0;0;0;0;0;0;0;0;0;0;0;0;0;0;0;0;0;0;0;0;0;0;0;0;0;0;0;0
03.02.2024;00:03;A 95;1;0;0;0;0;0;0;0;0;0;0;0;0;189;44;0;0;1;3;0;0;1;0;0;0;0;4;0;0;0;0;0;0;0;0;0;0;0;0;0;0;0;0;0;0;0;0;0;0;0;0;0;0;0;0;0;0;0;0
03.02.2024;00:02;A 95;1;0;0;0;0;0;0;1;0;1;0;1;0;230;39;2;1;1;14;1;1;2;2;1;0;2;9;2;2;1;0;0;0;0;0;0;0;0;0;0;0;0;0;0;0;0;0;0;0;0;0;0;0;0;0;0;0;0;0
03.02.2024;00:01;A 95;1;5;5;3;7;3;5;1;0;2;1;2;2;221;58;1;5;0;0;1;4;0;0;0;0;1;7;1;1;1;0;0;0;0;0;0;0;0;0;0;0;0;0;0;0;0;0;0;0;0;0;0;0;0;0;0;0;0;0
03.02.2024;00:00;A 95;1;0;0;0;0;0;0;0;0;0;0;0;0;231;55;1;0;2;8;0;0;2;1;0;0;0;0;0;0;1;0;0;0;0;0;0;0;0;0;0;0;0;0;0;0;0;0;0;0;0;0;0;0;0;0;0;0;0;0
02.02.2024;23:59;A 95;1;2;9;2;5;1;1;4;26;2;6;2;6;220;51;3;5;1;11;0;0;1;4;0;0;0;0;0;0;0;0;0;0;0;0;0;0;0;0;0;0;0;0;0;0;0;0;0;0;0;0;0;0;0;0;0;0;0;0
02.02.2024;23:58;A 95;1;0;0;0;0;0;0;4;15;2;6;1;1;216;60;2;3;0;9;0;0;0;3;1;1;0;0;0;0;0;0;0;0;0;0;0;0;0;0;0;0;0;0;0;0;0;0;0;0;0;0;0;0;0;0;0;0;0;0
02.02.2024;23:57;A 95;1;3;1;1;1;1;1;3;3;2;3;3;5;198;55;1;32;3;9;1;5;4;3;0;0;0;0;0;0;1;1;0;0;0;0;0;0;0;0;0;0;0;0;0;0;0;0;0;0;0;0;0;0;0;0;0;0;0;0
02.02.2024;23:56;A 95;1;0;0;0;0;0;0;0;0;0;0;0;0;228;60;1;1;0;0;1;2;0;0;0;0;0;0;0;0;0;0;0;0;0;0;0;0;0;0;0;0;0;0;0;0;0;0;0;0;0;0;0;0;0;0;0;0;0;0
02.02.2024;23:55;A 95;1;0;0;0;0;0;0;0;0;0;0;0;0;219;55;2;24;0;0;2;4;0;0;0;0;0;0;0;0;1;0;0;0;0;0;0;0;0;0;0;0;0;0;0;0;0;0;0;0;0;0;0;0;0;0;0;0;0;0
02.02.2024;23:54;A 95;1;0;0;0;0;0;0;0;0;0;0;0;0;235;57;2;24;0;0;3;7;0;0;0;0;1;4;1;0;0;0;0;0;0;0;0;0;0;0;0;0;0;0;0;0;0;0;0;0;0;0;0;0;0;0;0;0;0;0
02.02.2024;23:53;A 95;1;2;1;1;1;1;1;0;0;0;0;0;0;183;55;1;24;1;7;1;6;1;1;0;0;0;0;0;0;1;0;0;0;0;0;0;0;0;0;0;0;0;0;0;0;0;0;0;0;0;0;0;0;0;0;0;0;0;0
02.02.2024;23:52;A 95;1;0;0;0;0;0;0;0;0;0;0;0;0;230;58;0;0;1;5;0;0;1;1;0;0;1;6;1;1;1;0;0;0;0;0;0;0;0;0;0;0;0;0;0;0;0;0;0;0;0;0;0;0;0;0;0;0;0;0
02.02.2024;23:51;A 95;1;0;0;0;0;0;0;1;1;1;1;1;1;205;61;1;20;0;0;0;0;0;0;0;0;0;0;0;0;0;0;0;0;0;0;0;0;0;0;0;0;0;0;0;0;0;0;0;0;0;0;0;0;0;0;0;0;0;0
02.02.2024;23:50;A 95;1;1;2;1;2;2;3;3;10;3;8;1;1;215;60;1;9;2;5;1;6;1;1;1;1;0;0;0;0;1;0;0;0;0;0;0;0;0;0;0;0;0;0;0;0;0;0;0;0;0;0;0;0;0;0;0;0;0;0
02.02.2024;23:49;A 95;1;0;0;0;0;0;0;1;2;2;3;2;2;198;57;1;0;1;1;0;0;1;1;0;0;1;5;1;1;0;0;0;0;0;0;0;0;0;0;0;0;0;0;0;0;0;0;0;0;0;0;0;0;0;0;0;0;0;0
02.02.2024;23:48;A 95;1;2;1;2;1;2;2;2;1;2;1;2;2;173;45;0;0;1;2;0;0;1;0;0;0;4;15;3;3;0;0;0;0;0;0;0;0;0;0;0;0;0;0;0;0;0;0;0;0;0;0;0;0;0;0;0;0;0;0
02.02.2024;23:47;A 95;1;1;0;1;1;1;1;1;0;1;1;1;1;261;53;1;1;0;0;1;2;1;0;0;0;0;0;0;0;0;0;0;0;0;0;0;0;0;0;0;0;0;0;0;0;0;0;0;0;0;0;0;0;0;0;0;0;0;0
02.02.2024;23:46;A 95;1;0;0;0;0;0;0;1;0;3;3;3;4;251;54;1;0;2;13;0;0;3;3;0;0;0;0;0;0;1;1;0;0;0;0;0;0;0;0;0;0;0;0;0;0;0;0;0;0;0;0;0;0;0;0;0;0;0;0
02.02.2024;23:45;A 95;1;0;0;0;0;0;0;2;2;2;3;2;3;245;42;0;0;0;0;0;0;0;0;0;0;4;14;3;3;0;0;0;0;0;0;0;0;0;0;0;0;0;0;0;0;0;0;0;0;0;0;0;0;0;0;0;0;0;0
02.02.2024;23:44;A 95;1;0;0;0;0;0;0;2;3;2;3;2;3;249;48;0;0;0;0;0;0;0;0;0;0;2;10;2;2;0;0;0;0;0;0;0;0;0;0;0;0;0;0;0;0;0;0;0;0;0;0;0;0;0;0;0;0;0;0
02.02.2024;23:43;A 95;1;0;0;0;0;0;0;1;2;1;1;1;1;234;59;0;0;0;0;0;0;0;0;0;0;2;5;1;0;0;0;0;0;0;0;0;0;0;0;0;0;0;0;0;0;0;0;0;0;0;0;0;0;0;0;0;0;0;0
02.02.2024;23:42;A 95;1;1;0;1;1;2;3;2;3;2;2;0;0;238;65;0;0;1;5;0;0;1;1;0;0;0;0;0;0;1;0;0;0;0;0;0;0;0;0;0;0;0;0;0;0;0;0;0;0;0;0;0;0;0;0;0;0;0;0
02.02.2024;23:41;A 95;1;7;34;2;5;1;4;2;1;3;4;7;6;230;65;0;0;1;7;0;0;1;1;1;3;1;4;1;1;1;0;0;0;0;0;0;0;0;0;0;0;0;0;0;0;0;0;0;0;0;0;0;0;0;0;0;0;0;0
02.02.2024;23:40;A 95;1;1;0;1;0;1;0;1;1;1;1;1;1;187;58;0;0;1;9;0;0;1;1;0;0;0;0;0;0;0;0;0;0;0;0;0;0;0;0;0;0;0;0;0;0;0;0;0;0;0;0;0;0;0;0;0;0;0;0
02.02.2024;23:39;A 95;1;2;2;2;2;2;2;6;5;4;6;4;6;205;54;2;20;2;5;1;0;1;0;0;0;0;0;0;0;2;1;1;1;0;0;0;0;0;0;0;0;0;0;0;0;0;0;0;0;0;0;0;0;0;0;0;0;0;0
02.02.2024;23:38;A 95;1;1;0;1;0;1;1;2;1;1;1;1;1;177;66;1;0;2;11;0;0;2;2;0;0;0;0;0;0;1;0;0;0;0;0;0;0;0;0;0;0;0;0;0;0;0;0;0;0;0;0;0;0;0;0;0;0;0;0
02.02.2024;23:37;A 95;1;2;1;2;2;2;2;2;0;2;1;2;1;155;64;0;6;2;5;1;4;1;1;0;0;2;6;1;1;2;1;0;0;0;0;0;0;0;0;0;0;0;0;0;0;0;0;0;0;0;0;0;0;0;0;0;0;0;0
02.02.2024;23:36;A 95;1;1;0;1;1;1;0;0;0;0;0;0;0;218;48;1;33;1;6;1;35;1;1;0;0;1;4;1;1;0;0;0;0;0;0;0;0;0;0;0;0;0;0;0;0;0;0;0;0;0;0;0;0;0;0;0;0;0;0
02.02.2024;23:35;A 95;1;2;3;2;3;1;2;2;1;1;1;1;1;201;61;0;0;1;5;0;0;1;0;0;0;0;0;0;0;1;0;0;0;0;0;0;0;0;0;0;0;0;0;0;0;0;0;0;0;0;0;0;0;0;0;0;0;0;0
02.02.2024;23:34;A 95;1;0;0;0;0;0;0;2;2;3;4;3;5;222;54;0;0;0;0;0;0;0;0;0;0;0;0;0;0;0;0;0;0;0;0;0;0;0;0;0;0;0;0;0;0;0;0;0;0;0;0;0;0;0;0;0;0;0;0
02.02.2024;23:33;A 95;1;3;6;2;6;2;3;0;0;2;3;2;3;204;53;1;0;0;7;0;0;1;1;0;0;0;0;0;0;2;1;0;0;0;0;0;0;0;0;0;0;0;0;0;0;0;0;0;0;0;0;0;0;0;0;0;0;0;0
02.02.2024;23:32;A 95;1;4;3;3;4;3;4;1;0;2;3;4;4;215;63;0;0;2;6;0;0;2;2;0;0;0;0;0;0;1;0;0;0;0;0;0;0;0;0;0;0;0;0;0;0;0;0;0;0;0;0;0;0;0;0;0;0;0;0
02.02.2024;23:31;A 95;1;1;0;1;1;1;1;3;4;4;6;5;6;188;73;0;0;0;0;0;0;0;0;0;0;0;0;0;0;0;0;0;0;0;0;0;0;0;0;0;0;0;0;0;0;0;0;0;0;0;0;0;0;0;0;0;0;0;0
02.02.2024;23:30;A 95;1;2;1;1;1;1;1;2;2;2;3;2;2;192;64;1;0;0;0;0;0;0;0;0;0;0;0;0;0;0;0;0;0;0;0;0;0;0;0;0;0;0;0;0;0;0;0;0;0;0;0;0;0;0;0;0;0;0;0
02.02.2024;23:29;A 95;1;0;0;0;0;0;0;3;14;3;4;3;4;166;58;0;0;0;0;0;0;0;0;0;0;0;0;0;0;0;0;0;0;0;0;0;0;0;0;0;0;0;0;0;0;0;0;0;0;0;0;0;0;0;0;0;0;0;0
02.02.2024;23:28;A 95;1;5;3;2;3;2;3;1;1;1;1;1;1;180;56;1;15;1;3;1;2;2;1;0;0;1;6;1;1;1;0;1;1;1;1;0;0;0;0;0;0;0;0;0;0;0;0;0;0;0;0;0;0;0;0;0;0;0;0
02.02.2024;23:27;A 95;1;5;6;3;23;3;5;2;12;2;4;2;3;168;58;3;5;0;0;0;0;0;0;0;0;0;1;0;0;0;0;0;0;0;0;0;0;0;0;0;0;0;0;0;0;0;0;0;0;0;0;0;0;0;0;0;0;0;0
02.02.2024;23:26;A 95;1;0;0;0;0;0;0;2;2;2;3;3;3;211;56;2;26;3;18;1;2;3;8;1;0;2;28;3;4;0;0;0;0;0;0;0;0;0;0;0;0;0;0;0;0;0;0;0;0;0;0;0;0;0;0;0;0;0;0
02.02.2024;23:25;A 95;1;0;0;1;0;1;0;3;24;4;14;3;5;199;53;1;1;5;13;0;0;2;2;0;0;0;0;0;0;2;1;0;0;0;0;0;0;0;0;0;0;0;0;0;0;0;0;0;0;0;0;0;0;0;0;0;0;0;0
02.02.2024;23:24;A 95;1;0;0;0;0;0;0;3;12;3;6;2;2;178;45;1;0;1;5;0;0;1;1;0;0;0;0;0;0;3;2;0;0;0;0;0;0;0;0;0;0;0;0;0;0;0;0;0;0;0;0;0;0;0;0;0;0;0;0
02.02.2024;23:23;A 95;1;0;0;0;0;0;0;2;2;3;4;4;6;163;35;0;0;2;14;0;0;3;2;0;0;1;7;1;1;0;0;0;0;0;0;0;0;0;0;0;0;0;0;0;0;0;0;0;0;0;0;0;0;0;0;0;0;0;0
02.02.2024;23:22;A 95;1;0;0;0;0;0;0;9;14;3;13;3;6;228;37;2;3;0;0;0;4;0;0;0;0;0;0;0;0;1;0;0;0;0;0;0;0;0;0;0;0;0;0;0;0;0;0;0;0;0;0;0;0;0;0;0;0;0;0
02.02.2024;23:21;A 95;1;0;0;0;0;0;0;3;3;3;28;3;3;209;42;1;31;3;19;1;34;4;4;0;0;1;3;1;0;0;0;0;0;0;0;0;0;0;0;0;0;0;0;0;0;0;0;0;0;0;0;0;0;0;0;0;0;0;0
02.02.2024;23:20;A 95;1;1;0;2;1;1;1;0;0;1;0;0;0;260;37;0;0;2;4;0;0;1;1;0;0;2;1;1;0;1;0;0;0;0;0;0;0;0;0;0;0;0;0;0;0;0;0;0;0;0;0;0;0;0;0;0;0;0;0
02.02.2024;23:19;A 95;1;1;1;1;1;1;1;0;0;1;0;0;0;247;38;2;1;0;0;0;0;0;0;0;0;1;5;1;1;0;0;0;0;0;0;0;0;0;0;0;0;0;0;0;0;0;0;0;0;0;0;0;0;0;0;0;0;0;0
02.02.2024;23:18;A 95;1;0;0;0;0;0;0;7;9;5;30;5;7;232;42;1;18;1;6;1;4;1;0;0;0;1;7;1;1;3;2;0;0;0;0;0;0;0;0;0;0;0;0;0;0;0;0;0;0;0;0;0;0;0;0;0;0;0;0
02.02.2024;23:17;A 95;1;1;0;2;3;2;2;0;0;0;0;0;0;233;39;0;0;2;10;0;0;3;3;0;0;1;3;1;0;1;0;0;0;0;0;0;0;0;0;0;0;0;0;0;0;0;0;0;0;0;0;0;0;0;0;0;0;0;0
02.02.2024;23:16;A 95;1;1;0;1;0;1;1;1;1;1;1;1;1;254;41;0;0;0;0;0;0;0;0;0;0;0;0;0;0;0;0;0;0;0;0;0;0;0;0;0;0;0;0;0;0;0;0;0;0;0;0;0;0;0;0;0;0;0;0
02.02.2024;23:15;A 95;1;0;0;0;0;0;0;0;0;0;0;0;0;262;51;0;0;0;0;0;0;0;0;0;0;0;0;0;0;0;0;0;0;0;0;0;0;0;0;0;0;0;0;0;0;0;0;0;0;0;0;0;0;0;0;0;0;0;0
02.02.2024;23:14;A 95;1;4;3;2;3;2;4;1;1;1;2;1;2;269;51;0;0;0;1;0;0;0;0;0;0;2;6;1;1;0;0;0;0;0;0;0;0;0;0;0;0;0;0;0;0;0;0;0;0;0;0;0;0;0;0;0;0;0;0
02.02.2024;23:13;A 95;1;0;0;0;0;0;0;3;40;3;4;3;3;289;43;0;0;1;3;0;0;1;1;0;0;3;8;2;2;0;0;0;0;0;0;0;0;0;0;0;0;0;0;0;0;0;0;0;0;0;0;0;0;0;0;0;0;0;0
02.02.2024;23:12;A 95;1;1;0;1;1;1;1;4;2;3;3;3;4;286;50;1;1;1;6;1;2;1;1;0;0;0;0;0;0;1;1;0;0;0;0;0;0;0;0;0;0;0;0;0;0;0;0;0;0;0;0;0;0;0;0;0;0;0;0
02.02.2024;23:11;A 95;1;0;0;0;0;0;0;1;1;2;3;2;2;265;46;0;0;0;0;0;0;0;0;0;0;0;0;0;0;0;0;0;0;0;0;0;0;0;0;0;0;0;0;0;0;0;0;0;0;0;0;0;0;0;0;0;0;0;0
02.02.2024;23:10;A 95;1;1;0;1;1;0;0;1;0;2;0;2;1;319;49;1;0;0;0;0;0;0;0;0;0;1;13;2;2;0;0;0;0;0;0;0;0;0;0;0;0;0;0;0;0;0;0;0;0;0;0;0;0;0;0;0;0;0;0
02.02.2024;23:09;A 95;1;3;4;2;2;1;1;3;4;2;4;2;3;257;43;2;17;0;0;1;3;0;0;0;0;1;6;1;1;0;0;0;0;0;0;0;0;0;0;0;0;0;0;0;0;0;0;0;0;0;0;0;0;0;0;0;0;0;0
02.02.2024;23:08;A 95;1;0;0;0;0;0;0;2;3;2;3;2;3;283;42;0;0;0;0;0;0;0;0;0;0;3;4;1;1;0;0;0;0;0;0;0;0;0;0;0;0;0;0;0;0;0;0;0;0;0;0;0;0;0;0;0;0;0;0
02.02.2024;23:07;A 95;1;3;2;2;3;2;3;2;1;2;2;2;3;311;45;2;2;3;9;1;6;2;1;0;0;1;7;1;1;2;1;0;0;0;0;0;0;0;0;0;0;0;0;0;0;0;0;0;0;0;0;0;0;0;0;0;0;0;0
02.02.2024;23:06;A 95;1;1;0;2;2;2;2;15;39;5;12;5;7;280;50;0;0;1;5;0;0;0;0;0;0;3;19;3;3;1;0;0;0;0;0;0;0;0;0;0;0;0;0;0;0;0;0;0;0;0;0;0;0;0;0;0;0;0;0
02.02.2024;23:05;A 95;1;0;0;0;0;0;0;4;47;3;67;4;7;222;48;1;12;0;0;1;3;1;1;0;0;0;0;0;0;0;0;0;0;0;0;0;0;0;0;0;0;0;0;0;0;0;0;0;0;0;0;0;0;0;0;0;0;0;0
02.02.2024;23:04;A 95;1;2;0;2;2;1;1;2;11;3;10;2;4;243;37;0;0;3;15;0;0;4;4;0;0;1;6;1;1;2;1;0;0;0;0;0;0;0;0;0;0;0;0;0;0;0;0;0;0;0;0;0;0;0;0;0;0;0;0
02.02.2024;23:03;A 95;1;0;0;0;0;0;0;4;7;3;3;3;4;242;32;1;29;1;0;1;1;0;0;0;0;3;16;3;3;0;0;0;0;0;0;0;0;0;0;0;0;0;0;0;0;0;0;0;0;0;0;0;0;0;0;0;0;0;0
02.02.2024;23:02;A 95;1;1;2;1;1;1;2;2;2;2;4;2;3;286;40;1;1;0;0;1;3;1;0;0;0;0;0;0;0;1;1;0;0;0;0;0;0;0;0;0;0;0;0;0;0;0;0;0;0;0;0;0;0;0;0;0;0;0;0
02.02.2024;23:01;A 95;1;4;2;4;4;3;3;3;3;2;7;3;5;238;43;1;18;4;20;1;2;4;4;0;0;0;0;0;0;1;0;0;0;0;0;0;0;0;0;0;0;0;0;0;0;0;0;0;0;0;0;0;0;0;0;0;0;0;0
02.02.2024;23:00;A 95;1;2;3;2;3;2;3;3;4;4;20;3;8;264;43;1;1;0;0;1;2;0;0;0;0;1;5;1;1;1;1;0;0;0;0;0;0;0;0;0;0;0;0;0;0;0;0;0;0;0;0;0;0;0;0;0;0;0;0
02.02.2024;22:59;A 95;1;1;0;1;1;1;2;2;22;6;43;3;41;225;40;2;55;0;0;1;2;1;0;0;0;1;11;2;4;0;0;0;0;1;1;0;0;0;0;0;0;0;0;0;0;0;0;0;0;0;0;0;0;0;0;0;0;0;0
02.02.2024;22:58;A 95;1;2;1;2;2;2;3;2;68;1;4;2;2;273;38;0;0;2;35;0;0;1;4;0;0;0;0;0;0;0;0;0;0;0;0;0;0;0;0;0;0;0;0;0;0;0;0;0;0;0;0;0;0;0;0;0;0;0;0
02.02.2024;22:57;A 95;1;1;1;1;1;1;1;1;1;3;3;3;3;281;38;1;1;0;0;1;1;0;0;0;0;1;3;1;0;0;0;0;0;0;0;0;0;0;0;0;0;0;0;0;0;0;0;0;0;0;0;0;0;0;0;0;0;0;0
02.02.2024;22:56;A 95;1;0;0;0;0;0;0;3;31;2;5;3;6;272;44;0;0;0;0;0;0;0;0;0;0;1;15;2;2;0;0;0;0;0;0;0;0;0;0;0;0;0;0;0;0;0;0;0;0;0;0;0;0;0;0;0;0;0;0
02.02.2024;22:55;A 95;1;5;7;3;3;3;4;2;6;2;3;1;1;221;44;3;3;4;15;1;3;3;3;0;0;1;2;1;0;2;1;0;0;0;0;0;0;0;0;0;0;0;0;0;0;0;0;0;0;0;0;0;0;0;0;0;0;0;0
02.02.2024;22:54;A 95;1;1;2;1;1;1;1;0;0;0;0;0;0;266;41;1;1;2;8;0;0;2;5;0;0;0;0;0;0;1;1;0;0;0;0;0;0;0;0;0;0;0;0;0;0;0;0;0;0;0;0;0;0;0;0;0;0;0;0
02.02.2024;22:53;A 95;1;1;1;1;1;1;1;0;0;1;0;1;1;230;40;0;0;0;0;0;0;0;0;0;0;3;9;2;2;0;0;0;0;0;0;0;0;0;0;0;0;0;0;0;0;0;0;0;0;0;0;0;0;0;0;0;0;0;0
02.02.2024;22:52;A 95;1;0;0;0;0;0;0;0;0;1;0;0;0;224;41;0;0;2;11;0;0;2;2;0;0;0;0;0;0;0;0;0;0;0;0;0;0;0;0;0;0;0;0;0;0;0;0;0;0;0;0;0;0;0;0;0;0;0;0
02.02.2024;22:51;A 95;1;0;0;0;0;0;0;0;0;0;0;0;0;246;40;0;0;0;0;0;0;0;0;0;0;0;3;0;0;0;0;0;0;0;0;0;0;0;0;0;0;0;0;0;0;0;0;0;0;0;0;0;0;0;0;0;0;0;0
02.02.2024;22:50;A 95;1;7;8;5;9;5;8;1;0;2;2;1;1;239;39;0;0;1;5;0;0;2;2;0;0;1;4;1;1;1;1;0;0;0;0;0;0;1;1;0;0;0;0;0;0;0;0;0;0;0;0;0;0;0;0;0;0;0;0
02.02.2024;22:49;A 95;1;2;1;1;1;2;1;0;0;2;3;2;3;265;47;0;0;1;3;0;0;1;1;0;0;0;0;0;0;0;0;0;0;0;0;0;0;0;0;0;0;0;0;0;0;0;0;0;0;0;0;0;0;0;0;0;0;0;0
02.02.2024;22:48;A 95;1;2;1;1;1;1;1;1;0;1;0;0;0;241;44;1;0;2;5;0;0;1;1;0;0;1;4;1;1;1;0;0;0;0;0;0;0;0;0;0;0;0;0;0;0;0;0;0;0;0;0;0;0;0;0;0;0;0;0
02.02.2024;22:47;A 95;1;3;2;4;3;4;5;2;2;2;2;3;3;235;40;0;0;0;0;0;0;0;0;0;0;0;0;0;0;0;0;0;0;0;0;1;1;0;0;0;0;0;0;0;0;0;0;0;0;0;0;0;0;0;0;0;0;0;0
02.02.2024;22:46;A 95;1;2;2;1;2;1;1;0;0;3;9;3;6;258;50;0;0;0;0;0;0;0;0;0;0;0;0;0;0;0;0;0;0;0;0;0;0;0;0;0;0;0;0;0;0;0;0;0;0;0;0;0;0;0;0;0;0;0;0
02.02.2024;22:45;A 95;1;0;0;0;0;0;0;3;5;2;2;2;2;239;50;2;31;0;0;0;0;0;0;0;0;0;0;0;0;0;0;0;0;0;0;0;0;0;0;0;0;0;0;0;0;0;0;0;0;0;0;0;0;0;0;0;0;0;0
02.02.2024;22:44;A 95;1;0;0;0;0;0;0;1;1;2;3;3;3;253;48;2;31;0;0;1;33;0;0;0;0;1;7;1;1;0;0;0;0;0;0;0;0;0;0;0;0;0;0;0;0;0;0;0;0;0;0;0;0;0;0;0;0;0;0
02.02.2024;22:43;A 95;1;1;1;0;0;0;0;1;0;1;1;2;1;240;44;2;32;1;6;2;6;1;1;1;1;0;0;0;0;1;1;0;1;0;0;0;0;0;0;0;0;0;0;0;0;0;0;0;0;0;0;0;0;0;0;0;0;0;0
02.02.2024;22:42;A 95;1;4;9;2;5;2;3;1;0;2;3;2;2;249;43;1;1;0;0;1;1;0;0;1;4;0;0;0;0;0;0;1;1;0;0;0;0;0;0;0;0;0;0;0;0;0;0;0;0;0;0;0;0;0;0;0;0;0;0
02.02.2024;22:41;A 95;1;1;1;2;1;2;2;1;1;2;5;2;3;237;48;0;0;1;4;0;0;1;0;0;0;0;0;0;0;1;0;0;0;0;0;0;0;0;0;0;0;0;0;0;0;0;0;0;0;0;0;0;0;0;0;0;0;0;0
02.02.2024;22:40;A 95;1;1;1;2;1;1;0;3;18;3;4;2;3;240;47;0;0;0;0;0;0;0;0;0;0;0;0;0;0;1;1;0;0;0;0;0;0;0;0;0;0;0;0;0;0;0;0;0;0;0;0;0;0;0;0;0;0;0;0
02.02.2024;22:39;A 95;1;2;1;2;2;2;3;2;9;2;5;3;3;239;56;0;0;1;6;0;0;2;2;0;0;0;0;0;0;0;0;0;0;0;0;0;0;0;0;0;0;0;0;0;0;0;0;0;0;0;0;0;0;0;0;0;0;0;0
02.02.2024;22:38;A 95;1;0;0;0;0;0;0;3;2;5;7;5;7;232;45;1;3;0;0;0;0;1;0;0;0;1;10;1;1;0;0;0;0;0;0;0;0;0;0;0;0;0;0;0;0;0;0;0;0;0;0;0;0;0;0;0;0;0;0
02.02.2024;22:37;A 95;1;0;0;0;0;0;0;0;0;0;0;0;0;252;50;3;32;1;3;2;5;2;1;0;0;1;2;1;0;1;0;0;0;0;0;0;0;0;0;0;0;0;0;0;0;0;0;0;0;0;0;0;0;0;0;0;0;0;0
02.02.2024;22:36;A 95;1;2;3;1;1;1;1;4;7;4;9;4;7;266;46;0;0;3;11;0;0;3;3;0;0;0;0;0;0;2;1;0;0;0;0;0;0;0;0;0;0;0;0;0;0;0;0;0;0;0;0;0;0;0;0;0;0;0;0
02.02.2024;22:35;A 95;1;0;0;2;3;2;3;3;5;2;4;2;2;270;50;0;0;0;0;0;0;0;0;0;0;1;4;2;1;1;0;0;0;0;0;0;0;0;0;0;0;0;0;0;0;0;0;0;0;0;0;0;0;0;0;0;0;0;0
02.02.2024;22:34;A 95;1;1;7;0;8;0;0;3;1;2;2;1;1;229;35;1;0;1;2;0;0;1;0;0;0;1;4;1;1;0;0;0;0;0;0;0;0;0;0;0;0;0;0;0;0;0;0;0;0;0;0;0;0;0;0;0;0;0;0
02.02.2024;22:33;A 95;1;4;30;3;34;3;6;1;0;1;0;2;3;282;44;0;0;0;0;0;0;1;0;0;0;2;8;1;1;0;0;0;0;0;0;0;0;0;0;0;0;0;0;0;0;0;0;0;0;0;0;0;0;0;0;0;0;0;0
02.02.2024;22:32;A 95;1;0;0;0;0;0;0;1;0;1;1;1;1;302;43;1;10;0;0;1;1;1;0;0;0;1;3;2;1;0;0;1;1;1;1;0;0;0;0;0;0;0;0;0;0;0;0;0;0;0;0;0;0;0;0;0;0;0;0
02.02.2024;22:31;A 95;1;3;2;1;1;1;0;6;6;7;10;6;16;298;47;1;1;3;13;0;0;2;2;0;0;1;6;1;1;2;1;0;0;0;0;0;0;0;0;0;0;0;0;0;0;0;0;0;0;0;0;0;0;0;0;0;0;0;0
02.02.2024;22:30;A 95;1;2;2;3;3;2;1;3;15;3;4;4;5;325;47;1;1;1;1;1;1;1;1;1;0;2;16;3;4;0;0;0;0;0;0;0;0;0;0;0;0;0;0;0;0;0;0;0;0;0;0;0;0;0;0;0;0;0;0
02.02.2024;22:29;A 95;1;0;0;0;0;0;0;0;0;1;1;1;1;273;39;0;0;0;4;0;0;0;0;0;0;3;18;3;3;1;2;0;0;0;0;1;1;0;0;0;0;0;0;0;0;0;0;0;0;0;0;0;0;0;0;0;0;0;0
02.02.2024;22:28;A 95;1;0;0;0;0;0;0;3;5;2;3;2;3;249;41;1;23;2;11;1;2;2;2;0;0;1;6;1;1;1;1;0;0;0;0;0;0;0;0;0;0;0;0;0;0;0;0;0;0;0;0;0;0;0;0;0;0;0;0
02.02.2024;22:27;A 95;1;2;1;1;2;1;1;3;3;7;22;5;16;316;42;0;0;0;0;0;0;1;0;0;0;2;3;1;0;1;0;0;0;0;0;0;0;0;0;0;0;0;0;0;0;0;0;0;0;0;0;0;0;0;0;0;0;0;0
02.02.2024;22:26;A 95;1;3;7;3;50;2;2;2;4;2;4;2;2;290;42;0;0;2;19;0;0;2;2;0;0;1;46;3;5;2;2;1;1;0;0;0;0;0;0;0;0;0;0;0;0;0;0;0;0;0;0;0;0;0;0;0;0;0;0
02.02.2024;22:25;A 95;1;0;0;0;0;0;0;4;47;2;44;2;3;296;48;2;3;5;27;0;0;4;6;0;0;3;16;3;3;2;1;0;0;0;0;0;0;1;1;0;0;0;0;0;0;0;0;0;0;0;0;0;0;0;0;0;0;0;0
02.02.2024;22:24;A 95;1;0;0;0;0;0;0;3;27;5;30;5;6;298;51;2;3;3;4;2;2;4;2;0;0;1;8;1;1;1;0;0;0;0;0;0;0;0;0;0;0;0;0;0;0;0;0;0;0;0;0;0;0;0;0;0;0;0;0
02.02.2024;22:23;A 95;1;0;0;0;0;0;0;1;2;1;1;1;1;250;58;2;29;0;0;1;6;0;0;0;0;0;0;0;0;0;0;0;0;0;0;0;0;0;0;0;0;0;0;0;0;0;0;0;0;0;0;0;0;0;0;0;0;0;0
02.02.2024;22:22;A 95;1;0;0;1;0;1;0;4;31;3;7;3;5;226;49;3;2;5;38;1;1;3;24;0;0;1;4;1;1;3;5;0;0;0;0;0;0;0;0;0;0;0;0;0;0;0;0;0;0;0;0;0;0;0;0;0;0;0;0
02.02.2024;22:21;A 95;1;1;0;1;1;0;0;1;2;1;1;1;1;230;48;0;0;0;0;0;0;0;0;0;0;3;10;2;2;0;0;0;0;0;0;0;0;0;0;0;0;0;0;0;0;0;0;0;0;0;0;0;0;0;0;0;0;0;0
02.02.2024;22:20;A 95;1;3;3;3;4;2;4;6;3;7;13;6;10;221;46;0;0;1;6;0;0;2;1;0;0;0;0;0;0;3;2;0;0;0;0;0;0;0;0;0;0;0;0;0;0;0;0;0;0;0;0;0;0;0;0;0;0;0;0
02.02.2024;22:19;A 95;1;4;10;2;11;1;3;3;4;2;3;3;5;206;49;0;0;2;6;0;0;2;1;0;0;2;13;2;2;1;0;0;0;0;0;0;0;0;0;0;0;0;0;0;0;0;0;0;0;0;0;0;0;0;0;0;0;0;0
02.02.2024;22:18;A 95;1;2;1;1;1;2;3;1;0;1;1;1;1;172;47;0;0;2;7;0;0;1;1;1;3;0;0;0;0;1;0;0;0;0;0;0;0;0;0;0;0;0;0;0;0;0;0;0;0;0;0;0;0;0;0;0;0;0;0
02.02.2024;22:17;A 95;1;1;0;1;1;1;1;2;3;2;5;2;3;183;40;0;0;2;4;0;0;1;0;0;0;0;0;0;0;1;0;0;0;0;0;0;0;0;0;0;0;0;0;0;0;0;0;0;0;0;0;0;0;0;0;0;0;0;0
02.02.2024;22:16;A 95;1;3;2;2;2;2;2;4;4;3;4;2;3;273;51;2;47;1;7;2;46;1;1;0;0;1;4;1;0;1;0;0;0;0;0;0;0;0;0;0;0;0;0;0;0;0;0;0;0;0;0;0;0;0;0;0;0;0;0
02.02.2024;22:15;A 95;1;0;0;0;0;0;0;1;1;1;0;1;1;245;48;0;0;0;0;0;0;1;0;0;0;2;5;1;1;0;0;0;0;0;0;0;0;0;0;0;0;0;0;0;0;0;0;0;0;0;0;0;0;0;0;0;0;0;0
02.02.2024;22:14;A 95;1;2;1;1;1;1;1;2;22;2;3;2;2;198;45;1;23;0;0;1;10;1;0;0;0;5;29;3;4;0;0;0;0;0;0;0;0;0;0;0;0;0;0;0;0;0;0;0;0;0;0;0;0;0;0;0;0;0;0
02.02.2024;22:13;A 95;1;8;30;6;30;7;11;5;14;4;8;3;4;213;48;0;0;0;0;0;0;0;0;0;0;0;0;0;0;0;0;0;0;0;0;0;0;0;0;0;0;0;0;0;0;0;0;0;0;0;0;0;0;0;0;0;0;0;0
02.02.2024;22:12;A 95;1;2;2;1;1;1;1;4;57;4;46;4;7;228;52;3;9;0;0;1;24;0;0;0;0;5;12;3;3;2;2;0;0;0;0;0;0;0;0;0;0;0;0;0;0;0;0;0;0;0;0;0;0;0;0;0;0;0;0
02.02.2024;22:11;A 95;1;2;4;2;3;2;2;0;0;0;0;0;0;226;53;1;45;2;13;0;0;4;4;0;0;0;0;0;0;2;2;0;0;0;0;0;0;0;0;0;0;0;0;0;0;0;0;0;0;0;0;0;0;0;0;0;0;0;0
02.02.2024;22:10;A 95;1;1;0;1;1;0;0;1;17;3;13;2;3;197;47;1;0;0;0;0;0;0;0;0;0;4;13;3;3;0;0;0;0;0;0;0;0;0;0;0;0;0;0;0;0;0;0;0;0;0;0;0;0;0;0;0;0;0;0
02.02.2024;22:09;A 95;1;23;22;2;2;2;3;2;24;2;3;3;4;184;45;0;0;1;4;0;0;2;1;0;0;4;25;3;4;1;0;0;0;0;0;0;0;0;0;0;0;0;0;0;0;0;0;0;0;0;0;0;0;0;0;0;0;0;0
02.02.2024;22:08;A 95;1;3;2;2;2;3;4;1;3;4;8;3;4;173;50;0;0;0;0;0;0;3;3;0;0;1;6;1;1;0;0;0;0;0;0;0;0;0;0;0;0;0;0;0;0;0;0;0;0;0;0;0;0;0;0;0;0;0;0
02.02.2024;22:07;A 95;1;1;1;1;1;1;2;2;2;2;2;2;3;205;50;0;0;0;0;0;0;0;0;0;0;2;11;2;2;0;0;0;0;0;0;0;0;0;0;0;0;0;0;0;0;0;0;0;0;0;0;0;0;0;0;0;0;0;0
02.02.2024;22:06;A 95;1;0;0;0;0;0;0;0;0;0;0;0;0;169;52;0;0;0;0;0;0;0;0;0;0;2;7;1;1;0;0;1;1;1;1;0;0;0;0;0;0;0;0;0;0;0;0;0;0;0;0;0;0;0;0;0;0;0;0
02.02.2024;22:05;A 95;1;3;3;3;4;2;2;2;30;5;37;4;13;218;40;2;51;0;0;4;9;1;0;0;0;0;0;1;0;0;0;0;0;0;0;1;1;0;0;0;0;0;0;0;0;0;0;0;0;0;0;0;0;0;0;0;0;0;0
02.02.2024;22:04;A 95;1;0;0;0;0;0;0;3;40;5;9;6;10;211;38;1;55;0;0;1;3;1;0;0;0;1;6;1;1;0;0;0;0;0;0;0;0;0;0;0;0;0;0;0;0;0;0;0;0;0;0;0;0;0;0;0;0;0;0
02.02.2024;22:03;A 95;1;2;0;1;0;1;0;1;1;1;1;1;1;249;39;1;16;0;0;1;4;0;0;0;0;0;0;0;0;0;0;0;0;1;1;0;0;0;0;0;0;0;0;0;0;0;0;0;0;0;0;0;0;0;0;0;0;0;0
02.02.2024;22:02;A 95;1;4;2;3;4;3;4;1;1;2;2;2;2;273;41;1;0;0;0;0;0;0;0;0;0;3;38;2;2;2;4;1;1;0;0;0;0;0;0;0;0;0;0;0;0;0;0;0;0;0;0;0;0;0;0;0;0;0;0
02.02.2024;22:01;A 95;1;1;0;1;1;1;1;1;0;4;14;5;10;234;52;4;55;1;52;0;0;2;8;0;0;0;0;0;0;1;1;0;0;0;0;0;0;0;0;0;0;0;0;0;0;0;0;0;0;0;0;0;0;0;0;0;0;0;0
02.02.2024;22:00;A 95;1;3;1;1;1;0;0;3;53;3;37;3;5;304;44;1;2;3;17;1;4;2;4;0;0;0;0;0;0;0;0;0;0;0;0;0;0;0;0;0;0;0;0;0;0;0;0;0;0;0;0;0;0;0;0;0;0;0;0
02.02.2024;21:59;A 95;1;4;4;4;4;4;5;2;0;2;1;2;2;261;44;1;0;1;0;0;0;1;1;0;0;2;3;1;1;1;0;0;0;0;0;0;0;0;0;0;0;0;0;0;0;0;0;0;0;0;0;0;0;0;0;0;0;0;0
02.02.2024;21:58;A 95;1;0;0;0;0;0;0;0;0;0;0;0;0;258;42;4;12;2;9;3;10;3;4;0;0;0;0;0;0;1;1;1;1;0;0;0;0;0;0;0;0;0;0;0;0;0;0;0;0;0;0;0;0;0;0;0;0;0;0
02.02.2024;21:57;A 95;1;2;46;1;2;1;1;0;0;0;0;0;0;215;53;1;15;1;12;1;1;2;4;0;0;2;6;1;1;0;0;0;0;0;0;0;0;0;0;0;0;0;0;0;0;0;0;0;0;0;0;0;0;0;0;0;0;0;0
02.02.2024;21:56;A 95;1;1;0;1;1;1;0;2;15;3;41;2;7;240;51;1;31;0;0;1;1;2;1;0;0;2;2;1;1;0;0;0;0;0;0;0;0;0;0;0;0;0;0;0;0;0;0;0;0;0;0;0;0;0;0;0;0;0;0
02.02.2024;21:55;A 95;1;4;2;3;4;3;4;3;2;4;4;3;4;256;42;1;1;0;0;1;1;1;0;0;0;3;23;3;3;0;0;0;0;0;0;0;0;0;0;0;0;0;0;0;0;0;0;0;0;0;0;0;0;0;0;0;0;0;0
02.02.2024;21:54;A 95;1;1;1;3;5;3;4;1;0;2;3;2;1;235;43;1;5;1;6;2;4;2;2;0;0;2;9;2;3;2;2;0;0;0;0;0;0;0;0;0;0;0;0;0;0;0;0;0;0;0;0;0;0;0;0;0;0;0;0
02.02.2024;21:53;A 95;1;2;1;2;1;2;2;0;0;0;0;1;1;231;47;1;58;0;0;0;0;1;0;0;0;0;20;1;2;0;0;0;0;0;0;0;0;0;0;0;0;0;0;0;0;0;0;0;0;0;0;0;0;0;0;0;0;0;0
02.02.2024;21:52;A 95;1;0;0;1;0;1;1;4;4;4;5;4;7;229;41;1;0;0;0;0;0;0;0;0;0;2;9;3;2;0;0;0;0;0;0;0;0;0;0;0;0;0;0;0;0;0;0;0;0;0;0;0;0;0;0;0;0;0;0
02.02.2024;21:51;A 95;1;3;2;1;1;1;1;7;9;7;10;7;11;213;45;1;0;0;0;0;0;0;0;0;0;2;4;1;0;0;0;0;0;0;0;0;0;0;0;0;0;0;0;0;0;0;0;0;0;0;0;0;0;0;0;0;0;0;0
02.02.2024;21:50;A 95;1;5;4;1;2;1;2;1;0;3;5;3;4;233;42;0;0;0;0;0;0;0;0;0;0;2;10;2;2;0;0;1;1;1;1;0;0;0;0;0;0;0;0;0;0;0;0;0;0;0;0;0;0;0;0;0;0;0;0
02.02.2024;21:49;A 95;1;3;3;2;5;2;3;3;21;3;39;3;4;240;50;1;0;0;0;0;0;0;0;0;0;3;11;2;3;0;0;0;0;0;0;0;0;0;0;0;0;0;0;0;0;0;0;0;0;0;0;0;0;0;0;0;0;0;0
02.02.2024;21:48;A 95;1;2;2;2;2;1;1;6;8;4;6;6;9;192;52;0;0;1;5;0;0;2;1;0;0;2;7;2;2;1;0;0;0;0;0;0;0;0;0;0;0;0;0;0;0;0;0;0;0;0;0;0;0;0;0;0;0;0;0
02.02.2024;21:47;A 95;1;0;0;0;0;1;1;3;1;2;3;1;1;188;52;0;17;1;7;0;0;1;1;0;0;1;8;1;1;1;1;0;0;0;0;0;0;0;0;0;0;0;0;0;0;0;0;0;0;0;0;0;0;0;0;0;0;0;0
02.02.2024;21:46;A 95;1;1;0;1;0;0;0;2;3;4;5;4;6;217;53;1;23;0;0;1;6;1;0;0;0;0;0;0;0;0;0;0;0;0;0;0;0;0;0;0;0;0;0;0;0;0;0;0;0;0;0;0;0;0;0;0;0;0;0
02.02.2024;21:45;A 95;1;1;1;1;1;1;1;2;5;2;4;2;3;213;41;1;1;3;15;1;3;3;2;0;0;3;6;2;2;6;4;0;0;0;0;0;0;0;0;0;0;0;0;0;0;0;0;0;0;0;0;0;0;0;0;0;0;0;0
02.02.2024;21:44;A 95;1;4;1;3;3;2;3;2;3;3;14;2;2;206;48;1;0;3;27;0;0;2;2;0;0;3;14;2;2;0;0;0;0;0;0;0;0;0;0;0;0;0;0;0;0;0;0;0;0;0;0;0;0;0;0;0;0;0;0
02.02.2024;21:43;A 95;1;2;15;2;3;2;5;1;0;1;1;1;1;210;37;1;12;1;6;1;4;1;1;0;0;2;10;3;5;1;1;0;0;0;0;0;0;0;0;0;0;0;0;0;0;0;0;0;0;0;0;0;0;0;0;0;0;0;0
02.02.2024;21:42;A 95;1;0;0;0;0;0;0;1;25;1;2;1;1;216;43;0;0;0;0;0;0;1;0;1;4;1;8;2;1;0;0;0;0;0;0;0;0;0;0;0;0;0;0;0;0;0;0;0;0;0;0;0;0;0;0;0;0;0;0
02.02.2024;21:41;A 95;1;0;0;0;0;0;0;1;1;1;1;1;1;210;47;4;25;0;0;2;29;0;0;0;0;2;8;2;1;0;0;0;0;0;0;0;0;0;0;0;0;0;0;0;0;0;0;0;0;0;0;0;0;0;0;0;0;0;0
02.02.2024;21:40;A 95;1;3;2;2;2;2;3;1;0;2;4;2;4;216;33;1;1;1;1;1;1;1;0;0;0;0;0;0;0;1;0;0;0;0;0;0;0;0;0;0;0;0;0;0;0;0;0;0;0;0;0;0;0;0;0;0;0;0;0
02.02.2024;21:39;A 95;1;0;0;0;0;0;0;5;4;2;4;2;3;209;41;0;0;2;6;0;0;1;1;0;0;4;18;4;4;0;0;0;0;0;0;0;0;0;0;0;0;0;0;0;0;0;0;0;0;0;0;0;0;0;0;0;0;0;0
02.02.2024;21:38;A 95;1;1;0;1;1;1;2;1;0;1;1;1;1;216;48;1;3;1;50;2;32;3;3;0;0;0;0;0;0;3;2;0;0;0;0;0;0;0;0;0;0;0;0;0;0;0;0;0;0;0;0;0;0;0;0;0;0;0;0
02.02.2024;21:37;A 95;1;0;0;0;0;0;0;0;0;2;2;1;1;228;43;1;38;1;1;1;6;0;0;0;0;4;16;2;3;1;0;0;0;0;0;0;0;0;0;0;0;0;0;0;0;0;0;0;0;0;0;0;0;0;0;0;0;0;0
02.02.2024;21:36;A 95;1;2;1;1;1;1;1;4;32;7;18;5;18;215;43;0;0;1;7;0;0;1;1;0;0;2;15;2;3;1;1;0;0;0;0;0;0;0;0;0;0;0;0;0;0;0;0;0;0;0;0;0;0;0;0;0;0;0;0
02.02.2024;21:35;A 95;1;3;1;1;1;1;1;3;23;5;27;5;11;225;47;0;0;1;5;0;0;2;1;0;0;0;0;0;0;1;0;0;0;0;0;0;0;0;0;0;0;0;0;0;0;0;0;0;0;0;0;0;0;0;0;0;0;0;0
02.02.2024;21:34;A 95;1;2;2;2;3;1;1;1;24;1;1;2;3;212;47;0;0;1;4;0;0;1;0;0;0;3;10;2;2;1;1;0;0;0;0;0;0;0;0;0;0;0;0;0;0;0;0;0;0;0;0;0;0;0;0;0;0;0;0
02.02.2024;21:33;A 95;1;0;0;0;0;0;0;1;2;1;1;1;1;213;36;0;0;0;0;0;0;0;0;0;0;1;3;1;0;0;0;0;0;0;0;0;0;0;0;0;0;0;0;0;0;0;0;0;0;0;0;0;0;0;0;0;0;0;0
02.02.2024;21:32;A 95;1;0;0;1;1;1;1;3;11;5;8;4;6;217;38;0;0;0;0;0;0;1;0;0;0;0;0;0;0;1;0;0;0;0;0;0;0;0;0;0;0;0;0;0;0;0;0;0;0;0;0;0;0;0;0;0;0;0;0
02.02.2024;21:31;A 95;1;0;0;0;0;0;0;3;1;3;5;4;7;214;35;0;0;1;4;0;0;1;1;0;0;2;26;3;4;0;0;0;0;0;0;0;0;0;0;0;0;0;0;0;0;0;0;0;0;0;0;0;0;0;0;0;0;0;0
02.02.2024;21:30;A 95;1;2;4;2;3;2;3;1;0;1;1;1;1;219;45;0;0;0;0;0;0;0;0;0;0;2;5;2;2;1;0;0;0;0;0;0;0;0;0;0;0;0;0;0;0;0;0;0;0;0;0;0;0;0;0;0;0;0;0
02.02.2024;21:29;A 95;1;2;2;2;2;2;3;3;3;3;4;3;5;240;50;2;49;2;11;4;6;3;3;0;0;0;0;0;0;1;1;0;0;0;0;0;0;0;0;0;0;0;0;0;0;0;0;0;0;0;0;0;0;0;0;0;0;0;0
02.02.2024;21:28;A 95;1;0;0;1;2;1;2;3;4;3;3;2;3;225;46;0;0;1;5;0;0;1;1;0;0;3;11;2;2;0;0;0;0;0;0;0;0;0;0;0;0;0;0;0;0;0;0;0;0;0;0;0;0;0;0;0;0;0;0
02.02.2024;21:27;A 95;1;4;4;5;6;5;9;0;14;2;2;2;2;215;39;2;0;0;0;0;0;2;1;0;0;0;0;0;0;0;0;0;0;0;0;0;0;0;0;0;0;0;0;0;0;0;0;0;0;0;0;0;0;0;0;0;0;0;0
02.02.2024;21:26;A 95;1;2;1;1;2;1;2;2;23;2;3;2;3;266;43;0;0;0;0;0;0;0;0;0;0;1;5;1;1;2;2;0;0;1;1;0;0;0;0;0;0;0;0;0;0;0;0;0;0;0;0;0;0;0;0;0;0;0;0
02.02.2024;21:25;A 95;1;1;0;1;0;0;0;0;0;0;0;1;0;253;38;3;2;3;17;0;0;3;6;0;0;3;5;2;2;1;0;0;0;0;0;0;0;0;0;0;0;0;0;0;0;0;0;0;0;0;0;0;0;0;0;0;0;0;0
02.02.2024;21:24;A 95;1;3;2;3;3;2;2;2;1;2;2;2;3;290;42;0;0;3;13;0;0;3;3;0;0;0;0;0;0;2;1;0;0;0;0;0;0;0;0;0;0;0;0;0;0;0;0;0;0;0;0;0;0;0;0;0;0;0;0
02.02.2024;21:23;A 95;1;1;0;1;1;1;1;4;4;4;11;5;8;243;48;1;24;1;4;1;4;1;1;1;2;3;9;2;2;1;1;0;0;0;0;0;0;1;1;0;0;0;0;0;0;0;0;0;0;0;0;0;0;0;0;0;0;0;0
02.02.2024;21:22;A 95;1;2;6;2;3;1;2;2;2;4;6;4;5;255;45;0;0;2;58;0;0;2;7;0;0;4;9;2;3;2;4;0;0;0;0;0;0;0;0;0;0;0;0;0;0;0;0;0;0;0;0;0;0;0;0;0;0;0;0
02.02.2024;21:21;A 95;1;1;0;1;1;1;1;3;3;2;3;2;2;274;51;0;0;1;4;0;0;1;1;0;0;0;0;0;0;0;0;0;0;0;0;0;0;0;0;0;0;0;0;0;0;0;0;0;0;0;0;0;0;0;0;0;0;0;0
02.02.2024;21:20;A 95;1;5;6;3;4;2;2;4;11;4;9;4;8;249;51;2;0;1;4;0;0;1;0;0;0;3;16;2;2;1;0;0;0;0;0;0;0;0;0;0;0;0;0;0;0;0;0;0;0;0;0;0;0;0;0;0;0;0;0
02.02.2024;21:19;A 95;1;0;0;0;0;0;0;0;0;0;0;0;0;252;53;2;3;1;4;2;5;1;1;1;3;2;11;2;2;1;1;0;0;0;0;0;0;0;0;0;0;0;0;0;0;0;0;0;0;0;0;0;0;0;0;0;0;0;0
02.02.2024;21:18;A 95;1;1;0;1;1;1;1;4;21;3;4;3;3;207;60;1;30;0;0;1;1;0;0;0;0;2;6;1;1;1;0;0;0;0;0;0;0;0;0;0;0;0;0;0;0;0;0;0;0;0;0;0;0;0;0;0;0;0;0
02.02.2024;21:17;A 95;1;0;0;0;0;0;0;13;22;2;18;2;4;197;65;2;2;2;11;1;1;3;3;2;2;1;10;2;2;1;0;0;0;0;0;0;0;0;0;0;0;0;0;0;0;0;0;0;0;0;0;0;0;0;0;0;0;0;0
02.02.2024;21:16;A 95;1;3;1;3;3;3;5;2;1;3;4;3;4;224;65;2;0;1;3;0;0;1;0;0;0;0;0;0;0;2;1;0;0;0;0;0;0;0;0;0;0;0;0;0;0;0;0;0;0;0;0;0;0;0;0;0;0;0;0
02.02.2024;21:15;A 95;1;1;1;1;2;1;1;2;1;3;3;3;3;263;60;0;0;2;10;0;0;2;2;0;0;1;3;1;1;1;1;1;1;1;1;0;0;0;0;0;0;0;0;0;0;0;0;0;0;0;0;0;0;0;0;0;0;0;0
02.02.2024;21:14;A 95;1;0;0;0;0;0;0;0;0;0;0;0;0;240;61;0;0;0;0;0;0;0;0;0;0;2;7;2;1;1;0;0;0;0;0;0;0;0;0;0;0;0;0;0;0;0;0;0;0;0;0;0;0;0;0;0;0;0;0
02.02.2024;21:13;A 95;1;1;0;3;3;3;4;3;4;4;5;5;8;241;57;0;12;4;17;0;0;3;3;0;0;0;0;0;0;2;1;0;0;0;0;0;0;0;0;0;0;0;0;0;0;0;0;0;0;0;0;0;0;0;0;0;0;0;0
02.02.2024;21:12;A 95;1;1;2;2;16;0;0;0;0;0;0;0;0;260;56;1;3;2;14;1;3;2;2;0;0;3;10;2;3;2;1;0;0;0;0;0;0;0;0;0;0;0;0;0;0;0;0;0;0;0;0;0;0;0;0;0;0;0;0
02.02.2024;21:11;A 95;1;3;2;2;2;2;2;0;0;0;0;0;0;235;67;0;0;1;5;0;0;1;1;0;0;2;4;1;1;1;1;0;0;0;0;0;0;0;0;0;0;0;0;0;0;0;0;0;0;0;0;0;0;0;0;0;0;0;0
02.02.2024;21:10;A 95;1;0;0;0;0;0;0;3;23;3;18;2;4;246;55;0;0;0;0;0;0;0;0;0;0;0;0;0;0;0;0;0;0;0;0;0;0;0;0;0;0;0;0;0;0;0;0;0;0;0;0;0;0;0;0;0;0;0;0
02.02.2024;21:09;A 95;1;4;3;2;7;2;4;3;5;3;6;3;5;250;55;1;17;1;7;1;3;1;1;0;0;2;2;1;1;1;0;0;0;0;0;0;0;0;0;0;0;0;0;0;0;0;0;0;0;0;0;0;0;0;0;0;0;0;0
02.02.2024;21:08;A 95;1;1;0;1;0;1;0;4;6;4;6;3;5;228;54;1;1;4;15;1;1;3;3;0;0;1;5;1;1;2;2;0;0;0;0;0;0;0;0;0;0;0;0;0;0;0;0;0;0;0;0;0;0;0;0;0;0;0;0
02.02.2024;21:07;A 95;1;2;2;2;2;2;2;5;11;4;7;4;7;247;50;1;0;1;2;0;0;2;1;0;0;1;9;2;1;1;1;0;0;0;0;0;0;0;0;0;0;0;0;0;0;0;0;0;0;0;0;0;0;0;0;0;0;0;0
02.02.2024;21:06;A 95;1;0;0;0;0;0;0;7;7;6;8;7;11;229;55;2;3;1;24;0;0;2;9;0;0;8;27;4;6;4;5;0;0;0;0;0;0;0;0;0;0;0;0;0;0;0;0;0;0;0;0;0;0;0;0;0;0;0;0
02.02.2024;21:05;A 95;1;1;0;2;3;2;3;2;7;3;5;3;5;225;62;1;9;1;45;1;6;3;35;0;0;4;11;2;2;0;0;0;0;0;0;0;0;0;0;0;0;0;0;0;0;0;0;0;0;0;0;0;0;0;0;0;0;0;0
02.02.2024;21:04;A 95;1;2;1;4;8;3;3;4;5;4;7;2;2;235;62;1;30;1;10;1;35;1;1;0;0;3;11;2;3;1;0;0;0;0;0;0;0;1;1;0;0;0;0;0;0;0;0;0;0;0;0;0;0;0;0;0;0;0;0
02.02.2024;21:03;A 95;1;0;0;1;2;2;3;5;29;6;44;5;18;208;52;0;0;2;7;0;0;1;1;0;0;3;10;2;2;1;1;0;0;0;0;0;0;0;0;0;0;0;0;0;0;0;0;0;0;0;0;0;0;0;0;0;0;0;0
02.02.2024;21:02;A 95;1;0;0;0;0;0;0;2;38;4;86;3;8;221;51;4;5;3;8;1;1;1;4;0;0;0;0;0;0;0;0;0;0;0;0;0;0;0;0;0;0;0;0;0;0;0;0;0;0;0;0;0;0;0;0;0;0;0;0
02.02.2024;21:01;A 95;1;2;1;2;3;3;4;4;5;4;11;3;6;220;50;0;0;0;0;0;0;0;0;0;0;3;7;2;1;0;0;0;0;0;0;0;0;0;0;0;0;0;0;0;0;0;0;0;0;0;0;0;0;0;0;0;0;0;0
02.02.2024;21:00;A 95;1;0;0;0;0;0;0;0;0;0;0;0;0;218;52;2;1;1;9;1;1;2;1;0;0;2;4;1;1;3;2;0;0;0;0;0;0;0;0;0;0;0;0;0;0;0;0;0;0;0;0;0;0;0;0;0;0;0;0
02.02.2024;20:59;A 95;1;1;0;1;1;1;1;1;3;2;2;2;3;180;46;1;0;1;36;0;0;1;0;0;0;3;19;2;3;3;2;0;0;0;0;0;0;0;0;0;0;0;0;0;0;0;0;0;0;0;0;0;0;0;0;0;0;0;0
02.02.2024;20:58;A 95;1;2;2;4;5;5;12;6;24;6;29;6;8;188;45;0;0;2;12;0;0;3;4;0;0;4;15;3;3;1;1;0;0;0;0;0;0;0;0;0;0;0;0;0;0;0;0;0;0;0;0;0;0;0;0;0;0;0;0
02.02.2024;20:57;A 95;1;1;2;3;5;3;6;2;22;2;5;2;3;191;54;2;31;3;29;1;19;3;4;0;0;0;5;0;0;2;2;0;0;1;1;0;0;0;0;0;0;0;0;0;0;0;0;0;0;0;0;0;0;0;0;0;0;0;0
02.02.2024;20:56;A 95;1;5;3;4;10;4;9;2;1;2;2;1;1;166;51;1;1;1;2;2;2;1;1;0;0;4;33;3;6;0;0;0;0;0;0;0;0;0;0;0;0;0;0;0;0;0;0;0;0;0;0;0;0;0;0;0;0;0;0
02.02.2024;20:55;A 95;1;1;2;2;2;2;2;4;4;3;6;1;1;179;51;2;33;2;3;1;9;2;1;0;0;3;19;3;3;1;1;0;0;0;0;0;0;0;0;0;0;0;0;0;0;0;0;0;0;0;0;0;0;0;0;0;0;0;0
02.02.2024;20:54;A 95;1;8;31;6;22;6;11;4;35;4;39;2;7;191;44;3;7;0;0;2;4;1;0;0;0;3;55;3;4;0;0;0;0;0;0;0;0;1;1;0;0;0;0;0;0;0;0;0;0;0;0;0;0;0;0;0;0;0;0
02.02.2024;20:53;A 95;1;1;0;1;1;1;0;4;6;3;5;3;3;176;47;1;1;1;2;0;0;2;0;0;0;5;61;8;31;1;0;0;0;0;0;0;0;0;0;0;0;0;0;0;0;0;0;0;0;0;0;0;0;0;0;0;0;0;0
02.02.2024;20:52;A 95;1;0;0;0;0;0;0;4;46;8;47;5;59;175;45;0;0;2;6;0;0;1;1;0;0;2;11;3;3;0;0;0;0;1;1;0;0;0;0;0;0;0;0;0;0;0;0;0;0;0;0;0;0;0;0;0;0;0;0
02.02.2024;20:51;A 95;1;2;2;2;3;1;1;1;34;4;40;4;6;234;55;0;0;2;9;0;0;2;2;0;0;2;25;0;0;2;1;0;0;0;0;0;0;1;1;0;0;0;0;0;0;0;0;0;0;0;0;0;0;0;0;0;0;0;0
02.02.2024;20:50;A 95;1;5;7;3;6;4;6;0;0;0;0;0;0;261;55;1;1;2;7;1;1;3;3;0;0;6;29;3;4;1;0;0;0;0;0;0;0;0;0;0;0;0;0;0;0;0;0;0;0;0;0;0;0;0;0;0;0;0;0
02.02.2024;20:49;A 95;1;5;18;3;6;2;3;5;4;4;34;2;3;199;53;3;9;0;0;1;14;0;0;0;0;0;0;0;0;0;0;0;0;0;0;0;0;0;0;0;0;0;0;0;0;0;0;0;0;0;0;0;0;0;0;0;0;0;0
02.02.2024;20:48;A 95;1;4;14;3;6;4;7;2;2;3;3;3;6;185;38;1;2;0;0;1;2;0;0;0;0;3;7;1;1;2;1;0;0;0;0;0;0;0;0;0;0;0;0;0;0;0;0;0;0;0;0;0;0;0;0;0;0;0;0
02.02.2024;20:47;A 95;1;0;0;0;0;0;0;4;43;3;42;3;6;188;44;0;0;4;31;0;0;3;3;0;0;1;4;1;1;1;0;0;0;0;0;0;0;0;0;0;0;0;0;0;0;0;0;0;0;0;0;0;0;0;0;0;0;0;0
02.02.2024;20:46;A 95;1;2;7;1;2;0;0;0;0;0;0;0;0;203;42;3;2;2;18;0;0;3;7;0;0;2;6;1;1;1;1;0;0;0;0;0;0;0;0;0;0;0;0;0;0;0;0;0;0;0;0;0;0;0;0;0;0;0;0
02.02.2024;20:45;A 95;1;4;4;4;5;3;3;1;0;1;1;1;0;214;50;1;26;2;5;1;1;2;1;0;0;2;6;1;1;1;0;1;1;1;1;0;0;0;0;0;0;0;0;0;0;0;0;0;0;0;0;0;0;0;0;0;0;0;0
02.02.2024;20:44;A 95;1;4;4;3;3;3;4;1;0;2;2;2;2;233;46;3;21;2;11;1;23;2;3;0;0;4;19;4;4;2;2;0;0;0;0;0;0;0;0;0;0;0;0;0;0;0;0;0;0;0;0;0;0;0;0;0;0;0;0
02.02.2024;20:43;A 95;1;1;1;1;1;1;1;4;14;2;3;2;2;250;36;1;1;0;0;0;0;0;0;0;0;4;29;2;3;1;1;0;0;0;0;1;1;1;1;0;0;0;0;0;0;0;0;0;0;0;0;0;0;0;0;0;0;0;0
02.02.2024;20:42;A 95;1;2;1;2;4;1;2;5;57;3;4;2;2;261;38;0;0;2;14;1;0;2;2;0;0;1;5;1;1;1;0;0;0;0;0;0;0;0;0;0;0;0;0;0;0;0;0;0;0;0;0;0;0;0;0;0;0;0;0
02.02.2024;20:41;A 95;1;6;24;5;66;3;8;0;0;2;3;2;5;253;36;0;0;2;20;0;0;1;2;0;0;2;37;2;2;2;2;0;0;0;0;1;1;0;0;0;0;0;0;0;0;0;0;0;0;0;0;0;0;0;0;0;0;0;0
02.02.2024;20:40;A 95;1;2;14;3;89;1;5;1;61;3;87;2;7;240;40;1;7;4;19;0;0;1;1;1;5;3;15;2;3;2;2;0;0;0;0;0;0;1;1;0;0;0;0;0;0;0;0;0;0;0;0;0;0;0;0;0;0;0;0
02.02.2024;20:39;A 95;1;0;0;2;3;2;2;2;4;3;5;3;3;229;37;1;14;5;44;0;0;3;4;0;0;1;5;1;1;1;1;0;0;0;0;0;0;0;0;0;0;0;0;0;0;0;0;0;0;0;0;0;0;0;0;0;0;0;0
02.02.2024;20:38;A 95;1;1;1;2;2;1;1;1;70;3;72;2;6;222;44;2;86;0;0;1;17;1;0;0;0;0;18;1;5;0;0;0;0;0;0;0;0;0;0;0;0;0;0;0;0;0;0;0;0;0;0;0;0;0;0;0;0;0;0
02.02.2024;20:37;A 95;1;11;14;3;6;3;6;1;0;5;46;4;45;225;44;1;50;0;0;2;37;0;0;0;0;2;37;3;4;0;0;0;0;0;0;0;0;0;0;0;0;0;0;0;0;0;0;0;0;0;0;0;0;0;0;0;0;0;0
02.02.2024;20:36;A 95;1;1;0;1;1;0;0;2;10;3;8;1;1;254;54;4;6;2;28;0;0;4;7;0;0;4;9;2;2;4;5;1;1;1;1;0;0;0;0;0;0;0;0;0;0;0;0;0;0;0;0;0;0;0;0;0;0;0;0
02.02.2024;20:35;A 95;1;2;3;4;26;2;6;1;0;4;5;5;37;312;56;2;13;3;6;2;4;2;3;0;0;0;0;0;0;2;2;0;0;0;0;0;0;0;0;0;0;0;0;0;0;0;0;0;0;0;0;0;0;0;0;0;0;0;0
02.02.2024;20:34;A 95;1;2;1;4;4;3;3;0;0;0;0;1;0;258;51;2;4;0;0;2;4;1;0;0;0;1;7;1;1;2;1;0;0;0;0;0;0;0;0;0;0;0;0;0;0;0;0;0;0;0;0;0;0;0;0;0;0;0;0
02.02.2024;20:33;A 95;1;4;11;2;46;0;0;0;0;1;0;2;4;225;55;2;21;4;37;5;17;4;8;0;0;2;9;1;1;1;3;0;0;0;0;1;1;0;0;0;0;0;0;0;0;0;0;0;0;0;0;0;0;0;0;0;0;0;0
02.02.2024;20:32;A 95;1;8;48;7;55;3;36;0;0;1;0;4;9;283;58;0;0;0;0;0;0;0;0;0;0;4;7;2;2;0;0;0;0;0;0;0;0;0;0;0;0;0;0;0;0;0;0;0;0;0;0;0;0;0;0;0;0;0;0
02.02.2024;20:31;A 95;1;2;1;3;4;1;1;1;0;1;1;1;1;270;65;0;0;0;0;0;0;0;0;0;0;4;9;3;3;0;0;0;0;0;0;0;0;1;1;0;0;0;0;0;0;0;0;0;0;0;0;0;0;0;0;0;0;0;0
02.02.2024;20:30;A 95;1;1;11;2;71;1;4;1;9;4;43;2;10;238;59;2;7;2;12;2;9;2;7;0;0;1;3;1;0;1;0;0;0;0;0;0;0;0;0;0;0;0;0;0;0;0;0;0;0;0;0;0;0;0;0;0;0;0;0
02.02.2024;20:29;A 95;1;5;19;10;48;5;39;0;0;0;0;0;0;181;49;2;3;0;3;1;2;0;0;0;0;2;6;1;1;2;2;0;0;1;1;0;0;0;0;0;0;0;0;0;0;0;0;0;0;0;0;0;0;0;0;0;0;0;0
02.02.2024;20:28;A 95;1;2;22;3;29;2;3;0;0;1;0;0;0;235;51;2;2;3;17;2;2;3;3;0;0;0;0;0;0;3;3;0;0;0;0;0;0;0;0;0;0;0;0;0;0;0;0;0;0;0;0;0;0;0;0;0;0;0;0
02.02.2024;20:27;A 95;1;6;19;8;39;4;8;0;0;0;0;1;1;290;56;1;1;3;31;0;0;4;5;1;0;0;0;0;0;4;8;0;0;0;0;0;0;0;0;0;0;0;0;0;0;0;0;0;0;0;0;0;0;0;0;0;0;0;0
02.02.2024;20:26;A 95;1;2;3;3;14;3;6;0;0;1;1;2;2;94;26;2;2;0;0;2;5;1;0;0;0;2;20;3;3;0;0;0;0;0;0;0;0;1;1;0;0;0;0;0;0;0;0;0;0;0;0;0;0;0;0;0;0;0;0
02.02.2024;20:25;A 95;1;0;0;1;1;2;4;3;43;3;85;2;2;11;7;2;2;3;12;1;0;2;2;0;0;0;0;0;0;3;2;0;0;0;0;0;0;0;0;0;0;0;0;0;0;0;0;0;0;0;0;0;0;0;0;0;0;0;0
02.02.2024;20:24;A 95;1;3;28;0;2;0;0;3;3;4;9;5;9;12;8;0;3;0;0;0;0;0;0;0;0;2;7;2;2;1;1;0;0;0;0;0;0;0;0;0;0;0;0;0;0;0;0;0;0;0;0;0;0;0;0;0;0;0;0
02.02.2024;20:23;A 95;1;4;2;3;20;1;1;0;0;1;3;1;1;11;5;1;23;3;9;1;4;2;2;0;0;0;0;0;0;1;1;0;0;0;0;0;0;0;0;0;0;0;0;0;0;0;0;0;0;0;0;0;0;0;0;0;0;0;0
02.02.2024;20:22;A 95;1;4;28;3;28;2;4;0;0;2;4;2;3;15;8;0;0;1;5;0;0;1;1;1;0;1;11;2;2;0;0;0;0;0;0;0;0;0;0;0;0;0;0;0;0;0;0;0;0;0;0;0;0;0;0;0;0;0;0
02.02.2024;20:21;A 95;1;3;11;5;14;3;9;1;0;2;14;1;4;15;9;1;59;1;8;1;1;1;1;0;0;2;7;2;1;1;0;1;1;1;1;0;0;0;0;0;0;0;0;0;0;0;0;0;0;0;0;0;0;0;0;0;0;0;0
02.02.2024;20:20;A 95;1;3;6;4;13;1;4;0;0;2;3;3;7;12;7;5;12;0;0;2;18;1;0;0;0;0;4;0;0;1;1;0;0;2;3;0;0;0;0;0;0;0;0;0;0;0;0;0;0;0;0;0;0;0;0;0;0;0;0
02.02.2024;20:19;A 95;1;9;6;5;7;7;14;0;7;2;12;0;0;39;18;3;9;3;20;1;8;3;33;0;0;3;24;3;5;3;3;1;1;2;3;0;0;0;0;0;0;0;0;0;0;0;0;0;0;0;0;0;0;0;0;0;0;0;0
02.02.2024;20:18;A 95;1;0;0;2;7;1;2;2;19;1;39;4;9;19;12;4;5;4;22;1;0;5;5;0;0;2;31;3;8;4;4;0;0;0;0;0;0;0;0;0;0;0;0;0;0;0;0;0;0;0;0;0;0;0;0;0;0;0;0
02.02.2024;20:17;A 95;1;1;1;2;2;1;1;1;0;3;3;3;4;11;5;0;19;0;0;0;0;0;0;0;0;2;13;2;3;0;0;0;0;1;1;0;0;1;1;0;0;0;0;0;0;0;0;0;0;0;0;0;0;0;0;0;0;0;0
02.02.2024;20:16;A 95;1;7;16;3;41;4;7;2;20;5;32;5;15;23;16;1;7;0;0;1;1;0;0;2;11;4;13;2;2;0;0;0;0;0;0;0;0;0;0;0;0;0;0;0;0;0;0;0;0;0;0;0;0;0;0;0;0;0;0
02.02.2024;20:15;A 95;1;2;3;1;1;1;1;1;1;1;23;1;2;11;7;5;79;1;8;3;30;2;2;0;0;2;14;2;3;2;2;0;0;0;0;0;0;0;0;0;0;0;0;0;0;0;0;0;0;0;0;0;0;0;0;0;0;0;0
02.02.2024;20:14;A 95;1;2;2;3;5;2;3;4;10;7;18;5;15;14;8;1;1;3;7;2;1;2;2;0;0;4;34;4;4;1;0;0;0;0;0;0;0;0;0;0;0;0;0;0;0;0;0;0;0;0;0;0;0;0;0;0;0;0;0
02.02.2024;20:13;A 95;1;0;0;0;0;0;0;3;80;1;97;2;3;21;7;1;1;0;18;1;1;1;1;0;0;4;25;2;2;4;3;1;2;1;2;0;0;0;0;0;0;0;0;0;0;0;0;0;0;0;0;0;0;0;0;0;0;0;0
02.02.2024;20:12;A 95;1;1;1;1;0;1;1;3;6;5;14;6;9;16;4;3;49;3;48;2;36;4;5;0;0;3;15;6;8;2;1;1;1;1;1;0;0;0;0;0;0;0;0;0;0;0;0;0;0;0;0;0;0;0;0;0;0;0;0
02.02.2024;20:11;A 95;1;4;3;3;4;1;2;5;9;7;8;5;7;17;8;3;22;1;7;3;28;2;2;0;0;1;24;1;1;0;0;0;0;0;0;1;1;0;0;0;0;0;0;0;0;0;0;0;0;0;0;0;0;0;0;0;0;0;0
02.02.2024;20:10;A 95;1;3;16;3;12;2;3;1;1;1;1;2;4;11;11;0;0;1;7;0;0;1;1;0;0;7;45;4;8;2;1;0;0;0;0;0;0;0;0;0;0;0;0;0;0;0;0;0;0;0;0;0;0;0;0;0;0;0;0
02.02.2024;20:09;A 95;1;2;1;2;2;2;2;7;12;9;16;5;66;6;7;0;0;1;7;0;0;2;2;0;0;2;15;2;2;0;0;0;0;0;0;0;0;0;0;0;0;0;0;0;0;0;0;0;0;0;0;0;0;0;0;0;0;0;0
02.02.2024;20:08;A 95;1;2;2;2;3;2;3;6;13;4;7;6;35;21;7;1;33;0;0;1;2;1;0;1;0;7;53;6;11;0;0;0;0;0;0;0;0;0;0;0;0;0;0;0;0;0;0;0;0;0;0;0;0;0;0;0;0;0;0
02.02.2024;20:07;A 95;1;4;3;5;4;2;2;2;1;2;2;2;3;15;9;1;1;0;0;1;0;0;0;0;0;2;4;1;0;0;0;0;0;0;0;0;0;0;0;0;0;0;0;0;0;0;0;0;0;0;0;0;0;0;0;0;0;0;0
02.02.2024;20:06;A 95;1;1;1;1;1;1;2;1;0;2;4;2;2;20;11;0;0;7;27;0;0;1;1;0;0;5;31;4;6;2;1;1;1;1;1;0;0;0;0;0;0;0;0;0;0;0;0;0;0;0;0;0;0;0;0;0;0;0;0
02.02.2024;20:05;A 95;1;3;4;4;6;4;7;3;3;4;5;4;5;13;19;3;4;5;26;2;7;5;7;0;0;3;52;3;6;2;2;0;0;0;0;0;0;0;0;0;0;0;0;0;0;0;0;0;0;0;0;0;0;0;0;0;0;0;0
02.02.2024;20:04;A 95;1;2;65;2;61;3;5;4;41;4;48;2;3;27;5;2;4;2;3;0;0;1;0;0;0;2;10;2;2;2;1;0;0;0;0;0;0;0;0;0;0;0;0;0;0;0;0;0;0;0;0;0;0;0;0;0;0;0;0
02.02.2024;20:03;A 95;1;4;36;4;32;3;4;5;17;5;10;7;13;40;11;3;84;8;22;2;87;5;5;0;0;3;79;3;9;4;8;0;0;0;0;0;0;0;0;0;0;0;0;0;0;0;0;0;0;0;0;0;0;0;0;0;0;0;0
02.02.2024;20:02;A 95;1;0;0;1;0;1;0;2;2;1;1;0;0;20;4;0;0;0;0;0;0;0;0;0;0;4;12;3;3;0;0;0;0;0;0;0;0;0;0;0;0;0;0;0;0;0;0;0;0;0;0;0;0;0;0;0;0;0;0
02.02.2024;20:01;A 95;1;2;1;5;18;4;8;1;0;3;4;2;3;21;7;1;1;0;0;1;1;0;0;0;0;2;9;2;2;0;0;0;0;0;0;0;0;0;0;0;0;0;0;0;0;0;0;0;0;0;0;0;0;0;0;0;0;0;0
02.02.2024;20:00;A 95;1;2;3;3;4;4;5;3;8;7;76;6;27;67;19;1;1;0;0;2;1;2;1;0;0;6;29;4;10;0;0;0;0;0;0;0;0;0;0;0;0;0;0;0;0;0;0;0;0;0;0;0;0;0;0;0;0;0;0
02.02.2024;19:59;A 95;1;1;9;1;0;2;4;1;40;3;37;0;0;10;4;1;0;0;0;0;0;0;0;1;1;4;38;4;7;0;0;0;0;0;0;0;0;0;0;0;0;0;0;0;0;0;0;0;0;0;0;0;0;0;0;0;0;0;0
02.02.2024;19:58;A 95;1;4;26;4;9;5;10;6;5;5;23;4;7;14;16;4;8;2;13;2;7;2;5;0;0;5;37;3;4;2;2;0;0;0;0;0;0;0;0;0;0;0;0;0;0;0;0;0;0;0;0;0;0;0;0;0;0;0;0
02.02.2024;19:57;A 95;1;5;47;3;37;3;6;8;15;4;30;5;10;12;11;2;1;5;38;1;2;6;7;0;0;2;4;1;1;7;8;1;1;0;0;0;0;1;1;0;0;0;0;0;0;0;0;0;0;0;0;0;0;0;0;0;0;0;0
02.02.2024;19:56;A 95;1;0;26;1;23;0;0;2;28;3;27;1;0;7;1;0;0;1;74;0;0;4;7;0;0;2;14;2;2;0;0;0;0;0;0;0;0;0;0;0;0;0;0;0;0;0;0;0;0;0;0;0;0;0;0;0;0;0;0
02.02.2024;19:55;A 95;1;2;10;4;10;4;6;3;1;4;13;7;12;19;10;5;6;1;7;2;10;2;1;1;0;1;10;1;1;3;2;0;0;0;0;0;0;1;1;0;0;0;0;0;0;0;0;0;0;0;0;0;0;0;0;0;0;0;0
02.02.2024;19:54;A 95;1;2;34;1;4;0;0;0;0;0;0;0;0;13;4;1;1;3;24;1;2;5;7;0;0;2;13;3;3;5;5;0;0;0;0;0;0;0;0;0;0;0;0;0;0;0;0;0;0;0;0;0;0;0;0;0;0;0;0
02.02.2024;19:53;A 95;1;2;10;3;13;2;3;4;63;9;50;3;59;38;12;0;0;4;11;0;0;2;2;0;0;1;6;1;1;0;0;0;0;0;0;0;0;0;0;0;0;0;0;0;0;0;0;0;0;0;0;0;0;0;0;0;0;0;0
02.02.2024;19:52;A 95;1;0;0;1;1;0;0;2;89;1;94;0;100;17;6;1;0;4;19;0;0;4;5;0;0;0;57;0;0;1;1;0;0;0;0;0;0;0;0;0;0;0;0;0;0;0;0;0;0;0;0;0;0;0;0;0;0;0;0
02.02.2024;19:51;A 95;1;3;2;2;57;3;8;0;0;2;96;2;72;12;6;1;3;2;7;0;0;1;1;0;0;5;49;5;7;3;2;0;0;0;0;0;0;1;1;0;0;0;0;0;0;0;0;0;0;0;0;0;0;0;0;0;0;0;0
02.02.2024;19:50;A 95;1;4;11;3;8;3;6;7;16;9;23;7;55;14;8;0;0;3;27;1;3;2;2;1;0;3;8;2;2;0;0;0;0;0;0;0;0;0;0;0;0;0;0;0;0;0;0;0;0;0;0;0;0;0;0;0;0;0;0
02.02.2024;19:49;A 95;1;1;2;1;1;1;1;3;3;7;23;3;31;15;3;4;61;4;12;2;61;3;3;0;0;0;93;1;84;2;1;0;0;0;0;0;0;0;0;0;0;0;0;0;0;0;0;0;0;0;0;0;0;0;0;0;0;0;0
02.02.2024;19:48;A 95;1;0;0;1;1;1;0;3;3;5;57;5;65;17;16;2;4;0;46;1;2;2;17;1;33;0;100;5;23;4;4;0;0;1;1;0;0;0;0;0;0;0;0;0;0;0;0;0;0;0;0;0;0;0;0;0;0;0;0
02.02.2024;19:47;A 95;1;2;7;2;2;1;0;3;6;10;26;3;39;3;2;0;0;1;98;0;0;2;3;1;3;2;80;4;47;0;0;0;0;0;0;0;0;0;0;0;0;0;0;0;0;0;0;0;0;0;0;0;0;0;0;0;0;0;0
02.02.2024;19:46;A 95;1;2;0;1;1;1;1;8;11;6;26;7;30;25;8;1;47;3;6;2;2;2;2;0;0;4;10;2;2;4;4;0;0;0;0;0;0;0;0;0;0;0;0;0;0;0;0;0;0;0;0;0;0;0;0;0;0;0;0
02.02.2024;19:45;A 95;1;4;7;4;8;3;15;6;72;8;77;5;94;29;13;1;57;1;7;1;1;3;2;0;0;1;5;1;1;0;0;0;0;0;0;0;0;0;0;0;0;0;0;0;0;0;0;0;0;0;0;0;0;0;0;0;0;0;0
02.02.2024;19:44;A 95;1;1;1;3;29;1;5;1;77;5;69;4;58;15;6;2;2;4;9;1;1;4;2;0;0;3;10;3;3;2;1;0;0;0;0;0;0;0;0;0;0;0;0;0;0;0;0;0;0;0;0;0;0;0;0;0;0;0;0
02.02.2024;19:43;A 95;1;2;1;3;8;3;16;1;75;5;56;1;53;25;9;2;24;4;21;1;3;3;5;0;0;1;57;3;9;2;1;0;0;0;0;0;0;0;0;0;0;0;0;0;0;0;0;0;0;0;0;0;0;0;0;0;0;0;0
02.02.2024;19:42;A 95;1;1;0;1;1;3;5;4;10;3;18;4;33;13;12;1;0;0;0;0;0;0;0;0;0;8;21;6;7;0;0;0;0;1;1;0;0;0;0;0;0;0;0;0;0;0;0;0;0;0;0;0;0;0;0;0;0;0;0
02.02.2024;19:41;A 95;1;2;3;1;1;1;1;3;53;3;52;3;6;11;6;1;0;0;0;0;0;0;0;1;5;2;8;2;2;0;0;0;0;0;0;0;0;0;0;0;0;0;0;0;0;0;0;0;0;0;0;0;0;0;0;0;0;0;0
02.02.2024;19:40;A 95;1;4;45;3;11;2;7;4;26;4;29;5;9;9;6;2;3;0;0;2;3;0;0;0;0;2;68;4;48;0;0;0;0;0;0;0;0;0;0;0;0;0;0;0;0;0;0;0;0;0;0;0;0;0;0;0;0;0;0
02.02.2024;19:39;A 95;1;0;0;0;0;0;0;4;69;5;63;5;13;36;22;2;4;0;0;2;4;1;0;0;0;5;88;10;15;0;0;0;0;0;0;0;0;0;0;0;0;0;0;0;0;0;0;0;0;0;0;0;0;0;0;0;0;0;0
02.02.2024;19:38;A 95;1;4;32;3;4;1;1;2;15;5;50;3;10;22;6;2;1;0;0;0;0;0;0;1;0;2;62;4;8;0;0;0;0;0;0;0;0;0;0;0;0;0;0;0;0;0;0;0;0;0;0;0;0;0;0;0;0;0;0
02.02.2024;19:37;A 95;1;1;0;1;1;2;4;2;34;3;52;6;10;52;14;0;0;2;1;0;0;1;0;0;0;1;44;1;1;1;0;1;1;1;1;0;0;0;0;0;0;0;0;0;0;0;0;0;0;0;0;0;0;0;0;0;0;0;0
02.02.2024;19:36;A 95;1;0;0;0;0;0;0;3;3;2;3;3;4;12;7;2;3;2;2;2;5;2;1;0;0;3;61;3;34;2;1;0;0;0;0;0;0;0;0;0;0;0;0;0;0;0;0;0;0;0;0;0;0;0;0;0;0;0;0
02.02.2024;19:35;A 95;1;6;21;5;11;6;20;4;13;8;76;4;63;40;10;2;3;2;17;0;0;3;6;0;0;1;50;3;19;1;3;1;1;0;0;1;1;1;1;0;0;0;0;0;0;0;0;0;0;0;0;0;0;0;0;0;0;0;0
02.02.2024;19:34;A 95;1;3;2;3;4;3;3;1;0;1;2;2;2;33;13;4;63;6;17;1;66;4;6;0;0;2;12;3;3;4;2;0;0;0;0;0;0;0;0;0;0;0;0;0;0;0;0;0;0;0;0;0;0;0;0;0;0;0;0
02.02.2024;19:33;A 95;1;3;3;3;12;3;5;6;28;3;7;3;5;30;13;3;47;2;10;3;49;4;3;0;0;3;21;3;3;2;1;0;0;0;0;0;0;0;0;0;0;0;0;0;0;0;0;0;0;0;0;0;0;0;0;0;0;0;0
02.02.2024;19:32;A 95;1;9;8;4;10;5;10;3;15;4;26;1;27;22;6;0;0;0;0;0;0;0;0;0;0;4;16;2;2;0;0;0;0;0;0;0;0;0;0;0;0;0;0;0;0;0;0;0;0;0;0;0;0;0;0;0;0;0;0
02.02.2024;19:31;A 95;1;3;1;4;5;3;6;4;7;3;9;3;11;29;17;4;7;3;8;4;9;3;3;0;0;1;40;2;5;2;1;0;0;0;0;0;0;0;0;0;0;0;0;0;0;0;0;0;0;0;0;0;0;0;0;0;0;0;0
02.02.2024;19:30;A 95;1;6;4;9;22;6;30;8;31;9;17;7;32;30;15;3;4;2;10;2;4;3;2;0;0;2;18;3;5;7;7;0;0;0;0;0;0;2;3;0;0;0;0;0;0;0;0;0;0;0;0;0;0;0;0;0;0;0;0
02.02.2024;19:29;A 95;1;4;10;4;7;2;5;2;2;2;2;2;3;23;8;0;0;2;83;0;0;3;5;0;0;3;47;3;3;0;0;0;0;0;0;0;0;0;0;0;0;0;0;0;0;0;0;0;0;0;0;0;0;0;0;0;0;0;0
02.02.2024;19:28;A 95;1;5;6;4;10;2;2;3;1;2;1;2;2;22;13;3;2;2;7;2;2;2;2;0;0;3;42;2;3;2;2;0;0;0;0;0;0;0;0;0;0;0;0;0;0;0;0;0;0;0;0;0;0;0;0;0;0;0;0
02.02.2024;19:27;A 95;1;4;2;2;3;1;1;4;3;4;21;4;6;16;12;1;1;2;5;1;2;1;1;0;0;2;18;2;4;2;1;0;0;0;0;0;0;0;0;0;0;0;0;0;0;0;0;0;0;0;0;0;0;0;0;0;0;0;0
02.02.2024;19:26;A 95;1;7;7;6;27;4;23;2;23;7;30;4;28;18;10;0;0;2;4;0;0;2;2;0;0;4;35;5;13;0;0;0;0;0;0;1;1;0;0;0;0;0;0;0;0;0;0;0;0;0;0;0;0;0;0;0;0;0;0
02.02.2024;19:25;A 95;1;1;2;4;7;3;6;5;27;3;20;5;11;34;10;1;1;2;9;1;1;3;2;0;0;1;57;1;0;2;1;0;0;0;0;0;0;0;0;0;0;0;0;0;0;0;0;0;0;0;0;0;0;0;0;0;0;0;0
02.02.2024;19:24;A 95;1;3;1;5;12;7;45;0;0;2;4;2;3;107;32;3;1;6;12;0;0;5;5;0;0;3;44;6;8;4;3;0;0;0;0;0;0;0;0;0;0;0;0;0;0;0;0;0;0;0;0;0;0;0;0;0;0;0;0
02.02.2024;19:23;A 95;1;3;3;4;6;3;6;5;33;10;40;4;49;9;3;1;1;0;0;1;2;1;1;0;0;5;75;3;5;0;0;1;1;1;1;0;0;0;0;0;0;0;0;0;0;0;0;0;0;0;0;0;0;0;0;0;0;0;0
02.02.2024;19:22;A 95;1;1;0;2;4;4;8;5;15;4;13;5;8;76;26;1;1;2;6;1;1;2;1;1;0;1;59;3;9;2;1;0;0;0;0;0;0;1;1;0;0;0;0;0;0;0;0;0;0;0;0;0;0;0;0;0;0;0;0
02.02.2024;19:21;A 95;1;5;60;3;73;2;2;4;87;8;74;6;27;50;12;1;1;1;3;2;1;2;1;0;0;4;50;4;5;1;0;1;1;0;0;0;0;0;0;0;0;0;0;0;0;0;0;0;0;0;0;0;0;0;0;0;0;0;0
02.02.2024;19:20;A 95;1;2;3;4;8;4;7;2;11;3;4;5;7;40;21;2;5;4;29;0;2;4;6;0;0;4;31;5;13;6;5;0;0;0;0;0;0;0;0;0;0;0;0;0;0;0;0;0;0;0;0;0;0;0;0;0;0;0;0
02.02.2024;19:19;A 95;1;0;0;0;0;0;0;3;1;4;3;3;3;32;12;3;24;3;19;3;27;3;5;1;4;4;72;4;41;0;0;0;0;0;0;1;1;0;0;0;0;0;0;0;0;0;0;0;0;0;0;0;0;0;0;0;0;0;0
02.02.2024;19:18;A 95;1;5;4;3;22;2;4;2;18;9;47;7;58;40;14;5;4;1;2;2;3;1;0;0;0;0;0;0;0;2;1;0;0;0;0;0;0;0;0;0;0;0;0;0;0;0;0;0;0;0;0;0;0;0;0;0;0;0;0
02.02.2024;19:17;A 95;1;1;0;1;24;1;2;7;29;6;31;3;37;38;21;5;2;2;9;0;0;4;3;1;2;3;59;5;6;1;1;1;1;1;1;1;1;0;0;0;0;0;0;0;0;0;0;0;0;0;0;0;0;0;0;0;0;0;0
02.02.2024;19:16;A 95;1;2;3;3;30;3;5;5;40;3;44;5;53;17;8;2;1;2;16;0;0;2;3;0;0;3;8;2;2;1;0;0;0;0;0;0;0;0;0;0;0;0;0;0;0;0;0;0;0;0;0;0;0;0;0;0;0;0;0
02.02.2024;19:15;A 95;1;1;60;3;65;1;4;7;39;8;64;6;23;38;10;0;0;3;7;0;0;3;3;1;4;3;24;4;10;3;2;1;1;1;1;0;0;0;0;0;0;0;0;0;0;0;0;0;0;0;0;0;0;0;0;0;0;0;0
02.02.2024;19:14;A 95;1;2;36;4;58;3;59;4;5;6;22;3;36;27;10;0;0;0;0;0;0;0;0;0;0;1;97;15;53;2;1;0;0;0;0;0;0;0;0;0;0;0;0;0;0;0;0;0;0;0;0;0;0;0;0;0;0;0;0
02.02.2024;19:13;A 95;1;3;77;3;64;7;52;5;3;3;6;4;5;52;15;1;5;3;13;1;0;3;7;0;0;2;90;3;68;1;1;0;0;0;0;0;0;1;1;0;0;0;0;0;0;0;0;0;0;0;0;0;0;0;0;0;0;0;0
02.02.2024;19:12;A 95;1;0;0;0;0;0;0;2;35;5;11;6;13;22;16;2;2;4;16;2;3;6;4;1;27;3;32;4;7;5;4;0;0;0;0;0;0;0;0;0;0;0;0;0;0;0;0;0;0;0;0;0;0;0;0;0;0;0;0
02.02.2024;19:11;A 95;1;7;20;4;18;2;2;4;3;5;4;5;6;24;6;0;0;1;3;0;0;1;1;0;0;0;4;1;1;0;0;0;0;0;0;0;0;0;0;0;0;0;0;0;0;0;0;0;0;0;0;0;0;0;0;0;0;0;0
02.02.2024;19:10;A 95;1;3;28;3;28;4;8;3;3;2;3;2;3;54;21;1;16;1;59;1;2;3;35;0;0;2;38;1;5;4;7;0;0;0;0;0;0;0;0;0;0;0;0;0;0;0;0;0;0;0;0;0;0;0;0;0;0;0;0
02.02.2024;19:09;A 95;1;1;1;1;1;1;1;5;9;3;10;3;4;41;18;2;2;4;69;2;3;5;8;1;3;4;16;4;4;4;3;0;0;0;0;0;0;0;0;0;0;0;0;0;0;0;0;0;0;0;0;0;0;0;0;0;0;0;0
02.02.2024;19:08;A 95;1;2;33;1;2;1;1;3;18;7;54;2;57;27;10;0;0;2;17;0;0;3;4;0;0;1;11;2;2;0;0;0;0;0;0;0;0;0;0;0;0;0;0;0;0;0;0;0;0;0;0;0;0;0;0;0;0;0;0
02.02.2024;19:07;A 95;1;1;0;3;8;3;4;2;49;6;52;7;33;24;12;1;19;4;8;1;6;3;2;0;0;5;70;6;15;4;3;0;0;0;0;0;0;0;0;0;0;0;0;0;0;0;0;0;0;0;0;0;0;0;0;0;0;0;0
02.02.2024;19:06;A 95;1;4;3;4;14;4;9;1;2;5;21;3;31;29;39;2;4;1;49;1;6;6;9;0;0;4;44;5;5;7;5;0;0;1;1;0;0;0;0;0;0;0;0;0;0;0;0;0;0;0;0;0;0;0;0;0;0;0;0
02.02.2024;19:05;A 95;1;10;7;9;10;8;16;8;8;12;32;10;49;37;14;1;0;1;78;0;0;4;5;0;0;5;57;3;7;0;0;0;0;0;0;0;0;0;0;0;0;0;0;0;0;0;0;0;0;0;0;0;0;0;0;0;0;0;0
02.02.2024;19:04;A 95;1;1;0;2;2;2;3;5;8;12;24;9;36;68;12;1;0;4;21;1;2;5;7;0;0;7;53;6;7;4;4;0;0;0;0;0;0;0;0;0;0;0;0;0;0;0;0;0;0;0;0;0;0;0;0;0;0;0;0
02.02.2024;19:03;A 95;1;4;6;3;8;2;7;1;94;2;91;1;94;82;22;0;0;1;3;0;0;1;0;0;0;1;29;6;9;1;0;0;0;0;0;0;0;0;0;0;0;0;0;0;0;0;0;0;0;0;0;0;0;0;0;0;0;0;0
02.02.2024;19:02;A 95;1;0;0;0;0;0;0;6;10;9;17;6;60;65;17;3;2;0;0;1;1;0;0;0;0;0;100;0;98;0;0;0;0;1;1;0;0;0;0;0;0;0;0;0;0;0;0;0;0;0;0;0;0;0;0;0;0;0;0
02.02.2024;19:01;A 95;1;2;8;1;9;1;3;1;10;3;64;2;96;26;17;3;53;2;27;2;41;4;6;0;0;1;98;6;18;6;5;0;0;0;0;0;0;1;1;0;0;0;0;0;0;0;0;0;0;0;0;0;0;0;0;0;0;0;0
02.02.2024;19:00;A 95;1;1;31;2;16;3;5;3;61;1;25;2;34;21;14;3;5;9;36;1;4;6;12;0;0;3;69;3;6;3;3;1;1;1;1;0;0;0;0;0;0;0;0;0;0;0;0;0;0;0;0;0;0;0;0;0;0;0;0
02.02.2024;18:59;A 95;1;1;17;4;49;5;16;1;6;3;73;2;4;51;9;0;0;0;0;0;0;0;0;1;24;5;24;4;6;0;0;0;0;0;0;0;0;0;0;0;0;0;0;0;0;0;0;0;0;0;0;0;0;0;0;0;0;0;0
02.02.2024;18:58;A 95;1;8;5;4;5;2;4;1;0;4;25;5;8;70;19;1;1;1;8;1;1;3;3;0;0;3;42;4;9;2;1;1;1;0;0;0;0;0;0;0;0;0;0;0;0;0;0;0;0;0;0;0;0;0;0;0;0;0;0
02.02.2024;18:57;A 95;1;7;35;4;30;4;5;3;13;4;14;3;10;41;19;1;0;1;2;0;0;1;1;0;0;4;22;5;7;2;1;0;0;0;0;0;0;0;0;0;0;0;0;0;0;0;0;0;0;0;0;0;0;0;0;0;0;0;0
02.02.2024;18:56;A 95;1;2;11;2;2;2;3;7;64;8;66;2;78;40;25;3;2;2;14;1;2;3;4;0;0;0;3;0;0;1;0;0;0;0;0;0;0;0;0;0;0;0;0;0;0;0;0;0;0;0;0;0;0;0;0;0;0;0;0
02.02.2024;18:55;A 95;1;1;1;2;3;2;3;2;13;3;20;6;24;52;18;1;1;2;6;1;1;2;2;0;0;1;61;3;7;1;0;0;0;0;0;0;0;0;0;0;0;0;0;0;0;0;0;0;0;0;0;0;0;0;0;0;0;0;0
02.02.2024;18:54;A 95;1;5;34;5;37;4;19;7;8;4;15;3;6;30;13;2;2;4;14;2;3;4;4;0;0;4;67;13;18;3;2;0;0;0;0;0;0;0;0;0;0;0;0;0;0;0;0;0;0;0;0;0;0;0;0;0;0;0;0
02.02.2024;18:53;A 95;1;1;25;1;1;1;1;5;5;9;42;5;20;56;13;0;0;2;5;0;0;2;2;0;0;0;100;3;89;0;0;0;0;0;0;0;0;0;0;0;0;0;0;0;0;0;0;0;0;0;0;0;0;0;0;0;0;0;0
02.02.2024;18:52;A 95;1;3;6;2;4;2;4;8;18;6;21;8;18;61;24;0;0;2;16;0;0;5;4;1;0;2;12;4;6;4;3;0;0;1;1;0;0;0;0;0;0;0;0;0;0;0;0;0;0;0;0;0;0;0;0;0;0;0;0
02.02.2024;18:51;A 95;1;1;0;1;1;0;0;7;40;9;39;8;57;48;21;2;2;1;2;2;5;2;2;0;0;2;28;5;10;1;0;0;0;1;1;1;1;0;0;0;0;0;0;0;0;0;0;0;0;0;0;0;0;0;0;0;0;0;0
02.02.2024;18:50;A 95;1;2;20;2;23;1;1;6;13;8;27;7;11;46;15;2;1;0;0;0;0;0;0;0;0;1;87;4;65;1;1;0;0;1;1;0;0;0;0;0;0;0;0;0;0;0;0;0;0;0;0;0;0;0;0;0;0;0;0
02.02.2024;18:49;A 95;1;2;11;3;12;3;7;2;5;2;3;2;3;40;11;2;3;3;13;2;1;5;4;0;0;1;3;1;0;5;3;0;0;0;0;0;0;0;0;0;0;0;0;0;0;0;0;0;0;0;0;0;0;0;0;0;0;0;0
02.02.2024;18:48;A 95;1;0;0;0;0;0;0;0;0;0;0;1;0;32;13;3;36;3;53;1;2;8;9;0;0;3;30;3;4;3;2;0;0;0;0;0;0;0;0;0;0;0;0;0;0;0;0;0;0;0;0;0;0;0;0;0;0;0;0
02.02.2024;18:47;A 95;1;5;4;5;9;4;5;7;5;8;29;3;35;53;15;2;1;0;0;0;0;0;0;1;5;3;51;3;5;0;0;1;1;0;0;0;0;0;0;0;0;0;0;0;0;0;0;0;0;0;0;0;0;0;0;0;0;0;0
02.02.2024;18:46;A 95;1;2;3;3;3;2;2;6;16;4;15;5;20;30;7;2;3;5;17;2;6;4;3;0;0;2;13;3;4;5;4;0;0;0;0;0;0;0;0;0;0;0;0;0;0;0;0;0;0;0;0;0;0;0;0;0;0;0;0
02.02.2024;18:45;A 95;1;0;0;0;0;0;0;6;9;7;11;6;21;53;21;1;5;6;18;1;1;4;5;0;0;2;19;3;3;3;2;0;0;0;0;0;0;0;0;0;0;0;0;0;0;0;0;0;0;0;0;0;0;0;0;0;0;0;0
02.02.2024;18:44;A 95;1;6;6;4;11;4;8;3;54;6;62;1;71;44;8;5;24;4;16;2;3;3;5;1;0;1;72;3;6;2;1;1;1;1;1;0;0;0;0;0;0;0;0;0;0;0;0;0;0;0;0;0;0;0;0;0;0;0;0
02.02.2024;18:43;A 95;1;4;3;2;9;2;2;9;18;10;19;11;23;64;14;2;6;1;88;1;11;2;4;1;4;2;50;3;5;3;3;0;0;0;0;0;0;0;0;0;0;0;0;0;0;0;0;0;0;0;0;0;0;0;0;0;0;0;0
02.02.2024;18:42;A 95;1;6;20;8;19;7;13;5;11;8;33;6;52;62;24;0;0;5;49;0;0;9;9;0;0;4;10;3;3;4;3;0;0;0;0;0;0;0;0;0;0;0;0;0;0;0;0;0;0;0;0;0;0;0;0;0;0;0;0
02.02.2024;18:41;A 95;1;6;27;4;29;4;5;4;17;9;39;6;32;88;14;0;0;0;0;0;0;0;0;0;0;0;0;0;0;0;0;0;0;0;0;0;0;0;0;0;0;0;0;0;0;0;0;0;0;0;0;0;0;0;0;0;0;0;0
02.02.2024;18:40;A 95;1;4;9;3;4;4;5;4;4;6;17;7;14;117;25;2;2;2;55;1;1;2;1;0;0;2;85;8;59;3;2;1;1;2;3;0;0;0;0;0;0;0;0;0;0;0;0;0;0;0;0;0;0;0;0;0;0;0;0
02.02.2024;18:39;A 95;1;2;1;3;3;1;1;11;18;6;18;5;23;25;21;1;15;2;40;0;19;4;4;0;0;3;73;8;34;2;1;0;0;0;0;0;0;0;0;0;0;0;0;0;0;0;0;0;0;0;0;0;0;0;0;0;0;0;0
02.02.2024;18:38;A 95;1;6;55;6;57;1;64;5;32;6;56;2;58;51;29;1;19;0;0;1;22;0;0;1;3;1;88;5;47;1;1;3;5;1;1;0;0;0;0;0;0;0;0;0;0;0;0;0;0;0;0;0;0;0;0;0;0;0;0
02.02.2024;18:37;A 95;1;4;74;4;49;6;19;1;1;3;8;4;9;55;15;4;4;6;10;4;4;6;4;0;0;3;42;4;30;6;4;0;0;0;0;0;0;0;0;0;0;0;0;0;0;0;0;0;0;0;0;0;0;0;0;0;0;0;0
02.02.2024;18:36;A 95;1;3;1;2;3;2;4;2;2;3;3;3;5;49;33;0;0;2;4;0;0;1;0;0;0;0;100;6;72;1;0;0;0;0;0;0;0;0;0;0;0;0;0;0;0;0;0;0;0;0;0;0;0;0;0;0;0;0;0
02.02.2024;18:35;A 95;1;1;1;1;1;1;1;13;29;11;56;7;67;89;19;2;0;2;13;0;0;2;2;0;0;4;78;5;30;4;4;2;3;1;1;0;0;0;0;0;0;0;0;0;0;0;0;0;0;0;0;0;0;0;0;0;0;0;0
02.02.2024;18:34;A 95;1;1;1;1;1;0;0;3;2;3;21;6;23;33;9;5;5;3;36;2;4;11;13;0;0;4;13;3;3;7;6;0;0;0;0;0;0;0;0;0;0;0;0;0;0;0;0;0;0;0;0;0;0;0;0;0;0;0;0
02.02.2024;18:33;A 95;1;1;7;2;20;1;8;3;2;3;10;3;5;33;20;0;0;3;33;0;0;6;11;0;0;3;58;6;11;2;1;0;0;0;0;0;0;0;0;0;0;0;0;0;0;0;0;0;0;0;0;0;0;0;0;0;0;0;0
02.02.2024;18:32;A 95;1;3;26;4;34;4;6;8;8;8;38;5;47;40;16;5;2;1;5;0;0;3;4;0;0;1;85;4;9;3;2;0;0;0;0;0;0;0;0;0;0;0;0;0;0;0;0;0;0;0;0;0;0;0;0;0;0;0;0
02.02.2024;18:31;A 95;1;3;23;4;19;4;8;3;4;4;9;5;11;54;22;4;5;3;35;1;5;8;9;0;0;1;67;3;55;5;3;0;0;0;0;0;0;1;1;0;0;0;0;0;0;0;0;0;0;0;0;0;0;0;0;0;0;0;0
02.02.2024;18:30;A 95;1;2;3;1;1;1;1;3;52;5;13;9;19;44;21;0;0;3;23;0;0;6;5;0;0;2;56;5;8;5;4;0;0;0;0;0;0;0;0;0;0;0;0;0;0;0;0;0;0;0;0;0;0;0;0;0;0;0;0
02.02.2024;18:29;A 95;1;5;2;3;3;3;3;12;8;10;12;11;18;79;18;2;1;2;7;0;0;2;2;0;0;1;8;1;1;0;0;0;0;0;0;0;0;0;0;0;0;0;0;0;0;0;0;0;0;0;0;0;0;0;0;0;0;0;0
02.02.2024;18:28;A 95;1;3;3;3;5;1;1;6;12;10;19;7;23;28;12;4;61;2;76;4;67;3;6;0;0;2;20;3;6;6;6;1;1;1;1;0;0;0;0;0;0;0;0;0;0;0;0;0;0;0;0;0;0;0;0;0;0;0;0
02.02.2024;18:27;A 95;1;2;4;3;9;2;5;3;5;3;52;5;58;35;13;2;3;4;20;1;4;6;4;1;36;2;41;7;15;5;3;0;0;0;0;0;0;0;0;0;0;0;0;0;0;0;0;0;0;0;0;0;0;0;0;0;0;0;0
02.02.2024;18:26;A 95;1;7;14;3;4;3;4;12;20;11;33;12;42;13;14;1;0;0;0;0;0;0;0;1;1;1;85;3;68;0;0;0;0;0;0;0;0;0;0;0;0;0;0;0;0;0;0;0;0;0;0;0;0;0;0;0;0;0;0
02.02.2024;18:25;A 95;1;3;3;3;3;2;2;5;4;5;4;5;6;58;24;3;23;4;20;3;9;6;6;0;0;4;22;3;4;4;3;0;0;0;0;0;0;0;0;0;0;0;0;0;0;0;0;0;0;0;0;0;0;0;0;0;0;0;0
02.02.2024;18:24;A 95;1;3;2;2;2;0;0;4;28;7;40;5;40;18;22;3;4;5;27;2;7;6;7;0;0;2;12;2;2;6;5;0;0;0;0;0;0;0;0;0;0;0;0;0;0;0;0;0;0;0;0;0;0;0;0;0;0;0;0
02.02.2024;18:23;A 95;1;5;6;5;10;2;39;6;8;5;37;1;42;179;37;1;0;5;22;0;0;4;3;0;0;7;46;3;7;1;0;0;0;0;0;0;0;0;0;0;0;0;0;0;0;0;0;0;0;0;0;0;0;0;0;0;0;0;0
02.02.2024;18:22;A 95;1;5;15;6;12;5;15;7;11;7;19;6;24;31;13;2;2;4;70;2;2;8;9;0;0;4;65;6;10;7;6;0;0;0;0;0;0;0;0;0;0;0;0;0;0;0;0;0;0;0;0;0;0;0;0;0;0;0;0
02.02.2024;18:21;A 95;1;4;5;5;89;0;100;3;87;4;84;4;32;17;25;3;27;6;27;1;29;8;12;0;0;4;27;6;7;5;4;0;0;0;0;0;0;0;0;0;0;0;0;0;0;0;0;0;0;0;0;0;0;0;0;0;0;0;0
02.02.2024;18:20;A 95;1;2;25;2;96;2;45;1;1;3;5;4;8;43;27;4;90;1;3;0;100;3;3;1;2;2;86;7;23;1;0;2;3;3;5;1;1;0;0;0;0;0;0;0;0;0;0;0;0;0;0;0;0;0;0;0;0;0;0
02.02.2024;18:19;A 95;1;1;18;11;88;1;85;1;0;3;5;3;4;45;18;3;69;6;50;2;71;5;5;0;30;3;67;8;38;4;3;0;0;0;0;1;1;0;0;0;0;0;0;0;0;0;0;0;0;0;0;0;0;0;0;0;0;0;0
02.02.2024;18:18;A 95;1;2;55;103;55;4;12;16;17;2;3;1;1;27;31;4;9;4;26;1;3;4;9;1;14;4;51;5;24;3;2;0;0;0;0;0;0;0;0;0;0;0;0;0;0;0;0;0;0;0;0;0;0;0;0;0;0;0;0
02.02.2024;18:17;A 95;1;12;9;12;19;1;53;5;15;9;55;5;60;24;12;0;0;1;5;0;0;2;3;0;0;3;17;4;8;0;0;0;0;0;0;0;0;0;0;0;0;0;0;0;0;0;0;0;0;0;0;0;0;0;0;0;0;0;0
02.02.2024;18:16;A 95;1;0;0;1;5;1;25;10;10;5;20;5;22;10;8;2;32;1;5;2;3;2;1;0;0;1;59;5;11;4;3;0;0;0;0;0;0;1;1;0;0;0;0;0;0;0;0;0;0;0;0;0;0;0;0;0;0;0;0
02.02.2024;18:15;A 95;1;3;2;3;8;2;91;2;1;4;7;5;9;40;32;2;87;4;45;2;15;6;14;0;0;4;38;6;17;5;5;0;0;0;0;0;0;0;0;0;0;0;0;0;0;0;0;0;0;0;0;0;0;0;0;0;0;0;0
02.02.2024;18:14;A 95;1;5;10;4;56;1;44;3;9;4;38;3;9;35;11;1;38;3;87;2;7;7;7;0;0;2;69;5;33;3;2;0;0;0;0;0;0;0;0;0;0;0;0;0;0;0;0;0;0;0;0;0;0;0;0;0;0;0;0
02.02.2024;18:13;A 95;1;6;10;5;16;6;20;1;20;5;12;2;28;85;28;2;66;3;44;2;16;2;2;0;0;1;98;2;5;2;1;0;0;0;0;0;0;0;0;0;0;0;0;0;0;0;0;0;0;0;0;0;0;0;0;0;0;0;0
02.02.2024;18:12;A 95;1;1;1;0;0;0;0;5;35;2;20;3;71;60;31;1;1;4;28;1;1;6;6;1;37;3;45;7;11;5;4;0;0;0;0;0;0;0;0;0;0;0;0;0;0;0;0;0;0;0;0;0;0;0;0;0;0;0;0
02.02.2024;18:11;A 95;1;5;5;6;7;5;7;9;9;11;13;11;18;48;14;0;0;2;8;0;0;2;2;0;0;4;28;4;7;2;1;0;0;0;0;0;0;2;3;0;0;0;0;0;0;0;0;0;0;0;0;0;0;0;0;0;0;0;0
02.02.2024;18:10;A 95;1;0;14;2;7;0;0;3;7;4;5;2;2;46;17;2;7;4;25;4;9;6;5;0;0;2;75;8;49;4;3;0;0;1;1;0;0;0;0;0;0;0;0;0;0;0;0;0;0;0;0;0;0;0;0;0;0;0;0
02.02.2024;18:09;A 95;1;4;54;3;63;7;66;3;22;4;39;4;9;32;22;1;2;3;7;1;2;4;3;1;3;4;56;10;24;3;2;0;0;0;0;2;3;0;0;0;0;0;0;0;0;0;0;0;0;0;0;0;0;0;0;0;0;0;0
02.02.2024;18:08;A 95;1;2;29;2;28;2;4;2;16;7;37;5;36;34;6;0;0;1;2;0;0;1;0;0;0;1;87;5;69;1;0;0;0;0;0;1;1;0;0;0;0;0;0;0;0;0;0;0;0;0;0;0;0;0;0;0;0;0;0
02.02.2024;18:07;A 95;1;10;40;9;60;8;11;4;2;5;7;5;10;32;22;2;66;4;15;1;63;5;4;0;0;7;23;5;5;5;4;1;1;1;1;1;1;0;0;0;0;0;0;0;0;0;0;0;0;0;0;0;0;0;0;0;0;0;0
02.02.2024;18:06;A 95;1;1;1;2;8;2;4;7;50;6;40;5;38;19;16;2;64;1;12;5;64;3;3;0;0;2;9;2;2;4;3;0;0;1;1;1;1;0;0;0;0;0;0;0;0;0;0;0;0;0;0;0;0;0;0;0;0;0;0
02.02.2024;18:05;A 95;1;0;0;2;7;2;3;7;15;10;40;3;46;13;15;1;48;3;14;1;3;4;7;0;0;3;31;3;4;3;2;0;0;0;0;0;0;0;0;0;0;0;0;0;0;0;0;0;0;0;0;0;0;0;0;0;0;0;0
02.02.2024;18:04;A 95;1;3;6;6;9;6;15;2;1;5;9;3;8;32;18;2;2;3;65;2;3;3;2;0;0;3;49;6;28;6;5;1;1;1;1;1;1;1;1;0;0;0;0;0;0;0;0;0;0;0;0;0;0;0;0;0;0;0;0
02.02.2024;18:03;A 95;1;6;17;6;50;7;37;2;24;7;46;6;44;28;19;2;3;4;86;2;3;13;14;0;0;2;45;6;21;7;6;0;0;0;0;0;0;0;0;0;0;0;0;0;0;0;0;0;0;0;0;0;0;0;0;0;0;0;0
02.02.2024;18:02;A 95;1;4;8;5;10;2;3;9;7;8;10;7;11;47;13;1;0;0;0;0;0;1;1;0;0;1;83;4;61;0;0;0;0;0;0;0;0;0;0;0;0;0;0;0;0;0;0;0;0;0;0;0;0;0;0;0;0;0;0
02.02.2024;18:01;A 95;1;6;5;5;6;4;4;1;0;5;5;4;4;13;17;3;3;2;16;2;2;5;5;0;0;1;3;1;1;5;3;0;0;0;0;0;0;0;0;0;0;0;0;0;0;0;0;0;0;0;0;0;0;0;0;0;0;0;0
02.02.2024;18:00;A 95;1;4;3;4;4;2;4;3;2;4;5;4;8;57;60;1;4;1;1;0;0;0;0;1;0;0;56;5;40;2;1;0;0;2;3;0;0;0;0;0;0;0;0;0;0;0;0;0;0;0;0;0;0;0;0;0;0;0;0
02.02.2024;17:59;A 95;1;1;1;1;1;1;1;2;60;5;6;5;9;30;25;2;3;11;37;1;4;6;11;0;0;4;37;6;15;2;2;0;0;0;0;0;0;0;0;0;0;0;0;0;0;0;0;0;0;0;0;0;0;0;0;0;0;0;0
02.02.2024;17:58;A 95;1;2;1;1;15;1;1;5;32;8;14;4;32;51;9;3;64;2;10;1;64;3;4;0;0;0;100;9;77;2;2;1;1;1;1;0;0;0;0;0;0;0;0;0;0;0;0;0;0;0;0;0;0;0;0;0;0;0;0
02.02.2024;17:57;A 95;1;1;36;2;26;2;3;4;66;3;6;6;59;56;35;0;0;4;10;0;0;3;3;1;3;3;9;3;4;3;2;0;0;0;0;0;0;1;1;0;0;0;0;0;0;0;0;0;0;0;0;0;0;0;0;0;0;0;0
02.02.2024;17:56;A 95;1;4;2;4;4;4;6;3;19;10;35;5;43;97;18;2;2;0;0;1;2;1;0;0;0;4;62;4;9;1;1;0;0;0;0;0;0;0;0;0;0;0;0;0;0;0;0;0;0;0;0;0;0;0;0;0;0;0;0
02.02.2024;17:55;A 95;1;2;1;1;1;1;1;4;11;4;22;5;11;15;10;5;4;3;9;3;3;3;3;0;0;2;28;7;17;3;2;0;0;0;0;0;0;0;0;0;0;0;0;0;0;0;0;0;0;0;0;0;0;0;0;0;0;0;0
02.02.2024;17:54;A 95;1;10;14;6;45;3;8;4;38;10;39;6;43;27;15;0;0;0;0;0;0;0;0;0;0;4;8;3;2;3;2;0;0;0;0;0;0;0;0;0;0;0;0;0;0;0;0;0;0;0;0;0;0;0;0;0;0;0;0
02.02.2024;17:53;A 95;1;0;0;1;2;2;4;2;34;3;58;1;7;26;12;2;6;3;45;1;4;4;4;1;2;2;72;3;6;2;1;0;0;0;0;1;1;0;0;0;0;0;0;0;0;0;0;0;0;0;0;0;0;0;0;0;0;0;0
02.02.2024;17:52;A 95;1;5;5;6;7;5;6;2;1;6;7;6;12;9;14;6;7;4;15;5;8;6;8;0;0;3;43;7;22;3;4;0;0;0;0;0;0;0;0;0;0;0;0;0;0;0;0;0;0;0;0;0;0;0;0;0;0;0;0
02.02.2024;17:51;A 95;1;3;77;5;39;1;49;2;4;3;7;3;39;27;19;2;15;1;13;1;1;3;2;0;0;3;9;3;4;2;1;0;0;0;0;0;0;0;0;0;0;0;0;0;0;0;0;0;0;0;0;0;0;0;0;0;0;0;0
02.02.2024;17:50;A 95;1;7;10;8;10;7;12;5;3;7;7;6;9;16;9;2;71;0;0;2;3;0;0;0;0;0;99;3;75;1;0;1;1;1;1;0;0;0;0;0;0;0;0;0;0;0;0;0;0;0;0;0;0;0;0;0;0;0;0
02.02.2024;17:49;A 95;1;4;4;3;4;3;4;1;1;3;4;1;4;11;9;3;8;4;14;2;10;4;3;0;0;2;73;7;12;4;3;0;0;1;1;0;0;0;0;0;0;0;0;0;0;0;0;0;0;0;0;0;0;0;0;0;0;0;0
02.02.2024;17:48;A 95;1;1;1;6;24;4;12;4;35;6;36;9;19;26;35;1;1;4;21;0;4;4;4;1;3;2;52;5;10;5;3;0;0;1;1;0;0;0;0;0;0;0;0;0;0;0;0;0;0;0;0;0;0;0;0;0;0;0;0
02.02.2024;17:47;A 95;1;6;33;6;8;3;29;9;28;7;38;5;8;19;11;1;0;1;8;1;0;3;2;2;1;1;78;3;25;0;0;1;1;1;1;0;0;0;0;0;0;0;0;0;0;0;0;0;0;0;0;0;0;0;0;0;0;0;0
02.02.2024;17:46;A 95;1;1;62;5;18;3;33;6;20;4;30;4;9;27;18;3;47;2;59;4;44;6;15;0;0;3;67;6;26;5;4;0;0;0;0;0;0;0;0;0;0;0;0;0;0;0;0;0;0;0;0;0;0;0;0;0;0;0;0
02.02.2024;17:45;A 95;1;4;25;3;9;5;11;7;10;4;65;4;6;17;12;3;20;2;11;3;9;5;4;0;0;2;57;4;36;3;2;1;1;0;0;3;5;0;0;0;0;0;0;0;0;0;0;0;0;0;0;0;0;0;0;0;0;0;0
02.02.2024;17:44;A 95;1;5;3;6;18;6;11;15;25;15;28;13;32;5;8;2;1;0;0;0;0;0;0;0;0;2;74;5;31;1;1;0;0;0;0;1;1;0;0;0;0;0;0;0;0;0;0;0;0;0;0;0;0;0;0;0;0;0;0
02.02.2024;17:43;A 95;1;2;3;4;8;4;8;10;12;12;19;5;37;11;14;4;65;2;19;4;45;6;5;0;0;3;57;4;6;5;4;0;0;0;0;0;0;0;0;0;0;0;0;0;0;0;0;0;0;0;0;0;0;0;0;0;0;0;0
02.02.2024;17:42;A 95;1;2;1;2;3;2;4;2;1;3;87;3;86;9;11;2;4;4;17;2;7;4;4;1;3;1;38;2;26;5;4;0;0;0;0;0;0;0;0;0;0;0;0;0;0;0;0;0;0;0;0;0;0;0;0;0;0;0;0
02.02.2024;17:41;A 95;1;3;54;2;9;1;1;7;16;12;21;9;74;14;24;3;13;2;19;0;16;3;3;0;0;1;45;4;8;4;4;0;0;0;0;0;0;0;0;0;0;0;0;0;0;0;0;0;0;0;0;0;0;0;0;0;0;0;0
02.02.2024;17:40;A 95;1;5;20;7;11;7;13;9;11;12;16;13;18;12;14;3;2;1;96;1;1;6;11;0;0;1;99;5;9;6;5;0;0;0;0;0;0;0;0;0;0;0;0;0;0;0;0;0;0;0;0;0;0;0;0;0;0;0;0
02.02.2024;17:39;A 95;1;6;11;7;12;7;14;5;13;7;85;5;90;11;53;1;0;4;55;0;0;6;21;0;0;4;70;5;9;2;1;0;0;0;0;0;0;0;0;0;0;0;0;0;0;0;0;0;0;0;0;0;0;0;0;0;0;0;0
02.02.2024;17:38;A 95;1;1;23;0;0;0;0;7;33;11;63;9;65;10;54;2;4;2;14;3;6;2;2;1;0;1;76;5;40;2;1;0;0;0;0;0;0;0;0;0;0;0;0;0;0;0;0;0;0;0;0;0;0;0;0;0;0;0;0
02.02.2024;17:37;A 95;1;8;61;6;24;5;15;4;61;11;69;8;65;17;63;5;3;3;87;0;0;4;11;2;4;4;66;4;7;6;5;0;0;0;0;0;0;0;0;0;0;0;0;0;0;0;0;0;0;0;0;0;0;0;0;0;0;0;0
02.02.2024;17:36;A 95;1;2;47;2;3;2;3;1;81;0;100;5;18;8;85;2;7;5;71;1;6;8;9;0;0;1;40;7;18;9;9;0;0;0;0;0;0;0;0;0;0;0;0;0;0;0;0;0;0;0;0;0;0;0;0;0;0;0;0
02.02.2024;17:35;A 95;1;3;2;3;2;3;4;4;8;4;25;6;8;11;31;1;84;2;84;1;2;4;6;1;1;1;99;5;45;0;0;0;0;0;0;0;0;0;0;0;0;0;0;0;0;0;0;0;0;0;0;0;0;0;0;0;0;0;0
02.02.2024;17:34;A 95;1;3;7;2;3;3;6;4;4;6;18;4;7;5;6;4;10;1;2;3;5;2;0;0;0;2;52;3;7;1;0;0;0;0;0;0;0;1;1;0;0;0;0;0;0;0;0;0;0;0;0;0;0;0;0;0;0;0;0
02.02.2024;17:33;A 95;1;10;29;0;0;0;0;4;8;4;81;1;90;9;10;4;6;4;13;4;14;6;4;0;0;4;17;4;4;7;5;0;0;0;0;0;0;0;0;0;0;0;0;0;0;0;0;0;0;0;0;0;0;0;0;0;0;0;0
02.02.2024;17:32;A 95;1;6;15;5;10;5;13;4;20;3;87;5;64;16;18;2;3;3;38;3;6;8;10;1;0;2;8;2;1;4;3;0;0;0;0;0;0;0;0;0;0;0;0;0;0;0;0;0;0;0;0;0;0;0;0;0;0;0;0
02.02.2024;17:31;A 95;1;4;1;2;3;3;6;12;11;12;19;8;18;9;10;3;5;6;17;3;9;8;8;0;0;6;20;4;4;5;3;0;0;0;0;0;0;0;0;0;0;0;0;0;0;0;0;0;0;0;0;0;0;0;0;0;0;0;0
02.02.2024;17:30;A 95;1;1;1;2;1;2;4;5;14;5;23;5;37;10;12;2;50;0;16;0;26;0;0;0;0;2;52;7;29;3;2;0;0;0;0;0;0;0;0;0;0;0;0;0;0;0;0;0;0;0;0;0;0;0;0;0;0;0;0
02.02.2024;17:29;A 95;1;1;29;5;64;1;20;4;25;7;68;2;78;12;26;1;33;2;33;1;38;6;4;1;6;0;100;0;100;3;3;0;0;0;0;0;0;0;0;0;0;0;0;0;0;0;0;0;0;0;0;0;0;0;0;0;0;0;0
02.02.2024;17:28;A 95;1;14;20;11;24;11;25;8;9;9;30;11;19;9;11;1;0;2;89;0;0;5;7;0;0;0;100;6;15;4;4;0;0;0;0;0;0;0;0;0;0;0;0;0;0;0;0;0;0;0;0;0;0;0;0;0;0;0;0
02.02.2024;17:27;A 95;1;0;77;5;29;1;27;2;83;5;89;1;96;13;15;0;0;3;29;0;0;4;6;0;0;3;31;4;5;3;2;0;0;0;0;0;0;0;0;0;0;0;0;0;0;0;0;0;0;0;0;0;0;0;0;0;0;0;0
02.02.2024;17:26;A 95;1;2;65;6;85;6;58;4;64;4;64;8;50;10;13;0;0;1;3;0;0;2;1;0;0;2;39;3;4;1;0;1;1;0;0;0;0;0;0;0;0;0;0;0;0;0;0;0;0;0;0;0;0;0;0;0;0;0;0
02.02.2024;17:25;A 95;1;5;4;4;5;5;9;4;8;3;5;3;5;9;23;3;13;4;12;3;10;5;5;0;0;1;98;9;41;4;3;0;0;0;0;0;0;0;0;0;0;0;0;0;0;0;0;0;0;0;0;0;0;0;0;0;0;0;0
02.02.2024;17:24;A 95;1;6;5;4;12;4;8;6;22;8;25;8;21;12;16;3;22;1;6;1;11;2;1;0;0;3;40;4;18;0;0;0;0;0;0;0;0;0;0;0;0;0;0;0;0;0;0;0;0;0;0;0;0;0;0;0;0;0;0
02.02.2024;17:23;A 95;1;10;43;8;41;6;42;12;41;12;20;8;50;14;23;3;1;1;26;0;0;2;4;0;0;2;59;3;4;2;1;0;0;0;0;0;0;0;0;0;0;0;0;0;0;0;0;0;0;0;0;0;0;0;0;0;0;0;0
02.02.2024;17:22;A 95;1;36;47;3;5;4;20;3;5;3;3;4;5;12;28;2;2;5;19;1;2;5;4;0;0;3;67;6;7;5;3;0;0;1;1;0;0;0;0;0;0;0;0;0;0;0;0;0;0;0;0;0;0;0;0;0;0;0;0
02.02.2024;17:21;A 95;1;7;41;2;39;3;10;8;19;4;90;3;7;7;7;7;6;2;9;5;9;3;2;0;0;4;12;4;4;4;3;1;1;1;1;0;0;1;1;0;0;0;0;0;0;0;0;0;0;0;0;0;0;0;0;0;0;0;0
02.02.2024;17:20;A 95;1;4;10;3;8;3;12;4;85;5;49;3;53;16;23;1;1;1;43;0;0;3;31;1;3;0;96;2;75;2;2;0;0;0;0;0;0;0;0;0;0;0;0;0;0;0;0;0;0;0;0;0;0;0;0;0;0;0;0
02.02.2024;17:19;A 95;1;3;16;4;11;3;9;10;47;14;19;8;30;8;12;3;3;5;25;1;2;5;11;0;0;1;99;5;39;2;1;1;1;0;0;0;0;0;0;0;0;0;0;0;0;0;0;0;0;0;0;0;0;0;0;0;0;0;0
02.02.2024;17:18;A 95;1;3;2;2;2;2;5;1;2;3;86;4;91;13;15;3;54;1;44;1;28;6;9;0;0;3;78;7;34;7;8;0;0;0;0;0;0;0;0;0;0;0;0;0;0;0;0;0;0;0;0;0;0;0;0;0;0;0;0
02.02.2024;17:17;A 95;1;5;71;9;14;4;63;5;19;9;57;4;65;10;14;1;99;2;45;2;19;2;2;0;0;2;74;3;50;0;0;0;0;0;0;0;0;0;0;0;0;0;0;0;0;0;0;0;0;0;0;0;0;0;0;0;0;0;0
02.02.2024;17:16;A 95;1;3;61;7;21;0;100;0;0;0;100;0;100;4;4;2;2;2;6;3;7;2;1;0;0;6;20;7;6;3;2;0;0;0;0;0;0;0;0;0;0;0;0;0;0;0;0;0;0;0;0;0;0;0;0;0;0;0;0
02.02.2024;17:15;A 95;1;0;79;4;86;1;97;1;74;4;84;0;100;17;16;5;5;5;18;3;7;3;6;0;0;2;16;3;4;1;0;0;0;0;0;0;0;0;0;0;0;0;0;0;0;0;0;0;0;0;0;0;0;0;0;0;0;0;0
02.02.2024;17:14;A 95;1;1;42;4;56;6;28;2;68;4;67;4;55;6;8;1;1;0;0;1;2;2;1;2;0;1;69;4;8;1;0;1;1;0;0;0;0;2;3;0;0;0;0;0;0;0;0;0;0;0;0;0;0;0;0;0;0;0;0
02.02.2024;17:13;A 95;1;2;4;1;7;1;1;0;0;1;97;2;81;11;13;3;4;9;48;3;7;11;10;0;0;5;57;9;30;11;9;0;0;0;1;0;0;0;0;0;0;0;0;0;0;0;0;0;0;0;0;0;0;0;0;0;0;0;0
02.02.2024;17:12;A 95;1;5;21;4;9;3;5;4;58;6;43;7;28;14;28;2;10;2;72;0;32;3;8;0;0;2;60;4;36;5;4;1;1;1;0;0;0;0;0;0;0;0;0;0;0;0;0;0;0;0;0;0;0;0;0;0;0;0;0
02.02.2024;17:11;A 95;1;0;74;2;68;2;6;5;82;10;74;7;81;8;2;0;6;2;41;0;100;4;7;0;0;1;99;5;78;3;2;1;1;0;0;0;0;0;0;0;0;0;0;0;0;0;0;0;0;0;0;0;0;0;0;0;0;0;0
02.02.2024;17:10;A 95;1;3;85;4;17;5;10;4;31;5;21;6;11;5;6;3;18;4;15;2;28;5;5;0;6;0;100;3;94;1;0;0;0;0;0;0;0;1;1;0;0;0;0;0;0;0;0;0;0;0;0;0;0;0;0;0;0;0;0
02.02.2024;17:09;A 95;1;3;52;4;8;4;8;6;8;7;16;8;22;20;25;4;5;6;16;3;7;6;5;2;27;1;57;8;20;6;4;0;0;0;0;0;0;0;0;0;0;0;0;0;0;0;0;0;0;0;0;0;0;0;0;0;0;0;0
02.02.2024;17:08;A 95;1;4;54;5;48;4;7;5;6;5;7;4;8;12;10;0;0;1;2;0;0;2;1;0;0;2;68;4;50;0;0;0;0;0;0;0;0;0;0;0;0;0;0;0;0;0;0;0;0;0;0;0;0;0;0;0;0;0;0
02.02.2024;17:07;A 95;1;2;18;3;15;4;12;0;0;0;0;1;1;12;13;1;0;2;50;0;0;2;2;0;0;3;68;4;9;4;3;0;0;1;1;0;0;0;0;0;0;0;0;0;0;0;0;0;0;0;0;0;0;0;0;0;0;0;0
02.02.2024;17:06;A 95;1;3;79;5;50;5;12;1;1;1;1;1;1;22;33;3;4;5;32;1;6;7;10;0;0;3;39;6;8;4;3;2;3;1;1;0;0;0;0;0;0;0;0;0;0;0;0;0;0;0;0;0;0;0;0;0;0;0;0
02.02.2024;17:05;A 95;1;4;6;3;18;3;8;3;4;4;31;2;9;6;8;2;1;0;0;2;3;1;1;0;0;2;65;4;44;1;0;0;0;0;0;0;0;0;0;0;0;0;0;0;0;0;0;0;0;0;0;0;0;0;0;0;0;0;0
02.02.2024;17:04;A 95;1;3;5;5;6;5;6;11;36;11;40;11;25;7;9;6;5;5;20;3;3;8;7;0;0;0;91;3;72;6;5;0;0;0;0;0;0;0;0;0;0;0;0;0;0;0;0;0;0;0;0;0;0;0;0;0;0;0;0
02.02.2024;17:03;A 95;1;0;0;1;0;1;1;2;1;7;50;5;56;20;37;2;4;2;8;2;7;1;1;0;0;3;66;10;17;5;5;0;0;0;0;0;0;0;0;0;0;0;0;0;0;0;0;0;0;0;0;0;0;0;0;0;0;0;0
02.02.2024;17:02;A 95;1;1;33;3;25;2;4;8;39;12;39;8;46;10;13;0;0;0;100;0;0;3;3;0;0;1;92;3;64;1;0;0;0;0;0;1;1;0;0;0;0;0;0;0;0;0;0;0;0;0;0;0;0;0;0;0;0;0;0
02.02.2024;17:01;A 95;1;3;16;4;9;5;10;4;34;5;28;7;14;5;4;2;4;4;10;2;6;5;3;0;0;4;74;8;47;3;2;0;0;0;0;0;0;0;0;0;0;0;0;0;0;0;0;0;0;0;0;0;0;0;0;0;0;0;0
02.02.2024;17:00;A 95;1;2;70;4;12;4;10;2;81;8;50;5;39;19;16;5;6;4;22;0;5;5;8;0;0;4;22;4;6;4;2;0;0;0;0;0;0;0;0;0;0;0;0;0;0;0;0;0;0;0;0;0;0;0;0;0;0;0;0
02.02.2024;16:59;A 95;1;3;29;3;18;2;4;4;32;5;28;7;27;11;14;1;0;1;5;1;0;0;0;0;0;3;64;5;36;0;0;0;0;0;0;0;0;0;0;0;0;0;0;0;0;0;0;0;0;0;0;0;0;0;0;0;0;0;0
02.02.2024;16:58;A 95;1;3;19;4;7;4;11;5;15;5;11;4;13;69;20;3;70;3;63;0;71;6;6;0;0;2;36;5;7;7;6;0;0;0;0;0;0;0;0;0;0;0;0;0;0;0;0;0;0;0;0;0;0;0;0;0;0;0;0
02.02.2024;16:57;A 95;1;2;32;3;7;3;5;1;37;4;33;5;30;17;21;3;60;5;66;2;81;12;18;1;3;2;35;6;12;11;11;0;0;0;0;0;0;0;0;0;0;0;0;0;0;0;0;0;0;0;0;0;0;0;0;0;0;0;0
02.02.2024;16:56;A 95;1;4;59;7;43;3;54;7;54;9;47;5;54;68;24;1;84;2;22;1;89;3;4;0;0;1;77;5;10;0;0;2;3;2;3;0;0;0;0;0;0;0;0;0;0;0;0;0;0;0;0;0;0;0;0;0;0;0;0
02.02.2024;16:55;A 95;1;2;68;4;56;6;17;2;14;3;13;5;11;17;11;4;5;4;11;4;9;4;4;0;0;3;9;3;3;5;4;0;0;1;1;0;0;0;0;0;0;0;0;0;0;0;0;0;0;0;0;0;0;0;0;0;0;0;0
02.02.2024;16:54;A 95;1;5;9;4;5;4;7;7;54;8;52;8;48;21;17;3;3;3;15;2;3;5;4;0;0;1;31;4;7;5;4;0;0;0;0;0;0;1;1;0;0;0;0;0;0;0;0;0;0;0;0;0;0;0;0;0;0;0;0
02.02.2024;16:53;A 95;1;8;52;11;42;8;37;2;19;4;23;3;10;18;7;1;0;2;77;0;0;2;2;0;0;1;90;3;10;1;1;0;0;0;0;1;1;0;0;0;0;0;0;0;0;0;0;0;0;0;0;0;0;0;0;0;0;0;0
02.02.2024;16:52;A 95;1;2;19;3;16;5;14;1;2;1;1;2;3;31;10;3;6;4;11;3;9;4;3;0;0;4;81;8;37;4;2;1;1;0;0;0;0;1;1;0;0;0;0;0;0;0;0;0;0;0;0;0;0;0;0;0;0;0;0
02.02.2024;16:51;A 95;1;0;91;2;85;0;0;4;64;6;59;5;21;10;11;1;12;3;12;0;11;2;1;1;0;4;85;11;25;4;3;0;0;1;1;0;0;0;0;0;0;0;0;0;0;0;0;0;0;0;0;0;0;0;0;0;0;0;0
02.02.2024;16:50;A 95;1;0;100;3;92;4;17;3;59;5;51;2;55;20;18;1;40;1;4;2;9;2;2;0;0;2;79;3;42;1;0;0;0;0;0;1;1;0;0;0;0;0;0;0;0;0;0;0;0;0;0;0;0;0;0;0;0;0;0
02.02.2024;16:49;A 95;1;4;48;6;50;5;13;4;25;5;20;6;15;11;8;3;4;5;25;2;8;6;6;0;0;4;29;5;7;6;4;0;0;0;0;0;0;1;1;0;0;0;0;0;0;0;0;0;0;0;0;0;0;0;0;0;0;0;0
02.02.2024;16:48;A 95;1;2;83;1;79;1;1;5;83;6;6;6;15;9;11;4;4;5;15;2;8;6;5;0;0;4;15;4;4;6;5;0;0;0;0;2;3;2;3;0;0;0;0;0;0;0;0;0;0;0;0;0;0;0;0;0;0;0;0
02.02.2024;16:47;A 95;1;1;81;4;87;1;22;0;100;4;15;0;69;31;18;2;26;2;54;1;28;3;8;1;4;2;11;2;2;1;0;1;1;0;0;0;0;0;0;0;0;0;0;0;0;0;0;0;0;0;0;0;0;0;0;0;0;0;0
02.02.2024;16:46;A 95;1;0;100;1;23;3;9;0;100;0;29;4;19;25;6;4;3;7;23;2;3;8;9;0;0;5;16;5;5;6;4;0;0;0;0;0;0;0;0;0;0;0;0;0;0;0;0;0;0;0;0;0;0;0;0;0;0;0;0
02.02.2024;16:45;A 95;1;3;63;6;53;6;13;1;64;6;22;5;35;42;14;2;67;1;31;1;70;2;2;0;0;1;49;5;11;5;4;0;0;0;0;0;0;0;0;0;0;0;0;0;0;0;0;0;0;0;0;0;0;0;0;0;0;0;0
02.02.2024;16:44;A 95;1;3;26;4;8;4;6;0;77;4;69;4;9;34;39;4;51;4;48;1;63;7;11;0;0;0;100;6;12;5;5;0;0;0;0;1;1;0;0;0;0;0;0;0;0;0;0;0;0;0;0;0;0;0;0;0;0;0;0
02.02.2024;16:43;A 95;1;2;11;2;5;2;3;3;37;9;24;6;24;31;15;2;88;1;91;0;100;8;28;0;0;1;99;7;79;7;7;1;1;1;1;5;8;4;6;0;0;0;0;0;0;0;0;0;0;0;0;0;0;0;0;0;0;0;0
02.02.2024;16:42;A 95;1;1;73;4;36;5;12;1;84;2;69;5;54;51;18;3;89;3;59;4;63;3;5;0;0;1;98;19;71;3;3;0;0;0;0;0;0;2;3;0;0;0;0;0;0;0;0;0;0;0;0;0;0;0;0;0;0;0;0
02.02.2024;16:41;A 95;1;3;6;3;4;3;4;6;70;9;47;3;46;110;25;0;100;1;88;0;100;1;1;0;23;0;100;8;54;0;0;0;0;0;0;1;1;0;0;0;0;0;0;0;0;0;0;0;0;0;0;0;0;0;0;0;0;0;0
02.02.2024;16:40;A 95;1;1;2;1;1;1;1;1;59;3;62;5;11;61;24;2;6;8;23;2;12;9;7;1;46;3;27;3;3;8;6;0;0;0;0;0;0;0;0;0;0;0;0;0;0;0;0;0;0;0;0;0;0;0;0;0;0;0;0
02.02.2024;16:39;A 95;1;3;81;6;70;5;13;4;80;6;15;5;46;23;45;1;1;5;41;1;2;5;7;2;12;2;48;4;7;6;6;1;1;2;3;0;0;0;0;0;0;0;0;0;0;0;0;0;0;0;0;0;0;0;0;0;0;0;0
02.02.2024;16:38;A 95;1;3;4;3;2;4;5;8;27;12;18;12;23;6;90;1;0;2;84;0;0;7;32;0;0;2;23;2;2;5;4;0;0;0;0;0;0;0;0;0;0;0;0;0;0;0;0;0;0;0;0;0;0;0;0;0;0;0;0
02.02.2024;16:37;A 95;1;0;0;0;0;0;0;2;4;3;3;2;3;20;34;4;3;5;17;1;3;7;7;0;0;1;89;9;64;5;4;0;0;1;1;0;0;0;0;0;0;0;0;0;0;0;0;0;0;0;0;0;0;0;0;0;0;0;0
02.02.2024;16:36;A 95;1;3;30;2;6;2;5;0;0;0;0;1;0;21;22;3;25;5;28;3;12;5;6;0;0;0;100;9;30;6;4;0;0;0;0;0;0;0;0;0;0;0;0;0;0;0;0;0;0;0;0;0;0;0;0;0;0;0;0
02.02.2024;16:35;A 95;1;4;48;6;36;5;33;6;32;6;32;5;10;64;27;1;0;2;78;0;0;3;6;0;0;2;75;4;10;2;1;0;0;0;0;1;1;0;0;0;0;0;0;0;0;0;0;0;0;0;0;0;0;0;0;0;0;0;0
02.02.2024;16:34;A 95;1;0;100;4;91;3;27;5;27;4;31;4;11;96;23;7;8;5;54;4;11;9;18;0;0;2;60;4;46;5;3;0;0;0;0;0;0;1;0;0;0;0;0;0;0;0;0;0;0;0;0;0;0;0;0;0;0;0;0
02.02.2024;16:33;A 95;1;1;97;3;66;5;53;1;3;1;1;1;2;86;40;0;0;5;11;0;0;6;4;0;0;2;27;4;13;8;6;0;0;0;0;0;0;0;0;0;0;0;0;0;0;0;0;0;0;0;0;0;0;0;0;0;0;0;0
02.02.2024;16:32;A 95;1;3;29;4;14;4;8;2;28;3;4;2;2;29;26;3;2;3;95;1;2;2;2;0;0;3;73;6;29;0;0;0;0;0;0;0;0;0;0;0;0;0;0;0;0;0;0;0;0;0;0;0;0;0;0;0;0;0;0
02.02.2024;16:31;A 95;1;2;22;3;5;2;5;2;15;2;3;4;7;78;43;4;6;1;67;2;10;5;8;0;0;1;74;6;14;8;8;0;0;0;0;0;0;0;0;0;0;0;0;0;0;0;0;0;0;0;0;0;0;0;0;0;0;0;0
02.02.2024;16:30;A 95;1;3;34;2;25;3;5;1;94;8;51;6;43;196;37;5;4;4;57;3;6;8;21;0;0;3;17;4;6;3;2;0;0;0;0;0;0;0;0;0;0;0;0;0;0;0;0;0;0;0;0;0;0;0;0;0;0;0;0
02.02.2024;16:29;A 95;1;1;3;2;2;2;4;10;30;10;11;10;15;152;28;2;1;1;2;0;0;2;1;0;0;0;97;0;0;0;0;0;0;0;0;0;0;0;0;0;0;0;0;0;0;0;0;0;0;0;0;0;0;0;0;0;0;0;0
02.02.2024;16:28;A 95;1;2;5;1;1;2;2;1;3;1;1;1;1;105;43;3;45;7;24;2;9;6;5;1;4;4;17;6;4;9;7;0;0;0;0;0;0;0;0;0;0;0;0;0;0;0;0;0;0;0;0;0;0;0;0;0;0;0;0
02.02.2024;16:27;A 95;1;2;22;2;3;2;3;0;85;4;50;3;43;98;28;3;35;4;16;3;7;4;4;0;0;2;8;2;2;3;2;0;0;0;0;0;0;0;0;0;0;0;0;0;0;0;0;0;0;0;0;0;0;0;0;0;0;0;0
02.02.2024;16:26;A 95;1;4;48;5;40;4;18;5;52;8;41;5;45;126;22;3;4;0;0;2;5;0;0;0;0;2;86;6;29;2;2;0;0;0;0;0;0;0;0;0;0;0;0;0;0;0;0;0;0;0;0;0;0;0;0;0;0;0;0
02.02.2024;16:25;A 95;1;5;40;10;15;10;16;7;22;14;27;12;30;93;18;9;9;4;12;2;7;6;4;0;0;0;99;5;76;5;4;0;0;0;0;0;0;0;0;0;0;0;0;0;0;0;0;0;0;0;0;0;0;0;0;0;0;0;0
02.02.2024;16:24;A 95;1;0;93;3;86;0;0;0;86;4;9;0;100;88;32;2;2;4;14;2;4;6;5;1;2;2;25;3;4;3;2;1;1;0;0;0;0;0;0;0;0;0;0;0;0;0;0;0;0;0;0;0;0;0;0;0;0;0;0
02.02.2024;16:23;A 95;1;0;100;3;89;2;40;1;82;3;9;0;100;115;28;1;1;3;49;1;1;4;5;0;0;1;70;6;52;3;2;0;0;2;3;0;0;0;0;0;0;0;0;0;0;0;0;0;0;0;0;0;0;0;0;0;0;0;0
02.02.2024;16:22;A 95;1;0;100;3;94;1;25;1;83;5;18;3;96;145;34;2;16;2;58;2;14;3;3;0;0;2;98;10;19;5;4;0;0;0;0;0;0;0;0;0;0;0;0;0;0;0;0;0;0;0;0;0;0;0;0;0;0;0;0
02.02.2024;16:21;A 95;1;0;100;0;100;1;89;0;100;1;67;4;24;144;36;2;5;4;54;1;6;4;4;0;0;8;86;10;14;5;4;0;0;0;0;0;0;5;8;0;0;0;0;0;0;0;0;0;0;0;0;0;0;0;0;0;0;0;0
02.02.2024;16:20;A 95;1;3;59;7;21;7;20;5;42;10;27;6;54;96;31;0;99;4;68;0;100;8;11;0;0;3;15;4;4;2;2;0;0;0;0;12;20;0;0;0;0;0;0;0;0;0;0;0;0;0;0;0;0;0;0;0;0;0;0
02.02.2024;16:19;A 95;1;3;11;2;4;3;5;6;52;13;30;7;44;130;22;4;72;3;10;2;69;5;4;1;0;1;99;5;83;4;2;0;0;0;0;1;1;0;0;0;0;0;0;0;0;0;0;0;0;0;0;0;0;0;0;0;0;0;0
02.02.2024;16:18;A 95;1;1;5;2;2;2;3;0;100;0;100;1;69;165;46;1;17;2;20;0;8;4;8;1;5;3;38;6;8;3;2;0;0;0;0;0;0;0;0;0;0;0;0;0;0;0;0;0;0;0;0;0;0;0;0;0;0;0;0
02.02.2024;16:17;A 95;1;0;69;1;53;1;1;4;94;4;81;3;75;109;41;3;32;4;40;1;39;6;8;0;0;1;77;5;27;5;4;0;0;0;0;1;1;0;0;0;0;0;0;0;0;0;0;0;0;0;0;0;0;0;0;0;0;0;0
02.02.2024;16:16;A 95;1;4;12;4;5;4;5;3;21;4;18;5;10;111;36;0;0;5;66;0;0;6;6;0;0;2;78;24;35;6;6;0;0;0;0;0;0;0;0;0;0;0;0;0;0;0;0;0;0;0;0;0;0;0;0;0;0;0;0
02.02.2024;16:15;A 95;1;1;47;5;31;4;9;2;17;3;9;4;7;44;49;3;3;9;64;0;4;9;10;0;0;2;68;5;7;9;8;0;0;0;0;0;0;0;0;0;0;0;0;0;0;0;0;0;0;0;0;0;0;0;0;0;0;0;0
02.02.2024;16:14;A 95;1;4;9;2;2;2;2;4;40;9;27;6;21;75;30;1;75;1;8;1;81;3;3;0;0;2;30;3;4;1;0;1;1;3;5;0;0;0;0;0;0;0;0;0;0;0;0;0;0;0;0;0;0;0;0;0;0;0;0
02.02.2024;16:13;A 95;1;3;9;5;5;5;8;6;10;6;7;7;10;170;41;2;4;3;8;2;7;4;3;0;0;1;86;6;14;3;2;0;0;0;0;0;0;1;1;0;0;0;0;0;0;0;0;0;0;0;0;0;0;0;0;0;0;0;0
02.02.2024;16:12;A 95;1;3;43;4;6;4;7;3;5;5;4;6;11;118;43;0;14;3;43;0;0;7;22;0;0;1;86;5;25;7;7;1;1;0;0;0;0;4;6;0;0;0;0;0;0;0;0;0;0;0;0;0;0;0;0;0;0;0;0
02.02.2024;16:11;A 95;1;0;70;3;8;3;8;3;75;5;10;2;69;147;36;2;34;5;35;2;7;8;9;1;3;2;90;4;80;3;2;0;0;1;1;1;1;0;0;0;0;0;0;0;0;0;0;0;0;0;0;0;0;0;0;0;0;0;0
02.02.2024;16:10;A 95;1;4;22;4;7;3;4;3;40;6;15;5;13;129;34;5;10;3;13;5;20;7;6;0;0;3;72;7;7;3;2;0;0;0;0;0;0;0;0;0;0;0;0;0;0;0;0;0;0;0;0;0;0;0;0;0;0;0;0
02.02.2024;16:09;A 95;1;2;40;5;20;6;14;1;68;4;48;5;49;110;47;3;39;8;40;3;13;13;13;0;0;6;70;12;17;16;14;0;0;0;0;0;0;0;0;0;0;0;0;0;0;0;0;0;0;0;0;0;0;0;0;0;0;0;0
02.02.2024;16:08;A 95;1;1;1;1;0;1;1;0;25;0;20;0;0;129;34;1;94;0;100;0;4;2;3;0;0;0;100;0;99;1;1;1;1;2;3;0;0;0;0;0;0;0;0;0;0;0;0;0;0;0;0;0;0;0;0;0;0;0;0
02.02.2024;16:07;A 95;1;2;3;1;1;1;1;7;57;8;40;6;20;140;49;3;3;4;94;3;4;7;9;1;4;0;100;5;75;5;4;0;0;0;0;7;11;1;1;0;0;0;0;0;0;0;0;0;0;0;0;0;0;0;0;0;0;0;0
02.02.2024;16:06;A 95;1;2;43;3;10;3;7;3;61;7;49;6;60;105;42;2;2;5;26;1;2;5;6;1;0;4;73;6;52;5;4;0;0;0;0;1;1;0;0;0;0;0;0;0;0;0;0;0;0;0;0;0;0;0;0;0;0;0;0
02.02.2024;16:05;A 95;1;2;31;3;21;2;5;2;36;7;10;5;12;146;45;3;70;0;95;3;12;6;57;1;0;2;74;8;18;7;5;2;3;2;3;0;0;0;0;0;0;0;0;0;0;0;0;0;0;0;0;0;0;0;0;0;0;0;0
02.02.2024;16:04;A 95;1;5;16;4;8;5;9;3;14;3;5;4;7;122;37;0;0;4;14;0;0;6;6;0;0;2;69;7;11;4;3;0;0;0;0;0;0;0;0;0;0;0;0;0;0;0;0;0;0;0;0;0;0;0;0;0;0;0;0
02.02.2024;16:03;A 95;1;6;35;7;15;6;13;4;19;5;11;5;12;124;47;0;8;5;38;0;0;6;5;0;0;2;43;4;20;8;10;1;1;0;0;0;0;0;0;0;0;0;0;0;0;0;0;0;0;0;0;0;0;0;0;0;0;0;0
02.02.2024;16:02;A 95;1;2;72;2;60;2;4;1;72;5;62;2;57;162;39;2;64;1;76;2;14;3;10;1;4;2;92;4;19;2;1;0;0;1;1;1;1;0;0;0;0;0;0;0;0;0;0;0;0;0;0;0;0;0;0;0;0;0;0
02.02.2024;16:01;A 95;1;1;26;3;4;4;9;3;95;5;75;4;33;108;57;6;6;5;62;2;3;9;33;0;0;2;80;8;53;6;7;1;1;1;1;0;0;1;1;0;0;0;0;0;0;0;0;0;0;0;0;0;0;0;0;0;0;0;0
02.02.2024;16:00;A 95;1;2;31;2;3;1;1;1;77;3;12;6;54;155;51;4;10;7;21;2;14;8;8;0;0;4;27;5;10;8;6;0;0;0;0;0;0;0;0;0;0;0;0;0;0;0;0;0;0;0;0;0;0;0;0;0;0;0;0
02.02.2024;15:59;A 95;1;0;32;2;14;1;2;6;49;9;34;5;39;121;35;0;0;2;70;0;0;5;10;0;0;2;86;4;5;0;0;0;0;0;0;0;0;0;0;0;0;0;0;0;0;0;0;0;0;0;0;0;0;0;0;0;0;0;0
02.02.2024;15:58;A 95;1;2;51;3;3;4;7;3;41;5;26;5;17;219;42;5;25;3;44;4;17;6;9;0;0;3;44;3;4;5;4;0;0;0;0;5;8;0;0;0;0;0;0;0;0;0;0;0;0;0;0;0;0;0;0;0;0;0;0
02.02.2024;15:57;A 95;1;1;63;1;2;1;3;1;69;6;13;5;11;222;45;3;8;9;22;3;23;9;8;0;0;6;35;9;10;10;8;1;1;0;0;4;6;6;10;0;0;0;0;0;0;0;0;0;0;0;0;0;0;0;0;0;0;0;0
02.02.2024;15:56;A 95;1;2;40;3;8;3;6;4;23;5;12;5;8;154;38;1;83;2;76;1;5;2;2;1;4;0;100;5;71;3;2;1;1;1;1;0;0;0;0;0;0;0;0;0;0;0;0;0;0;0;0;0;0;0;0;0;0;0;0
02.02.2024;15:55;A 95;1;3;14;4;5;4;5;3;7;3;2;2;2;158;45;3;21;2;84;3;9;7;14;0;0;2;97;7;16;10;12;0;0;0;0;0;0;2;3;0;0;0;0;0;0;0;0;0;0;0;0;0;0;0;0;0;0;0;0
02.02.2024;15:54;A 95;1;4;54;5;39;5;13;2;60;6;38;5;30;16;45;1;3;4;97;1;3;10;31;0;0;1;92;5;27;10;13;0;0;0;0;0;0;0;0;0;0;0;0;0;0;0;0;0;0;0;0;0;0;0;0;0;0;0;0
02.02.2024;15:53;A 95;1;4;74;6;16;6;42;5;79;8;45;9;48;32;33;3;2;5;48;1;3;10;33;0;0;2;98;8;77;9;11;0;0;0;0;0;0;0;0;0;0;0;0;0;0;0;0;0;0;0;0;0;0;0;0;0;0;0;0
02.02.2024;15:52;A 95;1;4;50;7;9;7;11;4;60;6;6;5;7;10;73;1;69;1;97;1;1;7;12;0;0;0;100;7;86;4;5;0;0;0;0;0;0;0;0;0;0;0;0;0;0;0;0;0;0;0;0;0;0;0;0;0;0;0;0
02.02.2024;15:51;A 95;1;1;73;2;74;1;6;3;95;3;90;1;97;21;93;2;49;1;99;1;18;6;31;0;0;3;71;7;32;8;16;0;0;1;1;0;0;0;0;0;0;0;0;0;0;0;0;0;0;0;0;0;0;0;0;0;0;0;0
02.02.2024;15:50;A 95;1;2;61;1;56;1;0;1;98;3;41;1;68;153;42;2;31;0;100;2;39;5;48;0;0;1;9;1;1;5;5;0;0;1;1;0;0;0;0;0;0;0;0;0;0;0;0;0;0;0;0;0;0;0;0;0;0;0;0
02.02.2024;15:49;A 95;1;1;94;3;41;2;5;1;97;4;21;4;91;156;64;1;69;0;100;0;72;4;85;0;0;0;88;4;38;3;4;1;1;0;0;0;0;0;0;0;0;0;0;0;0;0;0;0;0;0;0;0;0;0;0;0;0;0;0
02.02.2024;15:48;A 95;1;1;62;3;27;4;19;2;62;3;56;7;57;150;56;5;68;3;61;6;54;7;27;1;20;1;41;4;11;5;4;0;0;0;0;1;1;1;1;0;0;0;0;0;0;0;0;0;0;0;0;0;0;0;0;0;0;0;0
02.02.2024;15:47;A 95;1;1;24;2;3;2;3;1;57;6;39;2;47;186;56;0;0;3;87;0;0;5;5;0;0;2;84;6;22;0;0;0;0;1;1;0;0;0;0;0;0;0;0;0;0;0;0;0;0;0;0;0;0;0;0;0;0;0;0
02.02.2024;15:46;A 95;1;1;3;1;1;2;3;4;22;8;10;6;14;185;42;2;7;4;16;1;3;4;5;1;1;2;96;9;21;5;4;1;1;0;0;0;0;0;0;0;0;0;0;0;0;0;0;0;0;0;0;0;0;0;0;0;0;0;0
02.02.2024;15:45;A 95;1;4;17;4;8;4;11;6;55;10;38;12;40;154;44;3;8;2;42;1;28;2;2;0;0;2;95;5;41;5;5;0;0;0;0;0;0;0;0;0;0;0;0;0;0;0;0;0;0;0;0;0;0;0;0;0;0;0;0
02.02.2024;15:44;A 95;1;2;82;5;71;4;59;7;64;10;34;8;51;107;54;9;45;3;40;3;30;10;14;0;0;2;95;5;56;6;7;0;0;0;0;0;0;0;0;0;0;0;0;0;0;0;0;0;0;0;0;0;0;0;0;0;0;0;0
02.02.2024;15:43;A 95;1;4;48;5;39;5;7;7;33;13;14;10;21;231;43;5;8;3;73;4;11;5;10;0;0;2;97;6;61;5;4;0;0;1;1;0;0;0;0;0;0;0;0;0;0;0;0;0;0;0;0;0;0;0;0;0;0;0;0
02.02.2024;15:42;A 95;1;3;54;5;30;5;11;3;35;3;53;5;34;157;43;6;6;6;25;6;12;6;6;1;5;3;23;4;6;7;5;0;0;0;0;0;0;0;0;0;0;0;0;0;0;0;0;0;0;0;0;0;0;0;0;0;0;0;0
02.02.2024;15:41;A 95;1;0;69;4;55;0;57;3;72;7;57;5;56;220;33;3;8;3;10;0;16;3;4;0;0;1;6;1;1;1;0;1;1;1;1;0;0;0;0;0;0;0;0;0;0;0;0;0;0;0;0;0;0;0;0;0;0;0;0
02.02.2024;15:40;A 95;1;0;100;5;69;2;40;3;31;6;10;6;17;140;31;2;94;0;82;0;100;4;13;0;34;0;92;5;77;6;6;0;0;0;0;0;0;0;0;0;0;0;0;0;0;0;0;0;0;0;0;0;0;0;0;0;0;0;0
02.02.2024;15:39;A 95;1;0;100;0;100;0;100;0;0;0;0;0;0;150;37;2;92;1;99;0;100;5;13;0;100;0;100;8;53;9;15;0;0;0;0;0;0;0;0;0;0;0;0;0;0;0;0;0;0;0;0;0;0;0;0;0;0;0;0
02.02.2024;15:38;A 95;1;0;100;4;88;1;98;6;83;11;63;8;70;168;47;2;42;0;100;1;47;7;27;1;85;0;100;1;90;2;2;0;0;0;0;0;0;1;1;0;0;0;0;0;0;0;0;0;0;0;0;0;0;0;0;0;0;0;0
02.02.2024;15:37;A 95;1;0;100;5;79;1;77;4;36;5;26;2;26;159;51;3;11;0;100;3;16;3;19;0;0;0;100;4;85;1;1;0;0;0;0;0;0;0;0;0;0;0;0;0;0;0;0;0;0;0;0;0;0;0;0;0;0;0;0
02.02.2024;15:36;A 95;1;0;100;0;0;1;96;0;100;1;95;3;43;196;42;3;7;3;76;1;2;5;13;0;0;3;56;6;31;6;5;0;0;0;0;1;1;0;0;0;0;0;0;0;0;0;0;0;0;0;0;0;0;0;0;0;0;0;0
02.02.2024;15:35;A 95;1;2;90;3;60;2;68;8;73;12;60;8;71;166;30;1;32;1;88;1;37;5;9;0;0;2;71;4;59;0;0;1;1;0;0;0;0;0;0;0;0;0;0;0;0;0;0;0;0;0;0;0;0;0;0;0;0;0;0
02.02.2024;15:34;A 95;1;1;38;3;35;4;21;11;82;11;65;10;53;104;28;3;60;3;71;2;64;3;6;0;0;0;69;2;58;6;7;0;0;0;0;0;0;0;0;0;0;0;0;0;0;0;0;0;0;0;0;0;0;0;0;0;0;0;0
02.02.2024;15:33;A 95;1;2;5;2;2;2;3;0;100;2;96;2;47;168;44;2;91;3;75;3;63;6;23;0;0;2;98;8;60;5;5;2;3;3;5;0;0;0;0;0;0;0;0;0;0;0;0;0;0;0;0;0;0;0;0;0;0;0;0
02.02.2024;15:32;A 95;1;0;52;1;46;0;0;2;99;6;79;2;97;134;43;1;20;1;43;1;4;2;4;0;6;0;100;3;64;2;1;2;3;5;8;0;0;0;0;0;0;0;0;0;0;0;0;0;0;0;0;0;0;0;0;0;0;0;0
02.02.2024;15:31;A 95;1;2;50;8;31;5;23;5;84;12;63;9;57;250;38;2;0;5;46;0;0;5;5;1;13;1;86;4;11;3;3;1;1;4;6;0;0;0;0;0;0;0;0;0;0;0;0;0;0;0;0;0;0;0;0;0;0;0;0
02.02.2024;15:30;A 95;1;2;52;3;49;7;53;5;56;4;42;7;37;220;51;5;55;4;44;1;70;3;3;0;0;2;64;9;14;5;5;0;0;0;0;0;0;0;0;0;0;0;0;0;0;0;0;0;0;0;0;0;0;0;0;0;0;0;0
02.02.2024;15:29;A 95;1;4;84;6;70;5;63;3;81;8;68;5;74;165;35;1;71;6;48;0;100;7;8;0;0;0;100;6;18;5;5;0;0;0;0;0;0;0;0;0;0;0;0;0;0;0;0;0;0;0;0;0;0;0;0;0;0;0;0
02.02.2024;15:28;A 95;1;7;33;7;10;7;15;10;63;14;41;12;39;245;41;1;7;4;20;0;100;6;6;0;0;1;98;6;86;5;4;0;0;0;0;0;0;0;0;0;0;0;0;0;0;0;0;0;0;0;0;0;0;0;0;0;0;0;0
02.02.2024;15:27;A 95;1;0;87;0;0;0;0;1;97;2;7;0;100;214;47;2;32;6;19;0;100;5;4;2;2;1;99;10;65;8;8;1;1;1;1;0;0;0;0;0;0;0;0;0;0;0;0;0;0;0;0;0;0;0;0;0;0;0;0
02.02.2024;15:26;A 95;1;2;53;3;10;3;9;3;84;4;43;0;100;116;46;2;91;0;92;0;100;1;0;0;0;0;100;1;97;0;0;0;0;0;0;0;0;0;0;0;0;0;0;0;0;0;0;0;0;0;0;0;0;0;0;0;0;0;0
02.02.2024;15:25;A 95;1;2;66;2;5;1;2;0;100;1;98;2;96;103;55;2;94;2;64;1;98;4;5;0;0;0;100;10;31;5;10;0;0;0;0;0;0;0;0;0;0;0;0;0;0;0;0;0;0;0;0;0;0;0;0;0;0;0;0
02.02.2024;15:24;A 95;1;1;92;2;82;2;4;3;94;3;89;1;97;137;50;2;92;3;69;2;73;8;11;0;0;1;99;11;25;8;8;0;0;0;0;0;0;0;0;0;0;0;0;0;0;0;0;0;0;0;0;0;0;0;0;0;0;0;0
02.02.2024;15:23;A 95;1;2;59;3;41;3;7;0;100;4;88;3;93;164;32;1;93;2;11;1;95;4;4;0;0;0;100;1;5;0;0;1;1;0;0;0;0;0;0;0;0;0;0;0;0;0;0;0;0;0;0;0;0;0;0;0;0;0;0
02.02.2024;15:22;A 95;1;0;100;2;93;2;4;0;100;0;100;1;98;165;44;2;83;3;64;2;58;6;9;0;0;5;95;11;69;7;7;1;1;0;0;0;0;0;0;0;0;0;0;0;0;0;0;0;0;0;0;0;0;0;0;0;0;0;0
02.02.2024;15:21;A 95;1;2;30;6;13;7;17;3;89;6;31;6;16;156;28;2;69;6;16;2;74;6;6;0;0;0;100;5;57;4;4;0;0;0;0;0;0;0;0;0;0;0;0;0;0;0;0;0;0;0;0;0;0;0;0;0;0;0;0
02.02.2024;15:20;A 95;1;3;5;3;2;4;3;9;51;13;19;10;37;230;43;1;0;2;5;0;0;1;1;0;0;0;100;1;11;0;0;1;1;1;1;0;0;0;0;0;0;0;0;0;0;0;0;0;0;0;0;0;0;0;0;0;0;0;0
02.02.2024;15:19;A 95;1;0;18;1;2;0;0;0;100;3;19;2;96;164;32;0;0;1;72;0;0;1;1;0;0;0;100;5;84;4;3;1;1;1;1;0;0;0;0;0;0;0;0;0;0;0;0;0;0;0;0;0;0;0;0;0;0;0;0
02.02.2024;15:18;A 95;1;1;13;2;6;3;5;0;100;0;100;0;100;191;43;5;22;6;22;1;21;5;5;1;32;3;35;5;11;10;8;0;0;0;0;0;0;0;0;0;0;0;0;0;0;0;0;0;0;0;0;0;0;0;0;0;0;0;0
02.02.2024;15:17;A 95;1;0;44;2;19;2;5;2;96;5;79;3;91;164;39;0;88;1;89;1;2;6;41;0;0;3;73;6;39;0;0;0;0;1;1;0;0;0;0;0;0;0;0;0;0;0;0;0;0;0;0;0;0;0;0;0;0;0;0
02.02.2024;15:16;A 95;1;1;63;2;3;2;3;0;100;0;100;1;67;181;35;3;30;2;62;3;11;3;50;0;0;3;70;5;5;7;6;0;0;0;0;0;0;0;0;0;0;0;0;0;0;0;0;0;0;0;0;0;0;0;0;0;0;0;0
02.02.2024;15:15;A 95;1;2;52;2;3;2;3;0;100;3;93;3;73;168;53;2;3;5;87;0;0;9;16;0;0;6;56;8;14;5;4;0;0;0;0;0;0;0;0;0;0;0;0;0;0;0;0;0;0;0;0;0;0;0;0;0;0;0;0
02.02.2024;15:14;A 95;1;0;0;0;0;0;0;3;43;8;18;10;26;203;42;0;0;1;3;0;0;2;1;1;0;2;72;3;6;0;0;0;0;0;0;0;0;0;0;0;0;0;0;0;0;0;0;0;0;0;0;0;0;0;0;0;0;0;0
02.02.2024;15:13;A 95;1;1;5;1;2;1;2;1;3;1;1;1;1;187;34;2;1;6;15;2;3;6;5;0;0;1;46;5;9;5;4;0;0;0;0;0;0;0;0;0;0;0;0;0;0;0;0;0;0;0;0;0;0;0;0;0;0;0;0
02.02.2024;15:12;A 95;1;2;69;4;52;5;14;2;63;6;42;5;12;144;38;1;1;6;12;1;1;6;4;2;2;5;16;5;8;8;6;1;1;0;0;0;0;0;0;0;0;0;0;0;0;0;0;0;0;0;0;0;0;0;0;0;0;0;0
02.02.2024;15:11;A 95;1;1;46;1;37;1;1;5;57;7;10;5;17;76;62;3;7;2;73;2;7;5;7;1;4;3;42;4;4;3;2;0;0;0;0;0;0;1;1;0;0;0;0;0;0;0;0;0;0;0;0;0;0;0;0;0;0;0;0
02.02.2024;15:10;A 95;1;3;56;6;44;5;9;7;30;13;15;15;21;104;63;5;5;4;15;2;7;5;6;0;0;3;94;5;82;4;4;1;1;1;1;0;0;0;0;0;0;0;0;0;0;0;0;0;0;0;0;0;0;0;0;0;0;0;0
02.02.2024;15:09;A 95;1;0;0;0;0;0;0;1;3;1;1;1;2;115;42;1;1;2;55;1;2;7;38;0;0;2;84;6;38;12;13;0;0;0;0;1;1;1;1;0;0;0;0;0;0;0;0;0;0;0;0;0;0;0;0;0;0;0;0
02.02.2024;15:08;A 95;1;2;46;2;2;2;3;1;90;6;76;1;84;175;36;0;0;0;100;0;0;1;52;1;16;1;98;4;6;0;0;0;0;1;1;0;0;0;0;0;0;0;0;0;0;0;0;0;0;0;0;0;0;0;0;0;0;0;0
02.02.2024;15:07;A 95;1;2;6;2;2;2;2;3;33;4;19;7;15;174;39;0;61;2;93;0;0;9;17;1;0;0;78;2;65;7;7;0;0;0;0;0;0;0;0;0;0;0;0;0;0;0;0;0;0;0;0;0;0;0;0;0;0;0;0
02.02.2024;15:06;A 95;1;3;37;6;20;6;12;3;39;6;20;6;14;148;31;2;54;3;89;2;5;11;15;1;0;1;66;6;38;12;15;0;0;0;0;1;1;0;0;0;0;0;0;0;0;0;0;0;0;0;0;0;0;0;0;0;0;0;0
02.02.2024;15:05;A 95;1;2;32;2;23;2;3;1;47;4;36;1;16;210;48;0;0;1;75;0;0;4;6;0;0;2;72;7;36;2;1;0;0;0;0;0;0;0;0;0;0;0;0;0;0;0;0;0;0;0;0;0;0;0;0;0;0;0;0
02.02.2024;15:04;A 95;1;4;10;6;6;5;7;9;49;13;32;15;29;147;27;2;2;4;10;1;3;5;4;0;0;1;99;6;77;3;2;0;0;0;0;1;1;0;0;0;0;0;0;0;0;0;0;0;0;0;0;0;0;0;0;0;0;0;0
02.02.2024;15:03;A 95;1;1;43;2;35;1;8;3;51;4;41;5;11;165;44;3;2;4;13;2;4;6;5;0;0;3;40;2;3;5;4;0;0;1;1;0;0;0;0;0;0;0;0;0;0;0;0;0;0;0;0;0;0;0;0;0;0;0;0
02.02.2024;15:02;A 95;1;5;52;10;36;4;45;6;53;9;27;7;31;148;35;1;0;0;0;0;0;2;2;0;0;3;49;3;4;4;4;1;1;0;0;0;0;0;0;0;0;0;0;0;0;0;0;0;0;0;0;0;0;0;0;0;0;0;0
02.02.2024;15:01;A 95;1;2;13;3;6;4;9;1;3;1;1;2;4;175;38;2;1;4;77;1;2;6;58;0;0;3;24;3;3;9;8;0;0;1;1;0;0;1;1;0;0;0;0;0;0;0;0;0;0;0;0;0;0;0;0;0;0;0;0
02.02.2024;15:00;A 95;1;1;3;2;11;2;3;3;56;7;13;5;41;170;37;3;4;6;48;1;2;11;30;0;0;2;52;10;26;6;4;0;0;0;0;0;0;0;0;0;0;0;0;0;0;0;0;0;0;0;0;0;0;0;0;0;0;0;0
02.02.2024;14:59;A 95;1;3;10;4;5;4;6;6;38;11;18;11;24;198;39;0;0;2;41;0;0;3;3;1;0;1;89;4;72;0;0;0;0;0;0;0;0;0;0;0;0;0;0;0;0;0;0;0;0;0;0;0;0;0;0;0;0;0;0
02.02.2024;14:58;A 95;1;2;28;4;18;1;21;1;21;3;8;2;5;140;31;3;42;2;79;3;17;8;58;0;0;1;67;3;48;8;8;0;0;0;0;0;0;0;0;0;0;0;0;0;0;0;0;0;0;0;0;0;0;0;0;0;0;0;0
02.02.2024;14:57;A 95;1;1;74;2;56;4;56;2;53;2;3;3;6;165;41;2;8;6;20;2;4;6;6;1;16;3;9;3;2;5;5;0;0;0;0;0;0;0;0;0;0;0;0;0;0;0;0;0;0;0;0;0;0;0;0;0;0;0;0
02.02.2024;14:56;A 95;1;1;41;4;28;3;19;3;23;3;6;2;3;181;42;3;11;1;92;2;12;6;54;0;0;2;78;7;21;7;6;0;0;0;0;0;0;0;0;0;0;0;0;0;0;0;0;0;0;0;0;0;0;0;0;0;0;0;0
02.02.2024;14:55;A 95;1;3;33;4;24;4;8;6;13;4;5;4;6;162;34;5;5;5;55;2;8;6;5;0;0;4;61;5;5;5;3;0;0;0;0;0;0;1;1;0;0;0;0;0;0;0;0;0;0;0;0;0;0;0;0;0;0;0;0
02.02.2024;14:54;A 95;1;2;85;4;6;5;6;5;65;6;57;7;11;127;49;3;7;6;46;0;5;9;9;0;0;2;48;6;11;10;10;1;1;1;1;0;0;0;0;0;0;0;0;0;0;0;0;0;0;0;0;0;0;0;0;0;0;0;0
02.02.2024;14:53;A 95;1;2;10;3;5;2;5;2;60;4;50;3;30;134;34;1;31;2;43;2;34;4;6;0;0;0;100;3;7;2;2;0;0;0;0;0;0;0;0;0;0;0;0;0;0;0;0;0;0;0;0;0;0;0;0;0;0;0;0
02.02.2024;14:52;A 95;1;2;16;5;5;3;5;8;61;15;30;13;28;97;24;3;8;2;17;1;13;6;6;0;0;1;99;5;58;6;5;0;0;0;0;0;0;0;0;0;0;0;0;0;0;0;0;0;0;0;0;0;0;0;0;0;0;0;0
02.02.2024;14:51;A 95;1;1;99;5;87;2;95;2;98;5;85;3;37;118;36;2;0;5;27;0;0;6;7;0;0;8;73;15;35;9;7;0;0;0;0;1;1;0;0;0;0;0;0;0;0;0;0;0;0;0;0;0;0;0;0;0;0;0;0
02.02.2024;14:50;A 95;1;0;100;4;87;3;75;4;65;7;21;7;18;78;58;2;12;4;55;0;13;7;8;1;18;0;100;4;10;3;4;0;0;0;0;0;0;1;1;0;0;0;0;0;0;0;0;0;0;0;0;0;0;0;0;0;0;0;0
02.02.2024;14:49;A 95;1;0;100;3;90;1;40;0;22;2;16;1;1;71;53;3;75;4;80;2;72;6;53;2;4;2;98;7;78;6;7;0;0;1;1;1;1;1;1;0;0;0;0;0;0;0;0;0;0;0;0;0;0;0;0;0;0;0;0
02.02.2024;14:48;A 95;1;0;100;1;94;3;60;1;73;3;66;5;12;103;36;4;47;3;59;0;81;7;45;1;3;2;99;10;71;8;8;0;0;0;0;1;1;1;1;0;0;0;0;0;0;0;0;0;0;0;0;0;0;0;0;0;0;0;0
02.02.2024;14:47;A 95;1;4;67;5;15;8;14;3;62;5;47;5;11;51;40;3;88;5;53;1;98;6;32;0;0;1;99;8;76;2;2;0;0;0;0;0;0;0;0;0;0;0;0;0;0;0;0;0;0;0;0;0;0;0;0;0;0;0;0
02.02.2024;14:46;A 95;1;6;11;5;5;4;4;9;15;11;9;7;9;88;31;3;16;4;16;3;21;5;5;0;0;1;99;5;82;4;3;0;0;0;0;0;0;0;0;0;0;0;0;0;0;0;0;0;0;0;0;0;0;0;0;0;0;0;0
02.02.2024;14:45;A 95;1;2;6;2;3;3;7;2;8;3;4;5;7;90;39;2;2;5;14;2;4;6;5;0;0;2;98;8;56;5;3;0;0;14;24;0;0;1;1;0;0;0;0;0;0;0;0;0;0;0;0;0;0;0;0;0;0;0;0
02.02.2024;14:44;A 95;1;1;41;1;35;1;1;3;68;9;50;5;29;149;39;3;1;2;13;0;0;2;2;0;0;3;76;5;49;4;3;1;1;18;29;0;0;0;0;0;0;0;0;0;0;0;0;0;0;0;0;0;0;0;0;0;0;0;0
02.02.2024;14:43;A 95;1;4;62;4;12;2;31;5;84;6;70;9;17;74;35;2;26;7;82;2;19;10;54;0;0;2;79;8;52;15;12;0;0;1;1;0;0;0;0;0;0;0;0;0;0;0;0;0;0;0;0;0;0;0;0;0;0;0;0
02.02.2024;14:42;A 95;1;3;34;4;15;6;12;2;64;12;35;9;44;61;44;1;1;7;71;1;1;13;19;0;0;4;64;6;10;8;7;0;0;0;0;0;0;0;0;0;0;0;0;0;0;0;0;0;0;0;0;0;0;0;0;0;0;0;0
02.02.2024;14:41;A 95;1;2;50;7;32;3;40;3;54;9;35;5;41;83;23;1;0;2;7;0;0;3;3;0;0;1;81;3;5;0;0;1;1;1;1;0;0;0;0;0;0;0;0;0;0;0;0;0;0;0;0;0;0;0;0;0;0;0;0
02.02.2024;14:40;A 95;1;1;91;2;82;4;65;1;96;2;85;3;31;66;17;1;1;1;23;1;2;2;2;1;2;5;42;8;16;4;4;0;0;0;0;0;0;0;0;0;0;0;0;0;0;0;0;0;0;0;0;0;0;0;0;0;0;0;0
02.02.2024;14:39;A 95;1;3;41;5;15;6;15;2;95;6;83;7;28;31;41;4;5;5;41;4;9;10;21;0;0;4;96;10;42;8;8;0;0;0;0;0;0;0;0;0;0;0;0;0;0;0;0;0;0;0;0;0;0;0;0;0;0;0;0
02.02.2024;14:38;A 95;1;4;8;4;4;4;6;3;36;4;28;4;5;52;17;0;0;3;7;0;0;3;4;1;0;0;100;3;84;3;3;0;0;1;1;1;1;0;0;0;0;0;0;0;0;0;0;0;0;0;0;0;0;0;0;0;0;0;0
02.02.2024;14:37;A 95;1;2;35;6;21;2;27;4;63;11;39;5;43;40;19;1;74;2;84;1;18;6;69;0;0;3;47;5;12;5;5;0;0;1;1;0;0;1;1;0;0;0;0;0;0;0;0;0;0;0;0;0;0;0;0;0;0;0;0
02.02.2024;14:36;A 95;1;2;99;1;92;4;77;3;69;2;56;4;54;40;14;5;72;4;24;5;18;6;6;1;4;4;27;4;4;5;4;0;0;0;0;0;0;1;1;0;0;0;0;0;0;0;0;0;0;0;0;0;0;0;0;0;0;0;0
02.02.2024;14:35;A 95;1;6;20;7;10;6;17;9;64;17;33;14;31;23;39;0;0;1;5;0;0;1;1;0;0;2;53;4;8;0;0;0;0;0;0;0;0;0;0;0;0;0;0;0;0;0;0;0;0;0;0;0;0;0;0;0;0;0;0
02.02.2024;14:34;A 95;1;1;5;1;2;1;2;2;15;5;7;5;12;25;26;2;2;2;19;2;4;7;7;0;0;2;40;4;24;6;6;1;1;0;0;1;1;0;0;0;0;0;0;0;0;0;0;0;0;0;0;0;0;0;0;0;0;0;0
02.02.2024;14:33;A 95;1;0;100;2;29;2;10;0;100;3;91;1;99;44;26;5;6;3;29;2;9;5;9;0;0;3;11;3;3;5;4;0;0;0;0;0;0;2;3;0;0;0;0;0;0;0;0;0;0;0;0;0;0;0;0;0;0;0;0
02.02.2024;14:32;A 95;1;7;29;3;5;3;4;0;100;4;92;5;81;27;28;3;7;4;29;2;11;5;6;0;0;4;75;9;47;4;3;0;0;0;0;0;0;0;0;0;0;0;0;0;0;0;0;0;0;0;0;0;0;0;0;0;0;0;0
02.02.2024;14:31;A 95;1;1;23;1;1;1;2;1;23;3;18;3;7;87;19;1;50;4;67;1;50;6;6;0;0;5;89;8;19;7;6;0;0;0;0;0;0;0;0;0;0;0;0;0;0;0;0;0;0;0;0;0;0;0;0;0;0;0;0
02.02.2024;14:30;A 95;1;5;58;6;47;6;23;1;35;3;27;3;8;56;32;2;13;6;51;2;19;9;12;0;0;5;64;8;20;6;5;0;0;0;0;0;0;1;1;0;0;0;0;0;0;0;0;0;0;0;0;0;0;0;0;0;0;0;0
02.02.2024;14:29;A 95;1;5;47;6;18;6;11;5;68;9;18;6;57;17;11;2;2;1;9;2;4;1;1;0;0;1;71;5;15;5;4;0;0;0;0;0;0;0;0;0;0;0;0;0;0;0;0;0;0;0;0;0;0;0;0;0;0;0;0
02.02.2024;14:28;A 95;1;0;0;1;0;1;2;10;36;13;15;11;24;77;26;8;12;4;94;2;10;9;12;0;0;0;87;3;15;6;5;0;0;0;0;0;0;0;0;0;0;0;0;0;0;0;0;0;0;0;0;0;0;0;0;0;0;0;0
02.02.2024;14:27;A 95;1;2;7;2;3;2;4;3;60;6;49;5;66;17;60;2;2;4;33;2;3;4;6;1;29;3;33;4;6;4;5;0;0;0;0;0;0;0;0;0;0;0;0;0;0;0;0;0;0;0;0;0;0;0;0;0;0;0;0
02.02.2024;14:26;A 95;1;3;42;2;2;3;35;3;61;7;45;4;52;18;11;3;1;2;9;0;0;3;3;0;0;1;4;1;1;3;3;3;5;3;5;0;0;0;0;0;0;0;0;0;0;0;0;0;0;0;0;0;0;0;0;0;0;0;0
02.02.2024;14:25;A 95;1;3;21;3;5;3;5;3;32;4;20;6;13;14;21;5;6;4;69;5;11;4;4;0;0;0;68;5;25;6;6;0;0;0;0;0;0;1;1;0;0;0;0;0;0;0;0;0;0;0;0;0;0;0;0;0;0;0;0
02.02.2024;14:24;A 95;1;0;100;5;11;4;15;3;74;6;64;6;60;28;31;3;27;7;52;4;20;9;14;0;0;5;31;7;9;6;6;0;0;0;0;0;0;0;0;0;0;0;0;0;0;0;0;0;0;0;0;0;0;0;0;0;0;0;0
02.02.2024;14:23;A 95;1;4;42;5;29;5;7;7;41;6;7;6;12;18;14;0;3;0;95;0;0;1;0;0;0;0;100;2;24;0;0;0;0;0;0;0;0;0;0;0;0;0;0;0;0;0;0;0;0;0;0;0;0;0;0;0;0;0;0
02.02.2024;14:22;A 95;1;8;73;9;48;8;12;7;84;9;12;6;17;28;19;7;39;4;26;2;47;5;5;0;0;1;99;8;64;3;2;0;0;1;1;0;0;0;0;0;0;0;0;0;0;0;0;0;0;0;0;0;0;0;0;0;0;0;0
02.02.2024;14:21;A 95;1;3;48;5;12;6;14;2;55;4;46;6;49;19;28;5;47;4;32;0;60;9;8;0;0;2;67;6;39;7;6;0;0;0;0;0;0;0;0;0;0;0;0;0;0;0;0;0;0;0;0;0;0;0;0;0;0;0;0
02.02.2024;14:20;A 95;1;1;91;8;73;3;81;4;74;5;62;2;68;73;24;0;100;3;53;0;100;3;3;1;4;2;46;4;25;2;1;0;0;0;0;0;0;0;0;0;0;0;0;0;0;0;0;0;0;0;0;0;0;0;0;0;0;0;0
02.02.2024;14:19;A 95;1;1;57;4;49;7;37;2;44;3;31;5;13;65;24;3;5;5;87;2;11;9;17;1;0;5;72;7;9;10;10;0;0;0;0;0;0;0;0;0;0;0;0;0;0;0;0;0;0;0;0;0;0;0;0;0;0;0;0
02.02.2024;14:18;A 95;1;0;68;0;0;0;0;1;98;8;15;0;96;54;27;3;2;5;61;1;3;8;12;0;0;3;12;3;3;5;7;0;0;0;0;0;0;0;0;0;0;0;0;0;0;0;0;0;0;0;0;0;0;0;0;0;0;0;0
02.02.2024;14:17;A 95;1;2;99;3;10;3;8;0;100;5;78;3;75;15;22;0;0;3;41;0;0;5;27;1;0;2;50;4;26;4;2;1;1;1;1;0;0;0;0;0;0;0;0;0;0;0;0;0;0;0;0;0;0;0;0;0;0;0;0
02.02.2024;14:16;A 95;1;2;25;2;9;1;3;3;52;6;46;5;16;18;18;3;4;4;19;3;7;6;6;0;0;1;86;9;59;6;5;2;3;1;1;0;0;0;0;0;0;0;0;0;0;0;0;0;0;0;0;0;0;0;0;0;0;0;0
02.02.2024;14:15;A 95;1;1;97;4;90;3;26;1;96;4;88;1;99;59;20;3;7;5;25;2;8;5;7;0;0;6;38;8;11;5;4;0;0;0;0;0;0;0;0;0;0;0;0;0;0;0;0;0;0;0;0;0;0;0;0;0;0;0;0
02.02.2024;14:14;A 95;1;1;97;5;41;5;18;0;100;5;89;5;86;32;16;2;2;3;71;1;5;6;8;0;0;4;20;4;4;9;7;0;0;0;0;0;0;0;0;0;0;0;0;0;0;0;0;0;0;0;0;0;0;0;0;0;0;0;0
02.02.2024;14:13;A 95;1;3;21;4;9;5;7;3;21;5;12;5;12;30;11;2;3;5;19;2;6;6;6;0;0;4;56;4;4;4;3;0;0;0;0;0;0;0;0;0;0;0;0;0;0;0;0;0;0;0;0;0;0;0;0;0;0;0;0
02.02.2024;14:12;A 95;1;3;81;7;60;5;7;5;14;6;7;6;35;53;41;3;3;4;16;1;3;5;4;0;0;2;54;9;17;5;4;1;1;1;1;0;0;0;0;0;0;0;0;0;0;0;0;0;0;0;0;0;0;0;0;0;0;0;0
02.02.2024;14:11;A 95;1;3;28;3;4;3;4;5;52;7;36;3;46;20;12;0;0;2;5;1;1;3;2;0;5;1;97;4;84;1;0;0;0;0;0;0;0;0;0;0;0;0;0;0;0;0;0;0;0;0;0;0;0;0;0;0;0;0;0
02.02.2024;14:10;A 95;1;2;5;2;2;3;4;3;18;4;13;6;17;25;9;4;4;5;62;2;8;5;4;1;12;1;48;2;1;7;7;1;1;0;0;0;0;2;3;0;0;0;0;0;0;0;0;0;0;0;0;0;0;0;0;0;0;0;0
02.02.2024;14:09;A 95;1;1;83;4;26;4;30;0;0;0;0;2;14;44;22;1;8;5;40;1;10;6;7;1;4;3;50;6;24;5;4;0;0;0;0;0;0;0;0;0;0;0;0;0;0;0;0;0;0;0;0;0;0;0;0;0;0;0;0
02.02.2024;14:08;A 95;1;6;46;7;7;6;10;6;15;7;6;7;11;4;5;1;71;2;85;1;75;2;2;0;0;0;100;2;25;0;0;0;0;1;1;1;1;0;0;0;0;0;0;0;0;0;0;0;0;0;0;0;0;0;0;0;0;0;0
02.02.2024;14:07;A 95;1;3;41;4;28;2;5;1;42;5;32;2;22;54;16;3;32;5;72;2;21;6;6;3;6;5;41;7;14;5;4;0;0;0;0;0;0;1;1;0;0;0;0;0;0;0;0;0;0;0;0;0;0;0;0;0;0;0;0
02.02.2024;14:06;A 95;1;1;62;2;47;4;10;1;67;3;60;5;14;45;30;3;26;6;21;4;11;8;7;1;1;3;33;6;16;9;9;0;0;0;0;0;0;2;3;0;0;0;0;0;0;0;0;0;0;0;0;0;0;0;0;0;0;0;0
02.02.2024;14:05;A 95;1;2;49;4;7;3;6;1;45;3;37;1;0;40;11;1;1;3;9;1;3;3;3;0;0;1;89;3;83;1;0;0;0;0;0;0;0;1;1;0;0;0;0;0;0;0;0;0;0;0;0;0;0;0;0;0;0;0;0
02.02.2024;14:04;A 95;1;3;43;5;14;4;9;5;41;7;32;8;15;13;11;3;4;5;63;2;6;7;5;0;0;1;55;2;1;7;6;0;0;0;0;0;0;0;0;0;0;0;0;0;0;0;0;0;0;0;0;0;0;0;0;0;0;0;0
02.02.2024;14:03;A 95;1;2;59;3;3;4;53;2;72;5;66;5;16;57;26;4;28;5;35;2;24;7;8;0;0;4;54;8;14;5;4;0;0;0;0;0;0;1;1;0;0;0;0;0;0;0;0;0;0;0;0;0;0;0;0;0;0;0;0
02.02.2024;14:02;A 95;1;7;34;8;8;7;10;3;46;6;30;5;12;7;5;1;1;1;7;1;0;1;1;0;0;2;93;5;37;1;0;0;0;0;0;0;0;0;0;0;0;0;0;0;0;0;0;0;0;0;0;0;0;0;0;0;0;0;0
02.02.2024;14:01;A 95;1;5;53;5;7;4;6;4;29;5;5;4;6;44;20;4;6;5;19;3;8;7;6;0;0;2;85;7;62;8;7;0;0;0;0;0;0;0;0;0;0;0;0;0;0;0;0;0;0;0;0;0;0;0;0;0;0;0;0
02.02.2024;14:00;A 95;1;4;50;7;15;8;27;3;57;9;36;8;28;23;17;1;1;5;27;2;4;7;8;0;0;1;55;4;49;6;6;0;0;0;0;0;0;1;1;0;0;0;0;0;0;0;0;0;0;0;0;0;0;0;0;0;0;0;0
02.02.2024;13:59;A 95;1;4;8;4;4;4;6;8;22;9;10;10;14;22;11;3;2;3;18;1;3;3;6;0;0;2;16;3;3;3;4;0;0;0;0;1;1;0;0;0;0;0;0;0;0;0;0;0;0;0;0;0;0;0;0;0;0;0;0
02.02.2024;13:58;A 95;1;1;20;2;14;3;9;3;29;6;18;1;28;14;11;2;54;4;24;1;55;7;10;0;0;2;98;7;80;5;4;2;3;1;1;0;0;0;0;0;0;0;0;0;0;0;0;0;0;0;0;0;0;0;0;0;0;0;0
02.02.2024;13:57;A 95;1;1;64;3;49;3;6;0;100;0;100;2;67;14;18;1;10;3;13;1;6;4;4;1;4;2;41;5;17;5;4;1;1;1;1;1;1;1;1;0;0;0;0;0;0;0;0;0;0;0;0;0;0;0;0;0;0;0;0
02.02.2024;13:56;A 95;1;3;39;2;2;3;6;3;95;9;72;7;49;13;14;2;46;4;19;2;13;5;6;0;0;1;78;6;25;3;3;1;1;0;0;0;0;0;0;0;0;0;0;0;0;0;0;0;0;0;0;0;0;0;0;0;0;0;0
02.02.2024;13:55;A 95;1;2;17;2;8;1;1;3;28;7;10;7;14;7;9;3;15;4;17;2;19;5;5;0;0;7;59;10;35;6;5;0;0;0;0;1;1;1;1;0;0;0;0;0;0;0;0;0;0;0;0;0;0;0;0;0;0;0;0
02.02.2024;13:54;A 95;1;2;92;7;77;6;64;2;94;7;22;5;26;26;28;4;3;6;34;3;6;9;6;0;0;2;10;2;1;9;8;0;0;1;1;0;0;3;5;0;0;0;0;0;0;0;0;0;0;0;0;0;0;0;0;0;0;0;0
02.02.2024;13:53;A 95;1;5;64;8;12;7;22;10;55;8;9;9;16;9;19;1;2;2;79;1;3;5;5;0;0;2;49;5;7;3;4;0;0;0;0;0;0;0;0;0;0;0;0;0;0;0;0;0;0;0;0;0;0;0;0;0;0;0;0
02.02.2024;13:52;A 95;1;6;31;7;9;8;15;8;48;12;15;9;21;16;13;5;6;3;77;3;11;4;7;0;0;1;72;7;41;3;2;1;1;2;3;0;0;0;0;0;0;0;0;0;0;0;0;0;0;0;0;0;0;0;0;0;0;0;0
02.02.2024;13:51;A 95;1;3;42;4;31;4;9;2;53;4;42;6;40;11;70;5;8;6;45;4;14;12;14;0;0;4;40;8;19;7;6;0;0;0;0;0;0;0;0;0;0;0;0;0;0;0;0;0;0;0;0;0;0;0;0;0;0;0;0
02.02.2024;13:50;A 95;1;1;42;1;37;1;1;2;56;4;43;2;6;8;45;0;0;0;0;0;0;0;0;0;0;3;88;6;61;0;0;0;0;2;3;0;0;0;0;0;0;0;0;0;0;0;0;0;0;0;0;0;0;0;0;0;0;0;0
02.02.2024;13:49;A 95;1;2;84;3;70;3;6;2;76;3;58;4;9;5;65;4;6;4;63;1;10;4;11;0;34;0;100;10;15;3;2;0;0;1;1;0;0;0;0;0;0;0;0;0;0;0;0;0;0;0;0;0;0;0;0;0;0;0;0
02.02.2024;13:48;A 95;1;0;100;0;100;1;3;1;65;2;6;2;8;16;22;0;27;2;53;0;0;5;34;1;12;2;98;7;14;5;4;1;1;0;0;0;0;0;0;0;0;0;0;0;0;0;0;0;0;0;0;0;0;0;0;0;0;0;0
02.02.2024;13:47;A 95;1;0;100;5;72;5;12;0;77;3;7;3;5;16;17;2;32;3;59;2;7;6;37;0;0;0;100;0;0;1;1;0;0;0;0;0;0;0;0;0;0;0;0;0;0;0;0;0;0;0;0;0;0;0;0;0;0;0;0
02.02.2024;13:46;A 95;1;3;22;4;14;3;6;4;25;4;8;4;7;8;8;3;9;3;49;3;7;5;7;0;0;4;92;10;66;7;7;0;0;1;1;1;1;0;0;0;0;0;0;0;0;0;0;0;0;0;0;0;0;0;0;0;0;0;0
02.02.2024;13:45;A 95;1;4;15;5;5;5;8;3;37;7;16;6;27;10;14;2;20;3;70;1;4;5;5;0;0;2;76;10;23;7;8;2;3;2;3;0;0;0;0;0;0;0;0;0;0;0;0;0;0;0;0;0;0;0;0;0;0;0;0
02.02.2024;13:44;A 95;1;1;57;4;7;4;30;9;82;14;58;11;68;17;26;3;2;1;79;1;8;3;30;1;27;0;100;3;6;1;31;0;0;0;0;1;1;0;0;0;0;0;0;0;0;0;0;0;0;0;0;0;0;0;0;0;0;0;0
02.02.2024;13:43;A 95;1;0;100;1;9;0;0;0;100;1;99;1;98;9;13;2;6;3;74;0;54;5;6;1;11;3;44;4;31;7;7;0;0;0;0;0;0;0;0;0;0;0;0;0;0;0;0;0;0;0;0;0;0;0;0;0;0;0;0
02.02.2024;13:42;A 95;1;1;79;5;58;6;47;0;100;4;60;5;51;16;23;3;4;1;63;4;17;5;13;0;0;4;17;3;3;0;0;0;0;0;0;0;0;0;0;0;0;0;0;0;0;0;0;0;0;0;0;0;0;0;0;0;0;0;0
02.02.2024;13:41;A 95;1;1;30;2;7;1;3;4;65;10;42;6;48;5;6;4;2;0;0;1;0;0;0;0;0;1;4;1;1;0;0;0;0;0;0;0;0;0;0;3;1;0;0;0;0;0;0;0;0;0;0;0;0;0;0;0;0;0;0
02.02.2024;13:40;A 95;1;4;47;5;8;5;12;3;16;3;19;5;14;11;10;1;1;2;4;1;2;3;2;0;0;0;57;1;3;2;1;0;0;0;0;0;0;0;0;0;0;0;0;0;0;0;0;0;0;0;0;0;0;0;0;0;0;0;0
02.02.2024;13:39;A 95;1;2;67;6;43;8;49;1;77;6;56;6;51;17;26;1;1;2;13;1;2;4;3;0;0;8;85;18;25;6;6;0;0;0;0;0;0;0;0;0;0;0;0;0;0;0;0;0;0;0;0;0;0;0;0;0;0;0;0
02.02.2024;13:38;A 95;1;0;48;2;41;0;40;2;39;3;27;2;4;4;4;0;96;2;86;0;0;2;6;0;7;0;100;0;100;0;0;0;0;0;0;0;0;0;0;0;0;0;0;0;0;0;0;0;0;0;0;0;0;0;0;0;0;0;0
02.02.2024;13:37;A 95;1;3;32;5;14;7;20;4;34;9;13;7;20;6;5;4;55;2;67;2;46;4;4;1;15;0;100;7;79;5;4;0;0;0;0;0;0;0;0;0;0;0;0;0;0;0;0;0;0;0;0;0;0;0;0;0;0;0;0
02.02.2024;13:36;A 95;1;2;73;3;67;4;6;2;71;4;58;6;64;14;20;3;18;6;49;2;17;7;8;0;0;0;100;5;88;6;5;1;1;0;0;0;0;0;0;0;0;0;0;0;0;0;0;0;0;0;0;0;0;0;0;0;0;0;0
02.02.2024;13:35;A 95;1;7;82;12;19;8;65;5;65;7;51;4;50;5;5;0;2;1;6;0;0;1;1;0;0;1;75;3;67;2;1;0;0;0;0;0;0;0;0;0;0;0;0;0;0;0;0;0;0;0;0;0;0;0;0;0;0;0;0
02.02.2024;13:34;A 95;1;4;27;5;10;6;15;12;59;13;47;14;47;11;23;3;24;1;84;1;11;2;1;0;0;1;92;2;81;3;2;0;0;0;0;0;0;0;0;0;0;0;0;0;0;0;0;0;0;0;0;0;0;0;0;0;0;0;0
02.02.2024;13:33;A 95;1;1;2;1;1;1;1;4;9;5;5;5;9;14;26;0;21;3;77;0;0;11;39;0;0;1;99;13;68;12;10;0;0;1;1;0;0;0;0;0;0;0;0;0;0;0;0;0;0;0;0;0;0;0;0;0;0;0;0
02.02.2024;13:32;A 95;1;1;83;5;19;6;17;1;89;7;71;2;79;13;19;2;9;1;40;2;6;5;8;1;2;4;89;5;70;2;1;0;0;0;0;0;0;0;0;0;0;0;0;0;0;0;0;0;0;0;0;0;0;0;0;0;0;0;0
02.02.2024;13:31;A 95;1;1;18;1;3;1;4;5;53;5;48;5;56;7;7;3;13;4;10;4;18;5;4;0;0;2;70;8;49;4;3;0;0;0;0;0;0;0;0;0;0;0;0;0;0;0;0;0;0;0;0;0;0;0;0;0;0;0;0
02.02.2024;13:30;A 95;1;2;78;2;2;2;3;2;95;6;30;1;94;13;15;1;0;4;12;1;1;6;5;0;0;8;26;7;7;2;1;0;0;0;0;0;0;0;0;0;0;0;0;0;0;0;0;0;0;0;0;0;0;0;0;0;0;0;0
02.02.2024;13:29;A 95;1;1;82;4;40;4;9;0;100;5;76;3;92;15;18;3;43;1;55;2;7;4;12;0;0;0;100;8;13;1;0;0;0;0;0;1;1;0;0;0;0;0;0;0;0;0;0;0;0;0;0;0;0;0;0;0;0;0;0
02.02.2024;13:28;A 95;1;5;18;4;7;3;5;4;50;10;22;7;34;9;12;4;84;1;61;1;67;5;8;0;0;1;83;9;55;5;5;0;0;0;0;0;0;0;0;0;0;0;0;0;0;0;0;0;0;0;0;0;0;0;0;0;0;0;0
02.02.2024;13:27;A 95;1;3;76;4;48;4;9;1;97;3;87;5;79;16;30;7;16;8;29;4;39;10;9;0;0;3;51;5;33;9;7;0;0;0;0;0;0;0;0;0;0;0;0;0;0;0;0;0;0;0;0;0;0;0;0;0;0;0;0
02.02.2024;13:26;A 95;1;2;24;2;2;2;3;6;56;13;40;8;45;6;72;1;0;1;5;0;0;1;1;0;0;2;90;4;26;2;1;1;1;0;0;0;0;0;0;0;0;0;0;0;0;0;0;0;0;0;0;0;0;0;0;0;0;0;0
02.02.2024;13:25;A 95;1;2;52;2;3;2;5;0;100;4;86;1;99;15;40;3;14;6;37;3;15;7;9;0;0;2;52;6;16;4;3;0;0;1;1;0;0;1;1;0;0;0;0;0;0;0;0;0;0;0;0;0;0;0;0;0;0;0;0
02.02.2024;13:24;A 95;1;2;13;2;3;1;2;0;100;1;88;4;42;7;71;3;2;4;17;1;2;6;5;0;0;2;48;9;18;9;8;0;0;1;1;1;1;0;0;0;0;0;0;0;0;0;0;0;0;0;0;0;0;0;0;0;0;0;0
02.02.2024;13:23;A 95;1;1;2;1;1;1;2;3;28;7;13;8;19;10;61;0;0;1;78;0;0;4;10;0;0;1;88;5;34;2;2;1;1;1;1;0;0;0;0;0;0;0;0;0;0;0;0;0;0;0;0;0;0;0;0;0;0;0;0
02.02.2024;13:22;A 95;1;1;4;1;1;1;1;2;5;1;1;2;3;19;21;3;7;3;52;2;9;8;24;0;0;3;11;3;3;7;5;0;0;0;0;0;0;0;0;0;0;0;0;0;0;0;0;0;0;0;0;0;0;0;0;0;0;0;0
02.02.2024;13:21;A 95;1;1;93;2;50;1;5;2;68;2;4;2;3;17;41;2;4;5;52;2;7;12;21;0;0;1;60;7;41;11;10;0;0;0;0;0;0;0;0;0;0;0;0;0;0;0;0;0;0;0;0;0;0;0;0;0;0;0;0
02.02.2024;13:20;A 95;1;1;43;3;6;3;6;7;30;6;9;8;32;12;22;0;0;1;6;0;0;1;1;1;3;0;100;3;58;0;0;0;0;0;0;0;0;0;0;0;0;0;0;0;0;0;0;0;0;0;0;0;0;0;0;0;0;0;0
02.02.2024;13:19;A 95;1;3;31;3;4;3;5;1;9;2;3;1;2;7;19;2;3;2;12;2;5;4;4;0;0;4;90;10;57;5;4;0;0;0;0;0;0;0;0;0;0;0;0;0;0;0;0;0;0;0;0;0;0;0;0;0;0;0;0
02.02.2024;13:18;A 95;1;5;12;4;5;5;9;3;62;8;42;7;58;15;26;1;3;2;51;1;5;7;12;0;0;2;57;7;35;8;8;0;0;0;0;0;0;0;0;0;0;0;0;0;0;0;0;0;0;0;0;0;0;0;0;0;0;0;0
02.02.2024;13:17;A 95;1;2;58;5;29;5;13;5;84;15;26;4;81;12;17;1;0;3;82;0;0;4;4;1;0;1;76;3;70;5;7;0;0;0;0;0;0;0;0;0;0;0;0;0;0;0;0;0;0;0;0;0;0;0;0;0;0;0;0
02.02.2024;13:16;A 95;1;0;100;2;4;0;0;0;100;2;64;0;100;13;19;2;59;5;94;1;27;10;59;0;0;1;73;3;34;10;9;0;0;0;0;0;0;0;0;0;0;0;0;0;0;0;0;0;0;0;0;0;0;0;0;0;0;0;0
02.02.2024;13:15;A 95;1;0;100;0;69;2;5;2;79;3;72;5;66;15;31;1;56;2;60;1;3;7;14;1;2;4;53;6;8;4;3;0;0;0;0;0;0;0;0;0;0;0;0;0;0;0;0;0;0;0;0;0;0;0;0;0;0;0;0
02.02.2024;13:14;A 95;1;2;32;4;9;3;4;0;27;2;19;1;5;13;31;2;2;3;76;2;6;6;7;0;0;1;85;7;62;2;2;0;0;0;0;0;0;0;0;0;0;0;0;0;0;0;0;0;0;0;0;0;0;0;0;0;0;0;0
02.02.2024;13:13;A 95;1;2;6;2;2;3;7;2;4;2;2;3;4;12;23;3;3;4;59;2;3;5;5;0;0;2;69;4;57;7;6;1;1;0;0;0;0;0;0;0;0;0;0;0;0;0;0;0;0;0;0;0;0;0;0;0;0;0;0
02.02.2024;13:12;A 95;1;4;61;4;7;4;8;6;26;7;11;6;16;10;10;1;1;7;48;1;2;7;6;0;0;3;53;7;22;5;4;0;0;2;3;0;0;0;0;0;0;0;0;0;0;0;0;0;0;0;0;0;0;0;0;0;0;0;0
02.02.2024;13:11;A 95;1;2;52;5;39;2;42;3;36;7;17;8;15;12;18;2;58;0;0;2;63;1;0;0;0;1;76;4;26;2;1;0;0;0;0;0;0;0;0;0;0;0;0;0;0;0;0;0;0;0;0;0;0;0;0;0;0;0;0
02.02.2024;13:10;A 95;1;7;26;9;15;8;16;2;5;2;2;1;1;12;19;1;3;3;60;1;3;5;3;0;0;4;75;7;13;5;3;0;0;0;0;0;0;0;0;0;0;0;0;0;0;0;0;0;0;0;0;0;0;0;0;0;0;0;0
02.02.2024;13:09;A 95;1;1;72;1;1;2;3;4;95;7;83;4;85;12;20;2;1;5;23;1;1;7;8;0;0;6;40;7;7;4;3;2;3;2;3;0;0;0;0;0;0;0;0;0;0;0;0;0;0;0;0;0;0;0;0;0;0;0;0
02.02.2024;13:08;A 95;1;3;65;3;5;3;6;4;75;7;57;8;68;11;39;0;0;2;11;0;0;3;5;1;5;2;42;4;7;2;1;0;0;0;0;0;0;0;0;0;0;0;0;0;0;0;0;0;0;0;0;0;0;0;0;0;0;0;0
02.02.2024;13:07;A 95;1;1;4;1;1;1;2;1;2;1;1;1;1;13;18;3;18;5;57;2;15;5;4;0;0;3;79;6;55;5;4;1;1;0;0;0;0;1;1;0;0;0;0;0;0;0;0;0;0;0;0;0;0;0;0;0;0;0;0
02.02.2024;13:06;A 95;1;2;77;4;63;3;7;1;31;2;24;2;4;16;15;3;3;5;54;3;8;6;6;1;0;3;48;7;13;7;7;1;1;0;0;0;0;0;0;0;0;0;0;0;0;0;0;0;0;0;0;0;0;0;0;0;0;0;0
02.02.2024;13:05;A 95;1;3;48;5;34;4;7;5;42;6;8;5;8;13;20;3;2;3;10;0;0;4;4;3;2;2;13;2;3;0;0;0;0;0;0;0;0;1;1;0;0;0;0;0;0;0;0;0;0;0;0;0;0;0;0;0;0;0;0
02.02.2024;13:04;A 95;1;2;33;4;26;5;10;3;17;5;7;4;13;14;24;4;3;5;65;1;2;9;45;0;0;2;61;7;42;11;11;1;1;0;0;0;0;0;0;0;0;0;0;0;0;0;0;0;0;0;0;0;0;0;0;0;0;0;0
02.02.2024;13:03;A 95;1;3;53;5;11;6;15;2;47;5;28;7;21;24;64;4;10;9;60;3;27;12;23;2;2;6;65;11;21;11;11;0;0;0;0;0;0;0;0;0;0;0;0;0;0;0;0;0;0;0;0;0;0;0;0;0;0;0;0
02.02.2024;13:02;A 95;1;1;41;4;29;1;34;1;31;3;20;1;1;12;50;0;0;0;97;0;0;7;12;0;0;1;99;2;82;1;0;1;1;1;1;0;0;0;0;0;0;0;0;0;0;0;0;0;0;0;0;0;0;0;0;0;0;0;0
02.02.2024;13:01;A 95;1;1;31;3;25;6;30;5;60;9;21;5;34;24;16;5;8;4;80;1;7;5;11;0;0;1;76;5;21;3;2;0;0;0;0;0;0;0;0;0;0;0;0;0;0;0;0;0;0;0;0;0;0;0;0;0;0;0;0
02.02.2024;13:00;A 95;1;2;4;1;1;2;4;1;72;2;69;4;69;13;7;6;33;6;34;4;43;10;14;0;0;6;38;8;13;9;8;0;0;0;0;0;0;0;0;0;0;0;0;0;0;0;0;0;0;0;0;0;0;0;0;0;0;0;0
02.02.2024;12:59;A 95;1;4;52;5;36;4;39;5;61;11;35;10;24;9;11;1;0;2;2;0;0;2;1;0;0;3;61;4;6;3;2;0;0;0;0;1;1;0;0;0;0;0;0;0;0;0;0;0;0;0;0;0;0;0;0;0;0;0;0
02.02.2024;12:58;A 95;1;2;69;7;11;3;13;3;27;8;12;4;21;10;6;7;49;1;83;3;63;6;48;0;0;3;62;3;4;6;5;0;0;0;0;0;0;0;0;0;0;0;0;0;0;0;0;0;0;0;0;0;0;0;0;0;0;0;0
02.02.2024;12:57;A 95;1;1;88;2;71;5;37;1;96;2;60;4;56;20;29;1;1;5;47;1;2;6;7;1;4;2;9;2;2;5;5;0;0;0;0;0;0;0;0;0;0;0;0;0;0;0;0;0;0;0;0;0;0;0;0;0;0;0;0
02.02.2024;12:56;A 95;1;5;43;6;28;3;34;2;39;6;20;6;18;11;9;3;5;4;70;2;7;5;8;0;0;3;19;3;3;2;2;0;0;0;0;0;0;0;0;0;0;0;0;0;0;0;0;0;0;0;0;0;0;0;0;0;0;0;0
02.02.2024;12:55;A 95;1;2;54;5;28;7;20;5;26;5;7;5;6;8;10;2;2;5;60;2;4;6;6;0;0;1;70;6;35;7;5;0;0;0;0;0;0;0;0;0;0;0;0;0;0;0;0;0;0;0;0;0;0;0;0;0;0;0;0
02.02.2024;12:54;A 95;1;3;38;3;21;3;6;2;79;6;68;7;67;18;35;2;3;4;59;2;6;12;16;0;0;9;41;11;12;10;9;0;0;0;0;0;0;0;0;0;0;0;0;0;0;0;0;0;0;0;0;0;0;0;0;0;0;0;0
02.02.2024;12:53;A 95;1;3;7;3;3;3;5;1;40;4;24;1;1;9;7;0;0;3;78;0;0;4;5;0;0;2;76;2;3;0;0;0;0;0;0;0;0;0;0;0;0;0;0;0;0;0;0;0;0;0;0;0;0;0;0;0;0;0;0
02.02.2024;12:52;A 95;1;0;0;0;0;0;0;5;76;9;42;9;26;17;21;5;6;4;15;4;10;6;7;0;0;2;11;2;2;6;5;1;1;0;0;0;0;0;0;0;0;0;0;0;0;0;0;0;0;0;0;0;0;0;0;0;0;0;0
02.02.2024;12:51;A 95;1;2;45;4;8;2;7;1;62;6;42;5;52;23;32;2;1;3;60;1;2;6;39;0;0;2;55;7;35;11;11;0;0;0;0;0;0;0;0;0;0;0;0;0;0;0;0;0;0;0;0;0;0;0;0;0;0;0;0
02.02.2024;12:50;A 95;1;0;56;0;52;0;0;7;81;10;64;5;76;8;10;0;0;2;53;0;0;6;29;1;7;0;100;0;100;2;1;0;0;0;0;0;0;0;0;0;0;0;0;0;0;0;0;0;0;0;0;0;0;0;0;0;0;0;0
02.02.2024;12:49;A 95;1;4;18;6;10;6;13;5;57;8;44;12;47;18;9;2;75;4;83;1;11;5;4;0;0;0;100;5;63;5;4;0;0;0;0;0;0;0;0;0;0;0;0;0;0;0;0;0;0;0;0;0;0;0;0;0;0;0;0
02.02.2024;12:48;A 95;1;1;44;3;31;2;9;0;80;1;6;0;0;12;13;2;48;6;38;1;7;9;8;0;0;3;46;5;8;6;8;1;1;0;0;0;0;0;0;0;0;0;0;0;0;0;0;0;0;0;0;0;0;0;0;0;0;0;0
02.02.2024;12:47;A 95;1;2;42;2;26;3;2;0;100;3;43;2;7;22;11;3;10;4;26;1;5;6;10;0;0;3;95;9;74;6;4;1;1;0;0;0;0;0;0;0;0;0;0;0;0;0;0;0;0;0;0;0;0;0;0;0;0;0;0
02.02.2024;12:46;A 95;1;2;43;4;5;2;3;4;10;4;6;6;10;11;12;4;53;4;42;3;12;5;5;2;1;1;29;6;15;4;3;0;0;0;0;0;0;0;0;0;0;0;0;0;0;0;0;0;0;0;0;0;0;0;0;0;0;0;0
02.02.2024;12:45;A 95;1;4;11;2;5;4;4;4;60;6;39;6;8;14;20;5;55;7;34;5;19;7;8;0;0;1;23;4;9;5;4;0;0;0;0;0;0;0;0;0;0;0;0;0;0;0;0;0;0;0;0;0;0;0;0;0;0;0;0
02.02.2024;12:44;A 95;1;2;60;5;46;3;19;12;56;7;38;2;49;4;4;0;0;0;0;0;0;0;0;0;0;3;70;4;6;1;0;0;0;0;0;0;0;0;0;0;0;0;0;0;0;0;0;0;0;0;0;0;0;0;0;0;0;0;0
02.02.2024;12:43;A 95;1;4;43;5;29;7;17;2;49;3;25;4;7;8;10;2;2;5;25;1;1;5;5;0;0;4;19;6;6;4;3;0;0;0;0;0;0;0;0;0;0;0;0;0;0;0;0;0;0;0;0;0;0;0;0;0;0;0;0
02.02.2024;12:42;A 95;1;2;24;3;6;5;9;4;36;7;18;7;16;18;15;5;26;4;66;2;36;8;32;0;0;2;29;3;5;11;14;0;0;0;0;0;0;0;0;0;0;0;0;0;0;0;0;0;0;0;0;0;0;0;0;0;0;0;0
02.02.2024;12:41;A 95;1;1;86;5;71;3;52;1;76;3;67;3;10;16;19;1;39;1;99;2;29;5;33;1;15;2;64;3;4;1;1;0;0;0;0;0;0;0;0;0;0;0;0;0;0;0;0;0;0;0;0;0;0;0;0;0;0;0;0
02.02.2024;12:40;A 95;1;2;61;3;10;4;7;2;16;3;12;3;6;18;20;5;64;4;82;5;63;10;17;1;8;1;50;6;26;9;10;0;0;0;0;0;0;0;0;0;0;0;0;0;0;0;0;0;0;0;0;0;0;0;0;0;0;0;0
02.02.2024;12:39;A 95;1;1;92;6;55;5;38;0;96;6;47;4;44;27;44;2;22;3;42;1;26;7;11;0;0;2;39;8;18;6;6;0;0;0;0;0;0;0;0;0;0;0;0;0;0;0;0;0;0;0;0;0;0;0;0;0;0;0;0
02.02.2024;12:38;A 95;1;4;15;4;5;5;9;3;55;9;36;3;42;16;12;0;0;1;8;0;0;1;1;0;0;3;90;4;74;0;0;0;0;0;0;0;0;0;0;0;0;0;0;0;0;0;0;0;0;0;0;0;0;0;0;0;0;0;0
02.02.2024;12:37;A 95;1;1;4;1;1;0;0;2;78;3;78;5;29;10;13;4;4;5;27;2;8;11;9;0;0;2;45;3;35;10;10;0;0;0;0;0;0;0;0;0;0;0;0;0;0;0;0;0;0;0;0;0;0;0;0;0;0;0;0
02.02.2024;12:36;A 95;1;0;0;0;0;0;0;2;68;4;58;5;68;15;18;6;25;2;57;6;28;8;14;0;0;3;77;7;53;9;9;0;0;0;0;1;1;0;0;0;0;0;0;0;0;0;0;0;0;0;0;0;0;0;0;0;0;0;0
02.02.2024;12:35;A 95;1;6;52;9;39;6;42;16;36;11;14;11;19;7;15;2;1;1;93;0;0;5;9;0;0;1;84;3;63;0;0;0;0;0;0;0;0;0;0;0;0;0;0;0;0;0;0;0;0;0;0;0;0;0;0;0;0;0;0
02.02.2024;12:34;A 95;1;2;39;3;36;4;36;1;5;1;2;2;5;22;13;3;5;5;13;3;7;8;6;0;0;5;40;9;12;5;4;0;0;0;0;0;0;0;0;0;0;0;0;0;0;0;0;0;0;0;0;0;0;0;0;0;0;0;0
02.02.2024;12:33;A 95;1;2;55;4;11;2;8;1;35;2;22;2;4;27;22;0;1;3;9;0;0;5;4;0;0;2;57;5;42;5;4;1;1;1;2;0;0;0;0;0;0;0;0;0;0;0;0;0;0;0;0;0;0;0;0;0;0;0;0
02.02.2024;12:32;A 95;1;3;28;4;13;4;5;4;37;8;20;4;23;14;12;3;3;2;5;3;6;3;2;2;0;1;93;5;9;1;1;0;0;0;0;0;0;0;0;0;0;0;0;0;0;0;0;0;0;0;0;0;0;0;0;0;0;0;0
02.02.2024;12:31;A 95;1;3;93;4;76;5;8;2;95;4;81;5;10;21;16;5;9;9;39;3;9;10;13;0;0;4;95;10;50;7;5;0;0;0;0;1;1;0;0;0;0;0;0;0;0;0;0;0;0;0;0;0;0;0;0;0;0;0;0
02.02.2024;12:30;A 95;1;0;0;0;0;3;4;1;1;1;0;2;2;13;22;2;47;3;15;1;9;5;5;0;0;1;99;11;28;6;5;1;1;0;0;0;0;1;1;0;0;0;0;0;0;0;0;0;0;0;0;0;0;0;0;0;0;0;0
02.02.2024;12:29;A 95;1;2;48;4;10;3;7;1;95;2;86;1;2;61;14;3;39;2;10;3;13;2;2;1;22;0;100;6;33;2;2;0;0;0;0;0;0;0;0;0;0;0;0;0;0;0;0;0;0;0;0;0;0;0;0;0;0;0;0
02.02.2024;12:28;A 95;1;2;56;3;7;5;10;2;61;5;10;7;21;26;6;5;20;9;20;2;18;4;4;0;0;1;99;5;85;6;5;1;1;2;3;0;0;4;6;0;0;0;0;0;0;0;0;0;0;0;0;0;0;0;0;0;0;0;0
02.02.2024;12:27;A 95;1;3;38;2;19;2;9;5;46;8;23;7;33;39;21;0;0;4;38;0;0;8;13;0;0;2;57;7;24;8;7;0;0;0;0;1;1;1;1;0;0;0;0;0;0;0;0;0;0;0;0;0;0;0;0;0;0;0;0
02.02.2024;12:26;A 95;1;5;31;6;9;6;12;6;62;11;19;10;26;47;10;2;1;1;86;0;0;4;9;1;0;2;90;4;30;0;0;0;0;0;0;0;0;0;0;0;0;0;0;0;0;0;0;0;0;0;0;0;0;0;0;0;0;0;0
02.02.2024;12:25;A 95;1;2;6;2;2;3;3;3;57;5;31;5;16;100;23;3;61;3;9;1;71;3;3;0;0;4;12;4;3;4;3;0;0;0;0;0;0;0;0;0;0;0;0;0;0;0;0;0;0;0;0;0;0;0;0;0;0;0;0
02.02.2024;12:24;A 95;1;2;15;3;2;2;3;5;34;8;21;6;34;85;25;1;70;0;87;2;4;4;73;1;0;1;69;3;6;8;7;0;0;0;0;0;0;0;0;0;0;0;0;0;0;0;0;0;0;0;0;0;0;0;0;0;0;0;0
02.02.2024;12:23;A 95;1;3;38;7;12;3;11;2;18;3;12;5;12;91;41;2;29;4;47;2;10;10;12;0;0;3;11;3;3;6;6;0;0;0;0;0;0;0;0;0;0;0;0;0;0;0;0;0;0;0;0;0;0;0;0;0;0;0;0
02.02.2024;12:22;A 95;1;0;100;3;7;1;7;2;93;5;30;4;13;102;28;1;1;4;20;1;2;6;5;1;2;6;24;7;7;5;4;0;0;0;0;1;1;0;0;0;0;0;0;0;0;0;0;0;0;0;0;0;0;0;0;0;0;0;0
02.02.2024;12:21;A 95;1;3;94;6;78;7;85;4;54;4;12;5;12;76;27;4;10;2;32;2;13;5;5;0;0;3;49;4;8;4;3;0;0;0;0;0;0;0;0;0;0;0;0;0;0;0;0;0;0;0;0;0;0;0;0;0;0;0;0
02.02.2024;12:20;A 95;1;1;77;7;48;4;23;6;83;9;64;9;60;90;25;2;3;2;58;1;6;2;2;0;0;0;100;5;36;3;3;0;0;0;0;0;0;0;0;0;0;0;0;0;0;0;0;0;0;0;0;0;0;0;0;0;0;0;0
02.02.2024;12:19;A 95;1;3;33;4;5;5;9;5;27;6;17;7;12;68;60;0;0;4;67;0;0;10;11;0;0;0;100;6;88;14;14;0;0;0;0;1;1;0;0;0;0;0;0;0;0;0;0;0;0;0;0;0;0;0;0;0;0;0;0
02.02.2024;12:18;A 95;1;2;64;4;39;4;28;3;47;4;38;3;5;139;30;1;22;1;88;1;3;7;51;1;3;0;100;3;82;1;0;0;0;0;0;0;0;1;1;0;0;0;0;0;0;0;0;0;0;0;0;0;0;0;0;0;0;0;0
02.02.2024;12:17;A 95;1;4;22;6;10;4;9;1;20;4;8;4;13;158;53;1;1;1;77;1;2;4;52;1;2;3;76;3;3;6;5;1;1;1;1;0;0;0;0;0;0;0;0;0;0;0;0;0;0;0;0;0;0;0;0;0;0;0;0
02.02.2024;12:16;A 95;1;1;43;3;37;5;10;4;72;7;18;8;15;202;46;2;1;4;82;1;2;10;13;0;0;3;63;7;12;9;7;2;3;3;5;0;0;0;0;0;0;0;0;0;0;0;0;0;0;0;0;0;0;0;0;0;0;0;0
02.02.2024;12:15;A 95;1;1;4;1;1;1;1;0;83;2;43;2;7;130;30;5;30;3;41;2;35;4;4;0;0;2;21;5;5;4;3;0;0;0;0;0;0;0;0;0;0;0;0;0;0;0;0;0;0;0;0;0;0;0;0;0;0;0;0
02.02.2024;12:14;A 95;1;2;6;2;3;3;7;1;95;3;57;2;4;142;37;2;90;2;61;1;96;5;15;0;0;1;99;8;77;4;4;1;1;0;0;0;0;0;0;0;0;0;0;0;0;0;0;0;0;0;0;0;0;0;0;0;0;0;0
02.02.2024;12:13;A 95;1;4;55;3;4;3;6;2;7;3;3;2;2;165;28;4;43;5;48;1;57;6;7;0;0;3;96;3;73;5;4;0;0;0;0;0;0;0;0;0;0;0;0;0;0;0;0;0;0;0;0;0;0;0;0;0;0;0;0
02.02.2024;12:12;A 95;1;1;43;5;38;3;7;6;56;13;34;11;42;143;29;1;89;2;65;1;94;3;5;0;12;1;72;3;50;0;0;1;1;0;0;0;0;0;0;0;0;0;0;0;0;0;0;0;0;0;0;0;0;0;0;0;0;0;0
02.02.2024;12:11;A 95;1;2;7;2;3;4;7;4;13;4;5;3;5;136;35;2;4;4;17;2;5;4;4;1;15;1;92;7;70;7;9;0;0;1;1;0;0;0;0;0;0;0;0;0;0;0;0;0;0;0;0;0;0;0;0;0;0;0;0
02.02.2024;12:10;A 95;1;2;3;2;1;2;2;6;23;7;10;6;9;103;36;2;2;4;90;1;5;5;11;0;0;2;95;7;78;4;5;1;1;1;1;0;0;0;0;0;0;0;0;0;0;0;0;0;0;0;0;0;0;0;0;0;0;0;0
02.02.2024;12:09;A 95;1;4;10;5;5;4;8;3;24;6;8;5;9;110;29;2;2;2;32;1;2;4;4;0;0;4;64;5;26;2;2;0;0;0;0;0;0;0;0;0;0;0;0;0;0;0;0;0;0;0;0;0;0;0;0;0;0;0;0
02.02.2024;12:08;A 95;1;1;4;1;1;2;1;3;9;2;3;3;4;116;33;3;3;1;4;2;4;2;1;0;0;1;41;3;16;2;1;0;0;0;0;0;0;0;0;0;0;0;0;0;0;0;0;0;0;0;0;0;0;0;0;0;0;0;0
02.02.2024;12:07;A 95;1;1;30;2;3;2;3;4;52;9;32;9;39;167;39;2;0;2;40;0;0;5;7;1;5;3;34;4;5;6;6;0;0;0;0;0;0;0;0;0;0;0;0;0;0;0;0;0;0;0;0;0;0;0;0;0;0;0;0
02.02.2024;12:06;A 95;1;0;77;2;69;2;7;1;93;9;42;5;64;146;43;2;14;6;43;2;18;7;7;0;0;7;12;2;2;7;6;0;0;0;0;0;0;0;0;0;0;0;0;0;0;0;0;0;0;0;0;0;0;0;0;0;0;0;0
02.02.2024;12:05;A 95;1;3;32;4;6;4;8;6;38;6;9;6;12;143;30;3;85;3;7;0;94;2;2;0;0;4;28;4;4;3;6;0;0;0;0;0;0;1;1;0;0;0;0;0;0;0;0;0;0;0;0;0;0;0;0;0;0;0;0
02.02.2024;12:04;A 95;1;6;25;7;12;7;15;2;4;2;1;2;1;180;40;1;1;2;67;2;8;5;12;0;0;0;100;4;9;6;7;0;0;0;0;0;0;0;0;0;0;0;0;0;0;0;0;0;0;0;0;0;0;0;0;0;0;0;0
02.02.2024;12:03;A 95;1;1;34;4;11;2;6;3;32;5;10;5;17;189;36;3;9;5;87;1;14;8;9;0;0;3;59;5;9;6;5;0;0;1;1;0;0;0;0;0;0;0;0;0;0;0;0;0;0;0;0;0;0;0;0;0;0;0;0
02.02.2024;12:02;A 95;1;2;34;3;10;5;9;8;20;7;10;6;9;147;32;2;3;4;32;2;5;7;9;0;0;2;65;5;21;5;4;0;0;0;0;0;0;0;0;0;0;0;0;0;0;0;0;0;0;0;0;0;0;0;0;0;0;0;0
02.02.2024;12:01;A 95;1;0;78;0;0;0;0;2;72;3;42;3;6;139;32;1;1;4;42;1;2;5;4;1;1;2;5;2;1;4;3;0;0;0;0;0;0;2;3;0;0;0;0;0;0;0;0;0;0;0;0;0;0;0;0;0;0;0;0
02.02.2024;12:00;A 95;1;4;34;5;12;3;10;1;59;2;36;3;6;167;47;4;9;4;54;2;8;5;35;0;0;3;60;6;8;3;2;0;0;0;0;0;0;0;0;0;0;0;0;0;0;0;0;0;0;0;0;0;0;0;0;0;0;0;0
02.02.2024;11:59;A 95;1;0;0;0;0;0;0;5;21;6;6;6;9;204;44;2;10;1;5;1;12;3;3;1;3;2;38;3;4;1;0;0;0;0;0;0;0;0;0;0;0;0;0;0;0;0;0;0;0;0;0;0;0;0;0;0;0;0;0
02.02.2024;11:58;A 95;1;2;9;3;3;4;6;4;8;4;4;4;5;209;55;2;59;1;3;2;12;1;0;0;0;4;29;4;5;0;0;1;1;0;0;0;0;0;0;0;0;0;0;0;0;0;0;0;0;0;0;0;0;0;0;0;0;0;0
02.02.2024;11:57;A 95;1;1;30;2;5;2;5;0;44;4;34;2;27;196;52;2;3;4;35;2;6;4;5;0;0;1;81;6;64;4;3;1;1;0;0;0;0;0;0;0;0;0;0;0;0;0;0;0;0;0;0;0;0;0;0;0;0;0;0
02.02.2024;11:56;A 95;1;3;15;3;6;3;5;2;59;4;20;5;8;184;46;3;74;2;67;1;75;2;1;0;0;2;51;4;7;4;3;0;0;0;0;1;1;0;0;0;0;0;0;0;0;0;0;0;0;0;0;0;0;0;0;0;0;0;0
02.02.2024;11:55;A 95;1;2;48;6;38;5;11;1;17;3;6;3;5;149;49;3;60;4;70;3;66;8;34;0;0;2;32;3;5;8;6;0;0;0;0;0;0;0;0;0;0;0;0;0;0;0;0;0;0;0;0;0;0;0;0;0;0;0;0
02.02.2024;11:54;A 95;1;3;7;4;4;5;9;5;17;7;8;6;11;173;59;3;34;4;80;3;42;7;9;0;0;1;59;3;47;5;5;0;0;0;0;0;0;0;0;0;0;0;0;0;0;0;0;0;0;0;0;0;0;0;0;0;0;0;0
02.02.2024;11:53;A 95;1;4;9;4;4;4;6;6;22;7;11;9;16;144;43;1;1;5;64;1;2;5;5;0;0;3;60;5;11;7;5;1;1;1;1;0;0;0;0;0;0;0;0;0;0;0;0;0;0;0;0;0;0;0;0;0;0;0;0
02.02.2024;11:52;A 95;1;6;36;6;13;6;8;4;19;5;8;6;8;167;48;3;4;2;55;2;3;4;5;0;0;3;73;6;6;1;2;1;1;0;0;0;0;0;0;0;0;0;0;0;0;0;0;0;0;0;0;0;0;0;0;0;0;0;0
02.02.2024;11:51;A 95;1;2;4;1;1;0;0;2;11;2;2;2;2;122;43;2;63;5;25;2;8;5;7;0;0;4;97;7;18;7;6;1;1;0;0;0;0;0;0;0;0;0;0;0;0;0;0;0;0;0;0;0;0;0;0;0;0;0;0
02.02.2024;11:50;A 95;1;3;34;5;24;6;10;5;53;10;34;8;26;151;60;2;2;3;75;1;2;7;9;0;0;2;62;5;13;1;0;0;0;0;0;0;0;0;0;0;0;0;0;0;0;0;0;0;0;0;0;0;0;0;0;0;0;0;0
02.02.2024;11:49;A 95;1;1;63;3;21;3;9;2;36;4;17;7;13;29;87;3;60;3;37;2;53;5;6;1;0;1;44;4;24;5;4;0;0;0;0;0;0;0;0;0;0;0;0;0;0;0;0;0;0;0;0;0;0;0;0;0;0;0;0
02.02.2024;11:48;A 95;1;2;55;3;13;3;6;1;69;3;14;3;5;130;60;3;7;4;17;3;12;6;6;2;6;5;79;7;58;4;3;0;0;1;1;0;0;1;1;0;0;0;0;0;0;0;0;0;0;0;0;0;0;0;0;0;0;0;0
02.02.2024;11:47;A 95;1;2;30;2;3;2;4;4;47;8;13;4;11;184;53;3;38;4;33;1;4;5;10;1;3;2;96;5;72;4;5;0;0;0;0;2;3;1;1;0;0;0;0;0;0;0;0;0;0;0;0;0;0;0;0;0;0;0;0
02.02.2024;11:46;A 95;1;1;61;2;30;3;4;0;100;1;94;4;16;160;66;1;20;2;22;0;23;2;10;0;0;6;49;7;18;7;7;0;0;0;0;0;0;0;0;0;0;0;0;0;0;0;0;0;0;0;0;0;0;0;0;0;0;0;0
02.02.2024;11:45;A 95;1;3;7;3;2;2;2;7;45;11;19;11;24;133;49;1;56;1;67;1;64;9;36;0;0;1;99;8;78;8;8;0;0;0;0;0;0;0;0;0;0;0;0;0;0;0;0;0;0;0;0;0;0;0;0;0;0;0;0
02.02.2024;11:44;A 95;1;4;8;3;4;3;5;2;4;2;2;2;4;160;50;2;70;0;100;2;7;6;15;0;0;0;100;5;88;7;6;0;0;0;0;1;1;0;0;0;0;0;0;0;0;0;0;0;0;0;0;0;0;0;0;0;0;0;0
02.02.2024;11:43;A 95;1;2;5;2;5;1;2;3;31;5;18;5;8;188;59;0;0;1;98;0;0;5;6;0;0;0;100;2;93;0;0;1;1;1;1;0;0;0;0;0;0;0;0;0;0;0;0;0;0;0;0;0;0;0;0;0;0;0;0
02.02.2024;11:42;A 95;1;5;9;4;4;6;8;5;29;5;17;5;8;180;54;1;1;3;69;0;0;7;11;1;14;0;100;7;63;4;4;1;1;10;16;0;0;0;0;4;2;0;0;0;0;0;0;0;0;0;0;0;0;0;0;0;0;0;0
02.02.2024;11:41;A 95;1;0;2;0;0;0;0;2;29;3;22;3;8;155;53;4;2;3;54;2;7;5;21;0;0;3;64;3;3;9;10;0;0;5;8;0;0;0;0;0;0;0;0;0;0;0;0;0;0;0;0;0;0;0;0;0;0;0;0
02.02.2024;11:40;A 95;1;2;93;5;58;3;43;3;33;7;19;5;12;193;50;1;1;3;71;1;3;7;8;0;0;1;99;8;34;4;4;2;3;17;28;1;1;1;1;0;0;0;0;0;0;0;0;0;0;0;0;0;0;0;0;0;0;0;0
02.02.2024;11:39;A 95;1;2;83;6;50;8;41;2;47;5;14;4;11;172;45;2;25;3;75;2;23;8;12;0;0;1;77;3;67;11;12;0;0;0;0;0;0;0;0;0;0;0;0;0;0;0;0;0;0;0;0;0;0;0;0;0;0;0;0
02.02.2024;11:38;A 95;1;4;12;4;5;5;6;9;22;10;11;12;18;80;62;1;69;3;26;1;6;5;9;0;0;1;85;4;57;3;2;0;0;0;0;0;0;0;0;0;0;0;0;0;0;0;0;0;0;0;0;0;0;0;0;0;0;0;0
02.02.2024;11:37;A 95;1;0;85;5;51;3;29;5;14;4;7;4;12;188;52;1;3;2;37;1;14;3;4;2;3;2;50;5;7;1;0;0;0;0;0;0;0;0;0;0;0;0;0;0;0;0;0;0;0;0;0;0;0;0;0;0;0;0;0
02.02.2024;11:36;A 95;1;5;63;5;9;8;14;0;24;4;10;2;3;213;62;2;5;4;45;2;7;5;5;0;0;2;33;3;19;3;2;2;3;0;0;0;0;0;0;0;0;0;0;0;0;0;0;0;0;0;0;0;0;0;0;0;0;0;0
02.02.2024;11:35;A 95;1;1;4;1;1;0;0;3;12;4;4;5;15;208;64;3;6;1;52;3;8;1;0;0;0;3;70;6;30;3;2;1;1;0;0;0;0;0;0;0;0;0;0;0;0;0;0;0;0;0;0;0;0;0;0;0;0;0;0
02.02.2024;11:34;A 95;1;2;14;2;3;2;4;2;37;5;27;4;7;108;39;3;3;2;57;2;4;6;7;0;0;6;25;5;5;5;4;0;0;1;1;0;0;0;0;0;0;0;0;0;0;0;0;0;0;0;0;0;0;0;0;0;0;0;0
02.02.2024;11:33;A 95;1;1;62;3;4;2;1;3;5;3;2;3;3;139;45;3;3;2;39;1;6;4;5;0;0;1;24;2;4;3;2;0;0;0;0;0;0;0;0;0;0;0;0;0;0;0;0;0;0;0;0;0;0;0;0;0;0;0;0
02.02.2024;11:32;A 95;1;2;31;2;2;2;2;2;5;2;2;2;2;137;54;4;38;4;76;2;18;8;8;0;0;2;56;3;4;6;6;0;0;0;0;0;0;0;0;0;0;0;0;0;0;0;0;0;0;0;0;0;0;0;0;0;0;0;0
02.02.2024;11:31;A 95;1;7;20;9;12;9;19;10;43;12;14;11;17;84;66;2;76;2;33;2;7;4;8;0;0;2;17;2;4;1;1;0;0;0;0;0;0;0;0;0;0;0;0;0;0;0;0;0;0;0;0;0;0;0;0;0;0;0;0
02.02.2024;11:30;A 95;1;2;23;1;2;1;1;0;0;0;0;0;0;138;54;4;10;6;44;2;15;7;7;0;0;3;10;3;3;7;6;1;1;2;3;1;1;0;0;0;0;0;0;0;0;0;0;0;0;0;0;0;0;0;0;0;0;0;0
02.02.2024;11:29;A 95;1;0;43;2;20;2;6;4;45;6;35;5;43;151;52;1;1;5;16;1;3;5;5;1;21;2;75;6;25;3;2;0;0;0;0;1;2;1;1;0;0;0;0;0;0;0;0;0;0;0;0;0;0;0;0;0;0;0;0
02.02.2024;11:28;A 95;1;1;21;1;10;2;8;3;22;4;11;2;25;177;54;2;4;6;28;2;4;6;8;0;0;2;73;4;17;6;5;0;0;0;0;3;4;0;0;0;0;0;0;0;0;0;0;0;0;0;0;0;0;0;0;0;0;0;0
02.02.2024;11:27;A 95;1;1;31;3;21;3;11;3;48;5;17;3;22;151;41;2;2;1;65;1;2;3;2;0;0;0;100;5;64;3;3;0;0;0;0;0;0;1;1;0;0;0;0;0;0;0;0;0;0;0;0;0;0;0;0;0;0;0;0
02.02.2024;11:26;A 95;1;0;100;2;30;2;4;0;100;1;3;4;7;68;54;0;0;2;19;0;0;2;2;1;14;2;40;3;4;2;2;0;0;0;0;0;0;0;0;0;0;0;0;0;0;0;0;0;0;0;0;0;0;0;0;0;0;0;0
02.02.2024;11:25;A 95;1;2;21;2;3;2;3;5;28;7;12;6;10;176;46;3;4;4;70;2;5;5;4;1;0;1;19;2;5;4;3;0;0;0;0;0;0;1;1;0;0;0;0;0;0;0;0;0;0;0;0;0;0;0;0;0;0;0;0
02.02.2024;11:24;A 95;1;3;7;3;3;3;5;2;53;4;11;4;8;159;46;3;68;2;33;2;10;7;6;0;0;1;88;4;72;3;3;1;1;0;0;0;0;0;0;0;0;0;0;0;0;0;0;0;0;0;0;0;0;0;0;0;0;0;0
02.02.2024;11:23;A 95;1;1;7;1;3;3;4;3;48;6;14;6;9;181;46;1;1;3;78;2;2;7;8;0;0;2;99;3;7;3;3;1;1;1;1;0;0;0;0;0;0;0;0;0;0;0;0;0;0;0;0;0;0;0;0;0;0;0;0
02.02.2024;11:22;A 95;1;3;34;4;21;2;4;0;26;4;17;3;12;186;46;3;68;3;16;1;4;4;7;1;0;4;68;5;33;3;3;0;0;0;0;0;0;0;0;0;0;0;0;0;0;0;0;0;0;0;0;0;0;0;0;0;0;0;0
02.02.2024;11:21;A 95;1;2;38;4;18;6;11;1;94;2;91;2;11;189;42;1;24;0;0;1;27;0;0;0;0;4;45;9;21;1;1;0;0;0;0;0;0;1;1;0;0;0;0;0;0;0;0;0;0;0;0;0;0;0;0;0;0;0;0
02.02.2024;11:20;A 95;1;1;62;3;39;4;7;2;79;5;70;5;34;124;45;3;5;2;10;3;12;2;2;0;0;3;39;2;11;2;1;0;0;0;0;0;0;0;0;0;0;0;0;0;0;0;0;0;0;0;0;0;0;0;0;0;0;0;0
02.02.2024;11:19;A 95;1;2;4;1;1;1;0;0;0;0;0;0;0;183;53;6;8;2;53;5;15;5;6;0;1;1;16;1;5;6;7;1;1;1;1;0;0;0;0;0;0;0;0;0;0;0;0;0;0;0;0;0;0;0;0;0;0;0;0
02.02.2024;11:18;A 95;1;1;3;1;1;1;2;9;23;9;10;9;13;177;45;3;2;3;51;3;4;5;7;1;2;5;27;5;5;5;5;0;0;0;0;0;0;0;0;0;0;0;0;0;0;0;0;0;0;0;0;0;0;0;0;0;0;0;0
02.02.2024;11:17;A 95;1;2;51;2;43;1;0;0;47;0;43;0;0;162;48;2;42;5;47;1;9;7;8;0;0;2;9;2;2;2;1;0;0;2;3;1;1;0;0;0;0;0;0;0;0;0;0;0;0;0;0;0;0;0;0;0;0;0;0
02.02.2024;11:16;A 95;1;1;86;6;41;7;18;2;70;5;42;4;6;148;58;2;4;0;75;1;3;3;59;0;0;6;50;6;17;5;4;0;0;0;0;0;0;0;0;0;0;0;0;0;0;0;0;0;0;0;0;0;0;0;0;0;0;0;0
02.02.2024;11:15;A 95;1;2;26;1;1;1;1;3;37;5;24;4;14;88;64;1;2;2;36;1;3;4;5;0;0;5;56;7;25;1;0;0;0;0;0;0;0;1;1;0;0;0;0;0;0;0;0;0;0;0;0;0;0;0;0;0;0;0;0
02.02.2024;11:14;A 95;1;2;31;2;7;3;5;3;80;4;63;4;5;138;61;3;48;5;38;3;5;9;8;0;0;0;48;1;2;8;12;0;0;1;1;0;0;0;0;0;0;0;0;0;0;0;0;0;0;0;0;0;0;0;0;0;0;0;0
02.02.2024;11:13;A 95;1;1;36;1;2;1;3;2;49;3;36;4;7;159;46;4;83;2;64;2;71;5;42;0;0;4;70;6;7;6;7;0;0;0;0;0;0;0;0;0;0;0;0;0;0;0;0;0;0;0;0;0;0;0;0;0;0;0;0
02.02.2024;11:12;A 95;1;1;2;1;1;1;1;3;40;7;23;7;18;201;47;1;36;2;73;1;38;7;47;0;0;3;52;3;6;5;6;0;0;0;0;0;0;1;1;0;0;0;0;0;0;0;0;0;0;0;0;0;0;0;0;0;0;0;0
02.02.2024;11:11;A 95;1;6;12;6;6;6;8;4;8;4;4;4;6;141;58;3;4;4;50;2;7;6;18;0;0;5;34;2;9;3;2;0;0;0;0;0;0;0;0;0;0;0;0;0;0;0;0;0;0;0;0;0;0;0;0;0;0;0;0
02.02.2024;11:10;A 95;1;1;67;3;58;1;1;3;43;3;4;2;2;154;42;1;74;1;17;1;2;2;2;1;11;2;79;5;39;5;7;1;1;2;3;1;1;1;1;0;0;0;0;0;0;0;0;0;0;0;0;0;0;0;0;0;0;0;0
02.02.2024;11:09;A 95;1;1;96;4;72;2;37;2;23;2;1;2;2;115;68;1;83;2;51;1;85;3;10;1;6;2;83;3;8;1;0;0;0;0;0;0;0;0;0;0;0;0;0;0;0;0;0;0;0;0;0;0;0;0;0;0;0;0;0
02.02.2024;11:08;A 95;1;3;51;3;13;6;26;3;35;8;34;5;31;165;67;4;62;3;70;4;14;3;3;0;0;3;25;3;4;3;3;0;0;0;0;0;0;0;0;0;0;0;0;0;0;0;0;0;0;0;0;0;0;0;0;0;0;0;0
02.02.2024;11:07;A 95;1;1;2;1;0;1;1;2;33;5;15;5;12;183;46;2;67;2;82;1;71;5;7;0;0;1;6;1;1;7;7;2;3;2;3;0;0;0;0;0;0;0;0;0;0;0;0;0;0;0;0;0;0;0;0;0;0;0;0
02.02.2024;11:06;A 95;1;2;57;4;9;5;9;4;45;6;32;7;11;137;53;2;13;5;45;2;17;8;11;1;2;0;38;0;0;6;5;0;0;0;0;0;0;1;1;0;0;0;0;0;0;0;0;0;0;0;0;0;0;0;0;0;0;0;0
02.02.2024;11:05;A 95;1;1;37;5;21;5;8;4;22;6;12;7;12;156;48;1;1;2;19;1;3;1;1;0;0;4;21;4;5;2;1;0;0;0;0;0;0;0;0;0;0;0;0;0;0;0;0;0;0;0;0;0;0;0;0;0;0;0;0
02.02.2024;11:04;A 95;1;2;38;2;5;2;4;3;56;10;34;9;36;176;43;1;1;4;31;1;2;5;5;0;0;3;40;4;18;3;3;1;1;1;1;0;0;0;0;0;0;0;0;0;0;0;0;0;0;0;0;0;0;0;0;0;0;0;0
02.02.2024;11:03;A 95;1;1;12;2;7;3;7;1;69;5;52;4;45;132;45;1;4;3;10;1;7;4;3;0;0;3;66;5;55;1;1;0;0;0;0;0;0;0;0;0;0;0;0;0;0;0;0;0;0;0;0;0;0;0;0;0;0;0;0
02.02.2024;11:02;A 95;1;0;0;0;0;1;1;3;51;5;28;6;10;209;46;1;45;3;72;1;4;4;4;0;0;4;65;3;4;7;6;0;0;0;0;0;0;0;0;0;0;0;0;0;0;0;0;0;0;0;0;0;0;0;0;0;0;0;0
02.02.2024;11:01;A 95;1;2;35;4;21;3;7;2;42;7;15;8;17;151;43;2;3;3;58;1;5;7;14;0;0;1;31;1;3;4;4;2;3;2;3;0;0;0;0;0;0;0;0;0;0;0;0;0;0;0;0;0;0;0;0;0;0;0;0
02.02.2024;11:00;A 95;1;3;13;2;2;2;2;0;17;1;4;0;0;151;37;1;1;2;4;1;3;3;2;0;0;7;33;6;8;3;2;0;0;0;0;0;0;0;0;0;0;0;0;0;0;0;0;0;0;0;0;0;0;0;0;0;0;0;0
02.02.2024;10:59;A 95;1;1;3;1;1;2;3;2;12;2;2;3;4;194;41;4;43;4;21;3;48;5;7;0;0;2;63;5;44;3;2;0;0;0;0;0;0;1;1;0;0;0;0;0;0;0;0;0;0;0;0;0;0;0;0;0;0;0;0
02.02.2024;10:58;A 95;1;0;0;0;0;0;0;1;96;5;41;4;7;176;46;2;58;1;27;2;64;1;16;1;3;2;74;5;41;5;6;0;0;0;0;0;0;1;1;0;0;0;0;0;0;0;0;0;0;0;0;0;0;0;0;0;0;0;0
02.02.2024;10:57;A 95;1;1;2;1;1;1;1;5;63;7;19;7;16;142;48;2;30;4;64;2;35;6;31;0;0;5;23;6;7;5;4;0;0;0;0;0;0;0;0;0;0;0;0;0;0;0;0;0;0;0;0;0;0;0;0;0;0;0;0
02.02.2024;10:56;A 95;1;2;46;2;3;2;3;1;71;3;61;2;4;154;46;2;40;5;68;2;46;8;7;0;0;5;14;5;5;5;4;0;0;0;0;0;0;0;0;0;0;0;0;0;0;0;0;0;0;0;0;0;0;0;0;0;0;0;0
02.02.2024;10:55;A 95;1;2;44;4;30;3;10;5;59;8;43;8;20;231;41;1;5;5;52;0;7;8;8;0;0;3;9;2;2;6;4;0;0;0;0;0;0;0;0;0;0;0;0;0;0;0;0;0;0;0;0;0;0;0;0;0;0;0;0
02.02.2024;10:54;A 95;1;2;13;3;5;4;8;0;54;4;43;3;36;191;58;4;82;1;3;3;27;2;1;0;0;1;84;4;59;2;1;0;0;0;0;1;1;0;0;0;0;0;0;0;0;0;0;0;0;0;0;0;0;0;0;0;0;0;0
02.02.2024;10:53;A 95;1;2;4;2;1;1;1;7;70;12;50;12;18;127;58;2;87;1;82;2;88;4;4;0;0;1;96;5;15;4;3;0;0;2;3;0;0;0;0;0;0;0;0;0;0;0;0;0;0;0;0;0;0;0;0;0;0;0;0
02.02.2024;10:52;A 95;1;2;25;3;15;2;10;0;100;4;92;2;61;118;65;2;28;5;64;1;31;8;29;0;0;3;32;4;5;6;8;0;0;0;0;0;0;0;0;0;0;0;0;0;0;0;0;0;0;0;0;0;0;0;0;0;0;0;0
02.02.2024;10:51;A 95;1;3;31;4;10;5;10;2;70;6;35;6;39;176;60;2;2;1;37;2;4;5;37;0;0;1;4;1;0;0;0;0;0;0;0;0;0;0;0;0;0;0;0;0;0;0;0;0;0;0;0;0;0;0;0;0;0;0;0
02.02.2024;10:50;A 95;1;2;49;3;4;3;3;7;48;9;16;9;35;165;54;1;0;1;36;0;0;5;22;0;0;2;13;2;3;10;10;0;0;0;0;0;0;0;0;0;0;0;0;0;0;0;0;0;0;0;0;0;0;0;0;0;0;0;0
02.02.2024;10:49;A 95;1;0;72;4;10;3;9;1;63;6;46;5;15;176;43;4;14;6;79;3;12;11;34;0;0;1;4;0;0;8;11;0;0;0;0;0;0;0;0;0;0;0;0;0;0;0;0;0;0;0;0;0;0;0;0;0;0;0;0
02.02.2024;10:48;A 95;1;4;11;4;5;5;6;5;13;5;5;5;8;184;51;1;47;1;78;1;5;3;7;0;0;2;15;2;2;0;0;0;0;0;0;0;0;0;0;0;0;0;0;0;0;0;0;0;0;0;0;0;0;0;0;0;0;0;0
02.02.2024;10:47;A 95;1;3;9;3;4;3;4;2;19;5;11;5;10;182;45;0;73;0;0;0;0;0;0;1;5;1;76;4;54;1;1;0;0;0;0;0;0;0;0;0;0;0;0;0;0;0;0;0;0;0;0;0;0;0;0;0;0;0;0
02.02.2024;10:46;A 95;1;4;10;3;4;2;4;1;28;4;8;2;4;176;47;2;7;5;18;2;9;5;4;0;0;3;76;7;53;4;3;0;0;0;0;0;0;0;0;0;0;0;0;0;0;0;0;0;0;0;0;0;0;0;0;0;0;0;0
02.02.2024;10:45;A 95;1;1;3;1;1;2;3;1;33;5;14;7;24;191;56;1;1;6;72;1;2;8;8;0;0;2;10;2;2;11;10;0;0;0;0;0;0;0;0;0;0;0;0;0;0;0;0;0;0;0;0;0;0;0;0;0;0;0;0
02.02.2024;10:44;A 95;1;0;0;0;0;0;0;2;75;6;64;8;75;234;45;1;0;3;58;0;0;6;7;0;0;0;39;1;32;3;2;0;0;0;0;0;0;0;0;0;0;0;0;0;0;0;0;0;0;0;0;0;0;0;0;0;0;0;0
02.02.2024;10:43;A 95;1;2;45;5;18;5;14;1;42;5;43;5;41;185;44;3;12;4;13;2;18;5;4;0;0;3;65;5;46;5;5;0;0;0;0;0;0;1;1;0;0;0;0;0;0;0;0;0;0;0;0;0;0;0;0;0;0;0;0
02.02.2024;10:42;A 95;1;1;3;1;1;1;0;2;56;5;38;4;10;218;43;2;3;2;58;2;6;3;3;1;3;1;8;1;2;2;1;1;1;0;0;0;0;2;4;0;0;0;0;0;0;0;0;0;0;0;0;0;0;0;0;0;0;0;0
02.02.2024;10:41;A 95;1;4;9;4;4;4;6;4;46;6;8;4;25;187;55;2;2;5;55;2;5;6;7;0;0;4;10;3;2;4;3;0;0;0;0;0;0;1;0;0;0;0;0;0;0;0;0;0;0;0;0;0;0;0;0;0;0;0;0
02.02.2024;10:40;A 95;1;0;0;0;0;0;0;5;66;5;23;3;26;202;51;3;7;2;4;2;8;3;3;0;0;2;64;4;5;1;0;1;1;0;0;0;0;0;0;0;0;0;0;0;0;0;0;0;0;0;0;0;0;0;0;0;0;0;0
02.02.2024;10:39;A 95;1;6;19;6;8;5;8;7;13;7;7;9;12;135;41;4;6;2;6;1;7;3;4;0;0;0;86;3;21;3;2;0;0;0;0;0;0;0;0;0;0;0;0;0;0;0;0;0;0;0;0;0;0;0;0;0;0;0;0
02.02.2024;10:38;A 95;1;1;78;2;45;3;7;3;79;4;68;4;10;177;36;1;2;2;7;1;5;2;2;0;0;4;76;5;6;2;1;0;0;0;0;0;0;0;0;0;0;0;0;0;0;0;0;0;0;0;0;0;0;0;0;0;0;0;0
02.02.2024;10:37;A 95;1;2;24;4;11;4;6;4;22;6;11;7;13;192;34;2;2;3;41;2;4;6;12;1;4;4;32;4;15;7;6;0;0;0;0;0;0;0;0;0;0;0;0;0;0;0;0;0;0;0;0;0;0;0;0;0;0;0;0
02.02.2024;10:36;A 95;1;2;11;3;4;3;5;1;2;2;3;2;1;181;57;3;3;3;57;2;5;5;7;0;0;3;81;4;37;4;3;0;0;0;0;0;0;0;0;0;0;0;0;0;0;0;0;0;0;0;0;0;0;0;0;0;0;0;0
02.02.2024;10:35;A 95;1;3;6;4;5;3;4;8;17;9;8;9;13;241;45;0;0;3;53;0;0;2;2;0;0;2;44;4;28;1;1;0;0;1;1;0;0;0;0;0;0;0;0;0;0;0;0;0;0;0;0;0;0;0;0;0;0;0;0
02.02.2024;10:34;A 95;1;3;8;4;6;4;10;4;11;5;4;4;5;243;48;0;0;3;49;1;1;5;7;0;0;5;9;3;2;6;6;1;1;1;1;0;0;0;0;0;0;0;0;0;0;0;0;0;0;0;0;0;0;0;0;0;0;0;0
02.02.2024;10:33;A 95;1;1;1;1;1;1;0;1;16;1;0;1;0;208;42;2;41;4;15;2;43;4;5;0;0;1;88;6;14;2;2;1;1;0;0;0;0;0;0;0;0;0;0;0;0;0;0;0;0;0;0;0;0;0;0;0;0;0;0
02.02.2024;10:32;A 95;1;1;43;5;29;2;19;2;43;5;30;4;9;196;42;3;9;0;74;3;9;2;5;0;0;4;10;4;4;3;3;0;0;0;0;0;0;0;0;0;0;0;0;0;0;0;0;0;0;0;0;0;0;0;0;0;0;0;0
02.02.2024;10:31;A 95;1;3;53;4;25;7;16;2;28;3;14;4;7;140;36;1;38;2;54;1;1;3;4;0;0;4;37;5;8;4;4;0;0;0;0;0;0;0;0;0;0;0;0;0;0;0;0;0;0;0;0;0;0;0;0;0;0;0;0
02.02.2024;10:30;A 95;1;1;1;2;0;1;0;3;11;3;3;3;5;171;48;3;39;1;36;3;10;5;8;0;0;1;47;2;3;2;1;0;0;0;0;0;0;0;0;0;0;0;0;0;0;0;0;0;0;0;0;0;0;0;0;0;0;0;0
02.02.2024;10:29;A 95;1;1;4;3;2;3;3;3;4;3;3;2;3;158;38;2;18;4;41;0;21;4;4;0;0;3;84;3;21;5;4;1;1;0;0;0;0;0;0;0;0;0;0;0;0;0;0;0;0;0;0;0;0;0;0;0;0;0;0
02.02.2024;10:28;A 95;1;2;22;2;3;2;4;3;30;4;25;4;10;166;58;4;29;3;33;2;33;5;9;1;4;2;57;4;27;2;2;1;1;0;0;0;0;0;0;0;0;0;0;0;0;0;0;0;0;0;0;0;0;0;0;0;0;0;0
02.02.2024;10:27;A 95;1;0;43;1;19;1;1;8;56;9;26;10;16;153;45;1;70;3;9;1;6;4;3;0;0;2;57;4;7;9;9;2;3;1;1;0;0;0;0;0;0;0;0;0;0;0;0;0;0;0;0;0;0;0;0;0;0;0;0
02.02.2024;10:26;A 95;1;8;26;9;13;9;17;5;75;7;31;6;21;177;29;1;0;2;96;0;0;4;7;1;0;0;0;0;0;0;0;0;0;0;0;0;0;0;0;0;0;0;0;0;0;0;0;0;0;0;0;0;0;0;0;0;0;0;0
02.02.2024;10:25;A 95;1;0;0;0;0;0;0;5;27;6;8;3;15;193;51;1;42;4;67;0;42;7;9;0;0;4;28;4;17;9;8;0;0;0;0;0;0;1;1;0;0;0;0;0;0;0;0;0;0;0;0;0;0;0;0;0;0;0;0
02.02.2024;10:24;A 95;1;3;65;7;10;6;9;4;59;7;46;6;29;217;42;4;37;3;17;5;42;5;5;0;0;4;30;4;9;1;1;0;0;0;0;0;0;0;0;0;0;0;0;0;0;0;0;0;0;0;0;0;0;0;0;0;0;0;0
02.02.2024;10:23;A 95;1;4;37;6;23;6;8;5;20;5;7;5;8;182;34;3;1;2;5;0;0;2;1;0;0;1;65;5;16;3;2;0;0;0;0;0;0;0;0;0;0;0;0;0;0;0;0;0;0;0;0;0;0;0;0;0;0;0;0
02.02.2024;10:22;A 95;1;3;62;6;52;6;20;3;28;3;6;3;9;145;47;3;44;3;7;2;53;4;4;0;0;1;99;5;34;2;1;0;0;0;0;0;0;0;0;0;0;0;0;0;0;0;0;0;0;0;0;0;0;0;0;0;0;0;0
02.02.2024;10:21;A 95;1;5;10;6;5;6;7;5;14;7;6;6;13;185;39;3;8;0;0;1;12;0;0;0;0;1;55;5;33;2;2;0;0;0;0;0;0;0;0;0;0;0;0;0;0;0;0;0;0;0;0;0;0;0;0;0;0;0;0
02.02.2024;10:20;A 95;1;1;3;1;1;1;1;3;11;4;5;4;7;184;40;3;3;3;76;3;7;9;21;0;0;1;2;1;0;8;10;0;0;1;1;0;0;1;1;0;0;0;0;0;0;0;0;0;0;0;0;0;0;0;0;0;0;0;0
02.02.2024;10:19;A 95;1;2;29;4;14;3;4;2;53;10;28;7;31;216;37;2;2;2;67;2;4;3;5;0;0;0;0;0;0;1;0;1;1;0;0;1;1;0;0;0;0;0;0;0;0;0;0;0;0;0;0;0;0;0;0;0;0;0;0
02.02.2024;10:18;A 95;1;1;28;4;18;4;6;1;81;2;78;4;38;222;37;1;1;3;10;1;2;4;3;0;0;4;13;3;4;5;4;0;0;0;0;0;0;1;1;0;0;0;0;0;0;0;0;0;0;0;0;0;0;0;0;0;0;0;0
02.02.2024;10:17;A 95;1;0;0;0;0;0;0;0;0;0;0;0;0;157;35;3;8;6;31;4;9;6;9;1;3;0;0;0;0;2;2;0;0;0;0;0;0;0;0;0;0;0;0;0;0;0;0;0;0;0;0;0;0;0;0;0;0;0;0
02.02.2024;10:16;A 95;1;4;21;4;9;4;11;1;95;8;13;2;44;162;35;4;3;1;35;2;3;4;17;0;0;1;20;1;1;6;6;1;1;1;1;0;0;0;0;0;0;0;0;0;0;0;0;0;0;0;0;0;0;0;0;0;0;0;0
02.02.2024;10:15;A 95;1;2;95;3;10;3;5;0;100;3;91;4;51;194;46;2;3;3;55;2;5;4;50;0;0;4;81;7;10;1;0;0;0;0;0;0;0;0;0;0;0;0;0;0;0;0;0;0;0;0;0;0;0;0;0;0;0;0;0
02.02.2024;10:14;A 95;1;4;67;4;10;5;8;4;22;5;17;8;13;161;40;0;0;3;42;0;0;4;4;1;0;2;29;3;6;3;3;0;0;0;0;0;0;0;0;0;0;0;0;0;0;0;0;0;0;0;0;0;0;0;0;0;0;0;0
02.02.2024;10:13;A 95;1;1;32;3;9;3;6;0;25;1;3;1;2;208;43;3;53;1;5;4;25;3;2;2;2;4;53;6;11;1;1;0;0;0;0;0;0;0;0;0;0;0;0;0;0;0;0;0;0;0;0;0;0;0;0;0;0;0;0
02.02.2024;10:12;A 95;1;5;52;6;35;5;31;4;78;6;32;5;12;198;32;1;63;1;5;1;3;1;1;0;0;1;7;1;1;3;2;0;0;0;0;0;0;0;0;0;0;0;0;0;0;0;0;0;0;0;0;0;0;0;0;0;0;0;0
02.02.2024;10:11;A 95;1;1;69;3;21;2;9;1;54;3;49;5;11;203;55;4;58;4;59;4;41;6;4;1;4;0;66;4;35;3;4;0;0;0;0;0;0;0;0;0;0;0;0;0;0;0;0;0;0;0;0;0;0;0;0;0;0;0;0
02.02.2024;10:10;A 95;1;2;10;2;3;2;4;4;5;3;2;2;3;208;37;4;5;4;84;4;10;6;9;1;3;1;61;2;3;8;7;0;0;0;0;0;0;0;0;0;0;0;0;0;0;0;0;0;0;0;0;0;0;0;0;0;0;0;0
02.02.2024;10:09;A 95;1;1;69;2;3;1;1;2;63;5;52;5;9;198;35;3;20;4;45;3;21;6;6;0;0;3;46;5;8;3;2;2;3;2;3;0;0;0;0;0;0;0;0;0;0;0;0;0;0;0;0;0;0;0;0;0;0;0;0
02.02.2024;10:08;A 95;1;2;59;2;2;3;4;3;53;2;3;1;1;184;37;2;31;1;6;2;37;3;3;0;0;4;11;4;3;1;0;0;0;0;0;0;0;0;0;0;0;0;0;0;0;0;0;0;0;0;0;0;0;0;0;0;0;0;0
02.02.2024;10:07;A 95;1;4;47;5;34;5;10;1;44;1;40;2;3;151;43;2;52;4;12;2;55;5;3;0;0;2;44;2;3;4;3;0;0;0;0;0;0;0;0;0;0;0;0;0;0;0;0;0;0;0;0;0;0;0;0;0;0;0;0
02.02.2024;10:06;A 95;1;3;37;5;14;5;8;2;56;6;36;6;9;233;42;0;0;1;84;0;0;3;4;0;0;3;59;4;5;3;3;0;0;0;0;0;0;0;0;0;0;0;0;0;0;0;0;0;0;0;0;0;0;0;0;0;0;0;0
02.02.2024;10:05;A 95;1;2;3;2;1;2;3;3;27;7;13;2;22;173;34;1;1;3;8;1;3;3;2;0;0;2;64;4;54;2;1;0;0;0;0;0;0;0;0;0;0;0;0;0;0;0;0;0;0;0;0;0;0;0;0;0;0;0;0
02.02.2024;10:04;A 95;1;0;0;0;0;0;0;3;79;5;18;6;15;183;34;2;1;0;40;0;0;0;0;0;0;6;25;6;6;1;1;0;0;0;0;0;0;0;0;0;0;0;0;0;0;0;0;0;0;0;0;0;0;0;0;0;0;0;0
02.02.2024;10:03;A 95;1;6;21;5;6;5;7;7;34;10;19;10;26;176;47;2;64;3;15;2;47;3;3;0;0;1;66;3;7;1;0;0;0;0;0;0;0;0;0;0;0;0;0;0;0;0;0;0;0;0;0;0;0;0;0;0;0;0;0
02.02.2024;10:02;A 95;1;1;7;1;1;1;1;1;0;1;0;2;4;197;38;1;53;1;28;1;4;1;11;0;0;2;29;2;2;6;5;0;0;1;1;0;0;1;1;0;0;0;0;0;0;0;0;0;0;0;0;0;0;0;0;0;0;0;0
02.02.2024;10:01;A 95;1;2;14;2;2;2;3;1;56;6;41;5;20;181;38;2;50;1;77;1;17;5;26;0;0;2;41;5;7;2;2;0;0;0;0;0;0;1;1;0;0;0;0;0;0;0;0;0;0;0;0;0;0;0;0;0;0;0;0
02.02.2024;10:00;A 95;1;2;13;3;4;2;3;6;19;5;7;6;9;166;38;1;69;3;43;2;66;6;7;1;6;2;90;4;17;3;3;0;0;0;0;1;1;0;0;0;0;0;0;0;0;0;0;0;0;0;0;0;0;0;0;0;0;0;0
02.02.2024;09:59;A 95;1;2;19;3;14;3;5;5;42;6;30;6;15;174;25;3;73;1;10;2;80;1;4;0;0;2;98;3;74;1;1;0;0;0;0;1;1;0;0;0;0;0;0;0;0;0;0;0;0;0;0;0;0;0;0;0;0;0;0
02.02.2024;09:58;A 95;1;2;27;2;3;2;3;1;3;1;1;1;1;210;48;1;1;2;27;1;2;6;6;1;5;2;5;2;2;2;1;0;0;0;0;0;0;0;0;0;0;0;0;0;0;0;0;0;0;0;0;0;0;0;0;0;0;0;0
02.02.2024;09:57;A 95;1;2;2;1;1;0;0;3;36;4;30;3;5;216;47;2;32;1;6;2;23;1;1;0;1;1;37;2;5;1;0;0;0;0;0;0;0;0;0;0;0;0;0;0;0;0;0;0;0;0;0;0;0;0;0;0;0;0;0
02.02.2024;09:56;A 95;1;0;0;0;0;2;2;3;82;5;77;4;5;228;50;0;0;1;40;0;0;1;5;1;2;1;57;3;5;3;2;1;1;1;1;0;0;0;0;0;0;0;0;0;0;0;0;0;0;0;0;0;0;0;0;0;0;0;0
02.02.2024;09:55;A 95;1;1;2;1;1;0;0;3;48;3;22;4;7;230;38;1;1;2;28;1;2;3;2;0;0;2;51;4;9;4;3;0;0;0;0;0;0;1;1;0;0;0;0;0;0;0;0;0;0;0;0;0;0;0;0;0;0;0;0
02.02.2024;09:54;A 95;1;1;39;3;9;5;9;1;57;6;33;5;17;169;45;1;0;4;83;0;0;9;13;0;0;2;48;2;3;7;6;0;0;0;0;0;0;0;0;0;0;0;0;0;0;0;0;0;0;0;0;0;0;0;0;0;0;0;0
02.02.2024;09:53;A 95;1;1;70;2;17;2;10;4;79;7;53;5;42;214;36;0;0;3;65;0;0;3;3;0;0;2;7;2;2;2;2;0;0;0;0;0;0;0;0;0;0;0;0;0;0;0;0;0;0;0;0;0;0;0;0;0;0;0;0
02.02.2024;09:52;A 95;1;4;8;6;6;5;6;4;47;7;19;10;20;179;41;2;70;4;51;2;75;5;8;0;0;1;5;1;1;3;2;0;0;0;0;0;0;0;0;0;0;0;0;0;0;0;0;0;0;0;0;0;0;0;0;0;0;0;0
02.02.2024;09:51;A 95;1;0;0;0;0;0;0;3;62;4;46;3;7;192;36;3;19;0;82;3;14;3;3;0;0;1;72;1;0;3;3;0;0;0;0;0;0;0;0;0;0;0;0;0;0;0;0;0;0;0;0;0;0;0;0;0;0;0;0
02.02.2024;09:50;A 95;1;5;24;5;12;5;10;5;54;7;47;8;10;160;34;3;2;0;100;1;2;3;5;0;0;3;72;7;12;0;0;0;0;0;0;0;0;0;0;0;0;0;0;0;0;0;0;0;0;0;0;0;0;0;0;0;0;0;0
02.02.2024;09:49;A 95;1;1;85;4;44;2;11;3;13;2;8;1;1;185;27;2;2;0;100;2;4;5;4;0;10;0;51;2;8;5;4;0;0;0;0;0;0;1;1;0;0;0;0;0;0;0;0;0;0;0;0;0;0;0;0;0;0;0;0
02.02.2024;09:48;A 95;1;2;89;3;72;3;68;4;48;8;37;8;43;175;46;1;43;0;100;1;2;2;1;1;66;2;84;5;19;4;3;1;1;0;0;0;0;0;0;0;0;0;0;0;0;0;0;0;0;0;0;0;0;0;0;0;0;0;0
02.02.2024;09:47;A 95;1;2;5;1;1;2;3;1;2;1;1;1;1;157;49;3;53;5;36;3;11;6;6;1;23;1;45;3;14;4;3;0;0;0;0;0;0;0;0;0;0;0;0;0;0;0;0;0;0;0;0;0;0;0;0;0;0;0;0
02.02.2024;09:46;A 95;1;4;62;9;34;8;40;3;31;4;14;7;10;164;32;0;0;4;24;0;0;5;5;0;0;6;45;5;9;7;7;0;0;0;0;0;0;0;0;0;0;0;0;0;0;0;0;0;0;0;0;0;0;0;0;0;0;0;0
02.02.2024;09:45;A 95;1;4;25;6;12;6;17;7;49;10;37;8;44;121;22;0;0;3;14;0;0;3;4;0;0;2;6;3;2;3;2;0;0;0;0;0;0;0;0;0;0;0;0;0;0;0;0;0;0;0;0;0;0;0;0;0;0;0;0
02.02.2024;09:44;A 95;1;3;34;2;1;2;2;2;60;8;46;6;54;183;29;1;26;0;0;1;9;1;0;0;0;3;48;5;6;0;0;0;0;0;0;1;1;0;0;0;0;0;0;0;0;0;0;0;0;0;0;0;0;0;0;0;0;0;0
02.02.2024;09:43;A 95;1;2;6;2;4;2;4;0;100;4;82;3;43;143;65;1;74;4;42;0;74;6;12;0;0;1;5;2;2;5;5;0;0;0;0;0;0;0;0;0;0;0;0;0;0;0;0;0;0;0;0;0;0;0;0;0;0;0;0
02.02.2024;09:42;A 95;1;1;2;1;1;2;2;2;73;5;62;5;61;160;39;1;18;1;42;2;25;1;2;0;0;0;46;1;3;3;3;0;0;0;0;0;0;0;0;3;0;0;0;0;0;0;0;0;0;0;0;0;0;0;0;0;0;0;0
02.02.2024;09:41;A 95;1;4;12;3;4;3;4;2;74;5;27;7;12;184;34;1;0;3;12;0;0;3;4;0;0;2;66;5;16;3;2;0;0;0;0;0;0;0;0;0;0;0;0;0;0;0;0;0;0;0;0;0;0;0;0;0;0;0;0
02.02.2024;09:40;A 95;1;2;3;2;2;2;3;2;11;3;6;3;5;166;38;1;19;2;7;0;0;3;2;0;0;2;42;5;6;2;2;0;0;0;0;0;0;0;0;0;0;0;0;0;0;0;0;0;0;0;0;0;0;0;0;0;0;0;0
02.02.2024;09:39;A 95;1;2;35;4;12;2;7;3;82;7;36;7;28;161;31;2;12;2;22;1;2;4;7;1;4;1;58;3;6;2;2;0;0;0;0;0;0;0;0;0;0;0;0;0;0;0;0;0;0;0;0;0;0;0;0;0;0;0;0
02.02.2024;09:38;A 95;1;1;1;1;0;2;2;6;22;8;9;6;14;154;42;2;4;1;2;2;7;2;2;0;0;2;82;4;7;2;3;0;0;0;0;0;0;0;0;0;0;0;0;0;0;0;0;0;0;0;0;0;0;0;0;0;0;0;0
02.02.2024;09:37;A 95;1;0;31;0;0;0;0;1;39;4;22;3;7;165;30;2;1;6;72;1;1;7;9;1;3;2;53;2;2;5;4;0;0;0;0;0;0;0;0;0;0;0;0;0;0;0;0;0;0;0;0;0;0;0;0;0;0;0;0
02.02.2024;09:36;A 95;1;4;23;4;11;2;3;8;21;8;15;6;25;152;30;2;4;1;68;1;7;2;1;0;0;4;49;3;5;3;2;0;0;1;1;0;0;0;0;0;0;0;0;0;0;0;0;0;0;0;0;0;0;0;0;0;0;0;0
02.02.2024;09:35;A 95;1;0;100;1;46;3;11;1;84;3;76;5;19;160;25;1;1;6;46;1;1;7;8;0;0;0;17;0;0;5;4;0;0;1;1;0;0;0;0;0;0;0;0;0;0;0;0;0;0;0;0;0;0;0;0;0;0;0;0
02.02.2024;09:34;A 95;1;2;66;2;6;1;5;7;41;9;11;9;15;127;38;2;15;1;21;0;13;1;1;0;0;3;55;5;11;4;4;0;0;0;0;0;0;0;0;0;0;0;0;0;0;0;0;0;0;0;0;0;0;0;0;0;0;0;0
02.02.2024;09:33;A 95;1;4;31;8;18;8;13;6;55;12;38;9;42;135;32;1;96;2;27;0;100;5;12;0;0;1;96;2;6;0;0;0;0;0;0;0;0;0;0;0;0;0;0;0;0;0;0;0;0;0;0;0;0;0;0;0;0;0;0
02.02.2024;09:32;A 95;1;1;49;2;4;3;7;2;47;4;39;6;36;172;27;3;3;3;9;3;5;3;2;0;0;2;54;2;16;3;2;0;0;0;0;0;0;0;0;0;0;0;0;0;0;0;0;0;0;0;0;0;0;0;0;0;0;0;0
02.02.2024;09:31;A 95;1;1;1;1;0;0;0;3;4;3;5;4;5;195;37;4;12;4;24;2;24;4;4;0;0;1;72;3;13;4;4;0;0;0;0;0;0;0;0;0;0;0;0;0;0;0;0;0;0;0;0;0;0;0;0;0;0;0;0
02.02.2024;09:30;A 95;1;4;6;4;3;5;6;8;36;12;21;11;33;60;49;3;3;1;7;0;0;1;1;0;0;2;4;2;2;1;0;1;1;0;0;0;0;0;0;0;0;0;0;0;0;0;0;0;0;0;0;0;0;0;0;0;0;0;0
02.02.2024;09:29;A 95;1;1;22;2;4;1;2;1;41;7;26;3;31;205;45;3;27;2;62;1;64;5;30;0;0;1;84;6;15;8;16;1;1;0;0;0;0;0;0;0;0;0;0;0;0;0;0;0;0;0;0;0;0;0;0;0;0;0;0
02.02.2024;09:28;A 95;1;1;96;0;0;0;0;2;87;3;83;6;85;160;43;7;50;3;39;0;28;4;11;0;0;6;50;8;17;5;4;0;0;1;1;0;0;0;0;0;0;0;0;0;0;0;0;0;0;0;0;0;0;0;0;0;0;0;0
02.02.2024;09:27;A 95;1;2;44;5;30;6;11;2;57;6;39;3;41;144;39;1;57;1;98;2;25;3;8;2;4;2;28;3;5;0;0;0;0;0;0;0;0;0;0;0;0;0;0;0;0;0;0;0;0;0;0;0;0;0;0;0;0;0;0
02.02.2024;09:26;A 95;1;4;7;2;4;3;9;1;3;2;2;1;9;171;29;3;5;4;15;2;8;7;5;0;0;3;30;4;4;6;5;1;1;1;1;0;0;0;0;0;0;0;0;0;0;0;0;0;0;0;0;0;0;0;0;0;0;0;0
02.02.2024;09:25;A 95;1;2;3;2;2;2;2;2;71;5;63;5;10;142;40;1;0;1;12;0;0;0;0;0;0;6;65;8;32;3;2;0;0;0;0;0;0;0;0;0;0;0;0;0;0;0;0;0;0;0;0;0;0;0;0;0;0;0;0
02.02.2024;09:24;A 95;1;5;56;11;43;4;54;2;49;7;39;6;25;154;26;0;0;2;71;0;0;2;2;0;0;2;58;3;35;1;0;0;0;0;0;0;0;0;0;0;0;0;0;0;0;0;0;0;0;0;0;0;0;0;0;0;0;0;0
02.02.2024;09:23;A 95;1;1;86;2;66;4;10;2;10;3;4;4;10;186;49;3;4;3;55;3;8;6;9;0;0;2;50;5;24;9;10;0;0;0;0;0;0;0;0;0;0;0;0;0;0;0;0;0;0;0;0;0;0;0;0;0;0;0;0
02.02.2024;09:22;A 95;1;1;76;5;59;5;8;4;33;3;34;3;7;192;46;3;10;7;44;3;17;9;12;1;0;2;37;3;4;5;4;1;1;1;1;0;0;0;0;0;0;0;0;0;0;0;0;0;0;0;0;0;0;0;0;0;0;0;0
02.02.2024;09:21;A 95;1;1;1;1;0;1;1;1;57;2;50;1;3;177;29;2;14;0;0;0;15;1;1;0;0;2;13;2;2;3;3;0;0;0;0;0;0;0;0;0;0;0;0;0;0;0;0;0;0;0;0;0;0;0;0;0;0;0;0
02.02.2024;09:20;A 95;1;2;2;2;2;2;2;10;41;10;20;11;26;209;62;2;95;0;96;0;100;2;7;0;0;2;80;2;8;2;2;0;0;0;0;0;0;0;0;0;0;0;0;0;0;0;0;0;0;0;0;0;0;0;0;0;0;0;0
02.02.2024;09:19;A 95;1;1;21;3;11;2;9;3;71;5;64;5;9;226;51;3;65;1;72;1;73;5;10;1;4;1;92;5;13;4;3;1;1;1;1;0;0;0;0;0;0;0;0;0;0;0;0;0;0;0;0;0;0;0;0;0;0;0;0
02.02.2024;09:18;A 95;1;1;37;2;29;2;3;2;58;9;14;4;50;254;41;0;0;1;76;0;0;2;2;0;0;3;19;3;3;0;0;0;0;0;0;0;0;0;0;0;0;0;0;0;0;0;0;0;0;0;0;0;0;0;0;0;0;0;0
02.02.2024;09:17;A 95;1;2;64;2;57;2;4;0;100;1;3;3;72;204;43;1;1;2;18;1;2;2;1;0;0;7;21;7;7;2;1;0;0;0;0;0;0;0;0;0;0;0;0;0;0;0;0;0;0;0;0;0;0;0;0;0;0;0;0
02.02.2024;09:16;A 95;1;1;89;2;88;2;7;1;98;3;89;0;95;172;35;1;0;6;22;0;0;6;10;0;0;1;2;1;0;5;4;1;1;0;0;0;0;4;6;0;0;0;0;0;0;0;0;0;0;0;0;0;0;0;0;0;0;0;0
02.02.2024;09:15;A 95;1;4;56;8;38;8;16;6;70;9;63;11;54;203;53;1;1;2;10;0;0;3;3;0;0;4;52;7;13;3;2;0;0;1;1;1;1;0;0;0;0;0;0;0;0;0;0;0;0;0;0;0;0;0;0;0;0;0;0
02.02.2024;09:14;A 95;1;4;19;7;11;5;14;0;14;3;10;1;1;175;49;2;33;3;83;2;7;8;27;0;0;4;11;2;2;10;9;2;3;1;1;0;0;2;3;0;0;0;0;0;0;0;0;0;0;0;0;0;0;0;0;0;0;0;0
02.02.2024;09:13;A 95;1;0;100;0;98;1;4;1;83;2;8;4;7;209;46;2;3;5;29;1;0;6;9;1;0;1;6;1;3;2;1;1;1;0;0;0;0;0;0;0;0;0;0;0;0;0;0;0;0;0;0;0;0;0;0;0;0;0;0
02.02.2024;09:12;A 95;1;3;67;5;39;5;11;6;40;9;31;5;43;211;39;2;1;2;5;2;4;2;1;1;4;1;34;4;9;2;1;0;0;0;0;1;1;0;0;0;0;0;0;0;0;0;0;0;0;0;0;0;0;0;0;0;0;0;0
02.02.2024;09:11;A 95;1;3;8;2;3;4;8;1;32;2;26;1;3;140;28;1;5;3;54;1;8;4;5;0;0;1;72;2;3;4;3;0;0;3;5;0;0;1;1;0;0;0;0;0;0;0;0;0;0;0;0;0;0;0;0;0;0;0;0
02.02.2024;09:10;A 95;1;0;0;0;0;0;0;1;78;3;73;4;9;200;52;4;8;3;21;3;9;4;5;1;3;4;34;5;12;2;3;0;0;2;3;0;0;0;0;0;0;0;0;0;0;0;0;0;0;0;0;0;0;0;0;0;0;0;0
02.02.2024;09:09;A 95;1;2;4;2;3;2;3;4;40;5;35;3;3;239;47;0;0;2;8;0;0;2;2;0;0;2;81;3;49;1;0;0;0;0;0;0;0;0;0;0;0;0;0;0;0;0;0;0;0;0;0;0;0;0;0;0;0;0;0
02.02.2024;09:08;A 95;1;3;8;3;4;3;4;4;25;5;20;7;15;202;39;1;0;2;5;0;0;2;2;0;0;1;59;1;1;2;1;0;0;0;0;0;0;1;1;0;0;0;0;0;0;0;0;0;0;0;0;0;0;0;0;0;0;0;0
02.02.2024;09:07;A 95;1;3;31;3;5;2;4;3;79;8;15;8;19;156;46;2;43;0;51;0;48;2;36;0;0;2;54;2;3;6;13;0;0;0;0;0;0;0;0;0;0;0;0;0;0;0;0;0;0;0;0;0;0;0;0;0;0;0;0
02.02.2024;09:06;A 95;1;5;41;6;8;7;12;8;66;14;46;7;58;162;47;3;16;1;43;1;22;4;7;0;0;1;70;3;8;0;0;0;0;0;0;0;0;0;0;0;0;0;0;0;0;0;0;0;0;0;0;0;0;0;0;0;0;0;0
02.02.2024;09:05;A 95;1;2;92;1;3;1;2;0;100;3;93;2;70;196;34;0;0;7;45;0;0;7;6;0;0;5;14;5;4;10;8;0;0;0;0;0;0;0;0;0;0;0;0;0;0;0;0;0;0;0;0;0;0;0;0;0;0;0;0
02.02.2024;09:04;A 95;1;1;56;3;51;3;9;0;100;2;96;2;83;137;47;1;1;3;15;1;1;6;6;0;0;1;4;1;1;2;1;0;0;0;0;0;0;0;0;0;0;0;0;0;0;0;0;0;0;0;0;0;0;0;0;0;0;0;0
02.02.2024;09:03;A 95;1;2;60;3;53;1;6;0;100;7;88;2;68;143;47;1;0;1;11;0;0;1;2;0;0;3;56;4;8;1;1;0;0;0;0;0;0;0;0;0;0;0;0;0;0;0;0;0;0;0;0;0;0;0;0;0;0;0;0
02.02.2024;09:02;A 95;1;1;57;3;40;4;11;2;17;2;18;3;22;158;50;4;4;3;6;3;6;2;2;0;0;1;2;1;0;3;2;0;0;0;0;0;0;0;0;0;0;0;0;0;0;0;0;0;0;0;0;0;0;0;0;0;0;0;0
02.02.2024;09:01;A 95;1;3;5;4;4;4;6;5;74;8;67;6;28;158;48;4;5;4;26;3;9;5;6;0;0;0;0;0;0;6;5;0;0;1;1;0;0;0;0;0;0;0;0;0;0;0;0;0;0;0;0;0;0;0;0;0;0;0;0
02.02.2024;09:00;A 95;1;2;29;3;22;3;10;3;21;4;9;2;7;172;42;0;0;2;71;0;0;3;3;0;0;1;9;1;1;1;0;0;0;0;0;1;1;1;1;0;0;0;0;0;0;0;0;0;0;0;0;0;0;0;0;0;0;0;0
02.02.2024;08:59;A 95;1;1;3;1;2;1;2;0;0;1;0;1;1;155;57;1;2;5;13;1;4;5;3;0;0;3;7;3;2;4;2;1;1;1;1;0;0;0;0;0;0;0;0;0;0;0;0;0;0;0;0;0;0;0;0;0;0;0;0
02.02.2024;08:58;A 95;1;1;71;3;26;3;5;3;53;4;9;4;8;185;60;5;4;4;21;1;3;5;10;0;2;2;29;2;2;4;4;1;1;0;0;0;0;0;0;0;0;0;0;0;0;0;0;0;0;0;0;0;0;0;0;0;0;0;0
02.02.2024;08:57;A 95;1;2;11;3;8;3;10;1;51;4;44;3;22;160;49;0;0;0;0;0;0;0;0;1;1;2;11;1;1;2;1;0;0;0;0;0;0;0;0;0;0;0;0;0;0;0;0;0;0;0;0;0;0;0;0;0;0;0;0
02.02.2024;08:56;A 95;1;2;4;2;2;1;1;9;41;12;30;9;21;174;53;4;9;5;20;3;15;8;7;0;0;2;77;6;49;6;5;2;3;1;1;0;0;0;0;0;0;0;0;0;0;0;0;0;0;0;0;0;0;0;0;0;0;0;0
02.02.2024;08:55;A 95;1;0;0;0;0;0;0;50;59;4;84;5;84;153;33;2;7;3;13;1;9;4;3;0;0;2;17;2;6;5;5;0;0;0;0;0;0;0;0;0;0;0;0;0;0;0;0;0;0;0;0;0;0;0;0;0;0;0;0
02.02.2024;08:54;A 95;1;2;58;3;20;4;13;5;19;5;12;6;11;196;47;1;39;2;48;1;44;3;4;0;0;2;84;6;19;1;1;0;0;0;0;0;0;0;0;0;0;0;0;0;0;0;0;0;0;0;0;0;0;0;0;0;0;0;0
02.02.2024;08:53;A 95;1;3;42;7;14;2;16;6;19;14;17;13;23;228;59;1;4;1;25;1;62;3;4;0;0;0;100;4;90;2;2;0;0;0;0;0;0;0;0;0;0;0;0;0;0;0;0;0;0;0;0;0;0;0;0;0;0;0;0
02.02.2024;08:52;A 95;1;0;100;4;90;1;98;2;96;5;85;3;83;195;56;0;0;3;7;0;0;3;2;1;0;3;35;4;10;3;2;0;0;0;0;0;0;0;0;0;0;0;0;0;0;0;0;0;0;0;0;0;0;0;0;0;0;0;0
02.02.2024;08:51;A 95;1;4;49;6;45;3;58;0;0;2;3;2;5;149;51;2;3;0;0;2;5;0;0;0;0;2;44;4;7;3;3;0;0;0;0;0;0;0;0;0;0;0;0;0;0;0;0;0;0;0;0;0;0;0;0;0;0;0;0
02.02.2024;08:50;A 95;1;3;92;1;97;0;100;2;9;3;5;3;10;176;40;0;0;6;83;0;0;10;12;1;4;1;55;2;30;8;9;0;0;0;0;0;0;1;1;0;0;0;0;0;0;0;0;0;0;0;0;0;0;0;0;0;0;0;0
02.02.2024;08:49;A 95;1;0;96;1;97;1;99;1;24;3;15;4;9;151;57;0;0;3;51;0;0;4;10;0;0;2;10;2;2;2;2;0;0;0;0;1;1;0;0;0;0;0;0;0;0;0;0;0;0;0;0;0;0;0;0;0;0;0;0
02.02.2024;08:48;A 95;1;1;96;4;66;0;100;2;34;2;29;2;8;171;51;0;0;4;25;1;6;4;11;0;0;3;76;8;51;5;8;0;0;0;0;0;0;1;1;0;0;0;0;0;0;0;0;0;0;0;0;0;0;0;0;0;0;0;0
02.02.2024;08:47;A 95;1;4;38;7;23;7;27;3;47;4;31;4;7;157;52;2;30;4;52;2;24;6;8;1;2;1;57;4;14;5;4;0;0;0;0;0;0;0;0;0;0;0;0;0;0;0;0;0;0;0;0;0;0;0;0;0;0;0;0
02.02.2024;08:46;A 95;1;2;11;4;74;9;59;1;85;3;67;4;16;155;50;3;9;5;47;1;42;7;12;1;4;0;52;3;40;4;4;0;0;0;0;0;0;0;0;0;0;0;0;0;0;0;0;0;0;0;0;0;0;0;0;0;0;0;0
02.02.2024;08:45;A 95;1;2;47;1;40;0;37;2;14;3;42;1;42;156;47;0;0;1;5;1;47;1;1;0;0;2;50;4;38;0;0;0;0;0;0;0;0;0;0;0;0;0;0;0;0;0;0;0;0;0;0;0;0;0;0;0;0;0;0
02.02.2024;08:44;A 95;1;3;38;5;28;7;29;6;22;6;47;6;20;132;37;3;5;4;12;1;7;4;4;0;0;1;45;1;0;4;3;0;0;0;0;0;0;0;0;0;0;0;0;0;0;0;0;0;0;0;0;0;0;0;0;0;0;0;0
02.02.2024;08:43;A 95;1;3;67;5;20;6;12;4;67;7;18;9;55;162;47;2;3;2;6;2;6;2;2;0;0;3;45;4;5;2;1;0;0;0;0;0;0;0;0;0;0;0;0;0;0;0;0;0;0;0;0;0;0;0;0;0;0;0;0
02.02.2024;08:42;A 95;1;1;32;2;3;1;1;2;43;5;28;4;10;224;40;1;0;0;1;0;0;0;0;0;0;2;37;3;4;4;5;0;0;0;0;0;0;0;0;0;0;0;0;0;0;0;0;0;0;0;0;0;0;0;0;0;0;0;0
02.02.2024;08:41;A 95;1;2;1;2;2;3;5;2;5;2;2;3;5;238;45;3;4;7;31;3;5;10;11;0;0;1;77;4;12;7;6;0;0;1;1;0;0;0;0;0;0;0;0;0;0;0;0;0;0;0;0;0;0;0;0;0;0;0;0
02.02.2024;08:40;A 95;1;2;55;3;3;3;4;3;53;4;46;2;8;215;56;4;21;5;35;0;54;6;8;0;0;2;43;8;21;8;8;0;0;0;0;0;0;1;1;0;0;0;0;0;0;0;0;0;0;0;0;0;0;0;0;0;0;0;0
02.02.2024;08:39;A 95;1;3;54;3;4;3;8;0;54;6;55;2;63;226;55;3;22;4;32;1;28;5;8;0;13;0;100;2;76;0;0;0;0;0;0;1;1;0;0;0;0;0;0;0;0;0;0;0;0;0;0;0;0;0;0;0;0;0;0
02.02.2024;08:38;A 95;1;1;24;2;4;2;3;1;95;0;100;3;37;221;61;3;4;4;20;3;7;4;3;1;22;5;14;5;5;7;6;0;0;0;0;0;0;0;0;0;0;0;0;0;0;0;0;0;0;0;0;0;0;0;0;0;0;0;0
02.02.2024;08:37;A 95;1;4;14;4;7;4;6;3;45;7;58;7;34;164;63;0;29;2;40;2;7;4;6;0;0;1;49;3;38;3;2;0;0;0;0;0;0;0;0;0;0;0;0;0;0;0;0;0;0;0;0;0;0;0;0;0;0;0;0
02.02.2024;08:36;A 95;1;3;83;7;59;4;69;7;46;8;39;8;16;153;48;1;20;1;0;1;10;1;1;0;0;0;100;2;22;1;4;0;0;0;0;0;0;0;0;0;0;0;0;0;0;0;0;0;0;0;0;0;0;0;0;0;0;0;0
02.02.2024;08:35;A 95;1;1;58;1;63;4;59;2;33;2;32;4;11;165;50;1;22;1;15;1;7;2;3;1;4;2;29;3;6;2;1;0;0;0;0;0;0;0;0;0;0;0;0;0;0;0;0;0;0;0;0;0;0;0;0;0;0;0;0
02.02.2024;08:34;A 95;1;2;5;2;2;3;6;7;58;8;59;6;21;166;54;1;20;2;39;1;4;4;6;0;0;5;30;4;4;4;3;0;0;0;0;0;0;0;0;0;0;0;0;0;0;0;0;0;0;0;0;0;0;0;0;0;0;0;0
02.02.2024;08:33;A 95;1;4;8;3;38;2;6;2;4;1;28;0;0;155;34;0;0;2;77;0;0;3;6;0;0;3;28;3;3;1;0;0;0;0;0;0;0;0;0;0;0;0;0;0;0;0;0;0;0;0;0;0;0;0;0;0;0;0;0
02.02.2024;08:32;A 95;1;4;8;4;8;4;9;10;20;10;53;10;18;180;37;1;0;7;27;1;0;8;9;0;0;1;48;4;10;7;7;0;0;0;0;0;0;0;0;0;0;0;0;0;0;0;0;0;0;0;0;0;0;0;0;0;0;0;0
02.02.2024;08:31;A 95;1;5;15;6;22;7;28;4;5;5;5;7;17;206;47;4;31;4;12;0;42;4;3;0;0;1;21;1;3;6;7;0;0;0;0;0;0;0;0;0;0;0;0;0;0;0;0;0;0;0;0;0;0;0;0;0;0;0;0
02.02.2024;08:30;A 95;1;4;5;5;8;1;51;1;2;2;27;3;7;183;31;1;81;2;7;2;52;4;5;0;14;1;67;3;9;0;0;1;1;1;1;0;0;0;0;0;0;0;0;0;0;0;0;0;0;0;0;0;0;0;0;0;0;0;0
02.02.2024;08:29;A 95;1;3;38;3;13;5;28;1;11;2;8;1;2;195;34;3;58;3;24;3;45;4;5;1;33;3;50;4;5;3;3;0;0;0;0;0;0;0;0;0;0;0;0;0;0;0;0;0;0;0;0;0;0;0;0;0;0;0;0
02.02.2024;08:28;A 95;1;2;79;4;51;5;16;2;61;3;60;3;10;192;47;5;44;7;32;5;37;9;12;0;0;7;70;10;16;6;5;0;0;0;0;0;0;1;1;0;0;0;0;0;0;0;0;0;0;0;0;0;0;0;0;0;0;0;0
02.02.2024;08:27;A 95;1;9;17;8;9;8;12;6;43;8;40;3;47;240;54;0;0;0;0;0;0;1;0;0;0;0;0;0;0;0;0;0;0;0;0;0;0;0;0;0;0;0;0;0;0;0;0;0;0;0;0;0;0;0;0;0;0;0;0
02.02.2024;08:26;A 95;1;1;2;1;1;1;1;1;40;4;35;7;23;167;45;2;3;2;7;3;4;2;2;0;0;1;54;4;6;2;2;0;0;0;0;0;0;0;0;0;0;0;0;0;0;0;0;0;0;0;0;0;0;0;0;0;0;0;0
02.02.2024;08:25;A 95;1;3;33;5;29;3;20;2;1;1;2;1;1;157;37;2;8;4;10;2;6;6;4;0;0;1;14;1;1;5;4;0;0;0;0;0;0;1;1;0;0;0;0;0;0;0;0;0;0;0;0;0;0;0;0;0;0;0;0
02.02.2024;08:24;A 95;1;4;9;2;36;1;5;4;30;5;6;4;5;199;55;1;69;1;4;1;5;1;1;0;0;2;81;3;4;0;0;0;0;17;28;0;0;0;0;0;0;0;0;0;0;0;0;0;0;0;0;0;0;0;0;0;0;0;0
02.02.2024;08:23;A 95;1;6;6;4;82;3;20;5;22;5;19;6;19;190;49;3;26;3;15;1;35;4;3;1;4;2;25;2;2;4;3;0;0;0;0;0;0;0;0;0;0;0;0;0;0;0;0;0;0;0;0;0;0;0;0;0;0;0;0
02.02.2024;08:22;A 95;1;1;3;2;65;4;71;2;80;3;68;4;74;163;39;0;0;1;31;1;2;1;14;0;0;1;3;1;0;6;6;0;0;0;0;0;0;0;0;0;0;0;0;0;0;0;0;0;0;0;0;0;0;0;0;0;0;0;0
02.02.2024;08:21;A 95;1;3;64;5;56;4;9;1;60;6;62;2;70;231;45;0;0;6;41;0;0;8;11;0;0;2;7;2;2;7;6;0;0;0;0;0;0;0;0;0;0;0;0;0;0;0;0;0;0;0;0;0;0;0;0;0;0;0;0
02.02.2024;08:20;A 95;1;1;48;2;85;3;5;2;22;3;21;4;23;136;52;3;66;4;89;3;7;6;8;1;0;2;11;2;1;6;5;0;0;0;0;0;0;0;0;0;0;0;0;0;0;0;0;0;0;0;0;0;0;0;0;0;0;0;0
02.02.2024;08:19;A 95;1;6;12;6;50;6;14;3;68;6;60;6;38;123;55;1;23;5;42;1;6;5;6;0;0;3;12;4;5;4;4;0;0;0;0;0;0;4;6;0;0;0;0;0;0;0;0;0;0;0;0;0;0;0;0;0;0;0;0
02.02.2024;08:18;A 95;1;5;13;5;7;5;11;6;17;10;20;8;30;155;35;3;1;1;12;0;0;1;2;0;0;1;6;1;1;0;0;0;0;0;0;1;1;0;0;0;0;0;0;0;0;0;0;0;0;0;0;0;0;0;0;0;0;0;0
02.02.2024;08:17;A 95;1;4;4;3;3;3;4;9;15;10;13;7;20;161;44;4;73;2;13;3;77;2;2;0;0;1;20;1;1;3;2;0;0;1;1;0;0;0;0;0;0;0;0;0;0;0;0;0;0;0;0;0;0;0;0;0;0;0;0
02.02.2024;08:16;A 95;1;3;3;3;3;3;7;5;15;6;12;5;15;191;46;2;39;1;58;0;42;5;38;1;0;2;39;4;2;7;10;0;0;0;0;1;1;0;0;0;0;0;0;0;0;0;0;0;0;0;0;0;0;0;0;0;0;0;0
02.02.2024;08:15;A 95;1;6;54;5;51;5;21;1;2;4;92;3;71;236;56;1;42;2;90;1;48;3;67;2;18;1;15;2;4;1;2;0;0;1;1;0;0;0;0;0;0;0;0;0;0;0;0;0;0;0;0;0;0;0;0;0;0;0;0
02.02.2024;08:14;A 95;1;1;22;4;23;1;22;5;29;8;50;3;63;169;42;0;0;4;45;0;0;9;10;5;9;1;59;3;9;8;7;0;0;1;1;0;0;1;1;0;0;0;0;0;0;0;0;0;0;0;0;0;0;0;0;0;0;0;0
02.02.2024;08:13;A 95;1;1;67;1;72;1;73;0;100;0;100;0;100;217;38;2;5;4;18;2;8;4;7;0;0;3;13;3;2;2;2;1;1;1;1;0;0;0;0;0;0;0;0;0;0;0;0;0;0;0;0;0;0;0;0;0;0;0;0
02.02.2024;08:12;A 95;1;1;60;3;21;5;25;3;73;4;88;1;90;194;58;1;0;2;62;1;0;5;10;0;0;4;60;4;8;6;7;1;1;2;3;0;0;0;0;0;0;0;0;0;0;0;0;0;0;0;0;0;0;0;0;0;0;0;0
02.02.2024;08:11;A 95;1;5;10;5;6;5;15;10;26;15;32;16;46;167;58;3;31;2;15;2;6;4;4;0;0;0;90;2;19;0;0;0;0;0;0;0;0;0;0;0;0;0;0;0;0;0;0;0;0;0;0;0;0;0;0;0;0;0;0
02.02.2024;08:10;A 95;1;0;6;0;0;0;0;3;19;3;18;3;57;183;52;3;12;2;5;3;7;4;2;0;0;2;42;3;4;2;1;0;0;0;0;0;0;0;0;0;0;0;0;0;0;0;0;0;0;0;0;0;0;0;0;0;0;0;0
02.02.2024;08:09;A 95;1;3;35;3;4;3;6;0;27;2;31;0;0;199;44;1;84;0;0;1;3;1;0;0;0;5;71;3;8;2;2;1;1;0;0;0;0;0;0;0;0;0;0;0;0;0;0;0;0;0;0;0;0;0;0;0;0;0;0
02.02.2024;08:08;A 95;1;7;26;4;7;4;6;8;41;9;30;8;20;234;56;3;85;3;17;1;72;4;3;0;0;1;73;3;29;6;6;0;0;0;0;0;0;0;0;0;0;0;0;0;0;0;0;0;0;0;0;0;0;0;0;0;0;0;0
02.02.2024;08:07;A 95;1;1;2;3;10;3;18;3;8;3;91;2;68;204;48;2;2;4;15;2;8;5;5;0;0;2;26;3;4;3;2;0;0;0;0;0;0;0;0;0;0;0;0;0;0;0;0;0;0;0;0;0;0;0;0;0;0;0;0
02.02.2024;08:06;A 95;1;2;24;2;7;5;12;6;19;9;80;8;43;211;50;0;0;2;12;0;0;2;2;0;0;0;0;0;0;2;2;0;0;0;0;0;0;0;0;0;0;0;0;0;0;0;0;0;0;0;0;0;0;0;0;0;0;0;0
02.02.2024;08:05;A 95;1;0;0;0;0;0;0;1;9;2;4;3;4;217;66;2;2;2;58;2;4;5;5;0;0;1;14;2;4;8;8;1;1;0;0;0;0;0;0;0;0;0;0;0;0;0;0;0;0;0;0;0;0;0;0;0;0;0;0
02.02.2024;08:04;A 95;1;2;4;4;8;4;8;7;29;6;56;7;16;201;66;1;52;3;44;5;49;7;13;0;0;2;23;3;5;5;4;0;0;0;0;0;0;0;0;0;0;0;0;0;0;0;0;0;0;0;0;0;0;0;0;0;0;0;0
02.02.2024;08:03;A 95;1;8;34;7;8;7;11;9;9;9;20;6;34;200;56;1;48;1;6;1;55;3;6;0;0;1;5;1;1;0;0;0;1;0;1;0;0;1;1;0;0;0;0;0;0;0;0;0;0;0;0;0;0;0;0;0;0;0;0
02.02.2024;08:02;A 95;1;2;55;2;6;2;2;3;2;5;7;5;14;153;58;1;0;1;1;1;1;1;0;1;3;0;74;2;64;1;0;2;2;1;0;0;0;0;0;0;0;0;0;0;0;0;0;0;0;0;0;0;0;0;0;0;0;0;0
02.02.2024;08:01;A 95;1;3;3;3;6;3;5;4;13;5;34;5;32;161;51;3;19;2;35;0;35;2;3;0;0;5;67;6;40;5;4;0;0;0;0;0;0;0;0;0;0;0;0;0;0;0;0;0;0;0;0;0;0;0;0;0;0;0;0
02.02.2024;08:00;A 95;1;7;9;4;40;1;70;5;5;6;81;0;88;184;42;0;25;2;24;1;34;3;3;1;3;1;50;3;5;1;0;0;0;0;0;0;0;0;0;0;0;0;0;0;0;0;0;0;0;0;0;0;0;0;0;0;0;0;0
02.02.2024;07:59;A 95;1;5;6;9;37;5;31;3;4;7;21;8;17;228;46;3;85;3;78;1;58;5;19;0;0;7;89;8;72;5;5;0;0;0;0;0;0;0;0;0;0;0;0;0;0;0;0;0;0;0;0;0;0;0;0;0;0;0;0
02.02.2024;07:58;A 95;1;6;40;3;46;4;47;6;7;5;48;6;21;190;54;1;47;2;77;2;41;7;39;0;0;0;100;5;83;9;10;0;0;0;0;0;0;0;0;0;0;0;0;0;0;0;0;0;0;0;0;0;0;0;0;0;0;0;0
02.02.2024;07:57;A 95;1;2;26;2;80;1;5;3;3;4;88;3;95;181;44;1;27;0;100;1;2;3;4;0;23;1;87;4;78;1;0;0;0;0;0;0;0;0;0;0;0;0;0;0;0;0;0;0;0;0;0;0;0;0;0;0;0;0;0
02.02.2024;07:56;A 95;1;5;5;4;8;3;12;2;22;4;35;6;12;225;41;4;42;4;86;4;34;10;16;1;31;1;74;6;35;7;8;0;0;0;0;0;0;0;0;0;0;0;0;0;0;0;0;0;0;0;0;0;0;0;0;0;0;0;0
02.02.2024;07:55;A 95;1;2;2;4;5;2;15;1;2;9;28;7;36;181;49;0;0;5;20;0;0;6;8;0;0;2;53;7;16;3;2;0;0;0;0;0;0;0;0;0;0;0;0;0;0;0;0;0;0;0;0;0;0;0;0;0;0;0;0
02.02.2024;07:54;A 95;1;6;10;5;41;4;27;11;18;12;19;9;39;204;53;4;6;0;0;1;2;1;0;0;0;1;89;5;45;0;0;1;1;0;0;0;0;0;0;0;0;0;0;0;0;0;0;0;0;0;0;0;0;0;0;0;0;0;0
02.02.2024;07:53;A 95;1;4;1;3;4;4;17;5;6;5;6;3;3;236;47;5;28;3;7;2;29;4;2;0;0;3;85;6;10;4;3;0;0;14;24;0;0;0;0;0;0;0;0;0;0;0;0;0;0;0;0;0;0;0;0;0;0;0;0
02.02.2024;07:52;A 95;1;3;3;4;5;5;11;5;8;6;11;4;27;219;50;0;3;2;35;0;0;5;22;0;0;3;61;6;12;7;7;3;5;4;5;0;0;0;0;0;0;0;0;0;0;0;0;0;0;0;0;0;0;0;0;0;0;0;0
02.02.2024;07:51;A 95;1;3;5;2;3;1;1;4;7;5;86;1;92;203;35;1;49;4;30;2;4;4;19;1;6;1;100;13;25;2;2;0;0;0;0;0;0;0;0;0;0;0;0;0;0;0;0;0;0;0;0;0;0;0;0;0;0;0;0
02.02.2024;07:50;A 95;1;4;2;3;3;3;3;6;5;8;50;13;46;205;33;5;23;1;12;2;18;3;3;0;0;4;79;7;56;1;0;0;0;0;0;0;0;0;0;0;0;0;0;0;0;0;0;0;0;0;0;0;0;0;0;0;0;0;0
02.02.2024;07:49;A 95;1;7;6;5;7;2;3;6;5;8;11;8;17;162;46;1;0;1;22;0;0;7;17;0;0;1;44;3;32;8;10;2;3;1;1;0;0;0;0;0;0;0;0;0;0;0;0;0;0;0;0;0;0;0;0;0;0;0;0
02.02.2024;07:48;A 95;1;12;12;12;28;6;23;8;49;11;19;8;52;233;46;0;0;1;7;0;0;2;6;0;0;3;41;3;5;2;1;0;0;0;0;1;1;0;0;0;0;0;0;0;0;0;0;0;0;0;0;0;0;0;0;0;0;0;0
02.02.2024;07:47;A 95;1;0;0;1;13;3;50;2;74;1;4;3;90;249;52;4;5;7;20;4;4;7;6;0;0;2;47;3;9;6;4;1;1;2;3;0;0;0;0;0;0;0;0;0;0;0;0;0;0;0;0;0;0;0;0;0;0;0;0
02.02.2024;07:46;A 95;1;0;0;2;5;3;5;10;46;2;70;2;85;188;58;2;20;4;22;2;3;4;4;0;0;6;54;5;6;3;3;0;0;0;0;0;0;0;0;0;0;0;0;0;0;0;0;0;0;0;0;0;0;0;0;0;0;0;0
02.02.2024;07:45;A 95;1;8;5;6;49;6;10;4;35;8;43;4;37;217;49;1;66;0;0;1;5;0;0;0;0;1;60;3;5;2;3;0;0;0;0;0;0;1;1;2;1;0;0;0;0;0;0;0;0;0;0;0;0;0;0;0;0;0;0
02.02.2024;07:44;A 95;1;5;3;5;26;2;6;2;33;4;36;5;9;225;55;2;74;4;19;2;5;4;4;0;0;2;29;5;7;3;2;0;0;0;0;0;0;0;0;0;0;0;0;0;0;0;0;0;0;0;0;0;0;0;0;0;0;0;0
02.02.2024;07:43;A 95;1;5;38;4;57;5;49;4;11;6;63;7;26;238;48;4;49;2;54;3;43;8;18;0;0;4;18;2;3;8;7;0;0;0;0;0;0;1;1;0;0;0;0;0;0;0;0;0;0;0;0;0;0;0;0;0;0;0;0
02.02.2024;07:42;A 95;1;5;4;5;7;3;3;4;16;7;13;2;76;189;54;4;16;3;36;3;13;3;4;0;0;1;5;1;1;7;8;0;0;0;0;0;0;0;0;0;0;0;0;0;0;0;0;0;0;0;0;0;0;0;0;0;0;0;0
02.02.2024;07:41;A 95;1;3;2;2;2;3;4;5;26;8;13;10;22;225;60;1;2;2;18;2;4;3;90;1;5;1;4;0;0;2;2;0;0;0;0;0;0;0;0;0;0;0;0;0;0;0;0;0;0;0;0;0;0;0;0;0;0;0;0
02.02.2024;07:40;A 95;1;2;1;2;1;1;0;5;6;6;8;7;17;181;58;0;4;2;39;0;0;9;23;0;0;5;11;4;8;9;9;0;0;0;0;0;0;0;0;0;0;0;0;0;0;0;0;0;0;0;0;0;0;0;0;0;0;0;0
02.02.2024;07:39;A 95;1;7;5;5;10;0;63;4;5;7;56;1;46;225;54;1;28;2;16;1;4;3;7;0;23;6;17;3;5;0;0;0;0;4;6;0;0;0;0;0;0;0;0;0;0;0;0;0;0;0;0;0;0;0;0;0;0;0;0
02.02.2024;07:38;A 95;1;0;0;0;9;1;11;3;9;1;2;1;4;164;47;5;6;4;14;3;8;5;4;1;56;5;24;7;7;5;6;0;0;2;3;0;0;0;0;0;0;0;0;0;0;0;0;0;0;0;0;0;0;0;0;0;0;0;0
02.02.2024;07:37;A 95;1;3;25;6;67;7;70;5;11;3;31;4;12;95;75;3;3;4;20;3;6;6;6;1;0;0;0;0;0;1;0;0;0;1;1;0;0;0;0;0;0;0;0;0;0;0;0;0;0;0;0;0;0;0;0;0;0;0;0
02.02.2024;07:36;A 95;1;2;1;1;1;3;3;5;4;8;27;4;13;169;45;1;0;2;4;0;0;1;0;0;0;2;17;2;2;1;0;0;0;0;0;0;0;0;0;0;0;0;0;0;0;0;0;0;0;0;0;0;0;0;0;0;0;0;0
02.02.2024;07:35;A 95;1;0;0;0;0;0;0;3;2;8;11;6;17;185;39;2;2;1;2;1;1;1;1;0;0;3;11;2;2;2;2;2;3;2;3;0;0;0;0;0;0;0;0;0;0;0;0;0;0;0;0;0;0;0;0;0;0;0;0
02.02.2024;07:34;A 95;1;3;11;5;14;5;9;4;3;7;57;5;63;194;52;4;22;1;6;1;30;2;1;0;0;5;30;3;6;2;14;1;1;1;1;0;0;0;0;0;0;0;0;0;0;0;0;0;0;0;0;0;0;0;0;0;0;0;0
02.02.2024;07:33;A 95;1;13;13;10;56;8;44;6;6;9;53;8;16;180;36;1;0;1;6;0;0;1;1;0;0;1;11;3;5;2;1;0;0;0;0;0;0;0;0;0;0;0;0;0;0;0;0;0;0;0;0;0;0;0;0;0;0;0;0
02.02.2024;07:32;A 95;1;0;0;2;96;3;21;2;6;5;61;5;16;195;43;2;46;2;16;3;4;5;5;0;0;7;28;5;6;5;5;0;0;1;1;0;0;0;0;0;0;0;0;0;0;0;0;0;0;0;0;0;0;0;0;0;0;0;0
02.02.2024;07:31;A 95;1;2;3;3;78;4;58;6;36;5;52;6;35;175;46;5;34;2;6;5;44;2;2;1;3;1;72;2;62;1;0;0;0;1;1;0;0;0;0;0;0;0;0;0;0;0;0;0;0;0;0;0;0;0;0;0;0;0;0
02.02.2024;07:30;A 95;1;9;8;12;13;9;12;6;14;14;29;9;41;204;50;0;0;0;0;0;0;0;0;0;0;5;59;4;45;0;0;0;0;0;0;0;0;0;0;0;0;0;0;0;0;0;0;0;0;0;0;0;0;0;0;0;0;0;0
02.02.2024;07:29;A 95;1;4;5;3;7;0;9;0;31;8;13;3;12;175;41;1;43;2;27;1;45;3;4;0;0;4;79;6;18;6;6;0;0;0;0;0;0;0;0;0;0;0;0;0;0;0;0;0;0;0;0;0;0;0;0;0;0;0;0
02.02.2024;07:28;A 95;1;3;94;1;97;1;83;0;100;1;97;0;100;159;50;1;4;3;13;0;0;2;5;0;0;2;6;3;3;0;0;1;1;4;6;0;0;1;1;0;0;0;0;0;0;0;0;0;0;0;0;0;0;0;0;0;0;0;0
02.02.2024;07:27;A 95;1;2;72;3;46;2;8;1;36;3;58;1;98;165;50;5;15;2;5;3;29;2;1;0;0;5;41;5;8;2;1;2;3;24;40;0;0;0;0;0;0;0;0;0;0;0;0;0;0;0;0;0;0;0;0;0;0;0;0
02.02.2024;07:26;A 95;1;2;30;4;53;5;10;2;1;1;12;4;49;148;45;1;1;3;12;1;4;3;3;0;0;5;21;5;11;2;2;0;0;0;0;0;0;0;0;0;0;0;0;0;0;0;0;0;0;0;0;0;0;0;0;0;0;0;0
02.02.2024;07:25;A 95;1;4;16;3;9;3;4;1;1;5;19;5;13;166;38;0;15;1;32;0;0;3;9;0;0;1;26;2;5;6;9;0;0;0;0;0;0;0;0;0;0;0;0;0;0;0;0;0;0;0;0;0;0;0;0;0;0;0;0
02.02.2024;07:24;A 95;1;4;2;5;7;5;5;5;4;12;19;5;44;224;49;1;51;2;25;1;2;3;7;0;0;1;93;3;11;0;0;0;0;0;0;0;0;0;0;0;0;0;0;0;0;0;0;0;0;0;0;0;0;0;0;0;0;0;0
02.02.2024;07:23;A 95;1;4;8;3;5;3;5;0;6;1;5;2;72;210;43;0;0;2;8;0;0;2;2;0;0;3;4;1;1;2;1;2;3;0;0;0;0;0;0;0;0;0;0;0;0;0;0;0;0;0;0;0;0;0;0;0;0;0;0
02.02.2024;07:22;A 95;1;3;3;3;6;2;2;8;43;6;66;7;68;170;44;1;0;2;8;0;0;1;1;0;0;1;20;2;9;3;2;0;0;0;0;0;0;0;0;0;0;0;0;0;0;0;0;0;0;0;0;0;0;0;0;0;0;0;0
02.02.2024;07:21;A 95;1;2;1;2;1;2;3;4;2;5;15;7;11;212;52;0;0;1;7;0;0;2;1;0;0;4;45;4;35;1;3;0;0;0;0;0;0;0;0;0;0;0;0;0;0;0;0;0;0;0;0;0;0;0;0;0;0;0;0
02.02.2024;07:20;A 95;1;6;4;5;6;3;4;1;2;2;4;2;2;190;68;5;74;4;78;1;68;5;7;0;0;0;65;1;0;7;5;1;1;1;1;0;0;1;1;0;0;0;0;0;0;0;0;0;0;0;0;0;0;0;0;0;0;0;0
02.02.2024;07:19;A 95;1;3;3;2;5;2;6;2;2;2;5;2;6;166;49;6;14;6;42;7;15;7;9;0;0;9;49;7;9;4;3;0;0;1;1;1;1;0;0;0;0;0;0;0;0;0;0;0;0;0;0;0;0;0;0;0;0;0;0
02.02.2024;07:18;A 95;1;2;2;2;34;0;0;6;11;11;54;5;8;150;39;1;0;1;2;0;0;1;0;0;0;0;0;0;0;0;0;2;3;2;3;0;0;0;0;0;0;0;0;0;0;0;0;0;0;0;0;0;0;0;0;0;0;0;0
02.02.2024;07:17;A 95;1;1;0;2;58;1;7;6;6;11;70;9;27;177;35;2;3;0;0;2;3;1;0;1;4;3;63;1;60;0;0;2;3;1;1;0;0;0;0;0;0;0;0;0;0;0;0;0;0;0;0;0;0;0;0;0;0;0;0
02.02.2024;07:16;A 95;1;3;66;3;44;5;8;2;46;3;85;3;74;175;43;2;11;2;4;2;10;2;2;1;0;6;35;5;17;3;2;0;0;0;0;0;0;1;1;0;0;0;0;0;0;0;0;0;0;0;0;0;0;0;0;0;0;0;0
02.02.2024;07:15;A 95;1;0;0;1;42;1;3;6;10;8;53;2;59;185;41;1;16;2;3;2;6;1;1;0;0;3;15;2;3;0;0;0;0;0;0;0;0;0;0;0;0;0;0;0;0;0;0;0;0;0;0;0;0;0;0;0;0;0;0
02.02.2024;07:14;A 95;1;2;0;2;92;0;4;1;0;5;27;7;19;209;48;2;33;4;11;2;20;5;6;1;5;2;9;1;1;3;2;0;0;0;0;0;0;1;1;0;0;0;0;0;0;0;0;0;0;0;0;0;0;0;0;0;0;0;0
02.02.2024;07:13;A 95;1;2;2;4;25;6;26;5;3;4;31;6;9;163;37;2;3;4;35;0;0;7;10;0;0;1;3;1;1;9;8;0;0;0;0;0;0;0;0;0;0;0;0;0;0;0;0;0;0;0;0;0;0;0;0;0;0;0;0
02.02.2024;07:12;A 95;1;0;0;0;0;0;0;8;10;11;17;5;60;172;39;0;0;3;13;0;0;3;3;0;0;0;0;0;0;0;0;0;0;1;1;0;0;0;0;0;0;0;0;0;0;0;0;0;0;0;0;0;0;0;0;0;0;0;0
02.02.2024;07:11;A 95;1;1;3;2;3;2;4;0;0;2;7;5;38;184;44;1;2;2;1;1;3;1;0;0;0;2;5;2;2;2;1;0;0;0;0;0;0;0;0;0;0;0;0;0;0;0;0;0;0;0;0;0;0;0;0;0;0;0;0
02.02.2024;07:10;A 95;1;0;0;1;7;3;3;1;1;1;1;2;2;178;36;1;23;1;29;1;2;4;8;1;5;2;2;1;0;4;3;1;1;0;0;0;0;0;0;0;0;0;0;0;0;0;0;0;0;0;0;0;0;0;0;0;0;0;0
02.02.2024;07:09;A 95;1;2;7;4;19;3;3;3;2;4;2;3;3;280;47;0;0;0;0;0;0;0;0;0;0;2;8;1;1;0;0;1;1;0;0;0;0;1;1;0;0;0;0;0;0;0;0;0;0;0;0;0;0;0;0;0;0;0;0
02.02.2024;07:08;A 95;1;2;0;3;4;4;4;1;1;3;5;2;3;223;55;5;29;7;43;2;30;6;10;1;6;3;9;2;2;5;5;0;0;0;0;0;0;0;0;0;0;0;0;0;0;0;0;0;0;0;0;0;0;0;0;0;0;0;0
02.02.2024;07:07;A 95;1;1;0;1;0;1;1;2;2;3;7;4;20;200;44;3;6;1;51;3;10;12;21;1;0;0;0;0;0;12;10;0;0;1;1;0;0;0;0;0;0;0;0;0;0;0;0;0;0;0;0;0;0;0;0;0;0;0;0
02.02.2024;07:06;A 95;1;4;29;6;5;6;9;5;38;8;41;3;29;138;30;1;0;0;0;0;0;0;0;2;1;0;0;0;0;3;2;0;0;0;0;0;0;0;0;0;0;0;0;0;0;0;0;0;0;0;0;0;0;0;0;0;0;0;0
02.02.2024;07:05;A 95;1;3;21;4;16;3;12;8;33;9;37;5;25;177;34;1;1;6;31;1;1;8;7;0;0;5;19;4;5;7;6;0;0;1;1;0;0;0;0;0;0;0;0;0;0;0;0;0;0;0;0;0;0;0;0;0;0;0;0
02.02.2024;07:04;A 95;1;1;60;3;67;5;65;2;73;3;60;6;58;129;48;1;4;5;32;0;0;5;5;0;0;0;12;1;3;7;8;0;0;1;1;0;0;0;0;0;0;0;0;0;0;0;0;0;0;0;0;0;0;0;0;0;0;0;0
02.02.2024;07:03;A 95;1;0;26;0;0;0;0;5;38;4;38;0;39;108;55;1;15;2;10;1;3;3;8;1;0;3;23;2;3;0;0;0;0;0;0;1;1;0;0;0;0;0;0;0;0;0;0;0;0;0;0;0;0;0;0;0;0;0;0
02.02.2024;07:02;A 95;1;2;21;2;3;2;3;3;72;7;74;10;52;178;51;5;47;2;48;5;49;4;3;0;0;3;46;2;2;7;6;0;0;0;0;0;0;4;6;0;0;0;0;0;0;0;0;0;0;0;0;0;0;0;0;0;0;0;0
02.02.2024;07:01;A 95;1;1;0;1;0;0;0;2;2;5;20;5;10;193;41;5;59;2;75;4;52;7;13;0;0;1;45;3;5;4;5;1;1;1;1;0;0;0;0;0;0;0;0;0;0;0;0;0;0;0;0;0;0;0;0;0;0;0;0
02.02.2024;07:00;A 95;1;5;5;4;7;3;4;6;6;13;23;12;42;192;40;1;9;1;15;1;14;3;5;0;0;3;10;1;1;8;8;0;0;0;0;0;0;0;0;0;0;0;0;0;0;0;0;0;0;0;0;0;0;0;0;0;0;0;0
02.02.2024;06:59;A 95;1;3;2;2;7;1;3;2;1;3;5;1;1;173;28;1;6;3;21;1;18;6;10;1;3;4;9;3;4;0;0;1;1;1;1;0;0;0;0;0;0;0;0;0;0;0;0;0;0;0;0;0;0;0;0;0;0;0;0
02.02.2024;06:58;A 95;1;4;6;6;27;8;18;6;15;2;3;3;4;140;52;2;4;3;33;0;0;4;16;1;4;5;48;3;6;2;1;1;1;1;1;0;0;0;0;0;0;0;0;0;0;0;0;0;0;0;0;0;0;0;0;0;0;0;0
02.02.2024;06:57;A 95;1;1;0;1;1;1;1;0;0;0;0;0;0;160;32;1;0;0;0;0;0;0;0;0;0;2;7;2;3;0;0;2;3;0;0;0;0;0;0;0;0;0;0;0;0;0;0;0;0;0;0;0;0;0;0;0;0;0;0
02.02.2024;06:56;A 95;1;1;0;1;1;1;1;5;3;8;11;4;17;196;38;3;49;2;18;2;4;5;4;0;0;1;5;2;1;5;4;0;0;1;0;0;0;0;0;0;0;0;0;0;0;0;0;0;0;0;0;0;0;0;0;0;0;0;0
02.02.2024;06:55;A 95;1;3;36;2;7;0;0;9;9;3;92;1;92;229;48;0;0;2;8;0;0;4;3;1;1;5;18;4;3;4;3;0;0;0;0;0;0;0;0;0;0;0;0;0;0;0;0;0;0;0;0;0;0;0;0;0;0;0;0
02.02.2024;06:54;A 95;1;0;0;1;2;1;1;6;12;4;89;0;60;168;27;0;0;1;4;0;0;1;1;0;0;3;12;2;2;1;0;0;0;0;0;0;0;1;1;0;0;0;0;0;0;0;0;0;0;0;0;0;0;0;0;0;0;0;0
02.02.2024;06:53;A 95;1;1;1;2;2;2;2;6;31;4;31;5;25;201;39;2;2;4;15;1;1;5;5;0;0;2;3;0;39;4;3;0;0;0;0;0;0;1;1;0;0;0;0;0;0;0;0;0;0;0;0;0;0;0;0;0;0;0;0
02.02.2024;06:52;A 95;1;0;0;1;5;0;0;2;4;4;59;1;70;202;48;1;1;2;29;1;3;5;13;0;0;3;21;3;30;10;8;0;0;0;0;0;0;0;0;0;0;0;0;0;0;0;0;0;0;0;0;0;0;0;0;0;0;0;0
02.02.2024;06:51;A 95;1;3;4;3;9;5;7;8;11;15;21;9;57;217;44;0;0;2;29;0;0;5;8;0;0;3;7;2;2;0;0;0;0;0;0;0;0;0;0;0;0;0;0;0;0;0;0;0;0;0;0;0;0;0;0;0;0;0;0
02.02.2024;06:50;A 95;1;0;0;0;0;0;0;0;0;1;71;3;76;192;38;6;7;7;29;5;10;10;9;0;0;0;0;0;0;8;6;0;0;0;0;0;0;0;0;0;0;0;0;0;0;0;0;0;0;0;0;0;0;0;0;0;0;0;0
02.02.2024;06:49;A 95;1;0;0;0;0;0;0;5;4;5;62;5;10;203;41;4;3;4;25;3;4;8;7;0;0;0;0;0;0;8;6;0;0;0;0;0;0;0;0;0;0;0;0;0;0;0;0;0;0;0;0;0;0;0;0;0;0;0;0
02.02.2024;06:48;A 95;1;1;0;2;27;2;2;1;35;2;30;1;1;240;35;0;0;0;0;0;0;0;0;0;0;3;6;1;1;0;0;0;0;0;0;0;0;0;0;0;0;0;0;0;0;0;0;0;0;0;0;0;0;0;0;0;0;0;0
02.02.2024;06:47;A 95;1;5;16;4;37;4;7;5;26;4;48;6;8;164;33;2;1;2;5;1;1;2;1;0;0;3;5;2;1;2;2;0;0;0;0;0;0;0;0;0;0;0;0;0;0;0;0;0;0;0;0;0;0;0;0;0;0;0;0
02.02.2024;06:46;A 95;1;2;56;1;2;2;30;4;51;4;52;4;14;171;39;4;23;2;28;2;13;5;8;1;4;2;4;1;2;4;3;0;0;0;0;0;0;0;0;0;0;0;0;0;0;0;0;0;0;0;0;0;0;0;0;0;0;0;0
02.02.2024;06:45;A 95;1;3;4;3;4;4;5;2;1;3;3;4;7;172;30;0;0;2;7;0;0;1;1;0;0;2;10;3;2;0;0;0;0;0;0;0;0;0;0;0;0;0;0;0;0;0;0;0;0;0;0;0;0;0;0;0;0;0;0
02.02.2024;06:44;A 95;1;0;0;0;0;0;0;6;6;5;5;5;5;153;31;2;20;2;30;2;5;3;5;0;0;1;43;3;7;4;3;0;0;1;1;0;0;0;0;0;0;0;0;0;0;0;0;0;0;0;0;0;0;0;0;0;0;0;0
02.02.2024;06:43;A 95;1;0;0;1;88;1;3;2;15;2;55;2;4;169;34;0;0;1;8;0;0;1;1;0;0;4;15;2;2;0;0;0;0;0;0;0;0;0;0;0;0;0;0;0;0;0;0;0;0;0;0;0;0;0;0;0;0;0;0
02.02.2024;06:42;A 95;1;2;1;4;11;4;6;1;0;1;1;1;1;152;33;2;3;2;5;1;1;2;1;0;0;2;2;1;0;4;3;0;0;0;0;0;0;0;0;0;0;0;0;0;0;0;0;0;0;0;0;0;0;0;0;0;0;0;0
02.02.2024;06:41;A 95;1;0;0;1;2;0;0;1;0;3;3;4;5;179;36;4;19;1;17;3;14;2;3;1;4;1;14;0;0;1;1;0;0;0;0;0;0;0;0;0;0;0;0;0;0;0;0;0;0;0;0;0;0;0;0;0;0;0;0
02.02.2024;06:40;A 95;1;4;6;4;6;4;8;2;4;2;6;2;4;149;30;0;6;3;35;0;0;4;5;0;0;2;10;2;6;7;5;0;0;1;1;0;0;0;0;0;0;0;0;0;0;0;0;0;0;0;0;0;0;0;0;0;0;0;0
02.02.2024;06:39;A 95;1;1;56;4;65;2;68;4;2;2;6;1;6;164;43;1;49;2;18;1;2;4;5;0;26;0;0;0;0;0;0;0;0;0;0;0;0;0;0;0;0;0;0;0;0;0;0;0;0;0;0;0;0;0;0;0;0;0;0
02.02.2024;06:38;A 95;1;4;86;3;55;4;26;1;1;3;8;4;17;156;30;4;3;5;20;3;2;5;4;1;19;2;4;1;0;6;4;0;0;0;0;0;0;0;0;0;0;0;0;0;0;0;0;0;0;0;0;0;0;0;0;0;0;0;0
02.02.2024;06:37;A 95;1;4;3;3;34;4;8;2;1;2;3;3;6;144;39;0;0;2;22;0;0;4;4;0;0;1;3;1;0;3;2;0;0;0;0;0;0;0;0;0;0;0;0;0;0;0;0;0;0;0;0;0;0;0;0;0;0;0;0
02.02.2024;06:36;A 95;1;0;0;0;0;0;0;0;0;0;0;0;0;200;32;0;0;0;0;0;0;0;0;0;0;2;4;1;2;0;0;0;0;0;0;0;0;0;0;0;0;0;0;0;0;0;0;0;0;0;0;0;0;0;0;0;0;0;0
02.02.2024;06:35;A 95;1;3;2;2;3;1;1;0;0;5;3;2;2;167;40;2;64;1;2;2;8;1;0;0;0;1;1;1;0;2;1;0;0;0;0;1;1;0;0;0;0;0;0;0;0;0;0;0;0;0;0;0;0;0;0;0;0;0;0
02.02.2024;06:34;A 95;1;3;1;3;3;3;3;9;67;6;63;8;22;230;48;2;41;1;28;2;2;7;8;0;0;2;10;2;2;8;7;0;0;0;0;0;0;0;0;0;0;0;0;0;0;0;0;0;0;0;0;0;0;0;0;0;0;0;0
02.02.2024;06:33;A 95;1;4;4;3;2;1;1;1;1;2;2;2;1;151;32;1;0;2;9;0;0;2;2;0;0;2;70;3;4;0;0;0;0;0;0;0;0;0;0;0;0;0;0;0;0;0;0;0;0;0;0;0;0;0;0;0;0;0;0
02.02.2024;06:32;A 95;1;2;6;3;24;3;4;2;1;2;3;2;1;180;25;2;33;0;0;2;23;0;0;0;0;2;11;2;5;0;0;0;0;0;0;0;0;0;0;0;0;0;0;0;0;0;0;0;0;0;0;0;0;0;0;0;0;0;0
02.02.2024;06:31;A 95;1;4;81;2;5;1;1;0;91;2;80;1;3;258;51;2;69;0;7;2;3;1;0;0;0;3;17;2;4;4;5;0;0;0;0;0;0;0;0;0;0;0;0;0;0;0;0;0;0;0;0;0;0;0;0;0;0;0;0
02.02.2024;06:30;A 95;1;5;4;3;6;4;8;4;18;5;19;6;12;147;48;1;66;1;82;1;4;4;67;0;0;1;4;1;1;0;0;0;0;0;0;0;0;0;0;0;0;0;0;0;0;0;0;0;0;0;0;0;0;0;0;0;0;0;0
02.02.2024;06:29;A 95;1;1;1;2;29;0;0;1;1;1;1;0;0;209;35;0;0;3;69;0;0;3;4;0;0;0;0;0;0;4;3;0;0;0;0;0;0;0;0;0;0;0;0;0;0;0;0;0;0;0;0;0;0;0;0;0;0;0;0
02.02.2024;06:28;A 95;1;1;1;5;90;2;24;0;7;0;0;1;2;185;52;3;58;3;71;0;0;2;9;0;55;1;4;1;0;0;0;1;1;1;1;0;0;0;0;0;0;0;0;0;0;0;0;0;0;0;0;0;0;0;0;0;0;0;0
02.02.2024;06:27;A 95;1;1;1;3;40;5;11;2;8;2;3;2;2;246;49;2;0;3;19;0;0;3;3;1;13;0;0;0;0;3;2;0;0;0;0;0;0;0;0;0;0;0;0;0;0;0;0;0;0;0;0;0;0;0;0;0;0;0;0
02.02.2024;06:26;A 95;1;5;45;4;33;3;4;2;0;4;5;3;4;186;37;2;1;0;0;1;7;1;0;0;0;1;2;1;0;1;0;0;0;0;0;0;0;0;0;0;0;0;0;0;0;0;0;0;0;0;0;0;0;0;0;0;0;0;0
02.02.2024;06:25;A 95;1;3;3;1;2;0;0;4;4;3;4;4;5;140;31;0;0;3;15;0;0;3;3;0;0;2;7;2;3;2;1;0;0;0;0;0;0;0;0;0;0;0;0;0;0;0;0;0;0;0;0;0;0;0;0;0;0;0;0
02.02.2024;06:24;A 95;1;4;4;5;6;3;3;1;2;1;1;1;1;161;32;1;0;3;14;0;0;4;3;0;0;1;4;1;0;4;3;0;0;0;0;0;0;0;0;0;0;0;0;0;0;0;0;0;0;0;0;0;0;0;0;0;0;0;0
02.02.2024;06:23;A 95;1;1;1;1;0;1;0;1;0;1;0;1;1;157;28;0;0;1;11;0;0;1;1;0;0;3;21;3;5;3;3;0;0;0;0;0;0;0;0;0;0;0;0;0;0;0;0;0;0;0;0;0;0;0;0;0;0;0;0
02.02.2024;06:22;A 95;1;2;0;2;1;1;0;6;11;5;9;5;6;121;29;0;0;1;91;0;0;2;2;0;0;1;10;1;3;0;0;0;0;0;0;0;0;0;0;0;0;0;0;0;0;0;0;0;0;0;0;0;0;0;0;0;0;0;0
02.02.2024;06:21;A 95;1;0;0;0;0;0;0;4;6;3;2;3;2;154;25;0;0;1;2;0;0;1;1;0;0;0;0;0;0;0;0;1;1;1;1;0;0;0;0;0;0;0;0;0;0;0;0;0;0;0;0;0;0;0;0;0;0;0;0
02.02.2024;06:20;A 95;1;5;4;2;7;1;4;2;3;2;4;2;2;164;29;5;5;0;0;6;6;0;0;0;0;2;13;2;2;0;0;0;0;0;0;0;0;0;0;0;0;0;0;0;0;0;0;0;0;0;0;0;0;0;0;0;0;0;0
02.02.2024;06:19;A 95;1;3;8;3;84;4;5;3;4;3;70;3;4;198;36;1;0;0;22;1;1;0;0;0;0;2;4;1;1;2;3;0;0;0;0;0;0;0;0;0;0;0;0;0;0;0;0;0;0;0;0;0;0;0;0;0;0;0;0
02.02.2024;06:18;A 95;1;1;0;2;3;3;3;1;1;1;1;1;1;172;33;1;2;2;37;1;4;2;2;0;0;1;8;1;1;1;0;0;0;0;0;0;0;0;0;0;0;0;0;0;0;0;0;0;0;0;0;0;0;0;0;0;0;0;0
02.02.2024;06:17;A 95;1;2;5;3;5;3;4;2;3;3;3;3;5;169;31;3;16;3;14;2;8;4;3;0;0;2;13;2;2;2;1;0;0;0;0;0;0;0;0;0;0;0;0;0;0;0;0;0;0;0;0;0;0;0;0;0;0;0;0
02.02.2024;06:16;A 95;1;0;0;0;0;0;0;2;1;2;83;1;3;135;24;2;3;1;9;0;0;1;3;1;4;2;6;1;1;0;0;0;0;0;0;0;0;0;0;0;0;0;0;0;0;0;0;0;0;0;0;0;0;0;0;0;0;0;0
02.02.2024;06:15;A 95;1;2;2;1;2;0;0;3;2;3;40;4;9;180;48;1;67;2;66;2;7;1;1;0;0;1;5;1;1;2;1;0;0;0;0;0;0;0;0;0;0;0;0;0;0;0;0;0;0;0;0;0;0;0;0;0;0;0;0
02.02.2024;06:14;A 95;1;1;0;1;1;1;1;3;15;3;20;3;5;135;27;0;0;1;8;0;0;1;1;0;0;1;4;1;0;1;1;0;0;0;0;0;0;0;0;0;0;0;0;0;0;0;0;0;0;0;0;0;0;0;0;0;0;0;0
02.02.2024;06:13;A 95;1;0;0;0;0;0;0;3;9;4;7;4;4;178;37;1;15;2;16;1;5;2;2;0;0;1;7;1;2;2;1;0;0;0;0;0;0;0;0;0;0;0;0;0;0;0;0;0;0;0;0;0;0;0;0;0;0;0;0
02.02.2024;06:12;A 95;1;0;0;0;0;0;0;0;0;0;0;0;0;216;36;0;0;1;5;0;0;1;1;0;0;1;3;1;0;1;0;0;0;0;0;0;0;0;0;0;0;0;0;0;0;0;0;0;0;0;0;0;0;0;0;0;0;0;0
02.02.2024;06:11;A 95;1;5;40;1;1;1;1;0;0;4;4;4;5;259;52;1;20;0;43;1;5;0;0;1;5;3;17;3;4;2;1;0;0;0;0;0;0;0;0;0;0;0;0;0;0;0;0;0;0;0;0;0;0;0;0;0;0;0;0
02.02.2024;06:10;A 95;1;8;65;6;68;5;12;4;3;2;5;2;3;235;40;1;1;1;82;1;2;2;9;0;0;0;0;0;0;3;5;0;0;0;0;0;0;0;0;0;0;0;0;0;0;0;0;0;0;0;0;0;0;0;0;0;0;0;0
02.02.2024;06:09;A 95;1;2;2;3;2;2;1;0;0;1;0;1;1;163;39;1;0;4;68;0;0;3;44;1;0;1;6;1;1;0;0;0;0;0;0;0;0;0;0;0;0;0;0;0;0;0;0;0;0;0;0;0;0;0;0;0;0;0;0
02.02.2024;06:08;A 95;1;0;0;1;0;1;0;2;2;2;3;2;5;130;23;1;1;1;66;1;2;1;1;0;0;3;11;2;2;2;1;0;0;0;0;0;0;0;0;0;0;0;0;0;0;0;0;0;0;0;0;0;0;0;0;0;0;0;0
02.02.2024;06:07;A 95;1;2;1;2;4;2;4;3;6;3;9;2;4;130;23;1;2;1;3;1;3;1;1;0;0;0;0;0;0;1;0;0;0;0;0;0;0;0;0;0;0;0;0;0;0;0;0;0;0;0;0;0;0;0;0;0;0;0;0
02.02.2024;06:06;A 95;1;3;17;3;6;3;4;2;20;3;40;3;5;132;28;2;2;4;9;1;2;3;3;0;0;2;9;2;2;3;2;0;0;0;0;0;0;0;0;0;0;0;0;0;0;0;0;0;0;0;0;0;0;0;0;0;0;0;0
02.02.2024;06:05;A 95;1;4;34;2;4;2;3;0;0;0;0;0;0;171;37;2;32;4;46;2;3;3;3;0;0;4;11;2;3;5;4;0;0;0;0;0;0;0;0;0;0;0;0;0;0;0;0;0;0;0;0;0;0;0;0;0;0;0;0
02.02.2024;06:04;A 95;1;0;0;0;0;0;0;0;0;0;0;0;0;164;45;2;40;7;29;2;5;7;7;0;0;1;11;1;7;5;4;0;0;0;0;0;0;0;0;0;0;0;0;0;0;0;0;0;0;0;0;0;0;0;0;0;0;0;0
02.02.2024;06:03;A 95;1;2;3;2;3;1;1;1;9;1;3;1;1;252;54;0;100;3;6;0;0;1;0;2;6;5;73;3;56;0;0;0;0;0;0;0;0;0;0;0;0;0;0;0;0;0;0;0;0;0;0;0;0;0;0;0;0;0;0
02.02.2024;06:02;A 95;1;0;0;0;0;1;1;1;2;1;1;1;1;140;34;3;1;1;20;2;6;5;5;0;0;3;19;3;5;7;4;0;0;0;0;0;0;0;0;0;0;0;0;0;0;0;0;0;0;0;0;0;0;0;0;0;0;0;0
02.02.2024;06:01;A 95;1;3;2;2;2;0;0;1;0;2;1;1;1;177;33;0;0;1;5;0;0;1;1;0;0;1;6;1;1;2;1;0;0;0;0;0;0;1;1;0;0;0;0;0;0;0;0;0;0;0;0;0;0;0;0;0;0;0;0
02.02.2024;06:00;A 95;1;0;0;0;0;0;0;2;1;2;2;1;1;174;31;0;0;5;22;0;0;5;4;0;0;1;7;1;1;4;2;0;0;0;0;1;1;0;0;0;0;0;0;0;0;0;0;0;0;0;0;0;0;0;0;0;0;0;0
02.02.2024;05:59;A 95;1;1;1;1;1;1;1;2;1;2;1;3;3;207;43;1;1;1;12;0;0;1;1;0;0;0;0;0;0;2;1;0;0;0;0;0;0;0;0;0;0;0;0;0;0;0;0;0;0;0;0;0;0;0;0;0;0;0;0
02.02.2024;05:58;A 95;1;0;0;1;1;1;1;2;6;3;21;3;5;228;49;1;54;4;11;2;2;2;6;0;0;2;13;2;2;0;0;0;0;0;0;0;0;0;0;0;0;0;0;0;0;0;0;0;0;0;0;0;0;0;0;0;0;0;0
02.02.2024;05:57;A 95;1;2;2;2;2;1;1;2;2;2;2;2;2;259;50;0;0;2;8;0;0;2;1;0;0;1;1;1;0;2;1;0;0;0;0;0;0;0;0;0;0;0;0;0;0;0;0;0;0;0;0;0;0;0;0;0;0;0;0
02.02.2024;05:56;A 95;1;4;9;3;14;2;11;0;0;0;0;1;0;202;38;2;31;2;3;2;13;0;0;0;0;2;10;2;1;2;1;0;0;0;0;0;0;0;0;0;0;0;0;0;0;0;0;0;0;0;0;0;0;0;0;0;0;0;0
02.02.2024;05:55;A 95;1;4;3;3;4;2;1;2;1;4;4;3;3;172;37;1;1;1;9;1;1;1;1;0;0;1;6;1;1;0;0;0;0;0;0;0;0;0;0;0;0;0;0;0;0;0;0;0;0;0;0;0;0;0;0;0;0;0;0
02.02.2024;05:54;A 95;1;0;0;0;0;0;0;0;0;0;0;0;0;196;40;0;0;0;0;0;0;0;0;0;0;1;7;1;1;1;1;0;0;0;0;0;0;0;0;0;0;0;0;0;0;0;0;0;0;0;0;0;0;0;0;0;0;0;0
02.02.2024;05:53;A 95;1;2;2;1;1;1;1;1;0;1;1;1;1;183;43;3;20;1;3;2;3;1;1;0;0;1;3;1;1;0;0;0;0;0;0;0;0;0;0;0;0;0;0;0;0;0;0;0;0;0;0;0;0;0;0;0;0;0;0
02.02.2024;05:52;A 95;1;3;7;4;8;4;6;0;0;5;25;5;10;206;55;0;0;1;6;0;0;2;1;0;0;2;12;2;2;2;1;0;0;0;0;0;0;0;0;0;0;0;0;0;0;0;0;0;0;0;0;0;0;0;0;0;0;0;0
02.02.2024;05:51;A 95;1;4;5;2;3;2;2;3;14;2;4;2;3;195;46;0;0;2;6;0;0;2;2;0;0;4;9;2;2;2;1;0;0;0;0;0;0;0;0;0;0;0;0;0;0;0;0;0;0;0;0;0;0;0;0;0;0;0;0
02.02.2024;05:50;A 95;1;2;16;4;30;3;9;3;19;5;39;4;8;195;47;1;1;1;6;0;0;1;1;0;0;1;13;2;3;1;0;0;0;0;0;0;0;0;0;0;0;0;0;0;0;0;0;0;0;0;0;0;0;0;0;0;0;0;0
02.02.2024;05:49;A 95;1;4;16;1;2;1;2;0;0;1;7;2;4;204;41;2;30;2;10;2;4;1;1;1;0;2;7;2;1;0;0;0;0;0;0;0;0;0;0;0;0;0;0;0;0;0;0;0;0;0;0;0;0;0;0;0;0;0;0
02.02.2024;05:48;A 95;1;3;6;3;4;2;3;0;0;0;0;0;0;206;42;1;35;1;83;1;1;1;3;1;31;0;0;0;0;0;0;0;0;0;0;0;0;0;0;0;0;0;0;0;0;0;0;0;0;0;0;0;0;0;0;0;0;0;0
02.02.2024;05:47;A 95;1;0;0;0;0;1;0;0;0;0;0;0;0;203;49;0;0;2;10;0;0;2;2;0;0;1;23;3;4;2;1;0;0;0;0;0;0;0;0;0;0;0;0;0;0;0;0;0;0;0;0;0;0;0;0;0;0;0;0
02.02.2024;05:46;A 95;1;4;2;2;2;2;3;2;2;4;4;3;7;212;49;3;54;3;13;3;7;3;3;0;0;1;1;1;0;3;2;0;0;1;1;0;0;0;0;0;0;0;0;0;0;0;0;0;0;0;0;0;0;0;0;0;0;0;0
02.02.2024;05:45;A 95;1;0;0;2;4;3;4;2;53;4;30;2;4;184;62;0;0;0;0;0;0;0;0;0;0;1;10;1;1;0;0;0;0;0;0;0;0;0;0;0;0;0;0;0;0;0;0;0;0;0;0;0;0;0;0;0;0;0;0
02.02.2024;05:44;A 95;1;1;1;1;1;1;1;3;5;6;21;7;35;217;36;2;2;0;0;1;1;0;0;0;0;2;33;2;2;0;0;0;0;0;0;0;0;0;0;0;0;0;0;0;0;0;0;0;0;0;0;0;0;0;0;0;0;0;0
02.02.2024;05:43;A 95;1;1;0;1;1;1;1;2;1;1;1;1;0;202;39;1;1;2;28;1;1;3;4;0;0;2;2;1;1;3;2;0;0;0;0;0;0;0;0;0;0;0;0;0;0;0;0;0;0;0;0;0;0;0;0;0;0;0;0
02.02.2024;05:42;A 95;1;1;2;1;2;0;0;0;0;0;0;0;0;179;36;2;40;2;39;2;5;4;5;0;0;3;12;2;13;6;3;0;0;0;0;0;0;0;0;0;0;0;0;0;0;0;0;0;0;0;0;0;0;0;0;0;0;0;0
02.02.2024;05:41;A 95;1;2;1;4;9;2;4;4;3;4;7;4;7;218;42;1;1;2;11;1;1;3;3;0;0;2;5;1;1;3;2;0;0;0;0;0;0;0;0;0;0;0;0;0;0;0;0;0;0;0;0;0;0;0;0;0;0;0;0
02.02.2024;05:40;A 95;1;2;1;2;66;4;9;2;2;1;2;1;1;227;48;2;2;1;6;2;5;2;1;1;6;0;0;0;0;2;1;0;0;0;0;0;0;0;0;0;0;0;0;0;0;0;0;0;0;0;0;0;0;0;0;0;0;0;0
02.02.2024;05:39;A 95;1;0;0;0;0;0;0;1;1;1;1;1;1;219;47;0;0;0;0;0;0;0;0;0;0;0;0;0;0;0;0;0;0;0;0;0;0;0;0;0;0;0;0;0;0;0;0;0;0;0;0;0;0;0;0;0;0;0;0
02.02.2024;05:38;A 95;1;1;1;1;1;1;1;0;0;0;0;0;0;230;45;2;23;0;0;2;9;0;0;0;0;2;26;1;4;2;1;0;0;0;0;0;0;0;0;0;0;0;0;0;0;0;0;0;0;0;0;0;0;0;0;0;0;0;0
02.02.2024;05:37;A 95;1;0;0;0;0;0;0;2;2;2;1;2;3;191;43;0;0;2;14;0;0;2;1;0;0;2;15;1;5;2;1;0;0;0;0;0;0;0;0;0;0;0;0;0;0;0;0;0;0;0;0;0;0;0;0;0;0;0;0
02.02.2024;05:36;A 95;1;0;0;0;0;0;0;4;15;2;49;1;1;215;53;1;0;2;14;1;1;3;3;0;0;0;0;0;0;1;0;0;0;0;0;0;0;0;0;0;0;0;0;0;0;0;0;0;0;0;0;0;0;0;0;0;0;0;0
02.02.2024;05:35;A 95;1;0;0;0;0;0;0;1;1;1;1;2;3;241;48;0;0;0;0;0;0;0;0;0;0;0;0;0;0;0;0;0;0;0;0;0;0;0;0;0;0;0;0;0;0;0;0;0;0;0;0;0;0;0;0;0;0;0;0
02.02.2024;05:34;A 95;1;2;2;5;14;2;21;0;0;1;0;1;0;257;49;0;0;1;6;0;0;1;1;0;0;1;8;1;1;2;1;0;0;0;0;0;0;0;0;0;0;0;0;0;0;0;0;0;0;0;0;0;0;0;0;0;0;0;0
02.02.2024;05:33;A 95;1;3;36;3;89;4;61;2;2;3;2;3;4;247;51;1;0;0;0;0;0;0;0;0;0;2;13;3;3;0;0;0;0;0;0;0;0;0;0;0;0;0;0;0;0;0;0;0;0;0;0;0;0;0;0;0;0;0;0
02.02.2024;05:32;A 95;1;1;77;0;74;1;1;0;0;0;0;0;0;260;47;0;0;1;3;0;0;1;0;0;0;0;0;0;0;1;0;0;0;0;0;0;0;0;0;0;0;0;0;0;0;0;0;0;0;0;0;0;0;0;0;0;0;0;0
02.02.2024;05:31;A 95;1;2;14;3;13;3;5;2;1;4;23;4;9;231;51;0;0;0;0;0;0;0;0;1;6;0;0;0;0;0;0;0;1;0;0;0;0;0;0;0;0;0;0;0;0;0;0;0;0;0;0;0;0;0;0;0;0;0;0
02.02.2024;05:30;A 95;1;2;2;2;2;1;1;3;45;3;10;6;7;203;49;0;0;1;6;0;0;1;1;0;0;0;0;0;0;1;1;1;0;0;0;0;0;0;0;0;0;0;0;0;0;0;0;0;0;0;0;0;0;0;0;0;0;0;0
02.02.2024;05:29;A 95;1;3;3;2;2;3;3;0;0;0;0;0;0;195;48;0;18;1;7;0;14;1;2;0;0;1;10;1;4;1;0;0;0;0;0;0;0;0;0;0;0;0;0;0;0;0;0;0;0;0;0;0;0;0;0;0;0;0;0
02.02.2024;05:28;A 95;1;1;1;1;1;1;1;10;22;4;25;4;6;225;51;2;24;2;11;1;26;2;4;0;0;0;0;0;0;1;0;0;0;0;0;0;0;0;0;0;0;0;0;0;0;0;0;0;0;0;0;0;0;0;0;0;0;0;0
02.02.2024;05:27;A 95;1;0;0;0;0;0;0;3;16;3;8;3;5;206;54;0;0;0;0;0;0;0;0;0;0;0;0;0;0;0;0;0;0;0;0;0;0;0;0;0;0;0;0;0;0;0;0;0;0;0;0;0;0;0;0;0;0;0;0
02.02.2024;05:26;A 95;1;0;0;0;0;0;0;2;1;1;1;1;1;212;50;0;0;0;0;0;0;0;0;0;0;0;0;0;0;0;0;0;0;0;0;0;0;0;0;0;0;0;0;0;0;0;0;0;0;0;0;0;0;0;0;0;0;0;0
02.02.2024;05:25;A 95;1;0;0;0;0;0;0;1;0;1;1;1;1;208;52;1;1;0;1;1;2;0;0;0;0;0;0;0;0;1;0;0;0;0;0;0;0;0;0;0;0;0;0;0;0;0;0;0;0;0;0;0;0;0;0;0;0;0;0
02.02.2024;05:24;A 95;1;0;0;0;0;0;0;0;0;0;0;0;0;150;49;0;0;2;10;0;0;2;2;0;0;0;0;0;0;1;1;0;0;0;0;0;0;0;0;0;0;0;0;0;0;0;0;0;0;0;0;0;0;0;0;0;0;0;0
02.02.2024;05:23;A 95;1;2;1;1;1;0;0;1;0;3;3;3;3;216;43;0;0;0;0;0;0;0;0;0;0;1;9;1;2;2;1;0;0;0;0;0;0;0;0;0;0;0;0;0;0;0;0;0;0;0;0;0;0;0;0;0;0;0;0
02.02.2024;05:22;A 95;1;1;0;1;1;0;0;0;0;0;0;0;0;184;44;0;0;1;9;0;0;2;2;0;0;1;4;1;3;0;0;0;0;0;0;0;0;0;0;0;0;0;0;0;0;0;0;0;0;0;0;0;0;0;0;0;0;0;0
02.02.2024;05:21;A 95;1;0;0;0;0;0;0;1;1;1;1;1;1;253;51;0;0;1;5;0;0;1;1;0;0;2;5;1;1;1;0;0;0;0;0;0;0;0;0;0;0;0;0;0;0;0;0;0;0;0;0;0;0;0;0;0;0;0;0
02.02.2024;05:20;A 95;1;1;2;1;1;1;1;2;1;2;2;2;1;201;41;0;0;0;0;0;0;0;0;0;0;0;0;0;0;0;0;0;0;0;0;0;0;0;0;0;0;0;0;0;0;0;0;0;0;0;0;0;0;0;0;0;0;0;0
02.02.2024;05:19;A 95;1;0;0;0;0;0;0;0;0;2;3;2;4;184;37;2;50;2;11;2;5;2;1;0;0;0;0;0;0;3;2;0;0;0;0;0;0;0;0;0;0;0;0;0;0;0;0;0;0;0;0;0;0;0;0;0;0;0;0
02.02.2024;05:18;A 95;1;2;4;1;11;1;1;1;1;1;1;2;1;172;37;0;0;1;6;0;0;2;1;0;0;0;0;0;0;0;0;0;0;0;0;0;0;0;0;0;0;0;0;0;0;0;0;0;0;0;0;0;0;0;0;0;0;0;0
02.02.2024;05:17;A 95;1;4;20;3;40;2;4;0;0;0;0;0;0;141;21;0;0;1;8;0;0;1;1;0;0;0;0;0;0;1;0;0;0;0;0;0;0;0;0;0;0;0;0;0;0;0;0;0;0;0;0;0;0;0;0;0;0;0;0
02.02.2024;05:16;A 95;1;0;0;0;0;0;0;0;0;2;2;0;0;129;28;0;0;0;0;0;0;0;0;1;3;1;8;1;1;0;0;0;0;0;0;0;0;0;0;0;0;0;0;0;0;0;0;0;0;0;0;0;0;0;0;0;0;0;0
02.02.2024;05:15;A 95;1;3;3;2;3;2;3;1;1;1;1;1;0;203;47;0;14;0;0;0;0;0;0;0;0;0;0;0;0;1;1;0;0;0;0;0;0;0;0;0;0;0;0;0;0;0;0;0;0;0;0;0;0;0;0;0;0;0;0
02.02.2024;05:14;A 95;1;0;0;0;0;0;0;1;1;1;1;0;0;219;46;1;5;2;18;1;2;2;2;0;0;0;2;0;0;1;2;0;0;0;0;0;0;0;0;0;0;0;0;0;0;0;0;0;0;0;0;0;0;0;0;0;0;0;0
02.02.2024;05:13;A 95;1;0;0;0;0;0;0;1;1;1;1;1;1;236;44;1;22;2;41;1;10;2;6;0;0;1;1;1;1;1;0;0;0;0;0;0;0;0;0;0;0;0;0;0;0;0;0;0;0;0;0;0;0;0;0;0;0;0;0
02.02.2024;05:12;A 95;1;2;1;0;0;0;0;0;0;0;0;0;0;258;52;0;0;0;0;0;0;0;0;0;0;1;6;1;1;0;0;0;0;0;0;0;0;0;0;0;0;0;0;0;0;0;0;0;0;0;0;0;0;0;0;0;0;0;0
02.02.2024;05:11;A 95;1;0;0;1;1;0;0;1;1;1;1;1;1;277;53;0;0;0;0;0;0;0;0;0;0;0;0;0;0;0;0;0;0;0;0;0;0;0;0;0;0;0;0;0;0;0;0;0;0;0;0;0;0;0;0;0;0;0;0
02.02.2024;05:10;A 95;1;0;0;0;0;0;0;0;0;0;0;0;0;216;51;0;0;0;0;0;0;0;0;0;0;0;0;0;0;0;0;0;0;0;0;0;0;0;0;0;0;0;0;0;0;0;0;0;0;0;0;0;0;0;0;0;0;0;0
02.02.2024;05:09;A 95;1;0;0;0;0;0;0;0;0;0;0;0;0;191;33;1;10;0;0;4;10;0;0;0;0;0;0;0;0;0;0;0;0;0;0;0;0;0;0;0;0;0;0;0;0;0;0;0;0;0;0;0;0;0;0;0;0;0;0
02.02.2024;05:08;A 95;1;0;0;0;0;0;0;1;1;1;1;1;1;225;42;2;33;0;0;1;2;0;0;0;0;3;33;1;7;0;0;0;0;0;0;0;0;0;0;0;0;0;0;0;0;0;0;0;0;0;0;0;0;0;0;0;0;0;0
02.02.2024;05:07;A 95;1;1;0;1;0;1;1;0;0;0;0;0;0;238;44;1;1;2;7;2;3;1;1;0;0;0;0;0;0;1;0;0;0;0;0;0;0;0;0;0;0;0;0;0;0;0;0;0;0;0;0;0;0;0;0;0;0;0;0
02.02.2024;05:06;A 95;1;1;0;1;1;1;0;0;0;0;0;0;0;272;52;1;10;0;0;1;3;0;0;0;0;0;0;0;0;0;0;0;0;0;0;0;0;0;0;0;0;0;0;0;0;0;0;0;0;0;0;0;0;0;0;0;0;0;0
02.02.2024;05:05;A 95;1;0;0;0;0;0;0;0;0;0;0;0;0;274;45;0;0;0;0;0;0;0;0;0;0;1;5;1;1;0;0;0;0;0;0;0;0;0;0;0;0;0;0;0;0;0;0;0;0;0;0;0;0;0;0;0;0;0;0
02.02.2024;05:04;A 95;1;1;0;1;1;1;1;0;0;0;0;0;0;221;38;0;0;1;4;0;0;1;0;0;0;0;0;0;0;1;0;0;0;0;0;0;0;0;0;0;0;0;0;0;0;0;0;0;0;0;0;0;0;0;0;0;0;0;0
02.02.2024;05:03;A 95;1;0;0;0;0;0;0;2;3;2;8;2;3;233;42;0;0;0;0;0;0;0;0;0;0;0;0;0;0;0;0;0;0;0;0;0;0;0;0;0;0;0;0;0;0;0;0;0;0;0;0;0;0;0;0;0;0;0;0
02.02.2024;05:02;A 95;1;0;0;0;0;0;0;0;0;0;0;0;0;277;54;0;0;4;34;0;0;3;3;0;0;0;0;0;0;2;1;0;0;0;0;0;0;0;0;0;0;0;0;0;0;0;0;0;0;0;0;0;0;0;0;0;0;0;0
02.02.2024;05:01;A 95;1;0;0;0;0;0;0;1;0;1;1;1;1;223;36;1;65;0;0;1;4;0;0;1;0;0;0;0;0;0;0;0;0;0;0;0;0;0;0;0;0;0;0;0;0;0;0;0;0;0;0;0;0;0;0;0;0;0;0
02.02.2024;05:00;A 95;1;0;0;1;1;1;0;0;0;0;0;0;0;267;46;0;0;0;0;0;0;0;0;1;0;1;5;1;1;0;0;0;0;0;0;0;0;0;0;0;0;0;0;0;0;0;0;0;0;0;0;0;0;0;0;0;0;0;0
02.02.2024;04:59;A 95;1;0;0;0;0;0;0;0;0;0;0;0;0;257;49;0;0;0;0;0;0;0;0;0;0;2;9;1;9;0;0;0;0;0;0;0;0;0;0;0;0;0;0;0;0;0;0;0;0;0;0;0;0;0;0;0;0;0;0
02.02.2024;04:58;A 95;1;0;0;0;0;0;0;0;0;0;0;0;0;280;50;0;0;0;0;0;0;0;0;0;0;2;55;2;50;0;0;0;0;0;0;0;0;0;0;0;0;0;0;0;0;0;0;0;0;0;0;0;0;0;0;0;0;0;0
02.02.2024;04:57;A 95;1;0;0;0;0;0;0;0;0;0;0;0;0;276;47;0;0;0;1;0;0;0;0;0;0;4;9;2;2;1;1;0;0;0;0;0;0;0;0;0;0;0;0;0;0;0;0;0;0;0;0;0;0;0;0;0;0;0;0
02.02.2024;04:56;A 95;1;0;0;0;0;0;0;0;0;1;1;1;1;237;39;0;0;2;29;0;0;1;2;0;0;0;0;0;0;0;0;0;0;0;0;0;0;0;0;0;0;0;0;0;0;0;0;0;0;0;0;0;0;0;0;0;0;0;0
02.02.2024;04:55;A 95;1;0;0;0;0;0;0;0;0;0;0;0;0;255;47;0;0;0;0;0;0;0;0;0;0;0;0;0;0;0;0;0;0;0;0;0;0;0;0;0;0;0;0;0;0;0;0;0;0;0;0;0;0;0;0;0;0;0;0
02.02.2024;04:54;A 95;1;0;0;0;0;0;0;0;0;0;0;0;0;228;38;0;0;0;0;0;0;0;0;0;0;0;0;0;0;0;0;0;0;0;0;0;0;0;0;0;0;0;0;0;0;0;0;0;0;0;0;0;0;0;0;0;0;0;0
02.02.2024;04:53;A 95;1;0;0;0;0;0;0;0;0;0;0;0;0;208;30;0;0;0;0;0;0;0;0;0;0;1;4;1;2;0;0;0;0;0;0;0;0;0;0;0;0;0;0;0;0;0;0;0;0;0;0;0;0;0;0;0;0;0;0
02.02.2024;04:52;A 95;1;0;0;1;0;1;1;2;2;1;1;1;1;202;30;0;0;2;4;0;0;1;1;0;0;0;0;0;0;1;0;0;0;0;0;0;0;0;0;0;0;0;0;0;0;0;0;0;0;0;0;0;0;0;0;0;0;0;0
02.02.2024;04:51;A 95;1;0;0;0;0;0;0;0;0;0;0;0;0;209;33;0;0;0;0;0;0;0;0;0;0;0;0;0;0;0;0;0;0;0;0;0;0;0;0;0;0;0;0;0;0;0;0;0;0;0;0;0;0;0;0;0;0;0;0
02.02.2024;04:50;A 95;1;0;0;0;0;0;0;0;0;0;0;0;0;198;31;1;24;0;0;1;7;0;0;0;0;3;4;1;1;0;0;0;0;0;0;0;0;0;0;0;0;0;0;0;0;0;0;0;0;0;0;0;0;0;0;0;0;0;0
02.02.2024;04:49;A 95;1;0;0;1;2;2;2;0;0;0;0;0;0;187;29;1;4;1;11;1;2;1;4;0;0;0;0;0;0;0;0;0;0;0;0;0;0;0;0;0;0;0;0;0;0;0;0;0;0;0;0;0;0;0;0;0;0;0;0
02.02.2024;04:48;A 95;1;0;0;0;0;0;0;0;0;0;0;0;0;194;28;0;0;0;0;0;0;0;0;0;0;0;0;0;0;0;0;0;0;0;0;0;0;0;0;0;0;0;0;0;0;0;0;0;0;0;0;0;0;0;0;0;0;0;0
02.02.2024;04:47;A 95;1;0;0;0;0;0;0;0;0;0;0;0;0;180;23;0;0;0;0;0;0;0;0;0;0;0;0;0;0;0;0;0;0;0;0;0;0;0;0;0;0;0;0;0;0;0;0;0;0;0;0;0;0;0;0;0;0;0;0
02.02.2024;04:46;A 95;1;1;2;1;2;1;1;0;0;0;0;1;0;180;32;0;0;0;0;0;0;0;0;0;0;0;2;0;1;0;1;0;0;0;0;0;0;0;0;0;0;0;0;0;0;0;0;0;0;0;0;0;0;0;0;0;0;0;0
02.02.2024;04:45;A 95;1;1;0;1;0;1;0;0;0;2;1;1;1;225;45;1;9;0;0;3;10;0;0;1;0;1;3;1;1;1;1;0;0;0;0;0;0;0;0;0;0;0;0;0;0;0;0;0;0;0;0;0;0;0;0;0;0;0;0
02.02.2024;04:44;A 95;1;4;8;3;4;2;3;0;0;0;0;0;0;221;43;1;9;1;4;1;11;2;1;0;0;0;0;0;0;1;0;0;0;0;0;0;0;0;0;0;0;0;0;0;0;0;0;0;0;0;0;0;0;0;0;0;0;0;0
02.02.2024;04:43;A 95;1;0;0;0;0;1;0;0;0;0;0;0;0;227;37;0;0;0;0;0;0;0;0;0;0;0;0;0;0;0;0;0;0;0;0;0;0;0;0;0;0;0;0;0;0;0;0;0;0;0;0;0;0;0;0;0;0;0;0
02.02.2024;04:42;A 95;1;0;0;0;0;0;0;0;0;0;0;0;0;221;40;0;0;0;0;0;0;3;2;0;0;0;0;0;0;0;0;0;0;0;0;0;0;0;0;0;0;0;0;0;0;0;0;0;0;0;0;0;0;0;0;0;0;0;0
02.02.2024;04:41;A 95;1;0;0;0;0;0;0;0;0;0;0;0;0;216;50;0;0;0;0;0;0;0;0;0;0;0;0;0;0;0;0;0;0;0;0;0;0;0;0;0;0;0;0;0;0;0;0;0;0;0;0;0;0;0;0;0;0;0;0
02.02.2024;04:40;A 95;1;0;0;1;1;1;1;0;0;1;1;1;1;234;48;0;0;0;0;0;0;0;0;0;0;1;4;1;0;0;0;0;0;0;0;0;0;0;0;0;0;0;0;0;0;0;0;0;0;0;0;0;0;0;0;0;0;0;0
02.02.2024;04:39;A 95;1;0;0;0;0;0;0;0;0;0;0;0;0;222;43;0;0;0;0;0;0;0;0;0;0;0;0;0;0;0;0;0;0;0;0;0;0;0;0;0;0;0;0;0;0;0;0;0;0;0;0;0;0;0;0;0;0;0;0
02.02.2024;04:38;A 95;1;0;0;0;0;0;0;0;0;1;1;0;0;240;42;0;0;0;0;0;0;0;0;0;0;0;0;0;0;0;0;0;0;0;0;0;0;0;0;0;0;0;0;0;0;0;0;0;0;0;0;0;0;0;0;0;0;0;0
02.02.2024;04:37;A 95;1;0;0;1;0;1;0;0;0;0;0;0;0;219;36;0;0;0;0;0;0;0;0;0;0;1;8;1;2;0;0;0;0;0;0;0;0;0;0;0;0;0;0;0;0;0;0;0;0;0;0;0;0;0;0;0;0;0;0
02.02.2024;04:36;A 95;1;0;0;0;0;0;0;1;1;1;0;1;1;212;37;0;0;0;0;0;0;0;0;0;0;1;6;1;1;0;0;0;0;0;0;0;0;0;0;0;0;0;0;0;0;0;0;0;0;0;0;0;0;0;0;0;0;0;0
02.02.2024;04:35;A 95;1;0;0;0;0;0;0;1;0;1;1;1;1;240;36;0;0;0;0;0;0;0;0;0;0;0;0;0;0;0;0;0;0;0;0;0;0;0;0;0;0;0;0;0;0;0;0;0;0;0;0;0;0;0;0;0;0;0;0
02.02.2024;04:34;A 95;1;0;0;1;1;1;1;0;0;0;0;0;0;220;44;0;0;0;0;0;0;0;0;0;0;0;0;0;0;1;0;0;0;0;0;0;0;0;0;0;0;0;0;0;0;0;0;0;0;0;0;0;0;0;0;0;0;0;0
02.02.2024;04:33;A 95;1;0;0;0;0;0;0;0;0;0;0;0;0;235;44;0;0;1;6;0;0;1;1;0;0;0;0;0;0;0;0;0;0;0;0;0;0;0;0;0;0;0;0;0;0;0;0;0;0;0;0;0;0;0;0;0;0;0;0
02.02.2024;04:32;A 95;1;0;0;0;0;0;0;0;0;0;0;0;0;228;36;0;0;2;6;0;0;1;1;0;0;1;4;1;1;1;0;0;0;0;0;0;0;0;0;0;0;0;0;0;0;0;0;0;0;0;0;0;0;0;0;0;0;0;0
02.02.2024;04:31;A 95;1;0;0;0;0;0;0;2;1;3;7;3;4;197;34;0;0;0;0;0;0;0;0;0;0;0;0;0;0;0;0;0;0;0;0;0;0;0;0;0;0;0;0;0;0;0;0;0;0;0;0;0;0;0;0;0;0;0;0
02.02.2024;04:30;A 95;1;2;1;1;1;1;1;0;0;0;0;0;0;199;33;0;0;0;0;0;0;0;0;0;0;0;0;0;0;0;0;0;0;0;0;0;0;0;0;0;0;0;0;0;0;0;0;0;0;0;0;0;0;0;0;0;0;0;0
02.02.2024;04:29;A 95;1;1;0;1;1;1;0;2;1;2;2;2;2;133;22;0;0;0;0;0;0;1;0;0;0;0;0;0;0;0;0;0;0;0;0;0;0;0;0;0;0;0;0;0;0;0;0;0;0;0;0;0;0;0;0;0;0;0;0
02.02.2024;04:28;A 95;1;0;0;1;1;1;1;2;1;1;1;1;1;0;88;0;0;0;0;0;0;0;0;0;0;0;0;0;0;0;0;0;0;0;0;0;0;0;0;0;0;0;0;0;0;0;0;0;0;0;0;0;0;0;0;0;0;0;0
02.02.2024;04:27;A 95;1;0;0;1;1;1;1;0;0;0;0;0;0;0;100;0;0;0;0;0;0;0;0;0;0;0;0;0;0;0;0;0;0;0;0;0;0;0;0;0;0;0;0;0;0;0;0;0;0;0;0;0;0;0;0;0;0;0;0
02.02.2024;04:26;A 95;1;0;0;0;0;0;0;0;0;1;1;1;1;0;100;0;0;0;0;0;0;0;0;0;0;0;0;0;0;1;0;0;0;0;0;0;0;0;0;0;0;0;0;0;0;0;0;0;0;0;0;0;0;0;0;0;0;0;0
02.02.2024;04:25;A 95;1;0;0;0;0;0;0;0;0;0;0;0;0;1;4;1;14;1;4;1;7;1;0;0;0;0;0;0;0;0;0;0;0;0;0;0;0;0;0;0;0;0;0;0;0;0;0;0;0;0;0;0;0;0;0;0;0;0;0
02.02.2024;04:24;A 95;1;0;0;0;0;0;0;0;0;0;0;0;0;0;0;0;0;0;0;0;0;0;0;0;0;0;0;0;0;0;0;0;0;0;0;0;0;0;0;0;0;0;0;0;0;0;0;0;0;0;0;0;0;0;0;0;0;0;0
02.02.2024;04:23;A 95;1;0;0;0;0;0;0;2;0;1;1;1;0;1;0;1;0;0;0;0;0;0;0;0;0;0;0;0;0;0;0;0;0;0;0;0;0;0;0;0;0;0;0;0;0;0;0;0;0;0;0;0;0;0;0;0;0;0;0
02.02.2024;04:22;A 95;1;0;0;0;0;0;0;0;0;0;0;0;0;0;0;0;0;0;0;0;0;0;0;0;0;0;0;0;0;0;0;0;0;0;0;0;0;0;0;0;0;0;0;0;0;0;0;0;0;0;0;0;0;0;0;0;0;0;0
02.02.2024;04:21;A 95;1;1;0;1;1;0;0;0;0;0;0;0;0;0;0;0;0;0;0;0;0;0;0;0;0;0;0;0;0;0;0;0;0;0;0;0;0;0;0;0;0;0;0;0;0;0;0;0;0;0;0;0;0;0;0;0;0;0;0
02.02.2024;04:20;A 95;1;0;0;0;0;1;1;2;2;2;5;2;2;0;0;0;0;0;0;0;0;0;0;0;0;0;0;0;0;0;0;0;0;0;0;0;0;0;0;0;0;0;0;0;0;0;0;0;0;0;0;0;0;0;0;0;0;0;0
02.02.2024;04:19;A 95;1;1;1;1;1;1;0;0;0;1;0;1;0;1;1;0;0;0;0;0;0;0;0;0;0;0;0;0;0;0;0;0;0;0;0;0;0;0;0;0;0;0;0;0;0;0;0;0;0;0;0;0;0;0;0;0;0;0;0
02.02.2024;04:18;A 95;1;0;0;0;0;0;0;0;0;0;0;0;0;1;1;0;0;0;0;0;0;0;0;0;0;0;0;0;0;0;0;0;0;0;0;0;0;0;0;0;0;0;0;0;0;0;0;0;0;0;0;0;0;0;0;0;0;0;0
02.02.2024;04:17;A 95;1;0;0;0;0;0;0;0;0;0;0;0;0;1;1;0;0;0;0;0;0;0;0;0;0;0;0;0;0;0;0;0;0;1;1;1;1;0;0;0;0;0;0;0;0;0;0;0;0;0;0;0;0;0;0;0;0;0;0
02.02.2024;04:16;A 95;1;0;0;0;0;0;0;0;0;0;0;0;0;0;0;0;0;0;0;0;0;0;0;0;0;0;0;0;0;0;0;0;0;0;0;0;0;0;0;0;0;0;0;0;0;0;0;0;0;0;0;0;0;0;0;0;0;0;0
02.02.2024;04:15;A 95;1;0;0;0;0;0;0;1;0;1;1;1;1;0;0;0;0;0;0;0;0;0;0;0;0;0;0;0;0;0;0;0;0;0;0;0;0;0;0;0;0;0;0;0;0;0;0;0;0;0;0;0;0;0;0;0;0;0;0
02.02.2024;04:14;A 95;1;0;0;1;1;1;1;0;0;1;1;1;1;0;0;1;0;0;0;0;0;0;0;0;0;0;0;0;0;0;0;0;0;0;0;0;0;0;0;0;0;0;0;0;0;0;0;0;0;0;0;0;0;0;0;0;0;0;0
02.02.2024;04:13;A 95;1;0;0;0;0;0;0;0;0;0;0;0;0;1;1;0;0;0;0;0;0;0;0;0;0;0;0;0;0;0;0;0;0;0;0;0;0;0;0;0;0;0;0;0;0;0;0;0;0;0;0;0;0;0;0;0;0;0;0
02.02.2024;04:12;A 95;1;2;1;1;1;1;1;1;1;1;1;1;1;0;0;0;0;0;0;0;0;0;0;0;0;0;0;0;0;0;0;0;0;0;0;0;0;0;0;0;0;0;0;0;0;0;0;0;0;0;0;0;0;0;0;0;0;0;0
02.02.2024;04:11;A 95;1;0;0;0;0;0;0;0;0;0;0;0;0;0;0;0;0;0;0;0;0;0;0;0;0;0;0;0;0;0;0;0;0;0;0;0;0;0;0;0;0;0;0;0;0;0;0;0;0;0;0;0;0;0;0;0;0;0;0
02.02.2024;04:10;A 95;1;0;0;0;0;0;0;0;0;0;0;0;0;1;1;1;42;0;0;0;0;0;0;0;0;0;0;0;0;0;0;0;0;0;0;0;0;0;0;0;0;0;0;0;0;0;0;0;0;0;0;0;0;0;0;0;0;0;0
02.02.2024;04:09;A 95;1;0;0;0;0;0;0;0;0;0;0;0;0;0;0;0;0;0;0;0;0;0;0;0;0;0;0;0;0;0;0;0;0;0;0;0;0;0;0;0;0;0;0;0;0;0;0;0;0;0;0;0;0;0;0;0;0;0;0
02.02.2024;04:08;A 95;1;0;0;0;0;0;0;0;0;0;0;0;0;0;0;0;0;0;0;0;0;0;0;0;0;1;6;1;2;0;0;0;0;0;0;0;0;0;0;0;0;0;0;0;0;0;0;0;0;0;0;0;0;0;0;0;0;0;0
02.02.2024;04:07;A 95;1;0;0;0;0;0;0;0;0;0;0;0;0;0;0;0;0;0;0;0;0;0;0;0;0;0;0;0;0;0;0;0;0;0;0;0;0;0;0;0;0;0;0;0;0;0;0;0;0;0;0;0;0;0;0;0;0;0;0
02.02.2024;04:06;A 95;1;0;0;0;0;0;0;0;0;0;0;0;0;2;2;0;0;0;0;0;0;1;1;0;0;0;0;0;0;0;0;0;0;0;0;0;0;0;0;0;0;0;0;0;0;0;0;0;0;0;0;0;0;0;0;0;0;0;0
02.02.2024;04:05;A 95;1;1;0;1;1;1;1;0;0;0;0;0;0;0;0;0;0;0;0;0;0;0;0;0;0;0;0;0;0;0;0;0;0;0;0;0;0;0;0;0;0;0;0;0;0;0;0;0;0;0;0;0;0;0;0;0;0;0;0
02.02.2024;04:04;A 95;1;1;1;1;1;1;0;0;0;0;0;0;0;0;0;2;2;0;0;0;0;0;0;0;0;1;3;1;2;1;2;0;0;0;0;0;0;0;0;0;0;0;0;0;0;0;0;0;0;0;0;0;0;0;0;0;0;0;0
02.02.2024;04:03;A 95;1;0;0;0;0;0;0;0;0;0;0;0;0;0;0;0;0;0;0;0;0;0;0;0;0;0;0;0;0;0;0;0;0;0;0;0;0;0;0;0;0;0;0;0;0;0;0;0;0;0;0;0;0;0;0;0;0;0;0
02.02.2024;04:02;A 95;1;0;0;1;0;1;1;0;0;0;0;0;0;0;0;0;0;0;0;0;0;0;0;0;0;0;0;0;0;0;0;0;0;0;0;0;0;0;0;0;0;0;0;0;0;0;0;0;0;0;0;0;0;0;0;0;0;0;0
02.02.2024;04:01;A 95;1;0;0;0;0;0;0;0;0;0;0;0;0;0;0;0;0;0;0;0;0;0;0;0;0;0;0;0;0;0;0;0;0;0;0;0;0;0;0;0;0;0;0;0;0;0;0;0;0;0;0;0;0;0;0;0;0;0;0
02.02.2024;04:00;A 95;1;0;0;0;0;0;0;0;0;0;0;0;0;0;0;0;0;0;0;0;0;0;0;0;0;0;0;0;0;0;0;0;0;0;0;0;0;0;0;0;0;0;0;0;0;0;0;0;0;0;0;0;0;0;0;0;0;0;0
02.02.2024;03:59;A 95;1;0;0;0;0;0;0;0;0;0;0;0;0;1;1;0;0;0;0;0;0;0;0;0;0;0;0;0;0;0;0;0;0;0;0;0;0;0;0;0;0;0;0;0;0;0;0;0;0;0;0;0;0;0;0;0;0;0;0
02.02.2024;03:58;A 95;1;0;0;0;0;0;0;0;0;0;0;0;0;0;0;0;0;0;0;0;0;0;0;0;0;0;0;0;0;1;0;0;0;0;0;0;0;0;0;0;0;0;0;0;0;0;0;0;0;0;0;0;0;0;0;0;0;0;0
02.02.2024;03:57;A 95;1;0;0;0;0;0;0;0;0;0;0;0;0;1;1;0;0;1;5;0;0;1;1;0;0;0;0;0;0;0;0;0;0;0;0;0;0;0;0;0;0;0;0;0;0;0;0;0;0;0;0;0;0;0;0;0;0;0;0
02.02.2024;03:56;A 95;1;0;0;0;0;0;0;0;0;0;0;0;0;0;0;0;0;0;0;0;0;0;0;0;0;0;0;0;0;0;0;0;0;0;0;0;0;0;0;0;0;0;0;0;0;0;0;0;0;0;0;0;0;0;0;0;0;0;0
02.02.2024;03:55;A 95;1;0;0;0;0;0;0;0;0;0;0;0;0;1;0;0;0;0;0;0;0;1;0;0;0;0;0;0;0;0;0;0;0;0;0;0;0;0;0;0;0;0;0;0;0;0;0;0;0;0;0;0;0;0;0;0;0;0;0
02.02.2024;03:54;A 95;1;0;0;0;0;0;0;0;0;1;1;1;1;0;0;0;0;0;0;0;0;0;0;0;0;0;0;0;0;0;0;0;0;0;0;0;0;0;0;0;0;0;0;0;0;0;0;0;0;0;0;0;0;0;0;0;0;0;0
02.02.2024;03:53;A 95;1;0;0;0;0;0;0;0;0;0;0;0;0;0;0;0;0;2;8;0;0;1;1;0;0;0;0;0;0;2;1;0;0;0;0;0;0;0;0;0;0;0;0;0;0;0;0;0;0;0;0;0;0;0;0;0;0;0;0
02.02.2024;03:52;A 95;1;0;0;0;0;0;0;0;0;0;0;0;0;0;0;0;0;2;4;0;0;2;1;0;0;0;0;0;0;1;0;0;0;0;0;0;0;0;0;0;0;0;0;0;0;0;0;0;0;0;0;0;0;0;0;0;0;0;0
02.02.2024;03:51;A 95;1;1;2;1;1;1;1;1;0;1;0;1;0;1;1;0;0;0;0;0;0;0;0;0;0;0;0;0;0;0;0;0;0;0;0;0;0;0;0;0;0;0;0;0;0;0;0;0;0;0;0;0;0;0;0;0;0;0;0
02.02.2024;03:50;A 95;1;0;0;0;0;0;0;0;0;0;0;0;0;1;1;0;0;0;0;0;0;0;0;0;0;0;0;0;0;0;0;0;0;0;0;0;0;0;0;0;0;0;0;0;0;0;0;0;0;0;0;0;0;0;0;0;0;0;0
02.02.2024;03:49;A 95;1;0;0;0;0;0;0;0;0;0;0;0;0;0;0;0;0;0;0;0;0;0;0;0;0;0;0;0;0;0;0;0;0;0;0;0;0;0;0;0;0;0;0;0;0;0;0;0;0;0;0;0;0;0;0;0;0;0;0
02.02.2024;03:48;A 95;1;1;0;1;1;0;0;0;0;0;0;0;0;0;0;0;0;0;0;0;0;0;0;0;0;0;0;0;0;0;0;0;0;0;0;0;0;0;0;0;0;0;0;0;0;0;0;0;0;0;0;0;0;0;0;0;0;0;0
02.02.2024;03:47;A 95;1;0;0;0;0;0;0;0;0;0;0;0;0;0;0;0;0;0;0;0;0;0;0;0;0;0;0;0;0;0;0;0;0;0;0;0;0;0;0;0;0;0;0;0;0;0;0;0;0;0;0;0;0;0;0;0;0;0;0
02.02.2024;03:46;A 95;1;0;0;0;0;0;0;1;0;1;1;1;1;0;0;0;0;0;0;0;0;0;0;0;0;1;5;1;0;0;0;0;0;0;0;0;0;0;0;0;0;0;0;0;0;0;0;0;0;0;0;0;0;0;0;0;0;0;0
02.02.2024;03:45;A 95;1;0;0;0;0;0;0;1;2;1;2;2;2;1;4;2;4;1;9;2;2;1;3;0;0;0;0;0;0;0;0;0;0;0;0;0;0;0;0;0;0;0;0;0;0;0;0;0;0;0;0;0;0;0;0;0;0;0;0
02.02.2024;03:44;A 95;1;0;0;1;1;1;1;0;0;0;0;0;0;0;0;0;0;0;0;0;0;0;0;0;0;0;0;0;0;0;0;0;0;0;0;0;0;0;0;0;0;0;0;0;0;0;0;0;0;0;0;0;0;0;0;0;0;0;0
02.02.2024;03:43;A 95;1;0;0;0;0;0;0;0;0;1;1;1;1;0;0;0;0;0;0;0;0;0;0;0;0;0;0;0;0;0;0;0;0;0;0;0;0;0;0;0;0;0;0;0;0;0;0;0;0;0;0;0;0;0;0;0;0;0;0
02.02.2024;03:42;A 95;1;0;0;0;0;0;0;0;0;0;0;0;0;0;0;0;0;0;0;0;0;0;0;0;0;0;0;0;0;0;0;0;0;0;0;0;0;0;0;0;0;0;0;0;0;0;0;0;0;0;0;0;0;0;0;0;0;0;0
02.02.2024;03:41;A 95;1;0;0;0;0;0;0;0;0;0;0;0;0;1;1;0;0;0;0;0;0;0;0;0;0;0;0;0;0;0;0;0;0;0;0;0;0;0;0;0;0;0;0;0;0;0;0;0;0;0;0;0;0;0;0;0;0;0;0
02.02.2024;03:40;A 95;1;0;0;0;0;0;0;0;0;0;0;0;0;0;0;0;0;0;0;0;0;0;0;0;0;0;0;0;0;0;0;0;0;0;0;0;0;0;0;0;0;0;0;0;0;0;0;0;0;0;0;0;0;0;0;0;0;0;0
02.02.2024;03:39;A 95;1;0;0;0;0;0;0;0;0;0;0;0;0;0;0;0;0;0;0;0;0;0;0;0;0;0;0;0;0;0;0;0;0;0;0;0;0;0;0;0;0;0;0;0;0;0;0;0;0;0;0;0;0;0;0;0;0;0;0
02.02.2024;03:38;A 95;1;0;0;1;1;1;1;2;7;2;4;3;5;0;0;1;0;0;0;0;0;0;0;0;0;0;0;0;0;0;0;0;0;0;0;0;0;0;0;0;0;0;0;0;0;0;0;0;0;0;0;0;0;0;0;0;0;0;0
02.02.2024;03:37;A 95;1;0;0;0;0;0;0;0;0;0;0;0;0;0;0;0;0;0;0;0;0;0;0;0;0;0;0;0;0;0;0;0;0;0;0;0;0;0;0;0;0;0;0;0;0;0;0;0;0;0;0;0;0;0;0;0;0;0;0
02.02.2024;03:36;A 95;1;1;1;1;1;1;0;0;0;0;0;0;0;0;0;0;0;0;0;0;0;0;0;0;0;0;0;0;0;0;0;0;0;0;0;0;0;0;0;0;0;0;0;0;0;0;0;0;0;0;0;0;0;0;0;0;0;0;0
02.02.2024;03:35;A 95;1;0;0;0;0;0;0;0;0;0;0;0;0;0;0;0;0;0;0;0;0;0;0;0;0;0;0;0;0;0;0;0;0;0;0;0;0;0;0;0;0;0;0;0;0;0;0;0;0;0;0;0;0;0;0;0;0;0;0
02.02.2024;03:34;A 95;1;0;0;0;0;0;0;0;0;0;0;0;0;1;1;0;0;0;0;0;0;0;0;0;0;0;0;0;0;1;0;0;0;0;0;0;0;0;0;0;0;0;0;0;0;0;0;0;0;0;0;0;0;0;0;0;0;0;0
02.02.2024;03:33;A 95;1;0;0;0;0;0;0;0;0;0;0;0;0;2;2;0;0;2;10;0;0;1;1;0;0;0;0;0;0;0;0;0;0;0;0;0;0;0;0;0;0;0;0;0;0;0;0;0;0;0;0;0;0;0;0;0;0;0;0
02.02.2024;03:32;A 95;1;0;0;0;0;0;0;0;0;0;0;0;0;0;0;0;0;0;0;0;0;0;0;0;0;1;5;1;0;0;0;0;0;0;0;0;0;0;0;0;0;0;0;0;0;0;0;0;0;0;0;0;0;0;0;0;0;0;0
02.02.2024;03:31;A 95;1;0;0;0;0;0;0;0;0;0;0;0;0;0;0;0;0;0;0;0;0;0;0;0;0;0;0;0;0;0;0;0;0;0;0;0;0;0;0;0;0;0;0;0;0;0;0;0;0;0;0;0;0;0;0;0;0;0;0
02.02.2024;03:30;A 95;1;0;0;0;0;0;0;0;0;0;0;0;0;1;1;0;7;0;0;0;0;0;0;0;0;1;2;1;1;0;0;0;0;0;0;0;0;0;0;0;0;0;0;0;0;0;0;0;0;0;0;0;0;0;0;0;0;0;0
02.02.2024;03:29;A 95;1;1;0;1;7;3;31;2;1;1;8;0;0;1;1;1;11;2;4;1;2;1;0;0;0;0;0;0;0;1;0;0;0;0;0;0;0;0;0;0;0;0;0;0;0;0;0;0;0;0;0;0;0;0;0;0;0;0;0
02.02.2024;03:28;A 95;1;0;0;0;0;0;0;0;0;0;0;0;0;0;0;0;0;0;0;0;0;0;0;0;0;0;0;0;0;0;0;0;0;0;0;0;0;0;0;0;0;0;0;0;0;0;0;0;0;0;0;0;0;0;0;0;0;0;0
02.02.2024;03:27;A 95;1;1;0;1;1;1;0;0;0;0;0;0;0;0;0;1;1;0;0;1;1;1;0;0;0;0;0;0;0;0;0;0;0;0;0;0;0;0;0;0;0;0;0;0;0;0;0;0;0;0;0;0;0;0;0;0;0;0;0
02.02.2024;03:26;A 95;1;0;0;0;0;0;0;0;0;0;0;0;0;1;1;0;0;0;0;0;0;0;0;0;0;0;0;0;0;0;0;0;0;0;0;0;0;0;0;0;0;0;0;0;0;0;0;0;0;0;0;0;0;0;0;0;0;0;0
02.02.2024;03:25;A 95;1;0;0;0;0;0;0;0;0;0;0;0;0;2;2;0;0;1;2;0;0;1;1;0;0;3;18;1;5;0;0;0;0;0;0;0;0;0;0;0;0;0;0;0;0;0;0;0;0;0;0;0;0;0;0;0;0;0;0
02.02.2024;03:24;A 95;1;0;0;0;0;0;0;0;0;0;0;0;0;0;0;1;0;1;2;0;0;1;0;0;0;0;0;0;0;1;0;0;0;0;0;0;0;0;0;0;0;0;0;0;0;0;0;0;0;0;0;0;0;0;0;0;0;0;0
02.02.2024;03:23;A 95;1;3;2;2;3;2;2;0;0;1;1;1;0;0;0;0;0;0;0;0;0;0;0;0;0;0;0;0;0;1;1;0;0;0;0;0;0;0;0;0;0;0;0;0;0;0;0;0;0;0;0;0;0;0;0;0;0;0;0
02.02.2024;03:22;A 95;1;0;0;1;1;1;1;0;0;0;0;0;0;0;0;0;0;0;0;0;0;0;0;0;0;1;0;0;0;0;0;0;0;0;0;0;0;0;0;0;0;0;0;0;0;0;0;0;0;0;0;0;0;0;0;0;0;0;0
02.02.2024;03:21;A 95;1;1;0;1;1;1;1;0;0;0;0;0;0;0;0;0;0;0;0;0;0;0;0;0;0;6;15;1;1;0;0;0;0;0;0;0;0;0;0;0;0;0;0;0;0;0;0;0;0;0;0;0;0;0;0;0;0;0;0
02.02.2024;03:20;A 95;1;0;0;0;0;0;0;0;0;0;0;0;0;0;0;0;0;0;1;0;0;0;0;0;0;0;0;1;0;1;1;0;0;0;0;0;0;0;0;0;0;0;0;0;0;0;0;0;0;0;0;0;0;0;0;0;0;0;0
02.02.2024;03:19;A 95;1;0;0;0;0;0;0;0;0;0;0;0;0;0;0;0;0;1;3;0;0;1;1;0;0;1;14;1;2;0;0;0;0;0;0;0;0;0;0;0;0;0;0;0;0;0;0;0;0;0;0;0;0;0;0;0;0;0;0
02.02.2024;03:18;A 95;1;0;0;0;0;0;0;0;0;0;0;0;0;0;0;0;0;1;2;0;0;1;1;0;0;0;0;0;0;1;0;0;0;0;0;0;0;0;0;0;0;0;0;0;0;0;0;0;0;0;0;0;0;0;0;0;0;0;0
02.02.2024;03:17;A 95;1;0;0;0;0;0;0;0;0;0;0;0;0;0;0;0;0;0;1;0;0;0;0;0;0;0;0;1;0;1;1;0;0;0;0;0;0;0;0;0;0;0;0;0;0;0;0;0;0;0;0;0;0;0;0;0;0;0;0
02.02.2024;03:16;A 95;1;0;0;0;0;0;0;0;0;1;1;1;1;0;0;1;0;1;5;0;0;1;1;0;0;1;9;1;1;0;0;0;0;0;0;0;0;0;0;0;0;0;0;0;0;0;0;0;0;0;0;0;0;0;0;0;0;0;0
02.02.2024;03:15;A 95;1;1;0;1;2;1;1;0;0;0;0;1;0;0;0;0;0;0;0;0;0;0;0;0;0;1;7;1;1;0;0;0;0;0;0;0;0;0;0;0;0;0;0;0;0;0;0;0;0;0;0;0;0;0;0;0;0;0;0
02.02.2024;03:14;A 95;1;0;0;0;0;0;0;0;0;1;1;1;1;1;1;0;0;0;0;0;0;0;0;0;0;0;0;0;0;0;0;0;0;0;0;0;0;0;0;0;0;0;0;0;0;0;0;0;0;0;0;0;0;0;0;0;0;0;0
02.02.2024;03:13;A 95;1;0;0;0;0;0;0;0;0;0;0;0;0;0;0;0;0;0;0;0;0;0;0;0;0;0;0;0;0;0;0;0;0;0;0;0;0;0;0;0;0;0;0;0;0;0;0;0;0;0;0;0;0;0;0;0;0;0;0
02.02.2024;03:12;A 95;1;0;0;0;0;0;0;0;0;0;0;0;0;2;2;0;0;2;9;0;0;1;1;0;0;0;0;0;0;0;0;0;0;0;0;0;0;0;0;0;0;0;0;0;0;0;0;0;0;0;0;0;0;0;0;0;0;0;0
02.02.2024;03:11;A 95;1;0;0;0;0;0;0;0;0;0;0;0;0;0;0;0;0;0;0;0;0;0;0;0;0;0;0;0;0;0;0;0;0;0;0;0;0;0;0;0;0;0;0;0;0;0;0;0;0;0;0;0;0;0;0;0;0;0;0
02.02.2024;03:10;A 95;1;0;0;0;0;0;0;2;1;1;5;1;1;1;0;0;0;0;0;0;0;0;0;0;0;0;0;0;0;0;0;0;0;0;0;0;0;0;0;0;0;0;0;0;0;0;0;0;0;0;0;0;0;0;0;0;0;0;0
02.02.2024;03:09;A 95;1;0;0;0;0;0;0;0;0;0;0;0;0;0;0;0;0;0;0;0;0;0;0;0;0;0;0;0;0;0;0;0;0;0;0;0;0;0;0;0;0;0;0;0;0;0;0;0;0;0;0;0;0;0;0;0;0;0;0
02.02.2024;03:08;A 95;1;0;0;0;0;0;0;0;0;0;0;0;0;1;1;0;0;0;0;0;0;0;0;0;0;0;0;0;0;0;0;0;0;0;0;0;0;0;0;0;0;0;0;0;0;0;0;0;0;0;0;0;0;0;0;0;0;0;0
02.02.2024;03:07;A 95;1;0;0;0;0;0;0;0;0;0;0;0;0;0;0;1;10;0;0;1;3;0;0;0;0;1;5;1;1;0;0;0;0;0;0;0;0;0;0;0;0;0;0;0;0;0;0;0;0;0;0;0;0;0;0;0;0;0;0
02.02.2024;03:06;A 95;1;0;0;0;0;0;0;1;1;1;1;1;1;1;0;0;0;0;0;0;0;0;0;0;0;0;0;0;0;0;0;0;0;0;0;0;0;0;0;0;0;0;0;0;0;0;0;0;0;0;0;0;0;0;0;0;0;0;0
02.02.2024;03:05;A 95;1;0;0;0;0;0;0;0;0;0;0;0;0;2;1;0;0;0;0;0;0;0;0;0;0;1;7;1;1;0;0;0;0;0;0;0;0;0;0;0;0;0;0;0;0;0;0;0;0;0;0;0;0;0;0;0;0;0;0
02.02.2024;03:04;A 95;1;0;0;0;0;0;0;1;1;1;1;1;2;0;0;0;0;0;0;0;0;0;0;0;0;2;7;1;1;0;0;0;0;0;0;0;0;0;0;0;0;0;0;0;0;0;0;0;0;0;0;0;0;0;0;0;0;0;0
02.02.2024;03:03;A 95;1;0;0;0;0;0;0;0;0;0;0;0;0;0;0;1;1;0;0;1;1;0;0;0;0;0;0;0;0;0;0;0;0;0;0;0;0;0;0;0;0;0;0;0;0;0;0;0;0;0;0;0;0;0;0;0;0;0;0
02.02.2024;03:02;A 95;1;1;0;1;1;1;1;0;0;1;0;0;0;1;0;0;0;0;0;0;0;0;0;0;0;3;6;1;0;1;2;0;0;0;0;0;0;0;0;0;0;0;0;0;0;0;0;0;0;0;0;0;0;0;0;0;0;0;0
02.02.2024;03:01;A 95;1;0;0;0;0;0;0;0;0;0;0;0;0;1;1;0;0;0;0;0;0;0;0;0;0;0;0;0;0;0;0;0;0;0;0;0;0;0;0;0;0;0;0;0;0;0;0;0;0;0;0;0;0;0;0;0;0;0;0
02.02.2024;03:00;A 95;1;0;0;0;0;0;0;0;0;0;0;0;0;0;0;0;0;0;0;0;0;0;0;0;0;0;0;0;0;1;1;0;0;0;0;0;0;0;0;0;0;0;0;0;0;0;0;0;0;0;0;0;0;0;0;0;0;0;0
02.02.2024;02:59;A 95;1;0;0;0;0;0;0;1;1;1;1;1;1;1;1;0;0;1;6;0;0;1;1;0;0;0;0;0;0;0;0;0;0;0;0;0;0;0;0;0;0;0;0;0;0;0;0;0;0;0;0;0;0;0;0;0;0;0;0
02.02.2024;02:58;A 95;1;0;0;0;0;0;0;0;0;0;0;0;0;0;0;0;0;0;0;0;0;0;0;0;0;0;0;0;0;0;0;0;0;0;0;0;0;0;0;0;0;0;0;0;0;0;0;0;0;0;0;0;0;0;0;0;0;0;0
02.02.2024;02:57;A 95;1;0;0;0;0;0;0;0;0;0;0;0;0;1;1;0;0;0;0;0;0;0;0;0;0;0;0;0;0;0;0;0;0;0;0;0;0;0;0;0;0;0;0;0;0;0;0;0;0;0;0;0;0;0;0;0;0;0;0
02.02.2024;02:56;A 95;1;0;0;0;0;0;0;0;0;0;0;0;0;0;0;0;0;0;0;0;0;0;0;0;0;0;0;0;0;0;0;0;0;0;0;0;0;0;0;0;0;0;0;0;0;0;0;0;0;0;0;0;0;0;0;0;0;0;0
02.02.2024;02:55;A 95;1;0;0;0;0;0;0;0;0;0;0;0;0;0;0;0;0;0;0;0;0;0;0;0;0;0;0;0;0;0;0;0;0;0;0;0;0;0;0;0;0;0;0;0;0;0;0;0;0;0;0;0;0;0;0;0;0;0;0
02.02.2024;02:54;A 95;1;0;0;0;0;0;0;0;0;0;0;0;0;0;0;0;0;0;0;0;0;0;0;0;0;0;0;0;0;0;0;0;0;0;0;0;0;0;0;0;0;0;0;0;0;0;0;0;0;0;0;0;0;0;0;0;0;0;0
02.02.2024;02:53;A 95;1;0;0;0;0;0;0;1;1;1;1;1;1;1;1;1;0;0;0;0;0;0;0;0;0;2;6;1;1;0;0;0;0;0;0;0;0;0;0;0;0;0;0;0;0;0;0;0;0;0;0;0;0;0;0;0;0;0;0
02.02.2024;02:52;A 95;1;0;0;0;0;0;0;0;0;0;0;0;0;1;1;0;0;0;0;0;0;0;0;0;0;0;0;0;0;0;0;0;0;0;0;0;0;0;0;0;0;0;0;0;0;0;0;0;0;0;0;0;0;0;0;0;0;0;0
02.02.2024;02:51;A 95;1;0;0;0;0;0;0;1;0;1;0;0;0;0;0;1;0;1;6;0;0;1;1;0;0;0;0;0;0;1;0;0;0;0;0;0;0;0;0;0;0;0;0;0;0;0;0;0;0;0;0;0;0;0;0;0;0;0;0
02.02.2024;02:50;A 95;1;0;0;0;0;0;0;0;0;0;0;1;0;0;0;0;0;0;0;0;0;0;0;0;0;0;0;0;0;0;0;0;0;0;0;0;0;0;0;0;0;0;0;0;0;0;0;0;0;0;0;0;0;0;0;0;0;0;0
02.02.2024;02:49;A 95;1;1;2;1;1;0;0;0;0;0;0;1;1;0;0;0;0;0;0;0;0;0;0;0;0;0;0;0;0;0;0;0;0;0;0;0;0;0;0;0;0;0;0;0;0;0;0;0;0;0;0;0;0;0;0;0;0;0;0
02.02.2024;02:48;A 95;1;0;0;0;0;0;0;0;0;0;0;0;0;0;0;0;0;0;0;0;0;0;0;0;0;0;0;0;0;0;0;0;0;0;0;0;0;0;0;0;0;0;0;0;0;0;0;0;0;0;0;0;0;0;0;0;0;0;0
02.02.2024;02:47;A 95;1;0;0;0;0;0;0;0;0;0;0;0;0;1;0;1;0;0;0;0;0;0;0;0;0;0;0;0;0;0;0;0;0;0;0;0;0;0;0;0;0;0;0;0;0;0;0;0;0;0;0;0;0;0;0;0;0;0;0
02.02.2024;02:46;A 95;1;0;0;0;0;0;0;0;0;1;1;1;0;0;0;0;0;0;0;0;0;0;0;0;0;2;2;1;1;0;0;0;0;0;0;0;0;0;0;0;0;0;0;0;0;0;0;0;0;0;0;0;0;0;0;0;0;0;0
02.02.2024;02:45;A 95;1;0;0;0;0;0;0;0;0;0;0;0;0;0;0;0;0;0;0;0;0;0;0;0;0;0;0;0;0;0;0;0;0;0;0;0;0;0;0;0;0;0;0;0;0;0;0;0;0;0;0;0;0;0;0;0;0;0;0
02.02.2024;02:44;A 95;1;0;0;0;0;0;0;0;0;0;0;0;0;0;0;0;0;0;0;0;0;0;0;0;0;0;0;0;0;0;0;0;0;0;0;0;0;0;0;0;0;0;0;0;0;0;0;0;0;0;0;0;0;0;0;0;0;0;0
02.02.2024;02:43;A 95;1;0;0;0;0;0;0;0;0;0;0;0;0;0;0;0;0;0;0;0;0;0;0;0;0;0;0;0;0;0;0;0;0;0;0;0;0;0;0;0;0;0;0;0;0;0;0;0;0;0;0;0;0;0;0;0;0;0;0
02.02.2024;02:42;A 95;1;1;0;1;1;1;1;0;0;0;0;0;0;0;0;1;21;0;0;1;3;0;0;0;0;0;0;0;0;0;0;0;0;0;0;0;0;0;0;0;0;0;0;0;0;0;0;0;0;0;0;0;0;0;0;0;0;0;0
02.02.2024;02:41;A 95;1;0;0;0;0;0;0;0;0;0;0;0;0;0;0;0;0;0;0;0;0;0;0;0;0;0;0;0;0;0;0;0;0;0;0;0;0;0;0;0;0;0;0;0;0;0;0;0;0;0;0;0;0;0;0;0;0;0;0
02.02.2024;02:40;A 95;1;0;0;0;0;0;0;0;0;0;0;0;0;0;0;0;0;1;1;0;0;1;1;0;0;0;0;0;0;1;0;0;0;0;0;0;0;0;0;0;0;0;0;0;0;0;0;0;0;0;0;0;0;0;0;0;0;0;0
02.02.2024;02:39;A 95;1;0;0;0;0;0;0;1;0;1;1;1;1;1;1;0;0;1;4;0;0;1;1;0;0;0;0;0;0;1;0;0;0;0;0;0;0;0;0;0;0;0;0;0;0;0;0;0;0;0;0;0;0;0;0;0;0;0;0
02.02.2024;02:38;A 95;1;0;0;0;0;0;0;0;0;1;1;1;0;1;1;0;0;1;0;0;0;1;1;0;0;0;0;0;0;0;0;0;0;0;0;0;0;0;0;0;0;0;0;0;0;0;0;0;0;0;0;0;0;0;0;0;0;0;0
02.02.2024;02:37;A 95;1;0;0;0;0;0;0;0;0;1;1;1;1;0;0;0;0;0;0;0;0;0;0;0;0;0;0;0;0;0;0;0;0;0;0;0;0;0;0;0;0;0;0;0;0;0;0;0;0;0;0;0;0;0;0;0;0;0;0
02.02.2024;02:36;A 95;1;0;0;0;0;0;0;0;0;1;1;1;1;0;0;0;0;0;0;0;0;0;0;0;0;0;0;0;0;0;0;0;0;0;0;0;0;0;0;0;0;0;0;0;0;0;0;0;0;0;0;0;0;0;0;0;0;0;0
02.02.2024;02:35;A 95;1;0;0;0;0;0;0;1;0;1;0;1;0;0;0;0;0;0;0;0;0;0;0;0;0;0;0;0;0;0;0;0;0;0;0;0;0;0;0;0;0;0;0;0;0;0;0;0;0;0;0;0;0;0;0;0;0;0;0
02.02.2024;02:34;A 95;1;0;0;0;0;0;0;0;0;0;0;0;0;1;1;0;0;0;0;0;0;0;0;0;0;0;0;0;0;0;0;0;0;0;0;0;0;0;0;0;0;0;0;0;0;0;0;0;0;0;0;0;0;0;0;0;0;0;0
02.02.2024;02:33;A 95;1;0;0;0;0;0;0;1;0;1;0;1;1;2;2;0;0;1;5;0;0;1;1;0;0;0;0;0;0;1;0;0;0;0;0;0;0;0;0;0;0;0;0;0;0;0;0;0;0;0;0;0;0;0;0;0;0;0;0
02.02.2024;02:32;A 95;1;0;0;0;0;0;0;0;0;0;0;0;0;0;0;0;0;0;0;0;0;0;0;0;0;0;0;0;0;0;0;0;0;0;0;0;0;0;0;0;0;0;0;0;0;0;0;0;0;0;0;0;0;0;0;0;0;0;0
02.02.2024;02:31;A 95;1;0;0;0;0;0;0;0;0;0;0;0;0;1;1;0;0;0;0;0;0;0;0;0;0;0;0;0;0;1;0;0;0;0;0;0;0;0;0;0;0;0;0;0;0;0;0;0;0;0;0;0;0;0;0;0;0;0;0
02.02.2024;02:30;A 95;1;0;0;0;0;0;0;0;0;0;0;0;0;0;0;0;0;2;6;0;0;1;1;0;0;0;0;0;0;0;0;0;0;0;0;0;0;0;0;0;0;0;0;0;0;0;0;0;0;0;0;0;0;0;0;0;0;0;0
02.02.2024;02:29;A 95;1;0;0;0;0;0;0;1;0;1;1;1;1;0;0;0;0;0;0;0;0;0;0;0;0;0;0;1;3;1;3;0;0;0;0;0;0;0;0;0;0;0;0;0;0;0;0;0;0;0;0;0;0;0;0;0;0;0;0
02.02.2024;02:28;A 95;1;0;0;0;0;0;0;0;0;0;0;0;0;0;0;0;0;1;6;0;0;1;1;0;0;0;0;0;0;0;0;0;0;0;0;0;0;0;0;0;0;0;0;0;0;0;0;0;0;0;0;0;0;0;0;0;0;0;0
02.02.2024;02:27;A 95;1;0;0;0;0;0;0;1;2;1;1;1;1;10;1;2;4;1;13;0;0;1;5;0;0;0;0;0;0;0;0;0;0;0;0;0;0;0;0;0;0;0;0;0;0;0;0;0;0;0;0;0;0;0;0;0;0;0;0
02.02.2024;02:26;A 95;1;0;0;0;0;0;0;0;0;0;0;0;0;0;0;0;0;1;4;0;0;1;0;0;0;0;0;0;0;1;0;0;0;0;0;0;0;0;0;0;0;0;0;0;0;0;0;0;0;0;0;0;0;0;0;0;0;0;0
02.02.2024;02:25;A 95;1;0;0;0;0;0;0;1;1;1;1;1;1;0;0;1;0;0;0;0;0;0;0;0;0;0;0;0;0;0;0;0;0;0;0;0;0;0;0;0;0;0;0;0;0;0;0;0;0;0;0;0;0;0;0;0;0;0;0
02.02.2024;02:24;A 95;1;0;0;0;0;0;0;1;1;1;1;1;1;1;1;0;0;0;0;0;0;0;0;0;0;0;0;0;0;0;0;0;0;0;0;0;0;0;0;0;0;0;0;0;0;0;0;0;0;0;0;0;0;0;0;0;0;0;0
02.02.2024;02:23;A 95;1;0;0;0;0;0;0;0;0;0;0;0;0;0;0;0;0;0;0;0;0;0;0;0;0;0;0;0;0;0;0;0;0;0;0;0;0;0;0;0;0;0;0;0;0;0;0;0;0;0;0;0;0;0;0;0;0;0;0
02.02.2024;02:22;A 95;1;0;0;0;0;0;0;0;0;0;0;0;0;0;0;0;0;0;0;0;0;0;0;0;0;0;0;0;0;0;0;0;0;0;0;0;0;0;0;0;0;0;0;0;0;0;0;0;0;0;0;0;0;0;0;0;0;0;0
02.02.2024;02:21;A 95;1;1;0;1;0;1;1;0;0;0;0;0;0;0;0;1;0;0;0;0;0;0;0;0;0;0;0;0;0;0;0;0;0;0;0;0;0;0;0;0;0;0;0;0;0;0;0;0;0;0;0;0;0;0;0;0;0;0;0
02.02.2024;02:20;A 95;1;0;0;0;0;0;0;2;1;2;2;2;3;0;0;0;0;0;0;0;0;0;0;0;0;0;0;0;0;0;0;0;0;0;0;0;0;0;0;0;0;0;0;0;0;0;0;0;0;0;0;0;0;0;0;0;0;0;0
02.02.2024;02:19;A 95;1;0;0;0;0;0;0;1;1;1;1;1;1;0;0;0;0;0;0;0;0;0;0;0;0;0;0;0;0;0;0;0;0;0;0;0;0;0;0;0;0;0;0;0;0;0;0;0;0;0;0;0;0;0;0;0;0;0;0
02.02.2024;02:18;A 95;1;0;0;0;0;0;0;0;0;0;0;0;0;0;0;0;0;0;0;0;0;0;0;0;0;0;0;0;0;0;0;0;0;0;0;0;0;0;0;0;0;0;0;0;0;0;0;0;0;0;0;0;0;0;0;0;0;0;0
02.02.2024;02:17;A 95;1;0;0;0;0;0;0;0;0;0;0;0;0;1;0;0;0;0;0;0;0;0;0;0;0;0;0;0;0;0;0;0;0;0;0;0;0;0;0;0;0;0;0;0;0;0;0;0;0;0;0;0;0;0;0;0;0;0;0
02.02.2024;02:16;A 95;1;0;0;1;1;1;1;0;0;0;0;1;0;0;0;0;0;0;0;0;0;0;0;0;0;1;4;1;1;0;0;0;0;0;0;0;0;0;0;0;0;0;0;0;0;0;0;0;0;0;0;0;0;0;0;0;0;0;0
02.02.2024;02:15;A 95;1;0;0;0;0;0;0;0;0;0;0;0;0;0;0;0;0;0;0;0;0;0;0;0;0;0;0;0;0;0;0;0;0;0;0;0;0;0;0;0;0;0;0;0;0;0;0;0;0;0;0;0;0;0;0;0;0;0;0
02.02.2024;02:14;A 95;1;0;0;0;0;0;0;0;0;0;0;0;0;0;0;0;0;1;6;0;0;1;1;0;0;0;0;0;0;1;1;0;0;0;0;0;0;0;0;0;0;0;0;0;0;0;0;0;0;0;0;0;0;0;0;0;0;0;0
02.02.2024;02:13;A 95;1;0;0;1;1;1;1;0;0;0;0;0;0;1;0;0;0;1;1;0;0;1;0;0;0;0;0;0;0;1;0;0;0;0;0;0;0;0;0;0;0;0;0;0;0;0;0;0;0;0;0;0;0;0;0;0;0;0;0
02.02.2024;02:12;A 95;1;0;0;0;0;0;0;0;0;0;0;0;0;0;0;0;15;0;0;0;0;0;0;0;0;0;0;0;0;0;0;0;0;0;0;0;0;0;0;0;0;0;0;0;0;0;0;0;0;0;0;0;0;0;0;0;0;0;0
02.02.2024;02:11;A 95;1;0;0;0;0;0;0;0;0;0;0;0;0;1;0;1;22;0;0;2;5;0;0;0;0;0;0;0;0;0;0;0;0;0;0;0;0;0;0;0;0;0;0;0;0;0;0;0;0;0;0;0;0;0;0;0;0;0;0
02.02.2024;02:10;A 95;1;0;0;0;0;0;0;0;0;0;0;0;0;1;1;0;0;1;6;0;0;1;1;0;0;0;0;0;0;1;1;0;0;0;0;0;0;0;0;0;0;0;0;0;0;0;0;0;0;0;0;0;0;0;0;0;0;0;0
02.02.2024;02:09;A 95;1;2;3;2;2;2;3;0;0;0;0;0;0;1;1;0;0;0;0;0;0;0;0;0;0;0;0;0;0;0;0;0;0;0;0;0;0;0;0;0;0;0;0;0;0;0;0;0;0;0;0;0;0;0;0;0;0;0;0
02.02.2024;02:08;A 95;1;2;1;1;1;0;0;1;1;1;1;1;1;1;1;0;0;0;0;0;0;0;0;0;0;0;0;0;0;0;0;0;0;0;0;0;0;0;0;0;0;0;0;0;0;0;0;0;0;0;0;0;0;0;0;0;0;0;0
02.02.2024;02:07;A 95;1;0;0;0;0;0;0;0;0;0;0;0;0;1;1;0;0;1;3;0;0;1;1;0;0;3;11;2;3;1;0;0;0;0;0;0;0;0;0;0;0;0;0;0;0;0;0;0;0;0;0;0;0;0;0;0;0;0;0
02.02.2024;02:06;A 95;1;0;0;0;0;0;0;0;0;0;0;0;0;2;2;0;0;0;0;0;0;0;0;0;0;0;0;0;0;1;1;0;0;0;0;0;0;0;0;0;0;0;0;0;0;0;0;0;0;0;0;0;0;0;0;0;0;0;0
02.02.2024;02:05;A 95;1;0;0;0;0;0;0;0;0;0;0;0;0;1;1;0;0;3;11;0;0;1;1;0;0;1;4;1;1;0;0;0;0;0;0;0;0;0;0;0;0;0;0;0;0;0;0;0;0;0;0;0;0;0;0;0;0;0;0
02.02.2024;02:04;A 95;1;0;0;0;0;0;0;0;0;0;0;0;0;0;0;0;0;0;0;0;0;0;0;0;0;0;0;0;0;0;0;0;0;0;0;0;0;0;0;0;0;0;0;0;0;0;0;0;0;0;0;0;0;0;0;0;0;0;0
02.02.2024;02:03;A 95;1;0;0;1;1;0;0;1;1;1;1;0;0;1;1;1;1;0;0;1;2;1;0;0;0;0;0;0;0;0;0;0;0;0;0;0;0;0;0;0;0;0;0;0;0;0;0;0;0;0;0;0;0;0;0;0;0;0;0
02.02.2024;02:02;A 95;1;0;0;0;0;0;0;0;0;0;0;0;0;0;0;0;0;0;0;0;0;0;0;0;0;0;0;0;0;0;0;0;0;0;0;0;0;0;0;0;0;0;0;0;0;0;0;0;0;0;0;0;0;0;0;0;0;0;0
02.02.2024;02:01;A 95;1;0;0;0;0;0;0;0;0;0;0;0;0;1;1;0;0;0;0;0;0;0;0;0;0;0;0;0;0;0;0;0;0;0;0;0;0;0;0;0;0;0;0;0;0;0;0;0;0;0;0;0;0;0;0;0;0;0;0
02.02.2024;02:00;A 95;1;0;0;0;0;0;0;0;0;0;0;0;0;0;0;0;0;0;0;0;0;0;0;0;0;0;0;0;0;0;0;0;0;0;0;0;0;0;0;0;0;0;0;0;0;0;0;0;0;0;0;0;0;0;0;0;0;0;0
02.02.2024;01:59;A 95;1;0;0;0;0;0;0;0;0;0;0;0;0;0;0;0;0;0;0;0;0;0;0;0;0;0;0;0;0;0;0;0;0;0;0;0;0;0;0;0;0;0;0;0;0;0;0;0;0;0;0;0;0;0;0;0;0;0;0
02.02.2024;01:58;A 95;1;0;0;0;0;0;0;2;1;1;1;1;1;1;1;0;0;0;0;0;0;1;0;0;0;0;0;0;0;0;0;0;0;0;0;0;0;0;0;0;0;0;0;0;0;0;0;0;0;0;0;0;0;0;0;0;0;0;0
02.02.2024;01:57;A 95;1;0;0;0;0;0;0;0;0;0;0;0;0;0;0;0;0;0;0;0;0;0;0;0;0;0;0;0;0;0;0;0;0;0;0;0;0;0;0;0;0;0;0;0;0;0;0;0;0;0;0;0;0;0;0;0;0;0;0
02.02.2024;01:56;A 95;1;0;0;0;0;0;0;1;2;1;1;1;1;1;1;0;0;0;0;0;0;0;0;0;0;0;0;0;0;0;0;0;0;0;0;0;0;0;0;0;0;0;0;0;0;0;0;0;0;0;0;0;0;0;0;0;0;0;0
02.02.2024;01:55;A 95;1;0;0;0;0;0;0;1;1;1;1;1;0;1;0;0;0;0;0;0;0;0;0;0;0;0;0;0;0;0;0;0;0;0;0;0;0;0;0;0;0;0;0;0;0;0;0;0;0;0;0;0;0;0;0;0;0;0;0
02.02.2024;01:54;A 95;1;0;0;0;0;0;0;1;1;1;1;1;2;1;1;0;0;0;0;0;0;0;0;0;0;1;1;0;0;1;2;0;0;0;0;0;0;0;0;0;0;0;0;0;0;0;0;0;0;0;0;0;0;0;0;0;0;0;0
02.02.2024;01:53;A 95;1;0;0;0;0;0;0;0;0;0;0;0;0;0;0;0;0;0;0;0;0;0;0;0;0;0;0;0;0;1;0;0;0;0;0;0;0;0;0;0;0;0;0;0;0;0;0;0;0;0;0;0;0;0;0;0;0;0;0
02.02.2024;01:52;A 95;1;1;0;1;0;1;0;0;1;0;0;0;0;1;1;0;0;0;0;0;0;0;0;0;0;0;0;0;0;0;0;0;0;0;0;0;0;0;0;0;0;0;0;0;0;0;0;0;0;0;0;0;0;0;0;0;0;0;0
02.02.2024;01:51;A 95;1;0;0;0;0;0;0;1;0;2;2;2;2;0;0;1;0;0;0;0;0;0;0;0;0;0;0;0;0;0;0;0;0;0;0;0;0;1;1;0;0;0;0;0;0;0;0;0;0;0;0;0;0;0;0;0;0;0;0
02.02.2024;01:50;A 95;1;0;0;0;0;0;0;0;0;0;0;0;0;0;0;0;0;0;0;0;0;0;0;0;0;1;5;1;1;0;0;0;0;0;0;0;0;0;0;0;0;0;0;0;0;0;0;0;0;0;0;0;0;0;0;0;0;0;0
02.02.2024;01:49;A 95;1;2;5;2;3;2;2;0;0;0;0;0;0;0;0;0;0;0;0;0;0;0;0;0;0;0;0;0;0;0;0;0;0;0;0;0;0;0;0;0;0;0;0;0;0;0;0;0;0;0;0;0;0;0;0;0;0;0;0
02.02.2024;01:48;A 95;1;0;0;0;0;0;0;0;0;0;0;0;0;0;0;0;0;0;0;0;0;0;0;0;0;0;0;0;0;0;0;0;0;0;0;0;0;0;0;0;0;0;0;0;0;0;0;0;0;0;0;0;0;0;0;0;0;0;0
02.02.2024;01:47;A 95;1;0;0;0;0;0;0;0;0;0;0;0;0;0;0;0;0;0;0;0;0;0;0;0;0;0;0;0;0;0;0;0;0;0;0;0;0;0;0;0;0;0;0;0;0;0;0;0;0;0;0;0;0;0;0;0;0;0;0
02.02.2024;01:46;A 95;1;0;0;0;0;0;0;0;0;0;0;0;0;2;2;1;0;0;0;0;0;0;0;0;0;0;0;0;0;0;0;0;0;0;0;0;0;0;0;0;0;0;0;0;0;0;0;0;0;0;0;0;0;0;0;0;0;0;0
02.02.2024;01:45;A 95;1;0;0;0;0;0;0;0;0;1;1;1;1;1;0;1;1;0;0;1;2;1;0;0;0;0;0;0;0;0;0;0;0;0;0;0;0;0;0;0;0;0;0;0;0;0;0;0;0;0;0;0;0;0;0;0;0;0;0
02.02.2024;01:44;A 95;1;1;0;2;2;1;0;1;0;1;1;0;0;1;1;0;0;0;0;0;0;0;0;0;0;0;0;0;0;0;0;0;0;0;0;0;0;0;0;0;0;0;0;0;0;0;0;0;0;0;0;0;0;0;0;0;0;0;0
02.02.2024;01:43;A 95;1;0;0;1;0;0;0;2;1;1;1;2;1;2;2;0;0;0;0;0;0;0;0;0;0;0;0;0;0;0;0;0;0;0;0;0;0;0;0;0;0;0;0;0;0;0;0;0;0;0;0;0;0;0;0;0;0;0;0
02.02.2024;01:42;A 95;1;0;0;0;0;0;0;0;0;0;0;0;0;1;1;0;0;0;0;0;0;0;0;0;0;0;0;0;0;0;0;0;0;0;0;0;0;0;0;0;0;0;0;0;0;0;0;0;0;0;0;0;0;0;0;0;0;0;0
02.02.2024;01:41;A 95;1;0;0;0;0;0;0;0;0;0;0;0;0;0;0;0;0;0;0;0;0;0;0;0;0;0;0;0;0;0;0;0;0;0;0;0;0;0;0;0;0;0;0;0;0;0;0;0;0;0;0;0;0;0;0;0;0;0;0
02.02.2024;01:40;A 95;1;0;0;0;0;0;0;0;0;0;0;0;0;0;0;0;0;2;3;0;0;1;1;0;0;0;0;0;0;1;0;0;0;0;0;0;0;0;0;0;0;0;0;0;0;0;0;0;0;0;0;0;0;0;0;0;0;0;0
02.02.2024;01:39;A 95;1;0;0;0;0;0;0;0;0;0;0;0;0;1;0;0;0;0;0;0;0;0;0;0;0;0;0;0;0;0;0;0;0;0;0;0;0;0;0;0;0;0;0;0;0;0;0;0;0;0;0;0;0;0;0;0;0;0;0
02.02.2024;01:38;A 95;1;1;0;1;1;1;0;0;0;0;0;0;0;0;0;0;0;0;0;0;0;0;0;0;0;1;9;1;1;0;0;0;0;0;0;0;0;0;0;0;0;0;0;0;0;0;0;0;0;0;0;0;0;0;0;0;0;0;0
02.02.2024;01:37;A 95;1;0;0;0;0;0;0;0;0;0;0;0;0;0;0;0;0;0;0;0;0;0;0;0;0;0;0;0;0;0;0;0;0;0;0;0;0;0;0;0;0;0;0;0;0;0;0;0;0;0;0;0;0;0;0;0;0;0;0
02.02.2024;01:36;A 95;1;0;0;0;0;0;0;0;0;0;0;0;0;0;0;0;0;0;0;0;0;0;0;0;0;0;0;0;0;0;0;0;0;0;0;0;0;0;0;0;0;0;0;0;0;0;0;0;0;0;0;0;0;0;0;0;0;0;0
02.02.2024;01:35;A 95;1;3;1;1;1;1;1;0;0;0;0;0;0;1;1;0;0;0;0;0;0;0;0;0;0;0;0;0;0;0;0;0;0;0;0;0;0;0;0;0;0;0;0;0;0;0;0;0;0;0;0;0;0;0;0;0;0;0;0
02.02.2024;01:34;A 95;1;0;0;0;0;0;0;1;0;1;1;1;1;0;0;0;0;0;0;0;0;0;0;0;0;0;0;0;0;0;0;0;0;0;0;0;0;0;0;0;0;0;0;0;0;0;0;0;0;0;0;0;0;0;0;0;0;0;0
02.02.2024;01:33;A 95;1;0;0;0;0;0;0;0;0;0;0;0;0;1;1;0;0;0;0;0;0;0;0;0;0;0;0;0;0;0;0;0;0;0;0;0;0;0;0;0;0;0;0;0;0;0;0;0;0;0;0;0;0;0;0;0;0;0;0
02.02.2024;01:32;A 95;1;0;0;0;0;0;0;1;2;1;1;1;0;0;0;1;0;0;0;0;0;0;0;0;0;2;10;2;3;0;0;0;0;0;0;0;0;0;0;0;0;0;0;0;0;0;0;0;0;0;0;0;0;0;0;0;0;0;0
02.02.2024;01:31;A 95;1;0;0;0;0;0;0;0;0;0;0;0;0;1;1;0;0;0;0;0;0;0;0;0;0;0;0;0;0;0;0;0;0;0;0;0;0;0;0;0;0;0;0;0;0;0;0;0;0;0;0;0;0;0;0;0;0;0;0
02.02.2024;01:30;A 95;1;0;0;0;0;0;0;0;0;0;0;0;0;0;0;0;0;0;0;0;0;0;0;0;0;0;0;0;0;0;0;0;0;0;0;0;0;0;0;0;0;0;0;0;0;0;0;0;0;0;0;0;0;0;0;0;0;0;0
02.02.2024;01:29;A 95;1;2;4;1;2;1;1;1;0;1;1;1;1;1;0;0;0;0;0;0;0;0;0;0;0;0;0;0;0;1;1;0;0;0;0;0;0;0;0;0;0;0;0;0;0;0;0;0;0;0;0;0;0;0;0;0;0;0;0
02.02.2024;01:28;A 95;1;1;1;1;1;1;1;0;0;0;0;0;0;1;0;0;0;3;4;0;0;1;2;0;0;2;5;0;0;0;0;0;0;0;0;0;0;0;0;0;0;0;0;0;0;0;0;0;0;0;0;0;0;0;0;0;0;0;0
02.02.2024;01:27;A 95;1;0;0;0;0;0;0;0;0;0;0;0;0;0;0;0;0;0;0;0;0;0;0;0;0;2;3;0;0;1;3;0;0;0;0;0;0;0;0;0;0;0;0;0;0;0;0;0;0;0;0;0;0;0;0;0;0;0;0
02.02.2024;01:26;A 95;1;0;0;0;0;0;0;0;0;1;2;0;0;0;0;0;0;0;0;0;0;0;0;0;33;0;0;0;0;0;0;0;0;0;0;0;0;0;0;0;0;0;0;0;0;0;0;0;0;0;0;0;0;0;0;0;0;0;0
02.02.2024;01:25;A 95;1;0;0;0;0;0;0;0;0;0;0;0;0;0;0;0;0;0;0;0;0;0;0;1;21;0;0;0;0;0;0;0;0;0;0;0;0;0;0;0;0;0;0;0;0;0;0;0;0;0;0;0;0;0;0;0;0;0;0
02.02.2024;01:24;A 95;1;0;0;0;0;0;0;1;2;1;1;1;1;0;0;1;3;1;8;1;0;1;3;0;0;0;0;0;0;0;0;0;0;0;0;0;0;0;0;0;0;0;0;0;0;0;0;0;0;0;0;0;0;0;0;0;0;0;0
02.02.2024;01:23;A 95;1;0;0;0;0;0;0;0;0;0;0;0;0;0;0;0;0;0;41;0;0;0;0;0;0;0;0;0;0;1;3;0;0;0;0;0;0;0;0;0;0;0;0;0;0;0;0;0;0;0;0;0;0;0;0;0;0;0;0
02.02.2024;01:22;A 95;1;0;0;0;0;0;0;0;0;0;0;0;0;4;1;0;0;3;5;0;0;1;4;0;0;0;0;0;0;0;0;0;0;0;0;0;0;0;0;0;0;0;0;0;0;0;0;0;0;0;0;0;0;0;0;0;0;0;0
02.02.2024;01:21;A 95;1;0;0;0;0;0;0;0;0;0;0;0;0;1;1;0;0;0;0;0;0;0;0;0;0;0;0;0;0;0;0;0;0;0;0;0;0;0;0;0;0;0;0;0;0;0;0;0;0;0;0;0;0;0;0;0;0;0;0
02.02.2024;01:20;A 95;1;0;0;0;0;0;0;0;0;0;0;0;0;2;2;1;37;0;0;1;6;0;0;0;0;0;0;0;0;0;0;0;0;0;0;0;0;0;0;0;0;0;0;0;0;0;0;0;0;0;0;0;0;0;0;0;0;0;0
02.02.2024;01:19;A 95;1;1;1;1;0;0;0;1;0;1;1;1;1;1;0;0;0;0;0;0;0;0;0;0;0;0;0;0;0;0;0;0;0;0;0;0;0;0;0;0;0;0;0;0;0;0;0;0;0;0;0;0;0;0;0;0;0;0;0
02.02.2024;01:18;A 95;1;0;0;0;0;0;0;0;0;0;0;0;0;0;0;0;0;0;0;0;0;0;0;0;0;0;0;0;0;0;0;0;0;0;0;0;0;0;0;0;0;0;0;0;0;0;0;0;0;0;0;0;0;0;0;0;0;0;0
02.02.2024;01:17;A 95;1;0;0;0;0;0;0;0;0;0;0;0;0;2;2;0;0;0;0;0;0;1;0;0;0;1;4;1;1;0;0;0;0;0;0;0;0;0;0;0;0;0;0;0;0;0;0;0;0;0;0;0;0;0;0;0;0;0;0
02.02.2024;01:16;A 95;1;0;0;0;0;0;0;0;0;0;0;0;0;0;0;1;17;0;0;1;20;2;0;0;0;0;0;0;0;0;0;0;0;0;0;0;0;0;0;0;0;0;0;0;0;0;0;0;0;0;0;0;0;0;0;0;0;0;0
02.02.2024;01:15;A 95;1;0;0;0;0;0;0;0;0;0;0;0;0;0;0;0;0;1;6;0;0;1;1;0;0;0;0;0;0;1;1;0;0;0;0;0;0;0;0;0;0;0;0;0;0;0;0;0;0;0;0;0;0;0;0;0;0;0;0
02.02.2024;01:14;A 95;1;0;0;0;0;0;0;0;0;0;0;0;0;0;0;0;0;0;0;0;0;0;0;0;0;1;3;1;0;0;0;0;0;0;0;0;0;0;0;0;0;0;0;0;0;0;0;0;0;0;0;0;0;0;0;0;0;0;0
02.02.2024;01:13;A 95;1;1;1;1;1;1;1;0;0;0;0;0;0;0;0;0;0;0;0;0;0;0;0;0;0;0;0;0;0;0;0;0;0;0;0;0;0;0;0;0;0;0;0;0;0;0;0;0;0;0;0;0;0;0;0;0;0;0;0
02.02.2024;01:12;A 95;1;0;0;0;0;0;0;0;0;0;0;0;0;0;0;1;16;0;6;1;1;1;1;0;0;1;6;1;1;1;0;0;0;0;0;0;0;0;0;0;0;0;0;0;0;0;0;0;0;0;0;0;0;0;0;0;0;0;0
02.02.2024;01:11;A 95;1;0;0;0;0;0;0;1;1;1;1;1;1;1;1;0;0;1;0;0;0;0;0;0;0;0;0;0;0;0;0;0;0;0;0;0;0;0;0;0;0;0;0;0;0;0;0;0;0;0;0;0;0;0;0;0;0;0;0
02.02.2024;01:10;A 95;1;1;0;1;1;1;0;3;1;1;2;1;1;0;0;0;0;0;0;0;0;0;0;0;0;0;0;0;0;0;0;0;0;0;0;0;0;0;0;0;0;0;0;0;0;0;0;0;0;0;0;0;0;0;0;0;0;0;0
02.02.2024;01:09;A 95;1;1;1;1;1;1;1;0;0;1;0;0;0;0;1;0;0;0;0;0;0;0;0;0;0;2;1;1;0;0;0;0;0;0;0;0;0;0;0;0;0;0;0;0;0;0;0;0;0;0;0;0;0;0;0;0;0;0;0
02.02.2024;01:08;A 95;1;0;0;0;0;0;0;0;0;1;0;0;0;2;1;0;0;0;0;0;0;0;0;0;0;0;0;0;0;0;0;0;0;0;0;0;0;0;0;0;0;0;0;0;0;0;0;0;0;0;0;0;0;0;0;0;0;0;0
02.02.2024;01:07;A 95;1;0;0;0;0;0;0;0;0;0;0;0;0;0;0;0;0;0;0;0;0;0;0;0;0;3;4;1;1;0;0;0;0;0;0;0;0;0;0;0;0;0;0;0;0;0;0;0;0;0;0;0;0;0;0;0;0;0;0
02.02.2024;01:06;A 95;1;0;0;0;0;0;0;0;0;0;0;0;0;2;1;0;0;0;0;0;0;1;0;0;0;0;0;0;0;0;0;0;0;0;0;0;0;0;0;0;0;0;0;0;0;0;0;0;0;0;0;0;0;0;0;0;0;0;0
02.02.2024;01:05;A 95;1;0;0;0;0;0;0;1;1;1;1;1;1;3;3;0;0;1;1;0;0;1;0;0;0;0;0;0;0;0;0;0;0;0;0;0;0;0;0;0;0;0;0;0;0;0;0;0;0;0;0;0;0;0;0;0;0;0;0
02.02.2024;01:04;A 95;1;1;1;2;3;2;3;0;0;0;0;0;0;1;0;1;3;0;0;0;0;0;0;0;0;0;0;0;0;0;0;0;0;0;0;0;0;0;0;0;0;0;0;0;0;0;0;0;0;0;0;0;0;0;0;0;0;0;0
02.02.2024;01:03;A 95;1;0;0;0;0;0;0;0;0;0;0;0;0;1;1;0;0;0;0;0;0;0;0;0;0;0;0;0;0;0;0;0;0;0;0;0;0;0;0;0;0;0;0;0;0;0;0;0;0;0;0;0;0;0;0;0;0;0;0
02.02.2024;01:02;A 95;1;0;0;0;0;0;0;0;0;1;1;0;0;2;2;0;0;0;0;0;0;0;0;0;0;0;0;0;0;0;0;0;0;0;0;0;0;0;0;0;0;0;0;0;0;0;0;0;0;0;0;0;0;0;0;0;0;0;0
02.02.2024;01:01;A 95;1;0;0;0;0;0;0;0;0;1;1;1;0;0;0;1;47;0;0;1;1;0;0;1;2;2;5;1;1;0;0;0;0;0;0;0;0;0;0;0;0;0;0;0;0;0;0;0;0;0;0;0;0;0;0;0;0;0;0
02.02.2024;01:00;A 95;1;0;0;0;0;0;0;1;1;0;0;0;0;0;0;0;0;1;3;0;0;1;1;0;0;0;0;0;0;1;0;0;0;0;0;0;0;0;0;0;0;0;0;0;0;0;0;0;0;0;0;0;0;0;0;0;0;0;0
