Datum;Uhrzeit;Bezeichnung;Intervall;D11Z;D11B;D12Z;D12B;D13Z;D13B;D14Z;D14B;D15Z;D15B;D21Z;D21B;D22Z;D22B;D31Z;D31B;D32Z;D32B;D33Z;D33B;D34Z;D34B;D35Z;D35B;D36Z;D36B;D37Z;D37B;D41Z;D41B;D42Z;D42B;D43Z;D43B;VD111Z;VD111B;VD121Z;VD121B;VD131Z;VD131B;VD211Z;VD211B;VD212Z;VD212B;VD221Z;VD221B;VD222Z;VD222B;VD231Z;VD231B;VD232Z;VD232B;VD311Z;VD311B;VD321Z;VD321B;VD331Z;VD331B;VD411Z;VD411B;VD421Z;VD421B;VD422Z;VD422B;T32Z;T32B;T35Z;T35B;T38Z;T38B;T41Z;T41B;TB32Z;TB32B;TB35Z;TB35B;TB38Z;TB38B;TB41Z;TB41B;V1_StoerZ;V1_StoerB;V2_StoerZ;V2_StoerB;V3_StoerZ;V3_StoerB;V4_StoerZ;V4_StoerB;V5_StoerZ;V5_StoerB;V6_StoerZ;V6_StoerB;V7_StoerZ;V7_StoerB
14.07.2024;02:00;A 20;1;0;0;3;20;0;0;244;26;1;28;1;6;60;6;1;1;1;6;2;11;1;1;0;0;0;0;0;0;0;100;0;0;2;8;0;0;1;1;0;0;0;0;0;0;0;0;0;0;1;15;2;6;0;13;0;0;0;0;0;0;2;3;0;0;0;0;0;0;0;0;0;0;0;0;0;0;0;0;0;0;0;0;0;0;0;0;0;0;0;0;0;0;0;0
14.07.2024;01:59;A 20;1;1;10;2;3;1;1;258;27;0;0;1;0;59;4;0;0;0;0;0;0;0;0;0;0;0;0;0;0;0;100;0;59;4;32;0;0;2;2;0;0;0;0;0;0;0;0;0;0;0;0;0;0;1;23;0;0;2;3;1;0;1;1;0;0;0;0;0;0;1;1;0;0;0;0;0;0;1;1;0;0;0;0;0;0;0;0;0;0;0;0;0;0;0;0
14.07.2024;01:58;A 20;1;0;0;2;23;0;0;261;29;1;14;2;6;14;2;1;1;0;0;0;0;0;0;0;17;0;0;0;0;0;100;4;26;2;12;3;16;1;1;4;4;0;0;0;0;0;0;0;0;0;0;0;0;1;30;0;0;1;10;0;0;3;4;0;0;0;0;0;0;0;0;0;0;0;0;0;0;0;0;0;0;0;0;0;0;0;0;0;0;0;0;0;0;0;0
14.07.2024;01:57;A 20;1;1;9;1;8;1;0;248;26;0;0;1;2;64;5;0;0;1;1;1;4;1;1;1;38;2;6;0;0;0;100;0;0;6;27;0;0;4;5;0;0;0;0;0;0;0;0;0;0;0;0;0;0;0;0;1;1;0;0;0;0;1;1;3;4;0;0;0;0;0;0;0;0;0;0;0;0;0;0;0;0;0;0;0;0;0;0;0;0;0;0;0;0;0;0
14.07.2024;01:56;A 20;1;1;14;0;0;1;1;270;27;0;0;0;0;9;0;0;0;0;0;0;0;1;1;1;29;3;9;1;1;0;100;3;34;1;44;2;36;1;3;3;5;0;0;0;0;0;0;0;0;0;0;0;0;1;11;2;21;2;7;1;31;2;1;0;0;1;1;0;0;0;0;0;0;1;1;0;0;0;0;0;0;0;0;0;0;0;0;0;0;0;0;0;0;0;0
14.07.2024;01:55;A 20;1;0;0;1;10;0;0;263;28;1;1;1;2;11;1;1;0;0;1;0;0;0;0;0;0;0;0;0;0;0;100;0;0;4;35;0;0;2;3;0;0;0;0;0;0;0;0;0;0;0;0;0;0;0;0;0;0;0;0;0;0;3;2;1;1;0;0;0;0;0;0;0;0;0;0;0;0;0;0;0;0;0;0;0;0;0;0;0;0;0;0;0;0;0;0
14.07.2024;01:54;A 20;1;0;0;0;0;0;0;270;28;0;0;0;0;13;1;0;0;1;7;2;8;1;1;0;7;0;0;0;0;0;100;0;0;1;45;3;3;1;1;0;0;3;81;0;0;3;4;3;4;0;0;0;0;0;0;2;1;0;0;0;0;1;1;0;0;0;0;0;0;0;0;0;0;0;0;0;0;0;0;0;0;0;0;0;0;0;0;0;0;0;0;0;0;0;0
14.07.2024;01:53;A 20;1;0;0;0;0;0;0;245;25;0;0;0;0;6;0;0;0;0;0;0;0;0;0;1;81;2;6;1;0;0;100;0;0;4;47;1;1;2;2;0;0;1;42;0;0;1;1;1;1;2;4;0;73;1;1;1;1;1;3;1;6;0;0;1;1;0;0;0;0;0;0;0;0;0;0;0;0;0;0;0;0;0;0;0;0;0;0;0;0;0;0;0;0;0;0
14.07.2024;01:52;A 20;1;0;0;0;0;0;0;255;26;0;0;0;0;1;0;0;0;2;41;3;17;2;2;0;0;0;0;0;0;0;100;0;6;1;9;0;0;1;1;0;0;0;0;0;0;0;0;0;0;0;0;1;4;0;0;0;0;0;0;0;0;0;0;0;0;0;0;0;0;0;0;0;0;0;0;0;0;0;0;0;0;0;0;0;0;0;0;0;0;0;0;0;0;0;0
14.07.2024;01:51;A 20;1;1;10;0;0;1;1;259;27;0;0;1;2;4;0;0;0;1;10;3;14;1;1;0;0;0;0;0;0;0;100;1;4;1;8;1;9;1;1;1;1;0;0;0;0;0;0;0;0;0;0;0;0;0;0;0;0;0;0;0;0;1;1;0;0;0;0;0;0;0;0;0;0;0;0;0;0;0;0;0;0;0;0;0;0;0;0;0;0;0;0;0;0;0;0
14.07.2024;01:50;A 20;1;0;3;0;0;0;0;240;24;0;0;0;0;8;0;0;0;2;20;6;23;1;2;2;80;2;82;1;1;0;100;1;0;0;0;1;2;0;0;1;0;0;0;0;0;0;0;0;0;1;1;1;2;0;39;1;44;0;0;1;46;1;1;0;0;0;0;0;0;0;0;0;0;0;0;0;0;0;0;0;0;0;0;0;0;0;0;0;0;0;0;0;0;0;0
14.07.2024;01:49;A 20;1;1;6;0;0;1;0;256;26;0;0;0;0;4;0;0;0;0;0;0;0;2;1;1;21;2;14;1;1;0;100;0;0;0;0;0;0;0;0;0;0;0;0;0;0;0;0;0;0;0;0;0;0;1;20;1;12;1;7;1;20;0;0;0;0;0;0;0;0;0;0;0;0;0;0;0;0;0;0;0;0;0;0;0;0;0;0;0;0;0;0;0;0;0;0
14.07.2024;01:48;A 20;1;1;13;1;32;1;1;277;29;0;0;0;0;5;0;1;0;0;0;0;0;0;0;0;0;0;0;0;0;0;100;1;4;3;9;2;4;1;1;1;1;0;0;0;0;0;0;0;0;0;0;0;0;0;0;0;0;0;0;0;0;0;0;0;0;0;0;0;0;0;0;0;0;0;0;0;0;0;0;0;0;0;0;0;0;0;0;0;0;0;0;0;0;0;0
14.07.2024;01:47;A 20;1;0;0;1;7;0;0;239;25;0;0;1;2;8;0;0;0;0;0;0;0;0;0;2;39;3;38;3;3;0;100;2;3;1;2;2;8;1;0;2;3;0;0;0;0;0;0;0;0;0;0;0;0;0;0;0;0;0;0;0;0;0;0;0;0;0;0;0;0;0;0;0;0;0;0;0;0;0;0;0;0;0;0;0;0;0;0;0;0;0;0;0;0;0;0
14.07.2024;01:46;A 20;1;0;0;1;7;0;0;254;27;0;0;2;2;8;0;0;0;1;2;2;2;0;0;1;97;3;9;1;1;0;100;1;0;1;8;1;2;1;1;1;0;1;32;0;0;0;0;0;0;0;0;0;0;0;60;0;0;0;0;0;0;2;1;0;0;0;0;0;0;0;0;0;0;0;0;0;0;0;0;0;0;0;0;0;0;0;0;0;0;0;0;0;0;0;0
14.07.2024;01:45;A 20;1;0;0;0;0;0;0;246;24;0;0;0;0;3;0;0;0;0;0;0;0;0;0;2;47;5;11;1;1;0;100;2;83;0;0;2;13;0;0;1;1;1;16;0;0;2;2;2;2;0;24;0;0;2;27;1;27;4;30;1;13;2;3;5;6;0;0;0;0;0;0;0;0;0;0;0;0;0;0;0;0;0;0;0;0;0;0;0;0;0;0;0;0;0;0
14.07.2024;01:44;A 20;1;0;0;0;0;0;0;235;23;0;0;0;0;4;0;0;0;0;0;0;0;0;0;1;47;2;6;2;2;0;100;2;62;2;67;8;28;6;10;1;2;0;0;0;0;0;0;0;0;1;46;1;15;0;0;1;28;0;0;3;9;0;0;0;0;0;0;0;0;0;0;0;0;0;0;0;0;0;0;0;0;0;0;0;0;0;0;0;0;0;0;0;0;0;0
14.07.2024;01:43;A 20;1;0;0;1;3;0;0;242;24;1;1;2;1;15;1;1;1;0;0;0;0;0;0;1;17;2;6;1;1;0;100;0;0;1;6;0;0;1;0;1;0;0;0;0;0;0;0;0;0;1;63;1;65;0;0;0;0;0;0;0;0;3;4;0;0;0;0;0;0;0;0;0;0;0;0;0;0;0;0;0;0;0;0;0;0;0;0;0;0;0;0;0;0;0;0
14.07.2024;01:42;A 20;1;1;9;0;0;1;0;249;25;0;0;0;0;12;1;0;0;1;50;0;1;1;1;1;1;2;6;0;0;0;100;4;8;1;81;5;15;2;2;4;4;0;0;0;0;0;0;0;0;0;0;0;0;0;0;0;0;0;0;0;0;0;0;0;0;0;0;0;0;0;0;0;0;0;0;0;0;0;0;0;0;0;0;0;0;0;0;0;0;0;0;0;0;0;0
14.07.2024;01:41;A 20;1;0;0;0;9;0;0;243;24;1;38;0;38;132;11;0;0;0;64;2;7;1;0;0;0;0;0;0;0;0;100;0;0;0;0;0;0;0;0;0;0;0;0;0;0;0;0;0;0;0;0;0;0;0;0;0;0;0;0;0;0;4;7;0;0;0;0;0;0;0;0;0;0;0;0;0;0;0;0;0;0;0;0;0;0;0;0;0;0;0;0;0;0;0;0
14.07.2024;01:40;A 20;1;0;0;3;49;0;0;229;26;2;24;6;31;160;17;3;4;1;3;2;3;0;0;0;0;1;2;1;0;0;100;0;0;3;12;0;0;1;1;0;0;0;0;0;0;0;0;0;0;1;36;1;14;0;0;1;46;0;0;1;1;1;2;1;2;0;0;0;0;0;0;0;0;0;0;0;0;0;0;0;0;0;0;0;0;0;0;0;0;0;0;0;0;0;0
14.07.2024;01:39;A 20;1;1;11;0;4;1;1;249;26;0;0;1;0;111;9;0;0;1;0;1;5;1;1;0;0;0;0;0;0;0;100;0;0;4;10;0;0;1;1;0;0;0;0;0;0;0;0;0;0;0;0;0;0;1;56;0;0;1;43;0;0;1;1;0;0;0;0;0;0;0;0;0;0;0;0;0;0;0;0;0;0;0;0;0;0;0;0;0;0;0;0;0;0;0;0
14.07.2024;01:38;A 20;1;1;19;1;16;1;1;255;27;1;1;3;1;18;2;2;1;0;0;0;0;0;0;1;21;2;7;1;1;0;100;0;0;2;7;0;0;1;1;0;0;0;0;0;0;0;0;0;0;0;0;0;0;1;43;1;35;1;3;0;41;2;3;1;1;0;0;0;0;0;0;0;0;0;0;0;0;0;0;0;0;0;0;0;0;0;0;0;0;0;0;0;0;0;0
14.07.2024;01:37;A 20;1;0;99;3;6;2;5;241;25;0;0;2;4;6;0;0;0;1;0;1;7;1;0;2;13;4;13;2;2;0;100;0;0;4;14;0;0;2;2;0;0;0;0;0;0;0;0;0;0;0;0;0;0;1;20;0;0;1;8;1;2;1;1;2;3;0;0;0;0;0;0;0;0;0;0;0;0;0;0;0;0;0;0;0;0;0;0;0;0;0;0;0;0;0;0
14.07.2024;01:36;A 20;1;3;38;1;19;3;4;227;23;2;83;6;48;8;3;1;1;1;2;2;3;1;1;0;0;0;0;0;0;0;100;0;0;2;4;1;1;1;0;0;0;1;47;0;0;1;1;1;1;1;51;1;4;1;48;0;0;1;1;0;0;0;0;0;0;0;0;0;0;0;0;0;0;0;0;0;0;0;0;0;0;0;0;0;0;0;0;0;0;0;0;0;0;0;0
14.07.2024;01:35;A 20;1;1;8;2;17;1;0;211;21;1;67;2;37;96;9;2;3;2;16;4;10;2;2;1;31;1;6;1;1;0;100;0;40;2;22;0;0;1;1;0;0;0;0;0;0;0;0;0;0;0;0;0;0;0;0;0;0;0;0;0;0;1;1;3;4;1;1;0;0;0;0;0;0;0;0;0;0;0;0;0;0;0;0;0;0;0;0;0;0;0;0;0;0;0;0
14.07.2024;01:34;A 20;1;0;11;2;25;1;1;223;24;1;1;4;8;29;3;1;1;0;0;0;0;0;0;0;100;0;0;0;0;0;100;2;12;3;24;3;14;1;2;2;3;1;45;0;0;1;1;1;1;1;17;1;5;0;0;2;39;0;0;1;45;2;2;2;3;0;0;0;0;0;0;0;0;0;0;0;0;0;0;0;0;0;0;0;0;0;0;0;0;0;0;0;0;0;0
14.07.2024;01:33;A 20;1;1;69;1;59;2;2;237;28;0;0;6;6;17;1;0;0;3;45;6;42;3;3;2;31;4;17;2;2;0;100;0;0;4;77;1;1;2;1;0;0;1;69;0;0;1;0;1;0;0;39;0;0;1;18;0;41;2;13;0;40;2;3;1;1;0;0;0;0;0;0;0;0;0;0;0;0;0;0;0;0;0;0;0;0;0;0;0;0;0;0;0;0;0;0
14.07.2024;01:32;A 20;1;1;13;1;3;1;0;243;25;0;0;0;0;12;1;0;0;3;51;4;18;3;3;1;13;2;8;1;1;0;100;1;7;4;15;1;5;3;2;1;1;0;0;0;0;0;0;0;0;1;34;1;7;0;0;1;61;0;0;2;66;0;0;2;3;0;0;0;0;0;0;0;0;0;0;0;0;0;0;0;0;0;0;0;0;0;0;0;0;0;0;0;0;0;0
14.07.2024;01:31;A 20;1;1;6;2;62;0;0;244;28;0;0;3;1;11;0;1;0;2;8;2;18;2;2;0;66;0;0;0;0;0;100;1;33;3;25;1;6;2;2;1;1;0;0;0;0;0;0;0;0;0;0;0;0;2;30;0;27;0;32;1;28;3;4;1;1;0;0;0;0;0;0;0;0;0;0;0;0;0;0;0;0;0;0;0;0;0;0;0;0;0;0;0;0;0;0
14.07.2024;01:30;A 20;1;3;63;2;41;3;3;269;30;0;0;0;0;7;0;0;0;0;31;0;0;1;1;1;33;1;11;1;1;0;100;2;28;6;25;2;30;3;4;2;3;0;0;0;0;0;0;0;0;0;0;0;0;1;52;1;14;2;49;1;22;1;2;1;1;0;0;0;0;0;0;0;0;0;0;0;0;0;0;0;0;0;0;0;0;0;0;0;0;0;0;0;0;0;0
14.07.2024;01:29;A 20;1;2;24;1;16;1;0;261;27;0;0;1;0;8;0;0;0;1;4;3;10;1;1;0;0;0;0;0;0;0;100;0;0;0;0;0;0;0;0;0;0;0;2;0;0;0;0;0;0;0;0;0;0;0;29;2;1;0;0;2;4;4;4;3;3;0;0;0;0;0;0;0;0;0;0;0;0;0;0;0;0;0;0;0;0;0;0;0;0;0;0;0;0;0;0
14.07.2024;01:28;A 20;1;1;18;0;0;2;3;276;28;0;0;0;0;7;0;0;0;1;1;2;8;1;1;0;15;0;0;0;0;0;100;1;2;2;6;2;6;1;1;1;1;1;53;0;0;1;1;1;0;0;0;0;0;1;65;0;0;1;5;0;0;0;0;0;0;0;0;0;0;0;0;0;0;0;0;0;0;0;0;0;0;0;0;0;0;0;0;0;0;0;0;0;0;0;0
14.07.2024;01:27;A 20;1;0;0;2;8;0;0;276;29;0;0;1;0;5;0;0;0;0;12;0;0;0;0;1;8;2;6;1;0;0;100;1;35;2;2;1;4;1;0;1;1;0;0;0;0;0;0;0;0;0;0;0;0;0;0;0;0;0;0;0;0;1;1;0;0;0;0;0;0;0;0;0;0;0;0;0;0;0;0;0;0;0;0;0;0;0;0;0;0;0;0;0;0;0;0
14.07.2024;01:26;A 20;1;0;3;1;12;0;0;249;26;1;15;1;5;13;2;1;1;1;25;2;10;1;1;1;13;1;3;1;1;0;100;0;0;2;60;0;0;1;1;0;0;0;0;0;0;0;0;0;0;0;0;0;0;0;0;0;0;0;0;0;0;0;0;1;1;0;0;0;0;0;0;0;0;0;0;0;0;0;0;0;0;0;0;0;0;0;0;0;0;0;0;0;0;0;0
14.07.2024;01:25;A 20;1;2;12;1;7;2;1;260;26;1;1;1;2;3;1;1;1;0;0;0;0;0;0;1;31;2;4;1;1;0;100;2;25;7;37;2;11;4;5;2;2;0;0;0;0;0;0;0;0;0;0;0;0;0;0;0;0;0;0;0;0;1;0;5;6;0;0;0;0;0;0;0;0;0;0;0;0;0;0;0;0;0;0;0;0;0;0;0;0;0;0;0;0;0;0
14.07.2024;01:24;A 20;1;2;18;0;0;1;1;260;26;0;23;0;0;6;0;0;0;1;47;2;36;1;1;0;0;0;0;0;0;0;100;1;14;6;53;1;7;6;7;1;1;0;0;0;0;0;0;0;0;0;0;0;0;0;0;0;0;0;0;0;0;1;1;1;2;0;0;0;0;0;0;0;0;1;1;0;0;0;0;0;0;0;0;0;0;0;0;0;0;0;0;0;0;0;0
14.07.2024;01:23;A 20;1;1;14;1;8;1;1;268;27;1;25;3;3;4;1;1;1;2;36;3;15;1;1;0;0;0;0;0;0;0;100;1;0;1;8;1;1;1;1;1;0;0;0;0;0;0;0;0;0;1;14;2;4;0;43;0;0;0;0;0;0;2;3;2;3;0;0;0;0;0;0;0;0;0;0;0;0;0;0;0;0;0;0;0;0;0;0;0;0;0;0;0;0;0;0
14.07.2024;01:22;A 20;1;0;0;3;9;0;0;246;26;2;38;1;28;8;1;1;1;1;16;3;19;2;1;0;0;0;0;0;0;0;100;1;1;2;35;2;5;2;3;1;1;0;23;0;0;0;0;0;0;0;0;0;0;1;45;0;0;1;3;0;0;1;1;2;3;0;0;0;0;0;0;0;0;0;0;0;0;0;0;0;0;0;0;0;0;0;0;0;0;0;0;0;0;0;0
14.07.2024;01:21;A 20;1;0;0;2;19;0;0;242;25;1;63;4;53;10;3;2;3;0;35;0;0;0;0;2;10;3;12;2;2;0;100;1;60;3;20;3;6;3;4;1;1;1;40;0;0;1;1;1;1;0;0;0;0;0;0;0;0;0;0;0;0;1;1;2;3;0;0;0;0;0;0;0;0;0;0;0;0;0;0;0;0;0;0;0;0;0;0;0;0;0;0;0;0;0;0
14.07.2024;01:20;A 20;1;0;0;1;92;0;0;249;29;1;1;3;8;13;1;0;0;1;23;3;4;0;0;0;28;0;0;1;1;0;100;3;58;2;81;3;59;4;54;3;4;0;1;0;0;0;0;0;0;1;2;1;5;0;36;0;0;0;0;0;0;7;7;1;1;0;0;0;0;0;0;0;0;0;0;0;0;0;0;0;0;0;0;0;0;0;0;0;0;0;0;0;0;0;0
14.07.2024;01:19;A 20;1;0;0;1;13;0;0;253;25;1;88;2;5;16;3;1;1;1;0;2;5;1;0;1;43;2;7;2;1;0;100;0;0;5;40;0;0;5;5;0;0;1;98;0;0;0;0;0;0;0;0;0;0;2;14;0;0;1;9;0;0;3;7;1;1;0;0;0;0;0;0;0;0;0;0;0;0;0;0;0;0;0;0;0;0;0;0;0;0;0;0;0;0;0;0
14.07.2024;01:18;A 20;1;2;13;1;2;1;1;273;28;1;0;2;3;23;1;1;1;2;3;1;6;1;1;0;0;0;0;0;0;0;100;0;0;0;51;1;0;0;0;0;0;1;6;0;0;2;1;2;1;1;36;1;5;1;3;1;2;2;2;0;4;2;2;3;4;0;0;0;0;0;0;0;0;0;0;0;0;1;1;0;0;0;0;0;0;0;0;0;0;0;0;0;0;0;0
14.07.2024;01:17;A 20;1;3;46;1;6;4;5;278;28;0;0;0;0;128;10;0;0;1;1;2;16;1;1;1;23;2;9;0;0;0;100;0;0;4;77;1;3;3;8;0;0;0;0;0;0;0;0;0;0;0;0;0;0;1;45;0;0;1;6;2;3;1;1;3;5;0;0;0;0;0;0;0;0;0;0;0;0;0;0;0;0;0;0;0;0;0;0;0;0;0;0;0;0;0;0
14.07.2024;01:16;A 20;1;1;14;2;13;1;1;275;30;0;0;0;0;144;12;0;0;0;0;1;1;1;1;1;30;2;5;2;1;0;100;0;0;6;51;0;0;2;2;0;0;0;0;0;0;0;0;0;0;0;0;0;0;2;39;1;13;3;10;5;27;1;2;1;1;0;0;0;0;0;0;0;0;0;0;0;0;0;0;0;0;0;0;0;0;0;0;0;0;0;0;0;0;0;0
14.07.2024;01:15;A 20;1;0;0;0;0;0;0;258;26;1;0;0;0;16;1;1;0;1;45;3;7;1;1;0;0;0;0;0;0;0;100;0;25;3;43;0;0;2;2;0;0;0;0;0;0;0;0;0;0;0;0;0;0;0;0;1;32;0;0;1;5;0;0;1;1;0;0;0;0;0;0;0;0;0;0;0;0;0;0;0;0;0;0;0;0;0;0;0;0;0;0;0;0;0;0
14.07.2024;01:14;A 20;1;0;4;0;0;0;1;252;25;0;0;1;0;7;0;0;0;1;1;2;11;1;1;1;34;2;6;1;1;0;100;1;30;4;57;1;7;6;9;1;1;0;0;0;0;0;0;0;0;0;0;0;0;0;61;0;0;0;0;0;0;2;2;0;0;0;0;0;0;0;0;0;0;0;0;0;0;0;0;0;0;0;0;0;0;0;0;0;0;0;0;0;0;0;0
14.07.2024;01:13;A 20;1;2;45;1;13;2;1;247;26;0;0;0;0;7;0;1;0;1;25;1;24;0;0;1;22;1;6;1;1;0;100;0;0;0;0;0;0;0;0;0;0;1;0;0;0;0;0;0;0;0;0;0;0;3;74;1;24;1;38;0;31;1;1;3;4;0;0;0;0;0;0;0;0;0;0;0;0;0;0;0;0;0;0;0;0;0;0;0;0;0;0;0;0;0;0
14.07.2024;01:12;A 20;1;1;73;0;0;1;1;255;26;0;0;1;0;4;0;0;0;1;61;4;47;2;2;0;8;0;0;0;0;0;100;1;22;5;31;1;5;2;2;1;1;1;91;0;0;0;0;0;0;0;0;0;0;1;93;1;72;3;21;3;75;1;3;1;1;0;0;0;0;0;0;0;0;0;0;0;0;0;0;0;0;0;0;0;0;0;0;0;0;0;0;0;0;0;0
14.07.2024;01:11;A 20;1;1;84;4;30;4;5;260;29;1;1;5;10;8;1;1;1;0;0;0;0;1;1;1;40;3;6;1;1;0;100;1;41;3;49;1;43;2;2;0;0;0;81;0;0;1;0;1;1;1;28;1;5;0;0;0;0;1;0;0;0;0;0;1;1;0;0;0;0;0;0;0;0;0;0;0;0;0;0;0;0;0;0;0;0;0;0;0;0;0;0;0;0;0;0
14.07.2024;01:10;A 20;1;2;41;1;14;3;3;245;26;0;0;1;0;79;6;0;0;0;0;0;0;0;0;1;89;2;5;0;0;0;100;3;28;3;35;5;23;3;9;4;6;2;68;0;0;1;0;1;1;0;0;0;0;1;56;0;0;1;13;0;0;2;2;3;4;0;0;0;0;0;0;0;0;0;0;0;0;0;0;0;0;0;0;0;0;0;0;0;0;0;0;0;0;0;0
14.07.2024;01:09;A 20;1;0;0;1;8;0;0;264;27;0;0;1;1;43;3;0;0;0;0;0;0;0;0;1;34;2;6;2;2;0;100;1;30;3;61;2;5;4;8;1;0;1;44;0;0;2;2;2;2;0;0;0;0;1;1;0;0;1;4;0;0;1;1;1;1;0;0;0;0;0;0;0;0;0;0;0;0;0;0;0;0;0;0;0;0;0;0;0;0;0;0;0;0;0;0
14.07.2024;01:08;A 20;1;2;61;1;9;2;3;249;25;1;6;3;10;68;7;1;1;0;0;0;0;0;0;1;45;2;33;1;1;0;100;0;0;2;72;0;0;1;1;0;0;0;0;0;0;0;0;0;0;0;0;0;0;0;6;0;6;0;0;0;4;1;1;1;1;0;0;0;0;1;3;0;0;0;0;0;0;0;0;0;0;0;0;0;0;0;0;0;0;0;0;0;0;0;0
14.07.2024;01:07;A 20;1;1;8;2;7;1;1;245;26;0;0;4;2;67;5;0;0;0;0;0;0;0;0;2;86;4;16;1;1;0;100;2;54;3;64;1;60;1;1;1;2;0;0;0;0;0;0;0;0;0;0;0;0;1;40;1;50;2;4;1;56;3;4;1;1;0;0;0;0;0;0;0;0;0;0;0;0;0;0;0;0;0;0;0;0;0;0;0;0;0;0;0;0;0;0
14.07.2024;01:06;A 20;1;1;8;2;14;1;1;227;25;0;0;3;3;5;0;0;0;2;47;3;16;1;1;1;58;2;7;3;2;0;100;1;10;10;62;2;8;9;11;2;2;0;0;0;0;0;0;0;0;2;61;4;58;2;35;0;0;1;3;1;3;6;11;0;0;0;0;0;0;0;0;0;0;0;0;0;0;0;0;0;0;0;0;0;0;0;0;0;0;0;0;0;0;0;0
14.07.2024;01:05;A 20;1;1;11;1;5;1;1;239;24;0;0;1;0;10;0;0;0;2;54;2;13;1;1;0;0;0;0;0;0;0;100;1;24;0;35;0;25;0;0;0;0;1;54;0;0;0;0;0;0;0;0;0;0;1;62;0;0;3;12;0;0;2;1;2;2;0;0;0;0;0;0;0;0;0;0;0;0;0;0;0;0;0;0;0;0;0;0;0;0;0;0;0;0;0;0
14.07.2024;01:04;A 20;1;0;0;2;14;0;0;231;25;0;0;2;3;6;0;0;0;0;53;0;0;1;0;2;69;4;23;2;2;0;100;2;68;3;29;5;52;3;8;4;4;0;0;0;0;1;1;1;1;1;1;2;4;0;0;0;0;0;0;0;0;0;0;1;1;0;0;0;0;0;0;0;0;0;0;0;0;0;0;0;0;0;0;0;0;0;0;0;0;0;0;0;0;0;0
14.07.2024;01:03;A 20;1;1;7;3;22;1;0;236;25;1;2;3;6;4;1;1;1;3;61;3;18;1;0;0;0;1;2;1;1;0;100;1;0;2;16;2;2;2;1;1;1;0;0;0;0;0;0;0;0;0;0;0;0;0;0;1;0;0;0;0;0;1;1;0;0;0;0;0;0;0;0;0;0;0;0;0;0;0;0;0;0;0;0;0;0;0;0;0;0;0;0;0;0;0;0
14.07.2024;01:02;A 20;1;0;0;0;0;0;0;238;24;0;0;0;0;13;1;0;0;1;0;4;10;1;1;1;79;1;2;1;1;0;100;0;0;3;67;0;0;2;3;0;0;0;0;0;0;0;0;0;0;0;0;0;0;0;40;1;43;0;0;0;45;2;2;4;5;1;1;1;1;0;0;0;0;0;1;1;1;0;0;0;0;0;0;0;0;0;0;0;0;0;0;0;0;0;0
14.07.2024;01:01;A 20;1;2;48;2;24;2;2;233;26;0;0;3;3;13;1;0;0;0;0;0;0;3;2;4;23;10;25;3;4;0;100;3;44;2;36;6;20;2;2;2;2;0;0;0;0;0;0;0;0;0;0;0;0;1;49;1;41;2;8;1;45;1;2;1;1;0;0;1;1;0;0;0;0;1;0;1;1;0;0;0;0;0;0;0;0;0;0;0;0;0;0;0;0;0;0
14.07.2024;01:00;A 20;1;2;43;1;9;5;6;236;24;0;0;3;2;88;7;0;0;1;25;0;25;0;0;0;0;0;0;0;0;0;100;0;68;3;22;0;0;3;3;0;0;0;0;0;0;0;0;0;0;0;0;0;0;1;41;2;1;1;18;2;5;5;5;4;5;0;0;0;0;0;0;0;0;0;0;0;0;0;0;0;0;0;0;0;0;0;0;0;0;0;0;0;0;0;0
14.07.2024;00:59;A 20;1;0;85;1;33;1;1;231;30;0;0;5;12;116;9;0;0;1;35;4;16;2;1;2;41;0;43;1;0;0;100;3;51;3;18;5;40;4;4;3;3;0;0;0;0;0;0;0;0;0;0;0;0;1;13;1;0;2;10;1;3;1;1;1;1;0;0;0;0;0;0;0;0;0;0;0;0;0;0;0;0;0;0;0;0;0;0;0;0;0;0;0;0;0;0
14.07.2024;00:58;A 20;1;2;33;2;16;1;1;245;26;0;0;2;1;12;0;0;0;1;72;1;14;2;2;1;67;4;21;1;1;0;100;1;0;4;15;1;2;2;2;1;1;1;63;0;0;0;0;0;0;0;0;0;0;2;58;0;0;2;13;0;0;4;5;1;1;0;0;0;0;0;0;0;0;0;0;0;0;0;0;0;0;0;0;0;0;0;0;0;0;0;0;0;0;0;0
14.07.2024;00:57;A 20;1;0;13;0;14;0;0;267;26;0;0;0;0;11;0;0;0;1;1;1;9;1;1;0;0;0;0;0;0;0;100;0;6;1;9;1;0;0;0;0;0;0;48;0;0;1;1;1;1;0;0;0;0;0;0;1;30;0;0;2;33;1;0;2;3;0;0;0;0;0;0;0;0;0;0;0;0;0;0;0;0;0;0;0;0;0;0;0;0;0;0;0;0;0;0
14.07.2024;00:56;A 20;1;2;52;3;21;2;2;251;28;0;0;3;6;83;6;0;0;0;0;0;0;1;2;2;31;3;42;1;2;0;100;1;22;5;22;4;6;3;4;1;1;1;36;0;0;1;1;1;1;0;0;0;0;0;0;0;0;0;0;0;0;0;0;0;0;0;0;0;0;0;0;0;0;0;0;0;0;0;0;0;0;0;0;0;0;0;0;0;0;0;0;0;0;0;0
14.07.2024;00:55;A 20;1;2;70;2;19;4;8;248;27;1;11;3;3;144;11;0;0;0;0;0;0;0;0;1;69;1;7;0;0;0;100;0;0;2;9;0;0;1;1;0;0;0;0;0;0;0;0;0;0;0;42;0;0;0;0;1;0;0;0;0;0;2;1;1;1;0;0;0;0;0;0;0;0;0;0;0;0;0;0;0;0;0;0;0;0;0;0;0;0;0;0;0;0;0;0
14.07.2024;00:54;A 20;1;1;18;1;14;2;2;236;26;1;8;1;4;37;4;1;1;1;16;1;8;0;0;1;36;1;40;1;1;0;100;1;67;4;66;1;5;3;4;1;1;0;6;0;0;0;0;0;0;1;51;1;9;0;0;0;0;0;0;0;0;1;3;2;3;0;0;0;0;0;0;0;0;0;0;0;0;0;0;0;0;0;0;0;0;0;0;0;0;0;0;0;0;0;0
14.07.2024;00:53;A 20;1;0;9;4;26;1;1;227;25;1;1;4;11;134;12;1;1;0;0;0;0;1;1;4;50;4;53;2;2;0;100;0;0;5;14;0;1;3;2;0;0;1;94;0;0;0;0;0;0;0;0;0;0;0;0;0;0;0;0;0;0;2;3;1;1;0;0;0;0;0;0;0;0;0;0;0;0;0;0;0;0;0;0;0;0;0;0;0;0;0;0;0;0;0;0
14.07.2024;00:52;A 20;1;1;4;1;5;0;0;267;27;0;0;0;0;17;1;0;0;0;0;0;0;1;0;1;55;3;31;1;1;0;100;2;4;0;0;4;23;0;0;2;2;1;28;0;0;2;2;1;1;1;15;2;6;2;53;1;45;2;61;1;49;4;4;0;0;3;6;0;0;0;0;0;0;1;1;0;0;0;0;0;0;0;0;0;0;0;0;0;0;0;0;0;0;0;0
14.07.2024;00:51;A 20;1;1;6;1;7;1;1;242;25;1;9;2;1;8;1;1;1;1;0;2;2;1;1;0;0;0;0;0;0;0;100;2;1;3;39;5;13;2;3;3;2;0;0;0;0;0;0;0;0;0;0;0;0;0;0;1;40;0;0;1;44;4;6;2;3;0;0;0;0;0;0;0;0;0;0;0;0;0;0;0;0;0;0;0;0;0;0;0;0;0;0;0;0;0;0
14.07.2024;00:50;A 20;1;1;15;0;0;1;0;271;27;0;47;0;0;4;0;0;0;1;3;1;11;1;1;0;0;0;0;0;0;0;100;1;2;2;33;0;2;3;4;0;0;0;4;0;0;0;0;0;0;0;0;0;0;2;39;1;29;5;26;1;34;2;3;1;1;0;0;0;0;0;0;0;0;0;0;0;0;0;0;0;0;0;0;0;0;0;0;0;0;0;0;0;0;0;0
14.07.2024;00:49;A 20;1;1;76;2;12;2;1;266;28;2;65;3;22;11;2;1;1;1;13;1;7;1;0;1;4;2;8;1;1;0;100;0;0;4;86;2;4;3;4;1;1;1;0;0;0;1;1;1;1;0;0;0;0;1;35;0;33;1;4;0;0;2;2;1;0;0;0;1;1;0;0;0;0;0;0;1;1;0;0;0;0;0;0;0;0;0;0;0;0;0;0;0;0;0;0
14.07.2024;00:48;A 20;1;2;35;1;12;2;3;233;23;1;68;7;52;5;2;2;2;3;37;4;19;2;1;0;0;0;0;0;0;0;100;0;0;0;0;0;0;0;0;0;0;0;0;0;0;0;0;0;0;0;0;0;0;1;15;2;26;1;10;4;16;2;3;1;1;0;0;0;0;0;0;0;0;0;0;0;0;1;1;0;0;0;0;0;0;0;0;0;0;0;0;0;0;0;0
14.07.2024;00:47;A 20;1;0;0;1;7;0;0;224;23;0;13;0;0;11;0;0;0;3;45;6;55;3;3;2;14;3;13;2;2;0;100;1;64;3;72;1;7;3;3;1;1;0;0;0;0;0;0;0;0;0;0;0;0;0;0;1;0;0;0;0;0;3;5;1;1;0;0;0;0;0;0;0;0;0;0;0;0;0;0;0;0;0;0;0;0;0;0;0;0;0;0;0;0;0;0
14.07.2024;00:46;A 20;1;2;32;2;50;2;2;207;26;1;39;6;14;7;1;1;1;1;11;2;16;2;2;0;0;0;0;0;0;0;100;1;83;2;77;2;23;4;12;1;1;0;0;0;0;0;0;0;0;0;0;0;0;0;0;1;35;0;0;1;37;1;0;2;3;0;0;0;0;0;0;0;0;0;0;0;0;0;0;0;0;0;0;0;0;0;0;0;0;0;0;0;0;0;0
14.07.2024;00:45;A 20;1;1;11;1;9;1;1;236;24;1;56;4;5;6;1;1;1;1;12;2;5;1;0;0;50;0;0;0;0;0;100;4;68;4;73;5;78;4;4;5;7;0;0;0;0;0;0;0;0;0;0;0;0;1;15;2;28;0;14;1;33;3;4;0;0;0;0;0;0;0;0;0;0;0;0;0;0;0;0;0;0;0;0;0;0;0;0;0;0;0;0;0;0;0;0
14.07.2024;00:44;A 20;1;1;10;3;10;1;0;224;24;0;0;4;4;74;6;0;0;1;38;1;10;1;1;3;50;5;16;3;3;0;100;1;19;4;12;1;3;1;1;1;1;0;0;0;0;0;0;0;0;0;0;0;0;3;69;1;61;4;30;1;67;4;6;0;0;0;0;0;0;0;0;0;0;0;0;0;0;0;0;0;0;0;0;0;0;0;0;0;0;0;0;0;0;0;0
14.07.2024;00:43;A 20;1;0;37;3;18;0;0;246;26;2;62;1;6;7;1;1;1;0;0;0;0;0;0;1;8;4;13;1;1;0;100;1;38;5;36;1;7;2;3;1;2;0;0;0;0;0;0;0;0;0;0;0;0;1;19;1;6;1;8;1;6;1;1;1;1;2;3;0;0;0;0;0;0;0;0;0;0;0;0;0;0;0;0;0;0;0;0;0;0;0;0;0;0;0;0
14.07.2024;00:42;A 20;1;3;23;1;11;2;2;236;25;0;0;2;7;10;2;1;1;2;29;3;13;2;2;1;48;3;9;2;2;0;100;1;26;3;15;2;4;2;2;1;1;0;0;0;0;0;0;0;0;0;0;0;0;2;54;0;0;2;13;0;0;2;5;0;0;0;0;0;0;0;0;0;0;0;0;0;0;0;0;0;0;0;0;0;0;0;0;0;0;0;0;0;0;0;0
14.07.2024;00:41;A 20;1;2;14;1;3;1;1;268;27;0;0;1;0;9;0;0;0;1;0;1;3;0;0;1;53;1;7;1;1;0;100;0;0;3;38;0;0;2;4;0;0;0;0;0;0;0;0;0;0;0;0;0;0;0;0;0;0;0;0;0;0;1;1;0;0;0;0;0;0;0;0;0;0;0;0;0;0;0;0;0;0;0;0;0;0;0;0;0;0;0;0;0;0;0;0
14.07.2024;00:40;A 20;1;0;17;1;9;1;1;234;24;0;0;1;2;12;1;1;0;1;69;2;5;1;0;1;32;3;8;2;2;0;100;0;0;4;47;0;0;2;3;0;0;1;15;0;0;1;1;1;1;0;0;0;0;0;0;0;0;0;0;0;0;5;7;1;1;0;0;0;0;0;0;0;0;0;0;0;0;0;0;0;0;0;0;0;0;0;0;0;0;0;0;0;0;0;0
14.07.2024;00:39;A 20;1;1;16;0;0;2;1;255;25;0;0;0;0;5;0;0;0;0;45;0;0;1;1;4;56;3;73;4;4;0;100;0;0;2;8;0;0;1;1;0;0;0;16;0;0;0;0;0;0;0;0;0;0;1;47;0;0;0;46;0;0;2;3;0;0;0;0;0;0;0;0;0;0;0;0;0;0;0;0;0;0;0;0;0;0;0;0;0;0;0;0;0;0;0;0
14.07.2024;00:38;A 20;1;1;10;0;0;1;1;261;26;0;0;3;5;6;0;0;0;3;27;3;15;2;2;5;38;1;59;2;2;0;100;2;43;0;85;3;29;1;3;2;2;1;91;0;0;1;1;0;0;1;1;3;3;2;27;0;0;4;38;0;0;3;4;0;0;0;0;0;0;0;0;0;0;0;0;0;0;0;0;0;0;0;0;0;0;0;0;0;0;0;0;0;0;0;0
14.07.2024;00:37;A 20;1;2;21;0;0;1;1;270;27;0;0;0;0;4;0;0;0;2;50;3;36;2;2;1;84;4;43;4;4;0;100;0;0;2;88;0;0;7;15;0;0;0;0;0;0;0;0;0;0;1;3;3;11;2;76;0;0;3;13;0;0;2;2;1;1;0;0;0;0;1;1;0;0;0;0;0;0;1;1;0;0;0;0;0;0;0;0;0;0;0;0;0;0;0;0
14.07.2024;00:36;A 20;1;0;38;2;12;2;1;256;27;0;0;4;2;12;1;2;0;2;62;5;18;2;2;1;81;1;8;2;2;0;100;0;0;2;35;0;0;2;20;0;0;4;56;0;0;1;3;1;1;0;0;0;0;0;0;1;75;1;2;0;8;1;1;4;6;0;0;0;0;0;0;0;0;0;0;0;0;0;0;0;0;0;0;0;0;0;0;0;0;0;0;0;0;0;0
14.07.2024;00:35;A 20;1;2;69;0;0;2;2;238;24;1;37;0;0;10;0;0;0;1;0;3;3;1;1;0;0;0;0;0;0;0;100;0;0;3;67;3;5;6;30;0;0;3;83;0;0;5;6;3;3;0;0;0;0;2;39;2;38;1;45;2;48;5;6;2;2;0;0;0;0;0;0;0;0;0;0;0;0;0;0;0;0;0;0;0;0;0;0;0;0;0;0;0;0;0;0
14.07.2024;00:34;A 20;1;0;0;1;75;0;0;242;28;1;39;6;24;10;3;1;1;2;15;1;27;0;0;0;0;0;0;0;0;0;100;0;0;2;16;0;0;2;3;0;0;1;21;0;0;1;1;1;1;0;0;0;0;0;0;0;28;0;0;1;28;0;0;1;1;0;0;0;0;0;0;0;0;0;0;0;0;0;0;0;0;0;0;0;0;0;0;0;0;0;0;0;0;0;0
14.07.2024;00:33;A 20;1;2;22;1;42;1;1;253;31;0;0;4;8;19;1;0;0;0;12;0;0;2;2;1;15;4;11;2;2;0;100;0;0;2;15;0;0;2;2;0;0;0;0;0;0;0;0;0;0;0;0;0;0;1;11;1;33;0;15;2;38;2;3;0;0;0;0;0;0;0;0;0;0;0;0;0;0;0;0;0;0;0;0;0;0;0;0;0;0;0;0;0;0;0;0
14.07.2024;00:32;A 20;1;0;0;1;5;0;0;261;27;0;0;0;0;10;0;0;0;4;21;4;26;2;2;2;6;1;22;1;1;0;100;2;50;4;77;3;43;4;8;2;3;0;0;0;0;0;0;0;0;0;0;0;0;1;75;0;0;2;59;0;0;1;1;2;3;0;0;0;0;0;0;0;0;0;0;0;0;0;0;0;0;0;0;0;0;0;0;0;0;0;0;0;0;0;0
14.07.2024;00:31;A 20;1;2;9;3;14;1;0;221;25;0;0;3;1;10;0;0;0;1;41;3;12;2;2;0;0;0;0;1;1;0;100;0;0;4;14;0;0;2;2;0;0;0;0;0;0;0;0;0;0;3;53;3;33;1;42;1;50;3;5;1;54;2;3;1;1;0;0;0;0;0;0;0;0;0;0;0;0;0;0;0;0;0;0;0;0;0;0;0;0;0;0;0;0;0;0
14.07.2024;00:30;A 20;1;0;0;1;4;0;0;244;24;1;0;1;2;99;9;1;1;0;0;0;0;0;0;0;0;0;0;0;0;0;100;1;0;4;15;2;5;2;2;1;0;1;32;0;0;1;1;1;1;0;0;0;0;1;80;1;63;2;5;1;68;2;3;1;1;0;0;0;0;0;0;0;0;0;0;0;0;0;0;0;0;0;0;0;0;0;0;0;0;0;0;0;0;0;0
14.07.2024;00:29;A 20;1;4;39;1;65;4;4;249;28;0;0;0;0;10;0;0;0;3;3;3;7;2;2;2;18;1;13;1;0;0;100;0;0;1;17;2;5;1;1;0;0;1;56;0;0;0;0;0;0;0;0;0;0;0;0;0;0;0;0;0;0;1;1;2;4;0;0;0;0;0;0;0;0;0;0;0;0;0;0;0;0;0;0;0;0;0;0;0;0;0;0;0;0;0;0
14.07.2024;00:28;A 20;1;1;18;3;22;1;1;278;30;0;0;2;1;10;0;1;0;8;47;1;72;10;12;1;29;1;8;2;2;0;100;2;5;4;26;2;5;3;4;2;1;1;47;0;0;1;0;1;0;2;55;1;2;2;76;2;78;3;27;0;87;5;8;2;1;0;0;0;0;0;0;0;0;0;0;0;0;0;0;0;0;0;0;0;0;0;0;0;0;0;0;0;0;0;0
14.07.2024;00:27;A 20;1;0;0;0;15;0;0;252;25;2;13;0;16;18;1;0;0;2;25;1;42;1;1;1;23;3;7;1;1;0;100;1;0;4;10;5;7;2;1;1;1;6;36;0;0;2;22;1;1;1;37;1;3;5;50;2;35;2;66;2;43;6;9;3;4;1;1;0;0;0;0;0;0;0;0;0;0;0;0;0;0;0;0;0;0;0;0;0;0;0;0;0;0;0;0
14.07.2024;00:26;A 20;1;0;0;0;100;0;0;247;27;1;99;2;98;26;3;0;0;0;0;0;0;1;1;1;41;4;14;0;0;0;100;0;0;1;69;2;9;2;3;0;0;1;55;0;0;5;11;6;10;1;48;1;2;1;53;0;0;3;25;1;1;3;4;1;1;0;0;0;0;0;0;0;0;0;0;0;0;0;0;0;0;0;0;0;0;0;0;0;0;0;0;0;0;0;0
14.07.2024;00:25;A 20;1;3;35;3;17;2;2;262;27;0;0;4;5;11;3;3;3;1;1;2;7;1;1;2;71;3;4;2;2;0;100;1;1;4;23;2;1;4;4;1;1;0;0;0;0;0;0;0;0;0;0;0;0;1;25;1;6;1;8;2;6;0;0;2;3;0;0;0;0;1;1;0;0;0;0;0;0;1;3;0;0;0;0;0;0;0;0;0;0;0;0;0;0;0;0
14.07.2024;00:24;A 20;1;1;8;1;6;1;1;241;25;0;0;1;0;11;0;1;0;0;0;0;0;0;0;0;100;3;47;1;1;0;100;0;0;1;4;0;0;1;0;0;0;0;46;0;0;0;0;0;0;0;0;0;0;2;51;1;53;1;60;1;56;2;2;3;4;0;0;0;0;0;0;0;0;0;0;0;0;0;0;0;0;0;0;0;0;0;0;0;0;0;0;0;0;0;0
14.07.2024;00:23;A 20;1;1;18;1;9;1;1;237;24;2;2;4;6;8;2;2;2;2;1;3;7;2;2;1;11;2;7;1;1;0;100;0;0;3;13;0;0;1;1;0;0;2;40;0;0;1;1;1;1;0;0;0;0;2;46;1;32;0;47;2;34;3;5;4;6;1;1;0;0;0;0;0;0;0;0;0;0;0;0;0;0;0;0;0;0;0;0;0;0;0;0;0;0;0;0
14.07.2024;00:22;A 20;1;1;46;1;28;2;3;258;29;1;28;1;2;6;1;1;2;0;0;0;0;1;1;1;38;2;6;0;0;0;100;0;69;1;83;1;2;3;5;0;0;0;100;0;0;1;1;0;0;0;0;0;0;1;4;0;0;2;12;0;0;4;5;0;0;0;0;0;0;0;0;0;0;0;0;0;0;0;0;0;0;0;0;0;0;0;0;0;0;0;0;0;0;0;0
14.07.2024;00:21;A 20;1;0;0;1;7;0;0;273;28;0;0;2;1;1;0;0;0;3;2;4;10;3;2;2;51;2;23;1;1;0;100;1;69;4;83;3;7;4;6;1;1;1;2;0;0;1;1;2;3;0;0;0;0;2;86;1;10;3;65;2;13;4;7;0;0;0;0;0;0;1;1;0;0;0;0;0;0;1;1;0;0;0;0;0;0;0;0;0;0;0;0;0;0;0;0
14.07.2024;00:20;A 20;1;0;0;0;0;0;0;242;24;0;47;0;0;8;0;0;0;2;35;3;44;2;2;1;57;1;67;2;3;0;100;1;5;6;21;1;6;3;4;1;1;0;44;0;0;0;0;0;0;0;0;0;0;2;54;1;0;4;13;1;1;1;0;1;1;0;0;0;0;0;0;0;0;0;0;0;0;0;0;0;0;0;0;0;0;0;0;0;0;0;0;0;0;0;0
14.07.2024;00:19;A 20;1;2;11;2;14;1;1;226;23;2;57;2;7;45;5;2;2;2;1;1;6;2;2;2;71;2;76;0;0;0;100;1;75;1;8;3;9;1;0;1;1;1;46;0;0;1;1;1;1;1;39;1;3;0;37;0;0;0;0;0;0;2;3;0;0;0;0;0;0;0;0;0;0;0;0;0;0;0;0;0;0;0;0;0;0;0;0;0;0;0;0;0;0;0;0
14.07.2024;00:18;A 20;1;2;10;0;0;1;1;254;25;0;0;0;0;5;0;0;0;2;1;2;8;2;2;1;61;1;64;2;2;0;100;1;34;3;21;3;7;2;3;1;1;0;0;0;0;0;0;0;0;1;49;1;4;1;33;0;0;1;9;0;0;1;1;0;0;0;0;0;0;0;0;0;0;0;0;0;0;0;0;0;0;0;0;0;0;0;0;0;0;0;0;0;0;0;0
14.07.2024;00:17;A 20;1;0;0;3;31;0;0;241;27;1;70;4;11;14;2;1;1;1;0;3;3;0;0;1;54;4;14;2;2;0;100;2;14;2;21;4;6;1;0;2;2;2;94;0;0;1;2;1;1;0;0;0;0;1;44;0;0;1;10;0;0;1;2;2;2;0;0;0;0;0;0;0;0;0;0;0;0;0;0;0;0;0;0;0;0;0;0;0;0;0;0;0;0;0;0
14.07.2024;00:16;A 20;1;1;25;2;22;1;1;230;27;1;34;2;38;24;1;0;0;1;1;2;7;2;2;1;37;3;4;1;1;0;100;1;0;3;78;3;4;3;3;1;0;1;17;0;0;2;2;2;2;0;0;0;0;1;86;1;59;3;46;1;62;3;4;0;0;1;1;0;0;0;0;0;0;1;1;0;0;0;0;0;0;0;0;0;0;0;0;0;0;0;0;0;0;0;0
14.07.2024;00:15;A 20;1;3;51;2;23;4;4;239;25;1;19;3;24;34;5;2;2;1;0;3;4;2;2;1;29;3;5;1;1;0;100;0;1;2;8;0;0;1;1;0;0;0;44;0;0;0;0;0;0;0;0;0;0;1;30;0;0;1;10;0;0;1;0;0;0;0;0;0;0;0;0;0;0;0;0;0;0;1;1;0;0;0;0;0;0;0;0;0;0;0;0;0;0;0;0
14.07.2024;00:14;A 20;1;2;1;1;10;0;0;227;24;0;0;0;0;67;5;1;0;1;52;0;56;0;0;0;0;0;0;0;0;0;100;1;17;3;15;2;7;1;1;1;1;1;54;0;0;1;1;1;0;1;24;0;26;0;50;0;49;0;0;1;48;1;1;1;1;0;1;0;0;0;0;0;0;0;0;0;0;0;0;0;0;0;0;0;0;0;0;0;0;0;0;0;0;0;0
14.07.2024;00:13;A 20;1;0;1;0;76;0;0;227;27;0;0;6;7;5;0;0;0;4;25;2;66;3;3;0;21;0;0;0;0;0;100;2;2;3;68;3;10;4;5;3;3;1;3;0;0;1;1;0;0;1;42;1;48;1;5;1;71;4;8;2;76;0;0;2;3;1;0;0;0;0;0;0;0;1;0;0;0;0;0;0;0;0;0;0;0;0;0;0;0;0;0;0;0;0;0
14.07.2024;00:12;A 20;1;1;9;3;16;1;1;241;26;0;0;4;2;4;0;1;0;3;17;4;29;5;5;2;17;4;9;2;1;0;100;0;0;3;74;1;1;3;4;0;0;1;61;0;0;1;0;1;1;0;0;0;0;0;0;0;0;0;0;0;0;1;1;0;0;0;0;0;0;0;0;0;0;0;0;0;0;0;0;0;0;0;0;0;0;0;0;0;0;0;0;0;0;0;0
14.07.2024;00:11;A 20;1;1;17;3;27;1;1;239;27;1;72;7;5;60;5;1;1;4;38;2;19;1;2;0;31;0;0;0;0;0;100;1;0;5;31;1;2;3;4;1;0;0;0;0;0;0;0;0;0;0;0;0;0;0;0;0;0;0;0;0;0;1;1;1;1;0;0;0;0;0;0;0;0;0;0;0;0;0;0;0;0;0;0;0;0;0;0;0;0;0;0;0;0;0;0
14.07.2024;00:10;A 20;1;1;16;3;23;2;2;239;26;1;64;4;14;18;1;0;0;2;1;1;9;3;2;1;0;1;7;2;1;0;100;0;0;0;41;0;0;0;0;0;0;0;0;0;0;0;0;0;0;0;0;0;0;2;2;2;2;1;5;3;6;3;5;1;1;0;0;0;0;0;0;0;0;0;0;0;0;0;0;0;0;0;0;0;0;0;0;0;0;0;0;0;0;0;0
14.07.2024;00:09;A 20;1;1;3;4;36;0;0;246;28;0;0;3;7;15;2;1;1;0;0;1;0;1;1;0;0;0;0;0;0;0;100;0;0;1;99;0;0;1;44;0;0;0;0;0;0;0;0;0;0;0;0;0;0;1;72;0;0;1;7;0;0;0;0;1;1;0;0;0;0;0;0;0;0;0;0;0;0;0;0;0;0;0;0;0;0;0;0;0;0;0;0;0;0;0;0
14.07.2024;00:08;A 20;1;1;7;2;15;1;0;240;25;1;43;4;3;25;3;1;1;1;27;4;8;1;1;0;0;0;0;0;0;0;100;1;25;6;81;2;4;7;18;1;1;1;28;0;0;1;1;1;1;0;0;0;0;0;0;0;0;0;0;0;0;2;3;3;3;0;0;0;0;0;0;0;0;0;0;0;0;0;0;0;0;0;0;0;0;0;0;0;0;0;0;0;0;0;0
14.07.2024;00:07;A 20;1;2;44;2;14;2;1;238;26;0;0;1;0;2;0;0;0;0;0;0;0;0;0;0;0;0;0;0;0;0;100;1;17;1;76;1;7;3;6;1;1;0;0;0;0;0;0;0;0;2;73;3;5;0;0;1;0;0;0;1;1;0;0;2;2;0;0;0;0;0;0;0;0;0;0;0;0;1;1;0;0;0;0;0;0;0;0;0;0;0;0;0;0;0;0
14.07.2024;00:06;A 20;1;2;58;1;20;2;2;254;27;0;0;1;2;11;0;0;0;3;46;1;58;0;0;1;25;2;4;1;1;0;100;0;0;1;91;0;0;3;6;0;0;0;0;0;0;0;0;0;0;0;0;1;2;3;39;1;0;3;42;1;2;1;1;2;2;0;0;0;0;0;0;0;0;0;0;0;0;0;0;0;0;0;0;0;0;0;0;0;0;0;0;0;0;0;0
14.07.2024;00:05;A 20;1;0;0;2;10;0;0;258;27;0;0;2;2;3;0;0;0;3;43;0;49;3;1;1;19;2;14;1;1;0;100;0;0;4;23;0;0;3;3;0;0;0;0;0;0;0;0;0;0;2;13;1;5;1;25;3;27;0;13;1;40;1;1;3;4;0;0;0;0;0;0;0;0;4;29;0;0;0;0;0;0;0;0;0;0;0;0;0;0;0;0;0;0;0;0
14.07.2024;00:04;A 20;1;1;10;1;8;1;1;271;28;0;0;4;3;5;0;0;0;2;46;4;32;5;4;0;0;0;0;1;1;0;100;1;1;0;0;1;2;0;0;1;1;0;0;0;0;0;0;0;0;0;0;0;0;0;0;0;0;1;9;0;0;0;0;0;0;2;3;0;0;0;0;0;0;2;3;0;0;0;0;0;0;0;0;0;0;0;0;0;0;0;0;0;0;0;0
14.07.2024;00:03;A 20;1;0;0;2;11;0;0;252;26;0;0;1;0;3;0;1;0;2;43;2;26;1;1;1;54;3;38;1;1;0;100;0;0;0;0;0;0;0;0;0;0;0;0;0;0;0;0;0;0;1;20;1;4;2;19;0;16;1;5;0;16;4;6;2;2;0;0;0;0;0;0;0;0;0;0;0;0;1;1;0;0;0;0;0;0;0;0;0;0;0;0;0;0;0;0
14.07.2024;00:02;A 20;1;0;0;0;0;0;0;272;27;0;0;0;0;44;3;0;0;1;32;1;45;2;2;2;61;3;21;1;1;0;100;2;23;6;19;2;12;3;4;2;2;0;0;0;0;0;0;0;0;1;28;2;9;1;65;1;22;5;22;2;27;1;2;0;0;0;0;0;0;0;0;0;0;1;1;0;0;0;0;0;0;0;0;0;0;0;0;0;0;0;0;0;0;0;0
14.07.2024;00:01;A 20;1;0;0;1;5;0;0;263;27;0;0;0;0;1;0;0;0;1;58;1;12;1;1;1;25;3;10;2;2;0;100;1;49;2;61;1;33;3;6;1;1;0;0;0;0;0;0;0;0;0;0;0;0;1;36;0;0;3;6;0;0;2;2;2;3;0;0;0;0;0;0;0;0;0;0;0;0;0;0;0;0;0;0;0;0;0;0;0;0;0;0;0;0;0;0
14.07.2024;00:00;A 20;1;3;27;1;0;3;3;272;27;0;0;0;0;2;0;0;0;2;70;3;78;2;2;1;28;2;10;1;1;0;100;1;32;8;31;1;5;5;5;1;1;0;57;0;0;0;0;0;0;0;0;0;0;1;55;0;0;3;3;0;0;2;4;1;1;0;0;0;0;0;0;0;0;0;0;0;0;0;0;0;0;0;0;0;0;0;0;0;0;0;0;0;0;0;0
13.07.2024;23:59;A 20;1;0;0;2;18;0;0;270;29;1;21;5;22;37;3;0;0;2;49;1;53;2;2;2;47;2;59;0;0;0;100;1;24;0;0;2;6;0;0;1;1;1;25;0;0;1;1;1;1;0;0;0;0;0;46;0;0;0;0;0;0;5;8;2;2;0;0;0;0;0;0;0;0;0;0;0;0;0;0;0;0;0;0;0;0;0;0;0;0;0;0;0;0;0;0
13.07.2024;23:58;A 20;1;1;15;2;90;1;1;240;28;3;41;6;10;148;16;3;4;1;15;2;25;4;4;1;26;1;7;1;1;0;100;2;61;0;97;5;40;1;2;2;2;3;5;0;0;0;0;0;0;1;9;1;5;2;47;1;0;2;13;2;2;3;3;0;0;0;0;0;0;0;0;0;0;0;0;0;0;0;0;0;0;0;0;0;0;0;0;0;0;0;0;0;0;0;0
13.07.2024;23:57;A 20;1;2;58;0;0;3;3;274;28;0;0;0;0;167;13;0;0;2;1;1;5;1;2;1;29;0;0;0;0;0;100;3;21;7;79;7;24;7;7;2;1;1;97;0;0;3;6;3;4;2;68;2;9;3;8;1;0;4;14;1;2;2;3;3;3;0;0;0;0;0;0;0;0;0;0;0;0;0;0;0;0;0;0;0;0;0;0;0;0;0;0;0;0;0;0
13.07.2024;23:56;A 20;1;1;8;3;21;1;0;264;28;1;1;3;4;186;17;1;2;0;0;0;0;1;0;1;72;1;19;2;2;0;100;0;0;3;47;1;1;2;3;0;0;0;0;0;0;1;1;1;0;2;65;2;8;0;0;0;0;0;0;0;0;0;0;2;3;0;0;0;0;0;0;0;0;0;0;0;0;0;0;0;0;0;0;0;0;0;0;0;0;0;0;0;0;0;0
13.07.2024;23:55;A 20;1;1;35;1;5;1;0;263;28;0;0;2;1;202;16;0;0;1;1;1;5;0;0;1;21;3;7;1;1;0;100;1;22;5;21;3;5;3;4;0;0;0;0;0;0;0;0;0;0;0;0;0;0;0;0;0;0;0;0;0;0;0;0;0;0;0;0;0;0;0;0;0;0;0;0;0;0;0;0;0;0;0;0;0;0;0;0;0;0;0;0;0;0;0;0
13.07.2024;23:54;A 20;1;2;72;1;11;2;1;272;29;0;28;0;0;215;18;0;0;2;2;4;11;4;3;1;73;2;3;1;1;0;100;0;0;4;16;1;34;2;2;1;1;2;38;0;0;0;29;0;0;0;0;0;0;2;62;0;0;1;19;0;0;5;6;1;1;0;0;0;0;0;0;0;0;0;0;0;0;0;0;0;0;0;0;0;0;0;0;0;0;0;0;0;0;0;0
13.07.2024;23:53;A 20;1;0;0;1;5;0;0;281;29;1;49;1;6;213;19;1;1;1;0;3;2;1;0;2;34;3;11;1;1;0;100;3;51;3;45;5;43;3;5;3;5;1;22;0;0;3;17;3;7;0;0;0;0;1;57;1;46;1;15;1;9;1;1;2;3;0;0;0;0;0;0;0;0;0;0;0;0;1;1;0;0;0;0;0;0;0;0;0;0;0;0;0;0;0;0
13.07.2024;23:52;A 20;1;1;62;4;27;5;7;283;33;1;11;3;7;244;22;1;1;0;29;0;0;0;0;0;0;1;2;1;1;0;100;0;0;3;30;0;0;2;3;0;0;0;0;0;0;0;0;0;0;0;4;0;0;1;30;0;0;1;32;0;0;1;1;1;1;0;0;0;0;0;0;0;0;0;0;0;0;0;0;0;0;0;0;0;0;0;0;0;0;0;0;0;0;0;0
13.07.2024;23:51;A 20;1;5;52;2;24;4;4;263;30;0;0;3;2;237;20;1;0;3;60;5;24;2;2;0;0;0;0;0;0;0;100;2;43;0;71;2;23;4;8;2;2;1;77;0;0;1;1;1;1;1;9;2;3;3;70;1;11;5;77;3;14;5;7;3;4;0;0;0;0;0;0;0;0;0;0;0;0;0;0;0;0;0;0;0;0;0;0;0;0;0;0;0;0;0;0
13.07.2024;23:50;A 20;1;0;0;2;11;0;0;267;28;0;78;0;0;249;21;0;0;2;69;7;73;2;2;2;6;0;10;0;0;0;100;2;1;3;13;3;5;3;2;2;1;1;33;0;0;1;1;1;1;0;0;0;0;1;60;1;52;3;61;1;60;0;0;0;0;0;0;0;0;0;0;0;0;0;0;0;0;0;0;0;0;0;0;0;0;0;0;0;0;0;0;0;0;0;0
13.07.2024;23:49;A 20;1;2;27;2;16;2;4;233;23;1;53;4;10;251;22;1;1;0;66;0;0;1;1;1;63;3;11;3;3;0;100;0;0;0;0;1;0;0;0;0;0;1;0;0;0;1;0;1;0;0;0;0;0;1;34;2;40;1;44;1;46;4;7;2;2;0;0;0;0;0;0;0;0;0;0;0;0;0;0;0;0;0;0;0;0;0;0;0;0;0;0;0;0;0;0
13.07.2024;23:48;A 20;1;0;0;2;27;0;0;246;27;1;14;1;8;224;20;1;1;1;14;1;9;1;1;0;0;0;0;0;0;0;100;2;7;3;58;2;6;4;3;2;1;0;0;0;0;0;0;0;0;0;0;0;0;0;52;0;51;0;0;0;50;1;1;1;1;1;1;0;0;0;0;0;0;0;0;0;0;0;0;0;0;0;0;0;0;0;0;0;0;0;0;0;0;0;0
13.07.2024;23:47;A 20;1;1;8;0;0;1;1;255;25;0;4;0;0;244;20;0;0;3;32;3;43;1;1;1;29;2;5;1;1;0;100;0;0;3;8;0;0;1;1;0;0;0;0;0;0;0;0;0;0;0;28;0;0;2;31;1;56;1;6;3;48;2;2;2;3;0;0;0;0;0;0;0;0;0;0;0;0;0;0;0;0;0;0;0;0;0;0;0;0;0;0;0;0;0;0
13.07.2024;23:46;A 20;1;2;21;3;20;2;1;261;28;1;63;6;3;245;21;1;1;2;23;5;30;3;3;2;48;0;49;0;0;0;100;3;6;3;43;2;57;2;2;2;3;0;0;0;0;0;0;0;0;1;21;1;6;0;6;2;64;0;0;2;66;3;4;2;2;0;0;0;0;0;0;0;0;0;0;0;0;2;4;0;0;0;0;0;0;0;0;0;0;0;0;0;0;0;0
13.07.2024;23:45;A 20;1;0;12;4;54;1;1;240;25;2;59;4;5;234;22;2;2;3;5;3;20;3;3;2;56;3;53;3;3;0;100;1;23;5;43;5;8;3;4;2;2;0;0;0;0;0;0;0;0;1;25;1;5;1;13;1;25;2;10;2;8;5;9;4;5;0;0;0;0;0;0;0;0;1;1;0;0;0;0;0;0;0;0;0;0;0;0;0;0;0;0;0;0;0;0
13.07.2024;23:44;A 20;1;2;19;2;20;1;1;226;24;1;1;3;6;267;24;1;1;2;25;1;36;4;4;1;70;2;6;1;1;0;100;0;31;1;40;0;0;2;5;0;0;0;0;0;0;0;0;0;0;0;0;0;0;4;51;1;56;1;66;1;62;3;3;1;1;0;0;0;0;0;0;0;0;0;0;0;0;0;0;0;0;0;0;0;0;0;0;0;0;0;0;0;0;0;0
13.07.2024;23:43;A 20;1;2;48;0;35;3;4;140;40;0;41;1;9;288;25;0;0;1;14;2;14;1;1;1;30;3;9;1;1;0;100;2;30;7;39;3;9;3;4;2;2;0;0;0;0;0;0;0;0;0;0;0;0;2;20;1;0;2;8;1;2;1;1;1;0;0;0;0;0;0;0;0;0;2;3;0;0;0;0;0;0;0;0;0;0;0;0;0;0;0;0;0;0;0;0
13.07.2024;23:42;A 20;1;0;100;4;66;1;3;167;55;1;73;4;4;271;25;2;2;1;1;2;5;1;0;1;83;1;7;1;0;0;100;1;18;2;14;3;4;2;2;1;1;0;10;0;0;0;0;0;0;2;13;2;6;3;2;1;0;2;12;1;1;2;2;2;3;0;0;0;0;0;0;0;0;0;0;0;0;0;0;0;0;0;0;0;0;0;0;0;0;0;0;0;0;0;0
13.07.2024;23:41;A 20;1;2;35;3;16;2;4;268;28;1;49;1;4;269;25;1;1;0;0;0;0;1;1;2;69;6;32;1;1;0;100;1;41;0;76;1;8;1;1;1;1;1;63;0;0;1;1;1;1;0;0;1;2;0;0;0;0;0;0;0;0;3;4;0;0;0;0;0;0;1;1;0;0;0;0;0;0;1;1;0;0;0;0;0;0;0;0;0;0;0;0;0;0;0;0
13.07.2024;23:40;A 20;1;2;25;0;46;2;3;248;25;1;17;3;4;262;24;1;1;1;5;2;12;2;2;1;74;2;3;1;1;0;100;1;5;5;16;2;3;2;2;1;0;0;0;0;0;0;0;0;0;0;0;0;0;1;81;1;76;1;9;1;81;1;3;2;1;0;0;0;0;0;0;0;0;0;0;0;0;1;1;0;0;0;0;0;0;0;0;0;0;0;0;0;0;0;0
13.07.2024;23:39;A 20;1;2;20;3;28;2;2;258;29;0;46;6;4;271;23;0;0;2;1;2;11;2;2;1;68;2;3;1;1;0;100;1;5;3;33;1;2;3;3;1;0;1;49;0;0;0;0;0;0;2;48;4;11;2;46;1;75;2;27;0;79;5;4;3;4;0;0;0;0;0;0;0;0;0;0;0;0;0;0;0;0;0;0;0;0;0;0;0;0;0;0;0;0;0;0
13.07.2024;23:38;A 20;1;1;10;2;18;1;1;241;25;1;52;4;4;243;22;1;1;3;2;2;12;3;4;1;52;0;52;0;0;0;100;1;59;3;49;5;6;5;9;1;1;1;1;0;0;2;1;2;1;0;0;0;0;0;0;1;37;0;0;1;47;2;2;1;1;0;0;0;0;0;0;0;0;0;0;0;0;0;0;0;0;0;0;0;0;0;0;0;0;0;0;0;0;0;0
13.07.2024;23:37;A 20;1;5;35;2;38;2;2;239;29;0;0;4;6;281;24;0;0;2;3;2;18;2;2;2;69;5;8;2;2;0;100;2;73;2;82;4;72;3;4;2;2;1;2;0;0;0;0;0;0;0;0;0;0;1;18;2;4;1;12;0;35;4;7;1;1;1;1;0;0;0;0;0;0;1;3;0;0;0;0;0;0;0;0;0;0;0;0;0;0;0;0;0;0;0;0
13.07.2024;23:36;A 20;1;0;66;1;65;1;2;249;26;0;0;3;12;247;22;0;0;1;0;2;5;1;0;4;41;11;32;4;4;0;100;3;59;1;82;1;63;3;11;1;0;1;95;0;0;1;1;1;0;0;0;0;0;1;0;1;0;0;0;3;80;6;9;1;2;0;0;0;0;0;0;0;0;0;0;0;0;0;0;0;0;0;0;0;0;0;0;0;0;0;0;0;0;0;0
13.07.2024;23:35;A 20;1;1;67;3;50;4;6;235;30;1;55;5;51;270;25;0;0;4;85;3;94;3;3;1;95;0;0;0;0;0;100;1;29;3;37;4;26;5;18;3;4;1;54;0;0;2;2;1;1;1;18;3;9;2;79;1;0;1;52;0;0;0;0;2;4;0;0;0;0;0;0;0;0;0;0;0;0;0;0;0;0;0;0;0;0;0;0;0;0;0;0;0;0;0;0
13.07.2024;23:34;A 20;1;3;38;3;14;3;5;239;26;1;35;3;2;292;27;2;3;2;68;4;76;2;2;0;0;1;2;1;1;0;100;0;0;3;21;1;3;2;2;0;0;1;40;0;0;1;1;2;2;0;0;0;0;2;34;0;0;6;31;0;0;4;5;0;0;0;0;0;0;0;0;0;0;0;0;0;0;0;0;0;0;0;0;0;0;0;0;0;0;0;0;0;0;0;0
13.07.2024;23:33;A 20;1;2;47;1;93;3;3;232;34;1;77;3;11;296;27;1;1;6;36;4;60;5;6;3;63;0;68;0;0;0;100;0;0;1;87;0;0;3;4;0;0;1;0;0;0;1;1;1;0;0;0;0;0;0;20;2;23;0;0;0;27;2;2;3;2;0;0;0;0;0;0;0;0;0;0;0;0;0;0;0;0;0;0;0;0;0;0;0;0;0;0;0;0;0;0
13.07.2024;23:32;A 20;1;1;51;0;0;3;5;267;27;0;0;1;0;297;27;0;0;2;52;2;64;3;3;1;58;4;54;4;5;0;100;4;53;2;60;3;56;2;4;3;4;1;25;0;0;1;1;1;1;2;13;2;9;2;15;2;3;3;5;4;9;1;1;2;3;0;0;0;0;0;0;0;0;0;0;0;0;0;0;0;0;0;0;0;0;0;0;0;0;0;0;0;0;0;0
13.07.2024;23:31;A 20;1;3;56;3;45;4;6;249;29;0;0;3;3;281;25;0;0;1;47;2;6;2;1;0;0;0;0;0;0;0;100;4;60;0;100;4;15;6;35;4;4;0;0;0;0;0;0;0;0;1;3;1;5;1;66;0;0;2;11;0;0;3;5;0;0;0;0;0;0;0;0;0;0;0;0;0;0;0;0;0;0;0;0;0;0;0;0;0;0;0;0;0;0;0;0
13.07.2024;23:30;A 20;1;2;24;0;32;2;2;281;30;0;0;2;2;278;25;0;0;3;12;8;20;3;3;3;3;1;3;0;0;0;100;1;0;4;43;2;2;2;2;1;1;0;0;0;0;0;0;0;0;0;0;0;0;3;66;0;0;1;79;0;0;0;0;0;0;0;0;0;0;1;1;0;0;0;0;0;0;1;1;0;0;0;0;0;0;0;0;0;0;0;0;0;0;0;0
13.07.2024;23:29;A 20;1;2;14;2;79;1;1;261;28;1;19;0;0;280;24;0;0;2;1;1;8;2;3;2;86;0;100;0;0;0;100;0;0;1;6;0;0;1;1;0;0;0;0;0;0;0;0;0;0;2;2;1;7;2;11;1;5;2;14;1;8;4;6;2;3;1;1;0;0;0;0;0;0;1;1;0;0;0;0;0;0;0;0;0;0;0;0;0;0;0;0;0;0;0;0
13.07.2024;23:28;A 20;1;0;0;1;12;0;0;267;28;1;47;5;6;319;31;2;2;0;6;0;0;2;2;1;49;1;50;1;1;0;100;2;3;3;31;1;8;2;3;1;1;1;0;0;0;0;0;0;0;0;0;0;0;1;11;0;11;1;10;0;11;2;1;1;1;0;0;0;0;1;1;0;0;0;0;0;0;1;1;0;0;0;0;0;0;0;0;0;0;0;0;0;0;0;0
13.07.2024;23:27;A 20;1;1;36;0;0;1;1;250;25;0;0;0;0;289;27;0;0;2;13;1;10;3;2;2;74;6;51;1;1;0;100;0;55;2;67;0;0;1;1;0;0;0;0;0;0;0;0;0;0;0;0;0;0;2;31;1;14;2;7;1;21;3;5;4;7;0;0;0;0;0;0;0;0;0;0;0;0;0;0;0;0;0;0;0;0;0;0;0;0;0;0;0;0;0;0
13.07.2024;23:26;A 20;1;5;35;3;34;3;2;248;26;1;59;3;1;319;31;1;1;0;0;1;3;1;1;1;76;5;15;2;2;0;100;3;18;2;94;4;14;7;36;2;2;0;53;0;0;0;0;0;0;0;0;0;0;2;89;2;84;2;11;1;93;3;4;4;7;0;0;0;0;0;0;0;0;0;0;0;0;0;0;0;0;0;0;0;0;0;0;0;0;0;0;0;0;0;0
13.07.2024;23:25;A 20;1;2;24;2;56;2;2;237;30;1;10;6;18;172;62;1;1;2;2;3;14;3;3;1;88;1;16;1;1;0;100;0;0;3;56;2;6;4;35;1;1;1;74;0;0;1;0;1;0;0;0;0;0;0;0;2;1;1;7;1;1;0;0;1;1;0;0;0;0;0;0;0;0;0;0;0;0;0;0;0;0;0;0;0;0;0;0;0;0;0;0;0;0;0;0
13.07.2024;23:24;A 20;1;2;21;0;0;2;2;267;27;0;0;0;0;0;100;0;0;2;19;0;20;1;1;1;40;2;5;0;0;0;100;0;73;3;16;1;1;2;2;0;0;1;39;0;0;1;1;1;1;1;1;2;1;2;1;0;18;1;9;0;0;3;4;1;1;0;0;0;0;0;0;0;0;0;0;0;0;0;0;0;0;0;0;0;0;0;0;0;0;0;0;0;0;0;0
13.07.2024;23:23;A 20;1;1;30;2;10;2;2;231;24;0;0;0;0;1;99;0;0;1;10;1;13;2;2;0;47;0;0;0;0;0;100;1;8;3;79;1;2;4;3;1;0;0;0;0;0;0;0;0;0;0;0;0;0;2;13;2;51;1;16;2;9;3;5;2;2;0;0;0;0;0;0;0;0;0;0;0;0;0;0;0;0;0;0;0;0;0;0;0;0;0;0;0;0;0;0
13.07.2024;23:22;A 20;1;5;23;3;31;3;2;221;25;0;65;1;3;1;76;0;0;3;52;8;37;2;2;1;36;4;7;1;1;0;100;1;40;2;58;1;40;3;5;0;0;1;22;0;0;1;1;1;1;0;0;0;0;1;11;0;0;1;23;0;0;2;1;2;2;0;0;0;0;0;0;0;0;0;0;0;0;0;0;0;0;0;0;0;0;0;0;0;0;0;0;0;0;0;0
13.07.2024;23:21;A 20;1;2;21;1;13;1;1;245;26;2;60;7;49;12;2;2;2;4;7;5;21;6;6;0;76;0;0;0;0;0;100;1;12;3;45;4;5;3;4;1;1;0;45;0;0;0;0;0;0;0;0;0;0;0;0;2;34;0;0;1;7;2;2;1;1;1;1;0;0;1;0;0;0;0;0;0;0;0;0;0;0;0;0;0;0;0;0;0;0;0;0;0;0;0;0
13.07.2024;23:20;A 20;1;1;19;4;22;2;3;237;25;1;22;7;15;61;7;2;2;4;38;5;48;2;2;3;77;6;89;2;2;0;100;0;0;1;5;0;0;1;1;0;0;2;47;0;0;1;1;1;1;0;8;0;0;0;0;0;0;0;0;0;0;1;1;1;1;0;0;0;0;0;0;0;0;0;0;0;0;0;0;0;0;0;0;0;0;0;0;0;0;0;0;0;0;0;0
13.07.2024;23:19;A 20;1;1;66;1;63;2;0;215;24;0;99;3;92;146;12;0;0;1;51;1;59;3;3;3;82;3;36;2;2;0;100;2;3;3;27;3;4;2;2;1;1;0;100;0;0;0;0;0;0;1;18;1;6;0;0;0;0;0;0;0;0;2;2;4;5;0;0;0;0;0;0;0;0;0;0;0;0;0;0;0;0;0;0;0;0;0;0;0;0;0;0;0;0;0;0
13.07.2024;23:18;A 20;1;1;56;3;29;5;12;217;27;1;11;3;5;31;3;1;1;2;70;2;42;1;1;1;35;5;24;3;3;0;100;3;6;2;46;2;32;3;27;1;1;1;6;0;0;2;2;1;1;0;0;0;0;2;93;3;89;0;98;1;96;1;1;3;5;0;0;0;0;1;1;0;0;0;0;0;0;1;1;0;0;0;0;0;0;0;0;0;0;0;0;0;0;0;0
13.07.2024;23:17;A 20;1;2;89;0;5;3;4;214;21;1;16;1;2;36;4;0;0;2;47;0;0;1;1;3;86;2;33;5;10;0;100;0;0;5;85;2;63;5;24;3;5;2;17;0;0;0;0;0;0;1;5;1;8;3;14;2;45;1;20;3;35;3;3;2;2;0;0;0;0;0;0;0;0;0;0;0;0;0;0;0;0;0;0;0;0;0;0;0;0;0;0;0;0;0;0
13.07.2024;23:16;A 20;1;2;62;3;67;4;6;151;48;3;56;1;7;52;6;3;3;3;34;1;24;2;1;1;48;2;7;1;1;0;100;2;2;4;22;4;8;5;3;3;2;1;66;0;0;2;2;2;2;0;0;0;0;0;0;0;0;0;0;0;0;1;0;1;1;0;0;0;0;0;0;0;0;0;0;0;0;0;0;0;0;0;0;0;0;0;0;0;0;0;0;0;0;0;0
13.07.2024;23:15;A 20;1;3;37;3;16;3;3;256;28;1;2;2;3;75;7;1;1;1;41;3;49;3;3;1;31;1;9;1;1;0;100;0;0;0;43;0;0;2;7;0;0;0;73;0;0;0;0;0;0;1;21;1;6;0;0;0;0;0;0;0;0;6;11;3;5;1;1;0;0;2;5;0;0;4;12;0;0;1;2;0;0;0;0;0;0;0;0;0;0;0;0;0;0;0;0
13.07.2024;23:14;A 20;1;2;64;2;14;2;43;251;28;1;61;3;6;142;13;1;1;0;0;0;0;0;0;0;8;0;0;0;0;0;100;4;37;5;55;1;46;4;13;1;17;1;30;0;0;1;1;1;1;0;0;0;0;1;45;1;66;2;35;1;72;2;3;3;4;0;0;0;0;0;0;0;0;0;0;0;0;0;0;0;0;0;0;0;0;0;0;0;0;0;0;0;0;0;0
13.07.2024;23:13;A 20;1;2;90;3;24;6;28;228;25;2;82;1;40;156;14;2;2;3;4;1;22;3;3;1;69;2;7;1;1;0;100;3;48;4;53;4;49;3;5;4;8;0;39;0;0;0;0;0;0;1;44;2;2;2;57;2;70;1;36;4;66;3;4;2;2;0;0;0;0;0;0;0;0;0;0;0;0;0;0;0;0;0;0;0;0;0;0;0;0;0;0;0;0;0;0
13.07.2024;23:12;A 20;1;1;64;1;80;2;3;242;25;1;67;2;71;154;14;2;1;0;18;0;0;0;0;2;66;3;64;1;1;0;100;2;78;2;60;3;69;4;11;3;5;1;42;0;0;1;2;1;1;1;41;1;7;0;0;2;30;0;0;3;11;0;0;1;1;0;0;0;0;0;0;0;0;0;0;0;0;0;0;0;0;0;0;0;0;0;0;0;0;0;0;0;0;0;0
13.07.2024;23:11;A 20;1;5;77;2;14;6;11;216;22;1;22;1;2;157;14;1;1;3;68;5;11;3;3;1;28;4;6;2;2;0;100;2;49;4;63;4;13;5;5;2;2;1;77;0;0;1;1;0;0;0;0;0;0;1;0;0;0;0;0;0;0;4;6;4;6;0;0;0;0;0;0;0;0;0;0;0;0;1;1;0;0;0;0;0;0;0;0;0;0;0;0;0;0;0;0
13.07.2024;23:10;A 20;1;1;15;1;8;1;0;219;23;1;2;4;3;154;13;2;1;1;1;3;3;0;0;1;44;4;18;2;2;0;100;2;10;2;10;3;7;1;1;2;2;0;0;0;0;0;0;0;0;3;67;3;33;2;46;2;4;3;53;5;9;4;5;0;0;0;0;0;0;0;0;0;0;1;1;0;0;0;0;0;0;0;0;0;0;0;0;0;0;0;0;0;0;0;0
13.07.2024;23:09;A 20;1;1;13;0;6;1;1;193;19;0;0;0;0;158;13;0;0;0;0;0;0;1;1;1;97;2;17;1;1;0;100;3;4;2;21;0;10;1;7;0;0;0;0;0;0;0;0;0;0;0;0;0;0;1;26;0;0;2;3;0;0;2;3;2;2;0;0;0;0;0;0;0;0;0;0;1;1;0;0;0;0;0;0;0;0;0;0;0;0;0;0;0;0;0;0
13.07.2024;23:08;A 20;1;5;71;3;43;2;2;190;23;0;0;1;2;146;12;0;0;0;47;0;0;1;0;1;4;2;5;0;0;0;100;1;74;2;93;3;72;5;52;4;5;1;20;0;0;0;0;0;0;2;2;1;5;0;0;0;48;0;0;0;48;5;8;1;1;0;0;0;0;0;0;0;0;0;0;0;0;1;1;0;0;0;0;0;0;0;0;0;0;0;0;0;0;0;0
13.07.2024;23:07;A 20;1;1;13;1;11;1;1;188;20;0;0;1;1;149;12;0;0;3;11;3;18;1;1;1;31;2;11;0;0;0;100;2;34;3;82;6;11;4;3;2;2;1;58;0;0;2;3;2;3;0;6;0;0;3;4;4;41;0;12;3;48;5;6;4;5;0;0;0;0;0;0;0;0;0;0;0;0;0;0;0;0;0;0;0;0;0;0;0;0;0;0;0;0;0;0
13.07.2024;23:06;A 20;1;1;12;3;17;1;0;205;21;2;13;4;11;179;17;3;3;1;9;1;16;2;1;0;0;0;0;1;1;0;100;1;5;6;58;1;6;3;6;1;1;0;0;0;0;0;0;0;0;2;9;2;8;2;11;3;15;1;16;4;27;2;2;4;6;0;0;0;0;0;0;0;0;0;0;0;0;0;0;0;0;0;0;0;0;0;0;0;0;0;0;0;0;0;0
13.07.2024;23:05;A 20;1;1;59;0;44;3;17;208;21;1;66;4;5;175;16;0;0;1;59;4;65;2;2;1;5;0;6;0;0;0;100;1;35;2;45;0;36;3;2;0;0;1;55;0;0;1;1;1;1;0;0;0;0;1;66;1;96;3;41;2;85;1;0;4;5;0;0;0;0;0;0;0;0;0;0;0;0;0;0;0;0;0;0;0;0;0;0;0;0;0;0;0;0;0;0
13.07.2024;23:04;A 20;1;3;43;4;45;3;3;203;25;1;25;5;3;164;14;2;2;1;61;0;61;0;0;0;100;2;43;1;1;0;100;1;28;3;41;4;25;2;3;2;2;1;26;0;0;0;0;0;0;3;19;1;30;1;30;2;36;2;6;2;40;2;2;2;2;0;0;0;0;0;0;0;0;0;0;0;0;0;0;0;0;0;0;0;0;0;0;0;0;0;0;0;0;0;0
13.07.2024;23:03;A 20;1;1;30;1;16;1;0;210;22;1;2;4;5;164;15;1;1;4;31;2;51;5;5;1;57;2;7;1;1;0;100;1;1;3;15;4;11;2;2;1;1;1;79;0;0;2;2;2;2;0;0;0;0;1;17;0;17;0;17;0;15;2;3;1;1;0;0;0;0;0;0;0;0;0;0;0;0;1;1;0;0;0;0;0;0;0;0;0;0;0;0;0;0;0;0
13.07.2024;23:02;A 20;1;4;75;1;66;1;1;203;22;0;0;0;0;178;14;0;0;0;0;0;0;0;0;4;9;6;21;2;3;0;100;1;41;0;47;1;43;0;0;0;0;1;18;0;0;1;0;1;1;0;0;0;0;1;53;1;49;4;47;1;58;3;5;1;1;0;0;0;0;0;0;0;0;0;0;0;0;0;0;0;0;0;0;0;0;0;0;0;0;0;0;0;0;0;0
13.07.2024;23:01;A 20;1;7;87;2;94;2;1;206;26;2;38;1;38;170;15;1;1;2;5;1;20;2;2;1;43;1;6;3;3;0;100;2;46;6;56;3;44;5;6;3;3;0;33;0;0;0;0;0;0;1;43;1;7;1;71;2;33;1;57;3;28;1;1;3;4;0;0;0;0;0;0;0;0;0;0;0;0;0;0;0;0;0;0;0;0;0;0;0;0;0;0;0;0;0;0
13.07.2024;23:00;A 20;1;2;60;4;84;4;6;223;27;2;65;8;72;225;22;2;3;1;20;0;22;1;1;3;36;4;46;2;2;0;100;0;0;0;0;2;2;0;0;0;0;1;8;0;0;1;1;1;1;1;51;3;4;1;61;0;0;2;7;0;0;2;3;2;2;0;0;0;0;0;0;0;0;0;0;0;0;0;0;0;0;0;0;0;0;0;0;0;0;0;0;0;0;0;0
13.07.2024;22:59;A 20;1;3;40;6;54;3;4;239;27;1;11;5;20;253;27;2;4;4;60;2;75;2;2;0;0;0;0;0;0;0;100;0;0;4;9;0;0;2;2;0;0;0;0;0;0;0;0;0;0;0;22;0;0;1;25;0;22;2;4;0;23;2;3;2;1;0;0;0;0;1;1;0;0;0;0;0;0;0;0;0;0;0;0;0;0;0;0;0;0;0;0;0;0;0;0
13.07.2024;22:58;A 20;1;1;43;2;47;2;3;231;30;0;0;1;0;255;22;1;0;5;59;6;58;5;6;1;1;2;3;1;1;0;100;1;0;4;37;1;2;3;6;1;0;0;0;0;0;0;0;0;0;2;54;2;8;1;49;2;82;1;4;3;73;1;2;2;3;0;0;0;0;0;0;0;0;0;0;0;0;0;0;0;0;0;0;0;0;0;0;0;0;0;0;0;0;0;0
13.07.2024;22:57;A 20;1;1;56;1;22;2;2;257;27;1;92;4;9;287;27;1;1;3;54;5;44;5;5;0;20;1;2;0;0;0;100;3;49;2;72;3;28;4;16;3;4;3;94;0;0;2;4;2;2;2;40;2;39;0;0;0;0;0;0;0;0;5;9;3;6;0;0;0;0;0;0;0;0;1;1;0;0;0;0;0;0;0;0;0;0;0;0;0;0;0;0;0;0;0;0
13.07.2024;22:56;A 20;1;2;48;4;34;3;4;270;31;1;5;4;9;302;29;1;1;3;21;1;35;4;5;1;70;2;4;2;2;0;100;1;25;4;25;3;7;4;5;1;1;2;57;0;0;3;3;3;3;0;0;0;0;2;17;1;84;3;19;0;86;2;3;0;0;0;0;0;0;0;0;0;0;0;0;0;0;0;0;0;0;0;0;0;0;0;0;0;0;0;0;0;0;0;0
13.07.2024;22:55;A 20;1;1;1;0;0;0;0;263;26;0;8;0;0;304;27;0;0;4;8;4;29;5;6;4;83;0;90;3;3;0;100;1;37;2;8;2;8;1;0;1;1;1;71;0;0;1;1;1;1;0;14;0;0;2;40;1;66;0;45;1;70;6;9;0;0;0;1;0;0;0;0;0;0;0;1;0;0;0;0;0;0;0;0;0;0;0;0;0;0;0;0;0;0;0;0
13.07.2024;22:54;A 20;1;2;33;4;32;3;3;267;29;1;50;5;8;296;33;1;1;2;21;0;25;0;0;1;45;4;43;2;2;0;100;5;54;0;76;4;46;4;10;5;10;1;59;0;0;1;4;1;3;1;53;1;4;1;52;2;35;2;33;1;41;4;8;4;7;1;0;0;0;0;0;0;0;1;0;0;0;0;0;0;0;0;0;0;0;0;0;0;0;0;0;0;0;0;0
13.07.2024;22:53;A 20;1;1;45;1;7;0;0;263;26;1;89;2;3;319;36;1;1;2;15;2;29;4;4;2;16;1;18;1;1;0;100;2;47;4;64;2;51;3;4;1;0;2;92;0;0;2;2;2;2;0;0;0;0;1;23;1;53;2;10;1;56;4;5;4;4;0;0;0;0;0;0;0;0;0;0;0;0;0;0;0;0;0;0;0;0;0;0;0;0;0;0;0;0;0;0
13.07.2024;22:52;A 20;1;1;21;1;38;2;2;258;26;1;11;4;4;168;71;1;1;0;0;0;0;1;1;1;35;3;44;2;2;0;100;4;45;4;65;8;34;5;6;5;5;1;12;0;0;1;1;1;1;0;76;0;0;0;0;0;0;0;0;0;0;0;0;1;1;0;0;0;0;0;0;0;0;0;0;0;0;0;0;0;0;0;0;0;0;0;0;0;0;0;0;0;0;0;0
13.07.2024;22:51;A 20;1;1;31;3;31;1;1;242;27;1;47;2;4;17;29;0;0;4;51;3;64;4;4;0;0;0;0;0;0;0;100;2;41;0;0;3;27;0;0;1;1;0;0;0;0;0;0;0;0;1;0;3;5;0;0;0;0;0;0;0;0;2;3;1;1;0;0;0;0;0;0;0;0;0;0;0;0;0;0;0;0;0;0;0;0;0;0;0;0;0;0;0;0;0;0
13.07.2024;22:50;A 20;1;1;38;1;64;2;3;257;30;3;57;1;58;22;4;2;2;0;0;0;0;0;0;0;0;0;0;0;0;0;100;1;24;5;26;1;33;3;3;1;1;0;0;0;0;0;0;0;0;0;0;1;1;3;72;2;18;2;41;3;28;2;3;0;0;0;0;0;0;0;0;0;0;0;0;0;0;0;0;0;0;0;0;0;0;0;0;0;0;0;0;0;0;0;0
13.07.2024;22:49;A 20;1;2;28;3;82;1;1;277;31;3;78;11;31;25;8;5;7;5;63;7;75;4;4;1;48;3;12;1;1;0;100;1;62;4;33;7;24;3;4;2;2;1;28;0;0;1;0;0;0;1;25;2;7;1;24;0;0;2;7;0;0;5;8;0;0;0;0;0;0;0;0;0;0;0;0;0;0;0;0;0;0;0;0;0;0;0;0;0;0;0;0;0;0;0;0
13.07.2024;22:48;A 20;1;2;81;1;87;2;3;237;28;1;55;3;7;86;8;1;1;3;48;6;52;3;3;1;43;2;7;0;0;0;100;0;0;3;26;1;0;1;1;0;0;1;39;0;0;1;1;1;1;0;0;0;0;1;1;0;19;1;8;0;20;2;1;1;1;0;0;0;0;0;0;0;0;0;0;0;0;0;0;0;0;0;0;0;0;0;0;0;0;0;0;0;0;0;0
13.07.2024;22:47;A 20;1;5;25;1;13;1;0;264;27;0;0;0;0;6;0;0;0;3;46;6;52;4;4;2;36;2;38;2;2;0;100;2;7;1;4;3;10;1;0;2;3;0;0;0;0;0;0;0;0;0;0;0;0;1;2;1;37;1;1;1;43;8;10;1;1;0;0;0;0;0;0;0;0;0;0;0;0;0;0;0;0;0;0;0;0;0;0;0;0;0;0;0;0;0;0
13.07.2024;22:46;A 20;1;2;42;2;56;0;0;239;27;2;72;2;75;14;3;1;1;2;72;2;82;4;3;1;79;4;11;1;0;0;100;1;25;4;29;2;8;3;3;2;1;1;38;0;0;1;1;1;1;0;0;0;0;1;97;1;94;0;100;0;97;5;10;0;0;0;0;0;0;0;0;0;0;0;0;0;0;0;0;0;0;0;0;0;0;0;0;0;0;0;0;0;0;0;0
13.07.2024;22:45;A 20;1;0;0;3;33;0;0;249;26;2;55;7;11;7;4;3;4;2;53;0;57;1;1;3;82;5;45;1;0;0;100;1;60;1;9;3;5;1;1;1;1;0;22;0;0;0;0;0;0;1;9;1;9;5;67;2;54;6;74;2;62;5;7;4;7;0;0;0;0;0;0;0;0;0;0;0;0;0;0;0;0;0;0;0;0;0;0;0;0;0;0;0;0;0;0
13.07.2024;22:44;A 20;1;2;82;1;53;3;4;249;31;0;0;2;1;10;0;0;0;1;30;1;31;2;2;3;50;3;35;3;3;0;100;2;73;3;54;3;6;1;1;1;0;1;54;0;0;1;1;1;1;0;0;0;0;1;23;1;5;3;7;1;11;3;4;2;3;0;0;0;0;1;1;0;0;0;0;0;0;0;0;0;0;0;0;0;0;0;0;0;0;0;0;0;0;0;0
13.07.2024;22:43;A 20;1;3;16;1;50;1;0;268;28;3;81;7;31;51;7;3;4;1;16;1;11;1;1;2;65;6;21;2;1;0;100;1;34;5;54;1;37;5;8;1;1;1;44;0;0;1;1;1;1;0;0;0;0;1;71;1;0;3;4;0;0;3;4;4;6;0;0;0;0;1;1;0;0;0;0;0;0;0;0;0;0;0;0;0;0;0;0;0;0;0;0;0;0;0;0
13.07.2024;22:42;A 20;1;2;33;3;18;2;2;271;29;3;53;5;40;13;2;2;1;2;18;1;29;2;2;0;100;0;100;0;0;0;100;2;3;5;15;4;10;3;3;2;3;1;33;0;0;0;0;0;0;1;1;1;2;4;22;1;0;4;14;1;3;5;6;0;0;0;0;0;0;0;0;0;0;0;0;0;0;0;0;0;0;0;0;0;0;0;0;0;0;0;0;0;0;0;0
13.07.2024;22:41;A 20;1;2;12;3;30;1;1;258;28;1;30;4;8;43;8;3;4;0;35;0;0;0;0;1;22;4;25;2;2;0;100;1;57;3;17;1;4;3;3;2;1;1;68;0;0;2;2;2;1;1;30;0;35;4;30;3;29;0;46;2;43;6;8;4;7;0;0;0;0;0;0;0;0;0;0;0;0;0;0;0;0;0;0;0;0;0;0;0;0;0;0;0;0;0;0
13.07.2024;22:40;A 20;1;1;16;2;12;2;1;256;28;0;0;2;1;158;13;0;0;3;46;6;15;2;3;0;0;0;0;0;0;0;100;1;59;4;15;0;60;3;3;0;0;1;33;0;0;1;1;1;1;1;44;4;48;1;29;2;49;1;49;2;38;2;1;3;4;0;0;0;0;0;0;0;0;1;1;0;0;0;0;0;0;0;0;0;0;0;0;0;0;0;0;0;0;0;0
13.07.2024;22:39;A 20;1;1;55;3;55;2;1;239;27;0;75;0;0;139;11;1;0;5;62;6;26;3;3;1;8;0;0;0;0;0;100;4;49;4;14;7;29;3;2;5;5;0;0;0;0;0;0;0;0;0;0;0;0;0;1;2;34;0;0;2;43;4;5;4;6;1;1;0;0;0;0;0;0;1;1;0;0;0;0;0;0;0;0;0;0;0;0;0;0;0;0;0;0;0;0
13.07.2024;22:38;A 20;1;1;65;5;52;4;7;232;27;2;11;5;10;19;3;2;2;3;48;0;100;5;6;0;0;0;0;0;0;0;100;5;24;0;42;2;35;4;13;2;13;1;60;3;20;1;1;0;0;0;0;0;0;2;96;2;89;1;64;2;91;4;7;3;3;0;0;0;0;0;0;0;0;0;0;0;0;0;0;0;0;0;0;0;0;0;0;0;0;0;0;0;0;0;0
13.07.2024;22:37;A 20;1;3;39;3;37;3;4;259;30;1;17;1;2;67;5;0;0;2;29;2;19;2;2;1;92;1;1;0;0;0;100;1;59;5;50;5;45;4;5;4;6;2;33;1;71;1;1;1;1;4;7;0;0;4;77;1;3;3;79;1;59;3;5;4;6;0;0;0;0;0;0;0;0;0;0;0;0;0;0;0;0;0;0;0;0;0;0;0;0;0;0;0;0;0;0
13.07.2024;22:36;A 20;1;2;83;1;6;4;4;262;26;0;0;0;0;112;10;1;1;1;10;3;8;2;1;2;51;2;58;1;1;0;100;2;21;2;77;3;11;3;35;2;2;1;42;0;0;1;1;1;1;2;9;0;0;4;51;1;13;3;47;1;49;5;8;0;0;0;0;0;0;0;0;0;0;0;0;0;0;0;0;0;0;0;0;0;0;0;0;0;0;0;0;0;0;0;0
13.07.2024;22:35;A 20;1;1;39;1;42;2;3;241;28;2;57;4;64;140;15;2;3;1;9;3;8;2;2;1;59;3;7;3;3;0;100;6;49;4;65;3;55;2;2;5;28;1;36;0;0;0;0;0;0;1;14;3;10;1;65;0;0;3;24;0;0;5;5;1;0;0;0;0;0;0;0;0;0;0;0;0;0;0;0;0;0;0;0;0;0;0;0;0;0;0;0;0;0;0;0
13.07.2024;22:34;A 20;1;2;30;0;13;2;2;235;24;1;52;2;5;185;16;0;0;3;27;1;38;3;4;0;0;0;0;0;0;0;100;1;11;6;62;4;15;6;8;2;2;1;62;0;0;2;2;2;2;0;0;0;0;1;81;1;7;1;3;1;12;1;1;0;0;0;0;0;0;0;0;0;0;0;0;0;0;0;0;0;0;0;0;0;0;0;0;0;0;0;0;0;0;0;0
13.07.2024;22:33;A 20;1;2;39;3;20;3;2;225;24;1;1;4;3;189;16;2;2;2;31;5;11;1;1;3;90;0;94;1;1;0;100;1;0;5;42;1;3;2;2;0;0;1;43;0;0;1;1;1;1;0;40;0;0;2;42;1;42;2;7;0;46;7;10;2;2;0;0;0;0;0;0;0;0;0;0;0;0;0;0;0;0;0;0;0;0;0;0;0;0;0;0;0;0;0;0
13.07.2024;22:32;A 20;1;3;84;2;53;2;3;188;20;0;0;0;0;179;15;0;0;6;26;3;48;4;5;1;84;4;24;3;5;0;100;3;86;2;91;4;8;1;1;3;3;0;0;0;0;0;0;0;0;2;43;3;6;1;18;2;3;3;8;4;7;0;0;1;1;0;0;0;0;2;3;0;0;0;0;0;0;1;2;0;0;0;0;0;0;0;0;0;0;0;0;0;0;0;0
13.07.2024;22:31;A 20;1;2;78;0;63;4;5;193;28;1;19;5;13;197;18;1;1;1;41;3;29;3;3;1;45;1;9;1;1;0;100;2;47;2;72;5;47;5;6;2;3;2;51;0;0;2;2;1;1;1;1;1;3;3;14;0;0;1;14;0;0;5;9;2;3;0;0;0;0;0;0;0;0;0;0;0;0;0;0;0;0;0;0;0;0;0;0;0;0;0;0;0;0;0;0
13.07.2024;22:30;A 20;1;5;82;3;49;2;2;198;22;0;0;0;0;217;18;0;0;0;0;0;0;0;0;0;0;0;0;0;0;0;100;5;34;5;88;6;39;5;7;4;4;1;17;0;0;1;0;0;0;1;47;1;6;2;11;1;9;1;30;1;12;1;1;0;0;1;1;0;0;1;1;0;0;1;1;0;0;0;0;0;0;0;0;0;0;0;0;0;0;0;0;0;0;0;0
13.07.2024;22:29;A 20;1;5;26;4;78;0;0;196;25;0;32;2;1;222;18;0;0;0;0;0;0;0;0;0;91;0;0;0;0;0;100;1;1;3;24;3;5;3;3;2;2;0;0;0;0;0;0;0;0;0;0;0;0;1;47;0;0;0;2;0;0;4;3;1;1;0;0;0;0;0;0;0;0;0;0;1;2;0;0;0;0;0;0;0;0;0;0;0;0;0;0;0;0;0;0
13.07.2024;22:28;A 20;1;3;24;1;48;1;1;170;33;1;9;1;9;168;15;2;2;1;54;2;13;1;0;1;6;1;9;1;1;0;100;4;7;6;32;4;28;3;5;2;2;0;0;0;0;0;0;0;0;0;0;0;0;0;52;1;59;1;2;1;65;3;5;4;7;0;0;0;0;0;0;0;0;0;0;0;0;1;1;0;0;0;0;0;0;0;0;0;0;0;0;0;0;0;0
13.07.2024;22:27;A 20;1;1;68;0;100;4;6;215;37;1;1;2;3;150;12;0;0;2;19;1;8;1;1;6;72;2;31;5;5;0;100;1;44;2;95;2;45;4;16;3;4;0;0;0;0;0;0;0;0;1;1;1;3;1;25;1;55;2;17;1;38;3;4;2;2;0;0;0;0;0;0;0;0;0;0;0;0;0;0;0;0;0;0;0;0;0;0;0;0;0;0;0;0;0;0
13.07.2024;22:26;A 20;1;4;66;2;85;4;3;252;31;0;95;4;2;172;15;1;1;0;0;1;6;1;1;1;86;2;5;1;1;0;100;2;50;0;83;0;52;6;20;2;1;1;77;0;0;1;1;1;0;0;0;0;0;1;32;2;38;2;6;1;9;5;12;3;8;0;0;0;0;1;1;0;0;0;0;0;0;1;3;0;0;0;0;0;0;0;0;0;0;0;0;0;0;0;0
13.07.2024;22:25;A 20;1;3;27;1;27;2;3;260;29;1;9;1;5;162;15;1;1;3;51;2;64;3;3;1;42;2;10;1;1;0;100;2;17;5;61;5;29;3;4;3;2;1;30;0;0;1;1;1;1;0;0;0;0;3;6;2;84;2;23;2;90;1;2;0;0;0;0;0;0;0;0;0;0;0;0;0;0;0;0;0;0;0;0;0;0;0;0;0;0;0;0;0;0;0;0
13.07.2024;22:24;A 20;1;2;19;0;0;1;1;249;25;0;18;0;0;127;10;0;0;4;63;1;51;3;2;3;47;4;58;2;2;0;100;1;1;4;22;2;6;3;3;0;0;1;21;0;0;1;1;1;1;0;0;0;0;0;0;1;7;0;0;1;9;2;2;0;0;0;0;0;0;0;0;0;0;0;0;0;0;1;1;0;0;0;0;0;0;0;0;0;0;0;0;0;0;0;0
13.07.2024;22:23;A 20;1;2;18;2;23;2;1;238;27;1;18;2;6;114;10;1;1;0;0;2;2;1;1;1;9;2;7;1;1;0;100;3;63;6;62;4;24;3;4;4;5;1;4;0;0;0;0;0;0;0;0;0;0;0;29;0;0;0;0;0;0;1;1;0;0;0;0;0;0;0;0;0;0;0;0;0;0;0;0;0;0;0;0;0;0;0;0;0;0;0;0;0;0;0;0
13.07.2024;22:22;A 20;1;0;4;0;0;1;1;259;27;0;0;0;0;6;0;0;0;0;0;0;0;0;0;0;0;0;0;0;0;0;100;1;0;5;12;3;5;3;3;1;0;1;89;0;0;2;2;2;3;0;0;0;0;1;29;0;0;1;6;0;0;2;1;3;5;0;0;0;0;0;0;0;0;0;0;0;0;0;0;0;0;0;0;0;0;0;0;0;0;0;0;0;0;0;0
13.07.2024;22:21;A 20;1;2;15;2;11;1;0;239;26;0;0;0;0;6;0;0;0;1;0;2;4;1;1;0;0;0;0;0;0;0;100;75;35;1;10;3;46;1;1;2;3;1;55;0;0;1;1;1;1;0;0;0;0;1;41;1;40;1;6;1;41;4;4;2;3;0;0;0;0;1;1;1;1;0;0;0;0;1;2;1;2;0;0;0;0;0;0;0;0;0;0;0;0;0;0
13.07.2024;22:20;A 20;1;1;68;1;25;2;3;238;27;0;0;0;0;61;5;1;0;2;15;5;16;2;2;1;45;3;5;1;1;0;100;3;2;2;20;3;7;2;2;3;2;2;20;0;0;0;0;0;0;0;0;0;0;1;45;2;31;3;7;2;22;2;4;0;0;0;0;1;1;3;5;0;0;0;0;1;1;0;0;0;0;0;0;0;0;0;0;0;0;0;0;0;0;0;0
13.07.2024;22:19;A 20;1;6;71;1;14;2;2;261;28;0;0;1;0;44;3;0;0;3;3;2;11;3;3;3;66;1;54;0;0;0;100;1;45;2;15;4;11;2;3;0;0;0;100;0;0;2;3;2;3;1;1;1;2;0;0;1;0;0;0;1;2;1;4;2;2;0;0;0;0;0;0;0;0;0;0;0;0;0;0;0;0;0;0;0;0;0;0;0;0;0;0;0;0;0;0
13.07.2024;22:18;A 20;1;2;10;0;0;1;0;252;25;0;0;1;0;5;0;0;0;4;6;3;21;2;2;1;69;3;62;3;3;0;100;1;45;3;65;2;32;4;8;1;1;1;23;0;0;1;1;1;0;2;59;2;12;1;49;1;0;2;6;1;2;4;5;5;8;0;0;0;0;0;0;0;0;0;0;0;0;1;1;0;0;0;0;0;0;0;0;0;0;0;0;0;0;0;0
13.07.2024;22:17;A 20;1;6;55;4;49;1;1;251;27;1;62;4;8;26;3;1;1;2;5;1;17;5;4;0;0;0;0;0;0;0;100;3;31;4;42;2;33;2;3;2;3;3;25;0;0;3;3;3;3;2;68;2;54;2;55;1;24;3;57;2;9;3;5;2;2;0;0;0;0;1;1;0;0;0;0;0;0;2;3;0;0;0;0;0;0;0;0;0;0;0;0;0;0;0;0
13.07.2024;22:16;A 20;1;1;96;2;77;3;4;187;29;1;68;2;3;16;2;2;3;1;1;1;8;1;1;0;0;0;0;0;0;0;100;3;53;4;58;6;52;4;11;3;6;1;39;0;0;0;0;0;0;2;2;2;10;1;69;0;66;2;13;2;1;3;5;2;4;0;0;0;0;0;0;0;0;0;0;0;0;0;0;0;0;0;0;0;0;0;0;0;0;0;0;0;0;0;0
13.07.2024;22:15;A 20;1;2;55;1;51;1;2;257;33;1;8;3;8;42;5;2;2;1;1;2;6;1;1;2;63;0;67;1;1;0;100;3;71;1;77;2;73;5;27;4;4;1;87;0;0;2;2;2;1;0;0;0;0;2;30;2;41;4;17;5;31;1;1;2;2;0;0;0;0;0;0;0;0;0;0;0;0;0;0;0;0;0;0;0;0;0;0;0;0;0;0;0;0;0;0
13.07.2024;22:14;A 20;1;2;70;2;67;2;1;228;25;0;0;0;0;44;3;0;0;1;1;3;5;0;0;3;58;5;50;2;2;0;100;3;49;0;59;0;54;1;31;2;3;1;18;0;0;1;1;1;1;0;0;0;0;0;0;1;58;0;0;1;61;2;3;1;1;0;0;0;0;0;0;0;0;0;0;0;0;1;1;0;0;0;0;0;0;0;0;0;0;0;0;0;0;0;0
13.07.2024;22:13;A 20;1;5;52;1;34;2;2;252;32;2;42;1;45;99;8;0;0;2;1;3;7;3;7;1;77;2;26;3;3;0;100;7;66;4;90;1;90;6;9;4;9;3;45;0;0;1;3;0;0;2;36;1;32;2;68;2;8;2;40;2;12;4;4;4;5;0;0;0;0;0;0;0;0;0;0;0;0;0;0;0;0;0;0;0;0;0;0;0;0;0;0;0;0;0;0
13.07.2024;22:12;A 20;1;5;30;2;38;2;2;254;30;2;26;5;22;151;17;4;5;2;17;4;12;1;1;1;21;2;4;1;1;0;100;2;77;3;38;2;87;4;6;6;37;1;64;0;0;3;5;4;5;0;0;0;0;2;28;3;30;0;58;1;36;4;5;4;7;0;0;1;1;0;0;0;0;0;0;0;0;0;0;0;0;0;0;0;0;0;0;0;0;0;0;0;0;0;0
13.07.2024;22:11;A 20;1;5;30;2;95;1;1;260;28;0;0;0;0;181;16;1;1;5;11;2;24;4;5;1;47;3;17;0;0;0;100;2;22;1;56;4;26;3;6;2;2;0;0;0;0;0;0;0;0;0;0;0;0;1;49;2;58;2;34;1;62;3;2;2;1;1;3;1;1;0;0;0;0;0;0;2;3;0;0;0;0;0;0;0;0;0;0;0;0;0;0;0;0;0;0
13.07.2024;22:10;A 20;1;3;69;3;75;2;2;230;28;2;68;4;11;156;15;2;2;2;1;4;6;3;3;5;64;6;80;3;4;0;100;3;30;2;63;5;43;5;43;2;3;3;83;0;0;2;5;2;3;0;0;0;0;0;0;2;1;0;0;0;0;6;9;4;6;0;0;0;0;0;0;0;0;0;0;0;0;0;0;0;0;0;0;0;0;0;0;0;0;0;0;0;0;0;0
13.07.2024;22:09;A 20;1;2;25;1;11;2;2;263;28;0;0;0;0;165;13;2;1;6;56;1;78;6;8;1;72;4;54;3;3;0;100;1;0;2;90;4;11;6;8;2;1;4;64;0;0;3;4;3;4;1;1;1;2;2;40;2;21;3;16;3;12;4;6;6;9;0;0;0;0;1;1;0;0;0;0;0;0;0;0;0;0;0;0;0;0;0;0;0;0;0;0;0;0;0;0
13.07.2024;22:08;A 20;1;5;46;1;6;3;3;247;26;0;17;0;0;180;15;0;0;2;9;3;18;3;3;1;10;2;5;1;1;0;100;2;18;3;97;2;28;4;34;2;4;1;30;0;0;3;3;2;2;0;0;0;0;0;0;0;0;0;0;0;0;0;0;3;5;0;0;0;0;0;0;0;0;0;0;0;0;0;0;0;0;0;0;0;0;0;0;0;0;0;0;0;0;0;0
13.07.2024;22:07;A 20;1;1;95;3;32;4;7;254;28;1;81;2;4;160;14;1;1;2;19;1;8;1;1;0;63;0;0;0;0;0;100;4;80;1;98;3;47;4;14;4;6;0;0;0;0;0;0;0;0;1;1;1;2;0;21;0;0;0;0;0;0;3;5;0;0;0;0;0;0;0;0;0;0;0;0;0;0;0;0;0;0;0;0;0;0;0;0;0;0;0;0;0;0;0;0
13.07.2024;22:06;A 20;1;2;62;1;57;1;1;255;29;1;51;1;4;36;4;1;1;1;0;4;11;2;2;1;36;3;9;1;1;0;100;0;0;2;64;0;0;2;3;0;0;1;86;0;0;0;0;0;0;1;14;2;6;2;27;1;0;1;10;1;1;2;1;1;0;0;0;0;0;0;0;0;0;0;0;0;0;0;0;0;0;0;0;0;0;0;0;0;0;0;0;0;0;0;0
13.07.2024;22:05;A 20;1;4;28;1;11;1;1;256;27;1;50;0;50;6;0;0;0;1;39;1;10;2;2;1;1;2;9;1;0;0;100;2;9;7;49;2;10;5;6;1;1;1;48;0;0;1;1;1;0;0;0;0;0;0;0;0;0;1;1;0;0;7;10;1;1;0;0;0;0;0;0;0;0;0;0;0;0;0;0;0;0;0;0;0;0;0;0;0;0;0;0;0;0;0;0
13.07.2024;22:04;A 20;1;3;84;2;29;3;3;245;26;1;48;7;47;8;3;2;2;4;40;0;46;0;0;1;71;2;6;0;0;0;100;1;93;2;86;3;26;4;16;0;0;1;26;0;0;1;1;1;1;0;0;0;0;0;37;3;40;0;0;1;31;4;4;4;5;0;0;0;0;0;0;0;0;0;0;0;0;0;0;0;0;0;0;0;0;0;0;0;0;0;0;0;0;0;0
13.07.2024;22:03;A 20;1;2;96;1;71;3;23;257;37;0;0;0;0;28;2;0;0;6;47;5;74;7;9;1;25;5;13;2;2;0;100;3;85;6;10;4;76;2;2;3;5;0;0;0;0;0;0;0;0;2;12;3;8;3;52;1;73;1;35;2;23;5;11;1;0;0;0;0;0;0;0;0;0;0;0;0;0;1;1;0;0;0;0;0;0;0;0;0;0;0;0;0;0;0;0
13.07.2024;22:02;A 20;1;2;39;5;32;4;3;282;32;1;1;2;2;32;3;2;1;2;64;5;62;2;2;0;0;0;0;0;0;0;100;1;76;3;77;4;24;5;12;2;3;1;23;0;0;1;1;1;1;0;0;0;0;1;35;1;11;1;42;1;14;2;1;3;4;0;0;0;0;0;0;0;0;0;0;0;0;0;0;0;0;0;0;0;0;0;0;0;0;0;0;0;0;0;0
13.07.2024;22:01;A 20;1;0;39;1;9;0;0;293;31;0;0;0;0;9;0;0;0;2;66;7;22;3;3;0;7;0;0;0;0;0;100;2;48;5;57;2;37;5;7;1;1;0;74;0;0;0;0;0;0;1;15;2;2;0;0;1;0;0;0;0;0;4;6;0;0;0;0;0;0;0;0;0;0;0;0;0;0;0;0;0;0;0;0;0;0;0;0;0;0;0;0;0;0;0;0
13.07.2024;22:00;A 20;1;6;70;1;9;4;4;291;30;1;39;3;2;14;2;1;1;3;71;4;54;3;4;1;52;2;5;1;1;0;100;2;30;8;43;5;18;2;2;2;3;1;70;0;0;1;1;1;1;1;22;1;10;2;43;0;0;3;21;0;0;5;12;1;1;0;0;0;0;0;0;0;0;0;0;0;0;0;0;0;0;0;0;0;0;0;0;0;0;0;0;0;0;0;0
13.07.2024;21:59;A 20;1;3;21;1;46;1;1;244;28;1;11;5;8;50;5;1;1;3;34;9;37;2;3;0;70;0;0;0;0;0;100;2;62;2;26;4;30;3;4;3;3;1;14;0;0;1;1;1;1;0;0;0;0;1;32;0;28;0;32;0;0;3;4;2;5;0;0;0;0;0;0;0;0;0;0;0;0;0;0;0;0;0;0;0;0;0;0;0;0;0;0;0;0;0;0
13.07.2024;21:58;A 20;1;1;13;1;13;1;1;230;23;1;28;1;3;84;8;1;1;1;15;4;18;1;1;1;49;3;3;1;1;0;100;2;27;4;84;3;7;5;13;2;1;1;53;1;27;1;1;1;1;1;1;1;6;3;39;1;48;3;35;4;8;2;3;4;4;0;0;0;0;0;0;0;0;0;0;0;0;0;0;0;0;0;0;0;0;0;0;0;0;0;0;0;0;0;0
13.07.2024;21:57;A 20;1;2;76;2;74;1;1;252;30;0;0;0;0;13;1;0;0;3;30;4;42;4;4;1;30;3;29;0;0;0;100;3;63;5;86;1;71;7;10;2;1;0;0;0;0;0;0;0;0;0;0;0;0;4;13;1;0;4;25;0;1;6;8;4;5;0;0;0;0;0;0;0;0;0;0;0;0;0;0;0;0;0;0;0;0;0;0;0;0;0;0;0;0;0;0
13.07.2024;21:56;A 20;1;3;65;1;51;5;8;252;29;0;60;0;0;19;1;0;0;3;44;7;33;4;4;1;82;1;5;0;0;0;100;6;62;1;33;5;70;2;3;5;12;1;61;0;0;1;1;1;1;0;0;0;0;4;77;2;75;2;82;8;66;3;5;1;2;0;0;0;0;0;0;0;0;0;0;0;0;0;0;0;0;0;0;0;0;0;0;0;0;0;0;0;0;0;0
13.07.2024;21:55;A 20;1;1;2;3;27;0;0;243;27;2;49;3;9;27;3;1;1;7;53;4;59;7;9;1;87;1;13;1;1;0;100;1;68;4;32;4;33;3;4;4;5;2;77;0;0;2;2;2;2;0;0;0;0;2;47;4;35;3;4;1;62;8;12;5;11;0;0;1;1;0;0;0;0;1;1;0;0;0;0;0;0;0;0;0;0;0;0;0;0;0;0;0;0;0;0
13.07.2024;21:54;A 20;1;1;88;2;84;2;2;242;27;1;80;2;13;26;4;2;2;2;22;5;18;3;2;5;56;6;59;2;2;0;100;4;77;4;54;1;87;3;4;1;55;1;3;0;0;1;1;1;0;1;1;1;2;1;61;1;48;4;11;2;58;3;8;1;2;0;0;0;0;0;0;0;0;0;0;0;0;0;0;0;0;0;0;0;0;0;0;0;0;0;0;0;0;0;0
13.07.2024;21:53;A 20;1;2;48;2;23;4;6;250;28;1;38;3;8;13;2;1;1;2;4;1;16;4;4;1;10;1;18;4;4;0;100;1;60;6;24;4;23;3;4;4;7;2;60;0;0;2;2;1;0;1;1;1;3;1;39;1;0;3;6;0;0;4;7;2;3;0;0;0;0;1;1;0;0;0;0;0;0;2;4;0;0;0;0;0;0;0;0;0;0;0;0;0;0;0;0
13.07.2024;21:52;A 20;1;1;17;0;12;2;1;233;24;1;34;2;5;74;7;0;0;5;78;3;96;2;2;0;0;0;0;0;0;0;100;5;30;1;23;4;23;2;2;3;2;0;0;0;0;0;0;1;1;1;23;1;3;4;15;0;0;3;10;0;0;3;7;2;3;0;0;0;0;0;0;0;0;0;0;0;0;0;0;0;0;0;0;0;0;0;0;0;0;0;0;0;0;0;0
13.07.2024;21:51;A 20;1;1;10;1;86;1;0;240;29;1;11;1;14;152;12;2;1;4;45;10;56;6;5;0;79;1;0;1;1;0;100;1;40;3;43;4;24;4;7;3;5;2;4;0;0;1;0;1;0;2;20;1;8;1;0;1;40;1;5;2;6;2;4;6;11;0;0;0;0;0;0;0;0;0;0;0;0;0;0;0;0;0;0;0;0;0;0;0;0;0;0;0;0;0;0
13.07.2024;21:50;A 20;1;2;48;2;54;2;2;271;29;1;82;2;72;159;15;2;2;3;33;3;43;3;3;2;57;4;50;1;2;0;100;3;30;0;88;4;9;1;6;2;2;0;99;0;0;1;1;1;1;1;28;1;5;2;6;2;57;1;10;4;23;4;7;4;6;0;0;0;0;1;1;0;0;0;0;0;0;0;0;0;0;0;0;0;0;0;0;0;0;0;0;0;0;0;0
13.07.2024;21:49;A 20;1;2;20;5;26;2;2;230;25;2;63;5;33;116;11;2;2;5;55;5;55;6;6;4;45;4;33;2;2;0;100;0;0;0;100;0;0;6;24;0;0;1;9;0;0;1;1;1;1;1;1;1;2;2;75;1;0;2;86;1;49;2;2;2;3;0;0;1;1;1;1;0;0;0;0;0;0;0;0;0;0;0;0;0;0;0;0;0;0;0;0;0;0;0;0
13.07.2024;21:48;A 20;1;1;25;2;43;1;0;245;28;0;0;2;2;11;0;0;0;0;0;0;0;1;1;3;4;2;43;1;1;0;100;1;16;6;55;1;2;6;11;1;1;0;0;0;0;0;0;0;0;2;4;2;10;1;28;1;0;1;11;1;2;3;6;5;8;0;0;1;1;0;0;1;1;0;0;0;0;0;0;0;0;0;0;0;0;0;0;0;0;0;0;0;0;0;0
13.07.2024;21:47;A 20;1;2;65;3;60;2;3;241;33;1;25;2;4;31;3;1;1;6;63;2;76;3;3;0;0;0;0;1;1;0;100;2;33;4;66;3;6;4;4;1;1;0;24;0;0;0;0;0;0;3;5;3;13;1;1;1;57;1;6;1;60;4;7;2;3;0;0;0;0;0;0;0;0;0;0;0;0;0;0;0;0;0;0;0;0;0;0;0;0;0;0;0;0;0;0
13.07.2024;21:46;A 20;1;0;0;2;47;0;0;263;31;1;24;2;10;19;3;1;1;6;52;4;59;7;8;1;55;1;32;1;1;0;100;4;60;1;96;2;62;2;3;4;6;1;45;0;0;1;1;1;1;0;0;0;0;0;17;1;37;0;0;1;45;2;2;2;3;0;0;0;0;1;1;0;0;0;0;0;0;0;0;0;0;0;0;0;0;0;0;0;0;0;0;0;0;0;0
13.07.2024;21:45;A 20;1;0;68;1;5;3;3;263;28;1;33;1;6;17;2;1;1;3;51;4;61;4;4;1;74;2;18;2;1;0;100;0;0;2;35;0;0;5;6;0;0;1;0;0;0;0;0;0;0;1;12;1;7;1;16;0;0;2;7;0;0;2;5;0;0;0;0;0;0;0;0;0;0;0;0;0;0;0;0;0;0;0;0;0;0;0;0;0;0;0;0;0;0;0;0
13.07.2024;21:44;A 20;1;1;58;1;19;2;2;253;27;1;42;2;33;15;2;0;0;5;76;0;89;3;4;1;67;1;8;1;0;0;100;4;4;1;23;3;10;2;5;3;4;0;40;0;0;0;0;0;0;3;53;3;17;2;76;0;0;2;73;0;0;3;3;1;1;0;0;0;0;0;0;0;0;0;0;0;0;0;0;0;0;0;0;0;0;0;0;0;0;0;0;0;0;0;0
13.07.2024;21:43;A 20;1;3;50;2;67;3;8;241;27;1;55;1;6;21;2;2;3;1;26;2;12;5;8;2;65;0;71;0;0;0;100;2;70;1;93;2;74;3;6;3;4;2;22;0;0;1;1;1;1;1;8;1;6;2;16;2;7;3;14;0;26;1;2;3;5;0;0;0;0;0;0;3;5;0;0;0;0;0;0;1;1;0;0;0;0;0;0;0;0;0;0;0;0;0;0
13.07.2024;21:42;A 20;1;4;59;3;18;4;4;258;30;1;1;2;3;11;1;1;1;2;18;3;14;1;2;2;70;2;41;3;4;0;100;2;31;3;60;3;17;3;3;5;4;1;33;0;0;2;6;2;5;1;24;1;7;0;0;0;0;0;0;1;0;1;1;1;1;0;0;0;0;1;1;1;1;0;0;0;0;0;0;1;1;0;0;0;0;0;0;0;0;0;0;0;0;0;0
13.07.2024;21:41;A 20;1;0;18;0;24;1;2;246;31;2;54;0;57;13;1;0;0;3;43;3;41;7;5;1;61;2;24;1;1;0;100;3;12;2;46;2;7;4;17;3;2;1;52;0;0;0;0;0;0;0;0;0;0;1;56;0;0;1;6;0;0;5;6;6;11;0;0;0;0;0;0;0;0;0;0;0;0;0;0;0;0;0;0;0;0;0;0;0;0;0;0;0;0;0;0
13.07.2024;21:40;A 20;1;2;28;4;75;5;3;242;29;2;83;3;76;30;7;3;4;3;3;3;16;3;4;2;83;1;64;2;2;0;100;1;17;2;62;2;9;4;6;1;1;1;72;0;0;2;3;2;2;0;0;0;0;4;38;1;33;2;45;0;37;5;7;4;6;0;0;0;0;0;0;0;0;0;0;1;1;0;0;0;0;0;0;0;0;0;0;0;0;0;0;0;0;0;0
13.07.2024;21:39;A 20;1;3;65;2;81;3;4;244;34;1;79;3;7;22;3;4;3;4;9;1;22;2;1;2;86;3;17;3;3;0;100;1;81;1;15;0;80;1;1;0;0;0;0;0;0;0;0;0;0;2;2;1;8;3;53;2;65;3;70;1;71;2;3;3;5;0;0;0;0;0;0;0;0;0;0;0;0;0;0;0;0;0;0;0;0;0;0;0;0;0;0;0;0;0;0
13.07.2024;21:38;A 20;1;1;34;1;8;2;4;267;29;1;76;1;55;6;1;1;1;5;78;2;98;4;6;2;41;1;14;1;1;0;100;3;19;2;39;4;22;4;5;4;5;2;71;0;0;1;1;1;1;0;0;0;0;1;69;1;87;1;77;1;91;1;0;3;4;0;0;0;0;0;0;0;0;0;0;0;0;1;1;0;0;0;0;0;0;0;0;0;0;0;0;0;0;0;0
13.07.2024;21:37;A 20;1;0;0;1;17;0;0;272;28;5;38;1;53;7;6;3;4;6;44;3;73;9;15;1;49;1;67;3;3;0;100;2;14;2;26;0;16;1;3;2;0;0;0;0;0;1;0;1;1;0;0;0;0;1;0;1;0;1;1;1;1;3;6;3;5;0;0;0;0;0;0;0;0;0;0;0;0;0;0;0;0;0;0;0;0;0;0;0;0;0;0;0;0;0;0
13.07.2024;21:36;A 20;1;0;0;3;69;0;0;240;26;3;22;2;77;18;4;3;3;3;2;3;12;4;5;2;75;1;43;1;1;0;100;1;34;2;37;2;14;4;13;2;2;3;19;0;0;2;2;1;1;0;17;0;0;1;44;0;0;0;45;0;0;6;10;4;5;0;0;0;0;1;1;0;0;0;0;0;0;0;0;0;0;0;0;0;0;0;0;0;0;0;0;0;0;0;0
13.07.2024;21:35;A 20;1;1;13;2;49;1;1;245;29;0;0;1;0;12;2;2;2;0;12;0;0;0;0;0;0;1;1;1;1;0;100;2;17;1;33;2;12;1;1;2;3;1;47;0;0;2;3;2;2;4;29;2;34;2;5;1;7;2;19;1;15;4;4;4;7;0;0;1;1;0;0;0;0;0;0;1;1;0;0;0;0;0;0;0;0;0;0;0;0;0;0;0;0;0;0
13.07.2024;21:34;A 20;1;1;43;3;36;2;4;270;29;0;0;0;0;8;0;0;0;5;9;2;25;5;6;2;17;2;8;2;2;0;100;1;26;2;44;1;9;3;5;1;1;1;1;0;0;0;0;0;0;1;73;2;78;0;0;2;3;0;0;1;8;0;2;1;1;1;1;0;0;0;0;0;0;1;1;0;0;0;0;0;0;0;0;0;0;0;0;0;0;0;0;0;0;0;0
13.07.2024;21:33;A 20;1;2;29;3;15;3;3;259;30;0;0;0;0;35;2;1;0;2;2;1;8;2;3;2;56;2;27;0;0;0;100;1;45;4;61;0;45;5;6;0;0;3;94;1;22;2;30;2;2;0;0;0;0;0;0;0;0;0;0;0;0;6;9;3;4;0;0;0;0;0;0;1;1;0;0;0;0;0;0;0;0;0;0;0;0;0;0;0;0;0;0;0;0;0;0
13.07.2024;21:32;A 20;1;1;19;1;18;1;9;252;27;1;44;0;42;31;2;0;0;5;85;2;36;6;9;1;85;1;7;1;2;0;100;4;70;0;1;5;15;0;0;3;3;4;65;0;0;4;5;3;3;2;56;0;78;4;36;3;85;0;90;0;93;3;5;2;3;0;0;0;0;0;0;0;0;0;0;0;0;0;0;0;0;0;0;0;0;0;0;0;0;0;0;0;0;0;0
13.07.2024;21:31;A 20;1;2;63;1;87;5;21;227;27;1;43;2;47;82;9;2;2;8;35;4;66;6;8;3;72;0;78;3;3;0;100;1;72;2;57;2;38;3;5;2;2;1;76;0;0;3;4;3;3;0;0;1;18;1;28;2;30;2;43;1;38;1;1;1;1;0;0;0;0;0;0;0;0;1;1;0;0;0;0;0;0;0;0;0;0;0;0;0;0;0;0;0;0;0;0
13.07.2024;21:30;A 20;1;0;68;1;8;0;0;252;27;0;0;0;0;18;1;1;0;5;19;4;21;7;9;5;46;3;61;4;5;0;100;1;58;3;68;0;59;4;5;1;0;1;33;0;0;1;1;1;1;0;0;0;0;1;8;1;33;1;7;1;37;5;8;3;5;0;0;0;0;0;0;0;0;0;0;0;0;0;0;0;0;0;0;0;0;0;0;0;0;0;0;0;0;0;0
13.07.2024;21:29;A 20;1;2;58;0;17;5;13;273;28;0;54;0;0;85;7;0;0;0;0;0;0;1;1;1;57;2;33;3;3;0;100;2;35;3;24;3;11;3;3;3;2;1;58;0;0;1;1;1;1;0;0;0;0;2;93;1;0;1;89;1;83;4;9;3;4;0;0;1;1;0;0;0;0;0;0;1;1;0;0;0;0;0;0;0;0;0;0;0;0;0;0;0;0;0;0
13.07.2024;21:28;A 20;1;2;16;1;21;3;3;240;27;1;10;1;8;72;7;1;1;3;23;3;19;2;4;1;85;1;18;1;1;0;100;1;7;0;0;1;3;0;0;1;0;3;10;0;0;1;1;1;0;3;6;3;16;4;54;3;46;1;50;0;55;3;6;3;5;0;0;0;0;0;0;0;0;0;0;0;0;0;0;0;0;0;0;0;0;0;0;0;0;0;0;0;0;0;0
13.07.2024;21:27;A 20;1;3;20;1;4;3;3;223;23;2;4;2;7;11;2;1;1;3;7;3;13;4;5;2;11;1;18;0;0;0;100;4;5;2;80;1;73;4;9;3;3;1;83;0;0;3;4;3;3;0;0;0;0;1;53;1;69;1;62;1;73;1;1;2;1;0;0;1;1;2;3;0;0;0;0;0;0;0;0;0;0;0;0;0;0;0;0;0;0;0;0;0;0;0;0
13.07.2024;21:26;A 20;1;1;65;2;62;3;3;254;27;1;1;1;3;52;6;1;1;1;46;1;8;1;1;6;63;1;81;3;3;0;100;2;51;1;58;1;65;3;3;2;2;0;0;0;0;0;0;0;0;0;0;0;0;0;0;0;0;0;0;0;0;0;0;1;1;1;1;0;0;0;0;2;3;0;0;0;0;1;1;0;0;0;0;0;0;0;0;0;0;0;0;0;0;0;0
13.07.2024;21:25;A 20;1;4;33;3;33;3;3;232;33;1;17;1;5;177;15;1;1;1;0;1;3;1;1;0;100;1;61;4;6;0;100;3;34;2;7;2;41;1;1;2;2;1;48;0;0;1;0;1;0;0;52;0;0;1;52;0;0;1;9;0;0;1;1;2;3;0;0;0;0;0;0;0;0;0;0;0;0;0;0;0;0;0;0;0;0;0;0;0;0;0;0;0;0;0;0
13.07.2024;21:24;A 20;1;4;73;3;76;2;2;210;26;0;0;0;0;200;17;1;0;2;1;2;9;2;3;4;87;1;92;1;1;0;100;1;84;1;8;2;87;1;1;4;6;1;52;0;0;1;1;1;1;1;37;1;6;0;25;2;28;0;0;1;36;2;2;4;6;0;0;0;0;0;0;0;0;0;0;0;0;0;0;0;0;0;0;0;0;0;0;0;0;0;0;0;0;0;0
13.07.2024;18:18;A 20;1;2;14;2;11;2;3;179;20;3;39;1;48;34;5;2;3;9;72;2;98;8;16;0;100;0;100;3;13;0;100;1;29;3;22;3;16;3;3;3;3;3;66;0;0;2;2;1;1;3;16;3;20;5;68;4;50;1;81;1;63;7;15;8;11;0;0;0;0;0;0;0;0;1;1;1;1;0;0;0;0;0;0;0;0;0;0;0;0;0;0;0;0;0;0
13.07.2024;18:17;A 20;1;1;69;2;60;6;14;215;33;0;100;1;96;143;15;1;1;8;40;1;68;3;5;7;86;0;100;8;41;0;100;4;6;1;61;3;17;6;13;3;3;1;78;0;0;2;2;3;3;4;7;0;13;1;2;0;0;1;7;0;0;8;13;3;5;0;0;0;0;0;0;0;0;0;0;0;0;0;0;0;0;0;0;0;0;0;0;0;0;0;0;0;0;0;0
13.07.2024;18:16;A 20;1;1;22;4;20;2;2;191;22;7;77;1;81;192;32;7;11;3;83;1;97;7;12;0;100;0;100;2;3;0;100;4;4;2;31;3;22;5;6;3;3;5;60;0;0;4;27;2;3;3;94;0;100;3;66;2;66;2;77;1;74;9;12;3;3;0;0;0;0;0;0;0;0;0;0;0;0;0;0;0;0;0;0;0;0;0;0;0;0;0;0;0;0;0;0
13.07.2024;18:15;A 20;1;0;100;1;60;2;4;233;25;1;71;3;61;263;24;2;2;8;24;0;40;3;4;8;86;0;100;4;79;0;100;1;95;0;100;1;56;2;10;3;6;1;22;0;0;2;3;3;4;2;40;2;54;4;19;3;2;1;29;2;11;8;10;3;4;0;0;0;0;0;0;0;0;0;0;0;0;0;0;0;0;0;0;0;0;0;0;0;0;0;0;0;0;0;0
13.07.2024;18:14;A 20;1;2;48;3;46;4;28;213;24;1;76;0;77;151;13;0;0;1;93;1;95;6;9;1;98;0;100;5;17;0;100;5;32;3;73;5;19;6;5;4;3;5;82;1;50;2;75;1;1;0;0;0;0;0;100;0;0;0;100;0;0;1;1;2;1;1;1;1;1;0;0;0;0;1;1;2;4;0;0;0;0;0;0;0;0;0;0;0;0;0;0;0;0;0;0
13.07.2024;18:13;A 20;1;1;76;1;82;5;47;202;37;1;52;2;14;24;4;4;4;17;52;3;95;6;69;6;83;0;100;4;30;0;100;1;32;1;92;1;7;3;4;1;1;4;75;0;0;5;11;6;10;5;21;1;30;6;66;4;38;2;74;0;47;10;15;6;12;1;1;0;0;0;0;0;0;1;1;0;0;0;0;0;0;0;0;0;0;0;0;0;0;0;0;0;0;0;0
13.07.2024;18:12;A 20;1;0;69;0;67;4;51;223;30;1;97;0;97;71;5;0;0;2;60;2;58;13;22;7;83;0;100;6;23;0;100;7;44;0;64;1;58;4;50;6;24;1;97;0;0;4;39;3;4;1;83;1;89;1;71;1;90;2;41;1;95;3;4;7;13;0;0;0;0;0;0;0;0;0;0;0;0;2;2;0;0;0;0;0;0;0;0;0;0;0;0;0;0;0;0
13.07.2024;18:11;A 20;1;2;61;2;57;7;12;212;36;5;43;2;49;164;29;3;5;11;75;0;100;7;18;0;100;0;100;5;13;0;100;2;60;4;90;3;33;7;31;4;4;3;53;0;0;2;2;1;1;1;1;1;5;2;46;2;67;1;56;0;72;4;4;4;4;0;0;1;1;0;0;0;0;1;1;0;0;0;0;0;0;0;0;0;0;0;0;0;0;0;0;0;0;0;0
13.07.2024;18:10;A 20;1;1;83;2;74;2;72;241;26;0;100;1;11;254;24;3;4;3;55;2;36;5;7;7;84;1;99;2;4;0;100;6;26;1;89;5;26;4;4;6;7;0;100;0;0;1;1;1;0;0;0;0;0;0;0;4;27;0;0;2;38;7;12;8;13;0;0;0;0;0;0;1;1;1;1;0;0;0;0;0;0;0;0;0;0;0;0;0;0;0;0;0;0;0;0
13.07.2024;18:09;A 20;1;2;66;2;42;4;6;225;25;5;63;5;65;245;42;3;4;4;72;4;88;5;7;0;100;0;100;7;19;0;100;4;4;2;67;3;9;4;4;3;2;4;56;0;0;3;5;2;2;1;10;1;6;3;91;4;90;0;94;0;100;1;1;1;1;0;0;0;0;0;0;0;0;0;0;0;0;0;0;0;0;0;0;0;0;0;0;0;0;0;0;0;0;0;0
13.07.2024;18:08;A 20;1;2;81;1;87;4;5;210;46;1;86;2;80;67;17;3;3;12;26;3;48;9;14;7;85;0;100;5;6;0;100;3;91;1;24;1;83;2;4;4;8;1;55;0;0;2;2;3;3;0;0;1;4;2;35;1;50;2;29;1;56;3;6;2;3;0;0;0;0;1;1;0;0;0;0;0;0;0;0;0;0;0;0;0;0;0;0;0;0;0;0;0;0;0;0
13.07.2024;18:07;A 20;1;1;39;4;46;5;7;161;37;7;81;0;93;13;62;5;10;1;35;2;45;4;6;1;63;1;69;6;7;0;100;6;26;2;62;4;32;9;28;4;3;1;73;0;0;1;1;1;1;1;79;1;3;1;97;2;3;1;89;1;8;10;13;8;17;0;0;0;0;4;6;0;0;0;0;0;0;0;0;0;0;0;0;0;0;0;0;0;0;0;0;0;0;0;0
13.07.2024;18:06;A 20;1;1;82;1;97;3;4;257;31;4;63;3;63;73;11;4;5;14;46;4;81;10;19;2;70;1;35;2;2;0;100;1;85;1;89;2;54;3;76;3;3;3;14;0;0;1;1;0;0;3;36;2;18;3;36;1;1;1;46;0;0;6;8;5;10;0;0;1;3;1;1;0;0;0;0;0;0;0;0;0;0;0;0;0;0;0;0;0;0;0;0;0;0;0;0
13.07.2024;18:05;A 20;1;1;64;3;59;3;50;284;37;0;98;1;99;10;2;3;3;1;71;1;78;5;6;6;75;2;30;0;0;0;100;5;44;1;79;1;55;5;56;1;3;1;83;0;0;3;4;2;2;1;56;1;63;1;90;0;0;1;96;0;0;10;16;8;16;0;0;1;1;0;0;0;0;0;0;1;1;0;0;0;0;0;0;0;0;0;0;0;0;0;0;0;0;0;0
13.07.2024;18:04;A 20;1;1;27;4;14;4;7;253;28;7;14;1;47;20;36;1;1;5;64;2;76;4;4;1;98;1;70;5;8;0;100;2;74;1;89;2;85;5;61;6;11;3;8;0;0;0;0;1;1;4;36;1;44;6;66;6;71;1;83;0;100;12;12;9;11;0;0;0;0;1;1;0;0;0;0;0;0;1;1;0;0;0;0;0;0;0;0;0;0;0;0;0;0;0;0
13.07.2024;18:03;A 20;1;3;39;2;80;5;6;240;28;0;29;1;93;20;22;5;8;6;45;4;62;5;5;4;29;1;44;4;5;0;100;5;66;0;94;2;78;5;77;4;9;1;2;0;0;4;3;3;4;3;37;1;54;1;52;3;47;1;60;2;76;5;10;4;5;0;0;0;0;0;0;0;0;0;0;0;0;0;0;1;1;0;0;0;0;0;0;0;0;0;0;0;0;0;0
13.07.2024;18:02;A 20;1;1;9;1;54;1;0;211;27;7;81;0;68;9;53;3;3;5;86;1;98;5;7;0;100;1;38;2;2;0;100;2;57;4;73;3;49;7;40;3;2;4;48;0;0;2;2;1;0;0;0;0;100;0;0;2;75;0;0;2;83;4;4;1;1;0;0;0;0;0;0;0;0;0;0;0;0;0;0;0;0;0;0;0;0;0;0;0;0;0;0;0;0;0;0
13.07.2024;18:01;A 20;1;0;100;1;81;4;9;157;37;1;92;1;99;68;73;4;6;8;39;4;61;6;8;6;83;1;66;3;4;0;100;4;86;0;100;1;58;4;23;4;19;0;100;0;0;2;3;3;3;2;2;0;100;3;4;3;4;0;7;0;11;6;8;3;3;0;0;0;0;0;0;0;0;0;0;0;0;1;1;0;0;0;0;0;0;0;0;0;0;0;0;0;0;0;0
13.07.2024;18:00;A 20;1;2;32;2;37;3;7;165;24;4;65;1;99;139;42;4;5;1;96;0;100;1;1;0;100;1;96;1;4;0;100;8;31;2;85;0;81;6;17;4;15;6;73;0;0;5;10;5;6;2;75;0;100;1;56;0;98;2;47;0;100;8;12;7;14;1;1;0;0;0;0;0;0;1;1;1;1;0;0;0;0;0;0;0;0;0;0;0;0;0;0;0;0;0;0
13.07.2024;17:59;A 20;1;0;100;1;25;4;10;227;27;1;80;1;99;71;12;3;5;9;27;2;73;7;9;5;79;1;82;4;5;0;100;0;100;0;100;0;100;3;80;2;74;1;85;0;0;3;1;2;2;1;33;0;100;4;27;5;54;0;33;1;77;7;10;8;13;1;1;0;0;0;0;0;0;1;1;0;0;0;0;0;0;0;0;0;0;0;0;0;0;0;0;0;0;0;0
13.07.2024;17:58;A 20;1;1;36;1;36;1;2;218;25;2;4;1;89;145;18;2;4;1;1;1;84;7;13;1;74;2;40;3;3;0;100;9;52;3;66;2;70;8;13;7;36;1;83;0;0;1;1;1;1;1;35;0;100;1;98;1;65;1;77;1;70;6;10;6;11;0;0;0;0;0;0;0;0;0;0;0;0;0;0;0;0;0;0;0;0;0;0;0;0;0;0;0;0;0;0
13.07.2024;17:57;A 20;1;1;29;2;11;3;4;194;22;7;15;2;38;13;17;2;2;10;54;0;77;1;2;5;91;0;99;1;1;0;100;1;54;1;94;2;54;3;4;4;7;4;67;1;11;1;4;1;1;1;6;0;100;7;53;8;45;1;74;1;67;14;25;6;9;0;0;0;0;0;0;0;0;0;0;0;0;0;0;0;0;0;0;0;0;0;0;0;0;0;0;0;0;0;0
13.07.2024;17:56;A 20;1;1;65;3;76;1;0;191;38;0;100;1;58;31;8;7;9;2;49;2;61;11;18;7;86;0;100;4;6;0;100;6;50;1;61;2;64;4;29;3;6;0;100;1;5;2;1;2;3;0;0;0;100;1;93;0;0;1;98;0;0;4;8;5;8;0;0;0;0;0;0;0;0;0;0;0;0;0;0;0;0;0;0;0;0;0;0;0;0;0;0;0;0;0;0
13.07.2024;17:55;A 20;1;2;71;2;69;4;6;260;33;7;40;2;46;109;14;2;2;2;13;1;20;1;1;0;100;0;100;5;6;0;100;1;57;1;69;2;42;3;4;4;6;3;48;0;0;3;3;3;3;4;6;0;100;4;70;3;64;3;65;1;73;10;15;4;7;0;0;0;0;1;1;0;0;0;0;0;0;1;1;0;0;0;0;0;0;0;0;0;0;0;0;0;0;0;0
13.07.2024;17:54;A 20;1;0;66;1;6;0;0;232;25;1;95;1;72;234;29;5;8;6;8;1;35;3;5;5;68;3;90;5;6;0;100;4;67;0;76;0;74;2;22;3;6;1;70;0;0;3;4;2;2;0;0;0;100;1;39;1;50;1;10;1;55;8;14;4;6;0;0;2;4;0;0;0;0;0;0;3;5;0;0;0;0;0;0;0;0;0;0;0;0;0;0;0;0;0;0
13.07.2024;17:53;A 20;1;2;72;1;10;3;3;197;21;6;46;3;50;202;49;6;9;6;85;1;77;11;16;0;100;0;100;1;1;0;100;4;24;3;52;5;29;6;9;5;4;3;45;0;0;1;2;1;1;4;52;0;100;4;84;3;84;0;93;0;90;10;13;9;12;0;0;0;0;0;0;0;0;0;0;0;0;0;0;0;0;0;0;0;0;0;0;0;0;0;0;0;0;0;0
13.07.2024;17:52;A 20;1;2;62;0;100;3;4;30;89;0;100;3;5;263;76;1;1;8;11;1;32;3;2;6;63;2;87;3;6;0;100;4;81;0;100;0;88;5;11;2;3;1;66;0;0;3;3;3;3;1;50;3;54;2;50;2;58;1;56;1;64;5;12;6;9;0;0;1;1;0;0;0;0;0;0;0;0;0;0;0;0;0;0;0;0;0;0;0;0;0;0;0;0;0;0
13.07.2024;17:51;A 20;1;0;0;2;26;0;0;207;26;7;85;0;89;8;89;2;6;1;49;1;56;7;10;0;100;0;100;4;5;0;100;9;11;3;84;3;46;10;23;7;11;3;66;0;0;2;3;2;2;5;86;0;90;1;33;1;57;2;28;1;63;5;9;3;5;0;0;0;0;1;2;0;0;0;0;0;0;1;2;0;0;0;0;0;0;0;0;0;0;0;0;0;0;0;0
13.07.2024;17:50;A 20;1;1;15;1;7;1;1;250;26;4;88;1;74;14;20;5;10;7;29;5;51;4;5;7;86;0;100;7;13;0;100;1;63;2;93;2;60;5;61;5;10;1;88;0;0;2;2;2;2;2;47;3;54;5;30;4;26;0;40;0;40;9;13;4;5;0;0;1;1;0;0;0;0;0;0;0;0;0;0;0;0;0;0;0;0;0;0;0;0;0;0;0;0;0;0
13.07.2024;17:49;A 20;1;3;44;3;61;3;2;44;43;3;93;0;100;1;96;3;6;5;88;0;100;5;8;1;55;1;63;2;2;0;100;6;36;1;69;1;47;7;43;2;4;1;91;0;0;1;1;1;0;2;90;1;32;1;79;1;83;1;89;1;84;6;10;5;8;0;0;0;0;0;0;0;0;0;0;1;1;0;0;0;0;0;0;0;0;0;0;0;0;0;0;0;0;0;0
13.07.2024;17:48;A 20;1;2;62;1;61;2;3;139;39;3;48;5;76;19;22;7;8;12;62;3;97;12;42;3;95;0;98;0;0;0;100;1;59;1;76;2;60;3;7;5;9;2;67;0;0;1;0;1;1;1;5;2;8;5;52;10;14;3;33;1;43;13;20;5;9;0;0;0;0;1;1;0;0;0;0;0;0;1;1;0;0;0;0;0;0;0;0;0;0;0;0;0;0;0;0
13.07.2024;17:47;A 20;1;1;86;1;78;7;65;126;53;0;100;1;64;132;12;1;1;5;60;4;79;9;10;3;50;2;49;3;3;0;100;11;60;1;90;3;84;6;65;9;14;1;93;0;0;1;1;1;1;1;5;1;5;1;38;0;0;1;7;0;0;10;16;6;11;0;0;0;0;0;0;0;0;0;0;0;0;0;0;0;0;0;0;0;0;0;0;0;0;0;0;0;0;0;0
13.07.2024;17:46;A 20;1;1;40;1;12;5;16;203;21;3;63;1;96;194;17;1;1;4;76;1;81;3;4;1;96;1;63;2;2;0;100;4;63;4;70;4;34;7;9;5;5;2;38;0;0;1;1;1;1;1;1;1;2;5;84;5;79;0;91;1;92;4;6;5;7;0;0;0;0;0;0;0;0;0;0;0;0;0;0;0;0;0;0;0;0;0;0;0;0;0;0;0;0;0;0
13.07.2024;17:45;A 20;1;0;100;0;100;6;70;32;87;1;85;0;100;164;18;3;4;8;9;5;36;7;10;6;47;1;67;4;7;0;100;6;81;2;83;3;84;8;17;7;31;1;53;0;0;3;3;3;3;1;1;1;4;1;40;3;34;1;46;1;40;5;10;5;7;0;0;1;1;1;1;0;0;0;0;1;1;0;0;0;0;0;0;0;0;0;0;0;0;0;0;0;0;0;0
13.07.2024;17:44;A 20;1;2;75;1;44;8;14;191;33;2;5;0;100;119;11;1;1;1;80;3;49;6;10;0;100;1;44;3;4;0;100;12;26;1;9;3;42;1;0;8;18;4;10;1;15;2;5;2;3;3;76;1;39;1;99;1;60;1;23;1;68;6;6;1;3;0;0;0;0;0;0;0;0;0;0;0;0;0;0;0;0;0;0;0;0;0;0;0;0;0;0;0;0;0;0
13.07.2024;17:43;A 20;1;0;100;1;35;2;4;239;30;0;0;0;100;11;0;1;1;13;33;3;67;8;12;5;76;1;78;4;4;0;100;0;99;2;30;0;100;1;1;3;71;2;2;0;2;2;2;1;1;5;62;1;35;5;34;0;23;2;45;0;24;8;11;6;7;0;0;0;0;0;0;3;5;0;0;0;0;0;0;0;0;0;0;0;0;0;0;0;0;0;0;0;0;0;0
13.07.2024;17:42;A 20;1;5;65;4;61;6;6;249;30;6;90;0;100;185;47;2;3;2;91;1;99;4;6;2;77;2;49;1;1;0;100;9;40;3;79;3;52;7;39;5;35;4;89;1;75;8;87;2;2;3;94;1;95;1;95;1;78;2;98;1;82;4;9;2;3;1;1;0;0;1;1;0;0;1;1;0;0;3;9;0;0;0;0;0;0;0;0;0;0;0;0;0;0;0;0
13.07.2024;17:41;A 20;1;2;62;2;64;2;3;213;27;6;84;1;64;40;34;5;9;5;42;4;58;7;9;6;89;0;100;2;3;0;100;1;92;0;100;2;76;3;43;5;30;5;62;0;13;4;9;4;7;6;40;3;40;4;41;4;30;2;53;0;47;8;14;8;12;0;0;0;0;0;0;0;0;0;0;0;0;0;0;0;0;0;0;0;0;0;0;0;0;0;0;0;0;0;0
13.07.2024;17:40;A 20;1;0;55;4;57;1;1;266;30;1;97;0;100;23;65;4;5;5;63;4;82;3;4;5;78;0;100;5;6;0;100;5;44;5;73;1;53;8;9;5;12;0;98;1;4;2;13;3;4;1;46;1;54;1;96;0;0;1;69;1;2;8;14;3;5;0;0;2;3;1;1;0;0;0;0;2;4;1;2;0;0;0;0;0;0;0;0;0;0;0;0;0;0;0;0
13.07.2024;17:39;A 20;1;2;84;3;93;4;5;187;25;8;80;0;100;8;34;4;9;9;64;2;91;8;14;1;98;0;100;3;4;0;100;1;53;2;11;2;14;2;2;2;3;4;67;0;26;2;1;2;3;3;28;2;36;9;63;4;2;3;85;2;9;13;26;8;16;0;0;0;0;0;0;0;0;0;0;0;0;1;2;0;0;0;0;0;0;0;0;0;0;0;0;0;0;0;0
13.07.2024;17:38;A 20;1;1;76;1;86;5;29;14;68;0;100;0;100;69;76;6;10;6;59;7;74;11;16;7;63;1;83;6;7;0;100;9;67;1;89;0;85;6;66;5;68;0;100;1;6;2;4;2;2;4;65;3;75;2;60;1;0;2;62;1;4;11;28;7;13;0;0;0;0;0;0;0;0;0;0;0;0;0;0;0;0;0;0;0;0;0;0;0;0;0;0;0;0;0;0
13.07.2024;17:37;A 20;1;2;18;1;68;2;2;179;24;8;79;0;100;12;50;4;10;1;78;0;79;2;4;0;100;0;100;1;2;0;100;5;58;1;84;2;94;7;34;7;12;5;66;0;0;3;24;2;2;2;2;2;12;6;85;6;83;1;97;0;99;9;15;7;11;0;0;0;0;0;0;0;0;0;0;0;0;0;0;0;0;0;0;0;0;0;0;0;0;0;0;0;0;0;0
13.07.2024;17:36;A 20;1;1;97;1;94;7;13;91;62;1;86;1;95;29;13;4;7;10;41;4;57;10;13;6;83;1;78;4;5;0;100;6;85;0;100;0;100;4;10;5;78;1;86;0;0;4;7;3;4;1;2;2;5;2;43;2;51;1;52;1;54;4;7;3;4;0;0;0;0;0;0;0;0;0;0;0;0;0;0;0;0;0;0;0;0;0;0;0;0;0;0;0;0;0;0
13.07.2024;17:35;A 20;1;0;32;2;21;4;9;191;21;0;64;0;0;12;1;3;4;2;81;1;97;1;6;0;100;0;100;0;0;0;100;6;32;1;90;1;49;11;31;5;7;0;64;0;0;0;0;1;1;2;39;2;14;2;97;1;67;0;100;1;74;5;5;5;9;0;0;0;0;0;0;0;0;1;2;0;0;0;0;0;0;0;0;0;0;0;0;0;0;0;0;0;0;0;0
13.07.2024;17:34;A 20;1;1;78;2;75;4;7;203;24;1;26;1;5;11;2;1;1;5;26;3;40;7;10;8;78;0;100;6;10;0;100;0;100;2;86;1;41;5;12;4;7;1;26;0;0;1;1;1;1;1;1;1;4;2;22;5;29;3;13;1;41;9;21;8;17;0;0;1;1;0;0;0;0;0;0;0;0;1;1;0;0;0;0;0;0;0;0;0;0;0;0;0;0;0;0
13.07.2024;17:33;A 20;1;2;58;1;59;5;15;103;49;2;94;0;96;27;3;2;2;2;79;3;14;4;4;1;77;2;80;7;9;0;100;10;49;2;67;3;67;6;39;7;33;2;82;0;0;2;2;1;1;0;0;0;0;4;5;1;65;3;9;1;71;9;16;7;11;0;0;2;3;0;0;0;0;0;0;5;16;0;0;0;0;0;0;0;0;0;0;0;0;0;0;0;0;0;0
13.07.2024;17:32;A 20;1;1;42;1;45;2;3;177;29;4;74;2;79;27;5;2;2;5;86;0;98;3;5;0;0;0;0;0;0;0;100;4;66;1;92;2;42;9;49;4;7;2;45;0;0;1;1;1;2;2;53;0;58;3;83;2;2;1;95;1;13;8;14;5;7;0;0;0;0;1;1;0;0;0;0;0;0;1;1;0;0;0;0;0;0;0;0;0;0;0;0;0;0;0;0
13.07.2024;17:31;A 20;1;0;91;0;96;1;2;167;52;1;94;2;99;42;11;2;4;7;36;3;57;6;7;5;49;1;59;1;1;0;100;4;89;0;100;1;68;5;57;7;42;1;74;0;0;2;2;2;2;1;37;2;24;3;31;2;4;1;42;0;8;7;9;5;7;0;0;0;0;0;0;0;0;0;0;0;0;0;0;1;1;0;0;0;0;0;0;0;0;0;0;0;0;0;0
13.07.2024;17:30;A 20;1;2;46;3;45;6;18;84;27;5;67;0;88;9;72;4;5;0;100;0;100;1;1;0;100;0;100;2;3;0;100;11;49;3;67;6;40;8;17;7;11;1;64;0;0;1;1;1;1;3;73;1;68;0;98;0;100;1;51;0;100;9;16;4;2;0;0;0;0;0;0;0;0;1;1;0;0;1;1;0;0;0;0;0;0;0;0;0;0;0;0;0;0;0;0
13.07.2024;17:29;A 20;1;0;100;1;68;1;95;196;42;2;15;2;14;38;5;4;6;5;12;3;35;10;15;7;81;0;100;4;4;0;100;0;99;0;100;0;100;2;87;2;70;1;20;0;0;1;1;1;1;4;40;4;27;5;58;6;57;2;39;1;73;11;19;8;16;0;0;0;0;0;0;0;0;0;0;0;0;0;0;0;0;0;0;0;0;0;0;0;0;0;0;0;0;0;0
13.07.2024;17:28;A 20;1;2;62;1;48;5;7;46;8;3;91;1;99;1;92;1;1;1;0;0;0;0;0;3;85;1;94;4;5;0;100;14;48;2;91;5;77;12;44;11;43;4;88;0;0;2;7;2;3;3;37;3;25;0;100;1;79;1;63;1;84;6;10;5;9;0;0;0;0;3;5;0;0;1;1;0;0;2;7;0;0;0;0;0;0;0;0;0;0;0;0;0;0;0;0
13.07.2024;17:27;A 20;1;2;86;2;70;4;7;133;23;2;63;1;71;41;45;4;9;10;57;3;85;5;7;3;91;0;100;2;2;0;100;0;100;0;100;1;90;4;42;4;44;2;52;0;0;3;6;3;5;3;13;1;12;6;61;2;43;2;66;1;49;7;12;4;4;0;0;1;1;0;0;1;1;1;1;1;1;0;0;1;1;0;0;0;0;0;0;0;0;0;0;0;0;0;0
13.07.2024;17:26;A 20;1;2;63;0;68;6;8;123;58;0;100;7;48;135;12;1;1;1;62;1;71;6;12;6;58;1;82;7;10;0;100;7;50;2;79;1;64;8;33;4;18;0;100;0;0;1;1;1;1;1;44;1;5;1;60;1;43;2;51;1;47;8;16;5;6;0;0;0;0;0;0;0;0;0;0;0;0;0;0;0;0;0;0;0;0;0;0;0;0;0;0;0;0;0;0
13.07.2024;17:25;A 20;1;4;26;2;74;4;3;200;25;3;79;3;36;24;4;2;3;7;72;1;92;5;6;1;88;0;100;2;3;0;100;3;67;3;80;4;66;5;8;6;7;3;48;0;0;2;2;1;1;3;30;1;34;3;52;3;53;1;64;1;64;6;6;2;2;0;0;0;0;0;0;0;0;0;0;0;0;0;0;0;0;0;0;0;0;0;0;0;0;0;0;0;0;0;0
13.07.2024;17:24;A 20;1;0;82;0;89;3;54;72;71;2;79;2;77;80;8;2;2;3;33;2;46;6;7;7;79;0;100;2;3;0;100;3;69;0;84;2;72;3;61;2;4;1;19;0;0;2;2;3;3;0;0;1;3;1;0;1;1;0;3;0;1;7;9;7;10;0;0;0;0;0;0;1;1;0;0;0;0;1;1;1;1;0;0;0;0;0;0;0;0;0;0;0;0;0;0
13.07.2024;17:23;A 20;1;2;39;2;41;4;7;173;29;2;58;2;59;37;6;0;0;3;89;1;94;2;2;0;100;0;100;5;9;0;100;6;16;2;72;2;19;7;15;3;3;0;57;0;0;0;0;0;0;3;4;3;17;4;64;2;90;4;71;1;97;5;6;3;4;0;0;0;0;0;0;0;0;0;0;0;0;0;0;0;0;0;0;0;0;0;0;0;0;0;0;0;0;0;0
13.07.2024;17:22;A 20;1;0;100;0;100;3;3;142;42;1;16;1;4;25;2;4;5;14;56;6;86;10;13;9;78;0;100;2;5;0;100;2;87;1;88;1;96;5;10;6;13;1;97;0;0;0;0;0;0;0;0;0;0;4;17;4;3;1;26;2;9;8;10;2;2;0;0;1;1;0;0;0;0;0;0;0;0;1;1;0;0;0;0;0;0;0;0;0;0;0;0;0;0;0;0
13.07.2024;17:21;A 20;1;2;25;3;60;3;2;196;24;2;31;2;9;29;4;2;2;1;99;0;100;5;11;1;98;0;100;5;10;0;100;10;23;3;60;3;42;9;10;7;9;2;78;0;0;1;0;1;1;4;92;0;96;1;97;0;0;0;100;0;0;7;9;6;8;0;0;0;0;0;0;0;0;0;0;0;0;0;0;0;0;0;0;0;0;0;0;0;0;0;0;0;0;0;0
13.07.2024;17:20;A 20;1;1;9;1;71;1;1;179;22;1;1;1;4;18;1;0;0;11;44;4;82;11;14;10;86;0;100;7;10;0;100;1;97;1;73;1;69;4;14;3;5;2;36;0;0;4;5;3;3;1;28;2;33;5;11;2;32;1;50;0;39;5;11;5;7;0;0;0;0;0;0;1;1;0;0;0;0;0;0;1;1;0;0;0;0;0;0;0;0;0;0;0;0;0;0
13.07.2024;17:19;A 20;1;0;52;3;58;2;41;102;40;2;94;0;100;91;11;1;2;2;66;3;74;3;5;4;87;0;100;6;9;0;100;7;38;2;70;4;56;6;11;4;41;2;95;0;0;2;2;2;2;2;67;2;67;0;0;0;100;1;36;0;100;12;18;8;11;0;0;0;0;3;5;0;0;0;0;0;0;1;1;0;0;0;0;0;0;0;0;0;0;0;0;0;0;0;0
13.07.2024;17:18;A 20;1;1;97;2;80;5;56;101;68;2;59;4;33;193;18;3;2;4;57;1;53;5;7;2;96;0;100;1;1;0;100;1;80;2;68;3;74;5;7;5;44;5;62;0;27;1;0;1;0;4;5;5;16;8;64;5;66;1;82;2;80;8;16;6;10;0;0;0;0;0;0;0;0;0;0;0;0;0;0;0;0;0;0;0;0;0;0;0;0;0;0;0;0;0;0
13.07.2024;17:17;A 20;1;1;52;1;65;1;1;237;26;0;100;1;87;67;7;1;1;8;20;5;37;6;11;8;76;0;100;6;16;0;100;5;64;0;80;0;73;5;47;2;28;0;100;1;50;1;3;1;1;0;0;0;0;1;40;1;38;1;49;1;42;9;17;5;39;0;0;0;0;0;0;0;0;0;0;0;0;0;0;0;0;0;0;0;0;0;0;0;0;0;0;0;0;0;0
13.07.2024;17:16;A 20;1;2;13;2;14;2;2;195;21;4;75;1;55;7;1;1;1;3;2;3;14;7;8;1;92;0;100;6;8;0;100;2;33;2;33;3;37;5;7;5;6;2;72;0;0;4;5;3;3;4;40;5;26;3;80;4;76;0;87;0;86;9;18;6;14;1;1;0;0;0;0;0;0;1;1;0;0;0;0;0;0;0;0;0;0;0;0;0;0;0;0;0;0;0;0
13.07.2024;17:15;A 20;1;1;89;0;100;2;3;204;34;0;100;1;50;31;6;3;4;6;13;3;28;4;6;7;78;0;100;3;5;0;100;5;86;0;100;1;96;6;17;3;14;1;23;0;0;2;2;2;2;1;41;2;17;4;40;3;61;3;27;2;74;8;12;3;4;0;0;0;0;0;0;0;0;0;0;0;0;0;0;0;0;0;0;0;0;0;0;0;0;0;0;0;0;0;0
13.07.2024;17:14;A 20;1;2;43;4;58;2;22;213;29;4;80;2;11;14;4;5;5;1;78;2;46;2;2;1;98;0;100;3;4;0;100;7;54;4;51;3;59;7;25;5;24;6;77;0;88;2;77;2;3;2;79;1;83;1;91;1;93;2;7;1;98;7;9;4;6;0;0;0;0;1;1;0;0;1;1;0;0;0;0;0;0;0;0;0;0;0;0;0;0;0;0;0;0;0;0
13.07.2024;17:13;A 20;1;1;61;2;57;5;41;229;24;2;46;1;8;24;2;1;1;6;45;1;63;4;7;7;81;0;100;5;28;0;100;1;54;1;86;2;47;6;45;5;28;6;78;1;34;6;24;4;4;2;22;1;28;3;40;4;42;0;45;0;50;11;18;9;15;1;1;0;0;1;1;0;0;1;1;0;0;0;0;0;0;0;0;0;0;0;0;0;0;0;0;0;0;0;0
13.07.2024;17:12;A 20;1;0;59;1;63;3;9;205;23;1;66;12;42;18;4;2;2;4;68;2;84;6;9;7;84;0;100;5;10;0;100;11;52;1;83;1;75;9;57;6;57;0;99;1;1;60;70;2;2;1;74;2;65;1;91;0;100;2;38;0;100;6;11;2;3;1;1;1;1;0;0;0;0;1;2;1;1;0;0;0;0;0;0;0;0;0;0;0;0;0;0;0;0;0;0
13.07.2024;17:11;A 20;1;1;13;2;91;3;3;180;24;4;23;0;33;24;6;4;6;4;62;0;74;2;2;0;100;1;98;7;13;0;100;2;83;0;100;1;89;6;57;6;71;2;61;0;0;56;19;4;5;2;28;3;29;10;69;3;69;0;87;1;79;14;21;10;13;0;0;0;0;0;0;0;0;0;0;0;0;0;0;0;0;0;0;0;0;0;0;0;0;0;0;0;0;0;0
13.07.2024;17:10;A 20;1;2;89;0;81;7;55;175;31;0;100;1;55;37;4;1;1;3;47;3;61;5;6;5;36;2;46;3;4;0;100;8;67;0;100;2;84;8;81;8;39;1;74;0;0;3;3;1;1;1;77;1;11;1;25;1;33;1;34;1;39;7;10;3;5;0;0;0;0;2;3;0;0;0;0;0;0;1;1;0;0;0;0;0;0;0;0;0;0;0;0;0;0;0;0
13.07.2024;17:09;A 20;1;2;34;2;22;3;4;172;20;4;49;2;53;22;2;1;1;4;82;0;92;0;0;0;100;0;100;1;0;0;100;5;62;3;73;4;26;8;36;6;7;5;50;0;0;1;52;1;2;2;61;2;64;4;86;0;79;0;93;0;80;5;7;4;6;0;0;0;0;0;0;0;0;0;0;0;0;0;0;0;0;0;0;0;0;0;0;0;0;0;0;0;0;0;0
13.07.2024;17:08;A 20;1;0;100;0;100;5;80;7;91;0;100;2;89;12;6;2;3;10;28;4;57;7;8;4;60;1;78;4;4;0;100;5;79;0;98;3;76;4;25;5;4;1;58;0;0;5;12;5;8;2;51;1;8;8;70;5;26;3;61;4;45;9;11;7;10;0;0;0;0;1;1;0;0;0;0;0;0;1;2;0;0;0;0;0;0;0;0;0;0;0;0;0;0;0;0
13.07.2024;17:07;A 20;1;3;71;2;60;5;5;86;26;7;88;0;91;12;77;5;11;1;84;1;96;4;8;0;100;1;90;2;2;0;100;4;8;2;42;1;18;5;8;2;2;2;66;0;0;1;1;1;1;2;18;2;33;0;100;1;82;0;100;1;88;10;16;3;4;0;0;0;0;1;1;0;0;0;0;0;0;1;1;0;0;0;0;0;0;0;0;0;0;0;0;0;0;0;0
13.07.2024;17:06;A 20;1;1;94;1;81;3;4;152;20;1;70;2;56;132;48;4;8;6;31;5;27;7;13;6;90;1;87;2;1;0;100;2;68;2;66;2;74;5;45;4;5;1;68;0;0;2;2;2;2;0;0;0;0;6;46;6;33;2;50;0;49;9;13;7;16;0;0;4;8;0;0;0;0;0;0;1;1;0;0;0;0;0;0;0;0;0;0;0;0;0;0;0;0;0;0
13.07.2024;17:05;A 20;1;2;57;2;66;5;16;102;53;3;91;1;71;265;27;4;4;1;45;1;9;1;1;4;89;0;100;4;4;0;100;4;29;1;52;4;29;4;39;4;5;2;89;0;0;2;3;1;1;1;51;1;8;0;100;0;100;0;100;0;100;5;8;2;2;0;0;0;0;0;0;0;0;0;0;0;0;0;0;0;0;0;0;0;0;0;0;0;0;0;0;0;0;0;0
13.07.2024;17:04;A 20;1;1;98;1;87;4;7;111;70;6;79;3;26;217;21;2;2;10;58;1;84;4;9;3;92;0;100;6;9;0;100;1;51;2;64;1;6;4;7;1;1;4;22;0;0;1;1;1;1;0;0;0;0;4;63;4;64;2;66;1;76;9;17;8;12;0;0;0;0;0;0;0;0;0;0;0;0;0;0;0;0;0;0;0;0;0;0;0;0;0;0;0;0;0;0
13.07.2024;17:03;A 20;1;1;53;2;57;1;0;263;29;0;100;1;99;36;9;2;2;2;55;3;39;6;8;7;81;2;54;6;9;0;100;8;55;0;82;0;75;5;63;5;14;0;100;0;0;3;4;2;2;0;0;0;0;1;42;1;37;2;14;1;43;13;16;6;12;0;0;0;0;0;0;0;0;0;0;0;0;0;0;0;0;0;0;0;0;0;0;0;0;0;0;0;0;0;0
13.07.2024;17:02;A 20;1;3;23;2;47;3;2;262;27;1;30;2;5;94;9;4;3;8;77;3;74;8;16;0;100;0;100;3;4;0;100;2;49;4;89;2;57;9;25;5;7;4;33;0;0;1;1;2;1;2;33;1;6;7;78;3;73;0;88;0;80;6;7;4;5;0;0;0;0;3;5;0;0;0;0;0;0;2;5;0;0;0;0;0;0;0;0;0;0;0;0;0;0;0;0
13.07.2024;17:01;A 20;1;1;92;3;17;4;4;267;30;1;28;3;10;56;5;2;1;3;22;2;16;2;3;5;65;1;81;3;3;0;100;6;77;3;83;2;81;7;49;6;40;1;89;0;0;4;5;3;4;0;0;1;4;1;9;2;27;1;15;2;36;8;17;5;11;0;0;0;0;2;3;0;0;0;0;0;0;2;3;0;0;0;0;0;0;0;0;0;0;0;0;0;0;0;0
13.07.2024;17:00;A 20;1;1;52;2;15;2;2;123;14;8;62;0;77;5;64;3;6;2;29;2;29;5;8;0;100;1;72;3;3;0;100;7;17;4;19;3;24;3;3;3;3;2;56;0;0;1;1;2;2;2;63;2;22;3;94;1;0;0;99;1;93;6;8;7;13;1;1;0;0;0;0;0;0;0;0;0;0;0;0;0;0;0;0;0;0;0;0;0;0;0;0;0;0;0;0
13.07.2024;16:59;A 20;1;1;50;2;48;4;42;235;34;1;40;1;48;110;30;6;10;9;18;5;45;5;6;8;61;1;80;2;2;0;100;1;94;2;49;0;100;3;6;3;10;1;78;0;0;2;2;2;2;3;49;2;13;6;46;4;15;4;55;3;38;5;7;3;4;0;0;0;0;1;1;1;1;0;0;0;0;0;0;0;0;0;0;0;0;0;0;0;0;0;0;0;0;0;0
13.07.2024;16:58;A 20;1;9;35;4;48;3;2;237;27;1;72;3;50;51;5;2;2;1;49;2;32;6;9;1;72;2;62;7;10;0;100;7;33;0;30;2;46;2;6;4;8;1;73;0;0;1;2;1;1;3;43;3;19;0;100;0;100;0;100;0;100;2;5;2;8;0;0;0;0;0;0;0;0;0;0;0;0;0;0;0;0;0;0;0;0;0;0;0;0;0;0;0;0;0;0
13.07.2024;16:57;A 20;1;1;74;1;77;1;1;261;31;3;88;1;7;27;2;2;1;4;3;3;15;3;4;2;71;3;82;1;0;0;100;1;74;0;100;1;81;3;8;5;13;2;46;0;0;5;2;2;2;1;3;1;7;5;57;6;49;4;70;2;72;8;11;6;9;0;0;0;0;0;0;0;0;1;1;0;0;0;0;0;0;0;0;0;0;0;0;0;0;0;0;0;0;0;0
13.07.2024;16:56;A 20;1;3;21;3;38;4;4;202;22;3;93;0;100;14;91;1;2;1;0;0;0;0;0;4;86;1;99;1;1;0;100;8;38;2;78;1;54;6;40;5;33;2;65;0;0;2;3;2;3;0;0;0;0;1;61;1;0;1;9;1;0;8;15;2;5;0;0;1;1;0;0;0;0;0;0;0;0;0;0;0;0;0;0;0;0;0;0;0;0;0;0;0;0;0;0
13.07.2024;16:55;A 20;1;0;0;1;7;0;0;209;22;4;25;1;38;248;26;5;7;7;58;0;68;5;7;3;93;0;100;5;6;0;100;1;29;1;95;2;28;2;31;4;5;1;9;0;0;0;0;0;0;1;15;1;4;2;50;3;51;0;52;1;59;12;25;8;15;0;0;0;0;2;3;0;0;0;0;0;0;1;2;0;0;0;0;0;0;0;0;0;0;0;0;0;0;0;0
13.07.2024;16:54;A 20;1;1;78;4;82;4;13;79;66;0;100;0;100;71;12;2;2;2;7;2;11;4;5;4;51;3;54;3;3;0;100;5;55;2;87;0;65;9;38;4;37;1;61;0;0;2;2;2;3;2;61;2;9;2;64;1;66;2;64;1;72;8;13;3;3;0;0;0;0;0;0;0;0;0;0;0;0;0;0;0;0;0;0;0;0;0;0;0;0;0;0;0;0;0;0
13.07.2024;16:53;A 20;1;3;47;1;32;5;6;189;25;3;48;1;57;38;5;2;2;8;27;2;47;7;8;1;98;2;22;4;5;0;100;2;60;2;39;2;21;6;5;2;2;2;38;0;40;0;0;0;0;6;68;1;71;6;83;2;74;1;96;0;80;7;16;8;16;1;1;0;0;0;0;0;0;1;1;0;0;0;0;0;0;0;0;0;0;0;0;0;0;0;0;0;0;0;0
13.07.2024;16:52;A 20;1;1;94;0;97;5;44;164;53;1;64;1;73;21;6;6;7;7;11;6;34;6;12;3;39;1;54;3;4;0;100;6;88;0;100;2;90;5;72;8;18;0;100;1;19;2;2;2;2;3;53;3;67;4;45;4;32;2;64;2;42;6;11;3;4;0;0;1;1;0;0;0;0;0;0;1;1;0;0;0;0;0;0;0;0;0;0;0;0;0;0;0;0;0;0
13.07.2024;16:51;A 20;1;2;68;3;63;4;4;230;30;3;72;3;47;11;16;3;7;3;30;2;44;4;8;0;100;1;23;0;0;0;100;8;27;4;72;3;34;7;16;4;13;8;79;1;18;4;49;3;6;0;71;0;0;2;95;0;93;0;100;0;94;6;13;4;6;0;0;0;0;0;0;0;0;0;0;0;0;0;0;0;0;0;0;0;0;0;0;0;0;0;0;0;0;0;0
13.07.2024;16:50;A 20;1;2;92;1;65;5;7;266;30;1;55;1;6;12;2;1;1;12;33;4;61;9;14;7;66;1;85;2;2;0;100;1;39;0;100;0;100;3;27;4;52;1;39;0;0;8;33;5;7;1;20;1;3;2;66;4;23;1;73;1;53;8;17;7;18;0;0;0;0;0;0;0;0;0;0;0;0;0;0;0;0;0;0;0;0;0;0;0;0;0;0;0;0;0;0
13.07.2024;16:49;A 20;1;1;30;1;30;3;4;220;30;4;83;0;94;25;6;3;3;1;83;2;89;6;9;3;89;0;100;3;4;0;100;4;28;2;55;2;66;4;6;4;4;4;88;0;0;2;8;2;2;3;92;1;63;1;45;1;9;1;51;1;54;3;7;2;4;0;0;0;0;0;0;0;0;0;0;0;0;0;0;0;0;0;0;0;0;0;0;0;0;0;0;0;0;0;0
13.07.2024;16:48;A 20;1;0;0;0;0;0;0;214;21;4;16;1;24;24;16;2;2;8;56;2;72;4;4;3;90;0;100;4;5;0;100;1;88;1;74;2;95;3;3;2;1;2;27;0;0;4;5;4;5;1;18;2;8;4;53;0;45;1;61;0;46;8;15;3;3;0;0;0;0;0;0;0;0;0;0;0;0;0;0;0;0;0;0;0;0;0;0;0;0;0;0;0;0;0;0
13.07.2024;16:47;A 20;1;2;75;3;74;3;6;214;28;0;100;0;100;8;4;4;4;4;47;5;63;9;12;7;79;0;100;3;5;0;100;9;60;1;98;1;78;11;60;5;42;1;99;0;0;0;0;0;0;1;16;1;8;1;72;1;19;2;77;1;22;5;2;3;4;0;0;0;0;2;3;0;0;0;0;0;0;0;0;0;0;0;0;0;0;0;0;0;0;0;0;0;0;0;0
13.07.2024;16:46;A 20;1;2;38;1;47;4;6;188;22;2;31;3;26;32;6;3;4;5;74;1;88;0;0;0;100;0;100;5;7;0;100;2;25;2;64;2;35;6;17;5;12;5;37;0;0;2;3;1;1;1;1;1;5;6;78;2;68;3;89;0;71;5;7;2;2;1;1;0;0;0;0;0;0;1;2;0;0;1;1;0;0;0;0;0;0;0;0;0;0;0;0;0;0;0;0
13.07.2024;16:45;A 20;1;1;55;0;85;4;24;140;42;0;0;3;1;172;15;0;0;6;40;4;55;8;11;6;85;0;100;3;4;0;100;7;77;0;90;2;89;4;75;4;27;1;86;0;0;6;9;5;6;1;2;1;7;3;2;2;16;2;16;2;22;10;19;6;13;0;0;1;1;0;0;0;0;0;0;0;0;1;2;1;1;0;0;0;0;0;0;0;0;0;0;0;0;0;0
13.07.2024;16:44;A 20;1;4;20;5;64;5;3;137;20;7;60;0;73;53;46;4;8;3;7;0;100;1;0;0;100;2;98;5;7;0;100;6;57;3;68;6;70;7;11;8;9;3;67;0;0;2;50;2;2;0;0;0;0;2;1;2;92;3;8;0;97;9;13;8;12;1;1;0;0;0;0;0;0;0;0;0;0;0;0;0;0;0;0;0;0;0;0;0;0;0;0;0;0;0;0
13.07.2024;16:43;A 20;1;2;94;1;93;5;25;226;32;1;74;2;65;15;8;5;6;6;18;3;51;10;13;7;80;0;88;5;7;0;100;3;68;0;100;2;33;4;57;4;6;1;38;0;0;2;6;2;4;0;0;0;0;2;15;1;60;0;16;1;64;3;8;4;20;1;1;0;0;1;1;0;0;0;0;0;0;1;2;0;0;0;0;0;0;0;0;0;0;0;0;0;0;0;0
13.07.2024;16:42;A 20;1;1;41;0;37;3;6;180;48;2;84;1;76;74;8;2;2;2;56;2;71;4;6;2;86;2;64;3;2;0;100;7;30;3;78;4;45;9;18;5;11;3;86;0;0;2;3;2;3;1;1;1;7;1;83;2;28;2;48;2;41;8;16;5;11;1;1;0;0;1;1;0;0;0;0;0;0;1;1;0;0;0;0;0;0;0;0;0;0;0;0;0;0;0;0
13.07.2024;16:41;A 20;1;0;100;2;85;1;1;240;31;2;11;2;9;34;4;3;2;15;59;1;93;6;66;4;92;0;100;4;6;0;100;1;25;2;92;1;35;4;9;3;5;3;61;0;0;3;4;2;2;2;5;1;20;6;25;6;48;5;29;3;65;9;16;6;9;0;0;0;0;0;0;0;0;0;0;0;0;0;0;0;0;0;0;0;0;0;0;0;0;0;0;0;0;0;0
13.07.2024;16:40;A 20;1;3;73;4;68;4;3;234;26;1;2;1;5;25;3;1;1;1;43;1;51;8;12;5;57;2;75;4;5;0;100;8;58;2;71;4;72;2;2;4;7;1;97;0;0;1;1;2;2;1;1;2;28;0;0;1;5;0;0;1;14;3;4;2;2;0;0;0;0;0;0;0;0;0;0;0;0;0;0;0;0;0;0;0;0;0;0;0;0;0;0;0;0;0;0
13.07.2024;16:39;A 20;1;2;46;2;46;3;3;152;17;6;34;0;47;5;39;2;2;8;80;0;97;3;14;1;1;1;8;5;7;0;100;1;62;7;56;1;74;5;13;5;10;5;39;0;0;5;6;4;5;2;2;2;9;2;76;4;14;2;27;2;35;8;13;3;3;0;0;1;1;2;3;1;1;0;0;0;0;0;0;1;1;0;0;0;0;0;0;0;0;0;0;0;0;0;0
13.07.2024;16:38;A 20;1;0;100;0;100;5;30;112;48;0;100;4;66;9;46;5;7;6;41;2;57;4;9;0;45;1;0;0;0;0;100;3;76;0;89;2;41;3;7;3;5;1;96;0;0;1;1;2;2;0;0;0;0;6;44;2;6;1;30;0;7;6;9;4;9;0;0;0;0;2;3;0;0;0;0;0;0;1;1;0;0;0;0;0;0;0;0;0;0;0;0;0;0;0;0
13.07.2024;16:37;A 20;1;5;83;5;70;10;11;160;22;7;82;9;71;18;36;7;9;1;89;2;74;5;12;1;37;2;10;1;1;0;100;5;35;4;63;2;46;5;4;3;3;1;16;0;0;1;1;1;0;4;60;1;74;1;84;0;0;3;89;1;5;5;11;4;4;0;0;0;0;0;0;0;0;0;0;0;0;0;0;0;0;0;0;0;0;0;0;0;0;0;0;0;0;0;0
13.07.2024;16:36;A 20;1;2;89;1;94;3;3;210;33;4;60;1;18;19;6;1;1;4;35;2;47;3;4;2;77;2;21;2;2;0;100;1;78;2;61;2;83;3;3;4;6;0;0;0;0;0;0;0;0;0;0;0;0;5;40;0;0;1;47;0;0;6;11;1;1;0;0;0;0;0;0;0;0;0;0;0;0;0;0;0;0;0;0;0;0;0;0;0;0;0;0;0;0;0;0
13.07.2024;16:35;A 20;1;3;21;0;44;3;3;215;27;3;64;1;80;20;21;6;12;3;40;3;40;3;4;2;59;2;14;2;1;0;100;5;37;1;71;1;47;7;46;4;16;2;95;0;0;0;0;0;0;1;30;1;11;1;45;0;0;3;45;0;0;7;10;5;8;0;0;0;0;0;0;0;0;0;0;0;0;0;0;0;0;0;0;0;0;0;0;0;0;0;0;0;0;0;0
13.07.2024;16:34;A 20;1;1;9;1;12;1;1;210;24;8;28;0;40;20;31;0;0;11;73;2;96;5;33;1;66;1;7;1;1;0;100;2;67;1;96;3;40;5;7;3;3;2;58;0;0;4;4;4;5;2;9;2;12;4;62;3;59;1;24;0;66;10;17;8;11;0;0;0;0;0;0;1;1;0;0;0;0;0;0;1;1;0;0;0;0;0;0;0;0;0;0;0;0;0;0
13.07.2024;16:33;A 20;1;1;70;1;85;1;1;39;73;0;100;0;100;198;64;7;11;3;21;3;29;6;10;2;27;0;30;0;0;0;100;5;62;0;83;2;72;5;52;3;3;1;97;0;0;0;0;0;0;0;0;0;0;2;44;2;74;1;18;1;78;5;9;6;11;0;0;0;0;1;1;1;1;0;0;0;0;1;1;0;0;0;0;0;0;0;0;0;0;0;0;0;0;0;0
13.07.2024;16:32;A 20;1;3;49;2;62;6;8;181;49;6;82;3;89;94;79;4;4;5;55;1;74;6;10;0;100;0;100;1;1;0;100;6;58;1;76;6;31;11;15;7;9;3;36;0;0;4;4;3;3;3;7;1;21;3;84;1;0;1;99;0;0;6;11;8;9;1;1;0;0;0;0;0;0;0;0;0;0;0;0;0;0;0;0;0;0;0;0;0;0;0;0;0;0;0;0
13.07.2024;16:31;A 20;1;1;54;2;57;3;4;257;31;1;44;1;49;3;99;7;10;5;26;3;35;5;6;5;73;2;74;2;2;0;100;4;89;0;100;1;27;2;54;5;10;0;0;0;0;0;0;1;1;0;0;0;0;2;14;1;11;1;19;0;14;6;13;4;6;0;0;0;0;0;0;0;0;0;0;0;0;0;0;0;0;0;0;0;0;0;0;0;0;0;0;0;0;0;0
13.07.2024;16:30;A 20;1;2;35;3;42;4;4;156;33;4;81;0;85;27;85;3;5;1;1;1;8;3;3;1;57;1;64;6;6;0;100;4;21;2;65;2;27;5;6;2;1;1;53;0;0;1;1;1;1;0;0;0;0;0;100;0;100;0;100;0;100;3;4;0;0;0;0;0;0;1;2;0;0;0;0;0;0;0;0;0;0;0;0;0;0;0;0;0;0;0;0;0;0;0;0
13.07.2024;16:29;A 20;1;1;92;1;96;2;2;205;25;2;72;2;62;206;20;2;2;5;38;3;20;8;10;3;80;0;85;1;1;0;100;1;71;2;90;2;73;4;4;3;4;1;4;0;0;0;0;0;0;0;9;0;0;4;51;3;49;3;72;2;58;4;8;3;5;0;0;1;1;1;0;0;0;0;0;0;0;0;0;0;0;0;0;0;0;0;0;0;0;0;0;0;0;0;0
13.07.2024;16:28;A 20;1;0;72;0;68;7;30;129;59;1;55;5;47;117;13;1;1;3;52;1;10;1;1;1;64;4;40;2;2;0;100;6;54;1;71;0;65;5;11;6;30;0;100;0;0;1;0;0;0;1;78;1;5;2;65;2;59;1;72;1;68;3;3;2;2;0;0;0;0;0;0;1;1;0;0;0;0;0;0;0;0;0;0;0;0;0;0;0;0;0;0;0;0;0;0
13.07.2024;16:27;A 20;1;1;18;2;18;2;2;231;27;2;48;2;48;30;5;1;1;6;84;1;84;8;12;1;80;1;8;1;1;0;100;4;28;3;59;3;23;10;14;2;1;4;61;0;0;4;4;4;4;0;0;0;0;1;77;1;0;2;5;1;4;5;14;6;9;0;0;0;0;0;0;0;0;0;0;0;0;0;0;0;0;0;0;0;0;0;0;0;0;0;0;0;0;0;0
13.07.2024;16:26;A 20;1;1;93;0;98;4;9;245;30;1;53;2;5;41;4;2;2;9;26;3;44;7;8;1;13;2;6;1;1;0;100;4;90;0;100;0;100;5;69;4;32;1;89;0;0;1;1;0;0;0;0;0;0;3;49;1;2;2;26;0;9;4;7;4;11;0;0;0;0;0;0;0;0;0;0;0;0;0;0;0;0;0;0;0;0;0;0;0;0;0;0;0;0;0;0
13.07.2024;16:25;A 20;1;2;36;2;64;3;2;188;40;5;74;1;83;34;4;2;2;1;53;2;13;5;13;0;0;0;0;0;0;0;100;6;26;5;44;4;36;5;18;4;3;2;53;0;0;1;1;2;2;2;79;2;76;1;88;0;7;1;97;0;100;3;2;3;5;0;0;0;0;0;0;0;0;1;1;0;0;0;0;0;0;0;0;0;0;0;0;0;0;0;0;0;0;0;0
13.07.2024;16:24;A 20;1;3;51;1;61;4;5;246;32;2;59;2;46;24;8;4;6;13;40;2;73;5;6;3;53;1;66;2;2;0;100;1;46;2;44;2;50;5;14;4;5;1;1;0;0;1;1;1;0;1;32;1;6;2;71;3;20;2;30;2;35;11;15;5;6;0;0;0;0;1;1;0;0;0;0;0;0;1;1;0;0;0;0;0;0;0;0;0;0;0;0;0;0;0;0
13.07.2024;16:23;A 20;1;2;47;4;58;3;3;187;24;2;94;1;87;11;54;4;5;5;70;4;78;8;19;2;10;1;15;1;4;0;100;8;41;4;77;0;59;8;8;4;39;3;90;0;0;3;4;3;3;0;0;0;0;1;50;2;7;2;14;1;14;2;3;3;4;0;0;0;0;0;0;0;0;0;0;0;0;0;0;0;0;0;0;0;0;0;0;0;0;0;0;0;0;0;0
13.07.2024;16:22;A 20;1;1;95;2;52;2;1;285;32;6;19;1;29;13;10;1;1;5;56;2;70;8;9;3;79;4;64;4;10;0;100;1;74;1;89;1;80;6;9;6;9;1;9;0;0;2;2;0;0;2;18;2;8;2;51;3;2;1;53;3;6;8;11;7;8;0;0;0;0;0;0;0;0;0;0;0;0;0;0;0;0;0;0;0;0;0;0;0;0;0;0;0;0;0;0
13.07.2024;16:21;A 20;1;0;0;0;0;0;0;286;29;0;100;0;100;11;3;1;1;3;35;2;48;6;8;7;19;1;31;1;1;0;100;5;59;1;74;2;68;3;59;2;2;0;100;0;0;0;0;1;1;1;40;1;6;1;36;0;0;2;41;0;0;2;3;2;3;0;0;0;0;1;1;0;0;0;0;0;0;1;1;0;0;0;0;0;0;0;0;0;0;0;0;0;0;0;0
13.07.2024;16:20;A 20;1;2;17;1;8;1;1;219;23;7;74;4;70;16;43;5;6;1;68;0;68;0;0;0;100;0;100;5;6;0;100;1;52;2;79;1;58;4;30;4;8;3;56;0;0;2;1;2;1;2;52;3;53;4;39;0;69;4;35;0;70;5;6;6;8;0;0;0;0;0;0;0;0;0;0;0;0;1;1;0;0;0;0;0;0;0;0;0;0;0;0;0;0;0;0
13.07.2024;16:19;A 20;1;2;80;1;85;2;1;172;20;0;100;1;48;21;23;6;9;3;3;2;17;3;4;5;87;0;100;1;1;0;100;3;71;1;93;1;76;4;5;2;1;0;100;1;1;1;1;1;1;1;27;1;36;0;1;4;78;0;0;2;90;6;12;8;9;0;0;0;0;0;0;0;0;0;0;0;0;0;0;0;0;0;0;0;0;0;0;0;0;0;0;0;0;0;0
13.07.2024;16:18;A 20;1;3;57;3;39;5;6;183;25;6;73;2;70;60;8;4;4;3;46;1;61;4;4;1;97;1;84;6;9;0;100;5;52;3;80;4;38;8;18;3;4;6;68;1;29;3;6;3;4;5;89;1;93;4;73;2;93;2;51;0;100;2;2;5;5;0;0;0;0;0;0;0;0;0;0;0;0;1;1;0;0;0;0;0;0;0;0;0;0;0;0;0;0;0;0
13.07.2024;16:17;A 20;1;1;57;1;74;4;12;113;54;1;49;2;34;26;6;3;4;8;25;1;42;3;4;3;57;3;21;3;4;0;100;3;94;0;100;1;65;4;20;5;15;1;57;0;0;3;4;3;4;1;44;2;36;4;21;3;61;1;31;2;69;10;16;5;8;0;0;0;0;0;0;0;0;0;0;0;0;0;0;0;0;0;0;0;0;0;0;0;0;0;0;0;0;0;0
13.07.2024;16:16;A 20;1;2;49;1;45;5;7;160;28;3;41;4;10;22;3;3;3;1;59;1;68;8;12;1;20;1;8;1;1;0;100;5;38;2;64;2;40;5;36;2;2;1;82;0;0;0;0;0;0;1;89;0;88;1;99;0;100;1;28;0;100;5;9;2;3;0;0;0;0;1;1;0;0;0;0;0;0;0;0;0;0;0;0;0;0;0;0;0;0;0;0;0;0;0;0
13.07.2024;16:15;A 20;1;1;91;1;97;2;2;182;25;3;11;2;15;12;1;1;0;9;56;3;82;5;8;3;83;1;8;1;1;0;100;1;94;1;96;2;75;4;28;4;5;2;72;0;0;3;3;2;2;3;30;3;28;1;46;2;60;1;52;1;68;9;15;4;7;0;0;0;0;0;0;0;0;0;0;0;0;0;0;0;0;0;0;0;0;0;0;0;0;0;0;0;0;0;0
13.07.2024;16:14;A 20;1;2;58;0;68;2;1;124;55;0;100;1;97;11;3;1;1;1;30;1;37;6;8;3;4;3;24;2;2;0;100;6;53;2;11;4;51;2;1;7;8;1;24;0;0;1;1;1;1;1;88;2;16;1;73;1;69;2;61;1;75;6;11;4;8;0;0;0;0;1;1;0;0;0;0;0;0;0;0;0;0;0;0;0;0;0;0;0;0;0;0;0;0;0;0
13.07.2024;16:13;A 20;1;2;18;2;14;2;2;254;28;5;47;1;56;11;2;5;6;7;39;2;51;6;8;1;2;1;13;4;6;0;100;3;37;1;9;3;11;1;1;4;3;1;38;0;0;1;1;0;0;1;45;0;44;1;71;1;34;1;3;1;41;7;12;1;1;0;0;0;0;0;0;0;0;1;1;0;0;0;0;0;0;0;0;0;0;0;0;0;0;0;0;0;0;0;0
13.07.2024;16:12;A 20;1;2;62;1;92;3;4;232;32;0;100;0;100;24;4;1;1;4;4;2;11;2;2;6;48;1;60;1;0;0;100;4;28;1;96;3;26;3;4;4;5;1;32;0;0;2;1;1;1;5;75;3;67;4;58;2;3;2;18;2;9;10;15;5;6;1;1;0;0;0;0;0;0;0;0;0;0;0;0;0;0;0;0;0;0;0;0;0;0;0;0;0;0;0;0
13.07.2024;16:11;A 20;1;6;56;3;45;7;6;206;23;2;95;0;100;13;16;4;5;1;36;1;46;4;7;1;96;0;100;4;5;0;100;6;27;4;63;1;40;7;32;3;13;0;0;0;0;0;0;0;0;0;100;0;100;1;90;1;97;2;95;0;100;4;6;6;13;0;0;0;0;0;0;0;0;0;0;0;0;0;0;0;0;0;0;0;0;0;0;0;0;0;0;0;0;0;0
13.07.2024;16:10;A 20;1;2;62;1;58;3;4;201;29;5;71;2;35;16;11;3;2;4;48;0;55;3;3;5;89;0;100;2;2;0;100;1;96;0;100;1;71;4;53;3;6;7;10;1;8;3;4;3;5;4;15;4;32;3;45;2;7;1;27;2;24;7;10;4;4;0;0;1;1;0;0;0;0;0;0;0;0;2;3;0;0;0;0;0;0;0;0;0;0;0;0;0;0;0;0
13.07.2024;16:09;A 20;1;0;68;0;69;4;17;174;29;0;100;0;100;15;36;3;4;3;31;3;37;5;6;7;76;1;86;4;5;0;100;6;48;2;81;3;68;6;58;5;37;0;100;0;0;3;6;1;0;0;0;0;0;0;100;0;0;0;0;0;0;3;5;1;1;0;0;0;0;1;1;0;0;0;0;0;0;0;0;0;0;0;0;0;0;0;0;0;0;0;0;0;0;0;0
13.07.2024;16:08;A 20;1;2;77;1;88;3;4;209;27;5;38;6;46;20;9;5;6;5;17;4;35;5;7;0;100;0;100;5;7;0;100;1;69;4;91;2;74;6;26;3;4;9;81;1;13;7;10;2;15;0;0;0;0;8;73;3;61;2;90;2;70;9;12;2;1;0;0;0;0;2;3;0;0;0;0;0;0;6;14;0;0;0;0;0;0;0;0;0;0;0;0;0;0;0;0
13.07.2024;16:07;A 20;1;0;81;2;86;4;49;187;30;1;65;1;5;24;2;2;2;9;8;4;29;7;6;5;27;1;43;6;7;0;100;7;67;2;93;3;64;6;12;7;15;0;100;0;0;2;72;5;7;1;0;0;0;2;29;2;72;2;34;1;75;9;14;6;7;0;0;0;0;0;0;1;1;1;1;0;0;0;0;1;1;0;0;0;0;0;0;0;0;0;0;0;0;0;0
13.07.2024;16:06;A 20;1;1;20;3;27;2;2;198;26;3;52;0;57;16;6;2;3;6;11;0;100;5;8;1;58;2;59;4;7;0;100;8;30;1;23;4;26;4;5;6;7;6;53;0;0;5;12;6;9;1;63;1;47;8;89;6;85;0;100;0;100;1;0;4;1;1;1;0;0;0;0;0;0;1;1;0;0;1;1;0;0;0;0;0;0;0;0;0;0;0;0;0;0;0;0
13.07.2024;16:05;A 20;1;2;61;1;55;4;7;183;23;2;30;3;24;14;3;3;3;11;30;4;80;8;13;1;61;0;60;0;0;0;100;3;92;0;100;1;97;4;21;5;13;1;90;0;0;3;2;2;2;1;32;1;6;5;54;4;54;1;71;1;66;3;3;6;10;0;0;0;0;0;0;0;0;0;0;0;0;0;0;0;0;0;0;0;0;0;0;0;0;0;0;0;0;0;0
13.07.2024;16:04;A 20;1;3;75;2;61;8;10;74;55;1;98;0;100;13;43;1;1;2;65;2;76;8;9;3;75;2;29;3;4;0;100;13;49;5;84;3;77;9;52;8;50;0;0;0;0;0;0;1;0;0;0;0;0;1;95;1;91;1;95;1;96;9;16;6;9;0;0;1;1;2;3;0;0;0;0;1;1;1;1;0;0;0;0;0;0;0;0;0;0;0;0;0;0;0;0
13.07.2024;16:03;A 20;1;2;60;1;53;3;4;153;46;4;77;3;71;114;38;4;4;4;33;4;23;4;4;1;87;2;61;2;2;0;100;1;46;2;64;1;55;5;24;5;22;2;24;0;0;0;0;0;0;2;53;1;49;5;67;4;64;1;76;0;77;8;10;4;5;0;0;0;0;0;0;0;0;0;0;0;0;0;0;0;0;0;0;0;0;0;0;0;0;0;0;0;0;0;0
13.07.2024;16:02;A 20;1;0;68;1;57;2;3;216;34;1;50;2;52;107;13;3;4;1;1;1;3;3;2;1;31;1;7;1;0;0;100;14;58;0;91;0;87;8;45;8;50;0;100;0;0;1;1;1;2;1;48;1;56;2;68;1;43;2;22;1;48;11;16;7;12;0;0;0;0;0;0;0;0;0;0;0;0;0;0;0;0;0;0;0;0;0;0;0;0;0;0;0;0;0;0
13.07.2024;16:01;A 20;1;4;82;2;14;6;4;149;17;8;57;0;72;6;60;3;5;4;81;1;92;0;0;1;75;1;9;1;1;0;100;4;5;2;61;1;20;4;5;4;4;4;69;0;0;3;2;3;2;3;33;4;20;3;58;4;75;3;39;2;90;6;8;6;10;0;0;0;0;0;0;0;0;1;1;0;0;0;0;0;0;0;0;0;0;0;0;0;0;0;0;0;0;0;0
13.07.2024;16:00;A 20;1;0;100;0;100;2;5;78;75;1;79;2;78;92;40;6;8;6;21;4;41;8;9;1;50;2;11;0;0;0;100;4;86;0;100;2;94;3;55;5;23;1;92;0;0;3;3;2;2;0;0;0;0;6;23;2;17;3;34;1;21;9;16;5;7;0;0;0;0;1;1;0;0;0;0;0;0;1;1;0;0;0;0;0;0;0;0;0;0;0;0;0;0;0;0
13.07.2024;15:59;A 20;1;3;74;2;58;8;37;208;35;3;82;1;71;138;18;3;4;1;80;1;88;5;7;1;40;1;10;1;1;0;100;7;26;2;65;1;40;5;7;5;11;3;82;0;0;2;3;3;3;2;2;2;9;0;100;1;71;1;92;1;77;5;7;5;7;0;0;0;0;0;0;0;0;0;0;0;0;0;0;0;0;0;0;0;0;0;0;0;0;0;0;0;0;0;0
13.07.2024;15:58;A 20;1;0;100;0;100;3;5;209;32;5;13;6;17;138;15;4;4;12;49;2;80;4;3;6;79;1;96;3;4;0;100;0;100;0;100;1;49;3;5;3;8;4;57;0;0;2;2;2;2;1;5;1;8;5;72;0;34;3;55;0;34;8;12;4;6;1;1;0;0;0;0;0;0;0;0;0;0;0;0;0;0;0;0;0;0;0;0;0;0;0;0;0;0;0;0
13.07.2024;15:57;A 20;1;1;54;1;58;2;2;251;28;1;96;1;95;7;0;2;1;1;69;1;76;10;15;5;83;1;95;2;2;0;100;11;58;1;91;5;80;11;59;7;13;1;96;0;0;1;3;0;0;1;58;1;7;1;91;1;42;1;97;1;49;5;6;7;11;0;0;0;0;1;1;0;0;0;0;0;0;0;0;0;0;0;0;0;0;0;0;0;0;0;0;0;0;0;0
13.07.2024;15:56;A 20;1;2;65;3;66;3;3;247;30;3;61;2;72;21;5;3;4;8;68;1;89;3;5;1;80;2;48;5;9;0;100;1;54;1;87;1;83;3;79;5;11;2;47;0;0;5;6;5;5;7;56;2;74;2;57;6;37;1;40;2;57;10;15;7;10;0;0;0;0;0;0;0;0;0;0;0;0;0;0;0;0;0;0;0;0;0;0;0;0;0;0;0;0;0;0
13.07.2024;15:55;A 20;1;3;89;3;18;6;4;258;32;0;100;1;76;16;3;2;2;1;38;2;45;6;8;3;37;0;43;1;1;0;100;10;80;0;99;0;98;10;68;8;48;1;0;0;0;0;0;0;0;1;51;2;56;2;67;0;0;2;9;0;0;12;18;1;1;0;0;1;1;2;3;0;0;0;0;0;0;1;2;0;0;0;0;0;0;0;0;0;0;0;0;0;0;0;0
13.07.2024;15:54;A 20;1;7;36;4;24;6;5;252;28;3;78;1;66;18;3;2;2;4;70;1;83;4;5;1;44;2;14;4;5;0;100;7;27;2;54;3;32;9;14;6;8;0;54;0;0;0;0;0;0;3;13;2;23;6;44;1;33;1;60;1;38;5;11;5;9;0;0;0;0;1;1;0;0;0;0;0;0;0;0;0;0;0;0;0;0;0;0;0;0;0;0;0;0;0;0
13.07.2024;15:53;A 20;1;0;100;0;100;1;2;209;27;1;86;2;78;28;4;2;2;8;28;2;59;6;9;5;68;0;75;1;1;0;100;1;97;0;100;0;100;2;84;3;6;1;48;0;0;1;1;1;1;0;0;0;0;7;25;5;23;2;38;0;35;10;22;8;20;0;0;0;0;0;0;0;0;0;0;0;0;1;1;0;0;0;0;0;0;0;0;0;0;0;0;0;0;0;0
13.07.2024;15:52;A 20;1;1;50;3;52;5;7;152;48;4;81;1;88;22;4;2;1;2;93;1;49;5;6;1;88;2;95;5;8;0;100;10;61;2;77;4;78;7;36;7;32;1;47;0;0;1;1;1;1;0;0;0;0;1;92;0;100;2;77;0;100;4;6;1;1;0;0;0;0;0;0;0;0;0;0;0;0;0;0;0;0;0;0;0;0;0;0;0;0;0;0;0;0;0;0
13.07.2024;15:51;A 20;1;3;25;2;42;2;3;245;31;3;81;2;79;22;5;4;5;9;49;1;73;6;13;5;88;0;96;4;5;0;100;2;86;3;66;2;68;5;10;5;31;1;9;0;0;1;1;1;1;2;30;1;21;7;49;4;66;1;63;1;78;12;15;6;7;0;0;0;0;0;0;0;0;1;1;0;0;0;0;0;0;0;0;0;0;0;0;0;0;0;0;0;0;0;0
13.07.2024;15:50;A 20;1;1;78;2;72;4;62;246;27;1;30;3;17;8;4;3;4;7;69;2;38;5;7;8;78;3;35;4;5;0;100;5;53;3;83;2;68;5;56;4;6;1;45;0;0;1;1;1;0;1;88;1;6;0;100;0;100;0;100;0;100;7;9;4;6;0;0;0;0;0;0;0;0;0;0;0;0;0;0;0;0;0;0;0;0;0;0;0;0;0;0;0;0;0;0
13.07.2024;15:49;A 20;1;6;67;6;50;8;17;208;32;5;70;2;80;9;46;6;6;2;69;2;66;7;9;0;98;0;100;4;5;0;100;9;43;2;74;2;62;7;25;5;17;2;63;0;0;2;2;2;2;1;52;1;6;1;5;1;2;2;8;1;7;6;10;4;5;0;0;0;0;0;0;0;0;0;0;0;0;0;0;0;0;0;0;0;0;0;0;0;0;0;0;0;0;0;0
13.07.2024;15:48;A 20;1;1;76;2;57;4;7;210;25;3;52;2;60;51;7;4;4;9;46;1;66;2;7;1;84;2;14;4;5;0;100;1;91;1;83;2;96;6;35;5;17;4;55;0;0;1;0;1;0;1;14;1;5;4;44;3;39;0;50;0;46;8;15;5;8;0;0;0;0;0;0;0;0;0;0;0;0;0;0;0;0;0;0;0;0;0;0;0;0;0;0;0;0;0;0
13.07.2024;15:47;A 20;1;0;62;0;71;4;23;167;44;1;39;4;32;44;6;2;3;6;36;2;55;9;14;6;69;1;35;3;4;0;100;5;52;1;75;0;62;6;37;4;27;1;73;0;0;4;6;4;5;1;66;1;7;1;54;1;40;1;63;1;58;12;17;8;13;0;0;0;0;1;1;0;0;1;1;0;0;1;2;0;0;0;0;0;0;0;0;0;0;0;0;0;0;0;0
13.07.2024;15:46;A 20;1;3;82;1;18;5;4;225;26;2;32;4;26;107;11;2;2;10;77;0;100;12;37;0;0;0;100;2;3;0;100;3;57;4;57;2;66;7;7;4;3;0;0;0;0;0;0;0;0;2;36;2;33;6;75;6;75;0;83;0;89;7;9;9;16;0;0;0;0;1;1;0;0;0;0;0;0;1;1;0;0;0;0;0;0;0;0;0;0;0;0;0;0;0;0
13.07.2024;15:45;A 20;1;0;100;1;98;6;66;44;83;0;100;2;1;241;21;1;1;3;44;3;28;5;7;3;25;2;49;4;5;0;100;7;76;0;100;1;91;5;81;5;75;0;0;0;0;0;0;0;0;1;63;1;8;1;43;1;70;1;54;1;74;6;10;2;2;0;0;0;0;0;0;0;0;0;0;0;0;0;0;0;0;0;0;0;0;0;0;0;0;0;0;0;0;0;0
13.07.2024;15:44;A 20;1;2;18;1;31;3;4;234;30;3;69;1;63;48;4;1;1;2;1;2;7;1;1;1;90;1;46;2;1;0;100;9;51;0;100;5;45;14;35;7;9;6;64;0;0;5;28;5;11;0;0;0;0;1;44;2;59;1;17;1;65;5;10;3;4;1;1;0;0;0;0;0;0;0;0;0;0;0;0;0;0;0;0;0;0;0;0;0;0;0;0;0;0;0;0
13.07.2024;15:43;A 20;1;1;38;1;47;3;4;213;26;1;63;3;29;29;6;3;3;10;20;4;49;6;8;4;5;1;65;1;1;0;100;3;92;0;100;0;100;2;49;4;10;1;22;0;0;3;4;2;2;1;0;0;0;8;15;9;20;2;34;0;41;17;20;12;18;0;0;0;0;1;1;0;0;0;0;0;0;0;0;0;0;0;0;0;0;0;0;0;0;0;0;0;0;0;0
13.07.2024;15:42;A 20;1;3;50;2;37;5;23;151;37;3;73;2;47;55;8;3;4;0;100;0;100;4;7;0;62;0;100;3;3;0;100;7;42;3;76;5;55;8;13;6;7;2;72;0;0;1;1;0;0;3;58;4;51;1;72;1;68;2;62;2;78;3;4;3;4;0;0;0;0;0;0;1;1;0;0;0;0;0;0;2;9;0;0;0;0;0;0;0;0;0;0;0;0;0;0
13.07.2024;15:41;A 20;1;3;82;1;78;6;46;191;51;4;84;2;46;61;7;2;2;5;79;1;92;5;6;1;9;1;15;3;4;0;100;3;45;4;58;3;53;7;8;4;3;3;72;0;0;3;3;4;4;2;12;2;26;3;69;2;66;0;75;0;71;10;13;5;6;0;0;0;0;0;0;0;0;0;0;0;0;0;0;0;0;0;0;0;0;0;0;0;0;0;0;0;0;0;0
13.07.2024;15:40;A 20;1;1;89;2;31;5;47;292;32;1;68;3;67;8;3;3;4;8;39;7;41;8;12;1;39;0;0;0;0;0;100;4;75;1;77;1;70;6;13;3;4;1;40;0;0;2;2;2;2;0;0;0;0;5;56;2;42;2;67;1;50;5;7;4;6;0;0;0;0;0;0;0;0;0;0;0;0;0;0;0;0;0;0;0;0;0;0;0;0;0;0;0;0;0;0
13.07.2024;15:39;A 20;1;1;7;2;20;1;1;140;18;5;70;0;77;7;45;3;4;1;46;1;7;1;1;1;43;1;17;1;1;0;100;10;15;1;49;1;37;7;14;7;11;1;62;0;0;0;0;0;0;5;66;3;60;0;0;1;97;1;52;0;100;7;14;5;6;0;0;1;1;0;0;0;0;0;0;0;0;0;0;0;0;0;0;0;0;0;0;0;0;0;0;0;0;0;0
13.07.2024;15:38;A 20;1;1;23;2;10;1;4;226;24;1;8;1;14;9;4;4;4;3;22;3;11;3;4;2;74;0;82;1;0;0;100;0;100;0;100;0;100;3;83;3;7;1;70;0;0;4;3;2;2;0;0;0;0;5;30;7;45;1;42;4;65;5;7;7;8;0;0;1;1;0;0;0;0;0;0;0;0;0;0;0;0;0;0;0;0;0;0;0;0;0;0;0;0;0;0
13.07.2024;15:37;A 20;1;1;31;2;44;1;1;202;25;5;90;0;98;12;34;3;4;1;41;1;10;2;3;3;61;2;21;1;2;0;100;13;45;3;75;6;71;8;43;9;40;2;83;0;0;1;0;1;1;3;55;2;22;0;100;1;32;1;84;1;37;5;13;1;3;0;0;0;0;1;1;0;0;0;0;2;3;1;1;0;0;0;0;0;0;0;0;0;0;0;0;0;0;0;0
13.07.2024;15:36;A 20;1;2;41;2;93;2;2;192;24;2;74;2;48;18;7;4;6;8;53;2;77;3;2;4;92;0;100;3;4;0;100;1;94;2;85;1;80;5;67;5;35;5;27;1;13;2;1;2;1;2;11;2;9;4;66;4;48;1;58;1;59;5;8;7;9;0;0;0;0;0;0;0;0;0;0;0;0;0;0;0;0;0;0;0;0;0;0;0;0;0;0;0;0;0;0
13.07.2024;15:35;A 20;1;1;74;1;73;5;58;60;63;0;100;1;2;18;2;2;2;1;55;1;63;6;10;5;26;1;40;4;6;0;100;13;62;1;82;2;85;6;45;12;37;0;100;0;0;3;6;3;3;1;72;1;6;1;95;1;67;1;28;1;72;9;14;4;6;0;0;0;0;0;0;0;0;0;0;0;0;0;0;0;0;0;0;0;0;0;0;0;0;0;0;0;0;0;0
13.07.2024;15:34;A 20;1;1;85;3;82;5;42;132;59;6;75;1;49;12;6;1;1;3;66;1;57;3;3;0;100;1;75;3;3;0;100;1;71;1;47;2;9;4;8;3;3;4;64;0;0;4;4;4;6;2;34;2;8;3;66;4;67;4;13;3;77;8;12;5;7;0;0;0;0;0;0;0;0;0;0;0;0;0;0;0;0;0;0;0;0;0;0;0;0;0;0;0;0;0;0
13.07.2024;15:33;A 20;1;2;78;1;61;5;8;231;28;0;100;0;100;72;11;4;7;4;3;2;22;3;3;5;82;1;51;1;1;0;100;9;75;1;96;2;90;5;35;9;18;1;69;0;0;2;3;2;3;3;5;2;15;2;45;1;6;1;9;1;11;6;6;8;11;0;0;1;1;0;0;0;0;0;0;1;1;0;0;0;0;0;0;0;0;0;0;0;0;0;0;0;0;0;0
13.07.2024;15:32;A 20;1;2;26;2;36;5;5;185;29;3;82;8;60;55;9;3;4;3;23;3;30;5;6;1;78;1;86;5;6;0;100;7;44;4;88;2;32;9;28;3;16;0;0;0;0;0;0;0;0;3;75;2;83;1;87;2;32;1;88;1;41;5;8;7;11;1;3;0;0;1;1;0;0;0;0;0;0;1;1;0;0;0;0;0;0;0;0;0;0;0;0;0;0;0;0
13.07.2024;15:31;A 20;1;1;2;0;100;1;1;158;18;0;0;0;0;17;1;1;1;5;20;3;39;3;4;4;77;1;84;3;3;0;100;0;100;0;100;1;94;3;26;4;33;1;2;0;2;0;0;0;0;3;6;0;11;7;56;4;35;2;73;0;43;12;19;6;7;0;0;4;6;0;0;0;0;0;0;1;2;0;0;0;0;0;0;0;0;0;0;0;0;0;0;0;0;0;0
13.07.2024;15:30;A 20;1;1;69;2;81;5;50;58;60;2;6;3;10;187;19;2;2;1;0;1;4;4;6;3;43;2;41;1;1;0;100;10;49;1;93;4;68;10;62;8;40;1;95;1;51;1;1;1;1;1;81;2;85;1;67;1;84;2;64;1;91;8;13;3;5;0;0;0;0;1;1;0;0;1;1;0;0;2;3;0;0;0;0;0;0;0;0;0;0;0;0;0;0;0;0
13.07.2024;15:29;A 20;1;1;38;2;60;5;17;99;34;6;34;0;44;103;43;0;0;6;25;2;51;6;7;0;0;0;100;0;0;0;100;1;69;2;70;1;75;7;34;4;5;9;71;0;0;5;37;4;6;6;40;4;42;4;67;1;39;1;55;1;46;12;17;8;12;0;0;0;0;0;0;0;0;0;0;1;1;0;0;0;0;0;0;0;0;0;0;0;0;0;0;0;0;0;0
13.07.2024;15:28;A 20;1;0;74;1;41;3;5;131;18;0;100;0;100;6;53;3;5;3;2;2;12;1;1;3;30;1;83;3;10;0;100;8;73;1;89;2;89;5;29;5;75;0;100;0;0;4;57;4;6;1;32;1;8;2;66;1;0;1;15;0;2;5;12;4;5;0;0;0;0;2;3;0;0;0;0;0;0;1;1;0;0;0;0;0;0;0;0;0;0;0;0;0;0;0;0
13.07.2024;15:27;A 20;1;3;63;5;23;6;12;224;27;5;88;0;100;53;50;5;8;4;32;3;37;3;5;1;59;1;67;3;3;0;100;8;55;3;79;4;73;7;24;7;10;1;24;0;0;2;2;3;3;1;87;1;90;4;86;4;87;1;98;1;97;5;8;6;8;0;0;0;0;1;1;0;0;0;0;0;0;1;3;0;0;0;0;0;0;0;0;0;0;0;0;0;0;0;0
13.07.2024;15:26;A 20;1;1;96;1;12;4;6;252;27;1;48;2;59;175;19;3;4;11;34;4;62;5;6;3;68;0;75;1;1;0;100;0;100;0;100;1;67;4;55;4;12;1;1;0;0;1;0;0;0;4;24;4;44;7;60;4;67;6;64;1;79;9;15;4;7;0;0;0;0;0;0;0;0;1;1;0;0;0;0;1;3;0;0;0;0;0;0;0;0;0;0;0;0;0;0
13.07.2024;15:25;A 20;1;1;44;0;31;2;4;261;28;2;84;1;75;218;21;2;2;1;91;2;82;6;10;2;25;2;28;3;4;0;100;9;36;4;73;3;53;8;12;5;32;3;30;0;0;3;3;4;4;0;0;0;0;1;78;1;22;1;6;1;28;5;8;2;3;0;0;0;0;0;0;0;0;0;0;0;0;0;0;0;0;0;0;0;0;0;0;0;0;0;0;0;0;0;0
13.07.2024;15:24;A 20;1;2;28;2;9;4;6;240;26;4;41;1;24;252;29;1;1;11;67;0;91;8;18;1;87;2;81;3;5;0;100;1;86;1;98;2;78;5;9;5;8;3;13;0;0;1;1;1;1;2;19;1;20;6;52;3;49;2;27;0;56;9;19;7;12;0;0;0;0;0;0;0;0;0;0;0;0;0;0;0;0;0;0;0;0;0;0;0;0;0;0;0;0;0;0
13.07.2024;15:23;A 20;1;2;66;3;74;2;1;264;29;1;22;3;26;250;54;4;6;1;42;2;37;6;11;2;36;2;17;2;2;0;100;13;65;0;87;1;87;5;65;11;54;1;50;0;0;3;4;2;2;2;30;2;40;1;18;1;32;1;5;1;36;14;28;4;5;2;3;0;0;0;0;0;0;1;1;0;0;0;0;0;0;0;0;0;0;0;0;0;0;0;0;0;0;0;0
13.07.2024;15:22;A 20;1;2;52;3;55;5;6;215;32;6;53;0;60;137;47;3;5;7;87;0;100;4;6;1;68;1;8;1;0;0;100;4;42;3;62;3;51;7;27;5;5;2;41;0;0;0;0;0;0;1;2;1;6;5;83;1;0;1;91;1;3;5;7;5;5;0;0;0;0;0;0;0;0;0;0;0;0;0;0;0;0;0;0;0;0;0;0;0;0;0;0;0;0;0;0
13.07.2024;15:21;A 20;1;4;56;2;57;3;3;218;36;1;51;2;41;46;14;5;6;9;18;1;44;5;8;1;48;1;6;2;2;0;100;6;85;0;100;1;98;4;62;4;58;1;72;0;0;3;3;3;3;0;0;0;13;8;60;4;14;3;81;1;25;11;17;4;6;0;0;0;0;1;1;0;0;0;0;0;0;1;1;0;0;0;0;0;0;0;0;0;0;0;0;0;0;0;0
13.07.2024;15:20;A 20;1;2;43;4;31;7;8;228;26;1;72;2;26;20;2;2;1;1;73;1;81;9;15;0;100;0;0;0;0;0;100;9;28;4;87;4;50;10;18;14;18;6;79;0;0;3;49;2;3;2;79;1;97;0;100;1;23;0;100;1;27;4;5;0;0;1;1;0;0;0;0;0;0;1;2;0;0;0;0;0;0;0;0;0;0;0;0;0;0;0;0;0;0;0;0
13.07.2024;15:19;A 20;1;2;26;1;49;2;2;247;27;4;10;2;11;12;2;2;2;9;43;1;64;3;4;6;82;0;98;3;4;0;100;1;78;1;69;2;63;5;11;4;4;2;59;0;0;4;5;4;5;4;26;2;32;5;69;6;37;1;99;0;56;10;15;7;11;0;0;0;0;0;0;0;0;0;0;1;1;0;0;0;0;0;0;0;0;0;0;0;0;0;0;0;0;0;0
13.07.2024;15:18;A 20;1;2;47;2;54;4;8;225;30;1;94;1;93;14;5;4;4;3;45;1;54;7;10;4;81;1;99;1;1;0;100;3;35;1;64;0;41;7;12;0;0;1;46;0;0;3;2;2;2;2;91;2;76;1;78;1;86;1;86;1;93;12;19;6;9;0;0;1;1;0;0;0;0;0;0;1;1;1;1;0;0;0;0;0;0;0;0;0;0;0;0;0;0;0;0
13.07.2024;15:17;A 20;1;2;10;1;9;2;1;223;25;5;32;1;35;19;24;2;2;10;65;0;100;8;50;2;81;2;79;6;10;0;100;1;61;2;63;2;31;4;8;3;3;4;17;0;0;1;6;1;1;3;27;0;28;6;63;5;62;3;73;0;72;9;21;8;17;0;0;0;0;0;0;0;0;0;0;0;0;0;0;0;0;0;0;0;0;0;0;0;0;0;0;0;0;0;0
13.07.2024;15:16;A 20;1;1;78;2;92;7;30;44;75;0;100;0;100;25;15;3;4;5;41;1;60;4;8;4;23;0;30;2;2;0;100;6;61;2;90;2;73;6;63;3;17;1;86;0;0;4;6;2;3;1;35;1;41;1;27;2;34;2;32;1;36;5;10;3;3;0;0;0;0;0;0;0;0;0;0;0;0;0;0;0;0;0;0;0;0;0;0;0;0;0;0;0;0;0;0
13.07.2024;15:15;A 20;1;2;55;1;73;4;6;135;41;7;55;1;75;82;59;4;6;7;57;1;83;11;16;0;100;0;100;1;1;0;100;4;71;2;73;4;64;8;11;6;8;4;8;0;0;1;1;2;3;2;45;1;17;5;80;1;37;1;91;1;44;11;14;4;8;0;0;1;1;0;1;0;0;0;0;1;2;0;0;0;0;0;0;0;0;0;0;0;0;0;0;0;0;0;0
13.07.2024;15:14;A 20;1;0;100;0;100;6;24;9;92;1;88;2;37;222;80;5;8;11;19;1;49;4;7;5;78;2;93;3;3;0;100;5;81;0;100;6;34;6;67;6;7;0;0;0;0;2;3;2;2;1;52;1;9;5;68;1;3;3;83;0;6;10;18;5;7;0;0;0;0;2;1;0;0;0;0;0;0;1;2;0;0;0;0;0;0;0;0;0;0;0;0;0;0;0;0
13.07.2024;15:13;A 20;1;3;29;1;79;3;3;97;54;5;67;0;76;97;91;3;5;3;7;1;65;13;33;0;100;0;100;2;3;0;100;7;43;2;78;2;27;7;11;4;7;2;58;0;0;3;3;3;4;4;74;1;86;1;97;2;95;0;100;0;100;8;15;5;7;0;0;0;0;0;0;0;0;1;1;0;0;0;0;0;0;0;0;0;0;0;0;0;0;0;0;0;0;0;0
13.07.2024;15:12;A 20;1;1;89;1;95;3;5;72;81;1;72;2;65;172;53;3;4;7;26;0;42;4;7;6;78;2;92;6;7;0;100;1;96;0;100;0;100;1;72;3;78;2;42;0;0;1;1;1;1;5;49;4;50;8;67;6;46;2;64;1;66;8;15;8;11;0;0;0;0;0;0;0;0;0;0;0;0;0;0;0;0;0;0;0;0;0;0;0;0;0;0;0;0;0;0
13.07.2024;15:11;A 20;1;3;35;0;35;5;7;119;17;6;87;0;98;18;63;4;5;1;68;2;72;4;4;2;90;2;93;2;2;0;100;11;45;2;79;4;66;11;28;11;29;5;85;1;11;4;2;3;4;1;1;1;4;0;100;1;52;0;100;1;56;13;21;5;6;0;0;0;0;0;0;0;0;0;0;0;0;0;0;0;0;0;0;0;0;0;0;0;0;0;0;0;0;0;0
13.07.2024;15:10;A 20;1;1;14;2;22;1;1;206;23;5;85;0;100;15;22;1;1;4;47;0;57;3;4;5;88;0;100;2;2;0;100;1;51;2;18;2;36;3;4;3;5;4;69;0;0;4;5;3;3;1;16;2;9;10;80;4;43;0;100;1;55;8;8;7;8;1;1;0;0;0;0;0;0;0;0;0;0;0;0;0;0;0;0;0;0;0;0;0;0;0;0;0;0;0;0
13.07.2024;15:09;A 20;1;1;71;3;71;5;7;63;40;0;100;0;100;95;56;6;7;1;27;2;23;3;4;1;87;2;51;5;7;0;100;4;45;0;62;0;53;3;40;1;6;1;92;0;0;4;7;2;3;1;89;1;5;1;77;1;64;1;84;1;70;10;15;4;9;0;0;0;0;0;0;1;1;0;0;0;0;1;1;0;2;0;0;0;0;0;0;0;0;0;0;0;0;0;0
13.07.2024;15:08;A 20;1;1;52;3;43;5;10;227;26;4;47;1;61;9;3;3;4;6;74;0;91;3;5;1;35;1;8;1;0;0;100;5;50;1;77;3;63;5;8;6;9;4;44;0;49;0;44;1;0;5;65;3;71;3;47;3;29;2;22;1;41;10;15;10;23;0;0;0;0;0;0;0;0;0;0;0;0;0;0;1;1;0;0;0;0;0;0;0;0;0;0;0;0;0;0
13.07.2024;15:07;A 20;1;2;46;1;48;4;21;235;30;1;58;1;63;18;6;4;5;8;13;2;37;5;6;0;51;0;0;0;0;0;100;6;84;0;100;1;99;4;60;5;76;1;84;1;0;5;15;4;5;3;17;3;32;6;14;6;11;0;24;1;27;11;16;10;16;0;0;0;0;0;0;0;0;0;0;1;1;0;0;0;0;0;0;0;0;0;0;0;0;0;0;0;0;0;0
13.07.2024;15:06;A 20;1;1;44;2;47;7;23;95;32;6;73;0;86;86;49;5;8;0;100;0;100;6;8;1;14;1;13;1;0;0;100;8;50;3;75;4;61;7;23;8;17;8;76;1;25;6;43;6;9;4;82;0;88;0;100;0;100;0;100;0;100;8;12;4;6;0;0;0;0;0;0;0;0;0;0;0;0;0;0;0;0;0;0;0;0;0;0;0;0;0;0;0;0;0;0
13.07.2024;15:05;A 20;1;2;78;1;94;5;42;79;76;2;48;3;36;233;25;3;4;9;44;4;70;5;6;7;77;0;90;3;3;0;100;0;100;1;70;0;100;4;23;3;58;1;31;0;0;2;2;2;2;1;34;2;39;7;46;2;56;3;81;2;63;7;10;4;6;0;0;0;0;0;0;0;0;0;0;0;0;0;0;0;0;0;0;0;0;0;0;0;0;0;0;0;0;0;0
13.07.2024;15:04;A 20;1;0;45;0;48;2;33;134;51;3;70;2;69;205;21;4;4;1;82;2;63;6;9;4;92;0;100;3;4;0;100;8;43;1;49;5;63;3;32;6;36;3;88;1;46;4;5;2;3;1;91;1;14;0;0;0;100;1;38;0;100;3;5;3;8;0;0;0;0;0;0;2;3;0;0;0;0;0;0;0;0;0;0;0;0;0;0;0;0;0;0;0;0;0;0
13.07.2024;15:03;A 20;1;3;46;1;45;6;9;223;31;4;12;0;17;80;16;0;0;3;47;0;54;2;2;4;92;0;100;5;8;0;100;1;92;0;100;2;82;3;52;4;5;6;65;0;0;2;18;2;2;5;19;1;34;10;58;9;65;2;78;1;88;15;29;9;15;0;0;0;0;0;0;1;1;0;0;0;0;0;0;0;0;0;0;0;0;0;0;0;0;0;0;0;0;0;0
13.07.2024;15:02;A 20;1;3;78;2;80;6;46;51;63;0;100;0;100;140;26;1;1;5;14;2;27;2;3;5;90;0;100;3;3;0;100;12;59;0;100;1;80;12;71;21;23;0;100;0;0;4;33;3;5;2;61;2;56;1;69;1;98;1;76;0;100;9;14;7;15;0;0;0;0;1;1;0;0;0;0;0;0;1;1;0;0;0;0;0;0;0;0;0;0;0;0;0;0;0;0
13.07.2024;15:01;A 20;1;3;58;2;55;5;8;149;34;4;70;2;74;18;5;5;5;10;76;1;86;14;33;0;100;0;100;1;1;0;100;1;58;4;71;2;49;9;27;4;7;2;44;0;0;1;1;1;0;5;37;2;50;8;68;7;73;0;93;2;92;7;11;6;8;0;0;0;0;0;0;0;0;0;0;0;0;0;0;0;0;0;0;0;0;0;0;0;0;0;0;0;0;0;0
13.07.2024;15:00;A 20;1;1;94;1;96;7;39;137;43;1;74;2;62;54;10;6;7;9;41;1;57;3;7;7;74;0;100;3;4;0;100;6;81;0;92;1;97;4;9;4;26;1;67;0;0;2;2;1;1;0;0;0;0;3;4;3;76;2;10;1;87;8;13;5;10;0;0;1;1;0;0;0;0;0;0;1;1;0;0;0;0;0;0;0;0;0;0;0;0;0;0;0;0;0;0
13.07.2024;14:59;A 20;1;3;40;2;34;3;2;169;25;3;58;0;64;135;11;2;0;3;78;2;82;9;15;0;100;0;100;4;7;0;100;5;61;5;51;3;63;5;4;5;6;2;56;0;0;2;2;2;2;3;49;2;42;3;94;3;72;0;100;1;82;5;9;2;2;0;0;0;0;0;0;0;0;0;0;0;0;0;0;0;0;0;0;0;0;0;0;0;0;0;0;0;0;0;0
13.07.2024;14:58;A 20;1;2;71;1;92;3;4;84;74;1;46;1;57;145;23;5;6;12;35;0;60;9;16;7;85;0;100;5;10;0;100;3;82;1;74;2;77;4;6;4;9;1;81;0;0;1;0;1;0;1;1;1;5;4;49;6;21;3;49;1;40;15;29;8;11;0;0;0;0;0;0;0;0;1;1;0;0;0;0;0;0;0;0;0;0;0;0;0;0;0;0;0;0;0;0
13.07.2024;14:57;A 20;1;1;4;0;27;1;1;218;25;2;78;1;66;283;34;1;1;1;58;2;38;5;6;1;95;0;100;4;5;0;100;10;25;2;59;4;45;8;31;6;28;6;82;0;0;2;89;1;1;2;73;2;43;1;36;1;34;2;21;1;41;8;17;3;12;0;0;0;0;0;0;0;0;0;0;0;0;0;0;0;0;0;0;0;0;0;0;0;0;0;0;0;0;0;0
13.07.2024;14:56;A 20;1;0;0;1;10;0;0;204;23;5;24;2;20;21;97;3;3;7;6;3;23;7;9;6;88;0;100;1;2;0;100;0;100;1;75;1;76;4;49;4;52;6;73;0;0;6;28;6;8;6;19;2;33;2;46;2;42;1;48;0;48;11;25;7;14;0;0;0;0;0;0;0;0;0;0;0;0;0;0;0;0;0;0;0;0;0;0;0;0;0;0;0;0;0;0
13.07.2024;14:55;A 20;1;3;71;1;71;6;29;150;53;0;100;0;100;50;53;3;3;3;2;2;11;1;1;10;84;0;100;5;39;0;100;14;63;0;95;2;87;11;62;10;60;0;100;0;0;4;15;5;11;1;97;1;95;1;69;1;70;2;65;1;74;13;24;4;8;0;0;0;0;0;0;0;0;0;0;0;0;0;0;0;0;0;0;0;0;0;0;0;0;0;0;0;0;0;0
13.07.2024;14:54;A 20;1;2;52;3;36;4;5;141;29;6;59;1;76;42;40;2;2;6;71;1;86;5;6;0;0;0;100;5;51;0;100;1;79;2;73;2;66;5;38;5;35;2;53;0;0;2;1;1;0;3;58;1;53;4;69;3;70;0;76;0;79;12;20;8;11;0;0;0;0;0;0;0;0;0;0;0;0;0;0;0;0;0;0;0;0;0;0;0;0;0;0;0;0;0;0
13.07.2024;14:53;A 20;1;1;78;1;92;1;0;140;42;0;100;0;100;57;27;3;4;4;44;4;62;7;10;6;34;1;99;2;64;0;100;6;48;2;95;3;65;8;15;6;10;0;0;0;0;0;0;0;0;1;50;2;55;3;52;3;85;2;60;2;93;13;23;7;13;0;0;0;0;0;0;0;0;0;0;0;0;0;0;0;0;0;0;0;0;0;0;0;0;0;0;0;0;0;0
13.07.2024;14:52;A 20;1;3;80;3;65;8;7;114;15;9;81;1;98;9;61;4;11;3;86;1;93;1;1;0;100;0;100;5;34;0;100;8;8;1;83;3;22;11;15;5;5;4;49;0;0;3;4;2;2;2;54;1;26;5;90;6;59;0;100;1;78;14;22;8;11;0;0;0;0;0;0;0;0;0;0;0;0;0;0;0;0;0;0;0;0;0;0;0;0;0;0;0;0;0;0
13.07.2024;14:51;A 20;1;2;88;2;89;3;5;92;65;0;100;0;100;11;69;4;6;8;14;3;41;5;7;8;78;0;100;4;8;0;100;4;88;0;100;1;98;2;95;5;69;0;100;0;0;3;3;2;3;3;28;1;15;7;67;5;7;1;88;0;24;11;15;7;10;0;0;0;0;0;0;0;0;0;0;0;0;0;0;0;0;0;0;0;0;0;0;0;0;0;0;0;0;0;0
13.07.2024;14:50;A 20;1;1;46;1;38;3;29;200;24;4;91;0;100;8;75;3;6;1;83;2;86;7;11;3;90;0;100;7;11;0;100;15;39;1;93;3;70;13;55;14;35;1;11;0;0;1;0;0;0;1;76;2;48;1;80;1;86;2;85;1;92;4;11;6;9;0;0;0;0;0;0;0;0;1;1;0;0;0;0;0;0;0;0;0;0;0;0;0;0;0;0;0;0;0;0
13.07.2024;14:49;A 20;1;2;42;2;24;4;7;236;28;5;83;1;98;64;17;3;5;3;48;0;57;3;1;3;93;0;100;5;10;0;100;1;80;0;100;1;86;5;52;3;4;1;13;0;0;0;0;0;0;4;30;2;40;5;52;5;48;0;65;0;58;10;27;10;16;0;0;1;1;1;1;0;0;0;0;1;1;0;0;0;0;0;0;0;0;0;0;0;0;0;0;0;0;0;0
13.07.2024;14:48;A 20;1;5;70;5;66;7;6;239;30;1;87;2;87;188;24;6;12;6;58;5;74;10;11;5;77;1;97;4;5;0;100;14;67;0;100;3;96;10;73;11;40;1;83;0;0;2;2;1;1;1;68;1;8;1;82;1;74;2;90;1;77;8;15;5;11;0;0;0;0;0;0;0;0;0;0;0;0;0;0;0;0;0;0;0;0;0;0;0;0;0;0;0;0;0;0
13.07.2024;14:47;A 20;1;1;7;1;4;1;0;183;19;5;36;1;45;1;36;2;0;5;77;0;90;0;0;1;91;0;100;2;3;0;100;1;67;2;83;2;68;5;8;5;6;8;39;0;58;4;31;2;3;2;40;2;7;7;76;4;72;1;94;2;83;12;17;6;7;0;0;8;13;0;0;0;0;0;0;0;0;0;0;0;0;0;0;0;0;0;0;0;0;0;0;0;0;0;0
13.07.2024;14:46;A 20;1;2;78;1;90;4;22;142;33;1;94;2;81;15;40;4;5;8;35;3;63;9;11;5;40;1;53;2;2;0;100;6;79;0;100;1;92;8;20;4;29;0;100;0;100;1;3;2;2;1;10;1;7;4;79;6;75;1;86;2;89;8;11;8;10;0;0;0;0;0;0;0;0;0;0;0;0;0;0;0;0;0;0;0;0;0;0;0;0;0;0;0;0;0;0
13.07.2024;14:45;A 20;1;2;20;3;44;2;1;231;26;7;66;0;76;45;33;7;8;2;85;2;64;5;8;0;100;1;87;5;7;0;100;9;15;3;80;4;33;7;11;8;9;5;89;1;54;4;79;4;6;5;72;0;79;2;80;1;91;1;93;0;100;7;5;5;5;0;0;0;0;0;0;0;0;0;0;0;0;0;0;0;0;0;0;0;0;0;0;0;0;0;0;0;0;0;0
13.07.2024;14:44;A 20;1;2;94;1;75;4;6;215;27;1;90;2;18;19;4;2;3;5;21;3;35;6;7;6;76;0;89;3;3;0;100;2;97;1;99;1;80;4;83;4;41;1;93;0;0;4;45;3;7;3;22;1;31;6;24;4;19;1;36;1;30;8;10;4;5;0;0;0;0;0;0;0;0;0;0;0;0;0;0;0;0;0;0;0;0;0;0;0;0;0;0;0;0;0;0
13.07.2024;14:43;A 20;1;3;62;4;70;4;38;143;51;1;1;1;5;42;4;2;2;1;9;1;15;2;2;5;73;2;70;5;6;0;100;9;47;2;87;3;74;8;55;7;16;0;0;0;0;1;1;1;1;0;100;0;100;0;100;0;100;0;100;0;100;4;15;6;10;0;0;0;0;0;0;0;0;0;0;0;0;0;0;0;0;0;0;0;0;0;0;0;0;0;0;0;0;0;0
13.07.2024;14:42;A 20;1;3;45;2;39;4;5;184;23;5;29;0;36;4;28;3;1;6;9;2;61;6;10;1;2;0;100;1;1;0;100;3;83;3;90;4;54;6;23;6;7;5;24;0;0;3;4;2;2;4;39;3;32;9;71;8;76;1;93;1;94;11;18;6;8;0;0;0;0;0;0;0;0;0;0;0;0;0;0;0;0;0;0;0;0;0;0;0;0;0;0;0;0;0;0
13.07.2024;14:41;A 20;1;2;93;0;74;7;11;41;58;0;100;0;100;12;29;2;4;8;9;1;36;4;5;5;30;0;100;2;2;0;100;10;68;0;100;2;93;7;11;9;72;1;39;0;0;3;4;3;4;1;81;1;6;2;68;1;76;1;75;2;17;10;17;5;9;0;0;0;0;0;0;0;0;0;0;0;0;1;1;0;0;0;0;0;0;0;0;0;0;0;0;0;0;0;0
13.07.2024;14:40;A 20;1;9;48;3;32;5;5;134;25;6;77;1;92;28;40;6;9;6;83;2;79;12;24;0;100;0;100;3;4;0;100;2;38;1;96;3;42;10;18;4;5;3;45;0;51;0;0;0;0;2;50;2;13;5;89;5;59;0;100;1;75;12;28;7;15;0;0;0;0;0;0;0;0;0;0;0;0;0;0;0;0;0;0;0;0;0;0;0;0;0;0;0;0;0;0
13.07.2024;14:39;A 20;1;1;97;2;86;5;9;174;54;1;71;2;58;28;6;4;6;10;19;1;47;2;4;4;67;1;81;4;4;0;100;3;84;0;100;0;90;2;95;2;3;1;91;1;20;4;5;3;4;2;23;2;10;9;78;4;9;2;40;1;17;13;22;7;12;0;0;0;0;0;0;1;1;0;0;0;0;0;0;0;0;0;0;0;0;0;0;0;0;0;0;0;0;0;0
13.07.2024;14:38;A 20;1;3;44;2;30;6;7;177;31;7;73;0;87;121;36;4;7;1;63;1;74;8;19;0;100;1;32;3;3;0;100;10;46;0;100;7;49;16;46;9;8;3;71;1;3;3;10;4;5;3;49;3;15;0;100;0;100;0;100;0;100;6;9;8;11;0;0;0;0;0;0;0;0;0;0;0;0;0;0;0;0;0;0;0;0;0;0;0;0;0;0;0;0;0;0
13.07.2024;14:37;A 20;1;0;100;1;78;5;9;112;71;3;83;3;62;43;9;5;5;6;36;0;45;0;0;7;82;0;94;1;1;0;100;1;66;0;100;1;74;4;73;3;3;3;29;0;0;1;3;1;3;1;1;1;2;6;45;3;52;2;61;1;62;10;15;6;10;0;0;0;0;0;0;0;0;0;0;0;0;0;0;0;0;0;0;0;0;0;0;0;0;0;0;0;0;0;0
13.07.2024;14:36;A 20;1;0;100;0;81;7;34;84;72;2;93;1;21;32;7;3;4;2;70;2;27;6;7;6;84;0;100;5;9;0;100;12;53;3;87;1;78;7;57;7;63;1;96;0;0;4;5;3;5;1;28;1;5;1;95;0;100;0;100;0;100;9;18;6;12;0;0;0;0;0;0;0;0;0;0;0;0;0;0;0;0;0;0;0;0;0;0;0;0;0;0;0;0;0;0
13.07.2024;14:35;A 20;1;2;96;3;92;2;2;247;36;6;27;1;41;48;18;3;4;6;62;1;71;4;5;1;97;0;100;8;10;0;100;2;85;0;100;1;96;5;13;6;46;4;70;0;0;1;0;2;1;7;39;1;47;3;59;8;69;2;71;2;87;14;26;10;26;0;0;0;0;1;3;0;0;0;0;0;0;1;1;0;0;0;0;0;0;0;0;0;0;0;0;0;0;0;0
13.07.2024;14:34;A 20;1;2;77;1;70;4;4;224;25;0;100;0;100;51;11;3;3;4;9;1;36;2;2;6;75;4;88;4;5;0;100;10;66;1;93;2;88;8;80;9;57;1;54;0;0;4;7;4;6;1;67;1;75;1;67;1;97;2;62;0;100;10;12;7;10;0;0;0;0;2;3;0;0;0;0;0;0;2;3;0;0;0;0;0;0;0;0;0;0;0;0;0;0;0;0
13.07.2024;14:33;A 20;1;1;46;3;45;3;5;221;27;4;59;2;65;54;7;2;3;6;56;1;86;7;11;1;26;0;100;2;2;0;100;6;54;0;100;6;52;11;50;8;11;5;45;1;7;3;5;2;2;1;44;1;4;3;81;2;87;1;57;0;100;7;8;8;26;0;0;0;0;0;0;0;0;0;0;0;0;0;0;0;0;0;0;0;0;0;0;0;0;0;0;0;0;0;0
13.07.2024;14:32;A 20;1;1;96;2;67;7;27;196;56;1;47;2;43;34;9;4;5;7;14;2;31;3;4;3;47;1;66;5;9;0;100;6;85;0;100;2;99;3;92;6;13;1;92;0;0;3;4;3;4;3;65;3;11;7;62;4;56;1;30;2;70;15;27;9;16;0;0;0;0;0;0;0;0;0;0;0;0;0;0;0;0;0;0;0;0;0;0;0;0;0;0;0;0;0;0
13.07.2024;14:31;A 20;1;5;36;3;29;4;4;175;24;5;73;0;83;8;40;2;3;2;45;1;57;7;10;1;97;0;100;2;1;0;100;10;40;0;100;3;67;11;53;7;21;3;73;0;77;2;2;1;1;1;73;1;74;0;100;0;100;0;100;0;100;9;12;4;6;0;0;0;0;0;0;0;0;0;0;0;0;0;0;0;0;0;0;0;0;0;0;0;0;0;0;0;0;0;0
13.07.2024;14:30;A 20;1;1;92;1;99;4;5;216;27;1;75;2;79;16;6;4;4;10;33;2;55;6;7;3;69;4;53;4;5;0;100;1;71;0;100;2;68;3;69;5;32;1;79;1;8;3;3;3;3;4;35;2;38;7;63;9;49;3;86;1;75;14;17;10;19;0;0;0;0;0;0;0;0;0;0;0;0;0;0;0;0;0;0;0;0;0;0;0;0;0;0;0;0;0;0
13.07.2024;14:29;A 20;1;1;45;3;43;4;10;218;28;3;82;5;52;17;3;2;2;1;91;2;53;4;6;1;28;4;21;2;2;0;100;10;34;3;72;3;52;7;45;6;10;3;85;0;0;1;1;1;1;2;92;0;100;0;100;0;100;1;7;0;100;7;10;3;5;0;0;0;0;0;0;0;0;0;0;0;0;0;0;0;0;0;0;0;0;0;0;0;0;0;0;0;0;0;0
13.07.2024;14:28;A 20;1;2;22;2;23;3;4;178;20;2;18;3;13;11;5;2;2;6;56;1;71;6;8;2;91;1;87;1;1;0;100;1;87;1;86;2;74;5;43;5;9;3;46;0;0;4;5;3;3;2;26;2;9;4;58;2;17;1;67;1;69;10;16;8;12;0;0;0;0;0;0;0;0;0;0;0;0;0;0;0;0;0;0;0;0;0;0;0;0;0;0;0;0;0;0
13.07.2024;14:27;A 20;1;1;99;1;99;9;75;36;82;1;79;1;5;33;3;2;2;7;29;1;27;3;6;5;65;1;39;1;1;0;100;9;63;3;96;2;84;8;11;7;30;0;100;0;0;2;1;1;1;2;9;2;11;1;79;1;2;2;80;1;68;10;14;6;10;0;0;0;0;0;0;0;0;0;0;0;0;0;0;0;0;0;0;0;0;0;0;0;0;0;0;0;0;0;0
13.07.2024;14:26;A 20;1;2;69;2;62;5;35;196;47;2;42;1;71;22;1;1;0;4;92;1;58;11;20;0;100;0;100;2;2;0;100;5;37;1;81;4;55;11;19;6;6;3;61;0;0;3;4;4;4;5;61;4;70;6;83;6;6;0;95;3;24;10;17;9;18;0;0;0;0;3;5;0;0;0;0;0;0;1;3;0;0;0;0;0;0;0;0;0;0;0;0;0;0;0;0
13.07.2024;14:25;A 20;1;0;91;1;54;3;32;259;29;1;99;3;93;17;4;3;3;10;32;6;42;8;9;3;75;2;75;3;3;0;100;5;85;0;100;1;96;62;75;4;39;1;59;0;0;1;1;1;0;4;10;2;15;6;46;2;1;3;55;1;8;8;15;6;11;0;0;0;0;3;5;0;0;0;0;0;0;1;1;0;0;0;0;0;0;0;0;0;0;0;0;0;0;0;0
13.07.2024;14:24;A 20;1;3;52;5;52;8;19;214;31;2;8;1;76;13;2;3;2;1;77;2;10;3;3;1;64;1;72;2;2;0;100;10;25;4;52;5;44;7;23;7;18;2;69;0;0;2;2;2;2;2;88;1;76;1;99;1;97;0;100;0;100;8;16;4;6;0;0;0;0;1;1;0;0;0;0;0;0;1;1;0;0;0;0;0;0;0;0;0;0;0;0;0;0;0;0
13.07.2024;14:23;A 20;1;1;99;1;97;3;77;230;34;4;5;2;90;16;6;3;4;15;46;3;78;13;19;3;71;0;77;1;1;0;100;0;100;2;96;1;54;5;11;4;37;6;18;1;3;3;3;1;1;2;5;2;11;6;65;5;46;3;58;1;56;14;23;7;9;0;0;0;0;0;0;0;0;0;0;0;0;0;0;0;0;0;0;0;0;0;0;0;0;0;0;0;0;0;0
13.07.2024;14:22;A 20;1;3;49;2;51;4;3;100;44;3;92;0;100;0;98;2;3;1;22;2;10;5;5;4;59;2;57;2;2;0;100;5;44;1;63;2;59;7;27;3;3;3;93;0;0;3;79;4;6;2;93;1;95;1;96;1;91;1;23;1;95;13;29;6;15;1;1;0;0;0;0;0;0;1;1;0;0;0;0;0;0;0;0;0;0;0;0;0;0;0;0;0;0;0;0
13.07.2024;14:21;A 20;1;3;16;2;19;2;2;166;22;9;83;0;100;8;80;3;34;6;31;4;55;6;8;1;94;0;100;2;2;0;100;1;93;3;29;2;94;3;4;2;2;6;43;0;0;7;8;8;8;1;17;1;17;8;59;8;57;2;75;0;79;16;18;14;20;0;0;2;3;0;0;0;0;0;0;2;3;0;0;0;0;0;0;0;0;0;0;0;0;0;0;0;0;0;0
13.07.2024;14:20;A 20;1;2;76;2;67;5;4;150;16;0;100;0;100;2;91;5;16;5;10;0;17;0;0;7;59;2;58;3;3;0;100;7;60;2;96;1;73;8;13;4;52;1;81;0;0;5;4;3;2;1;46;2;34;1;52;1;43;1;58;1;49;7;10;6;9;1;1;1;1;1;1;0;0;1;1;1;1;1;1;0;0;0;0;0;0;0;0;0;0;0;0;0;0;0;0
13.07.2024;14:19;A 20;1;2;60;3;49;4;5;212;25;6;80;2;95;126;25;6;7;7;80;0;100;9;13;0;100;0;100;4;5;0;100;3;31;0;100;2;25;9;19;3;7;3;22;0;0;3;2;2;2;5;11;1;54;3;74;2;70;2;51;2;78;12;18;8;12;0;0;0;0;0;0;0;0;0;0;0;0;0;0;0;0;0;0;0;0;0;0;0;0;0;0;0;0;0;0
13.07.2024;14:18;A 20;1;0;95;1;95;5;29;184;29;1;47;2;49;140;21;6;8;11;45;2;52;7;11;3;73;2;78;4;6;0;100;6;80;0;100;2;94;6;81;4;13;0;0;0;0;0;0;1;0;0;0;1;64;8;31;6;50;3;30;3;66;12;18;8;13;0;0;0;0;1;1;0;0;0;0;0;0;0;0;0;0;0;0;0;0;0;0;0;0;0;0;0;0;0;0
13.07.2024;14:17;A 20;1;2;50;3;47;3;2;207;26;6;66;0;80;16;20;2;3;2;48;1;59;11;19;1;17;1;25;2;3;0;100;12;56;0;100;5;78;14;26;11;19;3;61;0;0;1;1;1;1;3;65;0;75;1;2;1;40;1;52;1;50;14;18;7;15;0;0;0;0;0;0;0;0;0;0;0;0;0;0;0;0;0;0;0;0;0;0;0;0;0;0;0;0;0;0
13.07.2024;14:16;A 20;1;2;93;2;57;4;9;231;26;1;81;1;88;11;11;7;8;13;47;0;72;2;34;2;37;1;44;2;2;0;100;1;81;0;100;2;86;0;100;5;69;1;45;0;0;3;2;3;3;1;37;2;35;6;27;3;26;0;40;1;36;8;12;4;5;0;0;0;0;0;0;0;0;0;0;0;0;0;0;0;0;0;0;0;0;0;0;0;0;0;0;0;0;0;0
13.07.2024;14:15;A 20;1;1;53;1;42;6;31;78;16;4;86;0;91;29;61;3;4;1;67;3;54;10;16;0;0;0;0;0;0;0;100;6;24;0;100;2;36;14;67;3;18;2;79;0;0;2;2;1;1;1;64;1;6;0;100;0;100;0;100;0;100;7;9;6;9;1;3;0;0;0;0;0;0;1;1;0;0;0;2;0;0;0;0;0;0;0;0;0;0;0;0;0;0;0;0
13.07.2024;14:14;A 20;1;2;54;1;16;5;12;193;22;4;59;2;22;56;9;2;3;5;46;1;57;3;3;2;85;3;46;4;4;0;100;1;95;0;100;2;99;2;91;3;4;3;58;0;0;1;0;2;1;2;2;2;8;9;84;5;62;0;100;1;79;8;12;6;7;0;0;0;0;1;1;0;0;0;0;0;0;2;2;0;0;0;0;0;0;0;0;0;0;0;0;0;0;0;0
13.07.2024;14:13;A 20;1;2;79;2;75;4;8;80;68;0;100;0;100;15;3;0;0;2;19;1;31;4;5;5;35;3;35;3;3;0;100;13;60;0;100;2;85;12;21;10;57;1;93;0;0;2;3;2;3;0;0;0;0;1;51;1;59;1;59;1;63;12;28;7;15;0;0;0;0;0;0;0;0;0;0;0;0;0;0;0;0;0;0;0;0;0;0;0;0;0;0;0;0;0;0
13.07.2024;14:12;A 20;1;2;59;1;89;5;12;170;54;3;41;4;46;24;6;4;6;2;13;2;24;3;3;1;95;1;96;1;1;0;100;5;82;0;100;4;92;8;14;8;11;7;39;0;0;5;37;4;8;3;50;0;56;5;76;7;80;0;87;0;95;9;16;8;10;0;0;0;0;5;10;0;0;0;0;0;0;3;13;0;0;0;0;0;0;0;0;0;0;0;0;0;0;0;0
13.07.2024;14:11;A 20;1;2;92;0;100;4;3;162;42;1;23;3;12;23;5;3;4;12;15;1;44;9;18;6;44;1;60;4;6;0;100;8;81;0;100;3;97;4;86;7;14;1;90;0;0;5;7;4;7;1;53;1;60;1;56;1;61;2;55;1;65;6;9;2;3;1;1;1;1;0;0;1;1;1;1;1;1;0;0;0;0;0;0;0;0;0;0;0;0;0;0;0;0;0;0
13.07.2024;14:10;A 20;1;3;51;2;67;4;4;183;29;5;53;1;63;66;9;4;4;4;21;1;43;7;9;1;91;0;100;4;4;0;100;3;56;4;65;3;53;8;28;4;4;3;51;0;0;3;5;4;4;1;54;1;7;2;88;1;86;0;91;0;90;9;11;6;6;1;1;0;0;0;0;0;0;0;0;0;0;0;0;0;0;0;0;0;0;0;0;0;0;0;0;0;0;0;0
13.07.2024;14:09;A 20;1;1;85;0;100;4;56;54;79;1;87;2;68;198;20;4;4;8;19;3;40;9;13;4;58;1;70;4;5;0;100;4;91;1;79;0;100;5;40;4;17;1;26;0;0;1;1;1;1;2;6;2;12;4;63;4;33;3;50;1;43;9;13;3;6;1;1;0;0;0;0;1;1;0;0;0;0;0;0;0;0;0;0;0;0;0;0;0;0;0;0;0;0;0;0
13.07.2024;14:08;A 20;1;2;64;3;92;9;35;197;50;3;79;0;83;28;5;2;2;1;45;1;54;1;1;1;99;1;63;1;1;0;100;11;36;1;65;3;54;9;30;8;29;2;76;0;0;2;2;2;2;3;85;2;17;1;48;1;45;2;40;1;49;8;12;2;3;3;5;0;0;0;0;0;0;0;0;0;0;0;0;0;0;0;0;0;0;0;0;0;0;0;0;0;0;0;0
13.07.2024;14:07;A 20;1;0;100;0;100;3;28;328;40;2;30;1;36;75;10;3;3;10;9;4;34;10;12;5;10;0;100;3;4;0;100;1;96;0;100;1;94;2;72;4;23;4;45;0;3;3;3;3;4;3;13;1;16;9;40;5;36;0;57;0;51;9;14;8;11;0;0;0;0;1;1;1;1;0;0;2;3;0;0;0;0;0;0;0;0;0;0;0;0;0;0;0;0;0;0
13.07.2024;14:06;A 20;1;3;76;4;59;5;12;267;33;2;95;0;100;73;9;3;2;2;1;0;4;1;1;5;7;2;85;3;3;0;100;6;37;0;100;3;55;12;59;6;11;3;94;1;7;2;5;2;3;1;78;2;72;0;100;1;71;0;100;1;77;4;13;4;8;1;1;0;0;0;0;0;0;0;0;0;0;1;1;0;0;0;0;0;0;0;0;0;0;0;0;0;0;0;0
13.07.2024;14:05;A 20;1;2;38;2;41;4;6;263;31;5;38;3;51;15;19;4;6;8;63;3;82;8;11;1;98;0;100;3;4;0;100;2;92;1;96;2;24;4;63;2;2;5;40;0;25;4;20;3;3;1;1;1;3;6;64;2;54;1;80;0;62;14;28;9;15;0;0;1;1;0;0;0;0;0;0;1;2;0;0;0;0;0;0;0;0;0;0;0;0;0;0;0;0;0;0
13.07.2024;14:04;A 20;1;3;38;0;70;5;5;197;44;0;100;1;52;11;6;3;4;5;51;2;65;5;8;7;80;3;99;2;2;0;100;13;65;0;100;3;92;8;55;10;64;0;100;1;1;1;2;2;2;0;0;0;0;1;65;2;7;3;53;1;12;13;25;7;17;0;0;0;0;1;1;0;0;0;0;0;0;1;1;0;0;0;0;0;0;0;0;0;0;0;0;0;0;0;0
13.07.2024;14:03;A 20;1;1;2;3;70;1;0;156;20;8;81;1;62;9;45;3;4;6;89;0;100;1;3;0;100;0;100;4;6;0;100;3;74;1;70;4;70;4;9;7;8;3;55;0;0;4;5;4;3;3;50;3;14;5;80;4;79;1;90;0;89;17;26;7;12;0;0;0;0;1;1;0;0;0;0;0;0;1;1;0;0;0;0;0;0;0;0;0;0;0;0;0;0;0;0
13.07.2024;14:02;A 20;1;1;87;3;60;6;12;209;36;1;72;1;80;31;9;6;10;10;46;2;76;8;11;8;79;0;100;6;10;0;100;6;82;0;100;0;96;4;8;4;11;1;48;0;0;2;3;2;3;1;38;1;6;4;47;4;39;2;31;1;52;5;13;6;13;0;0;0;0;0;0;0;0;1;1;0;0;0;0;0;0;0;0;0;0;0;0;0;0;0;0;0;0;0;0
13.07.2024;14:01;A 20;1;4;36;2;38;9;7;162;35;3;67;1;73;46;7;1;1;1;89;2;91;7;11;1;90;2;71;7;12;0;100;5;48;3;75;2;64;8;14;4;5;4;52;1;46;2;3;0;0;5;30;3;43;1;46;1;54;2;15;1;60;7;9;6;10;0;0;0;0;0;0;0;0;0;0;0;0;0;0;0;0;0;0;0;0;0;0;0;0;0;0;0;0;0;0
13.07.2024;14:00;A 20;1;1;82;0;100;4;11;224;30;5;65;7;17;19;5;5;6;8;47;0;70;2;3;2;77;0;78;2;2;0;100;0;100;2;86;0;100;4;6;3;7;6;63;0;0;4;5;5;5;1;9;1;5;1;37;2;36;0;36;1;38;8;13;5;6;0;0;0;0;0;0;0;0;0;0;0;0;0;0;0;0;0;0;0;0;0;0;0;0;0;0;0;0;0;0
13.07.2024;13:59;A 20;1;5;68;2;69;6;24;77;60;0;99;0;100;11;0;1;1;2;69;3;78;9;15;7;75;2;47;3;3;0;100;13;61;1;84;7;80;8;58;9;54;1;97;0;0;5;5;2;2;1;8;1;13;1;73;1;70;1;81;1;74;5;8;5;7;0;0;0;0;1;1;0;0;0;0;0;0;0;0;0;0;0;0;0;0;0;0;0;0;0;0;0;0;0;0
13.07.2024;13:58;A 20;1;3;41;3;42;3;3;176;25;1;74;2;20;18;3;3;3;4;65;0;73;0;0;0;0;0;100;4;6;0;100;3;18;0;100;3;76;8;56;5;13;1;31;0;0;2;2;3;3;2;48;1;52;3;63;4;63;0;69;0;76;12;15;8;10;0;0;0;0;0;0;0;0;0;0;0;0;1;2;0;0;0;0;0;0;0;0;0;0;0;0;0;0;0;0
13.07.2024;13:57;A 20;1;0;97;1;88;6;34;214;26;1;55;1;6;29;3;1;1;6;21;1;38;4;5;5;40;1;61;4;5;0;100;8;79;0;100;2;96;6;82;6;53;0;100;0;0;0;0;0;0;2;61;3;19;6;60;6;29;4;71;2;44;9;13;11;16;0;0;0;0;0;0;0;0;0;0;0;0;0;0;0;0;0;0;0;0;0;0;0;0;0;0;0;0;0;0
13.07.2024;13:56;A 20;1;2;55;1;50;2;2;188;22;4;59;1;64;15;4;2;3;2;92;0;100;2;2;0;100;0;100;3;4;0;100;6;55;2;64;3;68;8;34;5;9;8;71;3;60;4;54;4;6;2;62;2;52;2;94;1;96;0;100;0;100;11;21;5;7;0;0;0;0;0;0;0;0;1;1;0;0;0;0;0;0;0;0;0;0;0;0;0;0;0;0;0;0;0;0
13.07.2024;13:55;A 20;1;2;80;3;45;3;4;226;25;1;82;2;71;17;5;2;2;6;49;1;62;5;8;7;70;1;95;5;11;0;100;2;95;0;100;0;100;3;87;3;27;1;87;0;0;5;11;4;5;2;6;2;13;2;32;3;62;1;40;2;69;7;9;5;7;0;0;0;0;0;0;0;0;0;0;0;0;0;0;0;0;0;0;0;0;0;0;0;0;0;0;0;0;0;0
13.07.2024;13:54;A 20;1;1;38;1;42;1;19;151;35;3;74;2;81;71;11;2;3;1;80;3;87;5;8;1;57;1;67;5;6;0;100;7;34;3;88;3;52;12;43;7;9;2;84;0;88;0;0;1;1;4;50;2;60;1;85;3;30;2;46;1;56;11;14;7;18;2;3;0;0;0;0;0;0;1;1;0;0;2;3;0;0;0;0;0;0;0;0;0;0;0;0;0;0;0;0
13.07.2024;13:53;A 20;1;2;37;2;86;4;5;138;41;2;5;1;8;37;4;2;3;12;54;1;80;4;5;2;83;1;76;2;2;0;100;1;89;0;100;3;75;3;79;2;3;6;84;1;45;7;14;3;7;2;2;2;9;10;54;6;44;0;73;0;57;12;23;9;16;0;0;0;0;0;0;1;1;0;0;0;0;1;3;1;1;0;0;0;0;0;0;0;0;0;0;0;0;0;0
13.07.2024;13:52;A 20;1;1;62;4;72;4;6;212;25;1;13;2;19;35;5;3;3;1;53;1;65;10;16;7;37;0;100;2;2;0;100;11;50;2;94;3;73;11;40;11;22;1;43;1;18;1;56;3;38;0;0;0;0;1;71;1;59;2;75;1;64;12;16;12;23;1;1;0;0;1;1;0;0;1;2;0;0;1;1;0;0;0;0;0;0;0;0;0;0;0;0;0;0;0;0
13.07.2024;13:51;A 20;1;3;28;2;33;3;6;192;26;3;25;1;28;24;1;0;0;11;74;0;94;3;13;0;100;0;100;4;5;0;100;1;21;1;82;1;28;4;5;3;13;2;22;0;25;1;10;2;4;1;23;0;7;6;63;7;68;0;74;0;86;9;17;6;12;0;0;0;0;0;0;0;0;0;0;0;0;0;0;0;0;0;0;0;0;0;0;0;0;0;0;0;0;0;0
13.07.2024;13:50;A 20;1;0;100;1;94;8;80;167;59;0;100;0;100;28;6;3;4;4;37;4;56;11;19;5;38;1;57;4;4;0;100;6;67;0;91;1;80;5;53;5;34;0;100;1;0;1;1;1;1;1;1;1;8;2;2;3;66;1;10;1;73;10;18;9;18;0;0;0;0;0;0;0;0;0;0;1;1;0;0;0;0;0;0;0;0;0;0;0;0;0;0;0;0;0;0
13.07.2024;13:49;A 20;1;5;71;3;69;9;28;198;27;6;65;3;65;31;12;6;8;5;87;0;96;5;8;0;100;0;100;1;1;0;100;5;28;3;49;4;18;10;13;5;6;4;69;0;0;4;8;3;4;5;63;1;71;4;88;4;87;0;100;1;97;15;23;8;10;0;0;0;0;0;0;1;1;0;0;0;0;0;0;1;1;0;0;0;0;0;0;0;0;0;0;0;0;0;0
13.07.2024;13:48;A 20;1;1;95;1;96;2;3;215;40;1;21;2;11;21;4;2;3;13;25;3;67;3;4;7;80;1;99;3;3;0;100;2;93;0;100;0;100;1;78;3;7;1;36;0;0;1;1;2;3;1;43;1;50;7;44;8;36;2;58;1;59;13;23;9;27;0;0;0;0;0;0;0;0;0;0;0;0;0;0;0;0;0;0;0;0;0;0;0;0;0;0;0;0;0;0
13.07.2024;13:47;A 20;1;3;50;1;46;7;21;117;40;6;76;2;88;78;43;5;7;1;70;1;83;12;29;0;100;0;100;5;6;0;100;9;20;2;97;2;44;14;23;6;9;4;73;0;0;1;69;0;0;0;0;0;0;0;100;0;100;0;100;0;100;8;8;8;10;0;0;0;0;4;6;0;0;0;0;0;0;1;1;0;0;0;0;0;0;0;0;0;0;0;0;0;0;0;0
13.07.2024;13:46;A 20;1;1;96;0;100;5;39;80;78;2;18;2;13;196;19;3;3;5;37;0;43;0;0;7;86;0;100;1;4;0;100;0;100;0;100;0;100;1;4;3;7;4;80;0;0;4;5;5;7;2;6;1;8;9;72;7;66;3;84;1;89;8;13;6;10;1;1;0;0;1;1;0;0;1;1;1;1;0;0;0;0;0;0;0;0;0;0;0;0;0;0;0;0;0;0
13.07.2024;13:45;A 20;1;0;39;3;55;1;2;243;26;2;93;1;43;10;6;3;4;3;87;3;95;7;12;5;88;1;99;6;7;0;100;13;42;2;93;3;76;10;15;10;15;2;93;0;0;3;10;3;7;0;0;0;0;0;100;1;70;0;100;1;77;9;19;4;8;0;0;0;0;0;0;0;0;0;0;0;0;0;0;0;0;0;0;0;0;0;0;0;0;0;0;0;0;0;0
13.07.2024;13:44;A 20;1;2;61;2;32;2;1;191;28;7;47;1;38;17;22;1;1;6;57;1;71;2;2;2;96;0;100;2;2;0;100;1;72;2;75;2;71;4;8;6;13;3;37;0;0;3;16;3;4;1;15;1;4;6;58;5;56;3;75;0;68;16;32;6;10;0;0;2;3;0;0;0;0;0;0;1;1;0;0;0;0;0;0;0;0;0;0;0;0;0;0;0;0;0;0
13.07.2024;13:43;A 20;1;0;76;1;88;3;63;36;60;0;100;0;100;93;75;3;5;2;46;2;61;8;12;6;83;0;100;4;5;0;100;8;57;0;89;1;80;6;66;7;36;1;55;0;0;3;11;3;7;1;82;1;8;1;78;1;95;1;88;1;99;9;17;4;7;2;3;0;0;0;0;0;0;3;6;0;0;1;1;0;0;0;0;0;0;0;0;0;0;0;0;0;0;0;0
13.07.2024;13:42;A 20;1;2;69;1;57;5;48;246;32;6;62;4;76;250;34;7;9;6;76;0;88;1;1;1;43;1;53;6;9;0;100;4;56;4;74;3;51;6;10;4;4;5;38;0;0;1;36;1;1;1;1;1;4;7;77;4;73;3;93;2;85;9;18;5;6;0;0;0;0;0;0;1;1;0;0;0;0;0;0;0;0;0;0;0;0;0;0;0;0;0;0;0;0;0;0
13.07.2024;13:41;A 20;1;2;74;2;74;3;2;237;28;1;86;1;94;278;39;3;4;3;34;3;50;9;12;6;14;0;50;0;0;0;100;6;77;0;100;1;89;6;64;4;60;1;86;0;0;5;10;4;6;1;1;1;4;2;64;4;24;1;70;2;37;8;12;5;7;0;0;0;0;1;1;0;0;0;0;0;0;0;0;0;0;0;0;0;0;0;0;0;0;0;0;0;0;0;0
13.07.2024;13:40;A 20;1;3;19;3;34;4;3;197;28;5;59;0;68;75;84;5;7;1;92;0;94;1;0;1;65;1;84;7;11;0;100;8;37;2;82;1;55;10;16;8;12;1;24;0;0;2;1;2;3;2;63;1;38;2;92;2;94;1;79;0;100;3;8;7;12;0;0;0;0;0;0;0;0;0;0;0;0;0;0;0;0;0;0;0;0;0;0;0;0;0;0;0;0;0;0
13.07.2024;13:39;A 20;1;1;98;1;84;2;2;217;27;1;99;1;88;11;4;3;3;14;50;7;79;6;8;3;57;1;67;3;4;0;100;2;95;0;100;0;100;3;63;2;90;0;0;0;0;0;0;0;0;4;52;3;20;5;49;8;66;2;30;3;86;10;16;4;10;0;0;0;0;1;1;0;0;0;0;0;0;0;0;0;0;0;0;0;0;0;0;0;0;0;0;0;0;0;0
13.07.2024;13:38;A 20;1;1;33;2;32;1;0;233;26;6;79;2;92;36;10;4;5;1;63;1;71;9;15;1;3;3;18;2;2;0;100;5;40;4;36;5;40;5;5;7;10;4;74;0;0;3;4;3;3;3;60;2;76;1;80;1;89;2;89;1;94;9;11;4;7;0;0;0;0;0;0;0;0;0;0;0;0;0;0;0;0;0;0;0;0;0;0;0;0;0;0;0;0;0;0
13.07.2024;13:37;A 20;1;1;52;2;43;4;5;158;20;5;87;0;100;10;45;2;4;6;72;1;87;2;4;0;0;0;0;0;0;0;100;1;45;2;41;1;8;2;2;2;2;3;35;0;0;2;2;2;1;3;49;1;47;6;67;4;68;0;78;0;73;9;18;4;6;0;0;0;0;1;1;0;0;1;1;0;0;1;1;0;0;0;0;0;0;0;0;0;0;0;0;0;0;0;0
13.07.2024;13:36;A 20;1;1;75;2;61;6;15;148;32;0;100;0;100;42;42;4;5;7;38;5;67;12;14;5;36;1;47;2;2;0;100;5;74;4;85;3;80;6;9;4;5;1;97;0;0;2;2;2;2;2;53;2;11;2;72;4;72;3;79;2;84;8;11;6;8;0;0;0;0;0;0;0;0;0;0;0;0;0;0;0;0;0;0;0;0;0;0;0;0;0;0;0;0;0;0
13.07.2024;13:35;A 20;1;0;34;2;31;3;17;130;20;4;86;1;95;123;57;6;8;0;0;0;0;0;0;1;51;1;60;4;5;0;100;10;24;1;50;3;43;8;25;7;10;0;0;0;0;1;1;1;1;0;0;0;0;1;68;1;5;1;8;0;90;7;8;5;8;0;0;0;0;2;3;0;0;0;0;0;0;2;5;0;0;0;0;0;0;0;0;0;0;0;0;0;0;0;0
13.07.2024;13:34;A 20;1;0;100;0;100;2;81;275;34;2;9;2;10;305;30;4;4;11;36;6;61;10;13;2;69;1;74;1;0;0;100;0;100;0;100;0;100;0;100;3;11;0;0;0;0;0;0;0;0;2;2;2;8;2;29;3;32;0;33;2;41;6;10;5;7;0;0;2;3;0;0;0;0;0;0;2;3;0;0;0;0;0;0;0;0;0;0;0;0;0;0;0;0;0;0
13.07.2024;13:33;A 20;1;2;31;3;34;6;7;246;33;2;52;7;40;279;40;2;2;4;79;2;95;2;3;1;70;2;57;2;2;0;100;15;64;0;100;1;98;12;54;12;50;2;91;0;0;3;2;3;3;1;24;1;7;1;58;0;100;2;54;0;100;6;11;6;10;0;0;0;0;0;0;0;0;0;0;0;0;0;0;0;0;0;0;0;0;0;0;0;0;0;0;0;0;0;0
13.07.2024;13:32;A 20;1;1;9;0;0;1;1;213;21;2;6;1;9;313;40;1;1;14;61;3;94;9;15;3;89;1;97;2;2;0;100;1;94;1;99;2;85;3;72;5;62;4;56;0;0;2;2;1;1;2;2;2;9;7;52;5;65;2;68;3;80;11;18;6;9;0;0;0;0;0;0;0;0;0;0;0;0;0;0;0;0;0;0;0;0;0;0;0;0;0;0;0;0;0;0
13.07.2024;13:31;A 20;1;3;65;3;75;4;2;87;64;0;100;0;100;255;44;0;0;9;74;1;97;11;25;8;81;0;100;0;0;0;100;8;54;1;99;1;72;11;67;4;54;0;100;0;0;1;1;2;1;0;0;0;0;1;43;1;63;1;51;1;69;5;6;7;11;0;0;0;0;0;0;0;0;0;0;0;0;0;0;0;0;0;0;0;0;0;0;0;0;0;0;0;0;0;0
13.07.2024;13:30;A 20;1;2;43;3;31;3;3;161;29;4;62;2;58;58;17;5;3;9;77;0;100;6;85;0;100;0;100;5;9;0;100;1;59;2;70;1;65;5;20;5;37;4;54;0;0;5;5;4;4;0;38;0;0;6;69;4;70;1;81;0;82;12;18;10;20;0;0;0;0;0;0;0;0;0;0;0;0;1;1;0;0;0;0;0;0;0;0;0;0;0;0;0;0;0;0
13.07.2024;13:29;A 20;1;0;88;0;94;2;29;219;35;0;100;1;95;111;15;2;3;8;36;2;62;9;17;7;85;0;100;5;12;0;100;4;78;0;100;0;86;4;53;3;6;1;70;0;0;1;1;1;0;1;57;1;6;2;24;2;19;1;30;1;28;8;14;2;4;1;1;0;0;0;0;0;0;1;1;0;0;0;0;0;0;0;0;0;0;0;0;0;0;0;0;0;0;0;0
13.07.2024;13:28;A 20;1;3;73;2;63;7;8;155;21;7;83;0;79;25;67;3;5;2;94;0;100;4;7;0;100;0;100;3;7;0;100;9;56;2;63;2;39;6;14;6;10;8;12;1;6;3;65;2;2;4;67;2;53;2;94;1;92;0;100;0;100;6;9;2;2;0;0;1;1;1;1;0;0;0;0;1;1;1;1;0;0;0;0;0;0;0;0;0;0;0;0;0;0;0;0
13.07.2024;13:27;A 20;1;2;94;1;92;4;5;179;24;1;75;1;81;14;23;6;10;7;37;3;55;8;11;7;76;0;100;2;3;0;100;2;96;0;100;1;97;2;96;5;58;0;0;0;0;5;34;4;5;1;45;3;15;6;62;3;46;3;73;2;57;6;13;4;8;0;0;0;0;1;1;0;0;0;0;0;0;1;1;0;0;0;0;0;0;0;0;0;0;0;0;0;0;0;0
13.07.2024;13:26;A 20;1;0;42;2;46;3;21;165;48;2;87;0;89;10;2;1;1;2;53;2;63;6;8;2;96;0;100;5;7;0;100;14;44;0;100;6;70;12;56;10;38;2;82;0;0;2;3;2;3;0;0;0;0;0;100;0;100;0;100;0;100;9;12;6;13;1;1;0;0;1;1;0;0;1;1;0;0;1;2;0;0;0;0;0;0;0;0;0;0;0;0;0;0;0;0
13.07.2024;13:25;A 20;1;0;100;1;36;1;2;231;29;8;81;1;80;27;14;1;1;3;40;1;46;2;2;6;87;0;100;0;0;0;100;1;92;1;95;2;94;4;70;4;18;3;28;0;0;1;1;1;1;2;10;1;13;6;56;6;54;3;73;1;76;16;24;12;19;0;0;0;0;0;0;0;0;0;0;0;0;0;0;0;0;0;0;0;0;0;0;0;0;0;0;0;0;0;0
13.07.2024;13:24;A 20;1;4;71;2;62;5;4;30;38;0;99;0;100;34;78;5;8;2;23;4;23;3;4;7;80;0;100;5;40;0;100;11;49;1;89;3;76;8;60;7;56;1;66;0;0;12;6;3;5;1;77;2;73;1;64;1;98;2;65;0;100;8;13;1;1;1;1;1;1;0;0;0;0;0;0;1;1;0;0;0;0;0;0;0;0;0;0;0;0;0;0;0;0;0;0
13.07.2024;13:23;A 20;1;2;24;2;34;2;2;188;22;5;63;4;45;15;9;5;9;6;65;1;73;5;5;1;92;0;100;0;100;0;100;2;45;1;48;3;51;5;24;7;10;2;18;0;0;2;2;1;2;6;44;0;87;6;69;2;34;1;63;3;46;9;13;4;5;0;0;0;0;0;0;0;0;0;0;0;0;0;0;0;0;0;0;0;0;0;0;0;0;0;0;0;0;0;0
13.07.2024;13:22;A 20;1;0;100;0;100;7;32;29;84;0;0;0;0;200;17;3;4;8;9;2;31;3;7;6;77;0;100;4;91;0;100;4;72;1;92;3;55;3;14;4;5;0;0;0;0;0;0;1;0;2;71;3;72;5;66;4;3;3;17;3;13;12;24;9;16;0;0;0;0;0;0;0;0;0;0;0;0;1;1;0;0;0;0;0;0;0;0;0;0;0;0;0;0;0;0
13.07.2024;13:21;A 20;1;2;70;6;81;5;7;83;50;5;54;0;65;83;62;3;1;4;92;0;100;10;23;0;100;0;100;3;40;0;100;3;5;1;76;2;19;5;8;2;2;6;54;0;75;3;5;3;3;3;65;2;44;4;90;3;81;0;100;2;91;6;8;3;5;0;0;0;0;0;0;0;0;0;0;0;0;0;0;0;0;0;0;0;0;0;0;0;0;0;0;0;0;0;0
13.07.2024;13:20;A 20;1;1;99;1;86;5;59;119;64;1;92;2;63;66;29;5;7;12;48;3;61;7;15;6;91;0;100;7;71;0;100;4;89;1;95;1;84;6;66;5;9;1;75;2;74;4;6;4;4;0;0;1;1;4;58;2;10;2;66;0;15;12;20;3;20;0;0;0;0;0;0;4;8;0;0;0;0;1;2;0;0;0;0;0;0;0;0;0;0;0;0;0;0;0;0
13.07.2024;13:19;A 20;1;1;41;1;46;5;11;201;39;3;77;0;82;22;3;2;2;1;26;1;35;7;9;0;100;0;100;8;17;0;100;7;52;1;67;3;33;9;32;4;3;5;81;0;100;1;82;0;0;3;65;2;62;1;65;1;21;2;56;1;32;7;10;5;8;0;0;0;0;0;0;0;0;0;0;0;0;1;1;0;0;0;0;0;0;0;0;0;0;0;0;0;0;0;0
13.07.2024;13:18;A 20;1;1;15;1;97;1;1;239;28;6;32;4;38;23;12;4;5;6;40;0;55;3;4;6;85;0;100;2;3;0;100;1;76;1;74;2;68;4;60;4;6;7;85;0;100;8;21;3;21;2;3;1;7;4;37;1;2;1;43;1;39;9;15;6;9;0;0;0;0;0;0;1;1;0;0;0;0;0;0;0;0;0;0;0;0;0;0;0;0;0;0;0;0;0;0
13.07.2024;13:17;A 20;1;2;54;2;63;2;43;240;28;1;95;1;69;23;20;4;5;1;16;1;23;4;6;6;85;0;100;4;6;0;100;8;41;0;92;2;58;5;52;4;44;2;96;0;100;2;90;6;15;0;100;1;69;1;84;0;0;1;90;1;56;10;16;5;13;0;0;0;0;1;1;0;0;0;0;0;0;1;2;0;0;0;0;0;0;0;0;0;0;0;0;0;0;0;0
13.07.2024;13:16;A 20;1;4;48;2;42;6;23;183;28;7;65;1;44;90;37;1;1;9;71;1;95;5;9;1;98;0;100;2;4;0;100;1;85;0;100;3;80;6;35;5;7;6;77;1;97;6;10;7;9;4;33;2;36;6;72;6;70;0;83;0;91;11;12;0;100;0;0;0;0;0;0;0;0;0;0;0;0;0;0;0;0;0;0;0;0;0;0;0;0;0;0;0;0;0;0
13.07.2024;13:15;A 20;1;0;100;0;100;9;48;14;80;0;100;1;59;216;79;6;12;12;61;3;97;8;35;9;73;0;100;5;40;0;100;5;65;0;100;2;75;6;76;4;5;0;100;0;100;2;3;1;1;1;29;1;7;1;65;2;63;2;66;2;70;8;14;6;41;0;0;0;0;1;1;0;0;0;0;0;0;0;0;0;0;0;0;0;0;0;0;0;0;0;0;0;0;0;0
13.07.2024;13:14;A 20;1;1;64;5;89;3;4;52;51;7;87;0;63;78;66;2;1;6;87;0;100;5;19;1;96;0;100;2;5;0;100;2;12;2;62;2;19;5;11;3;3;6;68;1;87;4;56;2;1;5;55;0;63;3;81;3;82;0;88;0;88;10;14;5;7;0;0;0;0;0;0;0;0;0;0;0;0;0;0;0;0;0;0;0;0;0;0;0;0;0;0;0;0;0;0
13.07.2024;13:13;A 20;1;1;84;1;96;6;50;58;77;0;100;0;100;22;62;4;4;12;48;2;73;5;65;7;76;0;100;5;43;0;100;6;85;0;100;0;100;6;20;6;54;0;100;1;72;1;48;2;8;1;16;2;16;4;46;4;12;2;25;3;25;8;15;3;21;0;0;0;0;1;1;0;0;0;0;0;0;0;0;0;0;0;0;0;0;0;0;0;0;0;0;0;0;0;0
13.07.2024;13:12;A 20;1;3;27;2;49;4;3;131;28;8;82;1;98;159;43;3;60;1;97;0;100;7;20;0;100;0;100;4;18;0;100;7;55;3;57;2;47;9;13;4;7;3;59;0;60;3;4;2;2;4;73;1;86;1;96;1;96;0;100;0;100;7;9;7;10;0;0;0;0;0;0;0;0;0;0;0;0;0;0;0;0;0;0;0;0;0;0;0;0;0;0;0;0;0;0
13.07.2024;13:11;A 20;1;0;100;0;100;1;2;8;96;1;88;1;94;138;73;8;13;14;41;6;72;10;13;8;82;0;100;3;95;0;100;1;95;0;100;0;100;2;89;2;66;3;82;1;39;3;4;3;3;1;46;2;17;5;68;1;46;2;46;1;52;8;13;3;4;0;0;0;0;0;0;0;0;0;0;0;0;0;0;0;0;0;0;0;0;0;0;0;0;0;0;0;0;0;0
13.07.2024;13:10;A 20;1;2;70;1;78;16;26;107;51;1;83;1;10;247;35;3;3;2;71;1;82;9;16;3;93;0;100;7;53;0;100;9;53;2;58;4;62;5;37;7;36;4;88;0;0;3;86;2;3;2;92;2;50;0;100;1;34;1;73;1;38;7;9;7;10;0;0;0;0;0;0;0;0;0;0;0;0;0;0;0;0;0;0;0;0;0;0;0;0;0;0;0;0;0;0
13.07.2024;13:09;A 20;1;2;51;1;49;5;8;139;42;5;23;1;22;22;11;1;1;5;46;1;60;3;4;6;85;0;100;4;27;0;100;1;89;1;74;2;89;5;41;5;33;1;50;0;0;4;7;5;6;3;29;3;24;6;70;4;25;1;63;1;40;12;21;4;9;0;0;0;0;0;0;1;1;0;0;0;0;0;0;0;0;0;0;0;0;0;0;0;0;0;0;0;0;0;0
13.07.2024;13:08;A 20;1;2;62;2;78;3;2;204;33;1;66;2;57;28;13;5;8;4;79;3;81;4;6;6;89;0;100;7;11;0;100;5;44;0;69;3;55;4;54;3;5;1;8;0;0;1;1;1;0;0;100;0;0;0;100;0;0;1;12;0;0;12;20;3;5;0;0;0;0;0;0;0;0;0;0;0;0;0;0;0;0;0;0;0;0;0;0;0;0;0;0;0;0;0;0
13.07.2024;13:07;A 20;1;2;75;3;66;4;5;190;24;7;28;1;39;16;27;3;3;6;66;0;78;4;6;0;100;0;100;2;10;0;100;1;50;1;91;2;33;6;21;2;1;5;33;0;0;3;8;3;6;2;29;2;14;8;71;5;63;2;91;1;79;6;12;8;10;0;0;0;0;0;0;0;0;0;0;0;0;0;0;0;0;0;0;0;0;0;0;0;0;0;0;0;0;0;0
13.07.2024;13:06;A 20;1;4;32;1;34;4;4;260;29;1;80;1;88;109;17;5;7;4;36;3;51;7;10;6;22;1;58;7;16;0;100;7;66;0;93;0;81;7;61;4;38;1;79;0;0;3;4;3;3;1;21;1;7;3;66;1;64;3;76;1;67;8;9;6;10;0;0;0;0;0;0;0;0;0;0;0;0;0;0;0;0;0;0;0;0;0;0;0;0;0;0;0;0;0;0
13.07.2024;13:05;A 20;1;0;0;1;5;0;0;165;17;5;49;2;54;188;39;3;4;3;85;1;91;3;4;0;0;0;100;1;1;0;100;8;70;4;65;6;62;5;5;11;12;3;45;0;0;3;4;3;3;1;51;0;51;3;84;3;84;1;92;1;92;6;10;4;6;0;0;0;0;0;0;0;0;0;0;0;0;0;0;0;0;0;0;0;0;0;0;0;0;0;0;0;0;0;0
13.07.2024;13:04;A 20;1;0;94;0;97;1;2;16;87;0;100;1;65;94;18;1;1;12;56;1;85;9;15;2;49;1;90;3;3;0;100;6;11;0;100;2;73;5;49;6;12;1;44;0;0;1;2;1;1;1;42;1;50;6;64;6;62;2;44;1;82;9;17;9;18;0;0;0;0;0;0;0;0;0;0;0;0;0;0;0;0;0;0;0;0;0;0;0;0;0;0;0;0;0;0
13.07.2024;13:03;A 20;1;2;68;1;72;5;31;238;36;4;82;1;92;25;6;2;2;1;96;0;100;6;12;2;93;0;100;1;1;0;100;11;31;4;74;4;62;8;40;8;33;4;83;0;0;3;5;2;3;0;81;0;0;0;100;0;100;0;100;0;100;7;10;4;7;0;0;0;0;0;0;0;0;0;0;0;0;0;0;0;0;0;0;0;0;0;0;0;0;0;0;0;0;0;0
13.07.2024;13:02;A 20;1;2;67;2;61;5;14;244;34;4;60;2;22;40;9;4;5;13;50;4;88;10;14;8;79;0;100;5;7;0;100;0;100;1;96;1;93;6;39;4;70;3;50;0;0;2;2;3;3;6;39;3;45;4;52;3;50;2;64;3;60;9;13;5;9;0;0;0;0;0;0;0;0;0;0;0;0;0;0;0;0;0;0;0;0;0;0;0;0;0;0;0;0;0;0
13.07.2024;13:01;A 20;1;2;61;1;52;2;44;128;16;1;98;1;64;45;43;4;6;6;79;2;96;9;12;7;84;0;100;1;19;0;100;10;49;1;78;1;75;7;52;6;50;2;77;0;0;4;6;4;7;1;64;2;26;0;100;0;100;1;95;0;100;6;11;3;4;0;0;0;0;0;0;0;0;0;0;0;0;0;0;0;0;0;0;0;0;0;0;0;0;0;0;0;0;0;0
13.07.2024;13:00;A 20;1;3;93;1;36;5;51;192;20;6;67;1;38;6;19;2;3;8;65;1;84;6;12;1;97;0;100;2;61;0;100;2;89;1;98;2;97;4;67;5;35;2;17;0;0;1;1;1;1;1;23;1;21;7;61;4;65;3;80;1;80;8;13;7;12;0;0;0;0;1;1;0;0;0;0;0;0;0;0;0;0;0;0;0;0;0;0;0;0;0;0;0;0;0;0
13.07.2024;12:59;A 20;1;1;28;1;26;3;5;184;23;0;100;1;59;17;5;4;7;6;57;5;69;12;14;7;78;0;100;6;61;0;100;9;64;0;100;3;82;6;77;5;70;0;100;0;0;126;18;1;1;1;23;1;14;1;49;1;88;1;53;1;92;4;10;3;4;0;0;0;0;5;8;0;0;0;0;0;0;1;1;0;0;0;0;0;0;0;0;0;0;0;0;0;0;0;0
13.07.2024;12:58;A 20;1;1;12;3;12;1;1;180;19;4;57;4;42;11;3;3;3;6;85;0;95;3;4;0;100;0;100;1;43;0;100;7;84;1;98;2;95;10;17;9;56;8;75;1;0;9;44;3;6;1;40;1;18;1;73;1;71;1;59;0;74;11;17;7;11;0;0;0;0;0;0;0;0;0;0;0;0;0;3;0;0;0;0;0;0;0;0;0;0;0;0;0;0;0;0
13.07.2024;12:57;A 20;1;1;98;0;98;6;78;22;84;0;100;0;0;20;2;2;1;13;29;3;68;9;16;9;80;0;100;6;87;0;100;8;82;0;100;0;100;6;76;7;79;0;100;0;0;4;57;5;7;2;24;2;10;3;23;2;15;2;9;2;22;6;11;3;4;0;0;0;0;0;0;0;0;0;0;0;0;1;0;0;0;0;0;0;0;0;0;0;0;0;0;0;0;0;0
13.07.2024;12:56;A 20;1;1;48;1;53;4;7;177;33;3;73;4;70;195;18;2;2;2;92;0;100;6;13;0;100;0;100;6;63;0;100;10;43;3;77;3;72;11;25;9;21;4;34;0;0;4;5;4;4;1;68;0;71;3;93;1;89;1;84;0;94;6;8;3;5;0;0;0;0;0;0;0;0;0;0;0;0;0;0;0;0;0;0;0;0;0;0;0;0;0;0;0;0;0;0
13.07.2024;12:55;A 20;1;1;81;1;80;4;4;216;48;1;49;2;10;30;4;2;2;9;35;3;60;7;10;7;83;1;99;4;47;0;100;0;98;0;100;0;100;1;86;2;35;1;0;0;0;0;0;0;0;6;79;0;100;10;45;6;46;1;56;1;60;11;18;10;19;0;0;1;1;2;3;0;0;0;0;0;0;1;1;0;0;0;0;0;0;0;0;0;0;0;0;0;0;0;0
13.07.2024;12:54;A 20;1;3;55;3;62;4;6;118;26;4;88;1;79;22;43;4;6;3;63;1;75;7;11;3;93;0;100;1;18;0;100;8;51;2;88;4;69;9;42;7;18;5;60;0;0;5;7;5;6;3;92;0;100;0;100;0;100;0;100;0;100;8;9;3;4;0;1;0;0;1;1;0;0;0;0;0;0;0;0;0;0;0;0;0;0;0;0;0;0;0;0;0;0;0;0
13.07.2024;12:53;A 20;1;1;96;2;75;3;6;175;26;5;64;1;26;12;1;1;1;12;51;3;87;7;10;6;92;0;100;5;60;0;100;1;54;2;69;2;45;5;24;4;7;3;5;1;0;1;1;1;1;1;23;2;16;9;76;6;54;0;100;3;72;11;16;6;9;1;0;0;0;0;0;1;1;0;0;0;0;0;0;1;3;0;0;0;0;0;0;0;0;0;0;0;0;0;0
13.07.2024;12:52;A 20;1;2;71;0;72;3;5;158;50;1;95;1;95;39;10;5;6;3;73;2;83;9;13;8;80;1;93;5;8;0;100;9;51;1;75;3;60;7;37;9;27;0;97;0;0;2;3;2;3;0;0;0;0;1;95;1;89;0;100;1;94;7;17;5;10;0;0;0;0;0;0;0;0;0;0;0;0;0;0;0;0;0;0;0;0;0;0;0;0;0;0;0;0;0;0
13.07.2024;12:51;A 20;1;4;81;4;79;6;5;249;30;2;40;1;43;34;6;3;4;5;71;2;77;6;11;0;100;0;0;1;1;0;100;3;49;2;86;3;9;7;9;2;1;4;40;0;45;4;5;3;3;2;45;1;49;4;68;2;69;1;79;2;78;14;24;5;7;0;0;0;0;0;0;0;0;0;0;0;0;0;0;0;0;0;0;0;0;0;0;0;0;0;0;0;0;0;0
13.07.2024;12:50;A 20;1;3;92;0;92;3;1;218;26;1;99;2;30;19;2;2;1;12;42;1;58;3;2;7;85;0;69;4;14;0;100;7;84;0;100;0;98;7;55;4;87;1;2;1;97;6;2;0;0;1;41;2;44;5;89;6;72;0;100;2;92;10;13;5;12;0;0;0;0;0;0;0;0;0;0;0;0;0;0;0;0;0;0;0;0;0;0;0;0;0;0;0;0;0;0
13.07.2024;12:49;A 20;1;3;44;2;40;2;8;233;26;3;67;2;76;48;4;1;1;2;67;1;79;13;27;0;100;0;100;5;12;0;100;8;32;3;54;2;52;9;17;8;14;8;71;1;87;4;54;2;8;0;66;0;0;1;96;2;84;0;100;1;93;7;12;3;7;1;3;0;0;0;0;0;0;0;0;0;0;0;0;0;0;0;0;0;0;0;0;0;0;0;0;0;0;0;0
13.07.2024;12:48;A 20;1;0;100;1;35;3;35;246;31;3;45;2;51;35;11;4;7;14;38;0;71;2;54;6;85;0;100;4;8;0;100;1;69;0;100;1;80;3;79;5;45;3;94;0;0;4;69;4;9;2;34;2;14;8;78;6;12;2;96;2;47;17;22;8;13;0;0;0;0;0;0;0;0;0;0;0;0;0;0;0;0;0;0;0;0;0;0;0;0;0;0;0;0;0;0
13.07.2024;12:47;A 20;1;3;74;1;43;5;11;63;37;4;88;0;100;126;74;3;5;1;83;1;92;14;33;2;87;1;96;3;3;0;100;11;34;1;67;2;58;6;38;6;42;2;91;0;0;4;22;6;24;16;23;2;65;0;100;0;91;1;62;0;100;9;13;3;5;0;0;0;0;1;1;0;0;0;0;0;0;0;0;0;0;0;0;0;0;0;0;0;0;0;0;0;0;0;0
13.07.2024;12:46;A 20;1;2;94;2;80;4;6;78;67;8;68;2;87;107;52;5;8;4;49;1;26;4;5;4;92;0;100;3;4;0;100;1;91;2;60;1;97;6;42;7;54;1;67;0;0;2;1;1;0;1;1;2;6;6;65;4;61;2;66;1;77;12;13;7;9;0;0;0;0;0;0;0;0;0;0;0;0;0;0;0;0;0;0;0;0;0;0;0;0;0;0;0;0;0;0
13.07.2024;12:45;A 20;1;3;46;1;61;4;4;61;18;0;100;0;100;3;73;4;5;1;58;1;10;2;4;7;85;1;98;1;1;0;100;10;54;2;92;2;74;8;66;5;61;0;100;0;0;0;0;0;0;0;0;0;0;1;73;1;50;1;81;1;53;7;18;7;16;0;0;1;1;0;0;0;0;1;1;1;1;0;0;0;0;0;0;0;0;0;0;0;0;0;0;0;0;0;0
13.07.2024;12:44;A 20;1;2;13;3;87;2;2;178;21;9;81;0;100;10;42;4;27;7;74;0;95;6;9;1;68;1;77;8;11;0;100;4;69;2;89;4;78;7;29;9;25;5;62;0;0;3;28;2;2;2;38;0;42;7;72;6;71;1;87;2;83;14;31;7;22;0;0;1;1;0;0;1;1;0;0;0;0;0;0;1;1;0;0;0;0;0;0;0;0;0;0;0;0;0;0
13.07.2024;12:43;A 20;1;1;74;1;98;1;0;4;78;0;100;0;100;40;91;5;8;8;27;1;49;3;3;6;36;1;51;3;4;0;100;4;70;0;100;1;77;6;13;3;3;1;57;0;0;3;20;3;6;1;16;1;25;3;55;2;28;1;64;1;37;10;16;6;10;0;0;0;0;0;0;0;0;0;0;0;0;0;0;0;0;0;0;0;0;0;0;0;0;0;0;0;0;0;0
13.07.2024;12:42;A 20;1;4;43;3;37;3;2;200;28;3;64;1;73;281;39;4;5;4;64;1;85;12;26;1;52;2;56;2;2;0;100;7;33;1;88;5;47;11;19;8;11;1;48;0;0;1;1;1;1;1;1;1;4;4;92;3;89;0;100;0;100;4;6;3;4;0;0;0;0;0;0;0;0;0;0;0;0;0;0;0;0;0;0;0;0;0;0;0;0;0;0;0;0;0;0
13.07.2024;12:41;A 20;1;3;38;1;55;3;4;227;30;1;52;2;25;78;86;3;4;9;26;0;45;0;2;4;58;0;63;1;1;0;100;4;89;0;100;1;94;1;2;5;10;1;43;0;0;1;1;1;1;3;17;1;15;6;59;4;60;4;77;1;72;7;15;4;6;0;0;0;0;0;0;0;0;0;0;0;0;1;1;0;0;0;0;0;0;0;0;0;0;0;0;0;0;0;0
13.07.2024;12:40;A 20;1;1;35;3;47;9;18;182;43;2;71;3;39;49;50;2;2;1;74;2;50;10;24;0;100;0;100;2;2;0;100;8;25;1;99;2;40;11;20;3;23;2;72;0;0;2;2;2;2;2;93;0;100;1;76;0;100;2;81;0;100;8;13;5;11;0;0;0;0;2;3;0;0;0;0;0;0;0;0;0;0;0;0;0;0;0;0;0;0;0;0;0;0;0;0
13.07.2024;12:39;A 20;1;2;80;2;69;6;50;170;67;3;48;2;13;95;9;1;1;10;45;1;71;3;6;6;82;0;100;0;0;0;100;1;81;1;98;2;68;5;12;5;11;3;39;0;0;1;1;1;1;3;36;2;30;3;40;4;22;1;42;1;63;6;11;7;11;1;1;0;0;1;3;1;1;0;0;0;0;1;1;1;1;0;0;0;0;0;0;0;0;0;0;0;0;0;0
13.07.2024;12:38;A 20;1;2;34;1;54;4;7;296;38;1;70;2;75;10;5;3;4;2;53;4;53;8;14;2;63;1;70;9;15;0;100;10;14;0;89;1;73;9;15;5;58;1;46;0;0;3;4;3;6;1;54;2;56;1;76;1;3;1;86;2;59;16;23;8;15;0;0;0;0;0;0;0;0;0;0;0;0;0;0;0;0;0;0;0;0;0;0;0;0;0;0;0;0;0;0
13.07.2024;12:37;A 20;1;1;12;2;16;1;1;198;23;6;39;0;52;6;41;1;1;4;77;1;26;4;5;1;33;1;40;2;2;0;100;2;1;1;76;4;72;4;8;7;21;4;42;0;0;3;8;3;3;2;2;2;8;7;81;5;78;1;92;0;90;11;18;7;10;0;0;1;1;0;0;0;0;0;0;0;0;0;0;0;0;0;0;0;0;0;0;0;0;0;0;0;0;0;0
13.07.2024;12:36;A 20;1;0;100;0;100;6;71;56;77;0;100;1;86;80;15;5;6;6;42;1;46;2;3;4;44;1;54;2;2;0;100;5;80;0;100;0;90;8;30;3;5;1;48;0;0;2;3;2;3;0;0;0;0;6;71;5;59;3;72;2;75;12;23;11;17;0;0;0;0;0;0;0;0;0;0;0;0;0;0;0;0;0;0;0;0;0;0;0;0;0;0;0;0;0;0
13.07.2024;12:35;A 20;1;2;41;3;35;4;7;197;34;2;6;2;10;259;47;3;3;1;98;2;83;5;11;1;62;1;9;3;3;0;100;12;41;2;64;3;54;12;22;10;22;6;72;0;0;4;52;3;6;1;33;1;6;2;89;3;49;2;91;1;61;10;17;6;9;0;0;0;0;0;0;0;0;0;0;0;0;1;1;0;0;0;0;0;0;0;0;0;0;0;0;0;0;0;0
13.07.2024;12:34;A 20;1;1;83;2;62;3;5;252;32;0;0;0;0;194;68;0;0;8;38;3;65;4;6;3;70;2;75;0;0;0;100;0;100;0;100;0;100;1;8;4;12;2;66;0;0;3;6;4;6;2;4;2;11;2;11;1;22;2;13;0;25;9;9;4;6;0;0;1;1;0;0;0;0;0;0;0;0;0;0;0;0;0;0;0;0;0;0;0;0;0;0;0;0;0;0
13.07.2024;12:33;A 20;1;1;43;2;47;2;3;168;50;2;87;0;92;90;90;1;1;1;73;2;72;5;8;1;43;2;44;4;5;0;100;14;52;3;94;4;78;12;20;9;44;2;76;0;0;4;4;2;3;2;68;2;17;0;0;0;100;0;0;0;100;6;13;6;8;0;0;0;0;1;1;0;0;1;1;0;0;1;2;0;0;0;0;0;0;0;0;0;0;0;0;0;0;0;0
13.07.2024;12:32;A 20;1;1;82;2;56;4;8;252;33;7;76;3;91;22;6;5;5;4;57;1;65;1;1;2;94;0;99;1;1;0;100;1;73;1;72;2;74;2;42;6;14;1;14;0;0;0;0;1;1;1;1;1;3;5;63;5;67;0;72;1;81;13;26;7;14;0;0;0;0;0;0;0;0;0;0;0;0;0;0;0;0;0;0;0;0;0;0;0;0;0;0;0;0;0;0
13.07.2024;12:31;A 20;1;1;69;2;73;6;27;251;37;1;80;2;82;29;9;4;6;2;43;2;14;3;6;7;59;2;58;3;3;0;100;10;64;3;89;3;80;9;15;9;14;1;59;0;0;2;2;2;2;0;0;0;0;1;19;1;68;2;25;1;73;7;11;6;9;0;0;0;0;0;0;0;0;0;0;1;1;0;0;0;0;0;0;0;0;0;0;0;0;0;0;0;0;0;0
13.07.2024;12:30;A 20;1;3;19;4;81;2;2;244;34;5;46;0;57;26;46;3;3;5;85;0;94;4;7;0;100;0;100;4;5;0;100;9;75;0;100;2;85;10;14;11;34;6;48;2;55;6;19;5;8;2;53;0;62;3;61;4;51;2;41;1;66;11;19;5;8;0;0;0;0;0;0;0;0;0;0;0;0;0;0;0;0;0;0;0;0;0;0;0;0;0;0;0;0;0;0
13.07.2024;12:29;A 20;1;0;100;1;97;4;29;21;88;0;100;0;100;9;7;2;3;8;12;1;34;4;6;6;84;1;88;5;8;0;100;6;86;0;100;1;99;5;65;7;74;1;95;0;0;1;1;1;1;2;5;2;15;6;10;1;2;2;24;1;6;15;24;5;9;0;0;0;0;0;0;0;0;0;0;0;0;0;0;0;0;0;0;0;0;0;0;0;0;0;0;0;0;0;0
13.07.2024;12:28;A 20;1;2;56;2;41;6;10;90;18;7;89;0;100;11;77;5;34;1;89;1;98;5;6;0;100;1;78;2;2;0;100;7;15;3;67;4;29;9;23;3;12;6;71;0;0;4;9;4;6;5;76;0;88;0;99;0;39;0;100;2;96;7;8;4;5;0;0;0;0;0;0;1;1;0;0;0;0;0;0;1;1;0;0;0;0;0;0;0;0;0;0;0;0;0;0
13.07.2024;12:27;A 20;1;1;26;2;27;4;6;236;29;4;87;1;99;38;13;4;5;5;30;0;38;2;1;7;84;0;89;4;6;0;100;0;100;0;100;1;79;0;100;5;48;2;78;0;0;5;8;4;6;3;46;3;52;11;78;5;59;0;100;2;74;16;39;5;9;0;0;0;0;1;1;0;0;0;0;0;0;0;0;1;2;0;0;0;0;0;0;0;0;0;0;0;0;0;0
13.07.2024;12:26;A 20;1;2;61;2;63;6;8;64;46;4;85;2;78;157;54;8;17;3;57;2;70;6;7;2;26;1;34;4;5;0;100;11;35;0;100;2;65;13;56;9;36;2;56;0;0;2;2;3;3;1;8;1;5;1;96;0;100;0;100;0;100;11;15;7;10;0;0;0;0;0;0;0;0;0;0;0;0;0;0;0;0;0;0;0;0;0;0;0;0;0;0;0;0;0;0
13.07.2024;12:25;A 20;1;1;87;2;80;12;24;97;62;3;5;2;19;128;50;3;2;14;60;2;92;5;73;4;88;0;100;2;3;0;100;1;80;1;99;2;75;4;73;5;20;3;14;0;0;1;1;1;1;0;16;0;0;5;49;8;64;2;64;2;76;13;19;7;14;0;0;0;0;0;0;0;0;0;0;0;0;0;0;0;0;0;0;0;0;0;0;0;0;0;0;0;0;0;0
13.07.2024;12:24;A 20;1;0;60;0;68;2;3;115;54;0;0;0;100;119;11;1;1;5;61;5;81;13;34;6;80;0;100;2;2;0;100;7;57;1;91;1;71;8;64;4;7;0;100;0;0;2;3;2;3;1;60;1;6;1;62;1;58;2;35;1;62;6;12;3;5;0;0;0;0;0;0;0;0;0;0;0;0;1;1;0;0;0;0;0;0;0;0;0;0;0;0;0;0;0;0
13.07.2024;12:23;A 20;1;2;79;1;81;3;3;187;25;5;10;1;65;27;17;4;6;4;73;0;82;2;1;0;100;0;100;0;0;0;100;1;67;4;65;2;50;6;19;2;3;3;36;0;0;2;1;2;2;4;55;1;56;3;73;3;71;0;80;0;76;8;13;5;9;0;0;0;0;1;1;0;0;0;0;0;0;1;1;0;0;0;0;0;0;0;0;0;0;0;0;0;0;0;0
13.07.2024;12:22;A 20;1;0;81;1;90;2;15;63;80;2;8;2;9;110;11;3;3;2;36;1;46;4;6;7;85;0;100;6;48;0;100;4;72;2;93;0;78;7;45;2;4;1;87;0;0;2;2;1;0;2;58;2;35;2;42;1;18;3;34;2;27;7;9;6;8;0;0;0;0;0;0;0;0;0;0;0;0;0;0;0;0;0;0;0;0;0;0;0;0;0;0;0;0;0;0
13.07.2024;12:21;A 20;1;2;24;2;34;3;5;226;31;6;53;0;62;7;54;1;2;5;87;0;100;3;3;0;100;0;100;5;6;0;100;2;29;1;22;3;13;3;5;4;3;4;49;1;7;2;3;2;2;2;36;2;38;1;86;2;74;2;70;2;82;8;11;5;8;0;0;0;0;0;0;0;0;0;0;0;0;0;0;0;0;0;0;0;0;0;0;0;0;0;0;0;0;0;0
13.07.2024;12:20;A 20;1;1;69;2;25;3;6;257;31;0;100;0;100;10;15;3;4;9;43;2;68;7;11;4;63;0;100;1;1;0;100;1;84;0;100;1;77;2;94;1;1;0;100;0;0;2;3;2;2;0;0;0;0;5;67;2;5;2;28;0;14;10;19;9;18;3;5;0;0;1;1;0;0;0;0;0;0;0;0;0;0;0;0;0;0;0;0;0;0;0;0;0;0;0;0
13.07.2024;12:19;A 20;1;3;33;1;13;2;9;250;27;8;79;0;100;32;16;3;19;0;100;0;100;4;4;0;100;0;100;3;5;0;100;6;11;1;65;3;18;9;24;3;2;4;68;0;0;3;4;2;3;2;71;1;75;0;99;0;98;0;100;0;100;6;6;6;11;0;0;0;0;0;0;0;0;0;0;0;0;0;0;0;0;0;0;0;0;0;0;0;0;0;0;0;0;0;0
13.07.2024;12:18;A 20;1;1;83;1;2;5;61;249;26;2;94;0;100;13;10;3;4;14;21;1;74;9;15;5;86;0;100;3;5;0;100;0;98;1;90;0;100;4;9;2;4;2;89;0;0;3;3;2;1;2;37;2;39;6;63;6;46;1;75;1;67;9;13;8;14;0;0;0;0;0;0;0;0;0;0;0;0;0;0;0;0;0;0;0;0;0;0;0;0;0;0;0;0;0;0
13.07.2024;12:17;A 20;1;3;38;5;64;2;1;234;26;3;87;1;74;10;38;7;33;1;2;2;92;8;12;1;86;1;94;5;8;0;100;6;53;4;56;4;54;5;30;5;6;3;82;0;0;2;3;4;5;0;83;1;4;0;100;0;100;0;100;0;100;9;19;6;7;0;0;0;0;2;3;0;0;0;0;0;0;1;1;0;0;0;0;0;0;0;0;0;0;0;0;0;0;0;0
13.07.2024;12:16;A 20;1;1;77;1;99;2;4;224;23;1;8;1;3;5;1;1;1;10;48;4;73;8;10;6;86;0;99;4;6;0;100;1;15;2;68;2;16;4;5;3;4;4;10;0;0;2;2;2;2;2;24;2;10;6;60;4;49;2;79;2;64;8;11;5;7;1;1;1;1;0;0;0;0;0;0;1;2;0;0;0;0;0;0;0;0;0;0;0;0;0;0;0;0;0;0
13.07.2024;12:15;A 20;1;4;70;4;74;6;4;167;43;0;100;0;0;29;2;0;0;3;49;2;63;6;10;4;52;2;58;4;5;0;100;5;50;2;69;0;60;5;29;2;36;1;98;0;0;3;5;2;2;1;66;1;7;1;61;1;63;2;66;1;67;5;9;8;18;0;0;1;1;1;1;0;0;0;0;1;1;0;0;0;0;0;0;0;0;0;0;0;0;0;0;0;0;0;0
13.07.2024;12:14;A 20;1;2;24;3;36;3;3;248;30;4;29;1;43;9;1;1;1;6;70;0;82;2;2;0;100;0;100;1;1;0;100;1;77;3;57;2;29;5;4;4;6;1;22;0;0;2;2;1;2;5;47;2;53;5;9;1;1;3;35;1;6;11;14;4;6;0;0;0;0;0;0;0;0;0;0;0;0;0;0;0;0;0;0;0;0;0;0;0;0;0;0;0;0;0;0
13.07.2024;12:13;A 20;1;1;75;2;83;1;1;217;28;0;100;1;26;33;14;3;4;6;54;1;68;7;11;3;49;1;63;2;2;0;100;7;71;0;90;0;87;2;76;5;29;1;31;0;0;1;1;2;1;2;18;1;26;1;1;2;2;3;14;1;10;8;13;6;19;0;0;0;0;1;1;0;0;0;0;0;0;0;0;0;0;0;0;0;0;0;0;0;0;0;0;0;0;0;0
13.07.2024;12:12;A 20;1;3;52;1;45;4;7;211;25;7;79;1;83;35;16;5;8;1;96;0;100;4;5;1;80;2;88;3;3;0;100;9;52;1;99;8;65;11;68;8;10;4;58;0;0;4;4;4;5;2;20;3;32;1;95;1;98;1;19;0;100;8;13;3;4;0;0;0;0;0;0;0;0;0;0;0;0;0;0;0;0;0;0;0;0;0;0;0;0;0;0;0;0;0;0
13.07.2024;12:11;A 20;1;2;69;1;75;5;38;139;52;7;73;2;65;17;16;4;4;8;69;2;89;4;5;0;0;0;0;2;2;0;100;1;96;0;100;1;80;2;44;3;5;5;29;0;0;1;10;1;0;2;5;0;15;5;54;3;50;2;61;2;64;6;9;9;15;0;0;0;0;0;0;0;0;0;0;0;0;0;0;0;0;0;0;0;0;0;0;0;0;0;0;0;0;0;0
13.07.2024;12:10;A 20;1;1;65;5;55;4;33;129;23;0;100;0;100;12;55;5;8;5;67;4;83;9;14;3;10;0;15;0;0;0;100;10;53;1;76;3;76;6;12;5;57;0;99;0;0;4;10;4;7;0;0;1;48;1;17;1;88;1;28;1;93;7;13;5;11;0;0;0;0;0;0;0;0;0;0;0;0;0;0;0;0;0;0;0;0;0;0;0;0;0;0;0;0;0;0
13.07.2024;12:09;A 20;1;3;24;2;18;4;4;171;21;8;60;2;75;6;39;3;5;10;76;0;100;2;4;0;100;0;100;2;2;0;100;1;32;3;74;1;60;5;8;5;19;2;59;0;0;1;0;1;1;4;71;1;89;9;77;6;74;0;94;1;89;11;18;4;7;0;0;0;0;0;0;0;0;0;0;0;0;0;0;0;0;0;0;0;0;0;0;0;0;0;0;0;0;0;0
13.07.2024;12:08;A 20;1;2;84;1;84;2;1;25;24;0;100;0;100;3;93;4;5;3;27;3;43;12;18;7;57;2;67;3;4;0;100;8;74;1;84;2;90;4;19;4;43;1;21;0;0;3;4;3;4;2;45;3;52;5;55;2;59;4;67;1;64;15;27;10;16;0;0;0;0;0;0;0;0;0;0;0;0;0;0;0;0;0;0;0;0;0;0;0;0;0;0;0;0;0;0
13.07.2024;12:07;A 20;1;2;28;3;20;3;4;248;30;5;68;2;86;15;8;5;6;3;89;0;94;3;4;0;100;1;99;4;7;0;100;5;51;2;38;3;40;7;10;6;9;3;50;0;0;2;3;2;2;1;43;1;6;4;92;3;89;0;100;0;100;5;7;5;4;1;1;0;0;0;0;0;0;1;8;0;0;0;0;0;0;0;0;0;0;0;0;0;0;0;0;0;0;0;0
13.07.2024;12:06;A 20;1;2;33;2;21;4;7;266;31;0;100;1;29;6;3;4;4;8;26;3;56;5;6;5;78;1;73;2;2;0;100;4;90;0;100;1;90;2;84;13;30;1;37;0;0;2;2;2;3;0;0;0;0;6;83;5;53;0;100;4;75;11;19;8;14;0;0;0;0;1;1;0;0;0;0;0;0;1;1;0;0;0;0;0;0;0;0;0;0;0;0;0;0;0;0
13.07.2024;12:05;A 20;1;1;34;2;42;2;2;149;36;9;78;0;99;5;83;4;10;0;100;1;93;4;7;1;78;2;26;5;7;0;100;9;18;2;68;5;43;8;29;6;22;0;67;0;0;0;0;0;0;2;84;1;88;0;100;1;3;0;100;2;38;9;12;4;5;0;0;0;0;0;0;0;0;0;0;0;0;0;0;0;0;0;0;0;0;0;0;0;0;0;0;0;0;0;0
13.07.2024;12:04;A 20;1;0;100;1;88;1;2;147;46;4;89;1;98;7;76;5;12;10;43;2;68;6;11;3;73;0;79;1;1;0;100;0;100;1;66;0;100;4;33;3;48;1;35;0;0;1;1;1;1;3;10;2;13;3;57;3;30;2;42;0;36;7;11;7;11;0;0;1;1;0;0;0;0;0;0;1;1;0;0;1;1;0;0;0;0;0;0;0;0;0;0;0;0;0;0
13.07.2024;12:03;A 20;1;2;71;0;50;4;10;77;37;4;93;0;100;6;76;5;71;1;49;1;63;6;9;5;88;1;54;2;3;0;100;13;58;1;79;6;79;8;47;8;45;2;13;0;0;3;2;2;1;1;80;1;6;1;93;0;100;2;27;0;100;7;20;2;3;0;0;0;0;1;1;0;0;0;0;0;0;1;1;0;0;0;0;0;0;0;0;0;0;0;0;0;0;0;0
13.07.2024;12:02;A 20;1;1;86;0;100;3;4;267;32;7;79;1;99;10;27;4;19;14;65;1;98;6;70;3;91;0;100;6;15;0;100;1;89;0;100;2;95;4;80;6;50;5;13;1;21;1;13;0;0;2;15;1;20;4;50;7;62;0;56;3;83;19;21;9;13;0;0;0;0;0;0;0;0;0;0;0;0;0;0;0;0;0;0;0;0;0;0;0;0;0;0;0;0;0;0
13.07.2024;12:01;A 20;1;1;57;2;65;1;0;100;16;0;100;0;100;6;89;3;7;3;24;4;36;10;13;7;83;0;100;6;7;0;100;9;67;1;99;2;87;6;77;5;70;0;100;1;29;3;59;4;6;1;81;2;85;1;70;1;69;1;76;1;73;7;12;6;13;0;0;0;0;0;0;0;0;0;0;0;0;0;0;0;0;0;0;0;0;0;0;0;0;0;0;0;0;0;0
13.07.2024;12:00;A 20;1;2;25;1;15;3;4;155;18;7;78;2;86;10;41;6;6;7;76;0;86;5;6;0;100;1;56;4;6;0;100;3;70;2;80;4;68;7;17;7;21;2;64;0;0;2;2;2;2;0;35;0;0;6;73;6;77;3;78;0;96;15;19;8;11;0;0;0;0;0;0;0;0;0;0;0;0;0;0;0;0;0;0;0;0;0;0;0;0;0;0;0;0;0;0
13.07.2024;11:59;A 20;1;2;23;2;56;3;5;206;29;1;59;2;40;26;12;6;9;8;48;1;71;3;3;3;77;1;49;1;1;0;100;5;74;2;92;1;84;6;39;2;4;1;70;0;0;2;2;2;2;1;43;1;6;2;27;1;47;2;11;1;52;3;5;5;6;0;0;1;1;0;0;0;0;0;0;0;0;0;0;0;0;0;0;0;0;0;0;0;0;0;0;0;0;0;0
13.07.2024;11:58;A 20;1;2;16;1;10;2;2;229;25;4;61;0;68;9;14;3;4;2;94;1;67;9;19;0;100;1;43;2;2;0;100;11;51;2;60;3;59;11;21;10;18;6;65;0;0;15;26;2;2;3;92;0;94;2;64;3;40;2;63;1;48;5;7;5;7;0;0;0;0;0;0;0;0;0;0;0;0;1;1;0;0;0;0;0;0;0;0;0;0;0;0;0;0;0;0
13.07.2024;11:57;A 20;1;2;77;2;81;3;4;219;26;2;56;2;22;16;4;2;2;6;36;3;45;3;7;7;63;2;56;7;11;0;100;2;79;1;92;2;88;4;65;6;58;1;68;0;0;11;30;4;5;2;28;3;25;4;24;3;20;0;31;1;29;11;17;6;8;0;0;0;0;0;0;0;0;0;0;0;0;0;0;0;0;0;0;0;0;0;0;0;0;0;0;0;0;0;0
13.07.2024;11:56;A 20;1;0;33;1;4;2;3;210;22;5;85;0;100;56;65;5;7;1;48;2;56;5;10;2;39;1;10;0;0;0;100;5;24;1;53;5;30;4;9;4;4;1;79;0;0;0;0;0;0;2;40;2;12;1;70;1;67;1;77;1;71;6;13;3;4;0;0;0;0;0;0;0;0;0;0;0;0;0;0;0;0;0;0;0;0;0;0;0;0;0;0;0;0;0;0
13.07.2024;11:55;A 20;1;0;100;1;8;0;0;245;26;4;43;3;21;205;21;3;4;10;12;2;73;5;7;6;79;2;98;5;7;0;100;1;99;0;100;1;2;3;66;1;0;3;63;0;0;1;1;1;1;2;17;2;13;5;45;5;4;0;53;3;18;11;21;7;10;0;0;2;3;1;1;1;1;0;0;0;0;0;0;1;1;0;0;0;0;0;0;0;0;0;0;0;0;0;0
13.07.2024;11:54;A 20;1;2;69;1;52;4;41;233;24;1;90;1;72;253;26;2;2;1;2;2;47;5;6;4;9;0;17;3;4;0;100;4;43;3;68;2;59;6;7;5;8;0;99;0;0;2;2;2;1;1;87;1;6;1;85;0;0;2;71;1;2;10;12;6;10;1;1;0;0;0;0;0;0;0;0;0;0;0;0;0;0;0;0;0;0;0;0;0;0;0;0;0;0;0;0
13.07.2024;11:53;A 20;1;2;31;2;27;4;5;246;29;3;4;0;100;278;25;4;4;6;76;0;93;7;14;1;34;1;48;5;6;0;100;5;63;2;60;5;51;2;2;5;6;4;72;0;0;3;2;3;2;1;33;1;4;3;71;3;67;0;78;0;77;13;20;5;7;0;0;0;0;0;0;0;0;0;0;1;1;0;0;0;0;0;0;0;0;0;0;0;0;0;0;0;0;0;0
13.07.2024;11:52;A 20;1;0;83;0;84;4;12;218;25;1;3;0;100;313;29;2;2;5;39;1;53;1;1;2;37;0;40;0;0;0;100;7;76;0;100;0;93;6;85;4;82;1;58;0;0;3;2;2;2;1;75;1;5;4;66;5;60;2;80;2;74;6;9;6;8;0;0;0;0;0;0;0;0;0;0;0;0;0;0;0;0;0;0;0;0;0;0;0;0;0;0;0;0;0;0
13.07.2024;11:51;A 20;1;3;71;2;73;3;5;167;29;4;62;0;100;111;12;2;3;2;54;2;49;7;11;1;73;2;68;3;3;0;100;12;43;1;82;6;67;10;35;12;37;3;61;0;0;2;2;2;2;2;74;1;75;1;97;2;59;0;100;1;68;9;14;3;4;1;1;0;0;0;0;1;1;0;0;0;0;0;0;0;0;0;0;0;0;0;0;0;0;0;0;0;0;0;0
13.07.2024;11:50;A 20;1;0;100;1;81;3;20;86;74;4;94;0;100;87;11;1;1;7;26;6;26;7;9;4;66;0;73;2;2;0;100;2;94;0;100;0;100;3;7;3;82;1;37;0;0;3;6;3;6;2;12;1;18;2;40;0;22;2;47;0;27;7;39;5;15;0;0;1;1;2;3;0;0;0;0;2;4;0;0;1;1;0;0;0;0;0;0;0;0;0;0;0;0;0;0
13.07.2024;11:49;A 20;1;1;63;0;58;6;30;29;49;2;94;0;100;3;64;4;7;1;4;1;18;1;0;2;65;1;76;3;3;0;100;10;45;1;97;3;73;12;53;8;51;2;69;0;0;2;2;2;2;0;0;0;0;1;75;1;56;2;53;1;60;6;13;6;9;0;0;0;0;0;0;0;0;0;0;0;0;0;0;0;0;0;0;0;0;0;0;0;0;0;0;0;0;0;0
13.07.2024;11:48;A 20;1;1;96;2;76;3;4;76;67;9;81;0;100;24;27;3;24;10;63;1;93;6;11;2;93;1;92;2;2;0;100;1;71;1;89;2;61;5;73;5;31;5;17;0;28;1;16;0;0;2;9;2;14;1;49;2;50;1;4;1;59;12;19;6;9;0;0;0;0;1;1;0;0;0;0;0;0;0;0;0;0;0;0;0;0;0;0;0;0;0;0;0;0;0;0
13.07.2024;11:47;A 20;1;2;75;2;70;5;7;93;57;0;100;1;99;97;60;6;12;5;67;2;86;9;15;4;18;1;23;2;5;0;100;10;62;0;87;2;85;6;68;7;66;0;100;1;73;3;19;3;7;0;0;0;0;1;0;1;88;1;6;1;93;6;9;2;2;0;0;0;0;1;1;0;0;0;0;0;0;0;0;1;1;0;0;0;0;0;0;0;0;0;0;0;0;0;0
13.07.2024;11:46;A 20;1;2;41;2;38;2;2;223;26;4;44;1;41;62;6;3;4;5;73;0;82;2;2;0;100;0;100;2;3;0;100;1;45;1;96;2;47;8;18;4;7;5;55;0;39;5;8;3;3;2;37;0;42;6;76;2;68;0;87;0;73;6;13;7;13;0;0;0;0;0;0;0;0;0;0;0;0;0;0;0;0;0;0;0;0;0;0;0;0;0;0;0;0;0;0
13.07.2024;11:45;A 20;1;0;83;0;92;1;76;26;81;1;81;2;86;213;24;4;6;4;50;3;68;7;9;5;73;1;90;2;2;0;100;8;77;0;100;1;98;5;63;4;79;0;100;1;26;3;6;4;6;1;69;2;57;3;61;1;45;1;77;2;71;9;18;8;11;0;0;0;0;0;0;1;1;0;0;0;0;0;0;1;1;0;0;0;0;0;0;0;0;0;0;0;0;0;0
13.07.2024;11:44;A 20;1;1;54;2;58;6;22;224;39;3;48;3;10;55;7;3;3;3;88;0;95;1;1;1;85;2;88;6;8;0;100;4;53;3;70;4;61;7;14;7;11;5;68;0;62;1;55;1;1;2;4;2;12;6;47;4;82;1;64;1;94;7;10;2;4;0;0;0;0;0;0;0;0;0;0;0;0;0;0;0;0;0;0;0;0;0;0;0;0;0;0;0;0;0;0
13.07.2024;11:43;A 20;1;1;22;2;62;1;1;255;32;1;49;1;10;151;13;1;1;12;37;2;77;2;31;1;56;0;57;1;1;0;100;5;79;0;100;0;100;4;12;4;32;1;74;1;11;5;17;5;10;1;1;1;3;6;18;3;18;0;26;1;23;4;6;6;9;0;0;1;1;0;0;0;0;0;0;1;2;0;0;0;0;0;0;0;0;0;0;0;0;0;0;0;0;0;0
13.07.2024;11:42;A 20;1;2;52;0;43;5;9;222;28;1;34;1;6;127;12;1;1;1;82;1;88;11;48;1;66;2;69;3;3;0;100;5;26;2;96;5;37;11;45;6;7;4;87;0;0;3;5;3;4;2;93;0;95;1;97;1;58;0;100;1;66;7;8;3;6;0;0;1;1;0;0;0;0;1;1;0;0;1;1;0;0;0;0;0;0;0;0;0;0;0;0;0;0;0;0
13.07.2024;11:41;A 20;1;2;40;1;99;3;5;271;35;4;11;0;17;23;5;1;1;5;51;0;67;0;0;5;92;0;98;4;6;0;100;2;88;0;100;2;93;4;46;2;3;4;57;0;0;4;4;4;4;2;17;2;28;3;48;1;41;2;64;1;44;6;10;5;7;0;0;0;0;1;1;0;0;0;0;0;0;1;2;0;0;0;0;0;0;0;0;0;0;0;0;0;0;0;0
13.07.2024;11:40;A 20;1;0;51;2;63;0;0;229;26;1;57;2;16;20;5;4;5;3;43;2;57;8;12;6;36;2;55;2;1;0;100;0;43;2;52;0;0;2;1;0;0;0;100;0;0;0;0;0;0;8;9;1;6;1;39;1;41;2;43;1;46;9;23;3;5;0;0;0;0;0;0;0;0;0;0;0;0;0;0;0;0;0;0;0;0;0;0;0;0;0;0;0;0;0;0
13.07.2024;11:39;A 20;1;4;39;4;35;6;6;255;30;1;18;1;5;10;1;1;1;8;78;0;100;6;15;0;100;1;62;4;7;0;100;4;27;4;63;4;16;4;4;4;2;3;49;0;0;2;3;2;2;3;5;1;15;6;74;3;24;0;87;1;35;7;9;3;5;0;0;0;0;0;0;0;0;0;0;0;0;0;0;0;0;0;0;0;0;0;0;0;0;0;0;0;0;0;0
13.07.2024;11:38;A 20;1;0;94;1;37;2;44;253;27;0;0;0;0;4;0;1;0;11;41;3;71;9;14;6;71;1;59;1;1;0;100;5;84;0;100;0;95;2;89;5;41;0;100;0;0;2;2;2;2;0;0;0;0;2;3;3;3;1;10;1;9;8;23;4;11;0;0;0;0;1;1;0;0;0;0;0;0;0;0;0;0;0;0;0;0;0;0;0;0;0;0;0;0;0;0
13.07.2024;11:37;A 20;1;4;47;3;21;5;5;237;26;3;64;8;19;4;3;4;3;2;97;1;96;5;9;0;100;1;79;5;8;0;100;13;16;2;95;7;43;12;58;10;12;5;74;0;0;3;10;2;3;2;61;1;69;1;95;1;3;0;100;1;90;5;5;5;6;1;1;0;0;0;0;0;0;0;0;0;0;0;0;0;0;0;0;0;0;0;0;0;0;0;0;0;0;0;0
13.07.2024;11:36;A 20;1;1;73;2;74;2;3;246;28;1;56;1;6;19;2;2;1;11;33;2;73;7;16;5;81;3;31;4;6;0;100;0;100;0;100;0;100;2;57;3;36;2;40;0;0;3;4;4;6;2;3;2;10;1;46;8;38;2;28;1;53;8;13;7;18;0;0;1;1;0;0;0;0;0;0;1;1;0;0;0;0;0;0;0;0;0;0;0;0;0;0;0;0;0;0
13.07.2024;11:35;A 20;1;1;47;2;32;5;16;180;19;6;89;0;98;24;79;4;6;1;83;1;90;9;15;1;2;1;9;1;1;0;100;12;48;2;93;5;79;11;38;9;34;5;78;0;0;4;10;4;5;1;38;1;9;1;24;1;51;2;9;1;56;9;16;4;6;0;0;0;0;0;0;0;0;0;0;0;0;0;0;0;0;0;0;0;0;0;0;0;0;0;0;0;0;0;0
13.07.2024;11:34;A 20;1;2;31;2;97;3;5;211;25;7;83;1;61;19;14;3;5;5;47;1;58;2;3;4;60;1;77;3;9;0;100;1;94;0;100;2;91;4;65;4;49;2;61;0;0;3;3;3;4;4;34;2;55;1;41;4;47;0;37;1;56;10;14;9;14;0;0;0;0;1;1;1;1;0;0;0;0;1;1;1;1;0;0;0;0;0;0;0;0;0;0;0;0;0;0
13.07.2024;11:33;A 20;1;2;57;3;64;3;4;72;34;1;79;1;95;39;52;6;11;2;1;2;12;4;6;4;6;0;17;0;0;0;100;5;45;4;66;1;55;5;4;5;9;1;5;0;0;2;2;2;2;1;12;1;20;1;34;1;40;1;40;1;46;3;5;2;2;0;0;0;0;0;0;0;0;0;0;0;0;0;0;0;0;0;0;0;0;0;0;0;0;0;0;0;0;0;0
13.07.2024;11:32;A 20;1;1;62;1;40;3;3;238;31;4;24;1;30;25;3;3;3;11;69;0;98;12;21;0;100;0;100;1;1;0;100;1;28;3;91;2;33;4;7;2;3;4;23;0;0;0;1;0;0;7;57;1;83;4;25;1;60;2;41;0;65;8;11;4;7;0;0;0;0;0;0;0;0;0;0;0;0;0;0;0;0;0;0;0;0;0;0;0;0;0;0;0;0;0;0
13.07.2024;11:31;A 20;1;1;77;2;83;3;4;224;26;0;100;0;100;16;5;3;3;5;53;3;70;5;7;2;55;2;67;4;6;0;100;11;72;0;90;2;91;4;74;6;70;1;72;0;0;5;7;5;6;1;86;2;86;1;40;2;70;1;6;2;78;13;21;5;9;0;0;0;0;1;1;1;1;0;0;0;0;2;3;1;1;0;0;0;0;0;0;0;0;0;0;0;0;0;0
13.07.2024;11:30;A 20;1;2;61;2;40;3;4;86;15;8;76;0;100;14;57;3;7;5;85;0;100;5;6;1;45;1;56;1;3;0;100;5;60;2;89;3;52;10;17;7;14;3;51;0;0;2;2;2;2;0;0;0;0;4;67;1;59;1;79;1;65;9;11;1;1;0;0;0;0;0;0;0;0;0;0;0;0;0;0;0;0;0;0;0;0;0;0;0;0;0;0;0;0;0;0
13.07.2024;11:29;A 20;1;1;33;1;58;2;2;121;38;1;90;2;84;11;56;5;8;9;42;3;72;6;8;4;50;0;58;0;0;0;100;6;85;0;100;0;100;4;81;7;50;1;72;0;0;2;2;2;2;0;0;0;0;2;9;4;10;0;11;0;21;8;11;4;4;0;0;0;0;0;0;0;0;0;0;0;0;1;2;0;0;0;0;0;0;0;0;0;0;0;0;0;0;0;0
13.07.2024;11:28;A 20;1;0;40;2;42;4;23;157;37;4;72;0;83;116;32;5;7;1;97;1;99;4;6;1;83;2;87;4;7;0;100;7;28;7;78;4;53;10;13;6;7;1;69;1;12;0;0;0;0;1;76;1;18;0;100;0;100;0;100;0;100;5;8;1;1;0;0;0;0;0;0;0;0;0;0;0;0;0;0;0;0;0;0;0;0;0;0;0;0;0;0;0;0;0;0
13.07.2024;11:27;A 20;1;0;100;0;100;3;79;73;75;3;92;0;100;106;12;0;0;7;33;3;58;6;8;8;39;0;84;3;3;0;100;1;56;4;50;0;100;3;12;4;12;3;18;0;5;1;1;1;1;1;31;1;7;7;68;4;21;3;78;3;37;6;9;4;6;0;0;0;0;0;0;0;0;0;0;0;0;0;0;0;0;0;0;0;0;0;0;0;0;0;0;0;0;0;0
13.07.2024;11:26;A 20;1;2;14;2;41;3;3;99;12;3;94;0;100;1;94;1;2;1;60;2;55;3;4;1;1;1;65;5;7;0;100;12;37;4;75;7;63;8;46;7;38;4;92;1;47;2;84;2;3;1;63;1;6;1;58;0;0;1;65;0;0;5;7;4;6;0;0;0;0;1;1;0;0;0;0;0;0;2;2;0;0;0;0;0;0;0;0;0;0;0;0;0;0;0;0
13.07.2024;11:25;A 20;1;1;8;1;18;1;1;207;22;6;78;2;95;14;30;7;16;6;53;0;66;3;6;3;74;2;53;3;4;0;100;1;64;1;81;1;72;4;40;6;11;4;58;1;0;6;10;3;3;1;14;1;3;3;47;2;1;2;53;2;10;8;10;5;9;0;0;0;0;0;0;0;0;0;0;0;0;0;0;0;0;0;0;0;0;0;0;0;0;0;0;0;0;0;0
13.07.2024;11:24;A 20;1;1;66;3;78;1;53;261;40;0;100;1;85;150;18;5;7;4;27;4;26;6;8;7;14;0;30;2;2;0;100;9;62;2;82;2;80;4;60;5;62;1;87;0;0;4;8;3;4;1;72;1;10;1;77;0;0;2;26;0;0;1;1;4;4;0;0;0;0;0;0;0;0;0;0;0;0;0;0;0;0;0;0;0;0;0;0;0;0;0;0;0;0;0;0
13.07.2024;11:23;A 20;1;1;54;3;51;5;10;215;31;6;79;1;49;189;30;4;5;9;82;0;100;7;15;0;100;0;100;2;3;0;100;2;43;2;88;2;54;8;22;5;13;5;63;0;0;4;5;4;5;1;2;1;8;1;16;1;0;1;4;2;10;6;8;1;1;0;0;0;0;0;0;0;0;0;0;0;0;0;0;0;0;0;0;0;0;0;0;0;0;0;0;0;0;0;0
13.07.2024;11:22;A 20;1;1;58;1;82;3;5;116;59;1;97;0;100;181;23;2;3;6;34;1;52;4;6;2;84;1;91;4;5;0;100;5;58;2;83;4;51;8;19;6;7;1;67;0;0;3;3;3;3;0;0;0;0;4;7;5;5;0;13;0;14;14;26;11;19;1;1;1;1;1;1;0;0;1;1;1;1;1;1;0;0;0;0;0;0;0;0;0;0;0;0;0;0;0;0
13.07.2024;11:21;A 20;1;1;38;1;32;5;14;145;25;5;63;3;47;20;17;8;12;2;58;2;52;1;1;0;100;1;36;8;11;0;100;8;9;1;29;1;23;5;11;5;8;1;55;0;0;2;1;1;1;2;66;1;49;2;94;2;96;0;100;0;100;7;11;7;11;0;0;0;0;1;1;0;0;0;0;0;0;1;2;0;0;0;0;0;0;0;0;0;0;0;0;0;0;0;0
13.07.2024;11:20;A 20;1;0;100;0;100;3;77;59;82;1;82;1;5;23;3;1;1;13;23;2;59;12;22;6;83;0;80;1;1;0;100;1;96;0;100;0;100;2;69;4;10;1;32;0;0;1;1;1;1;2;20;2;14;8;49;2;43;3;62;2;53;10;16;3;3;0;0;0;0;0;0;1;1;0;0;0;0;0;0;0;0;0;0;0;0;0;0;0;0;0;0;0;0;0;0
13.07.2024;11:19;A 20;1;3;52;1;28;3;3;209;24;5;81;1;88;6;14;2;2;1;79;2;5;2;3;0;100;0;100;4;8;0;100;11;41;2;74;4;71;7;36;8;34;3;76;0;0;1;1;1;0;1;81;0;83;1;61;1;59;1;69;1;65;5;9;3;6;0;0;0;0;0;0;0;0;0;0;0;0;0;0;0;0;0;0;0;0;0;0;0;0;0;0;0;0;0;0
13.07.2024;11:18;A 20;1;3;46;2;34;2;3;215;24;5;87;0;100;7;11;2;3;4;35;4;40;6;8;5;86;0;100;3;3;0;100;1;93;0;100;0;100;3;26;3;55;1;31;0;0;3;4;3;4;3;13;2;24;8;45;1;33;0;59;0;37;11;16;5;6;0;0;0;0;0;0;1;1;0;0;0;0;0;0;0;0;0;0;0;0;0;0;0;0;0;0;0;0;0;0
13.07.2024;11:17;A 20;1;1;46;2;63;1;0;26;47;1;95;0;100;43;51;4;7;4;73;2;17;5;7;2;56;3;27;3;3;0;100;4;39;3;77;3;52;8;9;5;4;0;93;0;0;0;0;0;0;1;70;2;54;1;98;1;39;1;97;1;47;7;13;4;7;0;0;0;0;0;0;0;0;0;0;0;0;0;0;0;0;0;0;0;0;0;0;0;0;0;0;0;0;0;0
13.07.2024;11:16;A 20;1;2;69;2;72;3;3;143;57;4;74;4;69;32;10;6;9;5;57;1;69;2;2;3;92;0;100;2;2;0;100;1;33;3;80;2;28;4;4;3;3;3;26;0;0;2;1;2;1;1;26;1;6;3;55;3;58;1;64;0;66;7;8;4;5;0;0;0;0;0;0;0;0;0;0;0;0;0;0;0;0;0;0;0;0;0;0;0;0;0;0;0;0;0;0
13.07.2024;11:15;A 20;1;0;0;0;68;0;0;263;26;1;73;2;77;7;3;2;2;3;57;3;47;7;10;4;42;2;53;2;2;0;100;9;69;0;100;3;87;8;74;6;50;1;17;0;0;2;2;2;2;1;65;1;9;1;82;4;37;2;67;1;48;7;10;3;4;0;0;0;0;0;0;0;0;0;0;0;0;0;0;0;0;0;0;0;0;0;0;0;0;0;0;0;0;0;0
13.07.2024;11:14;A 20;1;4;21;5;79;4;3;211;26;2;38;1;6;16;2;3;3;7;85;0;100;5;9;0;100;0;100;2;2;0;100;4;52;4;45;5;32;8;10;4;5;2;7;0;0;2;2;2;2;5;69;0;82;3;79;0;74;1;91;2;83;5;5;7;9;0;0;0;0;0;0;0;0;0;0;0;0;0;0;0;0;0;0;0;0;0;0;0;0;0;0;0;0;0;0
13.07.2024;11:13;A 20;1;2;93;0;93;4;4;199;27;1;70;1;8;17;2;2;2;10;30;1;62;3;3;8;83;1;64;2;2;0;100;4;80;1;79;2;45;6;9;5;7;0;0;0;0;0;0;0;0;1;65;1;70;5;53;5;59;1;67;2;74;8;11;5;7;0;0;0;0;0;0;0;0;0;0;0;0;0;0;0;0;0;0;0;0;0;0;0;0;0;0;0;0;0;0
13.07.2024;11:12;A 20;1;2;29;1;35;1;13;198;35;2;64;1;8;19;3;1;1;3;27;1;88;7;17;0;100;0;100;1;1;0;100;8;33;2;37;3;33;3;10;5;10;3;71;0;0;2;2;2;2;0;0;0;0;1;98;1;82;1;87;1;88;5;14;3;17;1;1;0;0;1;1;0;0;0;0;0;0;1;1;0;0;0;0;0;0;0;0;0;0;0;0;0;0;0;0
13.07.2024;11:11;A 20;1;0;100;2;32;3;4;225;28;1;1;2;7;11;2;2;2;9;42;2;62;5;7;7;80;0;100;6;31;0;100;1;77;2;27;2;63;4;10;5;6;2;73;0;0;2;2;2;2;2;3;1;6;4;23;2;27;4;28;0;33;6;13;4;41;0;0;0;0;0;0;2;3;0;0;0;0;0;0;2;3;0;0;0;0;0;0;0;0;0;0;0;0;0;0
13.07.2024;11:10;A 20;1;4;25;6;30;5;4;227;28;2;17;2;9;28;4;2;2;1;46;1;57;9;20;6;90;0;100;5;8;0;100;9;44;1;73;1;61;6;10;5;41;1;96;0;0;2;3;2;2;0;0;1;3;0;0;1;60;0;0;1;66;9;14;4;37;0;0;0;0;0;0;0;0;0;0;0;0;1;1;0;0;0;0;0;0;0;0;0;0;0;0;0;0;0;0
13.07.2024;11:09;A 20;1;2;16;1;8;3;2;252;26;0;22;0;0;5;0;0;0;9;18;1;90;4;9;0;97;0;100;4;5;0;100;3;51;2;98;3;56;5;67;5;8;5;79;0;0;62;18;1;0;2;32;2;12;2;56;3;57;1;3;2;66;8;11;3;3;0;0;0;0;1;1;1;1;0;0;0;0;1;2;1;1;0;0;0;0;0;0;0;0;0;0;0;0;0;0
13.07.2024;11:08;A 20;1;2;51;3;49;3;4;262;30;1;61;1;5;65;6;2;1;2;2;1;21;4;15;7;83;1;94;5;9;0;100;9;73;0;100;2;94;6;14;9;63;0;100;0;0;36;31;3;6;3;43;2;9;4;34;2;75;4;27;2;82;7;10;6;10;0;0;0;0;1;1;0;0;0;0;0;0;0;0;0;0;0;0;0;0;0;0;0;0;0;0;0;0;0;0
13.07.2024;11:07;A 20;1;4;35;5;46;5;4;249;34;2;67;1;63;19;4;4;4;5;89;1;42;7;11;0;100;1;76;5;7;0;100;11;42;1;87;3;76;9;31;8;25;1;12;0;0;1;1;2;1;0;86;0;0;4;91;2;54;0;100;2;64;8;11;3;5;0;0;0;0;1;1;0;0;0;0;0;0;0;0;0;0;0;0;0;0;0;0;0;0;0;0;0;0;0;0
13.07.2024;11:06;A 20;1;0;100;1;97;1;2;281;33;2;18;1;6;14;2;1;1;10;42;4;63;7;9;7;79;0;97;3;3;0;100;1;95;0;100;2;88;3;69;4;55;1;0;0;0;1;0;0;0;3;19;3;15;5;70;4;28;1;58;2;40;10;16;3;3;0;0;0;0;1;1;1;1;0;0;0;0;0;0;0;0;0;0;0;0;0;0;0;0;0;0;0;0;0;0
13.07.2024;11:05;A 20;1;3;61;2;48;3;39;325;35;3;91;0;100;26;7;1;2;2;83;2;91;5;7;1;84;2;76;5;6;0;100;10;38;2;88;2;59;10;24;7;12;2;90;0;0;1;2;2;2;1;46;1;7;1;65;1;63;1;72;1;64;6;10;5;7;0;0;0;0;0;0;0;0;0;0;1;1;0;0;0;0;0;0;0;0;0;0;0;0;0;0;0;0;0;0
13.07.2024;11:04;A 20;1;2;72;1;59;5;8;264;35;7;39;1;56;14;20;4;6;12;60;5;86;5;8;2;57;1;68;3;3;0;100;1;87;1;90;2;64;4;8;5;9;5;55;0;0;4;5;3;3;1;13;0;13;2;47;2;47;0;50;0;51;9;12;5;8;0;0;1;1;4;8;0;0;0;0;1;1;1;1;0;0;0;0;0;0;0;0;0;0;0;0;0;0;0;0
13.07.2024;11:03;A 20;1;2;65;1;66;3;4;226;25;0;100;0;100;9;49;4;4;3;24;3;37;8;14;5;15;2;25;2;5;0;100;2;45;2;79;2;25;5;55;2;1;0;100;0;0;2;2;3;3;1;74;2;79;1;71;3;83;2;40;1;87;3;5;2;3;0;0;0;0;0;0;0;0;0;0;0;0;0;0;0;0;0;0;0;0;0;0;0;0;0;0;0;0;0;0
13.07.2024;11:02;A 20;1;2;46;3;54;4;3;205;26;8;65;2;69;26;47;6;9;7;78;0;92;8;15;1;78;2;53;5;4;0;100;3;8;2;59;3;11;7;13;3;2;3;42;0;0;1;1;1;1;2;42;0;47;3;72;1;70;2;16;0;74;8;12;4;7;0;0;1;3;0;0;0;0;0;0;1;1;0;0;0;0;0;0;0;0;0;0;0;0;0;0;0;0;0;0
13.07.2024;11:01;A 20;1;2;53;2;39;2;3;245;29;1;68;2;69;140;16;5;7;11;20;4;48;5;6;1;46;1;4;3;5;0;100;8;82;0;100;3;96;5;8;7;19;1;94;0;0;2;2;2;2;2;61;2;68;5;20;3;37;1;26;1;46;8;13;4;7;0;0;1;1;0;0;0;0;0;0;0;0;0;0;0;0;0;0;0;0;0;0;0;0;0;0;0;0;0;0
13.07.2024;11:00;A 20;1;2;26;0;19;3;3;133;20;4;75;0;82;115;63;4;7;1;81;2;60;5;8;1;87;1;8;3;2;0;100;7;28;4;85;4;32;11;13;5;4;2;68;0;0;3;4;2;3;1;82;2;86;0;100;0;100;0;100;0;100;5;8;6;9;0;0;0;0;1;1;0;0;0;0;0;0;1;3;0;0;0;0;0;0;0;0;0;0;0;0;0;0;0;0
13.07.2024;10:59;A 20;1;2;88;2;93;2;2;237;28;2;64;2;73;270;49;1;2;14;46;1;75;8;42;2;68;0;70;2;2;0;100;0;100;0;100;0;100;2;8;2;3;2;6;0;0;1;1;2;1;2;38;2;14;5;52;5;54;1;70;1;70;8;12;4;6;0;0;0;0;0;0;1;1;0;0;0;0;0;0;1;1;0;0;0;0;0;0;0;0;0;0;0;0;0;0
13.07.2024;10:58;A 20;1;0;31;0;39;0;0;254;26;0;0;0;0;287;46;1;1;2;87;1;66;5;7;2;66;1;87;3;4;0;100;10;55;4;85;5;71;9;46;7;44;1;89;0;0;2;3;2;2;0;96;1;85;0;100;1;69;1;59;1;74;10;13;4;19;0;0;0;0;0;0;0;0;0;0;0;0;0;0;0;0;0;0;0;0;0;0;0;0;0;0;0;0;0;0
13.07.2024;10:57;A 20;1;2;62;2;36;1;2;260;34;2;11;0;16;310;38;0;0;10;56;2;66;6;14;2;96;0;100;3;4;0;100;1;62;1;98;2;60;5;42;6;36;5;58;0;0;2;1;1;0;4;37;1;47;3;7;1;46;2;38;0;49;7;14;4;6;0;0;0;0;0;0;1;1;0;0;0;0;0;0;0;0;0;0;0;0;0;0;0;0;0;0;0;0;0;0
13.07.2024;10:56;A 20;1;1;66;1;55;3;2;244;26;0;100;1;99;13;98;1;1;6;59;1;79;3;3;5;75;1;92;6;13;0;100;13;64;0;82;2;86;4;63;9;64;0;100;0;0;3;4;3;4;1;45;1;52;0;0;1;77;1;0;1;82;3;4;2;4;0;0;0;0;0;0;0;0;1;1;0;0;1;1;0;0;0;0;0;0;0;0;0;0;0;0;0;0;0;0
13.07.2024;10:55;A 20;1;3;64;2;69;5;8;137;16;7;54;3;65;0;100;4;5;9;52;1;76;11;36;0;100;1;90;5;11;0;100;1;64;3;78;1;70;7;25;5;39;2;71;0;0;1;0;1;1;4;12;2;16;2;33;1;73;2;12;0;76;7;13;2;4;0;0;1;1;0;0;0;0;0;0;0;0;0;0;0;0;0;0;0;0;0;0;0;0;0;0;0;0;0;0
13.07.2024;10:54;A 20;1;1;70;2;76;3;32;170;44;0;100;1;62;13;42;4;6;10;14;1;30;1;2;3;57;3;38;4;13;0;100;7;79;1;93;1;99;3;23;5;36;0;100;0;0;0;0;0;0;1;0;1;4;4;8;3;40;1;14;1;51;9;14;2;2;0;0;0;0;0;0;0;0;0;0;0;0;0;0;0;0;0;0;0;0;0;0;0;0;0;0;0;0;0;0
13.07.2024;10:53;A 20;1;1;25;2;33;3;9;134;29;5;72;1;78;19;32;4;6;0;97;0;100;7;10;1;54;1;8;7;8;0;100;9;46;3;82;4;57;12;26;6;17;4;75;1;42;4;4;3;3;1;84;1;5;1;98;1;98;0;100;0;100;13;19;8;14;0;0;0;0;0;0;0;0;0;0;0;0;1;1;0;0;0;0;0;0;0;0;0;0;0;0;0;0;0;0
13.07.2024;10:52;A 20;1;0;100;1;99;3;9;70;69;1;85;2;30;61;7;2;2;12;49;2;83;6;23;8;14;1;32;5;15;0;100;0;99;0;100;0;100;2;81;4;49;1;58;0;0;3;4;3;3;2;33;2;11;3;60;3;50;2;64;2;60;9;13;2;2;0;0;0;0;0;0;1;1;0;0;1;1;0;0;0;0;0;0;0;0;0;0;0;0;0;0;0;0;0;0
13.07.2024;10:51;A 20;1;2;37;1;49;3;22;132;42;2;80;1;74;33;4;1;1;1;90;1;96;6;10;0;0;0;0;6;14;0;100;5;32;5;71;4;43;7;6;5;5;5;84;1;8;4;12;3;4;1;23;1;7;1;66;0;100;2;68;0;100;2;0;5;7;0;0;0;0;1;1;0;0;0;0;0;0;1;1;0;0;0;0;0;0;0;0;0;0;0;0;0;0;0;0
13.07.2024;10:50;A 20;1;0;100;2;47;3;4;191;35;4;10;1;21;40;4;2;2;8;49;2;67;6;7;4;87;1;76;9;13;0;100;1;3;1;71;1;64;2;7;2;2;7;33;0;17;4;5;3;3;3;13;1;19;6;48;2;44;0;60;2;54;8;15;3;6;0;0;0;0;0;0;0;0;0;0;0;0;0;0;0;0;0;0;0;0;0;0;0;0;0;0;0;0;0;0
13.07.2024;10:49;A 20;1;2;57;0;53;2;2;236;25;0;98;0;100;5;4;2;3;1;71;1;78;5;7;3;62;1;20;3;2;0;100;10;51;3;88;1;71;7;57;11;32;1;76;1;15;5;10;7;10;1;56;2;45;1;80;0;100;2;85;0;100;7;13;4;9;0;0;1;0;0;0;0;0;0;0;0;0;0;0;0;0;0;0;0;0;0;0;0;0;0;0;0;0;0;0
13.07.2024;10:48;A 20;1;1;56;1;56;3;4;222;28;4;68;4;63;7;5;5;6;10;74;0;93;1;4;0;100;0;100;1;3;0;100;2;53;1;63;2;64;5;21;7;39;7;31;0;47;3;32;1;3;5;45;0;65;7;70;6;73;1;84;2;96;4;7;5;6;0;0;0;0;1;1;0;0;0;0;0;0;1;1;0;0;0;0;0;0;0;0;0;0;0;0;0;0;0;0
13.07.2024;10:47;A 20;1;0;85;2;21;4;37;231;26;0;100;0;100;41;3;0;0;10;46;5;73;12;32;6;75;2;52;6;9;0;100;3;44;1;71;1;53;2;2;2;2;0;100;1;60;4;43;4;6;1;81;2;47;1;47;1;90;2;21;1;92;11;23;8;15;0;0;0;0;0;0;0;0;0;0;1;1;0;0;0;0;0;0;0;0;0;0;0;0;0;0;0;0;0;0
13.07.2024;10:46;A 20;1;2;48;1;24;5;10;197;24;6;88;0;100;30;39;7;9;6;88;0;100;9;83;0;100;1;99;1;2;0;100;3;2;2;68;3;12;9;12;3;2;5;79;1;71;3;7;4;5;1;44;1;12;3;86;6;84;0;94;1;97;9;11;9;12;0;0;0;0;0;0;0;0;0;0;0;0;0;0;0;0;0;0;0;0;0;0;0;0;0;0;0;0;0;0
13.07.2024;10:45;A 20;1;0;100;1;97;3;90;225;23;1;79;1;85;10;4;4;5;12;45;3;76;6;12;9;82;0;73;6;10;0;100;3;91;0;100;0;96;3;72;2;4;1;82;1;62;3;4;3;4;0;0;0;0;5;42;3;44;4;51;1;57;7;11;5;8;0;0;0;0;0;0;0;0;0;0;0;0;0;0;0;0;0;0;0;0;0;0;0;0;0;0;0;0;0;0
13.07.2024;10:44;A 20;1;2;55;1;45;4;5;178;23;3;70;1;69;28;5;1;1;1;91;1;72;9;19;1;98;0;100;2;3;0;100;14;41;2;86;4;73;9;25;10;25;3;78;0;85;3;44;2;3;1;1;1;4;1;54;1;68;2;36;1;74;7;9;2;2;0;0;0;0;1;1;0;0;0;0;0;0;0;0;0;0;0;0;0;0;0;0;0;0;0;0;0;0;0;0
13.07.2024;10:43;A 20;1;2;32;1;22;2;2;222;28;0;0;1;7;125;11;2;2;10;41;1;72;5;10;5;79;0;100;3;5;0;100;0;100;0;100;1;72;3;73;5;27;2;62;1;55;2;8;2;4;0;0;0;0;4;31;5;32;2;40;1;46;10;16;8;13;0;0;0;0;0;0;0;0;0;0;0;0;0;0;0;0;0;0;0;0;0;0;0;0;0;0;0;0;0;0
13.07.2024;10:42;A 20;1;0;44;1;48;2;4;201;24;3;93;1;71;164;20;3;4;1;79;2;50;8;14;2;75;1;83;6;9;0;100;9;58;2;83;1;63;10;52;5;47;3;93;0;0;4;8;4;6;0;0;0;0;1;63;0;0;2;28;1;1;5;8;4;5;0;0;0;0;0;0;1;1;0;0;0;0;0;0;0;0;0;0;0;0;0;0;0;0;0;0;0;0;0;0
13.07.2024;10:41;A 20;1;2;79;2;70;3;4;202;26;1;43;1;6;225;20;1;1;6;44;4;44;7;12;2;60;1;70;2;3;0;100;2;28;2;35;2;29;5;13;5;13;5;45;1;24;3;7;3;5;1;56;1;23;0;52;3;5;0;0;2;32;8;10;7;10;0;0;1;1;1;1;1;1;0;0;1;1;0;1;0;0;0;0;0;0;0;0;0;0;0;0;0;0;0;0
13.07.2024;10:40;A 20;1;1;72;0;68;2;12;157;38;0;0;0;0;288;26;0;0;4;3;2;14;3;3;2;4;0;28;0;0;0;100;7;67;0;100;1;78;10;56;4;12;0;100;0;0;2;8;1;1;2;39;2;10;1;13;0;0;1;7;0;0;6;6;4;4;0;0;0;0;1;1;0;0;0;0;0;0;2;1;0;0;0;0;0;0;0;0;0;0;0;0;0;0;0;0
13.07.2024;10:39;A 20;1;2;59;4;13;4;5;247;29;1;52;0;54;272;23;0;0;4;42;4;57;5;9;0;0;1;23;2;3;0;100;6;61;3;49;5;55;6;23;6;15;2;73;0;0;1;1;2;2;3;55;0;62;4;87;3;4;2;50;2;20;9;15;5;7;0;0;0;0;0;0;0;0;0;0;0;0;0;0;0;0;0;0;0;0;0;0;0;0;0;0;0;0;0;0
13.07.2024;10:38;A 20;1;2;45;0;97;3;3;258;32;1;22;1;28;292;30;3;4;10;26;2;50;6;12;1;55;0;56;0;0;0;100;5;90;0;100;0;100;90;66;9;40;1;78;0;0;1;0;0;0;1;32;1;41;4;39;0;10;1;33;0;10;5;7;2;3;0;0;0;0;0;0;0;0;0;0;1;2;0;0;0;0;0;0;0;0;0;0;0;0;0;0;0;0;0;0
13.07.2024;10:37;A 20;1;1;38;2;42;4;5;233;27;3;65;3;16;288;28;2;2;1;79;1;92;3;4;1;53;2;23;3;4;0;100;11;33;2;89;1;63;10;38;8;30;4;81;0;0;4;6;3;3;3;73;2;70;0;100;2;53;0;100;3;59;6;9;5;10;0;0;0;0;0;0;0;0;0;0;0;0;0;0;0;0;0;0;0;0;0;0;0;0;0;0;0;0;0;0
13.07.2024;10:36;A 20;1;2;19;1;30;2;2;243;28;1;0;1;3;324;32;1;1;13;47;2;75;3;3;6;78;0;87;2;3;0;100;1;99;1;91;1;80;4;68;4;35;1;70;0;0;1;1;2;2;1;1;1;4;2;47;1;1;1;57;1;4;2;3;0;0;0;0;0;0;0;0;0;0;0;0;0;0;1;3;0;0;0;0;0;0;0;0;0;0;0;0;0;0;0;0
13.07.2024;10:35;A 20;1;2;57;3;66;3;2;112;58;3;31;3;23;279;46;3;3;1;72;1;81;12;21;2;77;3;73;5;6;0;100;7;42;3;64;2;63;5;9;6;9;2;71;0;0;2;2;2;2;1;96;0;1;1;35;0;0;2;37;0;0;4;4;4;5;0;0;0;0;0;0;0;0;0;0;0;0;0;0;0;0;0;0;0;0;0;0;0;0;0;0;0;0;0;0
13.07.2024;10:34;A 20;1;3;63;4;70;5;8;186;36;1;36;1;32;292;30;0;0;4;72;1;80;1;3;0;100;0;100;0;0;0;100;4;58;5;70;5;61;6;7;6;7;1;38;0;0;0;0;0;0;0;43;1;3;2;68;2;4;2;26;1;6;6;9;5;8;0;0;0;0;0;0;0;0;0;0;0;0;0;0;0;0;0;0;0;0;0;0;0;0;0;0;0;0;0;0
13.07.2024;10:33;A 20;1;0;0;0;78;0;0;221;22;1;69;1;6;311;29;2;2;9;26;2;44;5;8;4;66;1;78;3;4;0;100;7;80;0;100;0;92;5;50;5;59;1;10;0;0;2;2;2;2;1;39;1;8;3;66;1;2;1;11;0;3;3;6;3;4;0;0;0;0;0;0;0;0;0;0;0;0;0;0;0;0;0;0;0;0;0;0;0;0;0;0;0;0;0;0
13.07.2024;10:32;A 20;1;1;31;3;50;4;11;194;32;1;62;1;20;291;29;1;1;1;79;2;70;6;10;1;96;1;92;2;1;0;100;8;10;2;78;2;34;7;19;6;15;2;62;0;0;1;0;1;1;1;68;0;69;1;98;0;96;0;100;0;100;6;8;5;9;0;0;0;0;1;1;0;0;0;0;0;0;1;1;0;0;0;0;0;0;0;0;0;0;0;0;0;0;0;0
13.07.2024;10:31;A 20;1;1;99;0;100;4;63;114;83;1;4;2;6;270;27;1;1;3;5;3;22;5;6;4;70;2;84;3;5;0;100;0;99;3;93;1;90;5;54;4;27;2;72;0;0;3;4;2;2;2;38;3;27;4;45;4;68;3;47;1;76;5;3;4;5;0;0;1;1;1;1;0;0;0;0;1;2;1;1;0;0;0;0;0;0;0;0;0;0;0;0;0;0;0;0
13.07.2024;10:30;A 20;1;2;40;2;47;3;2;302;44;2;83;2;71;218;20;3;2;1;1;3;5;2;2;2;87;0;100;1;1;0;100;6;28;2;49;3;44;4;13;2;1;5;88;0;0;4;11;4;5;1;59;1;6;1;90;0;100;2;61;0;100;2;2;2;4;0;0;0;0;1;1;0;0;0;0;0;0;1;1;0;0;0;0;0;0;0;0;0;0;0;0;0;0;0;0
13.07.2024;10:29;A 20;1;2;52;1;57;2;2;315;39;2;64;1;17;131;12;1;1;8;53;1;62;8;13;51;48;0;100;0;0;0;100;1;99;1;68;0;100;5;8;3;9;1;10;0;0;2;2;2;2;3;17;1;23;6;55;7;56;0;62;1;73;10;16;8;14;0;0;0;0;1;1;0;0;0;0;0;0;1;3;0;0;0;0;0;0;0;0;0;0;0;0;0;0;0;0
13.07.2024;10:28;A 20;1;2;71;1;71;4;5;225;63;0;100;0;100;55;4;1;0;4;36;3;24;5;9;5;54;1;69;4;9;0;100;9;56;3;85;5;78;7;62;10;11;1;10;0;0;1;1;1;1;1;70;2;17;1;70;1;80;2;72;1;86;9;17;6;17;0;0;0;0;0;0;0;0;0;0;0;0;0;0;0;0;0;0;0;0;0;0;0;0;0;0;0;0;0;0
13.07.2024;10:27;A 20;1;2;59;2;63;3;4;302;53;3;44;2;35;106;12;3;3;5;4;4;24;6;9;0;100;0;100;1;1;0;100;3;38;4;60;4;28;8;11;4;4;1;25;0;0;0;0;0;0;3;40;2;19;4;75;2;66;3;84;0;70;10;14;3;4;1;1;0;0;0;0;0;0;0;0;0;0;0;0;0;0;0;0;0;0;0;0;0;0;0;0;0;0;0;0
13.07.2024;10:26;A 20;1;1;77;0;77;2;1;357;45;0;0;1;0;120;11;1;1;5;8;4;24;4;6;4;40;4;42;6;10;0;100;6;48;1;92;2;88;6;47;7;10;1;32;0;0;1;1;1;1;1;61;1;6;2;3;1;0;1;11;2;6;1;1;4;5;0;0;2;3;0;0;0;0;0;0;2;6;0;0;0;0;0;0;0;0;0;0;0;0;0;0;0;0;0;0
13.07.2024;10:25;A 20;1;1;49;1;46;2;2;319;52;3;62;0;70;4;2;1;1;3;51;1;62;5;7;1;91;1;7;0;0;0;100;11;13;1;83;3;69;8;23;7;16;2;63;0;0;1;1;1;2;3;72;0;77;1;93;0;93;1;99;0;94;3;7;3;5;0;0;0;0;0;0;0;0;0;0;0;0;0;0;0;0;0;0;0;0;0;0;0;0;0;0;0;0;0;0
13.07.2024;10:24;A 20;1;1;11;1;3;1;1;335;47;4;90;0;100;5;10;1;1;6;30;0;42;2;3;3;69;1;67;2;3;0;100;1;88;0;100;1;95;4;47;5;66;1;10;0;0;2;4;2;4;1;46;2;7;6;75;3;34;2;53;2;43;8;11;5;9;1;1;0;0;0;0;1;1;1;1;0;0;0;0;1;1;0;0;0;0;0;0;0;0;0;0;0;0;0;0
13.07.2024;10:23;A 20;1;2;61;5;25;4;3;343;44;0;99;0;100;10;30;2;3;1;39;3;36;6;13;6;65;1;35;2;2;0;100;3;30;1;61;3;12;4;19;3;2;0;0;0;0;0;0;0;0;1;81;1;6;1;60;1;67;2;56;1;74;9;12;3;4;0;0;0;0;0;0;0;0;0;0;0;0;0;0;0;0;0;0;0;0;0;0;0;0;0;0;0;0;0;0
13.07.2024;10:22;A 20;1;3;23;0;0;3;2;346;37;8;88;0;100;8;45;1;44;7;55;4;49;6;12;0;100;0;100;3;5;0;100;0;0;1;56;0;0;3;5;0;0;2;29;0;0;1;0;1;1;1;36;0;0;4;74;1;68;0;80;0;71;7;8;6;9;0;0;0;0;0;0;0;0;0;0;0;0;0;0;0;0;0;0;0;0;0;0;0;0;0;0;0;0;0;0
13.07.2024;10:21;A 20;1;0;77;0;76;1;1;239;25;0;100;0;100;0;100;4;44;9;12;2;34;4;3;6;79;2;93;3;4;0;100;7;80;1;96;2;76;5;76;7;18;1;91;0;0;3;1;1;1;2;29;2;12;5;42;2;12;1;53;2;20;8;15;4;5;0;0;0;0;0;0;0;0;0;0;0;0;0;0;0;0;0;0;0;0;0;0;0;0;0;0;0;0;0;0
13.07.2024;10:20;A 20;1;1;63;1;51;4;4;198;27;7;79;1;99;58;81;10;24;2;91;1;78;10;18;0;100;0;100;2;3;0;100;6;30;2;58;2;19;10;15;3;4;1;51;0;0;2;2;2;2;3;62;2;60;3;93;0;87;0;100;0;88;4;6;0;0;0;0;0;0;0;0;0;0;0;0;0;0;0;0;0;0;0;0;0;0;0;0;0;0;0;0;0;0;0;0
13.07.2024;10:19;A 20;1;2;76;1;13;2;2;314;34;1;58;2;52;268;50;4;6;12;29;3;56;8;16;2;11;2;19;3;3;0;100;2;92;0;100;0;100;2;76;3;7;1;82;0;0;1;1;1;1;1;5;1;9;2;8;3;4;2;17;2;12;8;13;4;6;0;0;0;0;0;0;0;0;0;0;0;0;0;0;0;0;0;0;0;0;0;0;0;0;0;0;0;0;0;0
13.07.2024;10:18;A 20;1;2;27;2;14;3;3;308;34;0;0;0;0;330;33;0;0;1;1;1;6;5;9;0;0;0;0;0;0;0;100;10;52;3;39;7;41;4;13;7;10;4;65;0;0;3;4;3;3;1;26;1;7;1;61;1;38;1;8;1;45;5;10;0;0;0;0;0;0;0;0;0;0;0;0;0;0;0;0;0;0;0;0;0;0;0;0;0;0;0;0;0;0;0;0
13.07.2024;10:17;A 20;1;1;32;2;20;2;2;303;34;2;3;0;5;267;23;0;0;6;24;5;22;6;8;4;67;0;73;2;2;0;100;0;100;1;65;1;99;4;31;3;55;2;87;0;0;3;2;2;2;1;0;0;0;4;24;3;21;0;35;3;35;9;17;3;6;0;0;0;0;1;1;0;0;0;0;0;0;0;0;0;0;0;0;0;0;0;0;0;0;0;0;0;0;0;0
13.07.2024;10:16;A 20;1;1;41;1;38;2;1;260;28;2;94;0;100;258;31;3;6;1;74;6;46;1;2;1;16;2;24;3;5;0;100;9;50;3;75;6;61;7;38;7;11;1;45;0;0;1;1;2;2;1;51;1;6;1;66;1;73;2;66;1;77;5;6;0;1;0;0;0;0;0;0;0;0;0;0;0;0;0;0;0;0;0;0;0;0;0;0;0;0;0;0;0;0;0;0
13.07.2024;10:15;A 20;1;2;9;2;38;2;1;241;28;2;29;1;33;209;20;3;3;8;57;3;76;5;7;3;73;2;85;4;5;0;100;1;49;1;56;2;57;4;7;4;6;1;11;1;7;0;0;0;0;3;24;2;26;5;35;2;32;1;46;1;40;4;6;4;4;0;0;0;0;0;0;0;0;0;0;0;0;0;0;0;0;0;0;0;0;0;0;0;0;0;0;0;0;0;0
13.07.2024;10:14;A 20;1;1;76;2;78;3;60;125;53;0;100;1;10;171;16;2;1;3;63;1;73;3;3;3;18;0;22;0;0;0;100;8;57;3;89;3;73;6;67;5;57;0;100;0;0;1;2;0;2;1;88;1;5;0;0;0;0;0;0;0;0;6;6;4;6;2;3;0;0;1;1;0;0;3;5;0;0;1;1;0;0;0;0;0;0;0;0;0;0;0;0;0;0;0;0
13.07.2024;10:13;A 20;1;1;54;2;50;5;20;195;26;2;54;2;10;27;4;3;3;7;85;0;100;4;7;0;100;1;89;2;4;0;100;6;64;5;82;6;61;7;15;7;9;2;68;1;42;1;1;1;0;1;51;1;20;3;74;2;76;2;12;1;84;4;9;2;2;0;0;0;0;0;0;0;0;0;0;0;0;0;0;0;0;0;0;0;0;0;0;0;0;0;0;0;0;0;0
13.07.2024;10:12;A 20;1;2;70;1;77;2;2;128;68;1;38;1;6;66;6;1;1;7;36;4;53;9;17;8;82;0;72;4;8;0;100;5;88;1;86;0;99;5;38;4;42;1;84;0;0;2;2;1;1;2;33;2;9;4;10;3;4;1;24;2;13;10;20;4;8;0;0;1;1;0;0;0;0;0;0;0;0;0;0;0;0;0;0;0;0;0;0;0;0;0;0;0;0;0;0
13.07.2024;10:11;A 20;1;1;18;2;19;1;1;246;25;3;69;3;58;16;6;3;4;1;84;1;91;3;4;0;100;1;98;4;5;0;100;8;33;2;46;3;54;5;20;6;20;2;8;0;0;2;2;3;3;3;76;0;79;1;93;1;97;2;40;0;98;8;28;5;8;0;0;0;0;0;0;0;0;0;0;0;0;0;0;0;0;0;0;0;0;0;0;0;0;0;0;0;0;0;0
13.07.2024;10:10;A 20;1;2;84;1;96;2;2;211;24;5;91;0;14;5;4;0;0;7;36;3;54;5;8;6;80;1;93;4;6;0;100;0;100;1;99;1;98;3;57;3;60;1;1;0;98;4;1;1;0;1;38;1;43;7;36;2;31;2;52;1;42;9;15;4;5;0;0;0;0;0;0;0;0;0;0;0;0;0;0;0;0;0;0;0;0;0;0;0;0;0;0;0;0;0;0
13.07.2024;10:09;A 20;1;0;47;1;38;4;32;211;24;4;91;0;100;33;79;6;11;4;73;3;85;4;6;1;66;1;72;4;6;0;100;3;46;5;58;3;18;6;6;5;6;3;94;1;16;2;2;1;1;5;12;1;8;1;85;1;64;1;98;1;71;4;6;6;11;0;0;0;0;0;0;0;0;0;0;0;0;0;0;0;0;0;0;0;0;0;0;0;0;0;0;0;0;0;0
13.07.2024;10:08;A 20;1;2;13;1;1;2;3;214;23;2;9;1;18;155;16;4;5;5;52;3;67;7;11;5;89;1;84;5;8;0;100;1;40;3;42;1;6;4;5;1;1;4;66;0;0;3;15;2;2;1;2;1;6;3;50;0;44;0;55;0;45;9;12;6;10;0;0;0;0;0;0;0;0;0;0;0;0;0;0;0;0;0;0;0;0;0;0;0;0;0;0;0;0;0;0
13.07.2024;10:07;A 20;1;2;59;0;69;2;2;119;53;1;67;6;41;99;12;3;3;1;44;3;26;3;4;3;37;1;27;1;1;0;100;10;60;2;72;3;80;4;8;9;15;0;100;0;0;2;40;3;8;0;0;0;0;1;80;1;44;1;86;1;49;5;6;1;1;0;0;0;0;0;0;1;1;0;0;0;0;0;0;0;0;0;0;0;0;0;0;0;0;0;0;0;0;0;0
13.07.2024;10:06;A 20;1;2;63;3;23;3;3;222;28;0;0;0;0;33;2;1;0;5;65;2;77;4;6;1;65;2;45;3;4;0;100;2;6;2;14;3;16;3;3;3;3;2;52;0;0;1;1;1;1;2;11;2;9;2;37;0;0;2;47;0;0;3;5;1;1;0;0;0;0;0;0;0;0;0;0;0;0;0;0;0;0;0;0;0;0;0;0;0;0;0;0;0;0;0;0
13.07.2024;10:05;A 20;1;0;0;1;3;0;0;227;26;0;0;0;0;6;2;1;1;11;20;0;59;2;4;2;52;1;31;2;3;0;100;4;67;1;82;2;58;5;10;3;4;1;99;0;0;1;1;0;0;0;0;0;0;8;14;4;9;1;29;0;17;12;19;3;5;0;0;1;1;1;1;0;0;0;0;2;3;0;0;0;0;0;0;0;0;0;0;0;0;0;0;0;0;0;0
13.07.2024;10:04;A 20;1;2;46;2;34;3;4;211;26;2;58;3;62;8;3;2;2;1;64;1;73;10;22;1;0;1;9;1;1;0;100;12;30;2;66;1;55;5;38;8;33;2;83;0;0;2;2;2;2;1;44;1;6;0;100;0;100;0;100;0;100;4;7;4;6;0;0;0;0;0;0;0;0;0;0;0;0;0;0;0;0;0;0;0;0;0;0;0;0;0;0;0;0;0;0
13.07.2024;10:03;A 20;1;1;94;1;29;1;1;231;26;4;7;0;14;20;3;0;0;8;47;4;69;3;6;5;83;0;91;1;1;0;100;1;89;0;100;1;99;3;63;4;16;1;60;0;0;3;2;2;2;0;5;0;0;5;65;5;52;1;82;2;68;11;18;5;17;0;0;0;0;1;1;0;0;0;0;0;0;0;0;0;0;0;0;0;0;0;0;0;0;0;0;0;0;0;0
13.07.2024;10:02;A 20;1;2;36;2;25;4;7;206;25;0;78;0;100;20;5;3;3;1;39;2;44;6;10;6;85;0;100;2;4;0;100;7;46;3;82;2;58;9;41;7;11;2;16;0;0;2;2;2;2;1;77;2;14;1;76;1;73;1;83;1;79;7;10;3;4;0;0;0;0;0;0;0;0;0;0;0;0;0;0;0;0;0;0;0;0;0;0;0;0;0;0;0;0;0;0
13.07.2024;10:01;A 20;1;2;13;1;5;2;2;249;25;2;51;3;15;4;3;3;4;7;61;4;54;6;9;0;100;0;100;5;9;0;100;2;31;3;33;2;42;5;7;3;2;0;33;0;0;0;0;0;0;3;61;1;58;2;64;3;65;1;23;0;73;7;9;9;12;1;1;0;0;0;0;0;0;0;0;0;0;0;0;0;0;0;0;0;0;0;0;0;0;0;0;0;0;0;0
13.07.2024;10:00;A 20;1;0;100;1;91;5;43;246;42;1;55;1;5;29;3;1;1;9;10;1;31;2;5;6;79;0;100;4;3;0;100;3;78;0;96;2;46;4;9;3;5;1;93;0;0;0;0;0;0;2;60;2;70;7;44;1;34;3;32;1;40;9;12;1;1;0;0;0;0;0;0;0;0;0;0;0;0;0;0;0;0;0;0;0;0;0;0;0;0;0;0;0;0;0;0
13.07.2024;09:59;A 20;1;2;42;3;14;4;5;272;33;1;61;2;7;18;2;1;1;3;44;1;57;9;26;0;100;1;95;4;7;0;100;12;23;4;47;3;39;7;12;8;17;4;51;0;0;5;6;5;7;1;1;1;4;2;96;1;92;0;100;0;95;5;9;1;0;0;0;0;0;0;0;0;0;0;0;0;0;0;0;0;0;0;0;0;0;0;0;0;0;0;0;0;0;0;0
13.07.2024;09:58;A 20;1;0;0;1;20;0;0;301;33;1;58;1;4;6;1;1;1;1;0;1;4;1;1;4;81;1;78;3;4;0;100;1;89;2;72;2;71;4;25;5;22;0;0;0;0;0;0;0;0;0;0;0;0;4;62;3;35;2;46;1;46;6;9;5;9;0;0;1;1;2;3;0;0;0;0;1;1;1;1;0;0;0;0;0;0;0;0;0;0;0;0;0;0;0;0
13.07.2024;09:57;A 20;1;3;36;3;20;3;2;295;35;1;9;1;9;26;3;1;1;1;0;1;3;2;3;2;31;1;43;2;3;0;100;4;47;1;75;3;57;10;27;3;6;0;0;0;0;0;0;0;0;0;0;0;0;1;64;1;76;2;35;1;84;10;15;7;12;0;0;0;0;0;0;0;0;0;0;0;0;0;0;0;0;0;0;0;0;0;0;0;0;0;0;0;0;0;0
13.07.2024;09:56;A 20;1;1;16;0;0;1;1;305;32;2;4;0;46;7;1;1;1;7;67;3;41;6;9;1;71;1;85;2;2;0;100;9;25;3;41;3;36;6;9;8;8;2;5;0;0;0;0;0;0;0;47;0;0;6;81;3;75;0;94;1;83;8;13;5;7;0;0;0;0;0;0;0;0;0;0;0;0;0;0;0;0;0;0;0;0;0;0;0;0;0;0;0;0;0;0
13.07.2024;09:55;A 20;1;1;97;5;13;3;7;287;32;1;2;1;7;11;2;2;2;11;23;0;49;9;13;2;52;0;55;1;1;0;100;4;87;0;100;1;92;4;67;6;46;1;2;0;0;3;3;3;3;2;30;2;14;3;57;2;58;4;60;2;63;4;6;2;2;0;0;0;0;0;0;0;0;0;0;0;0;0;0;0;0;0;0;0;0;0;0;0;0;0;0;0;0;0;0
13.07.2024;09:54;A 20;1;2;41;3;11;3;3;271;30;1;78;1;3;15;1;1;1;2;74;2;67;4;5;2;92;1;99;0;0;0;100;5;26;2;64;1;36;7;23;3;6;2;79;0;0;1;1;1;1;0;0;0;0;0;0;1;0;0;0;0;0;4;9;2;3;0;0;0;0;0;0;0;0;0;0;0;0;1;1;0;0;0;0;0;0;0;0;0;0;0;0;0;0;0;0
13.07.2024;09:53;A 20;1;1;2;1;3;1;1;287;30;3;93;0;38;37;3;0;0;4;23;1;38;4;7;1;90;1;92;3;4;0;100;1;49;4;40;2;49;4;5;3;3;0;0;0;0;1;1;1;1;1;45;1;4;7;59;5;53;0;68;1;69;12;19;7;11;0;0;2;3;0;0;0;0;0;0;1;1;0;0;0;0;0;0;0;0;0;0;0;0;0;0;0;0;0;0
13.07.2024;09:52;A 20;1;1;80;1;5;2;2;264;28;1;83;2;79;23;8;4;6;5;8;0;27;1;2;4;79;3;74;3;3;0;100;6;75;1;99;1;89;7;33;5;40;0;0;0;0;0;0;0;0;1;36;1;9;2;65;3;65;1;73;2;74;6;10;3;4;0;0;0;0;0;0;0;0;0;0;0;0;0;0;0;0;0;0;0;0;0;0;0;0;0;0;0;0;0;0
13.07.2024;09:51;A 20;1;3;54;2;32;4;6;214;30;0;0;0;0;24;1;0;0;2;43;2;18;6;15;1;95;1;78;2;3;0;100;8;56;4;69;3;56;4;7;6;9;3;63;0;0;3;5;3;3;2;13;2;9;2;88;1;1;2;97;1;5;4;7;3;5;0;0;0;0;0;0;0;0;0;0;0;0;0;0;0;0;0;0;0;0;0;0;0;0;0;0;0;0;0;0
13.07.2024;09:50;A 20;1;2;86;1;95;3;4;179;25;2;3;0;1;27;2;0;0;7;34;2;54;5;9;3;70;1;83;3;5;0;100;1;95;2;92;1;79;6;11;4;7;1;73;0;0;1;0;1;1;0;0;0;0;2;24;1;0;0;29;1;3;9;18;4;6;0;0;0;0;0;0;0;0;0;0;0;0;0;0;0;0;0;0;0;0;0;0;0;0;0;0;0;0;0;0
13.07.2024;09:49;A 20;1;2;41;1;43;4;4;129;17;5;91;1;94;33;47;5;8;2;43;1;10;4;6;1;41;5;35;2;2;0;100;8;32;1;53;1;51;5;37;5;19;0;0;0;0;0;0;0;0;2;52;1;57;1;50;0;0;1;58;0;0;4;5;7;9;0;0;0;0;0;0;0;0;0;0;0;0;0;0;0;0;0;0;0;0;0;0;0;0;0;0;0;0;0;0
13.07.2024;09:48;A 20;1;1;64;1;66;2;2;231;27;2;22;1;23;12;2;2;2;2;41;3;10;3;4;3;90;0;95;1;1;0;100;1;84;1;91;2;89;5;42;5;48;2;16;0;0;1;0;0;0;2;23;1;28;2;44;1;39;0;50;0;48;5;8;6;9;0;0;0;0;0;0;0;0;0;0;0;0;0;0;0;0;0;0;0;0;0;0;0;0;0;0;0;0;0;0
13.07.2024;09:47;A 20;1;2;55;1;10;4;6;205;22;1;49;3;30;9;3;2;3;4;65;3;15;3;4;7;85;0;100;3;5;0;100;5;55;4;80;1;61;5;5;1;0;0;100;0;0;2;3;1;1;1;48;2;52;1;54;1;7;2;52;1;42;8;21;2;2;0;0;0;0;1;1;0;0;0;0;0;0;1;2;0;0;0;0;0;0;0;0;0;0;0;0;0;0;0;0
13.07.2024;09:46;A 20;1;2;11;0;1;2;1;188;19;2;45;0;47;24;2;0;0;6;80;4;92;3;3;0;100;0;100;5;6;0;100;5;55;1;85;4;67;6;10;7;8;3;76;0;0;2;3;2;3;1;1;1;4;6;82;3;47;0;96;1;58;8;13;1;1;0;0;0;0;0;0;0;0;0;0;0;0;0;0;0;0;0;0;0;0;0;0;0;0;0;0;0;0;0;0
13.07.2024;09:45;A 20;1;0;95;0;100;2;4;112;63;1;56;2;57;23;5;3;4;4;15;2;29;7;12;4;81;2;77;2;3;0;100;5;87;0;100;1;99;4;10;5;11;1;31;0;0;2;2;2;2;2;2;0;5;9;60;1;2;5;84;0;5;7;12;2;3;0;0;0;0;0;0;0;0;0;0;1;1;0;0;0;0;0;0;0;0;0;0;0;0;0;0;0;0;0;0
13.07.2024;09:44;A 20;1;1;60;1;56;2;2;231;27;3;70;2;76;23;6;3;3;1;81;2;78;3;3;0;100;1;59;3;4;0;100;8;16;3;78;3;36;8;25;6;11;2;77;0;0;2;7;2;2;3;57;4;20;1;99;1;84;0;100;1;89;6;11;4;6;0;0;0;0;0;0;0;0;0;0;2;3;0;0;0;0;0;0;0;0;0;0;0;0;0;0;0;0;0;0
13.07.2024;09:43;A 20;1;2;87;2;96;3;4;233;28;2;81;2;45;6;2;2;2;9;41;1;66;8;19;6;81;0;98;1;1;0;100;0;100;1;92;1;88;4;65;4;6;2;25;0;0;1;5;1;3;4;15;2;23;2;1;2;32;2;17;0;37;5;12;4;5;0;0;0;0;0;0;0;0;0;0;0;0;0;0;0;0;0;0;0;0;0;0;0;0;0;0;0;0;0;0
13.07.2024;09:42;A 20;1;0;61;0;55;4;36;182;52;0;98;1;28;30;4;1;1;1;58;2;14;2;3;6;80;0;100;3;6;0;100;10;54;3;85;3;73;8;16;6;52;1;47;0;0;2;3;2;3;1;69;2;59;0;0;1;79;0;0;1;85;8;14;5;8;0;0;1;1;0;0;0;0;0;0;1;1;0;0;0;0;0;0;0;0;0;0;0;0;0;0;0;0;0;0
13.07.2024;09:41;A 20;1;2;20;1;22;3;5;293;37;2;51;2;15;77;9;2;2;3;70;0;75;3;5;0;100;0;100;6;8;0;100;3;78;3;75;4;73;6;20;7;19;4;33;0;0;1;1;1;1;0;32;0;0;2;67;3;65;1;29;0;75;6;12;3;5;0;0;0;0;0;0;0;0;0;0;0;0;0;0;0;0;0;0;0;0;0;0;0;0;0;0;0;0;0;0
13.07.2024;09:40;A 20;1;0;92;1;86;3;77;320;39;0;100;0;0;47;3;0;0;4;11;1;25;2;2;2;86;3;51;3;3;0;100;4;69;0;74;2;74;0;0;4;3;1;53;0;0;4;4;2;2;1;3;1;8;1;54;1;55;2;8;1;60;10;13;3;4;0;0;1;1;0;0;0;0;0;0;1;1;0;0;0;0;0;0;0;0;0;0;0;0;0;0;0;0;0;0
13.07.2024;09:39;A 20;1;1;57;2;58;5;24;299;38;8;78;0;86;31;62;4;8;1;29;2;42;4;5;1;82;1;11;0;0;0;100;7;13;3;68;1;30;9;12;6;9;1;56;0;0;1;1;1;1;1;62;1;3;3;86;0;0;1;95;0;0;6;8;4;4;0;0;0;0;0;0;0;0;0;0;0;0;0;0;0;0;0;0;0;0;0;0;0;0;0;0;0;0;0;0
13.07.2024;09:38;A 20;1;1;92;1;16;4;17;330;43;1;4;2;14;81;12;6;9;10;27;1;54;7;14;8;60;0;73;4;5;0;100;2;78;0;100;2;86;3;49;6;58;2;63;0;0;1;1;1;0;2;3;2;14;3;20;0;13;0;25;0;14;6;8;3;4;0;0;0;0;0;0;0;0;0;0;0;0;0;0;0;0;0;0;0;0;0;0;0;0;0;0;0;0;0;0
13.07.2024;09:37;A 20;1;1;42;1;36;2;2;356;41;1;80;1;64;7;1;1;1;1;88;1;95;7;12;1;74;2;56;1;1;0;100;11;30;3;67;3;52;5;33;6;35;3;89;0;0;3;10;2;3;3;76;1;88;0;100;1;80;1;91;1;84;5;5;5;7;0;0;0;0;0;0;0;0;0;0;0;0;0;0;0;0;0;0;0;0;0;0;0;0;0;0;0;0;0;0
13.07.2024;09:36;A 20;1;1;86;2;10;4;5;343;42;2;20;1;19;14;2;1;1;6;56;2;70;3;4;2;65;2;74;2;2;0;100;1;84;2;63;2;86;5;24;6;39;3;74;0;0;3;4;3;4;2;2;2;9;7;72;1;1;2;76;1;4;3;6;2;5;0;0;0;0;0;0;0;0;0;0;0;0;0;0;0;0;0;0;0;0;0;0;0;0;0;0;0;0;0;0
13.07.2024;09:35;A 20;1;4;32;2;8;6;6;359;40;0;100;1;19;9;1;1;1;4;51;1;60;5;7;4;17;0;25;2;2;0;100;4;56;2;75;1;66;5;17;3;4;1;93;0;0;1;1;2;2;0;0;0;0;1;61;2;1;2;55;0;0;5;6;6;8;0;0;0;0;0;0;0;0;0;0;0;0;0;0;0;0;0;0;0;0;0;0;0;0;0;0;0;0;0;0
13.07.2024;09:34;A 20;1;1;5;2;22;0;0;360;47;3;92;0;69;27;4;1;1;6;66;1;94;6;15;1;86;2;35;2;2;0;100;5;15;3;42;4;16;5;7;4;5;0;0;0;0;1;0;1;1;1;75;1;4;5;69;1;77;1;82;0;79;2;1;2;1;0;0;0;0;0;0;0;0;0;0;0;0;0;0;0;0;0;0;0;0;0;0;0;0;0;0;0;0;0;0
13.07.2024;09:33;A 20;1;1;50;2;63;1;1;354;46;2;30;2;25;15;5;4;5;3;30;2;22;3;3;2;61;0;69;2;5;0;100;1;96;0;100;1;46;3;4;3;2;0;0;0;0;0;0;0;0;2;37;1;8;2;26;2;55;0;31;1;62;6;7;4;7;0;0;0;0;0;0;0;0;0;0;0;0;0;0;0;0;0;0;0;0;0;0;0;0;0;0;0;0;0;0
13.07.2024;09:32;A 20;1;2;45;3;45;2;1;333;44;4;92;0;99;19;9;4;5;1;51;1;10;1;1;3;90;1;48;1;1;0;100;9;40;2;49;4;55;5;8;6;7;0;83;0;0;0;0;0;0;1;97;0;100;0;100;1;79;1;94;1;83;4;6;3;4;0;0;0;0;0;0;0;0;0;0;0;0;0;0;0;0;0;0;0;0;0;0;0;0;0;0;0;0;0;0
13.07.2024;09:31;A 20;1;2;66;2;9;3;3;358;44;2;39;2;49;10;4;2;3;5;53;1;41;5;8;4;93;0;100;6;9;0;100;1;45;1;63;1;56;4;9;3;4;3;85;0;0;1;22;1;0;3;19;2;32;4;53;0;49;1;64;0;50;6;11;1;1;0;0;0;0;0;0;0;0;0;0;0;0;1;1;0;0;0;0;0;0;0;0;0;0;0;0;0;0;0;0
13.07.2024;09:30;A 20;1;1;30;0;56;2;3;366;41;0;100;0;100;7;0;0;0;1;0;1;10;1;1;2;86;2;82;2;3;0;100;5;57;3;75;5;50;6;9;5;13;1;39;0;0;2;45;2;3;1;60;2;50;2;46;1;10;2;36;1;15;3;5;6;9;0;0;0;0;0;0;0;0;0;0;0;0;1;1;0;0;0;0;0;0;0;0;0;0;0;0;0;0;0;0
13.07.2024;09:29;A 20;1;1;8;3;22;1;1;351;42;2;80;3;74;25;4;2;2;6;89;1;77;4;5;0;100;1;42;2;2;0;100;6;35;3;75;4;34;6;8;3;5;0;55;0;0;0;0;0;0;0;0;0;0;0;0;3;2;1;2;1;6;4;4;2;3;0;0;0;0;0;0;0;0;0;0;0;0;0;0;0;0;0;0;0;0;0;0;0;0;0;0;0;0;0;0
13.07.2024;09:28;A 20;1;2;71;30;21;1;2;346;41;1;5;1;5;6;3;2;3;9;35;2;53;6;14;2;70;2;47;2;2;0;100;1;96;1;88;0;100;4;10;2;21;1;4;0;0;1;1;1;1;3;9;2;7;1;17;1;0;0;16;1;2;5;9;1;1;0;0;0;0;0;0;0;0;0;0;0;0;0;0;0;0;0;0;0;0;0;0;0;0;0;0;0;0;0;0
13.07.2024;09:27;A 20;1;2;39;1;34;3;2;340;37;1;86;1;71;9;2;2;1;1;15;1;24;4;7;2;76;1;11;1;1;0;100;5;29;2;56;3;40;5;8;4;5;3;55;0;0;3;3;3;3;2;1;1;7;1;19;2;0;2;21;0;0;6;10;2;3;0;0;0;0;0;0;0;0;1;1;1;1;1;1;0;0;0;0;0;0;0;0;0;0;0;0;0;0;0;0
13.07.2024;09:26;A 20;1;2;30;2;35;2;2;291;36;8;59;1;31;20;17;2;2;5;51;0;63;3;4;4;92;0;100;1;1;0;100;1;80;1;25;2;44;3;5;3;4;5;22;0;0;2;21;0;16;2;19;1;21;6;61;2;46;0;74;1;56;5;4;5;5;0;0;5;8;0;0;0;0;0;0;8;14;0;0;0;0;0;0;0;0;0;0;0;0;0;0;0;0;0;0
13.07.2024;09:25;A 20;1;2;60;2;55;2;1;302;33;0;100;0;100;130;41;5;9;1;22;2;29;4;6;7;69;1;89;4;7;0;100;6;52;2;72;1;60;5;30;3;35;0;100;0;0;2;64;4;61;1;68;2;39;1;84;1;9;1;92;1;16;1;1;2;3;0;0;0;0;0;0;0;0;0;0;0;0;0;0;0;0;0;0;0;0;0;0;0;0;0;0;0;0;0;0
13.07.2024;09:24;A 20;1;2;58;2;45;3;4;301;34;5;63;2;78;96;15;5;6;7;44;1;66;7;9;0;100;0;100;3;4;0;100;2;46;1;65;2;62;2;5;5;6;3;44;0;0;3;3;3;4;2;22;1;92;1;65;3;56;1;20;1;66;4;6;2;3;0;0;1;1;0;0;0;0;0;0;1;1;0;0;0;0;0;0;0;0;0;0;0;0;0;0;0;0;0;0
13.07.2024;09:23;A 20;1;1;43;3;29;4;7;271;32;1;57;2;56;8;5;3;4;4;5;0;12;1;1;1;60;1;28;3;4;0;100;2;27;1;9;2;12;1;1;2;2;1;67;0;0;2;2;2;2;1;1;0;100;3;33;1;0;1;8;0;0;3;4;3;3;1;0;0;0;0;0;0;0;0;0;0;0;0;0;0;0;0;0;0;0;0;0;0;0;0;0;0;0;0;0
13.07.2024;09:22;A 20;1;3;14;2;18;2;1;242;27;1;1;1;4;9;1;1;1;1;15;1;26;4;5;1;65;1;11;3;4;0;100;3;8;1;29;0;13;3;15;0;0;3;68;0;0;2;4;1;1;2;19;1;73;2;85;0;95;2;80;0;95;4;10;2;4;0;0;0;0;0;0;0;0;0;0;0;0;0;0;0;0;0;0;0;0;0;0;0;0;0;0;0;0;0;0
13.07.2024;09:21;A 20;1;1;20;0;100;1;1;245;27;0;1;0;0;7;0;0;0;2;29;2;9;4;5;4;72;0;79;3;4;0;100;1;80;0;100;2;81;2;72;4;6;1;47;0;0;2;2;3;4;1;5;0;100;1;26;1;53;1;8;1;66;3;4;2;2;0;0;0;0;0;0;1;1;0;0;0;0;0;0;1;1;0;0;0;0;0;0;0;0;0;0;0;0;0;0
13.07.2024;09:20;A 20;1;0;0;3;21;0;0;238;27;2;71;2;9;10;3;2;3;1;11;1;19;1;2;1;35;1;41;2;3;0;100;3;31;3;88;0;35;8;46;1;2;2;87;0;0;1;0;0;0;1;52;1;70;1;92;1;97;1;7;0;100;3;6;2;2;0;0;0;0;0;0;0;0;0;0;0;0;0;0;0;0;0;0;0;0;0;0;0;0;0;0;0;0;0;0
13.07.2024;09:19;A 20;1;2;8;1;7;1;1;221;22;3;16;1;22;11;2;1;1;11;53;3;82;7;10;4;90;1;62;3;8;0;100;1;68;2;80;2;55;6;25;3;4;3;35;0;0;2;2;2;2;0;0;0;0;3;50;5;49;1;54;1;66;7;10;9;15;0;0;0;0;1;1;0;0;0;0;0;0;0;0;0;0;0;0;0;0;0;0;0;0;0;0;0;0;0;0
13.07.2024;09:18;A 20;1;0;74;0;79;5;8;130;56;1;70;5;48;40;7;3;4;1;60;1;65;5;8;5;54;2;55;2;3;0;100;3;52;3;50;3;8;6;7;3;2;1;94;0;0;2;3;2;2;0;0;0;0;1;44;1;67;1;52;1;72;4;6;5;8;0;0;0;0;1;1;0;0;0;0;0;0;0;0;0;0;0;0;0;0;0;0;0;0;0;0;0;0;0;0
13.07.2024;09:17;A 20;1;2;53;1;65;2;2;233;28;3;41;1;46;9;3;2;2;5;79;1;92;1;1;0;98;0;100;3;5;0;100;1;62;1;9;1;5;1;1;1;0;2;38;0;0;3;3;2;2;2;46;0;50;6;79;3;45;2;91;1;59;5;6;2;2;0;0;0;0;0;0;0;0;0;0;0;0;0;0;0;0;0;0;0;0;0;0;0;0;0;0;0;0;0;0
13.07.2024;09:16;A 20;1;3;28;2;49;3;3;228;28;1;49;2;59;16;4;2;3;5;43;2;51;7;10;6;58;2;71;2;3;0;100;1;0;1;21;1;2;1;1;1;0;2;25;0;0;1;0;2;2;2;55;4;55;2;48;2;4;1;55;0;10;6;10;7;11;0;0;0;0;0;0;0;0;0;0;0;0;0;0;0;0;0;0;0;0;0;0;0;0;0;0;0;0;0;0
13.07.2024;09:15;A 20;1;0;11;2;25;0;0;248;27;1;54;1;6;88;8;0;0;1;76;1;84;6;9;1;77;2;74;3;3;0;100;2;12;4;38;2;16;5;4;0;0;2;16;0;0;2;2;2;2;2;38;2;18;0;100;0;100;1;19;0;100;4;10;2;3;0;0;0;0;0;0;0;0;0;0;0;0;0;0;0;0;0;0;0;0;0;0;0;0;0;0;0;0;0;0
13.07.2024;09:14;A 20;1;0;100;3;26;1;1;238;26;2;6;0;12;19;3;1;1;2;35;2;7;2;2;0;78;0;0;0;0;0;100;1;94;1;30;1;99;2;3;1;1;2;6;0;0;0;0;0;0;1;1;1;4;4;56;4;65;1;47;3;77;8;12;4;4;0;0;0;0;0;0;0;0;0;0;1;1;0;0;0;0;0;0;0;0;0;0;0;0;0;0;0;0;0;0
13.07.2024;09:13;A 20;1;2;10;1;70;2;2;239;29;0;100;1;77;54;5;4;3;1;58;1;7;1;1;5;42;3;30;3;3;0;100;1;16;4;45;1;10;4;4;2;2;1;88;0;0;3;4;2;4;0;0;0;0;1;61;1;60;1;69;1;65;0;0;1;1;0;0;0;0;0;0;0;0;0;0;0;0;0;0;0;0;0;0;0;0;0;0;0;0;0;0;0;0;0;0
13.07.2024;09:12;A 20;1;3;15;3;40;2;2;244;28;2;39;1;45;10;1;2;2;4;74;1;83;2;2;1;5;1;7;2;4;0;100;2;1;1;5;1;5;1;1;2;1;1;42;0;0;0;0;1;1;3;35;1;30;2;13;2;1;2;9;0;0;4;4;3;5;0;0;0;0;0;0;1;1;0;0;0;0;0;0;0;0;0;0;0;0;0;0;0;0;0;0;0;0;0;0
13.07.2024;09:11;A 20;1;2;35;0;87;2;2;232;26;1;52;2;6;20;4;2;2;4;21;1;34;3;4;2;43;1;48;0;0;0;100;2;29;1;8;2;36;1;1;2;3;1;62;0;0;2;4;1;1;1;5;1;9;6;10;3;6;0;12;1;17;7;12;6;10;0;0;0;0;0;0;0;0;0;0;0;0;0;0;0;0;0;0;0;0;0;0;0;0;0;0;0;0;0;0
13.07.2024;09:10;A 20;1;2;7;5;61;2;1;214;27;1;1;1;4;12;2;1;1;1;83;3;70;4;5;0;0;1;2;2;3;0;100;4;14;1;35;1;22;2;2;1;8;4;74;0;0;3;3;2;3;1;71;0;4;1;92;1;81;2;83;1;86;5;6;3;4;0;0;0;0;0;0;0;0;0;0;0;0;0;0;0;0;0;0;0;0;0;0;0;0;0;0;0;0;0;0
13.07.2024;09:09;A 20;1;3;10;1;2;2;1;231;24;4;5;1;9;23;2;0;0;2;42;0;51;1;1;4;77;0;85;1;1;0;100;1;79;1;99;2;75;3;5;4;7;1;36;0;0;2;5;3;6;1;4;1;7;3;37;1;18;1;45;1;24;7;7;2;3;2;3;0;0;2;3;0;0;1;1;0;0;1;1;0;0;0;0;0;0;0;0;0;0;0;0;0;0;0;0
13.07.2024;09:08;A 20;1;2;23;1;41;2;2;245;27;1;97;1;82;189;28;4;6;1;46;2;28;3;7;1;73;1;71;4;5;0;100;3;38;1;47;1;46;2;3;2;2;2;31;0;0;2;2;2;2;1;96;1;81;1;89;0;0;2;76;0;0;3;4;1;1;0;0;0;0;0;0;0;0;0;0;0;0;0;0;0;0;0;0;0;0;0;0;0;0;0;0;0;0;0;0
13.07.2024;09:07;A 20;1;0;0;0;0;0;0;235;24;2;49;1;40;234;21;1;1;5;73;0;79;3;3;1;68;1;10;1;1;0;100;2;48;2;28;3;17;2;2;2;2;0;0;0;0;0;0;0;0;1;1;2;8;3;52;2;20;3;50;2;29;3;4;2;2;0;0;0;0;0;0;0;0;0;0;0;0;0;0;0;0;0;0;0;0;0;0;0;0;0;0;0;0;0;0
13.07.2024;09:06;A 20;1;1;71;2;78;1;6;224;28;0;100;1;14;262;23;1;1;4;40;3;45;4;5;2;36;0;41;0;0;0;100;2;70;2;39;1;73;3;4;2;1;1;1;0;0;0;0;0;0;1;1;1;4;0;4;2;2;1;3;0;6;7;12;3;3;0;0;0;0;0;0;0;0;0;0;0;0;1;1;0;0;0;0;0;0;0;0;0;0;0;0;0;0;0;0
13.07.2024;09:05;A 20;1;3;26;1;4;3;3;260;27;1;0;1;10;276;26;1;1;2;61;1;71;4;6;1;87;2;92;2;2;0;100;6;37;1;38;3;52;6;13;4;4;1;23;0;0;2;1;2;1;5;68;3;15;1;99;1;96;0;100;0;100;1;3;3;4;0;0;0;0;0;0;0;0;0;0;0;0;0;0;0;0;0;0;0;0;0;0;0;0;0;0;0;0;0;0
13.07.2024;09:04;A 20;1;2;46;0;0;3;4;244;25;0;0;0;0;249;20;0;0;1;27;0;27;0;0;2;67;0;72;1;1;0;100;1;97;2;83;1;57;5;8;4;7;0;0;0;0;0;0;0;0;1;30;1;7;1;34;2;44;3;35;1;51;3;7;2;3;0;0;0;0;0;0;0;0;0;0;0;0;0;0;0;0;0;0;0;0;0;0;0;0;0;0;0;0;0;0
13.07.2024;09:03;A 20;1;1;41;2;10;2;2;242;27;1;26;2;6;242;23;2;2;1;30;2;37;2;3;1;88;1;93;2;2;0;100;8;41;1;43;3;51;3;9;5;6;2;90;0;0;1;1;0;0;2;89;1;68;0;0;2;62;0;0;1;66;5;7;2;2;0;0;0;0;0;0;0;0;0;0;0;0;0;0;0;0;0;0;0;0;0;0;0;0;0;0;0;0;0;0
13.07.2024;09:02;A 20;1;1;83;1;7;3;3;271;29;0;0;0;0;274;23;0;0;7;61;2;80;6;9;0;100;0;0;0;0;0;100;1;88;2;82;2;72;5;7;3;3;5;33;0;0;4;9;4;5;3;4;4;12;5;65;1;13;0;76;1;18;6;7;4;5;0;0;0;0;0;0;0;0;0;0;1;1;0;0;0;0;0;0;0;0;0;0;0;0;0;0;0;0;0;0
13.07.2024;09:01;A 20;1;3;10;1;9;1;1;258;27;0;0;0;0;255;21;0;0;3;20;0;25;2;3;4;34;1;38;2;3;0;100;4;64;3;80;2;61;6;11;4;6;1;64;0;0;3;4;3;3;0;0;0;0;1;81;0;0;2;81;0;0;1;2;2;3;1;1;0;0;0;0;0;0;0;0;0;0;0;0;0;0;0;0;0;0;0;0;0;0;0;0;0;0;0;0
13.07.2024;09:00;A 20;1;0;55;1;38;2;4;272;29;1;92;1;12;265;24;1;1;3;29;3;33;4;4;1;22;2;17;3;3;0;100;6;67;1;62;5;58;4;9;6;4;1;54;0;0;1;1;1;1;1;9;1;13;3;3;0;0;2;8;0;0;7;10;1;1;0;0;0;0;0;0;0;0;0;0;0;0;0;0;0;0;0;0;0;0;0;0;0;0;0;0;0;0;0;0
13.07.2024;08:59;A 20;1;3;28;2;7;3;3;241;27;2;36;2;10;273;25;2;2;2;63;2;51;4;6;0;0;0;0;0;0;0;100;2;53;3;49;1;32;3;2;1;1;4;46;0;0;4;4;4;5;1;22;1;8;1;97;2;1;1;85;1;4;6;6;0;0;0;0;0;0;0;0;0;0;0;0;0;0;0;0;0;0;0;0;0;0;0;0;0;0;0;0;0;0;0;0
13.07.2024;08:58;A 20;1;1;3;3;31;1;0;257;28;0;51;0;0;272;23;0;0;2;32;2;16;2;2;0;0;0;0;0;0;0;100;1;21;2;71;1;31;3;4;2;3;1;34;0;0;1;1;0;0;1;1;1;4;1;24;0;0;1;9;0;0;5;5;1;1;0;0;0;0;0;0;0;0;0;0;0;0;0;0;0;0;0;0;0;0;0;0;0;0;0;0;0;0;0;0
13.07.2024;08:57;A 20;1;1;8;1;61;1;1;257;30;2;56;2;16;265;27;3;4;3;66;2;73;2;2;0;0;0;0;0;0;0;100;4;3;3;88;3;13;7;14;3;2;0;32;0;0;0;0;1;1;0;0;0;0;3;70;0;63;0;73;0;64;9;18;4;8;0;0;0;0;0;0;0;0;0;0;0;0;0;0;0;0;0;0;0;0;0;0;0;0;0;0;0;0;0;0
13.07.2024;08:56;A 20;1;1;9;1;53;1;1;253;28;0;0;0;0;302;26;0;0;8;38;4;63;5;5;4;66;0;72;0;0;0;100;3;67;1;93;2;80;3;23;4;8;1;4;0;0;1;1;1;1;0;0;0;0;4;49;3;40;2;59;2;62;5;12;3;4;0;0;0;0;0;0;0;0;0;0;0;0;0;0;0;0;0;0;0;0;0;0;0;0;0;0;0;0;0;0
13.07.2024;08:55;A 20;1;0;62;2;25;2;2;248;30;2;20;3;19;92;10;2;2;2;74;3;65;5;7;5;88;0;100;2;2;0;100;4;47;2;64;1;56;4;3;2;3;2;50;0;0;2;2;2;2;1;79;1;7;1;45;1;41;2;49;1;46;2;3;2;2;0;0;1;1;0;0;0;0;0;0;1;2;0;0;0;0;0;0;0;0;0;0;0;0;0;0;0;0;0;0
13.07.2024;08:54;A 20;1;3;69;1;16;5;9;270;30;1;17;1;2;5;1;1;0;5;77;1;79;4;6;0;100;0;100;4;6;0;100;2;84;2;43;3;46;2;3;4;5;1;13;0;0;1;1;1;1;3;26;1;37;0;0;2;46;0;0;2;55;6;7;5;6;0;0;0;0;0;0;0;0;0;0;0;0;0;0;0;0;0;0;0;0;0;0;0;0;0;0;0;0;0;0
13.07.2024;08:53;A 20;1;0;0;1;8;0;0;262;28;1;22;1;6;8;1;1;1;5;24;2;42;4;5;4;73;2;74;8;12;0;100;3;47;2;15;2;47;2;2;3;3;1;1;0;0;1;0;0;0;1;1;1;4;2;20;1;22;1;24;0;24;5;7;1;1;0;0;0;0;0;0;0;0;0;0;0;0;0;0;0;0;0;0;0;0;0;0;0;0;0;0;0;0;0;0
13.07.2024;08:52;A 20;1;0;56;1;60;0;0;279;30;1;18;1;4;6;1;1;1;3;35;2;51;7;10;1;41;1;17;1;1;0;100;1;51;2;24;1;16;4;5;1;1;1;56;0;0;1;1;2;2;0;0;0;0;1;77;1;64;2;82;1;69;3;5;5;7;0;0;0;0;0;0;0;0;0;0;0;0;0;0;0;0;0;0;0;0;0;0;0;0;0;0;0;0;0;0
13.07.2024;08:51;A 20;1;2;11;3;27;2;2;272;33;1;41;0;41;13;1;1;0;2;73;2;63;1;1;1;69;1;7;1;1;0;100;2;10;2;24;1;14;4;4;1;0;2;28;0;0;2;2;2;2;2;19;2;14;3;70;1;76;2;79;1;81;7;9;4;7;0;0;0;0;0;0;0;0;0;0;0;0;0;0;0;0;0;0;0;0;0;0;0;0;0;0;0;0;0;0
13.07.2024;08:50;A 20;1;1;8;0;0;1;1;276;29;1;79;2;6;12;2;2;2;3;67;1;60;4;5;0;0;0;0;0;0;0;100;4;76;2;91;3;64;5;6;2;3;0;34;0;0;0;0;0;0;0;0;0;0;0;0;1;0;0;0;0;0;4;5;2;2;0;0;0;0;0;0;0;0;0;0;0;0;0;0;0;0;0;0;0;0;0;0;0;0;0;0;0;0;0;0
13.07.2024;08:49;A 20;1;1;88;1;5;2;2;252;26;2;10;1;8;44;4;1;1;4;46;1;43;1;1;0;66;0;65;0;0;0;100;2;93;1;97;2;48;4;7;4;11;1;56;0;0;1;0;1;1;0;5;0;7;2;22;3;32;1;27;1;40;2;2;6;8;1;1;0;0;1;1;1;1;0;0;0;0;0;0;1;1;0;0;0;0;0;0;0;0;0;0;0;0;0;0
13.07.2024;08:48;A 20;1;0;0;1;12;0;0;270;29;2;88;2;28;72;7;2;2;1;37;1;45;4;5;1;64;1;75;1;2;0;100;9;60;2;63;0;74;2;2;7;25;1;80;0;0;2;3;1;1;1;37;1;43;2;13;2;31;0;16;1;45;2;4;3;4;0;0;0;0;0;0;0;0;0;0;0;0;0;0;0;0;0;0;0;0;0;0;0;0;0;0;0;0;0;0
13.07.2024;08:47;A 20;1;2;42;0;32;2;1;268;28;0;0;1;1;29;3;1;1;2;27;1;37;2;3;1;3;1;4;0;0;0;100;4;62;3;61;3;61;3;3;4;4;3;73;0;0;3;5;4;4;0;0;0;0;1;82;1;74;1;89;1;85;2;3;1;1;0;0;0;0;0;0;0;0;0;0;0;0;0;0;0;0;0;0;0;0;0;0;0;0;0;0;0;0;0;0
13.07.2024;08:46;A 20;1;2;31;2;72;2;3;266;32;2;31;0;34;7;2;0;0;1;58;0;58;1;1;2;95;1;79;3;4;0;100;1;42;3;54;3;49;5;9;4;7;1;32;0;0;1;1;1;1;0;0;1;2;1;1;2;0;1;2;0;0;6;11;4;7;0;0;0;0;0;0;0;0;0;0;0;0;1;1;0;0;0;0;0;0;0;0;0;0;0;0;0;0;0;0
13.07.2024;08:45;A 20;1;1;61;0;97;2;3;287;37;1;66;2;27;13;3;3;4;1;15;2;10;2;3;4;60;1;67;2;2;0;100;2;87;3;85;1;65;3;6;2;3;1;81;0;0;1;0;1;0;1;4;0;3;2;11;1;8;0;14;0;10;4;7;2;2;0;0;0;0;0;0;0;0;0;0;0;0;0;0;0;0;0;0;0;0;0;0;0;0;0;0;0;0;0;0
13.07.2024;08:44;A 20;1;1;7;2;12;1;0;282;31;0;0;0;0;39;3;1;0;2;18;2;14;2;2;1;59;1;61;3;4;0;100;3;41;0;52;1;48;4;11;1;0;2;64;0;0;2;3;1;1;0;0;1;5;1;55;1;26;2;62;1;31;5;10;1;1;0;0;0;0;0;0;0;0;0;0;0;0;1;3;0;0;0;0;0;0;0;0;0;0;0;0;0;0;0;0
13.07.2024;08:43;A 20;1;1;7;0;0;1;1;295;30;2;37;0;41;21;2;1;1;4;59;3;40;3;4;1;6;2;20;2;2;0;100;1;75;1;79;2;63;4;6;2;2;1;42;0;0;0;0;1;0;3;49;1;57;0;68;1;39;0;0;1;45;4;5;0;0;0;0;0;0;0;0;0;0;0;0;0;0;0;0;0;0;0;0;0;0;0;0;0;0;0;0;0;0;0;0
13.07.2024;08:42;A 20;1;1;52;2;59;1;3;292;34;1;18;1;26;118;13;3;4;5;4;4;16;5;7;2;63;1;20;2;2;0;100;3;85;2;53;2;15;4;6;2;2;1;78;0;0;2;7;2;5;1;19;1;18;3;32;2;15;3;28;0;15;7;10;3;4;0;0;0;0;0;0;0;0;0;0;0;0;0;0;0;0;0;0;0;0;0;0;0;0;0;0;0;0;0;0
13.07.2024;08:41;A 20;1;2;17;1;14;2;2;291;32;0;0;0;0;9;0;0;0;4;5;3;16;3;4;2;48;1;49;1;1;0;100;5;71;0;81;1;75;4;11;5;11;0;0;0;0;0;0;0;0;1;34;2;10;2;31;2;36;1;11;1;43;4;6;2;2;1;1;0;0;0;0;0;0;0;0;0;0;1;2;0;0;0;0;0;0;0;0;0;0;0;0;0;0;0;0
13.07.2024;08:40;A 20;1;1;3;1;34;1;0;301;32;3;5;2;12;16;3;3;4;2;1;1;86;2;3;3;50;2;55;1;1;0;100;5;55;1;65;2;45;5;40;3;4;2;70;0;0;1;2;0;0;0;0;0;0;1;48;1;36;2;54;1;45;2;3;0;0;0;0;0;0;0;0;0;0;0;0;0;0;0;0;0;0;0;0;0;0;0;0;0;0;0;0;0;0;0;0
13.07.2024;08:39;A 20;1;0;0;2;35;0;0;274;30;0;0;0;0;10;0;0;0;2;1;2;10;3;6;4;88;0;100;3;5;0;100;1;54;2;73;1;60;5;22;5;7;1;37;0;0;2;3;2;3;0;0;0;0;1;50;1;37;1;11;0;52;5;6;3;6;0;0;0;0;0;0;0;0;0;0;0;0;0;0;0;0;0;0;0;0;0;0;0;0;0;0;0;0;0;0
13.07.2024;08:38;A 20;1;1;46;0;84;1;1;294;32;0;0;0;0;5;0;0;0;2;3;2;9;3;5;1;49;3;55;4;5;0;100;5;82;1;89;2;92;1;0;3;4;1;44;0;0;1;1;2;6;0;0;0;0;3;19;1;24;4;12;1;28;5;5;2;1;0;0;0;0;1;1;0;0;0;0;0;0;1;1;0;0;0;0;0;0;0;0;0;0;0;0;0;0;0;0
13.07.2024;08:37;A 20;1;1;11;1;29;1;1;260;28;1;72;0;72;2;0;0;0;1;28;1;16;1;1;1;38;1;54;1;3;0;100;5;50;2;65;5;59;6;42;6;8;1;72;0;0;1;1;1;1;1;1;1;5;1;69;2;38;1;84;1;46;3;6;3;4;0;0;0;0;1;1;0;0;0;0;0;0;2;3;0;0;0;0;0;0;0;0;0;0;0;0;0;0;0;0
13.07.2024;08:36;A 20;1;0;0;1;9;0;0;273;28;1;25;2;20;3;2;2;2;1;6;1;7;1;1;0;0;0;0;0;0;0;100;2;61;6;80;3;44;8;24;3;2;3;71;0;0;2;2;2;2;0;53;0;0;3;31;1;2;3;30;2;15;0;0;2;2;0;0;0;0;0;0;0;0;1;1;0;0;1;1;0;0;0;0;0;0;0;0;0;0;0;0;0;0;0;0
13.07.2024;08:35;A 20;1;1;4;2;23;1;0;256;28;2;10;1;17;10;0;1;0;2;20;2;10;1;2;2;74;0;80;1;1;0;100;2;88;2;28;1;6;2;2;1;1;1;84;0;0;2;2;2;2;4;21;3;26;4;36;3;38;2;44;0;44;8;10;2;3;1;1;0;0;2;3;0;0;1;1;0;0;2;3;0;0;0;0;0;0;0;0;0;0;0;0;0;0;0;0
13.07.2024;08:34;A 20;1;1;15;2;83;2;2;225;34;1;82;2;38;23;5;3;4;4;13;1;19;3;2;2;51;3;35;3;4;0;100;2;83;1;79;1;68;3;7;2;3;0;0;0;0;0;0;0;0;1;2;1;6;2;61;6;39;3;43;3;53;2;4;2;2;0;0;0;0;0;0;0;0;0;0;0;0;0;0;0;0;0;0;0;0;0;0;0;0;0;0;0;0;0;0
13.07.2024;08:33;A 20;1;1;10;0;0;1;1;265;26;1;11;1;5;12;1;2;1;3;21;1;33;3;5;1;12;0;4;0;0;0;100;2;25;2;11;2;8;2;1;2;1;1;80;0;0;1;1;1;1;0;0;0;0;1;65;0;0;1;8;0;0;3;3;1;2;0;0;0;0;0;0;0;0;0;0;0;0;0;0;0;0;0;0;0;0;0;0;0;0;0;0;0;0;0;0
13.07.2024;08:32;A 20;1;1;9;0;6;1;0;250;25;0;0;0;0;8;0;0;0;3;74;4;17;5;6;1;36;2;39;1;1;0;100;0;0;1;13;0;0;1;0;0;0;1;68;0;0;1;1;1;1;0;0;0;0;3;76;0;0;0;80;0;0;0;0;2;2;0;0;0;0;0;0;0;0;0;0;0;0;0;0;0;0;0;0;0;0;0;0;0;0;0;0;0;0;0;0
13.07.2024;08:31;A 20;1;2;64;4;30;2;2;275;31;0;0;0;0;24;2;2;0;5;14;5;31;5;6;4;69;0;80;1;1;0;100;0;0;1;53;0;0;3;5;0;0;1;30;0;0;1;1;1;1;0;0;0;0;3;68;1;8;3;48;1;34;5;6;4;5;0;0;0;0;0;0;0;0;0;0;0;0;0;0;0;0;0;0;0;0;0;0;0;0;0;0;0;0;0;0
13.07.2024;08:30;A 20;1;1;4;2;58;1;0;256;31;0;0;0;0;9;0;2;1;3;17;2;19;2;2;0;0;1;3;3;4;0;100;4;55;2;44;1;74;3;5;1;1;0;0;0;0;0;0;0;0;2;5;1;6;1;27;2;43;1;38;1;51;3;4;3;5;0;0;0;0;0;0;0;0;0;0;0;0;0;0;0;0;0;0;0;0;0;0;0;0;0;0;0;0;0;0
13.07.2024;08:29;A 20;1;1;40;2;39;1;2;277;31;2;60;3;78;8;3;2;3;2;10;0;13;1;1;1;10;1;10;0;0;0;100;2;13;1;17;4;27;1;2;3;3;1;33;0;0;1;1;1;1;1;94;1;31;1;96;1;69;1;82;1;74;4;7;0;0;0;0;0;0;0;0;0;0;0;0;0;0;0;0;0;0;0;0;0;0;0;0;0;0;0;0;0;0;0;0
13.07.2024;08:28;A 20;1;1;4;0;0;1;0;282;28;1;70;1;5;26;3;1;1;2;7;2;18;3;3;1;50;1;8;2;2;0;100;3;2;3;56;2;10;6;12;3;2;2;57;0;0;2;2;1;1;0;0;1;0;0;0;0;0;1;3;0;0;4;6;3;4;0;0;0;0;0;0;0;0;0;0;0;0;0;0;0;0;0;0;0;0;0;0;0;0;0;0;0;0;0;0
13.07.2024;08:27;A 20;1;0;53;3;16;1;2;281;31;1;42;1;6;3;1;1;1;3;24;1;33;3;4;4;5;1;16;1;1;0;100;3;4;1;53;2;25;3;4;2;2;0;0;0;0;0;0;0;0;1;48;1;10;2;70;1;73;1;78;1;81;3;5;0;0;0;0;0;0;0;0;0;0;0;0;0;0;1;1;0;0;0;0;0;0;0;0;0;0;0;0;0;0;0;0
13.07.2024;08:26;A 20;1;1;41;0;10;3;5;260;26;1;69;1;47;4;1;1;1;2;59;2;66;3;4;4;85;1;97;1;0;0;100;1;1;1;43;2;5;1;2;2;2;2;72;0;0;1;1;0;1;1;19;1;8;0;0;0;0;0;0;0;0;1;1;0;0;0;0;0;0;0;0;0;0;0;0;0;0;0;0;0;0;0;0;0;0;0;0;0;0;0;0;0;0;0;0
13.07.2024;08:25;A 20;1;0;0;1;6;0;0;255;26;1;47;1;5;4;1;1;1;2;16;1;24;3;4;2;95;0;100;5;10;0;100;0;0;2;34;0;0;2;2;0;0;3;75;0;0;3;4;4;4;2;20;1;27;1;54;1;34;1;41;1;40;3;5;1;1;0;0;0;0;0;0;0;0;0;0;0;0;0;0;0;0;0;0;0;0;0;0;0;0;0;0;0;0;0;0
13.07.2024;08:24;A 20;1;1;6;1;3;1;0;246;25;3;9;2;14;4;1;1;1;0;0;0;0;0;0;1;20;1;28;4;6;0;100;2;4;1;7;1;12;1;1;2;2;2;74;0;0;2;2;3;3;1;16;0;14;1;25;2;34;1;8;1;40;1;1;3;3;0;0;0;0;0;0;0;0;0;0;0;0;0;0;0;0;0;0;0;0;0;0;0;0;0;0;0;0;0;0
13.07.2024;08:23;A 20;1;0;0;0;7;0;0;253;25;1;31;2;17;12;5;3;4;3;9;1;17;1;1;0;0;0;0;0;0;0;100;0;57;2;12;0;0;2;2;0;0;1;61;0;0;2;2;2;3;2;16;2;28;0;6;1;51;0;0;1;55;1;2;1;1;0;0;0;0;0;0;0;0;0;0;0;0;0;0;0;0;0;0;0;0;0;0;0;0;0;0;0;0;0;0
13.07.2024;08:22;A 20;1;0;42;2;57;2;2;217;25;2;85;2;29;110;12;2;3;2;78;1;84;4;5;1;10;0;10;0;0;0;100;2;38;0;52;2;22;4;12;2;3;1;2;0;0;1;0;1;1;0;0;0;0;1;42;0;0;1;8;0;0;3;3;2;2;0;0;0;0;0;0;0;0;0;0;0;0;0;0;0;0;0;0;0;0;0;0;0;0;0;0;0;0;0;0
13.07.2024;08:21;A 20;1;2;17;2;18;2;2;258;29;1;41;1;7;113;10;2;2;0;0;0;0;0;0;0;100;1;63;1;1;0;100;1;30;2;35;1;5;2;2;1;1;1;44;0;0;0;0;0;0;0;0;0;0;1;72;1;46;0;73;1;51;3;4;1;1;0;0;0;0;0;0;0;0;0;0;0;0;0;0;0;0;0;0;0;0;0;0;0;0;0;0;0;0;0;0
13.07.2024;08:20;A 20;1;1;94;1;90;4;5;232;29;2;8;1;9;17;2;1;1;3;25;1;34;2;3;4;82;2;48;3;5;0;100;0;0;1;33;0;0;1;1;0;0;1;25;0;0;2;2;2;2;1;2;1;8;1;56;0;0;3;37;0;0;2;3;0;0;0;0;0;0;0;0;0;0;0;0;0;0;0;0;0;0;0;0;0;0;0;0;0;0;0;0;0;0;0;0
13.07.2024;08:19;A 20;1;1;61;2;58;2;2;244;31;2;30;4;15;11;3;3;3;6;73;2;62;4;7;1;20;1;10;1;1;0;100;1;64;2;28;1;5;2;3;0;0;0;0;0;0;0;0;0;0;1;1;1;4;3;15;2;14;2;15;0;22;5;8;2;3;0;0;0;0;1;1;0;0;0;0;0;0;2;3;0;0;0;0;0;0;0;0;0;0;0;0;0;0;0;0
13.07.2024;08:18;A 20;1;0;49;1;29;0;0;272;31;2;56;2;9;53;6;2;2;1;53;1;61;5;7;0;20;0;0;0;0;0;100;1;2;1;7;1;13;1;1;2;2;0;87;0;0;0;0;0;0;0;0;0;0;0;0;0;0;0;0;1;1;3;5;0;0;0;0;0;0;0;0;0;0;0;0;0;0;0;0;0;0;0;0;0;0;0;0;0;0;0;0;0;0;0;0
13.07.2024;08:17;A 20;1;1;41;4;45;2;17;181;23;4;57;0;63;10;28;2;1;1;63;1;11;1;1;1;83;1;9;0;0;0;100;2;10;2;10;1;15;2;1;1;1;1;68;0;0;1;1;1;1;0;0;0;0;3;19;1;1;1;28;1;3;3;3;2;3;0;0;0;0;1;1;0;0;0;0;0;0;0;0;0;0;0;0;0;0;0;0;0;0;0;0;0;0;0;0
13.07.2024;08:16;A 20;1;2;98;1;86;3;12;231;31;2;60;3;64;102;16;4;5;4;44;1;54;2;3;2;35;2;40;3;5;0;100;1;19;1;7;2;15;1;1;2;2;1;51;0;0;1;1;1;1;0;16;0;0;1;44;1;0;1;36;0;0;4;6;2;2;0;0;0;0;0;0;0;0;0;0;0;0;0;0;0;0;0;0;0;0;0;0;0;0;0;0;0;0;0;0
13.07.2024;08:15;A 20;1;2;9;2;6;2;1;272;29;1;3;1;5;79;8;2;2;1;58;2;34;4;5;0;0;0;0;0;0;0;100;1;67;0;76;1;26;2;4;1;1;1;63;0;0;1;1;1;0;1;24;1;6;3;8;0;15;2;23;0;16;5;7;1;1;0;0;0;0;0;0;0;0;0;0;0;0;0;0;0;0;0;0;0;0;0;0;0;0;0;0;0;0;0;0
13.07.2024;08:14;A 20;1;1;29;3;35;1;2;270;29;2;42;2;32;101;11;2;2;1;37;1;9;1;1;0;0;0;0;0;0;0;100;2;53;2;13;1;8;2;2;1;0;0;80;0;0;0;0;0;0;3;60;3;28;0;0;1;59;1;68;1;64;2;2;1;1;0;0;0;0;2;3;0;0;1;1;0;0;2;3;0;0;0;0;0;0;0;0;0;0;0;0;0;0;0;0
13.07.2024;08:13;A 20;1;1;31;0;48;1;1;295;30;0;0;0;0;36;2;0;0;1;61;1;6;1;1;0;0;0;0;0;0;0;100;2;17;3;30;3;12;4;4;3;3;1;26;0;0;1;0;1;0;0;0;0;0;0;0;1;52;0;0;1;57;2;2;5;7;0;0;0;0;0;0;0;0;0;0;0;0;0;0;0;0;0;0;0;0;0;0;0;0;0;0;0;0;0;0
13.07.2024;08:12;A 20;1;3;18;2;42;3;2;265;30;3;70;2;74;49;4;1;1;2;63;2;69;2;2;0;0;0;0;0;0;0;100;0;24;2;12;0;0;2;1;0;0;1;28;0;0;1;1;1;1;0;75;0;0;1;94;1;17;0;1;1;23;1;0;1;1;0;0;0;0;0;0;0;0;0;0;0;0;0;0;0;0;0;0;0;0;0;0;0;0;0;0;0;0;0;0
13.07.2024;08:11;A 20;1;1;15;1;15;1;0;253;26;1;67;2;31;138;16;3;5;3;60;0;66;0;0;2;40;1;47;2;3;0;100;1;3;0;0;1;7;0;0;1;1;0;0;0;0;0;0;0;0;2;5;2;13;0;0;0;0;1;4;0;0;0;0;1;1;0;0;0;0;0;0;0;0;0;0;0;0;0;0;0;0;0;0;0;0;0;0;0;0;0;0;0;0;0;0
13.07.2024;08:10;A 20;1;1;39;1;35;2;2;248;29;1;23;1;7;156;14;1;1;3;8;3;22;6;7;0;0;0;0;0;0;0;100;0;0;0;0;0;0;0;0;0;0;0;19;0;0;0;0;0;0;1;1;1;3;4;53;0;0;3;30;0;0;1;0;0;0;0;0;0;0;0;0;0;0;0;0;0;0;0;0;0;0;0;0;0;0;0;0;0;0;0;0;0;0;0;0
13.07.2024;08:09;A 20;1;1;4;2;9;1;0;230;25;1;19;1;5;164;14;1;1;2;10;1;20;2;2;4;33;1;54;2;4;0;100;2;78;1;10;1;35;1;1;2;2;1;61;0;0;1;1;1;1;0;0;0;0;1;17;1;2;1;6;0;0;2;3;1;1;0;0;0;0;0;0;0;0;0;0;0;0;0;0;0;0;0;0;0;0;0;0;0;0;0;0;0;0;0;0
13.07.2024;08:08;A 20;1;0;60;0;60;0;0;261;26;0;0;0;0;55;4;0;0;6;26;4;45;3;5;0;0;0;100;2;2;0;100;2;58;0;0;2;25;0;0;2;4;0;0;0;0;0;0;0;0;0;0;0;0;0;0;0;0;0;0;0;0;1;0;1;1;0;0;0;0;0;0;0;0;0;0;0;0;0;0;0;0;0;0;0;0;0;0;0;0;0;0;0;0;0;0
13.07.2024;08:07;A 20;1;1;21;1;24;0;0;274;30;1;1;1;3;80;7;1;1;0;95;1;99;2;3;1;91;0;100;0;0;0;100;3;51;2;26;2;6;2;2;1;0;0;50;0;0;0;0;0;0;1;1;1;7;1;20;0;0;1;7;0;0;3;2;1;1;0;0;0;0;0;0;0;0;0;0;0;0;0;0;0;0;0;0;0;0;0;0;0;0;0;0;0;0;0;0
13.07.2024;08:06;A 20;1;2;11;3;15;2;1;282;31;0;0;0;0;68;5;0;0;1;11;1;13;2;5;1;10;1;12;0;0;0;100;14;6;2;82;1;7;3;4;1;1;1;33;0;0;1;1;1;1;1;42;1;31;1;51;0;0;1;7;0;0;2;3;0;0;0;0;0;0;0;0;0;0;0;0;0;0;0;0;0;0;0;0;0;0;0;0;0;0;0;0;0;0;0;0
13.07.2024;08:05;A 20;1;2;9;3;15;2;1;262;29;0;15;0;0;4;0;0;0;2;42;1;6;1;1;1;32;0;7;1;1;0;100;2;12;2;10;3;11;2;2;2;2;1;36;0;0;1;1;1;0;1;68;1;5;0;0;0;0;0;0;0;0;0;0;1;1;0;0;0;0;0;0;0;0;0;0;0;0;0;0;0;0;0;0;0;0;0;0;0;0;0;0;0;0;0;0
13.07.2024;08:04;A 20;1;1;24;0;0;2;2;248;25;1;27;1;5;5;1;1;1;4;18;2;44;2;3;0;0;1;0;1;1;0;100;1;77;1;4;0;4;1;1;0;0;0;6;0;0;0;0;0;0;0;0;0;0;1;16;0;0;1;9;0;0;2;0;1;1;0;0;0;0;0;0;0;0;0;0;0;0;1;1;0;0;0;0;0;0;0;0;0;0;0;0;0;0;0;0
13.07.2024;08:02;A 20;1;2;60;1;41;2;2;263;28;0;0;0;0;5;0;0;0;1;23;1;28;3;3;1;47;0;47;2;3;0;100;2;10;1;62;2;11;2;2;2;2;0;0;0;0;0;0;0;0;0;0;0;0;1;0;1;0;1;3;1;3;1;1;1;1;0;0;0;0;0;0;0;0;0;0;1;1;0;0;0;0;0;0;0;0;0;0;0;0;0;0;0;0;0;0
13.07.2024;08:01;A 20;1;1;4;2;13;1;0;253;27;2;2;1;5;123;11;2;2;1;23;1;6;1;1;1;10;1;18;1;2;0;100;0;27;2;9;0;0;2;1;0;0;1;70;0;0;1;1;1;1;1;68;1;75;0;0;1;0;0;0;0;0;1;1;0;0;0;0;0;0;0;0;0;0;0;0;0;0;0;0;0;0;0;0;0;0;0;0;0;0;0;0;0;0;0;0
13.07.2024;08:00;A 20;1;0;0;0;15;0;0;247;24;0;0;0;0;110;9;0;0;3;55;2;39;2;2;0;0;0;0;0;0;0;100;5;48;1;34;1;30;3;3;3;3;2;64;0;0;1;1;1;1;0;0;0;0;0;0;0;0;0;0;0;0;1;1;0;0;0;0;0;0;0;0;0;0;0;0;0;0;0;0;0;0;0;0;0;0;0;0;0;0;0;0;0;0;0;0
13.07.2024;07:59;A 20;1;2;10;2;45;1;1;256;28;3;17;0;21;11;0;0;0;5;45;0;56;3;4;5;87;1;84;5;6;0;100;1;60;4;85;3;51;4;6;4;5;1;16;0;0;1;1;1;1;1;1;1;4;1;25;1;31;1;7;1;36;5;8;1;1;0;0;0;0;0;0;0;0;0;0;0;0;0;0;0;0;0;0;0;0;0;0;0;0;0;0;0;0;0;0
13.07.2024;07:58;A 20;1;1;67;1;12;1;1;223;24;1;70;2;48;101;17;4;8;0;4;1;4;2;2;1;81;1;6;1;1;0;100;1;65;1;74;1;2;1;0;1;0;1;24;0;0;1;2;1;2;1;1;1;5;0;3;0;0;0;0;0;0;2;4;0;0;0;0;0;0;0;0;0;0;0;0;0;0;0;0;0;0;0;0;0;0;0;0;0;0;0;0;0;0;0;0
13.07.2024;07:57;A 20;1;1;34;2;10;0;0;276;30;0;0;0;0;176;14;0;0;1;9;1;9;2;2;3;82;1;7;1;1;0;100;1;52;1;40;1;6;3;3;1;1;2;55;0;0;2;1;2;2;0;0;0;0;1;32;0;0;1;7;0;0;1;1;2;2;0;0;0;0;0;0;0;0;0;0;0;0;0;0;0;0;0;0;0;0;0;0;0;0;0;0;0;0;0;0
13.07.2024;07:56;A 20;1;2;66;0;0;2;3;283;29;0;0;0;0;167;13;0;0;2;8;2;10;2;2;1;8;1;21;2;3;0;100;1;58;1;7;1;6;1;1;1;1;1;34;0;0;1;1;1;1;0;0;0;0;1;22;1;0;1;11;0;0;4;10;3;5;0;0;0;0;0;0;0;0;0;0;0;0;0;0;0;0;0;0;0;0;0;0;0;0;0;0;0;0;0;0
13.07.2024;07:55;A 20;1;1;8;1;8;1;1;266;28;0;0;0;0;174;14;0;0;1;1;1;4;1;1;0;62;0;0;0;0;0;100;3;56;1;67;1;72;1;4;3;6;1;67;0;0;1;1;1;1;0;0;0;0;1;0;1;27;1;3;0;31;3;3;2;3;0;0;0;0;0;0;0;0;0;0;0;0;0;0;0;0;0;0;0;0;0;0;0;0;0;0;0;0;0;0
13.07.2024;07:54;A 20;1;1;70;0;76;1;1;259;28;0;0;0;0;168;14;0;0;0;13;0;13;0;0;1;69;1;9;1;1;0;100;1;16;1;39;2;33;2;10;1;2;0;0;0;0;0;0;0;0;0;8;0;0;1;11;3;21;0;14;2;27;1;0;0;0;0;0;0;0;0;0;0;0;0;0;0;0;0;0;0;0;0;0;0;0;0;0;0;0;0;0;0;0;0;0
13.07.2024;07:53;A 20;1;1;7;1;4;1;1;264;28;0;0;0;0;150;12;0;0;1;68;1;78;1;2;2;74;1;12;1;1;0;100;0;0;1;6;0;0;1;1;0;0;1;34;0;0;1;1;1;1;1;30;1;9;1;60;0;0;2;25;0;0;1;2;0;0;0;0;0;0;0;0;0;0;0;0;0;0;0;0;0;0;0;0;0;0;0;0;0;0;0;0;0;0;0;0
13.07.2024;07:52;A 20;1;2;11;1;3;2;1;285;30;0;0;0;0;3;0;1;0;1;64;1;61;0;0;1;2;0;100;1;1;0;100;0;0;3;16;0;0;3;2;0;0;1;21;0;0;1;1;0;0;0;39;0;0;0;63;0;0;0;0;0;0;2;3;0;0;0;0;0;0;0;0;0;0;1;1;0;0;0;0;0;0;0;0;0;0;0;0;0;0;0;0;0;0;0;0
13.07.2024;07:51;A 20;1;1;83;1;9;3;5;272;29;0;0;0;0;6;0;0;0;3;60;3;19;5;9;1;50;2;50;2;2;0;100;1;9;1;8;1;8;2;1;1;1;2;22;0;0;0;0;1;1;1;48;1;7;1;38;0;0;1;8;0;0;2;3;2;3;0;0;0;0;1;1;0;0;0;0;1;1;0;0;0;0;0;0;0;0;0;0;0;0;0;0;0;0;0;0
13.07.2024;07:50;A 20;1;1;8;1;11;1;1;270;29;0;0;0;0;5;0;0;0;2;35;3;11;3;4;2;77;1;58;0;0;0;100;1;77;1;88;1;79;3;5;0;0;0;100;0;0;2;3;2;3;0;0;0;0;1;10;0;8;1;7;0;8;3;7;1;0;0;0;0;0;0;0;0;0;0;0;0;0;0;0;0;0;0;0;0;0;0;0;0;0;0;0;0;0;0;0
13.07.2024;07:49;A 20;1;2;9;2;42;2;1;280;32;0;0;0;0;5;0;1;0;2;1;2;7;2;2;1;10;2;13;2;2;0;100;2;7;2;11;3;10;2;2;3;3;1;8;0;0;1;1;1;1;1;1;1;5;2;51;1;48;2;17;2;60;3;8;1;1;0;0;0;0;0;0;0;0;0;0;0;0;0;0;0;0;0;0;0;0;0;0;0;0;0;0;0;0;0;0
13.07.2024;07:48;A 20;1;2;13;0;0;3;2;270;27;1;20;2;4;8;1;1;1;2;70;2;72;2;3;0;0;0;0;0;0;0;100;2;25;2;19;0;28;2;2;1;2;0;62;0;0;0;0;0;0;0;0;0;0;2;26;1;0;2;23;0;0;0;0;0;0;0;0;0;0;0;0;0;0;0;0;0;0;0;0;0;0;0;0;0;0;0;0;0;0;0;0;0;0;0;0
13.07.2024;07:47;A 20;1;1;10;0;0;1;1;257;26;0;0;0;0;9;0;0;0;1;0;1;4;1;1;1;91;0;4;0;0;0;100;2;8;1;4;1;17;2;2;2;2;1;7;0;0;1;1;1;1;0;0;0;0;2;29;0;0;1;34;0;0;1;1;0;0;0;0;0;0;0;0;0;0;0;0;0;0;0;0;0;0;0;0;0;0;0;0;0;0;0;0;0;0;0;0
13.07.2024;07:46;A 20;1;1;2;0;0;1;1;287;30;0;0;0;0;6;0;0;0;0;0;0;0;0;0;0;57;1;3;1;1;0;100;3;60;4;30;4;21;5;5;3;3;0;32;0;0;0;0;0;0;0;38;0;0;0;0;0;0;0;0;0;0;2;2;0;0;0;0;0;0;0;0;0;0;0;0;0;0;0;0;0;0;0;0;0;0;0;0;0;0;0;0;0;0;0;0
13.07.2024;07:45;A 20;1;1;9;0;0;1;1;269;27;0;0;0;0;10;0;0;0;1;21;1;10;1;1;1;71;1;8;1;1;0;100;3;69;2;76;3;57;3;4;4;5;1;52;0;0;1;1;1;1;2;37;2;11;0;0;0;0;0;0;0;0;0;0;0;0;0;0;0;0;0;0;0;0;0;0;0;0;0;0;0;0;0;0;0;0;0;0;0;0;0;0;0;0;0;0
13.07.2024;07:44;A 20;1;2;12;2;18;2;1;275;31;1;5;1;5;13;1;1;1;1;29;1;11;1;1;1;34;1;9;1;1;0;100;0;67;0;0;0;0;0;0;0;0;0;0;0;0;0;0;0;0;1;3;1;6;0;0;0;0;0;0;0;0;0;0;0;0;0;0;0;0;0;0;0;0;0;0;0;0;1;1;0;0;0;0;0;0;0;0;0;0;0;0;0;0;0;0
13.07.2024;07:43;A 20;1;1;9;1;4;1;1;269;28;0;0;0;0;6;0;0;0;2;42;2;10;1;2;0;9;0;0;0;0;0;100;3;50;1;12;4;35;1;1;3;2;2;54;0;0;2;2;2;2;1;79;1;6;0;0;2;2;0;0;0;0;2;3;0;0;0;0;0;0;0;0;0;0;0;0;0;0;0;0;0;0;0;0;0;0;0;0;0;0;0;0;0;0;0;0
13.07.2024;07:42;A 20;1;0;41;2;7;0;0;261;30;2;74;2;46;10;1;0;0;2;1;3;7;2;1;2;39;1;20;2;4;0;100;1;20;2;15;2;12;2;3;2;2;1;57;0;0;1;5;1;3;0;0;0;0;0;0;0;0;0;0;0;0;1;1;0;0;0;0;0;0;0;0;0;0;0;0;0;0;0;0;0;0;0;0;0;0;0;0;0;0;0;0;0;0;0;0
13.07.2024;07:41;A 20;1;2;28;0;0;2;2;282;29;0;41;0;0;2;0;1;1;2;45;2;13;3;5;1;13;1;23;2;2;0;100;2;1;1;7;2;5;1;1;2;1;1;43;0;0;1;1;0;0;0;0;0;0;0;67;1;49;0;0;1;55;3;4;2;3;0;0;0;0;0;0;0;0;0;0;0;0;0;0;0;0;0;0;0;0;0;0;0;0;0;0;0;0;0;0
13.07.2024;07:40;A 20;1;1;8;0;0;1;1;271;28;1;6;1;9;5;2;1;1;1;2;1;19;0;0;6;66;0;82;4;5;0;100;1;3;1;8;1;27;1;1;1;1;1;79;0;0;1;1;2;2;0;38;0;39;1;19;0;0;1;6;0;0;1;1;0;0;0;0;0;0;0;0;0;0;0;0;0;0;0;0;0;0;0;0;0;0;0;0;0;0;0;0;0;0;0;0
13.07.2024;07:39;A 20;1;0;77;3;68;1;2;274;31;0;0;0;0;30;2;0;0;0;27;0;25;1;2;0;0;1;3;2;3;0;100;1;77;2;70;1;55;2;2;1;1;0;0;0;0;0;0;0;0;2;30;2;46;1;28;2;1;1;21;2;7;2;3;3;5;0;0;0;0;0;0;0;0;0;0;0;0;0;0;0;0;0;0;0;0;0;0;0;0;0;0;0;0;0;0
13.07.2024;07:38;A 20;1;2;60;1;35;3;4;272;29;0;0;0;0;69;5;1;0;1;54;2;52;2;2;0;25;0;0;0;0;0;100;3;55;2;11;3;42;2;1;3;3;0;92;0;0;0;0;0;0;1;1;1;4;1;1;0;0;1;13;0;0;0;0;1;0;0;0;0;0;0;0;0;0;0;0;0;0;0;0;0;0;0;0;0;0;0;0;0;0;0;0;0;0;0;0
13.07.2024;07:37;A 20;1;3;29;10;22;3;4;271;30;0;0;0;0;72;6;0;0;3;65;1;74;3;4;1;78;1;8;1;1;0;100;1;62;2;51;1;6;3;3;1;1;1;33;0;0;1;1;1;1;2;57;1;62;1;13;0;0;1;7;0;0;1;2;2;2;0;0;0;0;0;0;0;0;0;0;0;0;0;0;0;0;0;0;0;0;0;0;0;0;0;0;0;0;0;0
13.07.2024;07:36;A 20;1;2;1;0;0;0;0;286;30;0;0;0;0;28;2;0;0;3;2;1;17;3;4;0;0;0;0;0;0;0;100;2;45;3;20;2;9;3;2;1;1;0;0;0;0;0;0;0;0;1;1;1;5;0;0;1;0;0;0;1;3;2;1;1;2;0;0;0;0;0;0;1;1;0;0;0;0;1;1;1;2;0;0;0;0;0;0;0;0;0;0;0;0;0;0
13.07.2024;07:35;A 20;1;1;19;0;0;1;0;272;27;2;61;1;62;11;2;1;1;0;0;0;0;0;0;0;0;0;0;0;0;0;100;3;62;4;19;2;28;3;3;1;0;0;59;0;0;0;0;0;0;0;0;0;0;2;67;0;0;2;30;0;0;2;3;2;1;0;0;0;0;0;0;0;0;0;0;0;0;0;0;0;0;0;0;0;0;0;0;0;0;0;0;0;0;0;0
13.07.2024;07:34;A 20;1;1;74;0;0;2;3;275;28;2;20;1;27;20;4;2;2;0;0;0;0;0;0;0;0;1;1;0;0;0;100;1;56;1;9;2;39;1;1;3;3;1;22;0;0;1;1;1;1;0;0;0;0;0;0;0;0;0;0;0;0;3;2;2;1;0;0;0;0;0;0;0;0;0;0;0;0;0;0;0;0;0;0;0;0;0;0;0;0;0;0;0;0;0;0
13.07.2024;07:33;A 20;1;2;20;2;10;3;3;264;28;1;12;1;21;42;6;2;2;1;29;1;3;1;1;0;29;0;0;0;0;0;100;1;41;1;56;2;8;3;4;2;1;1;13;0;0;0;0;0;0;0;0;0;0;0;0;0;0;0;0;0;0;1;5;0;0;0;0;0;0;1;1;0;0;0;0;0;0;1;1;0;0;0;0;0;0;0;0;0;0;0;0;0;0;0;0
13.07.2024;07:32;A 20;1;0;0;1;28;0;0;269;30;0;0;0;0;5;0;0;0;3;38;3;15;3;3;1;13;1;8;0;0;0;100;0;0;0;0;1;23;0;0;0;0;1;47;0;0;0;0;0;0;0;0;0;0;0;3;0;3;0;0;0;4;2;2;1;2;0;0;0;0;0;0;0;0;0;0;0;0;0;0;0;0;0;0;0;0;0;0;0;0;0;0;0;0;0;0
13.07.2024;07:31;A 20;1;3;16;0;0;3;2;282;29;0;0;0;0;49;4;0;0;0;0;0;0;1;1;1;7;1;6;0;0;0;100;1;31;0;38;1;33;0;0;1;1;1;76;0;0;1;1;1;1;0;0;0;0;1;85;1;45;1;7;1;52;2;7;0;0;0;0;0;0;0;0;0;0;0;0;0;0;0;0;0;0;0;0;0;0;0;0;0;0;0;0;0;0;0;0
13.07.2024;07:30;A 20;1;2;2;1;4;1;0;279;30;0;0;0;0;6;0;0;0;1;0;1;3;1;1;1;57;1;8;2;3;0;100;1;42;2;22;2;20;3;4;2;2;1;7;0;0;1;1;1;1;1;26;1;7;1;68;0;0;1;76;1;71;1;2;0;0;0;0;0;0;0;0;0;0;0;0;0;0;0;0;0;0;0;0;0;0;0;0;0;0;0;0;0;0;0;0
13.07.2024;07:29;A 20;1;1;7;0;2;1;1;268;27;0;0;0;0;4;0;0;0;2;1;2;8;2;3;2;67;2;38;2;2;0;100;2;40;1;10;1;10;1;1;1;1;0;0;0;0;0;0;0;0;2;51;1;36;1;10;0;0;1;12;0;0;2;3;0;0;1;1;0;0;0;0;0;0;0;0;0;0;0;0;0;0;0;0;0;0;0;0;0;0;0;0;0;0;0;0
13.07.2024;07:28;A 20;1;1;8;2;31;1;1;254;29;0;0;0;0;40;3;0;0;1;39;2;26;2;3;1;0;0;0;0;0;0;100;1;71;2;82;2;6;2;2;2;2;2;13;0;0;1;0;1;1;0;0;1;6;0;36;0;37;0;0;0;37;1;1;1;1;0;0;0;0;0;0;0;0;0;0;0;0;0;0;0;0;0;0;0;0;0;0;0;0;0;0;0;0;0;0
13.07.2024;07:27;A 20;1;0;1;0;1;0;0;252;26;0;0;0;0;55;5;0;0;1;47;1;7;1;1;0;0;0;0;0;0;0;100;3;63;1;65;1;60;2;2;3;4;1;31;0;0;2;3;1;2;3;0;0;0;1;37;2;62;1;8;1;73;1;0;4;6;0;0;0;0;0;0;0;0;0;0;0;0;0;0;0;0;0;0;0;0;0;0;0;0;0;0;0;0;0;0
13.07.2024;07:26;A 20;1;1;74;3;73;2;3;270;30;2;94;0;95;71;7;0;0;1;0;1;3;0;0;1;35;0;6;0;0;0;100;1;62;3;41;2;8;3;3;1;1;0;0;0;0;0;0;0;0;0;0;0;0;2;66;1;32;2;10;1;36;1;1;0;0;0;0;0;0;0;0;0;0;0;0;0;0;0;0;0;0;0;0;0;0;0;0;0;0;0;0;0;0;0;0
13.07.2024;07:25;A 20;1;1;4;1;10;1;2;253;27;0;0;1;6;114;11;2;2;0;0;0;0;1;1;0;0;1;2;1;1;0;100;1;0;1;6;2;10;1;0;2;2;1;43;0;0;1;1;1;1;2;2;2;9;1;0;0;0;0;0;0;0;2;5;0;0;0;0;0;0;0;0;0;0;0;0;0;0;0;0;0;0;0;0;0;0;0;0;0;0;0;0;0;0;0;0
13.07.2024;07:24;A 20;1;0;0;0;0;0;0;239;24;0;0;0;0;132;11;0;0;4;27;2;22;4;4;0;0;0;0;0;0;0;100;0;0;1;10;0;0;1;1;0;0;0;47;0;0;0;0;0;0;0;55;0;0;1;59;0;0;1;8;0;0;0;0;0;0;0;0;0;0;0;0;0;0;0;0;0;0;0;0;0;0;0;0;0;0;0;0;0;0;0;0;0;0;0;0
13.07.2024;07:23;A 20;1;2;9;1;4;2;1;236;25;0;40;0;0;152;12;0;0;4;53;1;67;2;3;0;0;0;0;0;0;0;100;1;0;1;25;0;19;1;1;1;0;1;50;0;0;1;1;1;1;1;9;1;8;1;33;0;0;1;5;0;0;1;1;0;0;0;0;0;0;0;0;0;0;0;0;0;0;0;0;0;0;0;0;0;0;0;0;0;0;0;0;0;0;0;0
13.07.2024;07:22;A 20;1;0;0;0;0;0;0;239;24;1;31;1;6;133;12;1;1;4;37;1;54;6;8;0;0;0;0;0;0;0;100;0;0;1;42;1;35;1;7;0;0;1;40;0;0;1;3;0;0;0;52;0;51;0;0;0;0;0;0;0;0;0;0;0;0;0;0;0;0;0;0;0;0;0;0;0;0;0;0;0;0;0;0;0;0;0;0;0;0;0;0;0;0;0;0
13.07.2024;07:21;A 20;1;1;3;3;14;0;0;231;26;0;0;0;0;144;12;0;0;0;24;0;0;0;0;1;46;1;56;1;1;0;100;0;95;1;27;0;0;2;3;0;0;1;88;0;0;1;0;1;1;1;27;1;38;0;28;0;0;1;27;0;0;0;0;0;0;0;0;0;0;0;0;0;0;0;0;0;0;0;0;0;0;0;0;0;0;0;0;0;0;0;0;0;0;0;0
13.07.2024;07:20;A 20;1;1;8;0;0;1;1;215;22;0;0;0;0;65;5;0;0;1;47;1;9;1;1;0;0;0;0;0;0;0;100;1;0;3;16;1;4;3;3;1;1;0;0;0;0;0;0;1;1;0;5;0;0;1;49;0;0;1;31;0;0;1;1;0;0;0;0;0;0;0;0;0;0;0;0;0;0;0;0;0;0;0;0;0;0;0;0;0;0;0;0;0;0;0;0
13.07.2024;07:19;A 20;1;1;7;1;14;1;1;238;25;0;0;0;0;26;2;0;0;1;61;1;21;1;1;0;0;0;0;0;0;0;100;2;36;1;9;1;41;2;2;2;1;1;45;0;0;1;1;1;0;1;85;1;7;1;47;0;0;1;7;0;0;0;0;0;0;0;0;0;0;0;0;0;0;0;0;0;0;0;0;0;0;0;0;0;0;0;0;0;0;0;0;0;0;0;0
13.07.2024;07:18;A 20;1;2;17;2;7;2;4;248;26;0;0;0;0;3;0;0;0;1;27;1;37;1;1;0;0;0;0;0;0;0;100;0;0;2;12;0;0;2;2;0;0;2;30;0;0;0;0;0;0;0;0;0;0;0;0;0;0;0;0;0;0;0;0;0;0;0;0;0;0;0;0;0;0;0;0;0;0;0;0;0;0;0;0;0;0;0;0;0;0;0;0;0;0;0;0
13.07.2024;07:17;A 20;1;1;8;2;56;1;0;245;28;0;0;0;0;24;1;0;0;0;0;0;0;0;0;1;62;0;64;1;1;0;100;1;75;1;70;1;7;1;1;1;0;1;86;0;0;3;4;3;3;0;0;0;0;0;14;0;0;0;0;0;0;1;2;0;0;1;1;0;0;0;0;0;0;0;0;0;0;0;0;0;0;0;0;0;0;0;0;0;0;0;0;0;0;0;0
13.07.2024;07:16;A 20;1;1;5;2;5;2;1;248;25;0;46;0;0;0;0;0;0;0;0;0;0;0;0;1;30;1;40;1;5;0;100;0;0;3;41;1;1;3;4;0;0;1;15;0;0;1;1;1;1;0;0;0;0;1;13;0;0;1;7;0;0;2;1;0;0;0;0;0;0;0;0;0;0;0;0;0;0;0;0;0;0;0;0;0;0;0;0;0;0;0;0;0;0;0;0
13.07.2024;07:15;A 20;1;0;0;0;0;0;0;241;24;1;22;1;7;2;1;1;1;1;0;1;3;1;1;1;40;1;9;1;1;0;100;0;0;1;7;0;0;1;1;0;0;0;0;0;0;0;0;0;0;0;0;0;0;0;0;0;0;0;0;0;0;1;3;0;0;0;0;0;0;0;0;0;0;0;0;0;0;0;0;0;0;0;0;0;0;0;0;0;0;0;0;0;0;0;0
13.07.2024;07:14;A 20;1;0;0;1;11;0;0;223;23;1;4;1;4;11;1;1;1;2;4;2;16;2;2;0;0;0;0;0;0;0;100;0;0;2;12;0;0;2;2;0;0;1;15;0;0;1;1;1;1;0;0;0;0;2;52;1;0;2;59;1;3;4;6;1;1;0;0;1;2;0;0;0;0;0;0;0;0;0;0;0;0;0;0;0;0;0;0;0;0;0;0;0;0;0;0
13.07.2024;07:13;A 20;1;2;8;1;4;2;1;212;23;1;19;1;6;10;1;2;1;1;7;0;7;0;0;0;3;0;0;0;0;0;100;0;0;2;60;0;0;2;2;0;0;0;0;0;0;0;0;0;0;0;0;0;0;0;0;1;0;0;0;1;3;1;1;1;1;0;0;1;0;0;0;0;0;0;0;0;0;0;0;0;0;0;0;0;0;0;0;0;0;0;0;0;0;0;0
13.07.2024;07:12;A 20;1;1;34;1;44;1;1;215;23;0;0;0;0;8;0;0;0;2;50;2;29;2;2;1;4;1;7;1;1;0;100;2;27;5;25;1;33;3;4;2;3;0;0;0;0;0;0;0;0;0;6;0;6;0;0;0;2;0;0;0;2;0;0;1;1;0;0;0;0;0;0;1;1;0;0;0;0;1;1;1;1;0;0;0;0;0;0;0;0;0;0;0;0;0;0
13.07.2024;07:11;A 20;1;1;8;1;10;1;1;231;24;0;0;0;0;19;1;0;0;1;0;2;14;1;1;0;25;0;0;0;0;0;100;0;55;0;0;0;0;0;0;0;0;0;0;0;0;0;0;0;0;1;55;1;62;0;0;1;53;0;0;1;63;1;1;1;1;0;0;0;0;0;0;0;0;0;0;0;0;0;0;0;0;0;0;0;0;0;0;0;0;0;0;0;0;0;0
13.07.2024;07:10;A 20;1;0;0;0;0;0;0;245;25;0;0;0;0;7;0;0;0;1;3;1;7;2;2;1;56;2;12;1;0;0;100;1;13;1;35;2;31;1;1;1;1;0;0;0;0;0;0;0;0;0;0;0;0;1;43;0;0;1;9;0;0;1;5;1;5;0;0;0;0;1;1;0;0;0;0;0;0;1;1;0;0;0;0;0;0;0;0;0;0;0;0;0;0;0;0
13.07.2024;07:09;A 20;1;0;26;1;8;2;2;243;26;1;43;0;45;14;1;0;0;1;29;1;8;1;1;0;0;0;0;0;0;0;100;3;16;2;51;2;48;2;5;2;2;0;0;0;0;0;0;0;0;0;0;0;0;0;0;0;0;0;0;0;0;2;7;1;5;0;0;0;0;0;0;0;0;0;0;0;0;0;0;0;0;0;0;0;0;0;0;0;0;0;0;0;0;0;0
13.07.2024;07:08;A 20;1;2;24;1;7;2;2;241;25;1;59;2;18;12;2;2;2;3;58;0;61;3;4;4;57;1;41;2;2;0;100;0;0;1;80;1;75;1;5;1;1;0;22;0;0;0;0;0;0;1;1;1;4;2;53;1;1;1;51;0;0;2;3;1;1;0;0;0;0;0;0;0;0;0;0;0;0;0;0;0;0;0;0;0;0;0;0;0;0;0;0;0;0;0;0
13.07.2024;07:07;A 20;1;3;52;4;6;2;2;243;26;0;0;0;0;9;0;0;0;2;47;2;34;2;5;1;8;2;13;0;0;0;100;0;0;0;0;0;0;0;0;0;0;1;11;0;0;1;1;1;1;0;0;0;0;1;7;1;0;1;5;0;0;0;0;0;0;0;0;0;0;0;0;0;0;0;0;0;0;0;0;0;0;0;0;0;0;0;0;0;0;0;0;0;0;0;0
13.07.2024;07:06;A 20;1;0;0;0;0;0;0;236;24;0;0;0;0;12;1;0;0;1;18;1;9;1;1;0;0;0;0;0;0;0;100;0;0;1;47;0;0;1;1;0;0;1;3;0;0;0;0;0;0;0;0;0;0;0;0;1;0;0;0;0;0;2;4;0;0;0;0;0;0;0;0;0;0;0;0;0;0;0;0;0;0;0;0;0;0;0;0;0;0;0;0;0;0;0;0
13.07.2024;07:05;A 20;1;0;62;1;8;0;0;246;25;0;0;0;0;5;0;0;0;0;0;0;0;0;0;2;30;0;33;0;0;0;100;1;13;4;14;2;12;3;3;1;1;0;0;0;0;1;1;1;1;0;0;0;0;0;0;1;0;0;0;0;0;0;0;2;2;0;0;0;0;0;0;0;0;0;0;0;0;0;0;0;0;0;0;0;0;0;0;0;0;0;0;0;0;0;0
13.07.2024;07:04;A 20;1;1;47;1;6;2;2;239;25;0;0;0;0;11;0;0;0;0;0;0;0;0;0;1;78;2;51;3;4;0;100;0;11;0;0;0;0;0;0;0;0;1;35;0;0;2;2;2;3;0;0;0;0;2;68;0;0;2;33;1;2;0;0;0;0;0;0;0;0;0;0;0;0;0;0;0;0;0;0;0;0;0;0;0;0;0;0;0;0;0;0;0;0;0;0
13.07.2024;07:03;A 20;1;1;9;1;7;1;1;231;24;0;0;0;0;14;1;0;0;3;25;3;22;3;3;0;0;0;0;0;0;0;100;1;20;0;0;1;5;0;0;1;1;0;41;0;0;0;0;0;0;0;0;0;0;1;55;1;47;1;6;1;55;1;1;1;1;0;0;0;0;0;0;0;0;0;0;0;0;0;0;0;0;0;0;0;0;0;0;0;0;0;0;0;0;0;0
13.07.2024;07:02;A 20;1;1;9;0;0;1;1;213;22;0;0;0;0;104;8;0;0;1;0;1;3;1;1;2;68;1;55;2;3;0;100;0;0;0;0;0;0;0;0;0;0;1;7;0;0;1;1;1;1;0;0;0;0;2;30;0;0;1;32;0;0;3;4;1;1;0;0;0;0;0;0;0;0;0;0;0;0;0;0;0;0;0;0;0;0;0;0;0;0;0;0;0;0;0;0
13.07.2024;07:01;A 20;1;1;6;2;23;1;1;213;24;0;0;0;0;159;13;0;0;1;5;1;9;1;1;1;40;1;6;1;1;0;100;3;49;2;50;3;17;3;2;3;3;0;0;0;0;0;0;0;0;0;0;0;0;1;49;1;0;2;50;0;0;0;0;0;0;0;0;0;0;0;0;0;0;0;0;0;0;0;0;0;0;0;0;0;0;0;0;0;0;0;0;0;0;0;0
13.07.2024;07:00;A 20;1;0;0;1;6;0;0;235;25;0;0;0;0;150;13;0;0;0;0;0;0;0;0;0;0;0;0;0;0;0;100;1;13;1;5;1;7;1;0;1;1;1;74;0;0;1;1;1;1;0;0;0;0;1;17;0;0;1;14;0;0;2;6;1;1;0;0;0;0;0;0;0;0;0;0;0;0;0;0;0;0;0;0;0;0;0;0;0;0;0;0;0;0;0;0
13.07.2024;06:59;A 20;1;0;49;0;0;0;0;240;24;0;0;0;0;140;12;0;0;0;0;0;0;0;0;0;0;0;0;0;0;0;100;0;0;1;35;0;0;1;1;0;0;0;83;0;0;0;0;0;0;0;0;0;0;1;97;0;0;0;3;0;0;1;0;1;1;0;0;0;0;0;0;0;0;0;0;0;0;0;0;0;0;0;0;0;0;0;0;0;0;0;0;0;0;0;0
13.07.2024;06:58;A 20;1;1;9;1;4;2;2;233;24;0;0;0;0;3;0;0;0;2;63;2;11;2;2;0;0;0;0;0;0;0;100;0;0;2;16;0;0;2;2;0;0;1;13;0;0;1;1;1;1;0;0;0;0;1;2;0;0;1;10;0;0;3;2;0;0;0;0;0;0;0;0;0;0;0;0;0;0;0;0;0;0;0;0;0;0;0;0;0;0;0;0;0;0;0;0
13.07.2024;06:57;A 20;1;0;0;0;0;0;0;235;23;0;0;0;0;46;3;0;0;1;1;0;1;0;0;2;16;0;20;0;0;0;100;2;6;2;13;1;17;2;2;2;3;0;0;0;0;0;0;0;0;1;1;1;10;1;58;0;0;3;58;0;0;2;3;1;1;0;0;0;0;0;0;0;0;0;0;0;0;0;0;0;0;0;0;0;0;0;0;0;0;0;0;0;0;0;0
13.07.2024;06:56;A 20;1;0;0;0;0;0;0;232;23;0;0;0;0;4;0;0;0;0;0;1;3;2;2;1;57;1;65;2;1;0;100;0;0;1;5;0;0;1;1;0;0;1;54;0;0;0;0;0;0;0;0;0;0;3;19;3;25;2;24;1;35;3;4;1;1;0;0;0;0;0;0;0;0;0;0;0;0;0;0;0;0;0;0;0;0;0;0;0;0;0;0;0;0;0;0
13.07.2024;06:55;A 20;1;2;9;0;0;2;1;243;25;0;0;0;0;34;2;0;0;0;0;0;0;0;0;1;25;1;36;1;2;0;100;0;0;1;8;0;0;1;1;0;0;1;51;0;0;2;4;2;3;0;0;0;0;0;0;0;0;0;0;0;0;0;0;0;0;0;0;0;0;0;0;0;0;0;0;0;0;0;0;0;0;0;0;0;0;0;0;0;0;0;0;0;0;0;0
13.07.2024;06:54;A 20;1;0;0;0;0;0;0;243;24;0;0;0;0;16;1;0;0;2;1;1;8;2;2;0;0;0;0;0;0;0;100;2;15;1;6;1;21;1;0;2;3;0;0;0;0;0;0;0;0;0;0;0;0;1;40;0;0;0;40;0;0;2;3;0;0;0;0;0;0;0;0;0;0;0;0;0;0;0;0;0;0;0;0;0;0;0;0;0;0;0;0;0;0;0;0
13.07.2024;06:53;A 20;1;2;9;0;0;1;1;245;24;0;0;0;0;17;1;0;0;0;0;0;0;0;0;1;59;0;61;0;0;0;100;1;70;0;0;1;5;0;0;1;1;0;0;0;0;0;0;0;0;0;0;0;0;1;61;1;0;2;17;1;3;3;7;1;1;0;0;0;0;0;0;0;0;0;0;0;0;0;0;0;0;0;0;0;0;0;0;0;0;0;0;0;0;0;0
13.07.2024;06:52;A 20;1;0;0;0;0;0;0;240;25;0;0;0;0;4;0;0;0;0;0;0;0;1;2;1;9;1;18;1;1;0;100;0;0;1;8;0;0;1;1;0;0;1;79;0;0;1;1;0;0;0;0;0;0;2;46;0;0;1;8;0;1;4;5;1;1;0;0;0;0;0;0;0;0;0;0;0;0;0;0;0;0;0;0;0;0;0;0;0;0;0;0;0;0;0;0
13.07.2024;06:51;A 20;1;0;0;0;0;0;0;221;22;0;0;0;0;6;0;2;1;2;42;2;13;2;2;0;0;0;0;0;0;0;100;1;0;1;4;1;2;1;1;1;0;0;0;0;0;0;0;1;0;0;0;0;0;1;67;1;41;2;47;1;45;0;0;0;0;0;0;0;0;1;1;0;0;0;0;0;0;1;1;0;0;0;0;0;0;0;0;0;0;0;0;0;0;0;0
13.07.2024;06:50;A 20;1;1;8;1;9;1;1;241;26;0;0;0;0;19;1;0;0;3;26;1;41;3;7;0;0;1;4;0;0;0;100;0;0;0;0;0;0;0;0;0;0;0;0;0;0;0;0;0;0;0;0;0;0;2;45;0;0;3;25;0;0;1;3;0;0;0;0;0;0;0;0;0;0;1;1;0;0;0;0;0;0;0;0;0;0;0;0;0;0;0;0;0;0;0;0
13.07.2024;06:49;A 20;1;0;0;1;4;0;0;237;24;0;60;0;0;42;3;0;0;2;62;2;51;2;2;0;0;0;0;0;0;0;100;0;0;0;0;0;0;0;0;0;0;0;0;0;0;0;0;0;0;0;0;0;0;3;51;2;1;1;64;2;7;1;2;0;0;0;0;0;0;0;0;0;0;0;0;0;0;0;0;0;0;0;0;0;0;0;0;0;0;0;0;0;0;0;0
13.07.2024;06:48;A 20;1;2;14;1;7;2;2;236;26;1;14;1;6;48;4;3;2;2;72;2;80;1;2;0;0;0;0;0;0;0;100;3;16;3;27;2;36;3;4;1;1;0;0;0;0;0;0;0;0;0;0;0;0;0;0;0;0;0;0;0;0;0;1;2;2;0;0;0;0;0;0;0;0;0;0;0;0;0;0;0;0;0;0;0;0;0;0;0;0;0;0;0;0;0;0
13.07.2024;06:47;A 20;1;0;0;0;0;0;0;215;22;3;4;2;10;119;13;3;3;1;1;1;4;2;2;0;0;0;0;0;0;0;100;0;0;1;13;1;38;1;1;1;2;0;0;0;0;0;0;0;0;1;45;1;7;0;0;1;69;0;0;1;75;4;6;1;1;0;0;0;0;0;0;0;0;0;0;0;0;0;0;0;0;0;0;0;0;0;0;0;0;0;0;0;0;0;0
13.07.2024;06:46;A 20;1;1;32;2;45;2;3;203;32;0;0;0;0;123;10;1;0;2;42;2;12;2;3;0;0;0;0;0;0;0;100;1;20;1;6;1;2;1;1;1;0;0;0;0;0;0;0;0;0;0;0;0;0;0;0;0;0;0;0;0;0;2;4;2;3;0;0;0;0;0;0;0;0;0;0;0;0;0;0;0;0;0;0;0;0;0;0;0;0;0;0;0;0;0;0
13.07.2024;06:45;A 20;1;2;23;6;31;2;2;230;29;0;0;0;0;240;21;0;0;1;1;1;5;1;1;0;0;0;0;0;0;0;100;1;29;2;13;1;5;2;2;1;1;0;47;0;0;0;0;0;0;1;1;1;5;1;56;0;0;1;63;1;59;1;0;0;0;0;0;0;0;0;0;0;0;0;0;0;0;0;0;0;0;0;0;0;0;0;0;0;0;0;0;0;0;0;0
13.07.2024;06:44;A 20;1;0;0;0;3;0;0;256;26;0;0;0;0;243;22;0;0;0;0;0;0;0;0;3;64;1;58;1;5;0;100;0;0;0;2;0;0;0;0;0;0;1;40;0;0;1;1;1;1;0;0;0;0;0;0;0;0;0;0;0;0;2;2;1;3;0;0;0;0;0;0;0;0;0;0;0;0;0;0;0;0;0;0;0;0;0;0;0;0;0;0;0;0;0;0
13.07.2024;06:43;A 20;1;1;6;1;1;1;0;245;26;0;0;0;0;249;22;0;0;2;26;2;20;3;3;0;0;1;4;1;1;0;100;2;13;2;46;1;24;3;4;2;2;0;0;0;0;0;0;0;0;1;48;0;54;1;0;0;0;1;3;0;0;0;0;0;0;0;0;0;0;0;0;0;0;0;0;0;0;0;0;0;0;0;0;0;0;0;0;0;0;0;0;0;0;0;0
13.07.2024;06:42;A 20;1;2;16;0;98;2;2;256;28;1;0;1;2;237;22;0;0;0;0;0;0;0;0;1;65;1;40;1;0;0;100;2;22;1;8;2;31;1;1;2;2;1;1;0;0;1;1;0;0;1;1;2;6;0;25;2;0;0;0;0;0;2;2;0;0;0;0;1;1;0;0;0;0;0;0;1;1;0;0;0;0;0;0;0;0;0;0;0;0;0;0;0;0;0;0
13.07.2024;06:41;A 20;1;0;0;2;26;0;0;242;29;0;0;0;0;243;21;2;0;1;0;1;4;1;1;1;6;1;8;1;1;0;100;0;0;1;5;0;0;1;1;0;0;2;76;0;0;2;2;3;4;0;2;0;0;1;9;0;3;1;7;0;3;0;0;1;1;0;0;0;0;0;0;0;0;0;0;0;0;0;0;0;0;0;0;0;0;0;0;0;0;0;0;0;0;0;0
13.07.2024;06:40;A 20;1;1;46;1;8;3;3;253;27;0;0;0;0;266;24;0;0;2;3;1;5;0;0;3;2;1;3;0;0;0;100;0;52;0;0;0;0;0;0;0;0;0;0;0;0;0;0;0;0;0;100;0;0;0;0;2;7;0;0;1;12;0;0;0;0;0;0;0;0;0;0;0;0;0;0;0;0;0;0;0;0;0;0;0;0;0;0;0;0;0;0;0;0;0;0
13.07.2024;06:39;A 20;1;0;0;1;8;0;0;268;28;1;6;1;3;252;23;1;1;0;0;0;0;1;2;1;14;0;14;0;0;0;100;4;29;0;0;3;20;0;0;3;3;0;0;0;0;0;0;0;0;1;8;2;8;0;0;0;0;1;6;0;0;1;0;1;1;0;0;0;0;0;0;0;0;1;2;0;0;0;0;0;0;0;0;0;0;0;0;0;0;0;0;0;0;0;0
13.07.2024;06:38;A 20;1;0;0;0;0;0;0;256;26;0;0;0;0;258;22;0;0;1;1;1;5;2;3;1;79;2;39;1;1;0;100;0;0;1;8;1;1;1;1;1;1;0;43;0;0;0;0;0;0;1;1;1;7;2;18;1;0;1;5;1;2;1;1;0;0;0;0;0;0;0;0;0;0;0;0;0;0;0;0;0;0;0;0;0;0;0;0;0;0;0;0;0;0;0;0
13.07.2024;06:37;A 20;1;1;8;0;0;1;1;269;27;0;0;0;0;250;22;0;0;3;36;2;19;2;2;0;74;0;0;0;0;0;100;0;0;0;0;0;0;0;0;0;0;2;75;0;0;1;1;1;1;1;10;1;16;1;37;2;12;1;4;2;21;5;8;1;1;0;0;0;0;0;0;0;0;0;0;0;0;0;0;0;0;0;0;0;0;0;0;0;0;0;0;0;0;0;0
13.07.2024;06:36;A 20;1;1;6;0;0;1;0;261;27;0;0;0;0;242;22;0;0;0;0;1;6;1;1;1;45;1;9;1;1;0;100;0;62;1;11;0;1;1;1;0;0;1;79;0;0;2;2;2;2;0;0;0;0;1;11;0;0;1;8;0;0;2;2;0;0;0;0;0;0;0;0;0;0;0;0;0;0;0;0;0;0;0;0;0;0;0;0;0;0;0;0;0;0;0;0
13.07.2024;06:35;A 20;1;1;31;0;0;1;0;256;26;1;10;1;7;234;21;1;1;1;71;1;7;1;1;1;16;1;9;1;1;0;100;1;24;1;10;1;6;1;2;1;1;1;66;0;0;0;0;0;0;1;56;1;6;1;29;0;0;1;11;0;0;0;0;0;0;0;0;0;0;0;0;0;0;0;0;0;0;0;0;0;0;0;0;0;0;0;0;0;0;0;0;0;0;0;0
13.07.2024;06:34;A 20;1;3;39;1;10;2;3;264;29;0;0;0;0;246;22;1;0;1;0;1;3;2;2;1;3;1;39;1;0;0;100;0;100;0;0;0;0;0;0;0;0;1;26;0;0;1;1;1;1;0;0;0;0;2;40;0;0;2;38;1;1;1;1;0;0;0;0;0;0;1;1;0;0;0;0;0;0;1;2;0;0;0;0;0;0;0;0;0;0;0;0;0;0;0;0
13.07.2024;06:33;A 20;1;0;0;0;0;0;0;276;29;0;0;0;0;250;21;0;0;1;25;1;3;1;1;0;25;0;0;0;0;0;100;1;4;1;6;1;5;1;1;1;1;0;0;0;0;1;0;1;1;0;0;0;0;0;0;0;0;0;0;0;0;1;3;0;0;0;0;0;0;0;0;0;0;0;0;0;0;0;0;0;0;0;0;0;0;0;0;0;0;0;0;0;0;0;0
13.07.2024;06:32;A 20;1;0;0;1;3;0;0;281;30;0;0;0;0;240;22;1;0;1;35;1;6;1;1;1;15;1;11;1;1;0;100;0;0;1;9;0;0;1;1;0;0;0;0;0;0;0;0;0;0;1;3;0;4;1;18;0;0;0;23;0;23;1;2;0;0;0;0;0;0;0;0;0;0;0;0;0;0;0;0;0;0;0;0;0;0;0;0;0;0;0;0;0;0;0;0
13.07.2024;06:31;A 20;1;0;46;0;0;0;0;266;27;0;0;0;0;223;19;0;0;3;67;1;15;1;1;0;0;0;0;0;0;0;100;0;0;2;7;1;2;2;1;0;0;1;85;0;0;1;1;1;1;1;20;4;37;1;3;0;0;1;22;3;6;4;5;2;2;0;0;0;0;0;0;0;0;0;0;0;0;0;0;0;0;0;0;0;0;0;0;0;0;0;0;0;0;0;0
13.07.2024;06:30;A 20;1;2;10;0;28;2;2;267;29;0;0;0;0;249;22;0;0;2;64;1;77;4;5;0;0;0;0;0;0;0;100;0;0;0;0;0;0;0;0;0;0;2;34;0;0;2;2;2;2;1;23;2;15;2;71;1;41;2;40;1;49;0;0;0;0;0;0;0;0;0;0;0;0;0;0;0;0;0;0;0;0;0;0;0;0;0;0;0;0;0;0;0;0;0;0
13.07.2024;06:29;A 20;1;2;19;1;28;0;0;304;36;0;0;0;0;224;19;1;0;0;0;0;0;0;0;1;59;1;7;0;0;0;100;1;16;1;27;1;17;1;1;0;0;0;0;0;0;0;0;0;0;0;0;0;0;0;0;0;0;0;0;0;0;0;0;2;3;0;0;0;0;0;0;0;0;0;0;0;0;0;0;0;0;0;0;0;0;0;0;0;0;0;0;0;0;0;0
13.07.2024;06:28;A 20;1;2;9;1;0;2;2;318;33;0;0;0;0;245;22;0;0;0;0;0;0;0;0;1;79;1;7;1;1;0;100;1;27;2;38;2;20;3;4;2;2;0;0;0;0;0;0;0;0;0;0;0;0;1;51;1;42;1;4;1;49;3;8;1;1;0;0;0;0;0;0;0;0;0;0;0;0;0;0;0;0;0;0;0;0;0;0;0;0;0;0;0;0;0;0
13.07.2024;06:27;A 20;1;1;3;1;4;1;0;302;34;0;0;0;0;219;19;0;0;1;56;1;53;1;1;2;42;2;18;2;3;0;100;0;0;1;10;1;5;1;1;0;0;0;0;0;0;0;0;0;0;0;0;0;0;1;52;0;0;1;7;0;0;1;3;0;0;0;0;0;0;0;0;0;0;0;0;0;0;0;0;0;0;0;0;0;0;0;0;0;0;0;0;0;0;0;0
13.07.2024;06:26;A 20;1;0;0;0;0;0;0;308;32;0;0;0;0;227;20;0;0;2;32;2;13;3;4;0;0;0;0;1;1;0;100;0;0;0;1;0;0;0;0;0;0;0;0;0;0;0;0;0;0;1;50;1;4;0;0;0;45;0;0;0;46;1;0;0;0;0;0;0;0;0;0;0;0;0;0;0;0;0;0;0;0;0;0;0;0;0;0;0;0;0;0;0;0;0;0
13.07.2024;06:25;A 20;1;0;0;0;0;0;0;313;33;1;5;0;5;218;18;0;0;0;0;0;0;0;0;2;64;1;61;1;2;0;100;1;0;2;49;1;2;3;4;1;0;0;0;0;0;0;0;0;0;1;10;1;7;0;23;1;23;0;0;1;29;2;3;0;0;0;0;0;0;0;0;0;0;0;0;0;0;0;0;0;0;0;0;0;0;0;0;0;0;0;0;0;0;0;0
13.07.2024;06:24;A 20;1;2;69;1;61;2;3;303;33;1;70;2;67;218;22;2;2;0;0;0;0;0;0;1;5;1;9;2;1;0;100;0;0;0;0;0;0;0;0;0;0;0;0;0;0;0;0;0;0;0;27;0;0;2;36;1;2;2;11;0;0;1;1;0;0;0;0;0;0;0;0;0;0;0;0;0;0;0;0;0;0;0;0;0;0;0;0;0;0;0;0;0;0;0;0
13.07.2024;06:23;A 20;1;0;0;1;7;0;0;303;32;0;0;0;0;239;20;0;0;1;0;1;3;1;1;0;0;0;0;0;0;0;100;0;0;1;5;0;0;1;1;0;0;0;0;0;0;0;0;0;0;1;8;1;8;1;20;0;29;1;28;0;33;2;3;1;1;0;0;0;0;0;0;0;0;0;0;0;0;0;0;0;0;0;0;0;0;0;0;0;0;0;0;0;0;0;0
13.07.2024;06:22;A 20;1;1;10;2;16;1;1;311;35;1;51;1;4;270;25;2;1;3;17;0;22;0;0;0;0;0;0;0;0;0;100;1;2;1;6;2;14;1;2;2;3;1;87;0;0;1;1;0;0;1;4;1;5;0;0;1;83;0;0;1;87;0;0;0;0;0;0;0;0;0;0;0;0;0;0;0;0;0;0;0;0;0;0;0;0;0;0;0;0;0;0;0;0;0;0
13.07.2024;06:21;A 20;1;0;0;0;0;0;0;314;33;0;0;0;0;271;24;0;0;1;21;1;16;4;4;0;0;0;0;0;0;0;100;1;36;2;54;3;39;2;2;1;1;0;0;0;0;0;0;1;1;0;0;0;0;0;0;0;0;0;0;0;0;1;3;0;0;0;0;0;0;0;0;0;0;0;0;0;0;0;0;0;0;0;0;0;0;0;0;0;0;0;0;0;0;0;0
13.07.2024;06:20;A 20;1;1;6;0;0;1;0;297;31;0;0;0;0;259;23;0;0;1;74;1;4;1;1;0;0;0;0;0;0;0;100;0;0;1;3;1;0;1;1;0;0;0;84;0;0;0;0;0;0;1;1;0;4;1;0;1;0;1;3;1;2;2;2;1;1;0;0;0;0;0;0;0;0;0;0;0;0;0;0;0;0;0;0;0;0;0;0;0;0;0;0;0;0;0;0
13.07.2024;06:19;A 20;1;0;0;1;3;0;0;304;32;0;0;0;0;253;22;0;0;0;0;0;0;0;0;0;11;0;0;0;0;0;100;0;0;0;0;0;0;0;0;0;0;1;3;0;0;1;1;1;1;0;0;1;0;1;49;0;0;1;8;0;0;2;3;0;0;0;0;0;0;0;0;0;0;0;0;0;0;0;0;0;0;0;0;0;0;0;0;0;0;0;0;0;0;0;0
13.07.2024;06:18;A 20;1;0;0;0;0;0;0;324;34;0;0;0;0;249;23;0;0;3;51;2;57;3;5;1;38;1;11;1;1;0;100;1;0;0;0;1;2;0;0;1;0;0;0;0;0;0;0;0;0;0;0;0;0;2;3;2;1;2;10;2;6;2;2;0;0;0;0;0;0;1;1;0;0;0;0;0;0;1;1;0;0;0;0;0;0;0;0;0;0;0;0;0;0;0;0
13.07.2024;06:17;A 20;1;0;2;0;0;0;0;307;32;0;0;0;0;252;22;0;0;0;0;0;0;0;0;0;0;0;0;0;0;0;100;1;1;0;0;1;8;0;0;0;0;0;0;0;0;0;0;0;0;1;1;1;7;1;65;1;0;1;57;1;3;1;1;1;1;0;0;0;0;0;0;0;0;0;0;0;0;0;0;0;0;0;0;0;0;0;0;0;0;0;0;0;0;0;0
13.07.2024;06:16;A 20;1;1;12;0;0;1;1;306;32;0;0;0;0;257;23;0;0;0;35;0;0;0;0;0;82;0;82;0;0;0;100;0;0;1;13;0;0;1;1;1;1;0;5;0;0;0;0;0;0;0;0;0;0;2;30;2;1;2;15;1;3;0;0;1;1;0;0;0;0;0;0;0;0;0;0;0;0;1;4;0;0;0;0;0;0;0;0;0;0;0;0;0;0;0;0
13.07.2024;06:15;A 20;1;0;0;0;0;0;0;311;32;0;0;0;0;239;21;0;0;3;3;3;16;2;3;2;52;1;60;1;2;0;100;1;0;1;4;1;2;1;0;1;0;1;92;0;0;0;0;0;0;0;0;0;0;0;0;0;0;0;0;0;0;0;0;1;1;0;0;0;0;0;0;0;0;0;0;0;0;0;0;0;0;0;0;0;0;0;0;0;0;0;0;0;0;0;0
13.07.2024;06:14;A 20;1;0;0;1;7;0;0;295;32;0;0;0;0;250;21;0;0;1;18;1;9;3;4;1;48;2;36;2;3;0;100;0;42;1;6;0;0;1;1;0;0;0;0;0;0;1;0;1;1;1;53;1;7;0;0;0;0;0;0;0;0;1;2;2;2;0;0;0;0;0;0;0;0;0;0;0;0;0;0;0;0;0;0;0;0;0;0;0;0;0;0;0;0;0;0
13.07.2024;06:13;A 20;1;0;0;0;0;0;0;304;31;0;0;0;0;241;22;0;0;1;0;1;5;1;1;3;76;2;83;1;2;0;100;2;84;3;16;2;16;3;3;2;2;0;0;0;0;0;0;0;0;1;0;0;0;1;1;1;55;1;3;1;62;0;0;0;0;0;0;0;0;0;0;0;0;0;0;0;0;0;0;0;0;0;0;0;0;0;0;0;0;0;0;0;0;0;0
13.07.2024;06:12;A 20;1;0;0;0;0;0;0;295;31;0;0;0;0;220;20;0;0;0;0;0;0;0;0;1;84;1;8;2;2;0;100;2;57;0;19;3;15;1;4;2;2;0;0;0;0;0;0;0;0;0;0;0;0;1;2;1;43;1;57;1;49;2;3;2;3;0;0;0;0;0;0;0;0;0;0;0;0;0;0;0;0;0;0;0;0;0;0;0;0;0;0;0;0;0;0
13.07.2024;06:11;A 20;1;0;0;0;0;0;0;311;32;0;0;0;0;222;19;0;0;0;0;0;0;1;1;0;0;0;0;0;0;0;100;1;0;3;54;1;5;3;6;1;0;0;0;0;0;0;0;0;0;3;13;0;0;0;0;1;0;0;0;1;3;0;0;1;1;0;0;0;0;0;0;0;0;0;0;0;0;0;0;0;0;0;0;0;0;0;0;0;0;0;0;0;0;0;0
13.07.2024;06:10;A 20;1;1;4;0;0;1;1;305;31;0;0;0;0;233;21;0;0;3;29;1;39;3;4;2;64;1;43;1;1;0;100;0;11;0;0;0;0;0;0;0;0;0;0;0;0;0;0;0;0;1;1;1;5;0;0;0;0;0;0;0;0;2;4;0;0;0;0;0;0;0;0;0;0;0;0;0;0;0;0;0;0;0;0;0;0;0;0;0;0;0;0;0;0;0;0
13.07.2024;06:09;A 20;1;1;7;1;3;1;1;310;32;0;0;0;0;229;20;0;0;1;62;0;7;1;1;1;11;2;15;2;2;0;100;1;25;1;7;1;7;1;1;1;1;0;0;0;0;0;0;0;0;0;0;0;0;0;0;0;0;0;0;0;0;2;3;0;0;0;0;0;0;0;0;0;0;0;0;0;0;0;0;0;0;0;0;0;0;0;0;0;0;0;0;0;0;0;0
13.07.2024;06:08;A 20;1;1;4;0;0;1;0;302;31;0;0;0;0;216;18;0;0;0;0;1;2;1;1;0;0;0;0;0;0;0;100;0;0;1;4;0;0;1;1;0;0;0;0;0;0;0;0;0;0;0;0;0;0;0;0;0;0;0;0;0;0;1;1;0;0;0;0;0;0;0;0;0;0;0;0;0;0;0;0;0;0;0;0;0;0;0;0;0;0;0;0;0;0;0;0
13.07.2024;06:07;A 20;1;0;0;1;6;0;0;304;33;0;0;0;0;232;20;0;0;2;16;2;16;1;1;2;1;0;0;0;0;0;100;0;0;0;0;0;0;0;0;0;0;0;0;0;0;0;0;0;0;0;0;0;0;1;38;2;1;1;6;0;0;1;0;2;2;0;0;0;0;0;0;0;0;0;0;0;0;0;0;0;0;0;0;0;0;0;0;0;0;0;0;0;0;0;0
13.07.2024;06:06;A 20;1;0;0;0;0;0;0;299;30;1;1;1;3;214;20;1;1;0;0;0;0;1;4;1;28;1;6;1;1;0;100;0;0;1;8;0;0;1;0;0;0;0;0;0;0;0;0;0;0;0;0;0;0;0;0;0;0;0;0;0;0;0;0;0;0;0;0;0;0;0;0;0;0;0;0;0;0;0;0;0;0;0;0;0;0;0;0;0;0;0;0;0;0;0;0
13.07.2024;06:05;A 20;1;0;0;0;0;0;0;298;30;1;0;0;0;239;21;1;0;0;0;0;0;0;0;2;22;1;30;2;2;0;100;1;1;1;3;1;1;1;0;0;0;0;0;0;0;0;0;0;0;0;0;0;0;0;0;0;0;0;0;0;0;1;0;0;0;0;0;0;0;0;0;0;0;0;0;0;0;0;0;0;0;0;0;0;0;0;0;0;0;0;0;0;0;0;0
13.07.2024;06:04;A 20;1;0;0;1;4;0;0;309;32;0;0;0;0;205;18;0;0;1;29;1;10;1;1;0;0;0;0;0;0;0;100;0;0;0;0;0;0;0;0;0;0;0;0;0;0;0;0;0;0;0;0;0;0;0;0;0;0;0;0;0;0;1;2;0;0;0;0;0;0;0;0;0;0;0;0;0;0;0;0;0;0;0;0;0;0;0;0;0;0;0;0;0;0;0;0
13.07.2024;06:03;A 20;1;1;11;1;8;1;1;291;31;0;38;0;0;168;14;1;0;2;36;2;14;2;3;0;0;0;0;0;0;0;100;0;0;4;17;0;0;3;2;0;0;0;37;0;0;0;0;0;0;1;1;1;4;0;0;1;0;0;0;0;0;2;8;1;1;0;0;0;0;1;3;0;0;0;0;0;0;5;9;0;0;0;0;0;0;0;0;0;0;0;0;0;0;0;0
13.07.2024;06:02;A 20;1;1;16;1;8;1;1;298;32;1;81;1;4;179;16;1;1;1;0;1;3;1;1;1;2;1;15;1;1;0;100;1;62;0;0;1;7;0;0;1;1;1;62;0;0;1;0;1;0;0;0;0;0;0;0;0;27;0;0;0;28;1;0;1;1;0;0;0;0;1;0;0;0;0;0;0;0;1;0;0;0;0;0;0;0;0;0;0;0;0;0;0;0;0;0
13.07.2024;06:01;A 20;1;2;8;0;0;2;1;317;33;0;0;0;0;170;14;0;0;2;1;1;8;2;2;0;0;0;0;0;0;0;100;0;0;1;76;0;0;2;1;0;0;0;0;0;0;0;0;0;0;0;0;0;0;0;0;1;22;0;0;1;30;3;3;0;0;0;0;0;0;0;0;0;0;0;0;0;0;0;0;0;0;0;0;0;0;0;0;0;0;0;0;0;0;0;0
13.07.2024;06:00;A 20;1;0;0;0;0;0;0;298;30;0;0;0;0;172;15;0;0;1;30;1;3;1;1;0;0;0;0;0;0;0;100;0;0;3;27;0;0;3;3;0;0;0;12;0;0;0;0;0;0;0;0;0;0;0;0;1;0;0;0;0;0;0;0;0;0;0;0;0;0;0;0;0;0;0;0;0;0;0;0;0;0;0;0;0;0;0;0;0;0;0;0;0;0;0;0
13.07.2024;05:59;A 20;1;0;6;0;6;0;0;296;31;0;0;0;0;157;14;0;0;1;36;1;8;1;1;0;0;0;0;0;0;0;100;0;0;0;0;0;0;0;0;0;0;1;7;0;0;1;1;1;1;0;0;0;0;0;0;0;0;0;0;0;0;0;0;0;0;0;0;0;0;0;0;0;0;0;0;0;0;0;0;0;0;0;0;0;0;0;0;0;0;0;0;0;0;0;0
13.07.2024;05:58;A 20;1;1;48;2;46;1;2;295;31;0;0;0;0;172;14;1;0;0;0;0;0;0;0;0;0;0;0;0;0;0;100;0;0;0;2;0;0;0;0;0;0;0;0;0;0;0;0;0;0;0;0;0;0;0;0;1;41;0;0;1;45;1;1;1;1;0;0;0;0;0;0;0;0;0;0;0;0;0;0;0;0;0;0;0;0;0;0;0;0;0;0;0;0;0;0
13.07.2024;05:57;A 20;1;0;0;0;0;0;0;298;30;1;21;1;3;167;15;1;1;0;0;0;0;0;0;0;0;0;0;0;0;0;100;1;68;2;69;1;6;2;2;1;1;0;24;0;0;0;0;0;0;0;0;0;0;0;0;0;0;0;0;0;0;2;2;2;2;0;0;0;0;1;1;0;0;0;0;0;0;1;1;0;0;0;0;0;0;0;0;0;0;0;0;0;0;0;0
13.07.2024;05:56;A 20;1;0;0;1;12;0;0;310;33;1;63;1;4;175;15;2;1;0;0;0;0;0;0;2;26;2;13;2;2;0;100;1;46;1;37;1;6;1;1;1;1;1;15;0;0;1;1;1;0;0;0;0;0;0;0;1;0;0;0;2;4;0;0;1;1;0;0;0;0;0;0;0;0;0;0;0;0;1;1;0;0;0;0;0;0;0;0;0;0;0;0;0;0;0;0
13.07.2024;05:55;A 20;1;0;0;1;4;0;0;314;33;0;2;0;0;154;13;0;0;0;0;0;0;0;0;0;0;0;0;0;0;0;100;1;25;1;1;1;5;1;1;1;1;3;44;0;0;3;4;2;3;0;0;0;0;0;0;1;0;0;0;0;0;0;0;0;0;0;0;0;0;0;0;0;0;0;0;0;0;0;0;0;0;0;0;0;0;0;0;0;0;0;0;0;0;0;0
13.07.2024;05:54;A 20;1;0;0;0;0;0;0;294;30;1;45;1;6;179;16;1;1;0;0;0;0;0;0;0;0;0;0;0;0;0;100;0;0;0;0;0;0;0;0;0;0;1;84;0;0;1;1;2;1;0;0;0;0;0;0;0;0;0;0;0;0;1;1;0;0;0;0;0;0;0;0;0;0;0;0;0;0;0;0;0;0;0;0;0;0;0;0;0;0;0;0;0;0;0;0
13.07.2024;05:53;A 20;1;0;0;0;0;0;0;315;32;1;43;1;7;176;16;1;1;1;27;1;14;1;1;0;0;0;0;0;0;0;100;0;0;0;0;0;0;0;0;0;0;0;0;0;0;0;0;0;0;0;0;0;0;0;0;0;0;0;0;0;0;0;0;1;1;0;0;0;0;0;0;0;0;0;0;0;0;1;1;0;0;0;0;0;0;0;0;0;0;0;0;0;0;0;0
13.07.2024;05:52;A 20;1;0;0;0;0;0;0;298;31;0;0;0;0;187;16;0;0;2;37;0;41;0;0;0;0;1;1;0;0;0;100;0;0;1;7;0;0;1;1;0;0;0;0;0;0;0;0;0;0;0;0;0;0;1;20;0;0;1;7;0;0;0;0;0;0;0;0;0;0;0;0;0;0;0;0;0;0;0;0;0;0;0;0;0;0;0;0;0;0;0;0;0;0;0;0
13.07.2024;05:51;A 20;1;0;0;1;5;0;0;286;31;0;0;0;0;198;17;0;0;1;42;1;25;3;4;0;0;0;0;0;0;0;100;0;0;1;8;0;0;1;1;0;0;0;0;0;0;0;0;0;0;0;0;0;0;0;25;0;23;0;0;0;24;1;1;1;1;0;0;0;0;0;0;0;0;0;0;0;0;0;0;0;0;0;0;0;0;0;0;0;0;0;0;0;0;0;0
13.07.2024;05:50;A 20;1;0;0;0;0;0;0;304;31;0;0;0;0;203;18;0;0;1;24;1;8;1;1;0;0;0;0;0;0;0;100;1;3;0;0;1;7;1;0;1;0;0;0;0;0;0;0;0;0;0;0;0;0;1;37;1;34;1;6;1;38;1;1;0;0;0;0;0;0;0;0;0;0;0;0;0;0;0;0;0;0;0;0;0;0;0;0;0;0;0;0;0;0;0;0
13.07.2024;05:49;A 20;1;2;10;1;8;1;1;294;32;1;1;1;6;198;18;2;2;1;34;1;12;0;0;0;0;0;0;0;0;0;100;1;0;1;8;1;2;1;1;1;0;1;23;0;0;1;1;1;1;0;0;0;0;0;51;0;0;0;0;0;0;2;3;0;0;0;0;0;0;0;0;0;0;0;0;0;0;0;0;0;0;0;0;0;0;0;0;0;0;0;0;0;0;0;0
13.07.2024;05:48;A 20;1;0;0;1;6;0;0;278;30;0;0;0;0;201;18;0;0;1;11;1;10;3;3;1;1;1;7;1;1;0;100;0;0;2;21;0;0;2;2;0;0;1;27;0;0;1;1;0;0;0;12;0;0;1;34;0;0;1;5;1;2;0;0;0;0;0;0;0;0;1;3;0;0;0;0;0;0;0;0;0;0;0;0;0;0;0;0;0;0;0;0;0;0;0;0
13.07.2024;05:47;A 20;1;1;9;3;16;1;1;289;32;0;0;0;0;187;16;0;0;0;21;0;0;0;0;0;0;0;0;0;0;0;100;2;3;0;0;2;21;0;0;2;2;1;38;0;0;1;1;1;1;1;9;1;8;0;0;0;0;0;0;0;0;1;1;1;1;0;0;0;0;0;0;0;0;0;0;0;0;0;0;0;0;0;0;0;0;0;0;0;0;0;0;0;0;0;0
13.07.2024;05:46;A 20;1;0;0;1;4;0;0;309;33;1;82;1;4;219;19;1;1;1;18;1;11;1;1;2;34;0;38;1;1;0;100;2;41;0;67;2;41;0;0;2;2;0;0;0;0;0;0;0;0;0;0;0;0;0;0;0;0;0;0;0;0;1;1;0;0;0;0;0;0;0;0;0;0;0;0;0;0;0;0;0;0;0;0;0;0;0;0;0;0;0;0;0;0;0;0
13.07.2024;05:45;A 20;1;1;7;1;6;1;0;297;31;0;0;0;0;203;18;0;0;0;0;0;0;0;0;1;76;1;85;2;2;0;100;1;0;2;35;1;2;2;2;1;0;0;0;0;0;0;0;0;0;0;0;0;0;1;26;0;0;1;7;0;0;0;0;0;0;0;0;0;0;0;0;0;0;0;0;0;0;0;0;0;0;0;0;0;0;0;0;0;0;0;0;0;0;0;0
13.07.2024;05:44;A 20;1;0;0;0;0;0;0;298;31;0;0;0;0;191;17;0;0;3;35;1;46;3;3;0;10;0;0;0;0;0;100;0;0;0;0;0;0;0;0;0;0;0;0;0;0;0;0;0;0;1;59;1;9;0;0;0;0;0;0;0;0;0;0;0;0;0;0;0;0;0;0;0;0;0;0;0;0;0;0;0;0;0;0;0;0;0;0;0;0;0;0;0;0;0;0
13.07.2024;05:43;A 20;1;2;16;0;0;2;1;290;30;0;44;0;0;186;16;0;0;1;52;1;13;0;0;1;13;1;6;1;0;0;100;0;0;1;11;0;0;1;1;0;0;0;0;0;0;0;0;0;0;0;0;0;0;0;0;2;1;0;0;0;0;1;2;1;1;0;0;0;0;0;0;0;0;0;0;0;0;0;0;0;0;0;0;0;0;0;0;0;0;0;0;0;0;0;0
13.07.2024;05:42;A 20;1;0;0;0;0;0;0;292;30;1;54;1;8;196;18;1;1;4;35;1;53;5;11;1;75;1;9;0;0;0;100;0;0;1;3;0;0;1;1;0;0;0;0;0;0;0;0;0;0;0;0;0;0;1;1;2;6;1;6;1;24;3;2;4;6;0;0;0;0;0;0;0;0;0;0;0;0;1;1;0;0;0;0;0;0;0;0;0;0;0;0;0;0;0;0
13.07.2024;05:41;A 20;1;0;0;0;0;0;0;296;30;0;0;0;0;213;18;0;0;0;51;0;0;0;0;0;0;0;0;1;1;0;100;13;4;1;25;1;54;1;1;1;1;0;0;0;0;0;0;0;0;0;0;0;0;0;0;0;0;0;0;0;0;1;4;2;3;0;0;0;0;1;1;0;0;0;0;0;0;0;0;0;0;0;0;0;0;0;0;0;0;0;0;0;0;0;0
13.07.2024;05:40;A 20;1;1;13;1;9;1;1;288;31;1;16;1;8;219;21;0;0;2;8;2;12;2;2;0;0;0;0;0;0;0;100;0;0;1;15;0;0;3;4;0;0;0;0;0;0;0;0;0;0;0;0;0;0;1;38;0;0;1;2;1;2;1;1;0;0;0;0;0;0;1;1;0;0;0;0;0;0;1;1;0;0;0;0;0;0;0;0;0;0;0;0;0;0;0;0
13.07.2024;05:39;A 20;1;1;21;0;0;1;1;297;31;0;0;0;0;264;24;1;1;1;0;1;5;1;1;0;0;0;0;0;0;0;100;0;0;0;0;0;0;0;0;0;0;1;32;0;0;0;0;0;0;0;0;0;0;1;14;1;0;1;7;0;0;1;1;0;0;0;0;0;0;0;0;0;0;0;0;0;0;0;0;0;0;0;0;0;0;0;0;0;0;0;0;0;0;0;0
13.07.2024;05:38;A 20;1;2;11;0;0;1;1;293;30;0;0;0;0;243;21;0;0;0;0;0;0;0;0;1;53;0;54;0;0;0;100;1;41;1;59;2;9;1;1;1;1;1;6;0;0;2;43;2;4;3;5;1;12;1;14;0;0;1;4;0;0;0;0;0;0;0;0;0;0;0;0;0;0;0;0;0;0;0;0;0;0;0;0;0;0;0;0;0;0;0;0;0;0;0;0
13.07.2024;05:37;A 20;1;0;0;1;5;0;0;291;30;0;0;0;0;263;24;0;0;2;11;1;16;2;1;1;49;2;39;2;3;0;100;1;63;1;5;1;48;1;0;1;1;0;0;0;0;0;0;0;0;1;1;1;5;1;63;0;0;1;6;0;0;1;2;0;0;0;0;0;0;0;0;0;0;0;0;0;0;0;0;0;0;0;0;0;0;0;0;0;0;0;0;0;0;0;0
13.07.2024;05:36;A 20;1;1;7;1;5;1;0;299;32;0;0;0;0;239;20;1;0;1;51;2;50;2;2;0;0;0;0;0;0;0;100;1;7;1;5;1;14;1;0;1;1;2;27;0;0;2;1;2;2;0;0;0;0;1;20;0;0;1;7;0;0;0;0;0;0;0;0;0;0;0;0;0;0;0;0;0;0;0;0;0;0;0;0;0;0;0;0;0;0;0;0;0;0;0;0
13.07.2024;05:35;A 20;1;0;0;0;0;0;0;307;32;0;0;0;0;243;22;0;0;2;65;1;77;2;2;0;0;0;0;0;0;0;100;0;0;1;5;0;0;1;1;0;0;0;0;0;0;0;0;0;0;1;31;1;8;0;0;0;0;0;0;0;0;1;1;0;0;0;0;0;0;0;0;0;0;0;0;0;0;0;0;0;0;0;0;0;0;0;0;0;0;0;0;0;0;0;0
13.07.2024;05:34;A 20;1;2;8;2;13;1;0;284;31;0;0;0;0;250;22;0;0;1;0;1;6;1;1;0;52;0;0;0;0;0;100;2;29;1;10;2;27;1;1;3;2;0;0;0;0;0;0;0;0;0;0;0;0;0;0;0;15;0;0;0;16;1;1;1;1;0;0;0;0;0;0;0;0;0;0;0;0;0;0;0;0;0;0;0;0;0;0;0;0;0;0;0;0;0;0
13.07.2024;05:33;A 20;1;0;0;0;0;0;0;311;32;0;0;0;0;232;21;0;0;1;2;0;1;0;0;1;62;1;9;1;1;0;100;0;0;1;4;0;0;1;0;0;0;2;84;0;0;1;1;1;0;0;0;0;0;0;0;1;40;0;0;1;46;1;1;0;0;0;0;0;0;1;1;0;0;0;0;0;0;0;0;0;0;0;0;0;0;0;0;0;0;0;0;0;0;0;0
13.07.2024;05:32;A 20;1;0;0;0;0;0;0;304;31;1;0;0;0;242;22;0;0;1;15;1;28;2;2;0;0;0;0;0;0;0;100;0;32;1;39;1;1;1;1;0;0;0;0;0;0;1;1;1;1;0;0;0;0;0;0;0;0;0;0;0;0;3;4;0;0;0;0;0;0;0;0;0;0;0;0;0;0;0;0;0;0;0;0;0;0;0;0;0;0;0;0;0;0;0;0
13.07.2024;05:31;A 20;1;0;0;0;0;0;0;294;30;0;0;0;0;216;19;0;0;1;10;1;7;1;0;0;0;0;0;0;0;0;100;1;25;2;47;1;9;3;5;1;1;0;0;0;0;0;0;0;0;0;0;0;0;2;79;0;0;2;25;0;0;0;0;1;1;1;1;0;0;0;0;0;0;0;0;0;0;0;0;0;0;0;0;0;0;0;0;0;0;0;0;0;0;0;0
13.07.2024;05:30;A 20;1;0;0;0;0;0;0;309;32;0;0;0;0;242;21;0;0;1;10;1;11;1;0;0;0;0;0;0;0;0;100;1;3;1;6;1;10;1;1;2;2;1;60;0;0;0;0;0;0;1;60;1;67;0;0;0;0;0;0;0;0;0;0;0;0;0;0;0;0;0;0;0;0;0;0;0;0;0;0;0;0;0;0;0;0;0;0;0;0;0;0;0;0;0;0
13.07.2024;05:29;A 20;1;0;0;0;0;0;0;300;31;0;0;0;0;224;20;0;0;0;0;0;0;0;0;1;59;1;10;0;1;0;100;1;9;1;3;1;6;1;0;1;1;0;0;0;0;1;1;1;1;0;0;0;0;0;0;0;0;0;0;0;0;1;2;0;0;0;0;0;0;0;0;0;0;0;0;0;0;0;0;0;0;0;0;0;0;0;0;0;0;0;0;0;0;0;0
13.07.2024;05:28;A 20;1;1;7;1;4;1;0;306;32;0;0;0;0;232;21;1;0;1;25;1;6;1;0;0;0;0;0;1;0;0;100;0;0;2;33;0;0;2;2;0;0;0;0;0;0;0;0;0;0;0;0;0;0;0;0;0;0;0;0;0;0;0;0;0;0;0;0;0;0;0;0;0;0;0;0;0;0;0;0;0;0;0;0;0;0;0;0;0;0;0;0;0;0;0;0
13.07.2024;05:27;A 20;1;1;21;1;4;3;2;293;31;0;0;0;0;227;20;0;0;2;62;1;35;2;5;1;60;1;7;1;1;0;100;0;0;2;12;1;1;2;2;0;0;0;24;0;0;0;0;0;0;0;0;0;0;1;1;0;0;1;6;1;3;1;1;0;0;0;0;0;0;0;0;0;0;0;0;0;0;0;0;0;0;0;0;0;0;0;0;0;0;0;0;0;0;0;0
13.07.2024;05:26;A 20;1;3;22;0;0;2;2;289;29;0;0;0;0;227;20;0;0;1;8;1;5;1;1;0;0;0;0;0;0;0;100;1;1;1;9;2;3;1;1;0;0;1;27;0;0;2;2;2;2;0;0;0;0;1;35;0;0;1;3;0;0;2;3;0;0;0;0;0;0;0;0;0;0;0;0;0;0;0;0;0;0;0;0;0;0;0;0;0;0;0;0;0;0;0;0
13.07.2024;05:25;A 20;1;2;29;0;0;1;1;292;29;0;0;0;0;227;19;0;0;1;32;0;31;0;0;1;30;1;4;1;1;0;100;1;15;1;11;1;6;1;1;1;1;0;0;0;0;0;0;0;0;0;0;0;0;1;40;0;0;1;7;0;0;0;0;0;0;0;0;0;0;0;0;0;0;0;0;0;0;0;0;0;0;0;0;0;0;0;0;0;0;0;0;0;0;0;0
13.07.2024;05:24;A 20;1;0;4;1;4;0;0;293;31;1;35;0;36;223;19;0;0;1;14;1;25;2;2;1;46;1;7;1;1;0;100;1;20;1;5;1;5;1;0;1;1;0;0;0;0;0;0;0;0;0;0;0;0;0;0;0;0;0;0;0;0;1;1;1;1;0;0;0;0;0;0;0;0;1;1;0;0;0;0;0;0;0;0;0;0;0;0;0;0;0;0;0;0;0;0
13.07.2024;05:23;A 20;1;1;36;1;7;2;2;293;30;1;24;2;25;204;20;2;3;0;0;0;0;0;0;0;0;0;0;0;0;0;100;0;0;0;0;0;0;0;0;0;0;0;0;0;0;0;0;0;0;0;0;0;0;0;0;0;0;0;0;0;0;0;0;0;0;0;0;0;0;0;0;0;0;0;0;0;0;0;0;0;0;0;0;0;0;0;0;0;0;0;0;0;0;0;0
13.07.2024;05:22;A 20;1;0;0;1;10;0;0;296;31;0;0;0;0;231;20;0;0;3;20;2;18;3;3;0;0;0;0;0;0;0;100;1;25;1;7;1;6;1;1;1;1;0;0;0;0;0;0;0;0;0;0;0;0;0;0;0;0;0;0;0;0;0;0;0;0;0;0;0;0;0;0;0;0;0;0;0;0;1;1;0;0;0;0;0;0;0;0;0;0;0;0;0;0;0;0
13.07.2024;05:21;A 20;1;0;19;0;16;0;0;289;30;0;0;0;0;241;22;0;0;0;0;0;0;0;0;0;0;0;0;0;0;0;100;3;30;1;22;2;10;1;0;3;4;0;0;0;0;0;0;0;0;0;0;0;0;0;0;0;0;0;0;0;0;1;2;0;0;0;0;0;0;0;0;0;0;0;0;0;0;0;0;0;0;0;0;0;0;0;0;0;0;0;0;0;0;0;0
13.07.2024;05:20;A 20;1;1;83;1;66;2;3;301;31;0;0;0;0;239;20;0;0;0;50;0;0;0;0;1;27;2;6;1;1;0;100;0;0;1;72;1;6;1;2;0;0;0;22;0;0;0;0;0;0;0;25;0;26;1;1;1;4;1;5;0;0;1;1;0;0;0;0;0;0;0;0;0;0;0;0;0;0;0;0;0;0;0;0;0;0;0;0;0;0;0;0;0;0;0;0
13.07.2024;05:19;A 20;1;0;0;0;0;0;0;285;29;0;0;0;0;238;21;0;0;2;36;3;13;2;2;1;31;1;3;1;1;0;100;1;0;1;7;1;2;1;1;2;1;1;34;0;0;1;4;1;3;1;31;1;36;0;0;1;0;0;0;0;0;0;0;0;0;0;0;0;0;0;0;0;0;0;0;0;0;0;0;0;0;0;0;0;0;0;0;0;0;0;0;0;0;0;0
13.07.2024;05:18;A 20;1;0;0;0;0;0;0;285;29;0;0;0;0;222;19;0;0;1;26;1;7;0;0;1;38;1;7;1;1;0;100;1;1;1;5;4;7;1;1;1;0;1;16;0;0;1;5;1;3;0;0;0;0;0;0;0;0;0;0;0;0;0;0;0;0;0;0;0;0;0;0;0;0;0;0;0;0;0;0;0;0;0;0;0;0;0;0;0;0;0;0;0;0;0;0
13.07.2024;05:17;A 20;1;1;8;1;6;1;1;278;29;0;0;1;0;227;20;0;0;0;0;0;0;0;0;0;0;0;0;0;0;0;100;1;0;2;8;1;1;2;1;1;0;0;0;0;0;0;0;0;0;0;0;0;0;0;0;0;0;0;0;0;0;1;0;0;0;0;0;0;0;0;0;0;0;0;0;0;0;0;0;0;0;0;0;0;0;0;0;0;0;0;0;0;0;0;0
13.07.2024;05:16;A 20;1;1;8;1;5;1;0;274;27;1;22;1;6;250;23;1;1;0;0;0;0;0;0;0;0;0;0;0;0;0;100;0;0;2;4;0;0;1;1;0;0;0;0;0;0;0;0;0;0;0;0;0;0;0;0;1;40;0;0;1;44;2;2;1;1;0;0;0;0;1;1;0;0;0;0;0;0;0;0;0;0;0;0;0;0;0;0;0;0;0;0;0;0;0;0
13.07.2024;05:15;A 20;1;1;9;0;0;1;0;282;29;0;0;0;0;230;20;0;0;0;0;0;0;0;0;0;0;0;0;0;0;0;100;0;0;2;5;0;0;1;1;0;0;0;0;0;0;0;0;0;0;2;76;0;78;1;27;0;0;1;35;0;0;0;0;0;0;0;0;0;0;0;0;0;0;0;0;0;0;0;0;0;0;0;0;0;0;0;0;0;0;0;0;0;0;0;0
13.07.2024;05:14;A 20;1;1;12;2;9;1;1;286;31;0;0;1;0;215;18;0;0;1;1;0;88;1;1;1;0;0;0;0;0;0;100;1;0;2;4;1;2;1;1;1;1;0;0;0;0;0;0;0;0;1;36;2;22;0;0;1;0;0;0;0;0;0;0;1;1;0;0;0;0;0;0;0;0;0;0;0;0;0;0;0;0;0;0;0;0;0;0;0;0;0;0;0;0;0;0
13.07.2024;05:13;A 20;1;0;0;0;0;0;0;282;29;0;0;0;0;226;20;0;0;1;39;3;99;0;0;1;13;2;9;1;1;0;100;0;0;0;0;1;1;0;0;0;0;3;21;0;0;1;3;1;2;0;0;0;0;0;0;0;0;0;0;0;0;0;0;0;0;0;0;0;0;0;0;0;0;0;0;0;0;0;0;0;0;0;0;0;0;0;0;0;0;0;0;0;0;0;0
13.07.2024;05:12;A 20;1;0;0;0;0;0;0;288;29;0;0;0;0;199;17;0;0;2;17;1;23;1;1;0;0;0;0;0;0;0;100;1;24;1;9;2;5;1;1;1;1;1;40;0;0;2;2;2;2;0;0;0;0;0;22;0;0;0;0;0;0;1;1;0;0;0;0;0;0;0;0;0;0;1;1;0;0;0;0;0;0;0;0;0;0;0;0;0;0;0;0;0;0;0;0
13.07.2024;05:11;A 20;1;0;0;0;0;0;0;290;30;0;0;0;0;234;20;0;0;0;3;1;4;2;3;0;0;0;0;0;0;0;100;0;0;0;0;0;0;0;0;0;0;1;1;0;0;0;0;0;0;2;51;1;23;2;53;0;4;3;19;0;5;1;1;0;0;0;0;0;0;0;0;0;0;0;0;0;0;0;0;0;0;0;0;0;0;0;0;0;0;0;0;0;0;0;0
13.07.2024;05:10;A 20;1;0;0;0;0;0;0;283;30;0;0;0;0;212;18;0;0;1;51;2;7;1;1;0;0;0;0;0;0;0;100;0;0;0;0;0;0;0;0;0;0;0;0;0;0;0;0;0;0;1;58;4;54;1;8;1;0;2;5;1;13;1;2;0;0;0;0;0;0;0;0;0;0;0;0;0;0;0;0;0;0;0;0;0;0;0;0;0;0;0;0;0;0;0;0
13.07.2024;05:09;A 20;1;0;0;0;0;0;0;288;29;0;0;0;0;236;21;0;0;0;0;0;0;0;0;0;0;0;0;0;0;0;100;0;0;2;4;0;0;1;0;0;0;0;0;0;0;0;0;0;0;0;0;0;0;1;56;0;0;2;13;1;45;2;5;0;0;0;0;0;0;0;0;0;0;0;0;0;0;0;0;0;0;0;0;0;0;0;0;0;0;0;0;0;0;0;0
13.07.2024;05:08;A 20;1;0;0;0;0;0;0;268;27;0;0;0;0;211;18;0;0;0;0;0;0;0;0;0;0;0;0;0;0;0;100;0;0;2;5;0;0;1;0;0;0;0;0;0;0;0;0;0;0;0;0;0;0;1;63;1;3;1;6;0;0;1;1;0;0;0;0;0;0;0;0;0;0;0;0;0;0;0;0;0;0;0;0;0;0;0;0;0;0;0;0;0;0;0;0
13.07.2024;05:07;A 20;1;0;0;0;0;0;0;291;29;0;0;0;0;219;19;0;0;1;69;1;80;2;2;3;65;1;1;2;2;0;100;0;0;0;0;0;0;0;0;0;0;0;0;0;0;0;0;0;0;0;0;0;0;1;11;0;0;1;7;0;0;0;0;0;0;0;0;0;0;0;0;0;0;0;0;0;0;0;0;0;0;0;0;0;0;0;0;0;0;0;0;0;0;0;0
13.07.2024;05:06;A 20;1;0;0;1;6;0;0;271;27;1;1;3;2;211;19;1;1;1;42;1;6;2;1;0;0;0;0;0;0;0;100;1;0;2;2;1;2;1;0;1;1;0;0;0;0;0;0;0;0;1;59;1;6;0;0;0;0;0;0;0;0;1;1;1;2;0;0;0;0;0;0;0;0;0;0;0;0;0;0;0;0;0;0;0;0;0;0;0;0;0;0;0;0;0;0
13.07.2024;05:05;A 20;1;0;0;0;0;0;0;281;29;0;0;0;0;219;19;0;0;1;16;1;28;2;1;3;3;0;0;0;0;0;100;0;0;0;0;0;0;0;0;0;0;0;0;0;0;0;0;0;0;0;0;0;0;0;0;3;27;0;0;1;29;0;0;1;1;0;0;0;0;0;0;0;0;0;0;0;0;0;0;0;0;0;0;0;0;0;0;0;0;0;0;0;0;0;0
13.07.2024;05:04;A 20;1;1;7;0;0;1;0;282;28;0;0;1;0;194;17;0;0;1;26;5;29;1;1;0;0;0;0;0;0;0;100;0;0;2;8;0;0;1;1;0;0;0;0;0;0;0;0;0;0;0;0;0;0;0;0;1;60;0;0;1;67;0;0;1;1;0;0;0;0;0;0;0;0;0;0;0;0;0;0;0;0;0;0;0;0;0;0;0;0;0;0;0;0;0;0
13.07.2024;05:03;A 20;1;0;0;0;0;0;0;287;29;0;0;0;0;204;18;0;0;2;33;1;4;2;1;1;5;1;29;1;3;0;100;0;0;0;0;0;0;0;0;0;0;0;0;0;0;0;0;0;0;0;0;0;0;0;0;0;0;0;0;0;0;1;4;1;1;0;0;0;0;0;0;0;0;0;0;0;0;0;0;0;0;0;0;0;0;0;0;0;0;0;0;0;0;0;0
13.07.2024;05:02;A 20;1;0;0;0;0;0;0;287;29;0;0;0;0;190;16;0;0;0;0;0;0;0;0;1;20;3;6;1;1;0;100;0;6;4;12;0;0;2;2;0;0;0;0;0;0;0;0;0;0;0;0;0;0;0;0;0;0;0;0;0;0;0;0;0;0;0;0;0;0;0;0;0;0;0;0;0;0;0;0;0;0;0;0;0;0;0;0;0;0;0;0;0;0;0;0
13.07.2024;05:01;A 20;1;0;0;0;0;0;0;273;28;0;0;0;0;215;18;0;0;2;4;1;25;2;2;0;0;0;0;0;0;0;100;1;5;0;0;2;5;0;0;1;1;0;28;0;0;0;0;0;0;0;0;0;0;0;0;0;0;0;0;0;0;0;0;0;0;0;0;0;0;1;1;0;0;0;0;0;0;0;0;0;0;0;0;0;0;0;0;0;0;0;0;0;0;0;0
13.07.2024;05:00;A 20;1;0;0;0;0;0;0;285;29;0;0;0;0;215;18;0;0;0;0;0;0;0;0;0;0;0;0;0;0;0;100;0;0;0;0;0;0;0;0;0;0;1;11;0;0;1;1;1;1;0;0;0;1;0;0;0;0;0;0;0;0;1;1;0;0;0;0;0;0;0;0;0;0;0;0;0;0;0;0;0;0;0;0;0;0;0;0;0;0;0;0;0;0;0;0
13.07.2024;04:59;A 20;1;0;0;1;6;0;0;288;29;1;48;1;3;205;19;1;1;0;0;0;0;0;0;0;0;0;0;0;0;0;100;1;12;0;0;1;4;0;0;1;1;1;40;0;0;1;1;1;1;1;38;1;47;0;0;0;0;0;0;0;0;0;0;0;0;0;0;0;0;0;0;0;0;0;0;0;0;0;0;0;0;0;0;0;0;0;0;0;0;0;0;0;0;0;0
13.07.2024;04:58;A 20;1;0;0;0;0;0;0;279;28;0;0;0;0;213;18;0;0;0;0;0;0;0;0;0;0;0;0;0;0;0;100;0;0;1;7;1;0;1;1;0;0;2;38;0;0;2;2;2;2;0;0;0;0;0;0;0;0;0;0;0;0;0;0;0;0;0;0;0;0;0;0;0;0;0;0;0;0;0;0;0;0;0;0;0;0;0;0;0;0;0;0;0;0;0;0
13.07.2024;04:57;A 20;1;1;7;0;0;1;0;277;28;0;0;0;0;200;17;0;0;2;70;0;71;0;0;0;0;0;0;0;0;0;100;0;0;1;11;0;0;2;1;0;0;0;0;0;0;0;0;0;0;0;0;0;0;0;0;0;0;0;0;0;0;0;0;0;0;0;0;0;0;0;0;0;0;0;0;0;0;0;0;0;0;0;0;0;0;0;0;0;0;0;0;0;0;0;0
13.07.2024;04:56;A 20;1;0;0;0;0;0;0;276;27;0;0;0;0;231;20;0;0;0;0;1;6;2;1;0;0;0;0;0;0;0;100;0;0;1;0;0;0;0;0;0;0;0;6;0;0;0;0;0;0;0;10;0;0;0;0;0;0;0;0;0;0;0;0;0;0;0;0;0;0;0;0;0;0;0;0;0;0;0;0;0;0;0;0;0;0;0;0;0;0;0;0;0;0;0;0
13.07.2024;04:55;A 20;1;0;0;0;0;0;0;272;27;0;0;0;0;224;19;0;0;0;15;0;0;0;0;0;0;0;0;0;0;0;100;0;0;0;0;2;1;0;0;0;0;1;28;0;0;1;1;1;2;1;22;1;6;0;17;0;0;0;0;0;0;1;1;0;0;0;0;0;0;0;0;0;0;0;0;0;0;0;0;0;0;0;0;0;0;0;0;0;0;0;0;0;0;0;0
13.07.2024;04:54;A 20;1;0;0;0;0;0;0;280;28;0;0;0;0;204;18;0;0;1;24;3;5;1;0;0;0;0;0;0;0;0;100;0;0;0;0;0;0;0;0;0;0;1;24;0;0;1;1;0;0;0;0;0;0;1;25;0;0;3;11;0;0;0;0;0;0;0;0;0;0;0;0;0;0;0;0;0;0;0;0;0;0;0;0;0;0;0;0;0;0;0;0;0;0;0;0
13.07.2024;04:53;A 20;1;0;0;0;0;0;0;272;28;0;0;0;0;206;18;0;0;1;1;2;5;1;1;0;34;0;0;0;0;0;100;0;0;1;7;0;0;1;1;0;0;0;9;0;0;0;0;1;1;0;0;0;0;0;0;0;0;0;0;0;0;0;0;0;0;0;0;0;0;0;0;0;0;0;0;0;0;0;0;0;0;0;0;0;0;0;0;0;0;0;0;0;0;0;0
13.07.2024;04:52;A 20;1;0;0;0;0;0;0;268;27;0;0;0;0;193;16;0;0;0;0;0;0;0;0;2;51;3;33;2;2;0;100;1;3;1;7;0;0;1;1;0;0;0;100;0;0;0;0;0;0;0;0;0;0;0;0;0;0;0;0;0;0;0;0;0;0;0;0;0;0;0;0;0;0;0;0;0;0;0;0;0;0;0;0;0;0;0;0;0;0;0;0;0;0;0;0
13.07.2024;04:51;A 20;1;0;0;0;0;0;0;275;28;0;0;0;0;207;18;0;0;0;0;0;0;0;0;1;37;2;5;1;1;0;100;0;0;0;0;3;8;0;0;1;1;1;22;0;0;1;1;1;1;0;0;0;0;2;68;0;0;4;59;0;0;0;0;0;0;0;0;0;0;0;0;0;0;0;0;0;0;0;0;0;0;0;0;0;0;0;0;0;0;0;0;0;0;0;0
13.07.2024;04:50;A 20;1;0;0;0;0;0;0;280;28;0;0;0;0;195;19;0;0;1;4;1;10;0;0;2;3;0;0;0;0;0;100;1;8;0;0;1;6;0;0;1;1;0;0;0;0;0;0;0;0;0;0;0;0;0;0;0;0;0;0;0;0;1;0;1;2;0;0;0;0;0;0;0;0;0;0;0;0;0;0;0;0;0;0;0;0;0;0;0;0;0;0;0;0;0;0
13.07.2024;04:49;A 20;1;1;1;0;0;0;0;273;28;0;0;0;0;210;18;0;0;0;0;0;0;0;0;0;0;0;0;0;0;0;100;0;0;0;0;0;0;0;0;0;0;0;0;0;0;0;0;0;0;0;0;0;0;0;0;0;0;0;0;0;0;0;0;0;0;0;0;0;0;1;1;0;0;0;0;0;0;1;2;0;0;0;0;0;0;0;0;0;0;0;0;0;0;0;0
13.07.2024;04:48;A 20;1;1;19;1;7;2;2;276;28;0;0;2;2;199;17;1;0;0;55;0;0;0;0;0;0;0;0;0;0;0;100;0;0;0;0;0;0;0;0;0;0;0;0;0;0;0;0;0;0;0;0;0;0;0;0;0;0;0;0;0;0;0;0;0;0;0;0;0;0;0;0;0;0;0;0;0;0;0;0;0;0;0;0;0;0;0;0;0;0;0;0;0;0;0;0
13.07.2024;04:47;A 20;1;0;0;0;0;0;0;285;29;0;0;0;0;186;16;0;0;1;13;3;5;1;1;0;0;0;0;0;0;0;100;0;0;1;4;0;0;1;0;0;0;0;0;0;0;0;0;0;0;0;0;0;0;1;1;0;0;1;3;0;0;1;1;0;0;0;0;0;0;0;0;0;0;0;0;0;0;0;0;0;0;0;0;0;0;0;0;0;0;0;0;0;0;0;0
13.07.2024;04:46;A 20;1;0;0;1;9;0;0;277;29;0;0;1;0;202;17;0;0;1;59;1;64;1;0;0;0;0;0;0;0;0;100;1;44;1;5;2;8;1;2;1;1;0;0;0;0;0;0;0;0;0;0;0;0;0;0;2;2;0;0;0;0;0;0;0;0;0;0;0;0;0;0;0;0;0;0;0;0;0;0;0;0;0;0;0;0;0;0;0;0;0;0;0;0;0;0
13.07.2024;04:45;A 20;1;0;0;1;6;0;0;264;28;0;0;2;0;199;17;1;0;2;6;3;20;2;2;2;15;3;9;1;1;0;100;1;27;0;0;2;3;0;0;1;1;0;0;0;0;0;0;0;0;0;0;0;0;0;0;0;0;0;0;0;0;0;0;0;0;0;0;0;0;0;0;0;0;0;0;0;0;0;0;0;0;0;0;0;0;0;0;0;0;0;0;0;0;0;0
13.07.2024;04:44;A 20;1;1;11;1;23;1;1;286;32;0;0;1;2;207;18;1;1;1;6;2;4;1;1;0;0;0;0;0;0;0;100;0;0;2;9;0;0;1;1;0;0;0;0;0;0;0;0;0;0;0;40;0;0;0;0;0;0;0;0;0;0;1;1;0;0;0;0;0;0;0;0;0;0;0;0;0;0;0;0;0;0;0;0;0;0;0;0;0;0;0;0;0;0;0;0
13.07.2024;04:43;A 20;1;0;0;0;0;0;0;285;29;0;0;0;0;190;16;0;0;1;14;2;10;1;1;0;0;0;0;0;0;0;100;0;0;1;10;0;0;1;1;0;0;0;0;0;0;0;0;0;0;1;37;1;7;0;0;0;0;0;0;0;0;0;0;0;0;0;0;0;0;0;0;0;0;0;0;0;0;0;0;0;0;0;0;0;0;0;0;0;0;0;0;0;0;0;0
13.07.2024;04:42;A 20;1;1;14;3;19;1;1;295;32;0;0;0;0;208;18;1;0;0;0;0;0;0;0;0;0;0;0;0;0;0;100;0;0;0;0;0;0;0;0;0;0;0;0;0;0;0;0;0;0;0;0;0;0;0;0;0;0;0;0;0;0;0;0;0;0;0;0;0;0;0;0;0;0;0;0;0;0;0;0;0;0;0;0;0;0;0;0;0;0;0;0;0;0;0;0
13.07.2024;04:41;A 20;1;0;0;1;5;0;0;296;31;0;0;1;0;204;17;0;0;0;0;0;0;0;0;0;0;0;0;0;0;0;100;1;1;1;8;1;3;1;1;1;1;0;0;0;0;0;0;0;0;0;0;0;0;0;0;0;0;0;0;0;0;0;0;0;0;0;0;0;0;1;1;0;0;0;0;0;0;1;1;0;0;0;0;0;0;0;0;0;0;0;0;0;0;0;0
13.07.2024;04:40;A 20;1;0;0;0;0;0;0;297;30;1;41;0;0;175;15;0;0;0;0;0;0;0;0;1;45;2;5;1;1;0;100;0;0;2;10;0;0;1;1;0;0;0;0;0;0;0;0;0;0;0;0;0;0;0;0;0;0;0;0;0;0;1;1;0;0;0;0;0;0;0;0;0;0;0;0;0;0;0;0;0;0;0;0;0;0;0;0;0;0;0;0;0;0;0;0
13.07.2024;04:39;A 20;1;1;23;1;8;1;2;294;30;0;0;2;5;198;18;1;1;2;15;3;14;2;2;1;38;3;9;1;1;0;100;0;0;0;0;0;0;0;0;0;0;0;0;0;0;0;0;0;0;0;0;0;0;0;0;0;0;0;0;0;0;1;1;0;0;0;0;0;0;0;0;0;0;0;0;0;0;0;0;0;0;0;0;0;0;0;0;0;0;0;0;0;0;0;0
13.07.2024;04:38;A 20;1;1;6;1;6;1;0;302;32;0;0;0;0;194;16;0;0;0;0;0;0;0;0;1;72;2;23;1;1;0;100;0;0;1;10;0;0;1;1;0;0;0;42;0;0;0;0;0;0;0;0;0;0;0;0;0;0;0;0;0;0;0;0;0;0;0;0;0;0;0;0;0;0;0;0;0;0;0;0;0;0;0;0;0;0;0;0;0;0;0;0;0;0;0;0
13.07.2024;04:37;A 20;1;0;0;1;8;0;0;280;30;0;0;2;1;189;16;0;0;0;0;0;0;0;0;1;6;2;4;1;1;0;100;0;0;2;5;1;2;1;1;0;0;1;17;0;0;1;1;1;1;0;0;0;0;0;0;0;0;0;0;0;0;3;4;1;2;0;0;0;0;0;0;0;0;0;0;0;0;0;0;0;0;0;0;0;0;0;0;0;0;0;0;0;0;0;0
13.07.2024;04:36;A 20;1;0;0;0;0;0;0;274;27;0;0;0;0;183;15;0;0;2;49;2;66;2;1;0;0;0;0;0;0;0;100;0;0;1;7;0;0;1;1;0;0;0;0;0;0;0;0;0;0;0;0;0;0;0;0;1;2;0;0;0;0;0;0;0;0;0;0;0;0;0;0;0;0;0;0;0;0;0;0;0;0;0;0;0;0;0;0;0;0;0;0;0;0;0;0
13.07.2024;04:35;A 20;1;0;0;0;0;0;0;275;28;0;0;0;0;183;16;0;0;0;0;0;0;2;2;0;0;0;0;0;0;0;100;1;21;1;10;1;4;1;1;1;1;0;0;0;0;0;0;0;0;0;0;0;0;0;0;0;0;0;0;0;0;0;0;0;0;0;0;0;0;0;0;0;0;0;0;0;0;0;0;0;0;0;0;0;0;0;0;0;0;0;0;0;0;0;0
13.07.2024;04:34;A 20;1;0;0;0;0;0;0;272;28;0;0;0;0;180;15;0;0;2;28;1;32;0;0;0;0;0;0;0;0;0;100;0;0;0;0;0;0;0;0;0;0;0;0;0;0;0;0;0;0;0;0;0;0;0;0;0;0;0;0;0;0;1;1;0;0;0;0;0;0;0;0;0;0;0;0;0;0;0;0;0;0;0;0;0;0;0;0;0;0;0;0;0;0;0;0
13.07.2024;04:33;A 20;1;0;0;1;12;0;0;266;28;1;25;1;3;140;12;1;1;1;22;3;18;3;3;1;13;2;11;1;1;0;100;0;68;0;0;0;0;0;0;0;0;0;0;0;0;0;0;0;0;0;0;0;0;0;0;0;0;0;0;0;0;0;0;0;0;0;0;0;0;0;0;0;0;0;0;0;0;0;0;0;0;0;0;0;0;0;0;0;0;0;0;0;0;0;0
13.07.2024;04:32;A 20;1;0;0;0;0;0;0;293;30;0;0;0;0;139;11;0;0;0;0;0;0;0;0;0;0;0;0;0;0;0;100;1;20;0;0;2;4;0;0;1;1;0;0;0;0;0;0;0;0;0;0;0;0;0;0;0;0;0;0;0;0;1;1;0;0;0;0;0;0;0;0;0;0;0;0;0;0;1;1;0;0;0;0;0;0;0;0;0;0;0;0;0;0;0;0
13.07.2024;04:31;A 20;1;0;0;1;6;0;0;267;28;0;0;1;0;131;11;0;0;1;1;1;5;1;1;0;0;0;0;0;0;0;100;0;0;0;0;0;0;0;0;0;0;0;0;0;0;0;0;0;0;0;0;0;0;2;44;0;0;3;20;0;0;0;0;0;0;0;0;0;0;0;0;0;0;0;0;0;0;0;0;0;0;0;0;0;0;0;0;0;0;0;0;0;0;0;0
13.07.2024;04:30;A 20;1;0;0;0;0;0;0;280;29;0;0;0;0;144;12;0;0;1;28;2;8;1;1;0;0;0;0;0;0;0;100;0;0;0;17;0;0;0;0;0;0;0;0;0;0;0;0;0;0;0;0;0;0;0;0;0;0;0;0;0;0;1;0;1;1;0;0;0;0;0;0;0;0;0;0;0;0;0;0;0;0;0;0;0;0;0;0;0;0;0;0;0;0;0;0
13.07.2024;04:29;A 20;1;1;1;2;11;0;0;269;29;0;0;2;2;19;1;0;0;0;0;0;0;0;0;1;63;3;10;1;1;0;100;0;0;3;16;0;0;2;2;0;0;0;0;0;0;0;0;0;0;0;0;0;0;1;33;0;0;1;7;0;0;2;2;1;0;0;0;0;0;0;0;0;0;0;0;0;0;0;0;0;0;0;0;0;0;0;0;0;0;0;0;0;0;0;0
13.07.2024;04:28;A 20;1;0;0;0;0;0;0;280;28;0;0;0;0;6;0;0;0;1;39;2;25;1;0;0;0;0;0;0;0;0;100;0;0;2;6;0;0;2;1;0;0;0;0;0;0;0;0;0;0;0;0;0;0;0;0;0;0;0;0;0;0;0;0;0;0;0;0;0;0;0;0;0;0;0;0;0;0;0;0;0;0;0;0;0;0;0;0;0;0;0;0;0;0;0;0
13.07.2024;04:27;A 20;1;1;8;0;0;1;1;280;28;0;0;0;0;6;0;0;0;1;0;1;10;1;1;0;0;0;0;0;0;0;100;1;1;3;16;1;2;2;2;1;0;0;56;0;0;0;0;0;0;0;0;0;0;0;0;0;0;0;0;0;0;1;1;0;0;0;0;0;0;1;1;0;0;0;0;0;0;1;1;0;0;0;0;0;0;0;0;0;0;0;0;0;0;0;0
13.07.2024;04:26;A 20;1;0;2;0;0;0;0;278;28;0;33;0;0;6;0;0;0;0;0;0;0;0;0;1;52;1;8;1;1;0;100;0;0;0;0;1;1;0;0;0;0;1;1;0;0;1;1;1;1;0;0;0;0;2;46;0;0;4;11;0;1;2;3;1;1;0;0;0;0;0;0;0;0;0;0;0;0;0;0;0;0;0;0;0;0;0;0;0;0;0;0;0;0;0;0
13.07.2024;04:25;A 20;1;1;15;1;3;2;2;270;27;1;4;2;4;3;1;1;1;0;0;0;0;0;0;0;0;0;0;0;0;0;100;0;0;0;0;0;0;0;0;0;0;0;0;0;0;0;0;0;0;0;0;0;0;0;0;0;0;0;0;1;1;2;2;0;0;0;0;0;0;0;0;0;0;0;0;0;0;0;0;0;0;0;0;0;0;0;0;0;0;0;0;0;0;0;0
13.07.2024;04:24;A 20;1;1;8;0;0;1;0;269;27;0;0;0;0;10;0;0;0;1;16;1;11;1;1;0;0;0;0;0;0;0;100;0;42;0;0;0;0;0;0;0;0;0;0;0;0;0;0;0;0;0;0;0;0;2;36;0;0;1;43;0;0;1;1;0;0;0;0;0;0;0;0;0;0;0;0;0;0;0;0;0;0;0;0;0;0;0;0;0;0;0;0;0;0;0;0
13.07.2024;04:23;A 20;1;1;10;1;14;1;1;249;27;0;0;2;4;3;0;0;0;0;0;0;0;0;0;1;16;1;2;0;0;0;100;1;6;0;0;1;4;0;0;1;1;0;0;0;0;0;0;0;0;0;0;0;0;1;53;0;0;1;4;0;0;1;1;0;0;0;0;0;0;0;0;0;0;0;0;0;0;0;0;0;0;0;0;0;0;0;0;0;0;0;0;0;0;0;0
13.07.2024;04:22;A 20;1;1;3;1;11;0;0;275;29;1;23;1;5;6;1;1;1;1;3;1;5;1;1;0;0;1;1;1;1;0;100;0;0;0;0;0;0;0;0;0;0;0;0;0;0;0;0;0;0;0;0;0;0;0;0;0;80;0;0;0;80;1;1;1;0;0;0;0;0;0;0;0;0;0;0;0;0;0;0;0;0;0;0;0;0;0;0;0;0;0;0;0;0;0;0
13.07.2024;04:21;A 20;1;1;2;1;4;0;0;238;25;0;0;1;0;12;1;0;0;1;58;1;10;1;1;2;2;4;10;2;2;0;100;1;0;1;5;1;1;1;2;1;0;0;0;0;0;0;0;0;0;0;0;0;0;0;0;1;18;0;0;2;8;0;0;0;1;0;0;0;0;0;0;0;0;0;0;0;0;0;0;0;0;0;0;0;0;0;0;0;0;0;0;0;0;0;0
13.07.2024;04:20;A 20;1;0;0;0;0;0;0;252;25;0;0;0;0;1;0;0;0;0;0;0;0;0;0;0;3;0;0;0;0;0;100;0;0;0;0;0;0;0;0;0;0;0;0;0;0;0;0;0;0;0;0;0;0;1;70;0;0;1;8;0;0;0;0;1;0;0;0;0;0;0;0;0;0;0;0;0;0;0;0;0;0;0;0;0;0;0;0;0;0;0;0;0;0;0;0
13.07.2024;04:19;A 20;1;0;0;0;0;0;0;241;24;0;0;0;0;9;0;0;0;1;0;1;5;1;1;1;35;2;10;1;1;0;100;0;0;0;6;0;0;0;0;0;0;0;0;0;0;0;0;0;0;1;1;1;2;1;21;0;0;2;34;0;0;0;0;0;0;0;0;0;0;0;0;0;0;0;0;0;0;0;0;0;0;0;0;0;0;0;0;0;0;0;0;0;0;0;0
13.07.2024;04:18;A 20;1;0;9;0;0;1;1;246;25;0;0;0;0;3;0;0;0;0;0;0;0;0;0;0;0;0;0;0;0;0;100;0;12;1;3;0;0;1;1;0;0;0;0;0;0;0;0;0;0;0;0;0;0;0;0;2;1;0;0;1;2;2;1;1;1;0;0;0;0;0;0;0;0;0;0;0;0;0;0;0;0;0;0;0;0;0;0;0;0;0;0;0;0;0;0
13.07.2024;04:17;A 20;1;1;2;0;0;0;0;241;24;0;0;0;0;19;1;0;0;1;43;1;10;1;1;0;0;0;0;0;0;0;100;1;20;1;6;2;4;2;1;1;1;0;0;0;0;0;0;0;0;0;0;0;0;1;38;0;0;2;6;0;0;1;1;0;0;0;0;0;0;0;0;0;0;0;0;0;0;0;0;0;0;0;0;0;0;0;0;0;0;0;0;0;0;0;0
13.07.2024;04:16;A 20;1;1;2;1;6;0;0;237;24;0;0;0;0;40;3;0;0;1;37;3;6;1;1;0;0;0;0;0;0;0;100;0;0;0;0;0;0;0;0;0;0;0;0;0;0;0;0;0;0;0;0;0;0;0;0;0;0;0;0;0;0;0;0;0;0;0;0;0;0;0;0;0;0;0;0;0;0;0;0;0;0;0;0;0;0;0;0;0;0;0;0;0;0;0;0
13.07.2024;04:15;A 20;1;0;0;0;0;0;0;235;23;0;0;0;0;7;0;0;0;0;0;0;0;0;0;0;0;0;0;0;0;0;100;0;0;0;0;0;0;0;0;0;0;0;0;0;0;0;0;0;0;0;0;0;0;0;0;1;47;0;0;1;11;0;0;1;2;0;0;0;0;0;0;0;0;0;0;0;0;0;0;0;0;0;0;0;0;0;0;0;0;0;0;0;0;0;0
13.07.2024;04:14;A 20;1;0;0;0;0;0;0;237;24;0;0;0;0;22;1;0;0;1;0;1;2;1;1;1;42;2;6;1;1;0;100;0;0;0;0;0;0;0;0;0;0;0;0;0;0;0;0;0;0;0;0;0;0;0;0;0;0;0;0;0;0;0;0;0;0;0;0;0;0;0;0;0;0;0;0;0;0;0;0;0;0;0;0;0;0;0;0;0;0;0;0;0;0;0;0
13.07.2024;04:13;A 20;1;0;0;2;10;0;0;235;25;0;0;1;1;9;0;0;0;0;0;0;0;0;0;0;0;0;0;0;0;0;100;0;0;0;0;0;0;0;0;0;0;0;0;0;0;0;0;0;0;0;0;0;0;0;0;0;0;0;0;0;0;0;0;0;0;0;0;0;0;0;0;0;0;0;0;0;0;0;0;0;0;0;0;0;0;0;0;0;0;0;0;0;0;0;0
13.07.2024;04:12;A 20;1;0;0;1;7;0;0;245;26;0;0;0;0;18;1;0;0;0;0;0;0;0;0;0;0;0;0;0;0;0;100;0;0;2;18;0;0;2;2;0;0;0;0;0;0;0;0;0;0;0;0;0;0;0;0;0;0;0;0;0;0;1;1;0;0;0;0;0;0;0;0;0;0;0;0;0;0;0;0;0;0;0;0;0;0;0;0;0;0;0;0;0;0;0;0
13.07.2024;04:11;A 20;1;0;2;0;0;0;0;245;24;0;0;0;0;24;1;0;0;3;52;2;18;3;2;2;73;3;20;1;1;0;100;0;0;0;5;0;0;0;0;0;0;0;0;0;0;0;0;0;0;0;0;0;0;0;51;0;0;0;0;0;0;5;7;0;0;0;0;0;0;0;0;0;0;0;0;0;0;0;0;0;0;0;0;0;0;0;0;0;0;0;0;0;0;0;0
13.07.2024;04:10;A 20;1;1;14;0;0;1;2;255;26;0;0;0;0;107;9;0;0;0;0;1;7;1;1;1;24;2;6;2;2;0;100;0;0;4;50;0;0;4;5;0;0;0;0;0;0;0;0;0;0;0;0;0;0;1;41;0;0;1;6;0;0;0;0;0;0;0;0;0;0;0;0;0;0;0;0;0;0;0;0;0;0;0;0;0;0;0;0;0;0;0;0;0;0;0;0
13.07.2024;04:09;A 20;1;0;0;0;0;0;0;245;25;0;0;0;0;132;11;0;0;0;0;0;0;0;0;0;0;0;0;0;0;0;100;0;0;0;0;0;0;0;0;0;0;0;0;0;0;0;0;0;0;0;0;0;0;0;0;0;0;0;0;0;0;0;0;0;0;0;0;0;0;0;0;0;0;0;0;0;0;0;0;0;0;0;0;0;0;0;0;0;0;0;0;0;0;0;0
13.07.2024;04:08;A 20;1;0;0;0;0;0;0;236;23;0;0;0;0;154;13;0;0;1;34;1;12;1;1;0;0;0;0;0;0;0;100;1;22;2;12;0;22;1;2;0;0;0;0;0;0;0;0;0;0;2;78;1;63;0;0;0;0;0;0;0;0;0;0;0;0;0;0;0;0;0;0;0;0;0;0;0;0;0;0;0;0;0;0;0;0;0;0;0;0;0;0;0;0;0;0
13.07.2024;04:07;A 20;1;2;10;0;0;2;1;244;25;0;0;0;0;145;12;0;0;1;59;2;8;1;1;1;1;2;6;1;1;0;100;1;32;2;13;2;36;1;1;2;2;0;0;0;0;0;0;0;0;1;26;1;5;0;0;0;0;0;0;0;0;0;0;0;0;0;0;0;0;0;0;0;0;0;0;0;0;0;0;0;0;0;0;0;0;0;0;0;0;0;0;0;0;0;0
13.07.2024;04:06;A 20;1;0;0;0;0;0;0;247;25;0;0;0;0;148;12;0;0;0;0;0;0;0;0;0;0;0;0;0;0;0;100;0;0;0;0;0;0;0;0;0;0;0;0;0;0;0;0;0;0;0;0;0;0;0;0;0;0;0;0;0;0;0;0;0;0;0;0;0;0;0;0;0;0;0;0;0;0;0;0;0;0;0;0;0;0;0;0;0;0;0;0;0;0;0;0
13.07.2024;04:05;A 20;1;0;0;1;8;0;0;249;26;0;0;3;2;137;12;0;0;0;20;0;0;0;0;1;40;2;10;1;1;0;100;0;0;2;7;0;0;1;1;0;0;0;0;0;0;0;0;0;0;0;0;0;0;0;17;0;0;0;0;0;0;0;0;0;0;0;0;0;0;0;0;0;0;0;0;0;0;3;9;0;0;0;0;0;0;0;0;0;0;0;0;0;0;0;0
13.07.2024;04:04;A 20;1;0;0;1;6;0;0;256;26;0;0;3;1;86;7;1;0;1;3;1;2;1;1;0;0;0;0;0;0;0;100;1;12;0;0;1;3;0;0;1;1;0;0;0;0;0;0;0;0;0;0;0;0;1;6;0;0;2;9;0;0;0;0;0;0;0;0;0;0;5;8;0;0;0;0;0;0;5;12;0;0;0;0;0;0;0;0;0;0;0;0;0;0;0;0
13.07.2024;04:03;A 20;1;0;0;0;0;0;0;268;27;0;0;0;0;20;1;0;0;0;17;0;0;0;0;1;23;2;6;1;1;0;100;0;0;0;0;0;0;0;0;0;0;0;0;0;0;0;0;0;0;0;0;0;0;0;15;0;0;0;0;0;0;1;1;0;0;0;0;0;0;0;0;0;0;0;0;0;0;0;0;0;0;0;0;0;0;0;0;0;0;0;0;0;0;0;0
13.07.2024;04:02;A 20;1;0;0;1;5;0;0;247;26;0;0;0;0;3;0;0;0;1;37;1;10;1;1;0;0;0;0;0;0;0;100;1;1;0;0;1;2;0;0;1;1;0;0;0;0;0;0;0;0;0;0;0;0;1;32;0;0;4;11;0;0;0;0;0;0;0;0;0;0;0;0;0;0;0;0;0;0;0;0;0;0;0;0;0;0;0;0;0;0;0;0;0;0;0;0
13.07.2024;04:01;A 20;1;1;8;0;0;1;1;250;25;0;0;0;0;11;0;0;0;0;0;0;0;0;0;0;0;0;0;0;0;0;100;0;0;1;9;0;0;1;1;0;0;0;0;0;0;0;0;0;0;0;0;0;0;0;0;0;0;0;0;0;0;0;0;0;0;0;0;0;0;0;0;0;0;0;0;0;0;0;0;0;0;0;0;0;0;0;0;0;0;0;0;0;0;0;0
13.07.2024;04:00;A 20;1;1;10;1;11;1;1;232;24;1;28;2;10;64;7;1;2;0;0;0;0;0;0;0;0;0;0;0;0;0;100;0;0;0;0;1;1;0;0;0;0;1;14;0;0;1;1;1;0;0;0;0;0;0;0;0;0;0;0;0;0;0;0;1;1;0;0;0;0;0;0;0;0;0;0;0;0;0;0;0;0;0;0;0;0;0;0;0;0;0;0;0;0;0;0
13.07.2024;03:59;A 20;1;1;8;1;6;1;0;238;24;1;1;1;2;141;12;1;1;0;0;0;0;0;0;0;0;0;0;0;0;0;100;0;0;2;14;0;0;2;2;0;0;0;0;0;0;0;0;0;0;0;0;0;0;0;0;0;0;0;0;0;0;1;1;0;0;0;0;0;0;0;0;0;0;0;0;0;0;0;0;0;0;0;0;0;0;0;0;0;0;0;0;0;0;0;0
13.07.2024;03:58;A 20;1;0;0;0;0;0;0;239;24;0;0;0;0;46;4;0;0;0;0;0;0;0;0;1;2;2;3;1;0;0;100;0;0;1;10;1;0;1;1;0;0;1;52;0;0;1;1;1;1;0;0;0;0;0;0;0;0;0;0;0;0;0;0;0;0;0;0;0;0;0;0;0;0;0;0;0;0;0;0;0;0;0;0;0;0;0;0;0;0;0;0;0;0;0;0
13.07.2024;03:57;A 20;1;0;0;2;13;0;0;239;25;0;0;4;2;49;4;1;0;1;18;3;10;1;2;1;48;2;8;1;4;0;100;0;0;0;0;0;0;0;0;0;0;0;0;0;0;0;0;0;0;0;2;0;0;0;0;0;0;0;0;0;0;2;2;0;0;0;0;0;0;0;0;0;0;0;0;0;0;0;0;0;0;0;0;0;0;0;0;0;0;0;0;0;0;0;0
13.07.2024;03:56;A 20;1;0;0;1;11;0;0;253;26;1;23;2;5;7;1;0;0;0;0;0;0;0;0;0;0;0;0;0;0;0;100;0;0;0;0;1;1;0;0;0;0;1;32;0;0;1;1;1;1;1;45;2;4;0;0;0;0;0;0;0;0;1;1;1;1;0;0;0;0;0;0;0;0;0;0;0;0;0;0;0;0;0;0;0;0;0;0;0;0;0;0;0;0;0;0
13.07.2024;03:55;A 20;1;0;0;1;1;0;0;235;24;0;0;0;0;30;2;1;1;2;40;7;36;2;2;0;0;0;0;0;0;0;100;0;0;0;0;0;0;0;0;0;0;0;0;0;0;0;0;0;0;1;33;1;4;1;9;0;0;2;11;3;7;0;0;0;0;0;0;0;0;0;0;0;0;0;0;0;0;0;0;0;0;0;0;0;0;0;0;0;0;0;0;0;0;0;0
13.07.2024;03:54;A 20;1;0;0;1;7;0;0;238;24;1;22;1;5;9;1;1;1;0;0;0;0;0;0;0;0;0;0;0;0;0;100;0;0;0;0;0;0;0;0;0;0;0;0;0;0;0;0;0;0;0;0;0;0;1;29;0;0;1;6;0;0;1;1;1;1;0;0;0;0;0;0;0;0;0;0;0;0;0;0;0;0;0;0;0;0;0;0;0;0;0;0;0;0;0;0
13.07.2024;03:53;A 20;1;0;0;1;6;0;0;261;26;1;1;4;2;11;1;1;1;0;0;0;0;0;0;0;0;0;0;0;0;0;100;0;0;0;0;0;0;0;0;0;0;0;0;0;0;0;0;0;0;0;0;0;0;0;0;0;0;0;0;0;0;0;0;0;0;0;0;0;0;0;0;0;0;0;0;0;0;0;0;0;0;0;0;0;0;0;0;0;0;0;0;0;0;0;0
13.07.2024;03:52;A 20;1;0;0;0;0;0;0;250;25;0;0;0;0;21;1;0;0;0;0;0;0;0;0;0;0;0;0;0;0;0;100;0;0;0;11;0;0;1;1;0;0;0;0;0;0;0;0;0;0;0;0;0;0;0;0;0;0;0;0;0;0;0;0;0;0;0;0;0;0;0;0;0;0;0;0;0;0;0;0;0;0;0;0;0;0;0;0;0;0;0;0;0;0;0;0
13.07.2024;03:51;A 20;1;0;0;2;11;0;0;238;26;0;0;2;3;11;0;0;0;1;38;3;33;0;0;0;0;1;0;0;0;0;100;0;0;1;0;0;0;0;0;0;0;0;0;0;0;0;0;0;0;0;0;0;0;0;0;0;0;0;0;0;0;0;0;0;0;0;0;0;0;0;0;0;0;0;0;0;0;0;0;0;0;0;0;0;0;0;0;0;0;0;0;0;0;0;0
13.07.2024;03:50;A 20;1;0;16;1;13;1;1;220;25;0;0;3;9;130;11;0;0;1;16;1;11;2;2;0;0;0;0;0;0;0;100;0;0;0;0;0;0;0;0;0;0;0;0;0;0;0;0;0;0;0;0;0;0;0;0;0;0;0;0;0;0;2;2;0;0;0;0;0;0;0;0;0;0;0;0;0;0;0;0;0;0;0;0;0;0;0;0;0;0;0;0;0;0;0;0
13.07.2024;03:49;A 20;1;1;5;0;0;1;1;247;25;0;0;1;1;171;14;0;0;0;0;0;0;0;0;0;0;0;0;0;0;0;100;0;0;0;0;0;0;0;0;0;0;0;0;0;0;0;0;0;0;0;0;0;0;0;49;0;0;0;0;0;0;0;0;1;1;0;0;0;0;0;0;0;0;0;0;0;0;0;0;0;0;0;0;0;0;0;0;0;0;0;0;0;0;0;0
13.07.2024;03:48;A 20;1;0;0;0;0;0;0;254;26;0;0;0;0;159;13;0;0;1;1;1;10;1;1;1;60;1;4;1;1;0;100;0;0;0;0;0;0;0;0;0;0;0;0;0;0;0;0;0;0;0;0;0;0;1;40;0;0;1;9;0;0;0;0;0;0;0;0;0;0;0;0;0;0;0;0;0;0;0;0;0;0;0;0;0;0;0;0;0;0;0;0;0;0;0;0
13.07.2024;03:47;A 20;1;1;15;1;4;1;1;255;27;0;0;0;0;163;14;0;0;0;0;0;0;0;0;1;7;3;6;1;1;0;100;0;0;0;0;0;0;0;0;0;0;0;0;0;0;0;0;0;0;0;0;0;0;2;49;1;8;2;29;1;15;3;6;1;1;0;0;0;0;0;0;0;0;0;0;0;0;0;0;0;0;0;0;0;0;0;0;0;0;0;0;0;0;0;0
13.07.2024;03:46;A 20;1;0;0;0;0;0;0;253;26;0;0;0;0;172;14;0;0;0;0;0;0;0;0;1;33;2;8;0;0;0;100;1;1;0;0;1;5;0;0;1;1;0;0;0;0;0;0;0;0;0;0;0;0;1;37;0;0;2;7;0;0;2;2;1;1;0;0;0;0;0;0;0;0;0;0;0;0;0;0;0;0;0;0;0;0;0;0;0;0;0;0;0;0;0;0
13.07.2024;03:45;A 20;1;0;0;0;0;0;0;251;26;0;0;0;0;176;15;0;0;0;0;0;0;0;0;0;0;0;0;1;0;0;100;1;1;4;21;1;1;2;2;0;0;1;0;0;0;1;1;1;1;0;0;0;0;0;0;0;0;0;0;0;0;0;0;0;0;0;0;0;0;0;0;0;0;0;0;0;0;0;0;0;0;0;0;0;0;0;0;0;0;0;0;0;0;0;0
13.07.2024;03:44;A 20;1;0;0;0;0;0;0;252;26;0;0;0;0;184;15;0;0;0;0;0;0;0;0;0;0;0;0;0;0;0;100;0;0;0;0;0;0;0;0;0;0;0;0;0;0;0;0;0;0;0;0;0;0;0;0;0;0;0;0;0;0;0;0;0;0;0;0;0;0;0;0;0;0;0;0;0;0;0;0;0;0;0;0;0;0;0;0;0;0;0;0;0;0;0;0
13.07.2024;03:43;A 20;1;0;0;0;0;0;0;253;26;0;0;0;0;180;16;0;0;1;2;2;4;1;1;0;0;0;0;0;0;0;100;0;0;0;0;0;0;0;0;0;0;0;0;0;0;0;0;0;0;1;62;3;4;0;0;0;0;0;0;0;0;1;0;1;2;0;0;0;0;0;0;0;0;0;0;0;0;0;0;0;0;0;0;0;0;0;0;0;0;0;0;0;0;0;0
13.07.2024;03:42;A 20;1;0;0;1;5;0;0;249;26;0;0;2;0;195;17;1;0;1;26;2;3;1;1;0;0;0;0;0;0;0;100;0;0;3;12;0;0;1;1;0;0;0;0;0;0;0;0;0;0;0;0;0;0;0;0;1;4;0;0;2;5;0;0;0;0;0;0;0;0;0;0;0;0;0;0;0;0;0;0;0;0;0;0;0;0;0;0;0;0;0;0;0;0;0;0
13.07.2024;03:41;A 20;1;0;0;2;14;0;0;233;25;0;0;1;1;185;15;1;0;0;0;0;0;0;0;0;0;0;0;0;0;0;100;0;0;0;0;0;0;0;0;0;0;0;0;0;0;0;0;0;0;0;0;0;0;0;33;0;0;0;0;0;0;0;0;0;0;0;0;0;0;0;0;0;0;0;0;0;0;0;0;0;0;0;0;0;0;0;0;0;0;0;0;0;0;0;0
13.07.2024;03:40;A 20;1;0;0;0;0;0;0;266;27;0;0;0;0;167;14;0;0;0;39;0;0;0;0;0;0;0;0;0;0;0;100;1;0;0;0;1;2;0;0;1;1;0;0;0;0;0;0;0;0;0;0;0;0;1;65;0;0;1;9;0;0;0;0;0;0;0;0;0;0;0;0;0;0;0;0;0;0;0;0;0;0;0;0;0;0;0;0;0;0;0;0;0;0;0;0
13.07.2024;03:39;A 20;1;0;0;0;0;0;0;217;22;0;0;0;0;202;17;0;0;2;25;2;10;1;1;0;0;0;0;1;1;0;100;0;0;1;1;1;1;0;0;0;0;0;0;0;0;0;0;0;0;0;0;0;0;3;38;0;0;1;43;0;0;3;5;0;0;0;0;0;0;0;0;0;0;0;0;0;0;0;0;0;0;0;0;0;0;0;0;0;0;0;0;0;0;0;0
13.07.2024;03:38;A 20;1;0;0;0;0;0;0;254;26;0;0;0;0;190;16;0;0;0;0;0;0;0;0;0;0;0;0;0;0;0;100;0;0;0;0;0;0;0;0;0;0;0;0;0;0;0;0;0;0;0;0;0;0;0;0;0;0;1;7;0;0;0;0;0;0;0;0;0;0;0;0;0;0;0;0;0;0;0;0;0;0;0;0;0;0;0;0;0;0;0;0;0;0;0;0
13.07.2024;03:37;A 20;1;0;0;1;9;0;0;252;26;0;0;1;0;207;17;0;0;2;1;3;6;1;0;0;0;0;0;0;0;0;100;0;43;1;8;0;0;1;1;0;0;0;0;0;0;0;0;0;0;0;0;0;0;0;0;1;1;0;0;1;2;0;0;2;3;0;0;0;0;0;0;0;0;0;0;0;0;0;0;0;0;0;0;0;0;0;0;0;0;0;0;0;0;0;0
13.07.2024;03:36;A 20;1;0;0;0;0;0;0;256;26;0;0;0;0;193;16;0;0;3;7;1;11;1;1;0;0;0;0;0;0;0;100;1;10;0;0;1;3;0;0;1;0;0;0;0;0;0;0;0;0;0;0;0;0;0;0;2;27;0;0;2;5;0;0;0;0;0;0;0;0;0;0;0;0;0;0;0;0;0;0;0;0;0;0;0;0;0;0;0;0;0;0;0;0;0;0
13.07.2024;03:35;A 20;1;0;0;0;0;0;0;260;26;0;0;0;0;209;17;0;0;0;0;4;17;3;4;0;3;0;0;0;0;0;100;0;0;0;0;0;0;0;0;0;0;0;0;0;0;0;0;0;0;0;0;0;0;0;0;0;0;0;0;0;0;2;4;1;0;0;0;0;0;0;0;0;0;0;0;0;0;0;0;0;0;0;0;0;0;0;0;0;0;0;0;0;0;0;0
13.07.2024;03:34;A 20;1;0;0;0;0;0;0;257;26;0;0;0;0;199;17;0;0;1;15;1;11;1;1;1;53;1;7;1;1;0;100;0;0;0;0;0;0;0;0;0;0;0;0;0;0;0;0;0;0;0;0;0;0;0;0;0;0;0;0;0;0;0;0;1;3;0;0;0;0;0;0;0;0;0;0;0;0;0;0;0;0;0;0;0;0;0;0;0;0;0;0;0;0;0;0
13.07.2024;03:33;A 20;1;0;0;0;0;0;0;269;27;0;0;0;0;206;17;0;0;0;0;0;0;0;0;0;0;0;0;0;0;0;100;0;0;1;6;0;0;0;0;0;0;0;0;0;0;0;0;0;0;0;0;0;0;0;0;0;0;0;0;0;0;0;0;0;0;0;0;0;0;0;0;0;0;0;0;0;0;0;0;0;0;0;0;0;0;0;0;0;0;0;0;0;0;0;0
13.07.2024;03:32;A 20;1;2;11;0;0;1;1;256;26;0;0;0;0;220;18;0;0;0;0;0;0;0;0;1;37;4;4;1;0;0;100;0;0;1;11;0;0;2;2;0;0;0;0;0;0;0;0;0;0;0;0;0;0;0;0;0;0;0;0;0;0;0;0;0;0;0;0;0;0;0;0;0;0;0;0;0;0;0;0;0;0;0;0;0;0;0;0;0;0;0;0;0;0;0;0
13.07.2024;03:31;A 20;1;0;0;2;15;0;0;266;29;0;0;0;0;207;18;0;0;0;0;0;0;0;0;0;0;0;0;0;0;0;100;0;0;0;0;0;0;0;0;0;0;0;0;0;0;0;0;0;0;0;0;0;0;0;0;0;0;0;0;0;0;0;0;0;0;0;0;0;0;0;0;0;0;0;0;0;0;0;0;0;0;0;0;0;0;0;0;0;0;0;0;0;0;0;0
13.07.2024;03:30;A 20;1;1;13;0;0;2;1;274;28;0;0;0;0;219;19;0;0;1;47;2;14;1;1;0;0;0;0;0;0;0;100;1;21;0;0;2;4;0;0;1;1;0;0;0;0;0;0;0;0;0;0;0;0;0;0;0;0;0;0;0;0;0;0;0;0;0;0;0;0;0;0;0;0;0;0;0;0;0;0;0;0;0;0;0;0;0;0;0;0;0;0;0;0;0;0
13.07.2024;03:29;A 20;1;0;5;0;0;1;0;272;28;0;0;0;0;208;18;0;0;0;0;0;0;0;0;0;0;0;0;0;0;0;100;0;0;0;0;0;0;0;0;0;0;0;0;0;0;0;0;0;0;1;46;1;5;0;0;0;0;0;0;0;0;1;0;0;0;0;0;0;0;0;0;0;0;0;0;0;0;0;0;0;0;0;0;0;0;0;0;0;0;0;0;0;0;0;0
13.07.2024;03:28;A 20;1;1;3;0;7;0;0;261;26;1;86;4;3;223;20;0;0;0;0;1;2;0;0;1;42;0;46;0;0;0;100;0;0;0;0;0;0;0;0;0;0;0;0;0;0;0;0;0;0;0;0;0;0;0;0;0;0;0;0;0;0;0;0;0;0;0;0;0;0;0;0;0;0;0;0;0;0;0;0;0;0;0;0;0;0;0;0;0;0;0;0;0;0;0;0
13.07.2024;03:27;A 20;1;0;0;1;1;0;0;270;28;0;0;0;0;215;18;1;1;1;7;1;6;0;0;1;9;1;17;3;3;0;100;0;0;0;0;0;0;0;0;0;0;0;0;0;0;0;0;0;0;1;8;1;3;0;0;0;0;0;0;0;0;0;0;0;0;0;0;0;0;0;0;0;0;0;0;0;0;0;0;0;0;0;0;0;0;0;0;0;0;0;0;0;0;0;0
13.07.2024;03:26;A 20;1;0;0;1;5;0;0;280;29;0;0;2;1;211;18;0;0;1;27;3;17;2;3;0;0;0;0;0;0;0;100;0;0;0;0;0;0;0;0;0;0;0;0;0;0;0;0;0;0;1;13;3;8;0;0;0;0;0;0;0;0;2;4;0;0;0;0;0;0;0;0;0;0;0;0;0;0;0;0;0;0;0;0;0;0;0;0;0;0;0;0;0;0;0;0
13.07.2024;03:25;A 20;1;0;0;0;0;0;0;270;27;0;0;0;0;218;18;0;0;0;0;0;0;0;0;0;0;0;0;0;0;0;100;0;0;3;7;0;0;1;1;0;0;0;0;0;0;0;0;0;0;0;0;0;0;0;0;0;0;0;0;0;0;0;0;0;0;0;0;0;0;0;0;0;0;0;0;0;0;0;0;0;0;0;0;0;0;0;0;0;0;0;0;0;0;0;0
13.07.2024;03:24;A 20;1;0;0;0;0;0;0;276;28;0;0;0;0;219;18;0;0;0;0;0;0;0;0;0;0;0;0;0;0;0;100;0;0;0;0;0;0;0;0;0;0;0;0;0;0;0;0;0;0;0;0;0;0;0;0;0;0;0;0;0;0;0;0;0;0;0;0;0;0;0;0;0;0;0;0;0;0;0;0;0;0;0;0;0;0;0;0;0;0;0;0;0;0;0;0
13.07.2024;03:23;A 20;1;0;0;0;0;0;0;278;28;0;0;0;0;219;18;0;0;1;48;0;0;0;0;1;1;2;4;1;1;0;100;0;0;2;5;0;0;1;0;0;0;0;0;0;0;0;0;0;0;0;0;0;0;0;0;0;0;0;0;0;0;0;0;0;0;0;0;0;0;0;0;0;0;0;0;0;0;0;0;0;0;0;0;0;0;0;0;0;0;0;0;0;0;0;0
13.07.2024;03:22;A 20;1;0;0;0;0;0;0;280;28;0;0;0;0;223;19;0;0;1;15;3;17;2;1;0;0;0;0;0;0;0;100;0;0;0;0;0;0;0;0;0;0;0;0;0;0;0;0;0;0;0;0;0;0;1;35;0;0;0;1;0;0;0;0;0;0;0;0;0;0;0;0;0;0;0;0;0;0;0;0;0;0;0;0;0;0;0;0;0;0;0;0;0;0;0;0
13.07.2024;03:21;A 20;1;0;0;0;0;0;0;276;28;0;0;0;0;226;19;0;0;0;0;0;0;0;0;0;0;0;0;0;0;0;100;0;0;1;5;0;0;1;1;0;0;0;0;0;0;0;0;0;0;0;0;0;0;0;0;0;41;1;6;0;42;2;2;1;1;0;0;0;0;0;0;0;0;0;0;0;0;0;0;0;0;0;0;0;0;0;0;0;0;0;0;0;0;0;0
13.07.2024;03:20;A 20;1;1;6;0;0;1;0;272;28;0;0;0;0;244;20;0;0;0;0;0;0;0;0;0;0;0;0;0;0;0;100;0;0;2;9;0;0;1;1;0;0;0;0;0;0;0;0;0;0;0;0;0;0;0;0;1;34;0;0;1;39;0;0;0;0;0;0;0;0;0;0;0;0;0;0;0;0;0;0;0;0;0;0;0;0;0;0;0;0;0;0;0;0;0;0
13.07.2024;03:19;A 20;1;2;7;0;0;1;0;279;29;0;0;0;0;232;19;0;0;0;0;0;0;0;0;0;0;0;0;0;0;0;100;0;0;1;5;1;0;1;0;0;0;1;35;0;0;1;0;2;9;0;0;0;0;0;0;0;0;0;0;0;0;0;0;0;0;0;0;0;0;0;0;0;0;0;0;0;0;0;0;0;0;0;0;0;0;0;0;0;0;0;0;0;0;0;0
13.07.2024;03:18;A 20;1;1;14;0;0;1;1;307;31;0;0;0;0;232;19;0;0;0;0;0;0;0;0;0;0;0;0;0;0;0;100;0;0;2;11;0;0;1;1;0;0;0;0;0;0;0;0;0;0;0;0;0;0;0;0;0;0;0;0;0;0;0;0;0;0;0;0;0;0;0;0;0;0;0;0;0;0;0;0;0;0;0;0;0;0;0;0;0;0;0;0;0;0;0;0
13.07.2024;03:17;A 20;1;2;20;1;1;2;2;266;27;0;0;0;0;236;20;0;0;1;1;2;5;1;0;2;35;2;42;1;2;0;100;0;0;1;9;1;1;1;2;0;0;2;0;0;0;0;0;0;0;0;0;0;0;1;17;1;0;0;13;0;0;2;4;0;0;0;0;0;0;0;0;0;0;0;0;0;0;0;0;0;0;0;0;0;0;0;0;0;0;0;0;0;0;0;0
13.07.2024;03:16;A 20;1;1;14;1;7;1;1;283;30;1;74;2;3;132;10;0;0;0;0;0;0;0;0;0;0;0;0;1;0;0;100;1;40;0;0;0;0;0;0;0;0;0;0;0;0;0;0;0;0;0;0;0;0;1;14;0;0;1;20;0;0;1;0;0;0;0;0;0;0;0;0;0;0;0;0;0;0;0;0;0;0;0;0;0;0;0;0;0;0;0;0;0;0;0;0
13.07.2024;03:15;A 20;1;1;15;1;7;1;1;269;28;0;0;1;6;7;1;1;1;0;0;0;0;0;0;0;0;0;0;0;0;0;100;0;0;1;10;1;4;1;1;1;1;0;0;0;0;0;0;0;0;1;37;1;8;0;0;0;0;0;0;0;0;1;1;1;1;0;0;0;0;0;0;0;0;0;0;0;0;0;0;0;0;0;0;0;0;0;0;0;0;0;0;0;0;0;0
13.07.2024;03:14;A 20;1;1;7;1;5;1;0;282;30;0;0;0;0;31;2;0;0;0;0;0;0;0;0;0;0;0;0;0;0;0;100;0;0;2;7;0;0;1;1;0;0;0;0;0;0;0;0;0;0;0;0;0;0;0;39;1;0;0;0;1;2;3;2;1;1;0;0;0;0;0;0;0;0;0;0;0;0;0;0;0;0;0;0;0;0;0;0;0;0;0;0;0;0;0;0
13.07.2024;03:13;A 20;1;0;0;0;0;0;0;291;30;0;0;0;0;2;0;0;0;0;0;0;0;0;0;2;41;3;4;1;1;0;100;0;0;1;10;2;5;1;2;0;0;0;0;0;0;0;0;0;0;0;0;0;0;1;65;0;0;1;6;0;0;0;0;0;0;0;0;0;0;0;0;0;0;0;0;0;0;0;0;0;0;0;0;0;0;0;0;0;0;0;0;0;0;0;0
13.07.2024;03:12;A 20;1;0;0;0;1;0;0;298;30;0;0;0;0;3;0;0;0;0;0;0;0;0;0;0;0;2;4;1;1;0;100;0;0;0;0;0;0;0;0;0;0;0;0;0;0;0;0;0;0;1;1;1;2;0;42;0;0;0;0;0;0;1;1;0;0;0;0;0;0;0;0;0;0;0;0;0;0;0;0;0;0;0;0;0;0;0;0;0;0;0;0;0;0;0;0
13.07.2024;03:11;A 20;1;0;0;1;13;0;0;289;30;2;55;34;49;6;2;0;1;0;0;0;0;0;0;0;0;0;0;0;0;0;100;1;17;0;16;2;6;0;0;1;1;0;55;0;0;0;0;0;0;1;9;1;8;1;14;0;0;1;8;0;0;0;0;2;2;0;0;0;0;0;0;0;0;0;0;0;0;0;0;0;0;0;0;0;0;0;0;0;0;0;0;0;0;0;0
13.07.2024;03:10;A 20;1;0;0;2;11;0;0;287;30;0;0;2;1;76;6;3;1;1;10;2;8;1;0;0;0;0;0;0;0;0;100;0;0;4;24;1;1;2;4;0;0;1;25;0;0;1;0;0;0;0;0;0;0;0;0;0;0;0;0;0;0;0;0;0;0;0;0;0;0;0;0;0;0;0;0;0;0;0;0;0;0;0;0;0;0;0;0;0;0;0;0;0;0;0;0
13.07.2024;03:09;A 20;1;0;0;0;0;0;0;291;29;0;0;0;0;123;10;0;0;1;41;3;8;1;1;0;0;0;0;0;0;0;100;0;0;0;0;0;0;0;0;0;0;0;0;0;0;0;0;0;0;0;0;0;0;0;0;0;0;0;0;0;0;1;1;0;0;0;0;0;0;0;0;0;0;0;0;0;0;0;0;0;0;0;0;0;0;0;0;0;0;0;0;0;0;0;0
13.07.2024;03:08;A 20;1;1;9;1;12;1;1;291;30;1;7;2;2;53;6;1;1;0;0;0;0;0;0;0;0;0;0;0;0;0;100;0;0;0;0;0;0;0;0;0;0;0;0;0;0;0;0;0;0;0;0;0;0;0;0;0;0;0;0;0;0;0;0;0;0;0;0;0;0;0;0;0;0;0;0;0;0;0;0;0;0;0;0;0;0;0;0;0;0;0;0;0;0;0;0
13.07.2024;03:07;A 20;1;0;0;0;0;0;0;312;32;0;0;0;0;98;8;0;0;0;0;0;0;0;0;0;0;0;0;0;0;0;100;0;0;2;6;0;0;1;1;0;0;0;0;0;0;0;0;0;0;1;1;2;7;0;35;0;0;10;21;0;0;1;1;0;0;0;0;0;0;0;0;0;0;0;0;0;0;0;0;0;0;0;0;0;0;0;0;0;0;0;0;0;0;0;0
13.07.2024;03:06;A 20;1;0;0;1;12;0;0;296;31;1;1;1;3;142;12;1;1;0;0;0;0;0;0;0;0;0;0;0;0;0;100;0;0;1;9;0;0;1;1;0;0;0;0;0;0;0;0;0;0;0;0;0;0;1;11;1;1;4;16;0;0;1;1;0;0;0;0;0;0;0;0;0;0;0;0;0;0;0;0;0;0;0;0;0;0;0;0;0;0;0;0;0;0;0;0
13.07.2024;03:05;A 20;1;1;10;0;0;1;1;269;28;0;31;0;0;138;11;0;0;0;0;0;0;0;0;0;0;0;0;0;0;0;100;0;0;0;0;0;0;0;0;0;0;0;0;0;0;0;0;0;0;1;39;1;4;0;0;0;0;0;0;0;0;0;0;0;0;0;0;0;0;0;0;0;0;0;0;0;0;0;0;0;0;0;0;0;0;0;0;0;0;0;0;0;0;0;0
13.07.2024;03:04;A 20;1;0;0;1;9;0;0;277;28;1;32;1;5;70;7;1;1;3;25;1;37;3;4;0;0;0;0;0;0;0;100;0;0;0;0;0;0;0;0;0;0;0;0;0;0;0;0;0;0;0;0;0;0;0;0;0;0;0;0;0;0;1;1;2;3;0;0;0;0;0;0;0;0;0;0;0;0;0;0;0;0;0;0;0;0;0;0;0;0;0;0;0;0;0;0
13.07.2024;03:03;A 20;1;0;0;0;0;0;0;285;29;0;0;0;0;78;6;0;0;0;0;0;0;0;0;1;3;1;3;0;0;0;100;0;0;3;15;0;0;2;2;0;0;0;0;0;0;0;0;0;0;0;0;0;0;0;0;0;0;0;0;0;0;0;0;1;1;0;0;0;0;0;0;0;0;0;0;0;0;0;0;0;0;0;0;0;0;0;0;0;0;0;0;0;0;0;0
13.07.2024;03:02;A 20;1;1;9;1;6;1;1;263;27;0;0;1;1;121;10;1;0;0;0;0;0;0;0;1;71;4;34;1;1;0;100;0;0;4;12;0;0;2;2;0;0;0;0;0;0;0;0;0;0;1;48;2;7;0;0;0;0;0;0;0;0;1;1;0;0;0;0;0;0;0;0;0;0;0;0;0;0;0;0;0;0;0;0;0;0;0;0;0;0;0;0;0;0;0;0
13.07.2024;03:01;A 20;1;1;3;1;5;0;0;276;29;0;0;0;0;137;11;0;0;0;0;0;0;0;0;0;0;1;3;1;2;0;100;0;0;0;0;0;0;0;0;0;0;0;7;0;0;0;0;0;0;0;0;0;0;0;0;0;0;0;0;0;0;0;0;0;0;0;0;0;0;0;0;0;0;0;0;0;0;0;0;0;0;0;0;0;0;0;0;0;0;0;0;0;0;0;0
13.07.2024;03:00;A 20;1;1;8;0;0;1;0;283;29;0;0;0;0;152;12;0;0;0;0;0;0;0;0;0;0;0;0;0;0;0;100;0;0;1;4;1;4;1;0;0;0;1;29;0;0;1;1;1;1;0;0;0;0;0;0;0;0;0;0;0;0;0;0;0;0;0;0;0;0;0;0;0;0;0;0;0;0;0;0;0;0;0;0;0;0;0;0;0;0;0;0;0;0;0;0
13.07.2024;02:59;A 20;1;1;4;0;0;0;0;284;29;0;0;0;0;148;12;1;0;0;0;0;0;0;0;0;0;0;0;0;0;0;100;0;13;3;9;0;0;1;1;0;0;0;0;0;0;0;0;0;0;1;9;1;22;0;0;0;0;0;0;0;0;0;0;0;0;0;0;0;0;0;0;0;0;0;0;0;0;0;0;0;0;0;0;0;0;0;0;0;0;0;0;0;0;0;0
13.07.2024;02:58;A 20;1;1;9;0;0;1;1;290;29;0;0;0;0;143;11;0;0;0;0;0;0;0;0;0;0;0;0;0;0;0;100;1;68;0;0;1;3;0;0;1;1;0;0;0;0;0;0;0;0;0;0;0;0;2;40;0;0;2;39;0;0;2;3;0;0;0;0;0;0;0;0;0;0;0;0;0;0;0;0;0;0;0;0;0;0;0;0;0;0;0;0;0;0;0;0
13.07.2024;02:57;A 20;1;0;0;1;6;0;0;278;29;0;0;0;0;148;12;0;0;0;0;0;0;0;0;0;0;0;0;0;0;0;100;0;0;0;0;0;0;0;0;0;0;0;0;0;0;0;0;0;0;0;0;0;0;0;0;0;0;0;0;0;0;0;0;0;0;0;0;0;0;0;0;0;0;1;1;0;0;0;0;0;0;0;0;0;0;0;0;0;0;0;0;0;0;0;0
13.07.2024;02:56;A 20;1;0;0;1;5;0;0;287;30;0;0;2;1;142;11;1;0;0;0;0;0;0;0;0;0;0;0;0;0;0;100;0;0;0;0;0;0;0;0;0;0;0;0;0;0;0;0;0;0;0;0;0;0;0;32;0;0;0;0;0;0;1;1;0;0;0;0;0;0;0;0;0;0;0;0;0;0;0;0;0;0;0;0;0;0;0;0;0;0;0;0;0;0;0;0
13.07.2024;02:55;A 20;1;0;0;0;0;0;0;277;28;0;0;0;0;151;12;0;0;0;0;0;0;0;0;0;43;0;0;0;0;0;100;0;0;1;29;0;0;1;2;1;0;0;0;0;0;0;0;0;0;0;0;0;0;1;5;0;0;1;6;0;0;1;1;2;2;0;0;0;0;0;0;0;0;0;0;0;0;0;0;0;0;0;0;0;0;0;0;0;0;0;0;0;0;0;0
13.07.2024;02:54;A 20;1;0;0;2;6;0;0;272;28;0;0;2;2;146;12;0;0;1;0;1;0;1;0;1;66;2;3;1;1;0;100;0;0;2;7;0;0;1;1;0;0;0;0;0;0;0;0;0;0;0;0;0;0;0;0;0;0;0;0;0;0;0;0;1;1;0;0;0;0;1;1;0;0;0;0;0;0;1;1;0;0;0;0;0;0;0;0;0;0;0;0;0;0;0;0
13.07.2024;02:53;A 20;1;1;1;2;9;0;0;289;31;0;0;3;2;63;5;0;0;0;0;0;0;0;0;0;0;0;0;0;0;0;100;0;0;0;0;0;0;0;0;0;0;0;0;0;0;0;0;0;0;0;0;0;0;0;0;1;33;0;0;2;36;0;0;0;0;0;0;0;0;0;0;0;0;0;0;0;0;0;0;0;0;0;0;0;0;0;0;0;0;0;0;0;0;0;0
13.07.2024;02:52;A 20;1;0;0;0;0;0;0;290;29;0;0;0;0;21;1;0;0;0;0;0;0;0;0;0;0;0;0;0;0;0;100;0;0;0;0;0;0;0;0;0;0;0;0;0;0;0;0;0;0;0;0;0;0;0;0;0;0;0;0;0;0;0;0;0;0;0;0;0;0;0;0;0;0;0;0;0;0;0;0;0;0;0;0;0;0;0;0;0;0;0;0;0;0;0;0
13.07.2024;02:51;A 20;1;0;0;0;0;0;0;289;29;0;0;0;0;8;0;0;0;0;52;0;47;0;0;0;0;0;0;0;0;0;100;0;0;0;0;0;0;0;0;0;0;0;0;0;0;0;0;0;0;0;0;0;0;0;0;0;0;0;0;0;0;0;0;0;0;0;0;0;0;0;0;0;0;0;0;0;0;0;0;0;0;0;0;0;0;0;0;0;0;0;0;0;0;0;0
13.07.2024;02:50;A 20;1;0;0;0;0;0;0;300;30;0;0;0;0;123;10;0;0;1;6;3;12;1;1;0;8;0;0;0;0;0;100;0;34;2;10;0;0;1;1;0;0;0;0;0;0;0;0;0;0;0;0;0;0;0;0;0;0;0;0;0;0;1;1;0;0;0;0;0;0;0;0;0;0;0;0;0;0;0;0;0;0;0;0;0;0;0;0;0;0;0;0;0;0;0;0
13.07.2024;02:49;A 20;1;0;0;0;0;0;0;297;30;0;0;0;0;140;11;0;0;0;0;0;0;0;0;1;5;2;7;1;1;0;100;1;29;0;0;1;4;0;0;1;1;0;0;0;0;0;0;0;0;1;19;1;4;0;0;1;22;0;0;1;29;0;0;0;0;0;0;0;0;0;0;0;0;0;0;0;0;0;0;0;0;0;0;0;0;0;0;0;0;0;0;0;0;0;0
13.07.2024;02:48;A 20;1;0;0;0;0;0;0;291;30;0;13;0;0;136;11;0;0;0;0;0;0;0;0;0;0;0;0;0;0;0;100;0;0;2;8;0;0;1;1;0;0;0;0;0;0;0;0;0;0;0;0;0;0;0;0;0;0;0;0;0;0;2;3;0;0;0;0;0;0;0;0;0;0;0;0;0;0;0;0;0;0;0;0;0;0;0;0;0;0;0;0;0;0;0;0
13.07.2024;02:47;A 20;1;1;5;2;13;0;0;302;31;1;12;3;5;147;13;1;1;0;0;0;0;0;0;0;0;0;0;0;0;0;100;1;38;5;51;1;4;3;4;2;1;0;0;0;0;0;0;0;0;0;0;0;0;0;0;0;0;0;0;0;0;0;0;0;0;0;0;0;0;0;0;0;0;0;0;0;0;0;0;0;0;0;0;0;0;0;0;0;0;0;0;0;0;0;0
13.07.2024;02:46;A 20;1;0;0;0;0;0;0;301;30;0;0;0;0;134;11;0;0;0;0;0;0;0;0;0;0;0;0;0;0;0;100;0;0;0;0;0;0;0;0;0;0;0;0;0;0;0;0;0;0;0;0;0;0;0;0;0;0;0;0;0;0;0;0;0;0;0;0;0;0;0;0;0;0;0;0;0;0;0;0;0;0;0;0;0;0;0;0;0;0;0;0;0;0;0;0
13.07.2024;02:45;A 20;1;0;3;0;0;1;0;286;29;0;0;1;1;154;12;0;0;0;0;0;0;0;0;1;23;0;21;0;0;0;100;1;41;1;9;2;5;1;1;1;1;0;0;0;0;0;0;0;0;0;0;0;0;0;26;0;0;0;26;2;22;2;2;0;0;0;0;0;0;0;0;0;0;0;0;0;0;0;0;0;0;0;0;0;0;0;0;0;0;0;0;0;0;0;0
13.07.2024;02:44;A 20;1;2;8;0;0;1;0;299;31;0;0;1;0;129;10;0;0;0;0;0;0;1;1;0;0;1;7;1;1;0;100;0;0;0;0;0;0;0;0;0;0;0;11;0;0;0;0;0;0;0;18;0;0;1;16;0;0;1;23;1;16;0;0;0;0;0;0;0;0;0;0;0;0;0;0;0;0;0;0;0;0;0;0;0;0;0;0;0;0;0;0;0;0;0;0
13.07.2024;02:43;A 20;1;0;0;0;0;0;0;298;31;0;0;0;0;73;6;0;0;0;27;0;0;0;0;1;1;1;4;1;1;0;100;0;0;0;0;1;2;0;0;0;0;1;77;0;0;1;1;1;1;1;58;1;4;0;0;0;0;0;0;0;0;0;0;0;0;0;0;0;0;0;0;0;0;0;0;0;0;0;0;0;0;0;0;0;0;0;0;0;0;0;0;0;0;0;0
13.07.2024;02:42;A 20;1;0;0;0;0;0;0;286;29;0;29;0;0;127;10;0;0;1;12;1;12;1;1;0;0;0;0;0;0;0;100;0;0;0;0;0;0;0;0;0;0;0;0;0;0;0;0;0;0;0;0;0;0;0;0;0;0;0;0;0;0;1;2;2;1;0;0;0;0;0;0;0;0;0;0;0;0;0;0;0;0;0;0;0;0;0;0;0;0;0;0;0;0;0;0
13.07.2024;02:41;A 20;1;0;0;2;21;0;0;279;29;1;35;7;8;113;11;1;2;0;0;0;0;0;0;1;44;2;4;1;1;0;100;0;0;0;0;0;0;0;0;0;0;1;0;0;0;0;0;0;0;0;0;0;0;0;0;0;0;0;0;0;0;2;3;0;0;0;0;0;0;0;0;0;0;0;0;0;0;0;0;0;0;0;0;0;0;0;0;0;0;0;0;0;0;0;0
13.07.2024;02:40;A 20;1;0;0;0;0;0;0;295;30;0;0;0;0;156;13;0;0;0;0;0;0;0;0;1;2;2;7;1;1;0;100;1;1;3;9;1;4;2;1;1;1;0;0;0;0;0;0;0;0;0;0;0;0;0;0;0;0;0;0;0;0;0;0;0;0;0;0;0;0;0;0;0;0;0;0;0;0;0;0;0;0;0;0;0;0;0;0;0;0;0;0;0;0;0;0
13.07.2024;02:39;A 20;1;0;0;0;0;0;0;291;30;0;0;0;0;161;13;0;0;0;0;0;0;0;0;0;0;0;0;0;0;0;100;0;0;0;0;0;0;0;0;0;0;0;0;0;0;0;0;0;0;0;0;0;0;0;0;0;0;0;0;0;0;0;0;0;0;0;0;0;0;0;0;0;0;0;0;0;0;0;0;0;0;0;0;0;0;0;0;0;0;0;0;0;0;0;0
13.07.2024;02:38;A 20;1;0;0;1;5;0;0;273;28;0;45;2;1;167;13;0;0;0;0;0;0;0;0;0;0;0;0;0;0;0;100;0;0;0;0;0;0;0;0;0;0;0;0;0;0;0;0;0;0;0;0;0;0;0;0;0;0;0;0;0;0;0;0;0;0;0;0;0;0;0;0;0;0;0;0;0;0;0;0;0;0;0;0;0;0;0;0;0;0;0;0;0;0;0;0
13.07.2024;02:37;A 20;1;0;0;5;54;0;0;286;31;1;15;5;9;145;13;2;1;0;0;0;0;0;0;0;0;0;0;0;0;0;100;0;0;0;0;0;0;0;0;0;0;0;0;0;0;0;0;0;0;0;65;0;0;0;0;0;0;0;0;0;0;0;0;0;0;0;0;0;0;0;0;0;0;0;0;0;0;0;0;0;0;0;0;0;0;0;0;0;0;0;0;0;0;0;0
13.07.2024;02:36;A 20;1;1;21;2;46;1;2;296;36;0;0;5;3;152;12;0;0;2;6;1;18;2;2;1;27;3;9;1;1;0;100;0;0;3;10;0;0;1;2;0;0;0;0;0;0;0;0;0;0;1;32;1;3;0;0;0;0;0;0;0;0;0;0;0;0;0;0;0;0;0;0;0;0;0;0;0;0;0;0;0;0;0;0;0;0;0;0;0;0;0;0;0;0;0;0
13.07.2024;02:35;A 20;1;0;0;0;0;0;0;302;31;0;0;0;0;161;13;0;0;1;14;2;5;1;1;0;0;0;0;0;0;0;100;1;10;2;9;2;4;1;1;1;1;0;0;0;0;0;0;0;0;0;0;0;0;0;0;0;0;0;0;0;0;0;0;0;0;0;0;2;3;0;0;0;0;0;0;0;0;0;0;0;0;0;0;0;0;0;0;0;0;0;0;0;0;0;0
13.07.2024;02:34;A 20;1;0;0;0;0;0;0;296;29;0;0;0;0;150;12;0;0;1;47;0;13;0;0;0;0;0;0;0;0;0;100;1;9;0;0;1;6;0;0;1;1;0;0;0;0;0;0;0;0;0;0;0;0;0;0;0;0;0;0;0;0;0;0;0;0;0;0;0;0;1;1;0;0;0;0;0;0;0;0;0;0;0;0;0;0;0;0;0;0;0;0;0;0;0;0
13.07.2024;02:33;A 20;1;0;1;0;3;0;0;288;30;1;1;2;2;169;14;0;0;0;0;1;1;1;1;0;0;0;0;0;0;0;100;0;0;2;18;0;0;2;2;0;0;0;0;0;0;0;0;0;0;0;0;0;0;0;0;0;0;0;0;0;0;0;0;0;0;0;0;0;0;0;0;0;0;0;0;0;0;0;0;0;0;0;0;0;0;0;0;0;0;0;0;0;0;0;0
13.07.2024;02:32;A 20;1;2;11;1;5;2;1;307;32;0;0;0;0;163;13;1;1;0;0;0;0;0;0;0;0;0;0;0;0;0;100;0;0;1;4;0;0;1;0;0;0;0;0;0;0;0;0;0;0;0;0;0;0;0;0;0;0;0;0;0;0;0;0;0;0;0;0;0;0;0;0;0;0;0;0;0;0;0;0;0;0;0;0;0;0;0;0;0;0;0;0;0;0;0;0
13.07.2024;02:31;A 20;1;0;0;0;0;0;0;297;31;0;0;0;0;8;0;0;0;1;19;0;1;0;0;0;0;0;0;0;0;0;100;0;0;0;0;0;0;0;0;0;0;0;0;0;0;0;0;0;0;0;0;0;0;0;0;1;0;0;0;0;0;0;0;0;0;0;0;0;0;0;0;0;0;0;0;0;0;0;0;0;0;0;0;0;0;0;0;0;0;0;0;0;0;0;0
13.07.2024;02:30;A 20;1;1;8;0;0;1;0;302;32;0;0;0;0;61;5;0;0;1;51;3;11;2;2;0;0;0;0;0;0;0;100;0;0;0;0;0;0;0;0;0;0;0;0;0;0;0;0;0;0;0;0;0;0;0;0;0;0;0;0;0;0;0;0;0;0;0;0;0;0;0;0;0;0;0;0;0;0;0;0;0;0;0;0;0;0;0;0;0;0;0;0;0;0;0;0
13.07.2024;02:29;A 20;1;0;0;0;7;0;0;320;33;1;50;1;2;106;10;0;0;0;0;0;0;0;0;0;0;0;0;0;0;0;100;0;0;2;5;0;0;1;0;0;0;0;60;0;0;0;0;0;0;1;26;2;4;0;0;0;0;0;0;0;0;2;2;1;1;0;0;0;0;0;0;0;0;0;0;0;0;0;0;0;0;0;0;0;0;0;0;0;0;0;0;0;0;0;0
13.07.2024;02:28;A 20;1;1;2;3;20;0;0;291;33;0;0;3;3;46;3;1;1;0;0;0;0;0;0;0;0;0;0;0;0;0;100;0;0;1;9;1;1;1;1;0;0;1;39;0;0;1;0;1;1;0;0;0;0;1;45;0;0;2;7;0;0;0;0;1;1;0;0;0;0;0;0;0;0;0;0;0;0;0;0;0;0;0;0;0;0;0;0;0;0;0;0;0;0;0;0
13.07.2024;02:27;A 20;1;1;12;1;6;1;1;304;34;0;0;2;2;6;0;0;0;0;0;0;0;0;0;0;0;0;0;0;0;0;100;1;9;1;8;2;2;1;1;1;0;0;0;0;0;0;0;0;0;0;0;0;0;0;0;0;0;0;0;0;0;0;0;1;1;0;0;0;0;0;0;0;0;0;0;0;0;0;0;0;0;0;0;0;0;0;0;0;0;0;0;0;0;0;0
13.07.2024;02:26;A 20;1;0;0;1;9;0;0;305;32;1;10;2;4;9;1;1;1;0;0;0;0;0;0;0;0;0;0;0;0;0;100;1;20;2;7;3;6;1;1;1;1;0;0;0;0;0;0;0;0;1;9;3;6;0;0;1;56;0;0;1;61;1;1;1;1;1;1;0;0;0;0;0;0;1;2;0;0;0;0;0;0;0;0;0;0;0;0;0;0;0;0;0;0;0;0
13.07.2024;02:25;A 20;1;0;0;0;0;0;0;299;31;0;0;0;0;96;7;0;0;0;0;0;0;0;0;0;0;0;0;0;0;0;100;0;0;2;11;0;0;1;1;0;0;0;0;0;0;0;0;0;0;0;0;0;0;0;0;1;24;0;0;2;26;0;0;1;1;0;0;0;0;0;0;0;0;0;0;0;0;0;0;0;0;0;0;0;0;0;0;0;0;0;0;0;0;0;0
13.07.2024;02:24;A 20;1;0;0;0;0;0;0;307;33;0;0;0;0;101;8;0;0;0;8;0;0;0;0;0;0;0;0;0;0;0;100;1;3;1;5;3;3;0;0;1;1;0;0;0;0;0;0;0;0;0;0;0;0;0;0;0;0;0;0;0;0;1;2;0;0;0;0;0;0;0;0;0;0;0;0;0;0;0;0;0;0;0;0;0;0;0;0;0;0;0;0;0;0;0;0
13.07.2024;02:23;A 20;1;0;0;0;0;0;0;319;33;0;0;0;0;70;5;0;0;1;44;1;8;1;1;0;0;0;0;0;0;0;100;0;0;4;10;0;0;2;3;0;0;0;0;0;0;0;0;0;0;0;0;0;0;0;0;0;0;0;0;0;0;1;0;1;1;0;0;0;0;0;0;0;0;0;0;0;0;0;0;0;0;0;0;0;0;0;0;0;0;0;0;0;0;0;0
13.07.2024;02:22;A 20;1;0;0;1;10;0;0;309;32;1;3;3;5;6;1;1;1;1;38;1;13;1;1;0;0;0;0;0;0;0;100;0;54;1;8;0;0;1;1;0;0;0;0;0;0;0;0;0;0;0;0;0;0;0;0;1;9;0;0;2;3;0;0;2;3;0;0;0;0;0;0;0;0;0;0;0;0;0;0;0;0;0;0;0;0;0;0;0;0;0;0;0;0;0;0
13.07.2024;02:21;A 20;1;0;0;0;0;0;0;308;32;0;0;0;0;3;0;0;0;2;15;4;12;1;1;0;0;0;0;0;0;0;100;2;45;3;6;4;9;1;1;2;2;0;0;0;0;0;0;0;0;0;0;0;0;0;0;1;99;0;0;1;3;1;4;0;0;0;0;0;0;0;0;0;0;0;0;0;0;0;0;0;0;0;0;0;0;0;0;0;0;0;0;0;0;0;0
13.07.2024;02:20;A 20;1;0;0;0;0;0;0;311;33;0;0;0;0;51;4;0;0;1;43;2;12;2;2;0;0;0;0;0;0;0;100;0;0;0;0;0;0;0;0;0;0;0;0;0;0;0;0;0;0;0;0;0;0;0;0;0;0;0;0;1;2;0;0;0;0;0;0;0;0;0;0;0;0;0;0;0;0;0;0;0;0;0;0;0;0;0;0;0;0;0;0;0;0;0;0
13.07.2024;02:19;A 20;1;0;0;2;18;0;0;310;35;0;0;2;3;8;0;0;0;1;0;2;4;1;0;1;37;1;9;1;1;0;100;0;0;0;0;0;0;0;0;0;0;1;1;0;0;0;0;0;0;0;0;0;0;0;0;0;0;0;0;0;0;0;0;0;0;0;0;0;0;0;0;0;0;0;0;0;0;0;0;0;0;0;0;0;0;0;0;0;0;0;0;0;0;0;0
13.07.2024;02:18;A 20;1;0;0;0;0;0;0;303;31;0;0;0;0;4;0;0;0;0;0;0;0;1;1;1;14;2;6;0;0;0;100;2;2;0;11;3;5;0;0;2;1;0;0;0;0;0;0;0;0;0;0;0;0;0;0;0;0;0;0;0;0;0;0;0;0;0;0;0;0;0;0;0;0;0;0;0;0;0;0;0;0;0;0;0;0;0;0;0;0;0;0;0;0;0;0
13.07.2024;02:17;A 20;1;1;9;1;17;1;1;306;33;1;1;2;3;16;2;1;1;0;0;0;0;0;0;0;0;0;0;0;0;0;100;0;0;3;23;0;0;2;3;0;0;0;0;0;0;0;0;0;0;0;0;0;0;0;0;1;0;0;0;0;0;1;1;0;0;0;0;0;0;0;0;0;0;0;0;0;0;0;0;0;0;0;0;0;0;0;0;0;0;0;0;0;0;0;0
13.07.2024;02:16;A 20;1;0;0;2;15;0;0;311;34;1;0;3;3;7;0;1;0;0;0;0;0;0;0;1;40;1;7;1;1;0;100;1;71;1;6;0;0;0;0;0;0;0;0;0;0;0;0;0;0;1;1;1;4;0;37;0;0;0;37;0;0;1;1;0;0;0;0;0;0;0;0;0;0;0;0;0;0;0;0;0;0;0;0;0;0;0;0;0;0;0;0;0;0;0;0
13.07.2024;02:15;A 20;1;2;15;1;4;2;1;284;29;1;1;0;2;23;2;1;1;1;31;3;24;0;1;0;28;0;0;0;0;0;100;1;0;2;8;1;2;2;1;1;0;0;0;0;0;0;0;0;0;0;0;0;0;1;11;0;0;1;18;0;0;2;3;0;0;0;0;0;0;0;0;0;0;0;0;0;0;0;0;0;0;0;0;0;0;0;0;0;0;0;0;0;0;0;0
13.07.2024;02:14;A 20;1;1;9;2;17;1;0;302;31;1;77;6;50;26;4;2;2;1;57;2;11;2;1;1;32;2;7;1;1;0;100;0;0;0;0;0;0;0;0;0;0;0;0;0;0;0;0;0;0;0;23;0;0;0;21;0;0;0;0;0;0;5;8;0;0;0;0;0;0;0;0;0;0;0;0;0;0;0;0;0;0;0;0;0;0;0;0;0;0;0;0;0;0;0;0
13.07.2024;02:13;A 20;1;1;54;1;7;2;2;310;33;1;70;1;5;25;3;1;1;1;39;2;8;1;1;0;0;0;0;0;0;0;100;0;0;0;0;0;0;0;0;0;0;0;0;0;0;0;0;0;0;1;5;1;5;2;23;0;0;2;8;0;0;1;1;0;0;0;0;0;0;0;0;0;0;0;0;0;0;0;0;0;0;0;0;0;0;0;0;0;0;0;0;0;0;0;0
13.07.2024;02:12;A 20;1;0;0;0;0;0;0;308;31;0;0;0;0;8;0;0;0;0;0;0;0;0;0;0;23;0;0;0;0;0;100;0;0;2;7;0;0;1;1;0;0;0;0;0;0;0;0;0;0;0;0;0;0;0;0;0;0;1;6;0;0;0;0;0;0;0;0;0;0;1;1;0;0;0;0;0;0;2;3;0;0;0;0;0;0;0;0;0;0;0;0;0;0;0;0
13.07.2024;02:11;A 20;1;0;0;0;0;0;0;300;31;0;0;0;0;23;1;0;0;0;0;0;0;0;0;1;9;3;5;1;1;0;100;0;0;1;5;0;0;1;0;0;0;0;0;0;0;0;0;0;0;0;0;0;0;0;0;0;0;0;0;0;0;0;0;1;1;0;0;0;0;0;0;0;0;0;0;0;0;0;0;0;0;0;0;0;0;0;0;0;0;0;0;0;0;0;0
13.07.2024;02:10;A 20;1;1;14;1;5;2;1;302;31;1;17;1;2;27;3;1;1;0;0;0;0;0;0;0;0;0;0;0;0;0;100;0;0;2;4;0;0;1;0;0;0;0;0;0;0;0;0;0;0;0;0;0;0;0;0;0;0;0;0;0;0;2;1;2;1;0;0;0;0;0;0;0;0;0;0;0;0;0;0;0;0;0;0;0;0;0;0;0;0;0;0;0;0;0;0
13.07.2024;02:09;A 20;1;1;7;0;0;1;0;301;31;0;0;0;0;8;0;0;0;2;7;0;14;0;0;1;52;0;52;0;0;0;100;0;0;0;0;0;0;0;0;0;0;0;0;0;0;0;0;0;0;0;0;0;0;3;2;0;4;3;10;0;0;0;0;1;1;0;0;0;0;0;0;0;0;0;0;0;0;0;0;0;0;0;0;0;0;0;0;0;0;0;0;0;0;0;0
13.07.2024;02:08;A 20;1;1;9;1;5;1;0;292;31;0;0;2;1;24;1;0;0;2;52;6;44;4;4;1;12;4;22;2;2;0;100;0;0;2;6;0;0;1;1;0;0;0;0;0;0;0;0;0;0;0;0;0;0;0;0;1;88;0;0;3;24;3;3;0;0;0;0;0;0;1;1;0;0;0;0;0;0;1;2;0;0;0;0;0;0;0;0;0;0;0;0;0;0;0;0
13.07.2024;02:07;A 20;1;0;2;0;0;0;0;278;28;0;0;0;0;134;11;0;0;1;17;2;10;1;1;0;0;0;0;0;0;0;100;0;0;0;0;0;0;0;0;0;0;0;0;0;0;0;0;0;0;0;0;0;0;0;0;0;0;0;0;0;0;0;0;0;0;0;0;0;0;0;0;0;0;0;0;0;0;0;0;0;0;0;0;0;0;0;0;0;0;0;0;0;0;0;0
13.07.2024;02:06;A 20;1;3;21;1;8;2;1;284;31;0;0;1;0;130;10;0;0;0;29;0;0;0;0;0;0;0;0;0;0;0;100;0;0;4;22;0;0;2;3;0;0;0;0;0;0;0;0;0;0;0;0;0;0;0;29;1;0;0;0;1;3;3;4;0;0;0;0;0;0;0;0;0;0;0;0;0;0;0;0;0;0;0;0;0;0;0;0;0;0;0;0;0;0;0;0
13.07.2024;02:05;A 20;1;0;0;2;8;0;0;282;29;1;3;2;3;6;1;1;1;1;18;2;11;1;1;0;0;0;0;0;0;0;100;0;0;2;5;0;0;1;0;0;0;0;0;0;0;0;0;0;0;0;0;0;0;1;5;0;0;1;11;0;0;0;0;0;0;0;0;0;0;0;0;0;0;0;0;0;0;0;0;0;0;0;0;0;0;0;0;0;0;0;0;0;0;0;0
13.07.2024;02:04;A 20;1;0;0;1;10;0;0;269;29;0;0;3;2;3;0;0;0;1;35;2;16;1;1;0;0;0;0;0;0;0;100;0;0;2;12;0;0;0;0;0;0;0;0;0;0;0;0;0;0;0;0;0;0;0;0;0;0;0;0;0;0;0;0;1;1;0;0;0;0;0;0;0;0;0;0;0;0;0;0;0;0;0;0;0;0;0;0;0;0;0;0;0;0;0;0
13.07.2024;02:03;A 20;1;0;0;1;6;0;0;281;29;1;21;3;2;47;3;1;0;2;56;0;100;1;1;1;52;0;1;0;0;0;100;0;0;2;5;0;0;2;2;0;0;0;0;0;0;0;0;0;0;0;0;0;0;0;0;1;3;0;0;2;3;0;0;0;0;0;0;0;0;0;0;0;0;0;0;0;0;0;0;0;0;0;0;0;0;0;0;0;0;0;0;0;0;0;0
13.07.2024;02:02;A 20;1;0;0;2;14;0;0;274;29;0;0;1;0;6;1;1;1;2;52;1;13;2;2;0;0;1;7;1;1;0;100;0;0;2;6;0;0;1;1;0;0;0;0;0;0;0;0;0;0;0;0;0;0;0;0;0;0;0;0;0;0;0;0;0;0;0;0;0;0;0;0;0;0;0;0;0;0;0;0;0;0;0;0;0;0;0;0;0;0;0;0;0;0;0;0
13.07.2024;02:01;A 20;1;1;12;0;0;1;1;260;26;0;0;0;0;58;4;0;0;0;0;2;6;1;1;0;0;0;0;0;0;0;100;0;0;1;8;0;0;1;1;0;0;0;0;0;0;0;0;0;0;0;0;0;0;0;0;0;0;0;0;0;0;0;0;1;1;0;0;0;0;0;0;0;0;0;0;0;0;0;0;0;0;0;0;0;0;0;0;0;0;0;0;0;0;0;0
13.07.2024;02:00;A 20;1;0;0;2;17;0;0;285;29;2;46;3;41;53;6;2;2;3;1;4;10;2;1;0;0;0;0;0;0;0;100;1;0;2;10;1;2;1;1;1;1;0;0;0;0;0;0;0;0;0;0;0;0;0;0;1;61;0;0;2;49;2;3;0;0;0;0;0;0;0;0;0;0;0;0;0;0;0;0;0;0;0;0;0;0;0;0;0;0;0;0;0;0;0;0
