Datum;Uhrzeit;Bezeichnung;Intervall;V231Z;V231B;V241Z;V241B;V211Z;V211B;V222Z;V222B;D51Z;D51B;D52Z;D52B;V511Z;V511B;V521Z;V521B;V55Z;V55B;V51_1Z;V51_1B;ST51Z;ST51B;ST55_1Z;ST55_1B;T38Z;T38B;TB38Z;TB38B;TB35Z;TB35B;V821Z;V821B;V811Z;V811B;D21Z;D21B;D22Z;D22B;D23Z;D23B;D24Z;D24B;D81Z;D81B;D82Z;D82B;VK1_4_StoeZ;VK1_4_StoeB;VK5_7_StoeZ;VK5_7_StoeB
27.10.2024;02:00;A 38;1;0;0;0;0;0;0;0;0;0;0;0;0;0;0;0;0;0;0;0;0;0;0;0;0;0;0;0;100;0;0;0;8;0;0;0;0;0;0;0;0;0;0;0;0;0;0;0;0;0;0
27.10.2024;01:59;A 38;1;0;0;0;0;0;0;0;0;0;0;0;0;0;0;0;0;0;0;0;0;0;0;0;0;0;0;0;100;0;0;1;5;0;0;0;0;0;0;0;0;0;0;0;0;0;0;0;0;0;0
27.10.2024;01:58;A 38;1;0;0;0;0;0;0;0;0;0;0;0;0;0;0;0;0;0;0;0;0;0;0;0;0;0;0;0;100;0;0;0;0;0;0;0;0;0;0;0;0;0;0;0;0;0;0;0;0;0;0
27.10.2024;01:57;A 38;1;0;0;0;0;0;0;0;0;0;0;0;0;0;0;0;0;0;0;0;0;0;0;0;0;0;0;0;100;0;0;0;0;0;0;0;0;0;0;0;0;0;0;0;0;0;0;0;0;0;0
27.10.2024;01:56;A 38;1;0;0;0;0;0;0;0;0;0;0;0;0;0;0;0;0;0;0;0;0;0;0;0;0;0;0;0;100;0;0;1;7;0;0;0;0;0;0;0;0;0;0;0;0;0;0;0;0;0;0
27.10.2024;01:55;A 38;1;2;1;0;0;2;10;0;0;59;9;1;0;1;8;0;0;0;0;0;0;0;0;0;0;1;0;0;100;2;5;3;2;0;0;0;0;0;0;0;0;0;0;0;0;0;0;0;0;0;0
27.10.2024;01:54;A 38;1;0;5;0;4;0;0;0;0;35;4;1;0;1;4;1;3;0;0;0;0;0;0;0;0;0;0;0;100;0;0;0;0;0;0;0;0;0;0;0;0;0;0;0;0;2;6;0;0;0;0
27.10.2024;01:53;A 38;1;2;45;1;2;2;18;1;3;122;17;13;3;1;8;0;0;0;0;0;0;0;0;0;0;0;0;0;100;0;0;0;0;0;0;0;0;0;0;0;0;1;7;1;8;0;0;0;0;0;0
27.10.2024;01:52;A 38;1;4;7;0;0;3;31;0;0;115;15;0;0;1;9;0;0;0;0;0;0;0;0;0;0;0;0;0;100;0;0;0;0;0;0;0;0;0;0;0;0;0;0;0;0;0;0;0;0;0;0
27.10.2024;01:51;A 38;1;0;0;0;0;0;0;0;0;0;0;0;0;0;0;0;0;0;0;0;0;0;0;0;0;0;0;0;100;0;0;0;0;0;0;0;0;0;0;0;0;0;0;0;0;0;0;0;0;0;0
27.10.2024;01:50;A 38;1;0;0;0;0;0;0;0;0;0;0;0;0;0;0;0;0;0;0;0;0;0;0;0;0;0;0;0;100;0;0;0;0;0;0;0;0;0;0;0;0;0;0;0;0;0;0;0;0;0;0
27.10.2024;01:49;A 38;1;0;0;0;0;0;0;0;0;0;0;0;0;0;0;0;0;0;0;0;0;0;0;0;0;0;0;0;100;0;0;0;0;0;0;0;0;0;0;0;0;0;0;0;0;0;0;0;0;0;0
27.10.2024;01:48;A 38;1;0;0;0;0;0;0;0;0;0;0;0;0;0;0;0;0;0;0;0;0;0;0;0;0;0;0;0;100;0;0;1;6;0;0;0;0;0;0;0;0;0;0;0;0;0;0;0;0;0;0
27.10.2024;01:47;A 38;1;0;0;0;0;0;0;0;0;0;0;0;0;0;0;0;0;0;0;0;0;0;0;0;0;1;0;0;100;1;5;1;4;0;0;0;0;0;0;0;0;0;0;0;0;0;0;0;0;0;0
27.10.2024;01:46;A 38;1;2;1;0;0;3;11;0;0;2;1;0;0;2;10;0;0;0;0;0;0;0;0;0;0;0;0;0;100;0;0;0;0;0;0;0;0;0;0;0;0;0;0;0;0;0;0;0;0;0;0
27.10.2024;01:45;A 38;1;1;0;0;0;2;3;0;0;1;0;0;0;1;3;0;0;0;0;0;0;0;0;0;0;0;0;0;100;0;0;2;5;0;0;0;0;0;0;0;0;0;0;0;0;0;0;0;0;0;0
27.10.2024;01:44;A 38;1;0;0;0;0;0;0;0;0;0;0;0;0;0;0;0;0;0;0;0;0;0;0;0;0;0;0;0;100;1;3;1;2;0;0;0;0;0;0;0;0;0;0;0;0;0;0;0;0;0;0
27.10.2024;01:43;A 38;1;2;1;0;0;2;10;0;0;2;1;0;0;2;10;0;0;0;0;0;0;0;0;0;0;1;0;0;100;1;5;3;8;0;0;0;0;0;0;0;0;0;0;0;0;0;0;0;0;0;0
27.10.2024;01:42;A 38;1;0;0;0;0;0;0;0;0;0;0;0;0;0;0;0;0;0;0;0;0;0;0;0;0;1;0;0;100;0;0;1;7;0;0;0;0;0;0;0;0;0;0;0;0;0;0;0;0;0;0
27.10.2024;01:41;A 38;1;0;0;0;0;0;0;0;0;0;0;0;0;0;0;0;0;0;0;0;0;0;0;0;0;0;0;0;100;0;0;0;0;0;0;0;0;0;0;0;0;0;0;0;0;0;0;0;0;0;0
27.10.2024;01:40;A 38;1;2;2;0;0;1;12;0;0;2;1;0;0;1;8;0;0;0;0;0;0;0;0;0;0;0;0;0;100;1;4;1;9;0;0;0;0;0;0;0;0;0;0;0;0;0;0;0;0;0;0
27.10.2024;01:39;A 38;1;1;1;0;0;2;5;0;0;1;0;0;0;1;4;0;0;0;0;0;0;0;0;0;0;0;0;0;100;0;0;0;0;0;0;0;0;0;0;0;0;0;0;0;0;0;0;0;0;0;0
27.10.2024;01:38;A 38;1;1;0;0;0;1;5;0;0;1;0;2;0;1;5;0;0;0;0;0;0;0;0;0;0;0;0;0;100;0;0;1;6;0;0;0;0;0;0;0;0;1;6;0;0;0;0;0;0;0;0
27.10.2024;01:37;A 38;1;2;48;0;0;4;24;0;0;2;2;0;0;2;9;0;0;0;0;0;0;0;0;0;0;0;0;0;100;0;0;0;0;0;0;0;0;0;0;0;0;0;0;1;6;0;0;0;0;0;0
27.10.2024;01:36;A 38;1;1;0;0;0;1;5;0;0;1;0;1;0;2;2;0;0;0;0;0;0;0;0;0;0;0;0;0;100;0;0;1;5;0;0;0;0;0;0;0;0;0;0;0;0;0;0;0;0;0;0
27.10.2024;01:35;A 38;1;0;0;0;0;0;0;0;0;1;0;0;0;1;2;0;0;0;0;0;0;0;0;0;0;0;0;0;100;0;0;0;0;0;0;0;0;0;0;0;0;0;0;0;0;0;0;0;0;0;0
27.10.2024;01:34;A 38;1;1;0;0;0;2;4;0;0;0;0;0;0;0;0;0;0;0;0;0;0;0;0;0;0;0;0;0;100;0;0;1;6;0;0;0;0;0;0;0;0;0;0;0;0;0;0;0;0;0;0
27.10.2024;01:33;A 38;1;0;0;0;0;0;0;0;0;0;0;0;0;0;0;0;0;0;0;0;0;0;0;0;0;0;0;0;100;0;0;3;13;0;0;0;0;0;0;0;0;0;0;0;0;0;0;0;0;0;0
27.10.2024;01:32;A 38;1;1;0;0;0;2;3;0;0;1;0;0;0;2;3;0;0;0;0;0;0;0;0;0;0;0;0;0;100;0;0;0;0;0;0;0;0;0;0;0;0;0;0;0;0;0;0;0;0;0;0
27.10.2024;01:31;A 38;1;0;0;0;0;0;0;0;0;1;0;0;0;0;2;0;0;0;0;0;0;0;0;0;0;0;0;0;100;0;0;2;19;0;0;0;0;0;0;0;0;0;0;0;0;0;0;0;0;0;0
27.10.2024;01:30;A 38;1;2;1;0;0;4;10;0;0;1;0;0;0;2;10;0;0;0;0;0;0;0;0;0;0;0;0;0;100;0;0;0;0;0;0;0;0;0;0;0;0;0;0;0;0;0;0;0;0;0;0
27.10.2024;01:29;A 38;1;0;0;0;0;0;0;0;0;0;0;0;0;0;0;0;0;0;0;1;1;0;0;0;0;1;1;0;100;1;7;2;18;0;0;0;0;0;0;0;0;0;0;0;0;0;0;0;0;0;0
27.10.2024;01:28;A 38;1;2;1;0;0;3;12;0;0;2;1;0;0;2;11;0;0;0;0;0;0;0;0;0;0;2;0;0;100;0;0;1;13;0;0;0;0;0;0;0;0;0;0;0;0;0;0;0;0;0;0
27.10.2024;01:27;A 38;1;0;0;0;0;0;0;0;0;0;0;0;0;0;0;0;0;0;0;0;0;0;0;0;0;0;0;0;100;0;0;1;6;0;0;0;0;0;0;0;0;0;0;0;0;0;0;0;0;0;0
27.10.2024;01:26;A 38;1;2;1;0;0;2;9;0;0;118;16;0;0;2;9;0;0;0;0;0;0;0;0;0;0;1;0;0;100;0;0;3;20;0;0;0;0;0;0;0;0;0;0;0;0;0;0;0;0;0;0
27.10.2024;01:25;A 38;1;0;0;0;0;0;0;0;0;206;27;0;0;0;0;0;0;0;0;0;0;0;0;0;0;1;0;0;100;1;9;1;9;0;0;0;0;0;0;0;0;0;0;0;0;0;0;0;0;0;0
27.10.2024;01:24;A 38;1;2;16;0;0;4;7;0;0;154;20;0;0;3;12;0;0;0;0;0;0;0;0;0;0;0;0;0;100;1;2;1;4;0;0;0;0;0;0;0;0;0;0;0;0;1;5;0;0;0;0
27.10.2024;01:23;A 38;1;2;15;0;0;4;14;0;0;100;12;0;0;1;5;0;0;0;0;0;0;0;0;0;0;0;0;0;100;0;0;1;17;0;0;0;0;0;0;0;0;0;0;0;0;0;0;0;0;0;0
27.10.2024;01:22;A 38;1;1;0;0;0;1;5;0;0;10;1;1;0;1;4;0;0;0;0;0;0;0;0;0;0;0;0;0;100;0;0;0;0;0;0;0;0;0;0;0;0;0;0;0;0;0;0;0;0;0;0
27.10.2024;01:21;A 38;1;1;0;0;0;2;4;0;0;1;0;0;0;1;4;0;0;0;0;0;0;0;0;0;0;0;0;0;100;0;0;1;5;0;0;0;0;0;0;0;0;0;0;0;0;0;0;0;0;0;0
27.10.2024;01:20;A 38;1;2;1;0;0;4;10;0;0;2;1;0;0;2;10;0;0;0;0;0;0;0;0;0;0;0;0;0;100;0;0;0;0;0;0;0;0;0;0;0;0;0;0;0;0;0;0;0;0;0;0
27.10.2024;01:19;A 38;1;0;0;0;0;0;0;0;0;0;0;0;0;0;0;0;0;0;0;0;0;0;0;0;0;1;0;0;100;1;0;2;14;0;0;0;0;0;0;0;0;0;0;0;0;0;0;0;0;0;0
27.10.2024;01:18;A 38;1;2;1;0;0;3;10;0;0;2;1;0;0;2;10;0;0;0;0;0;0;0;0;0;0;1;0;0;100;2;1;1;4;0;0;0;0;0;0;0;0;0;0;0;0;0;0;0;0;0;0
27.10.2024;01:17;A 38;1;1;0;0;0;2;6;0;0;1;0;0;0;2;4;0;0;0;0;0;0;0;0;0;0;0;0;0;100;0;0;0;0;0;0;0;0;0;0;0;0;0;0;0;0;0;0;0;0;0;0
27.10.2024;01:16;A 38;1;1;1;0;0;1;7;0;0;1;0;0;0;1;7;0;0;0;0;0;0;0;0;0;0;1;0;0;100;0;0;2;4;0;0;0;0;0;0;0;0;0;0;0;0;0;0;0;0;0;0
27.10.2024;01:15;A 38;1;2;1;0;0;3;7;0;0;2;1;0;0;2;6;0;0;0;0;0;0;0;0;0;0;0;0;0;100;0;0;1;11;0;0;0;0;0;0;0;0;0;0;0;0;0;0;0;0;0;0
27.10.2024;01:14;A 38;1;1;1;0;0;2;12;0;0;1;1;0;0;1;3;0;0;0;0;0;0;0;0;0;0;0;0;0;100;0;0;0;0;0;0;0;0;0;0;0;0;0;0;0;0;0;0;0;0;0;0
27.10.2024;01:13;A 38;1;3;2;0;0;4;15;0;0;3;2;0;0;3;14;0;0;0;0;0;0;0;0;0;0;0;0;0;100;0;0;0;0;0;0;0;0;0;0;0;0;0;0;0;0;0;0;0;0;0;0
27.10.2024;01:12;A 38;1;0;0;0;0;0;0;0;0;0;0;0;0;0;0;0;0;0;0;0;0;0;0;0;0;0;0;0;100;0;0;3;11;0;0;0;0;0;0;0;0;0;0;0;0;0;0;0;0;0;0
27.10.2024;01:11;A 38;1;1;0;0;0;2;5;0;0;1;0;0;0;2;5;0;0;0;0;0;0;0;0;0;0;0;0;0;100;0;0;1;5;0;0;0;0;0;0;0;0;0;0;0;0;0;0;0;0;0;0
27.10.2024;01:10;A 38;1;2;2;0;0;3;12;0;0;2;2;0;0;2;14;0;0;0;0;0;0;0;0;0;0;0;0;0;100;0;0;1;6;0;0;0;0;0;0;0;0;0;0;0;0;0;0;0;0;0;0
27.10.2024;01:09;A 38;1;1;0;0;0;2;6;0;0;1;0;0;0;2;4;0;0;0;0;0;0;0;0;0;0;0;0;0;100;0;0;1;4;0;0;0;0;0;0;0;0;0;0;0;0;0;0;0;0;0;0
27.10.2024;01:08;A 38;1;1;1;0;0;2;6;0;0;1;1;0;0;1;6;0;0;0;0;0;0;0;0;0;0;0;0;0;100;1;1;2;9;0;0;0;0;0;0;0;0;0;0;0;0;0;0;0;0;0;0
27.10.2024;01:07;A 38;1;3;33;1;1;2;39;1;3;3;3;1;0;1;12;1;4;0;0;0;0;0;0;0;0;0;0;0;100;0;0;1;10;0;0;0;0;0;0;0;0;1;6;1;8;0;0;0;0;0;0
27.10.2024;01:06;A 38;1;1;1;0;0;0;4;0;0;1;1;0;0;1;7;0;0;0;0;0;0;0;0;0;0;0;0;0;100;1;1;1;0;0;0;0;0;0;0;0;0;0;0;0;0;0;0;0;0;0;0
27.10.2024;01:05;A 38;1;1;1;0;0;3;7;0;0;1;0;0;0;1;4;0;0;0;0;0;0;0;0;0;0;0;0;0;100;0;0;0;0;0;0;0;0;0;0;0;0;0;0;0;0;0;0;0;0;0;0
27.10.2024;01:04;A 38;1;0;0;0;0;0;0;0;0;0;0;0;0;0;0;0;0;0;0;0;0;0;0;0;0;0;0;0;100;0;0;2;13;0;0;0;0;0;0;0;0;0;0;0;0;0;0;0;0;0;0
27.10.2024;01:03;A 38;1;0;0;0;0;0;0;0;0;0;0;0;0;0;0;0;0;0;0;0;0;0;0;0;0;0;0;0;100;0;0;0;0;0;0;0;0;0;0;0;0;0;0;0;0;0;0;0;0;0;0
27.10.2024;01:02;A 38;1;0;0;0;0;0;0;0;0;0;0;0;0;0;0;0;0;0;0;0;0;0;0;0;0;1;0;0;100;0;0;4;19;0;0;0;0;0;0;0;0;0;0;0;0;0;0;0;0;0;0
27.10.2024;01:01;A 38;1;1;0;0;0;1;5;0;0;2;1;0;0;1;4;0;0;0;0;0;0;0;0;0;0;0;0;0;100;0;0;0;0;0;0;0;0;0;0;0;0;0;0;0;0;0;0;0;0;0;0
27.10.2024;01:00;A 38;1;3;2;0;0;4;18;0;0;2;1;0;0;1;11;0;0;0;0;0;0;0;0;0;0;0;0;0;100;0;0;3;2;0;0;0;0;0;0;0;0;0;0;0;0;0;0;0;0;0;0
27.10.2024;00:59;A 38;1;0;0;0;0;0;0;0;0;0;0;0;0;0;0;0;0;0;0;0;0;0;0;0;0;0;0;0;100;0;0;0;0;0;0;0;0;0;0;0;0;0;0;0;0;0;0;0;0;0;0
27.10.2024;00:58;A 38;1;0;0;0;9;0;0;0;0;0;0;1;0;0;0;1;3;0;0;0;0;0;0;0;0;0;0;0;100;0;0;2;15;0;0;0;0;0;0;0;0;0;0;0;0;0;0;0;0;0;0
27.10.2024;00:57;A 38;1;1;0;1;20;2;9;1;4;4;9;1;0;3;23;1;3;1;51;0;0;2;60;1;0;0;0;0;100;0;0;1;5;0;0;0;0;0;0;0;0;0;0;0;0;0;0;0;0;0;0
27.10.2024;00:56;A 38;1;1;39;1;36;1;7;1;3;0;0;0;0;0;0;0;0;0;0;1;1;0;0;0;0;1;0;0;100;0;0;1;11;0;0;0;0;0;0;0;0;0;0;0;0;0;0;0;0;0;0
27.10.2024;00:55;A 38;1;1;1;0;0;2;5;0;0;1;0;0;0;1;3;0;0;0;0;0;0;0;0;0;0;1;1;0;100;1;4;2;87;0;0;0;0;0;0;0;0;0;0;0;0;1;7;0;0;0;0
27.10.2024;00:54;A 38;1;1;28;0;0;2;9;0;0;1;0;0;0;1;3;0;0;0;0;0;0;0;0;0;0;0;0;0;100;0;0;1;37;0;0;0;0;0;0;0;0;0;0;0;0;0;0;0;0;0;0
27.10.2024;00:53;A 38;1;1;1;0;0;2;8;0;0;1;1;0;0;1;5;0;0;0;0;0;0;0;0;0;0;0;0;0;100;0;0;0;0;0;0;0;0;0;0;0;0;0;0;0;0;0;0;0;0;0;0
27.10.2024;00:52;A 38;1;0;0;0;0;0;0;0;0;0;0;0;0;0;0;0;0;0;0;0;0;0;0;0;0;0;0;0;100;1;3;3;11;0;0;0;0;0;0;0;0;0;0;0;0;0;0;0;0;0;0
27.10.2024;00:51;A 38;1;3;2;0;0;5;13;0;0;3;2;0;0;3;13;0;0;0;0;0;0;0;0;0;0;0;0;0;100;0;0;1;4;0;0;0;0;0;0;0;0;0;0;0;0;0;0;0;0;0;0
27.10.2024;00:50;A 38;1;0;0;0;0;0;0;0;0;0;0;0;0;0;0;0;0;0;0;0;0;0;0;0;0;0;0;0;100;0;0;2;16;0;0;0;0;0;0;0;0;0;0;0;0;0;0;0;0;0;0
27.10.2024;00:49;A 38;1;0;0;0;0;0;0;0;0;0;0;0;0;0;0;0;0;0;0;0;0;0;0;0;0;1;0;0;100;0;0;0;4;0;0;0;0;0;0;0;0;0;0;0;0;0;0;0;0;0;0
27.10.2024;00:48;A 38;1;3;2;0;0;3;18;0;0;3;2;0;0;3;14;0;0;0;0;0;0;0;0;0;0;0;0;0;100;0;0;2;7;0;0;0;0;0;0;0;0;0;0;0;0;0;0;0;0;0;0
27.10.2024;00:47;A 38;1;0;0;0;0;0;0;0;0;0;0;0;0;0;0;0;0;0;0;0;0;0;0;0;0;1;0;0;100;1;3;4;28;0;0;0;0;0;0;0;0;0;0;0;0;0;0;0;0;0;0
27.10.2024;00:46;A 38;1;0;0;0;0;0;0;0;0;0;0;0;0;0;0;0;0;0;0;0;0;0;0;0;0;0;0;0;100;0;0;3;15;0;0;0;0;0;0;0;0;0;0;0;0;0;0;0;0;0;0
27.10.2024;00:45;A 38;1;0;0;0;0;0;0;0;0;0;0;0;0;0;0;0;0;0;0;0;0;0;0;0;0;0;0;0;100;0;0;0;8;0;0;0;0;0;0;0;0;0;0;0;0;0;0;0;0;0;0
27.10.2024;00:44;A 38;1;1;0;0;0;1;5;0;0;1;0;0;0;1;3;0;0;0;0;0;0;0;0;0;0;0;0;0;100;0;0;1;3;0;0;0;0;0;0;0;0;0;0;0;0;0;0;0;0;0;0
27.10.2024;00:43;A 38;1;0;0;0;0;0;0;0;0;0;0;0;0;0;0;0;0;0;0;0;0;0;0;0;0;1;0;0;100;0;0;0;5;0;0;0;0;0;0;0;0;0;0;0;0;0;0;0;0;0;0
27.10.2024;00:42;A 38;1;0;0;0;0;0;0;0;0;0;0;0;0;0;0;0;0;0;0;0;0;0;0;0;0;1;1;0;100;1;9;1;9;0;0;0;0;0;0;0;0;0;0;0;0;0;0;0;0;0;0
27.10.2024;00:41;A 38;1;0;0;0;0;0;0;0;0;0;0;0;0;0;0;0;0;0;0;0;0;0;0;0;0;0;0;0;100;0;0;1;7;0;0;0;0;0;0;0;0;0;0;0;0;0;0;0;0;0;0
27.10.2024;00:40;A 38;1;2;1;0;0;2;10;0;0;2;1;0;0;1;9;0;0;0;0;0;0;0;0;0;0;0;0;0;100;0;0;2;6;0;0;0;0;0;0;0;0;0;0;0;0;0;0;0;0;0;0
27.10.2024;00:39;A 38;1;2;1;0;0;4;11;0;0;3;2;0;0;3;10;0;0;0;0;0;0;0;0;0;0;0;0;0;100;0;0;0;0;0;0;0;0;0;0;0;0;0;0;0;0;0;0;0;0;0;0
27.10.2024;00:38;A 38;1;2;1;0;0;4;7;0;0;1;0;0;0;2;4;0;0;0;0;0;0;0;0;0;0;0;0;0;100;0;0;0;0;0;0;0;0;0;0;0;0;1;5;0;0;0;0;0;0;0;0
27.10.2024;00:37;A 38;1;4;19;2;1;2;24;1;2;4;4;2;1;1;13;2;5;0;0;0;0;0;0;0;0;0;0;0;100;0;0;0;0;0;0;0;0;0;0;0;0;0;0;1;5;0;0;0;0;0;0
27.10.2024;00:36;A 38;1;1;24;0;0;2;8;0;0;0;0;0;0;0;0;0;0;0;0;0;0;0;0;0;0;0;0;0;100;0;0;1;13;0;0;0;0;0;0;0;0;0;0;0;0;0;0;0;0;0;0
27.10.2024;00:35;A 38;1;1;0;0;0;2;4;0;0;1;0;0;0;1;2;0;0;0;0;0;0;0;0;0;0;0;0;0;100;1;0;2;2;0;0;0;0;0;0;0;0;0;0;0;0;0;0;0;0;0;0
27.10.2024;00:34;A 38;1;1;0;0;0;2;5;0;0;1;0;0;0;1;2;0;0;0;0;0;0;0;0;0;0;0;0;0;100;0;0;1;6;0;0;0;0;0;0;0;0;0;0;0;0;0;0;0;0;0;0
27.10.2024;00:33;A 38;1;1;1;0;0;2;5;0;0;1;0;0;0;1;2;0;0;0;0;0;0;0;0;0;0;0;0;0;100;0;0;0;0;0;0;0;0;0;0;0;0;0;0;0;0;0;0;0;0;0;0
27.10.2024;00:32;A 38;1;1;0;0;0;1;3;0;0;1;0;0;0;1;3;0;0;0;0;0;0;0;0;0;0;1;0;0;100;1;3;3;21;0;0;0;0;0;0;0;0;0;0;0;0;0;0;0;0;0;0
27.10.2024;00:31;A 38;1;1;0;0;0;1;4;0;0;1;0;0;0;1;3;0;0;0;0;0;0;0;0;0;0;0;0;0;100;0;0;0;0;0;0;0;0;0;0;0;0;0;0;0;0;0;0;0;0;0;0
27.10.2024;00:30;A 38;1;5;5;1;0;2;25;1;2;5;4;1;0;2;22;1;3;0;0;0;0;0;0;0;0;1;0;0;100;1;2;1;3;0;0;0;0;0;0;0;0;0;0;0;0;0;0;0;0;0;0
27.10.2024;00:29;A 38;1;1;0;0;0;1;5;0;0;1;0;0;0;1;4;0;0;0;0;0;0;0;0;0;0;0;0;0;100;0;0;0;0;0;0;0;0;0;0;0;0;0;0;0;0;0;0;0;0;0;0
27.10.2024;00:28;A 38;1;2;3;0;0;2;8;0;0;4;4;0;0;3;17;0;0;0;0;0;0;0;0;0;0;0;0;0;100;0;0;0;0;0;0;0;0;0;0;0;0;0;0;0;0;0;0;0;0;0;0
27.10.2024;00:27;A 38;1;2;7;0;0;1;27;0;0;0;0;1;2;0;0;1;9;0;0;0;51;0;0;0;0;0;0;0;100;0;0;2;12;0;0;0;0;0;0;0;0;0;0;0;0;0;0;0;0;0;0
27.10.2024;00:26;A 38;1;3;3;0;0;4;18;0;0;3;2;1;0;2;15;1;0;0;0;1;80;0;0;2;10;0;0;0;100;0;0;3;18;0;0;0;0;0;0;0;0;0;0;0;0;1;7;0;0;0;0
27.10.2024;00:25;A 38;1;0;0;0;0;0;0;0;0;0;0;0;0;0;0;0;0;0;0;0;0;0;0;0;0;0;0;0;100;0;0;1;15;0;0;0;0;0;0;0;0;0;0;0;0;0;0;0;0;0;0
27.10.2024;00:24;A 38;1;2;1;1;0;1;6;1;1;1;0;1;0;1;4;1;3;0;0;0;0;0;0;0;0;1;0;0;100;1;4;3;30;0;0;0;0;0;0;0;0;0;0;0;0;0;0;0;0;0;0
27.10.2024;00:23;A 38;1;0;0;0;0;0;0;0;0;0;0;0;0;0;0;0;0;0;0;0;0;0;0;0;0;0;0;0;100;0;0;3;22;0;0;0;0;0;0;0;0;0;0;0;0;0;0;0;0;0;0
27.10.2024;00:22;A 38;1;1;0;0;0;2;5;0;0;2;1;0;0;2;7;0;0;0;0;0;0;0;0;0;0;1;0;0;100;1;4;4;18;0;0;0;0;0;0;0;0;0;0;0;0;0;0;0;0;0;0
27.10.2024;00:21;A 38;1;4;3;0;0;6;15;0;0;3;2;0;0;3;9;0;0;0;0;0;0;0;0;0;0;1;0;0;100;0;0;3;19;0;0;0;0;0;0;0;0;0;0;0;0;0;0;0;0;0;0
27.10.2024;00:20;A 38;1;0;0;0;0;0;0;0;0;0;0;0;0;0;0;0;0;0;0;0;0;0;0;0;0;2;0;0;100;0;0;4;31;0;0;0;0;0;0;0;0;0;0;0;0;0;0;0;0;0;0
27.10.2024;00:19;A 38;1;0;0;0;0;0;0;0;0;0;0;0;0;0;0;0;0;0;0;0;0;0;0;0;0;1;0;0;100;0;0;2;19;0;0;0;0;0;0;0;0;0;0;0;0;0;0;0;0;0;0
27.10.2024;00:18;A 38;1;1;0;0;0;2;3;0;0;1;0;0;0;1;2;0;0;0;0;0;0;0;0;0;0;0;0;0;100;0;0;0;0;0;0;0;0;0;0;0;0;0;0;0;0;0;0;0;0;0;0
27.10.2024;00:17;A 38;1;2;1;1;0;1;7;1;0;1;0;1;0;1;4;1;2;0;0;0;0;0;0;0;0;1;0;0;100;1;2;3;14;0;0;0;0;0;0;0;0;0;0;0;0;0;0;0;0;0;0
27.10.2024;00:16;A 38;1;2;2;1;0;1;9;1;1;2;1;1;0;1;9;1;2;0;0;0;0;0;0;0;0;0;0;0;100;0;0;1;14;0;0;0;0;0;0;0;0;0;0;0;0;0;0;0;0;0;0
27.10.2024;00:15;A 38;1;0;0;0;0;1;3;0;0;0;0;0;0;0;0;0;0;0;0;0;0;0;0;0;0;0;0;0;100;0;0;1;8;0;0;0;0;0;0;0;0;0;0;0;0;0;0;0;0;0;0
27.10.2024;00:14;A 38;1;1;1;0;0;1;7;0;0;1;1;0;0;2;8;0;0;0;0;0;0;0;0;0;0;0;0;0;100;0;0;1;7;0;0;0;0;0;0;0;0;0;0;0;0;0;0;0;0;0;0
27.10.2024;00:13;A 38;1;1;0;0;0;1;5;0;0;1;0;0;0;1;5;0;0;0;0;0;0;0;0;0;0;1;0;0;100;1;5;3;9;0;0;0;0;0;0;0;0;0;0;0;0;0;0;0;0;0;0
27.10.2024;00:12;A 38;1;7;6;0;0;5;26;0;0;7;5;2;0;4;23;0;0;0;0;0;0;0;0;0;0;1;0;0;100;2;4;4;14;0;0;0;0;0;0;0;0;0;0;0;0;0;0;0;0;0;0
27.10.2024;00:11;A 38;1;0;0;0;0;1;1;0;0;0;0;0;0;0;0;0;0;0;0;0;0;0;0;0;0;0;0;0;100;0;0;0;0;0;0;0;0;0;0;0;0;0;0;0;0;0;0;0;0;0;0
27.10.2024;00:10;A 38;1;2;62;1;31;2;34;1;8;4;22;1;0;3;22;1;3;0;0;0;15;0;0;0;0;0;0;0;100;0;0;4;30;0;0;0;0;0;0;0;0;0;0;0;0;0;0;0;0;0;0
27.10.2024;00:09;A 38;1;2;12;0;0;4;15;0;0;1;0;0;0;1;6;0;0;0;0;1;6;0;0;2;10;1;0;0;100;3;4;2;2;0;0;0;0;0;0;0;0;0;0;0;0;0;0;0;0;0;0
27.10.2024;00:08;A 38;1;2;2;0;0;4;11;0;0;2;1;0;0;2;8;0;0;0;0;0;0;0;0;0;0;0;0;0;100;0;0;2;12;0;0;0;0;0;0;0;0;0;0;0;0;0;0;0;0;0;0
27.10.2024;00:07;A 38;1;0;0;0;0;0;0;0;0;0;0;0;0;0;0;0;0;0;0;0;0;0;0;0;0;0;0;0;100;0;0;1;29;0;0;0;0;0;0;0;0;1;6;3;6;0;0;0;0;0;0
27.10.2024;00:06;A 38;1;0;0;0;0;0;0;0;0;0;0;0;0;0;0;0;0;0;0;0;0;0;0;0;0;0;0;0;100;1;1;1;10;0;0;0;0;0;0;0;0;0;0;0;0;0;0;0;0;0;0
27.10.2024;00:05;A 38;1;1;0;0;0;1;4;0;0;1;0;0;0;1;6;0;0;0;0;0;0;0;0;0;0;0;0;0;100;0;0;4;25;0;0;0;0;0;0;0;0;0;0;0;0;0;0;0;0;0;0
27.10.2024;00:04;A 38;1;0;0;0;0;0;0;0;0;0;0;0;0;0;0;0;0;0;0;0;0;0;0;0;0;0;0;0;100;0;0;1;6;0;0;0;0;0;0;0;0;0;0;0;0;0;0;0;0;0;0
27.10.2024;00:03;A 38;1;1;0;0;0;2;6;0;0;1;0;0;0;1;2;0;0;0;0;0;0;0;0;0;0;1;0;0;100;1;6;1;18;0;0;0;0;0;0;0;0;0;0;0;0;0;0;0;0;0;0
27.10.2024;00:02;A 38;1;1;1;0;0;1;6;0;0;1;0;0;0;1;5;0;0;0;0;0;0;0;0;0;0;1;0;0;100;1;4;3;2;0;0;0;0;0;0;0;0;0;0;0;0;0;0;0;0;0;0
27.10.2024;00:01;A 38;1;1;0;0;0;1;5;0;0;1;0;0;0;1;5;0;0;0;0;0;0;0;0;0;0;0;0;0;100;0;0;4;20;0;0;0;0;0;0;0;0;0;0;0;0;0;0;0;0;0;0
27.10.2024;00:00;A 38;1;1;0;0;0;1;5;0;0;1;0;0;0;1;5;0;0;0;0;0;0;0;0;0;0;0;0;0;100;0;0;1;8;0;0;0;0;0;0;0;0;0;0;0;0;0;0;0;0;0;0
26.10.2024;23:59;A 38;1;0;0;0;0;0;0;0;0;0;0;1;11;0;0;2;7;0;0;1;28;0;0;0;0;0;0;0;100;0;0;0;0;0;0;0;0;0;0;0;0;0;0;0;0;0;0;0;0;0;0
26.10.2024;23:58;A 38;1;1;1;0;0;2;7;0;0;1;0;0;0;1;6;0;0;0;0;0;0;0;0;2;11;0;0;0;100;1;0;4;9;0;0;0;0;0;0;0;0;0;0;0;0;0;0;0;0;0;0
26.10.2024;23:57;A 38;1;3;38;0;0;0;42;0;0;4;3;0;0;1;15;0;0;0;0;0;0;0;0;0;0;0;0;0;100;0;0;0;0;0;0;0;0;0;0;0;0;0;0;0;0;0;0;0;0;0;0
26.10.2024;23:56;A 38;1;1;31;0;0;1;40;0;0;0;0;0;0;0;0;0;0;0;0;1;0;0;0;0;0;1;0;0;100;1;6;2;15;0;0;0;0;0;0;0;0;0;0;0;0;1;7;0;0;0;0
26.10.2024;23:55;A 38;1;3;49;0;0;2;33;0;0;3;2;1;0;1;11;0;0;0;0;0;0;0;0;0;0;0;0;0;100;0;0;0;0;0;0;0;0;0;0;0;0;0;0;0;0;0;0;0;0;0;0
26.10.2024;23:54;A 38;1;1;55;2;53;2;14;4;56;1;0;2;1;1;7;1;5;0;0;1;0;0;0;0;0;0;0;0;100;0;0;0;0;0;0;0;0;0;0;0;0;0;0;0;0;0;0;0;0;0;0
26.10.2024;23:53;A 38;1;1;0;0;0;1;5;0;0;1;0;0;0;1;6;0;0;0;0;0;0;0;0;0;0;0;0;0;100;0;0;2;18;0;0;0;0;0;0;0;0;0;0;0;0;0;0;0;0;0;0
26.10.2024;23:52;A 38;1;1;0;0;0;1;4;0;0;1;0;0;0;1;4;0;0;0;0;0;0;0;0;0;0;0;0;0;100;0;0;2;8;0;0;0;0;0;0;0;0;0;0;0;0;0;0;0;0;0;0
26.10.2024;23:51;A 38;1;2;1;0;0;2;10;0;0;2;1;0;0;2;8;0;0;0;0;0;0;0;0;0;0;0;0;0;100;0;0;0;0;0;0;0;0;0;0;0;0;0;0;0;0;0;0;0;0;0;0
26.10.2024;23:50;A 38;1;2;1;0;0;1;7;0;0;2;1;0;0;1;4;0;0;0;0;0;0;0;0;0;0;0;0;0;100;0;0;0;0;0;0;0;0;0;0;0;0;0;0;0;0;0;0;0;0;0;0
26.10.2024;23:49;A 38;1;1;0;0;0;1;4;0;0;1;0;0;0;1;4;0;0;0;0;0;0;0;0;0;0;2;0;0;100;0;0;3;23;0;0;0;0;0;0;0;0;0;0;0;0;0;0;0;0;0;0
26.10.2024;23:48;A 38;1;0;0;0;0;0;0;0;0;0;0;0;0;0;0;0;0;0;0;0;0;0;0;0;0;1;0;0;100;0;0;1;13;0;0;0;0;0;0;0;0;0;0;0;0;0;0;0;0;0;0
26.10.2024;23:47;A 38;1;1;5;0;0;0;0;0;0;2;4;0;6;1;6;0;0;0;0;0;0;0;0;0;0;0;0;0;100;0;0;2;39;0;0;0;0;0;0;0;0;0;0;0;0;0;0;0;0;0;0
26.10.2024;23:46;A 38;1;16;20;0;0;3;10;0;0;0;0;1;9;2;6;0;0;1;0;1;20;3;3;2;9;0;0;0;100;0;0;1;10;0;0;0;0;0;0;0;0;0;0;0;0;0;0;0;0;0;0
26.10.2024;23:45;A 38;1;0;0;0;0;0;0;0;0;0;0;0;0;0;0;0;0;0;0;0;0;0;0;0;0;0;0;0;100;0;0;1;6;0;0;0;0;0;0;0;0;0;0;0;0;0;0;0;0;0;0
26.10.2024;23:44;A 38;1;0;0;0;0;0;0;0;0;0;0;0;0;0;0;0;0;0;0;0;0;0;0;0;0;1;0;0;100;2;4;2;12;0;0;0;0;0;0;0;0;0;0;0;0;0;0;0;0;0;0
26.10.2024;23:43;A 38;1;1;1;0;0;2;8;0;0;1;1;0;0;2;6;0;0;0;0;0;0;0;0;0;0;0;0;0;100;2;3;3;23;0;0;0;0;0;0;0;0;0;0;0;0;0;0;0;0;0;0
26.10.2024;23:42;A 38;1;3;1;0;0;4;12;0;0;3;1;0;0;3;8;0;0;0;0;0;0;0;0;0;0;0;0;0;100;0;0;0;0;0;0;0;0;0;0;0;0;0;0;0;0;0;0;0;0;0;0
26.10.2024;23:41;A 38;1;2;1;0;0;1;7;0;0;2;1;0;0;1;7;0;0;0;0;0;0;0;0;0;0;0;0;0;100;0;0;0;1;0;0;0;0;0;0;0;0;0;0;0;0;0;0;0;0;0;0
26.10.2024;23:40;A 38;1;0;0;0;0;0;0;0;0;46;6;0;0;0;0;0;0;0;0;0;0;0;0;0;0;0;0;0;100;1;3;2;8;0;0;0;0;0;0;0;0;0;0;0;0;0;0;0;0;0;0
26.10.2024;23:39;A 38;1;0;0;0;0;0;0;0;0;183;27;0;0;0;0;0;0;0;0;0;0;0;0;0;0;1;0;0;100;1;6;1;4;0;0;0;0;0;0;0;0;0;0;0;0;0;0;0;0;0;0
26.10.2024;23:38;A 38;1;1;0;0;0;1;5;0;0;16;2;2;0;1;5;0;0;0;0;0;0;0;0;0;0;2;0;0;100;0;0;4;50;0;0;0;0;0;0;0;0;1;6;0;6;0;0;0;0;0;0
26.10.2024;23:37;A 38;1;0;0;0;0;0;0;0;0;0;0;0;0;0;0;0;0;0;0;0;0;0;0;0;0;2;0;0;100;1;9;5;60;0;0;0;0;0;0;0;0;0;0;1;1;0;0;0;0;0;0
26.10.2024;23:36;A 38;1;1;0;0;0;0;4;0;0;1;0;0;0;1;5;0;0;0;0;0;0;0;0;0;0;0;0;0;100;0;0;5;22;0;0;0;0;0;0;0;0;0;0;0;0;0;0;0;0;0;0
26.10.2024;23:35;A 38;1;4;35;0;0;5;46;0;0;4;3;0;0;2;17;0;0;0;0;0;0;0;0;0;0;0;0;0;100;0;0;2;11;0;0;0;0;0;0;0;0;0;0;0;0;0;0;0;0;0;0
26.10.2024;23:34;A 38;1;0;0;0;0;0;0;0;0;0;0;0;0;0;0;0;0;0;0;1;0;0;0;0;0;5;2;0;100;1;20;4;29;0;0;0;0;0;0;0;0;0;0;0;0;0;0;0;0;0;0
26.10.2024;23:33;A 38;1;4;3;0;0;4;18;0;0;4;2;1;0;4;14;0;0;0;0;0;0;0;0;0;0;0;0;0;100;0;0;4;16;0;0;0;0;0;0;0;0;0;0;0;0;0;0;0;0;0;0
26.10.2024;23:32;A 38;1;3;2;0;0;3;18;0;0;3;2;0;0;2;11;0;0;0;0;0;0;0;0;0;0;0;0;0;100;0;0;2;17;0;0;0;0;0;0;0;0;0;0;0;0;0;0;0;0;0;0
26.10.2024;23:31;A 38;1;4;3;0;0;5;14;0;0;4;2;0;0;5;17;0;0;0;0;0;0;0;0;0;0;0;0;0;100;0;0;0;0;0;0;0;0;0;0;0;0;0;0;0;0;0;0;0;0;0;0
26.10.2024;23:30;A 38;1;3;1;0;0;2;23;0;0;4;2;0;0;2;17;0;0;0;0;0;0;0;0;0;0;0;0;0;100;0;0;0;0;0;0;0;0;0;0;0;0;0;0;0;0;0;0;0;0;0;0
26.10.2024;23:29;A 38;1;4;3;2;1;4;22;1;1;2;1;2;1;3;13;1;6;0;0;0;0;0;0;0;0;0;0;0;100;0;0;2;15;0;0;0;0;0;0;0;0;0;0;0;0;0;0;0;0;0;0
26.10.2024;23:28;A 38;1;0;0;0;0;0;0;0;0;0;0;0;0;0;0;0;0;0;0;0;0;0;0;0;0;1;0;0;100;0;0;5;25;0;0;0;0;0;0;0;0;0;0;0;0;0;0;0;0;0;0
26.10.2024;23:27;A 38;1;1;1;0;0;2;6;0;0;1;0;0;0;1;4;0;0;0;0;0;0;0;0;0;0;0;0;0;100;0;0;4;29;0;0;0;0;0;0;0;0;0;0;0;0;2;7;0;0;0;0
26.10.2024;23:26;A 38;1;2;2;0;0;2;15;0;0;2;1;0;0;2;5;0;0;0;0;0;0;0;0;0;0;0;0;0;100;0;0;0;0;0;0;0;0;0;0;0;0;0;0;0;0;0;0;0;0;0;0
26.10.2024;23:25;A 38;1;0;0;0;0;0;0;0;0;1;0;1;0;1;1;1;0;0;0;0;0;0;0;0;0;0;0;0;100;0;0;3;16;0;0;0;0;0;0;0;0;0;0;0;0;0;0;0;0;0;0
26.10.2024;23:24;A 38;1;2;2;0;0;4;11;0;0;1;1;0;0;2;4;0;0;0;0;0;0;0;0;0;0;0;0;0;100;0;0;1;6;0;0;0;0;0;0;0;0;0;0;0;0;0;0;0;0;0;0
26.10.2024;23:23;A 38;1;2;2;0;0;2;12;0;0;2;2;0;0;2;10;0;0;0;0;0;0;0;0;0;0;0;0;0;100;0;0;1;5;0;0;0;0;0;0;0;0;0;0;0;0;0;0;0;0;0;0
26.10.2024;23:22;A 38;1;1;0;0;0;2;4;0;0;1;0;0;0;1;4;0;0;0;0;0;0;0;0;0;0;0;0;0;100;0;0;0;0;0;0;0;0;0;0;0;0;0;0;0;0;0;0;0;0;0;0
26.10.2024;23:21;A 38;1;1;0;0;0;1;5;0;0;3;2;1;0;2;5;0;3;0;0;0;0;0;0;0;0;0;0;0;100;0;0;2;24;0;0;0;0;0;0;0;0;0;0;0;0;0;0;0;0;0;0
26.10.2024;23:20;A 38;1;2;1;1;0;1;7;1;0;0;0;0;0;0;0;1;0;0;0;0;0;0;0;0;0;1;0;0;100;0;0;2;3;0;0;0;0;0;0;0;0;0;0;0;0;0;0;0;0;0;0
26.10.2024;23:19;A 38;1;3;2;0;0;3;16;0;0;3;2;0;0;2;13;0;0;0;0;0;0;0;0;0;0;0;0;0;100;2;4;1;10;0;0;0;0;0;0;0;0;0;0;0;0;0;0;0;0;0;0
26.10.2024;23:18;A 38;1;2;1;0;0;4;8;0;0;2;1;0;0;2;5;0;0;0;0;0;0;0;0;0;0;1;0;0;100;0;0;2;8;0;0;0;0;0;0;0;0;0;0;0;0;0;0;0;0;0;0
26.10.2024;23:17;A 38;1;0;0;0;0;0;0;0;0;0;0;0;0;0;0;0;0;0;0;0;0;0;0;0;0;0;0;0;100;0;0;0;0;0;0;0;0;0;0;0;0;0;0;0;0;0;0;0;0;0;0
26.10.2024;23:16;A 38;1;3;3;0;0;2;16;0;0;3;2;0;0;3;14;0;0;0;0;0;0;0;0;0;0;1;0;0;100;0;0;1;5;0;0;0;0;0;0;0;0;0;0;0;0;0;0;0;0;0;0
26.10.2024;23:15;A 38;1;3;2;0;0;2;15;0;0;5;3;1;0;2;19;0;0;0;0;0;0;0;0;0;0;1;0;0;100;1;2;4;11;0;0;0;0;0;0;0;0;0;0;0;0;0;0;0;0;0;0
26.10.2024;23:14;A 38;1;3;2;0;0;3;15;0;0;1;0;1;0;3;5;0;0;0;0;0;0;0;0;0;0;1;0;0;100;0;0;1;13;0;0;0;0;0;0;0;0;0;0;0;0;0;0;0;0;0;0
26.10.2024;23:13;A 38;1;2;1;0;0;4;7;0;0;2;1;0;0;2;8;0;0;0;0;0;0;0;0;0;0;0;0;0;100;0;0;1;13;0;0;0;0;0;0;0;0;0;0;0;0;0;0;0;0;0;0
26.10.2024;23:12;A 38;1;0;0;0;0;0;0;0;0;0;0;0;0;0;0;0;0;0;0;0;0;0;0;0;0;0;0;0;100;0;0;1;7;0;0;0;0;0;0;0;0;0;0;0;0;0;0;0;0;0;0
26.10.2024;23:11;A 38;1;2;1;0;0;4;11;0;0;2;1;0;0;2;9;0;0;0;0;0;0;0;0;0;0;0;0;0;100;0;0;0;0;0;0;0;0;0;0;0;0;0;0;0;0;0;0;0;0;0;0
26.10.2024;23:10;A 38;1;2;1;0;0;1;11;0;0;2;1;0;0;1;10;0;0;0;0;0;0;0;0;0;0;0;0;0;100;1;1;1;3;0;0;0;0;0;0;0;0;0;0;0;0;0;0;0;0;0;0
26.10.2024;23:09;A 38;1;2;1;0;0;4;12;0;0;2;1;0;0;2;10;0;0;0;0;0;0;0;0;0;0;1;0;0;100;0;0;2;11;0;0;0;0;0;0;0;0;0;0;0;0;0;0;0;0;0;0
26.10.2024;23:08;A 38;1;1;0;0;0;2;2;0;0;2;2;0;0;2;10;0;0;0;0;0;0;0;0;0;0;1;0;0;100;0;0;4;24;0;0;0;0;0;0;0;0;0;0;0;0;0;0;0;0;0;0
26.10.2024;23:07;A 38;1;5;5;2;1;1;18;2;2;5;4;3;1;3;18;2;5;1;35;0;0;3;19;0;0;0;29;0;100;0;0;1;5;0;0;0;0;0;0;0;0;1;5;1;9;0;0;0;0;0;0
26.10.2024;23:06;A 38;1;1;32;0;0;3;36;0;0;74;8;0;0;0;0;0;0;0;0;0;0;0;0;0;0;1;1;0;100;5;10;1;11;0;0;0;0;0;0;0;0;0;0;1;0;0;0;0;0;0;0
26.10.2024;23:05;A 38;1;2;1;0;0;1;4;0;0;7;2;0;0;1;5;0;0;0;0;0;0;0;0;0;0;2;1;0;100;1;6;2;13;0;0;0;0;0;0;0;0;0;0;0;0;0;0;0;0;0;0
26.10.2024;23:04;A 38;1;2;1;0;0;2;10;0;0;2;1;0;0;2;8;0;0;0;0;0;0;0;0;0;0;0;0;0;100;0;0;4;27;0;0;0;0;0;0;0;0;0;0;0;0;0;0;0;0;0;0
26.10.2024;23:03;A 38;1;2;1;0;0;2;10;0;0;2;1;1;0;2;8;0;0;0;0;0;0;0;0;0;0;0;0;0;100;0;0;3;10;0;0;0;0;0;0;0;0;0;0;0;0;0;0;0;0;0;0
26.10.2024;23:02;A 38;1;1;1;0;0;2;8;0;0;1;1;0;0;1;6;0;0;0;0;0;0;0;0;0;0;0;0;0;100;0;0;0;0;0;0;0;0;0;0;0;0;0;0;0;0;0;0;0;0;0;0
26.10.2024;23:01;A 38;1;3;2;0;0;1;12;0;0;3;2;0;0;1;12;0;0;0;0;0;0;0;0;0;0;0;0;0;100;0;0;2;16;0;0;0;0;0;0;0;0;0;0;0;0;0;0;0;0;0;0
26.10.2024;23:00;A 38;1;4;4;0;0;6;22;0;0;4;3;0;0;3;17;0;0;0;0;0;0;0;0;0;0;2;0;0;100;2;8;4;13;0;0;0;0;0;0;0;0;0;0;0;0;0;0;0;0;0;0
26.10.2024;22:59;A 38;1;3;2;0;0;1;12;0;0;2;1;2;0;3;5;1;2;0;0;0;0;0;0;0;0;0;0;0;100;0;0;0;0;0;0;0;0;0;0;0;0;0;0;0;0;0;0;0;0;0;0
26.10.2024;22:58;A 38;1;0;0;0;0;0;0;0;0;0;0;0;0;0;0;0;0;0;0;0;0;0;0;0;0;0;0;0;100;0;0;0;61;0;0;0;0;0;0;0;0;0;0;0;0;0;0;0;0;0;0
26.10.2024;22:57;A 38;1;3;2;0;0;1;13;0;0;5;9;1;2;3;31;1;8;0;0;2;2;0;0;1;5;1;0;0;100;1;5;2;17;0;0;0;0;0;0;0;0;0;0;0;0;0;0;0;0;0;0
26.10.2024;22:56;A 38;1;0;0;0;0;0;0;0;0;111;18;0;0;0;0;0;0;1;96;0;0;2;96;1;3;0;0;0;100;1;4;4;23;0;0;0;0;0;0;0;0;0;0;0;0;1;6;0;0;0;0
26.10.2024;22:55;A 38;1;0;0;0;0;0;0;0;0;107;15;0;0;0;2;0;0;1;5;0;0;2;11;0;0;0;0;0;100;0;0;1;10;0;0;0;0;0;0;0;0;0;0;0;0;0;0;0;0;0;0
26.10.2024;22:54;A 38;1;5;5;0;0;3;20;0;0;11;6;0;0;2;18;0;0;0;0;0;0;0;0;0;0;0;0;0;100;0;0;1;8;0;0;0;0;0;0;0;0;0;0;0;0;0;0;0;0;0;0
26.10.2024;22:53;A 38;1;5;3;1;0;6;23;1;1;7;4;1;0;5;26;1;1;0;0;0;0;0;0;0;0;1;0;0;100;1;8;0;47;0;0;0;0;0;0;0;0;1;7;1;8;0;0;0;0;0;0
26.10.2024;22:52;A 38;1;1;8;0;0;2;7;0;0;4;4;1;0;0;11;0;0;0;0;0;0;0;0;0;0;0;0;0;100;0;0;2;29;0;0;0;0;0;0;0;0;0;0;0;0;0;0;0;0;0;0
26.10.2024;22:51;A 38;1;5;30;0;0;2;32;0;0;2;15;0;0;5;43;0;0;1;30;0;0;2;2;0;0;0;0;0;100;0;0;2;22;0;0;0;0;0;0;0;0;0;0;0;0;0;0;0;0;0;0
26.10.2024;22:50;A 38;1;2;1;0;0;4;11;0;0;2;1;0;0;2;8;0;0;1;31;1;0;0;0;0;0;0;0;0;100;0;0;0;0;0;0;0;0;0;0;0;0;0;0;0;0;0;0;0;0;0;0
26.10.2024;22:49;A 38;1;3;25;0;0;6;28;0;0;3;3;0;0;1;18;0;0;0;0;0;0;1;3;0;0;3;1;0;100;2;5;3;27;0;0;0;0;0;0;0;0;0;0;0;0;0;0;0;0;0;0
26.10.2024;22:48;A 38;1;3;2;0;0;3;12;0;0;3;2;0;0;2;12;0;0;0;0;1;0;0;0;0;0;1;0;0;100;1;7;2;14;0;0;0;0;0;0;0;0;0;0;0;0;0;0;0;0;0;0
26.10.2024;22:47;A 38;1;3;3;1;0;2;15;2;1;2;1;2;0;1;9;1;1;0;0;0;0;0;0;0;0;2;1;0;100;2;12;1;1;0;0;0;0;0;0;0;0;0;0;0;0;0;0;0;0;0;0
26.10.2024;22:46;A 38;1;3;2;0;0;1;12;0;0;3;2;1;0;1;10;0;0;0;0;0;0;0;0;0;0;0;0;0;100;0;0;0;0;0;0;0;0;0;0;0;0;0;0;0;0;0;0;0;0;0;0
26.10.2024;22:45;A 38;1;1;0;0;0;2;2;0;0;2;1;0;0;2;6;0;0;0;0;0;0;0;0;0;0;1;0;0;100;2;3;2;10;0;0;0;0;0;0;0;0;0;0;0;0;0;0;0;0;0;0
26.10.2024;22:44;A 38;1;4;3;0;0;6;21;0;0;3;2;0;0;3;15;0;0;0;0;0;0;0;0;0;0;0;0;0;100;0;0;1;6;0;0;0;0;0;0;0;0;0;0;0;0;0;0;0;0;0;0
26.10.2024;22:43;A 38;1;2;1;0;0;4;10;0;0;2;1;0;0;2;8;0;0;0;0;0;0;0;0;0;0;1;0;0;100;0;0;2;9;0;0;0;0;0;0;0;0;0;0;0;0;0;0;0;0;0;0
26.10.2024;22:42;A 38;1;2;1;0;0;3;10;0;0;3;5;0;0;2;13;0;0;0;0;0;0;0;0;0;0;0;0;0;100;0;0;2;21;0;0;0;0;0;0;0;0;0;0;0;0;0;0;0;0;0;0
26.10.2024;22:41;A 38;1;0;0;0;0;0;0;0;0;1;1;0;0;1;5;0;0;1;25;0;0;3;11;0;0;1;1;0;100;1;4;3;36;0;0;0;0;0;0;0;0;0;0;0;0;0;0;0;0;0;0
26.10.2024;22:40;A 38;1;2;2;0;0;3;13;0;0;1;0;0;0;2;9;0;0;0;0;0;0;0;0;0;0;0;0;0;100;0;0;0;0;0;0;0;0;0;0;0;0;0;0;0;0;0;0;0;0;0;0
26.10.2024;22:39;A 38;1;2;2;0;0;1;15;0;0;2;1;0;0;2;14;0;0;0;0;0;0;0;0;0;0;3;0;0;100;1;3;5;46;0;0;0;0;0;0;0;0;0;0;0;0;0;0;0;0;0;0
26.10.2024;22:38;A 38;1;3;34;0;0;5;25;0;0;3;2;0;0;2;18;0;0;0;0;0;0;0;0;0;0;0;0;0;100;0;0;1;4;0;0;0;0;0;0;0;0;0;0;0;0;1;6;0;0;0;0
26.10.2024;22:37;A 38;1;6;46;2;34;3;42;2;6;5;5;2;1;1;17;2;5;0;0;0;0;0;0;0;0;0;0;0;100;0;0;0;0;0;0;0;0;0;0;0;0;1;6;1;7;0;0;0;0;0;0
26.10.2024;22:36;A 38;1;1;44;0;0;1;2;0;0;3;6;0;0;3;21;0;0;1;12;1;1;1;12;0;0;1;0;0;100;1;3;2;13;0;0;0;0;0;0;0;0;0;0;0;0;0;0;0;0;0;0
26.10.2024;22:35;A 38;1;3;26;0;0;5;30;0;0;5;5;1;4;4;20;1;11;2;48;1;10;2;64;2;12;1;0;0;100;0;0;8;46;0;0;0;0;0;0;0;0;0;0;0;0;0;0;0;0;0;0
26.10.2024;22:34;A 38;1;1;40;0;0;1;3;0;0;3;22;0;0;4;22;0;0;2;0;1;16;0;0;2;14;0;0;0;100;0;0;2;14;0;0;0;0;0;0;0;0;0;0;0;0;0;0;0;0;0;0
26.10.2024;22:33;A 38;1;0;0;0;0;1;4;0;0;1;1;0;0;0;5;0;0;1;21;1;25;1;3;3;9;1;0;0;100;0;0;6;24;0;0;0;0;0;0;0;0;0;0;0;0;0;0;0;0;0;0
26.10.2024;22:32;A 38;1;2;10;0;0;3;10;0;0;3;9;2;16;6;21;2;19;1;43;1;44;1;12;2;6;0;0;0;100;0;0;1;5;0;0;0;0;0;0;0;0;0;0;0;0;0;0;0;0;0;0
26.10.2024;22:31;A 38;1;3;60;1;56;4;20;1;2;3;18;1;0;4;11;1;4;1;42;1;6;4;8;2;10;0;0;0;100;0;0;3;13;0;0;0;0;0;0;0;0;0;0;0;0;0;0;0;0;0;0
26.10.2024;22:30;A 38;1;0;0;0;0;0;0;0;0;1;14;0;0;1;7;0;0;1;48;0;0;2;13;0;0;0;0;0;100;0;0;1;6;0;0;0;0;0;0;0;0;0;0;0;0;0;0;0;0;0;0
26.10.2024;22:29;A 38;1;1;1;0;0;1;6;0;0;1;1;0;0;1;3;0;0;1;15;1;1;2;6;0;0;1;0;0;100;0;0;1;45;0;0;0;0;0;0;0;0;0;0;0;0;0;0;0;0;0;0
26.10.2024;22:28;A 38;1;0;0;0;0;0;0;0;0;0;0;0;0;0;0;0;0;0;0;1;0;0;0;0;0;1;3;0;100;1;11;2;32;0;0;0;0;0;0;0;0;0;0;0;0;0;0;0;0;0;0
26.10.2024;22:27;A 38;1;4;5;0;0;3;23;0;0;6;8;1;14;5;24;1;6;1;1;0;0;1;7;0;0;0;0;0;100;0;0;3;29;0;0;0;0;0;0;0;0;0;0;0;0;0;0;0;0;0;0
26.10.2024;22:26;A 38;1;3;2;0;0;4;15;0;0;3;2;0;0;2;15;0;0;0;98;1;18;0;0;1;2;2;1;0;100;3;13;1;19;0;0;0;0;0;0;0;0;0;0;0;0;1;7;0;0;0;0
26.10.2024;22:25;A 38;1;3;5;0;0;6;22;1;0;3;2;0;0;2;13;0;0;1;79;0;0;2;4;1;5;0;0;0;100;0;0;0;0;0;0;0;0;0;0;0;0;0;0;0;0;0;0;0;0;0;0
26.10.2024;22:24;A 38;1;2;1;0;0;2;11;0;0;2;1;0;0;1;9;0;0;0;0;0;0;0;0;0;0;0;0;0;100;0;0;2;10;0;0;0;0;0;0;0;0;0;0;0;0;0;0;0;0;0;0
26.10.2024;22:23;A 38;1;1;2;0;0;1;9;0;0;2;3;0;0;2;11;0;0;0;20;0;0;0;0;0;0;0;0;0;100;0;3;0;77;0;0;0;0;0;0;0;0;0;0;0;0;0;0;0;0;0;0
26.10.2024;22:22;A 38;1;6;41;0;0;2;54;0;0;33;20;1;0;4;37;0;0;1;27;0;0;1;4;1;0;0;0;0;100;1;3;4;13;0;0;0;0;0;0;0;0;1;5;1;7;0;0;0;0;0;0
26.10.2024;22:21;A 38;1;3;71;0;0;4;49;0;0;75;13;2;6;4;27;4;15;3;56;1;1;3;46;2;8;1;39;0;100;2;9;2;20;0;0;0;0;0;0;0;0;0;0;0;0;0;0;0;0;0;0
26.10.2024;22:20;A 38;1;2;45;0;0;2;16;0;0;42;18;0;0;3;13;0;0;1;56;0;0;6;26;0;0;0;0;0;100;0;0;1;46;0;0;0;0;0;0;0;0;0;0;0;0;0;0;0;0;0;0
26.10.2024;22:19;A 38;1;2;2;0;0;2;10;0;0;3;10;0;0;3;11;0;0;1;32;0;0;2;8;0;0;0;0;0;100;0;0;1;9;0;0;0;0;0;0;0;0;0;0;0;0;0;0;0;0;0;0
26.10.2024;22:18;A 38;1;7;48;1;15;4;57;1;5;8;6;2;0;4;25;2;3;1;61;0;0;1;5;0;0;0;0;0;100;0;0;2;13;0;0;0;0;0;0;0;0;0;0;0;0;0;0;0;0;0;0
26.10.2024;22:17;A 38;1;5;9;0;0;2;22;0;0;4;2;1;0;1;9;1;2;0;0;0;0;0;0;0;0;0;0;0;100;0;0;1;6;0;0;1;1;0;0;1;1;0;0;0;0;0;0;0;0;0;0
26.10.2024;22:16;A 38;1;2;1;0;0;3;8;0;0;2;1;1;0;2;6;0;0;0;0;0;0;0;0;0;0;0;0;0;100;1;0;3;18;0;0;0;0;0;0;0;0;0;0;0;0;0;0;0;0;0;0
26.10.2024;22:15;A 38;1;3;2;0;0;5;11;0;0;3;2;0;0;2;12;0;0;0;0;0;0;0;0;0;0;0;0;0;100;0;0;3;11;0;0;0;0;0;0;0;0;0;0;0;0;0;0;0;0;0;0
26.10.2024;22:14;A 38;1;4;19;0;0;1;33;0;0;5;7;0;0;3;24;0;0;0;0;0;0;0;0;0;0;0;0;0;100;0;0;1;39;0;0;0;0;0;0;0;0;0;0;0;0;0;0;0;0;0;0
26.10.2024;22:13;A 38;1;1;0;0;0;1;7;0;0;1;0;0;0;3;9;0;0;0;0;1;17;0;0;2;11;0;0;0;100;0;0;2;21;0;0;0;0;0;0;0;0;0;0;0;0;0;0;0;0;0;0
26.10.2024;22:12;A 38;1;1;55;0;0;1;6;0;0;2;12;0;0;2;23;0;0;0;16;0;0;0;0;0;0;1;0;0;100;0;0;4;27;0;0;0;0;0;0;0;0;0;0;0;0;0;0;0;0;0;0
26.10.2024;22:11;A 38;1;6;61;0;0;4;71;0;0;10;17;1;8;4;56;1;7;3;61;0;8;4;22;0;0;0;0;0;100;0;0;3;23;0;0;0;0;0;0;0;0;0;0;0;0;0;0;0;0;0;0
26.10.2024;22:10;A 38;1;3;2;0;0;3;14;0;0;2;1;0;0;1;9;0;0;1;35;1;12;3;26;2;9;1;0;0;100;2;5;5;12;0;0;0;0;0;0;0;0;0;0;0;0;0;0;0;0;0;0
26.10.2024;22:09;A 38;1;5;66;0;0;1;59;0;0;6;7;3;8;2;34;1;20;0;28;2;31;1;5;4;13;0;0;0;100;0;0;0;5;0;0;0;0;0;0;0;0;0;0;0;0;0;0;0;0;0;0
26.10.2024;22:08;A 38;1;4;8;0;0;5;32;0;0;4;3;0;0;4;16;0;0;1;24;1;64;3;18;2;11;1;0;0;100;1;5;1;89;0;0;0;0;0;0;0;0;0;0;0;0;1;7;0;0;0;0
26.10.2024;22:07;A 38;1;1;12;0;0;0;0;0;0;2;1;0;0;1;11;0;0;0;0;0;0;0;0;0;0;1;0;0;100;1;4;3;42;0;0;2;3;0;0;3;13;1;5;1;7;0;0;0;0;0;0
26.10.2024;22:06;A 38;1;3;44;0;0;4;25;0;0;3;2;0;0;3;9;0;0;0;0;0;0;0;0;0;0;1;0;0;100;0;0;0;0;0;0;0;0;0;0;0;0;0;0;0;0;0;0;0;0;0;0
26.10.2024;22:05;A 38;1;1;25;0;0;2;8;0;0;0;0;0;0;0;0;0;0;1;18;0;0;2;14;0;0;1;30;0;100;2;16;2;3;0;0;0;0;0;0;0;0;0;0;0;0;0;0;0;0;0;0
26.10.2024;22:04;A 38;1;0;0;0;0;0;0;0;0;0;0;1;15;0;0;1;6;0;0;0;20;0;0;0;0;0;0;0;100;0;0;3;18;0;0;0;0;0;0;0;0;0;0;0;0;0;0;0;0;0;0
26.10.2024;22:03;A 38;1;1;0;0;0;1;4;0;0;1;0;0;0;1;4;0;0;0;0;1;1;0;0;2;11;0;0;0;100;0;0;2;21;0;0;0;0;0;0;0;0;0;0;0;0;0;0;0;0;0;0
26.10.2024;22:02;A 38;1;1;0;0;0;2;3;0;0;3;12;0;0;2;25;0;0;1;0;0;0;1;1;0;0;0;0;0;100;0;0;2;33;0;0;0;0;0;0;0;0;0;0;0;0;0;0;0;0;0;0
26.10.2024;22:01;A 38;1;1;0;0;0;1;4;0;0;1;0;1;0;1;2;0;0;1;23;0;0;2;12;0;0;0;0;0;100;0;0;0;0;0;0;0;0;0;0;0;0;0;0;0;0;0;0;0;0;0;0
26.10.2024;22:00;A 38;1;3;2;1;0;3;14;1;0;3;2;1;0;2;10;1;3;0;0;0;0;0;0;0;0;0;0;0;100;0;0;0;0;0;0;0;0;0;0;0;0;0;0;0;0;0;0;0;0;0;0
26.10.2024;21:59;A 38;1;1;1;0;0;1;6;0;0;1;1;0;0;1;7;0;0;0;0;0;0;0;0;0;0;1;0;0;100;1;4;4;14;0;0;0;0;0;0;0;0;0;0;0;0;0;0;0;0;0;0
26.10.2024;21:58;A 38;1;3;2;0;0;1;13;0;0;3;2;0;0;2;15;0;0;0;0;0;0;0;0;0;0;0;0;0;100;0;0;2;14;0;0;0;0;0;0;0;0;0;0;0;0;0;0;0;0;0;0
26.10.2024;21:57;A 38;1;0;0;0;0;1;2;0;0;47;5;0;0;0;0;0;0;0;0;0;0;0;0;0;0;0;0;0;100;0;0;1;10;0;0;0;0;0;0;0;0;0;0;0;0;0;0;0;0;0;0
26.10.2024;21:56;A 38;1;4;3;0;0;3;16;0;0;4;2;1;0;5;10;0;0;0;0;0;0;0;0;0;0;0;0;0;100;0;0;0;62;0;0;0;0;0;0;0;0;0;0;0;0;1;6;0;0;0;0
26.10.2024;21:55;A 38;1;3;22;0;0;2;35;0;0;3;2;0;0;2;12;0;0;0;0;0;0;0;0;0;0;0;0;0;100;0;0;1;72;0;0;0;0;0;0;0;0;0;0;0;0;0;0;0;0;0;0
26.10.2024;21:54;A 38;1;1;0;0;0;1;4;0;0;54;7;0;0;1;5;0;0;0;0;0;0;0;0;0;0;1;0;0;100;1;1;3;9;0;0;0;0;0;0;0;0;0;0;0;0;0;0;0;0;0;0
26.10.2024;21:53;A 38;1;2;1;0;0;3;8;0;0;1;0;0;0;2;7;0;0;0;0;0;0;0;0;0;0;0;0;0;100;0;0;1;7;0;0;0;0;0;0;0;0;0;0;0;0;0;0;0;0;0;0
26.10.2024;21:52;A 38;1;1;14;0;0;0;13;0;0;8;2;3;0;1;10;0;0;0;0;0;0;0;0;0;0;0;0;0;100;0;0;0;0;0;0;0;0;0;0;0;0;1;5;1;5;0;0;0;0;0;0
26.10.2024;21:51;A 38;1;1;35;0;0;1;42;0;0;0;0;0;0;0;0;0;0;0;0;0;0;0;0;0;0;0;0;0;100;0;0;2;19;0;0;0;0;0;0;0;0;0;0;0;0;0;0;0;0;0;0
26.10.2024;21:50;A 38;1;2;2;0;0;2;7;0;0;3;2;0;0;3;11;0;0;0;0;0;0;0;0;0;0;2;0;0;100;0;0;2;17;0;0;0;0;0;0;0;0;0;0;0;0;0;0;0;0;0;0
26.10.2024;21:49;A 38;1;4;2;0;0;5;12;0;0;3;1;0;0;3;6;0;0;0;0;0;0;0;0;0;0;0;0;0;100;0;0;1;5;0;0;0;0;0;0;0;0;0;0;0;0;0;0;0;0;0;0
26.10.2024;21:48;A 38;1;3;2;1;0;4;15;1;1;3;2;1;0;3;12;1;3;0;0;0;0;0;0;0;0;3;2;0;100;2;12;2;6;0;0;0;0;0;0;0;0;0;0;0;0;0;0;0;0;0;0
26.10.2024;21:47;A 38;1;1;1;0;0;1;8;0;0;1;1;0;0;1;8;0;0;0;0;0;0;0;0;0;0;0;0;0;100;1;1;0;0;0;0;0;0;0;0;0;0;0;0;0;0;0;0;0;0;0;0
26.10.2024;21:46;A 38;1;2;1;0;0;1;16;0;0;2;1;0;0;2;13;0;0;0;0;0;0;0;0;0;0;1;0;0;100;1;5;4;29;0;0;0;0;0;0;0;0;0;0;0;0;0;0;0;0;0;0
26.10.2024;21:45;A 38;1;1;0;0;0;1;5;0;0;1;0;0;0;1;6;0;0;0;0;0;0;0;0;0;0;0;0;0;100;0;0;1;4;0;0;0;0;0;0;0;0;0;0;0;0;0;0;0;0;0;0
26.10.2024;21:44;A 38;1;2;2;0;0;1;9;0;0;2;1;0;0;1;9;0;0;0;0;0;0;0;0;0;0;0;0;0;100;0;0;1;6;0;0;0;0;0;0;0;0;0;0;0;0;0;0;0;0;0;0
26.10.2024;21:43;A 38;1;2;0;1;0;1;7;1;1;2;0;1;0;2;4;1;3;0;0;0;0;0;0;0;0;2;0;0;100;2;3;3;11;0;0;0;0;0;0;0;0;0;0;0;0;0;0;0;0;0;0
26.10.2024;21:42;A 38;1;2;1;0;0;1;8;0;0;3;3;0;0;2;21;0;0;0;7;0;0;0;0;0;0;0;0;0;100;0;0;2;52;0;0;0;0;0;0;0;0;0;0;0;0;0;0;0;0;0;0
26.10.2024;21:41;A 38;1;0;0;0;0;0;0;0;0;1;0;0;0;1;3;0;0;1;10;0;0;1;18;0;0;1;0;0;100;1;4;2;36;0;0;0;0;0;0;0;0;0;0;0;0;0;0;0;0;0;0
26.10.2024;21:40;A 38;1;2;2;0;0;5;11;0;0;1;1;0;0;1;5;0;0;0;0;0;0;0;0;0;0;1;0;0;100;0;0;2;14;0;0;0;0;0;0;0;0;0;0;0;0;0;0;0;0;0;0
26.10.2024;21:39;A 38;1;7;6;0;0;6;29;0;0;7;6;2;10;3;26;0;4;0;0;0;0;0;0;0;0;0;0;0;100;0;0;0;45;0;0;0;0;0;0;0;0;2;5;2;9;0;0;0;0;0;0
26.10.2024;21:38;A 38;1;5;4;0;0;3;20;0;0;5;3;0;0;3;20;1;3;0;0;0;78;0;0;0;0;1;36;0;100;0;41;0;100;0;0;0;0;0;0;0;0;0;0;0;0;1;7;0;0;0;0
26.10.2024;21:37;A 38;1;0;0;0;0;1;2;0;0;0;0;0;0;0;0;0;0;0;0;1;18;0;0;1;11;1;85;0;100;2;90;2;83;0;0;0;0;0;0;0;0;0;0;0;0;0;0;0;0;0;0
26.10.2024;21:36;A 38;1;3;2;0;0;3;16;0;0;4;3;0;0;4;14;0;0;0;0;0;0;0;0;0;0;1;0;0;100;2;3;2;2;0;0;0;0;0;0;0;0;0;0;0;0;0;0;0;0;0;0
26.10.2024;21:35;A 38;1;1;1;0;0;2;5;0;0;0;0;0;0;0;0;0;0;0;0;0;0;0;0;0;0;0;0;0;100;0;0;1;13;0;0;0;0;0;0;0;0;0;0;0;0;0;0;0;0;0;0
26.10.2024;21:34;A 38;1;5;18;0;0;2;35;0;0;6;15;0;0;5;38;0;0;0;25;0;0;0;0;0;0;2;0;0;100;0;0;2;41;0;0;0;0;0;0;0;0;0;0;0;0;0;0;0;0;0;0
26.10.2024;21:33;A 38;1;2;1;0;0;3;10;0;0;2;1;0;0;2;10;0;0;1;5;0;0;2;11;0;0;1;0;0;100;0;0;2;15;0;0;0;0;0;0;0;0;0;0;0;0;0;0;0;0;0;0
26.10.2024;21:32;A 38;1;1;0;1;0;1;5;1;1;1;0;1;0;1;3;1;2;0;0;0;0;0;0;0;0;1;0;0;100;0;0;2;14;0;0;0;0;0;0;0;0;0;0;0;0;0;0;0;0;0;0
26.10.2024;21:31;A 38;1;6;5;0;0;4;28;0;0;6;4;2;0;4;23;0;0;0;0;0;0;0;0;0;0;0;0;0;100;0;0;1;15;0;0;0;0;0;0;0;0;0;0;0;0;0;0;0;0;0;0
26.10.2024;21:30;A 38;1;3;2;0;0;5;12;0;0;3;2;0;0;2;11;0;0;0;0;0;0;0;0;0;0;0;0;0;100;0;0;1;3;0;0;0;0;0;0;0;0;0;0;0;0;0;0;0;0;0;0
26.10.2024;21:29;A 38;1;1;1;0;0;1;6;0;0;1;1;0;0;1;7;0;0;0;0;0;0;0;0;0;0;1;0;0;100;0;0;2;7;0;0;0;0;0;0;0;0;0;0;0;0;0;0;0;0;0;0
26.10.2024;21:28;A 38;1;2;2;1;0;3;13;1;2;2;1;1;0;2;12;1;3;0;0;0;0;0;0;0;0;1;1;0;100;1;6;2;16;0;0;0;0;0;0;0;0;0;0;0;0;0;0;0;0;0;0
26.10.2024;21:27;A 38;1;5;4;0;0;6;23;0;0;5;4;0;0;4;20;0;0;0;0;0;0;0;0;0;0;0;0;0;100;0;0;1;12;0;0;0;0;0;0;0;0;0;0;0;0;0;0;0;0;0;0
26.10.2024;21:26;A 38;1;4;6;0;0;4;34;0;0;4;3;0;0;1;14;0;0;0;0;0;0;0;0;0;0;0;0;0;100;0;0;2;38;0;0;0;0;0;0;0;0;0;0;0;0;0;0;0;0;0;0
26.10.2024;21:25;A 38;1;0;0;0;0;0;0;0;0;3;0;0;0;0;0;0;0;0;0;1;0;0;0;0;0;1;0;0;100;2;10;1;8;0;0;0;0;0;0;0;0;0;0;0;0;0;0;0;0;0;0
26.10.2024;21:24;A 38;1;2;1;0;0;1;6;0;0;107;16;1;0;1;5;0;0;0;0;0;0;0;0;0;0;0;0;0;100;1;0;3;15;0;0;0;0;0;0;0;0;0;0;0;0;0;0;0;0;0;0
26.10.2024;21:23;A 38;1;2;1;0;0;4;9;0;0;3;2;0;0;2;12;0;0;0;0;0;0;0;0;0;0;2;1;0;100;0;0;2;51;0;0;0;0;0;0;0;0;0;5;0;0;1;6;0;0;0;0
26.10.2024;21:22;A 38;1;7;52;1;9;4;50;1;4;6;6;1;0;1;26;1;4;0;0;0;0;0;0;0;0;0;0;0;100;0;0;1;35;0;0;0;0;0;0;0;0;1;1;1;6;0;0;0;0;0;0
26.10.2024;21:21;A 38;1;1;4;0;0;0;3;0;0;2;1;1;0;1;8;0;0;0;0;0;0;0;0;0;0;1;0;0;100;1;5;1;15;0;0;0;0;0;0;0;0;0;0;0;0;0;0;0;0;0;0
26.10.2024;21:20;A 38;1;2;49;0;0;5;25;0;0;2;17;0;0;2;8;0;0;0;0;1;22;0;0;2;9;1;0;0;100;1;5;2;52;0;0;0;0;0;0;0;0;0;0;0;0;0;0;0;0;0;0
26.10.2024;21:19;A 38;1;2;2;1;1;2;9;1;2;4;3;2;2;3;17;2;7;0;0;0;0;0;0;0;0;1;0;0;100;1;2;2;30;0;0;0;0;0;0;0;0;0;0;0;0;0;0;0;0;0;0
26.10.2024;21:18;A 38;1;2;18;1;5;1;33;2;6;1;14;0;0;4;19;0;0;1;23;0;0;2;9;0;0;0;0;0;100;0;0;1;11;0;0;0;0;0;0;0;0;0;0;0;0;0;0;0;0;0;0
26.10.2024;21:17;A 38;1;8;7;0;0;5;32;0;0;8;6;0;0;4;35;0;0;0;0;0;0;0;0;0;0;1;0;0;100;1;1;0;0;0;0;0;0;0;0;0;0;0;0;0;0;0;0;0;0;0;0
26.10.2024;21:16;A 38;1;1;1;0;0;3;10;0;0;3;2;0;0;2;9;0;0;0;0;0;0;0;0;0;0;0;0;0;100;0;0;1;6;0;0;0;0;0;0;0;0;0;0;0;0;0;0;0;0;0;0
26.10.2024;21:15;A 38;1;8;7;1;0;3;37;1;0;6;5;1;1;3;32;1;3;0;0;0;0;0;0;0;0;2;0;0;100;1;4;1;3;0;0;0;0;0;0;0;0;0;0;0;0;0;0;0;0;0;0
26.10.2024;21:14;A 38;1;2;1;0;0;2;9;0;0;1;0;0;0;3;3;0;0;0;0;0;0;0;0;0;0;2;1;0;100;1;9;2;19;0;0;0;0;0;0;0;0;0;0;0;0;0;0;0;0;0;0
26.10.2024;21:13;A 38;1;2;1;0;0;3;9;0;0;2;1;0;0;2;7;0;0;0;0;0;0;0;0;0;0;1;0;0;100;0;0;1;11;0;0;0;0;0;0;0;0;0;0;0;0;0;0;0;0;0;0
26.10.2024;21:12;A 38;1;4;3;0;0;3;17;0;0;4;2;0;0;3;15;0;0;0;0;0;0;0;0;0;0;4;1;0;100;0;0;3;22;0;0;0;0;0;0;0;0;0;0;0;0;0;0;0;0;0;0
26.10.2024;21:11;A 38;1;1;0;0;0;1;4;0;0;1;0;0;0;1;4;0;0;0;0;0;0;0;0;0;0;1;0;0;100;2;2;7;49;0;0;0;0;0;0;0;0;0;0;0;0;0;0;0;0;0;0
26.10.2024;21:10;A 38;1;0;0;0;0;0;0;0;0;0;0;0;0;0;0;0;0;0;0;0;0;0;0;0;0;3;2;0;100;1;11;0;21;0;0;0;0;0;0;0;0;0;0;0;0;0;0;0;0;0;0
26.10.2024;21:09;A 38;1;4;48;0;0;6;23;0;0;5;4;0;0;4;20;0;0;0;0;0;0;0;0;0;0;0;0;0;100;0;0;1;19;0;0;0;0;0;0;0;0;0;0;0;0;1;7;0;0;0;0
26.10.2024;21:08;A 38;1;5;43;0;0;5;21;0;0;5;3;3;0;5;18;0;0;0;0;0;0;0;0;0;0;0;0;0;100;0;0;3;13;0;0;0;0;0;0;0;0;1;6;2;44;0;0;0;0;0;0
26.10.2024;21:07;A 38;1;3;18;0;0;3;34;0;0;2;1;0;0;1;10;0;0;0;0;0;0;0;0;0;0;0;0;0;100;0;0;1;6;0;0;0;0;0;0;0;0;0;0;0;0;0;0;0;0;0;0
26.10.2024;21:06;A 38;1;2;1;0;0;4;11;0;0;2;1;0;0;2;11;0;0;0;0;0;0;0;0;0;0;0;0;0;100;0;0;1;6;0;0;1;1;0;0;0;0;0;0;0;0;0;0;0;0;0;0
26.10.2024;21:05;A 38;1;3;2;0;0;3;13;0;0;4;2;2;0;3;12;2;3;0;0;0;0;0;0;0;0;3;2;0;100;3;15;4;23;0;0;0;0;0;0;0;0;0;0;0;0;0;0;0;0;0;0
26.10.2024;21:04;A 38;1;3;2;1;0;4;11;0;0;1;0;0;0;2;5;0;0;0;0;0;0;0;0;0;0;0;0;0;100;0;0;0;0;0;0;0;0;0;0;0;0;0;0;0;0;0;0;0;0;0;0
26.10.2024;21:03;A 38;1;0;0;0;0;1;0;0;0;0;0;0;0;0;0;0;0;0;0;0;0;0;0;0;0;2;0;0;100;0;0;4;27;0;0;0;0;0;0;0;0;0;0;0;0;0;0;0;0;0;0
26.10.2024;21:02;A 38;1;20;12;0;0;4;25;0;0;3;15;0;0;3;12;0;0;0;0;0;12;0;0;0;0;2;1;0;100;2;6;2;16;0;0;0;0;0;0;0;0;0;0;0;0;0;0;0;0;0;0
26.10.2024;21:01;A 38;1;4;53;1;4;2;39;1;4;4;4;1;0;1;17;1;3;0;19;1;39;0;0;1;8;1;19;0;100;1;7;3;19;0;0;0;0;0;0;0;0;0;0;0;0;0;0;0;0;0;0
26.10.2024;21:00;A 38;1;1;67;0;0;1;7;0;0;1;0;0;0;1;4;0;0;1;11;1;0;1;12;0;0;1;14;0;100;1;9;2;47;0;0;0;0;0;0;0;0;0;0;0;0;0;0;0;0;0;0
26.10.2024;20:59;A 38;1;1;41;0;0;0;4;0;0;1;1;0;0;1;5;0;0;0;0;1;0;0;0;0;0;3;2;0;100;2;9;2;24;0;0;0;0;0;0;0;0;0;0;0;0;0;0;0;0;0;0
26.10.2024;20:58;A 38;1;5;21;1;0;2;28;1;1;5;4;1;0;2;17;1;3;0;0;0;0;0;0;0;0;2;48;0;100;3;15;4;54;0;0;1;1;0;0;0;0;1;6;1;6;0;0;0;0;0;0
26.10.2024;20:57;A 38;1;3;30;0;0;5;29;0;0;4;3;1;0;2;15;0;0;0;0;0;0;0;0;0;0;0;0;0;100;1;3;2;15;0;0;0;0;0;0;0;0;0;0;0;0;0;0;0;0;0;0
26.10.2024;20:56;A 38;1;3;28;0;0;3;20;0;0;2;1;1;0;1;8;0;0;0;0;0;0;0;0;0;0;0;0;0;100;0;0;0;0;0;0;0;0;0;0;0;0;0;0;0;0;0;0;0;0;0;0
26.10.2024;20:55;A 38;1;3;2;0;0;5;18;0;0;2;1;0;0;3;13;0;0;0;0;1;1;0;0;0;0;4;2;0;100;2;14;1;4;0;0;0;0;0;0;0;0;0;0;0;0;1;6;0;0;0;0
26.10.2024;20:54;A 38;1;2;6;0;0;1;14;0;0;3;2;1;4;1;11;1;11;1;2;0;0;1;13;0;0;0;0;0;100;0;0;5;15;0;0;0;0;0;0;0;0;0;0;0;0;0;0;0;0;0;0
26.10.2024;20:53;A 38;1;2;1;0;0;1;12;0;0;2;1;0;0;1;8;0;0;0;0;0;0;1;2;1;1;1;0;0;100;1;5;5;17;0;0;0;0;0;0;0;0;0;0;0;0;0;0;0;0;0;0
26.10.2024;20:52;A 38;1;1;1;0;0;2;6;0;0;1;1;0;0;1;5;0;0;0;0;0;0;0;0;0;0;2;1;0;100;3;6;4;23;0;0;0;0;0;0;0;0;0;0;0;0;0;0;0;0;0;0
26.10.2024;20:51;A 38;1;3;2;0;0;2;17;0;0;3;2;0;0;2;8;0;0;0;0;0;0;0;0;0;0;0;0;0;100;0;0;2;28;0;0;0;0;0;0;0;0;0;0;0;0;0;0;0;0;0;0
26.10.2024;20:50;A 38;1;3;2;0;0;1;17;0;0;3;2;0;0;5;11;0;0;0;0;0;0;0;0;0;0;0;0;0;100;0;0;0;0;0;0;0;0;0;0;0;0;0;0;0;0;0;0;0;0;0;0
26.10.2024;20:49;A 38;1;2;1;0;0;4;8;0;0;12;3;8;2;2;7;1;0;0;0;0;0;0;0;0;0;3;2;0;100;2;10;0;15;0;0;0;0;0;0;0;0;1;6;0;0;0;0;0;0;0;0
26.10.2024;20:48;A 38;1;0;0;0;0;0;0;0;0;20;3;0;0;0;0;0;0;0;0;0;0;0;0;0;0;0;0;0;100;0;0;1;31;0;0;0;0;0;0;0;0;0;0;1;7;0;0;0;0;0;0
26.10.2024;20:47;A 38;1;5;4;0;0;5;22;0;0;5;3;1;0;3;17;0;0;0;0;0;0;0;0;0;0;0;0;0;100;0;0;2;12;0;0;0;0;0;0;0;0;0;0;0;0;0;0;0;0;0;0
26.10.2024;20:46;A 38;1;7;6;0;0;4;38;0;0;7;5;0;0;3;35;0;0;0;0;0;0;0;0;0;0;2;1;0;100;2;10;2;7;0;0;0;0;0;0;0;0;0;0;0;0;0;0;0;0;0;0
26.10.2024;20:45;A 38;1;3;3;0;0;5;17;0;0;3;2;0;0;2;13;0;0;0;0;0;0;0;0;0;0;1;0;0;100;1;2;1;6;0;0;0;0;0;0;0;0;0;0;0;0;0;0;0;0;0;0
26.10.2024;20:44;A 38;1;1;66;2;1;2;9;1;1;184;34;3;8;1;4;3;17;0;0;0;23;0;0;0;0;1;0;0;100;0;0;0;72;0;0;0;0;0;0;0;0;0;0;0;0;0;0;0;0;0;0
26.10.2024;20:43;A 38;1;5;14;0;0;6;21;0;0;179;33;0;0;4;11;0;0;0;0;1;55;0;0;2;15;0;0;0;100;0;0;2;6;0;0;0;0;0;0;0;0;0;0;0;0;1;8;0;0;0;0
26.10.2024;20:42;A 38;1;2;58;1;1;5;43;1;3;43;10;2;3;1;12;2;12;0;0;0;11;0;0;0;0;1;0;0;100;0;0;2;22;0;0;1;1;0;0;0;0;0;0;0;0;0;0;0;0;0;0
26.10.2024;20:41;A 38;1;5;67;1;34;4;53;1;4;5;4;1;0;2;15;1;3;0;0;1;10;0;0;2;13;0;0;0;100;0;0;1;47;0;0;0;0;0;0;0;0;0;0;0;0;0;0;0;0;0;0
26.10.2024;20:40;A 38;1;3;16;1;0;6;21;1;0;2;1;1;0;1;9;1;2;0;0;0;0;0;0;1;8;3;2;0;100;2;25;4;23;0;0;0;0;0;0;0;0;0;0;0;0;0;0;0;0;0;0
26.10.2024;20:39;A 38;1;7;25;1;1;4;51;1;4;6;5;1;0;3;26;1;5;0;0;0;0;0;0;0;0;0;0;0;100;0;0;0;77;0;0;0;0;0;0;0;0;1;6;2;10;0;0;0;0;0;0
26.10.2024;20:38;A 38;1;2;35;0;0;1;28;0;0;4;3;0;1;1;12;0;0;0;0;0;0;0;0;0;0;1;0;0;100;1;1;2;19;0;0;0;0;0;0;0;0;0;0;0;0;0;0;0;0;0;0
26.10.2024;20:37;A 38;1;1;25;0;0;2;19;0;0;0;0;1;0;0;0;1;4;1;31;1;24;1;4;2;3;0;0;0;100;0;0;0;0;0;0;0;0;0;0;0;0;0;0;0;0;0;0;0;0;0;0
26.10.2024;20:36;A 38;1;5;5;0;0;6;25;0;0;5;4;1;0;3;22;0;0;0;0;0;0;0;0;0;0;0;0;0;100;0;0;2;10;0;0;0;0;0;0;0;0;0;0;0;0;0;0;0;0;0;0
26.10.2024;20:35;A 38;1;2;1;0;0;3;11;0;0;2;1;1;0;2;4;1;2;0;0;0;0;0;0;0;0;2;1;0;100;2;4;6;37;0;0;0;0;0;0;0;0;0;0;0;0;0;0;0;0;0;0
26.10.2024;20:34;A 38;1;5;4;0;0;3;24;0;0;5;4;0;0;5;20;0;0;0;0;0;0;0;0;0;0;0;0;0;100;0;0;0;17;0;0;0;0;0;0;0;0;0;0;0;0;0;0;0;0;0;0
26.10.2024;20:33;A 38;1;2;1;0;0;5;9;0;0;2;1;0;0;2;7;0;0;0;0;0;0;0;0;0;0;0;0;0;100;0;0;0;100;0;0;0;0;0;0;0;0;0;0;0;0;1;7;0;0;0;0
26.10.2024;20:32;A 38;1;1;0;0;0;2;1;0;0;1;0;1;0;1;1;0;0;0;0;0;0;0;0;0;0;0;0;0;100;0;0;1;38;0;0;0;0;0;0;0;0;0;0;0;0;0;0;0;0;0;0
26.10.2024;20:31;A 38;1;2;44;0;0;3;8;0;0;2;1;0;0;2;3;0;0;0;0;0;0;0;0;0;0;0;0;0;100;0;0;2;18;0;0;0;0;0;0;0;0;0;0;0;0;0;0;0;0;0;0
26.10.2024;20:30;A 38;1;3;2;0;0;2;8;0;0;3;2;0;0;3;7;0;0;0;0;2;1;0;0;0;0;3;1;0;100;4;10;1;1;0;0;0;0;0;0;0;0;0;0;0;0;0;0;0;0;0;0
26.10.2024;20:29;A 38;1;3;3;0;0;6;21;0;0;3;3;0;0;2;17;0;0;0;0;0;0;0;0;0;0;2;1;0;100;1;4;3;20;0;0;0;0;0;0;0;0;0;0;0;0;0;0;0;0;0;0
26.10.2024;20:28;A 38;1;4;3;0;0;4;18;0;0;4;3;1;0;3;16;1;0;0;0;0;0;0;0;0;0;1;0;0;100;1;5;3;29;0;0;0;0;0;0;0;0;2;5;1;1;0;0;0;0;0;0
26.10.2024;20:27;A 38;1;3;3;0;0;2;11;0;0;6;4;1;0;1;21;0;0;0;0;0;0;0;0;0;0;0;0;0;100;0;0;2;27;0;0;0;0;0;0;0;0;0;0;3;4;0;0;0;0;0;0
26.10.2024;20:26;A 38;1;10;30;0;20;2;56;0;0;7;6;2;1;3;27;2;8;0;0;0;0;0;0;0;0;1;0;0;100;0;0;1;17;0;0;0;0;0;0;0;0;0;0;0;0;0;0;0;0;0;0
26.10.2024;20:25;A 38;1;5;57;3;18;8;71;2;8;4;3;3;2;2;19;2;10;0;0;1;0;0;0;0;0;2;1;0;100;2;15;3;9;0;0;0;0;0;0;0;0;0;0;0;0;0;0;0;0;0;0
26.10.2024;20:24;A 38;1;1;57;1;15;2;35;1;3;0;0;0;0;0;0;0;0;0;0;1;0;0;0;0;0;2;13;0;100;3;22;3;10;0;0;0;0;0;0;0;0;0;0;0;0;0;0;0;0;0;0
26.10.2024;20:23;A 38;1;2;1;0;0;1;8;0;0;2;1;1;0;1;6;1;1;0;0;0;0;0;0;0;0;0;0;0;100;1;3;5;23;0;0;0;0;0;0;0;0;0;0;0;0;0;0;0;0;0;0
26.10.2024;20:22;A 38;1;2;6;0;0;0;11;0;0;3;2;2;1;1;14;1;1;0;0;0;0;0;0;0;0;0;0;0;100;0;0;1;87;0;0;0;0;0;0;0;0;0;0;0;0;1;5;0;0;0;0
26.10.2024;20:21;A 38;1;1;47;0;0;3;51;0;0;2;1;0;0;0;3;0;0;0;0;0;0;0;0;0;0;0;0;0;100;0;0;3;31;0;0;1;1;0;0;1;1;0;0;0;0;0;0;0;0;0;0
26.10.2024;20:20;A 38;1;5;5;0;0;4;18;0;0;4;3;2;0;3;19;0;0;0;0;0;0;0;0;0;0;1;0;0;100;0;0;1;53;0;0;0;0;0;0;0;0;1;6;1;5;0;0;0;0;0;0
26.10.2024;20:19;A 38;1;2;4;0;0;3;13;0;0;2;3;0;0;2;12;0;0;1;29;0;0;1;10;0;0;2;0;0;100;1;1;2;15;0;0;0;0;0;0;0;0;0;0;0;0;0;0;0;0;0;0
26.10.2024;20:18;A 38;1;0;0;0;0;0;0;0;0;0;0;1;10;0;0;1;7;0;0;1;22;0;0;2;9;1;0;0;100;2;10;1;23;0;0;0;0;0;0;0;0;0;0;0;0;0;0;0;0;0;0
26.10.2024;20:17;A 38;1;6;4;0;0;9;28;0;0;6;4;0;0;6;49;0;0;0;0;0;0;0;0;0;0;2;0;0;100;2;2;2;65;0;0;0;0;0;0;0;0;0;0;0;0;1;8;0;0;0;0
26.10.2024;20:16;A 38;1;5;44;1;1;4;50;1;3;6;5;1;0;3;26;1;3;0;0;0;0;0;0;0;0;0;0;0;100;0;0;1;85;0;0;0;0;0;0;0;0;0;0;0;0;0;0;0;0;0;0
26.10.2024;20:15;A 38;1;1;13;0;0;2;5;0;0;1;1;0;0;0;2;0;0;0;0;0;0;0;0;0;0;0;0;0;100;0;0;3;25;0;0;0;0;0;0;0;0;0;0;0;0;0;0;0;0;0;0
26.10.2024;20:14;A 38;1;5;5;0;0;3;24;0;0;4;3;0;0;3;22;0;0;0;0;0;0;0;0;0;0;0;0;0;100;0;0;4;17;0;0;0;0;0;0;0;0;0;0;0;0;0;0;0;0;0;0
26.10.2024;20:13;A 38;1;0;0;0;0;0;0;0;0;0;0;0;0;0;0;0;0;0;0;0;0;0;0;0;0;0;0;0;100;0;0;3;20;0;0;0;0;0;0;0;0;0;0;0;0;0;0;0;0;0;0
26.10.2024;20:12;A 38;1;4;2;1;0;4;15;1;0;3;1;1;0;4;11;1;2;0;0;0;0;0;0;0;0;1;0;0;100;0;0;6;40;0;0;0;0;0;0;0;0;0;0;0;0;0;0;0;0;0;0
26.10.2024;20:11;A 38;1;3;2;0;0;4;15;0;0;3;2;0;0;3;16;0;0;0;0;0;0;0;0;0;0;0;0;0;100;0;0;1;8;0;0;0;0;0;0;0;0;0;0;0;0;0;0;0;0;0;0
26.10.2024;20:10;A 38;1;7;6;0;0;5;28;0;0;7;5;0;0;6;27;0;0;0;0;0;0;0;0;0;0;0;0;0;100;0;0;7;22;0;0;0;0;0;0;0;0;0;0;0;0;0;0;0;0;0;0
26.10.2024;20:09;A 38;1;4;3;0;0;3;17;0;0;5;3;0;0;4;17;0;0;0;0;0;0;0;0;0;0;1;0;0;100;0;0;5;31;0;0;0;0;0;0;0;0;0;0;0;0;0;0;0;0;0;0
26.10.2024;20:08;A 38;1;6;5;0;0;5;27;0;0;5;4;0;0;3;18;0;0;0;0;0;0;0;0;0;0;0;0;0;100;0;0;1;15;0;0;0;0;0;0;0;0;0;0;0;0;0;0;0;0;0;0
26.10.2024;20:07;A 38;1;6;36;0;0;4;53;0;0;8;19;0;0;4;32;0;0;0;1;0;0;0;0;0;0;0;0;0;100;0;0;3;6;0;0;0;0;0;0;0;0;1;6;1;6;0;0;0;0;0;0
26.10.2024;20:06;A 38;1;3;51;0;0;4;36;0;0;4;18;0;0;3;32;0;0;1;29;0;0;2;12;0;0;0;0;0;100;0;0;4;42;0;0;0;0;0;0;0;0;0;0;0;0;0;0;0;0;0;0
26.10.2024;20:05;A 38;1;0;0;0;0;2;5;0;0;0;0;0;0;0;0;0;0;2;22;0;0;2;20;0;0;2;0;0;100;0;0;4;43;0;0;0;0;0;0;0;0;0;0;0;0;0;0;0;0;0;0
26.10.2024;20:04;A 38;1;1;51;1;36;2;11;1;2;1;0;2;17;1;4;2;8;0;0;0;22;0;0;0;0;1;0;0;100;2;8;4;21;0;0;0;0;0;0;0;0;0;0;0;0;0;0;0;0;0;0
26.10.2024;20:03;A 38;1;3;2;0;0;3;12;0;0;3;2;0;0;2;9;0;0;0;0;1;1;0;0;2;10;1;0;0;100;0;0;4;58;0;0;0;0;0;0;0;0;0;0;0;0;0;0;0;0;0;0
26.10.2024;20:02;A 38;1;6;14;0;6;2;20;0;0;7;7;1;0;2;27;1;3;0;0;0;0;0;0;0;0;0;0;0;100;0;0;1;97;0;0;0;0;0;0;0;0;0;0;0;0;1;6;0;0;0;0
26.10.2024;20:01;A 38;1;1;19;1;12;1;12;1;5;0;0;0;0;0;0;0;0;0;0;0;0;0;0;0;0;1;0;0;100;1;3;4;51;0;0;0;0;0;0;0;0;0;0;0;0;0;0;0;0;0;0
26.10.2024;20:00;A 38;1;1;2;0;0;1;9;0;0;7;4;0;0;2;15;0;0;0;0;0;34;0;0;0;0;1;1;0;100;0;0;2;16;0;0;0;0;0;0;0;0;0;0;0;0;0;0;0;0;0;0
26.10.2024;19:59;A 38;1;2;1;1;0;2;10;1;1;58;10;1;0;2;7;1;1;0;0;1;76;0;0;2;11;1;0;0;100;1;2;0;10;0;0;0;0;0;0;0;0;0;0;0;0;0;0;0;0;0;0
26.10.2024;19:58;A 38;1;8;7;0;0;2;33;0;0;106;29;23;5;1;31;0;0;0;0;0;0;0;0;0;0;0;46;0;100;0;0;0;100;0;0;0;0;0;0;0;0;1;6;1;7;1;6;0;0;0;0
26.10.2024;19:57;A 38;1;2;1;0;0;2;4;0;0;20;3;0;0;2;5;0;0;0;0;1;1;0;0;0;0;3;17;0;100;3;15;3;46;0;0;0;0;0;0;0;0;0;0;0;0;0;0;0;0;0;0
26.10.2024;19:56;A 38;1;1;1;0;0;3;6;0;0;52;7;0;0;1;3;0;0;0;0;0;0;0;0;0;0;0;0;0;100;0;0;0;0;0;0;0;0;0;0;0;0;0;0;0;0;0;0;0;0;0;0
26.10.2024;19:55;A 38;1;3;2;0;0;3;15;0;0;3;2;0;0;3;15;0;0;0;0;0;0;0;0;0;0;1;0;0;100;0;0;1;16;0;0;0;0;0;0;0;0;0;0;0;0;0;0;0;0;0;0
26.10.2024;19:54;A 38;1;6;5;1;0;4;26;0;0;6;4;1;0;4;28;1;3;0;0;0;0;0;0;0;0;0;0;0;100;0;0;1;5;0;0;0;0;0;0;0;0;0;0;0;0;0;0;0;0;0;0
26.10.2024;19:53;A 38;1;2;2;0;0;3;13;0;0;1;0;0;0;1;6;0;0;0;0;0;0;0;0;0;0;2;0;0;100;1;3;2;23;0;0;0;0;0;0;0;0;0;0;0;0;0;0;0;0;0;0
26.10.2024;19:52;A 38;1;3;2;0;0;1;12;0;0;3;1;0;0;1;11;0;0;0;0;0;0;0;0;0;0;2;0;0;100;1;3;6;24;0;0;0;0;0;0;0;0;0;0;0;0;0;0;0;0;0;0
26.10.2024;19:51;A 38;1;5;4;0;0;5;24;0;0;5;4;0;0;5;22;0;0;0;0;0;0;0;0;0;0;1;0;0;100;0;0;2;11;0;0;0;0;0;0;0;0;0;0;0;0;0;0;0;0;0;0
26.10.2024;19:50;A 38;1;5;4;0;0;4;21;0;0;5;3;0;0;4;20;0;0;0;0;0;0;0;0;0;0;1;0;0;100;2;2;2;30;0;0;0;0;0;0;0;0;0;0;0;0;0;0;0;0;0;0
26.10.2024;19:49;A 38;1;1;1;0;0;4;8;0;0;5;4;0;0;1;13;0;0;0;0;0;0;0;0;0;0;1;0;0;100;0;0;4;34;0;0;0;0;0;0;0;0;1;6;0;0;0;0;0;0;0;0
26.10.2024;19:48;A 38;1;7;60;0;0;3;81;0;0;3;2;0;0;2;12;0;0;0;0;0;0;0;0;0;0;0;0;0;100;0;0;2;58;0;0;0;0;0;0;0;0;0;0;2;7;0;0;0;0;0;0
26.10.2024;19:47;A 38;1;0;0;0;0;0;0;0;0;1;0;0;0;1;1;0;0;0;0;0;0;0;0;0;0;1;0;0;100;0;2;0;0;0;0;0;0;0;0;0;0;0;0;0;0;0;0;0;0;0;0
26.10.2024;19:46;A 38;1;4;2;0;0;3;13;0;0;2;1;1;0;1;7;1;2;1;0;1;0;0;0;0;0;2;0;0;100;3;5;6;27;0;0;0;0;0;0;0;0;0;0;0;0;0;0;0;0;0;0
26.10.2024;19:45;A 38;1;5;3;0;0;6;19;0;0;5;3;0;0;3;15;0;0;0;0;0;0;0;0;0;0;2;1;0;100;1;4;2;10;0;0;0;0;0;0;0;0;0;0;0;0;0;0;0;0;0;0
26.10.2024;19:44;A 38;1;2;1;0;0;1;2;0;0;4;3;0;0;1;12;0;0;0;0;0;0;0;0;0;0;4;2;0;100;2;22;5;62;0;0;0;0;0;0;0;0;0;0;0;0;0;0;0;0;0;0
26.10.2024;19:43;A 38;1;9;59;1;0;2;97;1;0;6;5;1;0;2;30;1;1;0;0;0;0;0;0;0;0;0;0;0;100;1;35;1;87;0;0;0;0;0;0;0;0;0;0;0;0;0;0;0;0;0;0
26.10.2024;19:42;A 38;1;0;0;0;0;0;0;0;0;0;0;0;0;0;0;0;0;0;0;0;0;0;0;0;0;0;0;0;100;0;0;1;73;0;0;0;0;0;0;0;0;0;0;0;0;1;75;0;0;0;0
26.10.2024;19:41;A 38;1;3;3;0;0;1;13;0;0;5;4;0;0;2;21;0;0;0;0;0;0;0;0;0;0;0;0;0;100;0;0;1;3;0;0;0;0;0;0;0;0;0;0;0;0;0;0;0;0;0;0
26.10.2024;19:40;A 38;1;5;39;0;0;6;33;0;0;4;3;0;0;1;16;0;0;0;0;1;0;0;0;0;0;4;1;0;100;1;6;6;38;0;0;0;0;0;0;0;0;0;0;0;0;0;0;0;0;0;0
26.10.2024;19:39;A 38;1;5;4;0;0;7;24;0;0;5;3;0;0;5;22;0;0;0;0;0;0;0;0;0;0;1;0;0;100;1;5;2;17;0;0;0;0;0;0;0;0;0;0;0;0;0;0;0;0;0;0
26.10.2024;19:38;A 38;1;8;22;0;0;4;42;0;0;8;6;2;0;3;33;0;0;0;0;0;0;0;0;0;0;0;0;0;100;2;4;2;61;0;0;0;0;0;0;0;0;1;6;0;27;0;0;0;0;0;0
26.10.2024;19:37;A 38;1;2;40;0;0;3;55;0;0;1;0;0;0;1;4;0;0;0;0;1;1;0;0;0;0;1;1;0;100;1;6;3;17;0;0;0;0;0;0;0;0;0;0;1;3;1;6;0;0;0;0
26.10.2024;19:36;A 38;1;5;8;1;11;4;25;1;2;5;3;1;0;5;22;1;3;0;0;0;0;0;0;0;0;0;0;0;100;0;0;0;0;0;0;0;0;0;0;0;0;0;0;0;0;0;0;0;0;0;0
26.10.2024;19:35;A 38;1;1;0;0;0;3;6;0;0;2;1;0;0;2;6;0;0;0;0;0;0;0;0;0;0;0;0;0;100;0;0;2;17;0;0;0;0;0;0;0;0;0;0;0;0;0;0;0;0;0;0
26.10.2024;19:34;A 38;1;4;2;0;0;3;14;0;0;3;2;0;0;3;14;0;0;0;0;0;0;0;0;0;0;1;0;0;100;1;1;6;29;0;0;0;0;0;0;0;0;0;0;0;0;0;0;0;0;0;0
26.10.2024;19:33;A 38;1;0;0;0;0;0;0;0;0;1;1;0;0;0;4;0;0;0;0;0;0;0;0;0;0;2;1;0;100;1;7;2;7;0;0;0;0;0;0;0;0;0;0;0;0;0;0;0;0;0;0
26.10.2024;19:32;A 38;1;5;4;0;0;7;20;0;0;4;2;1;0;4;12;0;0;0;0;0;0;0;0;0;0;1;1;0;100;2;11;2;28;0;0;0;0;0;0;0;0;0;0;0;0;0;0;0;0;0;0
26.10.2024;19:31;A 38;1;5;4;0;0;5;25;0;0;5;3;0;0;4;19;0;0;0;0;0;0;0;0;0;0;1;1;0;100;1;4;1;22;0;0;0;0;0;0;0;0;0;0;0;0;0;0;0;0;0;0
26.10.2024;19:30;A 38;1;5;4;0;0;1;19;0;0;20;6;1;0;1;17;1;2;0;0;0;0;0;0;0;0;1;0;0;100;0;0;3;10;0;0;0;0;0;0;0;0;0;0;0;0;0;0;0;0;0;0
26.10.2024;19:29;A 38;1;3;2;1;0;3;10;1;0;13;2;1;0;2;9;1;3;0;0;0;0;0;0;0;0;2;1;0;100;2;6;2;10;0;0;0;0;0;0;0;0;0;0;0;0;0;0;0;0;0;0
26.10.2024;19:28;A 38;1;4;13;0;16;4;26;0;0;179;35;9;3;2;17;1;4;0;0;0;0;0;0;0;0;2;1;0;100;2;8;5;35;0;0;0;0;0;0;0;0;1;6;1;7;0;0;0;0;0;0
26.10.2024;19:27;A 38;1;6;9;5;5;4;28;5;11;204;41;4;2;3;20;4;9;0;0;0;0;0;0;0;0;1;0;0;100;0;0;2;25;0;0;0;0;0;0;0;0;0;0;0;0;0;0;0;0;0;0
26.10.2024;19:26;A 38;1;3;44;0;0;6;43;0;0;124;19;0;0;2;6;0;0;0;0;0;0;0;0;0;0;1;0;0;100;0;0;5;22;0;0;0;0;0;0;0;0;0;0;0;0;0;0;0;0;0;0
26.10.2024;19:25;A 38;1;1;0;0;0;2;4;0;0;1;0;0;0;1;4;0;0;0;0;1;0;0;0;0;0;1;0;0;100;1;1;4;33;0;0;0;0;0;0;0;0;0;0;0;0;0;0;0;0;0;0
26.10.2024;19:24;A 38;1;3;2;0;0;3;18;0;0;3;2;0;0;2;16;0;0;0;0;0;0;0;0;0;0;0;0;0;100;0;0;0;0;0;0;0;0;0;0;0;0;0;0;0;0;0;0;0;0;0;0
26.10.2024;19:23;A 38;1;5;9;0;2;2;20;0;0;6;6;1;0;1;23;1;4;0;0;0;0;0;0;0;0;2;64;0;100;1;8;0;73;0;0;0;0;0;0;0;0;0;0;0;0;1;6;0;0;0;0
26.10.2024;19:22;A 38;1;1;21;1;12;1;35;2;5;0;0;1;1;0;0;1;4;0;0;1;53;1;2;2;8;1;33;0;100;2;8;5;35;0;0;0;0;0;0;0;0;0;0;0;0;0;0;0;0;0;0
26.10.2024;19:21;A 38;1;1;0;0;0;1;4;0;0;2;1;0;0;2;6;0;0;0;0;0;0;0;0;0;0;0;0;0;100;0;0;3;35;0;0;0;0;0;0;0;0;0;0;0;0;0;0;0;0;0;0
26.10.2024;19:20;A 38;1;2;1;0;0;2;9;0;0;1;0;0;0;2;5;0;0;0;0;0;0;0;0;0;0;0;0;0;100;0;0;2;21;0;0;0;0;0;0;0;0;0;0;0;0;0;0;0;0;0;0
26.10.2024;19:19;A 38;1;7;5;0;0;4;30;0;0;9;5;0;0;4;28;0;0;0;0;0;0;0;0;0;0;0;0;0;100;0;0;2;20;0;0;0;0;0;0;0;0;0;0;0;0;0;0;0;0;0;0
26.10.2024;19:18;A 38;1;7;6;2;1;3;20;0;0;55;13;9;2;2;26;2;5;0;0;0;0;0;0;0;0;0;0;0;100;0;0;1;92;0;0;0;0;0;0;0;0;1;6;1;5;0;0;0;0;0;0
26.10.2024;19:17;A 38;1;4;62;0;0;3;61;1;2;17;5;0;0;1;15;0;0;0;0;0;0;0;0;0;0;0;0;0;100;0;0;2;23;0;0;0;0;0;0;0;0;0;0;0;0;0;0;0;0;0;0
26.10.2024;19:16;A 38;1;6;5;0;0;2;29;0;0;4;3;0;0;4;14;0;0;1;0;1;0;0;0;1;2;2;1;0;100;2;11;1;11;0;0;1;1;0;0;1;2;0;0;0;0;0;0;0;0;0;0
26.10.2024;19:15;A 38;1;7;6;0;0;6;37;0;0;7;5;1;0;6;33;0;0;0;0;0;0;0;0;0;0;2;0;0;100;3;3;3;18;0;0;0;0;0;0;0;0;0;0;0;0;0;0;0;0;0;0
26.10.2024;19:14;A 38;1;3;2;0;0;3;15;0;0;3;2;0;0;3;15;0;0;0;0;0;0;0;0;0;0;0;0;0;100;0;0;3;16;0;0;0;0;0;0;0;0;0;0;0;0;0;0;0;0;0;0
26.10.2024;19:13;A 38;1;7;6;0;0;6;26;0;0;8;7;0;0;3;34;0;0;0;0;0;0;0;0;0;0;2;0;0;100;1;4;6;23;0;0;0;0;0;0;0;0;0;0;0;0;0;0;0;0;0;0
26.10.2024;19:12;A 38;1;4;4;1;0;2;27;1;1;3;2;1;0;2;13;1;2;0;0;0;0;0;0;0;0;1;0;0;100;1;6;2;89;0;0;0;0;0;0;0;0;0;0;0;0;1;6;0;0;0;0
26.10.2024;19:11;A 38;1;4;32;0;0;4;21;0;0;4;2;0;0;2;14;0;0;0;0;0;0;0;0;0;0;1;0;0;100;0;0;2;86;0;0;0;0;0;0;0;0;0;0;0;0;0;0;0;0;0;0
26.10.2024;19:10;A 38;1;4;3;0;0;3;20;0;0;4;3;0;0;2;20;0;0;0;0;0;0;0;0;0;0;2;0;0;100;1;1;4;51;0;0;0;0;0;0;0;0;0;0;0;0;0;0;0;0;0;0
26.10.2024;19:09;A 38;1;4;37;2;1;1;36;1;0;21;23;9;3;2;21;1;5;0;7;0;0;0;0;0;0;0;0;0;100;3;8;4;58;0;0;0;0;0;0;0;0;1;8;1;8;0;0;0;0;0;0
26.10.2024;19:08;A 38;1;6;20;1;0;2;29;1;1;5;4;1;0;4;23;1;4;1;9;0;0;2;11;0;0;1;0;0;100;0;0;4;23;0;0;0;0;0;0;0;0;0;0;0;0;0;0;0;0;0;0
26.10.2024;19:07;A 38;1;7;6;0;0;6;28;0;0;7;6;0;0;3;29;0;0;0;0;0;0;0;0;0;0;1;0;0;100;3;7;4;31;0;0;0;0;0;0;0;0;0;0;0;0;0;0;0;0;0;0
26.10.2024;19:06;A 38;1;5;4;0;0;6;17;0;0;8;4;1;0;3;20;0;0;0;0;0;0;0;0;0;0;0;0;0;100;1;0;3;24;0;0;0;0;0;0;0;0;0;0;0;0;0;0;0;0;0;0
26.10.2024;19:05;A 38;1;3;2;1;1;4;19;1;3;143;23;0;0;1;6;0;0;0;0;0;0;0;0;0;0;1;0;0;100;0;0;3;20;0;0;0;0;0;0;0;0;0;0;0;0;0;0;0;0;0;0
26.10.2024;19:04;A 38;1;5;23;1;20;5;29;1;6;72;47;1;1;3;56;1;4;0;0;0;0;0;0;0;0;0;0;0;100;0;0;0;100;0;0;0;0;0;0;0;0;0;0;0;0;1;8;0;0;0;0
26.10.2024;19:03;A 38;1;6;16;1;4;7;23;1;4;18;34;0;0;2;49;0;0;0;0;0;0;0;0;0;0;3;1;0;100;0;0;4;43;0;0;0;0;0;0;0;0;0;0;0;0;0;0;0;0;0;0
26.10.2024;19:02;A 38;1;7;7;0;0;2;37;0;0;24;6;0;0;3;24;0;0;0;0;0;0;0;0;0;0;1;0;0;100;0;0;3;19;0;0;0;0;0;0;0;0;0;0;0;0;0;0;0;0;0;0
26.10.2024;19:01;A 38;1;3;3;0;0;3;13;0;0;3;2;0;0;2;13;0;0;0;0;0;0;0;0;0;0;0;0;0;100;0;0;2;12;0;0;0;0;0;0;0;0;0;0;0;0;0;0;0;0;0;0
26.10.2024;19:00;A 38;1;3;3;0;0;3;16;0;0;3;2;0;0;2;14;0;0;0;0;0;0;0;0;0;0;0;0;0;100;0;0;1;6;0;0;0;0;0;0;0;0;0;0;0;0;0;0;0;0;0;0
26.10.2024;18:59;A 38;1;3;2;0;0;3;11;0;0;3;2;0;0;2;12;0;0;0;0;0;0;0;0;0;0;2;0;0;100;0;0;4;43;0;0;0;0;0;0;0;0;0;0;0;0;0;0;0;0;0;0
26.10.2024;18:58;A 38;1;10;58;1;0;3;82;0;0;61;16;9;7;2;31;3;14;0;0;0;25;0;0;0;0;0;0;0;100;0;0;2;23;0;0;0;0;0;0;0;0;1;6;1;7;0;0;0;0;0;0
26.10.2024;18:57;A 38;1;7;5;0;0;6;35;0;0;10;5;0;0;3;30;0;0;0;0;1;53;0;0;3;11;1;0;0;100;2;2;5;37;0;0;0;0;0;0;0;0;0;0;0;0;0;0;0;0;0;0
26.10.2024;18:56;A 38;1;7;5;0;0;10;31;1;0;7;4;1;0;7;20;1;1;0;0;0;0;0;0;0;0;1;0;0;100;0;0;1;28;0;0;0;0;0;0;0;0;0;0;0;0;0;0;0;0;0;0
26.10.2024;18:55;A 38;1;4;48;0;0;2;66;0;0;4;3;0;0;3;16;0;0;0;0;0;0;0;0;0;0;1;0;0;100;0;0;2;5;0;0;0;0;0;0;0;0;0;0;0;0;0;0;0;0;0;0
26.10.2024;18:54;A 38;1;6;5;0;0;7;28;0;0;6;5;0;0;4;23;0;0;0;0;1;0;0;0;0;0;1;0;0;100;0;0;3;11;0;0;0;0;0;0;0;0;0;0;0;0;0;0;0;0;0;0
26.10.2024;18:53;A 38;1;2;1;0;0;0;3;0;0;4;4;0;0;0;12;0;0;0;0;0;0;0;0;0;0;4;3;0;100;1;17;2;94;0;0;0;0;0;0;0;0;0;0;0;0;1;7;0;0;0;0
26.10.2024;18:52;A 38;1;5;4;1;0;2;23;1;1;7;2;1;0;2;9;1;3;0;0;0;0;0;0;0;0;0;0;0;100;0;0;3;77;0;0;0;0;0;0;0;0;0;0;0;0;0;0;0;0;0;0
26.10.2024;18:51;A 38;1;3;2;0;0;4;9;0;0;3;2;0;0;2;9;0;0;0;0;0;0;0;0;0;0;0;0;0;100;0;0;2;9;0;0;0;0;0;0;0;0;0;0;0;0;0;0;0;0;0;0
26.10.2024;18:50;A 38;1;3;1;0;0;2;9;0;0;3;1;0;0;2;7;0;0;0;0;0;0;0;0;0;0;0;0;0;100;0;0;3;16;0;0;0;0;0;0;0;0;0;0;0;0;0;0;0;0;0;0
26.10.2024;18:49;A 38;1;5;4;0;0;8;28;0;0;5;4;0;0;5;27;0;0;0;0;0;0;0;0;0;0;1;0;0;100;0;0;4;16;0;0;0;0;0;0;0;0;0;0;0;0;0;0;0;0;0;0
26.10.2024;18:48;A 38;1;4;3;0;0;4;20;0;0;5;15;0;0;6;30;0;0;0;0;0;0;0;0;0;0;0;0;0;100;0;0;1;84;0;0;0;0;0;0;0;0;1;6;1;7;0;0;0;0;0;0
26.10.2024;18:47;A 38;1;3;2;0;0;4;14;0;0;4;3;0;0;3;19;0;0;1;56;0;0;2;12;0;0;0;0;0;100;0;0;2;33;0;0;0;0;0;0;0;0;0;0;0;0;0;0;0;0;0;0
26.10.2024;18:46;A 38;1;6;5;0;0;7;25;0;0;5;4;0;0;5;17;0;0;0;0;0;0;0;0;0;0;2;0;0;100;0;0;9;60;0;0;0;0;0;0;0;0;0;0;0;0;0;0;0;0;0;0
26.10.2024;18:45;A 38;1;3;2;1;0;5;15;1;0;13;4;2;1;3;20;2;5;0;0;0;0;0;0;0;0;0;0;0;100;0;0;3;49;0;0;0;0;0;0;0;0;0;0;0;0;1;6;0;0;0;0
26.10.2024;18:44;A 38;1;4;4;1;0;4;19;1;1;4;56;0;0;2;13;0;0;0;0;0;0;0;0;0;0;0;0;0;100;0;0;2;76;0;0;0;0;0;0;0;0;0;0;0;0;0;0;0;0;0;0
26.10.2024;18:43;A 38;1;4;3;1;0;7;25;0;0;3;2;1;0;3;15;1;2;0;0;0;0;0;0;0;0;1;0;0;100;1;1;3;8;0;0;0;0;0;0;0;0;0;0;0;0;0;0;0;0;0;0
26.10.2024;18:42;A 38;1;5;5;0;0;4;19;0;0;6;5;0;0;3;31;0;0;0;0;0;0;0;0;0;0;1;0;0;100;0;0;4;19;0;0;0;0;0;0;0;0;0;0;0;0;0;0;0;0;0;0
26.10.2024;18:41;A 38;1;4;3;0;0;3;27;0;0;3;2;0;0;2;16;0;0;0;0;0;0;0;0;0;0;3;1;0;100;1;10;4;25;0;0;0;0;0;0;0;0;0;0;0;0;0;0;0;0;0;0
26.10.2024;18:40;A 38;1;8;6;0;0;5;35;0;0;8;6;0;0;6;28;0;0;0;0;0;0;0;0;0;0;0;0;0;100;0;0;2;26;0;0;0;0;0;0;0;0;0;0;0;0;0;0;0;0;0;0
26.10.2024;18:39;A 38;1;3;2;0;0;4;16;0;0;5;4;0;0;2;21;0;0;0;0;0;0;0;0;0;0;1;0;0;100;0;0;3;20;0;0;0;0;0;0;0;0;0;0;0;0;0;0;0;0;0;0
26.10.2024;18:38;A 38;1;12;10;1;0;8;46;1;1;10;7;1;0;6;42;1;3;0;0;0;0;0;0;0;0;2;1;0;100;3;9;2;33;0;0;0;0;0;0;0;0;0;0;0;0;0;0;0;0;0;0
26.10.2024;18:37;A 38;1;4;50;0;0;4;23;0;0;4;3;0;0;3;25;0;0;0;0;0;0;0;0;0;0;1;72;0;100;1;7;2;73;0;0;0;0;0;0;0;0;1;5;1;6;0;0;0;0;0;0
26.10.2024;18:36;A 38;1;7;6;1;0;2;32;1;0;6;4;1;0;3;32;1;3;0;0;0;0;0;0;0;0;1;0;0;100;0;0;2;30;0;0;0;0;0;0;0;0;0;0;0;0;0;0;0;0;0;0
26.10.2024;18:35;A 38;1;1;0;0;0;1;5;0;0;1;0;0;0;1;5;0;0;0;0;0;0;0;0;0;0;0;0;0;100;1;5;4;18;0;0;0;0;0;0;0;0;0;0;0;0;0;0;0;0;0;0
26.10.2024;18:34;A 38;1;3;2;1;0;3;18;1;2;3;2;2;0;3;17;1;4;0;0;0;0;0;0;0;0;1;1;0;100;0;0;2;97;0;0;0;0;0;0;0;0;0;0;0;0;1;8;0;0;0;0
26.10.2024;18:33;A 38;1;5;4;0;0;1;19;0;0;6;5;0;0;1;21;1;4;0;0;0;0;0;0;0;0;0;0;0;100;0;0;5;50;0;0;0;0;0;0;0;0;0;0;0;0;0;0;0;0;0;0
26.10.2024;18:32;A 38;1;10;9;1;0;1;57;2;4;8;6;2;1;5;43;5;10;0;0;0;0;0;0;0;0;2;0;0;100;0;0;2;16;0;0;0;0;0;0;0;0;0;0;0;0;0;0;0;0;0;0
26.10.2024;18:31;A 38;1;4;16;0;0;3;44;0;0;5;4;0;0;2;19;1;7;0;0;0;0;0;0;0;0;0;0;0;100;3;11;3;26;0;0;0;0;0;0;0;0;0;0;0;0;0;0;0;0;0;0
26.10.2024;18:30;A 38;1;3;34;0;0;4;30;0;0;5;16;1;0;3;24;0;4;1;24;0;0;1;10;0;0;0;0;0;100;6;34;4;55;0;0;0;0;0;0;0;0;0;0;0;0;0;0;0;0;0;0
26.10.2024;18:29;A 38;1;5;40;1;11;4;76;1;5;3;2;0;0;1;16;1;1;0;0;0;0;0;0;0;0;0;0;0;100;2;12;2;46;0;0;0;0;0;0;0;0;0;0;0;0;0;0;0;0;0;0
26.10.2024;18:28;A 38;1;9;7;0;0;4;43;0;0;8;5;1;0;5;40;1;3;0;0;1;0;0;0;0;0;1;0;0;100;1;5;1;69;0;0;0;0;0;0;0;0;1;6;1;6;0;0;0;0;0;0
26.10.2024;18:27;A 38;1;4;18;0;0;1;40;0;0;4;3;0;0;2;14;0;0;0;0;0;0;0;0;0;0;0;0;0;100;2;5;3;23;0;0;0;0;0;0;0;0;0;0;0;0;0;0;0;0;0;0
26.10.2024;18:26;A 38;1;4;72;2;47;2;74;1;7;7;14;2;2;2;36;2;9;1;24;0;0;1;26;0;0;2;36;0;100;1;13;0;98;0;0;1;1;0;0;0;0;0;0;0;0;0;0;0;0;0;0
26.10.2024;18:25;A 38;1;9;46;0;0;2;55;0;0;8;8;0;0;2;32;0;0;1;91;0;0;2;59;0;0;0;0;0;100;1;4;0;100;0;0;0;0;0;0;0;0;0;0;0;0;0;0;0;0;0;0
26.10.2024;18:24;A 38;1;2;41;0;0;1;46;0;0;3;3;0;0;1;16;0;0;0;0;0;0;1;3;0;0;0;0;0;100;0;0;0;100;0;0;0;0;0;0;0;0;0;0;0;0;1;59;0;0;0;0
26.10.2024;18:23;A 38;1;6;7;1;0;2;48;0;0;4;3;1;0;4;17;1;3;0;0;0;0;0;0;0;0;0;0;0;100;0;0;2;10;0;0;0;0;0;0;0;0;0;0;0;0;0;0;0;0;0;0
26.10.2024;18:22;A 38;1;3;35;3;3;3;34;2;8;4;3;2;1;2;19;1;5;0;0;0;0;0;0;0;0;0;0;0;100;0;0;1;24;0;0;1;1;0;0;0;0;0;0;0;0;0;0;0;0;0;0
26.10.2024;18:21;A 38;1;7;34;2;1;2;62;1;2;6;18;2;1;2;25;2;7;0;23;1;0;0;0;0;0;4;15;0;100;3;38;1;98;0;0;0;0;0;0;0;0;0;0;0;0;0;0;0;0;0;0
26.10.2024;18:20;A 38;1;0;0;0;0;0;0;0;0;1;0;0;0;0;0;0;0;1;2;0;0;1;9;0;0;0;0;0;100;0;0;3;26;0;0;0;0;0;0;0;0;0;0;0;0;0;0;0;0;0;0
26.10.2024;18:19;A 38;1;6;51;0;0;2;73;0;0;7;7;0;0;4;35;0;0;0;0;0;0;0;0;0;0;0;0;0;100;0;0;2;17;0;0;0;0;0;0;0;0;0;0;0;0;0;0;0;0;0;0
26.10.2024;18:18;A 38;1;11;39;3;2;3;52;1;2;42;12;16;5;3;29;3;12;0;0;0;0;0;82;0;0;2;0;0;100;0;0;1;70;0;0;0;0;0;0;0;0;1;6;1;7;0;0;0;0;0;0
26.10.2024;18:17;A 38;1;6;39;0;0;3;69;1;3;5;4;0;0;3;20;0;0;0;0;0;0;1;32;0;0;2;1;0;100;1;7;7;44;0;0;0;0;0;0;0;0;0;0;0;0;0;0;0;0;0;0
26.10.2024;18:16;A 38;1;4;3;0;0;3;19;0;0;6;5;0;0;3;24;0;0;0;0;1;0;0;0;0;0;2;1;0;100;2;7;3;17;0;0;0;0;0;0;0;0;0;0;0;0;0;0;0;0;0;0
26.10.2024;18:15;A 38;1;3;44;0;0;3;32;0;0;1;0;0;0;1;6;0;0;0;0;0;0;0;0;0;0;0;0;0;100;0;0;2;65;0;0;0;0;0;0;0;0;0;0;0;0;0;0;0;0;0;0
26.10.2024;18:14;A 38;1;2;18;1;1;1;28;1;4;2;2;1;0;1;9;1;3;0;0;1;0;0;0;0;0;2;3;0;100;2;13;1;12;0;0;0;0;0;0;0;0;0;0;0;0;0;0;0;0;0;0
26.10.2024;18:13;A 38;1;7;8;0;0;4;23;0;0;8;6;1;0;5;35;1;4;0;0;1;0;0;0;1;4;3;2;0;100;1;14;0;100;0;0;0;0;0;0;0;0;0;0;0;0;1;6;0;0;0;0
26.10.2024;18:12;A 38;1;5;78;2;43;0;100;1;35;6;5;3;12;2;17;3;15;0;0;0;0;0;0;0;0;0;0;0;100;0;0;2;34;0;0;0;0;0;0;0;0;0;0;0;0;0;0;0;0;0;0
26.10.2024;18:11;A 38;1;3;28;1;22;3;23;1;25;2;1;0;0;1;6;0;0;0;0;1;27;0;0;1;10;1;0;0;100;0;0;2;35;0;0;0;0;0;0;0;0;0;0;0;0;0;0;0;0;0;0
26.10.2024;18:10;A 38;1;2;1;0;0;1;5;0;0;2;1;0;0;1;4;0;0;0;0;0;0;0;0;0;0;2;1;0;100;1;4;3;16;0;0;0;0;0;0;0;0;0;0;0;0;0;0;0;0;0;0
26.10.2024;18:09;A 38;1;7;6;0;0;4;20;0;0;7;6;1;0;6;27;1;3;0;0;0;0;0;0;0;0;1;0;0;100;0;0;5;28;0;0;0;0;0;0;0;0;0;0;0;0;0;0;0;0;0;0
26.10.2024;18:08;A 38;1;13;45;3;29;3;77;1;29;13;23;4;3;2;81;3;13;0;0;0;0;0;0;0;0;0;0;0;100;0;0;1;68;0;0;0;0;0;0;0;0;1;6;2;6;0;0;0;0;0;0
26.10.2024;18:07;A 38;1;4;86;2;44;1;90;2;14;3;19;1;0;1;31;1;4;0;0;0;0;0;0;0;0;2;24;0;100;2;15;2;84;0;0;0;0;0;0;0;0;0;0;0;0;0;0;0;0;0;0
26.10.2024;18:06;A 38;1;3;8;0;0;3;22;0;0;2;1;0;0;2;7;0;0;0;0;1;0;0;0;0;0;2;0;0;100;1;4;4;37;0;0;0;0;0;0;0;0;0;0;0;0;0;0;0;0;0;0
26.10.2024;18:05;A 38;1;11;9;2;0;3;40;1;1;12;10;1;0;6;44;1;2;0;0;1;0;0;0;0;0;3;1;0;100;1;5;5;38;0;0;0;0;0;0;0;0;0;0;0;0;0;0;0;0;0;0
26.10.2024;18:04;A 38;1;12;11;0;0;5;49;0;0;10;8;0;0;8;41;0;0;0;0;0;0;0;0;0;0;1;0;0;100;0;0;5;29;0;0;0;0;0;0;0;0;0;0;0;0;0;0;0;0;0;0
26.10.2024;18:03;A 38;1;2;1;0;0;2;7;0;0;3;3;0;0;3;16;0;0;0;0;0;0;0;0;0;0;1;0;0;100;0;0;0;56;0;0;0;0;0;0;0;0;0;0;0;0;0;0;0;0;0;0
26.10.2024;18:02;A 38;1;5;47;0;0;3;27;0;0;4;3;0;0;1;14;0;0;0;0;0;0;0;0;0;0;0;0;0;100;0;0;1;80;0;0;0;0;0;0;0;0;0;0;0;0;1;7;0;0;0;0
26.10.2024;18:01;A 38;1;8;6;1;0;7;35;0;0;8;7;0;0;6;31;0;0;0;0;0;0;0;0;0;0;1;0;0;100;0;0;3;34;0;0;0;0;0;0;0;0;0;0;0;0;0;0;0;0;0;0
26.10.2024;18:00;A 38;1;5;4;0;0;4;18;0;0;5;4;0;0;4;19;0;0;0;0;0;0;0;0;0;0;1;0;0;100;0;0;1;3;0;0;0;0;0;0;0;0;0;0;0;0;0;0;0;0;0;0
26.10.2024;17:59;A 38;1;4;3;0;0;1;13;0;0;4;3;0;0;1;13;0;0;0;0;0;0;0;0;0;0;0;0;0;100;0;0;6;30;0;0;0;0;0;0;0;0;0;0;0;0;0;0;0;0;0;0
26.10.2024;17:58;A 38;1;10;38;3;19;7;64;2;6;9;8;3;2;5;38;3;10;0;0;0;0;0;0;0;0;1;0;0;100;0;0;1;50;0;0;0;0;0;0;0;0;1;5;1;6;0;0;0;0;0;0
26.10.2024;17:57;A 38;1;1;14;1;5;2;9;1;3;2;2;2;1;1;5;2;7;0;0;0;0;0;0;0;0;4;4;0;100;2;19;4;57;0;0;0;0;0;0;0;0;0;0;0;0;0;0;0;0;0;0
26.10.2024;17:56;A 38;1;6;8;0;0;4;25;0;0;5;8;1;0;3;30;1;2;0;67;0;0;0;0;0;0;0;0;0;100;1;37;3;67;0;0;0;0;0;0;0;0;0;0;0;0;0;0;0;0;0;0
26.10.2024;17:55;A 38;1;4;58;0;0;1;66;0;0;112;23;1;17;3;24;3;9;1;21;1;8;1;13;1;7;3;12;0;100;5;29;1;81;0;0;0;0;1;1;0;0;0;0;0;0;0;0;0;0;0;0
26.10.2024;17:54;A 38;1;5;17;2;2;4;33;3;8;76;11;1;0;3;15;1;2;0;0;0;100;0;0;0;0;1;0;0;100;0;0;0;100;0;0;0;0;0;0;0;0;0;0;0;0;1;7;0;0;0;0
26.10.2024;17:53;A 38;1;2;21;0;0;2;11;0;0;13;2;0;0;2;8;0;0;0;0;1;32;0;0;1;10;0;0;0;100;0;0;1;99;0;0;0;0;0;0;0;0;0;0;0;0;0;0;0;0;0;0
26.10.2024;17:52;A 38;1;6;4;1;0;4;17;0;0;20;5;1;0;4;16;1;1;0;0;0;0;0;0;0;0;2;1;0;100;1;5;4;21;0;0;0;0;0;0;0;0;0;0;0;0;0;0;0;0;0;0
26.10.2024;17:51;A 38;1;3;2;2;1;3;14;2;2;4;3;2;1;3;11;2;6;0;0;0;0;0;0;0;0;2;1;0;100;1;5;2;10;0;0;0;0;0;0;0;0;0;0;0;0;0;0;0;0;0;0
26.10.2024;17:50;A 38;1;3;2;0;0;3;13;0;0;9;3;0;0;2;11;0;0;0;0;0;0;0;0;0;0;2;0;0;100;0;0;4;29;0;0;0;0;0;0;0;0;0;0;0;0;0;0;0;0;0;0
26.10.2024;17:49;A 38;1;3;2;1;0;2;9;0;0;87;11;1;0;2;7;1;3;0;0;0;0;0;0;0;0;1;0;0;100;0;0;3;38;0;0;0;0;0;0;0;0;0;0;0;0;0;0;0;0;0;0
26.10.2024;17:48;A 38;1;7;5;0;0;5;22;0;0;215;32;1;0;4;25;0;0;0;0;0;0;0;0;0;0;0;0;0;100;0;0;2;17;0;0;0;0;0;0;0;0;0;0;0;0;0;0;0;0;0;0
26.10.2024;17:47;A 38;1;5;26;0;0;4;21;0;0;186;28;12;2;4;20;0;0;0;0;0;0;0;0;0;0;0;0;0;100;0;0;1;93;0;0;0;0;0;0;0;0;1;7;1;8;0;0;0;0;0;0
26.10.2024;17:46;A 38;1;3;2;1;0;2;12;1;1;27;4;2;1;2;8;1;6;0;0;1;0;0;0;0;0;4;2;0;100;2;13;1;83;0;0;0;0;0;0;0;0;0;0;0;0;1;7;0;0;0;0
26.10.2024;17:45;A 38;1;4;16;0;0;3;15;0;0;42;7;0;0;4;16;0;0;0;0;0;0;0;0;0;0;0;0;0;100;0;0;0;100;0;0;0;0;0;0;0;0;0;0;0;0;0;0;0;0;0;0
26.10.2024;17:44;A 38;1;3;2;1;0;4;14;1;0;4;2;1;0;3;12;1;2;0;0;0;0;0;0;0;0;1;0;0;100;0;0;3;26;0;0;0;0;0;0;0;0;0;0;0;0;0;0;0;0;0;0
26.10.2024;17:43;A 38;1;3;2;1;0;2;12;1;1;3;2;1;0;3;11;1;2;0;0;1;0;0;0;0;0;2;1;0;100;1;4;5;38;0;0;0;0;0;0;0;0;0;0;0;0;0;0;0;0;0;0
26.10.2024;17:42;A 38;1;7;5;1;0;4;23;0;0;8;5;1;0;3;24;1;3;0;0;0;0;0;0;0;0;2;0;0;100;0;0;4;18;0;0;0;0;0;0;0;0;0;0;0;0;0;0;0;0;0;0
26.10.2024;17:41;A 38;1;4;3;0;0;3;10;0;0;5;3;1;0;4;20;0;0;0;0;0;0;0;0;0;0;1;0;0;100;0;0;2;9;0;0;0;0;0;0;0;0;0;0;0;0;0;0;0;0;0;0
26.10.2024;17:40;A 38;1;8;6;0;0;8;30;0;0;6;4;1;0;7;24;0;0;0;0;0;0;0;0;0;0;1;0;0;100;0;0;3;42;0;0;0;0;0;0;0;0;0;0;0;0;0;0;0;0;0;0
26.10.2024;17:39;A 38;1;7;29;2;21;4;20;0;1;7;5;3;2;5;25;2;6;0;0;0;0;0;0;0;0;0;0;0;100;0;0;0;88;0;0;0;0;0;0;0;0;1;6;1;9;0;0;0;0;0;0
26.10.2024;17:38;A 38;1;4;36;0;0;4;43;1;1;3;2;0;0;1;13;0;0;0;0;0;0;0;0;0;0;0;0;0;100;0;0;3;41;0;0;0;0;0;0;0;0;0;0;0;0;0;0;0;0;0;0
26.10.2024;17:37;A 38;1;2;1;0;0;2;5;0;0;3;2;1;0;3;11;0;0;0;0;1;0;0;0;0;0;1;0;0;100;1;4;2;9;0;0;0;0;0;0;0;0;0;0;0;0;0;0;0;0;0;0
26.10.2024;17:36;A 38;1;2;1;0;0;2;5;0;0;1;0;0;0;1;2;0;0;0;0;0;0;0;0;0;0;3;1;0;100;1;8;4;29;0;0;0;0;0;0;0;0;0;0;0;0;0;0;0;0;0;0
26.10.2024;17:35;A 38;1;6;5;1;0;3;19;1;1;5;3;2;1;3;17;2;5;0;0;0;0;0;0;0;0;0;19;0;100;0;0;3;32;0;0;0;0;0;0;0;0;0;0;0;0;0;6;0;0;0;0
26.10.2024;17:34;A 38;1;2;3;1;20;2;11;1;5;3;2;2;1;2;11;1;7;0;0;0;0;0;0;0;0;1;52;0;100;1;20;2;29;0;0;0;0;0;0;0;0;0;0;0;0;1;1;0;0;0;0
26.10.2024;17:33;A 38;1;6;10;0;0;2;24;0;0;8;23;1;0;2;44;1;4;1;0;1;2;1;7;0;0;0;0;0;100;0;0;1;78;0;0;0;0;0;0;0;0;0;0;0;0;0;0;0;0;0;0
26.10.2024;17:32;A 38;1;5;4;0;0;3;17;0;0;4;3;0;0;2;11;0;0;0;0;0;0;0;0;1;10;0;0;0;100;0;0;4;28;0;0;0;0;0;0;0;0;0;0;0;0;0;0;0;0;0;0
26.10.2024;17:31;A 38;1;7;19;2;1;5;40;2;5;8;6;2;1;3;23;2;6;0;18;0;0;0;0;0;0;1;45;0;100;0;6;1;70;0;0;0;0;0;0;0;0;0;0;0;0;0;0;0;0;0;0
26.10.2024;17:30;A 38;1;8;7;1;0;3;28;1;2;18;8;13;3;5;34;1;2;1;17;0;0;1;13;0;0;0;0;0;100;1;2;2;41;0;0;0;0;0;0;0;0;1;8;1;8;0;0;0;0;0;0
26.10.2024;17:29;A 38;1;5;51;0;0;4;64;0;0;4;2;0;0;3;13;0;0;0;0;0;0;0;0;0;0;0;0;0;100;0;0;2;11;0;0;0;0;0;0;0;0;0;0;0;0;0;0;0;0;0;0
26.10.2024;17:28;A 38;1;2;11;0;0;2;7;0;0;3;2;0;0;3;13;0;0;0;0;0;0;0;0;0;0;1;0;0;100;0;0;2;19;0;0;0;0;0;0;0;0;0;0;0;0;0;0;0;0;0;0
26.10.2024;17:27;A 38;1;6;45;1;0;4;19;1;1;6;3;2;17;5;17;2;12;0;0;1;56;0;6;1;6;2;0;0;100;0;0;3;19;0;0;0;0;0;0;0;0;0;0;0;0;0;0;0;0;0;0
26.10.2024;17:26;A 38;1;7;5;1;0;7;23;1;0;28;10;1;0;5;30;1;2;0;0;0;0;1;0;1;3;4;1;0;100;2;5;6;53;0;0;0;0;0;0;0;0;0;0;0;0;0;0;0;0;0;0
26.10.2024;17:25;A 38;1;7;80;2;58;3;48;2;10;112;17;3;1;4;22;2;8;0;33;0;0;0;0;0;0;2;1;0;100;1;6;4;74;0;0;0;0;1;1;0;0;0;0;0;0;0;0;0;0;0;0
26.10.2024;17:24;A 38;1;5;3;0;0;6;17;0;0;59;10;0;0;5;20;0;0;1;70;0;0;1;8;0;0;0;0;0;100;0;0;3;70;0;0;0;0;0;0;0;0;0;0;0;0;1;7;0;0;0;0
26.10.2024;17:23;A 38;1;4;13;1;3;2;24;1;4;36;8;1;0;1;15;1;3;0;0;0;0;0;0;0;0;0;0;0;100;0;0;0;0;0;0;0;0;0;0;0;0;0;0;0;0;0;0;0;0;0;0
26.10.2024;17:22;A 38;1;6;19;0;10;5;26;0;0;14;7;1;2;3;29;2;5;0;0;0;0;0;0;0;0;1;0;0;100;0;0;3;14;0;0;0;0;0;0;0;0;0;0;0;0;0;0;0;0;0;0
26.10.2024;17:21;A 38;1;6;22;1;8;1;34;1;5;5;4;1;1;1;16;1;11;1;71;0;0;0;0;0;0;1;0;0;100;0;0;4;27;0;0;0;0;0;0;0;0;0;0;0;0;0;0;0;0;0;0
26.10.2024;17:20;A 38;1;5;3;0;0;7;16;0;0;6;4;0;0;5;20;0;0;0;0;0;0;1;6;1;12;0;0;0;100;0;0;3;24;0;0;0;0;0;0;0;0;0;0;0;0;0;0;0;0;0;0
26.10.2024;17:19;A 38;1;8;11;2;1;3;52;2;10;14;20;3;1;4;45;3;7;0;0;0;0;0;0;0;0;4;2;0;100;1;10;4;38;0;0;0;0;0;0;0;0;0;0;0;0;0;0;0;0;0;0
26.10.2024;17:18;A 38;1;8;7;0;0;6;39;0;0;10;8;0;0;6;45;0;0;1;83;1;0;1;7;1;3;0;34;0;100;0;0;1;10;0;0;0;0;0;0;0;0;1;5;1;6;0;0;0;0;0;0
26.10.2024;17:17;A 38;1;6;29;0;0;5;56;0;0;4;2;0;0;3;13;0;0;1;2;0;0;1;10;0;0;1;28;0;100;1;8;0;11;0;0;0;0;0;0;0;0;0;0;0;0;0;0;0;0;0;0
26.10.2024;17:16;A 38;1;6;5;0;0;4;14;0;0;10;9;0;0;4;33;0;0;0;0;0;0;0;0;0;0;2;1;0;100;1;5;0;100;0;0;0;0;0;0;0;0;0;0;0;0;1;8;0;0;0;0
26.10.2024;17:15;A 38;1;6;61;1;14;2;66;1;9;2;83;2;5;1;93;2;18;0;0;0;60;0;0;0;0;0;0;0;100;0;0;2;82;0;0;0;0;0;0;0;0;0;0;0;0;0;0;0;0;0;0
26.10.2024;17:14;A 38;1;8;8;1;0;5;34;1;2;9;7;2;0;4;33;1;2;0;0;1;9;0;0;1;13;0;0;0;100;0;0;3;27;0;0;0;0;0;0;0;0;0;0;0;0;0;0;0;0;0;0
26.10.2024;17:13;A 38;1;7;6;0;0;5;18;0;0;8;7;0;0;6;30;0;0;0;0;0;0;0;0;0;0;1;0;0;100;0;0;3;24;0;0;0;0;0;0;0;0;0;0;0;0;0;0;0;0;0;0
26.10.2024;17:12;A 38;1;4;61;1;49;2;82;1;5;3;2;2;1;3;13;1;3;0;0;0;0;0;0;0;0;2;0;0;100;0;0;4;75;0;0;0;0;0;0;0;0;0;0;0;0;0;0;0;0;0;0
26.10.2024;17:11;A 38;1;6;5;2;1;6;21;0;0;4;3;2;2;3;12;1;9;0;0;1;0;0;0;0;0;1;0;0;100;1;5;3;15;0;0;0;0;0;0;0;0;0;0;0;0;0;0;0;0;0;0
26.10.2024;17:10;A 38;1;3;2;0;0;2;9;0;0;3;2;0;0;2;11;0;0;0;0;0;0;0;0;0;0;0;0;0;100;0;0;2;22;0;0;0;0;0;0;0;0;0;0;0;0;0;0;0;0;0;0
26.10.2024;17:09;A 38;1;5;4;0;0;3;17;0;0;4;3;1;0;3;14;1;2;0;0;0;0;0;0;0;0;0;0;0;100;0;0;2;8;0;0;0;0;0;0;0;0;0;0;0;0;0;0;0;0;0;0
26.10.2024;17:08;A 38;1;10;8;0;0;8;30;0;0;19;12;1;0;6;43;0;0;0;0;0;0;0;0;0;0;1;9;0;100;1;4;2;43;0;0;0;0;0;0;0;0;1;6;0;0;0;0;0;0;0;0
26.10.2024;17:07;A 38;1;8;49;2;36;1;74;2;37;6;4;4;21;1;18;3;22;0;0;0;42;0;0;0;0;1;28;0;100;1;13;3;80;0;0;0;0;0;0;0;0;0;0;1;6;0;0;0;0;0;0
26.10.2024;17:06;A 38;1;2;1;0;0;1;6;0;0;30;4;0;0;1;6;0;0;0;0;3;43;0;0;1;11;0;0;0;100;0;0;1;98;0;0;0;0;0;0;0;0;0;0;0;0;1;6;0;0;0;0
26.10.2024;17:05;A 38;1;3;2;0;0;3;9;0;0;3;1;0;0;2;9;0;0;0;0;0;0;0;0;0;0;1;0;0;100;0;0;3;26;0;0;0;0;0;0;0;0;0;0;0;0;0;0;0;0;0;0
26.10.2024;17:04;A 38;1;3;2;0;0;3;9;0;0;3;2;0;0;3;10;0;0;0;0;0;0;0;0;0;0;1;0;0;100;0;0;2;17;0;0;0;0;0;0;0;0;0;0;0;0;0;0;0;0;0;0
26.10.2024;17:03;A 38;1;6;4;0;0;4;16;0;0;6;4;1;0;5;18;0;0;0;0;0;0;0;0;0;0;1;0;0;100;1;4;3;17;0;0;0;0;0;0;0;0;0;0;0;0;0;0;0;0;0;0
26.10.2024;17:02;A 38;1;5;3;1;0;3;16;1;0;5;4;1;0;5;21;1;2;0;0;0;0;0;0;0;0;0;0;0;100;0;0;2;14;0;0;0;0;0;0;0;0;0;0;0;0;0;0;0;0;0;0
26.10.2024;17:01;A 38;1;5;3;0;0;5;17;0;0;4;2;0;0;4;14;0;0;0;0;0;0;0;0;0;0;1;0;0;100;0;0;4;56;0;0;0;0;0;0;0;0;0;0;0;0;0;0;0;0;0;0
26.10.2024;17:00;A 38;1;6;4;0;0;6;18;0;0;6;4;0;0;4;21;0;0;0;0;0;0;0;0;0;0;5;1;0;100;0;0;6;37;0;0;0;0;0;0;0;0;0;0;0;0;0;0;0;0;0;0
26.10.2024;16:59;A 38;1;9;7;0;0;7;27;0;0;12;10;0;0;5;42;0;0;0;0;0;0;0;0;0;0;0;0;0;100;0;0;4;26;0;0;0;0;0;0;0;0;0;0;0;0;0;0;0;0;0;0
26.10.2024;16:58;A 38;1;8;59;1;28;1;80;1;9;7;5;1;0;4;23;1;4;0;0;0;0;0;0;0;0;1;0;0;100;0;0;1;97;0;0;0;0;0;0;0;0;1;5;3;6;0;0;0;0;0;0
26.10.2024;16:57;A 38;1;3;18;2;15;4;36;1;6;7;6;2;1;2;21;1;7;1;1;0;0;1;5;0;0;1;12;0;100;1;13;4;64;0;0;0;0;0;0;0;0;0;0;0;0;0;0;0;0;0;0
26.10.2024;16:56;A 38;1;8;55;0;0;3;74;0;0;5;5;0;0;3;22;0;0;0;0;1;0;0;0;0;0;3;2;0;100;2;11;0;97;0;0;0;0;0;0;0;0;0;0;0;0;0;0;0;0;0;0
26.10.2024;16:55;A 38;1;4;3;0;0;4;13;0;0;7;6;1;0;4;25;0;0;0;0;1;0;0;0;0;0;1;35;0;100;0;0;4;89;0;0;0;0;0;0;0;0;0;0;0;0;1;6;0;0;0;0
26.10.2024;16:54;A 38;1;4;6;0;0;3;60;0;0;5;13;0;0;3;19;0;0;0;58;0;0;0;0;0;0;1;43;0;100;1;6;1;66;0;0;0;0;0;0;0;0;0;0;0;0;0;0;0;0;0;0
26.10.2024;16:53;A 38;1;14;14;0;0;4;43;0;0;14;13;0;0;6;50;0;0;1;3;0;0;1;8;0;0;2;1;0;100;1;5;3;27;0;0;0;0;0;0;0;0;0;0;0;0;0;0;0;0;0;0
26.10.2024;16:52;A 38;1;2;61;0;0;1;73;0;0;1;1;1;1;1;6;1;5;1;3;1;26;0;0;2;10;3;1;0;100;1;4;3;89;0;0;0;0;0;0;0;0;0;0;0;0;0;0;0;0;0;0
26.10.2024;16:51;A 38;1;6;4;1;0;4;21;0;0;5;3;1;0;4;18;1;3;7;26;0;0;1;10;0;0;1;0;0;100;0;0;2;11;0;0;0;0;0;0;0;0;0;0;0;0;0;0;0;0;0;0
26.10.2024;16:50;A 38;1;3;2;0;0;3;10;0;0;3;3;1;0;3;13;0;0;0;0;0;0;0;0;0;0;1;0;0;100;0;0;2;12;0;0;0;0;0;0;0;0;0;0;0;0;0;0;0;0;0;0
26.10.2024;16:49;A 38;1;9;8;0;0;3;28;0;0;9;6;1;0;4;31;0;0;0;0;0;0;0;0;0;0;0;0;0;100;0;0;4;21;0;0;0;0;0;0;0;0;0;0;0;0;0;0;0;0;0;0
26.10.2024;16:48;A 38;1;5;4;1;0;5;17;0;0;7;5;3;1;5;21;1;6;0;0;0;0;0;0;0;0;0;0;0;100;0;0;4;46;0;0;0;0;0;0;0;0;1;5;1;7;0;0;0;0;0;0
26.10.2024;16:47;A 38;1;2;36;1;6;2;43;1;7;0;0;0;0;1;1;1;1;0;0;0;0;0;0;0;0;0;0;0;100;0;0;2;18;0;0;0;0;0;0;0;0;0;0;0;0;0;0;0;0;0;0
26.10.2024;16:46;A 38;1;6;4;0;0;6;17;0;0;6;4;0;0;5;21;0;0;0;0;0;0;0;0;0;0;0;0;0;100;0;0;1;4;0;0;0;0;0;0;0;0;0;0;0;0;0;0;0;0;0;0
26.10.2024;16:45;A 38;1;7;6;1;0;6;28;1;2;10;9;1;0;8;40;1;2;0;0;0;0;0;0;0;0;1;0;0;100;0;0;2;17;0;0;0;0;0;0;0;0;0;0;0;0;0;0;0;0;0;0
26.10.2024;16:44;A 38;1;3;32;0;0;2;42;0;0;1;0;1;8;3;10;1;3;0;44;0;0;0;0;0;0;3;1;0;100;1;10;3;24;0;0;0;0;0;0;0;0;0;0;0;0;0;0;0;0;0;0
26.10.2024;16:43;A 38;1;6;4;0;0;5;21;0;0;6;5;0;0;4;24;0;0;1;2;0;0;1;12;0;0;5;3;0;100;3;14;0;100;0;0;0;0;0;0;0;0;0;0;0;0;1;7;0;0;0;0
26.10.2024;16:42;A 38;1;13;42;0;0;7;77;0;0;13;43;2;0;7;47;1;3;0;0;0;0;0;0;0;0;0;0;0;100;0;0;0;100;0;0;0;0;0;0;0;0;0;0;0;0;0;0;0;0;0;0
26.10.2024;16:41;A 38;1;6;29;1;6;5;51;1;6;6;27;1;0;5;34;1;3;0;0;0;0;0;0;0;0;0;0;0;100;0;0;3;68;0;0;0;0;0;0;0;0;0;0;0;0;0;0;0;0;0;0
26.10.2024;16:40;A 38;1;1;0;0;0;1;2;0;0;2;1;0;0;1;5;0;0;1;33;0;0;1;8;0;0;0;0;0;100;0;0;2;41;0;0;0;0;0;0;0;0;0;0;0;0;0;0;0;0;0;0
26.10.2024;16:39;A 38;1;11;24;1;3;2;60;2;5;23;11;13;2;3;38;1;3;0;0;0;0;0;0;0;0;1;0;0;100;0;0;2;82;0;0;0;0;0;0;0;0;1;6;4;6;0;0;0;0;0;0
26.10.2024;16:38;A 38;1;1;0;0;0;1;3;0;0;3;1;0;0;2;7;0;0;0;0;0;0;0;0;0;0;1;0;0;100;0;0;3;22;0;0;0;0;0;0;0;0;0;0;0;0;0;0;0;0;0;0
26.10.2024;16:37;A 38;1;2;31;0;0;2;9;0;0;2;7;0;0;2;21;0;0;0;37;0;0;0;0;0;0;1;0;0;100;1;5;3;78;0;0;0;0;0;0;0;0;0;0;0;0;0;0;0;0;0;0
26.10.2024;16:36;A 38;1;2;1;0;0;1;7;0;0;3;2;0;0;3;11;0;0;1;0;0;0;1;12;1;0;1;0;0;100;0;0;3;33;0;0;0;0;0;0;0;0;0;0;0;0;0;0;0;0;0;0
26.10.2024;16:35;A 38;1;7;6;0;0;6;22;0;0;6;5;1;0;4;21;0;0;0;0;0;0;0;0;0;0;2;1;0;100;1;5;4;23;0;0;0;0;0;0;0;0;0;0;0;0;0;0;0;0;0;0
26.10.2024;16:34;A 38;1;5;51;0;47;1;56;0;0;6;5;2;17;3;20;2;24;0;0;0;3;0;0;0;0;1;0;0;100;0;0;4;22;0;0;0;0;0;0;0;0;0;0;0;0;0;0;0;0;0;0
26.10.2024;16:33;A 38;1;2;8;1;7;2;11;1;5;3;2;0;0;1;11;0;0;0;0;0;100;0;0;0;0;1;0;0;100;1;5;1;86;0;0;0;0;0;0;0;0;0;0;0;0;1;7;0;0;0;0
26.10.2024;16:32;A 38;1;7;42;1;31;5;57;1;4;5;47;1;1;3;21;1;6;0;0;1;71;0;0;1;10;0;0;0;100;1;11;2;70;0;0;0;0;0;0;0;0;0;0;0;0;0;0;0;0;0;0
26.10.2024;16:31;A 38;1;3;2;0;0;3;17;0;0;4;8;0;0;3;18;0;0;0;0;0;0;0;0;0;0;0;0;0;100;0;0;1;9;0;0;0;0;0;0;0;0;0;0;0;0;0;0;0;0;0;0
26.10.2024;16:30;A 38;1;6;5;0;0;6;21;0;0;5;4;0;0;5;21;0;0;0;0;0;0;0;0;0;0;0;0;0;100;0;0;2;18;0;0;0;0;0;0;0;0;0;0;0;0;0;0;0;0;0;0
26.10.2024;16:29;A 38;1;3;2;1;0;3;10;1;1;3;2;1;0;3;12;1;2;0;0;0;0;0;0;0;0;0;0;0;100;0;0;2;15;0;0;0;0;0;0;0;0;0;0;0;0;0;0;0;0;0;0
26.10.2024;16:28;A 38;1;6;39;0;0;3;51;0;0;7;6;0;0;4;26;0;0;0;0;0;0;0;0;0;0;1;62;0;100;0;63;1;9;0;0;0;0;0;0;0;0;1;7;1;14;0;0;0;0;0;0
26.10.2024;16:27;A 38;1;2;22;0;0;3;15;0;0;1;0;0;0;1;2;0;0;0;0;1;0;0;0;0;0;2;21;0;100;2;33;2;66;0;0;0;0;0;0;0;0;0;0;0;0;1;7;0;0;0;0
26.10.2024;16:26;A 38;1;1;45;0;0;1;7;0;0;2;4;2;1;2;18;2;6;1;16;0;0;1;8;0;0;1;0;0;100;1;3;2;66;0;0;0;0;0;0;0;0;0;0;0;0;0;0;0;0;0;0
26.10.2024;16:25;A 38;1;11;10;0;0;6;34;0;0;10;7;0;0;4;40;3;3;0;0;0;0;0;0;0;0;0;0;0;100;0;0;3;17;0;0;0;0;0;0;0;0;0;0;0;0;0;0;0;0;0;0
26.10.2024;16:24;A 38;1;0;0;0;0;1;4;0;0;0;0;0;0;0;0;0;0;0;0;0;0;0;0;0;0;1;0;0;100;1;5;4;17;0;0;0;0;0;0;0;0;0;0;0;0;0;0;0;0;0;0
26.10.2024;16:23;A 38;1;2;1;0;0;2;7;0;0;2;1;1;0;2;9;1;0;0;0;0;0;0;0;0;0;2;0;0;100;0;0;5;41;0;0;0;0;0;0;0;0;0;0;0;0;0;0;0;0;0;0
26.10.2024;16:22;A 38;1;4;61;1;1;2;53;1;3;5;12;2;2;2;32;2;9;1;21;0;0;1;8;0;0;0;0;0;100;0;0;0;81;0;0;0;0;0;0;0;0;0;0;0;0;0;0;0;0;0;0
26.10.2024;16:21;A 38;1;4;2;0;0;4;11;0;0;7;3;0;0;4;12;0;0;1;98;0;0;0;1;0;0;1;0;0;100;0;0;3;31;0;0;0;0;0;0;0;0;0;0;0;0;0;0;0;0;0;0
26.10.2024;16:20;A 38;1;4;3;0;0;4;15;0;0;6;3;0;0;4;15;0;0;0;0;0;0;1;12;0;0;0;0;0;100;0;0;3;36;0;0;0;0;0;0;0;0;0;0;0;0;0;0;0;0;0;0
26.10.2024;16:19;A 38;1;8;26;1;0;3;43;2;1;21;34;3;1;3;58;2;5;0;0;0;0;0;0;0;0;0;0;0;100;0;0;0;100;0;0;0;0;0;0;0;0;0;0;0;0;1;6;0;0;0;0
26.10.2024;16:18;A 38;1;5;42;0;0;3;60;0;0;73;12;0;0;4;22;1;4;1;9;1;54;2;10;1;7;1;0;0;100;0;0;3;41;0;0;0;0;0;0;0;0;1;6;2;6;0;0;0;0;0;0
26.10.2024;16:17;A 38;1;5;7;0;0;4;33;0;0;8;2;0;0;2;10;0;0;0;0;0;0;0;0;0;0;0;0;0;100;0;0;4;18;0;0;0;0;0;0;0;0;0;0;0;0;0;0;0;0;0;0
26.10.2024;16:16;A 38;1;2;3;1;1;1;16;1;3;45;18;1;0;4;28;1;4;0;35;0;0;0;0;0;0;0;0;0;100;0;0;2;82;0;0;0;0;0;0;0;0;0;0;0;0;0;0;0;0;0;0
26.10.2024;16:15;A 38;1;4;3;0;0;3;12;0;0;4;3;0;0;4;15;0;0;1;71;0;0;1;8;0;0;0;0;0;100;0;0;4;22;0;0;0;0;0;0;0;0;0;0;0;0;0;0;0;0;0;0
26.10.2024;16:14;A 38;1;5;53;0;0;6;26;0;0;5;12;0;0;4;33;0;0;0;20;0;0;0;0;0;0;2;0;0;100;1;5;3;15;0;0;0;0;0;0;0;0;0;0;0;0;0;0;0;0;0;0
26.10.2024;16:13;A 38;1;8;6;0;0;6;22;0;0;9;7;1;0;5;28;1;2;1;24;0;0;1;8;1;4;0;0;0;100;0;0;6;30;0;0;0;0;0;0;0;0;0;0;0;0;0;0;0;0;0;0
26.10.2024;16:12;A 38;1;13;17;0;0;6;64;0;0;11;18;0;0;4;44;0;0;0;0;0;0;0;0;0;0;1;0;0;100;1;4;3;47;0;0;0;0;1;3;0;0;0;0;0;0;0;0;0;0;0;0
26.10.2024;16:11;A 38;1;6;9;0;0;2;29;0;0;9;13;0;0;3;39;0;0;0;0;1;34;0;0;1;9;1;0;0;100;2;3;3;72;0;0;0;0;0;0;0;0;0;0;0;0;0;0;0;0;0;0
26.10.2024;16:10;A 38;1;4;65;0;0;4;81;0;0;41;24;0;0;3;18;0;0;1;50;1;0;0;1;0;0;1;0;0;100;1;5;5;32;0;0;0;0;0;0;0;0;0;0;0;0;0;0;0;0;0;0
26.10.2024;16:09;A 38;1;3;2;1;0;3;9;0;0;72;9;0;0;3;10;0;0;0;0;0;0;1;8;0;0;4;1;0;100;2;9;3;32;0;0;0;0;0;0;0;0;0;0;0;0;0;0;0;0;0;0
26.10.2024;16:08;A 38;1;12;28;0;0;5;58;0;0;93;28;11;2;6;63;0;0;0;0;0;0;0;0;0;0;5;3;0;100;2;16;0;98;0;0;0;0;0;0;0;0;1;6;4;10;0;0;0;0;0;0
26.10.2024;16:07;A 38;1;5;49;0;0;4;68;0;0;32;7;0;0;3;15;0;0;1;21;0;0;1;8;0;0;1;0;0;100;0;0;3;47;0;0;0;0;0;0;0;0;0;0;0;0;0;0;0;0;0;0
26.10.2024;16:06;A 38;1;4;32;0;0;3;19;0;0;4;3;0;0;3;18;0;0;0;0;0;0;0;0;0;0;1;0;0;100;0;0;3;68;0;0;1;1;0;0;0;0;0;0;0;0;0;0;0;0;0;0
26.10.2024;16:05;A 38;1;1;0;0;0;1;2;0;0;3;2;0;0;1;9;0;0;0;0;0;0;0;0;0;0;1;0;0;100;0;0;2;85;0;0;0;0;0;0;0;0;0;0;0;0;1;5;0;0;0;0
26.10.2024;16:04;A 38;1;8;9;1;1;4;35;1;4;6;5;1;0;4;22;1;4;0;0;0;0;0;0;0;0;0;0;0;100;0;0;2;72;0;0;1;1;0;0;1;1;0;0;0;0;0;0;0;0;0;0
26.10.2024;16:03;A 38;1;7;6;0;0;4;26;0;0;7;6;0;0;5;25;0;0;0;0;0;0;0;0;0;0;0;0;0;100;0;0;3;17;0;0;0;0;0;0;0;0;0;0;0;0;0;0;0;0;0;0
26.10.2024;16:02;A 38;1;3;52;0;0;2;33;0;0;4;17;0;0;2;25;0;0;0;34;0;0;0;0;0;0;0;0;0;100;0;0;1;80;0;0;0;0;0;0;0;0;0;0;0;0;0;0;0;0;0;0
26.10.2024;16:01;A 38;1;8;5;2;0;6;22;1;0;6;4;2;1;6;21;2;5;1;20;0;0;1;8;0;0;4;1;0;100;1;3;5;56;0;0;0;0;0;0;0;0;0;0;0;0;0;0;0;0;0;0
26.10.2024;16:00;A 38;1;3;3;1;0;3;14;0;0;3;2;1;0;3;13;1;2;0;0;0;0;0;0;0;0;0;0;0;100;0;0;3;14;0;0;0;0;0;0;0;0;0;0;0;0;0;0;0;0;0;0
26.10.2024;15:59;A 38;1;6;50;1;48;3;68;1;38;8;15;2;1;5;39;1;7;0;4;0;0;0;0;0;0;0;0;0;100;0;0;3;23;0;0;0;0;0;0;0;0;0;0;0;0;0;0;0;0;0;0
26.10.2024;15:58;A 38;1;9;16;1;3;5;45;1;5;13;10;5;1;4;40;0;3;1;23;0;0;2;11;0;0;1;0;0;100;1;14;0;58;0;0;0;0;0;0;0;0;1;7;4;7;0;0;0;0;0;0
26.10.2024;15:57;A 38;1;7;57;1;41;1;79;1;5;5;55;0;0;2;19;1;1;0;0;0;0;0;0;0;0;0;0;0;100;1;2;2;57;0;0;0;0;0;0;0;0;0;0;0;0;0;0;0;0;0;0
26.10.2024;15:56;A 38;1;2;2;0;0;3;9;0;0;3;2;0;0;3;10;0;0;0;0;0;0;0;0;0;0;1;0;0;100;0;0;4;25;0;0;0;0;0;0;0;0;0;0;0;0;0;0;0;0;0;0
26.10.2024;15:55;A 38;1;3;1;0;0;3;11;0;0;2;1;0;0;2;7;0;0;0;0;0;0;0;0;0;0;0;0;0;100;0;0;2;12;0;0;0;0;0;0;0;0;0;0;0;0;0;0;0;0;0;0
26.10.2024;15:54;A 38;1;1;0;0;0;1;2;0;0;17;2;0;0;1;2;0;0;0;0;0;0;0;0;0;0;1;0;0;100;1;5;3;22;0;0;0;0;0;0;0;0;0;0;0;0;0;0;0;0;0;0
26.10.2024;15:53;A 38;1;3;4;0;0;2;12;0;0;70;10;1;0;3;16;0;0;0;0;0;0;0;0;0;0;1;0;0;100;1;4;1;88;0;0;0;0;0;0;0;0;0;0;0;0;1;8;0;0;0;0
26.10.2024;15:52;A 38;1;7;50;0;0;3;72;0;0;58;14;0;0;3;23;1;1;0;0;1;26;0;0;1;11;0;0;0;100;0;0;4;39;0;0;0;0;0;0;0;0;0;0;0;0;0;0;0;0;0;0
26.10.2024;15:51;A 38;1;7;6;1;14;3;18;0;13;9;6;4;1;4;21;2;5;0;0;0;0;0;0;0;0;1;0;0;100;0;0;2;23;0;0;0;0;0;0;0;0;0;0;0;0;0;0;0;0;0;0
26.10.2024;15:50;A 38;1;3;2;1;24;2;11;2;14;2;8;1;3;1;14;1;7;1;1;0;15;1;7;0;0;0;0;0;100;0;0;2;20;0;0;0;0;0;0;0;0;0;0;0;0;0;0;0;0;0;0
26.10.2024;15:49;A 38;1;10;8;3;1;6;33;0;0;7;6;4;2;5;27;2;6;0;0;1;41;1;5;1;2;3;2;0;100;1;11;3;37;0;0;0;0;0;0;0;0;0;0;0;0;0;0;0;0;0;0
26.10.2024;15:48;A 38;1;11;14;2;0;4;43;1;1;39;9;9;2;2;24;1;4;0;0;0;0;0;0;0;0;2;5;0;100;1;9;2;94;0;0;0;0;0;0;0;0;1;6;5;4;1;4;0;0;0;0
26.10.2024;15:47;A 38;1;1;0;0;0;1;3;0;0;6;1;0;0;2;3;0;0;0;0;0;0;0;0;0;0;0;0;0;100;0;0;1;8;0;0;0;0;0;0;0;0;0;0;0;0;0;0;0;0;0;0
26.10.2024;15:46;A 38;1;3;2;1;0;3;12;1;0;3;2;1;0;3;11;1;3;0;0;0;0;0;0;0;0;1;0;0;100;0;0;3;76;0;0;0;0;0;0;0;0;0;0;0;0;0;0;0;0;0;0
26.10.2024;15:45;A 38;1;9;6;1;0;4;26;1;0;8;5;1;0;5;26;1;2;0;0;1;0;0;0;0;0;3;1;0;100;2;9;2;32;0;0;0;0;0;0;0;0;0;0;0;0;0;0;0;0;0;0
26.10.2024;15:44;A 38;1;1;0;0;0;2;4;0;0;159;18;0;0;1;3;0;0;0;0;0;0;0;0;0;0;0;0;0;100;0;0;4;25;0;0;0;0;0;0;0;0;0;0;0;0;0;0;0;0;0;0
26.10.2024;15:43;A 38;1;2;1;0;0;2;6;0;0;51;6;0;0;2;6;0;0;0;0;0;0;0;0;0;0;2;1;0;100;1;5;4;53;0;0;0;0;0;0;0;0;0;0;0;0;0;0;0;0;0;0
26.10.2024;15:42;A 38;1;7;6;0;0;5;25;0;0;7;5;1;0;5;23;1;0;0;0;0;0;0;0;0;0;2;1;0;100;1;22;0;66;0;0;0;0;0;0;0;0;0;0;0;0;1;7;0;0;0;0
26.10.2024;15:41;A 38;1;5;5;0;0;4;20;0;0;27;6;1;2;2;19;1;6;0;0;0;19;0;0;0;0;0;0;0;100;0;0;0;100;0;0;0;0;0;0;0;0;0;0;0;0;0;0;0;0;0;0
26.10.2024;15:40;A 38;1;4;3;0;0;4;14;0;0;5;4;1;0;5;19;0;0;0;0;1;22;0;0;1;9;0;0;0;100;0;0;3;13;0;0;0;0;0;0;0;0;0;0;0;0;0;0;0;0;0;0
26.10.2024;15:39;A 38;1;4;4;0;0;4;15;0;0;17;8;4;0;2;22;0;0;0;0;0;0;0;0;0;0;2;22;0;100;2;31;3;57;0;0;0;0;0;0;0;0;1;7;2;1;0;0;0;0;0;0
26.10.2024;15:38;A 38;1;8;54;0;0;1;85;0;0;9;4;0;0;2;20;0;0;0;0;0;0;0;0;0;0;1;56;0;100;2;20;2;50;0;0;0;0;0;0;0;0;0;0;3;4;0;0;0;0;0;0
26.10.2024;15:37;A 38;1;7;6;0;0;6;24;0;0;7;5;1;0;5;23;1;1;0;0;0;0;0;0;0;0;3;2;0;100;3;15;4;52;0;0;0;0;0;0;0;0;0;0;0;0;0;0;0;0;0;0
26.10.2024;15:36;A 38;1;4;2;1;0;2;11;0;0;3;2;1;0;2;10;1;3;0;0;0;0;0;0;0;0;0;22;0;100;0;0;0;61;0;0;0;0;0;0;0;0;0;0;0;0;1;6;0;0;0;0
26.10.2024;15:35;A 38;1;0;47;0;0;0;0;0;0;1;1;0;0;1;5;0;0;0;0;0;0;0;0;0;0;1;87;0;100;1;8;2;82;0;0;0;0;0;0;0;0;0;0;0;0;0;0;0;0;0;0
26.10.2024;15:34;A 38;1;9;7;1;0;4;29;1;1;8;5;2;1;4;23;2;5;0;0;0;0;0;0;0;0;1;0;0;100;0;0;2;10;0;0;0;0;0;0;0;0;0;0;0;0;0;0;0;0;0;0
26.10.2024;15:33;A 38;1;3;64;1;0;1;81;1;1;4;3;1;0;5;17;1;3;0;0;0;0;0;0;0;0;1;40;0;100;1;12;1;5;0;0;0;0;0;0;0;0;0;0;0;0;0;0;0;0;0;0
26.10.2024;15:32;A 38;1;6;4;0;0;4;24;0;0;5;3;0;0;3;16;0;0;0;0;1;0;0;0;0;0;1;0;0;100;1;3;3;23;0;0;0;0;0;0;0;0;0;0;0;0;0;0;0;0;0;0
26.10.2024;15:31;A 38;1;2;1;0;0;1;4;0;0;2;1;0;0;2;7;0;0;0;0;0;0;0;0;0;0;1;0;0;100;0;0;7;19;0;0;0;0;0;0;0;0;0;0;0;0;0;0;0;0;0;0
26.10.2024;15:30;A 38;1;7;6;0;0;5;26;0;0;8;6;0;0;5;26;0;0;0;0;0;0;0;0;0;0;4;1;0;100;1;6;4;35;0;0;0;0;0;0;0;0;0;0;0;0;0;0;0;0;0;0
26.10.2024;15:29;A 38;1;4;2;0;0;4;12;0;0;3;2;0;0;3;11;0;0;0;0;0;0;0;0;0;0;3;1;0;100;1;5;6;61;0;0;0;0;0;0;0;0;0;0;0;0;0;0;0;0;0;0
26.10.2024;15:28;A 38;1;0;0;0;0;0;0;0;0;0;0;0;0;0;0;0;0;0;0;0;0;0;0;0;0;0;0;0;100;0;0;0;90;0;0;0;0;0;0;0;0;1;5;1;6;0;0;0;0;0;0
26.10.2024;15:27;A 38;1;2;16;2;10;1;22;2;7;2;1;2;1;1;8;1;6;0;0;0;0;0;0;0;0;0;0;0;100;0;0;1;78;0;0;0;0;0;0;0;0;0;0;0;0;0;0;0;0;0;0
26.10.2024;15:26;A 38;1;7;5;0;0;5;19;0;0;7;4;0;0;6;24;0;0;0;0;0;0;0;0;1;0;0;0;0;100;0;0;4;28;0;0;0;0;0;0;0;0;0;0;0;0;0;0;0;0;0;0
26.10.2024;15:25;A 38;1;4;2;0;0;5;17;0;0;190;22;1;0;4;14;0;0;0;0;0;0;0;0;0;0;1;0;0;100;2;4;2;63;0;0;0;0;0;0;0;0;0;0;0;0;0;0;0;0;0;0
26.10.2024;15:24;A 38;1;5;15;1;0;3;17;0;0;8;4;1;0;4;19;1;3;0;0;0;0;0;0;0;0;0;0;0;100;0;0;0;100;0;0;0;0;0;0;0;0;0;0;0;0;1;5;0;0;0;0
26.10.2024;15:23;A 38;1;1;20;0;0;1;6;0;0;0;0;0;0;0;0;0;0;0;0;1;0;0;0;0;0;3;1;0;100;1;3;3;54;0;0;0;0;0;0;0;0;0;0;0;0;0;0;0;0;0;0
26.10.2024;15:22;A 38;1;1;0;0;0;1;2;0;0;1;0;0;0;1;3;0;0;0;0;0;0;0;0;0;0;0;0;0;100;0;0;2;11;0;0;0;0;0;0;0;0;0;0;0;0;0;0;0;0;0;0
26.10.2024;15:21;A 38;1;8;5;0;0;7;23;0;0;8;5;0;0;7;26;0;0;0;0;0;0;0;0;0;0;2;1;0;100;2;12;3;30;0;0;0;0;0;0;0;0;0;0;0;0;0;0;0;0;0;0
26.10.2024;15:20;A 38;1;6;4;0;0;6;17;0;0;6;4;0;0;5;20;0;0;0;0;0;0;0;0;0;0;0;0;0;100;0;0;1;6;0;0;0;0;0;0;0;0;0;0;0;0;0;0;0;0;0;0
26.10.2024;15:19;A 38;1;9;8;0;0;3;28;0;0;11;8;0;0;4;36;0;0;0;0;0;0;0;0;0;0;0;0;0;100;0;0;2;9;0;0;0;0;0;0;0;0;0;0;0;0;0;0;0;0;0;0
26.10.2024;15:18;A 38;1;11;12;1;0;4;38;0;0;10;9;2;5;3;36;2;9;0;0;0;0;0;0;0;0;3;1;0;100;2;9;3;66;0;0;0;0;0;0;0;0;1;6;1;6;0;0;0;0;0;0
26.10.2024;15:17;A 38;1;6;68;2;55;1;89;2;7;6;5;2;1;5;24;2;12;1;59;0;0;1;9;0;0;1;0;0;100;1;4;5;57;0;0;0;0;0;0;0;0;0;0;0;0;0;0;0;0;0;0
26.10.2024;15:16;A 38;1;5;4;0;0;5;20;0;0;5;3;0;0;4;17;0;0;0;0;0;0;0;0;0;0;3;1;0;100;1;4;4;30;0;0;0;0;0;0;0;0;0;0;0;0;0;0;0;0;0;0
26.10.2024;15:15;A 38;1;6;5;1;0;4;21;0;0;4;3;1;0;4;17;1;3;0;0;0;0;0;0;0;0;3;1;0;100;1;5;2;66;0;0;0;0;0;0;0;0;0;0;0;0;0;0;0;0;0;0
26.10.2024;15:14;A 38;1;11;34;1;1;3;60;1;5;11;10;1;0;2;36;1;4;0;0;0;0;0;0;0;0;0;0;0;100;0;0;1;89;0;0;0;0;0;0;0;0;0;0;0;0;1;8;0;0;0;0
26.10.2024;15:13;A 38;1;7;6;1;0;4;23;0;0;7;5;0;0;6;25;0;0;0;0;0;0;0;0;0;0;0;0;0;100;0;0;0;8;0;0;0;0;0;0;0;0;0;0;0;0;0;0;0;0;0;0
26.10.2024;15:12;A 38;1;5;4;0;0;4;17;0;0;4;2;1;0;4;12;1;1;0;0;0;0;0;0;0;0;2;0;0;100;1;2;3;42;0;0;0;0;0;0;0;0;0;0;0;0;0;0;0;0;0;0
26.10.2024;15:11;A 38;1;4;3;0;0;2;13;0;0;4;3;0;0;2;13;0;0;0;0;0;0;0;0;0;0;0;0;0;100;0;0;2;10;0;0;0;0;0;0;0;0;0;0;0;0;0;0;0;0;0;0
26.10.2024;15:10;A 38;1;4;3;0;0;3;12;0;0;4;3;0;0;4;14;0;0;0;0;0;0;0;0;0;0;0;0;0;100;0;0;2;13;0;0;0;0;0;0;0;0;0;0;0;0;0;0;0;0;0;0
26.10.2024;15:09;A 38;1;11;7;1;0;10;31;0;0;12;8;2;1;8;38;1;3;0;0;0;0;0;0;0;0;0;0;0;100;1;2;1;16;0;0;0;0;0;0;0;0;0;0;0;0;0;0;0;0;0;0
26.10.2024;15:08;A 38;1;9;19;0;0;6;43;0;0;8;5;3;0;6;28;1;1;0;0;0;0;0;0;0;0;1;61;0;100;1;9;0;100;0;0;0;0;0;0;0;0;1;6;1;6;0;0;0;0;0;0
26.10.2024;15:07;A 38;1;8;34;0;0;4;56;0;0;5;4;2;1;4;17;2;5;0;0;0;9;0;0;0;0;1;0;0;100;0;0;1;73;0;0;0;0;0;0;0;0;0;0;0;0;0;0;0;0;0;0
26.10.2024;15:06;A 38;1;4;3;0;0;2;15;0;0;5;4;0;0;3;17;0;0;0;0;1;23;0;0;1;11;2;0;0;100;0;0;4;49;0;0;0;0;0;0;0;0;0;0;0;0;0;0;0;0;0;0
26.10.2024;15:05;A 38;1;4;72;0;0;4;18;0;0;4;15;0;0;3;34;0;0;0;34;0;0;0;0;0;0;0;0;0;100;0;0;4;32;0;0;0;0;0;0;0;0;0;0;0;0;0;0;0;0;0;0
26.10.2024;15:04;A 38;1;9;7;0;0;7;29;0;0;9;7;0;0;7;32;0;0;0;100;0;0;0;0;0;0;0;0;0;100;0;0;2;10;0;0;0;0;0;0;0;0;0;0;0;0;0;0;0;0;0;0
26.10.2024;15:03;A 38;1;5;6;0;0;2;16;0;0;8;7;0;0;2;27;0;0;1;5;0;0;1;8;0;0;1;3;0;100;1;12;4;29;0;0;0;0;0;0;0;0;0;0;0;0;1;7;0;0;0;0
26.10.2024;15:02;A 38;1;3;42;0;0;1;54;0;0;0;0;0;0;0;0;0;0;0;0;0;0;0;0;0;0;0;0;0;100;0;0;2;15;0;0;0;0;0;0;0;0;0;0;0;0;0;0;0;0;0;0
26.10.2024;15:01;A 38;1;6;4;0;0;3;17;0;0;6;4;0;0;3;18;0;0;0;0;0;0;0;0;0;0;1;0;0;100;1;4;4;23;0;0;0;0;0;0;0;0;0;0;0;0;0;0;0;0;0;0
26.10.2024;15:00;A 38;1;6;4;0;0;4;17;0;0;6;4;0;0;4;19;0;0;0;0;0;0;0;0;0;0;1;0;0;100;1;5;4;27;0;0;0;0;0;0;0;0;0;0;0;0;0;0;0;0;0;0
26.10.2024;14:59;A 38;1;9;6;1;0;6;29;0;0;10;7;2;1;7;32;2;6;0;0;0;0;0;0;0;0;0;0;0;100;1;0;5;32;0;0;0;0;0;0;0;0;0;0;0;0;0;0;0;0;0;0
26.10.2024;14:58;A 38;1;4;43;1;1;2;55;1;5;3;4;1;0;2;21;1;3;0;40;0;0;0;0;0;0;2;0;0;100;0;0;1;91;0;0;0;0;0;0;0;0;0;0;0;0;0;0;0;0;0;0
26.10.2024;14:57;A 38;1;1;0;0;0;2;2;0;0;1;1;1;11;1;4;1;11;1;2;0;18;1;11;0;0;1;1;0;100;1;8;0;100;0;0;0;0;0;0;0;0;1;5;1;6;0;0;0;0;0;0
26.10.2024;14:56;A 38;1;1;59;2;43;1;12;2;15;22;13;2;10;3;28;2;12;1;37;1;57;1;12;1;11;1;0;0;100;2;7;2;94;0;0;0;0;0;0;0;0;0;0;0;0;0;0;0;0;0;0
26.10.2024;14:55;A 38;1;5;3;1;1;6;16;1;3;32;6;1;0;5;19;1;4;1;88;1;39;1;7;1;10;0;0;0;100;0;0;1;96;0;0;0;0;0;0;0;0;0;0;0;0;1;6;0;0;0;0
26.10.2024;14:54;A 38;1;3;15;0;0;3;10;0;0;3;2;0;0;2;10;0;0;0;0;0;0;0;0;0;0;2;0;0;100;1;5;4;45;0;0;0;0;0;0;0;0;0;0;0;0;0;0;0;0;0;0
26.10.2024;14:53;A 38;1;11;9;1;0;8;36;2;1;9;8;2;1;6;36;3;3;0;0;0;0;0;0;0;0;2;0;0;100;0;0;6;44;0;0;0;0;0;0;0;0;0;0;0;0;0;0;0;0;0;0
26.10.2024;14:52;A 38;1;7;4;1;0;4;18;1;1;9;6;1;0;4;26;1;1;0;0;0;0;0;0;0;0;1;0;0;100;0;0;1;27;0;0;0;0;0;0;0;0;0;0;0;0;0;0;0;0;0;0
26.10.2024;14:51;A 38;1;5;32;0;0;5;53;0;0;6;18;1;0;4;41;0;0;3;34;0;0;0;40;0;0;2;34;0;100;2;16;4;38;0;0;0;0;0;0;0;0;0;0;0;0;0;0;0;0;0;0
26.10.2024;14:50;A 38;1;5;68;1;0;1;57;1;2;7;8;1;49;2;31;1;3;1;33;0;0;1;19;1;5;0;0;0;100;0;0;4;80;0;0;0;0;0;0;0;0;0;0;0;0;0;0;0;0;0;0
26.10.2024;14:49;A 38;1;16;20;1;0;6;55;0;0;16;14;3;3;6;56;2;8;1;49;0;0;1;8;0;0;0;0;0;100;0;0;4;31;0;0;0;0;0;0;0;0;1;5;1;6;0;0;0;0;0;0
26.10.2024;14:48;A 38;1;8;71;1;10;2;89;1;5;5;17;0;0;2;17;0;0;0;0;0;0;0;0;0;0;0;11;0;100;0;0;2;42;0;0;0;0;0;0;0;0;0;0;0;0;0;0;0;0;0;0
26.10.2024;14:47;A 38;1;2;1;0;0;2;7;0;0;3;4;0;0;3;19;0;0;2;24;1;1;1;7;0;0;1;29;0;100;1;8;1;36;0;0;0;0;1;1;0;0;0;0;0;0;0;0;0;0;0;0
26.10.2024;14:46;A 38;1;7;6;0;0;5;20;0;0;10;8;1;1;6;30;0;4;0;0;0;0;0;0;0;0;3;1;0;100;1;3;2;29;0;0;1;1;0;0;0;0;0;0;0;0;0;0;0;0;0;0
26.10.2024;14:45;A 38;1;4;47;2;34;4;56;2;6;6;56;2;9;3;48;3;19;3;57;0;53;0;63;0;0;4;32;0;100;2;31;2;61;0;0;0;0;0;0;0;0;0;0;0;0;0;0;0;0;0;0
26.10.2024;14:44;A 38;1;6;31;1;1;3;50;1;2;7;42;4;14;4;58;4;32;1;31;1;43;2;37;1;11;0;0;0;100;1;1;0;100;0;0;0;0;0;0;0;0;0;0;0;0;1;7;0;0;0;0
26.10.2024;14:43;A 38;1;3;87;0;0;1;58;0;0;3;35;0;0;3;34;0;0;0;17;1;29;0;0;1;8;0;0;0;100;0;0;11;51;0;0;0;0;0;0;0;0;0;0;0;0;0;0;0;0;0;0
26.10.2024;14:42;A 38;1;8;64;0;0;3;77;0;0;9;12;2;24;3;46;1;28;1;28;0;0;1;8;0;0;2;0;0;100;1;5;3;19;0;0;0;0;0;0;0;0;0;0;0;0;0;0;0;0;0;0
26.10.2024;14:41;A 38;1;6;10;0;0;5;18;0;0;4;3;3;0;4;13;1;1;1;42;1;72;3;11;1;8;0;0;0;100;0;0;4;55;0;0;1;1;0;0;1;1;0;0;0;0;0;0;0;0;0;0
26.10.2024;14:40;A 38;1;7;6;2;1;5;26;1;1;14;5;15;3;5;22;2;5;0;0;0;0;0;0;0;0;2;1;0;100;3;7;3;37;0;0;1;1;0;0;0;0;1;6;0;0;0;0;0;0;0;0
26.10.2024;14:39;A 38;1;4;71;0;0;2;72;0;0;78;28;4;1;3;30;1;4;1;20;0;0;1;6;0;0;0;0;0;100;0;0;1;5;0;0;0;0;0;0;0;0;0;0;3;6;0;0;0;0;0;0
26.10.2024;14:38;A 38;1;6;47;0;0;3;65;0;0;6;22;1;16;4;38;1;22;1;52;0;54;0;0;1;4;0;0;0;100;0;0;4;26;0;0;0;0;0;0;0;0;0;0;0;0;0;0;0;0;0;0
26.10.2024;14:37;A 38;1;4;5;1;0;3;18;1;1;5;4;3;12;3;18;2;23;1;24;1;57;1;8;2;12;0;0;0;100;0;0;3;23;0;0;0;0;0;0;0;0;0;0;0;0;0;0;0;0;0;0
26.10.2024;14:36;A 38;1;12;57;1;32;1;87;1;6;10;62;1;0;5;31;1;3;0;0;1;15;0;0;1;12;0;0;0;100;0;0;3;80;0;0;0;0;0;0;0;0;0;0;0;0;0;0;0;0;0;0
26.10.2024;14:35;A 38;1;10;64;0;44;1;85;0;0;12;14;4;4;4;50;3;15;2;1;0;1;2;12;0;0;2;1;0;100;3;17;1;87;0;0;1;1;0;0;0;0;0;0;0;0;0;0;0;0;0;0
26.10.2024;14:34;A 38;1;7;26;1;9;6;47;1;5;9;9;0;0;2;32;0;0;0;0;1;64;0;0;4;38;2;27;0;100;1;5;0;100;0;0;0;0;0;0;0;0;0;0;0;0;1;6;0;0;0;0
26.10.2024;14:33;A 38;1;7;78;0;0;0;94;0;0;4;63;1;51;2;19;1;6;0;0;1;0;0;0;0;0;3;28;0;100;2;25;1;96;0;0;0;0;0;0;0;0;0;0;0;0;0;0;0;0;0;0
26.10.2024;14:32;A 38;1;10;62;1;1;3;95;0;0;11;59;3;2;6;42;1;6;0;0;1;0;0;0;0;0;2;1;0;100;2;5;3;27;0;0;0;0;0;0;0;0;0;0;0;0;0;0;0;0;0;0
26.10.2024;14:31;A 38;1;10;51;0;0;5;82;1;2;4;63;2;2;3;16;1;7;0;0;0;0;0;0;0;0;1;0;0;100;1;5;2;18;0;0;0;0;0;0;1;1;0;0;0;0;0;0;0;0;0;0
26.10.2024;14:30;A 38;1;3;55;2;50;1;66;2;3;3;2;1;0;2;11;2;7;0;0;0;0;0;0;0;0;0;0;0;100;0;0;2;74;0;0;1;1;0;0;2;5;0;0;0;0;0;0;0;0;0;0
26.10.2024;14:29;A 38;1;5;61;2;48;2;39;2;15;7;14;5;6;4;39;1;66;2;21;1;18;0;24;1;5;1;0;0;100;0;0;4;22;0;0;1;1;0;0;0;0;0;0;0;0;0;0;0;0;0;0
26.10.2024;14:28;A 38;1;10;9;0;0;7;35;0;0;11;11;10;2;6;37;2;2;0;100;1;43;1;81;1;9;2;20;0;100;2;6;4;60;0;0;0;0;0;0;0;0;1;5;2;3;0;0;0;0;0;0
26.10.2024;14:27;A 38;1;3;37;0;0;3;50;0;0;5;12;1;2;2;25;1;3;2;70;0;65;0;68;1;3;4;61;0;100;1;41;0;100;0;0;0;0;0;0;0;0;0;0;3;4;1;6;0;0;0;0
26.10.2024;14:26;A 38;1;10;13;1;3;4;33;1;1;8;6;2;1;4;31;2;7;1;20;1;51;2;9;1;9;0;100;0;100;0;100;0;100;0;0;0;0;0;0;0;0;0;0;0;0;0;0;0;0;0;0
26.10.2024;14:25;A 38;1;6;7;1;36;3;78;1;5;8;7;0;0;2;28;0;0;0;0;0;0;0;0;0;0;1;40;0;100;2;18;3;68;0;0;0;0;0;0;0;0;0;0;0;0;0;0;0;0;0;0
26.10.2024;14:24;A 38;1;5;31;0;0;3;48;0;0;4;3;1;10;2;14;1;9;0;0;1;46;0;0;0;3;0;0;0;100;0;0;3;42;0;0;1;1;0;0;1;1;0;0;0;0;0;0;0;0;0;0
26.10.2024;14:23;A 38;1;7;5;1;0;7;21;0;0;5;3;1;0;6;18;1;2;0;0;1;0;0;0;1;9;2;1;0;100;1;5;3;42;0;0;0;0;0;0;0;0;0;0;0;0;0;0;0;0;0;0
26.10.2024;14:22;A 38;1;6;57;0;0;3;71;0;0;9;14;1;0;4;39;0;0;1;8;0;0;0;7;0;0;4;2;0;100;1;12;3;63;0;0;0;0;0;0;0;0;0;0;0;0;0;0;0;0;0;0
26.10.2024;14:21;A 38;1;8;24;1;0;6;45;1;2;7;5;2;0;4;21;1;3;1;86;0;0;2;25;0;0;0;0;0;100;0;0;5;42;0;0;0;0;0;0;0;0;0;0;0;0;0;0;0;0;0;0
26.10.2024;14:20;A 38;1;10;8;0;0;5;28;0;0;13;11;0;0;6;40;0;0;0;0;0;0;0;0;0;0;2;0;0;100;1;5;5;35;0;0;0;0;0;0;0;0;0;0;0;0;0;0;0;0;0;0
26.10.2024;14:19;A 38;1;10;41;0;0;3;68;0;0;11;21;0;0;2;54;0;0;2;3;0;0;0;5;0;0;1;0;0;100;0;0;5;29;0;0;0;0;0;0;0;0;0;0;0;0;0;0;0;0;0;0
26.10.2024;14:18;A 38;1;7;6;0;0;4;23;0;0;157;29;18;3;2;35;0;0;0;98;0;0;1;48;0;0;0;0;0;100;0;0;0;67;0;0;0;0;0;0;0;0;1;6;5;4;0;0;0;0;0;0
26.10.2024;14:17;A 38;1;5;7;0;0;1;61;0;0;86;10;0;0;2;7;0;0;1;39;0;0;1;10;0;0;1;0;0;100;0;0;4;81;0;0;0;0;0;0;0;0;0;0;0;0;0;0;0;0;0;0
26.10.2024;14:16;A 38;1;3;4;0;0;2;7;0;0;10;4;0;0;2;17;0;0;0;0;0;0;0;0;0;0;0;71;0;100;0;0;0;97;0;0;0;0;0;0;1;2;0;0;0;0;1;6;0;0;0;0
26.10.2024;14:15;A 38;1;4;37;0;0;2;59;0;0;6;3;0;0;3;15;0;0;0;0;0;0;0;0;0;0;1;18;0;100;1;9;2;50;0;0;0;0;0;0;0;0;0;0;0;0;0;0;0;0;0;0
26.10.2024;14:14;A 38;1;8;6;1;0;5;25;1;0;7;5;1;0;4;24;1;2;0;0;0;0;0;0;0;0;1;0;0;100;0;0;3;34;0;0;0;0;0;0;0;0;0;0;0;0;0;0;0;0;0;0
26.10.2024;14:13;A 38;1;7;25;1;1;7;29;1;2;8;7;1;0;4;28;1;3;0;0;0;0;0;0;0;0;2;0;0;100;1;4;5;23;0;0;0;0;0;0;0;0;0;0;0;0;0;0;0;0;0;0
26.10.2024;14:12;A 38;1;4;18;0;0;3;15;0;0;5;5;0;0;3;21;0;0;0;0;0;6;0;0;0;0;0;0;0;100;0;0;3;69;0;0;0;0;0;0;0;0;0;0;0;0;0;0;0;0;0;0
26.10.2024;14:11;A 38;1;7;8;0;0;2;23;0;0;9;7;1;0;3;31;0;2;0;0;1;41;0;0;1;10;0;0;0;100;0;0;3;17;0;0;0;0;0;0;0;0;0;0;0;0;0;0;0;0;0;0
26.10.2024;11:36;A 38;1;3;3;1;0;1;8;1;1;4;3;1;0;2;12;1;2;0;0;0;0;0;0;0;0;2;0;0;100;0;0;3;18;0;0;0;0;0;0;0;0;0;0;0;0;0;0;0;0;0;0
26.10.2024;11:35;A 38;1;3;63;1;32;3;30;1;4;2;1;1;0;2;8;1;3;0;0;0;0;0;0;0;0;0;0;0;100;0;0;1;16;0;0;0;0;0;0;0;0;0;0;0;0;0;0;0;0;0;0
26.10.2024;11:34;A 38;1;5;5;0;0;2;22;0;0;6;19;0;0;2;34;0;0;0;0;1;0;0;0;0;0;2;28;0;100;2;9;4;62;0;0;0;0;0;0;0;0;1;6;0;8;0;0;0;0;0;0
26.10.2024;11:33;A 38;1;7;38;0;0;2;24;0;0;7;8;1;0;2;32;0;0;2;65;0;0;1;40;0;0;1;51;0;100;1;8;3;23;0;0;0;0;0;0;0;0;0;0;1;5;0;1;0;0;0;0
26.10.2024;11:32;A 38;1;1;37;0;0;1;6;0;0;2;1;1;0;1;6;0;0;0;0;0;0;1;2;0;0;0;0;0;100;0;0;0;0;0;0;0;0;0;0;0;0;0;0;0;0;1;5;0;0;0;0
26.10.2024;11:31;A 38;1;14;11;1;0;7;51;1;1;13;10;1;0;9;47;1;2;0;0;0;0;0;0;0;0;2;0;0;100;0;0;3;25;0;0;0;0;0;0;0;0;0;0;0;0;0;0;0;0;0;0
26.10.2024;11:30;A 38;1;8;8;0;0;3;27;0;0;8;7;1;0;3;28;0;0;0;0;0;0;0;0;0;0;3;0;0;100;0;0;6;23;0;0;0;0;0;0;0;0;0;0;0;0;0;0;0;0;0;0
26.10.2024;11:29;A 38;1;4;3;0;0;3;12;0;0;4;2;0;0;2;12;0;0;0;0;0;0;0;0;0;0;1;1;0;100;0;0;6;42;0;0;0;0;0;0;0;0;0;0;0;0;0;0;0;0;0;0
26.10.2024;11:28;A 38;1;6;5;0;0;3;21;0;0;6;4;0;0;2;20;0;0;0;0;0;0;0;0;0;0;0;0;0;100;0;0;0;0;0;0;0;0;0;0;0;0;0;0;0;0;0;0;0;0;0;0
26.10.2024;11:27;A 38;1;5;4;0;0;4;16;0;0;5;3;0;0;4;17;0;0;0;0;0;0;0;0;0;0;2;1;0;100;1;6;2;7;0;0;0;0;0;0;0;0;0;0;0;0;0;0;0;0;0;0
26.10.2024;11:26;A 38;1;9;7;0;0;4;29;0;0;9;7;0;0;6;30;0;0;0;0;0;0;0;0;0;0;4;2;0;100;1;13;3;20;0;0;0;0;0;0;0;0;0;0;0;0;0;0;0;0;0;0
26.10.2024;11:25;A 38;1;10;39;1;0;6;59;0;0;10;20;4;20;8;44;2;37;0;0;0;0;0;0;0;0;1;0;0;100;1;7;3;54;0;0;0;0;0;0;0;0;0;0;0;0;0;0;0;0;0;0
26.10.2024;11:24;A 38;1;4;21;0;0;4;19;1;2;5;6;1;0;3;27;2;3;1;1;1;87;1;12;0;90;1;0;0;100;0;0;0;100;0;0;0;0;0;0;0;0;0;0;0;0;0;7;0;0;0;0
26.10.2024;11:23;A 38;1;8;46;4;2;5;37;3;5;8;7;3;1;4;27;2;8;0;0;1;40;0;0;2;35;0;0;0;100;0;0;1;21;0;0;0;0;0;0;0;0;0;0;0;0;1;16;0;0;0;0
26.10.2024;11:22;A 38;1;4;43;0;0;2;51;0;0;3;3;0;0;2;20;0;0;0;51;0;0;0;0;0;0;0;0;0;100;0;0;0;7;0;0;0;0;0;0;0;0;0;0;0;0;0;0;0;0;0;0
26.10.2024;11:21;A 38;1;7;6;0;0;4;21;0;0;10;8;1;0;3;32;0;0;1;56;0;0;1;10;0;0;1;0;0;100;0;0;3;14;0;0;0;0;0;0;0;0;0;0;0;0;0;0;0;0;0;0
26.10.2024;11:20;A 38;1;12;75;2;52;2;99;2;54;11;17;3;5;3;51;3;16;0;0;1;22;0;0;0;20;2;1;0;100;2;6;3;81;0;0;0;0;0;0;0;0;0;0;0;0;0;0;0;0;0;0
26.10.2024;11:19;A 38;1;13;18;0;0;10;57;1;3;13;13;3;1;8;53;1;3;0;0;1;90;0;0;1;36;0;0;0;100;0;0;5;24;0;0;0;0;0;0;0;0;0;0;0;0;0;0;0;0;0;0
26.10.2024;11:18;A 38;1;12;36;1;16;3;55;1;5;10;10;1;0;1;36;1;4;0;0;0;0;0;0;1;3;2;42;0;100;1;51;1;61;0;0;0;0;0;0;0;0;1;6;2;7;0;0;0;0;0;0
26.10.2024;11:17;A 38;1;9;6;2;1;5;27;2;1;7;5;2;1;5;27;2;5;0;0;0;0;0;0;0;0;0;0;0;100;0;0;6;16;0;0;0;0;0;0;0;0;0;0;0;0;0;0;0;0;0;0
26.10.2024;11:16;A 38;1;2;1;0;0;2;6;0;0;3;2;0;0;2;13;0;0;0;0;0;0;0;0;0;0;1;0;0;100;0;0;1;12;0;0;0;0;0;0;0;0;0;0;0;0;0;0;0;0;0;0
26.10.2024;11:15;A 38;1;4;3;2;0;2;10;2;2;2;1;1;0;2;7;1;2;0;0;1;0;0;0;0;0;2;0;0;100;0;0;3;17;0;0;0;0;0;0;0;0;0;0;0;0;0;0;0;0;0;0
26.10.2024;11:14;A 38;1;4;2;0;0;4;15;0;0;3;2;0;0;3;12;0;0;0;0;0;0;0;0;0;0;0;0;0;100;0;0;3;15;0;0;0;0;0;0;0;0;0;0;0;0;0;0;0;0;0;0
26.10.2024;11:13;A 38;1;5;5;0;0;5;19;1;2;6;51;0;0;4;72;0;0;0;0;0;0;0;0;0;0;1;3;0;100;1;9;1;32;0;0;0;0;0;0;0;0;0;0;0;0;1;9;0;0;0;0
26.10.2024;11:12;A 38;1;10;11;2;1;5;37;2;2;11;19;3;1;4;40;3;8;0;0;0;0;0;0;0;0;0;0;0;100;0;0;1;40;0;0;0;0;0;0;0;0;0;0;0;0;1;8;0;0;0;0
26.10.2024;11:11;A 38;1;9;66;2;1;2;94;1;3;5;4;2;1;3;21;2;6;0;0;0;0;0;0;0;0;0;0;0;100;0;0;1;40;0;0;0;0;0;0;0;0;0;0;0;0;0;0;0;0;0;0
26.10.2024;11:10;A 38;1;1;1;0;0;2;10;0;0;24;3;0;0;1;3;0;0;0;0;0;0;0;0;0;0;0;0;0;100;0;0;4;51;0;0;0;0;0;0;1;1;0;0;0;0;0;0;0;0;0;0
26.10.2024;11:09;A 38;1;5;3;0;0;4;14;0;0;14;4;0;0;4;15;0;0;0;0;0;0;0;0;0;0;2;0;0;100;2;5;5;30;0;0;0;0;0;0;0;0;0;0;0;0;0;0;0;0;0;0
26.10.2024;11:08;A 38;1;11;10;0;0;5;34;0;0;67;17;11;2;7;42;0;0;0;0;0;0;0;0;0;0;1;0;0;100;0;0;0;41;0;0;0;0;0;0;0;0;1;6;0;0;0;0;0;0;0;0
26.10.2024;11:07;A 38;1;5;5;0;0;4;18;0;0;94;13;0;0;3;15;0;0;0;0;0;0;0;0;0;0;0;0;0;100;0;0;3;50;0;0;0;0;0;0;0;0;0;0;2;6;0;0;0;0;0;0
26.10.2024;11:06;A 38;1;6;5;0;0;6;23;0;0;19;6;0;0;3;21;0;0;0;0;0;0;0;0;0;0;2;1;0;100;1;4;3;22;0;0;0;0;0;0;0;0;0;0;0;0;0;0;0;0;0;0
26.10.2024;11:05;A 38;1;8;6;1;0;4;23;1;0;7;5;1;0;5;24;1;1;0;0;0;0;0;0;0;0;2;0;0;100;0;0;6;28;0;0;0;0;0;0;0;0;0;0;0;0;0;0;0;0;0;0
26.10.2024;11:04;A 38;1;3;2;0;0;2;10;0;0;4;3;0;0;2;13;0;0;0;0;0;0;0;0;0;0;1;0;0;100;0;0;2;12;0;0;0;0;0;0;0;0;0;0;0;0;0;0;0;0;0;0
26.10.2024;11:03;A 38;1;8;8;0;0;5;28;0;0;7;6;0;0;4;27;0;0;0;0;0;0;0;0;0;0;0;0;0;100;0;0;5;17;0;0;0;0;0;0;0;0;0;0;0;0;0;0;0;0;0;0
26.10.2024;11:02;A 38;1;3;2;0;0;3;8;0;0;3;2;0;0;3;11;0;0;0;0;0;0;0;0;0;0;0;0;0;100;0;0;2;13;0;0;0;0;0;0;0;0;0;0;0;0;0;0;0;0;0;0
26.10.2024;11:01;A 38;1;10;9;0;0;6;32;0;0;14;12;0;0;4;42;0;0;0;0;0;0;0;0;0;0;0;0;0;100;0;0;3;15;0;0;0;0;0;0;0;0;0;0;0;0;0;0;0;0;0;0
26.10.2024;11:00;A 38;1;11;16;0;0;0;100;0;0;7;10;2;1;3;32;1;2;0;24;0;12;0;0;0;0;0;0;0;100;0;0;3;68;0;0;0;0;0;0;0;0;0;0;0;0;0;0;0;0;0;0
26.10.2024;10:59;A 38;1;6;5;0;0;6;29;0;0;6;4;0;0;6;22;0;0;1;40;1;38;1;10;0;0;2;1;0;100;2;10;4;23;0;0;0;0;0;0;0;0;0;0;0;0;0;0;0;0;0;0
26.10.2024;10:58;A 38;1;1;5;0;0;1;3;0;0;2;1;0;0;2;9;0;0;0;0;0;0;0;0;0;0;2;0;0;100;0;0;4;36;0;0;0;0;0;0;0;0;1;5;1;6;0;0;0;0;0;0
26.10.2024;10:57;A 38;1;1;41;0;0;1;4;0;0;0;0;0;0;0;0;0;0;0;0;1;0;0;0;0;0;2;1;0;100;2;9;2;13;0;0;0;0;0;0;0;0;0;0;0;0;0;0;0;0;0;0
26.10.2024;10:56;A 38;1;4;3;0;0;3;15;0;0;3;3;1;0;3;14;1;2;0;0;0;0;0;0;0;0;1;0;0;100;1;4;2;16;0;0;0;0;0;0;0;0;0;0;0;0;0;0;0;0;0;0
26.10.2024;10:55;A 38;1;10;8;1;0;7;29;0;0;10;7;0;0;7;32;0;0;0;0;0;0;0;0;0;0;0;0;0;100;0;0;0;0;0;0;0;0;0;0;0;0;0;0;0;0;0;0;0;0;0;0
26.10.2024;10:54;A 38;1;7;7;0;0;5;24;0;0;7;6;0;0;4;26;0;0;0;0;0;0;0;0;0;0;0;0;0;100;0;0;1;27;0;0;0;0;0;0;0;0;0;0;0;0;0;0;0;0;0;0
26.10.2024;10:53;A 38;1;7;23;0;0;6;27;0;0;8;6;0;0;6;28;0;0;0;0;0;0;0;0;0;0;1;92;0;100;0;7;0;100;0;0;0;0;0;0;0;0;0;0;0;0;1;7;0;0;0;0
26.10.2024;10:52;A 38;1;2;15;0;0;2;12;0;0;1;0;0;0;1;3;0;0;0;0;0;0;0;0;0;0;0;0;0;100;1;4;3;22;0;0;0;0;0;0;0;0;0;0;0;0;0;0;0;0;0;0
26.10.2024;10:51;A 38;1;7;5;0;0;2;20;0;0;8;5;1;0;4;25;0;0;0;0;0;0;0;0;0;0;2;0;0;100;0;0;5;31;0;0;0;0;0;0;0;0;0;0;0;0;0;0;0;0;0;0
26.10.2024;10:50;A 38;1;6;5;0;0;7;20;0;0;6;5;1;0;5;22;0;1;0;0;0;0;0;0;0;0;1;0;0;100;0;0;4;22;0;0;1;1;0;0;0;0;0;0;0;0;0;0;0;0;0;0
26.10.2024;10:49;A 38;1;4;3;1;0;3;13;1;2;4;3;0;0;5;17;1;1;0;0;0;0;0;0;0;0;3;1;0;100;1;4;3;15;0;0;0;0;0;0;0;0;0;0;0;0;0;0;0;0;0;0
26.10.2024;10:48;A 38;1;10;8;0;0;5;34;0;0;14;10;5;1;5;36;0;0;0;0;0;0;0;0;0;0;2;3;0;100;1;13;0;49;0;0;0;0;0;0;0;0;1;6;1;5;0;0;0;0;0;0
26.10.2024;10:47;A 38;1;7;66;0;0;4;80;0;0;18;21;0;0;2;52;0;0;1;45;0;0;0;0;0;0;0;0;0;100;1;3;2;48;0;0;0;0;0;0;0;0;0;0;1;1;0;0;0;0;0;0
26.10.2024;10:46;A 38;1;2;2;0;0;2;8;0;0;4;1;0;0;1;4;0;0;1;47;0;0;2;29;0;0;1;0;0;100;0;0;1;19;0;0;0;0;0;0;0;0;0;0;0;0;0;0;0;0;0;0
26.10.2024;10:45;A 38;1;4;3;0;0;4;14;0;0;68;11;0;0;4;17;0;0;0;0;0;0;0;0;0;0;0;0;0;100;0;0;4;24;0;0;0;0;0;0;0;0;0;0;0;0;0;0;0;0;0;0
26.10.2024;10:44;A 38;1;4;3;0;0;2;15;0;0;88;16;1;0;3;23;1;4;0;0;0;0;0;0;0;0;0;0;0;100;0;0;0;79;0;0;0;0;0;0;0;0;0;0;0;0;1;7;0;0;0;0
26.10.2024;10:43;A 38;1;7;51;4;24;4;85;4;15;6;62;3;45;1;79;3;14;0;0;0;0;0;0;0;0;0;0;0;100;0;0;4;70;0;0;0;0;0;0;0;0;0;0;0;0;0;0;0;0;0;0
26.10.2024;10:42;A 38;1;1;45;0;0;1;5;0;0;12;10;0;0;1;9;0;0;1;24;0;0;1;11;0;0;0;0;0;100;0;0;4;63;0;0;0;0;0;0;0;0;0;0;0;0;0;0;0;0;0;0
26.10.2024;10:41;A 38;1;2;2;0;0;2;7;0;0;2;1;0;0;2;7;0;0;0;0;0;0;0;0;0;0;1;0;0;100;0;0;2;19;0;0;0;0;0;0;0;0;0;0;0;0;0;0;0;0;0;0
26.10.2024;10:40;A 38;1;4;3;0;0;2;13;0;0;5;3;0;0;2;13;0;0;0;0;0;0;0;0;0;0;0;0;0;100;0;0;2;18;0;0;0;0;0;0;0;0;0;0;0;0;0;0;0;0;0;0
26.10.2024;10:39;A 38;1;6;24;0;0;2;36;0;0;78;15;10;3;4;26;0;0;0;0;0;0;0;0;0;0;0;0;0;100;0;0;2;72;0;0;0;0;0;0;0;0;1;8;3;9;0;0;0;0;0;0
26.10.2024;10:38;A 38;1;5;18;0;0;3;35;0;0;7;3;0;0;2;15;0;0;0;0;0;0;0;0;0;0;0;0;0;100;0;0;3;31;0;0;0;0;0;0;0;0;0;0;0;0;0;0;0;0;0;0
26.10.2024;10:37;A 38;1;3;2;0;0;3;9;0;0;2;1;0;0;3;8;0;0;0;0;0;0;0;0;0;0;0;0;0;100;0;0;1;4;0;0;0;0;0;0;0;0;0;0;0;0;0;0;0;0;0;0
26.10.2024;10:36;A 38;1;2;14;0;0;1;3;0;0;2;1;1;0;1;8;1;3;0;0;0;0;0;0;0;0;1;0;0;100;0;0;3;25;0;0;0;0;0;0;0;0;0;0;0;0;0;0;0;0;0;0
26.10.2024;10:35;A 38;1;3;23;0;0;4;23;0;0;4;3;0;0;3;17;0;0;0;0;0;64;0;0;0;0;0;0;0;100;0;0;3;62;0;0;0;0;0;0;0;0;0;0;0;0;0;0;0;0;0;0
26.10.2024;10:34;A 38;1;6;5;0;0;3;22;0;0;5;4;0;0;4;24;0;0;0;0;1;16;0;0;1;12;1;0;0;100;0;0;3;44;0;0;0;0;0;0;0;0;0;0;0;0;0;0;0;0;0;0
26.10.2024;10:33;A 38;1;4;50;0;0;3;38;0;0;5;4;1;0;2;17;0;0;0;0;0;0;0;0;0;0;0;0;0;100;0;0;2;93;0;0;0;0;0;0;0;0;0;0;0;0;1;6;0;0;0;0
26.10.2024;10:32;A 38;1;5;9;1;0;4;17;0;0;5;4;1;0;3;15;1;3;0;0;0;0;0;0;0;0;0;0;0;100;0;0;4;26;0;0;0;0;0;0;0;0;0;0;0;0;0;0;0;0;0;0
26.10.2024;10:31;A 38;1;4;3;0;0;4;14;0;0;2;1;0;0;3;9;0;0;0;0;0;0;0;0;0;0;0;0;0;100;0;0;3;16;0;0;0;0;0;0;0;0;0;0;0;0;0;0;0;0;0;0
26.10.2024;10:30;A 38;1;2;1;0;0;2;5;0;0;2;1;0;0;2;6;0;0;0;0;0;0;0;0;0;0;0;0;0;100;0;0;2;12;0;0;0;0;0;0;0;0;0;0;0;0;0;0;0;0;0;0
26.10.2024;10:29;A 38;1;5;5;0;0;4;16;0;0;6;5;0;0;4;22;0;0;0;0;0;0;0;0;0;0;2;0;0;100;0;0;6;30;0;0;0;0;0;0;0;0;0;0;0;0;0;0;0;0;0;0
26.10.2024;10:28;A 38;1;4;2;0;0;4;13;0;0;3;2;0;0;2;9;0;0;0;0;0;0;0;0;0;0;0;0;0;100;0;0;2;46;0;0;0;0;0;0;0;0;1;5;1;6;0;0;0;0;0;0
26.10.2024;10:27;A 38;1;8;51;0;0;3;70;0;0;8;59;0;0;2;27;0;0;0;0;0;0;0;0;0;0;0;0;0;100;0;0;1;14;0;0;0;0;0;0;0;0;0;0;0;0;0;0;0;0;0;0
26.10.2024;10:26;A 38;1;2;2;0;0;2;7;0;0;3;2;0;0;2;12;0;0;0;0;0;0;0;0;0;0;2;1;0;100;0;0;3;17;0;0;0;0;0;0;0;0;0;0;0;0;0;0;0;0;0;0
26.10.2024;10:25;A 38;1;4;2;0;0;4;14;0;0;4;3;1;0;3;15;1;3;0;0;0;0;0;0;0;0;0;0;0;100;0;0;1;0;0;0;0;0;0;0;0;0;0;0;0;0;0;0;0;0;0;0
26.10.2024;10:24;A 38;1;8;7;1;0;6;29;0;0;6;4;0;0;5;25;0;0;0;0;0;0;0;0;0;0;6;4;0;100;1;10;5;44;0;0;0;0;0;0;0;0;0;0;0;0;0;0;0;0;0;0
26.10.2024;10:23;A 38;1;6;4;0;0;3;17;0;0;7;5;0;0;5;25;0;0;0;0;0;0;0;0;0;0;1;0;0;100;1;4;1;98;0;0;0;0;0;0;0;0;0;0;0;0;1;7;0;0;0;0
26.10.2024;10:22;A 38;1;9;27;2;11;4;43;1;0;7;6;4;2;2;19;3;14;0;0;0;0;0;0;0;0;1;0;0;100;1;5;2;42;0;0;0;0;0;0;0;0;0;0;0;0;0;0;0;0;0;0
26.10.2024;10:21;A 38;1;2;51;1;50;3;63;1;4;2;8;0;0;2;16;0;0;1;45;0;0;1;10;0;0;0;0;0;100;0;0;0;0;0;0;0;0;0;0;0;0;0;0;0;0;0;0;0;0;0;0
26.10.2024;10:20;A 38;1;7;6;1;0;5;25;1;1;7;5;1;0;4;28;1;2;0;0;0;0;0;0;0;0;1;0;0;100;0;0;1;5;0;0;0;0;0;0;0;0;0;0;0;0;0;0;0;0;0;0
26.10.2024;10:19;A 38;1;3;2;0;0;3;11;0;0;229;45;0;0;3;10;0;0;0;0;0;0;0;0;0;0;0;0;0;100;0;0;3;20;0;0;0;0;0;0;0;0;0;0;0;0;0;0;0;0;0;0
26.10.2024;10:18;A 38;1;6;6;0;0;3;23;0;0;166;30;0;0;2;26;0;0;0;0;0;0;0;0;0;0;0;0;0;100;0;0;3;33;0;0;0;0;0;0;0;0;0;0;0;0;0;0;0;0;0;0
26.10.2024;10:17;A 38;1;10;9;0;0;4;32;0;0;198;33;20;3;6;39;0;0;0;0;0;0;0;0;0;0;0;0;0;100;0;0;0;100;0;0;0;0;0;0;0;0;1;5;1;5;1;7;0;0;0;0
26.10.2024;10:16;A 38;1;3;16;0;0;5;24;0;0;94;14;1;0;2;6;0;0;0;0;0;0;0;0;0;0;0;0;0;100;0;0;3;36;0;0;0;0;0;0;0;0;0;0;0;0;0;0;0;0;0;0
26.10.2024;10:15;A 38;1;6;4;0;0;5;20;0;0;6;4;0;0;5;23;0;0;0;0;0;0;0;0;0;0;1;0;0;100;0;0;2;18;0;0;0;0;0;0;0;0;0;0;0;0;0;0;0;0;0;0
26.10.2024;10:14;A 38;1;3;1;0;0;4;7;0;0;3;1;0;0;3;9;0;0;0;0;0;0;0;0;0;0;0;0;0;100;0;0;4;19;0;0;0;0;0;0;0;0;0;0;0;0;0;0;0;0;0;0
26.10.2024;10:13;A 38;1;4;3;0;0;3;12;0;0;4;3;0;0;3;14;0;0;0;0;0;0;0;0;0;0;0;0;0;100;0;0;2;13;0;0;0;0;0;0;0;0;0;0;0;0;0;0;0;0;0;0
26.10.2024;10:12;A 38;1;10;8;0;0;6;31;0;0;12;10;0;0;7;42;0;0;0;0;0;0;0;0;0;0;3;1;0;100;0;0;2;24;0;0;0;0;0;0;0;0;0;0;0;0;0;0;0;0;0;0
26.10.2024;10:11;A 38;1;5;4;1;0;6;17;1;1;4;3;1;0;3;13;1;2;0;0;0;0;0;0;0;0;1;0;0;100;0;0;4;26;0;0;0;0;0;0;0;0;0;0;0;0;0;0;0;0;0;0
26.10.2024;10:10;A 38;1;5;29;1;0;3;22;0;0;5;13;1;0;5;29;1;2;1;1;0;0;1;7;0;0;0;0;0;100;0;0;2;53;0;0;0;0;0;0;0;0;0;0;0;0;0;0;0;0;0;0
26.10.2024;10:09;A 38;1;8;7;0;0;6;29;0;0;8;6;0;0;6;30;0;0;0;0;1;1;0;0;0;0;2;1;0;100;1;5;5;51;0;0;0;0;0;0;0;0;0;0;0;0;0;0;0;0;0;0
26.10.2024;10:08;A 38;1;1;12;0;0;1;7;0;0;5;2;4;1;2;7;1;1;0;0;0;0;0;0;0;0;1;5;0;100;1;10;1;86;0;0;0;0;0;0;0;0;1;5;2;7;0;0;0;0;0;0
26.10.2024;10:07;A 38;1;8;7;2;1;6;30;1;2;8;6;1;0;4;29;1;3;0;0;0;0;0;0;0;0;0;0;0;100;0;0;2;13;0;0;0;0;0;0;0;0;0;0;0;0;0;0;0;0;0;0
26.10.2024;10:06;A 38;1;2;27;1;0;1;10;1;1;5;4;1;0;0;14;1;2;0;0;0;0;0;0;0;0;0;0;0;100;0;0;1;13;0;0;1;1;0;0;1;2;0;0;0;0;0;0;0;0;0;0
26.10.2024;10:05;A 38;1;5;44;0;0;3;42;0;0;2;1;1;1;1;7;1;6;0;0;0;42;0;0;0;0;1;0;0;100;0;0;2;80;0;0;0;0;0;0;0;0;0;0;0;0;0;0;0;0;0;0
26.10.2024;10:04;A 38;1;4;3;0;0;4;11;0;0;3;2;0;0;3;12;0;0;0;0;1;40;0;0;1;13;1;0;0;100;0;0;2;18;0;0;0;0;0;0;0;0;0;0;0;0;0;0;0;0;0;0
26.10.2024;10:03;A 38;1;6;6;0;2;2;17;0;0;7;5;1;1;4;24;1;5;0;0;0;0;0;0;0;0;1;82;0;100;0;83;1;59;0;0;0;0;0;0;0;0;0;0;0;0;1;5;0;0;0;0
26.10.2024;10:02;A 38;1;2;47;1;43;1;11;1;4;1;0;1;1;1;4;1;6;0;0;1;20;0;0;1;10;1;19;0;100;1;28;1;9;0;0;0;0;0;0;0;0;0;0;0;0;0;0;0;0;0;0
26.10.2024;10:01;A 38;1;3;28;1;1;2;25;1;4;3;2;1;0;1;10;1;3;0;0;0;0;0;0;0;0;0;0;0;100;0;0;2;12;0;0;0;0;0;0;0;0;0;0;0;0;0;0;0;0;0;0
26.10.2024;10:00;A 38;1;4;5;0;0;3;16;0;0;3;2;0;0;2;9;0;0;0;0;1;0;0;0;0;0;3;2;0;100;3;14;2;19;0;0;0;0;0;0;0;0;0;0;0;0;0;0;0;0;0;0
26.10.2024;09:59;A 38;1;10;8;0;0;5;35;0;0;11;10;0;0;6;40;0;0;0;0;0;0;0;0;0;0;0;0;0;100;0;0;0;14;0;0;0;0;0;0;0;0;0;0;0;0;0;0;0;0;0;0
26.10.2024;09:58;A 38;1;6;4;1;0;4;18;1;0;4;3;1;0;3;14;1;2;0;0;0;0;0;0;0;0;1;0;0;100;1;4;0;100;0;0;0;0;0;0;0;0;1;7;1;7;0;0;0;0;0;0
26.10.2024;09:57;A 38;1;1;1;0;0;1;3;0;0;1;0;0;0;1;4;0;0;0;0;0;0;0;0;0;0;0;0;0;100;0;0;1;16;0;0;0;0;0;0;0;0;0;0;0;0;0;0;0;0;0;0
26.10.2024;09:56;A 38;1;4;6;0;0;3;26;0;0;16;5;0;0;3;20;0;0;0;0;0;0;0;0;0;0;1;0;0;100;0;0;4;26;0;0;0;0;0;0;0;0;0;0;0;0;0;0;0;0;0;0
26.10.2024;09:55;A 38;1;15;15;1;0;6;56;1;1;39;17;1;0;7;64;1;2;0;0;0;0;0;0;0;0;0;0;0;100;0;0;3;42;0;0;1;1;0;0;0;0;0;0;0;0;0;5;0;0;0;0
26.10.2024;09:54;A 38;1;4;22;1;3;2;36;1;6;4;15;2;6;2;15;2;12;1;52;0;57;0;3;0;0;0;0;0;100;0;0;6;86;0;0;0;0;0;0;0;0;0;0;0;0;1;74;0;0;0;0
26.10.2024;09:53;A 38;1;8;7;0;0;6;27;0;0;8;6;0;0;6;32;0;0;0;0;1;34;1;4;1;10;0;90;0;100;0;0;1;63;0;0;0;0;0;0;0;0;0;0;0;0;0;0;0;0;0;0
26.10.2024;09:52;A 38;1;1;0;0;0;1;3;0;0;0;0;0;0;0;0;0;0;0;0;0;0;0;0;0;0;1;25;0;100;1;9;3;15;0;0;0;0;0;0;0;0;0;0;0;0;0;0;0;0;0;0
26.10.2024;09:51;A 38;1;7;6;0;0;4;25;0;0;8;6;0;0;5;30;0;0;0;0;0;0;0;0;0;0;1;0;0;100;0;0;5;23;0;0;0;0;0;0;0;0;0;0;0;0;0;0;0;0;0;0
26.10.2024;09:50;A 38;1;7;6;0;0;4;30;0;0;7;5;4;2;7;26;3;11;0;0;0;0;0;0;0;0;0;0;0;100;0;0;2;11;0;0;0;0;0;0;0;0;0;0;0;0;0;0;0;0;0;0
26.10.2024;09:49;A 38;1;4;15;1;0;2;14;1;1;3;2;0;0;2;10;0;0;0;0;0;0;0;0;0;0;1;0;0;100;1;4;2;11;0;0;0;0;0;0;0;0;1;6;1;7;0;0;0;0;0;0
26.10.2024;09:48;A 38;1;2;19;0;0;2;9;0;0;3;2;0;0;2;8;0;0;0;0;0;0;0;0;0;0;0;0;0;100;0;0;3;17;0;0;0;0;0;0;0;0;0;0;0;0;0;0;0;0;0;0
26.10.2024;09:47;A 38;1;4;2;0;0;3;13;0;0;2;1;0;0;2;8;0;0;0;0;0;0;0;0;0;0;3;1;0;100;2;9;3;20;0;0;0;0;0;0;0;0;0;0;0;0;0;0;0;0;0;0
26.10.2024;09:46;A 38;1;3;2;0;0;2;10;0;0;3;2;0;0;2;10;0;0;0;0;0;0;0;0;0;0;1;0;0;100;1;6;1;7;0;0;0;0;0;0;0;0;0;0;0;0;0;0;0;0;0;0
26.10.2024;09:45;A 38;1;3;2;0;0;3;8;0;0;4;2;1;0;5;12;0;3;0;0;0;0;0;0;0;0;1;0;0;100;1;3;3;11;0;0;0;0;0;0;0;0;0;0;0;0;0;0;0;0;0;0
26.10.2024;09:44;A 38;1;5;5;1;21;1;17;1;8;7;4;0;0;0;19;1;0;0;0;0;0;0;0;0;0;1;0;0;100;1;4;2;12;0;0;0;0;0;0;0;0;0;0;0;0;0;0;0;0;0;0
26.10.2024;09:43;A 38;1;5;3;0;0;3;14;0;0;2;1;0;0;3;7;0;0;0;0;1;0;0;0;0;0;1;0;0;100;1;4;3;13;0;0;0;0;0;0;0;0;0;0;0;0;0;0;0;0;0;0
26.10.2024;09:42;A 38;1;13;24;0;0;2;53;0;0;13;31;1;0;4;46;1;1;0;0;0;0;0;0;0;0;3;3;0;100;2;16;1;85;0;0;0;0;0;0;0;0;0;0;0;0;1;7;0;0;0;0
26.10.2024;09:41;A 38;1;2;89;0;0;1;51;0;0;3;37;0;0;2;22;0;0;0;0;0;0;0;0;0;0;0;0;0;100;0;0;2;36;0;0;1;1;0;0;0;0;0;0;0;0;0;0;0;0;0;0
26.10.2024;09:40;A 38;1;7;26;1;0;5;25;1;0;7;5;3;1;4;24;1;2;0;99;0;0;0;0;0;0;2;0;0;100;1;3;3;17;0;0;0;0;0;0;0;0;0;0;0;0;0;0;0;0;0;0
26.10.2024;09:39;A 38;1;9;7;0;0;5;29;0;0;7;5;1;0;5;24;0;0;1;7;0;0;1;11;0;0;3;1;0;100;1;5;3;15;0;0;0;0;0;0;0;0;0;0;0;0;0;0;0;0;0;0
26.10.2024;09:38;A 38;1;3;7;0;0;4;16;0;0;4;3;1;0;4;13;0;0;0;0;0;0;0;0;0;0;2;63;0;100;2;83;2;79;0;0;0;0;0;0;0;0;1;7;2;6;0;0;0;0;0;0
26.10.2024;09:37;A 38;1;0;0;0;0;0;0;0;0;1;0;0;0;0;1;0;0;0;0;1;0;0;0;0;0;2;1;0;100;2;6;6;25;0;0;0;0;0;0;0;0;0;0;0;0;0;0;0;0;0;0
26.10.2024;09:36;A 38;1;2;1;0;0;2;5;0;0;1;0;0;0;2;5;0;0;0;0;0;0;0;0;0;0;2;0;0;100;0;0;3;21;0;0;0;0;0;0;0;0;0;0;0;0;0;0;0;0;0;0
26.10.2024;09:35;A 38;1;4;3;0;0;3;11;0;0;4;2;0;0;3;12;0;0;0;0;0;0;0;0;0;0;0;0;0;100;0;0;1;5;0;0;0;0;0;0;0;0;0;0;0;0;0;0;0;0;0;0
26.10.2024;09:34;A 38;1;8;7;0;0;4;25;0;0;8;6;0;0;5;28;0;0;0;0;0;0;0;0;0;0;0;0;0;100;0;0;1;4;0;0;0;0;0;0;0;0;0;0;0;0;0;0;0;0;0;0
26.10.2024;09:33;A 38;1;3;2;0;0;3;8;0;0;5;3;0;0;4;15;0;0;0;0;0;0;0;0;0;0;0;0;0;100;0;0;1;39;0;0;0;0;0;0;0;0;0;0;0;0;0;4;0;0;0;0
26.10.2024;09:32;A 38;1;4;47;0;0;6;18;0;0;3;2;1;0;3;12;0;0;0;0;0;0;0;0;0;0;0;0;0;100;0;0;2;77;0;0;0;0;0;0;0;0;0;0;0;0;1;3;0;0;0;0
26.10.2024;09:31;A 38;1;4;3;0;0;2;13;0;0;3;2;0;0;2;10;0;0;0;0;0;0;0;0;0;0;1;0;0;100;0;0;3;14;0;0;0;0;0;0;0;0;0;0;0;0;0;0;0;0;0;0
26.10.2024;09:30;A 38;1;8;8;1;0;3;27;1;1;17;8;1;0;5;32;1;2;0;0;0;0;0;0;0;0;0;0;0;100;0;0;2;9;0;0;0;0;0;0;0;0;0;0;0;0;0;0;0;0;0;0
26.10.2024;09:29;A 38;1;5;50;0;0;4;47;0;0;37;7;0;0;1;16;0;0;0;19;0;8;0;0;0;0;1;0;0;100;0;0;2;13;0;0;0;0;0;0;0;0;0;0;0;0;0;0;0;0;0;0
26.10.2024;09:28;A 38;1;6;5;0;0;4;21;0;0;97;16;9;2;4;21;0;0;1;74;1;73;1;3;1;2;1;1;0;100;1;11;3;47;0;0;0;0;0;0;0;0;1;7;1;2;0;0;0;0;0;0
26.10.2024;09:27;A 38;1;8;6;0;0;4;23;0;0;110;19;1;0;5;31;0;0;0;0;0;0;0;0;0;0;0;0;0;100;0;0;0;0;0;0;0;0;0;0;0;0;0;0;1;4;0;0;0;0;0;0
26.10.2024;09:26;A 38;1;9;10;0;0;7;45;0;0;7;6;0;0;5;27;0;0;0;0;0;0;0;0;0;0;1;0;0;100;0;0;1;3;0;0;0;0;0;0;0;0;0;0;0;0;0;0;0;0;0;0
26.10.2024;09:25;A 38;1;2;1;0;0;1;6;0;0;2;1;0;0;1;6;0;0;0;0;0;0;0;0;0;0;1;0;0;100;0;0;1;65;0;0;0;0;0;0;1;1;0;0;0;0;0;6;0;0;0;0
26.10.2024;09:24;A 38;1;0;28;0;27;0;0;0;0;1;0;1;0;1;4;1;3;0;0;0;0;0;0;0;0;0;0;0;100;0;0;0;100;0;0;0;0;0;0;0;0;0;0;0;0;1;1;0;0;0;0
26.10.2024;09:23;A 38;1;1;25;1;20;1;6;1;4;0;0;0;0;0;0;0;0;0;0;0;0;0;0;0;0;2;0;0;100;0;0;6;31;0;0;0;0;0;0;0;0;0;0;0;0;0;0;0;0;0;0
26.10.2024;09:22;A 38;1;9;6;1;0;6;27;0;0;8;5;1;0;3;27;1;3;0;0;0;0;0;0;0;0;2;0;0;100;1;2;2;18;0;0;0;0;0;0;0;0;0;0;0;0;0;0;0;0;0;0
26.10.2024;09:21;A 38;1;3;2;0;0;2;13;0;0;3;2;0;0;2;10;0;0;0;0;0;0;0;0;0;0;0;0;0;100;1;0;1;3;0;0;0;0;0;0;0;0;0;0;0;0;0;0;0;0;0;0
26.10.2024;09:20;A 38;1;7;6;0;0;5;21;0;0;8;6;1;0;3;21;1;3;0;0;0;0;0;0;0;0;0;0;0;100;0;0;1;3;0;0;0;0;0;0;0;0;0;0;0;0;0;0;0;0;0;0
26.10.2024;09:19;A 38;1;1;0;0;0;1;3;0;0;2;1;0;0;1;6;0;0;0;0;0;0;0;0;0;0;2;0;0;100;0;0;2;10;0;0;1;1;0;0;0;0;0;0;0;0;0;0;0;0;0;0
26.10.2024;09:18;A 38;1;9;7;0;0;7;29;0;0;9;7;1;0;7;36;0;0;0;0;0;0;0;0;0;0;0;0;0;100;0;0;1;9;0;0;0;0;0;0;0;0;1;6;1;3;0;0;0;0;0;0
26.10.2024;09:17;A 38;1;6;5;0;0;6;24;0;0;6;4;0;0;5;22;0;0;0;0;0;0;0;0;0;0;0;0;0;100;0;0;1;4;0;0;0;0;0;0;0;0;0;0;1;3;0;0;0;0;0;0
26.10.2024;09:16;A 38;1;3;2;0;0;3;9;0;0;2;1;0;0;2;7;0;0;0;0;0;0;0;0;0;0;0;0;0;100;0;0;2;30;0;0;0;0;0;0;0;0;0;0;0;0;0;0;0;0;0;0
26.10.2024;09:15;A 38;1;4;2;2;1;4;12;1;0;4;2;2;1;3;10;2;7;0;0;0;0;0;0;0;0;1;0;0;100;1;4;2;6;0;0;0;0;0;0;0;0;0;0;0;0;0;0;0;0;0;0
26.10.2024;09:14;A 38;1;7;5;0;0;9;25;0;0;6;4;0;0;6;24;0;0;0;0;0;0;0;0;0;0;1;0;0;100;0;0;1;3;0;0;0;0;0;0;0;0;0;0;0;0;0;0;0;0;0;0
26.10.2024;09:13;A 38;1;1;1;0;0;1;4;0;0;1;0;0;0;1;4;0;0;0;0;0;0;0;0;0;0;0;0;0;100;0;0;5;21;0;0;0;0;0;0;0;0;0;0;0;0;0;1;0;0;0;0
26.10.2024;09:12;A 38;1;4;43;0;0;0;50;0;0;5;4;0;0;2;17;0;0;0;0;0;0;0;0;0;0;0;0;0;100;0;0;0;0;0;0;0;0;0;0;0;0;0;0;0;0;1;6;0;0;0;0
26.10.2024;09:11;A 38;1;8;6;0;0;6;30;0;0;7;5;0;0;5;27;0;0;0;0;0;0;0;0;0;0;1;0;0;100;0;0;3;17;0;0;0;0;0;0;0;0;0;0;0;0;0;0;0;0;0;0
26.10.2024;09:10;A 38;1;4;3;0;0;4;15;0;0;6;5;1;0;3;21;0;0;0;0;0;0;0;0;0;0;1;0;0;100;0;0;5;26;0;0;0;0;0;0;0;0;0;0;0;0;0;0;0;0;0;0
26.10.2024;09:09;A 38;1;2;2;1;0;1;11;1;1;0;0;0;0;1;2;1;2;0;0;0;0;0;0;0;0;0;0;0;100;0;0;0;0;0;0;0;0;0;0;0;0;0;0;0;0;0;0;0;0;0;0
26.10.2024;09:08;A 38;1;4;3;0;0;3;14;0;0;18;5;10;2;4;16;0;0;0;0;0;0;0;0;0;0;1;39;0;100;0;0;2;53;0;0;0;0;0;0;0;0;1;6;1;8;0;0;0;0;0;0
26.10.2024;09:07;A 38;1;4;2;0;0;5;11;0;0;6;3;0;0;4;13;0;0;0;0;0;0;0;0;0;0;1;44;0;100;1;6;3;32;0;0;0;0;0;0;0;0;0;0;0;0;0;0;0;0;0;0
26.10.2024;09:06;A 38;1;0;0;0;0;0;0;0;0;0;0;0;0;0;0;0;0;0;0;0;0;0;0;0;0;0;0;0;100;0;0;1;5;0;0;0;0;0;0;0;0;0;0;0;0;0;0;0;0;0;0
26.10.2024;09:05;A 38;1;4;6;1;1;3;19;1;3;5;4;1;0;2;16;1;3;0;0;0;0;0;0;0;0;1;0;0;100;0;0;2;20;0;0;0;0;0;0;0;0;0;0;0;0;0;0;0;0;0;0
26.10.2024;09:04;A 38;1;3;3;0;0;2;12;0;0;6;7;0;0;5;27;0;0;0;69;0;0;0;0;0;0;0;0;0;100;0;0;3;36;0;0;0;0;0;0;0;0;0;0;0;0;0;0;0;0;0;0
26.10.2024;09:03;A 38;1;7;5;0;0;4;22;0;0;138;36;1;0;3;23;0;0;1;14;0;0;1;10;0;0;0;0;0;100;0;0;1;28;0;0;0;0;0;0;0;0;0;0;0;0;0;0;0;0;0;0
26.10.2024;09:02;A 38;1;8;6;0;0;3;26;0;0;192;40;1;0;4;19;1;3;0;0;0;0;0;0;0;0;0;0;0;100;0;0;0;0;0;0;0;0;0;0;0;0;0;0;0;0;1;7;0;0;0;0
26.10.2024;09:01;A 38;1;1;0;0;0;1;3;0;0;181;36;0;0;1;11;0;0;0;0;0;0;0;0;0;0;1;0;0;100;0;0;1;6;0;0;0;0;0;0;0;0;0;0;0;0;0;0;0;0;0;0
26.10.2024;09:00;A 38;1;5;4;0;0;4;19;0;0;56;10;0;0;4;14;0;0;0;0;0;0;0;0;0;0;0;0;0;100;0;0;1;3;0;0;0;0;0;0;0;0;0;0;0;0;0;0;0;0;0;0
26.10.2024;08:59;A 38;1;5;3;0;0;5;16;0;0;5;3;0;0;5;17;0;0;0;0;0;0;0;0;0;0;2;2;0;100;2;10;4;25;0;0;0;0;0;0;0;0;0;0;0;0;0;0;0;0;0;0
26.10.2024;08:58;A 38;1;3;2;0;0;3;12;0;0;4;3;1;0;3;14;0;0;0;0;0;0;0;0;0;0;0;0;0;100;0;0;1;6;0;0;0;0;0;0;0;0;0;0;0;0;0;0;0;0;0;0
26.10.2024;08:57;A 38;1;5;40;0;0;1;55;0;0;4;3;0;0;2;15;0;0;0;0;0;0;0;0;0;0;4;3;0;100;0;10;2;10;0;0;0;0;0;0;0;0;0;0;0;0;0;0;0;0;0;0
26.10.2024;08:56;A 38;1;3;2;0;0;4;11;0;0;3;1;0;0;3;10;0;0;0;0;1;0;0;0;0;0;1;1;0;100;2;9;1;9;0;0;0;0;0;0;0;0;0;0;0;0;0;0;0;0;0;0
26.10.2024;08:55;A 38;1;2;1;0;0;2;7;0;0;2;1;0;0;2;8;0;0;0;0;0;0;0;0;0;0;0;0;0;100;0;0;1;5;0;0;0;0;0;0;0;0;0;0;0;0;0;0;0;0;0;0
26.10.2024;08:54;A 38;1;1;1;0;0;1;3;0;0;2;14;0;0;2;7;1;1;0;18;0;0;0;0;0;0;0;0;0;100;0;0;2;34;0;0;0;0;0;0;0;0;0;0;0;0;0;0;0;0;0;0
26.10.2024;08:53;A 38;1;5;17;1;1;3;29;1;4;5;4;1;0;2;16;1;4;1;48;0;0;1;8;0;0;0;0;0;100;0;0;1;9;0;0;0;0;0;0;0;0;0;0;0;0;1;11;0;0;0;0
26.10.2024;08:52;A 38;1;5;4;0;0;4;16;0;0;8;7;1;0;4;25;0;0;0;0;0;0;0;0;0;0;0;0;0;100;0;0;0;79;0;0;0;0;0;0;0;0;1;6;1;7;0;0;0;0;0;0
26.10.2024;08:51;A 38;1;3;29;1;0;2;39;1;7;2;14;0;0;2;23;1;0;1;26;0;0;1;9;0;0;1;1;0;100;0;0;1;72;0;0;0;0;0;0;0;0;0;0;0;0;0;0;0;0;0;0
26.10.2024;08:50;A 38;1;2;1;0;0;2;7;0;0;2;1;0;0;2;7;0;0;0;0;0;0;0;0;0;0;1;0;0;100;0;0;3;24;0;0;0;0;0;0;0;0;0;0;0;0;0;0;0;0;0;0
26.10.2024;08:49;A 38;1;2;1;0;0;2;6;0;0;2;1;0;0;2;8;0;0;0;0;0;0;0;0;0;0;1;0;0;100;0;0;1;4;0;0;0;0;0;0;0;0;0;0;0;0;0;0;0;0;0;0
26.10.2024;08:48;A 38;1;2;1;0;0;2;5;0;0;2;1;0;0;2;6;0;0;0;0;0;0;0;0;0;0;0;0;0;100;0;0;1;5;0;0;0;0;0;0;0;0;0;0;0;0;0;0;0;0;0;0
26.10.2024;08:47;A 38;1;1;0;0;0;1;3;0;0;2;1;0;0;1;4;0;0;0;0;0;0;0;0;0;0;0;0;0;100;0;0;1;4;0;0;0;0;0;0;0;0;0;0;0;0;0;0;0;0;0;0
26.10.2024;08:46;A 38;1;4;65;0;0;1;77;0;0;3;3;0;0;1;12;0;0;0;0;1;0;0;0;0;0;0;0;0;100;0;0;0;0;0;0;1;1;0;0;0;0;0;0;0;0;0;0;0;0;0;0
26.10.2024;08:45;A 38;1;3;2;0;0;4;10;0;0;4;2;0;0;4;15;0;0;0;0;0;0;0;0;0;0;3;1;0;100;2;8;1;5;0;0;0;0;0;0;0;0;0;0;0;0;0;0;0;0;0;0
26.10.2024;08:44;A 38;1;4;3;0;0;2;11;0;0;3;2;2;0;2;9;0;0;0;0;0;0;0;0;0;0;0;0;0;100;0;0;4;26;0;0;0;0;0;0;0;0;0;0;0;0;0;0;0;0;0;0
26.10.2024;08:43;A 38;1;3;2;0;0;3;9;0;0;3;2;0;0;3;13;0;0;0;0;0;0;0;0;0;0;1;0;0;100;0;0;2;7;0;0;0;0;0;0;0;0;0;0;0;0;0;0;0;0;0;0
26.10.2024;08:42;A 38;1;2;4;1;2;3;17;1;5;2;1;1;0;2;7;1;3;0;0;1;0;0;0;0;0;0;8;0;100;0;0;0;0;0;0;0;0;0;0;0;0;0;0;0;0;0;0;0;0;0;0
26.10.2024;08:41;A 38;1;2;35;0;0;2;38;0;0;14;2;1;0;1;5;1;2;0;0;0;0;0;0;0;0;1;6;0;100;1;8;0;0;0;0;0;0;0;0;0;0;0;0;0;0;1;35;0;0;0;0
26.10.2024;08:40;A 38;1;5;4;0;0;4;18;0;0;6;4;0;0;4;19;0;0;0;0;0;0;0;0;0;0;1;0;0;100;0;0;4;18;0;0;0;0;0;0;0;0;0;0;0;0;0;0;0;0;0;0
26.10.2024;08:39;A 38;1;4;4;0;0;2;14;0;0;4;4;0;0;2;15;0;0;0;0;0;0;0;0;0;0;0;0;0;100;0;0;1;3;0;0;0;0;0;0;0;0;0;0;0;0;0;0;0;0;0;0
26.10.2024;08:38;A 38;1;4;4;0;0;3;15;0;0;9;5;0;0;3;21;0;0;0;0;0;0;0;0;0;0;0;0;0;100;0;0;3;15;0;0;0;0;0;0;0;0;0;0;0;0;0;0;0;0;0;0
26.10.2024;08:37;A 38;1;4;3;0;0;3;16;0;0;70;11;8;2;3;11;0;0;0;0;0;0;0;0;0;0;0;0;0;100;0;0;1;8;0;0;0;0;0;0;0;0;1;6;1;7;0;0;0;0;0;0
26.10.2024;08:36;A 38;1;3;3;0;0;3;13;1;0;3;3;0;0;3;13;0;0;0;0;0;0;0;0;0;0;1;0;0;100;0;0;1;8;0;0;0;0;0;0;0;0;0;0;0;0;0;0;0;0;0;0
26.10.2024;08:35;A 38;1;1;0;0;0;1;2;0;0;2;1;0;0;2;6;0;0;0;0;0;0;0;0;0;0;0;0;0;100;0;0;1;3;0;0;0;0;0;0;0;0;0;0;0;0;0;0;0;0;0;0
26.10.2024;08:34;A 38;1;2;1;0;0;1;6;0;0;1;0;0;0;1;3;0;0;0;0;0;0;0;0;0;0;0;0;0;100;0;0;1;4;0;0;0;0;0;0;0;0;0;0;0;0;0;0;0;0;0;0
26.10.2024;08:33;A 38;1;1;1;0;0;2;5;0;0;1;0;1;0;1;4;0;0;0;0;0;0;0;0;0;0;2;1;0;100;1;3;3;18;0;0;0;0;0;0;0;0;0;0;0;0;0;0;0;0;0;0
26.10.2024;08:32;A 38;1;2;23;1;1;0;26;1;4;4;6;1;0;2;14;1;3;0;0;0;0;0;0;0;0;0;0;0;100;0;0;2;16;0;0;0;0;0;0;0;0;0;0;0;0;0;0;0;0;0;0
26.10.2024;08:31;A 38;1;1;35;0;0;2;33;0;0;0;0;0;0;1;6;0;0;1;29;0;0;1;11;0;0;0;0;0;100;0;0;1;8;0;0;0;0;0;0;0;0;0;0;0;0;0;0;0;0;0;0
26.10.2024;08:30;A 38;1;1;0;0;0;2;3;0;0;1;0;0;0;1;4;0;0;0;0;0;0;0;0;0;0;0;0;0;100;0;0;1;7;0;0;0;0;0;0;0;0;0;0;0;0;0;0;0;0;0;0
26.10.2024;08:29;A 38;1;1;0;0;0;1;3;0;0;4;3;0;0;1;13;0;0;0;0;0;0;0;0;0;0;1;0;0;100;1;4;1;4;0;0;0;0;0;0;0;0;0;0;0;0;0;0;0;0;0;0
26.10.2024;08:28;A 38;1;3;40;0;0;1;56;0;0;1;2;0;0;2;13;0;0;1;29;0;0;1;7;0;0;0;0;0;100;0;0;0;0;0;0;0;0;0;0;0;0;0;0;0;0;0;0;0;0;0;0
26.10.2024;08:27;A 38;1;4;3;0;0;3;10;0;0;4;3;0;0;3;15;0;0;0;0;0;0;0;0;0;0;1;0;0;100;0;0;2;11;0;0;0;0;0;0;0;0;0;0;0;0;0;0;0;0;0;0
26.10.2024;08:26;A 38;1;5;5;0;0;5;22;0;0;6;5;1;0;4;26;1;4;0;0;0;0;0;0;0;0;0;0;0;100;0;0;2;10;0;0;0;0;0;0;0;0;0;0;0;0;0;0;0;0;0;0
26.10.2024;08:25;A 38;1;2;2;0;0;2;10;0;0;1;15;0;0;2;21;1;1;0;29;0;0;0;0;0;0;0;0;0;100;0;0;0;0;0;0;0;0;0;0;0;0;0;0;0;0;0;0;0;0;0;0
26.10.2024;08:24;A 38;1;5;4;0;0;2;16;0;0;5;3;0;0;3;14;0;0;1;0;0;0;1;35;0;0;0;0;0;100;0;0;0;0;0;0;0;0;0;0;0;0;0;0;0;0;0;0;0;0;0;0
26.10.2024;08:23;A 38;1;4;3;0;0;3;17;0;0;6;4;0;0;3;22;0;0;0;0;0;0;0;0;0;0;1;0;0;100;0;0;1;7;0;0;0;0;0;0;0;0;1;6;1;6;1;7;0;0;0;0
26.10.2024;08:22;A 38;1;3;25;0;0;3;40;0;0;1;1;0;0;1;5;0;0;0;0;0;0;0;0;0;0;1;0;0;100;1;5;1;6;0;0;0;0;0;0;0;0;0;0;0;0;0;0;0;0;0;0
26.10.2024;08:21;A 38;1;2;2;0;0;1;6;0;0;2;1;0;0;1;7;0;0;0;0;0;0;0;0;0;0;0;0;0;100;0;0;2;10;0;0;0;0;0;0;0;0;0;0;0;0;0;0;0;0;0;0
26.10.2024;08:20;A 38;1;2;1;0;0;2;9;0;0;2;1;0;0;2;7;0;0;0;0;0;0;0;0;0;0;0;0;0;100;0;0;2;17;0;0;0;0;0;0;0;0;0;0;0;0;0;0;0;0;0;0
26.10.2024;08:19;A 38;1;3;2;0;0;2;10;0;0;3;2;0;0;3;11;0;0;0;0;0;0;0;0;0;0;0;0;0;100;0;0;1;9;0;0;0;0;0;0;0;0;0;0;0;0;0;0;0;0;0;0
26.10.2024;08:18;A 38;1;2;1;0;0;3;9;0;0;2;1;0;0;2;6;0;0;0;0;0;0;0;0;0;0;1;0;0;100;1;3;0;0;0;0;0;0;0;0;0;0;0;0;0;0;0;0;0;0;0;0
26.10.2024;08:17;A 38;1;3;2;0;0;3;13;0;0;4;2;0;0;4;15;0;0;0;0;0;0;0;0;0;0;0;0;0;100;0;0;2;9;0;0;0;0;0;0;0;0;0;0;0;0;0;0;0;0;0;0
26.10.2024;08:16;A 38;1;2;1;0;0;2;5;0;0;1;0;0;0;1;3;0;0;0;0;0;0;0;0;0;0;0;0;0;100;0;0;3;14;0;0;0;0;0;0;0;0;0;0;0;0;0;0;0;0;0;0
26.10.2024;08:15;A 38;1;0;0;0;0;0;0;0;0;0;0;0;0;0;0;0;0;0;0;0;0;0;0;0;0;0;0;0;100;0;0;1;4;0;0;0;0;0;0;0;0;0;0;0;0;0;0;0;0;0;0
26.10.2024;08:14;A 38;1;2;1;0;0;2;8;0;0;2;1;0;0;2;8;0;0;0;0;0;0;0;0;0;0;1;0;0;100;1;5;4;21;0;0;0;0;0;0;0;0;0;0;0;0;0;0;0;0;0;0
26.10.2024;08:13;A 38;1;3;2;0;0;2;12;0;0;3;2;0;0;2;11;0;0;0;0;0;0;0;0;0;0;0;0;0;100;0;0;1;4;0;0;0;0;0;0;0;0;0;0;0;0;0;0;0;0;0;0
26.10.2024;08:12;A 38;1;7;6;0;0;3;31;0;0;7;6;0;0;5;28;0;0;0;0;0;0;0;0;0;0;0;0;0;100;0;0;1;7;0;0;0;0;0;0;0;0;0;0;0;0;0;0;0;0;0;0
26.10.2024;08:11;A 38;1;1;1;0;0;1;6;0;0;1;1;0;0;1;6;0;0;0;0;0;0;0;0;0;0;1;0;0;100;0;0;1;6;0;0;0;0;0;0;0;0;0;0;0;0;0;0;0;0;0;0
26.10.2024;08:10;A 38;1;1;0;0;0;1;4;0;0;46;5;0;0;1;3;0;0;0;0;0;0;0;0;0;0;1;0;0;100;0;0;1;9;0;0;0;0;0;0;0;0;0;0;0;0;0;0;0;0;0;0
26.10.2024;08:09;A 38;1;1;0;0;0;1;3;0;0;67;8;0;0;1;3;0;0;0;0;0;0;0;0;0;0;2;2;0;100;1;9;2;16;0;0;0;0;0;0;0;0;0;0;0;0;0;0;0;0;0;0
26.10.2024;08:08;A 38;1;3;2;0;0;3;15;0;0;22;19;0;0;4;21;0;0;0;0;0;0;0;0;0;0;0;0;0;100;0;0;1;3;0;0;0;0;0;0;0;0;0;0;0;0;2;7;0;0;0;0
26.10.2024;08:07;A 38;1;1;0;0;0;1;5;0;0;59;15;5;0;1;13;0;0;1;31;0;0;1;10;0;0;0;0;0;100;0;0;0;0;0;0;0;0;0;0;0;0;1;5;2;6;0;0;0;0;0;0
26.10.2024;08:06;A 38;1;0;0;0;0;0;0;0;0;13;1;0;0;1;7;0;0;1;21;0;0;1;15;0;0;0;0;0;100;0;0;0;0;0;0;0;0;0;0;0;0;0;0;0;0;0;0;0;0;0;0
26.10.2024;08:05;A 38;1;3;4;1;0;1;17;3;5;3;4;1;0;2;19;1;3;0;0;0;0;0;0;0;0;0;0;0;100;0;0;1;8;0;0;0;0;0;0;0;0;0;0;0;0;0;0;0;0;0;0
26.10.2024;08:04;A 38;1;1;0;0;0;1;5;0;0;2;1;0;0;1;6;0;0;0;0;0;0;0;0;0;0;0;0;0;100;0;0;3;14;0;0;0;0;0;0;0;0;0;0;0;0;0;0;0;0;0;0
26.10.2024;08:03;A 38;1;2;1;0;0;3;12;0;0;1;0;1;0;2;7;0;0;0;0;0;0;0;0;0;0;0;0;0;100;0;0;1;6;0;0;0;0;0;0;0;0;0;0;0;0;0;0;0;0;0;0
26.10.2024;08:02;A 38;1;0;0;0;0;0;0;0;0;0;0;0;0;0;0;0;0;0;0;0;0;0;0;0;0;1;1;0;100;1;6;1;11;0;0;0;0;0;0;0;0;0;0;0;0;0;0;0;0;0;0
26.10.2024;08:01;A 38;1;0;0;0;0;0;0;0;0;0;0;0;0;0;0;0;0;0;0;0;0;0;0;0;0;2;0;0;100;0;0;2;10;0;0;0;0;0;0;0;0;0;0;0;0;0;0;0;0;0;0
26.10.2024;08:00;A 38;1;2;1;0;0;2;13;0;0;2;1;0;0;2;9;0;0;0;0;0;0;0;0;0;0;1;0;0;100;0;0;2;12;0;0;0;0;0;0;0;0;0;0;0;0;0;0;0;0;0;0
26.10.2024;07:59;A 38;1;2;2;0;0;2;13;0;0;2;1;0;0;2;8;0;0;0;0;0;0;0;0;0;0;0;0;0;100;0;0;0;0;0;0;0;0;0;0;0;0;0;0;0;0;0;0;0;0;0;0
26.10.2024;07:58;A 38;1;1;0;0;0;1;6;0;0;1;0;0;0;1;4;0;0;0;0;0;0;0;0;0;0;2;1;0;100;0;0;3;25;0;0;0;0;0;0;0;0;0;0;0;0;0;0;0;0;0;0
26.10.2024;07:57;A 38;1;2;1;0;0;2;10;0;0;2;1;0;0;3;8;0;0;0;0;0;0;0;0;0;0;0;0;0;100;0;0;1;0;0;0;0;0;0;0;0;0;0;0;0;0;0;0;0;0;0;0
26.10.2024;07:56;A 38;1;2;1;0;0;3;11;0;0;1;1;1;0;1;4;1;2;0;0;0;0;0;0;0;0;0;0;0;100;0;0;1;5;0;0;0;0;0;0;0;0;0;0;0;0;0;0;0;0;0;0
26.10.2024;07:55;A 38;1;0;0;0;0;0;0;0;0;1;1;1;0;1;6;0;0;0;0;0;0;0;0;0;0;0;0;0;100;0;0;0;0;0;0;0;0;0;0;0;0;1;6;0;4;0;0;0;0;0;0
26.10.2024;07:54;A 38;1;1;31;0;0;1;10;0;0;0;0;0;0;0;0;0;0;0;0;0;0;0;0;0;0;0;0;0;100;0;0;1;25;0;0;0;0;0;0;0;0;0;0;1;27;0;3;0;0;0;0
26.10.2024;07:53;A 38;1;3;22;0;0;0;29;0;0;3;3;0;0;1;14;0;0;0;0;0;0;0;0;0;0;0;0;0;100;0;0;2;10;0;0;0;0;0;0;0;0;0;0;0;0;1;3;0;0;0;0
26.10.2024;07:52;A 38;1;2;1;0;0;4;14;0;0;2;1;1;0;2;7;0;0;0;0;0;0;0;0;0;0;0;0;0;100;0;0;1;9;0;0;0;0;0;0;0;0;0;0;0;0;0;0;0;0;0;0
26.10.2024;07:51;A 38;1;1;1;0;0;2;11;0;0;1;1;0;0;1;5;0;0;0;0;0;0;0;0;0;0;1;0;0;100;0;0;1;2;0;0;0;0;0;0;0;0;0;0;0;0;0;0;0;0;0;0
26.10.2024;07:50;A 38;1;4;3;1;0;4;24;0;0;3;2;2;1;2;17;1;2;0;0;0;0;0;0;0;0;0;0;0;100;0;0;3;9;0;0;0;0;0;0;0;0;0;0;0;0;0;0;0;0;0;0
26.10.2024;07:49;A 38;1;1;0;0;0;0;0;0;0;1;0;0;0;2;2;0;0;0;0;0;0;0;0;0;0;0;0;0;100;0;0;1;4;0;0;0;0;0;0;0;0;0;0;0;0;0;0;0;0;0;0
26.10.2024;07:48;A 38;1;0;0;0;0;0;0;0;0;0;0;0;0;0;0;0;0;0;0;0;0;0;0;0;0;0;0;0;100;0;0;2;7;0;0;0;0;0;0;0;0;0;0;0;0;0;0;0;0;0;0
26.10.2024;07:47;A 38;1;1;0;0;0;1;4;0;0;1;0;0;0;1;5;0;0;0;0;0;0;0;0;0;0;0;0;0;100;0;0;0;0;0;0;0;0;0;0;0;0;0;0;0;0;0;0;0;0;0;0
26.10.2024;07:46;A 38;1;4;2;0;0;5;16;0;0;4;2;0;0;4;15;0;0;0;0;0;0;0;0;0;0;0;0;0;100;0;0;0;2;0;0;0;0;0;0;0;0;0;0;0;0;0;0;0;0;0;0
26.10.2024;07:45;A 38;1;2;2;0;0;3;15;0;0;2;2;0;0;2;13;0;0;0;0;0;0;0;0;0;0;0;0;0;100;0;0;1;5;0;0;0;0;0;0;0;0;0;0;0;0;0;0;0;0;0;0
26.10.2024;07:44;A 38;1;2;1;0;0;3;4;0;0;2;1;0;0;2;5;0;0;0;0;0;0;0;0;0;0;0;0;0;100;0;0;0;0;0;0;0;0;0;0;0;0;0;0;0;0;0;0;0;0;0;0
26.10.2024;07:43;A 38;1;3;2;0;0;5;13;0;0;3;2;0;0;2;12;0;0;0;0;0;0;0;0;0;0;0;0;0;100;0;0;1;5;0;0;0;0;0;0;0;0;0;0;0;0;0;0;0;0;0;0
26.10.2024;07:42;A 38;1;2;2;0;0;2;9;0;0;1;0;0;0;1;3;0;0;0;0;0;0;0;0;0;0;0;0;0;100;0;0;2;5;0;0;0;0;0;0;0;0;0;0;0;0;0;0;0;0;0;0
26.10.2024;07:41;A 38;1;2;1;0;0;4;10;0;0;2;1;0;0;2;8;0;0;0;0;0;0;0;0;0;0;0;0;0;100;0;0;1;4;0;0;0;0;0;0;0;0;0;0;0;0;0;0;0;0;0;0
26.10.2024;07:40;A 38;1;1;0;0;0;1;2;0;0;47;7;0;0;1;2;0;0;0;0;0;0;0;0;0;0;0;0;0;100;0;0;1;8;0;0;0;0;0;0;0;0;0;0;0;0;0;0;0;0;0;0
26.10.2024;07:39;A 38;1;2;1;0;0;1;8;0;0;18;3;0;0;1;7;0;0;0;0;0;0;0;0;0;0;0;0;0;100;0;0;1;8;0;0;0;0;0;0;0;0;0;0;0;0;0;0;0;0;0;0
26.10.2024;07:38;A 38;1;1;0;0;0;1;4;0;0;114;19;16;2;1;3;0;0;0;0;0;0;0;0;0;0;0;0;0;100;0;0;0;0;0;0;0;0;0;0;0;0;1;6;0;0;1;6;0;0;0;0
26.10.2024;07:37;A 38;1;4;31;1;12;2;47;1;3;243;43;1;0;2;18;1;2;0;0;0;0;0;0;0;0;0;0;0;100;1;2;2;10;0;0;0;0;0;0;0;0;0;0;1;6;0;0;0;0;0;0
26.10.2024;07:36;A 38;1;0;0;0;0;0;0;0;0;24;3;0;0;0;0;0;0;0;0;0;0;0;0;0;0;0;0;0;100;0;0;0;0;0;0;0;0;0;0;0;0;0;0;0;0;0;0;0;0;0;0
26.10.2024;07:35;A 38;1;2;1;0;0;1;5;0;0;2;1;0;0;2;9;0;0;0;0;0;0;0;0;0;0;0;0;0;100;0;0;1;9;0;0;0;0;0;0;0;0;0;0;0;0;0;0;0;0;0;0
26.10.2024;07:34;A 38;1;2;2;0;0;5;11;0;0;2;1;0;0;2;8;0;0;0;0;0;0;0;0;0;0;0;0;0;100;0;0;0;0;0;0;0;0;0;0;0;0;0;0;0;0;0;0;0;0;0;0
26.10.2024;07:33;A 38;1;0;0;0;0;0;0;0;0;0;0;0;0;0;0;0;0;0;0;0;0;0;0;0;0;0;0;0;100;0;0;4;21;0;0;0;0;0;0;0;0;0;0;0;0;0;0;0;0;0;0
26.10.2024;07:32;A 38;1;0;0;0;0;0;0;0;0;0;0;0;0;0;0;0;0;0;0;0;0;0;0;0;0;1;0;0;100;0;0;2;16;0;0;0;0;0;0;0;0;0;0;0;0;0;0;0;0;0;0
26.10.2024;07:31;A 38;1;4;3;0;0;4;15;0;0;4;3;0;0;3;17;0;0;0;0;0;0;0;0;0;0;0;0;0;100;0;0;3;15;0;0;0;0;0;0;0;0;0;0;0;0;0;0;0;0;0;0
26.10.2024;07:30;A 38;1;0;0;0;0;0;0;0;0;0;0;0;0;0;0;0;0;0;0;0;0;0;0;0;0;0;0;0;100;0;0;0;0;0;0;0;0;0;0;0;0;0;0;0;0;0;0;0;0;0;0
26.10.2024;07:29;A 38;1;2;1;0;0;2;11;0;0;2;1;0;0;2;8;0;0;0;0;0;0;0;0;0;0;1;0;0;100;0;0;1;6;0;0;0;0;0;0;0;0;0;0;0;0;0;0;0;0;0;0
26.10.2024;07:28;A 38;1;2;1;0;0;3;10;0;0;2;2;0;0;2;11;0;0;0;0;0;0;0;0;0;0;0;0;0;100;0;0;1;15;0;0;0;0;0;0;0;0;0;0;0;0;0;0;0;0;0;0
26.10.2024;07:27;A 38;1;2;37;0;0;4;46;0;0;3;11;0;0;4;21;0;0;0;38;0;0;0;0;0;0;1;1;0;100;2;3;0;0;0;0;0;0;0;0;0;0;0;0;0;0;0;0;0;0;0;0
26.10.2024;07:26;A 38;1;5;4;0;0;4;22;0;0;5;4;1;0;3;22;0;0;1;2;0;0;2;13;0;0;0;0;0;100;0;0;0;0;0;0;0;0;0;0;0;0;0;0;0;0;0;0;0;0;0;0
26.10.2024;07:25;A 38;1;0;0;0;0;0;0;0;0;56;8;0;0;0;0;0;0;0;0;0;0;0;0;0;0;2;0;0;100;0;0;2;14;0;0;0;0;0;0;0;0;0;0;0;0;0;0;0;0;0;0
26.10.2024;07:24;A 38;1;2;1;0;0;1;3;0;0;43;8;0;0;2;12;0;0;0;0;0;0;0;0;0;0;0;0;0;100;0;0;1;8;0;0;0;0;0;0;0;0;0;0;0;0;1;7;0;0;0;0
26.10.2024;07:23;A 38;1;2;2;0;0;2;17;0;0;47;6;0;0;0;0;0;0;0;0;0;0;0;0;0;0;0;0;0;100;0;0;0;0;0;0;0;0;0;0;0;0;0;0;0;0;0;0;0;0;0;0
26.10.2024;07:22;A 38;1;1;31;0;0;1;10;0;0;28;5;5;2;1;9;0;0;0;0;0;0;0;0;0;0;0;0;0;100;0;0;1;8;0;0;0;0;0;0;0;0;1;6;1;6;0;0;0;0;0;0
26.10.2024;07:21;A 38;1;1;1;0;0;2;5;0;0;11;1;0;0;1;0;0;0;0;0;0;0;0;0;0;0;1;0;0;100;0;0;1;6;0;0;1;1;0;0;1;1;0;0;0;0;0;0;0;0;0;0
26.10.2024;07:20;A 38;1;4;3;0;0;1;15;0;0;4;3;0;0;2;17;0;0;0;0;0;0;0;0;0;0;1;1;0;100;1;2;2;23;0;0;0;0;0;0;0;0;0;0;0;0;0;0;0;0;0;0
26.10.2024;07:19;A 38;1;2;1;0;0;1;17;0;0;2;1;0;0;2;12;0;0;0;0;0;0;0;0;0;0;0;0;0;100;0;0;1;1;0;0;0;0;0;0;0;0;0;0;0;0;0;0;0;0;0;0
26.10.2024;07:18;A 38;1;1;0;0;0;2;1;0;0;1;0;0;0;1;2;0;0;0;0;0;0;0;0;0;0;0;0;0;100;0;0;0;0;0;0;0;0;0;0;0;0;0;0;0;0;0;0;0;0;0;0
26.10.2024;07:17;A 38;1;2;2;0;0;1;11;0;0;2;1;0;0;1;9;0;0;0;0;0;0;0;0;0;0;0;0;0;100;0;0;0;0;0;0;0;0;0;0;0;0;0;0;0;0;0;0;0;0;0;0
26.10.2024;07:16;A 38;1;0;0;0;0;0;0;0;0;0;0;0;0;0;0;0;0;0;0;1;0;0;0;0;0;1;0;0;100;0;3;3;10;0;0;0;0;0;0;0;0;0;0;0;0;0;0;0;0;0;0
26.10.2024;07:15;A 38;1;2;1;1;0;2;11;1;1;3;2;1;0;3;8;0;0;0;0;0;0;0;0;0;0;0;0;0;100;1;0;1;5;0;0;0;0;0;0;0;0;0;0;0;0;0;0;0;0;0;0
26.10.2024;07:14;A 38;1;3;2;0;0;4;12;0;0;3;2;0;0;3;11;0;0;0;0;0;0;0;0;0;0;0;0;0;100;0;0;1;6;0;0;0;0;0;0;0;0;0;0;0;0;0;0;0;0;0;0
26.10.2024;07:13;A 38;1;0;0;0;0;0;0;0;0;0;0;0;0;0;0;0;0;0;0;0;0;0;0;0;0;0;0;0;100;0;0;3;15;0;0;0;0;0;0;0;0;0;0;0;0;0;0;0;0;0;0
26.10.2024;07:12;A 38;1;3;2;0;0;3;16;0;0;3;2;0;0;3;14;0;0;0;0;0;0;0;0;0;0;0;0;0;100;0;0;0;0;0;0;0;0;0;0;0;0;0;0;0;0;0;0;0;0;0;0
26.10.2024;07:11;A 38;1;2;1;0;0;3;8;0;0;2;1;0;0;2;8;0;0;0;0;0;0;0;0;0;0;0;0;0;100;0;0;0;12;0;0;0;0;0;0;0;0;0;0;0;0;0;0;0;0;0;0
26.10.2024;07:10;A 38;1;2;1;0;0;2;11;0;0;2;1;0;0;1;11;0;0;0;0;0;0;0;0;0;0;0;0;0;100;0;0;2;10;0;0;0;0;0;0;0;0;0;0;0;0;0;0;0;0;0;0
26.10.2024;07:09;A 38;1;2;2;0;0;2;11;1;1;6;3;0;0;2;11;0;0;0;0;0;0;0;0;0;0;0;0;0;100;0;0;0;0;0;0;0;0;0;0;0;0;0;0;0;0;0;0;0;0;0;0
26.10.2024;07:08;A 38;1;5;5;0;0;4;30;0;0;218;48;2;0;3;20;0;0;0;0;0;0;0;0;0;0;0;0;0;100;0;0;0;0;0;0;0;0;0;0;0;0;2;4;0;0;0;0;0;0;0;0
26.10.2024;07:07;A 38;1;1;0;0;0;1;5;0;0;237;50;16;8;1;2;0;0;0;0;0;0;0;0;0;0;0;0;0;100;0;0;0;0;0;0;0;0;0;0;0;0;1;1;1;6;1;6;0;0;0;0
26.10.2024;07:06;A 38;1;3;3;0;0;4;14;0;0;4;4;0;0;5;16;0;0;0;0;0;0;0;0;0;0;0;0;0;100;0;0;0;3;0;0;0;0;0;0;0;0;0;0;0;0;0;0;0;0;0;0
26.10.2024;07:05;A 38;1;1;1;0;0;1;7;0;0;0;0;0;0;0;0;0;0;0;0;0;0;0;0;0;0;0;0;0;100;0;0;1;10;0;0;0;0;0;0;0;0;0;0;0;0;0;0;0;0;0;0
26.10.2024;07:04;A 38;1;1;0;0;0;2;4;0;0;1;0;0;0;1;4;0;0;0;0;0;0;0;0;0;0;0;0;0;100;0;0;0;0;0;0;0;0;0;0;0;0;0;0;0;0;0;0;0;0;0;0
26.10.2024;07:03;A 38;1;1;0;0;0;1;4;0;0;1;0;1;0;1;2;0;0;0;0;0;0;0;0;0;0;0;0;0;100;0;0;0;0;0;0;0;0;0;0;0;0;0;0;0;0;0;0;0;0;0;0
26.10.2024;07:02;A 38;1;1;0;0;0;1;4;0;0;2;1;0;0;2;5;0;0;0;0;0;0;0;0;0;0;2;1;0;100;2;9;1;6;0;0;0;0;0;0;0;0;0;0;0;0;0;0;0;0;0;0
26.10.2024;07:01;A 38;1;2;2;0;0;3;8;0;0;2;1;0;0;2;8;0;0;0;0;0;0;0;0;0;0;2;1;0;100;0;0;2;11;0;0;0;0;0;0;0;0;0;0;0;0;0;0;0;0;0;0
26.10.2024;07:00;A 38;1;1;0;0;0;2;6;0;0;0;0;0;0;0;0;0;0;0;0;0;0;0;0;0;0;0;0;0;100;0;0;0;0;0;0;0;0;0;0;0;0;0;0;0;0;0;0;0;0;0;0
26.10.2024;06:59;A 38;1;0;0;0;0;0;0;0;0;0;0;0;0;0;0;0;0;0;0;0;0;0;0;0;0;0;0;0;100;0;0;1;9;0;0;0;0;0;0;0;0;0;0;0;0;0;0;0;0;0;0
26.10.2024;06:58;A 38;1;0;0;0;0;0;0;0;0;1;2;0;0;1;9;0;0;0;0;0;0;0;0;0;0;1;1;0;100;1;8;1;1;0;0;0;0;0;0;0;0;0;0;0;0;0;0;0;0;0;0
26.10.2024;06:57;A 38;1;1;0;0;0;1;4;0;0;1;0;0;0;1;4;0;0;1;25;0;0;2;6;0;0;1;0;0;100;1;4;1;4;0;0;0;0;0;0;0;0;0;0;0;0;0;0;0;0;0;0
26.10.2024;06:56;A 38;1;0;0;0;0;0;0;0;0;120;15;0;0;0;0;0;0;0;0;0;0;0;0;0;0;1;0;0;100;0;0;1;5;0;0;0;0;0;0;0;0;0;0;0;0;0;0;0;0;0;0
26.10.2024;06:55;A 38;1;0;0;0;0;0;0;0;0;61;9;0;0;0;0;0;0;0;0;0;0;0;0;0;0;1;1;0;100;0;4;1;6;0;0;0;0;0;0;0;0;0;0;0;0;0;0;0;0;0;0
26.10.2024;06:54;A 38;1;2;1;0;0;3;12;0;0;30;6;1;0;2;9;0;0;0;0;0;0;0;0;0;0;0;0;0;100;1;2;1;7;0;0;0;0;0;0;0;0;0;0;0;0;1;7;0;0;0;0
26.10.2024;06:53;A 38;1;2;1;0;0;4;11;0;0;24;7;1;2;3;29;1;8;1;15;1;2;0;0;1;12;0;0;0;100;0;0;1;10;0;0;0;0;0;0;0;0;0;0;0;0;0;0;0;0;0;0
26.10.2024;06:52;A 38;1;1;22;0;0;2;7;0;0;168;32;6;2;2;10;0;0;0;0;0;0;2;9;0;0;0;0;0;100;0;0;0;64;0;0;0;0;0;0;0;0;1;6;1;6;0;0;0;0;0;0
26.10.2024;06:51;A 38;1;1;11;0;0;2;7;0;0;3;0;0;0;0;0;0;0;0;0;0;0;0;0;0;0;0;0;0;100;0;0;1;26;0;0;0;0;0;0;0;0;0;0;0;0;0;0;0;0;0;0
26.10.2024;06:50;A 38;1;1;52;0;0;1;7;0;0;2;12;0;0;4;11;0;0;0;20;0;0;0;0;0;0;0;0;0;100;0;0;0;0;0;0;0;0;0;0;0;0;0;0;0;0;0;0;0;0;0;0
26.10.2024;06:49;A 38;1;2;2;0;0;4;11;1;1;3;4;0;0;4;20;0;0;1;6;0;0;3;7;0;0;0;0;0;100;0;0;0;0;0;0;0;0;0;0;0;0;0;0;0;0;0;0;0;0;0;0
26.10.2024;06:48;A 38;1;3;3;0;0;1;8;0;0;4;3;0;0;2;16;0;0;1;24;0;0;2;9;0;0;1;0;0;100;1;7;3;15;0;0;0;0;0;0;0;0;0;0;0;0;0;0;0;0;0;0
26.10.2024;06:47;A 38;1;3;2;0;0;3;18;0;0;3;4;0;0;3;18;0;0;0;0;0;0;0;0;0;0;0;0;0;100;0;0;0;0;0;0;0;0;0;0;0;0;0;0;0;0;0;0;0;0;0;0
26.10.2024;06:46;A 38;1;0;0;0;0;0;0;0;0;0;0;0;0;0;0;0;0;1;27;0;0;1;7;0;0;1;0;0;100;1;3;1;3;0;0;0;0;0;0;0;0;0;0;0;0;0;0;0;0;0;0
26.10.2024;06:45;A 38;1;0;0;0;0;0;0;0;0;0;0;0;0;0;0;0;0;0;0;0;0;0;0;0;0;0;0;0;100;0;0;0;0;0;0;0;0;0;0;0;0;0;0;0;0;0;0;0;0;0;0
26.10.2024;06:44;A 38;1;0;0;0;0;0;0;0;0;0;0;0;0;0;0;0;0;0;0;0;0;0;0;0;0;3;2;0;100;2;12;2;10;0;0;0;0;0;0;0;0;0;0;0;0;0;0;0;0;0;0
26.10.2024;06:43;A 38;1;1;21;0;0;0;11;0;0;1;0;0;0;1;3;0;0;0;0;0;0;0;0;0;0;4;2;0;100;5;15;2;1;0;0;0;0;0;0;0;0;0;0;0;0;0;0;0;0;0;0
26.10.2024;06:42;A 38;1;4;3;0;0;4;16;0;0;4;3;0;0;4;15;0;0;0;0;1;0;0;0;0;0;1;1;0;100;1;1;0;0;0;0;0;0;0;0;0;0;0;0;0;0;0;0;0;0;0;0
26.10.2024;06:41;A 38;1;0;0;0;0;0;0;0;0;0;0;0;0;0;0;0;0;0;0;0;0;0;0;0;0;0;0;0;100;0;0;0;0;0;0;0;0;0;0;0;0;0;0;0;0;0;0;0;0;0;0
26.10.2024;06:40;A 38;1;0;0;0;0;0;0;0;0;1;1;0;0;1;8;0;0;0;0;0;0;0;0;0;0;0;0;0;100;1;1;2;11;0;0;0;0;0;0;0;0;0;0;0;0;0;0;0;0;0;0
26.10.2024;06:39;A 38;1;1;6;0;0;1;9;0;0;1;2;0;0;1;16;0;0;0;54;0;0;0;0;0;0;1;0;0;100;0;0;2;11;0;0;0;0;0;0;0;0;0;0;0;0;0;0;0;0;0;0
26.10.2024;06:38;A 38;1;2;1;0;0;3;9;0;0;3;2;1;0;2;9;0;0;1;67;0;0;1;10;0;0;0;0;0;100;0;0;1;7;0;0;0;0;0;0;0;0;1;6;1;7;1;7;0;0;0;0
26.10.2024;06:37;A 38;1;3;4;2;1;3;23;2;3;2;1;2;1;3;12;2;5;0;0;0;0;0;0;0;0;1;0;0;100;2;3;1;4;0;0;0;0;0;0;0;0;0;0;0;0;0;0;0;0;0;0
26.10.2024;06:36;A 38;1;2;1;0;0;3;8;0;0;2;1;0;0;2;7;0;0;0;0;0;0;0;0;0;0;0;0;0;100;0;0;2;7;0;0;0;0;0;0;0;0;0;0;0;0;0;0;0;0;0;0
26.10.2024;06:35;A 38;1;3;2;0;0;3;14;0;0;3;2;0;0;2;10;0;0;0;0;0;0;0;0;0;0;2;1;0;100;3;10;0;0;0;0;0;0;0;0;0;0;0;0;0;0;0;0;0;0;0;0
26.10.2024;06:34;A 38;1;1;1;0;0;1;16;0;0;2;3;0;0;3;12;1;0;0;8;0;0;0;0;0;0;0;0;0;100;0;0;2;33;0;0;0;0;0;0;0;0;0;0;0;0;0;0;0;0;0;0
26.10.2024;06:33;A 38;1;2;52;0;0;0;54;0;0;3;2;0;0;1;12;0;0;1;41;0;0;2;2;0;0;0;0;0;100;0;0;0;0;0;0;0;0;0;0;0;0;0;0;0;0;0;0;0;0;0;0
26.10.2024;06:32;A 38;1;1;20;0;0;2;24;0;0;0;0;0;0;0;0;0;0;0;0;1;0;0;0;0;0;1;0;0;100;1;6;0;0;0;0;0;0;0;0;0;0;0;0;0;0;0;0;0;0;0;0
26.10.2024;06:31;A 38;1;1;0;0;0;2;5;0;0;1;0;0;0;1;5;0;0;0;0;0;0;0;0;0;0;0;0;0;100;0;0;0;0;0;0;0;0;0;0;0;0;0;0;0;0;0;0;0;0;0;0
26.10.2024;06:30;A 38;1;0;0;0;0;0;0;0;0;1;2;0;0;1;3;1;2;0;0;1;24;0;0;1;5;0;0;0;100;0;0;0;0;0;0;0;0;0;0;0;0;0;0;0;0;0;0;0;0;0;0
26.10.2024;06:29;A 38;1;1;0;0;0;1;5;0;0;2;1;0;0;2;11;0;0;0;0;0;0;0;0;0;0;1;0;0;100;2;4;1;8;0;0;0;0;0;0;0;0;0;0;0;0;0;0;0;0;0;0
26.10.2024;06:28;A 38;1;1;19;0;0;2;8;0;0;1;9;1;1;2;5;1;3;1;30;1;1;1;2;2;9;0;0;0;100;0;0;1;11;0;0;0;0;0;0;0;0;0;0;0;0;0;0;0;0;0;0
26.10.2024;06:27;A 38;1;2;1;0;0;4;7;0;0;3;2;0;0;3;10;0;0;0;0;0;0;0;0;0;0;3;2;0;100;0;3;1;8;0;0;0;0;0;0;0;0;0;0;0;0;0;0;0;0;0;0
26.10.2024;06:26;A 38;1;3;12;0;0;4;18;0;0;4;7;0;0;5;30;0;0;1;38;0;0;0;0;1;8;2;1;0;100;2;9;2;6;0;0;0;0;0;0;0;0;0;0;0;0;0;0;0;0;0;0
26.10.2024;06:25;A 38;1;2;2;0;0;2;20;0;0;5;2;0;0;2;7;0;0;1;38;0;0;1;23;0;0;0;0;0;100;0;0;1;11;0;0;0;0;0;0;0;0;0;0;0;0;0;0;0;0;0;0
26.10.2024;06:24;A 38;1;1;41;1;33;1;10;1;7;1;1;1;0;1;3;1;4;0;0;0;0;0;0;0;0;1;0;0;100;0;0;0;13;0;0;2;3;0;0;0;0;0;0;0;0;0;0;0;0;0;0
26.10.2024;06:23;A 38;1;4;20;0;0;3;21;0;0;4;3;0;0;3;19;0;0;0;0;0;0;0;0;0;0;0;0;0;100;0;0;1;15;0;0;0;0;0;0;0;0;0;0;0;0;1;8;0;0;0;0
26.10.2024;06:22;A 38;1;3;35;0;0;1;37;0;0;4;3;1;0;1;14;0;0;0;0;0;0;0;0;0;0;0;0;0;100;0;0;0;0;0;0;0;0;0;0;0;0;1;5;1;6;0;0;0;0;0;0
26.10.2024;06:21;A 38;1;2;13;0;0;2;28;0;0;1;0;1;2;1;4;1;7;0;0;0;18;0;0;0;0;0;0;0;100;0;0;0;0;0;0;0;0;0;0;0;0;0;0;0;0;0;0;0;0;0;0
26.10.2024;06:20;A 38;1;2;2;0;0;3;11;0;0;2;1;0;0;2;6;0;0;0;0;1;5;0;0;2;8;0;0;0;100;0;0;1;6;0;0;0;0;0;0;0;0;0;0;0;0;0;0;0;0;0;0
26.10.2024;06:19;A 38;1;2;1;0;0;2;8;0;0;2;1;0;0;2;9;0;0;0;0;0;0;0;0;0;0;0;0;0;100;0;0;1;17;0;0;0;0;0;0;0;0;0;0;0;0;0;0;0;0;0;0
26.10.2024;06:18;A 38;1;0;15;0;0;0;0;0;0;1;0;0;1;1;3;0;0;0;0;1;0;0;0;0;0;1;1;0;100;0;2;4;61;0;0;0;0;0;0;0;0;0;0;0;0;0;0;0;0;0;0
26.10.2024;06:17;A 38;1;3;16;0;0;4;19;0;0;2;1;1;13;1;10;1;6;0;0;1;45;0;0;2;8;0;0;0;100;1;2;1;6;0;0;0;0;0;0;0;0;0;0;0;0;0;0;0;0;0;0
26.10.2024;06:16;A 38;1;1;0;0;0;0;3;0;0;2;10;0;0;4;16;0;0;1;24;0;0;1;10;0;0;0;0;0;100;0;0;2;14;0;0;0;0;0;0;0;0;0;0;0;0;0;0;0;0;0;0
26.10.2024;06:15;A 38;1;1;35;0;0;3;15;0;0;2;2;0;0;2;9;1;1;1;25;0;0;1;2;0;0;1;0;0;100;0;0;1;9;0;0;0;0;0;0;0;0;0;0;0;0;0;0;0;0;0;0
26.10.2024;06:14;A 38;1;1;0;0;0;1;6;0;0;1;0;0;0;1;4;0;0;0;0;0;0;1;5;0;0;1;0;0;100;0;0;2;14;0;0;0;0;0;0;0;0;0;0;0;0;0;0;0;0;0;0
26.10.2024;06:13;A 38;1;2;22;0;0;1;12;0;0;3;4;0;0;3;18;0;0;0;0;0;0;0;0;0;0;1;21;0;100;1;5;1;29;0;0;0;0;0;0;0;0;0;0;0;0;0;0;0;0;0;0
26.10.2024;06:12;A 38;1;0;0;0;0;1;5;0;0;0;0;0;0;0;0;0;0;1;24;0;0;3;7;0;0;2;0;0;100;1;6;2;15;0;0;0;0;0;0;0;0;0;0;0;0;0;0;0;0;0;0
26.10.2024;06:11;A 38;1;0;0;0;0;0;0;0;0;0;0;0;0;0;0;0;0;0;0;0;0;0;0;0;0;0;0;0;100;0;0;0;0;0;0;0;0;0;0;0;0;0;0;0;0;0;0;0;0;0;0
26.10.2024;06:10;A 38;1;0;0;0;0;0;0;0;0;0;0;0;0;0;0;0;0;0;0;0;0;0;0;0;0;0;0;0;100;0;0;1;13;0;0;0;0;0;0;0;0;0;0;0;0;0;0;0;0;0;0
26.10.2024;06:09;A 38;1;0;0;0;0;0;0;0;0;152;23;0;0;0;0;0;0;0;0;0;0;0;0;0;0;0;0;0;100;0;0;1;8;0;0;0;0;0;0;0;0;0;0;0;0;0;5;0;0;0;0
26.10.2024;06:08;A 38;1;1;0;0;0;2;6;0;0;1;0;0;0;2;2;0;0;0;0;0;0;0;0;0;0;0;0;0;100;0;0;1;0;0;0;0;0;0;0;0;0;0;0;0;0;1;1;0;0;0;0
26.10.2024;06:07;A 38;1;4;22;0;0;5;47;0;0;4;3;0;0;3;19;0;0;0;0;0;0;0;0;0;0;1;62;0;100;1;7;1;10;0;0;1;1;0;0;0;0;1;5;1;5;0;0;0;0;0;0
26.10.2024;06:06;A 38;1;0;0;0;0;0;0;0;0;0;0;0;0;0;0;0;0;0;0;0;0;0;0;0;0;1;0;0;100;1;5;0;0;0;0;0;0;0;0;0;0;0;0;0;0;0;0;0;0;0;0
26.10.2024;06:05;A 38;1;0;0;0;0;0;0;0;0;0;0;0;0;0;0;0;0;0;0;0;0;0;0;0;0;0;0;0;100;0;0;2;18;0;0;0;0;0;0;0;0;0;0;0;0;0;0;0;0;0;0
26.10.2024;06:04;A 38;1;2;36;0;0;2;11;0;0;4;8;0;0;6;19;0;0;0;0;0;0;0;0;0;0;0;0;0;100;0;0;0;0;0;0;0;0;0;0;0;0;0;0;0;0;0;0;0;0;0;0
26.10.2024;06:03;A 38;1;2;5;0;0;3;18;0;0;1;0;0;0;1;3;0;0;1;20;0;0;1;7;0;0;0;0;0;100;0;0;1;10;0;0;0;0;0;0;0;0;0;0;0;0;0;0;0;0;0;0
26.10.2024;06:02;A 38;1;2;1;0;0;3;4;0;0;2;1;0;0;2;5;0;0;0;0;0;0;0;0;0;0;1;0;0;100;0;0;0;0;0;0;0;0;0;0;0;0;0;0;0;0;0;0;0;0;0;0
26.10.2024;06:01;A 38;1;0;0;0;0;0;0;0;0;0;0;0;0;0;0;0;0;0;0;0;0;0;0;0;0;0;0;0;100;0;0;1;5;0;0;0;0;0;0;0;0;0;0;0;0;0;0;0;0;0;0
26.10.2024;06:00;A 38;1;0;0;0;0;0;0;0;0;0;4;0;0;0;0;0;0;0;0;0;0;0;0;0;0;0;0;0;100;0;0;0;0;0;0;0;0;0;0;0;0;0;0;0;0;0;0;0;0;0;0
26.10.2024;05:59;A 38;1;0;0;0;0;0;0;0;0;1;2;0;0;1;9;0;0;1;26;0;0;2;10;0;0;1;0;0;100;1;5;2;14;0;0;0;0;0;0;0;0;0;0;0;0;0;0;0;0;0;0
26.10.2024;05:58;A 38;1;0;0;0;0;0;0;0;0;0;0;0;0;0;0;0;0;0;0;0;0;0;0;0;0;1;0;0;100;1;6;0;0;0;0;0;0;0;0;0;0;0;0;0;0;0;0;0;0;0;0
26.10.2024;05:57;A 38;1;0;0;0;0;0;0;0;0;1;0;0;0;1;3;0;0;0;0;0;0;0;0;0;0;0;0;0;100;0;0;1;4;0;0;0;0;0;0;0;0;0;0;0;0;0;0;0;0;0;0
26.10.2024;05:56;A 38;1;2;2;0;0;2;11;0;0;1;0;0;0;1;4;0;0;0;0;0;0;0;0;0;0;1;0;0;100;2;2;1;7;0;0;0;0;0;0;0;0;0;0;0;0;0;0;0;0;0;0
26.10.2024;05:55;A 38;1;0;0;0;0;0;0;0;0;0;0;0;0;0;0;0;0;0;0;0;0;0;0;0;0;0;0;0;100;0;0;2;15;0;0;0;0;0;0;0;0;0;0;0;0;1;8;0;0;0;0
26.10.2024;05:54;A 38;1;2;40;0;0;1;25;0;0;2;2;0;0;1;10;0;0;0;0;0;0;0;0;0;0;0;0;0;100;0;0;2;11;0;0;0;0;0;0;0;0;0;0;0;0;0;0;0;0;0;0
26.10.2024;05:53;A 38;1;0;0;0;0;1;5;0;0;0;0;0;0;0;0;0;0;0;0;0;0;0;0;0;0;0;0;0;100;0;0;0;0;0;0;0;0;0;0;0;0;0;0;0;0;0;0;0;0;0;0
26.10.2024;05:52;A 38;1;0;0;0;0;0;0;0;0;3;0;2;0;0;0;0;0;0;0;0;0;0;0;0;0;1;41;0;100;0;0;3;5;0;0;0;0;0;0;0;0;1;6;1;7;0;0;0;0;0;0
26.10.2024;05:51;A 38;1;1;1;0;0;2;6;0;0;1;0;0;0;2;5;0;0;0;0;0;0;0;0;0;0;0;0;0;100;0;0;0;0;0;0;0;0;0;0;0;0;0;0;0;0;0;0;0;0;0;0
26.10.2024;05:50;A 38;1;1;11;0;0;1;10;0;0;1;0;0;0;1;5;0;0;0;0;0;0;0;0;0;0;4;1;0;100;1;5;1;8;0;0;0;0;0;0;0;0;0;0;0;0;0;0;0;0;0;0
26.10.2024;05:49;A 38;1;0;0;0;0;0;0;0;0;0;0;0;0;0;0;0;0;0;0;1;0;0;0;0;0;1;0;0;100;2;5;2;16;0;0;0;0;0;0;0;0;0;0;0;0;0;0;0;0;0;0
26.10.2024;05:48;A 38;1;1;0;0;0;2;5;0;0;1;0;0;0;1;2;0;0;0;0;0;0;0;0;0;0;0;0;0;100;0;0;1;7;0;0;0;0;0;0;0;0;0;0;0;0;0;0;0;0;0;0
26.10.2024;05:47;A 38;1;3;28;0;0;3;21;0;0;4;11;0;0;6;27;0;0;0;0;1;0;0;0;0;0;1;20;0;100;0;0;0;0;0;0;0;0;0;0;0;0;0;0;0;0;0;0;0;0;0;0
26.10.2024;05:46;A 38;1;0;0;0;0;1;4;0;0;0;0;0;0;0;0;0;0;1;25;0;0;2;11;0;0;1;0;0;100;3;15;1;5;0;0;0;0;0;0;0;0;0;0;0;0;0;0;0;0;0;0
26.10.2024;05:45;A 38;1;0;0;0;0;0;0;0;0;0;0;0;0;0;0;0;0;0;0;0;0;0;0;0;0;1;0;0;100;0;0;1;4;0;0;0;0;0;0;0;0;0;0;0;0;0;0;0;0;0;0
26.10.2024;05:44;A 38;1;1;0;0;0;1;3;0;0;1;0;1;0;1;2;0;0;0;0;0;0;0;0;0;0;0;0;0;100;0;0;0;0;0;0;0;0;0;0;0;0;0;0;0;0;0;0;0;0;0;0
26.10.2024;05:43;A 38;1;1;0;0;0;0;4;0;0;1;0;0;0;1;4;0;0;0;0;0;0;0;0;0;0;0;0;0;100;0;0;1;8;0;0;0;0;0;0;0;0;0;0;0;0;0;0;0;0;0;0
26.10.2024;05:42;A 38;1;0;0;0;0;1;1;0;0;0;0;0;0;0;0;0;0;0;0;0;0;0;0;0;0;0;0;0;100;0;0;0;0;0;0;0;0;0;0;0;0;0;0;0;0;0;0;0;0;0;0
26.10.2024;05:41;A 38;1;2;1;0;0;3;11;0;0;2;1;0;0;2;10;0;0;0;0;0;0;0;0;0;0;0;0;0;100;0;0;2;6;0;0;0;0;0;0;0;0;0;0;0;0;0;0;0;0;0;0
26.10.2024;05:40;A 38;1;1;0;0;0;2;5;0;0;1;0;0;0;1;4;0;0;0;0;0;0;0;0;0;0;0;0;0;100;1;2;1;7;0;0;0;0;0;0;0;0;0;0;0;0;0;0;0;0;0;0
26.10.2024;05:39;A 38;1;1;1;0;0;2;6;0;0;1;0;0;0;1;5;0;0;0;0;0;0;0;0;0;0;1;0;0;100;2;10;2;13;0;0;0;0;0;0;0;0;0;0;0;0;1;6;0;0;0;0
26.10.2024;05:38;A 38;1;1;35;0;0;2;3;0;0;2;1;0;0;2;7;0;0;0;0;0;0;0;0;0;0;0;0;0;100;0;0;0;0;0;0;0;0;0;0;0;0;0;0;0;0;0;0;0;0;0;0
26.10.2024;05:37;A 38;1;3;28;0;0;3;17;0;0;2;1;0;0;1;7;0;0;0;0;1;0;0;0;0;0;3;3;0;100;4;18;1;21;0;0;0;0;0;0;0;0;1;6;1;7;0;0;0;0;0;0
26.10.2024;05:36;A 38;1;0;0;0;0;1;6;0;0;0;0;0;0;0;0;0;0;0;0;0;0;0;0;0;0;0;0;0;100;0;0;0;0;0;0;0;0;0;0;0;0;0;0;0;0;0;0;0;0;0;0
26.10.2024;05:35;A 38;1;0;0;0;0;0;0;0;0;0;0;0;0;0;0;0;0;0;0;0;0;0;0;0;0;0;0;0;100;0;0;1;18;0;0;0;0;0;0;0;0;0;0;0;0;0;0;0;0;0;0
26.10.2024;05:34;A 38;1;0;0;0;0;0;0;0;0;0;0;0;0;0;0;0;0;0;0;0;0;0;0;0;0;2;0;0;100;3;7;3;4;0;0;0;0;0;0;0;0;0;0;0;0;0;0;0;0;0;0
26.10.2024;05:33;A 38;1;1;0;0;0;1;5;0;0;1;0;1;0;1;2;0;0;0;0;0;0;0;0;0;0;1;0;0;100;1;4;4;17;0;0;0;0;0;0;0;0;0;0;0;0;0;0;0;0;0;0
26.10.2024;05:32;A 38;1;1;0;0;0;2;5;0;0;1;0;0;0;1;5;0;0;0;0;0;0;0;0;0;0;1;0;0;100;0;0;1;5;0;0;0;0;0;0;0;0;0;0;0;0;0;0;0;0;0;0
26.10.2024;05:31;A 38;1;0;0;0;0;0;0;0;0;0;0;0;0;0;0;0;0;0;0;0;0;0;0;0;0;1;0;0;100;1;3;0;0;0;0;1;1;0;0;0;0;0;0;0;0;0;0;0;0;0;0
26.10.2024;05:30;A 38;1;0;0;0;0;0;0;0;0;0;0;0;0;0;0;0;0;0;0;0;0;0;0;0;0;0;0;0;100;0;0;1;4;0;0;0;0;0;0;0;0;0;0;0;0;0;0;0;0;0;0
26.10.2024;05:29;A 38;1;0;0;0;0;0;0;0;0;0;0;0;0;0;0;0;0;0;0;0;0;0;0;0;0;0;0;0;100;0;0;0;0;0;0;0;0;0;0;0;0;0;0;0;0;0;0;0;0;0;0
26.10.2024;05:28;A 38;1;1;1;0;0;2;5;0;0;1;0;0;0;1;6;0;0;0;0;0;0;0;0;0;0;0;0;0;100;0;0;0;0;0;0;0;0;0;0;0;0;0;0;0;0;0;0;0;0;0;0
26.10.2024;05:27;A 38;1;0;0;0;0;0;0;0;0;0;0;0;0;0;0;0;0;0;0;0;0;0;0;0;0;0;0;0;100;0;0;0;0;0;0;0;0;0;0;0;0;0;0;0;0;0;0;0;0;0;0
26.10.2024;05:26;A 38;1;2;1;0;0;2;11;0;0;2;1;0;0;2;7;0;0;0;0;0;0;0;0;0;0;0;0;0;100;0;0;0;3;0;0;0;0;0;0;0;0;0;0;0;0;0;0;0;0;0;0
26.10.2024;05:25;A 38;1;1;0;0;0;1;6;0;0;11;2;0;0;1;4;0;0;0;0;0;0;0;0;0;0;0;0;0;100;0;0;2;13;0;0;0;0;0;0;0;0;0;0;0;0;0;0;0;0;0;0
26.10.2024;05:24;A 38;1;1;0;0;0;1;4;0;0;32;6;1;0;1;13;0;0;0;0;0;0;0;0;0;0;2;87;0;100;1;85;1;5;0;0;0;0;0;0;0;0;0;0;0;0;1;6;0;0;0;0
26.10.2024;05:23;A 38;1;2;46;0;0;3;26;0;0;6;1;6;2;1;1;0;0;0;0;0;0;0;0;0;0;2;35;0;100;4;19;2;12;0;0;0;0;0;0;0;0;1;7;0;0;0;0;0;0;0;0
26.10.2024;05:22;A 38;1;2;11;1;1;2;19;0;0;32;7;1;0;2;10;1;2;0;0;0;0;0;0;0;0;0;0;0;100;0;0;1;12;0;0;0;0;0;0;0;0;0;0;1;7;0;0;0;0;0;0
26.10.2024;05:21;A 38;1;1;1;0;0;1;7;0;0;0;0;0;0;0;0;0;0;0;0;0;0;0;0;0;0;0;0;0;100;0;0;0;0;0;0;0;0;0;0;0;0;0;0;0;0;0;0;0;0;0;0
26.10.2024;05:20;A 38;1;0;0;0;0;0;0;0;0;1;12;0;0;1;6;1;1;1;27;0;0;0;4;0;0;0;0;0;100;0;0;1;12;0;0;0;0;0;0;0;0;0;0;0;0;0;0;0;0;0;0
26.10.2024;05:19;A 38;1;1;0;0;0;2;4;0;0;1;0;0;0;1;1;0;0;0;0;0;0;1;3;0;0;0;0;0;100;0;0;1;11;0;0;0;0;0;0;0;0;0;0;0;0;0;0;0;0;0;0
26.10.2024;05:18;A 38;1;1;0;0;0;2;6;0;0;1;0;0;0;2;7;0;0;0;0;0;0;0;0;0;0;0;0;0;100;0;0;1;15;0;0;0;0;0;0;0;0;0;0;0;0;0;0;0;0;0;0
26.10.2024;05:17;A 38;1;0;0;0;0;0;0;0;0;0;0;0;0;0;0;0;0;0;0;0;0;0;0;0;0;1;0;0;100;1;4;0;0;0;0;0;0;0;0;0;0;0;0;0;0;0;0;0;0;0;0
26.10.2024;05:16;A 38;1;1;0;0;0;1;5;0;0;1;0;0;0;1;4;0;0;0;0;0;0;0;0;0;0;1;0;0;100;1;5;0;0;0;0;0;0;0;0;0;0;0;0;0;0;0;0;0;0;0;0
26.10.2024;05:15;A 38;1;0;0;0;0;0;0;0;0;0;0;0;0;0;0;0;0;0;0;0;0;0;0;0;0;0;0;0;100;0;0;0;0;0;0;0;0;0;0;0;0;0;0;0;0;0;0;0;0;0;0
26.10.2024;05:14;A 38;1;0;0;0;0;0;0;0;0;0;0;0;0;0;0;0;0;0;0;0;0;0;0;0;0;0;0;0;100;0;0;1;5;0;0;0;0;0;0;0;0;0;0;0;0;0;0;0;0;0;0
26.10.2024;05:13;A 38;1;1;0;0;0;1;4;0;0;1;0;0;0;1;1;0;0;0;0;0;0;0;0;0;0;1;0;0;100;1;5;1;6;0;0;0;0;0;0;0;0;0;0;0;0;0;0;0;0;0;0
26.10.2024;05:12;A 38;1;0;0;0;0;0;0;0;0;0;0;0;0;0;0;0;0;0;0;1;0;0;0;0;0;1;0;0;100;1;4;0;0;0;0;0;0;0;0;0;0;0;0;0;0;0;0;0;0;0;0
26.10.2024;05:11;A 38;1;0;0;0;0;0;0;0;0;0;0;0;0;0;0;0;0;0;0;0;0;0;0;0;0;1;0;0;100;0;0;3;11;0;0;0;0;0;0;0;0;0;0;0;0;0;0;0;0;0;0
26.10.2024;05:10;A 38;1;1;15;0;0;2;13;0;0;90;13;0;0;1;6;0;0;0;0;0;0;0;0;0;0;0;0;0;100;0;0;0;0;0;0;0;0;0;0;0;0;0;0;0;0;0;0;0;0;0;0
26.10.2024;05:09;A 38;1;1;0;0;0;2;3;0;0;174;28;0;0;1;4;0;0;0;0;0;0;0;0;0;0;1;0;0;100;2;8;2;31;0;0;1;1;0;0;1;1;0;0;0;0;1;8;0;0;0;0
26.10.2024;05:08;A 38;1;0;0;0;0;0;0;0;0;153;28;16;4;0;0;0;0;0;0;0;0;0;0;0;0;0;0;0;100;0;0;1;10;0;0;0;0;0;0;0;0;1;6;0;5;0;0;0;0;0;0
26.10.2024;05:07;A 38;1;0;0;0;0;0;0;0;0;20;3;0;0;0;0;0;0;0;0;0;0;0;0;0;0;0;0;0;100;0;0;0;0;0;0;0;0;0;0;0;0;0;0;1;3;0;0;0;0;0;0
26.10.2024;05:06;A 38;1;1;1;0;0;1;7;0;0;1;1;0;0;1;7;0;0;0;0;0;0;0;0;0;0;1;0;0;100;1;2;0;0;0;0;0;0;0;0;0;0;0;0;0;0;0;0;0;0;0;0
26.10.2024;05:05;A 38;1;0;0;0;0;0;0;0;0;0;0;0;0;0;0;0;0;0;0;0;0;0;0;0;0;2;34;0;100;1;4;2;17;0;0;0;0;0;0;0;0;0;0;0;0;0;0;0;0;0;0
26.10.2024;05:04;A 38;1;1;1;0;0;2;6;0;0;1;0;0;0;1;3;0;0;0;0;1;0;0;0;0;0;1;0;0;100;2;14;1;4;0;0;0;0;0;0;0;0;0;0;0;0;0;0;0;0;0;0
26.10.2024;05:03;A 38;1;1;0;0;0;2;3;0;0;2;1;0;0;2;8;0;0;0;0;0;0;0;0;0;0;0;0;0;100;0;0;3;11;0;0;0;0;0;0;0;0;0;0;0;0;0;0;0;0;0;0
26.10.2024;05:02;A 38;1;1;0;0;0;1;5;0;0;0;0;0;0;0;0;0;0;0;0;0;0;0;0;0;0;0;0;0;100;0;0;0;0;0;0;0;0;0;0;0;0;0;0;0;0;0;0;0;0;0;0
26.10.2024;05:01;A 38;1;0;0;0;0;0;0;0;0;0;0;0;0;0;0;0;0;0;0;0;0;0;0;0;0;1;0;0;100;0;0;1;3;0;0;0;0;0;0;0;0;0;0;0;0;0;0;0;0;0;0
26.10.2024;05:00;A 38;1;0;0;0;0;0;0;0;0;0;0;0;0;0;0;0;0;0;0;0;0;0;0;0;0;0;0;0;100;0;0;0;0;0;0;0;0;0;0;0;0;0;0;0;0;0;0;0;0;0;0
26.10.2024;04:59;A 38;1;0;0;0;0;0;0;0;0;0;0;0;0;0;0;0;0;0;0;0;0;0;0;0;0;0;0;0;100;0;0;0;0;0;0;0;0;0;0;0;0;0;0;0;0;0;0;0;0;0;0
26.10.2024;04:58;A 38;1;1;0;0;0;2;5;0;0;1;0;0;0;1;6;0;0;0;0;0;0;0;0;0;0;1;0;0;100;1;0;1;2;0;0;0;0;0;0;0;0;0;0;0;0;0;0;0;0;0;0
26.10.2024;04:57;A 38;1;0;0;0;0;0;0;0;0;0;0;0;0;0;0;0;0;0;0;0;0;0;0;0;0;1;0;0;100;1;6;0;0;0;0;0;0;0;0;0;0;0;0;0;0;0;0;0;0;0;0
26.10.2024;04:56;A 38;1;0;0;0;0;0;0;0;0;0;0;0;0;0;0;0;0;0;0;0;0;0;0;0;0;2;1;0;100;2;9;0;0;0;0;0;0;0;0;0;0;0;0;0;0;0;0;0;0;0;0
26.10.2024;04:55;A 38;1;0;0;0;0;0;0;0;0;71;9;0;0;0;0;0;0;0;0;0;0;0;0;0;0;0;18;0;100;0;0;0;0;0;0;0;0;0;0;0;0;0;0;0;0;0;6;0;0;0;0
26.10.2024;04:54;A 38;1;0;0;0;0;0;0;0;0;0;0;0;0;0;0;0;0;0;0;0;0;0;0;0;0;1;88;0;100;1;3;3;22;0;0;0;0;0;0;0;0;0;0;0;0;1;2;0;0;0;0
26.10.2024;04:53;A 38;1;0;0;0;0;0;0;0;0;0;0;0;0;0;0;0;0;0;0;0;0;0;0;0;0;0;0;0;100;0;0;0;0;0;0;0;0;0;0;0;0;0;0;0;0;0;0;0;0;0;0
26.10.2024;04:52;A 38;1;1;15;0;0;3;12;0;0;1;1;0;0;2;6;0;0;0;0;1;0;0;0;0;0;1;0;0;100;0;0;1;10;0;0;0;0;0;0;0;0;0;0;0;0;0;0;0;0;0;0
26.10.2024;04:51;A 38;1;0;0;0;0;0;0;0;0;0;0;0;0;0;0;0;0;0;0;0;0;0;0;0;0;1;0;0;100;1;5;0;0;0;0;0;0;0;0;0;0;0;0;0;0;0;0;0;0;0;0
26.10.2024;04:50;A 38;1;0;0;0;0;0;0;0;0;0;0;0;0;0;0;0;0;0;0;0;0;0;0;0;0;1;0;0;100;1;0;1;4;0;0;0;0;0;0;0;0;0;0;0;0;0;0;0;0;0;0
26.10.2024;04:49;A 38;1;1;1;0;0;2;6;0;0;1;0;0;0;1;3;0;0;0;0;0;0;0;0;0;0;1;4;0;100;2;5;1;8;0;0;0;0;0;0;1;1;0;0;0;0;0;0;0;0;0;0
26.10.2024;04:48;A 38;1;0;0;0;0;0;0;0;0;0;0;0;0;0;0;0;0;0;0;0;0;0;0;0;0;0;0;0;100;0;0;1;6;0;0;0;0;0;0;0;0;0;0;0;0;0;0;0;0;0;0
26.10.2024;04:47;A 38;1;0;9;0;0;0;0;0;0;1;0;0;0;1;5;0;0;0;0;0;0;0;0;0;0;0;0;0;100;0;0;0;0;0;0;0;0;0;0;0;0;0;0;0;0;0;0;0;0;0;0
26.10.2024;04:46;A 38;1;1;3;0;0;1;8;0;0;0;0;0;0;0;0;0;0;0;0;0;0;0;0;0;0;0;10;0;100;0;0;0;0;0;0;0;0;0;0;0;0;0;0;0;0;0;0;0;0;0;0
26.10.2024;04:45;A 38;1;0;0;0;0;0;0;0;0;0;0;0;0;0;0;0;0;0;0;1;0;0;0;0;0;2;40;0;100;2;17;1;11;0;0;0;0;0;0;1;1;0;0;0;0;0;0;0;0;0;0
26.10.2024;04:44;A 38;1;1;0;0;0;3;5;0;0;1;0;0;0;1;4;0;0;0;0;0;0;0;0;0;0;1;0;0;100;1;5;1;1;0;0;0;0;0;0;0;0;0;0;0;0;0;0;0;0;0;0
26.10.2024;04:43;A 38;1;0;0;0;0;0;0;0;0;0;0;0;0;0;0;0;0;0;0;0;0;0;0;0;0;0;0;0;100;0;0;2;12;0;0;0;0;0;0;0;0;0;0;0;0;0;0;0;0;0;0
26.10.2024;04:42;A 38;1;0;0;0;0;0;0;0;0;0;0;0;0;0;0;0;0;0;0;0;0;0;0;0;0;1;0;0;100;0;3;0;0;0;0;0;0;0;0;0;0;0;0;0;0;0;0;0;0;0;0
26.10.2024;04:41;A 38;1;0;0;0;0;0;0;0;0;0;0;0;0;0;0;0;0;0;0;0;0;0;0;0;0;1;0;0;100;1;1;1;7;0;0;0;0;0;0;0;0;0;0;0;0;0;0;0;0;0;0
26.10.2024;04:40;A 38;1;0;0;0;0;0;0;0;0;0;0;0;0;0;0;0;0;0;0;0;0;0;0;0;0;0;0;0;100;0;0;0;0;0;0;0;0;0;0;0;0;0;0;0;0;0;0;0;0;0;0
26.10.2024;04:39;A 38;1;0;0;0;0;0;0;0;0;0;0;0;0;0;0;0;0;0;0;0;0;0;0;0;0;1;0;0;100;1;3;0;0;0;0;0;0;0;0;0;0;0;0;0;0;0;0;0;0;0;0
26.10.2024;04:38;A 38;1;0;0;0;0;0;0;0;0;0;0;0;0;0;0;0;0;0;0;0;0;0;0;0;0;0;0;0;100;0;0;1;5;0;0;0;0;0;0;0;0;0;0;0;0;0;0;0;0;0;0
26.10.2024;04:37;A 38;1;0;0;0;0;0;0;0;0;0;0;2;0;0;0;0;0;0;0;0;0;0;0;0;0;2;1;0;100;3;6;0;0;0;0;0;0;0;0;0;0;1;6;1;7;0;0;0;0;0;0
26.10.2024;04:36;A 38;1;1;0;0;0;1;2;0;0;5;1;0;0;1;5;0;0;0;0;0;0;0;0;0;0;0;0;0;100;0;0;0;0;0;0;0;0;0;0;0;0;0;0;0;0;0;0;0;0;0;0
26.10.2024;04:35;A 38;1;1;1;1;0;2;13;1;1;2;1;1;0;1;5;1;1;0;0;0;0;0;0;0;0;0;0;0;100;0;0;0;0;0;0;0;0;0;0;0;0;0;0;0;0;0;0;0;0;0;0
26.10.2024;04:34;A 38;1;0;0;0;0;0;0;0;0;0;0;0;0;0;0;0;0;0;0;0;0;0;0;0;0;0;0;0;100;0;0;1;6;0;0;0;0;0;0;0;0;0;0;0;0;0;0;0;0;0;0
26.10.2024;04:33;A 38;1;0;0;0;0;0;0;0;0;0;0;0;0;0;0;0;0;0;0;0;0;0;0;0;0;0;0;0;100;0;0;0;0;0;0;0;0;0;0;0;0;0;0;0;0;0;0;0;0;0;0
26.10.2024;04:32;A 38;1;0;0;0;0;0;0;0;0;0;0;0;0;0;0;0;0;0;0;0;0;0;0;0;0;1;0;0;100;1;1;2;8;0;0;0;0;0;0;0;0;0;0;0;0;0;0;0;0;0;0
26.10.2024;04:31;A 38;1;2;1;0;0;2;8;0;0;2;1;0;0;1;9;0;0;0;0;0;0;0;0;0;0;2;1;0;100;2;5;2;14;0;0;0;0;0;0;0;0;0;0;0;0;0;0;0;0;0;0
26.10.2024;04:30;A 38;1;1;0;0;0;1;4;0;0;1;0;0;0;1;4;0;0;0;0;0;0;0;0;0;0;0;0;0;100;0;0;0;0;0;0;0;0;0;0;0;0;0;0;0;0;0;0;0;0;0;0
26.10.2024;04:29;A 38;1;0;0;0;0;0;0;0;0;0;0;0;0;0;0;0;0;0;0;0;0;0;0;0;0;0;0;0;100;1;1;1;6;0;0;0;0;0;0;0;0;0;0;0;0;0;0;0;0;0;0
26.10.2024;04:28;A 38;1;1;0;0;0;1;5;0;0;1;0;0;0;1;4;0;0;0;0;0;0;0;0;0;0;0;0;0;100;0;0;0;0;0;0;0;0;0;0;0;0;0;0;0;0;0;0;0;0;0;0
26.10.2024;04:27;A 38;1;0;0;0;0;0;0;0;0;0;0;0;0;0;0;0;0;0;0;0;0;0;0;0;0;2;1;0;100;2;8;0;0;0;0;0;0;0;0;0;0;0;0;0;0;0;0;0;0;0;0
26.10.2024;04:26;A 38;1;0;0;0;0;0;0;0;0;0;0;0;0;0;0;0;0;0;0;0;0;0;0;0;0;1;0;0;100;2;2;1;5;0;0;0;0;0;0;0;0;0;0;0;0;0;0;0;0;0;0
26.10.2024;04:25;A 38;1;0;0;0;0;0;0;0;0;0;0;0;0;0;0;0;0;0;0;0;0;0;0;0;0;0;0;0;100;0;0;0;0;0;0;0;0;0;0;0;0;0;0;0;0;0;0;0;0;0;0
26.10.2024;04:24;A 38;1;0;0;0;0;0;0;0;0;3;0;0;0;0;0;0;0;0;0;0;0;0;0;0;0;0;0;0;100;0;0;2;16;0;0;0;0;0;0;0;0;0;0;0;0;1;8;0;0;0;0
26.10.2024;04:23;A 38;1;1;12;0;0;2;4;0;0;1;1;0;0;1;4;0;0;0;0;0;0;0;0;0;0;0;0;0;100;0;0;2;13;0;0;0;0;0;0;0;0;0;0;0;0;0;0;0;0;0;0
26.10.2024;04:22;A 38;1;1;0;0;0;1;4;0;0;1;0;0;0;1;1;0;0;0;0;0;0;0;0;0;0;0;0;0;100;0;0;0;0;0;0;0;0;0;0;0;0;0;0;0;0;0;0;0;0;0;0
26.10.2024;04:21;A 38;1;1;0;0;0;1;3;0;0;1;0;0;0;1;2;0;0;0;0;0;0;0;0;0;0;1;0;0;100;0;0;3;10;0;0;0;0;0;0;0;0;0;0;0;0;0;0;0;0;0;0
26.10.2024;04:20;A 38;1;0;0;0;0;0;0;0;0;0;0;0;0;0;0;0;0;0;0;0;0;0;0;0;0;0;0;0;100;0;0;1;7;0;0;0;0;0;0;0;0;0;0;0;0;0;0;0;0;0;0
26.10.2024;04:19;A 38;1;0;0;0;0;0;0;0;0;0;0;0;0;0;0;0;0;0;0;0;0;0;0;0;0;0;0;0;100;0;0;0;0;0;0;0;0;0;0;0;0;0;0;0;0;0;0;0;0;0;0
26.10.2024;04:18;A 38;1;0;0;0;0;0;0;0;0;0;0;0;0;0;0;0;0;0;0;0;0;0;0;0;0;0;0;0;100;0;0;1;7;0;0;0;0;0;0;0;0;0;0;0;0;0;0;0;0;0;0
26.10.2024;04:17;A 38;1;0;0;0;0;0;0;0;0;0;0;0;0;0;0;0;0;0;0;0;0;0;0;0;0;1;0;0;100;1;3;0;0;0;0;0;0;0;0;0;0;0;0;0;0;0;0;0;0;0;0
26.10.2024;04:16;A 38;1;0;0;0;0;0;0;0;0;0;0;0;0;0;0;0;0;0;0;0;0;0;0;0;0;0;0;0;100;0;0;1;6;0;0;0;0;0;0;0;0;0;0;0;0;0;0;0;0;0;0
26.10.2024;04:15;A 38;1;0;0;0;0;0;0;0;0;0;0;0;0;0;0;0;0;0;0;0;0;0;0;0;0;0;0;0;100;0;0;0;0;0;0;0;0;0;0;0;0;0;0;0;0;0;0;0;0;0;0
26.10.2024;04:14;A 38;1;2;1;0;0;1;9;0;0;2;1;0;0;1;10;0;0;0;0;0;0;0;0;0;0;0;0;0;100;0;0;0;0;0;0;0;0;0;0;0;0;0;0;0;0;0;0;0;0;0;0
26.10.2024;04:13;A 38;1;0;0;0;0;0;0;0;0;0;0;0;0;0;0;0;0;0;0;0;0;0;0;0;0;0;0;0;100;0;0;0;0;0;0;0;0;0;0;0;0;0;0;0;0;0;0;0;0;0;0
26.10.2024;04:12;A 38;1;0;0;0;0;0;0;0;0;1;18;0;0;1;5;0;0;1;24;0;0;1;9;0;0;0;0;0;100;0;0;0;0;0;0;0;0;0;0;0;0;0;0;0;0;0;0;0;0;0;0
26.10.2024;04:11;A 38;1;1;0;0;0;1;6;0;0;1;0;0;0;1;4;0;0;0;0;0;0;0;0;0;0;0;0;0;100;0;0;0;0;0;0;0;0;0;0;0;0;0;0;0;0;0;0;0;0;0;0
26.10.2024;04:10;A 38;1;1;0;0;0;2;3;0;0;1;0;1;0;1;2;0;0;0;0;0;0;0;0;0;0;0;0;0;100;0;0;0;0;0;0;0;0;0;0;0;0;0;0;0;0;0;0;0;0;0;0
26.10.2024;04:09;A 38;1;1;0;0;0;1;6;0;0;2;0;0;0;1;4;0;0;0;0;0;0;0;0;0;0;0;0;0;100;0;0;0;0;0;0;0;0;0;0;0;0;0;0;0;0;0;0;0;0;0;0
26.10.2024;04:08;A 38;1;0;0;0;0;0;0;0;0;78;12;0;0;0;0;0;0;0;0;0;0;0;0;0;0;1;0;0;100;0;0;0;0;0;0;0;0;0;0;0;0;0;0;0;0;1;11;0;0;0;0
26.10.2024;04:07;A 38;1;0;0;0;0;0;0;0;0;143;22;5;0;0;0;0;0;0;0;0;0;0;0;0;0;0;0;0;100;0;0;0;0;0;0;0;0;0;0;0;0;1;6;1;6;0;0;0;0;0;0
26.10.2024;04:06;A 38;1;0;0;0;0;0;0;0;0;101;12;0;0;0;0;0;0;0;0;0;0;0;0;0;0;0;0;0;100;0;0;0;0;0;0;0;0;0;0;0;0;0;0;0;0;0;0;0;0;0;0
26.10.2024;04:05;A 38;1;0;0;0;0;0;0;0;0;0;0;0;0;0;0;0;0;0;0;0;0;0;0;0;0;0;0;0;100;0;0;0;0;0;0;0;0;0;0;0;0;0;0;0;0;0;0;0;0;0;0
26.10.2024;04:04;A 38;1;0;0;0;0;0;0;0;0;0;0;0;0;0;0;0;0;0;0;0;0;0;0;0;0;0;0;0;100;0;0;0;0;0;0;0;0;0;0;0;0;0;0;0;0;0;0;0;0;0;0
26.10.2024;04:03;A 38;1;1;0;0;0;1;5;0;0;1;0;0;0;1;6;0;0;0;0;0;0;0;0;0;0;0;0;0;100;0;0;1;6;0;0;0;0;0;0;0;0;0;0;0;0;0;0;0;0;0;0
26.10.2024;04:02;A 38;1;1;0;0;0;2;6;0;0;1;0;0;0;1;6;0;0;0;0;0;0;0;0;0;0;0;0;0;100;0;0;0;0;0;0;0;0;0;0;0;0;0;0;0;0;0;0;0;0;0;0
26.10.2024;04:01;A 38;1;0;0;0;0;0;0;0;0;0;0;0;0;0;0;0;0;0;0;0;0;0;0;0;0;0;0;0;100;0;0;0;0;0;0;0;0;0;0;0;0;0;0;0;0;0;0;0;0;0;0
26.10.2024;04:00;A 38;1;0;0;0;0;0;0;0;0;0;0;0;0;0;0;0;0;0;0;0;0;0;0;0;0;0;0;0;100;0;0;0;0;0;0;0;0;0;0;0;0;0;0;0;0;0;0;0;0;0;0
26.10.2024;03:59;A 38;1;0;0;0;0;0;0;0;0;0;0;0;0;0;0;0;0;0;0;0;0;0;0;0;0;0;0;0;100;0;0;2;11;0;0;0;0;0;0;0;0;0;0;0;0;0;0;0;0;0;0
26.10.2024;03:58;A 38;1;0;0;0;0;0;0;0;0;0;0;0;0;0;0;0;0;0;0;0;0;0;0;0;0;0;0;0;100;0;0;0;0;0;0;0;0;0;0;0;0;0;0;0;0;0;0;0;0;0;0
26.10.2024;03:57;A 38;1;0;0;0;0;0;0;0;0;0;0;0;0;0;0;0;0;0;0;0;0;0;0;0;0;2;0;0;100;1;3;2;10;0;0;0;0;0;0;0;0;0;0;0;0;0;0;0;0;0;0
26.10.2024;03:56;A 38;1;0;0;0;0;0;0;0;0;0;0;0;0;0;0;0;0;0;0;0;0;0;0;0;0;0;0;0;100;0;0;0;0;0;0;0;0;0;0;0;0;0;0;0;0;0;0;0;0;0;0
26.10.2024;03:55;A 38;1;1;0;0;0;1;3;0;0;1;0;0;0;1;2;0;0;0;0;0;0;0;0;0;0;0;0;0;100;0;0;0;0;0;0;0;0;0;0;0;0;0;0;0;0;0;0;0;0;0;0
26.10.2024;03:54;A 38;1;0;0;0;0;0;0;0;0;0;0;0;0;0;0;0;0;0;0;0;0;0;0;0;0;0;0;0;100;0;0;0;0;0;0;0;0;0;0;0;0;0;0;0;0;0;0;0;0;0;0
26.10.2024;03:53;A 38;1;0;0;0;0;0;0;0;0;1;2;0;0;2;10;0;0;0;0;0;1;0;0;0;0;0;0;0;100;0;0;1;7;0;0;0;0;0;0;0;0;0;0;0;0;0;0;0;0;0;0
26.10.2024;03:52;A 38;1;1;0;0;0;1;4;0;0;1;0;1;0;1;2;0;0;0;0;1;21;0;0;2;10;0;0;0;100;0;0;0;0;0;0;0;0;0;0;0;0;0;0;0;0;0;0;0;0;0;0
26.10.2024;03:51;A 38;1;1;1;0;0;2;5;0;0;1;0;0;0;1;5;0;0;0;0;0;0;0;0;0;0;0;0;0;100;0;0;0;0;0;0;0;0;0;0;0;0;0;0;0;0;0;0;0;0;0;0
26.10.2024;03:50;A 38;1;1;0;0;0;1;6;0;0;1;0;0;0;1;6;0;0;0;0;0;0;0;0;0;0;1;0;0;100;1;0;2;3;0;0;0;0;0;0;0;0;0;0;0;0;0;0;0;0;0;0
26.10.2024;03:49;A 38;1;1;0;0;0;1;4;0;0;1;0;0;0;1;4;0;0;0;0;0;0;0;0;0;0;0;0;0;100;0;0;0;0;0;0;0;0;0;0;0;0;0;0;0;0;0;0;0;0;0;0
26.10.2024;03:48;A 38;1;0;0;0;0;0;0;0;0;0;0;0;0;0;0;0;0;0;0;0;0;0;0;0;0;0;0;0;100;0;0;0;0;0;0;0;0;0;0;0;0;0;0;0;0;0;0;0;0;0;0
26.10.2024;03:47;A 38;1;1;0;0;0;2;3;0;0;1;0;1;0;1;3;0;0;0;0;0;0;0;0;0;0;1;0;0;100;0;0;1;6;0;0;0;0;0;0;0;0;0;0;0;0;0;0;0;0;0;0
26.10.2024;03:46;A 38;1;0;0;0;0;0;0;0;0;0;0;0;0;0;0;0;0;0;0;0;0;0;0;0;0;0;0;0;100;0;0;0;0;0;0;0;0;0;0;0;0;0;0;0;0;0;0;0;0;0;0
26.10.2024;03:45;A 38;1;0;0;0;0;0;0;0;0;0;0;0;0;0;0;0;0;0;0;0;0;0;0;0;0;1;0;0;100;1;4;4;7;0;0;0;0;0;0;0;0;0;0;0;0;0;0;0;0;0;0
26.10.2024;03:44;A 38;1;0;0;0;0;0;0;0;0;0;0;0;0;0;0;0;0;0;0;0;0;0;0;0;0;1;0;0;100;0;0;3;5;0;0;0;0;0;0;0;0;0;0;0;0;0;0;0;0;0;0
26.10.2024;03:43;A 38;1;1;0;0;0;1;4;0;0;1;0;1;0;1;4;0;0;0;0;0;0;0;0;0;0;0;0;0;100;2;7;1;4;0;0;0;0;0;0;0;0;0;0;0;0;0;0;0;0;0;0
26.10.2024;03:42;A 38;1;1;1;0;0;1;5;0;0;1;0;0;0;1;6;0;0;0;0;0;0;0;0;0;0;1;0;0;100;0;0;2;15;0;0;0;0;0;0;0;0;0;0;0;0;0;0;0;0;0;0
26.10.2024;03:41;A 38;1;1;0;0;0;1;4;0;0;75;10;0;0;1;4;0;0;0;0;0;0;0;0;0;0;0;0;0;100;0;0;1;4;0;0;0;0;0;0;0;0;0;0;0;0;0;0;0;0;0;0
26.10.2024;03:40;A 38;1;0;0;0;0;0;0;0;0;4;0;0;0;0;0;0;0;0;0;0;0;0;0;0;0;0;0;0;100;0;0;0;0;0;0;0;0;0;0;0;0;0;0;0;0;0;0;0;0;0;0
26.10.2024;03:39;A 38;1;0;0;0;0;0;0;0;0;132;19;0;0;0;0;0;0;0;0;0;0;0;0;0;0;0;0;0;100;0;0;1;8;0;0;0;0;0;0;0;0;0;0;0;0;1;7;0;0;0;0
26.10.2024;03:38;A 38;1;0;0;0;0;0;0;0;0;35;4;0;0;0;0;0;0;0;0;0;0;0;0;0;0;0;0;0;100;0;0;0;0;0;0;0;0;0;0;0;0;0;0;0;0;0;0;0;0;0;0
26.10.2024;03:37;A 38;1;0;0;0;0;0;0;0;0;3;0;0;0;0;0;0;0;0;0;0;0;0;0;0;0;0;0;0;100;0;0;0;0;0;0;0;0;0;0;0;0;0;0;0;0;0;0;0;0;0;0
26.10.2024;03:36;A 38;1;1;1;0;0;1;6;0;0;2;2;1;0;2;10;0;0;0;0;0;0;0;0;0;0;1;0;0;100;1;7;3;7;0;0;0;0;0;0;0;0;0;0;0;0;0;0;0;0;0;0
26.10.2024;03:35;A 38;1;1;1;0;0;2;5;0;0;0;0;0;0;1;2;0;0;0;0;0;0;0;0;0;0;0;0;0;100;0;0;0;0;0;0;0;0;0;0;0;0;0;0;0;0;0;0;0;0;0;0
26.10.2024;03:34;A 38;1;1;1;0;0;2;7;0;0;1;0;0;0;1;6;0;0;0;0;0;0;0;0;0;0;0;0;0;100;0;0;1;4;0;0;0;0;0;0;0;0;0;0;0;0;0;0;0;0;0;0
26.10.2024;03:33;A 38;1;0;0;0;0;0;0;0;0;0;0;0;0;0;0;0;0;0;0;0;0;0;0;0;0;0;0;0;100;0;0;0;0;0;0;0;0;0;0;0;0;0;0;0;0;0;0;0;0;0;0
26.10.2024;03:32;A 38;1;0;0;0;0;0;0;0;0;0;0;0;0;0;0;0;0;0;0;0;0;0;0;0;0;0;0;0;100;0;0;0;0;0;0;0;0;0;0;0;0;0;0;0;0;0;0;0;0;0;0
26.10.2024;03:31;A 38;1;1;0;0;0;2;4;0;0;1;0;0;0;1;3;0;0;0;0;0;0;0;0;0;0;0;0;0;100;0;0;0;0;0;0;0;0;0;0;0;0;0;0;0;0;0;0;0;0;0;0
26.10.2024;03:30;A 38;1;1;0;0;0;2;5;0;0;1;0;0;0;1;4;0;0;0;0;0;0;0;0;0;0;0;0;0;100;0;0;0;0;0;0;0;0;0;0;0;0;0;0;0;0;0;0;0;0;0;0
26.10.2024;03:29;A 38;1;1;0;0;0;1;3;0;0;1;0;0;0;1;2;0;0;0;0;0;0;0;0;0;0;1;0;0;100;0;0;0;0;0;0;0;0;0;0;0;0;0;0;0;0;0;0;0;0;0;0
26.10.2024;03:28;A 38;1;0;0;0;0;0;0;0;0;0;0;0;0;0;0;0;0;0;0;0;0;0;0;0;0;1;0;0;100;1;6;2;10;0;0;0;0;0;0;0;0;0;0;0;0;0;0;0;0;0;0
26.10.2024;03:27;A 38;1;0;0;0;0;0;0;0;0;0;0;0;0;0;0;0;0;0;0;0;0;0;0;0;0;0;0;0;100;0;0;0;0;0;0;0;0;0;0;0;0;0;0;0;0;0;0;0;0;0;0
26.10.2024;03:26;A 38;1;0;0;0;0;0;0;0;0;0;0;0;0;0;0;0;0;0;0;0;0;0;0;0;0;0;0;0;100;0;0;2;10;0;0;0;0;0;0;0;0;0;0;0;0;0;0;0;0;0;0
26.10.2024;03:25;A 38;1;1;0;0;0;1;4;0;0;1;0;0;0;1;4;0;0;0;0;0;0;0;0;0;0;0;0;0;100;0;0;0;0;0;0;0;0;0;0;0;0;0;0;0;0;0;0;0;0;0;0
26.10.2024;03:24;A 38;1;1;0;0;0;1;5;0;0;1;0;0;0;1;4;0;0;0;0;0;0;0;0;0;0;0;0;0;100;0;0;0;0;0;0;0;0;0;0;0;0;0;0;0;0;0;0;0;0;0;0
26.10.2024;03:23;A 38;1;0;0;0;0;0;0;0;0;0;0;0;0;0;0;0;0;0;0;0;0;0;0;0;0;0;0;0;100;0;0;0;0;0;0;0;0;0;0;0;0;0;0;0;0;0;0;0;0;0;0
26.10.2024;03:22;A 38;1;0;0;0;0;0;0;0;0;0;0;0;0;0;0;0;0;0;0;0;0;0;0;0;0;1;0;0;100;1;5;2;10;0;0;0;0;0;0;0;0;0;0;0;0;0;0;0;0;0;0
26.10.2024;03:21;A 38;1;0;0;0;0;0;0;0;0;0;0;0;0;0;0;0;0;0;0;0;0;0;0;0;0;0;0;0;100;0;0;1;7;0;0;0;0;0;0;0;0;0;0;0;0;0;0;0;0;0;0
26.10.2024;03:20;A 38;1;0;0;0;0;0;0;0;0;0;0;0;0;0;0;0;0;0;0;0;0;0;0;0;0;0;0;0;100;0;0;0;0;0;0;0;0;0;0;0;0;0;0;0;0;0;0;0;0;0;0
26.10.2024;03:19;A 38;1;0;0;0;0;0;0;0;0;0;0;0;0;0;0;0;0;0;0;0;0;0;0;0;0;0;0;0;100;0;0;0;0;0;0;0;0;0;0;0;0;0;0;0;0;0;0;0;0;0;0
26.10.2024;03:18;A 38;1;1;0;0;0;1;5;0;0;1;0;0;0;1;3;0;0;0;0;0;0;0;0;0;0;0;0;0;100;0;0;2;4;0;0;0;0;0;0;0;0;0;0;0;0;0;0;0;0;0;0
26.10.2024;03:17;A 38;1;0;0;0;0;0;0;0;0;0;0;0;0;0;0;0;0;0;0;0;0;0;0;0;0;0;0;0;100;0;0;0;0;0;0;0;0;0;0;0;0;0;0;0;0;0;0;0;0;0;0
26.10.2024;03:16;A 38;1;0;0;0;0;0;0;0;0;0;0;0;0;0;0;0;0;0;0;0;0;0;0;0;0;0;0;0;100;0;0;0;0;0;0;0;0;0;0;0;0;0;0;0;0;0;0;0;0;0;0
26.10.2024;03:15;A 38;1;0;0;0;0;0;0;0;0;0;0;0;0;0;0;0;0;0;0;0;0;0;0;0;0;0;0;0;100;0;0;0;0;0;0;0;0;0;0;0;0;0;0;0;0;0;0;0;0;0;0
26.10.2024;03:14;A 38;1;1;0;0;0;1;3;0;0;1;0;0;0;1;4;0;0;0;0;0;0;0;0;0;0;0;0;0;100;0;0;0;0;0;0;0;0;0;0;0;0;0;0;0;0;0;0;0;0;0;0
26.10.2024;03:13;A 38;1;0;0;0;0;0;0;0;0;0;0;0;0;0;0;0;0;0;0;0;0;0;0;0;0;0;0;0;100;0;0;2;5;0;0;0;0;0;0;0;0;0;0;0;0;0;0;0;0;0;0
26.10.2024;03:12;A 38;1;0;0;0;0;0;0;0;0;0;0;0;0;0;0;0;0;0;0;0;0;0;0;0;0;0;0;0;100;0;0;0;0;0;0;0;0;0;0;0;0;0;0;0;0;0;0;0;0;0;0
26.10.2024;03:11;A 38;1;0;0;0;0;0;0;0;0;0;0;0;0;0;0;0;0;0;0;0;0;0;0;0;0;0;0;0;100;0;0;0;0;0;0;0;0;0;0;0;0;0;0;0;0;0;0;0;0;0;0
26.10.2024;03:10;A 38;1;0;0;0;0;0;0;0;0;0;0;0;0;0;0;0;0;0;0;0;0;0;0;0;0;0;0;0;100;0;0;1;8;0;0;0;0;0;0;0;0;0;0;0;0;0;0;0;0;0;0
26.10.2024;03:09;A 38;1;0;0;0;0;0;0;0;0;0;0;0;0;0;0;0;0;0;0;0;0;0;0;0;0;0;0;0;100;0;0;1;6;0;0;0;0;0;0;0;0;0;0;0;0;0;0;0;0;0;0
26.10.2024;03:08;A 38;1;0;0;0;0;0;0;0;0;0;0;0;0;0;0;0;0;0;0;0;0;0;0;0;0;0;0;0;100;0;0;1;9;0;0;0;0;0;0;0;0;0;0;0;0;0;0;0;0;0;0
26.10.2024;03:07;A 38;1;1;0;0;0;2;4;0;0;1;0;0;0;1;4;0;0;0;0;0;0;0;0;0;0;0;0;0;100;0;0;2;6;0;0;0;0;0;0;0;0;0;0;0;0;0;0;0;0;0;0
26.10.2024;03:06;A 38;1;0;0;0;0;0;0;0;0;0;0;0;0;0;0;0;0;0;0;0;0;0;0;0;0;0;0;0;100;0;0;1;3;0;0;0;0;0;0;0;0;0;0;0;0;0;0;0;0;0;0
26.10.2024;03:05;A 38;1;1;1;0;0;2;3;0;0;1;0;0;0;1;3;0;0;0;0;0;0;0;0;0;0;0;0;0;100;0;0;0;0;0;0;0;0;0;0;0;0;0;0;0;0;0;0;0;0;0;0
26.10.2024;03:04;A 38;1;0;0;0;0;0;0;0;0;0;0;0;0;0;0;0;0;0;0;0;0;0;0;0;0;0;0;0;100;1;1;1;5;0;0;0;0;0;0;0;0;0;0;0;0;0;0;0;0;0;0
26.10.2024;03:03;A 38;1;1;0;0;0;1;3;0;0;1;0;0;0;1;3;0;0;0;0;0;0;0;0;0;0;0;0;0;100;0;0;1;5;0;0;0;0;0;0;0;0;0;0;0;0;0;0;0;0;0;0
26.10.2024;03:02;A 38;1;0;0;0;0;0;0;0;0;0;0;0;0;0;0;0;0;0;0;0;0;0;0;0;0;0;0;0;100;0;0;0;0;0;0;0;0;0;0;0;0;0;0;0;0;0;0;0;0;0;0
26.10.2024;03:01;A 38;1;0;0;0;0;0;0;0;0;0;0;0;0;0;0;0;0;0;0;0;0;0;0;0;0;0;0;0;100;0;0;0;0;0;0;0;0;0;0;0;0;0;0;0;0;0;0;0;0;0;0
26.10.2024;03:00;A 38;1;2;1;0;0;2;11;0;0;2;1;0;0;2;11;0;0;0;0;0;0;0;0;0;0;0;0;0;100;0;0;0;0;0;0;0;0;0;0;0;0;0;0;0;0;0;0;0;0;0;0
26.10.2024;02:59;A 38;1;0;0;0;0;0;0;0;0;0;0;0;0;0;0;0;0;0;0;0;0;0;0;0;0;0;0;0;100;0;0;0;0;0;0;0;0;0;0;0;0;0;0;0;0;0;0;0;0;0;0
26.10.2024;02:58;A 38;1;0;0;0;0;0;0;0;0;0;0;0;0;0;0;0;0;0;0;0;0;0;0;0;0;0;0;0;100;0;0;0;0;0;0;0;0;0;0;0;0;0;0;0;0;0;0;0;0;0;0
26.10.2024;02:57;A 38;1;0;0;0;0;0;0;0;0;0;0;0;0;0;0;0;0;0;0;0;0;0;0;0;0;0;0;0;100;0;0;0;0;0;0;0;0;0;0;0;0;0;0;0;0;0;0;0;0;0;0
26.10.2024;02:56;A 38;1;0;0;0;0;0;0;0;0;0;0;0;0;0;0;0;0;0;0;0;0;0;0;0;0;1;0;0;100;0;0;1;7;0;0;0;0;0;0;0;0;0;0;0;0;0;0;0;0;0;0
26.10.2024;02:55;A 38;1;0;0;0;0;0;0;0;0;0;0;0;0;0;0;0;0;0;0;0;0;0;0;0;0;0;0;0;100;0;0;0;0;0;0;0;0;0;0;0;0;0;0;0;0;0;0;0;0;0;0
26.10.2024;02:54;A 38;1;1;0;0;0;1;5;0;0;1;1;0;0;1;5;0;0;0;0;0;0;0;0;0;0;0;0;0;100;0;0;0;0;0;0;0;0;0;0;0;0;0;0;0;0;0;0;0;0;0;0
26.10.2024;02:53;A 38;1;1;0;0;0;1;4;0;0;1;0;0;0;1;5;0;0;0;0;0;0;0;0;0;0;1;0;0;100;2;3;2;12;0;0;0;0;0;0;0;0;0;0;0;0;0;0;0;0;0;0
26.10.2024;02:52;A 38;1;0;0;0;0;0;0;0;0;0;0;0;0;0;0;0;0;0;0;0;0;0;0;0;0;0;0;0;100;0;0;0;0;0;0;0;0;0;0;0;0;0;0;0;0;0;0;0;0;0;0
26.10.2024;02:51;A 38;1;1;0;0;0;1;5;0;0;1;0;0;0;1;3;0;0;0;0;0;0;0;0;0;0;0;0;0;100;0;0;0;0;0;0;0;0;0;0;0;0;0;0;0;0;0;0;0;0;0;0
26.10.2024;02:50;A 38;1;0;0;0;0;1;0;0;0;0;0;0;0;0;0;0;0;0;0;0;0;0;0;0;0;1;0;0;100;2;2;1;4;0;0;0;0;0;0;0;0;0;0;0;0;0;0;0;0;0;0
26.10.2024;02:49;A 38;1;0;0;0;0;0;0;0;0;0;0;0;0;0;0;0;0;0;0;0;0;0;0;0;0;0;0;0;100;0;0;0;0;0;0;0;0;0;0;0;0;0;0;0;0;0;0;0;0;0;0
26.10.2024;02:48;A 38;1;0;0;0;0;0;0;0;0;0;0;0;0;0;0;0;0;0;0;0;0;0;0;0;0;0;0;0;100;0;0;1;9;0;0;0;0;0;0;0;0;0;0;0;0;0;0;0;0;0;0
26.10.2024;02:47;A 38;1;1;0;0;0;1;4;0;0;1;0;0;0;1;5;0;0;0;0;0;0;0;0;0;0;0;0;0;100;0;0;2;11;0;0;0;0;0;0;0;0;0;0;0;0;0;0;0;0;0;0
26.10.2024;02:46;A 38;1;1;2;0;0;1;9;1;2;1;1;1;0;1;11;1;1;0;0;0;0;0;0;0;0;0;0;0;100;0;0;0;0;0;0;0;0;0;0;0;0;0;0;0;0;0;0;0;0;0;0
26.10.2024;02:45;A 38;1;0;0;0;0;0;0;0;0;0;0;0;0;0;0;0;0;0;0;0;0;0;0;0;0;0;0;0;100;0;0;1;6;0;0;0;0;0;0;0;0;0;0;0;0;0;0;0;0;0;0
26.10.2024;02:44;A 38;1;1;1;0;0;1;6;0;0;1;1;0;0;1;3;0;0;0;0;0;0;0;0;0;0;0;0;0;100;0;0;0;0;0;0;0;0;0;0;0;0;0;0;0;0;0;0;0;0;0;0
26.10.2024;02:43;A 38;1;0;0;0;0;0;0;0;0;0;0;0;0;0;0;0;0;0;0;0;0;0;0;0;0;0;0;0;100;0;0;0;0;0;0;0;0;0;0;0;0;0;0;0;0;0;0;0;0;0;0
26.10.2024;02:42;A 38;1;1;0;0;0;1;5;0;0;1;0;0;0;1;3;0;0;0;0;0;0;0;0;0;0;0;0;0;100;0;0;1;5;0;0;0;0;0;0;0;0;0;0;0;0;0;0;0;0;0;0
26.10.2024;02:41;A 38;1;0;0;0;0;0;0;0;0;0;0;0;0;0;0;0;0;0;0;0;0;0;0;0;0;0;0;0;100;0;0;1;10;0;0;0;0;0;0;0;0;0;0;0;0;0;0;0;0;0;0
26.10.2024;02:40;A 38;1;0;0;0;0;0;0;0;0;0;0;0;0;0;0;0;0;0;0;0;0;0;0;0;0;0;0;0;100;0;0;0;0;0;0;0;0;0;0;0;0;0;0;0;0;0;0;0;0;0;0
26.10.2024;02:39;A 38;1;0;0;0;0;0;0;0;0;0;0;0;0;0;0;0;0;0;0;0;0;0;0;0;0;0;0;0;100;0;0;0;0;0;0;0;0;0;0;0;0;0;0;0;0;0;0;0;0;0;0
26.10.2024;02:38;A 38;1;1;1;0;0;2;7;0;0;1;1;0;0;1;6;0;0;0;0;0;0;0;0;0;0;0;0;0;100;0;0;0;0;0;0;0;0;0;0;0;0;0;0;0;0;0;0;0;0;0;0
26.10.2024;02:37;A 38;1;1;0;0;0;2;2;0;0;1;0;0;0;1;2;0;0;0;0;0;0;0;0;0;0;1;0;0;100;0;0;1;2;0;0;0;0;0;0;0;0;0;0;0;0;0;0;0;0;0;0
26.10.2024;02:36;A 38;1;1;0;0;0;2;3;0;0;1;0;0;0;1;2;0;0;0;0;0;0;0;0;0;0;0;0;0;100;0;0;0;0;0;0;0;0;0;0;0;0;0;0;0;0;0;0;0;0;0;0
26.10.2024;02:35;A 38;1;1;1;0;0;1;6;0;0;1;0;0;0;1;4;0;0;0;0;0;0;0;0;0;0;0;0;0;100;0;0;1;6;0;0;0;0;0;0;0;0;0;0;0;0;0;0;0;0;0;0
26.10.2024;02:34;A 38;1;0;0;0;0;0;0;0;0;0;0;0;0;0;0;0;0;0;0;0;0;0;0;0;0;0;0;0;100;0;0;0;0;0;0;0;0;0;0;0;0;0;0;0;0;0;0;0;0;0;0
26.10.2024;02:33;A 38;1;0;0;0;0;0;0;0;0;0;0;0;0;0;0;0;0;0;0;0;0;0;0;0;0;0;0;0;100;1;1;1;3;0;0;0;0;0;0;0;0;0;0;0;0;0;0;0;0;0;0
26.10.2024;02:32;A 38;1;0;0;0;0;0;0;0;0;0;0;0;0;0;0;0;0;0;0;0;0;0;0;0;0;1;0;0;100;0;0;1;5;0;0;0;0;0;0;0;0;0;0;0;0;0;0;0;0;0;0
26.10.2024;02:31;A 38;1;0;0;0;0;0;0;0;0;0;0;0;0;0;0;0;0;0;0;0;0;0;0;0;0;0;0;0;100;0;0;0;0;0;0;0;0;0;0;0;0;0;0;0;0;0;0;0;0;0;0
26.10.2024;02:30;A 38;1;0;0;0;0;0;0;0;0;0;0;0;0;0;0;0;0;0;0;0;0;0;0;0;0;0;0;0;100;0;0;1;6;0;0;0;0;0;0;0;0;0;0;0;0;0;0;0;0;0;0
26.10.2024;02:29;A 38;1;1;0;0;0;1;3;0;0;1;0;1;0;1;2;0;0;0;0;0;0;0;0;0;0;0;0;0;100;0;0;0;0;0;0;0;0;0;0;0;0;0;0;0;0;0;0;0;0;0;0
26.10.2024;02:28;A 38;1;3;2;0;0;1;10;0;0;3;2;2;0;1;8;0;0;0;0;0;0;0;0;0;0;0;0;0;100;0;0;0;0;0;0;0;0;0;0;0;0;0;0;0;0;0;0;0;0;0;0
26.10.2024;02:27;A 38;1;0;0;0;0;0;0;0;0;0;0;0;0;0;0;0;0;0;0;0;0;0;0;0;0;0;0;0;100;0;0;1;3;0;0;0;0;0;0;0;0;0;0;0;0;0;0;0;0;0;0
26.10.2024;02:26;A 38;1;0;0;0;0;0;0;0;0;0;0;0;0;0;0;0;0;0;0;0;0;0;0;0;0;0;0;0;100;0;0;0;0;0;0;0;0;0;0;0;0;0;0;0;0;0;0;0;0;0;0
26.10.2024;02:25;A 38;1;1;0;0;0;2;6;0;0;1;1;0;0;1;6;0;0;0;0;0;0;0;0;0;0;1;0;0;100;0;0;1;8;0;0;0;0;0;0;0;0;0;0;0;0;0;0;0;0;0;0
26.10.2024;02:24;A 38;1;2;1;0;0;2;8;0;0;46;8;1;0;2;7;0;0;0;0;0;0;0;0;0;0;0;0;0;100;0;0;0;0;0;0;0;0;0;0;0;0;0;0;0;0;0;0;0;0;0;0
26.10.2024;02:23;A 38;1;0;0;0;0;1;1;0;0;54;8;0;0;0;0;0;0;0;0;0;0;0;0;0;0;0;0;0;100;0;0;1;4;0;0;0;0;0;0;0;0;0;0;0;0;0;0;0;0;0;0
26.10.2024;02:22;A 38;1;2;20;0;0;2;10;0;0;108;19;5;0;2;12;0;0;0;0;0;0;0;0;0;0;0;0;0;100;0;0;2;68;0;0;0;0;0;0;0;0;1;6;1;7;0;0;0;0;0;0
26.10.2024;02:21;A 38;1;1;0;0;0;3;7;0;0;6;1;0;0;1;2;0;0;0;0;0;0;0;0;0;0;1;0;0;100;1;3;1;3;0;0;0;0;0;0;0;0;0;0;0;0;0;0;0;0;0;0
26.10.2024;02:20;A 38;1;0;0;0;0;0;0;0;0;0;0;0;0;0;0;0;0;0;0;0;0;0;0;0;0;0;0;0;100;0;0;0;0;0;0;0;0;0;0;0;0;0;0;0;0;0;0;0;0;0;0
26.10.2024;02:19;A 38;1;0;0;0;0;0;0;0;0;0;0;0;0;0;0;0;0;0;0;0;0;0;0;0;0;0;0;0;100;0;0;1;7;0;0;0;0;0;0;0;0;0;0;0;0;0;0;0;0;0;0
26.10.2024;02:18;A 38;1;0;0;0;0;0;0;0;0;0;0;0;0;0;0;0;0;0;0;0;0;0;0;0;0;0;0;0;100;0;0;0;0;0;0;0;0;0;0;0;0;0;0;0;0;0;0;0;0;0;0
26.10.2024;02:17;A 38;1;0;0;0;0;0;0;0;0;0;0;0;0;0;0;0;0;0;0;0;0;0;0;0;0;1;0;0;100;1;4;1;8;0;0;0;0;0;0;0;0;0;0;0;0;0;0;0;0;0;0
26.10.2024;02:16;A 38;1;3;2;0;0;2;10;0;0;3;2;0;0;2;10;0;0;0;0;0;0;0;0;0;0;1;0;0;100;1;3;1;1;0;0;0;0;0;0;0;0;0;0;0;0;0;0;0;0;0;0
26.10.2024;02:15;A 38;1;0;0;0;0;1;3;0;0;0;0;0;0;0;0;0;0;0;0;0;0;0;0;0;0;0;0;0;100;0;0;0;0;0;0;0;0;0;0;0;0;0;0;0;0;0;0;0;0;0;0
26.10.2024;02:14;A 38;1;0;0;0;0;0;0;0;0;0;0;0;0;0;0;0;0;0;0;0;0;0;0;0;0;0;0;0;100;0;0;0;0;0;0;0;0;0;0;0;0;0;0;0;0;0;0;0;0;0;0
26.10.2024;02:13;A 38;1;1;0;0;0;1;5;0;0;1;0;0;0;1;5;0;0;0;0;0;0;0;0;0;0;0;0;0;100;0;0;0;0;0;0;0;0;0;0;0;0;0;0;0;0;0;0;0;0;0;0
26.10.2024;02:12;A 38;1;2;1;0;0;3;10;0;0;2;1;0;0;2;7;0;0;0;0;0;0;0;0;0;0;0;0;0;100;1;2;1;6;0;0;0;0;0;0;0;0;0;0;0;0;0;0;0;0;0;0
26.10.2024;02:11;A 38;1;0;0;0;0;0;0;0;0;0;0;0;0;0;0;0;0;0;0;0;0;0;0;0;0;0;0;0;100;0;0;0;0;0;0;0;0;0;0;0;0;0;0;0;0;0;0;0;0;0;0
26.10.2024;02:10;A 38;1;0;0;0;0;0;0;0;0;0;0;0;0;0;0;0;0;0;0;0;0;0;0;0;0;0;0;0;100;0;0;2;12;0;0;0;0;0;0;0;0;0;0;0;0;0;0;0;0;0;0
26.10.2024;02:09;A 38;1;1;0;0;0;1;3;0;0;1;0;0;0;1;3;0;0;0;0;0;0;0;0;0;0;2;0;0;100;2;5;3;18;0;0;0;0;0;0;0;0;0;0;0;0;0;0;0;0;0;0
26.10.2024;02:08;A 38;1;1;1;0;0;1;3;0;0;1;0;0;0;1;3;0;0;0;0;0;0;0;0;0;0;0;0;0;100;0;0;0;0;0;0;0;0;0;0;0;0;0;0;0;0;0;0;0;0;0;0
26.10.2024;02:07;A 38;1;0;0;0;0;0;0;0;0;0;0;0;0;0;0;0;0;0;0;0;0;0;0;0;0;1;0;0;100;2;5;3;3;0;0;0;0;0;0;0;0;0;0;0;0;0;0;0;0;0;0
26.10.2024;02:06;A 38;1;0;0;0;0;0;0;0;0;0;0;0;0;0;0;0;0;0;0;0;0;0;0;0;0;0;0;0;100;0;0;1;4;0;0;0;0;0;0;0;0;0;0;0;0;0;0;0;0;0;0
26.10.2024;02:05;A 38;1;1;0;0;0;1;3;0;0;1;0;1;0;1;3;0;0;0;0;0;0;0;0;0;0;0;0;0;100;0;0;0;0;0;0;0;0;0;0;0;0;0;0;0;0;0;0;0;0;0;0
26.10.2024;02:04;A 38;1;1;0;0;0;2;4;0;0;1;0;1;0;1;2;0;0;0;0;0;0;0;0;0;0;0;0;0;100;0;0;0;0;0;0;0;0;0;0;0;0;0;0;0;0;0;0;0;0;0;0
26.10.2024;02:03;A 38;1;0;0;0;0;0;0;0;0;0;0;0;0;0;0;0;0;0;0;0;0;0;0;0;0;0;0;0;100;0;0;0;0;0;0;0;0;0;0;0;0;0;0;0;0;0;0;0;0;0;0
26.10.2024;02:02;A 38;1;0;0;0;0;0;0;0;0;0;0;0;0;0;0;0;0;0;0;0;0;0;0;0;0;1;0;0;100;2;2;2;9;0;0;0;0;0;0;0;0;0;0;0;0;0;0;0;0;0;0
26.10.2024;02:01;A 38;1;1;1;0;0;1;8;0;0;1;1;0;0;1;8;0;0;0;0;0;0;0;0;0;0;1;0;0;100;0;0;2;12;0;0;0;0;0;0;0;0;0;0;0;0;0;0;0;0;0;0
26.10.2024;02:00;A 38;1;1;0;0;0;1;5;0;0;1;0;0;0;1;5;0;0;0;0;0;0;0;0;0;0;0;0;0;100;0;0;0;0;0;0;0;0;0;0;0;0;0;0;0;0;0;0;0;0;0;0
