Datum;Uhrzeit;Bezeichnung;Intervall;V11Z;V11B;V12Z;V12B;V13Z;V13B;D21Z;D21B;D22Z;D22B;D23Z;D23B;D24Z;D24B;D31Z;D31B;D32Z;D32B;D33Z;D33B;V41Z;V41B;V42Z;V42B;V43Z;V43B;V44Z;V44B;MP1Z;MP1B;MP2Z;MP2B;MP3Z;MP3B;MP4_GZ;MP4_GB;MP4_LZ;MP4_LB;MP5_RZ;MP5_RB;MP6_RZ;MP6_RB;MP5_GZ;MP5_GB;MP6_GZ;MP6_GB;MP7Z;MP7B;MP8Z;MP8B;MP9Z;MP9B;Power_onZ;Power_onB;Fiber_reserveZ;Fiber_reserveB;LLB-TestZ;LLB-TestB;SyncZ;SyncB;foultZ;foultB
20.07.2024;02:00;A 41;1;2;4;0;0;0;0;0;0;0;0;0;0;0;0;0;0;1;1;1;1;1;10;1;3;0;0;1;5;0;0;0;0;0;0;0;0;0;0;0;0;0;0;0;0;0;0;0;0;0;0;0;0;0;0;0;0;0;0;0;0;0;0
20.07.2024;01:59;A 41;1;0;0;1;2;2;6;0;0;0;0;0;0;0;0;0;0;1;13;0;0;0;0;0;0;0;0;0;0;0;0;0;0;0;0;0;0;0;0;0;0;0;0;0;0;0;0;0;0;0;0;0;0;0;0;0;0;0;0;0;0;0;0
20.07.2024;01:58;A 41;1;0;0;1;1;0;0;0;0;0;0;0;0;0;0;0;0;0;0;0;0;1;10;0;0;1;2;0;0;0;0;0;0;0;0;0;0;0;0;0;0;0;0;0;0;0;0;0;0;0;0;0;0;0;0;0;0;0;0;0;0;0;0
20.07.2024;01:57;A 41;1;0;0;0;0;0;0;0;0;0;0;0;0;1;1;0;0;0;0;0;0;0;0;0;0;0;0;0;0;0;0;0;0;0;0;0;0;0;0;0;0;0;0;0;0;0;0;0;0;0;0;0;0;0;0;0;0;0;0;0;0;0;0
20.07.2024;01:56;A 41;1;0;0;2;5;1;4;0;0;0;0;0;0;0;0;2;16;0;0;0;0;2;22;0;0;2;50;0;0;0;0;0;0;0;0;0;0;0;0;0;0;0;0;0;0;0;0;0;0;0;0;0;0;0;0;0;0;0;0;0;0;0;0
20.07.2024;01:55;A 41;1;0;0;2;4;1;7;0;0;0;0;1;57;1;2;0;0;1;1;0;0;0;0;1;9;0;0;2;4;0;0;0;0;0;0;0;0;0;0;0;0;0;0;0;0;0;0;0;0;0;0;0;0;0;0;0;0;0;0;0;0;0;0
20.07.2024;01:54;A 41;1;0;0;1;2;1;2;0;0;0;0;1;25;1;1;0;0;0;0;0;0;0;0;0;0;0;0;0;0;0;0;0;0;0;0;0;0;0;0;0;0;0;0;0;0;0;0;0;0;0;0;0;0;0;0;0;0;0;0;0;0;0;0
20.07.2024;01:53;A 41;1;1;6;3;7;2;12;0;0;0;0;0;40;0;0;0;0;0;0;0;0;1;9;0;0;1;1;0;0;0;0;0;0;0;0;0;0;0;0;0;0;0;0;0;0;0;0;0;0;0;0;0;0;0;0;0;0;0;0;0;0;0;0
20.07.2024;01:52;A 41;1;0;0;0;0;0;0;0;0;0;0;1;13;0;0;0;0;1;1;0;0;1;13;0;0;0;0;0;0;0;0;0;0;0;0;0;0;0;0;0;0;0;0;0;0;0;0;0;0;0;0;0;0;0;0;0;0;0;0;0;0;0;0
20.07.2024;01:51;A 41;1;0;0;0;0;0;0;0;0;0;0;0;0;2;3;1;1;0;0;0;0;1;11;0;0;1;10;0;0;0;0;0;0;0;0;0;0;0;0;0;0;0;0;0;0;0;0;0;0;0;0;0;0;0;0;0;0;0;0;0;0;0;0
20.07.2024;01:50;A 41;1;0;0;0;0;0;0;0;0;0;0;0;0;0;0;0;0;0;0;0;0;1;12;0;0;1;44;0;0;0;0;0;0;0;0;0;0;0;0;0;0;0;0;0;0;0;0;0;0;0;0;0;0;0;0;0;0;0;0;0;0;0;0
20.07.2024;01:49;A 41;1;1;2;0;0;0;0;0;0;0;0;0;0;1;0;1;1;0;0;0;0;2;25;0;0;2;46;0;0;0;0;0;0;0;0;0;0;0;0;0;0;0;0;0;0;0;0;0;0;0;0;0;0;0;0;0;0;0;0;0;0;0;0
20.07.2024;01:48;A 41;1;0;0;0;0;0;0;0;0;0;0;0;0;0;0;0;0;0;18;1;1;0;0;0;0;0;0;0;0;0;0;0;0;0;0;0;0;0;0;0;0;0;0;0;0;0;0;0;0;0;0;0;0;0;0;0;0;0;0;0;0;0;0
20.07.2024;01:47;A 41;1;0;0;0;0;0;0;0;0;0;0;0;0;0;0;0;0;1;3;0;0;0;0;0;0;0;0;0;0;0;0;0;0;0;0;0;0;0;0;0;0;0;0;0;0;0;0;0;0;0;0;0;0;0;0;0;0;0;0;0;0;0;0
20.07.2024;01:46;A 41;1;1;2;1;2;0;0;0;0;0;0;1;5;0;0;1;0;1;1;0;0;0;0;0;0;0;0;0;0;0;0;0;0;0;0;0;0;0;0;0;0;0;0;0;0;0;0;0;0;0;0;0;0;0;0;0;0;0;0;0;0;0;0
20.07.2024;01:45;A 41;1;0;0;1;1;1;2;0;0;0;0;1;2;0;0;1;35;0;0;0;0;0;0;0;0;0;26;0;0;0;0;0;0;0;0;0;0;0;0;0;0;0;0;0;0;0;0;0;0;0;0;0;0;0;0;0;0;0;0;0;0;0;0
20.07.2024;01:44;A 41;1;0;0;0;0;0;0;0;0;0;0;0;0;0;0;0;0;0;0;0;0;1;9;0;0;2;10;0;0;0;0;0;0;0;0;0;0;0;0;0;0;0;0;0;0;0;0;0;0;0;0;0;0;0;0;0;0;0;0;0;0;0;0
20.07.2024;01:43;A 41;1;0;0;0;0;0;0;0;0;0;0;0;0;0;0;1;43;0;0;0;0;2;15;0;0;1;57;0;0;0;0;0;0;0;0;0;0;0;0;0;0;0;0;0;0;0;0;0;0;0;0;0;0;0;0;0;0;0;0;0;0;0;0
20.07.2024;01:42;A 41;1;0;0;0;0;0;0;0;0;0;0;1;1;0;0;1;1;1;1;1;2;1;14;0;0;1;11;0;0;0;0;0;0;0;0;0;0;0;0;0;0;0;0;0;0;0;0;0;0;0;0;0;0;0;0;0;0;0;0;0;0;0;0
20.07.2024;01:41;A 41;1;1;1;0;0;0;0;0;0;0;0;1;1;0;0;0;0;0;0;0;0;0;0;0;0;0;0;0;0;0;0;0;0;0;0;0;0;0;0;0;0;0;0;0;0;0;0;0;0;0;0;0;0;0;0;0;0;0;0;0;0;0;0
20.07.2024;01:40;A 41;1;0;0;0;0;0;0;0;0;0;0;4;66;0;0;0;0;0;0;0;0;0;0;0;0;0;0;0;0;0;0;0;0;0;0;0;0;0;0;0;0;0;0;0;0;0;0;0;0;0;0;0;0;0;0;0;0;0;0;0;0;0;0
20.07.2024;01:39;A 41;1;1;3;2;4;1;2;0;0;0;0;2;38;0;0;0;0;0;0;0;0;0;0;0;0;0;0;0;0;0;0;0;0;0;0;0;0;0;0;0;0;0;0;0;0;0;0;0;0;0;0;0;0;0;0;0;0;0;0;0;0;0;0
20.07.2024;01:38;A 41;1;0;0;0;0;0;0;0;0;0;0;0;0;0;0;0;0;0;0;0;0;0;0;0;0;0;0;0;0;0;0;0;0;0;0;0;0;0;0;0;0;0;0;0;0;0;0;0;0;0;0;0;0;0;0;0;0;0;0;0;0;0;0
20.07.2024;01:37;A 41;1;1;1;1;2;1;6;0;0;0;0;0;11;1;11;0;0;0;0;1;1;0;0;0;0;0;0;0;0;0;0;0;0;0;0;0;0;0;0;0;0;0;0;0;0;0;0;0;0;0;0;0;0;0;0;0;0;0;0;0;0;0;0
20.07.2024;01:36;A 41;1;1;3;0;0;0;0;0;0;0;0;2;10;1;25;0;0;0;0;0;0;0;0;0;0;0;0;0;0;0;0;0;0;0;0;0;0;0;0;0;0;0;0;0;0;0;0;0;0;0;0;0;0;0;0;0;0;0;0;0;0;0;0
20.07.2024;01:35;A 41;1;0;0;0;0;0;0;0;0;0;0;1;60;0;0;0;0;0;0;0;0;0;0;0;0;0;0;0;0;0;0;0;0;0;0;0;0;0;0;0;0;0;0;0;0;0;0;0;0;0;0;0;0;0;0;0;0;0;0;0;0;0;0
20.07.2024;01:34;A 41;1;0;0;0;0;0;0;0;0;0;0;0;0;0;0;0;0;0;0;0;0;0;0;0;0;0;0;0;0;0;0;0;0;0;0;0;0;0;0;0;0;0;0;0;0;0;0;0;0;0;0;0;0;0;0;0;0;0;0;0;0;0;0
20.07.2024;01:33;A 41;1;0;0;0;0;0;0;0;0;0;0;2;1;0;0;0;0;0;0;0;0;1;13;0;0;2;24;0;0;0;0;0;0;0;0;0;0;0;0;0;0;0;0;0;0;0;0;0;0;0;0;0;0;0;0;0;0;0;0;0;0;0;0
20.07.2024;01:32;A 41;1;2;4;1;2;0;0;0;0;0;0;1;1;0;0;0;0;0;0;0;0;2;11;0;10;1;2;1;32;0;0;0;0;0;0;0;0;0;0;0;0;0;0;0;0;0;0;0;0;0;0;0;0;0;0;0;0;0;0;0;0;0;0
20.07.2024;01:31;A 41;1;1;2;1;2;2;6;0;0;0;0;0;0;1;1;1;1;1;42;0;0;1;8;1;2;0;0;0;0;0;0;0;0;0;0;0;0;0;0;0;0;0;0;0;0;0;0;0;0;0;0;0;0;0;0;0;0;0;0;0;0;0;0
20.07.2024;01:30;A 41;1;0;0;1;2;1;6;0;0;0;0;1;3;1;4;0;0;1;61;0;0;0;7;0;0;2;4;0;0;0;0;0;0;0;0;0;0;1;2;0;0;0;0;0;0;0;0;0;0;0;0;0;0;0;0;0;0;0;0;0;0;0;0
20.07.2024;01:29;A 41;1;0;0;0;0;0;0;0;0;0;0;1;1;1;1;2;10;0;0;0;0;1;12;1;9;0;0;1;4;0;0;0;0;0;0;0;0;0;0;0;0;0;0;0;0;0;0;0;0;0;0;0;0;0;0;0;0;0;0;0;0;0;0
20.07.2024;01:28;A 41;1;0;0;0;0;0;0;0;0;0;0;0;0;1;51;0;0;0;0;0;0;0;0;1;6;0;0;0;0;0;0;0;0;0;0;0;0;0;0;0;0;0;0;0;0;0;0;0;0;0;0;0;0;0;0;0;0;0;0;0;0;0;0
20.07.2024;01:27;A 41;1;1;2;2;3;0;0;0;0;0;0;0;0;1;27;0;0;0;0;1;0;2;8;1;2;0;0;2;41;0;0;0;0;0;0;0;0;0;0;0;0;0;0;0;0;0;0;0;0;0;0;0;0;0;0;0;0;0;0;0;0;0;0
20.07.2024;01:26;A 41;1;1;3;0;0;1;4;0;0;0;0;2;18;1;1;0;1;0;0;0;0;1;8;1;23;1;28;2;25;0;0;0;0;0;0;0;0;0;0;0;0;0;0;0;0;0;0;0;0;0;0;0;0;0;0;0;0;0;0;0;0;0;0
20.07.2024;01:25;A 41;1;0;0;4;10;1;2;0;0;0;0;0;0;0;0;1;12;0;0;0;0;1;10;1;1;0;0;0;0;0;0;0;0;0;0;0;0;0;0;0;0;0;0;0;0;0;0;0;0;0;0;0;0;0;0;0;0;0;0;0;0;0;0
20.07.2024;01:24;A 41;1;0;0;1;2;0;0;0;0;0;0;1;28;0;25;1;2;0;0;0;0;0;0;0;0;0;0;0;0;0;0;0;0;0;0;0;0;0;0;0;0;0;0;0;0;0;0;0;0;0;0;0;0;0;0;0;0;0;0;0;0;0;0
20.07.2024;01:23;A 41;1;0;0;3;7;0;0;0;0;0;0;1;30;1;30;0;0;0;0;1;25;0;0;0;0;0;11;0;0;0;0;0;0;0;0;0;0;0;0;0;0;0;0;0;0;0;0;0;0;0;0;0;0;0;0;0;0;0;0;0;0;0;0
20.07.2024;01:22;A 41;1;0;0;1;1;1;5;0;0;0;0;0;0;1;1;0;0;0;0;0;0;2;10;0;0;1;33;0;0;0;0;0;0;0;0;0;0;0;0;0;0;0;0;0;0;0;0;0;0;0;0;0;0;0;0;0;0;0;0;0;0;0;0
20.07.2024;01:21;A 41;1;0;0;1;2;1;6;0;0;0;0;0;0;0;0;0;0;0;0;0;0;0;6;0;0;1;1;0;0;0;0;0;0;0;0;0;0;0;0;0;0;0;0;0;0;0;0;0;0;0;0;0;0;0;0;0;0;0;0;0;0;0;0
20.07.2024;01:20;A 41;1;0;0;0;0;0;0;0;0;0;0;1;12;0;0;0;16;0;0;0;0;2;20;0;0;0;0;0;0;0;0;0;0;0;0;0;0;0;0;0;0;0;0;0;0;0;0;0;0;0;0;0;0;0;0;0;0;0;0;0;0;0;0
20.07.2024;01:19;A 41;1;2;5;1;1;0;0;0;0;0;0;2;54;0;0;1;18;0;4;0;0;1;12;0;0;0;0;0;0;0;0;0;0;0;0;0;0;0;0;0;0;0;0;0;0;0;0;0;0;0;0;0;0;0;0;0;0;0;0;0;0;0;0
20.07.2024;01:18;A 41;1;2;5;2;4;0;0;0;0;0;0;0;43;0;0;1;2;2;55;0;0;0;0;1;11;0;0;2;2;0;0;0;0;0;0;0;0;0;0;0;0;0;0;0;0;0;0;0;0;0;0;0;0;0;0;0;0;0;0;0;0;0;0
20.07.2024;01:17;A 41;1;2;6;0;0;0;0;0;0;0;0;1;3;0;0;1;57;0;0;0;0;1;15;0;0;1;2;0;0;0;0;0;0;0;0;0;0;0;0;0;0;0;0;0;0;0;0;0;0;0;0;0;0;0;0;0;0;0;0;0;0;0;0
20.07.2024;01:16;A 41;1;1;2;2;6;1;18;0;0;0;0;0;0;0;0;0;0;0;0;1;9;0;0;0;0;0;0;0;0;0;0;0;0;0;0;0;0;0;0;0;0;0;0;0;0;0;0;0;0;0;0;0;0;0;0;0;0;0;0;0;0;0;0
20.07.2024;01:15;A 41;1;0;0;1;2;0;0;0;0;0;0;0;0;0;0;0;50;0;0;0;0;0;0;0;0;0;0;0;0;0;0;0;0;0;0;0;0;0;0;0;0;0;0;0;0;0;0;0;0;0;0;0;0;0;0;0;0;0;0;0;0;0;0
20.07.2024;01:14;A 41;1;2;4;2;4;2;3;0;0;0;0;2;28;0;0;1;4;0;0;0;0;0;0;0;0;0;0;0;0;0;0;0;0;0;0;0;0;0;0;0;0;0;0;0;0;0;0;0;0;0;0;0;0;0;0;0;0;0;0;0;0;0;0
20.07.2024;01:13;A 41;1;1;2;1;1;0;0;0;0;0;0;1;1;1;1;0;0;1;1;1;2;1;12;0;0;1;42;0;0;0;0;0;0;0;0;0;0;0;0;0;0;0;0;0;0;0;0;0;0;0;0;0;0;0;0;0;0;0;0;0;0;0;0
20.07.2024;01:12;A 41;1;0;0;1;1;2;5;0;0;0;0;2;2;1;1;0;0;0;0;0;0;2;17;1;10;3;13;1;2;0;0;0;0;0;0;0;0;0;0;0;0;0;0;0;0;0;0;0;0;0;0;0;0;0;0;0;0;0;0;0;0;0;0
20.07.2024;01:11;A 41;1;0;0;0;0;0;0;0;0;0;0;0;0;0;0;0;0;0;0;0;0;1;11;0;0;1;2;0;0;0;0;0;0;0;0;0;0;0;0;0;0;0;0;0;0;0;0;0;0;0;0;0;0;0;0;0;0;0;0;0;0;0;0
20.07.2024;01:10;A 41;1;0;0;0;0;1;5;0;0;0;0;0;0;1;1;0;0;0;0;0;0;0;0;0;0;0;0;0;0;0;0;0;0;0;0;0;0;0;0;0;0;0;0;0;0;0;0;0;0;0;0;0;0;0;0;0;0;0;0;0;0;0;0
20.07.2024;01:09;A 41;1;1;2;0;0;0;0;0;0;0;0;2;11;0;0;0;0;0;0;0;0;1;9;0;0;2;2;0;0;0;0;0;0;0;0;0;0;0;0;0;0;0;0;0;0;0;0;0;0;0;0;0;0;0;0;0;0;0;0;0;0;0;0
20.07.2024;01:08;A 41;1;1;2;1;3;1;3;0;0;0;0;1;18;0;0;0;0;1;1;0;0;0;0;0;0;0;0;0;0;0;0;0;0;0;0;0;0;0;0;0;0;0;0;0;0;0;0;0;0;0;0;0;0;0;0;0;0;0;0;0;0;0;0
20.07.2024;01:07;A 41;1;0;0;1;2;1;1;0;0;0;0;1;29;1;1;0;0;0;0;0;0;1;14;0;0;1;11;0;0;0;0;0;0;0;0;0;0;0;0;0;0;0;0;0;0;0;0;0;0;0;0;0;0;0;0;0;0;0;0;0;0;0;0
20.07.2024;01:06;A 41;1;2;6;2;10;3;18;0;0;0;0;3;49;1;1;0;0;1;1;2;25;0;0;0;0;0;0;0;0;0;0;0;0;0;0;0;0;0;0;0;0;0;0;0;0;0;0;0;0;0;0;0;0;0;0;0;0;0;0;0;0;0;0
20.07.2024;01:05;A 41;1;0;0;2;2;0;0;0;0;0;0;3;3;0;0;0;0;0;0;1;46;1;10;1;8;1;60;2;42;0;0;0;0;0;0;0;0;0;0;0;0;0;0;0;0;0;0;0;0;0;0;0;0;0;0;0;0;0;0;0;0;0;0
20.07.2024;01:04;A 41;1;0;0;0;0;0;2;0;0;0;0;3;45;0;0;0;0;0;0;0;0;2;21;0;0;2;3;0;0;0;0;0;0;0;0;0;0;0;0;0;0;0;0;0;0;0;0;0;0;0;0;0;0;0;0;0;0;0;0;0;0;0;0
20.07.2024;01:03;A 41;1;1;2;1;1;1;0;0;0;0;0;3;27;0;0;0;0;1;34;0;0;1;2;1;8;1;1;0;0;0;0;0;0;0;0;0;0;0;0;0;0;0;0;0;0;0;0;0;0;0;0;0;0;0;0;0;0;0;0;0;0;0;0
20.07.2024;01:02;A 41;1;2;3;1;3;0;0;0;0;0;0;0;8;0;0;0;0;0;0;0;0;1;19;1;12;0;0;2;10;0;0;0;0;0;0;0;0;0;0;0;0;0;0;0;0;0;0;0;0;0;0;0;0;0;0;0;0;0;0;0;0;0;0
20.07.2024;01:01;A 41;1;0;0;1;3;0;0;0;0;0;0;1;37;1;5;1;55;2;8;0;0;0;0;1;11;0;0;1;20;0;0;0;0;0;0;0;0;0;0;0;0;1;2;0;0;0;0;0;0;0;0;0;0;0;0;0;0;0;0;0;0;0;0
20.07.2024;01:00;A 41;1;0;0;1;1;1;3;0;0;0;0;0;0;0;0;1;2;1;1;0;0;2;9;1;8;0;0;0;0;0;0;0;0;0;0;0;0;0;0;1;2;0;0;0;0;0;0;0;0;0;0;0;0;0;0;0;0;0;0;0;0;0;0
20.07.2024;00:59;A 41;1;0;0;0;0;0;0;0;0;0;0;2;22;1;1;0;0;1;1;1;1;0;1;0;0;0;0;0;0;0;0;0;0;0;0;0;0;0;0;0;0;0;0;0;0;0;0;0;0;0;0;0;0;0;0;0;0;0;0;0;0;0;0
20.07.2024;00:58;A 41;1;2;4;0;0;0;4;0;0;0;0;0;0;0;0;0;0;0;0;0;0;2;31;0;0;1;2;0;0;0;0;0;0;0;0;0;0;0;0;0;0;0;0;0;0;0;0;0;0;0;0;0;0;0;0;0;0;0;0;0;0;0;0
20.07.2024;00:57;A 41;1;1;2;2;6;1;45;0;0;0;0;1;18;0;0;0;0;2;9;0;0;1;12;0;0;0;0;0;0;0;0;0;0;0;0;0;0;0;0;0;0;0;0;0;0;0;0;0;0;0;0;0;0;0;0;0;0;0;0;0;0;0;0
20.07.2024;00:56;A 41;1;0;0;1;2;1;4;0;0;0;0;2;9;1;1;0;0;0;0;0;0;1;5;0;0;0;0;0;0;0;0;0;0;0;0;0;0;0;0;0;0;0;0;0;0;0;0;0;0;0;0;0;0;0;0;0;0;0;0;0;0;0;0
20.07.2024;00:55;A 41;1;0;0;0;0;0;0;0;0;0;0;0;13;0;0;0;0;0;0;0;0;0;0;0;0;0;0;0;13;0;0;0;0;0;0;0;0;0;0;0;0;0;0;0;0;0;0;0;0;0;0;0;0;0;0;0;0;0;0;0;0;0;0
20.07.2024;00:54;A 41;1;0;0;1;3;1;5;0;0;0;0;2;13;0;0;0;0;1;1;0;0;1;2;0;0;0;0;1;33;0;0;0;0;0;0;0;0;0;0;0;0;0;0;0;0;0;0;0;0;0;0;0;0;0;0;0;0;0;0;0;0;0;0
20.07.2024;00:53;A 41;1;2;6;2;3;1;3;0;0;0;0;2;4;1;1;0;0;0;33;0;0;0;0;0;0;0;0;0;0;0;0;0;0;0;0;0;0;0;0;0;0;0;0;0;0;0;0;0;0;0;0;0;0;0;0;0;0;0;0;0;0;0;0
20.07.2024;00:52;A 41;1;0;0;1;2;0;4;0;0;0;0;0;0;0;0;0;0;1;1;0;0;1;20;0;0;1;59;0;0;0;0;0;0;0;0;0;0;0;0;0;0;0;0;0;0;0;0;0;0;0;0;0;0;0;0;0;0;0;0;0;0;0;0
20.07.2024;00:51;A 41;1;3;6;3;6;2;3;0;0;0;0;4;29;2;2;1;1;1;0;0;0;2;12;1;3;2;4;1;3;0;0;0;0;0;0;0;0;0;0;0;0;0;0;0;0;0;0;0;0;0;0;0;0;0;0;0;0;0;0;0;0;0;0
20.07.2024;00:50;A 41;1;1;2;2;6;1;5;0;0;0;0;1;36;1;1;0;0;0;0;0;0;2;10;1;12;0;0;1;3;0;0;0;0;0;0;0;0;0;0;0;0;0;0;0;0;0;0;0;0;0;0;0;0;0;0;0;0;0;0;0;0;0;0
20.07.2024;00:49;A 41;1;0;0;2;5;0;0;0;0;0;0;0;25;1;1;1;24;0;0;0;0;2;5;3;8;0;0;0;25;0;0;0;0;0;0;0;0;0;0;0;0;0;0;0;0;0;0;0;0;0;0;0;0;0;0;0;0;0;0;0;0;0;0
20.07.2024;00:48;A 41;1;1;1;3;5;4;53;0;0;0;0;1;38;2;2;0;0;0;0;0;0;1;10;1;13;1;2;1;6;0;0;0;0;0;0;0;0;0;0;0;0;0;0;0;0;0;0;0;0;0;0;0;0;0;0;0;0;0;0;0;0;0;0
20.07.2024;00:47;A 41;1;1;10;1;2;0;0;0;0;0;0;0;0;0;0;1;2;2;1;0;0;1;22;0;0;3;5;0;0;0;0;0;0;0;0;0;0;0;0;0;0;0;0;0;0;0;0;0;0;0;0;0;0;0;0;0;0;0;0;0;0;0;0
20.07.2024;00:46;A 41;1;2;4;2;4;1;29;0;0;0;0;2;19;1;2;0;0;0;0;0;0;1;5;1;8;0;0;2;2;0;0;0;0;0;0;0;0;0;0;0;0;0;0;0;0;0;0;0;0;0;0;0;0;0;0;0;0;0;0;0;0;0;0
20.07.2024;00:45;A 41;1;1;2;2;3;2;4;0;0;0;0;1;13;1;1;0;0;0;0;0;0;3;17;0;0;0;0;0;0;0;0;0;0;0;0;0;0;0;0;0;0;0;0;0;0;0;0;0;0;0;0;0;0;0;0;0;0;0;0;0;0;0;0
20.07.2024;00:44;A 41;1;0;0;0;0;0;0;0;0;0;0;0;0;0;0;0;0;0;0;0;0;1;9;1;14;0;0;2;23;0;0;0;0;0;0;0;0;0;0;0;0;0;0;0;0;0;0;0;0;0;0;0;0;0;0;0;0;0;0;0;0;0;0
20.07.2024;00:43;A 41;1;1;1;1;1;1;3;0;0;0;0;1;2;1;0;1;45;0;0;0;0;1;10;0;0;1;1;0;0;0;0;0;0;0;0;0;0;0;0;0;0;0;0;0;0;0;0;0;0;0;0;0;0;0;0;0;0;0;0;0;0;0;0
20.07.2024;00:42;A 41;1;0;0;0;0;0;0;0;0;0;0;0;0;0;0;0;0;0;0;0;0;1;12;0;0;0;0;0;0;0;0;0;0;0;0;0;0;0;0;0;0;0;0;0;0;0;0;0;0;0;0;0;0;0;0;0;0;0;0;0;0;0;0
20.07.2024;00:41;A 41;1;0;0;1;4;0;0;0;0;0;0;1;1;0;0;1;64;0;0;0;0;0;0;0;0;1;13;0;9;0;0;0;0;0;0;0;0;0;0;0;0;0;0;0;0;0;0;0;0;0;0;0;0;0;0;0;0;0;0;0;0;0;0
20.07.2024;00:40;A 41;1;2;5;2;3;1;6;0;0;0;0;0;0;1;1;0;0;0;0;0;0;2;26;0;0;2;56;2;62;0;0;0;0;0;0;0;0;0;0;0;0;0;0;0;0;0;0;0;0;0;0;0;0;0;0;0;0;0;0;0;0;0;0
20.07.2024;00:39;A 41;1;1;1;0;0;0;0;0;0;0;0;0;0;0;0;0;0;1;0;0;0;0;0;2;24;0;0;1;61;0;0;0;0;0;0;0;0;0;0;0;0;0;0;0;0;0;0;0;0;0;0;0;0;0;0;0;0;0;0;0;0;0;0
20.07.2024;00:38;A 41;1;0;0;0;0;0;0;0;0;0;0;2;57;1;1;1;1;1;1;1;1;0;0;0;0;0;0;0;0;0;0;0;0;0;0;0;0;0;0;0;0;0;0;0;0;0;0;0;0;0;0;0;0;0;0;0;0;0;0;0;0;0;0
20.07.2024;00:37;A 41;1;0;0;2;3;3;18;0;0;0;0;0;0;1;1;0;0;0;0;0;0;0;0;0;0;0;0;0;0;0;0;0;0;0;0;0;0;0;0;0;0;0;0;0;0;0;0;0;0;0;0;0;0;0;0;0;0;0;0;0;0;0;0
20.07.2024;00:36;A 41;1;2;3;2;4;1;48;0;0;0;0;1;3;0;0;0;0;0;0;0;0;2;29;0;0;0;0;2;2;0;0;0;0;0;0;0;0;0;0;0;0;0;0;0;0;0;0;0;0;0;0;0;0;0;0;0;0;0;0;0;0;0;0
20.07.2024;00:35;A 41;1;1;3;2;6;1;1;0;0;0;0;0;0;1;1;1;35;0;0;0;0;0;0;0;0;0;0;2;24;0;0;0;0;0;0;0;0;0;0;0;0;0;0;0;0;0;0;0;0;0;0;0;0;0;0;0;0;0;0;0;0;0;0
20.07.2024;00:34;A 41;1;1;1;1;1;1;4;0;0;0;0;1;10;0;0;2;29;0;0;0;0;1;8;1;11;3;6;1;8;0;0;0;0;0;0;0;0;0;0;0;0;0;0;0;0;0;0;0;0;0;0;0;0;0;0;0;0;0;0;0;0;0;0
20.07.2024;00:33;A 41;1;0;0;0;0;0;0;0;0;0;0;4;34;0;0;1;29;1;36;0;0;2;13;0;0;2;4;1;0;0;0;0;0;0;0;0;0;0;0;0;0;0;0;0;0;0;0;0;0;0;0;0;0;0;0;0;0;0;0;0;0;0;0
20.07.2024;00:32;A 41;1;1;1;2;4;3;6;0;0;0;0;2;95;2;5;0;0;0;0;0;0;0;0;1;7;2;91;2;5;0;0;0;0;0;0;0;0;0;0;0;0;0;0;0;0;0;0;0;0;0;0;0;0;0;0;0;0;0;0;0;0;0;0
20.07.2024;00:31;A 41;1;0;0;2;5;2;36;0;0;0;0;1;4;1;5;1;6;1;5;0;0;1;19;0;0;0;0;0;0;0;0;0;0;0;0;0;0;1;2;1;2;1;2;0;0;0;0;0;0;0;0;0;0;0;0;0;0;0;0;0;0;0;0
20.07.2024;00:30;A 41;1;0;0;1;2;1;4;0;0;0;0;1;67;1;1;3;4;1;5;0;0;2;17;2;16;1;2;3;15;0;0;0;0;0;0;0;0;0;0;0;0;0;0;0;0;0;0;0;0;0;0;0;0;0;0;0;0;0;0;0;0;0;0
20.07.2024;00:29;A 41;1;0;0;0;0;0;0;0;0;0;0;3;30;0;0;1;44;1;51;0;0;0;0;0;0;0;0;0;0;0;0;0;0;0;0;0;0;0;0;0;0;0;0;0;0;0;0;0;0;0;0;0;0;0;0;0;0;0;0;0;0;0;0
20.07.2024;00:28;A 41;1;0;0;0;0;0;0;0;0;0;0;0;26;0;26;0;0;0;0;0;0;1;16;0;0;1;2;0;0;0;0;0;0;0;0;0;0;0;0;0;0;0;0;0;0;0;0;0;0;0;0;0;0;0;0;0;0;0;0;0;0;0;0
20.07.2024;00:27;A 41;1;0;0;0;0;0;0;0;0;0;0;2;24;1;21;0;0;0;0;1;1;1;9;0;0;0;0;0;0;0;0;0;0;0;0;0;0;0;0;0;0;0;0;0;0;0;0;0;0;0;0;0;0;0;0;0;0;0;0;0;0;0;0
20.07.2024;00:26;A 41;1;0;0;2;5;2;6;0;0;0;0;1;15;0;0;1;39;1;1;1;3;0;0;0;0;0;0;0;0;0;0;0;0;0;0;0;0;0;0;0;0;0;0;0;0;0;0;0;0;0;0;0;0;0;0;0;0;0;0;0;0;0;0
20.07.2024;00:25;A 41;1;0;0;0;0;1;2;0;0;0;0;2;50;1;1;0;0;1;1;0;0;0;0;0;0;0;0;0;0;0;0;0;0;0;0;0;0;0;0;0;0;0;0;0;0;0;0;0;0;0;0;0;0;0;0;0;0;0;0;0;0;0;0
20.07.2024;00:24;A 41;1;0;0;2;3;0;0;0;0;0;0;1;10;1;0;0;17;0;0;0;0;2;10;1;5;1;2;0;0;0;0;0;0;0;0;0;0;0;0;0;0;0;0;0;0;0;0;0;0;0;0;0;0;0;0;0;0;0;0;0;0;0;0
20.07.2024;00:23;A 41;1;0;0;0;2;0;8;0;0;0;0;3;8;0;0;2;25;2;3;1;3;1;8;1;9;1;2;1;2;0;0;0;0;0;0;0;0;0;0;0;0;0;0;0;0;0;0;0;0;0;0;0;0;0;0;0;0;0;0;0;0;0;0
20.07.2024;00:22;A 41;1;2;4;2;5;1;57;0;0;0;0;0;0;0;0;0;0;0;0;1;56;3;42;6;25;0;0;2;5;0;0;0;0;0;0;0;0;0;0;0;0;0;0;0;0;0;0;0;0;0;0;0;0;0;0;0;0;0;0;0;0;0;0
20.07.2024;00:21;A 41;1;0;0;1;2;0;0;0;0;0;0;2;2;0;0;0;0;1;48;0;0;1;33;1;8;0;29;1;34;0;0;0;0;0;0;0;0;0;0;0;0;0;0;0;0;0;0;0;0;0;0;0;0;0;0;0;0;0;0;0;0;0;0
20.07.2024;00:20;A 41;1;2;4;0;0;0;0;0;0;0;0;0;9;0;10;1;10;0;0;0;0;1;9;1;16;3;23;1;1;0;0;0;0;0;0;0;0;0;0;0;0;0;0;0;0;0;0;0;0;0;0;0;0;0;0;0;0;0;0;0;0;0;0
20.07.2024;00:19;A 41;1;2;6;3;9;3;22;0;0;0;0;3;45;1;24;1;32;0;0;0;0;2;27;0;0;1;42;0;0;0;0;0;0;0;0;0;0;0;0;0;0;0;0;0;0;0;0;0;0;0;0;0;0;0;0;0;0;0;0;0;0;0;0
20.07.2024;00:18;A 41;1;2;4;0;0;0;0;0;0;0;0;1;1;0;0;0;0;0;0;0;0;1;8;1;13;0;0;1;16;0;0;0;0;0;0;0;0;0;0;0;0;0;0;0;0;0;0;0;0;0;0;0;0;0;0;0;0;0;0;0;0;0;0
20.07.2024;00:17;A 41;1;0;0;1;1;0;23;0;0;0;0;1;42;1;1;0;20;0;15;0;0;0;0;0;0;0;0;0;0;0;0;0;0;0;0;0;0;0;0;0;0;0;0;0;0;0;0;0;0;0;0;0;0;0;0;0;0;0;0;0;0;0;0
20.07.2024;00:16;A 41;1;2;6;1;1;2;22;0;0;0;0;1;40;1;1;2;14;3;21;0;0;2;19;1;3;1;1;0;0;0;0;0;0;0;0;0;0;0;0;0;0;0;0;0;0;0;0;0;0;0;0;0;0;0;0;0;0;0;0;0;0;0;0
20.07.2024;00:15;A 41;1;1;4;1;1;0;0;0;0;0;0;1;42;0;0;0;0;0;0;0;0;0;0;0;0;0;0;0;0;0;0;0;0;0;0;0;0;0;0;0;0;0;0;0;0;0;0;0;0;0;0;0;0;0;0;0;0;0;0;0;0;0;0
20.07.2024;00:14;A 41;1;0;0;0;0;0;0;0;0;0;0;2;55;0;29;1;2;2;4;1;2;0;0;0;0;2;19;2;24;0;0;0;0;0;0;0;0;0;0;0;0;0;0;0;0;0;0;0;0;0;0;0;0;0;0;0;0;0;0;0;0;0;0
20.07.2024;00:13;A 41;1;3;8;2;5;1;29;0;0;0;0;2;21;1;13;1;2;1;2;0;0;1;8;1;10;2;20;0;0;0;0;0;0;0;0;0;0;0;0;0;0;0;0;0;0;0;0;0;0;0;0;0;0;0;0;0;0;0;0;0;0;0;0
20.07.2024;00:12;A 41;1;3;5;0;0;0;0;0;0;0;0;1;1;1;1;0;56;0;0;1;1;0;0;1;10;0;0;2;2;0;0;0;0;0;0;0;0;0;0;0;0;0;0;0;0;0;0;0;0;0;0;0;0;0;0;0;0;0;0;0;0;0;0
20.07.2024;00:11;A 41;1;1;3;2;5;0;0;0;0;0;0;2;2;0;0;2;11;0;0;0;0;3;25;0;0;2;4;0;0;0;0;0;0;0;0;0;0;0;0;0;0;0;0;0;0;0;0;0;0;0;0;0;0;0;0;0;0;0;0;0;0;0;0
20.07.2024;00:10;A 41;1;1;2;1;1;2;6;0;0;0;0;0;0;0;0;0;16;0;0;1;17;1;9;3;25;0;0;2;48;0;0;0;0;0;0;0;0;0;0;0;0;0;0;0;0;0;0;0;0;0;0;0;0;0;0;0;0;0;0;0;0;0;0
20.07.2024;00:09;A 41;1;1;2;1;1;0;0;0;0;0;0;4;61;0;0;1;20;0;0;0;0;2;17;1;26;1;1;4;3;0;0;0;0;0;0;0;0;0;0;0;0;0;0;0;0;0;0;0;0;0;0;0;0;0;0;0;0;0;0;0;0;0;0
20.07.2024;00:08;A 41;1;2;7;3;8;2;6;0;0;0;0;1;32;2;2;0;0;1;49;0;0;1;10;0;0;1;43;0;0;0;0;0;0;0;0;0;0;0;0;0;0;0;0;0;0;0;0;0;0;0;0;0;0;0;0;0;0;0;0;0;0;0;0
20.07.2024;00:07;A 41;1;1;3;0;0;0;0;0;0;0;0;2;28;1;1;0;0;0;0;1;1;1;11;1;2;1;2;0;0;0;0;0;0;0;0;0;0;0;0;0;0;0;0;0;0;0;0;0;0;0;0;0;0;0;0;0;0;0;0;0;0;0;0
20.07.2024;00:06;A 41;1;0;0;3;7;2;5;0;0;0;0;1;8;0;0;0;0;2;2;0;0;0;0;0;0;0;7;0;14;0;0;0;0;0;0;0;0;0;0;0;0;0;0;0;0;0;0;0;0;0;0;0;0;0;0;0;0;0;0;0;0;0;0
20.07.2024;00:05;A 41;1;1;1;1;2;1;48;0;0;0;0;0;0;0;0;0;0;2;14;1;1;1;9;2;17;2;52;2;55;0;0;0;0;0;0;0;0;0;0;0;0;0;0;0;0;0;0;0;0;0;0;0;0;0;0;0;0;0;0;0;0;0;0
20.07.2024;00:04;A 41;1;0;0;4;12;2;25;0;0;0;0;1;1;2;2;1;1;1;1;1;35;1;2;1;5;0;0;0;0;0;0;0;0;0;0;0;0;0;0;0;0;0;0;0;0;0;0;0;0;0;0;0;0;0;0;0;0;0;0;0;0;0;0
20.07.2024;00:03;A 41;1;2;4;1;1;0;0;0;0;0;0;1;47;0;0;1;1;0;20;2;41;0;0;0;1;0;0;2;2;0;0;0;0;0;0;0;0;0;0;0;0;0;0;0;0;0;0;0;0;0;0;0;0;0;0;0;0;0;0;0;0;0;0
20.07.2024;00:02;A 41;1;0;0;2;4;3;9;0;0;0;0;1;76;2;6;1;5;4;35;1;31;1;11;2;28;2;11;1;24;0;0;0;0;0;0;0;0;0;0;1;2;1;2;0;0;0;0;0;0;0;0;0;0;0;0;0;0;0;0;0;0;0;0
20.07.2024;00:01;A 41;1;2;4;2;3;0;0;0;0;0;0;1;4;0;0;1;59;2;33;0;0;0;0;1;12;1;2;2;2;0;0;0;0;0;0;0;0;0;0;0;0;0;0;0;0;0;0;0;0;0;0;0;0;0;0;0;0;0;0;0;0;0;0
20.07.2024;00:00;A 41;1;0;0;1;2;0;0;0;0;0;0;0;0;0;0;0;7;1;10;1;1;1;12;0;0;1;41;0;0;0;0;0;0;0;0;0;0;0;0;0;0;0;0;0;0;0;0;0;0;0;0;0;0;0;0;0;0;0;0;0;0;0;0
19.07.2024;23:59;A 41;1;0;0;0;0;0;0;0;0;0;0;1;3;0;0;1;94;1;47;0;0;2;12;0;0;0;0;0;0;0;0;0;0;0;0;0;0;0;0;0;0;0;0;0;0;0;0;0;0;0;0;0;0;0;0;0;0;0;0;0;0;0;0
19.07.2024;23:58;A 41;1;0;0;0;0;0;0;0;0;0;0;2;4;1;3;0;0;0;18;1;22;1;15;0;0;1;2;0;0;0;0;0;0;0;0;0;0;1;2;0;0;0;0;0;0;0;0;0;0;0;0;0;0;0;0;0;0;0;0;0;0;0;0
19.07.2024;23:57;A 41;1;0;0;0;0;0;0;0;0;0;0;0;0;0;0;0;0;3;45;1;44;3;28;0;0;2;49;0;0;0;0;0;0;0;0;0;0;0;0;0;0;0;0;0;0;0;0;0;0;0;0;0;0;0;0;0;0;0;0;0;0;0;0
19.07.2024;23:56;A 41;1;0;0;0;0;0;0;0;0;0;0;2;14;0;0;1;47;1;48;0;0;1;11;0;0;0;0;0;0;0;0;0;0;0;0;0;0;0;0;0;0;0;0;0;0;0;0;0;0;0;0;0;0;0;0;0;0;0;0;0;0;0;0
19.07.2024;23:55;A 41;1;0;0;2;4;2;57;0;0;0;0;2;2;0;0;0;0;0;0;0;0;0;0;1;14;0;0;3;35;0;0;0;0;0;0;0;0;0;0;0;0;0;0;0;0;0;0;0;0;0;0;0;0;0;0;0;0;0;0;0;0;0;0
19.07.2024;23:54;A 41;1;0;0;0;0;1;5;0;0;0;0;1;9;2;2;0;0;0;0;1;1;4;40;3;39;3;4;2;8;0;0;0;0;0;0;0;0;0;0;0;0;0;0;0;0;0;0;0;0;0;0;0;0;0;0;0;0;0;0;0;0;0;0
19.07.2024;23:53;A 41;1;0;0;0;0;0;0;0;0;0;0;2;11;0;0;1;35;0;0;0;0;1;11;0;0;0;0;0;0;0;0;0;0;0;0;0;0;0;0;0;0;0;0;0;0;0;0;0;0;0;0;0;0;0;0;0;0;0;0;0;0;0;0
19.07.2024;23:52;A 41;1;0;0;2;3;3;14;0;0;0;0;2;9;0;0;2;40;3;37;1;19;0;0;0;0;0;0;0;0;0;0;0;0;0;0;0;0;0;0;0;0;0;0;0;0;0;0;0;0;0;0;0;0;0;0;0;0;0;0;0;0;0;0
19.07.2024;23:51;A 41;1;0;0;1;2;1;2;0;0;0;0;1;16;0;0;1;10;1;27;0;0;0;0;0;0;0;0;0;0;0;0;0;0;0;0;0;0;0;0;0;0;0;0;0;0;0;0;0;0;0;0;0;0;0;0;0;0;0;0;0;0;0;0
19.07.2024;23:50;A 41;1;0;0;3;6;2;4;0;0;0;0;1;1;0;0;0;0;0;0;0;0;1;10;1;13;0;0;1;4;0;0;0;0;0;0;0;0;0;0;0;0;0;0;0;0;0;0;0;0;0;0;0;0;0;0;0;0;0;0;0;0;0;0
19.07.2024;23:49;A 41;1;2;4;2;3;1;5;0;0;0;0;0;42;2;36;1;9;0;0;0;0;1;9;0;0;0;0;0;0;0;0;0;0;0;0;0;0;0;0;0;0;0;0;0;0;0;0;0;0;0;0;0;0;0;0;0;0;0;0;0;0;0;0
19.07.2024;23:48;A 41;1;1;3;0;0;0;0;0;0;0;0;4;29;1;1;1;1;1;1;0;0;0;0;1;16;0;0;2;3;0;0;0;0;0;0;0;0;0;0;0;0;0;0;0;0;0;0;0;0;0;0;0;0;0;0;0;0;0;0;0;0;0;0
19.07.2024;23:47;A 41;1;0;0;1;1;1;3;0;0;0;0;5;4;0;13;1;28;0;0;0;0;1;9;0;0;3;16;0;0;0;0;0;0;0;0;0;0;0;0;0;0;0;0;0;0;0;0;0;0;0;0;0;0;0;0;0;0;0;0;0;0;0;0
19.07.2024;23:46;A 41;1;0;0;2;5;2;12;0;0;0;0;1;1;2;3;0;0;2;21;1;2;4;46;1;4;2;45;0;0;0;0;0;0;0;0;0;0;0;0;0;0;0;0;0;0;0;0;0;0;0;0;0;0;0;0;0;0;0;0;0;0;0;0
19.07.2024;23:45;A 41;1;0;0;1;4;1;19;0;0;0;0;1;54;1;2;0;0;0;0;0;0;2;18;2;11;2;22;1;4;0;0;0;0;0;0;0;0;0;0;0;0;0;0;0;0;0;0;0;0;0;0;0;0;0;0;0;0;0;0;0;0;0;0
19.07.2024;23:44;A 41;1;2;3;4;6;1;2;0;0;0;0;1;0;1;1;0;0;1;2;0;0;1;3;1;9;3;27;0;0;0;0;0;0;0;0;0;0;0;0;0;0;0;0;0;0;0;0;0;0;0;0;0;0;0;0;0;0;0;0;0;0;0;0
19.07.2024;23:43;A 41;1;0;0;1;1;1;5;0;0;0;0;3;2;0;0;0;0;0;0;0;0;0;0;0;0;0;0;0;0;0;0;0;0;0;0;0;0;0;0;0;0;0;0;0;0;0;0;0;0;0;0;0;0;0;0;0;0;0;0;0;0;0;0
19.07.2024;23:42;A 41;1;1;2;2;5;1;8;0;0;0;0;1;1;1;1;1;52;1;47;1;0;0;0;0;0;0;0;0;0;0;0;0;0;0;0;0;0;0;0;0;0;0;0;0;0;0;0;0;0;0;0;0;0;0;0;0;0;0;0;0;0;0;0
19.07.2024;23:41;A 41;1;0;0;1;3;0;0;0;0;0;0;2;27;0;0;1;57;1;1;1;2;0;0;0;4;0;0;0;0;0;0;0;0;0;0;0;0;0;0;0;0;0;0;0;0;0;0;0;0;0;0;0;0;0;0;0;0;0;0;0;0;0;0
19.07.2024;23:40;A 41;1;0;0;0;0;0;0;0;0;0;0;1;32;1;10;0;0;2;68;0;69;0;0;1;2;0;7;0;0;0;0;0;0;0;0;0;0;0;0;0;0;0;0;0;0;0;0;0;0;0;0;0;0;0;0;0;0;0;0;0;0;0;0
19.07.2024;23:39;A 41;1;3;6;1;3;0;0;0;0;0;0;1;38;0;0;1;1;0;0;1;0;1;12;0;0;3;8;0;0;0;0;0;0;0;0;0;0;0;0;0;0;0;0;0;0;0;0;0;0;0;0;0;0;0;0;0;0;0;0;0;0;0;0
19.07.2024;23:38;A 41;1;0;0;1;2;2;10;0;0;0;0;1;3;0;0;0;0;1;1;1;1;2;23;1;10;1;30;2;5;0;0;0;0;0;0;0;0;0;0;0;0;0;0;0;0;0;0;0;0;0;0;0;0;0;0;0;0;0;0;0;0;0;0
19.07.2024;23:37;A 41;1;1;3;1;2;1;2;0;0;0;0;1;67;1;33;0;0;1;1;2;3;2;19;2;25;1;3;1;56;0;0;0;0;0;0;0;0;0;0;0;0;0;0;0;0;0;0;0;0;0;0;0;0;0;0;0;0;0;0;0;0;0;0
19.07.2024;23:36;A 41;1;2;4;1;2;0;0;0;0;0;0;3;55;1;1;1;4;0;2;0;4;1;13;0;0;2;36;0;0;0;0;0;0;0;0;0;0;0;0;0;0;0;0;0;0;0;0;0;0;0;0;0;0;0;0;0;0;0;0;0;0;0;0
19.07.2024;23:35;A 41;1;0;1;1;1;2;6;0;0;0;0;1;46;0;0;1;42;1;23;1;27;1;9;2;15;2;3;1;48;0;0;0;0;0;0;0;0;0;0;0;0;0;0;0;0;0;0;0;0;0;0;0;0;0;0;0;0;0;0;0;0;0;0
19.07.2024;23:34;A 41;1;2;4;1;2;1;3;0;0;0;0;3;25;0;0;1;61;0;0;1;57;0;0;1;11;0;0;1;15;0;0;0;0;0;0;0;0;0;0;0;0;0;0;0;0;0;0;0;0;0;0;0;0;0;0;0;0;0;0;0;0;0;0
19.07.2024;23:33;A 41;1;3;7;2;4;0;0;0;0;0;0;4;13;0;9;1;74;0;0;1;55;3;33;0;0;2;3;2;1;0;0;0;0;0;0;0;0;0;0;0;0;0;0;0;0;0;0;0;0;0;0;0;0;0;0;0;0;0;0;0;0;0;0
19.07.2024;23:32;A 41;1;2;7;2;3;3;7;0;0;0;0;1;17;1;28;2;3;0;0;2;5;0;3;0;0;1;3;0;26;0;0;0;0;0;0;0;0;0;0;0;0;0;0;0;0;0;0;0;0;0;0;0;0;0;0;0;0;0;0;0;0;0;0
19.07.2024;23:31;A 41;1;2;5;0;0;1;40;0;0;0;0;0;0;2;1;2;43;3;44;1;1;2;25;0;0;0;0;1;58;0;0;0;0;0;0;0;0;0;0;1;2;1;2;0;0;0;0;0;0;0;0;0;0;0;0;0;0;0;0;0;0;0;0
19.07.2024;23:30;A 41;1;3;7;0;0;1;6;0;0;0;0;4;54;3;6;2;43;1;53;1;0;1;9;0;0;0;0;0;0;0;0;0;0;0;0;0;0;1;2;0;0;0;0;0;0;0;0;0;0;0;0;0;0;0;0;0;0;0;0;0;0;0;0
19.07.2024;23:29;A 41;1;0;0;0;0;0;8;0;0;0;0;0;0;0;0;1;23;1;3;0;0;2;11;0;0;0;0;0;0;0;0;0;0;0;0;0;0;0;0;0;0;0;0;0;0;0;0;0;0;0;0;0;0;0;0;0;0;0;0;0;0;0;0
19.07.2024;23:28;A 41;1;3;7;3;15;3;47;0;0;0;0;3;39;2;1;1;13;2;54;0;0;2;17;2;15;1;49;0;42;0;0;0;0;0;0;0;0;0;0;0;0;0;0;0;0;0;0;0;0;0;0;0;0;0;0;0;0;0;0;0;0;0;0
19.07.2024;23:27;A 41;1;2;4;3;8;2;37;0;0;0;0;0;0;0;0;0;0;0;0;0;0;1;16;1;13;2;14;1;5;0;0;0;0;0;0;0;0;0;0;0;0;0;0;0;0;0;0;0;0;0;0;0;0;0;0;0;0;0;0;0;0;0;0
19.07.2024;23:26;A 41;1;0;0;1;1;1;25;0;0;0;0;1;10;2;1;1;1;0;0;0;0;1;28;1;6;6;15;0;0;0;0;0;0;0;0;0;0;0;0;0;0;0;0;0;0;0;0;0;0;0;0;0;0;0;0;0;0;0;0;0;0;0;0
19.07.2024;23:25;A 41;1;1;2;2;5;1;7;0;0;0;0;1;33;0;0;0;0;0;0;0;0;2;16;1;12;0;0;1;4;0;0;0;0;0;0;0;0;0;0;0;0;0;0;0;0;0;0;0;0;0;0;0;0;0;0;0;0;0;0;0;0;0;0
19.07.2024;23:24;A 41;1;1;2;0;0;0;0;0;0;0;0;1;1;0;0;0;0;1;2;1;38;1;11;0;0;1;2;0;0;0;0;0;0;0;0;0;0;0;0;0;0;0;0;0;0;0;0;0;0;0;0;0;0;0;0;0;0;0;0;0;0;0;0
19.07.2024;23:23;A 41;1;2;5;2;5;1;3;0;0;0;0;5;63;0;0;2;2;2;19;2;3;1;8;1;6;1;2;2;2;0;0;0;0;0;0;0;0;0;0;0;0;0;0;0;0;0;0;0;0;0;0;0;0;0;0;0;0;0;0;0;0;0;0
19.07.2024;23:22;A 41;1;0;0;1;2;2;13;0;0;0;0;1;1;0;0;1;1;2;9;0;1;0;0;0;0;0;0;0;59;0;0;0;0;0;0;0;0;0;0;0;0;0;0;0;0;0;0;0;0;0;0;0;0;0;0;0;0;0;0;0;0;0;0
19.07.2024;23:21;A 41;1;0;0;2;4;2;30;0;0;0;0;2;15;0;0;1;62;1;63;1;65;0;0;3;23;0;0;3;6;0;0;0;0;0;0;0;0;0;0;0;0;0;0;0;0;0;0;0;0;0;0;0;0;0;0;0;0;0;0;0;0;0;0
19.07.2024;23:20;A 41;1;2;3;2;4;1;2;0;0;0;0;2;27;0;0;0;0;0;0;1;28;1;7;0;0;1;27;0;0;0;0;0;0;0;0;0;0;0;0;0;0;0;0;0;0;0;0;0;0;0;0;0;0;0;0;0;0;0;0;0;0;0;0
19.07.2024;23:19;A 41;1;2;10;2;11;4;14;0;0;0;0;5;50;0;0;1;18;1;4;1;27;1;12;0;0;1;4;1;18;0;0;0;0;0;0;0;0;0;0;0;0;0;0;0;0;0;0;0;0;0;0;0;0;0;0;0;0;0;0;0;0;0;0
19.07.2024;23:18;A 41;1;0;0;2;5;1;4;0;0;0;0;2;48;0;0;1;47;0;50;0;0;1;23;2;18;1;2;1;26;0;0;0;0;0;0;0;0;0;0;0;0;0;0;0;0;0;0;0;0;0;0;0;0;0;0;0;0;0;0;0;0;0;0
19.07.2024;23:17;A 41;1;2;8;3;8;1;5;0;0;0;0;2;6;1;2;0;33;1;4;0;0;2;29;3;25;3;15;3;57;0;0;0;0;0;0;0;0;0;0;0;0;0;0;0;0;0;0;0;0;0;0;0;0;0;0;0;0;0;0;0;0;0;0
19.07.2024;23:16;A 41;1;3;6;1;1;2;3;0;0;0;0;0;0;0;0;3;16;0;16;0;0;2;11;3;20;0;0;2;58;0;0;0;0;0;0;0;0;0;0;0;0;0;0;0;0;0;0;0;0;0;0;0;0;0;0;0;0;0;0;0;0;0;0
19.07.2024;23:15;A 41;1;3;4;3;12;2;5;0;0;0;0;2;49;1;1;0;0;2;24;0;0;0;0;0;0;0;0;0;0;0;0;0;0;0;0;0;0;0;0;0;0;0;0;0;0;0;0;0;0;0;0;0;0;0;0;0;0;0;0;0;0;0;0
19.07.2024;23:14;A 41;1;2;3;2;4;0;0;0;0;0;0;6;53;1;1;1;15;1;1;0;0;3;13;1;14;0;45;4;9;0;0;0;0;0;0;0;0;0;0;0;0;0;0;0;0;0;0;0;0;0;0;0;0;0;0;0;0;0;0;0;0;0;0
19.07.2024;23:13;A 41;1;0;0;1;1;0;51;0;0;0;0;1;26;1;1;1;44;0;41;1;44;2;9;0;0;1;34;0;0;0;0;0;0;0;0;0;0;0;0;0;0;0;0;0;0;0;0;0;0;0;0;0;0;0;0;0;0;0;0;0;0;0;0
19.07.2024;23:12;A 41;1;0;0;1;2;2;23;0;0;0;0;2;17;1;5;1;96;1;39;1;56;1;6;3;34;0;8;4;28;0;0;0;0;0;0;0;0;1;2;0;0;0;0;0;0;0;0;0;0;0;0;0;0;0;0;0;0;0;0;0;0;0;0
19.07.2024;23:11;A 41;1;1;2;3;7;0;0;0;0;0;0;1;38;3;3;0;0;2;2;1;46;2;17;2;22;2;16;2;50;0;0;0;0;0;0;0;0;0;0;0;0;0;0;0;0;0;0;0;0;0;0;0;0;0;0;0;0;0;0;0;0;0;0
19.07.2024;23:10;A 41;1;0;0;3;5;2;36;0;0;0;0;1;62;1;1;1;29;2;1;2;32;0;0;0;0;0;0;0;0;0;0;0;0;0;0;0;0;0;0;0;0;0;0;0;0;0;0;0;0;0;0;0;0;0;0;0;0;0;0;0;0;0;0
19.07.2024;23:09;A 41;1;2;3;0;0;0;0;0;0;0;0;1;57;0;0;0;18;0;0;0;0;1;9;0;0;2;34;0;0;0;0;0;0;0;0;0;0;0;0;0;0;0;0;0;0;0;0;0;0;0;0;0;0;0;0;0;0;0;0;0;0;0;0
19.07.2024;23:08;A 41;1;1;2;1;3;1;3;0;0;0;0;0;0;1;3;1;0;0;0;1;1;1;2;0;0;0;0;2;2;0;0;0;0;0;0;0;0;0;0;0;0;0;0;0;0;0;0;0;0;0;0;0;0;0;0;0;0;0;0;0;0;0;0
19.07.2024;23:07;A 41;1;0;0;2;6;0;0;0;0;0;0;2;4;1;45;0;0;2;3;1;1;2;29;0;0;4;48;0;44;0;0;0;0;0;0;0;0;0;0;0;0;0;0;0;0;0;0;0;0;0;0;0;0;0;0;0;0;0;0;0;0;0;0
19.07.2024;23:06;A 41;1;2;3;2;5;1;5;0;0;0;0;4;29;1;4;1;60;1;43;0;0;3;33;2;24;3;5;2;31;0;0;0;0;0;0;0;0;0;0;0;0;0;0;0;0;0;0;0;0;0;0;0;0;0;0;0;0;0;0;0;0;0;0
19.07.2024;23:05;A 41;1;0;0;1;3;1;5;0;0;0;0;3;24;0;0;1;1;2;9;1;46;2;19;2;23;2;4;2;2;0;0;0;0;0;0;0;0;0;0;0;0;0;0;0;0;0;0;0;0;0;0;0;0;0;0;0;0;0;0;0;0;0;0
19.07.2024;23:04;A 41;1;0;0;3;8;2;48;0;0;0;0;0;0;2;1;1;2;2;11;2;16;0;0;0;0;0;0;0;0;0;0;0;0;0;0;0;0;0;0;0;0;0;0;0;0;0;0;0;0;0;0;0;0;0;0;0;0;0;0;0;0;0;0
19.07.2024;23:03;A 41;1;0;0;0;0;2;28;0;0;0;0;2;4;1;1;0;0;1;0;0;0;3;18;3;16;2;3;3;7;0;0;0;0;0;0;0;0;0;0;0;0;0;0;0;0;0;0;0;0;0;0;0;0;0;0;0;0;0;0;0;0;0;0
19.07.2024;23:02;A 41;1;1;3;1;3;0;0;0;0;0;0;2;23;1;1;1;6;4;33;1;1;4;40;2;24;4;10;2;21;0;0;0;0;0;0;0;0;0;0;1;2;1;2;0;0;0;0;0;0;0;0;0;0;0;0;0;0;0;0;0;0;0;0
19.07.2024;23:01;A 41;1;1;3;1;2;2;4;0;0;0;0;1;95;1;0;4;4;6;5;2;3;3;44;0;0;3;7;0;0;0;0;0;0;0;0;0;0;0;0;0;0;0;0;0;0;0;0;0;0;0;0;0;0;0;0;0;0;0;0;0;0;0;0
19.07.2024;23:00;A 41;1;1;2;2;4;2;46;0;0;0;0;3;12;2;1;2;46;1;2;3;70;1;1;0;0;0;0;0;0;0;0;0;0;0;0;0;0;0;0;0;0;0;0;0;0;0;0;0;0;0;0;0;0;0;0;0;0;0;0;0;0;0;0
19.07.2024;22:59;A 41;1;0;0;0;0;0;0;0;0;0;0;3;31;1;4;0;0;0;0;1;51;3;20;0;0;2;4;0;0;0;0;0;0;0;0;0;0;1;2;0;0;0;0;0;0;0;0;0;0;0;0;0;0;0;0;0;0;0;0;0;0;0;0
19.07.2024;22:58;A 41;1;1;2;3;8;2;42;0;0;0;0;2;36;0;0;1;10;1;0;0;0;0;0;0;0;1;1;0;8;0;0;0;0;0;0;0;0;0;0;0;0;0;0;0;0;0;0;0;0;0;0;0;0;0;0;0;0;0;0;0;0;0;0
19.07.2024;22:57;A 41;1;2;4;1;5;1;5;0;0;0;0;2;7;1;0;1;22;3;23;0;0;3;11;2;21;3;12;3;33;0;0;0;0;0;0;0;0;0;0;0;0;0;0;0;0;0;0;0;0;0;0;0;0;0;0;0;0;0;0;0;0;0;0
19.07.2024;22:56;A 41;1;0;0;5;9;2;21;0;0;0;0;5;7;3;2;0;0;1;1;0;0;1;7;0;0;0;0;0;0;0;0;0;0;0;0;0;0;0;0;0;0;0;0;0;0;0;0;0;0;0;0;0;0;0;0;0;0;0;0;0;0;0;0
19.07.2024;22:55;A 41;1;2;5;1;4;2;40;0;0;0;0;3;21;0;0;0;18;0;0;0;0;1;12;2;19;1;3;3;44;0;0;0;0;0;0;0;0;0;0;0;0;0;0;0;0;0;0;0;0;0;0;0;0;0;0;0;0;0;0;0;0;0;0
19.07.2024;22:54;A 41;1;2;4;3;11;2;14;0;0;0;0;2;40;1;1;1;54;0;14;0;0;2;15;0;0;2;5;0;0;0;0;0;0;0;0;0;0;0;0;0;0;0;0;0;0;0;0;0;0;0;0;0;0;0;0;0;0;0;0;0;0;0;0
19.07.2024;22:53;A 41;1;2;7;1;1;2;8;0;0;0;0;6;38;0;0;1;60;1;10;0;0;3;35;0;0;2;7;0;0;0;0;0;0;0;0;0;0;0;0;0;0;0;0;0;0;0;0;0;0;0;0;0;0;0;0;0;0;0;0;0;0;0;0
19.07.2024;22:52;A 41;1;1;2;0;0;0;0;0;0;0;0;1;1;1;1;1;29;2;2;1;4;1;8;1;11;0;0;1;2;0;0;0;0;0;0;0;0;0;0;0;0;0;0;0;0;0;0;0;0;0;0;0;0;0;0;0;0;0;0;0;0;0;0
19.07.2024;22:51;A 41;1;0;0;1;1;1;2;0;0;0;0;0;0;0;0;1;1;1;0;0;0;0;9;2;9;0;20;2;4;0;0;0;0;0;0;0;0;0;0;0;0;0;0;0;0;0;0;0;0;0;0;0;0;0;0;0;0;0;0;0;0;0;0
19.07.2024;22:50;A 41;1;0;0;0;0;0;0;0;0;0;0;4;4;0;0;2;45;0;0;1;35;1;49;0;0;1;32;0;0;0;0;0;0;0;0;0;0;0;0;0;0;0;0;0;0;0;0;0;0;0;0;0;0;0;0;0;0;0;0;0;0;0;0
19.07.2024;22:49;A 41;1;0;0;0;0;1;1;0;0;0;0;1;3;1;1;2;32;4;30;0;35;2;11;0;0;2;5;0;0;0;0;0;0;0;0;0;0;0;0;0;0;0;0;0;0;0;0;0;0;0;0;0;0;0;0;0;0;0;0;0;0;0;0
19.07.2024;22:48;A 41;1;2;4;1;2;1;2;0;0;0;0;0;1;1;1;1;1;1;1;2;38;3;6;0;0;1;2;3;10;0;0;0;0;0;0;0;0;0;0;0;0;0;0;0;0;0;0;0;0;0;0;0;0;0;0;0;0;0;0;0;0;0;0
19.07.2024;22:47;A 41;1;2;8;2;4;3;9;0;0;0;0;2;43;1;78;4;9;4;11;2;5;2;56;3;18;3;39;1;44;1;2;1;2;1;2;0;0;0;0;1;2;1;2;0;0;0;0;0;0;0;0;0;0;0;0;0;0;0;0;0;0;0;0
19.07.2024;22:46;A 41;1;1;1;2;4;1;5;0;0;0;0;7;8;0;0;0;0;1;61;1;14;1;10;1;11;1;3;2;7;0;0;0;0;0;0;0;0;0;0;0;0;0;0;0;0;0;0;0;0;0;0;0;0;0;0;0;0;0;0;0;0;0;0
19.07.2024;22:45;A 41;1;2;5;2;4;1;6;0;0;0;0;4;4;0;0;2;2;1;1;0;0;0;0;0;0;0;0;0;0;0;0;0;0;0;0;0;0;0;0;0;0;0;0;0;0;0;0;0;0;0;0;0;0;0;0;0;0;0;0;0;0;0;0
19.07.2024;22:44;A 41;1;3;5;1;6;1;4;0;0;0;0;3;14;0;0;0;0;0;0;0;0;1;26;1;2;4;6;0;0;0;0;0;0;0;0;0;0;0;0;0;0;0;0;0;0;0;0;0;0;0;0;0;0;0;0;0;0;0;0;0;0;0;0
19.07.2024;22:43;A 41;1;3;6;3;6;3;44;0;0;0;0;6;58;1;8;0;0;1;9;0;0;3;31;0;0;3;17;2;2;0;0;0;0;0;0;0;0;0;0;0;0;0;0;0;0;0;0;0;0;0;0;0;0;0;0;0;0;0;0;0;0;0;0
19.07.2024;22:42;A 41;1;4;8;3;7;1;66;0;0;0;0;3;36;2;26;2;46;3;3;1;3;4;40;0;0;5;64;0;0;0;0;0;0;0;0;0;0;1;2;0;0;0;0;0;0;0;0;0;0;0;0;0;0;0;0;0;0;0;0;0;0;0;0
19.07.2024;22:41;A 41;1;2;8;3;5;2;34;0;0;0;0;0;0;1;47;0;18;2;19;1;1;2;26;0;0;2;41;0;0;0;0;0;0;0;0;0;0;0;0;0;0;0;0;0;0;0;0;0;0;0;0;0;0;0;0;0;0;0;0;0;0;0;0
19.07.2024;22:40;A 41;1;3;4;3;15;2;15;0;0;0;0;5;70;1;2;1;26;1;4;0;0;3;17;2;19;1;2;3;27;0;0;0;0;0;0;0;0;0;0;0;0;0;0;0;0;0;0;0;0;0;0;0;0;0;0;0;0;0;0;0;0;0;0
19.07.2024;22:39;A 41;1;3;9;2;4;1;14;0;0;0;0;3;39;1;7;0;0;0;0;1;1;1;9;0;0;1;40;0;0;0;0;0;0;0;0;0;0;0;0;0;0;0;0;0;0;0;0;0;0;0;0;0;0;0;0;0;0;0;0;0;0;0;0
19.07.2024;22:38;A 41;1;3;5;1;2;1;6;0;0;0;0;4;8;0;0;0;0;2;2;1;14;2;38;0;0;2;10;0;0;0;0;0;0;0;0;0;0;0;0;0;0;0;0;0;0;0;0;0;0;0;0;0;0;0;0;0;0;0;0;0;0;0;0
19.07.2024;22:37;A 41;1;2;3;2;4;2;37;0;0;0;0;4;6;0;0;2;56;4;60;1;64;1;10;0;0;2;3;0;0;0;0;0;0;0;0;0;0;0;0;0;0;0;0;0;0;0;0;0;0;0;0;0;0;0;0;0;0;0;0;0;0;0;0
19.07.2024;22:36;A 41;1;2;4;2;5;2;5;0;0;0;0;1;7;3;7;1;1;2;2;1;0;1;9;1;8;0;0;2;2;0;0;0;0;0;0;0;0;0;0;0;0;0;0;0;0;0;0;0;0;0;0;0;0;0;0;0;0;0;0;0;0;0;0
19.07.2024;22:35;A 41;1;1;2;2;6;2;4;0;0;0;0;1;58;1;40;2;35;3;2;2;5;1;8;0;0;2;3;0;0;0;0;0;0;0;0;0;0;0;0;0;0;0;0;0;0;0;0;0;0;0;0;0;0;0;0;0;0;0;0;0;0;0;0
19.07.2024;22:34;A 41;1;3;6;1;2;1;3;0;0;0;0;2;34;0;0;3;32;3;19;2;21;3;13;2;17;1;1;1;26;0;0;0;0;0;0;0;0;0;0;0;0;0;0;0;0;0;0;0;0;0;0;0;0;0;0;0;0;0;0;0;0;0;0
19.07.2024;22:33;A 41;1;0;0;1;1;3;12;0;0;0;0;1;5;1;1;0;0;1;13;1;7;4;10;1;12;1;57;3;19;0;0;0;0;0;0;0;0;0;0;0;0;0;0;0;0;0;0;0;0;0;0;0;0;0;0;0;0;0;0;0;0;0;0
19.07.2024;22:32;A 41;1;1;2;2;7;1;34;0;0;0;0;3;30;1;10;2;56;2;2;0;0;5;33;1;4;3;46;4;30;0;0;0;0;0;0;0;0;0;0;0;0;0;0;0;0;0;0;0;0;0;0;0;0;0;0;0;0;0;0;0;0;0;0
19.07.2024;22:31;A 41;1;0;0;2;3;2;30;0;0;0;0;3;15;1;3;1;5;1;4;1;34;4;58;0;0;5;19;0;0;0;0;0;0;0;0;0;0;0;0;1;2;1;2;0;0;0;0;0;0;0;0;0;0;0;0;0;0;0;0;0;0;0;0
19.07.2024;22:30;A 41;1;2;4;3;47;1;22;0;0;0;0;3;31;1;1;2;2;0;0;1;50;3;29;1;12;2;17;4;4;0;0;0;0;0;0;0;0;0;0;0;0;0;0;0;0;0;0;0;0;0;0;0;0;0;0;0;0;0;0;0;0;0;0
19.07.2024;22:29;A 41;1;1;2;3;8;1;37;0;0;0;0;1;1;0;0;1;13;0;0;0;0;2;23;0;0;1;17;0;0;0;0;0;0;0;0;0;0;0;0;0;0;0;0;0;0;0;0;0;0;0;0;0;0;0;0;0;0;0;0;0;0;0;0
19.07.2024;22:28;A 41;1;0;0;2;5;1;30;0;0;0;0;4;6;1;4;3;70;3;4;1;63;1;20;1;14;2;56;2;2;0;0;0;0;0;0;0;0;1;2;0;0;0;0;0;0;0;0;0;0;0;0;0;0;0;0;0;0;0;0;0;0;0;0
19.07.2024;22:27;A 41;1;1;3;1;1;1;2;0;0;0;0;2;45;0;0;2;16;3;1;1;19;1;11;1;13;0;0;3;85;0;0;0;0;0;0;0;0;0;0;0;0;0;0;0;0;0;0;0;0;0;0;0;0;0;0;0;0;0;0;0;0;0;0
19.07.2024;22:26;A 41;1;1;3;3;6;3;15;0;0;0;0;1;50;0;0;2;38;1;2;1;25;3;20;2;21;2;33;5;34;0;0;0;0;0;0;0;0;0;0;0;0;0;0;0;0;0;0;0;0;0;0;0;0;0;0;0;0;0;0;0;0;0;0
19.07.2024;22:25;A 41;1;2;4;0;0;0;0;0;0;0;0;4;8;1;1;2;58;1;49;1;1;0;16;0;0;2;5;0;0;0;0;0;0;0;0;0;0;0;0;0;0;0;0;0;0;0;0;0;0;0;0;0;0;0;0;0;0;0;0;0;0;0;0
19.07.2024;22:24;A 41;1;1;1;1;2;1;3;0;0;0;0;0;0;0;0;2;27;3;75;0;0;6;40;2;2;4;6;0;0;0;0;0;0;0;0;0;0;0;0;0;0;0;0;0;0;0;0;0;0;0;0;0;0;0;0;0;0;0;0;0;0;0;0
19.07.2024;22:23;A 41;1;4;9;2;14;3;29;0;0;0;0;2;11;4;7;2;36;2;29;1;35;3;31;0;0;1;11;0;0;0;0;0;0;0;0;0;0;0;0;0;0;0;0;0;0;0;0;0;0;0;0;0;0;0;0;0;0;0;0;0;0;0;0
19.07.2024;22:22;A 41;1;2;4;3;6;1;2;0;0;0;0;5;48;0;0;2;55;4;68;0;0;3;38;1;29;2;40;2;8;0;0;0;0;0;0;0;0;0;0;0;0;0;0;0;0;0;0;0;0;0;0;0;0;0;0;0;0;0;0;0;0;0;0
19.07.2024;22:21;A 41;1;2;4;5;12;3;42;0;0;0;0;3;51;2;1;3;2;2;66;1;50;0;11;4;32;0;2;2;21;0;0;0;0;0;0;0;0;0;0;0;0;0;0;0;0;0;0;0;0;0;0;0;0;0;0;0;0;0;0;0;0;0;0
19.07.2024;22:20;A 41;1;2;3;1;3;0;18;0;0;0;0;4;72;1;6;1;1;5;54;1;4;4;46;1;1;3;4;0;0;0;0;0;0;0;0;0;0;0;0;0;0;0;0;0;0;0;0;0;0;0;0;0;0;0;0;0;0;0;0;0;0;0;0
19.07.2024;22:19;A 41;1;2;6;2;9;2;40;0;0;0;0;2;54;0;0;4;8;5;37;3;4;1;34;0;0;1;24;0;0;0;0;0;0;0;0;0;0;0;0;0;0;0;0;0;0;0;0;0;0;0;0;0;0;0;0;0;0;0;0;0;0;0;0
19.07.2024;22:18;A 41;1;1;2;2;3;1;25;0;0;0;0;2;2;1;1;1;63;0;0;0;0;2;25;0;0;1;2;0;41;0;0;0;0;0;0;0;0;0;0;0;0;0;0;0;0;0;0;0;0;0;0;0;0;0;0;0;0;0;0;0;0;0;0
19.07.2024;22:17;A 41;1;1;3;2;3;3;34;0;0;0;0;3;28;2;2;2;34;1;5;1;29;0;40;2;22;3;43;3;69;0;0;0;0;0;0;0;0;0;0;0;0;1;2;0;0;0;0;0;0;0;0;0;0;0;0;0;0;0;0;0;0;0;0
19.07.2024;22:16;A 41;1;0;0;3;6;3;30;0;0;0;0;0;0;2;15;2;69;2;9;1;1;3;31;2;17;4;9;0;0;0;0;0;0;0;0;0;0;1;2;1;2;0;0;0;0;0;0;0;0;0;0;0;0;0;0;0;0;0;0;0;0;0;0
19.07.2024;22:15;A 41;1;1;2;3;13;2;11;0;0;0;0;0;0;1;2;0;0;4;42;0;0;2;17;1;10;1;2;2;2;0;0;0;0;0;0;0;0;0;0;0;0;0;0;0;0;0;0;0;0;0;0;0;0;0;0;0;0;0;0;0;0;0;0
19.07.2024;22:14;A 41;1;2;4;6;9;2;47;0;0;0;0;3;24;3;2;1;19;1;3;3;19;2;56;1;15;2;61;1;51;0;0;0;0;0;0;0;0;0;0;0;0;0;0;0;0;0;0;0;0;0;0;0;0;0;0;0;0;0;0;0;0;0;0
19.07.2024;22:13;A 41;1;1;7;2;11;2;12;0;0;0;0;4;6;0;0;2;19;2;2;0;0;6;48;1;2;3;33;2;43;0;0;0;0;0;0;0;0;0;0;0;0;0;0;0;0;0;0;0;0;0;0;0;0;0;0;0;0;0;0;0;0;0;0
19.07.2024;22:12;A 41;1;1;2;3;6;2;37;0;0;0;0;5;13;1;1;1;61;1;24;1;1;3;29;1;7;1;2;1;30;0;0;0;0;0;0;0;0;0;0;0;0;1;2;0;0;0;0;0;0;0;0;0;0;0;0;0;0;0;0;0;0;0;0
19.07.2024;22:11;A 41;1;2;3;4;7;2;7;0;0;0;0;4;81;0;0;2;36;2;36;1;1;2;43;1;17;3;5;4;17;0;0;0;0;0;0;0;0;0;0;1;2;0;0;0;0;0;0;0;0;0;0;0;0;0;0;0;0;0;0;0;0;0;0
19.07.2024;22:10;A 41;1;0;0;2;3;1;2;0;0;0;0;6;23;1;26;2;63;0;0;1;60;2;21;3;28;2;4;4;4;0;0;0;0;0;0;0;0;0;0;0;0;0;0;0;0;0;0;0;0;0;0;0;0;0;0;0;0;0;0;0;0;0;0
19.07.2024;22:09;A 41;1;0;0;2;4;1;3;0;0;0;0;3;3;2;40;1;46;0;0;0;0;2;16;0;0;1;24;0;0;0;0;0;0;0;0;0;0;0;0;0;0;0;0;0;0;0;0;0;0;0;0;0;0;0;0;0;0;0;0;0;0;0;0
19.07.2024;22:08;A 41;1;4;9;4;9;2;37;0;0;0;0;2;2;1;1;0;51;2;53;1;2;1;55;3;6;2;43;1;2;0;0;0;0;0;0;0;0;0;0;0;0;0;0;0;0;0;0;0;0;0;0;0;0;0;0;0;0;0;0;0;0;0;0
19.07.2024;22:07;A 41;1;3;6;5;17;2;75;0;0;0;0;7;42;0;0;1;6;3;39;1;4;5;69;4;28;3;58;2;2;0;0;0;0;0;0;0;0;0;0;0;0;0;0;0;0;0;0;0;0;0;0;0;0;0;0;0;0;0;0;0;0;0;0
19.07.2024;22:06;A 41;1;0;0;2;6;1;1;0;0;0;0;1;2;0;0;0;21;1;16;1;2;5;46;6;46;1;48;3;68;0;0;0;0;0;0;0;0;0;0;0;0;0;0;0;0;0;0;0;0;0;0;0;0;0;0;0;0;0;0;0;0;0;0
19.07.2024;22:05;A 41;1;0;0;0;0;0;8;0;0;0;0;4;45;0;0;1;30;1;30;4;15;2;71;2;19;6;32;2;2;0;0;0;0;0;0;0;0;0;0;0;0;0;0;0;0;0;0;0;0;0;0;0;0;0;0;0;0;0;0;0;0;0;0
19.07.2024;22:04;A 41;1;0;0;4;8;2;74;0;0;0;0;6;40;2;2;0;0;0;0;1;42;1;61;1;30;5;52;1;6;0;0;0;0;0;0;0;0;0;0;0;0;0;0;0;0;0;0;0;0;0;0;0;0;0;0;0;0;0;0;0;0;0;0
19.07.2024;22:03;A 41;1;0;0;1;3;3;14;0;0;0;0;0;24;1;0;0;0;1;49;1;26;2;80;4;17;7;36;2;7;0;0;0;0;0;0;0;0;0;0;0;0;0;0;0;0;0;0;0;0;0;0;0;0;0;0;0;0;0;0;0;0;0;0
19.07.2024;22:02;A 41;1;1;2;1;1;0;0;0;0;0;0;3;57;1;4;3;35;2;26;1;55;2;67;3;29;4;46;3;37;0;0;0;0;0;0;0;0;0;0;0;0;1;2;0;0;0;0;0;0;0;0;0;0;0;0;0;0;0;0;0;0;0;0
19.07.2024;22:01;A 41;1;0;1;1;2;0;0;0;0;0;0;3;14;0;0;1;5;1;4;0;0;1;37;2;30;1;12;3;11;0;0;0;0;0;0;0;0;0;0;1;2;0;0;0;0;0;0;0;0;0;0;0;0;0;0;0;0;0;0;0;0;0;0
19.07.2024;22:00;A 41;1;3;3;2;5;1;44;0;0;0;0;1;26;2;39;1;0;1;1;1;1;7;32;4;46;2;4;2;4;0;0;0;0;0;0;0;0;0;0;0;0;0;0;0;0;0;0;0;0;0;0;0;0;0;0;0;0;0;0;0;0;0;0
19.07.2024;21:59;A 41;1;2;4;2;4;2;5;0;0;0;0;2;3;0;0;1;13;2;20;1;27;1;63;5;31;3;25;3;33;0;0;0;0;0;0;0;0;0;0;0;0;0;0;0;0;0;0;0;0;0;0;0;0;0;0;0;0;0;0;0;0;0;0
19.07.2024;21:58;A 41;1;2;7;0;2;1;29;0;0;0;0;3;26;0;0;1;1;2;24;3;53;5;74;5;54;4;34;0;0;0;0;0;0;0;0;0;0;0;0;0;0;0;0;0;0;0;0;0;0;0;0;0;0;0;0;0;0;0;0;0;0;0;0
19.07.2024;21:57;A 41;1;0;0;3;7;2;10;0;0;0;0;3;54;2;5;1;1;1;3;1;11;5;60;7;54;4;30;0;0;0;0;0;0;0;0;0;0;1;2;0;0;0;0;0;0;0;0;0;0;0;0;0;0;0;0;0;0;0;0;0;0;0;0
19.07.2024;21:56;A 41;1;3;6;2;4;0;0;0;0;0;0;5;47;2;22;0;0;2;1;3;6;5;37;9;39;3;32;0;26;0;0;0;0;0;0;0;0;0;0;0;0;0;0;0;0;0;0;0;0;0;0;0;0;0;0;0;0;0;0;0;0;0;0
19.07.2024;21:55;A 41;1;2;7;0;0;1;3;0;0;0;0;3;27;1;18;2;60;4;57;1;2;9;22;3;50;2;22;5;30;0;0;0;0;0;0;0;0;0;0;0;0;0;0;0;0;0;0;0;0;0;0;0;0;0;0;0;0;0;0;0;0;0;0
19.07.2024;21:54;A 41;1;2;6;1;1;0;0;0;0;0;0;6;7;1;1;2;18;1;38;0;55;4;42;3;37;1;31;2;17;0;0;0;0;0;0;0;0;0;0;0;0;0;0;0;0;0;0;0;0;0;0;0;0;0;0;0;0;0;0;0;0;0;0
19.07.2024;21:53;A 41;1;0;0;1;2;2;6;0;0;0;0;4;38;1;18;2;31;2;3;1;7;3;59;1;2;1;61;10;24;0;0;0;0;0;0;0;0;0;0;0;0;0;0;0;0;0;0;0;0;0;0;0;0;0;0;0;0;0;0;0;0;0;0
19.07.2024;21:52;A 41;1;2;9;1;2;0;31;0;0;0;0;8;38;1;18;2;26;0;20;0;0;4;52;1;17;5;64;1;2;0;0;0;0;0;0;0;0;0;0;0;0;0;0;0;0;0;0;0;0;0;0;0;0;0;0;0;0;0;0;0;0;0;0
19.07.2024;21:51;A 41;1;0;0;5;13;2;49;0;0;0;0;9;39;2;25;2;23;2;20;0;0;2;29;2;13;1;2;2;2;0;0;0;0;0;0;0;0;0;0;0;0;0;0;0;0;0;0;0;0;0;0;0;0;0;0;0;0;0;0;0;0;0;0
19.07.2024;21:50;A 41;1;1;1;0;0;1;10;0;0;0;0;3;3;4;7;1;37;1;18;1;0;3;43;3;25;3;7;1;2;0;0;0;0;0;0;0;0;0;0;0;0;0;0;0;0;0;0;0;0;0;0;0;0;0;0;0;0;0;0;0;0;0;0
19.07.2024;21:49;A 41;1;5;19;8;17;3;66;0;0;0;0;4;24;2;4;1;1;0;0;0;0;2;28;0;0;2;4;0;0;0;0;0;0;1;2;0;0;0;0;0;0;0;0;0;0;0;0;0;0;0;0;0;0;0;0;0;0;0;0;0;0;0;0
19.07.2024;21:48;A 41;1;3;7;6;12;1;5;0;0;0;0;2;50;0;0;2;63;2;3;0;0;2;36;2;20;1;39;0;49;1;2;1;2;0;0;0;0;0;0;1;2;1;2;0;0;0;0;0;0;0;0;0;0;0;0;0;0;0;0;0;0;0;0
19.07.2024;21:47;A 41;1;0;0;0;0;1;4;0;0;0;0;10;20;0;0;3;53;5;20;1;28;2;47;4;27;1;7;1;28;0;0;0;0;0;0;0;0;0;0;0;0;0;0;0;0;0;0;0;0;0;0;0;0;0;0;0;0;0;0;0;0;0;0
19.07.2024;21:46;A 41;1;2;5;3;5;1;2;0;0;0;0;2;68;0;0;2;37;2;26;1;34;2;28;3;10;2;3;0;0;0;0;0;0;0;0;0;0;0;0;0;0;0;0;0;0;0;0;0;0;0;0;0;0;0;0;0;0;0;0;0;0;0;0
19.07.2024;21:45;A 41;1;2;3;2;6;1;3;0;0;0;0;5;84;0;0;0;0;1;1;1;15;3;84;2;8;3;91;1;72;0;0;0;0;0;0;0;0;0;0;0;0;0;0;0;0;0;0;0;0;0;0;0;0;0;0;0;0;0;0;0;0;0;0
19.07.2024;21:44;A 41;1;1;2;0;0;0;0;0;0;0;0;3;26;2;2;1;79;1;80;2;87;3;35;2;11;2;35;0;0;0;0;0;0;0;0;0;0;0;0;0;0;0;0;0;0;0;0;0;0;0;0;0;0;0;0;0;0;0;0;0;0;0;0
19.07.2024;21:43;A 41;1;2;4;2;6;1;11;0;0;0;0;4;5;1;4;1;43;1;10;1;19;2;52;1;0;2;53;0;0;0;0;0;0;0;0;0;0;1;2;0;0;0;0;0;0;0;0;0;0;0;0;0;0;0;0;0;0;0;0;0;0;0;0
19.07.2024;21:42;A 41;1;1;4;2;6;1;52;0;0;0;0;2;28;1;32;2;42;2;9;1;1;3;48;4;13;2;36;1;38;0;0;0;0;0;0;0;0;0;0;0;0;0;0;0;0;0;0;0;0;0;0;0;0;0;0;0;0;0;0;0;0;0;0
19.07.2024;21:41;A 41;1;1;3;2;5;1;11;0;0;0;0;5;38;1;4;0;0;0;0;2;86;4;76;5;29;3;26;1;26;0;0;0;0;0;0;0;0;0;0;0;0;0;0;0;0;0;0;0;0;0;0;0;0;0;0;0;0;0;0;0;0;0;0
19.07.2024;21:40;A 41;1;2;4;1;2;1;57;0;0;0;0;1;10;0;0;1;29;0;51;4;47;2;33;1;27;2;50;1;1;0;0;0;0;0;0;0;0;0;0;0;0;0;0;0;0;0;0;0;0;0;0;0;0;0;0;0;0;0;0;0;0;0;0
19.07.2024;21:39;A 41;1;1;3;4;10;4;9;0;0;0;0;3;75;1;74;1;36;2;12;1;1;3;37;2;10;2;2;0;0;0;0;0;0;0;0;0;0;0;0;0;0;0;0;0;0;0;0;0;0;0;0;0;0;0;0;0;0;0;0;0;0;0;0
19.07.2024;21:38;A 41;1;3;8;1;3;1;27;0;0;0;0;6;65;1;22;2;19;1;12;1;24;4;44;1;14;2;36;1;42;0;0;0;0;0;0;0;0;0;0;0;0;0;0;0;0;0;0;0;0;0;0;0;0;0;0;0;0;0;0;0;0;0;0
19.07.2024;21:37;A 41;1;2;3;5;22;2;67;0;0;0;0;0;0;1;1;0;0;0;12;1;27;6;43;1;11;3;16;1;45;0;0;0;0;0;0;0;0;0;0;0;0;0;0;0;0;0;0;0;0;0;0;0;0;0;0;0;0;0;0;0;0;0;0
19.07.2024;21:36;A 41;1;1;3;2;5;1;2;0;0;0;0;4;49;0;0;0;0;3;46;0;0;3;68;2;11;7;40;2;4;0;0;0;0;0;0;0;0;0;0;0;0;0;0;0;0;0;0;0;0;0;0;0;0;0;0;0;0;0;0;0;0;0;0
19.07.2024;21:35;A 41;1;1;6;0;0;0;0;0;0;0;0;6;44;1;0;1;6;0;0;0;0;3;44;3;26;3;37;3;8;0;0;0;0;0;0;0;0;0;0;0;0;0;0;0;0;0;0;0;0;0;0;0;0;0;0;0;0;0;0;0;0;0;0
19.07.2024;21:34;A 41;1;2;6;3;8;2;8;0;0;0;0;2;35;0;0;1;1;2;2;0;68;3;63;1;2;5;5;0;0;0;0;0;0;0;0;0;0;0;0;0;0;0;0;0;0;0;0;0;0;0;0;0;0;0;0;0;0;0;0;0;0;0;0
19.07.2024;21:33;A 41;1;1;2;0;1;1;6;0;0;0;0;5;5;2;2;1;1;2;1;3;53;3;16;2;24;0;6;1;20;0;0;0;0;0;0;0;0;0;0;0;0;0;0;0;0;0;0;0;0;0;0;0;0;0;0;0;0;0;0;0;0;0;0
19.07.2024;21:32;A 41;1;3;8;2;2;0;0;0;0;0;0;4;17;2;5;2;32;5;28;3;32;1;47;1;23;2;41;1;4;0;0;0;0;0;0;0;0;0;0;1;2;1;2;0;0;0;0;0;0;0;0;0;0;0;0;0;0;0;0;0;0;0;0
19.07.2024;21:31;A 41;1;2;4;4;8;2;25;0;0;0;0;2;95;0;0;0;0;0;0;1;2;3;50;3;5;1;24;0;0;0;0;0;0;0;0;0;0;0;0;0;0;0;0;0;0;0;0;0;0;0;0;0;0;0;0;0;0;0;0;0;0;0;0
19.07.2024;21:30;A 41;1;3;10;2;7;1;21;0;0;0;0;3;34;1;37;1;15;0;15;2;15;2;24;1;9;3;65;0;0;0;0;0;0;0;0;0;0;0;0;0;0;0;0;0;0;0;0;0;0;0;0;0;0;0;0;0;0;0;0;0;0;0;0
19.07.2024;21:29;A 41;1;0;0;1;1;1;21;0;0;0;0;5;45;1;5;2;30;1;5;1;18;4;51;0;0;3;18;1;2;0;0;0;0;0;0;0;0;1;2;0;0;0;0;0;0;0;0;0;0;0;0;0;0;0;0;0;0;0;0;0;0;0;0
19.07.2024;21:28;A 41;1;1;3;3;13;1;32;0;0;0;0;5;56;0;0;2;14;2;10;1;2;1;16;0;0;3;31;0;32;0;0;0;0;0;0;0;0;0;0;0;0;0;0;0;0;0;0;0;0;0;0;0;0;0;0;0;0;0;0;0;0;0;0
19.07.2024;21:27;A 41;1;2;5;4;6;1;46;0;0;0;0;3;52;2;2;1;1;1;14;0;0;2;41;1;15;2;23;1;39;0;0;0;0;0;0;0;0;0;0;0;0;0;0;0;0;0;0;0;0;0;0;0;0;0;0;0;0;0;0;0;0;0;0
19.07.2024;21:26;A 41;1;2;9;0;0;0;0;0;0;0;0;4;45;2;2;1;55;2;54;1;20;2;15;3;21;1;1;4;9;0;0;0;0;0;0;0;0;0;0;0;0;0;0;0;0;0;0;0;0;0;0;0;0;0;0;0;0;0;0;0;0;0;0
19.07.2024;21:25;A 41;1;2;5;4;19;1;47;0;0;0;0;5;41;1;1;3;11;4;10;2;3;2;32;0;22;0;0;4;5;0;0;0;0;0;0;0;0;0;0;0;0;0;0;0;0;0;0;0;0;0;0;0;0;0;0;0;0;0;0;0;0;0;0
19.07.2024;21:24;A 41;1;3;9;3;6;1;52;0;0;0;0;6;65;0;0;0;18;3;20;0;19;2;20;3;19;1;13;2;50;0;0;0;0;0;0;0;0;0;0;0;0;0;0;0;0;0;0;0;0;0;0;0;0;0;0;0;0;0;0;0;0;0;0
19.07.2024;21:23;A 41;1;1;3;1;2;1;10;0;0;0;0;5;66;2;3;2;40;2;13;2;18;2;70;1;18;4;48;1;9;0;0;0;0;0;0;0;0;0;0;0;0;0;0;0;0;0;0;0;0;0;0;0;0;0;0;0;0;0;0;0;0;0;0
19.07.2024;21:22;A 41;1;0;1;2;4;1;21;0;0;0;0;8;80;2;68;2;2;1;1;2;5;6;39;1;10;3;10;1;4;0;0;0;0;0;0;0;0;0;0;0;0;0;0;0;0;0;0;0;0;0;0;0;0;0;0;0;0;0;0;0;0;0;0
19.07.2024;21:21;A 41;1;2;4;1;2;3;13;0;0;0;0;1;18;2;20;1;2;2;71;1;5;5;46;0;0;3;31;0;0;0;0;0;0;0;0;0;0;0;0;0;0;0;0;0;0;0;0;0;0;0;0;0;0;0;0;0;0;0;0;0;0;0;0
19.07.2024;21:20;A 41;1;1;3;3;10;1;52;0;0;0;0;1;1;0;0;1;21;1;2;2;52;3;29;2;21;1;23;3;8;0;0;0;0;0;0;0;0;0;0;0;0;0;0;0;0;0;0;0;0;0;0;0;0;0;0;0;0;0;0;0;0;0;0
19.07.2024;21:19;A 41;1;5;13;4;7;0;67;0;0;0;0;3;14;1;1;4;8;3;4;0;0;1;16;0;0;1;12;0;0;0;0;0;0;0;0;0;0;0;0;0;0;0;0;0;0;0;0;0;0;0;0;0;0;0;0;0;0;0;0;0;0;0;0
19.07.2024;21:18;A 41;1;2;6;3;26;1;100;0;0;0;0;7;68;1;5;3;12;3;7;1;1;2;34;1;14;4;45;1;14;0;0;0;0;0;0;0;0;0;0;0;0;1;2;0;0;0;0;0;0;0;0;0;0;0;0;0;0;0;0;0;0;0;0
19.07.2024;21:17;A 41;1;0;0;4;4;2;5;0;0;0;0;1;69;0;0;0;0;3;2;1;21;3;48;1;14;1;69;1;62;0;0;0;0;0;0;0;0;0;0;1;2;0;0;0;0;0;0;0;0;0;0;0;0;0;0;0;0;0;0;0;0;0;0
19.07.2024;21:16;A 41;1;0;0;2;5;1;2;0;0;0;0;8;76;0;0;1;1;2;2;1;49;3;39;2;43;1;65;3;43;0;0;0;0;0;0;0;0;0;0;0;0;0;0;0;0;0;0;0;0;0;0;0;0;0;0;0;0;0;0;0;0;0;0
19.07.2024;21:15;A 41;1;2;6;2;2;0;49;0;0;0;0;2;67;1;4;0;47;2;2;0;48;2;26;0;12;1;53;1;7;0;0;0;0;0;0;0;0;1;2;0;0;0;0;0;0;0;0;0;0;0;0;0;0;0;0;0;0;0;0;0;0;0;0
19.07.2024;21:14;A 41;1;1;2;1;1;1;82;0;0;0;0;5;32;0;0;1;12;0;0;1;26;5;55;2;10;2;3;0;0;0;0;0;0;0;0;0;0;0;0;0;0;0;0;0;0;0;0;0;0;0;0;0;0;0;0;0;0;0;0;0;0;0;0
19.07.2024;21:13;A 41;1;3;10;4;9;1;54;0;0;0;0;4;29;0;0;4;13;3;73;1;66;3;34;1;8;0;0;1;2;0;0;0;0;0;0;0;0;0;0;0;0;0;0;0;0;0;0;0;0;0;0;0;0;0;0;0;0;0;0;0;0;0;0
19.07.2024;21:12;A 41;1;3;5;0;0;0;0;0;0;0;0;5;7;0;0;1;28;2;38;1;40;1;8;0;0;1;1;0;0;0;0;0;0;0;0;0;0;0;0;0;0;0;0;0;0;0;0;0;0;0;0;0;0;0;0;0;0;0;0;0;0;0;0
19.07.2024;21:11;A 41;1;0;0;0;0;1;4;0;0;0;0;2;36;0;0;1;36;2;2;0;0;1;10;1;10;0;0;1;6;0;0;0;0;0;0;0;0;0;0;0;0;0;0;0;0;0;0;0;0;0;0;0;0;0;0;0;0;0;0;0;0;0;0
19.07.2024;21:10;A 41;1;2;8;2;4;1;22;0;0;0;0;6;34;0;0;2;6;4;16;2;32;4;30;2;40;2;63;1;55;0;0;0;0;0;0;0;0;0;0;1;2;1;2;0;0;0;0;0;0;0;0;0;0;0;0;0;0;0;0;0;0;0;0
19.07.2024;21:09;A 41;1;2;19;4;6;3;13;0;0;0;0;3;71;0;0;2;9;2;1;2;3;3;51;1;12;3;30;1;26;0;0;0;0;0;0;0;0;0;0;0;0;0;0;0;0;0;0;0;0;0;0;0;0;0;0;0;0;0;0;0;0;0;0
19.07.2024;21:08;A 41;1;3;23;2;4;1;68;0;0;0;0;1;1;1;0;1;58;0;0;0;3;4;21;3;23;1;1;3;12;0;0;0;0;0;0;0;0;0;0;0;0;0;0;0;0;0;0;0;0;0;0;0;0;0;0;0;0;0;0;0;0;0;0
19.07.2024;21:07;A 41;1;3;6;2;4;1;42;0;0;0;0;3;33;1;1;0;0;1;44;2;41;5;57;3;32;3;8;2;39;0;0;0;0;0;0;0;0;0;0;0;0;0;0;0;0;0;0;0;0;0;0;0;0;0;0;0;0;0;0;0;0;0;0
19.07.2024;21:06;A 41;1;1;4;1;1;1;5;0;0;0;0;2;11;1;1;2;38;4;48;1;11;2;35;2;20;2;17;2;46;0;0;0;0;0;0;0;0;0;0;0;0;0;0;0;0;0;0;0;0;0;0;0;0;0;0;0;0;0;0;0;0;0;0
19.07.2024;21:05;A 41;1;5;14;4;10;1;14;0;0;0;0;6;19;1;4;1;59;3;30;2;24;5;65;1;30;4;54;1;41;0;0;0;0;0;0;0;0;0;0;0;0;1;2;0;0;0;0;0;0;0;0;0;0;0;0;0;0;0;0;0;0;0;0
19.07.2024;21:04;A 41;1;0;0;3;9;1;15;0;0;0;0;4;67;0;0;0;33;2;2;3;4;1;8;5;18;1;1;2;66;0;0;0;0;0;0;0;0;0;0;1;2;0;0;0;0;0;0;0;0;0;0;0;0;0;0;0;0;0;0;0;0;0;0
19.07.2024;21:03;A 41;1;2;3;4;12;1;24;0;0;0;0;1;55;2;3;1;11;0;0;0;0;4;36;1;9;2;6;1;61;0;0;0;0;0;0;0;0;0;0;0;0;0;0;0;0;0;0;0;0;0;0;0;0;0;0;0;0;0;0;0;0;0;0
19.07.2024;21:02;A 41;1;2;6;2;2;3;56;0;0;0;0;4;75;2;19;4;3;4;7;4;18;4;46;1;9;2;46;1;52;0;0;0;0;0;0;0;0;0;0;0;0;0;0;0;0;0;0;0;0;0;0;0;0;0;0;0;0;0;0;0;0;0;0
19.07.2024;21:01;A 41;1;3;12;3;7;1;55;0;0;0;0;5;53;0;43;0;0;3;15;3;64;1;74;0;0;4;57;0;0;0;0;0;0;0;0;0;0;0;0;0;0;0;0;0;0;0;0;0;0;0;0;0;0;0;0;0;0;0;0;0;0;0;0
19.07.2024;21:00;A 41;1;2;8;3;4;0;0;0;0;0;0;2;67;1;46;1;42;2;9;4;36;3;49;0;0;2;34;0;0;0;0;0;0;0;0;0;0;0;0;0;0;0;0;0;0;0;0;0;0;0;0;0;0;0;0;0;0;0;0;0;0;0;0
19.07.2024;20:59;A 41;1;2;13;0;0;0;0;0;0;0;0;4;23;1;4;1;86;0;0;0;0;4;38;2;16;4;10;3;22;0;0;0;0;0;0;0;0;1;2;0;0;0;0;0;0;0;0;0;0;0;0;0;0;0;0;0;0;0;0;0;0;0;0
19.07.2024;20:58;A 41;1;3;7;2;4;1;2;0;0;0;0;7;26;0;0;2;49;2;33;0;0;2;61;2;34;8;29;4;28;0;0;0;0;0;0;0;0;0;0;0;0;0;0;0;0;0;0;0;0;0;0;0;0;0;0;0;0;0;0;0;0;0;0
19.07.2024;20:57;A 41;1;0;0;5;11;0;0;0;0;0;0;3;5;0;0;1;1;2;3;3;27;1;79;0;0;2;63;0;0;0;0;0;0;0;0;0;0;0;0;0;0;0;0;0;0;0;0;0;0;0;0;0;0;0;0;0;0;0;0;0;0;0;0
19.07.2024;20:56;A 41;1;4;12;2;4;2;36;0;0;0;0;5;28;0;0;0;29;2;2;0;0;1;13;1;8;1;65;1;44;0;0;0;0;0;0;0;0;0;0;0;0;0;0;0;0;0;0;0;0;0;0;0;0;0;0;0;0;0;0;0;0;0;0
19.07.2024;20:55;A 41;1;4;12;1;1;1;44;0;0;0;0;1;67;2;73;1;42;1;3;0;0;4;34;1;14;4;24;1;50;0;0;0;0;0;0;0;0;0;0;0;0;0;0;0;0;0;0;0;0;0;0;0;0;0;0;0;0;0;0;0;0;0;0
19.07.2024;20:54;A 41;1;5;14;3;11;0;0;0;0;0;0;3;58;1;16;1;22;1;50;1;21;2;26;2;11;3;31;1;23;0;0;0;0;0;0;0;0;0;0;0;0;0;0;0;0;0;0;0;0;0;0;0;0;0;0;0;0;0;0;0;0;0;0
19.07.2024;20:53;A 41;1;1;3;3;5;2;46;0;0;0;0;2;29;1;1;4;40;4;15;1;2;4;39;1;6;2;30;0;0;0;0;0;0;0;0;0;0;0;0;0;0;0;0;0;0;0;0;0;0;0;0;0;0;0;0;0;0;0;0;0;0;0;0
19.07.2024;20:52;A 41;1;1;2;3;8;0;0;0;0;0;0;2;29;0;0;0;0;1;56;0;0;3;26;1;8;3;37;1;29;0;0;0;0;0;0;0;0;0;0;0;0;0;0;0;0;0;0;0;0;0;0;0;0;0;0;0;0;0;0;0;0;0;0
19.07.2024;20:51;A 41;1;2;4;1;1;1;3;0;0;0;0;8;48;1;2;1;8;1;17;1;1;2;23;3;42;4;51;2;53;0;0;0;0;0;0;0;0;0;0;0;0;0;0;0;0;0;0;0;0;0;0;0;0;0;0;0;0;0;0;0;0;0;0
19.07.2024;20:50;A 41;1;1;2;4;8;2;4;0;0;0;0;5;46;1;27;1;1;0;0;0;0;2;42;5;27;1;13;1;4;0;0;0;0;0;0;0;0;0;0;0;0;0;0;0;0;0;0;0;0;0;0;0;0;0;0;0;0;0;0;0;0;0;0
19.07.2024;20:49;A 41;1;1;3;1;1;1;3;0;0;0;0;6;90;2;47;0;0;1;1;1;2;4;51;1;15;2;84;0;91;0;0;0;0;0;0;0;0;0;0;0;0;0;0;0;0;0;0;0;0;0;0;0;0;0;0;0;0;0;0;0;0;0;0
19.07.2024;20:48;A 41;1;3;62;6;11;2;80;0;0;0;0;2;42;3;7;2;65;6;64;1;1;5;37;2;13;2;82;1;41;0;0;0;0;0;0;0;0;1;2;0;0;0;0;0;0;0;0;0;0;0;0;0;0;0;0;0;0;0;0;0;0;0;0
19.07.2024;20:47;A 41;1;1;3;2;4;1;34;0;0;0;0;2;42;1;4;1;11;1;4;1;11;5;52;2;14;6;46;2;5;0;0;0;0;0;0;0;0;0;0;0;0;1;2;0;0;0;0;0;0;0;0;0;0;0;0;0;0;0;0;0;0;0;0
19.07.2024;20:46;A 41;1;1;6;2;5;0;0;0;0;0;0;4;36;1;25;2;3;4;21;3;25;3;35;0;0;1;2;0;0;0;0;0;0;0;0;0;0;0;0;1;2;0;0;0;0;0;0;0;0;0;0;0;0;0;0;0;0;0;0;0;0;0;0
19.07.2024;20:45;A 41;1;2;11;1;1;1;3;0;0;0;0;2;4;2;27;0;42;2;47;1;1;0;21;0;0;4;11;1;6;0;0;1;2;1;2;0;0;0;0;0;0;0;0;0;0;0;0;0;0;0;0;0;0;0;0;0;0;0;0;0;0;0;0
19.07.2024;20:44;A 41;1;2;5;5;12;1;55;0;0;0;0;6;10;2;1;1;10;2;2;1;1;3;46;3;21;1;42;1;9;1;2;0;0;0;0;0;0;0;0;0;0;0;0;0;0;0;0;0;0;0;0;0;0;0;0;0;0;0;0;0;0;0;0
19.07.2024;20:43;A 41;1;1;4;2;4;0;0;0;0;0;0;3;21;2;1;2;29;0;0;0;0;2;36;4;30;4;13;2;55;0;0;0;0;0;0;0;0;0;0;0;0;0;0;0;0;0;0;0;0;0;0;0;0;0;0;0;0;0;0;0;0;0;0
19.07.2024;20:42;A 41;1;4;11;2;4;0;37;0;0;0;0;5;58;2;14;1;1;2;26;0;0;3;35;2;20;4;32;1;60;0;0;0;0;0;0;0;0;0;0;0;0;0;0;0;0;0;0;0;0;0;0;0;0;0;0;0;0;0;0;0;0;0;0
19.07.2024;20:41;A 41;1;3;14;1;1;1;40;0;0;0;0;6;51;1;1;0;0;3;14;0;0;1;80;1;9;8;74;1;1;0;0;0;0;0;0;0;0;0;0;0;0;0;0;0;0;0;0;0;0;0;0;0;0;0;0;0;0;0;0;0;0;0;0
19.07.2024;20:40;A 41;1;2;4;1;1;2;15;0;0;0;0;6;42;4;18;1;0;4;45;3;72;3;39;1;7;4;52;0;0;0;0;0;0;0;0;0;0;0;0;0;0;0;0;0;0;0;0;0;0;0;0;0;0;0;0;0;0;0;0;0;0;0;0
19.07.2024;20:39;A 41;1;2;5;3;9;1;67;0;0;0;0;3;23;0;0;1;2;0;0;2;71;6;62;0;3;4;55;2;14;0;0;0;0;0;0;0;0;0;0;0;0;0;0;0;0;0;0;0;0;0;0;0;0;0;0;0;0;0;0;0;0;0;0
19.07.2024;20:38;A 41;1;2;6;0;0;0;0;0;0;0;0;1;13;1;2;0;0;1;1;1;45;3;82;2;6;6;59;0;0;0;0;0;0;0;0;0;0;0;0;0;0;0;0;0;0;0;0;0;0;0;0;0;0;0;0;0;0;0;0;0;0;0;0
19.07.2024;20:37;A 41;1;3;7;2;3;2;51;0;0;0;0;6;33;1;1;2;52;4;50;2;2;2;73;0;0;6;78;0;0;0;0;0;0;0;0;0;0;0;0;1;2;1;2;0;0;0;0;0;0;0;0;0;0;0;0;0;0;0;0;0;0;0;0
19.07.2024;20:36;A 41;1;1;2;1;3;0;74;0;0;0;0;4;62;0;0;0;45;5;55;1;51;4;67;2;11;2;18;1;3;0;0;0;0;0;0;0;0;0;0;0;0;0;0;0;0;0;0;0;0;0;0;0;0;0;0;0;0;0;0;0;0;0;0
19.07.2024;20:35;A 41;1;2;4;5;8;2;11;0;0;0;0;3;7;1;11;4;66;2;31;2;51;2;30;0;0;2;58;0;2;0;0;0;0;0;0;0;0;0;0;0;0;0;0;0;0;0;0;0;0;0;0;0;0;0;0;0;0;0;0;0;0;0;0
19.07.2024;20:34;A 41;1;5;11;3;6;3;8;0;0;0;0;6;18;2;56;1;35;1;29;2;18;6;63;2;12;5;52;1;79;0;0;0;0;0;0;0;0;0;0;0;0;0;0;0;0;0;0;0;0;0;0;0;0;0;0;0;0;0;0;0;0;0;0
19.07.2024;20:33;A 41;1;1;3;1;2;1;3;0;0;0;0;3;46;1;1;1;7;1;1;0;0;3;32;2;17;2;46;2;6;0;0;0;0;0;0;0;0;0;0;0;0;1;2;0;0;0;0;0;0;0;0;0;0;0;0;0;0;0;0;0;0;0;0
19.07.2024;20:32;A 41;1;5;14;4;9;2;40;0;0;0;0;3;63;1;56;5;51;5;4;1;5;3;54;1;7;4;72;1;2;0;0;0;0;0;0;0;0;0;0;1;2;0;0;0;0;0;0;0;0;0;0;0;0;0;0;0;0;0;0;0;0;0;0
19.07.2024;20:31;A 41;1;1;3;4;12;2;56;0;0;0;0;4;41;1;35;1;71;2;70;2;70;3;52;1;1;6;36;0;15;0;0;0;0;0;0;0;0;0;0;0;0;0;0;0;0;0;0;0;0;0;0;0;0;0;0;0;0;0;0;0;0;0;0
19.07.2024;20:30;A 41;1;3;5;3;6;3;61;0;0;0;0;4;36;1;2;0;0;2;64;1;73;2;65;2;3;4;53;2;25;0;0;0;0;0;0;0;0;0;0;0;0;0;0;0;0;0;0;0;0;0;0;0;0;0;0;0;0;0;0;0;0;0;0
19.07.2024;20:29;A 41;1;4;7;3;7;1;3;0;0;0;0;5;24;2;15;0;0;0;0;1;17;4;52;0;0;5;30;0;9;0;0;0;0;0;0;0;0;0;0;0;0;0;0;0;0;0;0;0;0;0;0;0;0;0;0;0;0;0;0;0;0;0;0
19.07.2024;20:28;A 41;1;2;5;3;7;0;72;0;0;0;0;6;52;3;6;1;60;2;22;2;65;3;35;2;18;2;41;1;77;0;0;0;0;0;0;0;0;1;2;0;0;0;0;0;0;0;0;0;0;0;0;0;0;0;0;0;0;0;0;0;0;0;0
19.07.2024;20:27;A 41;1;4;13;1;1;1;3;0;0;0;0;2;50;1;44;1;24;1;9;1;21;4;72;2;9;5;59;1;3;0;0;0;0;0;0;0;0;0;0;0;0;0;0;0;0;0;0;0;0;0;0;0;0;0;0;0;0;0;0;0;0;0;0
19.07.2024;20:26;A 41;1;3;8;2;5;2;3;0;0;0;0;3;59;1;43;1;31;1;46;1;46;3;32;0;0;6;53;0;0;0;0;0;0;0;0;0;0;0;0;0;0;0;0;0;0;0;0;0;0;0;0;0;0;0;0;0;0;0;0;0;0;0;0
19.07.2024;20:25;A 41;1;1;2;2;7;1;59;0;0;0;0;4;44;1;1;1;41;2;52;3;71;3;28;1;7;2;4;1;39;0;0;0;0;0;0;0;0;0;0;0;0;0;0;0;0;0;0;0;0;0;0;0;0;0;0;0;0;0;0;0;0;0;0
19.07.2024;20:24;A 41;1;1;2;2;4;0;81;0;0;0;0;0;9;3;6;0;0;1;53;1;43;2;17;2;24;2;3;2;24;0;0;0;0;0;0;0;0;0;0;0;0;0;0;0;0;0;0;0;0;0;0;0;0;0;0;0;0;0;0;0;0;0;0
19.07.2024;20:23;A 41;1;2;4;3;5;2;4;0;0;0;0;9;38;0;0;4;48;2;58;4;68;3;32;0;0;2;2;0;0;0;0;0;0;0;0;0;0;0;0;0;0;0;0;0;0;0;0;0;0;0;0;0;0;0;0;0;0;0;0;0;0;0;0
19.07.2024;20:22;A 41;1;1;3;4;13;1;70;0;0;0;0;4;48;0;0;0;0;0;43;1;47;2;25;2;19;2;6;2;6;0;0;0;0;0;0;0;0;0;0;0;0;0;0;0;0;0;0;0;0;0;0;0;0;0;0;0;0;0;0;0;0;0;0
19.07.2024;20:21;A 41;1;3;7;6;8;1;51;0;0;0;0;5;34;2;1;0;0;2;8;3;31;2;21;1;9;1;61;1;3;0;0;0;0;0;0;0;0;0;0;0;0;0;0;0;0;0;0;0;0;0;0;0;0;0;0;0;0;0;0;0;0;0;0
19.07.2024;20:20;A 41;1;3;6;3;8;2;19;0;0;0;0;3;3;3;28;0;0;0;0;2;28;3;74;1;19;4;59;1;25;0;0;0;0;0;0;0;0;0;0;0;0;0;0;0;0;0;0;0;0;0;0;0;0;0;0;0;0;0;0;0;0;0;0
19.07.2024;20:19;A 41;1;3;6;4;12;2;56;0;0;0;0;8;34;1;1;1;2;4;27;1;28;3;62;2;24;5;46;0;0;0;0;0;0;0;0;0;0;0;0;0;0;0;0;0;0;0;0;0;0;0;0;0;0;0;0;0;0;0;0;0;0;0;0
19.07.2024;20:18;A 41;1;1;3;3;5;1;78;0;0;0;0;3;32;1;18;1;52;2;70;1;79;3;78;1;9;4;35;1;33;0;0;0;0;0;0;0;0;0;0;0;0;0;0;0;0;0;0;0;0;0;0;0;0;0;0;0;0;0;0;0;0;0;0
19.07.2024;20:17;A 41;1;3;6;2;4;0;0;0;0;0;0;9;78;3;16;2;55;3;3;0;0;1;92;4;21;7;76;1;82;0;0;0;0;0;0;0;0;0;0;1;2;1;2;0;0;0;0;0;0;0;0;0;0;0;0;0;0;0;0;0;0;0;0
19.07.2024;20:16;A 41;1;3;6;2;4;1;58;0;0;0;0;3;38;1;0;1;44;3;54;1;1;7;59;2;21;2;49;1;35;0;0;0;0;0;0;0;0;0;0;0;0;0;0;0;0;0;0;0;0;0;0;0;0;0;0;0;0;0;0;0;0;0;0
19.07.2024;20:15;A 41;1;3;6;3;4;2;59;0;0;0;0;10;74;2;14;2;40;2;2;0;39;2;59;3;17;1;15;4;54;0;0;0;0;0;0;0;0;0;0;0;0;0;0;0;0;0;0;0;0;0;0;0;0;0;0;0;0;0;0;0;0;0;0
19.07.2024;20:14;A 41;1;3;19;4;5;2;29;0;0;0;0;6;83;2;80;2;5;2;1;1;11;5;30;1;9;2;29;1;61;0;0;0;0;1;2;0;0;0;0;0;0;0;0;0;0;0;0;0;0;0;0;0;0;0;0;0;0;0;0;0;0;0;0
19.07.2024;20:13;A 41;1;2;9;5;13;2;7;0;0;0;0;2;33;0;0;0;25;0;26;0;25;2;5;1;11;1;9;2;43;1;2;1;2;0;0;0;0;0;0;0;0;0;0;0;0;0;0;0;0;0;0;0;0;0;0;0;0;0;0;0;0;0;0
19.07.2024;20:12;A 41;1;3;7;2;3;2;8;0;0;0;0;8;42;1;4;2;21;4;24;1;14;2;29;1;10;0;85;0;0;0;0;0;0;0;0;0;0;1;2;0;0;0;0;0;0;0;0;0;0;0;0;0;0;0;0;0;0;0;0;0;0;0;0
19.07.2024;20:11;A 41;1;2;2;3;5;2;72;0;0;0;0;6;37;2;32;4;73;3;47;1;54;4;59;2;8;6;59;1;3;0;0;0;0;0;0;0;0;0;0;0;0;0;0;0;0;0;0;0;0;0;0;0;0;0;0;0;0;0;0;0;0;0;0
19.07.2024;20:10;A 41;1;2;3;2;3;1;79;0;0;0;0;5;56;1;52;3;36;2;2;2;47;1;28;1;8;4;45;1;2;0;0;0;0;0;0;0;0;0;0;0;0;0;0;0;0;0;0;0;0;0;0;0;0;0;0;0;0;0;0;0;0;0;0
19.07.2024;20:09;A 41;1;5;10;3;6;3;7;0;0;0;0;3;26;3;2;0;0;0;59;0;59;6;47;0;1;5;40;0;18;0;0;0;0;0;0;0;0;0;0;0;0;0;0;0;0;0;0;0;0;0;0;0;0;0;0;0;0;0;0;0;0;0;0
19.07.2024;20:08;A 41;1;3;4;2;4;1;2;0;0;0;0;8;20;1;5;1;32;2;31;1;5;3;73;3;29;8;81;1;68;0;0;0;0;0;0;0;0;0;0;1;2;1;2;0;0;0;0;0;0;0;0;0;0;0;0;0;0;0;0;0;0;0;0
19.07.2024;20:07;A 41;1;2;2;0;0;1;33;0;0;0;0;1;90;1;1;1;1;4;6;1;2;2;91;1;8;2;80;1;88;0;0;0;0;0;0;0;0;0;0;0;0;0;0;0;0;0;0;0;0;0;0;0;0;0;0;0;0;0;0;0;0;0;0
19.07.2024;20:06;A 41;1;3;7;4;8;2;54;0;0;0;0;2;65;1;1;2;3;3;2;1;3;5;76;1;1;3;53;0;0;0;0;0;0;0;0;0;0;0;0;0;0;0;0;0;0;0;0;0;0;0;0;0;0;0;0;0;0;0;0;0;0;0;0
19.07.2024;20:05;A 41;1;0;0;4;7;1;66;0;0;0;0;4;17;3;3;3;44;1;1;1;23;3;25;1;22;2;51;1;58;0;0;0;0;0;0;0;0;0;0;0;0;0;0;0;0;0;0;0;0;0;0;0;0;0;0;0;0;0;0;0;0;0;0
19.07.2024;20:04;A 41;1;1;4;3;6;1;22;0;0;0;0;10;39;1;1;2;71;4;79;2;5;2;44;2;17;5;19;2;36;0;0;0;0;0;0;0;0;0;0;0;0;0;0;0;0;0;0;0;0;0;0;0;0;0;0;0;0;0;0;0;0;0;0
19.07.2024;20:03;A 41;1;3;8;3;7;3;19;0;0;0;0;5;44;0;36;3;8;2;5;1;4;4;41;5;39;3;49;1;68;0;0;0;0;0;0;0;0;0;0;0;0;1;2;0;0;0;0;0;0;0;0;0;0;0;0;0;0;0;0;0;0;0;0
19.07.2024;20:02;A 41;1;3;6;3;4;1;43;0;0;0;0;2;29;1;30;3;22;5;36;5;43;4;48;2;14;3;48;1;1;0;0;0;0;0;0;0;0;0;0;1;2;0;0;0;0;0;0;0;0;0;0;0;0;0;0;0;0;0;0;0;0;0;0
19.07.2024;20:01;A 41;1;0;0;4;63;1;89;0;0;0;0;3;8;2;41;1;2;2;5;0;51;4;65;1;7;3;53;0;0;0;0;0;0;0;0;0;0;0;0;0;0;0;0;0;0;0;0;0;0;0;0;0;0;0;0;0;0;0;0;0;0;0;0
19.07.2024;20:00;A 41;1;3;9;6;51;1;74;0;0;0;0;6;21;1;12;0;0;0;0;1;47;3;46;0;0;7;64;0;9;0;0;0;0;0;0;0;0;1;2;0;0;0;0;0;0;0;0;0;0;0;0;0;0;0;0;0;0;0;0;0;0;0;0
19.07.2024;19:59;A 41;1;0;0;1;3;0;49;0;0;0;0;2;37;2;32;2;37;3;34;4;47;3;48;1;13;1;38;1;54;0;0;0;0;0;0;0;0;0;0;0;0;0;0;0;0;0;0;0;0;0;0;0;0;0;0;0;0;0;0;0;0;0;0
19.07.2024;19:58;A 41;1;2;5;2;9;1;17;0;0;0;0;7;12;3;9;2;45;2;2;2;17;9;65;3;55;3;66;1;94;0;0;0;0;0;0;0;0;0;0;0;0;0;0;0;0;0;0;0;0;0;0;0;0;0;0;0;0;0;0;0;0;0;0
19.07.2024;19:57;A 41;1;3;29;2;8;0;0;0;0;0;0;6;20;0;0;3;57;2;49;2;58;2;20;2;21;0;10;3;12;0;0;0;0;0;0;0;0;0;0;0;0;0;0;0;0;0;0;0;0;0;0;0;0;0;0;0;0;0;0;0;0;0;0
19.07.2024;19:56;A 41;1;3;5;3;23;2;43;0;0;0;0;1;7;1;1;1;1;1;0;2;6;3;16;0;0;1;30;0;0;0;0;0;0;0;0;0;0;0;0;0;0;0;0;0;0;0;0;0;0;0;0;0;0;0;0;0;0;0;0;0;0;0;0
19.07.2024;19:55;A 41;1;2;5;4;10;1;56;0;0;0;0;3;41;2;29;2;2;1;1;1;1;3;30;1;10;4;59;1;3;0;0;0;0;0;0;0;0;0;0;0;0;0;0;0;0;0;0;0;0;0;0;0;0;0;0;0;0;0;0;0;0;0;0
19.07.2024;19:54;A 41;1;3;12;4;5;2;54;0;0;0;0;6;35;1;1;0;0;0;0;0;0;2;77;1;27;9;45;0;62;0;0;0;0;0;0;0;0;0;0;0;0;0;0;0;0;0;0;0;0;0;0;0;0;0;0;0;0;0;0;0;0;0;0
19.07.2024;19:53;A 41;1;1;2;0;30;0;32;0;0;0;0;1;83;2;5;1;6;6;11;4;7;5;33;3;17;3;64;1;70;0;0;0;0;0;0;0;0;0;0;1;2;1;2;0;0;0;0;0;0;0;0;0;0;0;0;0;0;0;0;0;0;0;0
19.07.2024;19:52;A 41;1;3;10;6;31;2;44;0;0;0;0;3;66;1;13;1;0;3;3;0;0;0;83;1;13;7;76;0;77;0;0;0;0;0;0;0;0;0;0;0;0;0;0;0;0;0;0;0;0;0;0;0;0;0;0;0;0;0;0;0;0;0;0
19.07.2024;19:51;A 41;1;1;4;3;5;1;39;0;0;0;0;7;35;1;5;3;48;3;66;0;0;3;50;5;20;3;46;2;20;0;0;0;0;0;0;0;0;0;0;0;0;0;0;0;0;0;0;0;0;0;0;0;0;0;0;0;0;0;0;0;0;0;0
19.07.2024;19:50;A 41;1;2;6;1;1;1;35;0;0;0;0;3;34;0;0;0;18;1;22;2;2;7;33;1;16;2;78;1;19;0;0;0;0;0;0;0;0;0;0;0;0;0;0;0;0;0;0;0;0;0;0;0;0;0;0;0;0;0;0;0;0;0;0
19.07.2024;19:49;A 41;1;0;0;2;2;1;51;0;0;0;0;4;65;0;0;4;28;4;28;0;0;5;48;0;0;4;75;0;71;0;0;0;0;0;0;0;0;0;0;0;0;0;0;0;0;0;0;0;0;0;0;0;0;0;0;0;0;0;0;0;0;0;0
19.07.2024;19:48;A 41;1;0;0;2;5;1;74;0;0;0;0;3;58;1;1;7;64;7;11;1;26;2;70;4;29;3;80;2;85;0;0;0;0;0;0;0;0;0;0;0;0;0;0;0;0;0;0;0;0;0;0;0;0;0;0;0;0;0;0;0;0;0;0
19.07.2024;19:47;A 41;1;1;6;0;2;0;100;0;0;0;0;1;1;0;0;1;99;0;98;1;36;7;61;8;25;5;15;4;6;0;0;0;0;0;0;0;0;0;0;0;0;0;0;0;0;0;0;0;0;0;0;0;0;0;0;0;0;0;0;0;0;0;0
19.07.2024;19:46;A 41;1;2;8;4;11;1;38;0;0;0;0;5;69;5;47;2;48;4;64;2;2;7;55;1;38;3;19;3;48;0;0;0;0;0;0;0;0;1;2;0;0;0;0;0;0;0;0;0;0;0;0;0;0;0;0;0;0;0;0;0;0;0;0
19.07.2024;19:45;A 41;1;1;28;3;5;1;36;0;0;0;0;4;64;1;15;0;0;0;0;0;0;4;38;1;22;5;19;1;19;0;0;1;2;1;2;0;0;0;0;0;0;0;0;0;0;0;0;0;0;0;0;0;0;0;0;0;0;0;0;0;0;0;0
19.07.2024;19:44;A 41;1;2;10;4;8;2;36;0;0;0;0;1;26;1;30;3;2;2;1;0;21;3;49;2;10;1;70;1;1;1;2;0;0;0;0;0;0;0;0;0;0;0;0;0;0;0;0;0;0;0;0;0;0;0;0;0;0;0;0;0;0;0;0
19.07.2024;19:43;A 41;1;2;6;1;1;1;38;0;0;0;0;6;71;2;2;1;1;3;2;2;23;5;41;4;16;2;65;2;18;0;0;0;0;0;0;0;0;0;0;0;0;0;0;0;0;0;0;0;0;0;0;0;0;0;0;0;0;0;0;0;0;0;0
19.07.2024;19:42;A 41;1;5;59;2;6;1;42;0;0;0;0;3;47;0;10;0;0;1;36;2;43;4;25;0;0;1;50;0;27;0;0;0;0;0;0;0;0;0;0;0;0;0;0;0;0;0;0;0;0;0;0;0;0;0;0;0;0;0;0;0;0;0;0
19.07.2024;19:41;A 41;1;0;29;1;1;1;23;0;0;0;0;1;70;1;76;2;21;3;21;0;21;3;11;3;29;1;33;1;67;0;0;0;0;0;0;0;0;0;0;0;0;0;0;0;0;0;0;0;0;0;0;0;0;0;0;0;0;0;0;0;0;0;0
19.07.2024;19:40;A 41;1;5;35;4;16;1;5;0;0;0;0;10;38;1;26;1;67;2;49;1;23;3;22;1;8;4;5;1;2;0;0;0;0;0;0;0;0;0;0;0;0;0;0;0;0;0;0;0;0;0;0;0;0;0;0;0;0;0;0;0;0;0;0
19.07.2024;19:39;A 41;1;3;11;3;8;2;84;0;0;0;0;1;35;2;11;2;25;3;74;2;82;4;8;0;7;2;2;1;3;0;0;0;0;0;0;0;0;0;0;0;0;0;0;0;0;0;0;0;0;0;0;0;0;0;0;0;0;0;0;0;0;0;0
19.07.2024;19:38;A 41;1;0;0;0;0;0;23;0;0;0;0;4;3;1;1;2;28;4;42;3;48;4;45;3;27;2;3;2;78;0;0;0;0;0;0;0;0;0;0;0;0;1;2;0;0;0;0;0;0;0;0;0;0;0;0;0;0;0;0;0;0;0;0
19.07.2024;19:37;A 41;1;2;6;1;3;1;29;0;0;0;0;7;43;3;3;1;71;2;79;1;71;4;47;2;12;2;3;3;16;0;0;0;0;0;0;0;0;0;0;1;2;0;0;0;0;0;0;0;0;0;0;0;0;0;0;0;0;0;0;0;0;0;0
19.07.2024;19:36;A 41;1;1;4;3;7;2;82;0;0;0;0;6;47;0;9;0;0;2;52;1;5;4;27;4;30;3;17;2;44;0;0;0;0;0;0;0;0;0;0;0;0;0;0;0;0;0;0;0;0;0;0;0;0;0;0;0;0;0;0;0;0;0;0
19.07.2024;19:35;A 41;1;1;2;1;1;1;34;0;0;0;0;1;49;1;8;2;27;1;23;0;0;3;15;3;26;1;44;1;42;0;0;0;0;0;0;0;0;0;0;0;0;0;0;0;0;0;0;0;0;0;0;0;0;0;0;0;0;0;0;0;0;0;0
19.07.2024;19:34;A 41;1;1;3;1;4;1;63;0;0;0;0;11;74;1;4;1;34;3;9;0;0;7;35;2;29;5;32;2;52;0;0;0;0;0;0;0;0;0;0;0;0;1;2;0;0;0;0;0;0;0;0;0;0;0;0;0;0;0;0;0;0;0;0
19.07.2024;19:33;A 41;1;5;64;6;17;1;72;0;0;0;0;4;42;4;40;1;80;1;68;0;0;3;31;0;0;2;7;0;29;0;0;0;0;0;0;0;0;1;2;1;2;0;0;0;0;0;0;0;0;0;0;0;0;0;0;0;0;0;0;0;0;0;0
19.07.2024;19:32;A 41;1;0;0;2;9;0;21;0;0;0;0;0;0;2;93;1;0;4;3;2;3;2;13;5;25;0;0;1;31;0;0;0;0;0;0;0;0;0;0;0;0;0;0;0;0;0;0;0;0;0;0;0;0;0;0;0;0;0;0;0;0;0;0
19.07.2024;19:31;A 41;1;2;5;3;9;1;44;0;0;0;0;4;65;0;0;0;0;2;2;1;2;6;73;1;8;4;58;1;3;0;0;0;0;0;0;0;0;0;0;0;0;0;0;0;0;0;0;0;0;0;0;0;0;0;0;0;0;0;0;0;0;0;0
19.07.2024;19:30;A 41;1;2;24;3;9;1;5;0;0;0;0;9;53;4;14;0;0;1;36;0;0;3;53;0;0;5;25;0;0;0;0;0;0;0;0;0;0;0;0;0;0;0;0;0;0;0;0;0;0;0;0;0;0;0;0;0;0;0;0;0;0;0;0
19.07.2024;19:29;A 41;1;1;2;1;22;0;23;0;0;0;0;1;50;1;13;5;4;4;3;2;3;3;72;1;1;2;62;0;0;0;0;0;0;0;0;0;0;0;0;0;0;0;0;0;0;0;0;0;0;0;0;0;0;0;0;0;0;0;0;0;0;0;0
19.07.2024;19:28;A 41;1;3;6;3;18;1;40;0;0;0;0;6;69;1;26;1;1;3;2;1;1;1;24;2;21;3;7;1;72;0;0;0;0;0;0;0;0;0;0;0;0;0;0;0;0;0;0;0;0;0;0;0;0;0;0;0;0;0;0;0;0;0;0
19.07.2024;19:27;A 41;1;4;10;2;9;2;41;0;0;0;0;2;50;1;13;1;52;1;1;0;0;2;32;1;11;5;9;1;19;0;0;0;0;0;0;0;0;0;0;0;0;0;0;0;0;0;0;0;0;0;0;0;0;0;0;0;0;0;0;0;0;0;0
19.07.2024;19:26;A 41;1;1;4;1;1;1;52;0;0;0;0;5;11;3;17;2;2;3;5;1;1;9;25;1;13;2;3;1;3;0;0;0;0;0;0;0;0;0;0;0;0;0;0;0;0;0;0;0;0;0;0;0;0;0;0;0;0;0;0;0;0;0;0
19.07.2024;19:25;A 41;1;3;13;5;14;1;3;0;0;0;0;4;60;2;46;3;5;4;6;3;8;2;21;4;16;3;70;1;3;0;0;1;2;1;2;0;0;0;0;0;0;0;0;0;0;0;0;0;0;0;0;0;0;0;0;0;0;0;0;0;0;0;0
19.07.2024;19:24;A 41;1;6;28;6;66;1;90;0;0;0;0;10;27;3;8;2;46;2;59;0;0;4;53;1;11;5;49;0;21;1;2;0;0;0;0;0;0;0;0;0;0;0;0;0;0;0;0;0;0;0;0;0;0;0;0;0;0;0;0;0;0;0;0
19.07.2024;19:23;A 41;1;1;2;1;3;0;23;0;0;0;0;4;87;0;0;3;32;6;28;1;2;5;65;5;18;1;70;1;39;0;0;0;0;0;0;0;0;0;0;0;0;0;0;0;0;0;0;0;0;0;0;0;0;0;0;0;0;0;0;0;0;0;0
19.07.2024;19:22;A 41;1;2;8;4;9;2;41;0;0;0;0;8;59;0;50;1;74;3;75;1;1;4;59;2;7;3;61;1;60;0;0;0;0;0;0;0;0;0;0;0;0;0;0;0;0;0;0;0;0;0;0;0;0;0;0;0;0;0;0;0;0;0;0
19.07.2024;19:21;A 41;1;3;11;4;17;6;54;0;0;0;0;2;29;1;16;3;4;3;67;1;0;4;51;3;25;5;24;4;27;0;0;0;0;0;0;0;0;0;0;0;0;0;0;0;0;0;0;0;0;0;0;0;0;0;0;0;0;0;0;0;0;0;0
19.07.2024;19:20;A 41;1;1;5;2;5;1;24;0;0;0;0;1;15;0;0;6;38;5;5;2;4;12;70;1;25;6;71;3;32;0;0;0;0;0;0;0;0;0;0;0;0;0;0;0;0;0;0;0;0;0;0;0;0;0;0;0;0;0;0;0;0;0;0
19.07.2024;19:19;A 41;1;1;4;2;5;1;8;0;0;0;0;8;35;1;1;1;0;3;2;1;1;6;57;3;93;3;9;1;96;0;0;0;0;0;0;0;0;0;0;0;0;0;0;0;0;0;0;0;0;0;0;0;0;0;0;0;0;0;0;0;0;0;0
19.07.2024;19:18;A 41;1;3;9;5;11;1;98;0;0;0;0;5;20;4;3;1;1;0;0;0;78;2;43;1;26;6;29;1;45;0;0;0;0;0;0;0;0;0;0;0;0;0;0;0;0;0;0;0;0;0;0;0;0;0;0;0;0;0;0;0;0;0;0
19.07.2024;19:17;A 41;1;1;45;0;99;1;99;0;0;0;0;7;13;2;5;5;9;4;9;5;30;1;41;3;28;5;77;3;91;0;0;0;0;0;0;0;0;0;0;1;2;1;2;0;0;0;0;0;0;0;0;0;0;0;0;0;0;0;0;0;0;0;0
19.07.2024;19:16;A 41;1;4;67;4;89;1;98;0;0;0;0;5;46;1;2;2;1;2;50;2;4;3;61;3;37;3;39;2;58;0;0;0;0;0;0;0;0;0;0;0;0;0;0;0;0;0;0;0;0;0;0;0;0;0;0;0;0;0;0;0;0;0;0
19.07.2024;19:15;A 41;1;6;65;4;77;2;94;0;0;0;0;8;30;2;5;0;0;1;38;0;0;2;43;3;41;3;21;3;40;0;0;0;0;0;0;0;0;1;2;0;0;0;0;0;0;0;0;0;0;0;0;0;0;0;0;0;0;0;0;0;0;0;0
19.07.2024;19:14;A 41;1;5;21;3;6;3;51;0;0;0;0;2;44;1;2;2;2;4;4;3;47;2;58;2;13;4;76;1;78;0;0;0;0;0;0;0;0;0;0;0;0;0;0;0;0;0;0;0;0;0;0;0;0;0;0;0;0;0;0;0;0;0;0
19.07.2024;19:13;A 41;1;4;16;1;25;0;100;0;0;0;0;12;60;4;83;2;1;2;2;2;95;2;84;1;12;8;55;0;100;0;0;0;0;1;2;0;0;0;0;0;0;0;0;0;0;0;0;0;0;0;0;0;0;0;0;0;0;0;0;0;0;0;0
19.07.2024;19:12;A 41;1;9;39;5;30;1;83;0;0;0;0;12;19;3;4;4;86;4;69;2;96;2;35;1;13;5;14;1;62;1;2;1;2;0;0;0;0;0;0;0;0;0;0;0;0;0;0;0;0;0;0;0;0;0;0;0;0;0;0;0;0;0;0
19.07.2024;19:11;A 41;1;2;7;3;50;0;75;0;0;0;0;4;8;2;2;2;62;2;42;2;16;3;35;4;68;2;24;1;68;0;0;0;0;0;0;0;0;0;0;0;0;0;0;0;0;0;0;0;0;0;0;0;0;0;0;0;0;0;0;0;0;0;0
19.07.2024;19:10;A 41;1;1;3;4;7;1;52;0;0;0;0;11;69;0;50;2;22;4;47;2;2;1;37;3;47;3;58;1;79;0;0;0;0;0;0;0;0;0;0;0;0;0;0;0;0;0;0;0;0;0;0;0;0;0;0;0;0;0;0;0;0;0;0
19.07.2024;19:09;A 41;1;3;13;5;11;1;82;0;0;0;0;6;70;1;32;2;59;5;61;1;18;3;47;1;44;2;46;1;78;0;0;0;0;0;0;0;0;0;0;1;2;1;2;0;0;0;0;0;0;0;0;0;0;0;0;0;0;0;0;0;0;0;0
19.07.2024;19:08;A 41;1;5;13;4;24;0;64;0;0;0;0;3;87;1;8;4;28;4;32;1;29;1;3;4;63;2;11;1;68;0;0;0;0;0;0;0;0;0;0;0;0;0;0;0;0;0;0;0;0;0;0;0;0;0;0;0;0;0;0;0;0;0;0
19.07.2024;19:07;A 41;1;2;7;4;7;2;42;0;0;0;0;11;62;1;1;1;72;2;71;2;70;7;57;2;20;3;58;0;78;0;0;0;0;0;0;0;0;0;0;0;0;0;0;0;0;0;0;0;0;0;0;0;0;0;0;0;0;0;0;0;0;0;0
19.07.2024;19:06;A 41;1;5;85;6;32;1;95;0;0;0;0;16;42;4;17;2;63;3;22;0;0;5;36;2;24;3;28;2;26;0;0;0;0;0;0;0;0;0;0;0;0;0;0;0;0;0;0;0;0;0;0;0;0;0;0;0;0;0;0;0;0;0;0
19.07.2024;19:05;A 41;1;0;0;3;25;0;43;0;0;0;0;1;2;2;90;3;2;5;3;6;9;2;7;1;9;1;11;1;16;0;0;0;0;0;0;0;0;0;0;0;0;0;0;0;0;0;0;0;0;0;0;0;0;0;0;0;0;0;0;0;0;0;0
19.07.2024;19:04;A 41;1;2;30;4;32;0;100;0;0;0;0;8;64;1;1;5;12;3;3;1;6;0;0;1;11;0;0;1;14;0;0;0;0;1;2;0;0;0;0;0;0;0;0;0;0;0;0;0;0;0;0;0;0;0;0;0;0;0;0;0;0;0;0
19.07.2024;19:03;A 41;1;6;53;8;24;1;90;0;0;0;0;12;31;2;7;0;100;0;0;0;100;3;47;1;8;4;7;2;6;1;2;1;2;0;0;0;0;1;2;0;0;0;0;0;0;0;0;0;0;0;0;0;0;0;0;0;0;0;0;0;0;0;0
19.07.2024;19:02;A 41;1;0;36;1;11;0;46;0;0;0;0;0;0;1;5;4;55;4;11;1;0;6;84;1;2;5;62;0;0;0;0;0;0;0;0;0;0;0;0;0;0;1;2;0;0;0;0;0;0;0;0;0;0;0;0;0;0;0;0;0;0;0;0
19.07.2024;19:01;A 41;1;3;22;3;8;1;18;0;0;0;0;15;44;0;27;2;86;0;0;1;1;2;94;2;15;4;34;1;34;0;0;0;0;0;0;0;0;0;0;1;2;0;0;0;0;0;0;0;0;0;0;0;0;0;0;0;0;0;0;0;0;0;0
19.07.2024;19:00;A 41;1;4;34;7;22;1;70;0;0;0;0;3;67;1;51;5;56;5;55;3;60;0;100;3;33;7;81;2;64;0;0;0;0;0;0;0;0;0;0;0;1;1;2;0;0;0;0;0;0;0;0;0;0;0;0;0;0;0;0;0;0;0;0
19.07.2024;18:59;A 41;1;1;3;2;8;0;40;0;0;0;0;1;18;1;69;4;5;3;4;4;38;3;98;2;7;2;59;1;85;0;0;0;0;0;0;0;0;0;0;1;1;0;0;0;0;0;0;0;0;0;0;0;0;0;0;0;0;0;0;0;0;0;0
19.07.2024;18:58;A 41;1;3;8;6;19;1;42;0;0;0;0;9;75;2;3;5;6;7;40;1;45;0;100;2;22;6;81;1;59;0;0;0;0;0;0;0;0;0;0;0;0;0;0;0;0;0;0;0;0;0;0;0;0;0;0;0;0;0;0;0;0;0;0
19.07.2024;18:57;A 41;1;1;8;6;17;3;38;0;0;0;0;1;46;0;0;0;30;2;2;2;31;2;67;0;0;1;71;0;0;0;0;0;0;1;2;0;0;0;0;0;0;0;0;0;0;0;0;0;0;0;0;0;0;0;0;0;0;0;0;0;0;0;0
19.07.2024;18:56;A 41;1;3;8;6;33;0;100;0;0;0;0;7;61;2;42;2;63;2;4;1;21;4;48;1;11;6;65;1;42;1;2;1;2;0;0;0;0;0;0;0;0;0;0;0;0;0;0;0;0;0;0;0;0;0;0;0;0;0;0;0;0;0;0
19.07.2024;18:55;A 41;1;2;64;9;38;2;82;0;0;0;0;3;47;2;57;6;87;5;61;1;1;4;38;3;33;2;44;3;35;0;0;0;0;0;0;0;0;0;0;0;0;0;0;0;0;0;0;0;0;0;0;0;0;0;0;0;0;0;0;0;0;0;0
19.07.2024;18:54;A 41;1;3;69;6;28;6;53;0;0;0;0;5;22;1;4;0;100;0;100;0;0;2;22;4;28;2;3;3;7;0;0;0;0;0;0;0;0;1;2;0;0;0;0;0;0;0;0;0;0;0;0;0;0;0;0;0;0;0;0;0;0;0;0
19.07.2024;18:53;A 41;1;2;43;3;23;0;61;0;0;0;0;3;57;2;2;5;38;5;46;4;57;5;47;2;12;2;28;1;4;0;0;0;0;0;0;0;0;0;0;0;0;0;0;0;0;0;0;0;0;0;0;0;0;0;0;0;0;0;0;0;0;0;0
19.07.2024;18:52;A 41;1;6;33;3;11;0;100;0;0;0;0;10;65;2;2;6;51;6;39;5;65;3;49;1;4;2;61;1;11;0;0;0;0;0;0;0;0;0;0;0;0;0;0;0;0;0;0;0;0;0;0;0;0;0;0;0;0;0;0;0;0;0;0
19.07.2024;18:51;A 41;1;5;63;8;49;2;71;0;0;0;0;5;11;1;7;2;82;1;6;0;73;3;78;4;25;8;49;1;43;0;0;0;0;0;0;0;0;0;0;1;2;1;2;0;0;0;0;0;0;0;0;0;0;0;0;0;0;0;0;0;0;0;0
19.07.2024;18:50;A 41;1;3;69;2;32;0;81;0;0;0;0;7;76;1;69;5;49;4;16;1;1;1;91;1;13;2;64;0;100;0;0;0;0;0;0;0;0;0;0;0;0;0;0;0;0;0;0;0;0;0;0;0;0;0;0;0;0;0;0;0;0;0;0
19.07.2024;18:49;A 41;1;6;13;4;11;1;55;0;0;0;0;10;76;0;0;4;48;2;1;0;0;3;96;4;22;4;75;2;98;0;0;0;0;0;0;0;0;0;0;0;0;0;0;0;0;0;0;0;0;0;0;0;0;0;0;0;0;0;0;0;0;0;0
19.07.2024;18:48;A 41;1;1;7;7;15;3;59;0;0;0;0;9;77;1;12;2;41;1;3;1;0;2;32;1;8;2;45;1;44;0;0;0;0;0;0;0;0;0;0;1;2;1;2;0;0;0;0;0;0;0;0;0;0;0;0;0;0;0;0;0;0;0;0
19.07.2024;18:47;A 41;1;1;5;3;9;1;10;0;0;0;0;8;84;1;2;4;4;5;4;0;0;2;34;0;5;4;36;1;97;0;0;0;0;0;0;0;0;0;0;0;0;0;0;0;0;0;0;0;0;0;0;0;0;0;0;0;0;0;0;0;0;0;0
19.07.2024;18:46;A 41;1;0;0;1;4;0;14;0;0;0;0;3;90;2;8;1;6;1;5;0;0;3;73;1;56;2;96;1;83;0;0;0;0;0;0;0;0;0;0;1;2;1;2;0;0;0;0;0;0;0;0;0;0;0;0;0;0;0;0;0;0;0;0
19.07.2024;18:45;A 41;1;5;23;5;53;1;89;0;0;0;0;8;54;2;7;2;84;1;83;0;85;4;66;2;34;5;79;2;77;1;2;1;2;1;2;0;0;1;2;0;0;0;0;0;0;0;0;0;0;0;0;0;0;0;0;0;0;0;0;0;0;0;0
19.07.2024;18:44;A 41;1;1;1;2;4;0;25;0;0;0;0;5;82;2;51;6;54;4;45;2;37;6;82;3;64;3;82;1;61;0;0;0;0;0;0;0;0;0;0;0;0;0;0;0;0;0;0;0;0;0;0;0;0;0;0;0;0;0;0;0;0;0;0
19.07.2024;18:43;A 41;1;3;14;5;16;1;78;0;0;0;0;7;55;2;4;4;79;3;17;1;12;5;81;2;15;8;75;2;18;0;0;0;0;0;0;0;0;0;0;0;0;0;0;0;0;0;0;0;0;0;0;0;0;0;0;0;0;0;0;0;0;0;0
19.07.2024;18:42;A 41;1;4;56;6;31;1;100;0;0;0;0;13;53;3;19;0;0;1;0;3;6;3;74;1;19;6;41;0;74;0;0;0;0;0;0;0;0;0;0;0;0;0;0;0;0;0;0;0;0;0;0;0;0;0;0;0;0;0;0;0;0;0;0
19.07.2024;18:41;A 41;1;0;0;1;2;0;28;0;0;0;0;4;92;2;9;6;33;4;3;2;30;4;81;5;37;1;62;1;38;0;0;0;0;0;0;0;0;0;0;0;0;0;0;0;0;0;0;0;0;0;0;0;0;0;0;0;0;0;0;0;0;0;0
19.07.2024;18:40;A 41;1;2;4;3;14;1;41;0;0;0;0;10;79;1;63;5;51;9;6;7;48;1;100;3;24;6;85;2;71;0;0;0;0;0;0;0;0;0;0;0;0;0;0;0;0;0;0;0;0;0;0;0;0;0;0;0;0;0;0;0;0;0;0
19.07.2024;18:39;A 41;1;5;71;7;25;3;66;0;0;0;0;7;89;2;59;1;41;1;40;0;0;1;84;2;8;4;70;1;42;0;0;0;0;0;0;0;0;0;0;1;2;1;2;0;0;0;0;0;0;0;0;0;0;0;0;0;0;0;0;0;0;0;0
19.07.2024;18:38;A 41;1;2;3;5;14;0;73;0;0;0;0;3;84;2;9;4;17;4;36;2;41;3;40;3;19;1;37;1;33;0;0;0;0;0;0;0;0;0;0;0;0;0;0;0;0;0;0;0;0;0;0;0;0;0;0;0;0;0;0;0;0;0;0
19.07.2024;18:37;A 41;1;1;7;3;5;1;51;0;0;0;0;10;60;1;1;4;58;4;83;3;30;3;24;3;18;4;34;1;60;0;0;0;0;0;0;0;0;0;0;0;0;0;0;0;0;0;0;0;0;0;0;0;0;0;0;0;0;0;0;0;0;0;0
19.07.2024;18:36;A 41;1;3;9;2;7;0;100;0;0;0;0;7;43;2;5;1;26;1;50;1;3;3;65;2;29;4;60;2;53;0;0;0;0;0;0;0;0;1;2;0;0;0;0;0;0;0;0;0;0;0;0;0;0;0;0;0;0;0;0;0;0;0;0
19.07.2024;18:35;A 41;1;0;13;1;2;1;20;0;0;0;0;5;31;2;15;2;2;3;2;2;3;2;82;3;23;4;60;2;69;0;0;0;0;1;2;0;0;0;0;0;0;0;0;0;0;0;0;0;0;0;0;0;0;0;0;0;0;0;0;0;0;0;0
19.07.2024;18:34;A 41;1;5;14;5;11;2;43;0;0;0;0;7;75;2;26;4;3;4;3;1;3;4;31;5;79;1;66;1;91;1;2;1;2;0;0;0;0;0;0;0;0;0;0;0;0;0;0;0;0;0;0;0;0;0;0;0;0;0;0;0;0;0;0
19.07.2024;18:33;A 41;1;6;53;4;70;2;90;0;0;0;0;9;42;3;6;0;83;0;0;0;83;4;89;3;24;10;39;1;47;0;0;0;0;0;0;0;0;0;0;0;0;0;0;0;0;0;0;0;0;0;0;0;0;0;0;0;0;0;0;0;0;0;0
19.07.2024;18:32;A 41;1;1;1;0;4;0;34;0;0;0;0;1;74;1;1;4;4;5;4;5;8;4;74;3;19;1;49;1;62;0;0;0;0;0;0;0;0;0;0;0;0;0;0;0;0;0;0;0;0;0;0;0;0;0;0;0;0;0;0;0;0;0;0
19.07.2024;18:31;A 41;1;3;7;5;8;1;45;0;0;0;0;6;76;0;64;4;9;5;8;1;1;2;63;1;19;4;79;2;57;0;0;0;0;0;0;0;0;0;0;1;2;1;2;0;0;0;0;0;0;0;0;0;0;0;0;0;0;0;0;0;0;0;0
19.07.2024;18:30;A 41;1;3;47;6;25;0;81;0;0;0;0;12;70;5;68;2;1;3;2;1;2;3;51;1;2;6;46;0;0;0;0;0;0;0;0;0;0;0;0;0;0;0;0;0;0;0;0;0;0;0;0;0;0;0;0;0;0;0;0;0;0;0;0
19.07.2024;18:29;A 41;1;1;2;2;3;1;39;0;0;0;0;5;87;2;74;5;41;7;39;4;47;4;60;0;0;6;53;0;0;0;0;0;0;0;0;0;0;0;0;0;0;0;0;0;0;0;0;0;0;0;0;0;0;0;0;0;0;0;0;0;0;0;0
19.07.2024;18:28;A 41;1;4;10;5;30;6;43;0;0;0;0;2;95;0;0;4;20;3;16;1;12;1;97;2;8;3;79;2;70;0;0;0;0;0;0;0;0;0;0;1;2;1;2;0;0;0;0;0;0;0;0;0;0;0;0;0;0;0;0;0;0;0;0
19.07.2024;18:27;A 41;1;4;22;5;48;1;99;0;0;0;0;15;52;1;7;1;43;0;0;2;63;1;70;0;0;13;37;0;21;0;0;0;0;0;0;0;0;0;0;0;0;0;0;0;0;0;0;0;0;0;0;0;0;0;0;0;0;0;0;0;0;0;0
19.07.2024;18:26;A 41;1;1;51;3;32;2;61;0;0;0;0;3;77;1;28;2;38;4;41;2;40;4;90;3;27;2;73;2;85;0;0;0;0;0;0;0;0;0;0;0;0;0;0;0;0;0;0;0;0;0;0;0;0;0;0;0;0;0;0;0;0;0;0
19.07.2024;18:25;A 41;1;4;25;5;15;1;40;0;0;0;0;9;37;4;54;2;50;2;42;3;50;0;74;2;22;6;64;2;31;0;0;0;0;0;0;0;0;0;0;0;0;0;0;0;0;0;0;0;0;0;0;0;0;0;0;0;0;0;0;0;0;0;0
19.07.2024;18:24;A 41;1;2;77;2;8;1;65;0;0;0;0;8;18;3;13;1;4;1;17;0;93;0;100;0;0;7;78;0;14;0;0;0;0;1;2;0;0;1;2;0;0;0;0;0;0;0;0;0;0;0;0;0;0;0;0;0;0;0;0;0;0;0;0
19.07.2024;18:23;A 41;1;4;11;4;9;2;44;0;0;0;0;1;95;0;99;5;13;10;9;7;45;0;100;2;25;0;100;1;91;1;2;1;2;0;0;0;0;0;0;0;0;1;2;0;0;0;0;0;0;0;0;0;0;0;0;0;0;0;0;0;0;0;0
19.07.2024;18:22;A 41;1;4;23;6;15;2;71;0;0;0;0;6;60;1;5;3;59;2;67;1;72;3;59;3;18;5;69;0;59;0;0;0;0;0;0;0;0;0;0;1;2;0;0;0;0;0;0;0;0;0;0;0;0;0;0;0;0;0;0;0;0;0;0
19.07.2024;18:21;A 41;1;3;57;5;59;2;74;0;0;0;0;16;55;2;20;2;71;0;0;2;47;5;69;1;26;8;37;0;100;0;0;0;0;0;0;0;0;0;0;0;0;0;0;0;0;0;0;0;0;0;0;0;0;0;0;0;0;0;0;0;0;0;0
19.07.2024;18:20;A 41;1;6;20;6;14;2;6;0;0;0;0;5;88;1;27;2;33;5;37;0;0;4;48;1;18;4;94;0;100;0;0;0;0;0;0;0;0;0;0;0;0;1;2;0;0;0;0;0;0;0;0;0;0;0;0;0;0;0;0;0;0;0;0
19.07.2024;18:19;A 41;1;3;8;3;7;2;5;0;0;0;0;5;89;2;28;5;31;7;24;1;1;1;87;3;93;2;89;1;89;0;0;0;0;0;0;0;0;0;0;1;2;0;0;0;0;0;0;0;0;0;0;0;0;0;0;0;0;0;0;0;0;0;0
19.07.2024;18:18;A 41;1;4;28;3;11;1;90;0;0;0;0;14;51;2;12;4;86;4;85;3;93;6;70;3;15;7;30;2;4;0;0;0;0;0;0;0;0;0;0;0;0;0;0;0;0;0;0;0;0;0;0;0;0;0;0;0;0;0;0;0;0;0;0
19.07.2024;18:17;A 41;1;1;41;2;37;0;75;0;0;0;0;2;63;1;39;4;28;5;22;4;57;2;20;0;0;1;61;0;0;0;0;0;0;0;0;0;0;0;0;0;0;0;0;0;0;0;0;0;0;0;0;0;0;0;0;0;0;0;0;0;0;0;0
19.07.2024;18:16;A 41;1;5;49;5;21;0;100;0;0;0;0;6;55;0;51;3;41;1;4;2;87;0;35;2;25;2;60;3;14;0;0;0;0;0;0;0;0;0;0;0;0;0;0;0;0;0;0;0;0;0;0;0;0;0;0;0;0;0;0;0;0;0;0
19.07.2024;18:15;A 41;1;8;36;8;49;0;100;0;0;0;0;5;44;2;29;0;0;0;0;1;16;5;77;1;10;6;50;1;25;0;0;0;0;0;0;0;0;0;0;0;0;0;0;0;0;0;0;0;0;0;0;0;0;0;0;0;0;0;0;0;0;0;0
19.07.2024;18:14;A 41;1;2;67;1;85;0;100;0;0;0;0;6;40;2;46;6;40;4;13;2;67;1;94;2;31;3;72;2;32;0;0;0;0;1;2;0;0;0;0;0;0;0;0;0;0;0;0;0;0;0;0;0;0;0;0;0;0;0;0;0;0;0;0
19.07.2024;18:13;A 41;1;5;79;2;47;0;100;0;0;0;0;1;26;2;2;7;72;7;54;2;97;4;47;2;16;5;43;2;4;1;2;1;2;0;0;0;0;0;0;1;2;1;2;0;0;0;0;0;0;0;0;0;0;0;0;0;0;0;0;0;0;0;0
19.07.2024;18:12;A 41;1;4;63;6;15;0;100;0;0;0;0;11;22;2;6;0;100;0;100;0;100;3;47;3;23;8;54;2;28;0;0;0;0;0;0;0;0;1;2;0;0;0;0;0;0;0;0;0;0;0;0;0;0;0;0;0;0;0;0;0;0;0;0
19.07.2024;18:11;A 41;1;3;5;2;58;1;99;0;0;0;0;4;78;2;71;5;46;5;27;2;52;1;97;1;8;4;71;1;0;0;0;0;0;0;0;0;0;0;0;0;0;0;0;0;0;0;0;0;0;0;0;0;0;0;0;0;0;0;0;0;0;0;0
19.07.2024;18:10;A 41;1;5;20;6;86;1;97;0;0;0;0;11;64;1;1;1;57;1;35;1;26;5;57;1;2;5;62;0;66;0;0;0;0;0;0;0;0;0;0;0;0;0;0;0;0;0;0;0;0;0;0;0;0;0;0;0;0;0;0;0;0;0;0
19.07.2024;18:09;A 41;1;7;53;0;100;0;100;0;0;0;0;7;38;3;25;4;28;2;1;0;0;1;82;3;43;9;79;2;33;0;0;0;0;0;0;0;0;0;0;0;0;0;0;0;0;0;0;0;0;0;0;0;0;0;0;0;0;0;0;0;0;0;0
19.07.2024;18:08;A 41;1;4;17;0;100;0;100;0;0;0;0;11;28;1;6;3;91;2;90;0;84;3;69;0;0;6;52;0;29;0;0;0;0;0;0;0;0;0;1;1;2;1;2;0;0;0;0;0;0;0;0;0;0;0;0;0;0;0;0;0;0;0;0
19.07.2024;18:07;A 41;1;4;7;6;28;1;95;0;0;0;0;5;65;2;36;7;41;11;58;5;45;2;50;2;31;3;81;0;100;0;0;0;0;0;0;0;0;1;1;0;0;0;0;0;0;0;0;0;0;0;0;0;0;0;0;0;0;0;0;0;0;0;0
19.07.2024;18:06;A 41;1;3;8;6;18;1;90;0;0;0;0;11;23;1;1;1;1;1;1;1;2;4;64;5;23;6;22;2;85;0;0;0;0;0;0;0;0;0;0;0;0;0;0;0;0;0;0;0;0;0;0;0;0;0;0;0;0;0;0;0;0;0;0
19.07.2024;18:05;A 41;1;3;10;2;8;0;68;0;0;0;0;2;71;0;0;4;39;7;44;4;39;3;64;1;44;1;52;5;89;0;0;0;0;0;0;0;0;0;0;0;0;0;0;0;0;0;0;0;0;0;0;0;0;0;0;0;0;0;0;0;0;0;0
19.07.2024;18:04;A 41;1;3;15;5;8;2;53;0;0;0;0;3;66;2;57;5;38;4;55;1;63;2;61;0;100;5;69;0;100;0;0;0;0;1;2;0;0;0;0;0;0;0;0;0;0;0;0;0;0;0;0;0;0;0;0;0;0;0;0;0;0;0;0
19.07.2024;18:03;A 41;1;3;61;5;19;1;37;0;0;0;0;14;62;4;5;2;53;1;47;2;58;4;68;0;100;7;27;0;100;1;2;1;2;0;0;0;0;0;0;0;0;0;0;0;0;0;0;0;0;0;0;0;0;0;0;0;0;0;0;0;0;0;0
19.07.2024;18:02;A 41;1;2;7;1;3;0;40;0;0;0;0;7;66;2;5;4;9;3;6;3;5;5;80;0;100;3;69;0;100;0;0;0;0;0;0;0;0;0;0;1;2;1;2;0;0;0;0;0;0;0;0;0;0;0;0;0;0;0;0;0;0;0;0
19.07.2024;18:01;A 41;1;1;8;3;5;1;30;0;0;0;0;10;76;1;62;1;1;1;0;1;1;1;100;0;100;6;77;0;100;0;0;0;0;0;0;0;0;0;0;0;0;0;0;0;0;0;0;0;0;0;0;0;0;0;0;0;0;0;0;0;0;0;0
19.07.2024;18:00;A 41;1;5;18;4;8;2;7;0;0;0;0;8;79;3;42;2;58;4;57;2;36;1;76;2;46;4;85;0;100;0;0;0;0;0;0;0;0;0;0;0;0;1;2;0;0;0;0;0;0;0;0;0;0;0;0;0;0;0;0;0;0;0;0
19.07.2024;17:59;A 41;1;3;24;0;50;0;59;0;0;0;0;2;46;1;57;5;6;4;2;1;50;3;23;5;56;1;12;2;59;0;0;0;0;0;0;0;0;0;0;1;2;0;0;0;0;0;0;0;0;0;0;0;0;0;0;0;0;0;0;0;0;0;0
19.07.2024;17:58;A 41;1;5;73;5;84;1;92;0;0;0;0;4;43;1;32;3;51;2;51;2;94;3;34;2;10;3;47;2;18;0;0;0;0;0;0;0;0;0;0;0;0;0;0;0;0;0;0;0;0;0;0;0;0;0;0;0;0;0;0;0;0;0;0
19.07.2024;17:57;A 41;1;5;54;2;62;0;100;0;0;0;0;19;47;3;20;1;5;0;100;0;100;3;78;1;14;6;53;5;75;0;0;0;0;0;0;0;0;1;2;0;0;0;0;0;0;0;0;0;0;0;0;0;0;0;0;0;0;0;0;0;0;0;0
19.07.2024;17:56;A 41;1;2;14;4;23;3;43;0;0;0;0;4;67;2;67;4;10;2;36;2;20;1;92;1;10;3;90;0;0;0;0;0;0;1;2;0;0;0;0;0;0;0;0;0;0;0;0;0;0;0;0;0;0;0;0;0;0;0;0;0;0;0;0
19.07.2024;17:55;A 41;1;2;6;5;12;0;100;0;0;0;0;4;36;0;51;4;5;1;35;2;20;4;51;3;30;3;5;1;86;1;2;1;2;0;0;0;0;0;0;0;0;0;0;0;0;0;0;0;0;0;0;0;0;0;0;0;0;0;0;0;0;0;0
19.07.2024;17:54;A 41;1;4;14;6;21;0;100;0;0;0;0;9;8;3;6;4;87;3;3;1;92;2;34;3;74;4;33;1;93;0;0;0;0;0;0;0;0;0;0;0;0;0;0;0;0;0;0;0;0;0;0;0;0;0;0;0;0;0;0;0;0;0;0
19.07.2024;17:53;A 41;1;4;35;4;80;2;99;0;0;0;0;3;7;2;2;5;31;3;12;1;18;4;61;4;54;3;59;2;64;0;0;0;0;0;0;0;0;0;0;1;2;1;2;0;0;0;0;0;0;0;0;0;0;0;0;0;0;0;0;0;0;0;0
19.07.2024;17:52;A 41;1;4;8;5;11;3;44;0;0;0;0;4;90;3;83;1;1;1;1;3;22;1;92;1;11;4;91;1;72;0;0;0;0;0;0;0;0;0;0;0;0;0;0;0;0;0;0;0;0;0;0;0;0;0;0;0;0;0;0;0;0;0;0
19.07.2024;17:51;A 41;1;5;45;8;58;1;88;0;0;0;0;11;28;0;0;3;86;4;90;2;96;4;60;2;8;4;30;2;21;0;0;0;0;0;0;0;0;0;0;0;0;0;0;0;0;0;0;0;0;0;0;0;0;0;0;0;0;0;0;0;0;0;0
19.07.2024;17:50;A 41;1;2;21;2;73;3;82;0;0;0;0;9;75;1;3;4;2;2;2;2;48;4;59;1;18;3;21;1;95;0;0;0;0;0;0;0;0;0;0;0;0;0;0;0;0;0;0;0;0;0;0;0;0;0;0;0;0;0;0;0;0;0;0
19.07.2024;17:49;A 41;1;5;15;5;24;0;100;0;0;0;0;12;65;2;10;2;2;3;2;2;58;2;99;2;9;9;77;2;55;0;0;0;0;0;0;0;0;0;0;0;0;0;0;0;0;0;0;0;0;0;0;0;0;0;0;0;0;0;0;0;0;0;0
19.07.2024;17:48;A 41;1;3;14;6;14;1;81;0;0;0;0;7;86;3;38;3;84;3;69;1;55;0;100;1;21;9;80;1;31;0;0;0;0;0;0;0;0;1;2;0;0;1;2;0;0;0;0;0;0;0;0;0;0;0;0;0;0;0;0;0;0;0;0
19.07.2024;17:47;A 41;1;2;57;5;7;3;10;0;0;0;0;2;51;1;1;5;39;5;37;1;1;3;52;4;31;2;23;2;44;0;0;0;0;0;0;0;0;0;0;1;2;0;0;0;0;0;0;0;0;0;0;0;0;0;0;0;0;0;0;0;0;0;0
19.07.2024;17:46;A 41;1;4;38;1;16;2;30;0;0;0;0;13;55;2;17;2;76;2;56;0;0;4;52;6;43;5;67;1;52;0;0;0;0;0;0;0;0;0;0;0;0;0;0;0;0;0;0;0;0;0;0;0;0;0;0;0;0;0;0;0;0;0;0
19.07.2024;17:45;A 41;1;4;57;3;60;1;96;0;0;0;0;9;13;1;1;5;76;2;48;1;75;3;70;3;6;11;28;0;34;0;0;0;0;0;0;0;0;0;0;0;0;0;0;0;0;0;0;0;0;0;0;0;0;0;0;0;0;0;0;0;0;0;0
19.07.2024;17:44;A 41;1;4;25;5;30;3;54;0;0;0;0;3;61;2;5;3;9;2;6;5;18;1;87;3;61;3;70;1;71;0;0;0;0;0;0;0;0;0;0;1;2;1;2;0;0;0;0;0;0;0;0;0;0;0;0;0;0;0;0;0;0;0;0
19.07.2024;17:43;A 41;1;7;19;7;23;2;73;0;0;0;0;6;90;1;34;5;5;5;4;5;21;5;47;1;13;2;55;1;41;0;0;0;0;1;2;0;0;0;0;0;0;0;0;0;0;0;0;0;0;0;0;0;0;0;0;0;0;0;0;0;0;0;0
19.07.2024;17:42;A 41;1;4;35;5;43;1;81;0;0;0;0;10;45;1;14;3;28;2;1;1;25;2;39;1;31;6;22;1;56;1;2;1;2;0;0;0;0;0;0;0;0;0;0;0;0;0;0;0;0;0;0;0;0;0;0;0;0;0;0;0;0;0;0
19.07.2024;17:41;A 41;1;2;63;3;13;0;63;0;0;0;0;7;77;1;66;4;43;4;29;3;10;3;29;2;68;1;57;0;100;0;0;0;0;0;0;0;0;0;0;0;0;0;0;0;0;0;0;0;0;0;0;0;0;0;0;0;0;0;0;0;0;0;0
19.07.2024;17:40;A 41;1;3;40;4;12;1;40;0;0;0;0;13;71;0;53;6;57;5;3;4;6;3;49;0;100;3;66;0;100;0;0;0;0;0;0;0;0;0;0;0;0;0;0;0;0;0;0;0;0;0;0;0;0;0;0;0;0;0;0;0;0;0;0
19.07.2024;17:39;A 41;1;6;55;2;5;3;25;0;0;0;0;8;79;2;51;3;43;3;56;4;66;1;53;0;100;2;62;0;100;0;0;0;0;0;0;0;0;0;0;1;2;1;2;0;0;0;0;0;0;0;0;0;0;0;0;0;0;0;0;0;0;0;0
19.07.2024;17:38;A 41;1;5;14;3;81;0;100;0;0;0;0;4;70;2;23;5;45;4;45;2;61;4;63;2;46;1;34;1;96;0;0;0;0;0;0;0;0;0;0;0;0;0;0;0;0;0;0;0;0;0;0;0;0;0;0;0;0;0;0;0;0;0;0
19.07.2024;17:37;A 41;1;6;30;5;60;0;100;0;0;0;0;13;66;1;1;2;13;5;18;3;47;5;85;3;29;9;66;1;64;0;0;0;0;1;2;0;0;0;0;0;0;0;0;0;0;0;0;0;0;0;0;0;0;0;0;0;0;0;0;0;0;0;0
19.07.2024;17:36;A 41;1;5;62;7;27;0;100;0;0;0;0;10;17;2;18;3;95;2;96;0;0;5;58;3;22;5;41;2;23;1;2;1;2;0;0;0;0;1;2;0;0;0;0;0;0;0;0;0;0;0;0;0;0;0;0;0;0;0;0;0;0;0;0
19.07.2024;17:35;A 41;1;2;60;2;50;1;98;0;0;0;0;6;84;1;74;7;50;4;48;0;40;5;49;1;12;2;61;0;100;0;0;0;0;0;0;0;0;0;0;0;0;0;0;0;0;0;0;0;0;0;0;0;0;0;0;0;0;0;0;0;0;0;0
19.07.2024;17:34;A 41;1;3;20;5;16;1;56;0;0;0;0;9;79;1;2;4;43;5;51;5;24;0;84;2;30;4;79;0;100;0;0;0;0;0;0;0;0;0;0;0;0;0;0;0;0;0;0;0;0;0;0;0;0;0;0;0;0;0;0;0;0;0;0
19.07.2024;17:33;A 41;1;6;13;7;15;3;55;0;0;0;0;7;81;1;56;2;8;4;16;5;14;2;94;2;20;4;71;0;100;0;0;0;0;0;0;0;0;0;0;0;0;1;2;0;0;0;0;0;0;0;0;0;0;0;0;0;0;0;0;0;0;0;0
19.07.2024;17:32;A 41;1;5;37;4;50;0;76;0;0;0;0;6;79;1;62;2;39;6;42;1;39;2;33;1;12;4;62;1;33;0;0;0;0;0;0;0;0;0;0;1;2;0;0;0;0;0;0;0;0;0;0;0;0;0;0;0;0;0;0;0;0;0;0
19.07.2024;17:31;A 41;1;3;9;7;21;2;45;0;0;0;0;9;60;4;49;1;18;2;18;1;25;6;50;1;14;2;46;1;61;0;0;0;0;0;0;0;0;0;0;0;0;0;0;0;0;0;0;0;0;0;0;0;0;0;0;0;0;0;0;0;0;0;0
19.07.2024;17:30;A 41;1;4;27;4;15;0;97;0;0;0;0;8;35;2;1;3;72;2;2;2;24;8;42;2;15;5;6;2;32;0;0;0;0;0;0;0;0;0;0;0;0;0;0;0;0;0;0;0;0;0;0;0;0;0;0;0;0;0;0;0;0;0;0
19.07.2024;17:29;A 41;1;3;42;7;23;1;90;0;0;0;0;7;79;2;64;4;25;3;21;3;57;3;79;1;10;5;72;1;41;0;0;0;0;1;2;0;0;0;0;0;0;0;0;0;0;0;0;0;0;0;0;0;0;0;0;0;0;0;0;0;0;0;0
19.07.2024;17:28;A 41;1;3;9;4;7;5;94;0;0;0;0;11;65;1;53;2;46;3;43;2;54;4;53;2;19;6;27;2;5;1;2;1;2;0;0;0;0;0;0;0;0;0;0;0;0;0;0;0;0;0;0;0;0;0;0;0;0;0;0;0;0;0;0
19.07.2024;17:27;A 41;1;4;37;4;30;0;100;0;0;0;0;11;77;4;55;1;4;1;2;3;91;4;48;1;2;5;52;0;0;0;0;0;0;0;0;0;0;0;0;1;2;1;2;0;0;0;0;0;0;0;0;0;0;0;0;0;0;0;0;0;0;0;0
19.07.2024;17:26;A 41;1;0;100;0;100;0;100;0;0;0;0;5;42;3;3;1;40;1;5;1;54;5;57;2;17;11;50;2;40;0;0;0;0;0;0;0;0;0;1;0;0;0;0;0;0;0;0;0;0;0;0;0;0;0;0;0;0;0;0;0;0;0;0
19.07.2024;17:25;A 41;1;3;19;4;16;1;65;0;0;0;0;7;31;4;6;2;2;2;1;1;1;2;56;1;28;3;65;0;100;0;0;0;0;0;0;0;0;1;1;0;0;0;0;0;0;0;0;0;0;0;0;0;0;0;0;0;0;0;0;0;0;0;0
19.07.2024;17:24;A 41;1;5;19;4;24;1;84;0;0;0;0;8;41;3;10;3;5;2;1;2;3;3;71;3;24;7;57;1;92;0;0;0;0;0;0;0;0;0;0;0;0;0;1;0;0;0;0;0;0;0;0;0;0;0;0;0;0;0;0;0;0;0;0
19.07.2024;17:23;A 41;1;5;18;4;25;0;100;0;0;0;0;4;64;1;1;10;55;7;13;1;38;6;59;2;29;1;58;2;53;0;0;0;0;0;0;0;0;0;0;1;2;1;1;0;0;0;0;0;0;0;0;0;0;0;0;0;0;0;0;0;0;0;0
19.07.2024;17:22;A 41;1;2;8;3;21;1;55;0;0;0;0;6;63;1;7;2;78;1;1;1;11;2;50;1;8;2;46;2;64;0;0;0;0;0;0;0;0;0;0;0;0;0;0;0;0;0;0;0;0;0;0;0;0;0;0;0;0;0;0;0;0;0;0
19.07.2024;17:21;A 41;1;6;23;6;53;1;94;0;0;0;0;12;28;0;0;1;51;2;84;3;86;2;75;0;69;10;46;1;98;0;0;0;0;0;0;0;0;0;0;0;0;0;0;0;0;0;0;0;0;0;0;0;0;0;0;0;0;0;0;0;0;0;0
19.07.2024;17:20;A 41;1;1;2;0;0;0;22;0;0;0;0;5;87;1;1;2;30;2;28;1;1;0;100;0;100;1;84;0;100;0;0;0;0;0;0;0;0;0;0;0;0;1;2;0;0;0;0;0;0;0;0;0;0;0;0;0;0;0;0;0;0;0;0
19.07.2024;17:19;A 41;1;5;19;4;10;2;26;0;0;0;0;5;89;1;0;3;27;7;28;3;5;1;84;0;100;3;84;0;100;0;0;0;0;0;0;0;0;0;0;1;2;0;0;0;0;0;0;0;0;0;0;0;0;0;0;0;0;0;0;0;0;0;0
19.07.2024;17:18;A 41;1;5;72;4;48;0;100;0;0;0;0;13;44;0;0;2;76;1;76;0;75;2;59;4;41;8;20;1;29;0;0;0;0;0;0;0;0;0;0;0;0;0;0;0;0;0;0;0;0;0;0;0;0;0;0;0;0;0;0;0;0;0;0
19.07.2024;17:17;A 41;1;0;48;1;71;0;100;0;0;0;0;2;91;1;1;10;55;9;35;4;88;4;81;2;21;1;87;2;46;0;0;0;0;0;0;0;0;0;0;0;0;0;0;0;0;0;0;0;0;0;0;0;0;0;0;0;0;0;0;0;0;0;0
19.07.2024;17:16;A 41;1;0;100;1;31;0;100;0;0;0;0;12;12;1;2;1;97;1;52;0;100;3;61;3;32;9;15;4;14;0;0;0;0;0;0;0;0;0;0;0;0;0;0;0;0;0;0;0;0;0;0;0;0;0;0;0;0;0;0;0;0;0;0
19.07.2024;17:15;A 41;1;7;72;5;40;1;96;0;0;0;0;0;73;2;52;6;13;4;5;3;92;4;47;2;22;5;41;1;62;0;0;1;2;1;2;0;0;0;0;0;0;1;2;0;0;0;0;0;0;0;0;0;0;0;0;0;0;0;0;0;0;0;0
19.07.2024;17:14;A 41;1;0;100;1;97;1;83;0;0;0;0;16;27;1;1;2;92;1;41;0;99;2;27;2;10;5;9;2;31;1;2;0;0;0;0;0;0;0;0;1;2;0;0;0;0;0;0;0;0;0;0;0;0;0;0;0;0;0;0;0;0;0;0
19.07.2024;17:13;A 41;1;2;28;4;13;0;23;0;0;0;0;7;60;2;5;1;1;0;0;1;63;6;45;2;30;3;17;2;94;0;0;0;0;0;0;0;0;1;2;0;0;0;0;0;0;0;0;0;0;0;0;0;0;0;0;0;0;0;0;0;0;0;0
19.07.2024;17:12;A 41;1;5;24;7;62;2;94;0;0;0;0;10;54;2;4;4;74;5;70;2;9;4;69;2;9;7;21;2;31;0;0;0;0;0;0;0;0;0;0;0;0;0;0;0;0;0;0;0;0;0;0;0;0;0;0;0;0;0;0;0;0;0;0
19.07.2024;17:11;A 41;1;4;47;5;64;1;84;0;0;0;0;2;56;1;1;2;34;2;2;1;1;3;66;5;5;1;43;1;39;0;0;0;0;1;2;0;0;0;0;0;0;0;0;0;0;0;0;0;0;0;0;0;0;0;0;0;0;0;0;0;0;0;0
19.07.2024;17:10;A 41;1;3;74;0;100;0;100;0;0;0;0;12;48;1;20;6;40;4;43;1;56;3;66;5;48;3;5;1;80;1;2;1;2;0;0;0;0;0;0;0;0;0;0;0;0;0;0;0;0;0;0;0;0;0;0;0;0;0;0;0;0;0;0
19.07.2024;17:09;A 41;1;3;61;6;70;0;100;0;0;0;0;13;52;2;6;0;0;0;0;0;100;7;61;3;45;9;27;2;22;0;0;0;0;0;0;0;0;1;2;0;0;0;0;0;0;0;0;0;0;0;0;0;0;0;0;0;0;0;0;0;0;0;0
19.07.2024;17:08;A 41;1;4;53;4;55;1;78;0;0;0;0;2;84;1;88;7;32;8;30;6;57;3;27;1;0;1;78;1;2;0;0;0;0;0;0;0;0;0;0;0;0;1;2;0;0;0;0;0;0;0;0;0;0;0;0;0;0;0;0;0;0;0;0
19.07.2024;17:07;A 41;1;0;100;5;24;0;100;0;0;0;0;2;2;2;33;2;64;2;62;1;76;3;30;2;8;4;34;1;2;0;0;0;0;0;0;0;0;0;0;1;2;0;0;0;0;0;0;0;0;0;0;0;0;0;0;0;0;0;0;0;0;0;0
19.07.2024;17:06;A 41;1;4;59;7;28;0;100;0;0;0;0;16;41;4;17;5;91;4;61;2;82;2;88;1;12;11;55;1;18;0;0;0;0;0;0;0;0;0;0;0;0;0;0;0;0;0;0;0;0;0;0;0;0;0;0;0;0;0;0;0;0;0;0
19.07.2024;17:05;A 41;1;4;15;4;11;1;53;0;0;0;0;6;85;1;15;6;47;3;41;1;1;1;98;2;18;7;90;2;17;0;0;0;0;0;0;0;0;0;0;0;0;0;0;0;0;0;0;0;0;0;0;0;0;0;0;0;0;0;0;0;0;0;0
19.07.2024;17:04;A 41;1;5;12;6;10;3;31;0;0;0;0;6;89;1;84;5;34;6;30;6;15;2;86;2;18;2;91;2;7;0;0;0;0;0;0;0;0;0;0;1;2;1;2;0;0;0;0;0;0;0;0;0;0;0;0;0;0;0;0;0;0;0;0
19.07.2024;17:03;A 41;1;3;69;8;21;1;53;0;0;0;0;7;50;1;32;2;47;1;1;3;92;3;26;1;5;5;31;0;1;0;0;0;0;0;0;0;0;0;0;0;0;0;0;0;0;0;0;0;0;0;0;0;0;0;0;0;0;0;0;0;0;0;0
19.07.2024;17:02;A 41;1;4;43;8;44;1;84;0;0;0;0;4;87;2;3;8;36;3;30;3;87;1;31;2;9;2;47;1;66;0;0;0;0;0;0;0;0;0;0;0;0;0;0;0;0;0;0;0;0;0;0;0;0;0;0;0;0;0;0;0;0;0;0
19.07.2024;17:01;A 41;1;5;30;2;14;1;55;0;0;0;0;6;54;0;0;1;69;1;48;1;98;5;41;3;49;6;60;3;47;0;0;0;0;0;0;0;0;0;0;0;0;0;0;0;0;0;0;0;0;0;0;0;0;0;0;0;0;0;0;0;0;0;0
19.07.2024;17:00;A 41;1;4;51;5;39;0;100;0;0;0;0;7;33;0;0;1;84;1;82;2;93;5;48;1;6;7;27;1;9;0;0;0;0;0;0;0;0;0;0;0;0;0;0;0;0;0;0;0;0;0;0;0;0;0;0;0;0;0;0;0;0;0;0
19.07.2024;16:59;A 41;1;4;50;8;36;1;99;0;0;0;0;6;44;2;8;4;60;3;10;4;53;2;91;4;33;5;58;2;79;0;0;0;0;0;0;0;0;0;0;0;0;1;2;0;0;0;0;0;0;0;0;0;0;0;0;0;0;0;0;0;0;0;0
19.07.2024;16:58;A 41;1;4;79;4;75;2;69;0;0;0;0;3;17;2;31;6;59;3;53;1;62;3;39;1;14;1;53;3;13;0;0;0;0;0;0;0;0;0;0;1;2;0;0;0;0;0;0;0;0;0;0;0;0;0;0;0;0;0;0;0;0;0;0
19.07.2024;16:57;A 41;1;3;77;3;76;19;66;0;0;0;0;11;30;1;4;0;100;0;100;1;46;3;63;0;0;11;66;0;0;0;0;0;0;0;0;0;0;1;2;0;0;0;0;0;0;0;0;0;0;0;0;0;0;0;0;0;0;0;0;0;0;0;0
19.07.2024;16:56;A 41;1;3;30;7;42;2;93;0;0;0;0;5;72;0;0;5;45;3;60;1;4;0;100;0;0;7;85;1;2;0;0;0;0;0;0;0;0;0;0;0;0;0;0;0;0;0;0;0;0;0;0;0;0;0;0;0;0;0;0;0;0;0;0
19.07.2024;16:55;A 41;1;4;14;6;14;2;42;0;0;0;0;7;72;1;66;4;18;3;7;0;0;0;100;3;20;5;79;2;7;0;0;0;0;0;0;0;0;0;0;0;0;0;0;0;0;0;0;0;0;0;0;0;0;0;0;0;0;0;0;0;0;0;0
19.07.2024;16:54;A 41;1;7;37;10;18;6;19;0;0;0;0;6;66;2;13;1;44;2;44;1;38;3;92;2;7;5;90;0;0;0;0;0;0;1;2;0;0;0;0;0;0;0;0;0;0;0;0;0;0;0;0;0;0;0;0;0;0;0;0;0;0;0;0
19.07.2024;16:53;A 41;1;6;20;2;35;3;29;0;0;0;0;3;65;1;1;2;33;2;6;1;13;4;43;1;1;1;52;0;0;1;2;1;2;0;0;0;0;0;0;0;0;0;0;0;0;0;0;0;0;0;0;0;0;0;0;0;0;0;0;0;0;0;0
19.07.2024;16:52;A 41;1;2;6;4;22;1;23;0;0;0;0;5;62;1;53;2;16;5;8;2;3;3;77;1;9;8;34;1;63;0;0;0;0;0;0;0;0;0;0;1;2;1;2;0;0;0;0;0;0;0;0;0;0;0;0;0;0;0;0;0;0;0;0
19.07.2024;16:51;A 41;1;5;51;9;30;1;78;0;0;0;0;7;50;3;27;0;0;0;0;1;1;0;59;2;50;7;54;1;52;0;0;0;0;0;0;0;0;0;0;0;0;0;0;0;0;0;0;0;0;0;0;0;0;0;0;0;0;0;0;0;0;0;0
19.07.2024;16:50;A 41;1;0;33;0;41;0;39;0;0;0;0;4;58;1;28;4;36;6;8;2;1;2;99;4;80;2;69;1;95;0;0;0;0;0;0;0;0;0;0;0;0;1;2;0;0;0;0;0;0;0;0;0;0;0;0;0;0;0;0;0;0;0;0
19.07.2024;16:49;A 41;1;5;47;8;67;2;99;0;0;0;0;6;83;1;1;3;49;2;18;2;52;13;52;4;47;5;89;1;77;0;0;0;0;1;2;0;0;0;0;1;2;0;0;0;0;0;0;0;0;0;0;0;0;0;0;0;0;0;0;0;0;0;0
19.07.2024;16:48;A 41;1;4;41;5;49;0;100;0;0;0;0;14;32;3;8;0;100;1;85;0;100;1;85;3;20;6;61;2;14;1;2;1;2;0;0;0;0;1;2;0;0;0;0;0;0;0;0;0;0;0;0;0;0;0;0;0;0;0;0;0;0;0;0
19.07.2024;16:47;A 41;1;2;48;8;38;6;63;0;0;0;0;2;50;2;37;2;52;0;19;2;94;4;36;1;15;1;48;1;43;0;0;0;0;0;0;0;0;0;0;0;0;0;0;0;0;0;0;0;0;0;0;0;0;0;0;0;0;0;0;0;0;0;0
19.07.2024;16:46;A 41;1;3;21;4;9;0;100;0;0;0;0;10;66;0;0;7;66;5;63;4;79;5;59;3;19;4;64;0;61;0;0;0;0;0;0;0;0;0;0;0;0;0;0;0;0;0;0;0;0;0;0;0;0;0;0;0;0;0;0;0;0;0;0
19.07.2024;16:45;A 41;1;5;42;6;51;0;100;0;0;0;0;9;24;2;2;4;93;3;91;1;95;4;67;3;46;8;51;2;74;0;0;0;0;0;0;0;0;0;0;0;0;0;0;0;0;0;0;0;0;0;0;0;0;0;0;0;0;0;0;0;0;0;0
19.07.2024;16:44;A 41;1;4;53;2;89;0;100;0;0;0;0;1;74;1;0;10;66;7;46;2;39;3;55;3;83;3;48;1;81;0;0;0;0;0;0;0;0;0;0;0;0;0;0;0;0;0;0;0;0;0;0;0;0;0;0;0;0;0;0;0;0;0;0
19.07.2024;16:43;A 41;1;6;24;6;49;0;100;0;0;0;0;2;26;0;0;3;78;3;72;2;57;4;81;0;0;5;58;0;0;0;0;0;0;0;0;0;0;0;0;0;0;0;0;0;0;0;0;0;0;0;0;0;0;0;0;0;0;0;0;0;0;0;0
19.07.2024;16:42;A 41;1;4;63;6;65;3;84;0;0;0;0;8;23;4;7;4;71;2;34;1;76;3;81;5;31;6;34;2;65;0;0;0;0;0;0;0;0;0;0;0;0;0;0;0;0;0;0;0;0;0;0;0;0;0;0;0;0;0;0;0;0;0;0
19.07.2024;16:41;A 41;1;1;31;4;9;1;69;0;0;0;0;2;72;0;0;4;29;3;6;1;31;2;93;3;48;2;40;2;58;0;0;0;0;0;0;0;0;0;0;1;2;1;2;0;0;0;0;0;0;0;0;0;0;0;0;0;0;0;0;0;0;0;0
19.07.2024;16:40;A 41;1;3;7;2;5;1;51;0;0;0;0;2;55;0;0;1;53;2;2;1;57;0;73;5;48;9;70;4;37;0;0;0;0;0;0;0;0;0;0;0;0;0;0;0;0;0;0;0;0;0;0;0;0;0;0;0;0;0;0;0;0;0;0
19.07.2024;16:39;A 41;1;2;5;6;39;1;93;0;0;0;0;16;33;0;0;2;90;3;88;0;88;2;97;1;8;14;37;1;3;0;0;0;0;0;0;0;0;0;0;0;0;0;0;0;0;0;0;0;0;0;0;0;0;0;0;0;0;0;0;0;0;0;0
19.07.2024;16:38;A 41;1;2;59;0;48;1;41;0;0;0;0;4;70;3;3;5;47;4;34;5;77;1;96;1;8;5;76;1;11;0;0;0;0;0;0;0;0;0;0;1;2;1;2;0;0;0;0;0;0;0;0;0;0;0;0;0;0;0;0;0;0;0;0
19.07.2024;16:37;A 41;1;5;20;8;25;3;42;0;0;0;0;4;55;3;3;3;67;5;41;1;74;0;100;1;32;6;68;1;72;0;0;0;0;0;0;0;0;0;0;0;0;0;0;0;0;0;0;0;0;0;0;0;0;0;0;0;0;0;0;0;0;0;0
19.07.2024;16:36;A 41;1;5;62;5;60;2;79;0;0;0;0;11;49;3;16;1;1;0;82;0;0;1;97;1;9;6;90;2;39;0;0;1;2;1;2;0;0;1;2;0;0;0;0;0;0;0;0;0;0;0;0;0;0;0;0;0;0;0;0;0;0;0;0
19.07.2024;16:35;A 41;1;3;23;7;18;3;52;0;0;0;0;5;91;2;6;0;33;3;17;1;1;1;76;2;27;2;86;1;36;1;2;0;0;0;0;0;0;0;0;0;0;1;2;0;0;0;0;0;0;0;0;0;0;0;0;0;0;0;0;0;0;0;0
19.07.2024;16:34;A 41;1;8;29;5;25;4;79;0;0;0;0;4;86;2;13;5;26;4;2;1;36;0;100;2;30;3;89;1;61;0;0;0;0;0;0;0;0;0;0;1;2;0;0;0;0;0;0;0;0;0;0;0;0;0;0;0;0;0;0;0;0;0;0
19.07.2024;16:33;A 41;1;7;59;3;80;0;100;0;0;0;0;12;45;2;4;2;86;1;0;2;91;2;52;2;13;6;23;1;54;0;0;0;0;0;0;0;0;0;0;0;0;0;0;0;0;0;0;0;0;0;0;0;0;0;0;0;0;0;0;0;0;0;0
19.07.2024;16:32;A 41;1;0;54;2;37;2;98;0;0;0;0;9;76;2;44;7;51;3;40;3;60;3;91;1;76;5;60;0;100;0;0;0;0;0;0;0;0;0;0;0;0;0;0;0;0;0;0;0;0;0;0;0;0;0;0;0;0;0;0;0;0;0;0
19.07.2024;16:31;A 41;1;5;25;4;10;1;51;0;0;0;0;16;59;2;1;4;57;4;75;1;23;4;68;1;66;9;58;0;100;0;0;0;0;0;0;0;0;0;0;0;0;0;0;0;0;0;0;0;0;0;0;0;0;0;0;0;0;0;0;0;0;0;0
19.07.2024;16:30;A 41;1;5;27;3;6;1;87;0;0;0;0;9;82;1;29;5;58;5;55;3;48;2;89;3;44;6;81;2;39;0;0;0;0;0;0;0;0;0;0;1;2;1;2;0;0;0;0;0;0;0;0;0;0;0;0;0;0;0;0;0;0;0;0
19.07.2024;16:29;A 41;1;2;63;0;48;0;65;0;0;0;0;3;73;2;39;6;29;6;44;4;9;3;71;1;1;2;44;0;0;0;0;0;0;0;0;0;0;0;0;0;0;0;0;0;0;0;0;0;0;0;0;0;0;0;0;0;0;0;0;0;0;0;0
19.07.2024;16:28;A 41;1;4;16;4;19;1;36;0;0;0;0;6;72;1;25;1;1;2;46;1;1;2;71;3;20;4;75;0;92;0;0;0;0;0;0;0;0;0;0;0;0;0;0;0;0;0;0;0;0;0;0;0;0;0;0;0;0;0;0;0;0;0;0
19.07.2024;16:27;A 41;1;4;28;6;48;1;79;0;0;0;0;5;39;1;2;3;3;2;1;1;2;5;45;4;26;6;47;2;31;0;0;0;0;0;0;0;0;0;0;0;0;0;0;0;0;0;0;0;0;0;0;0;0;0;0;0;0;0;0;0;0;0;0
19.07.2024;16:26;A 41;1;3;20;2;2;3;30;0;0;0;0;2;38;1;1;7;25;5;19;4;40;2;81;0;0;1;55;0;0;0;0;0;0;1;2;0;0;0;0;0;0;0;0;0;0;0;0;0;0;0;0;0;0;0;0;0;0;0;0;0;0;0;0
19.07.2024;16:25;A 41;1;2;5;4;7;0;100;0;0;0;0;8;64;3;40;2;65;3;65;2;71;4;39;1;10;2;94;1;4;1;2;1;2;0;0;0;0;1;2;0;0;0;0;0;0;0;0;0;0;0;0;0;0;0;0;0;0;0;0;0;0;0;0
19.07.2024;16:24;A 41;1;3;30;8;22;2;58;0;0;0;0;14;45;0;0;3;85;3;58;1;39;7;70;1;4;9;34;1;37;0;0;0;0;0;0;0;0;0;0;0;0;0;0;0;0;0;0;0;0;0;0;0;0;0;0;0;0;0;0;0;0;0;0
19.07.2024;16:23;A 41;1;3;40;4;15;0;76;0;0;0;0;4;90;1;10;4;3;3;26;2;3;1;78;2;23;2;51;1;28;0;0;0;0;0;0;0;0;0;0;0;0;0;0;0;0;0;0;0;0;0;0;0;0;0;0;0;0;0;0;0;0;0;0
19.07.2024;16:22;A 41;1;3;21;5;11;3;38;0;0;0;0;5;86;1;82;2;6;10;31;2;8;3;39;0;2;4;86;0;89;0;0;0;0;0;0;0;0;0;0;1;2;1;2;0;0;0;0;0;0;0;0;0;0;0;0;0;0;0;0;0;0;0;0
19.07.2024;16:21;A 41;1;4;21;9;32;3;36;0;0;0;0;14;54;1;26;2;76;1;73;2;98;5;64;2;32;8;20;1;74;1;2;1;2;1;2;0;0;0;0;0;0;0;0;0;0;0;0;0;0;0;0;0;0;0;0;0;0;0;0;0;0;0;0
19.07.2024;16:20;A 41;1;5;37;4;35;1;83;0;0;0;0;3;73;2;78;8;57;6;49;2;57;4;65;2;41;5;41;1;82;0;0;0;0;0;0;0;0;0;0;0;0;0;0;0;0;0;0;0;0;0;0;0;0;0;0;0;0;0;0;0;0;0;0
19.07.2024;16:19;A 41;1;3;26;1;94;1;66;0;0;0;0;8;76;2;2;1;74;1;79;1;59;1;100;0;0;5;84;0;75;0;0;0;0;0;0;0;0;0;0;0;0;0;0;0;0;0;0;0;0;0;0;0;0;0;0;0;0;0;0;0;0;0;0
19.07.2024;16:18;A 41;1;5;56;3;73;0;100;0;0;0;0;8;73;3;9;2;71;1;68;1;8;3;93;4;30;6;57;2;43;0;0;0;0;0;0;0;0;1;2;1;2;1;2;0;0;0;0;0;0;0;0;0;0;0;0;0;0;0;0;0;0;0;0
19.07.2024;16:17;A 41;1;3;67;0;100;1;88;0;0;0;0;6;78;0;0;5;51;6;47;4;45;1;100;0;3;2;79;4;46;0;0;0;0;0;0;0;0;0;0;0;0;0;0;0;0;0;0;0;0;0;0;0;0;0;0;0;0;0;0;0;0;0;0
19.07.2024;16:16;A 41;1;1;12;1;82;1;54;0;0;0;0;10;79;1;1;2;46;2;26;0;0;5;21;1;17;1;20;1;64;0;0;0;0;0;0;0;0;0;0;0;0;0;0;0;0;0;0;0;0;0;0;0;0;0;0;0;0;0;0;0;0;0;0
19.07.2024;16:15;A 41;1;1;5;0;100;0;100;0;0;0;0;5;39;0;0;1;60;2;33;3;55;4;30;1;7;4;21;0;12;0;0;0;0;0;0;0;0;0;0;0;0;0;0;0;0;0;0;0;0;0;0;0;0;0;0;0;0;0;0;0;0;0;0
19.07.2024;16:14;A 41;1;7;21;2;94;3;50;0;0;0;0;7;76;1;2;2;2;2;2;1;1;4;87;2;5;4;53;1;42;0;0;0;0;0;0;0;0;0;0;0;0;0;0;0;0;0;0;0;0;0;0;0;0;0;0;0;0;0;0;0;0;0;0
19.07.2024;16:13;A 41;1;1;2;4;8;0;100;0;0;0;0;8;75;3;7;5;7;2;9;2;13;1;97;0;0;6;85;0;69;0;0;0;0;0;0;0;0;0;0;0;0;0;0;0;0;0;0;0;0;0;0;0;0;0;0;0;0;0;0;0;0;0;0
19.07.2024;16:12;A 41;1;9;23;6;20;0;100;0;0;0;0;8;76;2;6;2;65;3;74;2;72;3;52;3;14;1;32;1;37;0;0;0;0;0;0;0;0;0;0;1;2;1;2;0;0;0;0;0;0;0;0;0;0;0;0;0;0;0;0;0;0;0;0
19.07.2024;16:11;A 41;1;2;50;4;51;0;100;0;0;0;0;4;73;1;1;5;17;5;18;2;43;4;65;2;21;1;71;1;73;0;0;0;0;0;0;0;0;0;0;0;0;0;0;0;0;0;0;0;0;0;0;0;0;0;0;0;0;0;0;0;0;0;0
19.07.2024;16:10;A 41;1;3;11;7;17;0;100;0;0;0;0;17;54;1;1;0;0;0;0;3;85;8;45;3;30;4;25;1;98;0;0;0;0;0;0;0;0;0;0;0;0;0;0;0;0;0;0;0;0;0;0;0;0;0;0;0;0;0;0;0;0;0;0
19.07.2024;16:09;A 41;1;7;64;8;23;0;100;0;0;0;0;10;75;0;0;4;67;2;6;3;30;4;75;1;30;5;46;0;100;0;0;0;0;0;0;0;0;0;0;1;2;1;2;0;0;0;0;0;0;0;0;0;0;0;0;0;0;0;0;0;0;0;0
19.07.2024;16:08;A 41;1;3;44;5;40;0;100;0;0;0;0;7;80;0;0;9;44;7;28;2;8;15;76;8;52;3;58;2;97;0;0;0;0;1;2;0;0;0;0;0;0;0;0;0;0;0;0;0;0;0;0;0;0;0;0;0;0;0;0;0;0;0;0
19.07.2024;16:07;A 41;1;1;86;3;83;0;100;0;0;0;0;3;55;2;36;2;58;3;58;1;14;1;46;3;36;6;22;2;64;1;2;1;2;0;0;0;0;0;0;1;2;1;2;0;0;0;0;0;0;0;0;0;0;0;0;0;0;0;0;0;0;0;0
19.07.2024;16:06;A 41;1;5;44;5;33;0;100;0;0;0;0;10;41;5;50;1;50;1;39;0;0;0;100;2;79;5;70;2;70;0;0;0;0;0;0;0;0;1;2;0;0;0;0;0;0;0;0;0;0;0;0;0;0;0;0;0;0;0;0;0;0;0;0
19.07.2024;16:05;A 41;1;1;64;3;55;0;100;0;0;0;0;4;74;1;51;10;54;8;48;4;80;2;78;3;12;5;72;1;60;0;0;0;0;0;0;0;0;0;0;0;0;0;0;0;0;0;0;0;0;0;0;0;0;0;0;0;0;0;0;0;0;0;0
19.07.2024;16:04;A 41;1;6;29;8;20;2;52;0;0;0;0;9;65;1;1;5;44;6;53;2;88;0;100;5;53;11;77;2;55;0;0;0;0;0;0;0;0;0;0;0;0;0;0;0;0;0;0;0;0;0;0;0;0;0;0;0;0;0;0;0;0;0;0
19.07.2024;16:03;A 41;1;7;73;7;36;2;71;0;0;0;0;8;22;0;9;4;77;3;74;1;88;2;78;1;20;4;35;2;18;0;0;0;0;0;0;0;0;0;0;0;0;0;0;0;0;0;0;0;0;0;0;0;0;0;0;0;0;0;0;0;0;0;0
19.07.2024;16:02;A 41;1;3;70;2;63;3;58;0;0;0;0;4;62;2;28;2;43;4;42;2;20;4;71;0;34;2;81;1;63;0;0;0;0;0;0;0;0;0;0;0;0;0;0;0;0;0;0;0;0;0;0;0;0;0;0;0;0;0;0;0;0;0;0
19.07.2024;16:01;A 41;1;4;14;5;16;1;55;0;0;0;0;6;31;1;1;7;7;6;4;0;0;3;59;1;52;8;48;1;81;0;0;0;0;0;0;0;0;0;0;0;0;0;0;0;0;0;0;0;0;0;0;0;0;0;0;0;0;0;0;0;0;0;0
19.07.2024;16:00;A 41;1;4;50;6;19;0;100;0;0;0;0;13;33;2;21;1;2;1;1;1;3;2;45;1;14;4;22;1;65;0;0;0;0;0;0;0;0;0;0;0;0;0;0;0;0;0;0;0;0;0;0;0;0;0;0;0;0;0;0;0;0;0;0
19.07.2024;15:59;A 41;1;1;8;1;96;1;96;0;0;0;0;3;83;2;65;3;34;3;31;1;36;2;90;2;27;2;71;1;72;0;0;0;0;0;0;0;0;0;0;0;0;0;0;0;0;0;0;0;0;0;0;0;0;0;0;0;0;0;0;0;0;0;0
19.07.2024;15:58;A 41;1;7;30;1;91;0;100;0;0;0;0;15;70;0;50;3;70;3;50;1;71;7;58;2;13;5;16;3;7;0;0;0;0;0;0;0;0;0;0;0;0;0;0;0;0;0;0;0;0;0;0;0;0;0;0;0;0;0;0;0;0;0;0
19.07.2024;15:57;A 41;1;3;75;0;100;1;96;0;0;0;0;10;76;2;43;8;66;6;13;3;73;5;40;1;9;3;10;1;25;0;0;0;0;0;0;0;0;0;0;1;2;1;2;0;0;0;0;0;0;0;0;0;0;0;0;0;0;0;0;0;0;0;0
19.07.2024;15:56;A 41;1;0;100;0;100;0;100;0;0;0;0;10;23;2;2;1;97;1;98;1;71;2;38;4;31;5;27;3;24;0;0;0;0;0;0;0;0;0;0;0;0;0;0;0;0;0;0;0;0;0;0;0;0;0;0;0;0;0;0;0;0;0;0
19.07.2024;15:55;A 41;1;3;19;8;20;2;62;0;0;0;0;12;80;3;63;3;46;2;57;5;23;0;100;2;28;3;98;0;100;0;0;0;0;0;0;0;0;1;2;0;0;0;0;0;0;0;0;0;0;0;0;0;0;0;0;0;0;0;0;0;0;0;0
19.07.2024;15:54;A 41;1;7;32;9;39;4;54;0;0;0;0;8;84;3;77;3;61;0;100;1;87;0;100;2;17;7;80;1;46;0;0;1;2;1;2;0;0;0;0;0;0;0;0;0;0;0;0;0;0;0;0;0;0;0;0;0;0;0;0;0;0;0;0
19.07.2024;15:53;A 41;1;2;40;3;49;1;92;0;0;0;0;6;79;1;8;5;68;6;24;2;3;0;100;2;40;1;99;2;33;1;2;0;0;0;0;0;0;1;2;0;0;1;2;0;0;0;0;0;0;0;0;0;0;0;0;0;0;0;0;0;0;0;0
19.07.2024;15:52;A 41;1;4;9;7;24;3;39;0;0;0;0;5;91;1;0;2;20;1;1;0;0;2;97;3;35;3;85;1;45;0;0;0;0;0;0;0;0;0;0;1;2;0;0;0;0;0;0;0;0;0;0;0;0;0;0;0;0;0;0;0;0;0;0
19.07.2024;15:51;A 41;1;4;40;3;74;0;100;0;0;0;0;13;45;0;0;3;88;1;82;1;37;9;52;3;19;5;26;2;17;0;0;0;0;0;0;0;0;0;0;0;0;0;0;0;0;0;0;0;0;0;0;0;0;0;0;0;0;0;0;0;0;0;0
19.07.2024;15:50;A 41;1;7;19;3;61;0;100;0;0;0;0;7;80;1;2;4;67;3;9;1;44;3;63;2;27;5;52;1;75;0;0;0;0;0;0;0;0;0;0;0;0;0;0;0;0;0;0;0;0;0;0;0;0;0;0;0;0;0;0;0;0;0;0
19.07.2024;15:49;A 41;1;1;21;6;54;1;99;0;0;0;0;7;84;1;77;6;23;7;8;4;31;1;99;2;26;6;89;2;8;0;0;0;0;0;0;0;0;0;0;1;2;1;2;0;0;0;0;0;0;0;0;0;0;0;0;0;0;0;0;0;0;0;0
19.07.2024;15:48;A 41;1;4;62;7;51;1;96;0;0;0;0;13;43;1;2;0;0;0;0;0;86;1;95;8;40;12;50;2;37;0;0;0;0;0;0;0;0;0;0;0;0;0;0;0;0;0;0;0;0;0;0;0;0;0;0;0;0;0;0;0;0;0;0
19.07.2024;15:47;A 41;1;0;58;4;71;1;81;0;0;0;0;9;78;1;2;1;1;0;0;1;2;3;96;0;0;8;84;0;100;0;0;0;0;0;0;0;0;0;0;0;0;0;0;0;0;0;0;0;0;0;0;0;0;0;0;0;0;0;0;0;0;0;0
19.07.2024;15:46;A 41;1;6;28;5;16;1;23;0;0;0;0;10;79;2;16;6;8;3;2;1;4;1;99;4;26;6;77;1;100;0;0;0;0;0;0;0;0;0;0;0;0;0;0;0;0;0;0;0;0;0;0;0;0;0;0;0;0;0;0;0;0;0;0
19.07.2024;15:45;A 41;1;11;39;2;7;0;0;0;0;0;0;9;71;2;61;4;9;3;6;3;32;0;100;5;77;4;70;0;100;0;0;0;0;1;2;0;0;0;0;1;2;1;2;0;0;0;0;0;0;0;0;0;0;0;0;0;0;0;0;0;0;0;0
19.07.2024;15:44;A 41;1;4;57;7;55;2;84;0;0;0;0;1;91;1;27;6;24;5;24;4;40;5;47;0;0;1;71;1;97;1;2;1;2;0;0;0;0;0;0;0;0;0;0;0;0;0;0;0;0;0;0;0;0;0;0;0;0;0;0;0;0;0;0
19.07.2024;15:43;A 41;1;5;44;3;36;1;58;0;0;0;0;13;65;3;26;2;76;1;25;0;100;3;79;1;66;6;66;0;93;0;0;0;0;0;0;0;0;0;0;0;0;0;0;0;0;0;0;0;0;0;0;0;0;0;0;0;0;0;0;0;0;0;0
19.07.2024;15:42;A 41;1;5;33;6;71;1;88;0;0;0;0;14;40;0;11;3;92;1;90;3;91;3;52;5;46;6;62;3;60;0;0;0;0;0;0;0;0;0;0;0;0;0;0;0;0;0;0;0;0;0;0;0;0;0;0;0;0;0;0;0;0;0;0
19.07.2024;15:41;A 41;1;6;81;1;79;0;99;0;0;0;0;7;86;2;58;7;69;3;53;2;92;4;88;2;19;5;71;0;100;0;0;0;0;0;0;0;0;0;0;0;0;0;0;0;0;0;0;0;0;0;0;0;0;0;0;0;0;0;0;0;0;0;0
19.07.2024;15:40;A 41;1;3;19;4;40;1;56;0;0;0;0;8;72;2;1;5;50;3;43;3;32;0;100;3;30;8;82;1;95;0;0;0;0;0;0;0;0;0;0;0;0;0;0;0;0;0;0;0;0;0;0;0;0;0;0;0;0;0;0;0;0;0;0
19.07.2024;15:39;A 41;1;6;40;4;15;1;94;0;0;0;0;15;62;2;3;0;0;1;52;1;1;6;85;0;14;6;48;1;30;0;0;0;0;0;0;0;0;0;0;0;0;0;0;0;0;0;0;0;0;0;0;0;0;0;0;0;0;0;0;0;0;0;0
19.07.2024;15:38;A 41;1;3;33;4;9;1;45;0;0;0;0;8;83;0;9;4;60;5;56;2;69;4;88;5;31;4;75;2;91;0;0;0;0;0;0;0;0;0;0;0;0;1;2;0;0;0;0;0;0;0;0;0;0;0;0;0;0;0;0;0;0;0;0
19.07.2024;15:37;A 41;1;2;83;5;80;1;76;0;0;0;0;7;48;2;20;7;62;7;61;2;95;2;42;4;12;2;29;1;24;1;2;1;2;1;2;0;0;0;0;1;2;0;0;0;0;0;0;0;0;0;0;0;0;0;0;0;0;0;0;0;0;0;0
19.07.2024;15:36;A 41;1;3;64;5;73;1;73;0;0;0;0;24;42;2;11;0;100;0;100;1;3;5;41;1;8;5;42;1;5;0;0;0;0;0;0;0;0;1;2;0;0;0;0;0;0;0;0;0;0;0;0;0;0;0;0;0;0;0;0;0;0;0;0
19.07.2024;15:35;A 41;1;1;59;4;8;2;49;0;0;0;0;10;76;0;0;3;54;2;9;2;22;8;70;0;0;6;65;0;0;0;0;0;0;0;0;0;0;0;0;0;0;0;0;0;0;0;0;0;0;0;0;0;0;0;0;0;0;0;0;0;0;0;0
19.07.2024;15:34;A 41;1;4;24;5;18;1;1;0;0;0;0;6;85;4;19;3;10;3;7;2;4;5;67;4;25;6;51;1;85;0;0;0;0;0;0;0;0;0;0;1;2;1;2;0;0;0;0;0;0;0;0;0;0;0;0;0;0;0;0;0;0;0;0
19.07.2024;15:33;A 41;1;5;60;5;39;1;35;0;0;0;0;11;66;2;21;2;48;1;1;1;27;3;40;2;23;5;26;1;42;0;0;0;0;0;0;0;0;0;0;0;0;0;0;0;0;0;0;0;0;0;0;0;0;0;0;0;0;0;0;0;0;0;0
19.07.2024;15:32;A 41;1;2;43;1;1;1;52;0;0;0;0;4;85;0;100;3;38;4;38;4;45;4;54;1;21;5;84;1;89;0;0;0;0;0;0;0;0;0;0;0;0;0;0;0;0;0;0;0;0;0;0;0;0;0;0;0;0;0;0;0;0;0;0
19.07.2024;15:31;A 41;1;5;19;4;7;1;39;0;0;0;0;12;75;2;75;6;54;8;48;3;4;0;100;6;10;9;78;0;64;0;0;0;0;0;0;0;0;0;0;0;0;0;0;0;0;0;0;0;0;0;0;0;0;0;0;0;0;0;0;0;0;0;0
19.07.2024;15:30;A 41;1;7;24;5;11;2;34;0;0;0;0;8;82;3;91;4;37;4;53;2;57;4;72;5;30;8;86;0;100;0;0;0;0;0;0;0;0;0;0;1;2;1;2;0;0;0;0;0;0;0;0;0;0;0;0;0;0;0;0;0;0;0;0
19.07.2024;15:29;A 41;1;1;58;1;33;0;56;0;0;0;0;4;83;1;62;3;43;6;12;3;5;4;30;2;23;1;53;1;83;0;0;0;0;0;0;0;0;0;0;0;0;0;0;0;0;0;0;0;0;0;0;0;0;0;0;0;0;0;0;0;0;0;0
19.07.2024;15:28;A 41;1;5;50;5;38;0;100;0;0;0;0;10;71;0;0;8;56;4;22;2;22;2;57;2;28;4;71;0;100;0;0;0;0;0;0;0;0;0;0;0;0;0;0;0;0;0;0;0;0;0;0;0;0;0;0;0;0;0;0;0;0;0;0
19.07.2024;15:27;A 41;1;6;63;5;65;1;89;0;0;0;0;13;25;1;10;0;100;0;0;0;0;1;50;2;38;8;29;0;100;0;0;0;0;0;0;0;0;1;2;0;0;0;0;0;0;0;0;0;0;0;0;0;0;0;0;0;0;0;0;0;0;0;0
19.07.2024;15:26;A 41;1;2;13;4;20;1;91;0;0;0;0;8;76;3;32;8;57;5;43;1;45;6;72;3;25;3;67;2;73;0;0;0;0;0;0;0;0;0;0;0;0;0;0;0;0;0;0;0;0;0;0;0;0;0;0;0;0;0;0;0;0;0;0
19.07.2024;15:25;A 41;1;5;19;6;17;1;61;0;0;0;0;10;74;0;0;1;42;1;37;1;41;1;92;3;21;5;71;2;26;0;0;0;0;1;2;0;0;0;0;0;0;0;0;0;0;0;0;0;0;0;0;0;0;0;0;0;0;0;0;0;0;0;0
19.07.2024;15:24;A 41;1;5;33;4;60;0;100;0;0;0;0;11;71;4;39;2;58;4;77;3;62;2;76;0;12;7;46;1;6;1;2;1;2;0;0;0;0;0;0;0;0;0;0;0;0;0;0;0;0;0;0;0;0;0;0;0;0;0;0;0;0;0;0
19.07.2024;15:23;A 41;1;5;43;4;28;3;47;0;0;0;0;1;78;2;81;4;5;5;23;3;9;3;37;2;12;2;27;0;16;0;0;0;0;0;0;0;0;0;0;0;0;0;0;0;0;0;0;0;0;0;0;0;0;0;0;0;0;0;0;0;0;0;0
19.07.2024;15:22;A 41;1;3;9;5;17;2;60;0;0;0;0;9;82;1;69;3;7;3;6;4;23;0;90;4;40;6;82;0;100;0;0;0;0;0;0;0;0;0;0;1;2;1;2;0;0;0;0;0;0;0;0;0;0;0;0;0;0;0;0;0;0;0;0
19.07.2024;15:21;A 41;1;4;39;8;65;1;95;0;0;0;0;17;58;2;22;2;28;1;4;2;42;1;72;2;33;7;35;0;100;0;0;0;0;0;0;0;0;0;0;0;0;0;0;0;0;0;0;0;0;0;0;0;0;0;0;0;0;0;0;0;0;0;0
19.07.2024;15:20;A 41;1;1;62;3;46;2;57;0;0;0;0;7;82;1;2;8;45;5;42;6;86;2;25;1;21;2;68;0;100;0;0;0;0;0;0;0;0;0;0;0;0;0;0;0;0;0;0;0;0;0;0;0;0;0;0;0;0;0;0;0;0;0;0
19.07.2024;15:19;A 41;1;4;39;6;25;1;54;0;0;0;0;10;76;0;0;3;36;2;22;4;93;4;56;3;19;4;75;2;64;0;0;0;0;1;2;0;0;0;0;0;0;0;0;0;0;0;0;0;0;0;0;0;0;0;0;0;0;0;0;0;0;0;0
19.07.2024;15:18;A 41;1;4;74;6;17;2;82;0;0;0;0;15;37;1;7;3;91;2;90;2;93;4;69;6;34;9;30;3;32;1;2;1;2;0;0;0;0;0;0;0;0;0;0;0;0;0;0;0;0;0;0;0;0;0;0;0;0;0;0;0;0;0;0
19.07.2024;15:17;A 41;1;3;66;2;84;4;85;0;0;0;0;6;79;1;37;3;24;2;53;2;95;4;54;1;8;3;19;2;68;0;0;0;0;0;0;0;0;0;0;1;2;1;2;0;0;0;0;0;0;0;0;0;0;0;0;0;0;0;0;0;0;0;0
19.07.2024;15:16;A 41;1;4;89;1;84;0;100;0;0;0;0;3;43;1;2;8;65;8;75;3;82;5;48;3;10;1;45;1;8;0;0;0;0;0;0;0;0;0;0;0;0;0;0;0;0;0;0;0;0;0;0;0;0;0;0;0;0;0;0;0;0;0;0
19.07.2024;15:15;A 41;1;2;71;6;34;1;79;0;0;0;0;9;11;1;4;0;100;0;100;0;100;4;41;2;33;6;47;2;54;0;0;0;0;0;0;0;0;1;2;0;0;0;0;0;0;0;0;0;0;0;0;0;0;0;0;0;0;0;0;0;0;0;0
19.07.2024;15:14;A 41;1;1;53;2;20;0;68;0;0;0;0;7;56;2;2;5;25;4;16;3;38;4;66;0;0;3;58;1;99;0;0;0;0;0;0;0;0;0;0;0;0;0;0;0;0;0;0;0;0;0;0;0;0;0;0;0;0;0;0;0;0;0;0
19.07.2024;15:13;A 41;1;5;36;6;13;2;81;0;0;0;0;6;79;2;4;5;11;6;10;1;35;4;43;2;63;2;74;0;100;0;0;0;0;0;0;0;0;0;0;1;2;1;2;0;0;0;0;0;0;0;0;0;0;0;0;0;0;0;0;0;0;0;0
19.07.2024;15:12;A 41;1;2;38;6;22;1;81;0;0;0;0;19;39;0;0;3;92;4;94;2;94;4;34;2;15;7;14;2;91;0;0;0;0;0;0;0;0;0;0;0;0;0;0;0;0;0;0;0;0;0;0;0;0;0;0;0;0;0;0;0;0;0;0
19.07.2024;15:11;A 41;1;2;60;1;60;0;84;0;0;0;0;1;64;1;72;6;62;3;62;2;40;5;55;2;15;1;4;2;24;0;0;0;0;0;0;0;0;0;0;0;0;0;0;0;0;0;0;0;0;0;0;0;0;0;0;0;0;0;0;0;0;0;0
19.07.2024;15:10;A 41;1;6;36;4;8;0;100;0;0;0;0;7;58;1;10;5;62;3;36;1;20;5;77;1;99;8;49;2;98;0;0;0;0;0;0;0;0;0;0;0;0;0;0;0;0;0;0;0;0;0;0;0;0;0;0;0;0;0;0;0;0;0;0
19.07.2024;15:09;A 41;1;5;62;6;27;1;89;0;0;0;0;10;79;2;33;5;65;3;66;5;85;2;71;10;88;5;42;2;95;0;0;0;0;0;0;0;0;0;0;0;0;0;0;0;0;0;0;0;0;0;0;0;0;0;0;0;0;0;0;0;0;0;0
19.07.2024;15:08;A 41;1;0;0;2;5;0;72;0;0;0;0;10;72;1;14;4;57;2;5;2;91;5;60;1;12;6;43;1;13;0;0;0;0;0;0;0;0;0;0;1;2;1;2;0;0;0;0;0;0;0;0;0;0;0;0;0;0;0;0;0;0;0;0
19.07.2024;15:07;A 41;1;4;51;1;69;0;100;0;0;0;0;9;56;2;2;12;66;2;51;3;93;3;44;3;6;1;38;1;4;1;2;1;2;1;2;0;0;0;0;0;0;0;0;0;0;0;0;0;0;0;0;0;0;0;0;0;0;0;0;0;0;0;0
19.07.2024;15:06;A 41;1;2;11;10;65;1;70;0;0;0;0;4;7;4;11;0;100;0;100;0;100;1;69;1;9;9;51;2;61;0;0;0;0;0;0;0;0;1;2;0;0;0;0;0;0;0;0;0;0;0;0;0;0;0;0;0;0;0;0;0;0;0;0
19.07.2024;15:05;A 41;1;1;37;2;10;2;34;0;0;0;0;6;32;0;0;2;48;5;17;2;65;3;70;7;62;3;56;1;64;0;0;0;0;0;0;0;0;0;0;0;0;0;0;0;0;0;0;0;0;0;0;0;0;0;0;0;0;0;0;0;0;0;0
19.07.2024;15:04;A 41;1;3;10;3;8;0;17;0;0;0;0;13;71;2;89;1;67;0;0;1;73;1;84;3;72;8;65;2;95;0;0;0;0;0;0;0;0;0;0;0;0;0;0;0;0;0;0;0;0;0;0;0;0;0;0;0;0;0;0;0;0;0;0
19.07.2024;15:03;A 41;1;2;66;8;23;3;88;0;0;0;0;9;78;3;88;5;23;2;8;0;0;0;100;2;40;7;85;2;62;0;0;0;0;0;0;0;0;0;0;1;2;1;2;0;0;0;0;0;0;0;0;0;0;0;0;0;0;0;0;0;0;0;0
19.07.2024;15:02;A 41;1;0;100;4;18;1;64;0;0;0;0;1;84;1;77;4;27;6;27;0;0;1;82;2;21;3;69;1;52;0;0;0;0;0;0;0;0;0;0;0;0;0;0;0;0;0;0;0;0;0;0;0;0;0;0;0;0;0;0;0;0;0;0
19.07.2024;15:01;A 41;1;0;100;3;5;1;36;0;0;0;0;11;77;1;1;1;14;1;15;0;0;3;28;1;12;0;62;0;72;0;0;0;0;0;0;0;0;0;0;0;0;0;0;0;0;0;0;0;0;0;0;0;0;0;0;0;0;0;0;0;0;0;0
19.07.2024;15:00;A 41;1;0;100;6;32;1;36;0;0;0;0;11;63;2;17;0;80;2;74;1;72;1;63;4;15;5;51;1;82;0;0;0;0;0;0;0;0;0;0;0;0;0;0;0;0;0;0;0;0;0;0;0;0;0;0;0;0;0;0;0;0;0;0
19.07.2024;14:59;A 41;1;1;98;4;51;0;83;0;0;0;0;4;78;1;1;6;56;4;50;3;77;0;100;2;29;4;63;1;84;0;0;0;0;0;0;0;0;0;0;0;0;0;0;0;0;0;0;0;0;0;0;0;0;0;0;0;0;0;0;0;0;0;0
19.07.2024;14:58;A 41;1;4;12;4;9;2;52;0;0;0;0;13;58;2;28;5;68;8;67;3;47;0;100;0;70;11;69;0;100;0;0;0;0;0;0;0;0;0;0;0;0;0;0;0;0;0;0;0;0;0;0;0;0;0;0;0;0;0;0;0;0;0;0
19.07.2024;14:57;A 41;1;5;15;8;16;2;42;0;0;0;0;5;41;2;4;3;41;2;39;1;0;0;100;2;85;6;85;0;100;0;0;0;0;0;0;0;0;0;0;1;2;1;2;0;0;0;0;0;0;0;0;0;0;0;0;0;0;0;0;0;0;0;0
19.07.2024;14:56;A 41;1;2;35;5;22;2;41;0;0;0;0;1;46;1;1;5;30;8;22;3;47;1;100;0;100;1;86;0;100;0;0;0;0;1;2;0;0;0;0;0;0;0;0;0;0;0;0;0;0;0;0;0;0;0;0;0;0;0;0;0;0;0;0
19.07.2024;14:55;A 41;1;4;19;2;13;1;99;0;0;0;0;11;55;3;20;3;38;4;15;2;58;5;70;0;100;6;30;0;100;1;2;1;2;0;0;0;0;1;2;0;0;0;0;0;0;0;0;0;0;0;0;0;0;0;0;0;0;0;0;0;0;0;0
19.07.2024;14:54;A 41;1;6;16;7;21;2;88;0;0;0;0;16;60;2;2;1;1;0;0;0;0;4;34;2;57;1;20;1;100;0;0;0;0;0;0;0;0;0;0;0;0;0;0;0;0;0;0;0;0;0;0;0;0;0;0;0;0;0;0;0;0;0;0
19.07.2024;14:53;A 41;1;0;68;3;15;0;60;0;0;0;0;7;80;0;0;3;42;1;39;1;45;3;64;2;18;4;80;0;100;0;0;0;0;0;0;0;0;0;0;0;0;0;0;0;0;0;0;0;0;0;0;0;0;0;0;0;0;0;0;0;0;0;0
19.07.2024;14:52;A 41;1;2;98;2;3;0;100;0;0;0;0;4;89;2;96;9;21;10;31;4;16;1;100;0;96;3;62;0;100;0;0;0;0;0;0;0;0;0;0;1;2;1;2;0;0;0;0;0;0;0;0;0;0;0;0;0;0;0;0;0;0;0;0
19.07.2024;14:51;A 41;1;0;100;7;25;3;66;0;0;0;0;9;75;3;40;2;93;0;89;1;98;1;84;1;87;13;51;0;100;0;0;0;0;0;0;0;0;0;0;0;0;0;0;0;0;0;0;0;0;0;0;0;0;0;0;0;0;0;0;0;0;0;0
19.07.2024;14:50;A 41;1;0;100;7;61;4;87;0;0;0;0;4;92;2;3;7;57;5;41;4;54;2;90;2;96;2;91;2;89;0;0;0;0;1;2;0;0;0;0;0;0;0;0;0;0;0;0;0;0;0;0;0;0;0;0;0;0;0;0;0;0;0;0
19.07.2024;14:49;A 41;1;0;100;6;19;1;46;0;0;0;0;9;79;4;75;1;59;2;58;2;67;0;100;1;75;3;74;2;74;1;2;1;2;0;0;0;0;0;0;0;0;0;0;0;0;0;0;0;0;0;0;0;0;0;0;0;0;0;0;0;0;0;0
19.07.2024;14:48;A 41;1;6;70;5;38;14;82;0;0;0;0;9;75;2;50;4;67;3;3;1;1;0;100;5;45;8;82;1;46;0;0;0;0;0;0;0;0;0;0;1;2;1;2;0;0;0;0;0;0;0;0;0;0;0;0;0;0;0;0;0;0;0;0
19.07.2024;14:47;A 41;1;2;5;1;41;4;94;0;0;0;0;2;31;2;17;3;46;2;2;0;0;1;95;3;15;4;76;2;94;0;0;0;0;0;0;0;0;0;0;0;0;0;0;0;0;0;0;0;0;0;0;0;0;0;0;0;0;0;0;0;0;0;0
19.07.2024;14:46;A 41;1;1;74;3;81;0;100;0;0;0;0;5;52;0;0;8;70;6;7;1;72;0;100;3;43;5;54;3;33;0;0;0;0;0;0;0;0;0;0;0;0;0;0;0;0;0;0;0;0;0;0;0;0;0;0;0;0;0;0;0;0;0;0
19.07.2024;14:45;A 41;1;5;42;5;56;1;85;0;0;0;0;10;24;2;17;0;100;0;0;0;100;1;93;6;70;10;73;3;75;0;0;0;0;0;0;0;0;1;2;0;0;0;0;0;0;0;0;0;0;0;0;0;0;0;0;0;0;0;0;0;0;0;0
19.07.2024;14:44;A 41;1;5;31;5;56;0;89;0;0;0;0;2;78;2;2;4;54;3;32;4;80;4;70;0;100;3;85;0;100;0;0;0;0;0;0;0;0;0;0;0;0;1;2;0;0;0;0;0;0;0;0;0;0;0;0;0;0;0;0;0;0;0;0
19.07.2024;14:43;A 41;1;5;21;9;22;4;55;0;0;0;0;4;48;1;24;6;26;5;25;5;62;0;100;0;100;4;77;0;100;0;0;0;0;0;0;0;0;0;0;1;2;0;0;0;0;0;0;0;0;0;0;0;0;0;0;0;0;0;0;0;0;0;0
19.07.2024;14:42;A 41;1;2;53;5;21;1;94;0;0;0;0;17;32;3;19;3;95;3;74;2;69;3;41;0;100;6;26;0;100;0;0;0;0;0;0;0;0;0;0;0;0;0;0;0;0;0;0;0;0;0;0;0;0;0;0;0;0;0;0;0;0;0;0
19.07.2024;14:41;A 41;1;5;14;4;19;2;24;0;0;0;0;0;100;0;100;2;2;1;0;2;16;4;50;0;100;1;84;0;100;0;0;0;0;1;2;0;0;0;0;0;0;0;0;0;0;0;0;0;0;0;0;0;0;0;0;0;0;0;0;0;0;0;0
19.07.2024;14:40;A 41;1;1;32;0;16;0;100;0;0;0;0;8;79;1;83;3;3;3;3;4;90;1;75;2;88;6;67;0;100;1;2;1;2;0;0;0;0;0;0;0;0;0;0;0;0;0;0;0;0;0;0;0;0;0;0;0;0;0;0;0;0;0;0
19.07.2024;14:39;A 41;1;4;70;4;82;2;98;0;0;0;0;14;56;1;16;3;93;2;90;2;96;2;62;1;49;6;42;0;100;0;0;0;0;0;0;0;0;0;0;0;0;0;0;0;0;0;0;0;0;0;0;0;0;0;0;0;0;0;0;0;0;0;0
19.07.2024;14:38;A 41;1;9;78;1;95;1;98;0;0;0;0;5;77;3;68;8;26;4;55;2;96;2;45;2;67;4;57;1;52;0;0;0;0;0;0;0;0;0;0;0;0;0;0;0;0;0;0;0;0;0;0;0;0;0;0;0;0;0;0;0;0;0;0
19.07.2024;14:37;A 41;1;5;93;3;94;0;100;0;0;0;0;2;51;2;1;8;65;2;63;2;90;5;92;4;37;4;53;4;56;0;0;0;0;0;0;0;0;0;0;1;2;1;2;0;0;0;0;0;0;0;0;0;0;0;0;0;0;0;0;0;0;0;0
19.07.2024;14:36;A 41;1;5;88;1;93;0;100;0;0;0;0;15;28;4;6;0;100;1;92;0;100;0;100;2;36;9;56;2;45;0;0;0;0;0;0;0;0;1;2;0;0;0;0;0;0;0;0;0;0;0;0;0;0;0;0;0;0;0;0;0;0;0;0
19.07.2024;14:35;A 41;1;5;56;4;71;0;100;0;0;0;0;6;12;1;49;4;61;0;37;2;95;0;100;3;25;8;67;1;62;0;0;0;0;0;0;0;0;0;0;0;0;0;0;0;0;0;0;0;0;0;0;0;0;0;0;0;0;0;0;0;0;0;0
19.07.2024;14:34;A 41;1;4;16;5;5;5;62;0;0;0;0;14;67;1;44;1;67;2;58;1;68;9;71;2;67;5;61;2;67;0;0;0;0;0;0;0;0;0;0;0;0;0;0;0;0;0;0;0;0;0;0;0;0;0;0;0;0;0;0;0;0;0;0
19.07.2024;14:33;A 41;1;7;40;7;52;2;95;0;0;0;0;6;56;0;15;1;20;2;46;2;3;4;67;3;10;6;45;1;34;0;0;0;0;0;0;0;0;0;0;0;0;0;0;0;0;0;0;0;0;0;0;0;0;0;0;0;0;0;0;0;0;0;0
19.07.2024;14:32;A 41;1;1;2;1;2;0;54;0;0;0;0;6;79;1;76;9;47;7;10;1;1;1;69;2;16;3;31;1;67;0;0;0;0;0;0;0;0;0;0;1;2;1;2;0;0;0;0;0;0;0;0;0;0;0;0;0;0;0;0;0;0;0;0
19.07.2024;14:31;A 41;1;4;11;3;7;1;32;0;0;0;0;13;70;3;52;6;55;3;1;1;1;0;100;2;19;7;71;2;27;0;0;0;0;0;0;0;0;0;0;0;0;0;0;0;0;0;0;0;0;0;0;0;0;0;0;0;0;0;0;0;0;0;0
19.07.2024;14:30;A 41;1;4;19;5;8;4;20;0;0;0;0;10;76;2;35;2;48;5;39;1;1;0;100;0;0;5;81;0;46;0;0;0;0;1;2;0;0;0;0;1;2;1;2;0;0;0;0;0;0;0;0;0;0;0;0;0;0;0;0;0;0;0;0
19.07.2024;14:29;A 41;1;1;67;6;66;0;100;0;0;0;0;4;76;1;45;2;36;4;3;1;39;1;83;2;28;2;77;1;66;1;2;1;2;0;0;0;0;0;0;0;0;0;0;0;0;0;0;0;0;0;0;0;0;0;0;0;0;0;0;0;0;0;0
19.07.2024;14:28;A 41;1;1;94;6;79;0;100;0;0;0;0;0;0;0;0;8;74;8;58;2;5;3;28;2;32;2;56;4;9;0;0;0;0;0;0;0;0;0;0;0;0;0;0;0;0;0;0;0;0;0;0;0;0;0;0;0;0;0;0;0;0;0;0
19.07.2024;14:27;A 41;1;5;59;6;39;0;100;0;0;0;0;12;34;3;10;0;100;0;100;1;1;2;77;1;14;10;41;2;6;0;0;0;0;0;0;0;0;1;2;0;0;0;0;0;0;0;0;0;0;0;0;0;0;0;0;0;0;0;0;0;0;0;0
19.07.2024;14:26;A 41;1;1;40;2;34;1;69;0;0;0;0;7;83;2;50;3;42;5;10;3;33;3;29;2;19;1;10;1;45;0;0;0;0;0;0;0;0;0;0;0;0;0;0;0;0;0;0;0;0;0;0;0;0;0;0;0;0;0;0;0;0;0;0
19.07.2024;14:25;A 41;1;2;30;5;18;1;50;0;0;0;0;9;80;3;30;6;49;4;2;4;48;4;85;2;23;5;47;2;18;0;0;0;0;0;0;0;0;0;0;0;0;0;0;0;0;0;0;0;0;0;0;0;0;0;0;0;0;0;0;0;0;0;0
19.07.2024;14:24;A 41;1;5;22;5;42;3;91;0;0;0;0;11;67;2;19;0;0;0;0;2;76;3;24;1;6;3;23;1;25;0;0;0;0;0;0;0;0;0;0;0;0;0;0;0;0;0;0;0;0;0;0;0;0;0;0;0;0;0;0;0;0;0;0
19.07.2024;14:23;A 41;1;4;62;5;13;0;52;0;0;0;0;5;77;3;9;6;48;5;12;5;84;5;73;1;18;5;63;1;79;0;0;0;0;0;0;0;0;0;0;1;2;1;2;0;0;0;0;0;0;0;0;0;0;0;0;0;0;0;0;0;0;0;0
19.07.2024;14:22;A 41;1;5;42;9;22;2;72;0;0;0;0;3;53;0;51;3;68;1;0;1;66;5;71;5;10;0;54;1;3;0;0;0;0;0;0;0;0;0;0;0;0;0;0;0;0;0;0;0;0;0;0;0;0;0;0;0;0;0;0;0;0;0;0
19.07.2024;14:21;A 41;1;4;53;6;20;1;96;0;0;0;0;15;40;1;9;2;79;1;1;1;81;4;67;4;18;7;17;1;25;0;0;0;0;0;0;0;0;0;0;0;0;0;0;0;0;0;0;0;0;0;0;0;0;0;0;0;0;0;0;0;0;0;0
19.07.2024;14:20;A 41;1;4;57;2;10;2;74;0;0;0;0;1;52;2;1;3;46;0;0;0;0;4;62;7;48;4;70;2;23;0;0;0;0;0;0;0;0;0;0;0;0;0;0;0;0;0;0;0;0;0;0;0;0;0;0;0;0;0;0;0;0;0;0
19.07.2024;14:19;A 41;1;3;16;3;10;0;100;0;0;0;0;2;66;2;2;13;44;9;9;1;38;2;87;3;69;7;61;1;97;0;0;0;0;0;0;0;0;0;0;0;0;1;2;0;0;0;0;0;0;0;0;0;0;0;0;0;0;0;0;0;0;0;0
19.07.2024;14:18;A 41;1;3;47;4;10;0;100;0;0;0;0;18;37;2;5;4;94;3;91;2;95;3;71;1;39;12;34;0;100;0;0;0;0;0;0;0;0;0;0;1;2;0;0;0;0;0;0;0;0;0;0;0;0;0;0;0;0;0;0;0;0;0;0
19.07.2024;14:17;A 41;1;2;13;3;47;0;100;0;0;0;0;5;70;0;0;6;59;6;57;3;60;6;70;2;85;2;69;0;100;0;0;0;0;0;0;0;0;0;0;0;0;0;0;0;0;0;0;0;0;0;0;0;0;0;0;0;0;0;0;0;0;0;0
19.07.2024;14:16;A 41;1;6;13;5;14;0;100;0;0;0;0;10;64;1;25;5;71;4;66;3;55;1;99;2;42;10;74;2;73;0;0;0;0;0;0;0;0;0;0;0;0;0;0;0;0;0;0;0;0;0;0;0;0;0;0;0;0;0;0;0;0;0;0
19.07.2024;14:15;A 41;1;4;21;3;53;2;98;0;0;0;0;12;60;2;10;4;40;1;1;1;1;5;50;0;0;2;29;0;20;0;0;0;0;0;0;0;0;0;0;0;0;0;0;0;0;0;0;0;0;0;0;0;0;0;0;0;0;0;0;0;0;0;0
19.07.2024;14:14;A 41;1;3;68;4;69;0;100;0;0;0;0;5;49;3;7;7;76;7;64;4;91;4;35;2;26;1;54;2;94;0;0;0;0;1;2;0;0;1;2;0;0;0;0;0;0;0;0;0;0;0;0;0;0;0;0;0;0;0;0;0;0;0;0
19.07.2024;14:13;A 41;1;3;31;7;21;1;55;0;0;0;0;2;39;1;1;2;47;3;45;1;90;0;93;2;16;6;55;2;64;1;2;1;2;0;0;0;0;0;0;0;0;0;0;0;0;0;0;0;0;0;0;0;0;0;0;0;0;0;0;0;0;0;0
19.07.2024;14:12;A 41;1;2;70;6;39;1;100;0;0;0;0;13;41;0;0;2;6;0;0;2;11;0;100;1;57;12;68;2;89;0;0;0;0;0;0;0;0;0;0;0;0;0;0;0;0;0;0;0;0;0;0;0;0;0;0;0;0;0;0;0;0;0;0
19.07.2024;14:11;A 41;1;4;22;5;68;0;97;0;0;0;0;4;61;1;4;2;16;3;4;3;34;4;95;2;16;4;40;1;20;0;0;0;0;0;0;0;0;0;0;1;2;1;2;0;0;0;0;0;0;0;0;0;0;0;0;0;0;0;0;0;0;0;0
19.07.2024;14:10;A 41;1;6;20;2;94;0;100;0;0;0;0;2;35;1;28;5;6;4;3;4;14;3;88;1;92;7;50;4;89;0;0;0;0;0;0;0;0;0;0;0;0;0;0;0;0;0;0;0;0;0;0;0;0;0;0;0;0;0;0;0;0;0;0
19.07.2024;14:09;A 41;1;5;27;6;58;1;62;0;0;0;0;12;30;2;16;2;51;0;0;3;85;1;73;0;100;8;39;2;56;0;0;0;0;0;0;0;0;0;0;0;0;0;0;0;0;0;0;0;0;0;0;0;0;0;0;0;0;0;0;0;0;0;0
19.07.2024;14:08;A 41;1;3;54;5;18;0;82;0;0;0;0;3;69;1;1;12;56;9;46;2;41;1;86;0;100;1;68;1;21;0;0;0;0;0;0;0;0;0;0;1;2;1;2;0;0;0;0;0;0;0;0;0;0;0;0;0;0;0;0;0;0;0;0
19.07.2024;14:07;A 41;1;4;33;4;9;2;42;0;0;0;0;3;59;1;57;4;64;4;51;1;64;2;81;0;100;2;64;1;76;0;0;0;0;0;0;0;0;0;0;0;0;0;0;0;0;0;0;0;0;0;0;0;0;0;0;0;0;0;0;0;0;0;0
19.07.2024;14:06;A 41;1;3;26;7;16;1;63;0;0;0;0;16;45;3;23;1;40;1;33;2;47;2;73;0;100;13;60;2;40;0;0;0;0;0;0;0;0;0;0;0;0;0;0;0;0;0;0;0;0;0;0;0;0;0;0;0;0;0;0;0;0;0;0
19.07.2024;14:05;A 41;1;3;59;2;35;0;63;0;0;0;0;2;24;2;6;1;35;1;1;0;38;0;100;0;100;4;80;2;83;0;0;0;0;0;0;0;0;0;0;0;0;0;0;0;0;0;0;0;0;0;0;0;0;0;0;0;0;0;0;0;0;0;0
19.07.2024;14:04;A 41;1;5;17;5;9;1;38;0;0;0;0;10;70;1;51;5;5;4;2;4;31;0;100;3;80;4;90;1;93;0;0;0;0;0;0;0;0;1;2;0;0;0;0;0;0;0;0;0;0;0;0;0;0;0;0;0;0;0;0;0;0;0;0
19.07.2024;14:03;A 41;1;6;21;6;11;0;0;0;0;0;0;2;53;4;41;1;32;1;29;0;0;1;91;4;39;2;89;0;100;0;0;0;0;1;2;0;0;0;0;0;0;1;2;0;0;0;0;0;0;0;0;0;0;0;0;0;0;0;0;0;0;0;0
19.07.2024;14:02;A 41;1;4;12;2;4;1;2;0;0;0;0;9;20;2;16;0;0;0;0;0;0;3;77;4;46;6;59;1;98;1;2;1;2;0;0;0;0;0;0;1;2;0;0;0;0;0;0;0;0;0;0;0;0;0;0;0;0;0;0;0;0;0;0
19.07.2024;14:01;A 41;1;2;10;3;5;1;21;0;0;0;0;1;86;0;97;4;6;7;6;2;2;6;75;2;73;1;44;0;100;0;0;0;0;0;0;0;0;0;0;1;2;1;2;0;0;0;0;0;0;0;0;0;0;0;0;0;0;0;0;0;0;0;0
19.07.2024;14:00;A 41;1;4;49;6;23;1;99;0;0;0;0;16;20;2;25;1;38;0;0;0;0;3;65;3;24;8;24;0;100;0;0;0;0;0;0;0;0;0;0;0;0;0;0;0;0;0;0;0;0;0;0;0;0;0;0;0;0;0;0;0;0;0;0
19.07.2024;13:59;A 41;1;0;64;2;8;1;64;0;0;0;0;6;11;2;56;6;45;4;3;2;74;4;38;2;32;1;72;1;96;0;0;0;0;0;0;0;0;0;0;0;0;0;0;0;0;0;0;0;0;0;0;0;0;0;0;0;0;0;0;0;0;0;0
19.07.2024;13:58;A 41;1;2;52;6;14;1;37;0;0;0;0;12;70;1;55;4;21;2;2;2;50;1;10;1;24;2;63;1;17;0;0;0;0;0;0;0;0;0;0;0;0;0;0;0;0;0;0;0;0;0;0;0;0;0;0;0;0;0;0;0;0;0;0
19.07.2024;13:57;A 41;1;2;6;5;16;1;29;0;0;0;0;12;42;7;17;2;86;0;89;3;81;6;46;3;19;3;7;2;65;0;0;0;0;0;0;0;0;0;0;0;0;0;0;0;0;0;0;0;0;0;0;0;0;0;0;0;0;0;0;0;0;0;0
19.07.2024;13:56;A 41;1;3;25;7;21;3;62;0;0;0;0;4;82;1;59;2;45;2;58;1;54;4;44;3;38;1;37;1;49;0;0;0;0;1;2;0;0;1;2;0;0;0;0;0;0;0;0;0;0;0;0;0;0;0;0;0;0;0;0;0;0;0;0
19.07.2024;13:55;A 41;1;1;0;0;0;0;0;0;0;0;0;8;55;1;4;1;32;2;18;1;13;6;41;3;17;6;52;2;55;1;2;1;2;0;0;0;0;0;0;0;0;0;0;0;0;0;0;0;0;0;0;0;0;0;0;0;0;0;0;0;0;0;0
19.07.2024;13:54;A 41;1;6;54;2;6;1;69;0;0;0;0;11;50;0;0;3;6;1;51;2;63;5;52;1;2;7;18;1;30;0;0;0;0;0;0;0;0;0;0;0;0;0;0;0;0;0;0;0;0;0;0;0;0;0;0;0;0;0;0;0;0;0;0
19.07.2024;13:53;A 41;1;3;19;1;10;2;81;0;0;0;0;4;75;1;4;4;20;3;5;3;39;4;26;4;33;2;39;0;100;0;0;0;0;0;0;0;0;0;0;1;2;1;2;0;0;0;0;0;0;0;0;0;0;0;0;0;0;0;0;0;0;0;0
19.07.2024;13:52;A 41;1;2;13;1;9;0;100;0;0;0;0;10;75;1;6;2;2;7;5;2;3;1;96;3;12;8;76;2;52;0;0;0;0;0;0;0;0;0;0;0;0;0;0;0;0;0;0;0;0;0;0;0;0;0;0;0;0;0;0;0;0;0;0
19.07.2024;13:51;A 41;1;5;55;7;50;1;91;0;0;0;0;15;41;1;1;0;87;1;2;0;0;3;70;0;68;9;32;1;72;0;0;0;0;0;0;0;0;0;0;0;0;0;0;0;0;0;0;0;0;0;0;0;0;0;0;0;0;0;0;0;0;0;0
19.07.2024;13:50;A 41;1;3;10;2;2;2;7;0;0;0;0;6;87;2;63;4;43;4;25;3;32;2;73;0;100;4;77;0;100;0;0;0;0;0;0;0;0;0;0;0;0;1;2;0;0;0;0;0;0;0;0;0;0;0;0;0;0;0;0;0;0;0;0
19.07.2024;13:49;A 41;1;4;10;1;1;1;3;0;0;0;0;5;88;2;84;3;18;8;20;3;29;4;76;1;89;5;91;1;98;0;0;0;0;0;0;0;0;0;0;1;2;0;0;0;0;0;0;0;0;0;0;0;0;0;0;0;0;0;0;0;0;0;0
19.07.2024;13:48;A 41;1;2;6;4;12;2;64;0;0;0;0;14;39;1;17;2;84;0;0;2;95;4;85;1;84;10;40;3;98;0;0;0;0;0;0;0;0;0;0;0;0;0;0;0;0;0;0;0;0;0;0;0;0;0;0;0;0;0;0;0;0;0;0
19.07.2024;13:47;A 41;1;1;45;1;40;0;65;0;0;0;0;7;75;1;3;2;39;3;43;2;83;6;91;1;100;5;66;0;100;0;0;0;0;0;0;0;0;0;0;0;0;0;0;0;0;0;0;0;0;0;0;0;0;0;0;0;0;0;0;0;0;0;0
19.07.2024;13:46;A 41;1;2;39;7;20;1;78;0;0;0;0;12;73;0;0;4;52;2;70;3;86;0;100;6;74;6;71;0;100;0;0;0;0;0;0;0;0;0;0;0;0;1;2;0;0;0;0;0;0;0;0;0;0;0;0;0;0;0;0;0;0;0;0
19.07.2024;13:45;A 41;1;5;57;6;20;1;70;0;0;0;0;8;78;3;20;2;74;6;62;1;70;3;98;3;84;4;83;1;98;0;0;0;0;0;0;0;0;1;2;1;2;0;0;0;0;0;0;0;0;0;0;0;0;0;0;0;0;0;0;0;0;0;0
19.07.2024;13:44;A 41;1;2;5;2;9;1;38;0;0;0;0;0;100;2;1;5;9;4;3;3;14;5;61;3;82;1;68;0;100;0;0;0;0;1;2;0;0;0;0;0;0;0;0;0;0;0;0;0;0;0;0;0;0;0;0;0;0;0;0;0;0;0;0
19.07.2024;13:43;A 41;1;3;27;8;23;1;90;0;0;0;0;9;73;3;48;3;61;2;2;3;67;9;63;6;49;2;53;0;100;1;2;1;2;0;0;0;0;0;0;0;0;0;0;0;0;0;0;0;0;0;0;0;0;0;0;0;0;0;0;0;0;0;0
19.07.2024;13:42;A 41;1;2;51;5;76;1;88;0;0;0;0;16;51;0;11;3;89;2;77;2;81;3;59;2;47;10;37;1;99;0;0;0;0;0;0;0;0;0;0;0;0;0;0;0;0;0;0;0;0;0;0;0;0;0;0;0;0;0;0;0;0;0;0
19.07.2024;13:41;A 41;1;4;7;4;5;4;12;0;0;0;0;0;100;1;55;6;7;4;3;3;4;2;94;3;95;0;100;0;100;0;0;0;0;0;0;0;0;0;0;0;0;0;0;0;0;0;0;0;0;0;0;0;0;0;0;0;0;0;0;0;0;0;0
19.07.2024;13:40;A 41;1;1;11;5;8;4;38;0;0;0;0;3;45;0;0;2;50;0;1;0;1;2;78;2;11;8;52;1;61;1;2;1;2;1;2;0;0;0;0;0;0;0;0;0;0;0;0;0;0;0;0;0;0;0;0;0;0;0;0;0;0;0;0
19.07.2024;13:39;A 41;1;1;8;4;54;2;98;0;0;0;0;21;35;4;5;4;93;3;62;1;87;4;44;3;13;6;16;1;70;0;0;0;0;0;0;0;0;0;0;0;0;0;0;0;0;0;0;0;0;0;0;0;0;0;0;0;0;0;0;0;0;0;0
19.07.2024;13:38;A 41;1;0;24;2;10;0;45;0;0;0;0;7;84;0;0;5;26;3;11;3;64;3;82;2;24;2;82;2;51;0;0;0;0;0;0;0;0;0;0;0;0;1;2;0;0;0;0;0;0;0;0;0;0;0;0;0;0;0;0;0;0;0;0
19.07.2024;13:37;A 41;1;5;36;6;17;1;99;0;0;0;0;7;53;3;7;2;55;2;54;1;71;2;72;1;9;6;71;1;70;0;0;0;0;0;0;0;0;1;2;1;2;0;0;0;0;0;0;0;0;0;0;0;0;0;0;0;0;0;0;0;0;0;0
19.07.2024;13:36;A 41;1;5;41;9;30;0;100;0;0;0;0;15;47;4;15;2;87;1;77;1;94;4;48;4;38;9;29;3;46;0;0;0;0;0;0;0;0;0;0;0;0;0;0;0;0;0;0;0;0;0;0;0;0;0;0;0;0;0;0;0;0;0;0
19.07.2024;13:35;A 41;1;0;0;2;4;2;48;0;0;0;0;3;89;1;79;6;6;7;3;3;3;2;35;2;12;2;83;1;5;0;0;0;0;0;0;0;0;0;0;0;0;0;0;0;0;0;0;0;0;0;0;0;0;0;0;0;0;0;0;0;0;0;0
19.07.2024;13:34;A 41;1;3;9;0;0;1;47;0;0;0;0;5;59;1;23;2;2;3;1;3;7;1;98;0;21;7;70;2;44;0;0;0;0;0;0;0;0;0;0;0;0;0;0;0;0;0;0;0;0;0;0;0;0;0;0;0;0;0;0;0;0;0;0
19.07.2024;13:33;A 41;1;3;74;5;12;1;84;0;0;0;0;16;61;2;11;1;1;1;0;2;75;5;73;3;9;4;23;1;3;0;0;0;0;0;0;0;0;0;0;0;0;0;0;0;0;0;0;0;0;0;0;0;0;0;0;0;0;0;0;0;0;0;0
19.07.2024;13:32;A 41;1;0;57;2;60;1;38;0;0;0;0;4;66;2;55;6;47;7;45;7;84;4;43;1;9;3;39;1;3;0;0;0;0;0;0;0;0;0;0;1;2;1;2;0;0;0;0;0;0;0;0;0;0;0;0;0;0;0;0;0;0;0;0
19.07.2024;13:31;A 41;1;5;19;2;47;1;35;0;0;0;0;7;55;1;1;2;43;2;50;0;100;1;96;3;39;9;71;3;42;0;0;0;0;0;0;0;0;0;0;0;0;0;0;0;0;0;0;0;0;0;0;0;0;0;0;0;0;0;0;0;0;0;0
19.07.2024;13:30;A 41;1;3;62;5;47;0;100;0;0;0;0;9;61;0;0;6;64;5;63;6;83;3;66;1;7;6;58;2;46;0;0;0;0;0;0;0;0;0;0;0;0;0;0;0;0;0;0;0;0;0;0;0;0;0;0;0;0;0;0;0;0;0;0
19.07.2024;13:29;A 41;1;0;100;3;60;0;100;0;0;0;0;12;21;0;0;0;100;0;100;0;98;0;0;2;23;1;16;4;41;0;0;0;0;0;0;0;0;0;0;0;0;0;0;0;0;0;0;0;0;0;0;0;0;0;0;0;0;0;0;0;0;0;0
19.07.2024;13:28;A 41;1;1;70;6;23;1;45;0;0;0;0;7;62;4;9;3;13;3;10;4;65;4;38;4;52;2;49;1;67;0;0;0;0;0;0;0;0;1;2;0;0;0;0;0;0;0;0;0;0;0;0;0;0;0;0;0;0;0;0;0;0;0;0
19.07.2024;13:27;A 41;1;4;31;4;10;2;93;0;0;0;0;15;34;0;0;1;2;2;45;3;50;2;50;0;7;10;23;0;59;0;0;0;0;0;0;0;0;0;0;1;2;1;2;0;0;0;0;0;0;0;0;0;0;0;0;0;0;0;0;0;0;0;0
19.07.2024;13:26;A 41;1;1;33;5;16;1;78;0;0;0;0;3;73;0;0;6;46;4;3;1;43;3;55;4;54;2;60;1;62;0;0;0;0;0;0;0;0;0;0;0;0;0;0;0;0;0;0;0;0;0;0;0;0;0;0;0;0;0;0;0;0;0;0
19.07.2024;13:25;A 41;1;4;23;4;8;0;100;0;0;0;0;10;79;0;0;10;53;9;5;5;47;2;73;1;7;6;78;1;74;0;0;0;0;1;2;0;0;0;0;0;0;0;0;0;0;0;0;0;0;0;0;0;0;0;0;0;0;0;0;0;0;0;0
19.07.2024;13:24;A 41;1;6;34;8;28;1;92;0;0;0;0;15;62;3;32;1;95;3;73;2;95;5;78;0;7;12;49;2;90;1;2;1;2;0;0;0;0;0;0;0;0;0;0;0;0;0;0;0;0;0;0;0;0;0;0;0;0;0;0;0;0;0;0
19.07.2024;13:23;A 41;1;1;5;1;68;0;85;0;0;0;0;5;87;2;15;5;46;4;33;3;48;3;65;3;41;3;48;2;78;0;0;0;0;0;0;0;0;0;0;0;0;0;0;0;0;0;0;0;0;0;0;0;0;0;0;0;0;0;0;0;0;0;0
19.07.2024;13:22;A 41;1;2;5;6;18;2;80;0;0;0;0;5;59;0;0;6;51;6;25;5;41;0;100;3;24;5;88;1;7;0;0;0;0;0;0;0;0;0;0;1;2;1;2;0;0;0;0;0;0;0;0;0;0;0;0;0;0;0;0;0;0;0;0
19.07.2024;13:21;A 41;1;6;33;3;9;0;100;0;0;0;0;5;11;1;2;2;49;0;0;1;2;3;81;1;13;9;37;1;7;0;0;0;0;0;0;0;0;0;0;0;0;0;0;0;0;0;0;0;0;0;0;0;0;0;0;0;0;0;0;0;0;0;0
19.07.2024;13:20;A 41;1;4;16;1;57;0;100;0;0;0;0;6;73;1;1;3;42;3;38;3;5;2;62;0;0;1;27;0;100;0;0;0;0;0;0;0;0;0;0;0;0;0;0;0;0;0;0;0;0;0;0;0;0;0;0;0;0;0;0;0;0;0;0
19.07.2024;13:19;A 41;1;3;18;1;16;0;100;0;0;0;0;13;62;1;43;3;74;1;59;1;1;1;30;2;38;2;4;0;100;0;0;0;0;0;0;0;0;0;0;0;0;0;0;0;0;0;0;0;0;0;0;0;0;0;0;0;0;0;0;0;0;0;0
19.07.2024;13:18;A 41;1;2;82;1;91;0;100;0;0;0;0;15;53;0;0;1;21;3;3;0;0;2;56;1;100;9;20;0;100;0;0;0;0;0;0;0;0;0;0;1;2;1;2;0;0;0;0;0;0;0;0;0;0;0;0;0;0;0;0;0;0;0;0
19.07.2024;13:17;A 41;1;3;79;3;20;0;100;0;0;0;0;8;79;2;54;5;15;2;37;3;6;2;87;0;100;7;84;0;100;0;0;0;0;0;0;0;0;0;0;0;0;0;0;0;0;0;0;0;0;0;0;0;0;0;0;0;0;0;0;0;0;0;0
19.07.2024;13:16;A 41;1;5;17;0;2;1;53;0;0;0;0;10;76;1;9;3;3;3;3;4;6;0;100;2;96;5;75;1;85;0;0;0;0;0;0;0;0;0;0;0;0;0;0;0;0;0;0;0;0;0;0;0;0;0;0;0;0;0;0;0;0;0;0
19.07.2024;13:15;A 41;1;5;70;9;23;1;86;0;0;0;0;10;76;1;38;4;46;1;45;4;56;0;100;2;26;4;80;1;40;0;0;1;2;1;2;0;0;0;0;0;0;0;0;0;0;0;0;0;0;0;0;0;0;0;0;0;0;0;0;0;0;0;0
19.07.2024;13:14;A 41;1;4;42;1;3;2;81;0;0;0;0;8;60;1;66;4;54;5;37;2;62;0;100;5;11;4;73;1;3;1;2;0;0;0;0;0;0;0;0;1;2;1;2;0;0;0;0;0;0;0;0;0;0;0;0;0;0;0;0;0;0;0;0
19.07.2024;13:13;A 41;1;2;65;3;71;0;100;0;0;0;0;4;59;3;56;6;78;4;56;2;93;4;66;5;18;5;66;1;55;0;0;0;0;0;0;0;0;0;0;0;0;0;0;0;0;0;0;0;0;0;0;0;0;0;0;0;0;0;0;0;0;0;0
19.07.2024;13:12;A 41;1;4;19;4;13;1;46;0;0;0;0;18;30;1;5;0;100;0;100;0;100;1;97;1;71;10;69;3;92;0;0;0;0;0;0;0;0;1;2;0;0;0;0;0;0;0;0;0;0;0;0;0;0;0;0;0;0;0;0;0;0;0;0
19.07.2024;13:11;A 41;1;2;39;5;37;3;83;0;0;0;0;4;7;3;3;6;25;3;65;1;66;0;100;9;51;1;61;0;100;0;0;0;0;0;0;0;0;0;0;0;0;0;0;0;0;0;0;0;0;0;0;0;0;0;0;0;0;0;0;0;0;0;0
19.07.2024;13:10;A 41;1;3;9;3;9;1;43;0;0;0;0;11;69;1;3;3;3;7;45;6;60;7;97;1;23;5;69;3;92;0;0;0;0;0;0;0;0;0;0;0;0;0;0;0;0;0;0;0;0;0;0;0;0;0;0;0;0;0;0;0;0;0;0
19.07.2024;13:09;A 41;1;5;30;7;19;6;77;0;0;0;0;11;68;2;16;0;0;0;0;0;0;5;86;1;8;11;49;1;26;0;0;0;0;0;0;0;0;0;0;0;0;0;0;0;0;0;0;0;0;0;0;0;0;0;0;0;0;0;0;0;0;0;0
19.07.2024;13:08;A 41;1;2;49;4;45;1;55;0;0;0;0;4;85;1;60;4;24;5;4;4;26;2;74;0;0;1;70;1;64;0;0;0;0;0;0;0;0;0;0;0;0;0;0;0;0;0;0;0;0;0;0;0;0;0;0;0;0;0;0;0;0;0;0
19.07.2024;13:07;A 41;1;3;25;5;15;0;100;0;0;0;0;15;56;3;3;4;77;3;2;2;13;2;74;2;15;3;54;2;52;0;0;0;0;0;0;0;0;0;0;0;0;0;0;0;0;0;0;0;0;0;0;0;0;0;0;0;0;0;0;0;0;0;0
19.07.2024;13:06;A 41;1;6;18;6;51;1;93;0;0;0;0;9;30;1;13;3;76;1;3;2;96;2;77;3;29;5;71;2;67;0;0;0;0;0;0;0;0;1;2;1;2;1;2;0;0;0;0;0;0;0;0;0;0;0;0;0;0;0;0;0;0;0;0
19.07.2024;13:05;A 41;1;0;0;1;3;0;46;0;0;0;0;3;62;1;1;3;47;1;33;3;8;5;58;2;8;3;76;1;75;0;0;0;0;0;0;0;0;0;0;0;0;0;0;0;0;0;0;0;0;0;0;0;0;0;0;0;0;0;0;0;0;0;0
19.07.2024;13:04;A 41;1;4;13;2;5;2;45;0;0;0;0;8;70;2;21;2;48;2;39;2;2;0;100;0;0;5;71;0;0;0;0;0;0;0;0;0;0;0;0;0;0;0;0;0;0;0;0;0;0;0;0;0;0;0;0;0;0;0;0;0;0;0;0
19.07.2024;13:03;A 41;1;5;41;5;17;2;83;0;0;0;0;10;77;2;24;1;1;2;2;2;57;2;74;2;8;4;75;1;26;0;0;1;2;1;2;0;0;0;0;0;0;0;0;0;0;0;0;0;0;0;0;0;0;0;0;0;0;0;0;0;0;0;0
19.07.2024;13:02;A 41;1;4;11;4;9;0;100;0;0;0;0;2;87;1;47;7;30;8;11;6;46;1;68;1;8;1;49;1;60;1;2;0;0;0;0;0;0;0;0;1;2;1;2;0;0;0;0;0;0;0;0;0;0;0;0;0;0;0;0;0;0;0;0
19.07.2024;13:01;A 41;1;3;10;3;8;1;47;0;0;0;0;15;58;1;1;2;58;0;0;2;56;4;58;2;15;4;46;2;13;0;0;0;0;0;0;0;0;0;0;0;0;0;0;0;0;0;0;0;0;0;0;0;0;0;0;0;0;0;0;0;0;0;0
19.07.2024;13:00;A 41;1;1;5;5;9;3;80;0;0;0;0;17;56;2;8;4;84;2;84;2;96;5;77;1;20;10;36;2;8;0;0;0;0;0;0;0;0;0;0;0;0;0;0;0;0;0;0;0;0;0;0;0;0;0;0;0;0;0;0;0;0;0;0
19.07.2024;12:59;A 41;1;2;47;2;13;1;41;0;0;0;0;6;76;2;15;6;54;3;85;4;94;1;98;1;0;4;81;0;8;0;0;0;0;0;0;0;0;0;0;0;0;0;0;0;0;0;0;0;0;0;0;0;0;0;0;0;0;0;0;0;0;0;0
19.07.2024;12:58;A 41;1;8;21;6;16;4;41;0;0;0;0;0;98;0;0;7;9;4;25;1;25;1;68;1;8;0;100;0;100;1;2;1;2;1;2;0;0;0;0;1;2;1;2;0;0;0;0;0;0;0;0;0;0;0;0;0;0;0;0;0;0;0;0
19.07.2024;12:57;A 41;1;1;2;4;6;1;98;0;0;0;0;6;34;1;5;1;56;2;60;2;74;1;90;2;21;8;79;1;82;0;0;0;0;0;0;0;0;1;2;0;0;0;0;0;0;0;0;0;0;0;0;0;0;0;0;0;0;0;0;0;0;0;0
19.07.2024;12:56;A 41;1;4;45;1;48;0;60;0;0;0;0;2;46;1;2;3;32;2;32;1;37;3;43;6;32;2;43;1;58;0;0;0;0;0;0;0;0;0;0;0;0;0;0;0;0;0;0;0;0;0;0;0;0;0;0;0;0;0;0;0;0;0;0
19.07.2024;12:55;A 41;1;6;17;8;62;3;98;0;0;0;0;5;55;1;1;2;56;2;35;2;49;5;45;4;46;6;71;3;66;0;0;0;0;0;0;0;0;0;0;0;0;0;0;0;0;0;0;0;0;0;0;0;0;0;0;0;0;0;0;0;0;0;0
19.07.2024;12:54;A 41;1;6;70;4;22;0;100;0;0;0;0;14;52;2;2;5;15;4;3;3;92;4;80;5;36;7;52;1;56;0;0;0;0;0;0;0;0;0;0;0;0;0;0;0;0;0;0;0;0;0;0;0;0;0;0;0;0;0;0;0;0;0;0
19.07.2024;12:53;A 41;1;2;75;0;81;0;100;0;0;0;0;6;84;1;6;5;43;10;32;3;71;5;48;2;19;2;32;2;41;0;0;0;0;0;0;0;0;0;0;1;2;1;2;0;0;0;0;0;0;0;0;0;0;0;0;0;0;0;0;0;0;0;0
19.07.2024;12:52;A 41;1;3;15;5;13;2;54;0;0;0;0;10;75;3;4;2;2;2;2;0;0;2;76;5;46;4;70;0;87;0;0;0;0;0;0;0;0;0;0;0;0;0;0;0;0;0;0;0;0;0;0;0;0;0;0;0;0;0;0;0;0;0;0
19.07.2024;12:51;A 41;1;7;23;1;95;4;96;0;0;0;0;15;56;0;1;1;40;1;39;1;60;3;55;3;18;8;16;2;27;0;0;0;0;0;0;0;0;0;0;0;0;0;0;0;0;0;0;0;0;0;0;0;0;0;0;0;0;0;0;0;0;0;0
19.07.2024;12:50;A 41;1;4;31;2;85;0;100;0;0;0;0;3;84;3;42;8;28;5;5;5;53;3;65;2;24;2;58;2;33;0;0;0;0;0;0;0;0;0;0;0;0;0;0;0;0;0;0;0;0;0;0;0;0;0;0;0;0;0;0;0;0;0;0
19.07.2024;12:49;A 41;1;5;21;5;78;1;98;0;0;0;0;7;49;3;33;1;58;2;2;4;75;1;70;2;17;5;52;1;54;0;0;0;0;0;0;0;0;0;0;0;0;0;0;0;0;0;0;0;0;0;0;0;0;0;0;0;0;0;0;0;0;0;0
19.07.2024;12:48;A 41;1;8;38;0;99;2;96;0;0;0;0;5;43;1;2;3;62;4;63;2;93;2;42;1;6;3;42;1;61;0;0;1;2;1;2;0;0;0;0;1;2;1;2;0;0;0;0;0;0;0;0;0;0;0;0;0;0;0;0;0;0;0;0
19.07.2024;12:47;A 41;1;2;5;0;100;0;100;0;0;0;0;11;20;1;1;7;75;5;70;7;80;8;58;4;21;5;56;1;74;1;2;0;0;0;0;0;0;0;0;0;0;0;0;0;0;0;0;0;0;0;0;0;0;0;0;0;0;0;0;0;0;0;0
19.07.2024;12:46;A 41;1;2;4;3;30;0;100;0;0;0;0;3;54;2;2;8;81;6;72;2;95;4;37;4;39;3;50;3;31;0;0;0;0;0;0;0;0;0;0;0;0;0;0;0;0;0;0;0;0;0;0;0;0;0;0;0;0;0;0;0;0;0;0
19.07.2024;12:45;A 41;1;4;17;5;18;0;100;0;0;0;0;15;27;2;5;0;100;1;93;0;100;3;79;5;28;5;7;3;42;0;0;0;0;0;0;0;0;1;2;0;0;0;0;0;0;0;0;0;0;0;0;0;0;0;0;0;0;0;0;0;0;0;0
19.07.2024;12:44;A 41;1;2;34;3;22;1;88;0;0;0;0;4;50;1;57;4;25;3;2;3;46;5;63;1;10;7;44;2;32;0;0;0;0;0;0;0;0;0;0;0;0;0;0;0;0;0;0;0;0;0;0;0;0;0;0;0;0;0;0;0;0;0;0
19.07.2024;12:43;A 41;1;3;13;5;14;1;47;0;0;0;0;10;69;0;0;5;4;2;1;0;0;3;77;1;8;2;69;1;21;0;0;0;0;0;0;0;0;0;0;0;0;0;0;0;0;0;0;0;0;0;0;0;0;0;0;0;0;0;0;0;0;0;0
19.07.2024;12:42;A 41;1;2;82;4;13;1;77;0;0;0;0;12;57;2;12;2;51;1;50;2;76;3;62;1;13;6;25;0;30;0;0;0;0;0;0;0;0;0;0;0;0;0;0;0;0;0;0;0;0;0;0;0;0;0;0;0;0;0;0;0;0;0;0
19.07.2024;12:41;A 41;1;2;63;1;31;0;64;0;0;0;0;5;49;1;70;4;48;4;28;3;44;4;88;1;9;5;74;0;100;0;0;0;0;0;0;0;0;0;0;1;2;1;2;0;0;0;0;0;0;0;0;0;0;0;0;0;0;0;0;0;0;0;0
19.07.2024;12:40;A 41;1;4;23;4;22;1;0;0;0;0;0;17;51;2;18;1;20;1;1;1;82;6;76;2;71;6;46;0;100;0;0;0;0;0;0;0;0;0;0;0;0;0;0;0;0;0;0;0;0;0;0;0;0;0;0;0;0;0;0;0;0;0;0
19.07.2024;12:39;A 41;1;7;51;5;11;3;75;0;0;0;0;10;76;0;15;5;62;4;61;4;68;0;76;2;37;7;51;0;100;0;0;0;0;0;0;0;0;0;0;0;0;1;2;0;0;0;0;0;0;0;0;0;0;0;0;0;0;0;0;0;0;0;0
19.07.2024;12:38;A 41;1;1;49;2;38;2;57;0;0;0;0;7;80;1;61;4;29;4;20;2;49;3;54;2;51;2;3;0;100;0;0;0;0;0;0;0;0;0;0;1;2;0;0;0;0;0;0;0;0;0;0;0;0;0;0;0;0;0;0;0;0;0;0
19.07.2024;12:37;A 41;1;2;74;6;46;0;57;0;0;0;0;7;67;2;20;4;48;3;43;2;78;4;44;2;60;3;83;0;100;0;0;0;0;0;0;0;0;1;2;0;0;0;0;0;0;0;0;0;0;0;0;0;0;0;0;0;0;0;0;0;0;0;0
19.07.2024;12:36;A 41;1;4;15;3;9;1;88;0;0;0;0;15;32;1;14;1;21;0;0;1;8;5;68;0;92;9;31;4;98;0;0;0;0;0;0;0;0;0;0;0;0;0;0;0;0;0;0;0;0;0;0;0;0;0;0;0;0;0;0;0;0;0;0
19.07.2024;12:35;A 41;1;1;26;0;12;1;2;0;0;0;0;1;93;1;99;4;8;6;8;1;1;2;90;3;57;0;100;1;83;0;0;0;0;1;2;0;0;0;0;1;2;1;2;0;0;0;0;0;0;0;0;0;0;0;0;0;0;0;0;0;0;0;0
19.07.2024;12:34;A 41;1;10;37;4;33;2;4;0;0;0;0;8;53;1;0;3;4;0;0;1;5;3;51;1;63;5;78;1;65;1;2;1;2;0;0;0;0;0;0;0;0;0;0;0;0;0;0;0;0;0;0;0;0;0;0;0;0;0;0;0;0;0;0
19.07.2024;12:33;A 41;1;3;48;5;17;2;16;0;0;0;0;16;34;1;14;5;62;2;60;3;77;0;96;6;19;11;50;1;27;0;0;0;0;0;0;0;0;0;0;0;0;0;0;0;0;0;0;0;0;0;0;0;0;0;0;0;0;0;0;0;0;0;0
19.07.2024;12:32;A 41;1;1;2;2;2;1;2;0;0;0;0;0;100;1;13;1;2;0;0;2;4;0;100;15;21;0;100;0;100;0;0;0;0;0;0;0;0;0;0;0;0;0;0;0;0;0;0;0;0;0;0;0;0;0;0;0;0;0;0;0;0;0;0
19.07.2024;12:31;A 41;1;3;11;3;6;2;16;0;0;0;0;0;100;0;0;6;6;5;6;1;1;8;86;14;41;1;88;1;53;0;0;0;0;0;0;0;0;0;0;0;0;0;0;0;0;0;0;0;0;0;0;0;0;0;0;0;0;0;0;0;0;0;0
19.07.2024;12:30;A 41;1;4;12;4;9;1;89;0;0;0;0;12;70;0;0;5;26;4;15;2;9;4;55;1;17;7;49;1;21;0;0;0;0;0;0;0;0;0;0;0;0;0;0;0;0;0;0;0;0;0;0;0;0;0;0;0;0;0;0;0;0;0;0
19.07.2024;12:29;A 41;1;3;5;4;16;1;96;0;0;0;0;9;63;1;40;3;72;2;30;1;0;3;67;4;18;6;51;1;19;0;0;0;0;0;0;0;0;0;0;0;0;0;0;0;0;0;0;0;0;0;0;0;0;0;0;0;0;0;0;0;0;0;0
19.07.2024;12:28;A 41;1;2;50;4;78;1;93;0;0;0;0;12;55;4;82;5;51;6;11;2;37;3;60;2;9;8;58;1;23;0;0;0;0;0;0;0;0;0;0;0;0;0;0;0;0;0;0;0;0;0;0;0;0;0;0;0;0;0;0;0;0;0;0
19.07.2024;12:27;A 41;1;3;44;5;17;1;59;0;0;0;0;14;73;1;41;4;9;2;5;1;33;3;73;3;24;5;51;2;49;0;0;0;0;0;0;0;0;0;0;1;2;1;2;0;0;0;0;0;0;0;0;0;0;0;0;0;0;0;0;0;0;0;0
19.07.2024;12:26;A 41;1;3;65;3;7;2;74;0;0;0;0;4;88;3;53;0;44;1;50;1;52;4;36;2;88;3;6;2;70;1;2;1;2;1;2;0;0;0;0;0;0;0;0;0;0;0;0;0;0;0;0;0;0;0;0;0;0;0;0;0;0;0;0
19.07.2024;12:25;A 41;1;5;36;1;53;1;97;0;0;0;0;12;70;0;0;1;55;4;69;3;48;3;69;2;9;5;69;2;63;0;0;0;0;0;0;0;0;0;0;0;0;0;0;0;0;0;0;0;0;0;0;0;0;0;0;0;0;0;0;0;0;0;0
19.07.2024;12:24;A 41;1;3;7;4;55;0;100;0;0;0;0;10;79;3;10;7;36;4;38;2;35;0;100;0;0;6;75;0;0;0;0;0;0;0;0;0;0;0;0;0;0;0;0;0;0;0;0;0;0;0;0;0;0;0;0;0;0;0;0;0;0;0;0
19.07.2024;12:23;A 41;1;7;14;7;21;1;98;0;0;0;0;11;68;2;17;4;69;4;61;3;79;6;75;3;17;6;42;0;0;0;0;0;0;0;0;0;0;0;0;0;0;2;3;0;0;0;0;0;0;0;0;0;0;0;0;0;0;0;0;0;0;0;0
19.07.2024;12:22;A 41;1;1;23;7;26;2;69;0;0;0;0;10;79;4;48;8;24;5;20;5;40;2;71;1;6;3;67;1;34;0;0;0;0;0;0;0;0;0;0;2;3;0;0;0;0;0;0;0;0;0;0;0;0;0;0;0;0;0;0;0;0;0;0
19.07.2024;12:21;A 41;1;4;75;4;6;1;3;0;0;0;0;21;53;1;4;1;81;1;100;0;100;7;34;1;12;6;49;2;24;0;0;0;0;0;0;0;0;1;2;0;0;0;0;0;0;0;0;0;0;0;0;0;0;0;0;0;0;0;0;0;0;0;0
19.07.2024;12:20;A 41;1;6;53;5;51;2;66;0;0;0;0;1;63;1;1;7;18;6;15;3;13;8;42;1;8;1;85;1;23;0;0;0;0;0;0;0;0;0;0;0;0;0;0;0;0;0;0;0;0;0;0;0;0;0;0;0;0;0;0;0;0;0;0
19.07.2024;12:19;A 41;1;2;96;2;71;0;100;0;0;0;0;6;9;2;14;0;100;0;100;1;26;4;33;1;6;4;18;1;42;0;0;0;0;0;0;0;0;1;2;0;0;0;0;0;0;0;0;0;0;0;0;0;0;0;0;0;0;0;0;0;0;0;0
19.07.2024;12:18;A 41;1;5;12;3;4;2;89;0;0;0;0;12;72;1;40;4;24;2;24;0;0;6;68;3;8;7;54;1;97;0;0;0;0;0;0;0;0;0;0;0;0;0;0;0;0;0;0;0;0;0;0;0;0;0;0;0;0;0;0;0;0;0;0
19.07.2024;12:17;A 41;1;1;4;1;5;3;77;0;0;0;0;12;78;1;0;2;2;2;2;2;13;0;100;3;23;6;72;0;100;0;0;0;0;1;2;0;0;0;0;0;0;0;0;0;0;0;0;0;0;0;0;0;0;0;0;0;0;0;0;0;0;0;0
19.07.2024;12:16;A 41;1;8;65;4;22;0;100;0;0;0;0;8;73;0;0;3;10;4;35;2;52;0;100;3;66;8;87;0;100;1;2;1;2;0;0;0;0;0;0;0;0;1;2;0;0;0;0;0;0;0;0;0;0;0;0;0;0;0;0;0;0;0;0
19.07.2024;12:15;A 41;1;1;68;7;31;2;62;0;0;0;0;5;9;1;29;2;59;3;61;3;5;0;100;3;28;7;88;4;25;0;0;0;0;0;0;0;0;0;0;1;2;0;0;0;0;0;0;0;0;0;0;0;0;0;0;0;0;0;0;0;0;0;0
19.07.2024;12:14;A 41;1;4;29;4;9;1;48;0;0;0;0;5;17;1;4;4;64;5;63;1;63;7;75;2;21;9;51;2;43;0;0;0;0;0;0;0;0;0;0;0;0;0;0;0;0;0;0;0;0;0;0;0;0;0;0;0;0;0;0;0;0;0;0
19.07.2024;12:13;A 41;1;6;39;1;31;0;98;0;0;0;0;14;63;1;1;1;64;2;2;0;0;3;33;7;47;2;6;2;54;0;0;0;0;0;0;0;0;0;0;0;0;0;0;0;0;0;0;0;0;0;0;0;0;0;0;0;0;0;0;0;0;0;0
19.07.2024;12:12;A 41;1;5;18;4;9;1;96;0;0;0;0;8;61;0;0;6;67;1;51;2;63;7;69;5;20;4;41;2;74;0;0;0;0;0;0;0;0;0;0;0;0;0;0;0;0;0;0;0;0;0;0;0;0;0;0;0;0;0;0;0;0;0;0
19.07.2024;12:11;A 41;1;4;43;6;76;1;99;0;0;0;0;6;10;2;41;3;63;3;36;2;35;3;70;1;25;7;77;4;88;0;0;0;0;0;0;0;0;0;0;0;0;0;0;0;0;0;0;0;0;0;0;0;0;0;0;0;0;0;0;0;0;0;0
19.07.2024;12:10;A 41;1;7;28;4;93;0;100;0;0;0;0;9;68;4;41;2;27;3;26;1;20;3;65;4;32;4;64;1;49;0;0;0;0;0;0;0;0;0;0;0;1;1;2;0;0;0;0;0;0;0;0;0;0;0;0;0;0;0;0;0;0;0;0
19.07.2024;12:09;A 41;1;7;21;3;36;3;92;0;0;0;0;5;64;0;0;1;56;0;0;3;34;1;88;0;0;6;74;0;79;0;0;0;0;0;0;0;0;0;0;1;1;0;0;0;0;0;0;0;0;0;0;0;0;0;0;0;0;0;0;0;0;0;0
19.07.2024;12:08;A 41;1;4;9;5;34;2;71;0;0;0;0;13;62;1;24;2;50;0;0;4;56;0;100;3;26;10;62;1;99;0;0;0;0;0;0;0;0;0;0;0;0;0;0;0;0;0;0;0;0;0;0;0;0;0;0;0;0;0;0;0;0;0;0
19.07.2024;12:07;A 41;1;1;71;2;49;0;96;0;0;0;0;3;84;2;2;13;47;7;33;5;83;4;87;2;23;2;80;1;50;0;0;0;0;0;0;0;0;0;0;0;0;0;0;0;0;0;0;0;0;0;0;0;0;0;0;0;0;0;0;0;0;0;0
19.07.2024;12:06;A 41;1;0;100;1;94;0;100;0;0;0;0;9;10;3;7;0;100;0;100;0;100;3;77;4;5;5;34;0;38;0;0;0;0;0;0;0;0;1;2;0;0;0;0;0;0;0;0;0;0;0;0;0;0;0;0;0;0;0;0;0;0;0;0
19.07.2024;12:05;A 41;1;3;43;1;12;0;100;0;0;0;0;22;29;4;4;0;100;0;100;0;100;8;64;1;27;12;25;1;86;0;0;0;0;0;0;0;0;0;0;0;0;0;0;0;0;0;0;0;0;0;0;0;0;0;0;0;0;0;0;0;0;0;0
19.07.2024;12:04;A 41;1;3;14;2;5;2;21;0;0;0;0;13;66;1;25;2;27;1;10;2;21;3;53;3;35;5;18;2;30;0;0;0;0;1;2;0;0;0;0;0;0;0;0;0;0;0;0;0;0;0;0;0;0;0;0;0;0;0;0;0;0;0;0
19.07.2024;12:03;A 41;1;4;9;5;8;3;34;0;0;0;0;2;89;1;3;5;15;4;15;0;0;5;72;0;0;1;60;0;0;1;2;1;2;0;0;0;0;0;0;1;2;1;2;0;0;0;0;0;0;0;0;0;0;0;0;0;0;0;0;0;0;0;0
19.07.2024;12:02;A 41;1;3;8;3;10;1;96;0;0;0;0;5;11;2;8;4;60;2;59;1;2;4;33;2;18;2;48;2;7;0;0;0;0;0;0;0;0;0;0;0;0;0;0;0;0;0;0;0;0;0;0;0;0;0;0;0;0;0;0;0;0;0;0
19.07.2024;12:01;A 41;1;2;7;5;15;0;100;0;0;0;0;4;34;1;2;2;46;0;0;1;51;5;81;2;14;12;62;1;13;0;0;0;0;0;0;0;0;0;0;0;0;0;0;0;0;0;0;0;0;0;0;0;0;0;0;0;0;0;0;0;0;0;0
19.07.2024;12:00;A 41;1;0;0;3;10;0;100;0;0;0;0;6;26;0;0;5;69;5;71;3;63;2;94;2;55;9;71;0;64;0;0;0;0;0;0;0;0;0;0;0;0;0;0;0;0;0;0;0;0;0;0;0;0;0;0;0;0;0;0;0;0;0;0
19.07.2024;11:59;A 41;1;4;11;3;6;3;62;0;0;0;0;5;86;1;19;2;45;1;41;3;50;9;51;3;64;6;59;0;100;0;0;0;0;0;0;0;0;1;2;0;0;1;2;0;0;0;0;0;0;0;0;0;0;0;0;0;0;0;0;0;0;0;0
19.07.2024;11:58;A 41;1;5;11;2;4;0;41;0;0;0;0;3;73;0;0;2;36;1;31;0;0;7;33;1;56;1;24;1;38;0;0;0;0;0;0;0;0;0;0;1;2;0;0;0;0;0;0;0;0;0;0;0;0;0;0;0;0;0;0;0;0;0;0
19.07.2024;11:57;A 41;1;5;9;3;8;2;80;0;0;0;0;6;61;1;37;4;55;3;54;3;49;6;68;5;14;7;58;1;13;0;0;0;0;0;0;0;0;0;0;0;0;0;0;0;0;0;0;0;0;0;0;0;0;0;0;0;0;0;0;0;0;0;0
19.07.2024;11:56;A 41;1;5;12;4;9;2;94;0;0;0;0;5;40;0;0;3;18;4;21;1;9;0;100;2;72;7;14;1;92;0;0;0;0;0;0;0;0;0;0;0;0;0;0;0;0;0;0;0;0;0;0;0;0;0;0;0;0;0;0;0;0;0;0
19.07.2024;11:55;A 41;1;1;5;3;12;2;56;0;0;0;0;11;60;1;3;3;62;3;37;1;3;2;77;4;37;4;46;0;100;0;0;0;0;0;0;0;0;0;0;0;0;0;0;0;0;0;0;0;0;0;0;0;0;0;0;0;0;0;0;0;0;0;0
19.07.2024;11:54;A 41;1;2;7;1;1;2;10;0;0;0;0;11;76;1;49;3;65;4;77;5;87;4;35;3;23;4;57;1;79;0;0;0;0;1;2;0;0;0;0;0;0;0;0;0;0;0;0;0;0;0;0;0;0;0;0;0;0;0;0;0;0;0;0
19.07.2024;11:53;A 41;1;4;74;1;2;1;26;0;0;0;0;11;71;2;60;3;59;4;83;2;67;4;48;1;29;5;49;1;77;1;2;1;2;0;0;0;0;0;0;0;0;0;0;0;0;0;0;0;0;0;0;0;0;0;0;0;0;0;0;0;0;0;0
19.07.2024;11:52;A 41;1;2;13;3;11;1;77;0;0;0;0;6;64;2;35;1;35;2;51;1;27;3;60;3;40;6;44;2;54;0;0;0;0;0;0;0;0;0;0;0;0;0;0;0;0;0;0;0;0;0;0;0;0;0;0;0;0;0;0;0;0;0;0
19.07.2024;11:51;A 41;1;4;8;5;11;2;91;0;0;0;0;3;58;1;1;7;54;3;11;3;41;1;85;3;25;2;54;2;60;0;0;0;0;0;0;0;0;0;0;1;2;1;2;0;0;0;0;0;0;0;0;0;0;0;0;0;0;0;0;0;0;0;0
19.07.2024;11:50;A 41;1;1;6;1;5;0;100;0;0;0;0;6;73;0;0;4;37;2;32;2;47;6;47;2;23;7;34;2;36;0;0;0;0;0;0;0;0;0;0;0;0;0;0;0;0;0;0;0;0;0;0;0;0;0;0;0;0;0;0;0;0;0;0
19.07.2024;11:49;A 41;1;2;10;5;40;1;98;0;0;0;0;7;64;0;0;2;59;1;48;1;46;0;100;2;33;8;79;1;8;0;0;0;0;0;0;0;0;0;0;0;0;1;2;0;0;0;0;0;0;0;0;0;0;0;0;0;0;0;0;0;0;0;0
19.07.2024;11:48;A 41;1;3;42;2;63;0;100;0;0;0;0;5;61;1;4;6;37;2;28;2;31;0;100;2;74;1;69;4;12;0;0;0;0;1;2;0;0;0;0;1;2;0;0;0;0;0;0;0;0;0;0;0;0;0;0;0;0;0;0;0;0;0;0
19.07.2024;11:47;A 41;1;4;24;4;14;2;84;0;0;0;0;4;37;2;4;3;51;1;68;1;75;8;73;7;17;6;62;0;45;1;2;1;2;0;0;0;0;1;2;0;0;0;0;0;0;0;0;0;0;0;0;0;0;0;0;0;0;0;0;0;0;0;0
19.07.2024;11:46;A 41;1;0;94;1;5;1;70;0;0;0;0;7;17;0;0;6;77;3;44;2;48;2;72;6;25;8;41;2;63;0;0;0;0;0;0;0;0;0;0;0;0;0;0;0;0;0;0;0;0;0;0;0;0;0;0;0;0;0;0;0;0;0;0
19.07.2024;11:45;A 41;1;3;10;2;5;2;62;0;0;0;0;6;33;2;2;3;56;3;70;1;70;8;55;7;43;4;32;2;61;0;0;0;0;0;0;0;0;0;0;0;0;0;0;0;0;0;0;0;0;0;0;0;0;0;0;0;0;0;0;0;0;0;0
19.07.2024;11:44;A 41;1;4;37;4;17;0;63;0;0;0;0;3;65;0;0;3;34;2;40;2;51;6;46;1;16;2;44;1;5;0;0;0;0;0;0;0;0;0;0;0;0;0;0;0;0;0;0;0;0;0;0;0;0;0;0;0;0;0;0;0;0;0;0
19.07.2024;11:43;A 41;1;2;66;4;13;3;69;0;0;0;0;10;69;2;6;1;43;4;15;2;14;5;52;2;27;5;60;0;94;0;0;0;0;0;0;0;0;0;0;0;0;1;2;0;0;0;0;0;0;0;0;0;0;0;0;0;0;0;0;0;0;0;0
19.07.2024;11:42;A 41;1;4;23;5;6;1;36;0;0;0;0;3;25;2;22;7;21;5;17;5;24;6;58;5;41;3;80;2;94;0;0;0;0;0;0;0;0;0;0;1;2;0;0;0;0;0;0;0;0;0;0;0;0;0;0;0;0;0;0;0;0;0;0
19.07.2024;11:41;A 41;1;4;11;4;9;1;55;0;0;0;0;4;56;1;1;1;42;1;39;3;29;0;95;2;27;11;73;1;70;0;0;0;0;0;0;0;0;0;0;0;0;0;0;0;0;0;0;0;0;0;0;0;0;0;0;0;0;0;0;0;0;0;0
19.07.2024;11:40;A 41;1;2;5;2;3;1;3;0;0;0;0;5;33;1;41;2;22;4;25;2;22;8;56;3;44;3;21;3;35;0;0;0;0;0;0;0;0;0;0;0;0;1;2;0;0;0;0;0;0;0;0;0;0;0;0;0;0;0;0;0;0;0;0
19.07.2024;11:39;A 41;1;1;61;2;4;2;6;0;0;0;0;11;20;0;0;5;92;5;62;0;0;4;36;1;1;4;8;0;0;0;0;0;0;0;0;0;0;0;0;1;2;0;0;0;0;0;0;0;0;0;0;0;0;0;0;0;0;0;0;0;0;0;0
19.07.2024;11:38;A 41;1;0;10;1;1;3;31;0;0;0;0;12;67;2;3;6;48;5;40;4;50;4;59;2;4;5;54;0;14;0;0;0;0;0;0;0;0;0;0;0;0;0;0;0;0;0;0;0;0;0;0;0;0;0;0;0;0;0;0;0;0;0;0
19.07.2024;11:37;A 41;1;5;15;5;24;1;59;0;0;0;0;10;77;0;0;0;39;1;42;1;1;8;48;4;34;6;60;1;78;0;0;0;0;0;0;0;0;0;0;0;0;0;0;0;0;0;0;0;0;0;0;0;0;0;0;0;0;0;0;0;0;0;0
19.07.2024;11:36;A 41;1;5;15;10;19;4;29;0;0;0;0;6;86;1;22;2;8;3;9;2;26;2;87;2;18;4;90;2;28;0;0;0;0;0;0;0;0;0;0;0;0;0;0;0;0;0;0;0;0;0;0;0;0;0;0;0;0;0;0;0;0;0;0
19.07.2024;11:35;A 41;1;4;24;5;10;2;88;0;0;0;0;10;27;1;1;5;14;3;6;1;96;4;37;1;8;2;69;1;25;1;2;1;2;1;2;0;0;0;0;0;0;0;0;0;0;0;0;0;0;0;0;0;0;0;0;0;0;0;0;0;0;0;0
19.07.2024;11:34;A 41;1;5;14;2;8;2;49;0;0;0;0;7;76;2;5;2;2;4;3;2;15;3;71;1;12;5;63;1;4;0;0;0;0;0;0;0;0;1;2;0;0;0;0;0;0;0;0;0;0;0;0;0;0;0;0;0;0;0;0;0;0;0;0
19.07.2024;11:33;A 41;1;3;10;6;10;1;85;0;0;0;0;5;33;2;5;4;37;7;23;5;65;3;62;0;0;4;50;0;0;0;0;0;0;0;0;0;0;0;0;0;0;0;0;0;0;0;0;0;0;0;0;0;0;0;0;0;0;0;0;0;0;0;0
19.07.2024;11:32;A 41;1;1;2;0;0;0;0;0;0;0;0;5;8;0;0;4;78;5;38;4;49;5;42;2;26;5;39;5;25;0;0;0;0;0;0;0;0;0;0;1;2;1;2;0;0;0;0;0;0;0;0;0;0;0;0;0;0;0;0;0;0;0;0
19.07.2024;11:31;A 41;1;3;8;1;3;0;54;0;0;0;0;11;59;0;0;2;55;3;43;3;51;5;66;1;12;7;45;0;0;0;0;0;0;0;0;0;0;0;0;0;0;0;0;0;0;0;0;0;0;0;0;0;0;0;0;0;0;0;0;0;0;0;0
19.07.2024;11:30;A 41;1;4;11;3;4;3;42;0;0;0;0;10;16;1;4;3;48;2;38;1;37;4;59;1;9;6;50;1;50;0;0;0;0;0;0;0;0;0;0;0;0;0;0;0;0;0;0;0;0;0;0;0;0;0;0;0;0;0;0;0;0;0;0
19.07.2024;11:29;A 41;1;4;19;3;4;4;44;0;0;0;0;8;79;0;0;5;48;4;36;1;23;4;97;1;1;4;71;0;0;0;0;0;0;0;0;0;0;0;0;0;0;0;0;0;0;0;0;0;0;0;0;0;0;0;0;0;0;0;0;0;0;0;0
19.07.2024;11:28;A 41;1;3;7;3;5;2;26;0;0;0;0;9;81;1;32;5;35;2;28;1;10;7;29;3;17;3;6;1;72;0;0;0;0;0;0;0;0;0;0;1;2;1;2;0;0;0;0;0;0;0;0;0;0;0;0;0;0;0;0;0;0;0;0
19.07.2024;11:27;A 41;1;3;10;4;7;1;44;0;0;0;0;8;60;0;0;2;66;2;23;3;29;3;72;2;32;4;57;1;60;0;0;0;0;0;0;0;0;0;0;0;0;0;0;0;0;0;0;0;0;0;0;0;0;0;0;0;0;0;0;0;0;0;0
19.07.2024;11:26;A 41;1;2;6;3;6;2;8;0;0;0;0;7;55;1;1;3;43;5;70;3;52;4;83;4;35;9;63;4;35;0;0;0;0;0;0;0;0;0;0;0;0;0;0;0;0;0;0;0;0;0;0;0;0;0;0;0;0;0;0;0;0;0;0
19.07.2024;11:25;A 41;1;4;49;1;3;1;28;0;0;0;0;8;56;1;5;2;67;3;32;0;0;3;74;3;11;5;52;1;3;0;0;0;0;0;0;0;0;0;0;0;0;0;0;0;0;0;0;0;0;0;0;0;0;0;0;0;0;0;0;0;0;0;0
19.07.2024;11:24;A 41;1;1;2;2;2;1;40;0;0;0;0;6;45;0;0;4;64;1;63;2;38;6;58;0;0;4;54;0;18;0;0;0;0;0;0;0;0;0;0;0;0;0;0;0;0;0;0;0;0;0;0;0;0;0;0;0;0;0;0;0;0;0;0
19.07.2024;11:23;A 41;1;3;18;2;4;1;97;0;0;0;0;4;24;4;42;3;87;2;82;1;60;4;41;1;17;2;47;2;25;1;2;1;2;1;2;0;0;1;2;0;0;1;2;0;0;0;0;0;0;0;0;0;0;0;0;0;0;0;0;0;0;0;0
19.07.2024;11:22;A 41;1;2;5;3;4;1;45;0;0;0;0;1;8;1;53;7;31;4;33;2;18;3;30;3;34;3;83;1;87;0;0;0;0;0;0;0;0;0;0;1;2;0;0;0;0;0;0;0;0;0;0;0;0;0;0;0;0;0;0;0;0;0;0
19.07.2024;11:21;A 41;1;3;11;3;16;1;81;0;0;0;0;4;59;2;16;4;39;2;40;0;0;3;74;2;23;7;50;1;74;0;0;0;0;0;0;0;0;0;0;0;0;0;0;0;0;0;0;0;0;0;0;0;0;0;0;0;0;0;0;0;0;0;0
19.07.2024;11:20;A 41;1;5;18;2;39;0;100;0;0;0;0;5;50;2;24;4;63;3;5;4;6;2;79;2;19;7;57;2;29;0;0;0;0;0;0;0;0;0;0;0;0;0;0;0;0;0;0;0;0;0;0;0;0;0;0;0;0;0;0;0;0;0;0
19.07.2024;11:19;A 41;1;1;4;2;2;2;59;0;0;0;0;5;82;2;40;5;66;2;7;3;58;8;45;0;0;3;49;1;4;0;0;0;0;0;0;0;0;0;0;0;0;0;0;0;0;0;0;0;0;0;0;0;0;0;0;0;0;0;0;0;0;0;0
19.07.2024;11:18;A 41;1;3;59;2;12;1;44;0;0;0;0;3;61;2;25;6;67;6;52;2;50;3;54;0;13;6;48;0;45;0;0;0;0;0;0;0;0;0;0;1;2;1;2;0;0;0;0;0;0;0;0;0;0;0;0;0;0;0;0;0;0;0;0
19.07.2024;11:17;A 41;1;2;4;2;3;2;11;0;0;0;0;6;56;1;1;8;72;6;65;1;75;8;64;5;38;3;7;3;35;0;0;0;0;0;0;0;0;0;0;1;2;1;2;0;0;0;0;0;0;0;0;0;0;0;0;0;0;0;0;0;0;0;0
19.07.2024;11:16;A 41;1;0;0;4;16;1;3;0;0;0;0;14;25;3;7;0;100;1;96;1;97;3;89;1;33;11;45;1;64;0;0;0;0;0;0;0;0;1;2;0;0;0;0;0;0;0;0;0;0;0;0;0;0;0;0;0;0;0;0;0;0;0;0
19.07.2024;11:15;A 41;1;5;14;0;0;0;43;0;0;0;0;2;77;1;17;8;43;8;23;4;27;2;19;2;36;1;4;2;49;0;0;0;0;0;0;0;0;0;0;0;0;0;0;0;0;0;0;0;0;0;0;0;0;0;0;0;0;0;0;0;0;0;0
19.07.2024;11:14;A 41;1;4;21;1;3;2;39;0;0;0;0;6;71;1;7;5;21;2;13;2;28;5;45;1;59;5;36;1;65;0;0;0;0;1;2;0;0;0;0;0;0;0;0;0;0;0;0;0;0;0;0;0;0;0;0;0;0;0;0;0;0;0;0
19.07.2024;11:13;A 41;1;4;19;1;1;0;29;0;0;0;0;3;59;1;1;3;22;4;9;1;28;6;51;3;27;5;54;2;5;1;2;1;2;0;0;0;0;0;0;0;0;0;0;0;0;0;0;0;0;0;0;0;0;0;0;0;0;0;0;0;0;0;0
19.07.2024;11:12;A 41;1;6;43;6;15;2;47;0;0;0;0;13;53;3;5;1;63;2;47;1;73;3;44;2;15;6;53;2;29;0;0;0;0;0;0;0;0;0;0;0;0;0;0;0;0;0;0;0;0;0;0;0;0;0;0;0;0;0;0;0;0;0;0
19.07.2024;11:11;A 41;1;1;73;4;14;1;31;0;0;0;0;12;67;1;12;4;53;4;55;3;57;5;48;0;0;6;43;0;0;0;0;0;0;0;0;0;0;0;0;0;0;0;0;0;0;0;0;0;0;0;0;0;0;0;0;0;0;0;0;0;0;0;0
19.07.2024;11:10;A 41;1;1;59;0;0;1;52;0;0;0;0;7;52;2;72;2;2;1;1;1;37;5;47;3;17;7;38;2;4;0;0;0;0;0;0;0;0;0;0;0;0;0;0;0;0;0;0;0;0;0;0;0;0;0;0;0;0;0;0;0;0;0;0
19.07.2024;11:09;A 41;1;3;7;2;3;1;63;0;0;0;0;2;41;2;5;4;54;3;51;0;0;4;96;3;17;9;72;2;26;0;0;0;0;0;0;0;0;0;0;0;0;0;0;0;0;0;0;0;0;0;0;0;0;0;0;0;0;0;0;0;0;0;0
19.07.2024;11:08;A 41;1;6;24;4;11;3;52;0;0;0;0;3;3;1;36;1;39;2;29;2;31;2;85;1;10;6;70;0;0;0;0;0;0;0;0;0;0;0;0;0;0;0;0;0;0;0;0;0;0;0;0;0;0;0;0;0;0;0;0;0;0;0;0
19.07.2024;11:07;A 41;1;3;7;0;0;0;20;0;0;0;0;11;64;1;1;3;46;1;42;1;26;4;72;3;24;4;68;3;46;0;0;0;0;0;0;0;0;0;0;0;0;1;2;0;0;0;0;0;0;0;0;0;0;0;0;0;0;0;0;0;0;0;0
19.07.2024;11:06;A 41;1;2;4;2;4;1;83;0;0;0;0;9;54;1;42;1;67;1;31;1;44;4;34;3;24;4;48;2;34;0;0;0;0;0;0;0;0;0;0;1;2;0;0;0;0;0;0;0;0;0;0;0;0;0;0;0;0;0;0;0;0;0;0
19.07.2024;11:05;A 41;1;1;3;2;5;1;77;0;0;0;0;10;17;2;12;3;27;4;6;3;69;3;70;0;0;6;41;1;31;0;0;0;0;0;0;0;0;0;0;0;0;0;0;0;0;0;0;0;0;0;0;0;0;0;0;0;0;0;0;0;0;0;0
19.07.2024;11:04;A 41;1;1;3;1;1;1;97;0;0;0;0;7;19;0;0;3;71;2;56;2;45;6;62;6;21;6;43;2;42;0;0;0;0;0;0;0;0;0;0;0;0;0;0;0;0;0;0;0;0;0;0;0;0;0;0;0;0;0;0;0;0;0;0
19.07.2024;11:03;A 41;1;0;0;4;7;2;6;0;0;0;0;8;45;2;7;2;62;3;58;1;0;1;21;2;18;1;39;3;46;0;0;0;0;0;0;0;0;0;0;0;1;1;2;0;0;0;0;0;0;0;0;0;0;0;0;0;0;0;0;0;0;0;0
19.07.2024;11:02;A 41;1;1;79;3;9;1;3;0;0;0;0;3;5;2;6;2;82;0;79;0;0;5;37;3;19;3;11;1;3;0;0;0;0;0;0;0;0;1;2;1;1;0;0;0;0;0;0;0;0;0;0;0;0;0;0;0;0;0;0;0;0;0;0
19.07.2024;11:01;A 41;1;2;6;1;1;1;2;0;0;0;0;7;34;3;51;5;64;3;34;2;34;4;31;3;14;2;3;2;30;0;0;0;0;0;0;0;0;0;0;0;0;0;0;0;0;0;0;0;0;0;0;0;0;0;0;0;0;0;0;0;0;0;0
19.07.2024;11:00;A 41;1;3;8;1;2;1;35;0;0;0;0;9;68;2;3;4;46;4;34;1;39;6;49;3;15;5;47;1;58;0;0;0;0;0;0;0;0;0;0;0;0;0;0;0;0;0;0;0;0;0;0;0;0;0;0;0;0;0;0;0;0;0;0
19.07.2024;10:59;A 41;1;1;4;1;3;1;26;0;0;0;0;6;83;2;3;3;48;3;18;2;20;2;77;0;0;5;89;0;0;0;0;0;0;0;0;0;0;0;0;0;0;1;2;0;0;0;0;0;0;0;0;0;0;0;0;0;0;0;0;0;0;0;0
19.07.2024;10:58;A 41;1;5;10;3;4;4;8;0;0;0;0;8;76;2;69;1;47;0;0;0;0;11;59;0;0;6;66;0;60;0;0;0;0;0;0;0;0;0;0;1;2;0;0;0;0;0;0;0;0;0;0;0;0;0;0;0;0;0;0;0;0;0;0
19.07.2024;10:57;A 41;1;5;23;4;17;1;76;0;0;0;0;1;62;2;43;10;46;5;31;1;29;5;33;1;11;1;1;1;32;0;0;0;0;0;0;0;0;0;0;0;0;0;0;0;0;0;0;0;0;0;0;0;0;0;0;0;0;0;0;0;0;0;0
19.07.2024;10:56;A 41;1;2;5;1;1;0;100;0;0;0;0;10;28;1;5;1;97;1;77;1;31;3;82;3;24;8;46;3;17;0;0;0;0;0;0;0;0;1;2;0;0;0;0;0;0;0;0;0;0;0;0;0;0;0;0;0;0;0;0;0;0;0;0
19.07.2024;10:55;A 41;1;2;6;1;1;3;58;0;0;0;0;7;39;2;84;0;42;1;35;1;40;8;80;1;7;5;74;2;7;0;0;0;0;0;0;0;0;0;0;0;0;0;0;0;0;0;0;0;0;0;0;0;0;0;0;0;0;0;0;0;0;0;0
19.07.2024;10:54;A 41;1;1;4;4;6;2;16;0;0;0;0;8;28;3;58;2;47;2;24;1;29;1;67;3;36;6;45;1;48;0;0;0;0;0;0;0;0;0;0;0;0;0;0;0;0;0;0;0;0;0;0;0;0;0;0;0;0;0;0;0;0;0;0
19.07.2024;10:53;A 41;1;6;19;5;29;1;56;0;0;0;0;6;85;1;3;6;30;6;8;2;35;7;72;0;0;4;94;0;0;0;1;1;2;1;2;0;0;0;0;0;0;0;0;0;0;0;0;0;0;0;0;0;0;0;0;0;0;0;0;0;0;0;0
19.07.2024;10:52;A 41;1;6;32;4;45;4;76;0;0;0;0;4;72;3;62;2;61;4;46;3;32;5;30;1;1;4;61;0;64;1;1;0;0;0;0;0;0;0;0;0;0;1;2;0;0;0;0;0;0;0;0;0;0;0;0;0;0;0;0;0;0;0;0
19.07.2024;10:51;A 41;1;3;15;5;8;5;63;0;0;0;0;6;72;2;3;4;40;4;38;2;34;8;70;1;15;4;71;0;100;0;0;0;0;0;0;0;0;0;0;1;2;0;0;0;0;0;0;0;0;0;0;0;0;0;0;0;0;0;0;0;0;0;0
19.07.2024;10:50;A 41;1;3;10;1;4;0;85;0;0;0;0;6;54;1;2;4;76;3;57;2;43;7;44;4;36;3;35;3;23;0;0;0;0;0;0;0;0;0;0;0;0;0;0;0;0;0;0;0;0;0;0;0;0;0;0;0;0;0;0;0;0;0;0
19.07.2024;10:49;A 41;1;1;57;8;9;2;4;0;0;0;0;7;40;0;9;6;73;4;60;2;49;2;54;0;20;7;49;0;45;0;0;0;0;0;0;0;0;0;0;0;0;0;0;0;0;0;0;0;0;0;0;0;0;0;0;0;0;0;0;0;0;0;0
19.07.2024;10:48;A 41;1;3;6;1;2;1;50;0;0;0;0;2;52;1;4;8;59;2;52;2;41;7;46;2;51;4;67;1;45;0;0;0;0;0;0;0;0;0;0;1;2;1;2;0;0;0;0;0;0;0;0;0;0;0;0;0;0;0;0;0;0;0;0
19.07.2024;10:47;A 41;1;4;21;3;13;3;54;0;0;0;0;9;49;0;0;5;60;3;68;2;35;3;68;4;39;7;66;1;86;0;0;0;0;0;0;0;0;0;0;0;0;0;0;0;0;0;0;0;0;0;0;0;0;0;0;0;0;0;0;0;0;0;0
19.07.2024;10:46;A 41;1;1;2;2;3;2;75;0;0;0;0;8;71;0;0;7;44;4;46;5;57;0;100;3;63;5;85;0;100;0;0;0;0;0;0;0;0;0;0;0;0;0;0;0;0;0;0;0;0;0;0;0;0;0;0;0;0;0;0;0;0;0;0
19.07.2024;10:45;A 41;1;2;4;3;8;3;46;0;0;0;0;9;73;3;39;4;49;4;50;3;88;1;96;0;84;1;67;0;100;0;0;0;0;0;0;0;0;0;0;0;0;0;0;0;0;0;0;0;0;0;0;0;0;0;0;0;0;0;0;0;0;0;0
19.07.2024;10:44;A 41;1;2;8;3;6;0;0;0;0;0;0;13;71;1;44;2;37;2;26;1;60;0;100;1;81;5;71;0;100;0;0;0;0;1;2;0;0;0;0;0;0;0;0;0;0;0;0;0;0;0;0;0;0;0;0;0;0;0;0;0;0;0;0
19.07.2024;10:43;A 41;1;3;41;2;7;0;24;0;0;0;0;2;46;1;18;3;30;5;35;3;19;0;100;2;45;1;80;2;75;1;2;1;2;0;0;0;0;0;0;0;0;0;0;0;0;0;0;0;0;0;0;0;0;0;0;0;0;0;0;0;0;0;0
19.07.2024;10:42;A 41;1;2;77;0;0;1;33;0;0;0;0;10;77;4;63;4;10;3;8;0;8;1;81;3;18;11;77;1;9;0;0;0;0;0;0;0;0;1;2;0;0;1;2;0;0;0;0;0;0;0;0;0;0;0;0;0;0;0;0;0;0;0;0
19.07.2024;10:41;A 41;1;5;76;3;37;0;62;0;0;0;0;8;77;1;34;4;11;5;45;4;52;3;46;0;0;3;39;0;0;0;0;0;0;0;0;0;0;0;0;1;2;0;0;0;0;0;0;0;0;0;0;0;0;0;0;0;0;0;0;0;0;0;0
19.07.2024;10:40;A 41;1;5;16;4;14;2;40;0;0;0;0;6;67;1;3;5;26;3;45;1;22;3;93;4;21;6;74;1;23;0;0;0;0;0;0;0;0;0;0;0;0;0;0;0;0;0;0;0;0;0;0;0;0;0;0;0;0;0;0;0;0;0;0
19.07.2024;10:39;A 41;1;1;2;3;6;2;33;0;0;0;0;2;56;0;0;4;67;2;31;3;37;1;75;2;19;12;74;1;55;0;0;0;0;0;0;0;0;0;0;0;0;0;0;0;0;0;0;0;0;0;0;0;0;0;0;0;0;0;0;0;0;0;0
19.07.2024;10:38;A 41;1;3;11;1;2;0;2;0;0;0;0;6;43;0;0;2;58;2;20;1;40;6;62;3;40;7;58;1;19;0;0;0;0;0;0;0;0;0;0;0;0;1;2;0;0;0;0;0;0;0;0;0;0;0;0;0;0;0;0;0;0;0;0
19.07.2024;10:37;A 41;1;2;7;4;11;0;100;0;0;0;0;8;11;0;0;2;5;2;19;3;37;6;45;0;100;2;45;0;40;0;0;0;0;0;0;0;0;0;0;1;2;0;0;0;0;0;0;0;0;0;0;0;0;0;0;0;0;0;0;0;0;0;0
19.07.2024;10:36;A 41;1;4;12;4;11;1;91;0;0;0;0;10;48;1;6;2;72;1;1;3;9;3;67;1;78;5;82;1;62;0;0;0;0;0;0;0;0;1;2;0;0;0;0;0;0;0;0;0;0;0;0;0;0;0;0;0;0;0;0;0;0;0;0
19.07.2024;10:35;A 41;1;1;2;1;4;1;56;0;0;0;0;9;28;3;14;5;55;2;51;2;49;5;46;1;19;8;87;0;100;0;0;0;0;0;0;0;0;0;0;0;0;0;0;0;0;0;0;0;0;0;0;0;0;0;0;0;0;0;0;0;0;0;0
19.07.2024;10:34;A 41;1;3;18;3;45;1;21;0;0;0;0;1;56;1;60;5;11;3;4;2;54;4;39;1;12;1;79;0;100;0;0;0;0;1;2;0;0;0;0;0;0;0;0;0;0;0;0;0;0;0;0;0;0;0;0;0;0;0;0;0;0;0;0
19.07.2024;10:33;A 41;1;4;35;4;26;1;37;0;0;0;0;1;19;1;13;6;60;1;23;4;88;4;39;1;8;3;5;1;6;1;2;1;2;0;0;0;0;0;0;0;0;0;0;0;0;0;0;0;0;0;0;0;0;0;0;0;0;0;0;0;0;0;0
19.07.2024;10:32;A 41;1;3;42;5;58;0;40;0;0;0;0;9;68;1;3;3;59;4;34;3;53;2;17;3;29;3;58;3;49;0;0;0;0;0;0;0;0;0;0;0;0;1;2;0;0;0;0;0;0;0;0;0;0;0;0;0;0;0;0;0;0;0;0
19.07.2024;10:31;A 41;1;5;22;3;11;1;67;0;0;0;0;2;10;0;0;2;52;0;1;1;50;6;64;0;0;7;15;0;0;0;0;0;0;0;0;0;0;0;0;1;2;0;0;0;0;0;0;0;0;0;0;0;0;0;0;0;0;0;0;0;0;0;0
19.07.2024;10:30;A 41;1;3;7;3;8;1;48;0;0;0;0;10;17;0;0;2;19;2;66;1;12;7;31;0;16;3;38;1;52;0;0;0;0;0;0;0;0;0;0;0;0;0;0;0;0;0;0;0;0;0;0;0;0;0;0;0;0;0;0;0;0;0;0
19.07.2024;10:29;A 41;1;2;6;3;3;2;57;0;0;0;0;2;18;2;14;5;71;5;62;3;53;3;75;0;100;9;43;0;23;0;0;0;0;0;0;0;0;0;0;0;0;0;0;0;0;0;0;0;0;0;0;0;0;0;0;0;0;0;0;0;0;0;0
19.07.2024;10:28;A 41;1;2;8;1;1;1;3;0;0;0;0;5;5;1;44;4;43;1;2;1;40;5;92;1;95;4;50;1;30;0;0;0;0;0;0;0;0;0;0;0;0;0;0;0;0;0;0;0;0;0;0;0;0;0;0;0;0;0;0;0;0;0;0
19.07.2024;10:27;A 41;1;4;43;3;6;3;22;0;0;0;0;2;36;2;3;0;46;0;0;1;51;0;57;1;39;7;46;2;45;0;0;0;0;0;0;0;0;0;0;0;0;0;0;0;0;0;0;0;0;0;0;0;0;0;0;0;0;0;0;0;0;0;0
19.07.2024;10:26;A 41;1;4;54;2;46;2;51;0;0;0;0;8;42;3;6;1;48;2;38;1;39;0;100;0;100;6;59;2;35;0;0;0;0;0;0;0;0;0;0;0;0;1;2;0;0;0;0;0;0;0;0;0;0;0;0;0;0;0;0;0;0;0;0
19.07.2024;10:25;A 41;1;5;26;5;28;1;31;0;0;0;0;5;72;0;87;6;23;7;25;6;29;0;100;1;66;3;94;1;55;0;0;1;2;1;2;0;0;0;0;1;2;0;0;0;0;0;0;0;0;0;0;0;0;0;0;0;0;0;0;0;0;0;0
19.07.2024;10:24;A 41;1;1;8;2;5;0;80;0;0;0;0;1;2;2;53;7;74;5;70;1;86;3;89;0;8;7;73;2;7;1;1;0;0;0;0;0;0;0;0;0;0;0;0;0;0;0;0;0;0;0;0;0;0;0;0;0;0;0;0;0;0;0;0
19.07.2024;10:23;A 41;1;4;26;4;11;3;71;0;0;0;0;6;28;2;51;3;72;1;1;1;74;1;85;3;18;5;91;1;88;0;0;0;0;0;0;0;0;1;2;0;0;0;0;0;0;0;0;0;0;0;0;0;0;0;0;0;0;0;0;0;0;0;0
19.07.2024;10:22;A 41;1;5;30;5;25;1;1;0;0;0;0;12;44;2;89;2;57;1;64;2;6;0;57;1;51;3;60;0;100;0;0;0;0;0;0;0;0;0;0;0;0;0;0;0;0;0;0;0;0;0;0;0;0;0;0;0;0;0;0;0;0;0;0
19.07.2024;10:21;A 41;1;2;10;0;0;0;61;0;0;0;0;5;82;1;13;1;68;4;37;3;90;0;100;6;32;9;65;1;32;0;0;0;0;0;0;0;0;0;0;0;0;0;0;0;0;0;0;0;0;0;0;0;0;0;0;0;0;0;0;0;0;0;0
19.07.2024;10:20;A 41;1;1;1;2;4;0;100;0;0;0;0;3;49;0;0;4;56;1;59;0;100;0;100;0;0;8;89;0;64;0;0;0;0;0;0;0;0;0;0;0;0;0;0;0;0;0;0;0;0;0;0;0;0;0;0;0;0;0;0;0;0;0;0
19.07.2024;10:19;A 41;1;1;52;3;7;1;99;0;0;0;0;6;81;0;0;8;48;0;100;0;100;0;100;0;70;2;98;0;100;0;0;0;0;0;0;0;0;0;0;0;0;0;0;0;0;0;0;0;0;0;0;0;0;0;0;0;0;0;0;0;0;0;0
19.07.2024;10:18;A 41;1;3;32;6;13;2;52;0;0;0;0;8;62;1;21;3;66;0;100;0;100;0;100;0;100;1;93;4;66;0;0;0;0;0;0;0;0;0;0;0;0;1;2;0;0;0;0;0;0;0;0;0;0;0;0;0;0;0;0;0;0;0;0
19.07.2024;10:17;A 41;1;5;23;4;23;2;10;0;0;0;0;3;89;2;24;6;38;5;31;2;53;0;100;0;100;4;91;3;63;0;0;0;0;0;0;0;0;0;0;1;2;0;0;0;0;0;0;0;0;0;0;0;0;0;0;0;0;0;0;0;0;0;0
19.07.2024;10:16;A 41;1;1;83;1;3;2;30;0;0;0;0;4;45;0;0;2;2;2;66;1;84;0;100;0;100;5;71;3;29;0;0;0;0;0;0;0;0;0;0;0;0;0;0;0;0;0;0;0;0;0;0;0;0;0;0;0;0;0;0;0;0;0;0
19.07.2024;10:15;A 41;1;0;0;1;1;1;62;0;0;0;0;8;13;1;2;5;37;3;50;2;55;0;100;0;100;7;90;0;77;0;0;0;0;0;0;0;0;0;0;0;0;0;0;0;0;0;0;0;0;0;0;0;0;0;0;0;0;0;0;0;0;0;0
19.07.2024;10:14;A 41;1;1;11;1;1;2;40;0;0;0;0;7;17;3;23;5;53;2;29;4;76;0;100;1;66;6;91;0;100;0;0;1;2;1;2;0;0;1;2;0;0;0;0;0;0;0;0;0;0;0;0;0;0;0;0;0;0;0;0;0;0;0;0
19.07.2024;10:13;A 41;1;1;2;3;55;3;57;0;0;0;0;9;70;1;61;5;28;1;1;1;50;0;100;1;0;4;73;0;100;1;2;0;0;0;0;0;0;0;0;0;0;0;0;0;0;0;0;0;0;0;0;0;0;0;0;0;0;0;0;0;0;0;0
19.07.2024;10:12;A 41;1;2;14;4;7;1;27;0;0;0;0;9;67;1;51;3;46;4;18;2;63;1;100;3;11;8;62;0;100;0;0;0;0;0;0;0;0;0;0;0;0;1;2;0;0;0;0;0;0;0;0;0;0;0;0;0;0;0;0;0;0;0;0
19.07.2024;10:11;A 41;1;6;48;3;6;2;24;0;0;0;0;2;50;1;0;6;27;3;15;3;40;0;100;0;0;2;99;0;100;0;0;0;0;0;0;0;0;0;0;1;2;0;0;0;0;0;0;0;0;0;0;0;0;0;0;0;0;0;0;0;0;0;0
19.07.2024;10:10;A 41;1;0;100;2;7;1;35;0;0;0;0;6;7;2;3;0;100;1;54;0;100;0;100;1;8;14;35;3;60;0;0;0;0;0;0;0;0;0;0;0;0;0;0;0;0;0;0;0;0;0;0;0;0;0;0;0;0;0;0;0;0;0;0
19.07.2024;10:09;A 41;1;7;50;1;11;0;25;0;0;0;0;5;50;3;28;3;62;2;1;3;86;0;100;0;0;4;88;6;44;0;0;0;0;0;0;0;0;1;2;0;0;0;0;0;0;0;0;0;0;0;0;0;0;0;0;0;0;0;0;0;0;0;0
19.07.2024;10:08;A 41;1;3;19;6;70;1;94;0;0;0;0;11;63;3;5;5;85;5;42;2;91;7;76;0;0;3;39;0;0;0;0;0;0;0;0;0;0;0;0;1;2;1;2;0;0;0;0;0;0;0;0;0;0;0;0;0;0;0;0;0;0;0;0
19.07.2024;10:07;A 41;1;1;1;3;9;1;64;0;0;0;0;6;71;1;38;2;59;1;36;4;90;5;83;0;1;2;19;4;32;0;0;0;0;0;0;0;0;0;0;0;0;0;0;0;0;0;0;0;0;0;0;0;0;0;0;0;0;0;0;0;0;0;0
19.07.2024;10:06;A 41;1;4;16;3;9;1;83;0;0;0;0;4;60;0;0;5;48;3;47;3;49;10;65;5;45;5;23;1;64;0;0;0;0;0;0;0;0;0;0;0;0;0;0;0;0;0;0;0;0;0;0;0;0;0;0;0;0;0;0;0;0;0;0
19.07.2024;10:05;A 41;1;2;5;4;5;3;30;0;0;0;0;1;52;1;1;2;19;1;50;1;44;6;71;0;0;6;13;0;0;0;0;0;0;0;0;0;0;0;0;0;0;0;0;0;0;0;0;0;0;0;0;0;0;0;0;0;0;0;0;0;0;0;0
19.07.2024;10:04;A 41;1;4;9;1;1;1;2;0;0;0;0;4;4;1;1;5;15;1;25;4;45;4;49;3;8;3;38;1;61;0;0;0;0;0;0;0;0;0;0;0;0;0;0;0;0;0;0;0;0;0;0;0;0;0;0;0;0;0;0;0;0;0;0
19.07.2024;10:03;A 41;1;0;0;0;0;0;0;0;0;0;0;4;49;0;0;4;80;2;2;2;55;5;67;3;12;4;27;1;47;0;0;0;0;0;0;0;0;0;0;0;0;1;2;0;0;0;0;0;0;0;0;0;0;0;0;0;0;0;0;0;0;0;0
19.07.2024;10:02;A 41;1;5;11;7;13;4;19;0;0;0;0;6;11;0;0;4;43;4;3;0;0;2;78;2;5;6;73;0;64;0;0;0;0;0;0;0;0;0;0;1;2;0;0;0;0;0;0;0;0;0;0;0;0;0;0;0;0;0;0;0;0;0;0
19.07.2024;10:01;A 41;1;1;81;1;2;0;77;0;0;0;0;8;14;0;0;1;1;0;0;1;2;10;70;2;7;6;27;1;43;0;0;0;0;0;0;0;0;0;0;0;0;0;0;0;0;0;0;0;0;0;0;0;0;0;0;0;0;0;0;0;0;0;0
19.07.2024;10:00;A 41;1;5;61;3;5;1;63;0;0;0;0;1;25;0;0;8;14;5;30;4;43;4;33;1;11;5;52;1;43;0;0;0;0;0;0;0;0;0;0;0;0;0;0;0;0;0;0;0;0;0;0;0;0;0;0;0;0;0;0;0;0;0;0
19.07.2024;09:59;A 41;1;2;6;3;13;1;38;0;0;0;0;12;40;1;1;2;4;1;1;0;0;4;90;1;4;10;49;1;39;0;0;0;0;0;0;0;0;0;0;0;0;0;0;0;0;0;0;0;0;0;0;0;0;0;0;0;0;0;0;0;0;0;0
19.07.2024;09:58;A 41;1;2;5;7;7;5;30;0;0;0;0;0;100;2;1;8;11;7;8;3;24;1;80;1;16;0;100;0;100;0;0;0;0;0;0;0;0;0;0;1;2;1;2;0;0;0;0;0;0;0;0;0;0;0;0;0;0;0;0;0;0;0;0
19.07.2024;09:57;A 41;1;2;72;6;21;0;87;0;0;0;0;1;21;0;0;6;86;5;79;1;99;5;53;4;22;4;41;1;18;0;0;0;0;0;0;0;0;0;0;0;0;0;0;0;0;0;0;0;0;0;0;0;0;0;0;0;0;0;0;0;0;0;0
19.07.2024;09:56;A 41;1;5;22;4;8;3;66;0;0;0;0;9;71;2;9;1;61;2;60;2;66;3;74;1;10;3;95;1;35;0;0;0;0;0;0;0;0;1;2;0;0;0;0;0;0;0;0;0;0;0;0;0;0;0;0;0;0;0;0;0;0;0;0
19.07.2024;09:55;A 41;1;3;13;3;3;2;89;0;0;0;0;8;55;0;0;2;55;3;70;1;32;8;53;1;2;5;54;1;38;0;0;0;0;0;0;0;0;0;0;0;0;0;0;0;0;0;0;0;0;0;0;0;0;0;0;0;0;0;0;0;0;0;0
19.07.2024;09:54;A 41;1;3;14;4;52;4;96;0;0;0;0;9;70;2;19;2;44;2;4;1;35;3;20;3;17;1;15;1;76;0;0;1;2;1;2;0;0;0;0;0;0;0;0;0;0;0;0;0;0;0;0;0;0;0;0;0;0;0;0;0;0;0;0
19.07.2024;09:53;A 41;1;2;80;5;25;0;100;0;0;0;0;10;80;1;36;4;66;4;47;3;58;5;72;1;53;5;72;1;39;1;2;0;0;0;0;0;0;0;0;0;0;0;0;0;0;0;0;0;0;0;0;0;0;0;0;0;0;0;0;0;0;0;0
19.07.2024;09:52;A 41;1;6;21;2;4;0;100;0;0;0;0;5;51;1;4;4;60;4;58;2;25;2;91;1;10;5;81;1;66;0;0;0;0;0;0;0;0;0;0;1;2;1;2;0;0;0;0;0;0;0;0;0;0;0;0;0;0;0;0;0;0;0;0
19.07.2024;09:51;A 41;1;2;3;6;13;1;80;0;0;0;0;2;87;1;0;0;100;8;37;2;24;4;49;2;9;1;64;1;95;0;0;0;0;0;0;0;0;0;0;0;0;0;0;0;0;0;0;0;0;0;0;0;0;0;0;0;0;0;0;0;0;0;0
19.07.2024;09:50;A 41;1;3;12;6;11;0;100;0;0;0;0;7;33;1;2;6;72;2;39;2;81;3;72;5;39;3;87;1;77;0;0;0;0;0;0;0;0;0;0;0;0;0;0;0;0;0;0;0;0;0;0;0;0;0;0;0;0;0;0;0;0;0;0
19.07.2024;09:49;A 41;1;1;5;3;6;1;72;0;0;0;0;10;44;1;1;3;34;3;51;1;45;5;63;4;39;3;61;1;99;0;0;0;0;1;2;0;0;0;0;0;0;1;2;0;0;0;0;0;0;0;0;0;0;0;0;0;0;0;0;0;0;0;0
19.07.2024;09:48;A 41;1;2;8;7;13;2;93;0;0;0;0;9;35;1;21;6;65;4;76;3;79;3;28;2;5;4;43;1;1;1;2;1;2;0;0;0;0;0;0;1;2;0;0;0;0;0;0;0;0;0;0;0;0;0;0;0;0;0;0;0;0;0;0
19.07.2024;09:47;A 41;1;2;4;1;1;1;76;0;0;0;0;6;55;2;34;8;50;3;7;6;82;20;62;0;4;7;79;1;55;0;0;0;0;0;0;0;0;0;0;0;0;0;0;0;0;0;0;0;0;0;0;0;0;0;0;0;0;0;0;0;0;0;0
19.07.2024;09:46;A 41;1;1;4;3;4;1;94;0;0;0;0;9;29;3;7;1;100;0;0;0;98;10;47;3;21;5;42;2;58;0;0;0;0;0;0;0;0;1;2;0;0;0;0;0;0;0;0;0;0;0;0;0;0;0;0;0;0;0;0;0;0;0;0
19.07.2024;09:45;A 41;1;4;12;2;2;0;37;0;0;0;0;4;41;1;42;3;47;0;0;2;39;3;49;2;56;7;78;1;51;0;0;0;0;0;0;0;0;0;0;0;0;0;0;0;0;0;0;0;0;0;0;0;0;0;0;0;0;0;0;0;0;0;0
19.07.2024;09:44;A 41;1;5;13;4;52;1;97;0;0;0;0;6;80;0;0;7;46;3;32;5;45;5;97;1;8;9;81;1;81;0;0;0;0;0;0;0;0;0;0;0;0;0;0;0;0;0;0;0;0;0;0;0;0;0;0;0;0;0;0;0;0;0;0
19.07.2024;09:43;A 41;1;3;9;4;35;3;77;0;0;0;0;7;56;3;7;6;38;3;51;2;35;0;100;0;0;8;71;0;3;0;0;0;0;0;0;0;0;0;0;0;0;1;2;0;0;0;0;0;0;0;0;0;0;0;0;0;0;0;0;0;0;0;0
19.07.2024;09:42;A 41;1;4;26;8;13;4;37;0;0;0;0;3;81;1;30;6;34;6;38;1;68;0;100;1;80;6;93;1;74;0;0;0;0;0;0;0;0;0;0;1;2;0;0;0;0;0;0;0;0;0;0;0;0;0;0;0;0;0;0;0;0;0;0
19.07.2024;09:41;A 41;1;5;82;4;15;1;54;0;0;0;0;4;41;0;0;1;45;1;36;3;53;2;64;3;27;5;58;2;45;0;0;0;0;0;0;0;0;0;0;0;0;0;0;0;0;0;0;0;0;0;0;0;0;0;0;0;0;0;0;0;0;0;0
19.07.2024;09:40;A 41;1;1;1;1;3;0;0;0;0;0;0;9;41;3;4;7;59;5;52;5;59;5;49;3;20;7;36;2;6;0;0;0;0;0;0;0;0;0;0;0;0;0;0;0;0;0;0;0;0;0;0;0;0;0;0;0;0;0;0;0;0;0;0
19.07.2024;09:39;A 41;1;2;6;3;7;3;34;0;0;0;0;4;7;0;0;4;67;2;51;0;0;7;58;1;7;7;9;1;7;0;0;0;0;0;0;0;0;0;0;0;0;0;0;0;0;0;0;0;0;0;0;0;0;0;0;0;0;0;0;0;0;0;0
19.07.2024;09:38;A 41;1;3;19;2;2;0;0;0;0;0;0;3;29;0;0;3;51;2;42;0;0;5;28;2;21;3;14;1;40;0;0;0;0;0;0;0;0;0;0;1;2;1;2;0;0;0;0;0;0;0;0;0;0;0;0;0;0;0;0;0;0;0;0
19.07.2024;09:37;A 41;1;2;5;3;4;1;42;0;0;0;0;3;33;0;0;1;61;1;50;2;7;4;65;1;64;6;73;2;90;0;0;0;0;0;0;0;0;0;0;0;0;0;0;0;0;0;0;0;0;0;0;0;0;0;0;0;0;0;0;0;0;0;0
19.07.2024;09:36;A 41;1;3;7;4;7;2;55;0;0;0;0;10;73;1;66;1;33;2;24;0;0;0;100;2;38;8;78;0;100;0;0;0;0;0;0;0;0;0;0;0;0;0;0;0;0;0;0;0;0;0;0;0;0;0;0;0;0;0;0;0;0;0;0
19.07.2024;09:35;A 41;1;1;64;4;11;1;95;0;0;0;0;4;56;2;13;6;52;4;3;1;2;3;78;4;56;3;69;2;27;0;0;0;0;0;0;0;0;1;2;0;0;0;0;0;0;0;0;0;0;0;0;0;0;0;0;0;0;0;0;0;0;0;0
19.07.2024;09:34;A 41;1;3;11;3;5;1;25;0;0;0;0;4;87;0;0;3;7;3;6;2;4;3;54;2;17;5;70;1;39;0;0;1;2;1;2;0;0;0;0;1;2;1;2;0;0;0;0;0;0;0;0;0;0;0;0;0;0;0;0;0;0;0;0
19.07.2024;09:33;A 41;1;5;23;5;9;1;49;0;0;0;0;9;44;0;7;3;55;4;57;1;31;2;54;1;35;11;34;1;65;1;2;0;0;0;0;0;0;0;0;0;0;0;0;0;0;0;0;0;0;0;0;0;0;0;0;0;0;0;0;0;0;0;0
19.07.2024;09:32;A 41;1;2;6;1;1;1;2;0;0;0;0;1;79;1;87;2;1;5;3;2;3;1;93;3;55;0;100;0;100;0;0;0;0;0;0;0;0;0;0;0;0;0;0;0;0;0;0;0;0;0;0;0;0;0;0;0;0;0;0;0;0;0;0
19.07.2024;09:31;A 41;1;3;17;7;12;2;63;0;0;0;0;8;13;1;1;3;34;2;16;2;25;2;70;3;29;10;61;4;26;1;2;1;2;1;2;0;0;0;0;0;0;0;0;0;0;0;0;0;0;0;0;0;0;0;0;0;0;0;0;0;0;0;0
19.07.2024;09:30;A 41;1;2;8;7;21;3;57;0;0;0;0;1;98;1;1;4;28;3;26;1;26;1;68;1;12;1;73;0;0;0;0;0;0;0;0;0;0;0;0;0;0;0;0;0;0;0;0;0;0;0;0;0;0;0;0;0;0;0;0;0;0;0;0
19.07.2024;09:29;A 41;1;3;9;3;6;1;2;0;0;0;0;7;80;2;7;2;36;3;48;2;52;3;52;0;5;8;71;0;70;0;0;0;0;0;0;0;0;0;0;0;0;0;0;0;0;0;0;0;0;0;0;0;0;0;0;0;0;0;0;0;0;0;0
19.07.2024;09:28;A 41;1;1;5;1;2;0;96;0;0;0;0;1;87;1;2;0;86;1;79;1;56;6;58;5;30;8;20;3;26;0;0;0;0;0;0;0;0;1;2;0;0;0;0;0;0;0;0;0;0;0;0;0;0;0;0;0;0;0;0;0;0;0;0
19.07.2024;09:27;A 41;1;2;4;4;8;2;41;0;0;0;0;1;80;2;4;5;58;2;41;0;0;5;76;2;8;2;50;3;34;0;0;0;0;0;0;0;0;0;0;0;0;0;0;0;0;0;0;0;0;0;0;0;0;0;0;0;0;0;0;0;0;0;0
19.07.2024;09:26;A 41;1;1;2;3;13;3;36;0;0;0;0;8;62;1;20;3;55;3;50;3;4;5;43;1;7;7;30;1;30;0;0;0;0;0;0;0;0;0;0;0;0;0;0;0;0;0;0;0;0;0;0;0;0;0;0;0;0;0;0;0;0;0;0
19.07.2024;09:25;A 41;1;2;9;5;14;0;100;0;0;0;0;8;19;0;11;1;64;1;18;2;26;5;48;3;19;11;46;1;46;0;0;0;0;0;0;0;0;0;0;0;0;0;0;0;0;0;0;0;0;0;0;0;0;0;0;0;0;0;0;0;0;0;0
19.07.2024;09:24;A 41;1;0;0;3;6;2;67;0;0;0;0;0;100;1;56;6;47;4;42;3;4;5;59;4;21;2;27;2;35;0;0;0;0;0;0;0;0;0;0;0;0;0;0;0;0;0;0;0;0;0;0;0;0;0;0;0;0;0;0;0;0;0;0
19.07.2024;09:23;A 41;1;5;12;4;8;3;44;0;0;0;0;11;71;2;66;5;35;5;26;2;3;2;92;4;56;9;74;1;86;0;0;0;0;0;0;0;0;0;0;0;0;0;0;0;0;0;0;0;0;0;0;0;0;0;0;0;0;0;0;0;0;0;0
19.07.2024;09:22;A 41;1;2;7;2;3;0;0;0;0;0;0;10;77;1;66;2;47;2;44;2;81;6;43;4;52;5;42;0;68;0;0;0;0;0;0;0;0;0;0;0;0;0;0;0;0;0;0;0;0;0;0;0;0;0;0;0;0;0;0;0;0;0;0
19.07.2024;09:21;A 41;1;3;9;4;7;1;77;0;0;0;0;0;100;0;100;7;37;10;39;1;1;2;29;2;18;1;3;2;31;0;0;0;0;0;0;0;0;0;0;1;2;1;2;0;0;0;0;0;0;0;0;0;0;0;0;0;0;0;0;0;0;0;0
19.07.2024;09:20;A 41;1;2;8;1;1;1;7;0;0;0;0;10;69;1;0;5;35;5;32;1;1;1;17;5;31;1;45;3;56;0;0;0;0;0;0;0;0;0;0;0;0;0;0;0;0;0;0;0;0;0;0;0;0;0;0;0;0;0;0;0;0;0;0
19.07.2024;09:19;A 41;1;3;25;2;4;1;3;0;0;0;0;9;81;2;3;3;85;2;85;1;76;4;51;2;12;12;28;2;31;0;0;0;0;0;0;0;0;0;0;0;0;0;0;0;0;0;0;0;0;0;0;0;0;0;0;0;0;0;0;0;0;0;0
19.07.2024;09:18;A 41;1;3;15;4;7;3;5;0;0;0;0;2;95;0;0;5;19;3;19;1;1;0;100;1;12;1;100;1;93;0;0;0;0;0;0;0;0;0;0;0;0;1;2;0;0;0;0;0;0;0;0;0;0;0;0;0;0;0;0;0;0;0;0
19.07.2024;09:17;A 41;1;1;3;4;6;3;7;0;0;0;0;9;77;1;1;3;49;2;47;2;2;0;100;2;27;10;80;1;75;0;0;0;0;0;0;0;0;0;0;1;2;0;0;0;0;0;0;0;0;0;0;0;0;0;0;0;0;0;0;0;0;0;0
19.07.2024;09:16;A 41;1;2;4;3;18;0;0;0;0;0;0;9;75;0;0;2;94;0;0;1;15;3;60;4;28;10;40;2;49;0;0;0;0;0;0;0;0;0;0;0;0;0;0;0;0;0;0;0;0;0;0;0;0;0;0;0;0;0;0;0;0;0;0
19.07.2024;09:15;A 41;1;3;21;3;34;1;6;0;0;0;0;1;96;1;92;5;59;5;45;3;19;3;59;3;70;1;72;2;66;0;0;0;0;0;0;0;0;0;0;0;0;0;0;0;0;0;0;0;0;0;0;0;0;0;0;0;0;0;0;0;0;0;0
19.07.2024;09:14;A 41;1;1;3;1;1;0;9;0;0;0;0;8;77;2;53;2;18;1;4;0;0;4;54;1;7;4;75;1;83;0;0;0;0;0;0;0;0;1;2;1;2;1;2;0;0;0;0;0;0;0;0;0;0;0;0;0;0;0;0;0;0;0;0
19.07.2024;09:13;A 41;1;4;14;4;9;0;100;0;0;0;0;7;76;1;6;4;75;2;2;1;2;2;47;3;33;7;22;2;54;1;2;1;2;1;2;0;0;0;0;0;0;0;0;0;0;0;0;0;0;0;0;0;0;0;0;0;0;0;0;0;0;0;0
19.07.2024;09:12;A 41;1;3;13;2;3;3;47;0;0;0;0;0;100;1;100;5;43;5;34;4;46;5;78;2;36;1;74;2;76;0;0;0;0;0;0;0;0;0;0;0;0;0;0;0;0;0;0;0;0;0;0;0;0;0;0;0;0;0;0;0;0;0;0
19.07.2024;09:11;A 41;1;3;6;7;10;2;18;0;0;0;0;9;69;0;0;3;71;3;17;1;76;3;44;3;26;4;59;0;63;0;0;0;0;0;0;0;0;0;0;0;0;0;0;0;0;0;0;0;0;0;0;0;0;0;0;0;0;0;0;0;0;0;0
19.07.2024;09:10;A 41;1;3;11;2;3;1;85;0;0;0;0;8;74;1;13;2;2;3;20;1;2;2;64;3;14;11;54;2;27;0;0;0;0;0;0;0;0;0;0;0;0;0;0;0;0;0;0;0;0;0;0;0;0;0;0;0;0;0;0;0;0;0;0
19.07.2024;09:09;A 41;1;0;0;7;20;4;59;0;0;0;0;0;100;1;97;9;36;11;10;5;19;6;63;0;0;1;64;0;0;0;0;0;0;0;0;0;0;0;0;0;0;0;0;0;0;0;0;0;0;0;0;0;0;0;0;0;0;0;0;0;0;0;0
19.07.2024;09:08;A 41;1;3;15;0;0;1;71;0;0;0;0;4;61;0;0;5;65;3;2;2;2;4;22;0;0;1;53;0;63;0;0;0;0;0;0;0;0;0;0;0;0;0;0;0;0;0;0;0;0;0;0;0;0;0;0;0;0;0;0;0;0;0;0
19.07.2024;09:07;A 41;1;1;4;5;7;3;30;0;0;0;0;7;57;0;0;4;79;5;81;2;85;4;64;4;32;9;31;4;48;0;0;0;0;0;0;0;0;0;0;1;2;1;2;0;0;0;0;0;0;0;0;0;0;0;0;0;0;0;0;0;0;0;0
19.07.2024;09:06;A 41;1;3;10;4;9;1;30;0;0;0;0;3;46;1;1;2;26;3;22;2;6;4;65;2;35;6;40;2;36;0;0;0;0;0;0;0;0;0;0;0;0;0;0;0;0;0;0;0;0;0;0;0;0;0;0;0;0;0;0;0;0;0;0
19.07.2024;09:05;A 41;1;2;5;0;0;0;0;0;0;0;0;9;71;1;2;2;3;3;3;2;3;2;69;2;30;8;80;2;25;0;0;0;0;0;0;0;0;0;0;0;0;0;0;0;0;0;0;0;0;0;0;0;0;0;0;0;0;0;0;0;0;0;0
19.07.2024;09:04;A 41;1;1;8;4;11;0;85;0;0;0;0;6;69;1;4;6;72;3;49;1;58;4;69;2;7;5;88;1;30;0;0;0;0;0;0;0;0;1;2;0;0;0;0;0;0;0;0;0;0;0;0;0;0;0;0;0;0;0;0;0;0;0;0
19.07.2024;09:03;A 41;1;1;38;6;12;2;83;0;0;0;0;1;68;1;46;6;59;6;48;6;77;1;98;2;14;5;75;3;70;0;0;0;0;0;0;0;0;0;0;1;2;1;2;0;0;0;0;0;0;0;0;0;0;0;0;0;0;0;0;0;0;0;0
19.07.2024;09:02;A 41;1;0;0;0;0;0;0;0;0;0;0;10;52;1;37;3;30;2;38;2;87;4;55;0;46;8;53;0;84;0;0;0;0;0;0;0;0;0;0;0;0;0;0;0;0;0;0;0;0;0;0;0;0;0;0;0;0;0;0;0;0;0;0
19.07.2024;09:01;A 41;1;0;90;3;13;2;89;0;0;0;0;10;71;1;1;3;75;1;67;3;14;2;81;5;28;8;36;4;20;0;0;0;0;0;0;0;0;0;0;0;0;0;0;0;0;0;0;0;0;0;0;0;0;0;0;0;0;0;0;0;0;0;0
19.07.2024;09:00;A 41;1;4;38;5;8;2;11;0;0;0;0;1;98;0;0;3;2;4;2;5;9;1;98;0;0;0;100;0;0;0;0;0;0;0;0;0;0;0;0;0;0;0;0;0;0;0;0;0;0;0;0;0;0;0;0;0;0;0;0;0;0;0;0
19.07.2024;08:59;A 41;1;0;0;0;0;0;0;0;0;0;0;9;75;0;0;5;37;4;31;2;3;5;84;2;13;7;54;2;6;0;0;0;0;0;0;0;0;0;0;1;2;1;2;0;0;0;0;0;0;0;0;0;0;0;0;0;0;0;0;0;0;0;0
19.07.2024;08:58;A 41;1;3;13;3;11;0;83;0;0;0;0;6;47;0;0;2;78;4;6;2;88;4;46;0;0;9;19;2;2;0;0;0;0;0;0;0;0;0;0;0;0;0;0;0;0;0;0;0;0;0;0;0;0;0;0;0;0;0;0;0;0;0;0
19.07.2024;08:57;A 41;1;3;8;6;18;2;66;0;0;0;0;2;93;1;88;6;66;7;45;6;17;0;100;1;8;3;91;1;20;0;0;0;0;0;0;0;0;0;0;0;0;1;2;0;0;0;0;0;0;0;0;0;0;0;0;0;0;0;0;0;0;0;0
19.07.2024;08:56;A 41;1;3;7;1;1;0;43;0;0;0;0;6;86;2;58;7;11;3;14;0;0;0;100;5;38;4;90;4;75;0;0;0;0;0;0;0;0;1;2;1;2;0;0;0;0;0;0;0;0;0;0;0;0;0;0;0;0;0;0;0;0;0;0
19.07.2024;08:55;A 41;1;4;21;3;6;1;87;0;0;0;0;6;17;1;3;5;20;2;25;0;0;4;80;4;47;7;42;3;44;1;2;1;2;1;2;0;0;0;0;0;0;0;0;0;0;0;0;0;0;0;0;0;0;0;0;0;0;0;0;0;0;0;0
19.07.2024;08:54;A 41;1;2;19;3;7;1;46;0;0;0;0;0;100;0;0;5;24;3;36;4;6;7;46;0;0;4;50;0;0;0;0;0;0;0;0;0;0;0;0;0;0;0;0;0;0;0;0;0;0;0;0;0;0;0;0;0;0;0;0;0;0;0;0
19.07.2024;08:53;A 41;1;5;17;2;2;1;2;0;0;0;0;8;79;2;77;4;4;4;30;3;16;6;88;2;20;11;51;1;3;0;0;0;0;0;0;0;0;0;0;0;0;0;0;0;0;0;0;0;0;0;0;0;0;0;0;0;0;0;0;0;0;0;0
19.07.2024;08:52;A 41;1;2;7;3;6;2;20;0;0;0;0;10;78;2;68;5;60;7;62;1;2;0;39;0;0;6;38;0;0;0;0;0;0;0;0;0;0;0;0;1;2;1;2;0;0;0;0;0;0;0;0;0;0;0;0;0;0;0;0;0;0;0;0
19.07.2024;08:51;A 41;1;5;15;7;23;5;43;0;0;0;0;0;100;1;80;6;12;5;8;5;52;3;94;1;7;1;69;1;2;0;0;0;0;0;0;0;0;0;0;0;0;0;0;0;0;0;0;0;0;0;0;0;0;0;0;0;0;0;0;0;0;0;0
19.07.2024;08:50;A 41;1;0;0;0;0;0;0;0;0;0;0;10;78;0;0;6;6;7;6;8;38;5;36;2;14;2;3;1;72;0;0;0;0;0;0;0;0;0;0;0;0;0;0;0;0;0;0;0;0;0;0;0;0;0;0;0;0;0;0;0;0;0;0
19.07.2024;08:49;A 41;1;4;13;1;3;0;0;0;0;0;0;5;71;2;15;1;2;1;79;1;84;4;61;2;21;12;28;2;36;0;0;0;0;0;0;0;0;0;0;0;0;0;0;0;0;0;0;0;0;0;0;0;0;0;0;0;0;0;0;0;0;0;0
19.07.2024;08:48;A 41;1;4;19;2;10;0;46;0;0;0;0;1;29;1;61;10;60;12;54;2;48;4;77;3;32;2;58;5;54;0;0;0;0;0;0;0;0;0;0;0;0;0;0;0;0;0;0;0;0;0;0;0;0;0;0;0;0;0;0;0;0;0;0
19.07.2024;08:47;A 41;1;0;2;4;7;3;74;0;0;0;0;9;59;0;0;1;81;1;53;1;47;1;64;2;9;4;57;1;58;0;0;0;0;0;0;0;0;0;0;0;0;0;0;0;0;0;0;0;0;0;0;0;0;0;0;0;0;0;0;0;0;0;0
19.07.2024;08:46;A 41;1;5;29;3;7;0;0;0;0;0;0;6;29;1;3;2;2;2;25;2;74;3;80;5;54;13;38;1;67;0;0;0;0;0;0;0;0;0;0;0;0;0;0;0;0;0;0;0;0;0;0;0;0;0;0;0;0;0;0;0;0;0;0
19.07.2024;08:45;A 41;1;2;4;6;12;2;47;0;0;0;0;5;83;1;39;4;32;3;4;5;50;2;58;2;50;1;57;1;52;0;0;0;0;0;0;0;0;0;0;0;0;0;0;0;0;0;0;0;0;0;0;0;0;0;0;0;0;0;0;0;0;0;0
19.07.2024;08:44;A 41;1;5;21;3;5;0;12;0;0;0;0;7;85;1;14;13;42;8;9;5;87;2;19;4;18;1;74;1;91;0;0;0;0;1;2;0;0;0;0;0;0;0;0;0;0;0;0;0;0;0;0;0;0;0;0;0;0;0;0;0;0;0;0
19.07.2024;08:43;A 41;1;1;98;2;9;0;100;0;0;0;0;6;23;2;5;2;95;2;93;1;95;1;88;2;40;14;27;1;54;1;2;1;2;0;0;0;0;0;0;0;0;0;0;0;0;0;0;0;0;0;0;0;0;0;0;0;0;0;0;0;0;0;0
19.07.2024;08:42;A 41;1;10;46;3;3;2;52;0;0;0;0;2;6;2;14;7;49;4;44;2;96;3;39;2;33;2;89;1;91;0;0;0;0;0;0;0;0;1;2;0;0;0;0;0;0;0;0;0;0;0;0;0;0;0;0;0;0;0;0;0;0;0;0
19.07.2024;08:41;A 41;1;1;3;0;0;3;15;0;0;0;0;2;58;4;7;2;47;2;12;3;49;4;46;5;29;4;24;2;41;0;0;0;0;0;0;0;0;0;0;1;2;1;2;0;0;0;0;0;0;0;0;0;0;0;0;0;0;0;0;0;0;0;0
19.07.2024;08:40;A 41;1;1;7;5;12;1;49;0;0;0;0;9;77;1;4;1;25;0;0;0;0;1;62;3;19;9;43;2;63;0;0;0;0;0;0;0;0;0;0;0;0;0;0;0;0;0;0;0;0;0;0;0;0;0;0;0;0;0;0;0;0;0;0
19.07.2024;08:39;A 41;1;3;47;5;20;0;96;0;0;0;0;1;77;0;0;5;53;5;42;3;45;3;85;3;48;3;57;3;50;0;0;0;0;0;0;0;0;0;0;1;2;1;2;0;0;0;0;0;0;0;0;0;0;0;0;0;0;0;0;0;0;0;0
19.07.2024;08:38;A 41;1;3;16;2;4;1;69;0;0;0;0;6;54;2;8;2;36;0;0;2;51;4;67;1;36;6;59;0;72;0;0;0;0;0;0;0;0;0;0;0;0;0;0;0;0;0;0;0;0;0;0;0;0;0;0;0;0;0;0;0;0;0;0
19.07.2024;08:37;A 41;1;1;11;3;4;2;87;0;0;0;0;9;59;0;7;4;79;6;80;0;75;4;67;2;37;13;62;2;24;2;3;2;3;2;3;0;0;0;0;0;0;0;0;0;0;0;0;0;0;0;0;0;0;0;0;0;0;0;0;0;0;0;0
19.07.2024;08:36;A 41;1;5;12;6;12;2;84;0;0;0;0;0;100;1;54;8;61;4;46;3;70;6;68;4;31;7;66;2;68;0;0;0;0;0;0;0;0;0;0;0;0;0;0;0;0;0;0;0;0;0;0;0;0;0;0;0;0;0;0;0;0;0;0
19.07.2024;08:35;A 41;1;0;0;1;1;1;51;0;0;0;0;5;70;2;41;4;51;5;47;1;74;0;100;0;47;10;86;0;84;0;0;0;0;0;0;0;0;1;2;0;0;0;0;0;0;0;0;0;0;0;0;0;0;0;0;0;0;0;0;0;0;0;0
19.07.2024;08:34;A 41;1;3;9;5;12;2;47;0;0;0;0;5;45;0;24;3;52;3;47;2;4;0;100;5;44;4;62;3;55;0;0;0;0;0;0;0;0;0;0;1;2;1;2;0;0;0;0;0;0;0;0;0;0;0;0;0;0;0;0;0;0;0;0
19.07.2024;08:33;A 41;1;4;13;1;1;1;51;0;0;0;0;1;88;1;5;5;30;7;6;2;2;2;94;1;6;1;68;1;63;0;0;0;0;0;0;0;0;0;0;0;0;0;0;0;0;0;0;0;0;0;0;0;0;0;0;0;0;0;0;0;0;0;0
19.07.2024;08:32;A 41;1;3;9;0;2;0;100;0;0;0;0;4;63;1;12;6;53;6;6;3;5;5;34;2;29;2;22;3;55;0;0;0;0;0;0;0;0;0;0;0;0;0;0;0;0;0;0;0;0;0;0;0;0;0;0;0;0;0;0;0;0;0;0
19.07.2024;08:31;A 41;1;4;16;4;37;0;100;0;0;0;0;8;30;0;0;2;93;3;96;1;58;3;39;1;19;11;22;3;12;0;0;0;0;0;0;0;0;0;0;0;0;0;0;0;0;0;0;0;0;0;0;0;0;0;0;0;0;0;0;0;0;0;0
19.07.2024;08:30;A 41;1;2;7;4;6;2;58;0;0;0;0;0;100;1;47;9;36;8;35;1;27;3;43;1;1;1;67;0;0;0;0;0;0;0;0;0;0;0;0;0;0;0;0;0;0;0;0;0;0;0;0;0;0;0;0;0;0;0;0;0;0;0;0
19.07.2024;08:29;A 41;1;1;3;0;0;1;78;0;0;0;0;7;71;0;61;6;47;7;51;5;40;5;40;4;25;6;74;3;39;0;0;0;0;0;0;0;0;0;0;0;0;0;0;0;0;0;0;0;0;0;0;0;0;0;0;0;0;0;0;0;0;0;0
19.07.2024;08:28;A 41;1;3;7;5;11;3;91;0;0;0;0;8;53;2;12;3;12;0;0;1;87;3;43;2;16;7;28;3;12;0;0;0;0;0;0;0;0;0;0;0;0;0;0;0;0;0;0;0;0;0;0;0;0;0;0;0;0;0;0;0;0;0;0
19.07.2024;08:27;A 41;1;6;15;4;5;5;42;0;0;0;0;1;97;0;0;5;5;5;3;2;15;1;66;0;0;2;80;0;0;0;0;0;0;0;0;0;0;0;0;0;0;0;0;0;0;0;0;0;0;0;0;0;0;0;0;0;0;0;0;0;0;0;0
19.07.2024;08:26;A 41;1;1;3;1;1;0;0;0;0;0;0;6;75;1;69;6;8;4;5;1;2;2;74;1;40;9;16;1;22;0;0;0;0;0;0;0;0;0;0;0;0;0;0;0;0;0;0;0;0;0;0;0;0;0;0;0;0;0;0;0;0;0;0
19.07.2024;08:25;A 41;1;0;0;4;7;2;28;0;0;0;0;11;67;3;28;2;64;0;0;2;61;2;16;1;7;4;21;0;5;0;0;0;0;0;0;0;0;1;2;0;0;0;0;0;0;0;0;0;0;0;0;0;0;0;0;0;0;0;0;0;0;0;0
19.07.2024;08:24;A 41;1;5;20;4;11;0;80;0;0;0;0;1;99;1;50;6;41;6;43;1;42;4;36;2;22;1;38;3;54;0;0;0;0;0;0;0;0;0;0;0;0;0;0;0;0;0;0;0;0;0;0;0;0;0;0;0;0;0;0;0;0;0;0
19.07.2024;08:23;A 41;1;2;5;3;6;1;88;0;0;0;0;4;56;0;0;5;41;2;30;2;83;0;86;2;26;9;61;2;45;0;0;0;0;0;0;0;0;0;0;0;0;0;0;0;0;0;0;0;0;0;0;0;0;0;0;0;0;0;0;0;0;0;0
19.07.2024;08:22;A 41;1;3;15;2;12;0;100;0;0;0;0;6;36;0;0;5;88;3;9;2;94;5;39;2;19;3;11;2;6;0;0;0;0;0;0;0;0;0;0;0;0;0;0;0;0;0;0;0;0;0;0;0;0;0;0;0;0;0;0;0;0;0;0
19.07.2024;08:21;A 41;1;2;5;4;15;1;52;0;0;0;0;3;81;1;2;4;37;3;36;5;61;5;42;2;10;4;54;2;2;0;0;0;0;0;0;0;0;0;0;1;2;1;2;0;0;0;0;0;0;0;0;0;0;0;0;0;0;0;0;0;0;0;0
19.07.2024;08:20;A 41;1;2;11;3;5;2;77;0;0;0;0;4;61;0;0;3;63;3;65;1;64;1;86;10;38;9;73;2;89;0;0;0;0;0;0;0;0;0;0;0;0;1;2;0;0;0;0;0;0;0;0;0;0;0;0;0;0;0;0;0;0;0;0
19.07.2024;08:19;A 41;1;6;19;6;18;1;91;0;0;0;0;9;74;0;0;2;82;3;68;1;77;3;57;6;41;7;21;5;64;0;0;0;0;0;0;0;0;0;0;1;2;0;0;0;0;0;0;0;0;0;0;0;0;0;0;0;0;0;0;0;0;0;0
19.07.2024;08:18;A 41;1;8;25;8;18;6;37;0;0;0;0;1;100;1;1;6;55;4;47;1;45;7;72;2;75;2;42;3;49;0;0;0;0;0;0;0;0;0;0;0;0;0;0;0;0;0;0;0;0;0;0;0;0;0;0;0;0;0;0;0;0;0;0
19.07.2024;08:17;A 41;1;3;12;2;4;1;8;0;0;0;0;10;77;1;2;8;20;4;9;4;37;5;29;3;5;7;77;0;100;0;0;0;0;0;0;0;0;0;0;0;0;0;0;0;0;0;0;0;0;0;0;0;0;0;0;0;0;0;0;0;0;0;0
19.07.2024;08:16;A 41;1;3;11;3;7;1;38;0;0;0;0;9;56;1;20;0;100;1;96;0;100;4;51;1;37;5;63;0;100;0;0;0;0;0;0;0;0;1;2;0;0;0;0;0;0;0;0;0;0;0;0;0;0;0;0;0;0;0;0;0;0;0;0
19.07.2024;08:15;A 41;1;5;20;4;11;0;72;0;0;0;0;7;78;1;30;6;23;2;8;3;19;10;68;2;35;5;75;0;100;0;0;0;0;0;0;0;0;0;0;0;0;0;0;0;0;0;0;0;0;0;0;0;0;0;0;0;0;0;0;0;0;0;0
19.07.2024;08:14;A 41;1;3;5;1;2;1;2;0;0;0;0;5;89;1;60;3;8;4;7;0;0;1;94;1;55;4;91;2;97;0;0;0;0;0;0;0;0;0;0;1;2;1;2;0;0;0;0;0;0;0;0;0;0;0;0;0;0;0;0;0;0;0;0
19.07.2024;08:13;A 41;1;1;10;4;13;2;5;0;0;0;0;4;40;0;7;1;35;2;1;2;19;5;62;5;23;6;78;2;36;0;0;1;2;1;2;0;0;0;0;0;0;0;0;0;0;0;0;0;0;0;0;0;0;0;0;0;0;0;0;0;0;0;0
19.07.2024;08:12;A 41;1;4;35;3;8;1;43;0;0;0;0;0;100;1;73;9;51;5;41;1;46;6;39;1;12;4;70;2;64;1;2;0;0;0;0;0;0;0;0;0;0;0;0;0;0;0;0;0;0;0;0;0;0;0;0;0;0;0;0;0;0;0;0
19.07.2024;08:11;A 41;1;2;8;2;4;1;8;0;0;0;0;11;63;2;8;5;63;4;48;4;57;1;79;2;52;6;61;0;98;0;0;0;0;0;0;0;0;0;0;0;0;0;0;0;0;0;0;0;0;0;0;0;0;0;0;0;0;0;0;0;0;0;0
19.07.2024;08:10;A 41;1;3;6;2;5;0;0;0;0;0;0;8;70;2;10;4;86;3;86;2;94;7;62;2;42;10;40;1;78;0;0;0;0;0;0;0;0;0;0;0;0;0;0;0;0;0;0;0;0;0;0;0;0;0;0;0;0;0;0;0;0;0;0
19.07.2024;08:09;A 41;1;7;29;7;12;5;25;0;0;0;0;3;94;1;94;8;48;9;34;2;15;2;83;1;28;1;92;1;92;0;0;0;0;0;0;0;0;0;0;0;0;1;2;0;0;0;0;0;0;0;0;0;0;0;0;0;0;0;0;0;0;0;0
19.07.2024;08:08;A 41;1;2;4;2;4;0;7;0;0;0;0;8;14;0;0;8;38;5;30;0;0;2;97;3;22;3;82;2;46;0;0;0;0;0;0;0;0;0;0;1;2;0;0;0;0;0;0;0;0;0;0;0;0;0;0;0;0;0;0;0;0;0;0
19.07.2024;08:07;A 41;1;4;12;6;29;1;90;0;0;0;0;2;4;0;0;2;79;4;79;1;78;4;51;1;11;7;25;1;7;0;0;0;0;0;0;0;0;0;0;0;0;0;0;0;0;0;0;0;0;0;0;0;0;0;0;0;0;0;0;0;0;0;0
19.07.2024;08:06;A 41;1;6;33;6;18;5;28;0;0;0;0;2;36;2;2;5;63;4;13;2;21;4;74;3;25;3;69;1;80;0;0;0;0;0;0;0;0;0;0;0;0;0;0;0;0;0;0;0;0;0;0;0;0;0;0;0;0;0;0;0;0;0;0
19.07.2024;08:05;A 41;1;2;9;0;0;0;0;0;0;0;0;3;62;1;59;3;22;3;2;0;0;0;100;1;23;9;77;2;81;0;0;0;0;0;0;0;0;0;0;0;0;0;0;0;0;0;0;0;0;0;0;0;0;0;0;0;0;0;0;0;0;0;0
19.07.2024;08:04;A 41;1;1;2;2;4;2;7;0;0;0;0;8;71;2;13;2;81;5;62;2;80;5;84;2;14;4;69;1;37;0;0;0;0;0;0;0;0;1;2;0;0;0;0;0;0;0;0;0;0;0;0;0;0;0;0;0;0;0;0;0;0;0;0
19.07.2024;08:03;A 41;1;4;12;3;6;1;3;0;0;0;0;1;99;1;4;7;38;8;8;5;60;2;38;4;24;2;41;1;65;0;0;0;0;0;0;0;0;0;0;1;2;1;2;0;0;0;0;0;0;0;0;0;0;0;0;0;0;0;0;0;0;0;0
19.07.2024;08:02;A 41;1;0;0;1;2;2;21;0;0;0;0;11;71;1;0;6;62;5;4;3;65;9;67;3;31;8;68;1;97;0;0;0;0;0;0;0;0;0;0;0;0;0;0;0;0;0;0;0;0;0;0;0;0;0;0;0;0;0;0;0;0;0;0
19.07.2024;08:01;A 41;1;2;6;3;6;4;34;0;0;0;0;9;78;1;3;2;27;0;0;0;0;4;49;4;30;4;32;4;18;0;0;0;0;0;0;0;0;0;0;0;0;0;0;0;0;0;0;0;0;0;0;0;0;0;0;0;0;0;0;0;0;0;0
19.07.2024;08:00;A 41;1;1;2;2;3;1;7;0;0;0;0;2;92;0;0;9;41;9;38;3;4;8;67;0;0;2;13;0;0;0;0;0;0;0;0;0;0;0;0;0;0;2;3;0;0;0;0;0;0;0;0;0;0;0;0;0;0;0;0;0;0;0;0
19.07.2024;07:59;A 41;1;2;5;4;8;1;39;0;0;0;0;8;83;2;43;5;24;6;27;4;26;1;12;2;11;0;0;2;5;0;0;0;0;0;0;0;0;0;0;2;3;0;0;0;0;0;0;0;0;0;0;0;0;0;0;0;0;0;0;0;0;0;0
19.07.2024;07:58;A 41;1;3;33;1;4;0;100;0;0;0;0;4;48;0;0;2;95;2;73;1;98;2;72;2;42;14;29;2;39;0;0;0;0;0;0;0;0;0;0;0;0;0;0;0;0;0;0;0;0;0;0;0;0;0;0;0;0;0;0;0;0;0;0
19.07.2024;07:57;A 41;1;5;38;2;59;0;100;0;0;0;0;0;99;0;0;8;44;4;28;3;50;5;64;2;60;3;72;1;56;0;0;0;0;0;0;0;0;0;0;0;0;0;0;0;0;0;0;0;0;0;0;0;0;0;0;0;0;0;0;0;0;0;0
19.07.2024;07:56;A 41;1;2;7;4;53;1;89;0;0;0;0;9;73;1;11;3;63;1;43;5;56;2;70;3;24;7;64;4;28;0;0;0;0;0;0;0;0;0;0;0;0;0;0;0;0;0;0;0;0;0;0;0;0;0;0;0;0;0;0;0;0;0;0
19.07.2024;07:55;A 41;1;5;11;5;9;1;47;0;0;0;0;4;35;0;0;4;82;4;65;3;90;3;76;2;13;14;51;2;33;0;0;0;0;0;0;0;0;0;0;0;0;0;0;0;0;0;0;0;0;0;0;0;0;0;0;0;0;0;0;0;0;0;0
19.07.2024;07:54;A 41;1;4;10;2;7;0;32;0;0;0;0;2;46;0;0;3;34;2;2;2;35;6;87;3;22;1;67;2;78;0;0;0;0;0;0;0;0;0;0;0;0;0;0;0;0;0;0;0;0;0;0;0;0;0;0;0;0;0;0;0;0;0;0
19.07.2024;07:53;A 41;1;4;17;3;11;2;76;0;0;0;0;9;76;3;12;3;73;5;8;1;9;4;20;2;16;2;92;1;4;0;0;0;0;0;0;0;0;1;2;0;0;1;2;0;0;0;0;0;0;0;0;0;0;0;0;0;0;0;0;0;0;0;0
19.07.2024;07:52;A 41;1;2;9;3;7;2;9;0;0;0;0;9;44;0;0;6;13;6;21;1;41;2;14;1;8;2;29;0;44;1;2;1;2;1;2;0;0;0;0;1;2;0;0;0;0;0;0;0;0;0;0;0;0;0;0;0;0;0;0;0;0;0;0
19.07.2024;07:51;A 41;1;4;25;9;17;2;60;0;0;0;0;1;99;0;0;6;43;3;38;2;24;4;52;1;56;7;45;1;40;0;0;0;0;0;0;0;0;0;0;0;0;0;0;0;0;0;0;0;0;0;0;0;0;0;0;0;0;0;0;0;0;0;0
19.07.2024;07:50;A 41;1;1;3;0;0;0;0;0;0;0;0;10;78;2;68;3;48;4;17;2;2;0;100;2;17;8;73;3;71;0;0;0;0;0;0;0;0;0;0;0;0;0;0;0;0;0;0;0;0;0;0;0;0;0;0;0;0;0;0;0;0;0;0
19.07.2024;07:49;A 41;1;3;13;1;4;0;75;0;0;0;0;4;72;2;32;5;82;3;5;2;67;5;65;3;14;1;2;2;29;0;0;0;0;0;0;0;0;0;0;0;0;0;0;0;0;0;0;0;0;0;0;0;0;0;0;0;0;0;0;0;0;0;0
19.07.2024;07:48;A 41;1;7;17;7;15;4;52;0;0;0;0;0;100;1;1;6;34;2;26;5;19;1;7;1;9;2;50;1;40;0;0;0;0;0;0;0;0;0;0;0;0;0;0;0;0;0;0;0;0;0;0;0;0;0;0;0;0;0;0;0;0;0;0
19.07.2024;07:47;A 41;1;2;6;1;3;0;11;0;0;0;0;9;76;0;0;4;57;6;57;4;7;1;95;2;25;9;72;1;75;0;0;0;0;0;0;0;0;0;0;0;0;0;0;0;0;0;0;0;0;0;0;0;0;0;0;0;0;0;0;0;0;0;0
19.07.2024;07:46;A 41;1;2;12;3;9;0;100;0;0;0;0;2;78;1;5;3;64;3;61;0;74;3;71;2;13;8;70;1;62;0;0;0;0;0;0;0;0;1;2;0;0;0;0;0;0;0;0;0;0;0;0;0;0;0;0;0;0;0;0;0;0;0;0
19.07.2024;07:45;A 41;1;9;30;6;17;0;100;0;0;0;0;2;86;1;1;6;42;3;3;2;79;3;86;3;47;4;64;2;58;0;0;0;0;0;0;0;0;0;0;0;0;0;0;0;0;0;0;0;0;0;0;0;0;0;0;0;0;0;0;0;0;0;0
19.07.2024;07:44;A 41;1;3;10;3;6;3;71;0;0;0;0;8;74;1;18;7;24;4;3;2;43;3;18;3;23;3;68;2;40;0;0;0;0;1;2;0;0;0;0;0;0;0;0;0;0;0;0;0;0;0;0;0;0;0;0;0;0;0;0;0;0;0;0
19.07.2024;07:43;A 41;1;2;9;3;6;2;86;0;0;0;0;2;10;0;0;1;67;1;35;1;6;4;25;0;2;3;27;0;26;1;2;1;2;0;0;0;0;0;0;0;0;0;0;0;0;0;0;0;0;0;0;0;0;0;0;0;0;0;0;0;0;0;0
19.07.2024;07:42;A 41;1;4;16;2;10;1;45;0;0;0;0;1;3;1;4;7;21;5;12;1;2;6;40;3;28;2;84;1;59;0;0;0;0;0;0;0;0;0;0;1;2;1;2;0;0;0;0;0;0;0;0;0;0;0;0;0;0;0;0;0;0;0;0
19.07.2024;07:41;A 41;1;4;16;2;7;3;62;0;0;0;0;5;57;0;0;4;3;3;2;1;2;1;74;2;30;5;72;2;75;0;0;0;0;0;0;0;0;0;0;0;0;0;0;0;0;0;0;0;0;0;0;0;0;0;0;0;0;0;0;0;0;0;0
19.07.2024;07:40;A 41;1;5;9;4;7;0;97;0;0;0;0;2;5;1;1;2;77;1;76;1;78;5;58;4;22;8;33;3;46;0;0;0;0;0;0;0;0;0;0;0;0;0;0;0;0;0;0;0;0;0;0;0;0;0;0;0;0;0;0;0;0;0;0
19.07.2024;07:39;A 41;1;2;44;3;35;2;97;0;0;0;0;2;95;1;0;6;55;5;47;1;29;3;51;39;70;4;47;1;78;0;0;0;0;0;0;0;0;0;0;0;0;0;0;0;0;0;0;0;0;0;0;0;0;0;0;0;0;0;0;0;0;0;0
19.07.2024;07:38;A 41;1;4;17;3;44;0;100;0;0;0;0;10;57;0;0;3;77;3;67;1;2;6;38;3;23;7;51;1;2;0;0;0;0;0;0;0;0;0;0;0;0;0;0;0;0;0;0;0;0;0;0;0;0;0;0;0;0;0;0;0;0;0;0
19.07.2024;07:37;A 41;1;4;35;3;14;0;100;0;0;0;0;5;44;2;3;6;35;8;66;2;16;1;78;1;10;14;61;1;14;0;0;0;0;0;0;0;0;0;0;1;2;1;2;0;0;0;0;0;0;0;0;0;0;0;0;0;0;0;0;0;0;0;0
19.07.2024;07:36;A 41;1;4;20;5;17;1;98;0;0;0;0;1;61;1;24;10;24;7;5;3;30;3;82;2;17;2;88;1;92;0;0;0;0;1;2;0;0;0;0;0;0;0;0;0;0;0;0;0;0;0;0;0;0;0;0;0;0;0;0;0;0;0;0
19.07.2024;07:35;A 41;1;3;10;4;8;1;70;0;0;0;0;9;67;2;4;4;47;2;2;1;61;4;63;5;27;9;14;1;89;1;2;1;2;0;0;0;0;0;0;0;0;0;0;0;0;0;0;0;0;0;0;0;0;0;0;0;0;0;0;0;0;0;0
19.07.2024;07:34;A 41;1;2;35;4;11;0;100;0;0;0;0;7;32;1;11;3;60;4;56;0;0;2;66;2;73;13;50;4;74;0;0;0;0;0;0;0;0;0;1;0;0;0;0;0;0;0;0;0;0;0;0;0;0;0;0;0;0;0;0;0;0;0;0
19.07.2024;07:33;A 41;1;3;5;6;15;2;3;0;0;0;0;2;61;1;4;3;3;3;2;5;35;1;95;1;70;1;71;2;61;0;0;0;0;0;0;0;0;1;1;0;0;0;0;0;0;0;0;0;0;0;0;0;0;0;0;0;0;0;0;0;0;0;0
19.07.2024;07:32;A 41;1;2;6;1;5;1;10;0;0;0;0;7;64;1;4;1;5;1;4;1;33;1;10;1;14;1;60;1;60;0;0;0;0;0;0;0;0;0;0;1;2;1;2;0;0;0;0;0;0;0;0;0;0;0;0;0;0;0;0;0;0;0;0
19.07.2024;07:31;A 41;1;2;7;1;2;0;98;0;0;0;0;5;22;0;0;2;9;2;2;2;3;2;46;1;3;6;43;0;0;0;0;0;0;0;0;0;0;0;0;0;0;0;0;0;0;0;0;0;0;0;0;0;0;0;0;0;0;0;0;0;0;0;0
19.07.2024;07:30;A 41;1;1;2;2;5;2;43;0;0;0;0;0;100;0;0;4;37;5;7;4;9;1;59;0;0;4;25;0;0;0;0;0;0;0;0;0;0;0;0;0;0;0;0;0;0;0;0;0;0;0;0;0;0;0;0;0;0;0;0;0;0;0;0
19.07.2024;07:29;A 41;1;2;6;2;6;1;75;0;0;0;0;9;66;0;0;4;3;1;1;1;23;4;30;3;37;3;50;5;16;0;0;0;0;0;0;0;0;0;0;0;0;0;0;0;0;0;0;0;0;0;0;0;0;0;0;0;0;0;0;0;0;0;0
19.07.2024;07:28;A 41;1;2;7;5;16;2;18;0;0;0;0;5;70;1;1;3;72;2;69;3;21;8;55;1;7;6;11;2;5;0;0;0;0;0;0;0;0;0;0;0;0;0;0;0;0;0;0;0;0;0;0;0;0;0;0;0;0;0;0;0;0;0;0
19.07.2024;07:27;A 41;1;3;13;3;5;4;38;0;0;0;0;0;0;0;0;5;5;4;2;2;20;4;64;2;19;1;93;2;45;0;0;0;0;1;2;0;0;0;0;0;0;0;0;0;0;0;0;0;0;0;0;0;0;0;0;0;0;0;0;0;0;0;0
19.07.2024;07:26;A 41;1;1;3;2;2;6;66;0;0;0;0;2;65;0;0;2;2;1;0;5;55;1;87;3;19;6;68;2;29;1;2;1;2;0;0;0;0;0;0;0;0;0;0;0;0;0;0;0;0;0;0;0;0;0;0;0;0;0;0;0;0;0;0
19.07.2024;07:25;A 41;1;4;19;5;20;0;100;0;0;0;0;1;23;0;0;4;85;4;54;3;67;6;50;2;17;4;32;1;24;0;0;0;0;0;0;0;0;0;0;0;0;0;0;0;0;0;0;0;0;0;0;0;0;0;0;0;0;0;0;0;0;0;0
19.07.2024;07:24;A 41;1;3;7;4;7;3;34;0;0;0;0;5;44;2;18;5;36;8;19;1;1;2;14;3;68;2;56;1;99;0;0;0;0;0;0;0;0;1;2;0;0;0;0;0;0;0;0;0;0;0;0;0;0;0;0;0;0;0;0;0;0;0;0
19.07.2024;07:23;A 41;1;3;7;1;1;1;6;0;0;0;0;6;58;2;22;3;58;5;56;4;6;2;83;5;72;7;68;2;89;0;0;0;0;0;0;0;0;0;0;0;0;0;0;0;0;0;0;0;0;0;0;0;0;0;0;0;0;0;0;0;0;0;0
19.07.2024;07:22;A 41;1;1;4;3;6;1;44;0;0;0;0;6;28;1;4;5;63;4;55;2;4;8;59;4;34;4;72;1;56;0;0;0;0;0;0;0;0;0;0;0;0;1;2;0;0;0;0;0;0;0;0;0;0;0;0;0;0;0;0;0;0;0;0
19.07.2024;07:21;A 41;1;7;24;7;20;1;31;0;0;0;0;1;3;0;0;7;44;6;5;2;2;3;35;2;19;3;12;2;19;0;0;0;0;0;0;0;0;0;0;1;2;0;0;0;0;0;0;0;0;0;0;0;0;0;0;0;0;0;0;0;0;0;0
19.07.2024;07:20;A 41;1;0;0;0;0;0;0;0;0;0;0;8;79;1;11;7;49;7;9;5;10;3;69;3;56;7;73;3;73;0;0;0;0;0;0;0;0;0;0;0;0;0;0;0;0;0;0;0;0;0;0;0;0;0;0;0;0;0;0;0;0;0;0
19.07.2024;07:19;A 41;1;0;0;3;6;1;30;0;0;0;0;11;28;0;0;4;75;4;78;1;72;5;57;0;0;7;36;2;46;0;0;0;0;0;0;0;0;0;0;0;0;0;0;0;0;0;0;0;0;0;0;0;0;0;0;0;0;0;0;0;0;0;0
19.07.2024;07:18;A 41;1;3;21;5;13;0;73;0;0;0;0;2;59;1;71;4;35;1;1;1;1;2;74;1;32;4;59;1;38;0;0;0;0;0;0;0;0;0;0;0;0;0;0;0;0;0;0;0;0;0;0;0;0;0;0;0;0;0;0;0;0;0;0
19.07.2024;07:17;A 41;1;2;4;1;4;0;100;0;0;0;0;6;71;0;0;5;42;5;5;3;4;0;90;4;40;8;79;2;89;0;0;0;0;0;0;0;0;0;0;1;2;1;2;0;0;0;0;0;0;0;0;0;0;0;0;0;0;0;0;0;0;0;0
19.07.2024;07:16;A 41;1;1;3;1;1;0;100;0;0;0;0;7;66;1;0;3;67;3;66;2;70;6;62;4;22;8;47;2;29;0;0;0;0;0;0;0;0;0;0;0;0;0;0;0;0;0;0;0;0;0;0;0;0;0;0;0;0;0;0;0;0;0;0
19.07.2024;07:15;A 41;1;6;20;7;14;3;63;0;0;0;0;1;37;0;0;5;39;4;38;5;50;3;50;3;24;3;32;3;46;0;0;0;0;0;0;0;0;0;0;0;0;0;0;0;0;0;0;0;0;0;0;0;0;0;0;0;0;0;0;0;0;0;0
19.07.2024;07:14;A 41;1;2;15;4;11;0;41;0;0;0;0;5;38;2;32;5;72;3;53;3;81;6;54;3;29;8;42;1;74;0;0;0;0;1;2;0;0;0;0;0;0;0;0;0;0;0;0;0;0;0;0;0;0;0;0;0;0;0;0;0;0;0;0
19.07.2024;07:13;A 41;1;3;16;4;10;2;32;0;0;0;0;10;49;1;4;2;38;2;12;0;0;2;61;3;41;8;46;2;90;1;2;1;2;0;0;0;0;0;0;0;0;0;0;0;0;0;0;0;0;0;0;0;0;0;0;0;0;0;0;0;0;0;0
19.07.2024;07:12;A 41;1;2;6;4;6;1;14;0;0;0;0;0;100;0;0;7;10;4;36;6;71;4;78;5;35;2;76;2;68;0;0;0;0;0;0;0;0;0;0;1;2;1;2;0;0;0;0;0;0;0;0;0;0;0;0;0;0;0;0;0;0;0;0
19.07.2024;07:11;A 41;1;1;1;2;2;3;9;0;0;0;0;11;37;0;0;0;0;1;40;1;41;1;94;1;19;11;66;2;73;0;0;0;0;0;0;0;0;0;0;0;0;0;0;0;0;0;0;0;0;0;0;0;0;0;0;0;0;0;0;0;0;0;0
19.07.2024;07:10;A 41;1;1;3;2;12;1;24;0;0;0;0;2;3;1;1;1;11;0;0;0;0;2;38;5;25;2;32;2;27;0;0;0;0;0;0;0;0;0;0;0;0;0;0;0;0;0;0;0;0;0;0;0;0;0;0;0;0;0;0;0;0;0;0
19.07.2024;07:09;A 41;1;1;3;3;6;1;28;0;0;0;0;2;20;0;0;6;37;7;38;7;47;3;52;2;23;3;58;2;58;0;0;0;0;0;0;0;0;0;0;0;0;0;0;0;0;0;0;0;0;0;0;0;0;0;0;0;0;0;0;0;0;0;0
19.07.2024;07:08;A 41;1;1;6;1;4;0;0;0;0;0;0;11;24;1;2;1;46;1;27;2;18;4;37;2;11;4;51;1;67;0;0;0;0;0;0;0;0;0;0;0;0;0;0;0;0;0;0;0;0;0;0;0;0;0;0;0;0;0;0;0;0;0;0
19.07.2024;07:07;A 41;1;4;13;4;7;2;9;0;0;0;0;2;27;0;0;3;10;3;5;0;0;2;48;1;69;4;77;4;97;0;0;0;0;0;0;0;0;0;0;1;2;1;2;0;0;0;0;0;0;0;0;0;0;0;0;0;0;0;0;0;0;0;0
19.07.2024;07:06;A 41;1;0;0;2;4;1;40;0;0;0;0;1;24;1;1;4;7;1;39;3;45;4;55;2;69;4;74;1;63;0;0;0;0;0;0;0;0;0;0;0;0;0;0;0;0;0;0;0;0;0;0;0;0;0;0;0;0;0;0;0;0;0;0
19.07.2024;07:05;A 41;1;0;0;1;2;1;56;0;0;0;0;7;53;0;0;5;5;3;55;2;56;1;8;2;15;0;55;2;6;0;0;0;0;0;0;0;0;0;0;0;0;0;0;0;0;0;0;0;0;0;0;0;0;0;0;0;0;0;0;0;0;0;0
19.07.2024;07:04;A 41;1;1;3;0;0;0;91;0;0;0;0;4;9;0;1;1;27;2;20;0;98;4;56;2;37;10;30;2;40;0;0;0;0;0;0;0;0;0;0;0;0;0;0;0;0;0;0;0;0;0;0;0;0;0;0;0;0;0;0;0;0;0;0
19.07.2024;07:03;A 41;1;3;18;7;13;6;49;0;0;0;0;2;64;1;1;1;23;1;5;4;46;0;100;2;78;2;87;0;100;0;0;0;0;1;2;0;0;0;0;0;0;0;0;0;0;0;0;0;0;0;0;0;0;0;0;0;0;0;0;0;0;0;0
19.07.2024;07:02;A 41;1;3;5;4;4;3;10;0;0;0;0;5;77;1;73;5;37;4;7;4;35;0;100;0;17;5;94;0;100;1;2;1;2;0;0;0;0;1;2;1;2;1;2;0;0;0;0;0;0;0;0;0;0;0;0;0;0;0;0;0;0;0;0
19.07.2024;07:01;A 41;1;2;4;1;2;0;84;0;0;0;0;4;20;1;15;2;71;0;0;1;1;3;39;1;18;3;23;1;43;0;0;0;0;0;0;0;0;0;0;0;0;0;0;0;0;0;0;0;0;0;0;0;0;0;0;0;0;0;0;0;0;0;0
19.07.2024;07:00;A 41;1;1;39;4;13;2;39;0;0;0;0;2;62;1;62;6;13;7;41;4;5;1;16;3;33;5;71;1;77;0;0;0;0;0;0;0;0;0;0;0;0;0;0;0;0;0;0;0;0;0;0;0;0;0;0;0;0;0;0;0;0;0;0
19.07.2024;06:59;A 41;1;1;2;1;2;1;5;0;0;0;0;8;50;0;0;2;3;4;5;0;6;2;95;2;23;5;77;2;44;0;0;0;0;0;0;0;0;0;0;1;2;1;2;0;0;0;0;0;0;0;0;0;0;0;0;0;0;0;0;0;0;0;0
19.07.2024;06:58;A 41;1;4;12;3;8;1;29;0;0;0;0;5;16;0;7;4;84;5;85;3;86;4;62;2;21;7;22;1;30;0;0;0;0;0;0;0;0;0;0;0;0;0;0;0;0;0;0;0;0;0;0;0;0;0;0;0;0;0;0;0;0;0;0
19.07.2024;06:57;A 41;1;3;7;4;11;1;82;0;0;0;0;1;69;1;40;6;50;7;28;3;14;2;45;1;27;1;46;2;56;0;0;0;0;0;0;0;0;0;0;0;0;0;0;0;0;0;0;0;0;0;0;0;0;0;0;0;0;0;0;0;0;0;0
19.07.2024;06:56;A 41;1;2;4;3;8;1;82;0;0;0;0;3;50;1;25;6;72;2;2;4;8;1;67;3;24;3;58;2;7;0;0;0;0;0;0;0;0;0;0;0;0;0;0;0;0;0;0;0;0;0;0;0;0;0;0;0;0;0;0;0;0;0;0
19.07.2024;06:55;A 41;1;3;17;4;21;2;15;0;0;0;0;6;32;1;4;2;4;1;0;0;0;3;25;1;10;3;31;1;29;0;0;0;0;0;0;0;0;1;2;0;0;0;0;0;0;0;0;0;0;0;0;0;0;0;0;0;0;0;0;0;0;0;0
19.07.2024;06:54;A 41;1;5;29;3;8;1;20;0;0;0;0;2;96;1;0;7;29;2;23;3;6;3;16;1;8;1;75;1;57;0;0;0;0;0;0;0;0;0;0;0;0;0;0;0;0;0;0;0;0;0;0;0;0;0;0;0;0;0;0;0;0;0;0
19.07.2024;06:53;A 41;1;1;10;3;80;0;100;0;0;0;0;8;29;0;0;2;58;2;60;2;14;2;49;1;17;6;51;2;33;0;0;0;0;0;0;0;0;0;0;0;0;0;0;0;0;0;0;0;0;0;0;0;0;0;0;0;0;0;0;0;0;0;0
19.07.2024;06:52;A 41;1;4;9;5;13;1;46;0;0;0;0;3;11;0;0;4;55;2;60;3;94;2;34;1;1;6;40;0;11;0;0;0;0;0;0;0;0;0;0;0;0;0;0;0;0;0;0;0;0;0;0;0;0;0;0;0;0;0;0;0;0;0;0
19.07.2024;06:51;A 41;1;2;7;3;5;2;20;0;0;0;0;3;17;1;4;2;49;3;16;3;20;3;85;2;21;3;71;1;79;0;0;0;0;0;0;0;0;0;0;1;2;1;2;0;0;0;0;0;0;0;0;0;0;0;0;0;0;0;0;0;0;0;0
19.07.2024;06:50;A 41;1;1;2;2;4;1;10;0;0;0;0;7;86;2;36;4;12;10;9;3;4;1;71;2;77;5;88;0;100;0;0;0;0;0;0;0;0;0;0;1;2;1;2;0;0;0;0;0;0;0;0;0;0;0;0;0;0;0;0;0;0;0;0
19.07.2024;06:49;A 41;1;2;4;2;4;2;26;0;0;0;0;2;58;0;0;2;26;4;38;3;5;4;57;1;16;10;60;1;14;0;0;0;0;0;0;0;0;0;0;0;0;0;0;0;0;0;0;0;0;0;0;0;0;0;0;0;0;0;0;0;0;0;0
19.07.2024;06:48;A 41;1;2;6;6;11;0;26;0;0;0;0;0;100;0;0;5;22;5;3;2;2;2;58;1;10;1;81;1;21;0;0;0;0;0;0;0;0;0;0;0;0;0;0;0;0;0;0;0;0;0;0;0;0;0;0;0;0;0;0;0;0;0;0
19.07.2024;06:47;A 41;1;3;7;1;2;1;0;0;0;0;0;10;80;1;32;6;7;6;8;1;1;2;95;0;67;11;81;1;63;0;0;0;0;0;0;0;0;0;0;0;0;0;0;0;0;0;0;0;0;0;0;0;0;0;0;0;0;0;0;0;0;0;0
19.07.2024;06:46;A 41;1;4;9;2;2;1;29;0;0;0;0;4;29;0;0;3;4;2;2;1;3;5;52;1;29;5;38;2;28;0;0;0;0;0;0;0;0;0;0;0;0;0;0;0;0;0;0;0;0;0;0;0;0;0;0;0;0;0;0;0;0;0;0
19.07.2024;06:45;A 41;1;4;18;3;6;2;25;0;0;0;0;1;58;0;0;3;4;2;7;1;1;3;52;5;66;1;17;2;73;0;0;0;0;0;0;0;0;0;0;0;0;0;0;0;0;0;0;0;0;0;0;0;0;0;0;0;0;0;0;0;0;0;0
19.07.2024;06:44;A 41;1;1;5;0;0;1;3;0;0;0;0;10;72;0;0;2;1;2;1;3;8;1;52;1;11;3;70;1;75;0;0;0;0;0;0;0;0;0;0;0;0;0;0;0;0;0;0;0;0;0;0;0;0;0;0;0;0;0;0;0;0;0;0
19.07.2024;06:43;A 41;1;4;22;5;13;1;3;0;0;0;0;2;16;1;1;4;47;6;59;2;49;3;53;1;42;2;41;2;47;0;0;1;2;1;2;0;0;0;0;0;0;0;0;0;0;0;0;0;0;0;0;0;0;0;0;0;0;0;0;0;0;0;0
19.07.2024;06:42;A 41;1;3;8;5;14;1;23;0;0;0;0;1;33;1;52;8;26;5;23;7;30;2;17;4;44;1;93;1;29;1;2;0;0;0;0;0;0;1;2;1;2;1;2;0;0;0;0;0;0;0;0;0;0;0;0;0;0;0;0;0;0;0;0
19.07.2024;06:41;A 41;1;4;11;1;3;1;86;0;0;0;0;5;56;0;0;4;72;2;80;4;80;4;62;1;9;6;55;1;3;0;0;0;0;0;0;0;0;0;0;0;0;0;0;0;0;0;0;0;0;0;0;0;0;0;0;0;0;0;0;0;0;0;0
19.07.2024;06:40;A 41;1;2;4;6;18;1;51;0;0;0;0;10;30;0;0;3;70;1;40;1;53;5;57;2;31;8;18;3;36;0;0;0;0;0;0;0;0;0;0;0;0;0;0;0;0;0;0;0;0;0;0;0;0;0;0;0;0;0;0;0;0;0;0
19.07.2024;06:39;A 41;1;0;0;3;15;0;29;0;0;0;0;1;41;0;0;1;24;1;1;1;1;2;25;2;19;1;72;1;10;0;0;0;0;0;0;0;0;0;0;0;0;0;0;0;0;0;0;0;0;0;0;0;0;0;0;0;0;0;0;0;0;0;0
19.07.2024;06:38;A 41;1;1;12;2;3;1;4;0;0;0;0;7;54;1;42;2;56;1;1;0;0;1;64;2;15;6;38;2;8;0;0;0;0;0;0;0;0;0;0;0;0;0;0;0;0;0;0;0;0;0;0;0;0;0;0;0;0;0;0;0;0;0;0
19.07.2024;06:37;A 41;1;3;8;3;7;3;14;0;0;0;0;7;50;1;44;2;37;2;33;2;2;1;82;11;18;6;41;0;31;0;0;0;0;0;0;0;0;0;0;1;2;1;2;0;0;0;0;0;0;0;0;0;0;0;0;0;0;0;0;0;0;0;0
19.07.2024;06:36;A 41;1;4;18;7;14;1;38;0;0;0;0;1;51;1;32;2;25;6;5;1;2;3;73;10;28;1;78;1;43;0;0;0;0;0;0;0;0;0;0;0;0;0;0;0;0;0;0;0;0;0;0;0;0;0;0;0;0;0;0;0;0;0;0
19.07.2024;06:35;A 41;1;1;1;2;4;1;36;0;0;0;0;5;70;0;0;3;41;4;3;3;5;1;12;0;2;1;2;0;74;0;0;0;0;0;0;0;0;0;0;0;0;0;0;0;0;0;0;0;0;0;0;0;0;0;0;0;0;0;0;0;0;0;0
19.07.2024;06:34;A 41;1;3;9;3;9;1;3;0;0;0;0;1;98;0;0;6;5;6;4;6;48;2;18;2;58;0;0;1;76;0;0;0;1;1;2;0;0;0;0;0;0;0;0;0;0;0;0;0;0;0;0;0;0;0;0;0;0;0;0;0;0;0;0
19.07.2024;06:33;A 41;1;1;11;3;10;0;29;0;0;0;0;5;10;1;4;2;15;3;38;1;46;5;39;1;8;4;28;1;18;1;2;1;0;0;0;0;0;0;0;0;0;1;2;0;0;0;0;0;0;0;0;0;0;0;0;0;0;0;0;0;0;0;0
19.07.2024;06:32;A 41;1;1;35;1;3;3;37;0;0;0;0;1;45;2;1;3;60;2;29;5;67;3;60;1;6;3;71;2;58;0;0;0;0;0;0;0;0;0;0;1;2;0;0;0;0;0;0;0;0;0;0;0;0;0;0;0;0;0;0;0;0;0;0
19.07.2024;06:31;A 41;1;0;0;0;0;0;0;0;0;0;0;6;8;2;5;1;68;1;96;1;90;4;50;1;8;7;24;0;0;0;0;0;0;0;0;0;0;1;2;0;0;0;0;0;0;0;0;0;0;0;0;0;0;0;0;0;0;0;0;0;0;0;0
19.07.2024;06:30;A 41;1;2;3;0;0;0;0;0;0;0;0;2;2;0;0;1;27;1;40;3;49;2;21;0;0;2;31;0;0;0;0;0;0;0;0;0;0;0;0;0;0;0;0;0;0;0;0;0;0;0;0;0;0;0;0;0;0;0;0;0;0;0;0
19.07.2024;06:29;A 41;1;4;48;3;7;2;4;0;0;0;0;4;48;0;0;3;38;4;6;2;39;5;58;1;8;4;66;1;35;0;0;0;0;0;0;0;0;0;0;0;0;0;0;0;0;0;0;0;0;0;0;0;0;0;0;0;0;0;0;0;0;0;0
19.07.2024;06:28;A 41;1;3;31;1;1;1;19;0;0;0;0;4;73;0;0;1;46;0;17;1;36;3;31;4;24;2;24;2;78;0;0;0;0;0;0;0;0;0;0;0;0;0;0;0;0;0;0;0;0;0;0;0;0;0;0;0;0;0;0;0;0;0;0
19.07.2024;06:27;A 41;1;3;5;3;5;2;47;0;0;0;0;4;4;0;0;4;56;4;50;0;16;1;10;1;4;1;3;0;0;0;0;0;0;0;0;0;0;0;0;0;0;1;2;0;0;0;0;0;0;0;0;0;0;0;0;0;0;0;0;0;0;0;0
19.07.2024;06:26;A 41;1;1;5;1;2;1;1;0;0;0;0;3;46;1;0;2;53;2;29;1;17;5;46;1;7;6;30;1;3;0;0;0;0;0;0;0;0;0;0;1;2;0;0;0;0;0;0;0;0;0;0;0;0;0;0;0;0;0;0;0;0;0;0
19.07.2024;06:25;A 41;1;2;7;5;8;3;72;0;0;0;0;3;22;1;1;6;5;3;2;4;67;2;45;2;13;4;54;2;16;0;0;0;0;1;2;0;0;0;0;0;0;0;0;0;0;0;0;0;0;0;0;0;0;0;0;0;0;0;0;0;0;0;0
19.07.2024;06:24;A 41;1;1;3;5;11;0;89;0;0;0;0;7;40;1;4;1;3;3;2;2;3;4;37;0;0;3;28;0;0;1;2;1;2;0;0;0;0;0;0;0;0;0;1;0;0;0;0;0;0;0;0;0;0;0;0;0;0;0;0;0;0;0;0
19.07.2024;06:23;A 41;1;0;0;3;7;2;11;0;0;0;0;5;33;3;43;2;84;3;76;0;0;2;74;1;13;6;41;2;5;0;0;0;0;0;0;0;0;1;2;0;0;1;1;0;0;0;0;0;0;0;0;0;0;0;0;0;0;0;0;0;0;0;0
19.07.2024;06:22;A 41;1;0;0;1;2;0;0;0;0;0;0;1;1;2;35;2;35;3;37;2;38;3;39;1;8;1;56;2;6;0;0;0;0;0;0;0;0;0;0;1;2;0;0;0;0;0;0;0;0;0;0;0;0;0;0;0;0;0;0;0;0;0;0
19.07.2024;06:21;A 41;1;2;6;1;3;0;24;0;0;0;0;2;2;0;0;1;23;3;25;3;45;3;65;1;8;5;47;2;50;0;0;0;0;0;0;0;0;0;0;0;0;0;0;0;0;0;0;0;0;0;0;0;0;0;0;0;0;0;0;0;0;0;0
19.07.2024;06:20;A 41;1;1;3;1;1;1;56;0;0;0;0;3;47;1;1;4;33;2;1;3;49;4;40;3;34;4;59;1;62;0;0;0;0;0;0;0;0;0;0;0;0;0;0;0;0;0;0;0;0;0;0;0;0;0;0;0;0;0;0;0;0;0;0
19.07.2024;06:19;A 41;1;2;5;3;5;2;55;0;0;0;0;4;50;0;0;2;54;2;1;0;0;3;58;2;18;9;45;1;55;0;0;0;0;0;0;0;0;0;0;0;0;0;0;0;0;0;0;0;0;0;0;0;0;0;0;0;0;0;0;0;0;0;0
19.07.2024;06:18;A 41;1;2;5;2;4;2;41;0;0;0;0;6;42;0;0;2;66;4;65;2;63;2;39;2;22;4;25;2;37;0;0;0;0;0;0;0;0;0;0;0;0;0;0;0;0;0;0;0;0;0;0;0;0;0;0;0;0;0;0;0;0;0;0
19.07.2024;06:17;A 41;1;1;3;2;2;0;0;0;0;0;0;3;19;0;0;3;54;1;43;3;54;2;27;2;18;2;6;3;61;0;0;0;0;0;0;0;0;0;0;0;0;0;0;0;0;0;0;0;0;0;0;0;0;0;0;0;0;0;0;0;0;0;0
19.07.2024;06:16;A 41;1;4;18;1;2;0;0;0;0;0;0;3;3;0;0;2;36;1;1;1;1;3;25;1;7;3;4;0;0;0;0;0;0;1;2;0;0;0;0;0;0;0;0;0;0;0;0;0;0;0;0;0;0;0;0;0;0;0;0;0;0;0;0
19.07.2024;06:15;A 41;1;2;4;1;1;0;0;0;0;0;0;0;0;2;2;4;44;1;36;0;0;5;40;2;9;4;6;1;32;1;2;1;2;0;0;0;0;0;0;0;0;0;0;0;0;0;0;0;0;0;0;0;0;0;0;0;0;0;0;0;0;0;0
19.07.2024;06:14;A 41;1;0;0;0;0;0;0;0;0;0;0;3;38;0;0;2;70;2;44;0;0;3;25;1;6;6;22;2;4;0;0;0;0;0;0;0;0;0;0;0;0;0;0;0;0;0;0;0;0;0;0;0;0;0;0;0;0;0;0;0;0;0;0
19.07.2024;06:13;A 41;1;0;0;1;3;1;3;0;0;0;0;5;8;2;8;1;61;2;61;1;23;3;50;3;15;1;86;2;67;0;0;0;0;0;0;0;0;1;2;0;0;1;2;0;0;0;0;0;0;0;0;0;0;0;0;0;0;0;0;0;0;0;0
19.07.2024;06:12;A 41;1;2;3;5;9;4;16;0;0;0;0;1;78;1;1;5;10;3;8;1;3;3;28;1;24;2;81;1;47;0;0;0;0;0;0;0;0;0;0;1;2;0;0;0;0;0;0;0;0;0;0;0;0;0;0;0;0;0;0;0;0;0;0
19.07.2024;06:11;A 41;1;0;0;1;1;1;3;0;0;0;0;2;17;0;0;3;56;4;14;2;54;4;37;3;19;6;23;2;42;0;0;0;0;0;0;0;0;0;0;0;0;0;0;0;0;0;0;0;0;0;0;0;0;0;0;0;0;0;0;0;0;0;0
19.07.2024;06:10;A 41;1;0;0;1;2;0;79;0;0;0;0;5;15;2;5;3;70;2;66;2;71;3;39;2;9;2;3;1;29;0;0;0;0;0;0;0;0;0;0;0;0;0;0;0;0;0;0;0;0;0;0;0;0;0;0;0;0;0;0;0;0;0;0
19.07.2024;06:09;A 41;1;2;3;2;12;1;98;0;0;0;0;5;50;1;1;5;5;2;1;4;6;9;49;1;31;4;38;0;39;0;0;0;0;0;0;0;0;0;0;0;0;0;0;0;0;0;0;0;0;0;0;0;0;0;0;0;0;0;0;0;0;0;0
19.07.2024;06:08;A 41;1;1;6;3;7;3;52;0;0;0;0;2;14;0;0;4;3;5;3;3;45;4;43;3;31;3;70;2;31;0;0;0;0;0;0;0;0;0;0;0;0;0;0;0;0;0;0;0;0;0;0;0;0;0;0;0;0;0;0;0;0;0;0
19.07.2024;06:07;A 41;1;2;3;2;3;1;15;0;0;0;0;1;1;0;0;2;19;1;1;1;14;4;44;2;16;4;50;2;63;0;0;0;0;0;0;0;0;0;0;0;0;0;0;0;0;0;0;0;0;0;0;0;0;0;0;0;0;0;0;0;0;0;0
19.07.2024;06:06;A 41;1;1;2;0;0;0;0;0;0;0;0;1;2;0;0;2;35;1;2;1;0;2;15;1;7;1;1;2;5;0;0;0;0;0;0;0;0;0;0;1;2;1;2;0;0;0;0;0;0;0;0;0;0;0;0;0;0;0;0;0;0;0;0
19.07.2024;06:05;A 41;1;1;2;1;1;1;2;0;0;0;0;2;4;0;0;2;2;1;0;1;65;4;39;1;1;6;47;0;0;0;0;0;0;0;0;0;0;0;0;0;0;0;0;0;0;0;0;0;0;0;0;0;0;0;0;0;0;0;0;0;0;0;0
19.07.2024;06:04;A 41;1;0;0;0;0;0;0;0;0;0;0;3;23;0;0;2;50;1;1;1;49;3;24;1;10;2;24;0;41;0;0;0;0;0;0;0;0;0;0;0;0;0;0;0;0;0;0;0;0;0;0;0;0;0;0;0;0;0;0;0;0;0;0
19.07.2024;06:03;A 41;1;3;9;2;3;1;2;0;0;0;0;0;0;1;0;1;1;2;9;0;0;3;26;3;25;1;10;2;42;0;0;0;0;0;0;0;0;0;0;0;0;0;0;0;0;0;0;0;0;0;0;0;0;0;0;0;0;0;0;0;0;0;0
19.07.2024;06:02;A 41;1;1;3;1;2;1;3;0;0;0;0;1;2;1;1;4;39;5;46;1;22;4;39;2;13;5;46;2;4;0;0;0;0;0;0;0;0;0;0;0;0;0;0;0;0;0;0;0;0;0;0;0;0;0;0;0;0;0;0;0;0;0;0
19.07.2024;06:01;A 41;1;1;2;0;0;0;0;0;0;0;0;4;5;0;0;1;11;1;1;0;0;2;15;1;10;1;3;1;13;0;0;0;0;0;0;0;0;0;0;0;0;0;0;0;0;0;0;0;0;0;0;0;0;0;0;0;0;0;0;0;0;0;0
19.07.2024;06:00;A 41;1;1;3;0;0;0;0;0;0;0;0;2;2;0;0;0;0;1;1;1;2;3;14;2;29;2;4;1;24;0;0;0;0;0;0;0;0;0;0;0;0;0;0;0;0;0;0;0;0;0;0;0;0;0;0;0;0;0;0;0;0;0;0
19.07.2024;05:59;A 41;1;1;2;2;3;1;4;0;0;0;0;4;3;0;0;0;10;2;12;1;12;3;16;0;0;2;9;0;0;0;0;0;0;0;0;0;0;0;0;0;0;0;0;0;0;0;0;0;0;0;0;0;0;0;0;0;0;0;0;0;0;0;0
19.07.2024;05:58;A 41;1;1;3;0;0;0;0;0;0;0;0;7;44;1;5;3;64;2;40;1;58;0;0;2;17;0;0;1;50;0;0;0;0;0;0;0;0;1;2;0;0;0;0;0;0;0;0;0;0;0;0;0;0;0;0;0;0;0;0;0;0;0;0
19.07.2024;05:57;A 41;1;2;10;1;2;1;2;0;0;0;0;6;67;1;4;2;54;3;56;1;11;2;45;2;12;3;41;0;0;0;0;0;0;0;0;0;0;0;0;1;2;1;2;0;0;0;0;0;0;0;0;0;0;0;0;0;0;0;0;0;0;0;0
19.07.2024;05:56;A 41;1;1;2;0;0;0;0;0;0;0;0;2;44;0;0;1;55;1;2;0;0;1;15;1;10;1;1;1;13;0;0;0;0;0;0;0;0;0;0;0;0;0;0;0;0;0;0;0;0;0;0;0;0;0;0;0;0;0;0;0;0;0;0
19.07.2024;05:55;A 41;1;3;9;0;0;0;0;0;0;0;0;3;29;0;0;1;54;1;0;3;65;1;14;3;28;1;2;5;38;0;0;0;0;0;0;0;0;0;0;0;0;0;0;0;0;0;0;0;0;0;0;0;0;0;0;0;0;0;0;0;0;0;0
19.07.2024;05:54;A 41;1;2;29;2;4;1;3;0;0;0;0;3;52;0;0;2;62;0;0;2;13;2;36;2;28;8;52;1;93;0;0;0;0;0;0;0;0;0;0;0;0;0;0;0;0;0;0;0;0;0;0;0;0;0;0;0;0;0;0;0;0;0;0
19.07.2024;05:53;A 41;1;0;0;1;1;0;0;0;0;0;0;3;78;0;0;4;22;8;20;6;34;2;59;5;51;2;23;1;50;0;0;0;0;0;0;0;0;0;0;1;2;1;2;0;0;0;0;0;0;0;0;0;0;0;0;0;0;0;0;0;0;0;0
19.07.2024;05:52;A 41;1;2;7;1;2;0;0;0;0;0;0;6;35;1;47;4;22;1;0;2;52;1;9;1;8;0;0;1;16;0;0;0;0;0;0;0;0;0;0;0;0;0;0;0;0;0;0;0;0;0;0;0;0;0;0;0;0;0;0;0;0;0;0
19.07.2024;05:51;A 41;1;2;6;0;0;0;0;0;0;0;0;2;2;0;0;1;1;0;0;1;30;1;22;0;0;2;5;2;4;0;0;0;0;0;0;0;0;0;0;0;0;0;0;0;0;0;0;0;0;0;0;0;0;0;0;0;0;0;0;0;0;0;0
19.07.2024;05:50;A 41;1;0;0;1;1;1;72;0;0;0;0;5;18;0;0;4;55;5;52;5;44;2;25;1;7;3;30;1;29;0;0;0;0;0;0;0;0;0;0;0;0;0;0;0;0;0;0;0;0;0;0;0;0;0;0;0;0;0;0;0;0;0;0
19.07.2024;05:49;A 41;1;0;0;0;0;2;7;0;0;0;0;3;13;0;0;1;34;1;27;3;65;3;30;2;26;4;24;3;6;0;0;0;0;0;0;0;0;0;0;0;0;0;0;0;0;0;0;0;0;0;0;0;0;0;0;0;0;0;0;0;0;0;0
19.07.2024;05:48;A 41;1;2;5;2;10;0;0;0;0;0;0;6;61;1;1;1;1;3;2;2;53;1;13;0;0;1;1;0;0;0;0;0;0;0;0;0;0;0;0;0;0;0;0;0;0;0;0;0;0;0;0;0;0;0;0;0;0;0;0;0;0;0;0
19.07.2024;05:47;A 41;1;2;5;1;2;1;3;0;0;0;0;4;42;0;0;3;6;1;21;3;43;4;30;1;10;6;9;1;49;0;0;0;0;0;0;0;0;0;0;0;0;0;0;0;0;0;0;0;0;0;0;0;0;0;0;0;0;0;0;0;0;0;0
19.07.2024;05:46;A 41;1;3;6;1;2;1;33;0;0;0;0;5;54;0;0;1;2;0;22;1;24;2;30;1;13;2;37;2;47;0;0;0;0;0;0;0;0;0;0;0;0;0;0;0;0;0;0;0;0;0;0;0;0;0;0;0;0;0;0;0;0;0;0
19.07.2024;05:45;A 41;1;1;3;1;1;0;0;0;0;0;0;3;33;0;0;0;13;1;2;1;21;1;11;1;6;1;2;0;0;0;0;0;0;0;0;0;0;0;0;0;0;0;0;0;0;0;0;0;0;0;0;0;0;0;0;0;0;0;0;0;0;0;0
19.07.2024;05:44;A 41;1;2;6;3;9;0;0;0;0;0;0;5;18;0;0;3;52;2;1;2;3;4;58;1;7;3;51;3;40;0;0;0;0;0;0;0;0;0;0;0;0;0;0;0;0;0;0;0;0;0;0;0;0;0;0;0;0;0;0;0;0;0;0
19.07.2024;05:43;A 41;1;0;0;0;0;1;42;0;0;0;0;3;3;0;0;4;47;3;44;2;39;2;32;1;7;2;37;0;0;0;0;0;0;0;0;0;0;0;0;0;0;0;0;0;0;0;0;0;0;0;0;0;0;0;0;0;0;0;0;0;0;0;0
19.07.2024;05:42;A 41;1;2;13;2;8;1;23;0;0;0;0;6;19;1;7;1;8;1;40;0;0;3;35;2;21;4;61;3;55;0;0;0;0;0;0;0;0;1;2;0;0;0;0;0;0;0;0;0;0;0;0;0;0;0;0;0;0;0;0;0;0;0;0
19.07.2024;05:41;A 41;1;1;3;1;3;1;3;0;0;0;0;3;6;0;0;2;6;4;7;3;4;2;24;2;24;1;33;1;39;0;0;0;0;0;0;0;0;0;0;1;2;1;2;0;0;0;0;0;0;0;0;0;0;0;0;0;0;0;0;0;0;0;0
19.07.2024;05:40;A 41;1;2;7;3;10;1;46;0;0;0;0;2;64;0;0;4;3;1;0;2;39;1;9;1;14;0;0;1;39;1;2;1;2;1;2;0;0;0;0;0;0;0;0;0;0;0;0;0;0;0;0;0;0;0;0;0;0;0;0;0;0;0;0
19.07.2024;05:39;A 41;1;1;3;1;1;1;1;0;0;0;0;1;71;0;0;3;3;1;1;2;27;2;20;3;57;2;25;2;70;0;0;0;0;0;0;0;0;0;0;0;0;0;0;0;0;0;0;0;0;0;0;0;0;0;0;0;0;0;0;0;0;0;0
19.07.2024;05:38;A 41;1;0;0;0;1;0;0;0;0;0;0;0;0;1;32;3;5;5;5;1;2;0;0;1;1;1;60;0;0;0;0;0;0;0;0;0;0;0;0;1;2;1;2;0;0;0;0;0;0;0;0;0;0;0;0;0;0;0;0;0;0;0;0
19.07.2024;05:37;A 41;1;2;4;1;1;1;3;0;0;0;0;3;3;1;0;2;8;2;68;1;76;2;31;0;0;2;17;0;0;0;0;0;0;0;0;0;0;0;0;0;0;0;0;0;0;0;0;0;0;0;0;0;0;0;0;0;0;0;0;0;0;0;0
19.07.2024;05:36;A 41;1;0;0;1;2;0;0;0;0;0;0;4;33;0;0;1;5;1;42;0;0;4;12;2;4;1;1;0;0;0;0;0;0;0;0;0;0;0;0;0;0;0;0;0;0;0;0;0;0;0;0;0;0;0;0;0;0;0;0;0;0;0;0
19.07.2024;05:35;A 41;1;1;1;1;3;0;0;0;0;0;0;2;30;0;0;2;1;0;0;2;67;3;19;0;0;2;3;0;15;0;0;0;0;0;0;0;0;0;0;0;0;0;0;0;0;0;0;0;0;0;0;0;0;0;0;0;0;0;0;0;0;0;0
19.07.2024;05:34;A 41;1;0;0;0;0;0;0;0;0;0;0;1;19;1;1;5;16;5;3;0;0;2;16;1;21;3;3;4;24;0;0;0;0;0;0;0;0;0;0;0;0;0;0;0;0;0;0;0;0;0;0;0;0;0;0;0;0;0;0;0;0;0;0
19.07.2024;05:33;A 41;1;3;13;1;1;1;35;0;0;0;0;2;3;1;62;3;41;3;5;1;14;1;14;1;16;3;3;1;1;0;0;0;0;0;0;0;0;0;0;0;0;0;0;0;0;0;0;0;0;0;0;0;0;0;0;0;0;0;0;0;0;0;0
19.07.2024;05:32;A 41;1;0;0;1;2;1;18;0;0;0;0;0;0;1;4;2;38;2;24;0;0;1;11;1;10;1;34;2;18;0;0;0;0;0;0;0;0;0;0;1;2;1;2;0;0;0;0;0;0;0;0;0;0;0;0;0;0;0;0;0;0;0;0
19.07.2024;05:31;A 41;1;0;0;0;0;0;6;0;0;0;0;6;49;0;0;2;49;2;44;1;5;2;16;0;1;1;1;0;0;0;0;0;0;0;0;0;0;0;0;0;0;0;0;0;0;0;0;0;0;0;0;0;0;0;0;0;0;0;0;0;0;0;0
19.07.2024;05:30;A 41;1;0;0;2;2;2;4;0;0;0;0;3;40;0;0;0;0;1;4;2;23;3;20;3;24;2;8;2;5;0;0;0;0;0;0;0;0;0;0;0;0;0;0;0;0;0;0;0;0;0;0;0;0;0;0;0;0;0;0;0;0;0;0
19.07.2024;05:29;A 41;1;0;0;0;0;0;0;0;0;0;0;1;26;0;0;1;1;2;2;3;39;0;0;2;2;0;0;0;0;0;0;0;0;0;0;0;0;0;0;0;0;0;0;0;0;0;0;0;0;0;0;0;0;0;0;0;0;0;0;0;0;0;0
19.07.2024;05:28;A 41;1;0;0;0;0;1;52;0;0;0;0;2;18;1;6;2;58;0;0;1;1;0;12;1;1;1;1;0;0;0;0;0;0;0;0;0;0;0;0;0;0;0;0;0;0;0;0;0;0;0;0;0;0;0;0;0;0;0;0;0;0;0;0
19.07.2024;05:27;A 41;1;2;27;2;6;1;62;0;0;0;0;1;4;1;5;1;80;2;44;1;10;1;1;1;1;1;16;1;1;0;0;1;2;1;2;0;0;1;2;0;0;0;0;0;0;0;0;0;0;0;0;0;0;0;0;0;0;0;0;0;0;0;0
19.07.2024;05:26;A 41;1;1;10;0;0;0;0;0;0;0;0;0;0;0;0;3;45;1;1;0;36;2;17;2;3;1;1;1;0;1;2;0;0;0;0;0;0;0;0;0;0;0;0;0;0;0;0;0;0;0;0;0;0;0;0;0;0;0;0;0;0;0;0
19.07.2024;05:25;A 41;1;0;0;0;0;1;1;0;0;0;0;5;59;0;0;1;36;2;4;1;27;1;18;0;0;2;10;0;0;0;0;0;0;0;0;0;0;0;0;0;0;0;0;0;0;0;0;0;0;0;0;0;0;0;0;0;0;0;0;0;0;0;0
19.07.2024;05:24;A 41;1;1;2;1;1;1;3;0;0;0;0;0;0;0;0;1;17;1;2;0;0;4;19;1;16;1;5;2;36;0;0;0;0;0;0;0;0;0;0;0;0;0;0;0;0;0;0;0;0;0;0;0;0;0;0;0;0;0;0;0;0;0;0
19.07.2024;05:23;A 41;1;1;3;0;0;0;0;0;0;0;0;4;46;1;1;1;58;1;6;0;0;1;12;4;24;1;2;2;26;0;0;0;0;0;0;0;0;0;0;0;0;0;0;0;0;0;0;0;0;0;0;0;0;0;0;0;0;0;0;0;0;0;0
19.07.2024;05:22;A 41;1;0;0;1;2;0;0;0;0;0;0;2;9;0;0;1;3;1;29;0;0;0;0;0;0;0;0;0;0;0;0;0;0;0;0;0;0;0;0;0;0;0;0;0;0;0;0;0;0;0;0;0;0;0;0;0;0;0;0;0;0;0;0
19.07.2024;05:21;A 41;1;0;0;0;0;0;0;0;0;0;0;2;22;0;0;0;0;0;0;0;0;1;10;1;15;1;2;1;3;0;0;0;0;0;0;0;0;0;0;0;0;0;0;0;0;0;0;0;0;0;0;0;0;0;0;0;0;0;0;0;0;0;0
19.07.2024;05:20;A 41;1;1;3;3;5;1;3;0;0;0;0;2;1;1;1;3;55;4;29;1;1;0;0;1;3;0;0;0;0;0;0;0;0;0;0;0;0;0;0;0;0;0;0;0;0;0;0;0;0;0;0;0;0;0;0;0;0;0;0;0;0;0;0
19.07.2024;05:19;A 41;1;1;5;0;0;0;0;0;0;0;0;0;0;0;0;1;7;0;0;0;0;0;0;0;0;0;0;0;0;0;0;0;0;0;0;0;0;0;0;0;0;0;0;0;0;0;0;0;0;0;0;0;0;0;0;0;0;0;0;0;0;0;0
19.07.2024;05:18;A 41;1;0;0;0;0;0;0;0;0;0;0;0;0;0;0;0;0;1;1;1;1;0;0;0;0;0;0;0;0;0;0;0;0;0;0;0;0;0;0;0;0;0;0;0;0;0;0;0;0;0;0;0;0;0;0;0;0;0;0;0;0;0;0
19.07.2024;05:17;A 41;1;2;4;0;0;0;0;0;0;0;0;3;79;2;24;2;12;3;7;2;3;2;9;3;45;1;22;2;66;0;0;0;0;0;0;0;0;0;0;1;2;1;2;0;0;0;0;0;0;0;0;0;0;0;0;0;0;0;0;0;0;0;0
19.07.2024;05:16;A 41;1;0;0;0;0;0;0;0;0;0;0;1;10;0;0;1;25;0;0;0;0;1;21;4;9;2;2;0;45;0;0;0;0;0;0;0;0;0;0;0;0;0;0;0;0;0;0;0;0;0;0;0;0;0;0;0;0;0;0;0;0;0;0
19.07.2024;05:15;A 41;1;0;0;0;0;0;0;0;0;0;0;0;26;0;0;0;0;0;0;0;0;1;8;3;26;1;32;2;16;0;0;0;0;0;0;0;0;0;0;0;0;0;0;0;0;0;0;0;0;0;0;0;0;0;0;0;0;0;0;0;0;0;0
19.07.2024;05:14;A 41;1;0;0;1;2;2;31;0;0;0;0;1;1;2;3;0;0;0;0;2;16;3;23;0;0;1;33;0;11;0;0;0;0;0;0;0;0;0;0;0;0;0;0;0;0;0;0;0;0;0;0;0;0;0;0;0;0;0;0;0;0;0;0
19.07.2024;05:13;A 41;1;0;0;1;2;0;0;0;0;0;0;0;0;0;0;1;8;3;3;0;0;0;0;3;32;0;0;1;61;0;0;0;0;0;0;0;0;0;0;0;0;0;0;0;0;0;0;0;0;0;0;0;0;0;0;0;0;0;0;0;0;0;0
19.07.2024;05:12;A 41;1;0;0;0;0;0;0;0;0;0;0;3;6;1;4;1;11;0;0;0;0;1;16;2;12;1;5;1;10;0;0;0;0;0;0;0;0;1;2;0;0;0;0;0;0;0;0;0;0;0;0;0;0;0;0;0;0;0;0;0;0;0;0
19.07.2024;05:11;A 41;1;2;4;0;0;0;0;0;0;0;0;0;1;0;0;2;1;1;0;0;0;1;15;2;26;2;29;2;29;0;0;1;2;1;2;0;0;0;0;0;0;0;0;0;0;0;0;0;0;0;0;0;0;0;0;0;0;0;0;0;0;0;0
19.07.2024;05:10;A 41;1;1;2;0;0;0;0;0;0;0;0;1;0;0;0;1;3;2;3;3;5;2;47;0;0;5;77;0;0;1;2;0;0;0;0;0;0;0;0;0;0;0;0;0;0;0;0;0;0;0;0;0;0;0;0;0;0;0;0;0;0;0;0
19.07.2024;05:09;A 41;1;0;0;0;0;0;0;0;0;0;0;2;37;0;0;3;39;4;7;0;0;1;14;1;4;0;55;2;34;0;0;0;0;0;0;0;0;0;0;0;0;1;2;0;0;0;0;0;0;0;0;0;0;0;0;0;0;0;0;0;0;0;0
19.07.2024;05:08;A 41;1;0;0;0;0;0;0;0;0;0;0;2;17;0;0;0;0;1;62;0;0;4;19;2;28;2;13;1;5;0;0;0;0;0;0;0;0;0;0;1;2;0;0;0;0;0;0;0;0;0;0;0;0;0;0;0;0;0;0;0;0;0;0
19.07.2024;05:07;A 41;1;2;4;0;0;0;0;0;0;0;0;2;28;0;0;1;1;1;1;1;2;5;15;2;7;0;0;1;3;0;0;0;0;0;0;0;0;0;0;0;0;0;0;0;0;0;0;0;0;0;0;0;0;0;0;0;0;0;0;0;0;0;0
19.07.2024;05:06;A 41;1;0;0;0;0;0;0;0;0;0;0;1;51;0;0;0;0;1;22;1;2;2;13;0;0;0;0;0;0;0;0;0;0;0;0;0;0;0;0;0;0;0;0;0;0;0;0;0;0;0;0;0;0;0;0;0;0;0;0;0;0;0;0
19.07.2024;05:05;A 41;1;1;2;0;0;0;0;0;0;0;0;0;0;2;26;0;34;4;20;2;13;4;17;1;5;0;0;2;52;0;0;0;0;0;0;0;0;0;0;0;0;0;0;0;0;0;0;0;0;0;0;0;0;0;0;0;0;0;0;0;0;0;0
19.07.2024;05:04;A 41;1;0;0;0;0;0;0;0;0;0;0;2;68;1;43;2;20;1;1;1;19;0;0;0;0;0;0;0;0;0;0;0;0;0;0;0;0;0;0;0;0;0;0;0;0;0;0;0;0;0;0;0;0;0;0;0;0;0;0;0;0;0;0
19.07.2024;05:03;A 41;1;0;0;0;0;0;0;0;0;0;0;0;0;1;4;2;34;0;4;1;13;2;25;0;0;2;31;0;0;0;0;0;0;0;0;0;0;0;0;0;0;1;2;0;0;0;0;0;0;0;0;0;0;0;0;0;0;0;0;0;0;0;0
19.07.2024;05:02;A 41;1;0;0;0;0;0;0;0;0;0;0;2;29;0;0;1;4;1;3;0;0;1;9;0;0;1;2;0;0;0;0;0;0;0;0;0;0;0;0;1;2;0;0;0;0;0;0;0;0;0;0;0;0;0;0;0;0;0;0;0;0;0;0
19.07.2024;05:01;A 41;1;1;1;1;3;0;0;0;0;0;0;1;1;0;0;1;1;0;0;1;68;0;0;0;0;0;0;0;0;0;0;0;0;0;0;0;0;0;0;0;0;0;0;0;0;0;0;0;0;0;0;0;0;0;0;0;0;0;0;0;0;0;0
19.07.2024;05:00;A 41;1;0;0;0;0;0;0;0;0;0;0;1;1;0;0;2;30;0;0;0;0;0;0;0;0;0;0;0;0;0;0;0;0;0;0;0;0;0;0;0;0;0;0;0;0;0;0;0;0;0;0;0;0;0;0;0;0;0;0;0;0;0;0
19.07.2024;04:59;A 41;1;0;0;1;2;0;0;0;0;0;0;0;0;0;0;0;0;1;15;0;0;2;11;1;7;1;2;0;0;0;0;0;0;0;0;0;0;0;0;0;0;0;0;0;0;0;0;0;0;0;0;0;0;0;0;0;0;0;0;0;0;0;0
19.07.2024;04:58;A 41;1;0;0;0;0;0;0;0;0;0;0;0;0;0;0;0;0;2;21;0;35;2;16;1;10;7;19;1;23;0;0;0;0;0;0;0;0;0;0;0;0;0;0;0;0;0;0;0;0;0;0;0;0;0;0;0;0;0;0;0;0;0;0
19.07.2024;04:57;A 41;1;0;0;0;0;0;0;0;0;0;0;1;1;1;20;1;1;0;23;2;13;1;10;1;12;0;0;3;32;0;0;0;0;0;0;0;0;1;2;0;0;0;0;0;0;0;0;0;0;0;0;0;0;0;0;0;0;0;0;0;0;0;0
19.07.2024;04:56;A 41;1;1;2;0;0;0;0;0;0;0;0;1;40;0;0;0;0;1;21;0;0;2;19;1;8;2;48;0;0;0;0;0;0;0;0;0;0;0;0;0;0;0;0;0;0;0;0;0;0;0;0;0;0;0;0;0;0;0;0;0;0;0;0
19.07.2024;04:55;A 41;1;0;0;0;0;0;0;0;0;0;0;0;0;0;0;1;7;0;0;0;0;1;8;1;9;0;0;1;2;0;0;0;0;0;0;0;0;0;0;0;0;0;0;0;0;0;0;0;0;0;0;0;0;0;0;0;0;0;0;0;0;0;0
19.07.2024;04:54;A 41;1;0;0;0;0;0;0;0;0;0;0;0;0;0;0;1;29;0;0;1;47;0;0;0;0;0;0;0;0;0;0;0;0;0;0;0;0;0;0;0;0;0;0;0;0;0;0;0;0;0;0;0;0;0;0;0;0;0;0;0;0;0;0
19.07.2024;04:53;A 41;1;1;2;0;0;0;0;0;0;0;0;0;0;1;0;1;5;1;1;1;1;0;0;0;0;0;0;0;9;0;0;0;0;0;0;0;0;0;0;0;0;0;0;0;0;0;0;0;0;0;0;0;0;0;0;0;0;0;0;0;0;0;0
19.07.2024;04:52;A 41;1;0;0;0;0;0;0;0;0;0;0;0;0;0;0;3;55;3;38;0;0;0;0;2;16;0;0;1;32;0;0;0;0;0;0;0;0;0;0;0;0;0;0;0;0;0;0;0;0;0;0;0;0;0;0;0;0;0;0;0;0;0;0
19.07.2024;04:51;A 41;1;0;0;0;0;1;1;0;0;0;0;1;1;0;0;1;12;1;1;2;27;0;0;0;0;0;0;0;0;0;0;0;0;0;0;0;0;0;0;0;0;0;0;0;0;0;0;0;0;0;0;0;0;0;0;0;0;0;0;0;0;0;0
19.07.2024;04:50;A 41;1;0;0;0;0;0;0;0;0;0;0;2;41;0;0;0;0;2;2;0;0;0;0;1;10;0;0;3;40;0;0;0;0;0;0;0;0;0;0;0;0;0;0;0;0;0;0;0;0;0;0;0;0;0;0;0;0;0;0;0;0;0;0
19.07.2024;04:49;A 41;1;0;0;1;4;0;0;0;0;0;0;0;0;0;0;0;0;1;1;1;2;1;11;0;0;0;0;0;0;0;0;0;0;0;0;0;0;0;0;0;0;0;0;0;0;0;0;0;0;0;0;0;0;0;0;0;0;0;0;0;0;0;0
19.07.2024;04:48;A 41;1;0;0;0;0;0;0;0;0;0;0;0;0;0;0;2;36;0;0;0;0;0;0;2;9;0;0;1;7;0;0;0;0;0;0;0;0;0;0;0;0;0;0;0;0;0;0;0;0;0;0;0;0;0;0;0;0;0;0;0;0;0;0
19.07.2024;04:47;A 41;1;2;4;0;0;0;0;0;0;0;0;0;0;0;0;0;0;0;0;1;1;0;0;0;0;0;0;0;25;0;0;0;0;0;0;0;0;0;0;0;0;0;0;0;0;0;0;0;0;0;0;0;0;0;0;0;0;0;0;0;0;0;0
19.07.2024;04:46;A 41;1;0;0;0;0;0;0;0;0;0;0;0;12;0;0;0;0;0;0;0;0;0;0;1;10;0;7;2;8;0;0;0;0;0;0;0;0;0;0;0;0;0;0;0;0;0;0;0;0;0;0;0;0;0;0;0;0;0;0;0;0;0;0
19.07.2024;04:45;A 41;1;0;0;0;0;0;0;0;0;0;0;1;0;0;0;0;0;1;1;1;2;1;28;1;7;2;16;0;0;0;0;0;0;0;0;0;0;0;0;0;0;0;0;0;0;0;0;0;0;0;0;0;0;0;0;0;0;0;0;0;0;0;0
19.07.2024;04:44;A 41;1;0;0;0;0;0;0;0;0;0;0;1;1;0;0;0;39;1;21;0;0;1;8;0;0;1;2;0;0;0;0;0;0;0;0;0;0;0;0;0;0;0;0;0;0;0;0;0;0;0;0;0;0;0;0;0;0;0;0;0;0;0;0
19.07.2024;04:43;A 41;1;0;0;0;0;0;0;0;0;0;0;1;2;1;5;2;65;0;0;0;0;0;0;1;32;0;0;2;62;0;0;0;0;0;0;0;0;1;2;0;0;0;0;0;0;0;0;0;0;0;0;0;0;0;0;0;0;0;0;0;0;0;0
19.07.2024;04:42;A 41;1;0;0;1;2;1;3;0;0;0;0;1;6;0;0;0;0;0;0;0;0;0;0;0;0;0;0;0;0;0;0;0;0;0;0;0;0;0;0;0;0;0;0;0;0;0;0;0;0;0;0;0;0;0;0;0;0;0;0;0;0;0;0
19.07.2024;04:41;A 41;1;0;0;0;0;0;0;0;0;0;0;0;0;0;0;1;1;0;0;0;0;0;0;0;0;0;0;0;0;0;0;0;0;0;0;0;0;0;0;0;0;0;0;0;0;0;0;0;0;0;0;0;0;0;0;0;0;0;0;0;0;0;0
19.07.2024;04:40;A 41;1;0;0;0;0;0;0;0;0;0;0;0;0;0;0;0;0;0;0;0;0;0;0;0;0;0;4;0;0;0;0;0;0;0;0;0;0;0;0;0;0;0;0;0;0;0;0;0;0;0;0;0;0;0;0;0;0;0;0;0;0;0;0
19.07.2024;04:39;A 41;1;0;0;0;0;0;0;0;0;0;0;1;1;0;0;0;0;0;0;0;0;1;9;0;0;1;19;0;0;0;0;0;0;0;0;0;0;0;0;0;0;0;0;0;0;0;0;0;0;0;0;0;0;0;0;0;0;0;0;0;0;0;0
19.07.2024;04:38;A 41;1;0;0;0;0;0;0;0;0;0;0;0;0;0;0;0;0;0;0;1;46;0;24;0;4;3;6;0;0;0;0;0;0;0;0;0;0;0;0;0;0;0;0;0;0;0;0;0;0;0;0;0;0;0;0;0;0;0;0;0;0;0;0
19.07.2024;04:37;A 41;1;0;0;1;2;1;2;0;0;0;0;0;0;2;1;0;0;0;0;0;0;1;8;1;2;1;2;0;0;0;0;0;0;0;0;0;0;0;0;0;0;0;0;0;0;0;0;0;0;0;0;0;0;0;0;0;0;0;0;0;0;0;0
19.07.2024;04:36;A 41;1;2;5;0;0;0;0;0;0;0;0;1;1;0;0;0;0;0;0;0;0;1;8;1;9;0;0;1;10;0;0;0;0;0;0;0;0;0;0;0;0;0;0;0;0;0;0;0;0;0;0;0;0;0;0;0;0;0;0;0;0;0;0
19.07.2024;04:35;A 41;1;0;0;0;0;0;0;0;0;0;0;0;0;0;0;0;0;0;0;0;0;1;29;0;0;0;0;0;0;0;0;0;0;0;0;0;0;0;0;0;0;0;0;0;0;0;0;0;0;0;0;0;0;0;0;0;0;0;0;0;0;0;0
19.07.2024;04:34;A 41;1;0;0;0;0;0;0;0;0;0;0;1;30;0;0;1;17;0;0;0;0;1;2;0;0;0;0;0;0;0;0;0;0;0;0;0;0;0;0;0;0;0;0;0;0;0;0;0;0;0;0;0;0;0;0;0;0;0;0;0;0;0;0
19.07.2024;04:33;A 41;1;0;0;0;0;0;0;0;0;0;0;0;0;0;0;0;0;0;0;0;0;0;0;1;12;0;0;2;5;0;0;0;0;0;0;0;0;0;0;0;0;0;0;0;0;0;0;0;0;0;0;0;0;0;0;0;0;0;0;0;0;0;0
19.07.2024;04:32;A 41;1;1;1;0;0;0;0;0;0;0;0;1;1;0;0;1;6;0;0;1;1;1;10;0;0;1;1;0;0;0;0;0;0;0;0;0;0;0;0;0;0;0;0;0;0;0;0;0;0;0;0;0;0;0;0;0;0;0;0;0;0;0;0
19.07.2024;04:31;A 41;1;0;0;0;0;0;0;0;0;0;0;0;0;0;0;0;0;0;0;0;0;1;2;1;9;1;1;0;0;0;0;0;0;0;0;0;0;0;0;0;0;0;0;0;0;0;0;0;0;0;0;0;0;0;0;0;0;0;0;0;0;0;0
19.07.2024;04:30;A 41;1;0;0;0;0;0;0;0;0;0;0;0;0;0;0;0;0;0;0;0;0;0;0;0;0;0;0;0;0;0;0;0;0;0;0;0;0;0;0;0;0;0;0;0;0;0;0;0;0;0;0;0;0;0;0;0;0;0;0;0;0;0;0
19.07.2024;04:29;A 41;1;2;5;0;0;0;0;0;0;0;0;0;0;0;0;0;0;0;0;0;0;0;0;0;0;0;0;0;0;0;0;0;0;0;0;0;0;0;0;0;0;0;0;0;0;0;0;0;0;0;0;0;0;0;0;0;0;0;0;0;0;0;0
19.07.2024;04:28;A 41;1;0;0;0;0;0;0;0;0;0;0;0;0;2;54;0;0;0;0;0;0;0;0;0;0;0;0;0;0;0;0;0;0;0;0;0;0;0;0;0;0;0;0;0;0;0;0;0;0;0;0;0;0;0;0;0;0;0;0;0;0;0;0
19.07.2024;04:27;A 41;1;0;0;0;0;0;0;0;0;0;0;0;0;1;1;0;0;0;0;0;0;0;0;0;0;0;0;0;0;0;0;0;0;0;0;0;0;0;0;0;0;0;0;0;0;0;0;0;0;0;0;0;0;0;0;0;0;0;0;0;0;0;0
19.07.2024;04:26;A 41;1;0;0;0;0;0;0;0;0;0;0;0;0;0;0;2;1;1;1;0;0;1;5;0;0;0;0;0;0;0;0;0;0;0;0;0;0;0;0;0;0;0;0;0;0;0;0;0;0;0;0;0;0;0;0;0;0;0;0;0;0;0;0
19.07.2024;04:25;A 41;1;0;0;0;0;0;0;0;0;0;0;0;0;0;0;0;0;0;0;0;0;1;12;0;0;0;0;0;0;0;0;0;0;0;0;0;0;0;0;0;0;0;0;0;0;0;0;0;0;0;0;0;0;0;0;0;0;0;0;0;0;0;0
19.07.2024;04:24;A 41;1;0;0;0;0;0;0;0;0;0;0;0;0;0;0;0;0;0;0;0;0;0;0;0;0;0;0;0;0;0;0;0;0;0;0;0;0;0;0;0;0;0;0;0;0;0;0;0;0;0;0;0;0;0;0;0;0;0;0;0;0;0;0
19.07.2024;04:23;A 41;1;0;0;0;0;1;1;0;0;0;0;0;0;1;0;1;1;1;2;0;0;0;0;0;0;0;0;0;0;0;0;0;0;0;0;0;0;0;0;0;0;0;0;0;0;0;0;0;0;0;0;0;0;0;0;0;0;0;0;0;0;0;0
19.07.2024;04:22;A 41;1;1;3;1;1;0;0;0;0;0;0;1;63;0;0;0;0;0;0;0;0;1;1;2;22;0;0;4;27;0;0;0;0;0;0;0;0;0;0;0;0;0;0;0;0;0;0;0;0;0;0;0;0;0;0;0;0;0;0;0;0;0;0
19.07.2024;04:21;A 41;1;0;0;1;2;1;3;0;0;0;0;0;0;1;1;0;0;0;0;0;0;1;11;0;0;1;2;0;0;0;0;0;0;0;0;0;0;0;0;0;0;0;0;0;0;0;0;0;0;0;0;0;0;0;0;0;0;0;0;0;0;0;0
19.07.2024;04:20;A 41;1;0;0;0;0;0;0;0;0;0;0;1;8;0;0;0;0;0;0;0;0;0;0;0;0;0;0;0;0;0;0;0;0;0;0;0;0;0;0;0;0;0;0;0;0;0;0;0;0;0;0;0;0;0;0;0;0;0;0;0;0;0;0
19.07.2024;04:19;A 41;1;0;0;0;0;0;0;0;0;0;0;0;0;0;0;0;0;0;0;0;0;0;0;0;0;0;0;0;0;0;0;0;0;0;0;0;0;0;0;0;0;0;0;0;0;0;0;0;0;0;0;0;0;0;0;0;0;0;0;0;0;0;0
19.07.2024;04:18;A 41;1;0;0;1;2;0;0;0;0;0;0;0;0;0;0;1;1;0;0;0;0;0;0;0;0;0;0;0;8;0;0;0;0;0;0;0;0;0;0;0;0;0;0;0;0;0;0;0;0;0;0;0;0;0;0;0;0;0;0;0;0;0;0
19.07.2024;04:17;A 41;1;0;0;0;0;0;0;0;0;0;0;0;0;0;0;0;0;0;0;0;0;0;0;1;10;0;0;2;51;0;0;0;0;0;0;0;0;0;0;0;0;0;0;0;0;0;0;0;0;0;0;0;0;0;0;0;0;0;0;0;0;0;0
19.07.2024;04:16;A 41;1;1;3;0;0;0;0;0;0;0;0;0;0;0;0;1;1;0;0;0;0;0;0;0;0;0;0;0;0;0;0;0;0;0;0;0;0;0;0;0;0;0;0;0;0;0;0;0;0;0;0;0;0;0;0;0;0;0;0;0;0;0;0
19.07.2024;04:15;A 41;1;0;0;0;0;0;0;0;0;0;0;2;46;0;0;1;1;0;0;0;0;0;0;0;0;0;0;0;0;0;0;0;0;0;0;0;0;0;0;0;0;0;0;0;0;0;0;0;0;0;0;0;0;0;0;0;0;0;0;0;0;0;0
19.07.2024;04:14;A 41;1;0;0;0;0;0;0;0;0;0;0;0;0;0;0;0;3;1;2;1;3;0;0;0;0;0;0;0;0;0;0;0;0;0;0;0;0;0;0;0;0;0;0;0;0;0;0;0;0;0;0;0;0;0;0;0;0;0;0;0;0;0;0
19.07.2024;04:13;A 41;1;0;0;1;2;0;0;0;0;0;0;1;1;0;0;1;47;0;0;0;0;1;7;0;0;0;0;1;21;0;0;0;0;0;0;0;0;0;0;0;0;0;0;0;0;0;0;0;0;0;0;0;0;0;0;0;0;0;0;0;0;0;0
19.07.2024;04:12;A 41;1;1;3;0;0;0;0;0;0;0;0;0;0;0;0;0;0;0;0;0;0;0;0;0;0;0;0;0;0;0;0;0;0;0;0;0;0;0;0;0;0;0;0;0;0;0;0;0;0;0;0;0;0;0;0;0;0;0;0;0;0;0;0
19.07.2024;04:11;A 41;1;0;0;0;0;0;0;0;0;0;0;0;7;0;0;0;0;1;1;0;0;0;0;0;0;0;0;2;4;0;0;0;0;0;0;0;0;0;0;0;0;0;0;0;0;0;0;0;0;0;0;0;0;0;0;0;0;0;0;0;0;0;0
19.07.2024;04:10;A 41;1;0;0;0;0;0;0;0;0;0;0;1;8;0;0;0;0;1;12;0;0;0;0;1;12;0;0;0;0;0;0;0;0;0;0;0;0;0;0;0;0;0;0;0;0;0;0;0;0;0;0;0;0;0;0;0;0;0;0;0;0;0;0
19.07.2024;04:09;A 41;1;1;2;0;0;0;0;0;0;0;0;0;0;0;0;0;0;1;35;1;1;1;18;1;9;1;5;2;18;0;0;0;0;0;0;0;0;0;0;0;0;0;0;0;0;0;0;0;0;0;0;0;0;0;0;0;0;0;0;0;0;0;0
19.07.2024;04:08;A 41;1;0;0;0;0;0;0;0;0;0;0;0;0;0;0;0;0;1;23;0;18;0;0;0;0;0;0;0;0;0;0;0;0;0;0;0;0;0;0;0;0;0;0;0;0;0;0;0;0;0;0;0;0;0;0;0;0;0;0;0;0;0;0
19.07.2024;04:07;A 41;1;0;0;0;0;0;0;0;0;0;0;0;0;0;0;0;0;0;0;1;39;0;5;0;0;1;41;0;0;0;0;0;0;0;0;0;0;0;0;0;0;0;0;0;0;0;0;0;0;0;0;0;0;0;0;0;0;0;0;0;0;0;0
19.07.2024;04:06;A 41;1;0;0;0;0;0;0;0;0;0;0;0;0;0;0;1;1;1;1;0;0;1;7;0;0;0;0;0;0;0;0;0;0;0;0;0;0;0;0;0;0;0;0;0;0;0;0;0;0;0;0;0;0;0;0;0;0;0;0;0;0;0;0
19.07.2024;04:05;A 41;1;0;0;0;0;0;0;0;0;0;0;0;0;0;0;0;0;0;0;0;0;0;0;0;0;0;0;0;0;0;0;0;0;0;0;0;0;0;0;0;0;0;0;0;0;0;0;0;0;0;0;0;0;0;0;0;0;0;0;0;0;0;0
19.07.2024;04:04;A 41;1;1;2;0;0;0;0;0;0;0;0;0;0;0;0;0;0;1;31;1;35;0;0;0;0;0;0;0;0;0;0;0;0;0;0;0;0;0;0;0;0;0;0;0;0;0;0;0;0;0;0;0;0;0;0;0;0;0;0;0;0;0;0
19.07.2024;04:03;A 41;1;1;3;0;0;0;0;0;0;0;0;0;0;0;0;1;46;1;1;0;0;0;0;0;0;0;0;0;0;0;0;0;0;0;0;0;0;0;0;0;0;0;0;0;0;0;0;0;0;0;0;0;0;0;0;0;0;0;0;0;0;0;0
19.07.2024;04:02;A 41;1;0;0;0;0;0;0;0;0;0;0;0;0;0;0;0;0;0;0;0;33;0;0;0;0;0;0;0;0;0;0;0;0;0;0;0;0;0;0;0;0;0;0;0;0;0;0;0;0;0;0;0;0;0;0;0;0;0;0;0;0;0;0
19.07.2024;04:01;A 41;1;0;0;0;0;0;0;0;0;0;0;0;0;0;0;1;1;0;15;2;21;0;0;0;0;0;0;0;0;0;0;0;0;0;0;0;0;0;0;0;0;0;0;0;0;0;0;0;0;0;0;0;0;0;0;0;0;0;0;0;0;0;0
19.07.2024;04:00;A 41;1;1;2;0;0;0;0;0;0;0;0;0;0;0;0;0;2;1;44;0;0;1;21;1;2;1;2;0;0;0;0;0;0;0;0;0;0;0;0;0;0;0;0;0;0;0;0;0;0;0;0;0;0;0;0;0;0;0;0;0;0;0;0
19.07.2024;03:59;A 41;1;0;0;0;0;0;0;0;0;0;0;1;19;0;0;1;33;0;0;0;0;0;0;0;0;0;0;0;0;0;0;0;0;0;0;0;0;0;0;0;0;0;0;0;0;0;0;0;0;0;0;0;0;0;0;0;0;0;0;0;0;0;0
19.07.2024;03:58;A 41;1;0;0;0;0;0;0;0;0;0;0;0;0;0;0;0;0;0;0;0;0;0;0;0;0;0;4;0;0;0;0;0;0;0;0;0;0;0;0;0;0;0;0;0;0;0;0;0;0;0;0;0;0;0;0;0;0;0;0;0;0;0;0
19.07.2024;03:57;A 41;1;0;0;0;0;0;0;0;0;0;0;0;0;0;0;1;1;0;0;0;0;2;17;0;0;2;3;0;0;0;0;0;0;0;0;0;0;0;0;0;0;0;0;0;0;0;0;0;0;0;0;0;0;0;0;0;0;0;0;0;0;0;0
19.07.2024;03:56;A 41;1;0;0;0;0;0;0;0;0;0;0;0;0;0;0;1;1;1;1;0;0;0;0;0;0;0;0;0;0;0;0;0;0;0;0;0;0;0;0;0;0;0;0;0;0;0;0;0;0;0;0;0;0;0;0;0;0;0;0;0;0;0;0
19.07.2024;03:55;A 41;1;0;0;0;0;1;2;0;0;0;0;0;0;1;1;0;0;0;0;0;0;1;10;0;0;0;0;0;0;0;0;0;0;0;0;0;0;0;0;0;0;0;0;0;0;0;0;0;0;0;0;0;0;0;0;0;0;0;0;0;0;0;0
19.07.2024;03:54;A 41;1;0;0;0;0;0;0;0;0;0;0;1;63;0;0;0;0;0;0;0;0;0;0;0;0;0;0;0;0;0;0;0;0;0;0;0;0;0;0;0;0;0;0;0;0;0;0;0;0;0;0;0;0;0;0;0;0;0;0;0;0;0;0
19.07.2024;03:53;A 41;1;0;0;1;2;1;2;0;0;0;0;0;0;0;0;0;0;0;0;0;0;0;0;0;0;0;0;0;0;0;0;0;0;0;0;0;0;0;0;0;0;0;0;0;0;0;0;0;0;0;0;0;0;0;0;0;0;0;0;0;0;0;0
19.07.2024;03:52;A 41;1;1;2;0;0;0;0;0;0;0;0;1;1;0;0;0;0;0;0;0;0;0;0;1;9;0;0;1;4;0;0;0;0;0;0;0;0;0;0;0;0;0;0;0;0;0;0;0;0;0;0;0;0;0;0;0;0;0;0;0;0;0;0
19.07.2024;03:51;A 41;1;0;0;0;0;0;0;0;0;0;0;0;0;0;0;0;0;0;0;0;0;0;0;0;0;0;0;0;0;0;0;0;0;0;0;0;0;0;0;0;0;0;0;0;0;0;0;0;0;0;0;0;0;0;0;0;0;0;0;0;0;0;0
19.07.2024;03:50;A 41;1;0;0;0;0;0;0;0;0;0;0;0;0;0;0;0;0;0;0;0;0;0;0;0;0;0;0;1;10;0;0;0;0;0;0;0;0;0;0;0;0;0;0;0;0;0;0;0;0;0;0;0;0;0;0;0;0;0;0;0;0;0;0
19.07.2024;03:49;A 41;1;0;0;0;0;0;0;0;0;0;0;0;0;1;5;0;46;0;0;0;0;2;4;1;13;1;1;1;57;0;0;0;0;0;0;0;0;0;0;0;0;1;2;0;0;0;0;0;0;0;0;0;0;0;0;0;0;0;0;0;0;0;0
19.07.2024;03:48;A 41;1;0;0;0;0;0;0;0;0;0;0;0;0;0;0;1;12;0;0;0;0;0;0;0;0;0;0;0;0;0;0;0;0;0;0;0;0;0;0;1;2;0;0;0;0;0;0;0;0;0;0;0;0;0;0;0;0;0;0;0;0;0;0
19.07.2024;03:47;A 41;1;0;0;0;0;0;4;0;0;0;0;0;0;0;0;0;0;0;0;0;0;0;0;0;0;0;0;0;0;0;0;0;0;0;0;0;0;0;0;0;0;0;0;0;0;0;0;0;0;0;0;0;0;0;0;0;0;0;0;0;0;0;0
19.07.2024;03:46;A 41;1;0;0;1;1;1;1;0;0;0;0;0;0;0;0;0;0;0;0;0;0;1;11;0;0;2;23;0;0;0;0;0;0;0;0;0;0;0;0;0;0;0;0;0;0;0;0;0;0;0;0;0;0;0;0;0;0;0;0;0;0;0;0
19.07.2024;03:45;A 41;1;0;0;0;0;0;0;0;0;0;0;0;43;0;0;1;1;0;0;0;0;0;0;0;0;0;0;0;0;0;0;0;0;0;0;0;0;0;0;0;0;0;0;0;0;0;0;0;0;0;0;0;0;0;0;0;0;0;0;0;0;0;0
19.07.2024;03:44;A 41;1;0;0;0;0;0;0;0;0;0;0;1;28;0;0;1;32;0;0;0;0;0;0;0;0;0;0;0;0;0;0;0;0;0;0;0;0;0;0;0;0;0;0;0;0;0;0;0;0;0;0;0;0;0;0;0;0;0;0;0;0;0;0
19.07.2024;03:43;A 41;1;0;0;1;3;1;5;0;0;0;0;0;0;1;1;0;0;0;0;0;0;0;6;0;0;1;2;0;0;0;0;0;0;0;0;0;0;0;0;0;0;0;0;0;0;0;0;0;0;0;0;0;0;0;0;0;0;0;0;0;0;0;0
19.07.2024;03:42;A 41;1;0;0;0;0;0;0;0;0;0;0;0;0;0;0;0;0;0;0;0;0;1;7;0;0;0;0;0;0;0;0;0;0;0;0;0;0;0;0;0;0;0;0;0;0;0;0;0;0;0;0;0;0;0;0;0;0;0;0;0;0;0;0
19.07.2024;03:41;A 41;1;0;0;2;5;1;3;0;0;0;0;0;0;1;1;0;0;1;1;1;1;0;0;0;0;0;0;0;0;0;0;0;0;0;0;0;0;0;0;0;0;0;0;0;0;0;0;0;0;0;0;0;0;0;0;0;0;0;0;0;0;0;0
19.07.2024;03:40;A 41;1;0;0;0;0;0;0;0;0;0;0;0;0;0;0;0;0;0;0;0;0;0;0;0;0;0;0;0;0;0;0;0;0;0;0;0;0;0;0;0;0;0;0;0;0;0;0;0;0;0;0;0;0;0;0;0;0;0;0;0;0;0;0
19.07.2024;03:39;A 41;1;0;0;0;0;0;0;0;0;0;0;0;58;0;0;0;0;0;0;0;0;1;11;0;0;1;14;0;0;0;0;0;0;0;0;0;0;0;0;0;0;0;0;0;0;0;0;0;0;0;0;0;0;0;0;0;0;0;0;0;0;0;0
19.07.2024;03:38;A 41;1;0;0;0;0;0;0;0;0;0;0;1;5;0;0;0;0;0;0;0;0;0;0;0;0;0;0;0;0;0;0;0;0;0;0;0;0;0;0;0;0;0;0;0;0;0;0;0;0;0;0;0;0;0;0;0;0;0;0;0;0;0;0
19.07.2024;03:37;A 41;1;0;0;0;0;0;0;0;0;0;0;0;0;0;0;1;1;1;0;0;0;0;0;2;21;0;0;3;14;0;0;0;0;0;0;0;0;0;0;0;0;0;0;0;0;0;0;0;0;0;0;0;0;0;0;0;0;0;0;0;0;0;0
19.07.2024;03:36;A 41;1;1;1;2;3;1;3;0;0;0;0;0;0;1;1;0;0;0;0;0;0;0;0;0;0;0;0;0;0;0;0;0;0;0;0;0;0;0;0;0;0;0;0;0;0;0;0;0;0;0;0;0;0;0;0;0;0;0;0;0;0;0;0
19.07.2024;03:35;A 41;1;0;0;0;0;0;0;0;0;0;0;0;0;0;0;0;0;0;0;0;0;2;26;0;0;1;2;0;0;0;0;0;0;0;0;0;0;0;0;0;0;0;0;0;0;0;0;0;0;0;0;0;0;0;0;0;0;0;0;0;0;0;0
19.07.2024;03:34;A 41;1;0;0;0;0;0;0;0;0;0;0;0;0;0;0;0;0;0;0;0;0;1;15;0;0;0;0;0;0;0;0;0;0;0;0;0;0;0;0;0;0;0;0;0;0;0;0;0;0;0;0;0;0;0;0;0;0;0;0;0;0;0;0
19.07.2024;03:33;A 41;1;1;2;2;4;1;3;0;0;0;0;0;0;1;1;0;0;0;0;0;0;0;0;0;0;0;0;0;0;0;0;0;0;0;0;0;0;0;0;0;0;0;0;0;0;0;0;0;0;0;0;0;0;0;0;0;0;0;0;0;0;0;0
19.07.2024;03:32;A 41;1;1;2;1;1;0;0;0;0;0;0;0;0;2;3;0;0;0;0;0;0;5;17;6;32;3;9;4;11;0;0;0;0;0;0;0;0;0;0;0;0;0;0;0;0;0;0;0;0;0;0;0;0;0;0;0;0;0;0;0;0;0;0
19.07.2024;03:31;A 41;1;0;0;0;0;0;0;0;0;0;0;0;0;0;0;0;0;0;0;0;0;1;9;1;6;1;17;0;0;0;0;0;0;0;0;0;0;0;0;0;0;0;0;0;0;0;0;0;0;0;0;0;0;0;0;0;0;0;0;0;0;0;0
19.07.2024;03:30;A 41;1;0;0;0;0;0;0;0;0;0;0;1;1;0;0;1;29;0;0;0;0;0;0;0;0;0;0;0;0;0;0;0;0;0;0;0;0;0;0;0;0;0;0;0;0;0;0;0;0;0;0;0;0;0;0;0;0;0;0;0;0;0;0
19.07.2024;03:29;A 41;1;0;0;0;0;0;0;0;0;0;0;1;1;0;0;0;0;0;0;0;0;0;0;0;0;0;0;0;0;0;0;0;0;0;0;0;0;0;0;0;0;0;0;0;0;0;0;0;0;0;0;0;0;0;0;0;0;0;0;0;0;0;0
19.07.2024;03:28;A 41;1;0;0;0;0;0;0;0;0;0;0;0;0;0;0;0;0;1;0;0;0;0;0;0;0;0;0;0;0;0;0;0;0;0;0;0;0;0;0;0;0;0;0;0;0;0;0;0;0;0;0;0;0;0;0;0;0;0;0;0;0;0;0
19.07.2024;03:27;A 41;1;0;0;0;0;0;0;0;0;0;0;0;0;0;0;0;0;0;0;0;0;0;0;0;0;0;0;0;0;0;0;0;0;0;0;0;0;0;0;0;0;0;0;0;0;0;0;0;0;0;0;0;0;0;0;0;0;0;0;0;0;0;0
19.07.2024;03:26;A 41;1;0;0;0;0;0;0;0;0;0;0;0;0;0;0;0;0;0;0;0;0;0;0;0;0;0;0;0;0;0;0;0;0;0;0;0;0;0;0;0;0;0;0;0;0;0;0;0;0;0;0;0;0;0;0;0;0;0;0;0;0;0;0
19.07.2024;03:25;A 41;1;2;3;0;0;0;0;0;0;0;0;0;0;0;0;0;0;0;0;0;0;0;0;1;9;0;0;1;2;0;0;0;0;0;0;0;0;0;0;0;0;0;0;0;0;0;0;0;0;0;0;0;0;0;0;0;0;0;0;0;0;0;0
19.07.2024;03:24;A 41;1;0;0;0;0;0;0;0;0;0;0;1;3;1;1;0;0;0;0;0;0;0;0;0;0;0;0;0;0;0;0;0;0;0;0;0;0;0;0;0;0;0;0;0;0;0;0;0;0;0;0;0;0;0;0;0;0;0;0;0;0;0;0
19.07.2024;03:23;A 41;1;0;0;0;0;0;0;0;0;0;0;1;1;0;0;0;0;0;0;0;0;0;0;1;12;0;0;2;5;0;0;0;0;0;0;0;0;0;0;0;0;0;0;0;0;0;0;0;0;0;0;0;0;0;0;0;0;0;0;0;0;0;0
19.07.2024;03:22;A 41;1;0;0;0;0;0;0;0;0;0;0;0;0;0;0;0;0;0;0;0;0;0;0;0;0;0;0;0;0;0;0;0;0;0;0;0;0;0;0;0;0;0;0;0;0;0;0;0;0;0;0;0;0;0;0;0;0;0;0;0;0;0;0
19.07.2024;03:21;A 41;1;0;0;0;0;0;0;0;0;0;0;0;0;0;0;0;0;1;50;0;0;0;0;0;0;0;0;0;0;0;0;0;0;0;0;0;0;0;0;0;0;0;0;0;0;0;0;0;0;0;0;0;0;0;0;0;0;0;0;0;0;0;0
19.07.2024;03:20;A 41;1;0;0;1;1;0;0;0;0;0;0;0;0;0;0;0;0;0;0;0;0;0;0;0;0;0;0;0;0;0;0;0;0;0;0;0;0;0;0;0;0;0;0;0;0;0;0;0;0;0;0;0;0;0;0;0;0;0;0;0;0;0;0
19.07.2024;03:19;A 41;1;0;0;1;5;0;0;0;0;0;0;1;36;0;0;0;0;0;0;0;0;0;0;0;0;0;0;0;0;0;0;0;0;0;0;0;0;0;0;0;0;0;0;0;0;0;0;0;0;0;0;0;0;0;0;0;0;0;0;0;0;0;0
19.07.2024;03:18;A 41;1;0;0;0;0;0;0;0;0;0;0;0;0;0;0;0;0;0;0;0;0;1;10;0;0;1;1;0;0;0;0;0;0;0;0;0;0;0;0;0;0;0;0;0;0;0;0;0;0;0;0;0;0;0;0;0;0;0;0;0;0;0;0
19.07.2024;03:17;A 41;1;0;0;1;2;0;0;0;0;0;0;0;0;0;0;0;0;0;0;0;0;0;0;0;0;0;0;0;0;0;0;0;0;0;0;0;0;0;0;0;0;0;0;0;0;0;0;0;0;0;0;0;0;0;0;0;0;0;0;0;0;0;0
19.07.2024;03:16;A 41;1;0;0;0;0;0;0;0;0;0;0;0;0;0;0;0;0;1;1;0;0;0;0;0;0;0;0;0;0;0;0;0;0;0;0;0;0;0;0;0;0;0;0;0;0;0;0;0;0;0;0;0;0;0;0;0;0;0;0;0;0;0;0
19.07.2024;03:15;A 41;1;0;0;0;0;0;0;0;0;0;0;0;0;0;0;0;0;0;0;0;0;0;0;0;0;1;3;0;0;0;0;0;0;0;0;0;0;0;0;0;0;0;0;0;0;0;0;0;0;0;0;0;0;0;0;0;0;0;0;0;0;0;0
19.07.2024;03:14;A 41;1;0;0;1;2;1;2;0;0;0;0;0;0;0;0;0;0;0;0;0;0;1;10;0;0;0;0;0;0;0;0;0;0;0;0;0;0;0;0;0;0;0;0;0;0;0;0;0;0;0;0;0;0;0;0;0;0;0;0;0;0;0;0
19.07.2024;03:13;A 41;1;1;2;0;1;0;0;0;0;0;0;0;0;0;0;0;0;0;0;0;0;1;1;0;0;1;8;0;0;0;0;0;0;0;0;0;0;0;0;0;0;0;0;0;0;0;0;0;0;0;0;0;0;0;0;0;0;0;0;0;0;0;0
19.07.2024;03:12;A 41;1;0;0;1;2;0;0;0;0;0;0;0;0;1;1;0;0;0;0;0;0;1;1;1;16;0;0;1;3;0;0;0;0;0;0;0;0;0;0;0;0;0;0;0;0;0;0;0;0;0;0;0;0;0;0;0;0;0;0;0;0;0;0
19.07.2024;03:11;A 41;1;0;0;1;2;1;5;0;0;0;0;0;0;0;0;0;0;0;0;0;0;0;0;0;0;0;0;0;0;0;0;0;0;0;0;0;0;0;0;0;0;0;0;0;0;0;0;0;0;0;0;0;0;0;0;0;0;0;0;0;0;0;0
19.07.2024;03:10;A 41;1;2;7;0;0;0;0;0;0;0;0;0;0;0;0;0;0;0;0;0;0;0;0;0;0;0;0;0;0;0;0;0;0;0;0;0;0;0;0;0;0;0;0;0;0;0;0;0;0;0;0;0;0;0;0;0;0;0;0;0;0;0;0
19.07.2024;03:09;A 41;1;0;0;0;0;0;0;0;0;0;0;0;0;0;0;0;0;0;0;0;0;0;0;0;0;0;0;0;0;0;0;0;0;0;0;0;0;0;0;0;0;0;0;0;0;0;0;0;0;0;0;0;0;0;0;0;0;0;0;0;0;0;0
19.07.2024;03:08;A 41;1;0;0;0;0;0;0;0;0;0;0;0;8;0;0;0;0;0;0;0;0;2;4;1;2;0;0;1;5;0;0;0;0;0;0;0;0;0;0;0;0;0;0;0;0;0;0;0;0;0;0;0;0;0;0;0;0;0;0;0;0;0;0
19.07.2024;03:07;A 41;1;0;0;0;0;0;0;0;0;0;0;1;33;0;0;0;49;0;48;0;49;0;0;0;0;0;0;0;0;0;0;0;0;0;0;0;0;0;0;0;0;0;0;0;0;0;0;0;0;0;0;0;0;0;0;0;0;0;0;0;0;0;0
19.07.2024;03:06;A 41;1;0;0;0;0;0;0;0;0;0;0;0;0;0;0;1;21;1;19;1;1;0;0;0;0;0;0;0;0;0;0;0;0;0;0;0;0;0;0;0;0;0;0;0;0;0;0;0;0;0;0;0;0;0;0;0;0;0;0;0;0;0;0
19.07.2024;03:05;A 41;1;1;2;0;0;0;0;0;0;0;0;2;10;1;1;0;0;0;0;0;0;1;8;1;5;0;0;1;64;0;0;0;0;0;0;0;0;0;0;0;0;0;0;0;0;0;0;0;0;0;0;0;0;0;0;0;0;0;0;0;0;0;0
19.07.2024;03:04;A 41;1;0;0;2;4;1;4;0;0;0;0;2;3;0;0;0;1;0;1;0;0;0;0;0;0;0;0;0;0;0;0;0;0;0;0;0;0;0;0;0;0;0;0;0;0;0;0;0;0;0;0;0;0;0;0;0;0;0;0;0;0;0;0
19.07.2024;03:03;A 41;1;2;4;0;0;0;0;0;0;0;0;0;0;0;0;1;60;1;1;0;0;0;0;0;0;0;0;0;0;0;0;0;0;0;0;0;0;0;0;0;0;0;0;0;0;0;0;0;0;0;0;0;0;0;0;0;0;0;0;0;0;0;0
19.07.2024;03:02;A 41;1;0;0;0;0;0;0;0;0;0;0;0;0;0;0;0;0;0;0;0;0;0;0;0;0;0;0;0;0;0;0;0;0;0;0;0;0;0;0;0;0;0;0;0;0;0;0;0;0;0;0;0;0;0;0;0;0;0;0;0;0;0;0
19.07.2024;03:01;A 41;1;0;0;1;2;1;6;0;0;0;0;0;11;1;1;0;0;0;0;0;0;0;0;0;0;0;0;0;0;0;0;0;0;0;0;0;0;0;0;0;0;0;0;0;0;0;0;0;0;0;0;0;0;0;0;0;0;0;0;0;0;0;0
19.07.2024;03:00;A 41;1;0;0;0;0;0;0;0;0;0;0;1;32;0;0;0;0;0;0;0;0;0;0;1;12;0;0;2;10;0;0;0;0;0;0;0;0;0;0;0;0;0;0;0;0;0;0;0;0;0;0;0;0;0;0;0;0;0;0;0;0;0;0
19.07.2024;02:59;A 41;1;0;0;0;0;0;0;0;0;0;0;0;0;0;0;0;0;0;0;0;0;0;0;1;12;0;0;4;35;0;0;0;0;0;0;0;0;0;0;0;0;0;0;0;0;0;0;0;0;0;0;0;0;0;0;0;0;0;0;0;0;0;0
19.07.2024;02:58;A 41;1;0;0;1;3;0;0;0;0;0;0;0;0;0;0;0;17;0;16;0;0;0;0;0;0;0;0;0;0;0;0;0;0;0;0;0;0;0;0;0;0;0;0;0;0;0;0;0;0;0;0;0;0;0;0;0;0;0;0;0;0;0;0
19.07.2024;02:57;A 41;1;0;0;0;0;0;0;0;0;0;0;0;0;0;0;1;51;1;50;0;0;0;0;0;0;0;0;0;0;0;0;0;0;0;0;0;0;0;0;0;0;0;0;0;0;0;0;0;0;0;0;0;0;0;0;0;0;0;0;0;0;0;0
19.07.2024;02:56;A 41;1;0;0;0;0;1;5;0;0;0;0;1;37;0;0;0;0;0;0;0;0;1;8;0;0;0;0;0;0;0;0;0;0;0;0;0;0;0;0;0;0;0;0;0;0;0;0;0;0;0;0;0;0;0;0;0;0;0;0;0;0;0;0
19.07.2024;02:55;A 41;1;0;0;0;0;0;0;0;0;0;0;0;0;0;0;0;0;1;0;1;1;0;0;0;0;0;0;0;0;0;0;0;0;0;0;0;0;0;0;0;0;0;0;0;0;0;0;0;0;0;0;0;0;0;0;0;0;0;0;0;0;0;0
19.07.2024;02:54;A 41;1;0;0;1;2;1;3;0;0;0;0;0;0;2;1;0;0;0;0;0;0;2;20;2;21;0;0;1;1;0;0;0;0;0;0;0;0;0;0;0;0;0;0;0;0;0;0;0;0;0;0;0;0;0;0;0;0;0;0;0;0;0;0
19.07.2024;02:53;A 41;1;0;0;0;0;0;0;0;0;0;0;0;0;0;0;0;0;0;0;0;0;1;10;0;0;0;0;0;0;0;0;0;0;0;0;0;0;0;0;0;0;0;0;0;0;0;0;0;0;0;0;0;0;0;0;0;0;0;0;0;0;0;0
19.07.2024;02:52;A 41;1;0;0;0;0;0;0;0;0;0;0;1;7;0;0;0;0;0;0;0;0;0;0;0;0;0;0;0;0;0;0;0;0;0;0;0;0;0;0;0;0;0;0;0;0;0;0;0;0;0;0;0;0;0;0;0;0;0;0;0;0;0;0
19.07.2024;02:51;A 41;1;0;0;1;2;0;0;0;0;0;0;0;0;0;0;0;0;0;0;0;0;0;0;0;0;0;0;0;0;0;0;0;0;0;0;0;0;0;0;0;0;0;0;0;0;0;0;0;0;0;0;0;0;0;0;0;0;0;0;0;0;0;0
19.07.2024;02:50;A 41;1;0;0;0;0;0;0;0;0;0;0;0;0;0;0;0;0;0;0;0;0;0;0;0;0;0;0;0;0;0;0;0;0;0;0;0;0;0;0;0;0;0;0;0;0;0;0;0;0;0;0;0;0;0;0;0;0;0;0;0;0;0;0
19.07.2024;02:49;A 41;1;1;2;0;0;0;0;0;0;0;0;0;0;1;0;0;0;0;0;0;0;1;9;0;0;1;1;0;0;0;0;0;0;0;0;0;0;0;0;0;0;0;0;0;0;0;0;0;0;0;0;0;0;0;0;0;0;0;0;0;0;0;0
19.07.2024;02:48;A 41;1;0;0;0;0;0;0;0;0;0;0;0;0;0;0;0;0;0;0;0;0;0;0;0;0;0;0;0;0;0;0;0;0;0;0;0;0;0;0;0;0;0;0;0;0;0;0;0;0;0;0;0;0;0;0;0;0;0;0;0;0;0;0
19.07.2024;02:47;A 41;1;0;0;1;1;1;3;0;0;0;0;0;0;0;0;0;0;0;0;0;0;0;0;2;21;0;0;1;4;0;0;0;0;0;0;0;0;0;0;0;0;0;0;0;0;0;0;0;0;0;0;0;0;0;0;0;0;0;0;0;0;0;0
19.07.2024;02:46;A 41;1;1;3;0;0;0;0;0;0;0;0;1;1;0;0;0;0;0;0;0;0;0;0;0;0;0;0;0;0;0;0;0;0;0;0;0;0;0;0;0;0;0;0;0;0;0;0;0;0;0;0;0;0;0;0;0;0;0;0;0;0;0;0
19.07.2024;02:45;A 41;1;0;0;0;0;0;0;0;0;0;0;1;1;0;0;0;0;0;0;0;0;0;0;0;0;0;0;0;0;0;0;0;0;0;0;0;0;0;0;0;0;0;0;0;0;0;0;0;0;0;0;0;0;0;0;0;0;0;0;0;0;0;0
19.07.2024;02:44;A 41;1;0;0;0;0;0;0;0;0;0;0;0;0;0;0;0;0;0;0;0;0;1;9;0;2;1;68;0;0;0;0;0;0;0;0;0;0;0;0;0;0;0;0;0;0;0;0;0;0;0;0;0;0;0;0;0;0;0;0;0;0;0;0
19.07.2024;02:43;A 41;1;0;0;1;2;1;4;0;0;0;0;0;0;1;1;0;0;0;0;0;0;1;2;1;0;0;0;0;0;0;0;0;0;0;0;0;0;0;0;0;0;0;0;0;0;0;0;0;0;0;0;0;0;0;0;0;0;0;0;0;0;0;0
19.07.2024;02:42;A 41;1;1;1;1;3;1;3;0;0;0;0;2;23;0;0;0;0;0;0;0;0;0;0;0;0;0;0;0;0;0;0;0;0;0;0;0;0;0;0;0;0;0;0;0;0;0;0;0;0;0;0;0;0;0;0;0;0;0;0;0;0;0;0
19.07.2024;02:41;A 41;1;0;0;0;0;0;0;0;0;0;0;0;0;0;0;1;2;0;0;0;0;0;0;0;0;0;0;0;0;0;0;0;0;0;0;0;0;0;0;0;0;0;0;0;0;0;0;0;0;0;0;0;0;0;0;0;0;0;0;0;0;0;0
19.07.2024;02:40;A 41;1;1;2;0;0;0;0;0;0;0;0;0;0;0;0;0;0;1;17;0;0;0;0;0;0;0;0;0;0;0;0;0;0;0;0;0;0;0;0;0;0;0;0;0;0;0;0;0;0;0;0;0;0;0;0;0;0;0;0;0;0;0;0
19.07.2024;02:39;A 41;1;0;0;0;0;0;0;0;0;0;0;0;0;0;0;0;50;0;0;0;0;0;0;0;0;1;2;0;0;0;0;0;0;0;0;0;0;0;0;0;0;0;0;0;0;0;0;0;0;0;0;0;0;0;0;0;0;0;0;0;0;0;0
19.07.2024;02:38;A 41;1;0;0;0;0;0;0;0;0;0;0;0;0;1;1;2;27;0;0;0;0;0;0;0;0;0;0;0;0;0;0;0;0;0;0;0;0;0;0;0;0;0;0;0;0;0;0;0;0;0;0;0;0;0;0;0;0;0;0;0;0;0;0
19.07.2024;02:37;A 41;1;0;0;0;0;0;0;0;0;0;0;0;0;0;0;0;0;0;0;0;0;0;0;0;0;0;0;0;0;0;0;0;0;0;0;0;0;0;0;0;0;0;0;0;0;0;0;0;0;0;0;0;0;0;0;0;0;0;0;0;0;0;0
19.07.2024;02:36;A 41;1;0;0;0;0;0;0;0;0;0;0;0;59;0;0;1;1;1;2;0;0;0;0;0;0;0;0;0;0;0;0;0;0;0;0;0;0;0;0;0;0;0;0;0;0;0;0;0;0;0;0;0;0;0;0;0;0;0;0;0;0;0;0
19.07.2024;02:35;A 41;1;0;0;0;0;0;0;0;0;0;0;1;3;0;0;0;0;0;0;0;0;0;0;0;0;0;0;0;0;0;0;0;0;0;0;0;0;0;0;0;0;0;0;0;0;0;0;0;0;0;0;0;0;0;0;0;0;0;0;0;0;0;0
19.07.2024;02:34;A 41;1;0;0;0;0;0;0;0;0;0;0;0;0;0;0;0;0;0;0;0;0;0;0;0;0;0;0;0;0;0;0;0;0;0;0;0;0;0;0;0;0;0;0;0;0;0;0;0;0;0;0;0;0;0;0;0;0;0;0;0;0;0;0
19.07.2024;02:33;A 41;1;0;0;0;0;0;0;0;0;0;0;0;0;0;0;0;0;0;0;0;0;0;0;0;0;0;0;0;0;0;0;0;0;0;0;0;0;0;0;0;0;0;0;0;0;0;0;0;0;0;0;0;0;0;0;0;0;0;0;0;0;0;0
19.07.2024;02:32;A 41;1;0;0;0;0;0;0;0;0;0;0;0;0;1;1;0;0;0;0;0;0;0;0;0;0;0;0;0;0;0;0;0;0;0;0;0;0;0;0;0;0;0;0;0;0;0;0;0;0;0;0;0;0;0;0;0;0;0;0;0;0;0;0
19.07.2024;02:31;A 41;1;0;0;1;5;0;0;0;0;0;0;0;0;0;0;0;0;0;0;0;0;0;0;0;0;0;0;0;0;0;0;0;0;0;0;0;0;0;0;0;0;0;0;0;0;0;0;0;0;0;0;0;0;0;0;0;0;0;0;0;0;0;0
19.07.2024;02:30;A 41;1;0;0;0;0;0;0;0;0;0;0;1;5;0;0;0;0;0;0;0;0;0;0;0;0;0;0;0;0;0;0;0;0;0;0;0;0;0;0;0;0;0;0;0;0;0;0;0;0;0;0;0;0;0;0;0;0;0;0;0;0;0;0
19.07.2024;02:29;A 41;1;0;0;0;0;0;0;0;0;0;0;2;9;0;0;0;0;0;0;0;0;0;0;0;0;0;0;0;0;0;0;0;0;0;0;0;0;0;0;0;0;0;0;0;0;0;0;0;0;0;0;0;0;0;0;0;0;0;0;0;0;0;0
19.07.2024;02:28;A 41;1;0;0;0;0;0;0;0;0;0;0;0;0;0;0;0;0;0;0;0;0;0;0;0;0;0;0;0;0;0;0;0;0;0;0;0;0;0;0;0;0;0;0;0;0;0;0;0;0;0;0;0;0;0;0;0;0;0;0;0;0;0;0
19.07.2024;02:27;A 41;1;0;0;0;0;0;0;0;0;0;0;0;0;0;0;0;0;0;0;0;0;0;0;0;0;0;0;0;0;0;0;0;0;0;0;0;0;0;0;0;0;0;0;0;0;0;0;0;0;0;0;0;0;0;0;0;0;0;0;0;0;0;0
19.07.2024;02:26;A 41;1;0;0;0;0;0;0;0;0;0;0;1;1;0;0;0;0;0;0;0;0;0;0;0;13;0;0;2;13;0;0;0;0;0;0;0;0;0;0;0;0;0;0;0;0;0;0;0;0;0;0;0;0;0;0;0;0;0;0;0;0;0;0
19.07.2024;02:25;A 41;1;0;0;0;0;0;0;0;0;0;0;0;0;0;0;1;4;1;14;0;0;0;0;2;11;0;0;1;19;0;0;0;0;0;0;0;0;0;0;0;0;0;0;0;0;0;0;0;0;0;0;0;0;0;0;0;0;0;0;0;0;0;0
19.07.2024;02:24;A 41;1;2;4;0;0;0;0;0;0;0;0;0;0;0;0;0;0;0;31;0;0;0;0;0;0;0;0;0;0;0;0;0;0;0;0;0;0;0;0;0;0;0;0;0;0;0;0;0;0;0;0;0;0;0;0;0;0;0;0;0;0;0;0
19.07.2024;02:23;A 41;1;0;0;2;3;1;3;0;0;0;0;1;67;0;0;0;0;1;15;0;0;0;0;0;0;0;0;0;0;0;0;0;0;0;0;0;0;0;0;0;0;0;0;0;0;0;0;0;0;0;0;0;0;0;0;0;0;0;0;0;0;0;0
19.07.2024;02:22;A 41;1;0;0;0;0;0;0;0;0;0;0;0;0;0;0;0;0;0;0;0;0;0;0;0;0;0;0;0;0;0;0;0;0;0;0;0;0;0;0;0;0;0;0;0;0;0;0;0;0;0;0;0;0;0;0;0;0;0;0;0;0;0;0
19.07.2024;02:21;A 41;1;0;0;1;4;2;21;0;0;0;0;1;1;0;0;0;0;0;0;0;0;0;5;3;31;1;6;1;19;0;0;0;0;0;0;0;0;0;0;0;0;0;0;0;0;0;0;0;0;0;0;0;0;0;0;0;0;0;0;0;0;0;0
19.07.2024;02:20;A 41;1;0;0;1;0;0;0;0;0;0;0;0;0;0;0;0;0;0;0;0;0;1;5;0;0;0;0;0;0;0;0;0;0;0;0;0;0;0;0;0;0;0;0;0;0;0;0;0;0;0;0;0;0;0;0;0;0;0;0;0;0;0;0
19.07.2024;02:19;A 41;1;0;0;0;0;0;0;0;0;0;0;0;0;0;0;0;0;0;0;0;0;1;7;0;0;0;0;0;0;0;0;0;0;0;0;0;0;0;0;0;0;0;0;0;0;0;0;0;0;0;0;0;0;0;0;0;0;0;0;0;0;0;0
19.07.2024;02:18;A 41;1;0;0;0;0;0;0;0;0;0;0;0;0;0;0;0;0;0;0;0;0;0;0;0;0;0;0;0;0;0;0;0;0;0;0;0;0;0;0;0;0;0;0;0;0;0;0;0;0;0;0;0;0;0;0;0;0;0;0;0;0;0;0
19.07.2024;02:17;A 41;1;0;0;0;0;0;0;0;0;0;0;0;0;0;0;0;0;0;0;0;0;3;17;0;0;0;0;0;0;0;0;0;0;0;0;0;0;0;0;0;0;0;0;0;0;0;0;0;0;0;0;0;0;0;0;0;0;0;0;0;0;0;0
19.07.2024;02:16;A 41;1;0;0;0;0;0;0;0;0;0;0;0;0;0;0;0;0;0;0;0;0;0;0;0;0;0;0;0;0;0;0;0;0;0;0;0;0;0;0;0;0;0;0;0;0;0;0;0;0;0;0;0;0;0;0;0;0;0;0;0;0;0;0
19.07.2024;02:15;A 41;1;0;0;0;0;0;0;0;0;0;0;1;44;1;0;0;0;0;0;0;0;1;8;0;0;1;20;0;0;0;0;0;0;0;0;0;0;0;0;0;0;0;0;0;0;0;0;0;0;0;0;0;0;0;0;0;0;0;0;0;0;0;0
19.07.2024;02:14;A 41;1;0;0;0;0;0;0;0;0;0;0;1;1;0;0;0;0;0;0;0;0;0;0;0;0;0;0;0;0;0;0;0;0;0;0;0;0;0;0;0;0;0;0;0;0;0;0;0;0;0;0;0;0;0;0;0;0;0;0;0;0;0;0
19.07.2024;02:13;A 41;1;0;0;0;0;0;0;0;0;0;0;0;0;0;0;1;21;1;17;0;0;0;0;0;0;0;0;0;0;0;0;0;0;0;0;0;0;0;0;0;0;0;0;0;0;0;0;0;0;0;0;0;0;0;0;0;0;0;0;0;0;0;0
19.07.2024;02:12;A 41;1;0;0;0;0;1;2;0;0;0;0;0;11;1;1;0;0;0;0;0;0;0;0;0;0;0;0;0;0;0;0;0;0;0;0;0;0;0;0;0;0;0;0;0;0;0;0;0;0;0;0;0;0;0;0;0;0;0;0;0;0;0;0
19.07.2024;02:11;A 41;1;0;0;0;0;0;0;0;0;0;0;1;18;0;0;0;0;0;0;0;0;0;0;0;0;0;0;0;0;0;0;0;0;0;0;0;0;0;0;0;0;0;0;0;0;0;0;0;0;0;0;0;0;0;0;0;0;0;0;0;0;0;0
19.07.2024;02:10;A 41;1;0;0;0;0;0;0;0;0;0;0;0;0;0;0;1;0;1;1;0;0;0;0;0;0;0;0;0;0;0;0;0;0;0;0;0;0;0;0;0;0;0;0;0;0;0;0;0;0;0;0;0;0;0;0;0;0;0;0;0;0;0;0
19.07.2024;02:09;A 41;1;0;0;0;0;0;0;0;0;0;0;0;0;0;0;0;0;0;0;0;0;0;0;0;0;0;0;0;0;0;0;0;0;0;0;0;0;0;0;0;0;0;0;0;0;0;0;0;0;0;0;0;0;0;0;0;0;0;0;0;0;0;0
19.07.2024;02:08;A 41;1;0;0;0;0;0;0;0;0;0;0;0;0;1;3;0;0;0;0;0;0;0;0;0;0;0;0;0;0;0;0;0;0;0;0;0;0;0;0;0;0;0;0;0;0;0;0;0;0;0;0;0;0;0;0;0;0;0;0;0;0;0;0
19.07.2024;02:07;A 41;1;0;0;0;0;0;0;0;0;0;0;0;0;0;0;0;0;0;0;0;0;1;11;0;0;0;0;0;0;0;0;0;0;0;0;0;0;0;0;0;0;0;0;0;0;0;0;0;0;0;0;0;0;0;0;0;0;0;0;0;0;0;0
19.07.2024;02:06;A 41;1;0;0;0;0;0;0;0;0;0;0;1;26;0;0;0;0;1;38;0;0;1;6;0;0;3;17;0;0;0;0;0;0;0;0;0;0;0;0;0;0;0;0;0;0;0;0;0;0;0;0;0;0;0;0;0;0;0;0;0;0;0;0
19.07.2024;02:05;A 41;1;2;68;0;0;0;0;0;0;0;0;1;10;0;0;0;0;0;0;0;0;2;12;0;0;1;2;0;0;0;0;0;0;0;0;0;0;0;0;0;0;0;0;0;0;0;0;0;0;0;0;0;0;0;0;0;0;0;0;0;0;0;0
19.07.2024;02:04;A 41;1;0;0;1;2;1;2;0;0;0;0;0;0;1;1;0;0;0;0;0;0;0;0;0;0;0;0;0;0;0;0;0;0;0;0;0;0;0;0;0;0;0;0;0;0;0;0;0;0;0;0;0;0;0;0;0;0;0;0;0;0;0;0
19.07.2024;02:03;A 41;1;2;5;0;0;0;0;0;0;0;0;0;0;0;0;0;0;0;33;0;0;0;0;0;0;0;0;0;0;0;0;0;0;0;0;0;0;0;0;0;0;0;0;0;0;0;0;0;0;0;0;0;0;0;0;0;0;0;0;0;0;0;0
19.07.2024;02:02;A 41;1;0;0;0;0;0;0;0;0;0;0;0;0;0;0;0;0;1;29;0;0;0;0;0;0;0;0;0;0;0;0;0;0;0;0;0;0;0;0;0;0;0;0;0;0;0;0;0;0;0;0;0;0;0;0;0;0;0;0;0;0;0;0
19.07.2024;02:01;A 41;1;0;0;0;0;0;0;0;0;0;0;0;0;1;1;1;3;0;0;0;0;0;0;0;0;0;0;0;0;0;0;0;0;0;0;0;0;0;0;0;0;0;0;0;0;0;0;0;0;0;0;0;0;0;0;0;0;0;0;0;0;0;0
19.07.2024;02:00;A 41;1;0;0;0;0;0;0;0;0;0;0;0;0;0;0;1;64;2;62;1;1;0;0;0;0;0;0;0;0;0;0;0;0;0;0;0;0;0;0;0;0;0;0;0;0;0;0;0;0;0;0;0;0;0;0;0;0;0;0;0;0;0;0
